time, trialNum, realDorsalTactorPos, realVentralTactorPos, boxPosX, boxPosY, boxPosZ, boxLocalRot_11, boxLocalRot_12, boxLocalRot_13, boxLocalRot_21, boxLocalRot_22, boxLocalRot_23, boxLocalRot_31, boxLocalRot_32, boxLocalRot_33, boxGlobalRot_11, boxGlobalRot_12, boxGlobalRot_13, boxGlobalRot_21, boxGlobalRot_22, boxGlobalRot_23, boxGlobalRot_31, boxGlobalRot_32, boxGlobalRot_33, indexForceX, indexForceY, indexForceZ, indexForceGlobalX, indexForceGlobalY, indexForceGlobalZ, indexContact, indexPosX, indexPosY, indexPosZ, indexRot_11, indexRot_12, indexRot_13, indexRot_21, indexRot_22, indexRot_23, indexRot_31, indexRot_32, indexRot_33, thumbForceX, thumbForceY, thumbForceZ, thumbForceGlobalX, thumbForceGlobalY, thumbForceGlobalZ, thumbContact, thumbPosX, thumbPosY, thumbPosZ, thumbRot_11, thumbRot_12, thumbRot_13, thumbRot_21, thumbRot_22, thumbRot_23, thumbRot_31, thumbRot_32, thumbRot_33, manipForceTooHigh, cceExpType, mapping, trialSuccess, 
276.704692, 30, 0.1, 0.1, 0.0147313898, 0.371142755, -0.0349349207, 0.929320658, 6.09031972e-006, 0.369273765, 0.369273765, 9.04473424e-006, -0.929320658, -8.999843e-006, 1, 6.15646308e-006, 0.929320627, -3.88812317e-006, 0.369273845, 0.369273845, -1.7511224e-005, -0.929320627, 1.00797501e-005, 1, -1.48377595e-005, 0, 0, 0, 0, 0, 0, 0, 0.323218506, -0.135491577, -0.27910127, -0.131004575, 0.519989127, -0.843945964, -0.930175781, 0.229614258, 0.286010742, 0.342582483, 0.822705548, 0.453771019, 0, 0, -0, 0, 0, 0, 0, 0.401672803, -0.0938792969, -0.224969336, 0.420420259, 0.287422272, -0.860543722, 0.318969727, -0.934692383, -0.15637207, -0.849256236, -0.208648015, -0.484696374, 0, 1, 5, 1, 
276.734788, 30, 0.1, 0.1, 0.0147313014, 0.371142765, -0.0349690502, 0.929322611, -3.38124461e-006, 0.369268851, 0.369268851, -1.04463124e-005, -0.929322611, 6.99976484e-006, 1, -8.459406e-006, 0.929322607, -5.51006524e-006, 0.369268861, 0.369268861, 1.04189593e-006, -0.929322607, 4.73588847e-006, 1, 3.00295295e-006, 0, 0, 0, 0, 0, 0, 0, 0.326493774, -0.142307153, -0.277982886, -0.130067366, 0.512483989, -0.848695643, -0.931884766, 0.228881836, 0.28112793, 0.33835551, 0.827602003, 0.447972922, 0, 0, -0, 0, 0, 0, 0, 0.405344287, -0.0987490723, -0.223971289, 0.420593433, 0.282576768, -0.862045384, 0.329833984, -0.932739258, -0.144897461, -0.845064782, -0.22327271, -0.485590661, 0, 1, 5, 1, 
276.735482, 30, 0.1, 0.1, 0.014731298, 0.371142766, -0.0349661617, 0.929322582, -9.31368833e-006, 0.369268924, 0.369268924, 1.08659183e-005, -0.929322582, 4.64297492e-006, 1, 1.35371989e-005, 0.929322596, 1.40310335e-006, 0.369268889, 0.369268889, 8.64123762e-006, -0.929322596, -4.49487587e-006, 1, 7.51237496e-006, 0, 0, 0, 0, 0, 0, 0, 0.326493774, -0.142307153, -0.277982886, -0.130067366, 0.512483989, -0.848695643, -0.931884766, 0.228881836, 0.28112793, 0.33835551, 0.827602003, 0.447972922, 0, 0, -0, 0, 0, 0, 0, 0.405344287, -0.0987490723, -0.223971289, 0.420593433, 0.282576768, -0.862045384, 0.329833984, -0.932739258, -0.144897461, -0.845064782, -0.22327271, -0.485590661, 0, 1, 5, 1, 
276.736212, 30, 0.1, 0.1, 0.0147312945, 0.371142767, -0.0349640302, 0.929322501, 9.41537063e-006, 0.369269128, 0.369269128, -1.00044838e-005, -0.929322501, -5.05556878e-006, 1, -1.27741976e-005, 0.929322515, 1.29620241e-005, 0.369269093, 0.369269093, -9.57224686e-006, -0.929322515, -8.51116593e-006, 1, -1.36821794e-005, 0, 0, 0, 0, 0, 0, 0, 0.326907788, -0.142727881, -0.278187207, -0.130664212, 0.512985355, -0.848359028, -0.932006836, 0.227905273, 0.28137207, 0.33770849, 0.827646186, 0.448537567, 0, 0, -0, 0, 0, 0, 0, 0.405792725, -0.099199707, -0.223966406, 0.420395472, 0.28315789, -0.861898463, 0.331787109, -0.932128906, -0.14440918, -0.844349132, -0.225298258, -0.485820705, 0, 1, 5, 1, 
276.736912, 30, 0.1, 0.1, 0.0147312931, 0.371142765, -0.0349637079, 0.929322484, 5.82820741e-006, 0.369269172, 0.369269172, 1.01770372e-005, -0.929322484, -9.17435029e-006, 1, 7.30557219e-006, 0.929322479, 4.90958453e-007, 0.369269183, 0.369269183, 1.55995657e-005, -0.929322479, -6.21669761e-006, 1, 1.43157313e-005, 0, 0, 0, 0, 0, 0, 0, 0.326907788, -0.142727881, -0.278187207, -0.130664212, 0.512985355, -0.848359028, -0.932006836, 0.227905273, 0.28137207, 0.33770849, 0.827646186, 0.448537567, 0, 0, -0, 0, 0, 0, 0, 0.405792725, -0.099199707, -0.223966406, 0.420395472, 0.28315789, -0.861898463, 0.331787109, -0.932128906, -0.14440918, -0.844349132, -0.225298258, -0.485820705, 0, 1, 5, 1, 
276.737602, 30, 0.1, 0.1, 0.0147312903, 0.371142767, -0.0349651382, 0.92932255, 1.27817553e-006, 0.369269005, 0.369269005, 9.44109086e-006, -0.92932255, -4.67413957e-006, 1, 8.30182803e-006, 0.929322534, -2.51453151e-006, 0.369269046, 0.369269046, -5.76311982e-006, -0.929322534, 4.46495255e-006, 1, -4.42725847e-006, 0, 0, 0, 0, 0, 0, 0, 0.326907788, -0.142727881, -0.278187207, -0.130664212, 0.512985355, -0.848359028, -0.932006836, 0.227905273, 0.28137207, 0.33770849, 0.827646186, 0.448537567, 0, 0, -0, 0, 0, 0, 0, 0.405792725, -0.099199707, -0.223966406, 0.420395472, 0.28315789, -0.861898463, 0.331787109, -0.932128906, -0.14440918, -0.844349132, -0.225298258, -0.485820705, 0, 1, 5, 1, 
276.73831, 30, 0.1, 0.1, 0.0147312885, 0.371142766, -0.0349677436, 0.9293226, 5.45950474e-007, 0.369268878, 0.369268878, -1.06506759e-005, -0.9293226, 3.42559902e-006, 1, -1.00995163e-005, 0.929322597, -4.68600347e-006, 0.369268886, 0.369268886, -6.29500078e-006, -0.929322597, 6.67935684e-006, 1, -4.1196912e-006, 0, 0, 0, 0, 0, 0, 0, 0.326907788, -0.142727881, -0.278187207, -0.130664212, 0.512985355, -0.848359028, -0.932006836, 0.227905273, 0.28137207, 0.33770849, 0.827646186, 0.448537567, 0, 0, -0, 0, 0, 0, 0, 0.405792725, -0.099199707, -0.223966406, 0.420395472, 0.28315789, -0.861898463, 0.331787109, -0.932128906, -0.14440918, -0.844349132, -0.225298258, -0.485820705, 0, 1, 5, 1, 
276.739012, 30, 0.1, 0.1, 0.0147312858, 0.371142765, -0.0349706453, 0.929322567, -9.23134832e-006, 0.369268961, 0.369268961, 8.3027207e-006, -0.929322567, 5.51296328e-006, 1, 1.11247561e-005, 0.929322579, -7.1717992e-006, 0.369268932, 0.369268932, 9.85075801e-006, -0.929322579, 3.02733604e-006, 1, 1.18028545e-005, 0, 0, 0, 0, 0, 0, 0, 0.326907788, -0.142727881, -0.278187207, -0.130664212, 0.512985355, -0.848359028, -0.932006836, 0.227905273, 0.28137207, 0.33770849, 0.827646186, 0.448537567, 0, 0, -0, 0, 0, 0, 0, 0.405792725, -0.099199707, -0.223966406, 0.420395472, 0.28315789, -0.861898463, 0.331787109, -0.932128906, -0.14440918, -0.844349132, -0.225298258, -0.485820705, 0, 1, 5, 1, 
276.73971, 30, 0.1, 0.1, 0.014731282, 0.371142767, -0.0349730071, 0.929322509, -1.77588626e-007, 0.369269109, 0.369269109, -6.62690386e-006, -0.929322509, 2.61214799e-006, 1, -6.09295292e-006, 0.929322518, 8.23110096e-006, 0.369269085, 0.369269085, -8.57225178e-006, -0.929322518, -4.4838799e-006, 1, -1.10058777e-005, 0, 0, 0, 0, 0, 0, 0, 0.326907788, -0.142727881, -0.278187207, -0.130664212, 0.512985355, -0.848359028, -0.932006836, 0.227905273, 0.28137207, 0.33770849, 0.827646186, 0.448537567, 0, 0, -0, 0, 0, 0, 0, 0.405792725, -0.099199707, -0.223966406, 0.420395472, 0.28315789, -0.861898463, 0.331787109, -0.932128906, -0.14440918, -0.844349132, -0.225298258, -0.485820705, 0, 1, 5, 1, 
276.740411, 30, 0.1, 0.1, 0.0147312795, 0.371142766, -0.0349741392, 0.929322509, 6.70065763e-006, 0.369269108, 0.369269108, -4.53946622e-006, -0.929322509, -4.55078732e-006, 1, -6.692974e-006, 0.929322504, 5.58021955e-006, 0.369269121, 0.369269121, 5.18913461e-006, -0.929322504, -7.10201078e-006, 1, 2.7617768e-006, 0, 0, 0, 0, 0, 0, 0, 0.326907788, -0.142727881, -0.278187207, -0.130664212, 0.512985355, -0.848359028, -0.932006836, 0.227905273, 0.28137207, 0.33770849, 0.827646186, 0.448537567, 0, 0, -0, 0, 0, 0, 0, 0.405792725, -0.099199707, -0.223966406, 0.420395472, 0.28315789, -0.861898463, 0.331787109, -0.932128906, -0.14440918, -0.844349132, -0.225298258, -0.485820705, 0, 1, 5, 1, 
276.741139, 30, 0.1, 0.1, 0.0147312766, 0.371142767, -0.0349735323, 0.929322566, 2.74876152e-006, 0.369268965, 0.369268965, 1.13140477e-005, -0.929322566, -6.73241279e-006, 1, 9.49936752e-006, 0.929322555, 2.4911869e-006, 0.369268992, 0.369268992, 6.19463119e-006, -0.929322555, -4.60260139e-006, 1, 4.83689241e-006, 0, 0, 0, 0, 0, 0, 0, 0.327073413, -0.14290498, -0.278595117, -0.131787511, 0.513911702, -0.847641615, -0.931884766, 0.227050781, 0.282592773, 0.337639219, 0.827252284, 0.449165491, 0, 0, -0, 0, 0, 0, 0, 0.405891455, -0.0991672363, -0.224207471, 0.418574448, 0.284199098, -0.862498907, 0.333740234, -0.931396484, -0.144897461, -0.84454053, -0.227029963, -0.48477913, 0, 1, 5, 1, 
276.74184, 30, 0.1, 0.1, 0.014731274, 0.371142768, -0.0349716934, 0.929322589, 8.6674723e-006, 0.369268906, 0.369268906, -7.2806438e-006, -0.929322589, -5.36636243e-006, 1, -9.96669476e-006, 0.92932259, 1.77438554e-006, 0.369268903, 0.369268903, -1.09304705e-005, -0.92932259, 2.38730628e-006, 1, -1.08131585e-005, 0, 0, 0, 0, 0, 0, 0, 0.327073413, -0.14290498, -0.278595117, -0.131787511, 0.513911702, -0.847641615, -0.931884766, 0.227050781, 0.282592773, 0.337639219, 0.827252284, 0.449165491, 0, 0, -0, 0, 0, 0, 0, 0.405891455, -0.0991672363, -0.224207471, 0.418574448, 0.284199098, -0.862498907, 0.333740234, -0.931396484, -0.144897461, -0.84454053, -0.227029963, -0.48477913, 0, 1, 5, 1, 
276.742538, 30, 0.1, 0.1, 0.0147312725, 0.371142767, -0.0349693233, 0.929322541, -5.0935025e-006, 0.369269028, 0.369269028, 3.41776312e-006, -0.929322541, 3.47143261e-006, 1, 5.05707703e-006, 0.929322554, -1.00985225e-005, 0.369268994, 0.369268995, 8.2395391e-006, -0.929322554, 6.34217841e-006, 1, 1.13862608e-005, 0, 0, 0, 0, 0, 0, 0, 0.327073413, -0.14290498, -0.278595117, -0.131787511, 0.513911702, -0.847641615, -0.931884766, 0.227050781, 0.282592773, 0.337639219, 0.827252284, 0.449165491, 0, 0, -0, 0, 0, 0, 0, 0.405891455, -0.0991672363, -0.224207471, 0.418574448, 0.284199098, -0.862498907, 0.333740234, -0.931396484, -0.144897461, -0.84454053, -0.227029963, -0.48477913, 0, 1, 5, 1, 
276.743253, 30, 0.1, 0.1, 0.0147312692, 0.371142769, -0.0349670575, 0.929322486, -9.84491649e-006, 0.369269165, 0.369269165, 4.68991606e-006, -0.929322486, 7.41726089e-006, 1, 7.99386855e-006, 0.929322491, -2.35048502e-006, 0.369269153, 0.369269153, -6.58036065e-006, -0.929322491, 4.6142828e-006, 1, -5.24731554e-006, 0, 0, 0, 0, 0, 0, 0, 0.327073413, -0.14290498, -0.278595117, -0.132790242, 0.514736578, -0.846943297, -0.931762695, 0.226196289, 0.283569336, 0.337550852, 0.826998044, 0.449672848, 0, 0, -0, 0, 0, 0, 0, 0.405891455, -0.0991672363, -0.224207471, 0.418574448, 0.284199098, -0.862498907, 0.333740234, -0.931396484, -0.144897461, -0.84454053, -0.227029963, -0.48477913, 0, 1, 5, 1, 
276.743971, 30, 0.1, 0.1, 0.0147312665, 0.371142768, -0.0349653487, 0.929322518, 3.68338279e-007, 0.369269086, 0.369269086, -1.43092768e-005, -0.929322518, 4.94166849e-006, 1, -1.3433949e-005, 0.929322503, 7.07717227e-006, 0.369269122, 0.369269122, -5.24666581e-006, -0.929322503, -4.63954377e-006, 1, -7.48922579e-006, 0, 0, 0, 0, 0, 0, 0, 0.327021899, -0.143310083, -0.278781128, -0.132790242, 0.514736578, -0.846943297, -0.931762695, 0.226196289, 0.283569336, 0.337550852, 0.826998044, 0.449672848, 0, 0, -0, 0, 0, 0, 0, 0.405510254, -0.0996173828, -0.224899658, 0.416453018, 0.284409819, -0.863431474, 0.334228516, -0.931152344, -0.145507812, -0.845377215, -0.227867014, -0.482913263, 0, 1, 5, 1, 
276.744665, 30, 0.1, 0.1, 0.0147312646, 0.371142767, -0.0349649864, 0.929322598, -1.54707191e-006, 0.369268885, 0.369268885, 1.33815557e-005, -0.929322598, -3.50366327e-006, 1, 1.30070676e-005, 0.929322584, 1.46561251e-006, 0.369268921, 0.369268921, 1.50649365e-005, -0.929322583, -6.92503965e-006, 1, 1.34589806e-005, 0, 0, 0, 0, 0, 0, 0, 0.327021899, -0.143310083, -0.278781128, -0.132790242, 0.514736578, -0.846943297, -0.931762695, 0.226196289, 0.283569336, 0.337550852, 0.826998044, 0.449672848, 0, 0, -0, 0, 0, 0, 0, 0.405510254, -0.0996173828, -0.224899658, 0.416453018, 0.284409819, -0.863431474, 0.334228516, -0.931152344, -0.145507812, -0.845377215, -0.227867014, -0.482913263, 0, 1, 5, 1, 
276.745367, 30, 0.1, 0.1, 0.0147312622, 0.37114277, -0.0349659406, 0.929322619, 8.50810016e-006, 0.369268831, 0.369268831, -2.72130489e-006, -0.929322619, -6.90187685e-006, 1, -5.67074638e-006, 0.929322623, 8.08198685e-006, 0.369268822, 0.369268822, -1.01478424e-005, -0.929322623, -3.7634914e-006, 1, -1.24150453e-005, 0, 0, 0, 0, 0, 0, 0, 0.327021899, -0.143310083, -0.278781128, -0.132790242, 0.514736578, -0.846943297, -0.931762695, 0.226196289, 0.283569336, 0.337550852, 0.826998044, 0.449672848, 0, 0, -0, 0, 0, 0, 0, 0.405510254, -0.0996173828, -0.224899658, 0.416453018, 0.284409819, -0.863431474, 0.334228516, -0.931152344, -0.145507812, -0.845377215, -0.227867014, -0.482913263, 0, 1, 5, 1, 
276.74607, 30, 0.1, 0.1, 0.0147312615, 0.371142768, -0.0349678666, 0.929322559, 5.79171662e-006, 0.369268982, 0.369268982, -4.16568791e-006, -0.929322559, -3.84411358e-006, 1, -6.00996905e-006, 0.929322573, -6.51772413e-006, 0.369268946, 0.369268946, 3.63114173e-006, -0.929322573, 4.71620028e-006, 1, 5.7812951e-006, 0, 0, 0, 0, 0, 0, 0, 0.327021899, -0.143310083, -0.278781128, -0.132790242, 0.514736578, -0.846943297, -0.931762695, 0.226196289, 0.283569336, 0.337550852, 0.826998044, 0.449672848, 0, 0, -0, 0, 0, 0, 0, 0.405510254, -0.0996173828, -0.224899658, 0.416453018, 0.284409819, -0.863431474, 0.334228516, -0.931152344, -0.145507812, -0.845377215, -0.227867014, -0.482913263, 0, 1, 5, 1, 
276.746819, 30, 0.1, 0.1, 0.014731259, 0.371142769, -0.0349701355, 0.929322516, -6.17783018e-006, 0.369269091, 0.369269091, 9.92321212e-006, -0.929322516, 2.07686117e-006, 1, 1.15031462e-005, 0.929322518, -7.39862697e-006, 0.369269086, 0.369269086, 2.2250969e-006, -0.929322518, 6.05405115e-006, 1, 4.79991687e-006, 0, 0, 0, 0, 0, 0, 0, 0.327021899, -0.143310083, -0.278781128, -0.132790242, 0.514736578, -0.846943297, -0.931762695, 0.226196289, 0.283569336, 0.337550852, 0.826998044, 0.449672848, 0, 0, -0, 0, 0, 0, 0, 0.405510254, -0.0996173828, -0.224899658, 0.416453018, 0.284409819, -0.863431474, 0.334228516, -0.931152344, -0.145507812, -0.845377215, -0.227867014, -0.482913263, 0, 1, 5, 1, 
276.747938, 30, 0.1, 0.1, 0.0147312518, 0.371142773, -0.0349672559, 0.929322612, -2.53376732e-006, 0.369268849, 0.369268849, -2.04879326e-005, -0.929322612, 9.92024255e-006, 1, -1.81042577e-005, 0.929322579, 2.89356969e-006, 0.369268931, 0.369268931, -2.21432384e-005, -0.929322579, 5.48775031e-006, 1, -2.16467168e-005, 0, 0, 0, 0, 0, 0, 0, 0.327021899, -0.143310083, -0.278781128, -0.132790242, 0.514736578, -0.846943297, -0.931762695, 0.226196289, 0.283569336, 0.337550852, 0.826998044, 0.449672848, 0, 0, -0, 0, 0, 0, 0, 0.405510254, -0.0996173828, -0.224899658, 0.416453018, 0.284409819, -0.863431474, 0.334228516, -0.931152344, -0.145507812, -0.845377215, -0.227867014, -0.482913263, 0, 1, 5, 1, 
276.74912, 30, 0.1, 0.1, 0.0147312499, 0.371142763, -0.0349562299, 0.929322791, -1.54814887e-005, 0.369268397, 0.369268397, 5.9389826e-006, -0.929322791, 1.21942217e-005, 1, 1.12360564e-005, 0.929322762, -2.9121128e-006, 0.369268471, 0.369268471, 2.89568733e-005, -0.929322762, -7.98656762e-006, 1, 2.79856329e-005, 0, 0, 0, 0, 0, 0, 0, 0.327396729, -0.142784253, -0.278938818, -0.134079414, 0.516303955, -0.845774693, -0.932373047, 0.223388672, 0.284179688, 0.335653974, 0.826749796, 0.451588823, 0, 0, -0, 0, 0, 0, 0, 0.405342529, -0.0991086426, -0.225357129, 0.414037746, 0.285962153, -0.864082958, 0.336303711, -0.930175781, -0.146728516, -0.845753813, -0.229790483, -0.481386081, 0, 1, 5, 1, 
276.750252, 30, 0.1, 0.1, 0.0147312419, 0.371142768, -0.0349439593, 0.929322704, 4.49504035e-007, 0.369268619, 0.369268618, 3.10299475e-005, -0.929322703, -1.18761202e-005, 1, 2.8670847e-005, 0.929322747, 2.27333575e-005, 0.36926851, 0.36926851, 3.34682151e-006, -0.929322747, -2.2362502e-005, 1, -5.28443569e-006, 0, 0, 0, 0, 0, 0, 0, 0.327396729, -0.142784253, -0.278938818, -0.134079414, 0.516303955, -0.845774693, -0.932373047, 0.223388672, 0.284179688, 0.335653974, 0.826749796, 0.451588823, 0, 0, -0, 0, 0, 0, 0, 0.405342529, -0.0991086426, -0.225357129, 0.414037746, 0.285962153, -0.864082958, 0.336303711, -0.930175781, -0.146728516, -0.845753813, -0.229790483, -0.481386081, 0, 1, 5, 1, 
276.751386, 30, 0.1, 0.1, 0.0147312417, 0.371142765, -0.0349361813, 0.929322328, 3.62801584e-005, 0.369269563, 0.369269564, -3.00807881e-005, -0.929322327, -2.26080417e-005, 0.999999999, -4.13519063e-005, 0.929322402, 2.17958163e-005, 0.369269377, 0.369269377, -1.54992376e-005, -0.929322402, -1.45319466e-005, 1, -2.24523162e-005, 0, 0, 0, 0, 0, 0, 0, 0.327396729, -0.142784253, -0.278938818, -0.134079414, 0.516303955, -0.845774693, -0.932373047, 0.223388672, 0.284179688, 0.335653974, 0.826749796, 0.451588823, 0, 0, -0, 0, 0, 0, 0, 0.405342529, -0.0991086426, -0.225357129, 0.414037746, 0.285962153, -0.864082958, 0.336303711, -0.930175781, -0.146728516, -0.845753813, -0.229790483, -0.481386081, 0, 1, 5, 1, 
276.752499, 30, 0.1, 0.1, 0.0147312425, 0.371142763, -0.0349359132, 0.929322154, 1.17214853e-006, 0.369270002, 0.369270002, 3.95978865e-005, -0.929322153, -1.57116152e-005, 0.999999999, 3.63663539e-005, 0.929322153, -2.52729415e-005, 0.369270004, 0.369270005, 3.10399635e-005, -0.929322152, 1.2024577e-005, 0.999999999, 3.81786649e-005, 0, 0, 0, 0, 0, 0, 0, 0.327396729, -0.142784253, -0.278938818, -0.134079414, 0.516303955, -0.845774693, -0.932373047, 0.223388672, 0.284179688, 0.335653974, 0.826749796, 0.451588823, 0, 0, -0, 0, 0, 0, 0, 0.405342529, -0.0991086426, -0.225357129, 0.414037746, 0.285962153, -0.864082958, 0.336303711, -0.930175781, -0.146728516, -0.845753813, -0.229790483, -0.481386081, 0, 1, 5, 1, 
276.753665, 30, 0.1, 0.1, 0.0147312359, 0.371142773, -0.0349427004, 0.929322405, -4.4600102e-006, 0.369269371, 0.369269371, -1.74915431e-005, -0.929322404, 1.06038785e-005, 1, -1.46083378e-005, 0.929322331, -5.17132728e-006, 0.369269556, 0.369269556, -3.99391186e-005, -0.92932233, 1.95541305e-005, 0.999999999, -3.52067011e-005, 0, 0, 0, 0, 0, 0, 0, 0.328052539, -0.14230188, -0.278692017, -0.134176016, 0.516983176, -0.845405878, -0.933349609, 0.220458984, 0.282958984, 0.332703068, 0.827136586, 0.453137103, 0, 0, -0, 0, 0, 0, 0, 0.405342529, -0.0991086426, -0.225357129, 0.413354179, 0.286824358, -0.864082958, 0.338745117, -0.929321289, -0.146362305, -0.845089202, -0.232154716, -0.481386081, 0, 1, 5, 1, 
276.754794, 30, 0.1, 0.1, 0.0147312344, 0.371142762, -0.0349517745, 0.929322683, -8.64523571e-006, 0.369268671, 0.369268671, -1.37037073e-005, -0.929322683, 1.30945634e-005, 1, -9.54275137e-006, 0.92932265, -1.39533869e-005, 0.369268753, 0.369268753, 1.68302326e-005, -0.92932265, 6.75231945e-006, 1, 2.07932662e-005, 0, 0, 0, 0, 0, 0, 0, 0.328052539, -0.14230188, -0.278692017, -0.134176016, 0.516983176, -0.845405878, -0.933349609, 0.220458984, 0.282958984, 0.332703068, 0.827136586, 0.453137103, 0, 0, -0, 0, 0, 0, 0, 0.405534521, -0.0988780762, -0.225133887, 0.413354179, 0.286824358, -0.864082958, 0.338745117, -0.929321289, -0.146362305, -0.845089202, -0.232154716, -0.481386081, 0, 1, 5, 1, 
276.755959, 30, 0.1, 0.1, 0.0147312267, 0.371142763, -0.0349592048, 0.929322643, -1.46685993e-005, 0.369268771, 0.369268771, 2.11164186e-005, -0.929322643, 5.83422749e-006, 1, 2.50406216e-005, 0.929322682, 8.45382786e-006, 0.369268674, 0.369268674, 1.72285776e-005, -0.929322681, -1.4218308e-005, 1, 1.28891741e-005, 0, 0, 0, 0, 0, 0, 0, 0.328052539, -0.14230188, -0.278692017, -0.134050578, 0.517300695, -0.845195822, -0.934448242, 0.217651367, 0.28137207, 0.329593402, 0.827580663, 0.454463345, 0, 0, -0, 0, 0, 0, 0, 0.405534521, -0.0988780762, -0.225133887, 0.413354179, 0.286824358, -0.864082958, 0.338745117, -0.929321289, -0.146362305, -0.845089202, -0.232154716, -0.481386081, 0, 1, 5, 1, 
276.757112, 30, 0.1, 0.1, 0.014731222, 0.371142766, -0.0349609951, 0.929322434, 1.49843576e-005, 0.369269296, 0.369269296, -1.97143838e-005, -0.929322434, -6.64538309e-006, 1, -2.38542823e-005, 0.92932247, 2.14231132e-005, 0.369269205, 0.369269206, -1.83938889e-005, -0.92932247, -1.31166837e-005, 1, -2.50047502e-005, 0, 0, 0, 0, 0, 0, 0, 0.328495972, -0.141837817, -0.278230762, -0.134050578, 0.517300695, -0.845195822, -0.934448242, 0.217651367, 0.28137207, 0.329593402, 0.827580663, 0.454463345, 0, 0, -0, 0, 0, 0, 0, 0.405751416, -0.0986772949, -0.224922363, 0.413034817, 0.287175436, -0.86417884, 0.340942383, -0.928588867, -0.145629883, -0.844386312, -0.234327185, -0.481641644, 0, 1, 5, 1, 
276.758224, 30, 0.1, 0.1, 0.0147312225, 0.371142761, -0.0349580747, 0.929322403, 1.11980909e-005, 0.369269375, 0.369269375, 1.26407131e-005, -0.929322403, -1.50744649e-005, 1, 7.61218583e-006, 0.929322387, 1.19729415e-006, 0.369269415, 0.369269415, 2.36271718e-005, -0.929322387, -9.83746416e-006, 1, 2.15151356e-005, 0, 0, 0, 0, 0, 0, 0, 0.328495972, -0.141837817, -0.278230762, -0.134050578, 0.517300695, -0.845195822, -0.934448242, 0.217651367, 0.28137207, 0.329593402, 0.827580663, 0.454463345, 0, 0, -0, 0, 0, 0, 0, 0.405751416, -0.0986772949, -0.224922363, 0.413034817, 0.287175436, -0.86417884, 0.340942383, -0.928588867, -0.145629883, -0.844386312, -0.234327185, -0.481641644, 0, 1, 5, 1, 
276.759348, 30, 0.1, 0.1, 0.0147312196, 0.371142769, -0.0349522621, 0.929322625, 2.33781686e-006, 0.369268817, 0.369268817, 2.31731103e-005, -0.929322625, -1.07296931e-005, 1, 2.06720128e-005, 0.929322571, -6.31913124e-006, 0.369268952, 0.369268952, -1.16244905e-005, -0.929322571, 1.01650747e-005, 1, -8.46944239e-006, 0, 0, 0, 0, 0, 0, 0, 0.328495972, -0.141837817, -0.278230762, -0.134050578, 0.517300695, -0.845195822, -0.934448242, 0.217651367, 0.28137207, 0.329593402, 0.827580663, 0.454463345, 0, 0, -0, 0, 0, 0, 0, 0.405751416, -0.0986772949, -0.224922363, 0.413034817, 0.287175436, -0.86417884, 0.340942383, -0.928588867, -0.145629883, -0.844386312, -0.234327185, -0.481641644, 0, 1, 5, 1, 
276.760467, 30, 0.1, 0.1, 0.0147312191, 0.371142766, -0.0349465324, 0.92932278, 5.00243171e-006, 0.369268425, 0.369268425, -3.26106287e-005, -0.92932278, 7.39320177e-006, 0.999999999, -3.21530402e-005, 0.929322777, -9.13017085e-006, 0.369268434, 0.369268434, -2.29575357e-005, -0.929322777, 1.6962369e-005, 1, -1.79634769e-005, 0, 0, 0, 0, 0, 0, 0, 0.328495972, -0.141837817, -0.278230762, -0.134050578, 0.517300695, -0.845195822, -0.934448242, 0.217651367, 0.28137207, 0.329593402, 0.827580663, 0.454463345, 0, 0, -0, 0, 0, 0, 0, 0.405751416, -0.0986772949, -0.224922363, 0.413034817, 0.287175436, -0.86417884, 0.340942383, -0.928588867, -0.145629883, -0.844386312, -0.234327185, -0.481641644, 0, 1, 5, 1, 
276.761637, 30, 0.1, 0.1, 0.0147312164, 0.371142758, -0.0349425856, 0.929322571, -3.21339862e-005, 0.369268952, 0.369268953, 2.94220396e-005, -0.92932257, 1.89981929e-005, 0.999999999, 3.92086489e-005, 0.929322637, -2.61500348e-005, 0.369268785, 0.369268786, 3.57153006e-005, -0.929322637, 1.11132736e-005, 0.999999999, 4.28474289e-005, 0, 0, 0, 0, 0, 0, 0, 0.328326929, -0.142787793, -0.277611084, -0.133009655, 0.516152309, -0.846110187, -0.934570312, 0.21875, 0.280395508, 0.329922904, 0.828133326, 0.453372247, 0, 0, -0, 0, 0, 0, 0, 0.405774854, -0.0989608398, -0.224477588, 0.413226581, 0.286708786, -0.86416608, 0.342041016, -0.928466797, -0.14453125, -0.843875186, -0.235726402, -0.481763046, 0, 1, 5, 1, 
276.762778, 30, 0.1, 0.1, 0.0147312071, 0.371142767, -0.0349426387, 0.929322231, -4.57116387e-006, 0.369269808, 0.369269808, -2.16021603e-005, -0.929322231, 1.22251098e-005, 1, -1.8387375e-005, 0.929322288, 2.52545551e-005, 0.369269664, 0.369269664, -2.93310906e-005, -0.929322288, -1.2638539e-005, 0.999999999, -3.65837773e-005, 0, 0, 0, 0, 0, 0, 0, 0.328326929, -0.142787793, -0.277611084, -0.133009655, 0.516152309, -0.846110187, -0.934570312, 0.21875, 0.280395508, 0.329922904, 0.828133326, 0.453372247, 0, 0, -0, 0, 0, 0, 0, 0.405774854, -0.0989608398, -0.224477588, 0.413226581, 0.286708786, -0.86416608, 0.342041016, -0.928466797, -0.14453125, -0.843875186, -0.235726402, -0.481763046, 0, 1, 5, 1, 
276.763937, 30, 0.1, 0.1, 0.0147312051, 0.371142759, -0.0349458835, 0.929322232, 2.11337372e-005, 0.369269804, 0.369269804, -1.43010878e-005, -0.929322232, -1.4359092e-005, 1, -2.10943698e-005, 0.929322202, 1.73780061e-005, 0.36926988, 0.36926988, 1.98088041e-005, -0.929322202, -2.34645616e-005, 1, 1.19915872e-005, 0, 0, 0, 0, 0, 0, 0, 0.328326929, -0.142787793, -0.277611084, -0.133009655, 0.516152309, -0.846110187, -0.934570312, 0.21875, 0.280395508, 0.329922904, 0.828133326, 0.453372247, 0, 0, -0, 0, 0, 0, 0, 0.405774854, -0.0989608398, -0.224477588, 0.413226581, 0.286708786, -0.86416608, 0.342041016, -0.928466797, -0.14453125, -0.843875186, -0.235726402, -0.481763046, 0, 1, 5, 1, 
276.765063, 30, 0.1, 0.1, 0.0147312012, 0.371142764, -0.0349507543, 0.929322517, 6.5069711e-006, 0.369269089, 0.369269088, 3.38254189e-005, -0.929322516, -1.85377564e-005, 0.999999999, 2.90319002e-005, 0.92932246, 6.10097709e-006, 0.36926923, 0.36926923, 1.73742237e-005, -0.92932246, -1.20855413e-005, 1, 1.38933532e-005, 0, 0, 0, 0, 0, 0, 0, 0.328326929, -0.142787793, -0.277611084, -0.133009655, 0.516152309, -0.846110187, -0.934570312, 0.21875, 0.280395508, 0.329922904, 0.828133326, 0.453372247, 0, 0, -0, 0, 0, 0, 0, 0.405774854, -0.0989608398, -0.224477588, 0.413226581, 0.286708786, -0.86416608, 0.342041016, -0.928466797, -0.14453125, -0.843875186, -0.235726402, -0.481763046, 0, 1, 5, 1, 
276.766243, 30, 0.1, 0.1, 0.0147311976, 0.371142767, -0.0349549189, 0.929322651, 2.40471835e-005, 0.369268751, 0.369268751, -1.75262007e-005, -0.929322651, -1.5875714e-005, 1, -2.51673687e-005, 0.929322652, 4.44642118e-006, 0.369268749, 0.369268749, -2.72842103e-005, -0.929322651, 5.94304627e-006, 1, -2.6997759e-005, 0, 0, 0, 0, 0, 0, 0, 0.328398828, -0.143996289, -0.277012402, -0.131581942, 0.514299614, -0.847424445, -0.934814453, 0.219726562, 0.278564453, 0.329573184, 0.828921132, 0.452097302, 0, 0, -0, 0, 0, 0, 0, 0.405774854, -0.0989608398, -0.224477588, 0.414715483, 0.286044176, -0.863782919, 0.342529297, -0.928466797, -0.142944336, -0.842859497, -0.236409969, -0.483072944, 0, 1, 5, 1, 
276.767362, 30, 0.1, 0.1, 0.0147311966, 0.37114276, -0.0349560399, 0.929322482, -8.4485014e-006, 0.369269175, 0.369269175, 7.6666388e-006, -0.929322482, 5.02032891e-006, 1, 1.02445509e-005, 0.92932253, -1.98055766e-005, 0.369269054, 0.369269054, 1.92380599e-005, -0.92932253, 1.13017483e-005, 1, 2.51919491e-005, 0, 0, 0, 0, 0, 0, 0, 0.328398828, -0.143996289, -0.277012402, -0.131581942, 0.514299614, -0.847424445, -0.934814453, 0.219726562, 0.278564453, 0.329573184, 0.828921132, 0.452097302, 0, 0, -0, 0, 0, 0, 0, 0.406117969, -0.099688916, -0.223810059, 0.414715483, 0.286044176, -0.863782919, 0.342529297, -0.928466797, -0.142944336, -0.842859497, -0.236409969, -0.483072944, 0, 1, 5, 1, 
276.768503, 30, 0.1, 0.1, 0.0147311891, 0.371142767, -0.0349546545, 0.929322288, -1.8520223e-005, 0.369269664, 0.369269665, 1.06567005e-005, -0.929322288, 1.32760598e-005, 1, 1.67424659e-005, 0.929322305, -2.08498482e-006, 0.369269621, 0.369269621, -1.4767377e-005, -0.929322305, 7.3907666e-006, 1, -1.29537313e-005, 0, 0, 0, 0, 0, 0, 0, 0.328398828, -0.143996289, -0.277012402, -0.129920207, 0.512745342, -0.848624128, -0.935791016, 0.219360352, 0.275878906, 0.327579704, 0.830032448, 0.451545761, 0, 0, -0, 0, 0, 0, 0, 0.406117969, -0.099688916, -0.223810059, 0.414715483, 0.286044176, -0.863782919, 0.342529297, -0.928466797, -0.142944336, -0.842859497, -0.236409969, -0.483072944, 0, 1, 5, 1, 
276.769304, 30, 0.1, 0.1, 0.0147311887, 0.371142761, -0.0349541536, 0.929322324, 4.38888871e-006, 0.369269573, 0.369269573, -2.52051979e-005, -0.929322324, 5.22882041e-006, 1, -2.50444361e-005, 0.929322307, 6.68911356e-006, 0.369269616, 0.369269616, 3.25966999e-006, -0.929322307, -7.42003953e-006, 1, 5.59197642e-007, 0, 0, 0, 0, 0, 0, 0, 0.329147412, -0.144965308, -0.27595918, -0.129920207, 0.512745342, -0.848624128, -0.935791016, 0.219360352, 0.275878906, 0.327579704, 0.830032448, 0.451545761, 0, 0, -0, 0, 0, 0, 0, 0.406902686, -0.0999392578, -0.222899512, 0.416057464, 0.286063132, -0.862997274, 0.343994141, -0.928100586, -0.141845703, -0.841613765, -0.237758146, -0.484708767, 0, 1, 5, 1, 
276.770013, 30, 0.1, 0.1, 0.0147311826, 0.371142774, -0.0349585868, 0.929322344, 8.92396605e-006, 0.369269524, 0.369269524, -1.51283387e-005, -0.929322344, -2.70680662e-006, 1, -1.73544519e-005, 0.929322349, 1.956994e-005, 0.369269511, 0.369269511, -2.99890041e-005, -0.929322348, -7.11275773e-006, 0.999999999, -3.50960339e-005, 0, 0, 0, 0, 0, 0, 0, 0.329147412, -0.144965308, -0.27595918, -0.129920207, 0.512745342, -0.848624128, -0.935791016, 0.219360352, 0.275878906, 0.327579704, 0.830032448, 0.451545761, 0, 0, -0, 0, 0, 0, 0, 0.406902686, -0.0999392578, -0.222899512, 0.416057464, 0.286063132, -0.862997274, 0.343994141, -0.928100586, -0.141845703, -0.841613765, -0.237758146, -0.484708767, 0, 1, 5, 1, 
276.770717, 30, 0.1, 0.1, 0.014731186, 0.371142766, -0.0349658427, 0.929322336, 5.14405627e-007, 0.369269545, 0.369269545, 3.22343425e-005, -0.929322335, -1.23812096e-005, 0.999999999, 2.97661401e-005, 0.92932233, -1.46878298e-005, 0.36926956, 0.36926956, 3.18903328e-005, -0.929322329, 1.8735991e-006, 0.999999999, 3.50601668e-005, 0, 0, 0, 0, 0, 0, 0, 0.329147412, -0.144965308, -0.27595918, -0.129920207, 0.512745342, -0.848624128, -0.935791016, 0.219360352, 0.275878906, 0.327579704, 0.830032448, 0.451545761, 0, 0, -0, 0, 0, 0, 0, 0.406902686, -0.0999392578, -0.222899512, 0.416057464, 0.286063132, -0.862997274, 0.343994141, -0.928100586, -0.141845703, -0.841613765, -0.237758146, -0.484708767, 0, 1, 5, 1, 
276.771412, 30, 0.1, 0.1, 0.0147311789, 0.37114277, -0.0349734067, 0.929322461, 1.06742319e-005, 0.369269229, 0.369269229, -3.89979788e-005, -0.92932246, 4.48095007e-006, 0.999999999, -4.0183363e-005, 0.929322422, 1.96688738e-005, 0.369269326, 0.369269326, -2.66121973e-005, -0.929322422, -8.45165725e-006, 0.999999999, -3.19944234e-005, 0, 0, 0, 0, 0, 0, 0, 0.329147412, -0.144965308, -0.27595918, -0.129920207, 0.512745342, -0.848624128, -0.935791016, 0.219360352, 0.275878906, 0.327579704, 0.830032448, 0.451545761, 0, 0, -0, 0, 0, 0, 0, 0.406902686, -0.0999392578, -0.222899512, 0.416057464, 0.286063132, -0.862997274, 0.343994141, -0.928100586, -0.141845703, -0.841613765, -0.237758146, -0.484708767, 0, 1, 5, 1, 
276.772113, 30, 0.1, 0.1, 0.0147311783, 0.371142781, -0.0349792899, 0.929322676, -2.5502329e-006, 0.369268689, 0.369268689, -9.00908488e-006, -0.929322675, 5.69676222e-006, 1, -7.4306257e-006, 0.92932263, -3.81896471e-006, 0.369268803, 0.369268803, -2.53981978e-005, -0.92932263, 1.29278124e-005, 1, -2.21928954e-005, 0, 0, 0, 0, 0, 0, 0, 0.329147412, -0.144965308, -0.27595918, -0.129920207, 0.512745342, -0.848624128, -0.935791016, 0.219360352, 0.275878906, 0.327579704, 0.830032448, 0.451545761, 0, 0, -0, 0, 0, 0, 0, 0.406902686, -0.0999392578, -0.222899512, 0.416057464, 0.286063132, -0.862997274, 0.343994141, -0.928100586, -0.141845703, -0.841613765, -0.237758146, -0.484708767, 0, 1, 5, 1, 
276.772816, 30, 0.1, 0.1, 0.014731177, 0.37114277, -0.0349818917, 0.929322882, -2.65820425e-006, 0.36926817, 0.36926817, 4.16518863e-005, -0.929322881, -1.29103858e-005, 0.999999999, 3.96896412e-005, 0.929322846, 2.54868476e-007, 0.369268261, 0.369268261, 4.1941199e-005, -0.929322845, -1.57244087e-005, 0.999999999, 3.88827996e-005, 0, 0, 0, 0, 0, 0, 0, 0.329147412, -0.144965308, -0.27595918, -0.129920207, 0.512745342, -0.848624128, -0.935791016, 0.219360352, 0.275878906, 0.327579704, 0.830032448, 0.451545761, 0, 0, -0, 0, 0, 0, 0, 0.406902686, -0.0999392578, -0.222899512, 0.416057464, 0.286063132, -0.862997274, 0.343994141, -0.928100586, -0.141845703, -0.841613765, -0.237758146, -0.484708767, 0, 1, 5, 1, 
276.77354, 30, 0.1, 0.1, 0.0147311788, 0.371142766, -0.0349805112, 0.929323009, 3.2248325e-007, 0.369267849, 0.369267849, -1.4988116e-005, -0.929323009, 5.23493827e-006, 1, -1.40478838e-005, 0.929322995, -8.69540795e-006, 0.369267885, 0.369267885, 7.87823693e-007, -0.929322995, 7.78992458e-006, 1, 3.94307758e-006, 0, 0, 0, 0, 0, 0, 0, 0.330276807, -0.145468188, -0.275331445, -0.129496347, 0.511571868, -0.849423917, -0.936767578, 0.217529297, 0.273803711, 0.324793549, 0.831207043, 0.451178067, 0, 0, -0, 0, 0, 0, 0, 0.406902686, -0.0999392578, -0.222899512, 0.416977637, 0.284817033, -0.863067636, 0.344360352, -0.928222656, -0.140014648, -0.84102608, -0.238748316, -0.485207133, 0, 1, 5, 1, 
276.77424, 30, 0.1, 0.1, 0.0147311742, 0.371142777, -0.0349758604, 0.929323055, 3.92431991e-006, 0.369267733, 0.369267733, -2.66707982e-005, -0.929323055, 6.20170424e-006, 1, -2.62349124e-005, 0.929323043, 7.71946937e-006, 0.369267765, 0.369267765, -3.28743392e-005, -0.929323042, 4.96555301e-006, 0.999999999, -3.34014321e-005, 0, 0, 0, 0, 0, 0, 0, 0.330276807, -0.145468188, -0.275331445, -0.129496347, 0.511571868, -0.849423917, -0.936767578, 0.217529297, 0.273803711, 0.324793549, 0.831207043, 0.451178067, 0, 0, -0, 0, 0, 0, 0, 0.407422412, -0.100712256, -0.22202168, 0.416977637, 0.284817033, -0.863067636, 0.344360352, -0.928222656, -0.140014648, -0.84102608, -0.238748316, -0.485207133, 0, 1, 5, 1, 
276.77494, 30, 0.1, 0.1, 0.0147311734, 0.371142774, -0.0349697065, 0.929323126, -9.13610402e-006, 0.369267555, 0.369267555, 1.49383271e-005, -0.929323126, 2.97415322e-006, 1, 1.72561996e-005, 0.929323117, -2.31707079e-006, 0.369267578, 0.369267578, 1.86742885e-005, -0.929323117, -4.74250183e-006, 1, 1.82100671e-005, 0, 0, 0, 0, 0, 0, 0, 0.330276807, -0.145468188, -0.275331445, -0.129496347, 0.511571868, -0.849423917, -0.936767578, 0.217529297, 0.273803711, 0.324793549, 0.831207043, 0.451178067, 0, 0, -0, 0, 0, 0, 0, 0.407422412, -0.100712256, -0.22202168, 0.416977637, 0.284817033, -0.863067636, 0.344360352, -0.928222656, -0.140014648, -0.84102608, -0.238748316, -0.485207133, 0, 1, 5, 1, 
276.775635, 30, 0.1, 0.1, 0.0147311708, 0.371142774, -0.0349639635, 0.929323121, 7.63894003e-006, 0.369267568, 0.369267568, 2.21987627e-006, -0.929323121, -7.9187719e-006, 1, -7.57830461e-007, 0.929323126, 1.35884208e-005, 0.369267554, 0.369267554, -2.61017021e-006, -0.929323126, -1.16641825e-005, 1, -7.44345446e-006, 0, 0, 0, 0, 0, 0, 0, 0.330276807, -0.145468188, -0.275331445, -0.129496347, 0.511571868, -0.849423917, -0.936767578, 0.217529297, 0.273803711, 0.324793549, 0.831207043, 0.451178067, 0, 0, -0, 0, 0, 0, 0, 0.407422412, -0.100712256, -0.22202168, 0.416977637, 0.284817033, -0.863067636, 0.344360352, -0.928222656, -0.140014648, -0.84102608, -0.238748316, -0.485207133, 0, 1, 5, 1, 
276.776337, 30, 0.1, 0.1, 0.0147311707, 0.371142771, -0.034960175, 0.929323103, 1.21953927e-005, 0.369267613, 0.369267613, -3.90609258e-006, -0.929323103, -9.89106674e-006, 1, -8.13338565e-006, 0.9293231, 3.84965412e-006, 0.36926762, 0.36926762, 9.81860096e-006, -0.9293231, -7.20326391e-006, 1, 7.70310007e-006, 0, 0, 0, 0, 0, 0, 0, 0.330276807, -0.145468188, -0.275331445, -0.129496347, 0.511571868, -0.849423917, -0.936767578, 0.217529297, 0.273803711, 0.324793549, 0.831207043, 0.451178067, 0, 0, -0, 0, 0, 0, 0, 0.407422412, -0.100712256, -0.22202168, 0.416977637, 0.284817033, -0.863067636, 0.344360352, -0.928222656, -0.140014648, -0.84102608, -0.238748316, -0.485207133, 0, 1, 5, 1, 
276.777036, 30, 0.1, 0.1, 0.0147311699, 0.371142774, -0.0349594183, 0.92932318, -7.32695987e-008, 0.369267419, 0.369267419, 1.19776043e-005, -0.92932318, -4.35484791e-006, 1, 1.11581214e-005, 0.929323156, -7.71814669e-006, 0.36926748, 0.36926748, 2.21322381e-006, -0.929323156, 6.35538086e-006, 1, 4.90686071e-006, 0, 0, 0, 0, 0, 0, 0, 0.330276807, -0.145468188, -0.275331445, -0.129496347, 0.511571868, -0.849423917, -0.936767578, 0.217529297, 0.273803711, 0.324793549, 0.831207043, 0.451178067, 0, 0, -0, 0, 0, 0, 0, 0.407422412, -0.100712256, -0.22202168, 0.416977637, 0.284817033, -0.863067636, 0.344360352, -0.928222656, -0.140014648, -0.84102608, -0.238748316, -0.485207133, 0, 1, 5, 1, 
276.777743, 30, 0.1, 0.1, 0.0147311687, 0.371142777, -0.0349616763, 0.929323308, 8.25736436e-007, 0.369267096, 0.369267096, -2.19040837e-005, -0.929323308, 7.32108126e-006, 1, -2.06608928e-005, 0.929323285, -2.10889368e-006, 0.369267156, 0.369267156, -2.32339934e-005, -0.929323284, 1.05393947e-005, 1, -2.08131459e-005, 0, 0, 0, 0, 0, 0, 0, 0.330276807, -0.145468188, -0.275331445, -0.129496347, 0.511571868, -0.849423917, -0.936767578, 0.217529297, 0.273803711, 0.324793549, 0.831207043, 0.451178067, 0, 0, -0, 0, 0, 0, 0, 0.407422412, -0.100712256, -0.22202168, 0.416977637, 0.284817033, -0.863067636, 0.344360352, -0.928222656, -0.140014648, -0.84102608, -0.238748316, -0.485207133, 0, 1, 5, 1, 
276.778456, 30, 0.1, 0.1, 0.0147311681, 0.371142777, -0.0349659101, 0.929323371, -1.04215483e-005, 0.369266938, 0.369266938, -2.30861264e-006, -0.929323371, 1.05374827e-005, 1, 1.70288553e-006, 0.929323368, -9.55945731e-006, 0.369266947, 0.369266948, 4.64871647e-006, -0.929323368, 7.16720971e-006, 1, 7.85015247e-006, 0, 0, 0, 0, 0, 0, 0, 0.330276807, -0.145468188, -0.275331445, -0.129496347, 0.511571868, -0.849423917, -0.936767578, 0.217529297, 0.273803711, 0.324793549, 0.831207043, 0.451178067, 0, 0, -0, 0, 0, 0, 0, 0.407422412, -0.100712256, -0.22202168, 0.416977637, 0.284817033, -0.863067636, 0.344360352, -0.928222656, -0.140014648, -0.84102608, -0.238748316, -0.485207133, 0, 1, 5, 1, 
276.77938, 30, 0.1, 0.1, 0.0147311662, 0.371142779, -0.0349706235, 0.929323342, -2.20305906e-006, 0.369267012, 0.369267012, 1.41865433e-005, -0.929323342, -3.19126827e-006, 1, 1.39974029e-005, 0.929323346, 6.0154286e-007, 0.369267001, 0.369267001, -4.63402584e-006, -0.929323346, 1.152165e-006, 1, -4.52863833e-006, 0, 0, 0, 0, 0, 0, 0, 0.330416064, -0.145447192, -0.275749487, -0.131095925, 0.511971763, -0.848884359, -0.936767578, 0.215942383, 0.274902344, 0.324058161, 0.83139089, 0.451463386, 0, 0, -0, 0, 0, 0, 0, 0.407342578, -0.101428613, -0.222261035, 0.415923302, 0.284248305, -0.863680841, 0.344238281, -0.928344727, -0.139770508, -0.841505123, -0.239176319, -0.484044157, 0, 1, 5, 1, 
276.780549, 30, 0.1, 0.1, 0.0147311654, 0.371142776, -0.034967218, 0.929323293, 5.56449567e-006, 0.369267136, 0.369267136, -1.60767643e-005, -0.929323293, 7.65405258e-007, 1, -1.69952969e-005, 0.929323299, 6.79476236e-006, 0.36926712, 0.36926712, -6.44539616e-006, -0.929323299, -3.93445809e-006, 1, -8.49893915e-006, 0, 0, 0, 0, 0, 0, 0, 0.330416064, -0.145447192, -0.275749487, -0.131095925, 0.511971763, -0.848884359, -0.936767578, 0.215942383, 0.274902344, 0.324058161, 0.83139089, 0.451463386, 0, 0, -0, 0, 0, 0, 0, 0.407342578, -0.101428613, -0.222261035, 0.415923302, 0.284248305, -0.863680841, 0.344238281, -0.928344727, -0.139770508, -0.841505123, -0.239176319, -0.484044157, 0, 1, 5, 1, 
276.78142, 30, 0.1, 0.1, 0.0147311639, 0.371142775, -0.034960271, 0.929323258, -3.65440063e-006, 0.369267223, 0.369267223, 1.90908963e-005, -0.929323258, -3.65352275e-006, 1, 1.90910643e-005, 0.929323264, -7.44057997e-006, 0.369267209, 0.369267209, 1.85596215e-005, -0.929323264, 6.12444486e-008, 1, 1.99954502e-005, 0, 0, 0, 0, 0, 0, 0, 0.330770386, -0.145638574, -0.275936841, -0.132879348, 0.512593696, -0.848205138, -0.936645508, 0.214599609, 0.276489258, 0.323722668, 0.831415977, 0.451850175, 0, 0, -0, 0, 0, 0, 0, 0.407342578, -0.101428613, -0.222261035, 0.415923302, 0.284248305, -0.863680841, 0.344238281, -0.928344727, -0.139770508, -0.841505123, -0.239176319, -0.484044157, 0, 1, 5, 1, 
