time, trialNum, realDorsalTactorPos, realVentralTactorPos, boxPosX, boxPosY, boxPosZ, boxLocalRot_11, boxLocalRot_12, boxLocalRot_13, boxLocalRot_21, boxLocalRot_22, boxLocalRot_23, boxLocalRot_31, boxLocalRot_32, boxLocalRot_33, boxGlobalRot_11, boxGlobalRot_12, boxGlobalRot_13, boxGlobalRot_21, boxGlobalRot_22, boxGlobalRot_23, boxGlobalRot_31, boxGlobalRot_32, boxGlobalRot_33, indexForceX, indexForceY, indexForceZ, indexForceGlobalX, indexForceGlobalY, indexForceGlobalZ, indexContact, indexPosX, indexPosY, indexPosZ, indexRot_11, indexRot_12, indexRot_13, indexRot_21, indexRot_22, indexRot_23, indexRot_31, indexRot_32, indexRot_33, thumbForceX, thumbForceY, thumbForceZ, thumbForceGlobalX, thumbForceGlobalY, thumbForceGlobalZ, thumbContact, thumbPosX, thumbPosY, thumbPosZ, thumbRot_11, thumbRot_12, thumbRot_13, thumbRot_21, thumbRot_22, thumbRot_23, thumbRot_31, thumbRot_32, thumbRot_33, manipForceTooHigh, cceExpType, mapping, trialSuccess, 
216.973389, 23, 0.1, 0.1, 0.0117102906, 0.368880948, -0.0349719659, 0.961869679, -1.15945018e-005, 0.273508172, 0.273508172, -9.08268307e-006, -0.961869679, 1.36365878e-005, 1, -5.56516646e-006, 0.96186967, -6.07890224e-006, 0.273508204, 0.273508204, -4.63157587e-006, -0.96186967, 7.11388569e-006, 1, -2.79234272e-006, 0, 0, 0, 0, 0, 0, 0, 0.279729517, -0.0520630615, -0.219379517, -0.205816598, 0.498632197, -0.841976067, -0.944702148, 0.122924805, 0.303710938, 0.254940037, 0.857974872, 0.44591991, 0, 0, -0, 0, 0, 0, 0, 0.344749609, 0.00183164062, -0.173947266, 0.271111985, 0.347402184, -0.897537224, 0.458251953, -0.866577148, -0.197021484, -0.846415018, -0.357736143, -0.394318147, 0, 1, 3, 1, 
216.999653, 23, 0.1, 0.1, 0.0117102977, 0.368880958, -0.0349646384, 0.961866958, 2.74264272e-005, 0.273517742, 0.273517743, -3.77638142e-005, -0.961866957, -1.60515009e-005, 0.999999999, -4.38253795e-005, 0.961867025, 1.78300421e-005, 0.273517505, 0.273517506, -4.03322413e-005, -0.961867024, -6.11855549e-006, 0.999999999, -4.36710815e-005, 0, 0, 0, 0, 0, 0, 0, 0.288301196, -0.0661637207, -0.214833398, -0.206888957, 0.493183819, -0.844906756, -0.951171875, 0.100341797, 0.291503906, 0.228661208, 0.864152264, 0.448485148, 0, 0, -0, 0, 0, 0, 0, 0.349720361, -0.0106132813, -0.169937598, 0.263166211, 0.343760467, -0.90130687, 0.492919922, -0.851074219, -0.180664062, -0.829206975, -0.396660114, -0.393486925, 0, 1, 3, 1, 
217.000368, 23, 0.1, 0.1, 0.0117102956, 0.368880959, -0.0349688473, 0.961866601, -2.26179023e-005, 0.273518996, 0.273518997, 3.22335447e-005, -0.961866601, 1.29389181e-005, 0.999999999, 3.71907961e-005, 0.96186667, -1.01425921e-005, 0.273518756, 0.273518756, 1.78802751e-005, -0.96186667, 4.86523072e-006, 1, 1.99726299e-005, 0, 0, 0, 0, 0, 0, 0, 0.288301196, -0.0661637207, -0.214833398, -0.206888957, 0.493183819, -0.844906756, -0.951171875, 0.100341797, 0.291503906, 0.228661208, 0.864152264, 0.448485148, 0, 0, -0, 0, 0, 0, 0, 0.349720361, -0.0106132813, -0.169937598, 0.263166211, 0.343760467, -0.90130687, 0.492919922, -0.851074219, -0.180664062, -0.829206975, -0.396660114, -0.393486925, 0, 1, 3, 1, 
217.001113, 23, 0.1, 0.1, 0.011710301, 0.368880944, -0.0349727267, 0.961866298, 5.61055685e-006, 0.273520062, 0.273520062, 2.91317577e-005, -0.961866298, -1.33647257e-005, 1, 2.64862561e-005, 0.961866347, -4.45922858e-006, 0.273519889, 0.273519889, 4.07455769e-005, -0.961866347, -6.85554375e-006, 0.999999999, 4.04114869e-005, 0, 0, 0, 0, 0, 0, 0, 0.289483813, -0.0688731445, -0.214200903, -0.205606899, 0.492580982, -0.845605073, -0.951416016, 0.10144043, 0.290405273, 0.228952517, 0.864247744, 0.447977791, 0, 0, -0, 0, 0, 0, 0, 0.350647021, -0.0130144043, -0.169305957, 0.263281416, 0.342085998, -0.901939397, 0.494873047, -0.850341797, -0.178100586, -0.827967439, -0.399413705, -0.393307921, 0, 1, 3, 1, 
217.001826, 23, 0.1, 0.1, 0.0117102982, 0.368880953, -0.034974932, 0.961866151, -2.97788959e-006, 0.273520581, 0.27352058, -4.91613084e-005, -0.96186615, 1.63109608e-005, 0.999999999, -4.64720844e-005, 0.961866171, 2.73573949e-006, 0.273520511, 0.273520511, -4.25892481e-005, -0.96186617, 9.01761763e-006, 0.999999999, -4.17134379e-005, 0, 0, 0, 0, 0, 0, 0, 0.289483813, -0.0688731445, -0.214200903, -0.205606899, 0.492580982, -0.845605073, -0.951416016, 0.10144043, 0.290405273, 0.228952517, 0.864247744, 0.447977791, 0, 0, -0, 0, 0, 0, 0, 0.350647021, -0.0130144043, -0.169305957, 0.263281416, 0.342085998, -0.901939397, 0.494873047, -0.850341797, -0.178100586, -0.827967439, -0.399413705, -0.393307921, 0, 1, 3, 1, 
217.002534, 23, 0.1, 0.1, 0.0117102983, 0.368880962, -0.0349752876, 0.961866078, 1.00757018e-005, 0.273520838, 0.273520838, 1.00934164e-005, -0.961866078, -1.24522355e-005, 1, 6.95260048e-006, 0.961866088, 1.94914583e-006, 0.2735208, 0.2735208, -1.28141337e-005, -0.961866088, 1.63011482e-006, 1, -1.28586126e-005, 0, 0, 0, 0, 0, 0, 0, 0.289483813, -0.0688731445, -0.214200903, -0.205606899, 0.492580982, -0.845605073, -0.951416016, 0.10144043, 0.290405273, 0.228952517, 0.864247744, 0.447977791, 0, 0, -0, 0, 0, 0, 0, 0.350647021, -0.0130144043, -0.169305957, 0.263281416, 0.342085998, -0.901939397, 0.494873047, -0.850341797, -0.178100586, -0.827967439, -0.399413705, -0.393307921, 0, 1, 3, 1, 
217.003236, 23, 0.1, 0.1, 0.0117102941, 0.368880951, -0.034973862, 0.96186601, 3.37680619e-006, 0.273521074, 0.273521074, 2.61370434e-005, -0.96186601, -1.03970673e-005, 1, 2.4216706e-005, 0.961866024, 1.03532554e-005, 0.273521024, 0.273521024, 3.5838203e-005, -0.961866024, -1.97609466e-005, 0.999999999, 3.16397168e-005, 0, 0, 0, 0, 0, 0, 0, 0.289483813, -0.0688731445, -0.214200903, -0.205606899, 0.492580982, -0.845605073, -0.951416016, 0.10144043, 0.290405273, 0.228952517, 0.864247744, 0.447977791, 0, 0, -0, 0, 0, 0, 0, 0.350647021, -0.0130144043, -0.169305957, 0.263281416, 0.342085998, -0.901939397, 0.494873047, -0.850341797, -0.178100586, -0.827967439, -0.399413705, -0.393307921, 0, 1, 3, 1, 
217.003938, 23, 0.1, 0.1, 0.0117102963, 0.368880956, -0.034971207, 0.961865904, 6.84734689e-007, 0.273521448, 0.273521448, -2.22502905e-005, -0.961865904, 5.42730873e-006, 1, -2.15890854e-005, 0.961865929, -6.01107831e-006, 0.27352136, 0.27352136, -2.45724566e-005, -0.961865929, 1.25029432e-005, 1, -2.19912504e-005, 0, 0, 0, 0, 0, 0, 0, 0.289483813, -0.0688731445, -0.214200903, -0.205606899, 0.492580982, -0.845605073, -0.951416016, 0.10144043, 0.290405273, 0.228952517, 0.864247744, 0.447977791, 0, 0, -0, 0, 0, 0, 0, 0.350647021, -0.0130144043, -0.169305957, 0.263281416, 0.342085998, -0.901939397, 0.494873047, -0.850341797, -0.178100586, -0.827967439, -0.399413705, -0.393307921, 0, 1, 3, 1, 
217.004645, 23, 0.1, 0.1, 0.0117102944, 0.368880953, -0.0349681258, 0.961865736, -1.02666243e-005, 0.273522041, 0.273522041, 2.41248966e-005, -0.961865735, 3.27642319e-006, 1, 2.60130594e-005, 0.961865775, 1.10285519e-006, 0.273521901, 0.273521901, 2.38322832e-005, -0.961865775, -7.57945008e-006, 1, 2.26218025e-005, 0, 0, 0, 0, 0, 0, 0, 0.289483813, -0.0688731445, -0.214200903, -0.205606899, 0.492580982, -0.845605073, -0.951416016, 0.10144043, 0.290405273, 0.228952517, 0.864247744, 0.447977791, 0, 0, -0, 0, 0, 0, 0, 0.350647021, -0.0130144043, -0.169305957, 0.263281416, 0.342085998, -0.901939397, 0.494873047, -0.850341797, -0.178100586, -0.827967439, -0.399413705, -0.393307921, 0, 1, 3, 1, 
217.005358, 23, 0.1, 0.1, 0.0117102935, 0.368880952, -0.0349655715, 0.961865507, 2.15192787e-005, 0.273522842, 0.273522842, -5.99049606e-006, -0.961865508, -1.90601144e-005, 1, -1.16480658e-005, 0.961865555, 1.55805234e-005, 0.273522674, 0.273522674, -5.80564001e-006, -0.961865556, -1.33983946e-005, 1, -9.84587158e-006, 0, 0, 0, 0, 0, 0, 0, 0.289483813, -0.0688731445, -0.214200903, -0.205606899, 0.492580982, -0.845605073, -0.951416016, 0.10144043, 0.290405273, 0.228952517, 0.864247744, 0.447977791, 0, 0, -0, 0, 0, 0, 0, 0.350647021, -0.0130144043, -0.169305957, 0.263281416, 0.342085998, -0.901939397, 0.494873047, -0.850341797, -0.178100586, -0.827967439, -0.399413705, -0.393307921, 0, 1, 3, 1, 
217.006093, 23, 0.1, 0.1, 0.0117102936, 0.368880953, -0.0349638557, 0.961865242, -1.04257023e-005, 0.273523775, 0.273523775, -7.77786291e-006, -0.961865242, 1.21555511e-005, 1, -4.62957855e-006, 0.961865297, -1.30296513e-005, 0.273523583, 0.273523583, 1.17020139e-006, -0.961865297, 1.22126917e-005, 1, 4.68949302e-006, 0, 0, 0, 0, 0, 0, 0, 0.290405225, -0.0715411865, -0.213753076, -0.205067341, 0.492803021, -0.845585977, -0.951416016, 0.102050781, 0.290161133, 0.229237836, 0.864088984, 0.448098359, 0, 0, -0, 0, 0, 0, 0, 0.351515576, -0.0153874512, -0.168890723, 0.26254681, 0.340935414, -0.902622964, 0.497192383, -0.849365234, -0.176269531, -0.826817222, -0.402480461, -0.392643311, 0, 1, 3, 1, 
217.006794, 23, 0.1, 0.1, 0.0117102918, 0.368880952, -0.0349638664, 0.961864956, 1.55833805e-006, 0.273524783, 0.273524783, 9.00891368e-006, -0.961864956, -3.96307191e-006, 1, 8.23911429e-006, 0.961865014, 8.2850924e-006, 0.273524579, 0.273524578, 1.39147948e-005, -0.961865014, -1.17751789e-005, 1, 1.11179779e-005, 0, 0, 0, 0, 0, 0, 0, 0.290405225, -0.0715411865, -0.213753076, -0.205067341, 0.492803021, -0.845585977, -0.951416016, 0.102050781, 0.290161133, 0.229237836, 0.864088984, 0.448098359, 0, 0, -0, 0, 0, 0, 0, 0.351515576, -0.0153874512, -0.168890723, 0.26254681, 0.340935414, -0.902622964, 0.497192383, -0.849365234, -0.176269531, -0.826817222, -0.402480461, -0.392643311, 0, 1, 3, 1, 
217.007498, 23, 0.1, 0.1, 0.0117102957, 0.368880952, -0.0349654832, 0.961864691, -1.37900647e-006, 0.273525715, 0.273525715, 1.14647337e-005, -0.961864691, -1.80948185e-006, 1, 1.14047163e-005, 0.961864736, -1.25858132e-005, 0.273525556, 0.273525556, 5.3369011e-006, -0.961864736, 1.0646071e-005, 1, 8.57591851e-006, 0, 0, 0, 0, 0, 0, 0, 0.290405225, -0.0715411865, -0.213753076, -0.205067341, 0.492803021, -0.845585977, -0.951416016, 0.102050781, 0.290161133, 0.229237836, 0.864088984, 0.448098359, 0, 0, -0, 0, 0, 0, 0, 0.351515576, -0.0153874512, -0.168890723, 0.26254681, 0.340935414, -0.902622964, 0.497192383, -0.849365234, -0.176269531, -0.826817222, -0.402480461, -0.392643311, 0, 1, 3, 1, 
217.008216, 23, 0.1, 0.1, 0.0117102965, 0.368880952, -0.034968143, 0.961864514, -1.7378013e-005, 0.273526336, 0.273526336, 3.21520973e-006, -0.961864514, 1.58358495e-005, 1, 7.84594037e-006, 0.961864543, -9.37921735e-006, 0.273526234, 0.273526234, -3.94532711e-006, -0.961864543, 1.01006871e-005, 1, -1.22940825e-006, 0, 0, 0, 0, 0, 0, 0, 0.290405225, -0.0715411865, -0.213753076, -0.206700241, 0.494129263, -0.844461556, -0.952026367, 0.0970458984, 0.289794922, 0.225170744, 0.863878928, 0.450515699, 0, 0, -0, 0, 0, 0, 0, 0.351515576, -0.0153874512, -0.168890723, 0.26254681, 0.340935414, -0.902622964, 0.497192383, -0.849365234, -0.176269531, -0.826817222, -0.402480461, -0.392643311, 0, 1, 3, 1, 
217.008933, 23, 0.1, 0.1, 0.0117102969, 0.368880952, -0.0349706542, 0.961864397, 9.40053179e-006, 0.273526748, 0.273526748, 2.0012001e-006, -0.961864397, -9.5894186e-006, 1, -6.46413762e-007, 0.961864419, 9.71917761e-006, 0.27352667, 0.27352667, -5.25118159e-007, -0.961864419, -9.20489731e-006, 1, -3.16354676e-006, 0, 0, 0, 0, 0, 0, 0, 0.292095337, -0.0725902588, -0.213688257, -0.206700241, 0.494129263, -0.844461556, -0.952026367, 0.0970458984, 0.289794922, 0.225170744, 0.863878928, 0.450515699, 0, 0, -0, 0, 0, 0, 0, 0.352773242, -0.016330957, -0.168672363, 0.26040679, 0.342046252, -0.902769886, 0.503051758, -0.846191406, -0.175537109, -0.823973579, -0.4083781, -0.392413267, 0, 1, 3, 1, 
217.009639, 23, 0.1, 0.1, 0.0117102986, 0.368880952, -0.0349725283, 0.961864266, -1.25176428e-006, 0.27352721, 0.27352721, -5.58864656e-006, -0.961864266, 2.73267423e-006, 1, -5.03312783e-006, 0.961864294, -7.66034624e-006, 0.273527108, 0.273527108, -4.49382425e-006, -0.961864294, 8.59739628e-006, 1, -2.22713674e-006, 0, 0, 0, 0, 0, 0, 0, 0.292095337, -0.0725902588, -0.213688257, -0.206700241, 0.494129263, -0.844461556, -0.952026367, 0.0970458984, 0.289794922, 0.225170744, 0.863878928, 0.450515699, 0, 0, -0, 0, 0, 0, 0, 0.352773242, -0.016330957, -0.168672363, 0.26040679, 0.342046252, -0.902769886, 0.503051758, -0.846191406, -0.175537109, -0.823973579, -0.4083781, -0.392413267, 0, 1, 3, 1, 
217.010349, 23, 0.1, 0.1, 0.011710296, 0.368880951, -0.0349732913, 0.961864102, -8.67807914e-007, 0.273527787, 0.273527787, -4.75904646e-006, -0.961864102, 2.13644473e-006, 1, -4.34018637e-006, 0.961864134, 6.49332406e-006, 0.273527673, 0.273527673, 5.12608844e-006, -0.961864134, -7.64782257e-006, 1, 3.1544968e-006, 0, 0, 0, 0, 0, 0, 0, 0.292095337, -0.0725902588, -0.213688257, -0.206700241, 0.494129263, -0.844461556, -0.952026367, 0.0970458984, 0.289794922, 0.225170744, 0.863878928, 0.450515699, 0, 0, -0, 0, 0, 0, 0, 0.352773242, -0.016330957, -0.168672363, 0.26040679, 0.342046252, -0.902769886, 0.503051758, -0.846191406, -0.175537109, -0.823973579, -0.4083781, -0.392413267, 0, 1, 3, 1, 
217.011056, 23, 0.1, 0.1, 0.0117102955, 0.368880952, -0.0349727531, 0.961863965, 1.20196437e-005, 0.273528267, 0.273528267, 4.76946012e-006, -0.961863965, -1.28658444e-005, 1, 1.29985951e-006, 0.961863987, 6.94929753e-006, 0.273528189, 0.273528189, 6.43288158e-006, -0.961863987, -8.44385348e-006, 1, 4.28672835e-006, 0, 0, 0, 0, 0, 0, 0, 0.292095337, -0.0725902588, -0.213688257, -0.206700241, 0.494129263, -0.844461556, -0.952026367, 0.0970458984, 0.289794922, 0.225170744, 0.863878928, 0.450515699, 0, 0, -0, 0, 0, 0, 0, 0.352773242, -0.016330957, -0.168672363, 0.26040679, 0.342046252, -0.902769886, 0.503051758, -0.846191406, -0.175537109, -0.823973579, -0.4083781, -0.392413267, 0, 1, 3, 1, 
217.01176, 23, 0.1, 0.1, 0.0117102956, 0.368880953, -0.0349712137, 0.961863895, -1.07733388e-005, 0.273528512, 0.273528512, 1.70391821e-006, -0.961863895, 9.89641544e-006, 1, 4.58575274e-006, 0.961863904, -1.03411705e-005, 0.27352848, 0.27352848, -8.26148578e-007, -0.961863904, 1.01727738e-005, 1, 2.03396215e-006, 0, 0, 0, 0, 0, 0, 0, 0.292095337, -0.0725902588, -0.213688257, -0.206700241, 0.494129263, -0.844461556, -0.952026367, 0.0970458984, 0.289794922, 0.225170744, 0.863878928, 0.450515699, 0, 0, -0, 0, 0, 0, 0, 0.352773242, -0.016330957, -0.168672363, 0.26040679, 0.342046252, -0.902769886, 0.503051758, -0.846191406, -0.175537109, -0.823973579, -0.4083781, -0.392413267, 0, 1, 3, 1, 
217.012465, 23, 0.1, 0.1, 0.0117102934, 0.368880954, -0.0349691759, 0.961863856, 2.87122162e-006, 0.273528649, 0.273528649, 4.2110176e-006, -0.961863856, -3.91355826e-006, 1, 3.26506426e-006, 0.961863864, 1.15745305e-005, 0.27352862, 0.27352862, -2.09385077e-006, -0.961863865, -1.05603945e-005, 1, -5.17996475e-006, 0, 0, 0, 0, 0, 0, 0, 0.292095337, -0.0725902588, -0.213688257, -0.206700241, 0.494129263, -0.844461556, -0.952026367, 0.0970458984, 0.289794922, 0.225170744, 0.863878928, 0.450515699, 0, 0, -0, 0, 0, 0, 0, 0.352773242, -0.016330957, -0.168672363, 0.26040679, 0.342046252, -0.902769886, 0.503051758, -0.846191406, -0.175537109, -0.823973579, -0.4083781, -0.392413267, 0, 1, 3, 1, 
217.013198, 23, 0.1, 0.1, 0.0117102955, 0.368880956, -0.0349671278, 0.961863772, 7.97916312e-006, 0.273528946, 0.273528946, -2.20376166e-006, -0.961863772, -7.07207533e-006, 1, -4.30225058e-006, 0.961863794, -3.72522722e-006, 0.273528867, 0.273528867, -9.84723984e-006, -0.961863794, 6.27666554e-006, 1, -8.4527463e-006, 0, 0, 0, 0, 0, 0, 0, 0.29327793, -0.0734038818, -0.213596338, -0.209538815, 0.495696639, -0.842816674, -0.952392578, 0.0915527344, 0.290649414, 0.221294612, 0.86363068, 0.453097789, 0, 0, -0, 0, 0, 0, 0, 0.352773242, -0.016330957, -0.168672363, 0.257902566, 0.342939806, -0.90318513, 0.508911133, -0.842773438, -0.174682617, -0.821168216, -0.414544062, -0.39196594, 0, 1, 3, 1, 
217.013913, 23, 0.1, 0.1, 0.0117102952, 0.368880956, -0.0349654861, 0.961863647, -1.25479566e-005, 0.273529386, 0.273529386, -9.92840941e-006, -0.961863647, 1.4785135e-005, 1, -6.11754122e-006, 0.96186367, -7.2886395e-006, 0.273529303, 0.273529303, -5.4937273e-006, -0.96186367, 8.51337294e-006, 1, -3.29056023e-006, 0, 0, 0, 0, 0, 0, 0, 0.29327793, -0.0734038818, -0.213596338, -0.209538815, 0.495696639, -0.842816674, -0.952392578, 0.0915527344, 0.290649414, 0.221294612, 0.86363068, 0.453097789, 0, 0, -0, 0, 0, 0, 0, 0.353782764, -0.0172944824, -0.168243945, 0.257902566, 0.342939806, -0.90318513, 0.508911133, -0.842773438, -0.174682617, -0.821168216, -0.414544062, -0.39196594, 0, 1, 3, 1, 
217.01462, 23, 0.1, 0.1, 0.011710295, 0.368880955, -0.034965056, 0.961863562, 1.17623442e-005, 0.273529685, 0.273529685, -5.64062246e-007, -0.961863562, -1.11594825e-005, 1, -3.75990123e-006, 0.961863572, 9.6249736e-006, 0.273529648, 0.273529648, 8.89762661e-006, -0.961863572, -1.16916762e-005, 1, 5.92558727e-006, 0, 0, 0, 0, 0, 0, 0, 0.29327793, -0.0734038818, -0.213596338, -0.209538815, 0.495696639, -0.842816674, -0.952392578, 0.0915527344, 0.290649414, 0.221294612, 0.86363068, 0.453097789, 0, 0, -0, 0, 0, 0, 0, 0.353782764, -0.0172944824, -0.168243945, 0.257902566, 0.342939806, -0.90318513, 0.508911133, -0.842773438, -0.174682617, -0.821168216, -0.414544062, -0.39196594, 0, 1, 3, 1, 
217.015325, 23, 0.1, 0.1, 0.0117102977, 0.368880956, -0.0349659143, 0.961863551, -7.64171504e-006, 0.273529723, 0.273529723, 2.99537029e-006, -0.961863551, 6.53096436e-006, 1, 4.9713737e-006, 0.961863549, -1.52662365e-005, 0.273529728, 0.273529728, 4.25312425e-006, -0.961863549, 1.35206805e-005, 1, 8.2666947e-006, 0, 0, 0, 0, 0, 0, 0, 0.29327793, -0.0734038818, -0.213596338, -0.209538815, 0.495696639, -0.842816674, -0.952392578, 0.0915527344, 0.290649414, 0.221294612, 0.86363068, 0.453097789, 0, 0, -0, 0, 0, 0, 0, 0.353782764, -0.0172944824, -0.168243945, 0.257902566, 0.342939806, -0.90318513, 0.508911133, -0.842773438, -0.174682617, -0.821168216, -0.414544062, -0.39196594, 0, 1, 3, 1, 
217.016027, 23, 0.1, 0.1, 0.0117102952, 0.368880956, -0.0349677201, 0.961863552, -6.38997033e-006, 0.27352972, 0.27352972, 4.89725714e-006, -0.961863552, 4.80673418e-006, 1, 6.45833993e-006, 0.961863556, 5.44930731e-006, 0.273529706, 0.273529706, 5.73906985e-006, -0.961863556, -6.8112962e-006, 1, 4.0296547e-006, 0, 0, 0, 0, 0, 0, 0, 0.29327793, -0.0734038818, -0.213596338, -0.209538815, 0.495696639, -0.842816674, -0.952392578, 0.0915527344, 0.290649414, 0.221294612, 0.86363068, 0.453097789, 0, 0, -0, 0, 0, 0, 0, 0.353782764, -0.0172944824, -0.168243945, 0.257902566, 0.342939806, -0.90318513, 0.508911133, -0.842773438, -0.174682617, -0.821168216, -0.414544062, -0.39196594, 0, 1, 3, 1, 
217.016736, 23, 0.1, 0.1, 0.0117102953, 0.368880958, -0.0349698339, 0.961863498, 1.12365013e-005, 0.273529909, 0.273529909, 5.52119543e-006, -0.961863498, -1.23181926e-005, 1, 2.23711716e-006, 0.961863514, 8.41223292e-006, 0.273529853, 0.273529853, -3.65194454e-006, -0.961863514, -7.09250407e-006, 1, -5.81366904e-006, 0, 0, 0, 0, 0, 0, 0, 0.29327793, -0.0734038818, -0.213596338, -0.209538815, 0.495696639, -0.842816674, -0.952392578, 0.0915527344, 0.290649414, 0.221294612, 0.86363068, 0.453097789, 0, 0, -0, 0, 0, 0, 0, 0.353782764, -0.0172944824, -0.168243945, 0.257902566, 0.342939806, -0.90318513, 0.508911133, -0.842773438, -0.174682617, -0.821168216, -0.414544062, -0.39196594, 0, 1, 3, 1, 
217.01744, 23, 0.1, 0.1, 0.0117102956, 0.368880959, -0.0349716342, 0.961863417, -8.46211227e-006, 0.273530193, 0.273530193, -7.94541881e-006, -0.961863417, 1.03127082e-005, 1, -5.32776449e-006, 0.961863432, -7.77536911e-006, 0.273530141, 0.273530141, -1.06259672e-005, -0.961863432, 1.03853655e-005, 1, -8.09393145e-006, 0, 0, 0, 0, 0, 0, 0, 0.29327793, -0.0734038818, -0.213596338, -0.209538815, 0.495696639, -0.842816674, -0.952392578, 0.0915527344, 0.290649414, 0.221294612, 0.86363068, 0.453097789, 0, 0, -0, 0, 0, 0, 0, 0.353782764, -0.0172944824, -0.168243945, 0.257902566, 0.342939806, -0.90318513, 0.508911133, -0.842773438, -0.174682617, -0.821168216, -0.414544062, -0.39196594, 0, 1, 3, 1, 
217.01817, 23, 0.1, 0.1, 0.0117102937, 0.368880959, -0.0349724643, 0.961863376, 5.82316251e-006, 0.273530337, 0.273530337, -6.90350167e-006, -0.961863376, -3.71276962e-006, 1, -8.23303703e-006, 0.961863379, 1.07670545e-005, 0.273530326, 0.273530326, -3.29476286e-006, -0.961863379, -9.45521787e-006, 1, -6.11422767e-006, 0, 0, 0, 0, 0, 0, 0, 0.29494314, -0.0740281982, -0.213085034, -0.211559626, 0.496578803, -0.841692253, -0.95324707, 0.0850830078, 0.289794922, 0.215558672, 0.863738143, 0.455515129, 0, 0, -0, 0, 0, 0, 0, 0.354797412, -0.0180315918, -0.167808936, 0.255360062, 0.343993041, -0.903466212, 0.515258789, -0.839111328, -0.173950195, -0.817998648, -0.421061469, -0.391627255, 0, 1, 3, 1, 
217.018874, 23, 0.1, 0.1, 0.0117102957, 0.36888096, -0.0349721131, 0.96186339, 6.11970048e-006, 0.27353029, 0.27353029, -2.95245374e-006, -0.96186339, -5.07873033e-006, 1, -4.51378061e-006, 0.961863385, -6.05713719e-006, 0.273530307, 0.273530307, 1.23794708e-006, -0.961863385, 5.48752244e-006, 1, 2.84754656e-006, 0, 0, 0, 0, 0, 0, 0, 0.29494314, -0.0740281982, -0.213085034, -0.211559626, 0.496578803, -0.841692253, -0.95324707, 0.0850830078, 0.289794922, 0.215558672, 0.863738143, 0.455515129, 0, 0, -0, 0, 0, 0, 0, 0.354797412, -0.0180315918, -0.167808936, 0.255360062, 0.343993041, -0.903466212, 0.515258789, -0.839111328, -0.173950195, -0.817998648, -0.421061469, -0.391627255, 0, 1, 3, 1, 
217.019574, 23, 0.1, 0.1, 0.0117102953, 0.36888096, -0.0349709493, 0.961863395, -1.20743021e-005, 0.273530271, 0.273530271, 4.01502248e-007, -0.961863395, 1.15040062e-005, 1, 3.68887744e-006, 0.961863398, -8.1742e-006, 0.27353026, 0.27353026, 4.59321844e-006, -0.961863398, 6.60607956e-006, 1, 6.65393975e-006, 0, 0, 0, 0, 0, 0, 0, 0.29494314, -0.0740281982, -0.213085034, -0.211559626, 0.496578803, -0.841692253, -0.95324707, 0.0850830078, 0.289794922, 0.215558672, 0.863738143, 0.455515129, 0, 0, -0, 0, 0, 0, 0, 0.354797412, -0.0180315918, -0.167808936, 0.255360062, 0.343993041, -0.903466212, 0.515258789, -0.839111328, -0.173950195, -0.817998648, -0.421061469, -0.391627255, 0, 1, 3, 1, 
217.020279, 23, 0.1, 0.1, 0.0117102944, 0.368880961, -0.0349694102, 0.961863347, 8.32379974e-006, 0.27353044, 0.27353044, 9.91185625e-006, -0.961863347, -1.07175523e-005, 1, 7.25703863e-006, 0.96186336, 9.75076955e-006, 0.273530393, 0.273530393, 7.58786223e-006, -0.96186336, -1.14544189e-005, 1, 4.63135483e-006, 0, 0, 0, 0, 0, 0, 0, 0.29494314, -0.0740281982, -0.213085034, -0.211559626, 0.496578803, -0.841692253, -0.95324707, 0.0850830078, 0.289794922, 0.215558672, 0.863738143, 0.455515129, 0, 0, -0, 0, 0, 0, 0, 0.354797412, -0.0180315918, -0.167808936, 0.255360062, 0.343993041, -0.903466212, 0.515258789, -0.839111328, -0.173950195, -0.817998648, -0.421061469, -0.391627255, 0, 1, 3, 1, 
217.020984, 23, 0.1, 0.1, 0.0117102965, 0.368880962, -0.0349678988, 0.961863281, -6.84422227e-006, 0.273530672, 0.273530672, 2.68286982e-006, -0.961863281, 5.8493589e-006, 1, 4.45265868e-006, 0.961863293, -1.08534316e-005, 0.273530631, 0.273530631, -7.30818204e-006, -0.961863293, 1.24385291e-005, 1, -4.06072604e-006, 0, 0, 0, 0, 0, 0, 0, 0.29494314, -0.0740281982, -0.213085034, -0.211559626, 0.496578803, -0.841692253, -0.95324707, 0.0850830078, 0.289794922, 0.215558672, 0.863738143, 0.455515129, 0, 0, -0, 0, 0, 0, 0, 0.354797412, -0.0180315918, -0.167808936, 0.255360062, 0.343993041, -0.903466212, 0.515258789, -0.839111328, -0.173950195, -0.817998648, -0.421061469, -0.391627255, 0, 1, 3, 1, 
217.0217, 23, 0.1, 0.1, 0.0117102941, 0.368880963, -0.0349667403, 0.961863271, -5.11912521e-006, 0.273530706, 0.273530706, -6.5652676e-006, -0.961863272, 6.7197008e-006, 1, -4.91465185e-006, 0.961863268, 7.6965443e-006, 0.273530717, 0.273530717, -6.50019308e-006, -0.961863268, -5.62502078e-006, 1, -8.35753824e-006, 0, 0, 0, 0, 0, 0, 0, 0.29494314, -0.0740281982, -0.213085034, -0.211559626, 0.496578803, -0.841692253, -0.95324707, 0.0850830078, 0.289794922, 0.215558672, 0.863738143, 0.455515129, 0, 0, -0, 0, 0, 0, 0, 0.354797412, -0.0180315918, -0.167808936, 0.255360062, 0.343993041, -0.903466212, 0.515258789, -0.839111328, -0.173950195, -0.817998648, -0.421061469, -0.391627255, 0, 1, 3, 1, 
217.022403, 23, 0.1, 0.1, 0.0117102948, 0.368880963, -0.0349664249, 0.961863314, 1.4972678e-005, 0.273530557, 0.273530557, -3.55677473e-006, -0.961863314, -1.34287831e-005, 1, -7.51661608e-006, 0.961863305, 8.37606425e-006, 0.273530587, 0.273530587, -2.51867306e-006, -0.961863305, -7.36769473e-006, 1, -4.71372897e-006, 0, 0, 0, 0, 0, 0, 0, 0.29494314, -0.0740281982, -0.213085034, -0.211559626, 0.496578803, -0.841692253, -0.95324707, 0.0850830078, 0.289794922, 0.215558672, 0.863738143, 0.455515129, 0, 0, -0, 0, 0, 0, 0, 0.354797412, -0.0180315918, -0.167808936, 0.255360062, 0.343993041, -0.903466212, 0.515258789, -0.839111328, -0.173950195, -0.817998648, -0.421061469, -0.391627255, 0, 1, 3, 1, 
217.023134, 23, 0.1, 0.1, 0.0117102956, 0.368880963, -0.0349666814, 0.961863329, -9.85632702e-006, 0.273530504, 0.273530504, -7.85131487e-006, -0.961863329, 1.16280136e-005, 1, -4.85588575e-006, 0.961863331, -1.30628997e-005, 0.273530495, 0.273530495, 1.11623576e-006, -0.961863331, 1.22593997e-005, 1, 4.64676767e-006, 0, 0, 0, 0, 0, 0, 0, 0.29565437, -0.0760299316, -0.21198042, -0.210665479, 0.496718467, -0.841958476, -0.953735352, 0.0842285156, 0.288330078, 0.214181134, 0.863839615, 0.456175254, 0, 0, -0, 0, 0, 0, 0, 0.355413184, -0.0197021973, -0.166940625, 0.253929129, 0.343698466, -0.904015618, 0.518920898, -0.837158203, -0.172485352, -0.816062419, -0.425265682, -0.391071286, 0, 1, 3, 1, 
217.023838, 23, 0.1, 0.1, 0.0117102933, 0.368880963, -0.0349676508, 0.96186328, 4.86574868e-006, 0.273530676, 0.273530676, 4.63293427e-006, -0.96186328, -5.94743463e-006, 1, 3.12531783e-006, 0.961863292, 1.02533036e-005, 0.273530632, 0.273530632, 9.49114377e-006, -0.961863292, -1.2458395e-005, 1, 6.32459017e-006, 0, 0, 0, 0, 0, 0, 0, 0.29565437, -0.0760299316, -0.21198042, -0.210665479, 0.496718467, -0.841958476, -0.953735352, 0.0842285156, 0.288330078, 0.214181134, 0.863839615, 0.456175254, 0, 0, -0, 0, 0, 0, 0, 0.355413184, -0.0197021973, -0.166940625, 0.253929129, 0.343698466, -0.904015618, 0.518920898, -0.837158203, -0.172485352, -0.816062419, -0.425265682, -0.391071286, 0, 1, 3, 1, 
217.024544, 23, 0.1, 0.1, 0.0117102951, 0.368880965, -0.0349690037, 0.961863227, 3.84045082e-006, 0.273530861, 0.273530861, 5.80727149e-006, -0.961863227, -5.28245639e-006, 1, 4.53531908e-006, 0.961863233, -6.37736808e-006, 0.27353084, 0.27353084, 4.94888956e-007, -0.961863233, 5.99878849e-006, 1, 2.22042234e-006, 0, 0, 0, 0, 0, 0, 0, 0.29565437, -0.0760299316, -0.21198042, -0.210665479, 0.496718467, -0.841958476, -0.953735352, 0.0842285156, 0.288330078, 0.214181134, 0.863839615, 0.456175254, 0, 0, -0, 0, 0, 0, 0, 0.355413184, -0.0197021973, -0.166940625, 0.253929129, 0.343698466, -0.904015618, 0.518920898, -0.837158203, -0.172485352, -0.816062419, -0.425265682, -0.391071286, 0, 1, 3, 1, 
217.025277, 23, 0.1, 0.1, 0.0117102946, 0.368880966, -0.0349702188, 0.961863234, -1.37247516e-005, 0.273530837, 0.273530837, -1.89242574e-006, -0.961863234, 1.37189708e-005, 1, 1.93388805e-006, 0.961863227, -6.77167224e-006, 0.273530861, 0.273530861, -8.2890841e-006, -0.961863227, 8.78074283e-006, 1, -6.12070384e-006, 0, 0, 0, 0, 0, 0, 0, 0.29603042, -0.0777758301, -0.211709814, -0.212004825, 0.497524247, -0.841082303, -0.953613281, 0.0827636719, 0.289306641, 0.213528122, 0.863464808, 0.457025218, 0, 0, -0, 0, 0, 0, 0, 0.355442822, -0.0211446777, -0.166736426, 0.25060681, 0.343550811, -0.904973704, 0.522705078, -0.834838867, -0.172241211, -0.814815954, -0.429699939, -0.388962617, 0, 1, 3, 1, 
217.025977, 23, 0.1, 0.1, 0.0117102941, 0.368880967, -0.0349708551, 0.961863274, 1.08867721e-005, 0.273530695, 0.273530695, -2.06881287e-006, -0.961863275, -9.90570241e-006, 1, -4.96778145e-006, 0.961863268, 1.16985531e-005, 0.273530719, 0.273530719, -4.94468215e-006, -0.961863268, -9.89988604e-006, 1, -7.95602177e-006, 0, 0, 0, 0, 0, 0, 0, 0.29603042, -0.0777758301, -0.211709814, -0.212004825, 0.497524247, -0.841082303, -0.953613281, 0.0827636719, 0.289306641, 0.213528122, 0.863464808, 0.457025218, 0, 0, -0, 0, 0, 0, 0, 0.355442822, -0.0211446777, -0.166736426, 0.25060681, 0.343550811, -0.904973704, 0.522705078, -0.834838867, -0.172241211, -0.814815954, -0.429699939, -0.388962617, 0, 1, 3, 1, 
217.026683, 23, 0.1, 0.1, 0.0117102958, 0.368880968, -0.034970973, 0.961863278, -1.66467436e-006, 0.273530681, 0.273530681, -7.33885433e-006, -0.961863278, 3.60859096e-006, 1, -6.60363497e-006, 0.961863282, -8.20680576e-006, 0.273530668, 0.273530668, -6.92958799e-006, -0.961863282, 9.78927996e-006, 1, -4.42050318e-006, 0, 0, 0, 0, 0, 0, 0, 0.29603042, -0.0777758301, -0.211709814, -0.212004825, 0.497524247, -0.841082303, -0.953613281, 0.0827636719, 0.289306641, 0.213528122, 0.863464808, 0.457025218, 0, 0, -0, 0, 0, 0, 0, 0.355442822, -0.0211446777, -0.166736426, 0.25060681, 0.343550811, -0.904973704, 0.522705078, -0.834838867, -0.172241211, -0.814815954, -0.429699939, -0.388962617, 0, 1, 3, 1, 
217.027386, 23, 0.1, 0.1, 0.0117102935, 0.368880967, -0.0349705932, 0.961863232, -3.10853629e-006, 0.273530845, 0.273530845, -3.58435091e-006, -0.961863232, 3.97041729e-006, 1, -2.5973748e-006, 0.961863243, 5.27662993e-006, 0.273530806, 0.273530806, 6.75504739e-006, -0.961863243, -6.92310993e-006, 1, 5.05411095e-006, 0, 0, 0, 0, 0, 0, 0, 0.29603042, -0.0777758301, -0.211709814, -0.212004825, 0.497524247, -0.841082303, -0.953613281, 0.0827636719, 0.289306641, 0.213528122, 0.863464808, 0.457025218, 0, 0, -0, 0, 0, 0, 0, 0.355442822, -0.0211446777, -0.166736426, 0.25060681, 0.343550811, -0.904973704, 0.522705078, -0.834838867, -0.172241211, -0.814815954, -0.429699939, -0.388962617, 0, 1, 3, 1, 
217.028087, 23, 0.1, 0.1, 0.0117102938, 0.368880967, -0.0349699021, 0.961863198, 1.09630339e-005, 0.273530963, 0.273530963, 8.84508441e-006, -0.961863198, -1.29643433e-005, 1, 5.50903195e-006, 0.9618632, 5.17174366e-006, 0.273530956, 0.273530956, 1.05378755e-005, -0.9618632, -7.85694508e-006, 1, 8.7213627e-006, 0, 0, 0, 0, 0, 0, 0, 0.29603042, -0.0777758301, -0.211709814, -0.212004825, 0.497524247, -0.841082303, -0.953613281, 0.0827636719, 0.289306641, 0.213528122, 0.863464808, 0.457025218, 0, 0, -0, 0, 0, 0, 0, 0.355442822, -0.0211446777, -0.166736426, 0.25060681, 0.343550811, -0.904973704, 0.522705078, -0.834838867, -0.172241211, -0.814815954, -0.429699939, -0.388962617, 0, 1, 3, 1, 
217.028789, 23, 0.1, 0.1, 0.0117102944, 0.368880967, -0.0349690894, 0.961863223, -1.25356643e-005, 0.273530876, 0.273530876, 4.47584162e-006, -0.961863223, 1.08333136e-005, 1, 7.73403869e-006, 0.961863214, -1.22668259e-005, 0.273530907, 0.273530907, 2.08218324e-006, -0.961863214, 1.12294671e-005, 1, 5.35813148e-006, 0, 0, 0, 0, 0, 0, 0, 0.29603042, -0.0777758301, -0.211709814, -0.212004825, 0.497524247, -0.841082303, -0.953613281, 0.0827636719, 0.289306641, 0.213528122, 0.863464808, 0.457025218, 0, 0, -0, 0, 0, 0, 0, 0.355442822, -0.0211446777, -0.166736426, 0.25060681, 0.343550811, -0.904973704, 0.522705078, -0.834838867, -0.172241211, -0.814815954, -0.429699939, -0.388962617, 0, 1, 3, 1, 
217.029489, 23, 0.1, 0.1, 0.0117102922, 0.368880967, -0.0349684315, 0.961863268, 3.72044417e-006, 0.273530718, 0.273530718, 5.40323774e-006, -0.961863268, -5.05651009e-006, 1, 4.17952014e-006, 0.96186326, 1.21178684e-005, 0.273530745, 0.273530745, -6.90844891e-007, -0.96186326, -1.14667651e-005, 1, -3.97910788e-006, 0, 0, 0, 0, 0, 0, 0, 0.29603042, -0.0777758301, -0.211709814, -0.212004825, 0.497524247, -0.841082303, -0.953613281, 0.0827636719, 0.289306641, 0.213528122, 0.863464808, 0.457025218, 0, 0, -0, 0, 0, 0, 0, 0.355442822, -0.0211446777, -0.166736426, 0.25060681, 0.343550811, -0.904973704, 0.522705078, -0.834838867, -0.172241211, -0.814815954, -0.429699939, -0.388962617, 0, 1, 3, 1, 
217.030224, 23, 0.1, 0.1, 0.0117102944, 0.368880969, -0.0349677621, 0.96186326, 7.2411557e-006, 0.273530748, 0.273530748, -4.69564728e-006, -0.96186326, -5.68059771e-006, 1, -6.49724933e-006, 0.961863266, -3.07865229e-006, 0.273530725, 0.273530725, -1.10329105e-005, -0.961863266, 5.97908256e-006, 1, -9.77004536e-006, 0, 0, 0, 0, 0, 0, 0, 0.296489844, -0.0798237061, -0.211071216, -0.211719507, 0.496737563, -0.841660053, -0.953735352, 0.0826416016, 0.288818359, 0.212988564, 0.863960182, 0.456498765, 0, 0, -0, 0, 0, 0, 0, 0.355536914, -0.0233394043, -0.16654541, 0.248453664, 0.341818739, -0.906200113, 0.524658203, -0.833862305, -0.170654297, -0.81418306, -0.433073297, -0.386636663, 0, 1, 3, 1, 
217.030926, 23, 0.1, 0.1, 0.0117102938, 0.36888097, -0.0349675268, 0.961863203, -1.03686108e-005, 0.273530947, 0.273530947, -1.15385789e-005, -0.961863203, 1.31293436e-005, 1, -8.26239848e-006, 0.961863214, -5.62047641e-006, 0.273530908, 0.273530908, -7.57496779e-006, -0.961863214, 7.47811732e-006, 1, -5.74870885e-006, 0, 0, 0, 0, 0, 0, 0, 0.296489844, -0.0798237061, -0.211071216, -0.211719507, 0.496737563, -0.841660053, -0.953735352, 0.0826416016, 0.288818359, 0.212988564, 0.863960182, 0.456498765, 0, 0, -0, 0, 0, 0, 0, 0.355536914, -0.0233394043, -0.16654541, 0.248453664, 0.341818739, -0.906200113, 0.524658203, -0.833862305, -0.170654297, -0.81418306, -0.433073297, -0.386636663, 0, 1, 3, 1, 
217.03163, 23, 0.1, 0.1, 0.0117102931, 0.36888097, -0.0349678283, 0.961863175, 1.28641397e-005, 0.273531043, 0.273531043, -1.72686754e-006, -0.961863176, -1.19011904e-005, 1, -5.17975184e-006, 0.961863176, 1.07868319e-005, 0.273531043, 0.273531043, 6.69376028e-006, -0.961863176, -1.22064076e-005, 1, 3.48794814e-006, 0, 0, 0, 0, 0, 0, 0, 0.296489844, -0.0798237061, -0.211071216, -0.211719507, 0.496737563, -0.841660053, -0.953735352, 0.0826416016, 0.288818359, 0.212988564, 0.863960182, 0.456498765, 0, 0, -0, 0, 0, 0, 0, 0.355536914, -0.0233394043, -0.16654541, 0.248453664, 0.341818739, -0.906200113, 0.524658203, -0.833862305, -0.170654297, -0.81418306, -0.433073297, -0.386636663, 0, 1, 3, 1, 
217.032332, 23, 0.1, 0.1, 0.0117102948, 0.36888097, -0.0349685564, 0.961863209, -4.88251785e-006, 0.273530925, 0.273530925, 2.8886965e-006, -0.961863209, 3.90616646e-006, 1, 4.11405051e-006, 0.9618632, -1.18195097e-005, 0.273530958, 0.273530958, 3.84675066e-006, -0.9618632, 1.0316546e-005, 1, 6.93304972e-006, 0, 0, 0, 0, 0, 0, 0, 0.296489844, -0.0798237061, -0.211071216, -0.211719507, 0.496737563, -0.841660053, -0.953735352, 0.0826416016, 0.288818359, 0.212988564, 0.863960182, 0.456498765, 0, 0, -0, 0, 0, 0, 0, 0.355536914, -0.0233394043, -0.16654541, 0.248453664, 0.341818739, -0.906200113, 0.524658203, -0.833862305, -0.170654297, -0.81418306, -0.433073297, -0.386636663, 0, 1, 3, 1, 
217.033033, 23, 0.1, 0.1, 0.0117102921, 0.36888097, -0.0349694746, 0.961863249, -5.40573636e-006, 0.273530786, 0.273530786, 4.82739509e-006, -0.961863249, 3.87913796e-006, 1, 6.12192924e-006, 0.961863245, 6.06876476e-006, 0.273530799, 0.273530799, 5.6536207e-006, -0.961863245, -7.38376115e-006, 1, 3.77801588e-006, 0, 0, 0, 0, 0, 0, 0, 0.296489844, -0.0798237061, -0.211071216, -0.211719507, 0.496737563, -0.841660053, -0.953735352, 0.0826416016, 0.288818359, 0.212988564, 0.863960182, 0.456498765, 0, 0, -0, 0, 0, 0, 0, 0.355536914, -0.0233394043, -0.16654541, 0.248453664, 0.341818739, -0.906200113, 0.524658203, -0.833862305, -0.170654297, -0.81418306, -0.433073297, -0.386636663, 0, 1, 3, 1, 
217.033738, 23, 0.1, 0.1, 0.0117102921, 0.368880972, -0.0349702795, 0.961863232, 1.08105365e-005, 0.273530845, 0.273530845, 5.90278012e-006, -0.961863232, -1.201285e-005, 1, 2.72065197e-006, 0.96186324, 8.35991749e-006, 0.273530815, 0.273530815, -3.06346408e-006, -0.96186324, -7.2031455e-006, 1, -5.23332853e-006, 0, 0, 0, 0, 0, 0, 0, 0.296489844, -0.0798237061, -0.211071216, -0.211719507, 0.496737563, -0.841660053, -0.953735352, 0.0826416016, 0.288818359, 0.212988564, 0.863960182, 0.456498765, 0, 0, -0, 0, 0, 0, 0, 0.355536914, -0.0233394043, -0.16654541, 0.248453664, 0.341818739, -0.906200113, 0.524658203, -0.833862305, -0.170654297, -0.81418306, -0.433073297, -0.386636663, 0, 1, 3, 1, 
217.034442, 23, 0.1, 0.1, 0.0117102927, 0.368880973, -0.0349707543, 0.961863183, -9.73935514e-006, 0.273531015, 0.273531015, -7.98680275e-006, -0.961863183, 1.15525654e-005, 1, -5.01819583e-006, 0.961863192, -9.13784869e-006, 0.273530984, 0.273530984, -1.07474272e-005, -0.961863192, 1.17291146e-005, 1, -7.83806987e-006, 0, 0, 0, 0, 0, 0, 0, 0.296489844, -0.0798237061, -0.211071216, -0.211719507, 0.496737563, -0.841660053, -0.953735352, 0.0826416016, 0.288818359, 0.212988564, 0.863960182, 0.456498765, 0, 0, -0, 0, 0, 0, 0, 0.355536914, -0.0233394043, -0.16654541, 0.248453664, 0.341818739, -0.906200113, 0.524658203, -0.833862305, -0.170654297, -0.81418306, -0.433073297, -0.386636663, 0, 1, 3, 1, 
217.03517, 23, 0.1, 0.1, 0.011710291, 0.368880973, -0.0349704602, 0.961863173, 5.7227465e-006, 0.273531054, 0.273531054, -5.95033184e-006, -0.961863172, -3.87689856e-006, 1, -7.28875394e-006, 0.96186317, 1.10708679e-005, 0.273531064, 0.273531064, -1.84710961e-006, -0.96186317, -1.01434182e-005, 1, -4.80489297e-006, 0, 0, 0, 0, 0, 0, 0, 0.296931079, -0.0814020264, -0.21040625, -0.21172662, 0.496414052, -0.841761524, -0.954101562, 0.0811767578, 0.287963867, 0.211382996, 0.864258605, 0.456638428, 0, 0, -0, 0, 0, 0, 0, 0.355637842, -0.0248263184, -0.16635293, 0.246249479, 0.340719195, -0.907254082, 0.52734375, -0.832519531, -0.169433594, -0.813064559, -0.43662566, -0.384783556, 0, 1, 3, 1, 
217.035869, 23, 0.1, 0.1, 0.0117102934, 0.368880973, -0.0349698587, 0.961863215, 5.98170503e-006, 0.273530905, 0.273530905, -2.7445541e-006, -0.961863215, -5.00286166e-006, 1, -4.27606682e-006, 0.961863204, -7.00561048e-006, 0.273530941, 0.273530941, 1.90158325e-006, -0.961863204, 6.21829709e-006, 1, 3.74531419e-006, 0, 0, 0, 0, 0, 0, 0, 0.296931079, -0.0814020264, -0.21040625, -0.21172662, 0.496414052, -0.841761524, -0.954101562, 0.0811767578, 0.287963867, 0.211382996, 0.864258605, 0.456638428, 0, 0, -0, 0, 0, 0, 0, 0.355637842, -0.0248263184, -0.16635293, 0.246249479, 0.340719195, -0.907254082, 0.52734375, -0.832519531, -0.169433594, -0.813064559, -0.43662566, -0.384783556, 0, 1, 3, 1, 
217.036587, 23, 0.1, 0.1, 0.0117102931, 0.368880973, -0.0349689908, 0.961863245, -1.32876254e-005, 0.273530797, 0.273530797, 4.19013822e-007, -0.961863245, 1.26662653e-005, 1, 4.03760876e-006, 0.961863244, -9.26119624e-006, 0.273530801, 0.273530801, 4.88671454e-006, -0.961863244, 7.57133731e-006, 1, 7.23357353e-006, 0, 0, 0, 0, 0, 0, 0, 0.296931079, -0.0814020264, -0.21040625, -0.21172662, 0.496414052, -0.841761524, -0.954101562, 0.0811767578, 0.287963867, 0.211382996, 0.864258605, 0.456638428, 0, 0, -0, 0, 0, 0, 0, 0.355637842, -0.0248263184, -0.16635293, 0.246249479, 0.340719195, -0.907254082, 0.52734375, -0.832519531, -0.169433594, -0.813064559, -0.43662566, -0.384783556, 0, 1, 3, 1, 
217.037308, 23, 0.1, 0.1, 0.011710292, 0.368880973, -0.0349681749, 0.961863214, 9.25772518e-006, 0.273530906, 0.273530906, 1.07780288e-005, -0.961863214, -1.18527893e-005, 1, 7.83471546e-006, 0.961863226, 1.05924518e-005, 0.273530867, 0.273530867, 8.05382168e-006, -0.961863226, -1.23914587e-005, 1, 4.84931237e-006, 0, 0, 0, 0, 0, 0, 0, 0.296931079, -0.0814020264, -0.21040625, -0.21172662, 0.496414052, -0.841761524, -0.954101562, 0.0811767578, 0.287963867, 0.211382996, 0.864258605, 0.456638428, 0, 0, -0, 0, 0, 0, 0, 0.355637842, -0.0248263184, -0.16635293, 0.246460566, 0.339760376, -0.907618287, 0.529541016, -0.831542969, -0.167480469, -0.81156946, -0.43918129, -0.384821836, 0, 1, 3, 1, 
