time, trialNum, realDorsalTactorPos, realVentralTactorPos, boxPosX, boxPosY, boxPosZ, boxLocalRot_11, boxLocalRot_12, boxLocalRot_13, boxLocalRot_21, boxLocalRot_22, boxLocalRot_23, boxLocalRot_31, boxLocalRot_32, boxLocalRot_33, boxGlobalRot_11, boxGlobalRot_12, boxGlobalRot_13, boxGlobalRot_21, boxGlobalRot_22, boxGlobalRot_23, boxGlobalRot_31, boxGlobalRot_32, boxGlobalRot_33, indexForceX, indexForceY, indexForceZ, indexForceGlobalX, indexForceGlobalY, indexForceGlobalZ, indexContact, indexPosX, indexPosY, indexPosZ, indexRot_11, indexRot_12, indexRot_13, indexRot_21, indexRot_22, indexRot_23, indexRot_31, indexRot_32, indexRot_33, thumbForceX, thumbForceY, thumbForceZ, thumbForceGlobalX, thumbForceGlobalY, thumbForceGlobalZ, thumbContact, thumbPosX, thumbPosY, thumbPosZ, thumbRot_11, thumbRot_12, thumbRot_13, thumbRot_21, thumbRot_22, thumbRot_23, thumbRot_31, thumbRot_32, thumbRot_33, manipForceTooHigh, cceExpType, mapping, trialSuccess, 
264.335469, 31, 0.1, 0.1, 0.00783680157, 0.362742488, -0.0349686704, 0.870118044, -9.97011661e-006, 0.492843372, 0.492843372, -1.41147886e-005, -0.870118044, 1.56315584e-005, 1, -7.36782633e-006, 0.870118094, -1.0754307e-005, 0.492843284, 0.492843284, 2.72144703e-006, -0.870118094, 8.01627022e-006, 1, 7.66816828e-006, 0, 0, 0, 0, 0, 0, 0, 0.2475021, -0.0981414551, -0.212831567, -0.297606294, 0.624295322, -0.72218003, -0.877441406, 0.119140625, 0.464599609, 0.376137935, 0.771950104, 0.5124717, 0, 0, -0, 0, 0, 0, 0, 0.321636768, -0.0526256348, -0.175813818, 0.110978842, 0.455003083, -0.88347712, 0.344482422, -0.85144043, -0.395263672, -0.93210435, -0.260384194, -0.251318026, 0, 1, 5, 1, 
264.35174, 31, 0.1, 0.1, 0.00783680158, 0.36274252, -0.0349632132, 0.870110038, -5.66791429e-006, 0.492857506, 0.492857506, -1.33758463e-005, -0.870110038, 1.15240954e-005, 1, -8.84498405e-006, 0.870110141, 1.13580105e-005, 0.492857325, 0.492857325, -1.65396599e-005, -0.870110141, -1.73102754e-006, 1, -1.99892045e-005, 0, 0, 0, 0, 0, 0, 0, 0.254052319, -0.113274512, -0.209080054, -0.31276745, 0.611393104, -0.726886646, -0.877929687, 0.105834961, 0.466796875, 0.362348683, 0.784128153, 0.503824168, 0, 0, -0, 0, 0, 0, 0, 0.327364355, -0.0656631348, -0.171840039, 0.100948452, 0.448034683, -0.888262455, 0.364990234, -0.847167969, -0.385864258, -0.925425796, -0.285174173, -0.248997902, 0, 1, 5, 1, 
264.352461, 31, 0.1, 0.1, 0.00783680527, 0.362742516, -0.0349617515, 0.870109662, 1.07097018e-005, 0.492858171, 0.492858171, 1.03494838e-005, -0.870109662, -1.44194427e-005, 1, 3.72682177e-006, 0.870109718, -1.16434389e-006, 0.492858072, 0.492858072, 1.73044259e-005, -0.870109718, -7.51551906e-006, 1, 1.56306054e-005, 0, 0, 0, 0, 0, 0, 0, 0.254052319, -0.113274512, -0.209080054, -0.31276745, 0.611393104, -0.726886646, -0.877929687, 0.105834961, 0.466796875, 0.362348683, 0.784128153, 0.503824168, 0, 0, -0, 0, 0, 0, 0, 0.327364355, -0.0656631348, -0.171840039, 0.100948452, 0.448034683, -0.888262455, 0.364990234, -0.847167969, -0.385864258, -0.925425796, -0.285174173, -0.248997902, 0, 1, 5, 1, 
264.353167, 31, 0.1, 0.1, 0.00783680256, 0.362742522, -0.0349625076, 0.870109514, -5.78061526e-006, 0.492858431, 0.492858431, -1.55576514e-005, -0.870109514, 1.2697488e-005, 1, -1.06878356e-005, 0.870109529, -4.66350901e-007, 0.492858404, 0.492858404, -2.607889e-005, -0.870109529, 1.32589765e-005, 1, -2.24616458e-005, 0, 0, 0, 0, 0, 0, 0, 0.254052319, -0.113274512, -0.209080054, -0.31276745, 0.611393104, -0.726886646, -0.877929687, 0.105834961, 0.466796875, 0.362348683, 0.784128153, 0.503824168, 0, 0, -0, 0, 0, 0, 0, 0.327364355, -0.0656631348, -0.171840039, 0.100948452, 0.448034683, -0.888262455, 0.364990234, -0.847167969, -0.385864258, -0.925425796, -0.285174173, -0.248997902, 0, 1, 5, 1, 
264.353875, 31, 0.1, 0.1, 0.0078368025, 0.362742516, -0.0349652093, 0.870109524, 4.33386659e-006, 0.492858413, 0.492858413, 1.11344424e-005, -0.870109524, -9.25864218e-006, 1, 7.55220173e-006, 0.870109517, 4.61414985e-006, 0.492858427, 0.492858427, 2.28571844e-005, -0.870109517, -1.52801716e-005, 1, 1.7614131e-005, 0, 0, 0, 0, 0, 0, 0, 0.254052319, -0.113274512, -0.209080054, -0.31276745, 0.611393104, -0.726886646, -0.877929687, 0.105834961, 0.466796875, 0.362348683, 0.784128153, 0.503824168, 0, 0, -0, 0, 0, 0, 0, 0.327364355, -0.0656631348, -0.171840039, 0.100948452, 0.448034683, -0.888262455, 0.364990234, -0.847167969, -0.385864258, -0.925425796, -0.285174173, -0.248997902, 0, 1, 5, 1, 
264.354574, 31, 0.1, 0.1, 0.00783680116, 0.362742521, -0.0349689142, 0.870109556, 1.01874826e-005, 0.492858357, 0.492858357, -2.18483546e-006, -0.870109556, -7.78741154e-006, 1, -6.92203215e-006, 0.870109552, 5.36829519e-006, 0.492858364, 0.492858364, -1.5585761e-005, -0.870109552, 3.01056775e-006, 1, -1.62071287e-005, 0, 0, 0, 0, 0, 0, 0, 0.254052319, -0.113274512, -0.209080054, -0.31276745, 0.611393104, -0.726886646, -0.877929687, 0.105834961, 0.466796875, 0.362348683, 0.784128153, 0.503824168, 0, 0, -0, 0, 0, 0, 0, 0.327364355, -0.0656631348, -0.171840039, 0.100948452, 0.448034683, -0.888262455, 0.364990234, -0.847167969, -0.385864258, -0.925425796, -0.285174173, -0.248997902, 0, 1, 5, 1, 
264.355302, 31, 0.1, 0.1, 0.00783680267, 0.362742516, -0.034972513, 0.870109481, -1.26095766e-005, 0.492858489, 0.492858489, 1.46611332e-006, -0.870109482, 1.02491258e-005, 1, 7.49041596e-006, 0.870109508, -1.19603037e-005, 0.492858443, 0.492858443, 1.17224461e-005, -0.870109508, 4.62926746e-006, 1, 1.60945484e-005, 0, 0, 0, 0, 0, 0, 0, 0.255126636, -0.114477759, -0.2081573, -0.3176186, 0.609547522, -0.726327993, -0.878540039, 0.0989990234, 0.467163086, 0.356690249, 0.786521527, 0.504230054, 0, 0, -0, 0, 0, 0, 0, 0.327364355, -0.0656631348, -0.171840039, 0.0972429714, 0.448391225, -0.888505258, 0.372314453, -0.844238281, -0.385375977, -0.922869433, -0.293237718, -0.249023422, 0, 1, 5, 1, 
264.356006, 31, 0.1, 0.1, 0.00783680085, 0.362742518, -0.0349746311, 0.870109292, 8.81260987e-006, 0.492858823, 0.492858823, 8.01501421e-007, -0.870109292, -8.06296078e-006, 1, -3.64597869e-006, 0.870109336, 1.27968244e-005, 0.492858745, 0.492858745, -5.63431413e-006, -0.870109336, -8.35771538e-006, 1, -1.12094961e-005, 0, 0, 0, 0, 0, 0, 0, 0.255126636, -0.114477759, -0.2081573, -0.3176186, 0.609547522, -0.726327993, -0.878540039, 0.0989990234, 0.467163086, 0.356690249, 0.786521527, 0.504230054, 0, 0, -0, 0, 0, 0, 0, 0.32828916, -0.0667020996, -0.170963672, 0.0972429714, 0.448391225, -0.888505258, 0.372314453, -0.844238281, -0.385375977, -0.922869433, -0.293237718, -0.249023422, 0, 1, 5, 1, 
264.35671, 31, 0.1, 0.1, 0.00783680476, 0.362742515, -0.0349750314, 0.870109033, -7.7466123e-006, 0.492859281, 0.492859281, 2.07275143e-006, -0.870109033, 5.71882255e-006, 1, 5.62150952e-006, 0.870109085, -1.55564023e-005, 0.492859188, 0.492859188, 6.5640701e-006, -0.870109085, 1.03006047e-005, 1, 1.33785728e-005, 0, 0, 0, 0, 0, 0, 0, 0.255126636, -0.114477759, -0.2081573, -0.3176186, 0.609547522, -0.726327993, -0.878540039, 0.0989990234, 0.467163086, 0.356690249, 0.786521527, 0.504230054, 0, 0, -0, 0, 0, 0, 0, 0.32828916, -0.0667020996, -0.170963672, 0.0972429714, 0.448391225, -0.888505258, 0.372314453, -0.844238281, -0.385375977, -0.922869433, -0.293237718, -0.249023422, 0, 1, 5, 1, 
264.357414, 31, 0.1, 0.1, 0.00783680208, 0.362742518, -0.0349737118, 0.870108788, -3.77524275e-006, 0.492859712, 0.492859712, -6.82256792e-006, -0.870108788, 6.64744075e-006, 1, -4.07571125e-006, 0.870108833, 8.37672701e-006, 0.492859633, 0.492859633, -9.24536554e-006, -0.870108833, -2.7319967e-006, 1, -1.21730248e-005, 0, 0, 0, 0, 0, 0, 0, 0.255126636, -0.114477759, -0.2081573, -0.3176186, 0.609547522, -0.726327993, -0.878540039, 0.0989990234, 0.467163086, 0.356690249, 0.786521527, 0.504230054, 0, 0, -0, 0, 0, 0, 0, 0.32828916, -0.0667020996, -0.170963672, 0.0972429714, 0.448391225, -0.888505258, 0.372314453, -0.844238281, -0.385375977, -0.922869433, -0.293237718, -0.249023422, 0, 1, 5, 1, 
264.358118, 31, 0.1, 0.1, 0.00783680437, 0.362742514, -0.0349711882, 0.87010866, 8.93298885e-006, 0.492859939, 0.492859939, 9.33409121e-006, -0.87010866, -1.23730706e-005, 1, 3.71896126e-006, 0.870108675, -7.88431277e-008, 0.492859913, 0.492859913, 1.48235272e-005, -0.870108675, -7.23732023e-006, 1, 1.29369382e-005, 0, 0, 0, 0, 0, 0, 0, 0.255126636, -0.114477759, -0.2081573, -0.3176186, 0.609547522, -0.726327993, -0.878540039, 0.0989990234, 0.467163086, 0.356690249, 0.786521527, 0.504230054, 0, 0, -0, 0, 0, 0, 0, 0.32828916, -0.0667020996, -0.170963672, 0.0972429714, 0.448391225, -0.888505258, 0.372314453, -0.844238281, -0.385375977, -0.922869433, -0.293237718, -0.249023422, 0, 1, 5, 1, 
264.358827, 31, 0.1, 0.1, 0.00783680245, 0.362742518, -0.0349681937, 0.870108685, -5.91079876e-006, 0.492859895, 0.492859895, -1.06619168e-005, -0.870108685, 1.03978685e-005, 1, -6.36383075e-006, 0.87010867, -1.48078644e-006, 0.492859922, 0.492859922, -1.9689005e-005, -0.87010867, 1.09923666e-005, 1, -1.64017537e-005, 0, 0, 0, 0, 0, 0, 0, 0.255126636, -0.114477759, -0.2081573, -0.3176186, 0.609547522, -0.726327993, -0.878540039, 0.0989990234, 0.467163086, 0.356690249, 0.786521527, 0.504230054, 0, 0, -0, 0, 0, 0, 0, 0.32828916, -0.0667020996, -0.170963672, 0.0972429714, 0.448391225, -0.888505258, 0.372314453, -0.844238281, -0.385375977, -0.922869433, -0.293237718, -0.249023422, 0, 1, 5, 1, 
264.359531, 31, 0.1, 0.1, 0.00783680244, 0.362742513, -0.0349657434, 0.870108826, 3.81027674e-006, 0.492859646, 0.492859646, 7.30312285e-006, -0.870108826, -6.91476996e-006, 1, 4.47658e-006, 0.870108794, 4.22095658e-006, 0.492859703, 0.492859703, 1.99226084e-005, -0.870108794, -1.34917423e-005, 1, 1.52544974e-005, 0, 0, 0, 0, 0, 0, 0, 0.255126636, -0.114477759, -0.2081573, -0.3176186, 0.609547522, -0.726327993, -0.878540039, 0.0989990234, 0.467163086, 0.356690249, 0.786521527, 0.504230054, 0, 0, -0, 0, 0, 0, 0, 0.32828916, -0.0667020996, -0.170963672, 0.0972429714, 0.448391225, -0.888505258, 0.372314453, -0.844238281, -0.385375977, -0.922869433, -0.293237718, -0.249023422, 0, 1, 5, 1, 
264.360263, 31, 0.1, 0.1, 0.00783680124, 0.362742519, -0.0349641929, 0.870108977, 1.03984561e-005, 0.492859379, 0.492859379, -4.66640508e-006, -0.870108977, -6.7479085e-006, 1, -9.18525758e-006, 0.870108952, 5.05040222e-006, 0.492859424, 0.492859424, -2.06748705e-005, -0.870108952, 5.79540456e-006, 1, -2.04785282e-005, 0, 0, 0, 0, 0, 0, 0, 0.255909229, -0.115453003, -0.207421167, -0.323815087, 0.607803412, -0.725045934, -0.878540039, 0.0913085937, 0.46887207, 0.351121304, 0.788775238, 0.504521363, 0, 0, -0, 0, 0, 0, 0, 0.329139258, -0.0675229492, -0.170511816, 0.0924448765, 0.448786047, -0.888728738, 0.379638672, -0.841064453, -0.385131836, -0.920427908, -0.301665467, -0.248064969, 0, 1, 5, 1, 
264.360969, 31, 0.1, 0.1, 0.00783680373, 0.362742514, -0.0349642171, 0.870108987, -1.74635107e-005, 0.492859362, 0.492859362, -1.3356106e-006, -0.870108987, 1.58534258e-005, 1, 7.44492794e-006, 0.870108998, -1.69938833e-005, 0.492859343, 0.492859343, 1.11174002e-005, -0.870108998, 9.30721623e-006, 1, 1.80489442e-005, 0, 0, 0, 0, 0, 0, 0, 0.255909229, -0.115453003, -0.207421167, -0.323815087, 0.607803412, -0.725045934, -0.878540039, 0.0913085937, 0.46887207, 0.351121304, 0.788775238, 0.504521363, 0, 0, -0, 0, 0, 0, 0, 0.329139258, -0.0675229492, -0.170511816, 0.0924448765, 0.448786047, -0.888728738, 0.379638672, -0.841064453, -0.385131836, -0.920427908, -0.301665467, -0.248064969, 0, 1, 5, 1, 
264.361675, 31, 0.1, 0.1, 0.00783680118, 0.362742518, -0.0349657175, 0.870108831, 1.22765266e-005, 0.492859637, 0.492859637, 3.50866649e-007, -0.870108831, -1.08548422e-005, 1, -5.74531226e-006, 0.870108872, 1.75209546e-005, 0.492859565, 0.492859566, -8.68381037e-006, -0.870108872, -1.0965239e-005, 1, -1.61912305e-005, 0, 0, 0, 0, 0, 0, 0, 0.255909229, -0.115453003, -0.207421167, -0.323815087, 0.607803412, -0.725045934, -0.878540039, 0.0913085937, 0.46887207, 0.351121304, 0.788775238, 0.504521363, 0, 0, -0, 0, 0, 0, 0, 0.329139258, -0.0675229492, -0.170511816, 0.0924448765, 0.448786047, -0.888728738, 0.379638672, -0.841064453, -0.385131836, -0.920427908, -0.301665467, -0.248064969, 0, 1, 5, 1, 
264.362395, 31, 0.1, 0.1, 0.00783680657, 0.362742514, -0.0349681022, 0.87010856, -1.12852432e-005, 0.492860115, 0.492860115, 4.35884298e-006, -0.87010856, 7.67108686e-006, 1, 9.35471286e-006, 0.870108616, -2.11464283e-005, 0.492860017, 0.492860018, 9.84750726e-006, -0.870108616, 1.35462468e-005, 1, 1.89906299e-005, 0, 0, 0, 0, 0, 0, 0, 0.255909229, -0.115453003, -0.207421167, -0.328697316, 0.604466838, -0.725592605, -0.878417969, 0.0864257812, 0.469848633, 0.346827304, 0.79189913, 0.502630477, 0, 0, -0, 0, 0, 0, 0, 0.329139258, -0.0675229492, -0.170511816, 0.0924448765, 0.448786047, -0.888728738, 0.379638672, -0.841064453, -0.385131836, -0.920427908, -0.301665467, -0.248064969, 0, 1, 5, 1, 
264.363134, 31, 0.1, 0.1, 0.00783680223, 0.362742518, -0.0349702176, 0.870108295, -3.64605539e-007, 0.492860584, 0.492860584, -9.43734193e-006, -0.870108295, 4.96854016e-006, 1, -8.03180979e-006, 0.870108341, 1.31949836e-005, 0.492860503, 0.492860503, -1.19856005e-005, -0.87010834, -5.57383615e-006, 1, -1.69320572e-005, 0, 0, 0, 0, 0, 0, 0, 0.256986108, -0.116953467, -0.20656189, -0.328697316, 0.604466838, -0.725592605, -0.878417969, 0.0864257812, 0.469848633, 0.346827304, 0.79189913, 0.502630477, 0, 0, -0, 0, 0, 0, 0, 0.329828857, -0.0690989746, -0.169663037, 0.0888287148, 0.447251569, -0.889865829, 0.384521484, -0.839599609, -0.383544922, -0.918721355, -0.308086626, -0.246588827, 0, 1, 5, 1, 
264.363867, 31, 0.1, 0.1, 0.00783680528, 0.362742513, -0.0349714428, 0.870108171, 6.4073119e-006, 0.492860803, 0.492860802, 1.18028001e-005, -0.870108171, -1.1392192e-005, 1, 7.11179994e-006, 0.870108183, -2.13769311e-006, 0.492860781, 0.492860781, 1.67433056e-005, -0.870108183, -6.39209443e-006, 1, 1.56220723e-005, 0, 0, 0, 0, 0, 0, 0, 0.256986108, -0.116953467, -0.20656189, -0.328697316, 0.604466838, -0.725592605, -0.878417969, 0.0864257812, 0.469848633, 0.346827304, 0.79189913, 0.502630477, 0, 0, -0, 0, 0, 0, 0, 0.329828857, -0.0690989746, -0.169663037, 0.0888287148, 0.447251569, -0.889865829, 0.384521484, -0.839599609, -0.383544922, -0.918721355, -0.308086626, -0.246588827, 0, 1, 5, 1, 
264.364573, 31, 0.1, 0.1, 0.00783680396, 0.362742517, -0.0349719038, 0.8701082, -6.30058121e-006, 0.492860752, 0.492860752, -8.71081367e-006, -0.8701082, 9.77540555e-006, 1, -4.47404121e-006, 0.870108185, -2.39395773e-006, 0.492860778, 0.492860778, -1.61546584e-005, -0.870108185, 1.00449997e-005, 1, -1.28764127e-005, 0, 0, 0, 0, 0, 0, 0, 0.256986108, -0.116953467, -0.20656189, -0.328697316, 0.604466838, -0.725592605, -0.878417969, 0.0864257812, 0.469848633, 0.346827304, 0.79189913, 0.502630477, 0, 0, -0, 0, 0, 0, 0, 0.329828857, -0.0690989746, -0.169663037, 0.0888287148, 0.447251569, -0.889865829, 0.384521484, -0.839599609, -0.383544922, -0.918721355, -0.308086626, -0.246588827, 0, 1, 5, 1, 
264.365279, 31, 0.1, 0.1, 0.00783680441, 0.362742512, -0.0349715468, 0.870108329, 2.0238566e-006, 0.492860523, 0.492860523, 6.88542861e-006, -0.870108329, -5.15453043e-006, 1, 4.99358976e-006, 0.8701083, 2.27641395e-006, 0.492860574, 0.492860574, 1.728912e-005, -0.8701083, -1.05018523e-005, 1, 1.39214521e-005, 0, 0, 0, 0, 0, 0, 0, 0.256986108, -0.116953467, -0.20656189, -0.328697316, 0.604466838, -0.725592605, -0.878417969, 0.0864257812, 0.469848633, 0.346827304, 0.79189913, 0.502630477, 0, 0, -0, 0, 0, 0, 0, 0.329828857, -0.0690989746, -0.169663037, 0.0888287148, 0.447251569, -0.889865829, 0.384521484, -0.839599609, -0.383544922, -0.918721355, -0.308086626, -0.246588827, 0, 1, 5, 1, 
264.365981, 31, 0.1, 0.1, 0.00783680373, 0.362742517, -0.0349705318, 0.870108462, 7.81784223e-006, 0.492860289, 0.492860289, -3.31072228e-006, -0.870108462, -5.17064713e-006, 1, -6.73379145e-006, 0.870108439, 3.32018374e-006, 0.49286033, 0.49286033, -1.61670185e-005, -0.870108439, 5.07916216e-006, 1, -1.5703446e-005, 0, 0, 0, 0, 0, 0, 0, 0.256986108, -0.116953467, -0.20656189, -0.328697316, 0.604466838, -0.725592605, -0.878417969, 0.0864257812, 0.469848633, 0.346827304, 0.79189913, 0.502630477, 0, 0, -0, 0, 0, 0, 0, 0.329828857, -0.0690989746, -0.169663037, 0.0888287148, 0.447251569, -0.889865829, 0.384521484, -0.839599609, -0.383544922, -0.918721355, -0.308086626, -0.246588827, 0, 1, 5, 1, 
264.366685, 31, 0.1, 0.1, 0.00783680596, 0.362742513, -0.0349692464, 0.870108482, -1.47316859e-005, 0.492860253, 0.492860253, -2.9499911e-006, -0.870108482, 1.42720982e-005, 1, 4.69385018e-006, 0.870108489, -1.46458928e-005, 0.492860241, 0.492860241, 7.79670848e-006, -0.870108489, 8.90082807e-006, 1, 1.40023605e-005, 0, 0, 0, 0, 0, 0, 0, 0.256986108, -0.116953467, -0.20656189, -0.328697316, 0.604466838, -0.725592605, -0.878417969, 0.0864257812, 0.469848633, 0.346827304, 0.79189913, 0.502630477, 0, 0, -0, 0, 0, 0, 0, 0.329828857, -0.0690989746, -0.169663037, 0.0888287148, 0.447251569, -0.889865829, 0.384521484, -0.839599609, -0.383544922, -0.918721355, -0.308086626, -0.246588827, 0, 1, 5, 1, 
264.367388, 31, 0.1, 0.1, 0.00783680341, 0.362742517, -0.0349680955, 0.870108358, 1.1227838e-005, 0.492860472, 0.492860472, -7.06630428e-008, -0.870108358, -9.73460867e-006, 1, -5.59524205e-006, 0.870108393, 1.64558642e-005, 0.492860411, 0.492860411, -8.72380601e-006, -0.870108393, -1.00187669e-005, 1, -1.57011008e-005, 0, 0, 0, 0, 0, 0, 0, 0.256986108, -0.116953467, -0.20656189, -0.331249449, 0.600952408, -0.727294776, -0.878173828, 0.0852050781, 0.470458984, 0.344759683, 0.794680416, 0.499686684, 0, 0, -0, 0, 0, 0, 0, 0.329828857, -0.0690989746, -0.169663037, 0.0888287148, 0.447251569, -0.889865829, 0.384521484, -0.839599609, -0.383544922, -0.918721355, -0.308086626, -0.246588827, 0, 1, 5, 1, 
264.368115, 31, 0.1, 0.1, 0.00783680907, 0.362742513, -0.0349670591, 0.870108117, -1.09140604e-005, 0.492860898, 0.492860898, 2.72720693e-006, -0.870108117, 8.15227885e-006, 1, 7.75207847e-006, 0.870108166, -2.15823345e-005, 0.492860811, 0.492860811, 8.62024717e-006, -0.870108166, 1.45303835e-005, 1, 1.81376344e-005, 0, 0, 0, 0, 0, 0, 0, 0.257519116, -0.119133789, -0.205318384, -0.331249449, 0.600952408, -0.727294776, -0.878173828, 0.0852050781, 0.470458984, 0.344759683, 0.794680416, 0.499686684, 0, 0, -0, 0, 0, 0, 0, 0.330146436, -0.070889209, -0.168824268, 0.0864903681, 0.44528289, -0.891111561, 0.387939453, -0.838867188, -0.381469727, -0.917494213, -0.31271228, -0.245246846, 0, 1, 5, 1, 
264.368831, 31, 0.1, 0.1, 0.00783680495, 0.362742516, -0.0349666302, 0.870107886, -2.21441444e-006, 0.492861305, 0.492861305, -9.43508917e-006, -0.870107886, 6.57696983e-006, 1, -7.11814631e-006, 0.870107927, 1.28388478e-005, 0.492861232, 0.492861233, -1.25268549e-005, -0.870107927, -4.99718211e-006, 1, -1.72274861e-005, 0, 0, 0, 0, 0, 0, 0, 0.257519116, -0.119133789, -0.205318384, -0.331249449, 0.600952408, -0.727294776, -0.878173828, 0.0852050781, 0.470458984, 0.344759683, 0.794680416, 0.499686684, 0, 0, -0, 0, 0, 0, 0, 0.330146436, -0.070889209, -0.168824268, 0.0864903681, 0.44528289, -0.891111561, 0.387939453, -0.838867188, -0.381469727, -0.917494213, -0.31271228, -0.245246846, 0, 1, 5, 1, 
264.369534, 31, 0.1, 0.1, 0.0078368075, 0.362742512, -0.034967012, 0.870107795, 9.90320546e-006, 0.492861466, 0.492861466, 1.29785371e-005, -0.870107795, -1.50134771e-005, 1, 6.41181798e-006, 0.870107801, -2.23882074e-007, 0.492861456, 0.492861456, 1.8601022e-005, -0.870107801, -8.97292523e-006, 1, 1.62952372e-005, 0, 0, 0, 0, 0, 0, 0, 0.257519116, -0.119133789, -0.205318384, -0.331249449, 0.600952408, -0.727294776, -0.878173828, 0.0852050781, 0.470458984, 0.344759683, 0.794680416, 0.499686684, 0, 0, -0, 0, 0, 0, 0, 0.330146436, -0.070889209, -0.168824268, 0.0864903681, 0.44528289, -0.891111561, 0.387939453, -0.838867188, -0.381469727, -0.917494213, -0.31271228, -0.245246846, 0, 1, 5, 1, 
264.370236, 31, 0.1, 0.1, 0.00783680494, 0.362742516, -0.034968062, 0.870107867, -4.22889989e-006, 0.492861339, 0.492861339, -1.03994245e-005, -0.870107867, 8.80507334e-006, 1, -6.9643598e-006, 0.870107843, 2.87102218e-007, 0.492861382, 0.492861382, -1.88532429e-005, -0.870107843, 9.04222547e-006, 1, -1.65458561e-005, 0, 0, 0, 0, 0, 0, 0, 0.257519116, -0.119133789, -0.205318384, -0.331249449, 0.600952408, -0.727294776, -0.878173828, 0.0852050781, 0.470458984, 0.344759683, 0.794680416, 0.499686684, 0, 0, -0, 0, 0, 0, 0, 0.330146436, -0.070889209, -0.168824268, 0.0864903681, 0.44528289, -0.891111561, 0.387939453, -0.838867188, -0.381469727, -0.917494213, -0.31271228, -0.245246846, 0, 1, 5, 1, 
264.37099, 31, 0.1, 0.1, 0.00783680495, 0.362742508, -0.0349688614, 0.870108065, 4.0381792e-006, 0.49286099, 0.49286099, 1.26360141e-005, -0.870108065, -9.7414507e-006, 1, 9.00443676e-006, 0.870108023, 4.24245017e-006, 0.492861063, 0.492861063, 2.43606849e-005, -0.870108023, -1.5697823e-005, 1, 1.91054889e-005, 0, 0, 0, 0, 0, 0, 0, 0.257519116, -0.119133789, -0.205318384, -0.331249449, 0.600952408, -0.727294776, -0.878173828, 0.0852050781, 0.470458984, 0.344759683, 0.794680416, 0.499686684, 0, 0, -0, 0, 0, 0, 0, 0.330146436, -0.070889209, -0.168824268, 0.0864903681, 0.44528289, -0.891111561, 0.387939453, -0.838867188, -0.381469727, -0.917494213, -0.31271228, -0.245246846, 0, 1, 5, 1, 
264.371696, 31, 0.1, 0.1, 0.00783680354, 0.362742512, -0.0349696644, 0.87010825, 1.02325559e-005, 0.492860664, 0.492860664, -1.57724631e-006, -0.87010825, -8.12606867e-006, 1, -6.41559933e-006, 0.870108217, 5.48378389e-006, 0.492860721, 0.492860721, -1.41811721e-005, -0.870108217, 2.21785727e-006, 1, -1.5041896e-005, 0, 0, 0, 0, 0, 0, 0, 0.257519116, -0.119133789, -0.205318384, -0.331249449, 0.600952408, -0.727294776, -0.878173828, 0.0852050781, 0.470458984, 0.344759683, 0.794680416, 0.499686684, 0, 0, -0, 0, 0, 0, 0, 0.330146436, -0.070889209, -0.168824268, 0.0864903681, 0.44528289, -0.891111561, 0.387939453, -0.838867188, -0.381469727, -0.917494213, -0.31271228, -0.245246846, 0, 1, 5, 1, 
264.372412, 31, 0.1, 0.1, 0.007836805, 0.362742509, -0.0349702803, 0.870108315, -1.25112714e-005, 0.492860548, 0.492860548, -4.18794402e-006, -0.870108315, 1.29502336e-005, 1, 2.52234714e-006, 0.870108314, -1.21049348e-005, 0.492860551, 0.492860551, 7.81735284e-006, -0.870108314, 6.67973962e-006, 1, 1.27679886e-005, 0, 0, 0, 0, 0, 0, 0, 0.257519116, -0.119133789, -0.205318384, -0.332493316, 0.599074626, -0.728381004, -0.877807617, 0.0856933594, 0.471191406, 0.344709508, 0.796090155, 0.497510479, 0, 0, -0, 0, 0, 0, 0, 0.330146436, -0.070889209, -0.168824268, 0.0864903681, 0.44528289, -0.891111561, 0.387939453, -0.838867188, -0.381469727, -0.917494213, -0.31271228, -0.245246846, 0, 1, 5, 1, 
264.373126, 31, 0.1, 0.1, 0.00783680207, 0.362742514, -0.0349703118, 0.870108228, 1.19829059e-005, 0.492860702, 0.492860702, -5.01642327e-006, -0.870108228, -7.95402712e-006, 1, -1.02707346e-005, 0.870108254, 1.69001847e-005, 0.492860656, 0.492860656, -1.260587e-005, -0.870108254, -8.49205285e-006, 1, -1.92979076e-005, 0, 0, 0, 0, 0, 0, 0, 0.258125122, -0.121681128, -0.204487549, -0.332493316, 0.599074626, -0.728381004, -0.877807617, 0.0856933594, 0.471191406, 0.344709508, 0.796090155, 0.497510479, 0, 0, -0, 0, 0, 0, 0, 0.330306934, -0.0725708008, -0.167957666, 0.085308435, 0.444336831, -0.891648207, 0.390136719, -0.838378906, -0.380493164, -0.91675924, -0.315389311, -0.244812279, 0, 1, 5, 1, 
264.373831, 31, 0.1, 0.1, 0.00783680629, 0.362742512, -0.0349700215, 0.870108042, -8.06050362e-006, 0.49286103, 0.49286103, -1.08109129e-006, -0.870108042, 7.54633679e-006, 1, 3.03204189e-006, 0.870108081, -1.75573884e-005, 0.49286096, 0.492860961, 3.36378801e-006, -0.870108082, 1.36189457e-005, 1, 1.15802104e-005, 0, 0, 0, 0, 0, 0, 0, 0.258125122, -0.121681128, -0.204487549, -0.332493316, 0.599074626, -0.728381004, -0.877807617, 0.0856933594, 0.471191406, 0.344709508, 0.796090155, 0.497510479, 0, 0, -0, 0, 0, 0, 0, 0.330306934, -0.0725708008, -0.167957666, 0.085308435, 0.444336831, -0.891648207, 0.390136719, -0.838378906, -0.380493164, -0.91675924, -0.315389311, -0.244812279, 0, 1, 5, 1, 
264.374537, 31, 0.1, 0.1, 0.00783680254, 0.362742515, -0.0349695219, 0.870107859, -2.45791259e-006, 0.492861354, 0.492861354, -7.28103028e-006, -0.870107859, 5.7271875e-006, 1, -5.12387154e-006, 0.870107893, 1.14981993e-005, 0.492861293, 0.492861293, -1.09015166e-005, -0.870107893, -4.63173839e-006, 1, -1.5152513e-005, 0, 0, 0, 0, 0, 0, 0, 0.258125122, -0.121681128, -0.204487549, -0.332493316, 0.599074626, -0.728381004, -0.877807617, 0.0856933594, 0.471191406, 0.344709508, 0.796090155, 0.497510479, 0, 0, -0, 0, 0, 0, 0, 0.330306934, -0.0725708008, -0.167957666, 0.085308435, 0.444336831, -0.891648207, 0.390136719, -0.838378906, -0.380493164, -0.91675924, -0.315389311, -0.244812279, 0, 1, 5, 1, 
264.375262, 31, 0.1, 0.1, 0.00783680482, 0.36274251, -0.0349688325, 0.870107791, 1.04529241e-005, 0.492861473, 0.492861472, 1.49691503e-005, -0.870107791, -1.64728882e-005, 1, 7.87293079e-006, 0.870107793, 1.02833544e-006, 0.49286147, 0.49286147, 2.03064038e-005, -0.870107793, -1.09030067e-005, 1, 1.71619332e-005, 0, 0, 0, 0, 0, 0, 0, 0.2585229, -0.12426106, -0.203460571, -0.333388584, 0.596530728, -0.729987695, -0.877807617, 0.0859375, 0.471191406, 0.343738978, 0.797976172, 0.495169523, 0, 0, -0, 0, 0, 0, 0, 0.330532129, -0.0747484375, -0.166904443, 0.0851104744, 0.442477161, -0.892644939, 0.391845703, -0.838500977, -0.378295898, -0.916043591, -0.317548654, -0.244671554, 0, 1, 5, 1, 
264.375963, 31, 0.1, 0.1, 0.00783680243, 0.362742513, -0.0349682241, 0.87010788, -4.78863668e-006, 0.492861317, 0.492861317, -6.72090476e-006, -0.87010788, 7.47910448e-006, 1, -3.48777841e-006, 0.870107852, -2.34453162e-007, 0.492861365, 0.492861365, -1.52628488e-005, -0.870107852, 7.72646803e-006, 1, -1.31647717e-005, 0, 0, 0, 0, 0, 0, 0, 0.2585229, -0.12426106, -0.203460571, -0.333388584, 0.596530728, -0.729987695, -0.877807617, 0.0859375, 0.471191406, 0.343738978, 0.797976172, 0.495169523, 0, 0, -0, 0, 0, 0, 0, 0.330532129, -0.0747484375, -0.166904443, 0.0851104744, 0.442477161, -0.892644939, 0.391845703, -0.838500977, -0.378295898, -0.916043591, -0.317548654, -0.244671554, 0, 1, 5, 1, 
264.376667, 31, 0.1, 0.1, 0.00783680234, 0.362742506, -0.0349679907, 0.870108075, 3.6921195e-006, 0.492860972, 0.492860972, 1.11977465e-005, -0.870108075, -8.73147521e-006, 1, 7.92354805e-006, 0.870108033, 4.0807529e-006, 0.492861046, 0.492861046, 2.30557731e-005, -0.870108033, -1.49139883e-005, 1, 1.80497693e-005, 0, 0, 0, 0, 0, 0, 0, 0.2585229, -0.12426106, -0.203460571, -0.333388584, 0.596530728, -0.729987695, -0.877807617, 0.0859375, 0.471191406, 0.343738978, 0.797976172, 0.495169523, 0, 0, -0, 0, 0, 0, 0, 0.330532129, -0.0747484375, -0.166904443, 0.0851104744, 0.442477161, -0.892644939, 0.391845703, -0.838500977, -0.378295898, -0.916043591, -0.317548654, -0.244671554, 0, 1, 5, 1, 
264.377374, 31, 0.1, 0.1, 0.00783680121, 0.362742511, -0.034968156, 0.870108268, 9.58144536e-006, 0.492860632, 0.492860632, -1.89991035e-006, -0.870108268, -7.4005038e-006, 1, -6.37544492e-006, 0.870108233, 4.65362988e-006, 0.492860693, 0.492860693, -1.56287304e-005, -0.870108233, 3.65362521e-006, 1, -1.58922782e-005, 0, 0, 0, 0, 0, 0, 0, 0.2585229, -0.12426106, -0.203460571, -0.333388584, 0.596530728, -0.729987695, -0.877807617, 0.0859375, 0.471191406, 0.343738978, 0.797976172, 0.495169523, 0, 0, -0, 0, 0, 0, 0, 0.330532129, -0.0747484375, -0.166904443, 0.0851104744, 0.442477161, -0.892644939, 0.391845703, -0.838500977, -0.378295898, -0.916043591, -0.317548654, -0.244671554, 0, 1, 5, 1, 
264.378077, 31, 0.1, 0.1, 0.00783680322, 0.362742507, -0.0349686333, 0.870108335, -1.4902585e-005, 0.492860513, 0.492860513, -2.7296347e-006, -0.870108335, 1.43121926e-005, 1, 4.96981779e-006, 0.870108334, -1.44765581e-005, 0.492860515, 0.492860515, 8.6207985e-006, -0.870108334, 8.34732264e-006, 1, 1.46359525e-005, 0, 0, 0, 0, 0, 0, 0, 0.2585229, -0.12426106, -0.203460571, -0.333388584, 0.596530728, -0.729987695, -0.877807617, 0.0859375, 0.471191406, 0.343738978, 0.797976172, 0.495169523, 0, 0, -0, 0, 0, 0, 0, 0.330532129, -0.0747484375, -0.166904443, 0.0851104744, 0.442477161, -0.892644939, 0.391845703, -0.838500977, -0.378295898, -0.916043591, -0.317548654, -0.244671554, 0, 1, 5, 1, 
264.378787, 31, 0.1, 0.1, 0.00783680083, 0.362742511, -0.0349692246, 0.870108247, 1.09324029e-005, 0.492860669, 0.492860669, -3.49612158e-006, -0.870108247, -7.78927312e-006, 1, -8.43015564e-006, 0.870108273, 1.58771305e-005, 0.492860622, 0.492860622, -1.13225807e-005, -0.870108273, -8.23436849e-006, 1, -1.76770835e-005, 0, 0, 0, 0, 0, 0, 0, 0.2585229, -0.12426106, -0.203460571, -0.333388584, 0.596530728, -0.729987695, -0.877807617, 0.0859375, 0.471191406, 0.343738978, 0.797976172, 0.495169523, 0, 0, -0, 0, 0, 0, 0, 0.330532129, -0.0747484375, -0.166904443, 0.0851104744, 0.442477161, -0.892644939, 0.391845703, -0.838500977, -0.378295898, -0.916043591, -0.317548654, -0.244671554, 0, 1, 5, 1, 
264.379494, 31, 0.1, 0.1, 0.00783680556, 0.362742509, -0.0349697546, 0.870108056, -9.29232524e-006, 0.492861006, 0.492861006, 2.91778051e-007, -0.870108056, 7.94152103e-006, 1, 4.8337032e-006, 0.870108096, -1.89692577e-005, 0.492860934, 0.492860934, 4.9307684e-006, -0.870108097, 1.40751216e-005, 1, 1.36395076e-005, 0, 0, 0, 0, 0, 0, 0, 0.2585229, -0.12426106, -0.203460571, -0.333388584, 0.596530728, -0.729987695, -0.877807617, 0.0859375, 0.471191406, 0.343738978, 0.797976172, 0.495169523, 0, 0, -0, 0, 0, 0, 0, 0.330532129, -0.0747484375, -0.166904443, 0.0851104744, 0.442477161, -0.892644939, 0.391845703, -0.838500977, -0.378295898, -0.916043591, -0.317548654, -0.244671554, 0, 1, 5, 1, 
264.380229, 31, 0.1, 0.1, 0.0078368019, 0.362742512, -0.0349699034, 0.870107863, -2.96567335e-006, 0.492861346, 0.492861346, -7.00408391e-006, -0.870107863, 6.03249793e-006, 1, -4.63264272e-006, 0.870107898, 1.07443295e-005, 0.492861285, 0.492861285, -1.03997175e-005, -0.870107898, -4.2231078e-006, 1, -1.43443403e-005, 0, 0, 0, 0, 0, 0, 0, 0.259673633, -0.125943994, -0.202813794, -0.336849091, 0.594044117, -0.730381597, -0.878051758, 0.0816650391, 0.471435547, 0.339837758, 0.800223892, 0.494243175, 0, 0, -0, 0, 0, 0, 0, 0.331542871, -0.0762575684, -0.166047852, 0.0829638917, 0.441543494, -0.893290226, 0.396240234, -0.837036133, -0.376953125, -0.914305322, -0.322679237, -0.244371148, 0, 1, 5, 1, 
264.380934, 31, 0.1, 0.1, 0.00783680448, 0.362742507, -0.0349696249, 0.870107795, 8.84272516e-006, 0.492861467, 0.492861467, 1.38451235e-005, -0.870107795, -1.4517852e-005, 1, 7.68851141e-006, 0.870107797, -6.16275024e-007, 0.492861463, 0.492861463, 1.91672146e-005, -0.870107797, -8.91055575e-006, 1, 1.69812811e-005, 0, 0, 0, 0, 0, 0, 0, 0.259673633, -0.125943994, -0.202813794, -0.336849091, 0.594044117, -0.730381597, -0.878051758, 0.0816650391, 0.471435547, 0.339837758, 0.800223892, 0.494243175, 0, 0, -0, 0, 0, 0, 0, 0.331542871, -0.0762575684, -0.166047852, 0.0829638917, 0.441543494, -0.893290226, 0.396240234, -0.837036133, -0.376953125, -0.914305322, -0.322679237, -0.244371148, 0, 1, 5, 1, 
264.381637, 31, 0.1, 0.1, 0.00783680233, 0.362742511, -0.0349692941, 0.870107877, -4.62648054e-006, 0.492861322, 0.492861322, -7.66965735e-006, -0.870107877, 7.80561462e-006, 1, -4.39321596e-006, 0.870107851, -4.45302531e-007, 0.492861367, 0.492861367, -1.58854681e-005, -0.870107851, 8.21679474e-006, 1, -1.36025981e-005, 0, 0, 0, 0, 0, 0, 0, 0.259673633, -0.125943994, -0.202813794, -0.336849091, 0.594044117, -0.730381597, -0.878051758, 0.0816650391, 0.471435547, 0.339837758, 0.800223892, 0.494243175, 0, 0, -0, 0, 0, 0, 0, 0.331542871, -0.0762575684, -0.166047852, 0.0829638917, 0.441543494, -0.893290226, 0.396240234, -0.837036133, -0.376953125, -0.914305322, -0.322679237, -0.244371148, 0, 1, 5, 1, 
264.382344, 31, 0.1, 0.1, 0.00783680203, 0.362742505, -0.0349689732, 0.870108063, 4.53393744e-006, 0.492860994, 0.492860994, 9.27902595e-006, -0.870108063, -8.51828548e-006, 1, 5.83915437e-006, 0.870108022, 4.77962881e-006, 0.492861066, 0.492861066, 2.09777597e-005, -0.870108022, -1.44979144e-005, 1, 1.5897224e-005, 0, 0, 0, 0, 0, 0, 0, 0.259673633, -0.125943994, -0.202813794, -0.336849091, 0.594044117, -0.730381597, -0.878051758, 0.0816650391, 0.471435547, 0.339837758, 0.800223892, 0.494243175, 0, 0, -0, 0, 0, 0, 0, 0.331542871, -0.0762575684, -0.166047852, 0.0829638917, 0.441543494, -0.893290226, 0.396240234, -0.837036133, -0.376953125, -0.914305322, -0.322679237, -0.244371148, 0, 1, 5, 1, 
264.383048, 31, 0.1, 0.1, 0.00783680052, 0.362742509, -0.0349687584, 0.870108246, 1.06068897e-005, 0.49286067, 0.49286067, -2.91156657e-006, -0.870108246, -7.79414552e-006, 1, -7.76109684e-006, 0.870108213, 5.82473044e-006, 0.492860728, 0.492860728, -1.63650666e-005, -0.870108213, 2.99755284e-006, 1, -1.71101597e-005, 0, 0, 0, 0, 0, 0, 0, 0.259673633, -0.125943994, -0.202813794, -0.336849091, 0.594044117, -0.730381597, -0.878051758, 0.0816650391, 0.471435547, 0.339837758, 0.800223892, 0.494243175, 0, 0, -0, 0, 0, 0, 0, 0.331542871, -0.0762575684, -0.166047852, 0.0829638917, 0.441543494, -0.893290226, 0.396240234, -0.837036133, -0.376953125, -0.914305322, -0.322679237, -0.244371148, 0, 1, 5, 1, 
264.383763, 31, 0.1, 0.1, 0.00783680224, 0.362742505, -0.0349686082, 0.870108306, -1.40505794e-005, 0.492860563, 0.492860563, -3.07068276e-006, -0.870108307, 1.37389443e-005, 1, 4.2531499e-006, 0.870108307, -1.36751416e-005, 0.492860563, 0.492860563, 8.21505822e-006, -0.870108307, 7.84997611e-006, 1, 1.38879284e-005, 0, 0, 0, 0, 0, 0, 0, 0.259673633, -0.125943994, -0.202813794, -0.336849091, 0.594044117, -0.730381597, -0.878051758, 0.0816650391, 0.471435547, 0.339837758, 0.800223892, 0.494243175, 0, 0, -0, 0, 0, 0, 0, 0.331542871, -0.0762575684, -0.166047852, 0.0829638917, 0.441543494, -0.893290226, 0.396240234, -0.837036133, -0.376953125, -0.914305322, -0.322679237, -0.244371148, 0, 1, 5, 1, 
264.384517, 31, 0.1, 0.1, 0.00783679923, 0.36274251, -0.0349684147, 0.870108201, 1.14204179e-005, 0.49286075, 0.49286075, -6.86214966e-007, -0.870108201, -9.59879085e-006, 1, -6.22575699e-006, 0.870108233, 1.71489032e-005, 0.492860692, 0.492860693, -9.51751337e-006, -0.870108233, -1.02305936e-005, 1, -1.67332871e-005, 0, 0, 0, 0, 0, 0, 0, 0.259673633, -0.125943994, -0.202813794, -0.336849091, 0.594044117, -0.730381597, -0.878051758, 0.0816650391, 0.471435547, 0.339837758, 0.800223892, 0.494243175, 0, 0, -0, 0, 0, 0, 0, 0.331542871, -0.0762575684, -0.166047852, 0.0829638917, 0.441543494, -0.893290226, 0.396240234, -0.837036133, -0.376953125, -0.914305322, -0.322679237, -0.244371148, 0, 1, 5, 1, 
264.385307, 31, 0.1, 0.1, 0.00783680575, 0.362742506, -0.0349674877, 0.87010797, -1.28830196e-005, 0.492861157, 0.492861157, 7.52348548e-007, -0.870107971, 1.08388147e-005, 1, 7.0041644e-006, 0.870108017, -2.3433738e-005, 0.492861075, 0.492861075, 6.87202097e-006, -0.870108017, 1.70029317e-005, 1, 1.75289778e-005, 0, 0, 0, 0, 0, 0, 0, 0.260642993, -0.12800481, -0.202350342, -0.33957908, 0.592972115, -0.730038991, -0.877929687, 0.0786132812, 0.472167969, 0.337427532, 0.801258824, 0.49406532, 0, 0, -0, 0, 0, 0, 0, 0.332604883, -0.0778864258, -0.165391553, 0.0817181595, 0.441670726, -0.893373349, 0.399658203, -0.835571289, -0.376586914, -0.912963341, -0.326225403, -0.244748113, 0, 1, 5, 1, 
264.386014, 31, 0.1, 0.1, 0.00783680116, 0.362742511, -0.0349665803, 0.870107744, -1.52359164e-006, 0.492861557, 0.492861557, -1.27514013e-005, -0.870107744, 7.61036438e-006, 1, -1.03441733e-005, 0.870107782, 1.35468131e-005, 0.492861489, 0.492861489, -1.59722687e-005, -0.870107782, -3.91507141e-006, 1, -2.05742977e-005, 0, 0, 0, 0, 0, 0, 0, 0.260642993, -0.12800481, -0.202350342, -0.33957908, 0.592972115, -0.730038991, -0.877929687, 0.0786132812, 0.472167969, 0.337427532, 0.801258824, 0.49406532, 0, 0, -0, 0, 0, 0, 0, 0.332604883, -0.0778864258, -0.165391553, 0.0817181595, 0.441670726, -0.893373349, 0.399658203, -0.835571289, -0.376586914, -0.912963341, -0.326225403, -0.244748113, 0, 1, 5, 1, 
264.386724, 31, 0.1, 0.1, 0.00783680376, 0.362742508, -0.0349665296, 0.870107665, 9.98812207e-006, 0.492861696, 0.492861696, 1.1169606e-005, -0.870107665, -1.41958126e-005, 1, 4.79599705e-006, 0.870107668, -1.59428896e-007, 0.492861691, 0.492861691, 1.66840943e-005, -0.870107668, -8.0842306e-006, 1, 1.45955347e-005, 0, 0, 0, 0, 0, 0, 0, 0.260642993, -0.12800481, -0.202350342, -0.33957908, 0.592972115, -0.730038991, -0.877929687, 0.0786132812, 0.472167969, 0.337427532, 0.801258824, 0.49406532, 0, 0, -0, 0, 0, 0, 0, 0.332604883, -0.0778864258, -0.165391553, 0.0817181595, 0.441670726, -0.893373349, 0.399658203, -0.835571289, -0.376586914, -0.912963341, -0.326225403, -0.244748113, 0, 1, 5, 1, 
264.387476, 31, 0.1, 0.1, 0.00783680136, 0.362742513, -0.034966969, 0.870107763, -6.40220688e-006, 0.492861524, 0.492861524, -1.13671073e-005, -0.870107763, 1.11730197e-005, 1, -6.73520683e-006, 0.87010773, -1.07176049e-006, 0.492861581, 0.492861581, -2.16736451e-005, -0.87010773, 1.16146541e-005, 1, -1.83301766e-005, 0, 0, 0, 0, 0, 0, 0, 0.260642993, -0.12800481, -0.202350342, -0.33957908, 0.592972115, -0.730038991, -0.877929687, 0.0786132812, 0.472167969, 0.337427532, 0.801258824, 0.49406532, 0, 0, -0, 0, 0, 0, 0, 0.332604883, -0.0778864258, -0.165391553, 0.0792201318, 0.442858489, -0.893009144, 0.403686523, -0.833251953, -0.377441406, -0.911384754, -0.330519302, -0.244709834, 0, 1, 5, 1, 
264.388183, 31, 0.1, 0.1, 0.00783680178, 0.362742507, -0.0349677599, 0.87010797, 2.4040197e-006, 0.492861157, 0.492861157, 1.02922074e-005, -0.87010797, -7.16438593e-006, 1, 7.77048373e-006, 0.870107926, 2.75503306e-006, 0.492861234, 0.492861234, 2.14889795e-005, -0.870107926, -1.29882611e-005, 1, 1.73398824e-005, 0, 0, 0, 0, 0, 0, 0, 0.260642993, -0.12800481, -0.202350342, -0.33957908, 0.592972115, -0.730038991, -0.877929687, 0.0786132812, 0.472167969, 0.337427532, 0.801258824, 0.49406532, 0, 0, -0, 0, 0, 0, 0, 0.333589014, -0.0792375977, -0.164920166, 0.0792201318, 0.442858489, -0.893009144, 0.403686523, -0.833251953, -0.377441406, -0.911384754, -0.330519302, -0.244709834, 0, 1, 5, 1, 
264.388888, 31, 0.1, 0.1, 0.00783680087, 0.362742512, -0.0349689031, 0.870108172, 9.32457684e-006, 0.4928608, 0.4928608, -1.94574067e-006, -0.870108172, -7.15441121e-006, 1, -6.28872326e-006, 0.870108137, 4.33219477e-006, 0.492860863, 0.492860863, -1.54511063e-005, -0.870108137, 3.84576766e-006, 1, -1.55793025e-005, 0, 0, 0, 0, 0, 0, 0, 0.260642993, -0.12800481, -0.202350342, -0.33957908, 0.592972115, -0.730038991, -0.877929687, 0.0786132812, 0.472167969, 0.337427532, 0.801258824, 0.49406532, 0, 0, -0, 0, 0, 0, 0, 0.333589014, -0.0792375977, -0.164920166, 0.0792201318, 0.442858489, -0.893009144, 0.403686523, -0.833251953, -0.377441406, -0.911384754, -0.330519302, -0.244709834, 0, 1, 5, 1, 
264.389643, 31, 0.1, 0.1, 0.00783680296, 0.362742507, -0.034969914, 0.870108249, -1.40699433e-005, 0.492860665, 0.492860665, -2.57232703e-006, -0.870108249, 1.35101725e-005, 1, 4.69631863e-006, 0.870108246, -1.38687879e-005, 0.492860669, 0.492860669, 9.81769027e-006, -0.870108246, 7.22859335e-006, 1, 1.53778334e-005, 0, 0, 0, 0, 0, 0, 0, 0.260642993, -0.12800481, -0.202350342, -0.342645684, 0.592261815, -0.729220107, -0.877807617, 0.0744628906, 0.473022461, 0.33445266, 0.802236468, 0.494553581, 0, 0, -0, 0, 0, 0, 0, 0.333589014, -0.0792375977, -0.164920166, 0.0792201318, 0.442858489, -0.893009144, 0.403686523, -0.833251953, -0.377441406, -0.911384754, -0.330519302, -0.244709834, 0, 1, 5, 1, 
