time, trialNum, realDorsalTactorPos, realVentralTactorPos, boxPosX, boxPosY, boxPosZ, boxLocalRot_11, boxLocalRot_12, boxLocalRot_13, boxLocalRot_21, boxLocalRot_22, boxLocalRot_23, boxLocalRot_31, boxLocalRot_32, boxLocalRot_33, boxGlobalRot_11, boxGlobalRot_12, boxGlobalRot_13, boxGlobalRot_21, boxGlobalRot_22, boxGlobalRot_23, boxGlobalRot_31, boxGlobalRot_32, boxGlobalRot_33, indexForceX, indexForceY, indexForceZ, indexForceGlobalX, indexForceGlobalY, indexForceGlobalZ, indexContact, indexPosX, indexPosY, indexPosZ, indexRot_11, indexRot_12, indexRot_13, indexRot_21, indexRot_22, indexRot_23, indexRot_31, indexRot_32, indexRot_33, thumbForceX, thumbForceY, thumbForceZ, thumbForceGlobalX, thumbForceGlobalY, thumbForceGlobalZ, thumbContact, thumbPosX, thumbPosY, thumbPosZ, thumbRot_11, thumbRot_12, thumbRot_13, thumbRot_21, thumbRot_22, thumbRot_23, thumbRot_31, thumbRot_32, thumbRot_33, manipForceTooHigh, cceExpType, mapping, trialSuccess, 
330.57813, 34, 0.1, 0.1, 0.0285927554, 0.369978641, -0.0349736114, 0.980697415, 1.74941832e-005, 0.19553153, 0.195531531, -5.75427961e-006, -0.980697415, -1.60313572e-005, 1, -9.06387157e-006, 0.980697353, 8.95527775e-006, 0.195531845, 0.195531845, 4.22492133e-006, -0.980697353, -9.60852385e-006, 1, 2.39232718e-006, 0, 0, 0, 0, 0, 0, 0, 0.36980564, -0.157491748, -0.140911255, -0.256401885, 0.585880002, -0.768675561, -0.838745117, 0.260253906, 0.478271484, 0.480226579, 0.767405587, 0.424917263, 0, 0, -0, 0, 0, 0, 0, 0.428056641, -0.118385205, -0.108429736, -0.0575116174, 0.308613474, -0.949398378, 0.347045898, -0.885375977, -0.308837891, -0.935943485, -0.347206619, -0.0562121285, 0, 1, 5, 1, 
330.625327, 34, 0.1, 0.1, 0.0285927562, 0.36997864, -0.0349690132, 0.980716964, 1.18196636e-005, 0.195433458, 0.195433458, -9.75340071e-006, -0.980716964, -9.68560374e-006, 1, -1.18752833e-005, 0.980716903, 1.16415495e-005, 0.195433766, 0.195433766, -3.94996171e-006, -0.980716903, -1.06451085e-005, 1, -6.14894607e-006, 0, 0, 0, 0, 0, 0, 0, 0.373769995, -0.161649292, -0.131618848, -0.265916973, 0.600955799, -0.753723339, -0.838378906, 0.241577148, 0.48840332, 0.475554024, 0.761928016, 0.439728343, 0, 0, -0, 0, 0, 0, 0, 0.433161377, -0.120993115, -0.0978760742, -0.0354146935, 0.361233203, -0.931701499, 0.385498047, -0.855224609, -0.346191406, -0.921960447, -0.371379798, -0.108972617, 0, 1, 5, 1, 
330.626029, 34, 0.1, 0.1, 0.028592759, 0.36997864, -0.0349676991, 0.980717272, -8.23747419e-006, 0.19543191, 0.19543191, 9.44225778e-006, -0.980717272, 6.23331474e-006, 1, 1.08700506e-005, 0.980717211, -1.50119892e-005, 0.19543222, 0.19543222, 8.67227085e-006, -0.980717211, 1.30276751e-005, 1, 1.14388717e-005, 0, 0, 0, 0, 0, 0, 0, 0.373769995, -0.161649292, -0.131618848, -0.265916973, 0.600955799, -0.753723339, -0.838378906, 0.241577148, 0.48840332, 0.475554024, 0.761928016, 0.439728343, 0, 0, -0, 0, 0, 0, 0, 0.433161377, -0.120993115, -0.0978760742, -0.0354146935, 0.361233203, -0.931701499, 0.385498047, -0.855224609, -0.346191406, -0.921960447, -0.371379798, -0.108972617, 0, 1, 5, 1, 
330.626729, 34, 0.1, 0.1, 0.0285927568, 0.369978642, -0.0349669927, 0.980717582, -5.41246217e-006, 0.195430358, 0.195430358, -7.18858533e-006, -0.980717582, 6.71296462e-006, 1, -5.9922126e-006, 0.980717521, 7.43219816e-006, 0.195430664, 0.195430664, -1.15109063e-005, -0.980717521, -5.03930288e-006, 1, -1.27414269e-005, 0, 0, 0, 0, 0, 0, 0, 0.373769995, -0.161649292, -0.131618848, -0.265916973, 0.600955799, -0.753723339, -0.838378906, 0.241577148, 0.48840332, 0.475554024, 0.761928016, 0.439728343, 0, 0, -0, 0, 0, 0, 0, 0.433161377, -0.120993115, -0.0978760742, -0.0354146935, 0.361233203, -0.931701499, 0.385498047, -0.855224609, -0.346191406, -0.921960447, -0.371379798, -0.108972617, 0, 1, 5, 1, 
330.62743, 34, 0.1, 0.1, 0.0285927577, 0.36997864, -0.0349670335, 0.980717896, 1.47644941e-005, 0.195428778, 0.195428778, -3.73487906e-006, -0.980717897, -1.37499008e-005, 1, -6.54826978e-006, 0.980717834, 6.90538104e-006, 0.195429094, 0.195429094, 6.82999138e-006, -0.980717834, -8.10700937e-006, 1, 5.34878199e-006, 0, 0, 0, 0, 0, 0, 0, 0.373769995, -0.161649292, -0.131618848, -0.265916973, 0.600955799, -0.753723339, -0.838378906, 0.241577148, 0.48840332, 0.475554024, 0.761928016, 0.439728343, 0, 0, -0, 0, 0, 0, 0, 0.433161377, -0.120993115, -0.0978760742, -0.0354146935, 0.361233203, -0.931701499, 0.385498047, -0.855224609, -0.346191406, -0.921960447, -0.371379798, -0.108972617, 0, 1, 5, 1, 
330.628127, 34, 0.1, 0.1, 0.028592758, 0.369978641, -0.0349677911, 0.980718212, -1.27728832e-005, 0.195427195, 0.195427196, 9.10561988e-006, -0.980718212, 1.07471134e-005, 1, 1.1426216e-005, 0.980718149, -1.19874194e-005, 0.195427511, 0.195427512, 3.50480225e-006, -0.980718149, 1.1071345e-005, 1, 5.77989472e-006, 0, 0, 0, 0, 0, 0, 0, 0.373769995, -0.161649292, -0.131618848, -0.265916973, 0.600955799, -0.753723339, -0.838378906, 0.241577148, 0.48840332, 0.475554024, 0.761928016, 0.439728343, 0, 0, -0, 0, 0, 0, 0, 0.433161377, -0.120993115, -0.0978760742, -0.0354146935, 0.361233203, -0.931701499, 0.385498047, -0.855224609, -0.346191406, -0.921960447, -0.371379798, -0.108972617, 0, 1, 5, 1, 
330.62884, 34, 0.1, 0.1, 0.0285927558, 0.369978641, -0.0349689371, 0.980718535, 6.98043552e-006, 0.195425576, 0.195425576, -1.17903046e-005, -0.980718535, -4.54171542e-006, 1, -1.29271259e-005, 0.980718472, 1.32438499e-005, 0.195425891, 0.195425892, -1.10448873e-005, -0.980718472, -1.08300313e-005, 1, -1.34201161e-005, 0, 0, 0, 0, 0, 0, 0, 0.373846143, -0.161343286, -0.131494214, -0.268785503, 0.602605551, -0.751343069, -0.837646484, 0.238769531, 0.491210938, 0.475390395, 0.761419538, 0.440710856, 0, 0, -0, 0, 0, 0, 0, 0.433161377, -0.120993115, -0.0978760742, -0.0358809769, 0.364606562, -0.930417488, 0.387573242, -0.853027344, -0.349243164, -0.921027514, -0.37311187, -0.110678803, 0, 1, 5, 1, 
330.629535, 34, 0.1, 0.1, 0.0285927584, 0.36997864, -0.0349700925, 0.980718849, 3.8118568e-006, 0.195423997, 0.195423997, 5.35802665e-006, -0.980718849, -4.7854468e-006, 1, 4.50978943e-006, 0.980718787, -7.88975806e-006, 0.195424307, 0.195424307, 8.6281083e-006, -0.980718787, 6.05149187e-006, 1, 1.00035984e-005, 0, 0, 0, 0, 0, 0, 0, 0.373846143, -0.161343286, -0.131494214, -0.268785503, 0.602605551, -0.751343069, -0.837646484, 0.238769531, 0.491210938, 0.475390395, 0.761419538, 0.440710856, 0, 0, -0, 0, 0, 0, 0, 0.433150146, -0.12102959, -0.097827002, -0.0358809769, 0.364606562, -0.930417488, 0.387573242, -0.853027344, -0.349243164, -0.921027514, -0.37311187, -0.110678803, 0, 1, 5, 1, 
330.630237, 34, 0.1, 0.1, 0.0285927577, 0.369978642, -0.0349709939, 0.980719166, -1.2225008e-005, 0.195422405, 0.195422405, 4.35594904e-006, -0.980719167, 1.11380496e-005, 1, 6.66100317e-006, 0.980719103, -5.41648525e-006, 0.195422726, 0.195422725, -5.49913415e-006, -0.980719103, 6.38670634e-006, 1, -4.3346016e-006, 0, 0, 0, 0, 0, 0, 0, 0.373846143, -0.161343286, -0.131494214, -0.268785503, 0.602605551, -0.751343069, -0.837646484, 0.238769531, 0.491210938, 0.475390395, 0.761419538, 0.440710856, 0, 0, -0, 0, 0, 0, 0, 0.433150146, -0.12102959, -0.097827002, -0.0358809769, 0.364606562, -0.930417488, 0.387573242, -0.853027344, -0.349243164, -0.921027514, -0.37311187, -0.110678803, 0, 1, 5, 1, 
330.630937, 34, 0.1, 0.1, 0.0285927572, 0.36997864, -0.0349713791, 0.98071948, 1.20953653e-005, 0.195420833, 0.195420833, -6.8682142e-006, -0.98071948, -1.05199682e-005, 1, -9.09947782e-006, 0.980719417, 1.15323501e-005, 0.195421146, 0.195421147, -1.86001066e-006, -0.980719417, -1.09465143e-005, 1, -4.07781366e-006, 0, 0, 0, 0, 0, 0, 0, 0.373846143, -0.161343286, -0.131494214, -0.268785503, 0.602605551, -0.751343069, -0.837646484, 0.238769531, 0.491210938, 0.475390395, 0.761419538, 0.440710856, 0, 0, -0, 0, 0, 0, 0, 0.433150146, -0.12102959, -0.097827002, -0.0358809769, 0.364606562, -0.930417488, 0.387573242, -0.853027344, -0.349243164, -0.921027514, -0.37311187, -0.110678803, 0, 1, 5, 1, 
330.631664, 34, 0.1, 0.1, 0.0285927598, 0.369978639, -0.034970901, 0.980719803, -7.58299357e-006, 0.19541921, 0.19541921, 1.10062103e-005, -0.980719803, 5.28596703e-006, 1, 1.2275871e-005, 0.980719741, -1.35005849e-005, 0.19541952, 0.19541952, 1.0753043e-005, -0.980719741, 1.11389356e-005, 1, 1.31839994e-005, 0, 0, 0, 0, 0, 0, 0, 0.373488623, -0.161255762, -0.131370923, -0.271437987, 0.604356774, -0.748981895, -0.836547852, 0.236572266, 0.494018555, 0.475810508, 0.760771395, 0.441572803, 0, 0, -0, 0, 0, 0, 0, 0.432885889, -0.120629834, -0.0975463867, -0.0368583863, 0.368056479, -0.929012074, 0.390380859, -0.850463867, -0.352416992, -0.919902817, -0.375572351, -0.112372229, 0, 1, 5, 1, 
330.632365, 34, 0.1, 0.1, 0.0285927579, 0.36997864, -0.034969922, 0.980720112, -5.69970139e-006, 0.195417658, 0.195417658, -6.1866699e-006, -0.980720112, 6.79879633e-006, 1, -4.9535693e-006, 0.980720052, 6.1348123e-006, 0.195417964, 0.195417964, -9.72555236e-006, -0.980720051, -4.1159858e-006, 1, -1.07368967e-005, 0, 0, 0, 0, 0, 0, 0, 0.373488623, -0.161255762, -0.131370923, -0.271437987, 0.604356774, -0.748981895, -0.836547852, 0.236572266, 0.494018555, 0.475810508, 0.760771395, 0.441572803, 0, 0, -0, 0, 0, 0, 0, 0.432885889, -0.120629834, -0.0975463867, -0.0368583863, 0.368056479, -0.929012074, 0.390380859, -0.850463867, -0.352416992, -0.919902817, -0.375572351, -0.112372229, 0, 1, 5, 1, 
330.633064, 34, 0.1, 0.1, 0.0285927588, 0.369978638, -0.0349688903, 0.980720422, 1.3295431e-005, 0.195416103, 0.195416103, -5.6461249e-006, -0.980720422, -1.1935757e-005, 1, -8.13541132e-006, 0.98072036, 5.9493437e-006, 0.195416415, 0.195416415, 4.73789607e-006, -0.98072036, -6.76050516e-006, 1, 3.48395172e-006, 0, 0, 0, 0, 0, 0, 0, 0.373488623, -0.161255762, -0.131370923, -0.271437987, 0.604356774, -0.748981895, -0.836547852, 0.236572266, 0.494018555, 0.475810508, 0.760771395, 0.441572803, 0, 0, -0, 0, 0, 0, 0, 0.432885889, -0.120629834, -0.0975463867, -0.0368583863, 0.368056479, -0.929012074, 0.390380859, -0.850463867, -0.352416992, -0.919902817, -0.375572351, -0.112372229, 0, 1, 5, 1, 
330.633763, 34, 0.1, 0.1, 0.0285927595, 0.36997864, -0.0349681153, 0.980720732, -1.27031239e-005, 0.195414546, 0.195414546, 7.86533221e-006, -0.980720732, 1.09212167e-005, 1, 1.01960696e-005, 0.980720669, -1.22312431e-005, 0.195414866, 0.195414866, 2.02892573e-006, -0.980720669, 1.15989507e-005, 1, 4.37997613e-006, 0, 0, 0, 0, 0, 0, 0, 0.373488623, -0.161255762, -0.131370923, -0.271437987, 0.604356774, -0.748981895, -0.836547852, 0.236572266, 0.494018555, 0.475810508, 0.760771395, 0.441572803, 0, 0, -0, 0, 0, 0, 0, 0.432885889, -0.120629834, -0.0975463867, -0.0368583863, 0.368056479, -0.929012074, 0.390380859, -0.850463867, -0.352416992, -0.919902817, -0.375572351, -0.112372229, 0, 1, 5, 1, 
330.634458, 34, 0.1, 0.1, 0.028592757, 0.36997864, -0.0349678029, 0.980721043, 8.27097384e-006, 0.19541299, 0.19541299, -1.04226316e-005, -0.980721043, -6.07480049e-006, 1, -1.18379498e-005, 0.980720981, 1.45004081e-005, 0.195413297, 0.195413297, -1.00853073e-005, -0.980720981, -1.22500513e-005, 1, -1.2724445e-005, 0, 0, 0, 0, 0, 0, 0, 0.373488623, -0.161255762, -0.131370923, -0.271437987, 0.604356774, -0.748981895, -0.836547852, 0.236572266, 0.494018555, 0.475810508, 0.760771395, 0.441572803, 0, 0, -0, 0, 0, 0, 0, 0.432885889, -0.120629834, -0.0975463867, -0.0368583863, 0.368056479, -0.929012074, 0.390380859, -0.850463867, -0.352416992, -0.919902817, -0.375572351, -0.112372229, 0, 1, 5, 1, 
330.635166, 34, 0.1, 0.1, 0.0285927592, 0.369978638, -0.0349679685, 0.980721359, 6.27238088e-006, 0.195411402, 0.195411402, 8.63849331e-006, -0.980721359, -7.83951799e-006, 1, 7.24626016e-006, 0.980721297, -6.32649835e-006, 0.195411711, 0.195411712, 1.24217178e-005, -0.980721297, 3.77718253e-006, 1, 1.34185151e-005, 0, 0, 0, 0, 0, 0, 0, 0.373488623, -0.161255762, -0.131370923, -0.271437987, 0.604356774, -0.748981895, -0.836547852, 0.236572266, 0.494018555, 0.475810508, 0.760771395, 0.441572803, 0, 0, -0, 0, 0, 0, 0, 0.432885889, -0.120629834, -0.0975463867, -0.0368583863, 0.368056479, -0.929012074, 0.390380859, -0.850463867, -0.352416992, -0.919902817, -0.375572351, -0.112372229, 0, 1, 5, 1, 
330.635871, 34, 0.1, 0.1, 0.0285927581, 0.369978639, -0.0349684926, 0.980721678, -1.33768128e-005, 0.195409801, 0.195409801, 5.7574918e-006, -0.980721678, 1.199386e-005, 1, 8.26045735e-006, 0.980721614, -5.67906256e-006, 0.195410121, 0.195410121, -4.27862728e-006, -0.980721614, 6.40566647e-006, 1, -3.08639595e-006, 0, 0, 0, 0, 0, 0, 0, 0.373488623, -0.161255762, -0.131370923, -0.271437987, 0.604356774, -0.748981895, -0.836547852, 0.236572266, 0.494018555, 0.475810508, 0.760771395, 0.441572803, 0, 0, -0, 0, 0, 0, 0, 0.432885889, -0.120629834, -0.0975463867, -0.0368583863, 0.368056479, -0.929012074, 0.390380859, -0.850463867, -0.352416992, -0.919902817, -0.375572351, -0.112372229, 0, 1, 5, 1, 
330.636595, 34, 0.1, 0.1, 0.028592758, 0.369978637, -0.0349689363, 0.980722006, 1.1880124e-005, 0.195408156, 0.195408156, -8.43601129e-006, -0.980722006, -1.00026336e-005, 1, -1.0594855e-005, 0.980721943, 1.1530793e-005, 0.19540847, 0.19540847, -2.56348736e-006, -0.980721943, -1.08075746e-005, 1, -4.76728294e-006, 0, 0, 0, 0, 0, 0, 0, 0.374125269, -0.161702979, -0.130019995, -0.272009745, 0.604312591, -0.748784944, -0.837158203, 0.235107422, 0.493896484, 0.474541554, 0.761272761, 0.442035976, 0, 0, -0, 0, 0, 0, 0, 0.433475684, -0.120243262, -0.0964301758, -0.0351777204, 0.371238074, -0.927728429, 0.393798828, -0.848022461, -0.354370117, -0.918376002, -0.377815549, -0.116410564, 0, 1, 5, 1, 
330.637294, 34, 0.1, 0.1, 0.0285927606, 0.369978637, -0.0349694771, 0.980722322, -7.95215241e-006, 0.19540657, 0.195406571, 9.16835778e-006, -0.980722322, 6.00729602e-006, 1, 1.0545516e-005, 0.980722259, -1.4159979e-005, 0.195406886, 0.195406886, 8.47254514e-006, -0.980722259, 1.22314129e-005, 1, 1.1076171e-005, 0, 0, 0, 0, 0, 0, 0, 0.374125269, -0.161702979, -0.130019995, -0.272009745, 0.604312591, -0.748784944, -0.837158203, 0.235107422, 0.493896484, 0.474541554, 0.761272761, 0.442035976, 0, 0, -0, 0, 0, 0, 0, 0.433475684, -0.120243262, -0.0964301758, -0.0351777204, 0.371238074, -0.927728429, 0.393798828, -0.848022461, -0.354370117, -0.918376002, -0.377815549, -0.116410564, 0, 1, 5, 1, 
330.637988, 34, 0.1, 0.1, 0.0285927585, 0.369978638, -0.0349700098, 0.980722634, -4.53614623e-006, 0.195405004, 0.195405004, -6.83192753e-006, -0.980722634, 5.7836941e-006, 1, -5.81384029e-006, 0.980722573, 6.87759661e-006, 0.195405309, 0.195405309, -1.05356137e-005, -0.980722573, -4.6862994e-006, 1, -1.1676433e-005, 0, 0, 0, 0, 0, 0, 0, 0.374125269, -0.161702979, -0.130019995, -0.272009745, 0.604312591, -0.748784944, -0.837158203, 0.235107422, 0.493896484, 0.474541554, 0.761272761, 0.442035976, 0, 0, -0, 0, 0, 0, 0, 0.433475684, -0.120243262, -0.0964301758, -0.0351777204, 0.371238074, -0.927728429, 0.393798828, -0.848022461, -0.354370117, -0.918376002, -0.377815549, -0.116410564, 0, 1, 5, 1, 
330.638683, 34, 0.1, 0.1, 0.0285927594, 0.369978637, -0.0349704211, 0.980722946, 1.24784097e-005, 0.195403438, 0.195403438, -3.62930391e-006, -0.980722946, -1.15286843e-005, 1, -5.99766579e-006, 0.980722883, 5.56938269e-006, 0.195403753, 0.195403753, 5.8093172e-006, -0.980722883, -6.59718343e-006, 1, 4.60905203e-006, 0, 0, 0, 0, 0, 0, 0, 0.374125269, -0.161702979, -0.130019995, -0.272009745, 0.604312591, -0.748784944, -0.837158203, 0.235107422, 0.493896484, 0.474541554, 0.761272761, 0.442035976, 0, 0, -0, 0, 0, 0, 0, 0.433475684, -0.120243262, -0.0964301758, -0.0351777204, 0.371238074, -0.927728429, 0.393798828, -0.848022461, -0.354370117, -0.918376002, -0.377815549, -0.116410564, 0, 1, 5, 1, 
330.639378, 34, 0.1, 0.1, 0.0285927599, 0.369978637, -0.0349705813, 0.980723255, -1.16809575e-005, 0.195401884, 0.195401884, 9.44003189e-006, -0.980723255, 9.61118668e-006, 1, 1.15405399e-005, 0.980723194, -1.13177303e-005, 0.195402193, 0.195402193, 4.1722709e-006, -0.980723194, 1.02842897e-005, 1, 6.30335217e-006, 0, 0, 0, 0, 0, 0, 0, 0.374125269, -0.161702979, -0.130019995, -0.272009745, 0.604312591, -0.748784944, -0.837158203, 0.235107422, 0.493896484, 0.474541554, 0.761272761, 0.442035976, 0, 0, -0, 0, 0, 0, 0, 0.433475684, -0.120243262, -0.0964301758, -0.0351777204, 0.371238074, -0.927728429, 0.393798828, -0.848022461, -0.354370117, -0.918376002, -0.377815549, -0.116410564, 0, 1, 5, 1, 
330.64012, 34, 0.1, 0.1, 0.0285927572, 0.369978638, -0.034970081, 0.980723585, 8.23103548e-006, 0.19540023, 0.19540023, -1.0655831e-005, -0.980723585, -5.99021879e-006, 1, -1.2058771e-005, 0.980723523, 1.43779759e-005, 0.195400542, 0.195400542, -1.0230321e-005, -0.980723523, -1.21018089e-005, 1, -1.28425808e-005, 0, 0, 0, 0, 0, 0, 0, 0.374125269, -0.161702979, -0.130019995, -0.272009745, 0.604312591, -0.748784944, -0.837158203, 0.235107422, 0.493896484, 0.474541554, 0.761272761, 0.442035976, 0, 0, -0, 0, 0, 0, 0, 0.433475684, -0.120243262, -0.0964301758, -0.0351777204, 0.371238074, -0.927728429, 0.393798828, -0.848022461, -0.354370117, -0.918376002, -0.377815549, -0.116410564, 0, 1, 5, 1, 
330.640826, 34, 0.1, 0.1, 0.0285927591, 0.369978636, -0.0349692301, 0.980723898, 6.51279779e-006, 0.195398657, 0.195398657, 6.16958513e-006, -0.980723898, -7.59278509e-006, 1, 4.77806764e-006, 0.980723832, -6.44049707e-006, 0.195398992, 0.195398992, 1.01500273e-005, -0.980723831, 4.33304385e-006, 1, 1.12128403e-005, 0, 0, 0, 0, 0, 0, 0, 0.374125269, -0.161702979, -0.130019995, -0.272099234, 0.603906705, -0.749089358, -0.837768555, 0.234130859, 0.493041992, 0.473196216, 0.761831415, 0.442454967, 0, 0, -0, 0, 0, 0, 0, 0.433475684, -0.120243262, -0.0964301758, -0.0351777204, 0.371238074, -0.927728429, 0.393798828, -0.848022461, -0.354370117, -0.918376002, -0.377815549, -0.116410564, 0, 1, 5, 1, 
330.64153, 34, 0.1, 0.1, 0.0285927581, 0.369978637, -0.0349683426, 0.980724212, -1.34919831e-005, 0.195397081, 0.195397081, 4.93303425e-006, -0.980724212, 1.22680141e-005, 1, 7.47424025e-006, 0.98072415, -5.86750165e-006, 0.195397392, 0.195397392, -5.54034989e-006, -0.98072415, 6.83697049e-006, 1, -4.28706042e-006, 0, 0, 0, 0, 0, 0, 0, 0.374116602, -0.162168506, -0.128694824, -0.272099234, 0.603906705, -0.749089358, -0.837768555, 0.234130859, 0.493041992, 0.473196216, 0.761831415, 0.442454967, 0, 0, -0, 0, 0, 0, 0, 0.433671729, -0.120738916, -0.0953388672, -0.0324237631, 0.373972708, -0.926808989, 0.395629883, -0.846679688, -0.35546875, -0.917718321, -0.378141841, -0.120487179, 0, 1, 5, 1, 
330.642224, 34, 0.1, 0.1, 0.0285927579, 0.369978636, -0.0349679033, 0.980724523, 1.17593168e-005, 0.195395521, 0.195395521, -8.05500775e-006, -0.980724523, -9.95873792e-006, 1, -1.01974615e-005, 0.980724461, 1.14170203e-005, 0.195395835, 0.195395835, -2.376144e-006, -0.980724461, -1.07326624e-005, 1, -4.56118075e-006, 0, 0, 0, 0, 0, 0, 0, 0.374116602, -0.162168506, -0.128694824, -0.272099234, 0.603906705, -0.749089358, -0.837768555, 0.234130859, 0.493041992, 0.473196216, 0.761831415, 0.442454967, 0, 0, -0, 0, 0, 0, 0, 0.433671729, -0.120738916, -0.0953388672, -0.0324237631, 0.373972708, -0.926808989, 0.395629883, -0.846679688, -0.35546875, -0.917718321, -0.378141841, -0.120487179, 0, 1, 5, 1, 
330.642917, 34, 0.1, 0.1, 0.0285927608, 0.369978635, -0.0349680358, 0.980724833, -8.94697399e-006, 0.195393964, 0.195393964, 1.16165498e-005, -0.980724833, 6.50471586e-006, 1, 1.31408236e-005, 0.980724772, -1.5116879e-005, 0.19539427, 0.19539427, 1.10103541e-005, -0.980724772, 1.26741376e-005, 1, 1.37518785e-005, 0, 0, 0, 0, 0, 0, 0, 0.374116602, -0.162168506, -0.128694824, -0.272099234, 0.603906705, -0.749089358, -0.837768555, 0.234130859, 0.493041992, 0.473196216, 0.761831415, 0.442454967, 0, 0, -0, 0, 0, 0, 0, 0.433671729, -0.120738916, -0.0953388672, -0.0324237631, 0.373972708, -0.926808989, 0.395629883, -0.846679688, -0.35546875, -0.917718321, -0.378141841, -0.120487179, 0, 1, 5, 1, 
330.643624, 34, 0.1, 0.1, 0.028592759, 0.369978636, -0.0349686359, 0.98072515, -6.74478314e-006, 0.195392376, 0.195392376, -5.90017915e-006, -0.98072515, 7.76762848e-006, 1, -4.46857488e-006, 0.980725082, 6.44224299e-006, 0.195392714, 0.195392714, -9.84848026e-006, -0.980725082, -4.393748e-006, 1, -1.0917419e-005, 0, 0, 0, 0, 0, 0, 0, 0.374116602, -0.162168506, -0.128694824, -0.272099234, 0.603906705, -0.749089358, -0.837768555, 0.234130859, 0.493041992, 0.473196216, 0.761831415, 0.442454967, 0, 0, -0, 0, 0, 0, 0, 0.433671729, -0.120738916, -0.0953388672, -0.031382188, 0.37590857, -0.926068186, 0.397338867, -0.845458984, -0.356567383, -0.917117876, -0.379043058, -0.122864172, 0, 1, 5, 1, 
330.644316, 34, 0.1, 0.1, 0.0285927605, 0.369978634, -0.0349693646, 0.980725462, 1.18096134e-005, 0.195390808, 0.195390808, -4.11227955e-006, -0.980725462, -1.0778487e-005, 1, -6.34050717e-006, 0.9807254, 4.4690444e-006, 0.195391118, 0.195391118, 5.88582987e-006, -0.9807254, -5.53294424e-006, 1, 4.89917127e-006, 0, 0, 0, 0, 0, 0, 0, 0.374116602, -0.162168506, -0.128694824, -0.272099234, 0.603906705, -0.749089358, -0.837768555, 0.234130859, 0.493041992, 0.473196216, 0.761831415, 0.442454967, 0, 0, -0, 0, 0, 0, 0, 0.434199756, -0.121299512, -0.094446875, -0.031382188, 0.37590857, -0.926068186, 0.397338867, -0.845458984, -0.356567383, -0.917117876, -0.379043058, -0.122864172, 0, 1, 5, 1, 
330.645009, 34, 0.1, 0.1, 0.028592761, 0.369978635, -0.0349701617, 0.980725773, -1.16973028e-005, 0.195389247, 0.195389247, 7.39444115e-006, -0.980725773, 1.0027052e-005, 1, 9.53744619e-006, 0.980725712, -1.13661042e-005, 0.195389555, 0.195389555, 2.2214006e-006, -0.980725712, 1.07129922e-005, 1, 4.39940273e-006, 0, 0, 0, 0, 0, 0, 0, 0.374116602, -0.162168506, -0.128694824, -0.272099234, 0.603906705, -0.749089358, -0.837768555, 0.234130859, 0.493041992, 0.473196216, 0.761831415, 0.442454967, 0, 0, -0, 0, 0, 0, 0, 0.434199756, -0.121299512, -0.094446875, -0.031382188, 0.37590857, -0.926068186, 0.397338867, -0.845458984, -0.356567383, -0.917117876, -0.379043058, -0.122864172, 0, 1, 5, 1, 
330.645704, 34, 0.1, 0.1, 0.0285927587, 0.369978636, -0.0349708003, 0.980726083, 8.04042085e-006, 0.195387691, 0.195387691, -9.79554881e-006, -0.980726083, -5.97152078e-006, 1, -1.11777495e-005, 0.980726021, 1.3809786e-005, 0.195388002, 0.195388003, -9.05429323e-006, -0.980726021, -1.17745163e-005, 1, -1.15780475e-005, 0, 0, 0, 0, 0, 0, 0, 0.374116602, -0.162168506, -0.128694824, -0.272099234, 0.603906705, -0.749089358, -0.837768555, 0.234130859, 0.493041992, 0.473196216, 0.761831415, 0.442454967, 0, 0, -0, 0, 0, 0, 0, 0.434199756, -0.121299512, -0.094446875, -0.031382188, 0.37590857, -0.926068186, 0.397338867, -0.845458984, -0.356567383, -0.917117876, -0.379043058, -0.122864172, 0, 1, 5, 1, 
330.646409, 34, 0.1, 0.1, 0.0285927608, 0.369978634, -0.0349709026, 0.980726395, 4.94972991e-006, 0.195386126, 0.195386126, 5.57990421e-006, -0.980726395, -5.94456664e-006, 1, 4.50525079e-006, 0.980726336, -6.26875376e-006, 0.195386424, 0.195386424, 9.19467344e-006, -0.980726336, 4.35141754e-006, 1, 1.02422878e-005, 0, 0, 0, 0, 0, 0, 0, 0.374289063, -0.16286814, -0.127591431, -0.273057782, 0.603278781, -0.749305406, -0.837768555, 0.233520508, 0.493408203, 0.472606484, 0.762548828, 0.441871226, 0, 0, -0, 0, 0, 0, 0, 0.434199756, -0.121299512, -0.094446875, -0.031382188, 0.37590857, -0.926068186, 0.397338867, -0.845458984, -0.356567383, -0.917117876, -0.379043058, -0.122864172, 0, 1, 5, 1, 
330.647101, 34, 0.1, 0.1, 0.0285927599, 0.369978636, -0.0349706764, 0.9807267, -1.18534227e-005, 0.195384593, 0.195384593, 3.24436974e-006, -0.9807267, 1.09910683e-005, 1, 5.49781621e-006, 0.980726639, -5.09495598e-006, 0.195384899, 0.195384899, -6.18902226e-006, -0.980726639, 6.20600055e-006, 1, -5.07426154e-006, 0, 0, 0, 0, 0, 0, 0, 0.374289063, -0.16286814, -0.127591431, -0.273057782, 0.603278781, -0.749305406, -0.837768555, 0.233520508, 0.493408203, 0.472606484, 0.762548828, 0.441871226, 0, 0, -0, 0, 0, 0, 0, 0.434199756, -0.121299512, -0.094446875, -0.031382188, 0.37590857, -0.926068186, 0.397338867, -0.845458984, -0.356567383, -0.917117876, -0.379043058, -0.122864172, 0, 1, 5, 1, 
330.647789, 34, 0.1, 0.1, 0.0285927593, 0.369978635, -0.0349702434, 0.980727002, 1.21750595e-005, 0.19538308, 0.19538308, -9.3295909e-006, -0.980727002, -1.01175654e-005, 1, -1.15285823e-005, 0.980726942, 1.18665089e-005, 0.195383381, 0.195383381, -4.1791762e-006, -0.980726942, -1.08212634e-005, 1, -6.41714932e-006, 0, 0, 0, 0, 0, 0, 0, 0.374289063, -0.16286814, -0.127591431, -0.273057782, 0.603278781, -0.749305406, -0.837768555, 0.233520508, 0.493408203, 0.472606484, 0.762548828, 0.441871226, 0, 0, -0, 0, 0, 0, 0, 0.434199756, -0.121299512, -0.094446875, -0.031382188, 0.37590857, -0.926068186, 0.397338867, -0.845458984, -0.356567383, -0.917117876, -0.379043058, -0.122864172, 0, 1, 5, 1, 
330.648491, 34, 0.1, 0.1, 0.0285927616, 0.369978635, -0.0349696695, 0.980727308, -6.73180882e-006, 0.195381543, 0.195381543, 9.91695084e-006, -0.980727308, 4.66447959e-006, 1, 1.10410957e-005, 0.980727248, -1.26824158e-005, 0.195381843, 0.195381843, 9.29241168e-006, -0.980727248, 1.06224223e-005, 1, 1.15912351e-005, 0, 0, 0, 0, 0, 0, 0, 0.374471655, -0.163987769, -0.126687598, -0.273838474, 0.603196405, -0.749083367, -0.837768555, 0.232910156, 0.493774414, 0.472359357, 0.762809059, 0.441712466, 0, 0, -0, 0, 0, 0, 0, 0.434199756, -0.121299512, -0.094446875, -0.031382188, 0.37590857, -0.926068186, 0.397338867, -0.845458984, -0.356567383, -0.917117876, -0.379043058, -0.122864172, 0, 1, 5, 1, 
330.649195, 34, 0.1, 0.1, 0.028592759, 0.369978636, -0.0349689053, 0.980727615, -4.25865875e-006, 0.195380002, 0.195380002, -6.48843484e-006, -0.980727615, 5.44429465e-006, 1, -5.53133047e-006, 0.980727556, 7.88015489e-006, 0.195380296, 0.195380296, -1.03947187e-005, -0.980727556, -5.69736182e-006, 1, -1.17340141e-005, 0, 0, 0, 0, 0, 0, 0, 0.374471655, -0.163987769, -0.126687598, -0.273838474, 0.603196405, -0.749083367, -0.837768555, 0.232910156, 0.493774414, 0.472359357, 0.762809059, 0.441712466, 0, 0, -0, 0, 0, 0, 0, 0.434781006, -0.122144873, -0.0933616699, -0.029637723, 0.377020141, -0.925653308, 0.399414063, -0.844360352, -0.356811523, -0.916198069, -0.380276397, -0.125643649, 0, 1, 5, 1, 
330.649889, 34, 0.1, 0.1, 0.0285927599, 0.369978634, -0.034968484, 0.98072792, 1.26840526e-005, 0.19537847, 0.19537847, -3.55168871e-006, -0.98072792, -1.1745681e-005, 1, -5.96143109e-006, 0.980727859, 5.61211197e-006, 0.195378779, 0.195378779, 6.53916337e-006, -0.980727859, -6.7815683e-006, 1, 5.31665211e-006, 0, 0, 0, 0, 0, 0, 0, 0.374471655, -0.163987769, -0.126687598, -0.273838474, 0.603196405, -0.749083367, -0.837768555, 0.232910156, 0.493774414, 0.472359357, 0.762809059, 0.441712466, 0, 0, -0, 0, 0, 0, 0, 0.434781006, -0.122144873, -0.0933616699, -0.029637723, 0.377020141, -0.925653308, 0.399414063, -0.844360352, -0.356811523, -0.916198069, -0.380276397, -0.125643649, 0, 1, 5, 1, 
330.650577, 34, 0.1, 0.1, 0.0285927609, 0.369978635, -0.0349684885, 0.980728223, -1.41298221e-005, 0.195376949, 0.195376949, 1.01196627e-005, -0.980728223, 1.18803665e-005, 1, 1.26852804e-005, 0.980728163, -1.35656028e-005, 0.195377252, 0.195377252, 4.56220433e-006, -0.980728163, 1.24128177e-005, 1, 7.12469246e-006, 0, 0, 0, 0, 0, 0, 0, 0.374471655, -0.163987769, -0.126687598, -0.273838474, 0.603196405, -0.749083367, -0.837768555, 0.232910156, 0.493774414, 0.472359357, 0.762809059, 0.441712466, 0, 0, -0, 0, 0, 0, 0, 0.434781006, -0.122144873, -0.0933616699, -0.029637723, 0.377020141, -0.925653308, 0.399414063, -0.844360352, -0.356811523, -0.916198069, -0.380276397, -0.125643649, 0, 1, 5, 1, 
330.651276, 34, 0.1, 0.1, 0.0285927592, 0.369978635, -0.0349688132, 0.980728532, 6.05855196e-006, 0.195375399, 0.195375399, -9.51492661e-006, -0.980728532, -4.08281218e-006, 1, -1.0515252e-005, 0.980728471, 1.20592993e-005, 0.195375705, 0.195375705, -8.69882655e-006, -0.980728471, -1.01273588e-005, 1, -1.0887281e-005, 0, 0, 0, 0, 0, 0, 0, 0.374471655, -0.163987769, -0.126687598, -0.273838474, 0.603196405, -0.749083367, -0.837768555, 0.232910156, 0.493774414, 0.472359357, 0.762809059, 0.441712466, 0, 0, -0, 0, 0, 0, 0, 0.434781006, -0.122144873, -0.0933616699, -0.029637723, 0.377020141, -0.925653308, 0.399414063, -0.844360352, -0.356811523, -0.916198069, -0.380276397, -0.125643649, 0, 1, 5, 1, 
330.651983, 34, 0.1, 0.1, 0.0285927621, 0.369978633, -0.0349692619, 0.980728845, 3.89947275e-006, 0.19537383, 0.19537383, 6.9330695e-006, -0.980728845, -5.17886575e-006, 1, 6.03760632e-006, 0.980728784, -8.26257189e-006, 0.195374133, 0.195374133, 1.09266101e-005, -0.980728784, 5.9685651e-006, 1, 1.23303339e-005, 0, 0, 0, 0, 0, 0, 0, 0.374471655, -0.163987769, -0.126687598, -0.273838474, 0.603196405, -0.749083367, -0.837768555, 0.232910156, 0.493774414, 0.472359357, 0.762809059, 0.441712466, 0, 0, -0, 0, 0, 0, 0, 0.434781006, -0.122144873, -0.0933616699, -0.029637723, 0.377020141, -0.925653308, 0.399414063, -0.844360352, -0.356811523, -0.916198069, -0.380276397, -0.125643649, 0, 1, 5, 1, 
330.652677, 34, 0.1, 0.1, 0.0285927612, 0.369978634, -0.0349697741, 0.980729153, -1.19514985e-005, 0.195372279, 0.195372279, 3.07485031e-006, -0.980729154, 1.11204425e-005, 1, 5.35058684e-006, 0.980729091, -5.11520305e-006, 0.195372593, 0.195372593, -6.53161433e-006, -0.980729091, 6.29272686e-006, 1, -5.4063737e-006, 0, 0, 0, 0, 0, 0, 0, 0.374471655, -0.163987769, -0.126687598, -0.273838474, 0.603196405, -0.749083367, -0.837768555, 0.232910156, 0.493774414, 0.472359357, 0.762809059, 0.441712466, 0, 0, -0, 0, 0, 0, 0, 0.434781006, -0.122144873, -0.0933616699, -0.029637723, 0.377020141, -0.925653308, 0.399414063, -0.844360352, -0.356811523, -0.916198069, -0.380276397, -0.125643649, 0, 1, 5, 1, 
330.653394, 34, 0.1, 0.1, 0.0285927601, 0.369978634, -0.0349701453, 0.980729472, 1.42304946e-005, 0.195370682, 0.195370682, -1.16672809e-005, -0.980729472, -1.16768208e-005, 1, -1.42226676e-005, 0.980729405, 1.36814496e-005, 0.195371019, 0.195371019, -5.84345449e-006, -0.980729405, -1.22761583e-005, 1, -8.4038064e-006, 0, 0, 0, 0, 0, 0, 0, 0.375040552, -0.164420093, -0.125749951, -0.275711387, 0.603431549, -0.748245386, -0.838012695, 0.230224609, 0.494506836, 0.470678527, 0.763513367, 0.442321295, 0, 0, -0, 0, 0, 0, 0, 0.434781006, -0.122144873, -0.0933616699, -0.0293307541, 0.379077039, -0.924765584, 0.403320313, -0.842041016, -0.357910156, -0.914447408, -0.383497004, -0.128250685, 0, 1, 5, 1, 
330.654088, 34, 0.1, 0.1, 0.0285927615, 0.369978634, -0.0349701433, 0.980729779, -4.79957052e-006, 0.19536914, 0.19536914, 7.84378658e-006, -0.980729779, 3.1746479e-006, 1, 8.63032304e-006, 0.980729718, -1.06652471e-005, 0.195369444, 0.195369445, 6.73385582e-006, -0.980729718, 9.14413513e-006, 1, 8.68775593e-006, 0, 0, 0, 0, 0, 0, 0, 0.375040552, -0.164420093, -0.125749951, -0.275711387, 0.603431549, -0.748245386, -0.838012695, 0.230224609, 0.494506836, 0.470678527, 0.763513367, 0.442321295, 0, 0, -0, 0, 0, 0, 0, 0.435731104, -0.122076514, -0.0920183105, -0.0293307541, 0.379077039, -0.924765584, 0.403320313, -0.842041016, -0.357910156, -0.914447408, -0.383497004, -0.128250685, 0, 1, 5, 1, 
330.65478, 34, 0.1, 0.1, 0.0285927588, 0.369978636, -0.0349700389, 0.980730084, -3.73550451e-006, 0.19536761, 0.19536761, -5.95528258e-006, -0.980730084, 4.82699097e-006, 1, -5.1107282e-006, 0.980730023, 8.37737917e-006, 0.195367914, 0.195367914, -9.85493595e-006, -0.980730023, -6.29060899e-006, 1, -1.13017027e-005, 0, 0, 0, 0, 0, 0, 0, 0.375040552, -0.164420093, -0.125749951, -0.275711387, 0.603431549, -0.748245386, -0.838012695, 0.230224609, 0.494506836, 0.470678527, 0.763513367, 0.442321295, 0, 0, -0, 0, 0, 0, 0, 0.435731104, -0.122076514, -0.0920183105, -0.0293307541, 0.379077039, -0.924765584, 0.403320313, -0.842041016, -0.357910156, -0.914447408, -0.383497004, -0.128250685, 0, 1, 5, 1, 
330.65547, 34, 0.1, 0.1, 0.0285927599, 0.369978634, -0.0349698551, 0.980730389, 1.12956306e-005, 0.195366078, 0.195366078, -2.56147124e-006, -0.980730389, -1.05775436e-005, 1, -4.71889572e-006, 0.980730328, 4.72552557e-006, 0.195366382, 0.195366382, 6.95999564e-006, -0.980730328, -5.99421541e-006, 1, 5.90266997e-006, 0, 0, 0, 0, 0, 0, 0, 0.375040552, -0.164420093, -0.125749951, -0.275711387, 0.603431549, -0.748245386, -0.838012695, 0.230224609, 0.494506836, 0.470678527, 0.763513367, 0.442321295, 0, 0, -0, 0, 0, 0, 0, 0.435731104, -0.122076514, -0.0920183105, -0.0293307541, 0.379077039, -0.924765584, 0.403320313, -0.842041016, -0.357910156, -0.914447408, -0.383497004, -0.128250685, 0, 1, 5, 1, 
330.656182, 34, 0.1, 0.1, 0.0285927615, 0.369978634, -0.0349694939, 0.980730702, -1.56317804e-005, 0.195364505, 0.195364505, 1.07117628e-005, -0.980730702, 1.32378687e-005, 1, 1.35592497e-005, 0.980730641, -1.51742617e-005, 0.195364812, 0.195364812, 5.32573411e-006, -0.980730641, 1.38414023e-005, 1, 8.1876274e-006, 0, 0, 0, 0, 0, 0, 0, 0.375040552, -0.164420093, -0.125749951, -0.275711387, 0.603431549, -0.748245386, -0.838012695, 0.230224609, 0.494506836, 0.470678527, 0.763513367, 0.442321295, 0, 0, -0, 0, 0, 0, 0, 0.435731104, -0.122076514, -0.0920183105, -0.0293307541, 0.379077039, -0.924765584, 0.403320313, -0.842041016, -0.357910156, -0.914447408, -0.383497004, -0.128250685, 0, 1, 5, 1, 
330.656877, 34, 0.1, 0.1, 0.0285927604, 0.369978634, -0.034969179, 0.980731008, 4.1425595e-006, 0.195362971, 0.195362971, -9.04535667e-006, -0.980731008, -2.29560879e-006, 1, -9.68036449e-006, 0.980730947, 1.00522022e-005, 0.195363278, 0.195363278, -8.17549174e-006, -0.980730947, -8.26131494e-006, 1, -9.98178894e-006, 0, 0, 0, 0, 0, 0, 0, 0.375040552, -0.164420093, -0.125749951, -0.275711387, 0.603431549, -0.748245386, -0.838012695, 0.230224609, 0.494506836, 0.470678527, 0.763513367, 0.442321295, 0, 0, -0, 0, 0, 0, 0, 0.435731104, -0.122076514, -0.0920183105, -0.0293307541, 0.379077039, -0.924765584, 0.403320313, -0.842041016, -0.357910156, -0.914447408, -0.383497004, -0.128250685, 0, 1, 5, 1, 
330.65757, 34, 0.1, 0.1, 0.0285927634, 0.369978632, -0.0349690362, 0.980731312, 3.98608151e-006, 0.195361443, 0.195361443, 6.71831859e-006, -0.980731312, -5.22177537e-006, 1, 5.81013876e-006, 0.980731252, -8.60212257e-006, 0.195361744, 0.195361744, 1.04688404e-005, -0.980731252, 6.39115953e-006, 1, 1.19476446e-005, 0, 0, 0, 0, 0, 0, 0, 0.375040552, -0.164420093, -0.125749951, -0.275711387, 0.603431549, -0.748245386, -0.838012695, 0.230224609, 0.494506836, 0.470678527, 0.763513367, 0.442321295, 0, 0, -0, 0, 0, 0, 0, 0.435731104, -0.122076514, -0.0920183105, -0.0293307541, 0.379077039, -0.924765584, 0.403320313, -0.842041016, -0.357910156, -0.914447408, -0.383497004, -0.128250685, 0, 1, 5, 1, 
330.658289, 34, 0.1, 0.1, 0.0285927625, 0.369978634, -0.0349689286, 0.98073163, -1.22387525e-005, 0.195359844, 0.195359844, 4.39770959e-006, -0.980731631, 1.11437958e-005, 1, 6.70393367e-006, 0.98073157, -5.70140732e-006, 0.19536015, 0.19536015, -5.5092249e-006, -0.98073157, 6.66783315e-006, 1, -4.289243e-006, 0, 0, 0, 0, 0, 0, 0, 0.375416602, -0.165298169, -0.124591748, -0.277050733, 0.603710876, -0.747445598, -0.838012695, 0.228759766, 0.495361328, 0.470025515, 0.76371631, 0.442688988, 0, 0, -0, 0, 0, 0, 0, 0.436009521, -0.122450732, -0.09090625, -0.0288258247, 0.380738015, -0.924184463, 0.405761719, -0.840454102, -0.358886719, -0.913412396, -0.385286312, -0.130276233, 0, 1, 5, 1, 
330.658983, 34, 0.1, 0.1, 0.0285927611, 0.369978633, -0.0349689068, 0.980731938, 1.57924385e-005, 0.1953583, 0.195358301, -8.9521687e-006, -0.980731938, -1.37392683e-005, 1, -1.18648617e-005, 0.980731876, 1.5037295e-005, 0.19535861, 0.19535861, -3.40584292e-006, -0.980731876, -1.40821938e-005, 1, -6.27788377e-006, 0, 0, 0, 0, 0, 0, 0, 0.375416602, -0.165298169, -0.124591748, -0.277050733, 0.603710876, -0.747445598, -0.838012695, 0.228759766, 0.495361328, 0.470025515, 0.76371631, 0.442688988, 0, 0, -0, 0, 0, 0, 0, 0.436009521, -0.122450732, -0.09090625, -0.0288258247, 0.380738015, -0.924184463, 0.405761719, -0.840454102, -0.358886719, -0.913412396, -0.385286312, -0.130276233, 0, 1, 5, 1, 
330.659672, 34, 0.1, 0.1, 0.0285927622, 0.369978632, -0.0349691662, 0.980732244, -4.27369071e-006, 0.195356767, 0.195356767, 8.75510767e-006, -0.980732243, 2.48097675e-006, 1, 9.42131079e-006, 0.980732183, -1.00435606e-005, 0.195357071, 0.195357072, 8.24693875e-006, -0.980732183, 8.23894533e-006, 1, 1.00501188e-005, 0, 0, 0, 0, 0, 0, 0, 0.375416602, -0.165298169, -0.124591748, -0.277050733, 0.603710876, -0.747445598, -0.838012695, 0.228759766, 0.495361328, 0.470025515, 0.76371631, 0.442688988, 0, 0, -0, 0, 0, 0, 0, 0.436009521, -0.122450732, -0.09090625, -0.0288258247, 0.380738015, -0.924184463, 0.405761719, -0.840454102, -0.358886719, -0.913412396, -0.385286312, -0.130276233, 0, 1, 5, 1, 
330.660376, 34, 0.1, 0.1, 0.0285927594, 0.369978634, -0.0349695754, 0.980732554, -4.41137296e-006, 0.19535521, 0.19535521, -7.40893155e-006, -0.980732554, 5.77375045e-006, 1, -6.40439567e-006, 0.980732488, 8.86169354e-006, 0.195355541, 0.195355541, -1.15088275e-005, -0.980732488, -6.44263754e-006, 1, -1.30182619e-005, 0, 0, 0, 0, 0, 0, 0, 0.375416602, -0.165298169, -0.124591748, -0.281144034, 0.603565221, -0.746030989, -0.836669922, 0.22644043, 0.498535156, 0.469932278, 0.764357339, 0.441476201, 0, 0, -0, 0, 0, 0, 0, 0.436009521, -0.122450732, -0.09090625, -0.0288258247, 0.380738015, -0.924184463, 0.405761719, -0.840454102, -0.358886719, -0.913412396, -0.385286312, -0.130276233, 0, 1, 5, 1, 
330.661082, 34, 0.1, 0.1, 0.0285927609, 0.369978632, -0.0349697199, 0.980732868, 1.07157686e-005, 0.19535363, 0.19535363, -3.70105114e-006, -0.980732868, -9.78629273e-006, 1, -5.7231068e-006, 0.980732807, 3.86655217e-006, 0.195353937, 0.195353937, 6.04005171e-006, -0.980732807, -4.97200244e-006, 1, 5.16833068e-006, 0, 0, 0, 0, 0, 0, 0, 0.375207129, -0.165526904, -0.124523145, -0.281144034, 0.603565221, -0.746030989, -0.836669922, 0.22644043, 0.498535156, 0.469932278, 0.764357339, 0.441476201, 0, 0, -0, 0, 0, 0, 0, 0.435635645, -0.122625146, -0.0908378906, -0.031368695, 0.382207227, -0.92341121, 0.407470703, -0.838745117, -0.360961914, -0.912574978, -0.387586746, -0.129458505, 0, 1, 5, 1, 
330.661772, 34, 0.1, 0.1, 0.0285927622, 0.369978633, -0.0349698813, 0.980733174, -1.39986209e-005, 0.195352095, 0.195352095, 8.52959437e-006, -0.980733174, 1.20626378e-005, 1, 1.10999161e-005, 0.980733113, -1.36365286e-005, 0.195352401, 0.195352401, 3.30368797e-006, -0.980733113, 1.27284118e-005, 1, 5.90396479e-006, 0, 0, 0, 0, 0, 0, 0, 0.375207129, -0.165526904, -0.124523145, -0.281144034, 0.603565221, -0.746030989, -0.836669922, 0.22644043, 0.498535156, 0.469932278, 0.764357339, 0.441476201, 0, 0, -0, 0, 0, 0, 0, 0.435635645, -0.122625146, -0.0908378906, -0.031368695, 0.382207227, -0.92341121, 0.407470703, -0.838745117, -0.360961914, -0.912574978, -0.387586746, -0.129458505, 0, 1, 5, 1, 
330.662462, 34, 0.1, 0.1, 0.0285927604, 0.369978633, -0.0349700433, 0.980733479, 6.46184082e-006, 0.195350567, 0.195350567, -8.76974244e-006, -0.980733479, -4.62416947e-006, 1, -9.86310427e-006, 0.980733419, 1.19928445e-005, 0.195350868, 0.195350868, -8.32160688e-006, -0.980733419, -1.01361502e-005, 1, -1.05040905e-005, 0, 0, 0, 0, 0, 0, 0, 0.375207129, -0.165526904, -0.124523145, -0.281144034, 0.603565221, -0.746030989, -0.836669922, 0.22644043, 0.498535156, 0.469932278, 0.764357339, 0.441476201, 0, 0, -0, 0, 0, 0, 0, 0.435635645, -0.122625146, -0.0908378906, -0.031368695, 0.382207227, -0.92341121, 0.407470703, -0.838745117, -0.360961914, -0.912574978, -0.387586746, -0.129458505, 0, 1, 5, 1, 
