time, trialNum, realDorsalTactorPos, realVentralTactorPos, boxPosX, boxPosY, boxPosZ, boxLocalRot_11, boxLocalRot_12, boxLocalRot_13, boxLocalRot_21, boxLocalRot_22, boxLocalRot_23, boxLocalRot_31, boxLocalRot_32, boxLocalRot_33, boxGlobalRot_11, boxGlobalRot_12, boxGlobalRot_13, boxGlobalRot_21, boxGlobalRot_22, boxGlobalRot_23, boxGlobalRot_31, boxGlobalRot_32, boxGlobalRot_33, indexForceX, indexForceY, indexForceZ, indexForceGlobalX, indexForceGlobalY, indexForceGlobalZ, indexContact, indexPosX, indexPosY, indexPosZ, indexRot_11, indexRot_12, indexRot_13, indexRot_21, indexRot_22, indexRot_23, indexRot_31, indexRot_32, indexRot_33, thumbForceX, thumbForceY, thumbForceZ, thumbForceGlobalX, thumbForceGlobalY, thumbForceGlobalZ, thumbContact, thumbPosX, thumbPosY, thumbPosZ, thumbRot_11, thumbRot_12, thumbRot_13, thumbRot_21, thumbRot_22, thumbRot_23, thumbRot_31, thumbRot_32, thumbRot_33, manipForceTooHigh, cceExpType, mapping, trialSuccess, 
286.072021, 32, 0.1, 0.1, 0.00646389485, 0.360804757, -0.0349841078, 0.907997822, -0.418974885, 7.77006773e-006, 0.418974884, 0.907997822, 4.53415813e-005, -2.60521884e-005, -3.79145938e-005, 0.999999999, 0.907997778, -0.418974981, 6.3433726e-006, 0.41897498, 0.907997778, 4.24977784e-005, -2.35652741e-005, -3.5930174e-005, 0.999999999, 0, 0, 0, 0, 0, 0, 0, 0.403415771, -0.20074292, -0.202947803, -0.130363292, 0.417334162, -0.899360527, -0.989868164, -0.10534668, 0.0946044922, -0.0552379306, 0.902614343, 0.426953347, 0, 0, -0, 0, 0, 0, 0, 0.441860254, -0.137919434, -0.153902295, 0.37588284, 0.237636669, -0.895671392, 0.684936523, -0.722167969, 0.0958251953, -0.624040211, -0.649371828, -0.434258906, 0, 1, 5, 1, 
286.1003, 32, 0.1, 0.1, 0.00646392533, 0.360804745, -0.034969193, 0.908011954, -0.418944258, -1.41392951e-006, 0.418944258, 0.908011954, 8.66685127e-006, -2.34706268e-006, -8.4619622e-006, 1, 0.908011943, -0.418944282, -1.052576e-005, 0.418944282, 0.908011943, 1.48680426e-005, 3.3286344e-006, -1.79100672e-005, 1, 0, 0, 0, 0, 0, 0, 0, 0.398932959, -0.205564209, -0.200419165, -0.13612358, 0.410070159, -0.90180145, -0.989868164, -0.0909423828, 0.108032227, -0.0377642715, 0.907472606, 0.418564923, 0, 0, -0, 0, 0, 0, 0, 0.439261084, -0.139116064, -0.154027539, 0.365083928, 0.239687736, -0.899504104, 0.686523437, -0.721923828, 0.0861816406, -0.628734761, -0.649033509, -0.428156377, 0, 1, 5, 1, 
286.101003, 32, 0.1, 0.1, 0.00646392388, 0.360804749, -0.0349710592, 0.908012051, -0.418944047, 4.80560107e-006, 0.418944047, 0.908012051, -4.91431807e-006, -2.30471938e-006, 6.47553799e-006, 1, 0.908012036, -0.41894408, 8.36253797e-006, 0.41894408, 0.908012036, -1.24008899e-005, -2.39800572e-006, 1.4763593e-005, 1, 0, 0, 0, 0, 0, 0, 0, 0.398932959, -0.205564209, -0.200419165, -0.13612358, 0.410070159, -0.90180145, -0.989868164, -0.0909423828, 0.108032227, -0.0377642715, 0.907472606, 0.418564923, 0, 0, -0, 0, 0, 0, 0, 0.439261084, -0.139116064, -0.154027539, 0.365083928, 0.239687736, -0.899504104, 0.686523437, -0.721923828, 0.0861816406, -0.628734761, -0.649033509, -0.428156377, 0, 1, 5, 1, 
286.10171, 32, 0.1, 0.1, 0.00646392644, 0.360804746, -0.0349722607, 0.908012132, -0.418943871, -5.30664507e-006, 0.418943872, 0.908012132, 2.96533127e-006, 3.57619074e-006, -4.9157432e-006, 1, 0.908012113, -0.418943912, -4.21182809e-006, 0.418943912, 0.908012113, 1.2747204e-005, -1.51597257e-006, -1.33391353e-005, 1, 0, 0, 0, 0, 0, 0, 0, 0.398932959, -0.205564209, -0.200419165, -0.13612358, 0.410070159, -0.90180145, -0.989868164, -0.0909423828, 0.108032227, -0.0377642715, 0.907472606, 0.418564923, 0, 0, -0, 0, 0, 0, 0, 0.439261084, -0.139116064, -0.154027539, 0.365083928, 0.239687736, -0.899504104, 0.686523437, -0.721923828, 0.0861816406, -0.628734761, -0.649033509, -0.428156377, 0, 1, 5, 1, 
286.102419, 32, 0.1, 0.1, 0.00646392558, 0.36080475, -0.0349724969, 0.908012182, -0.418943764, -7.03470254e-007, 0.418943764, 0.908012182, -6.83280263e-006, 3.50131962e-006, 5.90955355e-006, 1, 0.90801217, -0.418943791, 2.72764035e-006, 0.418943791, 0.908012169, -1.47124864e-005, 3.6869742e-006, 1.45018447e-005, 1, 0, 0, 0, 0, 0, 0, 0, 0.398932959, -0.205564209, -0.200419165, -0.13612358, 0.410070159, -0.90180145, -0.989868164, -0.0909423828, 0.108032227, -0.0377642715, 0.907472606, 0.418564923, 0, 0, -0, 0, 0, 0, 0, 0.439261084, -0.139116064, -0.154027539, 0.365083928, 0.239687736, -0.899504104, 0.686523437, -0.721923828, 0.0861816406, -0.628734761, -0.649033509, -0.428156377, 0, 1, 5, 1, 
286.103132, 32, 0.1, 0.1, 0.00646392755, 0.360804747, -0.0349717125, 0.908012229, -0.418943661, 1.41728055e-006, 0.418943661, 0.908012229, 4.7269683e-006, -3.26724147e-006, -3.69838432e-006, 1, 0.908012224, -0.418943674, -7.79280087e-006, 0.418943674, 0.908012224, 1.08372964e-005, 2.53574166e-006, -1.31051423e-005, 1, 0, 0, 0, 0, 0, 0, 0, 0.398932959, -0.205564209, -0.200419165, -0.137118076, 0.409886312, -0.901776363, -0.989868164, -0.0877685547, 0.110473633, -0.0338990007, 0.907872501, 0.41794299, 0, 0, -0, 0, 0, 0, 0, 0.439261084, -0.139116064, -0.154027539, 0.365083928, 0.239687736, -0.899504104, 0.686523437, -0.721923828, 0.0861816406, -0.628734761, -0.649033509, -0.428156377, 0, 1, 5, 1, 
286.103859, 32, 0.1, 0.1, 0.00646392551, 0.360804751, -0.0349698841, 0.908012299, -0.418943509, 5.41700621e-006, 0.418943509, 0.908012299, -4.65987417e-006, -2.96648423e-006, 6.50064265e-006, 1, 0.908012289, -0.418943531, 9.59966748e-006, 0.418943531, 0.908012289, -1.33817677e-005, -3.11041101e-006, 1.61725282e-005, 1, 0, 0, 0, 0, 0, 0, 0, 0.398447412, -0.207135083, -0.200196533, -0.137118076, 0.409886312, -0.901776363, -0.989868164, -0.0877685547, 0.110473633, -0.0338990007, 0.907872501, 0.41794299, 0, 0, -0, 0, 0, 0, 0, 0.438904541, -0.140041992, -0.153825293, 0.363511903, 0.239016929, -0.90026423, 0.685913086, -0.72253418, 0.0852050781, -0.630127415, -0.6484903, -0.426763356, 0, 1, 5, 1, 
286.104564, 32, 0.1, 0.1, 0.00646392819, 0.360804747, -0.0349680263, 0.908012355, -0.418943389, -5.84561065e-006, 0.418943389, 0.908012355, 3.9454792e-006, 3.65495427e-006, -6.0315238e-006, 1, 0.908012341, -0.41894342, -4.48490822e-006, 0.41894342, 0.908012341, 1.50055273e-005, -2.21411492e-006, -1.55041268e-005, 1, 0, 0, 0, 0, 0, 0, 0, 0.398447412, -0.207135083, -0.200196533, -0.137118076, 0.409886312, -0.901776363, -0.989868164, -0.0877685547, 0.110473633, -0.0338990007, 0.907872501, 0.41794299, 0, 0, -0, 0, 0, 0, 0, 0.438904541, -0.140041992, -0.153825293, 0.363511903, 0.239016929, -0.90026423, 0.685913086, -0.72253418, 0.0852050781, -0.630127415, -0.6484903, -0.426763356, 0, 1, 5, 1, 
286.105262, 32, 0.1, 0.1, 0.00646392715, 0.360804752, -0.0349667305, 0.908012378, -0.418943339, -1.36150535e-006, 0.418943339, 0.908012378, -5.76025814e-006, 3.64948549e-006, 4.6599921e-006, 1, 0.908012371, -0.418943355, 2.80994329e-006, 0.418943355, 0.908012371, -1.52746975e-005, 3.84776973e-006, 1.50468213e-005, 1, 0, 0, 0, 0, 0, 0, 0, 0.398447412, -0.207135083, -0.200196533, -0.137118076, 0.409886312, -0.901776363, -0.989868164, -0.0877685547, 0.110473633, -0.0338990007, 0.907872501, 0.41794299, 0, 0, -0, 0, 0, 0, 0, 0.438904541, -0.140041992, -0.153825293, 0.363511903, 0.239016929, -0.90026423, 0.685913086, -0.72253418, 0.0852050781, -0.630127415, -0.6484903, -0.426763356, 0, 1, 5, 1, 
286.10597, 32, 0.1, 0.1, 0.00646392979, 0.360804746, -0.0349662493, 0.908012404, -0.418943282, -3.07943201e-007, 0.418943282, 0.908012404, 1.03541539e-005, -4.05818697e-006, -9.5307109e-006, 1, 0.908012404, -0.418943283, -1.02543069e-005, 0.418943283, 0.908012404, 1.70439897e-005, 2.1705729e-006, -1.97721271e-005, 1, 0, 0, 0, 0, 0, 0, 0, 0.398447412, -0.207135083, -0.200196533, -0.137118076, 0.409886312, -0.901776363, -0.989868164, -0.0877685547, 0.110473633, -0.0338990007, 0.907872501, 0.41794299, 0, 0, -0, 0, 0, 0, 0, 0.438904541, -0.140041992, -0.153825293, 0.363511903, 0.239016929, -0.90026423, 0.685913086, -0.72253418, 0.0852050781, -0.630127415, -0.6484903, -0.426763356, 0, 1, 5, 1, 
286.106676, 32, 0.1, 0.1, 0.00646392779, 0.36080475, -0.0349667409, 0.908012454, -0.418943174, 6.08868949e-006, 0.418943174, 0.908012454, -2.79143915e-006, -4.3591515e-006, 5.08547641e-006, 1, 0.908012448, -0.418943188, 1.02597992e-005, 0.418943188, 0.908012448, -1.15613314e-005, -4.47248437e-006, 1.47961058e-005, 1, 0, 0, 0, 0, 0, 0, 0, 0.398447412, -0.207135083, -0.200196533, -0.137118076, 0.409886312, -0.901776363, -0.989868164, -0.0877685547, 0.110473633, -0.0338990007, 0.907872501, 0.41794299, 0, 0, -0, 0, 0, 0, 0, 0.438904541, -0.140041992, -0.153825293, 0.363511903, 0.239016929, -0.90026423, 0.685913086, -0.72253418, 0.0852050781, -0.630127415, -0.6484903, -0.426763356, 0, 1, 5, 1, 
286.107378, 32, 0.1, 0.1, 0.00646393037, 0.360804745, -0.0349679963, 0.908012492, -0.418943092, -5.50680378e-006, 0.418943092, 0.908012492, 5.39551591e-006, 2.73983251e-006, -7.20623325e-006, 1, 0.90801248, -0.418943117, -4.22872962e-006, 0.418943117, 0.90801248, 1.70416786e-005, -3.2997547e-006, -1.7245654e-005, 1, 0, 0, 0, 0, 0, 0, 0, 0.398447412, -0.207135083, -0.200196533, -0.137118076, 0.409886312, -0.901776363, -0.989868164, -0.0877685547, 0.110473633, -0.0338990007, 0.907872501, 0.41794299, 0, 0, -0, 0, 0, 0, 0, 0.438904541, -0.140041992, -0.153825293, 0.363511903, 0.239016929, -0.90026423, 0.685913086, -0.72253418, 0.0852050781, -0.630127415, -0.6484903, -0.426763356, 0, 1, 5, 1, 
286.108091, 32, 0.1, 0.1, 0.00646392906, 0.360804749, -0.034969526, 0.908012501, -0.418943073, -5.5496518e-008, 0.418943073, 0.908012501, -7.98299156e-006, 3.39481055e-006, 7.22540625e-006, 1, 0.908012496, -0.418943083, 3.54495867e-006, 0.418943083, 0.908012496, -1.60117431e-005, 3.48914225e-006, 1.60239988e-005, 1, 0, 0, 0, 0, 0, 0, 0, 0.399395898, -0.205508545, -0.200582227, -0.140178689, 0.41119945, -0.90070923, -0.989257812, -0.0927734375, 0.111694336, -0.037616373, 0.906799377, 0.419998628, 0, 0, -0, 0, 0, 0, 0, 0.438904541, -0.140041992, -0.153825293, 0.363511903, 0.239016929, -0.90026423, 0.685913086, -0.72253418, 0.0852050781, -0.630127415, -0.6484903, -0.426763356, 0, 1, 5, 1, 
286.108808, 32, 0.1, 0.1, 0.00646393109, 0.360804745, -0.0349706484, 0.908012515, -0.418943042, 4.70235772e-007, 0.418943042, 0.908012515, 6.87424166e-006, -3.30689568e-006, -6.04489545e-006, 1, 0.908012516, -0.418943039, -8.07402568e-006, 0.418943039, 0.908012516, 1.26892184e-005, 2.01525663e-006, -1.4904526e-005, 1, 0, 0, 0, 0, 0, 0, 0, 0.399395898, -0.205508545, -0.200582227, -0.140178689, 0.41119945, -0.90070923, -0.989257812, -0.0927734375, 0.111694336, -0.037616373, 0.906799377, 0.419998628, 0, 0, -0, 0, 0, 0, 0, 0.439243848, -0.139268506, -0.154066602, 0.361378081, 0.241176272, -0.900679474, 0.688720703, -0.720092773, 0.0834960938, -0.628510548, -0.65034997, -0.42631603, 0, 1, 5, 1, 
286.109514, 32, 0.1, 0.1, 0.00646392919, 0.360804749, -0.0349713024, 0.90801255, -0.418942966, 5.70907217e-006, 0.418942966, 0.90801255, -4.38344336e-006, -3.34749642e-006, 6.37199721e-006, 1, 0.908012546, -0.418942975, 9.40151913e-006, 0.418942975, 0.908012546, -1.20220138e-005, -3.50015908e-006, 1.48548398e-005, 1, 0, 0, 0, 0, 0, 0, 0, 0.399395898, -0.205508545, -0.200582227, -0.140178689, 0.41119945, -0.90070923, -0.989257812, -0.0927734375, 0.111694336, -0.037616373, 0.906799377, 0.419998628, 0, 0, -0, 0, 0, 0, 0, 0.439243848, -0.139268506, -0.154066602, 0.361378081, 0.241176272, -0.900679474, 0.688720703, -0.720092773, 0.0834960938, -0.628510548, -0.65034997, -0.42631603, 0, 1, 5, 1, 
286.110211, 32, 0.1, 0.1, 0.00646393139, 0.360804746, -0.0349713532, 0.908012576, -0.41894291, -4.63186701e-006, 0.41894291, 0.908012576, 3.2175186e-006, 2.85783689e-006, -4.8620352e-006, 1, 0.908012568, -0.418942928, -3.45914386e-006, 0.418942928, 0.908012567, 1.31486471e-005, -2.36758662e-006, -1.33883207e-005, 1, 0, 0, 0, 0, 0, 0, 0, 0.399395898, -0.205508545, -0.200582227, -0.140178689, 0.41119945, -0.90070923, -0.989257812, -0.0927734375, 0.111694336, -0.037616373, 0.906799377, 0.419998628, 0, 0, -0, 0, 0, 0, 0, 0.439243848, -0.139268506, -0.154066602, 0.361378081, 0.241176272, -0.900679474, 0.688720703, -0.720092773, 0.0834960938, -0.628510548, -0.65034997, -0.42631603, 0, 1, 5, 1, 
286.110944, 32, 0.1, 0.1, 0.00646392976, 0.360804751, -0.0349704891, 0.90801257, -0.418942922, 6.77566101e-007, 0.418942922, 0.90801257, -7.81514917e-006, 2.65886289e-006, 7.38011521e-006, 1, 0.908012569, -0.418942925, 4.41169176e-006, 0.418942925, 0.908012569, -1.62110525e-005, 2.78563418e-006, 1.65680865e-005, 1, 0, 0, 0, 0, 0, 0, 0, 0.399285156, -0.203350684, -0.202007715, -0.146582989, 0.414225618, -0.898251455, -0.98828125, -0.0979003906, 0.116088867, -0.0398154219, 0.904836975, 0.42381148, 0, 0, -0, 0, 0, 0, 0, 0.438988721, -0.138015332, -0.154767334, 0.35723147, 0.243821221, -0.901548242, 0.691650391, -0.717651367, 0.080078125, -0.627596205, -0.652158601, -0.425057171, 0, 1, 5, 1, 
286.11165, 32, 0.1, 0.1, 0.00646393163, 0.360804747, -0.0349693346, 0.908012569, -0.418942924, 1.05322561e-006, 0.418942924, 0.908012569, 6.2990548e-006, -3.59528653e-006, -5.27837952e-006, 1, 0.908012574, -0.418942915, -7.92606101e-006, 0.418942915, 0.908012573, 1.22026445e-005, 2.0847516e-006, -1.44007217e-005, 1, 0, 0, 0, 0, 0, 0, 0, 0.399285156, -0.203350684, -0.202007715, -0.146582989, 0.414225618, -0.898251455, -0.98828125, -0.0979003906, 0.116088867, -0.0398154219, 0.904836975, 0.42381148, 0, 0, -0, 0, 0, 0, 0, 0.438988721, -0.138015332, -0.154767334, 0.35723147, 0.243821221, -0.901548242, 0.691650391, -0.717651367, 0.080078125, -0.627596205, -0.652158601, -0.425057171, 0, 1, 5, 1, 
286.112355, 32, 0.1, 0.1, 0.00646392967, 0.36080475, -0.0349682719, 0.908012593, -0.418942874, 5.08141621e-006, 0.418942874, 0.908012593, -2.54614974e-006, -3.54729862e-006, 4.44075914e-006, 1, 0.908012591, -0.418942877, 9.58095758e-006, 0.418942877, 0.908012591, -1.17768932e-005, -3.76578461e-006, 1.47074412e-005, 1, 0, 0, 0, 0, 0, 0, 0, 0.399285156, -0.203350684, -0.202007715, -0.146582989, 0.414225618, -0.898251455, -0.98828125, -0.0979003906, 0.116088867, -0.0398154219, 0.904836975, 0.42381148, 0, 0, -0, 0, 0, 0, 0, 0.438988721, -0.138015332, -0.154767334, 0.35723147, 0.243821221, -0.901548242, 0.691650391, -0.717651367, 0.080078125, -0.627596205, -0.652158601, -0.425057171, 0, 1, 5, 1, 
286.113055, 32, 0.1, 0.1, 0.00646393263, 0.360804745, -0.0349676072, 0.908012608, -0.418942841, -6.8544396e-006, 0.418942841, 0.908012608, 6.30092619e-006, 3.58418966e-006, -8.59293883e-006, 1, 0.908012601, -0.418942856, -5.48748106e-006, 0.418942856, 0.908012601, 1.76386227e-005, -2.40687304e-006, -1.83150327e-005, 1, 0, 0, 0, 0, 0, 0, 0, 0.399285156, -0.203350684, -0.202007715, -0.146582989, 0.414225618, -0.898251455, -0.98828125, -0.0979003906, 0.116088867, -0.0398154219, 0.904836975, 0.42381148, 0, 0, -0, 0, 0, 0, 0, 0.438988721, -0.138015332, -0.154767334, 0.35723147, 0.243821221, -0.901548242, 0.691650391, -0.717651367, 0.080078125, -0.627596205, -0.652158601, -0.425057171, 0, 1, 5, 1, 
286.113762, 32, 0.1, 0.1, 0.00646393166, 0.36080475, -0.0349674833, 0.908012594, -0.418942871, -1.41122025e-006, 0.418942871, 0.908012594, -5.96946509e-006, 3.7822706e-006, 4.82912882e-006, 1, 0.908012594, -0.418942872, 2.57906554e-006, 0.418942872, 0.908012594, -1.48306274e-005, 3.87136165e-006, 1.45468776e-005, 1, 0, 0, 0, 0, 0, 0, 0, 0.399285156, -0.203350684, -0.202007715, -0.146582989, 0.414225618, -0.898251455, -0.98828125, -0.0979003906, 0.116088867, -0.0398154219, 0.904836975, 0.42381148, 0, 0, -0, 0, 0, 0, 0, 0.438988721, -0.138015332, -0.154767334, 0.35723147, 0.243821221, -0.901548242, 0.691650391, -0.717651367, 0.080078125, -0.627596205, -0.652158601, -0.425057171, 0, 1, 5, 1, 
286.114465, 32, 0.1, 0.1, 0.0064639342, 0.360804745, -0.0349679311, 0.908012587, -0.418942886, -4.7043062e-007, 0.418942886, 0.908012587, 8.19832447e-006, -3.00747279e-006, -7.64126538e-006, 1, 0.908012593, -0.418942874, -9.84682468e-006, 0.418942874, 0.908012592, 1.45892675e-005, 2.82897116e-006, -1.73724956e-005, 1, 0, 0, 0, 0, 0, 0, 0, 0.399285156, -0.203350684, -0.202007715, -0.146582989, 0.414225618, -0.898251455, -0.98828125, -0.0979003906, 0.116088867, -0.0398154219, 0.904836975, 0.42381148, 0, 0, -0, 0, 0, 0, 0, 0.438988721, -0.138015332, -0.154767334, 0.35723147, 0.243821221, -0.901548242, 0.691650391, -0.717651367, 0.080078125, -0.627596205, -0.652158601, -0.425057171, 0, 1, 5, 1, 
286.115181, 32, 0.1, 0.1, 0.00646393238, 0.360804749, -0.034968756, 0.908012606, -0.418942845, 5.08069778e-006, 0.418942845, 0.908012606, -3.89498108e-006, -2.98156318e-006, 5.6652139e-006, 1, 0.908012605, -0.418942846, 9.37007946e-006, 0.418942846, 0.908012605, -1.28584064e-005, -3.12121288e-006, 1.56011229e-005, 1, 0, 0, 0, 0, 0, 0, 0, 0.399285156, -0.203350684, -0.202007715, -0.152105125, 0.416223968, -0.896428717, -0.987426758, -0.102539063, 0.119995117, -0.0419070079, 0.903408141, 0.426736177, 0, 0, -0, 0, 0, 0, 0, 0.438988721, -0.138015332, -0.154767334, 0.35723147, 0.243821221, -0.901548242, 0.691650391, -0.717651367, 0.080078125, -0.627596205, -0.652158601, -0.425057171, 0, 1, 5, 1, 
286.115907, 32, 0.1, 0.1, 0.00646393572, 0.360804744, -0.0349692993, 0.908012614, -0.418942829, -7.25637588e-006, 0.418942829, 0.908012613, 5.0382073e-006, 4.47816001e-006, -7.61476241e-006, 1, 0.908012608, -0.418942841, -6.16745208e-006, 0.418942841, 0.908012608, 1.61518276e-005, -1.16656828e-006, -1.7249873e-005, 1, 0, 0, 0, 0, 0, 0, 0, 0.398996582, -0.201466968, -0.203245117, -0.152105125, 0.416223968, -0.896428717, -0.987426758, -0.102539063, 0.119995117, -0.0419070079, 0.903408141, 0.426736177, 0, 0, -0, 0, 0, 0, 0, 0.438746777, -0.137013477, -0.155474658, 0.353353182, 0.245942284, -0.902551171, 0.694213867, -0.715576172, 0.0767822266, -0.626899145, -0.653654066, -0.42368967, 0, 1, 5, 1, 
286.116611, 32, 0.1, 0.1, 0.00646393491, 0.360804749, -0.0349698045, 0.908012596, -0.418942867, -1.11418276e-006, 0.418942867, 0.908012596, -7.89929051e-006, 4.32104339e-006, 6.70587636e-006, 1, 0.908012597, -0.418942865, 2.39452347e-006, 0.418942865, 0.908012597, -1.59305274e-005, 4.4997233e-006, 1.5468288e-005, 1, 0, 0, 0, 0, 0, 0, 0, 0.398996582, -0.201466968, -0.203245117, -0.152105125, 0.416223968, -0.896428717, -0.987426758, -0.102539063, 0.119995117, -0.0419070079, 0.903408141, 0.426736177, 0, 0, -0, 0, 0, 0, 0, 0.438746777, -0.137013477, -0.155474658, 0.353353182, 0.245942284, -0.902551171, 0.694213867, -0.715576172, 0.0767822266, -0.626899145, -0.653654066, -0.42368967, 0, 1, 5, 1, 
286.117313, 32, 0.1, 0.1, 0.00646393703, 0.360804745, -0.0349701767, 0.908012585, -0.41894289, 4.55247243e-007, 0.41894289, 0.908012585, 4.85723063e-006, -2.44827246e-006, -4.21970395e-006, 1, 0.908012591, -0.418942877, -8.56373448e-006, 0.418942877, 0.908012591, 1.09059248e-005, 3.20701923e-006, -1.34904326e-005, 1, 0, 0, 0, 0, 0, 0, 0, 0.398996582, -0.201466968, -0.203245117, -0.152105125, 0.416223968, -0.896428717, -0.987426758, -0.102539063, 0.119995117, -0.0419070079, 0.903408141, 0.426736177, 0, 0, -0, 0, 0, 0, 0, 0.438746777, -0.137013477, -0.155474658, 0.353353182, 0.245942284, -0.902551171, 0.694213867, -0.715576172, 0.0767822266, -0.626899145, -0.653654066, -0.42368967, 0, 1, 5, 1, 
286.118013, 32, 0.1, 0.1, 0.00646393502, 0.36080475, -0.0349702969, 0.9080126, -0.418942859, 5.80038021e-006, 0.418942859, 0.9080126, -5.869207e-006, -2.80795595e-006, 7.75934178e-006, 1, 0.9080126, -0.418942859, 9.64153999e-006, 0.418942859, 0.9080126, -1.40139325e-005, -2.88360286e-006, 1.67640816e-005, 1, 0, 0, 0, 0, 0, 0, 0, 0.398996582, -0.201466968, -0.203245117, -0.152105125, 0.416223968, -0.896428717, -0.987426758, -0.102539063, 0.119995117, -0.0419070079, 0.903408141, 0.426736177, 0, 0, -0, 0, 0, 0, 0, 0.438746777, -0.137013477, -0.155474658, 0.353353182, 0.245942284, -0.902551171, 0.694213867, -0.715576172, 0.0767822266, -0.626899145, -0.653654066, -0.42368967, 0, 1, 5, 1, 
286.11871, 32, 0.1, 0.1, 0.00646393726, 0.360804746, -0.0349702061, 0.908012608, -0.418942841, -4.90377413e-006, 0.418942841, 0.908012608, 3.09425358e-006, 3.15637335e-006, -4.86402233e-006, 1, 0.908012602, -0.418942853, -3.67608618e-006, 0.418942853, 0.908012602, 1.32248144e-005, -2.20250888e-006, -1.35483681e-005, 1, 0, 0, 0, 0, 0, 0, 0, 0.398996582, -0.201466968, -0.203245117, -0.152105125, 0.416223968, -0.896428717, -0.987426758, -0.102539063, 0.119995117, -0.0419070079, 0.903408141, 0.426736177, 0, 0, -0, 0, 0, 0, 0, 0.438746777, -0.137013477, -0.155474658, 0.353353182, 0.245942284, -0.902551171, 0.694213867, -0.715576172, 0.0767822266, -0.626899145, -0.653654066, -0.42368967, 0, 1, 5, 1, 
286.119423, 32, 0.1, 0.1, 0.00646393602, 0.360804751, -0.0349698974, 0.908012592, -0.418942876, -6.17440867e-007, 0.418942876, 0.908012592, -5.5972202e-006, 2.90555961e-006, 4.82367397e-006, 1, 0.908012592, -0.418942876, 3.40567819e-006, 0.418942876, 0.908012592, -1.48505291e-005, 3.12912471e-006, 1.49112521e-005, 1, 0, 0, 0, 0, 0, 0, 0, 0.398996582, -0.201466968, -0.203245117, -0.152105125, 0.416223968, -0.896428717, -0.987426758, -0.102539063, 0.119995117, -0.0419070079, 0.903408141, 0.426736177, 0, 0, -0, 0, 0, 0, 0, 0.438746777, -0.137013477, -0.155474658, 0.353353182, 0.245942284, -0.902551171, 0.694213867, -0.715576172, 0.0767822266, -0.626899145, -0.653654066, -0.42368967, 0, 1, 5, 1, 
286.120152, 32, 0.1, 0.1, 0.00646393807, 0.360804746, -0.0349692389, 0.908012581, -0.418942898, 1.67299326e-006, 0.418942898, 0.908012581, 7.35316358e-006, -4.59965459e-006, -5.9758764e-006, 1, 0.908012588, -0.418942884, -8.37844783e-006, 0.418942884, 0.908012588, 1.39879425e-005, 1.74758711e-006, -1.6211319e-005, 1, 0, 0, 0, 0, 0, 0, 0, 0.398144482, -0.200261157, -0.204056299, -0.155677964, 0.41803847, -0.89496169, -0.986816406, -0.104248047, 0.122924805, -0.0418354935, 0.9023792, 0.428975662, 0, 0, -0, 0, 0, 0, 0, 0.438746777, -0.137013477, -0.155474658, 0.350426784, 0.247584304, -0.903138856, 0.695556641, -0.714599609, 0.0739746094, -0.627083979, -0.654095197, -0.422769497, 0, 1, 5, 1, 
286.120851, 32, 0.1, 0.1, 0.00646393568, 0.36080475, -0.0349684767, 0.908012597, -0.418942864, 6.62699703e-006, 0.418942864, 0.908012597, -2.77330119e-006, -4.85554204e-006, 5.29452553e-006, 1, 0.908012597, -0.418942864, 1.0761687e-005, 0.418942864, 0.908012597, -1.13539644e-005, -5.01508503e-006, 1.48180746e-005, 1, 0, 0, 0, 0, 0, 0, 0, 0.398144482, -0.200261157, -0.204056299, -0.155677964, 0.41803847, -0.89496169, -0.986816406, -0.104248047, 0.122924805, -0.0418354935, 0.9023792, 0.428975662, 0, 0, -0, 0, 0, 0, 0, 0.438102783, -0.136467627, -0.156163916, 0.350426784, 0.247584304, -0.903138856, 0.695556641, -0.714599609, 0.0739746094, -0.627083979, -0.654095197, -0.422769497, 0, 1, 5, 1, 
286.12155, 32, 0.1, 0.1, 0.00646393791, 0.360804745, -0.0349681125, 0.908012607, -0.418942843, -4.91925811e-006, 0.418942843, 0.908012607, 5.52110517e-006, 2.15372088e-006, -7.07412108e-006, 1, 0.908012601, -0.418942856, -3.54877559e-006, 0.418942856, 0.908012601, 1.67768515e-005, -3.80620914e-006, -1.67203268e-005, 1, 0, 0, 0, 0, 0, 0, 0, 0.398144482, -0.200261157, -0.204056299, -0.155677964, 0.41803847, -0.89496169, -0.986816406, -0.104248047, 0.122924805, -0.0418354935, 0.9023792, 0.428975662, 0, 0, -0, 0, 0, 0, 0, 0.438102783, -0.136467627, -0.156163916, 0.350426784, 0.247584304, -0.903138856, 0.695556641, -0.714599609, 0.0739746094, -0.627083979, -0.654095197, -0.422769497, 0, 1, 5, 1, 
286.122252, 32, 0.1, 0.1, 0.00646393645, 0.360804749, -0.0349681588, 0.90801259, -0.41894288, -1.64042095e-007, 0.41894288, 0.90801259, -6.06362973e-006, 2.68926679e-006, 5.43712787e-006, 1, 0.90801259, -0.418942879, 3.79802952e-006, 0.418942879, 0.90801259, -1.480579e-005, 2.75412168e-006, 1.50350012e-005, 1, 0, 0, 0, 0, 0, 0, 0, 0.398144482, -0.200261157, -0.204056299, -0.155677964, 0.41803847, -0.89496169, -0.986816406, -0.104248047, 0.122924805, -0.0418354935, 0.9023792, 0.428975662, 0, 0, -0, 0, 0, 0, 0, 0.438102783, -0.136467627, -0.156163916, 0.350426784, 0.247584304, -0.903138856, 0.695556641, -0.714599609, 0.0739746094, -0.627083979, -0.654095197, -0.422769497, 0, 1, 5, 1, 
286.122954, 32, 0.1, 0.1, 0.00646393854, 0.360804744, -0.0349685663, 0.90801258, -0.418942901, 3.26800036e-007, 0.418942901, 0.90801258, 8.31861924e-006, -3.78176502e-006, -7.41650036e-006, 1, 0.908012586, -0.418942888, -8.81477077e-006, 0.418942888, 0.908012586, 1.45548793e-005, 1.90625963e-006, -1.69088991e-005, 1, 0, 0, 0, 0, 0, 0, 0, 0.398144482, -0.200261157, -0.204056299, -0.155677964, 0.41803847, -0.89496169, -0.986816406, -0.104248047, 0.122924805, -0.0418354935, 0.9023792, 0.428975662, 0, 0, -0, 0, 0, 0, 0, 0.438102783, -0.136467627, -0.156163916, 0.350426784, 0.247584304, -0.903138856, 0.695556641, -0.714599609, 0.0739746094, -0.627083979, -0.654095197, -0.422769497, 0, 1, 5, 1, 
286.123655, 32, 0.1, 0.1, 0.00646393656, 0.360804748, -0.0349692385, 0.908012596, -0.418942866, 5.57836191e-006, 0.418942866, 0.908012596, -3.8127333e-006, -3.46790546e-006, 5.79902478e-006, 1, 0.908012596, -0.418942867, 9.59651786e-006, 0.418942867, 0.908012596, -1.20770921e-005, -3.65414749e-006, 1.49865445e-005, 1, 0, 0, 0, 0, 0, 0, 0, 0.398144482, -0.200261157, -0.204056299, -0.155677964, 0.41803847, -0.89496169, -0.986816406, -0.104248047, 0.122924805, -0.0418354935, 0.9023792, 0.428975662, 0, 0, -0, 0, 0, 0, 0, 0.438102783, -0.136467627, -0.156163916, 0.350426784, 0.247584304, -0.903138856, 0.695556641, -0.714599609, 0.0739746094, -0.627083979, -0.654095197, -0.422769497, 0, 1, 5, 1, 
286.124356, 32, 0.1, 0.1, 0.00646393906, 0.360804744, -0.0349699163, 0.908012605, -0.418942847, -5.69091642e-006, 0.418942847, 0.908012605, 4.24600181e-006, 3.38859176e-006, -6.2395919e-006, 1, 0.908012599, -0.418942859, -4.45263612e-006, 0.418942859, 0.908012599, 1.48674345e-005, -2.18555581e-006, -1.53652179e-005, 1, 0, 0, 0, 0, 0, 0, 0, 0.398144482, -0.200261157, -0.204056299, -0.155677964, 0.41803847, -0.89496169, -0.986816406, -0.104248047, 0.122924805, -0.0418354935, 0.9023792, 0.428975662, 0, 0, -0, 0, 0, 0, 0, 0.438102783, -0.136467627, -0.156163916, 0.350426784, 0.247584304, -0.903138856, 0.695556641, -0.714599609, 0.0739746094, -0.627083979, -0.654095197, -0.422769497, 0, 1, 5, 1, 
286.125083, 32, 0.1, 0.1, 0.00646393796, 0.360804749, -0.0349702605, 0.908012588, -0.418942883, -1.13623228e-006, 0.418942883, 0.908012588, -7.32011316e-006, 4.09842252e-006, 6.17073847e-006, 1, 0.908012589, -0.418942883, 2.4604648e-006, 0.418942883, 0.908012588, -1.53899654e-005, 4.21338345e-006, 1.50050765e-005, 1, 0, 0, 0, 0, 0, 0, 0, 0.398052441, -0.199581909, -0.204254517, -0.157392117, 0.418241413, -0.894504508, -0.986450195, -0.106201172, 0.123779297, -0.0432942853, 0.902099873, 0.429521211, 0, 0, -0, 0, 0, 0, 0, 0.437725244, -0.135920068, -0.15663335, 0.348094634, 0.249213564, -0.903701021, 0.696777344, -0.713623047, 0.0715332031, -0.627083612, -0.654414925, -0.422092127, 0, 1, 5, 1, 
286.125782, 32, 0.1, 0.1, 0.00646394015, 0.360804745, -0.0349701961, 0.908012579, -0.418942903, -1.03946357e-007, 0.418942903, 0.908012579, 5.76056838e-006, -2.31896464e-006, -5.27421614e-006, 1, 0.908012585, -0.418942891, -8.90263234e-006, 0.418942891, 0.908012585, 1.16656541e-005, 3.19645933e-006, -1.43222553e-005, 1, 0, 0, 0, 0, 0, 0, 0, 0.398052441, -0.199581909, -0.204254517, -0.157392117, 0.418241413, -0.894504508, -0.986450195, -0.106201172, 0.123779297, -0.0432942853, 0.902099873, 0.429521211, 0, 0, -0, 0, 0, 0, 0, 0.437725244, -0.135920068, -0.15663335, 0.348094634, 0.249213564, -0.903701021, 0.696777344, -0.713623047, 0.0715332031, -0.627083612, -0.654414925, -0.422092127, 0, 1, 5, 1, 
286.126482, 32, 0.1, 0.1, 0.00646393837, 0.360804749, -0.0349699452, 0.908012595, -0.418942869, 4.98744795e-006, 0.418942869, 0.908012595, -4.39247185e-006, -2.68847079e-006, 6.07787552e-006, 1, 0.908012595, -0.41894287, 8.89720633e-006, 0.41894287, 0.908012595, -1.25741507e-005, -2.81092461e-006, 1.51449084e-005, 1, 0, 0, 0, 0, 0, 0, 0, 0.398052441, -0.199581909, -0.204254517, -0.157392117, 0.418241413, -0.894504508, -0.986450195, -0.106201172, 0.123779297, -0.0432942853, 0.902099873, 0.429521211, 0, 0, -0, 0, 0, 0, 0, 0.437725244, -0.135920068, -0.15663335, 0.348094634, 0.249213564, -0.903701021, 0.696777344, -0.713623047, 0.0715332031, -0.627083612, -0.654414925, -0.422092127, 0, 1, 5, 1, 
286.127194, 32, 0.1, 0.1, 0.00646394096, 0.360804745, -0.0349695477, 0.908012605, -0.418942848, -5.89416542e-006, 0.418942848, 0.908012605, 2.76977891e-006, 4.19159743e-006, -4.9843126e-006, 1, 0.908012598, -0.418942861, -4.54290671e-006, 0.418942861, 0.908012598, 1.43924411e-005, -1.90459394e-006, -1.49717362e-005, 1, 0, 0, 0, 0, 0, 0, 0, 0.398052441, -0.199581909, -0.204254517, -0.158312473, 0.417759143, -0.894682363, -0.986328125, -0.106933594, 0.124511719, -0.043642883, 0.902176257, 0.429178605, 0, 0, -0, 0, 0, 0, 0, 0.437725244, -0.135920068, -0.15663335, 0.348094634, 0.249213564, -0.903701021, 0.696777344, -0.713623047, 0.0715332031, -0.627083612, -0.654414925, -0.422092127, 0, 1, 5, 1, 
286.127908, 32, 0.1, 0.1, 0.00646393967, 0.36080475, -0.0349688517, 0.908012586, -0.418942889, -5.86053338e-007, 0.418942889, 0.908012586, -8.12774715e-006, 3.93720567e-006, 7.13457383e-006, 1, 0.908012587, -0.418942887, 3.27486199e-006, 0.418942887, 0.908012587, -1.70345461e-005, 4.16288602e-006, 1.68395624e-005, 1, 0, 0, 0, 0, 0, 0, 0, 0.397781104, -0.199383081, -0.204041406, -0.158312473, 0.417759143, -0.894682363, -0.986328125, -0.106933594, 0.124511719, -0.043642883, 0.902176257, 0.429178605, 0, 0, -0, 0, 0, 0, 0, 0.437337451, -0.135861963, -0.157101074, 0.345839043, 0.250063375, -0.904275946, 0.697143555, -0.713500977, 0.0693359375, -0.627811655, -0.654325607, -0.421293355, 0, 1, 5, 1, 
286.128607, 32, 0.1, 0.1, 0.00646394186, 0.360804746, -0.0349684282, 0.908012574, -0.418942915, -4.44309628e-008, 0.418942915, 0.908012574, 7.38749198e-006, -3.05459355e-006, -6.72654964e-006, 1, 0.90801258, -0.418942901, -9.17427458e-006, 0.418942901, 0.90801258, 1.32773298e-005, 2.76791368e-006, -1.58994797e-005, 1, 0, 0, 0, 0, 0, 0, 0, 0.397781104, -0.199383081, -0.204041406, -0.158312473, 0.417759143, -0.894682363, -0.986328125, -0.106933594, 0.124511719, -0.043642883, 0.902176257, 0.429178605, 0, 0, -0, 0, 0, 0, 0, 0.437337451, -0.135861963, -0.157101074, 0.345839043, 0.250063375, -0.904275946, 0.697143555, -0.713500977, 0.0693359375, -0.627811655, -0.654325607, -0.421293355, 0, 1, 5, 1, 
286.129307, 32, 0.1, 0.1, 0.00646394001, 0.36080475, -0.034968394, 0.908012588, -0.418942884, 4.99092105e-006, 0.418942884, 0.908012588, -2.51079504e-006, -3.47993942e-006, 4.37074436e-006, 1, 0.908012588, -0.418942884, 9.19006413e-006, 0.418942884, 0.908012588, -1.1419403e-005, -3.5606163e-006, 1.42190736e-005, 1, 0, 0, 0, 0, 0, 0, 0, 0.397781104, -0.199383081, -0.204041406, -0.158312473, 0.417759143, -0.894682363, -0.986328125, -0.106933594, 0.124511719, -0.043642883, 0.902176257, 0.429178605, 0, 0, -0, 0, 0, 0, 0, 0.437337451, -0.135861963, -0.157101074, 0.345839043, 0.250063375, -0.904275946, 0.697143555, -0.713500977, 0.0693359375, -0.627811655, -0.654325607, -0.421293355, 0, 1, 5, 1, 
286.130009, 32, 0.1, 0.1, 0.00646394274, 0.360804745, -0.0349686585, 0.908012595, -0.418942869, -6.29495013e-006, 0.418942869, 0.908012595, 6.5071039e-006, 2.98978923e-006, -8.54575676e-006, 1, 0.908012589, -0.418942881, -5.06767509e-006, 0.418942881, 0.908012589, 1.74123419e-005, -2.6932639e-006, -1.79336921e-005, 1, 0, 0, 0, 0, 0, 0, 0, 0.397781104, -0.199383081, -0.204041406, -0.158312473, 0.417759143, -0.894682363, -0.986328125, -0.106933594, 0.124511719, -0.043642883, 0.902176257, 0.429178605, 0, 0, -0, 0, 0, 0, 0, 0.437337451, -0.135861963, -0.157101074, 0.345839043, 0.250063375, -0.904275946, 0.697143555, -0.713500977, 0.0693359375, -0.627811655, -0.654325607, -0.421293355, 0, 1, 5, 1, 
286.130711, 32, 0.1, 0.1, 0.00646394161, 0.360804749, -0.0349691285, 0.908012576, -0.418942909, -6.85389264e-007, 0.418942909, 0.908012576, -5.79881053e-006, 3.05171263e-006, 4.97825392e-006, 1, 0.908012577, -0.418942908, 2.93499283e-006, 0.418942908, 0.908012577, -1.39539599e-005, 3.18090212e-006, 1.38999655e-005, 1, 0, 0, 0, 0, 0, 0, 0, 0.397781104, -0.199383081, -0.204041406, -0.158312473, 0.417759143, -0.894682363, -0.986328125, -0.106933594, 0.124511719, -0.043642883, 0.902176257, 0.429178605, 0, 0, -0, 0, 0, 0, 0, 0.437337451, -0.135861963, -0.157101074, 0.345839043, 0.250063375, -0.904275946, 0.697143555, -0.713500977, 0.0693359375, -0.627811655, -0.654325607, -0.421293355, 0, 1, 5, 1, 
286.131411, 32, 0.1, 0.1, 0.00646394363, 0.360804744, -0.0349696912, 0.908012564, -0.418942935, 4.44539673e-007, 0.418942935, 0.908012564, 7.29718813e-006, -3.46075302e-006, -6.43970175e-006, 1, 0.908012571, -0.418942921, -8.52837495e-006, 0.418942922, 0.908012571, 1.34000094e-005, 2.13003255e-006, -1.57402793e-005, 1, 0, 0, 0, 0, 0, 0, 0, 0.397781104, -0.199383081, -0.204041406, -0.158312473, 0.417759143, -0.894682363, -0.986328125, -0.106933594, 0.124511719, -0.043642883, 0.902176257, 0.429178605, 0, 0, -0, 0, 0, 0, 0, 0.437337451, -0.135861963, -0.157101074, 0.345839043, 0.250063375, -0.904275946, 0.697143555, -0.713500977, 0.0693359375, -0.627811655, -0.654325607, -0.421293355, 0, 1, 5, 1, 
286.132142, 32, 0.1, 0.1, 0.0064639414, 0.360804748, -0.0349700118, 0.908012579, -0.418942904, 5.89207249e-006, 0.418942904, 0.908012579, -3.33632002e-006, -3.95234833e-006, 5.4978625e-006, 1, 0.908012579, -0.418942903, 1.01197021e-005, 0.418942904, 0.908012579, -1.2074247e-005, -4.13039675e-006, 1.52031455e-005, 1, 0, 0, 0, 0, 0, 0, 0, 0.397089526, -0.19964978, -0.204059595, -0.158825822, 0.416870988, -0.894974795, -0.986328125, -0.105834961, 0.125854492, -0.0422020653, 0.902811295, 0.428112594, 0, 0, -0, 0, 0, 0, 0, 0.437337451, -0.135861963, -0.157101074, 0.343500329, 0.250766265, -0.905023312, 0.697387695, -0.713500977, 0.0670166016, -0.628916663, -0.654006245, -0.420021736, 0, 1, 5, 1, 
286.132844, 32, 0.1, 0.1, 0.00646394359, 0.360804744, -0.0349698874, 0.908012585, -0.418942892, -4.81790928e-006, 0.418942892, 0.908012585, 4.01235603e-006, 2.69377422e-006, -5.66169861e-006, 1, 0.90801258, -0.418942902, -3.62023383e-006, 0.418942902, 0.908012579, 1.4661844e-005, -2.85525763e-006, -1.48298101e-005, 1, 0, 0, 0, 0, 0, 0, 0, 0.397089526, -0.19964978, -0.204059595, -0.158825822, 0.416870988, -0.894974795, -0.986328125, -0.105834961, 0.125854492, -0.0422020653, 0.902811295, 0.428112594, 0, 0, -0, 0, 0, 0, 0, 0.436489746, -0.13580874, -0.157793506, 0.343500329, 0.250766265, -0.905023312, 0.697387695, -0.713500977, 0.0670166016, -0.628916663, -0.654006245, -0.420021736, 0, 1, 5, 1, 
286.133542, 32, 0.1, 0.1, 0.00646394218, 0.360804749, -0.0349696788, 0.908012566, -0.418942932, -4.79519076e-008, 0.418942932, 0.908012566, -7.22162111e-006, 3.06898806e-006, 6.5372336e-006, 1, 0.908012567, -0.41894293, 3.63869786e-006, 0.41894293, 0.908012566, -1.5442727e-005, 3.16563794e-006, 1.5546597e-005, 1, 0, 0, 0, 0, 0, 0, 0, 0.397089526, -0.19964978, -0.204059595, -0.158825822, 0.416870988, -0.894974795, -0.986328125, -0.105834961, 0.125854492, -0.0422020653, 0.902811295, 0.428112594, 0, 0, -0, 0, 0, 0, 0, 0.436489746, -0.13580874, -0.157793506, 0.343500329, 0.250766265, -0.905023312, 0.697387695, -0.713500977, 0.0670166016, -0.628916663, -0.654006245, -0.420021736, 0, 1, 5, 1, 
286.134244, 32, 0.1, 0.1, 0.00646394407, 0.360804745, -0.0349694369, 0.908012554, -0.418942959, 7.07525132e-007, 0.418942959, 0.908012554, 6.174039e-006, -3.22901187e-006, -5.30969225e-006, 1, 0.90801256, -0.418942945, -8.24253449e-006, 0.418942945, 0.90801256, 1.22097332e-005, 2.36914326e-006, -1.45397428e-005, 1, 0, 0, 0, 0, 0, 0, 0, 0.397089526, -0.19964978, -0.204059595, -0.158825822, 0.416870988, -0.894974795, -0.986328125, -0.105834961, 0.125854492, -0.0422020653, 0.902811295, 0.428112594, 0, 0, -0, 0, 0, 0, 0, 0.436489746, -0.13580874, -0.157793506, 0.343500329, 0.250766265, -0.905023312, 0.697387695, -0.713500977, 0.0670166016, -0.628916663, -0.654006245, -0.420021736, 0, 1, 5, 1, 
286.134947, 32, 0.1, 0.1, 0.00646394199, 0.360804749, -0.0349691851, 0.908012568, -0.418942928, 5.48442973e-006, 0.418942928, 0.908012568, -4.6502381e-006, -3.03174676e-006, 6.52013769e-006, 1, 0.908012568, -0.418942928, 9.58964294e-006, 0.418942928, 0.908012568, -1.313732e-005, -3.20372901e-006, 1.59463648e-005, 1, 0, 0, 0, 0, 0, 0, 0, 0.397089526, -0.19964978, -0.204059595, -0.158825822, 0.416870988, -0.894974795, -0.986328125, -0.105834961, 0.125854492, -0.0422020653, 0.902811295, 0.428112594, 0, 0, -0, 0, 0, 0, 0, 0.436489746, -0.13580874, -0.157793506, 0.343500329, 0.250766265, -0.905023312, 0.697387695, -0.713500977, 0.0670166016, -0.628916663, -0.654006245, -0.420021736, 0, 1, 5, 1, 
286.135663, 32, 0.1, 0.1, 0.0064639445, 0.360804745, -0.0349689291, 0.908012577, -0.418942908, -5.66360275e-006, 0.418942908, 0.908012577, 4.29922604e-006, 3.34149226e-006, -6.27647752e-006, 1, 0.908012571, -0.41894292, -4.32423983e-006, 0.41894292, 0.908012571, 1.51918279e-005, -2.43804463e-006, -1.56059804e-005, 1, 0, 0, 0, 0, 0, 0, 0, 0.397089526, -0.19964978, -0.204059595, -0.158825822, 0.416870988, -0.894974795, -0.986328125, -0.105834961, 0.125854492, -0.0422020653, 0.902811295, 0.428112594, 0, 0, -0, 0, 0, 0, 0, 0.436489746, -0.13580874, -0.157793506, 0.343500329, 0.250766265, -0.905023312, 0.697387695, -0.713500977, 0.0670166016, -0.628916663, -0.654006245, -0.420021736, 0, 1, 5, 1, 
286.136366, 32, 0.1, 0.1, 0.0064639433, 0.360804749, -0.0349687764, 0.90801256, -0.418942944, -1.01712553e-006, 0.418942944, 0.90801256, -6.26264645e-006, 3.5472543e-006, 5.26044408e-006, 1, 0.908012561, -0.418942943, 2.90064335e-006, 0.418942943, 0.908012561, -1.50439008e-005, 3.6687155e-006, 1.4875255e-005, 1, 0, 0, 0, 0, 0, 0, 0, 0.397089526, -0.19964978, -0.204059595, -0.158825822, 0.416870988, -0.894974795, -0.986328125, -0.105834961, 0.125854492, -0.0422020653, 0.902811295, 0.428112594, 0, 0, -0, 0, 0, 0, 0, 0.436489746, -0.13580874, -0.157793506, 0.343500329, 0.250766265, -0.905023312, 0.697387695, -0.713500977, 0.0670166016, -0.628916663, -0.654006245, -0.420021736, 0, 1, 5, 1, 
286.137106, 32, 0.1, 0.1, 0.00646394581, 0.360804744, -0.0349684795, 0.90801255, -0.418942966, -3.05817589e-007, 0.418942966, 0.90801255, 8.20996835e-006, -3.16182228e-006, -7.58287443e-006, 1, 0.908012556, -0.418942952, -9.72011971e-006, 0.418942952, 0.908012556, 1.45839534e-005, 2.71614627e-006, -1.73145884e-005, 1, 0, 0, 0, 0, 0, 0, 0, 0.396757544, -0.20041521, -0.202789722, -0.156623407, 0.414935918, -0.896200687, -0.986694336, -0.104003906, 0.124389648, -0.041562158, 0.903859331, 0.425834917, 0, 0, -0, 0, 0, 0, 0, 0.436306299, -0.136036865, -0.156890771, 0.344120097, 0.250619344, -0.90472947, 0.697021484, -0.713745117, 0.0673828125, -0.628974265, -0.653776201, -0.420481823, 0, 1, 5, 1, 
286.137806, 32, 0.1, 0.1, 0.0064639439, 0.360804748, -0.0349683373, 0.908012566, -0.418942932, 5.32030918e-006, 0.418942932, 0.908012566, -3.6171496e-006, -3.31552833e-006, 5.51332322e-006, 1, 0.908012566, -0.418942932, 9.3271571e-006, 0.418942932, 0.908012566, -1.20158866e-005, -3.43520507e-006, 1.48181226e-005, 1, 0, 0, 0, 0, 0, 0, 0, 0.396757544, -0.20041521, -0.202789722, -0.156623407, 0.414935918, -0.896200687, -0.986694336, -0.104003906, 0.124389648, -0.041562158, 0.903859331, 0.425834917, 0, 0, -0, 0, 0, 0, 0, 0.436306299, -0.136036865, -0.156890771, 0.344120097, 0.250619344, -0.90472947, 0.697021484, -0.713745117, 0.0673828125, -0.628974265, -0.653776201, -0.420481823, 0, 1, 5, 1, 
