time, trialNum, realDorsalTactorPos, realVentralTactorPos, boxPosX, boxPosY, boxPosZ, boxLocalRot_11, boxLocalRot_12, boxLocalRot_13, boxLocalRot_21, boxLocalRot_22, boxLocalRot_23, boxLocalRot_31, boxLocalRot_32, boxLocalRot_33, boxGlobalRot_11, boxGlobalRot_12, boxGlobalRot_13, boxGlobalRot_21, boxGlobalRot_22, boxGlobalRot_23, boxGlobalRot_31, boxGlobalRot_32, boxGlobalRot_33, indexForceX, indexForceY, indexForceZ, indexForceGlobalX, indexForceGlobalY, indexForceGlobalZ, indexContact, indexPosX, indexPosY, indexPosZ, indexRot_11, indexRot_12, indexRot_13, indexRot_21, indexRot_22, indexRot_23, indexRot_31, indexRot_32, indexRot_33, thumbForceX, thumbForceY, thumbForceZ, thumbForceGlobalX, thumbForceGlobalY, thumbForceGlobalZ, thumbContact, thumbPosX, thumbPosY, thumbPosZ, thumbRot_11, thumbRot_12, thumbRot_13, thumbRot_21, thumbRot_22, thumbRot_23, thumbRot_31, thumbRot_32, thumbRot_33, manipForceTooHigh, cceExpType, mapping, trialSuccess, 
91.4446073, 6, 0.1, 0.1, 0.0205267083, 0.353245444, -0.0349573124, 0.962117992, -1.88348718e-005, 0.272633398, 0.272633398, -2.3575182e-005, -0.962117992, 2.4548751e-005, 1, -1.75470917e-005, 0.962117975, -1.84385916e-005, 0.272633457, 0.272633457, -2.35800693e-005, -0.962117975, 2.41688163e-005, 1, -1.76598316e-005, 0, 0, 0, 0, 0, 0, 0, 0.478503467, -0.140557764, -0.313149146, 0.705574667, 0.39720473, -0.586665329, -0.702636719, 0.498168945, -0.5078125, 0.0904443557, 0.77084014, 0.630667166, 0, -0, 0, 0, 0, 0, 0, 0.492210791, -0.12811084, -0.254967139, 0.667124175, -0.0613744133, -0.742252362, -0.440673828, -0.8359375, -0.326904297, -0.600425848, 0.545400513, -0.584818516, 0, 1, 1, 1, 
91.4885578, 6, 0.1, 0.1, 0.0205267148, 0.353245324, -0.0349717894, 0.962119579, 7.12594098e-006, 0.272627798, 0.272627798, 4.04629607e-006, -0.962119579, -7.95914013e-006, 1, 1.95029107e-006, 0.962119568, -6.17555184e-006, 0.272627836, 0.272627836, 4.96175267e-006, -0.962119568, 4.58890738e-006, 1, 6.45742667e-006, 0, 0, 0, 0, 0, 0, 0, 0.479648022, -0.139311279, -0.311188599, 0.711279911, 0.404291999, -0.57482726, -0.698364258, 0.496826172, -0.514892578, 0.0773051325, 0.76798734, 0.635960532, 0, -0, 0, 0, 0, 0, 0, 0.489450537, -0.128934033, -0.256707813, 0.659328953, -0.0549762085, -0.749725655, -0.451416016, -0.826293945, -0.336425781, -0.600999673, 0.560433888, -0.569770181, 0, 1, 1, 1, 
91.4892541, 6, 0.1, 0.1, 0.0205267127, 0.353245324, -0.034965915, 0.962119661, -8.36322351e-006, 0.272627508, 0.272627508, 1.01063698e-005, -0.962119661, 5.29114736e-006, 1, 1.20035819e-005, 0.96211964, -2.79989611e-007, 0.272627581, 0.272627581, -1.6417489e-006, -0.96211964, 7.16969535e-007, 1, -1.50322597e-006, 0, 0, 0, 0, 0, 0, 0, 0.479648022, -0.139311279, -0.311188599, 0.711279911, 0.404291999, -0.57482726, -0.698364258, 0.496826172, -0.514892578, 0.0773051325, 0.76798734, 0.635960532, 0, -0, 0, 0, 0, 0, 0, 0.489450537, -0.128934033, -0.256707813, 0.659328953, -0.0549762085, -0.749725655, -0.451416016, -0.826293945, -0.336425781, -0.600999673, 0.560433888, -0.569770181, 0, 1, 1, 1, 
91.489949, 6, 0.1, 0.1, 0.0205267134, 0.353245321, -0.0349615197, 0.962119783, 3.72331417e-006, 0.272627077, 0.272627077, -8.8700827e-006, -0.962119783, -1.1640495e-006, 1, -9.5491583e-006, 0.962119759, 7.23251756e-007, 0.272627162, 0.272627162, -2.94946453e-006, -0.962119759, 1.08249338e-007, 1, -3.03491618e-006, 0, 0, 0, 0, 0, 0, 0, 0.479648022, -0.139311279, -0.311188599, 0.711279911, 0.404291999, -0.57482726, -0.698364258, 0.496826172, -0.514892578, 0.0773051325, 0.76798734, 0.635960532, 0, -0, 0, 0, 0, 0, 0, 0.489450537, -0.128934033, -0.256707813, 0.659328953, -0.0549762085, -0.749725655, -0.451416016, -0.826293945, -0.336425781, -0.600999673, 0.560433888, -0.569770181, 0, 1, 1, 1, 
91.4906465, 6, 0.1, 0.1, 0.0205267142, 0.353245317, -0.0349597928, 0.962119908, -3.64772792e-006, 0.272626636, 0.272626636, 1.89466262e-005, -0.962119908, -1.6558033e-006, 1, 1.9223394e-005, 0.962119885, 1.39778822e-006, 0.272626715, 0.272626715, 2.15419282e-005, -0.962119885, -7.21774498e-006, 1, 2.03448431e-005, 0, 0, 0, 0, 0, 0, 0, 0.479648022, -0.139311279, -0.311188599, 0.711279911, 0.404291999, -0.57482726, -0.698364258, 0.496826172, -0.514892578, 0.0773051325, 0.76798734, 0.635960532, 0, -0, 0, 0, 0, 0, 0, 0.489450537, -0.128934033, -0.256707813, 0.659328953, -0.0549762085, -0.749725655, -0.451416016, -0.826293945, -0.336425781, -0.600999673, 0.560433888, -0.569770181, 0, 1, 1, 1, 
91.4913674, 6, 0.1, 0.1, 0.0205267158, 0.353245318, -0.0349610741, 0.962119973, 1.70529994e-005, 0.272626406, 0.272626406, 2.02217191e-007, -0.962119973, -1.64621611e-005, 1, -4.45454076e-006, 0.962119966, 8.62131695e-007, 0.272626431, 0.272626431, -1.26976403e-005, -0.962119966, 2.63223825e-006, 1, -1.24516932e-005, 0, 0, 0, 0, 0, 0, 0, 0.479648022, -0.139311279, -0.311188599, 0.711279911, 0.404291999, -0.57482726, -0.698364258, 0.496826172, -0.514892578, 0.0773051325, 0.76798734, 0.635960532, 0, -0, 0, 0, 0, 0, 0, 0.489450537, -0.128934033, -0.256707813, 0.659328953, -0.0549762085, -0.749725655, -0.451416016, -0.826293945, -0.336425781, -0.600999673, 0.560433888, -0.569770181, 0, 1, 1, 1, 
91.4920703, 6, 0.1, 0.1, 0.0205267125, 0.353245314, -0.0349644503, 0.962119958, -8.98291702e-006, 0.27262646, 0.27262646, -8.56002268e-006, -0.962119958, 1.09763324e-005, 1, -5.78678779e-006, 0.962119964, 5.09531642e-006, 0.27262644, 0.27262644, 9.17285392e-006, -0.962119964, -7.40306815e-006, 1, 7.43626791e-006, 0, 0, 0, 0, 0, 0, 0, 0.479648022, -0.139311279, -0.311188599, 0.711279911, 0.404291999, -0.57482726, -0.698364258, 0.496826172, -0.514892578, 0.0773051325, 0.76798734, 0.635960532, 0, -0, 0, 0, 0, 0, 0, 0.489450537, -0.128934033, -0.256707813, 0.659328953, -0.0549762085, -0.749725655, -0.451416016, -0.826293945, -0.336425781, -0.600999673, 0.560433888, -0.569770181, 0, 1, 1, 1, 
91.4927696, 6, 0.1, 0.1, 0.0205267189, 0.353245316, -0.0349690583, 0.962119949, -5.28480321e-006, 0.27262649, 0.27262649, 5.43339516e-006, -0.962119949, 3.60332714e-006, 1, 6.66835523e-006, 0.962119946, -1.68270093e-005, 0.272626501, 0.272626501, -2.44948654e-006, -0.962119946, 1.68573963e-005, 1, 2.23078883e-006, 0, 0, 0, 0, 0, 0, 0, 0.479648022, -0.139311279, -0.311188599, 0.711279911, 0.404291999, -0.57482726, -0.698364258, 0.496826172, -0.514892578, 0.0773051325, 0.76798734, 0.635960532, 0, -0, 0, 0, 0, 0, 0, 0.489450537, -0.128934033, -0.256707813, 0.659328953, -0.0549762085, -0.749725655, -0.451416016, -0.826293945, -0.336425781, -0.600999673, 0.560433888, -0.569770181, 0, 1, 1, 1, 
91.4934939, 6, 0.1, 0.1, 0.0205267097, 0.353245313, -0.034973431, 0.962120001, 2.81675383e-005, 0.272626307, 0.272626307, 8.10460523e-006, -0.962120001, -2.93100806e-005, 1, 1.18390831e-007, 0.962119992, 3.27324074e-005, 0.272626337, 0.272626337, 1.05320593e-005, -0.962119993, -3.43638203e-005, 0.999999999, 1.20938854e-006, 0, 0, 0, 0, 0, 0, 0, 0.479629956, -0.138128662, -0.310936182, 0.71105675, 0.405574057, -0.574243519, -0.698974609, 0.495239258, -0.51574707, 0.0751158228, 0.768278649, 0.635744485, 0, -0, 0, 0, 0, 0, 0, 0.489457129, -0.128482666, -0.256031494, 0.659463114, -0.0548292873, -0.749591494, -0.451049805, -0.826538086, -0.336547852, -0.601108315, 0.560203845, -0.569878823, 0, 1, 1, 1, 
91.4941857, 6, 0.1, 0.1, 0.0205267132, 0.353245313, -0.034976174, 0.962120069, -3.36713633e-005, 0.272626067, 0.272626067, -7.42126464e-007, -0.962120069, 3.25982174e-005, 0.999999999, 8.4656766e-006, 0.962120051, -2.56175806e-005, 0.272626129, 0.272626129, -1.96493729e-006, -0.962120052, 2.51828813e-005, 1, 5.09351627e-006, 0, 0, 0, 0, 0, 0, 0, 0.479629956, -0.138128662, -0.310936182, 0.71105675, 0.405574057, -0.574243519, -0.698974609, 0.495239258, -0.51574707, 0.0751158228, 0.768278649, 0.635744485, 0, -0, 0, 0, 0, 0, 0, 0.489457129, -0.128482666, -0.256031494, 0.659463114, -0.0548292873, -0.749591494, -0.451049805, -0.826538086, -0.336547852, -0.601108315, 0.560203845, -0.569878823, 0, 1, 1, 1, 
91.4948805, 6, 0.1, 0.1, 0.0205267207, 0.353245315, -0.0349769322, 0.962120132, 2.76061513e-006, 0.272625845, 0.272625845, -8.04653461e-006, -0.962120132, -4.62350103e-007, 1, -8.49434797e-006, 0.962120126, -1.15833874e-005, 0.272625866, 0.272625866, -1.24662943e-005, -0.962120126, 1.45432444e-005, 1, -8.83614162e-006, 0, 0, 0, 0, 0, 0, 0, 0.479629956, -0.138128662, -0.310936182, 0.71105675, 0.405574057, -0.574243519, -0.698974609, 0.495239258, -0.51574707, 0.0751158228, 0.768278649, 0.635744485, 0, -0, 0, 0, 0, 0, 0, 0.489457129, -0.128482666, -0.256031494, 0.659463114, -0.0548292873, -0.749591494, -0.451049805, -0.826538086, -0.336547852, -0.601108315, 0.560203845, -0.569878823, 0, 1, 1, 1, 
91.4955803, 6, 0.1, 0.1, 0.0205267172, 0.353245312, -0.0349755214, 0.962120122, 4.57827565e-006, 0.272625882, 0.272625882, 4.28916136e-006, -0.962120122, -5.57418752e-006, 1, 2.87853201e-006, 0.962120126, 1.1268274e-005, 0.272625866, 0.272625866, 1.12261799e-005, -0.962120126, -1.39019803e-005, 1, 7.72891064e-006, 0, 0, 0, 0, 0, 0, 0, 0.479629956, -0.138128662, -0.310936182, 0.71105675, 0.405574057, -0.574243519, -0.698974609, 0.495239258, -0.51574707, 0.0751158228, 0.768278649, 0.635744485, 0, -0, 0, 0, 0, 0, 0, 0.489457129, -0.128482666, -0.256031494, 0.659463114, -0.0548292873, -0.749591494, -0.451049805, -0.826538086, -0.336547852, -0.601108315, 0.560203845, -0.569878823, 0, 1, 1, 1, 
91.4962737, 6, 0.1, 0.1, 0.0205267208, 0.353245314, -0.0349724811, 0.962120104, -6.04536024e-006, 0.272625945, 0.272625945, 3.4702257e-006, -0.962120104, 4.87028906e-006, 1, 4.98689596e-006, 0.962120106, -1.12207237e-005, 0.272625937, 0.272625937, -8.10743995e-006, -0.962120106, 1.30059822e-005, 1, -4.74127069e-006, 0, 0, 0, 0, 0, 0, 0, 0.479629956, -0.138128662, -0.310936182, 0.71105675, 0.405574057, -0.574243519, -0.698974609, 0.495239258, -0.51574707, 0.0751158228, 0.768278649, 0.635744485, 0, -0, 0, 0, 0, 0, 0, 0.489457129, -0.128482666, -0.256031494, 0.659463114, -0.0548292873, -0.749591494, -0.451049805, -0.826538086, -0.336547852, -0.601108315, 0.560203845, -0.569878823, 0, 1, 1, 1, 
91.4969672, 6, 0.1, 0.1, 0.0205267176, 0.353245313, -0.0349688466, 0.962120137, 5.93419479e-006, 0.272625827, 0.272625827, -1.35244131e-005, -0.962120137, -2.022304e-006, 1, -1.46299249e-005, 0.962120125, 1.40904327e-005, 0.272625869, 0.272625869, -5.70944619e-006, -0.962120125, -1.20001462e-005, 1, -9.33458956e-006, 0, 0, 0, 0, 0, 0, 0, 0.479629956, -0.138128662, -0.310936182, 0.71105675, 0.405574057, -0.574243519, -0.698974609, 0.495239258, -0.51574707, 0.0751158228, 0.768278649, 0.635744485, 0, -0, 0, 0, 0, 0, 0, 0.489457129, -0.128482666, -0.256031494, 0.659463114, -0.0548292873, -0.749591494, -0.451049805, -0.826538086, -0.336547852, -0.601108315, 0.560203845, -0.569878823, 0, 1, 1, 1, 
91.4976612, 6, 0.1, 0.1, 0.020526724, 0.353245313, -0.0349657259, 0.962120246, -1.14355781e-005, 0.272625444, 0.272625444, 7.78110914e-006, -0.962120246, 8.88107286e-006, 1, 1.06039922e-005, 0.962120219, -2.18007876e-005, 0.272625539, 0.272625539, 5.24646449e-006, -0.962120219, 1.95446583e-005, 1, 1.0991181e-005, 0, 0, 0, 0, 0, 0, 0, 0.479629956, -0.138128662, -0.310936182, 0.71105675, 0.405574057, -0.574243519, -0.698974609, 0.495239258, -0.51574707, 0.0751158228, 0.768278649, 0.635744485, 0, -0, 0, 0, 0, 0, 0, 0.489457129, -0.128482666, -0.256031494, 0.659463114, -0.0548292873, -0.749591494, -0.451049805, -0.826538086, -0.336547852, -0.601108315, 0.560203845, -0.569878823, 0, 1, 1, 1, 
91.498385, 6, 0.1, 0.1, 0.0205267187, 0.353245315, -0.0349635999, 0.962120419, 6.74116922e-006, 0.272624834, 0.272624834, -6.59526058e-006, -0.962120419, -4.68778474e-006, 1, -8.18324501e-006, 0.962120384, 1.95493569e-005, 0.272624956, 0.272624956, -1.03251562e-005, -0.962120384, -1.59939395e-005, 1, -1.52636858e-005, 0, 0, 0, 0, 0, 0, 0, 0.479412207, -0.137708057, -0.310509229, 0.711202405, 0.40500342, -0.574555046, -0.698974609, 0.494140625, -0.516845703, 0.0744747937, 0.769357765, 0.634557906, 0, -0, 0, 0, 0, 0, 0, 0.489457129, -0.128056201, -0.255586719, 0.659463114, -0.0550465709, -0.749578734, -0.451049805, -0.826660156, -0.336303711, -0.601108315, 0.559935522, -0.570000225, 0, 1, 1, 1, 
91.4990814, 6, 0.1, 0.1, 0.0205267259, 0.353245314, -0.0349633897, 0.962120578, -7.6368772e-006, 0.272624272, 0.272624272, -9.04008622e-006, -0.962120578, 9.81214362e-006, 1, -6.61565489e-006, 0.962120549, -2.17241371e-005, 0.272624374, 0.272624374, -1.61192026e-007, -0.962120549, 2.09451836e-005, 1, 5.76744313e-006, 0, 0, 0, 0, 0, 0, 0, 0.479412207, -0.137708057, -0.310509229, 0.711202405, 0.40500342, -0.574555046, -0.698974609, 0.494140625, -0.516845703, 0.0744747937, 0.769357765, 0.634557906, 0, -0, 0, 0, 0, 0, 0, 0.489457129, -0.128056201, -0.255586719, 0.659463114, -0.0550465709, -0.749578734, -0.451049805, -0.826660156, -0.336303711, -0.601108315, 0.559935522, -0.570000225, 0, 1, 1, 1, 
91.499776, 6, 0.1, 0.1, 0.0205267215, 0.353245312, -0.0349650471, 0.962120654, 2.74517574e-006, 0.272624003, 0.272624003, 1.74445442e-005, -0.962120654, -7.39699175e-006, 1, 1.60353555e-005, 0.962120646, 1.4003982e-005, 0.27262403, 0.27262403, 1.39467226e-005, -0.962120646, -1.72757319e-005, 1, 9.60060777e-006, 0, 0, 0, 0, 0, 0, 0, 0.479412207, -0.137708057, -0.310509229, 0.711202405, 0.40500342, -0.574555046, -0.698974609, 0.494140625, -0.516845703, 0.0744747937, 0.769357765, 0.634557906, 0, -0, 0, 0, 0, 0, 0, 0.489457129, -0.128056201, -0.255586719, 0.659463114, -0.0550465709, -0.749578734, -0.451049805, -0.826660156, -0.336303711, -0.601108315, 0.559935522, -0.570000225, 0, 1, 1, 1, 
91.5004743, 6, 0.1, 0.1, 0.0205267266, 0.353245312, -0.0349679511, 0.962120635, -3.68420206e-006, 0.272624071, 0.272624071, -9.51707611e-006, -0.962120635, 6.13923086e-006, 1, -8.15217314e-006, 0.962120644, -1.28907136e-005, 0.272624037, 0.272624037, -1.22267927e-005, -0.962120644, 1.57357392e-005, 1, -8.24933126e-006, 0, 0, 0, 0, 0, 0, 0, 0.479412207, -0.137708057, -0.310509229, 0.711202405, 0.40500342, -0.574555046, -0.698974609, 0.494140625, -0.516845703, 0.0744747937, 0.769357765, 0.634557906, 0, -0, 0, 0, 0, 0, 0, 0.489457129, -0.128056201, -0.255586719, 0.659463114, -0.0550465709, -0.749578734, -0.451049805, -0.826660156, -0.336303711, -0.601108315, 0.559935522, -0.570000225, 0, 1, 1, 1, 
91.5011638, 6, 0.1, 0.1, 0.0205267231, 0.353245307, -0.0349711501, 0.962120556, 5.62918204e-006, 0.27262435, 0.27262435, 1.03795455e-005, -0.962120556, -8.24566861e-006, 1, 8.45172203e-006, 0.962120573, 1.22453092e-005, 0.272624289, 0.272624289, 1.75288784e-005, -0.962120573, -1.65602619e-005, 1, 1.35265258e-005, 0, 0, 0, 0, 0, 0, 0, 0.479412207, -0.137708057, -0.310509229, 0.711202405, 0.40500342, -0.574555046, -0.698974609, 0.494140625, -0.516845703, 0.0744747937, 0.769357765, 0.634557906, 0, -0, 0, 0, 0, 0, 0, 0.489457129, -0.128056201, -0.255586719, 0.659463114, -0.0550465709, -0.749578734, -0.451049805, -0.826660156, -0.336303711, -0.601108315, 0.559935522, -0.570000225, 0, 1, 1, 1, 
91.5018606, 6, 0.1, 0.1, 0.0205267266, 0.353245308, -0.0349737521, 0.962120476, -6.40606716e-006, 0.272624633, 0.272624633, 4.75626305e-006, -0.962120476, 4.86673392e-006, 1, 6.32254978e-006, 0.96212049, -1.12124325e-005, 0.272624583, 0.272624583, -5.81406837e-006, -0.96212049, 1.2372769e-005, 1, -2.53704958e-006, 0, 0, 0, 0, 0, 0, 0, 0.479412207, -0.137708057, -0.310509229, 0.711202405, 0.40500342, -0.574555046, -0.698974609, 0.494140625, -0.516845703, 0.0744747937, 0.769357765, 0.634557906, 0, -0, 0, 0, 0, 0, 0, 0.489457129, -0.128056201, -0.255586719, 0.659463114, -0.0550465709, -0.749578734, -0.451049805, -0.826660156, -0.336303711, -0.601108315, 0.559935522, -0.570000225, 0, 1, 1, 1, 
91.5025567, 6, 0.1, 0.1, 0.0205267236, 0.353245306, -0.0349749811, 0.96212045, 7.42187148e-006, 0.272624723, 0.272624723, -8.67265754e-006, -0.96212045, -4.77635347e-006, 1, -1.03675268e-005, 0.96212045, 1.33562081e-005, 0.272624723, 0.272624723, -2.20955807e-006, -0.96212045, -1.22479007e-005, 1, -5.76709352e-006, 0, 0, 0, 0, 0, 0, 0, 0.479412207, -0.137708057, -0.310509229, 0.711202405, 0.40500342, -0.574555046, -0.698974609, 0.494140625, -0.516845703, 0.0744747937, 0.769357765, 0.634557906, 0, -0, 0, 0, 0, 0, 0, 0.489457129, -0.128056201, -0.255586719, 0.659463114, -0.0550465709, -0.749578734, -0.451049805, -0.826660156, -0.336303711, -0.601108315, 0.559935522, -0.570000225, 0, 1, 1, 1, 
91.5032806, 6, 0.1, 0.1, 0.0205267281, 0.353245307, -0.0349743252, 0.962120493, -7.53563605e-006, 0.272624571, 0.272624571, 5.86329215e-006, -0.962120493, 5.65171237e-006, 1, 7.69559308e-006, 0.962120481, -1.50770109e-005, 0.272624614, 0.272624615, 4.30953726e-006, -0.962120481, 1.3331015e-005, 1, 8.25665835e-006, 0, 0, 0, 0, 0, 0, 0, 0.479263428, -0.138273926, -0.310277075, 0.712599039, 0.402630264, -0.574327016, -0.697265625, 0.494995117, -0.518188477, 0.0754895079, 0.76998082, 0.633656647, 0, -0, 0, 0, 0, 0, 0, 0.489684033, -0.128272119, -0.255586475, 0.659252394, -0.0554680116, -0.749763935, -0.452514648, -0.825439453, -0.336914062, -0.600271264, 0.561609625, -0.569405976, 0, 1, 1, 1, 
91.5039779, 6, 0.1, 0.1, 0.0205267242, 0.353245308, -0.0349721744, 0.962120583, 5.23254845e-006, 0.272624252, 0.272624252, -5.69501721e-006, -0.962120583, -3.48174276e-006, 1, -6.90581289e-006, 0.962120564, 1.49735886e-005, 0.27262432, 0.27262432, -8.32896166e-006, -0.962120564, -1.213572e-005, 1, -1.20956297e-005, 0, 0, 0, 0, 0, 0, 0, 0.479263428, -0.138273926, -0.310277075, 0.712599039, 0.402630264, -0.574327016, -0.697265625, 0.494995117, -0.518188477, 0.0754895079, 0.76998082, 0.633656647, 0, -0, 0, 0, 0, 0, 0, 0.489684033, -0.128272119, -0.255586475, 0.659252394, -0.0554680116, -0.749763935, -0.452514648, -0.825439453, -0.336914062, -0.600271264, 0.561609625, -0.569405976, 0, 1, 1, 1, 
91.5046722, 6, 0.1, 0.1, 0.0205267295, 0.353245307, -0.0349694857, 0.962120672, -3.67737014e-006, 0.272623939, 0.272623939, -9.62388723e-006, -0.962120672, 6.16177588e-006, 1, -8.25680172e-006, 0.962120656, -1.57230134e-005, 0.272623995, 0.272623995, -1.95481298e-006, -0.962120656, 1.56603649e-005, 1, 2.40570479e-006, 0, 0, 0, 0, 0, 0, 0, 0.479263428, -0.138273926, -0.310277075, 0.712599039, 0.402630264, -0.574327016, -0.697265625, 0.494995117, -0.518188477, 0.0754895079, 0.76998082, 0.633656647, 0, -0, 0, 0, 0, 0, 0, 0.489684033, -0.128272119, -0.255586475, 0.659252394, -0.0554680116, -0.749763935, -0.452514648, -0.825439453, -0.336914062, -0.600271264, 0.561609625, -0.569405976, 0, 1, 1, 1, 
91.5053994, 6, 0.1, 0.1, 0.0205267254, 0.353245306, -0.0349667592, 0.962120695, -6.07386279e-007, 0.27262386, 0.27262386, 1.53645777e-005, -0.962120695, -3.60437156e-006, 1, 1.49481661e-005, 0.962120697, 1.20834222e-005, 0.27262385, 0.27262385, 1.21387179e-005, -0.962120697, -1.49350146e-005, 1, 8.38468266e-006, 0, 0, 0, 0, 0, 0, 0, 0.478934009, -0.139147876, -0.309847314, 0.714770374, 0.398544076, -0.574531081, -0.694824219, 0.49609375, -0.520385742, 0.0774938489, 0.771493152, 0.631587904, 0, -0, 0, 0, 0, 0, 0, 0.489684033, -0.128272119, -0.255586475, 0.658818194, -0.0578701573, -0.749898096, -0.455444336, -0.823974609, -0.336669922, -0.598475759, 0.563443775, -0.569297335, 0, 1, 1, 1, 
91.5060959, 6, 0.1, 0.1, 0.0205267312, 0.353245307, -0.0349649329, 0.962120628, -4.54491851e-006, 0.272624096, 0.272624096, -1.22925939e-005, -0.962120628, 7.72401716e-006, 1, -1.05879039e-005, 0.962120646, -1.48243696e-005, 0.27262403, 0.27262403, -1.5661147e-005, -0.962120646, 1.85324371e-005, 1, -1.10264335e-005, 0, 0, 0, 0, 0, 0, 0, 0.478934009, -0.139147876, -0.309847314, 0.714770374, 0.398544076, -0.574531081, -0.694824219, 0.49609375, -0.520385742, 0.0774938489, 0.771493152, 0.631587904, 0, -0, 0, 0, 0, 0, 0, 0.489693066, -0.128838965, -0.255593066, 0.658818194, -0.0578701573, -0.749898096, -0.455444336, -0.823974609, -0.336669922, -0.598475759, 0.563443775, -0.569297335, 0, 1, 1, 1, 
91.5067899, 6, 0.1, 0.1, 0.0205267276, 0.353245302, -0.0349646108, 0.962120498, 3.99432622e-006, 0.272624554, 0.272624554, 9.90522062e-006, -0.962120498, -6.54342948e-006, 1, 8.44106439e-006, 0.962120525, 1.24190639e-005, 0.272624457, 0.272624457, 1.90882901e-005, -0.962120525, -1.7152571e-005, 1, 1.49794952e-005, 0, 0, 0, 0, 0, 0, 0, 0.478934009, -0.139147876, -0.309847314, 0.714770374, 0.398544076, -0.574531081, -0.694824219, 0.49609375, -0.520385742, 0.0774938489, 0.771493152, 0.631587904, 0, -0, 0, 0, 0, 0, 0, 0.489693066, -0.128838965, -0.255593066, 0.658818194, -0.0578701573, -0.749898096, -0.455444336, -0.823974609, -0.336669922, -0.598475759, 0.563443775, -0.569297335, 0, 1, 1, 1, 
91.5074946, 6, 0.1, 0.1, 0.0205267327, 0.353245305, -0.034965772, 0.96212037, -9.41454292e-006, 0.272625005, 0.272625005, 4.9362345e-006, -0.96212037, 7.71218256e-006, 1, 7.31589158e-006, 0.962120393, -1.60765431e-005, 0.272624925, 0.272624925, -9.03473475e-006, -0.962120393, 1.79306639e-005, 1, -4.30963619e-006, 0, 0, 0, 0, 0, 0, 0, 0.478934009, -0.139147876, -0.309847314, 0.714770374, 0.398544076, -0.574531081, -0.694824219, 0.49609375, -0.520385742, 0.0774938489, 0.771493152, 0.631587904, 0, -0, 0, 0, 0, 0, 0, 0.489693066, -0.128838965, -0.255593066, 0.658818194, -0.0578701573, -0.749898096, -0.455444336, -0.823974609, -0.336669922, -0.598475759, 0.563443775, -0.569297335, 0, 1, 1, 1, 
91.5081885, 6, 0.1, 0.1, 0.0205267284, 0.353245302, -0.0349679104, 0.962120319, 1.14523642e-005, 0.272625186, 0.272625186, -9.97129523e-006, -0.962120319, -8.3001261e-006, 1, -1.27157887e-005, 0.962120322, 1.86623279e-005, 0.272625174, 0.272625174, -1.81907092e-006, -0.962120322, -1.74594804e-005, 1, -6.83798549e-006, 0, 0, 0, 0, 0, 0, 0, 0.478934009, -0.139147876, -0.309847314, 0.714770374, 0.398544076, -0.574531081, -0.694824219, 0.49609375, -0.520385742, 0.0774938489, 0.771493152, 0.631587904, 0, -0, 0, 0, 0, 0, 0, 0.489693066, -0.128838965, -0.255593066, 0.658818194, -0.0578701573, -0.749898096, -0.455444336, -0.823974609, -0.336669922, -0.598475759, 0.563443775, -0.569297335, 0, 1, 1, 1, 
91.5088818, 6, 0.1, 0.1, 0.0205267326, 0.353245302, -0.0349704581, 0.962120352, -7.19559444e-006, 0.272625069, 0.272625069, 7.3035583e-006, -0.962120352, 4.93189477e-006, 1, 8.98860151e-006, 0.96212034, -1.55053284e-005, 0.27262511, 0.27262511, 5.16601377e-006, -0.96212034, 1.35096068e-005, 1, 9.19746879e-006, 0, 0, 0, 0, 0, 0, 0, 0.478934009, -0.139147876, -0.309847314, 0.714770374, 0.398544076, -0.574531081, -0.694824219, 0.49609375, -0.520385742, 0.0774938489, 0.771493152, 0.631587904, 0, -0, 0, 0, 0, 0, 0, 0.489693066, -0.128838965, -0.255593066, 0.658818194, -0.0578701573, -0.749898096, -0.455444336, -0.823974609, -0.336669922, -0.598475759, 0.563443775, -0.569297335, 0, 1, 1, 1, 
91.509576, 6, 0.1, 0.1, 0.0205267279, 0.353245303, -0.0349726425, 0.962120439, 8.41496374e-006, 0.272624762, 0.272624762, -4.6058144e-006, -0.962120439, -6.84054956e-006, 1, -6.72547566e-006, 0.96212042, 1.77285844e-005, 0.272624829, 0.272624829, -7.05016134e-006, -0.96212042, -1.5134984e-005, 1, -1.16163565e-005, 0, 0, 0, 0, 0, 0, 0, 0.478934009, -0.139147876, -0.309847314, 0.714770374, 0.398544076, -0.574531081, -0.694824219, 0.49609375, -0.520385742, 0.0774938489, 0.771493152, 0.631587904, 0, -0, 0, 0, 0, 0, 0, 0.489693066, -0.128838965, -0.255593066, 0.658818194, -0.0578701573, -0.749898096, -0.455444336, -0.823974609, -0.336669922, -0.598475759, 0.563443775, -0.569297335, 0, 1, 1, 1, 
91.5103672, 6, 0.1, 0.1, 0.0205267322, 0.353245303, -0.0349734544, 0.962120534, 7.19197104e-007, 0.272624426, 0.272624426, -1.15730945e-005, -0.962120534, 2.46315394e-006, 1, -1.13307826e-005, 0.962120513, -1.3313415e-005, 0.272624501, 0.272624501, -1.8752354e-006, -0.962120513, 1.33203448e-005, 1, 1.82536067e-006, 0, 0, 0, 0, 0, 0, 0, 0.478774487, -0.138787573, -0.309609058, 0.716014241, 0.396811949, -0.574182483, -0.693603516, 0.49609375, -0.522094727, 0.0775440237, 0.772261862, 0.630667548, 0, -0, 0, 0, 0, 0, 0, 0.489705029, -0.128398584, -0.255372998, 0.658728875, -0.0583747202, -0.750057777, -0.456665039, -0.823120117, -0.337158203, -0.597625948, 0.564740913, -0.56894589, 0, 1, 1, 1, 
91.5110727, 6, 0.1, 0.1, 0.0205267276, 0.353245303, -0.0349721315, 0.962120561, 2.57030149e-006, 0.272624332, 0.272624332, 8.94745521e-006, -0.962120561, -4.91223391e-006, 1, 7.9078039e-006, 0.962120561, 1.28386975e-005, 0.27262433, 0.27262433, 6.35782731e-006, -0.962120561, -1.40856733e-005, 1, 2.61685508e-006, 0, 0, 0, 0, 0, 0, 0, 0.478774487, -0.138787573, -0.309609058, 0.716014241, 0.396811949, -0.574182483, -0.693603516, 0.49609375, -0.522094727, 0.0775440237, 0.772261862, 0.630667548, 0, -0, 0, 0, 0, 0, 0, 0.489705029, -0.128398584, -0.255372998, 0.658728875, -0.0583747202, -0.750057777, -0.456665039, -0.823120117, -0.337158203, -0.597625948, 0.564740913, -0.56894589, 0, 1, 1, 1, 
91.5117661, 6, 0.1, 0.1, 0.020526732, 0.353245305, -0.0349701809, 0.962120513, -3.23075918e-006, 0.272624503, 0.272624503, -1.1761949e-005, -0.962120512, 6.31497518e-006, 1, -1.04356283e-005, 0.962120526, -1.15257051e-005, 0.272624453, 0.272624453, -1.52364185e-005, -0.962120526, 1.52429377e-005, 1, -1.1517082e-005, 0, 0, 0, 0, 0, 0, 0, 0.478774487, -0.138787573, -0.309609058, 0.716014241, 0.396811949, -0.574182483, -0.693603516, 0.49609375, -0.522094727, 0.0775440237, 0.772261862, 0.630667548, 0, -0, 0, 0, 0, 0, 0, 0.489705029, -0.128398584, -0.255372998, 0.658728875, -0.0583747202, -0.750057777, -0.456665039, -0.823120117, -0.337158203, -0.597625948, 0.564740913, -0.56894589, 0, 1, 1, 1, 
91.5124634, 6, 0.1, 0.1, 0.0205267293, 0.353245301, -0.0349682089, 0.962120411, 9.1180282e-007, 0.272624861, 0.272624861, 8.34376954e-006, -0.962120411, -3.15198312e-006, 1, 7.77913086e-006, 0.962120433, 8.65469871e-006, 0.272624783, 0.272624782, 1.67043079e-005, -0.962120433, -1.28808708e-005, 1, 1.37120706e-005, 0, 0, 0, 0, 0, 0, 0, 0.478774487, -0.138787573, -0.309609058, 0.716014241, 0.396811949, -0.574182483, -0.693603516, 0.49609375, -0.522094727, 0.0775440237, 0.772261862, 0.630667548, 0, -0, 0, 0, 0, 0, 0, 0.489705029, -0.128398584, -0.255372998, 0.658728875, -0.0583747202, -0.750057777, -0.456665039, -0.823120117, -0.337158203, -0.597625948, 0.564740913, -0.56894589, 0, 1, 1, 1, 
91.513155, 6, 0.1, 0.1, 0.0205267346, 0.353245303, -0.0349668167, 0.96212031, -9.57103559e-006, 0.272625216, 0.272625217, 6.1733083e-006, -0.96212031, 7.52548822e-006, 1, 8.54877094e-006, 0.962120328, -1.63746438e-005, 0.272625153, 0.272625153, -7.64949103e-006, -0.962120328, 1.78398213e-005, 1, -2.89559105e-006, 0, 0, 0, 0, 0, 0, 0, 0.478774487, -0.138787573, -0.309609058, 0.716014241, 0.396811949, -0.574182483, -0.693603516, 0.49609375, -0.522094727, 0.0775440237, 0.772261862, 0.630667548, 0, -0, 0, 0, 0, 0, 0, 0.489705029, -0.128398584, -0.255372998, 0.658728875, -0.0583747202, -0.750057777, -0.456665039, -0.823120117, -0.337158203, -0.597625948, 0.564740913, -0.56894589, 0, 1, 1, 1, 
91.513852, 6, 0.1, 0.1, 0.0205267304, 0.3532453, -0.0349663492, 0.96212028, 1.01690287e-005, 0.272625324, 0.272625324, -1.09871572e-005, -0.96212028, -6.78845149e-006, 1, -1.33433015e-005, 0.962120279, 1.80574484e-005, 0.272625326, 0.272625326, -2.30735827e-006, -0.962120279, -1.6744393e-005, 1, -7.14287395e-006, 0, 0, 0, 0, 0, 0, 0, 0.478774487, -0.138787573, -0.309609058, 0.716014241, 0.396811949, -0.574182483, -0.693603516, 0.49609375, -0.522094727, 0.0775440237, 0.772261862, 0.630667548, 0, -0, 0, 0, 0, 0, 0, 0.489705029, -0.128398584, -0.255372998, 0.658728875, -0.0583747202, -0.750057777, -0.456665039, -0.823120117, -0.337158203, -0.597625948, 0.564740913, -0.56894589, 0, 1, 1, 1, 
91.5145508, 6, 0.1, 0.1, 0.0205267355, 0.353245301, -0.0349668656, 0.962120338, -8.43111029e-006, 0.272625119, 0.27262512, 8.53577923e-006, -0.962120338, 5.78467485e-006, 1, 1.05109792e-005, 0.962120321, -1.82065673e-005, 0.272625179, 0.272625179, 6.20163486e-006, -0.962120321, 1.58261866e-005, 1, 1.09302876e-005, 0, 0, 0, 0, 0, 0, 0, 0.478774487, -0.138787573, -0.309609058, 0.716014241, 0.396811949, -0.574182483, -0.693603516, 0.49609375, -0.522094727, 0.0775440237, 0.772261862, 0.630667548, 0, -0, 0, 0, 0, 0, 0, 0.489705029, -0.128398584, -0.255372998, 0.658728875, -0.0583747202, -0.750057777, -0.456665039, -0.823120117, -0.337158203, -0.597625948, 0.564740913, -0.56894589, 0, 1, 1, 1, 
91.5152676, 6, 0.1, 0.1, 0.02052673, 0.353245301, -0.0349681121, 0.962120458, 8.53306512e-006, 0.272624695, 0.272624695, -5.32206825e-006, -0.962120458, -6.75890928e-006, 1, -7.44679502e-006, 0.96212043, 2.03524645e-005, 0.272624792, 0.272624792, -8.46100844e-006, -0.96212043, -1.72748412e-005, 1, -1.36890955e-005, 0, 0, 0, 0, 0, 0, 0, 0.479284204, -0.138171558, -0.30889917, 0.717352465, 0.395676667, -0.573307432, -0.692382813, 0.494873047, -0.524780273, 0.0758489666, 0.773677592, 0.629169443, 0, -0, 0, 0, 0, 0, 0, 0.489705029, -0.128398584, -0.255372998, 0.659221044, -0.0590965665, -0.749533891, -0.457641602, -0.822387695, -0.337768555, -0.596469535, 0.565769729, -0.569259055, 0, 1, 1, 1, 
91.5159613, 6, 0.1, 0.1, 0.0205267352, 0.353245301, -0.0349695079, 0.962120572, -4.66114533e-006, 0.272624294, 0.272624294, -8.29635598e-006, -0.962120572, 6.746372e-006, 1, -6.71135331e-006, 0.962120551, -1.62704389e-005, 0.272624366, 0.272624366, -5.98054708e-007, -0.962120551, 1.58171679e-005, 1, 3.86031736e-006, 0, 0, 0, 0, 0, 0, 0, 0.479284204, -0.138171558, -0.30889917, 0.717352465, 0.395676667, -0.573307432, -0.692382813, 0.494873047, -0.524780273, 0.0758489666, 0.773677592, 0.629169443, 0, -0, 0, 0, 0, 0, 0, 0.489761914, -0.12775498, -0.25512168, 0.659221044, -0.0590965665, -0.749533891, -0.457641602, -0.822387695, -0.337768555, -0.596469535, 0.565769729, -0.569259055, 0, 1, 1, 1, 
91.5166548, 6, 0.1, 0.1, 0.0205267311, 0.3532453, -0.034970881, 0.962120619, 3.49575338e-006, 0.272624128, 0.272624128, 1.22822047e-005, -0.962120619, -6.71176175e-006, 1, 1.08639357e-005, 0.962120615, 1.2945183e-005, 0.27262414, 0.27262414, 9.63596799e-006, -0.962120615, -1.50818249e-005, 1, 5.74179407e-006, 0, 0, 0, 0, 0, 0, 0, 0.479284204, -0.138171558, -0.30889917, 0.717352465, 0.395676667, -0.573307432, -0.692382813, 0.494873047, -0.524780273, 0.0758489666, 0.773677592, 0.629169443, 0, -0, 0, 0, 0, 0, 0, 0.489761914, -0.12775498, -0.25512168, 0.659221044, -0.0590965665, -0.749533891, -0.457641602, -0.822387695, -0.337768555, -0.596469535, 0.565769729, -0.569259055, 0, 1, 1, 1, 
91.517348, 6, 0.1, 0.1, 0.0205267348, 0.353245301, -0.0349718552, 0.962120589, -1.55031312e-006, 0.272624233, 0.272624233, -1.05597135e-005, -0.962120589, 4.37042196e-006, 1, -9.73706481e-006, 0.9621206, -9.57181429e-006, 0.272624195, 0.272624195, -1.31189727e-005, -0.962120599, 1.27857891e-005, 1, -1.00125257e-005, 0, 0, 0, 0, 0, 0, 0, 0.479284204, -0.138171558, -0.30889917, 0.717352465, 0.395676667, -0.573307432, -0.692382813, 0.494873047, -0.524780273, 0.0758489666, 0.773677592, 0.629169443, 0, -0, 0, 0, 0, 0, 0, 0.489761914, -0.12775498, -0.25512168, 0.659221044, -0.0590965665, -0.749533891, -0.457641602, -0.822387695, -0.337768555, -0.596469535, 0.565769729, -0.569259055, 0, 1, 1, 1, 
91.5180685, 6, 0.1, 0.1, 0.0205267312, 0.353245297, -0.0349719385, 0.962120501, 4.19345259e-006, 0.272624542, 0.272624542, 7.34933623e-006, -0.962120501, -6.03821613e-006, 1, 5.92770897e-006, 0.96212052, 1.10906206e-005, 0.272624477, 0.272624477, 1.46828617e-005, -0.96212052, -1.46734211e-005, 1, 1.11031079e-005, 0, 0, 0, 0, 0, 0, 0, 0.480157642, -0.13698479, -0.308868042, 0.717040938, 0.397085284, -0.572729683, -0.692871094, 0.494384766, -0.524658203, 0.0746623883, 0.773207305, 0.629695896, 0, -0, 0, 0, 0, 0, 0, 0.489891895, -0.126462256, -0.25536543, 0.658083587, -0.0569302942, -0.750664419, -0.458007813, -0.821411133, -0.339355469, -0.597325543, 0.567347583, -0.566677539, 0, 1, 1, 1, 
91.5187698, 6, 0.1, 0.1, 0.0205267354, 0.353245299, -0.034971168, 0.962120417, -7.67787287e-006, 0.27262484, 0.27262484, 4.78710593e-006, -0.962120417, 6.08195426e-006, 1, 6.69895122e-006, 0.962120432, -1.31547476e-005, 0.272624788, 0.272624788, -7.27620002e-006, -0.962120432, 1.46401239e-005, 1, -3.41427043e-006, 0, 0, 0, 0, 0, 0, 0, 0.480157642, -0.13698479, -0.308868042, 0.717040938, 0.397085284, -0.572729683, -0.692871094, 0.494384766, -0.524658203, 0.0746623883, 0.773207305, 0.629695896, 0, -0, 0, 0, 0, 0, 0, 0.489891895, -0.126462256, -0.25536543, 0.658083587, -0.0569302942, -0.750664419, -0.458007813, -0.821411133, -0.339355469, -0.597325543, 0.567347583, -0.566677539, 0, 1, 1, 1, 
91.5194658, 6, 0.1, 0.1, 0.0205267321, 0.353245297, -0.034969998, 0.962120394, 6.77776598e-006, 0.272624921, 0.272624921, -1.10404594e-005, -0.962120394, -3.51112251e-006, 1, -1.24700391e-005, 0.962120393, 1.423189e-005, 0.272624925, 0.272624925, -3.3990743e-006, -0.962120393, -1.27661193e-005, 1, -7.15028666e-006, 0, 0, 0, 0, 0, 0, 0, 0.480157642, -0.13698479, -0.308868042, 0.717040938, 0.397085284, -0.572729683, -0.692871094, 0.494384766, -0.524658203, 0.0746623883, 0.773207305, 0.629695896, 0, -0, 0, 0, 0, 0, 0, 0.489891895, -0.126462256, -0.25536543, 0.658083587, -0.0569302942, -0.750664419, -0.458007813, -0.821411133, -0.339355469, -0.597325543, 0.567347583, -0.566677539, 0, 1, 1, 1, 
91.5201578, 6, 0.1, 0.1, 0.0205267376, 0.353245298, -0.0349688336, 0.962120449, -9.98396267e-006, 0.272624727, 0.272624727, 7.46135705e-006, -0.962120449, 7.57162422e-006, 1, 9.90059929e-006, 0.962120433, -1.91736268e-005, 0.272624782, 0.272624783, 5.27361623e-006, -0.962120433, 1.70096196e-005, 1, 1.03010598e-005, 0, 0, 0, 0, 0, 0, 0, 0.480157642, -0.13698479, -0.308868042, 0.717040938, 0.397085284, -0.572729683, -0.692871094, 0.494384766, -0.524658203, 0.0746623883, 0.773207305, 0.629695896, 0, -0, 0, 0, 0, 0, 0, 0.489891895, -0.126462256, -0.25536543, 0.658083587, -0.0569302942, -0.750664419, -0.458007813, -0.821411133, -0.339355469, -0.597325543, 0.567347583, -0.566677539, 0, 1, 1, 1, 
91.520855, 6, 0.1, 0.1, 0.0205267331, 0.353245298, -0.0349679776, 0.962120561, 6.09838844e-006, 0.272624332, 0.272624332, -5.53102454e-006, -0.962120561, -4.35949303e-006, 1, -6.98408151e-006, 0.962120537, 1.70426448e-005, 0.272624416, 0.272624416, -8.63702741e-006, -0.962120537, -1.4042414e-005, 1, -1.29561025e-005, 0, 0, 0, 0, 0, 0, 0, 0.480157642, -0.13698479, -0.308868042, 0.717040938, 0.397085284, -0.572729683, -0.692871094, 0.494384766, -0.524658203, 0.0746623883, 0.773207305, 0.629695896, 0, -0, 0, 0, 0, 0, 0, 0.489891895, -0.126462256, -0.25536543, 0.658083587, -0.0569302942, -0.750664419, -0.458007813, -0.821411133, -0.339355469, -0.597325543, 0.567347583, -0.566677539, 0, 1, 1, 1, 
91.5215518, 6, 0.1, 0.1, 0.0205267391, 0.353245298, -0.0349676792, 0.96212067, -5.55902395e-006, 0.272623946, 0.272623946, -8.4560087e-006, -0.96212067, 7.65376231e-006, 1, -6.62017771e-006, 0.96212065, -1.8144991e-005, 0.272624016, 0.272624016, -4.65099161e-007, -0.96212065, 1.75844678e-005, 1, 4.49927882e-006, 0, 0, 0, 0, 0, 0, 0, 0.480157642, -0.13698479, -0.308868042, 0.717040938, 0.397085284, -0.572729683, -0.692871094, 0.494384766, -0.524658203, 0.0746623883, 0.773207305, 0.629695896, 0, -0, 0, 0, 0, 0, 0, 0.489891895, -0.126462256, -0.25536543, 0.658083587, -0.0569302942, -0.750664419, -0.458007813, -0.821411133, -0.339355469, -0.597325543, 0.567347583, -0.566677539, 0, 1, 1, 1, 
91.5222517, 6, 0.1, 0.1, 0.0205267347, 0.353245296, -0.0349679527, 0.962120709, 2.85752027e-006, 0.272623808, 0.272623808, 1.51029807e-005, -0.962120709, -6.86671154e-006, 1, 1.37518625e-005, 0.962120708, 1.32906077e-005, 0.272623812, 0.272623812, 1.21272211e-005, -0.962120708, -1.60933381e-005, 1, 8.04451445e-006, 0, 0, 0, 0, 0, 0, 0, 0.480157642, -0.13698479, -0.308868042, 0.717040938, 0.397085284, -0.572729683, -0.692871094, 0.494384766, -0.524658203, 0.0746623883, 0.773207305, 0.629695896, 0, -0, 0, 0, 0, 0, 0, 0.489891895, -0.126462256, -0.25536543, 0.658083587, -0.0569302942, -0.750664419, -0.458007813, -0.821411133, -0.339355469, -0.597325543, 0.567347583, -0.566677539, 0, 1, 1, 1, 
91.5229738, 6, 0.1, 0.1, 0.0205267394, 0.353245298, -0.0349684808, 0.96212066, -2.16169685e-006, 0.272623981, 0.272623981, -1.1433436e-005, -0.96212066, 5.19684203e-006, 1, -1.04110146e-005, 0.962120675, -1.12735493e-005, 0.272623929, 0.272623929, -1.43581643e-005, -0.962120675, 1.47608941e-005, 1, -1.07408474e-005, 0, 0, 0, 0, 0, 0, 0, 0.480984082, -0.136773145, -0.309412061, 0.715689609, 0.396819062, -0.57458949, -0.694213867, 0.493530273, -0.523803711, 0.0754943775, 0.77386743, 0.628878133, 0, -0, 0, 0, 0, 0, 0, 0.490004053, -0.127124414, -0.25586416, 0.656345686, -0.0575369356, -0.752108112, -0.46081543, -0.819824219, -0.339477539, -0.597139975, 0.569615934, -0.564619908, 0, 1, 1, 1, 
91.5236806, 6, 0.1, 0.1, 0.0205267354, 0.353245293, -0.0349691034, 0.962120553, 5.49896946e-006, 0.27262436, 0.27262436, 8.88047582e-006, -0.962120553, -7.71170558e-006, 1, 7.04493527e-006, 0.962120575, 1.28898429e-005, 0.272624281, 0.272624281, 1.67826682e-005, -0.962120575, -1.69769459e-005, 1, 1.26328662e-005, 0, 0, 0, 0, 0, 0, 0, 0.480984082, -0.136773145, -0.309412061, 0.715689609, 0.396819062, -0.57458949, -0.694213867, 0.493530273, -0.523803711, 0.0754943775, 0.77386743, 0.628878133, 0, -0, 0, 0, 0, 0, 0, 0.490004053, -0.127124414, -0.25586416, 0.656345686, -0.0575369356, -0.752108112, -0.46081543, -0.819824219, -0.339477539, -0.597139975, 0.569615934, -0.564619908, 0, 1, 1, 1, 
91.524378, 6, 0.1, 0.1, 0.0205267394, 0.353245295, -0.0349697808, 0.962120449, -7.73759042e-006, 0.272624726, 0.272624726, 5.46698446e-006, -0.962120449, 5.95405883e-006, 1, 7.36935601e-006, 0.962120468, -1.33440722e-005, 0.272624661, 0.272624661, -7.14261751e-006, -0.962120468, 1.47858587e-005, 1, -3.23413534e-006, 0, 0, 0, 0, 0, 0, 0, 0.480984082, -0.136773145, -0.309412061, 0.715689609, 0.396819062, -0.57458949, -0.694213867, 0.493530273, -0.523803711, 0.0754943775, 0.77386743, 0.628878133, 0, -0, 0, 0, 0, 0, 0, 0.490004053, -0.127124414, -0.25586416, 0.656345686, -0.0575369356, -0.752108112, -0.46081543, -0.819824219, -0.339477539, -0.597139975, 0.569615934, -0.564619908, 0, 1, 1, 1, 
91.5250706, 6, 0.1, 0.1, 0.020526736, 0.353245293, -0.0349703916, 0.962120411, 7.77360391e-006, 0.272624861, 0.272624861, -9.4324438e-006, -0.962120411, -4.90762431e-006, 1, -1.11944244e-005, 0.962120413, 1.49865578e-005, 0.272624855, 0.272624855, -1.83270401e-006, -0.962120413, -1.39192325e-005, 1, -5.84899008e-006, 0, 0, 0, 0, 0, 0, 0, 0.480984082, -0.136773145, -0.309412061, 0.715689609, 0.396819062, -0.57458949, -0.694213867, 0.493530273, -0.523803711, 0.0754943775, 0.77386743, 0.628878133, 0, -0, 0, 0, 0, 0, 0, 0.490004053, -0.127124414, -0.25586416, 0.656345686, -0.0575369356, -0.752108112, -0.46081543, -0.819824219, -0.339477539, -0.597139975, 0.569615934, -0.564619908, 0, 1, 1, 1, 
91.5257654, 6, 0.1, 0.1, 0.020526741, 0.353245293, -0.0349707665, 0.962120451, -9.57751739e-006, 0.27262472, 0.27262472, 7.57086224e-006, -0.962120451, 7.15072115e-006, 1, 9.89514939e-006, 0.962120438, -1.79667598e-005, 0.272624764, 0.272624764, 5.57434548e-006, -0.962120438, 1.57664822e-005, 1, 1.02613754e-005, 0, 0, 0, 0, 0, 0, 0, 0.480984082, -0.136773145, -0.309412061, 0.715689609, 0.396819062, -0.57458949, -0.694213867, 0.493530273, -0.523803711, 0.0754943775, 0.77386743, 0.628878133, 0, -0, 0, 0, 0, 0, 0, 0.490004053, -0.127124414, -0.25586416, 0.656345686, -0.0575369356, -0.752108112, -0.46081543, -0.819824219, -0.339477539, -0.597139975, 0.569615934, -0.564619908, 0, 1, 1, 1, 
