time, trialNum, realDorsalTactorPos, realVentralTactorPos, boxPosX, boxPosY, boxPosZ, boxLocalRot_11, boxLocalRot_12, boxLocalRot_13, boxLocalRot_21, boxLocalRot_22, boxLocalRot_23, boxLocalRot_31, boxLocalRot_32, boxLocalRot_33, boxGlobalRot_11, boxGlobalRot_12, boxGlobalRot_13, boxGlobalRot_21, boxGlobalRot_22, boxGlobalRot_23, boxGlobalRot_31, boxGlobalRot_32, boxGlobalRot_33, indexForceX, indexForceY, indexForceZ, indexForceGlobalX, indexForceGlobalY, indexForceGlobalZ, indexContact, indexPosX, indexPosY, indexPosZ, indexRot_11, indexRot_12, indexRot_13, indexRot_21, indexRot_22, indexRot_23, indexRot_31, indexRot_32, indexRot_33, thumbForceX, thumbForceY, thumbForceZ, thumbForceGlobalX, thumbForceGlobalY, thumbForceGlobalZ, thumbContact, thumbPosX, thumbPosY, thumbPosZ, thumbRot_11, thumbRot_12, thumbRot_13, thumbRot_21, thumbRot_22, thumbRot_23, thumbRot_31, thumbRot_32, thumbRot_33, manipForceTooHigh, cceExpType, mapping, trialSuccess, 
177.097982, 12, 0.1, 0.1, 0.0325397699, 0.376919717, -0.0349730138, 0.884943633, -0.465698149, 6.28902217e-007, 0.465698149, 0.884943633, 6.69478062e-007, -8.68317707e-007, -2.9957175e-007, 1, 0.884943591, -0.465698229, 1.33991103e-006, 0.465698229, 0.884943591, 1.05037958e-005, -6.0773448e-006, -8.6712726e-006, 1, 0, 0, 0, 0, 0, 0, 0, 0.266893848, -0.116668628, -0.191151782, -0.288006613, 0.735095714, -0.613679902, -0.858032227, 0.0863037109, 0.506103516, 0.425043004, 0.672459593, 0.606025341, 0, -0, 0, 0, 0, 0, 0, 0.327839795, -0.0733995605, -0.166556006, -0.0951662043, 0.42025992, -0.902372774, -0.133544922, -0.903564453, -0.406738281, -0.986420628, 0.0818531094, 0.142172972, 0, 1, 1, 1, 
177.118202, 12, 0.1, 0.1, 0.0325397752, 0.376919742, -0.034975771, 0.884945298, -0.465694986, -1.52543449e-005, 0.465694986, 0.884945298, -1.68645464e-005, 2.13529955e-005, 7.82032907e-006, 1, 0.88494527, -0.465695038, -2.12642207e-006, 0.465695038, 0.88494527, -2.18290027e-005, 1.20474254e-005, 1.83272085e-005, 1, 0, 0, 0, 0, 0, 0, 0, 0.26584502, -0.117582593, -0.191427637, -0.286913271, 0.73469582, -0.614563188, -0.856567383, 0.0904541016, 0.50793457, 0.428824778, 0.672275747, 0.603569809, 0, -0, 0, 0, 0, 0, 0, 0.326875781, -0.0743989746, -0.167247949, -0.096469539, 0.417570495, -0.903490542, -0.137329102, -0.904541016, -0.403442383, -0.985698415, 0.0852527208, 0.144633087, 0, 1, 1, 1, 
177.118898, 12, 0.1, 0.1, 0.0325397829, 0.376919739, -0.0349773775, 0.88494551, -0.465694582, -8.17821014e-006, 0.465694582, 0.88494551, 1.59150076e-005, -1.74262467e-007, -1.78924627e-005, 1, 0.884945462, -0.465694674, -2.08482933e-005, 0.465694674, 0.884945462, 1.38554012e-005, 1.1997216e-005, -2.19702136e-005, 1, 0, 0, 0, 0, 0, 0, 0, 0.26584502, -0.117582593, -0.191427637, -0.286913271, 0.73469582, -0.614563188, -0.856567383, 0.0904541016, 0.50793457, 0.428824778, 0.672275747, 0.603569809, 0, -0, 0, 0, 0, 0, 0, 0.326875781, -0.0743989746, -0.167247949, -0.096469539, 0.417570495, -0.903490542, -0.137329102, -0.904541016, -0.403442383, -0.985698415, 0.0852527208, 0.144633087, 0, 1, 1, 1, 
177.119595, 12, 0.1, 0.1, 0.0325397798, 0.376919739, -0.0349766167, 0.884945819, -0.465693995, 2.52361183e-006, 0.465693995, 0.884945819, -1.17301371e-005, 3.22939466e-006, 1.15557666e-005, 1, 0.884945754, -0.465694119, 1.10075133e-005, 0.465694119, 0.884945754, -8.8779545e-006, -5.60664095e-006, 1.29826423e-005, 1, 0, 0, 0, 0, 0, 0, 0, 0.26584502, -0.117582593, -0.191427637, -0.286913271, 0.73469582, -0.614563188, -0.856567383, 0.0904541016, 0.50793457, 0.428824778, 0.672275747, 0.603569809, 0, -0, 0, 0, 0, 0, 0, 0.326875781, -0.0743989746, -0.167247949, -0.096469539, 0.417570495, -0.903490542, -0.137329102, -0.904541016, -0.403442383, -0.985698415, 0.0852527208, 0.144633087, 0, 1, 1, 1, 
177.12032, 12, 0.1, 0.1, 0.0325397807, 0.376919737, -0.0349734442, 0.884946211, -0.465693251, 6.46980389e-006, 0.465693251, 0.884946211, 9.79605023e-006, -1.02873829e-005, -5.65603353e-006, 1, 0.884946132, -0.465693401, 5.92948389e-007, 0.465693401, 0.884946132, 1.2237522e-005, -6.22366063e-006, -1.05534156e-005, 1, 0, 0, 0, 0, 0, 0, 0, 0.265401831, -0.117313818, -0.191593994, -0.286900166, 0.735647255, -0.613484073, -0.856079102, 0.0902099609, 0.508666992, 0.429687846, 0.671259911, 0.604140446, 0, -0, 0, 0, 0, 0, 0, 0.326635937, -0.0741127441, -0.167424561, -0.0967123422, 0.418567227, -0.902921813, -0.137573242, -0.904052734, -0.404296875, -0.985723935, 0.0851119962, 0.145061091, 0, 1, 1, 1, 
177.121012, 12, 0.1, 0.1, 0.0325397815, 0.376919738, -0.0349694866, 0.884946642, -0.46569243, -1.57991276e-005, 0.465692431, 0.884946643, 4.04084549e-006, 1.20995938e-005, -1.09334668e-005, 1, 0.884946552, -0.465692603, -1.12642808e-005, 0.465692603, 0.884946552, -6.29651407e-006, 1.29005265e-005, 3.26386158e-007, 1, 0, 0, 0, 0, 0, 0, 0, 0.265401831, -0.117313818, -0.191593994, -0.286900166, 0.735647255, -0.613484073, -0.856079102, 0.0902099609, 0.508666992, 0.429687846, 0.671259911, 0.604140446, 0, -0, 0, 0, 0, 0, 0, 0.326635937, -0.0741127441, -0.167424561, -0.0967123422, 0.418567227, -0.902921813, -0.137573242, -0.904052734, -0.404296875, -0.985723935, 0.0851119962, 0.145061091, 0, 1, 1, 1, 
177.121706, 12, 0.1, 0.1, 0.0325397805, 0.376919735, -0.0349658542, 0.884947145, -0.465691476, 7.87089672e-006, 0.465691476, 0.884947145, -6.29601379e-006, -4.03332763e-006, 9.23704894e-006, 1, 0.884947039, -0.465691676, 1.12934046e-005, 0.465691676, 0.88494704, 2.10910704e-006, -1.09762585e-005, 3.39279648e-006, 1, 0, 0, 0, 0, 0, 0, 0, 0.265401831, -0.117313818, -0.191593994, -0.286900166, 0.735647255, -0.613484073, -0.856079102, 0.0902099609, 0.508666992, 0.429687846, 0.671259911, 0.604140446, 0, -0, 0, 0, 0, 0, 0, 0.326635937, -0.0741127441, -0.167424561, -0.0967123422, 0.418567227, -0.902921813, -0.137573242, -0.904052734, -0.404296875, -0.985723935, 0.0851119962, 0.145061091, 0, 1, 1, 1, 
177.122401, 12, 0.1, 0.1, 0.0325397836, 0.376919734, -0.0349635677, 0.884947721, -0.465690382, -9.1023962e-007, 0.465690382, 0.884947721, 1.69023094e-005, -7.06572845e-006, -1.538155e-005, 1, 0.884947602, -0.465690607, -1.33320138e-005, 0.465690607, 0.884947602, 1.17490384e-005, 6.32671682e-006, -1.66058769e-005, 1, 0, 0, 0, 0, 0, 0, 0, 0.265401831, -0.117313818, -0.191593994, -0.286900166, 0.735647255, -0.613484073, -0.856079102, 0.0902099609, 0.508666992, 0.429687846, 0.671259911, 0.604140446, 0, -0, 0, 0, 0, 0, 0, 0.326635937, -0.0741127441, -0.167424561, -0.0967123422, 0.418567227, -0.902921813, -0.137573242, -0.904052734, -0.404296875, -0.985723935, 0.0851119962, 0.145061091, 0, 1, 1, 1, 
177.123101, 12, 0.1, 0.1, 0.0325397816, 0.376919735, -0.0349632266, 0.884948376, -0.465689137, -8.95269811e-006, 0.465689136, 0.884948376, -1.18839843e-005, 1.3456918e-005, 6.34753835e-006, 1, 0.88494824, -0.465689394, -2.47060334e-007, 0.465689394, 0.88494824, -1.50705982e-005, 7.23685334e-006, 1.32216459e-005, 1, 0, 0, 0, 0, 0, 0, 0, 0.265401831, -0.117313818, -0.191593994, -0.286900166, 0.735647255, -0.613484073, -0.856079102, 0.0902099609, 0.508666992, 0.429687846, 0.671259911, 0.604140446, 0, -0, 0, 0, 0, 0, 0, 0.326635937, -0.0741127441, -0.167424561, -0.0967123422, 0.418567227, -0.902921813, -0.137573242, -0.904052734, -0.404296875, -0.985723935, 0.0851119962, 0.145061091, 0, 1, 1, 1, 
177.123798, 12, 0.1, 0.1, 0.0325397812, 0.376919732, -0.0349647344, 0.88494909, -0.465687779, 1.61728506e-005, 0.465687779, 0.88494909, -7.4422315e-007, -1.39655738e-005, 8.19009849e-006, 1, 0.884948943, -0.465688059, 1.03601316e-005, 0.465688059, 0.884948943, 1.09930898e-005, -1.42875381e-005, -4.90373361e-006, 1, 0, 0, 0, 0, 0, 0, 0, 0.265401831, -0.117313818, -0.191593994, -0.286900166, 0.735647255, -0.613484073, -0.856079102, 0.0902099609, 0.508666992, 0.429687846, 0.671259911, 0.604140446, 0, -0, 0, 0, 0, 0, 0, 0.326635937, -0.0741127441, -0.167424561, -0.0967123422, 0.418567227, -0.902921813, -0.137573242, -0.904052734, -0.404296875, -0.985723935, 0.0851119962, 0.145061091, 0, 1, 1, 1, 
177.12451, 12, 0.1, 0.1, 0.0325397817, 0.376919734, -0.034967587, 0.884949872, -0.465686293, -7.85516678e-006, 0.465686293, 0.884949872, 6.523923e-006, 3.91332732e-006, -9.43138832e-006, 1, 0.884949704, -0.465686613, -1.10090164e-005, 0.465686613, 0.884949704, -1.97576177e-006, 1.06625116e-005, -3.37830179e-006, 1, 0, 0, 0, 0, 0, 0, 0, 0.265401831, -0.117313818, -0.191593994, -0.288124937, 0.735869294, -0.612621005, -0.85559082, 0.0892333984, 0.509643555, 0.429758239, 0.671101151, 0.604127341, 0, -0, 0, 0, 0, 0, 0, 0.326635937, -0.0741127441, -0.167424561, -0.0967123422, 0.418567227, -0.902921813, -0.137573242, -0.904052734, -0.404296875, -0.985723935, 0.0851119962, 0.145061091, 0, 1, 1, 1, 
177.125217, 12, 0.1, 0.1, 0.0325397782, 0.376919734, -0.0349705881, 0.884950683, -0.465684752, 3.64739769e-006, 0.465684752, 0.884950683, -1.34685631e-005, 3.0443374e-006, 1.36175516e-005, 1, 0.884950524, -0.465685054, 1.31734729e-005, 0.465685054, 0.884950524, -8.92389474e-006, -7.50214735e-006, 1.40318948e-005, 1, 0, 0, 0, 0, 0, 0, 0, 0.264892969, -0.117079712, -0.191773169, -0.288124937, 0.735869294, -0.612621005, -0.85559082, 0.0892333984, 0.509643555, 0.429758239, 0.671101151, 0.604127341, 0, -0, 0, 0, 0, 0, 0, 0.326381201, -0.0741029785, -0.167402832, -0.0972107084, 0.41886107, -0.902717289, -0.137329102, -0.903930664, -0.404663086, -0.985653573, 0.0846519094, 0.145450816, 0, 1, 1, 1, 
177.125927, 12, 0.1, 0.1, 0.0325397784, 0.376919733, -0.0349730261, 0.884951513, -0.465683175, 9.22150945e-006, 0.465683174, 0.884951513, 7.17630401e-006, -1.15024728e-005, -2.0563793e-006, 1, 0.884951337, -0.46568351, 2.37489799e-006, 0.46568351, 0.884951337, 9.65080937e-006, -6.59589193e-006, -7.43454583e-006, 1, 0, 0, 0, 0, 0, 0, 0, 0.264892969, -0.117079712, -0.191773169, -0.288124937, 0.735869294, -0.612621005, -0.85559082, 0.0892333984, 0.509643555, 0.429758239, 0.671101151, 0.604127341, 0, -0, 0, 0, 0, 0, 0, 0.326381201, -0.0741029785, -0.167402832, -0.0972107084, 0.41886107, -0.902717289, -0.137329102, -0.903930664, -0.404663086, -0.985653573, 0.0846519094, 0.145450816, 0, 1, 1, 1, 
177.126611, 12, 0.1, 0.1, 0.0325397775, 0.376919735, -0.0349742264, 0.88495232, -0.465681642, -9.04867691e-006, 0.465681642, 0.88495232, -5.13188111e-007, 8.24662991e-006, -3.75965572e-006, 1, 0.884952159, -0.465681947, -4.84414694e-006, 0.465681947, 0.884952159, -8.95593445e-006, 8.45745528e-006, 5.66974175e-006, 1, 0, 0, 0, 0, 0, 0, 0, 0.264892969, -0.117079712, -0.191773169, -0.288124937, 0.735869294, -0.612621005, -0.85559082, 0.0892333984, 0.509643555, 0.429758239, 0.671101151, 0.604127341, 0, -0, 0, 0, 0, 0, 0, 0.326381201, -0.0741029785, -0.167402832, -0.0972107084, 0.41886107, -0.902717289, -0.137329102, -0.903930664, -0.404663086, -0.985653573, 0.0846519094, 0.145450816, 0, 1, 1, 1, 
177.127328, 12, 0.1, 0.1, 0.0325397757, 0.376919733, -0.0349739398, 0.884953164, -0.465680038, 8.3861851e-006, 0.465680038, 0.884953164, -7.82634866e-006, -3.7768067e-006, 1.0831231e-005, 1, 0.884953002, -0.465680345, 1.13017418e-005, 0.465680345, 0.884953002, -1.7183529e-006, -9.20130721e-006, 6.7836606e-006, 1, 0, 0, 0, 0, 0, 0, 0, 0.265049927, -0.116655688, -0.191554687, -0.289337724, 0.735381032, -0.612722476, -0.855957031, 0.0876464844, 0.509399414, 0.42834363, 0.671920036, 0.604267005, 0, -0, 0, 0, 0, 0, 0, 0.326386084, -0.0736818848, -0.167198145, -0.0970637872, 0.418867266, -0.902762132, -0.135864258, -0.904052734, -0.404907227, -0.985883616, 0.0834251336, 0.144709646, 0, 1, 1, 1, 
177.128023, 12, 0.1, 0.1, 0.0325397777, 0.376919733, -0.034972288, 0.884953987, -0.465678475, -6.21497996e-007, 0.465678475, 0.884953986, 1.15146822e-005, -4.81214253e-006, -1.04793822e-005, 1, 0.884953822, -0.465678788, -9.65227676e-006, 0.465678788, 0.884953821, 7.19842736e-006, 5.18966427e-006, -1.08651363e-005, 1, 0, 0, 0, 0, 0, 0, 0, 0.265049927, -0.116655688, -0.191554687, -0.289337724, 0.735381032, -0.612722476, -0.855957031, 0.0876464844, 0.509399414, 0.42834363, 0.671920036, 0.604267005, 0, -0, 0, 0, 0, 0, 0, 0.326386084, -0.0736818848, -0.167198145, -0.0970637872, 0.418867266, -0.902762132, -0.135864258, -0.904052734, -0.404907227, -0.985883616, 0.0834251336, 0.144709646, 0, 1, 1, 1, 
177.128712, 12, 0.1, 0.1, 0.0325397769, 0.376919734, -0.0349700331, 0.884954811, -0.465676908, -1.02031251e-005, 0.465676908, 0.884954811, -8.52971875e-006, 1.30013977e-005, 2.79705587e-006, 1, 0.884954648, -0.465677217, -2.90591874e-006, 0.465677217, 0.884954648, -1.16331835e-005, 7.98891481e-006, 8.94161966e-006, 1, 0, 0, 0, 0, 0, 0, 0, 0.265049927, -0.116655688, -0.191554687, -0.289337724, 0.735381032, -0.612722476, -0.855957031, 0.0876464844, 0.509399414, 0.42834363, 0.671920036, 0.604267005, 0, -0, 0, 0, 0, 0, 0, 0.326386084, -0.0736818848, -0.167198145, -0.0970637872, 0.418867266, -0.902762132, -0.135864258, -0.904052734, -0.404907227, -0.985883616, 0.0834251336, 0.144709646, 0, 1, 1, 1, 
177.129414, 12, 0.1, 0.1, 0.0325397774, 0.376919731, -0.0349677811, 0.884955667, -0.465675281, 1.14238694e-005, 0.465675281, 0.884955667, 7.51890547e-007, -1.04597548e-005, 4.65442379e-006, 1, 0.884955498, -0.465675602, 6.65373275e-006, 0.465675602, 0.884955498, 1.14066198e-005, -1.12000419e-005, -6.99586993e-006, 1, 0, 0, 0, 0, 0, 0, 0, 0.265049927, -0.116655688, -0.191554687, -0.289337724, 0.735381032, -0.612722476, -0.855957031, 0.0876464844, 0.509399414, 0.42834363, 0.671920036, 0.604267005, 0, -0, 0, 0, 0, 0, 0, 0.326386084, -0.0736818848, -0.167198145, -0.0970637872, 0.418867266, -0.902762132, -0.135864258, -0.904052734, -0.404907227, -0.985883616, 0.0834251336, 0.144709646, 0, 1, 1, 1, 
177.130109, 12, 0.1, 0.1, 0.0325397796, 0.376919732, -0.0349662344, 0.884956539, -0.465673623, -1.24302921e-005, 0.465673623, 0.884956539, 1.02471355e-005, 6.22844754e-006, -1.48567287e-005, 1, 0.884956363, -0.465673958, -1.58535942e-005, 0.465673958, 0.884956363, 1.95918841e-006, 1.3117396e-005, -9.1164022e-006, 1, 0, 0, 0, 0, 0, 0, 0, 0.265049927, -0.116655688, -0.191554687, -0.289337724, 0.735381032, -0.612722476, -0.855957031, 0.0876464844, 0.509399414, 0.42834363, 0.671920036, 0.604267005, 0, -0, 0, 0, 0, 0, 0, 0.326386084, -0.0736818848, -0.167198145, -0.0970637872, 0.418867266, -0.902762132, -0.135864258, -0.904052734, -0.404907227, -0.985883616, 0.0834251336, 0.144709646, 0, 1, 1, 1, 
177.130802, 12, 0.1, 0.1, 0.0325397775, 0.376919731, -0.0349658176, 0.884957436, -0.46567192, -1.28268135e-006, 0.46567192, 0.884957436, -1.30930103e-005, 7.23216563e-006, 1.09894481e-005, 1, 0.884957253, -0.465672267, 9.92644665e-006, 0.465672267, 0.884957253, -7.68217331e-006, -5.2071059e-006, 1.14208659e-005, 1, 0, 0, 0, 0, 0, 0, 0, 0.265049927, -0.116655688, -0.191554687, -0.289337724, 0.735381032, -0.612722476, -0.855957031, 0.0876464844, 0.509399414, 0.42834363, 0.671920036, 0.604267005, 0, -0, 0, 0, 0, 0, 0, 0.326386084, -0.0736818848, -0.167198145, -0.0970637872, 0.418867266, -0.902762132, -0.135864258, -0.904052734, -0.404907227, -0.985883616, 0.0834251336, 0.144709646, 0, 1, 1, 1, 
177.131493, 12, 0.1, 0.1, 0.0325397793, 0.376919729, -0.0349665676, 0.884958351, -0.46567018, 7.97194117e-006, 0.46567018, 0.884958351, 1.10451754e-005, -1.21982447e-005, -6.06222493e-006, 1, 0.88495817, -0.465670525, -2.95033151e-007, 0.465670525, 0.884958169, 1.41980848e-005, -6.3505376e-006, -1.27020994e-005, 1, 0, 0, 0, 0, 0, 0, 0, 0.265049927, -0.116655688, -0.191554687, -0.289337724, 0.735381032, -0.612722476, -0.855957031, 0.0876464844, 0.509399414, 0.42834363, 0.671920036, 0.604267005, 0, -0, 0, 0, 0, 0, 0, 0.326386084, -0.0736818848, -0.167198145, -0.0970637872, 0.418867266, -0.902762132, -0.135864258, -0.904052734, -0.404907227, -0.985883616, 0.0834251336, 0.144709646, 0, 1, 1, 1, 
177.132213, 12, 0.1, 0.1, 0.032539779, 0.376919731, -0.0349680524, 0.884959324, -0.465668331, -1.34903914e-005, 0.465668331, 0.884959324, -1.31895391e-006, 1.25526427e-005, -5.11482748e-006, 1, 0.884959135, -0.465668691, -8.72585356e-006, 0.465668691, 0.884959135, -1.17683709e-005, 1.32021857e-005, 6.35117055e-006, 1, 0, 0, 0, 0, 0, 0, 0, 0.265026978, -0.116685596, -0.191358545, -0.289731627, 0.734753108, -0.613242938, -0.856323242, 0.0871582031, 0.508911133, 0.427417283, 0.672637449, 0.604102254, 0, -0, 0, 0, 0, 0, 0, 0.326417578, -0.0737102051, -0.166778516, -0.096565421, 0.418528581, -0.902928376, -0.135253906, -0.904296875, -0.404663086, -0.985953978, 0.0831440509, 0.143955717, 0, 1, 1, 1, 
177.132975, 12, 0.1, 0.1, 0.0325397773, 0.37691973, -0.0349697207, 0.884960358, -0.465666365, 8.86227237e-006, 0.465666366, 0.884960358, -1.19337126e-005, -2.28563115e-006, 1.46877248e-005, 1, 0.884960078, -0.465666899, 1.25563109e-005, 0.465666899, 0.884960078, -1.25634022e-006, -1.05267978e-005, 6.9588693e-006, 1, 0, 0, 0, 0, 0, 0, 0, 0.265026978, -0.116685596, -0.191358545, -0.289731627, 0.734753108, -0.613242938, -0.856323242, 0.0871582031, 0.508911133, 0.427417283, 0.672637449, 0.604102254, 0, -0, 0, 0, 0, 0, 0, 0.326417578, -0.0737102051, -0.166778516, -0.096565421, 0.418528581, -0.902928376, -0.135253906, -0.904296875, -0.404663086, -0.985953978, 0.0831440509, 0.143955717, 0, 1, 1, 1, 
177.133675, 12, 0.1, 0.1, 0.0325397794, 0.376919732, -0.0349704386, 0.884961333, -0.465664514, 5.90177068e-008, 0.465664514, 0.884961333, 8.92891444e-006, -4.21010699e-006, -7.87426157e-006, 1, 0.884961142, -0.465664876, -9.91306179e-006, 0.465664876, 0.884961142, 4.04444962e-006, 6.88931636e-006, -8.19534545e-006, 1, 0, 0, 0, 0, 0, 0, 0, 0.265026978, -0.116685596, -0.191358545, -0.289731627, 0.734753108, -0.613242938, -0.856323242, 0.0871582031, 0.508911133, 0.427417283, 0.672637449, 0.604102254, 0, -0, 0, 0, 0, 0, 0, 0.326417578, -0.0737102051, -0.166778516, -0.096565421, 0.418528581, -0.902928376, -0.135253906, -0.904296875, -0.404663086, -0.985953978, 0.0831440509, 0.143955717, 0, 1, 1, 1, 
177.134368, 12, 0.1, 0.1, 0.0325397775, 0.376919733, -0.0349708677, 0.884962288, -0.465662698, -6.02362476e-006, 0.465662698, 0.884962288, -1.03495187e-005, 1.01500655e-005, 6.35395635e-006, 1, 0.8849621, -0.465663055, 8.57298064e-007, 0.465663055, 0.8849621, -1.3502734e-005, 5.52904807e-006, 1.23486199e-005, 1, 0, 0, 0, 0, 0, 0, 0, 0.265026978, -0.116685596, -0.191358545, -0.289731627, 0.734753108, -0.613242938, -0.856323242, 0.0871582031, 0.508911133, 0.427417283, 0.672637449, 0.604102254, 0, -0, 0, 0, 0, 0, 0, 0.326417578, -0.0737102051, -0.166778516, -0.096565421, 0.418528581, -0.902928376, -0.135253906, -0.904296875, -0.404663086, -0.985953978, 0.0831440509, 0.143955717, 0, 1, 1, 1, 
177.135061, 12, 0.1, 0.1, 0.0325397768, 0.376919731, -0.0349709627, 0.88496324, -0.465660889, 1.38543673e-005, 0.465660889, 0.88496324, 6.25327687e-007, -1.25517965e-005, 5.89804499e-006, 1, 0.884963053, -0.465661245, 9.4319291e-006, 0.465661245, 0.884963053, 9.72656803e-006, -1.28761946e-005, -4.21556948e-006, 1, 0, 0, 0, 0, 0, 0, 0, 0.265026978, -0.116685596, -0.191358545, -0.289731627, 0.734753108, -0.613242938, -0.856323242, 0.0871582031, 0.508911133, 0.427417283, 0.672637449, 0.604102254, 0, -0, 0, 0, 0, 0, 0, 0.326417578, -0.0737102051, -0.166778516, -0.096565421, 0.418528581, -0.902928376, -0.135253906, -0.904296875, -0.404663086, -0.985953978, 0.0831440509, 0.143955717, 0, 1, 1, 1, 
177.135751, 12, 0.1, 0.1, 0.0325397773, 0.376919731, -0.0349707245, 0.884964183, -0.465659097, -7.22575091e-006, 0.465659097, 0.884964183, 9.81627923e-006, 1.82349103e-006, -1.20517922e-005, 1, 0.884963995, -0.465659455, -9.95494771e-006, 0.465659455, 0.884963995, 2.46026743e-006, 7.6641235e-006, -6.81286362e-006, 1, 0, 0, 0, 0, 0, 0, 0, 0.265026978, -0.116685596, -0.191358545, -0.289731627, 0.734753108, -0.613242938, -0.856323242, 0.0871582031, 0.508911133, 0.427417283, 0.672637449, 0.604102254, 0, -0, 0, 0, 0, 0, 0, 0.326417578, -0.0737102051, -0.166778516, -0.096565421, 0.418528581, -0.902928376, -0.135253906, -0.904296875, -0.404663086, -0.985953978, 0.0831440509, 0.143955717, 0, 1, 1, 1, 
177.136443, 12, 0.1, 0.1, 0.0325397745, 0.37691973, -0.034970215, 0.884965127, -0.465657303, 1.31542655e-006, 0.465657303, 0.884965127, -9.27590951e-006, 3.15528838e-006, 8.82139441e-006, 1, 0.884964942, -0.465657654, 1.11550493e-005, 0.465657654, 0.884964942, -4.86939619e-006, -7.60435596e-006, 9.503679e-006, 1, 0, 0, 0, 0, 0, 0, 0, 0.265026978, -0.116685596, -0.191358545, -0.289731627, 0.734753108, -0.613242938, -0.856323242, 0.0871582031, 0.508911133, 0.427417283, 0.672637449, 0.604102254, 0, -0, 0, 0, 0, 0, 0, 0.326417578, -0.0737102051, -0.166778516, -0.096565421, 0.418528581, -0.902928376, -0.135253906, -0.904296875, -0.404663086, -0.985953978, 0.0831440509, 0.143955717, 0, 1, 1, 1, 
177.137148, 12, 0.1, 0.1, 0.0325397756, 0.376919727, -0.0349694805, 0.88496609, -0.465655473, 7.96410944e-006, 0.465655473, 0.88496609, 1.15360554e-005, -1.24197941e-005, -6.50048673e-006, 1, 0.884965902, -0.46565583, 7.41066945e-007, 0.46565583, 0.884965902, 1.49092699e-005, -7.59840742e-006, -1.28491133e-005, 1, 0, 0, 0, 0, 0, 0, 0, 0.26528623, -0.116695117, -0.190947339, -0.288983135, 0.734550165, -0.613947246, -0.856933594, 0.0874023437, 0.50793457, 0.426680774, 0.672916776, 0.604337397, 0, -0, 0, 0, 0, 0, 0, 0.326463965, -0.0737001953, -0.16679707, -0.0958114917, 0.418637223, -0.902973219, -0.135009766, -0.904174805, -0.404907227, -0.986120223, 0.0832782124, 0.143214548, 0, 1, 1, 1, 
177.137838, 12, 0.1, 0.1, 0.0325397756, 0.376919729, -0.0349689324, 0.884967033, -0.46565368, -1.36747755e-005, 0.46565368, 0.884967033, 1.12934683e-007, 1.2049137e-005, -6.46765299e-006, 1, 0.884966846, -0.465654037, -8.84278999e-006, 0.465654037, 0.884966846, -9.63953356e-006, 1.23142637e-005, 4.41298675e-006, 1, 0, 0, 0, 0, 0, 0, 0, 0.26528623, -0.116695117, -0.190947339, -0.288983135, 0.734550165, -0.613947246, -0.856933594, 0.0874023437, 0.50793457, 0.426680774, 0.672916776, 0.604337397, 0, -0, 0, 0, 0, 0, 0, 0.326463965, -0.0737001953, -0.16679707, -0.0958114917, 0.418637223, -0.902973219, -0.135009766, -0.904174805, -0.404907227, -0.986120223, 0.0832782124, 0.143214548, 0, 1, 1, 1, 
177.138533, 12, 0.1, 0.1, 0.0325397744, 0.376919727, -0.0349686621, 0.884967991, -0.465651861, 8.52488908e-006, 0.465651861, 0.884967991, -9.95135075e-006, -2.91038897e-006, 1.27762573e-005, 1, 0.884967799, -0.465652225, 1.15939634e-005, 0.465652225, 0.884967799, -1.96553003e-006, -9.34503086e-006, 7.13818564e-006, 1, 0, 0, 0, 0, 0, 0, 0, 0.26528623, -0.116695117, -0.190947339, -0.288983135, 0.734550165, -0.613947246, -0.856933594, 0.0874023437, 0.50793457, 0.426680774, 0.672916776, 0.604337397, 0, -0, 0, 0, 0, 0, 0, 0.326463965, -0.0737001953, -0.16679707, -0.0958114917, 0.418637223, -0.902973219, -0.135009766, -0.904174805, -0.404907227, -0.986120223, 0.0832782124, 0.143214548, 0, 1, 1, 1, 
177.139225, 12, 0.1, 0.1, 0.0325397769, 0.376919728, -0.0349687456, 0.884968948, -0.465650042, -1.18383011e-006, 0.465650042, 0.884968948, 1.01530853e-005, -3.68013172e-006, -9.53641578e-006, 1, 0.884968756, -0.465650407, -1.1519236e-005, 0.465650407, 0.884968756, 5.46158017e-006, 7.65097689e-006, -1.01972647e-005, 1, 0, 0, 0, 0, 0, 0, 0, 0.26528623, -0.116695117, -0.190947339, -0.288983135, 0.734550165, -0.613947246, -0.856933594, 0.0874023437, 0.50793457, 0.426680774, 0.672916776, 0.604337397, 0, -0, 0, 0, 0, 0, 0, 0.326463965, -0.0737001953, -0.16679707, -0.0958114917, 0.418637223, -0.902973219, -0.135009766, -0.904174805, -0.404907227, -0.986120223, 0.0832782124, 0.143214548, 0, 1, 1, 1, 
177.139935, 12, 0.1, 0.1, 0.0325397754, 0.37691973, -0.0349689349, 0.884969936, -0.465648163, -8.69909638e-006, 0.465648163, 0.884969936, -1.26374008e-005, 1.35830212e-005, 7.1330015e-006, 1, 0.884969741, -0.465648535, -9.76101725e-007, 0.465648535, 0.884969741, -1.57168813e-005, 8.18236325e-006, 1.34544441e-005, 1, 0, 0, 0, 0, 0, 0, 0, 0.26528623, -0.116695117, -0.190947339, -0.288983135, 0.734550165, -0.613947246, -0.856933594, 0.0874023437, 0.50793457, 0.426680774, 0.672916776, 0.604337397, 0, -0, 0, 0, 0, 0, 0, 0.326568457, -0.0739395508, -0.166632422, -0.0942077513, 0.418024018, -0.903452629, -0.135620117, -0.904418945, -0.404418945, -0.986197148, 0.084441189, 0.141936732, 0, 1, 1, 1, 
177.140626, 12, 0.1, 0.1, 0.0325397756, 0.376919728, -0.0349693465, 0.884970901, -0.46564633, 1.19525078e-005, 0.46564633, 0.884970901, -2.05139301e-006, -9.62239798e-006, 7.38106452e-006, 1, 0.884970708, -0.465646696, 7.20426223e-006, 0.465646695, 0.884970709, 7.75369215e-006, -9.98604218e-006, -3.50714953e-006, 1, 0, 0, 0, 0, 0, 0, 0, 0.26528623, -0.116695117, -0.190947339, -0.288983135, 0.734550165, -0.613947246, -0.856933594, 0.0874023437, 0.50793457, 0.426680774, 0.672916776, 0.604337397, 0, -0, 0, 0, 0, 0, 0, 0.326568457, -0.0739395508, -0.166632422, -0.0942077513, 0.418024018, -0.903452629, -0.135620117, -0.904418945, -0.404418945, -0.986197148, 0.084441189, 0.141936732, 0, 1, 1, 1, 
177.14132, 12, 0.1, 0.1, 0.032539777, 0.37691973, -0.034969837, 0.88497187, -0.465644488, -9.88295616e-006, 0.465644488, 0.88497187, 6.7763199e-006, 5.59078219e-006, -1.05987966e-005, 1, 0.884971679, -0.465644851, -1.27635829e-005, 0.465644851, 0.884971679, -7.87395283e-007, 1.16620559e-005, -5.24647412e-006, 1, 0, 0, 0, 0, 0, 0, 0, 0.26528623, -0.116695117, -0.190947339, -0.288983135, 0.734550165, -0.613947246, -0.856933594, 0.0874023437, 0.50793457, 0.426680774, 0.672916776, 0.604337397, 0, -0, 0, 0, 0, 0, 0, 0.326568457, -0.0739395508, -0.166632422, -0.0942077513, 0.418024018, -0.903452629, -0.135620117, -0.904418945, -0.404418945, -0.986197148, 0.084441189, 0.141936732, 0, 1, 1, 1, 
177.142039, 12, 0.1, 0.1, 0.0325397746, 0.376919729, -0.0349700992, 0.884972875, -0.465642578, 9.70286355e-009, 0.465642578, 0.884972875, -1.2464206e-005, 5.79527824e-006, 1.10350023e-005, 1, 0.884972678, -0.465642952, 1.00042197e-005, 0.465642952, 0.884972678, -8.09985471e-006, -5.08182088e-006, 1.18265445e-005, 1, 0, 0, 0, 0, 0, 0, 0, 0.265336401, -0.116935327, -0.19077085, -0.2879995, 0.734207559, -0.614848506, -0.857299805, 0.0883789062, 0.507080078, 0.426648573, 0.673094631, 0.604109367, 0, -0, 0, 0, 0, 0, 0, 0.326568457, -0.0739395508, -0.166632422, -0.0942077513, 0.418024018, -0.903452629, -0.135620117, -0.904418945, -0.404418945, -0.986197148, 0.084441189, 0.141936732, 0, 1, 1, 1, 
177.142733, 12, 0.1, 0.1, 0.0325397757, 0.376919727, -0.0349700961, 0.884973843, -0.465640738, 8.1414915e-006, 0.465640738, 0.884973843, 1.04098667e-005, -1.20522651e-005, -5.42144968e-006, 1, 0.884973651, -0.465641103, 8.22615956e-007, 0.465641103, 0.884973651, 1.30399136e-005, -6.79991318e-006, -1.11569361e-005, 1, 0, 0, 0, 0, 0, 0, 0, 0.265336401, -0.116935327, -0.19077085, -0.2879995, 0.734207559, -0.614848506, -0.857299805, 0.0883789062, 0.507080078, 0.426648573, 0.673094631, 0.604109367, 0, -0, 0, 0, 0, 0, 0, 0.326568457, -0.0739395508, -0.166632422, -0.0942077513, 0.418024018, -0.903452629, -0.135620117, -0.904418945, -0.404418945, -0.986197148, 0.084441189, 0.141936732, 0, 1, 1, 1, 
177.143426, 12, 0.1, 0.1, 0.0325397753, 0.376919729, -0.0349699839, 0.884974809, -0.465638903, -1.17728174e-005, 0.465638903, 0.884974809, 1.75788636e-006, 9.60010653e-006, -7.03756692e-006, 1, 0.884974619, -0.465639264, -7.24445807e-006, 0.465639264, 0.884974619, -8.12314838e-006, 1.01936183e-005, 3.81547602e-006, 1, 0, 0, 0, 0, 0, 0, 0, 0.265336401, -0.116935327, -0.19077085, -0.2879995, 0.734207559, -0.614848506, -0.857299805, 0.0883789062, 0.507080078, 0.426648573, 0.673094631, 0.604109367, 0, -0, 0, 0, 0, 0, 0, 0.326568457, -0.0739395508, -0.166632422, -0.0942077513, 0.418024018, -0.903452629, -0.135620117, -0.904418945, -0.404418945, -0.986197148, 0.084441189, 0.141936732, 0, 1, 1, 1, 
177.144156, 12, 0.1, 0.1, 0.0325397733, 0.376919727, -0.0349696356, 0.884975825, -0.465636971, 1.02505327e-005, 0.465636971, 0.884975825, -8.2781466e-006, -5.21686252e-006, 1.20989866e-005, 1, 0.884975613, -0.465637373, 1.35543028e-005, 0.465637373, 0.884975614, -2.21974652e-007, -1.18918677e-005, 6.5078321e-006, 1, 0, 0, 0, 0, 0, 0, 0, 0.265377783, -0.116957056, -0.190586914, -0.287174624, 0.733763481, -0.615610103, -0.857666016, 0.0891113281, 0.506225586, 0.426394334, 0.67341215, 0.603982808, 0, -0, 0, 0, 0, 0, 0, 0.326568457, -0.0739395508, -0.166632422, -0.0929682157, 0.417474613, -0.903810637, -0.135498047, -0.904541016, -0.403930664, -0.986312353, 0.0849971578, 0.140671677, 0, 1, 1, 1, 
177.14485, 12, 0.1, 0.1, 0.0325397752, 0.376919726, -0.0349690722, 0.884976795, -0.465635128, 6.8763361e-007, 0.465635128, 0.884976795, 1.28567049e-005, -6.59507324e-006, -1.10576992e-005, 1, 0.884976599, -0.4656355, -9.55918572e-006, 0.4656355, 0.884976599, 8.02922801e-006, 4.72096208e-006, -1.15567751e-005, 1, 0, 0, 0, 0, 0, 0, 0, 0.265377783, -0.116957056, -0.190586914, -0.287174624, 0.733763481, -0.615610103, -0.857666016, 0.0891113281, 0.506225586, 0.426394334, 0.67341215, 0.603982808, 0, -0, 0, 0, 0, 0, 0, 0.326648047, -0.073964209, -0.166459473, -0.0929682157, 0.417474613, -0.903810637, -0.135498047, -0.904541016, -0.403930664, -0.986312353, 0.0849971578, 0.140671677, 0, 1, 1, 1, 
177.145546, 12, 0.1, 0.1, 0.0325397735, 0.376919727, -0.0349687141, 0.884977771, -0.465633274, -8.24419331e-006, 0.465633274, 0.884977771, -9.42768692e-006, 1.16857725e-005, 4.50452263e-006, 1, 0.884977575, -0.465633646, -4.13574605e-007, 0.465633646, 0.884977575, -1.25049567e-005, 6.18873284e-006, 1.0874032e-005, 1, 0, 0, 0, 0, 0, 0, 0, 0.265377783, -0.116957056, -0.190586914, -0.287174624, 0.733763481, -0.615610103, -0.857666016, 0.0891113281, 0.506225586, 0.426394334, 0.67341215, 0.603982808, 0, -0, 0, 0, 0, 0, 0, 0.326648047, -0.073964209, -0.166459473, -0.0929682157, 0.417474613, -0.903810637, -0.135498047, -0.904541016, -0.403930664, -0.986312353, 0.0849971578, 0.140671677, 0, 1, 1, 1, 
177.146238, 12, 0.1, 0.1, 0.0325397736, 0.376919725, -0.0349686672, 0.884978742, -0.465631427, 1.22826948e-005, 0.465631427, 0.884978742, 6.35947187e-007, -1.11660408e-005, 5.15640895e-006, 1, 0.884978552, -0.465631789, 7.62691092e-006, 0.465631789, 0.884978552, 1.07665727e-005, -1.17629111e-005, -5.97685378e-006, 1, 0, 0, 0, 0, 0, 0, 0, 0.265377783, -0.116957056, -0.190586914, -0.287174624, 0.733763481, -0.615610103, -0.857666016, 0.0891113281, 0.506225586, 0.426394334, 0.67341215, 0.603982808, 0, -0, 0, 0, 0, 0, 0, 0.326648047, -0.073964209, -0.166459473, -0.0929682157, 0.417474613, -0.903810637, -0.135498047, -0.904541016, -0.403930664, -0.986312353, 0.0849971578, 0.140671677, 0, 1, 1, 1, 
177.146931, 12, 0.1, 0.1, 0.0325397752, 0.376919725, -0.034968963, 0.88497972, -0.465629569, -1.04861105e-005, 0.465629569, 0.88497972, 8.55508253e-006, 5.29649577e-006, -1.24537177e-005, 1, 0.884979524, -0.465629942, -1.34213253e-005, 0.465629942, 0.884979524, 9.31447522e-007, 1.14438882e-005, -7.07368292e-006, 1, 0, 0, 0, 0, 0, 0, 0, 0.265377783, -0.116957056, -0.190586914, -0.287174624, 0.733763481, -0.615610103, -0.857666016, 0.0891113281, 0.506225586, 0.426394334, 0.67341215, 0.603982808, 0, -0, 0, 0, 0, 0, 0, 0.326648047, -0.073964209, -0.166459473, -0.0929682157, 0.417474613, -0.903810637, -0.135498047, -0.904541016, -0.403930664, -0.986312353, 0.0849971578, 0.140671677, 0, 1, 1, 1, 
177.147624, 12, 0.1, 0.1, 0.0325397731, 0.376919725, -0.0349694729, 0.884980696, -0.465627714, -5.78930194e-007, 0.465627714, 0.884980696, -1.19804684e-005, 6.09078018e-006, 1.03329174e-005, 1, 0.884980503, -0.465628081, 9.32159556e-006, 0.465628081, 0.884980503, -7.27066026e-006, -4.86400674e-006, 1.07747892e-005, 1, 0, 0, 0, 0, 0, 0, 0, 0.265377783, -0.116957056, -0.190586914, -0.287174624, 0.733763481, -0.615610103, -0.857666016, 0.0891113281, 0.506225586, 0.426394334, 0.67341215, 0.603982808, 0, -0, 0, 0, 0, 0, 0, 0.326648047, -0.073964209, -0.166459473, -0.0929682157, 0.417474613, -0.903810637, -0.135498047, -0.904541016, -0.403930664, -0.986312353, 0.0849971578, 0.140671677, 0, 1, 1, 1, 
177.148318, 12, 0.1, 0.1, 0.0325397746, 0.376919723, -0.0349700396, 0.884981673, -0.465625857, 7.32049789e-006, 0.465625857, 0.884981673, 9.62559788e-006, -1.09604337e-005, -5.1098646e-006, 1, 0.884981477, -0.465626229, -1.02272503e-007, 0.465626229, 0.884981477, 1.25201182e-005, -5.73918616e-006, -1.11276935e-005, 1, 0, 0, 0, 0, 0, 0, 0, 0.265377783, -0.116957056, -0.190586914, -0.287174624, 0.733763481, -0.615610103, -0.857666016, 0.0891113281, 0.506225586, 0.426394334, 0.67341215, 0.603982808, 0, -0, 0, 0, 0, 0, 0, 0.326648047, -0.073964209, -0.166459473, -0.0929682157, 0.417474613, -0.903810637, -0.135498047, -0.904541016, -0.403930664, -0.986312353, 0.0849971578, 0.140671677, 0, 1, 1, 1, 
177.149049, 12, 0.1, 0.1, 0.0325397746, 0.376919725, -0.0349701935, 0.884982701, -0.465623903, -1.34005924e-005, 0.465623903, 0.884982701, -4.02360356e-007, 1.20466411e-005, -5.8835542e-006, 1, 0.884982506, -0.465624274, -8.96605668e-006, 0.465624274, 0.884982506, -1.0246867e-005, 1.27059933e-005, 4.89348441e-006, 1, 0, 0, 0, 0, 0, 0, 0, 0.265405615, -0.117200684, -0.190404321, -0.286609978, 0.733338499, -0.616390795, -0.858032227, 0.0895996094, 0.505615234, 0.426057719, 0.673850236, 0.603735682, 0, -0, 0, 0, 0, 0, 0, 0.326696143, -0.0740022949, -0.166279687, -0.0922270462, 0.416842085, -0.904219684, -0.135253906, -0.904907227, -0.403320312, -0.986357196, 0.0851761618, 0.139892228, 0, 1, 1, 1, 
177.149741, 12, 0.1, 0.1, 0.0325397734, 0.376919724, -0.0349700332, 0.884983673, -0.465622055, 8.82497279e-006, 0.465622055, 0.884983673, -8.38208553e-006, -3.90707294e-006, 1.15271108e-005, 1, 0.884983479, -0.465622425, 1.15458462e-005, 0.465622425, 0.884983479, -1.05401624e-006, -9.72710951e-006, 6.30879184e-006, 1, 0, 0, 0, 0, 0, 0, 0, 0.265405615, -0.117200684, -0.190404321, -0.286609978, 0.733338499, -0.616390795, -0.858032227, 0.0895996094, 0.505615234, 0.426057719, 0.673850236, 0.603735682, 0, -0, 0, 0, 0, 0, 0, 0.326696143, -0.0740022949, -0.166279687, -0.0922270462, 0.416842085, -0.904219684, -0.135253906, -0.904907227, -0.403320312, -0.986357196, 0.0851761618, 0.139892228, 0, 1, 1, 1, 
177.150435, 12, 0.1, 0.1, 0.0325397754, 0.376919724, -0.0349697877, 0.884984645, -0.465620207, 2.34197919e-007, 0.465620207, 0.884984645, 1.18816463e-005, -5.73959618e-006, -1.04060273e-005, 1, 0.884984453, -0.465620572, -9.82182396e-006, 0.465620573, 0.884984453, 7.26140313e-006, 5.31110282e-006, -1.09994722e-005, 1, 0, 0, 0, 0, 0, 0, 0, 0.265405615, -0.117200684, -0.190404321, -0.286609978, 0.733338499, -0.616390795, -0.858032227, 0.0895996094, 0.505615234, 0.426057719, 0.673850236, 0.603735682, 0, -0, 0, 0, 0, 0, 0, 0.326696143, -0.0740022949, -0.166279687, -0.0922270462, 0.416842085, -0.904219684, -0.135253906, -0.904907227, -0.403320312, -0.986357196, 0.0851761618, 0.139892228, 0, 1, 1, 1, 
177.15113, 12, 0.1, 0.1, 0.0325397737, 0.376919725, -0.0349695418, 0.884985619, -0.465618357, -7.25264634e-006, 0.465618357, 0.884985619, -9.83654662e-006, 1.09985644e-005, 5.32823702e-006, 1, 0.884985424, -0.465618727, 1.42973526e-007, 0.465618727, 0.884985424, -1.28444612e-005, 5.85409217e-006, 1.14337321e-005, 1, 0, 0, 0, 0, 0, 0, 0, 0.265405615, -0.117200684, -0.190404321, -0.286609978, 0.733338499, -0.616390795, -0.858032227, 0.0895996094, 0.505615234, 0.426057719, 0.673850236, 0.603735682, 0, -0, 0, 0, 0, 0, 0, 0.326696143, -0.0740022949, -0.166279687, -0.0922270462, 0.416842085, -0.904219684, -0.135253906, -0.904907227, -0.403320312, -0.986357196, 0.0851761618, 0.139892228, 0, 1, 1, 1, 
177.151825, 12, 0.1, 0.1, 0.0325397734, 0.376919722, -0.0349693557, 0.884986589, -0.465616513, 1.3445534e-005, 0.465616513, 0.884986589, 5.8692652e-008, -1.19264455e-005, 6.20852042e-006, 1, 0.884986398, -0.465616875, 8.80280316e-006, 0.465616875, 0.884986398, 9.96831058e-006, -1.24317747e-005, -4.72308558e-006, 1, 0, 0, 0, 0, 0, 0, 0, 0.265405615, -0.117200684, -0.190404321, -0.286609978, 0.733338499, -0.616390795, -0.858032227, 0.0895996094, 0.505615234, 0.426057719, 0.673850236, 0.603735682, 0, -0, 0, 0, 0, 0, 0, 0.326696143, -0.0740022949, -0.166279687, -0.0922270462, 0.416842085, -0.904219684, -0.135253906, -0.904907227, -0.403320312, -0.986357196, 0.0851761618, 0.139892228, 0, 1, 1, 1, 
177.152517, 12, 0.1, 0.1, 0.0325397744, 0.376919723, -0.0349692903, 0.884987561, -0.465614665, -8.81102977e-006, 0.465614665, 0.884987561, 8.2096049e-006, 3.97513931e-006, -1.13679429e-005, 1, 0.884987368, -0.465615031, -1.1696889e-005, 0.465615032, 0.884987369, 6.93393806e-007, 1.00287444e-005, -6.05989208e-006, 1, 0, 0, 0, 0, 0, 0, 0, 0.265405615, -0.117200684, -0.190404321, -0.286609978, 0.733338499, -0.616390795, -0.858032227, 0.0895996094, 0.505615234, 0.426057719, 0.673850236, 0.603735682, 0, -0, 0, 0, 0, 0, 0, 0.326696143, -0.0740022949, -0.166279687, -0.0922270462, 0.416842085, -0.904219684, -0.135253906, -0.904907227, -0.403320312, -0.986357196, 0.0851761618, 0.139892228, 0, 1, 1, 1, 
177.153216, 12, 0.1, 0.1, 0.0325397718, 0.376919723, -0.034969338, 0.88498854, -0.465612804, 5.72595245e-007, 0.465612804, 0.88498854, -1.22656901e-005, 5.20432214e-006, 1.11216029e-005, 1, 0.884988347, -0.465613172, 1.07228335e-005, 0.465613172, 0.884988347, -7.61184747e-006, -5.94540623e-006, 1.17290888e-005, 1, 0, 0, 0, 0, 0, 0, 0, 0.265405615, -0.117200684, -0.190404321, -0.286609978, 0.733338499, -0.616390795, -0.858032227, 0.0895996094, 0.505615234, 0.426057719, 0.673850236, 0.603735682, 0, -0, 0, 0, 0, 0, 0, 0.326696143, -0.0740022949, -0.166279687, -0.0922270462, 0.416842085, -0.904219684, -0.135253906, -0.904907227, -0.403320312, -0.986357196, 0.0851761618, 0.139892228, 0, 1, 1, 1, 
177.153943, 12, 0.1, 0.1, 0.0325397731, 0.37691972, -0.034969195, 0.884989563, -0.465610861, 8.72444929e-006, 0.465610861, 0.884989563, 1.15991063e-005, -1.31217164e-005, -6.20288964e-006, 1, 0.884989367, -0.465611233, 1.20173074e-006, 0.465611233, 0.884989367, 1.4689128e-005, -7.90294191e-006, -1.24401827e-005, 1, 0, 0, 0, 0, 0, 0, 0, 0.265410376, -0.116982202, -0.190187183, -0.286508507, 0.733237028, -0.616511363, -0.858154297, 0.0895996094, 0.505371094, 0.425918055, 0.6739899, 0.603754778, 0, -0, 0, 0, 0, 0, 0, 0.326654639, -0.0737692871, -0.166479492, -0.0928340542, 0.417135928, -0.90402792, -0.135131836, -0.904785156, -0.403686523, -0.986420995, 0.0847160751, 0.140403354, 0, 1, 1, 1, 
177.15464, 12, 0.1, 0.1, 0.0325397727, 0.376919722, -0.0349690512, 0.884990546, -0.465608993, -1.25284218e-005, 0.465608993, 0.884990546, 1.23884957e-006, 1.05107154e-005, -6.92971602e-006, 1, 0.88499035, -0.465609364, -7.71750061e-006, 0.465609364, 0.88499035, -8.79306628e-006, 1.09240476e-005, 4.18843826e-006, 1, 0, 0, 0, 0, 0, 0, 0, 0.265410376, -0.116982202, -0.190187183, -0.286508507, 0.733237028, -0.616511363, -0.858154297, 0.0895996094, 0.505371094, 0.425918055, 0.6739899, 0.603754778, 0, -0, 0, 0, 0, 0, 0, 0.326654639, -0.0737692871, -0.166479492, -0.0928340542, 0.417135928, -0.90402792, -0.135131836, -0.904785156, -0.403686523, -0.986420995, 0.0847160751, 0.140403354, 0, 1, 1, 1, 
177.155335, 12, 0.1, 0.1, 0.0325397712, 0.37691972, -0.0349690793, 0.884991526, -0.465607129, 9.69471742e-006, 0.465607129, 0.884991526, -7.74178004e-006, -4.97511479e-006, 1.13653393e-005, 1, 0.884991332, -0.465607497, 1.2687536e-005, 0.465607497, 0.884991332, -2.56511357e-008, -1.1216416e-005, 5.9301129e-006, 1, 0, 0, 0, 0, 0, 0, 0, 0.265410376, -0.116982202, -0.190187183, -0.286508507, 0.733237028, -0.616511363, -0.858154297, 0.0895996094, 0.505371094, 0.425918055, 0.6739899, 0.603754778, 0, -0, 0, 0, 0, 0, 0, 0.326654639, -0.0737692871, -0.166479492, -0.0928340542, 0.417135928, -0.90402792, -0.135131836, -0.904785156, -0.403686523, -0.986420995, 0.0847160751, 0.140403354, 0, 1, 1, 1, 
