time, trialNum, realDorsalTactorPos, realVentralTactorPos, boxPosX, boxPosY, boxPosZ, boxLocalRot_11, boxLocalRot_12, boxLocalRot_13, boxLocalRot_21, boxLocalRot_22, boxLocalRot_23, boxLocalRot_31, boxLocalRot_32, boxLocalRot_33, boxGlobalRot_11, boxGlobalRot_12, boxGlobalRot_13, boxGlobalRot_21, boxGlobalRot_22, boxGlobalRot_23, boxGlobalRot_31, boxGlobalRot_32, boxGlobalRot_33, indexForceX, indexForceY, indexForceZ, indexForceGlobalX, indexForceGlobalY, indexForceGlobalZ, indexContact, indexPosX, indexPosY, indexPosZ, indexRot_11, indexRot_12, indexRot_13, indexRot_21, indexRot_22, indexRot_23, indexRot_31, indexRot_32, indexRot_33, thumbForceX, thumbForceY, thumbForceZ, thumbForceGlobalX, thumbForceGlobalY, thumbForceGlobalZ, thumbContact, thumbPosX, thumbPosY, thumbPosZ, thumbRot_11, thumbRot_12, thumbRot_13, thumbRot_21, thumbRot_22, thumbRot_23, thumbRot_31, thumbRot_32, thumbRot_33, manipForceTooHigh, cceExpType, mapping, trialSuccess, 
276.792344, 19, 0.1, 0.1, 0.0207755914, 0.365371137, -0.0349791857, 0.881512603, -0.472160493, -1.95090092e-005, 0.472160493, 0.881512603, 2.19572947e-006, 1.61607008e-005, -1.11469466e-005, 1, 0.881512526, -0.472160636, -2.04682978e-005, 0.472160636, 0.881512526, 1.66466106e-006, 1.72570735e-005, -1.11317441e-005, 1, 0, 0, 0, 0, 0, 0, 0, 0.256503589, -0.192526074, -0.174146411, -0.0547397507, 0.50618343, -0.860612339, -0.901367187, 0.345581055, 0.260620117, 0.429253277, 0.790162822, 0.437501148, 0, -0, 0, 0, 0, 0, 0, 0.316842187, -0.14572041, -0.152445605, 0.0828136361, 0.189500042, -0.978346629, -0.201293945, -0.958251953, -0.202636719, -0.975937955, 0.213850739, -0.0412115339, 0, 1, 5, 1, 
276.837981, 19, 0.1, 0.1, 0.0207755751, 0.365371161, -0.0349700879, 0.881528249, -0.472131281, -4.3424781e-006, 0.472131281, 0.881528248, -2.26301806e-005, 1.45124333e-005, 1.78989237e-005, 1, 0.881528235, -0.472131306, -3.32978888e-006, 0.472131306, 0.881528235, -1.97209946e-005, 1.22462018e-005, 1.5812516e-005, 1, 0, 0, 0, 0, 0, 0, 0, 0.255865015, -0.190383154, -0.173119604, -0.0709466998, 0.52196578, -0.849995675, -0.905517578, 0.323608398, 0.274291992, 0.418225093, 0.789146247, 0.449909114, 0, -0, 0, 0, 0, 0, 0, 0.315579541, -0.143918066, -0.151231592, 0.0716698421, 0.201631072, -0.976709339, -0.186767578, -0.959228516, -0.211791992, -0.979686812, 0.197696297, -0.0310972883, 0, 1, 5, 1, 
276.838679, 19, 0.1, 0.1, 0.0207755743, 0.365371159, -0.0349697862, 0.881528312, -0.472131163, 7.25677808e-006, 0.472131163, 0.881528312, 2.64578801e-005, -1.8888645e-005, -1.98972193e-005, 1, 0.8815283, -0.472131185, 6.90701653e-006, 0.472131184, 0.8815283, 2.35885632e-005, -1.72256268e-005, -1.75329681e-005, 1, 0, 0, 0, 0, 0, 0, 0, 0.255865015, -0.190383154, -0.173119604, -0.0709466998, 0.52196578, -0.849995675, -0.905517578, 0.323608398, 0.274291992, 0.418225093, 0.789146247, 0.449909114, 0, -0, 0, 0, 0, 0, 0, 0.315579541, -0.143918066, -0.151231592, 0.0716698421, 0.201631072, -0.976709339, -0.186767578, -0.959228516, -0.211791992, -0.979686812, 0.197696297, -0.0310972883, 0, 1, 5, 1, 
276.839375, 19, 0.1, 0.1, 0.0207755751, 0.36537116, -0.0349694335, 0.881528366, -0.472131063, -6.70976143e-006, 0.472131062, 0.881528366, -2.42608617e-005, 1.73691515e-005, 1.8218751e-005, 1, 0.881528356, -0.472131081, -6.37689015e-006, 0.47213108, 0.881528356, -2.09779229e-005, 1.55257389e-005, 1.54819059e-005, 1, 0, 0, 0, 0, 0, 0, 0, 0.255865015, -0.190383154, -0.173119604, -0.0709466998, 0.52196578, -0.849995675, -0.905517578, 0.323608398, 0.274291992, 0.418225093, 0.789146247, 0.449909114, 0, -0, 0, 0, 0, 0, 0, 0.315579541, -0.143918066, -0.151231592, 0.0716698421, 0.201631072, -0.976709339, -0.186767578, -0.959228516, -0.211791992, -0.979686812, 0.197696297, -0.0310972883, 0, 1, 5, 1, 
276.840098, 19, 0.1, 0.1, 0.0207755743, 0.365371158, -0.0349690457, 0.881528411, -0.472130978, 7.8255349e-006, 0.472130978, 0.881528411, 2.58627456e-005, -1.91090347e-005, -1.91040676e-005, 1, 0.881528402, -0.472130994, 7.46322162e-006, 0.472130994, 0.881528402, 2.26848758e-005, -1.72892748e-005, -1.64737441e-005, 1, 0, 0, 0, 0, 0, 0, 0, 0.256033569, -0.190093506, -0.172842285, -0.071893265, 0.523247838, -0.849024023, -0.90637207, 0.320922852, 0.274536133, 0.416150359, 0.789437556, 0.451361914, 0, -0, 0, 0, 0, 0, 0, 0.315579541, -0.143918066, -0.151231592, 0.0703854638, 0.202339792, -0.976664497, -0.18371582, -0.959716797, -0.212158203, -0.980312776, 0.194456733, -0.0303561189, 0, 1, 5, 1, 
276.840796, 19, 0.1, 0.1, 0.0207755757, 0.36537116, -0.0349685904, 0.881528443, -0.472130918, -9.56179303e-006, 0.472130918, 0.881528443, -2.56436963e-005, 2.05361744e-005, 1.80912296e-005, 1, 0.881528437, -0.472130929, -8.74011393e-006, 0.472130929, 0.881528437, -2.2421742e-005, 1.82906569e-005, 1.56389251e-005, 1, 0, 0, 0, 0, 0, 0, 0, 0.256033569, -0.190093506, -0.172842285, -0.071893265, 0.523247838, -0.849024023, -0.90637207, 0.320922852, 0.274536133, 0.416150359, 0.789437556, 0.451361914, 0, -0, 0, 0, 0, 0, 0, 0.315704639, -0.143716064, -0.150989795, 0.0703854638, 0.202339792, -0.976664497, -0.18371582, -0.959716797, -0.212158203, -0.980312776, 0.194456733, -0.0303561189, 0, 1, 5, 1, 
276.84149, 19, 0.1, 0.1, 0.0207755753, 0.365371158, -0.0349684471, 0.881528466, -0.472130875, 8.63791169e-006, 0.472130874, 0.881528466, 2.39320322e-005, -1.89136164e-005, -1.70185429e-005, 1, 0.881528462, -0.472130883, 7.41856249e-006, 0.472130883, 0.881528462, 2.10711805e-005, -1.64880291e-005, -1.50723129e-005, 1, 0, 0, 0, 0, 0, 0, 0, 0.256033569, -0.190093506, -0.172842285, -0.071893265, 0.523247838, -0.849024023, -0.90637207, 0.320922852, 0.274536133, 0.416150359, 0.789437556, 0.451361914, 0, -0, 0, 0, 0, 0, 0, 0.315704639, -0.143716064, -0.150989795, 0.0703854638, 0.202339792, -0.976664497, -0.18371582, -0.959716797, -0.212158203, -0.980312776, 0.194456733, -0.0303561189, 0, 1, 5, 1, 
276.842186, 19, 0.1, 0.1, 0.0207755761, 0.365371161, -0.034968674, 0.881528487, -0.472130836, -8.6819145e-006, 0.472130835, 0.881528487, -2.68320335e-005, 2.03215853e-005, 1.95542023e-005, 1, 0.881528483, -0.472130844, -7.00536271e-006, 0.472130844, 0.881528483, -2.39725528e-005, 1.74936083e-005, 1.78250403e-005, 1, 0, 0, 0, 0, 0, 0, 0, 0.256033569, -0.190093506, -0.172842285, -0.071893265, 0.523247838, -0.849024023, -0.90637207, 0.320922852, 0.274536133, 0.416150359, 0.789437556, 0.451361914, 0, -0, 0, 0, 0, 0, 0, 0.315704639, -0.143716064, -0.150989795, 0.0703854638, 0.202339792, -0.976664497, -0.18371582, -0.959716797, -0.212158203, -0.980312776, 0.194456733, -0.0303561189, 0, 1, 5, 1, 
276.842907, 19, 0.1, 0.1, 0.0207755761, 0.365371159, -0.0349688867, 0.881528511, -0.472130792, 7.18429942e-006, 0.472130792, 0.88152851, 2.50785692e-005, -1.81735295e-005, -1.87155448e-005, 1, 0.881528506, -0.472130801, 5.80806703e-006, 0.472130801, 0.881528506, 2.21461504e-005, -1.55758564e-005, -1.67802955e-005, 1, 0, 0, 0, 0, 0, 0, 0, 0.256058716, -0.190504712, -0.172155713, -0.0713668119, 0.523952146, -0.848750687, -0.906616211, 0.32043457, 0.274047852, 0.41557261, 0.789202413, 0.452307358, 0, -0, 0, 0, 0, 0, 0, 0.315403271, -0.143748291, -0.150756299, 0.0693183691, 0.202397028, -0.976741055, -0.182128906, -0.960083008, -0.211914062, -0.980670418, 0.192744351, -0.0296277093, 0, 1, 5, 1, 
276.843602, 19, 0.1, 0.1, 0.0207755766, 0.365371161, -0.0349692383, 0.881528536, -0.472130745, -6.4271098e-006, 0.472130744, 0.881528536, -2.5444576e-005, 1.76788473e-005, 1.93956837e-005, 1, 0.881528531, -0.472130754, -5.36760532e-006, 0.472130754, 0.881528531, -2.24330352e-005, 1.53230231e-005, 1.7241149e-005, 1, 0, 0, 0, 0, 0, 0, 0, 0.256058716, -0.190504712, -0.172155713, -0.0713668119, 0.523952146, -0.848750687, -0.906616211, 0.32043457, 0.274047852, 0.41557261, 0.789202413, 0.452307358, 0, -0, 0, 0, 0, 0, 0, 0.315403271, -0.143748291, -0.150756299, 0.0693183691, 0.202397028, -0.976741055, -0.182128906, -0.960083008, -0.211914062, -0.980670418, 0.192744351, -0.0296277093, 0, 1, 5, 1, 
276.844317, 19, 0.1, 0.1, 0.0207755762, 0.365371158, -0.0349695104, 0.881528564, -0.472130692, 6.92461398e-006, 0.472130692, 0.881528564, 2.66369126e-005, -1.8680349e-005, -2.02118765e-005, 1, 0.881528559, -0.472130702, 6.1205563e-006, 0.472130702, 0.881528559, 2.37964788e-005, -1.66304934e-005, -1.80875731e-005, 1, 0, 0, 0, 0, 0, 0, 0, 0.256058716, -0.190504712, -0.172155713, -0.0713668119, 0.523952146, -0.848750687, -0.906616211, 0.32043457, 0.274047852, 0.41557261, 0.789202413, 0.452307358, 0, -0, 0, 0, 0, 0, 0, 0.315403271, -0.143748291, -0.150756299, 0.0693183691, 0.202397028, -0.976741055, -0.182128906, -0.960083008, -0.211914062, -0.980670418, 0.192744351, -0.0296277093, 0, 1, 5, 1, 
276.845061, 19, 0.1, 0.1, 0.0207755771, 0.365371161, -0.0349692216, 0.881528594, -0.472130637, -7.38244933e-006, 0.472130637, 0.881528593, -2.78688215e-005, 1.96655646e-005, 2.10816825e-005, 1, 0.881528588, -0.472130647, -6.56933604e-006, 0.472130647, 0.881528588, -2.50237006e-005, 1.76055135e-005, 1.89575226e-005, 1, 0, 0, 0, 0, 0, 0, 0, 0.256058716, -0.190504712, -0.172155713, -0.0713668119, 0.523952146, -0.848750687, -0.906616211, 0.32043457, 0.274047852, 0.41557261, 0.789202413, 0.452307358, 0, -0, 0, 0, 0, 0, 0, 0.315403271, -0.143748291, -0.150756299, 0.0693183691, 0.202397028, -0.976741055, -0.182128906, -0.960083008, -0.211914062, -0.980670418, 0.192744351, -0.0296277093, 0, 1, 5, 1, 
276.845754, 19, 0.1, 0.1, 0.020775577, 0.365371159, -0.034968945, 0.881528621, -0.472130586, 5.75703629e-006, 0.472130586, 0.881528621, 2.3808088e-005, -1.63155188e-005, -1.82694381e-005, 1, 0.881528616, -0.472130595, 5.0247035e-006, 0.472130595, 0.881528616, 2.0556563e-005, -1.41348022e-005, -1.57488823e-005, 1, 0, 0, 0, 0, 0, 0, 0, 0.256058716, -0.190504712, -0.172155713, -0.0713668119, 0.523952146, -0.848750687, -0.906616211, 0.32043457, 0.274047852, 0.41557261, 0.789202413, 0.452307358, 0, -0, 0, 0, 0, 0, 0, 0.315403271, -0.143748291, -0.150756299, 0.0693183691, 0.202397028, -0.976741055, -0.182128906, -0.960083008, -0.211914062, -0.980670418, 0.192744351, -0.0296277093, 0, 1, 5, 1, 
276.846448, 19, 0.1, 0.1, 0.0207755781, 0.365371162, -0.0349689129, 0.881528646, -0.47213054, -7.01905553e-006, 0.47213054, 0.881528645, -2.59936637e-005, 1.8459901e-005, 1.96002487e-005, 1, 0.881528641, -0.472130548, -6.96372943e-006, 0.472130548, 0.881528641, -2.29977677e-005, 1.69966756e-005, 1.69854016e-005, 1, 0, 0, 0, 0, 0, 0, 0, 0.256058716, -0.190504712, -0.172155713, -0.0713668119, 0.523952146, -0.848750687, -0.906616211, 0.32043457, 0.274047852, 0.41557261, 0.789202413, 0.452307358, 0, -0, 0, 0, 0, 0, 0, 0.315403271, -0.143748291, -0.150756299, 0.0693183691, 0.202397028, -0.976741055, -0.182128906, -0.960083008, -0.211914062, -0.980670418, 0.192744351, -0.0296277093, 0, 1, 5, 1, 
276.847155, 19, 0.1, 0.1, 0.0207755771, 0.365371159, -0.0349690303, 0.881528663, -0.472130508, 8.84452664e-006, 0.472130508, 0.881528663, 2.64415478e-005, -2.02805651e-005, -1.91332114e-005, 1, 0.88152866, -0.472130513, 8.31483836e-006, 0.472130513, 0.88152866, 2.31566936e-005, -1.826275e-005, -1.64876002e-005, 1, 0, 0, 0, 0, 0, 0, 0, 0.255811182, -0.190723926, -0.171699097, -0.0717798108, 0.524009434, -0.848572832, -0.907104492, 0.319213867, 0.273803711, 0.414525695, 0.789564115, 0.452649964, 0, -0, 0, 0, 0, 0, 0, 0.315403271, -0.143748291, -0.150756299, 0.0693183691, 0.202397028, -0.976741055, -0.182128906, -0.960083008, -0.211914062, -0.980670418, 0.192744351, -0.0296277093, 0, 1, 5, 1, 
276.847865, 19, 0.1, 0.1, 0.0207755779, 0.365371161, -0.0349690644, 0.881528672, -0.472130491, -7.89266265e-006, 0.472130491, 0.881528672, -2.30586357e-005, 1.78442934e-005, 1.66004818e-005, 1, 0.88152867, -0.472130494, -7.10983018e-006, 0.472130494, 0.88152867, -2.0083798e-005, 1.57496926e-005, 1.43476761e-005, 1, 0, 0, 0, 0, 0, 0, 0, 0.255811182, -0.190723926, -0.171699097, -0.0717798108, 0.524009434, -0.848572832, -0.907104492, 0.319213867, 0.273803711, 0.414525695, 0.789564115, 0.452649964, 0, -0, 0, 0, 0, 0, 0, 0.315075293, -0.143812256, -0.150304443, 0.0678998294, 0.202141099, -0.976964536, -0.180297852, -0.960571289, -0.211303711, -0.981187741, 0.190508083, -0.0286692563, 0, 1, 5, 1, 
276.848561, 19, 0.1, 0.1, 0.0207755771, 0.365371158, -0.0349692339, 0.881528676, -0.472130484, 9.05906636e-006, 0.472130484, 0.881528676, 2.65079386e-005, -2.05010326e-005, -1.90904466e-005, 1, 0.881528675, -0.472130485, 8.1602292e-006, 0.472130485, 0.881528675, 2.3507193e-005, -1.82919385e-005, -1.68695717e-005, 1, 0, 0, 0, 0, 0, 0, 0, 0.255811182, -0.190723926, -0.171699097, -0.0717798108, 0.524009434, -0.848572832, -0.907104492, 0.319213867, 0.273803711, 0.414525695, 0.789564115, 0.452649964, 0, -0, 0, 0, 0, 0, 0, 0.315075293, -0.143812256, -0.150304443, 0.0678998294, 0.202141099, -0.976964536, -0.180297852, -0.960571289, -0.211303711, -0.981187741, 0.190508083, -0.0286692563, 0, 1, 5, 1, 
276.849262, 19, 0.1, 0.1, 0.020775578, 0.36537116, -0.0349694455, 0.881528675, -0.472130485, -8.74120194e-006, 0.472130485, 0.881528675, -2.36232552e-005, 1.88588791e-005, 1.66975889e-005, 1, 0.881528675, -0.472130485, -7.58975548e-006, 0.472130485, 0.881528675, -2.06358801e-005, 1.64334152e-005, 1.46077651e-005, 1, 0, 0, 0, 0, 0, 0, 0, 0.255811182, -0.190723926, -0.171699097, -0.0717798108, 0.524009434, -0.848572832, -0.907104492, 0.319213867, 0.273803711, 0.414525695, 0.789564115, 0.452649964, 0, -0, 0, 0, 0, 0, 0, 0.315075293, -0.143812256, -0.150304443, 0.0678998294, 0.202141099, -0.976964536, -0.180297852, -0.960571289, -0.211303711, -0.981187741, 0.190508083, -0.0286692563, 0, 1, 5, 1, 
276.849983, 19, 0.1, 0.1, 0.0207755777, 0.365371157, -0.0349693679, 0.881528674, -0.472130487, 8.49785172e-006, 0.472130486, 0.881528674, 2.55005625e-005, -1.9530693e-005, -1.84673822e-005, 1, 0.881528674, -0.472130487, 6.86412443e-006, 0.472130487, 0.881528674, 2.296006e-005, -1.68910668e-005, -1.69991889e-005, 1, 0, 0, 0, 0, 0, 0, 0, 0.255811182, -0.190723926, -0.171699097, -0.0717798108, 0.524009434, -0.848572832, -0.907104492, 0.319213867, 0.273803711, 0.414525695, 0.789564115, 0.452649964, 0, -0, 0, 0, 0, 0, 0, 0.315075293, -0.143812256, -0.150304443, 0.0678998294, 0.202141099, -0.976964536, -0.180297852, -0.960571289, -0.211303711, -0.981187741, 0.190508083, -0.0286692563, 0, 1, 5, 1, 
276.850678, 19, 0.1, 0.1, 0.020775578, 0.365371159, -0.0349693614, 0.881528678, -0.47213048, -6.6347866e-006, 0.472130479, 0.881528678, -2.4881361e-005, 1.75960036e-005, 1.88011483e-005, 1, 0.881528677, -0.472130481, -5.26689544e-006, 0.472130481, 0.881528677, -2.17883637e-005, 1.492987e-005, 1.67204055e-005, 1, 0, 0, 0, 0, 0, 0, 0, 0.255811182, -0.190723926, -0.171699097, -0.0717798108, 0.524009434, -0.848572832, -0.907104492, 0.319213867, 0.273803711, 0.414525695, 0.789564115, 0.452649964, 0, -0, 0, 0, 0, 0, 0, 0.315075293, -0.143812256, -0.150304443, 0.0678998294, 0.202141099, -0.976964536, -0.180297852, -0.960571289, -0.211303711, -0.981187741, 0.190508083, -0.0286692563, 0, 1, 5, 1, 
276.851374, 19, 0.1, 0.1, 0.0207755781, 0.365371157, -0.0349694088, 0.881528688, -0.472130461, 5.00427406e-006, 0.472130461, 0.881528688, 2.48766189e-005, -1.61564207e-005, -1.9566783e-005, 1, 0.881528686, -0.472130464, 4.400325e-006, 0.472130464, 0.881528686, 2.20105569e-005, -1.42708672e-005, -1.73254098e-005, 1, 0, 0, 0, 0, 0, 0, 0, 0.255811182, -0.190723926, -0.171699097, -0.0717798108, 0.524009434, -0.848572832, -0.907104492, 0.319213867, 0.273803711, 0.414525695, 0.789564115, 0.452649964, 0, -0, 0, 0, 0, 0, 0, 0.315075293, -0.143812256, -0.150304443, 0.0678998294, 0.202141099, -0.976964536, -0.180297852, -0.960571289, -0.211303711, -0.981187741, 0.190508083, -0.0286692563, 0, 1, 5, 1, 
276.852095, 19, 0.1, 0.1, 0.0207755796, 0.36537116, -0.0349694279, 0.881528698, -0.472130443, -8.03966341e-006, 0.472130443, 0.881528697, -2.6945375e-005, 1.98089258e-005, 1.99573515e-005, 1, 0.881528696, -0.472130446, -7.96274311e-006, 0.472130445, 0.881528696, -2.33857534e-005, 1.80605127e-005, 1.68557593e-005, 1, 0, 0, 0, 0, 0, 0, 0, 0.255770654, -0.190895654, -0.171439355, -0.0724912325, 0.525012166, -0.847918698, -0.907714844, 0.317504883, 0.274169922, 0.41315527, 0.789652482, 0.453658687, 0, -0, 0, 0, 0, 0, 0, 0.315075293, -0.143812256, -0.150304443, 0.0653759154, 0.203041582, -0.976938649, -0.177978516, -0.9609375, -0.211669922, -0.9816985, 0.187779645, -0.0265799095, 0, 1, 5, 1, 
276.852785, 19, 0.1, 0.1, 0.0207755791, 0.365371158, -0.03496931, 0.8815287, -0.472130438, 7.20362807e-006, 0.472130438, 0.8815287, 2.24926342e-005, -1.69696621e-005, -1.64268505e-005, 1, 0.8815287, -0.472130438, 6.61651555e-006, 0.472130438, 0.8815287, 1.93828055e-005, -1.49838608e-005, -1.39626409e-005, 1, 0, 0, 0, 0, 0, 0, 0, 0.255770654, -0.190895654, -0.171439355, -0.0724912325, 0.525012166, -0.847918698, -0.907714844, 0.317504883, 0.274169922, 0.41315527, 0.789652482, 0.453658687, 0, -0, 0, 0, 0, 0, 0, 0.314674316, -0.143810059, -0.150258789, 0.0653759154, 0.203041582, -0.976938649, -0.177978516, -0.9609375, -0.211669922, -0.9816985, 0.187779645, -0.0265799095, 0, 1, 5, 1, 
276.853484, 19, 0.1, 0.1, 0.0207755803, 0.365371161, -0.0349692933, 0.881528698, -0.472130442, -8.69652048e-006, 0.472130441, 0.881528698, -2.63655583e-005, 2.01142151e-005, 1.91361043e-005, 1, 0.881528699, -0.472130441, -8.08587275e-006, 0.47213044, 0.881528699, -2.35008954e-005, 1.8223417e-005, 1.68991271e-005, 1, 0, 0, 0, 0, 0, 0, 0, 0.255770654, -0.190895654, -0.171439355, -0.0724912325, 0.525012166, -0.847918698, -0.907714844, 0.317504883, 0.274169922, 0.41315527, 0.789652482, 0.453658687, 0, -0, 0, 0, 0, 0, 0, 0.314674316, -0.143810059, -0.150258789, 0.0653759154, 0.203041582, -0.976938649, -0.177978516, -0.9609375, -0.211669922, -0.9816985, 0.187779645, -0.0265799095, 0, 1, 5, 1, 
276.854178, 19, 0.1, 0.1, 0.0207755796, 0.365371159, -0.0349693596, 0.881528691, -0.472130455, 9.26769352e-006, 0.472130455, 0.881528691, 2.36655226e-005, -1.93429517e-005, -1.64862768e-005, 1, 0.881528692, -0.472130453, 8.14804909e-006, 0.472130453, 0.881528692, 2.05379631e-005, -1.68793369e-005, -1.42578617e-005, 1, 0, 0, 0, 0, 0, 0, 0, 0.255770654, -0.190895654, -0.171439355, -0.0724912325, 0.525012166, -0.847918698, -0.907714844, 0.317504883, 0.274169922, 0.41315527, 0.789652482, 0.453658687, 0, -0, 0, 0, 0, 0, 0, 0.314674316, -0.143810059, -0.150258789, 0.0653759154, 0.203041582, -0.976938649, -0.177978516, -0.9609375, -0.211669922, -0.9816985, 0.187779645, -0.0265799095, 0, 1, 5, 1, 
276.854885, 19, 0.1, 0.1, 0.0207755803, 0.365371162, -0.0349694333, 0.881528683, -0.47213047, -8.49257052e-006, 0.47213047, 0.881528683, -2.54395811e-005, 1.94972459e-005, 1.84161191e-005, 1, 0.881528684, -0.472130468, -6.78102008e-006, 0.472130468, 0.881528684, -2.30057561e-005, 1.68393821e-005, 1.70787077e-005, 1, 0, 0, 0, 0, 0, 0, 0, 0.255770654, -0.190895654, -0.171439355, -0.0724912325, 0.525012166, -0.847918698, -0.907714844, 0.317504883, 0.274169922, 0.41315527, 0.789652482, 0.453658687, 0, -0, 0, 0, 0, 0, 0, 0.314625098, -0.143366992, -0.150416113, 0.0615421036, 0.204350747, -0.97688068, -0.174438477, -0.961425781, -0.212158203, -0.982592421, 0.183498506, -0.0236279917, 0, 1, 5, 1, 
276.855578, 19, 0.1, 0.1, 0.0207755803, 0.36537116, -0.0349695011, 0.881528682, -0.472130472, 6.33314737e-006, 0.472130472, 0.881528682, 2.53894763e-005, -1.75699965e-005, -1.93914797e-005, 1, 0.881528682, -0.472130472, 5.03415935e-006, 0.472130472, 0.881528682, 2.22810276e-005, -1.49573079e-005, -1.72645848e-005, 1, 0, 0, 0, 0, 0, 0, 0, 0.255770654, -0.190895654, -0.171439355, -0.0724912325, 0.525012166, -0.847918698, -0.907714844, 0.317504883, 0.274169922, 0.41315527, 0.789652482, 0.453658687, 0, -0, 0, 0, 0, 0, 0, 0.314625098, -0.143366992, -0.150416113, 0.0615421036, 0.204350747, -0.97688068, -0.174438477, -0.961425781, -0.212158203, -0.982592421, 0.183498506, -0.0236279917, 0, 1, 5, 1, 
276.856271, 19, 0.1, 0.1, 0.0207755807, 0.365371161, -0.0349696254, 0.881528687, -0.472130463, -5.25649457e-006, 0.472130463, 0.881528687, -2.36829597e-005, 1.58151975e-005, 1.83954572e-005, 1, 0.881528686, -0.472130465, -4.66141674e-006, 0.472130465, 0.881528686, -2.08280299e-005, 1.394272e-005, 1.6159709e-005, 1, 0, 0, 0, 0, 0, 0, 0, 0.255770654, -0.190895654, -0.171439355, -0.0724912325, 0.525012166, -0.847918698, -0.907714844, 0.317504883, 0.274169922, 0.41315527, 0.789652482, 0.453658687, 0, -0, 0, 0, 0, 0, 0, 0.314625098, -0.143366992, -0.150416113, 0.0615421036, 0.204350747, -0.97688068, -0.174438477, -0.961425781, -0.212158203, -0.982592421, 0.183498506, -0.0236279917, 0, 1, 5, 1, 
276.856977, 19, 0.1, 0.1, 0.0207755797, 0.365371159, -0.0349697089, 0.881528691, -0.472130455, 7.79124716e-006, 0.472130454, 0.881528691, 2.70559608e-005, -1.9642151e-005, -2.01721207e-005, 1, 0.881528691, -0.472130455, 7.69012327e-006, 0.472130455, 0.881528691, 2.38627938e-005, -1.8045416e-005, -1.74049959e-005, 1, 0, 0, 0, 0, 0, 0, 0, 0.256282178, -0.190568774, -0.171357568, -0.0753489023, 0.526992541, -0.846451671, -0.909301758, 0.312011719, 0.275268555, 0.409158571, 0.790451149, 0.455898171, 0, -0, 0, 0, 0, 0, 0, 0.314625098, -0.143366992, -0.150416113, 0.0615421036, 0.204350747, -0.97688068, -0.174438477, -0.961425781, -0.212158203, -0.982592421, 0.183498506, -0.0236279917, 0, 1, 5, 1, 
276.857672, 19, 0.1, 0.1, 0.0207755805, 0.36537116, -0.0349696685, 0.881528691, -0.472130456, -7.20541188e-006, 0.472130455, 0.881528691, -2.23901022e-005, 1.69228264e-005, 1.63356231e-005, 1, 0.881528691, -0.472130455, -6.65905491e-006, 0.472130455, 0.881528691, -1.92501972e-005, 1.49587523e-005, 1.38256585e-005, 1, 0, 0, 0, 0, 0, 0, 0, 0.256282178, -0.190568774, -0.171357568, -0.0753489023, 0.526992541, -0.846451671, -0.909301758, 0.312011719, 0.275268555, 0.409158571, 0.790451149, 0.455898171, 0, -0, 0, 0, 0, 0, 0, 0.314625098, -0.143366992, -0.150416113, 0.0615421036, 0.204350747, -0.97688068, -0.174438477, -0.961425781, -0.212158203, -0.982592421, 0.183498506, -0.0236279917, 0, 1, 5, 1, 
276.858368, 19, 0.1, 0.1, 0.0207755796, 0.365371157, -0.0349696082, 0.881528685, -0.472130466, 8.67215798e-006, 0.472130465, 0.881528685, 2.57133617e-005, -1.97848175e-005, -1.8572676e-005, 1, 0.881528687, -0.472130463, 8.0487303e-006, 0.472130463, 0.881528687, 2.29567568e-005, -1.79337709e-005, -1.64369889e-005, 1, 0, 0, 0, 0, 0, 0, 0, 0.256282178, -0.190568774, -0.171357568, -0.0753489023, 0.526992541, -0.846451671, -0.909301758, 0.312011719, 0.275268555, 0.409158571, 0.790451149, 0.455898171, 0, -0, 0, 0, 0, 0, 0, 0.314625098, -0.143366992, -0.150416113, 0.0615421036, 0.204350747, -0.97688068, -0.174438477, -0.961425781, -0.212158203, -0.982592421, 0.183498506, -0.0236279917, 0, 1, 5, 1, 
276.859061, 19, 0.1, 0.1, 0.0207755806, 0.365371159, -0.034969587, 0.881528676, -0.472130484, -8.95481812e-006, 0.472130484, 0.881528676, -2.38666129e-005, 1.91620845e-005, 1.6811261e-005, 1, 0.881528678, -0.47213048, -7.86530717e-006, 0.47213048, 0.881528677, -2.07485752e-005, 1.67295286e-005, 1.45770128e-005, 1, 0, 0, 0, 0, 0, 0, 0, 0.256282178, -0.190568774, -0.171357568, -0.0753489023, 0.526992541, -0.846451671, -0.909301758, 0.312011719, 0.275268555, 0.409158571, 0.790451149, 0.455898171, 0, -0, 0, 0, 0, 0, 0, 0.314625098, -0.143366992, -0.150416113, 0.0615421036, 0.204350747, -0.97688068, -0.174438477, -0.961425781, -0.212158203, -0.982592421, 0.183498506, -0.0236279917, 0, 1, 5, 1, 
276.859777, 19, 0.1, 0.1, 0.0207755803, 0.365371157, -0.0349693187, 0.881528665, -0.472130504, 8.06601284e-006, 0.472130504, 0.881528665, 2.48613654e-005, -1.88482305e-005, -1.81077955e-005, 1, 0.881528667, -0.472130501, 6.95579115e-006, 0.472130501, 0.881528667, 2.23283923e-005, -1.66736443e-005, -1.63990768e-005, 1, 0, 0, 0, 0, 0, 0, 0, 0.256577051, -0.190134595, -0.172096362, -0.0781803629, 0.531174209, -0.843651289, -0.91003418, 0.307373047, 0.277832031, 0.406888007, 0.789541654, 0.459533168, 0, -0, 0, 0, 0, 0, 0, 0.314354346, -0.142847266, -0.150769824, 0.0576955319, 0.206554566, -0.976656467, -0.171630859, -0.961669922, -0.213623047, -0.98336494, 0.180047855, -0.0199221446, 0, 1, 5, 1, 
276.860481, 19, 0.1, 0.1, 0.0207755811, 0.365371159, -0.0349690502, 0.881528655, -0.472130522, -8.10193446e-006, 0.472130521, 0.881528655, -2.6396392e-005, 1.96046297e-005, 1.94440054e-005, 1, 0.881528657, -0.472130518, -7.27216894e-006, 0.472130518, 0.881528657, -2.31816296e-005, 1.73553801e-005, 1.7001858e-005, 1, 0, 0, 0, 0, 0, 0, 0, 0.256577051, -0.190134595, -0.172096362, -0.0781803629, 0.531174209, -0.843651289, -0.91003418, 0.307373047, 0.277832031, 0.406888007, 0.789541654, 0.459533168, 0, -0, 0, 0, 0, 0, 0, 0.314354346, -0.142847266, -0.150769824, 0.0576955319, 0.206554566, -0.976656467, -0.171630859, -0.961669922, -0.213623047, -0.98336494, 0.180047855, -0.0199221446, 0, 1, 5, 1, 
276.861181, 19, 0.1, 0.1, 0.0207755807, 0.365371157, -0.0349689162, 0.881528644, -0.472130543, 7.23563495e-006, 0.472130542, 0.881528644, 2.360235e-005, -1.75218098e-005, -1.73899834e-005, 1, 0.881528647, -0.472130538, 6.6996369e-006, 0.472130538, 0.881528647, 2.05732751e-005, -1.56191933e-005, -1.49728282e-005, 1, 0, 0, 0, 0, 0, 0, 0, 0.256577051, -0.190134595, -0.172096362, -0.0781803629, 0.531174209, -0.843651289, -0.91003418, 0.307373047, 0.277832031, 0.406888007, 0.789541654, 0.459533168, 0, -0, 0, 0, 0, 0, 0, 0.314354346, -0.142847266, -0.150769824, 0.0576955319, 0.206554566, -0.976656467, -0.171630859, -0.961669922, -0.213623047, -0.98336494, 0.180047855, -0.0199221446, 0, 1, 5, 1, 
276.8619, 19, 0.1, 0.1, 0.0207755822, 0.365371161, -0.0349688032, 0.881528629, -0.472130571, -9.82668008e-006, 0.472130571, 0.881528629, -2.92000348e-005, 2.24487289e-005, 2.11011906e-005, 1, 0.881528632, -0.472130565, -9.26735974e-006, 0.472130565, 0.881528632, -2.62471725e-005, 2.05615353e-005, 1.87622302e-005, 1, 0, 0, 0, 0, 0, 0, 0, 0.256577051, -0.190134595, -0.172096362, -0.0781803629, 0.531174209, -0.843651289, -0.91003418, 0.307373047, 0.277832031, 0.406888007, 0.789541654, 0.459533168, 0, -0, 0, 0, 0, 0, 0, 0.314354346, -0.142847266, -0.150769824, 0.0576955319, 0.206554566, -0.976656467, -0.171630859, -0.961669922, -0.213623047, -0.98336494, 0.180047855, -0.0199221446, 0, 1, 5, 1, 
276.862594, 19, 0.1, 0.1, 0.0207755817, 0.36537116, -0.0349688102, 0.88152861, -0.472130607, 9.08623762e-006, 0.472130607, 0.88152861, 2.18734854e-005, -1.83369203e-005, -1.49922123e-005, 1, 0.881528613, -0.4721306, 7.77674384e-006, 0.4721306, 0.881528613, 1.85912132e-005, -1.56329029e-005, -1.27170476e-005, 1, 0, 0, 0, 0, 0, 0, 0, 0.256577051, -0.190134595, -0.172096362, -0.0781803629, 0.531174209, -0.843651289, -0.91003418, 0.307373047, 0.277832031, 0.406888007, 0.789541654, 0.459533168, 0, -0, 0, 0, 0, 0, 0, 0.314354346, -0.142847266, -0.150769824, 0.0576955319, 0.206554566, -0.976656467, -0.171630859, -0.961669922, -0.213623047, -0.98336494, 0.180047855, -0.0199221446, 0, 1, 5, 1, 
276.863291, 19, 0.1, 0.1, 0.0207755821, 0.365371163, -0.034969054, 0.881528593, -0.472130639, -7.56304343e-006, 0.472130638, 0.881528593, -2.62057768e-005, 1.90395892e-005, 1.95303971e-005, 1, 0.881528596, -0.472130634, -5.99487885e-006, 0.472130633, 0.881528595, -2.38225013e-005, 1.65319898e-005, 1.81698501e-005, 1, 0, 0, 0, 0, 0, 0, 0, 0.256577051, -0.190134595, -0.172096362, -0.0781803629, 0.531174209, -0.843651289, -0.91003418, 0.307373047, 0.277832031, 0.406888007, 0.789541654, 0.459533168, 0, -0, 0, 0, 0, 0, 0, 0.314354346, -0.142847266, -0.150769824, 0.0576955319, 0.206554566, -0.976656467, -0.171630859, -0.961669922, -0.213623047, -0.98336494, 0.180047855, -0.0199221446, 0, 1, 5, 1, 
276.864011, 19, 0.1, 0.1, 0.0207755822, 0.36537116, -0.0349693707, 0.881528586, -0.472130651, 5.34654563e-006, 0.472130651, 0.881528586, 2.70548617e-005, -1.74865623e-005, -2.13253659e-005, 1, 0.881528588, -0.472130648, 4.26805207e-006, 0.472130648, 0.881528587, 2.31483349e-005, -1.46914483e-005, -1.83908408e-005, 1, 0, 0, 0, 0, 0, 0, 0, 0.256577051, -0.190134595, -0.172096362, -0.0809605268, 0.535622099, -0.840470109, -0.910400391, 0.303466797, 0.28112793, 0.405721647, 0.787972034, 0.463231444, 0, -0, 0, 0, 0, 0, 0, 0.314354346, -0.142847266, -0.150769824, 0.0576955319, 0.206554566, -0.976656467, -0.171630859, -0.961669922, -0.213623047, -0.98336494, 0.180047855, -0.0199221446, 0, 1, 5, 1, 
276.864716, 19, 0.1, 0.1, 0.020775583, 0.365371161, -0.0349693649, 0.881528583, -0.472130657, -6.12307039e-006, 0.472130657, 0.881528583, -2.23416161e-005, 1.59458235e-005, 1.6803884e-005, 1, 0.881528584, -0.472130655, -6.23840664e-006, 0.472130655, 0.881528584, -1.9326568e-005, 1.4623999e-005, 1.40915791e-005, 1, 0, 0, 0, 0, 0, 0, 0, 0.256208179, -0.189912061, -0.173038745, -0.0809605268, 0.535622099, -0.840470109, -0.910400391, 0.303466797, 0.28112793, 0.405721647, 0.787972034, 0.463231444, 0, -0, 0, 0, 0, 0, 0, 0.314045508, -0.14251416, -0.151331641, 0.0532164326, 0.209218471, -0.976361891, -0.169433594, -0.961669922, -0.215332031, -0.983958455, 0.176891047, -0.0157179313, 0, 1, 5, 1, 
276.865409, 19, 0.1, 0.1, 0.0207755817, 0.365371158, -0.0349694633, 0.881528574, -0.472130674, 1.00618437e-005, 0.472130674, 0.881528574, 2.71858571e-005, -2.17050798e-005, -1.92146048e-005, 1, 0.881528576, -0.472130671, 9.41057391e-006, 0.47213067, 0.881528576, 2.41176124e-005, -1.96823543e-005, -1.6817344e-005, 1, 0, 0, 0, 0, 0, 0, 0, 0.256208179, -0.189912061, -0.173038745, -0.0809605268, 0.535622099, -0.840470109, -0.910400391, 0.303466797, 0.28112793, 0.405721647, 0.787972034, 0.463231444, 0, -0, 0, 0, 0, 0, 0, 0.314045508, -0.14251416, -0.151331641, 0.0532164326, 0.209218471, -0.976361891, -0.169433594, -0.961669922, -0.215332031, -0.983958455, 0.176891047, -0.0157179313, 0, 1, 5, 1, 
276.866108, 19, 0.1, 0.1, 0.0207755824, 0.365371159, -0.0349696221, 0.88152856, -0.4721307, -8.77127342e-006, 0.4721307, 0.88152856, -2.15831301e-005, 1.79221864e-005, 1.48849582e-005, 1, 0.881528562, -0.472130696, -7.29399175e-006, 0.472130696, 0.881528562, -1.85764151e-005, 1.52003578e-005, 1.29319231e-005, 1, 0, 0, 0, 0, 0, 0, 0, 0.256208179, -0.189912061, -0.173038745, -0.0809605268, 0.535622099, -0.840470109, -0.910400391, 0.303466797, 0.28112793, 0.405721647, 0.787972034, 0.463231444, 0, -0, 0, 0, 0, 0, 0, 0.314045508, -0.14251416, -0.151331641, 0.0532164326, 0.209218471, -0.976361891, -0.169433594, -0.961669922, -0.215332031, -0.983958455, 0.176891047, -0.0157179313, 0, 1, 5, 1, 
276.866806, 19, 0.1, 0.1, 0.0207755824, 0.365371156, -0.0349697008, 0.88152855, -0.472130719, 6.76323131e-006, 0.472130719, 0.881528549, 2.63605548e-005, -1.84076092e-005, -2.00444524e-005, 1, 0.881528551, -0.472130717, 5.33153612e-006, 0.472130716, 0.881528551, 2.38339892e-005, -1.59526597e-005, -1.849316e-005, 1, 0, 0, 0, 0, 0, 0, 0, 0.256208179, -0.189912061, -0.173038745, -0.0809605268, 0.535622099, -0.840470109, -0.910400391, 0.303466797, 0.28112793, 0.405721647, 0.787972034, 0.463231444, 0, -0, 0, 0, 0, 0, 0, 0.314045508, -0.14251416, -0.151331641, 0.0532164326, 0.209218471, -0.976361891, -0.169433594, -0.961669922, -0.215332031, -0.983958455, 0.176891047, -0.0157179313, 0, 1, 5, 1, 
276.867503, 19, 0.1, 0.1, 0.0207755824, 0.365371158, -0.0349697265, 0.881528549, -0.47213072, -4.25509525e-006, 0.47213072, 0.881528549, -2.51548514e-005, 1.5627366e-005, 2.01657585e-005, 1, 0.88152855, -0.47213072, -3.72154571e-006, 0.472130719, 0.881528549, -2.18282431e-005, 1.35864329e-005, 1.74851634e-005, 1, 0, 0, 0, 0, 0, 0, 0, 0.256208179, -0.189912061, -0.173038745, -0.0809605268, 0.535622099, -0.840470109, -0.910400391, 0.303466797, 0.28112793, 0.405721647, 0.787972034, 0.463231444, 0, -0, 0, 0, 0, 0, 0, 0.314045508, -0.14251416, -0.151331641, 0.0532164326, 0.209218471, -0.976361891, -0.169433594, -0.961669922, -0.215332031, -0.983958455, 0.176891047, -0.0157179313, 0, 1, 5, 1, 
276.868196, 19, 0.1, 0.1, 0.0207755812, 0.365371156, -0.0349697371, 0.881528548, -0.472130722, 8.59311132e-006, 0.472130722, 0.881528548, 2.31732937e-005, -1.85158968e-005, -1.63708481e-005, 1, 0.881528549, -0.472130721, 8.49130561e-006, 0.47213072, 0.881528549, 2.02676184e-005, -1.70542936e-005, -1.3857478e-005, 1, 0, 0, 0, 0, 0, 0, 0, 0.256208179, -0.189912061, -0.173038745, -0.0809605268, 0.535622099, -0.840470109, -0.910400391, 0.303466797, 0.28112793, 0.405721647, 0.787972034, 0.463231444, 0, -0, 0, 0, 0, 0, 0, 0.314045508, -0.14251416, -0.151331641, 0.0532164326, 0.209218471, -0.976361891, -0.169433594, -0.961669922, -0.215332031, -0.983958455, 0.176891047, -0.0157179313, 0, 1, 5, 1, 
276.868915, 19, 0.1, 0.1, 0.0207755828, 0.365371159, -0.034969645, 0.881528538, -0.472130741, -1.12856567e-005, 0.472130741, 0.881528538, -2.60924848e-005, 2.22676927e-005, 1.76729645e-005, 1, 0.88152854, -0.472130738, -9.81698973e-006, 0.472130738, 0.88152854, -2.29987647e-005, 1.95123803e-005, 1.56391648e-005, 1, 0, 0, 0, 0, 0, 0, 0, 0.256068652, -0.189683423, -0.173987231, -0.0836201234, 0.540190557, -0.837409497, -0.910644531, 0.299682617, 0.284179688, 0.40453619, 0.786383317, 0.466948817, 0, -0, 0, 0, 0, 0, 0, 0.314045508, -0.14251416, -0.151331641, 0.0492229396, 0.211684416, -0.976041796, -0.167724609, -0.961547852, -0.217041016, -0.984500931, 0.174449889, -0.0117565212, 0, 1, 5, 1, 
276.869608, 19, 0.1, 0.1, 0.0207755834, 0.365371158, -0.0349693572, 0.88152853, -0.472130756, 5.53020025e-006, 0.472130756, 0.88152853, 2.28870415e-005, -1.56807055e-005, -1.75646024e-005, 1, 0.881528531, -0.472130754, 3.8894464e-006, 0.472130754, 0.881528531, 2.01328924e-005, -1.29340157e-005, -1.59113918e-005, 1, 0, 0, 0, 0, 0, 0, 0, 0.256068652, -0.189683423, -0.173987231, -0.0836201234, 0.540190557, -0.837409497, -0.910644531, 0.299682617, 0.284179688, 0.40453619, 0.786383317, 0.466948817, 0, -0, 0, 0, 0, 0, 0, 0.313546631, -0.142625586, -0.151896875, 0.0492229396, 0.211684416, -0.976041796, -0.167724609, -0.961547852, -0.217041016, -0.984500931, 0.174449889, -0.0117565212, 0, 1, 5, 1, 
276.870305, 19, 0.1, 0.1, 0.0207755837, 0.36537116, -0.0349691578, 0.881528532, -0.472130752, -4.92584495e-006, 0.472130752, 0.881528532, -2.77894551e-005, 1.74625292e-005, 2.21715547e-005, 1, 0.881528532, -0.472130753, -4.5228844e-006, 0.472130752, 0.881528532, -2.49065026e-005, 1.57461775e-005, 1.98203999e-005, 1, 0, 0, 0, 0, 0, 0, 0, 0.256068652, -0.189683423, -0.173987231, -0.0836201234, 0.540190557, -0.837409497, -0.910644531, 0.299682617, 0.284179688, 0.40453619, 0.786383317, 0.466948817, 0, -0, 0, 0, 0, 0, 0, 0.313546631, -0.142625586, -0.151896875, 0.0492229396, 0.211684416, -0.976041796, -0.167724609, -0.961547852, -0.217041016, -0.984500931, 0.174449889, -0.0117565212, 0, 1, 5, 1, 
276.870998, 19, 0.1, 0.1, 0.0207755825, 0.365371159, -0.0349691441, 0.881528534, -0.472130749, 8.61364327e-006, 0.472130749, 0.881528534, 2.38098955e-005, -1.88345561e-005, -1.69223364e-005, 1, 0.881528534, -0.472130749, 8.40528726e-006, 0.472130748, 0.881528534, 2.03375792e-005, -1.7011497e-005, -1.39597618e-005, 1, 0, 0, 0, 0, 0, 0, 0, 0.256068652, -0.189683423, -0.173987231, -0.0836201234, 0.540190557, -0.837409497, -0.910644531, 0.299682617, 0.284179688, 0.40453619, 0.786383317, 0.466948817, 0, -0, 0, 0, 0, 0, 0, 0.313546631, -0.142625586, -0.151896875, 0.0492229396, 0.211684416, -0.976041796, -0.167724609, -0.961547852, -0.217041016, -0.984500931, 0.174449889, -0.0117565212, 0, 1, 5, 1, 
276.871718, 19, 0.1, 0.1, 0.0207755842, 0.365371162, -0.0349690691, 0.881528524, -0.472130766, -1.16963654e-005, 0.472130766, 0.881528524, -2.58046978e-005, 2.24938715e-005, 1.72253633e-005, 1, 0.881528526, -0.472130763, -1.0450889e-005, 0.472130763, 0.881528526, -2.33385364e-005, 2.02315978e-005, 1.56393994e-005, 1, 0, 0, 0, 0, 0, 0, 0, 0.256185815, -0.18959126, -0.173683545, -0.0855001492, 0.541973981, -0.835961566, -0.911865234, 0.295410156, 0.284790039, 0.401249791, 0.786718811, 0.469067734, 0, -0, 0, 0, 0, 0, 0, 0.313137354, -0.142413574, -0.151404736, 0.0465776241, 0.212501778, -0.97601591, -0.165161133, -0.961914063, -0.217407227, -0.98502445, 0.171344487, -0.00966717441, 0, 1, 5, 1, 
276.872414, 19, 0.1, 0.1, 0.0207755847, 0.365371159, -0.0349690704, 0.881528517, -0.47213078, 5.96827628e-006, 0.47213078, 0.881528517, 2.58178772e-005, -1.74506202e-005, -1.99413881e-005, 1, 0.881528518, -0.472130778, 4.14262874e-006, 0.472130778, 0.881528518, 2.265812e-005, -1.43494412e-005, -1.80179164e-005, 1, 0, 0, 0, 0, 0, 0, 0, 0.256185815, -0.18959126, -0.173683545, -0.0855001492, 0.541973981, -0.835961566, -0.911865234, 0.295410156, 0.284790039, 0.401249791, 0.786718811, 0.469067734, 0, -0, 0, 0, 0, 0, 0, 0.313137354, -0.142413574, -0.151404736, 0.0465776241, 0.212501778, -0.97601591, -0.165161133, -0.961914063, -0.217407227, -0.98502445, 0.171344487, -0.00966717441, 0, 1, 5, 1, 
276.873108, 19, 0.1, 0.1, 0.0207755848, 0.365371161, -0.034969235, 0.881528521, -0.472130773, -3.6771881e-006, 0.472130773, 0.881528521, -2.4077888e-005, 1.46094581e-005, 1.94892314e-005, 1, 0.88152852, -0.472130774, -3.43245813e-006, 0.472130774, 0.88152852, -2.11511771e-005, 1.30119314e-005, 1.70247967e-005, 1, 0, 0, 0, 0, 0, 0, 0, 0.256185815, -0.18959126, -0.173683545, -0.0855001492, 0.541973981, -0.835961566, -0.911865234, 0.295410156, 0.284790039, 0.401249791, 0.786718811, 0.469067734, 0, -0, 0, 0, 0, 0, 0, 0.313137354, -0.142413574, -0.151404736, 0.0465776241, 0.212501778, -0.97601591, -0.165161133, -0.961914063, -0.217407227, -0.98502445, 0.171344487, -0.00966717441, 0, 1, 5, 1, 
276.873806, 19, 0.1, 0.1, 0.0207755829, 0.365371158, -0.0349694989, 0.881528521, -0.472130772, 1.07470345e-005, 0.472130771, 0.881528521, 2.699716e-005, -2.22200074e-005, -1.87247608e-005, 1, 0.881528522, -0.472130771, 1.04854905e-005, 0.472130771, 0.881528522, 2.37693379e-005, -2.04654948e-005, -1.60028266e-005, 1, 0, 0, 0, 0, 0, 0, 0, 0.256185815, -0.18959126, -0.173683545, -0.0855001492, 0.541973981, -0.835961566, -0.911865234, 0.295410156, 0.284790039, 0.401249791, 0.786718811, 0.469067734, 0, -0, 0, 0, 0, 0, 0, 0.313137354, -0.142413574, -0.151404736, 0.0465776241, 0.212501778, -0.97601591, -0.165161133, -0.961914063, -0.217407227, -0.98502445, 0.171344487, -0.00966717441, 0, 1, 5, 1, 
276.874498, 19, 0.1, 0.1, 0.0207755836, 0.365371159, -0.0349697937, 0.881528513, -0.472130788, -9.64593798e-006, 0.472130787, 0.881528513, -2.05047901e-005, 1.81841121e-005, 1.35214129e-005, 1, 0.881528514, -0.472130785, -7.89061724e-006, 0.472130785, 0.881528514, -1.76940145e-005, 1.5309693e-005, 1.1872375e-005, 1, 0, 0, 0, 0, 0, 0, 0, 0.256185815, -0.18959126, -0.173683545, -0.0855001492, 0.541973981, -0.835961566, -0.911865234, 0.295410156, 0.284790039, 0.401249791, 0.786718811, 0.469067734, 0, -0, 0, 0, 0, 0, 0, 0.313137354, -0.142413574, -0.151404736, 0.0465776241, 0.212501778, -0.97601591, -0.165161133, -0.961914063, -0.217407227, -0.98502445, 0.171344487, -0.00966717441, 0, 1, 5, 1, 
276.875192, 19, 0.1, 0.1, 0.0207755842, 0.365371156, -0.0349700616, 0.88152851, -0.472130793, 4.44570708e-006, 0.472130793, 0.88152851, 2.71367822e-005, -1.6731128e-005, -2.1822892e-005, 1, 0.88152851, -0.472130793, 3.20372523e-006, 0.472130792, 0.88152851, 2.45927206e-005, -1.44351558e-005, -2.0166607e-005, 1, 0, 0, 0, 0, 0, 0, 0, 0.256185815, -0.18959126, -0.173683545, -0.0855001492, 0.541973981, -0.835961566, -0.911865234, 0.295410156, 0.284790039, 0.401249791, 0.786718811, 0.469067734, 0, -0, 0, 0, 0, 0, 0, 0.313137354, -0.142413574, -0.151404736, 0.0465776241, 0.212501778, -0.97601591, -0.165161133, -0.961914063, -0.217407227, -0.98502445, 0.171344487, -0.00966717441, 0, 1, 5, 1, 
