time, trialNum, realDorsalTactorPos, realVentralTactorPos, boxPosX, boxPosY, boxPosZ, boxLocalRot_11, boxLocalRot_12, boxLocalRot_13, boxLocalRot_21, boxLocalRot_22, boxLocalRot_23, boxLocalRot_31, boxLocalRot_32, boxLocalRot_33, boxGlobalRot_11, boxGlobalRot_12, boxGlobalRot_13, boxGlobalRot_21, boxGlobalRot_22, boxGlobalRot_23, boxGlobalRot_31, boxGlobalRot_32, boxGlobalRot_33, indexForceX, indexForceY, indexForceZ, indexForceGlobalX, indexForceGlobalY, indexForceGlobalZ, indexContact, indexPosX, indexPosY, indexPosZ, indexRot_11, indexRot_12, indexRot_13, indexRot_21, indexRot_22, indexRot_23, indexRot_31, indexRot_32, indexRot_33, thumbForceX, thumbForceY, thumbForceZ, thumbForceGlobalX, thumbForceGlobalY, thumbForceGlobalZ, thumbContact, thumbPosX, thumbPosY, thumbPosZ, thumbRot_11, thumbRot_12, thumbRot_13, thumbRot_21, thumbRot_22, thumbRot_23, thumbRot_31, thumbRot_32, thumbRot_33, manipForceTooHigh, cceExpType, mapping, trialSuccess, 
259.532467, 16, 0.1, 0.1, 0.00699156214, 0.349180511, -0.0349734546, 0.870960647, -9.22909492e-006, -0.491352777, 0.491352777, 7.66867713e-006, 0.870960647, -4.27015268e-006, -1, 1.12138574e-005, 0.870960661, -7.60636995e-006, -0.491352752, 0.491352752, 9.33041054e-006, 0.870960661, -2.0403261e-006, -1, 1.18638313e-005, 0, 0, 0, 0, 0, 0, 0, 0.257328613, -0.160119702, -0.17348125, -0.457768479, 0.662322375, -0.592961376, -0.816040039, -0.0483398438, 0.575927734, 0.352809911, 0.747512012, 0.562823654, 0, -0, 0, 0, 0, 0, 0, 0.337562256, -0.116419189, -0.156327783, -0.01030722, 0.352296618, -0.935729832, -0.186889648, -0.919921875, -0.344360352, -0.982165813, 0.171431134, 0.0753317661, 0, 1, 5, 1, 
259.563113, 16, 0.1, 0.1, 0.00699157342, 0.349180516, -0.0349706555, 0.870959823, -2.63762028e-006, -0.491354238, 0.491354238, 1.62740138e-005, 0.870959823, 5.69904437e-006, -1, 1.54700181e-005, 0.870959841, 5.96702294e-006, -0.491354206, 0.491354206, 1.24378362e-005, 0.870959841, 1.13084205e-005, -1, 7.90093405e-006, 0, 0, 0, 0, 0, 0, 0, 0.260965991, -0.162171143, -0.171960181, -0.464469697, 0.656891971, -0.593924793, -0.817626953, -0.060546875, 0.572509766, 0.340152575, 0.751461902, 0.565324492, 0, -0, 0, 0, 0, 0, 0, 0.340403613, -0.117880225, -0.154125391, -0.0104034686, 0.354671411, -0.934772112, -0.172973633, -0.921386719, -0.34777832, -0.984753526, 0.158179037, 0.0708909463, 0, 1, 5, 1, 
259.563804, 16, 0.1, 0.1, 0.00699157182, 0.349180516, -0.0349680466, 0.870959665, 1.69486901e-005, -0.491354518, 0.491354518, -1.19544825e-005, 0.870959665, 8.8877365e-006, -1, -1.87396875e-005, 0.870959706, 2.95539752e-006, -0.491354444, 0.491354444, -1.06559411e-005, 0.870959706, -2.66181185e-006, -1, -1.0733043e-005, 0, 0, 0, 0, 0, 0, 0, 0.260965991, -0.162171143, -0.171960181, -0.464469697, 0.656891971, -0.593924793, -0.817626953, -0.060546875, 0.572509766, 0.340152575, 0.751461902, 0.565324492, 0, -0, 0, 0, 0, 0, 0, 0.340403613, -0.117880225, -0.154125391, -0.0104034686, 0.354671411, -0.934772112, -0.172973633, -0.921386719, -0.34777832, -0.984753526, 0.158179037, 0.0708909463, 0, 1, 5, 1, 
259.564501, 16, 0.1, 0.1, 0.0069915735, 0.349180516, -0.0349660674, 0.870959441, -1.75270842e-005, -0.491354914, 0.491354914, 1.23213848e-005, 0.870959441, -9.21120646e-006, -1, 1.93434453e-005, 0.870959484, -8.02675625e-006, -0.491354838, 0.491354838, 7.10786824e-006, 0.870959484, -3.49849404e-006, -1, 1.01346508e-005, 0, 0, 0, 0, 0, 0, 0, 0.260965991, -0.162171143, -0.171960181, -0.464469697, 0.656891971, -0.593924793, -0.817626953, -0.060546875, 0.572509766, 0.340152575, 0.751461902, 0.565324492, 0, -0, 0, 0, 0, 0, 0, 0.340403613, -0.117880225, -0.154125391, -0.0104034686, 0.354671411, -0.934772112, -0.172973633, -0.921386719, -0.34777832, -0.984753526, 0.158179037, 0.0708909463, 0, 1, 5, 1, 
259.565197, 16, 0.1, 0.1, 0.00699157404, 0.349180518, -0.0349653151, 0.870959279, 2.03576422e-005, -0.491355201, 0.491355202, -8.99110066e-006, 0.870959279, 1.33128533e-005, -1, -1.78337159e-005, 0.870959299, 1.70278647e-005, -0.491355166, 0.491355167, -3.36934145e-007, 0.870959299, 1.46650228e-005, -1, -8.66018523e-006, 0, 0, 0, 0, 0, 0, 0, 0.260965991, -0.162171143, -0.171960181, -0.464469697, 0.656891971, -0.593924793, -0.817626953, -0.060546875, 0.572509766, 0.340152575, 0.751461902, 0.565324492, 0, -0, 0, 0, 0, 0, 0, 0.340403613, -0.117880225, -0.154125391, -0.0104034686, 0.354671411, -0.934772112, -0.172973633, -0.921386719, -0.34777832, -0.984753526, 0.158179037, 0.0708909463, 0, 1, 5, 1, 
259.565892, 16, 0.1, 0.1, 0.00699157205, 0.349180517, -0.0349658917, 0.870959272, -1.54254632e-005, -0.491355215, 0.491355215, 1.37117928e-005, 0.870959272, -6.69758928e-006, -1, 1.95217949e-005, 0.870959258, -1.6480322e-005, -0.491355238, 0.491355238, 2.46491464e-006, 0.870959258, -1.31425403e-005, -1, 1.02445328e-005, 0, 0, 0, 0, 0, 0, 0, 0.260965991, -0.162171143, -0.171960181, -0.464469697, 0.656891971, -0.593924793, -0.817626953, -0.060546875, 0.572509766, 0.340152575, 0.751461902, 0.565324492, 0, -0, 0, 0, 0, 0, 0, 0.340403613, -0.117880225, -0.154125391, -0.0104034686, 0.354671411, -0.934772112, -0.172973633, -0.921386719, -0.34777832, -0.984753526, 0.158179037, 0.0708909463, 0, 1, 5, 1, 
259.566586, 16, 0.1, 0.1, 0.00699157228, 0.349180519, -0.0349675405, 0.870959416, 1.1822011e-006, -0.491354959, 0.491354959, -1.69310428e-005, 0.870959416, -7.28950265e-006, -1, -1.53271315e-005, 0.870959375, 7.14720365e-006, -0.491355031, 0.491355031, -3.56697587e-006, 0.870959375, 4.47227249e-006, -1, -6.61850555e-006, 0, 0, 0, 0, 0, 0, 0, 0.260965991, -0.162171143, -0.171960181, -0.464469697, 0.656891971, -0.593924793, -0.817626953, -0.060546875, 0.572509766, 0.340152575, 0.751461902, 0.565324492, 0, -0, 0, 0, 0, 0, 0, 0.340403613, -0.117880225, -0.154125391, -0.0104034686, 0.354671411, -0.934772112, -0.172973633, -0.921386719, -0.34777832, -0.984753526, 0.158179037, 0.0708909463, 0, 1, 5, 1, 
259.56729, 16, 0.1, 0.1, 0.00699157094, 0.349180518, -0.0349696284, 0.870959629, -1.27255945e-006, -0.491354581, 0.491354581, 1.91643522e-005, 0.870959629, 8.30814435e-006, -1, 1.7316655e-005, 0.870959589, -1.80735824e-006, -0.491354652, 0.491354652, 9.56054043e-006, 0.870959589, 3.12348003e-006, -1, 9.21489824e-006, 0, 0, 0, 0, 0, 0, 0, 0.260752881, -0.162611523, -0.171954077, -0.464291842, 0.657012538, -0.593804226, -0.817504883, -0.0603027344, 0.572631836, 0.340495182, 0.751442806, 0.565305396, 0, -0, 0, 0, 0, 0, 0, 0.340343799, -0.117894141, -0.154111963, -0.0112405199, 0.35495869, -0.93468899, -0.171630859, -0.921508789, -0.347900391, -0.984964246, 0.156613576, 0.0712679109, 0, 1, 5, 1, 
259.56798, 16, 0.1, 0.1, 0.00699156876, 0.349180519, -0.0349715871, 0.870959785, -2.50859213e-006, -0.491354305, 0.491354305, -1.71968841e-005, 0.870959785, -1.06346459e-005, -1, -1.3745187e-005, 0.870959765, -7.09636429e-006, -0.491354341, 0.491354341, -1.0671931e-005, 0.870959765, -1.14243474e-005, -1, -5.80799309e-006, 0, 0, 0, 0, 0, 0, 0, 0.260752881, -0.162611523, -0.171954077, -0.464291842, 0.657012538, -0.593804226, -0.817504883, -0.0603027344, 0.572631836, 0.340495182, 0.751442806, 0.565305396, 0, -0, 0, 0, 0, 0, 0, 0.340343799, -0.117894141, -0.154111963, -0.0112405199, 0.35495869, -0.93468899, -0.171630859, -0.921508789, -0.347900391, -0.984964246, 0.156613576, 0.0712679109, 0, 1, 5, 1, 
259.568671, 16, 0.1, 0.1, 0.00699157049, 0.349180519, -0.0349729184, 0.870959814, -2.46676143e-006, -0.491354253, 0.491354253, 1.37259964e-005, 0.870959814, 4.59587661e-006, -1, 1.3166845e-005, 0.87095982, 5.38943413e-006, -0.491354243, 0.491354243, 1.02699193e-005, 0.87095982, 9.74014901e-006, -1, 6.29656576e-006, 0, 0, 0, 0, 0, 0, 0, 0.260752881, -0.162611523, -0.171954077, -0.464291842, 0.657012538, -0.593804226, -0.817504883, -0.0603027344, 0.572631836, 0.340495182, 0.751442806, 0.565305396, 0, -0, 0, 0, 0, 0, 0, 0.340343799, -0.117894141, -0.154111963, -0.0112405199, 0.35495869, -0.93468899, -0.171630859, -0.921508789, -0.347900391, -0.984964246, 0.156613576, 0.0712679109, 0, 1, 5, 1, 
259.569372, 16, 0.1, 0.1, 0.00699156856, 0.349180518, -0.034973187, 0.87095972, 1.25154068e-005, -0.49135442, 0.49135442, -1.16675495e-005, 0.87095972, 5.16751322e-006, -1, -1.63114661e-005, 0.870959748, 8.98917667e-007, -0.491354371, 0.491354371, -1.03286772e-005, 0.870959748, -4.29211958e-006, -1, -9.43754921e-006, 0, 0, 0, 0, 0, 0, 0, 0.260752881, -0.162611523, -0.171954077, -0.464291842, 0.657012538, -0.593804226, -0.817504883, -0.0603027344, 0.572631836, 0.340495182, 0.751442806, 0.565305396, 0, -0, 0, 0, 0, 0, 0, 0.340343799, -0.117894141, -0.154111963, -0.0112405199, 0.35495869, -0.93468899, -0.171630859, -0.921508789, -0.347900391, -0.984964246, 0.156613576, 0.0712679109, 0, 1, 5, 1, 
259.570104, 16, 0.1, 0.1, 0.00699156901, 0.349180518, -0.0349721071, 0.870959559, -1.7946835e-005, -0.491354705, 0.491354706, 9.05652536e-006, 0.870959559, -1.11810012e-005, -1, 1.67061292e-005, 0.870959589, -1.03809059e-005, -0.491354652, 0.491354652, 4.76518996e-006, 0.870959589, -6.69995127e-006, -1, 9.2509943e-006, 0, 0, 0, 0, 0, 0, 0, 0.260564917, -0.162875537, -0.171588159, -0.463587533, 0.656162575, -0.595321428, -0.817993164, -0.0589599609, 0.572021484, 0.340260038, 0.752318979, 0.564309777, 0, -0, 0, 0, 0, 0, 0, 0.340160352, -0.118421924, -0.153942187, -0.0106207521, 0.353731914, -0.935206679, -0.171264648, -0.92199707, -0.346801758, -0.985021849, 0.156607379, 0.0703543006, 0, 1, 5, 1, 
259.570795, 16, 0.1, 0.1, 0.00699156868, 0.34918052, -0.0349702467, 0.870959453, 1.56691877e-005, -0.491354892, 0.491354893, -9.23131997e-006, 0.870959453, 9.11137288e-006, -1, -1.57392374e-005, 0.870959464, 1.24482744e-005, -0.491354873, 0.491354873, -1.82489434e-006, 0.870959464, 9.9452717e-006, -1, -7.7059293e-006, 0, 0, 0, 0, 0, 0, 0, 0.260564917, -0.162875537, -0.171588159, -0.463587533, 0.656162575, -0.595321428, -0.817993164, -0.0589599609, 0.572021484, 0.340260038, 0.752318979, 0.564309777, 0, -0, 0, 0, 0, 0, 0, 0.340160352, -0.118421924, -0.153942187, -0.0106207521, 0.353731914, -0.935206679, -0.171264648, -0.92199707, -0.346801758, -0.985021849, 0.156607379, 0.0703543006, 0, 1, 5, 1, 
259.571489, 16, 0.1, 0.1, 0.00699156663, 0.349180518, -0.034968365, 0.870959475, -1.33918309e-005, -0.491354854, 0.491354854, 1.22084056e-005, 0.870959475, -5.66508267e-006, -1, 1.72131676e-005, 0.870959458, -1.51498864e-005, -0.491354884, 0.491354885, 1.93102037e-006, 0.870959458, -1.22461205e-005, -1, 9.12581112e-006, 0, 0, 0, 0, 0, 0, 0, 0.260564917, -0.162875537, -0.171588159, -0.463587533, 0.656162575, -0.595321428, -0.817993164, -0.0589599609, 0.572021484, 0.340260038, 0.752318979, 0.564309777, 0, -0, 0, 0, 0, 0, 0, 0.340160352, -0.118421924, -0.153942187, -0.0106207521, 0.353731914, -0.935206679, -0.171264648, -0.92199707, -0.346801758, -0.985021849, 0.156607379, 0.0703543006, 0, 1, 5, 1, 
259.572184, 16, 0.1, 0.1, 0.00699156787, 0.34918052, -0.0349670126, 0.870959637, 4.2969795e-006, -0.491354567, 0.491354567, -1.97176346e-005, 0.870959637, -5.94585408e-006, -1, -1.92846043e-005, 0.870959593, 1.01748071e-005, -0.491354645, 0.491354645, -6.50763113e-006, 0.870959593, 5.66429108e-006, -1, -1.06673225e-005, 0, 0, 0, 0, 0, 0, 0, 0.260564917, -0.162875537, -0.171588159, -0.463587533, 0.656162575, -0.595321428, -0.817993164, -0.0589599609, 0.572021484, 0.340260038, 0.752318979, 0.564309777, 0, -0, 0, 0, 0, 0, 0, 0.340160352, -0.118421924, -0.153942187, -0.0106207521, 0.353731914, -0.935206679, -0.171264648, -0.92199707, -0.346801758, -0.985021849, 0.156607379, 0.0703543006, 0, 1, 5, 1, 
259.572879, 16, 0.1, 0.1, 0.00699156782, 0.349180518, -0.0349665422, 0.870959864, 2.44345614e-006, -0.491354165, 0.491354165, 2.20106547e-005, 0.870959864, 1.29431791e-005, -1, 1.79697945e-005, 0.87095982, 1.99016232e-006, -0.491354242, 0.491354242, 1.11650382e-005, 0.87095982, 7.21934029e-006, -1, 8.74642494e-006, 0, 0, 0, 0, 0, 0, 0, 0.260564917, -0.162875537, -0.171588159, -0.463587533, 0.656162575, -0.595321428, -0.817993164, -0.0589599609, 0.572021484, 0.340260038, 0.752318979, 0.564309777, 0, -0, 0, 0, 0, 0, 0, 0.340160352, -0.118421924, -0.153942187, -0.0106207521, 0.353731914, -0.935206679, -0.171264648, -0.92199707, -0.346801758, -0.985021849, 0.156607379, 0.0703543006, 0, 1, 5, 1, 
259.573573, 16, 0.1, 0.1, 0.0069915666, 0.349180519, -0.0349670424, 0.870960029, 4.1590837e-007, -0.491353872, 0.491353872, -1.95379556e-005, 0.870960029, -9.23781059e-006, -1, -1.72211366e-005, 0.870960008, -4.8171197e-006, -0.49135391, 0.491353909, -1.2060576e-005, 0.870960008, -1.01215298e-005, -1, -8.13736874e-006, 0, 0, 0, 0, 0, 0, 0, 0.260564917, -0.162875537, -0.171588159, -0.463587533, 0.656162575, -0.595321428, -0.817993164, -0.0589599609, 0.572021484, 0.340260038, 0.752318979, 0.564309777, 0, -0, 0, 0, 0, 0, 0, 0.340160352, -0.118421924, -0.153942187, -0.0106207521, 0.353731914, -0.935206679, -0.171264648, -0.92199707, -0.346801758, -0.985021849, 0.156607379, 0.0703543006, 0, 1, 5, 1, 
259.574266, 16, 0.1, 0.1, 0.0069915696, 0.34918052, -0.0349682526, 0.87096005, -8.88739606e-007, -0.491353835, 0.491353835, 1.82854659e-005, 0.87096005, 8.21057708e-006, -1, 1.63625959e-005, 0.870960059, 8.42623189e-006, -0.491353819, 0.491353819, 1.41820181e-005, 0.870960059, 1.43073002e-005, -1, 8.21171008e-006, 0, 0, 0, 0, 0, 0, 0, 0.260564917, -0.162875537, -0.171588159, -0.463587533, 0.656162575, -0.595321428, -0.817993164, -0.0589599609, 0.572021484, 0.340260038, 0.752318979, 0.564309777, 0, -0, 0, 0, 0, 0, 0, 0.340160352, -0.118421924, -0.153942187, -0.0106207521, 0.353731914, -0.935206679, -0.171264648, -0.92199707, -0.346801758, -0.985021849, 0.156607379, 0.0703543006, 0, 1, 5, 1, 
259.574989, 16, 0.1, 0.1, 0.00699156787, 0.34918052, -0.0349697393, 0.87095992, 1.54850291e-005, -0.491354066, 0.491354066, -1.21327056e-005, 0.87095992, 7.52538548e-006, -1, -1.81757323e-005, 0.870959956, 2.43872543e-006, -0.491354002, 0.491354002, -1.04371216e-005, 0.870959956, -3.00428927e-006, -1, -1.02885925e-005, 0, 0, 0, 0, 0, 0, 0, 0.260578589, -0.162928516, -0.171218213, -0.463258032, 0.655071477, -0.596781341, -0.818725586, -0.0587158203, 0.571166992, 0.339219115, 0.753233343, 0.563675861, 0, -0, 0, 0, 0, 0, 0, 0.339950293, -0.118511768, -0.153760693, -0.0103524293, 0.352568938, -0.935628486, -0.170410156, -0.922607422, -0.345825195, -0.985239132, 0.155994174, 0.0696962533, 0, 1, 5, 1, 
259.575684, 16, 0.1, 0.1, 0.00699156956, 0.349180519, -0.0349708511, 0.870959731, -1.48974045e-005, -0.491354401, 0.491354401, 8.45542594e-006, 0.870959731, -8.82042868e-006, -1, 1.46842408e-005, 0.870959767, -6.39019963e-006, -0.491354337, 0.491354337, 3.75141144e-006, 0.870959767, -3.7223345e-006, -1, 6.40718074e-006, 0, 0, 0, 0, 0, 0, 0, 0.260578589, -0.162928516, -0.171218213, -0.463258032, 0.655071477, -0.596781341, -0.818725586, -0.0587158203, 0.571166992, 0.339219115, 0.753233343, 0.563675861, 0, -0, 0, 0, 0, 0, 0, 0.339950293, -0.118511768, -0.153760693, -0.0103524293, 0.352568938, -0.935628486, -0.170410156, -0.922607422, -0.345825195, -0.985239132, 0.155994174, 0.0696962533, 0, 1, 5, 1, 
259.57638, 16, 0.1, 0.1, 0.0069915695, 0.349180521, -0.0349715661, 0.870959594, 1.52033686e-005, -0.491354643, 0.491354643, -7.48741708e-006, 0.870959594, 9.56254258e-006, -1, -1.39914835e-005, 0.870959611, 1.24514804e-005, -0.491354613, 0.491354613, -6.1473752e-007, 0.870959611, 1.05426824e-005, -1, -6.6535039e-006, 0, 0, 0, 0, 0, 0, 0, 0.260578589, -0.162928516, -0.171218213, -0.463258032, 0.655071477, -0.596781341, -0.818725586, -0.0587158203, 0.571166992, 0.339219115, 0.753233343, 0.563675861, 0, -0, 0, 0, 0, 0, 0, 0.339950293, -0.118511768, -0.153760693, -0.0103524293, 0.352568938, -0.935628486, -0.170410156, -0.922607422, -0.345825195, -0.985239132, 0.155994174, 0.0696962533, 0, 1, 5, 1, 
259.577071, 16, 0.1, 0.1, 0.00699156748, 0.34918052, -0.0349717163, 0.870959583, -1.34556567e-005, -0.491354662, 0.491354663, 1.20466165e-005, 0.870959583, -5.80017197e-006, -1, 1.71036158e-005, 0.870959573, -1.45073798e-005, -0.49135468, 0.49135468, 2.79702287e-006, 0.870959573, -1.12610111e-005, -1, 9.56436281e-006, 0, 0, 0, 0, 0, 0, 0, 0.260578589, -0.162928516, -0.171218213, -0.463258032, 0.655071477, -0.596781341, -0.818725586, -0.0587158203, 0.571166992, 0.339219115, 0.753233343, 0.563675861, 0, -0, 0, 0, 0, 0, 0, 0.339950293, -0.118511768, -0.153760693, -0.0103524293, 0.352568938, -0.935628486, -0.170410156, -0.922607422, -0.345825195, -0.985239132, 0.155994174, 0.0696962533, 0, 1, 5, 1, 
259.57776, 16, 0.1, 0.1, 0.00699156756, 0.349180522, -0.0349713186, 0.870959699, 5.801189e-007, -0.491354458, 0.491354458, -1.49680074e-005, 0.870959699, -6.849337e-006, -1, -1.33215753e-005, 0.870959666, 5.81383884e-006, -0.491354516, 0.491354516, -3.54423611e-006, 0.870959666, 3.32214271e-006, -1, -5.94354267e-006, 0, 0, 0, 0, 0, 0, 0, 0.260578589, -0.162928516, -0.171218213, -0.463258032, 0.655071477, -0.596781341, -0.818725586, -0.0587158203, 0.571166992, 0.339219115, 0.753233343, 0.563675861, 0, -0, 0, 0, 0, 0, 0, 0.339950293, -0.118511768, -0.153760693, -0.0103524293, 0.352568938, -0.935628486, -0.170410156, -0.922607422, -0.345825195, -0.985239132, 0.155994174, 0.0696962533, 0, 1, 5, 1, 
259.578454, 16, 0.1, 0.1, 0.00699156639, 0.349180522, -0.0349705002, 0.870959873, -7.69012485e-007, -0.491354148, 0.491354148, 2.0569629e-005, 0.870959873, 9.43719353e-006, -1, 1.82931789e-005, 0.87095984, -1.38829821e-006, -0.491354208, 0.491354208, 1.14464369e-005, 0.87095984, 4.41510295e-006, -1, 1.0651533e-005, 0, 0, 0, 0, 0, 0, 0, 0.260578589, -0.162928516, -0.171218213, -0.463258032, 0.655071477, -0.596781341, -0.818725586, -0.0587158203, 0.571166992, 0.339219115, 0.753233343, 0.563675861, 0, -0, 0, 0, 0, 0, 0, 0.339950293, -0.118511768, -0.153760693, -0.0103524293, 0.352568938, -0.935628486, -0.170410156, -0.922607422, -0.345825195, -0.985239132, 0.155994174, 0.0696962533, 0, 1, 5, 1, 
259.57915, 16, 0.1, 0.1, 0.00699156453, 0.349180523, -0.0349695039, 0.870959999, -1.00609068e-006, -0.491353925, 0.491353925, -1.88584951e-005, 0.870959999, -1.01424603e-005, -1, -1.59306483e-005, 0.870959985, -6.15330373e-006, -0.49135395, 0.49135395, -1.19870063e-005, 0.870959985, -1.12491442e-005, -1, -7.41675271e-006, 0, 0, 0, 0, 0, 0, 0, 0.260578589, -0.162928516, -0.171218213, -0.463258032, 0.655071477, -0.596781341, -0.818725586, -0.0587158203, 0.571166992, 0.339219115, 0.753233343, 0.563675861, 0, -0, 0, 0, 0, 0, 0, 0.339950293, -0.118511768, -0.153760693, -0.0103524293, 0.352568938, -0.935628486, -0.170410156, -0.922607422, -0.345825195, -0.985239132, 0.155994174, 0.0696962533, 0, 1, 5, 1, 
259.579869, 16, 0.1, 0.1, 0.00699156689, 0.349180523, -0.0349684933, 0.870959987, -3.45591615e-006, -0.491353947, 0.491353947, 1.8307231e-005, 0.870959987, 5.98536551e-006, -1, 1.76429437e-005, 0.870960004, 6.81874139e-006, -0.491353916, 0.491353916, 1.4107934e-005, 0.870960004, 1.28708397e-005, -1, 8.93703099e-006, 0, 0, 0, 0, 0, 0, 0, 0.260653906, -0.163384521, -0.171064795, -0.461747943, 0.654868534, -0.598145775, -0.819702148, -0.0577392578, 0.569702148, 0.338609164, 0.75351267, 0.563644783, 0, -0, 0, 0, 0, 0, 0, 0.339950293, -0.118511768, -0.153760693, -0.00962401967, 0.352543418, -0.935673329, -0.170410156, -0.922485352, -0.345947266, -0.985162573, 0.156236978, 0.0689550839, 0, 1, 5, 1, 
259.580563, 16, 0.1, 0.1, 0.00699156483, 0.349180523, -0.0349677593, 0.870959833, 1.56404559e-005, -0.49135422, 0.49135422, -1.29679954e-005, 0.870959833, 7.25032955e-006, -1, -1.89796071e-005, 0.870959876, 1.1750653e-006, -0.491354144, 0.491354144, -1.10551536e-005, 0.870959876, -4.4085608e-006, -1, -1.02059684e-005, 0, 0, 0, 0, 0, 0, 0, 0.260653906, -0.163384521, -0.171064795, -0.461747943, 0.654868534, -0.598145775, -0.819702148, -0.0577392578, 0.569702148, 0.338609164, 0.75351267, 0.563644783, 0, -0, 0, 0, 0, 0, 0, 0.339776855, -0.11850835, -0.153779248, -0.00962401967, 0.352543418, -0.935673329, -0.170410156, -0.922485352, -0.345947266, -0.985162573, 0.156236978, 0.0689550839, 0, 1, 5, 1, 
259.581257, 16, 0.1, 0.1, 0.00699156643, 0.349180522, -0.0349676241, 0.870959615, -1.68070646e-005, -0.491354607, 0.491354607, 9.09030015e-006, 0.870959615, -1.01717137e-005, -1, 1.61755129e-005, 0.870959656, -7.82498495e-006, -0.491354533, 0.491354533, 4.10082194e-006, 0.870959656, -4.80028875e-006, -1, 7.41649229e-006, 0, 0, 0, 0, 0, 0, 0, 0.260653906, -0.163384521, -0.171064795, -0.461747943, 0.654868534, -0.598145775, -0.819702148, -0.0577392578, 0.569702148, 0.338609164, 0.75351267, 0.563644783, 0, -0, 0, 0, 0, 0, 0, 0.339776855, -0.11850835, -0.153779248, -0.00962401967, 0.352543418, -0.935673329, -0.170410156, -0.922485352, -0.345947266, -0.985162573, 0.156236978, 0.0689550839, 0, 1, 5, 1, 
259.581949, 16, 0.1, 0.1, 0.00699156672, 0.349180524, -0.0349681533, 0.870959456, 1.82178482e-005, -0.491354888, 0.491354888, -9.54891188e-006, 0.870959456, 1.11751026e-005, -1, -1.72681438e-005, 0.870959476, 1.49477258e-005, -0.491354852, 0.491354852, -1.69237562e-006, 0.870959476, 1.21873064e-005, -1, -8.81862817e-006, 0, 0, 0, 0, 0, 0, 0, 0.260653906, -0.163384521, -0.171064795, -0.461747943, 0.654868534, -0.598145775, -0.819702148, -0.0577392578, 0.569702148, 0.338609164, 0.75351267, 0.563644783, 0, -0, 0, 0, 0, 0, 0, 0.339776855, -0.11850835, -0.153779248, -0.00962401967, 0.352543418, -0.935673329, -0.170410156, -0.922485352, -0.345947266, -0.985162573, 0.156236978, 0.0689550839, 0, 1, 5, 1, 
259.582672, 16, 0.1, 0.1, 0.0069915645, 0.349180522, -0.0349688745, 0.870959439, -1.52845231e-005, -0.491354917, 0.491354917, 1.17906556e-005, 0.870959439, -7.51880307e-006, -1, 1.77793084e-005, 0.870959429, -1.6524033e-005, -0.491354936, 0.491354936, 1.43078696e-006, 0.870959429, -1.36887381e-005, -1, 9.36532259e-006, 0, 0, 0, 0, 0, 0, 0, 0.260997021, -0.164052905, -0.170934326, -0.459469145, 0.65488763, -0.599904112, -0.820678711, -0.0546875, 0.568725586, 0.339731341, 0.753633238, 0.562687356, 0, -0, 0, 0, 0, 0, 0, 0.339878174, -0.11919541, -0.153824414, -0.00817996031, 0.351572572, -0.936069617, -0.172241211, -0.922485352, -0.345092773, -0.984888054, 0.158467049, 0.0680542334, 0, 1, 5, 1, 
259.583365, 16, 0.1, 0.1, 0.00699156459, 0.349180524, -0.034969684, 0.870959567, 9.19034953e-007, -0.491354692, 0.491354692, -1.63884546e-005, 0.870959567, -7.25210176e-006, -1, -1.47252534e-005, 0.870959531, 6.27728612e-006, -0.491354756, 0.491354756, -4.25721851e-006, 0.870959531, 3.37545762e-006, -1, -6.79223943e-006, 0, 0, 0, 0, 0, 0, 0, 0.260997021, -0.164052905, -0.170934326, -0.459469145, 0.65488763, -0.599904112, -0.820678711, -0.0546875, 0.568725586, 0.339731341, 0.753633238, 0.562687356, 0, -0, 0, 0, 0, 0, 0, 0.339878174, -0.11919541, -0.153824414, -0.00817996031, 0.351572572, -0.936069617, -0.172241211, -0.922485352, -0.345092773, -0.984888054, 0.158467049, 0.0680542334, 0, 1, 5, 1, 
259.584063, 16, 0.1, 0.1, 0.0069915636, 0.349180523, -0.0349704367, 0.870959756, -1.08749096e-007, -0.491354356, 0.491354356, 2.02290932e-005, 0.870959756, 9.84493698e-006, -1, 1.76721604e-005, 0.87095972, -7.89829938e-007, -0.491354421, 0.491354421, 1.08387166e-005, 0.87095972, 4.63774124e-006, -1, 9.82817197e-006, 0, 0, 0, 0, 0, 0, 0, 0.260997021, -0.164052905, -0.170934326, -0.459469145, 0.65488763, -0.599904112, -0.820678711, -0.0546875, 0.568725586, 0.339731341, 0.753633238, 0.562687356, 0, -0, 0, 0, 0, 0, 0, 0.339878174, -0.11919541, -0.153824414, -0.00817996031, 0.351572572, -0.936069617, -0.172241211, -0.922485352, -0.345092773, -0.984888054, 0.158467049, 0.0680542334, 0, 1, 5, 1, 
259.584754, 16, 0.1, 0.1, 0.0069915621, 0.349180524, -0.0349709258, 0.870959894, -2.65616903e-007, -0.491354112, 0.491354112, -1.66842808e-005, 0.870959894, -8.42923163e-006, -1, -1.44008274e-005, 0.870959877, -5.13776112e-006, -0.491354143, 0.491354142, -1.00980753e-005, 0.870959877, -9.43651492e-006, -1, -6.27055821e-006, 0, 0, 0, 0, 0, 0, 0, 0.260997021, -0.164052905, -0.170934326, -0.459469145, 0.65488763, -0.599904112, -0.820678711, -0.0546875, 0.568725586, 0.339731341, 0.753633238, 0.562687356, 0, -0, 0, 0, 0, 0, 0, 0.339878174, -0.11919541, -0.153824414, -0.00817996031, 0.351572572, -0.936069617, -0.172241211, -0.922485352, -0.345092773, -0.984888054, 0.158467049, 0.0680542334, 0, 1, 5, 1, 
259.585448, 16, 0.1, 0.1, 0.00699156473, 0.349180525, -0.0349710347, 0.870959902, -8.57003054e-007, -0.491354097, 0.491354097, 1.65607293e-005, 0.870959902, 7.39076691e-006, -1, 1.48448232e-005, 0.870959913, 7.64395423e-006, -0.491354079, 0.491354078, 1.29894441e-005, 0.870959913, 1.3039994e-005, -1, 7.55739698e-006, 0, 0, 0, 0, 0, 0, 0, 0.260997021, -0.164052905, -0.170934326, -0.459469145, 0.65488763, -0.599904112, -0.820678711, -0.0546875, 0.568725586, 0.339731341, 0.753633238, 0.562687356, 0, -0, 0, 0, 0, 0, 0, 0.339878174, -0.11919541, -0.153824414, -0.00817996031, 0.351572572, -0.936069617, -0.172241211, -0.922485352, -0.345092773, -0.984888054, 0.158467049, 0.0680542334, 0, 1, 5, 1, 
259.586147, 16, 0.1, 0.1, 0.00699156352, 0.349180525, -0.0349707445, 0.87095978, 1.59596166e-005, -0.491354314, 0.491354314, -1.16775309e-005, 0.87095978, 8.16237901e-006, -1, -1.80124862e-005, 0.870959815, 3.1284327e-006, -0.491354252, 0.491354252, -1.00559693e-005, 0.870959815, -2.21630409e-006, -1, -1.02955139e-005, 0, 0, 0, 0, 0, 0, 0, 0.260997021, -0.164052905, -0.170934326, -0.459469145, 0.65488763, -0.599904112, -0.820678711, -0.0546875, 0.568725586, 0.339731341, 0.753633238, 0.562687356, 0, -0, 0, 0, 0, 0, 0, 0.339878174, -0.11919541, -0.153824414, -0.00817996031, 0.351572572, -0.936069617, -0.172241211, -0.922485352, -0.345092773, -0.984888054, 0.158467049, 0.0680542334, 0, 1, 5, 1, 
259.586837, 16, 0.1, 0.1, 0.00699156531, 0.349180524, -0.0349701721, 0.8709596, -1.4600064e-005, -0.491354633, 0.491354633, 8.8703546e-006, 0.8709596, -8.35757603e-006, -1, 1.48995296e-005, 0.870959634, -6.35150719e-006, -0.491354573, 0.491354573, 4.29304713e-006, 0.870959634, -3.42249804e-006, -1, 6.85991286e-006, 0, 0, 0, 0, 0, 0, 0, 0.260997021, -0.164052905, -0.170934326, -0.459469145, 0.65488763, -0.599904112, -0.820678711, -0.0546875, 0.568725586, 0.339731341, 0.753633238, 0.562687356, 0, -0, 0, 0, 0, 0, 0, 0.339878174, -0.11919541, -0.153824414, -0.00817996031, 0.351572572, -0.936069617, -0.172241211, -0.922485352, -0.345092773, -0.984888054, 0.158467049, 0.0680542334, 0, 1, 5, 1, 
259.587553, 16, 0.1, 0.1, 0.00699156619, 0.349180526, -0.0349693347, 0.870959468, 1.90625112e-005, -0.491354867, 0.491354867, -9.54666862e-006, 0.870959468, 1.19118725e-005, -1, -1.76812191e-005, 0.870959482, 1.64182767e-005, -0.491354842, 0.491354842, -2.2059911e-006, 0.870959482, 1.32157293e-005, -1, -9.98852859e-006, 0, 0, 0, 0, 0, 0, 0, 0.261268237, -0.164954053, -0.171204199, -0.45861806, 0.654703783, -0.600736101, -0.82043457, -0.0524902344, 0.569213867, 0.341203238, 0.754033132, 0.561336027, 0, -0, 0, 0, 0, 0, 0, 0.339906494, -0.119905908, -0.15407085, -0.00784127516, 0.350409962, -0.936446581, -0.173828125, -0.922729492, -0.34387207, -0.984606971, 0.160185994, 0.0681373556, 0, 1, 5, 1, 
259.588251, 16, 0.1, 0.1, 0.00699156445, 0.349180524, -0.0349685441, 0.870959477, -1.41436588e-005, -0.491354851, 0.491354851, 1.30238553e-005, 0.870959477, -5.91921913e-006, -1, 1.82928056e-005, 0.870959461, -1.51267752e-005, -0.491354878, 0.491354878, 2.51191849e-006, 0.870959461, -1.19405646e-005, -1, 9.62039398e-006, 0, 0, 0, 0, 0, 0, 0, 0.261268237, -0.164954053, -0.171204199, -0.45861806, 0.654703783, -0.600736101, -0.82043457, -0.0524902344, 0.569213867, 0.341203238, 0.754033132, 0.561336027, 0, -0, 0, 0, 0, 0, 0, 0.339906494, -0.119905908, -0.15407085, -0.00784127516, 0.350409962, -0.936446581, -0.173828125, -0.922729492, -0.34387207, -0.984606971, 0.160185994, 0.0681373556, 0, 1, 5, 1, 
259.588943, 16, 0.1, 0.1, 0.00699156473, 0.349180526, -0.0349681623, 0.870959625, 6.16667324e-007, -0.491354588, 0.491354588, -1.64805062e-005, 0.870959625, -7.56067998e-006, -1, -1.46568578e-005, 0.870959585, 6.66321167e-006, -0.49135466, 0.49135466, -3.72766768e-006, 0.870959585, 3.97178119e-006, -1, -6.520648e-006, 0, 0, 0, 0, 0, 0, 0, 0.261268237, -0.164954053, -0.171204199, -0.45861806, 0.654703783, -0.600736101, -0.82043457, -0.0524902344, 0.569213867, 0.341203238, 0.754033132, 0.561336027, 0, -0, 0, 0, 0, 0, 0, 0.339906494, -0.119905908, -0.15407085, -0.00784127516, 0.350409962, -0.936446581, -0.173828125, -0.922729492, -0.34387207, -0.984606971, 0.160185994, 0.0681373556, 0, 1, 5, 1, 
259.589638, 16, 0.1, 0.1, 0.00699156343, 0.349180526, -0.0349682496, 0.870959837, -6.86706534e-007, -0.491354214, 0.491354213, 2.19093955e-005, 0.870959836, 1.016718e-005, -1, 1.94196197e-005, 0.870959796, -1.59078896e-006, -0.491354285, 0.491354285, 1.19560369e-005, 0.870959796, 4.48913673e-006, -1, 1.11948684e-005, 0, 0, 0, 0, 0, 0, 0, 0.261268237, -0.164954053, -0.171204199, -0.45861806, 0.654703783, -0.600736101, -0.82043457, -0.0524902344, 0.569213867, 0.341203238, 0.754033132, 0.561336027, 0, -0, 0, 0, 0, 0, 0, 0.339906494, -0.119905908, -0.15407085, -0.00784127516, 0.350409962, -0.936446581, -0.173828125, -0.922729492, -0.34387207, -0.984606971, 0.160185994, 0.0681373556, 0, 1, 5, 1, 
259.590334, 16, 0.1, 0.1, 0.00699156177, 0.349180527, -0.0349687624, 0.870959994, -1.50795727e-007, -0.491353934, 0.491353934, -1.86092676e-005, 0.870959994, -9.27507388e-006, -1, -1.61338335e-005, 0.870959975, -5.51819569e-006, -0.491353969, 0.491353969, -1.14255187e-005, 0.870959974, -1.04201015e-005, -1, -7.2397821e-006, 0, 0, 0, 0, 0, 0, 0, 0.261268237, -0.164954053, -0.171204199, -0.45861806, 0.654703783, -0.600736101, -0.82043457, -0.0524902344, 0.569213867, 0.341203238, 0.754033132, 0.561336027, 0, -0, 0, 0, 0, 0, 0, 0.339906494, -0.119905908, -0.15407085, -0.00784127516, 0.350409962, -0.936446581, -0.173828125, -0.922729492, -0.34387207, -0.984606971, 0.160185994, 0.0681373556, 0, 1, 5, 1, 
259.591026, 16, 0.1, 0.1, 0.00699156478, 0.349180527, -0.0349695387, 0.870960011, 2.31594697e-008, -0.491353904, 0.491353904, 1.63161603e-005, 0.870960011, 8.03718006e-006, -1, 1.41993437e-005, 0.87096002, 8.9118556e-006, -0.491353888, 0.491353887, 1.24472577e-005, 0.87096002, 1.38778784e-005, -1, 6.46218893e-006, 0, 0, 0, 0, 0, 0, 0, 0.261268237, -0.164954053, -0.171204199, -0.45861806, 0.654703783, -0.600736101, -0.82043457, -0.0524902344, 0.569213867, 0.341203238, 0.754033132, 0.561336027, 0, -0, 0, 0, 0, 0, 0, 0.339906494, -0.119905908, -0.15407085, -0.00784127516, 0.350409962, -0.936446581, -0.173828125, -0.922729492, -0.34387207, -0.984606971, 0.160185994, 0.0681373556, 0, 1, 5, 1, 
259.591722, 16, 0.1, 0.1, 0.00699156361, 0.349180527, -0.0349703054, 0.870959891, 1.62213044e-005, -0.491354117, 0.491354117, -1.22726806e-005, 0.870959891, 8.09787338e-006, -1, -1.86594172e-005, 0.870959925, 3.29472044e-006, -0.491354056, 0.491354056, -1.05933883e-005, 0.870959925, -2.33553483e-006, -1, -1.08452909e-005, 0, 0, 0, 0, 0, 0, 0, 0.261268237, -0.164954053, -0.171204199, -0.45861806, 0.654703783, -0.600736101, -0.82043457, -0.0524902344, 0.569213867, 0.341203238, 0.754033132, 0.561336027, 0, -0, 0, 0, 0, 0, 0, 0.339906494, -0.119905908, -0.15407085, -0.00784127516, 0.350409962, -0.936446581, -0.173828125, -0.922729492, -0.34387207, -0.984606971, 0.160185994, 0.0681373556, 0, 1, 5, 1, 
259.592441, 16, 0.1, 0.1, 0.00699156534, 0.349180526, -0.0349706953, 0.870959702, -1.56068117e-005, -0.491354452, 0.491354452, 9.2908431e-006, 0.870959702, -9.02780696e-006, -1, 1.57604263e-005, 0.870959737, -7.46748913e-006, -0.49135439, 0.49135439, 4.70009185e-006, 0.870959737, -4.19447161e-006, -1, 7.76277433e-006, 0, 0, 0, 0, 0, 0, 0, 0.261534692, -0.165633301, -0.171472729, -0.457868446, 0.65450084, -0.601548994, -0.82019043, -0.0501708984, 0.569702148, 0.342814798, 0.754312459, 0.560105266, 0, -0, 0, 0, 0, 0, 0, 0.340485791, -0.120861133, -0.153702979, -0.00589884958, 0.348857627, -0.937143275, -0.175170898, -0.922973633, -0.342529297, -0.984402814, 0.162109464, 0.0665912176, 0, 1, 5, 1, 
259.593134, 16, 0.1, 0.1, 0.00699156551, 0.349180528, -0.0349706216, 0.870959571, 1.63507861e-005, -0.491354684, 0.491354684, -7.68263801e-006, 0.870959571, 1.04659735e-005, -1, -1.47253024e-005, 0.870959587, 1.35088627e-005, -0.491354656, 0.491354656, -5.53522795e-007, 0.870959587, 1.14936975e-005, -1, -7.11973858e-006, 0, 0, 0, 0, 0, 0, 0, 0.261534692, -0.165633301, -0.171472729, -0.457868446, 0.65450084, -0.601548994, -0.82019043, -0.0501708984, 0.569702148, 0.342814798, 0.754312459, 0.560105266, 0, -0, 0, 0, 0, 0, 0, 0.340485791, -0.120861133, -0.153702979, -0.00589884958, 0.348857627, -0.937143275, -0.175170898, -0.922973633, -0.342529297, -0.984402814, 0.162109464, 0.0665912176, 0, 1, 5, 1, 
259.593826, 16, 0.1, 0.1, 0.00699156367, 0.349180527, -0.0349703269, 0.870959568, -1.3355048e-005, -0.491354689, 0.491354689, 1.24308032e-005, 0.870959568, -5.5237734e-006, -1, 1.73887925e-005, 0.870959556, -1.44992312e-005, -0.49135471, 0.49135471, 2.69614048e-006, 0.870959556, -1.13034827e-005, -1, 9.47249487e-006, 0, 0, 0, 0, 0, 0, 0, 0.261534692, -0.165633301, -0.171472729, -0.457868446, 0.65450084, -0.601548994, -0.82019043, -0.0501708984, 0.569702148, 0.342814798, 0.754312459, 0.560105266, 0, -0, 0, 0, 0, 0, 0, 0.340485791, -0.120861133, -0.153702979, -0.00589884958, 0.348857627, -0.937143275, -0.175170898, -0.922973633, -0.342529297, -0.984402814, 0.162109464, 0.0665912176, 0, 1, 5, 1, 
259.594516, 16, 0.1, 0.1, 0.0069915641, 0.349180529, -0.0349699195, 0.870959697, 1.44128856e-006, -0.49135446, 0.49135446, -1.61057981e-005, 0.870959697, -6.65835149e-006, -1, -1.47356846e-005, 0.870959661, 6.97962203e-006, -0.491354524, 0.491354524, -4.03424805e-006, 0.870959661, 4.09672321e-006, -1, -6.94313617e-006, 0, 0, 0, 0, 0, 0, 0, 0.261534692, -0.165633301, -0.171472729, -0.457868446, 0.65450084, -0.601548994, -0.82019043, -0.0501708984, 0.569702148, 0.342814798, 0.754312459, 0.560105266, 0, -0, 0, 0, 0, 0, 0, 0.340485791, -0.120861133, -0.153702979, -0.00589884958, 0.348857627, -0.937143275, -0.175170898, -0.922973633, -0.342529297, -0.984402814, 0.162109464, 0.0665912176, 0, 1, 5, 1, 
259.595237, 16, 0.1, 0.1, 0.00699156302, 0.349180528, -0.0349692018, 0.870959896, -4.58710041e-007, -0.491354108, 0.491354108, 2.18119383e-005, 0.870959896, 1.03178674e-005, -1, 1.92227125e-005, 0.870959859, -1.06320957e-006, -0.491354174, 0.491354174, 1.21835029e-005, 0.870959859, 5.06040213e-006, -1, 1.11337544e-005, 0, 0, 0, 0, 0, 0, 0, 0.261713989, -0.165862646, -0.171670947, -0.458662243, 0.654380273, -0.601091812, -0.82019043, -0.0517578125, 0.569580078, 0.341704604, 0.754331555, 0.560650815, 0, -0, 0, 0, 0, 0, 0, 0.340970361, -0.121324463, -0.153501709, -0.00526632195, 0.348800025, -0.937162598, -0.174072266, -0.923095703, -0.342529297, -0.984581818, 0.161489696, 0.065607245, 0, 1, 5, 1, 
259.595934, 16, 0.1, 0.1, 0.00699156125, 0.349180529, -0.0349686464, 0.870960035, -7.41807199e-007, -0.491353861, 0.491353861, -1.90048922e-005, 0.870960035, -9.98421157e-006, -1, -1.61880117e-005, 0.870960018, -6.12199034e-006, -0.491353891, 0.491353891, -1.16243403e-005, 0.870960018, -1.10436737e-005, -1, -7.11627188e-006, 0, 0, 0, 0, 0, 0, 0, 0.261713989, -0.165862646, -0.171670947, -0.458662243, 0.654380273, -0.601091812, -0.82019043, -0.0517578125, 0.569580078, 0.341704604, 0.754331555, 0.560650815, 0, -0, 0, 0, 0, 0, 0, 0.340970361, -0.121324463, -0.153501709, -0.00526632195, 0.348800025, -0.937162598, -0.174072266, -0.923095703, -0.342529297, -0.984581818, 0.161489696, 0.065607245, 0, 1, 5, 1, 
259.596625, 16, 0.1, 0.1, 0.00699156383, 0.349180529, -0.0349684357, 0.870960036, -1.98928126e-006, -0.491353861, 0.491353861, 1.71126427e-005, 0.870960035, 6.6757786e-006, -1, 1.5881869e-005, 0.870960048, 7.37670709e-006, -0.491353838, 0.491353838, 1.31854867e-005, 0.870960048, 1.29035566e-005, -1, 7.85945876e-006, 0, 0, 0, 0, 0, 0, 0, 0.261713989, -0.165862646, -0.171670947, -0.458662243, 0.654380273, -0.601091812, -0.82019043, -0.0517578125, 0.569580078, 0.341704604, 0.754331555, 0.560650815, 0, -0, 0, 0, 0, 0, 0, 0.340970361, -0.121324463, -0.153501709, -0.00526632195, 0.348800025, -0.937162598, -0.174072266, -0.923095703, -0.342529297, -0.984581818, 0.161489696, 0.065607245, 0, 1, 5, 1, 
259.597322, 16, 0.1, 0.1, 0.00699156202, 0.349180529, -0.0349686154, 0.870959895, 1.54272404e-005, -0.49135411, 0.49135411, -1.31607061e-005, 0.870959895, 6.96994068e-006, -1, -1.90426852e-005, 0.870959935, 1.54923983e-006, -0.49135404, 0.49135404, -1.13536234e-005, 0.870959935, -4.22932292e-006, -1, -1.06497764e-005, 0, 0, 0, 0, 0, 0, 0, 0.261713989, -0.165862646, -0.171670947, -0.458662243, 0.654380273, -0.601091812, -0.82019043, -0.0517578125, 0.569580078, 0.341704604, 0.754331555, 0.560650815, 0, -0, 0, 0, 0, 0, 0, 0.340970361, -0.121324463, -0.153501709, -0.00526632195, 0.348800025, -0.937162598, -0.174072266, -0.923095703, -0.342529297, -0.984581818, 0.161489696, 0.065607245, 0, 1, 5, 1, 
259.598012, 16, 0.1, 0.1, 0.00699156363, 0.349180528, -0.0349691293, 0.870959692, -1.59302264e-005, -0.491354469, 0.491354469, 8.35155515e-006, 0.870959692, -9.77101112e-006, -1, 1.51012558e-005, 0.870959731, -7.27461208e-006, -0.4913544, 0.4913544, 3.47500099e-006, 0.870959731, -4.62843716e-006, -1, 6.60099858e-006, 0, 0, 0, 0, 0, 0, 0, 0.261713989, -0.165862646, -0.171670947, -0.458662243, 0.654380273, -0.601091812, -0.82019043, -0.0517578125, 0.569580078, 0.341704604, 0.754331555, 0.560650815, 0, -0, 0, 0, 0, 0, 0, 0.340970361, -0.121324463, -0.153501709, -0.00526632195, 0.348800025, -0.937162598, -0.174072266, -0.923095703, -0.342529297, -0.984581818, 0.161489696, 0.065607245, 0, 1, 5, 1, 
259.598705, 16, 0.1, 0.1, 0.00699156382, 0.34918053, -0.0349698134, 0.870959545, 1.68322532e-005, -0.49135473, 0.49135473, -8.61220011e-006, 0.870959545, 1.04285663e-005, -1, -1.57714851e-005, 0.870959563, 1.38601914e-005, -0.491354697, 0.491354698, -1.34592104e-006, 0.870959563, 1.14103417e-005, -1, -7.98251296e-006, 0, 0, 0, 0, 0, 0, 0, 0.261713989, -0.165862646, -0.171670947, -0.458662243, 0.654380273, -0.601091812, -0.82019043, -0.0517578125, 0.569580078, 0.341704604, 0.754331555, 0.560650815, 0, -0, 0, 0, 0, 0, 0, 0.340970361, -0.121324463, -0.153501709, -0.00526632195, 0.348800025, -0.937162598, -0.174072266, -0.923095703, -0.342529297, -0.984581818, 0.161489696, 0.065607245, 0, 1, 5, 1, 
259.599406, 16, 0.1, 0.1, 0.00699156187, 0.349180528, -0.034970359, 0.87095953, -1.40428066e-005, -0.491354757, 0.491354757, 1.17794557e-005, 0.87095953, -6.44282464e-006, -1, 1.71594291e-005, 0.87095952, -1.51148251e-005, -0.491354774, 0.491354775, 1.9293144e-006, 0.87095952, -1.22164229e-005, -1, 9.1070962e-006, 0, 0, 0, 0, 0, 0, 0, 0.261713989, -0.165862646, -0.171670947, -0.458662243, 0.654380273, -0.601091812, -0.82019043, -0.0517578125, 0.569580078, 0.341704604, 0.754331555, 0.560650815, 0, -0, 0, 0, 0, 0, 0, 0.340970361, -0.121324463, -0.153501709, -0.00526632195, 0.348800025, -0.937162598, -0.174072266, -0.923095703, -0.342529297, -0.984581818, 0.161489696, 0.065607245, 0, 1, 5, 1, 
259.600123, 16, 0.1, 0.1, 0.00699156233, 0.34918053, -0.0349704347, 0.870959657, 1.66405336e-006, -0.491354532, 0.491354532, -1.57379639e-005, 0.870959657, -6.28359657e-006, -1, -1.45247718e-005, 0.870959622, 7.06474032e-006, -0.491354593, 0.491354594, -4.10027017e-006, 0.870959622, 4.13841698e-006, -1, -7.04246236e-006, 0, 0, 0, 0, 0, 0, 0, 0.262350635, -0.166091992, -0.172101929, -0.459234001, 0.654259705, -0.600837572, -0.82043457, -0.0532226563, 0.569091797, 0.34043565, 0.754350651, 0.561475691, 0, -0, 0, 0, 0, 0, 0, 0.341436621, -0.121573096, -0.153513672, -0.00486383768, 0.348806221, -0.937073279, -0.172729492, -0.923217773, -0.342773437, -0.984907743, 0.16026292, 0.0647574338, 0, 1, 5, 1, 
