time, trialNum, realDorsalTactorPos, realVentralTactorPos, boxPosX, boxPosY, boxPosZ, boxLocalRot_11, boxLocalRot_12, boxLocalRot_13, boxLocalRot_21, boxLocalRot_22, boxLocalRot_23, boxLocalRot_31, boxLocalRot_32, boxLocalRot_33, boxGlobalRot_11, boxGlobalRot_12, boxGlobalRot_13, boxGlobalRot_21, boxGlobalRot_22, boxGlobalRot_23, boxGlobalRot_31, boxGlobalRot_32, boxGlobalRot_33, indexForceX, indexForceY, indexForceZ, indexForceGlobalX, indexForceGlobalY, indexForceGlobalZ, indexContact, indexPosX, indexPosY, indexPosZ, indexRot_11, indexRot_12, indexRot_13, indexRot_21, indexRot_22, indexRot_23, indexRot_31, indexRot_32, indexRot_33, thumbForceX, thumbForceY, thumbForceZ, thumbForceGlobalX, thumbForceGlobalY, thumbForceGlobalZ, thumbContact, thumbPosX, thumbPosY, thumbPosZ, thumbRot_11, thumbRot_12, thumbRot_13, thumbRot_21, thumbRot_22, thumbRot_23, thumbRot_31, thumbRot_32, thumbRot_33, manipForceTooHigh, cceExpType, mapping, trialSuccess, 
297.575208, 23, 0.1, 0.1, 0.0111539506, 0.350949774, -0.034977822, 0.95522447, -0.295882091, 2.50238971e-006, 0.295882091, 0.95522447, -7.11268611e-006, -2.85827447e-007, 7.53462412e-006, 1, 0.955224469, -0.295882095, -7.18819001e-006, 0.295882095, 0.955224469, -2.21516002e-006, 7.52176117e-006, -1.08816617e-008, 1, 0, 0, 0, 0, 0, 0, 0, 0.24121748, -0.191446704, -0.187981177, -0.315447928, 0.550881336, -0.772680546, -0.921875, 0.0146484375, 0.38684082, 0.224473855, 0.834374022, 0.503414509, 0, -0, 0, 0, 0, 0, 0, 0.315476758, -0.145026123, -0.161849072, 0.170419281, 0.225343728, -0.959205725, -0.128662109, -0.959960938, -0.248413086, -0.976795133, 0.165943381, -0.134570829, 0, 1, 5, 1, 
297.577368, 23, 0.1, 0.1, 0.0111539465, 0.350949771, -0.0349513913, 0.955224687, -0.295881391, 1.42882646e-005, 0.29588139, 0.955224686, 4.86427454e-005, -2.80409862e-005, -4.22371196e-005, 0.999999999, 0.95522465, -0.295881511, 1.08799227e-005, 0.29588151, 0.955224649, 5.17929127e-005, -2.57173356e-005, -4.62546989e-005, 0.999999999, 0, 0, 0, 0, 0, 0, 0, 0.242201758, -0.19107478, -0.188113843, -0.313777958, 0.553907504, -0.771054759, -0.92199707, 0.0158691406, 0.38659668, 0.226434012, 0.832411621, 0.505876033, 0, -0, 0, 0, 0, 0, 0, 0.315919824, -0.144421533, -0.161519385, 0.170444801, 0.231298603, -0.957799946, -0.127319336, -0.958618164, -0.254150391, -0.977037936, 0.165341836, -0.133932105, 0, 1, 5, 1, 
297.578062, 23, 0.1, 0.1, 0.0111539477, 0.350949777, -0.0349583989, 0.95522488, -0.295880766, -1.58351959e-005, 0.295880764, 0.955224879, -5.75817576e-005, 3.21635076e-005, 5.03181977e-005, 0.999999998, 0.955224845, -0.29588088, -1.35746463e-005, 0.295880879, 0.955224844, -4.60932832e-005, 2.66049606e-005, 4.0012971e-005, 0.999999999, 0, 0, 0, 0, 0, 0, 0, 0.242201758, -0.19107478, -0.188113843, -0.313777958, 0.553907504, -0.771054759, -0.92199707, 0.0158691406, 0.38659668, 0.226434012, 0.832411621, 0.505876033, 0, -0, 0, 0, 0, 0, 0, 0.315919824, -0.144421533, -0.161519385, 0.170444801, 0.231298603, -0.957799946, -0.127319336, -0.958618164, -0.254150391, -0.977037936, 0.165341836, -0.133932105, 0, 1, 5, 1, 
297.578753, 23, 0.1, 0.1, 0.0111539468, 0.350949786, -0.034967975, 0.955225028, -0.295880289, 1.78650175e-005, 0.295880289, 0.955225028, 1.48045617e-005, -2.14454899e-005, -8.85578133e-006, 1, 0.955225009, -0.295880351, 1.31713094e-005, 0.295880351, 0.955225009, -1.14228936e-005, -9.20175432e-006, 1.48085653e-005, 1, 0, 0, 0, 0, 0, 0, 0, 0.242201758, -0.19107478, -0.188113843, -0.313777958, 0.553907504, -0.771054759, -0.92199707, 0.0158691406, 0.38659668, 0.226434012, 0.832411621, 0.505876033, 0, -0, 0, 0, 0, 0, 0, 0.315919824, -0.144421533, -0.161519385, 0.170444801, 0.231298603, -0.957799946, -0.127319336, -0.958618164, -0.254150391, -0.977037936, 0.165341836, -0.133932105, 0, 1, 5, 1, 
297.579452, 23, 0.1, 0.1, 0.0111539437, 0.350949769, -0.0349771877, 0.955225074, -0.295880142, -6.46294829e-006, 0.295880142, 0.955225073, 4.32574966e-005, -6.625464e-006, -4.32329035e-005, 0.999999999, 0.95522507, -0.295880154, 2.71537318e-006, 0.295880153, 0.955225069, 5.04296414e-005, -1.75149226e-005, -4.73682327e-005, 0.999999999, 0, 0, 0, 0, 0, 0, 0, 0.242201758, -0.19107478, -0.188113843, -0.313777958, 0.553907504, -0.771054759, -0.92199707, 0.0158691406, 0.38659668, 0.226434012, 0.832411621, 0.505876033, 0, -0, 0, 0, 0, 0, 0, 0.315919824, -0.144421533, -0.161519385, 0.170444801, 0.231298603, -0.957799946, -0.127319336, -0.958618164, -0.254150391, -0.977037936, 0.165341836, -0.133932105, 0, 1, 5, 1, 
297.580146, 23, 0.1, 0.1, 0.0111539509, 0.35094977, -0.0349833662, 0.955225023, -0.295880306, -1.76111923e-005, 0.295880305, 0.955225023, -3.1754654e-005, 2.62182283e-005, 2.51220352e-005, 0.999999999, 0.955225043, -0.29588024, -2.26302355e-005, 0.29588024, 0.955225043, -1.8554649e-005, 2.71069217e-005, 1.10280259e-005, 1, 0, 0, 0, 0, 0, 0, 0, 0.242201758, -0.19107478, -0.188113843, -0.313777958, 0.553907504, -0.771054759, -0.92199707, 0.0158691406, 0.38659668, 0.226434012, 0.832411621, 0.505876033, 0, -0, 0, 0, 0, 0, 0, 0.315919824, -0.144421533, -0.161519385, 0.170444801, 0.231298603, -0.957799946, -0.127319336, -0.958618164, -0.254150391, -0.977037936, 0.165341836, -0.133932105, 0, 1, 5, 1, 
297.580837, 23, 0.1, 0.1, 0.0111539484, 0.350949784, -0.0349851913, 0.955224875, -0.295880783, 2.28740861e-005, 0.295880784, 0.955224874, -3.61803852e-005, -1.11448153e-005, 4.13284065e-005, 0.999999999, 0.955224909, -0.295880672, 1.66524583e-005, 0.295880673, 0.955224909, -4.22490216e-005, -3.40617402e-006, 4.52844584e-005, 0.999999999, 0, 0, 0, 0, 0, 0, 0, 0.242201758, -0.19107478, -0.188113843, -0.313777958, 0.553907504, -0.771054759, -0.92199707, 0.0158691406, 0.38659668, 0.226434012, 0.832411621, 0.505876033, 0, -0, 0, 0, 0, 0, 0, 0.315919824, -0.144421533, -0.161519385, 0.170444801, 0.231298603, -0.957799946, -0.127319336, -0.958618164, -0.254150391, -0.977037936, 0.165341836, -0.133932105, 0, 1, 5, 1, 
297.581564, 23, 0.1, 0.1, 0.0111539422, 0.350949785, -0.0349820119, 0.955224647, -0.295881521, 4.57313923e-007, 0.295881521, 0.955224646, 1.99746191e-005, -6.34695821e-006, -1.89449377e-005, 1, 0.955224696, -0.295881361, 1.10943274e-005, 0.295881361, 0.955224696, 1.10246635e-005, -1.3859568e-005, -7.24842612e-006, 1, 0, 0, 0, 0, 0, 0, 0, 0.241755151, -0.190764624, -0.188269458, -0.313847229, 0.555683815, -0.769822876, -0.92175293, 0.0159912109, 0.387329102, 0.227557311, 0.831141545, 0.507411208, 0, -0, 0, 0, 0, 0, 0, 0.315893213, -0.144275781, -0.161249512, 0.170093356, 0.233694552, -0.957231217, -0.126342773, -0.958129883, -0.256469727, -0.977197617, 0.164734462, -0.133504101, 0, 1, 5, 1, 
297.582255, 23, 0.1, 0.1, 0.0111539476, 0.350949778, -0.034975587, 0.955224379, -0.295882385, -9.74240767e-006, 0.295882385, 0.955224379, 9.55062439e-006, 6.4803238e-006, -1.20055961e-005, 1, 0.955224432, -0.295882214, -1.81492622e-005, 0.295882214, 0.955224432, 1.77981159e-005, 1.20704727e-005, -2.2371239e-005, 1, 0, 0, 0, 0, 0, 0, 0, 0.241755151, -0.190764624, -0.188269458, -0.313847229, 0.555683815, -0.769822876, -0.92175293, 0.0159912109, 0.387329102, 0.227557311, 0.831141545, 0.507411208, 0, -0, 0, 0, 0, 0, 0, 0.315893213, -0.144275781, -0.161249512, 0.170093356, 0.233694552, -0.957231217, -0.126342773, -0.958129883, -0.256469727, -0.977197617, 0.164734462, -0.133504101, 0, 1, 5, 1, 
297.582945, 23, 0.1, 0.1, 0.0111539454, 0.350949781, -0.034968135, 0.955224137, -0.295883165, -6.42688975e-006, 0.295883165, 0.955224137, -8.54004304e-006, 8.66597518e-006, 6.25604676e-006, 1, 0.955224181, -0.295883023, 6.47837484e-006, 0.295883023, 0.955224181, -1.28717161e-005, -2.37977804e-006, 1.42122156e-005, 1, 0, 0, 0, 0, 0, 0, 0, 0.241755151, -0.190764624, -0.188269458, -0.313847229, 0.555683815, -0.769822876, -0.92175293, 0.0159912109, 0.387329102, 0.227557311, 0.831141545, 0.507411208, 0, -0, 0, 0, 0, 0, 0, 0.315893213, -0.144275781, -0.161249512, 0.170093356, 0.233694552, -0.957231217, -0.126342773, -0.958129883, -0.256469727, -0.977197617, 0.164734462, -0.133504101, 0, 1, 5, 1, 
297.583637, 23, 0.1, 0.1, 0.0111539459, 0.350949779, -0.0349618291, 0.955223985, -0.295883655, 1.89839068e-005, 0.295883655, 0.955223986, -6.37630334e-007, -1.79452187e-005, 6.22610753e-006, 1, 0.955224007, -0.295883586, 8.71536132e-006, 0.295883586, 0.955224007, 9.9935056e-006, -1.12820366e-005, -6.9673041e-006, 1, 0, 0, 0, 0, 0, 0, 0, 0.241755151, -0.190764624, -0.188269458, -0.313847229, 0.555683815, -0.769822876, -0.92175293, 0.0159912109, 0.387329102, 0.227557311, 0.831141545, 0.507411208, 0, -0, 0, 0, 0, 0, 0, 0.315893213, -0.144275781, -0.161249512, 0.170093356, 0.233694552, -0.957231217, -0.126342773, -0.958129883, -0.256469727, -0.977197617, 0.164734462, -0.133504101, 0, 1, 5, 1, 
297.584332, 23, 0.1, 0.1, 0.011153946, 0.350949778, -0.0349582335, 0.955223923, -0.295883856, -1.73216982e-005, 0.295883856, 0.955223923, 1.56897295e-005, 1.19037628e-005, -2.01124158e-005, 1, 0.955223928, -0.29588384, -1.58748569e-005, 0.29588384, 0.955223928, 8.66731455e-006, 1.25995249e-005, -1.29763399e-005, 1, 0, 0, 0, 0, 0, 0, 0, 0.241755151, -0.190764624, -0.188269458, -0.313847229, 0.555683815, -0.769822876, -0.92175293, 0.0159912109, 0.387329102, 0.227557311, 0.831141545, 0.507411208, 0, -0, 0, 0, 0, 0, 0, 0.315893213, -0.144275781, -0.161249512, 0.170093356, 0.233694552, -0.957231217, -0.126342773, -0.958129883, -0.256469727, -0.977197617, 0.164734462, -0.133504101, 0, 1, 5, 1, 
297.585024, 23, 0.1, 0.1, 0.0111539427, 0.350949777, -0.0349582662, 0.955223943, -0.295883791, 1.0919225e-005, 0.295883791, 0.955223943, -1.00556521e-005, -7.45500065e-006, 1.28362214e-005, 1, 0.955223933, -0.295883824, 1.92799766e-005, 0.295883824, 0.955223933, -7.37713036e-006, -1.62339215e-005, 1.27514447e-005, 1, 0, 0, 0, 0, 0, 0, 0, 0.241755151, -0.190764624, -0.188269458, -0.313847229, 0.555683815, -0.769822876, -0.92175293, 0.0159912109, 0.387329102, 0.227557311, 0.831141545, 0.507411208, 0, -0, 0, 0, 0, 0, 0, 0.315893213, -0.144275781, -0.161249512, 0.170093356, 0.233694552, -0.957231217, -0.126342773, -0.958129883, -0.256469727, -0.977197617, 0.164734462, -0.133504101, 0, 1, 5, 1, 
297.585728, 23, 0.1, 0.1, 0.0111539462, 0.350949775, -0.0349617102, 0.95522404, -0.295883478, 3.36569374e-006, 0.295883478, 0.95522404, 8.08128642e-006, -5.6061107e-006, -6.7235859e-006, 1, 0.955224016, -0.295883558, -1.30604146e-005, 0.295883558, 0.955224016, 1.15719036e-005, 9.05168568e-006, -1.49181222e-005, 1, 0, 0, 0, 0, 0, 0, 0, 0.241755151, -0.190764624, -0.188269458, -0.313162016, 0.557479222, -0.768755743, -0.92199707, 0.0151367187, 0.38659668, 0.2272016, 0.829992037, 0.509466846, 0, -0, 0, 0, 0, 0, 0, 0.315893213, -0.144275781, -0.161249512, 0.170093356, 0.233694552, -0.957231217, -0.126342773, -0.958129883, -0.256469727, -0.977197617, 0.164734462, -0.133504101, 0, 1, 5, 1, 
297.586437, 23, 0.1, 0.1, 0.0111539442, 0.350949778, -0.0349669726, 0.955224202, -0.295882956, -1.26037196e-005, 0.295882956, 0.955224202, -1.24819837e-006, 1.24086986e-005, -2.53691653e-006, 1, 0.955224165, -0.295883075, -3.40825689e-006, 0.295883074, 0.955224165, -1.09117117e-005, 6.48424015e-006, 9.41468517e-006, 1, 0, 0, 0, 0, 0, 0, 0, 0.241789087, -0.190229883, -0.188208667, -0.313162016, 0.557479222, -0.768755743, -0.92199707, 0.0151367187, 0.38659668, 0.2272016, 0.829992037, 0.509466846, 0, -0, 0, 0, 0, 0, 0, 0.315709766, -0.143657178, -0.160983301, 0.170713124, 0.236627147, -0.956451768, -0.12487793, -0.957641602, -0.259155273, -0.97725522, 0.16369252, -0.133913149, 0, 1, 5, 1, 
297.587133, 23, 0.1, 0.1, 0.011153944, 0.350949777, -0.0349725941, 0.955224401, -0.295882313, 1.15529013e-005, 0.295882313, 0.955224401, -7.40702111e-006, -8.84400671e-006, 1.04936665e-005, 1, 0.955224359, -0.29588245, 1.02863288e-005, 0.29588245, 0.955224359, -2.97234752e-006, -8.94628634e-006, 5.88280291e-006, 1, 0, 0, 0, 0, 0, 0, 0, 0.241789087, -0.190229883, -0.188208667, -0.313162016, 0.557479222, -0.768755743, -0.92199707, 0.0151367187, 0.38659668, 0.2272016, 0.829992037, 0.509466846, 0, -0, 0, 0, 0, 0, 0, 0.315709766, -0.143657178, -0.160983301, 0.170713124, 0.236627147, -0.956451768, -0.12487793, -0.957641602, -0.259155273, -0.97725522, 0.16369252, -0.133913149, 0, 1, 5, 1, 
297.587828, 23, 0.1, 0.1, 0.0111539454, 0.350949777, -0.034976967, 0.955224623, -0.295881598, -6.97239278e-006, 0.295881598, 0.955224623, 7.44446973e-006, 4.45751966e-006, -9.17414351e-006, 1, 0.955224577, -0.295881745, -1.0935859e-005, 0.295881745, 0.955224577, 5.92220496e-006, 8.69392898e-006, -8.89275677e-006, 1, 0, 0, 0, 0, 0, 0, 0, 0.241789087, -0.190229883, -0.188208667, -0.313162016, 0.557479222, -0.768755743, -0.92199707, 0.0151367187, 0.38659668, 0.2272016, 0.829992037, 0.509466846, 0, -0, 0, 0, 0, 0, 0, 0.315709766, -0.143657178, -0.160983301, 0.170713124, 0.236627147, -0.956451768, -0.12487793, -0.957641602, -0.259155273, -0.97725522, 0.16369252, -0.133913149, 0, 1, 5, 1, 
297.588549, 23, 0.1, 0.1, 0.0111539437, 0.350949777, -0.0349787739, 0.95522487, -0.295880799, -3.71645511e-006, 0.295880799, 0.95522487, -3.32683835e-006, 4.53439793e-006, 2.07825102e-006, 1, 0.955224823, -0.295880951, 4.7893835e-006, 0.295880951, 0.955224823, -5.06354222e-006, -3.07673232e-006, 6.25390856e-006, 1, 0, 0, 0, 0, 0, 0, 0, 0.241339795, -0.18940061, -0.1887479, -0.313269479, 0.560727429, -0.766393448, -0.92175293, 0.0141601562, 0.387329102, 0.228083764, 0.827870877, 0.512676861, 0, -0, 0, 0, 0, 0, 0, 0.315408398, -0.14294043, -0.161342871, 0.169646029, 0.24084412, -0.955633673, -0.124023438, -0.956665039, -0.263061523, -0.977612861, 0.163276543, -0.132354251, 0, 1, 5, 1, 
297.589244, 23, 0.1, 0.1, 0.0111539445, 0.350949776, -0.0349776062, 0.95522512, -0.295879992, 8.98124231e-006, 0.295879992, 0.95522512, -1.35868754e-006, -8.17709981e-006, 3.95522236e-006, 1, 0.955225069, -0.295880156, 3.2374119e-006, 0.295880156, 0.955225069, 5.43372452e-006, -4.70018827e-006, -4.23254395e-006, 1, 0, 0, 0, 0, 0, 0, 0, 0.241339795, -0.18940061, -0.1887479, -0.313269479, 0.560727429, -0.766393448, -0.92175293, 0.0141601562, 0.387329102, 0.228083764, 0.827870877, 0.512676861, 0, -0, 0, 0, 0, 0, 0, 0.315408398, -0.14294043, -0.161342871, 0.169646029, 0.24084412, -0.955633673, -0.124023438, -0.956665039, -0.263061523, -0.977612861, 0.163276543, -0.132354251, 0, 1, 5, 1, 
297.589939, 23, 0.1, 0.1, 0.0111539453, 0.350949776, -0.0349742013, 0.955225382, -0.295879147, -1.21504975e-005, 0.295879147, 0.955225382, 7.7040799e-006, 9.326987e-006, -1.09542115e-005, 1, 0.955225328, -0.295879322, -1.17591608e-005, 0.295879322, 0.955225328, 3.35337157e-006, 1.02404549e-005, -6.68251797e-006, 1, 0, 0, 0, 0, 0, 0, 0, 0.241339795, -0.18940061, -0.1887479, -0.313269479, 0.560727429, -0.766393448, -0.92175293, 0.0141601562, 0.387329102, 0.228083764, 0.827870877, 0.512676861, 0, -0, 0, 0, 0, 0, 0, 0.315408398, -0.14294043, -0.161342871, 0.169646029, 0.24084412, -0.955633673, -0.124023438, -0.956665039, -0.263061523, -0.977612861, 0.163276543, -0.132354251, 0, 1, 5, 1, 
297.590629, 23, 0.1, 0.1, 0.0111539432, 0.350949776, -0.0349697495, 0.955225658, -0.295878255, 6.47166893e-006, 0.295878256, 0.955225658, -9.172014e-006, -3.46810471e-006, 1.06761692e-005, 1, 0.955225602, -0.295878437, 1.26050061e-005, 0.295878437, 0.955225602, -8.03667677e-006, -9.66274516e-006, 1.14063889e-005, 1, 0, 0, 0, 0, 0, 0, 0, 0.241339795, -0.18940061, -0.1887479, -0.313269479, 0.560727429, -0.766393448, -0.92175293, 0.0141601562, 0.387329102, 0.228083764, 0.827870877, 0.512676861, 0, -0, 0, 0, 0, 0, 0, 0.315408398, -0.14294043, -0.161342871, 0.169646029, 0.24084412, -0.955633673, -0.124023438, -0.956665039, -0.263061523, -0.977612861, 0.163276543, -0.132354251, 0, 1, 5, 1, 
297.591319, 23, 0.1, 0.1, 0.0111539457, 0.350949775, -0.0349656314, 0.955225956, -0.295877293, 5.59434169e-006, 0.295877293, 0.955225956, 6.73590856e-006, -7.33686278e-006, -4.77907602e-006, 1, 0.955225896, -0.295877488, -8.49240782e-006, 0.295877488, 0.955225896, 9.90089722e-006, 5.18271527e-006, -1.19703057e-005, 1, 0, 0, 0, 0, 0, 0, 0, 0.241339795, -0.18940061, -0.1887479, -0.313269479, 0.560727429, -0.766393448, -0.92175293, 0.0141601562, 0.387329102, 0.228083764, 0.827870877, 0.512676861, 0, -0, 0, 0, 0, 0, 0, 0.315408398, -0.14294043, -0.161342871, 0.169646029, 0.24084412, -0.955633673, -0.124023438, -0.956665039, -0.263061523, -0.977612861, 0.163276543, -0.132354251, 0, 1, 5, 1, 
297.592011, 23, 0.1, 0.1, 0.0111539443, 0.350949777, -0.0349630076, 0.955226285, -0.295876232, -1.56607037e-005, 0.295876232, 0.955226285, 2.36931583e-006, 1.42584916e-005, -6.89686275e-006, 1, 0.955226216, -0.295876453, -5.99697986e-006, 0.295876453, 0.955226216, -8.65987765e-006, 8.29072627e-006, 6.49777703e-006, 1, 0, 0, 0, 0, 0, 0, 0, 0.241339795, -0.18940061, -0.1887479, -0.313269479, 0.560727429, -0.766393448, -0.92175293, 0.0141601562, 0.387329102, 0.228083764, 0.827870877, 0.512676861, 0, -0, 0, 0, 0, 0, 0, 0.315408398, -0.14294043, -0.161342871, 0.169646029, 0.24084412, -0.955633673, -0.124023438, -0.956665039, -0.263061523, -0.977612861, 0.163276543, -0.132354251, 0, 1, 5, 1, 
297.592697, 23, 0.1, 0.1, 0.0111539433, 0.350949776, -0.0349625701, 0.955226639, -0.295875089, 1.68963998e-005, 0.295875089, 0.955226639, -1.01099708e-005, -1.31486027e-005, 1.46565372e-005, 1, 0.955226566, -0.295875325, 1.5631326e-005, 0.295875325, 0.955226566, -3.62074473e-006, -1.38601688e-005, 8.08355522e-006, 1, 0, 0, 0, 0, 0, 0, 0, 0.241339795, -0.18940061, -0.1887479, -0.313269479, 0.560727429, -0.766393448, -0.92175293, 0.0141601562, 0.387329102, 0.228083764, 0.827870877, 0.512676861, 0, -0, 0, 0, 0, 0, 0, 0.315408398, -0.14294043, -0.161342871, 0.169646029, 0.24084412, -0.955633673, -0.124023438, -0.956665039, -0.263061523, -0.977612861, 0.163276543, -0.132354251, 0, 1, 5, 1, 
297.59342, 23, 0.1, 0.1, 0.0111539461, 0.350949775, -0.0349641085, 0.955227036, -0.295873805, -1.06815225e-005, 0.295873805, 0.955227036, 1.10471716e-005, 6.93471041e-006, -1.37129397e-005, 1, 0.955226958, -0.295874057, -1.75401927e-005, 0.295874058, 0.955226958, 9.39823362e-006, 1.39741714e-005, -1.41671341e-005, 1, 0, 0, 0, 0, 0, 0, 0, 0.241557056, -0.188186621, -0.188885327, -0.313320776, 0.562725779, -0.764869133, -0.922119141, 0.0122070312, 0.38659668, 0.226979561, 0.826442042, 0.515278048, 0, -0, 0, 0, 0, 0, 0, 0.315148535, -0.142049023, -0.16149458, 0.169185942, 0.244690325, -0.95470074, -0.122070313, -0.955932617, -0.266723633, -0.977906704, 0.161716912, -0.131887968, 0, 1, 5, 1, 
297.594118, 23, 0.1, 0.1, 0.0111539433, 0.350949777, -0.0349669871, 0.955227439, -0.295872506, -3.63344528e-006, 0.295872506, 0.955227439, -7.64483682e-006, 5.73266366e-006, 6.22752134e-006, 1, 0.95522736, -0.295872761, 9.09624236e-006, 0.295872761, 0.95522736, -1.00698022e-005, -5.7095994e-006, 1.23102809e-005, 1, 0, 0, 0, 0, 0, 0, 0, 0.241557056, -0.188186621, -0.188885327, -0.313320776, 0.562725779, -0.764869133, -0.922119141, 0.0122070312, 0.38659668, 0.226979561, 0.826442042, 0.515278048, 0, -0, 0, 0, 0, 0, 0, 0.315148535, -0.142049023, -0.16149458, 0.169185942, 0.244690325, -0.95470074, -0.122070313, -0.955932617, -0.266723633, -0.977906704, 0.161716912, -0.131887968, 0, 1, 5, 1, 
297.594806, 23, 0.1, 0.1, 0.0111539444, 0.350949775, -0.0349704318, 0.95522785, -0.295871179, 1.20467109e-005, 0.295871179, 0.95522785, -1.90358591e-006, -1.09441375e-005, 5.38263284e-006, 1, 0.955227767, -0.295871447, 4.09942903e-006, 0.295871447, 0.955227767, 6.69349266e-006, -5.8963018e-006, -5.18090604e-006, 1, 0, 0, 0, 0, 0, 0, 0, 0.241557056, -0.188186621, -0.188885327, -0.313320776, 0.562725779, -0.764869133, -0.922119141, 0.0122070312, 0.38659668, 0.226979561, 0.826442042, 0.515278048, 0, -0, 0, 0, 0, 0, 0, 0.315148535, -0.142049023, -0.16149458, 0.169185942, 0.244690325, -0.95470074, -0.122070313, -0.955932617, -0.266723633, -0.977906704, 0.161716912, -0.131887968, 0, 1, 5, 1, 
297.5955, 23, 0.1, 0.1, 0.0111539442, 0.350949776, -0.0349734869, 0.955228265, -0.295869838, -1.08284076e-005, 0.295869838, 0.955228265, 6.26232859e-006, 8.49076686e-006, -9.18575248e-006, 1, 0.955228182, -0.295870106, -9.71944369e-006, 0.295870106, 0.955228182, 1.55415453e-006, 8.82445867e-006, -4.36026504e-006, 1, 0, 0, 0, 0, 0, 0, 0, 0.241557056, -0.188186621, -0.188885327, -0.313320776, 0.562725779, -0.764869133, -0.922119141, 0.0122070312, 0.38659668, 0.226979561, 0.826442042, 0.515278048, 0, -0, 0, 0, 0, 0, 0, 0.315148535, -0.142049023, -0.16149458, 0.169185942, 0.244690325, -0.95470074, -0.122070313, -0.955932617, -0.266723633, -0.977906704, 0.161716912, -0.131887968, 0, 1, 5, 1, 
297.59619, 23, 0.1, 0.1, 0.0111539423, 0.350949776, -0.0349752736, 0.955228676, -0.295868513, 6.43775904e-006, 0.295868513, 0.955228676, -6.92439586e-006, -4.10082133e-006, 8.51911168e-006, 1, 0.955228595, -0.295868774, 1.11520169e-005, 0.295868775, 0.955228595, -5.9273599e-006, -8.8990047e-006, 8.96151723e-006, 1, 0, 0, 0, 0, 0, 0, 0, 0.241557056, -0.188186621, -0.188885327, -0.313320776, 0.562725779, -0.764869133, -0.922119141, 0.0122070312, 0.38659668, 0.226979561, 0.826442042, 0.515278048, 0, -0, 0, 0, 0, 0, 0, 0.315148535, -0.142049023, -0.16149458, 0.169185942, 0.244690325, -0.95470074, -0.122070313, -0.955932617, -0.266723633, -0.977906704, 0.161716912, -0.131887968, 0, 1, 5, 1, 
297.596894, 23, 0.1, 0.1, 0.011153944, 0.350949774, -0.0349753237, 0.955229087, -0.295867186, 4.34558575e-006, 0.295867186, 0.955229087, 5.46625058e-006, -5.76831409e-006, -3.93580532e-006, 1, 0.955229, -0.295867465, -6.33175711e-006, 0.295867465, 0.955229, 7.70830232e-006, 3.76764214e-006, -9.23655485e-006, 1, 0, 0, 0, 0, 0, 0, 0, 0.241557056, -0.188186621, -0.188885327, -0.313320776, 0.562725779, -0.764869133, -0.922119141, 0.0122070312, 0.38659668, 0.226979561, 0.826442042, 0.515278048, 0, -0, 0, 0, 0, 0, 0, 0.315148535, -0.142049023, -0.16149458, 0.169185942, 0.244690325, -0.95470074, -0.122070313, -0.955932617, -0.266723633, -0.977906704, 0.161716912, -0.131887968, 0, 1, 5, 1, 
297.597589, 23, 0.1, 0.1, 0.0111539429, 0.350949776, -0.0349735912, 0.955229493, -0.295865873, -1.1412883e-005, 0.295865873, 0.955229493, 2.84670625e-006, 1.00596792e-005, -6.09594036e-006, 1, 0.955229412, -0.295866136, -4.3681973e-006, 0.295866136, 0.955229412, -5.16965272e-006, 5.70215571e-006, 3.64580268e-006, 1, 0, 0, 0, 0, 0, 0, 0, 0.241557056, -0.188186621, -0.188885327, -0.313320776, 0.562725779, -0.764869133, -0.922119141, 0.0122070312, 0.38659668, 0.226979561, 0.826442042, 0.515278048, 0, -0, 0, 0, 0, 0, 0, 0.315148535, -0.142049023, -0.16149458, 0.169185942, 0.244690325, -0.95470074, -0.122070313, -0.955932617, -0.266723633, -0.977906704, 0.161716912, -0.131887968, 0, 1, 5, 1, 
297.598308, 23, 0.1, 0.1, 0.0111539419, 0.350949775, -0.0349705035, 0.955229913, -0.295864518, 1.33937583e-005, 0.295864518, 0.955229913, -7.56687745e-006, -1.0555348e-005, 1.11908455e-005, 1, 0.955229832, -0.29586478, 1.29480286e-005, 0.29586478, 0.955229832, -2.47089183e-006, -1.16372933e-005, 6.19113521e-006, 1, 0, 0, 0, 0, 0, 0, 0, 0.241370435, -0.187422534, -0.189047778, -0.312597371, 0.564641753, -0.763802, -0.922363281, 0.0115966797, 0.386108398, 0.226864985, 0.825273438, 0.517333686, 0, -0, 0, 0, 0, 0, 0, 0.315155127, -0.14138208, -0.161428174, 0.169320104, 0.248178889, -0.953729527, -0.12097168, -0.955078125, -0.270141602, -0.978015345, 0.161224376, -0.131785889, 0, 1, 5, 1, 
297.598999, 23, 0.1, 0.1, 0.0111539442, 0.350949774, -0.0349674704, 0.955230322, -0.295863198, -8.48806246e-006, 0.295863198, 0.955230322, 1.0067558e-005, 5.12943474e-006, -1.21281419e-005, 1, 0.95523024, -0.295863461, -1.48217168e-005, 0.295863462, 0.95523024, 8.89146779e-006, 1.15274916e-005, -1.28786033e-005, 1, 0, 0, 0, 0, 0, 0, 0, 0.241370435, -0.187422534, -0.189047778, -0.312597371, 0.564641753, -0.763802, -0.922363281, 0.0115966797, 0.386108398, 0.226864985, 0.825273438, 0.517333686, 0, -0, 0, 0, 0, 0, 0, 0.315155127, -0.14138208, -0.161428174, 0.169320104, 0.248178889, -0.953729527, -0.12097168, -0.955078125, -0.270141602, -0.978015345, 0.161224376, -0.131785889, 0, 1, 5, 1, 
297.59969, 23, 0.1, 0.1, 0.0111539416, 0.350949775, -0.0349653027, 0.95523074, -0.295861848, -6.02014274e-006, 0.295861847, 0.95523074, -7.61987855e-006, 8.00505675e-006, 5.49761167e-006, 1, 0.955230658, -0.295862114, 8.02176997e-006, 0.295862114, 0.955230658, -1.05405777e-005, -4.54408301e-006, 1.24420208e-005, 1, 0, 0, 0, 0, 0, 0, 0, 0.241370435, -0.187422534, -0.189047778, -0.312597371, 0.564641753, -0.763802, -0.922363281, 0.0115966797, 0.386108398, 0.226864985, 0.825273438, 0.517333686, 0, -0, 0, 0, 0, 0, 0, 0.315155127, -0.14138208, -0.161428174, 0.169320104, 0.248178889, -0.953729527, -0.12097168, -0.955078125, -0.270141602, -0.978015345, 0.161224376, -0.131785889, 0, 1, 5, 1, 
297.600383, 23, 0.1, 0.1, 0.0111539431, 0.350949773, -0.0349645934, 0.955231176, -0.295860441, 1.37393785e-005, 0.295860441, 0.955231176, -3.03136007e-006, -1.22274231e-005, 6.96058821e-006, 1, 0.955231087, -0.295860728, 4.34895655e-006, 0.295860728, 0.955231087, 7.59008767e-006, -6.39986735e-006, -5.96360224e-006, 1, 0, 0, 0, 0, 0, 0, 0, 0.241370435, -0.187422534, -0.189047778, -0.312597371, 0.564641753, -0.763802, -0.922363281, 0.0115966797, 0.386108398, 0.226864985, 0.825273438, 0.517333686, 0, -0, 0, 0, 0, 0, 0, 0.315155127, -0.14138208, -0.161428174, 0.169320104, 0.248178889, -0.953729527, -0.12097168, -0.955078125, -0.270141602, -0.978015345, 0.161224376, -0.131785889, 0, 1, 5, 1, 
297.601089, 23, 0.1, 0.1, 0.011153944, 0.350949775, -0.0349653062, 0.955231631, -0.295858971, -1.68659923e-005, 0.295858971, 0.955231631, 8.13805074e-006, 1.3703214e-005, -1.27636786e-005, 1, 0.955231542, -0.29585926, -1.58004082e-005, 0.29585926, 0.955231542, 2.13711442e-006, 1.44607632e-005, -6.71613619e-006, 1, 0, 0, 0, 0, 0, 0, 0, 0.241370435, -0.187422534, -0.189047778, -0.312597371, 0.564641753, -0.763802, -0.922363281, 0.0115966797, 0.386108398, 0.226864985, 0.825273438, 0.517333686, 0, -0, 0, 0, 0, 0, 0, 0.315287939, -0.140956445, -0.161160742, 0.171262529, 0.251252208, -0.952592437, -0.119995117, -0.954345703, -0.2734375, -0.977811188, 0.161179167, -0.133262031, 0, 1, 5, 1, 
297.601776, 23, 0.1, 0.1, 0.0111539418, 0.350949775, -0.0349672562, 0.955232084, -0.29585751, 9.11898606e-006, 0.29585751, 0.955232084, -9.02981107e-006, -6.03921064e-006, 1.13234857e-005, 1, 0.955231994, -0.2958578, 1.48112809e-005, 0.2958578, 0.955231994, -7.38262282e-006, -1.19640028e-005, 1.14341505e-005, 1, 0, 0, 0, 0, 0, 0, 0, 0.241370435, -0.187422534, -0.189047778, -0.312597371, 0.564641753, -0.763802, -0.922363281, 0.0115966797, 0.386108398, 0.226864985, 0.825273438, 0.517333686, 0, -0, 0, 0, 0, 0, 0, 0.315287939, -0.140956445, -0.161160742, 0.171262529, 0.251252208, -0.952592437, -0.119995117, -0.954345703, -0.2734375, -0.977811188, 0.161179167, -0.133262031, 0, 1, 5, 1, 
297.602467, 23, 0.1, 0.1, 0.0111539438, 0.350949773, -0.0349698484, 0.955232541, -0.295856035, 4.86690878e-006, 0.295856035, 0.955232541, 6.66961566e-006, -6.62227568e-006, -4.93112958e-006, 1, 0.955232451, -0.295856325, -7.2563756e-006, 0.295856325, 0.955232451, 9.14683075e-006, 4.22537772e-006, -1.08841942e-005, 1, 0, 0, 0, 0, 0, 0, 0, 0.241370435, -0.187422534, -0.189047778, -0.312597371, 0.564641753, -0.763802, -0.922363281, 0.0115966797, 0.386108398, 0.226864985, 0.825273438, 0.517333686, 0, -0, 0, 0, 0, 0, 0, 0.315287939, -0.140956445, -0.161160742, 0.171262529, 0.251252208, -0.952592437, -0.119995117, -0.954345703, -0.2734375, -0.977811188, 0.161179167, -0.133262031, 0, 1, 5, 1, 
297.603173, 23, 0.1, 0.1, 0.0111539418, 0.350949775, -0.0349721801, 0.955233008, -0.295854525, -9.1508411e-006, 0.295854525, 0.955233008, 9.4114235e-007, 8.46274425e-006, -3.60632798e-006, 1, 0.955232916, -0.295854821, -1.71733915e-006, 0.295854821, 0.955232916, -7.27514886e-006, 3.79284675e-006, 6.4413786e-006, 1, 0, 0, 0, 0, 0, 0, 0, 0.241465405, -0.187144971, -0.188814526, -0.310706484, 0.565751947, -0.763693416, -0.923095703, 0.0115966797, 0.384277344, 0.226318314, 0.824479641, 0.518799591, 0, -0, 0, 0, 0, 0, 0, 0.315287939, -0.140956445, -0.161160742, 0.171262529, 0.251252208, -0.952592437, -0.119995117, -0.954345703, -0.2734375, -0.977811188, 0.161179167, -0.133262031, 0, 1, 5, 1, 
297.603865, 23, 0.1, 0.1, 0.0111539406, 0.350949774, -0.0349735981, 0.955233462, -0.295853061, 1.29439858e-005, 0.295853061, 0.955233462, -7.21282372e-006, -1.02305924e-005, 1.07194484e-005, 1, 0.955233371, -0.295853354, 1.22330449e-005, 0.295853354, 0.955233371, -2.69294535e-006, -1.08886958e-005, 6.19157862e-006, 1, 0, 0, 0, 0, 0, 0, 0, 0.241465405, -0.187144971, -0.188814526, -0.310706484, 0.565751947, -0.763693416, -0.923095703, 0.0115966797, 0.384277344, 0.226318314, 0.824479641, 0.518799591, 0, -0, 0, 0, 0, 0, 0, 0.315287939, -0.140956445, -0.161160742, 0.171262529, 0.251252208, -0.952592437, -0.119995117, -0.954345703, -0.2734375, -0.977811188, 0.161179167, -0.133262031, 0, 1, 5, 1, 
297.604559, 23, 0.1, 0.1, 0.011153942, 0.350949774, -0.0349737836, 0.955233908, -0.295851621, -6.37868661e-006, 0.295851621, 0.955233908, 7.91747577e-006, 3.75073969e-006, -9.45018609e-006, 1, 0.95523382, -0.295851905, -1.11332214e-005, 0.295851905, 0.95523382, 6.6686416e-006, 8.66189928e-006, -9.66389675e-006, 1, 0, 0, 0, 0, 0, 0, 0, 0.241465405, -0.187144971, -0.188814526, -0.310706484, 0.565751947, -0.763693416, -0.923095703, 0.0115966797, 0.384277344, 0.226318314, 0.824479641, 0.518799591, 0, -0, 0, 0, 0, 0, 0, 0.315287939, -0.140956445, -0.161160742, 0.171262529, 0.251252208, -0.952592437, -0.119995117, -0.954345703, -0.2734375, -0.977811188, 0.161179167, -0.133262031, 0, 1, 5, 1, 
297.605263, 23, 0.1, 0.1, 0.0111539401, 0.350949775, -0.0349727297, 0.955234353, -0.295850182, -6.45010567e-006, 0.295850182, 0.955234353, -4.57521608e-006, 7.51494103e-006, 2.46213864e-006, 1, 0.95523426, -0.295850484, 5.78718239e-006, 0.295850484, 0.95523426, -7.26702842e-006, -3.37816101e-006, 8.65385523e-006, 1, 0, 0, 0, 0, 0, 0, 0, 0.241465405, -0.187144971, -0.188814526, -0.308523166, 0.566741574, -0.763921446, -0.923706055, 0.0129394531, 0.3828125, 0.226837654, 0.823704939, 0.519700851, 0, -0, 0, 0, 0, 0, 0, 0.315287939, -0.140956445, -0.161160742, 0.171262529, 0.251252208, -0.952592437, -0.119995117, -0.954345703, -0.2734375, -0.977811188, 0.161179167, -0.133262031, 0, 1, 5, 1, 
297.605967, 23, 0.1, 0.1, 0.011153942, 0.350949772, -0.0349705991, 0.955234801, -0.295848736, 9.80566874e-006, 0.295848736, 0.955234801, -8.93457771e-007, -9.10238767e-006, 3.75445666e-006, 1, 0.955234713, -0.295849022, 1.91074228e-006, 0.295849022, 0.955234713, 8.14105178e-006, -4.23372956e-006, -7.21132402e-006, 1, 0, 0, 0, 0, 0, 0, 0, 0.241801807, -0.186873511, -0.188600195, -0.308523166, 0.566741574, -0.763921446, -0.923706055, 0.0129394531, 0.3828125, 0.226837654, 0.823704939, 0.519700851, 0, -0, 0, 0, 0, 0, 0, 0.315380957, -0.140712305, -0.160874756, 0.172585187, 0.254747335, -0.951410504, -0.119750977, -0.95324707, -0.276977539, -0.977549429, 0.161792005, -0.133997004, 0, 1, 5, 1, 
297.606658, 23, 0.1, 0.1, 0.0111539434, 0.350949773, -0.0349684256, 0.95523524, -0.295847318, -1.55656006e-005, 0.295847318, 0.95523524, 8.98113765e-006, 1.22117647e-005, -1.31841404e-005, 1, 0.955235153, -0.295847601, -1.50672296e-005, 0.295847601, 0.955235153, 3.78965648e-006, 1.32715866e-005, -8.07761682e-006, 1, 0, 0, 0, 0, 0, 0, 0, 0.241801807, -0.186873511, -0.188600195, -0.308523166, 0.566741574, -0.763921446, -0.923706055, 0.0129394531, 0.3828125, 0.226837654, 0.823704939, 0.519700851, 0, -0, 0, 0, 0, 0, 0, 0.315380957, -0.140712305, -0.160874756, 0.172585187, 0.254747335, -0.951410504, -0.119750977, -0.95324707, -0.276977539, -0.977549429, 0.161792005, -0.133997004, 0, 1, 5, 1, 
297.607354, 23, 0.1, 0.1, 0.011153941, 0.350949773, -0.0349667678, 0.955235687, -0.295845875, 8.55017997e-006, 0.295845875, 0.955235687, -1.07019983e-005, -5.00129498e-006, 1.27524662e-005, 1, 0.955235599, -0.295846161, 1.47613656e-005, 0.295846161, 0.955235599, -9.17549882e-006, -1.13860458e-005, 1.31318565e-005, 1, 0, 0, 0, 0, 0, 0, 0, 0.241801807, -0.186873511, -0.188600195, -0.308523166, 0.566741574, -0.763921446, -0.923706055, 0.0129394531, 0.3828125, 0.226837654, 0.823704939, 0.519700851, 0, -0, 0, 0, 0, 0, 0, 0.315380957, -0.140712305, -0.160874756, 0.172585187, 0.254747335, -0.951410504, -0.119750977, -0.95324707, -0.276977539, -0.977549429, 0.161792005, -0.133997004, 0, 1, 5, 1, 
297.608046, 23, 0.1, 0.1, 0.0111539431, 0.350949772, -0.0349660974, 0.955236138, -0.295844421, 6.56767987e-006, 0.295844421, 0.955236138, 6.63439873e-006, -8.236435e-006, -4.39440598e-006, 1, 0.955236048, -0.295844711, -7.51738674e-006, 0.295844711, 0.955236048, 9.23620801e-006, 4.44839552e-006, -1.10467379e-005, 1, 0, 0, 0, 0, 0, 0, 0, 0.241801807, -0.186873511, -0.188600195, -0.308523166, 0.566741574, -0.763921446, -0.923706055, 0.0129394531, 0.3828125, 0.226837654, 0.823704939, 0.519700851, 0, -0, 0, 0, 0, 0, 0, 0.315380957, -0.140712305, -0.160874756, 0.172585187, 0.254747335, -0.951410504, -0.119750977, -0.95324707, -0.276977539, -0.977549429, 0.161792005, -0.133997004, 0, 1, 5, 1, 
297.608736, 23, 0.1, 0.1, 0.0111539409, 0.350949774, -0.0349665524, 0.955236598, -0.295842935, -1.15068448e-005, 0.295842935, 0.955236598, 1.75183904e-006, 1.04734901e-005, -5.0776395e-006, 1, 0.955236505, -0.295843234, -2.48226453e-006, 0.295843234, 0.955236505, -8.06821056e-006, 4.7580752e-006, 6.97268809e-006, 1, 0, 0, 0, 0, 0, 0, 0, 0.241801807, -0.186873511, -0.188600195, -0.308523166, 0.566741574, -0.763921446, -0.923706055, 0.0129394531, 0.3828125, 0.226837654, 0.823704939, 0.519700851, 0, -0, 0, 0, 0, 0, 0, 0.315380957, -0.140712305, -0.160874756, 0.172585187, 0.254747335, -0.951410504, -0.119750977, -0.95324707, -0.276977539, -0.977549429, 0.161792005, -0.133997004, 0, 1, 5, 1, 
297.609434, 23, 0.1, 0.1, 0.0111539398, 0.350949773, -0.0349678629, 0.955237067, -0.295841419, 1.50676437e-005, 0.295841419, 0.955237067, -8.44018076e-006, -1.18962167e-005, 1.25200066e-005, 1, 0.955236974, -0.29584172, 1.42245259e-005, 0.29584172, 0.955236974, -2.84378962e-006, -1.27464815e-005, 6.9247012e-006, 1, 0, 0, 0, 0, 0, 0, 0, 0.241801807, -0.186873511, -0.188600195, -0.308523166, 0.566741574, -0.763921446, -0.923706055, 0.0129394531, 0.3828125, 0.226837654, 0.823704939, 0.519700851, 0, -0, 0, 0, 0, 0, 0, 0.315380957, -0.140712305, -0.160874756, 0.172585187, 0.254747335, -0.951410504, -0.119750977, -0.95324707, -0.276977539, -0.977549429, 0.161792005, -0.133997004, 0, 1, 5, 1, 
297.610153, 23, 0.1, 0.1, 0.0111539418, 0.350949772, -0.0349696072, 0.955237552, -0.295839855, -7.92618019e-006, 0.295839855, 0.955237552, 9.31223738e-006, 4.81645401e-006, -1.12402788e-005, 1, 0.95523745, -0.295840183, -1.38508974e-005, 0.295840183, 0.95523745, 7.79976468e-006, 1.09234121e-005, -1.15482793e-005, 1, 0, 0, 0, 0, 0, 0, 0, 0.241861377, -0.18682395, -0.188803174, -0.307405859, 0.567750297, -0.763565735, -0.923828125, 0.0139160156, 0.382324219, 0.227649426, 0.823050806, 0.520386063, 0, -0, 0, 0, 0, 0, 0, 0.315380957, -0.140712305, -0.160874756, 0.172233742, 0.2583573, -0.95050309, -0.118896484, -0.952392578, -0.280395508, -0.97770911, 0.161312228, -0.133287917, 0, 1, 5, 1, 
297.610849, 23, 0.1, 0.1, 0.0111539395, 0.350949773, -0.034970966, 0.955238018, -0.295838348, -5.04496085e-006, 0.295838348, 0.955238018, -5.99938347e-006, 6.5939861e-006, 4.2383463e-006, 1, 0.955237926, -0.295838646, 6.90496682e-006, 0.295838646, 0.955237926, -8.36851168e-006, -4.12015702e-006, 1.00366758e-005, 1, 0, 0, 0, 0, 0, 0, 0, 0.241861377, -0.18682395, -0.188803174, -0.307405859, 0.567750297, -0.763565735, -0.923828125, 0.0139160156, 0.382324219, 0.227649426, 0.823050806, 0.520386063, 0, -0, 0, 0, 0, 0, 0, 0.315354346, -0.140260303, -0.161023047, 0.172233742, 0.2583573, -0.95050309, -0.118896484, -0.952392578, -0.280395508, -0.97770911, 0.161312228, -0.133287917, 0, 1, 5, 1, 
297.611539, 23, 0.1, 0.1, 0.0111539411, 0.350949772, -0.0349718684, 0.95523848, -0.295836857, 9.59676248e-006, 0.295836857, 0.95523848, -1.88876495e-006, -8.60843052e-006, 4.64329701e-006, 1, 0.955238388, -0.295837155, 2.13242822e-006, 0.295837155, 0.955238388, 6.54185812e-006, -3.97230199e-006, -5.61818251e-006, 1, 0, 0, 0, 0, 0, 0, 0, 0.241861377, -0.18682395, -0.188803174, -0.307405859, 0.567750297, -0.763565735, -0.923828125, 0.0139160156, 0.382324219, 0.227649426, 0.823050806, 0.520386063, 0, -0, 0, 0, 0, 0, 0, 0.315354346, -0.140260303, -0.161023047, 0.172233742, 0.2583573, -0.95050309, -0.118896484, -0.952392578, -0.280395508, -0.97770911, 0.161312228, -0.133287917, 0, 1, 5, 1, 
297.612231, 23, 0.1, 0.1, 0.0111539421, 0.350949773, -0.0349721286, 0.955238937, -0.295835383, -1.35816219e-005, 0.295835383, 0.955238937, 6.70030668e-006, 1.09915063e-005, -1.04183181e-005, 1, 0.955238846, -0.295835675, -1.29196531e-005, 0.295835675, 0.955238846, 2.01043986e-006, 1.17465947e-005, -5.74254455e-006, 1, 0, 0, 0, 0, 0, 0, 0, 0.241861377, -0.18682395, -0.188803174, -0.307405859, 0.567750297, -0.763565735, -0.923828125, 0.0139160156, 0.382324219, 0.227649426, 0.823050806, 0.520386063, 0, -0, 0, 0, 0, 0, 0, 0.315354346, -0.140260303, -0.161023047, 0.172233742, 0.2583573, -0.95050309, -0.118896484, -0.952392578, -0.280395508, -0.97770911, 0.161312228, -0.133287917, 0, 1, 5, 1, 
297.612935, 23, 0.1, 0.1, 0.0111539401, 0.350949773, -0.0349716593, 0.955239397, -0.295833897, 6.89450303e-006, 0.295833897, 0.955239397, -7.92259027e-006, -4.24213016e-006, 9.60759805e-006, 1, 0.955239299, -0.295834214, 1.25758547e-005, 0.295834214, 0.955239299, -6.85751418e-006, -9.98426326e-006, 1.02709351e-005, 1, 0, 0, 0, 0, 0, 0, 0, 0.241861377, -0.18682395, -0.188803174, -0.307405859, 0.567750297, -0.763565735, -0.923828125, 0.0139160156, 0.382324219, 0.227649426, 0.823050806, 0.520386063, 0, -0, 0, 0, 0, 0, 0, 0.315354346, -0.140260303, -0.161023047, 0.172233742, 0.2583573, -0.95050309, -0.118896484, -0.952392578, -0.280395508, -0.97770911, 0.161312228, -0.133287917, 0, 1, 5, 1, 
297.613628, 23, 0.1, 0.1, 0.011153942, 0.350949771, -0.0349705508, 0.955239846, -0.295832447, 5.76247765e-006, 0.295832447, 0.955239846, 7.34267664e-006, -7.67675026e-006, -5.30928944e-006, 1, 0.955239757, -0.295832735, -6.50796756e-006, 0.295832735, 0.955239757, 9.81233097e-006, 3.31386065e-006, -1.12983985e-005, 1, 0, 0, 0, 0, 0, 0, 0, 0.241861377, -0.18682395, -0.188803174, -0.307405859, 0.567750297, -0.763565735, -0.923828125, 0.0139160156, 0.382324219, 0.227649426, 0.823050806, 0.520386063, 0, -0, 0, 0, 0, 0, 0, 0.315354346, -0.140260303, -0.161023047, 0.172233742, 0.2583573, -0.95050309, -0.118896484, -0.952392578, -0.280395508, -0.97770911, 0.161312228, -0.133287917, 0, 1, 5, 1, 
297.614321, 23, 0.1, 0.1, 0.0111539403, 0.350949772, -0.034969278, 0.955240298, -0.295830986, -1.16505294e-005, 0.295830986, 0.955240298, 3.01401227e-006, 1.02374169e-005, -6.32569356e-006, 1, 0.955240207, -0.295831281, -3.45231332e-006, 0.295831281, 0.955240207, -5.95308776e-006, 5.05889807e-006, 4.66532651e-006, 1, 0, 0, 0, 0, 0, 0, 0, 0.241861377, -0.18682395, -0.188803174, -0.307405859, 0.567750297, -0.763565735, -0.923828125, 0.0139160156, 0.382324219, 0.227649426, 0.823050806, 0.520386063, 0, -0, 0, 0, 0, 0, 0, 0.315354346, -0.140260303, -0.161023047, 0.172233742, 0.2583573, -0.95050309, -0.118896484, -0.952392578, -0.280395508, -0.97770911, 0.161312228, -0.133287917, 0, 1, 5, 1, 
