time, trialNum, realDorsalTactorPos, realVentralTactorPos, boxPosX, boxPosY, boxPosZ, boxLocalRot_11, boxLocalRot_12, boxLocalRot_13, boxLocalRot_21, boxLocalRot_22, boxLocalRot_23, boxLocalRot_31, boxLocalRot_32, boxLocalRot_33, boxGlobalRot_11, boxGlobalRot_12, boxGlobalRot_13, boxGlobalRot_21, boxGlobalRot_22, boxGlobalRot_23, boxGlobalRot_31, boxGlobalRot_32, boxGlobalRot_33, indexForceX, indexForceY, indexForceZ, indexForceGlobalX, indexForceGlobalY, indexForceGlobalZ, indexContact, indexPosX, indexPosY, indexPosZ, indexRot_11, indexRot_12, indexRot_13, indexRot_21, indexRot_22, indexRot_23, indexRot_31, indexRot_32, indexRot_33, thumbForceX, thumbForceY, thumbForceZ, thumbForceGlobalX, thumbForceGlobalY, thumbForceGlobalZ, thumbContact, thumbPosX, thumbPosY, thumbPosZ, thumbRot_11, thumbRot_12, thumbRot_13, thumbRot_21, thumbRot_22, thumbRot_23, thumbRot_31, thumbRot_32, thumbRot_33, manipForceTooHigh, cceExpType, mapping, trialSuccess, 
282.287605, 20, 0.1, 0.1, 0.0310026657, 0.365456127, -0.0349740396, 0.953220455, -0.302275972, 4.43498543e-006, 0.302275972, 0.953220455, 1.12803178e-005, -7.63728785e-006, -9.41204012e-006, 1, 0.953220454, -0.302275977, -4.29925552e-006, 0.302275977, 0.953220454, 6.37912948e-006, 2.1698807e-006, -7.38027836e-006, 1, 0, 0, 0, 0, 0, 0, 0, 0.229546387, -0.171128564, -0.159768262, -0.4488599, 0.606008005, -0.656619472, -0.859741211, -0.0926513672, 0.502197266, 0.243626764, 0.789924746, 0.562771568, 0, -0, 0, 0, 0, 0, 0, 0.289147314, -0.116294922, -0.138188184, -0.0829447551, 0.332707408, -0.939256308, -0.00122070312, -0.942504883, -0.333740234, -0.996428432, -0.0264023973, 0.0785206571, 0, 1, 5, 1, 
282.288359, 20, 0.1, 0.1, 0.0310026548, 0.365456139, -0.0349486685, 0.953220642, -0.302275383, -1.24250217e-005, 0.302275383, 0.953220642, 1.47410326e-005, 7.38793586e-006, -1.78072348e-005, 1, 0.953220616, -0.302275465, -1.26851387e-005, 0.302275465, 0.953220616, 3.33425771e-006, 1.10838714e-005, -7.01268939e-006, 1, 0, 0, 0, 0, 0, 0, 0, 0.229714453, -0.170489355, -0.158871387, -0.449712107, 0.605405168, -0.656631455, -0.860351562, -0.0961914063, 0.500366211, 0.239806799, 0.790020226, 0.564256569, 0, 0, 0, 0, 0, 0, 0, 0.288907471, -0.115934131, -0.137990088, -0.0831875583, 0.332246955, -0.939435312, 0.00146484375, -0.942626953, -0.333496094, -0.996453951, -0.0290283898, 0.0778881295, 0, 1, 5, 1, 
282.289157, 20, 0.1, 0.1, 0.0310026577, 0.365456141, -0.0349453234, 0.953220856, -0.302274707, -1.97785477e-005, 0.302274707, 0.953220856, -1.9599797e-005, 2.47778471e-005, 1.27043805e-005, 1, 0.953220788, -0.302274923, -1.13124109e-005, 0.302274923, 0.953220788, -2.06365146e-005, 1.70211261e-005, 1.62516966e-005, 1, 0, 0, 0, 0, 0, 0, 0, 0.229714453, -0.170489355, -0.158871387, -0.449712107, 0.605405168, -0.656631455, -0.860351562, -0.0961914063, 0.500366211, 0.239806799, 0.790020226, 0.564256569, 0, 0, 0, 0, 0, 0, 0, 0.288907471, -0.115934131, -0.137990088, -0.0831875583, 0.332246955, -0.939435312, 0.00146484375, -0.942626953, -0.333496094, -0.996453951, -0.0290283898, 0.0778881295, 0, 1, 5, 1, 
282.290279, 20, 0.1, 0.1, 0.0310026591, 0.365456138, -0.0349449689, 0.953221295, -0.302273324, -2.03542775e-005, 0.302273324, 0.953221295, 9.70725864e-006, 1.64678854e-005, -1.54057208e-005, 1, 0.953221206, -0.302273606, 7.07632988e-006, 0.302273606, 0.953221206, 4.44755871e-007, -6.87974566e-006, 1.71503703e-006, 1, 0, 0, 0, 0, 0, 0, 0, 0.229714453, -0.170489355, -0.158871387, -0.449712107, 0.605405168, -0.656631455, -0.860351562, -0.0961914063, 0.500366211, 0.239806799, 0.790020226, 0.564256569, 0, 0, 0, 0, 0, 0, 0, 0.288907471, -0.115934131, -0.137990088, -0.0831875583, 0.332246955, -0.939435312, 0.00146484375, -0.942626953, -0.333496094, -0.996453951, -0.0290283898, 0.0778881295, 0, 1, 5, 1, 
282.291122, 20, 0.1, 0.1, 0.0310026578, 0.365456138, -0.0349487088, 0.953221579, -0.302272426, 4.44718119e-005, 0.302272426, 0.95322158, -4.90895213e-006, -4.090765e-005, 1.81219216e-005, 0.999999999, 0.953221547, -0.302272528, 3.27587738e-005, 0.302272529, 0.953221547, -1.07985565e-005, -2.79622621e-005, 2.01954941e-005, 0.999999999, 0, 0, 0, 0, 0, 0, 0, 0.229714453, -0.170489355, -0.158871387, -0.449712107, 0.605405168, -0.656631455, -0.860351562, -0.0961914063, 0.500366211, 0.239806799, 0.790020226, 0.564256569, 0, 0, 0, 0, 0, 0, 0, 0.288907471, -0.115934131, -0.137990088, -0.0831875583, 0.332246955, -0.939435312, 0.00146484375, -0.942626953, -0.333496094, -0.996453951, -0.0290283898, 0.0778881295, 0, 1, 5, 1, 
282.291847, 20, 0.1, 0.1, 0.0310026543, 0.365456132, -0.034957759, 0.953221656, -0.302272187, -2.23549463e-005, 0.302272187, 0.953221656, 8.08155527e-006, 1.88663895e-005, -1.4460792e-005, 1, 0.953221655, -0.302272188, -9.25544989e-006, 0.302272188, 0.953221655, 1.97713689e-005, 2.84616032e-006, -2.16441621e-005, 1, 0, 0, 0, 0, 0, 0, 0, 0.229516357, -0.170542334, -0.158276123, -0.449185654, 0.60431407, -0.658028089, -0.860717773, -0.0955810547, 0.499755859, 0.239229049, 0.790934591, 0.563241855, 0, 0, 0, 0, 0, 0, 0, 0.288907471, -0.115934131, -0.137990088, -0.0834303615, 0.331435423, -0.939703635, 0.00183105469, -0.942871094, -0.332641602, -0.996479471, -0.0294819133, 0.078105413, 0, 1, 5, 1, 
282.292552, 20, 0.1, 0.1, 0.0310026558, 0.365456141, -0.0349688496, 0.953221574, -0.302272443, 2.36881189e-005, 0.302272444, 0.953221574, -2.82004169e-005, -1.40558171e-005, 3.40415114e-005, 0.999999999, 0.9532216, -0.302272363, 7.47460324e-006, 0.302272363, 0.953221599, -3.48753266e-005, 3.41689414e-006, 3.55032807e-005, 0.999999999, 0, 0, 0, 0, 0, 0, 0, 0.229516357, -0.170542334, -0.158276123, -0.449185654, 0.60431407, -0.658028089, -0.860717773, -0.0955810547, 0.499755859, 0.239229049, 0.790934591, 0.563241855, 0, 0, 0, 0, 0, 0, 0, 0.288667627, -0.115774121, -0.137780029, -0.0834303615, 0.331435423, -0.939703635, 0.00183105469, -0.942871094, -0.332641602, -0.996479471, -0.0294819133, 0.078105413, 0, 1, 5, 1, 
282.293249, 20, 0.1, 0.1, 0.0310026462, 0.365456138, -0.0349789425, 0.953221378, -0.302273062, 1.70524879e-005, 0.302273061, 0.953221378, 2.5329457e-005, -2.39112085e-005, -1.89900722e-005, 1, 0.953221424, -0.302272918, 2.60938212e-005, 0.302272917, 0.953221424, 2.07884528e-005, -3.11569757e-005, -1.19285431e-005, 0.999999999, 0, 0, 0, 0, 0, 0, 0, 0.229516357, -0.170542334, -0.158276123, -0.449185654, 0.60431407, -0.658028089, -0.860717773, -0.0955810547, 0.499755859, 0.239229049, 0.790934591, 0.563241855, 0, 0, 0, 0, 0, 0, 0, 0.288667627, -0.115774121, -0.137780029, -0.0834303615, 0.331435423, -0.939703635, 0.00183105469, -0.942871094, -0.332641602, -0.996479471, -0.0294819133, 0.078105413, 0, 1, 5, 1, 
282.293955, 20, 0.1, 0.1, 0.0310026511, 0.365456133, -0.0349854303, 0.953221101, -0.302273937, -2.16318524e-005, 0.302273937, 0.953221101, -3.70454027e-006, 2.17397241e-005, -3.00749922e-006, 1, 0.953221163, -0.302273739, -2.06578124e-005, 0.302273739, 0.953221164, 6.12777746e-006, 1.78391977e-005, -1.20854413e-005, 1, 0, 0, 0, 0, 0, 0, 0, 0.229516357, -0.170542334, -0.158276123, -0.449185654, 0.60431407, -0.658028089, -0.860717773, -0.0955810547, 0.499755859, 0.239229049, 0.790934591, 0.563241855, 0, 0, 0, 0, 0, 0, 0, 0.288667627, -0.115774121, -0.137780029, -0.0834303615, 0.331435423, -0.939703635, 0.00183105469, -0.942871094, -0.332641602, -0.996479471, -0.0294819133, 0.078105413, 0, 1, 5, 1, 
282.294678, 20, 0.1, 0.1, 0.0310026543, 0.365456141, -0.0349864904, 0.953220766, -0.302274994, 7.2390766e-006, 0.302274994, 0.953220765, -2.25007843e-005, -9.90137068e-008, 2.36364066e-005, 1, 0.953220831, -0.302274786, -8.03500024e-007, 0.302274786, 0.953220831, -2.60552772e-005, 8.64176631e-006, 2.45935552e-005, 1, 0, 0, 0, 0, 0, 0, 0, 0.229065723, -0.170520605, -0.158473608, -0.449312213, 0.604758148, -0.657526723, -0.860473633, -0.0953369141, 0.500366211, 0.239990646, 0.790617072, 0.563286038, 0, 0, 0, 0, 0, 0, 0, 0.288444385, -0.115760693, -0.137780029, -0.0834303615, 0.331518545, -0.939703635, 0.00158691406, -0.942871094, -0.332885742, -0.996479471, -0.0291049487, 0.078105413, 0, 1, 5, 1, 
282.295377, 20, 0.1, 0.1, 0.0310026523, 0.365456141, -0.0349823966, 0.953220413, -0.302276107, -3.17293109e-006, 0.302276107, 0.953220413, 1.54868184e-005, -1.65679249e-006, -1.57214527e-005, 1, 0.953220486, -0.302275877, 4.63429008e-006, 0.302275877, 0.953220486, 9.6755931e-006, -7.34219863e-006, -7.82213946e-006, 1, 0, 0, 0, 0, 0, 0, 0, 0.229065723, -0.170520605, -0.158473608, -0.449312213, 0.604758148, -0.657526723, -0.860473633, -0.0953369141, 0.500366211, 0.239990646, 0.790617072, 0.563286038, 0, 0, 0, 0, 0, 0, 0, 0.288444385, -0.115760693, -0.137780029, -0.0834303615, 0.331518545, -0.939703635, 0.00158691406, -0.942871094, -0.332885742, -0.996479471, -0.0291049487, 0.078105413, 0, 1, 5, 1, 
282.296074, 20, 0.1, 0.1, 0.0310026568, 0.365456138, -0.0349748918, 0.95322004, -0.302277281, 7.77371317e-007, 0.302277281, 0.95322004, -6.76817871e-006, 1.30486074e-006, 6.68654527e-006, 1, 0.953220113, -0.302277051, -1.06969599e-005, 0.302277051, 0.953220113, 3.04232927e-006, 9.27693102e-006, -6.13345495e-006, 1, 0, 0, 0, 0, 0, 0, 0, 0.229065723, -0.170520605, -0.158473608, -0.449312213, 0.604758148, -0.657526723, -0.860473633, -0.0953369141, 0.500366211, 0.239990646, 0.790617072, 0.563286038, 0, 0, 0, 0, 0, 0, 0, 0.288444385, -0.115760693, -0.137780029, -0.0834303615, 0.331518545, -0.939703635, 0.00158691406, -0.942871094, -0.332885742, -0.996479471, -0.0291049487, 0.078105413, 0, 1, 5, 1, 
282.296773, 20, 0.1, 0.1, 0.0310026524, 0.365456139, -0.0349665563, 0.953219657, -0.302278488, -1.3281381e-006, 0.302278488, 0.953219657, 1.11861314e-005, -2.11531955e-006, -1.10643079e-005, 1, 0.953219732, -0.302278254, 1.38640282e-005, 0.302278254, 0.953219732, 8.07404363e-007, -1.3459526e-005, 3.42116047e-006, 1, 0, 0, 0, 0, 0, 0, 0, 0.229065723, -0.170520605, -0.158473608, -0.449312213, 0.604758148, -0.657526723, -0.860473633, -0.0953369141, 0.500366211, 0.239990646, 0.790617072, 0.563286038, 0, 0, 0, 0, 0, 0, 0, 0.288444385, -0.115760693, -0.137780029, -0.0834303615, 0.331518545, -0.939703635, 0.00158691406, -0.942871094, -0.332885742, -0.996479471, -0.0291049487, 0.078105413, 0, 1, 5, 1, 
282.297469, 20, 0.1, 0.1, 0.0310026602, 0.365456138, -0.0349599004, 0.953219253, -0.302279765, -3.23097135e-006, 0.302279765, 0.953219252, -2.07411072e-005, 9.34944112e-006, 1.87941655e-005, 1, 0.953219332, -0.302279513, -2.10050883e-005, 0.302279513, 0.953219333, -6.44866029e-006, 2.19717541e-005, -2.02420193e-007, 1, 0, 0, 0, 0, 0, 0, 0, 0.229065723, -0.170520605, -0.158473608, -0.449312213, 0.604758148, -0.657526723, -0.860473633, -0.0953369141, 0.500366211, 0.239990646, 0.790617072, 0.563286038, 0, 0, 0, 0, 0, 0, 0, 0.288444385, -0.115760693, -0.137780029, -0.0834303615, 0.331518545, -0.939703635, 0.00158691406, -0.942871094, -0.332885742, -0.996479471, -0.0291049487, 0.078105413, 0, 1, 5, 1, 
282.298167, 20, 0.1, 0.1, 0.0310026531, 0.365456142, -0.0349565909, 0.953218806, -0.302281172, 5.11493744e-006, 0.302281172, 0.953218806, 1.06383909e-005, -8.09143983e-006, -8.59456497e-006, 1, 0.953218896, -0.302280888, 2.33072146e-005, 0.302280888, 0.953218896, -5.56042471e-006, -2.05360673e-005, 1.23456275e-005, 1, 0, 0, 0, 0, 0, 0, 0, 0.229065723, -0.170520605, -0.158473608, -0.449312213, 0.604758148, -0.657526723, -0.860473633, -0.0953369141, 0.500366211, 0.239990646, 0.790617072, 0.563286038, 0, 0, 0, 0, 0, 0, 0, 0.288444385, -0.115760693, -0.137780029, -0.0834303615, 0.331518545, -0.939703635, 0.00158691406, -0.942871094, -0.332885742, -0.996479471, -0.0291049487, 0.078105413, 0, 1, 5, 1, 
282.298879, 20, 0.1, 0.1, 0.0310026606, 0.36545614, -0.0349573042, 0.953218314, -0.302282725, -1.62392561e-006, 0.302282725, 0.953218314, -1.45496903e-005, 5.94607567e-006, 1.33781466e-005, 1, 0.953218419, -0.302282393, -2.1811417e-005, 0.302282393, 0.953218419, 1.10888942e-006, 2.04558467e-005, -7.65022115e-006, 1, 0, 0, 0, 0, 0, 0, 0, 0.229065723, -0.170520605, -0.158473608, -0.449343292, 0.605100754, -0.657184117, -0.860107422, -0.0943603516, 0.501220703, 0.241355079, 0.790439217, 0.563108183, 0, 0, 0, 0, 0, 0, 0, 0.288444385, -0.115760693, -0.137780029, -0.0834303615, 0.331518545, -0.939703635, 0.00158691406, -0.942871094, -0.332885742, -0.996479471, -0.0291049487, 0.078105413, 0, 1, 5, 1, 
282.299591, 20, 0.1, 0.1, 0.0310026515, 0.365456143, -0.0349612667, 0.953217788, -0.302284383, 1.24343193e-005, 0.302284383, 0.953217788, 1.12564374e-005, -1.52552596e-005, -6.97113586e-006, 1, 0.95321789, -0.302284062, 2.89946163e-005, 0.302284062, 0.95321789, -2.24387317e-006, -2.69598999e-005, 1.09035104e-005, 1, 0, 0, 0, 0, 0, 0, 0, 0.228845044, -0.17072688, -0.158903125, -0.449343292, 0.605100754, -0.657184117, -0.860107422, -0.0943603516, 0.501220703, 0.241355079, 0.790439217, 0.563108183, 0, 0, 0, 0, 0, 0, 0, 0.288237744, -0.115958545, -0.137999854, -0.0831875583, 0.331512348, -0.939729155, 0.000244140626, -0.942871094, -0.332763672, -0.996453951, -0.0278781729, 0.0783482162, 0, 1, 5, 1, 
282.300286, 20, 0.1, 0.1, 0.0310026571, 0.36545614, -0.0349673456, 0.953217255, -0.302286064, -5.81008857e-006, 0.302286064, 0.953217255, -7.92798787e-006, 7.93479693e-006, 5.80078603e-006, 1, 0.95321736, -0.302285732, -1.80501166e-005, 0.302285732, 0.95321736, 3.33715898e-006, 1.6196909e-005, -8.6373306e-006, 1, 0, 0, 0, 0, 0, 0, 0, 0.228845044, -0.17072688, -0.158903125, -0.449343292, 0.605100754, -0.657184117, -0.860107422, -0.0943603516, 0.501220703, 0.241355079, 0.790439217, 0.563108183, 0, 0, 0, 0, 0, 0, 0, 0.288237744, -0.115958545, -0.137999854, -0.0831875583, 0.331512348, -0.939729155, 0.000244140626, -0.942871094, -0.332763672, -0.996453951, -0.0278781729, 0.0783482162, 0, 1, 5, 1, 
282.300984, 20, 0.1, 0.1, 0.0310026532, 0.365456142, -0.0349736999, 0.953216722, -0.302287745, 3.32203367e-006, 0.302287745, 0.953216722, 7.19719555e-006, -5.34224206e-006, -5.85627708e-006, 1, 0.953216825, -0.302287421, 1.41387126e-005, 0.302287422, 0.953216825, -1.73719644e-006, -1.29521261e-005, 5.92987984e-006, 1, 0, 0, 0, 0, 0, 0, 0, 0.228845044, -0.17072688, -0.158903125, -0.449343292, 0.605100754, -0.657184117, -0.860107422, -0.0943603516, 0.501220703, 0.241355079, 0.790439217, 0.563108183, 0, 0, 0, 0, 0, 0, 0, 0.288237744, -0.115958545, -0.137999854, -0.0831875583, 0.331512348, -0.939729155, 0.000244140626, -0.942871094, -0.332763672, -0.996453951, -0.0278781729, 0.0783482162, 0, 1, 5, 1, 
282.301678, 20, 0.1, 0.1, 0.0310026585, 0.36545614, -0.0349784242, 0.953216202, -0.302289384, -7.51980252e-006, 0.302289384, 0.953216202, -5.59208545e-006, 8.85842567e-006, 3.05730999e-006, 1, 0.953216303, -0.302289065, -1.58940493e-005, 0.302289065, 0.953216303, 1.80506947e-006, 1.46048142e-005, -6.52521896e-006, 1, 0, 0, 0, 0, 0, 0, 0, 0.228845044, -0.17072688, -0.158903125, -0.449343292, 0.605100754, -0.657184117, -0.860107422, -0.0943603516, 0.501220703, 0.241355079, 0.790439217, 0.563108183, 0, 0, 0, 0, 0, 0, 0, 0.288237744, -0.115958545, -0.137999854, -0.0831875583, 0.331512348, -0.939729155, 0.000244140626, -0.942871094, -0.332763672, -0.996453951, -0.0278781729, 0.0783482162, 0, 1, 5, 1, 
282.302394, 20, 0.1, 0.1, 0.0310026569, 0.365456141, -0.034980139, 0.953215686, -0.302291011, -1.10460631e-006, 0.302291011, 0.953215686, 5.8822838e-006, -7.25233451e-007, -5.94099775e-006, 1, 0.953215782, -0.302290709, 6.86336428e-006, 0.302290709, 0.953215782, -7.07047181e-007, -6.32853336e-006, 2.74869979e-006, 1, 0, 0, 0, 0, 0, 0, 0, 0.228845044, -0.17072688, -0.158903125, -0.449343292, 0.605100754, -0.657184117, -0.860107422, -0.0943603516, 0.501220703, 0.241355079, 0.790439217, 0.563108183, 0, 0, 0, 0, 0, 0, 0, 0.288237744, -0.115958545, -0.137999854, -0.0831875583, 0.331512348, -0.939729155, 0.000244140626, -0.942871094, -0.332763672, -0.996453951, -0.0278781729, 0.0783482162, 0, 1, 5, 1, 
282.303088, 20, 0.1, 0.1, 0.0310026613, 0.36545614, -0.0349785688, 0.953215208, -0.30229252, -1.62567775e-006, 0.30229252, 0.953215208, -7.84636791e-006, 3.92151908e-006, 6.98784699e-006, 1, 0.9532153, -0.302292228, -1.13056796e-005, 0.302292228, 0.9532153, -7.05502901e-007, 1.09900148e-005, -2.74512292e-006, 1, 0, 0, 0, 0, 0, 0, 0, 0.228845044, -0.17072688, -0.158903125, -0.449343292, 0.605100754, -0.657184117, -0.860107422, -0.0943603516, 0.501220703, 0.241355079, 0.790439217, 0.563108183, 0, 0, 0, 0, 0, 0, 0, 0.288237744, -0.115958545, -0.137999854, -0.0831875583, 0.331512348, -0.939729155, 0.000244140626, -0.942871094, -0.332763672, -0.996453951, -0.0278781729, 0.0783482162, 0, 1, 5, 1, 
282.303796, 20, 0.1, 0.1, 0.0310026579, 0.36545614, -0.0349743528, 0.953214733, -0.302294019, 3.16277649e-007, 0.302294019, 0.953214732, 1.16568591e-005, -3.82527928e-006, -1.10158809e-005, 1, 0.953214823, -0.302293732, 1.12201409e-005, 0.302293732, 0.953214823, 2.60179285e-006, -1.14817103e-005, 9.11710748e-007, 1, 0, 0, 0, 0, 0, 0, 0, 0.228601904, -0.171150293, -0.159307495, -0.449862632, 0.605563928, -0.656315058, -0.85925293, -0.0930175781, 0.502929688, 0.243538398, 0.790242265, 0.562352577, 0, 0, 0, 0, 0, 0, 0, 0.288237744, -0.115958545, -0.137999854, -0.0831875583, 0.331512348, -0.939729155, 0.000244140626, -0.942871094, -0.332763672, -0.996453951, -0.0278781729, 0.0783482162, 0, 1, 5, 1, 
282.304506, 20, 0.1, 0.1, 0.0310026633, 0.365456138, -0.034968755, 0.953214254, -0.302295526, 5.92445121e-007, 0.302295526, 0.953214254, -1.03555637e-005, 2.56571344e-006, 1.00501644e-005, 1, 0.953214346, -0.302295238, -1.36122905e-005, 0.302295238, 0.953214346, 6.67635388e-007, 1.27736076e-005, -4.75133023e-006, 1, 0, 0, 0, 0, 0, 0, 0, 0.228601904, -0.171150293, -0.159307495, -0.449862632, 0.605563928, -0.656315058, -0.85925293, -0.0930175781, 0.502929688, 0.243538398, 0.790242265, 0.562352577, 0, -0, 0, 0, 0, 0, 0, 0.287999609, -0.116609229, -0.137986182, -0.0834431214, 0.33118679, -0.939831233, -0.00183105469, -0.943115234, -0.332275391, -0.996358069, -0.0259485071, 0.079319429, 0, 1, 5, 1, 
282.3052, 20, 0.1, 0.1, 0.031002657, 0.365456139, -0.0349638936, 0.953213778, -0.302297029, 4.11842764e-006, 0.302297029, 0.953213778, 1.24125047e-005, -7.67800525e-006, -1.0586782e-005, 1, 0.95321387, -0.302296739, 1.97270901e-005, 0.302296739, 0.95321387, 6.27772196e-007, -1.89939094e-005, 5.36503384e-006, 1, 0, 0, 0, 0, 0, 0, 0, 0.228601904, -0.171150293, -0.159307495, -0.449862632, 0.605563928, -0.656315058, -0.85925293, -0.0930175781, 0.502929688, 0.243538398, 0.790242265, 0.562352577, 0, -0, 0, 0, 0, 0, 0, 0.287999609, -0.116609229, -0.137986182, -0.0834431214, 0.33118679, -0.939831233, -0.00183105469, -0.943115234, -0.332275391, -0.996358069, -0.0259485071, 0.079319429, 0, 1, 5, 1, 
282.305901, 20, 0.1, 0.1, 0.0310026636, 0.365456138, -0.0349610154, 0.953213279, -0.302298602, -1.94882425e-006, 0.302298602, 0.953213279, -1.72870185e-005, 7.08348667e-006, 1.58890887e-005, 1, 0.953213379, -0.302298287, -1.87727858e-005, 0.302298287, 0.953213379, -2.95657783e-006, 1.8788239e-005, -2.85673147e-006, 1, 0, 0, 0, 0, 0, 0, 0, 0.228601904, -0.171150293, -0.159307495, -0.449862632, 0.605563928, -0.656315058, -0.85925293, -0.0930175781, 0.502929688, 0.243538398, 0.790242265, 0.562352577, 0, -0, 0, 0, 0, 0, 0, 0.287999609, -0.116609229, -0.137986182, -0.0834431214, 0.33118679, -0.939831233, -0.00183105469, -0.943115234, -0.332275391, -0.996358069, -0.0259485071, 0.079319429, 0, 1, 5, 1, 
282.306593, 20, 0.1, 0.1, 0.0310026568, 0.365456142, -0.0349608653, 0.953212763, -0.30230023, 5.79969171e-006, 0.30230023, 0.953212763, 7.46900105e-006, -7.7862209e-006, -5.36629898e-006, 1, 0.953212863, -0.302299912, 2.23545461e-005, 0.302299912, 0.953212864, -5.98466573e-006, -1.9499477e-005, 1.24624377e-005, 1, 0, 0, 0, 0, 0, 0, 0, 0.228601904, -0.171150293, -0.159307495, -0.449862632, 0.605563928, -0.656315058, -0.85925293, -0.0930175781, 0.502929688, 0.243538398, 0.790242265, 0.562352577, 0, -0, 0, 0, 0, 0, 0, 0.287999609, -0.116609229, -0.137986182, -0.0834431214, 0.33118679, -0.939831233, -0.00183105469, -0.943115234, -0.332275391, -0.996358069, -0.0259485071, 0.079319429, 0, 1, 5, 1, 
282.30729, 20, 0.1, 0.1, 0.031002664, 0.36545614, -0.034963298, 0.953212225, -0.302301924, -6.44075001e-006, 0.302301924, 0.953212225, -1.31344783e-005, 1.01099797e-005, 1.05728942e-005, 1, 0.95321233, -0.302301595, -2.14971165e-005, 0.302301595, 0.95321233, -1.2386886e-006, 2.0865774e-005, -5.31787936e-006, 1, 0, 0, 0, 0, 0, 0, 0, 0.228601904, -0.171150293, -0.159307495, -0.449862632, 0.605563928, -0.656315058, -0.85925293, -0.0930175781, 0.502929688, 0.243538398, 0.790242265, 0.562352577, 0, -0, 0, 0, 0, 0, 0, 0.287999609, -0.116609229, -0.137986182, -0.0834431214, 0.33118679, -0.939831233, -0.00183105469, -0.943115234, -0.332275391, -0.996358069, -0.0259485071, 0.079319429, 0, 1, 5, 1, 
282.307988, 20, 0.1, 0.1, 0.0310026588, 0.365456142, -0.0349674277, 0.953211678, -0.302303651, 4.70255097e-006, 0.302303651, 0.953211678, 1.11774509e-005, -7.86151071e-006, -9.23287839e-006, 1, 0.953211785, -0.302303311, 1.80891237e-005, 0.302303311, 0.953211786, -9.02716921e-007, -1.69698716e-005, 6.32888238e-006, 1, 0, 0, 0, 0, 0, 0, 0, 0.228601904, -0.171150293, -0.159307495, -0.449862632, 0.605563928, -0.656315058, -0.85925293, -0.0930175781, 0.502929688, 0.243538398, 0.790242265, 0.562352577, 0, -0, 0, 0, 0, 0, 0, 0.287999609, -0.116609229, -0.137986182, -0.0834431214, 0.33118679, -0.939831233, -0.00183105469, -0.943115234, -0.332275391, -0.996358069, -0.0259485071, 0.079319429, 0, 1, 5, 1, 
282.30871, 20, 0.1, 0.1, 0.0310026647, 0.365456139, -0.0349719538, 0.95321111, -0.302305442, -4.99944654e-006, 0.302305442, 0.95321111, -5.87691062e-006, 6.54215005e-006, 4.0905766e-006, 1, 0.953211227, -0.302305073, -1.71221672e-005, 0.302305073, 0.953211227, 4.80698977e-006, 1.48678646e-005, -9.75819463e-006, 1, 0, 0, 0, 0, 0, 0, 0, 0.228205347, -0.171790845, -0.159537451, -0.449017538, 0.606147669, -0.656410538, -0.859008789, -0.0908203125, 0.503662109, 0.245752795, 0.790026218, 0.56174974, 0, -0, 0, 0, 0, 0, 0, 0.287999609, -0.116609229, -0.137986182, -0.0830661567, 0.331078515, -0.939869513, -0.00402832031, -0.943237305, -0.33190918, -0.996441192, -0.0237505185, 0.0796836338, 0, 1, 5, 1, 
282.309455, 20, 0.1, 0.1, 0.0310026602, 0.36545614, -0.0349748292, 0.953210533, -0.302307259, 4.03965373e-006, 0.302307259, 0.953210533, 7.14278593e-006, -6.00995653e-006, -5.58736214e-006, 1, 0.953210637, -0.302306933, 1.46591784e-005, 0.302306933, 0.953210637, -8.03490033e-007, -1.37303842e-005, 5.19746652e-006, 1, 0, 0, 0, 0, 0, 0, 0, 0.228205347, -0.171790845, -0.159537451, -0.449017538, 0.606147669, -0.656410538, -0.859008789, -0.0908203125, 0.503662109, 0.245752795, 0.790026218, 0.56174974, 0, -0, 0, 0, 0, 0, 0, 0.287799561, -0.117239893, -0.138204297, -0.0830661567, 0.331078515, -0.939869513, -0.00402832031, -0.943237305, -0.33190918, -0.996441192, -0.0237505185, 0.0796836338, 0, 1, 5, 1, 
282.310152, 20, 0.1, 0.1, 0.0310026647, 0.36545614, -0.0349756631, 0.95321001, -0.302308911, -2.96555811e-006, 0.302308911, 0.95321001, -9.85520429e-006, 5.80611576e-006, 8.49756474e-006, 1, 0.953210111, -0.302308591, -1.29465873e-005, 0.302308591, 0.953210111, -1.41910863e-006, 1.27698267e-005, -2.56115588e-006, 1, 0, 0, 0, 0, 0, 0, 0, 0.228205347, -0.171790845, -0.159537451, -0.449017538, 0.606147669, -0.656410538, -0.859008789, -0.0908203125, 0.503662109, 0.245752795, 0.790026218, 0.56174974, 0, -0, 0, 0, 0, 0, 0, 0.287799561, -0.117239893, -0.138204297, -0.0830661567, 0.331078515, -0.939869513, -0.00402832031, -0.943237305, -0.33190918, -0.996441192, -0.0237505185, 0.0796836338, 0, 1, 5, 1, 
282.310865, 20, 0.1, 0.1, 0.0310026615, 0.365456141, -0.0349745578, 0.953209487, -0.302310559, -1.06612049e-006, 0.302310559, 0.953209487, 8.14393961e-006, -1.44576278e-006, -8.08517998e-006, 1, 0.953209596, -0.302310215, 1.10070597e-005, 0.302310216, 0.953209596, -1.62772937e-006, -9.99995571e-006, 4.87911385e-006, 1, 0, 0, 0, 0, 0, 0, 0, 0.228205347, -0.171790845, -0.159537451, -0.448572338, 0.607175487, -0.655687133, -0.858642578, -0.0893554688, 0.504638672, 0.247783345, 0.789492651, 0.561635164, 0, -0, 0, 0, 0, 0, 0, 0.287799561, -0.117239893, -0.138204297, -0.0830661567, 0.331078515, -0.939869513, -0.00402832031, -0.943237305, -0.33190918, -0.996441192, -0.0237505185, 0.0796836338, 0, 1, 5, 1, 
282.311574, 20, 0.1, 0.1, 0.0310026675, 0.36545614, -0.0349717948, 0.953208976, -0.30231217, -3.42802154e-006, 0.30231217, 0.953208976, -9.4114941e-006, 6.1128301e-006, 7.93478802e-006, 1, 0.953209074, -0.302311861, -1.61069449e-005, 0.302311861, 0.953209074, -6.89166188e-008, 1.53741203e-005, -4.80362854e-006, 1, 0, 0, 0, 0, 0, 0, 0, 0.228011035, -0.172186426, -0.159724072, -0.448572338, 0.607175487, -0.655687133, -0.858642578, -0.0893554688, 0.504638672, 0.247783345, 0.789492651, 0.561635164, 0, -0, 0, 0, 0, 0, 0, 0.28779126, -0.117636328, -0.138182568, -0.0831875583, 0.331621723, -0.939664989, -0.00476074219, -0.942993164, -0.332397461, -0.996453951, -0.0230797114, 0.0800733583, 0, 1, 5, 1, 
282.31227, 20, 0.1, 0.1, 0.0310026633, 0.36545614, -0.0349685836, 0.953208477, -0.302313744, 7.43055691e-007, 0.302313744, 0.953208477, 1.3004375e-005, -4.63968827e-006, -1.21712445e-005, 1, 0.953208574, -0.302313436, 1.42401851e-005, 0.302313436, 0.953208574, 2.09314438e-006, -1.42066522e-005, 2.30979612e-006, 1, 0, 0, 0, 0, 0, 0, 0, 0.228011035, -0.172186426, -0.159724072, -0.448572338, 0.607175487, -0.655687133, -0.858642578, -0.0893554688, 0.504638672, 0.247783345, 0.789492651, 0.561635164, 0, -0, 0, 0, 0, 0, 0, 0.28779126, -0.117636328, -0.138182568, -0.0831875583, 0.331621723, -0.939664989, -0.00476074219, -0.942993164, -0.332397461, -0.996453951, -0.0230797114, 0.0800733583, 0, 1, 5, 1, 
282.312968, 20, 0.1, 0.1, 0.0310026697, 0.365456138, -0.0349658676, 0.953207971, -0.30231534, -3.13446707e-006, 0.30231534, 0.953207971, -1.09933004e-005, 6.31124235e-006, 9.53130409e-006, 1, 0.953208069, -0.302315028, -1.80108127e-005, 0.302315028, 0.95320807, 1.10616918e-006, 1.68336405e-005, -6.49934874e-006, 1, 0, 0, 0, 0, 0, 0, 0, 0.228011035, -0.172186426, -0.159724072, -0.448572338, 0.607175487, -0.655687133, -0.858642578, -0.0893554688, 0.504638672, 0.247783345, 0.789492651, 0.561635164, 0, -0, 0, 0, 0, 0, 0, 0.28779126, -0.117636328, -0.138182568, -0.0831875583, 0.331621723, -0.939664989, -0.00476074219, -0.942993164, -0.332397461, -0.996453951, -0.0230797114, 0.0800733583, 0, 1, 5, 1, 
282.313666, 20, 0.1, 0.1, 0.0310026639, 0.36545614, -0.0349644296, 0.953207452, -0.302316975, 3.89739776e-006, 0.302316974, 0.953207452, 1.21748022e-005, -7.39567796e-006, -1.04268627e-005, 1, 0.953207554, -0.302316653, 1.89927199e-005, 0.302316653, 0.953207554, -1.63828187e-007, -1.80544761e-005, 5.89797778e-006, 1, 0, 0, 0, 0, 0, 0, 0, 0.228011035, -0.172186426, -0.159724072, -0.448572338, 0.607175487, -0.655687133, -0.858642578, -0.0893554688, 0.504638672, 0.247783345, 0.789492651, 0.561635164, 0, -0, 0, 0, 0, 0, 0, 0.28779126, -0.117636328, -0.138182568, -0.0831875583, 0.331621723, -0.939664989, -0.00476074219, -0.942993164, -0.332397461, -0.996453951, -0.0230797114, 0.0800733583, 0, 1, 5, 1, 
282.314363, 20, 0.1, 0.1, 0.0310026703, 0.365456137, -0.034964583, 0.953206923, -0.302318642, -3.59979002e-006, 0.302318641, 0.953206923, -1.1890953e-005, 7.02620152e-006, 1.02462551e-005, 1, 0.953207026, -0.302318316, -1.8536999e-005, 0.302318317, 0.953207027, 5.47945935e-007, 1.75039437e-005, -6.12638026e-006, 1, 0, 0, 0, 0, 0, 0, 0, 0.228011035, -0.172186426, -0.159724072, -0.448572338, 0.607175487, -0.655687133, -0.858642578, -0.0893554688, 0.504638672, 0.247783345, 0.789492651, 0.561635164, 0, -0, 0, 0, 0, 0, 0, 0.28779126, -0.117636328, -0.138182568, -0.0831875583, 0.331621723, -0.939664989, -0.00476074219, -0.942993164, -0.332397461, -0.996453951, -0.0230797114, 0.0800733583, 0, 1, 5, 1, 
282.315058, 20, 0.1, 0.1, 0.0310026644, 0.36545614, -0.0349662314, 0.953206386, -0.302320336, 5.62310642e-006, 0.302320336, 0.953206386, 9.51109255e-006, -8.23537764e-006, -7.36605473e-006, 1, 0.953206491, -0.302320003, 1.96607776e-005, 0.302320003, 0.953206492, -2.18394675e-006, -1.80805301e-005, 8.02559858e-006, 1, 0, 0, 0, 0, 0, 0, 0, 0.228011035, -0.172186426, -0.159724072, -0.448572338, 0.607175487, -0.655687133, -0.858642578, -0.0893554688, 0.504638672, 0.247783345, 0.789492651, 0.561635164, 0, -0, 0, 0, 0, 0, 0, 0.28779126, -0.117636328, -0.138182568, -0.0831875583, 0.331621723, -0.939664989, -0.00476074219, -0.942993164, -0.332397461, -0.996453951, -0.0230797114, 0.0800733583, 0, 1, 5, 1, 
282.315765, 20, 0.1, 0.1, 0.0310026702, 0.365456138, -0.0349687708, 0.953205835, -0.302322072, -3.6734237e-006, 0.302322072, 0.953205835, -1.07517558e-005, 6.75202199e-006, 9.13807929e-006, 1, 0.953205951, -0.302321709, -1.74734718e-005, 0.302321709, 0.953205951, 9.2378238e-007, 1.63765378e-005, -6.1631647e-006, 1, 0, 0, 0, 0, 0, 0, 0, 0.228011035, -0.172186426, -0.159724072, -0.448654714, 0.608044547, -0.654931528, -0.858520508, -0.08984375, 0.504638672, 0.248043576, 0.788737046, 0.562504224, 0, -0, 0, 0, 0, 0, 0, 0.28779126, -0.117636328, -0.138182568, -0.0831875583, 0.331621723, -0.939664989, -0.00476074219, -0.942993164, -0.332397461, -0.996453951, -0.0230797114, 0.0800733583, 0, 1, 5, 1, 
282.316476, 20, 0.1, 0.1, 0.0310026649, 0.36545614, -0.0349710953, 0.95320528, -0.302323824, 5.11271005e-006, 0.302323824, 0.95320528, 7.93528502e-006, -7.27248793e-006, -6.01826152e-006, 1, 0.953205385, -0.302323492, 1.73224703e-005, 0.302323492, 0.953205385, -2.20301412e-006, -1.58458491e-005, 7.33691464e-006, 1, 0, 0, 0, 0, 0, 0, 0, 0.228454102, -0.172590796, -0.159906055, -0.448654714, 0.608044547, -0.654931528, -0.858520508, -0.08984375, 0.504638672, 0.248043576, 0.788737046, 0.562504224, 0, -0, 0, 0, 0, 0, 0, 0.288022803, -0.117804883, -0.138169385, -0.0830661567, 0.332497054, -0.939396666, -0.00463867187, -0.942749023, -0.333251953, -0.996441192, -0.0232331959, 0.0798560747, 0, 1, 5, 1, 
282.317172, 20, 0.1, 0.1, 0.03100267, 0.365456138, -0.0349728015, 0.953204742, -0.302325521, -4.51815014e-006, 0.302325521, 0.953204742, -8.02781816e-006, 6.73373644e-006, 6.28620225e-006, 1, 0.953204846, -0.302325192, -1.53478633e-005, 0.302325192, 0.953204846, 1.09101372e-006, 1.42998168e-005, -5.68000528e-006, 1, 0, 0, 0, 0, 0, 0, 0, 0.228454102, -0.172590796, -0.159906055, -0.448654714, 0.608044547, -0.654931528, -0.858520508, -0.08984375, 0.504638672, 0.248043576, 0.788737046, 0.562504224, 0, -0, 0, 0, 0, 0, 0, 0.288022803, -0.117804883, -0.138169385, -0.0830661567, 0.332497054, -0.939396666, -0.00463867187, -0.942749023, -0.333251953, -0.996441192, -0.0232331959, 0.0798560747, 0, 1, 5, 1, 
282.317875, 20, 0.1, 0.1, 0.0310026666, 0.365456139, -0.0349734692, 0.953204213, -0.302327189, 3.21569664e-007, 0.302327189, 0.953204213, 9.88849616e-006, -3.2960828e-006, -9.32853695e-006, 1, 0.953204318, -0.302326857, 1.18142295e-005, 0.302326857, 0.953204318, 3.72036851e-007, -1.13738513e-005, 3.21713174e-006, 1, 0, 0, 0, 0, 0, 0, 0, 0.228454102, -0.172590796, -0.159906055, -0.448654714, 0.608044547, -0.654931528, -0.858520508, -0.08984375, 0.504638672, 0.248043576, 0.788737046, 0.562504224, 0, -0, 0, 0, 0, 0, 0, 0.288022803, -0.117804883, -0.138169385, -0.0830661567, 0.332497054, -0.939396666, -0.00463867187, -0.942749023, -0.333251953, -0.996441192, -0.0232331959, 0.0798560747, 0, 1, 5, 1, 
282.318574, 20, 0.1, 0.1, 0.0310026726, 0.365456137, -0.0349728261, 0.953203686, -0.30232885, -5.1996473e-006, 0.30232885, 0.953203686, -7.79732001e-006, 7.31367776e-006, 5.86043078e-006, 1, 0.953203786, -0.302328535, -1.67705737e-005, 0.302328535, 0.953203786, 1.54565221e-006, 1.55184796e-005, -6.54354451e-006, 1, 0, 0, 0, 0, 0, 0, 0, 0.228454102, -0.172590796, -0.159906055, -0.448654714, 0.608044547, -0.654931528, -0.858520508, -0.08984375, 0.504638672, 0.248043576, 0.788737046, 0.562504224, 0, -0, 0, 0, 0, 0, 0, 0.288022803, -0.117804883, -0.138169385, -0.0830661567, 0.332497054, -0.939396666, -0.00463867187, -0.942749023, -0.333251953, -0.996441192, -0.0232331959, 0.0798560747, 0, 1, 5, 1, 
282.319271, 20, 0.1, 0.1, 0.0310026689, 0.365456138, -0.0349712974, 0.953203169, -0.302330478, 8.91998695e-007, 0.302330478, 0.953203169, 1.06667588e-005, -4.07514225e-006, -9.89790987e-006, 1, 0.953203271, -0.302330159, 1.28671027e-005, 0.302330159, 0.953203271, 7.710742e-007, -1.24980834e-005, 3.15512276e-006, 1, 0, 0, 0, 0, 0, 0, 0, 0.228454102, -0.172590796, -0.159906055, -0.448654714, 0.608044547, -0.654931528, -0.858520508, -0.08984375, 0.504638672, 0.248043576, 0.788737046, 0.562504224, 0, -0, 0, 0, 0, 0, 0, 0.288022803, -0.117804883, -0.138169385, -0.0830661567, 0.332497054, -0.939396666, -0.00463867187, -0.942749023, -0.333251953, -0.996441192, -0.0232331959, 0.0798560747, 0, 1, 5, 1, 
282.319966, 20, 0.1, 0.1, 0.0310026743, 0.365456136, -0.0349693946, 0.953202659, -0.302332088, -1.49087512e-006, 0.302332088, 0.953202659, -1.08916359e-005, 4.71399714e-006, 9.93119688e-006, 1, 0.953202758, -0.302331773, -1.49646351e-005, 0.302331773, 0.953202759, -4.21801314e-008, 1.42770839e-005, -4.48407846e-006, 1, 0, 0, 0, 0, 0, 0, 0, 0.228454102, -0.172590796, -0.159906055, -0.448654714, 0.608044547, -0.654931528, -0.858520508, -0.08984375, 0.504638672, 0.248043576, 0.788737046, 0.562504224, 0, -0, 0, 0, 0, 0, 0, 0.288022803, -0.117804883, -0.138169385, -0.0830661567, 0.332497054, -0.939396666, -0.00463867187, -0.942749023, -0.333251953, -0.996441192, -0.0232331959, 0.0798560747, 0, 1, 5, 1, 
282.32069, 20, 0.1, 0.1, 0.0310026685, 0.365456138, -0.0349674815, 0.953202122, -0.302333779, 3.13236975e-006, 0.302333779, 0.953202122, 1.20203626e-005, -6.61994316e-006, -1.0510814e-005, 1, 0.953202233, -0.302333431, 1.8113652e-005, 0.302333431, 0.953202233, -1.95374551e-007, -1.72069053e-005, 5.66259402e-006, 1, 0, 0, 0, 0, 0, 0, 0, 0.228620459, -0.172837109, -0.159893848, -0.449733829, 0.607581373, -0.654690393, -0.858154297, -0.0908203125, 0.505126953, 0.247472939, 0.788933998, 0.562466032, 0, -0, 0, 0, 0, 0, 0, 0.288022803, -0.117804883, -0.138169385, -0.0839287278, 0.332234928, -0.939326304, -0.00378417969, -0.942749023, -0.333129883, -0.996409109, -0.0242426881, 0.0803544409, 0, 1, 5, 1, 
282.321388, 20, 0.1, 0.1, 0.0310026743, 0.365456136, -0.0349661445, 0.953201599, -0.302335428, -1.70564021e-006, 0.302335428, 0.953201599, -1.17059214e-005, 5.16493374e-006, 1.06424276e-005, 1, 0.953201702, -0.302335104, -1.63698652e-005, 0.302335104, 0.953201702, 3.67390236e-007, 1.54927084e-005, -5.29938189e-006, 1, 0, 0, 0, 0, 0, 0, 0, 0.228620459, -0.172837109, -0.159893848, -0.449733829, 0.607581373, -0.654690393, -0.858154297, -0.0908203125, 0.505126953, 0.247472939, 0.788933998, 0.562466032, 0, -0, 0, 0, 0, 0, 0, 0.287966406, -0.118066699, -0.13837749, -0.0839287278, 0.332234928, -0.939326304, -0.00378417969, -0.942749023, -0.333129883, -0.996409109, -0.0242426881, 0.0803544409, 0, 1, 5, 1, 
282.322086, 20, 0.1, 0.1, 0.031002668, 0.365456138, -0.0349659026, 0.953201068, -0.302337104, 5.89029054e-006, 0.302337104, 0.953201068, 1.0246808e-005, -8.71262149e-006, -7.98641495e-006, 1, 0.953201172, -0.302336776, 2.03007452e-005, 0.302336776, 0.953201172, -1.54481773e-006, -1.88836389e-005, 7.61018394e-006, 1, 0, 0, 0, 0, 0, 0, 0, 0.228620459, -0.172837109, -0.159893848, -0.449733829, 0.607581373, -0.654690393, -0.858154297, -0.0908203125, 0.505126953, 0.247472939, 0.788933998, 0.562466032, 0, -0, 0, 0, 0, 0, 0, 0.287966406, -0.118066699, -0.13837749, -0.0839287278, 0.332234928, -0.939326304, -0.00378417969, -0.942749023, -0.333129883, -0.996409109, -0.0242426881, 0.0803544409, 0, 1, 5, 1, 
282.322781, 20, 0.1, 0.1, 0.0310026738, 0.365456136, -0.034966751, 0.953200531, -0.302338796, -3.53600352e-006, 0.302338796, 0.953200531, -1.11405044e-005, 6.73872711e-006, 9.55006362e-006, 1, 0.953200636, -0.302338464, -1.72483137e-005, 0.302338464, 0.953200636, 4.24575865e-007, 1.6312738e-005, -5.61953465e-006, 1, 0, 0, 0, 0, 0, 0, 0, 0.228620459, -0.172837109, -0.159893848, -0.449733829, 0.607581373, -0.654690393, -0.858154297, -0.0908203125, 0.505126953, 0.247472939, 0.788933998, 0.562466032, 0, -0, 0, 0, 0, 0, 0, 0.287966406, -0.118066699, -0.13837749, -0.0839287278, 0.332234928, -0.939326304, -0.00378417969, -0.942749023, -0.333129883, -0.996409109, -0.0242426881, 0.0803544409, 0, 1, 5, 1, 
282.323493, 20, 0.1, 0.1, 0.0310026685, 0.365456138, -0.0349683262, 0.953199978, -0.302340541, 3.40551676e-006, 0.302340541, 0.953199978, 1.0240658e-005, -6.34230458e-006, -8.73176919e-006, 1, 0.953200083, -0.302340208, 1.68035521e-005, 0.302340208, 0.953200083, -8.30672567e-007, -1.57660015e-005, 5.87218659e-006, 1, 0, 0, 0, 0, 0, 0, 0, 0.228620459, -0.172837109, -0.159893848, -0.449733829, 0.607581373, -0.654690393, -0.858154297, -0.0908203125, 0.505126953, 0.247472939, 0.788933998, 0.562466032, 0, -0, 0, 0, 0, 0, 0, 0.288118359, -0.117884473, -0.13836748, -0.0850468618, 0.332541164, -0.939217662, -0.00122070312, -0.942626953, -0.333618164, -0.996281144, -0.0271563265, 0.0804886023, 0, 1, 5, 1, 
282.324197, 20, 0.1, 0.1, 0.0310026746, 0.365456135, -0.0349699981, 0.95319943, -0.302342268, -5.59547104e-006, 0.302342268, 0.95319943, -8.93335035e-006, 8.03452921e-006, 6.82351706e-006, 1, 0.953199535, -0.302341937, -1.78962311e-005, 0.302341937, 0.953199535, 1.35745636e-006, 1.66482632e-005, -6.70470796e-006, 1, 0, 0, 0, 0, 0, 0, 0, 0.228620459, -0.172837109, -0.159893848, -0.449733829, 0.607581373, -0.654690393, -0.858154297, -0.0908203125, 0.505126953, 0.247472939, 0.788933998, 0.562466032, 0, -0, 0, 0, 0, 0, 0, 0.288118359, -0.117884473, -0.13836748, -0.0850468618, 0.332541164, -0.939217662, -0.00122070312, -0.942626953, -0.333618164, -0.996281144, -0.0271563265, 0.0804886023, 0, 1, 5, 1, 
282.324893, 20, 0.1, 0.1, 0.0310026704, 0.365456137, -0.0349713967, 0.953198892, -0.302343964, 2.69888965e-006, 0.302343964, 0.953198892, 8.92898912e-006, -5.27220459e-006, -7.69510954e-006, 1, 0.953198997, -0.302343633, 1.44866204e-005, 0.302343633, 0.953198997, -9.56037272e-007, -1.35195802e-005, 5.2912312e-006, 1, 0, 0, 0, 0, 0, 0, 0, 0.228620459, -0.172837109, -0.159893848, -0.449733829, 0.607581373, -0.654690393, -0.858154297, -0.0908203125, 0.505126953, 0.247472939, 0.788933998, 0.562466032, 0, -0, 0, 0, 0, 0, 0, 0.288118359, -0.117884473, -0.13836748, -0.0850468618, 0.332541164, -0.939217662, -0.00122070312, -0.942626953, -0.333618164, -0.996281144, -0.0271563265, 0.0804886023, 0, 1, 5, 1, 
282.325598, 20, 0.1, 0.1, 0.0310026755, 0.365456135, -0.0349721762, 0.953198353, -0.302345662, -2.29468362e-006, 0.302345662, 0.953198353, -9.92310889e-006, 5.18749757e-006, 8.76490342e-006, 1, 0.953198457, -0.302345336, -1.40554641e-005, 0.302345336, 0.953198457, -2.62094324e-007, 1.34768897e-005, -3.99977612e-006, 1, 0, 0, 0, 0, 0, 0, 0, 0.228533179, -0.172632178, -0.159847827, -0.451346511, 0.607219671, -0.653833316, -0.857788086, -0.0933837891, 0.505371094, 0.245874484, 0.788991286, 0.563195428, 0, -0, 0, 0, 0, 0, 0, 0.288118359, -0.117884473, -0.13836748, -0.0850468618, 0.332541164, -0.939217662, -0.00122070312, -0.942626953, -0.333618164, -0.996281144, -0.0271563265, 0.0804886023, 0, 1, 5, 1, 
282.326294, 20, 0.1, 0.1, 0.0310026708, 0.365456137, -0.0349720455, 0.953197828, -0.302347318, 3.71151142e-006, 0.302347318, 0.953197828, 8.45761821e-006, -6.0949428e-006, -6.93961778e-006, 1, 0.953197929, -0.302346998, 1.54558061e-005, 0.302346998, 0.953197929, -1.22907196e-006, -1.43608362e-005, 5.84456543e-006, 1, 0, 0, 0, 0, 0, 0, 0, 0.228533179, -0.172632178, -0.159847827, -0.451346511, 0.607219671, -0.653833316, -0.857788086, -0.0933837891, 0.505371094, 0.245874484, 0.788991286, 0.563195428, 0, -0, 0, 0, 0, 0, 0, 0.288118359, -0.117884473, -0.13836748, -0.0850468618, 0.332541164, -0.939217662, -0.00122070312, -0.942626953, -0.333618164, -0.996281144, -0.0271563265, 0.0804886023, 0, 1, 5, 1, 
