time, trialNum, realDorsalTactorPos, realVentralTactorPos, boxPosX, boxPosY, boxPosZ, boxLocalRot_11, boxLocalRot_12, boxLocalRot_13, boxLocalRot_21, boxLocalRot_22, boxLocalRot_23, boxLocalRot_31, boxLocalRot_32, boxLocalRot_33, boxGlobalRot_11, boxGlobalRot_12, boxGlobalRot_13, boxGlobalRot_21, boxGlobalRot_22, boxGlobalRot_23, boxGlobalRot_31, boxGlobalRot_32, boxGlobalRot_33, indexForceX, indexForceY, indexForceZ, indexForceGlobalX, indexForceGlobalY, indexForceGlobalZ, indexContact, indexPosX, indexPosY, indexPosZ, indexRot_11, indexRot_12, indexRot_13, indexRot_21, indexRot_22, indexRot_23, indexRot_31, indexRot_32, indexRot_33, thumbForceX, thumbForceY, thumbForceZ, thumbForceGlobalX, thumbForceGlobalY, thumbForceGlobalZ, thumbContact, thumbPosX, thumbPosY, thumbPosZ, thumbRot_11, thumbRot_12, thumbRot_13, thumbRot_21, thumbRot_22, thumbRot_23, thumbRot_31, thumbRot_32, thumbRot_33, manipForceTooHigh, cceExpType, mapping, trialSuccess, 
256.817077, 29, 0.1, 0.1, 0.00598563767, 0.359426539, -0.0349831148, 0.947182155, -3.60734772e-006, 0.320696062, 0.320696062, -1.58157486e-005, -0.947182155, 8.48886369e-006, 1, -1.38235327e-005, 0.94718221, -1.39004177e-005, 0.320695902, 0.320695902, -1.04411381e-005, -0.94718221, 1.65146586e-005, 1, -5.4318533e-006, 0, 0, 0, 0, 0, 0, 0, 0.22625957, -0.0695183838, -0.209921167, -0.0701302109, 0.607618545, -0.791026961, -0.754150391, 0.486694336, 0.440795898, 0.652796857, 0.627640636, 0.424255252, 0, 0, -0, 0, 0, 0, 0, 0.29632417, -0.0323854004, -0.183760547, 0.0365136847, 0.362818565, -0.931110149, 0.145507812, -0.923706055, -0.354248047, -0.988537067, -0.122536439, -0.0865712908, 0, 1, 5, 1, 
256.867726, 29, 0.1, 0.1, 0.00598560244, 0.359426501, -0.0349656529, 0.947191809, 1.45095659e-005, 0.32066755, 0.32066755, 2.5962477e-006, -0.947191809, -1.45758743e-005, 1, -2.19360239e-006, 0.947191802, 1.71701795e-005, 0.32066757, 0.32066757, 3.19566286e-006, -0.947191802, -1.72881987e-005, 1, -2.47901407e-006, 0, 0, 0, 0, 0, 0, 0, 0.255089648, -0.103616455, -0.202107544, -0.111353715, 0.604492358, -0.788694266, -0.828491211, 0.381713867, 0.409545898, 0.548587646, 0.699201138, 0.458491531, 0, 0, -0, 0, 0, 0, 0, 0.319353564, -0.0590945313, -0.171471826, 0.03419906, 0.367903467, -0.929105059, 0.283325195, -0.895019531, -0.343994141, -0.958340152, -0.251495554, -0.134843918, 0, 1, 5, 1, 
256.868424, 29, 0.1, 0.1, 0.00598560596, 0.359426502, -0.0349669011, 0.947191816, -1.40048239e-005, 0.320667529, 0.320667529, -2.54242203e-007, -0.947191816, 1.33467818e-005, 1, 4.25007615e-006, 0.947191816, -1.6715916e-005, 0.320667527, 0.320667527, -7.28732937e-006, -0.947191816, 1.81699887e-005, 1, -1.54224732e-006, 0, 0, 0, 0, 0, 0, 0, 0.255089648, -0.103616455, -0.202107544, -0.111353715, 0.604492358, -0.788694266, -0.828491211, 0.381713867, 0.409545898, 0.548587646, 0.699201138, 0.458491531, 0, 0, -0, 0, 0, 0, 0, 0.319353564, -0.0590945313, -0.171471826, 0.03419906, 0.367903467, -0.929105059, 0.283325195, -0.895019531, -0.343994141, -0.958340152, -0.251495554, -0.134843918, 0, 1, 5, 1, 
256.869126, 29, 0.1, 0.1, 0.00598560052, 0.359426499, -0.0349688448, 0.947191826, 2.09090459e-005, 0.320667499, 0.320667499, 9.55577916e-006, -0.947191826, -2.28691052e-005, 1, 2.34630444e-006, 0.947191826, 2.36878088e-005, 0.320667497, 0.320667496, 1.09708663e-005, -0.947191827, -2.59548991e-005, 1, 2.79560452e-006, 0, 0, 0, 0, 0, 0, 0, 0.255089648, -0.103616455, -0.202107544, -0.111353715, 0.604492358, -0.788694266, -0.828491211, 0.381713867, 0.409545898, 0.548587646, 0.699201138, 0.458491531, 0, 0, -0, 0, 0, 0, 0, 0.319353564, -0.0590945313, -0.171471826, 0.03419906, 0.367903467, -0.929105059, 0.283325195, -0.895019531, -0.343994141, -0.958340152, -0.251495554, -0.134843918, 0, 1, 5, 1, 
256.869826, 29, 0.1, 0.1, 0.00598560113, 0.3594265, -0.0349708791, 0.947191844, -6.12313349e-006, 0.320667444, 0.320667444, -6.4776483e-006, -0.947191844, 7.87695303e-006, 1, -4.17208608e-006, 0.947191839, -1.0610833e-005, 0.320667459, 0.320667459, -2.40352537e-006, -0.947191839, 1.08212268e-005, 1, 1.12594924e-006, 0, 0, 0, 0, 0, 0, 0, 0.255089648, -0.103616455, -0.202107544, -0.111353715, 0.604492358, -0.788694266, -0.828491211, 0.381713867, 0.409545898, 0.548587646, 0.699201138, 0.458491531, 0, 0, -0, 0, 0, 0, 0, 0.319353564, -0.0590945313, -0.171471826, 0.03419906, 0.367903467, -0.929105059, 0.283325195, -0.895019531, -0.343994141, -0.958340152, -0.251495554, -0.134843918, 0, 1, 5, 1, 
256.87053, 29, 0.1, 0.1, 0.00598560159, 0.359426501, -0.0349723233, 0.947191842, -6.87457571e-006, 0.32066745, 0.32066745, -6.79546288e-006, -0.947191842, 8.69062579e-006, 1, -4.23215434e-006, 0.947191843, -5.07790662e-006, 0.320667447, 0.320667447, -6.1783228e-006, -0.947191843, 6.79093873e-006, 1, -4.22373761e-006, 0, 0, 0, 0, 0, 0, 0, 0.255089648, -0.103616455, -0.202107544, -0.111353715, 0.604492358, -0.788694266, -0.828491211, 0.381713867, 0.409545898, 0.548587646, 0.699201138, 0.458491531, 0, 0, -0, 0, 0, 0, 0, 0.319353564, -0.0590945313, -0.171471826, 0.03419906, 0.367903467, -0.929105059, 0.283325195, -0.895019531, -0.343994141, -0.958340152, -0.251495554, -0.134843918, 0, 1, 5, 1, 
256.871255, 29, 0.1, 0.1, 0.00598560107, 0.359426501, -0.0349726058, 0.94719186, -3.50982215e-006, 0.320667398, 0.320667398, -7.04695471e-007, -0.94719186, 3.55044783e-006, 1, 4.58003724e-007, 0.947191854, 4.72010354e-006, 0.320667415, 0.320667415, -3.14588213e-006, -0.947191854, -3.46206173e-006, 1, -4.49333733e-006, 0, 0, 0, 0, 0, 0, 0, 0.257127002, -0.1051396, -0.201384595, -0.11470189, 0.605021055, -0.787836067, -0.833251953, 0.373046875, 0.407836914, 0.540713693, 0.703319526, 0.461568996, 0, 0, -0, 0, 0, 0, 0, 0.320704248, -0.0605291992, -0.170610107, 0.0333816982, 0.369531261, -0.928504981, 0.293701172, -0.891601563, -0.344360352, -0.955234749, -0.261143882, -0.138217643, 0, 1, 5, 1, 
256.871958, 29, 0.1, 0.1, 0.00598560015, 0.359426501, -0.0349717843, 0.947191869, 4.67076293e-006, 0.320667372, 0.320667372, 3.06075972e-006, -0.947191869, -5.40559444e-006, 1, 1.40136544e-006, 0.94719187, 7.27001956e-006, 0.320667368, 0.320667368, 3.83959324e-006, -0.94719187, -8.11733568e-006, 1, 1.30557347e-006, 0, 0, 0, 0, 0, 0, 0, 0.257127002, -0.1051396, -0.201384595, -0.11470189, 0.605021055, -0.787836067, -0.833251953, 0.373046875, 0.407836914, 0.540713693, 0.703319526, 0.461568996, 0, 0, -0, 0, 0, 0, 0, 0.320704248, -0.0605291992, -0.170610107, 0.0333816982, 0.369531261, -0.928504981, 0.293701172, -0.891601563, -0.344360352, -0.955234749, -0.261143882, -0.138217643, 0, 1, 5, 1, 
256.872674, 29, 0.1, 0.1, 0.00598559954, 0.359426501, -0.0349702212, 0.947191871, 9.29903832e-006, 0.320667367, 0.320667367, -3.22430534e-007, -0.947191871, -8.70458055e-006, 1, -3.28730171e-006, 0.947191866, 5.1698517e-006, 0.320667381, 0.320667381, 4.20617086e-006, -0.947191866, -6.24562327e-006, 1, 2.32624802e-006, 0, 0, 0, 0, 0, 0, 0, 0.257127002, -0.1051396, -0.201384595, -0.11470189, 0.605021055, -0.787836067, -0.833251953, 0.373046875, 0.407836914, 0.540713693, 0.703319526, 0.461568996, 0, 0, -0, 0, 0, 0, 0, 0.320704248, -0.0605291992, -0.170610107, 0.0333816982, 0.369531261, -0.928504981, 0.293701172, -0.891601563, -0.344360352, -0.955234749, -0.261143882, -0.138217643, 0, 1, 5, 1, 
256.873376, 29, 0.1, 0.1, 0.00598559956, 0.359426501, -0.0349683997, 0.947191893, 5.82009903e-006, 0.320667301, 0.320667301, -3.75019198e-007, -0.947191893, -5.39249422e-006, 1, -2.22153059e-006, 0.947191891, -2.15469841e-006, 0.320667306, 0.320667306, -3.50882705e-006, -0.947191891, 3.16607897e-006, 1, -2.6325912e-006, 0, 0, 0, 0, 0, 0, 0, 0.257127002, -0.1051396, -0.201384595, -0.11470189, 0.605021055, -0.787836067, -0.833251953, 0.373046875, 0.407836914, 0.540713693, 0.703319526, 0.461568996, 0, 0, -0, 0, 0, 0, 0, 0.320704248, -0.0605291992, -0.170610107, 0.0333816982, 0.369531261, -0.928504981, 0.293701172, -0.891601563, -0.344360352, -0.955234749, -0.261143882, -0.138217643, 0, 1, 5, 1, 
256.874093, 29, 0.1, 0.1, 0.00598560027, 0.359426501, -0.0349668271, 0.947191881, -6.70564631e-006, 0.320667336, 0.320667336, 1.93365836e-006, -0.947191881, 5.73147267e-006, 1, 3.98182724e-006, 0.947191883, -7.79223905e-006, 0.320667332, 0.320667332, -4.83178245e-006, -0.947191883, 8.93014036e-006, 1, -2.07790861e-006, 0, 0, 0, 0, 0, 0, 0, 0.257127002, -0.1051396, -0.201384595, -0.11470189, 0.605021055, -0.787836067, -0.833251953, 0.373046875, 0.407836914, 0.540713693, 0.703319526, 0.461568996, 0, 0, -0, 0, 0, 0, 0, 0.322000244, -0.0617657715, -0.169748145, 0.0316890056, 0.37098005, -0.928090103, 0.304321289, -0.887939453, -0.344604492, -0.951975863, -0.271424739, -0.14099712, 0, 1, 5, 1, 
256.874796, 29, 0.1, 0.1, 0.00598560054, 0.3594265, -0.034966033, 0.947191903, -9.94222442e-006, 0.320667271, 0.320667271, 3.68545853e-007, -0.947191903, 9.29901388e-006, 1, 3.53722962e-006, 0.947191898, -7.25837044e-006, 0.320667286, 0.320667286, 1.37896626e-006, -0.947191898, 6.43288031e-006, 1, 3.63366762e-006, 0, 0, 0, 0, 0, 0, 0, 0.257127002, -0.1051396, -0.201384595, -0.11470189, 0.605021055, -0.787836067, -0.833251953, 0.373046875, 0.407836914, 0.540713693, 0.703319526, 0.461568996, 0, 0, -0, 0, 0, 0, 0, 0.322000244, -0.0617657715, -0.169748145, 0.0316890056, 0.37098005, -0.928090103, 0.304321289, -0.887939453, -0.344604492, -0.951975863, -0.271424739, -0.14099712, 0, 1, 5, 1, 
256.875498, 29, 0.1, 0.1, 0.00598560041, 0.3594265, -0.0349663022, 0.9471919, -4.91187305e-006, 0.32066728, 0.32066728, -4.34831167e-006, -0.9471919, 6.04684764e-006, 1, -2.54360862e-006, 0.947191904, 1.82873399e-006, 0.320667269, 0.320667269, 4.47597966e-006, -0.947191904, -3.1674622e-006, 1, 3.65319656e-006, 0, 0, 0, 0, 0, 0, 0, 0.257127002, -0.1051396, -0.201384595, -0.11470189, 0.605021055, -0.787836067, -0.833251953, 0.373046875, 0.407836914, 0.540713693, 0.703319526, 0.461568996, 0, 0, -0, 0, 0, 0, 0, 0.322000244, -0.0617657715, -0.169748145, 0.0316890056, 0.37098005, -0.928090103, 0.304321289, -0.887939453, -0.344604492, -0.951975863, -0.271424739, -0.14099712, 0, 1, 5, 1, 
256.876217, 29, 0.1, 0.1, 0.00598560015, 0.3594265, -0.0349673665, 0.947191906, 5.10117047e-006, 0.320667263, 0.320667263, -2.16373324e-006, -0.947191906, -4.13794896e-006, 1, -3.68524898e-006, 0.947191901, 7.98548033e-006, 0.320667278, 0.320667278, -1.1649044e-006, -0.947191901, -7.19023557e-006, 1, -3.66407025e-006, 0, 0, 0, 0, 0, 0, 0, 0.258891675, -0.106658716, -0.200652124, -0.118989516, 0.60560704, -0.786774926, -0.838012695, 0.363647461, 0.406616211, 0.532370575, 0.707799617, 0.464367134, 0, 0, -0, 0, 0, 0, 0, 0.322000244, -0.0617657715, -0.169748145, 0.0316890056, 0.37098005, -0.928090103, 0.304321289, -0.887939453, -0.344604492, -0.951975863, -0.271424739, -0.14099712, 0, 1, 5, 1, 
256.876916, 29, 0.1, 0.1, 0.00598560039, 0.3594265, -0.0349688064, 0.94719192, 6.23585571e-006, 0.320667221, 0.320667221, 4.23094039e-006, -0.94719192, -7.26327604e-006, 1, 2.00787802e-006, 0.947191921, 5.42519489e-006, 0.320667217, 0.320667217, -1.87510374e-006, -0.947191921, -4.53741647e-006, 1, -3.51576526e-006, 0, 0, 0, 0, 0, 0, 0, 0.258891675, -0.106658716, -0.200652124, -0.118989516, 0.60560704, -0.786774926, -0.838012695, 0.363647461, 0.406616211, 0.532370575, 0.707799617, 0.464367134, 0, 0, -0, 0, 0, 0, 0, 0.322000244, -0.0617657715, -0.169748145, 0.0316890056, 0.37098005, -0.928090103, 0.304321289, -0.887939453, -0.344604492, -0.951975863, -0.271424739, -0.14099712, 0, 1, 5, 1, 
256.877622, 29, 0.1, 0.1, 0.00598560066, 0.359426501, -0.0349703075, 0.947191911, 3.80035173e-006, 0.320667248, 0.320667248, 3.11275905e-006, -0.947191911, -4.5978223e-006, 1, 1.72973187e-006, 0.94719191, -3.95985832e-006, 0.32066725, 0.32066725, 6.65879787e-007, -0.94719191, 3.53721993e-006, 1, 1.90051283e-006, 0, 0, 0, 0, 0, 0, 0, 0.258891675, -0.106658716, -0.200652124, -0.118989516, 0.60560704, -0.786774926, -0.838012695, 0.363647461, 0.406616211, 0.532370575, 0.707799617, 0.464367134, 0, 0, -0, 0, 0, 0, 0, 0.322000244, -0.0617657715, -0.169748145, 0.0316890056, 0.37098005, -0.928090103, 0.304321289, -0.887939453, -0.344604492, -0.951975863, -0.271424739, -0.14099712, 0, 1, 5, 1, 
256.878327, 29, 0.1, 0.1, 0.00598560049, 0.359426501, -0.0349714203, 0.947191931, -1.85518643e-006, 0.320667188, 0.320667188, -4.48680458e-006, -0.947191931, 3.19598862e-006, 1, -3.65496768e-006, 0.947191928, -6.14790454e-006, 0.320667197, 0.320667197, -5.55383187e-007, -0.947191928, 6.00133872e-006, 1, 1.44537685e-006, 0, 0, 0, 0, 0, 0, 0, 0.258891675, -0.106658716, -0.200652124, -0.118989516, 0.60560704, -0.786774926, -0.838012695, 0.363647461, 0.406616211, 0.532370575, 0.707799617, 0.464367134, 0, 0, -0, 0, 0, 0, 0, 0.322000244, -0.0617657715, -0.169748145, 0.0316890056, 0.37098005, -0.928090103, 0.304321289, -0.887939453, -0.344604492, -0.951975863, -0.271424739, -0.14099712, 0, 1, 5, 1, 
256.879058, 29, 0.1, 0.1, 0.00598559997, 0.359426501, -0.0349715624, 0.94719192, -5.78718614e-006, 0.32066722, 0.32066722, -4.98209046e-006, -0.94719192, 7.07916906e-006, 1, -2.86323493e-006, 0.947191923, -3.2962591e-006, 0.320667212, 0.320667212, -4.34510641e-006, -0.947191923, 4.51552315e-006, 1, -3.05864748e-006, 0, 0, 0, 0, 0, 0, 0, 0.260940625, -0.108728809, -0.199561182, -0.122071469, 0.604099195, -0.78737065, -0.843017578, 0.35559082, 0.403564453, 0.523836497, 0.713105705, 0.466068182, 0, 0, -0, 0, 0, 0, 0, 0.323422217, -0.0637775391, -0.168496338, 0.0319897779, 0.370282257, -0.928352596, 0.313354492, -0.885620117, -0.342407227, -0.948998425, -0.279967327, -0.144338762, 0, 1, 5, 1, 
256.879759, 29, 0.1, 0.1, 0.00598559983, 0.359426501, -0.0349708867, 0.94719193, -5.97250305e-006, 0.320667192, 0.320667192, 8.54145978e-007, -0.94719193, 5.38321009e-006, 1, 2.72422596e-006, 0.947191925, 3.45113764e-006, 0.320667206, 0.320667206, -1.57616103e-006, -0.947191925, -2.76346655e-006, 1, -2.59959367e-006, 0, 0, 0, 0, 0, 0, 0, 0.260940625, -0.108728809, -0.199561182, -0.122071469, 0.604099195, -0.78737065, -0.843017578, 0.35559082, 0.403564453, 0.523836497, 0.713105705, 0.466068182, 0, 0, -0, 0, 0, 0, 0, 0.323422217, -0.0637775391, -0.168496338, 0.0319897779, 0.370282257, -0.928352596, 0.313354492, -0.885620117, -0.342407227, -0.948998425, -0.279967327, -0.144338762, 0, 1, 5, 1, 
256.880463, 29, 0.1, 0.1, 0.0059856, 0.3594265, -0.0349698075, 0.947191931, 1.35399732e-006, 0.32066719, 0.32066719, 4.0237751e-006, -0.947191931, -2.57278799e-006, 1, 3.37710479e-006, 0.947191934, 4.26289938e-006, 0.32066718, 0.32066718, 5.0321171e-006, -0.947191934, -5.65141871e-006, 1, 3.3994088e-006, 0, 0, 0, 0, 0, 0, 0, 0.260940625, -0.108728809, -0.199561182, -0.122071469, 0.604099195, -0.78737065, -0.843017578, 0.35559082, 0.403564453, 0.523836497, 0.713105705, 0.466068182, 0, 0, -0, 0, 0, 0, 0, 0.323422217, -0.0637775391, -0.168496338, 0.0319897779, 0.370282257, -0.928352596, 0.313354492, -0.885620117, -0.342407227, -0.948998425, -0.279967327, -0.144338762, 0, 1, 5, 1, 
256.881162, 29, 0.1, 0.1, 0.00598560058, 0.3594265, -0.0349686897, 0.947191924, 6.73753149e-006, 0.320667209, 0.320667209, -5.95114917e-007, -0.947191924, -6.19090158e-006, 1, -2.72419346e-006, 0.947191921, 2.30273857e-006, 0.320667218, 0.320667218, 3.98497454e-006, -0.947191921, -3.45898607e-006, 1, 3.03612292e-006, 0, 0, 0, 0, 0, 0, 0, 0.260940625, -0.108728809, -0.199561182, -0.122071469, 0.604099195, -0.78737065, -0.843017578, 0.35559082, 0.403564453, 0.523836497, 0.713105705, 0.466068182, 0, 0, -0, 0, 0, 0, 0, 0.323422217, -0.0637775391, -0.168496338, 0.0319897779, 0.370282257, -0.928352596, 0.313354492, -0.885620117, -0.342407227, -0.948998425, -0.279967327, -0.144338762, 0, 1, 5, 1, 
256.881864, 29, 0.1, 0.1, 0.00598560121, 0.359426501, -0.0349678446, 0.947191939, 4.90423954e-006, 0.320667164, 0.320667164, -1.14396073e-006, -0.947191939, -4.27842552e-006, 1, -2.65617897e-006, 0.947191939, -3.51434955e-006, 0.320667164, 0.320667164, -4.20878301e-006, -0.947191939, 4.67838208e-006, 1, -2.85958884e-006, 0, 0, 0, 0, 0, 0, 0, 0.260940625, -0.108728809, -0.199561182, -0.122071469, 0.604099195, -0.78737065, -0.843017578, 0.35559082, 0.403564453, 0.523836497, 0.713105705, 0.466068182, 0, 0, -0, 0, 0, 0, 0, 0.323422217, -0.0637775391, -0.168496338, 0.0319897779, 0.370282257, -0.928352596, 0.313354492, -0.885620117, -0.342407227, -0.948998425, -0.279967327, -0.144338762, 0, 1, 5, 1, 
256.882676, 29, 0.1, 0.1, 0.00598560189, 0.3594265, -0.0349669854, 0.947191921, -4.77076439e-006, 0.320667217, 0.320667217, 4.55193584e-006, -0.947191921, 3.05917289e-006, 1, 5.84138459e-006, 0.947191924, -6.85625304e-006, 0.320667208, 0.320667208, -5.0105132e-006, -0.947191924, 8.10089479e-006, 1, -2.54734212e-006, 0, 0, 0, 0, 0, 0, 0, 0.260940625, -0.108728809, -0.199561182, -0.122071469, 0.604099195, -0.78737065, -0.843017578, 0.35559082, 0.403564453, 0.523836497, 0.713105705, 0.466068182, 0, 0, -0, 0, 0, 0, 0, 0.323422217, -0.0637775391, -0.168496338, 0.0319897779, 0.370282257, -0.928352596, 0.313354492, -0.885620117, -0.342407227, -0.948998425, -0.279967327, -0.144338762, 0, 1, 5, 1, 
256.883579, 29, 0.1, 0.1, 0.00598559859, 0.359426499, -0.0349631151, 0.947191964, -5.57951942e-006, 0.320667092, 0.320667092, -7.6190103e-007, -0.947191964, 5.52919254e-006, 1, 1.06750173e-006, 0.947191956, -2.02445984e-006, 0.320667115, 0.320667115, 7.34311468e-007, -0.947191956, 1.68208254e-006, 1, 1.34471161e-006, 0, 0, 0, 0, 0, 0, 0, 0.260940625, -0.108728809, -0.199561182, -0.122071469, 0.604099195, -0.78737065, -0.843017578, 0.35559082, 0.403564453, 0.523836497, 0.713105705, 0.466068182, 0, 0, -0, 0, 0, 0, 0, 0.323422217, -0.0637775391, -0.168496338, 0.0319897779, 0.370282257, -0.928352596, 0.313354492, -0.885620117, -0.342407227, -0.948998425, -0.279967327, -0.144338762, 0, 1, 5, 1, 
256.884395, 29, 0.1, 0.1, 0.00598559756, 0.359426501, -0.0349608519, 0.947191967, -8.04314064e-006, 0.320667083, 0.320667083, -1.29846458e-005, -0.947191967, 1.17821467e-005, 1, -9.71978176e-006, 0.947191973, 5.2546776e-006, 0.320667066, 0.320667066, 2.5615359e-006, -0.947191973, -5.79858865e-006, 1, 7.41264196e-007, 0, 0, 0, 0, 0, 0, 0, 0.262604736, -0.110587134, -0.198050854, -0.123972834, 0.602394399, -0.788486836, -0.84765625, 0.348754883, 0.399658203, 0.515733392, 0.71794862, 0.46760448, 0, 0, -0, 0, 0, 0, 0, 0.324599463, -0.065124707, -0.167242822, 0.0319008257, 0.369622744, -0.928627848, 0.322875977, -0.883056641, -0.340332031, -0.945816464, -0.28887412, -0.147559003, 0, 1, 5, 1, 
256.885534, 29, 0.1, 0.1, 0.00598559765, 0.359426504, -0.03495543, 0.947192013, 5.75023213e-006, 0.320666948, 0.320666948, -7.91492095e-006, -0.947192013, -2.9085204e-006, 1, -9.34085928e-006, 0.947191991, 1.40052197e-005, 0.320667011, 0.320667011, -5.89295941e-006, -0.947191991, -1.13759542e-005, 1, -1.00727759e-005, 0, 0, 0, 0, 0, 0, 0, 0.262604736, -0.110587134, -0.198050854, -0.123972834, 0.602394399, -0.788486836, -0.84765625, 0.348754883, 0.399658203, 0.515733392, 0.71794862, 0.46760448, 0, 0, -0, 0, 0, 0, 0, 0.324599463, -0.065124707, -0.167242822, 0.0319008257, 0.369622744, -0.928627848, 0.322875977, -0.883056641, -0.340332031, -0.945816464, -0.28887412, -0.147559003, 0, 1, 5, 1, 
256.88633, 29, 0.1, 0.1, 0.00598560135, 0.359426503, -0.0349524453, 0.947192074, 1.6297915e-005, 0.320666765, 0.320666765, 1.3128989e-005, -0.947192074, -1.96472863e-005, 1, 7.20947465e-006, 0.947192071, -1.1981435e-006, 0.320666775, 0.320666775, -2.68134045e-006, -0.947192071, 1.99468882e-006, 1, -2.1555396e-006, 0, 0, 0, 0, 0, 0, 0, 0.264068433, -0.11282395, -0.197370508, -0.125549567, 0.602129298, -0.788403338, -0.851074219, 0.342773437, 0.397460938, 0.509679934, 0.720956814, 0.469692318, 0, 0, -0, 0, 0, 0, 0, 0.324599463, -0.065124707, -0.167242822, 0.0319008257, 0.369622744, -0.928627848, 0.322875977, -0.883056641, -0.340332031, -0.945816464, -0.28887412, -0.147559003, 0, 1, 5, 1, 
256.887044, 29, 0.1, 0.1, 0.00598559348, 0.359426504, -0.0349549055, 0.947192147, -2.68326666e-006, 0.320666549, 0.320666549, -2.05944768e-005, -0.947192147, 9.14552891e-006, 1, -1.86464928e-005, 0.947192123, 1.90884934e-005, 0.320666621, 0.320666622, -1.57055236e-005, -0.947192123, -1.30442334e-005, 1, -2.0997191e-005, 0, 0, 0, 0, 0, 0, 0, 0.264068433, -0.11282395, -0.197370508, -0.125549567, 0.602129298, -0.788403338, -0.851074219, 0.342773437, 0.397460938, 0.509679934, 0.720956814, 0.469692318, 0, 0, -0, 0, 0, 0, 0, 0.325856299, -0.0668365723, -0.165978076, 0.0330514091, 0.369819604, -0.928436818, 0.331542969, -0.880371094, -0.338867187, -0.942749708, -0.296586219, -0.151712177, 0, 1, 5, 1, 
256.887749, 29, 0.1, 0.1, 0.00598560065, 0.359426502, -0.0349614945, 0.94719235, -2.94526369e-006, 0.320665952, 0.320665952, 1.4742275e-005, -0.94719235, -1.93761442e-006, 1, 1.49082159e-005, 0.947192303, -2.05528001e-005, 0.320666089, 0.320666089, 1.46174167e-005, -0.947192303, 1.47801442e-005, 1, 2.04360906e-005, 0, 0, 0, 0, 0, 0, 0, 0.264068433, -0.11282395, -0.197370508, -0.125549567, 0.602129298, -0.788403338, -0.851074219, 0.342773437, 0.397460938, 0.509679934, 0.720956814, 0.469692318, 0, 0, -0, 0, 0, 0, 0, 0.325856299, -0.0668365723, -0.165978076, 0.0330514091, 0.369819604, -0.928436818, 0.331542969, -0.880371094, -0.338867187, -0.942749708, -0.296586219, -0.151712177, 0, 1, 5, 1, 
256.888454, 29, 0.1, 0.1, 0.00598559659, 0.359426508, -0.0349697524, 0.947192648, -1.47951651e-006, 0.320665071, 0.32066507, -2.92515168e-005, -0.947192648, 1.07813269e-005, 1, -2.72323924e-005, 0.947192584, 1.181621e-005, 0.32066526, 0.32066526, -2.70723448e-005, -0.947192583, -2.511066e-006, 1, -2.94317722e-005, 0, 0, 0, 0, 0, 0, 0, 0.264068433, -0.11282395, -0.197370508, -0.125549567, 0.602129298, -0.788403338, -0.851074219, 0.342773437, 0.397460938, 0.509679934, 0.720956814, 0.469692318, 0, 0, -0, 0, 0, 0, 0, 0.325856299, -0.0668365723, -0.165978076, 0.0330514091, 0.369819604, -0.928436818, 0.331542969, -0.880371094, -0.338867187, -0.942749708, -0.296586219, -0.151712177, 0, 1, 5, 1, 
256.889155, 29, 0.1, 0.1, 0.00598560203, 0.359426507, -0.0349770836, 0.947193019, -1.01692817e-005, 0.320663975, 0.320663975, 2.51366599e-005, -0.947193019, 1.57185136e-006, 1, 2.70701911e-005, 0.947192938, -1.80498235e-005, 0.320664213, 0.320664213, 1.57167211e-005, -0.947192938, 1.20568754e-005, 1, 2.06746997e-005, 0, 0, 0, 0, 0, 0, 0, 0.264068433, -0.11282395, -0.197370508, -0.125549567, 0.602129298, -0.788403338, -0.851074219, 0.342773437, 0.397460938, 0.509679934, 0.720956814, 0.469692318, 0, 0, -0, 0, 0, 0, 0, 0.325856299, -0.0668365723, -0.165978076, 0.0330514091, 0.369819604, -0.928436818, 0.331542969, -0.880371094, -0.338867187, -0.942749708, -0.296586219, -0.151712177, 0, 1, 5, 1, 
256.889873, 29, 0.1, 0.1, 0.00598559569, 0.359426498, -0.0349815351, 0.947193464, 2.65680488e-005, 0.32066266, 0.32066266, 7.36274116e-006, -0.947193464, -2.75260384e-005, 1, -1.5454409e-006, 0.947193375, 2.51965695e-005, 0.320662922, 0.320662922, 1.96685599e-005, -0.947193375, -3.01730016e-005, 0.999999999, 1.0550324e-005, 0, 0, 0, 0, 0, 0, 0, 0.264068433, -0.11282395, -0.197370508, -0.125549567, 0.602129298, -0.788403338, -0.851074219, 0.342773437, 0.397460938, 0.509679934, 0.720956814, 0.469692318, 0, 0, -0, 0, 0, 0, 0, 0.325856299, -0.0668365723, -0.165978076, 0.0330514091, 0.369819604, -0.928436818, 0.331542969, -0.880371094, -0.338867187, -0.942749708, -0.296586219, -0.151712177, 0, 1, 5, 1, 
256.890577, 29, 0.1, 0.1, 0.00598559358, 0.359426502, -0.0349819921, 0.947193943, -1.03794214e-005, 0.320661245, 0.320661245, -1.3196786e-005, -0.947193943, 1.40630229e-005, 1, -9.17163758e-006, 0.947193846, -3.94060292e-006, 0.320661531, 0.320661531, -1.67477336e-005, -0.947193846, 9.10286873e-006, 1, -1.45997505e-005, 0, 0, 0, 0, 0, 0, 0, 0.264068433, -0.11282395, -0.197370508, -0.125549567, 0.602129298, -0.788403338, -0.851074219, 0.342773437, 0.397460938, 0.509679934, 0.720956814, 0.469692318, 0, 0, -0, 0, 0, 0, 0, 0.325856299, -0.0668365723, -0.165978076, 0.0330514091, 0.369819604, -0.928436818, 0.331542969, -0.880371094, -0.338867187, -0.942749708, -0.296586219, -0.151712177, 0, 1, 5, 1, 
256.891309, 29, 0.1, 0.1, 0.0059855965, 0.359426497, -0.0349783408, 0.947194467, 2.69298706e-006, 0.320659696, 0.320659696, 2.2696817e-005, -0.947194467, -9.82873689e-006, 1, 2.06347671e-005, 0.947194365, -2.82867854e-006, 0.320659998, 0.320659998, 2.23638658e-005, -0.947194365, -4.49188879e-006, 1, 2.20899717e-005, 0, 0, 0, 0, 0, 0, 0, 0.265813721, -0.115145605, -0.196102344, -0.125958818, 0.600151166, -0.789856139, -0.854858398, 0.338134766, 0.393310547, 0.50319438, 0.724854286, 0.470663971, 0, 0, -0, 0, 0, 0, 0, 0.327142676, -0.0690354492, -0.164736279, 0.0348983193, 0.368668654, -0.928807952, 0.337768555, -0.87902832, -0.336181641, -0.940468963, -0.301985126, -0.15518798, 0, 1, 5, 1, 
256.89201, 29, 0.1, 0.1, 0.00598559487, 0.359426498, -0.0349722708, 0.947194959, 5.95026081e-006, 0.320658244, 0.320658244, -2.07181095e-005, -0.947194959, 1.00737558e-006, 1, -2.15320891e-005, 0.947194868, 3.08101403e-006, 0.320658514, 0.320658514, -1.8396879e-005, -0.947194868, 2.98079521e-006, 1, -1.84133828e-005, 0, 0, 0, 0, 0, 0, 0, 0.265813721, -0.115145605, -0.196102344, -0.125958818, 0.600151166, -0.789856139, -0.854858398, 0.338134766, 0.393310547, 0.50319438, 0.724854286, 0.470663971, 0, 0, -0, 0, 0, 0, 0, 0.327142676, -0.0690354492, -0.164736279, 0.0348983193, 0.368668654, -0.928807952, 0.337768555, -0.87902832, -0.336181641, -0.940468963, -0.301985126, -0.15518798, 0, 1, 5, 1, 
256.892714, 29, 0.1, 0.1, 0.00598559478, 0.359426498, -0.0349657332, 0.947195348, -1.36306765e-005, 0.320657095, 0.320657095, 7.02648297e-006, -0.947195348, 1.06578218e-005, 1, 1.10262251e-005, 0.947195281, -1.00285443e-005, 0.320657294, 0.320657294, 7.58970861e-006, -0.947195281, 7.06529442e-006, 1, 1.04046621e-005, 0, 0, 0, 0, 0, 0, 0, 0.265813721, -0.115145605, -0.196102344, -0.125958818, 0.600151166, -0.789856139, -0.854858398, 0.338134766, 0.393310547, 0.50319438, 0.724854286, 0.470663971, 0, 0, -0, 0, 0, 0, 0, 0.327142676, -0.0690354492, -0.164736279, 0.0348983193, 0.368668654, -0.928807952, 0.337768555, -0.87902832, -0.336181641, -0.940468963, -0.301985126, -0.15518798, 0, 1, 5, 1, 
256.893424, 29, 0.1, 0.1, 0.00598559421, 0.3594265, -0.034960675, 0.947195661, 2.50245792e-006, 0.320656169, 0.320656169, 1.10869615e-006, -0.947195661, -2.72582754e-006, 1, 2.47723616e-007, 0.947195596, 2.93039751e-006, 0.320656362, 0.320656362, -9.3082765e-006, -0.947195596, 2.09098457e-007, 1, -9.75640912e-006, 0, 0, 0, 0, 0, 0, 0, 0.265813721, -0.115145605, -0.196102344, -0.125958818, 0.600151166, -0.789856139, -0.854858398, 0.338134766, 0.393310547, 0.50319438, 0.724854286, 0.470663971, 0, 0, -0, 0, 0, 0, 0, 0.327142676, -0.0690354492, -0.164736279, 0.0348983193, 0.368668654, -0.928807952, 0.337768555, -0.87902832, -0.336181641, -0.940468963, -0.301985126, -0.15518798, 0, 1, 5, 1, 
256.894124, 29, 0.1, 0.1, 0.00598559416, 0.359426498, -0.0349584859, 0.947195941, 6.39904105e-006, 0.320655344, 0.320655344, 1.23730633e-005, -0.947195941, -1.00286346e-005, 1, 9.66782863e-006, 0.947195884, -2.83763484e-006, 0.320655512, 0.320655512, 7.76942603e-006, -0.947195884, 1.96486759e-007, 1, 8.26907161e-006, 0, 0, 0, 0, 0, 0, 0, 0.265813721, -0.115145605, -0.196102344, -0.125958818, 0.600151166, -0.789856139, -0.854858398, 0.338134766, 0.393310547, 0.50319438, 0.724854286, 0.470663971, 0, 0, -0, 0, 0, 0, 0, 0.327142676, -0.0690354492, -0.164736279, 0.0348983193, 0.368668654, -0.928807952, 0.337768555, -0.87902832, -0.336181641, -0.940468963, -0.301985126, -0.15518798, 0, 1, 5, 1, 
256.894828, 29, 0.1, 0.1, 0.00598559369, 0.3594265, -0.0349596286, 0.947196252, -6.83232295e-006, 0.320654424, 0.320654424, -3.85483611e-006, -0.947196252, 7.70762094e-006, 1, -1.46047173e-006, 0.947196187, -6.05186478e-006, 0.320654617, 0.320654616, -1.42582238e-005, -0.947196187, 1.03042685e-005, 1, -1.15647768e-005, 0, 0, 0, 0, 0, 0, 0, 0.265813721, -0.115145605, -0.196102344, -0.125958818, 0.600151166, -0.789856139, -0.854858398, 0.338134766, 0.393310547, 0.50319438, 0.724854286, 0.470663971, 0, 0, -0, 0, 0, 0, 0, 0.327142676, -0.0690354492, -0.164736279, 0.0348983193, 0.368668654, -0.928807952, 0.337768555, -0.87902832, -0.336181641, -0.940468963, -0.301985126, -0.15518798, 0, 1, 5, 1, 
256.895532, 29, 0.1, 0.1, 0.00598559669, 0.359426494, -0.03496357, 0.947196544, -1.46436106e-005, 0.320653563, 0.320653563, 2.54609565e-006, -0.947196544, 1.30539627e-005, 1, 7.10717891e-006, 0.947196495, -1.53184646e-005, 0.320653708, 0.320653708, 1.55806008e-005, -0.947196494, 9.51361852e-006, 1, 1.96698129e-005, 0, 0, 0, 0, 0, 0, 0, 0.265813721, -0.115145605, -0.196102344, -0.125958818, 0.600151166, -0.789856139, -0.854858398, 0.338134766, 0.393310547, 0.50319438, 0.724854286, 0.470663971, 0, 0, -0, 0, 0, 0, 0, 0.327142676, -0.0690354492, -0.164736279, 0.0348983193, 0.368668654, -0.928807952, 0.337768555, -0.87902832, -0.336181641, -0.940468963, -0.301985126, -0.15518798, 0, 1, 5, 1, 
256.89626, 29, 0.1, 0.1, 0.00598559499, 0.359426501, -0.0349689029, 0.947196729, -9.18220968e-007, 0.320653016, 0.320653016, -1.95840484e-005, -0.947196729, 7.14942008e-006, 1, -1.82555163e-005, 0.947196697, 9.04318293e-006, 0.320653111, 0.320653111, -2.45808596e-005, -0.947196696, -6.83743891e-007, 1, -2.61826337e-005, 0, 0, 0, 0, 0, 0, 0, 0.26752312, -0.117464575, -0.195052661, -0.127047291, 0.598211227, -0.791207468, -0.858642578, 0.332763672, 0.389526367, 0.496322037, 0.728992892, 0.47149596, 0, 0, -0, 0, 0, 0, 0, 0.328609326, -0.0710381836, -0.163491064, 0.0359657806, 0.367536661, -0.929204606, 0.345214844, -0.877075195, -0.333618164, -0.937779172, -0.308732209, -0.158420981, 0, 1, 5, 1, 
256.896959, 29, 0.1, 0.1, 0.00598559751, 0.359426495, -0.0349737896, 0.947196937, -7.26665178e-006, 0.320652402, 0.320652402, 3.04831243e-005, -0.947196936, -2.89153673e-006, 1, 3.12035913e-005, 0.947196895, -5.59814018e-006, 0.320652525, 0.320652525, 3.04036618e-005, -0.947196895, -4.44646994e-006, 1, 3.05933118e-005, 0, 0, 0, 0, 0, 0, 0, 0.26752312, -0.117464575, -0.195052661, -0.127047291, 0.598211227, -0.791207468, -0.858642578, 0.332763672, 0.389526367, 0.496322037, 0.728992892, 0.47149596, 0, 0, -0, 0, 0, 0, 0, 0.328609326, -0.0710381836, -0.163491064, 0.0359657806, 0.367536661, -0.929204606, 0.345214844, -0.877075195, -0.333618164, -0.937779172, -0.308732209, -0.158420981, 0, 1, 5, 1, 
256.89766, 29, 0.1, 0.1, 0.00598559741, 0.359426494, -0.0349771199, 0.947197102, 1.58927838e-005, 0.320651914, 0.320651914, -2.05013895e-005, -0.947197102, -8.47978892e-006, 1, -2.45149083e-005, 0.947197073, 9.47159294e-006, 0.320652001, 0.320652001, -1.02359186e-005, -0.947197073, -5.68929733e-006, 1, -1.27325173e-005, 0, 0, 0, 0, 0, 0, 0, 0.26752312, -0.117464575, -0.195052661, -0.127047291, 0.598211227, -0.791207468, -0.858642578, 0.332763672, 0.389526367, 0.496322037, 0.728992892, 0.47149596, 0, 0, -0, 0, 0, 0, 0, 0.328609326, -0.0710381836, -0.163491064, 0.0359657806, 0.367536661, -0.929204606, 0.345214844, -0.877075195, -0.333618164, -0.937779172, -0.308732209, -0.158420981, 0, 1, 5, 1, 
256.898373, 29, 0.1, 0.1, 0.0059855954, 0.359426503, -0.0349779659, 0.947197279, -5.31647893e-006, 0.32065139, 0.32065139, -1.5242245e-005, -0.947197279, 9.92320143e-006, 1, -1.27326767e-005, 0.947197238, -1.45386787e-006, 0.320651514, 0.320651514, -2.6251454e-005, -0.947197237, 9.79466809e-006, 1, -2.43991198e-005, 0, 0, 0, 0, 0, 0, 0, 0.26752312, -0.117464575, -0.195052661, -0.127047291, 0.598211227, -0.791207468, -0.858642578, 0.332763672, 0.389526367, 0.496322037, 0.728992892, 0.47149596, 0, 0, -0, 0, 0, 0, 0, 0.328609326, -0.0710381836, -0.163491064, 0.0359657806, 0.367536661, -0.929204606, 0.345214844, -0.877075195, -0.333618164, -0.937779172, -0.308732209, -0.158420981, 0, 1, 5, 1, 
256.899085, 29, 0.1, 0.1, 0.0059855964, 0.359426498, -0.0349760036, 0.947197504, -4.55169777e-006, 0.320650726, 0.320650726, 1.44915596e-005, -0.947197504, -3.3537233e-007, 1, 1.51858743e-005, 0.947197462, -1.24744849e-006, 0.320650852, 0.320650852, 1.98788583e-005, -0.947197461, -5.1925928e-006, 1, 1.92291995e-005, 0, 0, 0, 0, 0, 0, 0, 0.26752312, -0.117464575, -0.195052661, -0.127047291, 0.598211227, -0.791207468, -0.858642578, 0.332763672, 0.389526367, 0.496322037, 0.728992892, 0.47149596, 0, 0, -0, 0, 0, 0, 0, 0.329581152, -0.0730825195, -0.162850635, 0.0364772733, 0.36853266, -0.928802489, 0.350708008, -0.875, -0.333374023, -0.935638786, -0.313537234, -0.161079056, 0, 1, 5, 1, 
256.899786, 29, 0.1, 0.1, 0.00598559774, 0.359426501, -0.0349722447, 0.947197668, 8.34683703e-006, 0.320650242, 0.320650242, -1.05572617e-005, -0.947197668, -4.52091605e-006, 1, -1.2676229e-005, 0.947197643, -3.71496064e-007, 0.320650317, 0.320650317, -1.69442002e-005, -0.947197643, 5.78504336e-006, 1, -1.59303862e-005, 0, 0, 0, 0, 0, 0, 0, 0.26752312, -0.117464575, -0.195052661, -0.127047291, 0.598211227, -0.791207468, -0.858642578, 0.332763672, 0.389526367, 0.496322037, 0.728992892, 0.47149596, 0, 0, -0, 0, 0, 0, 0, 0.329581152, -0.0730825195, -0.162850635, 0.0364772733, 0.36853266, -0.928802489, 0.350708008, -0.875, -0.333374023, -0.935638786, -0.313537234, -0.161079056, 0, 1, 5, 1, 
256.900488, 29, 0.1, 0.1, 0.0059855989, 0.359426498, -0.0349679217, 0.947197727, -1.66759499e-005, 0.320650066, 0.320650066, 6.63299422e-006, -0.947197728, 1.36685518e-005, 1, 1.16299015e-005, 0.947197724, -1.34652904e-005, 0.320650078, 0.320650078, 1.32212641e-005, -0.947197723, 8.51489305e-006, 1, 1.68407977e-005, 0, 0, 0, 0, 0, 0, 0, 0.26752312, -0.117464575, -0.195052661, -0.127047291, 0.598211227, -0.791207468, -0.858642578, 0.332763672, 0.389526367, 0.496322037, 0.728992892, 0.47149596, 0, 0, -0, 0, 0, 0, 0, 0.329581152, -0.0730825195, -0.162850635, 0.0364772733, 0.36853266, -0.928802489, 0.350708008, -0.875, -0.333374023, -0.935638786, -0.313537234, -0.161079056, 0, 1, 5, 1, 
256.901203, 29, 0.1, 0.1, 0.00598559522, 0.359426503, -0.0349641065, 0.947197694, 2.20894731e-005, 0.320650164, 0.320650164, -1.65884279e-005, -0.947197694, -1.56040159e-005, 1, -2.27955139e-005, 0.947197706, 2.37615326e-005, 0.320650129, 0.32065013, -2.14050438e-005, -0.947197706, -1.56433391e-005, 0.999999999, -2.78939469e-005, 0, 0, 0, 0, 0, 0, 0, 0.268792505, -0.119902783, -0.195027759, -0.128178824, 0.598459475, -0.790819556, -0.860839844, 0.328735352, 0.388305664, 0.492299128, 0.730560268, 0.473164808, 0, 0, -0, 0, 0, 0, 0, 0.329581152, -0.0730825195, -0.162850635, 0.0364772733, 0.36853266, -0.928802489, 0.350708008, -0.875, -0.333374023, -0.935638786, -0.313537234, -0.161079056, 0, 1, 5, 1, 
256.901906, 29, 0.1, 0.1, 0.00598559742, 0.359426499, -0.0349621157, 0.947197632, -6.87605478e-006, 0.320650348, 0.320650348, 1.6349459e-005, -0.947197632, 1.27052308e-006, 1, 1.76909783e-005, 0.947197642, -1.53180813e-005, 0.320650319, 0.320650319, 1.77736286e-005, -0.947197642, 8.81013078e-006, 1, 2.17468868e-005, 0, 0, 0, 0, 0, 0, 0, 0.268792505, -0.119902783, -0.195027759, -0.128178824, 0.598459475, -0.790819556, -0.860839844, 0.328735352, 0.388305664, 0.492299128, 0.730560268, 0.473164808, 0, 0, -0, 0, 0, 0, 0, 0.329581152, -0.0730825195, -0.162850635, 0.0364772733, 0.36853266, -0.928802489, 0.350708008, -0.875, -0.333374023, -0.935638786, -0.313537234, -0.161079056, 0, 1, 5, 1, 
256.902607, 29, 0.1, 0.1, 0.00598559221, 0.359426502, -0.0349624379, 0.947197638, 2.30883703e-006, 0.320650329, 0.320650329, -1.75618901e-005, -0.947197638, 3.44430087e-006, 1, -1.73749102e-005, 0.94719763, 1.71095158e-005, 0.320650353, 0.320650354, -1.79337344e-005, -0.94719763, -1.04556345e-005, 1, -2.24729631e-005, 0, 0, 0, 0, 0, 0, 0, 0.268792505, -0.119902783, -0.195027759, -0.128178824, 0.598459475, -0.790819556, -0.860839844, 0.328735352, 0.388305664, 0.492299128, 0.730560268, 0.473164808, 0, 0, -0, 0, 0, 0, 0, 0.329581152, -0.0730825195, -0.162850635, 0.0364772733, 0.36853266, -0.928802489, 0.350708008, -0.875, -0.333374023, -0.935638786, -0.313537234, -0.161079056, 0, 1, 5, 1, 
256.903321, 29, 0.1, 0.1, 0.00598559372, 0.359426497, -0.0349648007, 0.947197757, 8.34180902e-006, 0.320649979, 0.320649979, 2.54936743e-005, -0.947197757, -1.60758889e-005, 1, 2.14727503e-005, 0.947197726, 1.57782355e-006, 0.32065007, 0.32065007, 2.72896335e-005, -0.947197726, -1.02449338e-005, 1, 2.53427496e-005, 0, 0, 0, 0, 0, 0, 0, 0.270499585, -0.122333545, -0.194770825, -0.129469118, 0.598847386, -0.790272886, -0.863037109, 0.32421875, 0.387084961, 0.488054181, 0.732229116, 0.475055695, 0, 0, -0, 0, 0, 0, 0, 0.329581152, -0.0730825195, -0.162850635, 0.0364772733, 0.36853266, -0.928802489, 0.350708008, -0.875, -0.333374023, -0.935638786, -0.313537234, -0.161079056, 0, 1, 5, 1, 
256.904033, 29, 0.1, 0.1, 0.00598559283, 0.359426499, -0.0349681125, 0.947197953, -5.79650859e-006, 0.320649399, 0.320649399, -1.69761447e-005, -0.947197953, 1.09338317e-005, 1, -1.42211226e-005, 0.947197912, -4.21045661e-006, 0.320649521, 0.320649521, -1.98729236e-005, -0.947197912, 1.03603791e-005, 1, -1.74735109e-005, 0, 0, 0, 0, 0, 0, 0, 0.270499585, -0.122333545, -0.194770825, -0.129469118, 0.598847386, -0.790272886, -0.863037109, 0.32421875, 0.387084961, 0.488054181, 0.732229116, 0.475055695, 0, 0, -0, 0, 0, 0, 0, 0.330734717, -0.0748904297, -0.162200195, 0.0363817579, 0.369796982, -0.928291729, 0.356323242, -0.872680664, -0.333618164, -0.933562199, -0.318559542, -0.16360297, 0, 1, 5, 1, 
256.904736, 29, 0.1, 0.1, 0.00598559277, 0.359426495, -0.0349715255, 0.947198153, -1.924837e-006, 0.32064881, 0.32064881, 1.61187493e-005, -0.947198153, -3.34525574e-006, 1, 1.58848462e-005, 0.947198116, 2.13251453e-006, 0.320648917, 0.320648917, 2.10226772e-005, -0.947198116, -8.76081244e-006, 1, 1.92288518e-005, 0, 0, 0, 0, 0, 0, 0, 0.270499585, -0.122333545, -0.194770825, -0.129469118, 0.598847386, -0.790272886, -0.863037109, 0.32421875, 0.387084961, 0.488054181, 0.732229116, 0.475055695, 0, 0, -0, 0, 0, 0, 0, 0.330734717, -0.0748904297, -0.162200195, 0.0363817579, 0.369796982, -0.928291729, 0.356323242, -0.872680664, -0.333618164, -0.933562199, -0.318559542, -0.16360297, 0, 1, 5, 1, 
256.905432, 29, 0.1, 0.1, 0.00598559407, 0.359426498, -0.0349741257, 0.947198282, 6.94520784e-006, 0.320648428, 0.320648428, -1.1681658e-005, -0.947198282, -2.83278366e-006, 1, -1.32918164e-005, 0.947198263, -8.95545032e-007, 0.320648485, 0.320648485, -1.69558725e-005, -0.947198263, 6.28513353e-006, 1, -1.57734178e-005, 0, 0, 0, 0, 0, 0, 0, 0.270499585, -0.122333545, -0.194770825, -0.129469118, 0.598847386, -0.790272886, -0.863037109, 0.32421875, 0.387084961, 0.488054181, 0.732229116, 0.475055695, 0, 0, -0, 0, 0, 0, 0, 0.330734717, -0.0748904297, -0.162200195, 0.0363817579, 0.369796982, -0.928291729, 0.356323242, -0.872680664, -0.333618164, -0.933562199, -0.318559542, -0.16360297, 0, 1, 5, 1, 
256.906134, 29, 0.1, 0.1, 0.00598559502, 0.359426495, -0.0349751874, 0.947198322, -1.41590068e-005, 0.320648309, 0.320648309, 5.42380608e-006, -0.947198322, 1.16722533e-005, 1, 9.67748163e-006, 0.947198321, -1.10887114e-005, 0.320648314, 0.320648314, 9.90453861e-006, -0.947198321, 7.32733523e-006, 1, 1.2937139e-005, 0, 0, 0, 0, 0, 0, 0, 0.270499585, -0.122333545, -0.194770825, -0.129469118, 0.598847386, -0.790272886, -0.863037109, 0.32421875, 0.387084961, 0.488054181, 0.732229116, 0.475055695, 0, 0, -0, 0, 0, 0, 0, 0.330734717, -0.0748904297, -0.162200195, 0.0363817579, 0.369796982, -0.928291729, 0.356323242, -0.872680664, -0.333618164, -0.933562199, -0.318559542, -0.16360297, 0, 1, 5, 1, 
