time, trialNum, realDorsalTactorPos, realVentralTactorPos, boxPosX, boxPosY, boxPosZ, boxLocalRot_11, boxLocalRot_12, boxLocalRot_13, boxLocalRot_21, boxLocalRot_22, boxLocalRot_23, boxLocalRot_31, boxLocalRot_32, boxLocalRot_33, boxGlobalRot_11, boxGlobalRot_12, boxGlobalRot_13, boxGlobalRot_21, boxGlobalRot_22, boxGlobalRot_23, boxGlobalRot_31, boxGlobalRot_32, boxGlobalRot_33, indexForceX, indexForceY, indexForceZ, indexForceGlobalX, indexForceGlobalY, indexForceGlobalZ, indexContact, indexPosX, indexPosY, indexPosZ, indexRot_11, indexRot_12, indexRot_13, indexRot_21, indexRot_22, indexRot_23, indexRot_31, indexRot_32, indexRot_33, thumbForceX, thumbForceY, thumbForceZ, thumbForceGlobalX, thumbForceGlobalY, thumbForceGlobalZ, thumbContact, thumbPosX, thumbPosY, thumbPosZ, thumbRot_11, thumbRot_12, thumbRot_13, thumbRot_21, thumbRot_22, thumbRot_23, thumbRot_31, thumbRot_32, thumbRot_33, manipForceTooHigh, cceExpType, mapping, trialSuccess, 
260.629919, 30, 0.1, 0.1, -0.00680107299, 0.36149805, -0.034967974, 0.8488622, 1.04307576e-005, 0.528614194, 0.528614194, 1.39338775e-005, -0.8488622, -1.62199213e-005, 1, 6.31409539e-006, 0.848862198, 1.54137976e-005, 0.528614197, 0.528614197, 1.0859252e-005, -0.848862198, -1.88245449e-005, 1, 1.07005629e-006, 0, 0, 0, 0, 0, 0, 0, 0.178703271, -0.0257887451, -0.227826709, -0.256670402, 0.632480088, -0.730757858, -0.790649414, 0.297363281, 0.53515625, 0.55578378, 0.715160986, 0.423978958, 0, 0, -0, 0, 0, 0, 0, 0.25363042, 0.0188527344, -0.195641406, 0.0237501264, 0.513535481, -0.857671712, 0.232788086, -0.837158203, -0.494873047, -0.972203621, -0.187828385, -0.139487499, 0, 1, 5, 1, 
260.636271, 30, 0.1, 0.1, -0.00680106435, 0.361498072, -0.0349771066, 0.848861984, 4.11596377e-005, 0.528614539, 0.528614539, 7.50777819e-006, -0.848861985, -3.89075725e-005, 0.999999999, -1.53845154e-005, 0.84886193, 3.29699375e-005, 0.528614625, 0.528614625, 1.0740361e-005, -0.848861931, -3.36644367e-005, 0.999999999, -8.3113076e-006, 0, 0, 0, 0, 0, 0, 0, 0.185895483, -0.0361210205, -0.226997119, -0.25479935, 0.62634762, -0.736657427, -0.801879883, 0.288818359, 0.522949219, 0.540285627, 0.724042157, 0.4288683, 0, 0, -0, 0, 0, 0, 0, 0.259377979, 0.00949951172, -0.193991748, 0.0245241118, 0.503360333, -0.863589774, 0.254394531, -0.838500977, -0.481567383, -0.966721592, -0.207800213, -0.148578759, 0, 1, 5, 1, 
260.636973, 30, 0.1, 0.1, -0.0068010714, 0.36149807, -0.0349696456, 0.848862243, -1.62598429e-005, 0.528614123, 0.528614123, -9.10726055e-007, -0.848862244, 1.42837894e-005, 1, 7.82210165e-006, 0.848862203, 4.20347563e-006, 0.528614188, 0.528614188, 5.30622585e-006, -0.848862203, -6.37311785e-006, 1, 2.28223771e-006, 0, 0, 0, 0, 0, 0, 0, 0.185895483, -0.0361210205, -0.226997119, -0.25479935, 0.62634762, -0.736657427, -0.801879883, 0.288818359, 0.522949219, 0.540285627, 0.724042157, 0.4288683, 0, 0, -0, 0, 0, 0, 0, 0.259377979, 0.00949951172, -0.193991748, 0.0245241118, 0.503360333, -0.863589774, 0.254394531, -0.838500977, -0.481567383, -0.966721592, -0.207800213, -0.148578759, 0, 1, 5, 1, 
260.637673, 30, 0.1, 0.1, -0.00680106467, 0.361498077, -0.0349628831, 0.848862334, -5.1787566e-006, 0.528613978, 0.528613978, -1.76959235e-005, -0.848862334, 1.37503639e-005, 1, -1.22838398e-005, 0.848862329, -1.6172024e-005, 0.528613985, 0.528613985, -2.68803446e-005, -0.848862329, 2.7937148e-005, 1, -1.42689539e-005, 0, 0, 0, 0, 0, 0, 0, 0.185895483, -0.0361210205, -0.226997119, -0.25479935, 0.62634762, -0.736657427, -0.801879883, 0.288818359, 0.522949219, 0.540285627, 0.724042157, 0.4288683, 0, 0, -0, 0, 0, 0, 0, 0.259377979, 0.00949951172, -0.193991748, 0.0245241118, 0.503360333, -0.863589774, 0.254394531, -0.838500977, -0.481567383, -0.966721592, -0.207800213, -0.148578759, 0, 1, 5, 1, 
260.638374, 30, 0.1, 0.1, -0.00680106813, 0.361498071, -0.034958519, 0.848862259, 2.18074668e-006, 0.528614098, 0.528614098, 1.57704228e-005, -0.848862259, -1.01876214e-005, 1, 1.22341433e-005, 0.848862279, 7.69391716e-006, 0.528614066, 0.528614065, 2.77563173e-005, -0.848862279, -2.12034558e-005, 1, 1.94941779e-005, 0, 0, 0, 0, 0, 0, 0, 0.185895483, -0.0361210205, -0.226997119, -0.25479935, 0.62634762, -0.736657427, -0.801879883, 0.288818359, 0.522949219, 0.540285627, 0.724042157, 0.4288683, 0, 0, -0, 0, 0, 0, 0, 0.259377979, 0.00949951172, -0.193991748, 0.0245241118, 0.503360333, -0.863589774, 0.254394531, -0.838500977, -0.481567383, -0.966721592, -0.207800213, -0.148578759, 0, 1, 5, 1, 
260.639076, 30, 0.1, 0.1, -0.00680106567, 0.361498073, -0.0349576687, 0.848862168, -6.96864858e-006, 0.528614245, 0.528614245, 1.3095958e-005, -0.848862168, -1.00728781e-006, 1, 1.48003902e-005, 0.848862183, -1.07765116e-005, 0.52861422, 0.52861422, -7.52922407e-006, -0.848862184, 1.31278281e-005, 1, -6.94656301e-007, 0, 0, 0, 0, 0, 0, 0, 0.185895483, -0.0361210205, -0.226997119, -0.25479935, 0.62634762, -0.736657427, -0.801879883, 0.288818359, 0.522949219, 0.540285627, 0.724042157, 0.4288683, 0, 0, -0, 0, 0, 0, 0, 0.259377979, 0.00949951172, -0.193991748, 0.0245241118, 0.503360333, -0.863589774, 0.254394531, -0.838500977, -0.481567383, -0.966721592, -0.207800213, -0.148578759, 0, 1, 5, 1, 
260.639787, 30, 0.1, 0.1, -0.0068010656, 0.36149807, -0.0349604131, 0.848862067, 8.92120201e-006, 0.528614407, 0.528614407, -8.1923807e-006, -0.848862067, -3.24225951e-006, 1, -1.16700771e-005, 0.8488621, -1.24375157e-006, 0.528614354, 0.528614354, -4.33425943e-006, -0.8488621, 3.34692532e-006, 1, -3.02172363e-006, 0, 0, 0, 0, 0, 0, 0, 0.185895483, -0.0361210205, -0.226997119, -0.254858882, 0.624356383, -0.738433737, -0.805297852, 0.285644531, 0.51940918, 0.535227786, 0.727076561, 0.430138376, 0, 0, -0, 0, 0, 0, 0, 0.259377979, 0.00949951172, -0.193991748, 0.0245241118, 0.503360333, -0.863589774, 0.254394531, -0.838500977, -0.481567383, -0.966721592, -0.207800213, -0.148578759, 0, 1, 5, 1, 
260.640501, 30, 0.1, 0.1, -0.0068010658, 0.36149807, -0.0349653904, 0.848861964, 2.91967268e-006, 0.528614572, 0.528614571, 1.54052544e-005, -0.848861964, -1.06218411e-005, 1, 1.1533553e-005, 0.848861973, -7.31342457e-006, 0.528614558, 0.528614558, 1.03252088e-005, -0.848861973, 7.50032327e-007, 1, 1.26306598e-005, 0, 0, 0, 0, 0, 0, 0, 0.188109473, -0.0393389404, -0.226637549, -0.254858882, 0.624356383, -0.738433737, -0.805297852, 0.285644531, 0.51940918, 0.535227786, 0.727076561, 0.430138376, 0, 0, -0, 0, 0, 0, 0, 0.26117124, 0.00623310547, -0.193505371, 0.0241026711, 0.499845151, -0.865705007, 0.260742187, -0.839111328, -0.477294922, -0.965047489, -0.214061324, -0.15064222, 0, 1, 5, 1, 
260.641201, 30, 0.1, 0.1, -0.00680106956, 0.361498071, -0.0349711064, 0.848862018, -3.13135499e-006, 0.528614485, 0.528614485, -1.42060487e-005, -0.848862018, 1.01676114e-005, 1, -1.04036956e-005, 0.848861996, 4.66082432e-006, 0.528614521, 0.528614521, -1.49768386e-005, -0.848861996, 3.96057775e-006, 1, -1.51770485e-005, 0, 0, 0, 0, 0, 0, 0, 0.188109473, -0.0393389404, -0.226637549, -0.254858882, 0.624356383, -0.738433737, -0.805297852, 0.285644531, 0.51940918, 0.535227786, 0.727076561, 0.430138376, 0, 0, -0, 0, 0, 0, 0, 0.26117124, 0.00623310547, -0.193505371, 0.0241026711, 0.499845151, -0.865705007, 0.260742187, -0.839111328, -0.477294922, -0.965047489, -0.214061324, -0.15064222, 0, 1, 5, 1, 
260.6419, 30, 0.1, 0.1, -0.00680106663, 0.361498067, -0.0349759881, 0.848862196, -9.22965835e-006, 0.528614199, 0.528614199, 2.22400031e-005, -0.848862196, -3.92167335e-006, 1, 2.37576263e-005, 0.848862158, -9.49190554e-006, 0.528614261, 0.528614261, 2.37789833e-005, -0.848862157, -4.51259029e-006, 1, 2.52026357e-005, 0, 0, 0, 0, 0, 0, 0, 0.188109473, -0.0393389404, -0.226637549, -0.254858882, 0.624356383, -0.738433737, -0.805297852, 0.285644531, 0.51940918, 0.535227786, 0.727076561, 0.430138376, 0, 0, -0, 0, 0, 0, 0, 0.26117124, 0.00623310547, -0.193505371, 0.0241026711, 0.499845151, -0.865705007, 0.260742187, -0.839111328, -0.477294922, -0.965047489, -0.214061324, -0.15064222, 0, 1, 5, 1, 
260.642595, 30, 0.1, 0.1, -0.00680106778, 0.361498068, -0.0349786785, 0.848862357, 8.32173754e-006, 0.528613941, 0.528613941, -1.73122443e-005, -0.848862357, 2.08748392e-006, 1, -1.90946989e-005, 0.848862323, 9.2157742e-006, 0.528613995, 0.528613996, -1.12788349e-005, -0.848862323, -1.8607735e-006, 1, -1.44457652e-005, 0, 0, 0, 0, 0, 0, 0, 0.188109473, -0.0393389404, -0.226637549, -0.254858882, 0.624356383, -0.738433737, -0.805297852, 0.285644531, 0.51940918, 0.535227786, 0.727076561, 0.430138376, 0, 0, -0, 0, 0, 0, 0, 0.26117124, 0.00623310547, -0.193505371, 0.0241026711, 0.499845151, -0.865705007, 0.260742187, -0.839111328, -0.477294922, -0.965047489, -0.214061324, -0.15064222, 0, 1, 5, 1, 
260.643303, 30, 0.1, 0.1, -0.00680106923, 0.36149807, -0.0349784829, 0.848862505, -8.1579717e-006, 0.528613704, 0.528613704, 6.53562408e-006, -0.848862505, 3.47017584e-006, 1, 9.86026187e-006, 0.848862478, -4.41896893e-006, 0.528613747, 0.528613747, 8.23466481e-007, -0.848862478, 3.31580121e-006, 1, 3.03493752e-006, 0, 0, 0, 0, 0, 0, 0, 0.188109473, -0.0393389404, -0.226637549, -0.254858882, 0.624356383, -0.738433737, -0.805297852, 0.285644531, 0.51940918, 0.535227786, 0.727076561, 0.430138376, 0, 0, -0, 0, 0, 0, 0, 0.26117124, 0.00623310547, -0.193505371, 0.0241026711, 0.499845151, -0.865705007, 0.260742187, -0.839111328, -0.477294922, -0.965047489, -0.214061324, -0.15064222, 0, 1, 5, 1, 
260.644004, 30, 0.1, 0.1, -0.00680106973, 0.361498069, -0.0349756088, 0.84886266, 3.80582987e-006, 0.528613455, 0.528613455, -1.00191561e-005, -0.84886266, 2.06563384e-006, 1, -1.05167004e-005, 0.848862624, 5.2851284e-006, 0.528613512, 0.528613512, -3.08879605e-006, -0.848862624, -2.85356863e-006, 1, -5.41575381e-006, 0, 0, 0, 0, 0, 0, 0, 0.188109473, -0.0393389404, -0.226637549, -0.254858882, 0.624356383, -0.738433737, -0.805297852, 0.285644531, 0.51940918, 0.535227786, 0.727076561, 0.430138376, 0, 0, -0, 0, 0, 0, 0, 0.26117124, 0.00623310547, -0.193505371, 0.0241026711, 0.499845151, -0.865705007, 0.260742187, -0.839111328, -0.477294922, -0.965047489, -0.214061324, -0.15064222, 0, 1, 5, 1, 
260.644719, 30, 0.1, 0.1, -0.00680106995, 0.36149807, -0.0349709825, 0.84886281, -6.68233104e-006, 0.528613214, 0.528613214, 1.83083894e-006, -0.84886281, 4.70457665e-006, 1, 5.08649958e-006, 0.848862785, -7.3745669e-006, 0.528613254, 0.528613254, 3.42410472e-006, -0.848862785, 4.44996826e-006, 1, 6.80488888e-006, 0, 0, 0, 0, 0, 0, 0, 0.188109473, -0.0393389404, -0.226637549, -0.254747671, 0.622745945, -0.739758857, -0.809448242, 0.281005859, 0.515380859, 0.528906984, 0.730174243, 0.432696501, 0, 0, -0, 0, 0, 0, 0, 0.26117124, 0.00623310547, -0.193505371, 0.0241026711, 0.499845151, -0.865705007, 0.260742187, -0.839111328, -0.477294922, -0.965047489, -0.214061324, -0.15064222, 0, 1, 5, 1, 
260.645426, 30, 0.1, 0.1, -0.00680106996, 0.36149807, -0.0349660124, 0.848862916, -2.42692239e-006, 0.528613044, 0.528613044, 3.89304964e-006, -0.848862916, 2.20759688e-009, 1, 4.5875683e-006, 0.848862896, -5.11124907e-006, 0.528613075, 0.528613075, -3.27567511e-006, -0.848862896, 6.07031438e-006, 1, -7.87259724e-008, 0, 0, 0, 0, 0, 0, 0, 0.190328345, -0.0423139648, -0.226027759, -0.254747671, 0.622745945, -0.739758857, -0.809448242, 0.281005859, 0.515380859, 0.528906984, 0.730174243, 0.432696501, 0, 0, -0, 0, 0, 0, 0, 0.262964746, 0.00391533203, -0.192974561, 0.0234960297, 0.497748141, -0.866868351, 0.269042969, -0.838256836, -0.474121094, -0.962779138, -0.222137262, -0.153587574, 0, 1, 5, 1, 
260.646128, 30, 0.1, 0.1, -0.00680107303, 0.361498069, -0.0349624308, 0.84886307, -1.34677668e-005, 0.528612796, 0.528612796, 4.34538625e-006, -0.84886307, 9.13526312e-006, 1, 1.08078718e-005, 0.848863037, 5.74160495e-006, 0.52861285, 0.52861285, 2.39843571e-006, -0.848863037, -6.14168015e-006, 1, -9.99142733e-007, 0, 0, 0, 0, 0, 0, 0, 0.190328345, -0.0423139648, -0.226027759, -0.254747671, 0.622745945, -0.739758857, -0.809448242, 0.281005859, 0.515380859, 0.528906984, 0.730174243, 0.432696501, 0, 0, -0, 0, 0, 0, 0, 0.262964746, 0.00391533203, -0.192974561, 0.0234960297, 0.497748141, -0.866868351, 0.269042969, -0.838256836, -0.474121094, -0.962779138, -0.222137262, -0.153587574, 0, 1, 5, 1, 
260.646828, 30, 0.1, 0.1, -0.00680107164, 0.36149807, -0.0349611487, 0.848863207, 1.82654883e-005, 0.528612576, 0.528612577, -1.21296817e-005, -0.848863207, -9.09299868e-006, 1, -1.99518074e-005, 0.848863182, 8.63808182e-006, 0.528612617, 0.528612617, -8.73096546e-006, -0.848863182, -2.71725112e-006, 1, -1.19775942e-005, 0, 0, 0, 0, 0, 0, 0, 0.190328345, -0.0423139648, -0.226027759, -0.254747671, 0.622745945, -0.739758857, -0.809448242, 0.281005859, 0.515380859, 0.528906984, 0.730174243, 0.432696501, 0, 0, -0, 0, 0, 0, 0, 0.262964746, 0.00391533203, -0.192974561, 0.0234960297, 0.497748141, -0.866868351, 0.269042969, -0.838256836, -0.474121094, -0.962779138, -0.222137262, -0.153587574, 0, 1, 5, 1, 
260.647558, 30, 0.1, 0.1, -0.00680107012, 0.361498073, -0.034962318, 0.848863334, -2.02788507e-005, 0.528612371, 0.528612372, -3.7410627e-006, -0.848863334, 1.91915448e-005, 1, 7.54400038e-006, 0.848863308, -2.14496917e-005, 0.528612414, 0.528612414, -4.01565428e-006, -0.848863308, 2.0330581e-005, 1, 7.92983175e-006, 0, 0, 0, 0, 0, 0, 0, 0.192080713, -0.0451884033, -0.225990039, -0.255225072, 0.62324132, -0.739154898, -0.811279297, 0.277709961, 0.514282227, 0.525892798, 0.730960927, 0.43494909, 0, 0, -0, 0, 0, 0, 0, 0.262964746, 0.00391533203, -0.192974561, 0.0224548212, 0.496903793, -0.867405363, 0.275268555, -0.837158203, -0.472412109, -0.961047433, -0.228117656, -0.155485157, 0, 1, 5, 1, 
260.648271, 30, 0.1, 0.1, -0.00680107463, 0.361498075, -0.0349651537, 0.848863449, 1.22436262e-005, 0.528612187, 0.528612187, -5.10547639e-006, -0.848863449, -7.69434968e-006, 1, -1.08059823e-005, 0.848863429, 2.06473905e-005, 0.528612219, 0.528612219, -8.76740143e-006, -0.84886343, -1.28922592e-005, 1, -1.83567894e-005, 0, 0, 0, 0, 0, 0, 0, 0.192080713, -0.0451884033, -0.225990039, -0.255225072, 0.62324132, -0.739154898, -0.811279297, 0.277709961, 0.514282227, 0.525892798, 0.730960927, 0.43494909, 0, 0, -0, 0, 0, 0, 0, 0.264271729, 0.00127802734, -0.192826758, 0.0224548212, 0.496903793, -0.867405363, 0.275268555, -0.837158203, -0.472412109, -0.961047433, -0.228117656, -0.155485157, 0, 1, 5, 1, 
260.648974, 30, 0.1, 0.1, -0.00680107388, 0.361498074, -0.0349689701, 0.848863544, 1.23191234e-005, 0.528612035, 0.528612035, 2.36088886e-006, -0.848863544, -1.1705249e-005, 1, -4.50796442e-006, 0.848863524, -3.17831992e-006, 0.528612066, 0.528612066, 4.89548077e-006, -0.848863524, 1.10149644e-007, 1, 5.83569332e-006, 0, 0, 0, 0, 0, 0, 0, 0.192080713, -0.0451884033, -0.225990039, -0.255225072, 0.62324132, -0.739154898, -0.811279297, 0.277709961, 0.514282227, 0.525892798, 0.730960927, 0.43494909, 0, 0, -0, 0, 0, 0, 0, 0.264271729, 0.00127802734, -0.192826758, 0.0224548212, 0.496903793, -0.867405363, 0.275268555, -0.837158203, -0.472412109, -0.961047433, -0.228117656, -0.155485157, 0, 1, 5, 1, 
260.649672, 30, 0.1, 0.1, -0.0068010769, 0.361498073, -0.0349726497, 0.848863622, -1.63640449e-005, 0.528611909, 0.528611909, 3.29763463e-006, -0.848863622, 1.21476735e-005, 1, 1.14494711e-005, 0.848863616, -1.67326446e-006, 0.52861192, 0.52861192, 6.95104731e-006, -0.848863615, -2.25403315e-006, 1, 6.78499869e-006, 0, 0, 0, 0, 0, 0, 0, 0.192080713, -0.0451884033, -0.225990039, -0.255225072, 0.62324132, -0.739154898, -0.811279297, 0.277709961, 0.514282227, 0.525892798, 0.730960927, 0.43494909, 0, 0, -0, 0, 0, 0, 0, 0.264271729, 0.00127802734, -0.192826758, 0.0224548212, 0.496903793, -0.867405363, 0.275268555, -0.837158203, -0.472412109, -0.961047433, -0.228117656, -0.155485157, 0, 1, 5, 1, 
260.650375, 30, 0.1, 0.1, -0.00680107181, 0.361498076, -0.0349751654, 0.848863587, -2.29217872e-006, 0.528611965, 0.528611965, -7.90658733e-006, -0.848863587, 6.12526372e-006, 1, -5.49994099e-006, 0.848863604, -1.12463316e-005, 0.528611939, 0.528611938, -1.403856e-005, -0.848863604, 1.6967552e-005, 1, -5.97187752e-006, 0, 0, 0, 0, 0, 0, 0, 0.192080713, -0.0451884033, -0.225990039, -0.255225072, 0.62324132, -0.739154898, -0.811279297, 0.277709961, 0.514282227, 0.525892798, 0.730960927, 0.43494909, 0, 0, -0, 0, 0, 0, 0, 0.264271729, 0.00127802734, -0.192826758, 0.0224548212, 0.496903793, -0.867405363, 0.275268555, -0.837158203, -0.472412109, -0.961047433, -0.228117656, -0.155485157, 0, 1, 5, 1, 
260.651079, 30, 0.1, 0.1, -0.00680107644, 0.36149807, -0.0349758199, 0.848863446, 1.11099363e-005, 0.528612192, 0.528612191, 1.64889892e-005, -0.848863446, -1.81470995e-005, 1, 8.12405245e-006, 0.848863476, 1.31236049e-005, 0.528612144, 0.528612144, 2.28643638e-005, -0.848863476, -2.32265292e-005, 1, 1.24714264e-005, 0, 0, 0, 0, 0, 0, 0, 0.192080713, -0.0451884033, -0.225990039, -0.255225072, 0.62324132, -0.739154898, -0.811279297, 0.277709961, 0.514282227, 0.525892798, 0.730960927, 0.43494909, 0, 0, -0, 0, 0, 0, 0, 0.264271729, 0.00127802734, -0.192826758, 0.0224548212, 0.496903793, -0.867405363, 0.275268555, -0.837158203, -0.472412109, -0.961047433, -0.228117656, -0.155485157, 0, 1, 5, 1, 
260.651778, 30, 0.1, 0.1, -0.00680107475, 0.361498072, -0.0349745579, 0.848863366, -1.40488195e-005, 0.528612321, 0.528612321, -6.26867156e-006, -0.848863366, 1.52392252e-005, 1, 2.10513342e-006, 0.848863374, -1.51060654e-005, 0.528612308, 0.528612307, -7.45490326e-006, -0.848863374, 1.67637393e-005, 1, 1.65705777e-006, 0, 0, 0, 0, 0, 0, 0, 0.192080713, -0.0451884033, -0.225990039, -0.255225072, 0.62324132, -0.739154898, -0.811279297, 0.277709961, 0.514282227, 0.525892798, 0.730960927, 0.43494909, 0, 0, -0, 0, 0, 0, 0, 0.264271729, 0.00127802734, -0.192826758, 0.0224548212, 0.496903793, -0.867405363, 0.275268555, -0.837158203, -0.472412109, -0.961047433, -0.228117656, -0.155485157, 0, 1, 5, 1, 
260.652506, 30, 0.1, 0.1, -0.00680107618, 0.361498071, -0.0349715591, 0.848863292, 3.3237795e-006, 0.52861244, 0.52861244, 2.17273404e-006, -0.848863292, -3.96996865e-006, 1, 8.73629809e-008, 0.848863309, 5.1003557e-006, 0.528612412, 0.528612412, 8.70826608e-006, -0.848863309, -8.93280236e-006, 1, 4.69601623e-006, 0, 0, 0, 0, 0, 0, 0, 0.194351587, -0.0481497559, -0.225388306, -0.254205488, 0.621960383, -0.740594594, -0.814453125, 0.275146484, 0.510742188, 0.521405594, 0.733017687, 0.43678381, 0, 0, -0, 0, 0, 0, 0, 0.265916455, -0.0014503418, -0.192091016, 0.0231259949, 0.494538827, -0.868798749, 0.281494141, -0.837036133, -0.468994141, -0.959258492, -0.233644161, -0.158577433, 0, 1, 5, 1, 
260.653211, 30, 0.1, 0.1, -0.00680107662, 0.361498074, -0.0349680195, 0.848863214, 2.53429918e-006, 0.528612565, 0.528612565, 1.27788675e-005, -0.848863214, -8.90634327e-006, 1, 9.50784814e-006, 0.848863227, -6.76058008e-007, 0.528612544, 0.528612544, -4.8409514e-006, -0.848863227, 3.13286842e-006, 1, -3.75193288e-006, 0, 0, 0, 0, 0, 0, 0, 0.194351587, -0.0481497559, -0.225388306, -0.254205488, 0.621960383, -0.740594594, -0.814453125, 0.275146484, 0.510742188, 0.521405594, 0.733017687, 0.43678381, 0, 0, -0, 0, 0, 0, 0, 0.265916455, -0.0014503418, -0.192091016, 0.0231259949, 0.494538827, -0.868798749, 0.281494141, -0.837036133, -0.468994141, -0.959258492, -0.233644161, -0.158577433, 0, 1, 5, 1, 
260.653912, 30, 0.1, 0.1, -0.00680107748, 0.361498071, -0.0349651451, 0.848863147, -3.69754936e-006, 0.528612672, 0.528612672, -1.08358304e-005, -0.848863147, 8.86667063e-006, 1, -7.24356562e-006, 0.84886316, -2.12634046e-006, 0.528612652, 0.528612652, -3.21906543e-006, -0.84886316, 3.50661079e-006, 1, -1.60853558e-006, 0, 0, 0, 0, 0, 0, 0, 0.194351587, -0.0481497559, -0.225388306, -0.254205488, 0.621960383, -0.740594594, -0.814453125, 0.275146484, 0.510742188, 0.521405594, 0.733017687, 0.43678381, 0, 0, -0, 0, 0, 0, 0, 0.265916455, -0.0014503418, -0.192091016, 0.0231259949, 0.494538827, -0.868798749, 0.281494141, -0.837036133, -0.468994141, -0.959258492, -0.233644161, -0.158577433, 0, 1, 5, 1, 
260.65461, 30, 0.1, 0.1, -0.0068010778, 0.361498072, -0.0349637244, 0.848863086, -3.26976588e-007, 0.52861277, 0.52861277, -4.9165164e-006, -0.848863086, 2.87649171e-006, 1, -4.00060528e-006, 0.848863098, -9.42591939e-007, 0.528612752, 0.528612752, -6.23176938e-006, -0.848863098, 4.09432427e-006, 1, -4.79165295e-006, 0, 0, 0, 0, 0, 0, 0, 0.194351587, -0.0481497559, -0.225388306, -0.254205488, 0.621960383, -0.740594594, -0.814453125, 0.275146484, 0.510742188, 0.521405594, 0.733017687, 0.43678381, 0, 0, -0, 0, 0, 0, 0, 0.265916455, -0.0014503418, -0.192091016, 0.0231259949, 0.494538827, -0.868798749, 0.281494141, -0.837036133, -0.468994141, -0.959258492, -0.233644161, -0.158577433, 0, 1, 5, 1, 
260.655315, 30, 0.1, 0.1, -0.00680107694, 0.361498072, -0.0349640346, 0.848863048, -1.74820405e-005, 0.528612831, 0.528612831, -3.42042169e-006, -0.848863048, 1.6647937e-005, 1, 6.33776132e-006, 0.848863047, -9.73550218e-006, 0.528612833, 0.528612833, -6.86004424e-006, -0.848863047, 1.18904155e-005, 1, -6.76926666e-007, 0, 0, 0, 0, 0, 0, 0, 0.194351587, -0.0481497559, -0.225388306, -0.254205488, 0.621960383, -0.740594594, -0.814453125, 0.275146484, 0.510742188, 0.521405594, 0.733017687, 0.43678381, 0, 0, -0, 0, 0, 0, 0, 0.265916455, -0.0014503418, -0.192091016, 0.0231259949, 0.494538827, -0.868798749, 0.281494141, -0.837036133, -0.468994141, -0.959258492, -0.233644161, -0.158577433, 0, 1, 5, 1, 
260.656017, 30, 0.1, 0.1, -0.00680107993, 0.361498073, -0.0349659019, 0.848863067, 2.20467824e-005, 0.528612801, 0.528612801, -2.79527746e-006, -0.848863067, -1.72370799e-005, 1, -1.40270192e-005, 0.848863064, 2.17798706e-005, 0.528612805, 0.528612805, -4.45840362e-006, -0.848863064, -1.61313584e-005, 1, -1.52976927e-005, 0, 0, 0, 0, 0, 0, 0, 0.194351587, -0.0481497559, -0.225388306, -0.254205488, 0.621960383, -0.740594594, -0.814453125, 0.275146484, 0.510742188, 0.521405594, 0.733017687, 0.43678381, 0, 0, -0, 0, 0, 0, 0, 0.265916455, -0.0014503418, -0.192091016, 0.0231259949, 0.494538827, -0.868798749, 0.281494141, -0.837036133, -0.468994141, -0.959258492, -0.233644161, -0.158577433, 0, 1, 5, 1, 
260.656719, 30, 0.1, 0.1, -0.00680107606, 0.361498073, -0.0349686714, 0.848863022, -2.79810335e-005, 0.528612872, 0.528612872, -8.7158268e-006, -0.848863023, 2.83593629e-005, 1, 7.39259142e-006, 0.848863042, -2.78948755e-005, 0.528612841, 0.528612841, -2.7533163e-006, -0.848863042, 2.51343673e-005, 1, 1.2408401e-005, 0, 0, 0, 0, 0, 0, 0, 0.194351587, -0.0481497559, -0.225388306, -0.254205488, 0.621960383, -0.740594594, -0.814453125, 0.275146484, 0.510742188, 0.521405594, 0.733017687, 0.43678381, 0, 0, -0, 0, 0, 0, 0, 0.265916455, -0.0014503418, -0.192091016, 0.0231259949, 0.494538827, -0.868798749, 0.281494141, -0.837036133, -0.468994141, -0.959258492, -0.233644161, -0.158577433, 0, 1, 5, 1, 
260.657445, 30, 0.1, 0.1, -0.00680107697, 0.361498074, -0.0349712495, 0.848862836, 1.86615542e-005, 0.528613172, 0.528613171, 2.29787936e-005, -0.848862836, -2.79879928e-005, 1, 9.64110052e-006, 0.848862887, 1.42890113e-005, 0.528613089, 0.528613089, 7.40875027e-006, -0.848862888, -1.60457738e-005, 1, -1.26434528e-006, 0, 0, 0, 0, 0, 0, 0, 0.196612329, -0.0511084229, -0.224783887, -0.253363759, 0.620717639, -0.741996098, -0.817871094, 0.272094727, 0.506958008, 0.516575784, 0.735315581, 0.438859666, 0, 0, -0, 0, 0, 0, 0, 0.26779126, -0.0039359375, -0.191337207, 0.0237461292, 0.492761546, -0.869776892, 0.288818359, -0.836303711, -0.465942383, -0.956983945, -0.240090839, -0.162117036, 0, 1, 5, 1, 
260.658161, 30, 0.1, 0.1, -0.00680108333, 0.361498067, -0.0349729641, 0.848862581, 7.33788503e-006, 0.528613581, 0.528613581, -6.96352404e-006, -0.848862581, -2.54784265e-006, 1, -9.78998067e-006, 0.848862631, 1.34658675e-005, 0.528613501, 0.528613501, 1.21491623e-005, -0.848862631, -1.7852883e-005, 1, 3.19473047e-006, 0, 0, 0, 0, 0, 0, 0, 0.196612329, -0.0511084229, -0.224783887, -0.253363759, 0.620717639, -0.741996098, -0.817871094, 0.272094727, 0.506958008, 0.516575784, 0.735315581, 0.438859666, 0, 0, -0, 0, 0, 0, 0, 0.26779126, -0.0039359375, -0.191337207, 0.0237461292, 0.492761546, -0.869776892, 0.288818359, -0.836303711, -0.465942383, -0.956983945, -0.240090839, -0.162117036, 0, 1, 5, 1, 
260.658862, 30, 0.1, 0.1, -0.00680107651, 0.361498077, -0.0349734415, 0.84886247, -3.20070003e-005, 0.528613758, 0.528613758, -1.83318663e-005, -0.848862471, 3.68600181e-005, 0.999999999, 1.35810737e-006, 0.848862482, -2.91946317e-005, 0.52861374, 0.528613739, -2.98337732e-005, -0.848862482, 4.05527699e-005, 0.999999999, -9.89208737e-006, 0, 0, 0, 0, 0, 0, 0, 0.196612329, -0.0511084229, -0.224783887, -0.253363759, 0.620717639, -0.741996098, -0.817871094, 0.272094727, 0.506958008, 0.516575784, 0.735315581, 0.438859666, 0, 0, -0, 0, 0, 0, 0, 0.26779126, -0.0039359375, -0.191337207, 0.0237461292, 0.492761546, -0.869776892, 0.288818359, -0.836303711, -0.465942383, -0.956983945, -0.240090839, -0.162117036, 0, 1, 5, 1, 
260.659682, 30, 0.1, 0.1, -0.00680107908, 0.361498076, -0.0349720113, 0.848862541, 2.91531525e-005, 0.528613646, 0.528613646, 7.79680054e-006, -0.848862541, -2.88685143e-005, 1, -8.79234233e-006, 0.848862507, 1.57374258e-005, 0.5286137, 0.5286137, 6.05642921e-006, -0.848862507, -1.65604222e-005, 1, -3.1779432e-006, 0, 0, 0, 0, 0, 0, 0, 0.196612329, -0.0511084229, -0.224783887, -0.253363759, 0.620717639, -0.741996098, -0.817871094, 0.272094727, 0.506958008, 0.516575784, 0.735315581, 0.438859666, 0, 0, -0, 0, 0, 0, 0, 0.26779126, -0.0039359375, -0.191337207, 0.0237461292, 0.492761546, -0.869776892, 0.288818359, -0.836303711, -0.465942383, -0.956983945, -0.240090839, -0.162117036, 0, 1, 5, 1, 
260.660401, 30, 0.1, 0.1, -0.00680108351, 0.361498074, -0.0349688118, 0.848862593, -9.465929e-006, 0.528613562, 0.528613562, -6.48165023e-006, -0.848862593, 1.14615613e-005, 1, -4.98211976e-007, 0.848862585, -4.50939116e-007, 0.528613575, 0.528613575, -2.79543677e-006, -0.848862585, 1.86049117e-006, 1, -2.13456914e-006, 0, 0, 0, 0, 0, 0, 0, 0.196612329, -0.0511084229, -0.224783887, -0.253363759, 0.620717639, -0.741996098, -0.817871094, 0.272094727, 0.506958008, 0.516575784, 0.735315581, 0.438859666, 0, 0, -0, 0, 0, 0, 0, 0.269414502, -0.00639980469, -0.190793213, 0.0240275785, 0.491188789, -0.870671912, 0.295532227, -0.835449219, -0.463134766, -0.95499048, -0.246147792, -0.165279674, 0, 1, 5, 1, 
260.661102, 30, 0.1, 0.1, -0.00680108409, 0.361498074, -0.0349660861, 0.848862671, 2.20489899e-005, 0.528613436, 0.528613437, -4.36699275e-008, -0.848862671, -1.86934799e-005, 1, -1.16924621e-005, 0.848862656, 1.34584673e-005, 0.528613462, 0.528613462, -4.98267127e-007, -0.848862656, -1.11609996e-005, 1, -7.53728736e-006, 0, 0, 0, 0, 0, 0, 0, 0.196612329, -0.0511084229, -0.224783887, -0.253363759, 0.620717639, -0.741996098, -0.817871094, 0.272094727, 0.506958008, 0.516575784, 0.735315581, 0.438859666, 0, 0, -0, 0, 0, 0, 0, 0.269414502, -0.00639980469, -0.190793213, 0.0240275785, 0.491188789, -0.870671912, 0.295532227, -0.835449219, -0.463134766, -0.95499048, -0.246147792, -0.165279674, 0, 1, 5, 1, 
260.661823, 30, 0.1, 0.1, -0.00680108253, 0.361498072, -0.0349644064, 0.848862699, -3.33705772e-005, 0.528613392, 0.528613392, 1.04547163e-006, -0.848862699, 2.7774388e-005, 0.999999999, 1.85275959e-005, 0.848862708, -2.3497596e-005, 0.528613377, 0.528613378, 7.53601183e-006, -0.848862708, 1.59625963e-005, 1, 1.8818183e-005, 0, 0, 0, 0, 0, 0, 0, 0.196612329, -0.0511084229, -0.224783887, -0.253169052, 0.620001347, -0.742674197, -0.820556641, 0.268920898, 0.504272461, 0.51234282, 0.737035726, 0.440820945, 0, 0, -0, 0, 0, 0, 0, 0.269414502, -0.00639980469, -0.190793213, 0.0240275785, 0.491188789, -0.870671912, 0.295532227, -0.835449219, -0.463134766, -0.95499048, -0.246147792, -0.165279674, 0, 1, 5, 1, 
260.662522, 30, 0.1, 0.1, -0.00680107915, 0.361498075, -0.0349642123, 0.848862571, 7.17994573e-006, 0.528613597, 0.528613597, 6.92035989e-006, -0.848862571, -9.75298353e-006, 1, 2.07901755e-006, 0.848862612, 2.77828595e-006, 0.528613532, 0.528613532, -4.22092899e-006, -0.848862612, -1.27142882e-007, 1, -5.05162835e-006, 0, 0, 0, 0, 0, 0, 0, 0.198618579, -0.0540419434, -0.224366089, -0.253169052, 0.620001347, -0.742674197, -0.820556641, 0.268920898, 0.504272461, 0.51234282, 0.737035726, 0.440820945, 0, 0, -0, 0, 0, 0, 0, 0.269414502, -0.00639980469, -0.190793213, 0.0240275785, 0.491188789, -0.870671912, 0.295532227, -0.835449219, -0.463134766, -0.95499048, -0.246147792, -0.165279674, 0, 1, 5, 1, 
260.663226, 30, 0.1, 0.1, -0.00680108029, 0.361498074, -0.0349655823, 0.848862418, -4.43539199e-006, 0.528613844, 0.528613844, 4.04267244e-006, -0.848862418, 1.62802495e-006, 1, 5.77628231e-006, 0.84886244, -6.53648623e-006, 0.528613808, 0.528613808, 2.0924159e-006, -0.84886244, 4.44249771e-006, 1, 5.23145014e-006, 0, 0, 0, 0, 0, 0, 0, 0.198618579, -0.0540419434, -0.224366089, -0.253169052, 0.620001347, -0.742674197, -0.820556641, 0.268920898, 0.504272461, 0.51234282, 0.737035726, 0.440820945, 0, 0, -0, 0, 0, 0, 0, 0.269414502, -0.00639980469, -0.190793213, 0.0240275785, 0.491188789, -0.870671912, 0.295532227, -0.835449219, -0.463134766, -0.95499048, -0.246147792, -0.165279674, 0, 1, 5, 1, 
260.66394, 30, 0.1, 0.1, -0.00680108177, 0.361498074, -0.0349679311, 0.848862333, -7.67394472e-006, 0.52861398, 0.52861398, -2.33738232e-006, -0.848862333, 7.74969559e-006, 1, 2.07243865e-006, 0.848862341, -1.49479606e-006, 0.528613966, 0.528613966, -5.90842818e-006, -0.848862341, 4.39215374e-006, 1, -4.2252721e-006, 0, 0, 0, 0, 0, 0, 0, 0.198618579, -0.0540419434, -0.224366089, -0.253169052, 0.620001347, -0.742674197, -0.820556641, 0.268920898, 0.504272461, 0.51234282, 0.737035726, 0.440820945, 0, 0, -0, 0, 0, 0, 0, 0.269414502, -0.00639980469, -0.190793213, 0.0240275785, 0.491188789, -0.870671912, 0.295532227, -0.835449219, -0.463134766, -0.95499048, -0.246147792, -0.165279674, 0, 1, 5, 1, 
260.664669, 30, 0.1, 0.1, -0.00680108206, 0.361498073, -0.0349703116, 0.848862293, -7.89984121e-006, 0.528614045, 0.528614045, 3.25621114e-007, -0.848862293, 6.53374942e-006, 1, 4.4523745e-006, 0.848862304, -8.66522307e-007, 0.528614026, 0.528614026, 4.53596677e-006, -0.848862304, -1.66221753e-006, 1, 4.30846705e-006, 0, 0, 0, 0, 0, 0, 0, 0.200863818, -0.0567699219, -0.223744092, -0.252581563, 0.618898266, -0.743758182, -0.82421875, 0.264770508, 0.500366211, 0.506688133, 0.739435091, 0.443340878, 0, 0, -0, 0, 0, 0, 0, 0.271064355, -0.00911669922, -0.190255811, 0.0246604727, 0.489104905, -0.871701094, 0.302124023, -0.834838867, -0.459960937, -0.952837334, -0.252012982, -0.168333671, 0, 1, 5, 1, 
260.665368, 30, 0.1, 0.1, -0.00680108171, 0.361498073, -0.0349720243, 0.848862213, 8.60178369e-007, 0.528614173, 0.528614173, 4.57677516e-007, -0.848862213, -9.72107735e-007, 1, -6.61973284e-008, 0.848862227, 3.88257197e-007, 0.52861415, 0.52861415, 5.99520387e-006, -0.848862227, -3.49872647e-006, 1, 4.88386386e-006, 0, 0, 0, 0, 0, 0, 0, 0.200863818, -0.0567699219, -0.223744092, -0.252581563, 0.618898266, -0.743758182, -0.82421875, 0.264770508, 0.500366211, 0.506688133, 0.739435091, 0.443340878, 0, 0, -0, 0, 0, 0, 0, 0.271064355, -0.00911669922, -0.190255811, 0.0246604727, 0.489104905, -0.871701094, 0.302124023, -0.834838867, -0.459960937, -0.952837334, -0.252012982, -0.168333671, 0, 1, 5, 1, 
260.666066, 30, 0.1, 0.1, -0.00680108178, 0.361498074, -0.0349728862, 0.848862147, 3.70111171e-006, 0.528614279, 0.528614279, 3.6045633e-006, -0.848862147, -5.04715726e-006, 1, 1.10331684e-006, 0.84886216, 1.54260556e-006, 0.528614257, 0.528614257, 2.03386103e-006, -0.84886216, -2.38458743e-006, 1, 9.11024377e-007, 0, 0, 0, 0, 0, 0, 0, 0.200863818, -0.0567699219, -0.223744092, -0.252581563, 0.618898266, -0.743758182, -0.82421875, 0.264770508, 0.500366211, 0.506688133, 0.739435091, 0.443340878, 0, 0, -0, 0, 0, 0, 0, 0.271064355, -0.00911669922, -0.190255811, 0.0246604727, 0.489104905, -0.871701094, 0.302124023, -0.834838867, -0.459960937, -0.952837334, -0.252012982, -0.168333671, 0, 1, 5, 1, 
260.666765, 30, 0.1, 0.1, -0.00680108226, 0.361498075, -0.0349727103, 0.848862118, 5.64707895e-006, 0.528614324, 0.528614324, 8.50531648e-007, -0.848862118, -5.24319461e-006, 1, -2.26314273e-006, 0.848862119, -3.54527591e-006, 0.528614323, 0.528614323, 5.54675002e-007, -0.848862119, 2.71624127e-006, 1, 2.34492622e-006, 0, 0, 0, 0, 0, 0, 0, 0.200863818, -0.0567699219, -0.223744092, -0.252581563, 0.618898266, -0.743758182, -0.82421875, 0.264770508, 0.500366211, 0.506688133, 0.739435091, 0.443340878, 0, 0, -0, 0, 0, 0, 0, 0.271064355, -0.00911669922, -0.190255811, 0.0246604727, 0.489104905, -0.871701094, 0.302124023, -0.834838867, -0.459960937, -0.952837334, -0.252012982, -0.168333671, 0, 1, 5, 1, 
260.667461, 30, 0.1, 0.1, -0.00680108319, 0.361498074, -0.0349716056, 0.848862082, -9.17769064e-008, 0.528614383, 0.528614383, -1.60666384e-006, -0.848862082, 9.2721155e-007, 1, -1.31532142e-006, 0.848862094, -2.53164811e-006, 0.528614364, 0.528614364, -3.41097377e-006, -0.848862094, 3.95210984e-006, 1, -1.55718079e-006, 0, 0, 0, 0, 0, 0, 0, 0.200863818, -0.0567699219, -0.223744092, -0.252581563, 0.618898266, -0.743758182, -0.82421875, 0.264770508, 0.500366211, 0.506688133, 0.739435091, 0.443340878, 0, 0, -0, 0, 0, 0, 0, 0.271064355, -0.00911669922, -0.190255811, 0.0246604727, 0.489104905, -0.871701094, 0.302124023, -0.834838867, -0.459960937, -0.952837334, -0.252012982, -0.168333671, 0, 1, 5, 1, 
260.668163, 30, 0.1, 0.1, -0.00680108435, 0.361498073, -0.0349699397, 0.848862039, -6.35148573e-006, 0.528614452, 0.528614453, 1.97609469e-006, -0.848862039, 4.34694291e-006, 1, 5.03491891e-006, 0.84886204, -1.16210947e-006, 0.52861445, 0.52861445, -1.41076109e-006, -0.84886204, 1.73221931e-006, 1, -5.83233676e-007, 0, 0, 0, 0, 0, 0, 0, 0.200863818, -0.0567699219, -0.223744092, -0.252581563, 0.618898266, -0.743758182, -0.82421875, 0.264770508, 0.500366211, 0.506688133, 0.739435091, 0.443340878, 0, 0, -0, 0, 0, 0, 0, 0.271064355, -0.00911669922, -0.190255811, 0.0246604727, 0.489104905, -0.871701094, 0.302124023, -0.834838867, -0.459960937, -0.952837334, -0.252012982, -0.168333671, 0, 1, 5, 1, 
260.668862, 30, 0.1, 0.1, -0.00680108534, 0.361498072, -0.0349682511, 0.848862033, -5.68606265e-006, 0.528614461, 0.528614461, 1.63650324e-006, -0.848862033, 3.96160343e-006, 1, 4.39490041e-006, 0.848862039, 1.88722244e-006, 0.528614452, 0.528614452, 6.80394537e-006, -0.848862039, -5.19865534e-006, 1, 4.77799789e-006, 0, 0, 0, 0, 0, 0, 0, 0.200863818, -0.0567699219, -0.223744092, -0.252581563, 0.618898266, -0.743758182, -0.82421875, 0.264770508, 0.500366211, 0.506688133, 0.739435091, 0.443340878, 0, 0, -0, 0, 0, 0, 0, 0.271064355, -0.00911669922, -0.190255811, 0.0246604727, 0.489104905, -0.871701094, 0.302124023, -0.834838867, -0.459960937, -0.952837334, -0.252012982, -0.168333671, 0, 1, 5, 1, 
260.669587, 30, 0.1, 0.1, -0.00680108612, 0.361498071, -0.0349667867, 0.848861976, 4.27248501e-006, 0.528614553, 0.528614553, -7.9938187e-007, -0.848861976, -3.20418518e-006, 1, -2.93706263e-006, 0.848861986, 4.23295279e-006, 0.528614538, 0.528614538, 6.43934316e-006, -0.848861986, -6.99712312e-006, 1, 3.22851324e-006, 0, 0, 0, 0, 0, 0, 0, 0.203088794, -0.059718457, -0.223111963, -0.252349785, 0.617833377, -0.744664312, -0.828125, 0.260131836, 0.496459961, 0.500348235, 0.742075592, 0.446203418, 0, 0, -0, 0, 0, 0, 0, 0.272684424, -0.0115908203, -0.189721826, 0.0247822409, 0.487608707, -0.872704756, 0.309692383, -0.833740234, -0.45703125, -0.950492424, -0.258798345, -0.17163047, 0, 1, 5, 1, 
260.670287, 30, 0.1, 0.1, -0.00680108596, 0.361498072, -0.0349661116, 0.84886198, 6.48169119e-006, 0.528614546, 0.528614546, -1.40174279e-007, -0.84886198, -5.42796306e-006, 1, -3.54530486e-006, 0.848861978, 4.13273073e-006, 0.528614549, 0.528614549, -1.64135316e-006, -0.848861978, -2.64047483e-006, 1, -3.57790388e-006, 0, 0, 0, 0, 0, 0, 0, 0.203088794, -0.059718457, -0.223111963, -0.252349785, 0.617833377, -0.744664312, -0.828125, 0.260131836, 0.496459961, 0.500348235, 0.742075592, 0.446203418, 0, 0, -0, 0, 0, 0, 0, 0.272684424, -0.0115908203, -0.189721826, 0.0247822409, 0.487608707, -0.872704756, 0.309692383, -0.833740234, -0.45703125, -0.950492424, -0.258798345, -0.17163047, 0, 1, 5, 1, 
260.670986, 30, 0.1, 0.1, -0.0068010855, 0.361498073, -0.0349664841, 0.848861947, 1.6643045e-006, 0.5286146, 0.5286146, 3.12317846e-006, -0.848861947, -3.06372249e-006, 1, 1.77137169e-006, 0.848861958, -3.16363293e-006, 0.528614582, 0.528614582, -6.75185397e-006, -0.848861958, 6.2546161e-006, 1, -4.05904948e-006, 0, 0, 0, 0, 0, 0, 0, 0.203088794, -0.059718457, -0.223111963, -0.252349785, 0.617833377, -0.744664312, -0.828125, 0.260131836, 0.496459961, 0.500348235, 0.742075592, 0.446203418, 0, 0, -0, 0, 0, 0, 0, 0.272684424, -0.0115908203, -0.189721826, 0.0247822409, 0.487608707, -0.872704756, 0.309692383, -0.833740234, -0.45703125, -0.950492424, -0.258798345, -0.17163047, 0, 1, 5, 1, 
260.671683, 30, 0.1, 0.1, -0.00680108576, 0.361498074, -0.0349677103, 0.848861929, -4.35964521e-006, 0.528614628, 0.528614628, -7.08547109e-007, -0.848861929, 4.07528521e-006, 1, 1.70311356e-006, 0.848861926, -7.35137284e-006, 0.528614633, 0.528614633, -2.5696148e-006, -0.848861926, 7.59863649e-006, 1, 1.70479509e-006, 0, 0, 0, 0, 0, 0, 0, 0.203088794, -0.059718457, -0.223111963, -0.252349785, 0.617833377, -0.744664312, -0.828125, 0.260131836, 0.496459961, 0.500348235, 0.742075592, 0.446203418, 0, 0, -0, 0, 0, 0, 0, 0.272684424, -0.0115908203, -0.189721826, 0.0247822409, 0.487608707, -0.872704756, 0.309692383, -0.833740234, -0.45703125, -0.950492424, -0.258798345, -0.17163047, 0, 1, 5, 1, 
260.67242, 30, 0.1, 0.1, -0.00680108747, 0.361498074, -0.0349690959, 0.848861928, -2.3927208e-006, 0.528614631, 0.528614631, -5.57127799e-006, -0.848861928, 4.97614865e-006, 1, -3.46441855e-006, 0.848861935, -3.26111361e-006, 0.528614619, 0.528614619, 3.80486769e-007, -0.848861935, 2.56710434e-006, 1, 2.04685307e-006, 0, 0, 0, 0, 0, 0, 0, 0.203088794, -0.059718457, -0.223111963, -0.252349785, 0.617833377, -0.744664312, -0.828125, 0.260131836, 0.496459961, 0.500348235, 0.742075592, 0.446203418, 0, 0, -0, 0, 0, 0, 0, 0.274370898, -0.0142596191, -0.188958252, 0.0258752218, 0.486265993, -0.873389057, 0.316772461, -0.832641602, -0.454223633, -0.948045436, -0.264708377, -0.17563016, 0, 1, 5, 1, 
260.673125, 30, 0.1, 0.1, -0.0068010893, 0.361498073, -0.034970266, 0.84886189, -1.10678135e-007, 0.528614691, 0.528614691, -3.23124825e-006, -0.84886189, 1.80203574e-006, 1, -2.6843774e-006, 0.848861893, 6.95094713e-006, 0.528614687, 0.528614687, 8.15271539e-007, -0.848861893, -6.33135864e-006, 1, -2.9823198e-006, 0, 0, 0, 0, 0, 0, 0, 0.203088794, -0.059718457, -0.223111963, -0.252349785, 0.617833377, -0.744664312, -0.828125, 0.260131836, 0.496459961, 0.500348235, 0.742075592, 0.446203418, 0, 0, -0, 0, 0, 0, 0, 0.274370898, -0.0142596191, -0.188958252, 0.0258752218, 0.486265993, -0.873389057, 0.316772461, -0.832641602, -0.454223633, -0.948045436, -0.264708377, -0.17563016, 0, 1, 5, 1, 
260.673824, 30, 0.1, 0.1, -0.00680109032, 0.361498072, -0.034971079, 0.848861904, 2.38930289e-006, 0.528614668, 0.528614668, 5.43619819e-006, -0.848861904, -4.90184231e-006, 1, 3.35156099e-006, 0.848861902, 7.77493686e-006, 0.528614672, 0.528614672, 2.71028319e-006, -0.848861902, -8.03254315e-006, 1, -1.80928955e-006, 0, 0, 0, 0, 0, 0, 0, 0.203088794, -0.059718457, -0.223111963, -0.252349785, 0.617833377, -0.744664312, -0.828125, 0.260131836, 0.496459961, 0.500348235, 0.742075592, 0.446203418, 0, 0, -0, 0, 0, 0, 0, 0.274370898, -0.0142596191, -0.188958252, 0.0258752218, 0.486265993, -0.873389057, 0.316772461, -0.832641602, -0.454223633, -0.948045436, -0.264708377, -0.17563016, 0, 1, 5, 1, 
