time, trialNum, realDorsalTactorPos, realVentralTactorPos, boxPosX, boxPosY, boxPosZ, boxLocalRot_11, boxLocalRot_12, boxLocalRot_13, boxLocalRot_21, boxLocalRot_22, boxLocalRot_23, boxLocalRot_31, boxLocalRot_32, boxLocalRot_33, boxGlobalRot_11, boxGlobalRot_12, boxGlobalRot_13, boxGlobalRot_21, boxGlobalRot_22, boxGlobalRot_23, boxGlobalRot_31, boxGlobalRot_32, boxGlobalRot_33, indexForceX, indexForceY, indexForceZ, indexForceGlobalX, indexForceGlobalY, indexForceGlobalZ, indexContact, indexPosX, indexPosY, indexPosZ, indexRot_11, indexRot_12, indexRot_13, indexRot_21, indexRot_22, indexRot_23, indexRot_31, indexRot_32, indexRot_33, thumbForceX, thumbForceY, thumbForceZ, thumbForceGlobalX, thumbForceGlobalY, thumbForceGlobalZ, thumbContact, thumbPosX, thumbPosY, thumbPosZ, thumbRot_11, thumbRot_12, thumbRot_13, thumbRot_21, thumbRot_22, thumbRot_23, thumbRot_31, thumbRot_32, thumbRot_33, manipForceTooHigh, cceExpType, mapping, trialSuccess, 
252.695097, 28, 0.1, 0.1, 0.0255112142, 0.370281873, -0.0349699079, 0.918607956, 6.06750662e-006, 0.395170119, 0.395170119, 1.96529559e-005, -0.918607956, -1.33399208e-005, 1, 1.56556644e-005, 0.918607822, -4.22184186e-007, 0.39517043, 0.39517043, 1.44387842e-005, -0.918607822, -5.31795886e-006, 1, 1.34304148e-005, 0, 0, 0, 0, 0, 0, 0, 0.245455933, -0.0760867187, -0.202560205, -0.239535933, 0.607257888, -0.75750886, -0.838623047, 0.263671875, 0.4765625, 0.489172917, 0.749435814, 0.446260323, 0, 0, -0, 0, 0, 0, 0, 0.324247998, -0.0333424805, -0.169278174, 0.115917993, 0.445790526, -0.887486968, 0.203369141, -0.885253906, -0.41809082, -0.972090319, -0.131858913, -0.193313948, 0, 1, 5, 1, 
252.746037, 28, 0.1, 0.1, 0.0255110969, 0.370282172, -0.0349671379, 0.918612282, -3.04067776e-006, 0.395160064, 0.395160064, -5.56720718e-006, -0.918612282, 4.99314189e-006, 1, -3.91255048e-006, 0.918612285, 1.55957334e-006, 0.395160056, 0.395160056, 6.08783887e-006, -0.918612285, -3.83831398e-006, 1, 4.97608248e-006, 0, 0, 0, 0, 0, 0, 0, 0.26095061, -0.101215869, -0.195988647, -0.273906598, 0.59438861, -0.756020494, -0.857177734, 0.205566406, 0.472167969, 0.436034118, 0.777428413, 0.453316513, 0, 0, -0, 0, 0, 0, 0, 0.336403662, -0.0541834961, -0.161167041, 0.0956275357, 0.447766064, -0.888926663, 0.275268555, -0.870117188, -0.408691406, -0.956547982, -0.205542387, -0.206475993, 0, 1, 5, 1, 
252.746773, 28, 0.1, 0.1, 0.0255110957, 0.370282174, -0.0349689031, 0.918612265, 2.89629941e-006, 0.395160102, 0.395160102, 5.63012269e-006, -0.918612265, -4.88537602e-006, 1, 4.02739779e-006, 0.918612268, 4.36088257e-006, 0.395160095, 0.395160095, 9.97033449e-006, -0.918612268, -7.94583855e-006, 1, 7.43562481e-006, 0, 0, 0, 0, 0, 0, 0, 0.262101465, -0.102850708, -0.195761377, -0.277297834, 0.592822355, -0.755963206, -0.858642578, 0.200073242, 0.471801758, 0.4310096, 0.780024731, 0.453678216, 0, 0, -0, 0, 0, 0, 0, 0.336403662, -0.0541834961, -0.161167041, 0.092778063, 0.44807813, -0.889048065, 0.28112793, -0.868408203, -0.408325195, -0.955129075, -0.212014951, -0.206488753, 0, 1, 5, 1, 
252.747471, 28, 0.1, 0.1, 0.0255110948, 0.370282177, -0.0349703541, 0.918612253, 3.91004874e-006, 0.395160131, 0.395160131, 8.93363445e-006, -0.918612253, -7.12203485e-006, 1, 6.66145069e-006, 0.918612255, 2.7678944e-006, 0.395160126, 0.395160126, 5.45652466e-006, -0.918612255, -4.69882269e-006, 1, 3.91866892e-006, 0, 0, 0, 0, 0, 0, 0, 0.262101465, -0.102850708, -0.195761377, -0.277297834, 0.592822355, -0.755963206, -0.858642578, 0.200073242, 0.471801758, 0.4310096, 0.780024731, 0.453678216, 0, 0, -0, 0, 0, 0, 0, 0.336914697, -0.0554151855, -0.1609521, 0.092778063, 0.44807813, -0.889048065, 0.28112793, -0.868408203, -0.408325195, -0.955129075, -0.212014951, -0.206488753, 0, 1, 5, 1, 
252.74817, 28, 0.1, 0.1, 0.0255110943, 0.37028218, -0.0349714303, 0.91861224, 1.75750829e-006, 0.39516016, 0.39516016, 5.64736277e-006, -0.91861224, -3.8460814e-006, 1, 4.49323931e-006, 0.918612243, -2.29962486e-006, 0.395160155, 0.395160155, -4.47125022e-006, -0.918612243, 3.87932348e-006, 1, -3.19862508e-006, 0, 0, 0, 0, 0, 0, 0, 0.262101465, -0.102850708, -0.195761377, -0.277297834, 0.592822355, -0.755963206, -0.858642578, 0.200073242, 0.471801758, 0.4310096, 0.780024731, 0.453678216, 0, 0, -0, 0, 0, 0, 0, 0.336914697, -0.0554151855, -0.1609521, 0.092778063, 0.44807813, -0.889048065, 0.28112793, -0.868408203, -0.408325195, -0.955129075, -0.212014951, -0.206488753, 0, 1, 5, 1, 
252.748871, 28, 0.1, 0.1, 0.0255110935, 0.370282183, -0.0349718498, 0.91861223, -1.46372726e-006, 0.395160183, 0.395160183, -4.73108534e-006, -0.91861223, 3.21413432e-006, 1, -3.76762612e-006, 0.918612232, -2.95644035e-006, 0.395160179, 0.395160179, -8.29210814e-006, -0.918612232, 5.99253321e-006, 1, -6.44896447e-006, 0, 0, 0, 0, 0, 0, 0, 0.262101465, -0.102850708, -0.195761377, -0.277297834, 0.592822355, -0.755963206, -0.858642578, 0.200073242, 0.471801758, 0.4310096, 0.780024731, 0.453678216, 0, 0, -0, 0, 0, 0, 0, 0.336914697, -0.0554151855, -0.1609521, 0.092778063, 0.44807813, -0.889048065, 0.28112793, -0.868408203, -0.408325195, -0.955129075, -0.212014951, -0.206488753, 0, 1, 5, 1, 
252.749575, 28, 0.1, 0.1, 0.0255110925, 0.370282185, -0.0349715459, 0.918612221, -3.59783059e-006, 0.395160205, 0.395160205, -8.22443835e-006, -0.918612221, 6.55498189e-006, 1, -6.13335011e-006, 0.918612223, -2.09968499e-006, 0.3951602, 0.3951602, -4.95195444e-006, -0.918612223, 3.88561161e-006, 1, -3.71921393e-006, 0, 0, 0, 0, 0, 0, 0, 0.262101465, -0.102850708, -0.195761377, -0.277297834, 0.592822355, -0.755963206, -0.858642578, 0.200073242, 0.471801758, 0.4310096, 0.780024731, 0.453678216, 0, 0, -0, 0, 0, 0, 0, 0.336914697, -0.0554151855, -0.1609521, 0.092778063, 0.44807813, -0.889048065, 0.28112793, -0.868408203, -0.408325195, -0.955129075, -0.212014951, -0.206488753, 0, 1, 5, 1, 
252.750273, 28, 0.1, 0.1, 0.0255110915, 0.370282187, -0.0349705844, 0.918612213, -1.9806951e-006, 0.395160223, 0.395160223, -5.63428087e-006, -0.918612213, 4.04593439e-006, 1, -4.3930273e-006, 0.918612214, 1.99536507e-006, 0.39516022, 0.39516022, 5.06912788e-006, -0.918612214, -3.83608442e-006, 1, 3.86807389e-006, 0, 0, 0, 0, 0, 0, 0, 0.262101465, -0.102850708, -0.195761377, -0.277297834, 0.592822355, -0.755963206, -0.858642578, 0.200073242, 0.471801758, 0.4310096, 0.780024731, 0.453678216, 0, 0, -0, 0, 0, 0, 0, 0.336914697, -0.0554151855, -0.1609521, 0.092778063, 0.44807813, -0.889048065, 0.28112793, -0.868408203, -0.408325195, -0.955129075, -0.212014951, -0.206488753, 0, 1, 5, 1, 
252.750971, 28, 0.1, 0.1, 0.0255110903, 0.370282189, -0.0349693537, 0.918612207, 2.20289869e-006, 0.395160238, 0.395160238, 5.19274601e-006, -0.918612207, -4.07557638e-006, 1, 3.89962189e-006, 0.918612208, 3.99819039e-006, 0.395160235, 0.395160235, 9.09612772e-006, -0.918612208, -7.26721447e-006, 1, 6.77588812e-006, 0, 0, 0, 0, 0, 0, 0, 0.262101465, -0.102850708, -0.195761377, -0.277297834, 0.592822355, -0.755963206, -0.858642578, 0.200073242, 0.471801758, 0.4310096, 0.780024731, 0.453678216, 0, 0, -0, 0, 0, 0, 0, 0.336914697, -0.0554151855, -0.1609521, 0.092778063, 0.44807813, -0.889048065, 0.28112793, -0.868408203, -0.408325195, -0.955129075, -0.212014951, -0.206488753, 0, 1, 5, 1, 
252.751697, 28, 0.1, 0.1, 0.0255110897, 0.370282191, -0.0349680222, 0.9186122, 4.16120046e-006, 0.395160255, 0.395160254, 1.11513799e-005, -0.9186122, -8.22911164e-006, 1, 8.59945262e-006, 0.918612201, 2.69831527e-006, 0.395160252, 0.395160252, 7.81489431e-006, -0.918612201, -5.56684093e-006, 1, 6.11259032e-006, 0, 0, 0, 0, 0, 0, 0, 0.262805103, -0.104459058, -0.195511768, -0.280733253, 0.591801649, -0.755486927, -0.859741211, 0.194702148, 0.472045898, 0.426486448, 0.782163865, 0.454344332, 0, 0, -0, 0, 0, 0, 0, 0.337657275, -0.0568400879, -0.160730566, 0.0900499919, 0.448716121, -0.889035305, 0.286621094, -0.866577148, -0.408325195, -0.953697409, -0.218085031, -0.206610154, 0, 1, 5, 1, 
252.75239, 28, 0.1, 0.1, 0.0255110889, 0.370282194, -0.0349671213, 0.918612195, 2.95243104e-006, 0.395160265, 0.395160265, 7.00377631e-006, -0.918612195, -5.47975327e-006, 1, 5.2670709e-006, 0.918612196, -1.56410459e-006, 0.395160263, 0.395160263, -4.56816932e-006, -0.918612196, 3.24196454e-006, 1, -3.57830407e-006, 0, 0, 0, 0, 0, 0, 0, 0.262805103, -0.104459058, -0.195511768, -0.280733253, 0.591801649, -0.755486927, -0.859741211, 0.194702148, 0.472045898, 0.426486448, 0.782163865, 0.454344332, 0, 0, -0, 0, 0, 0, 0, 0.337657275, -0.0568400879, -0.160730566, 0.0900499919, 0.448716121, -0.889035305, 0.286621094, -0.866577148, -0.408325195, -0.953697409, -0.218085031, -0.206610154, 0, 1, 5, 1, 
252.753099, 28, 0.1, 0.1, 0.0255110882, 0.370282197, -0.0349668636, 0.918612191, -2.14009071e-006, 0.395160275, 0.395160275, -5.66919132e-006, -0.918612191, 4.20615261e-006, 1, -4.36210942e-006, 0.918612192, -3.75253959e-006, 0.395160273, 0.395160273, -9.73111822e-006, -0.918612192, 7.29247995e-006, 1, -7.45626927e-006, 0, 0, 0, 0, 0, 0, 0, 0.262805103, -0.104459058, -0.195511768, -0.280733253, 0.591801649, -0.755486927, -0.859741211, 0.194702148, 0.472045898, 0.426486448, 0.782163865, 0.454344332, 0, 0, -0, 0, 0, 0, 0, 0.337657275, -0.0568400879, -0.160730566, 0.0900499919, 0.448716121, -0.889035305, 0.286621094, -0.866577148, -0.408325195, -0.953697409, -0.218085031, -0.206610154, 0, 1, 5, 1, 
252.753805, 28, 0.1, 0.1, 0.0255110873, 0.370282199, -0.0349673444, 0.918612187, -4.11212822e-006, 0.395160285, 0.395160285, -1.04108478e-005, -0.918612187, 7.89140467e-006, 1, -7.93858189e-006, 0.918612187, -2.74517877e-006, 0.395160283, 0.395160283, -6.61513777e-006, -0.918612187, 5.13579439e-006, 1, -4.99196056e-006, 0, 0, 0, 0, 0, 0, 0, 0.262805103, -0.104459058, -0.195511768, -0.280733253, 0.591801649, -0.755486927, -0.859741211, 0.194702148, 0.472045898, 0.426486448, 0.782163865, 0.454344332, 0, 0, -0, 0, 0, 0, 0, 0.337657275, -0.0568400879, -0.160730566, 0.0900499919, 0.448716121, -0.889035305, 0.286621094, -0.866577148, -0.408325195, -0.953697409, -0.218085031, -0.206610154, 0, 1, 5, 1, 
252.754505, 28, 0.1, 0.1, 0.0255110864, 0.370282201, -0.0349683722, 0.918612183, -2.77091681e-006, 0.395160293, 0.395160293, -7.07968308e-006, -0.918612183, 5.34300758e-006, 1, -5.40852683e-006, 0.918612184, 1.81215997e-006, 0.395160292, 0.395160292, 4.51131535e-006, -0.918612184, -3.44736492e-006, 1, 3.42805558e-006, 0, 0, 0, 0, 0, 0, 0, 0.262805103, -0.104459058, -0.195511768, -0.280733253, 0.591801649, -0.755486927, -0.859741211, 0.194702148, 0.472045898, 0.426486448, 0.782163865, 0.454344332, 0, 0, -0, 0, 0, 0, 0, 0.337657275, -0.0568400879, -0.160730566, 0.0900499919, 0.448716121, -0.889035305, 0.286621094, -0.866577148, -0.408325195, -0.953697409, -0.218085031, -0.206610154, 0, 1, 5, 1, 
252.755202, 28, 0.1, 0.1, 0.0255110857, 0.370282204, -0.0349696381, 0.91861218, 1.57189161e-006, 0.3951603, 0.3951603, 3.89788534e-006, -0.91861218, -2.98424832e-006, 1, 2.95949579e-006, 0.918612181, 3.03034969e-006, 0.395160299, 0.395160299, 7.654412e-006, -0.918612181, -5.80843587e-006, 1, 5.83396221e-006, 0, 0, 0, 0, 0, 0, 0, 0.262805103, -0.104459058, -0.195511768, -0.280733253, 0.591801649, -0.755486927, -0.859741211, 0.194702148, 0.472045898, 0.426486448, 0.782163865, 0.454344332, 0, 0, -0, 0, 0, 0, 0, 0.337657275, -0.0568400879, -0.160730566, 0.0900499919, 0.448716121, -0.889035305, 0.286621094, -0.866577148, -0.408325195, -0.953697409, -0.218085031, -0.206610154, 0, 1, 5, 1, 
252.755904, 28, 0.1, 0.1, 0.0255110853, 0.370282207, -0.0349707425, 0.918612177, 2.74634373e-006, 0.395160306, 0.395160306, 7.48450562e-006, -0.918612177, -5.48040433e-006, 1, 5.79011197e-006, 0.918612178, 1.48399253e-006, 0.395160305, 0.395160305, 4.08735351e-006, -0.918612178, -2.97837347e-006, 1, 3.16827777e-006, 0, 0, 0, 0, 0, 0, 0, 0.262805103, -0.104459058, -0.195511768, -0.280733253, 0.591801649, -0.755486927, -0.859741211, 0.194702148, 0.472045898, 0.426486448, 0.782163865, 0.454344332, 0, 0, -0, 0, 0, 0, 0, 0.337657275, -0.0568400879, -0.160730566, 0.0900499919, 0.448716121, -0.889035305, 0.286621094, -0.866577148, -0.408325195, -0.953697409, -0.218085031, -0.206610154, 0, 1, 5, 1, 
252.756629, 28, 0.1, 0.1, 0.025511085, 0.37028221, -0.034971226, 0.918612175, 1.91018715e-006, 0.395160312, 0.395160312, 4.79482927e-006, -0.918612175, -3.6494474e-006, 1, 3.64975839e-006, 0.918612175, -2.21760541e-006, 0.395160311, 0.395160311, -5.71618851e-006, -0.918612175, 4.29593016e-006, 1, -4.37465072e-006, 0, 0, 0, 0, 0, 0, 0, 0.263746265, -0.106318481, -0.195074805, -0.283864259, 0.590216299, -0.75568987, -0.861206055, 0.189453125, 0.471435547, 0.421544306, 0.784639615, 0.454623659, 0, 0, -0, 0, 0, 0, 0, 0.338244727, -0.0583165039, -0.160099414, 0.0882803738, 0.448638462, -0.889297431, 0.292724609, -0.864990234, -0.407348633, -0.952042263, -0.224353072, -0.207619647, 0, 1, 5, 1, 
252.757324, 28, 0.1, 0.1, 0.0255110844, 0.370282213, -0.0349710214, 0.918612173, -1.69329731e-006, 0.395160317, 0.395160317, -4.44793633e-006, -0.918612173, 3.31313145e-006, 1, -3.41680455e-006, 0.918612173, -3.37513074e-006, 0.395160316, 0.395160316, -8.26790146e-006, -0.918612173, 6.36758273e-006, 1, -6.2612772e-006, 0, 0, 0, 0, 0, 0, 0, 0.263746265, -0.106318481, -0.195074805, -0.283864259, 0.590216299, -0.75568987, -0.861206055, 0.189453125, 0.471435547, 0.421544306, 0.784639615, 0.454623659, 0, 0, -0, 0, 0, 0, 0, 0.338244727, -0.0583165039, -0.160099414, 0.0882803738, 0.448638462, -0.889297431, 0.292724609, -0.864990234, -0.407348633, -0.952042263, -0.224353072, -0.207619647, 0, 1, 5, 1, 
252.758023, 28, 0.1, 0.1, 0.0255110833, 0.370282214, -0.0349703489, 0.918612169, -3.19082363e-006, 0.395160325, 0.395160325, -7.03785593e-006, -0.918612169, 5.71221086e-006, 1, -5.2041732e-006, 0.91861217, -1.78633934e-006, 0.395160323, 0.395160323, -3.92267881e-006, -0.91861217, 3.19104008e-006, 1, -2.89753007e-006, 0, 0, 0, 0, 0, 0, 0, 0.263746265, -0.106318481, -0.195074805, -0.283864259, 0.590216299, -0.75568987, -0.861206055, 0.189453125, 0.471435547, 0.421544306, 0.784639615, 0.454623659, 0, 0, -0, 0, 0, 0, 0, 0.338244727, -0.0583165039, -0.160099414, 0.0882803738, 0.448638462, -0.889297431, 0.292724609, -0.864990234, -0.407348633, -0.952042263, -0.224353072, -0.207619647, 0, 1, 5, 1, 
252.758738, 28, 0.1, 0.1, 0.0255110822, 0.370282215, -0.0349694287, 0.918612167, -1.85495067e-006, 0.39516033, 0.39516033, -5.44245105e-006, -0.918612167, 3.85462101e-006, 1, -4.26649884e-006, 0.918612167, 2.61248486e-006, 0.395160329, 0.395160329, 6.7080212e-006, -0.918612167, -5.05060425e-006, 1, 5.12971952e-006, 0, 0, 0, 0, 0, 0, 0, 0.263746265, -0.106318481, -0.195074805, -0.286323156, 0.588872083, -0.75582242, -0.86340332, 0.183349609, 0.469970703, 0.415383384, 0.787077173, 0.456127756, 0, 0, -0, 0, 0, 0, 0, 0.338244727, -0.0583165039, -0.160099414, 0.0882803738, 0.448638462, -0.889297431, 0.292724609, -0.864990234, -0.407348633, -0.952042263, -0.224353072, -0.207619647, 0, 1, 5, 1, 
252.759454, 28, 0.1, 0.1, 0.0255110811, 0.370282217, -0.0349682434, 0.918612165, 2.49510138e-006, 0.395160334, 0.395160334, 5.2850931e-006, -0.918612165, -4.38048963e-006, 1, 3.86898573e-006, 0.918612166, 4.37764351e-006, 0.395160333, 0.395160333, 9.44226871e-006, -0.918612166, -7.75256664e-006, 1, 6.94391185e-006, 0, 0, 0, 0, 0, 0, 0, 0.264941309, -0.107495972, -0.194407275, -0.286323156, 0.588872083, -0.75582242, -0.86340332, 0.183349609, 0.469970703, 0.415383384, 0.787077173, 0.456127756, 0, 0, -0, 0, 0, 0, 0, 0.339116943, -0.0593049316, -0.159460449, 0.0873350472, 0.449167812, -0.889067755, 0.299316406, -0.863037109, -0.406616211, -0.950054995, -0.230557313, -0.209804875, 0, 1, 5, 1, 
252.760146, 28, 0.1, 0.1, 0.0255110807, 0.37028222, -0.0349675281, 0.918612164, 3.1933464e-006, 0.395160338, 0.395160338, 9.53983843e-006, -0.918612164, -6.70321263e-006, 1, 7.50152777e-006, 0.918612164, 1.80150442e-006, 0.395160338, 0.395160338, 6.0040862e-006, -0.918612164, -4.02746061e-006, 1, 4.80354352e-006, 0, 0, 0, 0, 0, 0, 0, 0.264941309, -0.107495972, -0.194407275, -0.286323156, 0.588872083, -0.75582242, -0.86340332, 0.183349609, 0.469970703, 0.415383384, 0.787077173, 0.456127756, 0, 0, -0, 0, 0, 0, 0, 0.339116943, -0.0593049316, -0.159460449, 0.0873350472, 0.449167812, -0.889067755, 0.299316406, -0.863037109, -0.406616211, -0.950054995, -0.230557313, -0.209804875, 0, 1, 5, 1, 
252.760849, 28, 0.1, 0.1, 0.0255110803, 0.370282223, -0.0349674419, 0.918612162, 2.89825429e-006, 0.395160342, 0.395160342, 5.48968083e-006, -0.918612162, -4.83167579e-006, 1, 3.89761242e-006, 0.918612163, -2.06058952e-006, 0.39516034, 0.39516034, -6.19086323e-006, -0.918612163, 4.33926622e-006, 1, -4.872739e-006, 0, 0, 0, 0, 0, 0, 0, 0.264941309, -0.107495972, -0.194407275, -0.286323156, 0.588872083, -0.75582242, -0.86340332, 0.183349609, 0.469970703, 0.415383384, 0.787077173, 0.456127756, 0, 0, -0, 0, 0, 0, 0, 0.339116943, -0.0593049316, -0.159460449, 0.0873350472, 0.449167812, -0.889067755, 0.299316406, -0.863037109, -0.406616211, -0.950054995, -0.230557313, -0.209804875, 0, 1, 5, 1, 
252.761549, 28, 0.1, 0.1, 0.0255110795, 0.370282226, -0.0349679428, 0.91861216, -1.73939221e-006, 0.395160346, 0.395160346, -5.57532975e-006, -0.91861216, 3.80097607e-006, 1, -4.43422688e-006, 0.918612161, -3.16745416e-006, 0.395160345, 0.395160345, -9.87939078e-006, -0.91861216, 6.81360538e-006, 1, -7.82367623e-006, 0, 0, 0, 0, 0, 0, 0, 0.264941309, -0.107495972, -0.194407275, -0.286323156, 0.588872083, -0.75582242, -0.86340332, 0.183349609, 0.469970703, 0.415383384, 0.787077173, 0.456127756, 0, 0, -0, 0, 0, 0, 0, 0.339116943, -0.0593049316, -0.159460449, 0.0873350472, 0.449167812, -0.889067755, 0.299316406, -0.863037109, -0.406616211, -0.950054995, -0.230557313, -0.209804875, 0, 1, 5, 1, 
252.762247, 28, 0.1, 0.1, 0.0255110788, 0.370282227, -0.0349688429, 0.918612159, -4.18265442e-006, 0.395160349, 0.395160349, -8.56956133e-006, -0.918612159, 7.22858806e-006, 1, -6.21928406e-006, 0.918612159, -2.72912052e-006, 0.395160348, 0.395160348, -5.08639211e-006, -0.918612159, 4.51694377e-006, 1, -3.59398142e-006, 0, 0, 0, 0, 0, 0, 0, 0.264941309, -0.107495972, -0.194407275, -0.286323156, 0.588872083, -0.75582242, -0.86340332, 0.183349609, 0.469970703, 0.415383384, 0.787077173, 0.456127756, 0, 0, -0, 0, 0, 0, 0, 0.339116943, -0.0593049316, -0.159460449, 0.0873350472, 0.449167812, -0.889067755, 0.299316406, -0.863037109, -0.406616211, -0.950054995, -0.230557313, -0.209804875, 0, 1, 5, 1, 
252.762945, 28, 0.1, 0.1, 0.0255110778, 0.370282228, -0.0349698393, 0.918612158, -1.60472536e-006, 0.395160352, 0.395160352, -4.77364854e-006, -0.918612158, 3.36047686e-006, 1, -3.75100775e-006, 0.918612158, 2.38645916e-006, 0.395160352, 0.395160352, 5.88487653e-006, -0.918612158, -4.51770028e-006, 1, 4.46288509e-006, 0, 0, 0, 0, 0, 0, 0, 0.264941309, -0.107495972, -0.194407275, -0.286323156, 0.588872083, -0.75582242, -0.86340332, 0.183349609, 0.469970703, 0.415383384, 0.787077173, 0.456127756, 0, 0, -0, 0, 0, 0, 0, 0.339116943, -0.0593049316, -0.159460449, 0.0873350472, 0.449167812, -0.889067755, 0.299316406, -0.863037109, -0.406616211, -0.950054995, -0.230557313, -0.209804875, 0, 1, 5, 1, 
252.76367, 28, 0.1, 0.1, 0.0255110767, 0.37028223, -0.0349706284, 0.918612157, 2.24350455e-006, 0.395160354, 0.395160354, 5.34468006e-006, -0.918612157, -4.17291622e-006, 1, 4.02314402e-006, 0.918612157, 4.13969765e-006, 0.395160353, 0.395160353, 9.43349407e-006, -0.918612157, -7.53051944e-006, 1, 7.02987795e-006, 0, 0, 0, 0, 0, 0, 0, 0.265650439, -0.108630005, -0.194351855, -0.289612921, 0.588416022, -0.754831672, -0.864746094, 0.177001953, 0.469848633, 0.410219203, 0.788879693, 0.457701124, 0, 0, -0, 0, 0, 0, 0, 0.339116943, -0.0593049316, -0.159460449, 0.0846900983, 0.449991004, -0.888882554, 0.305664062, -0.860839844, -0.406738281, -0.948246364, -0.237221641, -0.210399124, 0, 1, 5, 1, 
252.764366, 28, 0.1, 0.1, 0.0255110763, 0.370282232, -0.0349707701, 0.918612155, 2.97129377e-006, 0.395160357, 0.395160357, 8.47634002e-006, -0.918612155, -6.07898012e-006, 1, 6.61233147e-006, 0.918612156, 1.64209194e-006, 0.395160357, 0.395160357, 5.34974037e-006, -0.918612156, -3.62245093e-006, 1, 4.2654469e-006, 0, 0, 0, 0, 0, 0, 0, 0.265650439, -0.108630005, -0.194351855, -0.289612921, 0.588416022, -0.754831672, -0.864746094, 0.177001953, 0.469848633, 0.410219203, 0.788879693, 0.457701124, 0, 0, -0, 0, 0, 0, 0, 0.339426465, -0.0602835938, -0.159237451, 0.0846900983, 0.449991004, -0.888882554, 0.305664062, -0.860839844, -0.406738281, -0.948246364, -0.237221641, -0.210399124, 0, 1, 5, 1, 
252.76508, 28, 0.1, 0.1, 0.025511076, 0.370282235, -0.0349703138, 0.918612155, 1.94091378e-006, 0.395160358, 0.395160358, 4.5659471e-006, -0.918612155, -3.58722828e-006, 1, 3.42736232e-006, 0.918612155, -2.18381323e-006, 0.395160358, 0.395160358, -6.01132694e-006, -0.918612155, 4.38151548e-006, 1, -4.65912158e-006, 0, 0, 0, 0, 0, 0, 0, 0.265650439, -0.108630005, -0.194351855, -0.289612921, 0.588416022, -0.754831672, -0.864746094, 0.177001953, 0.469848633, 0.410219203, 0.788879693, 0.457701124, 0, 0, -0, 0, 0, 0, 0, 0.339426465, -0.0602835938, -0.159237451, 0.0846900983, 0.449991004, -0.888882554, 0.305664062, -0.860839844, -0.406738281, -0.948246364, -0.237221641, -0.210399124, 0, 1, 5, 1, 
252.765782, 28, 0.1, 0.1, 0.0255110756, 0.370282238, -0.0349696594, 0.918612155, -2.31193523e-006, 0.395160359, 0.395160359, -5.95582627e-006, -0.918612155, 4.47727825e-006, 1, -4.55750924e-006, 0.918612155, -3.91273565e-006, 0.395160359, 0.395160359, -1.00374741e-005, -0.918612155, 7.5606984e-006, 1, -7.67438772e-006, 0, 0, 0, 0, 0, 0, 0, 0.265650439, -0.108630005, -0.194351855, -0.289612921, 0.588416022, -0.754831672, -0.864746094, 0.177001953, 0.469848633, 0.410219203, 0.788879693, 0.457701124, 0, 0, -0, 0, 0, 0, 0, 0.339426465, -0.0602835938, -0.159237451, 0.0846900983, 0.449991004, -0.888882554, 0.305664062, -0.860839844, -0.406738281, -0.948246364, -0.237221641, -0.210399124, 0, 1, 5, 1, 
252.766479, 28, 0.1, 0.1, 0.0255110749, 0.37028224, -0.0349690046, 0.918612155, -3.76949169e-006, 0.395160359, 0.395160359, -9.40313541e-006, -0.918612155, 7.17844724e-006, 1, -7.14828079e-006, 0.918612155, -2.35794675e-006, 0.395160359, 0.395160359, -6.02144051e-006, -0.918612155, 4.54547314e-006, 1, -4.59960136e-006, 0, 0, 0, 0, 0, 0, 0, 0.265650439, -0.108630005, -0.194351855, -0.289612921, 0.588416022, -0.754831672, -0.864746094, 0.177001953, 0.469848633, 0.410219203, 0.788879693, 0.457701124, 0, 0, -0, 0, 0, 0, 0, 0.339426465, -0.0602835938, -0.159237451, 0.0846900983, 0.449991004, -0.888882554, 0.305664062, -0.860839844, -0.406738281, -0.948246364, -0.237221641, -0.210399124, 0, 1, 5, 1, 
252.767172, 28, 0.1, 0.1, 0.025511074, 0.370282241, -0.0349685509, 0.918612154, -2.21360869e-006, 0.395160359, 0.395160359, -5.50437482e-006, -0.918612154, 4.20855858e-006, 1, -4.1816552e-006, 0.918612155, 2.19885155e-006, 0.395160359, 0.395160359, 5.49538234e-006, -0.918612155, -4.19144902e-006, 1, 4.17922604e-006, 0, 0, 0, 0, 0, 0, 0, 0.265650439, -0.108630005, -0.194351855, -0.289612921, 0.588416022, -0.754831672, -0.864746094, 0.177001953, 0.469848633, 0.410219203, 0.788879693, 0.457701124, 0, 0, -0, 0, 0, 0, 0, 0.339426465, -0.0602835938, -0.159237451, 0.0846900983, 0.449991004, -0.888882554, 0.305664062, -0.860839844, -0.406738281, -0.948246364, -0.237221641, -0.210399124, 0, 1, 5, 1, 
252.767871, 28, 0.1, 0.1, 0.0255110731, 0.370282242, -0.0349684125, 0.918612154, 2.35752307e-006, 0.39516036, 0.39516036, 6.01119907e-006, -0.918612154, -4.54103693e-006, 1, 4.59036086e-006, 0.918612154, 4.00630466e-006, 0.39516036, 0.39516036, 9.99813085e-006, -0.918612154, -7.63110513e-006, 1, 7.60127173e-006, 0, 0, 0, 0, 0, 0, 0, 0.265650439, -0.108630005, -0.194351855, -0.289612921, 0.588416022, -0.754831672, -0.864746094, 0.177001953, 0.469848633, 0.410219203, 0.788879693, 0.457701124, 0, 0, -0, 0, 0, 0, 0, 0.339426465, -0.0602835938, -0.159237451, 0.0846900983, 0.449991004, -0.888882554, 0.305664062, -0.860839844, -0.406738281, -0.948246364, -0.237221641, -0.210399124, 0, 1, 5, 1, 
252.768604, 28, 0.1, 0.1, 0.0255110724, 0.370282244, -0.0349683997, 0.918612154, 4.74482537e-006, 0.39516036, 0.395160359, 1.19301478e-005, -0.918612154, -9.07297574e-006, 1, 9.08421184e-006, 0.918612154, 3.35077096e-006, 0.39516036, 0.39516036, 8.51908684e-006, -0.918612154, -6.44446435e-006, 1, 6.50164486e-006, 0, 0, 0, 0, 0, 0, 0, 0.266368359, -0.109776245, -0.194089429, -0.292743926, 0.587718827, -0.754139346, -0.865966797, 0.171264648, 0.469726563, 0.40527706, 0.790720405, 0.458950982, 0, 0, -0, 0, 0, 0, 0, 0.339785791, -0.061292041, -0.158601416, 0.0827735589, 0.450303069, -0.888997759, 0.312011719, -0.858886719, -0.406005859, -0.946361174, -0.243694205, -0.211638659, 0, 1, 5, 1, 
252.769295, 28, 0.1, 0.1, 0.0255110717, 0.370282246, -0.0349685198, 0.918612155, 3.02713919e-006, 0.395160357, 0.395160357, 7.40003971e-006, -0.918612155, -5.70496919e-006, 1, 5.60156102e-006, 0.918612155, -1.20409444e-006, 0.395160358, 0.395160358, -3.54933798e-006, -0.918612155, 2.50865345e-006, 1, -2.78465462e-006, 0, 0, 0, 0, 0, 0, 0, 0.266368359, -0.109776245, -0.194089429, -0.292743926, 0.587718827, -0.754139346, -0.865966797, 0.171264648, 0.469726563, 0.40527706, 0.790720405, 0.458950982, 0, 0, -0, 0, 0, 0, 0, 0.339785791, -0.061292041, -0.158601416, 0.0827735589, 0.450303069, -0.888997759, 0.312011719, -0.858886719, -0.406005859, -0.946361174, -0.243694205, -0.211638659, 0, 1, 5, 1, 
252.769994, 28, 0.1, 0.1, 0.0255110711, 0.370282248, -0.0349689175, 0.918612156, -1.76603595e-006, 0.395160356, 0.395160356, -4.72625473e-006, -0.918612156, 3.4899306e-006, 1, -3.64372765e-006, 0.918612156, -3.41464741e-006, 0.395160356, 0.395160356, -8.33030267e-006, -0.918612156, 6.42854199e-006, 1, -6.30298401e-006, 0, 0, 0, 0, 0, 0, 0, 0.266368359, -0.109776245, -0.194089429, -0.292743926, 0.587718827, -0.754139346, -0.865966797, 0.171264648, 0.469726563, 0.40527706, 0.790720405, 0.458950982, 0, 0, -0, 0, 0, 0, 0, 0.339785791, -0.061292041, -0.158601416, 0.0827735589, 0.450303069, -0.888997759, 0.312011719, -0.858886719, -0.406005859, -0.946361174, -0.243694205, -0.211638659, 0, 1, 5, 1, 
252.770696, 28, 0.1, 0.1, 0.0255110702, 0.370282249, -0.0349694337, 0.918612155, -3.9360538e-006, 0.395160358, 0.395160358, -9.26760601e-006, -0.918612155, 7.27789737e-006, 1, -6.9579631e-006, 0.918612155, -2.28473671e-006, 0.395160358, 0.395160358, -5.75038908e-006, -0.918612155, 4.37111272e-006, 1, -4.37953993e-006, 0, 0, 0, 0, 0, 0, 0, 0.266368359, -0.109776245, -0.194089429, -0.292743926, 0.587718827, -0.754139346, -0.865966797, 0.171264648, 0.469726563, 0.40527706, 0.790720405, 0.458950982, 0, 0, -0, 0, 0, 0, 0, 0.339785791, -0.061292041, -0.158601416, 0.0827735589, 0.450303069, -0.888997759, 0.312011719, -0.858886719, -0.406005859, -0.946361174, -0.243694205, -0.211638659, 0, 1, 5, 1, 
252.77141, 28, 0.1, 0.1, 0.0255110695, 0.370282251, -0.0349698176, 0.918612155, -2.55179559e-006, 0.395160358, 0.395160358, -6.65923854e-006, -0.918612155, 4.97557753e-006, 1, -5.10888901e-006, 0.918612155, 1.6164438e-006, 0.395160358, 0.395160358, 4.38353286e-006, -0.918612155, -3.21708333e-006, 1, 3.38801206e-006, 0, 0, 0, 0, 0, 0, 0, 0.266368359, -0.109776245, -0.194089429, -0.292743926, 0.587718827, -0.754139346, -0.865966797, 0.171264648, 0.469726563, 0.40527706, 0.790720405, 0.458950982, 0, 0, -0, 0, 0, 0, 0, 0.340355176, -0.0623090332, -0.158178613, 0.0805886967, 0.450678934, -0.889004322, 0.318847656, -0.856567383, -0.405395508, -0.944258701, -0.250773778, -0.212744033, 0, 1, 5, 1, 
252.772105, 28, 0.1, 0.1, 0.025511069, 0.370282253, -0.034970014, 0.918612156, 1.2217397e-006, 0.395160356, 0.395160356, 3.43626961e-006, -0.918612156, -2.48018247e-006, 1, 2.67381594e-006, 0.918612156, 2.81956928e-006, 0.395160356, 0.395160356, 7.29666137e-006, -0.918612156, -5.47344192e-006, 1, 5.58861983e-006, 0, 0, 0, 0, 0, 0, 0, 0.266368359, -0.109776245, -0.194089429, -0.292743926, 0.587718827, -0.754139346, -0.865966797, 0.171264648, 0.469726563, 0.40527706, 0.790720405, 0.458950982, 0, 0, -0, 0, 0, 0, 0, 0.340355176, -0.0623090332, -0.158178613, 0.0805886967, 0.450678934, -0.889004322, 0.318847656, -0.856567383, -0.405395508, -0.944258701, -0.250773778, -0.212744033, 0, 1, 5, 1, 
252.772806, 28, 0.1, 0.1, 0.0255110688, 0.370282256, -0.0349700304, 0.918612156, 3.15293913e-006, 0.395160357, 0.395160357, 6.87381993e-006, -0.918612156, -5.61258935e-006, 1, 5.06845799e-006, 0.918612156, 1.74152167e-006, 0.395160356, 0.395160356, 3.52125484e-006, -0.918612156, -2.99124329e-006, 1, 2.54648718e-006, 0, 0, 0, 0, 0, 0, 0, 0.266368359, -0.109776245, -0.194089429, -0.292743926, 0.587718827, -0.754139346, -0.865966797, 0.171264648, 0.469726563, 0.40527706, 0.790720405, 0.458950982, 0, 0, -0, 0, 0, 0, 0, 0.340355176, -0.0623090332, -0.158178613, 0.0805886967, 0.450678934, -0.889004322, 0.318847656, -0.856567383, -0.405395508, -0.944258701, -0.250773778, -0.212744033, 0, 1, 5, 1, 
252.773516, 28, 0.1, 0.1, 0.0255110687, 0.370282259, -0.0349697892, 0.918612155, 1.28577043e-006, 0.395160357, 0.395160357, 4.3255842e-006, -0.918612155, -2.89042374e-006, 1, 3.46544873e-006, 0.918612155, -2.9140397e-006, 0.395160358, 0.395160358, -6.7511096e-006, -0.918612155, 5.34464317e-006, 1, -5.05013837e-006, 0, 0, 0, 0, 0, 0, 0, 0.267300732, -0.111145728, -0.194048901, -0.296033691, 0.587021632, -0.753427924, -0.86730957, 0.165161133, 0.469482422, 0.400112879, 0.792561117, 0.460321407, 0, 0, -0, 0, 0, 0, 0, 0.340355176, -0.0623090332, -0.158178613, 0.0805886967, 0.450678934, -0.889004322, 0.318847656, -0.856567383, -0.405395508, -0.944258701, -0.250773778, -0.212744033, 0, 1, 5, 1, 
252.774213, 28, 0.1, 0.1, 0.0255110685, 0.370282261, -0.0349694142, 0.918612156, -2.311684e-006, 0.395160356, 0.395160356, -5.50571459e-006, -0.918612156, 4.29918116e-006, 1, -4.14413048e-006, 0.918612156, -4.20330611e-006, 0.395160356, 0.395160356, -9.5490805e-006, -0.918612156, 7.63462613e-006, 1, -7.11092148e-006, 0, 0, 0, 0, 0, 0, 0, 0.267300732, -0.111145728, -0.194048901, -0.296033691, 0.587021632, -0.753427924, -0.86730957, 0.165161133, 0.469482422, 0.400112879, 0.792561117, 0.460321407, 0, 0, -0, 0, 0, 0, 0, 0.340355176, -0.0623090332, -0.158178613, 0.0805886967, 0.450678934, -0.889004322, 0.318847656, -0.856567383, -0.405395508, -0.944258701, -0.250773778, -0.212744033, 0, 1, 5, 1, 
252.774911, 28, 0.1, 0.1, 0.0255110676, 0.370282263, -0.0349690928, 0.918612155, -2.93306133e-006, 0.395160358, 0.395160358, -8.61680246e-006, -0.918612155, 6.09936453e-006, 1, -6.75646992e-006, 0.918612155, -1.5762668e-006, 0.395160358, 0.395160358, -5.4041016e-006, -0.918612155, 3.58346456e-006, 1, -4.34139526e-006, 0, 0, 0, 0, 0, 0, 0, 0.267300732, -0.111145728, -0.194048901, -0.296033691, 0.587021632, -0.753427924, -0.86730957, 0.165161133, 0.469482422, 0.400112879, 0.792561117, 0.460321407, 0, 0, -0, 0, 0, 0, 0, 0.340355176, -0.0623090332, -0.158178613, 0.0805886967, 0.450678934, -0.889004322, 0.318847656, -0.856567383, -0.405395508, -0.944258701, -0.250773778, -0.212744033, 0, 1, 5, 1, 
252.775611, 28, 0.1, 0.1, 0.0255110666, 0.370282263, -0.034968904, 0.918612155, -2.21449345e-006, 0.395160358, 0.395160358, -4.23050852e-006, -0.918612155, 3.70598986e-006, 1, -3.01111652e-006, 0.918612155, 2.23013065e-006, 0.395160357, 0.395160357, 6.76706186e-006, -0.918612155, -4.72269971e-006, 1, 5.33504606e-006, 0, 0, 0, 0, 0, 0, 0, 0.267300732, -0.111145728, -0.194048901, -0.296033691, 0.587021632, -0.753427924, -0.86730957, 0.165161133, 0.469482422, 0.400112879, 0.792561117, 0.460321407, 0, 0, -0, 0, 0, 0, 0, 0.340355176, -0.0623090332, -0.158178613, 0.0805886967, 0.450678934, -0.889004322, 0.318847656, -0.856567383, -0.405395508, -0.944258701, -0.250773778, -0.212744033, 0, 1, 5, 1, 
252.776332, 28, 0.1, 0.1, 0.0255110657, 0.370282264, -0.0349686486, 0.918612154, 3.05100105e-006, 0.395160359, 0.395160359, 7.1134661e-006, -0.918612154, -5.61364647e-006, 1, 5.32888175e-006, 0.918612154, 4.57908804e-006, 0.395160359, 0.395160359, 1.12428498e-005, -0.918612154, -8.64913449e-006, 1, 8.51834439e-006, 0, 0, 0, 0, 0, 0, 0, 0.268531665, -0.112545728, -0.193387476, -0.297813367, 0.585721599, -0.753681042, -0.869262695, 0.159667969, 0.467651367, 0.394338747, 0.794497309, 0.4618446, 0, 0, -0, 0, 0, 0, 0, 0.341025879, -0.0633108887, -0.157543066, 0.0798478939, 0.451125161, -0.888749126, 0.325927734, -0.854370117, -0.404541016, -0.941881708, -0.257354984, -0.215172065, 0, 1, 5, 1, 
252.777027, 28, 0.1, 0.1, 0.0255110651, 0.370282266, -0.0349686241, 0.918612155, 4.02056689e-006, 0.395160359, 0.395160359, 1.03461929e-005, -0.918612155, -7.7817469e-006, 1, 7.91536986e-006, 0.918612155, 2.7038686e-006, 0.395160359, 0.395160359, 7.0452231e-006, -0.918612155, -5.26779945e-006, 1, 5.40336588e-006, 0, 0, 0, 0, 0, 0, 0, 0.268531665, -0.112545728, -0.193387476, -0.297813367, 0.585721599, -0.753681042, -0.869262695, 0.159667969, 0.467651367, 0.394338747, 0.794497309, 0.4618446, 0, 0, -0, 0, 0, 0, 0, 0.341025879, -0.0633108887, -0.157543066, 0.0798478939, 0.451125161, -0.888749126, 0.325927734, -0.854370117, -0.404541016, -0.941881708, -0.257354984, -0.215172065, 0, 1, 5, 1, 
252.777723, 28, 0.1, 0.1, 0.0255110648, 0.370282268, -0.0349688987, 0.918612156, 2.1984771e-006, 0.395160356, 0.395160356, 5.8586868e-006, -0.918612156, -4.33466855e-006, 1, 4.51310992e-006, 0.918612156, -2.0553451e-006, 0.395160357, 0.395160357, -4.98853855e-006, -0.918612156, 3.85933767e-006, 1, -3.77034124e-006, 0, 0, 0, 0, 0, 0, 0, 0.268531665, -0.112545728, -0.193387476, -0.297813367, 0.585721599, -0.753681042, -0.869262695, 0.159667969, 0.467651367, 0.394338747, 0.794497309, 0.4618446, 0, 0, -0, 0, 0, 0, 0, 0.341025879, -0.0633108887, -0.157543066, 0.0798478939, 0.451125161, -0.888749126, 0.325927734, -0.854370117, -0.404541016, -0.941881708, -0.257354984, -0.215172065, 0, 1, 5, 1, 
252.77842, 28, 0.1, 0.1, 0.0255110644, 0.37028227, -0.03496936, 0.918612158, -2.27646915e-006, 0.395160351, 0.395160351, -5.53725774e-006, -0.918612158, 4.27929695e-006, 1, -4.18702193e-006, 0.918612157, -3.6545223e-006, 0.395160353, 0.395160352, -9.3700791e-006, -0.918612157, 7.05977237e-006, 1, -7.16334626e-006, 0, 0, 0, 0, 0, 0, 0, 0.268531665, -0.112545728, -0.193387476, -0.297813367, 0.585721599, -0.753681042, -0.869262695, 0.159667969, 0.467651367, 0.394338747, 0.794497309, 0.4618446, 0, 0, -0, 0, 0, 0, 0, 0.341025879, -0.0633108887, -0.157543066, 0.0798478939, 0.451125161, -0.888749126, 0.325927734, -0.854370117, -0.404541016, -0.941881708, -0.257354984, -0.215172065, 0, 1, 5, 1, 
252.779117, 28, 0.1, 0.1, 0.0255110637, 0.370282272, -0.0349698183, 0.918612161, -3.65110048e-006, 0.395160345, 0.395160345, -9.36146055e-006, -0.918612161, 7.05322328e-006, 1, -7.15678138e-006, 0.91861216, -2.27980577e-006, 0.395160346, 0.395160346, -5.96801723e-006, -0.91861216, 4.45258106e-006, 1, -4.58140436e-006, 0, 0, 0, 0, 0, 0, 0, 0.268531665, -0.112545728, -0.193387476, -0.297813367, 0.585721599, -0.753681042, -0.869262695, 0.159667969, 0.467651367, 0.394338747, 0.794497309, 0.4618446, 0, 0, -0, 0, 0, 0, 0, 0.341025879, -0.0633108887, -0.157543066, 0.0798478939, 0.451125161, -0.888749126, 0.325927734, -0.854370117, -0.404541016, -0.941881708, -0.257354984, -0.215172065, 0, 1, 5, 1, 
252.779866, 28, 0.1, 0.1, 0.0255110628, 0.370282272, -0.0349697766, 0.918612164, -2.18471979e-006, 0.395160337, 0.395160337, -5.70788959e-006, -0.918612164, 4.26244175e-006, 1, -4.3800222e-006, 0.918612163, 2.12096768e-006, 0.395160338, 0.395160338, 5.25910411e-006, -0.918612163, -4.02653607e-006, 1, 3.99295469e-006, 0, 0, 0, 0, 0, 0, 0, 0.268531665, -0.112545728, -0.193387476, -0.297813367, 0.585721599, -0.753681042, -0.869262695, 0.159667969, 0.467651367, 0.394338747, 0.794497309, 0.4618446, 0, 0, -0, 0, 0, 0, 0, 0.341025879, -0.0633108887, -0.157543066, 0.0798478939, 0.451125161, -0.888749126, 0.325927734, -0.854370117, -0.404541016, -0.941881708, -0.257354984, -0.215172065, 0, 1, 5, 1, 
252.78058, 28, 0.1, 0.1, 0.0255110622, 0.370282274, -0.0349693404, 0.918612168, 1.69633857e-006, 0.395160328, 0.395160328, 4.19917662e-006, -0.918612168, -3.21762526e-006, 1, 3.18708903e-006, 0.918612167, 3.35591777e-006, 0.39516033, 0.39516033, 8.75321812e-006, -0.918612167, -6.54171146e-006, 1, 6.71468709e-006, 0, 0, 0, 0, 0, 0, 0, 0.268531665, -0.112545728, -0.193387476, -0.298729975, 0.583412844, -0.755210226, -0.871582031, 0.155273437, 0.46484375, 0.38855151, 0.797087634, 0.462333983, 0, 0, -0, 0, 0, 0, 0, 0.341025879, -0.0633108887, -0.157543066, 0.0798478939, 0.451125161, -0.888749126, 0.325927734, -0.854370117, -0.404541016, -0.941881708, -0.257354984, -0.215172065, 0, 1, 5, 1, 
252.781291, 28, 0.1, 0.1, 0.0255110621, 0.370282276, -0.0349686681, 0.918612173, 2.95784733e-006, 0.395160317, 0.395160317, 7.95381709e-006, -0.918612173, -5.86014745e-006, 1, 6.1376493e-006, 0.918612172, 1.59360665e-006, 0.395160319, 0.395160319, 4.50594223e-006, -0.918612172, -3.24447603e-006, 1, 3.50948326e-006, 0, 0, 0, 0, 0, 0, 0, 0.269806665, -0.11421853, -0.192571167, -0.298729975, 0.583412844, -0.755210226, -0.871582031, 0.155273437, 0.46484375, 0.38855151, 0.797087634, 0.462333983, 0, 0, -0, 0, 0, 0, 0, 0.341956201, -0.0645638184, -0.156719189, 0.0797523785, 0.450862302, -0.888966776, 0.33203125, -0.852783203, -0.402832031, -0.939805121, -0.263028776, -0.217772538, 0, 1, 5, 1, 
252.78199, 28, 0.1, 0.1, 0.025511062, 0.370282279, -0.0349682728, 0.918612177, 1.95325519e-006, 0.395160306, 0.395160306, 4.9973285e-006, -0.918612177, -3.76902986e-006, 1, 3.8187579e-006, 0.918612177, -2.61731681e-006, 0.395160308, 0.395160308, -6.51190671e-006, -0.918612177, 4.97754615e-006, 1, -4.94765708e-006, 0, 0, 0, 0, 0, 0, 0, 0.269806665, -0.11421853, -0.192571167, -0.298729975, 0.583412844, -0.755210226, -0.871582031, 0.155273437, 0.46484375, 0.38855151, 0.797087634, 0.462333983, 0, 0, -0, 0, 0, 0, 0, 0.341956201, -0.0645638184, -0.156719189, 0.0797523785, 0.450862302, -0.888966776, 0.33203125, -0.852783203, -0.402832031, -0.939805121, -0.263028776, -0.217772538, 0, 1, 5, 1, 
252.782692, 28, 0.1, 0.1, 0.0255110617, 0.370282281, -0.0349682303, 0.918612182, -2.2634073e-006, 0.395160296, 0.395160296, -5.67069973e-006, -0.918612182, 4.3200289e-006, 1, -4.31476515e-006, 0.918612181, -3.88741396e-006, 0.395160298, 0.395160298, -9.87568637e-006, -0.918612181, 7.47350498e-006, 1, -7.53577414e-006, 0, 0, 0, 0, 0, 0, 0, 0.269806665, -0.11421853, -0.192571167, -0.298729975, 0.583412844, -0.755210226, -0.871582031, 0.155273437, 0.46484375, 0.38855151, 0.797087634, 0.462333983, 0, 0, -0, 0, 0, 0, 0, 0.341956201, -0.0645638184, -0.156719189, 0.0797523785, 0.450862302, -0.888966776, 0.33203125, -0.852783203, -0.402832031, -0.939805121, -0.263028776, -0.217772538, 0, 1, 5, 1, 
252.783391, 28, 0.1, 0.1, 0.025511061, 0.370282282, -0.0349685346, 0.918612186, -3.50870143e-006, 0.395160287, 0.395160287, -8.73793419e-006, -0.918612186, 6.67602047e-006, 1, -6.64027336e-006, 0.918612185, -2.07434466e-006, 0.395160289, 0.395160289, -5.33575068e-006, -0.918612185, 4.01399506e-006, 1, -4.08178696e-006, 0, 0, 0, 0, 0, 0, 0, 0.269806665, -0.11421853, -0.192571167, -0.298729975, 0.583412844, -0.755210226, -0.871582031, 0.155273437, 0.46484375, 0.38855151, 0.797087634, 0.462333983, 0, 0, -0, 0, 0, 0, 0, 0.341956201, -0.0645638184, -0.156719189, 0.0797523785, 0.450862302, -0.888966776, 0.33203125, -0.852783203, -0.402832031, -0.939805121, -0.263028776, -0.217772538, 0, 1, 5, 1, 
