time, trialNum, realDorsalTactorPos, realVentralTactorPos, boxPosX, boxPosY, boxPosZ, boxLocalRot_11, boxLocalRot_12, boxLocalRot_13, boxLocalRot_21, boxLocalRot_22, boxLocalRot_23, boxLocalRot_31, boxLocalRot_32, boxLocalRot_33, boxGlobalRot_11, boxGlobalRot_12, boxGlobalRot_13, boxGlobalRot_21, boxGlobalRot_22, boxGlobalRot_23, boxGlobalRot_31, boxGlobalRot_32, boxGlobalRot_33, indexForceX, indexForceY, indexForceZ, indexForceGlobalX, indexForceGlobalY, indexForceGlobalZ, indexContact, indexPosX, indexPosY, indexPosZ, indexRot_11, indexRot_12, indexRot_13, indexRot_21, indexRot_22, indexRot_23, indexRot_31, indexRot_32, indexRot_33, thumbForceX, thumbForceY, thumbForceZ, thumbForceGlobalX, thumbForceGlobalY, thumbForceGlobalZ, thumbContact, thumbPosX, thumbPosY, thumbPosZ, thumbRot_11, thumbRot_12, thumbRot_13, thumbRot_21, thumbRot_22, thumbRot_23, thumbRot_31, thumbRot_32, thumbRot_33, manipForceTooHigh, cceExpType, mapping, trialSuccess, 
95.6803212, 7, 0.1, 0.1, 0.0260961692, 0.359372183, -0.0349664892, 0.910783362, -0.41288457, 1.46400272e-007, 0.41288457, 0.910783362, -1.27784785e-005, 5.14269766e-006, 1.1698872e-005, 1, 0.910783368, -0.412884555, 4.53924665e-006, 0.412884555, 0.910783368, -6.65708936e-006, -1.38566097e-006, 7.9373511e-006, 1, 0, 0, 0, 0, 0, 0, 0, 0.230011353, -0.0473944336, -0.376759082, -0.129683841, 0.287514482, -0.948982526, -0.9765625, 0.128417969, 0.172485352, 0.171445654, 0.949130067, 0.26425583, -0, 0, 0, 0, 0, 0, 0, 0.277579004, -0.0016449707, -0.344494434, -0.0166405259, -0.0365110036, -0.9991664, 0.133300781, -0.990356445, 0.0339355469, -0.990809746, -0.132594564, 0.0214083708, 0, 1, 1, 1, 
95.7156605, 7, 0.1, 0.1, 0.0260961822, 0.359372182, -0.0349679032, 0.910790044, -0.412869829, 1.8871345e-005, 0.412869829, 0.910790044, -6.29773098e-006, -1.458769e-005, 1.35273197e-005, 1, 0.910789915, -0.412870114, 1.75048923e-005, 0.412870114, 0.910789915, -1.32628386e-006, -1.53956964e-005, 8.43521283e-006, 1, 0, 0, 0, 0, 0, 0, 0, 0.234219165, -0.0539426025, -0.373432397, -0.125807709, 0.299361168, -0.945815954, -0.977539062, 0.124633789, 0.169433594, 0.168607081, 0.945894225, 0.277225815, -0, 0, 0, 0, 0, 0, 0, 0.281396289, -0.00901206055, -0.341164258, -0.00621931144, -0.0324923576, -0.999378954, 0.134887695, -0.990234375, 0.0313720703, -0.990696374, -0.134627041, 0.0105846721, 0, 1, 1, 1, 
95.7163908, 7, 0.1, 0.1, 0.0260961848, 0.359372182, -0.0349688848, 0.910790727, -0.412868323, -1.12117165e-005, 0.412868323, 0.910790727, 9.57319941e-006, 6.25905663e-006, -1.33481438e-005, 1, 0.910790597, -0.41286861, -1.63253066e-005, 0.41286861, 0.910790597, 7.42361637e-006, 1.18039575e-005, -1.35015666e-005, 1, 0, 0, 0, 0, 0, 0, 0, 0.234160815, -0.0543171875, -0.373617798, -0.126975191, 0.300788881, -0.945142725, -0.977294922, 0.124389648, 0.170898438, 0.169039175, 0.945544505, 0.278355105, -0, 0, 0, 0, 0, 0, 0, 0.281574609, -0.00989428711, -0.341380664, -0.00680079978, -0.0329393179, -0.999429993, 0.133056641, -0.990478516, 0.0317382813, -0.991002976, -0.132710135, 0.0110702785, 0, 1, 1, 1, 
95.7170887, 7, 0.1, 0.1, 0.0260961835, 0.359372182, -0.0349698248, 0.91079138, -0.412866883, -6.75768249e-006, 0.412866883, 0.91079138, -6.0858599e-006, 8.66748896e-006, 2.75292544e-006, 1, 0.91079125, -0.412867169, 5.96359567e-006, 0.412867169, 0.91079125, -6.88379742e-006, -2.5894968e-006, 8.73187532e-006, 1, 0, 0, 0, 0, 0, 0, 0, 0.234160815, -0.0543171875, -0.373617798, -0.126975191, 0.300788881, -0.945142725, -0.977294922, 0.124389648, 0.170898438, 0.169039175, 0.945544505, 0.278355105, -0, 0, 0, 0, 0, 0, 0, 0.281574609, -0.00989428711, -0.341380664, -0.00680079978, -0.0329393179, -0.999429993, 0.133056641, -0.990478516, 0.0317382813, -0.991002976, -0.132710135, 0.0110702785, 0, 1, 1, 1, 
95.7177948, 7, 0.1, 0.1, 0.0260961866, 0.359372181, -0.0349705321, 0.910792043, -0.412865418, 8.59469016e-006, 0.412865418, 0.910792044, -3.01942858e-007, -7.70331365e-006, 3.8234575e-006, 1, 0.910791913, -0.412865707, -4.71925591e-007, 0.412865707, 0.910791913, 7.71505053e-006, -2.75545378e-006, -7.22164752e-006, 1, 0, 0, 0, 0, 0, 0, 0, 0.234160815, -0.0543171875, -0.373617798, -0.126975191, 0.300788881, -0.945142725, -0.977294922, 0.124389648, 0.170898438, 0.169039175, 0.945544505, 0.278355105, -0, 0, 0, 0, 0, 0, 0, 0.281574609, -0.00989428711, -0.341380664, -0.00680079978, -0.0329393179, -0.999429993, 0.133056641, -0.990478516, 0.0317382813, -0.991002976, -0.132710135, 0.0110702785, 0, 1, 1, 1, 
95.7185068, 7, 0.1, 0.1, 0.0260961886, 0.359372182, -0.0349708031, 0.910792708, -0.412863951, -1.68281416e-005, 0.412863951, 0.910792709, 5.06013249e-006, 1.32378023e-005, -1.15564648e-005, 1, 0.910792576, -0.412864243, -1.5748972e-005, 0.412864243, 0.910792576, 2.78233903e-007, 1.42291739e-005, -6.75560077e-006, 1, 0, 0, 0, 0, 0, 0, 0, 0.234160815, -0.0543171875, -0.373617798, -0.126975191, 0.300788881, -0.945142725, -0.977294922, 0.124389648, 0.170898438, 0.169039175, 0.945544505, 0.278355105, -0, 0, 0, 0, 0, 0, 0, 0.281574609, -0.00989428711, -0.341380664, -0.00680079978, -0.0329393179, -0.999429993, 0.133056641, -0.990478516, 0.0317382813, -0.991002976, -0.132710135, 0.0110702785, 0, 1, 1, 1, 
95.719208, 7, 0.1, 0.1, 0.0260961871, 0.359372182, -0.0349705656, 0.910793361, -0.412862512, 9.04178515e-006, 0.412862512, 0.910793361, -8.2061458e-006, -4.84718792e-006, 1.12071172e-005, 1, 0.910793232, -0.412862796, 1.38706159e-005, 0.412862797, 0.910793232, -6.34280089e-006, -1.00145566e-005, 1.15036414e-005, 1, 0, 0, 0, 0, 0, 0, 0, 0.234160815, -0.0543171875, -0.373617798, -0.126975191, 0.300788881, -0.945142725, -0.977294922, 0.124389648, 0.170898438, 0.169039175, 0.945544505, 0.278355105, -0, 0, 0, 0, 0, 0, 0, 0.281574609, -0.00989428711, -0.341380664, -0.00680079978, -0.0329393179, -0.999429993, 0.133056641, -0.990478516, 0.0317382813, -0.991002976, -0.132710135, 0.0110702785, 0, 1, 1, 1, 
95.7199069, 7, 0.1, 0.1, 0.0260961891, 0.359372181, -0.0349700031, 0.910794006, -0.41286109, 6.95215182e-006, 0.41286109, 0.910794006, 7.00294851e-006, -9.22322315e-006, -3.50797055e-006, 1, 0.910793879, -0.412861369, -5.97561486e-006, 0.412861369, 0.910793879, 7.92370702e-006, 2.17116091e-006, -9.68396438e-006, 1, 0, 0, 0, 0, 0, 0, 0, 0.234160815, -0.0543171875, -0.373617798, -0.126975191, 0.300788881, -0.945142725, -0.977294922, 0.124389648, 0.170898438, 0.169039175, 0.945544505, 0.278355105, -0, 0, 0, 0, 0, 0, 0, 0.281574609, -0.00989428711, -0.341380664, -0.00680079978, -0.0329393179, -0.999429993, 0.133056641, -0.990478516, 0.0317382813, -0.991002976, -0.132710135, 0.0110702785, 0, 1, 1, 1, 
95.7206051, 7, 0.1, 0.1, 0.0260961865, 0.359372183, -0.0349693404, 0.910794656, -0.412859656, -8.88963191e-006, 0.412859656, 0.910794656, 1.54535551e-007, 8.03282774e-006, -3.81092052e-006, 1, 0.910794525, -0.412859943, 4.55573103e-007, 0.412859943, 0.910794525, -7.76338469e-006, 2.79025707e-006, 7.25893616e-006, 1, 0, 0, 0, 0, 0, 0, 0, 0.234160815, -0.0543171875, -0.373617798, -0.126975191, 0.300788881, -0.945142725, -0.977294922, 0.124389648, 0.170898438, 0.169039175, 0.945544505, 0.278355105, -0, 0, 0, 0, 0, 0, 0, 0.281574609, -0.00989428711, -0.341380664, -0.00680079978, -0.0329393179, -0.999429993, 0.133056641, -0.990478516, 0.0317382813, -0.991002976, -0.132710135, 0.0110702785, 0, 1, 1, 1, 
95.7213334, 7, 0.1, 0.1, 0.0260961849, 0.359372182, -0.0349684126, 0.910795334, -0.41285816, 1.85883798e-005, 0.41285816, 0.910795334, -7.5002056e-006, -1.38336885e-005, 1.45055165e-005, 1, 0.910795205, -0.412858442, 1.74219866e-005, 0.412858443, 0.910795206, -2.07670662e-006, -1.5010476e-005, 9.08426868e-006, 1, 0, 0, 0, 0, 0, 0, 0, 0.233908276, -0.0547358398, -0.373824805, -0.127628203, 0.301353526, -0.944844302, -0.977050781, 0.125366211, 0.17199707, 0.170378522, 0.945207891, 0.278678615, -0, 0, 0, 0, 0, 0, 0, 0.281337939, -0.0109663086, -0.341155713, -0.00688392192, -0.0330858726, -0.999442753, 0.130493164, -0.990844727, 0.0319824219, -0.991379941, -0.130147942, 0.0111916801, 0, 1, 1, 1, 
95.7220327, 7, 0.1, 0.1, 0.0260961868, 0.359372183, -0.0349678633, 0.910795988, -0.412856716, -8.64638153e-006, 0.412856716, 0.910795988, 7.60939148e-006, 4.73350123e-006, -1.05003199e-005, 1, 0.910795859, -0.412857001, -1.40146255e-005, 0.412857001, 0.910795859, 5.42970547e-006, 1.0522771e-005, -1.07313895e-005, 1, 0, 0, 0, 0, 0, 0, 0, 0.233908276, -0.0547358398, -0.373824805, -0.127628203, 0.301353526, -0.944844302, -0.977050781, 0.125366211, 0.17199707, 0.170378522, 0.945207891, 0.278678615, -0, 0, 0, 0, 0, 0, 0, 0.281337939, -0.0109663086, -0.341155713, -0.00688392192, -0.0330858726, -0.999442753, 0.130493164, -0.990844727, 0.0319824219, -0.991379941, -0.130147942, 0.0111916801, 0, 1, 1, 1, 
95.7227298, 7, 0.1, 0.1, 0.0260961846, 0.359372184, -0.0349678174, 0.910796642, -0.412855273, -5.25636135e-006, 0.412855273, 0.910796642, -8.02051627e-006, 8.09878871e-006, 5.13494279e-006, 1, 0.910796514, -0.412855557, 8.48187537e-006, 0.412855557, 0.910796513, -9.1671136e-006, -3.94056872e-006, 1.18511645e-005, 1, 0, 0, 0, 0, 0, 0, 0, 0.233908276, -0.0547358398, -0.373824805, -0.127628203, 0.301353526, -0.944844302, -0.977050781, 0.125366211, 0.17199707, 0.170378522, 0.945207891, 0.278678615, -0, 0, 0, 0, 0, 0, 0, 0.281337939, -0.0109663086, -0.341155713, -0.00688392192, -0.0330858726, -0.999442753, 0.130493164, -0.990844727, 0.0319824219, -0.991379941, -0.130147942, 0.0111916801, 0, 1, 1, 1, 
95.7234293, 7, 0.1, 0.1, 0.0260961873, 0.359372183, -0.0349682766, 0.910797308, -0.412853805, 1.03096622e-005, 0.412853805, 0.910797308, 5.92168697e-007, -9.63449168e-006, 3.71703761e-006, 1, 0.910797174, -0.412854099, 6.70574461e-007, 0.412854099, 0.910797174, 8.57025307e-006, -4.14902143e-006, -7.52891286e-006, 1, 0, 0, 0, 0, 0, 0, 0, 0.233908276, -0.0547358398, -0.373824805, -0.127628203, 0.301353526, -0.944844302, -0.977050781, 0.125366211, 0.17199707, 0.170378522, 0.945207891, 0.278678615, -0, 0, 0, 0, 0, 0, 0, 0.281337939, -0.0109663086, -0.341155713, -0.00688392192, -0.0330858726, -0.999442753, 0.130493164, -0.990844727, 0.0319824219, -0.991379941, -0.130147942, 0.0111916801, 0, 1, 1, 1, 
95.724131, 7, 0.1, 0.1, 0.026096189, 0.359372183, -0.0349690656, 0.910797975, -0.412852331, -1.73526577e-005, 0.412852332, 0.910797976, 7.5035905e-006, 1.27068907e-005, -1.39983402e-005, 1, 0.910797842, -0.412852626, -1.57981224e-005, 0.412852626, 0.910797842, 2.27900497e-006, 1.34480026e-005, -8.59800912e-006, 1, 0, 0, 0, 0, 0, 0, 0, 0.233908276, -0.0547358398, -0.373824805, -0.127628203, 0.301353526, -0.944844302, -0.977050781, 0.125366211, 0.17199707, 0.170378522, 0.945207891, 0.278678615, -0, 0, 0, 0, 0, 0, 0, 0.281337939, -0.0109663086, -0.341155713, -0.00688392192, -0.0330858726, -0.999442753, 0.130493164, -0.990844727, 0.0319824219, -0.991379941, -0.130147942, 0.0111916801, 0, 1, 1, 1, 
95.7248351, 7, 0.1, 0.1, 0.0260961878, 0.359372183, -0.0349698527, 0.910798644, -0.412850857, 7.96564739e-006, 0.412850857, 0.910798644, -7.47259319e-006, -4.17003434e-006, 1.00946521e-005, 1, 0.910798513, -0.412851145, 1.31010213e-005, 0.412851145, 0.910798514, -5.23619251e-006, -9.77062266e-006, 1.0177888e-005, 1, 0, 0, 0, 0, 0, 0, 0, 0.233908276, -0.0547358398, -0.373824805, -0.127628203, 0.301353526, -0.944844302, -0.977050781, 0.125366211, 0.17199707, 0.170378522, 0.945207891, 0.278678615, -0, 0, 0, 0, 0, 0, 0, 0.281337939, -0.0109663086, -0.341155713, -0.00688392192, -0.0330858726, -0.999442753, 0.130493164, -0.990844727, 0.0319824219, -0.991379941, -0.130147942, 0.0111916801, 0, 1, 1, 1, 
95.7255483, 7, 0.1, 0.1, 0.0260961903, 0.359372182, -0.0349704495, 0.910799316, -0.412849374, 5.37216539e-006, 0.412849374, 0.910799316, 6.28940476e-006, -7.48954138e-006, -3.51049044e-006, 1, 0.910799173, -0.412849689, -8.38504022e-006, 0.412849689, 0.910799173, 7.55478399e-006, 4.51809748e-006, -1.03426523e-005, 1, 0, 0, 0, 0, 0, 0, 0, 0.233908276, -0.0547358398, -0.373824805, -0.127576906, 0.301677036, -0.944825206, -0.976806641, 0.126464844, 0.172363281, 0.171482725, 0.944909468, 0.278799183, -0, 0, 0, 0, 0, 0, 0, 0.281337939, -0.0109663086, -0.341155713, -0.00688392192, -0.0330858726, -0.999442753, 0.130493164, -0.990844727, 0.0319824219, -0.991379941, -0.130147942, 0.0111916801, 0, 1, 1, 1, 
95.7262658, 7, 0.1, 0.1, 0.026096188, 0.359372185, -0.0349703543, 0.910799997, -0.412847872, -9.48523292e-006, 0.412847872, 0.910799997, -9.75223232e-007, 9.04176895e-006, -3.02772491e-006, 1, 0.910799863, -0.412848168, -3.26799135e-007, 0.412848168, 0.910799863, -8.97600495e-006, 4.0033758e-006, 8.04042565e-006, 1, 0, 0, 0, 0, 0, 0, 0, 0.233914258, -0.0553899414, -0.373376978, -0.127576906, 0.301677036, -0.944825206, -0.976806641, 0.126464844, 0.172363281, 0.171482725, 0.944909468, 0.278799183, -0, 0, 0, 0, 0, 0, 0, 0.281409229, -0.0116304199, -0.340511377, -0.00576578789, -0.0334945535, -0.999436556, 0.12890625, -0.991088867, 0.0324707031, -0.991507906, -0.128595241, 0.00996490428, 0, 1, 1, 1, 
95.7269635, 7, 0.1, 0.1, 0.0260961869, 0.359372184, -0.034970006, 0.910800655, -0.412846421, 1.61564385e-005, 0.412846421, 0.910800655, -7.15199302e-006, -1.17626201e-005, 1.31841678e-005, 1, 0.910800523, -0.412846712, 1.49069096e-005, 0.412846712, 0.910800523, -2.2022084e-006, -1.26680465e-005, 8.16004116e-006, 1, 0, 0, 0, 0, 0, 0, 0, 0.233914258, -0.0553899414, -0.373376978, -0.127576906, 0.301677036, -0.944825206, -0.976806641, 0.126464844, 0.172363281, 0.171482725, 0.944909468, 0.278799183, -0, 0, 0, 0, 0, 0, 0, 0.281409229, -0.0116304199, -0.340511377, -0.00576578789, -0.0334945535, -0.999436556, 0.12890625, -0.991088867, 0.0324707031, -0.991507906, -0.128595241, 0.00996490428, 0, 1, 1, 1, 
95.727667, 7, 0.1, 0.1, 0.0260961891, 0.359372184, -0.034969483, 0.910801314, -0.412844965, -8.64782718e-006, 0.412844965, 0.910801314, 8.1095702e-006, 4.52845714e-006, -1.09564191e-005, 1, 0.910801184, -0.412845253, -1.41492974e-005, 0.412845253, 0.910801184, 5.91498157e-006, 1.04452247e-005, -1.12288425e-005, 1, 0, 0, 0, 0, 0, 0, 0, 0.233914258, -0.0553899414, -0.373376978, -0.127576906, 0.301677036, -0.944825206, -0.976806641, 0.126464844, 0.172363281, 0.171482725, 0.944909468, 0.278799183, -0, 0, 0, 0, 0, 0, 0, 0.281409229, -0.0116304199, -0.340511377, -0.00576578789, -0.0334945535, -0.999436556, 0.12890625, -0.991088867, 0.0324707031, -0.991507906, -0.128595241, 0.00996490428, 0, 1, 1, 1, 
95.7283841, 7, 0.1, 0.1, 0.0260961871, 0.359372186, -0.0349689161, 0.910801985, -0.412843486, -6.20517887e-006, 0.412843486, 0.910801985, -6.3816339e-006, 8.28630522e-006, 3.25063715e-006, 1, 0.910801843, -0.412843799, 8.18628057e-006, 0.412843799, 0.910801843, -7.68763338e-006, -4.28228766e-006, 1.03815658e-005, 1, 0, 0, 0, 0, 0, 0, 0, 0.233914258, -0.0553899414, -0.373376978, -0.127576906, 0.301677036, -0.944825206, -0.976806641, 0.126464844, 0.172363281, 0.171482725, 0.944909468, 0.278799183, -0, 0, 0, 0, 0, 0, 0, 0.281409229, -0.0116304199, -0.340511377, -0.00501185865, -0.032989624, -0.999347237, 0.127929688, -0.991210937, 0.0319824219, -0.99167415, -0.127560229, 0.00911509309, 0, 1, 1, 1, 
95.7290856, 7, 0.1, 0.1, 0.0260961896, 0.359372184, -0.0349683677, 0.910802647, -0.412842025, 1.12555614e-005, 0.412842025, 0.910802648, 2.83805379e-007, -1.03687619e-005, 4.38827807e-006, 1, 0.910802515, -0.412842318, 1.50466378e-006, 0.412842318, 0.910802515, 8.75387969e-006, -4.98442354e-006, -7.35186675e-006, 1, 0, 0, 0, 0, 0, 0, 0, 0.233914258, -0.0553899414, -0.373376978, -0.127576906, 0.301677036, -0.944825206, -0.976806641, 0.126464844, 0.172363281, 0.171482725, 0.944909468, 0.278799183, -0, 0, 0, 0, 0, 0, 0, 0.281455615, -0.0122449707, -0.339853613, -0.00501185865, -0.032989624, -0.999347237, 0.127929688, -0.991210937, 0.0319824219, -0.99167415, -0.127560229, 0.00911509309, 0, 1, 1, 1, 
95.7297985, 7, 0.1, 0.1, 0.0260961908, 0.359372185, -0.0349680134, 0.910803323, -0.412840535, -1.62296451e-005, 0.412840535, 0.910803323, 6.83063258e-006, 1.19620527e-005, -1.29216182e-005, 1, 0.910803188, -0.412840831, -1.48308486e-005, 0.412840831, 0.910803188, 1.40267476e-006, 1.29289028e-005, -7.40034052e-006, 1, 0, 0, 0, 0, 0, 0, 0, 0.233914258, -0.0553899414, -0.373376978, -0.127576906, 0.301677036, -0.944825206, -0.976806641, 0.126464844, 0.172363281, 0.171482725, 0.944909468, 0.278799183, -0, 0, 0, 0, 0, 0, 0, 0.281455615, -0.0122449707, -0.339853613, -0.00501185865, -0.032989624, -0.999347237, 0.127929688, -0.991210937, 0.0319824219, -0.99167415, -0.127560229, 0.00911509309, 0, 1, 1, 1, 
95.7305153, 7, 0.1, 0.1, 0.0260961888, 0.359372185, -0.0349680438, 0.910804003, -0.412839035, 9.21348822e-006, 0.412839035, 0.910804003, -8.87480293e-006, -4.72781688e-006, 1.18868936e-005, 1, 0.910803856, -0.412839358, 1.55250653e-005, 0.412839358, 0.910803856, -6.42658576e-006, -1.14871418e-005, 1.22627171e-005, 1, 0, 0, 0, 0, 0, 0, 0, 0.233914258, -0.0553899414, -0.373376978, -0.12752561, 0.302260778, -0.94464735, -0.97668457, 0.127441406, 0.172607422, 0.172586927, 0.94469342, 0.279141789, -0, 0, 0, 0, 0, 0, 0, 0.281455615, -0.0122449707, -0.339853613, -0.00501185865, -0.032989624, -0.999347237, 0.127929688, -0.991210937, 0.0319824219, -0.99167415, -0.127560229, 0.00911509309, 0, 1, 1, 1, 
95.7312137, 7, 0.1, 0.1, 0.0260961915, 0.359372184, -0.0349683443, 0.910804667, -0.41283757, 4.63500426e-006, 0.412837569, 0.910804667, 6.72807714e-006, -6.99918652e-006, -4.21446017e-006, 1, 0.910804536, -0.412837859, -8.67504035e-006, 0.412837859, 0.910804536, 7.77470905e-006, 4.69157186e-006, -1.06626253e-005, 1, 0, 0, 0, 0, 0, 0, 0, 0.233920239, -0.0560304932, -0.372920361, -0.12752561, 0.302260778, -0.94464735, -0.97668457, 0.127441406, 0.172607422, 0.172586927, 0.94469342, 0.279141789, -0, 0, 0, 0, 0, 0, 0, 0.281455615, -0.0122449707, -0.339853613, -0.00501185865, -0.032989624, -0.999347237, 0.127929688, -0.991210937, 0.0319824219, -0.99167415, -0.127560229, 0.00911509309, 0, 1, 1, 1, 
95.7319192, 7, 0.1, 0.1, 0.0260961897, 0.359372186, -0.0349689032, 0.910805343, -0.412836078, -1.14467724e-005, 0.412836078, 0.910805343, 2.15470778e-008, 1.04168861e-005, -4.74526583e-006, 1, 0.910805206, -0.412836379, -1.82161899e-006, 0.412836379, 0.910805206, -8.41633185e-006, 5.13370803e-006, 6.91360828e-006, 1, 0, 0, 0, 0, 0, 0, 0, 0.233920239, -0.0560304932, -0.372920361, -0.12752561, 0.302260778, -0.94464735, -0.97668457, 0.127441406, 0.172607422, 0.172586927, 0.94469342, 0.279141789, -0, 0, 0, 0, 0, 0, 0, 0.281455615, -0.0122449707, -0.339853613, -0.00501185865, -0.032989624, -0.999347237, 0.127929688, -0.991210937, 0.0319824219, -0.99167415, -0.127560229, 0.00911509309, 0, 1, 1, 1, 
95.7326209, 7, 0.1, 0.1, 0.026096189, 0.359372185, -0.0349695543, 0.910806014, -0.412834597, 1.55217042e-005, 0.412834597, 0.910806014, -6.09308139e-006, -1.16218267e-005, 1.19575117e-005, 1, 0.910805881, -0.412834891, 1.40690613e-005, 0.412834891, 0.910805881, -1.06186619e-006, -1.23758083e-005, 6.77535335e-006, 1, 0, 0, 0, 0, 0, 0, 0, 0.233920239, -0.0560304932, -0.372920361, -0.12752561, 0.302260778, -0.94464735, -0.97668457, 0.127441406, 0.172607422, 0.172586927, 0.94469342, 0.279141789, -0, 0, 0, 0, 0, 0, 0, 0.281455615, -0.0122449707, -0.339853613, -0.00501185865, -0.032989624, -0.999347237, 0.127929688, -0.991210937, 0.0319824219, -0.99167415, -0.127560229, 0.00911509309, 0, 1, 1, 1, 
95.733356, 7, 0.1, 0.1, 0.0260961919, 0.359372185, -0.0349698318, 0.910806716, -0.412833049, -1.05407466e-005, 0.412833049, 0.910806716, 9.61189273e-006, 5.63247578e-006, -1.3106145e-005, 1, 0.910806582, -0.412833343, -1.61512391e-005, 0.412833343, 0.910806583, 7.56110432e-006, 1.15891789e-005, -1.35544736e-005, 1, 0, 0, 0, 0, 0, 0, 0, 0.233935742, -0.0566540771, -0.372682959, -0.12727137, 0.303187125, -0.944412207, -0.9765625, 0.128051758, 0.172729492, 0.173411803, 0.944299517, 0.279846098, -0, 0, 0, 0, 0, 0, 0, 0.281726953, -0.0128431641, -0.339425684, -0.00427068924, -0.0320566907, -0.99939208, 0.127319336, -0.991333008, 0.03125, -0.991718993, -0.127093946, 0.00837392367, 0, 1, 1, 1, 
95.7340593, 7, 0.1, 0.1, 0.02609619, 0.359372186, -0.0349697768, 0.910807385, -0.412831572, -4.71201688e-006, 0.412831572, 0.910807385, -6.62527216e-006, 7.02686129e-006, 4.08907748e-006, 1, 0.910807254, -0.412831862, 7.73617341e-006, 0.412831862, 0.910807254, -7.18642929e-006, -4.07937587e-006, 9.7391908e-006, 1, 0, 0, 0, 0, 0, 0, 0, 0.233935742, -0.0566540771, -0.372682959, -0.12727137, 0.303187125, -0.944412207, -0.9765625, 0.128051758, 0.172729492, 0.173411803, 0.944299517, 0.279846098, -0, 0, 0, 0, 0, 0, 0, 0.281726953, -0.0128431641, -0.339425684, -0.00427068924, -0.0320566907, -0.99939208, 0.127319336, -0.991333008, 0.03125, -0.991718993, -0.127093946, 0.00837392367, 0, 1, 1, 1, 
95.734764, 7, 0.1, 0.1, 0.0260961919, 0.359372185, -0.0349695672, 0.910808058, -0.412830089, 1.24729942e-005, 0.412830089, 0.910808058, -2.27542828e-006, -1.04211383e-005, 7.22170569e-006, 1, 0.910807923, -0.412830386, 3.07172912e-006, 0.412830386, 0.910807923, 6.22102637e-006, -5.36598394e-006, -4.39805699e-006, 1, 0, 0, 0, 0, 0, 0, 0, 0.233935742, -0.0566540771, -0.372682959, -0.12727137, 0.303187125, -0.944412207, -0.9765625, 0.128051758, 0.172729492, 0.173411803, 0.944299517, 0.279846098, -0, 0, 0, 0, 0, 0, 0, 0.281726953, -0.0128431641, -0.339425684, -0.00427068924, -0.0320566907, -0.99939208, 0.127319336, -0.991333008, 0.03125, -0.991718993, -0.127093946, 0.00837392367, 0, 1, 1, 1, 
95.7354701, 7, 0.1, 0.1, 0.0260961927, 0.359372187, -0.0349692645, 0.910808729, -0.412828607, -1.45342312e-005, 0.412828607, 0.910808729, 3.52855995e-006, 1.17812141e-005, -9.21398961e-006, 1, 0.910808594, -0.412828904, -1.31078885e-005, 0.412828904, 0.910808594, -1.60341376e-006, 1.26007131e-005, -3.95091223e-006, 1, 0, 0, 0, 0, 0, 0, 0, 0.233935742, -0.0566540771, -0.372682959, -0.12727137, 0.303187125, -0.944412207, -0.9765625, 0.128051758, 0.172729492, 0.173411803, 0.944299517, 0.279846098, -0, 0, 0, 0, 0, 0, 0, 0.281726953, -0.0128431641, -0.339425684, -0.00427068924, -0.0320566907, -0.99939208, 0.127319336, -0.991333008, 0.03125, -0.991718993, -0.127093946, 0.00837392367, 0, 1, 1, 1, 
95.7361741, 7, 0.1, 0.1, 0.0260961903, 0.359372187, -0.0349689919, 0.910809398, -0.412827132, 1.06003784e-005, 0.412827132, 0.910809398, -9.81006039e-006, -5.60506516e-006, 1.3311219e-005, 1, 0.910809265, -0.412827424, 1.62127871e-005, 0.412827424, 0.910809265, -8.04655613e-006, -1.14449177e-005, 1.4021961e-005, 1, 0, 0, 0, 0, 0, 0, 0, 0.233935742, -0.0566540771, -0.372682959, -0.12727137, 0.303187125, -0.944412207, -0.9765625, 0.128051758, 0.172729492, 0.173411803, 0.944299517, 0.279846098, -0, 0, 0, 0, 0, 0, 0, 0.281726953, -0.0128431641, -0.339425684, -0.00427068924, -0.0320566907, -0.99939208, 0.127319336, -0.991333008, 0.03125, -0.991718993, -0.127093946, 0.00837392367, 0, 1, 1, 1, 
95.7368735, 7, 0.1, 0.1, 0.0260961926, 0.359372186, -0.0349688448, 0.91081006, -0.41282567, 5.14301704e-006, 0.41282567, 0.91081006, 7.57942545e-006, -7.81329305e-006, -4.78024749e-006, 1, 0.910809929, -0.41282596, -7.75805511e-006, 0.41282596, 0.910809929, 8.24627235e-006, 3.66183833e-006, -1.07135133e-005, 1, 0, 0, 0, 0, 0, 0, 0, 0.233935742, -0.0566540771, -0.372682959, -0.12727137, 0.303187125, -0.944412207, -0.9765625, 0.128051758, 0.172729492, 0.173411803, 0.944299517, 0.279846098, -0, 0, 0, 0, 0, 0, 0, 0.281726953, -0.0128431641, -0.339425684, -0.00427068924, -0.0320566907, -0.99939208, 0.127319336, -0.991333008, 0.03125, -0.991718993, -0.127093946, 0.00837392367, 0, 1, 1, 1, 
95.7375763, 7, 0.1, 0.1, 0.026096191, 0.359372188, -0.0349688681, 0.910810731, -0.412824191, -1.27266762e-005, 0.412824191, 0.910810731, 1.49187424e-006, 1.09757114e-005, -6.61269485e-006, 1, 0.910810595, -0.412824491, -2.92647973e-006, 0.412824491, 0.910810595, -6.76749023e-006, 5.45925445e-006, 4.9557793e-006, 1, 0, 0, 0, 0, 0, 0, 0, 0.233935742, -0.0566540771, -0.372682959, -0.12727137, 0.303187125, -0.944412207, -0.9765625, 0.128051758, 0.172729492, 0.173411803, 0.944299517, 0.279846098, -0, 0, 0, 0, 0, 0, 0, 0.281726953, -0.0128431641, -0.339425684, -0.00427068924, -0.0320566907, -0.99939208, 0.127319336, -0.991333008, 0.03125, -0.991718993, -0.127093946, 0.00837392367, 0, 1, 1, 1, 
95.7383029, 7, 0.1, 0.1, 0.0260961909, 0.359372187, -0.0349687452, 0.910811424, -0.412822661, 1.44630204e-005, 0.412822661, 0.910811424, -5.69773579e-006, -1.08209298e-005, 1.11602254e-005, 1, 0.910811291, -0.412822955, 1.31164733e-005, 0.412822955, 0.910811291, -2.45796498e-007, -1.18451615e-005, 5.63865548e-006, 1, 0, 0, 0, 0, 0, 0, 0, 0.234196216, -0.0572898682, -0.37245166, -0.126573053, 0.303872337, -0.944297631, -0.97644043, 0.12878418, 0.172363281, 0.17391916, 0.943943807, 0.280569502, -0, 0, 0, 0, 0, 0, 0, 0.282013184, -0.0134428223, -0.339459375, -0.0032739568, -0.0312961983, -0.999507285, 0.126342773, -0.991455078, 0.0306396484, -0.991859717, -0.126154816, 0.00713438804, 0, 1, 1, 1, 
95.7390005, 7, 0.1, 0.1, 0.0260961937, 0.359372187, -0.0349688267, 0.91081209, -0.412821192, -1.05751911e-005, 0.412821193, 0.91081209, 8.18651557e-006, 6.25244476e-006, -1.18220403e-005, 1, 0.910811956, -0.412821487, -1.62355141e-005, 0.412821487, 0.910811956, 6.22987611e-006, 1.22156736e-005, -1.23766147e-005, 1, 0, 0, 0, 0, 0, 0, 0, 0.234196216, -0.0572898682, -0.37245166, -0.126573053, 0.303872337, -0.944297631, -0.97644043, 0.12878418, 0.172363281, 0.17391916, 0.943943807, 0.280569502, -0, 0, 0, 0, 0, 0, 0, 0.282013184, -0.0134428223, -0.339459375, -0.0032739568, -0.0312961983, -0.999507285, 0.126342773, -0.991455078, 0.0306396484, -0.991859717, -0.126154816, 0.00713438804, 0, 1, 1, 1, 
95.7397034, 7, 0.1, 0.1, 0.0260961917, 0.359372188, -0.0349690529, 0.910812758, -0.412819718, -4.67294449e-006, 0.412819718, 0.910812758, -8.28598153e-006, 7.67679402e-006, 5.61789407e-006, 1, 0.910812626, -0.412820009, 8.15640345e-006, 0.412820009, 0.910812626, -9.15019225e-006, -3.6515728e-006, 1.17012372e-005, 1, 0, 0, 0, 0, 0, 0, 0, 0.234196216, -0.0572898682, -0.37245166, -0.126573053, 0.303872337, -0.944297631, -0.97644043, 0.12878418, 0.172363281, 0.17391916, 0.943943807, 0.280569502, -0, 0, 0, 0, 0, 0, 0, 0.282013184, -0.0134428223, -0.339459375, -0.0032739568, -0.0312961983, -0.999507285, 0.126342773, -0.991455078, 0.0306396484, -0.991859717, -0.126154816, 0.00713438804, 0, 1, 1, 1, 
95.7404017, 7, 0.1, 0.1, 0.0260961935, 0.359372187, -0.0349693914, 0.910813426, -0.412818244, 1.27719246e-005, 0.412818244, 0.910813426, -1.17944183e-006, -1.11459453e-005, 6.34673496e-006, 1, 0.910813292, -0.412818539, 3.32074149e-006, 0.412818539, 0.910813292, 6.60163401e-006, -5.7498524e-006, -4.64199235e-006, 1, 0, 0, 0, 0, 0, 0, 0, 0.234196216, -0.0572898682, -0.37245166, -0.126573053, 0.303872337, -0.944297631, -0.97644043, 0.12878418, 0.172363281, 0.17391916, 0.943943807, 0.280569502, -0, 0, 0, 0, 0, 0, 0, 0.282013184, -0.0134428223, -0.339459375, -0.0032739568, -0.0312961983, -0.999507285, 0.126342773, -0.991455078, 0.0306396484, -0.991859717, -0.126154816, 0.00713438804, 0, 1, 1, 1, 
95.7411007, 7, 0.1, 0.1, 0.026096194, 0.359372188, -0.0349697511, 0.910814091, -0.412816776, -1.33888994e-005, 0.412816777, 0.910814091, 6.83688139e-006, 9.37241889e-006, -1.17542902e-005, 1, 0.910813956, -0.412817075, -1.19401754e-005, 0.412817075, 0.910813956, 1.39502201e-006, 1.02993895e-005, -6.1997138e-006, 1, 0, 0, 0, 0, 0, 0, 0, 0.234196216, -0.0572898682, -0.37245166, -0.126573053, 0.303872337, -0.944297631, -0.97644043, 0.12878418, 0.172363281, 0.17391916, 0.943943807, 0.280569502, -0, 0, 0, 0, 0, 0, 0, 0.282013184, -0.0134428223, -0.339459375, -0.0032739568, -0.0312961983, -0.999507285, 0.126342773, -0.991455078, 0.0306396484, -0.991859717, -0.126154816, 0.00713438804, 0, 1, 1, 1, 
95.7418037, 7, 0.1, 0.1, 0.0260961915, 0.359372187, -0.034969947, 0.910814757, -0.412815307, 1.02724649e-005, 0.412815307, 0.910814757, -6.70420153e-006, -6.58871558e-006, 1.03469164e-005, 1, 0.910814625, -0.412815598, 1.59761279e-005, 0.412815598, 0.910814626, -4.4369704e-006, -1.27196404e-005, 1.06364523e-005, 1, 0, 0, 0, 0, 0, 0, 0, 0.234196216, -0.0572898682, -0.37245166, -0.126573053, 0.303872337, -0.944297631, -0.97644043, 0.12878418, 0.172363281, 0.17391916, 0.943943807, 0.280569502, -0, 0, 0, 0, 0, 0, 0, 0.282013184, -0.0134428223, -0.339459375, -0.0032739568, -0.0312961983, -0.999507285, 0.126342773, -0.991455078, 0.0306396484, -0.991859717, -0.126154816, 0.00713438804, 0, 1, 1, 1, 
95.7425135, 7, 0.1, 0.1, 0.0260961938, 0.359372186, -0.0349699634, 0.910815426, -0.412813833, 5.29171186e-006, 0.412813833, 0.910815426, 6.90646426e-006, -7.67085677e-006, -4.10602232e-006, 1, 0.910815285, -0.412814143, -8.04868683e-006, 0.412814143, 0.910815285, 8.24243068e-006, 3.92827503e-006, -1.08299436e-005, 1, 0, 0, 0, 0, 0, 0, 0, 0.234196216, -0.0572898682, -0.37245166, -0.124885109, 0.303992905, -0.944481478, -0.976806641, 0.12902832, 0.170654297, 0.173651816, 0.943924711, 0.280969396, -0, 0, 0, 0, 0, 0, 0, 0.282013184, -0.0134428223, -0.339459375, -0.0032739568, -0.0312961983, -0.999507285, 0.126342773, -0.991455078, 0.0306396484, -0.991859717, -0.126154816, 0.00713438804, 0, 1, 1, 1, 
95.7432297, 7, 0.1, 0.1, 0.026096192, 0.359372188, -0.0349695361, 0.910816104, -0.412812335, -1.22349915e-005, 0.412812335, 0.910816104, -5.01016879e-007, 1.13506533e-005, -4.59442118e-006, 1, 0.910815968, -0.412812636, -2.3686588e-006, 0.412812636, 0.910815968, -8.76852179e-006, 5.77716886e-006, 7.00869738e-006, 1, 0, 0, 0, 0, 0, 0, 0, 0.234951392, -0.0579534912, -0.372013354, -0.124885109, 0.303992905, -0.944481478, -0.976806641, 0.12902832, 0.170654297, 0.173651816, 0.943924711, 0.280969396, -0, 0, 0, 0, 0, 0, 0, 0.283081934, -0.0141186523, -0.339065381, -0.000552082347, -0.0318007611, -0.999482132, 0.12512207, -0.991577148, 0.0314941406, -0.992064608, -0.124857677, 0.00455943483, 0, 1, 1, 1, 
95.7439273, 7, 0.1, 0.1, 0.0260961918, 0.359372188, -0.0349691077, 0.910816765, -0.412810877, 1.38493928e-005, 0.412810877, 0.910816765, -6.08289651e-006, -1.01031733e-005, 1.12575841e-005, 1, 0.910816634, -0.412811165, 1.25580395e-005, 0.412811165, 0.910816634, -1.23728795e-006, -1.0927305e-005, 6.31104136e-006, 1, 0, 0, 0, 0, 0, 0, 0, 0.234951392, -0.0579534912, -0.372013354, -0.124885109, 0.303992905, -0.944481478, -0.976806641, 0.12902832, 0.170654297, 0.173651816, 0.943924711, 0.280969396, -0, 0, 0, 0, 0, 0, 0, 0.283081934, -0.0141186523, -0.339065381, -0.000552082347, -0.0318007611, -0.999482132, 0.12512207, -0.991577148, 0.0314941406, -0.992064608, -0.124857677, 0.00455943483, 0, 1, 1, 1, 
95.7446471, 7, 0.1, 0.1, 0.0260961953, 0.359372187, -0.034968616, 0.910817446, -0.412809375, -1.24836155e-005, 0.412809376, 0.910817446, 1.02857006e-005, 7.12426113e-006, -1.4521749e-005, 1, 0.910817313, -0.412809667, -1.83763438e-005, 0.412809667, 0.910817313, 8.02215114e-006, 1.34258706e-005, -1.48926465e-005, 1, 0, 0, 0, 0, 0, 0, 0, 0.234951392, -0.0579534912, -0.372013354, -0.124885109, 0.303992905, -0.944481478, -0.976806641, 0.12902832, 0.170654297, 0.173651816, 0.943924711, 0.280969396, -0, 0, 0, 0, 0, 0, 0, 0.283081934, -0.0141186523, -0.339065381, -0.000552082347, -0.0318007611, -0.999482132, 0.12512207, -0.991577148, 0.0314941406, -0.992064608, -0.124857677, 0.00455943483, 0, 1, 1, 1, 
95.7454258, 7, 0.1, 0.1, 0.0260961935, 0.359372189, -0.0349677232, 0.910818188, -0.412807737, -7.39652477e-006, 0.412807737, 0.910818188, -7.2297214e-006, 9.72137422e-006, 3.5316191e-006, 1, 0.910818054, -0.412808033, 5.99165929e-006, 0.412808033, 0.910818054, -8.40965154e-006, -1.98573975e-006, 1.01330675e-005, 1, 0, 0, 0, 0, 0, 0, 0, 0.235521167, -0.0588844238, -0.37114541, -0.122523936, 0.303250404, -0.94493866, -0.976928711, 0.130493164, 0.168579102, 0.174513763, 0.943918719, 0.280423847, 0, 0, 0, 0, 0, 0, 0, 0.283695898, -0.015042627, -0.338224902, 0.00204839051, -0.0326695288, -0.999456979, 0.123657227, -0.991699219, 0.0327148438, -0.992282258, -0.123598819, 0.00198448161, 0, 1, 1, 1, 
95.7461306, 7, 0.1, 0.1, 0.0260961959, 0.359372187, -0.034966959, 0.910818868, -0.412806236, 1.29306308e-005, 0.412806236, 0.910818868, -4.17762267e-007, -1.16050076e-005, 5.71835077e-006, 1, 0.910818733, -0.412806536, 2.41758101e-006, 0.412806535, 0.910818733, 8.41203651e-006, -5.67452172e-006, -6.6638472e-006, 1, 0, 0, 0, 0, 0, 0, 0, 0.235521167, -0.0588844238, -0.37114541, -0.122523936, 0.303250404, -0.94493866, -0.976928711, 0.130493164, 0.168579102, 0.174513763, 0.943918719, 0.280423847, 0, 0, 0, 0, 0, 0, 0, 0.283695898, -0.015042627, -0.338224902, 0.00204839051, -0.0326695288, -0.999456979, 0.123657227, -0.991699219, 0.0327148438, -0.992282258, -0.123598819, 0.00198448161, 0, 1, 1, 1, 
95.7468335, 7, 0.1, 0.1, 0.0260961965, 0.359372188, -0.0349669423, 0.910819552, -0.412804728, -1.43594125e-005, 0.412804728, 0.910819552, 6.49880999e-006, 1.03960942e-005, -1.18468766e-005, 1, 0.910819415, -0.41280503, -1.30919391e-005, 0.41280503, 0.910819415, 9.33679978e-007, 1.15389646e-005, -6.25483218e-006, 1, 0, 0, 0, 0, 0, 0, 0, 0.235521167, -0.0588844238, -0.37114541, -0.122523936, 0.303250404, -0.94493866, -0.976928711, 0.130493164, 0.168579102, 0.174513763, 0.943918719, 0.280423847, 0, 0, 0, 0, 0, 0, 0, 0.283695898, -0.015042627, -0.338224902, 0.00204839051, -0.0326695288, -0.999456979, 0.123657227, -0.991699219, 0.0327148438, -0.992282258, -0.123598819, 0.00198448161, 0, 1, 1, 1, 
95.7475361, 7, 0.1, 0.1, 0.0260961934, 0.359372188, -0.0349676282, 0.910820237, -0.412803217, 1.29543421e-005, 0.412803217, 0.910820237, -9.52490462e-006, -7.86716572e-006, 1.402307e-005, 1, 0.910820101, -0.412803517, 1.88143374e-005, 0.412803517, 0.910820101, -6.83769851e-006, -1.43138507e-005, 1.39945379e-005, 1, 0, 0, 0, 0, 0, 0, 0, 0.235521167, -0.0588844238, -0.37114541, -0.122523936, 0.303250404, -0.94493866, -0.976928711, 0.130493164, 0.168579102, 0.174513763, 0.943918719, 0.280423847, 0, 0, 0, 0, 0, 0, 0, 0.283695898, -0.015042627, -0.338224902, 0.00204839051, -0.0326695288, -0.999456979, 0.123657227, -0.991699219, 0.0327148438, -0.992282258, -0.123598819, 0.00198448161, 0, 1, 1, 1, 
95.7482492, 7, 0.1, 0.1, 0.0260961952, 0.359372188, -0.0349687711, 0.910820932, -0.412801684, 6.87365613e-006, 0.412801684, 0.910820932, 5.57883806e-006, -8.56362362e-006, -2.24386566e-006, 1, 0.910820788, -0.412802002, -6.7437455e-006, 0.412802002, 0.910820788, 6.4911563e-006, 3.46278127e-006, -8.69611173e-006, 1, 0, 0, 0, 0, 0, 0, 0, 0.235521167, -0.0588844238, -0.37114541, -0.122523936, 0.303250404, -0.94493866, -0.976928711, 0.130493164, 0.168579102, 0.174513763, 0.943918719, 0.280423847, 0, 0, 0, 0, 0, 0, 0, 0.283695898, -0.015042627, -0.338224902, 0.00204839051, -0.0326695288, -0.999456979, 0.123657227, -0.991699219, 0.0327148438, -0.992282258, -0.123598819, 0.00198448161, 0, 1, 1, 1, 
95.7489503, 7, 0.1, 0.1, 0.0260961928, 0.35937219, -0.0349698723, 0.910821619, -0.412800167, -1.01208773e-005, 0.412800167, 0.910821619, -4.58783072e-007, 9.40769959e-006, -3.7600303e-006, 1, 0.910821482, -0.41280047, -5.05075346e-007, 0.41280047, 0.910821482, -8.7035607e-006, 4.05286742e-006, 7.71889472e-006, 1, 0, 0, 0, 0, 0, 0, 0, 0.235521167, -0.0588844238, -0.37114541, -0.122523936, 0.303250404, -0.94493866, -0.976928711, 0.130493164, 0.168579102, 0.174513763, 0.943918719, 0.280423847, 0, 0, 0, 0, 0, 0, 0, 0.283695898, -0.015042627, -0.338224902, 0.00204839051, -0.0326695288, -0.999456979, 0.123657227, -0.991699219, 0.0327148438, -0.992282258, -0.123598819, 0.00198448161, 0, 1, 1, 1, 
95.7496696, 7, 0.1, 0.1, 0.0260961921, 0.359372189, -0.034970723, 0.910822318, -0.412798626, 1.40571381e-005, 0.412798626, 0.910822318, -5.90905327e-006, -1.03643061e-005, 1.11848649e-005, 1, 0.910822168, -0.412798956, 1.28769155e-005, 0.412798956, 0.910822168, -7.42248244e-007, -1.14221808e-005, 5.99163342e-006, 1, 0, 0, 0, 0, 0, 0, 0, 0.235521167, -0.0588844238, -0.37114541, -0.12254191, 0.303554819, -0.944818093, -0.9765625, 0.132568359, 0.169311523, 0.176741264, 0.943499729, 0.280404751, 0, 0, 0, 0, 0, 0, 0, 0.283695898, -0.015042627, -0.338224902, 0.00204839051, -0.0326695288, -0.999456979, 0.123657227, -0.991699219, 0.0327148438, -0.992282258, -0.123598819, 0.00198448161, 0, 1, 1, 1, 
95.7503881, 7, 0.1, 0.1, 0.0260961952, 0.359372189, -0.0349707845, 0.910823008, -0.412797103, -1.14270795e-005, 0.412797103, 0.910823008, 9.12767988e-006, 6.64016709e-006, -1.30307661e-005, 1, 0.910822873, -0.4127974, -1.66767527e-005, 0.4127974, 0.910822873, 6.98467371e-006, 1.23063126e-005, -1.32459207e-005, 1, 0, 0, 0, 0, 0, 0, 0, 0.235527026, -0.0597631104, -0.370916064, -0.12254191, 0.303554819, -0.944818093, -0.9765625, 0.132568359, 0.169311523, 0.176741264, 0.943499729, 0.280404751, 0, 0, 0, 0, 0, 0, 0, 0.283760596, -0.015721875, -0.338015332, 0.00303236312, -0.033148572, -0.9993549, 0.122680664, -0.991821289, 0.033203125, -0.992301581, -0.122544484, 0.00101326883, 0, 1, 1, 1, 
95.7510894, 7, 0.1, 0.1, 0.026096194, 0.359372189, -0.0349703673, 0.910823675, -0.412795631, -6.60880239e-006, 0.412795631, 0.910823675, -5.41795204e-006, 8.25596062e-006, 2.20671423e-006, 1, 0.910823544, -0.41279592, 5.64447143e-006, 0.41279592, 0.910823544, -6.3786089e-006, -2.50805374e-006, 8.13980194e-006, 1, 0, 0, 0, 0, 0, 0, 0, 0.235527026, -0.0597631104, -0.370916064, -0.12254191, 0.303554819, -0.944818093, -0.9765625, 0.132568359, 0.169311523, 0.176741264, 0.943499729, 0.280404751, 0, 0, 0, 0, 0, 0, 0, 0.283760596, -0.015721875, -0.338015332, 0.00303236312, -0.033148572, -0.9993549, 0.122680664, -0.991821289, 0.033203125, -0.992301581, -0.122544484, 0.00101326883, 0, 1, 1, 1, 
95.7517928, 7, 0.1, 0.1, 0.0260961964, 0.359372187, -0.0349696603, 0.910824345, -0.412794153, 1.09839222e-005, 0.412794153, 0.910824345, 1.30471894e-007, -1.00582818e-005, 4.41526188e-006, 1, 0.910824211, -0.412794449, 1.4033039e-006, 0.412794449, 0.910824211, 8.47216088e-006, -4.77542415e-006, -7.13737319e-006, 1, 0, 0, 0, 0, 0, 0, 0, 0.235527026, -0.0597631104, -0.370916064, -0.12254191, 0.303554819, -0.944818093, -0.9765625, 0.132568359, 0.169311523, 0.176741264, 0.943499729, 0.280404751, 0, 0, 0, 0, 0, 0, 0, 0.283760596, -0.015721875, -0.338015332, 0.00303236312, -0.033148572, -0.9993549, 0.122680664, -0.991821289, 0.033203125, -0.992301581, -0.122544484, 0.00101326883, 0, 1, 1, 1, 
95.7524954, 7, 0.1, 0.1, 0.0260961975, 0.359372188, -0.0349689215, 0.910825012, -0.412792682, -1.50928585e-005, 0.412792682, 0.910825012, 6.31462137e-006, 1.11403235e-005, -1.19817366e-005, 1, 0.910824879, -0.412792974, -1.39545011e-005, 0.412792974, 0.910824879, 1.2710243e-006, 1.21854369e-005, -6.91800057e-006, 1, 0, 0, 0, 0, 0, 0, 0, 0.235527026, -0.0597631104, -0.370916064, -0.12254191, 0.303554819, -0.944818093, -0.9765625, 0.132568359, 0.169311523, 0.176741264, 0.943499729, 0.280404751, 0, 0, 0, 0, 0, 0, 0, 0.283760596, -0.015721875, -0.338015332, 0.00303236312, -0.033148572, -0.9993549, 0.122680664, -0.991821289, 0.033203125, -0.992301581, -0.122544484, 0.00101326883, 0, 1, 1, 1, 
95.7531981, 7, 0.1, 0.1, 0.026096195, 0.359372189, -0.0349683465, 0.910825677, -0.412791213, 1.08385329e-005, 0.412791213, 0.910825677, -9.37395017e-006, -6.00252978e-006, 1.30120856e-005, 1, 0.910825544, -0.412791507, 1.65490178e-005, 0.412791507, 0.910825544, -7.10667488e-006, -1.21396931e-005, 1.3304235e-005, 1, 0, 0, 0, 0, 0, 0, 0, 0.235527026, -0.0597631104, -0.370916064, -0.12254191, 0.303554819, -0.944818093, -0.9765625, 0.132568359, 0.169311523, 0.176741264, 0.943499729, 0.280404751, 0, 0, 0, 0, 0, 0, 0, 0.283760596, -0.015721875, -0.338015332, 0.00303236312, -0.033148572, -0.9993549, 0.122680664, -0.991821289, 0.033203125, -0.992301581, -0.122544484, 0.00101326883, 0, 1, 1, 1, 
