time, trialNum, realDorsalTactorPos, realVentralTactorPos, boxPosX, boxPosY, boxPosZ, boxLocalRot_11, boxLocalRot_12, boxLocalRot_13, boxLocalRot_21, boxLocalRot_22, boxLocalRot_23, boxLocalRot_31, boxLocalRot_32, boxLocalRot_33, boxGlobalRot_11, boxGlobalRot_12, boxGlobalRot_13, boxGlobalRot_21, boxGlobalRot_22, boxGlobalRot_23, boxGlobalRot_31, boxGlobalRot_32, boxGlobalRot_33, indexForceX, indexForceY, indexForceZ, indexForceGlobalX, indexForceGlobalY, indexForceGlobalZ, indexContact, indexPosX, indexPosY, indexPosZ, indexRot_11, indexRot_12, indexRot_13, indexRot_21, indexRot_22, indexRot_23, indexRot_31, indexRot_32, indexRot_33, thumbForceX, thumbForceY, thumbForceZ, thumbForceGlobalX, thumbForceGlobalY, thumbForceGlobalZ, thumbContact, thumbPosX, thumbPosY, thumbPosZ, thumbRot_11, thumbRot_12, thumbRot_13, thumbRot_21, thumbRot_22, thumbRot_23, thumbRot_31, thumbRot_32, thumbRot_33, manipForceTooHigh, cceExpType, mapping, trialSuccess, 
563.25264, 38, 0.1, 0.1, 0.00107110328, 0.381908454, -0.0199733493, 0.904255892, -0.426990962, 1.6246355e-005, 0.426990962, 0.904255892, 1.29550959e-005, -2.0222571e-005, -4.77767503e-006, 1, 0.904256055, -0.426990616, 3.98882892e-005, 0.426990616, 0.904256055, -3.81839562e-006, -3.44388079e-005, 2.04847325e-005, 0.999999999, 0, 0, 0, 0, 0, 0, 0, 0.328815137, -0.125805151, -0.173970947, -0.324617018, 0.651911636, -0.685132584, -0.927124023, -0.076171875, 0.366699219, 0.186871045, 0.754351772, 0.629330752, 0, 0, -0, 0, 0, 0, 0, 0.363295752, -0.0866504395, -0.146673828, -0.0952298627, 0.267546375, -0.958761994, 0.560913086, -0.78125, -0.273803711, -0.822320316, -0.56374509, -0.0757304333, 0, 3, 1, 1, 
563.287986, 38, 0.1, 0.1, 0.00107110126, 0.381908456, -0.019970136, 0.904225231, -0.427055888, 2.63086267e-005, 0.427055888, 0.904225231, -2.3788482e-005, -1.36299127e-005, 3.27453996e-005, 0.999999999, 0.904225568, -0.427055174, 3.44295536e-006, 0.427055174, 0.904225568, -3.06621573e-005, 9.98122465e-006, 2.91958385e-005, 1, 0, 0, 0, 0, 0, 0, 0, 0.335018604, -0.131765894, -0.171359644, -0.35943403, 0.658265022, -0.661338504, -0.917602539, -0.120849609, 0.378417969, 0.169150234, 0.742963773, 0.647685096, 0, 0, -0, 0, 0, 0, 0, 0.369906543, -0.0951167969, -0.143449316, -0.112592822, 0.263726754, -0.957988009, 0.58984375, -0.758056641, -0.278076172, -0.799596695, -0.596305138, -0.070248405, 0, 3, 1, 1, 
563.288676, 38, 0.1, 0.1, 0.00107109763, 0.381908454, -0.0199714193, 0.904223515, -0.427059521, -2.14854508e-005, 0.427059521, 0.904223515, 1.95470592e-005, 1.10798921e-005, -2.68504769e-005, 1, 0.904223856, -0.427058801, 1.86834443e-007, 0.4270588, 0.904223855, 2.63010208e-005, -1.14010225e-005, -2.37022211e-005, 1, 0, 0, 0, 0, 0, 0, 0, 0.335018604, -0.131765894, -0.171359644, -0.35943403, 0.658265022, -0.661338504, -0.917602539, -0.120849609, 0.378417969, 0.169150234, 0.742963773, 0.647685096, 0, 0, -0, 0, 0, 0, 0, 0.369906543, -0.0951167969, -0.143449316, -0.112592822, 0.263726754, -0.957988009, 0.58984375, -0.758056641, -0.278076172, -0.799596695, -0.596305138, -0.070248405, 0, 3, 1, 1, 
563.289361, 38, 0.1, 0.1, 0.00107109842, 0.381908456, -0.0199722164, 0.904221812, -0.427063127, 2.53289904e-005, 0.427063127, 0.904221812, -2.15373769e-005, -1.37052061e-005, 3.02916438e-005, 0.999999999, 0.904222152, -0.427062407, 4.29989329e-006, 0.427062407, 0.904222152, -2.82326794e-005, 8.16905727e-006, 2.73649369e-005, 1, 0, 0, 0, 0, 0, 0, 0, 0.335018604, -0.131765894, -0.171359644, -0.35943403, 0.658265022, -0.661338504, -0.917602539, -0.120849609, 0.378417969, 0.169150234, 0.742963773, 0.647685096, 0, 0, -0, 0, 0, 0, 0, 0.369906543, -0.0951167969, -0.143449316, -0.112592822, 0.263726754, -0.957988009, 0.58984375, -0.758056641, -0.278076172, -0.799596695, -0.596305138, -0.070248405, 0, 3, 1, 1, 
563.290047, 38, 0.1, 0.1, 0.00107109525, 0.381908454, -0.0199723607, 0.904220112, -0.427066727, -2.25149961e-005, 0.427066727, 0.904220111, 1.9199613e-005, 1.21589964e-005, -2.69760819e-005, 1, 0.904220447, -0.427066018, -1.64240468e-006, 0.427066018, 0.904220447, 2.58229243e-005, -9.54299756e-006, -2.40510314e-005, 1, 0, 0, 0, 0, 0, 0, 0, 0.335018604, -0.131765894, -0.171359644, -0.35943403, 0.658265022, -0.661338504, -0.917602539, -0.120849609, 0.378417969, 0.169150234, 0.742963773, 0.647685096, 0, 0, -0, 0, 0, 0, 0, 0.369906543, -0.0951167969, -0.143449316, -0.112592822, 0.263726754, -0.957988009, 0.58984375, -0.758056641, -0.278076172, -0.799596695, -0.596305138, -0.070248405, 0, 3, 1, 1, 
563.290759, 38, 0.1, 0.1, 0.00107109574, 0.381908457, -0.0199717176, 0.904218346, -0.427070465, 2.89538716e-005, 0.427070466, 0.904218346, -2.05511185e-005, -1.74038461e-005, 3.09480418e-005, 0.999999999, 0.904218718, -0.427069678, 5.90653369e-006, 0.427069678, 0.904218718, -2.84122881e-005, 6.79322841e-006, 2.82134242e-005, 1, 0, 0, 0, 0, 0, 0, 0, 0.335136133, -0.132356763, -0.170760205, -0.361477684, 0.659926757, -0.658487948, -0.916870117, -0.123779297, 0.379272461, 0.168732365, 0.740970293, 0.650076227, 0, 0, -0, 0, 0, 0, 0, 0.369906543, -0.0951167969, -0.143449316, -0.114145157, 0.264493077, -0.957611044, 0.592163086, -0.755737305, -0.279296875, -0.797673226, -0.598924934, -0.0703315271, 0, 3, 1, 1, 
563.291443, 38, 0.1, 0.1, 0.00107109252, 0.381908454, -0.0199704905, 0.904216644, -0.427074068, -2.51425992e-005, 0.427074069, 0.904216644, 2.12486634e-005, 1.36596035e-005, -2.99511472e-005, 0.999999999, 0.904216992, -0.427073332, -1.81616587e-006, 0.427073331, 0.904216992, 2.87853115e-005, -1.06512309e-005, -2.68038038e-005, 1, 0, 0, 0, 0, 0, 0, 0, 0.335136133, -0.132356763, -0.170760205, -0.361477684, 0.659926757, -0.658487948, -0.916870117, -0.123779297, 0.379272461, 0.168732365, 0.740970293, 0.650076227, 0, 0, -0, 0, 0, 0, 0, 0.370067529, -0.095790918, -0.143426123, -0.114145157, 0.264493077, -0.957611044, 0.592163086, -0.755737305, -0.279296875, -0.797673226, -0.598924934, -0.0703315271, 0, 3, 1, 1, 
563.292127, 38, 0.1, 0.1, 0.00107109378, 0.381908457, -0.0199692268, 0.904214927, -0.427077703, 2.62865108e-005, 0.427077704, 0.904214927, -2.2557165e-005, -1.41349932e-005, 3.1622908e-005, 0.999999999, 0.904215267, -0.427076984, 3.55365865e-006, 0.427076984, 0.904215267, -3.02498458e-005, 9.70574051e-006, 2.88700582e-005, 1, 0, 0, 0, 0, 0, 0, 0, 0.335136133, -0.132356763, -0.170760205, -0.361477684, 0.659926757, -0.658487948, -0.916870117, -0.123779297, 0.379272461, 0.168732365, 0.740970293, 0.650076227, 0, 0, -0, 0, 0, 0, 0, 0.370067529, -0.095790918, -0.143426123, -0.114145157, 0.264493077, -0.957611044, 0.592163086, -0.755737305, -0.279296875, -0.797673226, -0.598924934, -0.0703315271, 0, 3, 1, 1, 
563.29281, 38, 0.1, 0.1, 0.00107109118, 0.381908454, -0.0199683513, 0.904213197, -0.427081366, -3.04973474e-005, 0.427081366, 0.904213197, 2.34920119e-005, 1.75431034e-005, -3.4266636e-005, 0.999999999, 0.904213547, -0.427080626, -6.11038313e-006, 0.427080626, 0.904213547, 3.12621984e-005, -7.82638805e-006, -3.08773295e-005, 0.999999999, 0, 0, 0, 0, 0, 0, 0, 0.335136133, -0.132356763, -0.170760205, -0.361477684, 0.659926757, -0.658487948, -0.916870117, -0.123779297, 0.379272461, 0.168732365, 0.740970293, 0.650076227, 0, 0, -0, 0, 0, 0, 0, 0.370067529, -0.095790918, -0.143426123, -0.114145157, 0.264493077, -0.957611044, 0.592163086, -0.755737305, -0.279296875, -0.797673226, -0.598924934, -0.0703315271, 0, 3, 1, 1, 
563.293496, 38, 0.1, 0.1, 0.00107109321, 0.381908457, -0.0199680582, 0.904211437, -0.427085093, 2.49498558e-005, 0.427085094, 0.904211437, -2.29431191e-005, -1.27612808e-005, 3.14011422e-005, 0.999999999, 0.904211794, -0.427084339, 3.75043346e-007, 0.427084339, 0.904211793, -3.08707848e-005, 1.28453101e-005, 2.80739029e-005, 1, 0, 0, 0, 0, 0, 0, 0, 0.335136133, -0.132356763, -0.170760205, -0.361477684, 0.659926757, -0.658487948, -0.916870117, -0.123779297, 0.379272461, 0.168732365, 0.740970293, 0.650076227, 0, 0, -0, 0, 0, 0, 0, 0.370067529, -0.095790918, -0.143426123, -0.114145157, 0.264493077, -0.957611044, 0.592163086, -0.755737305, -0.279296875, -0.797673226, -0.598924934, -0.0703315271, 0, 3, 1, 1, 
563.294182, 38, 0.1, 0.1, 0.00107109055, 0.381908454, -0.0199683842, 0.904209655, -0.427088866, -2.96021437e-005, 0.427088866, 0.904209655, 2.4153159e-005, 1.64509988e-005, -3.44822656e-005, 0.999999999, 0.904210018, -0.427088099, -5.29185221e-006, 0.427088099, 0.904210017, 3.17806308e-005, -8.7881834e-006, -3.09964518e-005, 0.999999999, 0, 0, 0, 0, 0, 0, 0, 0.335136133, -0.132356763, -0.170760205, -0.361477684, 0.659926757, -0.658487948, -0.916870117, -0.123779297, 0.379272461, 0.168732365, 0.740970293, 0.650076227, 0, 0, -0, 0, 0, 0, 0, 0.370067529, -0.095790918, -0.143426123, -0.114145157, 0.264493077, -0.957611044, 0.592163086, -0.755737305, -0.279296875, -0.797673226, -0.598924934, -0.0703315271, 0, 3, 1, 1, 
563.294865, 38, 0.1, 0.1, 0.00107109251, 0.381908456, -0.0199691733, 0.904207866, -0.427092654, 2.39867864e-005, 0.427092654, 0.904207866, -2.22523958e-005, -1.21852062e-005, 3.03653716e-005, 0.999999999, 0.904208217, -0.42709191, 7.68830662e-007, 0.42709191, 0.904208217, -2.94347014e-005, 1.18761398e-005, 2.69434602e-005, 1, 0, 0, 0, 0, 0, 0, 0, 0.335136133, -0.132356763, -0.170760205, -0.361477684, 0.659926757, -0.658487948, -0.916870117, -0.123779297, 0.379272461, 0.168732365, 0.740970293, 0.650076227, 0, 0, -0, 0, 0, 0, 0, 0.370067529, -0.095790918, -0.143426123, -0.114145157, 0.264493077, -0.957611044, 0.592163086, -0.755737305, -0.279296875, -0.797673226, -0.598924934, -0.0703315271, 0, 3, 1, 1, 
563.295576, 38, 0.1, 0.1, 0.0010710899, 0.381908453, -0.019970131, 0.904205994, -0.427096616, -2.90758232e-005, 0.427096616, 0.904205994, 2.34094235e-005, 1.6292448e-005, -3.35851267e-005, 0.999999999, 0.904206391, -0.427095777, -4.64144755e-006, 0.427095777, 0.90420639, 3.12345532e-005, -9.14331926e-006, -3.02248253e-005, 1, 0, 0, 0, 0, 0, 0, 0, 0.33528479, -0.133179053, -0.170199341, -0.362943589, 0.661404645, -0.656354804, -0.916381836, -0.125732422, 0.379882813, 0.16884095, 0.739376707, 0.651839433, 0, 0, -0, 0, 0, 0, 0, 0.370067529, -0.095790918, -0.143426123, -0.115365369, 0.264633435, -0.95739376, 0.593261719, -0.754638672, -0.280029297, -0.796574048, -0.600260352, -0.0700632043, 0, 3, 1, 1, 
563.29626, 38, 0.1, 0.1, 0.00107109172, 0.381908456, -0.0199707997, 0.90420419, -0.427100435, 2.3355781e-005, 0.427100435, 0.90420419, -2.0295778e-005, -1.24500594e-005, 2.83267917e-005, 1, 0.904204549, -0.427099676, 7.46866993e-007, 0.427099676, 0.904204549, -2.71861413e-005, 1.09358716e-005, 2.49008193e-005, 1, 0, 0, 0, 0, 0, 0, 0, 0.33528479, -0.133179053, -0.170199341, -0.362943589, 0.661404645, -0.656354804, -0.916381836, -0.125732422, 0.379882813, 0.16884095, 0.739376707, 0.651839433, 0, 0, -0, 0, 0, 0, 0, 0.370009912, -0.0967026855, -0.143182861, -0.115365369, 0.264633435, -0.95739376, 0.593261719, -0.754638672, -0.280029297, -0.796574048, -0.600260352, -0.0700632043, 0, 3, 1, 1, 
563.296956, 38, 0.1, 0.1, 0.00107108873, 0.381908453, -0.0199711432, 0.904202357, -0.427104316, -2.39992555e-005, 0.427104316, 0.904202357, 2.28287769e-005, 1.19499142e-005, -3.08920195e-005, 0.999999999, 0.904202715, -0.427103558, -2.65513393e-006, 0.427103558, 0.904202715, 2.99658088e-005, -1.03977242e-005, -2.82291828e-005, 1, 0, 0, 0, 0, 0, 0, 0, 0.33528479, -0.133179053, -0.170199341, -0.362943589, 0.661404645, -0.656354804, -0.916381836, -0.125732422, 0.379882813, 0.16884095, 0.739376707, 0.651839433, 0, 0, -0, 0, 0, 0, 0, 0.370009912, -0.0967026855, -0.143182861, -0.115365369, 0.264633435, -0.95739376, 0.593261719, -0.754638672, -0.280029297, -0.796574048, -0.600260352, -0.0700632043, 0, 3, 1, 1, 
563.297643, 38, 0.1, 0.1, 0.00107108956, 0.381908455, -0.0199711162, 0.904200556, -0.427108128, 2.78522511e-005, 0.427108129, 0.904200556, -2.05664302e-005, -1.63999315e-005, 3.04921005e-005, 0.999999999, 0.904200913, -0.427107373, 5.71315286e-006, 0.427107373, 0.904200913, -2.73866811e-005, 6.5312154e-006, 2.72031918e-005, 1, 0, 0, 0, 0, 0, 0, 0, 0.33528479, -0.133179053, -0.170199341, -0.362943589, 0.661404645, -0.656354804, -0.916381836, -0.125732422, 0.379882813, 0.16884095, 0.739376707, 0.651839433, 0, 0, -0, 0, 0, 0, 0, 0.370009912, -0.0967026855, -0.143182861, -0.115365369, 0.264633435, -0.95739376, 0.593261719, -0.754638672, -0.280029297, -0.796574048, -0.600260352, -0.0700632043, 0, 3, 1, 1, 
563.298353, 38, 0.1, 0.1, 0.00107108586, 0.381908452, -0.0199705268, 0.904198695, -0.427112068, -2.29591149e-005, 0.427112069, 0.904198695, 2.28289803e-005, 1.10090688e-005, -3.04480493e-005, 0.999999999, 0.904199052, -0.427111314, -7.22240104e-007, 0.427111313, 0.904199052, 3.05268698e-005, -1.23853226e-005, -2.79108436e-005, 1, 0, 0, 0, 0, 0, 0, 0, 0.33558833, -0.133574512, -0.169833276, -0.365685561, 0.662501734, -0.653682103, -0.915405273, -0.129272461, 0.381103516, 0.167915725, 0.737719842, 0.653887958, 0, 0, -0, 0, 0, 0, 0, 0.370141113, -0.0969752441, -0.143151123, -0.11742883, 0.264818269, -0.957080595, 0.595825195, -0.752197266, -0.28112793, -0.794458815, -0.60318675, -0.0695393184, 0, 3, 1, 1, 
563.299039, 38, 0.1, 0.1, 0.00107108662, 0.381908455, -0.0199698123, 0.904196899, -0.427115871, 2.92035157e-005, 0.427115872, 0.904196899, -2.28215284e-005, -1.66582914e-005, 3.31084403e-005, 0.999999999, 0.904197255, -0.427115118, 6.55491291e-006, 0.427115118, 0.904197254, -2.98727275e-005, 6.83215931e-006, 2.98105406e-005, 1, 0, 0, 0, 0, 0, 0, 0, 0.33558833, -0.133574512, -0.169833276, -0.365685561, 0.662501734, -0.653682103, -0.915405273, -0.129272461, 0.381103516, 0.167915725, 0.737719842, 0.653887958, 0, 0, -0, 0, 0, 0, 0, 0.370141113, -0.0969752441, -0.143151123, -0.11742883, 0.264818269, -0.957080595, 0.595825195, -0.752197266, -0.28112793, -0.794458815, -0.60318675, -0.0695393184, 0, 3, 1, 1, 
563.299721, 38, 0.1, 0.1, 0.00107108325, 0.381908452, -0.0199692694, 0.904195107, -0.427119664, -2.485879e-005, 0.427119665, 0.904195107, 2.0145677e-005, 1.38725815e-005, -2.88333006e-005, 0.999999999, 0.904195467, -0.427118904, -1.2557988e-006, 0.427118904, 0.904195466, 2.79374391e-005, -1.07971208e-005, -2.57972812e-005, 1, 0, 0, 0, 0, 0, 0, 0, 0.33558833, -0.133574512, -0.169833276, -0.365685561, 0.662501734, -0.653682103, -0.915405273, -0.129272461, 0.381103516, 0.167915725, 0.737719842, 0.653887958, 0, 0, -0, 0, 0, 0, 0, 0.370141113, -0.0969752441, -0.143151123, -0.11742883, 0.264818269, -0.957080595, 0.595825195, -0.752197266, -0.28112793, -0.794458815, -0.60318675, -0.0695393184, 0, 3, 1, 1, 
563.300406, 38, 0.1, 0.1, 0.00107108449, 0.381908456, -0.0199690432, 0.904193304, -0.427123481, 2.73649608e-005, 0.427123482, 0.904193304, -2.57610519e-005, -1.37400641e-005, 3.4981188e-005, 0.999999999, 0.904193665, -0.427122718, 4.12966274e-006, 0.427122718, 0.904193664, -3.32226347e-005, 1.04561272e-005, 3.18035686e-005, 0.999999999, 0, 0, 0, 0, 0, 0, 0, 0.33558833, -0.133574512, -0.169833276, -0.365685561, 0.662501734, -0.653682103, -0.915405273, -0.129272461, 0.381103516, 0.167915725, 0.737719842, 0.653887958, 0, 0, -0, 0, 0, 0, 0, 0.370141113, -0.0969752441, -0.143151123, -0.11742883, 0.264818269, -0.957080595, 0.595825195, -0.752197266, -0.28112793, -0.794458815, -0.60318675, -0.0695393184, 0, 3, 1, 1, 
563.301088, 38, 0.1, 0.1, 0.00107108154, 0.381908454, -0.0199691801, 0.904191494, -0.427127313, -2.72358987e-005, 0.427127313, 0.904191494, 1.95909278e-005, 1.62586476e-005, -2.93471465e-005, 0.999999999, 0.90419186, -0.427126538, -3.33191311e-006, 0.427126538, 0.90419186, 2.69723196e-005, -8.50790477e-006, -2.58113003e-005, 1, 0, 0, 0, 0, 0, 0, 0, 0.33558833, -0.133574512, -0.169833276, -0.365685561, 0.662501734, -0.653682103, -0.915405273, -0.129272461, 0.381103516, 0.167915725, 0.737719842, 0.653887958, 0, 0, -0, 0, 0, 0, 0, 0.370141113, -0.0969752441, -0.143151123, -0.11742883, 0.264818269, -0.957080595, 0.595825195, -0.752197266, -0.28112793, -0.794458815, -0.60318675, -0.0695393184, 0, 3, 1, 1, 
563.301779, 38, 0.1, 0.1, 0.00107108326, 0.381908457, -0.0199695482, 0.904189662, -0.427131192, 2.49121654e-005, 0.427131193, 0.904189661, -2.53168312e-005, -1.17117141e-005, 3.353198e-005, 0.999999999, 0.904190023, -0.427130427, 2.03075008e-006, 0.427130427, 0.904190023, -3.28898e-005, 1.22120504e-005, 3.06060241e-005, 0.999999999, 0, 0, 0, 0, 0, 0, 0, 0.33558833, -0.133574512, -0.169833276, -0.365685561, 0.662501734, -0.653682103, -0.915405273, -0.129272461, 0.381103516, 0.167915725, 0.737719842, 0.653887958, 0, 0, -0, 0, 0, 0, 0, 0.370141113, -0.0969752441, -0.143151123, -0.11742883, 0.264818269, -0.957080595, 0.595825195, -0.752197266, -0.28112793, -0.794458815, -0.60318675, -0.0695393184, 0, 3, 1, 1, 
563.30246, 38, 0.1, 0.1, 0.00107108048, 0.381908454, -0.0199700723, 0.904187844, -0.42713504, -2.58694778e-005, 0.427135041, 0.904187844, 2.34784887e-005, 1.33623821e-005, -3.22787245e-005, 0.999999999, 0.904188214, -0.427134258, -2.99385419e-006, 0.427134258, 0.904188213, 2.96572864e-005, -9.96063533e-006, -2.80945465e-005, 1, 0, 0, 0, 0, 0, 0, 0, 0.33558833, -0.133574512, -0.169833276, -0.365685561, 0.662501734, -0.653682103, -0.915405273, -0.129272461, 0.381103516, 0.167915725, 0.737719842, 0.653887958, 0, 0, -0, 0, 0, 0, 0, 0.370141113, -0.0969752441, -0.143151123, -0.11742883, 0.264818269, -0.957080595, 0.595825195, -0.752197266, -0.28112793, -0.794458815, -0.60318675, -0.0695393184, 0, 3, 1, 1, 
563.303171, 38, 0.1, 0.1, 0.00107108204, 0.381908456, -0.0199703414, 0.904185954, -0.427139041, 2.6349946e-005, 0.427139041, 0.904185954, -1.79623156e-005, -1.61528448e-005, 2.74963642e-005, 0.999999999, 0.904186316, -0.427138275, 3.75148676e-006, 0.427138275, 0.904186316, -2.59762696e-005, 7.70341597e-006, 2.50897911e-005, 1, 0, 0, 0, 0, 0, 0, 0, 0.335908716, -0.133932617, -0.169653223, -0.368154198, 0.664366412, -0.650311085, -0.914428711, -0.132446289, 0.382324219, 0.167935942, 0.735447035, 0.656443839, 0, 0, -0, 0, 0, 0, 0, 0.370756885, -0.0974344238, -0.143129639, -0.118859763, 0.26546319, -0.95669087, 0.598144531, -0.74987793, -0.282348633, -0.792522586, -0.605819306, -0.0697438421, 0, 3, 1, 1, 
563.303859, 38, 0.1, 0.1, 0.00107107899, 0.381908453, -0.0199704522, 0.904184124, -0.427142915, -2.46632374e-005, 0.427142916, 0.904184123, 2.84776633e-005, 1.01360756e-005, -3.62837782e-005, 0.999999999, 0.904184494, -0.427142132, -1.86843475e-006, 0.427142132, 0.904184493, 3.53825235e-005, -1.34239568e-005, -3.27904163e-005, 0.999999999, 0, 0, 0, 0, 0, 0, 0, 0.335908716, -0.133932617, -0.169653223, -0.368154198, 0.664366412, -0.650311085, -0.914428711, -0.132446289, 0.382324219, 0.167935942, 0.735447035, 0.656443839, 0, 0, -0, 0, 0, 0, 0, 0.370756885, -0.0974344238, -0.143129639, -0.118859763, 0.26546319, -0.95669087, 0.598144531, -0.74987793, -0.282348633, -0.792522586, -0.605819306, -0.0697438421, 0, 3, 1, 1, 
563.30455, 38, 0.1, 0.1, 0.00107108036, 0.381908454, -0.019970391, 0.904182284, -0.427146809, 2.55282465e-005, 0.427146809, 0.904182284, -1.74497744e-005, -1.56285728e-005, 2.66820859e-005, 1, 0.904182653, -0.42714603, 3.00055079e-006, 0.42714603, 0.904182652, -2.40270099e-005, 7.54999591e-006, 2.30064789e-005, 1, 0, 0, 0, 0, 0, 0, 0, 0.335908716, -0.133932617, -0.169653223, -0.368154198, 0.664366412, -0.650311085, -0.914428711, -0.132446289, 0.382324219, 0.167935942, 0.735447035, 0.656443839, 0, 0, -0, 0, 0, 0, 0, 0.370756885, -0.0974344238, -0.143129639, -0.118859763, 0.26546319, -0.95669087, 0.598144531, -0.74987793, -0.282348633, -0.792522586, -0.605819306, -0.0697438421, 0, 3, 1, 1, 
563.305236, 38, 0.1, 0.1, 0.00107107768, 0.381908451, -0.0199702297, 0.904180466, -0.427150658, -2.70447195e-005, 0.427150659, 0.904180466, 2.24711468e-005, 1.48547419e-005, -3.18701417e-005, 0.999999999, 0.904180827, -0.427149893, -4.28306851e-006, 0.427149893, 0.904180827, 3.04664272e-005, -9.1410627e-006, -2.93766716e-005, 1, 0, 0, 0, 0, 0, 0, 0, 0.335908716, -0.133932617, -0.169653223, -0.368154198, 0.664366412, -0.650311085, -0.914428711, -0.132446289, 0.382324219, 0.167935942, 0.735447035, 0.656443839, 0, 0, -0, 0, 0, 0, 0, 0.370756885, -0.0974344238, -0.143129639, -0.118859763, 0.26546319, -0.95669087, 0.598144531, -0.74987793, -0.282348633, -0.792522586, -0.605819306, -0.0697438421, 0, 3, 1, 1, 
563.305919, 38, 0.1, 0.1, 0.00107107942, 0.381908454, -0.0199700683, 0.904178656, -0.427154489, 2.40569143e-005, 0.42715449, 0.904178656, -2.42410784e-005, -1.13970629e-005, 3.21942846e-005, 0.999999999, 0.904179018, -0.427153724, 1.39313891e-006, 0.427153724, 0.904179017, -3.10040609e-005, 1.19838531e-005, 2.86283058e-005, 1, 0, 0, 0, 0, 0, 0, 0, 0.335908716, -0.133932617, -0.169653223, -0.368154198, 0.664366412, -0.650311085, -0.914428711, -0.132446289, 0.382324219, 0.167935942, 0.735447035, 0.656443839, 0, 0, -0, 0, 0, 0, 0, 0.370756885, -0.0974344238, -0.143129639, -0.118859763, 0.26546319, -0.95669087, 0.598144531, -0.74987793, -0.282348633, -0.792522586, -0.605819306, -0.0697438421, 0, 3, 1, 1, 
563.306601, 38, 0.1, 0.1, 0.00107107683, 0.381908452, -0.0199699854, 0.904176848, -0.427158315, -2.6448967e-005, 0.427158316, 0.904176848, 2.08003802e-005, 1.50294882e-005, -3.01051184e-005, 0.999999999, 0.904177206, -0.427157559, -4.24846237e-006, 0.427157558, 0.904177206, 2.75909347e-005, -7.94431347e-006, -2.67618571e-005, 1, 0, 0, 0, 0, 0, 0, 0, 0.335908716, -0.133932617, -0.169653223, -0.368154198, 0.664366412, -0.650311085, -0.914428711, -0.132446289, 0.382324219, 0.167935942, 0.735447035, 0.656443839, 0, 0, -0, 0, 0, 0, 0, 0.370756885, -0.0974344238, -0.143129639, -0.118859763, 0.26546319, -0.95669087, 0.598144531, -0.74987793, -0.282348633, -0.792522586, -0.605819306, -0.0697438421, 0, 3, 1, 1, 
563.307286, 38, 0.1, 0.1, 0.00107107818, 0.381908454, -0.0199699788, 0.904175034, -0.427162156, 2.71169083e-005, 0.427162157, 0.904175034, -2.10791428e-005, -1.55142194e-005, 3.06425517e-005, 0.999999999, 0.9041754, -0.427161382, 3.80245035e-006, 0.427161382, 0.904175399, -2.88076575e-005, 8.86743675e-006, 2.76714352e-005, 1, 0, 0, 0, 0, 0, 0, 0, 0.335908716, -0.133932617, -0.169653223, -0.368154198, 0.664366412, -0.650311085, -0.914428711, -0.132446289, 0.382324219, 0.167935942, 0.735447035, 0.656443839, 0, 0, -0, 0, 0, 0, 0, 0.370756885, -0.0974344238, -0.143129639, -0.118859763, 0.26546319, -0.95669087, 0.598144531, -0.74987793, -0.282348633, -0.792522586, -0.605819306, -0.0697438421, 0, 3, 1, 1, 
563.308001, 38, 0.1, 0.1, 0.00107107478, 0.381908451, -0.019969701, 0.904173135, -0.427166176, -2.51995373e-005, 0.427166177, 0.904173134, 2.67805612e-005, 1.13449947e-005, -3.4978654e-005, 0.999999999, 0.904173498, -0.427165409, -2.3657845e-006, 0.427165408, 0.904173497, 3.42436539e-005, -1.24886248e-005, -3.19727857e-005, 0.999999999, 0, 0, 0, 0, 0, 0, 0, 0.336630908, -0.134053198, -0.169657837, -0.371460815, 0.666535504, -0.646222654, -0.913208008, -0.13671875, 0.383666992, 0.167347332, 0.732755238, 0.659627645, 0, 0, -0, 0, 0, 0, 0, 0.371119629, -0.0978621094, -0.143098145, -0.120801822, 0.266606477, -0.956192504, 0.600585938, -0.747314453, -0.284179687, -0.790394593, -0.608522224, -0.0698142044, 0, 3, 1, 1, 
563.308684, 38, 0.1, 0.1, 0.00107107605, 0.381908453, -0.0199695297, 0.904171312, -0.427170035, 2.70844869e-005, 0.427170035, 0.904171311, -2.18445425e-005, -1.51576821e-005, 3.13208898e-005, 0.999999999, 0.904171677, -0.427169263, 4.17505851e-006, 0.427169263, 0.904171676, -2.82909597e-005, 8.31005876e-006, 2.73633411e-005, 1, 0, 0, 0, 0, 0, 0, 0, 0.336630908, -0.134053198, -0.169657837, -0.371460815, 0.666535504, -0.646222654, -0.913208008, -0.13671875, 0.383666992, 0.167347332, 0.732755238, 0.659627645, 0, 0, -0, 0, 0, 0, 0, 0.371119629, -0.0978621094, -0.143098145, -0.120801822, 0.266606477, -0.956192504, 0.600585938, -0.747314453, -0.284179687, -0.790394593, -0.608522224, -0.0698142044, 0, 3, 1, 1, 
563.30937, 38, 0.1, 0.1, 0.00107107319, 0.381908451, -0.0199695464, 0.904169485, -0.427173901, -2.68118056e-005, 0.427173902, 0.904169485, 1.86447519e-005, 1.6277865e-005, -2.83113193e-005, 0.999999999, 0.904169853, -0.427173124, -3.22665579e-006, 0.427173123, 0.904169852, 2.68160222e-005, -8.53763907e-006, -2.56245795e-005, 1, 0, 0, 0, 0, 0, 0, 0, 0.336630908, -0.134053198, -0.169657837, -0.371460815, 0.666535504, -0.646222654, -0.913208008, -0.13671875, 0.383666992, 0.167347332, 0.732755238, 0.659627645, 0, 0, -0, 0, 0, 0, 0, 0.371119629, -0.0978621094, -0.143098145, -0.120801822, 0.266606477, -0.956192504, 0.600585938, -0.747314453, -0.284179687, -0.790394593, -0.608522224, -0.0698142044, 0, 3, 1, 1, 
563.310051, 38, 0.1, 0.1, 0.00107107499, 0.381908455, -0.0199697429, 0.904167666, -0.427177751, 2.41922041e-005, 0.427177751, 0.904167666, -2.82904316e-005, -9.7887658e-006, 3.59136649e-005, 0.999999999, 0.904168028, -0.427176985, 1.47468606e-006, 0.427176985, 0.904168028, -3.52252344e-005, 1.37140454e-005, 3.24794827e-005, 0.999999999, 0, 0, 0, 0, 0, 0, 0, 0.336630908, -0.134053198, -0.169657837, -0.371460815, 0.666535504, -0.646222654, -0.913208008, -0.13671875, 0.383666992, 0.167347332, 0.732755238, 0.659627645, 0, 0, -0, 0, 0, 0, 0, 0.371119629, -0.0978621094, -0.143098145, -0.120801822, 0.266606477, -0.956192504, 0.600585938, -0.747314453, -0.284179687, -0.790394593, -0.608522224, -0.0698142044, 0, 3, 1, 1, 
563.310738, 38, 0.1, 0.1, 0.00107107231, 0.381908453, -0.0199700479, 0.90416583, -0.427181637, -2.59789894e-005, 0.427181637, 0.90416583, 1.90706189e-005, 1.53426963e-005, -2.83407492e-005, 0.999999999, 0.904166193, -0.427180869, -3.63783976e-006, 0.427180869, 0.904166193, 2.54821571e-005, -7.59627829e-006, -2.45941205e-005, 1, 0, 0, 0, 0, 0, 0, 0, 0.336630908, -0.134053198, -0.169657837, -0.371460815, 0.666535504, -0.646222654, -0.913208008, -0.13671875, 0.383666992, 0.167347332, 0.732755238, 0.659627645, 0, 0, -0, 0, 0, 0, 0, 0.371119629, -0.0978621094, -0.143098145, -0.120801822, 0.266606477, -0.956192504, 0.600585938, -0.747314453, -0.284179687, -0.790394593, -0.608522224, -0.0698142044, 0, 3, 1, 1, 
563.311421, 38, 0.1, 0.1, 0.00107107374, 0.381908456, -0.0199703927, 0.904164013, -0.427185484, 2.61159316e-005, 0.427185485, 0.904164012, -2.10967657e-005, -1.46008535e-005, 3.02312832e-005, 0.999999999, 0.904164374, -0.42718472, 3.55886819e-006, 0.42718472, 0.904164373, -2.88464358e-005, 9.10495478e-006, 2.76022136e-005, 1, 0, 0, 0, 0, 0, 0, 0, 0.336630908, -0.134053198, -0.169657837, -0.371460815, 0.666535504, -0.646222654, -0.913208008, -0.13671875, 0.383666992, 0.167347332, 0.732755238, 0.659627645, 0, 0, -0, 0, 0, 0, 0, 0.371119629, -0.0978621094, -0.143098145, -0.120801822, 0.266606477, -0.956192504, 0.600585938, -0.747314453, -0.284179687, -0.790394593, -0.608522224, -0.0698142044, 0, 3, 1, 1, 
563.312107, 38, 0.1, 0.1, 0.00107107071, 0.381908453, -0.0199706471, 0.904162186, -0.427189349, -2.38630489e-005, 0.42718935, 0.904162186, 2.47202619e-005, 1.10158338e-005, -3.25451664e-005, 0.999999999, 0.904162554, -0.427188572, -1.41374507e-006, 0.427188571, 0.904162554, 3.14817351e-005, -1.21703821e-005, -2.90685418e-005, 1, 0, 0, 0, 0, 0, 0, 0, 0.336630908, -0.134053198, -0.169657837, -0.371460815, 0.666535504, -0.646222654, -0.913208008, -0.13671875, 0.383666992, 0.167347332, 0.732755238, 0.659627645, 0, 0, -0, 0, 0, 0, 0, 0.371119629, -0.0978621094, -0.143098145, -0.120801822, 0.266606477, -0.956192504, 0.600585938, -0.747314453, -0.284179687, -0.790394593, -0.608522224, -0.0698142044, 0, 3, 1, 1, 
563.312836, 38, 0.1, 0.1, 0.00107107163, 0.381908456, -0.0199703446, 0.904160245, -0.427193457, 2.99716311e-005, 0.427193458, 0.904160245, -2.45465554e-005, -1.66130294e-005, 3.49977043e-005, 0.999999999, 0.90416061, -0.427192687, 7.95132735e-006, 0.427192687, 0.904160609, -3.16365158e-005, 6.32561124e-006, 3.20012403e-005, 0.999999999, 0, 0, 0, 0, 0, 0, 0, 0.336752222, -0.135056616, -0.169692847, -0.373585723, 0.668882451, -0.642667788, -0.911865234, -0.138183594, 0.386230469, 0.169537763, 0.730406047, 0.661783632, 0, 0, -0, 0, 0, 0, 0, 0.371665332, -0.0989805176, -0.14305127, -0.122993247, 0.266989638, -0.955808976, 0.601318359, -0.74609375, -0.285766602, -0.789397494, -0.609832122, -0.0687919524, 0, 3, 1, 1, 
563.313519, 38, 0.1, 0.1, 0.00107106847, 0.381908454, -0.0199698481, 0.90415843, -0.427197299, -2.52256835e-005, 0.427197299, 0.90415843, 1.83451361e-005, 1.49710218e-005, -2.73632533e-005, 1, 0.904158798, -0.427196523, -1.52068582e-006, 0.427196522, 0.904158797, 2.58702476e-005, -9.67673835e-006, -2.40404437e-005, 1, 0, 0, 0, 0, 0, 0, 0, 0.336752222, -0.135056616, -0.169692847, -0.373585723, 0.668882451, -0.642667788, -0.911865234, -0.138183594, 0.386230469, 0.169537763, 0.730406047, 0.661783632, 0, 0, -0, 0, 0, 0, 0, 0.371665332, -0.0989805176, -0.14305127, -0.122993247, 0.266989638, -0.955808976, 0.601318359, -0.74609375, -0.285766602, -0.789397494, -0.609832122, -0.0687919524, 0, 3, 1, 1, 
563.314203, 38, 0.1, 0.1, 0.00107107009, 0.381908457, -0.0199694787, 0.904156609, -0.427201153, 2.5125586e-005, 0.427201153, 0.904156609, -2.57037439e-005, -1.17367956e-005, 3.39738893e-005, 0.999999999, 0.904156971, -0.427200389, 2.54812902e-006, 0.427200389, 0.90415697, -3.33037551e-005, 1.19234685e-005, 3.1200384e-005, 0.999999999, 0, 0, 0, 0, 0, 0, 0, 0.336752222, -0.135056616, -0.169692847, -0.373585723, 0.668882451, -0.642667788, -0.911865234, -0.138183594, 0.386230469, 0.169537763, 0.730406047, 0.661783632, 0, 0, -0, 0, 0, 0, 0, 0.371665332, -0.0989805176, -0.14305127, -0.122993247, 0.266989638, -0.955808976, 0.601318359, -0.74609375, -0.285766602, -0.789397494, -0.609832122, -0.0687919524, 0, 3, 1, 1, 
563.31492, 38, 0.1, 0.1, 0.001071068, 0.381908454, -0.0199691598, 0.904154691, -0.427205212, -3.29968503e-005, 0.427205213, 0.904154691, 2.39579606e-005, 1.95992913e-005, -3.57581289e-005, 0.999999999, 0.904155097, -0.427204354, -7.37244505e-006, 0.427204354, 0.904155097, 3.12772276e-005, -6.69593407e-006, -3.14290054e-005, 0.999999999, 0, 0, 0, 0, 0, 0, 0, 0.336838257, -0.13606272, -0.169697339, -0.37641494, 0.671191206, -0.638510086, -0.91027832, -0.140014648, 0.389404297, 0.171963338, 0.727815721, 0.66384414, 0, 0, -0, 0, 0, 0, 0, 0.371665332, -0.0989805176, -0.14305127, -0.124858747, 0.266209823, -0.955706531, 0.602783203, -0.744750977, -0.286254883, -0.787997911, -0.611755224, -0.0674310151, 0, 3, 1, 1, 
563.315608, 38, 0.1, 0.1, 0.00107107061, 0.381908456, -0.0199688907, 0.904152844, -0.427209122, 2.28634165e-005, 0.427209122, 0.904152844, -1.76519521e-005, -1.31309481e-005, 2.57275228e-005, 1, 0.904153214, -0.42720834, -1.45263766e-006, 0.427208339, 0.904153214, -2.59580892e-005, 1.24029192e-005, 2.28495108e-005, 1, 0, 0, 0, 0, 0, 0, 0, 0.336838257, -0.13606272, -0.169697339, -0.37641494, 0.671191206, -0.638510086, -0.91027832, -0.140014648, 0.389404297, 0.171963338, 0.727815721, 0.66384414, 0, 0, -0, 0, 0, 0, 0, 0.372017822, -0.10018877, -0.142792627, -0.124858747, 0.266209823, -0.955706531, 0.602783203, -0.744750977, -0.286254883, -0.787997911, -0.611755224, -0.0674310151, 0, 3, 1, 1, 
563.316292, 38, 0.1, 0.1, 0.00107106817, 0.381908452, -0.0199689959, 0.904150997, -0.427213031, -2.78068072e-005, 0.427213032, 0.904150997, 3.03565282e-005, 1.2172848e-005, -3.93263156e-005, 0.999999999, 0.904151364, -0.427212255, -4.93196884e-006, 0.427212255, 0.904151363, 3.7569383e-005, -1.15908545e-005, -3.60754064e-005, 0.999999999, 0, 0, 0, 0, 0, 0, 0, 0.336838257, -0.13606272, -0.169697339, -0.37641494, 0.671191206, -0.638510086, -0.91027832, -0.140014648, 0.389404297, 0.171963338, 0.727815721, 0.66384414, 0, 0, -0, 0, 0, 0, 0, 0.372017822, -0.10018877, -0.142792627, -0.124858747, 0.266209823, -0.955706531, 0.602783203, -0.744750977, -0.286254883, -0.787997911, -0.611755224, -0.0674310151, 0, 3, 1, 1, 
563.316981, 38, 0.1, 0.1, 0.00107106994, 0.381908454, -0.0199693866, 0.904149131, -0.42721698, 2.59804909e-005, 0.427216981, 0.904149131, -1.91688945e-005, -1.5300961e-005, 2.84308462e-005, 0.999999999, 0.904149501, -0.427216197, 2.52347363e-006, 0.427216197, 0.904149501, -2.5576932e-005, 8.64528221e-006, 2.42034391e-005, 1, 0, 0, 0, 0, 0, 0, 0, 0.336838257, -0.13606272, -0.169697339, -0.37641494, 0.671191206, -0.638510086, -0.91027832, -0.140014648, 0.389404297, 0.171963338, 0.727815721, 0.66384414, 0, 0, -0, 0, 0, 0, 0, 0.372017822, -0.10018877, -0.142792627, -0.124858747, 0.266209823, -0.955706531, 0.602783203, -0.744750977, -0.286254883, -0.787997911, -0.611755224, -0.0674310151, 0, 3, 1, 1, 
563.317666, 38, 0.1, 0.1, 0.00107106693, 0.381908451, -0.019969967, 0.904147279, -0.4272209, -2.45213947e-005, 0.4272209, 0.904147279, 2.10991862e-005, 1.31569389e-005, -2.95528241e-005, 0.999999999, 0.904147648, -0.427220119, -1.78556733e-006, 0.427220119, 0.904147648, 2.91160095e-005, -1.08245286e-005, -2.70880018e-005, 1, 0, 0, 0, 0, 0, 0, 0, 0.336838257, -0.13606272, -0.169697339, -0.37641494, 0.671191206, -0.638510086, -0.91027832, -0.140014648, 0.389404297, 0.171963338, 0.727815721, 0.66384414, 0, 0, -0, 0, 0, 0, 0, 0.372017822, -0.10018877, -0.142792627, -0.124858747, 0.266209823, -0.955706531, 0.602783203, -0.744750977, -0.286254883, -0.787997911, -0.611755224, -0.0674310151, 0, 3, 1, 1, 
563.31835, 38, 0.1, 0.1, 0.00107106826, 0.381908454, -0.0199705744, 0.904145436, -0.427224799, 2.62346741e-005, 0.4272248, 0.904145436, -2.59917134e-005, -1.26156563e-005, 3.47083925e-005, 0.999999999, 0.904145802, -0.427224026, 3.99869052e-006, 0.427224026, 0.904145802, -3.24383411e-005, 1.02430395e-005, 3.10373266e-005, 0.999999999, 0, 0, 0, 0, 0, 0, 0, 0.336838257, -0.13606272, -0.169697339, -0.37641494, 0.671191206, -0.638510086, -0.91027832, -0.140014648, 0.389404297, 0.171963338, 0.727815721, 0.66384414, 0, 0, -0, 0, 0, 0, 0, 0.372017822, -0.10018877, -0.142792627, -0.124858747, 0.266209823, -0.955706531, 0.602783203, -0.744750977, -0.286254883, -0.787997911, -0.611755224, -0.0674310151, 0, 3, 1, 1, 
563.319032, 38, 0.1, 0.1, 0.00107106514, 0.381908452, -0.0199710484, 0.904143604, -0.427228678, -2.20372514e-005, 0.427228679, 0.904143603, 1.82793e-005, 1.21153987e-005, -2.5942058e-005, 1, 0.904143968, -0.427227908, -3.89568862e-007, 0.427227908, 0.904143967, 2.46775607e-005, -1.01907163e-005, -2.24785024e-005, 1, 0, 0, 0, 0, 0, 0, 0, 0.336838257, -0.13606272, -0.169697339, -0.37641494, 0.671191206, -0.638510086, -0.91027832, -0.140014648, 0.389404297, 0.171963338, 0.727815721, 0.66384414, 0, 0, -0, 0, 0, 0, 0, 0.372017822, -0.10018877, -0.142792627, -0.124858747, 0.266209823, -0.955706531, 0.602783203, -0.744750977, -0.286254883, -0.787997911, -0.611755224, -0.0674310151, 0, 3, 1, 1, 
563.319732, 38, 0.1, 0.1, 0.00107106585, 0.381908455, -0.0199711687, 0.904141737, -0.427232628, 2.95927824e-005, 0.427232629, 0.904141737, -2.17604641e-005, -1.74592894e-005, 3.2317546e-005, 0.999999999, 0.904142103, -0.427231854, 7.70208194e-006, 0.427231854, 0.904142103, -2.93514569e-005, 5.5761008e-006, 2.98284628e-005, 1, 0, 0, 0, 0, 0, 0, 0, 0.336697632, -0.137056616, -0.169686938, -0.379326533, 0.673741096, -0.634073057, -0.908569336, -0.141845703, 0.392700195, 0.174649144, 0.725187203, 0.66610759, 0, 0, -0, 0, 0, 0, 0, 0.372017822, -0.10018877, -0.142792627, -0.124858747, 0.266209823, -0.955706531, 0.602783203, -0.744750977, -0.286254883, -0.787997911, -0.611755224, -0.0674310151, 0, 3, 1, 1, 
563.320431, 38, 0.1, 0.1, 0.00107106221, 0.381908452, -0.0199707192, 0.904139878, -0.427236562, -2.19129308e-005, 0.427236563, 0.904139878, 2.32641669e-005, 9.87305189e-006, -3.03960663e-005, 0.999999999, 0.904140244, -0.427235788, 8.36836074e-007, 0.427235788, 0.904140244, 3.02959131e-005, -1.37001155e-005, -2.7034228e-005, 1, 0, 0, 0, 0, 0, 0, 0, 0.336697632, -0.137056616, -0.169686938, -0.379326533, 0.673741096, -0.634073057, -0.908569336, -0.141845703, 0.392700195, 0.174649144, 0.725187203, 0.66610759, 0, 0, -0, 0, 0, 0, 0, 0.372337354, -0.101159131, -0.142529102, -0.127395055, 0.265870771, -0.955457165, 0.604736328, -0.742675781, -0.287353516, -0.786055119, -0.614368457, -0.0663001213, 0, 3, 1, 1, 
563.321115, 38, 0.1, 0.1, 0.00107106336, 0.381908455, -0.0199701252, 0.904138054, -0.427240422, 2.65840358e-005, 0.427240422, 0.904138054, -2.20351305e-005, -1.462134e-005, 3.12805747e-005, 0.999999999, 0.904138417, -0.427239656, 4.65488334e-006, 0.427239656, 0.904138416, -2.88522088e-005, 8.11814888e-006, 2.80751411e-005, 1, 0, 0, 0, 0, 0, 0, 0, 0.336697632, -0.137056616, -0.169686938, -0.379326533, 0.673741096, -0.634073057, -0.908569336, -0.141845703, 0.392700195, 0.174649144, 0.725187203, 0.66610759, 0, 0, -0, 0, 0, 0, 0, 0.372337354, -0.101159131, -0.142529102, -0.127395055, 0.265870771, -0.955457165, 0.604736328, -0.742675781, -0.287353516, -0.786055119, -0.614368457, -0.0663001213, 0, 3, 1, 1, 
563.321798, 38, 0.1, 0.1, 0.00107106098, 0.381908453, -0.0199695996, 0.904136245, -0.427244252, -2.91058734e-005, 0.427244252, 0.904136244, 1.98442924e-005, 1.78373152e-005, -3.03772611e-005, 0.999999999, 0.904136604, -0.427243491, -5.66651002e-006, 0.427243491, 0.904136604, 2.76266513e-005, -6.6800078e-006, -2.73992462e-005, 1, 0, 0, 0, 0, 0, 0, 0, 0.336697632, -0.137056616, -0.169686938, -0.379326533, 0.673741096, -0.634073057, -0.908569336, -0.141845703, 0.392700195, 0.174649144, 0.725187203, 0.66610759, 0, 0, -0, 0, 0, 0, 0, 0.372337354, -0.101159131, -0.142529102, -0.127395055, 0.265870771, -0.955457165, 0.604736328, -0.742675781, -0.287353516, -0.786055119, -0.614368457, -0.0663001213, 0, 3, 1, 1, 
563.322482, 38, 0.1, 0.1, 0.00107106334, 0.381908456, -0.0199692883, 0.904134426, -0.427248101, 2.23634542e-005, 0.427248101, 0.904134425, -2.5893051e-005, -9.15681192e-006, 3.29655421e-005, 0.999999999, 0.904134791, -0.427247329, -8.46768912e-007, 0.427247329, 0.90413479, -3.33295449e-005, 1.50055523e-005, 2.97726214e-005, 0.999999999, 0, 0, 0, 0, 0, 0, 0, 0.336697632, -0.137056616, -0.169686938, -0.379326533, 0.673741096, -0.634073057, -0.908569336, -0.141845703, 0.392700195, 0.174649144, 0.725187203, 0.66610759, 0, 0, -0, 0, 0, 0, 0, 0.372337354, -0.101159131, -0.142529102, -0.127395055, 0.265870771, -0.955457165, 0.604736328, -0.742675781, -0.287353516, -0.786055119, -0.614368457, -0.0663001213, 0, 3, 1, 1, 
563.32316, 38, 0.1, 0.1, 0.00107106133, 0.381908454, -0.0199693137, 0.904132616, -0.42725193, -2.94440906e-005, 0.427251931, 0.904132616, 2.18100438e-005, 1.73029793e-005, -3.22992165e-005, 0.999999999, 0.904132981, -0.427251158, -6.40885785e-006, 0.427251158, 0.904132981, 2.84132763e-005, -6.34514545e-006, -2.84275722e-005, 1, 0, 0, 0, 0, 0, 0, 0, 0.336697632, -0.137056616, -0.169686938, -0.379326533, 0.673741096, -0.634073057, -0.908569336, -0.141845703, 0.392700195, 0.174649144, 0.725187203, 0.66610759, 0, 0, -0, 0, 0, 0, 0, 0.372337354, -0.101159131, -0.142529102, -0.127395055, 0.265870771, -0.955457165, 0.604736328, -0.742675781, -0.287353516, -0.786055119, -0.614368457, -0.0663001213, 0, 3, 1, 1, 
563.32384, 38, 0.1, 0.1, 0.00107106342, 0.381908456, -0.019969641, 0.904130802, -0.427255768, 2.43331567e-005, 0.427255769, 0.904130802, -1.93365133e-005, -1.37387197e-005, 2.78792188e-005, 1, 0.904131168, -0.427254996, 7.6668112e-007, 0.427254995, 0.904131168, -2.72801074e-005, 1.09623819e-005, 2.49923637e-005, 1, 0, 0, 0, 0, 0, 0, 0, 0.336697632, -0.137056616, -0.169686938, -0.379326533, 0.673741096, -0.634073057, -0.908569336, -0.141845703, 0.392700195, 0.174649144, 0.725187203, 0.66610759, 0, 0, -0, 0, 0, 0, 0, 0.372337354, -0.101159131, -0.142529102, -0.127395055, 0.265870771, -0.955457165, 0.604736328, -0.742675781, -0.287353516, -0.786055119, -0.614368457, -0.0663001213, 0, 3, 1, 1, 
