time, trialNum, realDorsalTactorPos, realVentralTactorPos, boxPosX, boxPosY, boxPosZ, boxLocalRot_11, boxLocalRot_12, boxLocalRot_13, boxLocalRot_21, boxLocalRot_22, boxLocalRot_23, boxLocalRot_31, boxLocalRot_32, boxLocalRot_33, boxGlobalRot_11, boxGlobalRot_12, boxGlobalRot_13, boxGlobalRot_21, boxGlobalRot_22, boxGlobalRot_23, boxGlobalRot_31, boxGlobalRot_32, boxGlobalRot_33, indexForceX, indexForceY, indexForceZ, indexForceGlobalX, indexForceGlobalY, indexForceGlobalZ, indexContact, indexPosX, indexPosY, indexPosZ, indexRot_11, indexRot_12, indexRot_13, indexRot_21, indexRot_22, indexRot_23, indexRot_31, indexRot_32, indexRot_33, thumbForceX, thumbForceY, thumbForceZ, thumbForceGlobalX, thumbForceGlobalY, thumbForceGlobalZ, thumbContact, thumbPosX, thumbPosY, thumbPosZ, thumbRot_11, thumbRot_12, thumbRot_13, thumbRot_21, thumbRot_22, thumbRot_23, thumbRot_31, thumbRot_32, thumbRot_33, manipForceTooHigh, cceExpType, mapping, trialSuccess, 
475.181194, 71, 0.1, 0.1, 0.225, -0.115000016, -0.0199821153, 0.707106781, -0.707106781, 6.36994187e-015, 0.70710678, 0.70710678, 5.64003829e-005, -3.98810932e-005, -3.98810932e-005, 0.999999998, 0.707106781, -0.707106781, 0, 0.707106781, 0.707106781, 0, 0, 0, 1, 0, 0, 0, 0, 0, 0, 0, 0.212857568, -0.121456226, -0.159002759, -0.661571966, 0.405273672, -0.630826432, -0.658691406, 0.0877685547, 0.747314453, 0.358269763, 0.909962583, 0.209044769, 0, 0, 0, 0, 0, 0, 0, 0.276947266, -0.0619475586, -0.138303369, -0.322890676, 0.517297183, -0.792482946, 0.412475586, -0.676635742, -0.609741211, -0.851771854, -0.523748039, 0.00520417989, 1, 3, 5, 0, 
475.182011, 71, 0.1, 0.1, 0.225, -0.115000015, -0.0199651263, 0.70710678, -0.707106783, 2.77284883e-007, 0.707106781, 0.707106778, -6.64609952e-005, 4.67989505e-005, 4.71910903e-005, 0.999999998, 0.707106779, -0.707106783, 3.12280715e-007, 0.707106782, 0.707106779, -4.17424099e-005, 2.92955253e-005, 2.97371568e-005, 0.999999999, 0, 0, 0, 0, 0, 0, 0, 0.229740161, -0.129676172, -0.151936206, -0.661571966, 0.405273672, -0.630826432, -0.658691406, 0.0877685547, 0.747314453, 0.358269763, 0.909962583, 0.209044769, 0, 0, 0, 0, 0, 0, 0, 0.292387256, -0.069446582, -0.131804932, -0.322890676, 0.517297183, -0.792482946, 0.412475586, -0.676635742, -0.609741211, -0.851771854, -0.523748039, 0.00520417989, 1, 3, 5, 0, 
475.182796, 71, 0.1, 0.1, 0.225, -0.115000015, -0.0199507855, 0.707106783, -0.70710678, 6.41066362e-007, 0.707106777, 0.70710678, 8.08801562e-005, -5.76442092e-005, -5.67376047e-005, 0.999999997, 0.707106783, -0.707106779, 7.48464135e-007, 0.707106779, 0.707106782, 4.65930402e-005, -3.34754986e-005, -3.24170107e-005, 0.999999999, 0, 0, 0, 0, 0, 0, 0, 0.229740161, -0.129676172, -0.151936206, -0.661571966, 0.405273672, -0.630826432, -0.658691406, 0.0877685547, 0.747314453, 0.358269763, 0.909962583, 0.209044769, 0, 0, 0, 0, 0, 0, 0, 0.292387256, -0.069446582, -0.131804932, -0.322890676, 0.517297183, -0.792482946, 0.412475586, -0.676635742, -0.609741211, -0.851771854, -0.523748039, 0.00520417989, 1, 3, 5, 0, 
475.183575, 71, 0.1, 0.1, 0.225, -0.115000015, -0.0199428711, 0.70710678, -0.707106783, 9.06960758e-007, 0.707106779, 0.707106776, -9.83929452e-005, 6.89330008e-005, 7.02156367e-005, 0.999999995, 0.707106779, -0.707106783, 1.05890149e-006, 0.707106782, 0.707106778, -5.56638452e-005, 3.86115261e-005, 4.01090387e-005, 0.999999998, 0, 0, 0, 0, 0, 0, 0, 0.229740161, -0.129676172, -0.151936206, -0.661571966, 0.405273672, -0.630826432, -0.658691406, 0.0877685547, 0.747314453, 0.358269763, 0.909962583, 0.209044769, 0, 0, 0, 0, 0, 0, 0, 0.292387256, -0.069446582, -0.131804932, -0.322890676, 0.517297183, -0.792482946, 0.412475586, -0.676635742, -0.609741211, -0.851771854, -0.523748039, 0.00520417989, 1, 3, 5, 0, 
475.184391, 71, 0.1, 0.1, 0.225, -0.115000008, -0.0199425471, 0.707106785, -0.707106778, 1.61335643e-006, 0.707106776, 0.707106783, 7.616767e-005, -5.4999491e-005, -5.27178609e-005, 0.999999997, 0.707106785, -0.707106778, 1.41827544e-006, 0.707106777, 0.707106784, 3.26947785e-005, -2.41215717e-005, -2.21158275e-005, 0.999999999, 0, 0, 0, 0, 0, 0, 0, 0.231313208, -0.128914917, -0.152039697, -0.665376201, 0.402590109, -0.628616905, -0.658203125, 0.0808105469, 0.748413086, 0.35219833, 0.911747128, 0.211290245, 0, 0, 0, 0, 0, 0, 0, 0.293459521, -0.0696304199, -0.131183545, -0.324212967, 0.515552351, -0.793038914, 0.415649414, -0.675415039, -0.609008789, -0.849701463, -0.526999996, 0.00465477438, 1, 3, 5, 0, 
475.185178, 71, 0.1, 0.1, 0.225, -0.115000011, -0.0199498584, 0.707106767, -0.707106795, -2.56048896e-006, 0.707106793, 0.707106765, -7.22340016e-005, 5.28876924e-005, 4.92666122e-005, 0.999999997, 0.707106772, -0.707106791, -2.67751377e-006, 0.70710679, 0.707106771, -3.35317289e-005, 2.56038014e-005, 2.18172244e-005, 0.999999999, 0, 0, 0, 0, 0, 0, 0, 0.231313208, -0.128914917, -0.152039697, -0.665376201, 0.402590109, -0.628616905, -0.658203125, 0.0808105469, 0.748413086, 0.35219833, 0.911747128, 0.211290245, 0, 0, 0, 0, 0, 0, 0, 0.293459521, -0.0696304199, -0.131183545, -0.324212967, 0.515552351, -0.793038914, 0.415649414, -0.675415039, -0.609008789, -0.849701463, -0.526999996, 0.00465477438, 1, 3, 5, 0, 
475.185966, 71, 0.1, 0.1, 0.225, -0.115000005, -0.0199615158, 0.707106726, -0.707106837, 2.70503233e-006, 0.707106836, 0.707106725, 4.11799445e-005, -3.10313668e-005, -2.72058688e-005, 0.999999999, 0.707106734, -0.707106828, 2.44272525e-006, 0.707106828, 0.707106734, 1.0376737e-005, -9.06472909e-006, -5.61019294e-006, 1, 0, 0, 0, 0, 0, 0, 0, 0.231313208, -0.128914917, -0.152039697, -0.665376201, 0.402590109, -0.628616905, -0.658203125, 0.0808105469, 0.748413086, 0.35219833, 0.911747128, 0.211290245, 0, 0, 0, 0, 0, 0, 0, 0.293459521, -0.0696304199, -0.131183545, -0.324212967, 0.515552351, -0.793038914, 0.415649414, -0.675415039, -0.609008789, -0.849701463, -0.526999996, 0.00465477438, 1, 3, 5, 0, 
475.186754, 71, 0.1, 0.1, 0.225, -0.115000008, -0.019973308, 0.707106671, -0.707106891, -2.7223067e-006, 0.707106891, 0.707106671, -2.92981409e-005, 2.26418785e-005, 1.8791949e-005, 1, 0.707106682, -0.70710688, -1.6607455e-006, 0.70710688, 0.707106682, -8.43027239e-006, 7.13542784e-006, 4.78677737e-006, 1, 0, 0, 0, 0, 0, 0, 0, 0.231313208, -0.128914917, -0.152039697, -0.665376201, 0.402590109, -0.628616905, -0.658203125, 0.0808105469, 0.748413086, 0.35219833, 0.911747128, 0.211290245, 0, 0, 0, 0, 0, 0, 0, 0.293459521, -0.0696304199, -0.131183545, -0.324212967, 0.515552351, -0.793038914, 0.415649414, -0.675415039, -0.609008789, -0.849701463, -0.526999996, 0.00465477438, 1, 3, 5, 0, 
475.187534, 71, 0.1, 0.1, 0.225000001, -0.115000006, -0.0199813064, 0.70710662, -0.707106942, -1.1702138e-006, 0.707106942, 0.70710662, 2.1721919e-005, -1.45322538e-005, -1.6187179e-005, 1, 0.707106629, -0.707106933, -1.99763685e-006, 0.707106933, 0.707106629, 7.52208065e-006, -3.90637312e-006, -6.73145596e-006, 1, 0, 0, 0, 0, 0, 0, 0, 0.231313208, -0.128914917, -0.152039697, -0.665376201, 0.402590109, -0.628616905, -0.658203125, 0.0808105469, 0.748413086, 0.35219833, 0.911747128, 0.211290245, 0, 0, 0, 0, 0, 0, 0, 0.293459521, -0.0696304199, -0.131183545, -0.324212967, 0.515552351, -0.793038914, 0.415649414, -0.675415039, -0.609008789, -0.849701463, -0.526999996, 0.00465477438, 1, 3, 5, 0, 
475.188318, 71, 0.1, 0.1, 0.225, -0.115000007, -0.0199836164, 0.707106591, -0.707106971, 3.71372692e-006, 0.707106971, 0.707106591, -1.96690793e-005, 1.12821423e-005, 1.65341378e-005, 1, 0.707106596, -0.707106966, 3.14740972e-006, 0.707106966, 0.707106596, -8.82715723e-006, 4.0161902e-006, 8.46729644e-006, 1, 0, 0, 0, 0, 0, 0, 0, 0.231313208, -0.128914917, -0.152039697, -0.665376201, 0.402590109, -0.628616905, -0.658203125, 0.0808105469, 0.748413086, 0.35219833, 0.911747128, 0.211290245, 0, 0, 0, 0, 0, 0, 0, 0.293459521, -0.0696304199, -0.131183545, -0.324212967, 0.515552351, -0.793038914, 0.415649414, -0.675415039, -0.609008789, -0.849701463, -0.526999996, 0.00465477438, 1, 3, 5, 0, 
475.18913, 71, 0.1, 0.1, 0.225, -0.115000007, -0.0199795026, 0.707106528, -0.707107034, -1.54027961e-005, 0.707107034, 0.707106528, 2.10053607e-005, -3.96162066e-006, -2.57444532e-005, 1, 0.707106557, -0.707107005, -6.44339892e-006, 0.707107005, 0.707106557, 1.70894317e-005, -7.52788722e-006, -1.66402217e-005, 1, 0, 0, 0, 0, 0, 0, 0, 0.232575024, -0.128963135, -0.151995142, -0.666716669, 0.401600483, -0.627848195, -0.658325195, 0.0772705078, 0.748657227, 0.349197249, 0.912521829, 0.213022373, 0, 0, 0, 0, 0, 0, 0, 0.294592822, -0.070220459, -0.13058877, -0.324340565, 0.514056886, -0.793946328, 0.41809082, -0.674926758, -0.607910156, -0.848487447, -0.529121059, 0.00394568781, 1, 3, 5, 0, 
475.189912, 71, 0.1, 0.1, 0.225, -0.115000007, -0.0199713001, 0.707106286, -0.707107275, 3.96252981e-005, 0.707107276, 0.707106286, -1.40210338e-005, -1.81049223e-005, 3.79336977e-005, 0.999999999, 0.707106336, -0.707107226, 2.60582662e-005, 0.707107227, 0.707106336, -7.96977264e-006, -1.27904813e-005, 2.40614651e-005, 1, 0, 0, 0, 0, 0, 0, 0, 0.232575024, -0.128963135, -0.151995142, -0.666716669, 0.401600483, -0.627848195, -0.658325195, 0.0772705078, 0.748657227, 0.349197249, 0.912521829, 0.213022373, 0, 0, 0, 0, 0, 0, 0, 0.294592822, -0.070220459, -0.13058877, -0.324340565, 0.514056886, -0.793946328, 0.41809082, -0.674926758, -0.607910156, -0.848487447, -0.529121059, 0.00394568781, 1, 3, 5, 0, 
475.190703, 71, 0.1, 0.1, 0.225, -0.115000007, -0.0199620974, 0.707106177, -0.707107385, -3.42848303e-005, 0.707107386, 0.707106176, 3.16429503e-005, 1.86805138e-006, -4.66179823e-005, 0.999999999, 0.707106192, -0.70710737, -1.73701308e-005, 0.70710737, 0.707106192, 2.0533095e-005, -2.23657577e-006, -2.68016261e-005, 1, 0, 0, 0, 0, 0, 0, 0, 0.232575024, -0.128963135, -0.151995142, -0.666716669, 0.401600483, -0.627848195, -0.658325195, 0.0772705078, 0.748657227, 0.349197249, 0.912521829, 0.213022373, 0, 0, 0, 0, 0, 0, 0, 0.294592822, -0.070220459, -0.13058877, -0.324340565, 0.514056886, -0.793946328, 0.41809082, -0.674926758, -0.607910156, -0.848487447, -0.529121059, 0.00394568781, 1, 3, 5, 0, 
475.191516, 71, 0.1, 0.1, 0.225000001, -0.115000006, -0.0199544904, 0.707106107, -0.707107455, 3.40811907e-005, 0.707107456, 0.707106105, -4.60736525e-005, 8.48000511e-006, 5.66780251e-005, 0.999999998, 0.707106158, -0.707107404, 9.17879383e-006, 0.707107404, 0.707106158, -3.92724622e-005, 2.12794672e-005, 3.42601929e-005, 0.999999999, 0, 0, 0, 0, 0, 0, 0, 0.233893726, -0.129212866, -0.151545483, -0.666978022, 0.401054933, -0.627904361, -0.659423828, 0.0743408203, 0.748046875, 0.346766805, 0.912979012, 0.215008739, 0, 0, 0, 0, 0, 0, 0, 0.29512876, -0.0705557617, -0.130538477, -0.326825833, 0.513059787, -0.79358832, 0.419189453, -0.673950195, -0.608276367, -0.847030262, -0.531312484, 0.00521074308, 1, 3, 5, 0, 
475.192308, 71, 0.1, 0.1, 0.224999999, -0.115000006, -0.0199512376, 0.707105518, -0.707108041, -6.73864501e-005, 0.707108043, 0.707105519, 1.24968392e-005, 3.88127153e-005, -5.64860848e-005, 0.999999998, 0.707105694, -0.707107868, -2.07199965e-005, 0.707107868, 0.707105694, 2.16028286e-005, -6.24302613e-007, -2.99267557e-005, 1, 0, 0, 0, 0, 0, 0, 0, 0.233893726, -0.129212866, -0.151545483, -0.666978022, 0.401054933, -0.627904361, -0.659423828, 0.0743408203, 0.748046875, 0.346766805, 0.912979012, 0.215008739, 0, 0, 0, 0, 0, 0, 0, 0.29512876, -0.0705557617, -0.130538477, -0.326825833, 0.513059787, -0.79358832, 0.419189453, -0.673950195, -0.608276367, -0.847030262, -0.531312484, 0.00521074308, 1, 3, 5, 0, 
475.193099, 71, 0.1, 0.1, 0.225000006, -0.115000004, -0.0199529521, 0.707104513, -0.707109047, 5.37430563e-005, 0.707109049, 0.707104514, -7.13030963e-006, -3.29600512e-005, 4.30440755e-005, 0.999999999, 0.707104761, -0.707108801, 3.1414141e-006, 0.707108801, 0.707104761, -2.3607987e-005, 1.44721066e-005, 1.89146416e-005, 1, 0, 0, 0, 0, 0, 0, 0, 0.233893726, -0.129212866, -0.151545483, -0.666978022, 0.401054933, -0.627904361, -0.659423828, 0.0743408203, 0.748046875, 0.346766805, 0.912979012, 0.215008739, 0, 0, 0, 0, 0, 0, 0, 0.29512876, -0.0705557617, -0.130538477, -0.326825833, 0.513059787, -0.79358832, 0.419189453, -0.673950195, -0.608276367, -0.847030262, -0.531312484, 0.00521074308, 1, 3, 5, 0, 
475.19397, 71, 0.1, 0.1, 0.224999998, -0.115000012, -0.019958909, 0.707102944, -0.707110616, -4.5184425e-005, 0.707110618, 0.707102944, 3.34622727e-005, 8.28851163e-006, -5.56116582e-005, 0.999999998, 0.70710338, -0.707110183, 8.18966805e-006, 0.707110182, 0.707103379, 4.79270932e-005, -3.96806776e-005, -2.80984119e-005, 0.999999999, 0, 0, 0, 0, 0, 0, 0, 0.233893726, -0.129212866, -0.151545483, -0.666978022, 0.401054933, -0.627904361, -0.659423828, 0.0743408203, 0.748046875, 0.346766805, 0.912979012, 0.215008739, 0, 0, 0, 0, 0, 0, 0, 0.29512876, -0.0705557617, -0.130538477, -0.326825833, 0.513059787, -0.79358832, 0.419189453, -0.673950195, -0.608276367, -0.847030262, -0.531312484, 0.00521074308, 1, 3, 5, 0, 
475.194828, 71, 0.1, 0.1, 0.225000007, -0.115000011, -0.019964811, 0.707101021, -0.707112541, 2.97693203e-005, 0.707112541, 0.707101021, -1.14711084e-005, -1.29385522e-005, 2.91614922e-005, 0.999999999, 0.707101401, -0.707112161, -6.77755368e-006, 0.707112161, 0.707101401, -1.84583795e-005, 1.78445623e-005, 8.2594554e-006, 1, 0, 0, 0, 0, 0, 0, 0, 0.233893726, -0.129212866, -0.151545483, -0.666978022, 0.401054933, -0.627904361, -0.659423828, 0.0743408203, 0.748046875, 0.346766805, 0.912979012, 0.215008739, 0, 0, 0, 0, 0, 0, 0, 0.29512876, -0.0705557617, -0.130538477, -0.326825833, 0.513059787, -0.79358832, 0.419189453, -0.673950195, -0.608276367, -0.847030262, -0.531312484, 0.00521074308, 1, 3, 5, 0, 
475.195615, 71, 0.1, 0.1, 0.225000002, -0.115000012, -0.0199699619, 0.707099116, -0.707114446, -2.57580154e-005, 0.707114446, 0.707099116, 5.6564938e-006, 1.42136815e-005, -2.22135666e-005, 1, 0.707099511, -0.707114051, 3.52976241e-006, 0.707114051, 0.707099511, 1.52867556e-005, -1.3305373e-005, -8.31331284e-006, 1, 0, 0, 0, 0, 0, 0, 0, 0.233893726, -0.129212866, -0.151545483, -0.666978022, 0.401054933, -0.627904361, -0.659423828, 0.0743408203, 0.748046875, 0.346766805, 0.912979012, 0.215008739, 0, 0, 0, 0, 0, 0, 0, 0.29512876, -0.0705557617, -0.130538477, -0.326825833, 0.513059787, -0.79358832, 0.419189453, -0.673950195, -0.608276367, -0.847030262, -0.531312484, 0.00521074308, 1, 3, 5, 0, 
475.196432, 71, 0.1, 0.1, 0.225000005, -0.115000008, -0.0199730908, 0.707097059, -0.707116502, 3.26731215e-005, 0.707116503, 0.707097059, -1.97332832e-005, -9.1493379e-006, 3.70570499e-005, 0.999999999, 0.707097467, -0.707116095, 6.03646088e-006, 0.707116095, 0.707097467, -2.73124554e-005, 1.50447106e-005, 2.35810467e-005, 1, 0, 0, 0, 0, 0, 0, 0, 0.234825757, -0.130261206, -0.15108606, -0.666354967, 0.402425359, -0.627619043, -0.658813477, 0.0762939453, 0.748413086, 0.349139961, 0.91226759, 0.214469182, 0, 0, 0, 0, 0, 0, 0, 0.296437451, -0.0707676758, -0.130156689, -0.327879802, 0.510791069, -0.794572292, 0.42199707, -0.673339844, -0.606933594, -0.845177155, -0.534251276, 0.00523006611, 1, 3, 5, 0, 
475.197222, 71, 0.1, 0.1, 0.225000001, -0.115000009, -0.0199733224, 0.707095013, -0.707118549, -2.69910185e-005, 0.707118549, 0.707095013, 6.74602013e-006, 1.43149786e-005, -2.3855927e-005, 1, 0.70709543, -0.707118132, -6.10910735e-007, 0.707118132, 0.70709543, 1.27195888e-005, -8.56227969e-006, -9.42594917e-006, 1, 0, 0, 0, 0, 0, 0, 0, 0.234825757, -0.130261206, -0.15108606, -0.666354967, 0.402425359, -0.627619043, -0.658813477, 0.0762939453, 0.748413086, 0.349139961, 0.91226759, 0.214469182, 0, 0, 0, 0, 0, 0, 0, 0.296437451, -0.0707676758, -0.130156689, -0.327879802, 0.510791069, -0.794572292, 0.42199707, -0.673339844, -0.606933594, -0.845177155, -0.534251276, 0.00523006611, 1, 3, 5, 0, 
475.198013, 71, 0.1, 0.1, 0.225000003, -0.115000007, -0.0199709593, 0.707092942, -0.707120619, 3.87735143e-005, 0.707120619, 0.707092943, -6.1214269e-006, -2.30878912e-005, 3.17459692e-005, 0.999999999, 0.707093366, -0.707120196, 1.04083466e-005, 0.707120196, 0.707093366, -1.61081482e-005, 4.03072407e-006, 1.87499168e-005, 1, 0, 0, 0, 0, 0, 0, 0, 0.234825757, -0.130261206, -0.15108606, -0.666354967, 0.402425359, -0.627619043, -0.658813477, 0.0762939453, 0.748413086, 0.349139961, 0.91226759, 0.214469182, 0, 0, 0, 0, 0, 0, 0, 0.296437451, -0.0707676758, -0.130156689, -0.327879802, 0.510791069, -0.794572292, 0.42199707, -0.673339844, -0.606933594, -0.845177155, -0.534251276, 0.00523006611, 1, 3, 5, 0, 
475.198808, 71, 0.1, 0.1, 0.225, -0.115000011, -0.019966922, 0.707090805, -0.707122756, -4.28893776e-005, 0.707122757, 0.707090805, 1.6600305e-005, 1.85882311e-005, -4.2065978e-005, 0.999999999, 0.707091244, -0.707122318, -9.81219321e-006, 0.707122318, 0.707091243, 2.70487329e-005, -1.21886468e-005, -2.6064343e-005, 1, 0, 0, 0, 0, 0, 0, 0, 0.234825757, -0.130261206, -0.15108606, -0.666354967, 0.402425359, -0.627619043, -0.658813477, 0.0762939453, 0.748413086, 0.349139961, 0.91226759, 0.214469182, 0, 0, 0, 0, 0, 0, 0, 0.296437451, -0.0707676758, -0.130156689, -0.327879802, 0.510791069, -0.794572292, 0.42199707, -0.673339844, -0.606933594, -0.845177155, -0.534251276, 0.00523006611, 1, 3, 5, 0, 
475.199595, 71, 0.1, 0.1, 0.225000004, -0.115000008, -0.0199627502, 0.707088575, -0.707124985, 4.47563514e-005, 0.707124986, 0.707088576, -1.2993438e-005, -2.24587201e-005, 4.0835846e-005, 0.999999999, 0.70708904, -0.707124522, 7.86010031e-006, 0.707124522, 0.707089039, -2.34205759e-005, 1.10034727e-005, 2.21185022e-005, 1, 0, 0, 0, 0, 0, 0, 0, 0.234825757, -0.130261206, -0.15108606, -0.666354967, 0.402425359, -0.627619043, -0.658813477, 0.0762939453, 0.748413086, 0.349139961, 0.91226759, 0.214469182, 0, 0, 0, 0, 0, 0, 0, 0.296437451, -0.0707676758, -0.130156689, -0.327879802, 0.510791069, -0.794572292, 0.42199707, -0.673339844, -0.606933594, -0.845177155, -0.534251276, 0.00523006611, 1, 3, 5, 0, 
475.200382, 71, 0.1, 0.1, 0.224999999, -0.115000011, -0.019959858, 0.70708622, -0.70712734, -4.96822361e-005, 0.707127341, 0.70708622, 1.45464699e-005, 2.4843418e-005, -4.54172759e-005, 0.999999999, 0.707086716, -0.707126846, -9.31360569e-006, 0.707126846, 0.707086715, 2.66592978e-005, -1.22659783e-005, -2.5436336e-005, 1, 0, 0, 0, 0, 0, 0, 0, 0.234825757, -0.130261206, -0.15108606, -0.666354967, 0.402425359, -0.627619043, -0.658813477, 0.0762939453, 0.748413086, 0.349139961, 0.91226759, 0.214469182, 0, 0, 0, 0, 0, 0, 0, 0.296437451, -0.0707676758, -0.130156689, -0.327879802, 0.510791069, -0.794572292, 0.42199707, -0.673339844, -0.606933594, -0.845177155, -0.534251276, 0.00523006611, 1, 3, 5, 0, 
475.201206, 71, 0.1, 0.1, 0.225000005, -0.115000007, -0.0199586651, 0.707083591, -0.707129969, 4.86683987e-005, 0.707129971, 0.707083591, -2.15768662e-005, -1.91549773e-005, 4.96715314e-005, 0.999999999, 0.707084123, -0.707129439, 6.95466399e-006, 0.707129439, 0.707084122, -3.33643361e-005, 1.86753718e-005, 2.850924e-005, 0.999999999, 0, 0, 0, 0, 0, 0, 0, 0.235748389, -0.130880029, -0.150634814, -0.665865584, 0.403453177, -0.627517572, -0.658447266, 0.0772705078, 0.748535156, 0.350669146, 0.911734024, 0.214329518, 0, 0, 0, 0, 0, 0, 0, 0.297557568, -0.0711693848, -0.129794922, -0.328275723, 0.508822757, -0.795773549, 0.424560547, -0.672973633, -0.60546875, -0.843745855, -0.53654478, 0.00498106629, 1, 3, 5, 0, 
475.201995, 71, 0.1, 0.1, 0.224999999, -0.115000009, -0.0199597199, 0.707080928, -0.707132632, -4.29393357e-005, 0.707132633, 0.707080928, 1.26598345e-005, 2.14094032e-005, -3.9315333e-005, 0.999999999, 0.70708148, -0.707132082, -2.19629512e-006, 0.707132082, 0.707081479, 2.35441584e-005, -1.50958702e-005, -1.82007091e-005, 1, 0, 0, 0, 0, 0, 0, 0, 0.235748389, -0.130880029, -0.150634814, -0.665865584, 0.403453177, -0.627517572, -0.658447266, 0.0772705078, 0.748535156, 0.350669146, 0.911734024, 0.214329518, 0, 0, 0, 0, 0, 0, 0, 0.297557568, -0.0711693848, -0.129794922, -0.328275723, 0.508822757, -0.795773549, 0.424560547, -0.672973633, -0.60546875, -0.843745855, -0.53654478, 0.00498106629, 1, 3, 5, 0, 
475.202783, 71, 0.1, 0.1, 0.225000005, -0.115000006, -0.0199626495, 0.70707817, -0.70713539, 3.83131239e-005, 0.707135391, 0.70707817, -1.75209444e-005, -1.47006937e-005, 3.94812432e-005, 0.999999999, 0.707078744, -0.707134818, -9.39561734e-008, 0.707134817, 0.707078743, -2.81476486e-005, 1.99706167e-005, 1.98361643e-005, 1, 0, 0, 0, 0, 0, 0, 0, 0.235748389, -0.130880029, -0.150634814, -0.665865584, 0.403453177, -0.627517572, -0.658447266, 0.0772705078, 0.748535156, 0.350669146, 0.911734024, 0.214329518, 0, 0, 0, 0, 0, 0, 0, 0.297557568, -0.0711693848, -0.129794922, -0.328275723, 0.508822757, -0.795773549, 0.424560547, -0.672973633, -0.60546875, -0.843745855, -0.53654478, 0.00498106629, 1, 3, 5, 0, 
475.203586, 71, 0.1, 0.1, 0.225, -0.115000008, -0.0199662875, 0.707075293, -0.707138267, -3.46187819e-005, 0.707138267, 0.707075293, 1.45574868e-005, 1.41839294e-005, -3.47735047e-005, 0.999999999, 0.707075865, -0.707137696, -1.60968223e-006, 0.707137696, 0.707075864, 2.32684314e-005, -1.53158175e-005, -1.75908132e-005, 1, 0, 0, 0, 0, 0, 0, 0, 0.235748389, -0.130880029, -0.150634814, -0.665865584, 0.403453177, -0.627517572, -0.658447266, 0.0772705078, 0.748535156, 0.350669146, 0.911734024, 0.214329518, 0, 0, 0, 0, 0, 0, 0, 0.298702588, -0.0715793945, -0.12922334, -0.328307439, 0.506733044, -0.797057927, 0.427368164, -0.672851563, -0.603759766, -0.842276276, -0.538851044, 0.00435510185, 1, 3, 5, 0, 
475.204374, 71, 0.1, 0.1, 0.225000004, -0.115000006, -0.0199692521, 0.707072469, -0.707141091, 3.34927677e-005, 0.707141092, 0.707072469, -1.05148995e-005, -1.62462965e-005, 3.11189082e-005, 0.999999999, 0.707073035, -0.707140526, 2.81815384e-006, 0.707140526, 0.707073035, -1.89675184e-005, 1.14200603e-005, 1.54042516e-005, 1, 0, 0, 0, 0, 0, 0, 0, 0.235748389, -0.130880029, -0.150634814, -0.665865584, 0.403453177, -0.627517572, -0.658447266, 0.0772705078, 0.748535156, 0.350669146, 0.911734024, 0.214329518, 0, 0, 0, 0, 0, 0, 0, 0.298702588, -0.0715793945, -0.12922334, -0.328307439, 0.506733044, -0.797057927, 0.427368164, -0.672851563, -0.603759766, -0.842276276, -0.538851044, 0.00435510185, 1, 3, 5, 0, 
475.205163, 71, 0.1, 0.1, 0.224999999, -0.115000009, -0.0199707866, 0.707069662, -0.707143898, -2.87289342e-005, 0.707143898, 0.707069662, 1.34942404e-005, 1.0770988e-005, -2.98568585e-005, 0.999999999, 0.707070224, -0.707143336, -1.01480401e-007, 0.707143336, 0.707070224, 2.16686111e-005, -1.52510602e-005, -1.53929909e-005, 1, 0, 0, 0, 0, 0, 0, 0, 0.235748389, -0.130880029, -0.150634814, -0.665865584, 0.403453177, -0.627517572, -0.658447266, 0.0772705078, 0.748535156, 0.350669146, 0.911734024, 0.214329518, 0, 0, 0, 0, 0, 0, 0, 0.298702588, -0.0715793945, -0.12922334, -0.328307439, 0.506733044, -0.797057927, 0.427368164, -0.672851563, -0.603759766, -0.842276276, -0.538851044, 0.00435510185, 1, 3, 5, 0, 
475.205975, 71, 0.1, 0.1, 0.225000002, -0.115000007, -0.0199702961, 0.707066808, -0.707146751, 4.08938394e-005, 0.707146752, 0.707066809, -1.02457798e-005, -2.16694066e-005, 3.61623965e-005, 0.999999999, 0.70706737, -0.70714619, 1.16286833e-005, 0.70714619, 0.70706737, -1.87504378e-005, 5.03703816e-006, 2.14810018e-005, 1, 0, 0, 0, 0, 0, 0, 0, 0.236850928, -0.131292578, -0.150377637, -0.666195086, 0.40413839, -0.626832359, -0.657592773, 0.0780029297, 0.749267578, 0.351710069, 0.911378313, 0.213973807, 0, 0, 0, 0, 0, 0, 0, 0.298702588, -0.0715793945, -0.12922334, -0.328307439, 0.506733044, -0.797057927, 0.427368164, -0.672851563, -0.603759766, -0.842276276, -0.538851044, 0.00435510185, 1, 3, 5, 0, 
475.206762, 71, 0.1, 0.1, 0.224999997, -0.115000009, -0.019968169, 0.707064062, -0.707149497, -3.49455176e-005, 0.707149498, 0.707064062, 1.24557858e-005, 1.59006169e-005, -3.35187437e-005, 0.999999999, 0.707064621, -0.707148939, -2.70926204e-006, 0.707148939, 0.707064621, 2.19923356e-005, -1.36362334e-005, -1.74658542e-005, 1, 0, 0, 0, 0, 0, 0, 0, 0.236850928, -0.131292578, -0.150377637, -0.666195086, 0.40413839, -0.626832359, -0.657592773, 0.0780029297, 0.749267578, 0.351710069, 0.911378313, 0.213973807, 0, 0, 0, 0, 0, 0, 0, 0.298702588, -0.0715793945, -0.12922334, -0.328307439, 0.506733044, -0.797057927, 0.427368164, -0.672851563, -0.603759766, -0.842276276, -0.538851044, 0.00435510185, 1, 3, 5, 0, 
475.207546, 71, 0.1, 0.1, 0.225, -0.115000007, -0.0199654103, 0.707061318, -0.70715224, 4.24558091e-005, 0.707152241, 0.707061318, -1.3239332e-005, -2.0656637e-005, 3.93837401e-005, 0.999999999, 0.707061876, -0.707151683, 8.7962986e-006, 0.707151683, 0.707061876, -2.32164542e-005, 1.01980273e-005, 2.2635787e-005, 1, 0, 0, 0, 0, 0, 0, 0, 0.236850928, -0.131292578, -0.150377637, -0.666195086, 0.40413839, -0.626832359, -0.657592773, 0.0780029297, 0.749267578, 0.351710069, 0.911378313, 0.213973807, 0, 0, 0, 0, 0, 0, 0, 0.298702588, -0.0715793945, -0.12922334, -0.328307439, 0.506733044, -0.797057927, 0.427368164, -0.672851563, -0.603759766, -0.842276276, -0.538851044, 0.00435510185, 1, 3, 5, 0, 
475.208363, 71, 0.1, 0.1, 0.224999997, -0.11500001, -0.0199626199, 0.707058423, -0.707155134, -5.20266814e-005, 0.707155136, 0.707058423, 1.55267605e-005, 2.58060749e-005, -4.77692618e-005, 0.999999999, 0.707058993, -0.707154566, -1.48282559e-005, 0.707154567, 0.707058992, 2.6511009e-005, -8.26292941e-006, -2.92307162e-005, 1, 0, 0, 0, 0, 0, 0, 0, 0.237925635, -0.130757251, -0.149761621, -0.666717791, 0.401416636, -0.627967641, -0.659545898, 0.07421875, 0.747924805, 0.34684918, 0.912921724, 0.215389538, 0, 0, 0, 0, 0, 0, 0, 0.299586279, -0.0717529785, -0.128838379, -0.328971683, 0.504911654, -0.797882219, 0.430053711, -0.672119141, -0.602661133, -0.840627693, -0.541374591, 0.00402297989, 1, 3, 5, 0, 
475.209149, 71, 0.1, 0.1, 0.225000003, -0.115000007, -0.0199609346, 0.707055572, -0.707157986, 3.96712172e-005, 0.707157987, 0.707055572, -1.57556417e-005, -1.69080273e-005, 3.91939324e-005, 0.999999999, 0.707056155, -0.707157404, -2.47383516e-007, 0.707157404, 0.707056154, -2.67260829e-005, 1.90744614e-005, 1.87219023e-005, 1, 0, 0, 0, 0, 0, 0, 0, 0.237925635, -0.130757251, -0.149761621, -0.666717791, 0.401416636, -0.627967641, -0.659545898, 0.07421875, 0.747924805, 0.34684918, 0.912921724, 0.215389538, 0, 0, 0, 0, 0, 0, 0, 0.299586279, -0.0717529785, -0.128838379, -0.328971683, 0.504911654, -0.797882219, 0.430053711, -0.672119141, -0.602661133, -0.840627693, -0.541374591, 0.00402297989, 1, 3, 5, 0, 
475.210048, 71, 0.1, 0.1, 0.225000002, -0.115000011, -0.019960275, 0.707052236, -0.707161319, -6.86982071e-005, 0.707161321, 0.707052236, 1.6419534e-005, 3.69619617e-005, -6.01901832e-005, 0.999999998, 0.707052956, -0.707160602, -2.4540831e-005, 0.707160603, 0.707052955, 3.00870276e-005, -3.92469352e-006, -3.86274306e-005, 0.999999999, 0, 0, 0, 0, 0, 0, 0, 0.237925635, -0.130757251, -0.149761621, -0.666717791, 0.401416636, -0.627967641, -0.659545898, 0.07421875, 0.747924805, 0.34684918, 0.912921724, 0.215389538, 0, 0, 0, 0, 0, 0, 0, 0.299586279, -0.0717529785, -0.128838379, -0.328971683, 0.504911654, -0.797882219, 0.430053711, -0.672119141, -0.602661133, -0.840627693, -0.541374591, 0.00402297989, 1, 3, 5, 0, 
475.210875, 71, 0.1, 0.1, 0.225000011, -0.115000007, -0.019959872, 0.707049012, -0.707164545, 3.53247395e-005, 0.707164546, 0.707049012, -2.03444039e-005, -1.0589481e-005, 3.9364894e-005, 0.999999999, 0.707049632, -0.707163926, -8.43871133e-006, 0.707163925, 0.707049632, -3.16259049e-005, 2.83312868e-005, 1.63935322e-005, 0.999999999, 0, 0, 0, 0, 0, 0, 0, 0.237925635, -0.130757251, -0.149761621, -0.666717791, 0.401416636, -0.627967641, -0.659545898, 0.07421875, 0.747924805, 0.34684918, 0.912921724, 0.215389538, 0, 0, 0, 0, 0, 0, 0, 0.299586279, -0.0717529785, -0.128838379, -0.328971683, 0.504911654, -0.797882219, 0.430053711, -0.672119141, -0.602661133, -0.840627693, -0.541374591, 0.00402297989, 1, 3, 5, 0, 
475.211659, 71, 0.1, 0.1, 0.225000005, -0.115000009, -0.0199614691, 0.707045906, -0.707167651, -3.15833882e-005, 0.707167651, 0.707045906, 1.23156062e-005, 1.3621707e-005, -3.10424494e-005, 0.999999999, 0.707046536, -0.707167021, 4.20790817e-006, 0.707167021, 0.707046536, 2.26797565e-005, -1.90135627e-005, -1.30599494e-005, 1, 0, 0, 0, 0, 0, 0, 0, 0.237925635, -0.130757251, -0.149761621, -0.666717791, 0.401416636, -0.627967641, -0.659545898, 0.07421875, 0.747924805, 0.34684918, 0.912921724, 0.215389538, 0, 0, 0, 0, 0, 0, 0, 0.299586279, -0.0717529785, -0.128838379, -0.328971683, 0.504911654, -0.797882219, 0.430053711, -0.672119141, -0.602661133, -0.840627693, -0.541374591, 0.00402297989, 1, 3, 5, 0, 
475.21244, 71, 0.1, 0.1, 0.225000007, -0.115000006, -0.0199643817, 0.707042804, -0.707170751, 5.46015935e-005, 0.707170752, 0.707042804, -1.64825644e-005, -2.69496763e-005, 5.02665285e-005, 0.999999998, 0.707043435, -0.707170122, 1.78928663e-005, 0.707170122, 0.707043434, -2.6219497e-005, 5.89061125e-006, 3.11916236e-005, 0.999999999, 0, 0, 0, 0, 0, 0, 0, 0.237925635, -0.130757251, -0.149761621, -0.666717791, 0.401416636, -0.627967641, -0.659545898, 0.07421875, 0.747924805, 0.34684918, 0.912921724, 0.215389538, 0, 0, 0, 0, 0, 0, 0, 0.299586279, -0.0717529785, -0.128838379, -0.328971683, 0.504911654, -0.797882219, 0.430053711, -0.672119141, -0.602661133, -0.840627693, -0.541374591, 0.00402297989, 1, 3, 5, 0, 
475.213251, 71, 0.1, 0.1, 0.224999998, -0.115000008, -0.0199674592, 0.707039584, -0.707173972, -1.72844984e-005, 0.707173972, 0.707039584, 1.43848162e-005, 2.04825696e-006, -2.23937819e-005, 1, 0.707040204, -0.707173352, 1.51191783e-005, 0.707173352, 0.707040204, 2.30395267e-005, -2.69828062e-005, -5.59799162e-006, 1, 0, 0, 0, 0, 0, 0, 0, 0.23907395, -0.131724194, -0.148951416, -0.665957316, 0.399925643, -0.629617393, -0.661499023, 0.0732421875, 0.746337891, 0.34462767, 0.913652241, 0.215898017, 0, 0, 0, 0, 0, 0, 0, 0.300423584, -0.0721864258, -0.128443164, -0.330389856, 0.502630176, -0.798783069, 0.432495117, -0.671508789, -0.6015625, -0.838812866, -0.544191981, 0.00441926753, 1, 3, 5, 0, 
475.214034, 71, 0.1, 0.1, 0.224999999, -0.115000006, -0.0199695114, 0.707036521, -0.707177033, 4.33334603e-005, 0.707177034, 0.707036521, -9.92008716e-006, -2.36230812e-005, 3.76582918e-005, 0.999999999, 0.707037133, -0.707176423, 1.46482723e-005, 0.707176423, 0.707037132, -1.81877722e-005, 2.50509127e-006, 2.32183431e-005, 1, 0, 0, 0, 0, 0, 0, 0, 0.23907395, -0.131724194, -0.148951416, -0.665957316, 0.399925643, -0.629617393, -0.661499023, 0.0732421875, 0.746337891, 0.34462767, 0.913652241, 0.215898017, 0, 0, 0, 0, 0, 0, 0, 0.300423584, -0.0721864258, -0.128443164, -0.330389856, 0.502630176, -0.798783069, 0.432495117, -0.671508789, -0.6015625, -0.838812866, -0.544191981, 0.00441926753, 1, 3, 5, 0, 
475.214817, 71, 0.1, 0.1, 0.224999994, -0.115000009, -0.0199702129, 0.707033518, -0.707180036, -3.04667243e-005, 0.707180036, 0.707033518, 1.33900165e-005, 1.20718429e-005, -3.10126497e-005, 0.999999999, 0.707034122, -0.707179433, 9.56646078e-007, 0.707179433, 0.707034122, 2.18962869e-005, -1.61609852e-005, -1.48049015e-005, 1, 0, 0, 0, 0, 0, 0, 0, 0.23907395, -0.131724194, -0.148951416, -0.665957316, 0.399925643, -0.629617393, -0.661499023, 0.0732421875, 0.746337891, 0.34462767, 0.913652241, 0.215898017, 0, 0, 0, 0, 0, 0, 0, 0.300423584, -0.0721864258, -0.128443164, -0.330389856, 0.502630176, -0.798783069, 0.432495117, -0.671508789, -0.6015625, -0.838812866, -0.544191981, 0.00441926753, 1, 3, 5, 0, 
475.215599, 71, 0.1, 0.1, 0.224999998, -0.115000007, -0.0199694414, 0.707030569, -0.707182984, 2.88048379e-005, 0.707182985, 0.707030569, -1.02380279e-005, -1.31257418e-005, 2.760889e-005, 1, 0.707031158, -0.707182397, 5.23047603e-007, 0.707182397, 0.707031157, -1.88233423e-005, 1.29417254e-005, 1.36785796e-005, 1, 0, 0, 0, 0, 0, 0, 0, 0.23907395, -0.131724194, -0.148951416, -0.665957316, 0.399925643, -0.629617393, -0.661499023, 0.0732421875, 0.746337891, 0.34462767, 0.913652241, 0.215898017, 0, 0, 0, 0, 0, 0, 0, 0.300423584, -0.0721864258, -0.128443164, -0.330389856, 0.502630176, -0.798783069, 0.432495117, -0.671508789, -0.6015625, -0.838812866, -0.544191981, 0.00441926753, 1, 3, 5, 0, 
475.216382, 71, 0.1, 0.1, 0.224999997, -0.115000009, -0.019967526, 0.707027658, -0.707185894, -5.07695877e-005, 0.707185895, 0.707027658, 1.2828614e-005, 2.68232879e-005, -4.49737212e-005, 0.999999999, 0.707028243, -0.707185311, -1.8168493e-005, 0.707185311, 0.707028242, 2.22728167e-005, -2.90537108e-006, -2.85960018e-005, 1, 0, 0, 0, 0, 0, 0, 0, 0.23907395, -0.131724194, -0.148951416, -0.665957316, 0.399925643, -0.629617393, -0.661499023, 0.0732421875, 0.746337891, 0.34462767, 0.913652241, 0.215898017, 0, 0, 0, 0, 0, 0, 0, 0.300423584, -0.0721864258, -0.128443164, -0.330389856, 0.502630176, -0.798783069, 0.432495117, -0.671508789, -0.6015625, -0.838812866, -0.544191981, 0.00441926753, 1, 3, 5, 0, 
475.217172, 71, 0.1, 0.1, 0.225000003, -0.115000007, -0.0199651448, 0.707024734, -0.707188819, 3.00852144e-005, 0.707188819, 0.707024734, -1.4005666e-005, -1.13663403e-005, 3.11782795e-005, 0.999999999, 0.707025322, -0.707188231, -5.16164383e-006, 0.70718823, 0.707025322, -2.41086667e-005, 2.06987782e-005, 1.33951841e-005, 1, 0, 0, 0, 0, 0, 0, 0, 0.23907395, -0.131724194, -0.148951416, -0.665957316, 0.399925643, -0.629617393, -0.661499023, 0.0732421875, 0.746337891, 0.34462767, 0.913652241, 0.215898017, 0, 0, 0, 0, 0, 0, 0, 0.300423584, -0.0721864258, -0.128443164, -0.330389856, 0.502630176, -0.798783069, 0.432495117, -0.671508789, -0.6015625, -0.838812866, -0.544191981, 0.00441926753, 1, 3, 5, 0, 
475.217991, 71, 0.1, 0.1, 0.225000002, -0.115000009, -0.0199628792, 0.707021672, -0.707191878, -5.69042833e-005, 0.707191879, 0.707021673, 1.30156649e-005, 3.10279891e-005, -4.94446042e-005, 0.999999998, 0.707022336, -0.707191216, -1.79259359e-005, 0.707191217, 0.707022335, 2.48677031e-005, -4.91218414e-006, -3.02590859e-005, 1, 0, 0, 0, 0, 0, 0, 0, 0.240510571, -0.133132861, -0.147763208, -0.663933879, 0.398536122, -0.632612482, -0.664550781, 0.0729980469, 0.743530273, 0.342576902, 0.914243096, 0.216495984, 0, 0, 0, 0, 0, 0, 0, 0.300423584, -0.0721864258, -0.128443164, -0.330824057, 0.499984494, -0.800227128, 0.435791016, -0.671142578, -0.599609375, -0.837017361, -0.54704765, 0.00414474807, 1, 3, 5, 0, 
475.218775, 71, 0.1, 0.1, 0.225000008, -0.115000006, -0.019961485, 0.707018692, -0.707194858, 4.1153998e-005, 0.707194859, 0.707018692, -1.7038474e-005, -1.70471247e-005, 4.11504154e-005, 0.999999999, 0.707019306, -0.707194245, 6.19082372e-007, 0.707194245, 0.707019306, -2.8113312e-005, 1.94438693e-005, 2.03144659e-005, 1, 0, 0, 0, 0, 0, 0, 0, 0.240510571, -0.133132861, -0.147763208, -0.663933879, 0.398536122, -0.632612482, -0.664550781, 0.0729980469, 0.743530273, 0.342576902, 0.914243096, 0.216495984, 0, 0, 0, 0, 0, 0, 0, 0.301325586, -0.0728680176, -0.127651514, -0.330824057, 0.499984494, -0.800227128, 0.435791016, -0.671142578, -0.599609375, -0.837017361, -0.54704765, 0.00414474807, 1, 3, 5, 0, 
475.219557, 71, 0.1, 0.1, 0.225000002, -0.115000008, -0.0199616213, 0.707015672, -0.707197878, -3.71165483e-005, 0.707197879, 0.707015672, 1.39075286e-005, 1.64066066e-005, -3.60815849e-005, 0.999999999, 0.707016289, -0.707197262, 3.16839697e-007, 0.707197262, 0.707016288, 2.4518266e-005, -1.75632614e-005, -1.71107453e-005, 1, 0, 0, 0, 0, 0, 0, 0, 0.240510571, -0.133132861, -0.147763208, -0.663933879, 0.398536122, -0.632612482, -0.664550781, 0.0729980469, 0.743530273, 0.342576902, 0.914243096, 0.216495984, 0, 0, 0, 0, 0, 0, 0, 0.301325586, -0.0728680176, -0.127651514, -0.330824057, 0.499984494, -0.800227128, 0.435791016, -0.671142578, -0.599609375, -0.837017361, -0.54704765, 0.00414474807, 1, 3, 5, 0, 
475.220359, 71, 0.1, 0.1, 0.225000006, -0.115000005, -0.0199630801, 0.707012536, -0.707201012, 5.02457309e-005, 0.707201013, 0.707012536, -1.51344884e-005, -2.48212361e-005, 4.62341048e-005, 0.999999999, 0.707013218, -0.707200332, 1.00451854e-005, 0.707200332, 0.707013218, -2.62880716e-005, 1.14888541e-005, 2.56899725e-005, 1, 0, 0, 0, 0, 0, 0, 0, 0.240510571, -0.133132861, -0.147763208, -0.661979713, 0.397952381, -0.635106206, -0.666992187, 0.0732421875, 0.741333008, 0.341649433, 0.914459143, 0.217138135, 0, 0, 0, 0, 0, 0, 0, 0.301325586, -0.0728680176, -0.127651514, -0.330824057, 0.499984494, -0.800227128, 0.435791016, -0.671142578, -0.599609375, -0.837017361, -0.54704765, 0.00414474807, 1, 3, 5, 0, 
475.221168, 71, 0.1, 0.1, 0.224999998, -0.115000008, -0.0199648624, 0.70700934, -0.707204208, -2.86753695e-005, 0.707204209, 0.70700934, 1.5624082e-005, 9.22433753e-006, -3.13257139e-005, 0.999999999, 0.707009976, -0.707203573, 7.96198534e-006, 0.707203572, 0.707009976, 2.55126995e-005, -2.36718753e-005, -1.24069886e-005, 1, 0, 0, 0, 0, 0, 0, 0, 0.242170313, -0.134501489, -0.146772485, -0.661979713, 0.397952381, -0.635106206, -0.666992187, 0.0732421875, 0.741333008, 0.341649433, 0.914459143, 0.217138135, 0, 0, 0, 0, 0, 0, 0, 0.302599609, -0.073070166, -0.127019873, -0.332536072, 0.498009619, -0.800859656, 0.438720703, -0.669921875, -0.598754883, -0.834742447, -0.550446528, 0.00432375216, 1, 3, 5, 0, 
475.221954, 71, 0.1, 0.1, 0.225000001, -0.115000006, -0.0199667039, 0.707006244, -0.707207304, 3.75742007e-005, 0.707207304, 0.707006244, -1.21985965e-005, -1.7938258e-005, 3.5197233e-005, 0.999999999, 0.707006863, -0.707206685, 6.0350269e-006, 0.707206685, 0.707006863, -2.11801514e-005, 1.07119392e-005, 1.92425238e-005, 1, 0, 0, 0, 0, 0, 0, 0, 0.242170313, -0.134501489, -0.146772485, -0.661979713, 0.397952381, -0.635106206, -0.666992187, 0.0732421875, 0.741333008, 0.341649433, 0.914459143, 0.217138135, 0, 0, 0, 0, 0, 0, 0, 0.302599609, -0.073070166, -0.127019873, -0.332536072, 0.498009619, -0.800859656, 0.438720703, -0.669921875, -0.598754883, -0.834742447, -0.550446528, 0.00432375216, 1, 3, 5, 0, 
475.222737, 71, 0.1, 0.1, 0.224999998, -0.115000008, -0.0199681226, 0.707003193, -0.707210353, -3.8999799e-005, 0.707210354, 0.707003193, 1.29072545e-005, 1.84448384e-005, -3.67065319e-005, 0.999999999, 0.707003818, -0.707209729, -5.90363775e-006, 0.707209729, 0.707003818, 2.19481079e-005, -1.1348021e-005, -1.96925062e-005, 1, 0, 0, 0, 0, 0, 0, 0, 0.242170313, -0.134501489, -0.146772485, -0.661979713, 0.397952381, -0.635106206, -0.666992187, 0.0732421875, 0.741333008, 0.341649433, 0.914459143, 0.217138135, 0, 0, 0, 0, 0, 0, 0, 0.302599609, -0.073070166, -0.127019873, -0.332536072, 0.498009619, -0.800859656, 0.438720703, -0.669921875, -0.598754883, -0.834742447, -0.550446528, 0.00432375216, 1, 3, 5, 0, 
475.223524, 71, 0.1, 0.1, 0.225000003, -0.115000006, -0.0199686609, 0.707000167, -0.707213379, 2.8145504e-005, 0.70721338, 0.707000167, -1.20157106e-005, -1.14012048e-005, 2.83999864e-005, 1, 0.707000786, -0.707212761, -3.48390858e-006, 0.70721276, 0.707000786, -2.09776954e-005, 1.729882e-005, 1.23673825e-005, 1, 0, 0, 0, 0, 0, 0, 0, 0.242170313, -0.134501489, -0.146772485, -0.661979713, 0.397952381, -0.635106206, -0.666992187, 0.0732421875, 0.741333008, 0.341649433, 0.914459143, 0.217138135, 0, 0, 0, 0, 0, 0, 0, 0.302599609, -0.073070166, -0.127019873, -0.332536072, 0.498009619, -0.800859656, 0.438720703, -0.669921875, -0.598754883, -0.834742447, -0.550446528, 0.00432375216, 1, 3, 5, 0, 
475.224313, 71, 0.1, 0.1, 0.225, -0.115000008, -0.0199681262, 0.706997163, -0.707216382, -4.21787301e-005, 0.707216383, 0.706997163, 1.19945867e-005, 2.13374743e-005, -3.83096277e-005, 0.999999999, 0.706997769, -0.707215776, -1.08454755e-005, 0.707215776, 0.706997769, 2.12040708e-005, -7.32812644e-006, -2.26613221e-005, 1, 0, 0, 0, 0, 0, 0, 0, 0.242170313, -0.134501489, -0.146772485, -0.661979713, 0.397952381, -0.635106206, -0.666992187, 0.0732421875, 0.741333008, 0.341649433, 0.914459143, 0.217138135, 0, 0, 0, 0, 0, 0, 0, 0.302599609, -0.073070166, -0.127019873, -0.332536072, 0.498009619, -0.800859656, 0.438720703, -0.669921875, -0.598754883, -0.834742447, -0.550446528, 0.00432375216, 1, 3, 5, 0, 
