time, trialNum, realDorsalTactorPos, realVentralTactorPos, box1PosX, box1PosY, box1PosZ, box1LocalRot_11, box1LocalRot_12, box1LocalRot_13, box1LocalRot_21, box1LocalRot_22, box1LocalRot_23, box1LocalRot_31, box1LocalRot_32, box1LocalRot_33, box1GlobalRot_11, box1GlobalRot_12, box1GlobalRot_13, box1GlobalRot_21, box1GlobalRot_22, box1GlobalRot_23, box1GlobalRot_31, box1GlobalRot_32, box1GlobalRot_33, indexForceX, indexForceY, indexForceZ, indexForceGlobalX, indexForceGlobalY, indexForceGlobalZ, indexContact, indexPosX, indexPosY, indexPosZ, indexRot_11, indexRot_12, indexRot_13, indexRot_21, indexRot_22, indexRot_23, indexRot_31, indexRot_32, indexRot_33, thumbForceX, thumbForceY, thumbForceZ, thumbForceGlobalX, thumbForceGlobalY, thumbForceGlobalZ, thumbContact, thumbPosX, thumbPosY, thumbPosZ, thumbRot_11, thumbRot_12, thumbRot_13, thumbRot_21, thumbRot_22, thumbRot_23, thumbRot_31, thumbRot_32, thumbRot_33, manipForceTooHigh, cceExpType, mapping, trialSuccess, 
521.391556, 72, 0.1, 0.1, 0.00100603634, 0.382983275, -0.0199625791, 0.779562277, 0.626324721, -2.42241334e-005, -0.626324721, 0.779562277, 1.72948354e-005, 2.97164035e-005, 1.68977233e-006, 1, 0.77956226, 0.626324743, 1.40531268e-005, -0.626324743, 0.779562259, 1.7120531e-005, -2.32275075e-007, -2.21483409e-005, 1, 0, -0, 0, 0, 0, 0, 0, 0.267711572, -0.142581421, -0.21942998, 0.0473591842, -0.108134979, -0.992952694, -0.96875, -0.247070312, -0.0192871094, -0.243314369, 0.962975971, -0.116364286, 0, 0, 0, 0, 0, 0, 0, 0.272741162, -0.0694106445, -0.212762451, 0.0152643577, -0.294507052, -0.955456186, 0.792114258, -0.579467773, 0.19128418, -0.610022575, -0.75980015, 0.224477461, 0, 3, 5, 1, 
521.426305, 72, 0.1, 0.1, 0.001006046, 0.382983271, -0.0199619655, 0.779567145, 0.626318662, -1.44878776e-005, -0.626318662, 0.779567145, 2.837085e-005, 2.90634662e-005, -1.30429544e-005, 0.999999999, 0.779567051, 0.626318779, -1.75280058e-005, -0.626318779, 0.779567051, 6.05827515e-006, 1.74586673e-005, 6.25528748e-006, 1, 0, -0, 0, 0, 0, 0, 0, 0.273144458, -0.152219165, -0.215407471, 0.0479878482, -0.109085292, -0.992826135, -0.972045898, -0.233276367, -0.021484375, -0.229200867, 0.966339876, -0.117125882, 0, 0, 0, 0, 0, 0, 0, 0.278535547, -0.0802722168, -0.209314404, 0.012420715, -0.308588537, -0.951096655, 0.790527344, -0.579345703, 0.198364258, -0.612162594, -0.754283839, 0.236718967, 0, 3, 5, 1, 
521.427091, 72, 0.1, 0.1, 0.00100604448, 0.382983273, -0.019962529, 0.779567529, 0.626318184, 1.78179971e-005, -0.626318183, 0.779567529, -2.82597279e-005, -3.15899134e-005, 1.08706307e-005, 0.999999999, 0.779567454, 0.626318277, 1.4376219e-005, -0.626318277, 0.779567454, -3.30958452e-005, -3.19357652e-005, 1.67963551e-005, 0.999999999, 0, -0, 0, 0, 0, 0, 0, 0.273144458, -0.152219165, -0.215407471, 0.0479878482, -0.109085292, -0.992826135, -0.972045898, -0.233276367, -0.021484375, -0.229200867, 0.966339876, -0.117125882, 0, 0, 0, 0, 0, 0, 0, 0.278535547, -0.0802722168, -0.209314404, 0.012420715, -0.308588537, -0.951096655, 0.790527344, -0.579345703, 0.198364258, -0.612162594, -0.754283839, 0.236718967, 0, 3, 5, 1, 
521.427871, 72, 0.1, 0.1, 0.00100604604, 0.382983273, -0.0199641364, 0.779568053, 0.626317532, -1.92148859e-005, -0.626317532, 0.779568053, -1.39070961e-005, 6.26905309e-006, 2.28761478e-005, 1, 0.779567924, 0.626317691, -2.55706871e-005, -0.626317692, 0.779567925, 3.04522549e-008, 1.99531603e-005, 1.59916341e-005, 1, 0, -0, 0, 0, 0, 0, 0, 0.273144458, -0.152219165, -0.215407471, 0.0479878482, -0.109085292, -0.992826135, -0.972045898, -0.233276367, -0.021484375, -0.229200867, 0.966339876, -0.117125882, 0, 0, 0, 0, 0, 0, 0, 0.278535547, -0.0802722168, -0.209314404, 0.012420715, -0.308588537, -0.951096655, 0.790527344, -0.579345703, 0.198364258, -0.612162594, -0.754283839, 0.236718967, 0, 3, 5, 1, 
521.428699, 72, 0.1, 0.1, 0.00100604449, 0.382983276, -0.0199661491, 0.779568864, 0.626316522, -2.80913712e-005, -0.626316522, 0.779568864, -7.04166818e-006, 1.74888452e-005, 2.30835552e-005, 1, 0.779568657, 0.62631678, 1.19338581e-005, -0.62631678, 0.779568657, -9.47796453e-006, -1.523947e-005, -8.56515161e-008, 1, 0, -0, 0, 0, 0, 0, 0, 0.273144458, -0.152219165, -0.215407471, 0.0479878482, -0.109085292, -0.992826135, -0.972045898, -0.233276367, -0.021484375, -0.229200867, 0.966339876, -0.117125882, 0, 0, 0, 0, 0, 0, 0, 0.278535547, -0.0802722168, -0.209314404, 0.012420715, -0.308588537, -0.951096655, 0.790527344, -0.579345703, 0.198364258, -0.612162594, -0.754283839, 0.236718967, 0, 3, 5, 1, 
521.42948, 72, 0.1, 0.1, 0.00100604598, 0.382983275, -0.0199673309, 0.779569541, 0.626315678, 3.83343039e-005, -0.626315679, 0.779569541, 1.95471501e-005, -1.76415692e-005, -3.92477384e-005, 0.999999999, 0.779569416, 0.626315835, 1.97224208e-005, -0.626315835, 0.779569416, 1.50028874e-005, -5.97845013e-006, -2.40482567e-005, 1, 0, -0, 0, 0, 0, 0, 0, 0.273144458, -0.152219165, -0.215407471, 0.0479878482, -0.109085292, -0.992826135, -0.972045898, -0.233276367, -0.021484375, -0.229200867, 0.966339876, -0.117125882, 0, 0, 0, 0, 0, 0, 0, 0.278535547, -0.0802722168, -0.209314404, 0.012420715, -0.308588537, -0.951096655, 0.790527344, -0.579345703, 0.198364258, -0.612162594, -0.754283839, 0.236718967, 0, 3, 5, 1, 
521.430269, 72, 0.1, 0.1, 0.00100604601, 0.382983273, -0.0199678783, 0.779570208, 0.626314848, -3.93572455e-005, -0.626314849, 0.779570208, -1.77082114e-005, 1.95908203e-005, 3.84548213e-005, 0.999999999, 0.779570055, 0.626315039, -3.01326589e-005, -0.626315039, 0.779570056, -1.22350363e-006, 2.27242198e-005, 1.98263442e-005, 1, 0, -0, 0, 0, 0, 0, 0, 0.273144458, -0.152219165, -0.215407471, 0.0479878482, -0.109085292, -0.992826135, -0.972045898, -0.233276367, -0.021484375, -0.229200867, 0.966339876, -0.117125882, 0, 0, 0, 0, 0, 0, 0, 0.278535547, -0.0802722168, -0.209314404, 0.012420715, -0.308588537, -0.951096655, 0.790527344, -0.579345703, 0.198364258, -0.612162594, -0.754283839, 0.236718967, 0, 3, 5, 1, 
521.431083, 72, 0.1, 0.1, 0.00100604412, 0.382983279, -0.0199674822, 0.779571197, 0.626313618, 3.17673137e-005, -0.626313619, 0.779571197, 1.06582462e-005, -1.8089478e-005, -2.82051629e-005, 0.999999999, 0.779570977, 0.626313891, 3.16660449e-005, -0.626313891, 0.779570978, -9.48133973e-006, -3.06242244e-005, -1.24415065e-005, 0.999999999, 0, -0, 0, 0, 0, 0, 0, 0.273225854, -0.152991528, -0.215865796, 0.0451264306, -0.10676231, -0.993230899, -0.97253418, -0.231445312, -0.0192871094, -0.227758927, 0.966960688, -0.11421916, 0, 0, 0, 0, 0, 0, 0, 0.2792646, -0.0814594727, -0.208609766, 0.0136281678, -0.309891872, -0.950623808, 0.789794922, -0.579589844, 0.200317383, -0.61314037, -0.753561626, 0.236891408, 0, 3, 5, 1, 
521.431869, 72, 0.1, 0.1, 0.00100604517, 0.382983279, -0.0199663571, 0.779572447, 0.626312062, -1.27757536e-005, -0.626312062, 0.779572446, -5.01567908e-005, -2.14541776e-005, 4.71024607e-005, 0.999999999, 0.779572176, 0.6263124, -2.03162976e-005, -0.6263124, 0.779572176, -2.2037016e-005, 2.03596399e-006, 2.99037936e-005, 1, 0, -0, 0, 0, 0, 0, 0, 0.273225854, -0.152991528, -0.215865796, 0.0451264306, -0.10676231, -0.993230899, -0.97253418, -0.231445312, -0.0192871094, -0.227758927, 0.966960688, -0.11421916, 0, 0, 0, 0, 0, 0, 0, 0.2792646, -0.0814594727, -0.208609766, 0.0136281678, -0.309891872, -0.950623808, 0.789794922, -0.579589844, 0.200317383, -0.61314037, -0.753561626, 0.236891408, 0, 3, 5, 1, 
521.432669, 72, 0.1, 0.1, 0.0010060447, 0.382983283, -0.0199650773, 0.779573813, 0.626310363, 8.01769148e-006, -0.626310363, 0.779573812, 3.82449276e-005, 1.77028122e-005, -3.48363073e-005, 0.999999999, 0.779573533, 0.626310711, 4.30371468e-006, -0.626310711, 0.779573533, 1.36401622e-005, 5.18791764e-006, -1.33289721e-005, 1, 0, -0, 0, 0, 0, 0, 0, 0.273225854, -0.152991528, -0.215865796, 0.0451264306, -0.10676231, -0.993230899, -0.97253418, -0.231445312, -0.0192871094, -0.227758927, 0.966960688, -0.11421916, 0, 0, 0, 0, 0, 0, 0, 0.2792646, -0.0814594727, -0.208609766, 0.0136281678, -0.309891872, -0.950623808, 0.789794922, -0.579589844, 0.200317383, -0.61314037, -0.753561626, 0.236891408, 0, 3, 5, 1, 
521.433478, 72, 0.1, 0.1, 0.00100604147, 0.382983285, -0.0199637482, 0.779574907, 0.626309001, -1.75186436e-006, -0.626309, 0.779574906, -5.0967106e-005, -3.05554478e-005, 4.08298853e-005, 0.999999999, 0.77957474, 0.626309208, 1.19000964e-005, -0.626309207, 0.77957474, -3.92788962e-005, -3.38777489e-005, 2.31676954e-005, 0.999999999, 0, -0, 0, 0, 0, 0, 0, 0.273877881, -0.153863501, -0.215196802, 0.0447396409, -0.106362416, -0.993275083, -0.97277832, -0.230712891, -0.0191650391, -0.227079706, 0.967144535, -0.113717794, 0, 0, 0, 0, 0, 0, 0, 0.279643213, -0.0821838867, -0.208566064, 0.0124845142, -0.310767203, -0.950399962, 0.790161133, -0.579345703, 0.199829102, -0.612769602, -0.753408142, 0.238265105, 0, 3, 5, 1, 
521.434261, 72, 0.1, 0.1, 0.00100604401, 0.382983284, -0.019963049, 0.77957543, 0.62630835, 1.89686838e-005, -0.62630835, 0.779575429, 4.21166597e-005, 1.15904958e-005, -4.47133582e-005, 0.999999999, 0.779575377, 0.626308416, -4.65283884e-006, -0.626308416, 0.779575376, 3.47715411e-005, 2.54049474e-005, -2.41929251e-005, 0.999999999, 0, -0, 0, 0, 0, 0, 0, 0.273877881, -0.153863501, -0.215196802, 0.0447396409, -0.106362416, -0.993275083, -0.97277832, -0.230712891, -0.0191650391, -0.227079706, 0.967144535, -0.113717794, 0, 0, 0, 0, 0, 0, 0, 0.279643213, -0.0821838867, -0.208566064, 0.0124845142, -0.310767203, -0.950399962, 0.790161133, -0.579345703, 0.199829102, -0.612769602, -0.753408142, 0.238265105, 0, 3, 5, 1, 
521.435047, 72, 0.1, 0.1, 0.00100603964, 0.382983284, -0.0199632888, 0.779575417, 0.626308365, -3.12933126e-005, -0.626308366, 0.779575417, -1.43371582e-005, 1.54160151e-005, 3.07761595e-005, 0.999999999, 0.779575461, 0.626308312, 8.33356722e-007, -0.626308311, 0.779575461, -1.64029638e-005, -1.0922977e-005, 1.22654098e-005, 1, 0, -0, 0, 0, 0, 0, 0, 0.273877881, -0.153863501, -0.215196802, 0.0447396409, -0.106362416, -0.993275083, -0.97277832, -0.230712891, -0.0191650391, -0.227079706, 0.967144535, -0.113717794, 0, 0, 0, 0, 0, 0, 0, 0.279643213, -0.0821838867, -0.208566064, 0.0124845142, -0.310767203, -0.950399962, 0.790161133, -0.579345703, 0.199829102, -0.612769602, -0.753408142, 0.238265105, 0, 3, 5, 1, 
521.435834, 72, 0.1, 0.1, 0.00100604078, 0.382983283, -0.0199643087, 0.77957514, 0.626308709, 4.63257554e-005, -0.62630871, 0.77957514, 2.07408525e-005, -2.31242307e-005, -4.51832771e-005, 0.999999999, 0.779575196, 0.626308641, 2.50651973e-005, -0.626308641, 0.779575195, 1.43798517e-005, -1.05339807e-005, -2.69087254e-005, 1, 0, -0, 0, 0, 0, 0, 0, 0.273877881, -0.153863501, -0.215196802, 0.0447396409, -0.106362416, -0.993275083, -0.97277832, -0.230712891, -0.0191650391, -0.227079706, 0.967144535, -0.113717794, 0, 0, 0, 0, 0, 0, 0, 0.279643213, -0.0821838867, -0.208566064, 0.0124845142, -0.310767203, -0.950399962, 0.790161133, -0.579345703, 0.199829102, -0.612769602, -0.753408142, 0.238265105, 0, 3, 5, 1, 
521.436617, 72, 0.1, 0.1, 0.00100603964, 0.38298328, -0.0199657525, 0.779574982, 0.626308906, -3.66531142e-005, -0.626308907, 0.779574982, -1.47153462e-005, 1.93574985e-005, 3.44278876e-005, 0.999999999, 0.779574981, 0.626308908, -2.60755514e-005, -0.626308908, 0.779574981, 2.39365741e-006, 2.18270164e-005, 1.44653147e-005, 1, 0, -0, 0, 0, 0, 0, 0, 0.273877881, -0.153863501, -0.215196802, 0.0447396409, -0.106362416, -0.993275083, -0.97277832, -0.230712891, -0.0191650391, -0.227079706, 0.967144535, -0.113717794, 0, 0, 0, 0, 0, 0, 0, 0.279643213, -0.0821838867, -0.208566064, 0.0124845142, -0.310767203, -0.950399962, 0.790161133, -0.579345703, 0.199829102, -0.612769602, -0.753408142, 0.238265105, 0, 3, 5, 1, 
521.437401, 72, 0.1, 0.1, 0.00100603773, 0.382983285, -0.0199671133, 0.779575223, 0.626308607, 3.17957167e-005, -0.626308607, 0.779575223, 1.16031191e-005, -1.75200196e-005, -2.89594352e-005, 0.999999999, 0.779575139, 0.626308711, 3.15577498e-005, -0.626308711, 0.77957514, -8.83890069e-006, -3.01375177e-005, -1.28743063e-005, 0.999999999, 0, -0, 0, 0, 0, 0, 0, 0.273877881, -0.153863501, -0.215196802, 0.0447396409, -0.106362416, -0.993275083, -0.97277832, -0.230712891, -0.0191650391, -0.227079706, 0.967144535, -0.113717794, 0, 0, 0, 0, 0, 0, 0, 0.279643213, -0.0821838867, -0.208566064, 0.0124845142, -0.310767203, -0.950399962, 0.790161133, -0.579345703, 0.199829102, -0.612769602, -0.753408142, 0.238265105, 0, 3, 5, 1, 
521.438217, 72, 0.1, 0.1, 0.00100603898, 0.382983285, -0.0199677824, 0.77957588, 0.62630779, -1.30997425e-005, -0.62630779, 0.779575878, -4.83877717e-005, -2.00933951e-005, 4.59264105e-005, 0.999999999, 0.779575704, 0.626308008, -2.07730796e-005, -0.626308008, 0.779575704, -1.85946295e-005, 4.54822276e-006, 2.75062675e-005, 1, 0, -0, 0, 0, 0, 0, 0, 0.27410979, -0.155256543, -0.214302368, 0.0448291296, -0.107428427, -0.993186716, -0.973022461, -0.229370117, -0.0191650391, -0.225734368, 0.967436966, -0.114720525, 0, 0, 0, 0, 0, 0, 0, 0.279643213, -0.0821838867, -0.208566064, 0.0126507584, -0.311591494, -0.950112316, 0.790649414, -0.578369141, 0.200317383, -0.612015673, -0.753740264, 0.239031794, 0, 3, 5, 1, 
521.439, 72, 0.1, 0.1, 0.00100603898, 0.382983289, -0.0199674872, 0.779576678, 0.626306797, 5.54084964e-006, -0.626306796, 0.779576677, 3.2837132e-005, 1.62466018e-005, -2.90693341e-005, 0.999999999, 0.779576523, 0.626306989, 2.36723446e-006, -0.626306989, 0.779576523, 1.13687987e-005, 5.2749177e-006, -1.03454641e-005, 1, 0, -0, 0, 0, 0, 0, 0, 0.27410979, -0.155256543, -0.214302368, 0.0448291296, -0.107428427, -0.993186716, -0.973022461, -0.229370117, -0.0191650391, -0.225734368, 0.967436966, -0.114720525, 0, 0, 0, 0, 0, 0, 0, 0.280116553, -0.0829151367, -0.208307666, 0.0126507584, -0.311591494, -0.950112316, 0.790649414, -0.578369141, 0.200317383, -0.612015673, -0.753740264, 0.239031794, 0, 3, 5, 1, 
521.439783, 72, 0.1, 0.1, 0.0010060365, 0.38298329, -0.0199666728, 0.779577278, 0.626306049, -2.18666446e-006, -0.626306049, 0.779577277, -4.25550251e-005, -2.49477957e-005, 3.45444518e-005, 0.999999999, 0.779577193, 0.626306155, 1.01480217e-005, -0.626306155, 0.779577193, -3.19337051e-005, -2.79114423e-005, 1.85390197e-005, 0.999999999, 0, -0, 0, 0, 0, 0, 0, 0.27410979, -0.155256543, -0.214302368, 0.0448291296, -0.107428427, -0.993186716, -0.973022461, -0.229370117, -0.0191650391, -0.225734368, 0.967436966, -0.114720525, 0, 0, 0, 0, 0, 0, 0, 0.280116553, -0.0829151367, -0.208307666, 0.0126507584, -0.311591494, -0.950112316, 0.790649414, -0.578369141, 0.200317383, -0.612015673, -0.753740264, 0.239031794, 0, 3, 5, 1, 
521.440566, 72, 0.1, 0.1, 0.00100603888, 0.382983289, -0.0199656502, 0.779577443, 0.626305844, 1.71658658e-005, -0.626305844, 0.779577442, 4.29457687e-005, 1.35150641e-005, -4.42306347e-005, 0.999999999, 0.779577453, 0.626305831, -3.77678817e-006, -0.626305831, 0.779577453, 3.66607761e-005, 2.59051568e-005, -2.621449e-005, 0.999999999, 0, -0, 0, 0, 0, 0, 0, 0.27410979, -0.155256543, -0.214302368, 0.0448291296, -0.107428427, -0.993186716, -0.973022461, -0.229370117, -0.0191650391, -0.225734368, 0.967436966, -0.114720525, 0, 0, 0, 0, 0, 0, 0, 0.280116553, -0.0829151367, -0.208307666, 0.0126507584, -0.311591494, -0.950112316, 0.790649414, -0.578369141, 0.200317383, -0.612015673, -0.753740264, 0.239031794, 0, 3, 5, 1, 
521.441348, 72, 0.1, 0.1, 0.00100603586, 0.382983288, -0.01996479, 0.779577156, 0.6263062, -3.60793437e-005, -0.626306201, 0.779577156, -1.21781341e-005, 2.04993913e-005, 3.20905118e-005, 0.999999999, 0.77957725, 0.626306084, -4.86915878e-006, -0.626306084, 0.77957725, -1.38927065e-005, -4.90520119e-006, 1.38800217e-005, 1, 0, -0, 0, 0, 0, 0, 0, 0.27410979, -0.155256543, -0.214302368, 0.0448291296, -0.107428427, -0.993186716, -0.973022461, -0.229370117, -0.0191650391, -0.225734368, 0.967436966, -0.114720525, 0, 0, 0, 0, 0, 0, 0, 0.280116553, -0.0829151367, -0.208307666, 0.0126507584, -0.311591494, -0.950112316, 0.790649414, -0.578369141, 0.200317383, -0.612015673, -0.753740264, 0.239031794, 0, 3, 5, 1, 
521.442133, 72, 0.1, 0.1, 0.00100603818, 0.382983286, -0.0199643018, 0.779576651, 0.626306829, 4.05228747e-005, -0.62630683, 0.779576651, 2.0750969e-005, -1.85942134e-005, -4.15567241e-005, 0.999999999, 0.779576748, 0.626306709, 1.98640352e-005, -0.626306709, 0.779576748, 1.48991054e-005, -6.15413028e-006, -2.40559746e-005, 1, 0, -0, 0, 0, 0, 0, 0, 0.27410979, -0.155256543, -0.214302368, 0.0448291296, -0.107428427, -0.993186716, -0.973022461, -0.229370117, -0.0191650391, -0.225734368, 0.967436966, -0.114720525, 0, 0, 0, 0, 0, 0, 0, 0.280116553, -0.0829151367, -0.208307666, 0.0126507584, -0.311591494, -0.950112316, 0.790649414, -0.578369141, 0.200317383, -0.612015673, -0.753740264, 0.239031794, 0, 3, 5, 1, 
521.442949, 72, 0.1, 0.1, 0.00100603936, 0.382983285, -0.0199642039, 0.779576289, 0.626307278, -4.77895503e-005, -0.62630728, 0.779576289, -2.0378949e-005, 2.44921162e-005, 4.58178887e-005, 0.999999999, 0.779576324, 0.626307236, -3.7368753e-005, -0.626307236, 0.779576324, -1.19513608e-006, 2.83832728e-005, 2.43360202e-005, 0.999999999, 0, -0, 0, 0, 0, 0, 0, 0.274659302, -0.155696924, -0.213184082, 0.0468345924, -0.10730786, -0.993123436, -0.973022461, -0.229370117, -0.0211181641, -0.225557635, 0.96741787, -0.115101324, 0, 0, 0, 0, 0, 0, 0, 0.280116553, -0.0829151367, -0.208307666, 0.0128808018, -0.312709628, -0.949703268, 0.790771484, -0.57800293, 0.201049805, -0.611868752, -0.753612299, 0.239811243, 0, 3, 5, 1, 
521.443733, 72, 0.1, 0.1, 0.00100603829, 0.38298329, -0.0199643577, 0.779576397, 0.626307146, 3.21527882e-005, -0.626307146, 0.779576397, 1.22968874e-005, -1.73639263e-005, -2.97238842e-005, 0.999999999, 0.779576332, 0.626307226, 3.07065781e-005, -0.626307226, 0.779576333, -1.08569299e-005, -3.07378952e-005, -1.07679461e-005, 0.999999999, 0, -0, 0, 0, 0, 0, 0, 0.274659302, -0.155696924, -0.213184082, 0.0468345924, -0.10730786, -0.993123436, -0.973022461, -0.229370117, -0.0211181641, -0.225557635, 0.96741787, -0.115101324, 0, 0, 0, 0, 0, 0, 0, 0.280358105, -0.0836561523, -0.207817725, 0.0128808018, -0.312709628, -0.949703268, 0.790771484, -0.57800293, 0.201049805, -0.611868752, -0.753612299, 0.239811243, 0, 3, 5, 1, 
521.444514, 72, 0.1, 0.1, 0.0010060392, 0.382983289, -0.019964998, 0.779576934, 0.626306478, -1.0915025e-005, -0.626306478, 0.779576933, -4.64765883e-005, -2.05994867e-005, 4.30682271e-005, 0.999999999, 0.779576793, 0.626306653, -1.93147656e-005, -0.626306654, 0.779576792, -1.71929887e-005, 4.2892598e-006, 2.55002212e-005, 1, 0, -0, 0, 0, 0, 0, 0, 0.274659302, -0.155696924, -0.213184082, 0.0468345924, -0.10730786, -0.993123436, -0.973022461, -0.229370117, -0.0211181641, -0.225557635, 0.96741787, -0.115101324, 0, 0, 0, 0, 0, 0, 0, 0.280358105, -0.0836561523, -0.207817725, 0.0128808018, -0.312709628, -0.949703268, 0.790771484, -0.57800293, 0.201049805, -0.611868752, -0.753612299, 0.239811243, 0, 3, 5, 1, 
521.445301, 72, 0.1, 0.1, 0.00100603816, 0.382983293, -0.019965815, 0.779577667, 0.626305565, 1.03916782e-005, -0.626305565, 0.779577666, 3.74384756e-005, 1.53468054e-005, -3.56945653e-005, 0.999999999, 0.779577526, 0.626305741, 7.46144413e-006, -0.626305741, 0.779577526, 1.50079501e-005, 3.58279118e-006, -1.63730059e-005, 1, 0, -0, 0, 0, 0, 0, 0, 0.274659302, -0.155696924, -0.213184082, 0.0468345924, -0.10730786, -0.993123436, -0.973022461, -0.229370117, -0.0211181641, -0.225557635, 0.96741787, -0.115101324, 0, 0, 0, 0, 0, 0, 0, 0.280358105, -0.0836561523, -0.207817725, 0.0128808018, -0.312709628, -0.949703268, 0.790771484, -0.57800293, 0.201049805, -0.611868752, -0.753612299, 0.239811243, 0, 3, 5, 1, 
521.446098, 72, 0.1, 0.1, 0.00100603471, 0.382983293, -0.0199663981, 0.779578223, 0.626304873, 8.77804459e-007, -0.626304872, 0.779578223, -3.94716797e-005, -2.54056226e-005, 3.02214887e-005, 0.999999999, 0.77957815, 0.626304964, 1.38521825e-005, -0.626304964, 0.77957815, -2.82130347e-005, -2.84688225e-005, 1.33185747e-005, 1, 0, -0, 0, 0, 0, 0, 0, 0.274659302, -0.155696924, -0.213184082, 0.0468345924, -0.10730786, -0.993123436, -0.973022461, -0.229370117, -0.0211181641, -0.225557635, 0.96741787, -0.115101324, 0, 0, 0, 0, 0, 0, 0, 0.280548389, -0.0843839844, -0.207775732, 0.0122099947, -0.31355944, -0.949466662, 0.791259766, -0.577392578, 0.201049805, -0.611325543, -0.753701618, 0.241063538, 0, 3, 5, 1, 
521.446883, 72, 0.1, 0.1, 0.00100603698, 0.382983291, -0.0199667588, 0.779578333, 0.626304736, 1.62369407e-005, -0.626304736, 0.779578332, 4.24886812e-005, 1.39528951e-005, -4.32925281e-005, 0.999999999, 0.779578353, 0.626304712, -4.44308624e-006, -0.626304711, 0.779578352, 3.63948889e-005, 2.62580242e-005, -2.55899417e-005, 0.999999999, 0, -0, 0, 0, 0, 0, 0, 0.274659302, -0.155696924, -0.213184082, 0.0468345924, -0.10730786, -0.993123436, -0.973022461, -0.229370117, -0.0211181641, -0.225557635, 0.96741787, -0.115101324, 0, 0, 0, 0, 0, 0, 0, 0.280548389, -0.0843839844, -0.207775732, 0.0122099947, -0.31355944, -0.949466662, 0.791259766, -0.577392578, 0.201049805, -0.611325543, -0.753701618, 0.241063538, 0, 3, 5, 1, 
521.447674, 72, 0.1, 0.1, 0.00100603388, 0.38298329, -0.0199667573, 0.779578, 0.62630515, -3.30085302e-005, -0.62630515, 0.779578, -1.21001487e-005, 1.81543385e-005, 3.01064222e-005, 0.999999999, 0.779578107, 0.626305017, -2.1583325e-006, -0.626305017, 0.779578107, -1.27938728e-005, -6.33027794e-006, 1.13255976e-005, 1, 0, -0, 0, 0, 0, 0, 0, 0.274659302, -0.155696924, -0.213184082, 0.0468345924, -0.10730786, -0.993123436, -0.973022461, -0.229370117, -0.0211181641, -0.225557635, 0.96741787, -0.115101324, 0, 0, 0, 0, 0, 0, 0, 0.280548389, -0.0843839844, -0.207775732, 0.0122099947, -0.31355944, -0.949466662, 0.791259766, -0.577392578, 0.201049805, -0.611325543, -0.753701618, 0.241063538, 0, 3, 5, 1, 
521.448474, 72, 0.1, 0.1, 0.00100603603, 0.382983289, -0.0199661298, 0.779577464, 0.626305817, 3.9980806e-005, -0.626305818, 0.779577464, 1.53481729e-005, -2.15554854e-005, -3.70053012e-005, 0.999999999, 0.779577566, 0.626305691, 1.99532213e-005, -0.626305691, 0.779577566, 1.03652993e-005, -9.06323777e-006, -2.05773709e-005, 1, 0, -0, 0, 0, 0, 0, 0, 0.274588135, -0.155823242, -0.213413672, 0.0454510627, -0.105422964, -0.993382546, -0.973022461, -0.229370117, -0.0202636719, -0.225709281, 0.9676137, -0.11283563, 0, 0, 0, 0, 0, 0, 0, 0.280548389, -0.0843839844, -0.207775732, 0.0122099947, -0.31355944, -0.949466662, 0.791259766, -0.577392578, 0.201049805, -0.611325543, -0.753701618, 0.241063538, 0, 3, 5, 1, 
521.449262, 72, 0.1, 0.1, 0.00100603626, 0.382983289, -0.019965391, 0.779577078, 0.626306297, -4.13235333e-005, -0.626306298, 0.779577078, -2.21976467e-005, 1.83123535e-005, 4.31859657e-005, 0.999999999, 0.77957712, 0.626306245, -3.19332504e-005, -0.626306245, 0.779577121, -5.85919785e-006, 2.12247792e-005, 2.45676907e-005, 0.999999999, 0, -0, 0, 0, 0, 0, 0, 0.274588135, -0.155823242, -0.213413672, 0.0454510627, -0.105422964, -0.993382546, -0.973022461, -0.229370117, -0.0202636719, -0.225709281, 0.9676137, -0.11283563, 0, 0, 0, 0, 0, 0, 0, 0.280548389, -0.0843839844, -0.207775732, 0.0122099947, -0.31355944, -0.949466662, 0.791259766, -0.577392578, 0.201049805, -0.611325543, -0.753701618, 0.241063538, 0, 3, 5, 1, 
521.450048, 72, 0.1, 0.1, 0.00100603425, 0.382983294, -0.0199648379, 0.779577123, 0.626306241, 3.50201881e-005, -0.626306242, 0.779577123, 1.30966872e-005, -1.90984006e-005, -3.21432402e-005, 0.999999999, 0.779577072, 0.626306305, 3.42965281e-005, -0.626306305, 0.779577072, -1.00616366e-005, -3.30384534e-005, -1.36363106e-005, 0.999999999, 0, -0, 0, 0, 0, 0, 0, 0.274588135, -0.155823242, -0.213413672, 0.0454510627, -0.105422964, -0.993382546, -0.973022461, -0.229370117, -0.0202636719, -0.225709281, 0.9676137, -0.11283563, 0, 0, 0, 0, 0, 0, 0, 0.280548389, -0.0843839844, -0.207775732, 0.0122099947, -0.31355944, -0.949466662, 0.791259766, -0.577392578, 0.201049805, -0.611325543, -0.753701618, 0.241063538, 0, 3, 5, 1, 
521.45086, 72, 0.1, 0.1, 0.00100603544, 0.382983293, -0.019964266, 0.779577638, 0.626305601, -1.32219087e-005, -0.626305601, 0.779577637, -4.51767296e-005, -1.79869344e-005, 4.34997236e-005, 0.999999999, 0.779577504, 0.626305768, -2.16022135e-005, -0.626305768, 0.779577504, -1.56799992e-005, 7.02012574e-006, 2.57533656e-005, 1, 0, -0, 0, 0, 0, 0, 0, 0.275068066, -0.155265552, -0.213196045, 0.0462306334, -0.103233655, -0.993597471, -0.97253418, -0.231445312, -0.0212402344, -0.227810224, 0.967390539, -0.111071302, 0, 0, 0, 0, 0, 0, 0, 0.280776758, -0.0853797363, -0.207493896, 0.0121717152, -0.31517594, -0.948987252, 0.791503906, -0.576782227, 0.201782227, -0.610961338, -0.753503291, 0.242341353, 0, 3, 5, 1, 
521.451647, 72, 0.1, 0.1, 0.00100603504, 0.382983295, -0.0199642115, 0.779578342, 0.626304726, 7.48160573e-006, -0.626304725, 0.779578341, 4.46855502e-005, 2.21542734e-005, -3.95216521e-005, 0.999999999, 0.779578204, 0.626304896, 4.60148807e-006, -0.626304896, 0.779578204, 2.11367621e-005, 9.6508378e-006, -1.93596936e-005, 1, 0, -0, 0, 0, 0, 0, 0, 0.275068066, -0.155265552, -0.213196045, 0.0462306334, -0.103233655, -0.993597471, -0.97253418, -0.231445312, -0.0212402344, -0.227810224, 0.967390539, -0.111071302, 0, 0, 0, 0, 0, 0, 0, 0.280776758, -0.0853797363, -0.207493896, 0.0121717152, -0.31517594, -0.948987252, 0.791503906, -0.576782227, 0.201782227, -0.610961338, -0.753503291, 0.242341353, 0, 3, 5, 1, 
521.452432, 72, 0.1, 0.1, 0.00100603248, 0.382983294, -0.0199646274, 0.77957886, 0.626304081, -3.75962892e-006, -0.62630408, 0.779578859, -4.05371696e-005, -2.24576675e-005, 3.39565914e-005, 0.999999999, 0.779578794, 0.626304163, 9.86181055e-006, -0.626304162, 0.779578794, -2.76680076e-005, -2.50166467e-005, 1.5392899e-005, 1, 0, -0, 0, 0, 0, 0, 0, 0.275068066, -0.155265552, -0.213196045, 0.0462306334, -0.103233655, -0.993597471, -0.97253418, -0.231445312, -0.0212402344, -0.227810224, 0.967390539, -0.111071302, 0, 0, 0, 0, 0, 0, 0, 0.280776758, -0.0853797363, -0.207493896, 0.0121717152, -0.31517594, -0.948987252, 0.791503906, -0.576782227, 0.201782227, -0.610961338, -0.753503291, 0.242341353, 0, 3, 5, 1, 
521.453214, 72, 0.1, 0.1, 0.00100603592, 0.382983293, -0.0199654058, 0.779578927, 0.626303996, 1.22930373e-005, -0.626303996, 0.779578926, 4.07548546e-005, 1.59415355e-005, -3.94708042e-005, 0.999999999, 0.779578956, 0.626303961, -9.33575217e-006, -0.62630396, 0.779578956, 3.5015985e-005, 2.9208606e-005, -2.14507065e-005, 0.999999999, 0, -0, 0, 0, 0, 0, 0, 0.275068066, -0.155265552, -0.213196045, 0.0462306334, -0.103233655, -0.993597471, -0.97253418, -0.231445312, -0.0212402344, -0.227810224, 0.967390539, -0.111071302, 0, 0, 0, 0, 0, 0, 0, 0.280776758, -0.0853797363, -0.207493896, 0.0121717152, -0.31517594, -0.948987252, 0.791503906, -0.576782227, 0.201782227, -0.610961338, -0.753503291, 0.242341353, 0, 3, 5, 1, 
521.454003, 72, 0.1, 0.1, 0.00100603321, 0.382983293, -0.019966261, 0.779578545, 0.626304471, -3.41790074e-005, -0.626304472, 0.779578545, -1.61818753e-005, 1.651044e-005, 3.4021508e-005, 0.999999999, 0.779578657, 0.626304333, -4.56320924e-006, -0.626304333, 0.779578657, -1.72142716e-005, -7.22399237e-006, 1.62778365e-005, 1, 0, -0, 0, 0, 0, 0, 0, 0.275068066, -0.155265552, -0.213196045, 0.0462306334, -0.103233655, -0.993597471, -0.97253418, -0.231445312, -0.0212402344, -0.227810224, 0.967390539, -0.111071302, 0, 0, 0, 0, 0, 0, 0, 0.280776758, -0.0853797363, -0.207493896, 0.0121717152, -0.31517594, -0.948987252, 0.791503906, -0.576782227, 0.201782227, -0.610961338, -0.753503291, 0.242341353, 0, 3, 5, 1, 
521.454795, 72, 0.1, 0.1, 0.00100603514, 0.382983292, -0.0199668168, 0.779577962, 0.626305197, 4.02644514e-005, -0.626305198, 0.779577962, 1.67895284e-005, -2.08739101e-005, -3.83065816e-005, 0.999999999, 0.779578075, 0.626305058, 2.03046174e-005, -0.626305058, 0.779578075, 1.03327153e-005, -9.35760269e-006, -2.07720429e-005, 1, 0, -0, 0, 0, 0, 0, 0, 0.275068066, -0.155265552, -0.213196045, 0.0462306334, -0.103233655, -0.993597471, -0.97253418, -0.231445312, -0.0212402344, -0.227810224, 0.967390539, -0.111071302, 0, 0, 0, 0, 0, 0, 0, 0.280776758, -0.0853797363, -0.207493896, 0.0121717152, -0.31517594, -0.948987252, 0.791503906, -0.576782227, 0.201782227, -0.610961338, -0.753503291, 0.242341353, 0, 3, 5, 1, 
521.455608, 72, 0.1, 0.1, 0.00100603474, 0.38298329, -0.019966572, 0.779577525, 0.626305741, -3.79643236e-005, -0.626305742, 0.779577525, -1.43020738e-005, 2.06386625e-005, 3.49268491e-005, 0.999999999, 0.779577574, 0.62630568, -2.90871901e-005, -0.62630568, 0.779577575, 1.5880409e-006, 2.36703201e-005, 1.69794713e-005, 1, 0, -0, 0, 0, 0, 0, 0, 0.275002881, -0.156385181, -0.212974878, 0.0448984004, -0.10331603, -0.993660751, -0.97277832, -0.23034668, -0.0200195312, -0.226857667, 0.96765077, -0.110690504, 0, 0, 0, 0, 0, 0, 0, 0.281053467, -0.0856762207, -0.207227197, 0.0126894045, -0.316096113, -0.948578204, 0.792236328, -0.575561523, 0.202392578, -0.610047728, -0.754090976, 0.243120802, 0, 3, 5, 1, 
521.456393, 72, 0.1, 0.1, 0.00100603233, 0.382983294, -0.0199660407, 0.77957753, 0.626305735, 3.61153251e-005, -0.626305735, 0.77957753, 1.80580887e-005, -1.68448115e-005, -3.66969154e-005, 0.999999999, 0.779577488, 0.626305787, 3.53650262e-005, -0.626305787, 0.779577489, -3.84668187e-006, -2.99789774e-005, -1.9150534e-005, 0.999999999, 0, -0, 0, 0, 0, 0, 0, 0.275002881, -0.156385181, -0.212974878, 0.0448984004, -0.10331603, -0.993660751, -0.97277832, -0.23034668, -0.0200195312, -0.226857667, 0.96765077, -0.110690504, 0, 0, 0, 0, 0, 0, 0, 0.281053467, -0.0856762207, -0.207227197, 0.0126894045, -0.316096113, -0.948578204, 0.792236328, -0.575561523, 0.202392578, -0.610047728, -0.754090976, 0.243120802, 0, 3, 5, 1, 
521.457177, 72, 0.1, 0.1, 0.00100603259, 0.382983292, -0.0199654741, 0.779577966, 0.626305193, -8.61609761e-006, -0.626305192, 0.779577966, -4.22564246e-005, -1.97484983e-005, 3.83384842e-005, 0.999999999, 0.779577844, 0.626305344, -1.64515062e-005, -0.626305344, 0.779577844, -1.30841336e-005, 4.63056693e-006, 2.05037669e-005, 1, 0, -0, 0, 0, 0, 0, 0, 0.275002881, -0.156385181, -0.212974878, 0.0448984004, -0.10331603, -0.993660751, -0.97277832, -0.23034668, -0.0200195312, -0.226857667, 0.96765077, -0.110690504, 0, 0, 0, 0, 0, 0, 0, 0.281053467, -0.0856762207, -0.207227197, 0.0126894045, -0.316096113, -0.948578204, 0.792236328, -0.575561523, 0.202392578, -0.610047728, -0.754090976, 0.243120802, 0, 3, 5, 1, 
521.457959, 72, 0.1, 0.1, 0.00100603159, 0.382983295, -0.0199650794, 0.779578598, 0.626304407, 9.22668184e-006, -0.626304407, 0.779578597, 4.20178728e-005, 1.91230552e-005, -3.85349459e-005, 0.999999999, 0.779578476, 0.626304558, 6.9288454e-006, -0.626304558, 0.779578476, 2.00480415e-005, 7.15460106e-006, -1.99685891e-005, 1, 0, -0, 0, 0, 0, 0, 0, 0.275002881, -0.156385181, -0.212974878, 0.0448984004, -0.10331603, -0.993660751, -0.97277832, -0.23034668, -0.0200195312, -0.226857667, 0.96765077, -0.110690504, 0, 0, 0, 0, 0, 0, 0, 0.281053467, -0.0856762207, -0.207227197, 0.0126894045, -0.316096113, -0.948578204, 0.792236328, -0.575561523, 0.202392578, -0.610047728, -0.754090976, 0.243120802, 0, 3, 5, 1, 
521.458743, 72, 0.1, 0.1, 0.00100602902, 0.382983295, -0.0199649679, 0.779579061, 0.62630383, -4.29379348e-006, -0.62630383, 0.77957906, -4.28877356e-005, -2.35134016e-005, 3.61235999e-005, 0.999999999, 0.779579004, 0.626303901, 9.72022895e-006, -0.626303901, 0.779579004, -3.0470917e-005, -2.66617406e-005, 1.76666698e-005, 0.999999999, 0, -0, 0, 0, 0, 0, 0, 0.275002881, -0.156385181, -0.212974878, 0.0448984004, -0.10331603, -0.993660751, -0.97277832, -0.23034668, -0.0200195312, -0.226857667, 0.96765077, -0.110690504, 0, 0, 0, 0, 0, 0, 0, 0.281053467, -0.0856762207, -0.207227197, 0.0126894045, -0.316096113, -0.948578204, 0.792236328, -0.575561523, 0.202392578, -0.610047728, -0.754090976, 0.243120802, 0, 3, 5, 1, 
521.459526, 72, 0.1, 0.1, 0.00100603271, 0.382983293, -0.0199651499, 0.77957908, 0.626303806, 1.13522046e-005, -0.626303806, 0.779579079, 4.05743722e-005, 1.65619425e-005, -3.87408607e-005, 0.999999999, 0.779579119, 0.626303758, -1.05200734e-005, -0.626303758, 0.779579118, 3.44815529e-005, 2.97971557e-005, -2.02923371e-005, 0.999999999, 0, -0, 0, 0, 0, 0, 0, 0.275002881, -0.156385181, -0.212974878, 0.0448984004, -0.10331603, -0.993660751, -0.97277832, -0.23034668, -0.0200195312, -0.226857667, 0.96765077, -0.110690504, 0, 0, 0, 0, 0, 0, 0, 0.281053467, -0.0856762207, -0.207227197, 0.0126894045, -0.316096113, -0.948578204, 0.792236328, -0.575561523, 0.202392578, -0.610047728, -0.754090976, 0.243120802, 0, 3, 5, 1, 
521.460349, 72, 0.1, 0.1, 0.00100602953, 0.382983293, -0.0199650443, 0.779578622, 0.626304376, -3.58828508e-005, -0.626304376, 0.779578622, -1.83766314e-005, 1.64641388e-005, 3.67996155e-005, 0.999999999, 0.779578745, 0.626304223, -5.15679537e-006, -0.626304223, 0.779578745, -2.00718094e-005, -8.5509309e-006, 1.88772787e-005, 1, 0, -0, 0, 0, 0, 0, 0, 0.275473047, -0.157572559, -0.212302954, 0.0453364867, -0.10469956, -0.9935282, -0.972900391, -0.230102539, -0.0201416016, -0.226432686, 0.967499124, -0.112194601, 0, 0, 0, 0, 0, 0, 0, 0.281055664, -0.0859644043, -0.207186914, 0.0123062432, -0.316894885, -0.948328838, 0.793212891, -0.57434082, 0.202270508, -0.60873783, -0.754665901, 0.244251696, 0, 3, 5, 1, 
521.461134, 72, 0.1, 0.1, 0.00100603177, 0.382983293, -0.0199651375, 0.779577977, 0.626305179, 4.05327879e-005, -0.62630518, 0.779577977, 1.85536884e-005, -1.99781976e-005, -3.98499418e-005, 0.999999999, 0.779578102, 0.626305024, 1.98210425e-005, -0.626305024, 0.779578101, 1.13327636e-005, -8.35428384e-006, -2.12487928e-005, 1, 0, -0, 0, 0, 0, 0, 0, 0.275473047, -0.157572559, -0.212302954, 0.0453364867, -0.10469956, -0.9935282, -0.972900391, -0.230102539, -0.0201416016, -0.226432686, 0.967499124, -0.112194601, 0, 0, 0, 0, 0, 0, 0, 0.281055664, -0.0859644043, -0.207186914, 0.0123062432, -0.316894885, -0.948328838, 0.793212891, -0.57434082, 0.202270508, -0.60873783, -0.754665901, 0.244251696, 0, 3, 5, 1, 
521.46192, 72, 0.1, 0.1, 0.00100603191, 0.382983291, -0.0199654264, 0.779577503, 0.626305769, -4.05964992e-005, -0.626305769, 0.779577503, -1.19005101e-005, 2.41947593e-005, 3.47031916e-005, 0.999999999, 0.779577561, 0.626305696, -3.11911994e-005, -0.626305696, 0.779577562, 4.25131712e-006, 2.69785833e-005, 1.62209944e-005, 1, 0, -0, 0, 0, 0, 0, 0, 0.275473047, -0.157572559, -0.212302954, 0.0453364867, -0.10469956, -0.9935282, -0.972900391, -0.230102539, -0.0201416016, -0.226432686, 0.967499124, -0.112194601, 0, 0, 0, 0, 0, 0, 0, 0.281055664, -0.0859644043, -0.207186914, 0.0123062432, -0.316894885, -0.948328838, 0.793212891, -0.57434082, 0.202270508, -0.60873783, -0.754665901, 0.244251696, 0, 3, 5, 1, 
521.462736, 72, 0.1, 0.1, 0.00100602925, 0.382983294, -0.0199655197, 0.779577477, 0.6263058, 3.82528782e-005, -0.626305801, 0.779577477, 2.14960388e-005, -1.63579885e-005, -4.07158272e-005, 0.999999999, 0.779577438, 0.62630585, 3.75924057e-005, -0.62630585, 0.779577438, -1.44488997e-006, -3.02111344e-005, -2.241794e-005, 0.999999999, 0, -0, 0, 0, 0, 0, 0, 0.275447046, -0.159258667, -0.211850122, 0.0446965793, -0.107130004, -0.993269091, -0.973388672, -0.227905273, -0.0192871094, -0.224230271, 0.967760476, -0.114460294, 0, 0, 0, 0, 0, 0, 0, 0.281046143, -0.0862591797, -0.207136621, 0.0118272, -0.317827819, -0.94797083, 0.794067383, -0.573242187, 0.202148438, -0.607683495, -0.755132184, 0.245516751, 0, 3, 5, 1, 
521.463515, 72, 0.1, 0.1, 0.00100602929, 0.382983291, -0.0199655652, 0.779577899, 0.626305277, -8.18246834e-006, -0.626305276, 0.779577898, -3.83489697e-005, -1.76392906e-005, 3.50207323e-005, 0.999999999, 0.77957778, 0.626305425, -1.55535636e-005, -0.626305425, 0.77957778, -9.18267068e-006, 6.37405613e-006, 1.68998873e-005, 1, 0, -0, 0, 0, 0, 0, 0, 0.275447046, -0.159258667, -0.211850122, 0.0446965793, -0.107130004, -0.993269091, -0.973388672, -0.227905273, -0.0192871094, -0.224230271, 0.967760476, -0.114460294, 0, 0, 0, 0, 0, 0, 0, 0.281046143, -0.0862591797, -0.207136621, 0.0118272, -0.317827819, -0.94797083, 0.794067383, -0.573242187, 0.202148438, -0.607683495, -0.755132184, 0.245516751, 0, 3, 5, 1, 
521.464337, 72, 0.1, 0.1, 0.00100602821, 0.382983295, -0.0199651386, 0.779578551, 0.626304465, 8.89405154e-006, -0.626304465, 0.77957855, 4.10488611e-005, 1.87754732e-005, -3.75711958e-005, 0.999999999, 0.779578433, 0.626304612, 7.04098816e-006, -0.626304612, 0.779578432, 1.95775114e-005, 6.77248315e-006, -1.9672009e-005, 1, 0, -0, 0, 0, 0, 0, 0, 0.275447046, -0.159258667, -0.211850122, 0.0446965793, -0.107130004, -0.993269091, -0.973388672, -0.227905273, -0.0192871094, -0.224230271, 0.967760476, -0.114460294, 0, 0, 0, 0, 0, 0, 0, 0.281046143, -0.0862591797, -0.207136621, 0.0118272, -0.317827819, -0.94797083, 0.794067383, -0.573242187, 0.202148438, -0.607683495, -0.755132184, 0.245516751, 0, 3, 5, 1, 
521.465118, 72, 0.1, 0.1, 0.00100602597, 0.382983295, -0.0199650476, 0.779579007, 0.626303897, -5.85334683e-006, -0.626303897, 0.779579006, -4.3852565e-005, -2.2901886e-005, 3.7852513e-005, 0.999999999, 0.779578951, 0.626303967, 8.37278347e-006, -0.626303966, 0.779578951, -3.1300312e-005, -2.61307553e-005, 1.91571569e-005, 0.999999999, 0, -0, 0, 0, 0, 0, 0, 0.275447046, -0.159258667, -0.211850122, 0.0446965793, -0.107130004, -0.993269091, -0.973388672, -0.227905273, -0.0192871094, -0.224230271, 0.967760476, -0.114460294, 0, 0, 0, 0, 0, 0, 0, 0.281046143, -0.0862591797, -0.207136621, 0.0118272, -0.317827819, -0.94797083, 0.794067383, -0.573242187, 0.202148438, -0.607683495, -0.755132184, 0.245516751, 0, 3, 5, 1, 
521.465893, 72, 0.1, 0.1, 0.00100603007, 0.382983294, -0.019965316, 0.779579025, 0.626303875, 8.88521054e-006, -0.626303875, 0.779579024, 3.82772431e-005, 1.70464619e-005, -3.54049777e-005, 0.999999999, 0.779579062, 0.626303828, -1.23804711e-005, -0.626303828, 0.779579062, 3.23113127e-005, 2.98882549e-005, -1.74352864e-005, 0.999999999, 0, -0, 0, 0, 0, 0, 0, 0.275447046, -0.159258667, -0.211850122, 0.0446965793, -0.107130004, -0.993269091, -0.973388672, -0.227905273, -0.0192871094, -0.224230271, 0.967760476, -0.114460294, 0, 0, 0, 0, 0, 0, 0, 0.281046143, -0.0862591797, -0.207136621, 0.0118272, -0.317827819, -0.94797083, 0.794067383, -0.573242187, 0.202148438, -0.607683495, -0.755132184, 0.245516751, 0, 3, 5, 1, 
521.466672, 72, 0.1, 0.1, 0.0010060283, 0.382983294, -0.0199658235, 0.77957861, 0.626304391, -3.82256269e-005, -0.626304392, 0.77957861, -1.64399199e-005, 1.9503487e-005, 3.67570879e-005, 0.999999999, 0.779578728, 0.626304245, -8.32406997e-006, -0.626304245, 0.779578727, -1.78882779e-005, -4.71423651e-006, 1.91587213e-005, 1, 0, -0, 0, 0, 0, 0, 0, 0.275447046, -0.159258667, -0.211850122, 0.0446965793, -0.107130004, -0.993269091, -0.973388672, -0.227905273, -0.0192871094, -0.224230271, 0.967760476, -0.114460294, 0, 0, 0, 0, 0, 0, 0, 0.281046143, -0.0862591797, -0.207136621, 0.0118272, -0.317827819, -0.94797083, 0.794067383, -0.573242187, 0.202148438, -0.607683495, -0.755132184, 0.245516751, 0, 3, 5, 1, 
521.467476, 72, 0.1, 0.1, 0.00100603107, 0.382983293, -0.0199661115, 0.779577977, 0.626305179, 3.86288201e-005, -0.626305179, 0.779577977, 1.95986591e-005, -1.78394357e-005, -3.94721131e-005, 0.999999999, 0.779578095, 0.626305033, 1.8617411e-005, -0.626305033, 0.779578095, 1.28556444e-005, -6.46217097e-006, -2.1682157e-005, 1, 0, -0, 0, 0, 0, 0, 0, 0.275678345, -0.160456909, -0.211395337, 0.0448111554, -0.108735573, -0.993015974, -0.973510742, -0.227172852, -0.0190429687, -0.223506867, 0.96776759, -0.115983488, 0, 0, 0, 0, 0, 0, 0, 0.28093335, -0.0875160156, -0.20725415, 0.010102058, -0.320262047, -0.947293093, 0.794067383, -0.573120117, 0.202270508, -0.607619329, -0.754160605, 0.248411066, 0, 3, 5, 1, 
