time, trialNum, realDorsalTactorPos, realVentralTactorPos, box1PosX, box1PosY, box1PosZ, box1LocalRot_11, box1LocalRot_12, box1LocalRot_13, box1LocalRot_21, box1LocalRot_22, box1LocalRot_23, box1LocalRot_31, box1LocalRot_32, box1LocalRot_33, box1GlobalRot_11, box1GlobalRot_12, box1GlobalRot_13, box1GlobalRot_21, box1GlobalRot_22, box1GlobalRot_23, box1GlobalRot_31, box1GlobalRot_32, box1GlobalRot_33, indexForceX, indexForceY, indexForceZ, indexForceGlobalX, indexForceGlobalY, indexForceGlobalZ, indexContact, indexPosX, indexPosY, indexPosZ, indexRot_11, indexRot_12, indexRot_13, indexRot_21, indexRot_22, indexRot_23, indexRot_31, indexRot_32, indexRot_33, thumbForceX, thumbForceY, thumbForceZ, thumbForceGlobalX, thumbForceGlobalY, thumbForceGlobalZ, thumbContact, thumbPosX, thumbPosY, thumbPosZ, thumbRot_11, thumbRot_12, thumbRot_13, thumbRot_21, thumbRot_22, thumbRot_23, thumbRot_31, thumbRot_32, thumbRot_33, manipForceTooHigh, cceExpType, mapping, trialSuccess, 
936.911537, 69, 0.1, 0.1, -0.00268099856, 0.368706807, -0.0199612375, 0.908861693, -0.417097619, 1.49252916e-005, 0.417097618, 0.908861693, 2.09478955e-005, -2.23023431e-005, -1.28134362e-005, 1, 0.908861574, -0.417097876, 3.1340008e-005, 0.417097875, 0.908861575, 2.2957881e-005, -3.80594124e-005, -7.79368511e-006, 0.999999999, 0, -0, 0, 0, 0, 0, 0, 0.293989673, -0.0849850342, -0.197577344, 0.0300643756, 0.559477571, -0.828290989, -0.998291016, -0.0224609375, -0.0515136719, -0.0474009466, 0.828563202, 0.558074946, 0, 0, -0, 0, 0, 0, 0, 0.331733154, -0.0237133789, -0.164839209, 0.111937732, 0.349712741, -0.93005962, 0.518310547, -0.819091797, -0.245605469, -0.847802068, -0.454460035, -0.272907052, 0, 3, 5, 1, 
936.951884, 69, 0.1, 0.1, -0.00268101484, 0.368706801, -0.0199658489, 0.908860758, -0.417099655, -1.45377001e-005, 0.417099654, 0.908860757, -4.5840642e-005, 3.23328611e-005, 3.55990909e-005, 0.999999999, 0.908860673, -0.417099842, -5.45915011e-006, 0.417099841, 0.908860672, -3.63095504e-005, 2.01063146e-005, 3.07233118e-005, 0.999999999, 0, -0, 0, 0, 0, 0, 0, 0.292303662, -0.0876981689, -0.195001611, 0.0444879007, 0.54966967, -0.834114913, -0.998291016, -0.00622558594, -0.0573730469, -0.0367082555, 0.835307483, 0.548615642, 0, 0, -0, 0, 0, 0, 0, 0.330006201, -0.0256363281, -0.164106152, 0.117349032, 0.339215701, -0.933266734, 0.511108398, -0.826293945, -0.236083984, -0.851406569, -0.449180697, -0.270421051, 0, 3, 5, 1, 
936.952671, 69, 0.1, 0.1, -0.00268101396, 0.368706798, -0.019964367, 0.908861181, -0.417098733, -1.16425401e-006, 0.417098732, 0.90886118, 4.79894584e-005, -1.8958197e-005, -4.41013647e-005, 0.999999999, 0.908861103, -0.417098903, 3.6031257e-007, 0.417098903, 0.908861102, 4.52908508e-005, -1.92182383e-005, -4.10128066e-005, 0.999999999, 0, -0, 0, 0, 0, 0, 0, 0.292303662, -0.0876981689, -0.195001611, 0.0444879007, 0.54966967, -0.834114913, -0.998291016, -0.00622558594, -0.0573730469, -0.0367082555, 0.835307483, 0.548615642, 0, 0, -0, 0, 0, 0, 0, 0.330006201, -0.0256363281, -0.164106152, 0.117349032, 0.339215701, -0.933266734, 0.511108398, -0.826293945, -0.236083984, -0.851406569, -0.449180697, -0.270421051, 0, 3, 5, 1, 
936.953492, 69, 0.1, 0.1, -0.00268101319, 0.368706803, -0.019963117, 0.908861453, -0.417098141, 1.4621732e-005, 0.417098142, 0.908861451, -5.44552989e-005, 9.4240754e-006, 5.55910193e-005, 0.999999998, 0.908861428, -0.417098196, -2.06576591e-006, 0.417098195, 0.908861426, -5.62441055e-005, 2.53368099e-005, 5.02564708e-005, 0.999999998, 0, -0, 0, 0, 0, 0, 0, 0.29286731, -0.0865167725, -0.195180908, 0.042607875, 0.551001903, -0.833321116, -0.998168945, -0.00988769532, -0.0576171875, -0.0399946548, 0.834354926, 0.549725836, 0, 0, -0, 0, 0, 0, 0, 0.330304395, -0.0252101074, -0.163896582, 0.118256445, 0.339183618, -0.933164656, 0.512084961, -0.825927734, -0.235229492, -0.850697483, -0.450043268, -0.271392264, 0, 3, 5, 1, 
936.954283, 69, 0.1, 0.1, -0.00268101761, 0.3687068, -0.0199626201, 0.90886137, -0.417098321, -2.2555589e-005, 0.417098322, 0.90886137, 2.87882774e-005, 8.49236131e-006, -3.55724515e-005, 0.999999999, 0.908861416, -0.417098221, 3.43977017e-006, 0.41709822, 0.908861416, 3.51524256e-005, -1.77882886e-005, -3.05139613e-005, 0.999999999, 0, -0, 0, 0, 0, 0, 0, 0.29286731, -0.0865167725, -0.195180908, 0.042607875, 0.551001903, -0.833321116, -0.998168945, -0.00988769532, -0.0576171875, -0.0399946548, 0.834354926, 0.549725836, 0, 0, -0, 0, 0, 0, 0, 0.330304395, -0.0252101074, -0.163896582, 0.118256445, 0.339183618, -0.933164656, 0.512084961, -0.825927734, -0.235229492, -0.850697483, -0.450043268, -0.271392264, 0, 3, 5, 1, 
936.95507, 69, 0.1, 0.1, -0.00268102046, 0.368706803, -0.0199631477, 0.908860999, -0.417099126, 5.22280714e-005, 0.417099128, 0.908861, -3.28547781e-005, -3.3764358e-005, 5.16447095e-005, 0.999999998, 0.90886109, -0.41709893, 3.91639464e-005, 0.417098931, 0.90886109, -3.45255561e-005, -2.11940145e-005, 4.77141747e-005, 0.999999999, 0, -0, 0, 0, 0, 0, 0, 0.29286731, -0.0865167725, -0.195180908, 0.042607875, 0.551001903, -0.833321116, -0.998168945, -0.00988769532, -0.0576171875, -0.0399946548, 0.834354926, 0.549725836, 0, 0, -0, 0, 0, 0, 0, 0.330304395, -0.0252101074, -0.163896582, 0.118256445, 0.339183618, -0.933164656, 0.512084961, -0.825927734, -0.235229492, -0.850697483, -0.450043268, -0.271392264, 0, 3, 5, 1, 
936.955856, 69, 0.1, 0.1, -0.00268102098, 0.368706801, -0.0199644944, 0.908860538, -0.417100134, -3.37389077e-005, 0.417100135, 0.908860537, 3.24076462e-005, 1.71467282e-005, -4.35265337e-005, 0.999999999, 0.908860625, -0.417099945, -3.10439434e-005, 0.417099946, 0.908860624, 2.61751503e-005, 1.7296964e-005, -3.67379905e-005, 0.999999999, 0, -0, 0, 0, 0, 0, 0, 0.29286731, -0.0865167725, -0.195180908, 0.042607875, 0.551001903, -0.833321116, -0.998168945, -0.00988769532, -0.0576171875, -0.0399946548, 0.834354926, 0.549725836, 0, 0, -0, 0, 0, 0, 0, 0.330304395, -0.0252101074, -0.163896582, 0.118256445, 0.339183618, -0.933164656, 0.512084961, -0.825927734, -0.235229492, -0.850697483, -0.450043268, -0.271392264, 0, 3, 5, 1, 
936.956639, 69, 0.1, 0.1, -0.00268102516, 0.3687068, -0.0199661684, 0.908860244, -0.417100774, 2.39020033e-005, 0.417100774, 0.908860244, -2.63913324e-005, -1.07157354e-005, 3.39555769e-005, 0.999999999, 0.90886028, -0.417100696, 3.53118583e-005, 0.417100697, 0.90886028, -1.67420609e-005, -2.51104201e-005, 2.99447948e-005, 0.999999999, 0, -0, 0, 0, 0, 0, 0, 0.29286731, -0.0865167725, -0.195180908, 0.042607875, 0.551001903, -0.833321116, -0.998168945, -0.00988769532, -0.0576171875, -0.0399946548, 0.834354926, 0.549725836, 0, 0, -0, 0, 0, 0, 0, 0.330304395, -0.0252101074, -0.163896582, 0.118256445, 0.339183618, -0.933164656, 0.512084961, -0.825927734, -0.235229492, -0.850697483, -0.450043268, -0.271392264, 0, 3, 5, 1, 
936.957425, 69, 0.1, 0.1, -0.00268102099, 0.368706797, -0.0199675543, 0.908860254, -0.417100753, -1.36410567e-005, 0.417100754, 0.908860253, 4.60415146e-005, -6.80613621e-006, -4.75349976e-005, 0.999999999, 0.908860225, -0.417100815, -3.19812993e-005, 0.417100816, 0.908860225, 3.25646645e-005, 1.54837828e-005, -4.29361543e-005, 0.999999999, 0, -0, 0, 0, 0, 0, 0, 0.29286731, -0.0865167725, -0.195180908, 0.042607875, 0.551001903, -0.833321116, -0.998168945, -0.00988769532, -0.0576171875, -0.0399946548, 0.834354926, 0.549725836, 0, 0, -0, 0, 0, 0, 0, 0.330304395, -0.0252101074, -0.163896582, 0.118256445, 0.339183618, -0.933164656, 0.512084961, -0.825927734, -0.235229492, -0.850697483, -0.450043268, -0.271392264, 0, 3, 5, 1, 
936.95824, 69, 0.1, 0.1, -0.0026810213, 0.368706797, -0.0199681392, 0.908860539, -0.417100131, -1.39697696e-005, 0.417100131, 0.908860539, -4.30781828e-005, 3.0664488e-005, 3.33252677e-005, 0.999999999, 0.908860463, -0.417100298, -5.98278929e-006, 0.417100298, 0.908860463, -3.3719356e-005, 1.95018741e-005, 2.81507663e-005, 0.999999999, 0, -0, 0, 0, 0, 0, 0, 0.293166211, -0.0852966797, -0.195782397, 0.0398337024, 0.55312082, -0.83211432, -0.998291016, -0.0128173828, -0.0563964844, -0.0419035157, 0.832906995, 0.551882946, 0, 0, -0, 0, 0, 0, 0, 0.330304395, -0.0252101074, -0.163896582, 0.117368355, 0.33950298, -0.933202935, 0.512695312, -0.825439453, -0.235839844, -0.850422597, -0.450746158, -0.271028059, 0, 3, 5, 1, 
936.959031, 69, 0.1, 0.1, -0.00268102091, 0.368706794, -0.0199675444, 0.908860893, -0.417099361, 2.38616506e-006, 0.417099361, 0.908860892, 4.46651434e-005, -2.07984949e-005, -3.95991342e-005, 0.999999999, 0.908860828, -0.417099504, 3.08311066e-006, 0.417099503, 0.908860827, 4.18918658e-005, -2.02751949e-005, -3.67879119e-005, 0.999999999, 0, -0, 0, 0, 0, 0, 0, 0.293166211, -0.0852966797, -0.195782397, 0.0398337024, 0.55312082, -0.83211432, -0.998291016, -0.0128173828, -0.0563964844, -0.0419035157, 0.832906995, 0.551882946, 0, 0, -0, 0, 0, 0, 0, 0.330474658, -0.0249805176, -0.164114697, 0.117368355, 0.33950298, -0.933202935, 0.512695312, -0.825439453, -0.235839844, -0.850422597, -0.450746158, -0.271028059, 0, 3, 5, 1, 
936.959815, 69, 0.1, 0.1, -0.00268102119, 0.368706797, -0.0199664024, 0.908861113, -0.417098881, 1.64916982e-005, 0.417098881, 0.908861112, -4.22493953e-005, 2.63351234e-006, 4.52775014e-005, 0.999999999, 0.908861092, -0.417098928, 1.52372315e-006, 0.417098928, 0.908861091, -4.39984466e-005, 1.69668522e-005, 4.06240195e-005, 0.999999999, 0, -0, 0, 0, 0, 0, 0, 0.293166211, -0.0852966797, -0.195782397, 0.0398337024, 0.55312082, -0.83211432, -0.998291016, -0.0128173828, -0.0563964844, -0.0419035157, 0.832906995, 0.551882946, 0, 0, -0, 0, 0, 0, 0, 0.330474658, -0.0249805176, -0.164114697, 0.117368355, 0.33950298, -0.933202935, 0.512695312, -0.825439453, -0.235839844, -0.850422597, -0.450746158, -0.271028059, 0, 3, 5, 1, 
936.960625, 69, 0.1, 0.1, -0.00268102523, 0.368706793, -0.0199649921, 0.908861025, -0.417099072, -2.37769987e-005, 0.417099073, 0.908861025, 3.1355242e-005, 8.53174501e-006, -3.84149215e-005, 0.999999999, 0.908861074, -0.417098966, 2.71921696e-006, 0.417098966, 0.908861074, 3.87177642e-005, -1.86205299e-005, -3.40548862e-005, 0.999999999, 0, -0, 0, 0, 0, 0, 0, 0.29347793, -0.0843106934, -0.196611157, 0.0372755773, 0.555017699, -0.830964812, -0.998291016, -0.0152587891, -0.0550537109, -0.0432286356, 0.831617824, 0.553678352, 0, 0, -0, 0, 0, 0, 0, 0.330474658, -0.0249805176, -0.164114697, 0.117023473, 0.340033062, -0.933043254, 0.514404297, -0.82434082, -0.235839844, -0.849476904, -0.4522861, -0.271379504, 0, 3, 5, 1, 
936.96141, 69, 0.1, 0.1, -0.00268102747, 0.368706796, -0.0199637031, 0.908860663, -0.417099859, 4.85234813e-005, 0.41709986, 0.908860663, -3.00708229e-005, -3.15585474e-005, 4.75693253e-005, 0.999999998, 0.908860752, -0.417099668, 3.59378798e-005, 0.417099669, 0.908860751, -3.13823452e-005, -1.95729626e-005, 4.35118596e-005, 0.999999999, 0, -0, 0, 0, 0, 0, 0, 0.29347793, -0.0843106934, -0.196611157, 0.0372755773, 0.555017699, -0.830964812, -0.998291016, -0.0152587891, -0.0550537109, -0.0432286356, 0.831617824, 0.553678352, 0, 0, -0, 0, 0, 0, 0, 0.330918213, -0.0243081055, -0.164334766, 0.117023473, 0.340033062, -0.933043254, 0.514404297, -0.82434082, -0.235839844, -0.849476904, -0.4522861, -0.271379504, 0, 3, 5, 1, 
936.962197, 69, 0.1, 0.1, -0.00268102673, 0.368706793, -0.0199631817, 0.908860212, -0.417100843, -3.94767636e-005, 0.417100844, 0.908860212, 3.30467933e-005, 2.20950144e-005, -4.6500707e-005, 0.999999999, 0.908860295, -0.417100663, -3.75073625e-005, 0.417100664, 0.908860295, 2.7874366e-005, 2.2462536e-005, -4.09782503e-005, 0.999999999, 0, -0, 0, 0, 0, 0, 0, 0.29347793, -0.0843106934, -0.196611157, 0.0372755773, 0.555017699, -0.830964812, -0.998291016, -0.0152587891, -0.0550537109, -0.0432286356, 0.831617824, 0.553678352, 0, 0, -0, 0, 0, 0, 0, 0.330918213, -0.0243081055, -0.164334766, 0.117023473, 0.340033062, -0.933043254, 0.514404297, -0.82434082, -0.235839844, -0.849476904, -0.4522861, -0.271379504, 0, 3, 5, 1, 
936.962978, 69, 0.1, 0.1, -0.00268103072, 0.368706793, -0.0199635798, 0.908859932, -0.417101454, 2.57636776e-005, 0.417101454, 0.908859932, -3.43724028e-005, -9.07879515e-006, 4.19857671e-005, 0.999999999, 0.908859963, -0.417101386, 3.70012795e-005, 0.417101387, 0.908859963, -2.34472562e-005, -2.38490985e-005, 3.67435574e-005, 0.999999999, 0, -0, 0, 0, 0, 0, 0, 0.29347793, -0.0843106934, -0.196611157, 0.0372755773, 0.555017699, -0.830964812, -0.998291016, -0.0152587891, -0.0550537109, -0.0432286356, 0.831617824, 0.553678352, 0, 0, -0, 0, 0, 0, 0, 0.330918213, -0.0243081055, -0.164334766, 0.117023473, 0.340033062, -0.933043254, 0.514404297, -0.82434082, -0.235839844, -0.849476904, -0.4522861, -0.271379504, 0, 3, 5, 1, 
936.963758, 69, 0.1, 0.1, -0.00268102685, 0.368706792, -0.0199647421, 0.908859973, -0.417101367, -9.75797776e-006, 0.417101367, 0.908859972, 4.28903265e-005, -9.0209784e-006, -4.30513668e-005, 0.999999999, 0.908859936, -0.417101445, -3.0412107e-005, 0.417101446, 0.908859936, 2.83058858e-005, 1.58339198e-005, -3.84110194e-005, 0.999999999, 0, -0, 0, 0, 0, 0, 0, 0.29347793, -0.0843106934, -0.196611157, 0.0372755773, 0.555017699, -0.830964812, -0.998291016, -0.0152587891, -0.0550537109, -0.0432286356, 0.831617824, 0.553678352, 0, 0, -0, 0, 0, 0, 0, 0.330918213, -0.0243081055, -0.164334766, 0.117023473, 0.340033062, -0.933043254, 0.514404297, -0.82434082, -0.235839844, -0.849476904, -0.4522861, -0.271379504, 0, 3, 5, 1, 
936.964541, 69, 0.1, 0.1, -0.00268102848, 0.368706793, -0.0199662014, 0.908860288, -0.417100679, -8.19484949e-006, 0.417100678, 0.908860287, -4.80789373e-005, 2.75017307e-005, 4.02789595e-005, 0.999999999, 0.90886021, -0.41710085, 9.40665667e-008, 0.417100849, 0.908860209, -3.90879694e-005, 1.62181319e-005, 3.55647353e-005, 0.999999999, 0, -0, 0, 0, 0, 0, 0, 0.29347793, -0.0843106934, -0.196611157, 0.0372755773, 0.555017699, -0.830964812, -0.998291016, -0.0152587891, -0.0550537109, -0.0432286356, 0.831617824, 0.553678352, 0, 0, -0, 0, 0, 0, 0, 0.330918213, -0.0243081055, -0.164334766, 0.117023473, 0.340033062, -0.933043254, 0.514404297, -0.82434082, -0.235839844, -0.849476904, -0.4522861, -0.271379504, 0, 3, 5, 1, 
936.965362, 69, 0.1, 0.1, -0.00268102847, 0.368706789, -0.0199672423, 0.908860705, -0.417099771, 1.23244543e-006, 0.417099771, 0.908860704, 4.78676517e-005, -2.10857078e-005, -4.2990975e-005, 0.999999999, 0.908860625, -0.417099946, 3.56224516e-006, 0.417099945, 0.908860624, 4.35922084e-005, -2.14198921e-005, -3.81334295e-005, 0.999999999, 0, -0, 0, 0, 0, 0, 0, 0.293034619, -0.0842937256, -0.196822925, 0.0372194111, 0.555360305, -0.83076786, -0.998413086, -0.0135498047, -0.0538330078, -0.0412422688, 0.831439968, 0.554141526, 0, 0, -0, 0, 0, 0, 0, 0.330918213, -0.0243081055, -0.164334766, 0.117253516, 0.339803019, -0.933017735, 0.514526367, -0.82434082, -0.235595703, -0.849329982, -0.452433021, -0.271622307, 0, 3, 5, 1, 
936.966145, 69, 0.1, 0.1, -0.00268102765, 0.368706791, -0.0199673976, 0.908860953, -0.41709923, 1.01487899e-005, 0.41709923, 0.908860952, -3.71743206e-005, 6.28154165e-006, 3.80193409e-005, 0.999999999, 0.908860926, -0.417099289, -4.05820045e-006, 0.417099289, 0.908860925, -3.81930101e-005, 1.96186172e-005, 3.3019462e-005, 0.999999999, 0, -0, 0, 0, 0, 0, 0, 0.293034619, -0.0842937256, -0.196822925, 0.0372194111, 0.555360305, -0.83076786, -0.998413086, -0.0135498047, -0.0538330078, -0.0412422688, 0.831439968, 0.554141526, 0, 0, -0, 0, 0, 0, 0, 0.331159766, -0.0241031738, -0.164338184, 0.117253516, 0.339803019, -0.933017735, 0.514526367, -0.82434082, -0.235595703, -0.849329982, -0.452433021, -0.271622307, 0, 3, 5, 1, 
936.966951, 69, 0.1, 0.1, -0.00268103045, 0.368706787, -0.0199669361, 0.908860906, -0.417099333, -2.58429575e-005, 0.417099334, 0.908860905, 3.06052244e-005, 1.07222351e-005, -3.85949723e-005, 0.999999999, 0.908860944, -0.417099251, -1.4389789e-006, 0.417099251, 0.908860943, 3.77433597e-005, -1.44348954e-005, -3.49036626e-005, 0.999999999, 0, -0, 0, 0, 0, 0, 0, 0.293034619, -0.0842937256, -0.196822925, 0.0372194111, 0.555360305, -0.83076786, -0.998413086, -0.0135498047, -0.0538330078, -0.0412422688, 0.831439968, 0.554141526, 0, 0, -0, 0, 0, 0, 0, 0.331159766, -0.0241031738, -0.164338184, 0.117253516, 0.339803019, -0.933017735, 0.514526367, -0.82434082, -0.235595703, -0.849329982, -0.452433021, -0.271622307, 0, 3, 5, 1, 
936.967748, 69, 0.1, 0.1, -0.00268103172, 0.36870679, -0.0199657298, 0.908860586, -0.417100028, 4.30203551e-005, 0.417100029, 0.908860586, -3.02886556e-005, -2.6466106e-005, 4.54719566e-005, 0.999999999, 0.908860664, -0.417099859, 3.107146e-005, 0.417099859, 0.908860664, -3.13238553e-005, -1.51744521e-005, 4.14289215e-005, 0.999999999, 0, -0, 0, 0, 0, 0, 0, 0.293034619, -0.0842937256, -0.196822925, 0.0372194111, 0.555360305, -0.83076786, -0.998413086, -0.0135498047, -0.0538330078, -0.0412422688, 0.831439968, 0.554141526, 0, 0, -0, 0, 0, 0, 0, 0.331159766, -0.0241031738, -0.164338184, 0.117253516, 0.339803019, -0.933017735, 0.514526367, -0.82434082, -0.235595703, -0.849329982, -0.452433021, -0.271622307, 0, 3, 5, 1, 
936.968534, 69, 0.1, 0.1, -0.00268103061, 0.368706788, -0.019964631, 0.908860184, -0.417100905, -3.80666256e-005, 0.417100906, 0.908860183, 2.98264524e-005, 2.21566001e-005, -4.2985699e-005, 0.999999999, 0.908860258, -0.417100744, -3.68086784e-005, 0.417100745, 0.908860257, 2.462399e-005, 2.31832604e-005, -3.77326931e-005, 0.999999999, 0, -0, 0, 0, 0, 0, 0, 0.293034619, -0.0842937256, -0.196822925, 0.0372194111, 0.555360305, -0.83076786, -0.998413086, -0.0135498047, -0.0538330078, -0.0412422688, 0.831439968, 0.554141526, 0, 0, -0, 0, 0, 0, 0, 0.331159766, -0.0241031738, -0.164338184, 0.117253516, 0.339803019, -0.933017735, 0.514526367, -0.82434082, -0.235595703, -0.849329982, -0.452433021, -0.271622307, 0, 3, 5, 1, 
936.969339, 69, 0.1, 0.1, -0.00268103507, 0.368706788, -0.0199638531, 0.908859943, -0.41710143, 2.67110272e-005, 0.417101431, 0.908859943, -3.55680807e-005, -9.44108534e-006, 4.34676114e-005, 0.999999999, 0.908859966, -0.417101379, 3.87498644e-005, 0.41710138, 0.908859966, -2.53242162e-005, -2.4655435e-005, 3.91787881e-005, 0.999999999, 0, -0, 0, 0, 0, 0, 0, 0.293034619, -0.0842937256, -0.196822925, 0.0372194111, 0.555360305, -0.83076786, -0.998413086, -0.0135498047, -0.0538330078, -0.0412422688, 0.831439968, 0.554141526, 0, 0, -0, 0, 0, 0, 0, 0.331159766, -0.0241031738, -0.164338184, 0.117253516, 0.339803019, -0.933017735, 0.514526367, -0.82434082, -0.235595703, -0.849329982, -0.452433021, -0.271622307, 0, 3, 5, 1, 
936.970168, 69, 0.1, 0.1, -0.00268102966, 0.368706786, -0.0199630586, 0.908860038, -0.417101225, -1.3780735e-005, 0.417101225, 0.908860036, 5.01457399e-005, -8.39109022e-006, -5.13234205e-005, 0.999999999, 0.908859989, -0.417101329, -3.57864811e-005, 0.41710133, 0.908859989, 3.49788738e-005, 1.79351661e-005, -4.67174878e-005, 0.999999999, 0, -0, 0, 0, 0, 0, 0, 0.293086865, -0.0843432861, -0.196408179, 0.0382663259, 0.554351582, -0.831320523, -0.998291016, -0.0134277344, -0.0549316406, -0.0416552677, 0.832094102, 0.55299314, 0, 0, -0, 0, 0, 0, 0, 0.331159766, -0.0241031738, -0.164338184, 0.117253516, 0.339803019, -0.933017735, 0.514526367, -0.82434082, -0.235595703, -0.849329982, -0.452433021, -0.271622307, 0, 3, 5, 1, 
936.970964, 69, 0.1, 0.1, -0.002681031, 0.368706787, -0.0199629793, 0.908860433, -0.417100363, -1.0291865e-005, 0.417100362, 0.908860433, -4.85907191e-005, 2.96210755e-005, 3.98694414e-005, 0.999999999, 0.908860339, -0.417100569, -1.37381852e-006, 0.417100569, 0.908860338, -3.88065264e-005, 1.74348334e-005, 3.46966922e-005, 0.999999999, 0, -0, 0, 0, 0, 0, 0, 0.293086865, -0.0843432861, -0.196408179, 0.0382663259, 0.554351582, -0.831320523, -0.998291016, -0.0134277344, -0.0549316406, -0.0416552677, 0.832094102, 0.55299314, 0, 0, -0, 0, 0, 0, 0, 0.331174902, -0.02395, -0.164129834, 0.117323878, 0.339042527, -0.933273298, 0.515380859, -0.82409668, -0.234619141, -0.848831616, -0.453372151, -0.271526425, 0, 3, 5, 1, 
936.971747, 69, 0.1, 0.1, -0.00268103077, 0.368706783, -0.0199638393, 0.908860905, -0.417099334, 1.6281775e-006, 0.417099333, 0.908860904, 5.32896551e-005, -2.37068665e-005, -4.77537725e-005, 0.999999999, 0.908860817, -0.417099526, 3.60904989e-006, 0.417099526, 0.908860816, 4.88696749e-005, -2.36636423e-005, -4.29103996e-005, 0.999999999, 0, -0, 0, 0, 0, 0, 0, 0.293086865, -0.0843432861, -0.196408179, 0.0382663259, 0.554351582, -0.831320523, -0.998291016, -0.0134277344, -0.0549316406, -0.0416552677, 0.832094102, 0.55299314, 0, 0, -0, 0, 0, 0, 0, 0.331174902, -0.02395, -0.164129834, 0.117323878, 0.339042527, -0.933273298, 0.515380859, -0.82409668, -0.234619141, -0.848831616, -0.453372151, -0.271526425, 0, 3, 5, 1, 
936.972532, 69, 0.1, 0.1, -0.00268102996, 0.368706785, -0.0199652818, 0.908861215, -0.41709866, 1.18335678e-005, 0.41709866, 0.908861214, -4.07769283e-005, 6.25293138e-006, 4.19963339e-005, 0.999999999, 0.908861179, -0.417098739, -3.4487044e-006, 0.417098738, 0.908861178, -4.12562924e-005, 2.03423411e-005, 3.60577923e-005, 0.999999999, 0, -0, 0, 0, 0, 0, 0, 0.293086865, -0.0843432861, -0.196408179, 0.0382663259, 0.554351582, -0.831320523, -0.998291016, -0.0134277344, -0.0549316406, -0.0416552677, 0.832094102, 0.55299314, 0, 0, -0, 0, 0, 0, 0, 0.331174902, -0.02395, -0.164129834, 0.117323878, 0.339042527, -0.933273298, 0.515380859, -0.82409668, -0.234619141, -0.848831616, -0.453372151, -0.271526425, 0, 3, 5, 1, 
936.973347, 69, 0.1, 0.1, -0.00268103384, 0.368706781, -0.0199665618, 0.908861201, -0.417098689, -2.12740865e-005, 0.417098689, 0.908861201, 3.23902082e-005, 5.82527842e-006, -3.83115972e-005, 0.999999999, 0.908861231, -0.417098624, 1.65215773e-006, 0.417098624, 0.908861231, 3.89108759e-005, -1.77312549e-005, -3.46754739e-005, 0.999999999, 0, -0, 0, 0, 0, 0, 0, 0.29290769, -0.0843806396, -0.195989404, 0.0391293939, 0.553583994, -0.831815897, -0.998291016, -0.0130615234, -0.0556640625, -0.0416683723, 0.832710044, 0.552206456, 0, 0, -0, 0, 0, 0, 0, 0.330688379, -0.0240178711, -0.164369189, 0.116889311, 0.337898873, -0.933886502, 0.514526367, -0.824829102, -0.234008789, -0.849368262, -0.453001383, -0.270363449, 0, 3, 5, 1, 
936.974135, 69, 0.1, 0.1, -0.00268103594, 0.368706783, -0.019967282, 0.908860914, -0.417099313, 4.48164265e-005, 0.417099314, 0.908860914, -2.77177008e-005, -2.91708644e-005, 4.38844356e-005, 0.999999999, 0.908860987, -0.417099154, 3.30893454e-005, 0.417099155, 0.908860987, -2.80857785e-005, -1.83590607e-005, 3.93276064e-005, 0.999999999, 0, -0, 0, 0, 0, 0, 0, 0.29290769, -0.0843806396, -0.195989404, 0.0391293939, 0.553583994, -0.831815897, -0.998291016, -0.0130615234, -0.0556640625, -0.0416683723, 0.832710044, 0.552206456, 0, 0, -0, 0, 0, 0, 0, 0.330688379, -0.0240178711, -0.164369189, 0.116889311, 0.337898873, -0.933886502, 0.514526367, -0.824829102, -0.234008789, -0.849368262, -0.453001383, -0.270363449, 0, 3, 5, 1, 
936.97492, 69, 0.1, 0.1, -0.00268103584, 0.368706782, -0.0199674243, 0.908860547, -0.417100113, -3.20612312e-005, 0.417100114, 0.908860547, 2.54311025e-005, 1.85318725e-005, -3.64860689e-005, 0.999999999, 0.908860615, -0.417099967, -3.03146127e-005, 0.417099967, 0.908860615, 2.11280671e-005, 1.87392415e-005, -3.1846692e-005, 0.999999999, 0, -0, 0, 0, 0, 0, 0, 0.29290769, -0.0843806396, -0.195989404, 0.0391293939, 0.553583994, -0.831815897, -0.998291016, -0.0130615234, -0.0556640625, -0.0416683723, 0.832710044, 0.552206456, 0, 0, -0, 0, 0, 0, 0, 0.330688379, -0.0240178711, -0.164369189, 0.116889311, 0.337898873, -0.933886502, 0.514526367, -0.824829102, -0.234008789, -0.849368262, -0.453001383, -0.270363449, 0, 3, 5, 1, 
936.975707, 69, 0.1, 0.1, -0.00268103987, 0.368706783, -0.0199669929, 0.908860324, -0.4171006, 2.35898289e-005, 0.417100601, 0.908860323, -3.43803557e-005, -7.09979256e-006, 4.1086273e-005, 0.999999999, 0.908860346, -0.417100551, 3.47441585e-005, 0.417100552, 0.908860346, -2.50310761e-005, -2.11371123e-005, 3.72415602e-005, 0.999999999, 0, -0, 0, 0, 0, 0, 0, 0.29290769, -0.0843806396, -0.195989404, 0.0391293939, 0.553583994, -0.831815897, -0.998291016, -0.0130615234, -0.0556640625, -0.0416683723, 0.832710044, 0.552206456, 0, 0, -0, 0, 0, 0, 0, 0.330688379, -0.0240178711, -0.164369189, 0.116889311, 0.337898873, -0.933886502, 0.514526367, -0.824829102, -0.234008789, -0.849368262, -0.453001383, -0.270363449, 0, 3, 5, 1, 
936.976495, 69, 0.1, 0.1, -0.00268103576, 0.368706781, -0.0199661466, 0.908860395, -0.417100445, -1.05262671e-005, 0.417100446, 0.908860394, 4.13473411e-005, -7.67908713e-006, -4.19694715e-005, 0.999999999, 0.908860354, -0.417100535, -3.05260295e-005, 0.417100536, 0.908860353, 2.72586524e-005, 1.63742994e-005, -3.75067317e-005, 0.999999999, 0, -0, 0, 0, 0, 0, 0, 0.29290769, -0.0843806396, -0.195989404, 0.0391293939, 0.553583994, -0.831815897, -0.998291016, -0.0130615234, -0.0556640625, -0.0416683723, 0.832710044, 0.552206456, 0, 0, -0, 0, 0, 0, 0, 0.330688379, -0.0240178711, -0.164369189, 0.116889311, 0.337898873, -0.933886502, 0.514526367, -0.824829102, -0.234008789, -0.849368262, -0.453001383, -0.270363449, 0, 3, 5, 1, 
936.977282, 69, 0.1, 0.1, -0.00268103678, 0.368706783, -0.0199652066, 0.908860731, -0.417099714, -1.16835745e-005, 0.417099713, 0.90886073, -4.91087274e-005, 3.11019782e-005, 3.97597783e-005, 0.999999999, 0.908860649, -0.417099894, -2.79143301e-006, 0.417099893, 0.908860648, -4.06301352e-005, 1.94838487e-005, 3.57628247e-005, 0.999999999, 0, -0, 0, 0, 0, 0, 0, 0.29290769, -0.0843806396, -0.195989404, 0.0391293939, 0.553583994, -0.831815897, -0.998291016, -0.0130615234, -0.0556640625, -0.0416683723, 0.832710044, 0.552206456, 0, 0, -0, 0, 0, 0, 0, 0.330688379, -0.0240178711, -0.164369189, 0.116889311, 0.337898873, -0.933886502, 0.514526367, -0.824829102, -0.234008789, -0.849368262, -0.453001383, -0.270363449, 0, 3, 5, 1, 
936.9781, 69, 0.1, 0.1, -0.00268103594, 0.368706779, -0.0199643156, 0.908861168, -0.417098762, -1.67201715e-006, 0.417098761, 0.908861167, 5.49304825e-005, -2.13918048e-005, -5.06215788e-005, 0.999999998, 0.908861084, -0.417098945, 8.46843154e-007, 0.417098944, 0.908861083, 5.05909659e-005, -2.18711013e-005, -4.56269428e-005, 0.999999999, 0, -0, 0, 0, 0, 0, 0, 0.292917212, -0.0841960937, -0.195569287, 0.0393323367, 0.55279731, -0.832292175, -0.998291016, -0.0131835938, -0.0560302734, -0.0419476991, 0.833205418, 0.551540339, 0, 0, -0, 0, 0, 0, 0, 0.330688379, -0.0240178711, -0.164369189, 0.115879819, 0.337298061, -0.934244144, 0.515258789, -0.824462891, -0.233764648, -0.849106136, -0.454291958, -0.269296354, 0, 3, 5, 1, 
936.978894, 69, 0.1, 0.1, -0.00268103426, 0.368706781, -0.0199636136, 0.908861428, -0.417098196, 9.39443379e-006, 0.417098196, 0.908861427, -4.17107408e-005, 8.85923624e-006, 4.18276848e-005, 0.999999999, 0.908861402, -0.417098253, -6.85806053e-006, 0.417098252, 0.908861401, -4.28964829e-005, 2.41250746e-005, 3.61264725e-005, 0.999999999, 0, -0, 0, 0, 0, 0, 0, 0.292917212, -0.0841960937, -0.195569287, 0.0393323367, 0.55279731, -0.832292175, -0.998291016, -0.0131835938, -0.0560302734, -0.0419476991, 0.833205418, 0.551540339, 0, 0, -0, 0, 0, 0, 0, 0.3306271, -0.0234150391, -0.16437041, 0.115879819, 0.337298061, -0.934244144, 0.515258789, -0.824462891, -0.233764648, -0.849106136, -0.454291958, -0.269296354, 0, 3, 5, 1, 
936.979683, 69, 0.1, 0.1, -0.00268103726, 0.368706777, -0.0199635953, 0.908861358, -0.417098348, -2.67062187e-005, 0.417098349, 0.908861357, 3.51056528e-005, 9.62974035e-006, -4.3045291e-005, 0.999999999, 0.9088614, -0.417098256, -1.50563506e-006, 0.417098256, 0.908861399, 4.22080759e-005, -1.62365013e-005, -3.89892887e-005, 0.999999999, 0, -0, 0, 0, 0, 0, 0, 0.292917212, -0.0841960937, -0.195569287, 0.0393323367, 0.55279731, -0.832292175, -0.998291016, -0.0131835938, -0.0560302734, -0.0419476991, 0.833205418, 0.551540339, 0, 0, -0, 0, 0, 0, 0, 0.3306271, -0.0234150391, -0.16437041, 0.115879819, 0.337298061, -0.934244144, 0.515258789, -0.824462891, -0.233764648, -0.849106136, -0.454291958, -0.269296354, 0, 3, 5, 1, 
936.980477, 69, 0.1, 0.1, -0.00268103878, 0.368706779, -0.019964183, 0.908860997, -0.417099131, 4.67899029e-005, 0.417099133, 0.908860997, -3.07940795e-005, -2.9681334e-005, 4.75035657e-005, 0.999999998, 0.908861086, -0.41709894, 3.37472237e-005, 0.417098941, 0.908861085, -3.12896429e-005, -1.76206615e-005, 4.25138701e-005, 0.999999999, 0, -0, 0, 0, 0, 0, 0, 0.292917212, -0.0841960937, -0.195569287, 0.0393323367, 0.55279731, -0.832292175, -0.998291016, -0.0131835938, -0.0560302734, -0.0419476991, 0.833205418, 0.551540339, 0, 0, -0, 0, 0, 0, 0, 0.3306271, -0.0234150391, -0.16437041, 0.115879819, 0.337298061, -0.934244144, 0.515258789, -0.824462891, -0.233764648, -0.849106136, -0.454291958, -0.269296354, 0, 3, 5, 1, 
936.981261, 69, 0.1, 0.1, -0.00268103846, 0.368706777, -0.019965213, 0.908860555, -0.417100096, -3.47166812e-005, 0.417100097, 0.908860555, 2.92130752e-005, 1.93678457e-005, -4.10309428e-005, 0.999999999, 0.908860636, -0.41709992, -3.29180674e-005, 0.41709992, 0.908860636, 2.37652196e-005, 2.00054645e-005, -3.53293959e-005, 0.999999999, 0, -0, 0, 0, 0, 0, 0, 0.292917212, -0.0841960937, -0.195569287, 0.0393323367, 0.55279731, -0.832292175, -0.998291016, -0.0131835938, -0.0560302734, -0.0419476991, 0.833205418, 0.551540339, 0, 0, -0, 0, 0, 0, 0, 0.3306271, -0.0234150391, -0.16437041, 0.115879819, 0.337298061, -0.934244144, 0.515258789, -0.824462891, -0.233764648, -0.849106136, -0.454291958, -0.269296354, 0, 3, 5, 1, 
936.982052, 69, 0.1, 0.1, -0.00268104267, 0.368706777, -0.0199663148, 0.908860275, -0.417100707, 2.59178462e-005, 0.417100708, 0.908860274, -3.08856006e-005, -1.0673295e-005, 3.88810474e-005, 0.999999999, 0.908860307, -0.417100636, 3.6805434e-005, 0.417100637, 0.908860307, -2.12992772e-005, -2.4567056e-005, 3.47096376e-005, 0.999999999, 0, -0, 0, 0, 0, 0, 0, 0.292917212, -0.0841960937, -0.195569287, 0.0393323367, 0.55279731, -0.832292175, -0.998291016, -0.0131835938, -0.0560302734, -0.0419476991, 0.833205418, 0.551540339, 0, 0, -0, 0, 0, 0, 0, 0.3306271, -0.0234150391, -0.16437041, 0.115879819, 0.337298061, -0.934244144, 0.515258789, -0.824462891, -0.233764648, -0.849106136, -0.454291958, -0.269296354, 0, 3, 5, 1, 
936.982862, 69, 0.1, 0.1, -0.00268103924, 0.368706775, -0.0199670596, 0.908860305, -0.417100641, -5.79920246e-006, 0.417100641, 0.908860304, 4.53443785e-005, -1.36425044e-005, -4.36305567e-005, 0.999999999, 0.908860267, -0.417100725, -2.77847764e-005, 0.417100726, 0.908860266, 2.94072368e-005, 1.29866995e-005, -3.83161195e-005, 0.999999999, 0, -0, 0, 0, 0, 0, 0, 0.292917212, -0.0841960937, -0.195569287, 0.0395614887, 0.552898782, -0.832273079, -0.998291016, -0.0119628906, -0.0554199219, -0.0405008901, 0.833065755, 0.551660907, 0, 0, -0, 0, 0, 0, 0, 0.3306271, -0.0234150391, -0.16437041, 0.115879819, 0.337298061, -0.934244144, 0.515258789, -0.824462891, -0.233764648, -0.849106136, -0.454291958, -0.269296354, 0, 3, 5, 1, 
936.983662, 69, 0.1, 0.1, -0.00268104125, 0.368706776, -0.019966847, 0.908860606, -0.417099986, -7.05731451e-006, 0.417099986, 0.908860605, -4.34405772e-005, 2.45331793e-005, 3.65378235e-005, 0.999999999, 0.908860532, -0.417100148, 1.65666322e-006, 0.417100148, 0.908860531, -3.50939976e-005, 1.31320358e-005, 3.25865438e-005, 0.999999999, 0, -0, 0, 0, 0, 0, 0, 0.292486841, -0.0839680908, -0.195567944, 0.0395614887, 0.552898782, -0.832273079, -0.998291016, -0.0119628906, -0.0554199219, -0.0405008901, 0.833065755, 0.551660907, 0, 0, -0, 0, 0, 0, 0, 0.330347461, -0.0229802734, -0.164585107, 0.115017248, 0.33720218, -0.934307943, 0.515380859, -0.82421875, -0.234008789, -0.849074053, -0.454547521, -0.268689346, 0, 3, 5, 1, 
936.984449, 69, 0.1, 0.1, -0.00268104104, 0.368706772, -0.0199662137, 0.90886099, -0.41709915, 5.43862944e-007, 0.417099149, 0.908860989, 5.05001465e-005, -2.1557864e-005, -4.56707684e-005, 0.999999999, 0.90886092, -0.417099303, 3.07025412e-006, 0.417099302, 0.908860919, 4.69797009e-005, -2.23856345e-005, -4.14174133e-005, 0.999999999, 0, -0, 0, 0, 0, 0, 0, 0.292486841, -0.0839680908, -0.195567944, 0.0395614887, 0.552898782, -0.832273079, -0.998291016, -0.0119628906, -0.0554199219, -0.0405008901, 0.833065755, 0.551660907, 0, 0, -0, 0, 0, 0, 0, 0.330347461, -0.0229802734, -0.164585107, 0.115017248, 0.33720218, -0.934307943, 0.515380859, -0.82421875, -0.234008789, -0.849074053, -0.454547521, -0.268689346, 0, 3, 5, 1, 
936.98524, 69, 0.1, 0.1, -0.00268103966, 0.368706775, -0.019965444, 0.908861222, -0.417098644, 9.16181954e-006, 0.417098644, 0.908861221, -4.09750956e-005, 8.76383432e-006, 4.1062058e-005, 0.999999999, 0.9088612, -0.417098693, -5.80983809e-006, 0.417098692, 0.908861199, -4.20973032e-005, 2.28390665e-005, 3.58373296e-005, 0.999999999, 0, -0, 0, 0, 0, 0, 0, 0.292486841, -0.0839680908, -0.195567944, 0.0395614887, 0.552898782, -0.832273079, -0.998291016, -0.0119628906, -0.0554199219, -0.0405008901, 0.833065755, 0.551660907, 0, 0, -0, 0, 0, 0, 0, 0.330347461, -0.0229802734, -0.164585107, 0.115017248, 0.33720218, -0.934307943, 0.515380859, -0.82421875, -0.234008789, -0.849074053, -0.454547521, -0.268689346, 0, 3, 5, 1, 
936.986055, 69, 0.1, 0.1, -0.00268104275, 0.36870677, -0.0199643936, 0.908861139, -0.417098824, -2.70301261e-005, 0.417098825, 0.908861138, 3.53159865e-005, 9.83637472e-006, -4.33715615e-005, 0.999999999, 0.908861183, -0.417098729, -2.30784551e-006, 0.417098729, 0.908861182, 4.27750558e-005, -1.57439102e-005, -3.98391873e-005, 0.999999999, 0, -0, 0, 0, 0, 0, 0, 0.292552515, -0.0840163086, -0.195373755, 0.0407993636, 0.551909155, -0.832787549, -0.998291016, -0.0104980469, -0.0559082031, -0.0397082147, 0.833840456, 0.550753655, 0, 0, -0, 0, 0, 0, 0, 0.330079053, -0.0227931641, -0.16480957, 0.11462096, 0.336371691, -0.934665584, 0.514160156, -0.825073242, -0.233886719, -0.849974903, -0.453652867, -0.267622251, 0, 3, 5, 1, 
936.986837, 69, 0.1, 0.1, -0.00268104402, 0.368706773, -0.0199639233, 0.908860775, -0.417099617, 4.48220726e-005, 0.417099618, 0.908860775, -3.05899602e-005, -2.79779629e-005, 4.64972843e-005, 0.999999999, 0.908860865, -0.417099421, 3.19915971e-005, 0.417099422, 0.908860865, -3.08824274e-005, -1.61948681e-005, 4.14115063e-005, 0.999999999, 0, -0, 0, 0, 0, 0, 0, 0.292552515, -0.0840163086, -0.195373755, 0.0407993636, 0.551909155, -0.832787549, -0.998291016, -0.0104980469, -0.0559082031, -0.0397082147, 0.833840456, 0.550753655, 0, 0, -0, 0, 0, 0, 0, 0.330079053, -0.0227931641, -0.16480957, 0.11462096, 0.336371691, -0.934665584, 0.514160156, -0.825073242, -0.233886719, -0.849974903, -0.453652867, -0.267622251, 0, 3, 5, 1, 
936.987625, 69, 0.1, 0.1, -0.0026810427, 0.368706771, -0.0199640533, 0.908860326, -0.417100596, -3.99478586e-005, 0.417100597, 0.908860326, 2.89856746e-005, 2.42170817e-005, -4.30062054e-005, 0.999999999, 0.908860408, -0.417100417, -3.82232803e-005, 0.417100418, 0.908860408, 2.39614241e-005, 2.47453061e-005, -3.77205359e-005, 0.999999999, 0, -0, 0, 0, 0, 0, 0, 0.292552515, -0.0840163086, -0.195373755, 0.0407993636, 0.551909155, -0.832787549, -0.998291016, -0.0104980469, -0.0559082031, -0.0397082147, 0.833840456, 0.550753655, 0, 0, -0, 0, 0, 0, 0, 0.330079053, -0.0227931641, -0.16480957, 0.11462096, 0.336371691, -0.934665584, 0.514160156, -0.825073242, -0.233886719, -0.849974903, -0.453652867, -0.267622251, 0, 3, 5, 1, 
936.988415, 69, 0.1, 0.1, -0.00268104623, 0.368706772, -0.0199646854, 0.908860043, -0.417101212, 2.37585578e-005, 0.417101213, 0.908860043, -3.61130382e-005, -6.53041184e-006, 4.27314207e-005, 0.999999999, 0.908860075, -0.417101142, 3.50554091e-005, 0.417101143, 0.908860075, -2.56484902e-005, -2.11624472e-005, 3.79325399e-005, 0.999999999, 0, -0, 0, 0, 0, 0, 0, 0.292552515, -0.0840163086, -0.195373755, 0.0407993636, 0.551909155, -0.832787549, -0.998291016, -0.0104980469, -0.0559082031, -0.0397082147, 0.833840456, 0.550753655, 0, 0, -0, 0, 0, 0, 0, 0.330079053, -0.0227931641, -0.16480957, 0.11462096, 0.336371691, -0.934665584, 0.514160156, -0.825073242, -0.233886719, -0.849974903, -0.453652867, -0.267622251, 0, 3, 5, 1, 
936.989201, 69, 0.1, 0.1, -0.00268104187, 0.368706771, -0.0199655992, 0.908860078, -0.417101137, -1.12443841e-005, 0.417101137, 0.908860077, 4.13944515e-005, -7.04610101e-006, -4.23118098e-005, 0.999999999, 0.908860043, -0.417101213, -3.15266583e-005, 0.417101214, 0.908860042, 2.68398556e-005, 1.74583836e-005, -3.75434798e-005, 0.999999999, 0, -0, 0, 0, 0, 0, 0, 0.292552515, -0.0840163086, -0.195373755, 0.0407993636, 0.551909155, -0.832787549, -0.998291016, -0.0104980469, -0.0559082031, -0.0397082147, 0.833840456, 0.550753655, 0, 0, -0, 0, 0, 0, 0, 0.330079053, -0.0227931641, -0.16480957, 0.11462096, 0.336371691, -0.934665584, 0.514160156, -0.825073242, -0.233886719, -0.849974903, -0.453652867, -0.267622251, 0, 3, 5, 1, 
936.989989, 69, 0.1, 0.1, -0.0026810429, 0.368706773, -0.0199664773, 0.908860387, -0.417100465, -1.0191112e-005, 0.417100464, 0.908860386, -4.73422367e-005, 2.90087669e-005, 3.8776766e-005, 0.999999999, 0.908860309, -0.417100633, -1.88924959e-006, 0.417100633, 0.908860309, -3.87459511e-005, 1.78780247e-005, 3.44266499e-005, 0.999999999, 0, -0, 0, 0, 0, 0, 0, 0.292552515, -0.0840163086, -0.195373755, 0.0407993636, 0.551909155, -0.832787549, -0.998291016, -0.0104980469, -0.0559082031, -0.0397082147, 0.833840456, 0.550753655, 0, 0, -0, 0, 0, 0, 0, 0.330079053, -0.0227931641, -0.16480957, 0.11462096, 0.336371691, -0.934665584, 0.514160156, -0.825073242, -0.233886719, -0.849974903, -0.453652867, -0.267622251, 0, 3, 5, 1, 
936.990803, 69, 0.1, 0.1, -0.00268104244, 0.368706769, -0.0199668088, 0.908860792, -0.417099582, 8.43211938e-007, 0.417099581, 0.908860791, 5.18336138e-005, -2.23861409e-005, -4.67578359e-005, 0.999999999, 0.908860719, -0.41709974, 2.83580214e-006, 0.417099739, 0.908860718, 4.80019864e-005, -2.25989652e-005, -4.24443076e-005, 0.999999999, 0, -0, 0, 0, 0, 0, 0, 0.292859131, -0.0840441406, -0.195170776, 0.0424240281, 0.55134451, -0.83314326, -0.998168945, -0.00964355469, -0.0571289062, -0.0395947605, 0.834177071, 0.550068443, 0, 0, -0, 0, 0, 0, 0, 0.329827246, -0.0228258789, -0.165034033, 0.114467476, 0.335515684, -0.935023226, 0.512573242, -0.826171875, -0.233642578, -0.850850234, -0.45251541, -0.266555156, 0, 3, 5, 1, 
936.991589, 69, 0.1, 0.1, -0.00268104145, 0.368706771, -0.0199665463, 0.908861035, -0.417099052, 1.10195605e-005, 0.417099052, 0.908861034, -3.64025241e-005, 5.16820913e-006, 3.7681084e-005, 0.999999999, 0.90886101, -0.417099107, -3.66662526e-006, 0.417099106, 0.908861009, -3.73200143e-005, 1.88985974e-005, 3.23893598e-005, 0.999999999, 0, -0, 0, 0, 0, 0, 0, 0.292859131, -0.0840441406, -0.195170776, 0.0424240281, 0.55134451, -0.83314326, -0.998168945, -0.00964355469, -0.0571289062, -0.0395947605, 0.834177071, 0.550068443, 0, 0, -0, 0, 0, 0, 0, 0.329827246, -0.0228258789, -0.165034033, 0.114467476, 0.335515684, -0.935023226, 0.512573242, -0.826171875, -0.233642578, -0.850850234, -0.45251541, -0.266555156, 0, 3, 5, 1, 
936.992375, 69, 0.1, 0.1, -0.00268104461, 0.368706766, -0.019966042, 0.908860979, -0.417099173, -2.29040652e-005, 0.417099173, 0.908860979, 3.26619691e-005, 7.1933308e-006, -3.92384559e-005, 0.999999999, 0.908861017, -0.417099092, 6.38476174e-007, 0.417099091, 0.908861016, 3.97304856e-005, -1.71518355e-005, -3.58431817e-005, 0.999999999, 0, -0, 0, 0, 0, 0, 0, 0.292859131, -0.0840441406, -0.195170776, 0.0424240281, 0.55134451, -0.83314326, -0.998168945, -0.00964355469, -0.0571289062, -0.0395947605, 0.834177071, 0.550068443, 0, 0, -0, 0, 0, 0, 0, 0.329827246, -0.0228258789, -0.165034033, 0.114467476, 0.335515684, -0.935023226, 0.512573242, -0.826171875, -0.233642578, -0.850850234, -0.45251541, -0.266555156, 0, 3, 5, 1, 
