time, trialNum, realDorsalTactorPos, realVentralTactorPos, box1PosX, box1PosY, box1PosZ, box1LocalRot_11, box1LocalRot_12, box1LocalRot_13, box1LocalRot_21, box1LocalRot_22, box1LocalRot_23, box1LocalRot_31, box1LocalRot_32, box1LocalRot_33, box1GlobalRot_11, box1GlobalRot_12, box1GlobalRot_13, box1GlobalRot_21, box1GlobalRot_22, box1GlobalRot_23, box1GlobalRot_31, box1GlobalRot_32, box1GlobalRot_33, indexForceX, indexForceY, indexForceZ, indexForceGlobalX, indexForceGlobalY, indexForceGlobalZ, indexContact, indexPosX, indexPosY, indexPosZ, indexRot_11, indexRot_12, indexRot_13, indexRot_21, indexRot_22, indexRot_23, indexRot_31, indexRot_32, indexRot_33, thumbForceX, thumbForceY, thumbForceZ, thumbForceGlobalX, thumbForceGlobalY, thumbForceGlobalZ, thumbContact, thumbPosX, thumbPosY, thumbPosZ, thumbRot_11, thumbRot_12, thumbRot_13, thumbRot_21, thumbRot_22, thumbRot_23, thumbRot_31, thumbRot_32, thumbRot_33, manipForceTooHigh, cceExpType, mapping, trialSuccess, 
487.058294, 66, 0.1, 0.1, 0.018629513, 0.348162308, -0.0199611343, 0.967581748, -0.252558034, 2.91690029e-005, 0.252558034, 0.967581748, -3.7237303e-006, -2.72829368e-005, 1.09698795e-005, 1, 0.967581757, -0.252557998, 2.14219004e-005, 0.252557998, 0.967581757, -3.05827763e-005, -1.30035153e-005, 3.50016087e-005, 0.999999999, 0, 0, 0, 0, 0, 0, 0, 0.186958228, -0.0849668457, -0.31292688, 0.000396326103, 0.54197959, -0.840388141, -0.950195313, 0.261962891, 0.168579102, 0.311512494, 0.798459156, 0.515250666, 0, 0, -0, 0, 0, 0, 0, 0.246568262, -0.0344125488, -0.269508691, 0.133946035, 0.333285647, -0.933209498, 0.475830078, -0.84765625, -0.23449707, -0.869178245, -0.41261293, -0.272133433, 0, 3, 5, 1, 
487.1029, 66, 0.1, 0.1, 0.0186295436, 0.3481623, -0.0199660123, 0.967587727, -0.252535128, 1.15800781e-005, 0.252535128, 0.967587727, 2.60597885e-005, -1.77857535e-005, -2.2290755e-005, 1, 0.967587706, -0.252535208, 1.02628622e-005, 0.252535207, 0.967587706, 1.22537705e-005, -1.30247277e-005, -9.26486366e-006, 1, 0, 0, 0, 0, 0, 0, 0, 0.191653491, -0.0827322021, -0.303000146, -0.0065561489, 0.589757255, -0.80745679, -0.948120117, 0.252807617, 0.192260742, 0.317557336, 0.766915082, 0.557741339, 0, 0, -0, 0, 0, 0, 0, 0.250642773, -0.0344302246, -0.258331006, 0.117838269, 0.369546079, -0.9216388, 0.48059082, -0.833374023, -0.272705078, -0.868907356, -0.410765688, -0.275949755, 0, 3, 5, 1, 
487.103679, 66, 0.1, 0.1, 0.0186295439, 0.348162301, -0.0199691571, 0.967587772, -0.252534956, 1.33704928e-005, 0.252534956, 0.967587772, -1.63375015e-005, -8.81133511e-006, 1.91844835e-005, 1, 0.967587772, -0.252534953, -1.40497922e-006, 0.252534953, 0.967587772, -2.15654678e-005, 6.8054751e-006, 2.05116766e-005, 1, 0, 0, 0, 0, 0, 0, 0, 0.191653491, -0.0827322021, -0.303000146, -0.0065561489, 0.589757255, -0.80745679, -0.948120117, 0.252807617, 0.192260742, 0.317557336, 0.766915082, 0.557741339, 0, 0, -0, 0, 0, 0, 0, 0.250642773, -0.0344302246, -0.258331006, 0.117838269, 0.369546079, -0.9216388, 0.48059082, -0.833374023, -0.272705078, -0.868907356, -0.410765688, -0.275949755, 0, 3, 5, 1, 
487.104458, 66, 0.1, 0.1, 0.0186295453, 0.348162299, -0.0199710385, 0.967587704, -0.252535217, -1.2268652e-005, 0.252535217, 0.967587704, 1.00374141e-005, 9.3361963e-006, -1.28103451e-005, 1, 0.967587723, -0.252535144, -1.96486486e-005, 0.252535144, 0.967587722, 1.96503829e-005, 1.40493789e-005, -2.39754435e-005, 1, 0, 0, 0, 0, 0, 0, 0, 0.191653491, -0.0827322021, -0.303000146, -0.0065561489, 0.589757255, -0.80745679, -0.948120117, 0.252807617, 0.192260742, 0.317557336, 0.766915082, 0.557741339, 0, 0, -0, 0, 0, 0, 0, 0.250642773, -0.0344302246, -0.258331006, 0.117838269, 0.369546079, -0.9216388, 0.48059082, -0.833374023, -0.272705078, -0.868907356, -0.410765688, -0.275949755, 0, 3, 5, 1, 
487.105259, 66, 0.1, 0.1, 0.0186295452, 0.348162302, -0.0199709047, 0.967587623, -0.252535526, -1.81467445e-005, 0.252535526, 0.967587623, 8.19686667e-006, 1.54885654e-005, -1.25138844e-005, 1, 0.967587631, -0.252535497, -8.82467619e-006, 0.252535497, 0.967587631, -1.04373033e-005, 1.11744371e-005, 7.87046154e-006, 1, 0, 0, 0, 0, 0, 0, 0, 0.191653491, -0.0827322021, -0.303000146, -0.0065561489, 0.589757255, -0.80745679, -0.948120117, 0.252807617, 0.192260742, 0.317557336, 0.766915082, 0.557741339, 0, 0, -0, 0, 0, 0, 0, 0.250642773, -0.0344302246, -0.258331006, 0.117838269, 0.369546079, -0.9216388, 0.48059082, -0.833374023, -0.272705078, -0.868907356, -0.410765688, -0.275949755, 0, 3, 5, 1, 
487.106042, 66, 0.1, 0.1, 0.0186295453, 0.348162302, -0.0199690657, 0.967587655, -0.252535403, -4.0866474e-006, 0.252535403, 0.967587655, -2.57915595e-005, 1.04674715e-005, 2.39235714e-005, 1, 0.967587638, -0.252535469, 9.06681507e-006, 0.25253547, 0.967587638, -1.19779803e-005, -5.7480733e-006, 1.3879438e-005, 1, 0, 0, 0, 0, 0, 0, 0, 0.191653491, -0.0827322021, -0.303000146, -0.0065561489, 0.589757255, -0.80745679, -0.948120117, 0.252807617, 0.192260742, 0.317557336, 0.766915082, 0.557741339, 0, 0, -0, 0, 0, 0, 0, 0.250642773, -0.0344302246, -0.258331006, 0.117838269, 0.369546079, -0.9216388, 0.48059082, -0.833374023, -0.272705078, -0.868907356, -0.410765688, -0.275949755, 0, 3, 5, 1, 
487.106838, 66, 0.1, 0.1, 0.0186295457, 0.348162301, -0.0199661966, 0.967587754, -0.252535025, 8.30182152e-007, 0.252535025, 0.967587753, 2.65253726e-005, -7.50185973e-006, -2.54559756e-005, 1, 0.967587736, -0.252535091, 6.62240653e-006, 0.252535091, 0.967587736, 2.96178089e-005, -1.38872954e-005, -2.69854386e-005, 1, 0, 0, 0, 0, 0, 0, 0, 0.191649829, -0.0821979248, -0.302080176, -0.00677706594, 0.596139094, -0.802884967, -0.947265625, 0.253173828, 0.195922852, 0.320064164, 0.761949356, 0.56319683, 0, 0, -0, 0, 0, 0, 0, 0.250642773, -0.0344302246, -0.258331006, 0.117838269, 0.369546079, -0.9216388, 0.48059082, -0.833374023, -0.272705078, -0.868907356, -0.410765688, -0.275949755, 0, 3, 5, 1, 
487.10763, 66, 0.1, 0.1, 0.0186295455, 0.348162304, -0.0199631716, 0.967587765, -0.252534981, 2.01713734e-005, 0.252534981, 0.967587765, -5.21258627e-006, -1.82012137e-005, 1.01376121e-005, 1, 0.967587775, -0.252534943, 1.74864665e-005, 0.252534943, 0.967587775, -2.13087898e-005, -1.15384772e-005, 2.50340683e-005, 1, 0, 0, 0, 0, 0, 0, 0, 0.191649829, -0.0821979248, -0.302080176, -0.00677706594, 0.596139094, -0.802884967, -0.947265625, 0.253173828, 0.195922852, 0.320064164, 0.761949356, 0.56319683, 0, 0, -0, 0, 0, 0, 0, 0.250938379, -0.0346728516, -0.257359912, 0.115480599, 0.372791839, -0.920571706, 0.481567383, -0.831542969, -0.276367187, -0.868664186, -0.411283744, -0.275592113, 0, 3, 5, 1, 
487.108406, 66, 0.1, 0.1, 0.0186295467, 0.348162302, -0.0199613603, 0.967587647, -0.252535433, 1.76628858e-005, 0.252535433, 0.967587647, -1.22818237e-005, -1.39887945e-005, 1.63442454e-005, 1, 0.967587675, -0.252535327, -9.27946634e-006, 0.252535327, 0.967587675, 9.91239762e-006, 6.47546668e-006, -1.19345068e-005, 1, 0, 0, 0, 0, 0, 0, 0, 0.191649829, -0.0821979248, -0.302080176, -0.00677706594, 0.596139094, -0.802884967, -0.947265625, 0.253173828, 0.195922852, 0.320064164, 0.761949356, 0.56319683, 0, 0, -0, 0, 0, 0, 0, 0.250938379, -0.0346728516, -0.257359912, 0.115480599, 0.372791839, -0.920571706, 0.481567383, -0.831542969, -0.276367187, -0.868664186, -0.411283744, -0.275592113, 0, 3, 5, 1, 
487.109199, 66, 0.1, 0.1, 0.0186295459, 0.348162304, -0.0199611757, 0.967587561, -0.252535765, -9.74501739e-006, 0.252535765, 0.96758756, 2.61825781e-005, 2.81712023e-006, -2.77949023e-005, 1, 0.967587566, -0.252535745, -1.43730959e-005, 0.252535745, 0.967587566, 1.03917274e-005, 1.12829463e-005, -1.36846267e-005, 1, 0, 0, 0, 0, 0, 0, 0, 0.191649829, -0.0821979248, -0.302080176, -0.00715075101, 0.602298893, -0.798192577, -0.946777344, 0.252685547, 0.19909668, 0.321606453, 0.75714239, 0.568633225, 0, 0, -0, 0, 0, 0, 0, 0.250938379, -0.0346728516, -0.257359912, 0.115480599, 0.372791839, -0.920571706, 0.481567383, -0.831542969, -0.276367187, -0.868664186, -0.411283744, -0.275592113, 0, 3, 5, 1, 
487.109998, 66, 0.1, 0.1, 0.0186295433, 0.348162306, -0.0199621772, 0.967587627, -0.252535511, -2.20019216e-006, 0.252535511, 0.967587626, -3.15525097e-005, 1.00970079e-005, 2.99741913e-005, 0.999999999, 0.967587604, -0.2525356, 4.98679604e-006, 0.2525356, 0.967587603, -3.06261452e-005, 2.90902991e-006, 3.0892822e-005, 1, 0, 0, 0, 0, 0, 0, 0, 0.191858667, -0.0814512695, -0.301600586, -0.00715075101, 0.602298893, -0.798192577, -0.946777344, 0.252685547, 0.19909668, 0.321606453, 0.75714239, 0.568633225, 0, 0, -0, 0, 0, 0, 0, 0.251601758, -0.0349687012, -0.255982861, 0.115161237, 0.37533471, -0.919568776, 0.483032227, -0.830078125, -0.278320312, -0.867961296, -0.412121162, -0.276959614, 0, 3, 5, 1, 
487.110778, 66, 0.1, 0.1, 0.0186295429, 0.348162304, -0.0199643408, 0.967587743, -0.252535064, -1.13794681e-005, 0.252535064, 0.967587743, 7.83874158e-006, 9.03107676e-006, -1.0458385e-005, 1, 0.967587724, -0.252535137, 4.33261434e-006, 0.252535137, 0.967587724, 2.57190849e-005, -1.06871571e-005, -2.37913335e-005, 1, 0, 0, 0, 0, 0, 0, 0, 0.191858667, -0.0814512695, -0.301600586, -0.00715075101, 0.602298893, -0.798192577, -0.946777344, 0.252685547, 0.19909668, 0.321606453, 0.75714239, 0.568633225, 0, 0, -0, 0, 0, 0, 0, 0.251601758, -0.0349687012, -0.255982861, 0.115161237, 0.37533471, -0.919568776, 0.483032227, -0.830078125, -0.278320312, -0.867961296, -0.412121162, -0.276959614, 0, 3, 5, 1, 
487.111553, 66, 0.1, 0.1, 0.0186295424, 0.348162307, -0.0199668719, 0.967587743, -0.252535066, 2.52199395e-006, 0.252535066, 0.967587743, 1.25348413e-005, -5.60573741e-006, -1.14916669e-005, 1, 0.967587752, -0.252535029, 1.49793544e-005, 0.25253503, 0.967587752, -8.8103678e-006, -1.22689133e-005, 1.23076157e-005, 1, 0, 0, 0, 0, 0, 0, 0, 0.191858667, -0.0814512695, -0.301600586, -0.00715075101, 0.602298893, -0.798192577, -0.946777344, 0.252685547, 0.19909668, 0.321606453, 0.75714239, 0.568633225, 0, 0, -0, 0, 0, 0, 0, 0.251601758, -0.0349687012, -0.255982861, 0.115161237, 0.37533471, -0.919568776, 0.483032227, -0.830078125, -0.278320312, -0.867961296, -0.412121162, -0.276959614, 0, 3, 5, 1, 
487.112334, 66, 0.1, 0.1, 0.0186295442, 0.348162307, -0.0199689318, 0.967587645, -0.252535443, 1.39546835e-005, 0.252535443, 0.967587644, -1.88507282e-005, -8.74190237e-006, 2.17637839e-005, 1, 0.967587664, -0.252535368, 6.28850035e-006, 0.252535368, 0.967587664, -1.00363018e-005, -3.55015419e-006, 1.12990705e-005, 1, 0, 0, 0, 0, 0, 0, 0, 0.191858667, -0.0814512695, -0.301600586, -0.00715075101, 0.602298893, -0.798192577, -0.946777344, 0.252685547, 0.19909668, 0.321606453, 0.75714239, 0.568633225, 0, 0, -0, 0, 0, 0, 0, 0.251601758, -0.0349687012, -0.255982861, 0.115161237, 0.37533471, -0.919568776, 0.483032227, -0.830078125, -0.278320312, -0.867961296, -0.412121162, -0.276959614, 0, 3, 5, 1, 
487.113117, 66, 0.1, 0.1, 0.018629546, 0.348162307, -0.0199698608, 0.967587599, -0.252535619, 1.06965799e-006, 0.252535619, 0.967587598, 2.34406155e-005, -6.95457816e-006, -2.24107222e-005, 1, 0.967587598, -0.252535622, -1.5397408e-005, 0.252535622, 0.967587598, 2.02159337e-005, 9.79309763e-006, -2.34490807e-005, 1, 0, 0, 0, 0, 0, 0, 0, 0.191858667, -0.0814512695, -0.301600586, -0.00715075101, 0.602298893, -0.798192577, -0.946777344, 0.252685547, 0.19909668, 0.321606453, 0.75714239, 0.568633225, 0, 0, -0, 0, 0, 0, 0, 0.251601758, -0.0349687012, -0.255982861, 0.115161237, 0.37533471, -0.919568776, 0.483032227, -0.830078125, -0.278320312, -0.867961296, -0.412121162, -0.276959614, 0, 3, 5, 1, 
487.113906, 66, 0.1, 0.1, 0.0186295459, 0.348162309, -0.0199694115, 0.967587669, -0.252535348, -3.64641455e-006, 0.252535348, 0.967587669, -6.87916703e-006, 5.26545859e-006, 5.73534863e-006, 1, 0.967587649, -0.252535428, -6.88820516e-006, 0.252535428, 0.967587648, -2.1494733e-005, 1.20931238e-005, 1.90585223e-005, 1, 0, 0, 0, 0, 0, 0, 0, 0.191858667, -0.0814512695, -0.301600586, -0.0070814802, 0.609987877, -0.79229339, -0.947143555, 0.24987793, 0.200927734, 0.320483155, 0.75184604, 0.57622673, 0, 0, -0, 0, 0, 0, 0, 0.251601758, -0.0349687012, -0.255982861, 0.115161237, 0.37533471, -0.919568776, 0.483032227, -0.830078125, -0.278320312, -0.867961296, -0.412121162, -0.276959614, 0, 3, 5, 1, 
487.1147, 66, 0.1, 0.1, 0.0186295455, 0.348162306, -0.0199675324, 0.967587751, -0.252535037, -4.67989098e-006, 0.252535037, 0.967587751, -1.09010867e-005, 7.28111151e-006, 9.36592149e-006, 1, 0.967587743, -0.252535065, -6.56072055e-006, 0.252535065, 0.967587743, 1.36716914e-005, 2.89549132e-006, -1.4885373e-005, 1, 0, 0, 0, 0, 0, 0, 0, 0.192528516, -0.0804047119, -0.300606274, -0.0070814802, 0.609987877, -0.79229339, -0.947143555, 0.24987793, 0.200927734, 0.320483155, 0.75184604, 0.57622673, 0, 0, -0, 0, 0, 0, 0, 0.251942041, -0.0354592285, -0.255031787, 0.113570256, 0.378031065, -0.918718965, 0.483276367, -0.828857422, -0.28125, -0.868005772, -0.412083249, -0.276870295, 0, 3, 5, 1, 
487.115479, 66, 0.1, 0.1, 0.0186295433, 0.348162306, -0.0199653214, 0.96758771, -0.252535193, -9.3600249e-006, 0.252535193, 0.96758771, 2.57605826e-005, 2.55119137e-006, -2.72893588e-005, 1, 0.96758773, -0.252535117, 1.12070356e-005, 0.252535117, 0.96758773, 2.02904311e-005, -1.59678365e-005, -1.68026021e-005, 1, 0, 0, 0, 0, 0, 0, 0, 0.192528516, -0.0804047119, -0.300606274, -0.0070814802, 0.609987877, -0.79229339, -0.947143555, 0.24987793, 0.200927734, 0.320483155, 0.75184604, 0.57622673, 0, 0, -0, 0, 0, 0, 0, 0.251942041, -0.0354592285, -0.255031787, 0.113570256, 0.378031065, -0.918718965, 0.483276367, -0.828857422, -0.28125, -0.868005772, -0.412083249, -0.276870295, 0, 3, 5, 1, 
487.116258, 66, 0.1, 0.1, 0.0186295412, 0.348162308, -0.0199634968, 0.967587595, -0.252535631, 2.17405635e-005, 0.252535632, 0.967587595, -2.46669459e-005, -1.48066168e-005, 2.93576978e-005, 0.999999999, 0.967587615, -0.252535554, 2.88449138e-005, 0.252535554, 0.967587615, -2.37142236e-005, -2.19212968e-005, 3.02299554e-005, 0.999999999, 0, 0, 0, 0, 0, 0, 0, 0.192528516, -0.0804047119, -0.300606274, -0.0070814802, 0.609987877, -0.79229339, -0.947143555, 0.24987793, 0.200927734, 0.320483155, 0.75184604, 0.57622673, 0, 0, -0, 0, 0, 0, 0, 0.251942041, -0.0354592285, -0.255031787, 0.113570256, 0.378031065, -0.918718965, 0.483276367, -0.828857422, -0.28125, -0.868005772, -0.412083249, -0.276870295, 0, 3, 5, 1, 
487.11704, 66, 0.1, 0.1, 0.0186295412, 0.348162306, -0.0199626095, 0.967587573, -0.252535716, 1.91187988e-005, 0.252535716, 0.967587573, 1.24408158e-005, -2.16408625e-005, -7.20939926e-006, 1, 0.967587566, -0.252535745, 9.89145004e-006, 0.252535744, 0.967587566, 2.54159148e-005, -1.5989271e-005, -2.20941785e-005, 1, 0, 0, 0, 0, 0, 0, 0, 0.192528516, -0.0804047119, -0.300606274, -0.0070814802, 0.609987877, -0.79229339, -0.947143555, 0.24987793, 0.200927734, 0.320483155, 0.75184604, 0.57622673, 0, 0, -0, 0, 0, 0, 0, 0.251942041, -0.0354592285, -0.255031787, 0.113570256, 0.378031065, -0.918718965, 0.483276367, -0.828857422, -0.28125, -0.868005772, -0.412083249, -0.276870295, 0, 3, 5, 1, 
487.117817, 66, 0.1, 0.1, 0.0186295406, 0.34816231, -0.0199629029, 0.967587681, -0.252535304, 8.04226748e-006, 0.252535304, 0.967587681, 1.47024367e-005, -1.14944833e-005, -1.21949401e-005, 1, 0.967587654, -0.252535406, -3.10791692e-006, 0.252535406, 0.967587654, -1.66653217e-005, 7.21576583e-006, 1.53403005e-005, 1, 0, 0, 0, 0, 0, 0, 0, 0.192528516, -0.0804047119, -0.300606274, -0.0070814802, 0.609987877, -0.79229339, -0.947143555, 0.24987793, 0.200927734, 0.320483155, 0.75184604, 0.57622673, 0, 0, -0, 0, 0, 0, 0, 0.251942041, -0.0354592285, -0.255031787, 0.113570256, 0.378031065, -0.918718965, 0.483276367, -0.828857422, -0.28125, -0.868005772, -0.412083249, -0.276870295, 0, 3, 5, 1, 
487.118595, 66, 0.1, 0.1, 0.0186295414, 0.34816231, -0.019964177, 0.967587759, -0.252535006, -2.17444471e-006, 0.252535006, 0.967587758, -2.68150203e-005, 8.87569737e-006, 2.53967619e-005, 1, 0.967587754, -0.252535022, -1.17387998e-005, 0.252535022, 0.967587754, -1.68312781e-005, 1.56088061e-005, 1.33212805e-005, 1, 0, 0, 0, 0, 0, 0, 0, 0.192528516, -0.0804047119, -0.300606274, -0.0070814802, 0.609987877, -0.79229339, -0.947143555, 0.24987793, 0.200927734, 0.320483155, 0.75184604, 0.57622673, 0, 0, -0, 0, 0, 0, 0, 0.251942041, -0.0354592285, -0.255031787, 0.113570256, 0.378031065, -0.918718965, 0.483276367, -0.828857422, -0.28125, -0.868005772, -0.412083249, -0.276870295, 0, 3, 5, 1, 
487.119402, 66, 0.1, 0.1, 0.0186295412, 0.348162309, -0.0199656513, 0.967587698, -0.252535239, -2.02366648e-005, 0.252535239, 0.967587698, 2.13381454e-005, 1.41921142e-005, -2.57569979e-005, 1, 0.967587719, -0.252535158, -1.45784769e-005, 0.252535158, 0.967587719, 2.41481506e-005, 8.00769816e-006, -2.70470319e-005, 1, 0, 0, 0, 0, 0, 0, 0, 0.193032495, -0.0803508545, -0.299470508, -0.00602745218, 0.615684503, -0.787861231, -0.946777344, 0.25, 0.202636719, 0.321675724, 0.747236025, 0.581580749, 0, 0, -0, 0, 0, 0, 0, 0.25178457, -0.0355086426, -0.253845752, 0.111078425, 0.3809509, -0.917773272, 0.48449707, -0.827026367, -0.284667969, -0.867653961, -0.413003789, -0.276525413, 0, 3, 5, 1, 
487.120178, 66, 0.1, 0.1, 0.0186295402, 0.348162312, -0.0199670629, 0.967587591, -0.252535647, -6.32388349e-006, 0.252535647, 0.967587591, -1.40028667e-005, 9.65513418e-006, 1.1951994e-005, 1, 0.967587609, -0.252535579, 1.33469304e-005, 0.252535579, 0.967587609, -2.15273317e-005, -7.47790726e-006, 2.42001542e-005, 1, 0, 0, 0, 0, 0, 0, 0, 0.193032495, -0.0803508545, -0.299470508, -0.00602745218, 0.615684503, -0.787861231, -0.946777344, 0.25, 0.202636719, 0.321675724, 0.747236025, 0.581580749, 0, 0, -0, 0, 0, 0, 0, 0.25178457, -0.0355086426, -0.253845752, 0.111078425, 0.3809509, -0.917773272, 0.48449707, -0.827026367, -0.284667969, -0.867653961, -0.413003789, -0.276525413, 0, 3, 5, 1, 
487.121192, 66, 0.1, 0.1, 0.0186295391, 0.348162312, -0.0199665246, 0.967587618, -0.252535544, 1.66862939e-005, 0.252535544, 0.967587618, -3.2232195e-005, -8.00567648e-006, 3.54013551e-005, 0.999999999, 0.967587593, -0.252535639, 1.88709841e-005, 0.252535639, 0.967587594, 6.21507724e-006, -1.98288586e-005, -1.2480356e-006, 1, 0, 0, 0, 0, 0, 0, 0, 0.193032495, -0.0803508545, -0.299470508, -0.00602745218, 0.615684503, -0.787861231, -0.946777344, 0.25, 0.202636719, 0.321675724, 0.747236025, 0.581580749, 0, 0, -0, 0, 0, 0, 0, 0.25178457, -0.0355086426, -0.253845752, 0.111078425, 0.3809509, -0.917773272, 0.48449707, -0.827026367, -0.284667969, -0.867653961, -0.413003789, -0.276525413, 0, 3, 5, 1, 
487.122496, 66, 0.1, 0.1, 0.0186295419, 0.348162314, -0.0199554244, 0.967587905, -0.252534446, 1.1824387e-005, 0.252534445, 0.967587903, 7.13731119e-005, -2.94653031e-005, -6.60736948e-005, 0.999999997, 0.967587848, -0.252534662, 6.51132387e-006, 0.252534661, 0.967587848, 4.51411526e-005, -1.76999836e-005, -4.20336958e-005, 0.999999999, 0, 0, 0, 0, 0, 0, 0, 0.193683569, -0.081038623, -0.297506104, -0.00210489339, 0.619953416, -0.78464785, -0.946289062, 0.252197266, 0.201904297, 0.323031923, 0.74297573, 0.586262661, 0, 0, -0, 0, 0, 0, 0, 0.252078711, -0.0355749023, -0.252668018, 0.108548314, 0.383813132, -0.916948981, 0.486206055, -0.824951172, -0.287841797, -0.866937945, -0.414544097, -0.276193291, 0, 3, 5, 1, 
487.123751, 66, 0.1, 0.1, 0.0186295421, 0.34816232, -0.0199410045, 0.967587984, -0.252534138, 5.3682021e-005, 0.252534141, 0.967587984, -4.18110471e-005, -4.13833617e-005, 5.40124098e-005, 0.999999998, 0.967588011, -0.252534041, 5.52275267e-006, 0.252534041, 0.967588008, -6.4789679e-005, 1.10178502e-005, 6.40843997e-005, 0.999999998, 0, 0, 0, 0, 0, 0, 0, 0.193683569, -0.081038623, -0.297506104, -0.00210489339, 0.619953416, -0.78464785, -0.946289062, 0.252197266, 0.201904297, 0.323031923, 0.74297573, 0.586262661, 0, 0, -0, 0, 0, 0, 0, 0.252078711, -0.0355749023, -0.252668018, 0.108548314, 0.383813132, -0.916948981, 0.486206055, -0.824951172, -0.287841797, -0.866937945, -0.414544097, -0.276193291, 0, 3, 5, 1, 
487.125027, 66, 0.1, 0.1, 0.0186295467, 0.3481623, -0.0199303957, 0.967587477, -0.252536082, -2.44045527e-005, 0.252536083, 0.967587477, 3.51306305e-005, 1.47417878e-005, -4.01549883e-005, 0.999999999, 0.967587614, -0.252535554, -5.99042411e-005, 0.252535558, 0.967587611, 7.97538862e-005, 3.78219097e-005, -9.22968234e-005, 0.999999995, 0, 0, 0, 0, 0, 0, 0, 0.193683569, -0.081038623, -0.297506104, -0.00210489339, 0.619953416, -0.78464785, -0.946289062, 0.252197266, 0.201904297, 0.323031923, 0.74297573, 0.586262661, 0, 0, -0, 0, 0, 0, 0, 0.252078711, -0.0355749023, -0.252668018, 0.108548314, 0.383813132, -0.916948981, 0.486206055, -0.824951172, -0.287841797, -0.866937945, -0.414544097, -0.276193291, 0, 3, 5, 1, 
487.126365, 66, 0.1, 0.1, 0.0186295364, 0.348162314, -0.019927466, 0.967586919, -0.252538217, -5.08210926e-005, 0.252538219, 0.967586919, 4.95451077e-005, 3.66617913e-005, -6.07734663e-005, 0.999999997, 0.967586977, -0.252537999, -6.5246918e-006, 0.252537999, 0.967586977, -4.37437998e-005, 1.73601785e-005, 4.06781985e-005, 0.999999999, 0, 0, 0, 0, 0, 0, 0, 0.193683569, -0.081038623, -0.297506104, 0.00110137407, 0.624488551, -0.780971296, -0.94519043, 0.255371094, 0.202880859, 0.326108266, 0.738055309, 0.590747621, 0, 0, -0, 0, 0, 0, 0, 0.252078711, -0.0355749023, -0.252668018, 0.105641239, 0.387307892, -0.915869126, 0.48828125, -0.822509766, -0.291503906, -0.866138806, -0.416263409, -0.275957051, 0, 3, 5, 1, 
487.127623, 66, 0.1, 0.1, 0.018629531, 0.348162304, -0.0199327316, 0.967587102, -0.252537522, 1.23880243e-006, 0.252537522, 0.967587099, -8.07076743e-005, 1.91830669e-005, 7.84045488e-005, 0.999999997, 0.967586999, -0.252537913, 4.91116983e-005, 0.252537914, 0.967586999, -2.64149459e-005, -4.08490654e-005, 3.79613241e-005, 0.999999998, 0, 0, 0, 0, 0, 0, 0, 0.194303271, -0.0817147949, -0.29574187, 0.00110137407, 0.624488551, -0.780971296, -0.94519043, 0.255371094, 0.202880859, 0.326108266, 0.738055309, 0.590747621, 0, 0, -0, 0, 0, 0, 0, 0.252349658, -0.035379834, -0.251698633, 0.105641239, 0.387307892, -0.915869126, 0.48828125, -0.822509766, -0.291503906, -0.866138806, -0.416263409, -0.275957051, 0, 3, 5, 1, 
487.128909, 66, 0.1, 0.1, 0.0186295327, 0.348162303, -0.019943704, 0.967587673, -0.252535334, -3.65320372e-006, 0.252535334, 0.967587671, 6.13463387e-005, -1.19573233e-005, -6.02805241e-005, 0.999999998, 0.967587567, -0.25253574, 1.47195886e-005, 0.252535739, 0.967587565, 6.8252702e-005, -3.14787375e-005, -6.23232437e-005, 0.999999998, 0, 0, 0, 0, 0, 0, 0, 0.194303271, -0.0817147949, -0.29574187, 0.00110137407, 0.624488551, -0.780971296, -0.94519043, 0.255371094, 0.202880859, 0.326108266, 0.738055309, 0.590747621, 0, 0, -0, 0, 0, 0, 0, 0.252349658, -0.035379834, -0.251698633, 0.105641239, 0.387307892, -0.915869126, 0.48828125, -0.822509766, -0.291503906, -0.866138806, -0.416263409, -0.275957051, 0, 3, 5, 1, 
487.130221, 66, 0.1, 0.1, 0.0186295365, 0.348162318, -0.0199530211, 0.967587863, -0.252534603, 3.08327846e-005, 0.252534604, 0.967587863, -2.70030132e-005, -2.30142329e-005, 3.39141329e-005, 0.999999999, 0.967587872, -0.252534572, 2.51081384e-005, 0.252534573, 0.96758787, -6.00869986e-005, -9.1202857e-006, 6.44801241e-005, 0.999999998, 0, 0, 0, 0, 0, 0, 0, 0.194303271, -0.0817147949, -0.29574187, 0.00110137407, 0.624488551, -0.780971296, -0.94519043, 0.255371094, 0.202880859, 0.326108266, 0.738055309, 0.590747621, 0, 0, -0, 0, 0, 0, 0, 0.252349658, -0.035379834, -0.251698633, 0.105641239, 0.387307892, -0.915869126, 0.48828125, -0.822509766, -0.291503906, -0.866138806, -0.416263409, -0.275957051, 0, 3, 5, 1, 
487.131583, 66, 0.1, 0.1, 0.0186295436, 0.348162313, -0.0199554346, 0.967587571, -0.252535724, 2.8663482e-005, 0.252535725, 0.96758757, -3.19226389e-005, -1.96728222e-005, 3.81265019e-005, 0.999999999, 0.967587639, -0.252535463, -2.42294296e-005, 0.252535463, 0.967587639, 8.1855477e-006, 2.13769556e-005, -1.4039025e-005, 1, 0, 0, 0, 0, 0, 0, 0, 0.194830078, -0.0823882812, -0.294429492, 0.00248003415, 0.629061878, -0.777371125, -0.944091797, 0.257568359, 0.205322266, 0.329350482, 0.733376024, 0.594750312, 0, 0, -0, 0, 0, 0, 0, 0.252598633, -0.0361768555, -0.250522119, 0.102714841, 0.388975432, -0.915402476, 0.488647461, -0.821289063, -0.294189453, -0.86632364, -0.416947343, -0.274557835, 0, 3, 5, 1, 
487.132888, 66, 0.1, 0.1, 0.0186295429, 0.348162315, -0.0199503126, 0.967587373, -0.252536483, -2.22103781e-005, 0.252536484, 0.967587371, 6.79599235e-005, 4.32812131e-006, -7.13660947e-005, 0.999999997, 0.967587371, -0.252536489, -3.44391789e-005, 0.25253649, 0.967587371, 3.63260021e-005, 2.41492735e-005, -4.38457302e-005, 0.999999999, 0, 0, 0, 0, 0, 0, 0, 0.194830078, -0.0823882812, -0.294429492, 0.00248003415, 0.629061878, -0.777371125, -0.944091797, 0.257568359, 0.205322266, 0.329350482, 0.733376024, 0.594750312, 0, 0, -0, 0, 0, 0, 0, 0.252598633, -0.0361768555, -0.250522119, 0.102714841, 0.388975432, -0.915402476, 0.488647461, -0.821289063, -0.294189453, -0.86632364, -0.416947343, -0.274557835, 0, 3, 5, 1, 
487.134193, 66, 0.1, 0.1, 0.0186295354, 0.34816232, -0.0199419593, 0.967587704, -0.252535215, -1.37667716e-005, 0.252535214, 0.967587702, -6.54935073e-005, 2.98599758e-005, 5.98941178e-005, 0.999999998, 0.9675876, -0.252535615, 3.20965082e-006, 0.252535615, 0.967587597, -6.99295676e-005, 1.4554088e-005, 6.84735336e-005, 0.999999998, 0, 0, 0, 0, 0, 0, 0, 0.194830078, -0.0823882812, -0.294429492, 0.00248003415, 0.629061878, -0.777371125, -0.944091797, 0.257568359, 0.205322266, 0.329350482, 0.733376024, 0.594750312, 0, 0, -0, 0, 0, 0, 0, 0.252598633, -0.0361768555, -0.250522119, 0.102714841, 0.388975432, -0.915402476, 0.488647461, -0.821289063, -0.294189453, -0.86632364, -0.416947343, -0.274557835, 0, 3, 5, 1, 
487.135497, 66, 0.1, 0.1, 0.0186295329, 0.348162298, -0.0199351514, 0.967588248, -0.252533128, -2.71936297e-005, 0.252533129, 0.967588248, 3.86714692e-005, 1.65464094e-005, -4.42853515e-005, 0.999999999, 0.967588155, -0.252533488, 1.48298209e-005, 0.252533485, 0.967588151, 9.86072365e-005, -3.92507884e-005, -9.16661677e-005, 0.999999995, 0, 0, 0, 0, 0, 0, 0, 0.194830078, -0.0823882812, -0.294429492, 0.00248003415, 0.629061878, -0.777371125, -0.944091797, 0.257568359, 0.205322266, 0.329350482, 0.733376024, 0.594750312, 0, 0, -0, 0, 0, 0, 0, 0.252598633, -0.0361768555, -0.250522119, 0.102714841, 0.388975432, -0.915402476, 0.488647461, -0.821289063, -0.294189453, -0.86632364, -0.416947343, -0.274557835, 0, 3, 5, 1, 
487.136895, 66, 0.1, 0.1, 0.0186295207, 0.348162314, -0.0199315536, 0.967588156, -0.252533482, 2.85247589e-005, 0.25253348, 0.967588155, 5.96487121e-005, -4.26635158e-005, -5.05119307e-005, 0.999999998, 0.967588226, -0.252533203, 7.4603867e-005, 0.252533204, 0.967588229, -1.27956828e-005, -6.89544888e-005, 3.12209056e-005, 0.999999997, 0, 0, 0, 0, 0, 0, 0, 0.194943335, -0.082320874, -0.293493164, 0.000240549699, 0.635018735, -0.772431609, -0.943603516, 0.255737305, 0.209960938, 0.330817509, 0.728848384, 0.599406014, 0, 0, -0, 0, 0, 0, 0, 0.253183887, -0.0370205078, -0.248929395, 0.101328384, 0.390074243, -0.915076551, 0.489624023, -0.82019043, -0.295532227, -0.865978392, -0.41805928, -0.27415535, 0, 3, 5, 1, 
487.138232, 66, 0.1, 0.1, 0.0186295226, 0.348162312, -0.0199339001, 0.967587475, -0.252536084, 7.12352645e-005, 0.252536089, 0.967587473, -8.13861872e-005, -4.83734005e-005, 9.67377304e-005, 0.999999994, 0.967587619, -0.252535538, 4.3465621e-005, 0.25253554, 0.967587618, -4.31926333e-005, -3.11491218e-005, 5.27692712e-005, 0.999999998, 0, 0, 0, 0, 0, 0, 0, 0.194943335, -0.082320874, -0.293493164, -0.00234865423, 0.642891566, -0.76578393, -0.943603516, 0.252075195, 0.214477539, 0.330856823, 0.723152141, 0.606263009, 0, 0, -0, 0, 0, 0, 0, 0.253183887, -0.0370205078, -0.248929395, 0.101328384, 0.390074243, -0.915076551, 0.489624023, -0.82019043, -0.295532227, -0.865978392, -0.41805928, -0.27415535, 0, 3, 5, 1, 
487.139586, 66, 0.1, 0.1, 0.0186295275, 0.348162314, -0.0199395777, 0.967587133, -0.252537403, 8.75265043e-006, 0.252537401, 0.967587131, 6.76831137e-005, -2.55614696e-005, -6.32789383e-005, 0.999999998, 0.967587141, -0.25253737, -4.26651494e-005, 0.252537372, 0.96758714, 5.57630647e-005, 2.71999921e-005, -6.4730169e-005, 0.999999998, 0, 0, 0, 0, 0, 0, 0, 0.195480859, -0.0814893799, -0.292686084, -0.00234865423, 0.642891566, -0.76578393, -0.943603516, 0.252075195, 0.214477539, 0.330856823, 0.723152141, 0.606263009, 0, 0, -0, 0, 0, 0, 0, 0.25341626, -0.0377843262, -0.247742871, 0.0981591829, 0.392227389, -0.914501259, 0.489868164, -0.818969727, -0.298706055, -0.866188746, -0.418692174, -0.272621972, 0, 3, 5, 1, 
487.140896, 66, 0.1, 0.1, 0.0186295262, 0.348162327, -0.0199459076, 0.967587446, -0.252536204, -1.71641455e-005, 0.252536203, 0.967587446, -3.03620395e-005, 2.42753259e-005, 2.50433601e-005, 0.999999999, 0.967587354, -0.252536554, -2.25911434e-005, 0.252536552, 0.967587353, -7.22043823e-005, 4.00931506e-005, 6.41589577e-005, 0.999999997, 0, 0, 0, 0, 0, 0, 0, 0.195480859, -0.0814893799, -0.292686084, -0.00234865423, 0.642891566, -0.76578393, -0.943603516, 0.252075195, 0.214477539, 0.330856823, 0.723152141, 0.606263009, 0, 0, -0, 0, 0, 0, 0, 0.25341626, -0.0377843262, -0.247742871, 0.0981591829, 0.392227389, -0.914501259, 0.489868164, -0.818969727, -0.298706055, -0.866188746, -0.418692174, -0.272621972, 0, 3, 5, 1, 
487.142198, 66, 0.1, 0.1, 0.0186295295, 0.348162312, -0.0199498116, 0.96758782, -0.252534769, -2.75320874e-005, 0.252534769, 0.96758782, -2.39063598e-005, 3.26768995e-005, 1.61786933e-005, 0.999999999, 0.967587784, -0.252534908, -3.20048711e-005, 0.25253491, 0.967587783, 3.71183542e-005, 2.15938421e-005, -4.39976133e-005, 0.999999999, 0, 0, 0, 0, 0, 0, 0, 0.195480859, -0.0814893799, -0.292686084, -0.00234865423, 0.642891566, -0.76578393, -0.943603516, 0.252075195, 0.214477539, 0.330856823, 0.723152141, 0.606263009, 0, 0, -0, 0, 0, 0, 0, 0.25341626, -0.0377843262, -0.247742871, 0.0981591829, 0.392227389, -0.914501259, 0.489868164, -0.818969727, -0.298706055, -0.866188746, -0.418692174, -0.272621972, 0, 3, 5, 1, 
487.143552, 66, 0.1, 0.1, 0.0186295254, 0.348162308, -0.0199490383, 0.967587663, -0.252535371, -3.68976118e-005, 0.252535373, 0.96758766, 7.46901385e-005, 1.6839772e-005, -8.15872087e-005, 0.999999997, 0.967587742, -0.252535071, 1.21363862e-005, 0.25253507, 0.96758774, 6.32062539e-005, -2.77048143e-005, -5.80927333e-005, 0.999999998, 0, 0, 0, 0, 0, 0, 0, 0.196257251, -0.0806517822, -0.291654419, -0.00461434788, 0.650884965, -0.759117156, -0.943725586, 0.248168945, 0.218505859, 0.330597714, 0.717436801, 0.613240572, 0, 0, -0, 0, 0, 0, 0, 0.253643994, -0.0378190918, -0.246541699, 0.0946578595, 0.395587988, -0.913485204, 0.491577148, -0.81640625, -0.302612305, -0.865574808, -0.420302844, -0.271778724, 0, 3, 5, 1, 
487.144869, 66, 0.1, 0.1, 0.0186295202, 0.348162314, -0.0199445583, 0.967587194, -0.252537164, 4.62192972e-005, 0.252537167, 0.967587193, -6.35594983e-005, -2.86700645e-005, 7.3171447e-005, 0.999999997, 0.967587274, -0.252536855, 6.39291245e-005, 0.252536858, 0.967587273, -6.12924996e-005, -4.63783922e-005, 7.54503028e-005, 0.999999996, 0, 0, 0, 0, 0, 0, 0, 0.196257251, -0.0806517822, -0.291654419, -0.00461434788, 0.650884965, -0.759117156, -0.943725586, 0.248168945, 0.218505859, 0.330597714, 0.717436801, 0.613240572, 0, 0, -0, 0, 0, 0, 0, 0.253643994, -0.0378190918, -0.246541699, 0.0946578595, 0.395587988, -0.913485204, 0.491577148, -0.81640625, -0.302612305, -0.865574808, -0.420302844, -0.271778724, 0, 3, 5, 1, 
487.146182, 66, 0.1, 0.1, 0.0186295209, 0.348162304, -0.019939674, 0.967587128, -0.252537417, 5.3671524e-005, 0.252537416, 0.967587129, 2.9867285e-005, -5.94744828e-005, -1.53451326e-005, 0.999999998, 0.967587089, -0.25253757, 2.75089994e-005, 0.252537568, 0.967587088, 6.70410327e-005, -4.35477321e-005, -5.79209819e-005, 0.999999997, 0, 0, 0, 0, 0, 0, 0, 0.196257251, -0.0806517822, -0.291654419, -0.00461434788, 0.650884965, -0.759117156, -0.943725586, 0.248168945, 0.218505859, 0.330597714, 0.717436801, 0.613240572, 0, 0, -0, 0, 0, 0, 0, 0.253643994, -0.0378190918, -0.246541699, 0.0946578595, 0.395587988, -0.913485204, 0.491577148, -0.81640625, -0.302612305, -0.865574808, -0.420302844, -0.271778724, 0, 3, 5, 1, 
487.14749, 66, 0.1, 0.1, 0.0186295175, 0.348162322, -0.0199369922, 0.967587657, -0.252535395, 2.41358072e-005, 0.252535393, 0.967587656, 5.06375638e-005, -3.61412862e-005, -4.29011362e-005, 0.999999998, 0.967587528, -0.252535889, -7.59448028e-006, 0.252535888, 0.967587528, -4.11852357e-005, 1.77490745e-005, 3.79324416e-005, 0.999999999, 0, 0, 0, 0, 0, 0, 0, 0.196257251, -0.0806517822, -0.291654419, -0.00461434788, 0.650884965, -0.759117156, -0.943725586, 0.248168945, 0.218505859, 0.330597714, 0.717436801, 0.613240572, 0, 0, -0, 0, 0, 0, 0, 0.253643994, -0.0378190918, -0.246541699, 0.0946578595, 0.395587988, -0.913485204, 0.491577148, -0.81640625, -0.302612305, -0.865574808, -0.420302844, -0.271778724, 0, 3, 5, 1, 
487.148863, 66, 0.1, 0.1, 0.0186295195, 0.348162314, -0.0199364457, 0.967588053, -0.252533877, 3.5210957e-006, 0.252533877, 0.96758805, -7.63259973e-005, 1.58679299e-005, 7.47413191e-005, 0.999999997, 0.967588036, -0.252533942, -2.76944727e-005, 0.25253394, 0.967588036, -4.67464032e-005, 3.86018939e-005, 3.82374661e-005, 0.999999999, 0, 0, 0, 0, 0, 0, 0, 0.196509302, -0.0802889893, -0.290181641, -0.0042384192, 0.658408076, -0.752526766, -0.942626953, 0.248535156, 0.22277832, 0.333751563, 0.710312844, 0.619735865, 0, 0, -0, 0, 0, 0, 0, 0.25331709, -0.0378072266, -0.24574502, 0.0897635161, 0.399517315, -0.912232542, 0.49230957, -0.813964844, -0.307983398, -0.865720996, -0.421485511, -0.269683181, 0, 3, 5, 1, 
487.150168, 66, 0.1, 0.1, 0.0186295164, 0.348162306, -0.0199391752, 0.96758775, -0.252535033, -5.27307639e-005, 0.252535036, 0.967587749, 6.21835822e-005, 3.53181081e-005, -7.34844378e-005, 0.999999997, 0.967587855, -0.252534636, -3.73478607e-005, 0.252534638, 0.967587852, 7.25528965e-005, 1.78152171e-005, -7.96329299e-005, 0.999999997, 0, 0, 0, 0, 0, 0, 0, 0.196509302, -0.0802889893, -0.290181641, -0.0042384192, 0.658408076, -0.752526766, -0.942626953, 0.248535156, 0.22277832, 0.333751563, 0.710312844, 0.619735865, 0, 0, -0, 0, 0, 0, 0, 0.25331709, -0.0378072266, -0.24574502, 0.0897635161, 0.399517315, -0.912232542, 0.49230957, -0.813964844, -0.307983398, -0.865720996, -0.421485511, -0.269683181, 0, 3, 5, 1, 
487.151499, 66, 0.1, 0.1, 0.0186295056, 0.348162323, -0.01994308, 0.967587195, -0.252537165, -1.06658122e-006, 0.252537165, 0.967587194, -4.93361062e-005, 1.34912107e-005, 4.74676332e-005, 0.999999999, 0.967587286, -0.252536811, 5.55734808e-005, 0.252536815, 0.967587284, -7.42916135e-005, -3.50108262e-005, 8.59179705e-005, 0.999999996, 0, 0, 0, 0, 0, 0, 0, 0.196509302, -0.0802889893, -0.290181641, -0.0042384192, 0.658408076, -0.752526766, -0.942626953, 0.248535156, 0.22277832, 0.333751563, 0.710312844, 0.619735865, 0, 0, -0, 0, 0, 0, 0, 0.253261523, -0.0380947754, -0.244758301, 0.0856103421, 0.402181587, -0.911465486, 0.492675781, -0.812133789, -0.312011719, -0.865912027, -0.422310169, -0.267638677, 0, 3, 5, 1, 
487.152866, 66, 0.1, 0.1, 0.0186295025, 0.348162315, -0.0199460099, 0.967587191, -0.252537178, 4.07515784e-005, 0.25253718, 0.96758719, -4.40283822e-005, -2.83119018e-005, 5.28925874e-005, 0.999999998, 0.967587137, -0.252537384, 4.48425387e-005, 0.252537382, 0.967587138, 3.52780619e-005, -5.22980931e-005, -2.28101815e-005, 0.999999998, 0, 0, 0, 0, 0, 0, 0, 0.196509302, -0.0802889893, -0.290181641, -0.00409539037, 0.663716791, -0.747936969, -0.939941406, 0.252441406, 0.229248047, 0.340897241, 0.704033981, 0.622963854, 0, 0, -0, 0, 0, 0, 0, 0.253261523, -0.0380947754, -0.244758301, 0.0856103421, 0.402181587, -0.911465486, 0.492675781, -0.812133789, -0.312011719, -0.865912027, -0.422310169, -0.267638677, 0, 3, 5, 1, 
487.154173, 66, 0.1, 0.1, 0.0186295034, 0.34816232, -0.0199459467, 0.967587645, -0.25253544, 1.85584251e-005, 0.252535438, 0.967587642, 8.68379424e-005, -3.98865608e-005, -7.93366602e-005, 0.999999996, 0.967587555, -0.252535786, 1.43498442e-005, 0.252535785, 0.967587554, 5.00585337e-005, -2.65263019e-005, -4.48121651e-005, 0.999999999, 0, 0, 0, 0, 0, 0, 0, 0.19609187, -0.0809297607, -0.289267529, -0.00409539037, 0.663716791, -0.747936969, -0.939941406, 0.252441406, 0.229248047, 0.340897241, 0.704033981, 0.622963854, 0, 0, -0, 0, 0, 0, 0, 0.253261523, -0.0380947754, -0.244758301, 0.0856103421, 0.402181587, -0.911465486, 0.492675781, -0.812133789, -0.312011719, -0.865912027, -0.422310169, -0.267638677, 0, 3, 5, 1, 
487.155541, 66, 0.1, 0.1, 0.0186295062, 0.348162322, -0.0199435798, 0.967587834, -0.252534714, 4.92228148e-005, 0.252534716, 0.967587833, -3.89220909e-005, -3.77982177e-005, 5.00910112e-005, 0.999999998, 0.96758785, -0.252534657, -2.62789213e-006, 0.252534656, 0.967587848, -5.96850995e-005, 1.76152726e-005, 5.70869433e-005, 0.999999998, 0, 0, 0, 0, 0, 0, 0, 0.195821265, -0.0806070068, -0.288496826, -0.00534300441, 0.670434122, -0.741874153, -0.937988281, 0.253540039, 0.235961914, 0.346285705, 0.697284832, 0.627688827, 0, 0, -0, 0, 0, 0, 0, 0.253261523, -0.0380947754, -0.244758301, 0.0819555344, 0.404807579, -0.910660151, 0.492797852, -0.810668945, -0.315917969, -0.86617342, -0.422770622, -0.265958377, 0, 3, 5, 1, 
487.156857, 66, 0.1, 0.1, 0.0186295111, 0.348162304, -0.0199403252, 0.967587413, -0.25253633, -2.594228e-005, 0.252536331, 0.967587412, 3.1494831e-005, 1.71478346e-005, -3.70253702e-005, 0.999999999, 0.967587526, -0.252535891, -5.4785919e-005, 0.252535894, 0.967587524, 6.99882525e-005, 3.5335626e-005, -8.15551711e-005, 0.999999996, 0, 0, 0, 0, 0, 0, 0, 0.195821265, -0.0806070068, -0.288496826, -0.00534300441, 0.670434122, -0.741874153, -0.937988281, 0.253540039, 0.235961914, 0.346285705, 0.697284832, 0.627688827, 0, 0, -0, 0, 0, 0, 0, 0.253460693, -0.0386004395, -0.243999951, 0.0819555344, 0.404807579, -0.910660151, 0.492797852, -0.810668945, -0.315917969, -0.86617342, -0.422770622, -0.265958377, 0, 3, 5, 1, 
487.158157, 66, 0.1, 0.1, 0.0186295045, 0.348162318, -0.0199389102, 0.967586944, -0.252538124, -4.41350651e-005, 0.252538126, 0.967586944, 2.51277316e-005, 3.63588025e-005, -3.54590516e-005, 0.999999999, 0.967586991, -0.252537948, -1.20823371e-005, 0.252537947, 0.96758699, -4.11984503e-005, 2.20948843e-005, 3.6811836e-005, 0.999999999, 0, 0, 0, 0, 0, 0, 0, 0.195821265, -0.0806070068, -0.288496826, -0.00534300441, 0.670434122, -0.741874153, -0.937988281, 0.253540039, 0.235961914, 0.346285705, 0.697284832, 0.627688827, 0, 0, -0, 0, 0, 0, 0, 0.253460693, -0.0386004395, -0.243999951, 0.0819555344, 0.404807579, -0.910660151, 0.492797852, -0.810668945, -0.315917969, -0.86617342, -0.422770622, -0.265958377, 0, 3, 5, 1, 
487.159463, 66, 0.1, 0.1, 0.0186294988, 0.348162315, -0.0199398003, 0.967587103, -0.252537519, 4.18661017e-006, 0.252537518, 0.967587099, -8.28333116e-005, 1.6867609e-005, 8.12057201e-005, 0.999999997, 0.967587012, -0.252537863, 4.75409e-005, 0.252537864, 0.967587012, -3.88435905e-005, -3.61904801e-005, 4.9590431e-005, 0.999999998, 0, 0, 0, 0, 0, 0, 0, 0.195821265, -0.0806070068, -0.288496826, -0.00534300441, 0.670434122, -0.741874153, -0.937988281, 0.253540039, 0.235961914, 0.346285705, 0.697284832, 0.627688827, 0, 0, -0, 0, 0, 0, 0, 0.253460693, -0.0386004395, -0.243999951, 0.0819555344, 0.404807579, -0.910660151, 0.492797852, -0.810668945, -0.315917969, -0.86617342, -0.422770622, -0.265958377, 0, 3, 5, 1, 
