time, trialNum, realDorsalTactorPos, realVentralTactorPos, box1PosX, box1PosY, box1PosZ, box1LocalRot_11, box1LocalRot_12, box1LocalRot_13, box1LocalRot_21, box1LocalRot_22, box1LocalRot_23, box1LocalRot_31, box1LocalRot_32, box1LocalRot_33, box1GlobalRot_11, box1GlobalRot_12, box1GlobalRot_13, box1GlobalRot_21, box1GlobalRot_22, box1GlobalRot_23, box1GlobalRot_31, box1GlobalRot_32, box1GlobalRot_33, indexForceX, indexForceY, indexForceZ, indexForceGlobalX, indexForceGlobalY, indexForceGlobalZ, indexContact, indexPosX, indexPosY, indexPosZ, indexRot_11, indexRot_12, indexRot_13, indexRot_21, indexRot_22, indexRot_23, indexRot_31, indexRot_32, indexRot_33, thumbForceX, thumbForceY, thumbForceZ, thumbForceGlobalX, thumbForceGlobalY, thumbForceGlobalZ, thumbContact, thumbPosX, thumbPosY, thumbPosZ, thumbRot_11, thumbRot_12, thumbRot_13, thumbRot_21, thumbRot_22, thumbRot_23, thumbRot_31, thumbRot_32, thumbRot_33, manipForceTooHigh, cceExpType, mapping, trialSuccess, 
932.057948, 68, 0.1, 0.1, 0.00211644128, 0.375800799, -0.0199666925, 0.894062308, -0.447942609, -9.22918647e-005, 0.447942612, 0.894062311, 5.28998225e-006, 8.01450694e-005, -4.60710327e-005, 0.999999996, 0.894061523, -0.447944176, -8.75108587e-005, 0.447944178, 0.894061527, -2.45710711e-006, 7.93407387e-005, -3.70031747e-005, 0.999999996, 0, 0, 0, 0, 0, 0, 0, 0.254144629, -0.0630721436, -0.214217017, -0.113179132, 0.628771665, -0.76927029, -0.99230957, -0.0336914063, 0.118408203, 0.0485766132, 0.776802758, 0.627949415, 0, 0, -0, 0, 0, 0, 0, 0.294586768, -0.00519873047, -0.185113379, 0.0132812774, 0.347184759, -0.937582085, 0.560180664, -0.779296875, -0.280639648, -0.828222058, -0.521497771, -0.204839035, 0, 3, 5, 1, 
932.107239, 68, 0.1, 0.1, 0.00211646134, 0.375800837, -0.0199697927, 0.894085143, -0.447897039, 3.95444616e-006, 0.447897039, 0.894085141, -4.96231896e-005, 1.86904682e-005, 4.61385413e-005, 0.999999999, 0.894084952, -0.447897419, 9.55400358e-006, 0.447897418, 0.894084951, -5.714705e-005, 1.70539253e-005, 5.5373531e-005, 0.999999998, 0, 0, 0, 0, 0, 0, 0, 0.269530518, -0.0778144043, -0.20623479, -0.156188737, 0.633382063, -0.757785688, -0.987182617, -0.0756835938, 0.140136719, 0.0314118302, 0.770016538, 0.637253707, 0, 0, -0, 0, 0, 0, 0, 0.308002979, -0.0200902832, -0.176409961, -0.0166564091, 0.343108842, -0.939042901, 0.58984375, -0.755004883, -0.286254883, -0.807311064, -0.558626237, -0.189772477, 0, 3, 5, 1, 
932.108019, 68, 0.1, 0.1, 0.00211646142, 0.375800835, -0.0199676197, 0.894086039, -0.447895251, -1.21634643e-005, 0.447895251, 0.894086038, 2.08799924e-005, 1.52313416e-006, -2.41164676e-005, 1, 0.894085876, -0.447895575, -1.79777186e-006, 0.447895574, 0.894085876, 3.25966544e-005, -1.29925348e-005, -2.99494224e-005, 0.999999999, 0, 0, 0, 0, 0, 0, 0, 0.269530518, -0.0778144043, -0.20623479, -0.156188737, 0.633382063, -0.757785688, -0.987182617, -0.0756835938, 0.140136719, 0.0314118302, 0.770016538, 0.637253707, 0, 0, -0, 0, 0, 0, 0, 0.308002979, -0.0200902832, -0.176409961, -0.0166564091, 0.343108842, -0.939042901, 0.58984375, -0.755004883, -0.286254883, -0.807311064, -0.558626237, -0.189772477, 0, 3, 5, 1, 
932.108797, 68, 0.1, 0.1, 0.00211646013, 0.37580084, -0.0199651016, 0.894086749, -0.447893833, -2.17816628e-007, 0.447893833, 0.894086748, -2.93752774e-005, 1.33517525e-005, 2.61664875e-005, 1, 0.894086603, -0.447894124, 6.27331356e-006, 0.447894124, 0.894086602, -3.8811411e-005, 1.17745173e-005, 3.75105429e-005, 0.999999999, 0, 0, 0, 0, 0, 0, 0, 0.269530518, -0.0778144043, -0.20623479, -0.156188737, 0.633382063, -0.757785688, -0.987182617, -0.0756835938, 0.140136719, 0.0314118302, 0.770016538, 0.637253707, 0, 0, -0, 0, 0, 0, 0, 0.308002979, -0.0200902832, -0.176409961, -0.0166564091, 0.343108842, -0.939042901, 0.58984375, -0.755004883, -0.286254883, -0.807311064, -0.558626237, -0.189772477, 0, 3, 5, 1, 
932.109575, 68, 0.1, 0.1, 0.00211646058, 0.375800831, -0.0199630468, 0.89408745, -0.447892433, -1.20454587e-005, 0.447892433, 0.894087449, 4.96682904e-005, -1.1476358e-005, -4.9802865e-005, 0.999999999, 0.894087325, -0.447892682, -2.32290803e-006, 0.447892681, 0.894087323, 6.4320051e-005, -2.67315975e-005, -5.85481558e-005, 0.999999998, 0, 0, 0, 0, 0, 0, 0, 0.269530518, -0.0778144043, -0.20623479, -0.156188737, 0.633382063, -0.757785688, -0.987182617, -0.0756835938, 0.140136719, 0.0314118302, 0.770016538, 0.637253707, 0, 0, -0, 0, 0, 0, 0, 0.308002979, -0.0200902832, -0.176409961, -0.0166564091, 0.343108842, -0.939042901, 0.58984375, -0.755004883, -0.286254883, -0.807311064, -0.558626237, -0.189772477, 0, 3, 5, 1, 
932.110383, 68, 0.1, 0.1, 0.00211646279, 0.375800836, -0.0199617704, 0.894087891, -0.447891553, 2.08116415e-005, 0.447891553, 0.894087891, -2.19589018e-005, -8.77223e-006, 2.89545466e-005, 1, 0.894087834, -0.447891667, 1.55804263e-006, 0.447891667, 0.894087833, -4.13991941e-005, 1.71493271e-005, 3.77123501e-005, 0.999999999, 0, 0, 0, 0, 0, 0, 0, 0.270454224, -0.0788898437, -0.2057125, -0.159939432, 0.634232026, -0.756369957, -0.986572266, -0.0784912109, 0.142700195, 0.0311407383, 0.769140365, 0.638388989, 0, 0, -0, 0, 0, 0, 0, 0.308429297, -0.0214888184, -0.176135937, -0.0207071379, 0.342999834, -0.939055295, 0.591186523, -0.753173828, -0.288208008, -0.806141158, -0.561092548, -0.187318925, 0, 3, 5, 1, 
932.111159, 68, 0.1, 0.1, 0.00211646659, 0.375800831, -0.0199619884, 0.894087928, -0.447891476, -5.02864846e-005, 0.447891478, 0.894087928, 1.85528421e-005, 3.6650879e-005, -3.91107601e-005, 0.999999999, 0.894087949, -0.447891435, -4.34137045e-005, 0.447891436, 0.894087949, 3.3676744e-005, 2.37321448e-005, -4.95545975e-005, 0.999999998, 0, 0, 0, 0, 0, 0, 0, 0.270454224, -0.0788898437, -0.2057125, -0.159939432, 0.634232026, -0.756369957, -0.986572266, -0.0784912109, 0.142700195, 0.0311407383, 0.769140365, 0.638388989, 0, 0, -0, 0, 0, 0, 0, 0.308429297, -0.0214888184, -0.176135937, -0.0207071379, 0.342999834, -0.939055295, 0.591186523, -0.753173828, -0.288208008, -0.806141158, -0.561092548, -0.187318925, 0, 3, 5, 1, 
932.111939, 68, 0.1, 0.1, 0.00211646445, 0.375800837, -0.0199635103, 0.894087657, -0.447892019, 3.59283408e-005, 0.44789202, 0.894087657, -2.89150946e-005, -1.91722459e-005, 4.19446463e-005, 0.999999999, 0.894087724, -0.447891884, 3.85563298e-005, 0.447891885, 0.894087724, -3.53896515e-005, -1.86220035e-005, 4.89105202e-005, 0.999999999, 0, 0, 0, 0, 0, 0, 0, 0.270454224, -0.0788898437, -0.2057125, -0.159939432, 0.634232026, -0.756369957, -0.986572266, -0.0784912109, 0.142700195, 0.0311407383, 0.769140365, 0.638388989, 0, 0, -0, 0, 0, 0, 0, 0.308429297, -0.0214888184, -0.176135937, -0.0207071379, 0.342999834, -0.939055295, 0.591186523, -0.753173828, -0.288208008, -0.806141158, -0.561092548, -0.187318925, 0, 3, 5, 1, 
932.112746, 68, 0.1, 0.1, 0.00211646926, 0.375800835, -0.0199656248, 0.894087319, -0.447892694, -2.25117989e-005, 0.447892694, 0.894087319, 2.00125876e-005, 1.11640221e-005, -2.79758711e-005, 1, 0.894087375, -0.447892581, -3.83017211e-005, 0.447892582, 0.894087375, 2.09285064e-005, 2.48713625e-005, -3.58669701e-005, 0.999999999, 0, 0, 0, 0, 0, 0, 0, 0.271369141, -0.0799679687, -0.205182764, -0.163848886, 0.635043797, -0.754814564, -0.985961914, -0.0815429688, 0.145385742, 0.0306476076, 0.768023058, 0.639625742, 0, 0, -0, 0, 0, 0, 0, 0.30945835, -0.0227290527, -0.175680664, -0.0226236773, 0.342092054, -0.939304295, 0.59375, -0.751342773, -0.287841797, -0.804255968, -0.564133785, -0.186117669, 0, 3, 5, 1, 
932.113522, 68, 0.1, 0.1, 0.00211646389, 0.375800839, -0.0199674331, 0.894087198, -0.447892936, 8.25105371e-006, 0.447892936, 0.894087197, -3.69258047e-005, 9.16164558e-006, 3.67104779e-005, 0.999999999, 0.894087203, -0.447892926, 3.15326275e-005, 0.447892927, 0.894087202, -3.40280986e-005, -1.29519741e-005, 4.45473283e-005, 0.999999999, 0, 0, 0, 0, 0, 0, 0, 0.271369141, -0.0799679687, -0.205182764, -0.163848886, 0.635043797, -0.754814564, -0.985961914, -0.0815429688, 0.145385742, 0.0306476076, 0.768023058, 0.639625742, 0, 0, -0, 0, 0, 0, 0, 0.30945835, -0.0227290527, -0.175680664, -0.0226236773, 0.342092054, -0.939304295, 0.59375, -0.751342773, -0.287841797, -0.804255968, -0.564133785, -0.186117669, 0, 3, 5, 1, 
932.114301, 68, 0.1, 0.1, 0.00211646554, 0.375800836, -0.0199686986, 0.894087377, -0.447892579, 1.3042514e-005, 0.447892578, 0.894087377, 3.69997899e-005, -2.82330784e-005, -2.72393999e-005, 0.999999999, 0.894087319, -0.447892694, 2.84331359e-008, 0.447892694, 0.894087319, 3.81518183e-005, -1.71133424e-005, -3.40983219e-005, 0.999999999, 0, 0, 0, 0, 0, 0, 0, 0.271369141, -0.0799679687, -0.205182764, -0.163848886, 0.635043797, -0.754814564, -0.985961914, -0.0815429688, 0.145385742, 0.0306476076, 0.768023058, 0.639625742, 0, 0, -0, 0, 0, 0, 0, 0.30945835, -0.0227290527, -0.175680664, -0.0226236773, 0.342092054, -0.939304295, 0.59375, -0.751342773, -0.287841797, -0.804255968, -0.564133785, -0.186117669, 0, 3, 5, 1, 
932.115084, 68, 0.1, 0.1, 0.00211646366, 0.37580084, -0.0199689722, 0.894087778, -0.447891779, -4.60504974e-006, 0.447891779, 0.894087777, -3.09902568e-005, 1.79976e-005, 2.56454459e-005, 1, 0.894087688, -0.447891959, -8.48652409e-007, 0.447891958, 0.894087687, -3.90302574e-005, 1.82401081e-005, 3.4516368e-005, 0.999999999, 0, 0, 0, 0, 0, 0, 0, 0.271369141, -0.0799679687, -0.205182764, -0.163848886, 0.635043797, -0.754814564, -0.985961914, -0.0815429688, 0.145385742, 0.0306476076, 0.768023058, 0.639625742, 0, 0, -0, 0, 0, 0, 0, 0.30945835, -0.0227290527, -0.175680664, -0.0226236773, 0.342092054, -0.939304295, 0.59375, -0.751342773, -0.287841797, -0.804255968, -0.564133785, -0.186117669, 0, 3, 5, 1, 
932.115955, 68, 0.1, 0.1, 0.00211646426, 0.375800833, -0.0199677538, 0.894088252, -0.447890831, -1.01340992e-005, 0.447890832, 0.894088252, 3.33582557e-005, -5.8800778e-006, -3.43641947e-005, 0.999999999, 0.894088137, -0.447891062, 4.37720478e-007, 0.447891062, 0.894088136, 5.16819635e-005, -2.35392502e-005, -4.60121794e-005, 0.999999999, 0, 0, 0, 0, 0, 0, 0, 0.271369141, -0.0799679687, -0.205182764, -0.163848886, 0.635043797, -0.754814564, -0.985961914, -0.0815429688, 0.145385742, 0.0306476076, 0.768023058, 0.639625742, 0, 0, -0, 0, 0, 0, 0, 0.30945835, -0.0227290527, -0.175680664, -0.0226236773, 0.342092054, -0.939304295, 0.59375, -0.751342773, -0.287841797, -0.804255968, -0.564133785, -0.186117669, 0, 3, 5, 1, 
932.117236, 68, 0.1, 0.1, 0.0021164622, 0.37580085, -0.0199572688, 0.894088493, -0.447890348, 5.54773331e-005, 0.447890349, 0.894088494, -1.4444272e-005, -4.31321952e-005, 3.77622194e-005, 0.999999998, 0.894088495, -0.447890347, 2.33277321e-005, 0.447890348, 0.894088493, -6.3873511e-005, 7.7512722e-006, 6.75568374e-005, 0.999999998, 0, 0, 0, 0, 0, 0, 0, 0.271369141, -0.0799679687, -0.205182764, -0.163848886, 0.635043797, -0.754814564, -0.985961914, -0.0815429688, 0.145385742, 0.0306476076, 0.768023058, 0.639625742, 0, 0, -0, 0, 0, 0, 0, 0.30945835, -0.0227290527, -0.175680664, -0.0226236773, 0.342092054, -0.939304295, 0.59375, -0.751342773, -0.287841797, -0.804255968, -0.564133785, -0.186117669, 0, 3, 5, 1, 
932.118049, 68, 0.1, 0.1, 0.00211645815, 0.375800846, -0.0199504352, 0.894088276, -0.447890784, -2.28019411e-005, 0.447890784, 0.894088276, -1.49613071e-005, 2.70879798e-005, 3.16394998e-006, 1, 0.894088321, -0.447890695, -5.54087175e-006, 0.447890695, 0.894088321, -5.39691989e-006, 7.37125892e-006, 2.34361814e-006, 1, 0, 0, 0, 0, 0, 0, 0, 0.27205752, -0.0803546387, -0.204634106, -0.167771445, 0.636299646, -0.752922555, -0.985351562, -0.0854492188, 0.147216797, 0.029291409, 0.766588232, 0.64142714, 0, 0, -0, 0, 0, 0, 0, 0.310484473, -0.023291748, -0.175002393, -0.0248850984, 0.341676076, -0.939368094, 0.597412109, -0.748291016, -0.288085937, -0.801425085, -0.568350758, -0.185510661, 0, 3, 5, 1, 
932.118833, 68, 0.1, 0.1, 0.00211645662, 0.375800845, -0.0199495193, 0.894088143, -0.44789105, 2.6492045e-005, 0.44789105, 0.894088143, 1.97510845e-005, -3.25325573e-005, -5.79366066e-006, 0.999999999, 0.894088171, -0.447890992, 3.7486677e-005, 0.447890992, 0.894088172, 7.79576442e-006, -3.70080472e-005, 9.81984419e-006, 0.999999999, 0, 0, 0, 0, 0, 0, 0, 0.27205752, -0.0803546387, -0.204634106, -0.167771445, 0.636299646, -0.752922555, -0.985351562, -0.0854492188, 0.147216797, 0.029291409, 0.766588232, 0.64142714, 0, 0, -0, 0, 0, 0, 0, 0.310484473, -0.023291748, -0.175002393, -0.0248850984, 0.341676076, -0.939368094, 0.597412109, -0.748291016, -0.288085937, -0.801425085, -0.568350758, -0.185510661, 0, 3, 5, 1, 
932.119614, 68, 0.1, 0.1, 0.00211646253, 0.375800848, -0.0199540006, 0.894087969, -0.447891395, -4.02474285e-005, 0.447891396, 0.89408797, 7.41920147e-006, 3.26617451e-005, -2.46598957e-005, 0.999999999, 0.894087991, -0.447891352, -4.15486845e-005, 0.447891351, 0.894087992, -2.54108034e-005, 4.8529459e-005, 4.11019775e-006, 0.999999999, 0, 0, 0, 0, 0, 0, 0, 0.27205752, -0.0803546387, -0.204634106, -0.167771445, 0.636299646, -0.752922555, -0.985351562, -0.0854492188, 0.147216797, 0.029291409, 0.766588232, 0.64142714, 0, 0, -0, 0, 0, 0, 0, 0.310484473, -0.023291748, -0.175002393, -0.0248850984, 0.341676076, -0.939368094, 0.597412109, -0.748291016, -0.288085937, -0.801425085, -0.568350758, -0.185510661, 0, 3, 5, 1, 
932.120401, 68, 0.1, 0.1, 0.00211646322, 0.375800846, -0.019961973, 0.894088078, -0.44789118, -6.91572103e-006, 0.44789118, 0.894088077, -3.95043535e-005, 2.38769152e-005, 3.2222881e-005, 0.999999999, 0.89408803, -0.447891276, 8.85182918e-006, 0.447891276, 0.89408803, -1.33609928e-005, -1.9300424e-006, 1.59105608e-005, 1, 0, 0, 0, 0, 0, 0, 0, 0.27205752, -0.0803546387, -0.204634106, -0.167771445, 0.636299646, -0.752922555, -0.985351562, -0.0854492188, 0.147216797, 0.029291409, 0.766588232, 0.64142714, 0, 0, -0, 0, 0, 0, 0, 0.310484473, -0.023291748, -0.175002393, -0.0248850984, 0.341676076, -0.939368094, 0.597412109, -0.748291016, -0.288085937, -0.801425085, -0.568350758, -0.185510661, 0, 3, 5, 1, 
932.121177, 68, 0.1, 0.1, 0.00211646651, 0.375800848, -0.0199703449, 0.89408835, -0.447890636, -6.3043143e-006, 0.447890636, 0.894088349, 4.34504843e-005, -1.38244511e-005, -4.16722152e-005, 0.999999999, 0.894088297, -0.447890742, -9.79252488e-006, 0.447890743, 0.894088297, 2.17416067e-005, -9.82482474e-007, -2.38248973e-005, 1, 0, 0, 0, 0, 0, 0, 0, 0.27205752, -0.0803546387, -0.204634106, -0.167771445, 0.636299646, -0.752922555, -0.985351562, -0.0854492188, 0.147216797, 0.029291409, 0.766588232, 0.64142714, 0, 0, -0, 0, 0, 0, 0, 0.310484473, -0.023291748, -0.175002393, -0.0248850984, 0.341676076, -0.939368094, 0.597412109, -0.748291016, -0.288085937, -0.801425085, -0.568350758, -0.185510661, 0, 3, 5, 1, 
932.121956, 68, 0.1, 0.1, 0.00211646846, 0.375800843, -0.0199766086, 0.894088547, -0.447890244, 3.63596944e-006, 0.447890244, 0.894088547, -1.95884359e-005, 5.52259071e-006, 1.91423114e-005, 1, 0.894088528, -0.44789028, -1.18899861e-005, 0.44789028, 0.894088528, 4.67976221e-006, 8.53468012e-006, -9.5095309e-006, 1, 0, 0, 0, 0, 0, 0, 0, 0.27205752, -0.0803546387, -0.204634106, -0.167771445, 0.636299646, -0.752922555, -0.985351562, -0.0854492188, 0.147216797, 0.029291409, 0.766588232, 0.64142714, 0, 0, -0, 0, 0, 0, 0, 0.310484473, -0.023291748, -0.175002393, -0.0248850984, 0.341676076, -0.939368094, 0.597412109, -0.748291016, -0.288085937, -0.801425085, -0.568350758, -0.185510661, 0, 3, 5, 1, 
932.122759, 68, 0.1, 0.1, 0.00211646424, 0.375800852, -0.0199788454, 0.894088599, -0.447890139, 3.00137158e-006, 0.447890139, 0.894088599, -3.1563454e-005, 1.14534677e-005, 2.95648091e-005, 0.999999999, 0.894088579, -0.447890179, 1.29008382e-005, 0.447890179, 0.894088578, -4.33169692e-005, 7.86675302e-006, 4.45073662e-005, 0.999999999, 0, 0, 0, 0, 0, 0, 0, 0.272909448, -0.0807365479, -0.204287695, -0.172880582, 0.637656967, -0.750630652, -0.98449707, -0.0899658203, 0.150268555, 0.0282467378, 0.765013742, 0.643412385, 0, 0, -0, 0, 0, 0, 0, 0.311164551, -0.0236446289, -0.174741797, -0.0289803033, 0.341176977, -0.939463609, 0.600952148, -0.744995117, -0.28918457, -0.798664198, -0.572944696, -0.183434074, 0, 3, 5, 1, 
932.123538, 68, 0.1, 0.1, 0.00211646744, 0.375800846, -0.0199765841, 0.894088729, -0.44788988, -2.94700152e-005, 0.447889881, 0.894088728, 4.21496311e-005, 7.4704152e-006, -5.08848317e-005, 0.999999999, 0.894088714, -0.447889909, -1.92648207e-005, 0.44788991, 0.894088713, 4.70754872e-005, -3.86017698e-006, -5.07181806e-005, 0.999999999, 0, 0, 0, 0, 0, 0, 0, 0.272909448, -0.0807365479, -0.204287695, -0.172880582, 0.637656967, -0.750630652, -0.98449707, -0.0899658203, 0.150268555, 0.0282467378, 0.765013742, 0.643412385, 0, 0, -0, 0, 0, 0, 0, 0.311164551, -0.0236446289, -0.174741797, -0.0289803033, 0.341176977, -0.939463609, 0.600952148, -0.744995117, -0.28918457, -0.798664198, -0.572944696, -0.183434074, 0, 3, 5, 1, 
932.124318, 68, 0.1, 0.1, 0.00211646702, 0.375800845, -0.0199710932, 0.894088741, -0.447889855, 2.01865776e-005, 0.447889855, 0.894088741, -1.91787215e-005, -9.45863695e-006, 2.61888422e-005, 1, 0.894088735, -0.447889868, 2.26375455e-005, 0.447889868, 0.894088735, -1.18926529e-005, -1.49133757e-005, 2.07722143e-005, 1, 0, 0, 0, 0, 0, 0, 0, 0.272909448, -0.0807365479, -0.204287695, -0.172880582, 0.637656967, -0.750630652, -0.98449707, -0.0899658203, 0.150268555, 0.0282467378, 0.765013742, 0.643412385, 0, 0, -0, 0, 0, 0, 0, 0.311164551, -0.0236446289, -0.174741797, -0.0289803033, 0.341176977, -0.939463609, 0.600952148, -0.744995117, -0.28918457, -0.798664198, -0.572944696, -0.183434074, 0, 3, 5, 1, 
932.125124, 68, 0.1, 0.1, 0.00211646784, 0.375800841, -0.0199639774, 0.894088906, -0.447889526, 3.79302686e-006, 0.447889525, 0.894088906, 4.66431482e-005, -2.42822808e-005, -4.00042644e-005, 0.999999999, 0.894088854, -0.44788963, -2.23926086e-006, 0.44788963, 0.894088853, 4.38610817e-005, -1.76428255e-005, -4.0218646e-005, 0.999999999, 0, 0, 0, 0, 0, 0, 0, 0.274035034, -0.0809617432, -0.203563159, -0.176867542, 0.637662958, -0.749614816, -0.983764648, -0.0953369141, 0.151123047, 0.0249232683, 0.764271241, 0.64436382, 0, 0, -0, 0, 0, 0, 0, 0.311164551, -0.0236446289, -0.174741797, -0.0322001774, 0.34001983, -0.939789168, 0.604248047, -0.74230957, -0.289306641, -0.796056796, -0.577116826, -0.181504408, 0, 3, 5, 1, 
932.125904, 68, 0.1, 0.1, 0.00211646794, 0.375800841, -0.0199580385, 0.89408914, -0.447889059, -7.15280075e-006, 0.447889059, 0.89408914, 2.32645322e-006, 5.35324853e-006, -5.28371776e-006, 1, 0.894089103, -0.447889133, 5.79806029e-006, 0.447889133, 0.894089103, -1.00567945e-005, -6.79653564e-007, 1.15885586e-005, 1, 0, 0, 0, 0, 0, 0, 0, 0.274035034, -0.0809617432, -0.203563159, -0.176867542, 0.637662958, -0.749614816, -0.983764648, -0.0953369141, 0.151123047, 0.0249232683, 0.764271241, 0.64436382, 0, 0, -0, 0, 0, 0, 0, 0.311676074, -0.0244786621, -0.17427627, -0.0322001774, 0.34001983, -0.939789168, 0.604248047, -0.74230957, -0.289306641, -0.796056796, -0.577116826, -0.181504408, 0, 3, 5, 1, 
932.12668, 68, 0.1, 0.1, 0.00211646788, 0.37580084, -0.0199551546, 0.894089335, -0.44788867, 8.9186673e-007, 0.44788867, 0.894089335, 1.5754972e-005, -7.85388198e-006, -1.36868954e-005, 1, 0.894089298, -0.447888744, -6.32353446e-006, 0.447888744, 0.894089298, 1.10867722e-005, 6.88164001e-007, -1.27448043e-005, 1, 0, 0, 0, 0, 0, 0, 0, 0.274035034, -0.0809617432, -0.203563159, -0.176867542, 0.637662958, -0.749614816, -0.983764648, -0.0953369141, 0.151123047, 0.0249232683, 0.764271241, 0.64436382, 0, 0, -0, 0, 0, 0, 0, 0.311676074, -0.0244786621, -0.17427627, -0.0322001774, 0.34001983, -0.939789168, 0.604248047, -0.74230957, -0.289306641, -0.796056796, -0.577116826, -0.181504408, 0, 3, 5, 1, 
932.127463, 68, 0.1, 0.1, 0.00211647076, 0.375800839, -0.0199559946, 0.894089613, -0.447888116, 7.85704535e-006, 0.447888116, 0.894089613, 5.39381439e-006, -9.440728e-006, -1.30347617e-006, 1, 0.894089545, -0.44788825, -2.20491073e-005, 0.44788825, 0.894089545, 7.6635151e-006, 1.62814779e-005, -1.67274048e-005, 1, 0, 0, 0, 0, 0, 0, 0, 0.274035034, -0.0809617432, -0.203563159, -0.176867542, 0.637662958, -0.749614816, -0.983764648, -0.0953369141, 0.151123047, 0.0249232683, 0.764271241, 0.64436382, 0, 0, -0, 0, 0, 0, 0, 0.311676074, -0.0244786621, -0.17427627, -0.0322001774, 0.34001983, -0.939789168, 0.604248047, -0.74230957, -0.289306641, -0.796056796, -0.577116826, -0.181504408, 0, 3, 5, 1, 
932.128245, 68, 0.1, 0.1, 0.00211646813, 0.375800844, -0.0199599496, 0.894090102, -0.44788714, -7.77941513e-006, 0.44788714, 0.894090101, 8.97342424e-006, 2.93641675e-006, -1.15073498e-005, 1, 0.894089989, -0.447887365, -1.88047938e-006, 0.447887364, 0.894089989, -2.30270923e-005, 1.19948615e-005, 1.97460498e-005, 1, 0, 0, 0, 0, 0, 0, 0, 0.274035034, -0.0809617432, -0.203563159, -0.176867542, 0.637662958, -0.749614816, -0.983764648, -0.0953369141, 0.151123047, 0.0249232683, 0.764271241, 0.64436382, 0, 0, -0, 0, 0, 0, 0, 0.311676074, -0.0244786621, -0.17427627, -0.0322001774, 0.34001983, -0.939789168, 0.604248047, -0.74230957, -0.289306641, -0.796056796, -0.577116826, -0.181504408, 0, 3, 5, 1, 
932.129028, 68, 0.1, 0.1, 0.00211646738, 0.37580084, -0.019965536, 0.894090763, -0.44788582, -1.46129897e-005, 0.44788582, 0.894090763, -2.34359065e-005, 2.35619493e-005, 1.44088766e-005, 1, 0.89409062, -0.447886105, 6.25303449e-006, 0.447886105, 0.89409062, -1.70702996e-006, -4.82622449e-006, 4.32688674e-006, 1, 0, 0, 0, 0, 0, 0, 0, 0.274035034, -0.0809617432, -0.203563159, -0.176867542, 0.637662958, -0.749614816, -0.983764648, -0.0953369141, 0.151123047, 0.0249232683, 0.764271241, 0.64436382, 0, 0, -0, 0, 0, 0, 0, 0.311676074, -0.0244786621, -0.17427627, -0.0322001774, 0.34001983, -0.939789168, 0.604248047, -0.74230957, -0.289306641, -0.796056796, -0.577116826, -0.181504408, 0, 3, 5, 1, 
932.129821, 68, 0.1, 0.1, 0.00211647315, 0.37580084, -0.0199708851, 0.894091571, -0.447884207, 1.87347828e-006, 0.447884206, 0.894091571, 3.53815553e-005, -1.7521901e-005, -3.0795249e-005, 0.999999999, 0.894091379, -0.447884589, -2.62845749e-005, 0.447884589, 0.894091379, 2.21347656e-005, 1.35869914e-005, -3.15629591e-005, 0.999999999, 0, 0, 0, 0, 0, 0, 0, 0.274035034, -0.0809617432, -0.203563159, -0.178658079, 0.637504199, -0.749297297, -0.983520508, -0.0980224609, 0.151123047, 0.0229822067, 0.764049202, 0.644807897, 0, 0, -0, 0, 0, 0, 0, 0.311676074, -0.0244786621, -0.17427627, -0.0322001774, 0.34001983, -0.939789168, 0.604248047, -0.74230957, -0.289306641, -0.796056796, -0.577116826, -0.181504408, 0, 3, 5, 1, 
932.130612, 68, 0.1, 0.1, 0.00211646717, 0.375800837, -0.0199739028, 0.894092556, -0.447882241, 3.81182929e-006, 0.447882241, 0.894092556, -6.95849231e-007, -3.09646967e-006, 2.32940426e-006, 1, 0.894092358, -0.447882634, 2.77519404e-005, 0.447882634, 0.894092359, 1.76427669e-006, -2.56029867e-005, 1.08521859e-005, 1, 0, 0, 0, 0, 0, 0, 0, 0.275053833, -0.0820867432, -0.20242937, -0.178658079, 0.637504199, -0.749297297, -0.983520508, -0.0980224609, 0.151123047, 0.0229822067, 0.764049202, 0.644807897, 0, 0, -0, 0, 0, 0, 0, 0.312177832, -0.0246515137, -0.17381416, -0.035713894, 0.338926483, -0.940089207, 0.608032227, -0.739135742, -0.289550781, -0.792989306, -0.581895965, -0.179817546, 0, 3, 5, 1, 
932.13139, 68, 0.1, 0.1, 0.00211647785, 0.375800839, -0.019974114, 0.894093457, -0.44788044, -3.7497544e-005, 0.44788044, 0.894093458, -2.38303401e-005, 4.4199452e-005, 4.51213467e-006, 0.999999999, 0.894093294, -0.447880763, -5.56293935e-005, 0.447880763, 0.894093296, -1.33531917e-005, 5.57185055e-005, -1.2976336e-005, 0.999999998, 0, 0, 0, 0, 0, 0, 0, 0.275053833, -0.0820867432, -0.20242937, -0.178658079, 0.637504199, -0.749297297, -0.983520508, -0.0980224609, 0.151123047, 0.0229822067, 0.764049202, 0.644807897, 0, 0, -0, 0, 0, 0, 0, 0.312177832, -0.0246515137, -0.17381416, -0.035713894, 0.338926483, -0.940089207, 0.608032227, -0.739135742, -0.289550781, -0.792989306, -0.581895965, -0.179817546, 0, 3, 5, 1, 
932.132483, 68, 0.1, 0.1, 0.00211647043, 0.375800836, -0.01996791, 0.894094229, -0.447878899, 3.71229108e-005, 0.447878899, 0.89409423, 7.59051248e-006, -3.65910107e-005, 9.83993501e-006, 0.999999999, 0.894094059, -0.447879239, 3.82822493e-005, 0.447879239, 0.894094059, 2.72235823e-005, -4.6420809e-005, -7.19461847e-006, 0.999999999, 0, 0, 0, 0, 0, 0, 0, 0.275053833, -0.0820867432, -0.20242937, -0.178658079, 0.637504199, -0.749297297, -0.983520508, -0.0980224609, 0.151123047, 0.0229822067, 0.764049202, 0.644807897, 0, 0, -0, 0, 0, 0, 0, 0.312177832, -0.0246515137, -0.17381416, -0.035713894, 0.338926483, -0.940089207, 0.608032227, -0.739135742, -0.289550781, -0.792989306, -0.581895965, -0.179817546, 0, 3, 5, 1, 
932.133784, 68, 0.1, 0.1, 0.00211648383, 0.37580084, -0.0199500061, 0.894095088, -0.447877186, -2.00451208e-005, 0.447877186, 0.894095088, -6.66534147e-006, 2.09074984e-005, -3.01830324e-006, 1, 0.894094958, -0.447877442, -5.15195525e-005, 0.447877441, 0.89409496, -2.83662927e-005, 5.87679948e-005, 2.28771392e-006, 0.999999998, 0, 0, 0, 0, 0, 0, 0, 0.275053833, -0.0820867432, -0.20242937, -0.178658079, 0.637504199, -0.749297297, -0.983520508, -0.0980224609, 0.151123047, 0.0229822067, 0.764049202, 0.644807897, 0, 0, -0, 0, 0, 0, 0, 0.312177832, -0.0246515137, -0.17381416, -0.035713894, 0.338926483, -0.940089207, 0.608032227, -0.739135742, -0.289550781, -0.792989306, -0.581895965, -0.179817546, 0, 3, 5, 1, 
932.135146, 68, 0.1, 0.1, 0.00211647708, 0.375800838, -0.019930177, 0.894095523, -0.447876313, -7.14607716e-005, 0.447876309, 0.894095525, -5.85127628e-005, 9.00992365e-005, 2.03104126e-005, 0.999999996, 0.894095522, -0.447876319, -3.67258785e-007, 0.447876319, 0.894095522, 3.03714983e-005, -1.32743104e-005, -2.73195071e-005, 1, 0, 0, 0, 0, 0, 0, 0, 0.275053833, -0.0820867432, -0.20242937, -0.178963615, 0.637485103, -0.749259105, -0.983520508, -0.0997314453, 0.150146484, 0.0210531279, 0.763928635, 0.645049032, 0, 0, -0, 0, 0, 0, 0, 0.312177832, -0.0246515137, -0.17381416, -0.0384736814, 0.338037659, -0.940229565, 0.611694336, -0.736083984, -0.289672852, -0.790088061, -0.586285379, -0.178482128, 0, 3, 5, 1, 
932.136444, 68, 0.1, 0.1, 0.00211648576, 0.375800843, -0.0199196267, 0.894095964, -0.447875426, 9.91129026e-005, 0.447875426, 0.894095969, 2.31473879e-005, -9.89835929e-005, 2.36942474e-005, 0.999999995, 0.894095867, -0.447875628, 5.42277026e-005, 0.447875629, 0.894095868, 1.25925295e-006, -4.90487536e-005, 2.31613736e-005, 0.999999999, 0, 0, 0, 0, 0, 0, 0, 0.27614856, -0.0834275391, -0.201310474, -0.178963615, 0.637485103, -0.749259105, -0.983520508, -0.0997314453, 0.150146484, 0.0210531279, 0.763928635, 0.645049032, 0, 0, -0, 0, 0, 0, 0, 0.312725977, -0.0250258789, -0.173348877, -0.0384736814, 0.338037659, -0.940229565, 0.611694336, -0.736083984, -0.289672852, -0.790088061, -0.586285379, -0.178482128, 0, 3, 5, 1, 
932.137786, 68, 0.1, 0.1, 0.00211649055, 0.375800848, -0.0199227014, 0.894096121, -0.447875116, -8.02887272e-005, 0.447875115, 0.894096125, -3.02115683e-005, 8.53168495e-005, -8.94727684e-006, 0.999999996, 0.894096067, -0.447875227, -6.77117273e-005, 0.447875222, 0.894096069, -7.26548761e-005, 9.30811083e-005, 3.4634034e-005, 0.999999995, 0, 0, 0, 0, 0, 0, 0, 0.277510596, -0.0850384521, -0.199807349, -0.178406083, 0.636495476, -0.750376413, -0.983642578, -0.100463867, 0.14855957, 0.0191109445, 0.764703336, 0.644237261, 0, 0, -0, 0, 0, 0, 0, 0.312725977, -0.0250258789, -0.173348877, -0.0402112166, 0.336343867, -0.94084277, 0.614868164, -0.733764648, -0.288574219, -0.787570344, -0.590022942, -0.177319151, 0, 3, 5, 1, 
932.139079, 68, 0.1, 0.1, 0.00211646976, 0.375800841, -0.019935185, 0.894096517, -0.447874333, 2.83411885e-005, 0.44787433, 0.894096516, 7.46683821e-005, -5.87818097e-005, -5.40674495e-005, 0.999999997, 0.894096476, -0.447874405, 9.46325053e-005, 0.447874404, 0.894096481, 3.38268815e-005, -9.97607844e-005, 1.21389814e-005, 0.999999995, 0, 0, 0, 0, 0, 0, 0, 0.277510596, -0.0850384521, -0.199807349, -0.178406083, 0.636495476, -0.750376413, -0.983642578, -0.100463867, 0.14855957, 0.0191109445, 0.764703336, 0.644237261, 0, 0, -0, 0, 0, 0, 0, 0.313556934, -0.0256630371, -0.172695264, -0.0402112166, 0.336343867, -0.94084277, 0.614868164, -0.733764648, -0.288574219, -0.787570344, -0.590022942, -0.177319151, 0, 3, 5, 1, 
932.140372, 68, 0.1, 0.1, 0.00211648091, 0.375800841, -0.0199500707, 0.89409589, -0.447875582, 5.08768625e-005, 0.447875584, 0.894095888, -5.67711531e-005, -2.00623804e-005, 7.35453592e-005, 0.999999997, 0.894096108, -0.447875149, -1.2015589e-005, 0.447875148, 0.894096108, -4.93703568e-005, 3.28548472e-005, 3.87603602e-005, 0.999999999, 0, 0, 0, 0, 0, 0, 0, 0.277510596, -0.0850384521, -0.199807349, -0.178406083, 0.636495476, -0.750376413, -0.983642578, -0.100463867, 0.14855957, 0.0191109445, 0.764703336, 0.644237261, 0, 0, -0, 0, 0, 0, 0, 0.313556934, -0.0256630371, -0.172695264, -0.0402112166, 0.336343867, -0.94084277, 0.614868164, -0.733764648, -0.288574219, -0.787570344, -0.590022942, -0.177319151, 0, 3, 5, 1, 
932.141664, 68, 0.1, 0.1, 0.00211648051, 0.375800838, -0.0199596311, 0.894094666, -0.447878016, -9.88658238e-005, 0.447878024, 0.894094666, 6.86628776e-005, 5.76428122e-005, -0.000105670942, 0.999999993, 0.894094907, -0.447877544, -5.88104246e-005, 0.447877547, 0.894094906, 4.34372064e-005, 3.31275518e-005, -6.51768537e-005, 0.999999997, 0, 0, 0, 0, 0, 0, 0, 0.277510596, -0.0850384521, -0.199807349, -0.178406083, 0.636495476, -0.750376413, -0.983642578, -0.100463867, 0.14855957, 0.0191109445, 0.764703336, 0.644237261, 0, 0, -0, 0, 0, 0, 0, 0.313556934, -0.0256630371, -0.172695264, -0.0402112166, 0.336343867, -0.94084277, 0.614868164, -0.733764648, -0.288574219, -0.787570344, -0.590022942, -0.177319151, 0, 3, 5, 1, 
932.143007, 68, 0.1, 0.1, 0.00211649188, 0.375800824, -0.0199590216, 0.894093744, -0.447879868, 2.8218596e-005, 0.447879869, 0.894093744, -3.04972288e-005, -1.15709753e-005, 3.99059225e-005, 0.999999999, 0.894093841, -0.447879675, 2.05800279e-005, 0.447879675, 0.894093841, 4.86752176e-006, -2.05805402e-005, 4.86535497e-006, 1, 0, 0, 0, 0, 0, 0, 0, 0.278375977, -0.0859931885, -0.198292017, -0.178832187, 0.635245618, -0.751252585, -0.983642578, -0.102172852, 0.147705078, 0.0172009617, 0.765395662, 0.643387298, 0, 0, -0, 0, 0, 0, 0, 0.314146094, -0.0270060547, -0.172036279, -0.0419935946, 0.333819586, -0.941679454, 0.616943359, -0.732666016, -0.287231445, -0.785793796, -0.592865852, -0.175197722, 0, 3, 5, 1, 
932.144302, 68, 0.1, 0.1, 0.00211648739, 0.375800824, -0.0199501831, 0.8940937, -0.447879955, 4.16689495e-005, 0.447879954, 0.8940937, 3.88577055e-005, -5.46595327e-005, -1.60797424e-005, 0.999999998, 0.894093649, -0.447880057, 2.32560052e-005, 0.447880056, 0.894093649, 4.55464218e-005, -4.11923805e-005, -3.03068656e-005, 0.999999999, 0, 0, 0, 0, 0, 0, 0, 0.278375977, -0.0859931885, -0.198292017, -0.178832187, 0.635245618, -0.751252585, -0.983642578, -0.102172852, 0.147705078, 0.0172009617, 0.765395662, 0.643387298, 0, 0, -0, 0, 0, 0, 0, 0.314146094, -0.0270060547, -0.172036279, -0.0419935946, 0.333819586, -0.941679454, 0.616943359, -0.732666016, -0.287231445, -0.785793796, -0.592865852, -0.175197722, 0, 3, 5, 1, 
932.145594, 68, 0.1, 0.1, 0.0021164855, 0.375800821, -0.0199389659, 0.894094409, -0.447878541, 1.27085224e-005, 0.447878539, 0.894094407, 7.44070414e-005, -4.46879359e-005, -6.08350452e-005, 0.999999997, 0.894094191, -0.447878976, -2.74795407e-005, 0.447878977, 0.89409419, 3.58895356e-005, 8.49512926e-006, -4.43961339e-005, 0.999999999, 0, 0, 0, 0, 0, 0, 0, 0.278375977, -0.0859931885, -0.198292017, -0.178832187, 0.635245618, -0.751252585, -0.983642578, -0.102172852, 0.147705078, 0.0172009617, 0.765395662, 0.643387298, 0, 0, -0, 0, 0, 0, 0, 0.314146094, -0.0270060547, -0.172036279, -0.0419935946, 0.333819586, -0.941679454, 0.616943359, -0.732666016, -0.287231445, -0.785793796, -0.592865852, -0.175197722, 0, 3, 5, 1, 
932.146821, 68, 0.1, 0.1, 0.00211648524, 0.375800822, -0.0199317477, 0.894095847, -0.447875668, -4.55540992e-005, 0.447875669, 0.894095848, 1.67411797e-005, 3.32317638e-005, -3.53707919e-005, 0.999999999, 0.894095575, -0.447876211, -3.92235858e-005, 0.44787621, 0.894095576, -3.19706632e-005, 4.9388534e-005, 1.10175176e-005, 0.999999999, 0, 0, 0, 0, 0, 0, 0, 0.278375977, -0.0859931885, -0.198292017, -0.178832187, 0.635245618, -0.751252585, -0.983642578, -0.102172852, 0.147705078, 0.0172009617, 0.765395662, 0.643387298, 0, 0, -0, 0, 0, 0, 0, 0.314146094, -0.0270060547, -0.172036279, -0.0419935946, 0.333819586, -0.941679454, 0.616943359, -0.732666016, -0.287231445, -0.785793796, -0.592865852, -0.175197722, 0, 3, 5, 1, 
932.147635, 68, 0.1, 0.1, 0.00211648716, 0.375800821, -0.0199361409, 0.894097162, -0.447873044, -3.1599456e-005, 0.447873044, 0.894097163, -2.53878105e-005, 3.96235e-005, 8.54662479e-006, 0.999999999, 0.894096894, -0.44787358, -1.79584219e-005, 0.447873579, 0.894096894, -2.91371778e-005, 2.91063413e-005, 1.80083575e-005, 0.999999999, 0, 0, 0, 0, 0, 0, 0, 0.278632397, -0.0865943115, -0.198851392, -0.182683231, 0.636660227, -0.74917673, -0.982910156, -0.103149414, 0.151977539, 0.0194176024, 0.764182874, 0.644788801, 0, 0, -0, 0, 0, 0, 0, 0.314720117, -0.0280791992, -0.171585645, -0.0438463348, 0.331864034, -0.942260576, 0.618408203, -0.731689453, -0.286376953, -0.784515614, -0.595280757, -0.173172174, 0, 3, 5, 1, 
932.14843, 68, 0.1, 0.1, 0.00211648764, 0.375800819, -0.019949574, 0.894098623, -0.447870129, -2.37084524e-006, 0.447870129, 0.894098623, -2.60188091e-005, 1.37728169e-005, 2.22015506e-005, 1, 0.89409832, -0.447870733, 1.41737916e-005, 0.447870733, 0.89409832, -4.64579617e-006, -1.05920471e-005, 1.0501825e-005, 1, 0, 0, 0, 0, 0, 0, 0, 0.278632397, -0.0865943115, -0.198851392, -0.182683231, 0.636660227, -0.74917673, -0.982910156, -0.103149414, 0.151977539, 0.0194176024, 0.764182874, 0.644788801, 0, 0, -0, 0, 0, 0, 0, 0.314720117, -0.0280791992, -0.171585645, -0.0438463348, 0.331864034, -0.942260576, 0.618408203, -0.731689453, -0.286376953, -0.784515614, -0.595280757, -0.173172174, 0, 3, 5, 1, 
932.149219, 68, 0.1, 0.1, 0.00211648619, 0.37580082, -0.0199666919, 0.894100145, -0.44786709, 2.03029046e-005, 0.44786709, 0.894100145, -8.5256097e-006, -1.433449e-005, 1.67157517e-005, 1, 0.894099846, -0.447867688, 1.56622592e-005, 0.447867688, 0.894099846, 9.24916963e-006, -1.81460278e-005, -1.25506131e-006, 1, 0, 0, 0, 0, 0, 0, 0, 0.278632397, -0.0865943115, -0.198851392, -0.182683231, 0.636660227, -0.74917673, -0.982910156, -0.103149414, 0.151977539, 0.0194176024, 0.764182874, 0.644788801, 0, 0, -0, 0, 0, 0, 0, 0.314720117, -0.0280791992, -0.171585645, -0.0438463348, 0.331864034, -0.942260576, 0.618408203, -0.731689453, -0.286376953, -0.784515614, -0.595280757, -0.173172174, 0, 3, 5, 1, 
932.150029, 68, 0.1, 0.1, 0.00211649053, 0.375800824, -0.0199818483, 0.894101747, -0.447863889, -4.14910069e-005, 0.44786389, 0.894101748, 2.25986021e-006, 3.6085072e-005, -2.06028687e-005, 0.999999999, 0.894101434, -0.447864516, -3.96302925e-005, 0.447864516, 0.894101435, -8.5773263e-006, 3.92749814e-005, -1.0080002e-005, 0.999999999, 0, 0, 0, 0, 0, 0, 0, 0.278632397, -0.0865943115, -0.198851392, -0.182683231, 0.636660227, -0.74917673, -0.982910156, -0.103149414, 0.151977539, 0.0194176024, 0.764182874, 0.644788801, 0, 0, -0, 0, 0, 0, 0, 0.315333936, -0.0294036621, -0.170930078, -0.0450793072, 0.329384596, -0.943071741, 0.619873047, -0.730957031, -0.28503418, -0.783295035, -0.597382497, -0.171293548, 0, 3, 5, 1, 
932.150817, 68, 0.1, 0.1, 0.00211649075, 0.375800821, -0.0199896544, 0.894103308, -0.447860776, 2.52101948e-005, 0.447860776, 0.894103308, 1.05151272e-005, -2.72498316e-005, 1.88904737e-006, 1, 0.894102992, -0.447861407, 1.19436669e-005, 0.447861407, 0.894102992, 1.76898688e-005, -1.86014778e-005, -1.04674572e-005, 1, 0, 0, 0, 0, 0, 0, 0, 0.278632397, -0.0865943115, -0.198851392, -0.182683231, 0.636660227, -0.74917673, -0.982910156, -0.103149414, 0.151977539, 0.0194176024, 0.764182874, 0.644788801, 0, 0, -0, 0, 0, 0, 0, 0.315333936, -0.0294036621, -0.170930078, -0.0450793072, 0.329384596, -0.943071741, 0.619873047, -0.730957031, -0.28503418, -0.783295035, -0.597382497, -0.171293548, 0, 3, 5, 1, 
932.151603, 68, 0.1, 0.1, 0.0021164838, 0.375800821, -0.019988996, 0.894104794, -0.44785781, 1.11342449e-005, 0.44785781, 0.894104794, -4.72747346e-006, -7.83794584e-006, 9.21341523e-006, 1, 0.894104505, -0.447858386, 2.45729061e-005, 0.447858386, 0.894104505, -4.56040112e-006, -1.99283322e-005, 1.50826572e-005, 1, 0, 0, 0, 0, 0, 0, 0, 0.278632397, -0.0865943115, -0.198851392, -0.182683231, 0.636660227, -0.74917673, -0.982910156, -0.103149414, 0.151977539, 0.0194176024, 0.764182874, 0.644788801, 0, 0, -0, 0, 0, 0, 0, 0.315333936, -0.0294036621, -0.170930078, -0.0450793072, 0.329384596, -0.943071741, 0.619873047, -0.730957031, -0.28503418, -0.783295035, -0.597382497, -0.171293548, 0, 3, 5, 1, 
932.152405, 68, 0.1, 0.1, 0.00211648649, 0.375800822, -0.0199804801, 0.894106135, -0.447855131, -9.00497654e-006, 0.447855131, 0.894106135, -4.25548221e-006, 9.95724431e-006, -2.28072193e-007, 1, 0.894105895, -0.447855611, -1.75833871e-005, 0.447855611, 0.894105895, -9.29285131e-006, 1.98832657e-005, 4.33974568e-007, 1, 0, 0, 0, 0, 0, 0, 0, 0.279363745, -0.0872232666, -0.199212549, -0.185994718, 0.63751019, -0.747558057, -0.982177734, -0.103637695, 0.155883789, 0.0219195613, 0.763306702, 0.645644756, 0, 0, -0, 0, 0, 0, 0, 0.315333936, -0.0294036621, -0.170930078, -0.0450793072, 0.329384596, -0.943071741, 0.619873047, -0.730957031, -0.28503418, -0.783295035, -0.597382497, -0.171293548, 0, 3, 5, 1, 
932.153193, 68, 0.1, 0.1, 0.00211648487, 0.375800822, -0.0199681081, 0.894107234, -0.447852939, -1.72819059e-005, 0.447852938, 0.894107234, -1.48902684e-005, 2.21205275e-005, 5.57374436e-006, 1, 0.894107037, -0.447853331, -1.61268648e-006, 0.447853331, 0.894107037, 5.574982e-006, -1.05485993e-006, -5.70687765e-006, 1, 0, 0, 0, 0, 0, 0, 0, 0.279363745, -0.0872232666, -0.199212549, -0.185994718, 0.63751019, -0.747558057, -0.982177734, -0.103637695, 0.155883789, 0.0219195613, 0.763306702, 0.645644756, 0, 0, -0, 0, 0, 0, 0, 0.315333936, -0.0294036621, -0.170930078, -0.0450793072, 0.329384596, -0.943071741, 0.619873047, -0.730957031, -0.28503418, -0.783295035, -0.597382497, -0.171293548, 0, 3, 5, 1, 
932.153979, 68, 0.1, 0.1, 0.00211648418, 0.375800822, -0.0199562869, 0.894108217, -0.447850973, 3.79009371e-005, 0.447850973, 0.894108218, 1.13266168e-005, -3.89601757e-005, 6.84675046e-006, 0.999999999, 0.894108032, -0.447851345, 2.46507973e-005, 0.447851345, 0.894108032, 4.31800811e-006, -2.39743016e-005, 7.17912699e-006, 1, 0, 0, 0, 0, 0, 0, 0, 0.279363745, -0.0872232666, -0.199212549, -0.185994718, 0.63751019, -0.747558057, -0.982177734, -0.103637695, 0.155883789, 0.0219195613, 0.763306702, 0.645644756, 0, 0, -0, 0, 0, 0, 0, 0.315333936, -0.0294036621, -0.170930078, -0.0450793072, 0.329384596, -0.943071741, 0.619873047, -0.730957031, -0.28503418, -0.783295035, -0.597382497, -0.171293548, 0, 3, 5, 1, 
932.154794, 68, 0.1, 0.1, 0.00211648517, 0.375800823, -0.0199483794, 0.89410905, -0.447849312, -3.36699196e-005, 0.447849312, 0.89410905, -8.71042844e-006, 3.40055392e-005, -7.29097743e-006, 0.999999999, 0.894108877, -0.447849658, -2.82747314e-005, 0.447849657, 0.894108877, -2.74094759e-005, 3.75560128e-005, 1.18442269e-005, 0.999999999, 0, 0, 0, 0, 0, 0, 0, 0.28009314, -0.0880584961, -0.199562231, -0.189300213, 0.63870276, -0.745742432, -0.981567383, -0.104858398, 0.159423828, 0.0236790197, 0.762252674, 0.646963885, 0, 0, -0, 0, 0, 0, 0, 0.315333936, -0.0294036621, -0.170930078, -0.0460949961, 0.327550446, -0.943710466, 0.621704102, -0.729858398, -0.283691406, -0.781806133, -0.599784643, -0.169887768, 0, 3, 5, 1, 
