time, trialNum, realDorsalTactorPos, realVentralTactorPos, boxPosX, boxPosY, boxPosZ, boxLocalRot_11, boxLocalRot_12, boxLocalRot_13, boxLocalRot_21, boxLocalRot_22, boxLocalRot_23, boxLocalRot_31, boxLocalRot_32, boxLocalRot_33, boxGlobalRot_11, boxGlobalRot_12, boxGlobalRot_13, boxGlobalRot_21, boxGlobalRot_22, boxGlobalRot_23, boxGlobalRot_31, boxGlobalRot_32, boxGlobalRot_33, indexForceX, indexForceY, indexForceZ, indexForceGlobalX, indexForceGlobalY, indexForceGlobalZ, indexContact, indexPosX, indexPosY, indexPosZ, indexRot_11, indexRot_12, indexRot_13, indexRot_21, indexRot_22, indexRot_23, indexRot_31, indexRot_32, indexRot_33, thumbForceX, thumbForceY, thumbForceZ, thumbForceGlobalX, thumbForceGlobalY, thumbForceGlobalZ, thumbContact, thumbPosX, thumbPosY, thumbPosZ, thumbRot_11, thumbRot_12, thumbRot_13, thumbRot_21, thumbRot_22, thumbRot_23, thumbRot_31, thumbRot_32, thumbRot_33, manipForceTooHigh, cceExpType, mapping, trialSuccess, 
576.084518, 39, 0.1, 0.1, 0.00557330864, 0.348495276, -0.0199738364, 0.643217349, -0.765683634, 0.000123383784, 0.765683641, 0.643217352, -2.1757382e-005, -6.27033193e-005, 0.00010846767, 0.999999992, 0.643217617, -0.765683406, 0.000139504084, 0.765683415, 0.643217621, -2.04119102e-005, -7.41024239e-005, 0.000119945263, 0.99999999, 0, 0, 0, 0, 0, 0, 0, 0.222100098, -0.0509631836, -0.198829028, 0.03937948, 0.468746186, -0.88243127, -0.797973633, 0.546142578, 0.254638672, 0.601340852, 0.694252545, 0.395722279, 0, 0, -0, 0, 0, 0, 0, 0.280573047, -0.0250817871, -0.173434717, 0.302878288, -0.108529539, -0.946743412, 0.151977539, -0.975219727, 0.160522461, -0.940779443, -0.192452411, -0.278833841, 0, 3, 1, 1, 
576.115134, 39, 0.1, 0.1, 0.00557328938, 0.348495259, -0.0199670389, 0.643245673, -0.765659847, 5.3972582e-005, 0.765659841, 0.643245675, 9.31668421e-005, -0.00010605174, -1.86045295e-005, 0.999999994, 0.643245516, -0.765659979, 4.63269314e-005, 0.765659975, 0.643245517, 9.03093754e-005, -9.89458655e-005, -2.26204237e-005, 0.999999995, 0, 0, 0, 0, 0, 0, 0, 0.242832373, -0.0698663818, -0.194810083, 0.0723303606, 0.491356313, -0.867900307, -0.830688477, 0.511230469, 0.220214844, 0.551876033, 0.705131709, 0.445329413, 0, 0, -0, 0, 0, 0, 0, 0.297175439, -0.0435137207, -0.168095068, 0.32578711, -0.106972509, -0.939289074, 0.199707031, -0.963256836, 0.178955078, -0.924010731, -0.245804582, -0.292533999, 0, 3, 1, 1, 
576.115928, 39, 0.1, 0.1, 0.00557327968, 0.348495255, -0.0199701192, 0.643246638, -0.765659038, -1.01344461e-005, 0.765659037, 0.643246638, -4.84217432e-005, 4.35934937e-005, 2.33875933e-005, 0.999999999, 0.643246393, -0.765659244, 2.97769554e-005, 0.765659244, 0.643246393, -1.70126778e-005, -6.12800518e-006, 3.37423448e-005, 0.999999999, 0, 0, 0, 0, 0, 0, 0, 0.242832373, -0.0698663818, -0.194810083, 0.0723303606, 0.491356313, -0.867900307, -0.830688477, 0.511230469, 0.220214844, 0.551876033, 0.705131709, 0.445329413, 0, 0, -0, 0, 0, 0, 0, 0.297175439, -0.0435137207, -0.168095068, 0.32578711, -0.106972509, -0.939289074, 0.199707031, -0.963256836, 0.178955078, -0.924010731, -0.245804582, -0.292533999, 0, 3, 1, 1, 
576.116724, 39, 0.1, 0.1, 0.00557329929, 0.348495268, -0.0199714411, 0.643248234, -0.765657692, -9.64385711e-005, 0.765657692, 0.643248239, -4.14351507e-005, 9.37590829e-005, -4.71858463e-005, 0.999999994, 0.643247906, -0.765657965, -0.000108774238, 0.765657965, 0.643247914, -5.1885502e-005, 0.00010969535, -4.99086212e-005, 0.999999993, 0, 0, 0, 0, 0, 0, 0, 0.242832373, -0.0698663818, -0.194810083, 0.0723303606, 0.491356313, -0.867900307, -0.830688477, 0.511230469, 0.220214844, 0.551876033, 0.705131709, 0.445329413, 0, 0, -0, 0, 0, 0, 0, 0.297175439, -0.0435137207, -0.168095068, 0.32578711, -0.106972509, -0.939289074, 0.199707031, -0.963256836, 0.178955078, -0.924010731, -0.245804582, -0.292533999, 0, 3, 1, 1, 
576.117627, 39, 0.1, 0.1, 0.00557328894, 0.348495266, -0.0199694217, 0.643250138, -0.765656089, 0.000115298453, 0.765656091, 0.643250145, 3.48258421e-005, -0.000100830365, 6.5877235e-005, 0.999999993, 0.64324983, -0.76565635, 9.69106429e-005, 0.765656352, 0.643249835, 2.58882039e-005, -8.21592228e-005, 5.75476666e-005, 0.999999995, 0, 0, 0, 0, 0, 0, 0, 0.244864624, -0.0714389404, -0.1939979, 0.0731649758, 0.495437632, -0.865435419, -0.834960938, 0.505004883, 0.218505859, 0.545440654, 0.706709947, 0.450747834, 0, 0, -0, 0, 0, 0, 0, 0.29867334, -0.0450258789, -0.167434131, 0.327538138, -0.104232412, -0.939040074, 0.206054687, -0.962036133, 0.178588867, -0.92198555, -0.25202195, -0.293735255, 0, 3, 1, 1, 
576.118421, 39, 0.1, 0.1, 0.00557327598, 0.348495258, -0.019965926, 0.643251489, -0.765654963, -2.78681779e-005, 0.765654963, 0.643251489, 1.21405387e-005, 8.63078323e-006, -2.91468283e-005, 1, 0.643251284, -0.765655135, 1.73126859e-005, 0.765655134, 0.643251284, 3.39883549e-005, -3.71597659e-005, -8.60750607e-006, 0.999999999, 0, 0, 0, 0, 0, 0, 0, 0.244864624, -0.0714389404, -0.1939979, 0.0731649758, 0.495437632, -0.865435419, -0.834960938, 0.505004883, 0.218505859, 0.545440654, 0.706709947, 0.450747834, 0, 0, -0, 0, 0, 0, 0, 0.29867334, -0.0450258789, -0.167434131, 0.327538138, -0.104232412, -0.939040074, 0.206054687, -0.962036133, 0.178588867, -0.92198555, -0.25202195, -0.293735255, 0, 3, 1, 1, 
576.119218, 39, 0.1, 0.1, 0.00557328355, 0.348495265, -0.0199625297, 0.643252159, -0.765654399, 8.2700725e-006, 0.765654399, 0.643252159, -3.72243622e-005, 2.31812547e-005, 3.02766687e-005, 0.999999999, 0.64325208, -0.765654466, -1.96691119e-005, 0.765654465, 0.64325208, -4.7386392e-005, 4.89337998e-005, 1.54216519e-005, 0.999999999, 0, 0, 0, 0, 0, 0, 0, 0.244864624, -0.0714389404, -0.1939979, 0.0731649758, 0.495437632, -0.865435419, -0.834960938, 0.505004883, 0.218505859, 0.545440654, 0.706709947, 0.450747834, 0, 0, -0, 0, 0, 0, 0, 0.29867334, -0.0450258789, -0.167434131, 0.327538138, -0.104232412, -0.939040074, 0.206054687, -0.962036133, 0.178588867, -0.92198555, -0.25202195, -0.293735255, 0, 3, 1, 1, 
576.120044, 39, 0.1, 0.1, 0.00557327872, 0.348495258, -0.0199599023, 0.64325209, -0.765654458, -8.21896769e-006, 0.765654458, 0.64325209, 2.67461146e-005, -1.51914137e-005, -2.34973833e-005, 1, 0.643252148, -0.765654409, 5.05152442e-006, 0.765654408, 0.643252148, 4.64319589e-005, -3.8800238e-005, -2.59997354e-005, 0.999999999, 0, 0, 0, 0, 0, 0, 0, 0.246829858, -0.0725399902, -0.193632202, 0.0727426201, 0.499976132, -0.86297053, -0.83972168, 0.497558594, 0.217529297, 0.538092033, 0.708833733, 0.456166255, 0, 0, -0, 0, 0, 0, 0, 0.300442822, -0.0460388184, -0.166771729, 0.329845135, -0.100419023, -0.938618634, 0.213623047, -0.960571289, 0.177856445, -0.919410963, -0.259108452, -0.295409358, 0, 3, 1, 1, 
576.120837, 39, 0.1, 0.1, 0.00557327842, 0.348495267, -0.0199592401, 0.643251528, -0.76565493, 1.30762055e-005, 0.76565493, 0.643251527, -2.157694e-005, 8.1092013e-006, 2.38912608e-005, 1, 0.643251659, -0.76565482, 8.43100367e-006, 0.765654819, 0.643251658, -5.08825515e-005, 3.35352138e-005, 3.91855243e-005, 0.999999999, 0, 0, 0, 0, 0, 0, 0, 0.246829858, -0.0725399902, -0.193632202, 0.0727426201, 0.499976132, -0.86297053, -0.83972168, 0.497558594, 0.217529297, 0.538092033, 0.708833733, 0.456166255, 0, 0, -0, 0, 0, 0, 0, 0.300442822, -0.0460388184, -0.166771729, 0.329845135, -0.100419023, -0.938618634, 0.213623047, -0.960571289, 0.177856445, -0.919410963, -0.259108452, -0.295409358, 0, 3, 1, 1, 
576.121633, 39, 0.1, 0.1, 0.00557327284, 0.348495258, -0.0199606336, 0.643250924, -0.765655437, 3.06708983e-005, 0.765655437, 0.643250924, 9.21111435e-006, -2.67816235e-005, 1.75582823e-005, 0.999999999, 0.64325103, -0.765655348, 2.61105359e-005, 0.765655347, 0.64325103, 4.42208799e-005, -5.06535823e-005, -8.45345511e-006, 0.999999999, 0, 0, 0, 0, 0, 0, 0, 0.246829858, -0.0725399902, -0.193632202, 0.0727426201, 0.499976132, -0.86297053, -0.83972168, 0.497558594, 0.217529297, 0.538092033, 0.708833733, 0.456166255, 0, 0, -0, 0, 0, 0, 0, 0.300442822, -0.0460388184, -0.166771729, 0.329845135, -0.100419023, -0.938618634, 0.213623047, -0.960571289, 0.177856445, -0.919410963, -0.259108452, -0.295409358, 0, 3, 1, 1, 
576.122436, 39, 0.1, 0.1, 0.00557327566, 0.348495263, -0.0199634417, 0.643250838, -0.765655509, -3.26238246e-005, 0.765655509, 0.643250839, 8.96301899e-006, 1.41227177e-005, -3.07440805e-005, 0.999999999, 0.643250807, -0.765655535, -3.5158797e-005, 0.765655535, 0.643250808, -1.55406485e-005, 3.45147081e-005, -1.69229928e-005, 0.999999999, 0, 0, 0, 0, 0, 0, 0, 0.246829858, -0.0725399902, -0.193632202, 0.0727426201, 0.499976132, -0.86297053, -0.83972168, 0.497558594, 0.217529297, 0.538092033, 0.708833733, 0.456166255, 0, 0, -0, 0, 0, 0, 0, 0.300442822, -0.0460388184, -0.166771729, 0.329845135, -0.100419023, -0.938618634, 0.213623047, -0.960571289, 0.177856445, -0.919410963, -0.259108452, -0.295409358, 0, 3, 1, 1, 
576.12323, 39, 0.1, 0.1, 0.00557327138, 0.348495258, -0.0199666681, 0.643251337, -0.76565509, 2.08178271e-005, 0.76565509, 0.643251337, -2.80681748e-006, -1.1242041e-005, 1.77447644e-005, 1, 0.643251204, -0.765655201, 3.43291569e-005, 0.765655201, 0.643251205, 1.23959507e-005, -3.15732957e-005, 1.83105873e-005, 0.999999999, 0, 0, 0, 0, 0, 0, 0, 0.246829858, -0.0725399902, -0.193632202, 0.0727426201, 0.499976132, -0.86297053, -0.83972168, 0.497558594, 0.217529297, 0.538092033, 0.708833733, 0.456166255, 0, 0, -0, 0, 0, 0, 0, 0.300442822, -0.0460388184, -0.166771729, 0.329845135, -0.100419023, -0.938618634, 0.213623047, -0.960571289, 0.177856445, -0.919410963, -0.259108452, -0.295409358, 0, 3, 1, 1, 
576.124024, 39, 0.1, 0.1, 0.00557327841, 0.348495261, -0.019969222, 0.643252195, -0.765654369, -2.46691373e-005, 0.765654369, 0.643252195, -1.97813301e-006, 1.73830429e-005, -1.76155943e-005, 1, 0.643252013, -0.765654521, -4.50610423e-005, 0.765654522, 0.643252014, -9.08255748e-006, 3.59397074e-005, -2.86588174e-005, 0.999999999, 0, 0, 0, 0, 0, 0, 0, 0.246829858, -0.0725399902, -0.193632202, 0.0727426201, 0.499976132, -0.86297053, -0.83972168, 0.497558594, 0.217529297, 0.538092033, 0.708833733, 0.456166255, 0, 0, -0, 0, 0, 0, 0, 0.300442822, -0.0460388184, -0.166771729, 0.329845135, -0.100419023, -0.938618634, 0.213623047, -0.960571289, 0.177856445, -0.919410963, -0.259108452, -0.295409358, 0, 3, 1, 1, 
576.124842, 39, 0.1, 0.1, 0.00557327289, 0.348495257, -0.0199699717, 0.643253048, -0.765653653, -3.17743022e-006, 0.765653653, 0.643253047, 1.68552737e-005, -1.08614102e-005, -1.32750172e-005, 1, 0.643252901, -0.765653776, 2.38813609e-005, 0.765653776, 0.643252901, 1.75435694e-005, -2.87940548e-005, 6.99990222e-006, 1, 0, 0, 0, 0, 0, 0, 0, 0.248216284, -0.0733499268, -0.19345105, 0.0696617896, 0.505885058, -0.859718957, -0.84387207, 0.489501953, 0.219726563, 0.531906024, 0.710246098, 0.461089301, 0, 0, -0, 0, 0, 0, 0, 0.301859424, -0.0470202637, -0.166566797, 0.330369387, -0.0961072673, -0.938848677, 0.221679687, -0.958984375, 0.176147461, -0.917391979, -0.266265316, -0.295556279, 0, 3, 1, 1, 
576.125644, 39, 0.1, 0.1, 0.00557327654, 0.348495261, -0.0199690093, 0.643253435, -0.765653328, 1.35041811e-005, 0.765653328, 0.643253434, -2.60594479e-005, 1.12658921e-005, 2.71023505e-005, 1, 0.6432534, -0.765653357, -6.99967594e-006, 0.765653357, 0.6432534, -3.35458141e-005, 3.01870305e-005, 1.62191336e-005, 0.999999999, 0, 0, 0, 0, 0, 0, 0, 0.248216284, -0.0733499268, -0.19345105, 0.0696617896, 0.505885058, -0.859718957, -0.84387207, 0.489501953, 0.219726563, 0.531906024, 0.710246098, 0.461089301, 0, 0, -0, 0, 0, 0, 0, 0.301859424, -0.0470202637, -0.166566797, 0.330369387, -0.0961072673, -0.938848677, 0.221679687, -0.958984375, 0.176147461, -0.917391979, -0.266265316, -0.295556279, 0, 3, 1, 1, 
576.126445, 39, 0.1, 0.1, 0.00557327276, 0.348495256, -0.0199668491, 0.643253262, -0.765653473, -9.96554756e-006, 0.765653473, 0.643253262, 2.085339e-005, -9.55609951e-006, -2.10441673e-005, 1, 0.643253332, -0.765653415, 2.11557606e-006, 0.765653414, 0.643253331, 3.72034596e-005, -2.98458072e-005, -2.23114513e-005, 0.999999999, 0, 0, 0, 0, 0, 0, 0, 0.248216284, -0.0733499268, -0.19345105, 0.0696617896, 0.505885058, -0.859718957, -0.84387207, 0.489501953, 0.219726563, 0.531906024, 0.710246098, 0.461089301, 0, 0, -0, 0, 0, 0, 0, 0.301859424, -0.0470202637, -0.166566797, 0.330369387, -0.0961072673, -0.938848677, 0.221679687, -0.958984375, 0.176147461, -0.917391979, -0.266265316, -0.295556279, 0, 3, 1, 1, 
576.127245, 39, 0.1, 0.1, 0.00557327375, 0.348495264, -0.0199642782, 0.643252677, -0.765653964, 4.65824534e-006, 0.765653964, 0.643252677, -1.72048539e-005, 1.01765358e-005, 1.46336724e-005, 1, 0.643252808, -0.765653855, 3.61343116e-007, 0.765653854, 0.643252807, -4.33824186e-005, 3.29834811e-005, 2.81825263e-005, 0.999999999, 0, 0, 0, 0, 0, 0, 0, 0.248216284, -0.0733499268, -0.19345105, 0.0696617896, 0.505885058, -0.859718957, -0.84387207, 0.489501953, 0.219726563, 0.531906024, 0.710246098, 0.461089301, 0, 0, -0, 0, 0, 0, 0, 0.301859424, -0.0470202637, -0.166566797, 0.330369387, -0.0961072673, -0.938848677, 0.221679687, -0.958984375, 0.176147461, -0.917391979, -0.266265316, -0.295556279, 0, 3, 1, 1, 
576.128039, 39, 0.1, 0.1, 0.00557327007, 0.348495256, -0.0199622535, 0.643252083, -0.765654463, 2.29324535e-005, 0.765654463, 0.643252084, 1.43545465e-006, -1.58504108e-005, 1.66349762e-005, 1, 0.64325219, -0.765654373, 1.79301904e-005, 0.765654372, 0.643252191, 3.66876213e-005, -3.96236719e-005, -9.87106409e-006, 0.999999999, 0, 0, 0, 0, 0, 0, 0, 0.248216284, -0.0733499268, -0.19345105, 0.0696617896, 0.505885058, -0.859718957, -0.84387207, 0.489501953, 0.219726563, 0.531906024, 0.710246098, 0.461089301, 0, 0, -0, 0, 0, 0, 0, 0.301859424, -0.0470202637, -0.166566797, 0.330369387, -0.0961072673, -0.938848677, 0.221679687, -0.958984375, 0.176147461, -0.917391979, -0.266265316, -0.295556279, 0, 3, 1, 1, 
576.128862, 39, 0.1, 0.1, 0.0055732741, 0.348495261, -0.0199613358, 0.643251996, -0.765654536, -3.34935833e-005, 0.765654537, 0.643251996, 1.7641173e-005, 8.03777018e-006, -3.69922338e-005, 0.999999999, 0.643251955, -0.76565457, -3.86363091e-005, 0.765654571, 0.643251956, -1.43472201e-005, 3.5837896e-005, -2.03531893e-005, 0.999999999, 0, 0, 0, 0, 0, 0, 0, 0.248216284, -0.0733499268, -0.19345105, 0.0696617896, 0.505885058, -0.859718957, -0.84387207, 0.489501953, 0.219726563, 0.531906024, 0.710246098, 0.461089301, 0, 0, -0, 0, 0, 0, 0, 0.301859424, -0.0470202637, -0.166566797, 0.330369387, -0.0961072673, -0.938848677, 0.221679687, -0.958984375, 0.176147461, -0.917391979, -0.266265316, -0.295556279, 0, 3, 1, 1, 
576.129732, 39, 0.1, 0.1, 0.00557326647, 0.348495252, -0.0199604698, 0.643252645, -0.765653991, 3.17532092e-005, 0.765653991, 0.643252646, 2.5949178e-006, -2.2412145e-005, 2.26427836e-005, 0.999999999, 0.643252482, -0.765654127, 5.02972863e-005, 0.765654127, 0.643252483, 2.19308878e-005, -4.9145329e-005, 2.44032268e-005, 0.999999998, 0, 0, 0, 0, 0, 0, 0, 0.250326636, -0.0744672119, -0.193100122, 0.0676218826, 0.510125135, -0.857464125, -0.84765625, 0.482421875, 0.220214844, 0.526049517, 0.712046374, 0.46518148, 0, 0, -0, 0, 0, 0, 0, 0.303296045, -0.0477950684, -0.166142041, 0.331110923, -0.0920383151, -0.939053201, 0.229614258, -0.957397461, 0.174926758, -0.915104672, -0.2734477, -0.295946003, 0, 3, 1, 1, 
576.130518, 39, 0.1, 0.1, 0.00557327474, 0.348495254, -0.0199612513, 0.643253689, -0.765653114, -3.05040613e-005, 0.765653114, 0.643253689, 5.2127198e-007, 1.92227365e-005, -2.36908396e-005, 1, 0.643253472, -0.765653294, -5.44838736e-005, 0.765653295, 0.643253474, -7.36705548e-006, 4.06875513e-005, -3.69768734e-005, 0.999999998, 0, 0, 0, 0, 0, 0, 0, 0.250326636, -0.0744672119, -0.193100122, 0.0676218826, 0.510125135, -0.857464125, -0.84765625, 0.482421875, 0.220214844, 0.526049517, 0.712046374, 0.46518148, 0, 0, -0, 0, 0, 0, 0, 0.303296045, -0.0477950684, -0.166142041, 0.331110923, -0.0920383151, -0.939053201, 0.229614258, -0.957397461, 0.174926758, -0.915104672, -0.2734477, -0.295946003, 0, 3, 1, 1, 
576.131306, 39, 0.1, 0.1, 0.00557327, 0.34849525, -0.0199634278, 0.643254687, -0.765652276, -1.18614965e-005, 0.765652276, 0.643254687, 2.00288436e-005, -7.70516649e-006, -2.19654293e-005, 1, 0.643254506, -0.765652428, 2.15020477e-005, 0.765652427, 0.643254506, 2.10143725e-005, -2.99209944e-005, 2.94550523e-006, 1, 0, 0, 0, 0, 0, 0, 0, 0.250326636, -0.0744672119, -0.193100122, 0.0676218826, 0.510125135, -0.857464125, -0.84765625, 0.482421875, 0.220214844, 0.526049517, 0.712046374, 0.46518148, 0, 0, -0, 0, 0, 0, 0, 0.303296045, -0.0477950684, -0.166142041, 0.331110923, -0.0920383151, -0.939053201, 0.229614258, -0.957397461, 0.174926758, -0.915104672, -0.2734477, -0.295946003, 0, 3, 1, 1, 
576.132126, 39, 0.1, 0.1, 0.00557327681, 0.348495256, -0.0199660969, 0.643255173, -0.765651867, 3.83758517e-006, 0.765651867, 0.643255173, -3.29760525e-005, 2.27796296e-005, 2.41502706e-005, 0.999999999, 0.643255124, -0.765651909, -2.09037546e-005, 0.765651908, 0.643255124, -4.09857187e-005, 4.4827241e-005, 1.0359274e-005, 0.999999999, 0, 0, 0, 0, 0, 0, 0, 0.251562085, -0.0761258301, -0.192802539, 0.0658051362, 0.512543597, -0.856136761, -0.850097656, 0.478027344, 0.220825195, 0.522382319, 0.713270023, 0.467319493, 0, 0, -0, 0, 0, 0, 0, 0.303296045, -0.0477950684, -0.166142041, 0.331782097, -0.0892533747, -0.939027681, 0.235595703, -0.956054687, 0.174194336, -0.91331573, -0.278923899, -0.296188807, 0, 3, 1, 1, 
576.132912, 39, 0.1, 0.1, 0.00557327424, 0.348495252, -0.0199680717, 0.643255044, -0.765651976, -1.24799366e-005, 0.765651976, 0.643255044, 1.79579034e-005, -5.72172204e-006, -2.11068001e-005, 1, 0.643255103, -0.765651926, -1.4721663e-006, 0.765651926, 0.643255103, 3.24223134e-005, -2.38772282e-005, -2.19829855e-005, 0.999999999, 0, 0, 0, 0, 0, 0, 0, 0.251562085, -0.0761258301, -0.192802539, 0.0658051362, 0.512543597, -0.856136761, -0.850097656, 0.478027344, 0.220825195, 0.522382319, 0.713270023, 0.467319493, 0, 0, -0, 0, 0, 0, 0, 0.304494287, -0.0492886719, -0.165475732, 0.331782097, -0.0892533747, -0.939027681, 0.235595703, -0.956054687, 0.174194336, -0.91331573, -0.278923899, -0.296188807, 0, 3, 1, 1, 
576.134002, 39, 0.1, 0.1, 0.00557327449, 0.348495266, -0.0199661535, 0.643254221, -0.765652667, 1.02617855e-005, 0.765652667, 0.643254221, -2.07232728e-005, 9.26589219e-006, 2.11872961e-005, 1, 0.6432544, -0.765652517, 6.55817027e-006, 0.765652516, 0.643254399, -5.45645582e-005, 3.75589195e-005, 4.01201717e-005, 0.999999998, 0, 0, 0, 0, 0, 0, 0, 0.251562085, -0.0761258301, -0.192802539, 0.0658051362, 0.512543597, -0.856136761, -0.850097656, 0.478027344, 0.220825195, 0.522382319, 0.713270023, 0.467319493, 0, 0, -0, 0, 0, 0, 0, 0.304494287, -0.0492886719, -0.165475732, 0.331782097, -0.0892533747, -0.939027681, 0.235595703, -0.956054687, 0.174194336, -0.91331573, -0.278923899, -0.296188807, 0, 3, 1, 1, 
576.134836, 39, 0.1, 0.1, 0.00557327028, 0.348495256, -0.0199620007, 0.643253534, -0.765653244, 2.13594121e-005, 0.765653244, 0.643253535, 6.98300957e-006, -1.90860812e-005, 1.18620575e-005, 1, 0.643253652, -0.765653146, 1.79904183e-005, 0.765653145, 0.643253652, 4.19646001e-005, -4.37027303e-005, -1.32194619e-005, 0.999999999, 0, 0, 0, 0, 0, 0, 0, 0.251562085, -0.0761258301, -0.192802539, 0.0658051362, 0.512543597, -0.856136761, -0.850097656, 0.478027344, 0.220825195, 0.522382319, 0.713270023, 0.467319493, 0, 0, -0, 0, 0, 0, 0, 0.304494287, -0.0492886719, -0.165475732, 0.331782097, -0.0892533747, -0.939027681, 0.235595703, -0.956054687, 0.174194336, -0.91331573, -0.278923899, -0.296188807, 0, 3, 1, 1, 
576.135623, 39, 0.1, 0.1, 0.00557327548, 0.34849526, -0.0199595011, 0.6432534, -0.765653356, -4.27250916e-005, 0.765653357, 0.643253399, 1.7531851e-005, 1.40597399e-005, -4.39900326e-005, 0.999999999, 0.643253375, -0.765653377, -4.65754009e-005, 0.765653377, 0.643253376, -1.00840274e-005, 3.76806535e-005, -2.91740284e-005, 0.999999999, 0, 0, 0, 0, 0, 0, 0, 0.251562085, -0.0761258301, -0.192802539, 0.0658051362, 0.512543597, -0.856136761, -0.850097656, 0.478027344, 0.220825195, 0.522382319, 0.713270023, 0.467319493, 0, 0, -0, 0, 0, 0, 0, 0.304494287, -0.0492886719, -0.165475732, 0.331782097, -0.0892533747, -0.939027681, 0.235595703, -0.956054687, 0.174194336, -0.91331573, -0.278923899, -0.296188807, 0, 3, 1, 1, 
576.136415, 39, 0.1, 0.1, 0.0055732714, 0.348495254, -0.0199591891, 0.643253927, -0.765652914, 2.05047467e-005, 0.765652914, 0.643253927, -1.01294488e-006, -1.24141946e-005, 1.63510998e-005, 1, 0.643253781, -0.765653036, 3.71726708e-005, 0.765653036, 0.643253782, 1.78288765e-005, -3.75621945e-005, 1.69928761e-005, 0.999999999, 0, 0, 0, 0, 0, 0, 0, 0.251562085, -0.0761258301, -0.192802539, 0.0658051362, 0.512543597, -0.856136761, -0.850097656, 0.478027344, 0.220825195, 0.522382319, 0.713270023, 0.467319493, 0, 0, -0, 0, 0, 0, 0, 0.304494287, -0.0492886719, -0.165475732, 0.331782097, -0.0892533747, -0.939027681, 0.235595703, -0.956054687, 0.174194336, -0.91331573, -0.278923899, -0.296188807, 0, 3, 1, 1, 
576.137234, 39, 0.1, 0.1, 0.00557328243, 0.348495256, -0.0199607417, 0.643254962, -0.765652044, -3.73595376e-005, 0.765652044, 0.643254963, 3.46990121e-007, 2.37660343e-005, -2.88276095e-005, 0.999999999, 0.643254753, -0.765652218, -6.37388177e-005, 0.765652219, 0.643254755, -8.4990703e-006, 4.75076296e-005, -4.33346998e-005, 0.999999998, 0, 0, 0, 0, 0, 0, 0, 0.252962549, -0.0777872559, -0.192285742, 0.0628901784, 0.514854596, -0.854866686, -0.852905273, 0.472412109, 0.221679688, 0.518023918, 0.715375835, 0.469095804, 0, 0, -0, 0, 0, 0, 0, 0.305675928, -0.0507874023, -0.164816016, 0.332210468, -0.0864301548, -0.939136323, 0.241821289, -0.954589844, 0.173461914, -0.911552309, -0.284764302, -0.296322968, 0, 3, 1, 1, 
576.13802, 39, 0.1, 0.1, 0.0055732696, 0.348495258, -0.0199636308, 0.643256238, -0.76565097, 6.24709955e-005, 0.765650972, 0.643256238, -2.86718953e-005, -1.82321931e-005, 6.6274354e-005, 0.999999998, 0.643255964, -0.765651199, 7.83988477e-005, 0.765651202, 0.643255965, -1.90991346e-005, -3.58072511e-005, 7.23118043e-005, 0.999999997, 0, 0, 0, 0, 0, 0, 0, 0.252962549, -0.0777872559, -0.192285742, 0.0628901784, 0.514854596, -0.854866686, -0.852905273, 0.472412109, 0.221679688, 0.518023918, 0.715375835, 0.469095804, 0, 0, -0, 0, 0, 0, 0, 0.305675928, -0.0507874023, -0.164816016, 0.332210468, -0.0864301548, -0.939136323, 0.241821289, -0.954589844, 0.173461914, -0.911552309, -0.284764302, -0.296322968, 0, 3, 1, 1, 
576.138803, 39, 0.1, 0.1, 0.0055732746, 0.348495259, -0.0199669962, 0.643257884, -0.765649588, -5.19147672e-005, 0.76564959, 0.643257883, 4.63617676e-005, -2.10228503e-006, -6.95710927e-005, 0.999999998, 0.643257509, -0.765649903, -5.42181674e-005, 0.765649905, 0.643257509, 2.14794281e-005, 1.84305213e-005, -5.53289381e-005, 0.999999998, 0, 0, 0, 0, 0, 0, 0, 0.252962549, -0.0777872559, -0.192285742, 0.0628901784, 0.514854596, -0.854866686, -0.852905273, 0.472412109, 0.221679688, 0.518023918, 0.715375835, 0.469095804, 0, 0, -0, 0, 0, 0, 0, 0.305675928, -0.0507874023, -0.164816016, 0.332210468, -0.0864301548, -0.939136323, 0.241821289, -0.954589844, 0.173461914, -0.911552309, -0.284764302, -0.296322968, 0, 3, 1, 1, 
576.139596, 39, 0.1, 0.1, 0.00557327819, 0.348495254, -0.0199697274, 0.643259658, -0.765648099, 3.33572215e-005, 0.7656481, 0.643259657, -2.01883929e-005, -6.00015021e-006, 3.85262719e-005, 0.999999999, 0.64325936, -0.76564835, -5.13920944e-006, 0.76564835, 0.64325936, -5.29615347e-007, 3.71134369e-006, -3.5941472e-006, 1, 0, 0, 0, 0, 0, 0, 0, 0.252962549, -0.0777872559, -0.192285742, 0.0628901784, 0.514854596, -0.854866686, -0.852905273, 0.472412109, 0.221679688, 0.518023918, 0.715375835, 0.469095804, 0, 0, -0, 0, 0, 0, 0, 0.305675928, -0.0507874023, -0.164816016, 0.332210468, -0.0864301548, -0.939136323, 0.241821289, -0.954589844, 0.173461914, -0.911552309, -0.284764302, -0.296322968, 0, 3, 1, 1, 
576.140382, 39, 0.1, 0.1, 0.00557326474, 0.348495264, -0.0199709739, 0.643261213, -0.765646791, 4.77040613e-005, 0.765646793, 0.643261212, -3.52125109e-005, -3.72582637e-006, 5.9175304e-005, 0.999999998, 0.643260931, -0.765647028, 6.32972346e-005, 0.76564703, 0.643260929, -4.74043635e-005, -4.42162792e-006, 7.89567146e-005, 0.999999997, 0, 0, 0, 0, 0, 0, 0, 0.252962549, -0.0777872559, -0.192285742, 0.0628901784, 0.514854596, -0.854866686, -0.852905273, 0.472412109, 0.221679688, 0.518023918, 0.715375835, 0.469095804, 0, 0, -0, 0, 0, 0, 0, 0.305675928, -0.0507874023, -0.164816016, 0.332210468, -0.0864301548, -0.939136323, 0.241821289, -0.954589844, 0.173461914, -0.911552309, -0.284764302, -0.296322968, 0, 3, 1, 1, 
576.141174, 39, 0.1, 0.1, 0.00557326939, 0.348495261, -0.0199704571, 0.643262635, -0.765645597, -4.82971337e-005, 0.765645599, 0.643262634, 3.04467117e-005, 7.75635069e-006, -5.65637198e-005, 0.999999998, 0.643262356, -0.765645832, -3.91267118e-005, 0.765645833, 0.643262355, 3.63268398e-005, -2.64475266e-006, -5.33248924e-005, 0.999999999, 0, 0, 0, 0, 0, 0, 0, 0.252962549, -0.0777872559, -0.192285742, 0.0628901784, 0.514854596, -0.854866686, -0.852905273, 0.472412109, 0.221679688, 0.518023918, 0.715375835, 0.469095804, 0, 0, -0, 0, 0, 0, 0, 0.305675928, -0.0507874023, -0.164816016, 0.332210468, -0.0864301548, -0.939136323, 0.241821289, -0.954589844, 0.173461914, -0.911552309, -0.284764302, -0.296322968, 0, 3, 1, 1, 
576.141988, 39, 0.1, 0.1, 0.00557327007, 0.348495261, -0.0199680574, 0.643263978, -0.76564447, 1.73373874e-005, 0.76564447, 0.643263978, -2.38205664e-005, 7.08556817e-006, 2.85971871e-005, 1, 0.643263715, -0.765644691, 1.32974314e-005, 0.765644691, 0.643263715, -2.07131128e-005, 7.30512973e-006, 2.35051016e-005, 1, 0, 0, 0, 0, 0, 0, 0, 0.254389624, -0.0792431396, -0.191338086, 0.0605900406, 0.516778805, -0.85392012, -0.856689453, 0.465942383, 0.221191406, 0.512085035, 0.718160869, 0.471170538, 0, 0, -0, 0, 0, 0, 0, 0.306664355, -0.0520465332, -0.164159717, 0.332964763, -0.083178931, -0.939219445, 0.248901367, -0.952880859, 0.172607422, -0.909386403, -0.291173433, -0.296699933, 0, 3, 1, 1, 
576.142771, 39, 0.1, 0.1, 0.00557327281, 0.348495258, -0.0199650459, 0.643265122, -0.765643508, -3.20424883e-005, 0.765643509, 0.643265121, 3.00646495e-005, -2.40698862e-006, -4.38726636e-005, 0.999999999, 0.643264899, -0.765643695, -3.78283866e-005, 0.765643696, 0.643264899, 2.01669976e-005, 8.89293869e-006, -4.19357874e-005, 0.999999999, 0, 0, 0, 0, 0, 0, 0, 0.254389624, -0.0792431396, -0.191338086, 0.0605900406, 0.516778805, -0.85392012, -0.856689453, 0.465942383, 0.221191406, 0.512085035, 0.718160869, 0.471170538, 0, 0, -0, 0, 0, 0, 0, 0.306664355, -0.0520465332, -0.164159717, 0.332964763, -0.083178931, -0.939219445, 0.248901367, -0.952880859, 0.172607422, -0.909386403, -0.291173433, -0.296699933, 0, 3, 1, 1, 
576.143558, 39, 0.1, 0.1, 0.00557327015, 0.348495261, -0.0199625352, 0.643266102, -0.765642685, 4.06700324e-005, 0.765642686, 0.643266101, -3.36551542e-005, -3.93830561e-007, 5.27879326e-005, 0.999999999, 0.64326594, -0.76564282, 3.66499577e-005, 0.765642821, 0.64326594, -2.98485148e-005, -7.22368457e-007, 4.72613099e-005, 0.999999999, 0, 0, 0, 0, 0, 0, 0, 0.254389624, -0.0792431396, -0.191338086, 0.0605900406, 0.516778805, -0.85392012, -0.856689453, 0.465942383, 0.221191406, 0.512085035, 0.718160869, 0.471170538, 0, 0, -0, 0, 0, 0, 0, 0.306664355, -0.0520465332, -0.164159717, 0.332964763, -0.083178931, -0.939219445, 0.248901367, -0.952880859, 0.172607422, -0.909386403, -0.291173433, -0.296699933, 0, 3, 1, 1, 
576.144346, 39, 0.1, 0.1, 0.00557327152, 0.348495262, -0.0199612608, 0.643266948, -0.765641974, -3.73238096e-005, 0.765641975, 0.643266948, 1.77005234e-005, 1.04569094e-005, -3.9962837e-005, 0.999999999, 0.643266801, -0.765642098, -2.52648718e-005, 0.765642099, 0.6432668, 2.40911319e-005, -2.1931315e-006, -3.48408748e-005, 0.999999999, 0, 0, 0, 0, 0, 0, 0, 0.254389624, -0.0792431396, -0.191338086, 0.0605900406, 0.516778805, -0.85392012, -0.856689453, 0.465942383, 0.221191406, 0.512085035, 0.718160869, 0.471170538, 0, 0, -0, 0, 0, 0, 0, 0.306664355, -0.0520465332, -0.164159717, 0.332964763, -0.083178931, -0.939219445, 0.248901367, -0.952880859, 0.172607422, -0.909386403, -0.291173433, -0.296699933, 0, 3, 1, 1, 
576.145133, 39, 0.1, 0.1, 0.00557326847, 0.348495265, -0.0199615463, 0.643267708, -0.765641335, 3.5873373e-005, 0.765641336, 0.643267707, -3.90089609e-005, 6.79069049e-006, 5.25593421e-005, 0.999999999, 0.643267541, -0.765641476, 3.17928664e-005, 0.765641477, 0.64326754, -3.64615897e-005, 7.46518642e-006, 4.77964943e-005, 0.999999999, 0, 0, 0, 0, 0, 0, 0, 0.254389624, -0.0792431396, -0.191338086, 0.0605900406, 0.516778805, -0.85392012, -0.856689453, 0.465942383, 0.221191406, 0.512085035, 0.718160869, 0.471170538, 0, 0, -0, 0, 0, 0, 0, 0.306664355, -0.0520465332, -0.164159717, 0.332964763, -0.083178931, -0.939219445, 0.248901367, -0.952880859, 0.172607422, -0.909386403, -0.291173433, -0.296699933, 0, 3, 1, 1, 
576.145921, 39, 0.1, 0.1, 0.00557326911, 0.348495263, -0.019963194, 0.643268387, -0.765640765, -2.96575349e-005, 0.765640766, 0.643268386, 3.29823135e-005, -6.17484911e-006, -4.39234973e-005, 0.999999999, 0.643268248, -0.765640882, -3.26746681e-005, 0.765640883, 0.643268247, 1.94232441e-005, 6.14734674e-006, -3.75114179e-005, 0.999999999, 0, 0, 0, 0, 0, 0, 0, 0.254389624, -0.0792431396, -0.191338086, 0.0605900406, 0.516778805, -0.85392012, -0.856689453, 0.465942383, 0.221191406, 0.512085035, 0.718160869, 0.471170538, 0, 0, -0, 0, 0, 0, 0, 0.306664355, -0.0520465332, -0.164159717, 0.332964763, -0.083178931, -0.939219445, 0.248901367, -0.952880859, 0.172607422, -0.909386403, -0.291173433, -0.296699933, 0, 3, 1, 1, 
576.146736, 39, 0.1, 0.1, 0.00557326696, 0.348495264, -0.0199653979, 0.643268971, -0.765640275, 3.59485786e-005, 0.765640275, 0.64326897, -2.21278845e-005, -6.18260557e-006, 4.17578612e-005, 0.999999999, 0.643268889, -0.765640343, 3.29144151e-005, 0.765640344, 0.643268889, -1.93102321e-005, -6.38812649e-006, 3.76222756e-005, 0.999999999, 0, 0, 0, 0, 0, 0, 0, 0.255948511, -0.0802234863, -0.19082605, 0.0565506621, 0.519217485, -0.852751516, -0.861083984, 0.457641602, 0.221557617, 0.505309294, 0.721853154, 0.473086512, 0, 0, -0, 0, 0, 0, 0, 0.308126123, -0.0528086426, -0.163505127, 0.333885303, -0.0784712547, -0.939289807, 0.258300781, -0.950683594, 0.171264648, -0.906466568, -0.299761597, -0.297198299, 0, 3, 1, 1, 
576.14752, 39, 0.1, 0.1, 0.0055732685, 0.348495262, -0.0199673011, 0.643269436, -0.765639883, -3.51119241e-005, 0.765639884, 0.643269436, 2.47748966e-005, 3.61777862e-006, -4.28200233e-005, 0.999999999, 0.643269358, -0.765639949, -2.42013872e-005, 0.76563995, 0.643269358, 2.94477479e-005, -6.9783614e-006, -3.74723827e-005, 0.999999999, 0, 0, 0, 0, 0, 0, 0, 0.255948511, -0.0802234863, -0.19082605, 0.0565506621, 0.519217485, -0.852751516, -0.861083984, 0.457641602, 0.221557617, 0.505309294, 0.721853154, 0.473086512, 0, 0, -0, 0, 0, 0, 0, 0.308126123, -0.0528086426, -0.163505127, 0.333885303, -0.0784712547, -0.939289807, 0.258300781, -0.950683594, 0.171264648, -0.906466568, -0.299761597, -0.297198299, 0, 3, 1, 1, 
576.148429, 39, 0.1, 0.1, 0.00557326615, 0.348495264, -0.0199679522, 0.643269971, -0.765639434, 2.65007736e-005, 0.765639435, 0.64326997, -3.09760728e-005, 6.66935098e-006, 4.02160148e-005, 0.999999999, 0.643269837, -0.765639547, 2.27693059e-005, 0.765639547, 0.643269837, -2.89213756e-005, 7.49654124e-006, 3.60373296e-005, 0.999999999, 0, 0, 0, 0, 0, 0, 0, 0.255948511, -0.0802234863, -0.19082605, 0.0565506621, 0.519217485, -0.852751516, -0.861083984, 0.457641602, 0.221557617, 0.505309294, 0.721853154, 0.473086512, 0, 0, -0, 0, 0, 0, 0, 0.308126123, -0.0528086426, -0.163505127, 0.333885303, -0.0784712547, -0.939289807, 0.258300781, -0.950683594, 0.171264648, -0.906466568, -0.299761597, -0.297198299, 0, 3, 1, 1, 
576.149335, 39, 0.1, 0.1, 0.00557326959, 0.348495261, -0.0199651433, 0.643270436, -0.765639043, -4.01394647e-005, 0.765639044, 0.643270435, 3.79823301e-005, -3.26022394e-006, -5.51652514e-005, 0.999999998, 0.643270353, -0.765639113, -4.53724645e-005, 0.765639114, 0.643270352, 2.73433099e-005, 8.25165369e-006, -5.23280742e-005, 0.999999999, 0, 0, 0, 0, 0, 0, 0, 0.257037598, -0.0813583496, -0.190932959, 0.0519095684, 0.523140043, -0.850624364, -0.863891602, 0.450805664, 0.224609375, 0.500977101, 0.723209353, 0.475592219, 0, 0, -0, 0, 0, 0, 0, 0.309000049, -0.0534572266, -0.163544678, 0.332927217, -0.0725940384, -0.940094776, 0.266723633, -0.948974609, 0.167724609, -0.904357898, -0.306631182, -0.296546448, 0, 3, 1, 1, 
576.150124, 39, 0.1, 0.1, 0.00557326879, 0.348495262, -0.0199625735, 0.643270759, -0.765638772, 3.2891882e-005, 0.765638773, 0.643270758, -2.59023205e-005, -1.32656497e-006, 4.18455055e-005, 0.999999999, 0.64327072, -0.765638805, 2.84265844e-005, 0.765638805, 0.64327072, -2.14898047e-005, -1.83256099e-006, 3.55882582e-005, 0.999999999, 0, 0, 0, 0, 0, 0, 0, 0.257037598, -0.0813583496, -0.190932959, 0.0519095684, 0.523140043, -0.850624364, -0.863891602, 0.450805664, 0.224609375, 0.500977101, 0.723209353, 0.475592219, 0, 0, -0, 0, 0, 0, 0, 0.309000049, -0.0534572266, -0.163544678, 0.332927217, -0.0725940384, -0.940094776, 0.266723633, -0.948974609, 0.167724609, -0.904357898, -0.306631182, -0.296546448, 0, 3, 1, 1, 
576.150909, 39, 0.1, 0.1, 0.00557327138, 0.348495261, -0.0199612531, 0.643271029, -0.765638545, -4.0818792e-005, 0.765638546, 0.643271028, 2.06638886e-005, 1.04364767e-005, -4.45449214e-005, 0.999999999, 0.643270988, -0.76563858, -2.9647407e-005, 0.765638581, 0.643270987, 2.79720339e-005, -2.34515154e-006, -4.06927965e-005, 0.999999999, 0, 0, 0, 0, 0, 0, 0, 0.257037598, -0.0813583496, -0.190932959, 0.0519095684, 0.523140043, -0.850624364, -0.863891602, 0.450805664, 0.224609375, 0.500977101, 0.723209353, 0.475592219, 0, 0, -0, 0, 0, 0, 0, 0.309000049, -0.0534572266, -0.163544678, 0.332927217, -0.0725940384, -0.940094776, 0.266723633, -0.948974609, 0.167724609, -0.904357898, -0.306631182, -0.296546448, 0, 3, 1, 1, 
576.151695, 39, 0.1, 0.1, 0.00557326853, 0.348495264, -0.0199615146, 0.643271286, -0.765638329, 3.67663788e-005, 0.76563833, 0.643271285, -4.05983116e-005, 7.4328677e-006, 5.4265477e-005, 0.999999999, 0.643271215, -0.76563839, 3.18310346e-005, 0.76563839, 0.643271214, -3.72835323e-005, 8.06971536e-006, 4.83544852e-005, 0.999999999, 0, 0, 0, 0, 0, 0, 0, 0.257037598, -0.0813583496, -0.190932959, 0.0519095684, 0.523140043, -0.850624364, -0.863891602, 0.450805664, 0.224609375, 0.500977101, 0.723209353, 0.475592219, 0, 0, -0, 0, 0, 0, 0, 0.309000049, -0.0534572266, -0.163544678, 0.332927217, -0.0725940384, -0.940094776, 0.266723633, -0.948974609, 0.167724609, -0.904357898, -0.306631182, -0.296546448, 0, 3, 1, 1, 
576.152487, 39, 0.1, 0.1, 0.00557326848, 0.348495263, -0.0199631125, 0.643271525, -0.765638129, -2.54249237e-005, 0.765638129, 0.643271524, 2.90378561e-005, -5.87736038e-006, -3.81455169e-005, 0.999999999, 0.643271468, -0.765638177, -2.90705352e-005, 0.765638177, 0.643271468, 1.56920303e-005, 6.68582841e-006, -3.2351747e-005, 0.999999999, 0, 0, 0, 0, 0, 0, 0, 0.257037598, -0.0813583496, -0.190932959, 0.0519095684, 0.523140043, -0.850624364, -0.863891602, 0.450805664, 0.224609375, 0.500977101, 0.723209353, 0.475592219, 0, 0, -0, 0, 0, 0, 0, 0.309000049, -0.0534572266, -0.163544678, 0.332927217, -0.0725940384, -0.940094776, 0.266723633, -0.948974609, 0.167724609, -0.904357898, -0.306631182, -0.296546448, 0, 3, 1, 1, 
576.153275, 39, 0.1, 0.1, 0.00557326579, 0.348495265, -0.0199654215, 0.643271717, -0.765637967, 3.75898336e-005, 0.765637968, 0.643271717, -2.49847574e-005, -5.0511979e-006, 4.48521916e-005, 0.999999999, 0.643271703, -0.765637979, 3.42697085e-005, 0.76563798, 0.643271702, -2.20414194e-005, -5.16898589e-006, 4.04168118e-005, 0.999999999, 0, 0, 0, 0, 0, 0, 0, 0.257037598, -0.0813583496, -0.190932959, 0.0519095684, 0.523140043, -0.850624364, -0.863891602, 0.450805664, 0.224609375, 0.500977101, 0.723209353, 0.475592219, 0, 0, -0, 0, 0, 0, 0, 0.309000049, -0.0534572266, -0.163544678, 0.332927217, -0.0725940384, -0.940094776, 0.266723633, -0.948974609, 0.167724609, -0.904357898, -0.306631182, -0.296546448, 0, 3, 1, 1, 
576.154099, 39, 0.1, 0.1, 0.00557326739, 0.348495263, -0.0199673652, 0.643271888, -0.765637823, -3.58335303e-005, 0.765637824, 0.643271888, 2.56225172e-005, 3.43313443e-006, -4.39177512e-005, 0.999999999, 0.643271867, -0.765637842, -2.5147911e-005, 0.765637842, 0.643271866, 3.04710819e-005, -7.15286975e-006, -3.88553821e-005, 0.999999999, 0, 0, 0, 0, 0, 0, 0, 0.25833772, -0.0824749023, -0.191027661, 0.0470273398, 0.527424304, -0.848256078, -0.866577148, 0.443847656, 0.227783203, 0.496683101, 0.724508263, 0.478059733, 0, 0, -0, 0, 0, 0, 0, 0.309867383, -0.0538676758, -0.163585937, 0.331834969, -0.066461259, -0.940886985, 0.275512695, -0.947143555, 0.1640625, -0.902140587, -0.313596649, -0.296015999, 0, 3, 1, 1, 
576.15489, 39, 0.1, 0.1, 0.00557326606, 0.348495263, -0.0199683618, 0.643272054, -0.765637684, 2.45230756e-005, 0.765637685, 0.643272054, -2.21226671e-005, 1.16293841e-006, 3.30066843e-005, 0.999999999, 0.643272003, -0.765637727, 2.08288417e-005, 0.765637728, 0.643272003, -1.95794751e-005, 1.59217414e-006, 2.85422752e-005, 1, 0, 0, 0, 0, 0, 0, 0, 0.25833772, -0.0824749023, -0.191027661, 0.0470273398, 0.527424304, -0.848256078, -0.866577148, 0.443847656, 0.227783203, 0.496683101, 0.724508263, 0.478059733, 0, 0, -0, 0, 0, 0, 0, 0.309867383, -0.0538676758, -0.163585937, 0.331834969, -0.066461259, -0.940886985, 0.275512695, -0.947143555, 0.1640625, -0.902140587, -0.313596649, -0.296015999, 0, 3, 1, 1, 
576.155676, 39, 0.1, 0.1, 0.00557326727, 0.34849526, -0.019968401, 0.64327221, -0.765637553, -2.58391029e-005, 0.765637554, 0.643272209, 3.23244453e-005, -8.12723243e-006, -4.05768049e-005, 0.999999999, 0.643272172, -0.765637585, -2.970437e-005, 0.765637586, 0.643272172, 2.22688778e-005, 2.05810477e-006, -3.70677315e-005, 0.999999999, 0, 0, 0, 0, 0, 0, 0, 0.25833772, -0.0824749023, -0.191027661, 0.0470273398, 0.527424304, -0.848256078, -0.866577148, 0.443847656, 0.227783203, 0.496683101, 0.724508263, 0.478059733, 0, 0, -0, 0, 0, 0, 0, 0.309867383, -0.0538676758, -0.163585937, 0.331834969, -0.066461259, -0.940886985, 0.275512695, -0.947143555, 0.1640625, -0.902140587, -0.313596649, -0.296015999, 0, 3, 1, 1, 
576.156472, 39, 0.1, 0.1, 0.00557326491, 0.348495261, -0.0199674677, 0.643272324, -0.765637457, 3.45324906e-005, 0.765637458, 0.643272324, -2.2759508e-005, -4.78826366e-006, 4.10799299e-005, 0.999999999, 0.643272323, -0.765637458, 3.1619722e-005, 0.765637459, 0.643272323, -1.93649609e-005, -5.51355255e-006, 3.6666187e-005, 0.999999999, 0, 0, 0, 0, 0, 0, 0, 0.25833772, -0.0824749023, -0.191027661, 0.0470273398, 0.527424304, -0.848256078, -0.866577148, 0.443847656, 0.227783203, 0.496683101, 0.724508263, 0.478059733, 0, 0, -0, 0, 0, 0, 0, 0.309867383, -0.0538676758, -0.163585937, 0.331834969, -0.066461259, -0.940886985, 0.275512695, -0.947143555, 0.1640625, -0.902140587, -0.313596649, -0.296015999, 0, 3, 1, 1, 
576.157263, 39, 0.1, 0.1, 0.00557326657, 0.34849526, -0.019965969, 0.643272414, -0.765637381, -3.47236937e-005, 0.765637382, 0.643272414, 2.00321386e-005, 6.99944011e-006, -3.94718801e-005, 0.999999999, 0.643272407, -0.765637388, -2.4124171e-005, 0.765637388, 0.643272407, 2.63656201e-005, -4.66809093e-006, -3.54306432e-005, 0.999999999, 0, 0, 0, 0, 0, 0, 0, 0.25833772, -0.0824749023, -0.191027661, 0.0470273398, 0.527424304, -0.848256078, -0.866577148, 0.443847656, 0.227783203, 0.496683101, 0.724508263, 0.478059733, 0, 0, -0, 0, 0, 0, 0, 0.309867383, -0.0538676758, -0.163585937, 0.331834969, -0.066461259, -0.940886985, 0.275512695, -0.947143555, 0.1640625, -0.902140587, -0.313596649, -0.296015999, 0, 3, 1, 1, 
