time, trialNum, realDorsalTactorPos, realVentralTactorPos, box1PosX, box1PosY, box1PosZ, box1LocalRot_11, box1LocalRot_12, box1LocalRot_13, box1LocalRot_21, box1LocalRot_22, box1LocalRot_23, box1LocalRot_31, box1LocalRot_32, box1LocalRot_33, box1GlobalRot_11, box1GlobalRot_12, box1GlobalRot_13, box1GlobalRot_21, box1GlobalRot_22, box1GlobalRot_23, box1GlobalRot_31, box1GlobalRot_32, box1GlobalRot_33, indexForceX, indexForceY, indexForceZ, indexForceGlobalX, indexForceGlobalY, indexForceGlobalZ, indexContact, indexPosX, indexPosY, indexPosZ, indexRot_11, indexRot_12, indexRot_13, indexRot_21, indexRot_22, indexRot_23, indexRot_31, indexRot_32, indexRot_33, thumbForceX, thumbForceY, thumbForceZ, thumbForceGlobalX, thumbForceGlobalY, thumbForceGlobalZ, thumbContact, thumbPosX, thumbPosY, thumbPosZ, thumbRot_11, thumbRot_12, thumbRot_13, thumbRot_21, thumbRot_22, thumbRot_23, thumbRot_31, thumbRot_32, thumbRot_33, manipForceTooHigh, cceExpType, mapping, trialSuccess, 
509.252991, 70, 0.1, 0.1, 0.225, -0.115000016, -0.0199821153, 0.707106781, -0.707106781, -1.15803871e-014, 0.70710678, 0.70710678, 5.64003829e-005, -3.98810932e-005, -3.98810932e-005, 0.999999998, 0.707106781, -0.707106781, 0, 0.707106781, 0.707106781, 0, 0, 0, 1, 0, 0, 0, 0, 0, 0, 0, 0.193263867, -0.167888916, -0.178181055, -0.579141275, 0.53974008, -0.610865932, -0.749755859, -0.05859375, 0.659057617, 0.320001269, 0.83972279, 0.438854133, 0, 0, -0, 0, 0, 0, 0, 0.26265874, -0.12247666, -0.1457375, -0.350120679, 0.47332568, -0.808170738, 0.488037109, -0.644165039, -0.588745117, -0.799399623, -0.600542343, -0.00552763405, 1, 3, 5, 0, 
509.253772, 70, 0.1, 0.1, 0.225, -0.115000016, -0.0199661612, 0.707106783, -0.70710678, -4.56469965e-007, 0.707106778, 0.707106782, -5.82620808e-005, 4.15202853e-005, 4.08747395e-005, 0.999999998, 0.707106783, -0.707106779, -3.24846896e-007, 0.707106779, 0.707106783, -3.41486334e-005, 2.43764316e-005, 2.39170289e-005, 0.999999999, 0, 0, 0, 0, 0, 0, 0, 0.194099243, -0.168782617, -0.177452393, -0.579141275, 0.53974008, -0.610865932, -0.749755859, -0.05859375, 0.659057617, 0.320001269, 0.83972279, 0.438854133, 0, 0, -0, 0, 0, 0, 0, 0.263558545, -0.122191309, -0.145570166, -0.350120679, 0.47332568, -0.808170738, 0.488037109, -0.644165039, -0.588745117, -0.799399623, -0.600542343, -0.00552763405, 1, 3, 5, 0, 
509.254549, 70, 0.1, 0.1, 0.225, -0.115000016, -0.019952147, 0.707106783, -0.707106779, -1.44673722e-006, 0.707106777, 0.707106781, 7.98410756e-005, -5.54331681e-005, -5.74791638e-005, 0.999999997, 0.707106782, -0.70710678, -1.49745254e-006, 0.707106779, 0.707106781, 4.83760186e-005, -3.31481519e-005, -3.52658697e-005, 0.999999999, 0, 0, 0, 0, 0, 0, 0, 0.194099243, -0.168782617, -0.177452393, -0.579141275, 0.53974008, -0.610865932, -0.749755859, -0.05859375, 0.659057617, 0.320001269, 0.83972279, 0.438854133, 0, 0, -0, 0, 0, 0, 0, 0.263558545, -0.122191309, -0.145570166, -0.350120679, 0.47332568, -0.808170738, 0.488037109, -0.644165039, -0.588745117, -0.799399623, -0.600542343, -0.00552763405, 1, 3, 5, 0, 
509.255357, 70, 0.1, 0.1, 0.224999999, -0.115000016, -0.0199433868, 0.707106811, -0.707106751, 4.5746737e-006, 0.707106747, 0.707106807, -0.000106361447, 7.19741145e-005, 7.84436864e-005, 0.999999994, 0.707106804, -0.707106758, 4.5384472e-006, 0.707106757, 0.707106803, -6.41810578e-005, 4.21736929e-005, 4.85920294e-005, 0.999999998, 0, 0, 0, 0, 0, 0, 0, 0.194005737, -0.168081641, -0.178452148, -0.580943795, 0.5403871, -0.608669509, -0.748535156, -0.0611572266, 0.66015625, 0.319545209, 0.839125944, 0.440236541, 0, 0, -0, 0, 0, 0, 0, 0.263280371, -0.122103174, -0.146171777, -0.350810809, 0.474501417, -0.807212285, 0.487060547, -0.643798828, -0.590087891, -0.799840387, -0.60005054, -0.00530415387, 1, 3, 5, 0, 
509.256138, 70, 0.1, 0.1, 0.225, -0.115000007, -0.0199428775, 0.707106881, -0.707106681, -1.00201714e-005, 0.70710668, 0.707106879, 6.72481561e-005, -4.04662884e-005, -5.46369641e-005, 0.999999998, 0.707106865, -0.707106697, -7.37350093e-006, 0.707106697, 0.707106865, 2.3531619e-005, -1.14255122e-005, -2.18532212e-005, 1, 0, 0, 0, 0, 0, 0, 0, 0.194005737, -0.168081641, -0.178452148, -0.580943795, 0.5403871, -0.608669509, -0.748535156, -0.0611572266, 0.66015625, 0.319545209, 0.839125944, 0.440236541, 0, 0, -0, 0, 0, 0, 0, 0.263280371, -0.122103174, -0.146171777, -0.350810809, 0.474501417, -0.807212285, 0.487060547, -0.643798828, -0.590087891, -0.799840387, -0.60005054, -0.00530415387, 1, 3, 5, 0, 
509.256921, 70, 0.1, 0.1, 0.225000003, -0.115000009, -0.0199498953, 0.70710695, -0.707106613, -7.3274923e-006, 0.70710661, 0.707106948, -7.74087237e-005, 5.99175411e-005, 4.95549283e-005, 0.999999997, 0.707106937, -0.707106625, -9.29372094e-006, 0.707106624, 0.707106937, -3.99242518e-005, 3.48023575e-005, 2.16590637e-005, 0.999999999, 0, 0, 0, 0, 0, 0, 0, 0.194005737, -0.168081641, -0.178452148, -0.580943795, 0.5403871, -0.608669509, -0.748535156, -0.0611572266, 0.66015625, 0.319545209, 0.839125944, 0.440236541, 0, 0, -0, 0, 0, 0, 0, 0.263280371, -0.122103174, -0.146171777, -0.350810809, 0.474501417, -0.807212285, 0.487060547, -0.643798828, -0.590087891, -0.799840387, -0.60005054, -0.00530415387, 1, 3, 5, 0, 
509.2577, 70, 0.1, 0.1, 0.225000002, -0.115000003, -0.0199612938, 0.707106895, -0.707106667, -6.11898296e-006, 0.707106666, 0.707106894, 5.79257068e-005, -3.66328784e-005, -4.52864403e-005, 0.999999998, 0.707106956, -0.707106607, 8.78482793e-006, 0.707106607, 0.707106956, 8.15107315e-006, -1.19754906e-005, 4.48129346e-007, 1, 0, 0, 0, 0, 0, 0, 0, 0.194005737, -0.168081641, -0.178452148, -0.580943795, 0.5403871, -0.608669509, -0.748535156, -0.0611572266, 0.66015625, 0.319545209, 0.839125944, 0.440236541, 0, 0, -0, 0, 0, 0, 0, 0.263280371, -0.122103174, -0.146171777, -0.350810809, 0.474501417, -0.807212285, 0.487060547, -0.643798828, -0.590087891, -0.799840387, -0.60005054, -0.00530415387, 1, 3, 5, 0, 
509.258485, 70, 0.1, 0.1, 0.225000011, -0.11500002, -0.0199730626, 0.707106448, -0.707107113, -5.077405e-005, 0.707107114, 0.707106447, 3.86580367e-005, 8.56728536e-006, -6.3238039e-005, 0.999999998, 0.707106546, -0.707107014, -4.62647989e-005, 0.707107016, 0.707106543, 7.27045602e-005, -1.86957625e-005, -8.41240343e-005, 0.999999996, 0, 0, 0, 0, 0, 0, 0, 0.194005737, -0.168081641, -0.178452148, -0.580943795, 0.5403871, -0.608669509, -0.748535156, -0.0611572266, 0.66015625, 0.319545209, 0.839125944, 0.440236541, 0, 0, -0, 0, 0, 0, 0, 0.263280371, -0.122103174, -0.146171777, -0.350810809, 0.474501417, -0.807212285, 0.487060547, -0.643798828, -0.590087891, -0.799840387, -0.60005054, -0.00530415387, 1, 3, 5, 0, 
509.259267, 70, 0.1, 0.1, 0.225000011, -0.115000011, -0.0199812601, 0.707105552, -0.70710801, 3.2764305e-005, 0.70710801, 0.70710555, -5.72234938e-005, 1.72953689e-005, 6.36309527e-005, 0.999999998, 0.707105764, -0.707107798, 1.57547461e-005, 0.707107798, 0.707105762, -5.80671252e-005, 2.99194453e-005, 5.21999028e-005, 0.999999998, 0, 0, 0, 0, 0, 0, 0, 0.194005737, -0.168081641, -0.178452148, -0.580943795, 0.5403871, -0.608669509, -0.748535156, -0.0611572266, 0.66015625, 0.319545209, 0.839125944, 0.440236541, 0, 0, -0, 0, 0, 0, 0, 0.263280371, -0.122103174, -0.146171777, -0.350810809, 0.474501417, -0.807212285, 0.487060547, -0.643798828, -0.590087891, -0.799840387, -0.60005054, -0.00530415387, 1, 3, 5, 0, 
509.260077, 70, 0.1, 0.1, 0.225000001, -0.115000005, -0.0199836604, 0.707104314, -0.707109248, 1.79028129e-005, 0.707109248, 0.707104314, 1.34514199e-006, -1.36103186e-005, 1.17080889e-005, 1, 0.707104563, -0.707108998, 3.76346975e-005, 0.707108999, 0.707104563, -1.04316784e-005, -1.92353327e-005, 3.39881207e-005, 0.999999999, 0, 0, 0, 0, 0, 0, 0, 0.193975952, -0.167821045, -0.179048145, -0.581502449, 0.541154688, -0.607317058, -0.748291016, -0.0629882813, 0.660400391, 0.319139323, 0.838510002, 0.441752621, 0, 0, -0, 0, 0, 0, 0, 0.262896729, -0.121432471, -0.146938281, -0.353647522, 0.475044259, -0.805589221, 0.486938477, -0.641845703, -0.592285156, -0.798542882, -0.601711883, -0.00439710677, 1, 3, 5, 0, 
509.260855, 70, 0.1, 0.1, 0.225000009, -0.115000008, -0.0199799292, 0.707102988, -0.707110573, -5.02712145e-005, 0.707110574, 0.707102988, 1.52557133e-005, 2.47594498e-005, -4.63346678e-005, 0.999999999, 0.707103243, -0.707110317, -5.60429016e-005, 0.707110319, 0.707103244, 1.59841116e-005, 2.83255873e-005, -5.09309311e-005, 0.999999998, 0, 0, 0, 0, 0, 0, 0, 0.193975952, -0.167821045, -0.179048145, -0.581502449, 0.541154688, -0.607317058, -0.748291016, -0.0629882813, 0.660400391, 0.319139323, 0.838510002, 0.441752621, 0, 0, -0, 0, 0, 0, 0, 0.262896729, -0.121432471, -0.146938281, -0.353647522, 0.475044259, -0.805589221, 0.486938477, -0.641845703, -0.592285156, -0.798542882, -0.601711883, -0.00439710677, 1, 3, 5, 0, 
509.261635, 70, 0.1, 0.1, 0.225000007, -0.115000007, -0.0199719953, 0.707101909, -0.707111652, 3.11827806e-005, 0.707111653, 0.707101909, -2.75844364e-005, -2.54412727e-006, 4.15547152e-005, 0.999999999, 0.707102082, -0.70711148, 3.34036275e-005, 0.707111481, 0.707102082, -1.58725702e-005, -1.23960979e-005, 3.48436159e-005, 0.999999999, 0, 0, 0, 0, 0, 0, 0, 0.193975952, -0.167821045, -0.179048145, -0.581502449, 0.541154688, -0.607317058, -0.748291016, -0.0629882813, 0.660400391, 0.319139323, 0.838510002, 0.441752621, 0, 0, -0, 0, 0, 0, 0, 0.262896729, -0.121432471, -0.146938281, -0.353647522, 0.475044259, -0.805589221, 0.486938477, -0.641845703, -0.592285156, -0.798542882, -0.601711883, -0.00439710677, 1, 3, 5, 0, 
509.262418, 70, 0.1, 0.1, 0.225000007, -0.115000005, -0.0199628896, 0.70710135, -0.707112213, 4.11876452e-006, 0.707112212, 0.707101349, 3.27977651e-005, -2.61040842e-005, -2.02789153e-005, 0.999999999, 0.707101412, -0.707112151, -1.66131849e-005, 0.707112151, 0.707101411, 1.25183671e-005, 2.89531706e-006, -2.059914e-005, 1, 0, 0, 0, 0, 0, 0, 0, 0.193975952, -0.167821045, -0.179048145, -0.581502449, 0.541154688, -0.607317058, -0.748291016, -0.0629882813, 0.660400391, 0.319139323, 0.838510002, 0.441752621, 0, 0, -0, 0, 0, 0, 0, 0.262896729, -0.121432471, -0.146938281, -0.353647522, 0.475044259, -0.805589221, 0.486938477, -0.641845703, -0.592285156, -0.798542882, -0.601711883, -0.00439710677, 1, 3, 5, 0, 
509.263195, 70, 0.1, 0.1, 0.225000003, -0.115000004, -0.0199557813, 0.707101366, -0.707112196, -1.2947666e-005, 0.707112196, 0.707101366, -1.99953626e-005, 2.32942771e-005, 4.98329573e-006, 1, 0.707101318, -0.707112245, 1.14926664e-005, 0.707112245, 0.707101317, -2.44704293e-005, 9.17686065e-006, 2.54296779e-005, 1, 0, 0, 0, 0, 0, 0, 0, 0.193975952, -0.167821045, -0.179048145, -0.581502449, 0.541154688, -0.607317058, -0.748291016, -0.0629882813, 0.660400391, 0.319139323, 0.838510002, 0.441752621, 0, 0, -0, 0, 0, 0, 0, 0.262896729, -0.121432471, -0.146938281, -0.353647522, 0.475044259, -0.805589221, 0.486938477, -0.641845703, -0.592285156, -0.798542882, -0.601711883, -0.00439710677, 1, 3, 5, 0, 
509.263974, 70, 0.1, 0.1, 0.225000004, -0.115000011, -0.019952589, 0.707101965, -0.707111597, 3.40120764e-005, 0.707111596, 0.707101965, 2.61519578e-005, -4.25423587e-005, 5.55823288e-006, 0.999999999, 0.707101802, -0.70711176, 1.25520515e-005, 0.707111759, 0.707101802, 5.18272381e-005, -4.55232278e-005, -2.77714302e-005, 0.999999999, 0, 0, 0, 0, 0, 0, 0, 0.193975952, -0.167821045, -0.179048145, -0.581502449, 0.541154688, -0.607317058, -0.748291016, -0.0629882813, 0.660400391, 0.319139323, 0.838510002, 0.441752621, 0, 0, -0, 0, 0, 0, 0, 0.262896729, -0.121432471, -0.146938281, -0.353647522, 0.475044259, -0.805589221, 0.486938477, -0.641845703, -0.592285156, -0.798542882, -0.601711883, -0.00439710677, 1, 3, 5, 0, 
509.264797, 70, 0.1, 0.1, 0.225000008, -0.11500001, -0.0199537507, 0.707103197, -0.707110364, -4.84115548e-005, 0.707110365, 0.707103197, 2.30676496e-005, 1.7920591e-005, -5.05435209e-005, 0.999999999, 0.707102919, -0.707110642, -4.936916e-005, 0.707110643, 0.707102919, 1.76386518e-006, 3.36618294e-005, -3.61566927e-005, 0.999999999, 0, 0, 0, 0, 0, 0, 0, 0.194498608, -0.168110815, -0.178294824, -0.579878906, 0.539803359, -0.610045926, -0.750488281, -0.0627441406, 0.657836914, 0.316904708, 0.839341991, 0.441690463, 0, 0, -0, 0, 0, 0, 0, 0.263034277, -0.120839893, -0.147131494, -0.35539162, 0.474520007, -0.805263296, 0.488037109, -0.640380859, -0.592773437, -0.797130539, -0.603730868, -0.00399462251, 1, 3, 5, 0, 
509.265579, 70, 0.1, 0.1, 0.225000007, -0.115000012, -0.0199583915, 0.707104813, -0.70710875, 2.95551532e-006, 0.707108749, 0.707104812, -3.46700446e-005, 2.24256328e-005, 2.66052261e-005, 0.999999999, 0.707104457, -0.707109105, 2.2646674e-005, 0.707109105, 0.707104457, -1.16365963e-005, -7.78522093e-006, 2.42419585e-005, 1, 0, 0, 0, 0, 0, 0, 0, 0.194498608, -0.168110815, -0.178294824, -0.579878906, 0.539803359, -0.610045926, -0.750488281, -0.0627441406, 0.657836914, 0.316904708, 0.839341991, 0.441690463, 0, 0, -0, 0, 0, 0, 0, 0.263034277, -0.120839893, -0.147131494, -0.35539162, 0.474520007, -0.805263296, 0.488037109, -0.640380859, -0.592773437, -0.797130539, -0.603730868, -0.00399462251, 1, 3, 5, 0, 
509.266359, 70, 0.1, 0.1, 0.225000011, -0.11500001, -0.0199651648, 0.707106761, -0.707106802, 6.12642566e-006, 0.707106802, 0.707106761, 1.26346338e-005, -1.32660725e-005, -4.60199775e-006, 1, 0.707106356, -0.707107206, -1.29129857e-005, 0.707107206, 0.707106356, 1.36555636e-005, -5.25093191e-007, -1.87868011e-005, 1, 0, 0, 0, 0, 0, 0, 0, 0.194498608, -0.168110815, -0.178294824, -0.579878906, 0.539803359, -0.610045926, -0.750488281, -0.0627441406, 0.657836914, 0.316904708, 0.839341991, 0.441690463, 0, 0, -0, 0, 0, 0, 0, 0.263034277, -0.120839893, -0.147131494, -0.35539162, 0.474520007, -0.805263296, 0.488037109, -0.640380859, -0.592773437, -0.797130539, -0.603730868, -0.00399462251, 1, 3, 5, 0, 
509.267289, 70, 0.1, 0.1, 0.225000009, -0.115000002, -0.019971644, 0.707109298, -0.707104264, -2.29998558e-005, 0.707104264, 0.707109298, -1.92403107e-005, 2.98683177e-005, -2.65829351e-006, 1, 0.707108699, -0.707104863, -6.58720825e-006, 0.707104863, 0.707108699, -3.97345623e-005, 3.27543745e-005, 2.34388076e-005, 0.999999999, 0, 0, 0, 0, 0, 0, 0, 0.194816211, -0.168387036, -0.177327661, -0.577962932, 0.538712261, -0.612908465, -0.752441406, -0.0611572266, 0.655761719, 0.315736104, 0.840256356, 0.440784334, 0, 0, -0, 0, 0, 0, 0, 0.263034277, -0.120839893, -0.147131494, -0.356407309, 0.472999022, -0.80566578, 0.489746094, -0.639648438, -0.592285156, -0.795641637, -0.605609128, -0.00366869718, 1, 3, 5, 0, 
509.268127, 70, 0.1, 0.1, 0.225000008, -0.115000003, -0.01997316, 0.70711181, -0.707101752, 2.52347104e-005, 0.707101752, 0.70711181, -1.09322318e-005, -1.01135615e-005, 2.55738182e-005, 1, 0.707111345, -0.707102217, 2.53785783e-005, 0.707102217, 0.707111346, 2.21338699e-006, -1.95105715e-005, 1.63801379e-005, 1, 0, 0, 0, 0, 0, 0, 0, 0.194816211, -0.168387036, -0.177327661, -0.577962932, 0.538712261, -0.612908465, -0.752441406, -0.0611572266, 0.655761719, 0.315736104, 0.840256356, 0.440784334, 0, 0, -0, 0, 0, 0, 0, 0.263444873, -0.120533545, -0.14715127, -0.356407309, 0.472999022, -0.80566578, 0.489746094, -0.639648438, -0.592285156, -0.795641637, -0.605609128, -0.00366869718, 1, 3, 5, 0, 
509.268915, 70, 0.1, 0.1, 0.225000008, -0.115000002, -0.0199719014, 0.707114197, -0.707099366, 2.95726753e-006, 0.707099365, 0.707114197, 2.31061072e-005, -1.84294396e-005, -1.42475745e-005, 1, 0.707113717, -0.707099845, -1.27668993e-005, 0.707099846, 0.707113717, 9.19078143e-006, 2.52884946e-006, -1.55264001e-005, 1, 0, 0, 0, 0, 0, 0, 0, 0.194816211, -0.168387036, -0.177327661, -0.577962932, 0.538712261, -0.612908465, -0.752441406, -0.0611572266, 0.655761719, 0.315736104, 0.840256356, 0.440784334, 0, 0, -0, 0, 0, 0, 0, 0.263444873, -0.120533545, -0.14715127, -0.356407309, 0.472999022, -0.80566578, 0.489746094, -0.639648438, -0.592285156, -0.795641637, -0.605609128, -0.00366869718, 1, 3, 5, 0, 
509.269696, 70, 0.1, 0.1, 0.225000004, -0.115000001, -0.0199687835, 0.707116638, -0.707096925, -6.04828814e-006, 0.707096924, 0.707116638, -1.98160113e-005, 1.82886859e-005, 9.73550537e-006, 1, 0.707116137, -0.707097425, 1.1147927e-005, 0.707097425, 0.707116137, -2.20397368e-005, 7.7013621e-006, 2.3467324e-005, 1, 0, 0, 0, 0, 0, 0, 0, 0.194816211, -0.168387036, -0.177327661, -0.577962932, 0.538712261, -0.612908465, -0.752441406, -0.0611572266, 0.655761719, 0.315736104, 0.840256356, 0.440784334, 0, 0, -0, 0, 0, 0, 0, 0.263444873, -0.120533545, -0.14715127, -0.356407309, 0.472999022, -0.80566578, 0.489746094, -0.639648438, -0.592285156, -0.795641637, -0.605609128, -0.00366869718, 1, 3, 5, 0, 
509.270475, 70, 0.1, 0.1, 0.225000004, -0.115000004, -0.0199649814, 0.707119184, -0.707094378, 2.95497932e-005, 0.707094378, 0.707119185, 1.06977515e-005, -2.84595456e-005, 1.33299073e-005, 1, 0.707118669, -0.707094893, 1.38761934e-005, 0.707094892, 0.707118669, 2.98049416e-005, -3.08870374e-005, -1.12638452e-005, 0.999999999, 0, 0, 0, 0, 0, 0, 0, 0.194816211, -0.168387036, -0.177327661, -0.577962932, 0.538712261, -0.612908465, -0.752441406, -0.0611572266, 0.655761719, 0.315736104, 0.840256356, 0.440784334, 0, 0, -0, 0, 0, 0, 0, 0.263444873, -0.120533545, -0.14715127, -0.356407309, 0.472999022, -0.80566578, 0.489746094, -0.639648438, -0.592285156, -0.795641637, -0.605609128, -0.00366869718, 1, 3, 5, 0, 
509.271257, 70, 0.1, 0.1, 0.225000006, -0.115000002, -0.0199617526, 0.707121889, -0.707091672, -3.10454505e-005, 0.707091673, 0.707121889, 1.6275106e-005, 1.04449257e-005, -3.34604632e-005, 0.999999999, 0.707121337, -0.707092224, -3.23279162e-005, 0.707092225, 0.707121337, -3.59323959e-006, 2.54005112e-005, -2.03179618e-005, 0.999999999, 0, 0, 0, 0, 0, 0, 0, 0.194816211, -0.168387036, -0.177327661, -0.577962932, 0.538712261, -0.612908465, -0.752441406, -0.0611572266, 0.655761719, 0.315736104, 0.840256356, 0.440784334, 0, 0, -0, 0, 0, 0, 0, 0.263444873, -0.120533545, -0.14715127, -0.356407309, 0.472999022, -0.80566578, 0.489746094, -0.639648438, -0.592285156, -0.795641637, -0.605609128, -0.00366869718, 1, 3, 5, 0, 
509.272066, 70, 0.1, 0.1, 0.225000002, -0.115000003, -0.0199598669, 0.707124866, -0.707088696, 5.85993417e-006, 0.707088696, 0.707124865, -3.30985737e-005, 1.92599221e-005, 2.75483177e-005, 0.999999999, 0.707124285, -0.707089276, 2.76082509e-005, 0.707089277, 0.707124285, -1.4037647e-005, -9.59659501e-006, 2.94478593e-005, 1, 0, 0, 0, 0, 0, 0, 0, 0.194887988, -0.168647632, -0.176542969, -0.57660449, 0.537944673, -0.614921041, -0.753173828, -0.0583496094, 0.655151367, 0.316509684, 0.840872298, 0.439002031, 0, 0, -0, 0, 0, 0, 0, 0.263270947, -0.121007617, -0.146972461, -0.355308498, 0.472104734, -0.80661767, 0.488647461, -0.641723633, -0.590942383, -0.796753574, -0.604107466, -0.00278680314, 1, 3, 5, 0, 
509.272847, 70, 0.1, 0.1, 0.225000006, -0.115000003, -0.0199599521, 0.707127914, -0.707085647, 7.56633855e-006, 0.707085647, 0.707127914, 2.88816815e-005, -2.57721917e-005, -1.50729938e-005, 1, 0.7071273, -0.707086261, -1.29532517e-005, 0.707086261, 0.7071273, 3.01931135e-005, -1.21895378e-005, -3.05094411e-005, 0.999999999, 0, 0, 0, 0, 0, 0, 0, 0.194887988, -0.168647632, -0.176542969, -0.57660449, 0.537944673, -0.614921041, -0.753173828, -0.0583496094, 0.655151367, 0.316509684, 0.840872298, 0.439002031, 0, 0, -0, 0, 0, 0, 0, 0.263270947, -0.121007617, -0.146972461, -0.355308498, 0.472104734, -0.80661767, 0.488647461, -0.641723633, -0.590942383, -0.796753574, -0.604107466, -0.00278680314, 1, 3, 5, 0, 
509.273625, 70, 0.1, 0.1, 0.225000005, -0.115, -0.0199619951, 0.707131089, -0.707082472, -3.19016355e-005, 0.707082472, 0.707131089, -1.04985403e-005, 2.99819721e-005, -1.51332431e-005, 0.999999999, 0.707130446, -0.707083116, -1.36741991e-005, 0.707083115, 0.707130446, -3.04443007e-005, 3.11960935e-005, 1.18592966e-005, 0.999999999, 0, 0, 0, 0, 0, 0, 0, 0.194887988, -0.168647632, -0.176542969, -0.57660449, 0.537944673, -0.614921041, -0.753173828, -0.0583496094, 0.655151367, 0.316509684, 0.840872298, 0.439002031, 0, 0, -0, 0, 0, 0, 0, 0.263270947, -0.121007617, -0.146972461, -0.355308498, 0.472104734, -0.80661767, 0.488647461, -0.641723633, -0.590942383, -0.796753574, -0.604107466, -0.00278680314, 1, 3, 5, 0, 
509.274406, 70, 0.1, 0.1, 0.225000004, -0.115000002, -0.0199651981, 0.707134363, -0.707079198, 2.41198473e-005, 0.707079198, 0.707134363, -9.30159755e-006, -1.04790067e-005, 2.36321215e-005, 1, 0.707133708, -0.707079853, 2.46271608e-005, 0.707079853, 0.707133708, 8.39644075e-006, -2.33516496e-005, 1.1475963e-005, 1, 0, 0, 0, 0, 0, 0, 0, 0.194887988, -0.168647632, -0.176542969, -0.57660449, 0.537944673, -0.614921041, -0.753173828, -0.0583496094, 0.655151367, 0.316509684, 0.840872298, 0.439002031, 0, 0, -0, 0, 0, 0, 0, 0.263270947, -0.121007617, -0.146972461, -0.355308498, 0.472104734, -0.80661767, 0.488647461, -0.641723633, -0.590942383, -0.796753574, -0.604107466, -0.00278680314, 1, 3, 5, 0, 
509.27519, 70, 0.1, 0.1, 0.225000007, -0.115000001, -0.0199683987, 0.707137686, -0.707075875, -8.2826086e-006, 0.707075875, 0.707137686, 2.39251353e-005, -1.10599413e-005, -2.27747975e-005, 1, 0.707137025, -0.707076536, -2.50124582e-005, 0.707076536, 0.707137025, 8.5798299e-006, 1.16206389e-005, -2.37528377e-005, 1, 0, 0, 0, 0, 0, 0, 0, 0.194887988, -0.168647632, -0.176542969, -0.57660449, 0.537944673, -0.614921041, -0.753173828, -0.0583496094, 0.655151367, 0.316509684, 0.840872298, 0.439002031, 0, 0, -0, 0, 0, 0, 0, 0.263270947, -0.121007617, -0.146972461, -0.355308498, 0.472104734, -0.80661767, 0.488647461, -0.641723633, -0.590942383, -0.796753574, -0.604107466, -0.00278680314, 1, 3, 5, 0, 
509.275968, 70, 0.1, 0.1, 0.225000004, -0.114999999, -0.0199705402, 0.707140975, -0.707072585, -7.47994742e-006, 0.707072585, 0.707140975, -2.11565443e-005, 2.02485898e-005, 9.67179361e-006, 1, 0.707140331, -0.70707323, 7.17411594e-006, 0.70707323, 0.70714033, -2.21185601e-005, 1.0566335e-005, 2.07135512e-005, 1, 0, 0, 0, 0, 0, 0, 0, 0.194887988, -0.168647632, -0.176542969, -0.57660449, 0.537944673, -0.614921041, -0.753173828, -0.0583496094, 0.655151367, 0.316509684, 0.840872298, 0.439002031, 0, 0, -0, 0, 0, 0, 0, 0.263270947, -0.121007617, -0.146972461, -0.355308498, 0.472104734, -0.80661767, 0.488647461, -0.641723633, -0.590942383, -0.796753574, -0.604107466, -0.00278680314, 1, 3, 5, 0, 
509.276775, 70, 0.1, 0.1, 0.225000004, -0.115000001, -0.0199709375, 0.707144352, -0.707069208, 2.65990059e-005, 0.707069208, 0.707144353, 4.99790239e-006, -2.23431997e-005, 1.52730996e-005, 1, 0.707143645, -0.707069916, 1.16463035e-005, 0.707069915, 0.707143645, 2.18721428e-005, -2.37007437e-005, -7.23199592e-006, 1, 0, 0, 0, 0, 0, 0, 0, 0.194607007, -0.168444775, -0.177177295, -0.577797059, 0.537519691, -0.614147462, -0.751831055, -0.0577392578, 0.656860352, 0.317563712, 0.841310384, 0.437643589, 0, 0, -0, 0, 0, 0, 0, 0.263270947, -0.121007617, -0.146972461, -0.35284875, 0.470833483, -0.808464214, 0.48840332, -0.644165039, -0.588378906, -0.797967957, -0.602522682, -0.00273539728, 1, 3, 5, 0, 
509.277553, 70, 0.1, 0.1, 0.225000005, -0.114999999, -0.0199694518, 0.707147586, -0.707065974, -1.93290726e-005, 0.707065974, 0.707147586, 9.80121447e-006, 6.73840177e-006, -2.05978347e-005, 1, 0.707146938, -0.707066622, -2.05901581e-005, 0.707066622, 0.707146938, -6.20638982e-006, 1.89485984e-005, -1.0169784e-005, 1, 0, 0, 0, 0, 0, 0, 0, 0.194607007, -0.168444775, -0.177177295, -0.577797059, 0.537519691, -0.614147462, -0.751831055, -0.0577392578, 0.656860352, 0.317563712, 0.841310384, 0.437643589, 0, 0, -0, 0, 0, 0, 0, 0.263184912, -0.121728125, -0.146423828, -0.35284875, 0.470833483, -0.808464214, 0.48840332, -0.644165039, -0.588378906, -0.797967957, -0.602522682, -0.00273539728, 1, 3, 5, 0, 
509.278331, 70, 0.1, 0.1, 0.225000001, -0.114999999, -0.0199669638, 0.707150817, -0.707062742, 7.7958053e-006, 0.707062742, 0.707150817, -2.62194168e-005, 1.30259626e-005, 2.40532055e-005, 1, 0.707150174, -0.707063385, 2.61165042e-005, 0.707063386, 0.707150174, -1.07844988e-005, -1.08429662e-005, 2.60922841e-005, 1, 0, 0, 0, 0, 0, 0, 0, 0.194607007, -0.168444775, -0.177177295, -0.577797059, 0.537519691, -0.614147462, -0.751831055, -0.0577392578, 0.656860352, 0.317563712, 0.841310384, 0.437643589, 0, 0, -0, 0, 0, 0, 0, 0.263184912, -0.121728125, -0.146423828, -0.35284875, 0.470833483, -0.808464214, 0.48840332, -0.644165039, -0.588378906, -0.797967957, -0.602522682, -0.00273539728, 1, 3, 5, 0, 
509.279113, 70, 0.1, 0.1, 0.225000004, -0.115000001, -0.0199643185, 0.707154099, -0.70705946, 1.14932615e-005, 0.70705946, 0.707154099, 2.74063485e-005, -2.75054249e-005, -1.12540924e-005, 1, 0.707153439, -0.70706012, -6.91269605e-006, 0.70706012, 0.707153439, 2.91494662e-005, -1.57220883e-005, -2.5500837e-005, 1, 0, 0, 0, 0, 0, 0, 0, 0.194607007, -0.168444775, -0.177177295, -0.577797059, 0.537519691, -0.614147462, -0.751831055, -0.0577392578, 0.656860352, 0.317563712, 0.841310384, 0.437643589, 0, 0, -0, 0, 0, 0, 0, 0.263184912, -0.121728125, -0.146423828, -0.35284875, 0.470833483, -0.808464214, 0.48840332, -0.644165039, -0.588378906, -0.797967957, -0.602522682, -0.00273539728, 1, 3, 5, 0, 
509.279899, 70, 0.1, 0.1, 0.225000003, -0.114999997, -0.0199623653, 0.707157453, -0.707056105, -3.19678158e-005, 0.707056106, 0.707157453, -7.0200264e-006, 2.75698317e-005, -1.76387754e-005, 0.999999999, 0.707156782, -0.707056776, -1.38786736e-005, 0.707056776, 0.707156782, -2.72852609e-005, 2.91066268e-005, 9.48194706e-006, 1, 0, 0, 0, 0, 0, 0, 0, 0.194607007, -0.168444775, -0.177177295, -0.577797059, 0.537519691, -0.614147462, -0.751831055, -0.0577392578, 0.656860352, 0.317563712, 0.841310384, 0.437643589, 0, 0, -0, 0, 0, 0, 0, 0.263184912, -0.121728125, -0.146423828, -0.35284875, 0.470833483, -0.808464214, 0.48840332, -0.644165039, -0.588378906, -0.797967957, -0.602522682, -0.00273539728, 1, 3, 5, 0, 
509.28068, 70, 0.1, 0.1, 0.225000001, -0.115, -0.0199616936, 0.707160867, -0.707052691, 2.62546634e-005, 0.707052691, 0.707160867, -1.10909715e-005, -1.07243693e-005, 2.64065315e-005, 1, 0.707160174, -0.707053384, 2.76797321e-005, 0.707053384, 0.707160175, 9.05636039e-006, -2.59773345e-005, 1.31667509e-005, 1, 0, 0, 0, 0, 0, 0, 0, 0.194607007, -0.168444775, -0.177177295, -0.577797059, 0.537519691, -0.614147462, -0.751831055, -0.0577392578, 0.656860352, 0.317563712, 0.841310384, 0.437643589, 0, 0, -0, 0, 0, 0, 0, 0.263184912, -0.121728125, -0.146423828, -0.35284875, 0.470833483, -0.808464214, 0.48840332, -0.644165039, -0.588378906, -0.797967957, -0.602522682, -0.00273539728, 1, 3, 5, 0, 
509.281489, 70, 0.1, 0.1, 0.225000005, -0.114999999, -0.019962355, 0.707164481, -0.707049076, -8.90773681e-006, 0.707049076, 0.707164481, 3.20467285e-005, -1.63593747e-005, -2.89605152e-005, 0.999999999, 0.707163716, -0.707049841, -3.07577555e-005, 0.707049842, 0.707163716, 1.25844905e-005, 1.28529067e-005, -3.06465612e-005, 0.999999999, 0, 0, 0, 0, 0, 0, 0, 0.194311743, -0.168433911, -0.17776084, -0.579294043, 0.53774173, -0.612415334, -0.75, -0.0576171875, 0.658813477, 0.31903673, 0.841151625, 0.436874879, 0, 0, -0, 0, 0, 0, 0, 0.263184912, -0.121728125, -0.146423828, -0.35167338, 0.471306696, -0.808674934, 0.486206055, -0.646240234, -0.588012695, -0.799808304, -0.600018091, -0.00189834591, 1, 3, 5, 0, 
509.282269, 70, 0.1, 0.1, 0.225000002, -0.114999998, -0.0199638162, 0.707168032, -0.707045525, -9.54325225e-006, 0.707045524, 0.707168032, -2.56284884e-005, 2.4869191e-005, 1.13761339e-005, 1, 0.707167327, -0.70704623, 8.96553863e-006, 0.70704623, 0.707167326, -2.63697048e-005, 1.23044644e-005, 2.49868439e-005, 1, 0, 0, 0, 0, 0, 0, 0, 0.194311743, -0.168433911, -0.17776084, -0.579294043, 0.53774173, -0.612415334, -0.75, -0.0576171875, 0.658813477, 0.31903673, 0.841151625, 0.436874879, 0, 0, -0, 0, 0, 0, 0, 0.26277749, -0.122313867, -0.146196924, -0.35167338, 0.471306696, -0.808674934, 0.486206055, -0.646240234, -0.588012695, -0.799808304, -0.600018091, -0.00189834591, 1, 3, 5, 0, 
509.283187, 70, 0.1, 0.1, 0.225000001, -0.115000001, -0.0199651754, 0.707172234, -0.707041321, 3.98911301e-005, 0.707041321, 0.707172235, 7.29322705e-006, -3.33665125e-005, 2.30471097e-005, 0.999999999, 0.707171378, -0.707042178, 2.10570311e-005, 0.707042178, 0.707171378, 2.96970089e-005, -3.58879676e-005, -6.11266561e-006, 0.999999999, 0, 0, 0, 0, 0, 0, 0, 0.194311743, -0.168433911, -0.17776084, -0.579294043, 0.53774173, -0.612415334, -0.75, -0.0576171875, 0.658813477, 0.31903673, 0.841151625, 0.436874879, 0, 0, -0, 0, 0, 0, 0, 0.26277749, -0.122313867, -0.146196924, -0.35167338, 0.471306696, -0.808674934, 0.486206055, -0.646240234, -0.588012695, -0.799808304, -0.600018091, -0.00189834591, 1, 3, 5, 0, 
509.28405, 70, 0.1, 0.1, 0.225, -0.114999997, -0.0199645477, 0.707176302, -0.707037253, -2.23328746e-005, 0.707037253, 0.707176302, 8.37611372e-006, 9.87105525e-006, -2.17135635e-005, 1, 0.707175501, -0.707038055, -2.27995399e-005, 0.707038055, 0.707175501, -1.18627988e-005, 2.45107263e-005, -7.73106168e-006, 1, 0, 0, 0, 0, 0, 0, 0, 0.194427197, -0.168218115, -0.17855957, -0.581400978, 0.537602067, -0.610568631, -0.748413086, -0.0592041016, 0.660522461, 0.31899966, 0.841050153, 0.436829574, 0, 0, -0, 0, 0, 0, 0, 0.26277749, -0.122313867, -0.146196924, -0.351782022, 0.471415338, -0.808579052, 0.485961914, -0.646362305, -0.588134766, -0.799942465, -0.59988393, -0.00164278289, 1, 3, 5, 0, 
509.284833, 70, 0.1, 0.1, 0.224999997, -0.114999997, -0.0199641392, 0.707179988, -0.707033566, 7.00030963e-006, 0.707033566, 0.707179988, -2.97214258e-005, 1.60635668e-005, 2.59678514e-005, 1, 0.707179257, -0.707034297, 2.70932873e-005, 0.707034298, 0.707179257, -1.28505394e-005, -1.00740387e-005, 2.82435183e-005, 1, 0, 0, 0, 0, 0, 0, 0, 0.194427197, -0.168218115, -0.17855957, -0.581400978, 0.537602067, -0.610568631, -0.748413086, -0.0592041016, 0.660522461, 0.31899966, 0.841050153, 0.436829574, 0, 0, -0, 0, 0, 0, 0, 0.26276748, -0.1225271, -0.145961963, -0.351782022, 0.471415338, -0.808579052, 0.485961914, -0.646362305, -0.588134766, -0.799942465, -0.59988393, -0.00164278289, 1, 3, 5, 0, 
509.285611, 70, 0.1, 0.1, 0.225, -0.114999998, -0.0199643704, 0.707183662, -0.707029892, 6.16623719e-006, 0.707029891, 0.707183662, 2.61402735e-005, -2.28426169e-005, -1.41262603e-005, 1, 0.707182925, -0.707030629, -1.17396237e-005, 0.707030629, 0.707182925, 2.71489584e-005, -1.08930837e-005, -2.74995534e-005, 1, 0, 0, 0, 0, 0, 0, 0, 0.194427197, -0.168218115, -0.17855957, -0.581400978, 0.537602067, -0.610568631, -0.748413086, -0.0592041016, 0.660522461, 0.31899966, 0.841050153, 0.436829574, 0, 0, -0, 0, 0, 0, 0, 0.26276748, -0.1225271, -0.145961963, -0.351782022, 0.471415338, -0.808579052, 0.485961914, -0.646362305, -0.588134766, -0.799942465, -0.59988393, -0.00164278289, 1, 3, 5, 0, 
509.28639, 70, 0.1, 0.1, 0.225, -0.114999995, -0.019965106, 0.707187335, -0.707026217, -3.29348093e-005, 0.707026218, 0.707187336, -7.46866888e-006, 2.85716247e-005, -1.80040256e-005, 0.999999999, 0.707186609, -0.707026944, -1.62206586e-005, 0.707026943, 0.70718661, -2.59605903e-005, 2.98258694e-005, 6.8905392e-006, 1, 0, 0, 0, 0, 0, 0, 0, 0.194427197, -0.168218115, -0.17855957, -0.581400978, 0.537602067, -0.610568631, -0.748413086, -0.0592041016, 0.660522461, 0.31899966, 0.841050153, 0.436829574, 0, 0, -0, 0, 0, 0, 0, 0.26276748, -0.1225271, -0.145961963, -0.351782022, 0.471415338, -0.808579052, 0.485961914, -0.646362305, -0.588134766, -0.799942465, -0.59988393, -0.00164278289, 1, 3, 5, 0, 
509.287173, 70, 0.1, 0.1, 0.225, -0.114999998, -0.0199660515, 0.707191023, -0.707022529, 1.98911402e-005, 0.707022529, 0.707191023, -8.20110663e-006, -8.26846864e-006, 1.98632332e-005, 1, 0.707190291, -0.707023261, 2.08191546e-005, 0.707023261, 0.707190292, 9.20028577e-006, -2.12279201e-005, 8.2132738e-006, 1, 0, 0, 0, 0, 0, 0, 0, 0.194427197, -0.168218115, -0.17855957, -0.581400978, 0.537602067, -0.610568631, -0.748413086, -0.0592041016, 0.660522461, 0.31899966, 0.841050153, 0.436829574, 0, 0, -0, 0, 0, 0, 0, 0.26276748, -0.1225271, -0.145961963, -0.351782022, 0.471415338, -0.808579052, 0.485961914, -0.646362305, -0.588134766, -0.799942465, -0.59988393, -0.00164278289, 1, 3, 5, 0, 
509.287952, 70, 0.1, 0.1, 0.225000003, -0.114999997, -0.019966897, 0.70719467, -0.707018881, -1.10376562e-005, 0.707018881, 0.70719467, 2.7283883e-005, -1.14844488e-005, -2.7098848e-005, 1, 0.707193948, -0.707019603, -2.8955801e-005, 0.707019603, 0.707193948, 1.15823916e-005, 1.22883893e-005, -2.86633162e-005, 1, 0, 0, 0, 0, 0, 0, 0, 0.194427197, -0.168218115, -0.17855957, -0.581400978, 0.537602067, -0.610568631, -0.748413086, -0.0592041016, 0.660522461, 0.31899966, 0.841050153, 0.436829574, 0, 0, -0, 0, 0, 0, 0, 0.26276748, -0.1225271, -0.145961963, -0.351782022, 0.471415338, -0.808579052, 0.485961914, -0.646362305, -0.588134766, -0.799942465, -0.59988393, -0.00164278289, 1, 3, 5, 0, 
509.28875, 70, 0.1, 0.1, 0.225000001, -0.114999995, -0.0199673255, 0.707198382, -0.707015168, -1.24941853e-005, 0.707015168, 0.707198382, -2.29729354e-005, 2.50780815e-005, 7.41284425e-006, 1, 0.707197582, -0.707015969, 5.55261748e-006, 0.707015969, 0.707197582, -2.42208999e-005, 1.31977654e-005, 2.10547511e-005, 1, 0, 0, 0, 0, 0, 0, 0, 0.194427197, -0.168218115, -0.17855957, -0.580257461, 0.540304725, -0.609355844, -0.748168945, -0.0582275391, 0.660888672, 0.321537567, 0.839386175, 0.438244183, 0, 0, -0, 0, 0, 0, 0, 0.26276748, -0.1225271, -0.145961963, -0.351782022, 0.471415338, -0.808579052, 0.485961914, -0.646362305, -0.588134766, -0.799942465, -0.59988393, -0.00164278289, 1, 3, 5, 0, 
509.289547, 70, 0.1, 0.1, 0.225000003, -0.114999998, -0.0199668413, 0.707202064, -0.707011485, 2.53592839e-005, 0.707011486, 0.707202064, 8.89702188e-006, -2.42244345e-005, 1.16373127e-005, 1, 0.707201349, -0.707012201, 8.95028235e-006, 0.7070122, 0.707201349, 2.69120473e-005, -2.53567976e-005, -1.27042774e-005, 1, 0, 0, 0, 0, 0, 0, 0, 0.194270117, -0.168308301, -0.178716528, -0.580257461, 0.540304725, -0.609355844, -0.748168945, -0.0582275391, 0.660888672, 0.321537567, 0.839386175, 0.438244183, 0, 0, -0, 0, 0, 0, 0, 0.262379687, -0.122557471, -0.146891895, -0.354037613, 0.474009614, -0.806118937, 0.483154297, -0.645263672, -0.591674805, -0.800670508, -0.598874804, -0.000525015436, 1, 3, 5, 0, 
509.290328, 70, 0.1, 0.1, 0.225000004, -0.114999995, -0.0199660849, 0.707205662, -0.707007886, -2.30483515e-005, 0.707007886, 0.707205662, 1.05003228e-005, 8.87611367e-006, -2.3721254e-005, 1, 0.707204959, -0.70700859, -2.4979141e-005, 0.70700859, 0.707204959, -6.54348923e-006, 2.22916755e-005, -1.30328792e-005, 1, 0, 0, 0, 0, 0, 0, 0, 0.194270117, -0.168308301, -0.178716528, -0.580257461, 0.540304725, -0.609355844, -0.748168945, -0.0582275391, 0.660888672, 0.321537567, 0.839386175, 0.438244183, 0, 0, -0, 0, 0, 0, 0, 0.262379687, -0.122557471, -0.146891895, -0.354037613, 0.474009614, -0.806118937, 0.483154297, -0.645263672, -0.591674805, -0.800670508, -0.598874804, -0.000525015436, 1, 3, 5, 0, 
509.29111, 70, 0.1, 0.1, 0.225, -0.114999996, -0.0199653515, 0.707209254, -0.707004294, 1.14845352e-005, 0.707004294, 0.707209253, -2.85770089e-005, 1.20820984e-005, 2.83295408e-005, 1, 0.707208541, -0.707005006, 2.97890048e-005, 0.707005007, 0.707208541, -1.19658049e-005, -1.26071547e-005, 2.95232949e-005, 0.999999999, 0, 0, 0, 0, 0, 0, 0, 0.194270117, -0.168308301, -0.178716528, -0.580257461, 0.540304725, -0.609355844, -0.748168945, -0.0582275391, 0.660888672, 0.321537567, 0.839386175, 0.438244183, 0, 0, -0, 0, 0, 0, 0, 0.262379687, -0.122557471, -0.146891895, -0.354037613, 0.474009614, -0.806118937, 0.483154297, -0.645263672, -0.591674805, -0.800670508, -0.598874804, -0.000525015436, 1, 3, 5, 0, 
509.291896, 70, 0.1, 0.1, 0.225000001, -0.114999997, -0.0199648182, 0.707212867, -0.707000679, 1.52285099e-005, 0.707000679, 0.707212867, 2.49060918e-005, -2.83784219e-005, -6.84734174e-006, 1, 0.70721215, -0.707001397, -2.95297566e-006, 0.707001397, 0.70721215, 2.63683663e-005, -1.65540915e-005, -2.07357869e-005, 1, 0, 0, 0, 0, 0, 0, 0, 0.194270117, -0.168308301, -0.178716528, -0.580257461, 0.540304725, -0.609355844, -0.748168945, -0.0582275391, 0.660888672, 0.321537567, 0.839386175, 0.438244183, 0, 0, -0, 0, 0, 0, 0, 0.262379687, -0.122557471, -0.146891895, -0.354037613, 0.474009614, -0.806118937, 0.483154297, -0.645263672, -0.591674805, -0.800670508, -0.598874804, -0.000525015436, 1, 3, 5, 0, 
509.292679, 70, 0.1, 0.1, 0.224999999, -0.114999993, -0.0199646504, 0.707216478, -0.706997067, -2.43033244e-005, 0.706997067, 0.707216479, -9.09650718e-006, 2.36189154e-005, -1.07491793e-005, 1, 0.707215753, -0.706997793, -6.92494343e-006, 0.706997792, 0.707215753, -2.81750905e-005, 2.48171559e-005, 1.50299481e-005, 1, 0, 0, 0, 0, 0, 0, 0, 0.194270117, -0.168308301, -0.178716528, -0.580257461, 0.540304725, -0.609355844, -0.748168945, -0.0582275391, 0.660888672, 0.321537567, 0.839386175, 0.438244183, 0, 0, -0, 0, 0, 0, 0, 0.262379687, -0.122557471, -0.146891895, -0.354037613, 0.474009614, -0.806118937, 0.483154297, -0.645263672, -0.591674805, -0.800670508, -0.598874804, -0.000525015436, 1, 3, 5, 0, 
509.293475, 70, 0.1, 0.1, 0.224999997, -0.114999995, -0.0199648462, 0.707220164, -0.70699338, 2.7455295e-005, 0.70699338, 0.707220164, -1.27882486e-005, -1.03757311e-005, 2.84548191e-005, 1, 0.707219378, -0.706994166, 2.93266819e-005, 0.706994166, 0.707219379, 6.89701361e-006, -2.56165461e-005, 1.58560913e-005, 1, 0, 0, 0, 0, 0, 0, 0, 0.194270117, -0.168308301, -0.178716528, -0.579202311, 0.543895539, -0.607102133, -0.747436523, -0.0574951172, 0.661743164, 0.325078206, 0.837087159, 0.439988293, 0, 0, -0, 0, 0, 0, 0, 0.262379687, -0.122557471, -0.146891895, -0.354037613, 0.474009614, -0.806118937, 0.483154297, -0.645263672, -0.591674805, -0.800670508, -0.598874804, -0.000525015436, 1, 3, 5, 0, 
509.294271, 70, 0.1, 0.1, 0.225, -0.114999993, -0.0199650347, 0.707223867, -0.706989676, -1.01816641e-005, 0.706989676, 0.707223867, 2.58898007e-005, -1.1103106e-005, -2.55082164e-005, 1, 0.707223145, -0.706990398, -2.85422082e-005, 0.706990398, 0.707223145, 8.99131575e-006, 1.38289364e-005, -2.65379338e-005, 1, 0, 0, 0, 0, 0, 0, 0, 0.193665088, -0.168355029, -0.178819287, -0.579202311, 0.543895539, -0.607102133, -0.747436523, -0.0574951172, 0.661743164, 0.325078206, 0.837087159, 0.439988293, 0, 0, -0, 0, 0, 0, 0, 0.262310352, -0.122078271, -0.14749375, -0.355353707, 0.474865622, -0.804975284, 0.483520508, -0.643554688, -0.593139648, -0.799826894, -0.600012261, -0.000895783431, 1, 3, 5, 0, 
509.295058, 70, 0.1, 0.1, 0.224999998, -0.114999992, -0.0199654132, 0.707227529, -0.706986013, -1.26951182e-005, 0.706986012, 0.707227529, -2.65030919e-005, 2.77156523e-005, 9.76844518e-006, 1, 0.707226811, -0.706986731, 5.09301255e-006, 0.706986731, 0.70722681, -2.80435671e-005, 1.62245148e-005, 2.34338548e-005, 1, 0, 0, 0, 0, 0, 0, 0, 0.193665088, -0.168355029, -0.178819287, -0.579202311, 0.543895539, -0.607102133, -0.747436523, -0.0574951172, 0.661743164, 0.325078206, 0.837087159, 0.439988293, 0, 0, -0, 0, 0, 0, 0, 0.262310352, -0.122078271, -0.14749375, -0.355353707, 0.474865622, -0.804975284, 0.483520508, -0.643554688, -0.593139648, -0.799826894, -0.600012261, -0.000895783431, 1, 3, 5, 0, 
509.295839, 70, 0.1, 0.1, 0.224999999, -0.114999994, -0.0199659187, 0.707231158, -0.706982382, 2.45909311e-005, 0.706982382, 0.707231158, 8.39212454e-006, -2.33245569e-005, 1.14501831e-005, 1, 0.707230439, -0.706983102, 8.24063828e-006, 0.706983102, 0.707230439, 2.61638644e-005, -2.43254402e-005, -1.26778893e-005, 1, 0, 0, 0, 0, 0, 0, 0, 0.193665088, -0.168355029, -0.178819287, -0.579202311, 0.543895539, -0.607102133, -0.747436523, -0.0574951172, 0.661743164, 0.325078206, 0.837087159, 0.439988293, 0, 0, -0, 0, 0, 0, 0, 0.262310352, -0.122078271, -0.14749375, -0.355353707, 0.474865622, -0.804975284, 0.483520508, -0.643554688, -0.593139648, -0.799826894, -0.600012261, -0.000895783431, 1, 3, 5, 0, 
