time, trialNum, realDorsalTactorPos, realVentralTactorPos, box1PosX, box1PosY, box1PosZ, box1LocalRot_11, box1LocalRot_12, box1LocalRot_13, box1LocalRot_21, box1LocalRot_22, box1LocalRot_23, box1LocalRot_31, box1LocalRot_32, box1LocalRot_33, box1GlobalRot_11, box1GlobalRot_12, box1GlobalRot_13, box1GlobalRot_21, box1GlobalRot_22, box1GlobalRot_23, box1GlobalRot_31, box1GlobalRot_32, box1GlobalRot_33, indexForceX, indexForceY, indexForceZ, indexForceGlobalX, indexForceGlobalY, indexForceGlobalZ, indexContact, indexPosX, indexPosY, indexPosZ, indexRot_11, indexRot_12, indexRot_13, indexRot_21, indexRot_22, indexRot_23, indexRot_31, indexRot_32, indexRot_33, thumbForceX, thumbForceY, thumbForceZ, thumbForceGlobalX, thumbForceGlobalY, thumbForceGlobalZ, thumbContact, thumbPosX, thumbPosY, thumbPosZ, thumbRot_11, thumbRot_12, thumbRot_13, thumbRot_21, thumbRot_22, thumbRot_23, thumbRot_31, thumbRot_32, thumbRot_33, manipForceTooHigh, cceExpType, mapping, trialSuccess, 
299.564499, 36, 0.1, 0.1, 0.0342850112, 0.357428625, -0.0199626265, 0.993650278, 4.75106759e-006, -0.11251278, 0.11251278, 1.11356513e-005, 0.993650278, 5.97380272e-006, -1, 1.05303872e-005, 0.993650277, -5.23877727e-006, -0.112512789, 0.112512789, -1.02174665e-005, 0.993650277, -6.35510814e-006, -1, -9.563159e-006, 0, -0, 0, 0, 0, 0, 0, 0.293416309, -0.158518384, -0.191056689, 0.129037126, 0.243621565, -0.961167306, -0.989501953, -0.0307617188, -0.140625, -0.0639418339, 0.969306359, 0.237265197, 0, 0, -0, 0, 0, 0, 0, 0.325841357, -0.101891553, -0.166643018, 0.225328291, -0.169183979, -0.959397821, 0.515625, -0.814819336, 0.264770508, -0.826555794, -0.554290338, -0.0965407794, 0, 3, 1, 1, 
299.581244, 36, 0.1, 0.1, 0.0342850079, 0.357428627, -0.0199638042, 0.993648163, 4.94028519e-005, -0.112531445, 0.112531446, -2.43696172e-005, 0.993648164, 4.63467048e-005, -0.999999998, -2.97741997e-005, 0.993648188, 2.87342891e-005, -0.112531227, 0.112531228, -1.28926251e-005, 0.993648189, 2.71009514e-005, -1, -1.60442384e-005, 0, -0, 0, 0, 0, 0, 0, 0.296550513, -0.156899951, -0.194643872, 0.134059401, 0.280246731, -0.950476144, -0.98828125, -0.0318603516, -0.148803711, -0.0720292082, 0.959426969, 0.272773055, 0, 0, -0, 0, 0, 0, 0, 0.32834082, -0.102583496, -0.168604883, 0.234838095, -0.146727983, -0.96081856, 0.534179687, -0.806274414, 0.25378418, -0.811931832, -0.572919121, -0.111051002, 0, 3, 1, 1, 
299.582026, 36, 0.1, 0.1, 0.0342850103, 0.357428627, -0.0199588658, 0.99364803, -4.31698804e-005, -0.112532622, 0.112532622, 9.55853332e-006, 0.993648031, -4.18200198e-005, -0.999999999, 1.43558376e-005, 0.993648062, -2.28644545e-005, -0.112532348, 0.112532348, 1.58362243e-005, 0.993648062, -2.09371334e-005, -1, 1.83086243e-005, 0, -0, 0, 0, 0, 0, 0, 0.296550513, -0.156899951, -0.194643872, 0.134059401, 0.280246731, -0.950476144, -0.98828125, -0.0318603516, -0.148803711, -0.0720292082, 0.959426969, 0.272773055, 0, 0, -0, 0, 0, 0, 0, 0.32834082, -0.102583496, -0.168604883, 0.234838095, -0.146727983, -0.96081856, 0.534179687, -0.806274414, 0.25378418, -0.811931832, -0.572919121, -0.111051002, 0, 3, 1, 1, 
299.582859, 36, 0.1, 0.1, 0.0342850116, 0.357428626, -0.0199563359, 0.993647867, 6.28741519e-005, -0.112534053, 0.112534054, -1.31820337e-005, 0.993647868, 6.09913393e-005, -0.999999998, -2.01737829e-005, 0.993647895, 3.41884435e-005, -0.112533816, 0.112533816, 5.17433165e-006, 0.993647895, 3.45535623e-005, -0.999999999, 1.29410772e-006, 0, -0, 0, 0, 0, 0, 0, 0.296550513, -0.156899951, -0.194643872, 0.134059401, 0.280246731, -0.950476144, -0.98828125, -0.0318603516, -0.148803711, -0.0720292082, 0.959426969, 0.272773055, 0, 0, -0, 0, 0, 0, 0, 0.32834082, -0.102583496, -0.168604883, 0.234838095, -0.146727983, -0.96081856, 0.534179687, -0.806274414, 0.25378418, -0.811931832, -0.572919121, -0.111051002, 0, 3, 1, 1, 
299.583722, 36, 0.1, 0.1, 0.0342850152, 0.357428628, -0.019955791, 0.993647732, -5.37539819e-005, -0.112535249, 0.11253525, 1.99413659e-005, 0.993647733, -5.11684157e-005, -0.999999998, 2.58639107e-005, 0.993647764, -2.85539865e-005, -0.11253497, 0.112534971, 2.88363023e-005, 0.993647764, -2.51275124e-005, -0.999999999, 3.18664493e-005, 0, -0, 0, 0, 0, 0, 0, 0.296550513, -0.156899951, -0.194643872, 0.134059401, 0.280246731, -0.950476144, -0.98828125, -0.0318603516, -0.148803711, -0.0720292082, 0.959426969, 0.272773055, 0, 0, -0, 0, 0, 0, 0, 0.32834082, -0.102583496, -0.168604883, 0.234838095, -0.146727983, -0.96081856, 0.534179687, -0.806274414, 0.25378418, -0.811931832, -0.572919121, -0.111051002, 0, 3, 1, 1, 
299.584537, 36, 0.1, 0.1, 0.0342850123, 0.35742862, -0.0199580861, 0.993647522, 4.00107044e-005, -0.112537106, 0.112537107, -3.31561733e-005, 0.993647522, 3.60252375e-005, -0.999999999, -3.74482383e-005, 0.993647571, 2.00334619e-005, -0.112536683, 0.112536683, -5.02319786e-005, 0.993647569, 1.42532605e-005, -0.999999999, -5.21673829e-005, 0, -0, 0, 0, 0, 0, 0, 0.297026929, -0.155720728, -0.195621777, 0.138807957, 0.285938488, -0.948137814, -0.987792969, -0.0263671875, -0.152587891, -0.0685791799, 0.957907523, 0.278953073, 0, 0, -0, 0, 0, 0, 0, 0.329098828, -0.102697119, -0.168199658, 0.238563632, -0.143878877, -0.960327123, 0.537353516, -0.804077148, 0.25402832, -0.808839923, -0.576670177, -0.114558889, 0, 3, 1, 1, 
299.58532, 36, 0.1, 0.1, 0.0342850124, 0.35742863, -0.0199625595, 0.993647232, -5.04838361e-005, -0.11253966, 0.112539663, 5.87552588e-005, 0.993647232, -4.35508271e-005, -0.999999997, 6.40634342e-005, 0.993647297, -3.07639109e-005, -0.112539097, 0.112539099, 6.57584625e-005, 0.993647295, -2.31680788e-005, -0.999999997, 6.88028614e-005, 0, -0, 0, 0, 0, 0, 0, 0.297026929, -0.155720728, -0.195621777, 0.138807957, 0.285938488, -0.948137814, -0.987792969, -0.0263671875, -0.152587891, -0.0685791799, 0.957907523, 0.278953073, 0, 0, -0, 0, 0, 0, 0, 0.329098828, -0.102697119, -0.168199658, 0.238563632, -0.143878877, -0.960327123, 0.537353516, -0.804077148, 0.25402832, -0.808839923, -0.576670177, -0.114558889, 0, 3, 1, 1, 
299.586106, 36, 0.1, 0.1, 0.0342850091, 0.357428626, -0.0199677542, 0.993646889, 3.03759409e-005, -0.112542696, 0.112542698, -6.03175311e-005, 0.993646888, 2.33946616e-005, -0.999999998, -6.33529174e-005, 0.99364696, 1.11557523e-005, -0.112542072, 0.112542072, -4.96562637e-005, 0.993646959, 5.49646058e-006, -0.999999999, -5.0596287e-005, 0, -0, 0, 0, 0, 0, 0, 0.297026929, -0.155720728, -0.195621777, 0.138807957, 0.285938488, -0.948137814, -0.987792969, -0.0263671875, -0.152587891, -0.0685791799, 0.957907523, 0.278953073, 0, 0, -0, 0, 0, 0, 0, 0.329098828, -0.102697119, -0.168199658, 0.238563632, -0.143878877, -0.960327123, 0.537353516, -0.804077148, 0.25402832, -0.808839923, -0.576670177, -0.114558889, 0, 3, 1, 1, 
299.586921, 36, 0.1, 0.1, 0.0342850114, 0.357428622, -0.0199717978, 0.993646534, -2.70264572e-005, -0.112545833, 0.112545834, 2.45545609e-005, 0.993646534, -2.4091232e-005, -0.999999999, 2.74402695e-005, 0.993646599, -1.24940411e-005, -0.112545258, 0.112545259, 4.85687899e-006, 0.9936466, -1.18680428e-005, -1, 6.23216638e-006, 0, -0, 0, 0, 0, 0, 0, 0.298397314, -0.156019287, -0.195353003, 0.147859871, 0.284428399, -0.947186379, -0.986816406, -0.0192871094, -0.159790039, -0.0637096735, 0.958517474, 0.277937237, 0, 0, -0, 0, 0, 0, 0, 0.329911768, -0.102822461, -0.167346484, 0.242979298, -0.141125653, -0.959663246, 0.540527344, -0.801757812, 0.254882813, -0.80530725, -0.580676796, -0.118539622, 0, 3, 1, 1, 
299.587705, 36, 0.1, 0.1, 0.0342850115, 0.357428625, -0.019973296, 0.993646248, 3.6955043e-005, -0.112548353, 0.112548353, -1.89904923e-005, 0.993646249, 3.45828913e-005, -0.999999999, -2.30290606e-005, 0.993646298, 2.03586473e-005, -0.112547921, 0.112547921, 7.74658261e-006, 0.993646298, 2.11011562e-005, -1, 5.40603972e-006, 0, -0, 0, 0, 0, 0, 0, 0.298397314, -0.156019287, -0.195353003, 0.147859871, 0.284428399, -0.947186379, -0.986816406, -0.0192871094, -0.159790039, -0.0637096735, 0.958517474, 0.277937237, 0, 0, -0, 0, 0, 0, 0, 0.329911768, -0.102822461, -0.167346484, 0.242979298, -0.141125653, -0.959663246, 0.540527344, -0.801757812, 0.254882813, -0.80530725, -0.580676796, -0.118539622, 0, 3, 1, 1, 
299.588488, 36, 0.1, 0.1, 0.0342850152, 0.357428618, -0.019972245, 0.993646049, -1.98850914e-005, -0.112550119, 0.112550118, -8.37312287e-006, 0.993646049, -2.07011385e-005, -1, -6.08185107e-006, 0.993646081, -4.24315284e-006, -0.112549834, 0.112549833, -3.04316182e-005, 0.993646081, -7.64126575e-006, -1, -2.9760692e-005, 0, -0, 0, 0, 0, 0, 0, 0.298397314, -0.156019287, -0.195353003, 0.147859871, 0.284428399, -0.947186379, -0.986816406, -0.0192871094, -0.159790039, -0.0637096735, 0.958517474, 0.277937237, 0, 0, -0, 0, 0, 0, 0, 0.329911768, -0.102822461, -0.167346484, 0.242979298, -0.141125653, -0.959663246, 0.540527344, -0.801757812, 0.254882813, -0.80530725, -0.580676796, -0.118539622, 0, 3, 1, 1, 
299.589282, 36, 0.1, 0.1, 0.0342850132, 0.357428628, -0.019969069, 0.993645945, 4.40661499e-007, -0.112551039, 0.112551039, 3.63074013e-005, 0.993645944, 4.52429726e-006, -0.999999999, 3.60271052e-005, 0.99364596, 3.08157352e-006, -0.112550903, 0.112550902, 5.21431638e-005, 0.993645959, 8.93075323e-006, -0.999999999, 5.14650102e-005, 0, -0, 0, 0, 0, 0, 0, 0.298397314, -0.156019287, -0.195353003, 0.147859871, 0.284428399, -0.947186379, -0.986816406, -0.0192871094, -0.159790039, -0.0637096735, 0.958517474, 0.277937237, 0, 0, -0, 0, 0, 0, 0, 0.329911768, -0.102822461, -0.167346484, 0.242979298, -0.141125653, -0.959663246, 0.540527344, -0.801757812, 0.254882813, -0.80530725, -0.580676796, -0.118539622, 0, 3, 1, 1, 
299.590069, 36, 0.1, 0.1, 0.0342850147, 0.35742862, -0.0199650255, 0.993645841, 2.76564315e-005, -0.112551956, 0.112551957, -5.13217416e-005, 0.993645839, 2.17043357e-005, -0.999999998, -5.41084206e-005, 0.993645866, 2.12661192e-005, -0.112551731, 0.112551732, -5.71240693e-005, 0.993645865, 1.47015786e-005, -0.999999998, -5.91546339e-005, 0, -0, 0, 0, 0, 0, 0, 0.298397314, -0.156019287, -0.195353003, 0.147859871, 0.284428399, -0.947186379, -0.986816406, -0.0192871094, -0.159790039, -0.0637096735, 0.958517474, 0.277937237, 0, 0, -0, 0, 0, 0, 0, 0.329911768, -0.102822461, -0.167346484, 0.242979298, -0.141125653, -0.959663246, 0.540527344, -0.801757812, 0.254882813, -0.80530725, -0.580676796, -0.118539622, 0, 3, 1, 1, 
299.590853, 36, 0.1, 0.1, 0.0342850146, 0.357428626, -0.0199615778, 0.993645733, -9.76239919e-006, -0.112552909, 0.112552909, 7.4725216e-005, 0.99364573, -1.28982583e-006, -0.999999997, 7.53491785e-005, 0.99364575, -4.20704884e-006, -0.112552757, 0.112552757, 6.44316908e-005, 0.993645748, 3.07164826e-006, -0.999999998, 6.44957907e-005, 0, -0, 0, 0, 0, 0, 0, 0.298397314, -0.156019287, -0.195353003, 0.147859871, 0.284428399, -0.947186379, -0.986816406, -0.0192871094, -0.159790039, -0.0637096735, 0.958517474, 0.277937237, 0, 0, -0, 0, 0, 0, 0, 0.329911768, -0.102822461, -0.167346484, 0.242979298, -0.141125653, -0.959663246, 0.540527344, -0.801757812, 0.254882813, -0.80530725, -0.580676796, -0.118539622, 0, 3, 1, 1, 
299.59167, 36, 0.1, 0.1, 0.0342850128, 0.357428628, -0.0199594347, 0.993645649, -2.69876514e-006, -0.112553648, 0.112553648, -6.24647253e-005, 0.993645647, -9.71224893e-006, -0.999999998, -6.17640467e-005, 0.993645671, -1.68745672e-005, -0.112553454, 0.112553454, -3.48890823e-005, 0.993645671, -2.06942274e-005, -0.999999999, -3.27680948e-005, 0, -0, 0, 0, 0, 0, 0, 0.299820044, -0.156782642, -0.195785815, 0.153535897, 0.282556608, -0.946856878, -0.986328125, -0.0126953125, -0.163818359, -0.058305479, 0.959184712, 0.276896313, 0, 0, -0, 0, 0, 0, 0, 0.330749854, -0.102256836, -0.166719971, 0.247573969, -0.137797503, -0.958973849, 0.544677734, -0.798706055, 0.255371094, -0.801142049, -0.585482188, -0.122763158, 0, 3, 1, 1, 
299.592451, 36, 0.1, 0.1, 0.034285015, 0.35742862, -0.0199595051, 0.99364551, -3.47305211e-005, -0.112554875, 0.112554876, 2.61514768e-005, 0.99364551, -3.15663502e-005, -0.999999999, 2.9894387e-005, 0.99364554, 2.12391866e-006, -0.112554612, 0.112554612, -1.64883093e-005, 0.99364554, 2.54587051e-007, -1, -1.66225918e-005, 0, -0, 0, 0, 0, 0, 0, 0.299820044, -0.156782642, -0.195785815, 0.153535897, 0.282556608, -0.946856878, -0.986328125, -0.0126953125, -0.163818359, -0.058305479, 0.959184712, 0.276896313, 0, 0, -0, 0, 0, 0, 0, 0.330749854, -0.102256836, -0.166719971, 0.247573969, -0.137797503, -0.958973849, 0.544677734, -0.798706055, 0.255371094, -0.801142049, -0.585482188, -0.122763158, 0, 3, 1, 1, 
299.593236, 36, 0.1, 0.1, 0.0342850078, 0.357428633, -0.019961655, 0.993645391, 1.74505432e-005, -0.112555924, 0.112555923, 2.94816319e-005, 0.993645391, 2.06579842e-005, -0.999999999, 2.73301257e-005, 0.993645412, -2.14949502e-005, -0.112555743, 0.112555744, 5.58564169e-005, 0.99364541, -1.50713981e-005, -0.999999998, 5.79208525e-005, 0, -0, 0, 0, 0, 0, 0, 0.299820044, -0.156782642, -0.195785815, 0.153535897, 0.282556608, -0.946856878, -0.986328125, -0.0126953125, -0.163818359, -0.058305479, 0.959184712, 0.276896313, 0, 0, -0, 0, 0, 0, 0, 0.330749854, -0.102256836, -0.166719971, 0.247573969, -0.137797503, -0.958973849, 0.544677734, -0.798706055, 0.255371094, -0.801142049, -0.585482188, -0.122763158, 0, 3, 1, 1, 
299.594019, 36, 0.1, 0.1, 0.0342850157, 0.357428624, -0.0199650318, 0.99364536, -1.62731237e-006, -0.112556203, 0.112556203, -4.66118621e-005, 0.993645359, -6.86342561e-006, -0.999999999, -4.61324964e-005, 0.993645361, 2.93449367e-005, -0.112556191, 0.112556192, -5.64908462e-005, 0.993645359, 2.28000658e-005, -0.999999998, -5.94348216e-005, 0, -0, 0, 0, 0, 0, 0, 0.299820044, -0.156782642, -0.195785815, 0.153535897, 0.282556608, -0.946856878, -0.986328125, -0.0126953125, -0.163818359, -0.058305479, 0.959184712, 0.276896313, 0, 0, -0, 0, 0, 0, 0, 0.330749854, -0.102256836, -0.166719971, 0.247573969, -0.137797503, -0.958973849, 0.544677734, -0.798706055, 0.255371094, -0.801142049, -0.585482188, -0.122763158, 0, 3, 1, 1, 
299.59481, 36, 0.1, 0.1, 0.0342850133, 0.357428629, -0.0199684394, 0.99364542, 2.27545192e-005, -0.112555669, 0.112555667, 4.80316424e-005, 0.993645419, 2.80161574e-005, -0.999999999, 4.51652714e-005, 0.993645402, -5.64557759e-006, -0.112555832, 0.112555832, 4.75959629e-005, 0.993645401, -2.52498993e-007, -0.999999999, 4.79289524e-005, 0, -0, 0, 0, 0, 0, 0, 0.299820044, -0.156782642, -0.195785815, 0.153535897, 0.282556608, -0.946856878, -0.986328125, -0.0126953125, -0.163818359, -0.058305479, 0.959184712, 0.276896313, 0, 0, -0, 0, 0, 0, 0, 0.330749854, -0.102256836, -0.166719971, 0.247573969, -0.137797503, -0.958973849, 0.544677734, -0.798706055, 0.255371094, -0.801142049, -0.585482188, -0.122763158, 0, 3, 1, 1, 
299.595589, 36, 0.1, 0.1, 0.0342850204, 0.357428626, -0.0199706968, 0.99364556, 8.00376528e-007, -0.112554434, 0.112554434, -5.56446265e-005, 0.993645559, -5.46775886e-006, -0.999999998, -5.5381122e-005, 0.993645525, 2.71034026e-005, -0.112554743, 0.112554744, -4.37338835e-005, 0.993645524, 2.20087187e-005, -0.999999999, -4.65065942e-005, 0, -0, 0, 0, 0, 0, 0, 0.299820044, -0.156782642, -0.195785815, 0.153535897, 0.282556608, -0.946856878, -0.986328125, -0.0126953125, -0.163818359, -0.058305479, 0.959184712, 0.276896313, 0, 0, -0, 0, 0, 0, 0, 0.330749854, -0.102256836, -0.166719971, 0.247573969, -0.137797503, -0.958973849, 0.544677734, -0.798706055, 0.255371094, -0.801142049, -0.585482188, -0.122763158, 0, 3, 1, 1, 
299.596402, 36, 0.1, 0.1, 0.0342850177, 0.357428624, -0.0199710244, 0.993645769, 1.0877902e-005, -0.112552593, 0.112552592, 4.37032941e-005, 0.993645768, 1.57277004e-005, -0.999999999, 4.22012572e-005, 0.993645724, -1.0307279e-005, -0.112552992, 0.112552992, 2.08665107e-005, 0.993645723, -7.89319546e-006, -1, 2.18940342e-005, 0, -0, 0, 0, 0, 0, 0, 0.302498755, -0.157592041, -0.193385571, 0.162381502, 0.275335667, -0.947476185, -0.984741211, -0.0133056641, -0.172607422, -0.060200853, 0.96119354, 0.269084518, 0, 0, -0, 0, 0, 0, 0, 0.331794336, -0.102051025, -0.166113721, 0.252111038, -0.133466058, -0.958316535, 0.547729492, -0.796630859, 0.255126953, -0.797596617, -0.589322929, -0.127849265, 0, 3, 1, 1, 
299.597187, 36, 0.1, 0.1, 0.0342850202, 0.35742863, -0.0199693984, 0.993645989, -1.95069193e-005, -0.112550643, 0.112550642, -2.87535911e-005, 0.993645989, -2.26192073e-005, -0.999999999, -2.63753742e-005, 0.993645947, 4.30348083e-006, -0.112551023, 0.112551023, 8.92773341e-006, 0.993645947, 5.28096182e-006, -1, 8.38664494e-006, 0, -0, 0, 0, 0, 0, 0, 0.302498755, -0.157592041, -0.193385571, 0.162381502, 0.275335667, -0.947476185, -0.984741211, -0.0133056641, -0.172607422, -0.060200853, 0.96119354, 0.269084518, 0, 0, -0, 0, 0, 0, 0, 0.331794336, -0.102051025, -0.166113721, 0.252111038, -0.133466058, -0.958316535, 0.547729492, -0.796630859, 0.255126953, -0.797596617, -0.589322929, -0.127849265, 0, 3, 1, 1, 
299.597967, 36, 0.1, 0.1, 0.0342850154, 0.35742862, -0.0199667607, 0.993646183, 8.25705428e-006, -0.112548937, 0.112548937, -8.6048789e-006, 0.993646183, 7.23612049e-006, -1, -9.47952775e-006, 0.993646147, -1.61299748e-005, -0.112549255, 0.112549255, -3.95216428e-005, 0.993646146, -2.04756188e-005, -0.999999999, -3.74551114e-005, 0, -0, 0, 0, 0, 0, 0, 0.302498755, -0.157592041, -0.193385571, 0.162381502, 0.275335667, -0.947476185, -0.984741211, -0.0133056641, -0.172607422, -0.060200853, 0.96119354, 0.269084518, 0, 0, -0, 0, 0, 0, 0, 0.331794336, -0.102051025, -0.166113721, 0.252111038, -0.133466058, -0.958316535, 0.547729492, -0.796630859, 0.255126953, -0.797596617, -0.589322929, -0.127849265, 0, 3, 1, 1, 
299.598829, 36, 0.1, 0.1, 0.0342850159, 0.357428632, -0.019963552, 0.993646299, -1.91439884e-005, -0.112547908, 0.112547908, 3.33994311e-005, 0.993646299, -1.52633171e-005, -0.999999999, 3.5341837e-005, 0.993646279, -1.16794293e-005, -0.112548088, 0.112548089, 5.91688317e-005, 0.993646277, -4.94588258e-006, -0.999999998, 6.01073869e-005, 0, -0, 0, 0, 0, 0, 0, 0.302498755, -0.157592041, -0.193385571, 0.162381502, 0.275335667, -0.947476185, -0.984741211, -0.0133056641, -0.172607422, -0.060200853, 0.96119354, 0.269084518, 0, 0, -0, 0, 0, 0, 0, 0.331794336, -0.102051025, -0.166113721, 0.251549239, -0.125748129, -0.95961404, 0.552368164, -0.795410156, 0.249023438, -0.794587096, -0.592684994, -0.130685978, 0, 3, 1, 1, 
299.59975, 36, 0.1, 0.1, 0.0342850179, 0.357428629, -0.0199584327, 0.993646329, -1.5176007e-005, -0.112547648, 0.112547648, 1.58574761e-005, 0.993646329, -1.3294862e-005, -1, 1.74647468e-005, 0.993646327, 1.22651612e-005, -0.112547668, 0.112547668, -1.04055452e-005, 0.993646327, 1.10161125e-005, -1, -1.1719847e-005, 0, -0, 0, 0, 0, 0, 0, 0.302498755, -0.157592041, -0.193385571, 0.162381502, 0.275335667, -0.947476185, -0.984741211, -0.0133056641, -0.172607422, -0.060200853, 0.96119354, 0.269084518, 0, 0, -0, 0, 0, 0, 0, 0.332490186, -0.1011646, -0.166705713, 0.251549239, -0.125748129, -0.95961404, 0.552368164, -0.795410156, 0.249023438, -0.794587096, -0.592684994, -0.130685978, 0, 3, 1, 1, 
299.600537, 36, 0.1, 0.1, 0.0342850171, 0.357428629, -0.019956398, 0.993646357, 5.52463084e-006, -0.112547403, 0.112547403, -4.1098061e-005, 0.993646356, 8.64049265e-007, -0.999999999, -4.14587214e-005, 0.993646346, 1.35373363e-005, -0.112547499, 0.112547499, -2.41322013e-005, 0.993646345, 1.07353058e-005, -1, -2.55024669e-005, 0, -0, 0, 0, 0, 0, 0, 0.302498755, -0.157592041, -0.193385571, 0.162381502, 0.275335667, -0.947476185, -0.984741211, -0.0133056641, -0.172607422, -0.060200853, 0.96119354, 0.269084518, 0, 0, -0, 0, 0, 0, 0, 0.332490186, -0.1011646, -0.166705713, 0.251549239, -0.125748129, -0.95961404, 0.552368164, -0.795410156, 0.249023438, -0.794587096, -0.592684994, -0.130685978, 0, 3, 1, 1, 
299.601335, 36, 0.1, 0.1, 0.0342850142, 0.357428628, -0.0199575228, 0.993646454, 5.63804665e-006, -0.112546543, 0.112546543, 2.13561137e-005, 0.993646454, 8.00578183e-006, -1, 2.0585884e-005, 0.993646431, -1.77139347e-006, -0.11254675, 0.11254675, 2.17280246e-005, 0.99364643, 6.85279764e-007, -1, 2.17893387e-005, 0, -0, 0, 0, 0, 0, 0, 0.304074023, -0.156149536, -0.19304502, 0.162830449, 0.281833204, -0.945537749, -0.98449707, -0.0153808594, -0.174072266, -0.0636089415, 0.959299288, 0.275080689, 0, 0, -0, 0, 0, 0, 0, 0.332490186, -0.1011646, -0.166705713, 0.251549239, -0.125748129, -0.95961404, 0.552368164, -0.795410156, 0.249023438, -0.794587096, -0.592684994, -0.130685978, 0, 3, 1, 1, 
299.60212, 36, 0.1, 0.1, 0.0342850119, 0.357428622, -0.0199611361, 0.993646568, 2.27981928e-006, -0.112545534, 0.112545534, -2.21361628e-005, 0.993646568, -2.25991673e-007, -1, -2.22521057e-005, 0.993646548, -1.57862193e-005, -0.112545714, 0.112545714, -3.98362283e-005, 0.993646547, -2.0169319e-005, -0.999999999, -3.78064594e-005, 0, -0, 0, 0, 0, 0, 0, 0.304074023, -0.156149536, -0.19304502, 0.162830449, 0.281833204, -0.945537749, -0.98449707, -0.0153808594, -0.174072266, -0.0636089415, 0.959299288, 0.275080689, 0, 0, -0, 0, 0, 0, 0, 0.332490186, -0.1011646, -0.166705713, 0.251549239, -0.125748129, -0.95961404, 0.552368164, -0.795410156, 0.249023438, -0.794587096, -0.592684994, -0.130685978, 0, 3, 1, 1, 
299.602903, 36, 0.1, 0.1, 0.0342850207, 0.357428626, -0.0199660135, 0.993646662, 2.16326888e-005, -0.112544704, 0.112544704, -3.61838669e-006, 0.993646662, 2.10880187e-005, -1, -6.03004242e-006, 0.993646644, 4.13612339e-005, -0.112544859, 0.112544858, 1.93147675e-005, 0.993646645, 4.32722291e-005, -0.999999999, 1.45370598e-005, 0, -0, 0, 0, 0, 0, 0, 0.304074023, -0.156149536, -0.19304502, 0.162830449, 0.281833204, -0.945537749, -0.98449707, -0.0153808594, -0.174072266, -0.0636089415, 0.959299288, 0.275080689, 0, 0, -0, 0, 0, 0, 0, 0.332490186, -0.1011646, -0.166705713, 0.251549239, -0.125748129, -0.95961404, 0.552368164, -0.795410156, 0.249023438, -0.794587096, -0.592684994, -0.130685978, 0, 3, 1, 1, 
299.603722, 36, 0.1, 0.1, 0.0342850141, 0.357428624, -0.0199704988, 0.993646797, -2.14876356e-005, -0.112543515, 0.112543515, -5.87723389e-006, 0.993646797, -2.20125649e-005, -1, -3.42160058e-006, 0.993646766, -3.8109429e-005, -0.112543784, 0.112543784, 5.30529312e-007, 0.993646767, -3.78076031e-005, -0.999999999, 4.81613808e-006, 0, -0, 0, 0, 0, 0, 0, 0.303672876, -0.158334473, -0.194913232, 0.150236393, 0.282778647, -0.947281859, -0.986938477, -0.0125732422, -0.160400391, -0.0572885212, 0.959025953, 0.277334399, 0, 0, -0, 0, 0, 0, 0, 0.332490186, -0.1011646, -0.166705713, 0.249696499, -0.119946738, -0.960821859, 0.555053711, -0.795288086, 0.243530273, -0.793308915, -0.59416187, -0.132040352, 0, 3, 1, 1, 
299.604505, 36, 0.1, 0.1, 0.0342850158, 0.357428625, -0.0199726318, 0.993646898, -5.83869927e-006, -0.112542625, 0.112542625, -1.01929913e-005, 0.993646898, -6.94875142e-006, -1, -9.47113166e-006, 0.993646879, 9.2320725e-006, -0.112542787, 0.112542787, 8.00246789e-006, 0.993646879, 1.00740401e-005, -1, 6.91262409e-006, 0, -0, 0, 0, 0, 0, 0, 0.303672876, -0.158334473, -0.194913232, 0.150236393, 0.282778647, -0.947281859, -0.986938477, -0.0125732422, -0.160400391, -0.0572885212, 0.959025953, 0.277334399, 0, 0, -0, 0, 0, 0, 0, 0.332840967, -0.101704785, -0.167260596, 0.249696499, -0.119946738, -0.960821859, 0.555053711, -0.795288086, 0.243530273, -0.793308915, -0.59416187, -0.132040352, 0, 3, 1, 1, 
299.605286, 36, 0.1, 0.1, 0.0342850148, 0.357428624, -0.0199723863, 0.993646984, -5.09086054e-006, -0.112541868, 0.112541868, -2.20227097e-006, 0.993646984, -5.30636591e-006, -1, -1.61534496e-006, 0.993646968, 1.63196517e-006, -0.112542008, 0.112542008, 4.8939464e-006, 0.993646968, 2.1723718e-006, -1, 4.67919036e-006, 0, -0, 0, 0, 0, 0, 0, 0.303672876, -0.158334473, -0.194913232, 0.150236393, 0.282778647, -0.947281859, -0.986938477, -0.0125732422, -0.160400391, -0.0572885212, 0.959025953, 0.277334399, 0, 0, -0, 0, 0, 0, 0, 0.332840967, -0.101704785, -0.167260596, 0.249696499, -0.119946738, -0.960821859, 0.555053711, -0.795288086, 0.243530273, -0.793308915, -0.59416187, -0.132040352, 0, 3, 1, 1, 
299.60607, 36, 0.1, 0.1, 0.034285015, 0.357428625, -0.0199700123, 0.993647056, -1.80438837e-005, -0.112541227, 0.112541228, 1.30063351e-005, 0.993647056, -1.6465503e-005, -1, 1.49543874e-005, 0.993647045, 6.29853842e-007, -0.112541325, 0.112541325, 1.28771434e-005, 0.993647045, 2.07506319e-006, -1, 1.27244509e-005, 0, -0, 0, 0, 0, 0, 0, 0.303672876, -0.158334473, -0.194913232, 0.150236393, 0.282778647, -0.947281859, -0.986938477, -0.0125732422, -0.160400391, -0.0572885212, 0.959025953, 0.277334399, 0, 0, -0, 0, 0, 0, 0, 0.332840967, -0.101704785, -0.167260596, 0.249696499, -0.119946738, -0.960821859, 0.555053711, -0.795288086, 0.243530273, -0.793308915, -0.59416187, -0.132040352, 0, 3, 1, 1, 
299.606855, 36, 0.1, 0.1, 0.034285016, 0.357428624, -0.0199664351, 0.993647074, 3.65966459e-005, -0.112541062, 0.112541062, 7.5242378e-006, 0.993647075, 3.72109359e-005, -0.999999999, 3.3578115e-006, 0.993647077, 2.55600902e-005, -0.11254104, 0.11254104, -1.0274988e-005, 0.993647077, 2.42413511e-005, -1, -1.3086271e-005, 0, -0, 0, 0, 0, 0, 0, 0.303672876, -0.158334473, -0.194913232, 0.150236393, 0.282778647, -0.947281859, -0.986938477, -0.0125732422, -0.160400391, -0.0572885212, 0.959025953, 0.277334399, 0, 0, -0, 0, 0, 0, 0, 0.332840967, -0.101704785, -0.167260596, 0.249696499, -0.119946738, -0.960821859, 0.555053711, -0.795288086, 0.243530273, -0.793308915, -0.59416187, -0.132040352, 0, 3, 1, 1, 
299.607636, 36, 0.1, 0.1, 0.0342850178, 0.357428625, -0.0199629834, 0.993647061, -1.02012113e-005, -0.112541181, 0.112541181, 9.56035806e-007, 0.993647061, -1.00288102e-005, -1, 2.09801854e-006, 0.993647064, -1.16554964e-005, -0.112541156, 0.112541156, -4.36904672e-006, 0.993647064, -1.20731473e-005, -1, -3.0295674e-006, 0, -0, 0, 0, 0, 0, 0, 0.303672876, -0.158334473, -0.194913232, 0.150236393, 0.282778647, -0.947281859, -0.986938477, -0.0125732422, -0.160400391, -0.0572885212, 0.959025953, 0.277334399, 0, 0, -0, 0, 0, 0, 0, 0.332840967, -0.101704785, -0.167260596, 0.249696499, -0.119946738, -0.960821859, 0.555053711, -0.795288086, 0.243530273, -0.793308915, -0.59416187, -0.132040352, 0, 3, 1, 1, 
299.608445, 36, 0.1, 0.1, 0.0342850184, 0.357428627, -0.0199605532, 0.993647049, 1.11825646e-005, -0.112541293, 0.112541293, 1.20000004e-005, 0.993647049, 1.24620178e-005, -1, 1.06652647e-005, 0.993647051, -6.27656309e-006, -0.112541275, 0.112541275, 2.14161026e-005, 0.993647051, -3.82649291e-006, -1, 2.19864196e-005, 0, -0, 0, 0, 0, 0, 0, 0.302980005, -0.159798071, -0.194619702, 0.13666844, 0.280304019, -0.950132416, -0.988891602, -0.0167236328, -0.147216797, -0.0571170396, 0.959788671, 0.274943269, 0, 0, -0, 0, 0, 0, 0, 0.332840967, -0.101704785, -0.167260596, 0.248150361, -0.113410375, -0.962049002, 0.556762695, -0.795898437, 0.237548828, -0.792612221, -0.594456812, -0.134378699, 0, 3, 1, 1, 
299.609227, 36, 0.1, 0.1, 0.0342850205, 0.357428626, -0.0199598082, 0.993647067, 1.2996034e-005, -0.112541127, 0.112541127, 1.19339603e-005, 0.993647067, 1.42565324e-005, -1, 1.03955564e-005, 0.993647063, 1.37878428e-005, -0.112541164, 0.112541164, 6.39582956e-006, 0.993647063, 1.44200437e-005, -1, 4.80349738e-006, 0, -0, 0, 0, 0, 0, 0, 0.302980005, -0.159798071, -0.194619702, 0.13666844, 0.280304019, -0.950132416, -0.988891602, -0.0167236328, -0.147216797, -0.0571170396, 0.959788671, 0.274943269, 0, 0, -0, 0, 0, 0, 0, 0.332530078, -0.101948242, -0.167614209, 0.248150361, -0.113410375, -0.962049002, 0.556762695, -0.795898437, 0.237548828, -0.792612221, -0.594456812, -0.134378699, 0, 3, 1, 1, 
299.610014, 36, 0.1, 0.1, 0.0342850221, 0.357428623, -0.0199610622, 0.993647063, -6.91158201e-007, -0.112541167, 0.112541167, 2.0951796e-006, 0.993647063, -4.50973358e-007, -1, 2.15965281e-006, 0.993647067, 1.55400903e-005, -0.112541135, 0.112541135, -1.74570893e-005, 0.993647066, 1.34767245e-005, -1, -1.9095085e-005, 0, -0, 0, 0, 0, 0, 0, 0.302980005, -0.159798071, -0.194619702, 0.13666844, 0.280304019, -0.950132416, -0.988891602, -0.0167236328, -0.147216797, -0.0571170396, 0.959788671, 0.274943269, 0, 0, -0, 0, 0, 0, 0, 0.332530078, -0.101948242, -0.167614209, 0.248150361, -0.113410375, -0.962049002, 0.556762695, -0.795898437, 0.237548828, -0.792612221, -0.594456812, -0.134378699, 0, 3, 1, 1, 
299.610797, 36, 0.1, 0.1, 0.034285023, 0.357428621, -0.0199637651, 0.993647065, -1.72819214e-006, -0.112541149, 0.112541149, -1.32758499e-005, 0.993647065, -3.21129244e-006, -1, -1.29970166e-005, 0.993647061, -2.76203592e-007, -0.112541181, 0.112541181, -2.12225236e-005, 0.993647061, -2.66285676e-006, -1, -2.10566139e-005, 0, -0, 0, 0, 0, 0, 0, 0.302980005, -0.159798071, -0.194619702, 0.13666844, 0.280304019, -0.950132416, -0.988891602, -0.0167236328, -0.147216797, -0.0571170396, 0.959788671, 0.274943269, 0, 0, -0, 0, 0, 0, 0, 0.332530078, -0.101948242, -0.167614209, 0.248150361, -0.113410375, -0.962049002, 0.556762695, -0.795898437, 0.237548828, -0.792612221, -0.594456812, -0.134378699, 0, 3, 1, 1, 
299.611593, 36, 0.1, 0.1, 0.0342850234, 0.357428622, -0.0199668542, 0.993647075, 5.78813162e-006, -0.112541064, 0.112541064, -1.09441241e-005, 0.993647075, 4.51969669e-006, -1, -1.15259993e-005, 0.993647076, -5.50655424e-006, -0.11254105, 0.11254105, -7.91499293e-006, 0.993647076, -6.36233314e-006, -1, -7.24499618e-006, 0, -0, 0, 0, 0, 0, 0, 0.302980005, -0.159798071, -0.194619702, 0.13666844, 0.280304019, -0.950132416, -0.988891602, -0.0167236328, -0.147216797, -0.0571170396, 0.959788671, 0.274943269, 0, 0, -0, 0, 0, 0, 0, 0.332433154, -0.103519092, -0.167452979, 0.247223624, -0.110981976, -0.962502892, 0.5546875, -0.798217773, 0.23449707, -0.79430528, -0.591869465, -0.135899317, 0, 3, 1, 1, 
299.612372, 36, 0.1, 0.1, 0.0342850228, 0.357428624, -0.0199692681, 0.993647065, 8.06158527e-007, -0.112541148, 0.112541148, -9.35309695e-007, 0.993647065, 6.95776228e-007, -1, -1.02009374e-006, 0.993647065, -8.72488734e-008, -0.11254115, 0.11254115, 1.48734383e-005, 0.993647065, 1.58717926e-006, -1, 1.47887674e-005, 0, -0, 0, 0, 0, 0, 0, 0.302980005, -0.159798071, -0.194619702, 0.13666844, 0.280304019, -0.950132416, -0.988891602, -0.0167236328, -0.147216797, -0.0571170396, 0.959788671, 0.274943269, 0, 0, -0, 0, 0, 0, 0, 0.332433154, -0.103519092, -0.167452979, 0.247223624, -0.110981976, -0.962502892, 0.5546875, -0.798217773, 0.23449707, -0.79430528, -0.591869465, -0.135899317, 0, 3, 1, 1, 
299.613156, 36, 0.1, 0.1, 0.034285024, 0.357428624, -0.0199704031, 0.993647078, 2.82331663e-005, -0.11254103, 0.11254103, 3.22363585e-007, 0.993647079, 2.80900823e-005, -1, -2.85707397e-006, 0.993647075, 1.9236892e-005, -0.112541058, 0.112541058, 3.57220658e-006, 0.993647075, 1.95167014e-005, -1, 1.38457244e-006, 0, -0, 0, 0, 0, 0, 0, 0.302980005, -0.159798071, -0.194619702, 0.13666844, 0.280304019, -0.950132416, -0.988891602, -0.0167236328, -0.147216797, -0.0571170396, 0.959788671, 0.274943269, 0, 0, -0, 0, 0, 0, 0, 0.332433154, -0.103519092, -0.167452979, 0.247223624, -0.110981976, -0.962502892, 0.5546875, -0.798217773, 0.23449707, -0.79430528, -0.591869465, -0.135899317, 0, 3, 1, 1, 
299.614021, 36, 0.1, 0.1, 0.0342850223, 0.357428623, -0.0199693585, 0.993647088, -2.52068257e-005, -0.11254094, 0.11254094, -1.86632127e-005, 0.993647089, -2.71470644e-005, -1, -1.57078471e-005, 0.993647089, -2.76554966e-005, -0.112540935, 0.112540935, -2.74914321e-006, 0.993647089, -2.77891948e-005, -1, 3.80697306e-007, 0, -0, 0, 0, 0, 0, 0, 0.301826099, -0.1599854, -0.195317139, 0.1185369, 0.285475314, -0.950999232, -0.991088867, -0.0224609375, -0.130371094, -0.0584474114, 0.958104475, 0.280395012, 0, 0, -0, 0, 0, 0, 0, 0.332433154, -0.103519092, -0.167452979, 0.247223624, -0.110981976, -0.962502892, 0.5546875, -0.798217773, 0.23449707, -0.79430528, -0.591869465, -0.135899317, 0, 3, 1, 1, 
299.61491, 36, 0.1, 0.1, 0.0342850248, 0.357428625, -0.0199650762, 0.993647047, 4.08347267e-006, -0.11254131, 0.11254131, 1.69971898e-005, 0.993647047, 5.97041655e-006, -1, 1.64296481e-005, 0.993647058, 1.85174067e-005, -0.112541213, 0.112541212, 2.46287615e-005, 0.993647058, 2.11715174e-005, -1, 2.2388325e-005, 0, -0, 0, 0, 0, 0, 0, 0.301826099, -0.1599854, -0.195317139, 0.1185369, 0.285475314, -0.950999232, -0.991088867, -0.0224609375, -0.130371094, -0.0584474114, 0.958104475, 0.280395012, 0, 0, -0, 0, 0, 0, 0, 0.332433154, -0.103519092, -0.167452979, 0.247223624, -0.110981976, -0.962502892, 0.5546875, -0.798217773, 0.23449707, -0.79430528, -0.591869465, -0.135899317, 0, 3, 1, 1, 
299.61569, 36, 0.1, 0.1, 0.0342850205, 0.357428626, -0.0199615048, 0.993647002, 7.51609674e-006, -0.112541709, 0.112541708, 2.56109713e-005, 0.993647001, 1.03506495e-005, -1, 2.46023905e-005, 0.993647006, -1.95170141e-005, -0.112541669, 0.112541669, 1.73164322e-005, 0.993647006, -1.74442025e-005, -1, 1.94028983e-005, 0, -0, 0, 0, 0, 0, 0, 0.301826099, -0.1599854, -0.195317139, 0.1185369, 0.285475314, -0.950999232, -0.991088867, -0.0224609375, -0.130371094, -0.0584474114, 0.958104475, 0.280395012, 0, 0, -0, 0, 0, 0, 0, 0.332433154, -0.103519092, -0.167452979, 0.247223624, -0.110981976, -0.962502892, 0.5546875, -0.798217773, 0.23449707, -0.79430528, -0.591869465, -0.135899317, 0, 3, 1, 1, 
299.616504, 36, 0.1, 0.1, 0.0342850197, 0.357428626, -0.019959427, 0.993647024, -4.14833988e-005, -0.112541507, 0.112541507, 1.23754749e-005, 0.993647024, -3.98271012e-005, -0.999999999, 1.6965458e-005, 0.993647012, -2.49226846e-005, -0.112541614, 0.112541614, -8.47090964e-006, 0.993647012, -2.57176809e-005, -1, -5.61225491e-006, 0, -0, 0, 0, 0, 0, 0, 0.302079517, -0.158416675, -0.196140527, 0.102147225, 0.294510758, -0.950144781, -0.992431641, -0.0339355469, -0.1171875, -0.0667276323, 0.955066706, 0.288911116, 0, 0, -0, 0, 0, 0, 0, 0.332433154, -0.103519092, -0.167452979, 0.2465849, -0.105908995, -0.963282707, 0.557128906, -0.797851562, 0.23034668, -0.7928995, -0.5934229, -0.13782242, 0, 3, 1, 1, 
299.617289, 36, 0.1, 0.1, 0.0342850201, 0.357428626, -0.0199593158, 0.993647085, 2.85063221e-005, -0.112540965, 0.112540965, -5.4640278e-006, 0.993647086, 2.77102969e-005, -1, -8.6374443e-006, 0.993647075, 2.89378184e-005, -0.11254106, 0.112541061, -1.2146291e-005, 0.993647075, 2.73870221e-005, -1, -1.53258193e-005, 0, -0, 0, 0, 0, 0, 0, 0.302079517, -0.158416675, -0.196140527, 0.102147225, 0.294510758, -0.950144781, -0.992431641, -0.0339355469, -0.1171875, -0.0667276323, 0.955066706, 0.288911116, 0, 0, -0, 0, 0, 0, 0, 0.332420459, -0.102546387, -0.16754502, 0.2465849, -0.105908995, -0.963282707, 0.557128906, -0.797851562, 0.23034668, -0.7928995, -0.5934229, -0.13782242, 0, 3, 1, 1, 
299.61807, 36, 0.1, 0.1, 0.0342850174, 0.357428626, -0.0199613548, 0.993647102, -7.29397274e-006, -0.112540825, 0.112540825, -2.14611868e-005, 0.993647101, -9.66289454e-006, -1, -2.05039763e-005, 0.993647104, -2.35281841e-005, -0.112540802, 0.112540802, -1.58789769e-005, 0.993647104, -2.51657448e-005, -1, -1.31302187e-005, 0, -0, 0, 0, 0, 0, 0, 0.302079517, -0.158416675, -0.196140527, 0.102147225, 0.294510758, -0.950144781, -0.992431641, -0.0339355469, -0.1171875, -0.0667276323, 0.955066706, 0.288911116, 0, 0, -0, 0, 0, 0, 0, 0.332420459, -0.102546387, -0.16754502, 0.2465849, -0.105908995, -0.963282707, 0.557128906, -0.797851562, 0.23034668, -0.7928995, -0.5934229, -0.13782242, 0, 3, 1, 1, 
299.618853, 36, 0.1, 0.1, 0.0342850216, 0.357428626, -0.0199647413, 0.993647056, -6.42237955e-006, -0.112541226, 0.112541226, -1.56454302e-005, 0.993647056, -8.14233443e-006, -1, -1.48232532e-005, 0.993647067, 1.69093508e-005, -0.11254113, 0.112541129, 5.7865988e-006, 0.993647067, 1.74531572e-005, -1, 3.84683949e-006, 0, -0, 0, 0, 0, 0, 0, 0.302079517, -0.158416675, -0.196140527, 0.102147225, 0.294510758, -0.950144781, -0.992431641, -0.0339355469, -0.1171875, -0.0667276323, 0.955066706, 0.288911116, 0, 0, -0, 0, 0, 0, 0, 0.332420459, -0.102546387, -0.16754502, 0.2465849, -0.105908995, -0.963282707, 0.557128906, -0.797851562, 0.23034668, -0.7928995, -0.5934229, -0.13782242, 0, 3, 1, 1, 
299.619634, 36, 0.1, 0.1, 0.0342850212, 0.357428625, -0.0199682216, 0.993647023, 2.37215496e-005, -0.112541513, 0.112541513, 4.42655325e-006, 0.993647024, 2.40690182e-005, -1, 1.72877238e-006, 0.993647026, 1.26651652e-005, -0.112541495, 0.112541495, 8.99565371e-006, 0.993647026, 1.3597088e-005, -1, 7.51314793e-006, 0, -0, 0, 0, 0, 0, 0, 0.302079517, -0.158416675, -0.196140527, 0.102147225, 0.294510758, -0.950144781, -0.992431641, -0.0339355469, -0.1171875, -0.0667276323, 0.955066706, 0.288911116, 0, 0, -0, 0, 0, 0, 0, 0.332420459, -0.102546387, -0.16754502, 0.2465849, -0.105908995, -0.963282707, 0.557128906, -0.797851562, 0.23034668, -0.7928995, -0.5934229, -0.13782242, 0, 3, 1, 1, 
299.620411, 36, 0.1, 0.1, 0.0342850206, 0.357428624, -0.0199707175, 0.993647044, -2.23912158e-005, -0.112541335, 0.112541336, 6.68441048e-006, 0.993647044, -2.14966929e-005, -1, 9.16188203e-006, 0.993647036, -2.19730347e-005, -0.112541402, 0.112541402, 9.34676392e-007, 0.993647036, -2.1728251e-005, -1, 3.40161456e-006, 0, -0, 0, 0, 0, 0, 0, 0.302079517, -0.158416675, -0.196140527, 0.102147225, 0.294510758, -0.950144781, -0.992431641, -0.0339355469, -0.1171875, -0.0667276323, 0.955066706, 0.288911116, 0, 0, -0, 0, 0, 0, 0, 0.332420459, -0.102546387, -0.16754502, 0.2465849, -0.105908995, -0.963282707, 0.557128906, -0.797851562, 0.23034668, -0.7928995, -0.5934229, -0.13782242, 0, 3, 1, 1, 
299.621206, 36, 0.1, 0.1, 0.0342850225, 0.357428623, -0.0199714544, 0.993647083, 4.04923513e-006, -0.112540992, 0.112540992, 1.05921549e-005, 0.993647083, 5.2155623e-006, -1, 1.00691589e-005, 0.993647076, 1.8332166e-005, -0.112541052, 0.112541053, -4.81330064e-006, 0.993647076, 1.76740092e-005, -1, -6.84584336e-006, 0, -0, 0, 0, 0, 0, 0, 0.302079517, -0.158416675, -0.196140527, 0.0868842155, 0.307067744, -0.947701614, -0.993774414, -0.0382080078, -0.103515625, -0.0678943751, 0.95085322, 0.301995677, 0, 0, -0, 0, 0, 0, 0, 0.332420459, -0.102546387, -0.16754502, 0.2465849, -0.105908995, -0.963282707, 0.557128906, -0.797851562, 0.23034668, -0.7928995, -0.5934229, -0.13782242, 0, 3, 1, 1, 
299.622002, 36, 0.1, 0.1, 0.0342850194, 0.357428623, -0.0199699796, 0.993647078, 1.06606851e-005, -0.112541031, 0.112541031, -2.56711035e-006, 0.993647078, 1.03040534e-005, -1, -3.75056619e-006, 0.993647083, -1.08787013e-005, -0.112540989, 0.112540989, -1.14537551e-005, 0.993647083, -1.20986068e-005, -1, -1.01566905e-005, 0, -0, 0, 0, 0, 0, 0, 0.301742432, -0.1568948, -0.197761792, 0.0868842155, 0.307067744, -0.947701614, -0.993774414, -0.0382080078, -0.103515625, -0.0678943751, 0.95085322, 0.301995677, 0, 0, -0, 0, 0, 0, 0, 0.3323229, -0.101419531, -0.169169482, 0.240911474, -0.101053664, -0.965205443, 0.563232422, -0.795288086, 0.223876953, -0.790304491, -0.597576807, -0.134710454, 0, 3, 1, 1, 
299.622784, 36, 0.1, 0.1, 0.0342850198, 0.357428625, -0.0199672654, 0.993647034, -2.40081608e-005, -0.11254142, 0.11254142, -1.32349015e-005, 0.993647034, -2.53451124e-005, -1, -1.04489081e-005, 0.993647043, -1.43446902e-005, -0.112541343, 0.112541343, -6.73164407e-006, 0.993647043, -1.50111472e-005, -1, -5.07450753e-006, 0, -0, 0, 0, 0, 0, 0, 0.301742432, -0.1568948, -0.197761792, 0.0868842155, 0.307067744, -0.947701614, -0.993774414, -0.0382080078, -0.103515625, -0.0678943751, 0.95085322, 0.301995677, 0, 0, -0, 0, 0, 0, 0, 0.3323229, -0.101419531, -0.169169482, 0.240911474, -0.101053664, -0.965205443, 0.563232422, -0.795288086, 0.223876953, -0.790304491, -0.597576807, -0.134710454, 0, 3, 1, 1, 
