time, trialNum, realDorsalTactorPos, realVentralTactorPos, boxPosX, boxPosY, boxPosZ, boxLocalRot_11, boxLocalRot_12, boxLocalRot_13, boxLocalRot_21, boxLocalRot_22, boxLocalRot_23, boxLocalRot_31, boxLocalRot_32, boxLocalRot_33, boxGlobalRot_11, boxGlobalRot_12, boxGlobalRot_13, boxGlobalRot_21, boxGlobalRot_22, boxGlobalRot_23, boxGlobalRot_31, boxGlobalRot_32, boxGlobalRot_33, indexForceX, indexForceY, indexForceZ, indexForceGlobalX, indexForceGlobalY, indexForceGlobalZ, indexContact, indexPosX, indexPosY, indexPosZ, indexRot_11, indexRot_12, indexRot_13, indexRot_21, indexRot_22, indexRot_23, indexRot_31, indexRot_32, indexRot_33, thumbForceX, thumbForceY, thumbForceZ, thumbForceGlobalX, thumbForceGlobalY, thumbForceGlobalZ, thumbContact, thumbPosX, thumbPosY, thumbPosZ, thumbRot_11, thumbRot_12, thumbRot_13, thumbRot_21, thumbRot_22, thumbRot_23, thumbRot_31, thumbRot_32, thumbRot_33, manipForceTooHigh, cceExpType, mapping, trialSuccess, 
976.61076, 67, 0.1, 0.1, 0.225, -0.11500002, -0.0199764784, 0.70710678, -0.707106783, -7.64426391e-007, 0.707106782, 0.707106779, 4.07028677e-005, -2.82407428e-005, -2.93218048e-005, 0.999999999, 0.70710678, -0.707106782, -7.77279238e-007, 0.707106781, 0.707106779, 5.37058353e-005, -3.7426141e-005, -3.85253797e-005, 0.999999999, 0, 0, 0, 0, 0, 0, 0, 0.205045288, -0.119105518, -0.123837183, -0.477515198, 0.875617926, -0.0720378487, -0.46875, -0.184448242, 0.863769531, 0.743151015, 0.446152778, 0.498732671, 0, 0, -0, 0, 0, 0, 0, 0.253459326, -0.105177881, -0.12621333, -0.474006601, 0.445209907, -0.759687863, 0.678833008, -0.364624023, -0.637207031, -0.560798003, -0.817683459, -0.129311724, 1, 3, 5, 0, 
976.61147, 67, 0.1, 0.1, 0.225, -0.115000014, -0.0199628677, 0.707106782, -0.707106781, -2.50590484e-007, 0.70710678, 0.707106781, -3.60447037e-005, 2.56646486e-005, 2.53102602e-005, 0.999999999, 0.70710678, -0.707106782, 6.05213492e-007, 0.707106781, 0.70710678, -4.90056502e-005, 3.4224277e-005, 3.50801781e-005, 0.999999999, 0, 0, 0, 0, 0, 0, 0, 0.205045288, -0.119105518, -0.123837183, -0.479686534, 0.874210431, -0.0740683989, -0.469604492, -0.184448242, 0.86328125, 0.741146674, 0.448971134, 0.499177871, 0, 0, -0, 0, 0, 0, 0, 0.253459326, -0.105177881, -0.12621333, -0.474006601, 0.445209907, -0.759687863, 0.678833008, -0.364624023, -0.637207031, -0.560798003, -0.817683459, -0.129311724, 1, 3, 5, 0, 
976.612174, 67, 0.1, 0.1, 0.225, -0.115000023, -0.0199524655, 0.707106793, -0.707106769, 9.2146476e-007, 0.707106768, 0.707106792, 5.41259985e-005, -3.89244339e-005, -3.76212872e-005, 0.999999999, 0.70710679, -0.707106773, 6.99344345e-007, 0.707106771, 0.707106788, 7.233704e-005, -5.1644522e-005, -5.0655501e-005, 0.999999997, 0, 0, 0, 0, 0, 0, 0, 0.205597949, -0.11894563, -0.123046631, -0.479686534, 0.874210431, -0.0740683989, -0.469604492, -0.184448242, 0.86328125, 0.741146674, 0.448971134, 0.499177871, 0, 0, -0, 0, 0, 0, 0, 0.254194238, -0.105310938, -0.125394824, -0.47339303, 0.443452682, -0.760965678, 0.680175781, -0.364868164, -0.635742187, -0.559628829, -0.818481864, -0.128832314, 1, 3, 5, 0, 
976.612862, 67, 0.1, 0.1, 0.225, -0.115000012, -0.019948186, 0.707106802, -0.707106761, 5.73319617e-007, 0.707106759, 0.707106799, -7.73189305e-005, 5.42673403e-005, 5.50781399e-005, 0.999999997, 0.7071068, -0.707106762, 7.77772093e-007, 0.707106759, 0.707106798, -9.05063799e-005, 6.34477053e-005, 6.45476446e-005, 0.999999996, 0, 0, 0, 0, 0, 0, 0, 0.205597949, -0.11894563, -0.123046631, -0.479686534, 0.874210431, -0.0740683989, -0.469604492, -0.184448242, 0.86328125, 0.741146674, 0.448971134, 0.499177871, 0, 0, -0, 0, 0, 0, 0, 0.254194238, -0.105310938, -0.125394824, -0.47339303, 0.443452682, -0.760965678, 0.680175781, -0.364868164, -0.635742187, -0.559628829, -0.818481864, -0.128832314, 1, 3, 5, 0, 
976.613555, 67, 0.1, 0.1, 0.225, -0.115000016, -0.0199504426, 0.707106815, -0.707106747, -2.20867486e-007, 0.707106746, 0.707106814, 4.72185561e-005, -3.32323827e-005, -3.35447397e-005, 0.999999999, 0.707106812, -0.707106751, -1.24162766e-006, 0.707106749, 0.70710681, 5.99822622e-005, -4.15358992e-005, -4.32918295e-005, 0.999999998, 0, 0, 0, 0, 0, 0, 0, 0.205597949, -0.11894563, -0.123046631, -0.479686534, 0.874210431, -0.0740683989, -0.469604492, -0.184448242, 0.86328125, 0.741146674, 0.448971134, 0.499177871, 0, 0, -0, 0, 0, 0, 0, 0.254194238, -0.105310938, -0.125394824, -0.47339303, 0.443452682, -0.760965678, 0.680175781, -0.364868164, -0.635742187, -0.559628829, -0.818481864, -0.128832314, 1, 3, 5, 0, 
976.614248, 67, 0.1, 0.1, 0.225, -0.115000006, -0.0199581512, 0.707106843, -0.707106719, 1.96119494e-006, 0.707106717, 0.707106841, -7.21243958e-005, 4.96128705e-005, 5.2386428e-005, 0.999999997, 0.707106837, -0.707106725, 3.15633872e-006, 0.707106723, 0.707106834, -8.11451603e-005, 5.51464199e-005, 5.9610166e-005, 0.999999997, 0, 0, 0, 0, 0, 0, 0, 0.205597949, -0.11894563, -0.123046631, -0.479686534, 0.874210431, -0.0740683989, -0.469604492, -0.184448242, 0.86328125, 0.741146674, 0.448971134, 0.499177871, 0, 0, -0, 0, 0, 0, 0, 0.254194238, -0.105310938, -0.125394824, -0.47339303, 0.443452682, -0.760965678, 0.680175781, -0.364868164, -0.635742187, -0.559628829, -0.818481864, -0.128832314, 1, 3, 5, 0, 
976.614949, 67, 0.1, 0.1, 0.224999997, -0.115000011, -0.0199684076, 0.707107037, -0.707106524, 3.59205272e-005, 0.707106521, 0.707107038, 7.21571375e-005, -7.64224403e-005, -2.56231807e-005, 0.999999997, 0.707106968, -0.707106594, 2.47974012e-005, 0.707106591, 0.707106968, 6.32023854e-005, -6.22252386e-005, -2.71564413e-005, 0.999999998, 0, 0, 0, 0, 0, 0, 0, 0.205597949, -0.11894563, -0.123046631, -0.479686534, 0.874210431, -0.0740683989, -0.469604492, -0.184448242, 0.86328125, 0.741146674, 0.448971134, 0.499177871, 0, 0, -0, 0, 0, 0, 0, 0.254735693, -0.105648926, -0.124606348, -0.472268333, 0.4419255, -0.762569418, 0.681640625, -0.365234375, -0.633911133, -0.55865142, -0.819133349, -0.128755389, 1, 3, 5, 0, 
976.615634, 67, 0.1, 0.1, 0.22499999, -0.115000017, -0.0199779632, 0.707107524, -0.707106039, 9.07844249e-006, 0.707106039, 0.707107524, -2.4628466e-006, -4.67794129e-006, 8.16091886e-006, 1, 0.707107399, -0.707106162, 3.32217872e-005, 0.707106162, 0.7071074, 1.49385474e-005, -3.40545105e-005, 1.2928173e-005, 0.999999999, 0, 0, 0, 0, 0, 0, 0, 0.205597949, -0.11894563, -0.123046631, -0.479686534, 0.874210431, -0.0740683989, -0.469604492, -0.184448242, 0.86328125, 0.741146674, 0.448971134, 0.499177871, 0, 0, -0, 0, 0, 0, 0, 0.254735693, -0.105648926, -0.124606348, -0.472268333, 0.4419255, -0.762569418, 0.681640625, -0.365234375, -0.633911133, -0.55865142, -0.819133349, -0.128755389, 1, 3, 5, 0, 
976.616326, 67, 0.1, 0.1, 0.225000001, -0.115000008, -0.0199844474, 0.707108054, -0.707105505, -6.39413077e-005, 0.707105502, 0.707108057, -6.92194683e-005, 9.41588809e-005, 3.732393e-006, 0.999999996, 0.707107976, -0.707105584, -6.60612684e-005, 0.707105581, 0.707107979, -5.97712341e-005, 8.89770234e-005, -4.44757526e-006, 0.999999996, 0, 0, 0, 0, 0, 0, 0, 0.205597949, -0.11894563, -0.123046631, -0.479686534, 0.874210431, -0.0740683989, -0.469604492, -0.184448242, 0.86328125, 0.741146674, 0.448971134, 0.499177871, 0, 0, -0, 0, 0, 0, 0, 0.254735693, -0.105648926, -0.124606348, -0.472268333, 0.4419255, -0.762569418, 0.681640625, -0.365234375, -0.633911133, -0.55865142, -0.819133349, -0.128755389, 1, 3, 5, 0, 
976.617032, 67, 0.1, 0.1, 0.22500001, -0.114999997, -0.0199862799, 0.707108373, -0.707105189, -2.77828846e-005, 0.707105189, 0.707108373, -1.76552294e-005, 3.21296147e-005, -7.16126138e-006, 0.999999999, 0.707108305, -0.707105256, -4.13989617e-005, 0.707105255, 0.707108307, -3.58620947e-005, 5.46318254e-005, -3.91503836e-006, 0.999999999, 0, 0, 0, 0, 0, 0, 0, 0.205942261, -0.118999463, -0.122269629, -0.481578542, 0.873005878, -0.07635918, -0.470458984, -0.184082031, 0.862915039, 0.739345275, 0.451510163, 0.499540695, 0, 0, -0, 0, 0, 0, 0, 0.254735693, -0.105648926, -0.124606348, -0.472268333, 0.4419255, -0.762569418, 0.681640625, -0.365234375, -0.633911133, -0.55865142, -0.819133349, -0.128755389, 1, 3, 5, 0, 
976.61772, 67, 0.1, 0.1, 0.225000004, -0.115000002, -0.0199831778, 0.707108861, -0.707104699, 6.10897935e-005, 0.707104698, 0.707108864, 3.99618201e-005, -7.14543252e-005, 1.49395228e-005, 0.999999997, 0.707108767, -0.707104793, 5.4622453e-005, 0.707104793, 0.707108769, 3.35263163e-005, -6.23306344e-005, 1.49170461e-005, 0.999999998, 0, 0, 0, 0, 0, 0, 0, 0.205942261, -0.118999463, -0.122269629, -0.481578542, 0.873005878, -0.07635918, -0.470458984, -0.184082031, 0.862915039, 0.739345275, 0.451510163, 0.499540695, 0, 0, -0, 0, 0, 0, 0, 0.254735693, -0.105648926, -0.124606348, -0.472268333, 0.4419255, -0.762569418, 0.681640625, -0.365234375, -0.633911133, -0.55865142, -0.819133349, -0.128755389, 1, 3, 5, 0, 
976.618427, 67, 0.1, 0.1, 0.224999997, -0.115000008, -0.0199761915, 0.707109212, -0.707104351, 9.90198486e-006, 0.707104351, 0.707109212, 1.02481361e-006, -7.72643487e-006, 6.27708143e-006, 1, 0.707109171, -0.707104391, 2.17866954e-005, 0.707104391, 0.707109171, 2.66896201e-005, -3.42779197e-005, -3.46700717e-006, 0.999999999, 0, 0, 0, 0, 0, 0, 0, 0.205942261, -0.118999463, -0.122269629, -0.481578542, 0.873005878, -0.07635918, -0.470458984, -0.184082031, 0.862915039, 0.739345275, 0.451510163, 0.499540695, 0, 0, -0, 0, 0, 0, 0, 0.254735693, -0.105648926, -0.124606348, -0.472268333, 0.4419255, -0.762569418, 0.681640625, -0.365234375, -0.633911133, -0.55865142, -0.819133349, -0.128755389, 1, 3, 5, 0, 
976.619112, 67, 0.1, 0.1, 0.225000006, -0.115000002, -0.0199683474, 0.707109657, -0.707103903, -4.88250206e-005, 0.707103903, 0.707109659, -3.06763265e-005, 5.62159939e-005, -1.28328359e-005, 0.999999998, 0.707109557, -0.707104003, -5.83431918e-005, 0.707104003, 0.707109559, -3.36388268e-005, 6.50411777e-005, -1.74683686e-005, 0.999999998, 0, 0, 0, 0, 0, 0, 0, 0.205942261, -0.118999463, -0.122269629, -0.481578542, 0.873005878, -0.07635918, -0.470458984, -0.184082031, 0.862915039, 0.739345275, 0.451510163, 0.499540695, 0, 0, -0, 0, 0, 0, 0, 0.254735693, -0.105648926, -0.124606348, -0.472268333, 0.4419255, -0.762569418, 0.681640625, -0.365234375, -0.633911133, -0.55865142, -0.819133349, -0.128755389, 1, 3, 5, 0, 
976.619821, 67, 0.1, 0.1, 0.225000002, -0.115000005, -0.0199613353, 0.70711002, -0.707103541, 4.80600103e-005, 0.707103538, 0.707110022, 5.94428306e-005, -7.60159509e-005, -8.0492178e-006, 0.999999997, 0.707109968, -0.707103593, 4.55929322e-005, 0.707103592, 0.707109969, 4.53693017e-005, -6.43200131e-005, 1.57840676e-007, 0.999999998, 0, 0, 0, 0, 0, 0, 0, 0.2061323, -0.119016431, -0.122000977, -0.482219571, 0.872663272, -0.075477016, -0.470092773, -0.185058594, 0.862915039, 0.739199621, 0.451688018, 0.499648158, 0, 0, -0, 0, 0, 0, 0, 0.254670996, -0.105394189, -0.124773193, -0.473252305, 0.442423866, -0.761706847, 0.681030273, -0.364501953, -0.634887695, -0.558632097, -0.819203711, -0.128787471, 1, 3, 5, 0, 
976.620512, 67, 0.1, 0.1, 0.224999998, -0.115000008, -0.0199574756, 0.707110407, -0.707103154, -3.94217661e-005, 0.707103154, 0.707110408, -1.22323314e-005, 3.65250613e-005, -1.92256463e-005, 0.999999999, 0.707110289, -0.707103273, -5.3829344e-006, 0.707103273, 0.707110289, -9.9815968e-006, 1.08643481e-005, 3.25179926e-006, 1, 0, 0, 0, 0, 0, 0, 0, 0.2061323, -0.119016431, -0.122000977, -0.482219571, 0.872663272, -0.075477016, -0.470092773, -0.185058594, 0.862915039, 0.739199621, 0.451688018, 0.499648158, 0, 0, -0, 0, 0, 0, 0, 0.254670996, -0.105394189, -0.124773193, -0.473252305, 0.442423866, -0.761706847, 0.681030273, -0.364501953, -0.634887695, -0.558632097, -0.819203711, -0.128787471, 1, 3, 5, 0, 
976.621202, 67, 0.1, 0.1, 0.225000001, -0.115000005, -0.0199576067, 0.707110961, -0.7071026, 4.03464428e-005, 0.707102601, 0.707110961, -1.27759427e-005, -1.94955097e-005, 3.75630838e-005, 0.999999999, 0.707110858, -0.707102704, 1.85996247e-005, 0.707102704, 0.707110858, -1.37155246e-005, -3.45371201e-006, 2.28502413e-005, 1, 0, 0, 0, 0, 0, 0, 0, 0.2061323, -0.119016431, -0.122000977, -0.482219571, 0.872663272, -0.075477016, -0.470092773, -0.185058594, 0.862915039, 0.739199621, 0.451688018, 0.499648158, 0, 0, -0, 0, 0, 0, 0, 0.254670996, -0.105394189, -0.124773193, -0.473252305, 0.442423866, -0.761706847, 0.681030273, -0.364501953, -0.634887695, -0.558632097, -0.819203711, -0.128787471, 1, 3, 5, 0, 
976.621887, 67, 0.1, 0.1, 0.225000002, -0.115000006, -0.0199613245, 0.707111497, -0.707102064, -4.90285122e-005, 0.707102065, 0.707111496, 3.08061561e-005, 1.28855281e-005, -5.64515494e-005, 0.999999998, 0.707111364, -0.707102198, -3.60043604e-005, 0.707102199, 0.707111364, 1.28104117e-005, 1.64008221e-005, -3.451715e-005, 0.999999999, 0, 0, 0, 0, 0, 0, 0, 0.2061323, -0.119016431, -0.122000977, -0.482219571, 0.872663272, -0.075477016, -0.470092773, -0.185058594, 0.862915039, 0.739199621, 0.451688018, 0.499648158, 0, 0, -0, 0, 0, 0, 0, 0.254670996, -0.105394189, -0.124773193, -0.473252305, 0.442423866, -0.761706847, 0.681030273, -0.364501953, -0.634887695, -0.558632097, -0.819203711, -0.128787471, 1, 3, 5, 0, 
976.622581, 67, 0.1, 0.1, 0.225000007, -0.115000011, -0.0199673169, 0.707112222, -0.70710134, 6.80341812e-006, 0.70710134, 0.707112222, -1.50480466e-005, 5.8297138e-006, 1.54513637e-005, 1, 0.707112078, -0.707101485, -1.30279149e-005, 0.707101485, 0.707112078, 1.46852781e-005, -1.17178597e-006, -1.95961955e-005, 1, 0, 0, 0, 0, 0, 0, 0, 0.2061323, -0.119016431, -0.122000977, -0.482219571, 0.872663272, -0.075477016, -0.470092773, -0.185058594, 0.862915039, 0.739199621, 0.451688018, 0.499648158, 0, 0, -0, 0, 0, 0, 0, 0.254670996, -0.105394189, -0.124773193, -0.473252305, 0.442423866, -0.761706847, 0.681030273, -0.364501953, -0.634887695, -0.558632097, -0.819203711, -0.128787471, 1, 3, 5, 0, 
976.623269, 67, 0.1, 0.1, 0.225, -0.115000004, -0.0199737002, 0.707112745, -0.707100817, 1.77087826e-005, 0.707100817, 0.707112745, -3.06612138e-005, 9.15846341e-006, 3.42028297e-005, 0.999999999, 0.707112652, -0.707100909, 3.76866433e-005, 0.70710091, 0.707112651, -3.19650913e-005, -4.04615718e-006, 4.92511803e-005, 0.999999999, 0, 0, 0, 0, 0, 0, 0, 0.2061323, -0.119016431, -0.122000977, -0.482219571, 0.872663272, -0.075477016, -0.470092773, -0.185058594, 0.862915039, 0.739199621, 0.451688018, 0.499648158, 0, 0, -0, 0, 0, 0, 0, 0.254670996, -0.105394189, -0.124773193, -0.473252305, 0.442423866, -0.761706847, 0.681030273, -0.364501953, -0.634887695, -0.558632097, -0.819203711, -0.128787471, 1, 3, 5, 0, 
976.623958, 67, 0.1, 0.1, 0.225000004, -0.115000008, -0.019978613, 0.707113444, -0.707100118, -2.31508058e-005, 0.707100118, 0.707113442, 5.32845686e-005, -2.13072787e-005, -5.40481723e-005, 0.999999998, 0.707113283, -0.707100278, -2.63101809e-005, 0.707100279, 0.707113282, 4.41276652e-005, -1.2598406e-005, -4.98071944e-005, 0.999999999, 0, 0, 0, 0, 0, 0, 0, 0.2061323, -0.119016431, -0.122000977, -0.482219571, 0.872663272, -0.075477016, -0.470092773, -0.185058594, 0.862915039, 0.739199621, 0.451688018, 0.499648158, 0, 0, -0, 0, 0, 0, 0, 0.254670996, -0.105394189, -0.124773193, -0.473252305, 0.442423866, -0.761706847, 0.681030273, -0.364501953, -0.634887695, -0.558632097, -0.819203711, -0.128787471, 1, 3, 5, 0, 
976.624666, 67, 0.1, 0.1, 0.225000006, -0.115000012, -0.0199805734, 0.707114255, -0.707099307, 9.04432082e-007, 0.707099307, 0.707114255, -2.10045942e-005, 1.42127972e-005, 1.54921713e-005, 1, 0.707114107, -0.707099456, -3.95999047e-006, 0.707099456, 0.707114107, -3.97868213e-006, 5.61348909e-006, 1.32751568e-008, 1, 0, 0, 0, 0, 0, 0, 0, 0.206213477, -0.119196826, -0.122199683, -0.480727457, 0.873576515, -0.0749254755, -0.469116211, -0.184082031, 0.863647461, 0.740817172, 0.450431048, 0.498448475, 0, 0, -0, 0, 0, 0, 0, 0.254830762, -0.10555249, -0.124933203, -0.473878636, 0.443222638, -0.760895315, 0.67980957, -0.364990234, -0.635986328, -0.559679869, -0.818628786, -0.128333948, 1, 3, 5, 0, 
976.625356, 67, 0.1, 0.1, 0.225000004, -0.115000009, -0.0199792247, 0.707114892, -0.707098671, 8.49929272e-006, 0.70709867, 0.707114892, 1.76776516e-005, -1.85098204e-005, -6.49029211e-006, 1, 0.707114789, -0.707098773, 1.50850583e-005, 0.707098773, 0.707114789, -7.00886969e-008, -1.06173082e-005, 1.0716187e-005, 1, 0, 0, 0, 0, 0, 0, 0, 0.206213477, -0.119196826, -0.122199683, -0.480727457, 0.873576515, -0.0749254755, -0.469116211, -0.184082031, 0.863647461, 0.740817172, 0.450431048, 0.498448475, 0, 0, -0, 0, 0, 0, 0, 0.254830762, -0.10555249, -0.124933203, -0.473878636, 0.443222638, -0.760895315, 0.67980957, -0.364990234, -0.635986328, -0.559679869, -0.818628786, -0.128333948, 1, 3, 5, 0, 
976.626053, 67, 0.1, 0.1, 0.225000005, -0.115000011, -0.0199751648, 0.707115264, -0.707098298, 9.34707513e-006, 0.707098298, 0.707115264, -1.33014714e-005, 2.79598832e-006, 1.60149744e-005, 1, 0.707115213, -0.707098349, -6.37860681e-006, 0.707098349, 0.707115213, -1.43794238e-006, 5.5271766e-006, -3.49351141e-006, 1, 0, 0, 0, 0, 0, 0, 0, 0.206213477, -0.119196826, -0.122199683, -0.480727457, 0.873576515, -0.0749254755, -0.469116211, -0.184082031, 0.863647461, 0.740817172, 0.450431048, 0.498448475, 0, 0, -0, 0, 0, 0, 0, 0.254830762, -0.10555249, -0.124933203, -0.473878636, 0.443222638, -0.760895315, 0.67980957, -0.364990234, -0.635986328, -0.559679869, -0.818628786, -0.128333948, 1, 3, 5, 0, 
976.626735, 67, 0.1, 0.1, 0.225000004, -0.115000009, -0.0199699768, 0.707115437, -0.707098125, -2.81506274e-005, 0.707098125, 0.707115437, 3.78566794e-006, 1.72289045e-005, -2.25821601e-005, 1, 0.70711539, -0.707098173, -7.050489e-006, 0.707098173, 0.70711539, -1.02561185e-005, 1.2237592e-005, 2.26687137e-006, 1, 0, 0, 0, 0, 0, 0, 0, 0.206213477, -0.119196826, -0.122199683, -0.480727457, 0.873576515, -0.0749254755, -0.469116211, -0.184082031, 0.863647461, 0.740817172, 0.450431048, 0.498448475, 0, 0, -0, 0, 0, 0, 0, 0.254830762, -0.10555249, -0.124933203, -0.473878636, 0.443222638, -0.760895315, 0.67980957, -0.364990234, -0.635986328, -0.559679869, -0.818628786, -0.128333948, 1, 3, 5, 0, 
976.627446, 67, 0.1, 0.1, 0.225000007, -0.115000012, -0.0199647246, 0.70711581, -0.707097752, 1.12656156e-005, 0.707097752, 0.70711581, -8.37183963e-006, -2.0463859e-006, 1.38857516e-005, 1, 0.707115747, -0.707097815, -1.12087745e-005, 0.707097815, 0.707115747, 8.78183166e-006, 1.71628694e-006, -1.41354714e-005, 1, 0, 0, 0, 0, 0, 0, 0, 0.206104614, -0.119586182, -0.122193457, -0.478594313, 0.874794172, -0.0747356372, -0.468505859, -0.182373047, 0.864379883, 0.742580378, 0.448755086, 0.49730608, 0, 0, -0, 0, 0, 0, 0, 0.254565283, -0.105900586, -0.124868262, -0.473930042, 0.444321816, -0.760096543, 0.678222656, -0.366210938, -0.636962891, -0.561526412, -0.817408573, -0.127759023, 1, 3, 5, 0, 
976.628132, 67, 0.1, 0.1, 0.225000004, -0.11500001, -0.019961533, 0.707116109, -0.707097453, -1.1226965e-005, 0.707097453, 0.707116109, 2.26679307e-005, -8.08966819e-006, -2.39674173e-005, 1, 0.707116077, -0.707097485, 1.65320117e-005, 0.707097485, 0.707116078, 7.77265322e-006, -1.71860748e-005, 6.19357584e-006, 1, 0, 0, 0, 0, 0, 0, 0, 0.206104614, -0.119586182, -0.122193457, -0.478594313, 0.874794172, -0.0747356372, -0.468505859, -0.182373047, 0.864379883, 0.742580378, 0.448755086, 0.49730608, 0, 0, -0, 0, 0, 0, 0, 0.254565283, -0.105900586, -0.124868262, -0.473930042, 0.444321816, -0.760096543, 0.678222656, -0.366210938, -0.636962891, -0.561526412, -0.817408573, -0.127759023, 1, 3, 5, 0, 
976.628811, 67, 0.1, 0.1, 0.225000008, -0.115000013, -0.019961086, 0.707116103, -0.707097459, 3.05984199e-005, 0.707097459, 0.707116103, 6.02203058e-006, -2.58947979e-005, 1.73777902e-005, 1, 0.707116112, -0.70709745, -1.13051558e-005, 0.70709745, 0.707116112, 1.00421892e-005, 8.93251475e-007, -1.50948406e-005, 1, 0, 0, 0, 0, 0, 0, 0, 0.206104614, -0.119586182, -0.122193457, -0.478594313, 0.874794172, -0.0747356372, -0.468505859, -0.182373047, 0.864379883, 0.742580378, 0.448755086, 0.49730608, 0, 0, -0, 0, 0, 0, 0, 0.254565283, -0.105900586, -0.124868262, -0.473930042, 0.444321816, -0.760096543, 0.678222656, -0.366210938, -0.636962891, -0.561526412, -0.817408573, -0.127759023, 1, 3, 5, 0, 
976.629495, 67, 0.1, 0.1, 0.225000002, -0.115000011, -0.0199632698, 0.707116118, -0.707097444, -1.95457299e-005, 0.707097444, 0.707116118, -1.20127769e-005, 2.23153045e-005, -5.32630743e-006, 1, 0.70711611, -0.707097452, 2.2375947e-005, 0.707097452, 0.70711611, -9.68647173e-006, -8.97311314e-006, 2.26714353e-005, 1, 0, 0, 0, 0, 0, 0, 0, 0.206104614, -0.119586182, -0.122193457, -0.478594313, 0.874794172, -0.0747356372, -0.468505859, -0.182373047, 0.864379883, 0.742580378, 0.448755086, 0.49730608, 0, 0, -0, 0, 0, 0, 0, 0.254565283, -0.105900586, -0.124868262, -0.473930042, 0.444321816, -0.760096543, 0.678222656, -0.366210938, -0.636962891, -0.561526412, -0.817408573, -0.127759023, 1, 3, 5, 0, 
976.630179, 67, 0.1, 0.1, 0.225000008, -0.115000008, -0.0199673727, 0.707116149, -0.707097413, 9.16588024e-006, 0.707097413, 0.707116149, -1.35907863e-005, 3.12866788e-006, 1.60914347e-005, 1, 0.707116142, -0.70709742, -2.54821338e-005, 0.70709742, 0.707116142, -1.45924662e-005, 2.83371233e-005, -7.69978265e-006, 1, 0, 0, 0, 0, 0, 0, 0, 0.206104614, -0.119586182, -0.122193457, -0.478594313, 0.874794172, -0.0747356372, -0.468505859, -0.182373047, 0.864379883, 0.742580378, 0.448755086, 0.49730608, 0, 0, -0, 0, 0, 0, 0, 0.254565283, -0.105900586, -0.124868262, -0.473930042, 0.444321816, -0.760096543, 0.678222656, -0.366210938, -0.636962891, -0.561526412, -0.817408573, -0.127759023, 1, 3, 5, 0, 
976.630857, 67, 0.1, 0.1, 0.224999998, -0.115000013, -0.0199720009, 0.707115919, -0.707097642, 3.39258033e-005, 0.707097641, 0.70711592, 4.48413681e-005, -5.56967013e-005, -7.7191897e-006, 0.999999998, 0.707115981, -0.70709758, 5.51929662e-005, 0.707097579, 0.707115983, 3.63399277e-005, -6.47237034e-005, 1.33302691e-005, 0.999999998, 0, 0, 0, 0, 0, 0, 0, 0.206104614, -0.119586182, -0.122193457, -0.478594313, 0.874794172, -0.0747356372, -0.468505859, -0.182373047, 0.864379883, 0.742580378, 0.448755086, 0.49730608, 0, 0, -0, 0, 0, 0, 0, 0.254565283, -0.105900586, -0.124868262, -0.473930042, 0.444321816, -0.760096543, 0.678222656, -0.366210938, -0.636962891, -0.561526412, -0.817408573, -0.127759023, 1, 3, 5, 0, 
976.63154, 67, 0.1, 0.1, 0.225000002, -0.115000012, -0.0199758708, 0.707115325, -0.707098237, -3.35847578e-005, 0.707098235, 0.707115325, -4.70815356e-005, 5.70395677e-005, 9.54435235e-006, 0.999999998, 0.707115478, -0.707098083, -3.65779144e-005, 0.707098082, 0.707115479, -2.44440363e-005, 4.31491407e-005, -8.57941674e-006, 0.999999999, 0, 0, 0, 0, 0, 0, 0, 0.206104614, -0.119586182, -0.122193457, -0.478594313, 0.874794172, -0.0747356372, -0.468505859, -0.182373047, 0.864379883, 0.742580378, 0.448755086, 0.49730608, 0, 0, -0, 0, 0, 0, 0, 0.254565283, -0.105900586, -0.124868262, -0.473930042, 0.444321816, -0.760096543, 0.678222656, -0.366210938, -0.636962891, -0.561526412, -0.817408573, -0.127759023, 1, 3, 5, 0, 
976.632251, 67, 0.1, 0.1, 0.225000006, -0.115000004, -0.019977797, 0.707114495, -0.707099067, -6.18915474e-006, 0.707099067, 0.707114495, -3.07463192e-007, 4.59384796e-006, -4.15893386e-006, 1, 0.707114655, -0.707098907, -1.23015397e-005, 0.707098906, 0.707114655, -2.84049947e-005, 2.87837397e-005, 1.13871828e-005, 1, 0, 0, 0, 0, 0, 0, 0, 0.206164185, -0.120008252, -0.121824121, -0.477477006, 0.875276442, -0.0761704635, -0.468261719, -0.180175781, 0.864990234, 0.743392149, 0.448678702, 0.496050231, 0, 0, -0, 0, 0, 0, 0, 0.254806348, -0.106140186, -0.124446191, -0.473329597, 0.443893812, -0.76083115, 0.677856445, -0.368041992, -0.636352539, -0.562567987, -0.816839845, -0.126608806, 1, 3, 5, 0, 
976.632932, 67, 0.1, 0.1, 0.224999999, -0.115000012, -0.0199772687, 0.707113983, -0.707099578, 4.79190012e-005, 0.707099577, 0.707113984, 3.94849666e-005, -6.1803999e-005, 5.96313347e-006, 0.999999998, 0.707114061, -0.7070995, 4.74338455e-005, 0.707099498, 0.707114063, 4.49078849e-005, -6.52954822e-005, 1.78545152e-006, 0.999999998, 0, 0, 0, 0, 0, 0, 0, 0.206164185, -0.120008252, -0.121824121, -0.477477006, 0.875276442, -0.0761704635, -0.468261719, -0.180175781, 0.864990234, 0.743392149, 0.448678702, 0.496050231, 0, 0, -0, 0, 0, 0, 0, 0.254806348, -0.106140186, -0.124446191, -0.473329597, 0.443893812, -0.76083115, 0.677856445, -0.368041992, -0.636352539, -0.562567987, -0.816839845, -0.126608806, 1, 3, 5, 0, 
976.633611, 67, 0.1, 0.1, 0.224999999, -0.115000012, -0.019974816, 0.70711356, -0.707100002, -2.72174798e-005, 0.707100001, 0.70711356, -4.25884732e-005, 4.93601585e-005, 1.08694069e-005, 0.999999999, 0.707113675, -0.707099887, -2.04569921e-005, 0.707099887, 0.707113675, -1.77603183e-005, 2.70237379e-005, -1.90657285e-006, 1, 0, 0, 0, 0, 0, 0, 0, 0.206164185, -0.120008252, -0.121824121, -0.477477006, 0.875276442, -0.0761704635, -0.468261719, -0.180175781, 0.864990234, 0.743392149, 0.448678702, 0.496050231, 0, 0, -0, 0, 0, 0, 0, 0.254806348, -0.106140186, -0.124446191, -0.473329597, 0.443893812, -0.76083115, 0.677856445, -0.368041992, -0.636352539, -0.562567987, -0.816839845, -0.126608806, 1, 3, 5, 0, 
976.63433, 67, 0.1, 0.1, 0.225000007, -0.115000005, -0.0199708917, 0.707113076, -0.707100486, -3.12443322e-005, 0.707100487, 0.707113076, 8.08266997e-006, 1.6378016e-005, -2.78082442e-005, 0.999999999, 0.707113143, -0.707100418, -4.29422748e-005, 0.707100418, 0.707113144, -1.67900393e-005, 4.22372908e-005, -1.8492043e-005, 0.999999999, 0, 0, 0, 0, 0, 0, 0, 0.206164185, -0.120008252, -0.121824121, -0.477477006, 0.875276442, -0.0761704635, -0.468261719, -0.180175781, 0.864990234, 0.743392149, 0.448678702, 0.496050231, 0, 0, -0, 0, 0, 0, 0, 0.254806348, -0.106140186, -0.124446191, -0.473329597, 0.443893812, -0.76083115, 0.677856445, -0.368041992, -0.636352539, -0.562567987, -0.816839845, -0.126608806, 1, 3, 5, 0, 
976.635024, 67, 0.1, 0.1, 0.225000002, -0.115000011, -0.0199668621, 0.707113048, -0.707100513, 3.54206421e-005, 0.707100513, 0.707113049, 1.69705437e-005, -3.70462784e-005, 1.30458613e-005, 0.999999999, 0.707113028, -0.707100533, 4.46566896e-005, 0.707100533, 0.707113029, 2.51520464e-005, -4.93623525e-005, 1.37914293e-005, 0.999999999, 0, 0, 0, 0, 0, 0, 0, 0.206164185, -0.120008252, -0.121824121, -0.477477006, 0.875276442, -0.0761704635, -0.468261719, -0.180175781, 0.864990234, 0.743392149, 0.448678702, 0.496050231, 0, 0, -0, 0, 0, 0, 0, 0.254806348, -0.106140186, -0.124446191, -0.473329597, 0.443893812, -0.76083115, 0.677856445, -0.368041992, -0.636352539, -0.562567987, -0.816839845, -0.126608806, 1, 3, 5, 0, 
976.635703, 67, 0.1, 0.1, 0.225000008, -0.115000009, -0.019964081, 0.707113159, -0.707100402, -3.82916173e-005, 0.707100402, 0.70711316, -1.85051845e-005, 4.01615299e-005, -1.39907586e-005, 0.999999999, 0.707113147, -0.707100413, -4.99890219e-005, 0.707100413, 0.707113149, -1.30226353e-005, 4.45562054e-005, -2.61387814e-005, 0.999999999, 0, 0, 0, 0, 0, 0, 0, 0.206164185, -0.120008252, -0.121824121, -0.477477006, 0.875276442, -0.0761704635, -0.468261719, -0.180175781, 0.864990234, 0.743392149, 0.448678702, 0.496050231, 0, 0, -0, 0, 0, 0, 0, 0.254806348, -0.106140186, -0.124446191, -0.473329597, 0.443893812, -0.76083115, 0.677856445, -0.368041992, -0.636352539, -0.562567987, -0.816839845, -0.126608806, 1, 3, 5, 0, 
976.636387, 67, 0.1, 0.1, 0.225000006, -0.115000009, -0.0199632413, 0.70711303, -0.707100533, -2.29028823e-006, 0.707100533, 0.70711303, 2.03816365e-005, -1.27923734e-005, -1.60315848e-005, 1, 0.707113078, -0.707100485, 1.99647311e-005, 0.707100484, 0.707113078, 1.0368512e-005, -2.14489023e-005, 6.78536063e-006, 1, 0, 0, 0, 0, 0, 0, 0, 0.206164185, -0.120008252, -0.121824121, -0.477477006, 0.875276442, -0.0761704635, -0.468261719, -0.180175781, 0.864990234, 0.743392149, 0.448678702, 0.496050231, 0, 0, -0, 0, 0, 0, 0, 0.254806348, -0.106140186, -0.124446191, -0.473329597, 0.443893812, -0.76083115, 0.677856445, -0.368041992, -0.636352539, -0.562567987, -0.816839845, -0.126608806, 1, 3, 5, 0, 
976.637098, 67, 0.1, 0.1, 0.225000007, -0.115000009, -0.0199642915, 0.707112641, -0.707100921, 2.21624005e-005, 0.707100921, 0.707112641, -1.19381455e-005, -7.22983986e-006, 2.41126674e-005, 1, 0.707112715, -0.707100847, 1.17548473e-005, 0.707100847, 0.707112715, -6.15646213e-006, -3.95876237e-006, 1.26651751e-005, 1, 0, 0, 0, 0, 0, 0, 0, 0.206210205, -0.120441187, -0.121447339, -0.476619929, 0.875536673, -0.0774656264, -0.468017578, -0.178222656, 0.865478516, 0.744121545, 0.448761078, 0.494895853, 0, 0, -0, 0, 0, 0, 0, 0.254847363, -0.106619629, -0.124032422, -0.472352188, 0.443223005, -0.761687157, 0.677490234, -0.370117188, -0.635498047, -0.563692685, -0.816296636, -0.125471349, 1, 3, 5, 0, 
976.637775, 67, 0.1, 0.1, 0.225000007, -0.115000009, -0.0199668379, 0.707112342, -0.70710122, -3.60487877e-006, 0.70710122, 0.707112342, 2.0319108e-005, -1.18186118e-005, -1.69169062e-005, 1, 0.707112389, -0.707101173, -1.31514829e-005, 0.707101173, 0.707112389, 1.18719018e-005, 9.04940863e-007, -1.76941978e-005, 1, 0, 0, 0, 0, 0, 0, 0, 0.206210205, -0.120441187, -0.121447339, -0.476619929, 0.875536673, -0.0774656264, -0.468017578, -0.178222656, 0.865478516, 0.744121545, 0.448761078, 0.494895853, 0, 0, -0, 0, 0, 0, 0, 0.254847363, -0.106619629, -0.124032422, -0.472352188, 0.443223005, -0.761687157, 0.677490234, -0.370117188, -0.635498047, -0.563692685, -0.816296636, -0.125471349, 1, 3, 5, 0, 
976.638464, 67, 0.1, 0.1, 0.225000006, -0.115000007, -0.0199702019, 0.707112262, -0.7071013, -3.36504052e-007, 0.7071013, 0.707112262, -1.92487434e-005, 1.38487576e-005, 1.337308e-005, 1, 0.707112261, -0.707101301, 4.93746719e-006, 0.707101301, 0.707112261, -2.80816451e-005, 1.63652242e-005, 2.3348165e-005, 1, 0, 0, 0, 0, 0, 0, 0, 0.206210205, -0.120441187, -0.121447339, -0.476619929, 0.875536673, -0.0774656264, -0.468017578, -0.178222656, 0.865478516, 0.744121545, 0.448761078, 0.494895853, 0, 0, -0, 0, 0, 0, 0, 0.254847363, -0.106619629, -0.124032422, -0.472352188, 0.443223005, -0.761687157, 0.677490234, -0.370117188, -0.635498047, -0.563692685, -0.816296636, -0.125471349, 1, 3, 5, 0, 
976.639152, 67, 0.1, 0.1, 0.225000004, -0.11500001, -0.0199733021, 0.707112401, -0.707101161, 2.0609221e-005, 0.707101161, 0.707112401, 8.01448681e-006, -2.02400887e-005, 8.90566111e-006, 1, 0.707112361, -0.707101202, 1.52911618e-005, 0.707101201, 0.707112361, 2.45191809e-005, -2.81501119e-005, -6.52541702e-006, 1, 0, 0, 0, 0, 0, 0, 0, 0.206210205, -0.120441187, -0.121447339, -0.476619929, 0.875536673, -0.0774656264, -0.468017578, -0.178222656, 0.865478516, 0.744121545, 0.448761078, 0.494895853, 0, 0, -0, 0, 0, 0, 0, 0.254847363, -0.106619629, -0.124032422, -0.472352188, 0.443223005, -0.761687157, 0.677490234, -0.370117188, -0.635498047, -0.563692685, -0.816296636, -0.125471349, 1, 3, 5, 0, 
976.639847, 67, 0.1, 0.1, 0.225000008, -0.115000006, -0.0199751574, 0.707112808, -0.707100754, -3.80663648e-005, 0.707100754, 0.707112808, -1.18985022e-005, 3.5330654e-005, -1.85031719e-005, 0.999999999, 0.707112709, -0.707100853, -3.49913357e-005, 0.707100853, 0.707112709, -1.99906956e-005, 3.88782561e-005, -1.06067284e-005, 0.999999999, 0, 0, 0, 0, 0, 0, 0, 0.206210205, -0.120441187, -0.121447339, -0.476619929, 0.875536673, -0.0774656264, -0.468017578, -0.178222656, 0.865478516, 0.744121545, 0.448761078, 0.494895853, 0, 0, -0, 0, 0, 0, 0, 0.255494629, -0.106536279, -0.123823828, -0.473284755, 0.441516819, -0.762127921, 0.678344727, -0.369140625, -0.635131836, -0.561826818, -0.817580647, -0.124781219, 1, 3, 5, 0, 
976.640533, 67, 0.1, 0.1, 0.225000006, -0.115000008, -0.0199753893, 0.707113348, -0.707100213, 3.88924817e-005, 0.707100213, 0.707113349, 2.58876852e-005, -4.58065807e-005, 9.19535438e-006, 0.999999999, 0.707113252, -0.70710031, 3.37106984e-005, 0.70710031, 0.707113252, 1.99200392e-005, -3.79227475e-005, 9.75112163e-006, 0.999999999, 0, 0, 0, 0, 0, 0, 0, 0.206210205, -0.120441187, -0.121447339, -0.476619929, 0.875536673, -0.0774656264, -0.468017578, -0.178222656, 0.865478516, 0.744121545, 0.448761078, 0.494895853, 0, 0, -0, 0, 0, 0, 0, 0.255494629, -0.106536279, -0.123823828, -0.473284755, 0.441516819, -0.762127921, 0.678344727, -0.369140625, -0.635131836, -0.561826818, -0.817580647, -0.124781219, 1, 3, 5, 0, 
976.641217, 67, 0.1, 0.1, 0.225000006, -0.115000011, -0.0199741393, 0.707113673, -0.707099889, -1.97661974e-005, 0.707099889, 0.707113673, -8.3573097e-006, 1.98864012e-005, -8.06710802e-006, 1, 0.707113642, -0.70709992, -1.61355186e-005, 0.70709992, 0.707113642, 9.24452609e-006, 4.87284163e-006, -1.79463544e-005, 1, 0, 0, 0, 0, 0, 0, 0, 0.206210205, -0.120441187, -0.121447339, -0.476619929, 0.875536673, -0.0774656264, -0.468017578, -0.178222656, 0.865478516, 0.744121545, 0.448761078, 0.494895853, 0, 0, -0, 0, 0, 0, 0, 0.255494629, -0.106536279, -0.123823828, -0.473284755, 0.441516819, -0.762127921, 0.678344727, -0.369140625, -0.635131836, -0.561826818, -0.817580647, -0.124781219, 1, 3, 5, 0, 
976.641914, 67, 0.1, 0.1, 0.225000005, -0.115000009, -0.0199717304, 0.707113654, -0.707099908, 7.00539129e-006, 0.707099908, 0.707113654, 1.88693659e-005, -1.82961347e-005, -8.38927472e-006, 1, 0.707113681, -0.707099881, 1.22296077e-005, 0.707099881, 0.707113681, -2.03224923e-008, -8.63335287e-006, 8.66192443e-006, 1, 0, 0, 0, 0, 0, 0, 0, 0.207143555, -0.12007771, -0.121644824, -0.480098411, 0.873748379, -0.0769642607, -0.467041016, -0.180419922, 0.865600586, 0.742447828, 0.451516154, 0.494940037, 0, 0, -0, 0, 0, 0, 0, 0.255494629, -0.106536279, -0.123823828, -0.473284755, 0.441516819, -0.762127921, 0.678344727, -0.369140625, -0.635131836, -0.561826818, -0.817580647, -0.124781219, 1, 3, 5, 0, 
976.642595, 67, 0.1, 0.1, 0.225000005, -0.115000008, -0.0199689832, 0.707113425, -0.707100137, 8.19039713e-006, 0.707100137, 0.707113425, -2.65863161e-005, 1.3007648e-005, 2.4590972e-005, 1, 0.707113488, -0.707100074, -7.43755686e-008, 0.707100074, 0.707113488, -2.17657347e-005, 1.54431446e-005, 1.53382536e-005, 1, 0, 0, 0, 0, 0, 0, 0, 0.207143555, -0.12007771, -0.121644824, -0.480098411, 0.873748379, -0.0769642607, -0.467041016, -0.180419922, 0.865600586, 0.742447828, 0.451516154, 0.494940037, 0, 0, -0, 0, 0, 0, 0, 0.255494629, -0.106536279, -0.123823828, -0.473284755, 0.441516819, -0.762127921, 0.678344727, -0.369140625, -0.635131836, -0.561826818, -0.817580647, -0.124781219, 1, 3, 5, 0, 
976.643276, 67, 0.1, 0.1, 0.225000003, -0.115000011, -0.0199667828, 0.707112988, -0.707100574, -5.38414302e-007, 0.707100574, 0.707112988, 2.42284127e-005, -1.67512048e-005, -1.75129384e-005, 1, 0.707113089, -0.707100473, 7.19027576e-006, 0.707100472, 0.707113089, 3.27946265e-005, -2.8273434e-005, -1.81052623e-005, 0.999999999, 0, 0, 0, 0, 0, 0, 0, 0.207143555, -0.12007771, -0.121644824, -0.480098411, 0.873748379, -0.0769642607, -0.467041016, -0.180419922, 0.865600586, 0.742447828, 0.451516154, 0.494940037, 0, 0, -0, 0, 0, 0, 0, 0.255494629, -0.106536279, -0.123823828, -0.473284755, 0.441516819, -0.762127921, 0.678344727, -0.369140625, -0.635131836, -0.561826818, -0.817580647, -0.124781219, 1, 3, 5, 0, 
976.643954, 67, 0.1, 0.1, 0.225000002, -0.115000008, -0.0199657565, 0.707112362, -0.7071012, 1.95581242e-005, 0.7071012, 0.707112362, 4.18714727e-006, -1.67905282e-005, 1.08687895e-005, 1, 0.707112496, -0.707101066, 1.35735579e-005, 0.707101066, 0.707112496, -1.89024967e-005, 3.76794318e-006, 2.29640689e-005, 1, 0, 0, 0, 0, 0, 0, 0, 0.207143555, -0.12007771, -0.121644824, -0.480098411, 0.873748379, -0.0769642607, -0.467041016, -0.180419922, 0.865600586, 0.742447828, 0.451516154, 0.494940037, 0, 0, -0, 0, 0, 0, 0, 0.255494629, -0.106536279, -0.123823828, -0.473284755, 0.441516819, -0.762127921, 0.678344727, -0.369140625, -0.635131836, -0.561826818, -0.817580647, -0.124781219, 1, 3, 5, 0, 
976.644658, 67, 0.1, 0.1, 0.225000003, -0.115000011, -0.019965839, 0.707111507, -0.707102056, -8.16379364e-006, 0.707102055, 0.707111507, -2.064805e-005, 2.03729911e-005, 8.82783851e-006, 1, 0.707111689, -0.707101873, -1.57263062e-005, 0.707101873, 0.707111689, 2.13148224e-006, 9.61307986e-006, -1.26272966e-005, 1, 0, 0, 0, 0, 0, 0, 0, 0.207960718, -0.119891821, -0.121382397, -0.481514141, 0.872980791, -0.0762719349, -0.467529297, -0.182250977, 0.864868164, 0.741312546, 0.452132096, 0.496189894, 0, 0, -0, 0, 0, 0, 0, 0.256169727, -0.106338184, -0.123617432, -0.473508235, 0.441337815, -0.762185524, 0.679077148, -0.368041992, -0.635009766, -0.560868365, -0.818213175, -0.125400987, 1, 3, 5, 0, 
976.645341, 67, 0.1, 0.1, 0.225000002, -0.115000011, -0.0199671876, 0.70711052, -0.707103042, -1.30712641e-006, 0.707103042, 0.70711052, 2.76220434e-005, -1.86073481e-005, -2.04561105e-005, 1, 0.707110727, -0.707102835, 6.2683007e-006, 0.707102835, 0.707110727, 2.21042554e-005, -2.00623643e-005, -1.11978229e-005, 1, 0, 0, 0, 0, 0, 0, 0, 0.207960718, -0.119891821, -0.121382397, -0.481514141, 0.872980791, -0.0762719349, -0.467529297, -0.182250977, 0.864868164, 0.741312546, 0.452132096, 0.496189894, 0, 0, -0, 0, 0, 0, 0, 0.256169727, -0.106338184, -0.123617432, -0.473508235, 0.441337815, -0.762185524, 0.679077148, -0.368041992, -0.635009766, -0.560868365, -0.818213175, -0.125400987, 1, 3, 5, 0, 
976.646023, 67, 0.1, 0.1, 0.225000003, -0.115000008, -0.0199692975, 0.707109421, -0.707104141, 7.20232778e-006, 0.707104141, 0.707109421, -2.39248006e-005, 1.18244917e-005, 2.20102477e-005, 1, 0.70710965, -0.707103912, 2.83425058e-007, 0.707103912, 0.70710965, -3.09357835e-005, 2.16744009e-005, 2.2075402e-005, 1, 0, 0, 0, 0, 0, 0, 0, 0.207960718, -0.119891821, -0.121382397, -0.481514141, 0.872980791, -0.0762719349, -0.467529297, -0.182250977, 0.864868164, 0.741312546, 0.452132096, 0.496189894, 0, 0, -0, 0, 0, 0, 0, 0.256169727, -0.106338184, -0.123617432, -0.473508235, 0.441337815, -0.762185524, 0.679077148, -0.368041992, -0.635009766, -0.560868365, -0.818213175, -0.125400987, 1, 3, 5, 0, 
976.646705, 67, 0.1, 0.1, 0.225000003, -0.11500001, -0.0199715565, 0.707108229, -0.707105333, -1.21821818e-005, 0.707105333, 0.707108229, -4.84513918e-006, 1.20401447e-005, -5.18804789e-006, 1, 0.707108468, -0.707105095, -6.53625585e-006, 0.707105095, 0.707108468, 1.40584102e-005, -5.31893163e-006, -1.45626407e-005, 1, 0, 0, 0, 0, 0, 0, 0, 0.207960718, -0.119891821, -0.121382397, -0.481514141, 0.872980791, -0.0762719349, -0.467529297, -0.182250977, 0.864868164, 0.741312546, 0.452132096, 0.496189894, 0, 0, -0, 0, 0, 0, 0, 0.256169727, -0.106338184, -0.123617432, -0.473508235, 0.441337815, -0.762185524, 0.679077148, -0.368041992, -0.635009766, -0.560868365, -0.818213175, -0.125400987, 1, 3, 5, 0, 
976.647386, 67, 0.1, 0.1, 0.225000003, -0.115000007, -0.0199732741, 0.707106969, -0.707106593, 6.10419512e-006, 0.707106593, 0.707106969, 1.45501197e-005, -1.46048045e-005, -5.97217442e-006, 1, 0.707107225, -0.707106338, 1.24024787e-005, 0.707106338, 0.707107225, -2.93428166e-006, -6.69503316e-006, 1.08447231e-005, 1, 0, 0, 0, 0, 0, 0, 0, 0.207960718, -0.119891821, -0.121382397, -0.481514141, 0.872980791, -0.0762719349, -0.467529297, -0.182250977, 0.864868164, 0.741312546, 0.452132096, 0.496189894, 0, 0, -0, 0, 0, 0, 0, 0.256169727, -0.106338184, -0.123617432, -0.473508235, 0.441337815, -0.762185524, 0.679077148, -0.368041992, -0.635009766, -0.560868365, -0.818213175, -0.125400987, 1, 3, 5, 0, 
976.648066, 67, 0.1, 0.1, 0.225000003, -0.115000007, -0.0199740465, 0.707105667, -0.707107895, 9.90176138e-007, 0.707107895, 0.707105667, -2.27525834e-005, 1.53883722e-005, 1.6788642e-005, 1, 0.707105932, -0.70710763, -5.16974821e-006, 0.70710763, 0.707105932, -1.85267261e-005, 1.6755949e-005, 9.44478952e-006, 1, 0, 0, 0, 0, 0, 0, 0, 0.207960718, -0.119891821, -0.121382397, -0.481514141, 0.872980791, -0.0762719349, -0.467529297, -0.182250977, 0.864868164, 0.741312546, 0.452132096, 0.496189894, 0, 0, -0, 0, 0, 0, 0, 0.256169727, -0.106338184, -0.123617432, -0.473508235, 0.441337815, -0.762185524, 0.679077148, -0.368041992, -0.635009766, -0.560868365, -0.818213175, -0.125400987, 1, 3, 5, 0, 
