time, trialNum, realDorsalTactorPos, realVentralTactorPos, box1PosX, box1PosY, box1PosZ, box1LocalRot_11, box1LocalRot_12, box1LocalRot_13, box1LocalRot_21, box1LocalRot_22, box1LocalRot_23, box1LocalRot_31, box1LocalRot_32, box1LocalRot_33, box1GlobalRot_11, box1GlobalRot_12, box1GlobalRot_13, box1GlobalRot_21, box1GlobalRot_22, box1GlobalRot_23, box1GlobalRot_31, box1GlobalRot_32, box1GlobalRot_33, indexForceX, indexForceY, indexForceZ, indexForceGlobalX, indexForceGlobalY, indexForceGlobalZ, indexContact, indexPosX, indexPosY, indexPosZ, indexRot_11, indexRot_12, indexRot_13, indexRot_21, indexRot_22, indexRot_23, indexRot_31, indexRot_32, indexRot_33, thumbForceX, thumbForceY, thumbForceZ, thumbForceGlobalX, thumbForceGlobalY, thumbForceGlobalZ, thumbContact, thumbPosX, thumbPosY, thumbPosZ, thumbRot_11, thumbRot_12, thumbRot_13, thumbRot_21, thumbRot_22, thumbRot_23, thumbRot_31, thumbRot_32, thumbRot_33, manipForceTooHigh, cceExpType, mapping, trialSuccess, 
560.158262, 39, 0.1, 0.1, 0.0143269115, 0.356062586, -0.0199643139, 0.921230139, -0.389018031, -4.59803859e-005, 0.38901803, 0.92123014, -2.69097772e-005, 5.28269059e-005, 6.90289868e-006, 0.999999999, 0.921230248, -0.389017775, -2.49990574e-005, 0.389017775, 0.921230249, -9.86823151e-006, 2.68688053e-005, -6.34164299e-007, 1, 0, 0, 0, 0, 0, 0, 0, 0.279374512, -0.105501904, -0.201576318, 0.0317892884, 0.411217424, -0.910961949, -0.993408203, 0.112792969, 0.0162353516, 0.109411203, 0.904571875, 0.412229512, 0, 0, -0, 0, 0, 0, 0, 0.321594043, -0.0518284668, -0.182492432, 0.0413920394, 0.069357176, -0.996681569, 0.37121582, -0.927124023, -0.0490722656, -0.927512175, -0.367934731, -0.0641276172, 0, 3, 1, 1, 
560.171856, 39, 0.1, 0.1, 0.0143269336, 0.356062581, -0.0199743488, 0.921244667, -0.388983628, 1.81448449e-005, 0.388983627, 0.921244667, 3.92241197e-005, -3.1973382e-005, -2.90769636e-005, 0.999999999, 0.921244327, -0.388984433, 1.60521609e-005, 0.388984432, 0.921244326, 5.74669649e-005, -3.7141717e-005, -4.66970747e-005, 0.999999998, 0, 0, 0, 0, 0, 0, 0, 0.283433398, -0.103669287, -0.201758154, 0.0336150345, 0.42103356, -0.906387882, -0.995117188, 0.09765625, 0.00842285157, 0.0920663458, 0.901781232, 0.422381141, 0, 0, -0, 0, 0, 0, 0, 0.323666357, -0.0485972168, -0.183024609, 0.0436549269, 0.0790029388, -0.995858378, 0.38671875, -0.920410156, -0.0561523437, -0.921014458, -0.382631988, -0.0707919453, 0, 3, 1, 1, 
560.172642, 39, 0.1, 0.1, 0.0143269325, 0.35606259, -0.0199736322, 0.92124627, -0.388979832, 5.9381319e-006, 0.388979832, 0.921246268, -6.76898656e-005, 2.08595107e-005, 6.46688498e-005, 0.999999998, 0.921245971, -0.388980541, 1.8504566e-006, 0.38898054, 0.921245969, -6.91831142e-005, 2.52061595e-005, 6.44544568e-005, 0.999999998, 0, 0, 0, 0, 0, 0, 0, 0.283433398, -0.103669287, -0.201758154, 0.0336150345, 0.42103356, -0.906387882, -0.995117188, 0.09765625, 0.00842285157, 0.0920663458, 0.901781232, 0.422381141, 0, 0, -0, 0, 0, 0, 0, 0.323666357, -0.0485972168, -0.183024609, 0.0436549269, 0.0790029388, -0.995858378, 0.38671875, -0.920410156, -0.0561523437, -0.921014458, -0.382631988, -0.0707919453, 0, 3, 1, 1, 
560.173427, 39, 0.1, 0.1, 0.0143269297, 0.356062589, -0.0199704381, 0.921247546, -0.388976811, -9.91634681e-006, 0.388976811, 0.921247544, 6.23543209e-005, -1.51189747e-005, -6.1300994e-005, 0.999999998, 0.921247335, -0.38897731, 9.2955629e-006, 0.38897731, 0.921247334, 4.26539091e-005, -2.51549154e-005, -3.5679037e-005, 0.999999999, 0, 0, 0, 0, 0, 0, 0, 0.283433398, -0.103669287, -0.201758154, 0.0336150345, 0.42103356, -0.906387882, -0.995117188, 0.09765625, 0.00842285157, 0.0920663458, 0.901781232, 0.422381141, 0, 0, -0, 0, 0, 0, 0, 0.323666357, -0.0485972168, -0.183024609, 0.0436549269, 0.0790029388, -0.995858378, 0.38671875, -0.920410156, -0.0561523437, -0.921014458, -0.382631988, -0.0707919453, 0, 3, 1, 1, 
560.174213, 39, 0.1, 0.1, 0.0143269349, 0.356062579, -0.0199660007, 0.921248436, -0.388974703, 4.32404722e-006, 0.388974703, 0.921248436, 1.1185739e-006, -4.41861869e-006, 6.51460527e-007, 1, 0.921248261, -0.388975116, -1.10912639e-005, 0.388975116, 0.921248261, 3.39976491e-005, -3.00643193e-006, -3.56345008e-005, 0.999999999, 0, 0, 0, 0, 0, 0, 0, 0.283433398, -0.103669287, -0.201758154, 0.0336150345, 0.42103356, -0.906387882, -0.995117188, 0.09765625, 0.00842285157, 0.0920663458, 0.901781232, 0.422381141, 0, 0, -0, 0, 0, 0, 0, 0.323666357, -0.0485972168, -0.183024609, 0.0436549269, 0.0790029388, -0.995858378, 0.38671875, -0.920410156, -0.0561523437, -0.921014458, -0.382631988, -0.0707919453, 0, 3, 1, 1, 
560.174997, 39, 0.1, 0.1, 0.0143269334, 0.356062582, -0.0199618681, 0.921249263, -0.388972743, -9.93460929e-006, 0.388972743, 0.921249263, 1.83674404e-005, 2.00781781e-006, -2.07852832e-005, 1, 0.921249122, -0.388973078, 1.35551588e-005, 0.388973078, 0.921249122, -4.61111429e-006, -1.06940788e-005, 9.52057684e-006, 1, 0, 0, 0, 0, 0, 0, 0, 0.283433398, -0.103669287, -0.201758154, 0.0336150345, 0.42103356, -0.906387882, -0.995117188, 0.09765625, 0.00842285157, 0.0920663458, 0.901781232, 0.422381141, 0, 0, -0, 0, 0, 0, 0, 0.323666357, -0.0485972168, -0.183024609, 0.0436549269, 0.0790029388, -0.995858378, 0.38671875, -0.920410156, -0.0561523437, -0.921014458, -0.382631988, -0.0707919453, 0, 3, 1, 1, 
560.175795, 39, 0.1, 0.1, 0.0143269337, 0.356062579, -0.0199592851, 0.921250017, -0.388970958, 6.54271294e-006, 0.388970958, 0.921250017, -1.82696504e-005, 1.078889e-006, 1.9375841e-005, 1, 0.921249861, -0.388971327, 8.06834859e-007, 0.388971327, 0.921249861, -5.61760706e-006, 1.44179157e-006, 5.48905535e-006, 1, 0, 0, 0, 0, 0, 0, 0, 0.283433398, -0.103669287, -0.201758154, 0.0369598436, 0.418800067, -0.907296255, -0.994873047, 0.0997314453, 0.00549316407, 0.0928960914, 0.902505759, 0.420547542, 0, 0, -0, 0, 0, 0, 0, 0.323666357, -0.0485972168, -0.183024609, 0.0436549269, 0.0790029388, -0.995858378, 0.38671875, -0.920410156, -0.0561523437, -0.921014458, -0.382631988, -0.0707919453, 0, 3, 1, 1, 
560.176594, 39, 0.1, 0.1, 0.0143269319, 0.35606258, -0.019958689, 0.921250596, -0.388969587, 1.31386752e-005, 0.388969587, 0.921250596, -1.31539712e-006, -1.15923629e-005, 6.32235544e-006, 1, 0.921250501, -0.388969812, 1.23849738e-006, 0.388969812, 0.921250501, -9.12308148e-006, 2.40763696e-006, 8.88638147e-006, 1, 0, 0, 0, 0, 0, 0, 0, 0.28360686, -0.104897437, -0.200693945, 0.0369598436, 0.418800067, -0.907296255, -0.994873047, 0.0997314453, 0.00549316407, 0.0928960914, 0.902505759, 0.420547542, 0, 0, -0, 0, 0, 0, 0, 0.323760596, -0.0499840332, -0.182376855, 0.0453352262, 0.0777061672, -0.995877701, 0.384887695, -0.921264648, -0.0543212891, -0.921819793, -0.3808044, -0.0717759179, 0, 3, 1, 1, 
560.17738, 39, 0.1, 0.1, 0.0143269315, 0.356062579, -0.0199604083, 0.921250957, -0.388968733, 1.12606098e-005, 0.388968733, 0.921250957, -7.59496797e-006, -7.41964247e-006, 1.13768966e-005, 1, 0.921250891, -0.388968887, 7.48919704e-006, 0.388968887, 0.921250892, 3.90132639e-006, -8.41692403e-006, -6.81035783e-007, 1, 0, 0, 0, 0, 0, 0, 0, 0.28360686, -0.104897437, -0.200693945, 0.0369598436, 0.418800067, -0.907296255, -0.994873047, 0.0997314453, 0.00549316407, 0.0928960914, 0.902505759, 0.420547542, 0, 0, -0, 0, 0, 0, 0, 0.323760596, -0.0499840332, -0.182376855, 0.0453352262, 0.0777061672, -0.995877701, 0.384887695, -0.921264648, -0.0543212891, -0.921819793, -0.3808044, -0.0717759179, 0, 3, 1, 1, 
560.178164, 39, 0.1, 0.1, 0.014326932, 0.356062579, -0.0199637267, 0.921251341, -0.388967822, -7.12626389e-006, 0.388967822, 0.921251341, -4.22714554e-006, 8.20930376e-006, 1.12237615e-006, 1, 0.921251259, -0.388968017, 5.5632217e-006, 0.388968017, 0.921251259, -8.73865828e-007, -4.78521913e-006, 2.96896531e-006, 1, 0, 0, 0, 0, 0, 0, 0, 0.28360686, -0.104897437, -0.200693945, 0.0369598436, 0.418800067, -0.907296255, -0.994873047, 0.0997314453, 0.00549316407, 0.0928960914, 0.902505759, 0.420547542, 0, 0, -0, 0, 0, 0, 0, 0.323760596, -0.0499840332, -0.182376855, 0.0453352262, 0.0777061672, -0.995877701, 0.384887695, -0.921264648, -0.0543212891, -0.921819793, -0.3808044, -0.0717759179, 0, 3, 1, 1, 
560.17898, 39, 0.1, 0.1, 0.0143269324, 0.35606258, -0.0199672735, 0.921251815, -0.3889667, 3.46665945e-006, 0.3889667, 0.921251814, -3.0662575e-005, 8.73305429e-006, 2.9596368e-005, 1, 0.921251726, -0.388966909, 3.21526883e-007, 0.388966909, 0.921251726, -2.18701134e-005, 8.21054323e-006, 2.02729431e-005, 1, 0, 0, 0, 0, 0, 0, 0, 0.282668115, -0.105780884, -0.201363672, 0.0358698672, 0.41900301, -0.907296255, -0.994628906, 0.102294922, 0.00793457032, 0.096158525, 0.902226432, 0.420547542, 0, 0, -0, 0, 0, 0, 0, 0.323315332, -0.0515074219, -0.182376855, 0.0456928678, 0.0774126913, -0.995877701, 0.382080078, -0.922485352, -0.0541992187, -0.922886888, -0.378012164, -0.0717759179, 0, 3, 1, 1, 
560.17977, 39, 0.1, 0.1, 0.0143269336, 0.35606258, -0.0199698067, 0.921252189, -0.388965814, -1.05980363e-005, 0.388965814, 0.921252188, 2.25210061e-005, 1.00356263e-006, -2.48697999e-005, 1, 0.921252112, -0.388965996, -1.94293131e-005, 0.388965997, 0.921252112, 1.76768215e-005, 1.10236133e-005, -2.38421513e-005, 1, 0, 0, 0, 0, 0, 0, 0, 0.282668115, -0.105780884, -0.201363672, 0.0358698672, 0.41900301, -0.907296255, -0.994628906, 0.102294922, 0.00793457032, 0.096158525, 0.902226432, 0.420547542, 0, 0, -0, 0, 0, 0, 0, 0.323315332, -0.0515074219, -0.182376855, 0.0456928678, 0.0774126913, -0.995877701, 0.382080078, -0.922485352, -0.0541992187, -0.922886888, -0.378012164, -0.0717759179, 0, 3, 1, 1, 
560.180554, 39, 0.1, 0.1, 0.0143269308, 0.356062579, -0.0199707472, 0.921252625, -0.388964782, -1.26245472e-005, 0.388964782, 0.921252625, -5.02424692e-006, 1.35846524e-005, -2.819036e-007, 1, 0.921252532, -0.388965002, 1.33812078e-005, 0.388965002, 0.921252532, -7.20616956e-006, -9.52452383e-006, 1.18435235e-005, 1, 0, 0, 0, 0, 0, 0, 0, 0.282668115, -0.105780884, -0.201363672, 0.0358698672, 0.41900301, -0.907296255, -0.994628906, 0.102294922, 0.00793457032, 0.096158525, 0.902226432, 0.420547542, 0, 0, -0, 0, 0, 0, 0, 0.323315332, -0.0515074219, -0.182376855, 0.0456928678, 0.0774126913, -0.995877701, 0.382080078, -0.922485352, -0.0541992187, -0.922886888, -0.378012164, -0.0717759179, 0, 3, 1, 1, 
560.181339, 39, 0.1, 0.1, 0.0143269331, 0.35606258, -0.0199699999, 0.921253009, -0.38896387, 8.09033548e-006, 0.38896387, 0.921253009, 1.43043196e-005, -1.30171094e-005, -1.00310493e-005, 1, 0.921252939, -0.388964037, 3.38023996e-007, 0.388964037, 0.921252939, 9.5070524e-006, -4.00930708e-006, -8.62692078e-006, 1, 0, 0, 0, 0, 0, 0, 0, 0.282668115, -0.105780884, -0.201363672, 0.0358698672, 0.41900301, -0.907296255, -0.994628906, 0.102294922, 0.00793457032, 0.096158525, 0.902226432, 0.420547542, 0, 0, -0, 0, 0, 0, 0, 0.323315332, -0.0515074219, -0.182376855, 0.0456928678, 0.0774126913, -0.995877701, 0.382080078, -0.922485352, -0.0541992187, -0.922886888, -0.378012164, -0.0717759179, 0, 3, 1, 1, 
560.182127, 39, 0.1, 0.1, 0.0143269315, 0.356062583, -0.0199679001, 0.921253349, -0.388963067, 4.42167568e-006, 0.388963067, 0.921253349, -3.99641914e-006, -2.51902408e-006, 5.40158305e-006, 1, 0.921253291, -0.388963203, 1.28541486e-005, 0.388963204, 0.921253291, -1.76560407e-005, -4.97437657e-006, 2.12654764e-005, 1, 0, 0, 0, 0, 0, 0, 0, 0.282668115, -0.105780884, -0.201363672, 0.0358698672, 0.41900301, -0.907296255, -0.994628906, 0.102294922, 0.00793457032, 0.096158525, 0.902226432, 0.420547542, 0, 0, -0, 0, 0, 0, 0, 0.323315332, -0.0515074219, -0.182376855, 0.0456928678, 0.0774126913, -0.995877701, 0.382080078, -0.922485352, -0.0541992187, -0.922886888, -0.378012164, -0.0717759179, 0, 3, 1, 1, 
560.18291, 39, 0.1, 0.1, 0.014326933, 0.356062578, -0.0199652671, 0.921253639, -0.388962379, 2.31268493e-005, 0.388962379, 0.921253639, 8.86961005e-006, -2.47556387e-005, 8.24313782e-007, 1, 0.921253569, -0.388962546, 6.68195619e-006, 0.388962545, 0.921253568, 2.79687202e-005, -1.70345606e-005, -2.31672526e-005, 1, 0, 0, 0, 0, 0, 0, 0, 0.282668115, -0.105780884, -0.201363672, 0.0358698672, 0.41900301, -0.907296255, -0.994628906, 0.102294922, 0.00793457032, 0.096158525, 0.902226432, 0.420547542, 0, 0, -0, 0, 0, 0, 0, 0.323315332, -0.0515074219, -0.182376855, 0.0456928678, 0.0774126913, -0.995877701, 0.382080078, -0.922485352, -0.0541992187, -0.922886888, -0.378012164, -0.0717759179, 0, 3, 1, 1, 
560.183734, 39, 0.1, 0.1, 0.0143269372, 0.35606258, -0.0199625383, 0.921254052, -0.388961398, -4.12534239e-005, 0.388961397, 0.921254053, -2.19578524e-005, 4.6545641e-005, 4.1827711e-006, 0.999999999, 0.921253981, -0.388961566, -4.55153031e-005, 0.388961566, 0.921253983, -1.18059226e-005, 4.65232044e-005, -6.82745037e-006, 0.999999999, 0, 0, 0, 0, 0, 0, 0, 0.281925391, -0.106643945, -0.202239062, 0.0341901583, 0.419630934, -0.906978736, -0.994262695, 0.10534668, 0.0113525391, 0.100379507, 0.901509019, 0.42099162, 0, 0, -0, 0, 0, 0, 0, 0.322810254, -0.052780957, -0.182368311, 0.045213458, 0.0774706604, -0.9959415, 0.37902832, -0.923706055, -0.0546875, -0.924164703, -0.375060246, -0.0711689099, 0, 3, 1, 1, 
560.184519, 39, 0.1, 0.1, 0.0143269325, 0.356062578, -0.0199610141, 0.921254429, -0.388960503, 6.82624508e-005, 0.388960504, 0.921254431, 3.97333952e-006, -6.44325574e-005, 2.28909406e-005, 0.999999998, 0.921254332, -0.388960736, 5.17394454e-005, 0.388960735, 0.921254333, 2.38972256e-005, -5.69602707e-005, -1.89080991e-006, 0.999999998, 0, 0, 0, 0, 0, 0, 0, 0.281925391, -0.106643945, -0.202239062, 0.0341901583, 0.419630934, -0.906978736, -0.994262695, 0.10534668, 0.0113525391, 0.100379507, 0.901509019, 0.42099162, 0, 0, -0, 0, 0, 0, 0, 0.322810254, -0.052780957, -0.182368311, 0.045213458, 0.0774706604, -0.9959415, 0.37902832, -0.923706055, -0.0546875, -0.924164703, -0.375060246, -0.0711689099, 0, 3, 1, 1, 
560.185305, 39, 0.1, 0.1, 0.0143269303, 0.356062579, -0.0199611575, 0.921255021, -0.388959105, -3.766581e-005, 0.388959106, 0.921255021, 1.86107374e-005, 2.74610008e-005, -3.1795695e-005, 0.999999999, 0.921254889, -0.388959418, -2.6474637e-005, 0.388959418, 0.921254889, 6.93117605e-006, 2.16939426e-005, -1.66829392e-005, 1, 0, 0, 0, 0, 0, 0, 0, 0.281925391, -0.106643945, -0.202239062, 0.0341901583, 0.419630934, -0.906978736, -0.994262695, 0.10534668, 0.0113525391, 0.100379507, 0.901509019, 0.42099162, 0, 0, -0, 0, 0, 0, 0, 0.322810254, -0.052780957, -0.182368311, 0.045213458, 0.0774706604, -0.9959415, 0.37902832, -0.923706055, -0.0546875, -0.924164703, -0.375060246, -0.0711689099, 0, 3, 1, 1, 
560.186104, 39, 0.1, 0.1, 0.0143269316, 0.356062579, -0.0199627106, 0.921255742, -0.388957397, -9.05998044e-006, 0.388957397, 0.921255742, -2.52929071e-005, 1.81844223e-005, 1.97772895e-005, 1, 0.921255591, -0.388957755, 9.21814348e-006, 0.388957755, 0.921255591, -1.96387316e-005, -8.53629267e-007, 2.16777597e-005, 1, 0, 0, 0, 0, 0, 0, 0, 0.281925391, -0.106643945, -0.202239062, 0.0341901583, 0.419630934, -0.906978736, -0.994262695, 0.10534668, 0.0113525391, 0.100379507, 0.901509019, 0.42099162, 0, 0, -0, 0, 0, 0, 0, 0.322810254, -0.052780957, -0.182368311, 0.045213458, 0.0774706604, -0.9959415, 0.37902832, -0.923706055, -0.0546875, -0.924164703, -0.375060246, -0.0711689099, 0, 3, 1, 1, 
560.186883, 39, 0.1, 0.1, 0.0143269342, 0.356062575, -0.0199650664, 0.921256559, -0.388955464, -2.54431279e-006, 0.388955464, 0.921256559, 2.02084399e-005, -5.51621825e-006, -1.96067821e-005, 1, 0.921256394, -0.388955854, -3.03119698e-006, 0.388955854, 0.921256394, 3.46031344e-005, -1.06665821e-005, -3.30573606e-005, 0.999999999, 0, 0, 0, 0, 0, 0, 0, 0.281925391, -0.106643945, -0.202239062, 0.0341901583, 0.419630934, -0.906978736, -0.994262695, 0.10534668, 0.0113525391, 0.100379507, 0.901509019, 0.42099162, 0, 0, -0, 0, 0, 0, 0, 0.322810254, -0.052780957, -0.182368311, 0.045213458, 0.0774706604, -0.9959415, 0.37902832, -0.923706055, -0.0546875, -0.924164703, -0.375060246, -0.0711689099, 0, 3, 1, 1, 
560.187666, 39, 0.1, 0.1, 0.0143269341, 0.356062577, -0.019967537, 0.921257309, -0.388953686, 8.36149005e-006, 0.388953686, 0.921257309, 1.95704294e-005, -1.53150745e-005, -1.47771687e-005, 1, 0.921257181, -0.388953989, 1.15627961e-005, 0.388953989, 0.921257181, -3.12875486e-006, -9.4353673e-006, 7.37978357e-006, 1, 0, 0, 0, 0, 0, 0, 0, 0.281925391, -0.106643945, -0.202239062, 0.0341901583, 0.419630934, -0.906978736, -0.994262695, 0.10534668, 0.0113525391, 0.100379507, 0.901509019, 0.42099162, 0, 0, -0, 0, 0, 0, 0, 0.322810254, -0.052780957, -0.182368311, 0.045213458, 0.0774706604, -0.9959415, 0.37902832, -0.923706055, -0.0546875, -0.924164703, -0.375060246, -0.0711689099, 0, 3, 1, 1, 
560.18848, 39, 0.1, 0.1, 0.0143269343, 0.356062577, -0.01996916, 0.921257813, -0.388952494, 2.31427083e-005, 0.388952494, 0.921257812, -1.84629806e-005, -1.41391785e-005, 2.60105793e-005, 1, 0.921257733, -0.388952682, 1.71338018e-006, 0.388952682, 0.921257733, -1.46410685e-005, 4.11621811e-006, 1.41546214e-005, 1, 0, 0, 0, 0, 0, 0, 0, 0.281970532, -0.105786963, -0.203483301, 0.0308131486, 0.423374516, -0.905320749, -0.994506836, 0.102416992, 0.0140380859, 0.0985661257, 0.900174542, 0.424436779, 0, 0, -0, 0, 0, 0, 0, 0.322810254, -0.052780957, -0.182368311, 0.0447599345, 0.0800069675, -0.995743539, 0.381225586, -0.922607422, -0.0570068359, -0.923353171, -0.377003038, -0.0718845596, 0, 3, 1, 1, 
560.189269, 39, 0.1, 0.1, 0.0143269335, 0.356062576, -0.0199691812, 0.921258126, -0.388951752, -8.31949124e-006, 0.388951752, 0.921258126, 1.627032e-005, 1.33602943e-006, -1.82250452e-005, 1, 0.921258066, -0.388951893, -1.39832531e-005, 0.388951893, 0.921258066, 1.51711018e-005, 6.98135595e-006, -1.94153127e-005, 1, 0, 0, 0, 0, 0, 0, 0, 0.281970532, -0.105786963, -0.203483301, 0.0308131486, 0.423374516, -0.905320749, -0.994506836, 0.102416992, 0.0140380859, 0.0985661257, 0.900174542, 0.424436779, 0, 0, -0, 0, 0, 0, 0, 0.323020557, -0.0524307617, -0.182370264, 0.0447599345, 0.0800069675, -0.995743539, 0.381225586, -0.922607422, -0.0570068359, -0.923353171, -0.377003038, -0.0718845596, 0, 3, 1, 1, 
560.190055, 39, 0.1, 0.1, 0.014326931, 0.356062579, -0.0199680277, 0.9212585, -0.388950866, -5.69057609e-006, 0.388950866, 0.9212585, -1.62686436e-005, 1.15701946e-005, 1.27742717e-005, 1, 0.921258414, -0.388951069, 4.82945683e-006, 0.388951069, 0.921258414, -2.58614327e-005, 5.60965415e-006, 2.57034849e-005, 1, 0, 0, 0, 0, 0, 0, 0, 0.281970532, -0.105786963, -0.203483301, 0.0308131486, 0.423374516, -0.905320749, -0.994506836, 0.102416992, 0.0140380859, 0.0985661257, 0.900174542, 0.424436779, 0, 0, -0, 0, 0, 0, 0, 0.323020557, -0.0524307617, -0.182370264, 0.0447599345, 0.0800069675, -0.995743539, 0.381225586, -0.922607422, -0.0570068359, -0.923353171, -0.377003038, -0.0718845596, 0, 3, 1, 1, 
560.190879, 39, 0.1, 0.1, 0.0143269311, 0.356062576, -0.0199658299, 0.921259031, -0.388949608, -3.83294866e-006, 0.388949608, 0.921259031, -2.10448004e-005, 1.17165055e-005, 1.78968886e-005, 1, 0.921258918, -0.388949876, 4.85960024e-006, 0.388949876, 0.921258918, 1.24178086e-005, -9.30685518e-006, -9.549876e-006, 1, 0, 0, 0, 0, 0, 0, 0, 0.281970532, -0.105786963, -0.203483301, 0.0288769566, 0.426959338, -0.903802426, -0.994750977, 0.100341797, 0.015625, 0.0972660933, 0.898618027, 0.427780466, 0, 0, -0, 0, 0, 0, 0, 0.323020557, -0.0524307617, -0.182370264, 0.0447599345, 0.0800069675, -0.995743539, 0.381225586, -0.922607422, -0.0570068359, -0.923353171, -0.377003038, -0.0718845596, 0, 3, 1, 1, 
560.19168, 39, 0.1, 0.1, 0.0143269311, 0.356062578, -0.0199633711, 0.92125946, -0.388948591, -8.36212116e-006, 0.388948591, 0.92125946, 2.56555228e-005, -2.27499622e-006, -2.68878283e-005, 1, 0.921259398, -0.38894874, 4.09670843e-006, 0.38894874, 0.921259397, 1.71710481e-005, -1.04527887e-005, -1.42255799e-005, 1, 0, 0, 0, 0, 0, 0, 0, 0.281867627, -0.104715527, -0.204065259, 0.0288769566, 0.426959338, -0.903802426, -0.994750977, 0.100341797, 0.015625, 0.0972660933, 0.898618027, 0.427780466, 0, 0, -0, 0, 0, 0, 0, 0.322638379, -0.0516143066, -0.183227832, 0.0420956625, 0.082945759, -0.995641094, 0.383544922, -0.921386719, -0.060546875, -0.922528513, -0.379271755, -0.0705236224, 0, 3, 1, 1, 
560.192464, 39, 0.1, 0.1, 0.0143269326, 0.35606258, -0.0199618906, 0.92125962, -0.388948212, 1.91299631e-005, 0.388948212, 0.92125962, -2.09107436e-005, -9.49046626e-006, 2.67047887e-005, 1, 0.921259607, -0.388948244, 1.359895e-005, 0.388948244, 0.921259607, -2.50206756e-005, -2.79641551e-006, 2.83398255e-005, 1, 0, 0, 0, 0, 0, 0, 0, 0.281867627, -0.104715527, -0.204065259, 0.0288769566, 0.426959338, -0.903802426, -0.994750977, 0.100341797, 0.015625, 0.0972660933, 0.898618027, 0.427780466, 0, 0, -0, 0, 0, 0, 0, 0.322638379, -0.0516143066, -0.183227832, 0.0420956625, 0.082945759, -0.995641094, 0.383544922, -0.921386719, -0.060546875, -0.922528513, -0.379271755, -0.0705236224, 0, 3, 1, 1, 
560.193248, 39, 0.1, 0.1, 0.0143269361, 0.356062578, -0.0199617835, 0.921259668, -0.388948099, -1.2729222e-006, 0.388948099, 0.921259668, 1.50204126e-005, -4.66946905e-006, -1.4332801e-005, 1, 0.921259655, -0.388948129, -2.57037806e-005, 0.38894813, 0.921259655, 2.10335993e-005, 1.5498877e-005, -2.93748439e-005, 0.999999999, 0, 0, 0, 0, 0, 0, 0, 0.281867627, -0.104715527, -0.204065259, 0.0288769566, 0.426959338, -0.903802426, -0.994750977, 0.100341797, 0.015625, 0.0972660933, 0.898618027, 0.427780466, 0, 0, -0, 0, 0, 0, 0, 0.322638379, -0.0516143066, -0.183227832, 0.0420956625, 0.082945759, -0.995641094, 0.383544922, -0.921386719, -0.060546875, -0.922528513, -0.379271755, -0.0705236224, 0, 3, 1, 1, 
560.194033, 39, 0.1, 0.1, 0.0143269364, 0.356062581, -0.0199630217, 0.92125988, -0.388947598, -1.79491379e-005, 0.388947598, 0.92125988, 8.82509197e-006, 1.31033223e-005, -1.51114772e-005, 1, 0.921259823, -0.388947731, -1.50914933e-005, 0.388947731, 0.921259823, -1.84835993e-005, 2.10923404e-005, 1.11583953e-005, 1, 0, 0, 0, 0, 0, 0, 0, 0.281867627, -0.104715527, -0.204065259, 0.0288769566, 0.426959338, -0.903802426, -0.994750977, 0.100341797, 0.015625, 0.0972660933, 0.898618027, 0.427780466, 0, 0, -0, 0, 0, 0, 0, 0.322638379, -0.0516143066, -0.183227832, 0.0420956625, 0.082945759, -0.995641094, 0.383544922, -0.921386719, -0.060546875, -0.922528513, -0.379271755, -0.0705236224, 0, 3, 1, 1, 
560.194824, 39, 0.1, 0.1, 0.0143269366, 0.35606258, -0.0199650458, 0.921260239, -0.388946747, -2.61581144e-006, 0.388946747, 0.921260239, -3.13283378e-005, 1.45948982e-005, 2.78441407e-005, 1, 0.921260167, -0.388946917, -2.86483938e-006, 0.388946917, 0.921260167, -1.70198671e-005, 9.25908726e-006, 1.45654552e-005, 1, 0, 0, 0, 0, 0, 0, 0, 0.281867627, -0.104715527, -0.204065259, 0.0288769566, 0.426959338, -0.903802426, -0.994750977, 0.100341797, 0.015625, 0.0972660933, 0.898618027, 0.427780466, 0, 0, -0, 0, 0, 0, 0, 0.322638379, -0.0516143066, -0.183227832, 0.0420956625, 0.082945759, -0.995641094, 0.383544922, -0.921386719, -0.060546875, -0.922528513, -0.379271755, -0.0705236224, 0, 3, 1, 1, 
560.195603, 39, 0.1, 0.1, 0.0143269359, 0.356062579, -0.0199670895, 0.921260476, -0.388946186, -1.43366329e-005, 0.388946186, 0.921260476, 1.55787024e-005, 7.14849634e-006, -1.99282215e-005, 1, 0.921260447, -0.388946255, 1.06397565e-006, 0.388946254, 0.921260447, 2.29570896e-005, -9.90927268e-006, -2.07356293e-005, 1, 0, 0, 0, 0, 0, 0, 0, 0.281867627, -0.104715527, -0.204065259, 0.0288769566, 0.426959338, -0.903802426, -0.994750977, 0.100341797, 0.015625, 0.0972660933, 0.898618027, 0.427780466, 0, 0, -0, 0, 0, 0, 0, 0.322638379, -0.0516143066, -0.183227832, 0.0420956625, 0.082945759, -0.995641094, 0.383544922, -0.921386719, -0.060546875, -0.922528513, -0.379271755, -0.0705236224, 0, 3, 1, 1, 
560.196408, 39, 0.1, 0.1, 0.0143269336, 0.356062582, -0.0199684468, 0.921260502, -0.388946123, 1.54235924e-005, 0.388946123, 0.921260503, -7.06650699e-006, -1.1460656e-005, 1.25090402e-005, 1, 0.921260508, -0.388946109, 2.55701038e-005, 0.38894611, 0.921260508, -1.67051271e-005, -1.70593326e-005, 2.53351663e-005, 1, 0, 0, 0, 0, 0, 0, 0, 0.281590796, -0.104412207, -0.204691772, 0.0278109458, 0.428570898, -0.903052812, -0.994750977, 0.100097656, 0.0167236328, 0.0975585247, 0.897868413, 0.429392026, 0, 0, -0, 0, 0, 0, 0, 0.322600781, -0.0508496094, -0.183671143, 0.0410927335, 0.0853541014, -0.995481413, 0.38671875, -0.919921875, -0.0628662109, -0.921161012, -0.382332682, -0.0708750674, 0, 3, 1, 1, 
560.19719, 39, 0.1, 0.1, 0.0143269344, 0.35606258, -0.0199686877, 0.921260493, -0.388946145, 1.86850295e-005, 0.388946145, 0.921260493, -2.88153059e-006, -1.60930193e-005, 9.92211047e-006, 1, 0.921260484, -0.388946168, 6.47734044e-006, 0.388946168, 0.921260483, 1.51552377e-005, -1.18618894e-005, -1.14425849e-005, 1, 0, 0, 0, 0, 0, 0, 0, 0.281590796, -0.104412207, -0.204691772, 0.0278109458, 0.428570898, -0.903052812, -0.994750977, 0.100097656, 0.0167236328, 0.0975585247, 0.897868413, 0.429392026, 0, 0, -0, 0, 0, 0, 0, 0.322600781, -0.0508496094, -0.183671143, 0.0410927335, 0.0853541014, -0.995481413, 0.38671875, -0.919921875, -0.0628662109, -0.921161012, -0.382332682, -0.0708750674, 0, 3, 1, 1, 
560.197974, 39, 0.1, 0.1, 0.014326935, 0.35606258, -0.0199679941, 0.92126065, -0.388945774, -3.47427523e-006, 0.388945774, 0.921260649, 2.98823701e-005, -8.42190852e-006, -2.88807564e-005, 1, 0.921260602, -0.388945887, -1.44613499e-005, 0.388945887, 0.921260602, 1.36344482e-005, 8.01960938e-006, -1.81855625e-005, 1, 0, 0, 0, 0, 0, 0, 0, 0.281590796, -0.104412207, -0.204691772, 0.0278109458, 0.428570898, -0.903052812, -0.994750977, 0.100097656, 0.0167236328, 0.0975585247, 0.897868413, 0.429392026, 0, 0, -0, 0, 0, 0, 0, 0.322600781, -0.0508496094, -0.183671143, 0.0410927335, 0.0853541014, -0.995481413, 0.38671875, -0.919921875, -0.0628662109, -0.921161012, -0.382332682, -0.0708750674, 0, 3, 1, 1, 
560.198784, 39, 0.1, 0.1, 0.0143269358, 0.356062581, -0.0199663741, 0.921260908, -0.388945163, -2.50980491e-006, 0.388945163, 0.921260907, -2.71358607e-005, 1.28665469e-005, 2.40230312e-005, 1, 0.921260862, -0.388945272, -7.79331075e-006, 0.388945272, 0.921260861, -3.08124039e-005, 1.9164011e-005, 2.53550904e-005, 0.999999999, 0, 0, 0, 0, 0, 0, 0, 0.281590796, -0.104412207, -0.204691772, 0.0278109458, 0.428570898, -0.903052812, -0.994750977, 0.100097656, 0.0167236328, 0.0975585247, 0.897868413, 0.429392026, 0, 0, -0, 0, 0, 0, 0, 0.322600781, -0.0508496094, -0.183671143, 0.0410927335, 0.0853541014, -0.995481413, 0.38671875, -0.919921875, -0.0628662109, -0.921161012, -0.382332682, -0.0708750674, 0, 3, 1, 1, 
560.199564, 39, 0.1, 0.1, 0.0143269377, 0.356062579, -0.0199645869, 0.921261015, -0.388944908, -2.36846516e-005, 0.388944908, 0.921261015, 1.31398201e-006, 2.13086796e-005, -1.0422545e-005, 1, 0.921261012, -0.388944916, -2.40652349e-005, 0.388944916, 0.921261012, 1.64701156e-005, 1.5764395e-005, -2.45333262e-005, 1, 0, 0, 0, 0, 0, 0, 0, 0.281590796, -0.104412207, -0.204691772, 0.0278109458, 0.428570898, -0.903052812, -0.994750977, 0.100097656, 0.0167236328, 0.0975585247, 0.897868413, 0.429392026, 0, 0, -0, 0, 0, 0, 0, 0.322600781, -0.0508496094, -0.183671143, 0.0410927335, 0.0853541014, -0.995481413, 0.38671875, -0.919921875, -0.0628662109, -0.921161012, -0.382332682, -0.0708750674, 0, 3, 1, 1, 
560.200351, 39, 0.1, 0.1, 0.0143269366, 0.356062582, -0.0199632979, 0.921260919, -0.388945135, -1.79069186e-005, 0.388945136, 0.921260919, 9.11153529e-006, 1.2953057e-005, -1.53589103e-005, 1, 0.921260947, -0.388945071, 1.01100028e-005, 0.388945071, 0.921260946, -8.51814592e-006, -6.00085988e-006, 1.17796709e-005, 1, 0, 0, 0, 0, 0, 0, 0, 0.281590796, -0.104412207, -0.204691772, 0.0278109458, 0.428570898, -0.903052812, -0.994750977, 0.100097656, 0.0167236328, 0.0975585247, 0.897868413, 0.429392026, 0, 0, -0, 0, 0, 0, 0, 0.322600781, -0.0508496094, -0.183671143, 0.0410927335, 0.0853541014, -0.995481413, 0.38671875, -0.919921875, -0.0628662109, -0.921161012, -0.382332682, -0.0708750674, 0, 3, 1, 1, 
560.201152, 39, 0.1, 0.1, 0.0143269369, 0.356062581, -0.0199628577, 0.921260864, -0.388945267, 1.78582312e-005, 0.388945267, 0.921260864, -2.38511518e-005, -7.17529691e-006, 2.89190072e-005, 1, 0.921260857, -0.388945284, 1.96523115e-005, 0.388945284, 0.921260857, -9.28019154e-006, -1.44954186e-005, 1.61931511e-005, 1, 0, 0, 0, 0, 0, 0, 0, 0.281552832, -0.104090576, -0.20531084, 0.0270684452, 0.43054416, -0.902163535, -0.994750977, 0.099609375, 0.0177001953, 0.0975525333, 0.897061511, 0.431105057, 0, 0, -0, 0, 0, 0, 0, 0.322600781, -0.0508496094, -0.183671143, 0.0410927335, 0.0853541014, -0.995481413, 0.38671875, -0.919921875, -0.0628662109, -0.921161012, -0.382332682, -0.0708750674, 0, 3, 1, 1, 
560.202, 39, 0.1, 0.1, 0.0143269381, 0.35606258, -0.019962779, 0.921261047, -0.388944833, 6.91075358e-006, 0.388944832, 0.921261047, 3.41134805e-005, -1.963487e-005, -2.87395189e-005, 0.999999999, 0.921260993, -0.388944962, -3.6900163e-007, 0.388944962, 0.921260992, 3.27944804e-005, -1.24153011e-005, -3.03557969e-005, 0.999999999, 0, 0, 0, 0, 0, 0, 0, 0.281552832, -0.104090576, -0.20531084, 0.0270684452, 0.43054416, -0.902163535, -0.994750977, 0.099609375, 0.0177001953, 0.0975525333, 0.897061511, 0.431105057, 0, 0, -0, 0, 0, 0, 0, 0.322616162, -0.0502581055, -0.184124707, 0.0409778951, 0.0883056526, -0.995245173, 0.389282227, -0.918701172, -0.0654296875, -0.920068398, -0.384722801, -0.071954922, 0, 3, 1, 1, 
560.20279, 39, 0.1, 0.1, 0.0143269368, 0.356062582, -0.0199631396, 0.921261296, -0.388944243, 1.80830878e-005, 0.388944243, 0.921261296, -6.49799918e-006, -1.41318896e-005, 1.30196681e-005, 1, 0.921261254, -0.388944344, 5.69734153e-006, 0.388944344, 0.921261253, -2.71067844e-005, 5.29429049e-006, 2.71883789e-005, 1, 0, 0, 0, 0, 0, 0, 0, 0.281552832, -0.104090576, -0.20531084, 0.0270684452, 0.43054416, -0.902163535, -0.994750977, 0.099609375, 0.0177001953, 0.0975525333, 0.897061511, 0.431105057, 0, 0, -0, 0, 0, 0, 0, 0.322616162, -0.0502581055, -0.184124707, 0.0409778951, 0.0883056526, -0.995245173, 0.389282227, -0.918701172, -0.0654296875, -0.920068398, -0.384722801, -0.071954922, 0, 3, 1, 1, 
560.20359, 39, 0.1, 0.1, 0.0143269377, 0.35606258, -0.0199643048, 0.921261344, -0.388944129, 3.24853695e-008, 0.388944129, 0.921261344, -1.94896054e-005, 7.55044006e-006, 1.7967655e-005, 1, 0.921261353, -0.388944107, -1.75006346e-005, 0.388944107, 0.921261354, 3.63920345e-006, 1.47072115e-005, -1.01594262e-005, 1, 0, 0, 0, 0, 0, 0, 0, 0.281552832, -0.104090576, -0.20531084, 0.0286287085, 0.430905862, -0.901947487, -0.994873047, 0.0986328125, 0.015625, 0.0956987167, 0.897004223, 0.431688798, 0, 0, -0, 0, 0, 0, 0, 0.322616162, -0.0502581055, -0.184124707, 0.0409778951, 0.0883056526, -0.995245173, 0.389282227, -0.918701172, -0.0654296875, -0.920068398, -0.384722801, -0.071954922, 0, 3, 1, 1, 
560.204389, 39, 0.1, 0.1, 0.0143269364, 0.356062582, -0.0199655277, 0.921261216, -0.388944432, -2.24602517e-005, 0.388944432, 0.921261216, 1.63212442e-005, 1.43437017e-005, -2.37719191e-005, 1, 0.921261242, -0.388944372, -1.1978375e-005, 0.388944372, 0.921261242, 7.03625216e-006, 8.29850192e-006, -1.11411479e-005, 1, 0, 0, 0, 0, 0, 0, 0, 0.281850171, -0.104072266, -0.204851538, 0.0286287085, 0.430905862, -0.901947487, -0.994873047, 0.0986328125, 0.015625, 0.0956987167, 0.897004223, 0.431688798, 0, 0, -0, 0, 0, 0, 0, 0.323440674, -0.0499296387, -0.183944189, 0.0429396437, 0.0906374361, -0.994926177, 0.391845703, -0.917480469, -0.0666503906, -0.918880268, -0.387055317, -0.0749899619, 0, 3, 1, 1, 
560.205173, 39, 0.1, 0.1, 0.0143269356, 0.356062583, -0.0199666724, 0.921261177, -0.388944525, -1.68182921e-006, 0.388944525, 0.921261177, -2.58195019e-005, 1.15917579e-005, 2.31323665e-005, 1, 0.921261169, -0.388944544, 1.54239088e-005, 0.388944545, 0.921261169, -2.0077048e-005, -6.40058991e-006, 2.44952499e-005, 1, 0, 0, 0, 0, 0, 0, 0, 0.281850171, -0.104072266, -0.204851538, 0.0286287085, 0.430905862, -0.901947487, -0.994873047, 0.0986328125, 0.015625, 0.0956987167, 0.897004223, 0.431688798, 0, 0, -0, 0, 0, 0, 0, 0.323440674, -0.0499296387, -0.183944189, 0.0429396437, 0.0906374361, -0.994926177, 0.391845703, -0.917480469, -0.0666503906, -0.918880268, -0.387055317, -0.0749899619, 0, 3, 1, 1, 
560.205959, 39, 0.1, 0.1, 0.0143269371, 0.35606258, -0.0199674299, 0.921261331, -0.388944161, -1.86276455e-007, 0.388944161, 0.921261331, 1.20334612e-005, -4.50873517e-006, -1.11584136e-005, 1, 0.921261291, -0.388944255, 5.27991122e-007, 0.388944255, 0.921261291, 2.64418456e-005, -1.07708217e-005, -2.41544897e-005, 1, 0, 0, 0, 0, 0, 0, 0, 0.281850171, -0.104072266, -0.204851538, 0.0286287085, 0.430905862, -0.901947487, -0.994873047, 0.0986328125, 0.015625, 0.0956987167, 0.897004223, 0.431688798, 0, 0, -0, 0, 0, 0, 0, 0.323440674, -0.0499296387, -0.183944189, 0.0429396437, 0.0906374361, -0.994926177, 0.391845703, -0.917480469, -0.0666503906, -0.918880268, -0.387055317, -0.0749899619, 0, 3, 1, 1, 
560.206747, 39, 0.1, 0.1, 0.0143269373, 0.356062583, -0.019967536, 0.921261495, -0.388943771, 3.33786741e-006, 0.388943771, 0.921261495, 1.51298425e-005, -8.95970672e-006, -1.26402986e-005, 1, 0.921261477, -0.388943816, 8.10115543e-006, 0.388943816, 0.921261477, -8.46808369e-006, -4.16967363e-006, 1.09522136e-005, 1, 0, 0, 0, 0, 0, 0, 0, 0.281850171, -0.104072266, -0.204851538, 0.0286287085, 0.430905862, -0.901947487, -0.994873047, 0.0986328125, 0.015625, 0.0956987167, 0.897004223, 0.431688798, 0, 0, -0, 0, 0, 0, 0, 0.323440674, -0.0499296387, -0.183944189, 0.0429396437, 0.0906374361, -0.994926177, 0.391845703, -0.917480469, -0.0666503906, -0.918880268, -0.387055317, -0.0749899619, 0, 3, 1, 1, 
560.207531, 39, 0.1, 0.1, 0.0143269393, 0.356062583, -0.0199670331, 0.92126147, -0.388943831, 1.39238169e-005, 0.388943831, 0.92126147, -2.12498041e-005, -4.5624958e-006, 2.49922084e-005, 1, 0.921261493, -0.388943776, -6.61561854e-006, 0.388943776, 0.921261493, -1.82610216e-005, 1.31972253e-005, 1.42500723e-005, 1, 0, 0, 0, 0, 0, 0, 0, 0.281850171, -0.104072266, -0.204851538, 0.0286287085, 0.430905862, -0.901947487, -0.994873047, 0.0986328125, 0.015625, 0.0956987167, 0.897004223, 0.431688798, 0, 0, -0, 0, 0, 0, 0, 0.323440674, -0.0499296387, -0.183944189, 0.0429396437, 0.0906374361, -0.994926177, 0.391845703, -0.917480469, -0.0666503906, -0.918880268, -0.387055317, -0.0749899619, 0, 3, 1, 1, 
560.20832, 39, 0.1, 0.1, 0.014326941, 0.356062582, -0.0199661134, 0.92126133, -0.388944162, -2.02227563e-005, 0.388944163, 0.92126133, 1.93515449e-005, 1.11037729e-005, -2.5693353e-005, 1, 0.921261354, -0.388944104, -2.69463006e-005, 0.388944105, 0.921261354, 1.78269654e-005, 1.78908923e-005, -2.6903899e-005, 0.999999999, 0, 0, 0, 0, 0, 0, 0, 0.281850171, -0.104072266, -0.204851538, 0.0286287085, 0.430905862, -0.901947487, -0.994873047, 0.0986328125, 0.015625, 0.0956987167, 0.897004223, 0.431688798, 0, 0, -0, 0, 0, 0, 0, 0.323440674, -0.0499296387, -0.183944189, 0.0429396437, 0.0906374361, -0.994926177, 0.391845703, -0.917480469, -0.0666503906, -0.918880268, -0.387055317, -0.0749899619, 0, 3, 1, 1, 
560.209138, 39, 0.1, 0.1, 0.0143269396, 0.356062585, -0.0199647025, 0.921261324, -0.388944177, -1.1401879e-005, 0.388944177, 0.921261324, -1.81703093e-005, 1.75713461e-005, 1.23049088e-005, 1, 0.921261307, -0.388944216, -7.06512303e-007, 0.388944216, 0.921261307, -2.88865764e-005, 1.18861493e-005, 2.63372912e-005, 1, 0, 0, 0, 0, 0, 0, 0, 0.28305708, -0.103353711, -0.204371973, 0.0306952071, 0.431870402, -0.901375729, -0.995361328, 0.0950927734, 0.0115966797, 0.0907985139, 0.896851455, 0.432957752, 0, 0, -0, 0, 0, 0, 0, 0.323811865, -0.0498488281, -0.183756836, 0.0449524315, 0.0922346133, -0.994658221, 0.393310547, -0.916870117, -0.0672607422, -0.918177745, -0.388237617, -0.0775393955, 0, 3, 1, 1, 
560.209931, 39, 0.1, 0.1, 0.0143269401, 0.356062583, -0.0199636339, 0.921261514, -0.388943727, -2.73184477e-006, 0.388943727, 0.921261514, -2.10976534e-005, 1.07225434e-005, 1.83739222e-005, 1, 0.92126147, -0.388943832, 4.35139438e-006, 0.388943832, 0.921261469, 1.11297757e-005, -8.33762958e-006, -8.56098549e-006, 1, 0, 0, 0, 0, 0, 0, 0, 0.28305708, -0.103353711, -0.204371973, 0.0306952071, 0.431870402, -0.901375729, -0.995361328, 0.0950927734, 0.0115966797, 0.0907985139, 0.896851455, 0.432957752, 0, 0, -0, 0, 0, 0, 0, 0.323811865, -0.0498488281, -0.183756836, 0.0449524315, 0.0922346133, -0.994658221, 0.393310547, -0.916870117, -0.0672607422, -0.918177745, -0.388237617, -0.0775393955, 0, 3, 1, 1, 
560.210715, 39, 0.1, 0.1, 0.0143269391, 0.356062584, -0.0199632988, 0.921261653, -0.388943397, -2.53925781e-006, 0.388943397, 0.921261653, 2.53189656e-005, -7.50832365e-006, -2.43130197e-005, 1, 0.921261644, -0.388943419, 9.40284003e-006, 0.388943419, 0.921261644, 1.63510122e-005, -1.50220944e-005, -1.14063876e-005, 1, 0, 0, 0, 0, 0, 0, 0, 0.28305708, -0.103353711, -0.204371973, 0.0306952071, 0.431870402, -0.901375729, -0.995361328, 0.0950927734, 0.0115966797, 0.0907985139, 0.896851455, 0.432957752, 0, 0, -0, 0, 0, 0, 0, 0.323811865, -0.0498488281, -0.183756836, 0.0449524315, 0.0922346133, -0.994658221, 0.393310547, -0.916870117, -0.0672607422, -0.918177745, -0.388237617, -0.0775393955, 0, 3, 1, 1, 
560.211511, 39, 0.1, 0.1, 0.0143269396, 0.356062586, -0.0199636461, 0.921261569, -0.388943595, 2.225886e-005, 0.388943596, 0.921261569, -1.91618317e-005, -1.30533606e-005, 2.63105002e-005, 1, 0.921261601, -0.38894352, 1.73448764e-005, 0.388943521, 0.921261601, -2.34387208e-005, -6.86283005e-006, 2.83393707e-005, 1, 0, 0, 0, 0, 0, 0, 0, 0.28305708, -0.103353711, -0.204371973, 0.0306952071, 0.431870402, -0.901375729, -0.995361328, 0.0950927734, 0.0115966797, 0.0907985139, 0.896851455, 0.432957752, 0, 0, -0, 0, 0, 0, 0, 0.323811865, -0.0498488281, -0.183756836, 0.0449524315, 0.0922346133, -0.994658221, 0.393310547, -0.916870117, -0.0672607422, -0.918177745, -0.388237617, -0.0775393955, 0, 3, 1, 1, 
560.212292, 39, 0.1, 0.1, 0.0143269421, 0.356062584, -0.0199646582, 0.921261409, -0.388943976, 1.22888165e-007, 0.388943976, 0.921261409, 1.70679568e-005, -6.7516911e-006, -1.56762533e-005, 1, 0.921261435, -0.388943914, -2.18461792e-005, 0.388943914, 0.921261435, 2.20880395e-005, 1.15350338e-005, -2.88457974e-005, 1, 0, 0, 0, 0, 0, 0, 0, 0.28305708, -0.103353711, -0.204371973, 0.0306952071, 0.431870402, -0.901375729, -0.995361328, 0.0950927734, 0.0115966797, 0.0907985139, 0.896851455, 0.432957752, 0, 0, -0, 0, 0, 0, 0, 0.323811865, -0.0498488281, -0.183756836, 0.0449524315, 0.0922346133, -0.994658221, 0.393310547, -0.916870117, -0.0672607422, -0.918177745, -0.388237617, -0.0775393955, 0, 3, 1, 1, 
560.213072, 39, 0.1, 0.1, 0.0143269424, 0.356062586, -0.0199660131, 0.921261424, -0.388943939, -1.76611883e-005, 0.388943939, 0.921261424, 1.04995776e-005, 1.21868245e-005, -1.6542068e-005, 1, 0.921261406, -0.388943982, -1.45160477e-005, 0.388943982, 0.921261406, -1.4050443e-005, 1.88379098e-005, 7.29820144e-006, 1, 0, 0, 0, 0, 0, 0, 0, 0.28305708, -0.103353711, -0.204371973, 0.0306952071, 0.431870402, -0.901375729, -0.995361328, 0.0950927734, 0.0115966797, 0.0907985139, 0.896851455, 0.432957752, 0, 0, -0, 0, 0, 0, 0, 0.323811865, -0.0498488281, -0.183756836, 0.0449524315, 0.0922346133, -0.994658221, 0.393310547, -0.916870117, -0.0672607422, -0.918177745, -0.388237617, -0.0775393955, 0, 3, 1, 1, 
560.213879, 39, 0.1, 0.1, 0.014326943, 0.356062585, -0.0199670252, 0.921261602, -0.388943519, -5.69391102e-006, 0.388943519, 0.921261601, -2.93125828e-005, 1.66465207e-005, 2.47899472e-005, 1, 0.921261568, -0.388943599, -5.54225421e-006, 0.388943599, 0.921261568, -1.65631253e-005, 1.15479874e-005, 1.31033465e-005, 1, 0, 0, 0, 0, 0, 0, 0, 0.283626489, -0.103832788, -0.203490479, 0.0332200098, 0.431204285, -0.901572681, -0.995361328, 0.0943603516, 0.00842285157, 0.0887919293, 0.897327733, 0.432494578, 0, 0, -0, 0, 0, 0, 0, 0.323923437, -0.0493483887, -0.183560937, 0.046319932, 0.0936655462, -0.994454064, 0.395507812, -0.915893555, -0.0677490234, -0.917174816, -0.390173846, -0.0794818211, 0, 3, 1, 1, 
