time, trialNum, realDorsalTactorPos, realVentralTactorPos, box1PosX, box1PosY, box1PosZ, box1LocalRot_11, box1LocalRot_12, box1LocalRot_13, box1LocalRot_21, box1LocalRot_22, box1LocalRot_23, box1LocalRot_31, box1LocalRot_32, box1LocalRot_33, box1GlobalRot_11, box1GlobalRot_12, box1GlobalRot_13, box1GlobalRot_21, box1GlobalRot_22, box1GlobalRot_23, box1GlobalRot_31, box1GlobalRot_32, box1GlobalRot_33, indexForceX, indexForceY, indexForceZ, indexForceGlobalX, indexForceGlobalY, indexForceGlobalZ, indexContact, indexPosX, indexPosY, indexPosZ, indexRot_11, indexRot_12, indexRot_13, indexRot_21, indexRot_22, indexRot_23, indexRot_31, indexRot_32, indexRot_33, thumbForceX, thumbForceY, thumbForceZ, thumbForceGlobalX, thumbForceGlobalY, thumbForceGlobalZ, thumbContact, thumbPosX, thumbPosY, thumbPosZ, thumbRot_11, thumbRot_12, thumbRot_13, thumbRot_21, thumbRot_22, thumbRot_23, thumbRot_31, thumbRot_32, thumbRot_33, manipForceTooHigh, cceExpType, mapping, trialSuccess, 
304.876542, 37, 0.1, 0.1, -0.00794112848, 0.37462597, -0.0199678031, 0.89224215, 4.28583739e-006, -0.451557245, 0.451557245, 1.56543406e-005, 0.89224215, 1.08928357e-005, -1, 1.20321616e-005, 0.892242366, 1.08021942e-005, -0.451556818, 0.451556818, 1.22943005e-005, 0.892242366, 1.51897505e-005, -1, 6.09169138e-006, 0, 0, 0, 0, 0, 0, 0, 0.308294312, -0.19781709, -0.167542627, -0.0508468701, 0.621520767, -0.781730292, -0.998657227, -0.0343017578, 0.0375976563, -0.00344069683, 0.782524089, 0.622630962, 0, 0, -0, 0, 0, 0, 0, 0.344131494, -0.157132715, -0.135421973, 0.0362696262, 0.0138384864, -0.999213844, 0.657226562, -0.753417969, 0.0135498047, -0.75265123, -0.657182898, -0.0365311748, 0, 3, 1, 1, 
304.884602, 37, 0.1, 0.1, -0.00794114694, 0.374625955, -0.0199658678, 0.89224066, 4.02746573e-006, -0.451560189, 0.451560189, 1.17559373e-005, 0.89224066, 8.90198194e-006, -1, 8.67048205e-006, 0.892240627, -4.89445744e-006, -0.451560255, 0.451560255, -1.88554208e-005, 0.892240627, -1.28813924e-005, -1, -1.461343e-005, 0, 0, 0, 0, 0, 0, 0, 0.309721484, -0.197222144, -0.167073877, -0.078846583, 0.629271909, -0.773139308, -0.996582031, -0.0637207031, 0.0496826172, -0.0179155439, 0.774498872, 0.632393558, 0, 0, -0, 0, 0, 0, 0, 0.343639551, -0.156221875, -0.134515332, 0.0217882222, 0.0287092482, -0.999315923, 0.682495117, -0.730712891, -0.0059814453, -0.730483944, -0.681886858, -0.035559962, 0, 3, 1, 1, 
304.885382, 37, 0.1, 0.1, -0.00794114596, 0.374625957, -0.0199588944, 0.892240809, -2.83328149e-007, -0.451559896, 0.451559896, 7.6319721e-006, 0.892240809, 3.19349559e-006, -1, 6.93749659e-006, 0.892240781, -5.12105235e-006, -0.451559951, 0.451559951, -7.54966796e-006, 0.892240781, -7.97833944e-006, -1, -4.42365949e-006, 0, 0, 0, 0, 0, 0, 0, 0.309721484, -0.197222144, -0.167073877, -0.078846583, 0.629271909, -0.773139308, -0.996582031, -0.0637207031, 0.0496826172, -0.0179155439, 0.774498872, 0.632393558, 0, 0, -0, 0, 0, 0, 0, 0.343639551, -0.156221875, -0.134515332, 0.0217882222, 0.0287092482, -0.999315923, 0.682495117, -0.730712891, -0.0059814453, -0.730483944, -0.681886858, -0.035559962, 0, 3, 1, 1, 
304.886191, 37, 0.1, 0.1, -0.00794114554, 0.374625957, -0.01995436, 0.89224096, -2.69403365e-005, -0.451559597, 0.451559597, 1.48719805e-005, 0.89224096, -1.73216861e-005, -1, 2.54345576e-005, 0.892240918, -1.20935867e-005, -0.451559679, 0.451559679, -9.22281122e-006, 0.892240918, -1.49550426e-005, -1, -2.76799342e-006, 0, 0, 0, 0, 0, 0, 0, 0.309898633, -0.19539458, -0.165833887, -0.0920655557, 0.630235327, -0.770872493, -0.995239258, -0.0823974609, 0.0513916016, -0.0311472642, 0.771998035, 0.635000736, 0, 0, -0, 0, 0, 0, 0, 0.342982031, -0.155802734, -0.133397412, 0.0189464125, 0.0314806957, -0.999328683, 0.692626953, -0.721191406, -0.00952148436, -0.720963213, -0.691905954, -0.0354385604, 0, 3, 1, 1, 
304.886976, 37, 0.1, 0.1, -0.00794114084, 0.374625959, -0.0199538434, 0.892241358, 2.93610002e-005, -0.451558809, 0.45155881, -3.9756606e-005, 0.892241357, 8.244653e-006, -0.999999999, -4.87307065e-005, 0.892241249, 4.01474881e-005, -0.451559024, 0.451559025, -1.32930636e-005, 0.892241249, 2.98186421e-005, -0.999999999, -2.99895803e-005, 0, 0, 0, 0, 0, 0, 0, 0.309898633, -0.19539458, -0.165833887, -0.0920655557, 0.630235327, -0.770872493, -0.995239258, -0.0823974609, 0.0513916016, -0.0311472642, 0.771998035, 0.635000736, 0, 0, -0, 0, 0, 0, 0, 0.342982031, -0.155802734, -0.133397412, 0.0189464125, 0.0314806957, -0.999328683, 0.692626953, -0.721191406, -0.00952148436, -0.720963213, -0.691905954, -0.0354385604, 0, 3, 1, 1, 
304.887762, 37, 0.1, 0.1, -0.00794114691, 0.374625957, -0.0199572779, 0.892242124, -3.43589267e-005, -0.451557294, 0.451557296, 5.52733211e-005, 0.892242123, -5.69741037e-006, -0.999999998, 6.48322095e-005, 0.89224194, -4.82807694e-005, -0.451557658, 0.451557659, 1.9767255e-005, 0.89224194, -3.4152072e-005, -0.999999999, 3.94387251e-005, 0, 0, 0, 0, 0, 0, 0, 0.309898633, -0.19539458, -0.165833887, -0.0920655557, 0.630235327, -0.770872493, -0.995239258, -0.0823974609, 0.0513916016, -0.0311472642, 0.771998035, 0.635000736, 0, 0, -0, 0, 0, 0, 0, 0.342982031, -0.155802734, -0.133397412, 0.0189464125, 0.0314806957, -0.999328683, 0.692626953, -0.721191406, -0.00952148436, -0.720963213, -0.691905954, -0.0354385604, 0, 3, 1, 1, 
304.888574, 37, 0.1, 0.1, -0.00794113742, 0.374625969, -0.019963328, 0.892243291, 6.02007366e-005, -0.451554988, 0.451554989, -1.55430832e-005, 0.892243292, 4.66951466e-005, -0.999999998, -4.10521547e-005, 0.892243026, 5.65863381e-005, -0.451555511, 0.451555509, 3.6828202e-005, 0.892243028, 6.71187432e-005, -0.999999998, 7.30783371e-006, 0, 0, 0, 0, 0, 0, 0, 0.309363965, -0.195409351, -0.164215039, -0.102032956, 0.630025271, -0.769837561, -0.993896484, -0.0952148438, 0.0537109375, -0.0394559378, 0.770671793, 0.636072738, 0, 0, -0, 0, 0, 0, 0, 0.342982031, -0.155802734, -0.133397412, 0.0158873192, 0.0340669424, -0.999232801, 0.702148437, -0.711791992, -0.0130615234, -0.711710805, -0.701330803, -0.0351829974, 0, 3, 1, 1, 
304.889355, 37, 0.1, 0.1, -0.00794113737, 0.37462595, -0.0199693398, 0.89224475, -4.22105485e-005, -0.451552106, 0.451552102, -8.19311133e-005, 0.892244749, -7.46583071e-005, -0.999999996, -5.40423438e-005, 0.892244446, -2.74537618e-005, -0.451552708, 0.451552703, -0.000100503607, 0.892244443, -6.98781423e-005, -0.999999995, -7.72769649e-005, 0, 0, 0, 0, 0, 0, 0, 0.309363965, -0.195409351, -0.164215039, -0.102032956, 0.630025271, -0.769837561, -0.993896484, -0.0952148438, 0.0537109375, -0.0394559378, 0.770671793, 0.636072738, 0, 0, -0, 0, 0, 0, 0, 0.342304492, -0.15538335, -0.132492725, 0.0158873192, 0.0340669424, -0.999232801, 0.702148437, -0.711791992, -0.0130615234, -0.711710805, -0.701330803, -0.0351829974, 0, 3, 1, 1, 
304.890146, 37, 0.1, 0.1, -0.00794114332, 0.374625957, -0.0199737367, 0.892246431, 4.83328111e-006, -0.451548787, 0.451548785, 8.45441681e-005, 0.892246428, 4.24882943e-005, -0.999999996, 7.325177e-005, 0.892246082, -1.5183496e-005, -0.451549475, 0.451549475, 6.77071441e-005, 0.89224608, 1.70257106e-005, -0.999999998, 6.72675337e-005, 0, 0, 0, 0, 0, 0, 0, 0.309363965, -0.195409351, -0.164215039, -0.102032956, 0.630025271, -0.769837561, -0.993896484, -0.0952148438, 0.0537109375, -0.0394559378, 0.770671793, 0.636072738, 0, 0, -0, 0, 0, 0, 0, 0.342304492, -0.15538335, -0.132492725, 0.0158873192, 0.0340669424, -0.999232801, 0.702148437, -0.711791992, -0.0130615234, -0.711710805, -0.701330803, -0.0351829974, 0, 3, 1, 1, 
304.890929, 37, 0.1, 0.1, -0.00794113491, 0.374625967, -0.019975212, 0.8922482, 3.72579203e-005, -0.45154529, 0.451545291, -2.14868708e-005, 0.8922482, 2.3541017e-005, -0.999999999, -3.59952603e-005, 0.892247849, 4.13305712e-005, -0.451545983, 0.451545983, 2.21486392e-005, 0.89224785, 4.68782424e-005, -0.999999999, 1.09942232e-006, 0, 0, 0, 0, 0, 0, 0, 0.309363965, -0.195409351, -0.164215039, -0.102032956, 0.630025271, -0.769837561, -0.993896484, -0.0952148438, 0.0537109375, -0.0394559378, 0.770671793, 0.636072738, 0, 0, -0, 0, 0, 0, 0, 0.342304492, -0.15538335, -0.132492725, 0.0158873192, 0.0340669424, -0.999232801, 0.702148437, -0.711791992, -0.0130615234, -0.711710805, -0.701330803, -0.0351829974, 0, 3, 1, 1, 
304.891778, 37, 0.1, 0.1, -0.00794113344, 0.374625951, -0.01997351, 0.892250017, -7.03107989e-006, -0.451541701, 0.451541699, -6.40392002e-005, 0.892250015, -3.51898505e-005, -0.999999998, -5.39641517e-005, 0.89224964, -4.73428292e-006, -0.451542445, 0.451542443, -8.4467094e-005, 0.892249637, -4.23646404e-005, -0.999999996, -7.32280046e-005, 0, 0, 0, 0, 0, 0, 0, 0.309363965, -0.195409351, -0.164215039, -0.102032956, 0.630025271, -0.769837561, -0.993896484, -0.0952148438, 0.0537109375, -0.0394559378, 0.770671793, 0.636072738, 0, 0, -0, 0, 0, 0, 0, 0.342304492, -0.15538335, -0.132492725, 0.0158873192, 0.0340669424, -0.999232801, 0.702148437, -0.711791992, -0.0130615234, -0.711710805, -0.701330803, -0.0351829974, 0, 3, 1, 1, 
304.892689, 37, 0.1, 0.1, -0.00794113205, 0.374625965, -0.0199661203, 0.892252074, -2.67128074e-006, -0.451537636, 0.451537635, 8.10231986e-005, 0.892252071, 3.42015678e-005, -0.999999997, 7.34993007e-005, 0.892251753, 3.80613438e-006, -0.451538271, 0.451538268, 8.94716999e-005, 0.892251749, 4.37959267e-005, -0.999999996, 7.81126658e-005, 0, 0, 0, 0, 0, 0, 0, 0.309363965, -0.195409351, -0.164215039, -0.102032956, 0.630025271, -0.769837561, -0.993896484, -0.0952148438, 0.0537109375, -0.0394559378, 0.770671793, 0.636072738, 0, 0, -0, 0, 0, 0, 0, 0.342304492, -0.15538335, -0.132492725, 0.0158873192, 0.0340669424, -0.999232801, 0.702148437, -0.711791992, -0.0130615234, -0.711710805, -0.701330803, -0.0351829974, 0, 3, 1, 1, 
304.8935, 37, 0.1, 0.1, -0.00794113481, 0.37462596, -0.0199594847, 0.892253397, 3.1771989e-006, -0.451535021, 0.45153502, -7.16852275e-005, 0.892253395, -2.95335242e-005, -0.999999997, -6.53960044e-005, 0.892253187, -1.20967214e-005, -0.451535436, 0.451535435, -6.67730707e-005, 0.892253185, -4.09437458e-005, -0.999999998, -5.41163868e-005, 0, 0, 0, 0, 0, 0, 0, 0.308441895, -0.195628174, -0.165045117, -0.111160132, 0.634782445, -0.764586517, -0.992797852, -0.103759766, 0.0581054688, -0.0424596448, 0.765592613, 0.641915019, 0, 0, -0, 0, 0, 0, 0, 0.341109521, -0.154874707, -0.133602344, 0.00878989028, 0.0409215681, -0.999098639, 0.710327148, -0.703491211, -0.0225830078, -0.703742043, -0.709325085, -0.0352916392, 0, 3, 1, 1, 
304.894282, 37, 0.1, 0.1, -0.00794112683, 0.374625965, -0.0199554612, 0.892254137, 6.80967787e-006, -0.451533558, 0.451533556, 8.92927259e-005, 0.892254134, 4.63946255e-005, -0.999999996, 7.65970061e-005, 0.892254044, 3.24142244e-005, -0.451533742, 0.45153374, 6.71524986e-005, 0.892254043, 5.92433417e-005, -0.999999997, 4.52809725e-005, 0, 0, 0, 0, 0, 0, 0, 0.308441895, -0.195628174, -0.165045117, -0.111160132, 0.634782445, -0.764586517, -0.992797852, -0.103759766, 0.0581054688, -0.0424596448, 0.765592613, 0.641915019, 0, 0, -0, 0, 0, 0, 0, 0.341109521, -0.154874707, -0.133602344, 0.00878989028, 0.0409215681, -0.999098639, 0.710327148, -0.703491211, -0.0225830078, -0.703742043, -0.709325085, -0.0352916392, 0, 3, 1, 1, 
304.895061, 37, 0.1, 0.1, -0.00794113657, 0.374625972, -0.0199552172, 0.892254272, -2.63825731e-005, -0.451533291, 0.45153329, -4.52110754e-005, 0.892254272, -4.39542693e-005, -0.999999999, -2.84271652e-005, 0.892254289, -5.84354291e-005, -0.451533255, 0.451533256, -3.66269147e-006, 0.89225429, -5.37930894e-005, -0.999999998, 2.31174874e-005, 0, 0, 0, 0, 0, 0, 0, 0.308441895, -0.195628174, -0.165045117, -0.111160132, 0.634782445, -0.764586517, -0.992797852, -0.103759766, 0.0581054688, -0.0424596448, 0.765592613, 0.641915019, 0, 0, -0, 0, 0, 0, 0, 0.341109521, -0.154874707, -0.133602344, 0.00878989028, 0.0409215681, -0.999098639, 0.710327148, -0.703491211, -0.0225830078, -0.703742043, -0.709325085, -0.0352916392, 0, 3, 1, 1, 
304.89584, 37, 0.1, 0.1, -0.00794112422, 0.374625962, -0.019958566, 0.892253873, 5.13579004e-005, -0.451534078, 0.451534079, -6.21947718e-006, 0.892253874, 4.30159797e-005, -0.999999999, -2.87391949e-005, 0.892253975, 7.22109564e-005, -0.451533874, 0.451533877, -3.1448577e-005, 0.892253975, 5.02304151e-005, -0.999999997, -6.06658109e-005, 0, 0, 0, 0, 0, 0, 0, 0.308441895, -0.195628174, -0.165045117, -0.111160132, 0.634782445, -0.764586517, -0.992797852, -0.103759766, 0.0581054688, -0.0424596448, 0.765592613, 0.641915019, 0, 0, -0, 0, 0, 0, 0, 0.341109521, -0.154874707, -0.133602344, 0.00878989028, 0.0409215681, -0.999098639, 0.710327148, -0.703491211, -0.0225830078, -0.703742043, -0.709325085, -0.0352916392, 0, 3, 1, 1, 
304.896621, 37, 0.1, 0.1, -0.00794113221, 0.374625969, -0.0199641051, 0.892253198, -5.19084913e-005, -0.451535411, 0.451535413, 2.2227994e-005, 0.892253199, -3.6278791e-005, -0.999999998, 4.32715208e-005, 0.892253341, -6.34267558e-005, -0.451535128, 0.451535131, 3.29699371e-005, 0.892253341, -4.170565e-005, -0.999999997, 5.8056945e-005, 0, 0, 0, 0, 0, 0, 0, 0.308441895, -0.195628174, -0.165045117, -0.111160132, 0.634782445, -0.764586517, -0.992797852, -0.103759766, 0.0581054688, -0.0424596448, 0.765592613, 0.641915019, 0, 0, -0, 0, 0, 0, 0, 0.341109521, -0.154874707, -0.133602344, 0.00878989028, 0.0409215681, -0.999098639, 0.710327148, -0.703491211, -0.0225830078, -0.703742043, -0.709325085, -0.0352916392, 0, 3, 1, 1, 
304.897402, 37, 0.1, 0.1, -0.00794112519, 0.374625965, -0.0199698247, 0.892252521, 4.93324239e-005, -0.451536749, 0.451536751, -3.88092307e-005, 0.892252521, 2.64931857e-005, -0.999999998, -5.69030364e-005, 0.892252644, 5.41114886e-005, -0.451536506, 0.451536508, -3.71986618e-005, 0.892252644, 3.1484565e-005, -0.999999998, -5.7623917e-005, 0, 0, 0, 0, 0, 0, 0, 0.308441895, -0.195628174, -0.165045117, -0.111160132, 0.634782445, -0.764586517, -0.992797852, -0.103759766, 0.0581054688, -0.0424596448, 0.765592613, 0.641915019, 0, 0, -0, 0, 0, 0, 0, 0.341109521, -0.154874707, -0.133602344, 0.00878989028, 0.0409215681, -0.999098639, 0.710327148, -0.703491211, -0.0225830078, -0.703742043, -0.709325085, -0.0352916392, 0, 3, 1, 1, 
304.898212, 37, 0.1, 0.1, -0.00794112836, 0.374625964, -0.019973775, 0.892252037, -4.02639501e-005, -0.451537706, 0.451537708, 2.85829509e-005, 0.892252037, -2.30193114e-005, -0.999999999, 4.36838879e-005, 0.892252103, -4.14127199e-005, -0.451537577, 0.451537578, 1.72696244e-005, 0.892252103, -2.91527021e-005, -0.999999999, 3.41082579e-005, 0, 0, 0, 0, 0, 0, 0, 0.307429517, -0.197445093, -0.165920483, -0.118025362, 0.638766039, -0.760148366, -0.99206543, -0.106567383, 0.064453125, -0.0397656041, 0.761871876, 0.646526538, 0, 0, -0, 0, 0, 0, 0, 0.340062744, -0.154009668, -0.134275732, 0.00352004856, 0.0467984178, -0.998887919, 0.719482422, -0.693847656, -0.0297851562, -0.694476509, -0.71852682, -0.0361286906, 0, 3, 1, 1, 
304.898995, 37, 0.1, 0.1, -0.00794112514, 0.374625968, -0.019974559, 0.892251872, 3.47554694e-005, -0.451538033, 0.451538034, -1.72523289e-005, 0.892251872, 2.322055e-005, -0.999999999, -3.10868391e-005, 0.892251877, 3.30130025e-005, -0.451538024, 0.451538024, 9.80873937e-007, 0.892251878, 2.98988154e-005, -0.999999999, -1.40314393e-005, 0, 0, 0, 0, 0, 0, 0, 0.307429517, -0.197445093, -0.165920483, -0.118025362, 0.638766039, -0.760148366, -0.99206543, -0.106567383, 0.064453125, -0.0397656041, 0.761871876, 0.646526538, 0, 0, -0, 0, 0, 0, 0, 0.340062744, -0.154009668, -0.134275732, 0.00352004856, 0.0467984178, -0.998887919, 0.719482422, -0.693847656, -0.0297851562, -0.694476509, -0.71852682, -0.0361286906, 0, 3, 1, 1, 
304.899776, 37, 0.1, 0.1, -0.00794112633, 0.374625963, -0.019972489, 0.892252009, -2.54781258e-005, -0.451537763, 0.451537763, 2.765099e-007, 0.89225201, -2.26080543e-005, -1, 1.17510524e-005, 0.892251961, -2.72124238e-005, -0.451537858, 0.451537858, -1.3379873e-005, 0.892251962, -3.03218578e-005, -1, 3.49221612e-007, 0, 0, 0, 0, 0, 0, 0, 0.307429517, -0.197445093, -0.165920483, -0.118025362, 0.638766039, -0.760148366, -0.99206543, -0.106567383, 0.064453125, -0.0397656041, 0.761871876, 0.646526538, 0, 0, -0, 0, 0, 0, 0, 0.340062744, -0.154009668, -0.134275732, 0.00352004856, 0.0467984178, -0.998887919, 0.719482422, -0.693847656, -0.0297851562, -0.694476509, -0.71852682, -0.0361286906, 0, 3, 1, 1, 
304.900556, 37, 0.1, 0.1, -0.00794112005, 0.374625965, -0.0199684544, 0.892252365, 3.52806337e-005, -0.451537059, 0.45153706, -3.69080457e-006, 0.892252365, 2.98126938e-005, -0.999999999, -1.92236427e-005, 0.892252284, 4.51495658e-005, -0.451537218, 0.451537219, -2.56792317e-006, 0.892252285, 3.91252903e-005, -0.999999999, -2.26779447e-005, 0, 0, 0, 0, 0, 0, 0, 0.307429517, -0.197445093, -0.165920483, -0.118025362, 0.638766039, -0.760148366, -0.99206543, -0.106567383, 0.064453125, -0.0397656041, 0.761871876, 0.646526538, 0, 0, -0, 0, 0, 0, 0, 0.340062744, -0.154009668, -0.134275732, 0.00352004856, 0.0467984178, -0.998887919, 0.719482422, -0.693847656, -0.0297851562, -0.694476509, -0.71852682, -0.0361286906, 0, 3, 1, 1, 
304.901335, 37, 0.1, 0.1, -0.0079411268, 0.374625966, -0.0199639078, 0.892252746, -4.07298458e-005, -0.451536305, 0.451536306, 3.33607079e-006, 0.892252747, -3.48349597e-005, -0.999999999, 2.13676224e-005, 0.892252676, -5.49630268e-005, -0.451536443, 0.451536444, 9.83100507e-006, 0.892252677, -4.46018507e-005, -0.999999998, 3.35895502e-005, 0, 0, 0, 0, 0, 0, 0, 0.307429517, -0.197445093, -0.165920483, -0.118025362, 0.638766039, -0.760148366, -0.99206543, -0.106567383, 0.064453125, -0.0397656041, 0.761871876, 0.646526538, 0, 0, -0, 0, 0, 0, 0, 0.340062744, -0.154009668, -0.134275732, 0.00352004856, 0.0467984178, -0.998887919, 0.719482422, -0.693847656, -0.0297851562, -0.694476509, -0.71852682, -0.0361286906, 0, 3, 1, 1, 
304.902117, 37, 0.1, 0.1, -0.00794112029, 0.374625969, -0.0199603436, 0.89225292, 2.98271276e-005, -0.451535963, 0.451535962, 2.39766495e-005, 0.892252921, 3.74396613e-005, -0.999999999, 7.92521478e-006, 0.892252907, 4.00700446e-005, -0.451535987, 0.451535987, 2.67689649e-005, 0.892252908, 4.78397648e-005, -0.999999999, 5.79161961e-006, 0, 0, 0, 0, 0, 0, 0, 0.307429517, -0.197445093, -0.165920483, -0.118025362, 0.638766039, -0.760148366, -0.99206543, -0.106567383, 0.064453125, -0.0397656041, 0.761871876, 0.646526538, 0, 0, -0, 0, 0, 0, 0, 0.340062744, -0.154009668, -0.134275732, 0.00352004856, 0.0467984178, -0.998887919, 0.719482422, -0.693847656, -0.0297851562, -0.694476509, -0.71852682, -0.0361286906, 0, 3, 1, 1, 
304.902927, 37, 0.1, 0.1, -0.00794112673, 0.374625967, -0.0199587199, 0.892253069, -3.86883771e-005, -0.451535667, 0.451535667, -1.47098858e-005, 0.89225307, -4.11618614e-005, -0.999999999, 4.34424137e-006, 0.892253029, -5.4669961e-005, -0.451535744, 0.451535745, -8.07485116e-006, 0.892253031, -5.24255223e-005, -0.999999998, 1.74806311e-005, 0, 0, 0, 0, 0, 0, 0, 0.306283594, -0.197903516, -0.167428345, -0.127498891, 0.643155519, -0.755011898, -0.991088867, -0.111083984, 0.0726318359, -0.0371528169, 0.757592484, 0.651645414, 0, 0, -0, 0, 0, 0, 0, 0.340062744, -0.154009668, -0.134275732, -0.00109211246, 0.051749264, -0.998568557, 0.725708008, -0.687011719, -0.0363769531, -0.687964932, -0.724757314, -0.0368315805, 0, 3, 1, 1, 
304.903707, 37, 0.1, 0.1, -0.00794111933, 0.374625968, -0.0199593614, 0.89225307, 2.47821932e-005, -0.451535666, 0.451535665, 4.11135546e-005, 0.89225307, 4.06762242e-005, -0.999999999, 2.54936513e-005, 0.892253096, 4.75684507e-005, -0.451535614, 0.451535613, 1.69880345e-005, 0.892253097, 5.01138e-005, -0.999999999, -6.32122315e-006, 0, 0, 0, 0, 0, 0, 0, 0.306283594, -0.197903516, -0.167428345, -0.127498891, 0.643155519, -0.755011898, -0.991088867, -0.111083984, 0.0726318359, -0.0371528169, 0.757592484, 0.651645414, 0, 0, -0, 0, 0, 0, 0, 0.33877832, -0.154706104, -0.134715869, -0.00109211246, 0.051749264, -0.998568557, 0.725708008, -0.687011719, -0.0363769531, -0.687964932, -0.724757314, -0.0368315805, 0, 3, 1, 1, 
304.904491, 37, 0.1, 0.1, -0.00794112556, 0.374625969, -0.0199620943, 0.892252683, -1.88022835e-005, -0.451536431, 0.45153643, -4.57441206e-005, 0.892252683, -3.74315249e-005, -0.999999999, -3.23253984e-005, 0.892252787, -4.34456911e-005, -0.451536225, 0.451536225, -1.65352313e-005, 0.892252788, -4.62307949e-005, -0.999999999, 4.86369716e-006, 0, 0, 0, 0, 0, 0, 0, 0.306283594, -0.197903516, -0.167428345, -0.127498891, 0.643155519, -0.755011898, -0.991088867, -0.111083984, 0.0726318359, -0.0371528169, 0.757592484, 0.651645414, 0, 0, -0, 0, 0, 0, 0, 0.33877832, -0.154706104, -0.134715869, -0.00109211246, 0.051749264, -0.998568557, 0.725708008, -0.687011719, -0.0363769531, -0.687964932, -0.724757314, -0.0368315805, 0, 3, 1, 1, 
304.905308, 37, 0.1, 0.1, -0.0079411151, 0.374625963, -0.0199657903, 0.892251899, 3.61716547e-005, -0.451537981, 0.451537981, 1.30856226e-005, 0.892251899, 3.81828832e-005, -0.999999999, -4.65720431e-006, 0.892252083, 5.74441472e-005, -0.451537615, 0.451537616, -1.27303408e-005, 0.892252084, 4.55064323e-005, -0.999999998, -3.72968664e-005, 0, 0, 0, 0, 0, 0, 0, 0.305375562, -0.198323389, -0.166866138, -0.136460195, 0.643770339, -0.752859658, -0.989868164, -0.118041992, 0.0784912109, -0.0383289166, 0.756012003, 0.653529188, 0, 0, -0, 0, 0, 0, 0, 0.33877832, -0.154706104, -0.134715869, -0.00201738286, 0.0530963417, -0.998491998, 0.732788086, -0.679321289, -0.0375976562, -0.680329391, -0.731734808, -0.0375599901, 0, 3, 1, 1, 
304.906088, 37, 0.1, 0.1, -0.0079411238, 0.374625974, -0.0199688668, 0.892250945, -5.23244391e-005, -0.451539864, 0.451539866, 4.11412355e-005, 0.892250944, -2.81096223e-005, -0.999999998, 6.03348764e-005, 0.892251136, -6.24981401e-005, -0.451539485, 0.451539488, 5.05293532e-005, 0.892251135, -3.29480383e-005, -0.999999997, 7.33052509e-005, 0, 0, 0, 0, 0, 0, 0, 0.305375562, -0.198323389, -0.166866138, -0.136460195, 0.643770339, -0.752859658, -0.989868164, -0.118041992, 0.0784912109, -0.0383289166, 0.756012003, 0.653529188, 0, 0, -0, 0, 0, 0, 0, 0.337761475, -0.155656689, -0.13338667, -0.00201738286, 0.0530963417, -0.998491998, 0.732788086, -0.679321289, -0.0375976562, -0.680329391, -0.731734808, -0.0375599901, 0, 3, 1, 1, 
304.90687, 37, 0.1, 0.1, -0.00794111695, 0.374625969, -0.0199707921, 0.892250133, 5.84638384e-005, -0.451541467, 0.45154147, -7.01903189e-005, 0.892250131, 2.04705279e-005, -0.999999996, -8.90261689e-005, 0.892250257, 5.71356964e-005, -0.451541222, 0.451541225, -5.21066774e-005, 0.892250256, 2.7451027e-005, -0.999999997, -7.22913187e-005, 0, 0, 0, 0, 0, 0, 0, 0.305375562, -0.198323389, -0.166866138, -0.136460195, 0.643770339, -0.752859658, -0.989868164, -0.118041992, 0.0784912109, -0.0383289166, 0.756012003, 0.653529188, 0, 0, -0, 0, 0, 0, 0, 0.337761475, -0.155656689, -0.13338667, -0.00201738286, 0.0530963417, -0.998491998, 0.732788086, -0.679321289, -0.0375976562, -0.680329391, -0.731734808, -0.0375599901, 0, 3, 1, 1, 
304.907693, 37, 0.1, 0.1, -0.00794111586, 0.374625956, -0.0199709085, 0.892249722, -3.02211064e-005, -0.451542283, 0.451542283, -3.72718166e-006, 0.892249722, -2.86477539e-005, -1, 1.03205306e-005, 0.892249774, -1.78190551e-005, -0.451542181, 0.45154218, -4.95234077e-005, 0.892249773, -3.82609554e-005, -0.999999999, -3.61411943e-005, 0, 0, 0, 0, 0, 0, 0, 0.305375562, -0.198323389, -0.166866138, -0.136460195, 0.643770339, -0.752859658, -0.989868164, -0.118041992, 0.0784912109, -0.0383289166, 0.756012003, 0.653529188, 0, 0, -0, 0, 0, 0, 0, 0.337761475, -0.155656689, -0.13338667, -0.00201738286, 0.0530963417, -0.998491998, 0.732788086, -0.679321289, -0.0375976562, -0.680329391, -0.731734808, -0.0375599901, 0, 3, 1, 1, 
304.908605, 37, 0.1, 0.1, -0.00794111383, 0.374625972, -0.0199671813, 0.892249802, 2.43300466e-005, -0.451542125, 0.451542124, 4.07455774e-005, 0.892249802, 4.01068238e-005, -0.999999999, 2.53691924e-005, 0.89224977, 2.26725146e-005, -0.451542189, 0.451542186, 6.49667622e-005, 0.892249769, 4.95647799e-005, -0.999999998, 4.77289818e-005, 0, 0, 0, 0, 0, 0, 0, 0.305375562, -0.198323389, -0.166866138, -0.136460195, 0.643770339, -0.752859658, -0.989868164, -0.118041992, 0.0784912109, -0.0383289166, 0.756012003, 0.653529188, 0, 0, -0, 0, 0, 0, 0, 0.337761475, -0.155656689, -0.13338667, -0.00201738286, 0.0530963417, -0.998491998, 0.732788086, -0.679321289, -0.0375976562, -0.680329391, -0.731734808, -0.0375599901, 0, 3, 1, 1, 
304.909383, 37, 0.1, 0.1, -0.00794111521, 0.374625966, -0.0199632873, 0.892250111, -2.389035e-005, -0.451541513, 0.451541513, -2.13401488e-005, 0.892250112, -3.09521305e-005, -0.999999999, -8.25326534e-006, 0.892250038, -2.31395574e-005, -0.451541658, 0.451541657, -4.18366915e-005, 0.892250038, -3.953728e-005, -0.999999999, -2.68803155e-005, 0, 0, 0, 0, 0, 0, 0, 0.305375562, -0.198323389, -0.166866138, -0.136460195, 0.643770339, -0.752859658, -0.989868164, -0.118041992, 0.0784912109, -0.0383289166, 0.756012003, 0.653529188, 0, 0, -0, 0, 0, 0, 0, 0.337761475, -0.155656689, -0.13338667, -0.00201738286, 0.0530963417, -0.998491998, 0.732788086, -0.679321289, -0.0375976562, -0.680329391, -0.731734808, -0.0375599901, 0, 3, 1, 1, 
304.910194, 37, 0.1, 0.1, -0.00794111115, 0.374625974, -0.0199603408, 0.892250643, 3.27950379e-005, -0.451540463, 0.451540463, 1.49328355e-005, 0.892250643, 3.60041731e-005, -0.999999999, -1.48445451e-006, 0.892250516, 3.14749989e-005, -0.451540714, 0.451540712, 4.5237238e-005, 0.892250516, 4.85100387e-005, -0.999999998, 2.61507055e-005, 0, 0, 0, 0, 0, 0, 0, 0.305573242, -0.198375513, -0.165706592, -0.145435724, 0.642792695, -0.752040774, -0.98840332, -0.127319336, 0.0822753906, -0.0427161532, 0.755301703, 0.654017449, 0, 0, -0, 0, 0, 0, 0, 0.337761475, -0.155656689, -0.13338667, -0.00170238447, 0.0556184227, -0.998454085, 0.744018555, -0.666992188, -0.0383300781, -0.668144755, -0.742884799, -0.0402563449, 0, 3, 1, 1, 
304.910977, 37, 0.1, 0.1, -0.00794111739, 0.374625971, -0.0199592341, 0.892251386, -4.16311276e-005, -0.451538993, 0.451538993, -1.76542884e-005, 0.892251387, -4.51170309e-005, -0.999999999, 3.04601416e-006, 0.892251236, -5.50549006e-005, -0.451539289, 0.451539289, -1.27560886e-005, 0.892251237, -5.48826784e-005, -0.999999998, 1.34778149e-005, 0, 0, 0, 0, 0, 0, 0, 0.305573242, -0.198375513, -0.165706592, -0.145435724, 0.642792695, -0.752040774, -0.98840332, -0.127319336, 0.0822753906, -0.0427161532, 0.755301703, 0.654017449, 0, 0, -0, 0, 0, 0, 0, 0.337145605, -0.15505459, -0.131654932, -0.00170238447, 0.0556184227, -0.998454085, 0.744018555, -0.666992188, -0.0383300781, -0.668144755, -0.742884799, -0.0402563449, 0, 3, 1, 1, 
304.911755, 37, 0.1, 0.1, -0.00794111141, 0.374625972, -0.019960408, 0.892251922, 1.82966601e-005, -0.451537937, 0.451537936, 4.18785841e-005, 0.892251921, 3.52349996e-005, -0.999999999, 2.9104611e-005, 0.892251847, 4.06811041e-005, -0.451538082, 0.451538082, 1.740477e-005, 0.892251848, 4.41567067e-005, -0.999999999, -2.83962952e-006, 0, 0, 0, 0, 0, 0, 0, 0.305573242, -0.198375513, -0.165706592, -0.145435724, 0.642792695, -0.752040774, -0.98840332, -0.127319336, 0.0822753906, -0.0427161532, 0.755301703, 0.654017449, 0, 0, -0, 0, 0, 0, 0, 0.337145605, -0.15505459, -0.131654932, -0.00170238447, 0.0556184227, -0.998454085, 0.744018555, -0.666992188, -0.0383300781, -0.668144755, -0.742884799, -0.0402563449, 0, 3, 1, 1, 
304.912533, 37, 0.1, 0.1, -0.00794111885, 0.374625974, -0.019963324, 0.892252011, -2.48775477e-005, -0.451537759, 0.451537758, -3.69425054e-005, 0.892252012, -3.8877978e-005, -0.999999999, -2.17288726e-005, 0.892252023, -4.8468786e-005, -0.451537734, 0.451537734, -9.73636661e-006, 0.892252024, -4.76427093e-005, -0.999999999, 1.3198193e-005, 0, 0, 0, 0, 0, 0, 0, 0.305573242, -0.198375513, -0.165706592, -0.145435724, 0.642792695, -0.752040774, -0.98840332, -0.127319336, 0.0822753906, -0.0427161532, 0.755301703, 0.654017449, 0, 0, -0, 0, 0, 0, 0, 0.337145605, -0.15505459, -0.131654932, -0.00170238447, 0.0556184227, -0.998454085, 0.744018555, -0.666992188, -0.0383300781, -0.668144755, -0.742884799, -0.0402563449, 0, 3, 1, 1, 
304.913313, 37, 0.1, 0.1, -0.00794111076, 0.37462597, -0.0199669589, 0.892251705, 3.03787605e-005, -0.451538364, 0.451538364, 1.74115271e-005, 0.892251705, 3.49674733e-005, -0.999999999, 1.81828896e-006, 0.892251788, 4.87835091e-005, -0.451538197, 0.451538198, -5.59200968e-006, 0.892251789, 4.10021673e-005, -0.999999999, -2.70170984e-005, 0, 0, 0, 0, 0, 0, 0, 0.305573242, -0.198375513, -0.165706592, -0.145435724, 0.642792695, -0.752040774, -0.98840332, -0.127319336, 0.0822753906, -0.0427161532, 0.755301703, 0.654017449, 0, 0, -0, 0, 0, 0, 0, 0.337145605, -0.15505459, -0.131654932, -0.00170238447, 0.0556184227, -0.998454085, 0.744018555, -0.666992188, -0.0383300781, -0.668144755, -0.742884799, -0.0402563449, 0, 3, 1, 1, 
304.914091, 37, 0.1, 0.1, -0.00794111389, 0.374625971, -0.0199700192, 0.892251119, -1.5996416e-005, -0.451539522, 0.451539521, -1.6515134e-005, 0.89225112, -2.17300558e-005, -1, -7.51263278e-006, 0.892251248, -2.51908291e-005, -0.451539267, 0.451539267, -1.4307041e-005, 0.892251248, -2.89367395e-005, -1, -1.39082666e-006, 0, 0, 0, 0, 0, 0, 0, 0.305573242, -0.198375513, -0.165706592, -0.145435724, 0.642792695, -0.752040774, -0.98840332, -0.127319336, 0.0822753906, -0.0427161532, 0.755301703, 0.654017449, 0, 0, -0, 0, 0, 0, 0, 0.337145605, -0.15505459, -0.131654932, -0.00170238447, 0.0556184227, -0.998454085, 0.744018555, -0.666992188, -0.0383300781, -0.668144755, -0.742884799, -0.0402563449, 0, 3, 1, 1, 
304.914886, 37, 0.1, 0.1, -0.00794110843, 0.374625975, -0.0199715426, 0.892250481, 3.42668898e-005, -0.451540783, 0.451540783, 8.66944388e-006, 0.892250481, 3.44892564e-005, -0.999999999, -7.73758277e-006, 0.892250602, 3.35981729e-005, -0.451540542, 0.451540542, 2.68764802e-005, 0.892250603, 4.21138105e-005, -0.999999999, 8.80961846e-006, 0, 0, 0, 0, 0, 0, 0, 0.305573242, -0.198375513, -0.165706592, -0.155109571, 0.641897427, -0.750942562, -0.986694336, -0.137207031, 0.0864257813, -0.047610747, 0.754331172, 0.654708653, 0, 0, -0, 0, 0, 0, 0, 0.337145605, -0.15505459, -0.131654932, -0.00170238447, 0.0556184227, -0.998454085, 0.744018555, -0.666992188, -0.0383300781, -0.668144755, -0.742884799, -0.0402563449, 0, 3, 1, 1, 
304.915682, 37, 0.1, 0.1, -0.00794111112, 0.374625974, -0.019970787, 0.892250099, -2.41334132e-005, -0.451541537, 0.451541537, -4.87621459e-006, 0.892250099, -2.37348538e-005, -1, 6.54643556e-006, 0.892250161, -3.30267058e-005, -0.451541415, 0.451541415, -2.91574423e-006, 0.892250161, -3.07846629e-005, -0.999999999, 1.23113522e-005, 0, 0, 0, 0, 0, 0, 0, 0.305733691, -0.198200977, -0.164532153, -0.155109571, 0.641897427, -0.750942562, -0.986694336, -0.137207031, 0.0864257813, -0.047610747, 0.754331172, 0.654708653, 0, 0, -0, 0, 0, 0, 0, 0.33753623, -0.154862842, -0.130168652, -0.000217846188, 0.0589709919, -0.998250294, 0.756225586, -0.653076172, -0.0386962891, -0.65424154, -0.754929443, -0.0445309205, 0, 3, 1, 1, 
304.916459, 37, 0.1, 0.1, -0.00794110594, 0.374625976, -0.0199685083, 0.892249706, 1.92649201e-005, -0.451542314, 0.451542314, 2.5487112e-005, 0.892249706, 2.86976289e-005, -0.999999999, 1.40419416e-005, 0.892249797, 2.95321237e-005, -0.451542133, 0.451542133, 2.52056012e-005, 0.892249798, 3.77314223e-005, -0.999999999, 9.15469448e-006, 0, 0, 0, 0, 0, 0, 0, 0.305733691, -0.198200977, -0.164532153, -0.155109571, 0.641897427, -0.750942562, -0.986694336, -0.137207031, 0.0864257813, -0.047610747, 0.754331172, 0.654708653, 0, 0, -0, 0, 0, 0, 0, 0.33753623, -0.154862842, -0.130168652, -0.000217846188, 0.0589709919, -0.998250294, 0.756225586, -0.653076172, -0.0386962891, -0.65424154, -0.754929443, -0.0445309205, 0, 3, 1, 1, 
304.91724, 37, 0.1, 0.1, -0.00794111056, 0.374625973, -0.0199655685, 0.892249246, -3.64234515e-005, -0.451543223, 0.451543223, -9.32691642e-006, 0.892249247, -3.6710303e-005, -0.999999999, 8.12482852e-006, 0.892249324, -3.63367621e-005, -0.451543068, 0.451543067, -2.87088433e-005, 0.892249325, -4.53847306e-005, -0.999999999, -9.20783305e-006, 0, 0, 0, 0, 0, 0, 0, 0.305733691, -0.198200977, -0.164532153, -0.155109571, 0.641897427, -0.750942562, -0.986694336, -0.137207031, 0.0864257813, -0.047610747, 0.754331172, 0.654708653, 0, 0, -0, 0, 0, 0, 0, 0.33753623, -0.154862842, -0.130168652, -0.000217846188, 0.0589709919, -0.998250294, 0.756225586, -0.653076172, -0.0386962891, -0.65424154, -0.754929443, -0.0445309205, 0, 3, 1, 1, 
304.918048, 37, 0.1, 0.1, -0.00794110441, 0.374625974, -0.0199626976, 0.892249046, 3.624012e-005, -0.451543618, 0.451543618, 7.88739443e-007, 0.892249046, 3.26913628e-005, -0.999999999, -1.56602429e-005, 0.89224907, 4.81597799e-005, -0.45154357, 0.45154357, -5.76063163e-007, 0.892249071, 4.27104012e-005, -0.999999999, -2.22602308e-005, 0, 0, 0, 0, 0, 0, 0, 0.305424951, -0.197691138, -0.16479187, -0.165410221, 0.643304922, -0.747476064, -0.984863281, -0.145751953, 0.0925292969, -0.0494398586, 0.751512816, 0.657867371, 0, 0, -0, 0, 0, 0, 0, 0.337696143, -0.154314795, -0.129993262, -0.00214531249, 0.064080786, -0.997893019, 0.767822266, -0.639160156, -0.0426025391, -0.640574199, -0.766175682, -0.0479301653, 0, 3, 1, 1, 
304.918831, 37, 0.1, 0.1, -0.00794110959, 0.37462597, -0.0199610119, 0.892248793, -2.54566192e-005, -0.451544119, 0.451544118, -4.19728453e-005, 0.892248793, -4.16662292e-005, -0.999999999, -2.59554339e-005, 0.892248864, -3.7182756e-005, -0.451543978, 0.451543976, -4.06694637e-005, 0.892248864, -5.15403232e-005, -0.999999998, -1.94976333e-005, 0, 0, 0, 0, 0, 0, 0, 0.305424951, -0.197691138, -0.16479187, -0.165410221, 0.643304922, -0.747476064, -0.984863281, -0.145751953, 0.0925292969, -0.0494398586, 0.751512816, 0.657867371, 0, 0, -0, 0, 0, 0, 0, 0.337696143, -0.154314795, -0.129993262, -0.00214531249, 0.064080786, -0.997893019, 0.767822266, -0.639160156, -0.0426025391, -0.640574199, -0.766175682, -0.0479301653, 0, 3, 1, 1, 
304.919615, 37, 0.1, 0.1, -0.00794110387, 0.374625972, -0.0199610726, 0.892248428, 3.96493415e-005, -0.451544839, 0.451544839, 1.53345771e-006, 0.892248429, 3.60694876e-005, -0.999999999, -1.65352303e-005, 0.89224849, 3.89451427e-005, -0.451544717, 0.451544716, 2.33237848e-005, 0.89224849, 4.52804766e-005, -0.999999999, 3.22513837e-006, 0, 0, 0, 0, 0, 0, 0, 0.305424951, -0.197691138, -0.16479187, -0.165410221, 0.643304922, -0.747476064, -0.984863281, -0.145751953, 0.0925292969, -0.0494398586, 0.751512816, 0.657867371, 0, 0, -0, 0, 0, 0, 0, 0.337696143, -0.154314795, -0.129993262, -0.00214531249, 0.064080786, -0.997893019, 0.767822266, -0.639160156, -0.0426025391, -0.640574199, -0.766175682, -0.0479301653, 0, 3, 1, 1, 
304.920393, 37, 0.1, 0.1, -0.00794110862, 0.374625969, -0.0199626997, 0.892248331, -3.75807472e-005, -0.451545031, 0.451545031, -5.87597832e-006, 0.892248331, -3.61846278e-005, -0.999999999, 1.17265678e-005, 0.892248335, -4.80082979e-005, -0.451545021, 0.451545021, -5.55321151e-006, 0.892248337, -4.5342849e-005, -0.999999999, 1.67230642e-005, 0, 0, 0, 0, 0, 0, 0, 0.305424951, -0.197691138, -0.16479187, -0.165410221, 0.643304922, -0.747476064, -0.984863281, -0.145751953, 0.0925292969, -0.0494398586, 0.751512816, 0.657867371, 0, 0, -0, 0, 0, 0, 0, 0.337696143, -0.154314795, -0.129993262, -0.00214531249, 0.064080786, -0.997893019, 0.767822266, -0.639160156, -0.0426025391, -0.640574199, -0.766175682, -0.0479301653, 0, 3, 1, 1, 
304.921168, 37, 0.1, 0.1, -0.00794110355, 0.374625973, -0.0199653213, 0.892248177, 2.318825e-005, -0.451545336, 0.451545335, 3.92370447e-005, 0.892248177, 3.84069784e-005, -0.999999999, 2.45386354e-005, 0.892248227, 3.26830025e-005, -0.451545236, 0.451545235, 3.63663591e-005, 0.892248228, 4.55824072e-005, -0.999999999, 1.76899655e-005, 0, 0, 0, 0, 0, 0, 0, 0.305424951, -0.197691138, -0.16479187, -0.165410221, 0.643304922, -0.747476064, -0.984863281, -0.145751953, 0.0925292969, -0.0494398586, 0.751512816, 0.657867371, 0, 0, -0, 0, 0, 0, 0, 0.337696143, -0.154314795, -0.129993262, -0.00214531249, 0.064080786, -0.997893019, 0.767822266, -0.639160156, -0.0426025391, -0.640574199, -0.766175682, -0.0479301653, 0, 3, 1, 1, 
304.92195, 37, 0.1, 0.1, -0.00794110469, 0.374625968, -0.0199679981, 0.892247796, -5.17350785e-006, -0.451546088, 0.451546087, -5.01690504e-005, 0.892247795, -2.72696894e-005, -0.999999999, -4.24271474e-005, 0.892247884, -1.19362069e-005, -0.451545914, 0.451545913, -5.09953441e-005, 0.892247884, -3.36767946e-005, -0.999999999, -4.01107425e-005, 0, 0, 0, 0, 0, 0, 0, 0.305424951, -0.197691138, -0.16479187, -0.165410221, 0.643304922, -0.747476064, -0.984863281, -0.145751953, 0.0925292969, -0.0494398586, 0.751512816, 0.657867371, 0, 0, -0, 0, 0, 0, 0, 0.337696143, -0.154314795, -0.129993262, -0.00214531249, 0.064080786, -0.997893019, 0.767822266, -0.639160156, -0.0426025391, -0.640574199, -0.766175682, -0.0479301653, 0, 3, 1, 1, 
304.92279, 37, 0.1, 0.1, -0.00794110164, 0.374625974, -0.0199696456, 0.892247227, 5.64222065e-007, -0.451547213, 0.451547212, 5.21431562e-005, 0.892247226, 2.40485224e-005, -0.999999999, 4.62698136e-005, 0.89224738, 1.27491916e-005, -0.45154691, 0.451546909, 4.94985495e-005, 0.89224738, 3.37263499e-005, -0.999999999, 3.84080931e-005, 0, 0, 0, 0, 0, 0, 0, 0.305009302, -0.198140918, -0.164697754, -0.173583718, 0.643291818, -0.745698631, -0.983520508, -0.150756836, 0.0989990234, -0.0487632634, 0.750649748, 0.658945365, 0, 0, -0, 0, 0, 0, 0, 0.337696143, -0.154314795, -0.129993262, -0.00466119691, 0.0681304151, -0.997554701, 0.776000977, -0.62890625, -0.0465087891, -0.630650984, -0.774342039, -0.0499812326, 0, 3, 1, 1, 
304.923677, 37, 0.1, 0.1, -0.00794110791, 0.37462597, -0.0199680627, 0.892246432, -1.89063596e-005, -0.451548784, 0.451548783, -4.26733076e-005, 0.892246432, -3.61382121e-005, -0.999999999, -2.95379628e-005, 0.892246585, -2.95339214e-005, -0.451548482, 0.45154848, -4.44157801e-005, 0.892246585, -4.64074186e-005, -0.999999999, -2.62938308e-005, 0, 0, 0, 0, 0, 0, 0, 0.305009302, -0.198140918, -0.164697754, -0.173583718, 0.643291818, -0.745698631, -0.983520508, -0.150756836, 0.0989990234, -0.0487632634, 0.750649748, 0.658945365, 0, 0, -0, 0, 0, 0, 0, 0.337738379, -0.15488833, -0.130014014, -0.00466119691, 0.0681304151, -0.997554701, 0.776000977, -0.62890625, -0.0465087891, -0.630650984, -0.774342039, -0.0499812326, 0, 3, 1, 1, 
304.924456, 37, 0.1, 0.1, -0.0079411048, 0.374625977, -0.0199656351, 0.892245589, 9.73566271e-006, -0.451550451, 0.451550449, 5.9796918e-005, 0.892245587, 3.56879273e-005, -0.999999998, 4.89573934e-005, 0.892245765, 1.70462629e-005, -0.451550102, 0.451550101, 5.97086434e-005, 0.892245764, 4.21708999e-005, -0.999999998, 4.55775425e-005, 0, 0, 0, 0, 0, 0, 0, 0.305009302, -0.198140918, -0.164697754, -0.173583718, 0.643291818, -0.745698631, -0.983520508, -0.150756836, 0.0989990234, -0.0487632634, 0.750649748, 0.658945365, 0, 0, -0, 0, 0, 0, 0, 0.337738379, -0.15488833, -0.130014014, -0.00466119691, 0.0681304151, -0.997554701, 0.776000977, -0.62890625, -0.0465087891, -0.630650984, -0.774342039, -0.0499812326, 0, 3, 1, 1, 
304.925236, 37, 0.1, 0.1, -0.00794110624, 0.374625974, -0.0199634807, 0.892244636, 2.65509149e-006, -0.451552334, 0.451552333, -4.84484108e-005, 0.892244635, -1.95080018e-005, -0.999999999, -4.44267474e-005, 0.892244838, -9.34282736e-006, -0.451551934, 0.451551934, -4.78506808e-005, 0.892244837, -2.99431569e-005, -0.999999999, -3.84757512e-005, 0, 0, 0, 0, 0, 0, 0, 0.305009302, -0.198140918, -0.164697754, -0.173583718, 0.643291818, -0.745698631, -0.983520508, -0.150756836, 0.0989990234, -0.0487632634, 0.750649748, 0.658945365, 0, 0, -0, 0, 0, 0, 0, 0.337738379, -0.15488833, -0.130014014, -0.00466119691, 0.0681304151, -0.997554701, 0.776000977, -0.62890625, -0.0465087891, -0.630650984, -0.774342039, -0.0499812326, 0, 3, 1, 1, 
