time, trialNum, realDorsalTactorPos, realVentralTactorPos, box1PosX, box1PosY, box1PosZ, box1LocalRot_11, box1LocalRot_12, box1LocalRot_13, box1LocalRot_21, box1LocalRot_22, box1LocalRot_23, box1LocalRot_31, box1LocalRot_32, box1LocalRot_33, box1GlobalRot_11, box1GlobalRot_12, box1GlobalRot_13, box1GlobalRot_21, box1GlobalRot_22, box1GlobalRot_23, box1GlobalRot_31, box1GlobalRot_32, box1GlobalRot_33, indexForceX, indexForceY, indexForceZ, indexForceGlobalX, indexForceGlobalY, indexForceGlobalZ, indexContact, indexPosX, indexPosY, indexPosZ, indexRot_11, indexRot_12, indexRot_13, indexRot_21, indexRot_22, indexRot_23, indexRot_31, indexRot_32, indexRot_33, thumbForceX, thumbForceY, thumbForceZ, thumbForceGlobalX, thumbForceGlobalY, thumbForceGlobalZ, thumbContact, thumbPosX, thumbPosY, thumbPosZ, thumbRot_11, thumbRot_12, thumbRot_13, thumbRot_21, thumbRot_22, thumbRot_23, thumbRot_31, thumbRot_32, thumbRot_33, manipForceTooHigh, cceExpType, mapping, trialSuccess, 
541.57809, 36, 0.1, 0.1, 0.0048206019, 0.362737278, -0.0199498342, 0.908245983, -0.418436654, -4.02476863e-005, 0.418436654, 0.908245984, -4.42142513e-006, 3.84048857e-005, -1.28253656e-005, 0.999999999, 0.908246537, -0.418435451, -3.3596217e-005, 0.418435452, 0.908246537, 1.43031469e-005, 2.45287041e-005, -2.70486319e-005, 0.999999999, 0, 0, 0, 0, 0, 0, 0, 0.224497119, -0.0527438721, -0.185786157, -0.184897347, 0.685235437, -0.704382579, -0.968383789, -0.00512695313, 0.249023438, 0.166966278, 0.728310356, 0.664637147, 0, 0, -0, 0, 0, 0, 0, 0.269324951, -0.0030480957, -0.158049609, -0.107528308, 0.386710345, -0.915889373, 0.431518555, -0.811767578, -0.393310547, -0.895662905, -0.43743796, -0.0795708436, 0, 3, 1, 1, 
541.60791, 36, 0.1, 0.1, 0.00482055595, 0.362737338, -0.0199747844, 0.908225729, -0.418480614, 2.64670275e-005, 0.418480613, 0.908225729, 3.35395924e-005, -3.80737046e-005, -1.93855828e-005, 0.999999999, 0.908225859, -0.418480332, 4.7998378e-006, 0.418480332, 0.908225859, -1.14170967e-005, 4.18493601e-007, 1.23779402e-005, 1, 0, 0, 0, 0, 0, 0, 0, 0.236274683, -0.0686450439, -0.175541943, -0.220319822, 0.670359956, -0.708519681, -0.962646484, -0.0323486328, 0.268676758, 0.157127655, 0.741295307, 0.65256243, 0, 0, -0, 0, 0, 0, 0, 0.278563672, -0.0169215332, -0.150843018, -0.132899042, 0.347685727, -0.928113719, 0.447509766, -0.814453125, -0.369262695, -0.884336808, -0.464369757, -0.0473469144, 0, 3, 1, 1, 
541.608696, 36, 0.1, 0.1, 0.00482054617, 0.362737323, -0.0199743745, 0.908225194, -0.418481775, 3.38431291e-005, 0.418481773, 0.908225194, 4.65128887e-005, -5.02019788e-005, -2.80814447e-005, 0.999999998, 0.908225295, -0.418481554, 4.45373185e-005, 0.418481551, 0.908225295, 6.86558791e-005, -6.91811382e-005, -4.371696e-005, 0.999999997, 0, 0, 0, 0, 0, 0, 0, 0.236274683, -0.0686450439, -0.175541943, -0.220319822, 0.670359956, -0.708519681, -0.962646484, -0.0323486328, 0.268676758, 0.157127655, 0.741295307, 0.65256243, 0, 0, -0, 0, 0, 0, 0, 0.279493115, -0.0180283691, -0.149920752, -0.132899042, 0.347685727, -0.928113719, 0.447509766, -0.814453125, -0.369262695, -0.884336808, -0.464369757, -0.0473469144, 0, 3, 1, 1, 
541.609481, 36, 0.1, 0.1, 0.00482054896, 0.362737334, -0.0199711488, 0.908224715, -0.418482815, -3.379989e-005, 0.418482812, 0.908224714, -7.72685795e-005, 6.30334681e-005, 5.60325605e-005, 0.999999996, 0.9082248, -0.41848263, -2.81424573e-005, 0.418482627, 0.908224799, -7.77750834e-005, 5.81071991e-005, 5.88601301e-005, 0.999999997, 0, 0, 0, 0, 0, 0, 0, 0.236274683, -0.0686450439, -0.175541943, -0.220319822, 0.670359956, -0.708519681, -0.962646484, -0.0323486328, 0.268676758, 0.157127655, 0.741295307, 0.65256243, 0, 0, -0, 0, 0, 0, 0, 0.279493115, -0.0180283691, -0.149920752, -0.132899042, 0.347685727, -0.928113719, 0.447509766, -0.814453125, -0.369262695, -0.884336808, -0.464369757, -0.0473469144, 0, 3, 1, 1, 
541.610277, 36, 0.1, 0.1, 0.00482054952, 0.362737333, -0.0199662094, 0.908224402, -0.418483492, 3.79319319e-005, 0.41848349, 0.908224402, 6.29367438e-005, -6.07886945e-005, -4.12867993e-005, 0.999999997, 0.908224437, -0.41848342, 1.77643653e-005, 0.418483419, 0.908224436, 4.57370844e-005, -3.52742421e-005, -3.41054454e-005, 0.999999999, 0, 0, 0, 0, 0, 0, 0, 0.236274683, -0.0686450439, -0.175541943, -0.220319822, 0.670359956, -0.708519681, -0.962646484, -0.0323486328, 0.268676758, 0.157127655, 0.741295307, 0.65256243, 0, 0, -0, 0, 0, 0, 0, 0.279493115, -0.0180283691, -0.149920752, -0.132899042, 0.347685727, -0.928113719, 0.447509766, -0.814453125, -0.369262695, -0.884336808, -0.464369757, -0.0473469144, 0, 3, 1, 1, 
541.611082, 36, 0.1, 0.1, 0.00482054157, 0.362737329, -0.0199611925, 0.908224383, -0.418483537, -1.23429179e-005, 0.418483537, 0.908224382, -3.20995227e-005, 2.46432608e-005, 2.39882613e-005, 0.999999999, 0.908224354, -0.418483598, 2.72756718e-005, 0.418483599, 0.908224354, -1.46321053e-005, -1.86491333e-005, 2.47036557e-005, 1, 0, 0, 0, 0, 0, 0, 0, 0.236274683, -0.0686450439, -0.175541943, -0.220319822, 0.670359956, -0.708519681, -0.962646484, -0.0323486328, 0.268676758, 0.157127655, 0.741295307, 0.65256243, 0, 0, -0, 0, 0, 0, 0, 0.280662402, -0.0191234863, -0.148993604, -0.136029598, 0.345710852, -0.928368916, 0.449829102, -0.813232422, -0.368774414, -0.882579217, -0.467768635, -0.0449188824, 0, 3, 1, 1, 
541.61187, 36, 0.1, 0.1, 0.00482055128, 0.36273733, -0.0199581573, 0.908224722, -0.4184828, -3.70840465e-006, 0.4184828, 0.908224722, 7.67071941e-006, 1.58000655e-007, -8.51864057e-006, 1, 0.908224637, -0.418482983, -4.40443736e-005, 0.418482984, 0.908224637, 8.63969571e-006, 3.63866196e-005, -2.62786054e-005, 0.999999999, 0, 0, 0, 0, 0, 0, 0, 0.236274683, -0.0686450439, -0.175541943, -0.220319822, 0.670359956, -0.708519681, -0.962646484, -0.0323486328, 0.268676758, 0.157127655, 0.741295307, 0.65256243, 0, 0, -0, 0, 0, 0, 0, 0.280662402, -0.0191234863, -0.148993604, -0.136029598, 0.345710852, -0.928368916, 0.449829102, -0.813232422, -0.368774414, -0.882579217, -0.467768635, -0.0449188824, 0, 3, 1, 1, 
541.612668, 36, 0.1, 0.1, 0.00482053354, 0.362737329, -0.0199577937, 0.908225095, -0.418481987, 5.73433012e-005, 0.418481986, 0.908225097, 2.86152098e-005, -6.40555751e-005, -1.99191307e-006, 0.999999998, 0.908225025, -0.418482134, 9.07853829e-005, 0.418482134, 0.908225029, 1.15986174e-005, -8.73073712e-005, 2.74579062e-005, 0.999999996, 0, 0, 0, 0, 0, 0, 0, 0.236274683, -0.0686450439, -0.175541943, -0.225796653, 0.669351234, -0.707771189, -0.961425781, -0.0360107422, 0.272583008, 0.156882772, 0.741949441, 0.651825921, 0, 0, -0, 0, 0, 0, 0, 0.280662402, -0.0191234863, -0.148993604, -0.136029598, 0.345710852, -0.928368916, 0.449829102, -0.813232422, -0.368774414, -0.882579217, -0.467768635, -0.0449188824, 0, 3, 1, 1, 
541.613454, 36, 0.1, 0.1, 0.00482054132, 0.362737332, -0.0199599011, 0.90822514, -0.418481888, -6.28953773e-005, 0.418481887, 0.908225143, -2.88398854e-005, 6.91921328e-005, -1.27467167e-007, 0.999999998, 0.908225139, -0.418481892, -5.90449993e-005, 0.418481891, 0.90822514, -3.83710952e-005, 6.96837613e-005, 1.01403303e-005, 0.999999998, 0, 0, 0, 0, 0, 0, 0, 0.237333496, -0.0700340576, -0.174836206, -0.225796653, 0.669351234, -0.707771189, -0.961425781, -0.0360107422, 0.272583008, 0.156882772, 0.741949441, 0.651825921, 0, 0, -0, 0, 0, 0, 0, 0.280662402, -0.0191234863, -0.148993604, -0.136029598, 0.345710852, -0.928368916, 0.449829102, -0.813232422, -0.368774414, -0.882579217, -0.467768635, -0.0449188824, 0, 3, 1, 1, 
541.614242, 36, 0.1, 0.1, 0.00482053944, 0.362737332, -0.0199638356, 0.908225228, -0.418481698, 5.66334684e-005, 0.418481698, 0.90822523, 9.4335618e-006, -5.53837178e-005, 1.51322712e-005, 0.999999998, 0.908225199, -0.418481763, 4.48091357e-005, 0.418481763, 0.9082252, 7.30350208e-006, -4.37531687e-005, 1.21185815e-005, 0.999999999, 0, 0, 0, 0, 0, 0, 0, 0.237333496, -0.0700340576, -0.174836206, -0.225796653, 0.669351234, -0.707771189, -0.961425781, -0.0360107422, 0.272583008, 0.156882772, 0.741949441, 0.651825921, 0, 0, -0, 0, 0, 0, 0, 0.280662402, -0.0191234863, -0.148993604, -0.136029598, 0.345710852, -0.928368916, 0.449829102, -0.813232422, -0.368774414, -0.882579217, -0.467768635, -0.0449188824, 0, 3, 1, 1, 
541.615025, 36, 0.1, 0.1, 0.00482053926, 0.362737329, -0.0199681574, 0.908225251, -0.41848165, -4.52245354e-005, 0.418481649, 0.908225252, -1.90386764e-005, 4.90414018e-005, -1.63423151e-006, 0.999999999, 0.908225277, -0.418481594, -3.05284746e-005, 0.418481594, 0.908225278, 4.16717591e-006, 2.59828459e-005, -1.65603392e-005, 1, 0, 0, 0, 0, 0, 0, 0, 0.237333496, -0.0700340576, -0.174836206, -0.225796653, 0.669351234, -0.707771189, -0.961425781, -0.0360107422, 0.272583008, 0.156882772, 0.741949441, 0.651825921, 0, 0, -0, 0, 0, 0, 0, 0.280662402, -0.0191234863, -0.148993604, -0.136029598, 0.345710852, -0.928368916, 0.449829102, -0.813232422, -0.368774414, -0.882579217, -0.467768635, -0.0449188824, 0, 3, 1, 1, 
541.615858, 36, 0.1, 0.1, 0.00482054354, 0.36273734, -0.0199711196, 0.908224958, -0.418482287, 1.97332729e-005, 0.418482287, 0.908224959, -6.56618629e-006, -1.51744183e-005, 1.42215994e-005, 1, 0.908225034, -0.418482124, -4.87053163e-006, 0.418482124, 0.908225033, -4.05526667e-005, 2.13941049e-005, 3.47927167e-005, 0.999999999, 0, 0, 0, 0, 0, 0, 0, 0.238796558, -0.0707703125, -0.173686792, -0.231840372, 0.667999905, -0.70713016, -0.960693359, -0.0433349609, 0.273925781, 0.152278366, 0.74278143, 0.651971576, 0, 0, -0, 0, 0, 0, 0, 0.281595508, -0.0199943848, -0.148058398, -0.139613677, 0.344278819, -0.92831751, 0.453857422, -0.810913086, -0.369018555, -0.880010094, -0.472828856, -0.0430723388, 0, 3, 1, 1, 
541.616657, 36, 0.1, 0.1, 0.00482053917, 0.362737331, -0.0199716193, 0.908224494, -0.418483296, 6.7160104e-007, 0.418483295, 0.908224494, 1.95995202e-005, -8.81203633e-006, -1.75197105e-005, 1, 0.908224589, -0.41848309, 1.46180656e-005, 0.418483089, 0.908224588, 4.22038582e-005, -3.09380876e-005, -3.22131685e-005, 0.999999999, 0, 0, 0, 0, 0, 0, 0, 0.238796558, -0.0707703125, -0.173686792, -0.231840372, 0.667999905, -0.70713016, -0.960693359, -0.0433349609, 0.273925781, 0.152278366, 0.74278143, 0.651971576, 0, 0, -0, 0, 0, 0, 0, 0.281595508, -0.0199943848, -0.148058398, -0.139613677, 0.344278819, -0.92831751, 0.453857422, -0.810913086, -0.369018555, -0.880010094, -0.472828856, -0.0430723388, 0, 3, 1, 1, 
541.617444, 36, 0.1, 0.1, 0.0048205455, 0.362737337, -0.0199700079, 0.908224061, -0.418484234, -2.60938037e-005, 0.418484234, 0.908224061, -1.23806762e-005, 2.88801382e-005, 3.24582544e-007, 1, 0.90822414, -0.418484062, -3.34094875e-005, 0.418484061, 0.908224141, -3.45374923e-005, 4.47966932e-005, 1.73864462e-005, 0.999999999, 0, 0, 0, 0, 0, 0, 0, 0.238796558, -0.0707703125, -0.173686792, -0.231840372, 0.667999905, -0.70713016, -0.960693359, -0.0433349609, 0.273925781, 0.152278366, 0.74278143, 0.651971576, 0, 0, -0, 0, 0, 0, 0, 0.281595508, -0.0199943848, -0.148058398, -0.139613677, 0.344278819, -0.92831751, 0.453857422, -0.810913086, -0.369018555, -0.880010094, -0.472828856, -0.0430723388, 0, 3, 1, 1, 
541.61823, 36, 0.1, 0.1, 0.00482053962, 0.362737327, -0.0199671137, 0.908223836, -0.418484721, 5.13535522e-005, 0.41848472, 0.908223837, 3.81595304e-005, -6.26097007e-005, -1.31667182e-005, 0.999999998, 0.908223858, -0.418484673, 4.66049176e-005, 0.41848467, 0.908223859, 5.81082813e-005, -6.66451232e-005, -3.32718838e-005, 0.999999997, 0, 0, 0, 0, 0, 0, 0, 0.238796558, -0.0707703125, -0.173686792, -0.231840372, 0.667999905, -0.70713016, -0.960693359, -0.0433349609, 0.273925781, 0.152278366, 0.74278143, 0.651971576, 0, 0, -0, 0, 0, 0, 0, 0.281595508, -0.0199943848, -0.148058398, -0.139613677, 0.344278819, -0.92831751, 0.453857422, -0.810913086, -0.369018555, -0.880010094, -0.472828856, -0.0430723388, 0, 3, 1, 1, 
541.619016, 36, 0.1, 0.1, 0.00482053998, 0.362737333, -0.0199640309, 0.908223948, -0.418484477, -5.00942337e-005, 0.418484476, 0.90822395, -3.17162212e-005, 5.87695291e-005, 7.84177253e-006, 0.999999998, 0.908223894, -0.418484596, -3.16888232e-005, 0.418484594, 0.908223894, -4.65224174e-005, 4.82494615e-005, 2.89914868e-005, 0.999999998, 0, 0, 0, 0, 0, 0, 0, 0.238796558, -0.0707703125, -0.173686792, -0.231840372, 0.667999905, -0.70713016, -0.960693359, -0.0433349609, 0.273925781, 0.152278366, 0.74278143, 0.651971576, 0, 0, -0, 0, 0, 0, 0, 0.281595508, -0.0199943848, -0.148058398, -0.139613677, 0.344278819, -0.92831751, 0.453857422, -0.810913086, -0.369018555, -0.880010094, -0.472828856, -0.0430723388, 0, 3, 1, 1, 
541.619802, 36, 0.1, 0.1, 0.00482054327, 0.362737327, -0.019961777, 0.908224427, -0.418483438, 4.95957653e-005, 0.418483436, 0.908224428, 3.45825934e-005, -5.95163282e-005, -1.06537498e-005, 0.999999998, 0.908224298, -0.41848372, 1.49249327e-005, 0.418483719, 0.908224297, 4.62851664e-005, -3.29247751e-005, -3.57914714e-005, 0.999999999, 0, 0, 0, 0, 0, 0, 0, 0.238796558, -0.0707703125, -0.173686792, -0.231840372, 0.667999905, -0.70713016, -0.960693359, -0.0433349609, 0.273925781, 0.152278366, 0.74278143, 0.651971576, 0, 0, -0, 0, 0, 0, 0, 0.281595508, -0.0199943848, -0.148058398, -0.139613677, 0.344278819, -0.92831751, 0.453857422, -0.810913086, -0.369018555, -0.880010094, -0.472828856, -0.0430723388, 0, 3, 1, 1, 
541.620617, 36, 0.1, 0.1, 0.00482053225, 0.362737333, -0.0199605684, 0.908225281, -0.418481587, -1.92350597e-005, 0.418481586, 0.908225281, -3.89875468e-005, 3.37853379e-005, 2.73599574e-005, 0.999999999, 0.908225105, -0.418481968, 3.06442324e-005, 0.418481969, 0.908225104, -4.14125339e-005, -1.05014625e-005, 5.04359616e-005, 0.999999999, 0, 0, 0, 0, 0, 0, 0, 0.240099976, -0.0717393311, -0.172562402, -0.236709496, 0.666445633, -0.706946313, -0.960083008, -0.0489501953, 0.275268555, 0.148847434, 0.743892746, 0.651571681, 0, 0, -0, 0, 0, 0, 0, 0.282720605, -0.020457373, -0.147118066, -0.143881322, 0.34258466, -0.928304384, 0.458618164, -0.808105469, -0.369262695, -0.87677636, -0.478898569, -0.0408615904, 0, 3, 1, 1, 
541.621405, 36, 0.1, 0.1, 0.00482054602, 0.362737334, -0.0199611092, 0.908226301, -0.418479373, -2.25287817e-005, 0.418479373, 0.908226301, 1.00297207e-006, 2.00415089e-005, -1.0338756e-005, 1, 0.9082261, -0.418479806, -6.01252348e-005, 0.418479807, 0.908226101, 5.50656288e-006, 5.23029222e-005, -3.01624008e-005, 0.999999998, 0, 0, 0, 0, 0, 0, 0, 0.240099976, -0.0717393311, -0.172562402, -0.236709496, 0.666445633, -0.706946313, -0.960083008, -0.0489501953, 0.275268555, 0.148847434, 0.743892746, 0.651571681, 0, 0, -0, 0, 0, 0, 0, 0.282720605, -0.020457373, -0.147118066, -0.143881322, 0.34258466, -0.928304384, 0.458618164, -0.808105469, -0.369262695, -0.87677636, -0.478898569, -0.0408615904, 0, 3, 1, 1, 
541.622195, 36, 0.1, 0.1, 0.00482053169, 0.362737335, -0.0199631204, 0.908227234, -0.418477345, 5.55954164e-005, 0.418477345, 0.908227235, 5.49036212e-006, -5.27908635e-005, 1.82789259e-005, 0.999999998, 0.908227065, -0.418477709, 7.83941638e-005, 0.418477711, 0.908227067, -6.2244973e-006, -6.85948881e-005, 3.84594671e-005, 0.999999997, 0, 0, 0, 0, 0, 0, 0, 0.240099976, -0.0717393311, -0.172562402, -0.236709496, 0.666445633, -0.706946313, -0.960083008, -0.0489501953, 0.275268555, 0.148847434, 0.743892746, 0.651571681, 0, 0, -0, 0, 0, 0, 0, 0.282720605, -0.020457373, -0.147118066, -0.143881322, 0.34258466, -0.928304384, 0.458618164, -0.808105469, -0.369262695, -0.87677636, -0.478898569, -0.0408615904, 0, 3, 1, 1, 
541.622986, 36, 0.1, 0.1, 0.00482054018, 0.362737333, -0.0199658167, 0.908227853, -0.418476003, -5.41116316e-005, 0.418476003, 0.908227854, -1.43482094e-005, 5.51500724e-005, -9.61297589e-006, 0.999999998, 0.908227758, -0.418476207, -6.32516872e-005, 0.418476208, 0.90822776, 2.03533047e-006, 5.65952008e-005, -2.83178698e-005, 0.999999998, 0, 0, 0, 0, 0, 0, 0, 0.240099976, -0.0717393311, -0.172562402, -0.236709496, 0.666445633, -0.706946313, -0.960083008, -0.0489501953, 0.275268555, 0.148847434, 0.743892746, 0.651571681, 0, 0, -0, 0, 0, 0, 0, 0.282720605, -0.020457373, -0.147118066, -0.143881322, 0.34258466, -0.928304384, 0.458618164, -0.808105469, -0.369262695, -0.87677636, -0.478898569, -0.0408615904, 0, 3, 1, 1, 
541.623789, 36, 0.1, 0.1, 0.00482053468, 0.362737338, -0.0199680846, 0.908228092, -0.418475483, 5.57423661e-005, 0.418475483, 0.908228094, 1.03001803e-005, -5.49371558e-005, 1.39719005e-005, 0.999999998, 0.908228079, -0.41847551, 5.48548232e-005, 0.418475512, 0.90822808, -1.19196691e-005, -4.48326012e-005, 3.37811784e-005, 0.999999998, 0, 0, 0, 0, 0, 0, 0, 0.240099976, -0.0717393311, -0.172562402, -0.236709496, 0.666445633, -0.706946313, -0.960083008, -0.0489501953, 0.275268555, 0.148847434, 0.743892746, 0.651571681, 0, 0, -0, 0, 0, 0, 0, 0.283625635, -0.0210952637, -0.146174561, -0.147989287, 0.34144647, -0.928131576, 0.463012695, -0.805297852, -0.370117187, -0.873894071, -0.484418877, -0.0390022869, 0, 3, 1, 1, 
541.62457, 36, 0.1, 0.1, 0.00482053577, 0.362737332, -0.0199693654, 0.908227953, -0.418475787, -4.65065571e-005, 0.418475787, 0.908227954, -5.79096663e-006, 4.46619345e-005, -1.42023503e-005, 0.999999999, 0.908228011, -0.418475662, -3.33537119e-005, 0.418475663, 0.908228011, 1.92308302e-005, 2.2245141e-005, -3.14236953e-005, 0.999999999, 0, 0, 0, 0, 0, 0, 0, 0.240099976, -0.0717393311, -0.172562402, -0.236709496, 0.666445633, -0.706946313, -0.960083008, -0.0489501953, 0.275268555, 0.148847434, 0.743892746, 0.651571681, 0, 0, -0, 0, 0, 0, 0, 0.283625635, -0.0210952637, -0.146174561, -0.147989287, 0.34144647, -0.928131576, 0.463012695, -0.805297852, -0.370117187, -0.873894071, -0.484418877, -0.0390022869, 0, 3, 1, 1, 
541.625374, 36, 0.1, 0.1, 0.00482053942, 0.362737339, -0.0199693033, 0.90822751, -0.41847675, 2.35476462e-005, 0.41847675, 0.90822751, 2.40496221e-006, -2.23930408e-005, 7.6698896e-006, 1, 0.908227617, -0.418476518, -1.99210793e-006, 0.418476518, 0.908227616, -3.05387422e-005, 1.4589034e-005, 2.69024786e-005, 1, 0, 0, 0, 0, 0, 0, 0, 0.240099976, -0.0717393311, -0.172562402, -0.241464044, 0.665417814, -0.70632438, -0.959228516, -0.0539550781, 0.276977539, 0.146139906, 0.744426312, 0.651596769, 0, 0, -0, 0, 0, 0, 0, 0.283625635, -0.0210952637, -0.146174561, -0.147989287, 0.34144647, -0.928131576, 0.463012695, -0.805297852, -0.370117187, -0.873894071, -0.484418877, -0.0390022869, 0, 3, 1, 1, 
541.626159, 36, 0.1, 0.1, 0.00482053469, 0.36273733, -0.0199679491, 0.908226909, -0.418478055, -1.06563121e-006, 0.418478055, 0.908226909, 1.59988853e-005, -5.72734747e-006, -1.49765614e-005, 1, 0.90822703, -0.41847779, 1.62272245e-005, 0.418477789, 0.90822703, 4.37189262e-005, -3.30334035e-005, -3.29159775e-005, 0.999999999, 0, 0, 0, 0, 0, 0, 0, 0.241188208, -0.0729064453, -0.171414331, -0.241464044, 0.665417814, -0.70632438, -0.959228516, -0.0539550781, 0.276977539, 0.146139906, 0.744426312, 0.651596769, 0, 0, -0, 0, 0, 0, 0, 0.283625635, -0.0210952637, -0.146174561, -0.147989287, 0.34144647, -0.928131576, 0.463012695, -0.805297852, -0.370117187, -0.873894071, -0.484418877, -0.0390022869, 0, 3, 1, 1, 
541.626941, 36, 0.1, 0.1, 0.004820543, 0.36273734, -0.0199660098, 0.908226351, -0.418479263, -3.63914659e-005, 0.418479263, 0.908226352, -2.79911263e-005, 4.47653942e-005, 1.01932047e-005, 0.999999999, 0.908226453, -0.418479042, -4.40640487e-005, 0.41847904, 0.908226453, -5.14910655e-005, 6.15680664e-005, 2.8325667e-005, 0.999999998, 0, 0, 0, 0, 0, 0, 0, 0.241188208, -0.0729064453, -0.171414331, -0.241464044, 0.665417814, -0.70632438, -0.959228516, -0.0539550781, 0.276977539, 0.146139906, 0.744426312, 0.651596769, 0, 0, -0, 0, 0, 0, 0, 0.283625635, -0.0210952637, -0.146174561, -0.147989287, 0.34144647, -0.928131576, 0.463012695, -0.805297852, -0.370117187, -0.873894071, -0.484418877, -0.0390022869, 0, 3, 1, 1, 
541.627725, 36, 0.1, 0.1, 0.00482053812, 0.362737332, -0.019964175, 0.908226032, -0.418479954, 5.07308258e-005, 0.418479953, 0.908226034, 2.72318815e-005, -5.74710532e-005, -3.50287014e-006, 0.999999998, 0.90822607, -0.418479872, 4.44627591e-005, 0.41847987, 0.908226071, 4.8805024e-005, -6.08061572e-005, -2.57192256e-005, 0.999999998, 0, 0, 0, 0, 0, 0, 0, 0.241188208, -0.0729064453, -0.171414331, -0.241464044, 0.665417814, -0.70632438, -0.959228516, -0.0539550781, 0.276977539, 0.146139906, 0.744426312, 0.651596769, 0, 0, -0, 0, 0, 0, 0, 0.283625635, -0.0210952637, -0.146174561, -0.147989287, 0.34144647, -0.928131576, 0.463012695, -0.805297852, -0.370117187, -0.873894071, -0.484418877, -0.0390022869, 0, 3, 1, 1, 
541.628537, 36, 0.1, 0.1, 0.00482053861, 0.362737343, -0.0199626128, 0.908226094, -0.41847982, -5.33339662e-005, 0.418479818, 0.908226095, -5.21942249e-005, 7.02815297e-005, 2.50849685e-005, 0.999999997, 0.908226047, -0.418479923, -3.47245688e-005, 0.41847992, 0.908226047, -6.81703718e-005, 6.00656898e-005, 4.73825726e-005, 0.999999997, 0, 0, 0, 0, 0, 0, 0, 0.242534961, -0.074338916, -0.170091724, -0.245514284, 0.663520936, -0.706597716, -0.958740234, -0.0584716797, 0.278076172, 0.143197235, 0.745715484, 0.650651325, 0, 0, -0, 0, 0, 0, 0, 0.284709229, -0.0214967285, -0.145197607, -0.152863941, 0.340576603, -0.927658363, 0.467163086, -0.802124023, -0.371582031, -0.870724137, -0.490156469, -0.036497696, 0, 3, 1, 1, 
541.62932, 36, 0.1, 0.1, 0.00482054238, 0.362737339, -0.019962257, 0.908226554, -0.418478822, 4.84114896e-005, 0.418478821, 0.908226555, 2.94062387e-005, -5.62744885e-005, -6.44834371e-006, 0.999999998, 0.908226431, -0.418479091, 1.49783829e-005, 0.41847909, 0.908226431, 3.67009398e-005, -2.89623392e-005, -2.70646235e-005, 0.999999999, 0, 0, 0, 0, 0, 0, 0, 0.242534961, -0.074338916, -0.170091724, -0.245514284, 0.663520936, -0.706597716, -0.958740234, -0.0584716797, 0.278076172, 0.143197235, 0.745715484, 0.650651325, 0, 0, -0, 0, 0, 0, 0, 0.284709229, -0.0214967285, -0.145197607, -0.152863941, 0.340576603, -0.927658363, 0.467163086, -0.802124023, -0.371582031, -0.870724137, -0.490156469, -0.036497696, 0, 3, 1, 1, 
541.630107, 36, 0.1, 0.1, 0.00482053175, 0.362737343, -0.0199631083, 0.90822733, -0.418477141, -1.21816902e-005, 0.418477141, 0.90822733, -2.39183074e-005, 2.10730089e-005, 1.66255016e-005, 1, 0.908227167, -0.418477494, 3.4096767e-005, 0.418477495, 0.908227166, -2.81005377e-005, -1.92081675e-005, 3.97904013e-005, 0.999999999, 0, 0, 0, 0, 0, 0, 0, 0.242534961, -0.074338916, -0.170091724, -0.245514284, 0.663520936, -0.706597716, -0.958740234, -0.0584716797, 0.278076172, 0.143197235, 0.745715484, 0.650651325, 0, 0, -0, 0, 0, 0, 0, 0.284709229, -0.0214967285, -0.145197607, -0.152863941, 0.340576603, -0.927658363, 0.467163086, -0.802124023, -0.371582031, -0.870724137, -0.490156469, -0.036497696, 0, 3, 1, 1, 
541.630888, 36, 0.1, 0.1, 0.00482054321, 0.36273734, -0.0199647858, 0.908228265, -0.41847511, -1.80136783e-005, 0.41847511, 0.908228265, 1.77394887e-005, 8.9369973e-006, -2.36497811e-005, 1, 0.908228079, -0.418475511, -5.09237872e-005, 0.418475513, 0.90822808, 2.22990751e-005, 3.69187966e-005, -4.15630041e-005, 0.999999998, 0, 0, 0, 0, 0, 0, 0, 0.242534961, -0.074338916, -0.170091724, -0.245514284, 0.663520936, -0.706597716, -0.958740234, -0.0584716797, 0.278076172, 0.143197235, 0.745715484, 0.650651325, 0, 0, -0, 0, 0, 0, 0, 0.284709229, -0.0214967285, -0.145197607, -0.152863941, 0.340576603, -0.927658363, 0.467163086, -0.802124023, -0.371582031, -0.870724137, -0.490156469, -0.036497696, 0, 3, 1, 1, 
541.631671, 36, 0.1, 0.1, 0.00482053089, 0.362737338, -0.0199667032, 0.908229127, -0.418473239, 4.6151597e-005, 0.418473238, 0.908229128, 1.51487867e-005, -4.82555865e-005, 5.55463893e-006, 0.999999999, 0.908228967, -0.418473582, 6.74419568e-005, 0.418473583, 0.908228969, 5.99282789e-006, -6.37605791e-005, 2.27798174e-005, 0.999999998, 0, 0, 0, 0, 0, 0, 0, 0.242534961, -0.074338916, -0.170091724, -0.245514284, 0.663520936, -0.706597716, -0.958740234, -0.0584716797, 0.278076172, 0.143197235, 0.745715484, 0.650651325, 0, 0, -0, 0, 0, 0, 0, 0.284709229, -0.0214967285, -0.145197607, -0.152863941, 0.340576603, -0.927658363, 0.467163086, -0.802124023, -0.371582031, -0.870724137, -0.490156469, -0.036497696, 0, 3, 1, 1, 
541.632803, 36, 0.1, 0.1, 0.00482055589, 0.362737333, -0.0199639944, 0.908229884, -0.418471587, -9.1000508e-005, 0.418471587, 0.908229889, -2.16716998e-005, 9.17183719e-005, -1.83982416e-005, 0.999999996, 0.908229806, -0.418471751, -0.000110314853, 0.418471754, 0.908229812, -1.53024549e-006, 0.000100831602, -4.47738352e-005, 0.999999994, 0, 0, 0, 0, 0, 0, 0, 0.242534961, -0.074338916, -0.170091724, -0.250027697, 0.661522586, -0.706871051, -0.957885742, -0.0631103516, 0.279785156, 0.140451515, 0.747144319, 0.649705882, 0, 0, -0, 0, 0, 0, 0, 0.284709229, -0.0214967285, -0.145197607, -0.152863941, 0.340576603, -0.927658363, 0.467163086, -0.802124023, -0.371582031, -0.870724137, -0.490156469, -0.036497696, 0, 3, 1, 1, 
541.633602, 36, 0.1, 0.1, 0.00482055179, 0.362737339, -0.0199611054, 0.908229955, -0.418471438, 6.44566971e-005, 0.418471438, 0.908229957, 1.2956375e-005, -6.39633762e-005, 1.52059188e-005, 0.999999998, 0.908229984, -0.418471376, 5.94115623e-005, 0.418471378, 0.908229985, -1.33049058e-005, -4.83916401e-005, 3.69459527e-005, 0.999999998, 0, 0, 0, 0, 0, 0, 0, 0.243858643, -0.0755529053, -0.168769116, -0.250027697, 0.661522586, -0.706871051, -0.957885742, -0.0631103516, 0.279785156, 0.140451515, 0.747144319, 0.649705882, 0, 0, -0, 0, 0, 0, 0, 0.285590576, -0.0227586914, -0.144223828, -0.156978469, 0.339464299, -0.927344831, 0.469360352, -0.800537109, -0.372436523, -0.868947222, -0.49358743, -0.0336416601, 0, 3, 1, 1, 
541.634388, 36, 0.1, 0.1, 0.0048205518, 0.362737332, -0.0199600332, 0.90822959, -0.418472234, -4.67810929e-005, 0.418472234, 0.908229591, -1.26609135e-005, 4.77862136e-005, -8.07757215e-006, 0.999999999, 0.908229696, -0.418472005, -3.37188223e-005, 0.418472005, 0.908229696, 2.0348242e-005, 2.21092661e-005, -3.25912609e-005, 0.999999999, 0, 0, 0, 0, 0, 0, 0, 0.243858643, -0.0755529053, -0.168769116, -0.250027697, 0.661522586, -0.706871051, -0.957885742, -0.0631103516, 0.279785156, 0.140451515, 0.747144319, 0.649705882, 0, 0, -0, 0, 0, 0, 0, 0.285590576, -0.0227586914, -0.144223828, -0.156978469, 0.339464299, -0.927344831, 0.469360352, -0.800537109, -0.372436523, -0.868947222, -0.49358743, -0.0336416601, 0, 3, 1, 1, 
541.63517, 36, 0.1, 0.1, 0.00482055262, 0.362737343, -0.0199609702, 0.908228873, -0.41847379, 2.87637217e-005, 0.418473791, 0.908228873, -1.67267082e-005, -1.91243536e-005, 2.7228543e-005, 0.999999999, 0.908229037, -0.418473435, 2.17500014e-005, 0.418473436, 0.908229036, -4.43141519e-005, -1.20968745e-006, 4.93491973e-005, 0.999999999, 0, 0, 0, 0, 0, 0, 0, 0.243858643, -0.0755529053, -0.168769116, -0.250027697, 0.661522586, -0.706871051, -0.957885742, -0.0631103516, 0.279785156, 0.140451515, 0.747144319, 0.649705882, 0, 0, -0, 0, 0, 0, 0, 0.285590576, -0.0227586914, -0.144223828, -0.156978469, 0.339464299, -0.927344831, 0.469360352, -0.800537109, -0.372436523, -0.868947222, -0.49358743, -0.0336416601, 0, 3, 1, 1, 
541.635982, 36, 0.1, 0.1, 0.00482055521, 0.362737338, -0.0199632218, 0.908227863, -0.418475983, -1.73796168e-005, 0.418475983, 0.908227863, 1.34943564e-006, 1.52199458e-005, -8.49854727e-006, 1, 0.908228064, -0.418475546, -3.0324397e-005, 0.418475546, 0.908228064, 1.83295174e-005, 1.98710136e-005, -2.93374007e-005, 0.999999999, 0, 0, 0, 0, 0, 0, 0, 0.244832129, -0.0762843994, -0.168481421, -0.2571232, 0.660272728, -0.705583001, -0.956176758, -0.0686035156, 0.284301758, 0.139350678, 0.747836644, 0.649254691, 0, 0, -0, 0, 0, 0, 0, 0.286240381, -0.023994043, -0.143240039, -0.161214398, 0.33870344, -0.926922657, 0.471069336, -0.798828125, -0.373779297, -0.867183068, -0.49685871, -0.0306514628, 0, 3, 1, 1, 
541.636768, 36, 0.1, 0.1, 0.00482055305, 0.362737346, -0.0199659711, 0.908226946, -0.418477973, -1.38095648e-005, 0.418477972, 0.908226946, -2.68841769e-005, 2.37926547e-005, 1.86379352e-005, 1, 0.908227104, -0.418477632, 3.0480564e-007, 0.418477631, 0.908227103, -4.32965331e-005, 1.78417979e-005, 3.94506392e-005, 0.999999999, 0, 0, 0, 0, 0, 0, 0, 0.244832129, -0.0762843994, -0.168481421, -0.2571232, 0.660272728, -0.705583001, -0.956176758, -0.0686035156, 0.284301758, 0.139350678, 0.747836644, 0.649254691, 0, 0, -0, 0, 0, 0, 0, 0.286240381, -0.023994043, -0.143240039, -0.161214398, 0.33870344, -0.926922657, 0.471069336, -0.798828125, -0.373779297, -0.867183068, -0.49685871, -0.0306514628, 0, 3, 1, 1, 
541.637549, 36, 0.1, 0.1, 0.00482055613, 0.362737341, -0.019968495, 0.908226346, -0.418479276, -1.76518647e-005, 0.418479276, 0.908226346, 7.22679076e-006, 1.30076264e-005, -1.39505013e-005, 1, 0.908226455, -0.418479038, -1.10216784e-005, 0.418479039, 0.908226455, 2.94795407e-005, -2.32638996e-006, -3.13864401e-005, 1, 0, 0, 0, 0, 0, 0, 0, 0.244832129, -0.0762843994, -0.168481421, -0.2571232, 0.660272728, -0.705583001, -0.956176758, -0.0686035156, 0.284301758, 0.139350678, 0.747836644, 0.649254691, 0, 0, -0, 0, 0, 0, 0, 0.286240381, -0.023994043, -0.143240039, -0.161214398, 0.33870344, -0.926922657, 0.471069336, -0.798828125, -0.373779297, -0.867183068, -0.49685871, -0.0306514628, 0, 3, 1, 1, 
541.638332, 36, 0.1, 0.1, 0.00482055372, 0.362737345, -0.0199699772, 0.908225684, -0.418480712, 1.22728878e-005, 0.418480712, 0.908225684, -3.86869363e-006, -9.52757829e-006, 8.64961376e-006, 1, 0.908225822, -0.418480412, 2.3675477e-005, 0.418480413, 0.908225822, -1.81776165e-005, -1.38957031e-005, 2.64171041e-005, 1, 0, 0, 0, 0, 0, 0, 0, 0.244832129, -0.0762843994, -0.168481421, -0.2571232, 0.660272728, -0.705583001, -0.956176758, -0.0686035156, 0.284301758, 0.139350678, 0.747836644, 0.649254691, 0, 0, -0, 0, 0, 0, 0, 0.286240381, -0.023994043, -0.143240039, -0.161214398, 0.33870344, -0.926922657, 0.471069336, -0.798828125, -0.373779297, -0.867183068, -0.49685871, -0.0306514628, 0, 3, 1, 1, 
541.639118, 36, 0.1, 0.1, 0.00482055577, 0.362737339, -0.0199700188, 0.908225058, -0.418482071, 9.90031965e-006, 0.418482071, 0.908225058, 1.88728048e-005, -1.68896489e-005, -1.2997648e-005, 1, 0.908225163, -0.418481843, -2.04337163e-006, 0.418481843, 0.908225163, 3.33968687e-005, -1.21201416e-005, -3.11869904e-005, 0.999999999, 0, 0, 0, 0, 0, 0, 0, 0.244832129, -0.0762843994, -0.168481421, -0.2571232, 0.660272728, -0.705583001, -0.956176758, -0.0686035156, 0.284301758, 0.139350678, 0.747836644, 0.649254691, 0, 0, -0, 0, 0, 0, 0, 0.286240381, -0.023994043, -0.143240039, -0.161214398, 0.33870344, -0.926922657, 0.471069336, -0.798828125, -0.373779297, -0.867183068, -0.49685871, -0.0306514628, 0, 3, 1, 1, 
541.639905, 36, 0.1, 0.1, 0.00482055366, 0.362737344, -0.0199686517, 0.908224684, -0.418482883, 1.19346099e-005, 0.418482883, 0.908224684, -1.28501961e-006, -1.03015486e-005, 6.16151651e-006, 1, 0.90822475, -0.41848274, 5.3985482e-006, 0.41848274, 0.90822475, -2.55454522e-005, 5.78723573e-006, 2.54602112e-005, 1, 0, 0, 0, 0, 0, 0, 0, 0.244832129, -0.0762843994, -0.168481421, -0.2571232, 0.660272728, -0.705583001, -0.956176758, -0.0686035156, 0.284301758, 0.139350678, 0.747836644, 0.649254691, 0, 0, -0, 0, 0, 0, 0, 0.286240381, -0.023994043, -0.143240039, -0.161214398, 0.33870344, -0.926922657, 0.471069336, -0.798828125, -0.373779297, -0.867183068, -0.49685871, -0.0306514628, 0, 3, 1, 1, 
541.640718, 36, 0.1, 0.1, 0.00482055756, 0.362737338, -0.0199660581, 0.908224196, -0.418483941, -1.67215352e-005, 0.418483941, 0.908224196, 6.23285278e-006, 1.2578554e-005, -1.26585216e-005, 1, 0.908224302, -0.41848371, -3.15287304e-005, 0.418483711, 0.908224302, 2.34478306e-005, 1.8822624e-005, -3.44901497e-005, 0.999999999, 0, 0, 0, 0, 0, 0, 0, 0.24579353, -0.0772513428, -0.167970483, -0.264390568, 0.658781736, -0.704294952, -0.954589844, -0.0749511719, 0.288208008, 0.137164734, 0.748567162, 0.6488035, 0, 0, -0, 0, 0, 0, 0, 0.286913623, -0.0250330078, -0.142051562, -0.165258564, 0.337776336, -0.926545326, 0.473754883, -0.79675293, -0.37487793, -0.864907787, -0.500883919, -0.0284024349, 0, 3, 1, 1, 
541.6415, 36, 0.1, 0.1, 0.00482055484, 0.362737344, -0.0199635415, 0.908223735, -0.418484943, -1.07785967e-005, 0.418484943, 0.908223735, -2.22097593e-005, 1.90838272e-005, 1.56607501e-005, 1, 0.908223805, -0.418484791, 2.79351499e-006, 0.418484791, 0.908223804, -3.92966702e-005, 1.3907922e-005, 3.68592148e-005, 0.999999999, 0, 0, 0, 0, 0, 0, 0, 0.24579353, -0.0772513428, -0.167970483, -0.264390568, 0.658781736, -0.704294952, -0.954589844, -0.0749511719, 0.288208008, 0.137164734, 0.748567162, 0.6488035, 0, 0, -0, 0, 0, 0, 0, 0.286913623, -0.0250330078, -0.142051562, -0.165258564, 0.337776336, -0.926545326, 0.473754883, -0.79675293, -0.37487793, -0.864907787, -0.500883919, -0.0284024349, 0, 3, 1, 1, 
541.642281, 36, 0.1, 0.1, 0.00482055642, 0.362737338, -0.0199620007, 0.908223541, -0.418485363, -1.0182104e-005, 0.418485363, 0.908223541, 3.20391799e-006, 7.90683374e-006, -7.17093521e-006, 1, 0.908223571, -0.418485299, -2.87627792e-006, 0.418485299, 0.90822357, 3.23805689e-005, -1.09384887e-005, -3.0612476e-005, 0.999999999, 0, 0, 0, 0, 0, 0, 0, 0.24579353, -0.0772513428, -0.167970483, -0.264390568, 0.658781736, -0.704294952, -0.954589844, -0.0749511719, 0.288208008, 0.137164734, 0.748567162, 0.6488035, 0, 0, -0, 0, 0, 0, 0, 0.286913623, -0.0250330078, -0.142051562, -0.165258564, 0.337776336, -0.926545326, 0.473754883, -0.79675293, -0.37487793, -0.864907787, -0.500883919, -0.0284024349, 0, 3, 1, 1, 
541.643063, 36, 0.1, 0.1, 0.00482055096, 0.362737346, -0.01996187, 0.908223208, -0.418486086, 2.47445015e-005, 0.418486087, 0.908223208, -1.22247597e-005, -1.73576387e-005, 2.14580401e-005, 1, 0.908223288, -0.418485911, 4.01935474e-005, 0.418485912, 0.908223288, -3.0532167e-005, -2.3727434e-005, 4.45504584e-005, 0.999999999, 0, 0, 0, 0, 0, 0, 0, 0.24579353, -0.0772513428, -0.167970483, -0.264390568, 0.658781736, -0.704294952, -0.954589844, -0.0749511719, 0.288208008, 0.137164734, 0.748567162, 0.6488035, 0, 0, -0, 0, 0, 0, 0, 0.286913623, -0.0250330078, -0.142051562, -0.165258564, 0.337776336, -0.926545326, 0.473754883, -0.79675293, -0.37487793, -0.864907787, -0.500883919, -0.0284024349, 0, 3, 1, 1, 
541.643846, 36, 0.1, 0.1, 0.00482055232, 0.362737339, -0.0199630934, 0.908222861, -0.418486838, 1.57131419e-005, 0.418486838, 0.908222862, 2.29257892e-005, -2.38651757e-005, -1.42459828e-005, 1, 0.90822291, -0.418486733, 1.90310702e-006, 0.418486732, 0.908222909, 3.92931424e-005, -1.81721042e-005, -3.48905071e-005, 0.999999999, 0, 0, 0, 0, 0, 0, 0, 0.24579353, -0.0772513428, -0.167970483, -0.264390568, 0.658781736, -0.704294952, -0.954589844, -0.0749511719, 0.288208008, 0.137164734, 0.748567162, 0.6488035, 0, 0, -0, 0, 0, 0, 0, 0.286913623, -0.0250330078, -0.142051562, -0.165258564, 0.337776336, -0.926545326, 0.473754883, -0.79675293, -0.37487793, -0.864907787, -0.500883919, -0.0284024349, 0, 3, 1, 1, 
541.644628, 36, 0.1, 0.1, 0.0048205494, 0.362737344, -0.0199651455, 0.908222768, -0.418487042, 1.4596471e-005, 0.418487042, 0.908222768, -3.8190981e-006, -1.16586042e-005, 9.57702581e-006, 1, 0.908222779, -0.418487018, 8.1145198e-006, 0.418487018, 0.908222778, -3.04819568e-005, 5.38651146e-006, 3.10802287e-005, 1, 0, 0, 0, 0, 0, 0, 0, 0.24579353, -0.0772513428, -0.167970483, -0.264390568, 0.658781736, -0.704294952, -0.954589844, -0.0749511719, 0.288208008, 0.137164734, 0.748567162, 0.6488035, 0, 0, -0, 0, 0, 0, 0, 0.286913623, -0.0250330078, -0.142051562, -0.165258564, 0.337776336, -0.926545326, 0.473754883, -0.79675293, -0.37487793, -0.864907787, -0.500883919, -0.0284024349, 0, 3, 1, 1, 
541.64544, 36, 0.1, 0.1, 0.00482055348, 0.362737337, -0.0199671835, 0.908222526, -0.418487567, -1.96339358e-005, 0.418487567, 0.908222526, 1.17593612e-005, 1.29108363e-005, -1.88966747e-005, 1, 0.908222592, -0.418487422, -3.34684388e-005, 0.418487423, 0.908222591, 2.86059054e-005, 1.84255806e-005, -3.99866503e-005, 0.999999999, 0, 0, 0, 0, 0, 0, 0, 0.246997217, -0.0777683838, -0.167232275, -0.271252051, 0.657373119, -0.702949614, -0.95300293, -0.0814208984, 0.291503906, 0.134420136, 0.749037449, 0.648714012, 0, 0, -0, 0, 0, 0, 0, 0.286913623, -0.0250330078, -0.142051562, -0.169085446, 0.337143076, -0.926116955, 0.477050781, -0.794189453, -0.376220703, -0.862364183, -0.505369215, -0.0266390135, 0, 3, 1, 1, 
541.646223, 36, 0.1, 0.1, 0.00482055214, 0.362737342, -0.0199683437, 0.908222271, -0.41848812, -1.44244448e-005, 0.41848812, 0.908222271, -1.71622566e-005, 2.02828025e-005, 9.55068489e-006, 1, 0.908222304, -0.418488048, -2.18904809e-006, 0.418488048, 0.908222304, -3.13293844e-005, 1.50991152e-005, 2.75379552e-005, 1, 0, 0, 0, 0, 0, 0, 0, 0.246997217, -0.0777683838, -0.167232275, -0.271252051, 0.657373119, -0.702949614, -0.95300293, -0.0814208984, 0.291503906, 0.134420136, 0.749037449, 0.648714012, 0, 0, -0, 0, 0, 0, 0, 0.287830127, -0.0258389648, -0.14064668, -0.169085446, 0.337143076, -0.926116955, 0.477050781, -0.794189453, -0.376220703, -0.862364183, -0.505369215, -0.0266390135, 0, 3, 1, 1, 
541.647005, 36, 0.1, 0.1, 0.0048205549, 0.362737337, -0.019968628, 0.90822223, -0.418488209, -1.52105718e-005, 0.418488209, 0.90822223, 3.52579966e-006, 1.23390739e-005, -9.5676546e-006, 1, 0.908222232, -0.418488205, -9.12799134e-006, 0.418488205, 0.908222231, 2.7770356e-005, -3.33132179e-006, -2.90416114e-005, 1, 0, 0, 0, 0, 0, 0, 0, 0.246997217, -0.0777683838, -0.167232275, -0.271252051, 0.657373119, -0.702949614, -0.95300293, -0.0814208984, 0.291503906, 0.134420136, 0.749037449, 0.648714012, 0, 0, -0, 0, 0, 0, 0, 0.287830127, -0.0258389648, -0.14064668, -0.169085446, 0.337143076, -0.926116955, 0.477050781, -0.794189453, -0.376220703, -0.862364183, -0.505369215, -0.0266390135, 0, 3, 1, 1, 
541.647801, 36, 0.1, 0.1, 0.00482055181, 0.362737343, -0.0199679405, 0.908222052, -0.418488595, 1.31064277e-005, 0.418488595, 0.908222052, -8.32117961e-006, -8.42122794e-006, 1.30423694e-005, 1, 0.908222103, -0.418488483, 2.6907818e-005, 0.418488483, 0.908222103, -2.45001094e-005, -1.41852614e-005, 3.35121528e-005, 0.999999999, 0, 0, 0, 0, 0, 0, 0, 0.246997217, -0.0777683838, -0.167232275, -0.271252051, 0.657373119, -0.702949614, -0.95300293, -0.0814208984, 0.291503906, 0.134420136, 0.749037449, 0.648714012, 0, 0, -0, 0, 0, 0, 0, 0.287830127, -0.0258389648, -0.14064668, -0.169085446, 0.337143076, -0.926116955, 0.477050781, -0.794189453, -0.376220703, -0.862364183, -0.505369215, -0.0266390135, 0, 3, 1, 1, 
541.648596, 36, 0.1, 0.1, 0.00482055444, 0.362737337, -0.0199663464, 0.908221851, -0.418489031, 9.86463776e-006, 0.418489031, 0.908221851, 1.64961467e-005, -1.5862736e-005, -1.08539182e-005, 1, 0.908221873, -0.418488983, -3.44124386e-006, 0.418488983, 0.908221873, 3.28360844e-005, -1.06161266e-005, -3.12625728e-005, 0.999999999, 0, 0, 0, 0, 0, 0, 0, 0.246997217, -0.0777683838, -0.167232275, -0.271252051, 0.657373119, -0.702949614, -0.95300293, -0.0814208984, 0.291503906, 0.134420136, 0.749037449, 0.648714012, 0, 0, -0, 0, 0, 0, 0, 0.288162451, -0.0263901855, -0.140054443, -0.175001675, 0.337008181, -0.925004651, 0.479614258, -0.791259766, -0.37902832, -0.859794694, -0.509924873, -0.0232080524, 0, 3, 1, 1, 
541.649377, 36, 0.1, 0.1, 0.00482055239, 0.362737344, -0.0199647141, 0.908221875, -0.418488979, 1.19449779e-005, 0.418488979, 0.908221875, -6.99883718e-006, -7.91975396e-006, 1.13553386e-005, 1, 0.908221864, -0.418489003, 4.78708622e-006, 0.418489002, 0.908221864, -3.43862656e-005, 1.00425376e-005, 3.32337011e-005, 0.999999999, 0, 0, 0, 0, 0, 0, 0, 0.246997217, -0.0777683838, -0.167232275, -0.271252051, 0.657373119, -0.702949614, -0.95300293, -0.0814208984, 0.291503906, 0.134420136, 0.749037449, 0.648714012, 0, 0, -0, 0, 0, 0, 0, 0.288162451, -0.0263901855, -0.140054443, -0.175001675, 0.337008181, -0.925004651, 0.479614258, -0.791259766, -0.37902832, -0.859794694, -0.509924873, -0.0232080524, 0, 3, 1, 1, 
