time, trialNum, realDorsalTactorPos, realVentralTactorPos, box1PosX, box1PosY, box1PosZ, box1LocalRot_11, box1LocalRot_12, box1LocalRot_13, box1LocalRot_21, box1LocalRot_22, box1LocalRot_23, box1LocalRot_31, box1LocalRot_32, box1LocalRot_33, box1GlobalRot_11, box1GlobalRot_12, box1GlobalRot_13, box1GlobalRot_21, box1GlobalRot_22, box1GlobalRot_23, box1GlobalRot_31, box1GlobalRot_32, box1GlobalRot_33, indexForceX, indexForceY, indexForceZ, indexForceGlobalX, indexForceGlobalY, indexForceGlobalZ, indexContact, indexPosX, indexPosY, indexPosZ, indexRot_11, indexRot_12, indexRot_13, indexRot_21, indexRot_22, indexRot_23, indexRot_31, indexRot_32, indexRot_33, thumbForceX, thumbForceY, thumbForceZ, thumbForceGlobalX, thumbForceGlobalY, thumbForceGlobalZ, thumbContact, thumbPosX, thumbPosY, thumbPosZ, thumbRot_11, thumbRot_12, thumbRot_13, thumbRot_21, thumbRot_22, thumbRot_23, thumbRot_31, thumbRot_32, thumbRot_33, manipForceTooHigh, cceExpType, mapping, trialSuccess, 
515.332911, 71, 0.1, 0.1, 0.026184736, 0.366123189, -0.019958046, 0.986750012, 0.162247998, 8.01846535e-006, -0.162247998, 0.986750012, 1.85114649e-005, -4.90877266e-006, -1.95671682e-005, 1, 0.98674985, 0.162248985, 1.76455112e-005, -0.162248985, 0.98674985, -9.91019255e-006, -1.90196243e-005, 6.91591472e-006, 1, 0, -0, 0, 0, 0, 0, 0, 0.261375464, -0.113458472, -0.237396948, 0.0196349997, 0.203880003, -0.978809438, -0.984741211, -0.165039063, -0.0541992187, -0.17255442, 0.964971898, 0.197667402, 0, 0, 0, 0, 0, 0, 0, 0.27338252, -0.0463026367, -0.218293018, 0.0173427424, -0.0984285457, -0.995000065, 0.768798828, -0.634765625, 0.0762939453, -0.639139635, -0.766194865, 0.0646834761, 0, 3, 5, 1, 
515.357095, 71, 0.1, 0.1, 0.0261847654, 0.366123188, -0.0199563391, 0.986776443, 0.162087173, 2.53757691e-005, -0.162087171, 0.986776442, -5.11767706e-005, -3.33353092e-005, 4.6386945e-005, 0.999999998, 0.986776471, 0.162086997, 4.94221868e-005, -0.162086994, 0.98677647, -6.4451006e-005, -5.92153211e-005, 5.55880425e-005, 0.999999997, 0, -0, 0, 0, 0, 0, 0, 0.26581123, -0.116086694, -0.240342871, -0.00627687494, 0.23165245, -0.972778466, -0.982177734, -0.18347168, -0.0373535156, -0.187112765, 0.955382313, 0.228722501, 0, 0, 0, 0, 0, 0, 0, 0.27872583, -0.0513694336, -0.218907324, 0.035323672, -0.109138139, -0.993396691, 0.77355957, -0.626342773, 0.0963134766, -0.632708283, -0.771739226, 0.0622744006, 0, 3, 5, 1, 
515.357894, 71, 0.1, 0.1, 0.026184769, 0.366123182, -0.0199539345, 0.986776231, 0.162088464, 3.4907311e-006, -0.162088464, 0.98677623, 3.69459786e-005, 2.54394643e-006, -3.70232207e-005, 0.999999999, 0.986776277, 0.16208818, -2.00666788e-005, -0.162088179, 0.986776276, 5.36380453e-005, 2.84954157e-005, -4.96761793e-005, 0.999999998, 0, -0, 0, 0, 0, 0, 0, 0.26581123, -0.116086694, -0.240342871, -0.00627687494, 0.23165245, -0.972778466, -0.982177734, -0.18347168, -0.0373535156, -0.187112765, 0.955382313, 0.228722501, 0, 0, 0, 0, 0, 0, 0, 0.279307568, -0.0511884277, -0.219362354, 0.0366977356, -0.109189545, -0.993332892, 0.775146484, -0.624145508, 0.0972900391, -0.63059998, -0.773585769, 0.0616673926, 0, 3, 5, 1, 
515.358674, 71, 0.1, 0.1, 0.0261847597, 0.366123193, -0.0199556871, 0.986775941, 0.162090228, 1.29226203e-005, -0.162090227, 0.986775939, -6.32356588e-005, -2.30016131e-005, 6.03047962e-005, 0.999999998, 0.986776005, 0.162089837, 3.91460874e-005, -0.162089834, 0.986776003, -7.6262637e-005, -5.09898181e-005, 6.89089574e-005, 0.999999996, 0, -0, 0, 0, 0, 0, 0, 0.26581123, -0.116086694, -0.240342871, -0.00627687494, 0.23165245, -0.972778466, -0.982177734, -0.18347168, -0.0373535156, -0.187112765, 0.955382313, 0.228722501, 0, 0, 0, 0, 0, 0, 0, 0.279307568, -0.0511884277, -0.219362354, 0.0366977356, -0.109189545, -0.993332892, 0.775146484, -0.624145508, 0.0972900391, -0.63059998, -0.773585769, 0.0616673926, 0, 3, 5, 1, 
515.359454, 71, 0.1, 0.1, 0.0261847668, 0.36612319, -0.0199606696, 0.986775573, 0.162092469, -1.94613244e-005, -0.162092468, 0.986775573, 3.32046331e-005, 2.45861805e-005, -2.96109867e-005, 0.999999999, 0.986775648, 0.162092007, -3.91214364e-005, -0.162092005, 0.986775648, 4.18809237e-005, 4.53926438e-005, -3.49858036e-005, 0.999999998, 0, -0, 0, 0, 0, 0, 0, 0.26581123, -0.116086694, -0.240342871, -0.00627687494, 0.23165245, -0.972778466, -0.982177734, -0.18347168, -0.0373535156, -0.187112765, 0.955382313, 0.228722501, 0, 0, 0, 0, 0, 0, 0, 0.279307568, -0.0511884277, -0.219362354, 0.0366977356, -0.109189545, -0.993332892, 0.775146484, -0.624145508, 0.0972900391, -0.63059998, -0.773585769, 0.0616673926, 0, 3, 5, 1, 
515.360234, 71, 0.1, 0.1, 0.0261847625, 0.366123196, -0.0199670122, 0.98677516, 0.162094983, 4.19656766e-006, -0.162094983, 0.986775159, -3.49830483e-005, -9.81164534e-006, 3.38401605e-005, 0.999999999, 0.986775242, 0.162094481, 1.98429566e-005, -0.16209448, 0.986775242, -4.61527723e-005, -2.7061648e-005, 4.23259793e-005, 0.999999999, 0, -0, 0, 0, 0, 0, 0, 0.26581123, -0.116086694, -0.240342871, -0.00627687494, 0.23165245, -0.972778466, -0.982177734, -0.18347168, -0.0373535156, -0.187112765, 0.955382313, 0.228722501, 0, 0, 0, 0, 0, 0, 0, 0.279307568, -0.0511884277, -0.219362354, 0.0366977356, -0.109189545, -0.993332892, 0.775146484, -0.624145508, 0.0972900391, -0.63059998, -0.773585769, 0.0616673926, 0, 3, 5, 1, 
515.361016, 71, 0.1, 0.1, 0.0261847669, 0.36612319, -0.0199725489, 0.986774723, 0.162097643, -7.38021245e-006, -0.162097642, 0.986774722, 3.97429937e-005, 1.37248527e-005, -3.80210665e-005, 0.999999999, 0.986774811, 0.162097106, -2.26259181e-005, -0.162097105, 0.98677481, 4.55925799e-005, 2.97171113e-005, -4.13220136e-005, 0.999999999, 0, -0, 0, 0, 0, 0, 0, 0.26581123, -0.116086694, -0.240342871, -0.00627687494, 0.23165245, -0.972778466, -0.982177734, -0.18347168, -0.0373535156, -0.187112765, 0.955382313, 0.228722501, 0, 0, 0, 0, 0, 0, 0, 0.279307568, -0.0511884277, -0.219362354, 0.0366977356, -0.109189545, -0.993332892, 0.775146484, -0.624145508, 0.0972900391, -0.63059998, -0.773585769, 0.0616673926, 0, 3, 5, 1, 
515.361811, 71, 0.1, 0.1, 0.0261847628, 0.366123196, -0.019975496, 0.986774241, 0.16210058, 1.1161244e-006, -0.16210058, 0.986774239, -5.69655965e-005, -1.03355191e-005, 5.60312588e-005, 0.999999998, 0.986774349, 0.162099918, 1.67020211e-005, -0.162099917, 0.986774348, -4.94228773e-005, -2.44925704e-005, 4.60618313e-005, 0.999999999, 0, -0, 0, 0, 0, 0, 0, 0.26581123, -0.116086694, -0.240342871, -0.00735711216, 0.234050694, -0.972117219, -0.981689453, -0.186401367, -0.0374755859, -0.19003147, 0.954137325, 0.231336793, 0, 0, 0, 0, 0, 0, 0, 0.279307568, -0.0511884277, -0.219362354, 0.0366977356, -0.109189545, -0.993332892, 0.775146484, -0.624145508, 0.0972900391, -0.63059998, -0.773585769, 0.0616673926, 0, 3, 5, 1, 
515.362609, 71, 0.1, 0.1, 0.0261847666, 0.3661232, -0.0199747466, 0.986773714, 0.162103787, 4.65041015e-007, -0.162103787, 0.986773714, 1.95304398e-005, 2.70706802e-006, -1.93475096e-005, 1, 0.986773821, 0.162103131, -1.80273127e-005, -0.162103131, 0.986773821, 4.98706147e-006, 1.85972985e-005, -1.99881786e-006, 1, 0, -0, 0, 0, 0, 0, 0, 0.266863354, -0.116860889, -0.239408154, -0.00735711216, 0.234050694, -0.972117219, -0.981689453, -0.186401367, -0.0374755859, -0.19003147, 0.954137325, 0.231336793, 0, 0, 0, 0, 0, 0, 0, 0.279998682, -0.0510271973, -0.219381152, 0.0398224609, -0.109643435, -0.993192534, 0.776489258, -0.622070312, 0.0998535156, -0.628798646, -0.775106388, 0.060331975, 0, 3, 5, 1, 
515.363389, 71, 0.1, 0.1, 0.02618476, 0.3661232, -0.0199711737, 0.986773165, 0.162107128, 8.17425731e-006, -0.162107128, 0.986773165, -2.11020614e-005, -1.14869323e-005, 1.94978425e-005, 1, 0.986773275, 0.162106453, 2.76933401e-005, -0.162106453, 0.986773276, -1.40596162e-005, -2.96062024e-005, 9.38438438e-006, 1, 0, -0, 0, 0, 0, 0, 0, 0.266863354, -0.116860889, -0.239408154, -0.00735711216, 0.234050694, -0.972117219, -0.981689453, -0.186401367, -0.0374755859, -0.19003147, 0.954137325, 0.231336793, 0, 0, 0, 0, 0, 0, 0, 0.279998682, -0.0510271973, -0.219381152, 0.0398224609, -0.109643435, -0.993192534, 0.776489258, -0.622070312, 0.0998535156, -0.628798646, -0.775106388, 0.060331975, 0, 3, 5, 1, 
515.364173, 71, 0.1, 0.1, 0.0261847643, 0.366123197, -0.0199661162, 0.986772585, 0.162110658, -1.93923435e-006, -0.162110658, 0.986772585, 2.39940608e-005, 5.80327629e-006, -2.33623108e-005, 1, 0.986772702, 0.162109947, -2.15639819e-005, -0.162109946, 0.986772702, 3.0148425e-005, 2.61661082e-005, -2.62539068e-005, 0.999999999, 0, -0, 0, 0, 0, 0, 0, 0.266863354, -0.116860889, -0.239408154, -0.00735711216, 0.234050694, -0.972117219, -0.981689453, -0.186401367, -0.0374755859, -0.19003147, 0.954137325, 0.231336793, 0, 0, 0, 0, 0, 0, 0, 0.279998682, -0.0510271973, -0.219381152, 0.0398224609, -0.109643435, -0.993192534, 0.776489258, -0.622070312, 0.0998535156, -0.628798646, -0.775106388, 0.060331975, 0, 3, 5, 1, 
515.364971, 71, 0.1, 0.1, 0.0261847575, 0.366123203, -0.0199611418, 0.986771977, 0.162114356, 4.70575861e-006, -0.162114356, 0.986771977, -1.99350388e-005, -7.87526671e-006, 1.89084666e-005, 1, 0.986772096, 0.162113634, 2.79338573e-005, -0.162113633, 0.986772096, -3.80785846e-005, -3.37374086e-005, 3.30464257e-005, 0.999999999, 0, -0, 0, 0, 0, 0, 0, 0.266863354, -0.116860889, -0.239408154, -0.00735711216, 0.234050694, -0.972117219, -0.981689453, -0.186401367, -0.0374755859, -0.19003147, 0.954137325, 0.231336793, 0, 0, 0, 0, 0, 0, 0, 0.280603613, -0.0510345215, -0.219619775, 0.0415734891, -0.109221994, -0.993077695, 0.778076172, -0.619995117, 0.100830078, -0.626773465, -0.77678049, 0.0592393606, 0, 3, 5, 1, 
515.365751, 71, 0.1, 0.1, 0.0261847662, 0.3661232, -0.0199580991, 0.986771436, 0.162117649, -2.68499534e-005, -0.16211765, 0.986771436, -1.92475884e-005, 2.33743933e-005, 2.33458218e-005, 0.999999999, 0.986771535, 0.162117041, -4.70420901e-005, -0.16211704, 0.986771536, 1.32405758e-005, 4.85663185e-005, -5.43909885e-006, 0.999999999, 0, -0, 0, 0, 0, 0, 0, 0.266863354, -0.116860889, -0.239408154, -0.00735711216, 0.234050694, -0.972117219, -0.981689453, -0.186401367, -0.0374755859, -0.19003147, 0.954137325, 0.231336793, 0, 0, 0, 0, 0, 0, 0, 0.280603613, -0.0510345215, -0.219619775, 0.0415734891, -0.109221994, -0.993077695, 0.778076172, -0.619995117, 0.100830078, -0.626773465, -0.77678049, 0.0592393606, 0, 3, 5, 1, 
515.366533, 71, 0.1, 0.1, 0.0261847594, 0.366123203, -0.019957837, 0.98677106, 0.162119939, 1.64789486e-005, -0.162119939, 0.98677106, 2.64599669e-005, -1.19712614e-005, -2.87814958e-005, 1, 0.98677112, 0.162119573, 3.80484846e-005, -0.162119573, 0.98677112, 7.94779521e-006, -3.62566526e-005, -1.40110589e-005, 0.999999999, 0, -0, 0, 0, 0, 0, 0, 0.266863354, -0.116860889, -0.239408154, -0.00735711216, 0.234050694, -0.972117219, -0.981689453, -0.186401367, -0.0374755859, -0.19003147, 0.954137325, 0.231336793, 0, 0, 0, 0, 0, 0, 0, 0.280603613, -0.0510345215, -0.219619775, 0.0415734891, -0.109221994, -0.993077695, 0.778076172, -0.619995117, 0.100830078, -0.626773465, -0.77678049, 0.0592393606, 0, 3, 5, 1, 
515.36733, 71, 0.1, 0.1, 0.0261847682, 0.366123204, -0.0199600806, 0.986770866, 0.162121121, -2.62095488e-005, -0.162121122, 0.986770866, -2.75758388e-005, 2.13921933e-005, 3.14601558e-005, 0.999999999, 0.98677089, 0.162120965, -5.00014947e-005, -0.162120966, 0.986770891, -2.42640343e-005, 4.54063108e-005, 3.20493333e-005, 0.999999998, 0, -0, 0, 0, 0, 0, 0, 0.26785896, -0.117859058, -0.238926025, -0.00968009384, 0.236404755, -0.97157654, -0.981567383, -0.1875, -0.0358886719, -0.190652282, 0.953393703, 0.23397018, 0, 0, 0, 0, 0, 0, 0, 0.280603613, -0.0510345215, -0.219619775, 0.0415734891, -0.109221994, -0.993077695, 0.778076172, -0.619995117, 0.100830078, -0.626773465, -0.77678049, 0.0592393606, 0, 3, 5, 1, 
515.368111, 71, 0.1, 0.1, 0.0261847604, 0.366123202, -0.0199640227, 0.986770806, 0.162121486, 2.01197777e-005, -0.162121486, 0.986770806, 1.12948434e-005, -1.80224725e-005, -1.440727e-005, 1, 0.986770812, 0.162121443, 4.1652273e-005, -0.162121444, 0.986770813, 1.95635973e-005, -3.79295687e-005, -2.60575135e-005, 0.999999999, 0, -0, 0, 0, 0, 0, 0, 0.26785896, -0.117859058, -0.238926025, -0.00968009384, 0.236404755, -0.97157654, -0.981567383, -0.1875, -0.0358886719, -0.190652282, 0.953393703, 0.23397018, 0, 0, 0, 0, 0, 0, 0, 0.280603613, -0.0510345215, -0.219619775, 0.0415734891, -0.109221994, -0.993077695, 0.778076172, -0.619995117, 0.100830078, -0.626773465, -0.77678049, 0.0592393606, 0, 3, 5, 1, 
515.36889, 71, 0.1, 0.1, 0.0261847656, 0.366123203, -0.019968304, 0.98677077, 0.162121704, -8.94818634e-006, -0.162121704, 0.98677077, 1.71132373e-005, 1.16042359e-005, -1.54361471e-005, 1, 0.986770778, 0.162121653, -3.04988129e-005, -0.162121653, 0.986770779, -1.65407947e-006, 2.98271753e-005, 6.57671526e-006, 1, 0, -0, 0, 0, 0, 0, 0, 0.26785896, -0.117859058, -0.238926025, -0.00968009384, 0.236404755, -0.97157654, -0.981567383, -0.1875, -0.0358886719, -0.190652282, 0.953393703, 0.23397018, 0, 0, 0, 0, 0, 0, 0, 0.280603613, -0.0510345215, -0.219619775, 0.0415734891, -0.109221994, -0.993077695, 0.778076172, -0.619995117, 0.100830078, -0.626773465, -0.77678049, 0.0592393606, 0, 3, 5, 1, 
515.369787, 71, 0.1, 0.1, 0.0261847586, 0.366123203, -0.0199712088, 0.986770647, 0.162122453, 5.35001469e-006, -0.162122453, 0.986770647, -2.30374355e-005, -9.01412302e-006, 2.18653077e-005, 1, 0.986770689, 0.162122195, 3.15370957e-005, -0.162122195, 0.98677069, -1.32284457e-005, -3.32645063e-005, 7.94057931e-006, 0.999999999, 0, -0, 0, 0, 0, 0, 0, 0.268819409, -0.118395117, -0.238438525, -0.0126381132, 0.239082325, -0.970959476, -0.981201172, -0.189575195, -0.0339355469, -0.192161248, 0.952351657, 0.237085837, 0, 0, 0, 0, 0, 0, 0, 0.281106494, -0.0520319824, -0.219594629, 0.0424360601, -0.110825735, -0.992898691, 0.777954102, -0.619750977, 0.102539063, -0.626805547, -0.776703565, 0.0598718882, 0, 3, 5, 1, 
515.370733, 71, 0.1, 0.1, 0.026184767, 0.366123199, -0.0199686589, 0.986770392, 0.162124007, -9.70576704e-006, -0.162124006, 0.986770392, 3.09237311e-005, 1.45908427e-005, -2.89410844e-005, 0.999999999, 0.986770441, 0.162123703, -3.17845898e-005, -0.162123702, 0.986770441, 3.66645876e-005, 3.73082925e-005, -3.10264959e-005, 0.999999999, 0, -0, 0, 0, 0, 0, 0, 0.268819409, -0.118395117, -0.238438525, -0.0126381132, 0.239082325, -0.970959476, -0.981201172, -0.189575195, -0.0339355469, -0.192161248, 0.952351657, 0.237085837, 0, 0, 0, 0, 0, 0, 0, 0.281106494, -0.0520319824, -0.219594629, 0.0424360601, -0.110825735, -0.992898691, 0.777954102, -0.619750977, 0.102539063, -0.626805547, -0.776703565, 0.0598718882, 0, 3, 5, 1, 
515.371513, 71, 0.1, 0.1, 0.0261847605, 0.366123203, -0.0199653052, 0.986770118, 0.162125673, 1.29972599e-005, -0.162125673, 0.986770118, -1.11098507e-005, -1.46264997e-005, 8.85567914e-006, 1, 0.986770173, 0.162125335, 3.06256805e-005, -0.162125334, 0.986770174, -2.62794135e-005, -3.44810668e-005, 2.09665427e-005, 0.999999999, 0, -0, 0, 0, 0, 0, 0, 0.268819409, -0.118395117, -0.238438525, -0.0126381132, 0.239082325, -0.970959476, -0.981201172, -0.189575195, -0.0339355469, -0.192161248, 0.952351657, 0.237085837, 0, 0, 0, 0, 0, 0, 0, 0.281106494, -0.0520319824, -0.219594629, 0.0424360601, -0.110825735, -0.992898691, 0.777954102, -0.619750977, 0.102539063, -0.626805547, -0.776703565, 0.0598718882, 0, 3, 5, 1, 
515.372301, 71, 0.1, 0.1, 0.0261847651, 0.366123199, -0.0199622845, 0.986769861, 0.162127241, -7.30580498e-006, -0.162127241, 0.98676986, -1.63781458e-005, 4.55380457e-006, 1.73459307e-005, 1, 0.986769907, 0.162126959, -2.65119758e-005, -0.162126959, 0.986769907, 1.4134869e-005, 2.84528633e-005, -9.64955734e-006, 1, 0, -0, 0, 0, 0, 0, 0, 0.268819409, -0.118395117, -0.238438525, -0.0126381132, 0.239082325, -0.970959476, -0.981201172, -0.189575195, -0.0339355469, -0.192161248, 0.952351657, 0.237085837, 0, 0, 0, 0, 0, 0, 0, 0.281106494, -0.0520319824, -0.219594629, 0.0424360601, -0.110825735, -0.992898691, 0.777954102, -0.619750977, 0.102539063, -0.626805547, -0.776703565, 0.0598718882, 0, 3, 5, 1, 
515.373089, 71, 0.1, 0.1, 0.0261847555, 0.366123202, -0.0199606265, 0.986769722, 0.162128085, 2.6054335e-005, -0.162128085, 0.986769722, 2.123718e-005, -2.22664855e-005, -2.51803457e-005, 0.999999999, 0.986769738, 0.162127983, 4.82091745e-005, -0.162127983, 0.986769739, 5.17680427e-006, -4.67320497e-005, -1.292437e-005, 0.999999999, 0, -0, 0, 0, 0, 0, 0, 0.268819409, -0.118395117, -0.238438525, -0.0126381132, 0.239082325, -0.970959476, -0.981201172, -0.189575195, -0.0339355469, -0.192161248, 0.952351657, 0.237085837, 0, 0, 0, 0, 0, 0, 0, 0.281106494, -0.0520319824, -0.219594629, 0.0424360601, -0.110825735, -0.992898691, 0.777954102, -0.619750977, 0.102539063, -0.626805547, -0.776703565, 0.0598718882, 0, 3, 5, 1, 
515.37387, 71, 0.1, 0.1, 0.0261847617, 0.366123205, -0.0199608282, 0.98676973, 0.162128036, -1.81877425e-005, -0.162128037, 0.986769729, -3.39780907e-005, 1.24383126e-005, 3.64772944e-005, 0.999999999, 0.986769719, 0.162128101, -3.9392508e-005, -0.162128102, 0.986769719, -3.13579253e-005, 3.37873331e-005, 3.73296837e-005, 0.999999999, 0, -0, 0, 0, 0, 0, 0, 0.268819409, -0.118395117, -0.238438525, -0.0126381132, 0.239082325, -0.970959476, -0.981201172, -0.189575195, -0.0339355469, -0.192161248, 0.952351657, 0.237085837, 0, 0, 0, 0, 0, 0, 0, 0.281106494, -0.0520319824, -0.219594629, 0.0424360601, -0.110825735, -0.992898691, 0.777954102, -0.619750977, 0.102539063, -0.626805547, -0.776703565, 0.0598718882, 0, 3, 5, 1, 
515.374681, 71, 0.1, 0.1, 0.0261847538, 0.366123204, -0.0199624601, 0.986769845, 0.162127335, 1.12797013e-005, -0.162127335, 0.986769845, 7.7936058e-006, -9.86691253e-006, -9.51924309e-006, 1, 0.986769817, 0.162127499, 3.78182281e-005, -0.1621275, 0.986769818, 1.70060753e-005, -3.45607336e-005, -2.29124566e-005, 0.999999999, 0, -0, 0, 0, 0, 0, 0, 0.268938501, -0.11860686, -0.239024146, -0.0190162039, 0.24377135, -0.96966207, -0.980957031, -0.19140625, -0.0289306641, -0.192634161, 0.950743845, 0.242936353, 0, 0, 0, 0, 0, 0, 0, 0.282003271, -0.0532807617, -0.218910254, 0.0460587851, -0.112953361, -0.992457928, 0.77722168, -0.619995117, 0.106689453, -0.627406725, -0.776313474, 0.0591817581, 0, 3, 5, 1, 
515.375456, 71, 0.1, 0.1, 0.0261847628, 0.366123206, -0.0199649219, 0.986769962, 0.162126622, -2.58160375e-005, -0.162126621, 0.986769962, 1.36670685e-005, 2.7690286e-005, -9.3007857e-006, 1, 0.986769941, 0.162126744, -4.91910187e-005, -0.162126744, 0.986769942, -6.6727892e-006, 4.74583811e-005, 1.45596875e-005, 0.999999999, 0, -0, 0, 0, 0, 0, 0, 0.268938501, -0.11860686, -0.239024146, -0.0190162039, 0.24377135, -0.96966207, -0.980957031, -0.19140625, -0.0289306641, -0.192634161, 0.950743845, 0.242936353, 0, 0, 0, 0, 0, 0, 0, 0.282003271, -0.0532807617, -0.218910254, 0.0460587851, -0.112953361, -0.992457928, 0.77722168, -0.619995117, 0.106689453, -0.627406725, -0.776313474, 0.0591817581, 0, 3, 5, 1, 
515.376241, 71, 0.1, 0.1, 0.0261847585, 0.366123206, -0.019967516, 0.986769985, 0.162126486, 1.84539949e-007, -0.162126486, 0.986769984, -2.70304927e-005, -4.56445727e-006, 2.664296e-005, 1, 0.986769988, 0.162126463, 1.97517298e-005, -0.162126463, 0.986769988, -1.91695253e-005, -2.25983016e-005, 1.57136341e-005, 1, 0, -0, 0, 0, 0, 0, 0, 0.268938501, -0.11860686, -0.239024146, -0.0190162039, 0.24377135, -0.96966207, -0.980957031, -0.19140625, -0.0289306641, -0.192634161, 0.950743845, 0.242936353, 0, 0, 0, 0, 0, 0, 0, 0.282003271, -0.0532807617, -0.218910254, 0.0460587851, -0.112953361, -0.992457928, 0.77722168, -0.619995117, 0.106689453, -0.627406725, -0.776313474, 0.0591817581, 0, 3, 5, 1, 
515.377027, 71, 0.1, 0.1, 0.026184765, 0.366123205, -0.0199693971, 0.9867699, 0.162127002, -1.31152773e-005, -0.162127002, 0.9867699, 2.34391481e-005, 1.67418797e-005, -2.10027052e-005, 1, 0.986769923, 0.16212686, -3.16752582e-005, -0.162126859, 0.986769923, 2.65279624e-005, 3.55570873e-005, -2.10415853e-005, 0.999999999, 0, -0, 0, 0, 0, 0, 0, 0.268938501, -0.11860686, -0.239024146, -0.0190162039, 0.24377135, -0.96966207, -0.980957031, -0.19140625, -0.0289306641, -0.192634161, 0.950743845, 0.242936353, 0, 0, 0, 0, 0, 0, 0, 0.282003271, -0.0532807617, -0.218910254, 0.0460587851, -0.112953361, -0.992457928, 0.77722168, -0.619995117, 0.106689453, -0.627406725, -0.776313474, 0.0591817581, 0, 3, 5, 1, 
515.377825, 71, 0.1, 0.1, 0.0261847594, 0.366123208, -0.019969782, 0.98676974, 0.162127975, 9.61233095e-006, -0.162127975, 0.98676974, -1.12426789e-005, -1.13079101e-005, 9.53550758e-006, 1, 0.986769772, 0.162127777, 2.50001896e-005, -0.162127776, 0.986769772, -2.5152846e-005, -2.87474064e-005, 2.0766843e-005, 0.999999999, 0, -0, 0, 0, 0, 0, 0, 0.268938501, -0.11860686, -0.239024146, -0.0190162039, 0.24377135, -0.96966207, -0.980957031, -0.19140625, -0.0289306641, -0.192634161, 0.950743845, 0.242936353, 0, 0, 0, 0, 0, 0, 0, 0.283030518, -0.0542350098, -0.218464014, 0.0481736515, -0.113962853, -0.992272727, 0.776855469, -0.620117187, 0.108886719, -0.627675415, -0.776051348, 0.0585875099, 0, 3, 5, 1, 
515.378606, 71, 0.1, 0.1, 0.0261847637, 0.366123205, -0.0199688777, 0.98676959, 0.162128886, -9.46967466e-006, -0.162128886, 0.98676959, -1.04761562e-005, 7.64589944e-006, 1.18728602e-005, 1, 0.986769618, 0.162128714, -2.55279765e-005, -0.162128713, 0.986769619, 1.46863973e-005, 2.75713184e-005, -1.03532726e-005, 1, 0, -0, 0, 0, 0, 0, 0, 0.268938501, -0.11860686, -0.239024146, -0.0190162039, 0.24377135, -0.96966207, -0.980957031, -0.19140625, -0.0289306641, -0.192634161, 0.950743845, 0.242936353, 0, 0, 0, 0, 0, 0, 0, 0.283030518, -0.0542350098, -0.218464014, 0.0481736515, -0.113962853, -0.992272727, 0.776855469, -0.620117187, 0.108886719, -0.627675415, -0.776051348, 0.0585875099, 0, 3, 5, 1, 
515.379396, 71, 0.1, 0.1, 0.0261847569, 0.366123206, -0.0199669927, 0.986769529, 0.16212926, 1.466979e-005, -0.16212926, 0.986769528, 2.60729438e-005, -1.02485147e-005, -2.81063887e-005, 1, 0.986769532, 0.162129237, 3.46990793e-005, -0.162129238, 0.986769532, 1.09313818e-005, -3.24676976e-005, -1.64124898e-005, 0.999999999, 0, -0, 0, 0, 0, 0, 0, 0.268938501, -0.11860686, -0.239024146, -0.0241384456, 0.247717875, -0.968517431, -0.98046875, -0.194458008, -0.0252685547, -0.1945419, 0.949130042, 0.247822329, 0, 0, 0, 0, 0, 0, 0, 0.283030518, -0.0542350098, -0.218464014, 0.0481736515, -0.113962853, -0.992272727, 0.776855469, -0.620117187, 0.108886719, -0.627675415, -0.776051348, 0.0585875099, 0, 3, 5, 1, 
515.38018, 71, 0.1, 0.1, 0.0261847633, 0.366123206, -0.0199647729, 0.986769587, 0.162128907, -1.74652765e-005, -0.162128908, 0.986769586, -2.21946052e-005, 1.36358166e-005, 2.47325876e-005, 1, 0.986769567, 0.162129024, -3.85321859e-005, -0.162129025, 0.986769567, -1.93698929e-005, 3.48819665e-005, 2.53608066e-005, 0.999999999, 0, -0, 0, 0, 0, 0, 0, 0.269787134, -0.118633325, -0.239174023, -0.0241384456, 0.247717875, -0.968517431, -0.98046875, -0.194458008, -0.0252685547, -0.1945419, 0.949130042, 0.247822329, 0, 0, 0, 0, 0, 0, 0, 0.283030518, -0.0542350098, -0.218464014, 0.0481736515, -0.113962853, -0.992272727, 0.776855469, -0.620117187, 0.108886719, -0.627675415, -0.776051348, 0.0585875099, 0, 3, 5, 1, 
515.380966, 71, 0.1, 0.1, 0.0261847561, 0.366123204, -0.0199630478, 0.986769732, 0.162128023, 1.14545091e-005, -0.162128023, 0.986769732, 9.6138922e-006, -9.74428157e-006, -1.13437948e-005, 1, 0.9867697, 0.162128212, 3.59337326e-005, -0.162128213, 0.986769701, 1.96144613e-005, -3.22782611e-005, -2.5180828e-005, 0.999999999, 0, -0, 0, 0, 0, 0, 0, 0.269787134, -0.118633325, -0.239174023, -0.0241384456, 0.247717875, -0.968517431, -0.98046875, -0.194458008, -0.0252685547, -0.1945419, 0.949130042, 0.247822329, 0, 0, 0, 0, 0, 0, 0, 0.283030518, -0.0542350098, -0.218464014, 0.0481736515, -0.113962853, -0.992272727, 0.776855469, -0.620117187, 0.108886719, -0.627675415, -0.776051348, 0.0585875099, 0, 3, 5, 1, 
515.381746, 71, 0.1, 0.1, 0.026184764, 0.366123207, -0.0199624028, 0.986769876, 0.162127147, -1.54869235e-005, -0.162127147, 0.986769876, 1.32958698e-005, 1.7437651e-005, -1.06091131e-005, 1, 0.986769849, 0.162127304, -4.22078584e-005, -0.162127305, 0.98676985, -7.98328136e-006, 4.03551342e-005, 1.47207077e-005, 0.999999999, 0, -0, 0, 0, 0, 0, 0, 0.269787134, -0.118633325, -0.239174023, -0.0241384456, 0.247717875, -0.968517431, -0.98046875, -0.194458008, -0.0252685547, -0.1945419, 0.949130042, 0.247822329, 0, 0, 0, 0, 0, 0, 0, 0.283030518, -0.0542350098, -0.218464014, 0.0481736515, -0.113962853, -0.992272727, 0.776855469, -0.620117187, 0.108886719, -0.627675415, -0.776051348, 0.0585875099, 0, 3, 5, 1, 
515.382549, 71, 0.1, 0.1, 0.026184756, 0.366123208, -0.0199626757, 0.986769914, 0.162126914, 1.150213e-005, -0.162126914, 0.986769914, -3.83928694e-005, -1.75744733e-005, 3.60201236e-005, 0.999999999, 0.986769916, 0.1621269, 3.48924594e-005, -0.162126899, 0.986769916, -2.9127063e-005, -3.91531097e-005, 2.30847033e-005, 0.999999999, 0, -0, 0, 0, 0, 0, 0, 0.270463184, -0.118921729, -0.238889502, -0.02837141, 0.250877715, -0.967544657, -0.98034668, -0.195556641, -0.0219726562, -0.194736608, 0.948011612, 0.251623199, 0, 0, 0, 0, 0, 0, 0, 0.283832812, -0.055182666, -0.218017773, 0.0503012778, -0.114838184, -0.992087526, 0.776489258, -0.620117187, 0.111206055, -0.628065506, -0.775897863, 0.0579932618, 0, 3, 5, 1, 
515.383331, 71, 0.1, 0.1, 0.0261847617, 0.366123208, -0.0199639276, 0.986769824, 0.162127463, -8.38177893e-006, -0.162127463, 0.986769824, 1.9934803e-005, 1.15028656e-005, -1.83121455e-005, 1, 0.986769849, 0.162127307, -2.94091565e-005, -0.162127306, 0.98676985, 2.35035561e-005, 3.28306372e-005, -1.84245732e-005, 0.999999999, 0, -0, 0, 0, 0, 0, 0, 0.270463184, -0.118921729, -0.238889502, -0.02837141, 0.250877715, -0.967544657, -0.98034668, -0.195556641, -0.0219726562, -0.194736608, 0.948011612, 0.251623199, 0, 0, 0, 0, 0, 0, 0, 0.283832812, -0.055182666, -0.218017773, 0.0503012778, -0.114838184, -0.992087526, 0.776489258, -0.620117187, 0.111206055, -0.628065506, -0.775897863, 0.0579932618, 0, 3, 5, 1, 
515.384115, 71, 0.1, 0.1, 0.0261847547, 0.366123213, -0.0199657171, 0.986769649, 0.162128531, 1.36976939e-005, -0.16212853, 0.986769648, -2.04209266e-005, -1.68272834e-005, 1.79299636e-005, 1, 0.986769685, 0.162128309, 3.19828674e-005, -0.162128308, 0.986769685, -3.61731765e-005, -3.74244199e-005, 3.05092658e-005, 0.999999999, 0, -0, 0, 0, 0, 0, 0, 0.270463184, -0.118921729, -0.238889502, -0.02837141, 0.250877715, -0.967544657, -0.98034668, -0.195556641, -0.0219726562, -0.194736608, 0.948011612, 0.251623199, 0, 0, 0, 0, 0, 0, 0, 0.283832812, -0.055182666, -0.218017773, 0.0503012778, -0.114838184, -0.992087526, 0.776489258, -0.620117187, 0.111206055, -0.628065506, -0.775897863, 0.0579932618, 0, 3, 5, 1, 
515.384902, 71, 0.1, 0.1, 0.0261847598, 0.366123211, -0.0199674578, 0.986769479, 0.162129564, -1.50707463e-005, -0.162129565, 0.986769479, -1.14454187e-005, 1.30157118e-005, 1.37374034e-005, 1, 0.986769509, 0.162129381, -2.97664565e-005, -0.16212938, 0.986769509, 1.2390157e-005, 3.13814401e-005, -7.40021194e-006, 0.999999999, 0, -0, 0, 0, 0, 0, 0, 0.270463184, -0.118921729, -0.238889502, -0.02837141, 0.250877715, -0.967544657, -0.98034668, -0.195556641, -0.0219726562, -0.194736608, 0.948011612, 0.251623199, 0, 0, 0, 0, 0, 0, 0, 0.283832812, -0.055182666, -0.218017773, 0.0503012778, -0.114838184, -0.992087526, 0.776489258, -0.620117187, 0.111206055, -0.628065506, -0.775897863, 0.0579932618, 0, 3, 5, 1, 
515.385741, 71, 0.1, 0.1, 0.0261847542, 0.366123211, -0.0199683322, 0.986769404, 0.16213002, 7.83593071e-006, -0.162130021, 0.986769403, 3.2305329e-005, -2.49459301e-006, -3.31483499e-005, 0.999999999, 0.986769409, 0.162129984, 3.06884804e-005, -0.162129985, 0.98676941, 1.25997455e-005, -2.82396571e-005, -1.74085662e-005, 0.999999999, 0, -0, 0, 0, 0, 0, 0, 0.270463184, -0.118921729, -0.238889502, -0.02837141, 0.250877715, -0.967544657, -0.98034668, -0.195556641, -0.0219726562, -0.194736608, 0.948011612, 0.251623199, 0, 0, 0, 0, 0, 0, 0, 0.283832812, -0.055182666, -0.218017773, 0.0503012778, -0.114838184, -0.992087526, 0.776489258, -0.620117187, 0.111206055, -0.628065506, -0.775897863, 0.0579932618, 0, 3, 5, 1, 
515.386607, 71, 0.1, 0.1, 0.0261847636, 0.366123209, -0.019966672, 0.986769466, 0.162129643, -2.47397213e-005, -0.162129643, 0.986769466, -1.42733828e-005, 2.20982631e-005, 1.80955805e-005, 1, 0.986769445, 0.162129763, -4.67359006e-005, -0.162129764, 0.986769446, -1.19931586e-005, 4.41731108e-005, 1.94117629e-005, 0.999999999, 0, -0, 0, 0, 0, 0, 0, 0.270463184, -0.118921729, -0.238889502, -0.02837141, 0.250877715, -0.967544657, -0.98034668, -0.195556641, -0.0219726562, -0.194736608, 0.948011612, 0.251623199, 0, 0, 0, 0, 0, 0, 0, 0.283832812, -0.055182666, -0.218017773, 0.0503012778, -0.114838184, -0.992087526, 0.776489258, -0.620117187, 0.111206055, -0.628065506, -0.775897863, 0.0579932618, 0, 3, 5, 1, 
515.387424, 71, 0.1, 0.1, 0.0261847566, 0.366123205, -0.0199643172, 0.986769619, 0.162128713, 1.30663226e-005, -0.162128713, 0.986769619, 1.44790093e-005, -1.0545987e-005, -1.64058726e-005, 1, 0.986769587, 0.1621289, 3.46550503e-005, -0.162128901, 0.986769588, 2.56805502e-005, -3.00329903e-005, -3.09593711e-005, 0.999999999, 0, -0, 0, 0, 0, 0, 0, 0.270915015, -0.11959021, -0.239251147, -0.0327870995, 0.255319614, -0.966203067, -0.980712891, -0.194091797, -0.0179443359, -0.192183353, 0.947184493, 0.256972349, 0, 0, 0, 0, 0, 0, 0, 0.28395791, -0.0560438965, -0.21823418, 0.0490168995, -0.114525019, -0.992138565, 0.776123047, -0.620849609, 0.110107422, -0.62869147, -0.775373977, 0.0584788682, 0, 3, 5, 1, 
515.388211, 71, 0.1, 0.1, 0.0261847626, 0.366123207, -0.0199624967, 0.986769763, 0.162127832, -3.14604344e-006, -0.162127832, 0.986769763, 1.25729345e-005, 5.14284315e-006, -1.18965304e-005, 1, 0.986769736, 0.162127995, -3.1484694e-005, -0.162127996, 0.986769737, -7.87169266e-006, 2.97919215e-005, 1.28720984e-005, 0.999999999, 0, -0, 0, 0, 0, 0, 0, 0.270915015, -0.11959021, -0.239251147, -0.0327870995, 0.255319614, -0.966203067, -0.980712891, -0.194091797, -0.0179443359, -0.192183353, 0.947184493, 0.256972349, 0, 0, 0, 0, 0, 0, 0, 0.28395791, -0.0560438965, -0.21823418, 0.0490168995, -0.114525019, -0.992138565, 0.776123047, -0.620849609, 0.110107422, -0.62869147, -0.775373977, 0.0584788682, 0, 3, 5, 1, 
515.388993, 71, 0.1, 0.1, 0.0261847527, 0.36612321, -0.0199619146, 0.986769807, 0.162127566, 1.94693925e-005, -0.162127565, 0.986769806, -4.1464137e-005, -2.59342883e-005, 3.77590333e-005, 0.999999999, 0.986769807, 0.162127558, 4.42237342e-005, -0.162127557, 0.986769808, -3.19176004e-005, -4.88133683e-005, 2.43254384e-005, 0.999999999, 0, -0, 0, 0, 0, 0, 0, 0.270915015, -0.11959021, -0.239251147, -0.0327870995, 0.255319614, -0.966203067, -0.980712891, -0.194091797, -0.0179443359, -0.192183353, 0.947184493, 0.256972349, 0, 0, 0, 0, 0, 0, 0, 0.28395791, -0.0560438965, -0.21823418, 0.0490168995, -0.114525019, -0.992138565, 0.776123047, -0.620849609, 0.110107422, -0.62869147, -0.775373977, 0.0584788682, 0, 3, 5, 1, 
515.389808, 71, 0.1, 0.1, 0.026184757, 0.366123209, -0.0199625539, 0.986769713, 0.162128137, 3.6614371e-007, -0.162128137, 0.986769713, 1.99963803e-005, 2.88067637e-006, -1.97911847e-005, 1, 0.986769742, 0.162127962, -2.26460188e-005, -0.162127962, 0.986769742, 2.42212504e-005, 2.62733481e-005, -2.02292442e-005, 0.999999999, 0, -0, 0, 0, 0, 0, 0, 0.270508179, -0.121068188, -0.239664673, -0.0366812055, 0.256963374, -0.96570058, -0.981567383, -0.190307617, -0.0133056641, -0.187117277, 0.947418514, 0.259364601, 0, 0, 0, 0, 0, 0, 0, 0.28395791, -0.0560438965, -0.21823418, 0.047509041, -0.11301716, -0.992477251, 0.776489258, -0.620727539, 0.107910156, -0.628358982, -0.775706466, 0.0581977855, 0, 3, 5, 1, 
515.390592, 71, 0.1, 0.1, 0.0261847488, 0.366123215, -0.0199638987, 0.986769535, 0.162129222, 1.59531849e-005, -0.162129222, 0.986769535, -2.06470016e-005, -1.90895992e-005, 1.77873547e-005, 1, 0.986769572, 0.16212899, 3.67531934e-005, -0.162128989, 0.986769573, -3.75272588e-005, -4.23511895e-005, 3.1071999e-005, 0.999999999, 0, -0, 0, 0, 0, 0, 0, 0.270508179, -0.121068188, -0.239664673, -0.0366812055, 0.256963374, -0.96570058, -0.981567383, -0.190307617, -0.0133056641, -0.187117277, 0.947418514, 0.259364601, 0, 0, 0, 0, 0, 0, 0, 0.284088379, -0.0563976074, -0.218708984, 0.047509041, -0.11301716, -0.992477251, 0.776489258, -0.620727539, 0.107910156, -0.628358982, -0.775706466, 0.0581977855, 0, 3, 5, 1, 
515.391372, 71, 0.1, 0.1, 0.0261847551, 0.366123212, -0.0199657859, 0.986769362, 0.162130271, -2.30304253e-005, -0.162130271, 0.986769363, -1.11846878e-005, 2.09123416e-005, 1.47706364e-005, 1, 0.986769392, 0.162130086, -3.74275634e-005, -0.162130086, 0.986769393, 1.43200976e-005, 3.92540926e-005, -8.06249995e-006, 0.999999999, 0, -0, 0, 0, 0, 0, 0, 0.270508179, -0.121068188, -0.239664673, -0.0366812055, 0.256963374, -0.96570058, -0.981567383, -0.190307617, -0.0133056641, -0.187117277, 0.947418514, 0.259364601, 0, 0, 0, 0, 0, 0, 0, 0.284088379, -0.0563976074, -0.218708984, 0.047509041, -0.11301716, -0.992477251, 0.776489258, -0.620727539, 0.107910156, -0.628358982, -0.775706466, 0.0581977855, 0, 3, 5, 1, 
515.392156, 71, 0.1, 0.1, 0.0261847508, 0.366123214, -0.0199675672, 0.986769289, 0.162130721, 7.05964392e-006, -0.162130721, 0.986769288, 2.4915409e-005, -2.92668658e-006, -2.57303456e-005, 1, 0.986769294, 0.162130686, 2.41679842e-005, -0.162130686, 0.986769295, 1.04715447e-005, -2.2150466e-005, -1.42513706e-005, 1, 0, -0, 0, 0, 0, 0, 0, 0.270508179, -0.121068188, -0.239664673, -0.0366812055, 0.256963374, -0.96570058, -0.981567383, -0.190307617, -0.0133056641, -0.187117277, 0.947418514, 0.259364601, 0, 0, 0, 0, 0, 0, 0, 0.284088379, -0.0563976074, -0.218708984, 0.047509041, -0.11301716, -0.992477251, 0.776489258, -0.620727539, 0.107910156, -0.628358982, -0.775706466, 0.0581977855, 0, 3, 5, 1, 
515.39294, 71, 0.1, 0.1, 0.0261847581, 0.366123213, -0.019968667, 0.986769328, 0.162130479, -2.1351555e-005, -0.162130479, 0.986769328, -1.35382201e-005, 1.88741015e-005, 1.68208382e-005, 1, 0.986769313, 0.162130569, -4.07362033e-005, -0.16213057, 0.986769314, -1.15766236e-005, 3.83203108e-005, 1.80280408e-005, 0.999999999, 0, -0, 0, 0, 0, 0, 0, 0.270508179, -0.121068188, -0.239664673, -0.0366812055, 0.256963374, -0.96570058, -0.981567383, -0.190307617, -0.0133056641, -0.187117277, 0.947418514, 0.259364601, 0, 0, 0, 0, 0, 0, 0, 0.284088379, -0.0563976074, -0.218708984, 0.047509041, -0.11301716, -0.992477251, 0.776489258, -0.620727539, 0.107910156, -0.628358982, -0.775706466, 0.0581977855, 0, 3, 5, 1, 
515.393727, 71, 0.1, 0.1, 0.0261847521, 0.36612321, -0.0199687342, 0.986769447, 0.16212976, 1.23077731e-005, -0.16212976, 0.986769447, 1.37497699e-005, -9.91568758e-006, -1.55633091e-005, 1, 0.98676942, 0.162129917, 3.18602317e-005, -0.162129917, 0.986769421, 2.23195421e-005, -2.78200369e-005, -2.71897384e-005, 0.999999999, 0, -0, 0, 0, 0, 0, 0, 0.270508179, -0.121068188, -0.239664673, -0.0366812055, 0.256963374, -0.96570058, -0.981567383, -0.190307617, -0.0133056641, -0.187117277, 0.947418514, 0.259364601, 0, 0, 0, 0, 0, 0, 0, 0.284088379, -0.0563976074, -0.218708984, 0.047509041, -0.11301716, -0.992477251, 0.776489258, -0.620727539, 0.107910156, -0.628358982, -0.775706466, 0.0581977855, 0, 3, 5, 1, 
515.394538, 71, 0.1, 0.1, 0.0261847572, 0.36612321, -0.0199676329, 0.986769567, 0.162129025, -1.51563611e-006, -0.162129025, 0.986769567, 1.93309612e-005, 4.62969349e-006, -1.88294756e-005, 1, 0.986769544, 0.162129166, -2.74745096e-005, -0.162129166, 0.986769544, -6.77705448e-007, 2.70011335e-005, 5.12315842e-006, 1, 0, -0, 0, 0, 0, 0, 0, 0.270586035, -0.121583984, -0.239829321, -0.0396942693, 0.259996656, -0.964765997, -0.981933594, -0.188232422, -0.0103759766, -0.184291808, 0.947061682, 0.262924336, 0, 0, 0, 0, 0, 0, 0, 0.284088379, -0.0563976074, -0.218708984, 0.0464291865, -0.111196136, -0.992643495, 0.776245117, -0.621337891, 0.105957031, -0.628595222, -0.775515069, 0.0574438563, 0, 3, 5, 1, 
515.395323, 71, 0.1, 0.1, 0.0261847487, 0.36612321, -0.0199657587, 0.986769595, 0.162128859, 1.50826611e-005, -0.162128858, 0.986769594, -2.99251015e-005, -1.97348339e-005, 2.70838457e-005, 0.999999999, 0.986769598, 0.162128837, 3.76370955e-005, -0.162128837, 0.986769598, -2.11367413e-005, -4.05660169e-005, 1.47550352e-005, 0.999999999, 0, -0, 0, 0, 0, 0, 0, 0.270586035, -0.121583984, -0.239829321, -0.0396942693, 0.259996656, -0.964765997, -0.981933594, -0.188232422, -0.0103759766, -0.184291808, 0.947061682, 0.262924336, 0, 0, 0, 0, 0, 0, 0, 0.284458447, -0.0569428223, -0.218959082, 0.0464291865, -0.111196136, -0.992643495, 0.776245117, -0.621337891, 0.105957031, -0.628595222, -0.775515069, 0.0574438563, 0, 3, 5, 1, 
515.396107, 71, 0.1, 0.1, 0.0261847531, 0.366123209, -0.0199640677, 0.986769504, 0.162129414, -2.03624953e-006, -0.162129414, 0.986769503, 2.26591521e-005, 5.68302398e-006, -2.20292243e-005, 1, 0.986769529, 0.162129259, -2.28814025e-005, -0.162129258, 0.986769529, 2.75831796e-005, 2.70507112e-005, -2.35084964e-005, 0.999999999, 0, -0, 0, 0, 0, 0, 0, 0.270586035, -0.121583984, -0.239829321, -0.0396942693, 0.259996656, -0.964765997, -0.981933594, -0.188232422, -0.0103759766, -0.184291808, 0.947061682, 0.262924336, 0, 0, 0, 0, 0, 0, 0, 0.284458447, -0.0569428223, -0.218959082, 0.0464291865, -0.111196136, -0.992643495, 0.776245117, -0.621337891, 0.105957031, -0.628595222, -0.775515069, 0.0574438563, 0, 3, 5, 1, 
515.396894, 71, 0.1, 0.1, 0.0261847455, 0.366123214, -0.0199630377, 0.986769328, 0.16213048, 1.23238326e-005, -0.16213048, 0.986769328, -2.02078375e-005, -1.54370864e-005, 1.79424054e-005, 1, 0.986769365, 0.162130253, 3.34431589e-005, -0.162130252, 0.986769365, -3.71058797e-005, -3.90166704e-005, 3.11927976e-005, 0.999999999, 0, -0, 0, 0, 0, 0, 0, 0.270586035, -0.121583984, -0.239829321, -0.0396942693, 0.259996656, -0.964765997, -0.981933594, -0.188232422, -0.0103759766, -0.184291808, 0.947061682, 0.262924336, 0, 0, 0, 0, 0, 0, 0, 0.284458447, -0.0569428223, -0.218959082, 0.0464291865, -0.111196136, -0.992643495, 0.776245117, -0.621337891, 0.105957031, -0.628595222, -0.775515069, 0.0574438563, 0, 3, 5, 1, 
515.39768, 71, 0.1, 0.1, 0.0261847523, 0.366123211, -0.0199629775, 0.986769156, 0.162131525, -2.09383855e-005, -0.162131526, 0.986769156, -1.44199511e-005, 1.83234243e-005, 1.76239354e-005, 1, 0.986769186, 0.16213134, -3.79884964e-005, -0.162131339, 0.986769187, 1.38605137e-005, 3.97331014e-005, -7.51800202e-006, 0.999999999, 0, -0, 0, 0, 0, 0, 0, 0.270586035, -0.121583984, -0.239829321, -0.0396942693, 0.259996656, -0.964765997, -0.981933594, -0.188232422, -0.0103759766, -0.184291808, 0.947061682, 0.262924336, 0, 0, 0, 0, 0, 0, 0, 0.284458447, -0.0569428223, -0.218959082, 0.0464291865, -0.111196136, -0.992643495, 0.776245117, -0.621337891, 0.105957031, -0.628595222, -0.775515069, 0.0574438563, 0, 3, 5, 1, 
515.398463, 71, 0.1, 0.1, 0.0261847463, 0.366123213, -0.0199638585, 0.986769092, 0.162131919, 1.42734619e-005, -0.16213192, 0.986769092, 2.57326218e-005, -9.91253163e-006, -2.77063396e-005, 1, 0.986769094, 0.1621319, 3.33902067e-005, -0.1621319, 0.986769095, 9.46862626e-006, -3.14132576e-005, -1.47569654e-005, 0.999999999, 0, -0, 0, 0, 0, 0, 0, 0.270586035, -0.121583984, -0.239829321, -0.0396942693, 0.259996656, -0.964765997, -0.981933594, -0.188232422, -0.0103759766, -0.184291808, 0.947061682, 0.262924336, 0, 0, 0, 0, 0, 0, 0, 0.284458447, -0.0569428223, -0.218959082, 0.0464291865, -0.111196136, -0.992643495, 0.776245117, -0.621337891, 0.105957031, -0.628595222, -0.775515069, 0.0574438563, 0, 3, 5, 1, 
