time, trialNum, realDorsalTactorPos, realVentralTactorPos, boxPosX, boxPosY, boxPosZ, boxLocalRot_11, boxLocalRot_12, boxLocalRot_13, boxLocalRot_21, boxLocalRot_22, boxLocalRot_23, boxLocalRot_31, boxLocalRot_32, boxLocalRot_33, boxGlobalRot_11, boxGlobalRot_12, boxGlobalRot_13, boxGlobalRot_21, boxGlobalRot_22, boxGlobalRot_23, boxGlobalRot_31, boxGlobalRot_32, boxGlobalRot_33, indexForceX, indexForceY, indexForceZ, indexForceGlobalX, indexForceGlobalY, indexForceGlobalZ, indexContact, indexPosX, indexPosY, indexPosZ, indexRot_11, indexRot_12, indexRot_13, indexRot_21, indexRot_22, indexRot_23, indexRot_31, indexRot_32, indexRot_33, thumbForceX, thumbForceY, thumbForceZ, thumbForceGlobalX, thumbForceGlobalY, thumbForceGlobalZ, thumbContact, thumbPosX, thumbPosY, thumbPosZ, thumbRot_11, thumbRot_12, thumbRot_13, thumbRot_21, thumbRot_22, thumbRot_23, thumbRot_31, thumbRot_32, thumbRot_33, manipForceTooHigh, cceExpType, mapping, trialSuccess, 
467.628795, 69, 0.1, 0.1, 0.0282844953, 0.364918531, -0.0199663228, 0.95217191, -0.305562841, 6.99096858e-005, 0.305562841, 0.952171912, -3.01446101e-006, -6.56449319e-005, 2.42320873e-005, 0.999999998, 0.952171845, -0.305563042, 7.42294718e-005, 0.305563041, 0.952171847, 2.49284231e-005, -7.82964181e-005, -1.05435943e-006, 0.999999997, 0, 0, 0, 0, 0, 0, 0, 0.290729102, -0.0253041016, -0.184281201, -0.135242637, 0.813163236, -0.566028388, -0.697509766, 0.327636719, 0.637329102, 0.703647807, 0.4810102, 0.522963411, 0, 0, -0, 0, 0, 0, 0, 0.357935449, -0.0151046875, -0.14515166, 0.146376301, 0.67279153, -0.724957248, 0.175415039, -0.738891602, -0.650390625, -0.973430502, -0.0318996663, -0.226187669, 0, 3, 5, 1, 
467.675992, 69, 0.1, 0.1, 0.0282845496, 0.364918333, -0.019966825, 0.952187612, -0.305513914, 2.90333193e-006, 0.305513914, 0.952187612, 1.65279226e-005, -7.81402703e-006, -1.48506749e-005, 1, 0.952187596, -0.305513964, -5.09987674e-006, 0.305513964, 0.952187596, -1.15741652e-005, 8.39210845e-006, 9.46269294e-006, 1, 0, 0, 0, 0, 0, 0, 0, 0.30380603, -0.0483319092, -0.172463672, -0.18082648, 0.802077381, -0.568967668, -0.686157227, 0.311523437, 0.657226563, 0.70456439, 0.509338293, 0.494261251, 0, 0, -0, 0, 0, 0, 0, 0.369997998, -0.0341913086, -0.13725625, 0.100888981, 0.656147449, -0.747692128, 0.178955078, -0.751220703, -0.635131836, -0.97857964, -0.0697353864, -0.1932273, 0, 3, 5, 1, 
467.676771, 69, 0.1, 0.1, 0.0282845515, 0.364918329, -0.019965783, 0.952187636, -0.30551384, -4.27788077e-006, 0.30551384, 0.952187635, -2.52600557e-005, 1.17906418e-005, 2.27453609e-005, 1, 0.952187643, -0.305513817, -1.42390625e-005, 0.305513817, 0.952187643, -1.65815921e-005, 1.86241649e-005, 1.14385568e-005, 1, 0, 0, 0, 0, 0, 0, 0, 0.30380603, -0.0483319092, -0.172463672, -0.18082648, 0.802077381, -0.568967668, -0.686157227, 0.311523437, 0.657226563, 0.70456439, 0.509338293, 0.494261251, 0, 0, -0, 0, 0, 0, 0, 0.369997998, -0.0341913086, -0.13725625, 0.100888981, 0.656147449, -0.747692128, 0.178955078, -0.751220703, -0.635131836, -0.97857964, -0.0697353864, -0.1932273, 0, 3, 5, 1, 
467.677556, 69, 0.1, 0.1, 0.0282845528, 0.364918325, -0.0199648492, 0.952187507, -0.30551424, -2.66072423e-005, 0.305514241, 0.952187507, 2.04594503e-005, 1.90844303e-005, -2.76101244e-005, 0.999999999, 0.952187543, -0.305514128, -2.16988913e-005, 0.305514129, 0.952187543, 2.38918703e-005, 1.33621101e-005, -2.93788592e-005, 0.999999999, 0, 0, 0, 0, 0, 0, 0, 0.30380603, -0.0483319092, -0.172463672, -0.18082648, 0.802077381, -0.568967668, -0.686157227, 0.311523437, 0.657226563, 0.70456439, 0.509338293, 0.494261251, 0, 0, -0, 0, 0, 0, 0, 0.369997998, -0.0341913086, -0.13725625, 0.100888981, 0.656147449, -0.747692128, 0.178955078, -0.751220703, -0.635131836, -0.97857964, -0.0697353864, -0.1932273, 0, 3, 5, 1, 
467.678335, 69, 0.1, 0.1, 0.0282845524, 0.364918325, -0.0199643401, 0.95218733, -0.305514792, -8.64201416e-006, 0.305514791, 0.95218733, -1.55267215e-005, 1.29724595e-005, 1.21440844e-005, 1, 0.952187361, -0.305514697, 1.28171816e-005, 0.305514697, 0.95218736, -2.26464657e-005, -5.28553024e-006, 2.54795158e-005, 1, 0, 0, 0, 0, 0, 0, 0, 0.30380603, -0.0483319092, -0.172463672, -0.18082648, 0.802077381, -0.568967668, -0.686157227, 0.311523437, 0.657226563, 0.70456439, 0.509338293, 0.494261251, 0, 0, -0, 0, 0, 0, 0, 0.369997998, -0.0341913086, -0.13725625, 0.100888981, 0.656147449, -0.747692128, 0.178955078, -0.751220703, -0.635131836, -0.97857964, -0.0697353864, -0.1932273, 0, 3, 5, 1, 
467.679145, 69, 0.1, 0.1, 0.028284553, 0.36491832, -0.0199642313, 0.952187304, -0.305514874, 1.54937547e-005, 0.305514874, 0.952187304, -1.66891021e-005, -9.65418763e-006, 2.06247236e-005, 1, 0.952187294, -0.305514905, 1.36140623e-005, 0.305514904, 0.952187294, 1.24632212e-005, -1.6770837e-005, -7.7080219e-006, 1, 0, 0, 0, 0, 0, 0, 0, 0.305196729, -0.0496872314, -0.171335254, -0.184082922, 0.801615329, -0.568726533, -0.687133789, 0.30871582, 0.657592773, 0.702731913, 0.511883313, 0.494223059, 0, 0, -0, 0, 0, 0, 0, 0.369997998, -0.0341913086, -0.13725625, 0.0959563585, 0.655680066, -0.748829219, 0.182617187, -0.751098633, -0.634277344, -0.978361623, -0.0757989031, -0.191751158, 0, 3, 5, 1, 
467.679925, 69, 0.1, 0.1, 0.0282845528, 0.36491832, -0.0199644154, 0.952187413, -0.305514534, 9.75003015e-006, 0.305514533, 0.952187413, 2.70707979e-005, -1.75543782e-005, -2.27976971e-005, 1, 0.952187392, -0.3055146, 8.23780071e-006, 0.3055146, 0.952187392, 1.27994153e-005, -1.17543382e-005, -9.67067352e-006, 1, 0, 0, 0, 0, 0, 0, 0, 0.305196729, -0.0496872314, -0.171335254, -0.184082922, 0.801615329, -0.568726533, -0.687133789, 0.30871582, 0.657592773, 0.702731913, 0.511883313, 0.494223059, 0, 0, -0, 0, 0, 0, 0, 0.371238916, -0.0347962402, -0.136184229, 0.0959563585, 0.655680066, -0.748829219, 0.182617187, -0.751098633, -0.634277344, -0.978361623, -0.0757989031, -0.191751158, 0, 3, 5, 1, 
467.680708, 69, 0.1, 0.1, 0.0282845528, 0.364918319, -0.0199650692, 0.952187449, -0.30551442, 1.91076396e-005, 0.305514421, 0.952187449, -1.88286396e-005, -1.24416337e-005, 2.37660537e-005, 1, 0.952187455, -0.305514403, 2.40239711e-006, 0.305514403, 0.952187455, -2.64282054e-005, 5.786665e-006, 2.58985725e-005, 1, 0, 0, 0, 0, 0, 0, 0, 0.305196729, -0.0496872314, -0.171335254, -0.184082922, 0.801615329, -0.568726533, -0.687133789, 0.30871582, 0.657592773, 0.702731913, 0.511883313, 0.494223059, 0, 0, -0, 0, 0, 0, 0, 0.371238916, -0.0347962402, -0.136184229, 0.0959563585, 0.655680066, -0.748829219, 0.182617187, -0.751098633, -0.634277344, -0.978361623, -0.0757989031, -0.191751158, 0, 3, 5, 1, 
467.681502, 69, 0.1, 0.1, 0.0282845542, 0.364918313, -0.0199659419, 0.952187328, -0.3055148, -1.03599396e-005, 0.3055148, 0.952187328, 1.07367173e-005, 6.58437716e-006, -1.3388481e-005, 1, 0.952187362, -0.305514692, -2.09171275e-005, 0.305514692, 0.952187362, 2.23600305e-005, 1.30857066e-005, -2.76814282e-005, 1, 0, 0, 0, 0, 0, 0, 0, 0.305196729, -0.0496872314, -0.171335254, -0.186507375, 0.802110703, -0.567241532, -0.687011719, 0.306152344, 0.658935547, 0.702250765, 0.512669997, 0.494235042, 0, 0, -0, 0, 0, 0, 0, 0.371238916, -0.0347962402, -0.136184229, 0.0959563585, 0.655680066, -0.748829219, 0.182617187, -0.751098633, -0.634277344, -0.978361623, -0.0757989031, -0.191751158, 0, 3, 5, 1, 
467.682295, 69, 0.1, 0.1, 0.0282845527, 0.364918313, -0.0199663847, 0.952187194, -0.305515217, -1.5997283e-005, 0.305515217, 0.952187194, 1.01012272e-005, 1.21463294e-005, -1.45056726e-005, 1, 0.952187208, -0.305515172, -3.31522971e-006, 0.305515172, 0.952187208, -1.16664504e-005, 6.72099693e-006, 1.00957919e-005, 1, 0, 0, 0, 0, 0, 0, 0, 0.306187573, -0.0512222168, -0.170366357, -0.186507375, 0.802110703, -0.567241532, -0.687011719, 0.306152344, 0.658935547, 0.702250765, 0.512669997, 0.494235042, 0, 0, -0, 0, 0, 0, 0, 0.372102051, -0.0355711914, -0.136362549, 0.0888767863, 0.655915573, -0.749531376, 0.184204102, -0.750244141, -0.634765625, -0.978737488, -0.0815430577, -0.18740622, 0, 3, 5, 1, 
467.683078, 69, 0.1, 0.1, 0.0282845526, 0.364918309, -0.0199666219, 0.952187215, -0.305515152, -1.9355274e-006, 0.305515152, 0.952187214, -2.39509393e-005, 9.16035931e-006, 2.22144452e-005, 1, 0.952187196, -0.305515211, 1.21533736e-005, 0.305515211, 0.952187196, -7.83392969e-006, -9.17890206e-006, 1.1172408e-005, 1, 0, 0, 0, 0, 0, 0, 0, 0.306187573, -0.0512222168, -0.170366357, -0.186507375, 0.802110703, -0.567241532, -0.687011719, 0.306152344, 0.658935547, 0.702250765, 0.512669997, 0.494235042, 0, 0, -0, 0, 0, 0, 0, 0.372102051, -0.0355711914, -0.136362549, 0.0888767863, 0.655915573, -0.749531376, 0.184204102, -0.750244141, -0.634765625, -0.978737488, -0.0815430577, -0.18740622, 0, 3, 5, 1, 
467.683856, 69, 0.1, 0.1, 0.0282845535, 0.364918305, -0.0199666127, 0.952187325, -0.305514809, -2.09634184e-006, 0.305514809, 0.952187324, 2.72689704e-005, -6.33496415e-006, -2.66056314e-005, 1, 0.952187305, -0.30551487, 3.48792752e-006, 0.30551487, 0.952187305, 3.03749367e-005, -1.26011551e-005, -2.78570154e-005, 1, 0, 0, 0, 0, 0, 0, 0, 0.306187573, -0.0512222168, -0.170366357, -0.186507375, 0.802110703, -0.567241532, -0.687011719, 0.306152344, 0.658935547, 0.702250765, 0.512669997, 0.494235042, 0, 0, -0, 0, 0, 0, 0, 0.372102051, -0.0355711914, -0.136362549, 0.0888767863, 0.655915573, -0.749531376, 0.184204102, -0.750244141, -0.634765625, -0.978737488, -0.0815430577, -0.18740622, 0, 3, 5, 1, 
467.684637, 69, 0.1, 0.1, 0.0282845537, 0.364918305, -0.0199664266, 0.952187335, -0.305514775, 1.65858934e-005, 0.305514775, 0.952187336, -4.81820033e-006, -1.43208462e-005, 9.65506483e-006, 1, 0.952187346, -0.305514741, 1.50285796e-005, 0.305514742, 0.952187346, -1.85851778e-005, -8.63197752e-006, 2.22880237e-005, 1, 0, 0, 0, 0, 0, 0, 0, 0.306187573, -0.0512222168, -0.170366357, -0.186507375, 0.802110703, -0.567241532, -0.687011719, 0.306152344, 0.658935547, 0.702250765, 0.512669997, 0.494235042, 0, 0, -0, 0, 0, 0, 0, 0.372102051, -0.0355711914, -0.136362549, 0.0888767863, 0.655915573, -0.749531376, 0.184204102, -0.750244141, -0.634765625, -0.978737488, -0.0815430577, -0.18740622, 0, 3, 5, 1, 
467.685419, 69, 0.1, 0.1, 0.0282845555, 0.364918301, -0.019966079, 0.952187206, -0.30551518, 1.38843808e-005, 0.30551518, 0.952187206, -1.28527195e-005, -9.2938288e-006, 1.64800842e-005, 1, 0.952187237, -0.305515082, -1.14553841e-005, 0.305515082, 0.952187237, 5.84786489e-006, 9.12105959e-006, -9.06805492e-006, 1, 0, 0, 0, 0, 0, 0, 0, 0.306187573, -0.0512222168, -0.170366357, -0.186507375, 0.802110703, -0.567241532, -0.687011719, 0.306152344, 0.658935547, 0.702250765, 0.512669997, 0.494235042, 0, 0, -0, 0, 0, 0, 0, 0.372102051, -0.0355711914, -0.136362549, 0.0888767863, 0.655915573, -0.749531376, 0.184204102, -0.750244141, -0.634765625, -0.978737488, -0.0815430577, -0.18740622, 0, 3, 5, 1, 
467.686198, 69, 0.1, 0.1, 0.0282845553, 0.3649183, -0.019965702, 0.952187109, -0.305515481, -1.14135366e-005, 0.305515481, 0.952187109, 1.8818839e-005, 5.11837578e-006, -2.14060681e-005, 1, 0.952187115, -0.305515461, -1.48961779e-005, 0.305515461, 0.952187115, 5.357397e-006, 1.25471811e-005, -9.65225707e-006, 1, 0, 0, 0, 0, 0, 0, 0, 0.306187573, -0.0512222168, -0.170366357, -0.186507375, 0.802110703, -0.567241532, -0.687011719, 0.306152344, 0.658935547, 0.702250765, 0.512669997, 0.494235042, 0, 0, -0, 0, 0, 0, 0, 0.372102051, -0.0355711914, -0.136362549, 0.0888767863, 0.655915573, -0.749531376, 0.184204102, -0.750244141, -0.634765625, -0.978737488, -0.0815430577, -0.18740622, 0, 3, 5, 1, 
467.687026, 69, 0.1, 0.1, 0.0282845529, 0.3649183, -0.0199648269, 0.952187183, -0.305515252, 8.24938663e-007, 0.305515252, 0.952187182, -3.01302133e-005, 8.41974368e-006, 2.89416342e-005, 1, 0.952187157, -0.305515332, 7.05902424e-006, 0.305515332, 0.952187157, -3.05673451e-005, 2.61728035e-006, 3.12624736e-005, 1, 0, 0, 0, 0, 0, 0, 0, 0.307357715, -0.0523040039, -0.169141748, -0.189725626, 0.802701558, -0.565159686, -0.687744141, 0.302246094, 0.66003418, 0.700659423, 0.514059518, 0.494894045, 0, 0, -0, 0, 0, 0, 0, 0.373373584, -0.0359101563, -0.13630957, 0.0811646865, 0.656412839, -0.74992693, 0.187133789, -0.749023438, -0.635375977, -0.978934349, -0.08860987, -0.183642771, 0, 3, 5, 1, 
467.687805, 69, 0.1, 0.1, 0.0282845521, 0.364918294, -0.0199643379, 0.952187311, -0.305514852, -8.35929892e-006, 0.305514852, 0.952187311, 1.19218045e-005, 4.31733002e-006, -1.39056809e-005, 1, 0.952187291, -0.305514916, 5.67909835e-006, 0.305514915, 0.95218729, 2.98479936e-005, -1.45265725e-005, -2.66858309e-005, 1, 0, 0, 0, 0, 0, 0, 0, 0.307357715, -0.0523040039, -0.169141748, -0.189725626, 0.802701558, -0.565159686, -0.687744141, 0.302246094, 0.66003418, 0.700659423, 0.514059518, 0.494894045, 0, 0, -0, 0, 0, 0, 0, 0.373373584, -0.0359101563, -0.13630957, 0.0811646865, 0.656412839, -0.74992693, 0.187133789, -0.749023438, -0.635375977, -0.978934349, -0.08860987, -0.183642771, 0, 3, 5, 1, 
467.688587, 69, 0.1, 0.1, 0.0282845506, 0.364918293, -0.019964394, 0.952187298, -0.305514892, 5.00442242e-006, 0.305514892, 0.952187298, 2.26899242e-005, -1.16972572e-005, -2.00761321e-005, 1, 0.952187313, -0.305514847, 2.03275e-005, 0.305514847, 0.952187313, 4.02361862e-007, -1.94785152e-005, 5.8272292e-006, 1, 0, 0, 0, 0, 0, 0, 0, 0.307357715, -0.0523040039, -0.169141748, -0.189725626, 0.802701558, -0.565159686, -0.687744141, 0.302246094, 0.66003418, 0.700659423, 0.514059518, 0.494894045, 0, 0, -0, 0, 0, 0, 0, 0.373373584, -0.0359101563, -0.13630957, 0.0811646865, 0.656412839, -0.74992693, 0.187133789, -0.749023438, -0.635375977, -0.978934349, -0.08860987, -0.183642771, 0, 3, 5, 1, 
467.689371, 69, 0.1, 0.1, 0.0282845522, 0.364918289, -0.0199649328, 0.952187156, -0.305515334, 1.87203869e-005, 0.305515334, 0.952187156, -1.58582543e-005, -1.29803721e-005, 2.08193913e-005, 1, 0.952187184, -0.305515248, 1.04158111e-005, 0.305515248, 0.952187184, -5.24933364e-006, -8.31405035e-006, 8.18053732e-006, 1, 0, 0, 0, 0, 0, 0, 0, 0.307357715, -0.0523040039, -0.169141748, -0.189725626, 0.802701558, -0.565159686, -0.687744141, 0.302246094, 0.66003418, 0.700659423, 0.514059518, 0.494894045, 0, 0, -0, 0, 0, 0, 0, 0.373373584, -0.0359101563, -0.13630957, 0.0811646865, 0.656412839, -0.74992693, 0.187133789, -0.749023438, -0.635375977, -0.978934349, -0.08860987, -0.183642771, 0, 3, 5, 1, 
467.69015, 69, 0.1, 0.1, 0.0282845545, 0.364918286, -0.0199657519, 0.952187092, -0.305515533, -2.42511064e-006, 0.305515533, 0.952187092, 2.56098847e-005, -5.51505852e-006, -2.51263106e-005, 1, 0.952187092, -0.305515534, -2.01248365e-005, 0.305515534, 0.952187092, 2.19226679e-005, 1.24648939e-005, -2.70229316e-005, 1, 0, 0, 0, 0, 0, 0, 0, 0.307357715, -0.0523040039, -0.169141748, -0.189725626, 0.802701558, -0.565159686, -0.687744141, 0.302246094, 0.66003418, 0.700659423, 0.514059518, 0.494894045, 0, 0, -0, 0, 0, 0, 0, 0.373373584, -0.0359101563, -0.13630957, 0.0811646865, 0.656412839, -0.74992693, 0.187133789, -0.749023438, -0.635375977, -0.978934349, -0.08860987, -0.183642771, 0, 3, 5, 1, 
467.690941, 69, 0.1, 0.1, 0.0282845552, 0.364918287, -0.0199665118, 0.952187187, -0.305515239, -8.29384438e-006, 0.305515239, 0.952187187, -1.58263169e-005, 1.27324733e-005, 1.25357203e-005, 1, 0.95218716, -0.305515323, -1.02480011e-005, 0.305515323, 0.952187159, -3.04487501e-005, 1.90605748e-005, 2.58619875e-005, 0.999999999, 0, 0, 0, 0, 0, 0, 0, 0.307357715, -0.0523040039, -0.169141748, -0.189725626, 0.802701558, -0.565159686, -0.687744141, 0.302246094, 0.66003418, 0.700659423, 0.514059518, 0.494894045, 0, 0, -0, 0, 0, 0, 0, 0.373373584, -0.0359101563, -0.13630957, 0.0811646865, 0.656412839, -0.74992693, 0.187133789, -0.749023438, -0.635375977, -0.978934349, -0.08860987, -0.183642771, 0, 3, 5, 1, 
467.691755, 69, 0.1, 0.1, 0.0282845562, 0.364918282, -0.0199665404, 0.9521873, -0.305514888, -9.54385265e-006, 0.305514887, 0.952187299, -1.74172292e-005, 1.44087581e-005, 1.36686754e-005, 1, 0.952187289, -0.30551492, -1.26196518e-005, 0.305514921, 0.952187289, 7.46638072e-006, 9.73518134e-006, -1.09648847e-005, 1, 0, 0, 0, 0, 0, 0, 0, 0.308075146, -0.0536286865, -0.167957666, -0.193133714, 0.802911614, -0.56378926, -0.687255859, 0.299316406, 0.661743164, 0.700210475, 0.51538576, 0.494182623, 0, 0, -0, 0, 0, 0, 0, 0.37435293, -0.0371259766, -0.136274902, 0.0757847367, 0.656239665, -0.750552528, 0.187866211, -0.748657227, -0.635620117, -0.979131576, -0.0928013235, -0.180026242, 0, 3, 5, 1, 
467.692538, 69, 0.1, 0.1, 0.028284555, 0.364918281, -0.0199662907, 0.952187255, -0.305515026, -1.31641961e-005, 0.305515026, 0.952187255, 1.84303319e-005, 6.90403642e-006, -2.15709869e-005, 1, 0.952187278, -0.305514954, 6.86852321e-006, 0.305514953, 0.952187278, 1.36948958e-005, -1.07241159e-005, -1.0941669e-005, 1, 0, 0, 0, 0, 0, 0, 0, 0.308075146, -0.0536286865, -0.167957666, -0.193133714, 0.802911614, -0.56378926, -0.687255859, 0.299316406, 0.661743164, 0.700210475, 0.51538576, 0.494182623, 0, 0, -0, 0, 0, 0, 0, 0.37435293, -0.0371259766, -0.136274902, 0.0757847367, 0.656239665, -0.750552528, 0.187866211, -0.748657227, -0.635620117, -0.979131576, -0.0928013235, -0.180026242, 0, 3, 5, 1, 
467.69334, 69, 0.1, 0.1, 0.0282845533, 0.364918281, -0.0199657674, 0.952187121, -0.305515442, 2.21306343e-005, 0.305515442, 0.952187121, -2.58017679e-005, -1.31896664e-005, 3.13293616e-005, 0.999999999, 0.952187145, -0.305515369, 2.82750429e-005, 0.30551537, 0.952187145, -2.52382781e-005, -1.92124506e-005, 3.26700241e-005, 0.999999999, 0, 0, 0, 0, 0, 0, 0, 0.308075146, -0.0536286865, -0.167957666, -0.193133714, 0.802911614, -0.56378926, -0.687255859, 0.299316406, 0.661743164, 0.700210475, 0.51538576, 0.494182623, 0, 0, -0, 0, 0, 0, 0, 0.37435293, -0.0371259766, -0.136274902, 0.0757847367, 0.656239665, -0.750552528, 0.187866211, -0.748657227, -0.635620117, -0.979131576, -0.0928013235, -0.180026242, 0, 3, 5, 1, 
467.694137, 69, 0.1, 0.1, 0.0282845532, 0.364918277, -0.019965011, 0.952187097, -0.305515519, 1.97779995e-005, 0.305515518, 0.952187097, 1.46073405e-005, -2.32951251e-005, -7.86643542e-006, 1, 0.952187088, -0.305515547, 1.01015912e-005, 0.305515547, 0.952187088, 2.52827848e-005, -1.73428886e-005, -2.0987748e-005, 1, 0, 0, 0, 0, 0, 0, 0, 0.308075146, -0.0536286865, -0.167957666, -0.193133714, 0.802911614, -0.56378926, -0.687255859, 0.299316406, 0.661743164, 0.700210475, 0.51538576, 0.494182623, 0, 0, -0, 0, 0, 0, 0, 0.3749854, -0.0385398926, -0.135137939, 0.071861606, 0.656245495, -0.750890846, 0.189331055, -0.748168945, -0.635742187, -0.979175686, -0.0963602493, -0.177975175, 0, 3, 5, 1, 
467.694924, 69, 0.1, 0.1, 0.0282845519, 0.364918278, -0.0199644617, 0.952187225, -0.305515119, 1.03916122e-005, 0.305515119, 0.952187225, 1.97812148e-005, -1.59382206e-005, -1.56606254e-005, 1, 0.952187195, -0.305515215, 1.08164373e-006, 0.305515215, 0.952187194, -1.11041268e-005, 2.36255238e-006, 1.0903666e-005, 1, 0, 0, 0, 0, 0, 0, 0, 0.308075146, -0.0536286865, -0.167957666, -0.193133714, 0.802911614, -0.56378926, -0.687255859, 0.299316406, 0.661743164, 0.700210475, 0.51538576, 0.494182623, 0, 0, -0, 0, 0, 0, 0, 0.3749854, -0.0385398926, -0.135137939, 0.071861606, 0.656245495, -0.750890846, 0.189331055, -0.748168945, -0.635742187, -0.979175686, -0.0963602493, -0.177975175, 0, 3, 5, 1, 
467.695705, 69, 0.1, 0.1, 0.0282845522, 0.364918273, -0.019964437, 0.952187315, -0.30551484, 2.3837456e-006, 0.30551484, 0.952187315, -2.0383008e-005, 3.95753912e-006, 2.01367114e-005, 1, 0.95218731, -0.305514854, -7.58322625e-006, 0.305514854, 0.95218731, -1.13742715e-005, 1.06956607e-005, 8.51364875e-006, 1, 0, 0, 0, 0, 0, 0, 0, 0.308075146, -0.0536286865, -0.167957666, -0.193133714, 0.802911614, -0.56378926, -0.687255859, 0.299316406, 0.661743164, 0.700210475, 0.51538576, 0.494182623, 0, 0, -0, 0, 0, 0, 0, 0.3749854, -0.0385398926, -0.135137939, 0.071861606, 0.656245495, -0.750890846, 0.189331055, -0.748168945, -0.635742187, -0.979175686, -0.0963602493, -0.177975175, 0, 3, 5, 1, 
467.696501, 69, 0.1, 0.1, 0.0282845523, 0.364918268, -0.0199647671, 0.952187239, -0.305515076, -2.27635126e-005, 0.305515076, 0.952187239, 2.73861302e-005, 1.33082505e-005, -3.303132e-005, 0.999999999, 0.952187265, -0.305514993, -1.72372512e-005, 0.305514994, 0.952187265, 3.10310163e-005, 6.93265033e-006, -3.48135772e-005, 0.999999999, 0, 0, 0, 0, 0, 0, 0, 0.309331567, -0.0550098877, -0.167264014, -0.19904264, 0.801878925, -0.563212633, -0.687011719, 0.295654297, 0.663696289, 0.69879811, 0.519009896, 0.492361007, 0, 0, -0, 0, 0, 0, 0, 0.3749854, -0.0385398926, -0.135137939, 0.071861606, 0.656245495, -0.750890846, 0.189331055, -0.748168945, -0.635742187, -0.979175686, -0.0963602493, -0.177975175, 0, 3, 5, 1, 
467.697284, 69, 0.1, 0.1, 0.0282845515, 0.364918268, -0.0199653645, 0.952187107, -0.305515489, -7.73527308e-006, 0.305515488, 0.952187107, -1.20361224e-005, 1.10426491e-005, 9.09739481e-006, 1, 0.952187128, -0.305515422, 1.40638508e-005, 0.305515422, 0.952187128, -1.80375068e-005, -7.88068122e-006, 2.14718052e-005, 1, 0, 0, 0, 0, 0, 0, 0, 0.309331567, -0.0550098877, -0.167264014, -0.19904264, 0.801878925, -0.563212633, -0.687011719, 0.295654297, 0.663696289, 0.69879811, 0.519009896, 0.492361007, 0, 0, -0, 0, 0, 0, 0, 0.3749854, -0.0385398926, -0.135137939, 0.071861606, 0.656245495, -0.750890846, 0.189331055, -0.748168945, -0.635742187, -0.979175686, -0.0963602493, -0.177975175, 0, 3, 5, 1, 
467.698064, 69, 0.1, 0.1, 0.0282845526, 0.364918264, -0.0199660714, 0.952187113, -0.305515468, 1.14270546e-005, 0.305515468, 0.952187113, -1.36502046e-005, -6.71034543e-006, 1.64886909e-005, 1, 0.9521871, -0.30551551, 1.01691842e-005, 0.30551551, 0.9521871, 1.24090659e-005, -1.34741281e-005, -8.70890902e-006, 1, 0, 0, 0, 0, 0, 0, 0, 0.309331567, -0.0550098877, -0.167264014, -0.19904264, 0.801878925, -0.563212633, -0.687011719, 0.295654297, 0.663696289, 0.69879811, 0.519009896, 0.492361007, 0, 0, -0, 0, 0, 0, 0, 0.3749854, -0.0385398926, -0.135137939, 0.071861606, 0.656245495, -0.750890846, 0.189331055, -0.748168945, -0.635742187, -0.979175686, -0.0963602493, -0.177975175, 0, 3, 5, 1, 
467.698872, 69, 0.1, 0.1, 0.0282845531, 0.364918264, -0.019966507, 0.952187248, -0.30551505, 6.05668596e-006, 0.305515049, 0.952187247, 2.63471654e-005, -1.38165547e-005, -2.32370262e-005, 1, 0.952187222, -0.30551513, 4.49311844e-006, 0.30551513, 0.952187222, 1.4009737e-005, -8.55847658e-006, -1.19671769e-005, 1, 0, 0, 0, 0, 0, 0, 0, 0.310317505, -0.0559468018, -0.166341138, -0.205758467, 0.800713687, -0.562584708, -0.688354492, 0.290039062, 0.664672852, 0.695412483, 0.524138129, 0.491643594, 0, 0, -0, 0, 0, 0, 0, 0.375315039, -0.0394829102, -0.134187598, 0.0666989398, 0.656985932, -0.750769078, 0.19140625, -0.746948242, -0.63659668, -0.97910459, -0.101069392, -0.175630265, 0, 3, 5, 1, 
467.699654, 69, 0.1, 0.1, 0.0282845537, 0.364918264, -0.0199665032, 0.952187307, -0.305514863, 1.68348533e-005, 0.305514863, 0.952187307, -2.07655567e-005, -9.68574741e-006, 2.49159974e-005, 1, 0.952187308, -0.305514861, 4.33471671e-007, 0.305514861, 0.952187308, -2.76834245e-005, 8.04495135e-006, 2.64922375e-005, 1, 0, 0, 0, 0, 0, 0, 0, 0.310317505, -0.0559468018, -0.166341138, -0.205758467, 0.800713687, -0.562584708, -0.688354492, 0.290039062, 0.664672852, 0.695412483, 0.524138129, 0.491643594, 0, 0, -0, 0, 0, 0, 0, 0.375315039, -0.0394829102, -0.134187598, 0.0666989398, 0.656985932, -0.750769078, 0.19140625, -0.746948242, -0.63659668, -0.97910459, -0.101069392, -0.175630265, 0, 3, 5, 1, 
467.700433, 69, 0.1, 0.1, 0.0282845551, 0.364918259, -0.0199663061, 0.952187214, -0.305515153, -1.12281741e-005, 0.305515153, 0.952187214, 6.75571523e-006, 8.62735049e-006, -9.863083e-006, 1, 0.95218724, -0.305515072, -2.11374818e-005, 0.305515072, 0.95218724, 1.7516884e-005, 1.47751683e-005, -2.31371727e-005, 1, 0, 0, 0, 0, 0, 0, 0, 0.310317505, -0.0559468018, -0.166341138, -0.205758467, 0.800713687, -0.562584708, -0.688354492, 0.290039062, 0.664672852, 0.695412483, 0.524138129, 0.491643594, 0, 0, -0, 0, 0, 0, 0, 0.375315039, -0.0394829102, -0.134187598, 0.0666989398, 0.656985932, -0.750769078, 0.19140625, -0.746948242, -0.63659668, -0.97910459, -0.101069392, -0.175630265, 0, 3, 5, 1, 
467.701213, 69, 0.1, 0.1, 0.0282845542, 0.36491826, -0.0199660198, 0.952187108, -0.305515483, -1.77575936e-005, 0.305515483, 0.952187108, 7.50511722e-006, 1.46156222e-005, -1.25714957e-005, 1, 0.952187118, -0.305515452, -5.46661504e-006, 0.305515452, 0.952187118, -1.43032324e-005, 9.57509895e-006, 1.19492183e-005, 1, 0, 0, 0, 0, 0, 0, 0, 0.310317505, -0.0559468018, -0.166341138, -0.205758467, 0.800713687, -0.562584708, -0.688354492, 0.290039062, 0.664672852, 0.695412483, 0.524138129, 0.491643594, 0, 0, -0, 0, 0, 0, 0, 0.375315039, -0.0394829102, -0.134187598, 0.0666989398, 0.656985932, -0.750769078, 0.19140625, -0.746948242, -0.63659668, -0.97910459, -0.101069392, -0.175630265, 0, 3, 5, 1, 
467.701994, 69, 0.1, 0.1, 0.028284554, 0.364918257, -0.0199657198, 0.952187155, -0.305515338, -3.15524232e-007, 0.305515338, 0.952187155, -2.58260275e-005, 8.19068563e-006, 2.44948142e-005, 1, 0.952187131, -0.305515412, 1.35581696e-005, 0.305515413, 0.952187131, -9.8681825e-006, -9.89503279e-006, 1.35385862e-005, 1, 0, 0, 0, 0, 0, 0, 0, 0.310317505, -0.0559468018, -0.166341138, -0.205758467, 0.800713687, -0.562584708, -0.688354492, 0.290039062, 0.664672852, 0.695412483, 0.524138129, 0.491643594, 0, 0, -0, 0, 0, 0, 0, 0.375315039, -0.0394829102, -0.134187598, 0.0666989398, 0.656985932, -0.750769078, 0.19140625, -0.746948242, -0.63659668, -0.97910459, -0.101069392, -0.175630265, 0, 3, 5, 1, 
467.702796, 69, 0.1, 0.1, 0.028284554, 0.364918253, -0.0199653207, 0.952187294, -0.305514905, 1.97011033e-006, 0.305514904, 0.952187294, 3.32385025e-005, -1.20307719e-005, -3.10473817e-005, 0.999999999, 0.95218727, -0.305514981, 7.74011656e-006, 0.30551498, 0.952187269, 3.62972866e-005, -1.84594053e-005, -3.21970927e-005, 0.999999999, 0, 0, 0, 0, 0, 0, 0, 0.310317505, -0.0559468018, -0.166341138, -0.205758467, 0.800713687, -0.562584708, -0.688354492, 0.290039062, 0.664672852, 0.695412483, 0.524138129, 0.491643594, 0, 0, -0, 0, 0, 0, 0, 0.375315039, -0.0394829102, -0.134187598, 0.0666989398, 0.656985932, -0.750769078, 0.19140625, -0.746948242, -0.63659668, -0.97910459, -0.101069392, -0.175630265, 0, 3, 5, 1, 
467.703611, 69, 0.1, 0.1, 0.0282845531, 0.364918253, -0.0199647838, 0.95218732, -0.305514822, 2.26164874e-005, 0.305514822, 0.952187321, 2.13218988e-007, -2.16002741e-005, 6.7066477e-006, 1, 0.95218733, -0.305514791, 2.10730807e-005, 0.305514791, 0.95218733, -1.55041933e-005, -1.53287601e-005, 2.12010343e-005, 1, 0, 0, 0, 0, 0, 0, 0, 0.311294043, -0.0564311279, -0.165161938, -0.212607967, 0.799669015, -0.561385025, -0.690673828, 0.283325195, 0.665283203, 0.691182884, 0.529247266, 0.492195135, 0, 0, -0, 0, 0, 0, 0, 0.375315039, -0.0394829102, -0.134187598, 0.0618749587, 0.658531336, -0.749912704, 0.194824219, -0.744873047, -0.638061523, -0.978752412, -0.106430385, -0.174435572, 0, 3, 5, 1, 
467.704394, 69, 0.1, 0.1, 0.028284554, 0.364918248, -0.0199644112, 0.952187194, -0.305515217, 1.82196752e-005, 0.305515217, 0.952187194, -9.98122455e-006, -1.42991254e-005, 1.50703822e-005, 1, 0.952187225, -0.305515119, -7.81203913e-006, 0.305515119, 0.952187225, 1.02878993e-005, 4.2954151e-006, -1.21827023e-005, 1, 0, 0, 0, 0, 0, 0, 0, 0.311294043, -0.0564311279, -0.165161938, -0.212607967, 0.799669015, -0.561385025, -0.690673828, 0.283325195, 0.665283203, 0.691182884, 0.529247266, 0.492195135, 0, 0, -0, 0, 0, 0, 0, 0.376119482, -0.0401631348, -0.133212842, 0.0618749587, 0.658531336, -0.749912704, 0.194824219, -0.744873047, -0.638061523, -0.978752412, -0.106430385, -0.174435572, 0, 3, 5, 1, 
467.705173, 69, 0.1, 0.1, 0.0282845532, 0.364918248, -0.0199645448, 0.952187102, -0.305515502, -1.06995771e-005, 0.305515502, 0.952187102, 1.95619851e-005, 4.21150965e-006, -2.18955566e-005, 1, 0.952187107, -0.305515487, -1.36884214e-005, 0.305515487, 0.952187107, 6.23268629e-006, 1.11297561e-005, -1.01167082e-005, 1, 0, 0, 0, 0, 0, 0, 0, 0.311294043, -0.0564311279, -0.165161938, -0.212607967, 0.799669015, -0.561385025, -0.690673828, 0.283325195, 0.665283203, 0.691182884, 0.529247266, 0.492195135, 0, 0, -0, 0, 0, 0, 0, 0.376119482, -0.0401631348, -0.133212842, 0.0618749587, 0.658531336, -0.749912704, 0.194824219, -0.744873047, -0.638061523, -0.978752412, -0.106430385, -0.174435572, 0, 3, 5, 1, 
467.705957, 69, 0.1, 0.1, 0.0282845515, 0.364918248, -0.0199650862, 0.952187174, -0.305515279, -2.2171481e-006, 0.305515279, 0.952187174, -3.07178771e-005, 1.14959208e-005, 2.8571796e-005, 1, 0.952187149, -0.305515358, 4.12188539e-006, 0.305515358, 0.952187148, -3.03541469e-005, 5.34885175e-006, 3.01621279e-005, 1, 0, 0, 0, 0, 0, 0, 0, 0.311294043, -0.0564311279, -0.165161938, -0.212607967, 0.799669015, -0.561385025, -0.690673828, 0.283325195, 0.665283203, 0.691182884, 0.529247266, 0.492195135, 0, 0, -0, 0, 0, 0, 0, 0.376119482, -0.0401631348, -0.133212842, 0.0618749587, 0.658531336, -0.749912704, 0.194824219, -0.744873047, -0.638061523, -0.978752412, -0.106430385, -0.174435572, 0, 3, 5, 1, 
467.706737, 69, 0.1, 0.1, 0.0282845516, 0.364918244, -0.019965876, 0.952187301, -0.305514882, -1.14443826e-005, 0.305514883, 0.952187301, 8.71785431e-006, 8.23376153e-006, -1.17974594e-005, 1, 0.952187281, -0.305514946, 2.06259626e-006, 0.305514946, 0.952187281, 2.59631375e-005, -9.89610447e-006, -2.40916153e-005, 1, 0, 0, 0, 0, 0, 0, 0, 0.311294043, -0.0564311279, -0.165161938, -0.212607967, 0.799669015, -0.561385025, -0.690673828, 0.283325195, 0.665283203, 0.691182884, 0.529247266, 0.492195135, 0, 0, -0, 0, 0, 0, 0, 0.376119482, -0.0401631348, -0.133212842, 0.0618749587, 0.658531336, -0.749912704, 0.194824219, -0.744873047, -0.638061523, -0.978752412, -0.106430385, -0.174435572, 0, 3, 5, 1, 
467.707517, 69, 0.1, 0.1, 0.0282845509, 0.364918244, -0.0199666521, 0.952187292, -0.30551491, 2.18760845e-006, 0.30551491, 0.952187292, 1.7571363e-005, -7.45132635e-006, -1.60628816e-005, 1, 0.952187306, -0.305514868, 1.64655748e-005, 0.305514868, 0.952187306, -3.70621744e-006, -1.45460067e-005, 8.55949109e-006, 1, 0, 0, 0, 0, 0, 0, 0, 0.311294043, -0.0564311279, -0.165161938, -0.212607967, 0.799669015, -0.561385025, -0.690673828, 0.283325195, 0.665283203, 0.691182884, 0.529247266, 0.492195135, 0, 0, -0, 0, 0, 0, 0, 0.376119482, -0.0401631348, -0.133212842, 0.0618749587, 0.658531336, -0.749912704, 0.194824219, -0.744873047, -0.638061523, -0.978752412, -0.106430385, -0.174435572, 0, 3, 5, 1, 
467.708299, 69, 0.1, 0.1, 0.0282845527, 0.364918241, -0.0199671022, 0.952187163, -0.305515312, 1.73344471e-005, 0.305515312, 0.952187163, -1.81255722e-005, -1.09679982e-005, 2.25548762e-005, 1, 0.952187189, -0.305515233, 9.04004886e-006, 0.305515233, 0.952187189, -8.61378627e-006, -5.97617579e-006, 1.09638096e-005, 1, 0, 0, 0, 0, 0, 0, 0, 0.311294043, -0.0564311279, -0.165161938, -0.212607967, 0.799669015, -0.561385025, -0.690673828, 0.283325195, 0.665283203, 0.691182884, 0.529247266, 0.492195135, 0, 0, -0, 0, 0, 0, 0, 0.376119482, -0.0401631348, -0.133212842, 0.0618749587, 0.658531336, -0.749912704, 0.194824219, -0.744873047, -0.638061523, -0.978752412, -0.106430385, -0.174435572, 0, 3, 5, 1, 
467.70911, 69, 0.1, 0.1, 0.0282845549, 0.364918239, -0.0199667772, 0.952187105, -0.305515494, -9.47851878e-007, 0.305515494, 0.952187105, 2.53703178e-005, -6.84849285e-006, -2.44468729e-005, 1, 0.952187103, -0.3055155, -1.87539504e-005, 0.3055155, 0.952187103, 2.16303609e-005, 1.12488591e-005, -2.63257732e-005, 1, 0, 0, 0, 0, 0, 0, 0, 0.311839478, -0.056840625, -0.164765845, -0.219272497, 0.800228791, -0.558015129, -0.690917969, 0.276489258, 0.66796875, 0.68890146, 0.532001221, 0.492402947, 0, 0, -0, 0, 0, 0, 0, 0.376347803, -0.040548584, -0.133020459, 0.0552682331, 0.661009674, -0.748231671, 0.196166992, -0.741943359, -0.640991211, -0.978955836, -0.111325095, -0.170576607, 0, 3, 5, 1, 
467.709894, 69, 0.1, 0.1, 0.028284555, 0.36491824, -0.0199660976, 0.952187205, -0.305515181, -5.07606195e-006, 0.305515181, 0.952187205, -1.35762992e-005, 8.98112674e-006, 1.13763644e-005, 1, 0.952187178, -0.305515265, -7.4268679e-006, 0.305515265, 0.952187178, -2.82969237e-005, 1.57169105e-005, 2.46749464e-005, 1, 0, 0, 0, 0, 0, 0, 0, 0.311839478, -0.056840625, -0.164765845, -0.219272497, 0.800228791, -0.558015129, -0.690917969, 0.276489258, 0.66796875, 0.68890146, 0.532001221, 0.492402947, 0, 0, -0, 0, 0, 0, 0, 0.376347803, -0.040548584, -0.133020459, 0.0552682331, 0.661009674, -0.748231671, 0.196166992, -0.741943359, -0.640991211, -0.978955836, -0.111325095, -0.170576607, 0, 3, 5, 1, 
467.710701, 69, 0.1, 0.1, 0.0282845556, 0.364918236, -0.0199652768, 0.952187317, -0.305514832, -7.54336668e-006, 0.305514832, 0.952187317, -2.11323123e-005, 1.36389329e-005, 1.78173093e-005, 1, 0.952187306, -0.305514867, -1.11477361e-005, 0.305514867, 0.952187306, 7.55844413e-006, 8.30551572e-006, -1.06028537e-005, 1, 0, 0, 0, 0, 0, 0, 0, 0.311839478, -0.056840625, -0.164765845, -0.219272497, 0.800228791, -0.558015129, -0.690917969, 0.276489258, 0.66796875, 0.68890146, 0.532001221, 0.492402947, 0, 0, -0, 0, 0, 0, 0, 0.376347803, -0.040548584, -0.133020459, 0.0552682331, 0.661009674, -0.748231671, 0.196166992, -0.741943359, -0.640991211, -0.978955836, -0.111325095, -0.170576607, 0, 3, 5, 1, 
467.711515, 69, 0.1, 0.1, 0.0282845539, 0.364918235, -0.0199641418, 0.952187261, -0.305515007, -1.4739481e-005, 0.305515007, 0.952187261, 2.39463061e-005, 6.71879021e-006, -2.73045002e-005, 1, 0.952187288, -0.305514922, 7.35061278e-006, 0.305514922, 0.952187288, 1.83136411e-005, -1.25942507e-005, -1.51922943e-005, 1, 0, 0, 0, 0, 0, 0, 0, 0.312237354, -0.0579176514, -0.164387207, -0.224590569, 0.800921117, -0.55489348, -0.689208984, 0.271972656, 0.671508789, 0.688878616, 0.533251078, 0.491043383, 0, 0, -0, 0, 0, 0, 0, 0.377100977, -0.04080625, -0.132482422, 0.0495434015, 0.662733717, -0.747081455, 0.201049805, -0.739257813, -0.642578125, -0.97820737, -0.118385711, -0.169842001, 0, 3, 5, 1, 
467.712296, 69, 0.1, 0.1, 0.0282845528, 0.364918235, -0.0199635234, 0.952187113, -0.305515468, 1.89902747e-005, 0.305515469, 0.952187113, -2.18112496e-005, -1.14186207e-005, 2.65702135e-005, 1, 0.952187139, -0.305515386, 2.59365175e-005, 0.305515386, 0.952187139, -2.08335197e-005, -1.83314576e-005, 2.77614147e-005, 0.999999999, 0, 0, 0, 0, 0, 0, 0, 0.312237354, -0.0579176514, -0.164387207, -0.224590569, 0.800921117, -0.55489348, -0.689208984, 0.271972656, 0.671508789, 0.688878616, 0.533251078, 0.491043383, 0, 0, -0, 0, 0, 0, 0, 0.377100977, -0.04080625, -0.132482422, 0.0495434015, 0.662733717, -0.747081455, 0.201049805, -0.739257813, -0.642578125, -0.97820737, -0.118385711, -0.169842001, 0, 3, 5, 1, 
467.713079, 69, 0.1, 0.1, 0.028284554, 0.364918231, -0.0199637134, 0.952187076, -0.305515584, 1.36360407e-005, 0.305515584, 0.952187076, 1.60349147e-005, -1.7882978e-005, -1.11022156e-005, 1, 0.952187069, -0.305515605, 3.83150091e-006, 0.305515605, 0.952187069, 2.7867642e-005, -1.21623051e-005, -2.5364625e-005, 1, 0, 0, 0, 0, 0, 0, 0, 0.312237354, -0.0579176514, -0.164387207, -0.224590569, 0.800921117, -0.55489348, -0.689208984, 0.271972656, 0.671508789, 0.688878616, 0.533251078, 0.491043383, 0, 0, -0, 0, 0, 0, 0, 0.377100977, -0.04080625, -0.132482422, 0.0495434015, 0.662733717, -0.747081455, 0.201049805, -0.739257813, -0.642578125, -0.97820737, -0.118385711, -0.169842001, 0, 3, 5, 1, 
467.713858, 69, 0.1, 0.1, 0.0282845541, 0.364918232, -0.0199646109, 0.952187193, -0.30551522, 4.04661279e-006, 0.30551522, 0.952187193, 1.61863475e-005, -8.79830838e-006, -1.4176131e-005, 1, 0.952187164, -0.30551531, -5.18838929e-006, 0.30551531, 0.952187164, -1.39902443e-005, 9.2145515e-006, 1.17361987e-005, 1, 0, 0, 0, 0, 0, 0, 0, 0.312237354, -0.0579176514, -0.164387207, -0.224590569, 0.800921117, -0.55489348, -0.689208984, 0.271972656, 0.671508789, 0.688878616, 0.533251078, 0.491043383, 0, 0, -0, 0, 0, 0, 0, 0.377100977, -0.04080625, -0.132482422, 0.0495434015, 0.662733717, -0.747081455, 0.201049805, -0.739257813, -0.642578125, -0.97820737, -0.118385711, -0.169842001, 0, 3, 5, 1, 
467.714641, 69, 0.1, 0.1, 0.0282845554, 0.364918229, -0.0199658752, 0.952187277, -0.305514957, -1.57703848e-006, 0.305514957, 0.952187277, -2.51700877e-005, 9.19147422e-006, 2.34848284e-005, 1, 0.952187274, -0.305514968, -1.16405237e-005, 0.305514968, 0.952187274, -1.60120348e-005, 1.59758748e-005, 1.16901015e-005, 1, 0, 0, 0, 0, 0, 0, 0, 0.312237354, -0.0579176514, -0.164387207, -0.224590569, 0.800921117, -0.55489348, -0.689208984, 0.271972656, 0.671508789, 0.688878616, 0.533251078, 0.491043383, 0, 0, -0, 0, 0, 0, 0, 0.377100977, -0.04080625, -0.132482422, 0.0495434015, 0.662733717, -0.747081455, 0.201049805, -0.739257813, -0.642578125, -0.97820737, -0.118385711, -0.169842001, 0, 3, 5, 1, 
467.715425, 69, 0.1, 0.1, 0.0282845558, 0.364918227, -0.0199670285, 0.952187204, -0.305515186, -2.13583701e-005, 0.305515186, 0.952187204, 1.77549557e-005, 1.49127582e-005, -2.3431348e-005, 1, 0.952187229, -0.305515107, -1.65085265e-005, 0.305515107, 0.952187229, 2.08333599e-005, 9.35430194e-006, -2.48808635e-005, 1, 0, 0, 0, 0, 0, 0, 0, 0.312237354, -0.0579176514, -0.164387207, -0.224590569, 0.800921117, -0.55489348, -0.689208984, 0.271972656, 0.671508789, 0.688878616, 0.533251078, 0.491043383, 0, 0, -0, 0, 0, 0, 0, 0.377100977, -0.04080625, -0.132482422, 0.0495434015, 0.662733717, -0.747081455, 0.201049805, -0.739257813, -0.642578125, -0.97820737, -0.118385711, -0.169842001, 0, 3, 5, 1, 
467.716221, 69, 0.1, 0.1, 0.0282845548, 0.364918228, -0.0199676296, 0.952187076, -0.305515583, -5.59653428e-006, 0.305515583, 0.952187076, -1.49155704e-005, 9.88588679e-006, 1.24925849e-005, 1, 0.952187097, -0.305515517, 1.41177559e-005, 0.305515518, 0.952187097, -2.15815873e-005, -6.8492352e-006, 2.48629024e-005, 1, 0, 0, 0, 0, 0, 0, 0, 0.312446533, -0.058986499, -0.164236572, -0.229248515, 0.801797289, -0.551873303, -0.68737793, 0.268066406, 0.674926758, 0.689121995, 0.534101042, 0.489823482, 0, 0, -0, 0, 0, 0, 0, 0.377100977, -0.04080625, -0.132482422, 0.0495434015, 0.662733717, -0.747081455, 0.201049805, -0.739257813, -0.642578125, -0.97820737, -0.118385711, -0.169842001, 0, 3, 5, 1, 
467.717016, 69, 0.1, 0.1, 0.0282845555, 0.364918224, -0.0199672787, 0.952187085, -0.305515556, 1.25726512e-005, 0.305515556, 0.952187085, -1.03660642e-005, -8.80452222e-006, 1.3711573e-005, 1, 0.952187071, -0.305515599, 1.13677701e-005, 0.305515599, 0.952187071, 1.3905013e-005, -1.50724421e-005, -9.76714251e-006, 1, 0, 0, 0, 0, 0, 0, 0, 0.312446533, -0.058986499, -0.164236572, -0.229248515, 0.801797289, -0.551873303, -0.68737793, 0.268066406, 0.674926758, 0.689121995, 0.534101042, 0.489823482, 0, 0, -0, 0, 0, 0, 0, 0.377550244, -0.0421325195, -0.131506445, 0.046054838, 0.664285685, -0.745867439, 0.204345703, -0.737060547, -0.643920898, -0.977714834, -0.12264133, -0.169714403, 0, 3, 5, 1, 
467.717799, 69, 0.1, 0.1, 0.0282845557, 0.364918224, -0.0199664968, 0.952187212, -0.305515159, 7.11221873e-006, 0.305515159, 0.952187212, 2.9966326e-005, -1.59273306e-005, -2.63606618e-005, 1, 0.952187187, -0.305515237, 5.36556189e-006, 0.305515237, 0.952187187, 1.72123262e-005, -1.03676472e-005, -1.47500956e-005, 1, 0, 0, 0, 0, 0, 0, 0, 0.312446533, -0.058986499, -0.164236572, -0.229248515, 0.801797289, -0.551873303, -0.68737793, 0.268066406, 0.674926758, 0.689121995, 0.534101042, 0.489823482, 0, 0, -0, 0, 0, 0, 0, 0.377550244, -0.0421325195, -0.131506445, 0.046054838, 0.664285685, -0.745867439, 0.204345703, -0.737060547, -0.643920898, -0.977714834, -0.12264133, -0.169714403, 0, 3, 5, 1, 
