time, trialNum, realDorsalTactorPos, realVentralTactorPos, boxPosX, boxPosY, boxPosZ, boxLocalRot_11, boxLocalRot_12, boxLocalRot_13, boxLocalRot_21, boxLocalRot_22, boxLocalRot_23, boxLocalRot_31, boxLocalRot_32, boxLocalRot_33, boxGlobalRot_11, boxGlobalRot_12, boxGlobalRot_13, boxGlobalRot_21, boxGlobalRot_22, boxGlobalRot_23, boxGlobalRot_31, boxGlobalRot_32, boxGlobalRot_33, indexForceX, indexForceY, indexForceZ, indexForceGlobalX, indexForceGlobalY, indexForceGlobalZ, indexContact, indexPosX, indexPosY, indexPosZ, indexRot_11, indexRot_12, indexRot_13, indexRot_21, indexRot_22, indexRot_23, indexRot_31, indexRot_32, indexRot_33, thumbForceX, thumbForceY, thumbForceZ, thumbForceGlobalX, thumbForceGlobalY, thumbForceGlobalZ, thumbContact, thumbPosX, thumbPosY, thumbPosZ, thumbRot_11, thumbRot_12, thumbRot_13, thumbRot_21, thumbRot_22, thumbRot_23, thumbRot_31, thumbRot_32, thumbRot_33, manipForceTooHigh, cceExpType, mapping, trialSuccess, 
307.220253, 38, 0.1, 0.1, 0.0359085429, 0.359931543, -0.019966244, 0.997905068, -0.0646952459, 1.98538125e-005, -0.0646952463, -0.997905068, 2.0243726e-005, 1.85025473e-005, -2.1485764e-005, -1, 0.997905135, -0.0646942222, 8.06271291e-006, -0.0646942224, -0.997905134, 2.33335273e-005, 6.53627822e-006, -2.38062576e-005, -1, 0, 0, 0, 0, 0, 0, 0, 0.377275195, -0.184710693, -0.191867651, -0.133768651, 0.405400256, -0.90430935, -0.922485352, 0.282226562, 0.262939453, 0.361806244, 0.869404379, 0.336402724, 0, 0, -0, 0, 0, 0, 0, 0.421503564, -0.135264941, -0.16124751, 0.0513164243, 0.198392708, -0.978753582, 0.545898437, -0.826171875, -0.138793945, -0.836253188, -0.527071543, -0.150618061, 0, 3, 1, 1, 
307.221852, 38, 0.1, 0.1, 0.0359085431, 0.359931525, -0.0199537373, 0.997904043, -0.0647110549, 9.71849437e-006, -0.0647110549, -0.997904043, -4.72969603e-006, 1.00041884e-005, 4.09088877e-006, -1, 0.997904107, -0.0647100622, 3.31791049e-005, -0.0647100633, -0.997904107, 3.23504216e-005, 3.10161672e-005, -3.44296406e-005, -0.999999999, 0, 0, 0, 0, 0, 0, 0, 0.378610107, -0.184918579, -0.19105293, -0.137852213, 0.401093151, -0.905624731, -0.924316406, 0.276123047, 0.263061523, 0.355531868, 0.87342354, 0.332779709, 0, 0, -0, 0, 0, 0, 0, 0.421013965, -0.134857422, -0.160975928, 0.0467035301, 0.195765983, -0.979481259, 0.549072266, -0.82409668, -0.138427734, -0.834405912, -0.53127539, -0.14603032, 0, 3, 1, 1, 
307.222639, 38, 0.1, 0.1, 0.0359085358, 0.359931524, -0.0199571834, 0.997903712, -0.0647161676, 5.80550091e-007, -0.0647161676, -0.997903712, 1.42564915e-005, -3.43292401e-007, -1.42641767e-005, -1, 0.997903777, -0.064715155, -2.99158003e-005, -0.0647151548, -0.997903777, 7.05809721e-006, -3.0309856e-005, -5.10729622e-006, -1, 0, 0, 0, 0, 0, 0, 0, 0.378610107, -0.184918579, -0.19105293, -0.137852213, 0.401093151, -0.905624731, -0.924316406, 0.276123047, 0.263061523, 0.355531868, 0.87342354, 0.332779709, 0, 0, -0, 0, 0, 0, 0, 0.421013965, -0.134857422, -0.160975928, 0.0467035301, 0.195765983, -0.979481259, 0.549072266, -0.82409668, -0.138427734, -0.834405912, -0.53127539, -0.14603032, 0, 3, 1, 1, 
307.223416, 38, 0.1, 0.1, 0.035908549, 0.359931523, -0.0199632325, 0.997903386, -0.0647211716, 5.37759755e-005, -0.064721172, -0.997903387, 6.68711299e-006, 5.32304303e-005, -1.01535369e-005, -0.999999999, 0.997903446, -0.0647202174, 7.17382501e-005, -0.0647202165, -0.997903449, -1.37249304e-005, 7.24761277e-005, 9.05324027e-006, -0.999999997, 0, 0, 0, 0, 0, 0, 0, 0.378610107, -0.184918579, -0.19105293, -0.137852213, 0.401093151, -0.905624731, -0.924316406, 0.276123047, 0.263061523, 0.355531868, 0.87342354, 0.332779709, 0, 0, -0, 0, 0, 0, 0, 0.421013965, -0.134857422, -0.160975928, 0.0467035301, 0.195765983, -0.979481259, 0.549072266, -0.82409668, -0.138427734, -0.834405912, -0.53127539, -0.14603032, 0, 3, 1, 1, 
307.224228, 38, 0.1, 0.1, 0.0359085392, 0.359931524, -0.0199697942, 0.997903119, -0.0647252698, -7.28806018e-005, -0.0647252702, -0.997903121, -2.95744091e-006, -7.25363589e-005, 7.66845615e-006, -0.999999997, 0.997903166, -0.0647245396, -7.02636555e-005, -0.0647245403, -0.997903169, -7.96280106e-006, -6.96009359e-005, 1.24938872e-005, -0.999999997, 0, 0, 0, 0, 0, 0, 0, 0.379969409, -0.182233325, -0.192326709, -0.145574137, 0.400980818, -0.904386856, -0.927124023, 0.263549805, 0.266113281, 0.345013667, 0.877396273, 0.333572385, 0, 0, -0, 0, 0, 0, 0, 0.421964941, -0.134834375, -0.159253955, 0.0502883422, 0.193593147, -0.979737188, 0.551879883, -0.822875977, -0.134277344, -0.832310735, -0.533958618, -0.148266588, 0, 3, 1, 1, 
307.225012, 38, 0.1, 0.1, 0.0359085361, 0.359931525, -0.0199742237, 0.997902885, -0.0647288885, 4.61416861e-005, -0.0647288878, -0.997902886, -1.67744621e-005, 4.7130714e-005, 1.37525841e-005, -0.999999999, 0.997902931, -0.0647281955, 2.06513842e-005, -0.0647281953, -0.997902931, -9.99802923e-006, 2.12552312e-005, 8.64033584e-006, -1, 0, 0, 0, 0, 0, 0, 0, 0.379969409, -0.182233325, -0.192326709, -0.145574137, 0.400980818, -0.904386856, -0.927124023, 0.263549805, 0.266113281, 0.345013667, 0.877396273, 0.333572385, 0, 0, -0, 0, 0, 0, 0, 0.421964941, -0.134834375, -0.159253955, 0.0502883422, 0.193593147, -0.979737188, 0.551879883, -0.822875977, -0.134277344, -0.832310735, -0.533958618, -0.148266588, 0, 3, 1, 1, 
307.225791, 38, 0.1, 0.1, 0.0359085471, 0.359931525, -0.0199756685, 0.997902691, -0.0647318986, 2.34429033e-005, -0.0647318986, -0.997902691, -7.39529182e-008, 2.33985234e-005, -1.44370582e-006, -1, 0.997902727, -0.064731334, 4.62685131e-005, -0.0647313338, -0.997902728, -4.57800428e-006, 4.64678157e-005, 1.57338039e-006, -0.999999999, 0, 0, 0, 0, 0, 0, 0, 0.379969409, -0.182233325, -0.192326709, -0.145574137, 0.400980818, -0.904386856, -0.927124023, 0.263549805, 0.266113281, 0.345013667, 0.877396273, 0.333572385, 0, 0, -0, 0, 0, 0, 0, 0.421964941, -0.134834375, -0.159253955, 0.0502883422, 0.193593147, -0.979737188, 0.551879883, -0.822875977, -0.134277344, -0.832310735, -0.533958618, -0.148266588, 0, 3, 1, 1, 
307.226582, 38, 0.1, 0.1, 0.0359085398, 0.359931527, -0.0199738455, 0.997902514, -0.0647346285, -3.13086957e-005, -0.0647346283, -0.997902514, 6.79291455e-006, -3.1682763e-005, -4.75190973e-006, -0.999999999, 0.99790255, -0.0647340666, -4.05076611e-005, -0.0647340661, -0.997902551, 1.46308512e-005, -4.13698128e-005, -1.19779381e-005, -0.999999999, 0, 0, 0, 0, 0, 0, 0, 0.379969409, -0.182233325, -0.192326709, -0.145574137, 0.400980818, -0.904386856, -0.927124023, 0.263549805, 0.266113281, 0.345013667, 0.877396273, 0.333572385, 0, 0, -0, 0, 0, 0, 0, 0.421964941, -0.134834375, -0.159253955, 0.0502883422, 0.193593147, -0.979737188, 0.551879883, -0.822875977, -0.134277344, -0.832310735, -0.533958618, -0.148266588, 0, 3, 1, 1, 
307.22736, 38, 0.1, 0.1, 0.0359085435, 0.359931526, -0.0199695481, 0.997902371, -0.0647368223, 3.00101654e-005, -0.0647368225, -0.997902372, 5.44616988e-006, 2.95946475e-005, -7.37750859e-006, -1, 0.997902396, -0.0647364483, 3.62262613e-005, -0.0647364484, -0.997902396, 1.22004273e-006, 3.60712917e-005, -3.56264306e-006, -0.999999999, 0, 0, 0, 0, 0, 0, 0, 0.379969409, -0.182233325, -0.192326709, -0.145574137, 0.400980818, -0.904386856, -0.927124023, 0.263549805, 0.266113281, 0.345013667, 0.877396273, 0.333572385, 0, 0, -0, 0, 0, 0, 0, 0.421964941, -0.134834375, -0.159253955, 0.0502883422, 0.193593147, -0.979737188, 0.551879883, -0.822875977, -0.134277344, -0.832310735, -0.533958618, -0.148266588, 0, 3, 1, 1, 
307.228144, 38, 0.1, 0.1, 0.0359085384, 0.359931524, -0.0199643539, 0.997902261, -0.0647385298, -2.36777374e-005, -0.0647385298, -0.997902261, 3.35461708e-006, -2.38452406e-005, -1.81471806e-006, -1, 0.997902282, -0.0647381946, -3.58702807e-005, -0.0647381951, -0.997902283, -1.43431476e-005, -3.48664855e-005, 1.66352369e-005, -0.999999999, 0, 0, 0, 0, 0, 0, 0, 0.379969409, -0.182233325, -0.192326709, -0.145574137, 0.400980818, -0.904386856, -0.927124023, 0.263549805, 0.266113281, 0.345013667, 0.877396273, 0.333572385, 0, 0, -0, 0, 0, 0, 0, 0.421964941, -0.134834375, -0.159253955, 0.0502883422, 0.193593147, -0.979737188, 0.551879883, -0.822875977, -0.134277344, -0.832310735, -0.533958618, -0.148266588, 0, 3, 1, 1, 
307.228958, 38, 0.1, 0.1, 0.035908537, 0.359931525, -0.0199597441, 0.997902142, -0.0647403693, -1.68755239e-005, -0.0647403692, -0.997902142, 2.3615698e-006, -1.69930103e-005, -1.26408792e-006, -1, 0.997902166, -0.0647399991, -1.42771313e-005, -0.0647399991, -0.997902166, -3.98025118e-006, -1.39894988e-005, 4.89620275e-006, -1, 0, 0, 0, 0, 0, 0, 0, 0.380104614, -0.180942944, -0.193199902, -0.151351634, 0.399877737, -0.903936787, -0.928222656, 0.256835937, 0.269042969, 0.339749136, 0.879795639, 0.332512365, 0, 0, -0, 0, 0, 0, 0, 0.421964941, -0.134834375, -0.159253955, 0.0538217483, 0.190398426, -0.980229358, 0.551879883, -0.823730469, -0.129638672, -0.832062101, -0.533926169, -0.149423001, 0, 3, 1, 1, 
307.229747, 38, 0.1, 0.1, 0.0359085399, 0.359931528, -0.0199572278, 0.997902052, -0.0647417542, 4.10225803e-006, -0.0647417542, -0.997902052, 1.31384833e-005, 3.24304325e-006, -1.33765068e-005, -1, 0.997902066, -0.0647415281, 2.55034914e-005, -0.0647415286, -0.997902066, 2.26020517e-005, 2.39866954e-005, -2.42057691e-005, -0.999999999, 0, 0, 0, 0, 0, 0, 0, 0.380104614, -0.180942944, -0.193199902, -0.151351634, 0.399877737, -0.903936787, -0.928222656, 0.256835937, 0.269042969, 0.339749136, 0.879795639, 0.332512365, 0, 0, -0, 0, 0, 0, 0, 0.422427197, -0.136161279, -0.15730166, 0.0538217483, 0.190398426, -0.980229358, 0.551879883, -0.823730469, -0.129638672, -0.832062101, -0.533926169, -0.149423001, 0, 3, 1, 1, 
307.230529, 38, 0.1, 0.1, 0.0359085314, 0.359931527, -0.0199576947, 0.997901981, -0.0647428448, -6.19715636e-006, -0.0647428448, -0.997901981, 5.3684353e-006, -6.53172239e-006, -4.95595069e-006, -1, 0.997901996, -0.0647426021, -3.58409434e-005, -0.064742602, -0.997901997, 3.41128319e-006, -3.59866043e-005, -1.08369037e-006, -0.999999999, 0, 0, 0, 0, 0, 0, 0, 0.380104614, -0.180942944, -0.193199902, -0.151351634, 0.399877737, -0.903936787, -0.928222656, 0.256835937, 0.269042969, 0.339749136, 0.879795639, 0.332512365, 0, 0, -0, 0, 0, 0, 0, 0.422427197, -0.136161279, -0.15730166, 0.0538217483, 0.190398426, -0.980229358, 0.551879883, -0.823730469, -0.129638672, -0.832062101, -0.533926169, -0.149423001, 0, 3, 1, 1, 
307.231316, 38, 0.1, 0.1, 0.0359085436, 0.359931528, -0.0199608236, 0.997901911, -0.0647439132, 4.51733792e-005, -0.0647439134, -0.997901912, 2.08406767e-006, 4.49436707e-005, -5.00439646e-006, -0.999999999, 0.997901921, -0.064743744, 6.69994855e-005, -0.0647437449, -0.997901923, 1.15631521e-005, 6.61102736e-005, -1.58766893e-005, -0.999999998, 0, 0, 0, 0, 0, 0, 0, 0.380104614, -0.180942944, -0.193199902, -0.151351634, 0.399877737, -0.903936787, -0.928222656, 0.256835937, 0.269042969, 0.339749136, 0.879795639, 0.332512365, 0, 0, -0, 0, 0, 0, 0, 0.422427197, -0.136161279, -0.15730166, 0.0538217483, 0.190398426, -0.980229358, 0.551879883, -0.823730469, -0.129638672, -0.832062101, -0.533926169, -0.149423001, 0, 3, 1, 1, 
307.232101, 38, 0.1, 0.1, 0.0359085317, 0.359931527, -0.0199653521, 0.997901834, -0.0647450617, -7.91993096e-005, -0.0647450601, -0.997901837, 2.27632668e-005, -8.05069457e-005, -1.75877416e-005, -0.999999997, 0.997901853, -0.0647447754, -8.05442274e-005, -0.0647447759, -0.997901856, -3.22805553e-006, -8.01662343e-005, 8.43610055e-006, -0.999999997, 0, 0, 0, 0, 0, 0, 0, 0.380104614, -0.180942944, -0.193199902, -0.151351634, 0.399877737, -0.903936787, -0.928222656, 0.256835937, 0.269042969, 0.339749136, 0.879795639, 0.332512365, 0, 0, -0, 0, 0, 0, 0, 0.422427197, -0.136161279, -0.15730166, 0.0538217483, 0.190398426, -0.980229358, 0.551879883, -0.823730469, -0.129638672, -0.832062101, -0.533926169, -0.149423001, 0, 3, 1, 1, 
307.23289, 38, 0.1, 0.1, 0.0359085311, 0.35993153, -0.0199697204, 0.997901718, -0.0647468663, 6.89162382e-005, -0.0647468644, -0.99790172, -3.00701363e-005, 7.07185797e-005, 2.55449304e-005, -0.999999997, 0.997901748, -0.0647464332, 3.90562159e-005, -0.0647464333, -0.997901748, 1.48586267e-006, 3.88780618e-005, -4.01149563e-006, -0.999999999, 0, 0, 0, 0, 0, 0, 0, 0.380104614, -0.180942944, -0.193199902, -0.151351634, 0.399877737, -0.903936787, -0.928222656, 0.256835937, 0.269042969, 0.339749136, 0.879795639, 0.332512365, 0, 0, -0, 0, 0, 0, 0, 0.422427197, -0.136161279, -0.15730166, 0.0538217483, 0.190398426, -0.980229358, 0.551879883, -0.823730469, -0.129638672, -0.832062101, -0.533926169, -0.149423001, 0, 3, 1, 1, 
307.233707, 38, 0.1, 0.1, 0.0359085474, 0.359931521, -0.0199723943, 0.997901582, -0.0647489825, 3.6446139e-005, -0.0647489819, -0.997901583, -1.81653509e-005, 3.75458477e-005, 1.5767382e-005, -0.999999999, 0.997901609, -0.0647485451, 6.62102624e-005, -0.0647485424, -0.997901611, -4.22611542e-005, 6.88076757e-005, 3.78854558e-005, -0.999999997, 0, 0, 0, 0, 0, 0, 0, 0.380470288, -0.179892041, -0.19210603, -0.152635936, 0.398476234, -0.904355777, -0.92980957, 0.252075195, 0.268066406, 0.334761688, 0.881871494, 0.332207951, 0, 0, -0, 0, 0, 0, 0, 0.422427197, -0.136161279, -0.15730166, 0.0511764328, 0.188820206, -0.980682515, 0.551513672, -0.823974609, -0.129882812, -0.832585621, -0.534092047, -0.14627932, 0, 3, 1, 1, 
307.234493, 38, 0.1, 0.1, 0.0359085399, 0.359931528, -0.019972335, 0.997901465, -0.0647507931, -4.11465081e-005, -0.064750792, -0.997901465, 2.68985989e-005, -4.28018663e-005, -2.41778823e-005, -0.999999999, 0.997901485, -0.0647504678, -4.64871708e-005, -0.064750466, -0.997901486, 3.91879009e-005, -4.89270518e-005, -3.60955985e-005, -0.999999998, 0, 0, 0, 0, 0, 0, 0, 0.380470288, -0.179892041, -0.19210603, -0.152635936, 0.398476234, -0.904355777, -0.92980957, 0.252075195, 0.268066406, 0.334761688, 0.881871494, 0.332207951, 0, 0, -0, 0, 0, 0, 0, 0.421571436, -0.136938916, -0.157712012, 0.0511764328, 0.188820206, -0.980682515, 0.551513672, -0.823974609, -0.129882812, -0.832585621, -0.534092047, -0.14627932, 0, 3, 1, 1, 
307.235279, 38, 0.1, 0.1, 0.0359085401, 0.359931521, -0.0199701194, 0.997901369, -0.0647522751, 1.30959696e-005, -0.0647522744, -0.997901368, -4.67383335e-005, 1.60948995e-005, 4.57922531e-005, -0.999999999, 0.997901387, -0.0647519979, 1.79409729e-005, -0.0647519968, -0.997901386, -5.26134736e-005, 2.13101492e-005, 5.13413445e-005, -0.999999998, 0, 0, 0, 0, 0, 0, 0, 0.380470288, -0.179892041, -0.19210603, -0.152635936, 0.398476234, -0.904355777, -0.92980957, 0.252075195, 0.268066406, 0.334761688, 0.881871494, 0.332207951, 0, 0, -0, 0, 0, 0, 0, 0.421571436, -0.136938916, -0.157712012, 0.0511764328, 0.188820206, -0.980682515, 0.551513672, -0.823974609, -0.129882812, -0.832585621, -0.534092047, -0.14627932, 0, 3, 1, 1, 
307.236104, 38, 0.1, 0.1, 0.0359085334, 0.359931524, -0.0199662378, 0.99790128, -0.0647536391, -2.51819688e-005, -0.0647536388, -0.997901281, 1.40640698e-005, -2.60398186e-005, -1.24039292e-005, -1, 0.997901298, -0.0647533622, -3.83065837e-005, -0.0647533613, -0.997901299, 2.35616756e-005, -3.97518874e-005, -2.10317466e-005, -0.999999999, 0, 0, 0, 0, 0, 0, 0, 0.378164868, -0.182646631, -0.192583154, -0.154687086, 0.397129774, -0.904656443, -0.92565918, 0.26171875, 0.273193359, 0.345221097, 0.879612914, 0.327188303, 0, 0, -0, 0, 0, 0, 0, 0.421571436, -0.136938916, -0.157712012, 0.0464672901, 0.188564642, -0.980873546, 0.55065918, -0.82409668, -0.132324219, -0.833326057, -0.533996165, -0.142126146, 0, 3, 1, 1, 
307.23689, 38, 0.1, 0.1, 0.0359085419, 0.359931524, -0.0199623312, 0.997901223, -0.0647545086, 5.34345058e-005, -0.0647545094, -0.997901224, 1.28283695e-005, 5.2491664e-005, -1.62615708e-005, -0.999999998, 0.99790123, -0.0647543947, 6.19050574e-005, -0.0647543953, -0.997901232, 7.32739707e-006, 6.13006518e-005, -1.13206431e-005, -0.999999998, 0, 0, 0, 0, 0, 0, 0, 0.378164868, -0.182646631, -0.192583154, -0.154687086, 0.397129774, -0.904656443, -0.92565918, 0.26171875, 0.273193359, 0.345221097, 0.879612914, 0.327188303, 0, 0, -0, 0, 0, 0, 0, 0.420797803, -0.137623535, -0.158753516, 0.0464672901, 0.188564642, -0.980873546, 0.55065918, -0.82409668, -0.132324219, -0.833326057, -0.533996165, -0.142126146, 0, 3, 1, 1, 
307.237675, 38, 0.1, 0.1, 0.0359085384, 0.359931523, -0.0199598711, 0.997901193, -0.0647549824, -2.3520354e-005, -0.0647549822, -0.997901194, 8.3846802e-006, -2.40139392e-005, -6.84402227e-006, -1, 0.9979012, -0.0647548728, -3.41588771e-005, -0.0647548732, -0.997901201, -1.12602995e-005, -3.33580252e-005, 1.34486201e-005, -0.999999999, 0, 0, 0, 0, 0, 0, 0, 0.378164868, -0.182646631, -0.192583154, -0.154687086, 0.397129774, -0.904656443, -0.92565918, 0.26171875, 0.273193359, 0.345221097, 0.879612914, 0.327188303, 0, 0, -0, 0, 0, 0, 0, 0.420797803, -0.137623535, -0.158753516, 0.0464672901, 0.188564642, -0.980873546, 0.55065918, -0.82409668, -0.132324219, -0.833326057, -0.533996165, -0.142126146, 0, 3, 1, 1, 
307.238461, 38, 0.1, 0.1, 0.0359085465, 0.359931521, -0.0199595337, 0.997901132, -0.0647559149, 4.62563602e-005, -0.0647559139, -0.997901133, -2.28591518e-005, 4.76395396e-005, 1.98158006e-005, -0.999999999, 0.997901145, -0.0647557078, 5.76404217e-005, -0.0647557061, -0.997901146, -3.0102105e-005, 5.9468726e-005, 2.63063789e-005, -0.999999998, 0, 0, 0, 0, 0, 0, 0, 0.378164868, -0.182646631, -0.192583154, -0.154687086, 0.397129774, -0.904656443, -0.92565918, 0.26171875, 0.273193359, 0.345221097, 0.879612914, 0.327188303, 0, 0, -0, 0, 0, 0, 0, 0.420797803, -0.137623535, -0.158753516, 0.0464672901, 0.188564642, -0.980873546, 0.55065918, -0.82409668, -0.132324219, -0.833326057, -0.533996165, -0.142126146, 0, 3, 1, 1, 
307.239248, 38, 0.1, 0.1, 0.03590854, 0.359931522, -0.0199612931, 0.997901084, -0.0647566531, -4.32931022e-005, -0.0647566533, -0.997901085, -2.59397717e-006, -4.30342564e-005, 5.39204904e-006, -0.999999999, 0.997901092, -0.0647565287, -4.95366432e-005, -0.0647565285, -0.997901093, 5.97829081e-006, -4.98198037e-005, -2.75792188e-006, -0.999999999, 0, 0, 0, 0, 0, 0, 0, 0.378164868, -0.182646631, -0.192583154, -0.154687086, 0.397129774, -0.904656443, -0.92565918, 0.26171875, 0.273193359, 0.345221097, 0.879612914, 0.327188303, 0, 0, -0, 0, 0, 0, 0, 0.420797803, -0.137623535, -0.158753516, 0.0464672901, 0.188564642, -0.980873546, 0.55065918, -0.82409668, -0.132324219, -0.833326057, -0.533996165, -0.142126146, 0, 3, 1, 1, 
307.240034, 38, 0.1, 0.1, 0.0359085432, 0.359931525, -0.019964366, 0.997901052, -0.0647571639, 2.58604575e-005, -0.0647571637, -0.997901052, -7.38492284e-006, 2.62844044e-005, 5.69477239e-006, -1, 0.997901059, -0.0647570463, 3.57184118e-005, -0.0647570467, -0.99790106, 1.19447378e-005, 3.4869935e-005, -1.42326853e-005, -0.999999999, 0, 0, 0, 0, 0, 0, 0, 0.378164868, -0.182646631, -0.192583154, -0.154687086, 0.397129774, -0.904656443, -0.92565918, 0.26171875, 0.273193359, 0.345221097, 0.879612914, 0.327188303, 0, 0, -0, 0, 0, 0, 0, 0.420797803, -0.137623535, -0.158753516, 0.0464672901, 0.188564642, -0.980873546, 0.55065918, -0.82409668, -0.132324219, -0.833326057, -0.533996165, -0.142126146, 0, 3, 1, 1, 
307.240836, 38, 0.1, 0.1, 0.0359085354, 0.359931527, -0.0199676299, 0.99790099, -0.064758105, -4.13559091e-005, -0.0647581047, -0.997900991, 1.03207317e-005, -4.19374537e-005, -7.6209381e-006, -0.999999999, 0.997901003, -0.0647579092, -4.8601425e-005, -0.0647579085, -0.997901004, 1.72482823e-005, -4.96163735e-005, -1.40647516e-005, -0.999999999, 0, 0, 0, 0, 0, 0, 0, 0.377137866, -0.183319653, -0.193454883, -0.15757247, 0.397116669, -0.904118007, -0.923461914, 0.264892578, 0.27734375, 0.349633039, 0.878749846, 0.325125552, 0, 0, -0, 0, 0, 0, 0, 0.420797803, -0.137623535, -0.158753516, 0.0464672901, 0.188564642, -0.980873546, 0.55065918, -0.82409668, -0.132324219, -0.833326057, -0.533996165, -0.142126146, 0, 3, 1, 1, 
307.241635, 38, 0.1, 0.1, 0.0359085379, 0.359931526, -0.0199697103, 0.997900948, -0.0647587615, 2.68119531e-005, -0.0647587618, -0.997900948, 8.77547706e-006, 2.61873844e-005, -1.04933658e-005, -1, 0.997900953, -0.0647586831, 3.21514618e-005, -0.0647586832, -0.997900953, 3.48421661e-006, 3.18583411e-005, -5.5589894e-006, -0.999999999, 0, 0, 0, 0, 0, 0, 0, 0.377137866, -0.183319653, -0.193454883, -0.15757247, 0.397116669, -0.904118007, -0.923461914, 0.264892578, 0.27734375, 0.349633039, 0.878749846, 0.325125552, 0, 0, -0, 0, 0, 0, 0, 0.420757617, -0.137149707, -0.159592285, 0.0421992777, 0.18964413, -0.980911459, 0.552368164, -0.822509766, -0.135131836, -0.832424473, -0.536092075, -0.139429791, 0, 3, 1, 1, 
307.24242, 38, 0.1, 0.1, 0.0359085329, 0.359931526, -0.0199703059, 0.997900928, -0.0647590781, -2.52932389e-005, -0.064759078, -0.997900928, 6.11734687e-006, -2.56363003e-005, -4.46653929e-006, -1, 0.997900932, -0.0647590051, -3.46513203e-005, -0.0647590054, -0.997900933, -8.4705211e-006, -3.40300423e-005, 1.06967259e-005, -0.999999999, 0, 0, 0, 0, 0, 0, 0, 0.377137866, -0.183319653, -0.193454883, -0.15757247, 0.397116669, -0.904118007, -0.923461914, 0.264892578, 0.27734375, 0.349633039, 0.878749846, 0.325125552, 0, 0, -0, 0, 0, 0, 0, 0.420757617, -0.137149707, -0.159592285, 0.0421992777, 0.18964413, -0.980911459, 0.552368164, -0.822509766, -0.135131836, -0.832424473, -0.536092075, -0.139429791, 0, 3, 1, 1, 
307.24325, 38, 0.1, 0.1, 0.0359085393, 0.359931524, -0.0199687772, 0.99790088, -0.0647598043, 3.74821702e-005, -0.0647598036, -0.997900881, -1.78515234e-005, 3.85595518e-005, 1.53867129e-005, -0.999999999, 0.99790089, -0.0647596487, 4.57967997e-005, -0.0647596477, -0.997900891, -2.37752722e-005, 4.72403455e-005, 2.07595806e-005, -0.999999999, 0, 0, 0, 0, 0, 0, 0, 0.377137866, -0.183319653, -0.193454883, -0.15757247, 0.397116669, -0.904118007, -0.923461914, 0.264892578, 0.27734375, 0.349633039, 0.878749846, 0.325125552, 0, 0, -0, 0, 0, 0, 0, 0.420757617, -0.137149707, -0.159592285, 0.0421992777, 0.18964413, -0.980911459, 0.552368164, -0.822509766, -0.135131836, -0.832424473, -0.536092075, -0.139429791, 0, 3, 1, 1, 
307.244033, 38, 0.1, 0.1, 0.0359085349, 0.359931525, -0.0199663804, 0.997900846, -0.0647603366, -2.7529848e-005, -0.0647603367, -0.997900846, -3.15290712e-006, -2.72678753e-005, 4.92913091e-006, -1, 0.997900851, -0.0647602483, -3.47530846e-005, -0.0647602482, -0.997900852, 4.51919106e-006, -3.49727967e-005, -2.25908623e-006, -0.999999999, 0, 0, 0, 0, 0, 0, 0, 0.377137866, -0.183319653, -0.193454883, -0.15757247, 0.397116669, -0.904118007, -0.923461914, 0.264892578, 0.27734375, 0.349633039, 0.878749846, 0.325125552, 0, 0, -0, 0, 0, 0, 0, 0.420757617, -0.137149707, -0.159592285, 0.0421992777, 0.18964413, -0.980911459, 0.552368164, -0.822509766, -0.135131836, -0.832424473, -0.536092075, -0.139429791, 0, 3, 1, 1, 
307.244815, 38, 0.1, 0.1, 0.0359085404, 0.359931527, -0.0199640356, 0.997900823, -0.0647606823, 3.23701667e-005, -0.064760682, -0.997900824, -9.61390105e-006, 3.29248188e-005, 7.4974057e-006, -0.999999999, 0.997900828, -0.0647605989, 4.42065861e-005, -0.0647605994, -0.997900829, 9.56505424e-006, 4.34943503e-005, -1.24078206e-005, -0.999999999, 0, 0, 0, 0, 0, 0, 0, 0.377137866, -0.183319653, -0.193454883, -0.15757247, 0.397116669, -0.904118007, -0.923461914, 0.264892578, 0.27734375, 0.349633039, 0.878749846, 0.325125552, 0, 0, -0, 0, 0, 0, 0, 0.420757617, -0.137149707, -0.159592285, 0.0421992777, 0.18964413, -0.980911459, 0.552368164, -0.822509766, -0.135131836, -0.832424473, -0.536092075, -0.139429791, 0, 3, 1, 1, 
307.245614, 38, 0.1, 0.1, 0.0359085329, 0.359931529, -0.0199623799, 0.99790077, -0.0647614941, -3.98202173e-005, -0.0647614936, -0.997900771, 1.17203417e-005, -4.04956523e-005, -9.11692131e-006, -0.999999999, 0.997900782, -0.0647613015, -4.93461104e-005, -0.0647613005, -0.997900783, 2.04372753e-005, -5.05660668e-005, -1.71986547e-005, -0.999999999, 0, 0, 0, 0, 0, 0, 0, 0.377137866, -0.183319653, -0.193454883, -0.158179055, 0.397934432, -0.903667938, -0.921264648, 0.269775391, 0.280029297, 0.355167158, 0.876890038, 0.324065532, 0, 0, -0, 0, 0, 0, 0, 0.420757617, -0.137149707, -0.159592285, 0.0421992777, 0.18964413, -0.980911459, 0.552368164, -0.822509766, -0.135131836, -0.832424473, -0.536092075, -0.139429791, 0, 3, 1, 1, 
307.246438, 38, 0.1, 0.1, 0.035908538, 0.359931529, -0.0199614898, 0.997900737, -0.0647620098, 3.57057029e-005, -0.0647620103, -0.997900737, 1.3856419e-005, 3.47333778e-005, -1.61397039e-005, -0.999999999, 0.997900739, -0.0647619675, 4.56642621e-005, -0.0647619678, -0.99790074, 6.60497353e-006, 4.51406499e-005, -9.54841544e-006, -0.999999999, 0, 0, 0, 0, 0, 0, 0, 0.375784253, -0.184176489, -0.19365835, -0.158179055, 0.397934432, -0.903667938, -0.921264648, 0.269775391, 0.280029297, 0.355167158, 0.876890038, 0.324065532, 0, 0, -0, 0, 0, 0, 0, 0.420557178, -0.136875684, -0.160213184, 0.0389279978, 0.190915382, -0.980725891, 0.553710937, -0.821166992, -0.137939453, -0.831663614, -0.537676859, -0.137691889, 0, 3, 1, 1, 
307.247226, 38, 0.1, 0.1, 0.0359085304, 0.359931528, -0.0199617939, 0.99790073, -0.064762117, -4.21253961e-005, -0.0647621167, -0.997900731, 9.05414095e-006, -4.26233289e-005, -6.30700404e-006, -0.999999999, 0.997900732, -0.0647620782, -5.26523346e-005, -0.0647620788, -0.997900733, -9.28271762e-006, -5.19406352e-005, 1.26731054e-005, -0.999999999, 0, 0, 0, 0, 0, 0, 0, 0.375784253, -0.184176489, -0.19365835, -0.158179055, 0.397934432, -0.903667938, -0.921264648, 0.269775391, 0.280029297, 0.355167158, 0.876890038, 0.324065532, 0, 0, -0, 0, 0, 0, 0, 0.420557178, -0.136875684, -0.160213184, 0.0389279978, 0.190915382, -0.980725891, 0.553710937, -0.821166992, -0.137939453, -0.831663614, -0.537676859, -0.137691889, 0, 3, 1, 1, 
307.248015, 38, 0.1, 0.1, 0.0359085348, 0.359931527, -0.0199633838, 0.997900692, -0.0647627047, 3.34324854e-005, -0.0647627041, -0.997900692, -1.95389262e-005, 3.46276941e-005, 1.73327298e-005, -0.999999999, 0.997900701, -0.0647625674, 4.10706749e-005, -0.0647625664, -0.997900701, -2.60345801e-005, 4.26705215e-005, 2.33200834e-005, -0.999999999, 0, 0, 0, 0, 0, 0, 0, 0.375784253, -0.184176489, -0.19365835, -0.158179055, 0.397934432, -0.903667938, -0.921264648, 0.269775391, 0.280029297, 0.355167158, 0.876890038, 0.324065532, 0, 0, -0, 0, 0, 0, 0, 0.420557178, -0.136875684, -0.160213184, 0.0389279978, 0.190915382, -0.980725891, 0.553710937, -0.821166992, -0.137939453, -0.831663614, -0.537676859, -0.137691889, 0, 3, 1, 1, 
307.248813, 38, 0.1, 0.1, 0.0359085284, 0.359931528, -0.019965475, 0.997900664, -0.0647631286, -3.69168396e-005, -0.0647631286, -0.997900665, -6.94168175e-007, -3.67943823e-005, 3.08356091e-006, -0.999999999, 0.997900668, -0.0647630635, -4.47844536e-005, -0.0647630633, -0.997900669, 6.83830494e-006, -4.51333058e-005, -3.92357067e-006, -0.999999999, 0, 0, 0, 0, 0, 0, 0, 0.375784253, -0.184176489, -0.19365835, -0.158179055, 0.397934432, -0.903667938, -0.921264648, 0.269775391, 0.280029297, 0.355167158, 0.876890038, 0.324065532, 0, 0, -0, 0, 0, 0, 0, 0.419806396, -0.136915967, -0.160421045, 0.0375160212, 0.190666016, -0.98084073, 0.5546875, -0.82043457, -0.138305664, -0.831075563, -0.538807752, -0.136599275, 0, 3, 1, 1, 
307.2496, 38, 0.1, 0.1, 0.0359085327, 0.35993153, -0.0199674927, 0.997900652, -0.0647633241, 3.34268379e-005, -0.0647633246, -0.997900652, 1.58283222e-005, 3.23315686e-005, -1.79599262e-005, -0.999999999, 0.997900652, -0.0647633148, 4.01369242e-005, -0.0647633153, -0.997900653, 1.18132577e-005, 3.92875972e-005, -1.43878579e-005, -0.999999999, 0, 0, 0, 0, 0, 0, 0, 0.375784253, -0.184176489, -0.19365835, -0.158179055, 0.397934432, -0.903667938, -0.921264648, 0.269775391, 0.280029297, 0.355167158, 0.876890038, 0.324065532, 0, 0, -0, 0, 0, 0, 0, 0.419806396, -0.136915967, -0.160421045, 0.0375160212, 0.190666016, -0.98084073, 0.5546875, -0.82043457, -0.138305664, -0.831075563, -0.538807752, -0.136599275, 0, 3, 1, 1, 
307.250385, 38, 0.1, 0.1, 0.0359085278, 0.35993153, -0.0199687745, 0.997900652, -0.0647633197, -2.81071441e-005, -0.0647633196, -0.997900653, 4.99837484e-006, -2.83718488e-005, -3.16756956e-006, -1, 0.997900653, -0.0647633071, -3.6704049e-005, -0.0647633075, -0.997900653, -8.97351694e-006, -3.60458399e-005, 1.1331754e-005, -0.999999999, 0, 0, 0, 0, 0, 0, 0, 0.375784253, -0.184176489, -0.19365835, -0.158179055, 0.397934432, -0.903667938, -0.921264648, 0.269775391, 0.280029297, 0.355167158, 0.876890038, 0.324065532, 0, 0, -0, 0, 0, 0, 0, 0.419806396, -0.136915967, -0.160421045, 0.0375160212, 0.190666016, -0.98084073, 0.5546875, -0.82043457, -0.138305664, -0.831075563, -0.538807752, -0.136599275, 0, 3, 1, 1, 
307.251196, 38, 0.1, 0.1, 0.0359085331, 0.35993153, -0.0199686403, 0.997900636, -0.0647635738, 3.34767721e-005, -0.0647635736, -0.997900636, -5.3228108e-006, 3.37512164e-005, 3.14356089e-006, -0.999999999, 0.997900639, -0.0647635189, 4.13529335e-005, -0.0647635186, -0.99790064, -8.98718937e-006, 4.18481608e-005, 6.29016054e-006, -0.999999999, 0, 0, 0, 0, 0, 0, 0, 0.376012256, -0.182148511, -0.192304248, -0.157706142, 0.398201776, -0.903527153, -0.923828125, 0.263671875, 0.27746582, 0.348789067, 0.878577982, 0.326515073, 0, 0, -0, 0, 0, 0, 0, 0.419806396, -0.136915967, -0.160421045, 0.0375160212, 0.190666016, -0.98084073, 0.5546875, -0.82043457, -0.138305664, -0.831075563, -0.538807752, -0.136599275, 0, 3, 1, 1, 
307.251982, 38, 0.1, 0.1, 0.0359085281, 0.35993153, -0.0199675695, 0.997900636, -0.0647635726, -3.05555457e-005, -0.0647635732, -0.997900636, -2.05921694e-005, -2.91577761e-005, 2.25278253e-005, -0.999999999, 0.997900632, -0.0647636205, -3.7956899e-005, -0.064763621, -0.997900633, -1.27363084e-005, -3.70523641e-005, 1.51677965e-005, -0.999999999, 0, 0, 0, 0, 0, 0, 0, 0.376012256, -0.182148511, -0.192304248, -0.157706142, 0.398201776, -0.903527153, -0.923828125, 0.263671875, 0.27746582, 0.348789067, 0.878577982, 0.326515073, 0, 0, -0, 0, 0, 0, 0, 0.419806396, -0.136915967, -0.160421045, 0.0375160212, 0.190666016, -0.98084073, 0.5546875, -0.82043457, -0.138305664, -0.831075563, -0.538807752, -0.136599275, 0, 3, 1, 1, 
307.25277, 38, 0.1, 0.1, 0.0359085332, 0.359931534, -0.0199659517, 0.997900671, -0.0647630326, 3.38294868e-005, -0.0647630339, -0.99790067, 3.82615246e-005, 3.12805352e-005, -4.03721012e-005, -0.999999999, 0.997900661, -0.0647631733, 4.32635863e-005, -0.0647631749, -0.997900661, 3.6091012e-005, 4.0835393e-005, -3.8817132e-005, -0.999999998, 0, 0, 0, 0, 0, 0, 0, 0.376012256, -0.182148511, -0.192304248, -0.157706142, 0.398201776, -0.903527153, -0.923828125, 0.263671875, 0.27746582, 0.348789067, 0.878577982, 0.326515073, 0, 0, -0, 0, 0, 0, 0, 0.419806396, -0.136915967, -0.160421045, 0.0375160212, 0.190666016, -0.98084073, 0.5546875, -0.82043457, -0.138305664, -0.831075563, -0.538807752, -0.136599275, 0, 3, 1, 1, 
307.253588, 38, 0.1, 0.1, 0.0359085256, 0.35993153, -0.0199639033, 0.997900735, -0.0647620372, -4.26739801e-005, -0.0647620396, -0.997900734, -5.74198434e-005, -3.88657701e-005, 6.00629579e-005, -0.999999997, 0.997900719, -0.0647622706, -5.13294887e-005, -0.0647622732, -0.997900719, -5.07877901e-005, -4.79326011e-005, 5.40053867e-005, -0.999999997, 0, 0, 0, 0, 0, 0, 0, 0.376767065, -0.182382007, -0.190989331, -0.155854569, 0.39795465, -0.904078694, -0.925292969, 0.261352539, 0.274536133, 0.345653192, 0.879358675, 0.327714756, 0, 0, -0, 0, 0, 0, 0, 0.419491602, -0.134733838, -0.160850684, 0.0350821592, 0.191591653, -0.980783127, 0.559814453, -0.816772461, -0.139526367, -0.827771833, -0.544111143, -0.135979507, 0, 3, 1, 1, 
307.254376, 38, 0.1, 0.1, 0.0359085295, 0.35993153, -0.0199625808, 0.997900827, -0.0647606236, 2.99971646e-005, -0.0647606245, -0.997900827, 3.01546403e-005, 2.79813621e-005, -3.20339757e-005, -0.999999999, 0.997900806, -0.0647609399, 3.94375588e-005, -0.0647609408, -0.997900807, 2.30571662e-005, 3.7861568e-005, -2.55627781e-005, -0.999999999, 0, 0, 0, 0, 0, 0, 0, 0.376767065, -0.182382007, -0.190989331, -0.155854569, 0.39795465, -0.904078694, -0.925292969, 0.261352539, 0.274536133, 0.345653192, 0.879358675, 0.327714756, 0, 0, -0, 0, 0, 0, 0, 0.419491602, -0.134733838, -0.160850684, 0.0350821592, 0.191591653, -0.980783127, 0.559814453, -0.816772461, -0.139526367, -0.827771833, -0.544111143, -0.135979507, 0, 3, 1, 1, 
307.255161, 38, 0.1, 0.1, 0.0359085215, 0.359931526, -0.0199623987, 0.997900944, -0.0647588094, -4.50475547e-005, -0.0647588116, -0.997900944, -4.9692798e-005, -4.17349509e-005, 5.25057162e-005, -0.999999998, 0.997900918, -0.0647591988, -5.5026334e-005, -0.0647592013, -0.997900919, -4.43621821e-005, -5.20379698e-005, 4.78325237e-005, -0.999999998, 0, 0, 0, 0, 0, 0, 0, 0.376767065, -0.182382007, -0.190989331, -0.155854569, 0.39795465, -0.904078694, -0.925292969, 0.261352539, 0.274536133, 0.345653192, 0.879358675, 0.327714756, 0, 0, -0, 0, 0, 0, 0, 0.419491602, -0.134733838, -0.160850684, 0.0350821592, 0.191591653, -0.980783127, 0.559814453, -0.816772461, -0.139526367, -0.827771833, -0.544111143, -0.135979507, 0, 3, 1, 1, 
307.255949, 38, 0.1, 0.1, 0.035908526, 0.359931528, -0.0199633121, 0.997901085, -0.0647566434, 3.66128675e-005, -0.064756645, -0.997901085, 4.40035234e-005, 3.36864997e-005, -4.62820902e-005, -0.999999998, 0.997901055, -0.0647571019, 4.43178497e-005, -0.0647571035, -0.997901055, 3.56602558e-005, 4.19155742e-005, -3.84553025e-005, -0.999999998, 0, 0, 0, 0, 0, 0, 0, 0.376767065, -0.182382007, -0.190989331, -0.155854569, 0.39795465, -0.904078694, -0.925292969, 0.261352539, 0.274536133, 0.345653192, 0.879358675, 0.327714756, 0, 0, -0, 0, 0, 0, 0, 0.419491602, -0.134733838, -0.160850684, 0.0350821592, 0.191591653, -0.980783127, 0.559814453, -0.816772461, -0.139526367, -0.827771833, -0.544111143, -0.135979507, 0, 3, 1, 1, 
307.256735, 38, 0.1, 0.1, 0.0359085206, 0.359931529, -0.0199649534, 0.997901245, -0.0647541832, -3.34764199e-005, -0.0647541843, -0.997901245, -3.21767632e-005, -3.13225811e-005, 3.42769704e-005, -0.999999999, 0.997901212, -0.0647546922, -4.2125462e-005, -0.0647546933, -0.997901212, -2.64618481e-005, -4.03235208e-005, 2.91341316e-005, -0.999999999, 0, 0, 0, 0, 0, 0, 0, 0.376767065, -0.182382007, -0.190989331, -0.155854569, 0.39795465, -0.904078694, -0.925292969, 0.261352539, 0.274536133, 0.345653192, 0.879358675, 0.327714756, 0, 0, -0, 0, 0, 0, 0, 0.419491602, -0.134733838, -0.160850684, 0.0350821592, 0.191591653, -0.980783127, 0.559814453, -0.816772461, -0.139526367, -0.827771833, -0.544111143, -0.135979507, 0, 3, 1, 1, 
307.257522, 38, 0.1, 0.1, 0.0359085261, 0.359931533, -0.0199667091, 0.997901419, -0.0647514978, 3.76744559e-005, -0.0647514995, -0.997901419, 4.63075463e-005, 3.459691e-005, -4.86498437e-005, -0.999999998, 0.997901382, -0.0647520571, 4.568561e-005, -0.0647520589, -0.997901383, 4.00138235e-005, 4.2998756e-005, -4.28880871e-005, -0.999999998, 0, 0, 0, 0, 0, 0, 0, 0.376767065, -0.182382007, -0.190989331, -0.155854569, 0.39795465, -0.904078694, -0.925292969, 0.261352539, 0.274536133, 0.345653192, 0.879358675, 0.327714756, 0, 0, -0, 0, 0, 0, 0, 0.419491602, -0.134733838, -0.160850684, 0.0350821592, 0.191591653, -0.980783127, 0.559814453, -0.816772461, -0.139526367, -0.827771833, -0.544111143, -0.135979507, 0, 3, 1, 1, 
307.258335, 38, 0.1, 0.1, 0.0359085209, 0.359931533, -0.0199677081, 0.997901612, -0.0647485325, -3.25107601e-005, -0.0647485336, -0.997901612, -3.26935696e-005, -3.03256792e-005, 3.47299898e-005, -0.999999999, 0.997901574, -0.0647491152, -4.01156765e-005, -0.0647491163, -0.997901574, -2.64480814e-005, -3.83190069e-005, 2.89900367e-005, -0.999999999, 0, 0, 0, 0, 0, 0, 0, 0.377716797, -0.183122412, -0.189915845, -0.154473283, 0.396476762, -0.904922666, -0.927124023, 0.258056641, 0.271362305, 0.3411087, 0.88095226, 0.327848428, 0, 0, -0, 0, 0, 0, 0, 0.41984165, -0.132606641, -0.161273486, 0.032501376, 0.19182716, -0.980776564, 0.565307617, -0.812744141, -0.140258789, -0.824238061, -0.549855298, -0.134874133, 0, 3, 1, 1, 
307.259125, 38, 0.1, 0.1, 0.0359085255, 0.359931536, -0.0199678087, 0.997901808, -0.0647455, 3.1400408e-005, -0.0647455012, -0.997901808, 3.6633663e-005, 2.89626591e-005, -3.85898337e-005, -0.999999999, 0.997901768, -0.064746114, 3.98864809e-005, -0.0647461153, -0.997901768, 3.18328859e-005, 3.77417342e-005, -3.43485878e-005, -0.999999999, 0, 0, 0, 0, 0, 0, 0, 0.377716797, -0.183122412, -0.189915845, -0.154473283, 0.396476762, -0.904922666, -0.927124023, 0.258056641, 0.271362305, 0.3411087, 0.88095226, 0.327848428, 0, 0, -0, 0, 0, 0, 0, 0.41984165, -0.132606641, -0.161273486, 0.032501376, 0.19182716, -0.980776564, 0.565307617, -0.812744141, -0.140258789, -0.824238061, -0.549855298, -0.134874133, 0, 3, 1, 1, 
307.259909, 38, 0.1, 0.1, 0.0359085196, 0.359931534, -0.0199672387, 0.997902011, -0.0647423822, -3.43075644e-005, -0.0647423835, -0.99790201, -4.00327135e-005, -3.16437743e-005, 4.21698788e-005, -0.999999999, 0.997901969, -0.0647430149, -4.26740801e-005, -0.0647430164, -0.997901969, -3.40946246e-005, -4.03771598e-005, 3.67859417e-005, -0.999999999, 0, 0, 0, 0, 0, 0, 0, 0.377716797, -0.183122412, -0.189915845, -0.154473283, 0.396476762, -0.904922666, -0.927124023, 0.258056641, 0.271362305, 0.3411087, 0.88095226, 0.327848428, 0, 0, -0, 0, 0, 0, 0, 0.41984165, -0.132606641, -0.161273486, 0.032501376, 0.19182716, -0.980776564, 0.565307617, -0.812744141, -0.140258789, -0.824238061, -0.549855298, -0.134874133, 0, 3, 1, 1, 
307.260694, 38, 0.1, 0.1, 0.0359085242, 0.359931536, -0.0199662066, 0.997902221, -0.0647391463, 3.20588933e-005, -0.0647391474, -0.99790222, 3.45446585e-005, 2.97552491e-005, -3.65476569e-005, -0.999999999, 0.997902178, -0.0647397923, 4.07710786e-005, -0.0647397936, -0.997902179, 2.92783099e-005, 3.87900765e-005, -3.18564005e-005, -0.999999999, 0, 0, 0, 0, 0, 0, 0, 0.377716797, -0.183122412, -0.189915845, -0.154473283, 0.396476762, -0.904922666, -0.927124023, 0.258056641, 0.271362305, 0.3411087, 0.88095226, 0.327848428, 0, 0, -0, 0, 0, 0, 0, 0.41984165, -0.132606641, -0.161273486, 0.032501376, 0.19182716, -0.980776564, 0.565307617, -0.812744141, -0.140258789, -0.824238061, -0.549855298, -0.134874133, 0, 3, 1, 1, 
307.261481, 38, 0.1, 0.1, 0.0359085179, 0.359931533, -0.0199651025, 0.997902438, -0.0647357905, -3.67138105e-005, -0.0647357921, -0.997902438, -4.43530049e-005, -3.37655741e-005, 4.66366693e-005, -0.999999998, 0.997902393, -0.0647364746, -4.59922875e-005, -0.0647364764, -0.997902394, -3.85578089e-005, -4.33997171e-005, 4.14543084e-005, -0.999999998, 0, 0, 0, 0, 0, 0, 0, 0.377716797, -0.183122412, -0.189915845, -0.154473283, 0.396476762, -0.904922666, -0.927124023, 0.258056641, 0.271362305, 0.3411087, 0.88095226, 0.327848428, 0, 0, -0, 0, 0, 0, 0, 0.41984165, -0.132606641, -0.161273486, 0.032501376, 0.19182716, -0.980776564, 0.565307617, -0.812744141, -0.140258789, -0.824238061, -0.549855298, -0.134874133, 0, 3, 1, 1, 
307.262265, 38, 0.1, 0.1, 0.0359085229, 0.359931535, -0.0199642685, 0.997902662, -0.0647323372, 3.51808542e-005, -0.0647323386, -0.997902662, 3.76907738e-005, 3.26672562e-005, -3.98890625e-005, -0.999999999, 0.997902617, -0.0647330309, 4.41305755e-005, -0.0647330324, -0.997902617, 3.14149573e-005, 4.20044314e-005, -3.42057741e-005, -0.999999999, 0, 0, 0, 0, 0, 0, 0, 0.377716797, -0.183122412, -0.189915845, -0.154473283, 0.396476762, -0.904922666, -0.927124023, 0.258056641, 0.271362305, 0.3411087, 0.88095226, 0.327848428, 0, 0, -0, 0, 0, 0, 0, 0.41984165, -0.132606641, -0.161273486, 0.032501376, 0.19182716, -0.980776564, 0.565307617, -0.812744141, -0.140258789, -0.824238061, -0.549855298, -0.134874133, 0, 3, 1, 1, 
