time, trialNum, realDorsalTactorPos, realVentralTactorPos, box1PosX, box1PosY, box1PosZ, box1LocalRot_11, box1LocalRot_12, box1LocalRot_13, box1LocalRot_21, box1LocalRot_22, box1LocalRot_23, box1LocalRot_31, box1LocalRot_32, box1LocalRot_33, box1GlobalRot_11, box1GlobalRot_12, box1GlobalRot_13, box1GlobalRot_21, box1GlobalRot_22, box1GlobalRot_23, box1GlobalRot_31, box1GlobalRot_32, box1GlobalRot_33, indexForceX, indexForceY, indexForceZ, indexForceGlobalX, indexForceGlobalY, indexForceGlobalZ, indexContact, indexPosX, indexPosY, indexPosZ, indexRot_11, indexRot_12, indexRot_13, indexRot_21, indexRot_22, indexRot_23, indexRot_31, indexRot_32, indexRot_33, thumbForceX, thumbForceY, thumbForceZ, thumbForceGlobalX, thumbForceGlobalY, thumbForceGlobalZ, thumbContact, thumbPosX, thumbPosY, thumbPosZ, thumbRot_11, thumbRot_12, thumbRot_13, thumbRot_21, thumbRot_22, thumbRot_23, thumbRot_31, thumbRot_32, thumbRot_33, manipForceTooHigh, cceExpType, mapping, trialSuccess, 
536.035641, 35, 0.1, 0.1, 0.00981698037, 0.368186201, -0.0199153467, 0.931741912, 3.38373192e-005, -0.363121203, 0.363121199, 7.87733629e-005, 0.931741911, 6.01319267e-005, -0.999999996, 6.11093958e-005, 0.931741912, 7.04378668e-005, -0.363121197, 0.363121184, 0.00014542955, 0.931741909, 0.000118438465, -0.999999987, 0.000109925325, 0, 0, 0, 0, 0, 0, 0, 0.269533862, -0.0910680908, -0.199222339, -0.0654273695, 0.631568682, -0.772554063, -0.990234375, 0.0537109375, 0.127807617, 0.122213378, 0.773393548, 0.622042733, 0, 0, -0, 0, 0, 0, 0, 0.304548145, -0.0413110352, -0.181973584, -0.0422893051, 0.145907106, -0.988301926, 0.544067383, -0.826293945, -0.145263672, -0.837867785, -0.543880332, -0.0445899893, 0, 3, 1, 1, 
536.048936, 35, 0.1, 0.1, 0.00981673198, 0.368185978, -0.019988875, 0.931728049, -1.25918503e-005, -0.363156775, 0.363156773, -8.15992895e-005, 0.931728046, -4.13655149e-005, -0.999999997, -7.14555311e-005, 0.931728129, 7.32134612e-006, -0.36315657, 0.363156569, -9.16156129e-005, 0.931728125, -2.64493076e-005, -0.999999996, -8.80196385e-005, 0, 0, 0, 0, 0, 0, 0, 0.268025513, -0.0908288818, -0.199496265, -0.0613108676, 0.650370469, -0.757030083, -0.987548828, 0.0700683594, 0.140258789, 0.144302304, 0.756326156, 0.638122766, 0, 0, -0, 0, 0, 0, 0, 0.30370166, -0.0429578613, -0.181691748, -0.0442703767, 0.140316802, -0.989106162, 0.540649414, -0.829101563, -0.141723633, -0.840039888, -0.540908358, -0.0392738386, 0, 3, 1, 1, 
536.049722, 35, 0.1, 0.1, 0.00981671828, 0.368186014, -0.0199917522, 0.931727838, -6.39018931e-005, -0.363157309, 0.363157311, 2.39571944e-005, 0.931727839, -5.08389425e-005, -0.999999998, 4.55280246e-005, 0.931727856, -6.22014165e-005, -0.363157263, 0.363157264, 9.73739743e-007, 0.931727858, -5.76011719e-005, -0.999999998, 2.34961567e-005, 0, 0, 0, 0, 0, 0, 0, 0.268025513, -0.0908288818, -0.199496265, -0.0613108676, 0.650370469, -0.757030083, -0.987548828, 0.0700683594, 0.140258789, 0.144302304, 0.756326156, 0.638122766, 0, 0, -0, 0, 0, 0, 0, 0.30370166, -0.0429578613, -0.181691748, -0.0442703767, 0.140316802, -0.989106162, 0.540649414, -0.829101563, -0.141723633, -0.840039888, -0.540908358, -0.0392738386, 0, 3, 1, 1, 
536.050503, 35, 0.1, 0.1, 0.00981670819, 0.368186069, -0.0199860078, 0.931727896, -6.54615666e-006, -0.363157168, 0.363157167, 7.72162033e-005, 0.931727893, 2.1942381e-005, -0.999999997, 7.43217743e-005, 0.931727869, -2.17707866e-005, -0.363157236, 0.363157237, 7.86605063e-005, 0.931727865, 8.28168354e-006, -0.999999997, 8.11964046e-005, 0, 0, 0, 0, 0, 0, 0, 0.268025513, -0.0908288818, -0.199496265, -0.0613108676, 0.650370469, -0.757030083, -0.987548828, 0.0700683594, 0.140258789, 0.144302304, 0.756326156, 0.638122766, 0, 0, -0, 0, 0, 0, 0, 0.30370166, -0.0429578613, -0.181691748, -0.0442703767, 0.140316802, -0.989106162, 0.540649414, -0.829101563, -0.141723633, -0.840039888, -0.540908358, -0.0392738386, 0, 3, 1, 1, 
536.051286, 35, 0.1, 0.1, 0.00981670906, 0.36818611, -0.019974371, 0.931728159, 5.8468695e-006, -0.363156492, 0.363156492, -4.82706039e-005, 0.931728158, -1.20820902e-005, -0.999999999, -4.70984095e-005, 0.931728084, 1.82310282e-005, -0.363156684, 0.363156684, -1.8195077e-005, 0.931728084, 1.03786971e-005, -1, -2.3573584e-005, 0, 0, 0, 0, 0, 0, 0, 0.268025513, -0.0908288818, -0.199496265, -0.0613108676, 0.650370469, -0.757030083, -0.987548828, 0.0700683594, 0.140258789, 0.144302304, 0.756326156, 0.638122766, 0, 0, -0, 0, 0, 0, 0, 0.30370166, -0.0429578613, -0.181691748, -0.0442703767, 0.140316802, -0.989106162, 0.540649414, -0.829101563, -0.141723633, -0.840039888, -0.540908358, -0.0392738386, 0, 3, 1, 1, 
536.052095, 35, 0.1, 0.1, 0.009816708, 0.368186141, -0.0199607308, 0.931728511, 6.35440587e-006, -0.363155588, 0.363155588, 3.23303828e-005, 0.931728511, 1.76615403e-005, -0.999999999, 2.78155014e-005, 0.931728456, 1.42966117e-005, -0.36315573, 0.36315573, -1.09970522e-005, 0.931728456, 9.3269174e-006, -1, -1.54381629e-005, 0, 0, 0, 0, 0, 0, 0, 0.267150977, -0.0903665039, -0.199712036, -0.061251336, 0.655324594, -0.752769787, -0.986816406, 0.0731201172, 0.143920898, 0.149360144, 0.75171015, 0.642391679, 0, 0, -0, 0, 0, 0, 0, 0.30370166, -0.0429578613, -0.181691748, -0.0473054167, 0.140278523, -0.988901271, 0.539794922, -0.829467773, -0.143432617, -0.840358883, -0.540544153, -0.0365519641, 0, 3, 1, 1, 
536.052873, 35, 0.1, 0.1, 0.00981670432, 0.368186182, -0.0199503757, 0.931728606, 3.43928421e-005, -0.363155344, 0.363155345, -1.94466603e-005, 0.931728606, 2.49826362e-005, -0.999999999, -3.06089541e-005, 0.931728603, -8.56479383e-006, -0.363155353, 0.363155353, 1.23484976e-005, 0.931728603, -3.49564036e-006, -1, 1.46157992e-005, 0, 0, 0, 0, 0, 0, 0, 0.267150977, -0.0903665039, -0.199712036, -0.061251336, 0.655324594, -0.752769787, -0.986816406, 0.0731201172, 0.143920898, 0.149360144, 0.75171015, 0.642391679, 0, 0, -0, 0, 0, 0, 0, 0.302824414, -0.0429527344, -0.182290674, -0.0473054167, 0.140278523, -0.988901271, 0.539794922, -0.829467773, -0.143432617, -0.840358883, -0.540544153, -0.0365519641, 0, 3, 1, 1, 
536.053652, 35, 0.1, 0.1, 0.00981670326, 0.36818621, -0.0199460757, 0.931728716, -7.1591262e-005, -0.363155057, 0.363155059, 1.3476951e-005, 0.931728718, -6.18094118e-005, -0.999999997, 3.85555912e-005, 0.931728668, -3.34604296e-005, -0.363155184, 0.363155184, -2.60453191e-005, 0.931728669, -4.06345342e-005, -0.999999999, -1.2115842e-005, 0, 0, 0, 0, 0, 0, 0, 0.267150977, -0.0903665039, -0.199712036, -0.061251336, 0.655324594, -0.752769787, -0.986816406, 0.0731201172, 0.143920898, 0.149360144, 0.75171015, 0.642391679, 0, 0, -0, 0, 0, 0, 0, 0.302824414, -0.0429527344, -0.182290674, -0.0473054167, 0.140278523, -0.988901271, 0.539794922, -0.829467773, -0.143432617, -0.840358883, -0.540544153, -0.0365519641, 0, 3, 1, 1, 
536.054502, 35, 0.1, 0.1, 0.00981669722, 0.368186257, -0.0199480266, 0.93172916, 7.93267362e-005, -0.363153916, 0.363153916, 1.35277647e-005, 0.931729163, 7.88236943e-005, -0.999999997, -1.6203602e-005, 0.931729037, 3.03895735e-005, -0.363154239, 0.363154237, 5.06013461e-005, 0.931729037, 4.66909414e-005, -0.999999998, 3.61106411e-005, 0, 0, 0, 0, 0, 0, 0, 0.266369824, -0.0906716309, -0.200026562, -0.0594585552, 0.65828037, -0.750319125, -0.985839844, 0.0787353516, 0.147216797, 0.155997344, 0.748522979, 0.644598963, 0, 0, -0, 0, 0, 0, 0, 0.302824414, -0.0429527344, -0.182290674, -0.0491264407, 0.139780156, -0.988849866, 0.539428711, -0.829467773, -0.144042969, -0.840550281, -0.54047379, -0.0347054205, 0, 3, 1, 1, 
536.055282, 35, 0.1, 0.1, 0.00981670571, 0.368186286, -0.0199552855, 0.931729816, -4.80155225e-005, -0.363152238, 0.363152238, -7.81051483e-006, 0.931729817, -4.75738999e-005, -0.999999999, 1.01596549e-005, 0.931729678, 1.79105608e-005, -0.363152594, 0.363152595, -2.31356974e-005, 0.931729678, 8.28601251e-006, -1, -2.80604825e-005, 0, 0, 0, 0, 0, 0, 0, 0.266369824, -0.0906716309, -0.200026562, -0.0594585552, 0.65828037, -0.750319125, -0.985839844, 0.0787353516, 0.147216797, 0.155997344, 0.748522979, 0.644598963, 0, 0, -0, 0, 0, 0, 0, 0.30247666, -0.0429842285, -0.182694922, -0.0491264407, 0.139780156, -0.988849866, 0.539428711, -0.829467773, -0.144042969, -0.840550281, -0.54047379, -0.0347054205, 0, 3, 1, 1, 
536.056061, 35, 0.1, 0.1, 0.00981668256, 0.368186316, -0.019965317, 0.931730396, -6.79431164e-005, -0.363150747, 0.363150745, -3.34201205e-005, 0.931730398, -7.54412086e-005, -0.999999997, -6.46494875e-006, 0.931730289, -0.00010051022, -0.363151012, 0.363151012, -1.73618264e-005, 0.931730295, -9.99533818e-005, -0.999999995, 2.03238486e-005, 0, 0, 0, 0, 0, 0, 0, 0.266369824, -0.0906716309, -0.200026562, -0.0594585552, 0.65828037, -0.750319125, -0.985839844, 0.0787353516, 0.147216797, 0.155997344, 0.748522979, 0.644598963, 0, 0, -0, 0, 0, 0, 0, 0.30247666, -0.0429842285, -0.182694922, -0.0491264407, 0.139780156, -0.988849866, 0.539428711, -0.829467773, -0.144042969, -0.840550281, -0.54047379, -0.0347054205, 0, 3, 1, 1, 
536.056844, 35, 0.1, 0.1, 0.00981668897, 0.368186346, -0.0199745948, 0.931730618, 6.34759912e-005, -0.363150178, 0.363150175, 4.40964446e-005, 0.93173062, 7.51561563e-005, -0.999999997, 1.80346902e-005, 0.931730606, 6.1176088e-005, -0.363150208, 0.363150207, 1.89500257e-005, 0.931730608, 6.38813394e-005, -0.999999998, -4.55979006e-006, 0, 0, 0, 0, 0, 0, 0, 0.266369824, -0.0906716309, -0.200026562, -0.0594585552, 0.65828037, -0.750319125, -0.985839844, 0.0787353516, 0.147216797, 0.155997344, 0.748522979, 0.644598963, 0, 0, -0, 0, 0, 0, 0, 0.30247666, -0.0429842285, -0.182694922, -0.0491264407, 0.139780156, -0.988849866, 0.539428711, -0.829467773, -0.144042969, -0.840550281, -0.54047379, -0.0347054205, 0, 3, 1, 1, 
536.057626, 35, 0.1, 0.1, 0.00981669479, 0.368186385, -0.0199802267, 0.931730593, -7.46829934e-006, -0.363150247, 0.363150247, 9.33484966e-006, 0.931730593, -3.56849002e-006, -1, 1.14096798e-005, 0.93173061, 1.46195974e-005, -0.363150204, 0.363150203, 3.49700805e-005, 0.931730609, 2.63209183e-005, -0.999999999, 2.72735846e-005, 0, 0, 0, 0, 0, 0, 0, 0.266369824, -0.0906716309, -0.200026562, -0.0594585552, 0.65828037, -0.750319125, -0.985839844, 0.0787353516, 0.147216797, 0.155997344, 0.748522979, 0.644598963, 0, 0, -0, 0, 0, 0, 0, 0.30247666, -0.0429842285, -0.182694922, -0.0491264407, 0.139780156, -0.988849866, 0.539428711, -0.829467773, -0.144042969, -0.840550281, -0.54047379, -0.0347054205, 0, 3, 1, 1, 
536.058408, 35, 0.1, 0.1, 0.00981668792, 0.368186406, -0.0199807646, 0.931730419, -2.28359553e-005, -0.363150692, 0.363150691, -4.02844636e-005, 0.931730419, -3.59062851e-005, -0.999999999, -2.92413672e-005, 0.931730454, -2.9530462e-005, -0.363150604, 0.363150602, -4.8859363e-005, 0.931730453, -4.52577379e-005, -0.999999998, -3.47997514e-005, 0, 0, 0, 0, 0, 0, 0, 0.266369824, -0.0906716309, -0.200026562, -0.0594585552, 0.65828037, -0.750319125, -0.985839844, 0.0787353516, 0.147216797, 0.155997344, 0.748522979, 0.644598963, 0, 0, -0, 0, 0, 0, 0, 0.30247666, -0.0429842285, -0.182694922, -0.0491264407, 0.139780156, -0.988849866, 0.539428711, -0.829467773, -0.144042969, -0.840550281, -0.54047379, -0.0347054205, 0, 3, 1, 1, 
536.059189, 35, 0.1, 0.1, 0.00981668897, 0.368186437, -0.0199764296, 0.931730249, 1.86892413e-005, -0.363151128, 0.363151128, 1.82879831e-005, 0.93173025, 2.40546331e-005, -1, 1.0252448e-005, 0.931730279, 1.92027648e-005, -0.363151052, 0.363151052, 2.42869321e-005, 0.931730279, 2.67116224e-005, -1, 1.56553658e-005, 0, 0, 0, 0, 0, 0, 0, 0.266369824, -0.0906716309, -0.200026562, -0.0594585552, 0.65828037, -0.750319125, -0.985839844, 0.0787353516, 0.147216797, 0.155997344, 0.748522979, 0.644598963, 0, 0, -0, 0, 0, 0, 0, 0.30247666, -0.0429842285, -0.182694922, -0.0491264407, 0.139780156, -0.988849866, 0.539428711, -0.829467773, -0.144042969, -0.840550281, -0.54047379, -0.0347054205, 0, 3, 1, 1, 
536.060007, 35, 0.1, 0.1, 0.00981668572, 0.368186466, -0.0199683484, 0.931730192, -1.26832097e-005, -0.363151276, 0.363151276, 1.56083474e-005, 0.931730192, -6.14913815e-006, -1, 1.91486923e-005, 0.931730188, -2.32322765e-005, -0.363151285, 0.363151285, 7.07413963e-006, 0.931730189, -1.90772305e-005, -1, 1.50280205e-005, 0, 0, 0, 0, 0, 0, 0, 0.266174536, -0.0904854736, -0.200516968, -0.0591960808, 0.662143397, -0.74699229, -0.985107422, 0.0817871094, 0.150512695, 0.160775858, 0.744821337, 0.64765621, 0, 0, -0, 0, 0, 0, 0, 0.30238877, -0.0429876465, -0.183117725, -0.0504873779, 0.139805676, -0.988843302, 0.539428711, -0.829345703, -0.144897461, -0.840447835, -0.540716594, -0.0336000463, 0, 3, 1, 1, 
536.060789, 35, 0.1, 0.1, 0.00981668728, 0.368186494, -0.0199604531, 0.931730306, -2.59711233e-005, -0.363150982, 0.363150982, 4.21141144e-006, 0.931730307, -2.26687045e-005, -1, 1.33553386e-005, 0.931730275, 1.0037605e-005, -0.363151063, 0.363151063, -4.41744653e-006, 0.931730275, 7.74814004e-006, -1, -7.76103558e-006, 0, 0, 0, 0, 0, 0, 0, 0.266174536, -0.0904854736, -0.200516968, -0.0591960808, 0.662143397, -0.74699229, -0.985107422, 0.0817871094, 0.150512695, 0.160775858, 0.744821337, 0.64765621, 0, 0, -0, 0, 0, 0, 0, 0.30238877, -0.0429876465, -0.183117725, -0.0504873779, 0.139805676, -0.988843302, 0.539428711, -0.829345703, -0.144897461, -0.840447835, -0.540716594, -0.0336000463, 0, 3, 1, 1, 
536.06157, 35, 0.1, 0.1, 0.00981668473, 0.36818652, -0.0199549702, 0.931730377, 3.18349083e-005, -0.363150801, 0.363150801, 2.51500929e-006, 0.931730377, 3.05748788e-005, -0.999999999, -9.21756191e-006, 0.931730382, 2.09065012e-005, -0.363150787, 0.363150787, -1.18222157e-005, 0.931730383, 1.51859755e-005, -1, -1.860733e-005, 0, 0, 0, 0, 0, 0, 0, 0.266174536, -0.0904854736, -0.200516968, -0.0591960808, 0.662143397, -0.74699229, -0.985107422, 0.0817871094, 0.150512695, 0.160775858, 0.744821337, 0.64765621, 0, 0, -0, 0, 0, 0, 0, 0.30238877, -0.0429876465, -0.183117725, -0.0504873779, 0.139805676, -0.988843302, 0.539428711, -0.829345703, -0.144897461, -0.840447835, -0.540716594, -0.0336000463, 0, 3, 1, 1, 
536.062354, 35, 0.1, 0.1, 0.00981668121, 0.368186547, -0.0199534357, 0.931730204, -2.58303474e-005, -0.363151244, 0.363151244, -3.04373861e-005, 0.931730204, -3.51202895e-005, -0.999999999, -1.89791092e-005, 0.931730255, -3.09611906e-005, -0.363151113, 0.363151112, -2.39551647e-005, 0.931730256, -3.75468227e-005, -0.999999999, -1.1076161e-005, 0, 0, 0, 0, 0, 0, 0, 0.266174536, -0.0904854736, -0.200516968, -0.0591960808, 0.662143397, -0.74699229, -0.985107422, 0.0817871094, 0.150512695, 0.160775858, 0.744821337, 0.64765621, 0, 0, -0, 0, 0, 0, 0, 0.30238877, -0.0429876465, -0.183117725, -0.0504873779, 0.139805676, -0.988843302, 0.539428711, -0.829345703, -0.144897461, -0.840447835, -0.540716594, -0.0336000463, 0, 3, 1, 1, 
536.063136, 35, 0.1, 0.1, 0.00981668384, 0.368186575, -0.0199560675, 0.931729948, 2.20847968e-005, -0.363151901, 0.363151901, -1.9470542e-006, 0.931729949, 1.98699902e-005, -1, -9.83426465e-006, 0.931729991, 2.86928563e-005, -0.36315179, 0.363151789, 2.47719413e-005, 0.931729992, 3.57299695e-005, -0.999999999, 1.26608985e-005, 0, 0, 0, 0, 0, 0, 0, 0.266174536, -0.0904854736, -0.200516968, -0.0591960808, 0.662143397, -0.74699229, -0.985107422, 0.0817871094, 0.150512695, 0.160775858, 0.744821337, 0.64765621, 0, 0, -0, 0, 0, 0, 0, 0.30238877, -0.0429876465, -0.183117725, -0.0504873779, 0.139805676, -0.988843302, 0.539428711, -0.829345703, -0.144897461, -0.840447835, -0.540716594, -0.0336000463, 0, 3, 1, 1, 
536.063924, 35, 0.1, 0.1, 0.00981668026, 0.368186601, -0.0199616773, 0.931729904, 1.04443803e-005, -0.363152014, 0.363152014, 1.80762821e-005, 0.931729904, 1.62957798e-005, -1, 1.30493149e-005, 0.931729896, -1.73120535e-005, -0.363152036, 0.363152036, 1.48043049e-005, 0.931729896, -1.07539443e-005, -1, 2.00805209e-005, 0, 0, 0, 0, 0, 0, 0, 0.266174536, -0.0904854736, -0.200516968, -0.0591960808, 0.662143397, -0.74699229, -0.985107422, 0.0817871094, 0.150512695, 0.160775858, 0.744821337, 0.64765621, 0, 0, -0, 0, 0, 0, 0, 0.30238877, -0.0429876465, -0.183117725, -0.0504873779, 0.139805676, -0.988843302, 0.539428711, -0.829345703, -0.144897461, -0.840447835, -0.540716594, -0.0336000463, 0, 3, 1, 1, 
536.064722, 35, 0.1, 0.1, 0.00981668099, 0.368186628, -0.0199682159, 0.931730032, -2.73367249e-005, -0.363151685, 0.363151685, 6.63711564e-006, 0.931730033, -2.30601679e-005, -1, 1.61113777e-005, 0.931730007, -1.41329859e-005, -0.363151749, 0.36315175, 6.46942219e-006, 0.931730007, -1.08187451e-005, -1, 1.11601733e-005, 0, 0, 0, 0, 0, 0, 0, 0.266480298, -0.0906115479, -0.199973071, -0.0576848705, 0.664166834, -0.745201753, -0.984985352, 0.0836181641, 0.150756836, 0.162513976, 0.742770569, 0.649597272, 0, 0, -0, 0, 0, 0, 0, 0.30238877, -0.0429876465, -0.183117725, -0.0504873779, 0.139805676, -0.988843302, 0.539428711, -0.829345703, -0.144897461, -0.840447835, -0.540716594, -0.0336000463, 0, 3, 1, 1, 
536.065516, 35, 0.1, 0.1, 0.00981667997, 0.368186653, -0.0199731321, 0.931730084, 1.02697688e-005, -0.363151554, 0.363151554, 1.29403685e-005, 0.931730084, 1.42679675e-005, -1, 8.32744814e-006, 0.931730086, 1.58890392e-005, -0.363151547, 0.363151547, 4.27232858e-007, 0.931730086, 1.49594461e-005, -1, -5.37206346e-006, 0, 0, 0, 0, 0, 0, 0, 0.266480298, -0.0906115479, -0.199973071, -0.0576848705, 0.664166834, -0.745201753, -0.984985352, 0.0836181641, 0.150756836, 0.162513976, 0.742770569, 0.649597272, 0, 0, -0, 0, 0, 0, 0, 0.302690137, -0.0430591797, -0.18291792, -0.0494202831, 0.138872743, -0.989035066, 0.540161133, -0.829223633, -0.143432617, -0.840090194, -0.541182877, -0.0341111724, 0, 3, 1, 1, 
536.066298, 35, 0.1, 0.1, 0.00981667651, 0.368186677, -0.0199752541, 0.931729992, -8.44051444e-006, -0.363151788, 0.363151788, -9.75243615e-006, 0.931729992, -1.14058951e-005, -1, -6.02144935e-006, 0.931730017, -1.61733815e-005, -0.363151724, 0.363151724, -1.73486634e-005, 0.931730017, -2.13694221e-005, -1, -1.02908791e-005, 0, 0, 0, 0, 0, 0, 0, 0.266480298, -0.0906115479, -0.199973071, -0.0576848705, 0.664166834, -0.745201753, -0.984985352, 0.0836181641, 0.150756836, 0.162513976, 0.742770569, 0.649597272, 0, 0, -0, 0, 0, 0, 0, 0.302690137, -0.0430591797, -0.18291792, -0.0494202831, 0.138872743, -0.989035066, 0.540161133, -0.829223633, -0.143432617, -0.840090194, -0.541182877, -0.0341111724, 0, 3, 1, 1, 
536.067082, 35, 0.1, 0.1, 0.00981667708, 0.368186703, -0.0199741297, 0.93172989, -6.86096746e-006, -0.363152051, 0.363152051, -1.50897646e-005, 0.93172989, -1.18724474e-005, -1, -1.15680103e-005, 0.9317299, 8.58821572e-006, -0.363152025, 0.363152025, -5.08988065e-006, 0.9317299, 6.15349691e-006, -1, -7.86122192e-006, 0, 0, 0, 0, 0, 0, 0, 0.266480298, -0.0906115479, -0.199973071, -0.0576848705, 0.664166834, -0.745201753, -0.984985352, 0.0836181641, 0.150756836, 0.162513976, 0.742770569, 0.649597272, 0, 0, -0, 0, 0, 0, 0, 0.302690137, -0.0430591797, -0.18291792, -0.0494202831, 0.138872743, -0.989035066, 0.540161133, -0.829223633, -0.143432617, -0.840090194, -0.541182877, -0.0341111724, 0, 3, 1, 1, 
536.067894, 35, 0.1, 0.1, 0.00981667579, 0.368186729, -0.0199699068, 0.931729932, 2.79019692e-005, -0.363151941, 0.363151941, 1.85838934e-006, 0.931729933, 2.66719776e-005, -1, -8.40113732e-006, 0.931729909, 1.25460157e-005, -0.363152003, 0.363152003, 1.35011956e-005, 0.931729909, 1.65924843e-005, -1, 8.02335703e-006, 0, 0, 0, 0, 0, 0, 0, 0.266757251, -0.0898188965, -0.199191772, -0.0565495888, 0.666691637, -0.743176072, -0.985229492, 0.0827636719, 0.149291992, 0.161098246, 0.740763984, 0.652242642, 0, 0, -0, 0, 0, 0, 0, 0.302803174, -0.0431424316, -0.1825, -0.0478803418, 0.137843927, -0.989188551, 0.541015625, -0.828857422, -0.141723633, -0.839560111, -0.541904723, -0.0349865032, 0, 3, 1, 1, 
536.068678, 35, 0.1, 0.1, 0.00981667398, 0.368186753, -0.019964722, 0.931730071, -2.32417947e-005, -0.363151587, 0.363151587, -8.60379947e-007, 0.931730071, -2.19675273e-005, -1, 7.63865275e-006, 0.931730046, -2.7716814e-005, -0.363151649, 0.363151649, 5.19340596e-006, 0.931730046, -2.39385944e-005, -1, 1.49042591e-005, 0, 0, 0, 0, 0, 0, 0, 0.266757251, -0.0898188965, -0.199191772, -0.0565495888, 0.666691637, -0.743176072, -0.985229492, 0.0827636719, 0.149291992, 0.161098246, 0.740763984, 0.652242642, 0, 0, -0, 0, 0, 0, 0, 0.302803174, -0.0431424316, -0.1825, -0.0478803418, 0.137843927, -0.989188551, 0.541015625, -0.828857422, -0.141723633, -0.839560111, -0.541904723, -0.0349865032, 0, 3, 1, 1, 
536.069465, 35, 0.1, 0.1, 0.00981667713, 0.368186778, -0.0199602263, 0.931730078, 5.87653085e-006, -0.363151567, 0.363151567, 2.11861128e-005, 0.931730078, 1.31691106e-005, -1, 1.76056671e-005, 0.931730094, 2.37977632e-005, -0.363151526, 0.363151526, 2.1473489e-005, 0.931730094, 2.99712224e-005, -0.999999999, 1.13653019e-005, 0, 0, 0, 0, 0, 0, 0, 0.266757251, -0.0898188965, -0.199191772, -0.0565495888, 0.666691637, -0.743176072, -0.985229492, 0.0827636719, 0.149291992, 0.161098246, 0.740763984, 0.652242642, 0, 0, -0, 0, 0, 0, 0, 0.302803174, -0.0431424316, -0.1825, -0.0478803418, 0.137843927, -0.989188551, 0.541015625, -0.828857422, -0.141723633, -0.839560111, -0.541904723, -0.0349865032, 0, 3, 1, 1, 
536.070376, 35, 0.1, 0.1, 0.00981667421, 0.368186803, -0.0199566544, 0.931729836, 2.28259417e-005, -0.363152189, 0.363152188, 2.69433794e-005, 0.931729836, 3.10521581e-005, -0.999999999, 1.68146598e-005, 0.931729899, -3.12886994e-006, -0.363152029, 0.363152029, -1.43515336e-005, 0.931729899, -8.1270502e-006, -1, -1.22354974e-005, 0, 0, 0, 0, 0, 0, 0, 0.266757251, -0.0898188965, -0.199191772, -0.0565495888, 0.666691637, -0.743176072, -0.985229492, 0.0827636719, 0.149291992, 0.161098246, 0.740763984, 0.652242642, 0, 0, -0, 0, 0, 0, 0, 0.302803174, -0.0431424316, -0.1825, -0.0478803418, 0.137843927, -0.989188551, 0.541015625, -0.828857422, -0.141723633, -0.839560111, -0.541904723, -0.0349865032, 0, 3, 1, 1, 
536.071161, 35, 0.1, 0.1, 0.00981667629, 0.368186829, -0.0199556843, 0.931729674, -2.40493196e-005, -0.363152605, 0.363152605, -1.40520993e-005, 0.931729674, -2.75105212e-005, -1, -4.35918483e-006, 0.931729685, -4.80708505e-006, -0.363152577, 0.363152577, -1.6334185e-005, 0.931729685, -1.04107052e-005, -1, -1.34733397e-005, 0, 0, 0, 0, 0, 0, 0, 0.266757251, -0.0898188965, -0.199191772, -0.0565495888, 0.666691637, -0.743176072, -0.985229492, 0.0827636719, 0.149291992, 0.161098246, 0.740763984, 0.652242642, 0, 0, -0, 0, 0, 0, 0, 0.302803174, -0.0431424316, -0.1825, -0.0478803418, 0.137843927, -0.989188551, 0.541015625, -0.828857422, -0.141723633, -0.839560111, -0.541904723, -0.0349865032, 0, 3, 1, 1, 
536.071941, 35, 0.1, 0.1, 0.0098166759, 0.368186854, -0.0199581442, 0.931729759, 2.86455999e-005, -0.363152387, 0.363152387, -1.30394917e-006, 0.931729759, 2.62164256e-005, -1, -1.16176462e-005, 0.931729725, 2.80130528e-005, -0.363152473, 0.363152473, 6.81934491e-006, 0.931729726, 2.8577056e-005, -1, -3.81922303e-006, 0, 0, 0, 0, 0, 0, 0, 0.266757251, -0.0898188965, -0.199191772, -0.0565495888, 0.666691637, -0.743176072, -0.985229492, 0.0827636719, 0.149291992, 0.161098246, 0.740763984, 0.652242642, 0, 0, -0, 0, 0, 0, 0, 0.302803174, -0.0431424316, -0.1825, -0.0478803418, 0.137843927, -0.989188551, 0.541015625, -0.828857422, -0.141723633, -0.839560111, -0.541904723, -0.0349865032, 0, 3, 1, 1, 
536.072753, 35, 0.1, 0.1, 0.0098166692, 0.368186878, -0.0199628529, 0.931729938, -2.20887485e-005, -0.363151927, 0.363151927, -1.29098716e-005, 0.931729938, -2.5268993e-005, -1, -4.00694224e-006, 0.931729909, -4.19068962e-005, -0.363151999, 0.363152, 3.02057096e-007, 0.93172991, -3.8936216e-005, -0.999999999, 1.55000088e-005, 0, 0, 0, 0, 0, 0, 0, 0.266633008, -0.0897325928, -0.198435498, -0.054601414, 0.668493035, -0.741607574, -0.985351562, 0.0836181641, 0.147949219, 0.160913277, 0.738871976, 0.654342463, 0, 0, -0, 0, 0, 0, 0, 0.302878369, -0.0425913574, -0.182296777, -0.0471581289, 0.136712667, -0.989405834, 0.54309082, -0.827758789, -0.140258789, -0.838256777, -0.543987507, -0.035254826, 0, 3, 1, 1, 
536.073531, 35, 0.1, 0.1, 0.00981666848, 0.368186902, -0.0199678827, 0.931729938, -2.26961294e-005, -0.363151927, 0.363151927, 4.42598113e-006, 0.931729938, -1.95393597e-005, -1, 1.23659622e-005, 0.931729951, -4.82182001e-006, -0.363151893, 0.363151893, 1.81835152e-005, 0.931729951, 2.11074387e-006, -1, 1.86931788e-005, 0, 0, 0, 0, 0, 0, 0, 0.266633008, -0.0897325928, -0.198435498, -0.054601414, 0.668493035, -0.741607574, -0.985351562, 0.0836181641, 0.147949219, 0.160913277, 0.738871976, 0.654342463, 0, 0, -0, 0, 0, 0, 0, 0.302878369, -0.0425913574, -0.182296777, -0.0471581289, 0.136712667, -0.989405834, 0.54309082, -0.827758789, -0.140258789, -0.838256777, -0.543987507, -0.035254826, 0, 3, 1, 1, 
536.074311, 35, 0.1, 0.1, 0.00981666576, 0.368186923, -0.0199719401, 0.931729802, 1.19463174e-005, -0.363152276, 0.363152276, 1.79688592e-005, 0.931729802, 1.76561721e-005, -1, 1.24037892e-005, 0.931729829, 2.77603004e-006, -0.363152207, 0.363152207, 1.02259169e-005, 0.931729829, 6.30007429e-006, -1, 8.51967038e-006, 0, 0, 0, 0, 0, 0, 0, 0.266633008, -0.0897325928, -0.198435498, -0.054601414, 0.668493035, -0.741607574, -0.985351562, 0.0836181641, 0.147949219, 0.160913277, 0.738871976, 0.654342463, 0, 0, -0, 0, 0, 0, 0, 0.302878369, -0.0425913574, -0.182296777, -0.0471581289, 0.136712667, -0.989405834, 0.54309082, -0.827758789, -0.140258789, -0.838256777, -0.543987507, -0.035254826, 0, 3, 1, 1, 
536.075106, 35, 0.1, 0.1, 0.00981666487, 0.368186944, -0.0199736574, 0.931729741, -1.57087248e-005, -0.363152432, 0.363152433, -4.81309423e-008, 0.931729741, -1.46537649e-005, -1, 5.65981658e-006, 0.931729741, -1.26979112e-005, -0.363152432, 0.363152432, -1.34936119e-005, 0.931729742, -1.67312595e-005, -1, -7.96112216e-006, 0, 0, 0, 0, 0, 0, 0, 0.266633008, -0.0897325928, -0.198435498, -0.054601414, 0.668493035, -0.741607574, -0.985351562, 0.0836181641, 0.147949219, 0.160913277, 0.738871976, 0.654342463, 0, 0, -0, 0, 0, 0, 0, 0.302878369, -0.0425913574, -0.182296777, -0.0471581289, 0.136712667, -0.989405834, 0.54309082, -0.827758789, -0.140258789, -0.838256777, -0.543987507, -0.035254826, 0, 3, 1, 1, 
536.075906, 35, 0.1, 0.1, 0.00981666798, 0.368186967, -0.0199723703, 0.931729829, 1.74672324e-005, -0.363152207, 0.363152207, -3.6044728e-006, 0.931729829, 1.49657692e-005, -1, -9.70165882e-006, 0.931729804, 2.96034668e-005, -0.36315227, 0.363152271, -4.27533134e-006, 0.931729804, 2.60298361e-005, -1, -1.47340198e-005, 0, 0, 0, 0, 0, 0, 0, 0.266633008, -0.0897325928, -0.198435498, -0.054601414, 0.668493035, -0.741607574, -0.985351562, 0.0836181641, 0.147949219, 0.160913277, 0.738871976, 0.654342463, 0, 0, -0, 0, 0, 0, 0, 0.302670508, -0.0419853516, -0.182303369, -0.0472729673, 0.136271537, -0.989539996, 0.544799805, -0.826782227, -0.139770508, -0.837164162, -0.545629527, -0.0351461843, 0, 3, 1, 1, 
536.076686, 35, 0.1, 0.1, 0.00981666666, 0.368186988, -0.0199690861, 0.931729927, 2.38448982e-005, -0.363151955, 0.363151956, -9.33914337e-006, 0.931729927, 1.88254771e-005, -1, -1.73608808e-005, 0.93172992, 2.12879447e-006, -0.363151975, 0.363151975, -1.31670214e-005, 0.931729919, -2.79816831e-006, -1, -1.30411837e-005, 0, 0, 0, 0, 0, 0, 0, 0.266633008, -0.0897325928, -0.198435498, -0.054601414, 0.668493035, -0.741607574, -0.985351562, 0.0836181641, 0.147949219, 0.160913277, 0.738871976, 0.654342463, 0, 0, -0, 0, 0, 0, 0, 0.302670508, -0.0419853516, -0.182303369, -0.0472729673, 0.136271537, -0.989539996, 0.544799805, -0.826782227, -0.139770508, -0.837164162, -0.545629527, -0.0351461843, 0, 3, 1, 1, 
536.077469, 35, 0.1, 0.1, 0.00981666693, 0.368187009, -0.0199649658, 0.93172986, -2.05438653e-005, -0.363152128, 0.363152127, -2.30479254e-005, 0.93172986, -2.75112359e-005, -1, -1.4013892e-005, 0.931729892, -1.59628556e-005, -0.363152047, 0.363152047, -1.09949653e-006, 0.931729892, -1.52723542e-005, -1, 4.77250991e-006, 0, 0, 0, 0, 0, 0, 0, 0.266633008, -0.0897325928, -0.198435498, -0.054601414, 0.668493035, -0.741607574, -0.985351562, 0.0836181641, 0.147949219, 0.160913277, 0.738871976, 0.654342463, 0, 0, -0, 0, 0, 0, 0, 0.302670508, -0.0419853516, -0.182303369, -0.0472729673, 0.136271537, -0.989539996, 0.544799805, -0.826782227, -0.139770508, -0.837164162, -0.545629527, -0.0351461843, 0, 3, 1, 1, 
536.078265, 35, 0.1, 0.1, 0.00981666747, 0.368187031, -0.0199611908, 0.931729683, 2.08971802e-005, -0.363152581, 0.363152581, 1.50337073e-005, 0.931729683, 2.49300527e-005, -1, 6.41848639e-006, 0.931729714, 2.04931103e-005, -0.363152501, 0.363152501, 2.23707509e-005, 0.931729714, 2.72180339e-005, -1, 1.34013691e-005, 0, 0, 0, 0, 0, 0, 0, 0.266717725, -0.0896279785, -0.197888916, -0.0529576535, 0.670656136, -0.739778845, -0.985473633, 0.0844726562, 0.147094727, 0.161147299, 0.736922679, 0.65652466, 0, 0, -0, 0, 0, 0, 0, 0.302670508, -0.0419853516, -0.182303369, -0.0472729673, 0.136271537, -0.989539996, 0.544799805, -0.826782227, -0.139770508, -0.837164162, -0.545629527, -0.0351461843, 0, 3, 1, 1, 
536.079048, 35, 0.1, 0.1, 0.00981666307, 0.36818705, -0.0199593072, 0.931729649, -2.1736285e-005, -0.363152669, 0.363152669, 1.1903675e-005, 0.931729649, -1.59294898e-005, -1, 1.89845968e-005, 0.931729636, -3.4515424e-005, -0.363152701, 0.363152701, -8.28256168e-007, 0.931729637, -3.24598269e-005, -0.999999999, 1.17626586e-005, 0, 0, 0, 0, 0, 0, 0, 0.266717725, -0.0896279785, -0.197888916, -0.0529576535, 0.670656136, -0.739778845, -0.985473633, 0.0844726562, 0.147094727, 0.161147299, 0.736922679, 0.65652466, 0, 0, -0, 0, 0, 0, 0, 0.302670508, -0.0419853516, -0.182303369, -0.0472729673, 0.136271537, -0.989539996, 0.544799805, -0.826782227, -0.139770508, -0.837164162, -0.545629527, -0.0351461843, 0, 3, 1, 1, 
536.079828, 35, 0.1, 0.1, 0.00981666515, 0.368187071, -0.0199597106, 0.93172982, -2.164651e-005, -0.363152229, 0.36315223, 4.95772102e-006, 0.93172982, -1.83682914e-005, -1, 1.24802349e-005, 0.931729779, 1.34379268e-005, -0.363152336, 0.363152336, -4.26165404e-006, 0.931729779, 1.09728869e-005, -1, -8.85072447e-006, 0, 0, 0, 0, 0, 0, 0, 0.266717725, -0.0896279785, -0.197888916, -0.0529576535, 0.670656136, -0.739778845, -0.985473633, 0.0844726562, 0.147094727, 0.161147299, 0.736922679, 0.65652466, 0, 0, -0, 0, 0, 0, 0, 0.302670508, -0.0419853516, -0.182303369, -0.0472729673, 0.136271537, -0.989539996, 0.544799805, -0.826782227, -0.139770508, -0.837164162, -0.545629527, -0.0351461843, 0, 3, 1, 1, 
536.080638, 35, 0.1, 0.1, 0.00981666278, 0.368187091, -0.0199619292, 0.931729948, 2.81350803e-005, -0.363151901, 0.363151901, 3.95964097e-006, 0.931729948, 2.76522481e-005, -1, -6.52799184e-006, 0.931729942, 1.85353641e-005, -0.363151917, 0.363151918, -7.82021828e-006, 0.931729942, 1.44300264e-005, -1, -1.40174845e-005, 0, 0, 0, 0, 0, 0, 0, 0.26683064, -0.0899942627, -0.197593286, -0.0509128769, 0.672336966, -0.73844549, -0.985107422, 0.0875244141, 0.147583008, 0.163913237, 0.735049767, 0.657920172, 0, 0, -0, 0, 0, 0, 0, 0.302579443, -0.0417972656, -0.182716162, -0.0487935855, 0.135983891, -0.989424791, 0.545410156, -0.826293945, -0.140380859, -0.836710272, -0.546396216, -0.0339066486, 0, 3, 1, 1, 
536.081421, 35, 0.1, 0.1, 0.00981666077, 0.368187112, -0.0199650248, 0.931729862, -1.80979969e-005, -0.363152123, 0.363152122, -1.9663772e-005, 0.931729862, -2.40033847e-005, -1, -1.17489976e-005, 0.931729892, -2.12759917e-005, -0.363152044, 0.363152044, -1.43568787e-005, 0.931729893, -2.50372073e-005, -1, -5.65031314e-006, 0, 0, 0, 0, 0, 0, 0, 0.26683064, -0.0899942627, -0.197593286, -0.0509128769, 0.672336966, -0.73844549, -0.985107422, 0.0875244141, 0.147583008, 0.163913237, 0.735049767, 0.657920172, 0, 0, -0, 0, 0, 0, 0, 0.302579443, -0.0417972656, -0.182716162, -0.0487935855, 0.135983891, -0.989424791, 0.545410156, -0.826293945, -0.140380859, -0.836710272, -0.546396216, -0.0339066486, 0, 3, 1, 1, 
536.082202, 35, 0.1, 0.1, 0.00981666255, 0.368187134, -0.0199681541, 0.931729707, 1.48093575e-005, -0.36315252, 0.36315252, 2.03194514e-008, 0.931729707, 1.38056974e-005, -1, -5.35912325e-006, 0.931729733, 1.99294442e-005, -0.363152454, 0.363152454, 1.95024595e-005, 0.931729733, 2.56512218e-005, -1, 1.09335948e-005, 0, 0, 0, 0, 0, 0, 0, 0.26683064, -0.0899942627, -0.197593286, -0.0509128769, 0.672336966, -0.73844549, -0.985107422, 0.0875244141, 0.147583008, 0.163913237, 0.735049767, 0.657920172, 0, 0, -0, 0, 0, 0, 0, 0.302579443, -0.0417972656, -0.182716162, -0.0487935855, 0.135983891, -0.989424791, 0.545410156, -0.826293945, -0.140380859, -0.836710272, -0.546396216, -0.0339066486, 0, 3, 1, 1, 
536.082984, 35, 0.1, 0.1, 0.00981665979, 0.368187154, -0.0199703441, 0.931729702, 8.30750873e-006, -0.363152532, 0.363152532, 1.42727884e-005, 0.931729702, 1.29235519e-005, -1, 1.02814881e-005, 0.931729691, -1.34111402e-005, -0.363152562, 0.363152562, 1.22354577e-005, 0.931729691, -8.0522197e-006, -1, 1.62704291e-005, 0, 0, 0, 0, 0, 0, 0, 0.26683064, -0.0899942627, -0.197593286, -0.0509128769, 0.672336966, -0.73844549, -0.985107422, 0.0875244141, 0.147583008, 0.163913237, 0.735049767, 0.657920172, 0, 0, -0, 0, 0, 0, 0, 0.302579443, -0.0417972656, -0.182716162, -0.0487935855, 0.135983891, -0.989424791, 0.545410156, -0.826293945, -0.140380859, -0.836710272, -0.546396216, -0.0339066486, 0, 3, 1, 1, 
536.083768, 35, 0.1, 0.1, 0.00981665982, 0.368187174, -0.0199708965, 0.931729826, -2.68757893e-005, -0.363152215, 0.363152215, 4.76036074e-006, 0.931729826, -2.3312239e-005, -1, 1.41953725e-005, 0.931729801, -1.54602526e-005, -0.363152278, 0.363152279, 4.37095602e-006, 0.931729801, -1.28174554e-005, -1, 9.68697593e-006, 0, 0, 0, 0, 0, 0, 0, 0.26683064, -0.0899942627, -0.197593286, -0.0509128769, 0.672336966, -0.73844549, -0.985107422, 0.0875244141, 0.147583008, 0.163913237, 0.735049767, 0.657920172, 0, 0, -0, 0, 0, 0, 0, 0.302579443, -0.0417972656, -0.182716162, -0.0487935855, 0.135983891, -0.989424791, 0.545410156, -0.826293945, -0.140380859, -0.836710272, -0.546396216, -0.0339066486, 0, 3, 1, 1, 
536.084548, 35, 0.1, 0.1, 0.00981665982, 0.368187193, -0.0199697705, 0.931729875, 1.28964413e-005, -0.36315209, 0.36315209, 1.68391917e-005, 0.931729875, 1.81311873e-005, -1, 1.10062084e-005, 0.931729878, 2.00702146e-005, -0.36315208, 0.36315208, 2.29207555e-006, 0.931729879, 1.95323907e-005, -1, -5.15294492e-006, 0, 0, 0, 0, 0, 0, 0, 0.26683064, -0.0899942627, -0.197593286, -0.0509128769, 0.672336966, -0.73844549, -0.985107422, 0.0875244141, 0.147583008, 0.163913237, 0.735049767, 0.657920172, 0, 0, -0, 0, 0, 0, 0, 0.302579443, -0.0417972656, -0.182716162, -0.0487935855, 0.135983891, -0.989424791, 0.545410156, -0.826293945, -0.140380859, -0.836710272, -0.546396216, -0.0339066486, 0, 3, 1, 1, 
536.085345, 35, 0.1, 0.1, 0.00981665622, 0.368187211, -0.0199673515, 0.931729757, -6.84353982e-006, -0.363152393, 0.363152393, -9.08163394e-006, 0.931729757, -9.67434678e-006, -1, -5.97638071e-006, 0.931729791, -1.8356771e-005, -0.363152304, 0.363152304, -2.07914795e-005, 0.931729791, -2.46540241e-005, -1, -1.27057372e-005, 0, 0, 0, 0, 0, 0, 0, 0.26683064, -0.0899942627, -0.197593286, -0.0498326397, 0.673795758, -0.737131231, -0.984619141, 0.0900878906, 0.148925781, 0.166831942, 0.733335613, 0.659195117, 0, 0, -0, 0, 0, 0, 0, 0.302579443, -0.0417972656, -0.182716162, -0.0487935855, 0.135983891, -0.989424791, 0.545410156, -0.826293945, -0.140380859, -0.836710272, -0.546396216, -0.0339066486, 0, 3, 1, 1, 
536.086153, 35, 0.1, 0.1, 0.00981665857, 0.368187233, -0.0199641299, 0.931729621, -6.90532821e-006, -0.363152741, 0.363152741, -1.64669454e-005, 0.931729621, -1.24139152e-005, -1, -1.28350519e-005, 0.931729633, 1.54250783e-005, -0.363152711, 0.363152711, -2.06402408e-006, 0.931729633, 1.36224466e-005, -1, -7.52477139e-006, 0, 0, 0, 0, 0, 0, 0, 0.266671484, -0.0903714111, -0.197522241, -0.0498326397, 0.673795758, -0.737131231, -0.984619141, 0.0900878906, 0.148925781, 0.166831942, 0.733335613, 0.659195117, 0, 0, -0, 0, 0, 0, 0, 0.302486182, -0.0422930664, -0.182905469, -0.0499310426, 0.13488508, -0.989494787, 0.543945313, -0.827148438, -0.140258789, -0.83756628, -0.545284279, -0.0320728648, 0, 3, 1, 1, 
536.086934, 35, 0.1, 0.1, 0.00981665703, 0.368187253, -0.0199617571, 0.931729685, 3.08431347e-005, -0.363152577, 0.363152577, 3.82271812e-006, 0.931729685, 3.01256941e-005, -1, -7.6390239e-006, 0.931729653, 1.21706485e-005, -0.363152659, 0.363152658, 1.85239773e-005, 0.931729653, 1.80667857e-005, -1, 1.28395356e-005, 0, 0, 0, 0, 0, 0, 0, 0.266671484, -0.0903714111, -0.197522241, -0.0498326397, 0.673795758, -0.737131231, -0.984619141, 0.0900878906, 0.148925781, 0.166831942, 0.733335613, 0.659195117, 0, 0, -0, 0, 0, 0, 0, 0.302486182, -0.0422930664, -0.182905469, -0.0499310426, 0.13488508, -0.989494787, 0.543945313, -0.827148438, -0.140258789, -0.83756628, -0.545284279, -0.0320728648, 0, 3, 1, 1, 
536.087713, 35, 0.1, 0.1, 0.00981665447, 0.368187272, -0.0199609477, 0.931729865, -3.29746417e-005, -0.363152114, 0.363152114, -1.11260824e-007, 0.931729865, -3.07638631e-005, -0.999999999, 1.18711458e-005, 0.931729833, -3.62680913e-005, -0.363152196, 0.363152196, 6.45044391e-006, 0.931729833, -3.14495698e-005, -0.999999999, 1.9180908e-005, 0, 0, 0, 0, 0, 0, 0, 0.266671484, -0.0903714111, -0.197522241, -0.0498326397, 0.673795758, -0.737131231, -0.984619141, 0.0900878906, 0.148925781, 0.166831942, 0.733335613, 0.659195117, 0, 0, -0, 0, 0, 0, 0, 0.302486182, -0.0422930664, -0.182905469, -0.0499310426, 0.13488508, -0.989494787, 0.543945313, -0.827148438, -0.140258789, -0.83756628, -0.545284279, -0.0320728648, 0, 3, 1, 1, 
536.088522, 35, 0.1, 0.1, 0.00981665674, 0.368187291, -0.0199614975, 0.931729904, 3.81974701e-006, -0.363152015, 0.363152015, 2.19599783e-005, 0.931729904, 1.15337829e-005, -1, 1.90736196e-005, 0.931729915, 2.01681692e-005, -0.363151986, 0.363151986, 2.13097551e-005, 0.931729915, 2.65299664e-005, -1, 1.25308256e-005, 0, 0, 0, 0, 0, 0, 0, 0.266396973, -0.0904879639, -0.198303516, -0.0510682709, 0.676022138, -0.73503628, -0.983886719, 0.091796875, 0.152832031, 0.170735405, 0.731005518, 0.660717188, 0, 0, -0, 0, 0, 0, 0, 0.302217773, -0.0427771484, -0.182890088, -0.0503273302, 0.133882151, -0.989609625, 0.542602539, -0.82824707, -0.139648437, -0.83846713, -0.543916778, -0.0309802504, 0, 3, 1, 1, 
536.089309, 35, 0.1, 0.1, 0.00981665326, 0.368187308, -0.0199633214, 0.931729743, 8.85516027e-006, -0.363152429, 0.363152429, 1.49968882e-005, 0.931729743, 1.36967726e-005, -1, 1.07572739e-005, 0.931729781, -9.43535776e-006, -0.363152329, 0.363152329, -1.26413848e-005, 0.931729782, -1.33819522e-005, -1, -8.35188255e-006, 0, 0, 0, 0, 0, 0, 0, 0.266396973, -0.0904879639, -0.198303516, -0.0510682709, 0.676022138, -0.73503628, -0.983886719, 0.091796875, 0.152832031, 0.170735405, 0.731005518, 0.660717188, 0, 0, -0, 0, 0, 0, 0, 0.302217773, -0.0427771484, -0.182890088, -0.0503273302, 0.133882151, -0.989609625, 0.542602539, -0.82824707, -0.139648437, -0.83846713, -0.543916778, -0.0309802504, 0, 3, 1, 1, 
536.090097, 35, 0.1, 0.1, 0.00981665411, 0.368187326, -0.019965772, 0.931729622, -1.93297019e-005, -0.363152737, 0.363152737, -1.49596648e-005, 0.931729622, -2.3442699e-005, -1, -6.91872869e-006, 0.93172963, -5.81659067e-006, -0.363152717, 0.363152717, -1.70570427e-005, 0.93172963, -1.16138013e-005, -1, -1.37802414e-005, 0, 0, 0, 0, 0, 0, 0, 0.266396973, -0.0904879639, -0.198303516, -0.0510682709, 0.676022138, -0.73503628, -0.983886719, 0.091796875, 0.152832031, 0.170735405, 0.731005518, 0.660717188, 0, 0, -0, 0, 0, 0, 0, 0.302217773, -0.0427771484, -0.182890088, -0.0503273302, 0.133882151, -0.989609625, 0.542602539, -0.82824707, -0.139648437, -0.83846713, -0.543916778, -0.0309802504, 0, 3, 1, 1, 
