time, trialNum, realDorsalTactorPos, realVentralTactorPos, box1PosX, box1PosY, box1PosZ, box1LocalRot_11, box1LocalRot_12, box1LocalRot_13, box1LocalRot_21, box1LocalRot_22, box1LocalRot_23, box1LocalRot_31, box1LocalRot_32, box1LocalRot_33, box1GlobalRot_11, box1GlobalRot_12, box1GlobalRot_13, box1GlobalRot_21, box1GlobalRot_22, box1GlobalRot_23, box1GlobalRot_31, box1GlobalRot_32, box1GlobalRot_33, indexForceX, indexForceY, indexForceZ, indexForceGlobalX, indexForceGlobalY, indexForceGlobalZ, indexContact, indexPosX, indexPosY, indexPosZ, indexRot_11, indexRot_12, indexRot_13, indexRot_21, indexRot_22, indexRot_23, indexRot_31, indexRot_32, indexRot_33, thumbForceX, thumbForceY, thumbForceZ, thumbForceGlobalX, thumbForceGlobalY, thumbForceGlobalZ, thumbContact, thumbPosX, thumbPosY, thumbPosZ, thumbRot_11, thumbRot_12, thumbRot_13, thumbRot_21, thumbRot_22, thumbRot_23, thumbRot_31, thumbRot_32, thumbRot_33, manipForceTooHigh, cceExpType, mapping, trialSuccess, 
553.937686, 38, 0.1, 0.1, 0.0134000635, 0.358778814, -0.0199616615, 0.875056268, -0.484021205, -3.06719443e-005, 0.484021203, 0.875056268, -4.81491667e-005, 5.01448948e-005, 2.72873587e-005, 0.999999998, 0.875056086, -0.484021534, -9.12448042e-006, 0.484021532, 0.875056085, -7.25369107e-005, 4.30938589e-005, 5.90574202e-005, 0.999999997, 0, 0, 0, 0, 0, 0, 0, 0.284595337, -0.113172559, -0.204083813, 0.0447689875, 0.618381527, -0.784442307, -0.989013672, 0.137451172, 0.0518798828, 0.139860099, 0.773628309, 0.617993233, 0, 0, -0, 0, 0, 0, 0, 0.325356152, -0.0677928223, -0.177000244, 0.0461737439, 0.189947941, -0.980614317, 0.406860352, -0.900146484, -0.155273437, -0.912280472, -0.391837459, -0.118900527, 0, 3, 1, 1, 
553.950362, 38, 0.1, 0.1, 0.0134000787, 0.358778767, -0.0199726979, 0.875063966, -0.484007288, 2.20076233e-006, 0.484007288, 0.875063966, 4.39712212e-006, -4.05404697e-006, -2.78257812e-006, 1, 0.875064062, -0.484007115, 5.79118795e-006, 0.484007115, 0.875064062, -3.69080426e-006, -3.28128493e-006, 6.03266634e-006, 1, 0, 0, 0, 0, 0, 0, 0, 0.282986206, -0.111542456, -0.207433765, 0.0347199514, 0.624338384, -0.780340771, -0.988525391, 0.135986328, 0.0648193359, 0.146642571, 0.769100669, 0.622040107, 0, 0, -0, 0, 0, 0, 0, 0.324689941, -0.0687549805, -0.177607471, 0.0434132234, 0.191181646, -0.980530828, 0.403076172, -0.901367188, -0.157958984, -0.914043527, -0.388393738, -0.116191413, 0, 3, 1, 1, 
553.951146, 38, 0.1, 0.1, 0.0134000771, 0.358778769, -0.0199753896, 0.875063453, -0.484008216, -1.7377672e-006, 0.484008216, 0.875063453, 2.02497679e-007, 1.42264603e-006, -1.01829192e-006, 1, 0.875063558, -0.484008026, 5.08941568e-006, 0.484008026, 0.875063558, 4.26337557e-006, -6.51707019e-006, -1.26740656e-006, 1, 0, 0, 0, 0, 0, 0, 0, 0.282986206, -0.111542456, -0.207433765, 0.0347199514, 0.624338384, -0.780340771, -0.988525391, 0.135986328, 0.0648193359, 0.146642571, 0.769100669, 0.622040107, 0, 0, -0, 0, 0, 0, 0, 0.324689941, -0.0687549805, -0.177607471, 0.0434132234, 0.191181646, -0.980530828, 0.403076172, -0.901367188, -0.157958984, -0.914043527, -0.388393738, -0.116191413, 0, 3, 1, 1, 
553.951931, 38, 0.1, 0.1, 0.0134000747, 0.358778771, -0.0199747289, 0.875062896, -0.484009223, 3.78047387e-006, 0.484009223, 0.875062896, -6.56144351e-006, -1.32353237e-007, 7.57145998e-006, 1, 0.87506301, -0.484009016, -8.31235677e-007, 0.484009016, 0.87506301, 9.91298611e-007, 2.47586128e-007, -1.26977431e-006, 1, 0, 0, 0, 0, 0, 0, 0, 0.282986206, -0.111542456, -0.207433765, 0.0347199514, 0.624338384, -0.780340771, -0.988525391, 0.135986328, 0.0648193359, 0.146642571, 0.769100669, 0.622040107, 0, 0, -0, 0, 0, 0, 0, 0.324689941, -0.0687549805, -0.177607471, 0.0434132234, 0.191181646, -0.980530828, 0.403076172, -0.901367188, -0.157958984, -0.914043527, -0.388393738, -0.116191413, 0, 3, 1, 1, 
553.952745, 38, 0.1, 0.1, 0.0134000739, 0.358778773, -0.0199707036, 0.875062421, -0.484010082, -2.32711066e-006, 0.484010082, 0.875062421, -7.50587898e-006, 5.66928818e-006, 5.44176761e-006, 1, 0.875062497, -0.484009945, 6.32338551e-006, 0.484009945, 0.875062497, -3.59978348e-006, -3.79102651e-006, 6.21061699e-006, 1, 0, 0, 0, 0, 0, 0, 0, 0.282538989, -0.111270996, -0.20716792, 0.034675768, 0.625328011, -0.779566069, -0.98840332, 0.136230469, 0.0653076172, 0.147143937, 0.768325968, 0.623029734, 0, 0, -0, 0, 0, 0, 0, 0.3246604, -0.0680178711, -0.177595996, 0.0427168966, 0.192695702, -0.980249745, 0.404907227, -0.900268555, -0.159301758, -0.913257515, -0.389953002, -0.116530098, 0, 3, 1, 1, 
553.953527, 38, 0.1, 0.1, 0.0134000724, 0.358778774, -0.0199654597, 0.875062157, -0.484010558, -4.93251826e-006, 0.484010559, 0.875062157, 5.48155193e-006, 1.66313106e-006, -7.18408958e-006, 1, 0.875062195, -0.484010491, 2.15442121e-007, 0.484010491, 0.875062195, -6.02695918e-006, 2.72858622e-006, 5.37824038e-006, 1, 0, 0, 0, 0, 0, 0, 0, 0.282538989, -0.111270996, -0.20716792, 0.034675768, 0.625328011, -0.779566069, -0.98840332, 0.136230469, 0.0653076172, 0.147143937, 0.768325968, 0.623029734, 0, 0, -0, 0, 0, 0, 0, 0.3246604, -0.0680178711, -0.177595996, 0.0427168966, 0.192695702, -0.980249745, 0.404907227, -0.900268555, -0.159301758, -0.913257515, -0.389953002, -0.116530098, 0, 3, 1, 1, 
553.954315, 38, 0.1, 0.1, 0.0134000702, 0.358778774, -0.0199606286, 0.875062084, -0.484010692, 6.86499294e-006, 0.484010692, 0.875062084, 1.26828882e-005, -1.21459485e-005, -7.77558457e-006, 1, 0.875062083, -0.484010693, -5.481802e-006, 0.484010693, 0.875062083, 6.44557847e-006, 1.67718818e-006, -8.29353211e-006, 1, 0, 0, 0, 0, 0, 0, 0, 0.282538989, -0.111270996, -0.20716792, 0.034675768, 0.625328011, -0.779566069, -0.98840332, 0.136230469, 0.0653076172, 0.147143937, 0.768325968, 0.623029734, 0, 0, -0, 0, 0, 0, 0, 0.3246604, -0.0680178711, -0.177595996, 0.0427168966, 0.192695702, -0.980249745, 0.404907227, -0.900268555, -0.159301758, -0.913257515, -0.389953002, -0.116530098, 0, 3, 1, 1, 
553.955108, 38, 0.1, 0.1, 0.0134000681, 0.358778775, -0.0199577361, 0.875062198, -0.484010485, 1.05555926e-005, 0.484010485, 0.875062198, -1.41773573e-006, -8.55060113e-006, 6.34962444e-006, 1, 0.875062162, -0.484010551, 4.48091803e-006, 0.484010551, 0.875062162, 1.24092841e-005, -9.92730623e-006, -8.69008332e-006, 1, 0, 0, 0, 0, 0, 0, 0, 0.282538989, -0.111270996, -0.20716792, 0.034675768, 0.625328011, -0.779566069, -0.98840332, 0.136230469, 0.0653076172, 0.147143937, 0.768325968, 0.623029734, 0, 0, -0, 0, 0, 0, 0, 0.3246604, -0.0680178711, -0.177595996, 0.0427168966, 0.192695702, -0.980249745, 0.404907227, -0.900268555, -0.159301758, -0.913257515, -0.389953002, -0.116530098, 0, 3, 1, 1, 
553.955889, 38, 0.1, 0.1, 0.0134000674, 0.358778777, -0.0199576675, 0.875062483, -0.484009969, -5.59922068e-006, 0.484009969, 0.875062483, -1.12938801e-005, 1.03660185e-005, 7.17277217e-006, 1, 0.875062414, -0.484010094, 7.89954183e-006, 0.484010094, 0.875062414, -3.852384e-006, -5.0479994e-006, 7.19453443e-006, 1, 0, 0, 0, 0, 0, 0, 0, 0.282538989, -0.111270996, -0.20716792, 0.034675768, 0.625328011, -0.779566069, -0.98840332, 0.136230469, 0.0653076172, 0.147143937, 0.768325968, 0.623029734, 0, 0, -0, 0, 0, 0, 0, 0.3246604, -0.0680178711, -0.177595996, 0.0427168966, 0.192695702, -0.980249745, 0.404907227, -0.900268555, -0.159301758, -0.913257515, -0.389953002, -0.116530098, 0, 3, 1, 1, 
553.956675, 38, 0.1, 0.1, 0.0134000673, 0.358778779, -0.0199602594, 0.875062918, -0.484009183, -1.19633908e-005, 0.484009183, 0.875062918, 2.39129139e-007, 1.03529789e-005, -5.99964403e-006, 1, 0.87506282, -0.48400936, -5.72071875e-006, 0.48400936, 0.87506282, -1.19701475e-005, 1.07996517e-005, 7.70574959e-006, 1, 0, 0, 0, 0, 0, 0, 0, 0.282538989, -0.111270996, -0.20716792, 0.034675768, 0.625328011, -0.779566069, -0.98840332, 0.136230469, 0.0653076172, 0.147143937, 0.768325968, 0.623029734, 0, 0, -0, 0, 0, 0, 0, 0.3246604, -0.0680178711, -0.177595996, 0.0427168966, 0.192695702, -0.980249745, 0.404907227, -0.900268555, -0.159301758, -0.913257515, -0.389953002, -0.116530098, 0, 3, 1, 1, 
553.957487, 38, 0.1, 0.1, 0.0134000661, 0.358778781, -0.0199642388, 0.875063491, -0.484008147, 2.69049303e-006, 0.484008147, 0.875063491, 5.03064535e-006, -4.78922556e-006, -3.09991354e-006, 1, 0.875063374, -0.484008359, -8.9044145e-006, 0.484008359, 0.875063374, -1.10824558e-006, 8.32832712e-006, -3.34002594e-006, 1, 0, 0, 0, 0, 0, 0, 0, 0.282088477, -0.111019922, -0.206919653, 0.03461848, 0.625892656, -0.779108887, -0.988525391, 0.135986328, 0.0653076172, 0.146782234, 0.767989353, 0.623575283, 0, 0, -0, 0, 0, 0, 0, 0.324672363, -0.0675340332, -0.17759624, 0.0426275779, 0.193883831, -0.980064545, 0.406860352, -0.899291992, -0.16015625, -0.912407704, -0.391914751, -0.117124346, 0, 3, 1, 1, 
553.958293, 38, 0.1, 0.1, 0.0134000643, 0.358778783, -0.0199680442, 0.87506415, -0.484006956, 9.04311641e-006, 0.484006956, 0.87506415, -3.12832554e-006, -6.39917566e-006, 7.11441678e-006, 1, 0.875064017, -0.484007196, 3.49105239e-006, 0.484007196, 0.875064017, 5.9574406e-006, -5.93833845e-006, -3.52344743e-006, 1, 0, 0, 0, 0, 0, 0, 0, 0.282088477, -0.111019922, -0.206919653, 0.03461848, 0.625892656, -0.779108887, -0.988525391, 0.135986328, 0.0653076172, 0.146782234, 0.767989353, 0.623575283, 0, 0, -0, 0, 0, 0, 0, 0.324672363, -0.0675340332, -0.17759624, 0.0426275779, 0.193883831, -0.980064545, 0.406860352, -0.899291992, -0.16015625, -0.912407704, -0.391914751, -0.117124346, 0, 3, 1, 1, 
553.959081, 38, 0.1, 0.1, 0.0134000628, 0.358778784, -0.0199706194, 0.875064853, -0.484005684, -1.32338382e-007, 0.484005684, 0.875064853, -4.28647218e-006, 2.19048157e-006, 3.68688862e-006, 1, 0.875064711, -0.484005942, 9.08027889e-006, 0.484005942, 0.875064711, 6.56954288e-009, -7.94901132e-006, 4.38916017e-006, 1, 0, 0, 0, 0, 0, 0, 0, 0.282088477, -0.111019922, -0.206919653, 0.03461848, 0.625892656, -0.779108887, -0.988525391, 0.135986328, 0.0653076172, 0.146782234, 0.767989353, 0.623575283, 0, 0, -0, 0, 0, 0, 0, 0.324672363, -0.0675340332, -0.17759624, 0.0426275779, 0.193883831, -0.980064545, 0.406860352, -0.899291992, -0.16015625, -0.912407704, -0.391914751, -0.117124346, 0, 3, 1, 1, 
553.95987, 38, 0.1, 0.1, 0.0134000617, 0.358778784, -0.0199713496, 0.875065598, -0.484004338, -6.35293155e-006, 0.484004338, 0.875065598, 6.24343608e-006, 2.5373817e-006, -8.53826256e-006, 1, 0.875065446, -0.484004613, -1.32910751e-006, 0.484004613, 0.875065446, -2.93120367e-006, 2.58177216e-006, 1.92170088e-006, 1, 0, 0, 0, 0, 0, 0, 0, 0.282088477, -0.111019922, -0.206919653, 0.03461848, 0.625892656, -0.779108887, -0.988525391, 0.135986328, 0.0653076172, 0.146782234, 0.767989353, 0.623575283, 0, 0, -0, 0, 0, 0, 0, 0.324672363, -0.0675340332, -0.17759624, 0.0426275779, 0.193883831, -0.980064545, 0.406860352, -0.899291992, -0.16015625, -0.912407704, -0.391914751, -0.117124346, 0, 3, 1, 1, 
553.960659, 38, 0.1, 0.1, 0.0134000605, 0.358778784, -0.0199701019, 0.875066378, -0.484002928, 2.06662634e-006, 0.484002928, 0.875066378, 9.91174535e-006, -6.605749e-006, -7.6731819e-006, 1, 0.875066221, -0.484003212, -7.30825428e-006, 0.484003212, 0.875066221, 5.58033539e-006, 3.6943062e-006, -8.42038155e-006, 1, 0, 0, 0, 0, 0, 0, 0, 0.282088477, -0.111019922, -0.206919653, 0.03461848, 0.625892656, -0.779108887, -0.988525391, 0.135986328, 0.0653076172, 0.146782234, 0.767989353, 0.623575283, 0, 0, -0, 0, 0, 0, 0, 0.324672363, -0.0675340332, -0.17759624, 0.0426275779, 0.193883831, -0.980064545, 0.406860352, -0.899291992, -0.16015625, -0.912407704, -0.391914751, -0.117124346, 0, 3, 1, 1, 
553.961445, 38, 0.1, 0.1, 0.0134000591, 0.358778786, -0.0199674846, 0.875067191, -0.484001458, 7.5876339e-006, 0.484001458, 0.875067191, -3.49655472e-006, -4.9473519e-006, 6.73214619e-006, 1, 0.875067026, -0.484001756, 2.41995921e-006, 0.484001756, 0.875067026, 7.58418793e-006, -5.78838678e-006, -5.46540827e-006, 1, 0, 0, 0, 0, 0, 0, 0, 0.282088477, -0.111019922, -0.206919653, 0.03461848, 0.625892656, -0.779108887, -0.988525391, 0.135986328, 0.0653076172, 0.146782234, 0.767989353, 0.623575283, 0, 0, -0, 0, 0, 0, 0, 0.324672363, -0.0675340332, -0.17759624, 0.0426275779, 0.193883831, -0.980064545, 0.406860352, -0.899291992, -0.16015625, -0.912407704, -0.391914751, -0.117124346, 0, 3, 1, 1, 
553.96226, 38, 0.1, 0.1, 0.0134000579, 0.358778788, -0.0199641166, 0.875068083, -0.483999844, -1.74725328e-006, 0.483999844, 0.875068083, -1.18859057e-005, 7.28174207e-006, 9.55530638e-006, 1, 0.875067908, -0.484000162, 9.72974209e-006, 0.484000162, 0.875067908, -5.92911688e-006, -5.64449153e-006, 9.89757665e-006, 1, 0, 0, 0, 0, 0, 0, 0, 0.28259563, -0.110625073, -0.206066602, 0.0359877833, 0.624820654, -0.779845396, -0.988891602, 0.134521484, 0.0621337891, 0.143722744, 0.769024285, 0.622826791, 0, 0, -0, 0, 0, 0, 0, 0.324727051, -0.0675853027, -0.177164893, 0.0435029087, 0.192982981, -0.980134907, 0.406494141, -0.899536133, -0.159057617, -0.912561188, -0.391518463, -0.117622712, 0, 3, 1, 1, 
553.963043, 38, 0.1, 0.1, 0.0134000571, 0.35877879, -0.0199614456, 0.875068995, -0.483998197, -9.0389897e-006, 0.483998197, 0.875068995, 8.63543604e-007, 7.49178608e-006, -5.13051495e-006, 1, 0.87506881, -0.483998531, -2.46568245e-006, 0.483998531, 0.87506881, -1.16552678e-005, 7.7987743e-006, 9.00577463e-006, 1, 0, 0, 0, 0, 0, 0, 0, 0.28259563, -0.110625073, -0.206066602, 0.0359877833, 0.624820654, -0.779845396, -0.988891602, 0.134521484, 0.0621337891, 0.143722744, 0.769024285, 0.622826791, 0, 0, -0, 0, 0, 0, 0, 0.324727051, -0.0675853027, -0.177164893, 0.0435029087, 0.192982981, -0.980134907, 0.406494141, -0.899536133, -0.159057617, -0.912561188, -0.391518463, -0.117622712, 0, 3, 1, 1, 
553.963827, 38, 0.1, 0.1, 0.013400056, 0.358778791, -0.0199604122, 0.875069963, -0.483996447, 2.22181201e-006, 0.483996447, 0.875069963, 1.0185347e-005, -6.8739127e-006, -7.83754208e-006, 1, 0.875069762, -0.483996809, -1.01780845e-005, 0.483996809, 0.875069762, 3.2159854e-006, 7.35000731e-006, -7.740372e-006, 1, 0, 0, 0, 0, 0, 0, 0, 0.28259563, -0.110625073, -0.206066602, 0.0359877833, 0.624820654, -0.779845396, -0.988891602, 0.134521484, 0.0621337891, 0.143722744, 0.769024285, 0.622826791, 0, 0, -0, 0, 0, 0, 0, 0.324727051, -0.0675853027, -0.177164893, 0.0435029087, 0.192982981, -0.980134907, 0.406494141, -0.899536133, -0.159057617, -0.912561188, -0.391518463, -0.117622712, 0, 3, 1, 1, 
553.964642, 38, 0.1, 0.1, 0.0134000545, 0.358778792, -0.0199610559, 0.875071026, -0.483994525, 1.01382134e-005, 0.483994525, 0.875071026, -2.45065811e-006, -7.68555169e-006, 7.05133968e-006, 1, 0.875070798, -0.483994937, 3.05498982e-006, 0.483994937, 0.875070798, 1.09726811e-005, -7.98405449e-006, -8.12327321e-006, 1, 0, 0, 0, 0, 0, 0, 0, 0.282757007, -0.111415649, -0.205053906, 0.0391607283, 0.62235913, -0.781756501, -0.988769531, 0.136474609, 0.0590820313, 0.143467382, 0.770650071, 0.620904826, 0, 0, -0, 0, 0, 0, 0, 0.324727051, -0.0675853027, -0.177164893, 0.0438671135, 0.191864847, -0.98040323, 0.40637207, -0.899902344, -0.157958984, -0.912522909, -0.391390498, -0.117405429, 0, 3, 1, 1, 
553.965426, 38, 0.1, 0.1, 0.0134000535, 0.358778793, -0.0199628377, 0.875072092, -0.483992597, -2.59983775e-006, 0.483992597, 0.875072092, -9.37264597e-006, 6.81133673e-006, 6.94343869e-006, 1, 0.875071879, -0.483992981, 9.02213736e-006, 0.483992981, 0.875071879, -3.27815826e-006, -6.30841311e-006, 7.23527527e-006, 1, 0, 0, 0, 0, 0, 0, 0, 0.282757007, -0.111415649, -0.205053906, 0.0391607283, 0.62235913, -0.781756501, -0.988769531, 0.136474609, 0.0590820313, 0.143467382, 0.770650071, 0.620904826, 0, 0, -0, 0, 0, 0, 0, 0.324528711, -0.0674333496, -0.176954834, 0.0438671135, 0.191864847, -0.98040323, 0.40637207, -0.899902344, -0.157958984, -0.912522909, -0.391390498, -0.117405429, 0, 3, 1, 1, 
553.96621, 38, 0.1, 0.1, 0.013400053, 0.358778794, -0.0199654524, 0.875073186, -0.483990618, -8.84372012e-006, 0.483990618, 0.875073186, 2.49483438e-006, 6.53142591e-006, -6.46344024e-006, 1, 0.875072968, -0.483991014, -3.23973314e-006, 0.483991014, 0.875072968, -8.33511738e-006, 6.86912481e-006, 5.72583418e-006, 1, 0, 0, 0, 0, 0, 0, 0, 0.282757007, -0.111415649, -0.205053906, 0.0391607283, 0.62235913, -0.781756501, -0.988769531, 0.136474609, 0.0590820313, 0.143467382, 0.770650071, 0.620904826, 0, 0, -0, 0, 0, 0, 0, 0.324528711, -0.0674333496, -0.176954834, 0.0438671135, 0.191864847, -0.98040323, 0.40637207, -0.899902344, -0.157958984, -0.912522909, -0.391390498, -0.117405429, 0, 3, 1, 1, 
553.967013, 38, 0.1, 0.1, 0.0134000518, 0.358778795, -0.0199679451, 0.875074316, -0.483988576, 3.62951073e-006, 0.483988576, 0.875074316, 8.78033949e-006, -7.42567562e-006, -5.92680785e-006, 1, 0.875074075, -0.483989012, -7.44283421e-006, 0.483989012, 0.875074075, 3.18744153e-006, 4.97034459e-006, -6.39149742e-006, 1, 0, 0, 0, 0, 0, 0, 0, 0.282757007, -0.111415649, -0.205053906, 0.0391607283, 0.62235913, -0.781756501, -0.988769531, 0.136474609, 0.0590820313, 0.143467382, 0.770650071, 0.620904826, 0, 0, -0, 0, 0, 0, 0, 0.324528711, -0.0674333496, -0.176954834, 0.0438671135, 0.191864847, -0.98040323, 0.40637207, -0.899902344, -0.157958984, -0.912522909, -0.391390498, -0.117405429, 0, 3, 1, 1, 
553.967811, 38, 0.1, 0.1, 0.01340005, 0.358778797, -0.0199691385, 0.87507545, -0.483986525, 8.52708507e-006, 0.483986525, 0.87507545, -3.15177669e-006, -5.93642536e-006, 6.88503668e-006, 1, 0.875075226, -0.483986931, 3.75456259e-006, 0.483986931, 0.875075226, 6.83669968e-006, -6.594398e-006, -4.16546729e-006, 1, 0, 0, 0, 0, 0, 0, 0, 0.282757007, -0.111415649, -0.205053906, 0.0391607283, 0.62235913, -0.781756501, -0.988769531, 0.136474609, 0.0590820313, 0.143467382, 0.770650071, 0.620904826, 0, 0, -0, 0, 0, 0, 0, 0.324528711, -0.0674333496, -0.176954834, 0.0438671135, 0.191864847, -0.98040323, 0.40637207, -0.899902344, -0.157958984, -0.912522909, -0.391390498, -0.117405429, 0, 3, 1, 1, 
553.968599, 38, 0.1, 0.1, 0.0134000492, 0.358778798, -0.0199690119, 0.875076563, -0.483984514, -3.49292492e-006, 0.483984514, 0.875076563, -7.72021451e-006, 6.793041e-006, 5.06525721e-006, 1, 0.875076343, -0.483984911, 6.62950698e-006, 0.483984911, 0.875076343, -2.96069508e-006, -4.36839298e-006, 5.79941557e-006, 1, 0, 0, 0, 0, 0, 0, 0, 0.282757007, -0.111415649, -0.205053906, 0.0391607283, 0.62235913, -0.781756501, -0.988769531, 0.136474609, 0.0590820313, 0.143467382, 0.770650071, 0.620904826, 0, 0, -0, 0, 0, 0, 0, 0.324528711, -0.0674333496, -0.176954834, 0.0438671135, 0.191864847, -0.98040323, 0.40637207, -0.899902344, -0.157958984, -0.912522909, -0.391390498, -0.117405429, 0, 3, 1, 1, 
553.969455, 38, 0.1, 0.1, 0.0134000491, 0.358778799, -0.0199672829, 0.87507777, -0.483982331, -1.14672731e-005, 0.483982331, 0.87507777, 5.16417579e-006, 7.53538594e-006, -1.0069013e-005, 1, 0.875077495, -0.483982827, -5.22481526e-006, 0.483982827, 0.875077495, -7.834674e-006, 8.36396592e-006, 4.32722604e-006, 1, 0, 0, 0, 0, 0, 0, 0, 0.282757007, -0.111415649, -0.205053906, 0.0420865471, 0.620341685, -0.783128048, -0.988647461, 0.138916016, 0.0568847656, 0.143992714, 0.771958339, 0.619268178, 0, 0, -0, 0, 0, 0, 0, 0.324528711, -0.0674333496, -0.176954834, 0.0438671135, 0.191864847, -0.98040323, 0.40637207, -0.899902344, -0.157958984, -0.912522909, -0.391390498, -0.117405429, 0, 3, 1, 1, 
553.970264, 38, 0.1, 0.1, 0.0134000482, 0.3587788, -0.0199642507, 0.875078933, -0.483980228, 2.67152483e-006, 0.483980228, 0.875078933, 9.30333597e-006, -6.84042577e-006, -6.84818812e-006, 1, 0.875078709, -0.483980632, -8.99919301e-006, 0.483980632, 0.875078709, 4.04671051e-006, 5.91647269e-006, -7.89662534e-006, 1, 0, 0, 0, 0, 0, 0, 0, 0.28290813, -0.112184497, -0.204459253, 0.0420865471, 0.620341685, -0.783128048, -0.988647461, 0.138916016, 0.0568847656, 0.143992714, 0.771958339, 0.619268178, 0, 0, -0, 0, 0, 0, 0, 0.324325244, -0.067259668, -0.176963135, 0.0442695978, 0.190951236, -0.980524632, 0.405761719, -0.900268555, -0.156982422, -0.912848834, -0.390872809, -0.117418189, 0, 3, 1, 1, 
553.971048, 38, 0.1, 0.1, 0.0134000465, 0.358778801, -0.019962027, 0.875080075, -0.483978163, 1.07938453e-005, 0.483978163, 0.875080075, -4.24666395e-006, -7.39018636e-006, 8.94015643e-006, 1, 0.875079846, -0.483978576, 4.53429557e-006, 0.483978576, 0.875079846, 8.09278586e-006, -7.88460565e-006, -4.8873319e-006, 1, 0, 0, 0, 0, 0, 0, 0, 0.28290813, -0.112184497, -0.204459253, 0.0420865471, 0.620341685, -0.783128048, -0.988647461, 0.138916016, 0.0568847656, 0.143992714, 0.771958339, 0.619268178, 0, 0, -0, 0, 0, 0, 0, 0.324325244, -0.067259668, -0.176963135, 0.0442695978, 0.190951236, -0.980524632, 0.405761719, -0.900268555, -0.156982422, -0.912848834, -0.390872809, -0.117418189, 0, 3, 1, 1, 
553.971836, 38, 0.1, 0.1, 0.0134000454, 0.358778803, -0.0199611252, 0.875081249, -0.48397604, -1.77919498e-006, 0.48397604, 0.875081249, -1.05272218e-005, 6.65186327e-006, 8.35108666e-006, 1, 0.875081014, -0.483976466, 1.06433928e-005, 0.483976466, 0.875081014, -4.42284621e-006, -7.17327747e-006, 9.02150037e-006, 1, 0, 0, 0, 0, 0, 0, 0, 0.28290813, -0.112184497, -0.204459253, 0.0420865471, 0.620341685, -0.783128048, -0.988647461, 0.138916016, 0.0568847656, 0.143992714, 0.771958339, 0.619268178, 0, 0, -0, 0, 0, 0, 0, 0.324325244, -0.067259668, -0.176963135, 0.0442695978, 0.190951236, -0.980524632, 0.405761719, -0.900268555, -0.156982422, -0.912848834, -0.390872809, -0.117418189, 0, 3, 1, 1, 
553.972634, 38, 0.1, 0.1, 0.0134000447, 0.358778804, -0.0199616744, 0.875082462, -0.483973847, -9.30275328e-006, 0.483973847, 0.875082462, 2.96413741e-006, 6.70611126e-006, -7.09615395e-006, 1, 0.875082224, -0.483974278, -2.61957472e-006, 0.483974278, 0.875082224, -9.57592694e-006, 6.9268456e-006, 7.11191666e-006, 1, 0, 0, 0, 0, 0, 0, 0, 0.28290813, -0.112184497, -0.204459253, 0.0420865471, 0.620341685, -0.783128048, -0.988647461, 0.138916016, 0.0568847656, 0.143992714, 0.771958339, 0.619268178, 0, 0, -0, 0, 0, 0, 0, 0.323830664, -0.067029834, -0.176952881, 0.0435284284, 0.191085398, -0.98060119, 0.405761719, -0.900146484, -0.157470703, -0.912803992, -0.390981451, -0.116689779, 0, 3, 1, 1, 
553.973423, 38, 0.1, 0.1, 0.0134000439, 0.358778804, -0.0199633699, 0.875083682, -0.483971642, 1.40430027e-006, 0.483971642, 0.875083682, 1.03837621e-005, -6.25432663e-006, -8.40701925e-006, 1, 0.875083437, -0.483972083, -9.87046313e-006, 0.483972083, 0.875083438, 4.34342279e-006, 6.53538343e-006, -8.57788595e-006, 1, 0, 0, 0, 0, 0, 0, 0, 0.28290813, -0.112184497, -0.204459253, 0.0420865471, 0.620341685, -0.783128048, -0.988647461, 0.138916016, 0.0568847656, 0.143992714, 0.771958339, 0.619268178, 0, 0, -0, 0, 0, 0, 0, 0.323830664, -0.067029834, -0.176952881, 0.0435284284, 0.191085398, -0.98060119, 0.405761719, -0.900146484, -0.157470703, -0.912803992, -0.390981451, -0.116689779, 0, 3, 1, 1, 
553.974219, 38, 0.1, 0.1, 0.0134000429, 0.358778805, -0.0199656028, 0.875084919, -0.483969404, 6.74062831e-006, 0.483969404, 0.875084919, -2.1324956e-006, -4.86655956e-006, 5.1283726e-006, 1, 0.875084675, -0.483969846, 8.8045222e-007, 0.483969846, 0.875084675, 9.01973569e-006, -5.13575034e-006, -7.46692015e-006, 1, 0, 0, 0, 0, 0, 0, 0, 0.28290813, -0.112184497, -0.204459253, 0.0420865471, 0.620341685, -0.783128048, -0.988647461, 0.138916016, 0.0568847656, 0.143992714, 0.771958339, 0.619268178, 0, 0, -0, 0, 0, 0, 0, 0.323830664, -0.067029834, -0.176952881, 0.0435284284, 0.191085398, -0.98060119, 0.405761719, -0.900146484, -0.157470703, -0.912803992, -0.390981451, -0.116689779, 0, 3, 1, 1, 
553.97502, 38, 0.1, 0.1, 0.0134000423, 0.358778807, -0.0199674734, 0.875086162, -0.483967157, -2.53105111e-006, 0.483967157, 0.875086162, -8.48924138e-006, 6.32340182e-006, 6.20387205e-006, 1, 0.87508592, -0.483967594, 7.12840906e-006, 0.483967594, 0.87508592, -2.85623373e-006, -4.85564583e-006, 5.9493689e-006, 1, 0, 0, 0, 0, 0, 0, 0, 0.282339844, -0.113121533, -0.204268481, 0.0439343723, 0.619478617, -0.783724893, -0.98815918, 0.141845703, 0.0567626953, 0.146295478, 0.771971443, 0.618621158, 0, 0, -0, 0, 0, 0, 0, 0.323830664, -0.067029834, -0.176952881, 0.0435284284, 0.191085398, -0.98060119, 0.405761719, -0.900146484, -0.157470703, -0.912803992, -0.390981451, -0.116689779, 0, 3, 1, 1, 
553.975807, 38, 0.1, 0.1, 0.0134000415, 0.358778808, -0.019968543, 0.875087373, -0.483964968, -5.47420214e-006, 0.483964968, 0.875087373, 1.20988381e-006, 4.20486379e-006, -3.70807611e-006, 1, 0.875087129, -0.483965408, -5.37388732e-007, 0.483965408, 0.875087129, -8.86797939e-006, 4.76205723e-006, 7.50017707e-006, 1, 0, 0, 0, 0, 0, 0, 0, 0.282339844, -0.113121533, -0.204268481, 0.0439343723, 0.619478617, -0.783724893, -0.98815918, 0.141845703, 0.0567626953, 0.146295478, 0.771971443, 0.618621158, 0, 0, -0, 0, 0, 0, 0, 0.323830664, -0.067029834, -0.176952881, 0.0435284284, 0.191085398, -0.98060119, 0.405761719, -0.900146484, -0.157470703, -0.912803992, -0.390981451, -0.116689779, 0, 3, 1, 1, 
553.976593, 38, 0.1, 0.1, 0.0134000399, 0.358778809, -0.0199685593, 0.875088569, -0.483962805, 5.09491366e-006, 0.483962805, 0.875088569, 7.52708051e-006, -8.10132771e-006, -4.1211134e-006, 1, 0.87508833, -0.483963237, -4.79503534e-006, 0.483963237, 0.87508833, 2.13808894e-006, 3.16132302e-006, -4.1916375e-006, 1, 0, 0, 0, 0, 0, 0, 0, 0.282339844, -0.113121533, -0.204268481, 0.0439343723, 0.619478617, -0.783724893, -0.98815918, 0.141845703, 0.0567626953, 0.146295478, 0.771971443, 0.618621158, 0, 0, -0, 0, 0, 0, 0, 0.323830664, -0.067029834, -0.176952881, 0.0435284284, 0.191085398, -0.98060119, 0.405761719, -0.900146484, -0.157470703, -0.912803992, -0.390981451, -0.116689779, 0, 3, 1, 1, 
553.977408, 38, 0.1, 0.1, 0.0134000382, 0.35877881, -0.0199673359, 0.8750898, -0.48396058, 9.10280835e-006, 0.48396058, 0.8750898, -1.20972727e-006, -7.38031442e-006, 5.4640204e-006, 1, 0.875089564, -0.483961005, 4.38778196e-006, 0.483961005, 0.875089564, 9.13183191e-006, -8.25915276e-006, -5.86765544e-006, 1, 0, 0, 0, 0, 0, 0, 0, 0.282284912, -0.112869116, -0.204469385, 0.0428492655, 0.620062358, -0.783305903, -0.98815918, 0.141235352, 0.0577392578, 0.146467342, 0.771755396, 0.618925572, 0, 0, -0, 0, 0, 0, 0, 0.32355249, -0.0674643555, -0.177157568, 0.0428382982, 0.190996079, -0.980556348, 0.404907227, -0.900634766, -0.157714844, -0.913244755, -0.39013164, -0.11594861, 0, 3, 1, 1, 
553.978194, 38, 0.1, 0.1, 0.0134000376, 0.358778811, -0.0199655148, 0.875090985, -0.483958436, -4.00748741e-006, 0.483958436, 0.875090985, -7.97925362e-006, 7.36854321e-006, 5.04311556e-006, 1, 0.875090748, -0.483958864, 7.25156733e-006, 0.483958864, 0.875090748, -2.1517705e-006, -5.30441108e-006, 5.39245475e-006, 1, 0, 0, 0, 0, 0, 0, 0, 0.282284912, -0.112869116, -0.204469385, 0.0428492655, 0.620062358, -0.783305903, -0.98815918, 0.141235352, 0.0577392578, 0.146467342, 0.771755396, 0.618925572, 0, 0, -0, 0, 0, 0, 0, 0.32355249, -0.0674643555, -0.177157568, 0.0428382982, 0.190996079, -0.980556348, 0.404907227, -0.900634766, -0.157714844, -0.913244755, -0.39013164, -0.11594861, 0, 3, 1, 1, 
553.978977, 38, 0.1, 0.1, 0.0134000375, 0.358778812, -0.0199639013, 0.875092171, -0.483956291, -1.01081507e-005, 0.483956291, 0.875092171, 1.72340029e-006, 8.0115131e-006, -6.4000372e-006, 1, 0.875091936, -0.483956717, -4.48480824e-006, 0.483956717, 0.875091936, -9.34730335e-006, 8.44830977e-006, 6.00929671e-006, 1, 0, 0, 0, 0, 0, 0, 0, 0.282284912, -0.112869116, -0.204469385, 0.0428492655, 0.620062358, -0.783305903, -0.98815918, 0.141235352, 0.0577392578, 0.146467342, 0.771755396, 0.618925572, 0, 0, -0, 0, 0, 0, 0, 0.32355249, -0.0674643555, -0.177157568, 0.0428382982, 0.190996079, -0.980556348, 0.404907227, -0.900634766, -0.157714844, -0.913244755, -0.39013164, -0.11594861, 0, 3, 1, 1, 
553.979764, 38, 0.1, 0.1, 0.0134000365, 0.358778813, -0.0199629896, 0.875093372, -0.48395412, 3.54091767e-006, 0.48395412, 0.875093372, 7.78525297e-006, -6.86633883e-006, -5.09918158e-006, 1, 0.875093133, -0.483954553, -8.63840827e-006, 0.483954553, 0.875093133, 1.64397084e-006, 6.76380458e-006, -5.6192246e-006, 1, 0, 0, 0, 0, 0, 0, 0, 0.282284912, -0.112869116, -0.204469385, 0.0428492655, 0.620062358, -0.783305903, -0.98815918, 0.141235352, 0.0577392578, 0.146467342, 0.771755396, 0.618925572, 0, 0, -0, 0, 0, 0, 0, 0.32355249, -0.0674643555, -0.177157568, 0.0428382982, 0.190996079, -0.980556348, 0.404907227, -0.900634766, -0.157714844, -0.913244755, -0.39013164, -0.11594861, 0, 3, 1, 1, 
553.980548, 38, 0.1, 0.1, 0.0134000349, 0.358778814, -0.0199630344, 0.875094582, -0.483951932, 1.07345357e-005, 0.483951932, 0.875094582, -2.8912394e-006, -7.99451312e-006, 7.72510721e-006, 1, 0.875094338, -0.483952373, 4.66416418e-006, 0.483952373, 0.875094338, 8.52295385e-006, -8.2062874e-006, -5.20115534e-006, 1, 0, 0, 0, 0, 0, 0, 0, 0.282284912, -0.112869116, -0.204469385, 0.0428492655, 0.620062358, -0.783305903, -0.98815918, 0.141235352, 0.0577392578, 0.146467342, 0.771755396, 0.618925572, 0, 0, -0, 0, 0, 0, 0, 0.32355249, -0.0674643555, -0.177157568, 0.0428382982, 0.190996079, -0.980556348, 0.404907227, -0.900634766, -0.157714844, -0.913244755, -0.39013164, -0.11594861, 0, 3, 1, 1, 
553.981333, 38, 0.1, 0.1, 0.013400034, 0.358778815, -0.0199639338, 0.875095803, -0.483949725, -2.35400272e-006, 0.483949725, 0.875095803, -8.415828e-006, 6.13281555e-006, 6.22543679e-006, 1, 0.87509556, -0.483950164, 9.29494153e-006, 0.483950164, 0.87509556, -2.47661163e-006, -6.93540545e-006, 6.66556032e-006, 1, 0, 0, 0, 0, 0, 0, 0, 0.282284912, -0.112869116, -0.204469385, 0.0428492655, 0.620062358, -0.783305903, -0.98815918, 0.141235352, 0.0577392578, 0.146467342, 0.771755396, 0.618925572, 0, 0, -0, 0, 0, 0, 0, 0.32355249, -0.0674643555, -0.177157568, 0.0428382982, 0.190996079, -0.980556348, 0.404907227, -0.900634766, -0.157714844, -0.913244755, -0.39013164, -0.11594861, 0, 3, 1, 1, 
553.982118, 38, 0.1, 0.1, 0.0134000338, 0.358778816, -0.0199653497, 0.875097028, -0.483947509, -9.61151887e-006, 0.483947509, 0.875097028, 2.18336515e-006, 7.35437747e-006, -6.56212697e-006, 1, 0.875096784, -0.48394795, -3.79509811e-006, 0.48394795, 0.875096784, -8.54045352e-006, 7.45421312e-006, 5.63709346e-006, 1, 0, 0, 0, 0, 0, 0, 0, 0.282284912, -0.112869116, -0.204469385, 0.0407614272, 0.620728474, -0.782867817, -0.98828125, 0.140014648, 0.0595703125, 0.146550839, 0.771279118, 0.619350554, 0, 0, -0, 0, 0, 0, 0, 0.32355249, -0.0674643555, -0.177157568, 0.0428382982, 0.190996079, -0.980556348, 0.404907227, -0.900634766, -0.157714844, -0.913244755, -0.39013164, -0.11594861, 0, 3, 1, 1, 
553.982933, 38, 0.1, 0.1, 0.0134000327, 0.358778817, -0.0199664392, 0.8750983, -0.483945208, 2.58049555e-006, 0.483945208, 0.8750983, 7.78021657e-006, -6.0233858e-006, -5.55963584e-006, 1, 0.875098055, -0.483945652, -7.88897143e-006, 0.483945652, 0.875098055, 1.99792071e-006, 5.93673852e-006, -5.56620995e-006, 1, 0, 0, 0, 0, 0, 0, 0, 0.282178467, -0.112836523, -0.20511543, 0.0407614272, 0.620728474, -0.782867817, -0.98828125, 0.140014648, 0.0595703125, 0.146550839, 0.771279118, 0.619350554, 0, 0, -0, 0, 0, 0, 0, 0.323885107, -0.0679469727, -0.176743066, 0.0445889599, 0.190165591, -0.980684313, 0.404052734, -0.901123047, -0.15637207, -0.913551724, -0.389236986, -0.117066744, 0, 3, 1, 1, 
553.983715, 38, 0.1, 0.1, 0.0134000316, 0.358778818, -0.0199671404, 0.875099515, -0.483943012, 7.58837248e-006, 0.483943012, 0.875099515, -1.30640967e-006, -6.00835325e-006, 4.8155783e-006, 1, 0.875099273, -0.48394345, 2.16875608e-006, 0.48394345, 0.875099273, 8.86619977e-006, -6.18861617e-006, -6.70924968e-006, 1, 0, 0, 0, 0, 0, 0, 0, 0.282178467, -0.112836523, -0.20511543, 0.0407614272, 0.620728474, -0.782867817, -0.98828125, 0.140014648, 0.0595703125, 0.146550839, 0.771279118, 0.619350554, 0, 0, -0, 0, 0, 0, 0, 0.323885107, -0.0679469727, -0.176743066, 0.0445889599, 0.190165591, -0.980684313, 0.404052734, -0.901123047, -0.15637207, -0.913551724, -0.389236986, -0.117066744, 0, 3, 1, 1, 
553.984502, 38, 0.1, 0.1, 0.013400031, 0.358778819, -0.019967317, 0.875100728, -0.483940819, -2.09603081e-006, 0.483940819, 0.875100728, -7.36570699e-006, 5.39880436e-006, 5.43138067e-006, 1, 0.875100487, -0.483941254, 8.02592557e-006, 0.483941254, 0.875100487, -1.74748248e-006, -6.17781251e-006, 5.41329926e-006, 1, 0, 0, 0, 0, 0, 0, 0, 0.282178467, -0.112836523, -0.20511543, 0.0407614272, 0.620728474, -0.782867817, -0.98828125, 0.140014648, 0.0595703125, 0.146550839, 0.771279118, 0.619350554, 0, 0, -0, 0, 0, 0, 0, 0.323885107, -0.0679469727, -0.176743066, 0.0445889599, 0.190165591, -0.980684313, 0.404052734, -0.901123047, -0.15637207, -0.913551724, -0.389236986, -0.117066744, 0, 3, 1, 1, 
553.98532, 38, 0.1, 0.1, 0.0134000303, 0.35877882, -0.0199665886, 0.875101986, -0.483938544, -7.86381803e-006, 0.483938544, 0.875101986, 1.45660115e-006, 6.17673733e-006, -5.08027921e-006, 1, 0.875101746, -0.483938977, -2.1445859e-006, 0.483938977, 0.875101746, -8.70391925e-006, 6.08889664e-006, 6.57896623e-006, 1, 0, 0, 0, 0, 0, 0, 0, 0.282549023, -0.112833838, -0.205340015, 0.0392764261, 0.620766666, -0.782886913, -0.98828125, 0.139038086, 0.0606689453, 0.146538856, 0.771520253, 0.619229986, 0, 0, -0, 0, 0, 0, 0, 0.324216016, -0.0686625977, -0.176103613, 0.0463523814, 0.18904126, -0.980825037, 0.402832031, -0.901977539, -0.154785156, -0.913980095, -0.387882245, -0.118063476, 0, 3, 1, 1, 
553.986103, 38, 0.1, 0.1, 0.0134000295, 0.358778821, -0.0199654999, 0.875103186, -0.483936373, 1.91196867e-006, 0.483936373, 0.875103186, 6.61550888e-006, -4.87465525e-006, -4.86398171e-006, 1, 0.875102947, -0.483936807, -8.90903379e-006, 0.483936807, 0.875102947, 9.19106362e-007, 7.35153233e-006, -5.11572205e-006, 1, 0, 0, 0, 0, 0, 0, 0, 0.282549023, -0.112833838, -0.205340015, 0.0392764261, 0.620766666, -0.782886913, -0.98828125, 0.139038086, 0.0606689453, 0.146538856, 0.771520253, 0.619229986, 0, 0, -0, 0, 0, 0, 0, 0.324216016, -0.0686625977, -0.176103613, 0.0463523814, 0.18904126, -0.980825037, 0.402832031, -0.901977539, -0.154785156, -0.913980095, -0.387882245, -0.118063476, 0, 3, 1, 1, 
553.98689, 38, 0.1, 0.1, 0.0134000286, 0.358778822, -0.0199645382, 0.875104395, -0.483934188, 8.03028526e-006, 0.483934188, 0.875104395, -3.34162784e-006, -5.41020997e-006, 6.81040278e-006, 1, 0.875104155, -0.483934621, 2.1116774e-006, 0.483934621, 0.875104155, 7.47751884e-006, -5.46656792e-006, -5.52169401e-006, 1, 0, 0, 0, 0, 0, 0, 0, 0.282549023, -0.112833838, -0.205340015, 0.0392764261, 0.620766666, -0.782886913, -0.98828125, 0.139038086, 0.0606689453, 0.146538856, 0.771520253, 0.619229986, 0, 0, -0, 0, 0, 0, 0, 0.324216016, -0.0686625977, -0.176103613, 0.0463523814, 0.18904126, -0.980825037, 0.402832031, -0.901977539, -0.154785156, -0.913980095, -0.387882245, -0.118063476, 0, 3, 1, 1, 
553.987673, 38, 0.1, 0.1, 0.0134000279, 0.358778823, -0.019964038, 0.875105601, -0.483932007, -2.30253216e-006, 0.483932007, 0.875105601, -7.85075587e-006, 5.81419083e-006, 5.75597142e-006, 1, 0.875105362, -0.483932438, 8.7985126e-006, 0.483932438, 0.875105362, -2.18233509e-006, -6.64352282e-006, 6.1676588e-006, 1, 0, 0, 0, 0, 0, 0, 0, 0.282549023, -0.112833838, -0.205340015, 0.0392764261, 0.620766666, -0.782886913, -0.98828125, 0.139038086, 0.0606689453, 0.146538856, 0.771520253, 0.619229986, 0, 0, -0, 0, 0, 0, 0, 0.324216016, -0.0686625977, -0.176103613, 0.0463523814, 0.18904126, -0.980825037, 0.402832031, -0.901977539, -0.154785156, -0.913980095, -0.387882245, -0.118063476, 0, 3, 1, 1, 
553.988457, 38, 0.1, 0.1, 0.0134000274, 0.358778824, -0.0199641341, 0.875106815, -0.483929811, -8.00516543e-006, 0.483929811, 0.875106815, 3.53876575e-006, 5.29286058e-006, -6.97073621e-006, 1, 0.875106573, -0.48393025, -1.99905214e-006, 0.48393025, 0.875106573, -7.57928201e-006, 5.4172275e-006, 5.6652777e-006, 1, 0, 0, 0, 0, 0, 0, 0, 0.282549023, -0.112833838, -0.205340015, 0.0392764261, 0.620766666, -0.782886913, -0.98828125, 0.139038086, 0.0606689453, 0.146538856, 0.771520253, 0.619229986, 0, 0, -0, 0, 0, 0, 0, 0.324216016, -0.0686625977, -0.176103613, 0.0463523814, 0.18904126, -0.980825037, 0.402832031, -0.901977539, -0.154785156, -0.913980095, -0.387882245, -0.118063476, 0, 3, 1, 1, 
553.989242, 38, 0.1, 0.1, 0.0134000266, 0.358778824, -0.0199647426, 0.875108035, -0.483927604, 2.2022691e-006, 0.483927604, 0.875108035, 7.65839858e-006, -5.63333387e-006, -5.63618733e-006, 1, 0.875107792, -0.483928045, -8.69882383e-006, 0.483928045, 0.875107792, 2.10841152e-006, 6.59208905e-006, -6.05469215e-006, 1, 0, 0, 0, 0, 0, 0, 0, 0.282549023, -0.112833838, -0.205340015, 0.0392764261, 0.620766666, -0.782886913, -0.98828125, 0.139038086, 0.0606689453, 0.146538856, 0.771520253, 0.619229986, 0, 0, -0, 0, 0, 0, 0, 0.324216016, -0.0686625977, -0.176103613, 0.0463523814, 0.18904126, -0.980825037, 0.402832031, -0.901977539, -0.154785156, -0.913980095, -0.387882245, -0.118063476, 0, 3, 1, 1, 
553.990052, 38, 0.1, 0.1, 0.0134000254, 0.358778825, -0.0199654996, 0.875109296, -0.483925326, 9.61914429e-006, 0.483925326, 0.875109296, -3.08768889e-006, -6.92359173e-006, 7.35701278e-006, 1, 0.875109049, -0.483925771, 3.94301683e-006, 0.483925771, 0.875109049, 7.83046084e-006, -7.23993151e-006, -4.94437968e-006, 1, 0, 0, 0, 0, 0, 0, 0, 0.282933252, -0.112139697, -0.20577771, 0.0381209267, 0.621248936, -0.782728153, -0.988525391, 0.137451172, 0.0610351563, 0.14548595, 0.771443869, 0.619452025, 0, 0, -0, 0, 0, 0, 0, 0.324216016, -0.0686625977, -0.176103613, 0.0463523814, 0.18904126, -0.980825037, 0.402832031, -0.901977539, -0.154785156, -0.913980095, -0.387882245, -0.118063476, 0, 3, 1, 1, 
553.990868, 38, 0.1, 0.1, 0.0134000248, 0.358778827, -0.0199657135, 0.875110569, -0.483923022, -3.58266105e-006, 0.483923022, 0.875110569, -7.80457507e-006, 6.91203811e-006, 5.09613397e-006, 1, 0.875110312, -0.483923487, 7.94831856e-006, 0.483923487, 0.875110312, -2.17504645e-006, -5.90309947e-006, 5.74978362e-006, 1, 0, 0, 0, 0, 0, 0, 0, 0.282933252, -0.112139697, -0.20577771, 0.0381209267, 0.621248936, -0.782728153, -0.988525391, 0.137451172, 0.0610351563, 0.14548595, 0.771443869, 0.619452025, 0, 0, -0, 0, 0, 0, 0, 0.324781885, -0.0689087891, -0.175459277, 0.0482116848, 0.188479095, -0.980818841, 0.40234375, -0.90246582, -0.153686523, -0.914152902, -0.387204875, -0.119290252, 0, 3, 1, 1, 
553.991661, 38, 0.1, 0.1, 0.0134000248, 0.358778827, -0.0199656903, 0.875111807, -0.483920785, -9.19225327e-006, 0.483920785, 0.875111807, 3.48206125e-006, 6.35920755e-006, -7.49551533e-006, 1, 0.875111561, -0.483921229, -3.77394674e-006, 0.483921229, 0.875111561, -7.22914631e-006, 6.80096178e-006, 4.50001657e-006, 1, 0, 0, 0, 0, 0, 0, 0, 0.282933252, -0.112139697, -0.20577771, 0.0381209267, 0.621248936, -0.782728153, -0.988525391, 0.137451172, 0.0610351563, 0.14548595, 0.771443869, 0.619452025, 0, 0, -0, 0, 0, 0, 0, 0.324781885, -0.0689087891, -0.175459277, 0.0482116848, 0.188479095, -0.980818841, 0.40234375, -0.90246582, -0.153686523, -0.914152902, -0.387204875, -0.119290252, 0, 3, 1, 1, 
553.992455, 38, 0.1, 0.1, 0.0134000239, 0.358778828, -0.0199655566, 0.875113043, -0.483918548, 3.2774838e-006, 0.483918548, 0.875113043, 7.40233078e-006, -6.45029399e-006, -4.89184101e-006, 1, 0.875112799, -0.48391899, -7.98236322e-006, 0.48391899, 0.875112799, 2.09020568e-006, 5.973978e-006, -5.69198289e-006, 1, 0, 0, 0, 0, 0, 0, 0, 0.282933252, -0.112139697, -0.20577771, 0.0381209267, 0.621248936, -0.782728153, -0.988525391, 0.137451172, 0.0610351563, 0.14548595, 0.771443869, 0.619452025, 0, 0, -0, 0, 0, 0, 0, 0.324781885, -0.0689087891, -0.175459277, 0.0482116848, 0.188479095, -0.980818841, 0.40234375, -0.90246582, -0.153686523, -0.914152902, -0.387204875, -0.119290252, 0, 3, 1, 1, 
