time, trialNum, realDorsalTactorPos, realVentralTactorPos, boxPosX, boxPosY, boxPosZ, boxLocalRot_11, boxLocalRot_12, boxLocalRot_13, boxLocalRot_21, boxLocalRot_22, boxLocalRot_23, boxLocalRot_31, boxLocalRot_32, boxLocalRot_33, boxGlobalRot_11, boxGlobalRot_12, boxGlobalRot_13, boxGlobalRot_21, boxGlobalRot_22, boxGlobalRot_23, boxGlobalRot_31, boxGlobalRot_32, boxGlobalRot_33, indexForceX, indexForceY, indexForceZ, indexForceGlobalX, indexForceGlobalY, indexForceGlobalZ, indexContact, indexPosX, indexPosY, indexPosZ, indexRot_11, indexRot_12, indexRot_13, indexRot_21, indexRot_22, indexRot_23, indexRot_31, indexRot_32, indexRot_33, thumbForceX, thumbForceY, thumbForceZ, thumbForceGlobalX, thumbForceGlobalY, thumbForceGlobalZ, thumbContact, thumbPosX, thumbPosY, thumbPosZ, thumbRot_11, thumbRot_12, thumbRot_13, thumbRot_21, thumbRot_22, thumbRot_23, thumbRot_31, thumbRot_32, thumbRot_33, manipForceTooHigh, cceExpType, mapping, trialSuccess, 
939.974796, 67, 0.1, 0.1, 0.225, -0.115000019, -0.0199685911, 0.707106784, -0.707106779, -1.76311389e-007, 0.707106778, 0.707106783, -3.80882447e-005, 2.7057127e-005, 2.68077852e-005, 0.999999999, 0.707106784, -0.707106779, 3.92282848e-007, 0.707106779, 0.707106784, 5.9092912e-006, -4.45588572e-006, -3.90111403e-006, 1, 0, 0, 0, 0, 0, 0, 0, 0.189227368, -0.0633091553, -0.178953271, -0.161283339, 0.666399307, -0.72792112, -0.669555664, 0.467895508, 0.576782227, 0.724951528, 0.580511546, 0.370879499, 0, 0, -0, 0, 0, 0, 0, 0.261073096, -0.0438361328, -0.151181299, 0.178501783, 0.295670058, -0.938310128, 0.109130859, -0.953735352, -0.279785156, -0.977786768, -0.0523888674, -0.202583444, 1, 3, 5, 0, 
939.975587, 67, 0.1, 0.1, 0.225, -0.115000012, -0.0199534295, 0.707106782, -0.707106781, -9.10388257e-007, 0.70710678, 0.707106781, 4.84643691e-005, -3.36257423e-005, -3.49132257e-005, 0.999999999, 0.707106781, -0.707106781, -2.98842244e-007, 0.707106781, 0.707106781, -1.26162075e-005, 9.13231923e-006, 8.70969248e-006, 1, 0, 0, 0, 0, 0, 0, 0, 0.189227368, -0.0633091553, -0.178953271, -0.161283339, 0.666399307, -0.72792112, -0.669555664, 0.467895508, 0.576782227, 0.724951528, 0.580511546, 0.370879499, 0, 0, -0, 0, 0, 0, 0, 0.261073096, -0.0438361328, -0.151181299, 0.178501783, 0.295670058, -0.938310128, 0.109130859, -0.953735352, -0.279785156, -0.977786768, -0.0523888674, -0.202583444, 1, 3, 5, 0, 
939.976373, 67, 0.1, 0.1, 0.225, -0.11500002, -0.0199438389, 0.707106787, -0.707106775, -1.21234475e-006, 0.707106774, 0.707106786, -5.74945475e-005, 4.15120413e-005, 3.97975276e-005, 0.999999998, 0.707106787, -0.707106775, -5.65355911e-007, 0.707106775, 0.707106787, 1.59033967e-005, -1.08456326e-005, -1.16451668e-005, 1, 0, 0, 0, 0, 0, 0, 0, 0.189227368, -0.0633091553, -0.178953271, -0.161283339, 0.666399307, -0.72792112, -0.669555664, 0.467895508, 0.576782227, 0.724951528, 0.580511546, 0.370879499, 0, 0, -0, 0, 0, 0, 0, 0.261073096, -0.0438361328, -0.151181299, 0.178501783, 0.295670058, -0.938310128, 0.109130859, -0.953735352, -0.279785156, -0.977786768, -0.0523888674, -0.202583444, 1, 3, 5, 0, 
939.977162, 67, 0.1, 0.1, 0.225, -0.115000005, -0.0199422066, 0.707106784, -0.707106778, -1.55962999e-006, 0.707106778, 0.707106784, 2.71792116e-005, -1.81157798e-005, -2.03214299e-005, 1, 0.707106784, -0.707106779, -9.21863766e-007, 0.707106778, 0.707106783, -4.7081076e-005, 3.39432041e-005, 3.26394921e-005, 0.999999999, 0, 0, 0, 0, 0, 0, 0, 0.189227368, -0.0633091553, -0.178953271, -0.161283339, 0.666399307, -0.72792112, -0.669555664, 0.467895508, 0.576782227, 0.724951528, 0.580511546, 0.370879499, 0, 0, -0, 0, 0, 0, 0, 0.261073096, -0.0438361328, -0.151181299, 0.178501783, 0.295670058, -0.938310128, 0.109130859, -0.953735352, -0.279785156, -0.977786768, -0.0523888674, -0.202583444, 1, 3, 5, 0, 
939.977957, 67, 0.1, 0.1, 0.225, -0.115000015, -0.0199483249, 0.707106798, -0.707106764, 2.27044632e-006, 0.707106764, 0.707106798, -3.6211112e-005, 2.39996742e-005, 2.72105714e-005, 0.999999999, 0.707106794, -0.707106769, 1.87572266e-006, 0.707106768, 0.707106793, 2.88247178e-005, -2.17084893e-005, -1.90558176e-005, 1, 0, 0, 0, 0, 0, 0, 0, 0.189227368, -0.0633091553, -0.178953271, -0.161283339, 0.666399307, -0.72792112, -0.669555664, 0.467895508, 0.576782227, 0.724951528, 0.580511546, 0.370879499, 0, 0, -0, 0, 0, 0, 0, 0.261073096, -0.0438361328, -0.151181299, 0.178501783, 0.295670058, -0.938310128, 0.109130859, -0.953735352, -0.279785156, -0.977786768, -0.0523888674, -0.202583444, 1, 3, 5, 0, 
939.978744, 67, 0.1, 0.1, 0.225, -0.115000002, -0.0199593884, 0.707106836, -0.707106727, -3.04971535e-006, 0.707106727, 0.707106836, 7.94472108e-006, -3.46129114e-006, -7.77424082e-006, 1, 0.707106826, -0.707106736, -2.58551583e-006, 0.707106735, 0.707106826, -4.34135505e-005, 3.25262499e-005, 2.88697823e-005, 0.999999999, 0, 0, 0, 0, 0, 0, 0, 0.189227368, -0.0633091553, -0.178953271, -0.161283339, 0.666399307, -0.72792112, -0.669555664, 0.467895508, 0.576782227, 0.724951528, 0.580511546, 0.370879499, 0, 0, -0, 0, 0, 0, 0, 0.261073096, -0.0438361328, -0.151181299, 0.178501783, 0.295670058, -0.938310128, 0.109130859, -0.953735352, -0.279785156, -0.977786768, -0.0523888674, -0.202583444, 1, 3, 5, 0, 
939.979563, 67, 0.1, 0.1, 0.225, -0.11500001, -0.0199713255, 0.707106892, -0.70710667, 2.11469056e-006, 0.70710667, 0.707106892, -3.88178941e-006, 1.24952692e-006, 4.24015185e-006, 1, 0.707106878, -0.707106684, -4.92744252e-008, 0.707106684, 0.707106878, 3.07664765e-005, -2.17203389e-005, -2.17900294e-005, 1, 0, 0, 0, 0, 0, 0, 0, 0.190221411, -0.0642339844, -0.178549634, -0.159271885, 0.665777374, -0.728834363, -0.670776367, 0.46862793, 0.574829102, 0.724385761, 0.580486459, 0.37213647, 0, 0, -0, 0, 0, 0, 0, 0.262120605, -0.0445327148, -0.150767285, 0.180648732, 0.295503814, -0.938067692, 0.110595703, -0.953735352, -0.279296875, -0.977192887, -0.0531427966, -0.204890074, 1, 3, 5, 0, 
939.980354, 67, 0.1, 0.1, 0.224999999, -0.115000007, -0.0199796524, 0.707106937, -0.707106625, 6.97732456e-006, 0.707106625, 0.707106937, 1.58952051e-005, -1.61733194e-005, -6.30589736e-006, 1, 0.70710693, -0.707106632, 6.82453452e-006, 0.707106633, 0.70710693, -9.39333875e-006, 1.81641648e-006, 1.14677685e-005, 1, 0, 0, 0, 0, 0, 0, 0, 0.190221411, -0.0642339844, -0.178549634, -0.159271885, 0.665777374, -0.728834363, -0.670776367, 0.46862793, 0.574829102, 0.724385761, 0.580486459, 0.37213647, 0, 0, -0, 0, 0, 0, 0, 0.262120605, -0.0445327148, -0.150767285, 0.180648732, 0.295503814, -0.938067692, 0.110595703, -0.953735352, -0.279296875, -0.977192887, -0.0531427966, -0.204890074, 1, 3, 5, 0, 
939.981147, 67, 0.1, 0.1, 0.224999998, -0.115000012, -0.0199825937, 0.707106958, -0.707106604, 1.37313904e-006, 0.707106604, 0.707106958, -3.71256215e-006, 1.65422105e-006, 3.59613421e-006, 1, 0.707106958, -0.707106605, 3.24842906e-006, 0.707106605, 0.707106957, 1.81638254e-005, -1.51407477e-005, -1.05467817e-005, 1, 0, 0, 0, 0, 0, 0, 0, 0.190221411, -0.0642339844, -0.178549634, -0.159271885, 0.665777374, -0.728834363, -0.670776367, 0.46862793, 0.574829102, 0.724385761, 0.580486459, 0.37213647, 0, 0, -0, 0, 0, 0, 0, 0.262120605, -0.0445327148, -0.150767285, 0.180648732, 0.295503814, -0.938067692, 0.110595703, -0.953735352, -0.279296875, -0.977192887, -0.0531427966, -0.204890074, 1, 3, 5, 0, 
939.981968, 67, 0.1, 0.1, 0.224999998, -0.115000011, -0.0199792315, 0.707107001, -0.707106562, 5.31752388e-006, 0.707106562, 0.707107001, 1.9255472e-005, -1.7375729e-005, -9.85562304e-006, 1, 0.707106977, -0.707106585, -4.21132081e-006, 0.707106585, 0.707106977, 3.51627008e-006, 4.91476599e-007, -5.46423179e-006, 1, 0, 0, 0, 0, 0, 0, 0, 0.190864771, -0.0649139648, -0.178555737, -0.159748163, 0.665530248, -0.72895493, -0.671264648, 0.468139648, 0.574584961, 0.723719644, 0.581267151, 0.372155566, 0, 0, -0, 0, 0, 0, 0, 0.263033594, -0.0450197266, -0.150556006, 0.180866015, 0.295439648, -0.937978373, 0.112304687, -0.953735352, -0.278686523, -0.976924564, -0.0548679387, -0.205739885, 1, 3, 5, 0, 
939.982758, 67, 0.1, 0.1, 0.224999996, -0.115000012, -0.0199716358, 0.707107226, -0.707106336, -5.65457486e-006, 0.707106336, 0.707107226, -8.66240147e-006, 1.01236297e-005, 2.12686096e-006, 1, 0.70710718, -0.707106382, -1.97807888e-006, 0.707106382, 0.70710718, -1.12288702e-006, 2.19271436e-006, -6.0471073e-007, 1, 0, 0, 0, 0, 0, 0, 0, 0.190864771, -0.0649139648, -0.178555737, -0.159748163, 0.665530248, -0.72895493, -0.671264648, 0.468139648, 0.574584961, 0.723719644, 0.581267151, 0.372155566, 0, 0, -0, 0, 0, 0, 0, 0.263033594, -0.0450197266, -0.150556006, 0.180866015, 0.295439648, -0.937978373, 0.112304687, -0.953735352, -0.278686523, -0.976924564, -0.0548679387, -0.205739885, 1, 3, 5, 0, 
939.983552, 67, 0.1, 0.1, 0.224999995, -0.115000012, -0.019962739, 0.707107558, -0.707106004, 3.18383705e-006, 0.707106004, 0.707107558, -1.62856729e-006, -1.09974553e-006, 3.40288254e-006, 1, 0.707107477, -0.707106085, 9.44224032e-006, 0.707106085, 0.707107477, -1.16855641e-005, 1.58625477e-006, 1.49396154e-005, 1, 0, 0, 0, 0, 0, 0, 0, 0.190864771, -0.0649139648, -0.178555737, -0.159748163, 0.665530248, -0.72895493, -0.671264648, 0.468139648, 0.574584961, 0.723719644, 0.581267151, 0.372155566, 0, 0, -0, 0, 0, 0, 0, 0.263033594, -0.0450197266, -0.150556006, 0.180866015, 0.295439648, -0.937978373, 0.112304687, -0.953735352, -0.278686523, -0.976924564, -0.0548679387, -0.205739885, 1, 3, 5, 0, 
939.984342, 67, 0.1, 0.1, 0.224999997, -0.115000013, -0.0199556432, 0.707107997, -0.707105565, 2.27314592e-005, 0.707105566, 0.707107996, -2.56189576e-005, 2.04171091e-006, 3.41889111e-005, 0.999999999, 0.707107884, -0.707105679, 7.13902901e-006, 0.707105679, 0.707107884, 1.01236743e-005, -1.22065713e-005, -2.11048197e-006, 1, 0, 0, 0, 0, 0, 0, 0, 0.190864771, -0.0649139648, -0.178555737, -0.159748163, 0.665530248, -0.72895493, -0.671264648, 0.468139648, 0.574584961, 0.723719644, 0.581267151, 0.372155566, 0, 0, -0, 0, 0, 0, 0, 0.263033594, -0.0450197266, -0.150556006, 0.180866015, 0.295439648, -0.937978373, 0.112304687, -0.953735352, -0.278686523, -0.976924564, -0.0548679387, -0.205739885, 1, 3, 5, 0, 
939.985139, 67, 0.1, 0.1, 0.224999994, -0.11500001, -0.0199522777, 0.707108312, -0.707105248, -5.56269155e-005, 0.707105249, 0.707108313, 1.14683842e-005, 3.12248997e-005, -4.74434738e-005, 0.999999998, 0.707108282, -0.707105281, 1.97231369e-006, 0.707105281, 0.707108282, -4.21906751e-007, -1.09630685e-006, 1.69296719e-006, 1, 0, 0, 0, 0, 0, 0, 0, 0.190864771, -0.0649139648, -0.178555737, -0.159748163, 0.665530248, -0.72895493, -0.671264648, 0.468139648, 0.574584961, 0.723719644, 0.581267151, 0.372155566, 0, 0, -0, 0, 0, 0, 0, 0.263033594, -0.0450197266, -0.150556006, 0.180866015, 0.295439648, -0.937978373, 0.112304687, -0.953735352, -0.278686523, -0.976924564, -0.0548679387, -0.205739885, 1, 3, 5, 0, 
939.985932, 67, 0.1, 0.1, 0.225000006, -0.115000017, -0.0199535156, 0.707108625, -0.707104937, 1.19610843e-005, 0.707104937, 0.707108625, 2.16021517e-005, -2.3732774e-005, -6.81732598e-006, 1, 0.707108522, -0.70710504, -2.99053081e-005, 0.707105041, 0.70710852, 4.0854047e-005, -7.7418044e-006, -5.00344388e-005, 0.999999999, 0, 0, 0, 0, 0, 0, 0, 0.190864771, -0.0649139648, -0.178555737, -0.159748163, 0.665530248, -0.72895493, -0.671264648, 0.468139648, 0.574584961, 0.723719644, 0.581267151, 0.372155566, 0, 0, -0, 0, 0, 0, 0, 0.263033594, -0.0450197266, -0.150556006, 0.180866015, 0.295439648, -0.937978373, 0.112304687, -0.953735352, -0.278686523, -0.976924564, -0.0548679387, -0.205739885, 1, 3, 5, 0, 
939.986754, 67, 0.1, 0.1, 0.224999993, -0.114999998, -0.0199584085, 0.707109694, -0.707103868, 4.15563907e-005, 0.707103868, 0.707109688, -9.76638888e-005, 3.9673587e-005, 9.84437671e-005, 0.999999994, 0.707109456, -0.707104104, 5.34261278e-005, 0.707104105, 0.707109449, -0.000109797946, 3.98604583e-005, 0.000115417, 0.999999993, 0, 0, 0, 0, 0, 0, 0, 0.191285498, -0.0655993164, -0.178567212, -0.160249529, 0.665206737, -0.729151882, -0.671264648, 0.468139648, 0.574584961, 0.723675461, 0.581565574, 0.371692392, 0, 0, -0, 0, 0, 0, 0, 0.26370332, -0.045739502, -0.150797559, 0.180866015, 0.294896439, -0.938208416, 0.112915039, -0.953735352, -0.278076172, -0.976924564, -0.0555387458, -0.205886807, 1, 3, 5, 0, 
939.987582, 67, 0.1, 0.1, 0.224999997, -0.115000004, -0.0199652467, 0.707110683, -0.707102876, -7.60372418e-005, 0.70710288, 0.707110678, 7.71035128e-005, -7.53369937e-007, -0.00010828687, 0.999999994, 0.707110551, -0.70710301, -4.70106357e-005, 0.707103011, 0.707110548, 6.61459216e-005, -1.35302639e-005, -8.00138411e-005, 0.999999997, 0, 0, 0, 0, 0, 0, 0, 0.191285498, -0.0655993164, -0.178567212, -0.160249529, 0.665206737, -0.729151882, -0.671264648, 0.468139648, 0.574584961, 0.723675461, 0.581565574, 0.371692392, 0, 0, -0, 0, 0, 0, 0, 0.26370332, -0.045739502, -0.150797559, 0.180866015, 0.294896439, -0.938208416, 0.112915039, -0.953735352, -0.278076172, -0.976924564, -0.0555387458, -0.205886807, 1, 3, 5, 0, 
939.988554, 67, 0.1, 0.1, 0.225000022, -0.115000015, -0.0199701086, 0.707110972, -0.70710259, -2.40450461e-005, 0.70710259, 0.707110972, 1.08540199e-005, 9.32761037e-006, -2.46773109e-005, 1, 0.707110961, -0.707102598, -6.83211987e-005, 0.7071026, 0.707110961, 2.43387652e-005, 3.11006644e-005, -6.5520305e-005, 0.999999997, 0, 0, 0, 0, 0, 0, 0, 0.191285498, -0.0655993164, -0.178567212, -0.160249529, 0.665206737, -0.729151882, -0.671264648, 0.468139648, 0.574584961, 0.723675461, 0.581565574, 0.371692392, 0, 0, -0, 0, 0, 0, 0, 0.26370332, -0.045739502, -0.150797559, 0.180866015, 0.294896439, -0.938208416, 0.112915039, -0.953735352, -0.278076172, -0.976924564, -0.0555387458, -0.205886807, 1, 3, 5, 0, 
939.989342, 67, 0.1, 0.1, 0.225000004, -0.11500001, -0.0199715181, 0.707111045, -0.707102511, 9.28847541e-005, 0.707102516, 0.707111046, -3.70413007e-005, -3.94878388e-005, 9.18713561e-005, 0.999999995, 0.707111014, -0.707102541, 0.000102108326, 0.707102546, 0.707111015, -3.16585227e-005, -4.98161002e-005, 9.45871475e-005, 0.999999994, 0, 0, 0, 0, 0, 0, 0, 0.191285498, -0.0655993164, -0.178567212, -0.160249529, 0.665206737, -0.729151882, -0.671264648, 0.468139648, 0.574584961, 0.723675461, 0.581565574, 0.371692392, 0, 0, -0, 0, 0, 0, 0, 0.26370332, -0.045739502, -0.150797559, 0.180866015, 0.294896439, -0.938208416, 0.112915039, -0.953735352, -0.278076172, -0.976924564, -0.0555387458, -0.205886807, 1, 3, 5, 0, 
939.99013, 67, 0.1, 0.1, 0.225000004, -0.115000006, -0.0199709313, 0.707111437, -0.707102122, -6.02191231e-005, 0.707102124, 0.707111438, 2.34884893e-005, 2.597287e-005, -5.91900493e-005, 0.999999998, 0.707111301, -0.70710226, -4.18249663e-005, 0.70710226, 0.707111302, -2.5272592e-006, 3.13619371e-005, -2.77874747e-005, 0.999999999, 0, 0, 0, 0, 0, 0, 0, 0.191285498, -0.0655993164, -0.178567212, -0.160249529, 0.665206737, -0.729151882, -0.671264648, 0.468139648, 0.574584961, 0.723675461, 0.581565574, 0.371692392, 0, 0, -0, 0, 0, 0, 0, 0.26370332, -0.045739502, -0.150797559, 0.180866015, 0.294896439, -0.938208416, 0.112915039, -0.953735352, -0.278076172, -0.976924564, -0.0555387458, -0.205886807, 1, 3, 5, 0, 
939.990934, 67, 0.1, 0.1, 0.225000012, -0.115000019, -0.0199686171, 0.707112408, -0.707101154, -4.44865071e-006, 0.707101154, 0.707112408, 3.05809183e-005, -1.84781065e-005, -2.47697928e-005, 1, 0.707112174, -0.707101388, -2.08938432e-005, 0.707101388, 0.707112171, 6.09868335e-005, -2.83495838e-005, -5.78985979e-005, 0.999999998, 0, 0, 0, 0, 0, 0, 0, 0.191285498, -0.0655993164, -0.178567212, -0.161284461, 0.665378601, -0.728834363, -0.672119141, 0.466674805, 0.574829102, 0.722603459, 0.582650681, 0.37213647, 0, 0, -0, 0, 0, 0, 0, 0.26370332, -0.045739502, -0.150797559, 0.180866015, 0.294896439, -0.938208416, 0.112915039, -0.953735352, -0.278076172, -0.976924564, -0.0555387458, -0.205886807, 1, 3, 5, 0, 
939.991743, 67, 0.1, 0.1, 0.225000004, -0.115000011, -0.0199650896, 0.707113385, -0.707100176, 3.92492925e-005, 0.707100177, 0.707113385, -2.64142178e-005, -9.07620203e-006, 4.64310286e-005, 0.999999999, 0.707113231, -0.70710033, 4.74784822e-005, 0.707100332, 0.70711323, -3.80337814e-005, -6.67896346e-006, 6.04662405e-005, 0.999999998, 0, 0, 0, 0, 0, 0, 0, 0.191899072, -0.0658104736, -0.178772876, -0.161284461, 0.665378601, -0.728834363, -0.672119141, 0.466674805, 0.574829102, 0.722603459, 0.582650681, 0.37213647, 0, 0, -0, 0, 0, 0, 0, 0.264126611, -0.0459949707, -0.150797559, 0.180489051, 0.294953675, -0.938208416, 0.114501953, -0.953735352, -0.277709961, -0.976841442, -0.057251128, -0.205886807, 1, 3, 5, 0, 
939.992535, 67, 0.1, 0.1, 0.225000009, -0.115000015, -0.0199620525, 0.707114094, -0.707099468, -2.29009472e-005, 0.707099468, 0.707114093, 4.09545444e-005, -1.2765354e-005, -4.51527831e-005, 0.999999999, 0.707113953, -0.707099609, -3.89196553e-005, 0.70709961, 0.707113952, 3.37554759e-005, 3.65214746e-006, -5.1389041e-005, 0.999999999, 0, 0, 0, 0, 0, 0, 0, 0.191899072, -0.0658104736, -0.178772876, -0.161284461, 0.665378601, -0.728834363, -0.672119141, 0.466674805, 0.574829102, 0.722603459, 0.582650681, 0.37213647, 0, 0, -0, 0, 0, 0, 0, 0.264126611, -0.0459949707, -0.150797559, 0.180489051, 0.294953675, -0.938208416, 0.114501953, -0.953735352, -0.277709961, -0.976841442, -0.057251128, -0.205886807, 1, 3, 5, 0, 
939.993323, 67, 0.1, 0.1, 0.225000009, -0.115000012, -0.0199604238, 0.707115007, -0.707098555, -4.10952612e-006, 0.707098554, 0.707115007, -3.02613716e-005, 2.43036797e-005, 1.849243e-005, 1, 0.707114812, -0.70709875, -2.46815604e-007, 0.70709875, 0.707114811, -4.18384295e-005, 2.97584282e-005, 2.94100502e-005, 0.999999999, 0, 0, 0, 0, 0, 0, 0, 0.191899072, -0.0658104736, -0.178772876, -0.161284461, 0.665378601, -0.728834363, -0.672119141, 0.466674805, 0.574829102, 0.722603459, 0.582650681, 0.37213647, 0, 0, -0, 0, 0, 0, 0, 0.264126611, -0.0459949707, -0.150797559, 0.180489051, 0.294953675, -0.938208416, 0.114501953, -0.953735352, -0.277709961, -0.976841442, -0.057251128, -0.205886807, 1, 3, 5, 0, 
939.994127, 67, 0.1, 0.1, 0.225000004, -0.115000017, -0.0199604333, 0.70711618, -0.707097381, 3.21805912e-005, 0.707097381, 0.707116181, 1.65590692e-005, -3.44642912e-005, 1.1045626e-005, 0.999999999, 0.707115929, -0.707097633, 3.93038496e-005, 0.707097632, 0.70711593, 2.91494154e-005, -4.84038607e-005, 7.17964306e-006, 0.999999999, 0, 0, 0, 0, 0, 0, 0, 0.191899072, -0.0658104736, -0.178772876, -0.161284461, 0.665378601, -0.728834363, -0.672119141, 0.466674805, 0.574829102, 0.722603459, 0.582650681, 0.37213647, 0, 0, -0, 0, 0, 0, 0, 0.264874463, -0.0464617188, -0.150369873, 0.181556146, 0.294921592, -0.938068058, 0.115722656, -0.953613281, -0.27746582, -0.9764838, -0.058113699, -0.207222224, 1, 3, 5, 0, 
939.994916, 67, 0.1, 0.1, 0.225000013, -0.115000013, -0.0199621037, 0.707117403, -0.707096158, -4.96165865e-005, 0.707096157, 0.707117404, -3.5410086e-005, 6.01230876e-005, -1.00446096e-005, 0.999999998, 0.707117187, -0.707096373, -6.6181045e-005, 0.707096372, 0.707117189, -2.81619447e-005, 6.67109634e-005, -2.68825817e-005, 0.999999997, 0, 0, 0, 0, 0, 0, 0, 0.191899072, -0.0658104736, -0.178772876, -0.161284461, 0.665378601, -0.728834363, -0.672119141, 0.466674805, 0.574829102, 0.722603459, 0.582650681, 0.37213647, 0, 0, -0, 0, 0, 0, 0, 0.264874463, -0.0464617188, -0.150369873, 0.181556146, 0.294921592, -0.938068058, 0.115722656, -0.953613281, -0.27746582, -0.9764838, -0.058113699, -0.207222224, 1, 3, 5, 0, 
939.99571, 67, 0.1, 0.1, 0.225000005, -0.115000014, -0.0199648168, 0.707118038, -0.707095522, 5.71165739e-005, 0.70709552, 0.70711804, 5.76270074e-005, -8.11359587e-005, -3.62222943e-007, 0.999999997, 0.707117982, -0.707095577, 6.37061021e-005, 0.707095577, 0.707117985, 3.19161151e-005, -6.76154743e-005, 2.24778441e-005, 0.999999997, 0, 0, 0, 0, 0, 0, 0, 0.191899072, -0.0658104736, -0.178772876, -0.161284461, 0.665378601, -0.728834363, -0.672119141, 0.466674805, 0.574829102, 0.722603459, 0.582650681, 0.37213647, 0, 0, -0, 0, 0, 0, 0, 0.264874463, -0.0464617188, -0.150369873, 0.181556146, 0.294921592, -0.938068058, 0.115722656, -0.953613281, -0.27746582, -0.9764838, -0.058113699, -0.207222224, 1, 3, 5, 0, 
939.996518, 67, 0.1, 0.1, 0.225000001, -0.11500002, -0.0199673942, 0.707118269, -0.707095292, -3.7312384e-005, 0.707095291, 0.70711827, -2.63985884e-005, 4.5050586e-005, -7.71648689e-006, 0.999999999, 0.707118193, -0.707095369, 3.55820096e-006, 0.707095369, 0.707118193, -9.04241782e-007, -1.87668346e-006, 3.15539324e-006, 1, 0, 0, 0, 0, 0, 0, 0, 0.19260957, -0.066260376, -0.178555859, -0.160434498, 0.665296226, -0.729024201, -0.673217773, 0.466308594, 0.573730469, 0.721727286, 0.582910912, 0.373278865, 0, 0, -0, 0, 0, 0, 0, 0.264874463, -0.0464617188, -0.150369873, 0.181556146, 0.294921592, -0.938068058, 0.115722656, -0.953613281, -0.27746582, -0.9764838, -0.058113699, -0.207222224, 1, 3, 5, 0, 
939.997305, 67, 0.1, 0.1, 0.225000016, -0.115000006, -0.0199692021, 0.707118443, -0.707095117, -5.72954972e-005, 0.707095116, 0.707118445, -4.73659318e-005, 7.4006922e-005, -7.0200423e-006, 0.999999997, 0.707118398, -0.70709516, -7.18102219e-005, 0.707095157, 0.707118402, -6.13251621e-005, 9.41410547e-005, -7.41250972e-006, 0.999999996, 0, 0, 0, 0, 0, 0, 0, 0.19260957, -0.066260376, -0.178555859, -0.160434498, 0.665296226, -0.729024201, -0.673217773, 0.466308594, 0.573730469, 0.721727286, 0.582910912, 0.373278865, 0, 0, -0, 0, 0, 0, 0, 0.264874463, -0.0464617188, -0.150369873, 0.181556146, 0.294921592, -0.938068058, 0.115722656, -0.953613281, -0.27746582, -0.9764838, -0.058113699, -0.207222224, 1, 3, 5, 0, 
939.998095, 67, 0.1, 0.1, 0.225000013, -0.115000009, -0.0199697801, 0.707118548, -0.707095014, 3.79666764e-005, 0.707095013, 0.707118549, 3.36752634e-005, -5.06585519e-005, 3.03364421e-006, 0.999999999, 0.707118531, -0.707095031, 2.77863541e-005, 0.70709503, 0.707118531, 3.76022126e-005, -4.62365836e-005, -6.94162849e-006, 0.999999999, 0, 0, 0, 0, 0, 0, 0, 0.19260957, -0.066260376, -0.178555859, -0.160434498, 0.665296226, -0.729024201, -0.673217773, 0.466308594, 0.573730469, 0.721727286, 0.582910912, 0.373278865, 0, 0, -0, 0, 0, 0, 0, 0.264874463, -0.0464617188, -0.150369873, 0.181556146, 0.294921592, -0.938068058, 0.115722656, -0.953613281, -0.27746582, -0.9764838, -0.058113699, -0.207222224, 1, 3, 5, 0, 
939.998914, 67, 0.1, 0.1, 0.225000013, -0.115000009, -0.0199685983, 0.707118584, -0.707094978, -1.79240056e-005, 0.707094978, 0.707118584, -2.07472429e-005, 2.73446688e-005, 1.99678664e-006, 1, 0.707118596, -0.707094966, -1.47053587e-005, 0.707094966, 0.707118596, -1.7529522e-005, 2.27934694e-005, 1.99736586e-006, 1, 0, 0, 0, 0, 0, 0, 0, 0.193550146, -0.0667171143, -0.178353125, -0.159419783, 0.6650491, -0.729518453, -0.675048828, 0.465820312, 0.572143555, 0.720330652, 0.583691604, 0.37484025, 0, 0, -0, 0, 0, 0, 0, 0.265407373, -0.0467118164, -0.149945605, 0.182744642, 0.294755348, -0.93790218, 0.116943359, -0.953613281, -0.276977539, -0.976113399, -0.0588676282, -0.208800445, 1, 3, 5, 0, 
939.999704, 67, 0.1, 0.1, 0.22500001, -0.115000013, -0.0199664882, 0.707118598, -0.707094963, 2.81515951e-005, 0.707094962, 0.707118599, 3.63871597e-005, -4.56356938e-005, -5.82418629e-006, 0.999999999, 0.707118603, -0.707094959, 3.39741536e-005, 0.707094958, 0.707118603, 2.70945604e-005, -4.31821831e-005, 4.86388503e-006, 0.999999999, 0, 0, 0, 0, 0, 0, 0, 0.193550146, -0.0667171143, -0.178353125, -0.159419783, 0.6650491, -0.729518453, -0.675048828, 0.465820312, 0.572143555, 0.720330652, 0.583691604, 0.37484025, 0, 0, -0, 0, 0, 0, 0, 0.265407373, -0.0467118164, -0.149945605, 0.182744642, 0.294755348, -0.93790218, 0.116943359, -0.953613281, -0.276977539, -0.976113399, -0.0588676282, -0.208800445, 1, 3, 5, 0, 
940.000493, 67, 0.1, 0.1, 0.225000011, -0.115000011, -0.0199642558, 0.707118636, -0.707094926, -3.39552872e-005, 0.707094925, 0.707118636, -3.19140808e-005, 4.65767009e-005, -1.44256999e-006, 0.999999999, 0.707118609, -0.707094953, -3.06792677e-005, 0.707094952, 0.707118609, -2.72973083e-005, 4.099567e-005, -2.39072063e-006, 0.999999999, 0, 0, 0, 0, 0, 0, 0, 0.193550146, -0.0667171143, -0.178353125, -0.159419783, 0.6650491, -0.729518453, -0.675048828, 0.465820312, 0.572143555, 0.720330652, 0.583691604, 0.37484025, 0, 0, -0, 0, 0, 0, 0, 0.265407373, -0.0467118164, -0.149945605, 0.182744642, 0.294755348, -0.93790218, 0.116943359, -0.953613281, -0.276977539, -0.976113399, -0.0588676282, -0.208800445, 1, 3, 5, 0, 
940.00128, 67, 0.1, 0.1, 0.225000009, -0.115000011, -0.0199626685, 0.707118673, -0.707094888, 3.63694272e-005, 0.707094888, 0.707118674, 1.97461725e-005, -3.96799187e-005, 1.17537488e-005, 0.999999999, 0.707118656, -0.707094905, 2.43505483e-005, 0.707094905, 0.707118657, 2.56744084e-005, -3.53729704e-005, -9.36704499e-007, 0.999999999, 0, 0, 0, 0, 0, 0, 0, 0.193550146, -0.0667171143, -0.178353125, -0.159419783, 0.6650491, -0.729518453, -0.675048828, 0.465820312, 0.572143555, 0.720330652, 0.583691604, 0.37484025, 0, 0, -0, 0, 0, 0, 0, 0.265407373, -0.0467118164, -0.149945605, 0.182744642, 0.294755348, -0.93790218, 0.116943359, -0.953613281, -0.276977539, -0.976113399, -0.0588676282, -0.208800445, 1, 3, 5, 0, 
940.002068, 67, 0.1, 0.1, 0.225000011, -0.115000007, -0.0199621978, 0.707118688, -0.707094873, -3.03216777e-005, 0.707094872, 0.707118689, -4.45614629e-005, 5.29502069e-005, 1.00699403e-005, 0.999999999, 0.707118707, -0.707094854, -2.66178788e-005, 0.707094853, 0.707118708, -4.14210537e-005, 4.81106139e-005, 1.04682368e-005, 0.999999999, 0, 0, 0, 0, 0, 0, 0, 0.193550146, -0.0667171143, -0.178353125, -0.159419783, 0.6650491, -0.729518453, -0.675048828, 0.465820312, 0.572143555, 0.720330652, 0.583691604, 0.37484025, 0, 0, -0, 0, 0, 0, 0, 0.265407373, -0.0467118164, -0.149945605, 0.182744642, 0.294755348, -0.93790218, 0.116943359, -0.953613281, -0.276977539, -0.976113399, -0.0588676282, -0.208800445, 1, 3, 5, 0, 
940.002858, 67, 0.1, 0.1, 0.225000009, -0.115000007, -0.0199629044, 0.70711869, -0.707094871, 2.86701806e-005, 0.707094871, 0.707118691, 3.11556344e-005, -4.23032099e-005, -1.75819375e-006, 0.999999999, 0.707118701, -0.707094861, 3.3210816e-005, 0.707094861, 0.707118701, 1.82251259e-005, -3.6370882e-005, 1.059587e-005, 0.999999999, 0, 0, 0, 0, 0, 0, 0, 0.193550146, -0.0667171143, -0.178353125, -0.159419783, 0.6650491, -0.729518453, -0.675048828, 0.465820312, 0.572143555, 0.720330652, 0.583691604, 0.37484025, 0, 0, -0, 0, 0, 0, 0, 0.265407373, -0.0467118164, -0.149945605, 0.182744642, 0.294755348, -0.93790218, 0.116943359, -0.953613281, -0.276977539, -0.976113399, -0.0588676282, -0.208800445, 1, 3, 5, 0, 
940.003809, 67, 0.1, 0.1, 0.225000012, -0.115000003, -0.0199636789, 0.707118733, -0.707094828, -3.55632168e-005, 0.707094827, 0.707118734, -3.38682619e-005, 4.90954896e-005, -1.19768415e-006, 0.999999999, 0.70711869, -0.707094872, -3.12606552e-005, 0.707094871, 0.70711869, -2.8827476e-005, 4.2488754e-005, -1.71980196e-006, 0.999999999, 0, 0, 0, 0, 0, 0, 0, 0.194488647, -0.0674106445, -0.177939966, -0.158468349, 0.664541743, -0.730228753, -0.676269531, 0.465698242, 0.570556641, 0.719314816, 0.584389921, 0.375817894, 0, 0, -0, 0, 0, 0, 0, 0.266386768, -0.047423291, -0.149741162, 0.183933138, 0.294333541, -0.937761822, 0.117797852, -0.953735352, -0.276245117, -0.975742997, -0.0595256755, -0.210135862, 1, 3, 5, 0, 
940.004655, 67, 0.1, 0.1, 0.225000008, -0.115000005, -0.0199628853, 0.70711875, -0.707094811, 4.34994153e-005, 0.70709481, 0.707118751, 3.34046404e-005, -5.43795001e-005, 7.13716322e-006, 0.999999998, 0.707118739, -0.707094823, 3.13752799e-005, 0.707094822, 0.707118739, 3.82536573e-005, -4.92350114e-005, -4.86458e-006, 0.999999999, 0, 0, 0, 0, 0, 0, 0, 0.194488647, -0.0674106445, -0.177939966, -0.158468349, 0.664541743, -0.730228753, -0.676269531, 0.465698242, 0.570556641, 0.719314816, 0.584389921, 0.375817894, 0, 0, -0, 0, 0, 0, 0, 0.266386768, -0.047423291, -0.149741162, 0.183933138, 0.294333541, -0.937761822, 0.117797852, -0.953735352, -0.276245117, -0.975742997, -0.0595256755, -0.210135862, 1, 3, 5, 0, 
940.005443, 67, 0.1, 0.1, 0.225000009, -0.115000005, -0.0199628775, 0.707118739, -0.707094823, -2.41023048e-005, 0.707094822, 0.70711874, -2.94548444e-005, 3.78705594e-005, 3.78545752e-006, 0.999999999, 0.707118762, -0.707094799, -1.95912083e-005, 0.707094799, 0.707118763, -2.58975799e-005, 3.2165355e-005, 4.45982315e-006, 0.999999999, 0, 0, 0, 0, 0, 0, 0, 0.194488647, -0.0674106445, -0.177939966, -0.158468349, 0.664541743, -0.730228753, -0.676269531, 0.465698242, 0.570556641, 0.719314816, 0.584389921, 0.375817894, 0, 0, -0, 0, 0, 0, 0, 0.266386768, -0.047423291, -0.149741162, 0.183933138, 0.294333541, -0.937761822, 0.117797852, -0.953735352, -0.276245117, -0.975742997, -0.0595256755, -0.210135862, 1, 3, 5, 0, 
940.006231, 67, 0.1, 0.1, 0.225000007, -0.115000008, -0.0199637681, 0.707118719, -0.707094842, 2.74149556e-005, 0.707094841, 0.70711872, 3.87340303e-005, -4.67742614e-005, -8.00458423e-006, 0.999999999, 0.707118732, -0.70709483, 3.28802567e-005, 0.707094829, 0.707118732, 2.7529547e-005, -4.27162458e-005, 3.78280116e-006, 0.999999999, 0, 0, 0, 0, 0, 0, 0, 0.194488647, -0.0674106445, -0.177939966, -0.158468349, 0.664541743, -0.730228753, -0.676269531, 0.465698242, 0.570556641, 0.719314816, 0.584389921, 0.375817894, 0, 0, -0, 0, 0, 0, 0, 0.266386768, -0.047423291, -0.149741162, 0.183933138, 0.294333541, -0.937761822, 0.117797852, -0.953735352, -0.276245117, -0.975742997, -0.0595256755, -0.210135862, 1, 3, 5, 0, 
940.007018, 67, 0.1, 0.1, 0.225000009, -0.115000006, -0.0199652342, 0.707118719, -0.707094843, -3.48050191e-005, 0.707094842, 0.70711872, -2.80704796e-005, 4.44597719e-005, -4.76128789e-006, 0.999999999, 0.707118699, -0.707094862, -3.10134031e-005, 0.707094862, 0.7071187, -2.35662854e-005, 3.85937566e-005, -5.26525688e-006, 0.999999999, 0, 0, 0, 0, 0, 0, 0, 0.194488647, -0.0674106445, -0.177939966, -0.158468349, 0.664541743, -0.730228753, -0.676269531, 0.465698242, 0.570556641, 0.719314816, 0.584389921, 0.375817894, 0, 0, -0, 0, 0, 0, 0, 0.266386768, -0.047423291, -0.149741162, 0.183933138, 0.294333541, -0.937761822, 0.117797852, -0.953735352, -0.276245117, -0.975742997, -0.0595256755, -0.210135862, 1, 3, 5, 0, 
940.007841, 67, 0.1, 0.1, 0.225000007, -0.115000007, -0.0199666626, 0.707118731, -0.70709483, 3.16995655e-005, 0.70709483, 0.707118732, 2.06262754e-005, -3.70000892e-005, 7.82937315e-006, 0.999999999, 0.707118717, -0.707094845, 1.90939669e-005, 0.707094844, 0.707118718, 2.62204077e-005, -3.20420166e-005, -5.03969552e-006, 0.999999999, 0, 0, 0, 0, 0, 0, 0, 0.194488647, -0.0674106445, -0.177939966, -0.15827851, 0.66395201, -0.730755206, -0.677612305, 0.465209961, 0.569580078, 0.718172421, 0.585348469, 0.376395644, 0, 0, -0, 0, 0, 0, 0, 0.266386768, -0.047423291, -0.149741162, 0.183933138, 0.294333541, -0.937761822, 0.117797852, -0.953735352, -0.276245117, -0.975742997, -0.0595256755, -0.210135862, 1, 3, 5, 0, 
940.008646, 67, 0.1, 0.1, 0.225000009, -0.115000005, -0.0199670782, 0.707118736, -0.707094825, -2.66588341e-005, 0.707094824, 0.707118737, -3.53292672e-005, 4.38321031e-005, 6.1316632e-006, 0.999999999, 0.707118755, -0.707094807, -2.33540625e-005, 0.707094806, 0.707118755, -3.25688579e-005, 3.95433659e-005, 6.51651389e-006, 0.999999999, 0, 0, 0, 0, 0, 0, 0, 0.195387842, -0.0681075928, -0.177965112, -0.15827851, 0.66395201, -0.730755206, -0.677612305, 0.465209961, 0.569580078, 0.718172421, 0.585348469, 0.376395644, 0, 0, -0, 0, 0, 0, 0, 0.26714292, -0.0481330566, -0.149536719, 0.185121635, 0.293898974, -0.937621464, 0.118652344, -0.953857422, -0.275512695, -0.975372596, -0.0600623212, -0.21147128, 1, 3, 5, 0, 
940.009432, 67, 0.1, 0.1, 0.225000007, -0.115000006, -0.0199669674, 0.707118728, -0.707094834, 2.34589346e-005, 0.707094833, 0.707118728, 2.99620318e-005, -3.77742498e-005, -4.59902236e-006, 0.999999999, 0.707118738, -0.707094823, 2.78527813e-005, 0.707094823, 0.707118739, 1.87743908e-005, -3.29704981e-005, 6.41883396e-006, 0.999999999, 0, 0, 0, 0, 0, 0, 0, 0.195387842, -0.0681075928, -0.177965112, -0.15827851, 0.66395201, -0.730755206, -0.677612305, 0.465209961, 0.569580078, 0.718172421, 0.585348469, 0.376395644, 0, 0, -0, 0, 0, 0, 0, 0.26714292, -0.0481330566, -0.149536719, 0.185121635, 0.293898974, -0.937621464, 0.118652344, -0.953857422, -0.275512695, -0.975372596, -0.0600623212, -0.21147128, 1, 3, 5, 0, 
940.010224, 67, 0.1, 0.1, 0.225000009, -0.115000004, -0.0199664081, 0.707118735, -0.707094827, -3.05899437e-005, 0.707094826, 0.707118736, -2.62966477e-005, 4.02249459e-005, -3.03513867e-006, 0.999999999, 0.707118715, -0.707094847, -2.8204193e-005, 0.707094847, 0.707118715, -2.33996741e-005, 3.64895017e-005, -3.39669209e-006, 0.999999999, 0, 0, 0, 0, 0, 0, 0, 0.195387842, -0.0681075928, -0.177965112, -0.15827851, 0.66395201, -0.730755206, -0.677612305, 0.465209961, 0.569580078, 0.718172421, 0.585348469, 0.376395644, 0, 0, -0, 0, 0, 0, 0, 0.26714292, -0.0481330566, -0.149536719, 0.185121635, 0.293898974, -0.937621464, 0.118652344, -0.953857422, -0.275512695, -0.975372596, -0.0600623212, -0.21147128, 1, 3, 5, 0, 
940.011053, 67, 0.1, 0.1, 0.225000006, -0.115000006, -0.0199651152, 0.707118744, -0.707094817, 3.90012304e-005, 0.707094817, 0.707118745, 2.91258781e-005, -4.81732586e-005, 6.98211354e-006, 0.999999999, 0.707118735, -0.707094827, 2.8303761e-005, 0.707094826, 0.707118735, 3.40630499e-005, -4.4099926e-005, -4.07317778e-006, 0.999999999, 0, 0, 0, 0, 0, 0, 0, 0.196288379, -0.068804541, -0.177767017, -0.158069576, 0.663362278, -0.73128166, -0.678710937, 0.46484375, 0.568481445, 0.717150593, 0.586307017, 0.376973394, 0, 0, -0, 0, 0, 0, 0, 0.268370459, -0.0486295898, -0.149122461, 0.186674336, 0.293355765, -0.937564228, 0.119628906, -0.953979492, -0.274658203, -0.974963915, -0.0607331283, -0.213183662, 1, 3, 5, 0, 
940.011841, 67, 0.1, 0.1, 0.225000007, -0.115000004, -0.019964092, 0.707118723, -0.707094839, -2.71502772e-005, 0.707094838, 0.707118723, -3.16764778e-005, 4.15967433e-005, 3.20120964e-006, 0.999999999, 0.707118747, -0.707094814, -2.29325993e-005, 0.707094814, 0.707118748, -2.86020535e-005, 3.64404346e-005, 4.00952623e-006, 0.999999999, 0, 0, 0, 0, 0, 0, 0, 0.196288379, -0.068804541, -0.177767017, -0.158069576, 0.663362278, -0.73128166, -0.678710937, 0.46484375, 0.568481445, 0.717150593, 0.586307017, 0.376973394, 0, 0, -0, 0, 0, 0, 0, 0.268370459, -0.0486295898, -0.149122461, 0.186674336, 0.293355765, -0.937564228, 0.119628906, -0.953979492, -0.274658203, -0.974963915, -0.0607331283, -0.213183662, 1, 3, 5, 0, 
940.012633, 67, 0.1, 0.1, 0.225000006, -0.115000007, -0.0199636248, 0.707118696, -0.707094865, 2.50801895e-005, 0.707094864, 0.707118697, 3.84283133e-005, -4.49071339e-005, -9.43930562e-006, 0.999999999, 0.707118711, -0.707094851, 3.06743009e-005, 0.70709485, 0.707118711, 2.66749718e-005, -4.05521073e-005, 2.82726854e-006, 0.999999999, 0, 0, 0, 0, 0, 0, 0, 0.196288379, -0.068804541, -0.177767017, -0.158069576, 0.663362278, -0.73128166, -0.678710937, 0.46484375, 0.568481445, 0.717150593, 0.586307017, 0.376973394, 0, 0, -0, 0, 0, 0, 0, 0.268370459, -0.0486295898, -0.149122461, 0.186674336, 0.293355765, -0.937564228, 0.119628906, -0.953979492, -0.274658203, -0.974963915, -0.0607331283, -0.213183662, 1, 3, 5, 0, 
940.013419, 67, 0.1, 0.1, 0.225000008, -0.115000006, -0.0199638767, 0.707118689, -0.707094872, -3.77338229e-005, 0.707094872, 0.70711869, -2.68098299e-005, 4.56393847e-005, -7.72366088e-006, 0.999999999, 0.70711867, -0.707094892, -3.42290446e-005, 0.707094891, 0.707118671, -2.27877538e-005, 4.03171008e-005, -8.08953643e-006, 0.999999999, 0, 0, 0, 0, 0, 0, 0, 0.196288379, -0.068804541, -0.177767017, -0.158069576, 0.663362278, -0.73128166, -0.678710937, 0.46484375, 0.568481445, 0.717150593, 0.586307017, 0.376973394, 0, 0, -0, 0, 0, 0, 0, 0.268370459, -0.0486295898, -0.149122461, 0.186674336, 0.293355765, -0.937564228, 0.119628906, -0.953979492, -0.274658203, -0.974963915, -0.0607331283, -0.213183662, 1, 3, 5, 0, 
940.014202, 67, 0.1, 0.1, 0.225000007, -0.115000007, -0.0199647628, 0.707118696, -0.707094865, 3.09452693e-005, 0.707094865, 0.707118697, 2.56014731e-005, -3.99846487e-005, 3.77796071e-006, 0.999999999, 0.707118686, -0.707094876, 1.90766248e-005, 0.707094876, 0.707118686, 3.04056411e-005, -3.49891109e-005, -8.01141333e-006, 0.999999999, 0, 0, 0, 0, 0, 0, 0, 0.196288379, -0.068804541, -0.177767017, -0.158069576, 0.663362278, -0.73128166, -0.678710937, 0.46484375, 0.568481445, 0.717150593, 0.586307017, 0.376973394, 0, 0, -0, 0, 0, 0, 0, 0.268370459, -0.0486295898, -0.149122461, 0.186674336, 0.293355765, -0.937564228, 0.119628906, -0.953979492, -0.274658203, -0.974963915, -0.0607331283, -0.213183662, 1, 3, 5, 0, 
940.014988, 67, 0.1, 0.1, 0.225000009, -0.115000006, -0.0199659255, 0.707118687, -0.707094875, -2.88769542e-005, 0.707094874, 0.707118687, -3.20562903e-005, 4.30862725e-005, 2.24885557e-006, 0.999999999, 0.707118708, -0.707094854, -2.55416826e-005, 0.707094853, 0.707118709, -2.90634708e-005, 3.86116323e-005, 2.4909316e-006, 0.999999999, 0, 0, 0, 0, 0, 0, 0, 0.196288379, -0.068804541, -0.177767017, -0.158069576, 0.663362278, -0.73128166, -0.678710937, 0.46484375, 0.568481445, 0.717150593, 0.586307017, 0.376973394, 0, 0, -0, 0, 0, 0, 0, 0.268370459, -0.0486295898, -0.149122461, 0.186674336, 0.293355765, -0.937564228, 0.119628906, -0.953979492, -0.274658203, -0.974963915, -0.0607331283, -0.213183662, 1, 3, 5, 0, 
940.015804, 67, 0.1, 0.1, 0.225000008, -0.115000008, -0.0199666061, 0.707118668, -0.707094893, 2.39963745e-005, 0.707094893, 0.707118669, 3.55162352e-005, -4.20816329e-005, -8.14647906e-006, 0.999999999, 0.70711868, -0.707094882, 2.82636218e-005, 0.707094881, 0.70711868, 2.46036837e-005, -3.73828738e-005, 2.58733795e-006, 0.999999999, 0, 0, 0, 0, 0, 0, 0, 0.197423022, -0.0694967285, -0.177573682, -0.157638603, 0.662874016, -0.731909584, -0.679931641, 0.464477539, 0.567260742, 0.715970007, 0.587125902, 0.377690807, 0, 0, -0, 0, 0, 0, 0, 0.269149805, -0.049354248, -0.148699902, 0.188239797, 0.292665635, -0.937385591, 0.120239258, -0.954101563, -0.273803711, -0.974676636, -0.061173892, -0.214883285, 1, 3, 5, 0, 
940.01659, 67, 0.1, 0.1, 0.225000009, -0.115000007, -0.0199669142, 0.707118676, -0.707094886, -3.04458883e-005, 0.707094885, 0.707118676, -2.32249874e-005, 3.79511261e-005, -5.10530957e-006, 0.999999999, 0.707118656, -0.707094906, -2.77219112e-005, 0.707094906, 0.707118656, -1.95573457e-005, 3.34315801e-005, -5.77265819e-006, 0.999999999, 0, 0, 0, 0, 0, 0, 0, 0.197423022, -0.0694967285, -0.177573682, -0.157638603, 0.662874016, -0.731909584, -0.679931641, 0.464477539, 0.567260742, 0.715970007, 0.587125902, 0.377690807, 0, 0, -0, 0, 0, 0, 0, 0.269149805, -0.049354248, -0.148699902, 0.188239797, 0.292665635, -0.937385591, 0.120239258, -0.954101563, -0.273803711, -0.974676636, -0.061173892, -0.214883285, 1, 3, 5, 0, 
940.017378, 67, 0.1, 0.1, 0.225000007, -0.115000008, -0.0199667892, 0.70711869, -0.707094871, 3.40990382e-005, 0.707094871, 0.707118691, 2.49970744e-005, -4.17873703e-005, 6.4353565e-006, 0.999999999, 0.707118679, -0.707094883, 2.32666882e-005, 0.707094882, 0.707118679, 2.99506635e-005, -3.76302708e-005, -4.72691741e-006, 0.999999999, 0, 0, 0, 0, 0, 0, 0, 0.197423022, -0.0694967285, -0.177573682, -0.157638603, 0.662874016, -0.731909584, -0.679931641, 0.464477539, 0.567260742, 0.715970007, 0.587125902, 0.377690807, 0, 0, -0, 0, 0, 0, 0, 0.269149805, -0.049354248, -0.148699902, 0.188239797, 0.292665635, -0.937385591, 0.120239258, -0.954101563, -0.273803711, -0.974676636, -0.061173892, -0.214883285, 1, 3, 5, 0, 
