time, trialNum, realDorsalTactorPos, realVentralTactorPos, boxPosX, boxPosY, boxPosZ, boxLocalRot_11, boxLocalRot_12, boxLocalRot_13, boxLocalRot_21, boxLocalRot_22, boxLocalRot_23, boxLocalRot_31, boxLocalRot_32, boxLocalRot_33, boxGlobalRot_11, boxGlobalRot_12, boxGlobalRot_13, boxGlobalRot_21, boxGlobalRot_22, boxGlobalRot_23, boxGlobalRot_31, boxGlobalRot_32, boxGlobalRot_33, indexForceX, indexForceY, indexForceZ, indexForceGlobalX, indexForceGlobalY, indexForceGlobalZ, indexContact, indexPosX, indexPosY, indexPosZ, indexRot_11, indexRot_12, indexRot_13, indexRot_21, indexRot_22, indexRot_23, indexRot_31, indexRot_32, indexRot_33, thumbForceX, thumbForceY, thumbForceZ, thumbForceGlobalX, thumbForceGlobalY, thumbForceGlobalZ, thumbContact, thumbPosX, thumbPosY, thumbPosZ, thumbRot_11, thumbRot_12, thumbRot_13, thumbRot_21, thumbRot_22, thumbRot_23, thumbRot_31, thumbRot_32, thumbRot_33, manipForceTooHigh, cceExpType, mapping, trialSuccess, 
793.578469, 65, 0.1, 0.1, 0.225, -0.11500002, -0.019976363, 0.70710678, -0.707106783, -7.6843432e-007, 0.707106782, 0.707106779, 4.02086589e-005, -2.78884504e-005, -2.89751805e-005, 0.999999999, 0.70710678, -0.707106782, -7.81543005e-007, 0.707106781, 0.707106779, 5.36800047e-005, -3.7404861e-005, -3.85101296e-005, 0.999999999, 0, 0, 0, 0, 0, 0, 0, 0.30693064, -0.113377222, -0.174828638, -0.404955791, 0.692032901, -0.597463979, -0.868164062, -0.0861816406, 0.488647461, 0.28672777, 0.716604837, 0.635838078, 0, -0, 0, 0, 0, 0, 0, 0.353294385, -0.0682115234, -0.136654443, -0.165908286, 0.598403875, -0.783750145, -0.317626953, -0.784790039, -0.531982422, -0.933466508, 0.160843464, 0.320343372, 1, 3, 5, 0, 
793.579197, 65, 0.1, 0.1, 0.225, -0.115000014, -0.0199623811, 0.707106782, -0.707106781, -3.95176733e-007, 0.70710678, 0.707106781, -3.45761213e-005, 2.47284419e-005, 2.41695777e-005, 0.999999999, 0.70710678, -0.707106782, 5.52093443e-007, 0.707106781, 0.707106779, -4.91127892e-005, 3.43375973e-005, 3.51183753e-005, 0.999999999, 0, 0, 0, 0, 0, 0, 0, 0.30693064, -0.113377222, -0.174828638, -0.404955791, 0.692032901, -0.597463979, -0.868164062, -0.0861816406, 0.488647461, 0.28672777, 0.716604837, 0.635838078, 0, -0, 0, 0, 0, 0, 0, 0.353294385, -0.0682115234, -0.136654443, -0.165908286, 0.598403875, -0.783750145, -0.317626953, -0.784790039, -0.531982422, -0.933466508, 0.160843464, 0.320343372, 1, 3, 5, 0, 
793.579954, 65, 0.1, 0.1, 0.225, -0.115000011, -0.0199506498, 0.707106788, -0.707106774, -8.53708602e-007, 0.707106774, 0.707106787, -4.22099123e-005, 3.04505781e-005, 2.92432524e-005, 0.999999999, 0.707106787, -0.707106775, -1.24210821e-006, 0.707106775, 0.707106787, -3.45970749e-005, 2.53421292e-005, 2.35855233e-005, 0.999999999, 0, 0, 0, 0, 0, 0, 0, 0.30693064, -0.113377222, -0.174828638, -0.404955791, 0.692032901, -0.597463979, -0.868164062, -0.0861816406, 0.488647461, 0.28672777, 0.716604837, 0.635838078, 0, -0, 0, 0, 0, 0, 0, 0.352883887, -0.0681875977, -0.137397021, -0.168911243, 0.599508883, -0.782305719, -0.317504883, -0.784423828, -0.532592773, -0.932922932, 0.158504751, 0.322950041, 1, 3, 5, 0, 
793.580653, 65, 0.1, 0.1, 0.225, -0.115000011, -0.0199460597, 0.707106786, -0.707106777, 7.87281151e-007, 0.707106777, 0.707106786, -1.94800698e-005, 1.32177975e-005, 1.43311814e-005, 1, 0.707106786, -0.707106776, 9.62395174e-007, 0.707106776, 0.707106786, 1.45063161e-005, -1.09380306e-005, -9.57699843e-006, 1, 0, 0, 0, 0, 0, 0, 0, 0.30693064, -0.113377222, -0.174828638, -0.404955791, 0.692032901, -0.597463979, -0.868164062, -0.0861816406, 0.488647461, 0.28672777, 0.716604837, 0.635838078, 0, -0, 0, 0, 0, 0, 0, 0.352883887, -0.0681875977, -0.137397021, -0.168911243, 0.599508883, -0.782305719, -0.317504883, -0.784423828, -0.532592773, -0.932922932, 0.158504751, 0.322950041, 1, 3, 5, 0, 
793.581347, 65, 0.1, 0.1, 0.225, -0.115000013, -0.0199487018, 0.707106789, -0.707106773, -8.69651901e-007, 0.707106773, 0.707106789, 2.67592382e-005, -1.83067018e-005, -1.95365757e-005, 1, 0.707106788, -0.707106774, -1.1240109e-006, 0.707106774, 0.707106788, 3.66366622e-005, -2.51112363e-005, -2.67008282e-005, 0.999999999, 0, 0, 0, 0, 0, 0, 0, 0.30693064, -0.113377222, -0.174828638, -0.404955791, 0.692032901, -0.597463979, -0.868164062, -0.0861816406, 0.488647461, 0.28672777, 0.716604837, 0.635838078, 0, -0, 0, 0, 0, 0, 0, 0.352883887, -0.0681875977, -0.137397021, -0.168911243, 0.599508883, -0.782305719, -0.317504883, -0.784423828, -0.532592773, -0.932922932, 0.158504751, 0.322950041, 1, 3, 5, 0, 
793.58212, 65, 0.1, 0.1, 0.225, -0.115000016, -0.0199578057, 0.707106793, -0.70710677, 1.08491531e-006, 0.707106769, 0.707106792, 4.5446489e-005, -3.2902671e-005, -3.13683701e-005, 0.999999999, 0.707106793, -0.70710677, 1.19178672e-006, 0.707106769, 0.707106792, 3.26686996e-005, -2.39429791e-005, -2.22575389e-005, 0.999999999, 0, 0, 0, 0, 0, 0, 0, 0.30693064, -0.113377222, -0.174828638, -0.406909957, 0.693187278, -0.594823478, -0.866943359, -0.0880126953, 0.490478516, 0.287655239, 0.715309674, 0.636902967, 0, -0, 0, 0, 0, 0, 0, 0.352883887, -0.0681875977, -0.137397021, -0.168911243, 0.599508883, -0.782305719, -0.317504883, -0.784423828, -0.532592773, -0.932922932, 0.158504751, 0.322950041, 1, 3, 5, 0, 
793.582818, 65, 0.1, 0.1, 0.225, -0.115000012, -0.0199680091, 0.707106784, -0.707106778, -1.7903774e-006, 0.707106777, 0.707106783, -5.80808699e-005, 4.23353648e-005, 3.98033891e-005, 0.999999998, 0.707106786, -0.707106776, -1.9775081e-006, 0.707106775, 0.707106785, -5.02542501e-005, 3.69334302e-005, 3.41368119e-005, 0.999999999, 0, 0, 0, 0, 0, 0, 0, 0.306610352, -0.113768652, -0.175583423, -0.406909957, 0.693187278, -0.594823478, -0.866943359, -0.0880126953, 0.490478516, 0.287655239, 0.715309674, 0.636902967, 0, -0, 0, 0, 0, 0, 0, 0.352883887, -0.0681875977, -0.137397021, -0.168911243, 0.599508883, -0.782305719, -0.317504883, -0.784423828, -0.532592773, -0.932922932, 0.158504751, 0.322950041, 1, 3, 5, 0, 
793.583556, 65, 0.1, 0.1, 0.225000001, -0.115000012, -0.0199776565, 0.707106699, -0.707106863, -1.53052831e-005, 0.707106863, 0.707106698, 4.48230826e-005, -2.08722412e-005, -4.25171727e-005, 0.999999999, 0.707106738, -0.707106825, -7.06007038e-006, 0.707106825, 0.707106737, 2.87401943e-005, -1.53301642e-005, -2.5314609e-005, 1, 0, 0, 0, 0, 0, 0, 0, 0.306610352, -0.113768652, -0.175583423, -0.406909957, 0.693187278, -0.594823478, -0.866943359, -0.0880126953, 0.490478516, 0.287655239, 0.715309674, 0.636902967, 0, -0, 0, 0, 0, 0, 0, 0.352883887, -0.0681875977, -0.137397021, -0.168911243, 0.599508883, -0.782305719, -0.317504883, -0.784423828, -0.532592773, -0.932922932, 0.158504751, 0.322950041, 1, 3, 5, 0, 
793.584248, 65, 0.1, 0.1, 0.225000007, -0.115000018, -0.0199835129, 0.707106422, -0.707107139, -3.31032567e-005, 0.70710714, 0.707106423, -7.08086502e-007, 2.39082184e-005, -2.29068566e-005, 0.999999999, 0.707106495, -0.707107066, -3.7091888e-005, 0.707107067, 0.707106495, 1.79446565e-005, 1.35391215e-005, -3.89167193e-005, 0.999999999, 0, 0, 0, 0, 0, 0, 0, 0.306610352, -0.113768652, -0.175583423, -0.406909957, 0.693187278, -0.594823478, -0.866943359, -0.0880126953, 0.490478516, 0.287655239, 0.715309674, 0.636902967, 0, -0, 0, 0, 0, 0, 0, 0.352883887, -0.0681875977, -0.137397021, -0.168911243, 0.599508883, -0.782305719, -0.317504883, -0.784423828, -0.532592773, -0.932922932, 0.158504751, 0.322950041, 1, 3, 5, 0, 
793.584963, 65, 0.1, 0.1, 0.225000004, -0.11500001, -0.0199848442, 0.70710583, -0.707107731, 4.46602013e-005, 0.707107732, 0.707105829, -3.91786425e-005, -3.87596762e-006, 5.92830202e-005, 0.999999998, 0.707105969, -0.707107593, 3.09588987e-005, 0.707107594, 0.707105967, -4.52672587e-005, 1.01176004e-005, 5.39000212e-005, 0.999999998, 0, 0, 0, 0, 0, 0, 0, 0.306810645, -0.114211719, -0.175338574, -0.40730386, 0.693269654, -0.594448671, -0.86706543, -0.0892333984, 0.489990234, 0.286728892, 0.715049443, 0.637708747, 0, -0, 0, 0, 0, 0, 0, 0.353035596, -0.0684481934, -0.137162305, -0.169844176, 0.599604398, -0.782024637, -0.315673828, -0.784790039, -0.533203125, -0.933389215, 0.156428164, 0.322611356, 1, 3, 5, 0, 
793.585647, 65, 0.1, 0.1, 0.224999998, -0.115000007, -0.0199817048, 0.707105083, -0.707108479, -1.45170301e-006, 0.707108479, 0.707105083, -4.86114081e-007, 1.37024197e-006, -6.82777773e-007, 1, 0.70710524, -0.707108322, 2.30453656e-005, 0.707108322, 0.70710524, -8.70403554e-006, -1.01408028e-005, 2.24502389e-005, 1, 0, 0, 0, 0, 0, 0, 0, 0.306810645, -0.114211719, -0.175338574, -0.40730386, 0.693269654, -0.594448671, -0.86706543, -0.0892333984, 0.489990234, 0.286728892, 0.715049443, 0.637708747, 0, -0, 0, 0, 0, 0, 0, 0.353035596, -0.0684481934, -0.137162305, -0.169844176, 0.599604398, -0.782024637, -0.315673828, -0.784790039, -0.533203125, -0.933389215, 0.156428164, 0.322611356, 1, 3, 5, 0, 
793.586331, 65, 0.1, 0.1, 0.225000001, -0.115000009, -0.0199754793, 0.70710445, -0.707109112, -9.40202285e-006, 0.707109112, 0.70710445, 2.36210135e-006, 4.97794881e-006, -8.31850841e-006, 1, 0.707104559, -0.707109003, -1.39631325e-005, 0.707109003, 0.707104559, 1.69296996e-005, -2.09774836e-006, -2.18445245e-005, 1, 0, 0, 0, 0, 0, 0, 0, 0.306810645, -0.114211719, -0.175338574, -0.40730386, 0.693269654, -0.594448671, -0.86706543, -0.0892333984, 0.489990234, 0.286728892, 0.715049443, 0.637708747, 0, -0, 0, 0, 0, 0, 0, 0.353035596, -0.0684481934, -0.137162305, -0.169844176, 0.599604398, -0.782024637, -0.315673828, -0.784790039, -0.533203125, -0.933389215, 0.156428164, 0.322611356, 1, 3, 5, 0, 
793.587022, 65, 0.1, 0.1, 0.224999999, -0.115000007, -0.0199681674, 0.707103829, -0.707109734, -9.81310048e-007, 0.707109734, 0.707103829, -1.9016304e-006, 2.03854945e-006, 6.50756247e-007, 1, 0.70710394, -0.707109623, 1.08170113e-005, 0.707109623, 0.707103939, -1.53539424e-005, 3.20816909e-006, 1.85056459e-005, 1, 0, 0, 0, 0, 0, 0, 0, 0.306810645, -0.114211719, -0.175338574, -0.40730386, 0.693269654, -0.594448671, -0.86706543, -0.0892333984, 0.489990234, 0.286728892, 0.715049443, 0.637708747, 0, -0, 0, 0, 0, 0, 0, 0.353035596, -0.0684481934, -0.137162305, -0.169844176, 0.599604398, -0.782024637, -0.315673828, -0.784790039, -0.533203125, -0.933389215, 0.156428164, 0.322611356, 1, 3, 5, 0, 
793.587706, 65, 0.1, 0.1, 0.225000004, -0.115000011, -0.0199621012, 0.707103279, -0.707110283, -2.96381457e-005, 0.707110283, 0.707103279, -1.05025447e-005, 2.83836874e-005, -1.35310538e-005, 1, 0.707103406, -0.707110155, -3.87880024e-005, 0.707110156, 0.707103406, 9.86076648e-006, 2.04544805e-005, -3.4399972e-005, 0.999999999, 0, 0, 0, 0, 0, 0, 0, 0.306810645, -0.114211719, -0.175338574, -0.40730386, 0.693269654, -0.594448671, -0.86706543, -0.0892333984, 0.489990234, 0.286728892, 0.715049443, 0.637708747, 0, -0, 0, 0, 0, 0, 0, 0.353035596, -0.0684481934, -0.137162305, -0.169844176, 0.599604398, -0.782024637, -0.315673828, -0.784790039, -0.533203125, -0.933389215, 0.156428164, 0.322611356, 1, 3, 5, 0, 
793.588394, 65, 0.1, 0.1, 0.224999998, -0.115000009, -0.0199587411, 0.707102377, -0.707111184, 3.60043396e-005, 0.707111184, 0.707102378, 1.6299329e-005, -3.6984192e-005, 1.39337769e-005, 0.999999999, 0.707102581, -0.70711098, 4.99695366e-005, 0.707110981, 0.707102582, 1.40928347e-006, -3.63301082e-005, 3.43375001e-005, 0.999999999, 0, 0, 0, 0, 0, 0, 0, 0.306810645, -0.114211719, -0.175338574, -0.40730386, 0.693269654, -0.594448671, -0.86706543, -0.0892333984, 0.489990234, 0.286728892, 0.715049443, 0.637708747, 0, -0, 0, 0, 0, 0, 0, 0.353035596, -0.0684481934, -0.137162305, -0.169844176, 0.599604398, -0.782024637, -0.315673828, -0.784790039, -0.533203125, -0.933389215, 0.156428164, 0.322611356, 1, 3, 5, 0, 
793.589079, 65, 0.1, 0.1, 0.225000002, -0.115000012, -0.0199589127, 0.707101216, -0.707112346, -5.875915e-006, 0.707112346, 0.707101216, 7.92751084e-006, -1.45077415e-006, -9.7604846e-006, 1, 0.707101455, -0.707112107, -3.10411138e-005, 0.707112107, 0.707101455, 1.41129293e-005, 1.19697935e-005, -3.19288202e-005, 0.999999999, 0, 0, 0, 0, 0, 0, 0, 0.306810645, -0.114211719, -0.175338574, -0.40730386, 0.693269654, -0.594448671, -0.86706543, -0.0892333984, 0.489990234, 0.286728892, 0.715049443, 0.637708747, 0, -0, 0, 0, 0, 0, 0, 0.353035596, -0.0684481934, -0.137162305, -0.169844176, 0.599604398, -0.782024637, -0.315673828, -0.784790039, -0.533203125, -0.933389215, 0.156428164, 0.322611356, 1, 3, 5, 0, 
793.589808, 65, 0.1, 0.1, 0.224999996, -0.115000006, -0.0199620989, 0.707100236, -0.707113326, 2.04162608e-005, 0.707113326, 0.707100236, -1.74036964e-005, -2.12995724e-006, 2.67427679e-005, 1, 0.707100422, -0.70711314, 3.38370328e-005, 0.70711314, 0.707100421, -3.12048649e-005, -1.86081014e-006, 4.59915837e-005, 0.999999999, 0, 0, 0, 0, 0, 0, 0, 0.30636416, -0.115089062, -0.175099097, -0.40730386, 0.693593164, -0.594150248, -0.86706543, -0.0894775391, 0.489990234, 0.286728892, 0.714751021, 0.638032257, 0, -0, 0, 0, 0, 0, 0, 0.352550781, -0.0687085449, -0.136935889, -0.170291503, 0.599514713, -0.781864956, -0.314331055, -0.78503418, -0.533569336, -0.93380446, 0.154945825, 0.322259911, 1, 3, 5, 0, 
793.590496, 65, 0.1, 0.1, 0.224999999, -0.115000008, -0.0199670696, 0.707099405, -0.707114157, -1.09769095e-005, 0.707114157, 0.707099405, 9.74033657e-007, 7.07301317e-006, -8.45066671e-006, 1, 0.707099548, -0.707114014, -1.48022478e-005, 0.707114014, 0.707099548, 1.81913943e-005, -2.39672707e-006, -2.33300036e-005, 1, 0, 0, 0, 0, 0, 0, 0, 0.30636416, -0.115089062, -0.175099097, -0.40730386, 0.693593164, -0.594150248, -0.86706543, -0.0894775391, 0.489990234, 0.286728892, 0.714751021, 0.638032257, 0, -0, 0, 0, 0, 0, 0, 0.352550781, -0.0687085449, -0.136935889, -0.170291503, 0.599514713, -0.781864956, -0.314331055, -0.78503418, -0.533569336, -0.93380446, 0.154945825, 0.322259911, 1, 3, 5, 0, 
793.5912, 65, 0.1, 0.1, 0.224999996, -0.115000004, -0.0199725885, 0.70709859, -0.707114972, 6.24275411e-006, 0.707114972, 0.70709859, -1.23287509e-005, 4.30360175e-006, 1.31319873e-005, 1, 0.707098736, -0.707114826, 1.6126936e-005, 0.707114827, 0.707098735, -2.30578178e-005, 4.90118875e-006, 2.77077494e-005, 1, 0, 0, 0, 0, 0, 0, 0, 0.30636416, -0.115089062, -0.175099097, -0.40730386, 0.693593164, -0.594150248, -0.86706543, -0.0894775391, 0.489990234, 0.286728892, 0.714751021, 0.638032257, 0, -0, 0, 0, 0, 0, 0, 0.352550781, -0.0687085449, -0.136935889, -0.170291503, 0.599514713, -0.781864956, -0.314331055, -0.78503418, -0.533569336, -0.93380446, 0.154945825, 0.322259911, 1, 3, 5, 0, 
793.591885, 65, 0.1, 0.1, 0.224999998, -0.115000007, -0.019976807, 0.707097908, -0.707115654, -5.06060348e-006, 0.707115654, 0.707097908, 1.46390228e-005, -6.77314003e-006, -1.39296543e-005, 1, 0.707098044, -0.707115518, -1.76583805e-005, 0.707115519, 0.707098043, 1.6625551e-005, 7.30021193e-007, -2.42424094e-005, 1, 0, 0, 0, 0, 0, 0, 0, 0.30636416, -0.115089062, -0.175099097, -0.40730386, 0.693593164, -0.594150248, -0.86706543, -0.0894775391, 0.489990234, 0.286728892, 0.714751021, 0.638032257, 0, -0, 0, 0, 0, 0, 0, 0.352550781, -0.0687085449, -0.136935889, -0.170291503, 0.599514713, -0.781864956, -0.314331055, -0.78503418, -0.533569336, -0.93380446, 0.154945825, 0.322259911, 1, 3, 5, 0, 
793.592574, 65, 0.1, 0.1, 0.224999998, -0.115000005, -0.0199788048, 0.707097421, -0.707116141, -1.0587951e-005, 0.707116141, 0.707097422, -1.1621617e-005, 1.57045458e-005, 7.30704337e-007, 1, 0.707097497, -0.707116065, -4.20640858e-006, 0.707116065, 0.707097497, -2.01472164e-005, 1.72207613e-005, 1.12716272e-005, 1, 0, 0, 0, 0, 0, 0, 0, 0.30636416, -0.115089062, -0.175099097, -0.40730386, 0.693593164, -0.594150248, -0.86706543, -0.0894775391, 0.489990234, 0.286728892, 0.714751021, 0.638032257, 0, -0, 0, 0, 0, 0, 0, 0.352550781, -0.0687085449, -0.136935889, -0.170291503, 0.599514713, -0.781864956, -0.314331055, -0.78503418, -0.533569336, -0.93380446, 0.154945825, 0.322259911, 1, 3, 5, 0, 
793.593309, 65, 0.1, 0.1, 0.225, -0.115000009, -0.0199777509, 0.707097167, -0.707116395, 6.60305024e-007, 0.707116395, 0.707097167, 1.12162412e-005, -8.39808785e-006, -7.46405987e-006, 1, 0.707097202, -0.70711636, -3.65751399e-006, 0.70711636, 0.707097202, 2.47769776e-005, -1.49339883e-005, -2.01060195e-005, 1, 0, 0, 0, 0, 0, 0, 0, 0.30636416, -0.115089062, -0.175099097, -0.40730386, 0.693593164, -0.594150248, -0.86706543, -0.0894775391, 0.489990234, 0.286728892, 0.714751021, 0.638032257, 0, -0, 0, 0, 0, 0, 0, 0.352550781, -0.0687085449, -0.136935889, -0.170291503, 0.599514713, -0.781864956, -0.314331055, -0.78503418, -0.533569336, -0.93380446, 0.154945825, 0.322259911, 1, 3, 5, 0, 
793.593998, 65, 0.1, 0.1, 0.224999998, -0.115000007, -0.0199742702, 0.707097, -0.707116562, 1.54053458e-005, 0.707116562, 0.707097, 7.29562862e-006, -1.60519336e-005, 5.73465803e-006, 1, 0.707097036, -0.707116526, 1.34746761e-005, 0.707116526, 0.707097036, -1.39439135e-005, 3.32068131e-007, 1.9387866e-005, 1, 0, 0, 0, 0, 0, 0, 0, 0.30636416, -0.115089062, -0.175099097, -0.40730386, 0.693593164, -0.594150248, -0.86706543, -0.0894775391, 0.489990234, 0.286728892, 0.714751021, 0.638032257, 0, -0, 0, 0, 0, 0, 0, 0.352550781, -0.0687085449, -0.136935889, -0.170291503, 0.599514713, -0.781864956, -0.314331055, -0.78503418, -0.533569336, -0.93380446, 0.154945825, 0.322259911, 1, 3, 5, 0, 
793.594714, 65, 0.1, 0.1, 0.225, -0.115000011, -0.0199693243, 0.707096619, -0.707116943, -1.66481543e-005, 0.707116943, 0.707096619, -7.10050835e-006, 1.67927434e-005, -6.7514465e-006, 1, 0.707096714, -0.707116848, -2.26936949e-005, 0.707116848, 0.707096714, 1.16464415e-005, 7.81124209e-006, -2.42822545e-005, 1, 0, 0, 0, 0, 0, 0, 0, 0.305787671, -0.114438989, -0.175028662, -0.409760514, 0.693212366, -0.592810902, -0.866333008, -0.0925292969, 0.490600586, 0.285264109, 0.714687741, 0.638685269, 0, -0, 0, 0, 0, 0, 0, 0.352387939, -0.068123291, -0.136686035, -0.172559854, 0.599411901, -0.781513511, -0.311401367, -0.785888672, -0.534057617, -0.934411101, 0.151252738, 0.322419592, 1, 3, 5, 0, 
793.595408, 65, 0.1, 0.1, 0.224999995, -0.115000008, -0.0199649424, 0.707095939, -0.707117623, 2.5315206e-005, 0.707117623, 0.707095939, 9.64164552e-006, -2.47180568e-005, 1.10832599e-005, 1, 0.707096095, -0.707117466, 4.01038088e-005, 0.707117467, 0.707096095, -2.81808118e-006, -2.63645322e-005, 3.03507579e-005, 0.999999999, 0, 0, 0, 0, 0, 0, 0, 0.305787671, -0.114438989, -0.175028662, -0.409760514, 0.693212366, -0.592810902, -0.866333008, -0.0925292969, 0.490600586, 0.285264109, 0.714687741, 0.638685269, 0, -0, 0, 0, 0, 0, 0, 0.352387939, -0.068123291, -0.136686035, -0.172559854, 0.599411901, -0.781513511, -0.311401367, -0.785888672, -0.534057617, -0.934411101, 0.151252738, 0.322419592, 1, 3, 5, 0, 
793.596098, 65, 0.1, 0.1, 0.225, -0.115000011, -0.0199623196, 0.707095028, -0.707118534, -1.44809266e-005, 0.707118534, 0.707095028, -1.02208521e-006, 1.09621266e-005, -9.51702025e-006, 1, 0.707095218, -0.707118344, -3.74217285e-005, 0.707118344, 0.707095218, 5.03133268e-006, 2.29029776e-005, -3.0019222e-005, 0.999999999, 0, 0, 0, 0, 0, 0, 0, 0.305787671, -0.114438989, -0.175028662, -0.409760514, 0.693212366, -0.592810902, -0.866333008, -0.0925292969, 0.490600586, 0.285264109, 0.714687741, 0.638685269, 0, -0, 0, 0, 0, 0, 0, 0.352387939, -0.068123291, -0.136686035, -0.172559854, 0.599411901, -0.781513511, -0.311401367, -0.785888672, -0.534057617, -0.934411101, 0.151252738, 0.322419592, 1, 3, 5, 0, 
793.596816, 65, 0.1, 0.1, 0.224999994, -0.115000008, -0.0199619071, 0.707094134, -0.707119428, -6.65896048e-007, 0.707119428, 0.707094134, -2.11916765e-005, 1.54558973e-005, 1.45136421e-005, 1, 0.707094308, -0.707119254, 3.35172121e-005, 0.707119254, 0.707094308, -1.876073e-005, -1.04337564e-005, 3.69662714e-005, 0.999999999, 0, 0, 0, 0, 0, 0, 0, 0.305675366, -0.114254443, -0.174781738, -0.411830378, 0.692425682, -0.592372816, -0.866088867, -0.0953369141, 0.490478516, 0.283120104, 0.715183115, 0.639110251, 0, -0, 0, 0, 0, 0, 0, 0.352387939, -0.068123291, -0.136686035, -0.174074276, 0.599040767, -0.781424192, -0.308105469, -0.786743164, -0.534545898, -0.935183987, 0.147776934, 0.321569781, 1, 3, 5, 0, 
793.597507, 65, 0.1, 0.1, 0.224999999, -0.115000011, -0.0199636104, 0.707093677, -0.707119885, 6.33741086e-006, 0.707119884, 0.707093677, 2.7661668e-005, -2.40412587e-005, -1.50780813e-005, 1, 0.707093732, -0.70711983, -1.45961335e-005, 0.70711983, 0.707093731, 3.24685959e-005, -1.26383535e-005, -3.32795561e-005, 0.999999999, 0, 0, 0, 0, 0, 0, 0, 0.305675366, -0.114254443, -0.174781738, -0.411830378, 0.692425682, -0.592372816, -0.866088867, -0.0953369141, 0.490478516, 0.283120104, 0.715183115, 0.639110251, 0, -0, 0, 0, 0, 0, 0, 0.352494727, -0.0679977051, -0.136474756, -0.174074276, 0.599040767, -0.781424192, -0.308105469, -0.786743164, -0.534545898, -0.935183987, 0.147776934, 0.321569781, 1, 3, 5, 0, 
793.598192, 65, 0.1, 0.1, 0.224999996, -0.115000007, -0.0199670735, 0.707093674, -0.707119888, -4.67978579e-006, 0.707119888, 0.707093674, -2.19398212e-005, 1.88231308e-005, 1.22043392e-005, 1, 0.707093648, -0.707119914, 6.7927199e-006, 0.707119913, 0.707093648, -3.36318218e-005, 1.89786418e-005, 2.85841151e-005, 0.999999999, 0, 0, 0, 0, 0, 0, 0, 0.305675366, -0.114254443, -0.174781738, -0.411830378, 0.692425682, -0.592372816, -0.866088867, -0.0953369141, 0.490478516, 0.283120104, 0.715183115, 0.639110251, 0, -0, 0, 0, 0, 0, 0, 0.352494727, -0.0679977051, -0.136474756, -0.174074276, 0.599040767, -0.781424192, -0.308105469, -0.786743164, -0.534545898, -0.935183987, 0.147776934, 0.321569781, 1, 3, 5, 0, 
793.598879, 65, 0.1, 0.1, 0.224999998, -0.115000012, -0.0199711828, 0.707093956, -0.707119606, -6.25779173e-007, 0.707119606, 0.707093956, 1.73598122e-005, -1.18329789e-005, -1.2717519e-005, 1, 0.707093891, -0.707119671, -4.89802457e-006, 0.707119671, 0.707093891, 3.38101389e-005, -2.04444511e-005, -2.73704322e-005, 0.999999999, 0, 0, 0, 0, 0, 0, 0, 0.305675366, -0.114254443, -0.174781738, -0.411830378, 0.692425682, -0.592372816, -0.866088867, -0.0953369141, 0.490478516, 0.283120104, 0.715183115, 0.639110251, 0, -0, 0, 0, 0, 0, 0, 0.352494727, -0.0679977051, -0.136474756, -0.174074276, 0.599040767, -0.781424192, -0.308105469, -0.786743164, -0.534545898, -0.935183987, 0.147776934, 0.321569781, 1, 3, 5, 0, 
793.599579, 65, 0.1, 0.1, 0.224999996, -0.115000008, -0.0199745965, 0.707094257, -0.707119305, 1.57044847e-005, 0.707119305, 0.707094257, -3.47947239e-006, -8.64414887e-006, 1.35652593e-005, 1, 0.707094206, -0.707119356, 1.37337237e-005, 0.707119356, 0.707094206, -2.29371889e-005, 6.50829376e-006, 2.59301353e-005, 1, 0, 0, 0, 0, 0, 0, 0, 0.305675366, -0.114254443, -0.174781738, -0.411830378, 0.692425682, -0.592372816, -0.866088867, -0.0953369141, 0.490478516, 0.283120104, 0.715183115, 0.639110251, 0, -0, 0, 0, 0, 0, 0, 0.352494727, -0.0679977051, -0.136474756, -0.174074276, 0.599040767, -0.781424192, -0.308105469, -0.786743164, -0.534545898, -0.935183987, 0.147776934, 0.321569781, 1, 3, 5, 0, 
793.600278, 65, 0.1, 0.1, 0.224999997, -0.11500001, -0.0199763162, 0.707094318, -0.707119244, -1.46284064e-005, 0.707119244, 0.707094318, -7.04690473e-006, 1.5326665e-005, -5.36120139e-006, 1, 0.707094326, -0.707119236, -1.80322974e-005, 0.707119236, 0.707094326, 6.42169764e-006, 8.20962925e-006, -1.72917303e-005, 1, 0, 0, 0, 0, 0, 0, 0, 0.305675366, -0.114254443, -0.174781738, -0.411830378, 0.692425682, -0.592372816, -0.866088867, -0.0953369141, 0.490478516, 0.283120104, 0.715183115, 0.639110251, 0, -0, 0, 0, 0, 0, 0, 0.352494727, -0.0679977051, -0.136474756, -0.174074276, 0.599040767, -0.781424192, -0.308105469, -0.786743164, -0.534545898, -0.935183987, 0.147776934, 0.321569781, 1, 3, 5, 0, 
793.600965, 65, 0.1, 0.1, 0.224999994, -0.115000008, -0.0199760465, 0.707094112, -0.70711945, 1.60000572e-005, 0.70711945, 0.707094112, 4.64792092e-006, -1.46001815e-005, 8.02743414e-006, 1, 0.70709417, -0.707119391, 2.54838592e-005, 0.707119392, 0.70709417, -4.08690371e-006, -1.51295594e-005, 2.09099568e-005, 1, 0, 0, 0, 0, 0, 0, 0, 0.305675366, -0.114254443, -0.174781738, -0.411830378, 0.692425682, -0.592372816, -0.866088867, -0.0953369141, 0.490478516, 0.283120104, 0.715183115, 0.639110251, 0, -0, 0, 0, 0, 0, 0, 0.352494727, -0.0679977051, -0.136474756, -0.174074276, 0.599040767, -0.781424192, -0.308105469, -0.786743164, -0.534545898, -0.935183987, 0.147776934, 0.321569781, 1, 3, 5, 0, 
793.601685, 65, 0.1, 0.1, 0.224999998, -0.11500001, -0.0199737086, 0.707093693, -0.707119869, -9.10576482e-006, 0.707119869, 0.707093693, -9.89582074e-007, 7.13838202e-006, -5.73913998e-006, 1, 0.707093779, -0.707119783, -2.54636545e-005, 0.707119783, 0.707093779, 2.7038432e-006, 1.60932506e-005, -1.99177245e-005, 1, 0, 0, 0, 0, 0, 0, 0, 0.306498145, -0.11388877, -0.174386768, -0.413031183, 0.690769938, -0.593375547, -0.866455078, -0.0975341797, 0.489501953, 0.280220495, 0.716434095, 0.639021884, 0, -0, 0, 0, 0, 0, 0, 0.35330127, -0.0678367188, -0.136253223, -0.175262772, 0.598772077, -0.781411432, -0.306274414, -0.787353516, -0.534790039, -0.935554388, 0.145662068, 0.321448379, 1, 3, 5, 0, 
793.602376, 65, 0.1, 0.1, 0.224999994, -0.115000008, -0.0199703341, 0.707093299, -0.707120263, -1.46310773e-006, 0.707120263, 0.707093299, -1.25678335e-005, 9.92152343e-006, 7.85203776e-006, 1, 0.70709337, -0.707120192, 2.26536696e-005, 0.707120193, 0.70709337, -1.13986105e-005, -7.95807188e-006, 2.40787491e-005, 1, 0, 0, 0, 0, 0, 0, 0, 0.306498145, -0.11388877, -0.174386768, -0.413031183, 0.690769938, -0.593375547, -0.866455078, -0.0975341797, 0.489501953, 0.280220495, 0.716434095, 0.639021884, 0, -0, 0, 0, 0, 0, 0, 0.35330127, -0.0678367188, -0.136253223, -0.175262772, 0.598772077, -0.781411432, -0.306274414, -0.787353516, -0.534790039, -0.935554388, 0.145662068, 0.321448379, 1, 3, 5, 0, 
793.603065, 65, 0.1, 0.1, 0.224999997, -0.115000011, -0.0199670682, 0.70709319, -0.707120372, 1.20605986e-005, 0.707120372, 0.70709319, 2.64038161e-005, -2.71986434e-005, -1.01416635e-005, 1, 0.707093183, -0.707120379, -7.58166217e-006, 0.707120379, 0.707093183, 3.17870577e-005, -1.71163346e-005, -2.78375596e-005, 0.999999999, 0, 0, 0, 0, 0, 0, 0, 0.306498145, -0.11388877, -0.174386768, -0.413031183, 0.690769938, -0.593375547, -0.866455078, -0.0975341797, 0.489501953, 0.280220495, 0.716434095, 0.639021884, 0, -0, 0, 0, 0, 0, 0, 0.35330127, -0.0678367188, -0.136253223, -0.175262772, 0.598772077, -0.781411432, -0.306274414, -0.787353516, -0.534790039, -0.935554388, 0.145662068, 0.321448379, 1, 3, 5, 0, 
793.603754, 65, 0.1, 0.1, 0.224999994, -0.115000008, -0.0199648565, 0.707093466, -0.707120096, -5.63879011e-006, 0.707120095, 0.707093466, -1.91981076e-005, 1.75625193e-005, 9.58755466e-006, 1, 0.707093386, -0.707120176, 7.08206449e-006, 0.707120176, 0.707093386, -3.29023442e-005, 1.82582305e-005, 2.82729007e-005, 0.999999999, 0, 0, 0, 0, 0, 0, 0, 0.306498145, -0.11388877, -0.174386768, -0.413031183, 0.690769938, -0.593375547, -0.866455078, -0.0975341797, 0.489501953, 0.280220495, 0.716434095, 0.639021884, 0, -0, 0, 0, 0, 0, 0, 0.35330127, -0.0678367188, -0.136253223, -0.175262772, 0.598772077, -0.781411432, -0.306274414, -0.787353516, -0.534790039, -0.935554388, 0.145662068, 0.321448379, 1, 3, 5, 0, 
793.60444, 65, 0.1, 0.1, 0.224999996, -0.115000014, -0.0199642971, 0.707094023, -0.707119539, 1.21297291e-006, 0.707119539, 0.707094023, 1.9535398e-005, -1.46715475e-005, -1.29556463e-005, 1, 0.707093905, -0.707119657, -3.97947726e-006, 0.707119657, 0.707093904, 4.09699769e-005, -2.61568119e-005, -3.17835876e-005, 0.999999999, 0, 0, 0, 0, 0, 0, 0, 0.306498145, -0.11388877, -0.174386768, -0.413031183, 0.690769938, -0.593375547, -0.866455078, -0.0975341797, 0.489501953, 0.280220495, 0.716434095, 0.639021884, 0, -0, 0, 0, 0, 0, 0, 0.35330127, -0.0678367188, -0.136253223, -0.175262772, 0.598772077, -0.781411432, -0.306274414, -0.787353516, -0.534790039, -0.935554388, 0.145662068, 0.321448379, 1, 3, 5, 0, 
793.605128, 65, 0.1, 0.1, 0.224999993, -0.115000009, -0.0199654279, 0.707094569, -0.707118993, 1.8313387e-005, 0.707118993, 0.707094569, -1.77313266e-006, -1.16954807e-005, 1.42035162e-005, 1, 0.707094471, -0.707119091, 1.63520038e-005, 0.707119091, 0.707094471, -2.8759822e-005, 8.7742077e-006, 3.18987252e-005, 0.999999999, 0, 0, 0, 0, 0, 0, 0, 0.306498145, -0.11388877, -0.174386768, -0.413031183, 0.690769938, -0.593375547, -0.866455078, -0.0975341797, 0.489501953, 0.280220495, 0.716434095, 0.639021884, 0, -0, 0, 0, 0, 0, 0, 0.35330127, -0.0678367188, -0.136253223, -0.175262772, 0.598772077, -0.781411432, -0.306274414, -0.787353516, -0.534790039, -0.935554388, 0.145662068, 0.321448379, 1, 3, 5, 0, 
793.605819, 65, 0.1, 0.1, 0.224999996, -0.115000013, -0.0199678052, 0.707094784, -0.707118777, -2.54389136e-005, 0.707118777, 0.707094785, -7.91518697e-006, 2.35847005e-005, -1.23915461e-005, 1, 0.707094772, -0.70711879, -2.96287273e-005, 0.70711879, 0.707094772, 1.11018461e-005, 1.30999942e-005, -2.88010872e-005, 0.999999999, 0, 0, 0, 0, 0, 0, 0, 0.306498145, -0.11388877, -0.174386768, -0.413031183, 0.690769938, -0.593375547, -0.866455078, -0.0975341797, 0.489501953, 0.280220495, 0.716434095, 0.639021884, 0, -0, 0, 0, 0, 0, 0, 0.35330127, -0.0678367188, -0.136253223, -0.175262772, 0.598772077, -0.781411432, -0.306274414, -0.787353516, -0.534790039, -0.935554388, 0.145662068, 0.321448379, 1, 3, 5, 0, 
793.606539, 65, 0.1, 0.1, 0.224999993, -0.115000009, -0.0199704773, 0.707094603, -0.707118959, 2.00106633e-005, 0.707118959, 0.707094603, 2.86448657e-006, -1.61749648e-005, 1.21244564e-005, 1, 0.70709466, -0.707118902, 3.07853026e-005, 0.707118902, 0.70709466, -7.38813929e-006, -1.65438302e-005, 2.69929832e-005, 0.999999999, 0, 0, 0, 0, 0, 0, 0, 0.307358032, -0.114402515, -0.174008643, -0.413602941, 0.689374426, -0.594651614, -0.866577148, -0.0979003906, 0.489135742, 0.278951541, 0.71776745, 0.637988074, 0, -0, 0, 0, 0, 0, 0, 0.353684766, -0.0683364258, -0.136261279, -0.176259504, 0.598069187, -0.781718034, -0.306152344, -0.788085938, -0.533935547, -0.935413663, 0.145342706, 0.322029868, 1, 3, 5, 0, 
793.607225, 65, 0.1, 0.1, 0.224999997, -0.11500001, -0.0199726019, 0.707094188, -0.707119374, -1.47575319e-005, 0.707119374, 0.707094188, -1.38716529e-006, 1.14158565e-005, -9.45448023e-006, 1, 0.707094276, -0.707119285, -3.04737632e-005, 0.707119286, 0.707094276, 2.50111071e-006, 1.97792399e-005, -2.33171067e-005, 1, 0, 0, 0, 0, 0, 0, 0, 0.307358032, -0.114402515, -0.174008643, -0.413602941, 0.689374426, -0.594651614, -0.866577148, -0.0979003906, 0.489135742, 0.278951541, 0.71776745, 0.637988074, 0, -0, 0, 0, 0, 0, 0, 0.353684766, -0.0683364258, -0.136261279, -0.176259504, 0.598069187, -0.781718034, -0.306152344, -0.788085938, -0.533935547, -0.935413663, 0.145342706, 0.322029868, 1, 3, 5, 0, 
793.607909, 65, 0.1, 0.1, 0.224999994, -0.115000009, -0.0199738641, 0.707093781, -0.707119781, -3.66272066e-007, 0.707119781, 0.707093781, -1.41104067e-005, 1.02367364e-005, 9.71838257e-006, 1, 0.707093854, -0.707119708, 1.990234e-005, 0.707119708, 0.707093854, -1.26488532e-005, -5.12856895e-006, 2.30172632e-005, 1, 0, 0, 0, 0, 0, 0, 0, 0.307358032, -0.114402515, -0.174008643, -0.413602941, 0.689374426, -0.594651614, -0.866577148, -0.0979003906, 0.489135742, 0.278951541, 0.71776745, 0.637988074, 0, -0, 0, 0, 0, 0, 0, 0.353684766, -0.0683364258, -0.136261279, -0.176259504, 0.598069187, -0.781718034, -0.306152344, -0.788085938, -0.533935547, -0.935413663, 0.145342706, 0.322029868, 1, 3, 5, 0, 
793.608598, 65, 0.1, 0.1, 0.224999996, -0.115000011, -0.0199739489, 0.707093624, -0.707119938, 7.72303463e-006, 0.707119938, 0.707093624, 1.86679738e-005, -1.8661405e-005, -7.73889349e-006, 1, 0.707093632, -0.70711993, -7.58636859e-006, 0.70711993, 0.707093631, 2.24629415e-005, -1.05197207e-005, -2.12478753e-005, 1, 0, 0, 0, 0, 0, 0, 0, 0.307358032, -0.114402515, -0.174008643, -0.413602941, 0.689374426, -0.594651614, -0.866577148, -0.0979003906, 0.489135742, 0.278951541, 0.71776745, 0.637988074, 0, -0, 0, 0, 0, 0, 0, 0.353684766, -0.0683364258, -0.136261279, -0.176259504, 0.598069187, -0.781718034, -0.306152344, -0.788085938, -0.533935547, -0.935413663, 0.145342706, 0.322029868, 1, 3, 5, 0, 
793.609288, 65, 0.1, 0.1, 0.224999994, -0.115000008, -0.0199728682, 0.707093777, -0.707119786, -4.63562769e-006, 0.707119785, 0.707093777, -1.5620947e-005, 1.43237042e-005, 7.76753036e-006, 1, 0.707093727, -0.707119835, 4.8989237e-006, 0.707119835, 0.707093726, -2.63758565e-005, 1.51868931e-005, 2.21143288e-005, 1, 0, 0, 0, 0, 0, 0, 0, 0.307358032, -0.114402515, -0.174008643, -0.413602941, 0.689374426, -0.594651614, -0.866577148, -0.0979003906, 0.489135742, 0.278951541, 0.71776745, 0.637988074, 0, -0, 0, 0, 0, 0, 0, 0.353684766, -0.0683364258, -0.136261279, -0.176259504, 0.598069187, -0.781718034, -0.306152344, -0.788085938, -0.533935547, -0.935413663, 0.145342706, 0.322029868, 1, 3, 5, 0, 
793.609985, 65, 0.1, 0.1, 0.224999995, -0.115000012, -0.0199709506, 0.707094159, -0.707119403, 2.46843e-006, 0.707119403, 0.707094159, 1.27283379e-005, -1.07458671e-005, -7.25465864e-006, 1, 0.707094074, -0.707119488, -2.00508648e-006, 0.707119488, 0.707094074, 3.09878094e-005, -2.04942991e-005, -2.33291321e-005, 1, 0, 0, 0, 0, 0, 0, 0, 0.307358032, -0.114402515, -0.174008643, -0.413602941, 0.689374426, -0.594651614, -0.866577148, -0.0979003906, 0.489135742, 0.278951541, 0.71776745, 0.637988074, 0, -0, 0, 0, 0, 0, 0, 0.353684766, -0.0683364258, -0.136261279, -0.176259504, 0.598069187, -0.781718034, -0.306152344, -0.788085938, -0.533935547, -0.935413663, 0.145342706, 0.322029868, 1, 3, 5, 0, 
793.610678, 65, 0.1, 0.1, 0.224999993, -0.115000008, -0.0199687749, 0.70709454, -0.707119022, 1.6433346e-005, 0.707119022, 0.70709454, 1.03203586e-006, -1.23497014e-005, 1.08905846e-005, 1, 0.707094473, -0.707119089, 1.49489248e-005, 0.707119089, 0.707094472, -2.42137509e-005, 6.55170337e-006, 2.76920795e-005, 1, 0, 0, 0, 0, 0, 0, 0, 0.307358032, -0.114402515, -0.174008643, -0.413602941, 0.689374426, -0.594651614, -0.866577148, -0.0979003906, 0.489135742, 0.278951541, 0.71776745, 0.637988074, 0, -0, 0, 0, 0, 0, 0, 0.353684766, -0.0683364258, -0.136261279, -0.176259504, 0.598069187, -0.781718034, -0.306152344, -0.788085938, -0.533935547, -0.935413663, 0.145342706, 0.322029868, 1, 3, 5, 0, 
793.611396, 65, 0.1, 0.1, 0.224999996, -0.115000011, -0.0199667896, 0.707094625, -0.707118937, -2.61463748e-005, 0.707118937, 0.707094625, -1.29309562e-005, 2.76316851e-005, -9.34518714e-006, 1, 0.707094638, -0.707118924, -3.13693685e-005, 0.707118924, 0.707094638, 6.64885597e-006, 1.74795804e-005, -2.68832445e-005, 0.999999999, 0, 0, 0, 0, 0, 0, 0, 0.307801831, -0.114875488, -0.173591943, -0.413641133, 0.688828877, -0.595210268, -0.866699219, -0.0977783203, 0.489135742, 0.278710406, 0.718224632, 0.637582188, 0, -0, 0, 0, 0, 0, 0, 0.353671582, -0.0685496582, -0.1360146, -0.176527827, 0.598177829, -0.781526271, -0.306518555, -0.787963867, -0.533813477, -0.93519638, 0.145476867, 0.322540994, 1, 3, 5, 0, 
793.612089, 65, 0.1, 0.1, 0.224999993, -0.115000008, -0.0199657667, 0.707094316, -0.707119246, 1.96423491e-005, 0.707119246, 0.707094317, 3.65198279e-006, -1.64713807e-005, 1.13071868e-005, 1, 0.707094404, -0.707119157, 3.30814739e-005, 0.707119158, 0.707094404, -9.06486249e-006, -1.69817871e-005, 2.98022575e-005, 0.999999999, 0, 0, 0, 0, 0, 0, 0, 0.307801831, -0.114875488, -0.173591943, -0.413641133, 0.688828877, -0.595210268, -0.866699219, -0.0977783203, 0.489135742, 0.278710406, 0.718224632, 0.637582188, 0, -0, 0, 0, 0, 0, 0, 0.353671582, -0.0685496582, -0.1360146, -0.176527827, 0.598177829, -0.781526271, -0.306518555, -0.787963867, -0.533813477, -0.93519638, 0.145476867, 0.322540994, 1, 3, 5, 0, 
793.612775, 65, 0.1, 0.1, 0.224999999, -0.115000009, -0.0199660054, 0.707093743, -0.707119819, -1.85138019e-005, 0.707119819, 0.707093743, -1.83214104e-006, 1.43865367e-005, -1.17959808e-005, 1, 0.707093863, -0.707119698, -3.87952635e-005, 0.707119699, 0.707093864, 2.99413532e-006, 2.53146807e-005, -2.95500298e-005, 0.999999999, 0, 0, 0, 0, 0, 0, 0, 0.307801831, -0.114875488, -0.173591943, -0.413641133, 0.688828877, -0.595210268, -0.866699219, -0.0977783203, 0.489135742, 0.278710406, 0.718224632, 0.637582188, 0, -0, 0, 0, 0, 0, 0, 0.353671582, -0.0685496582, -0.1360146, -0.176527827, 0.598177829, -0.781526271, -0.306518555, -0.787963867, -0.533813477, -0.93519638, 0.145476867, 0.322540994, 1, 3, 5, 0, 
793.613478, 65, 0.1, 0.1, 0.224999994, -0.115000007, -0.0199673332, 0.707093175, -0.707120387, 1.3121559e-006, 0.707120387, 0.707093175, -1.77768361e-005, 1.16425467e-005, 1.34977317e-005, 1, 0.707093274, -0.707120287, 2.64308663e-005, 0.707120288, 0.707093274, -1.60492596e-005, -7.3403307e-006, 3.00381253e-005, 1, 0, 0, 0, 0, 0, 0, 0, 0.307757031, -0.115089209, -0.173546533, -0.414548384, 0.68903182, -0.594328104, -0.866088867, -0.0983886719, 0.489990234, 0.279224876, 0.717945305, 0.637689651, 0, -0, 0, 0, 0, 0, 0, 0.353671582, -0.0685496582, -0.1360146, -0.176527827, 0.598177829, -0.781526271, -0.306518555, -0.787963867, -0.533813477, -0.93519638, 0.145476867, 0.322540994, 1, 3, 5, 0, 
793.61418, 65, 0.1, 0.1, 0.224999998, -0.11500001, -0.0199690754, 0.70709294, -0.707120622, 6.2759119e-006, 0.707120621, 0.70709294, 2.51152418e-005, -2.21971584e-005, -1.33209835e-005, 1, 0.707092957, -0.707120605, -1.1753763e-005, 0.707120605, 0.707092956, 2.91760764e-005, -1.23200018e-005, -2.89415262e-005, 1, 0, 0, 0, 0, 0, 0, 0, 0.307757031, -0.115089209, -0.173546533, -0.414548384, 0.68903182, -0.594328104, -0.866088867, -0.0983886719, 0.489990234, 0.279224876, 0.717945305, 0.637689651, 0, -0, 0, 0, 0, 0, 0, 0.353608594, -0.0687682617, -0.135737891, -0.17752456, 0.598509951, -0.781008581, -0.306518555, -0.787719727, -0.534057617, -0.935055655, 0.144652576, 0.323454604, 1, 3, 5, 0, 
793.614865, 65, 0.1, 0.1, 0.224999995, -0.115000007, -0.0199709594, 0.70709308, -0.707120482, -3.49350268e-006, 0.707120482, 0.70709308, -1.65248002e-005, 1.41552562e-005, 9.21424455e-006, 1, 0.707093031, -0.707120531, 6.39290607e-006, 0.707120531, 0.707093031, -2.70854452e-005, 1.46322951e-005, 2.36724847e-005, 1, 0, 0, 0, 0, 0, 0, 0, 0.307757031, -0.115089209, -0.173546533, -0.414548384, 0.68903182, -0.594328104, -0.866088867, -0.0983886719, 0.489990234, 0.279224876, 0.717945305, 0.637689651, 0, -0, 0, 0, 0, 0, 0, 0.353608594, -0.0687682617, -0.135737891, -0.17752456, 0.598509951, -0.781008581, -0.306518555, -0.787719727, -0.534057617, -0.935055655, 0.144652576, 0.323454604, 1, 3, 5, 0, 
793.615571, 65, 0.1, 0.1, 0.224999997, -0.115000012, -0.0199723019, 0.707093471, -0.707120091, 1.88889652e-006, 0.707120091, 0.707093471, 1.78679667e-005, -1.39704246e-005, -1.12986459e-005, 1, 0.707093387, -0.707120175, -2.46915686e-006, 0.707120175, 0.707093386, 3.46352106e-005, -2.27453317e-005, -2.6236319e-005, 0.999999999, 0, 0, 0, 0, 0, 0, 0, 0.307757031, -0.115089209, -0.173546533, -0.414548384, 0.68903182, -0.594328104, -0.866088867, -0.0983886719, 0.489990234, 0.279224876, 0.717945305, 0.637689651, 0, -0, 0, 0, 0, 0, 0, 0.353608594, -0.0687682617, -0.135737891, -0.17752456, 0.598509951, -0.781008581, -0.306518555, -0.787719727, -0.534057617, -0.935055655, 0.144652576, 0.323454604, 1, 3, 5, 0, 
793.616258, 65, 0.1, 0.1, 0.224999994, -0.115000009, -0.0199728382, 0.707093852, -0.70711971, 1.62610697e-005, 0.70711971, 0.707093852, 1.86562789e-006, -1.28173246e-005, 1.01793489e-005, 1, 0.707093784, -0.707119778, 1.44991979e-005, 0.707119778, 0.707093784, -1.91879502e-005, 3.3158864e-006, 2.38203499e-005, 1, 0, 0, 0, 0, 0, 0, 0, 0.307757031, -0.115089209, -0.173546533, -0.414548384, 0.68903182, -0.594328104, -0.866088867, -0.0983886719, 0.489990234, 0.279224876, 0.717945305, 0.637689651, 0, -0, 0, 0, 0, 0, 0, 0.353608594, -0.0687682617, -0.135737891, -0.17752456, 0.598509951, -0.781008581, -0.306518555, -0.787719727, -0.534057617, -0.935055655, 0.144652576, 0.323454604, 1, 3, 5, 0, 
