time, trialNum, realDorsalTactorPos, realVentralTactorPos, boxPosX, boxPosY, boxPosZ, boxLocalRot_11, boxLocalRot_12, boxLocalRot_13, boxLocalRot_21, boxLocalRot_22, boxLocalRot_23, boxLocalRot_31, boxLocalRot_32, boxLocalRot_33, boxGlobalRot_11, boxGlobalRot_12, boxGlobalRot_13, boxGlobalRot_21, boxGlobalRot_22, boxGlobalRot_23, boxGlobalRot_31, boxGlobalRot_32, boxGlobalRot_33, indexForceX, indexForceY, indexForceZ, indexForceGlobalX, indexForceGlobalY, indexForceGlobalZ, indexContact, indexPosX, indexPosY, indexPosZ, indexRot_11, indexRot_12, indexRot_13, indexRot_21, indexRot_22, indexRot_23, indexRot_31, indexRot_32, indexRot_33, thumbForceX, thumbForceY, thumbForceZ, thumbForceGlobalX, thumbForceGlobalY, thumbForceGlobalZ, thumbContact, thumbPosX, thumbPosY, thumbPosZ, thumbRot_11, thumbRot_12, thumbRot_13, thumbRot_21, thumbRot_22, thumbRot_23, thumbRot_31, thumbRot_32, thumbRot_33, manipForceTooHigh, cceExpType, mapping, trialSuccess, 
444.79018, 31, 0.1, 0.1, -0.00646046732, 0.363276633, -0.0199699482, 0.980178738, 0.198115221, -1.17620945e-005, 0.198115221, -0.980178738, -6.79333693e-006, -1.28748184e-005, 4.32843446e-006, -1, 0.980178834, 0.198114748, -1.04517157e-005, 0.198114748, -0.980178834, 7.39948681e-006, -8.77860307e-006, -9.32345938e-006, -1, 0, 0, 0, 0, 0, 0, 0, 0.329140405, -0.158873462, -0.12098103, -0.611684665, 0.675957048, -0.410955249, -0.76550293, -0.374511719, 0.523071289, 0.199586231, 0.634614119, 0.746698435, 0, 0, 0, 0, 0, 0, 0, 0.357065918, -0.107899902, -0.08324375, -0.536149873, 0.461965913, -0.706372781, 0.0601806641, -0.813720703, -0.57800293, -0.841904966, -0.352323117, 0.40862705, 0, 3, 1, 1, 
444.822016, 31, 0.1, 0.1, -0.00646047128, 0.363276638, -0.0199672614, 0.98017319, 0.198142669, -2.13463465e-005, 0.198142669, -0.98017319, 2.25825002e-005, -1.64485597e-005, -2.63643833e-005, -1, 0.980173204, 0.198142599, -1.46615037e-005, 0.1981426, -0.980173204, 1.44981287e-005, -1.14981161e-005, -1.71157457e-005, -1, 0, 0, 0, 0, 0, 0, 0, 0.330458594, -0.158510498, -0.119599976, -0.615972291, 0.669771039, -0.414483905, -0.764160156, -0.380371094, 0.520874023, 0.191243113, 0.637694949, 0.746268583, 0, 0, 0, 0, 0, 0, 0, 0.357820117, -0.108690869, -0.0817759277, -0.534763416, 0.45756957, -0.710232479, 0.0665283203, -0.815185547, -0.575195312, -0.842250214, -0.354871817, 0.405643782, 0, 3, 1, 1, 
444.822703, 31, 0.1, 0.1, -0.0064604718, 0.363276638, -0.0199667655, 0.980173154, 0.198142849, -9.57090119e-006, 0.198142849, -0.980173154, -2.20040183e-005, -1.37410793e-005, 1.96713424e-005, -1, 0.980173154, 0.198142847, 5.69366188e-006, 0.198142847, -0.980173154, -1.91716105e-005, 1.78205703e-006, 1.99196563e-005, -1, 0, 0, 0, 0, 0, 0, 0, 0.330458594, -0.158510498, -0.119599976, -0.615972291, 0.669771039, -0.414483905, -0.764160156, -0.380371094, 0.520874023, 0.191243113, 0.637694949, 0.746268583, 0, 0, 0, 0, 0, 0, 0, 0.357820117, -0.108690869, -0.0817759277, -0.534763416, 0.45756957, -0.710232479, 0.0665283203, -0.815185547, -0.575195312, -0.842250214, -0.354871817, 0.405643782, 0, 3, 1, 1, 
444.823393, 31, 0.1, 0.1, -0.006460473, 0.363276639, -0.0199672204, 0.980173195, 0.198142646, 1.79646493e-006, 0.198142646, -0.980173195, 8.34586644e-006, 3.41451883e-006, -7.82443826e-006, -1, 0.980173183, 0.198142705, 4.17645833e-006, 0.198142705, -0.980173183, 2.06568985e-005, 8.18666621e-006, -1.94198032e-005, -1, 0, 0, 0, 0, 0, 0, 0, 0.330458594, -0.158510498, -0.119599976, -0.615972291, 0.669771039, -0.414483905, -0.764160156, -0.380371094, 0.520874023, 0.191243113, 0.637694949, 0.746268583, 0, 0, 0, 0, 0, 0, 0, 0.357820117, -0.108690869, -0.0817759277, -0.534763416, 0.45756957, -0.710232479, 0.0665283203, -0.815185547, -0.575195312, -0.842250214, -0.354871817, 0.405643782, 0, 3, 1, 1, 
444.824085, 31, 0.1, 0.1, -0.00646047351, 0.363276636, -0.019968415, 0.980173244, 0.198142402, 7.89259829e-006, 0.198142402, -0.980173244, 8.06628322e-006, 9.3343864e-006, -6.34249662e-006, -1, 0.98017324, 0.198142423, 7.24068281e-006, 0.198142423, -0.98017324, -1.2326272e-005, 4.65476613e-006, 1.35165684e-005, -1, 0, 0, 0, 0, 0, 0, 0, 0.330458594, -0.158510498, -0.119599976, -0.615972291, 0.669771039, -0.414483905, -0.764160156, -0.380371094, 0.520874023, 0.191243113, 0.637694949, 0.746268583, 0, 0, 0, 0, 0, 0, 0, 0.357820117, -0.108690869, -0.0817759277, -0.534763416, 0.45756957, -0.710232479, 0.0665283203, -0.815185547, -0.575195312, -0.842250214, -0.354871817, 0.405643782, 0, 3, 1, 1, 
444.824775, 31, 0.1, 0.1, -0.0064604745, 0.363276636, -0.0199699761, 0.980173223, 0.198142507, 9.94118433e-006, 0.198142508, -0.980173223, -2.02884558e-005, 5.72407718e-006, 2.18559723e-005, -1, 0.980173234, 0.198142454, -5.91182756e-006, 0.198142453, -0.980173234, -1.46348144e-005, -8.69439317e-006, 1.31732694e-005, -1, 0, 0, 0, 0, 0, 0, 0, 0.330458594, -0.158510498, -0.119599976, -0.615972291, 0.669771039, -0.414483905, -0.764160156, -0.380371094, 0.520874023, 0.191243113, 0.637694949, 0.746268583, 0, 0, 0, 0, 0, 0, 0, 0.357820117, -0.108690869, -0.0817759277, -0.534763416, 0.45756957, -0.710232479, 0.0665283203, -0.815185547, -0.575195312, -0.842250214, -0.354871817, 0.405643782, 0, 3, 1, 1, 
444.82548, 31, 0.1, 0.1, -0.00646047485, 0.363276636, -0.019971257, 0.98017316, 0.198142817, -8.94471165e-006, 0.198142817, -0.98017316, 1.69599631e-005, -5.40687142e-006, -1.8396031e-005, -1, 0.980173171, 0.198142762, -1.38198299e-005, 0.198142763, -0.980173171, 1.60753128e-005, -1.03606196e-005, -1.84948896e-005, -1, 0, 0, 0, 0, 0, 0, 0, 0.330458594, -0.158510498, -0.119599976, -0.615972291, 0.669771039, -0.414483905, -0.764160156, -0.380371094, 0.520874023, 0.191243113, 0.637694949, 0.746268583, 0, 0, 0, 0, 0, 0, 0, 0.357820117, -0.108690869, -0.0817759277, -0.534763416, 0.45756957, -0.710232479, 0.0665283203, -0.815185547, -0.575195312, -0.842250214, -0.354871817, 0.405643782, 0, 3, 1, 1, 
444.826202, 31, 0.1, 0.1, -0.00646047387, 0.363276635, -0.0199716803, 0.980173145, 0.198142894, -8.06262808e-006, 0.198142894, -0.980173145, -9.20405925e-006, -9.72649046e-006, 7.42401923e-006, -1, 0.980173142, 0.198142909, -1.78436035e-006, 0.198142909, -0.980173142, -1.82968753e-005, -5.37437818e-006, 1.75805474e-005, -1, 0, 0, 0, 0, 0, 0, 0, 0.330208276, -0.159686499, -0.120059277, -0.612372121, 0.673007264, -0.414699952, -0.766113281, -0.375488281, 0.521484375, 0.195245803, 0.63705879, 0.745684842, 0, 0, 0, 0, 0, 0, 0, 0.357136963, -0.109358496, -0.082517041, -0.534846538, 0.459921409, -0.708615612, 0.0616455078, -0.815185547, -0.575683594, -0.842627179, -0.351556061, 0.407777605, 0, 3, 1, 1, 
444.826893, 31, 0.1, 0.1, -0.00646047378, 0.363276637, -0.0199714629, 0.980173193, 0.198142656, -4.46805457e-006, 0.198142656, -0.980173193, -9.36892994e-006, -6.23585198e-006, 8.29786178e-006, -1, 0.980173181, 0.198142714, 5.11391874e-006, 0.198142714, -0.980173181, 1.12179039e-005, 7.23527192e-006, -9.9822028e-006, -1, 0, 0, 0, 0, 0, 0, 0, 0.330208276, -0.159686499, -0.120059277, -0.612372121, 0.673007264, -0.414699952, -0.766113281, -0.375488281, 0.521484375, 0.195245803, 0.63705879, 0.745684842, 0, 0, 0, 0, 0, 0, 0, 0.357136963, -0.109358496, -0.082517041, -0.534846538, 0.459921409, -0.708615612, 0.0616455078, -0.815185547, -0.575683594, -0.842627179, -0.351556061, 0.407777605, 0, 3, 1, 1, 
444.827577, 31, 0.1, 0.1, -0.00646047361, 0.363276636, -0.0199708301, 0.980173227, 0.198142486, 1.09548572e-006, 0.198142486, -0.980173227, 2.05754027e-005, 5.15062721e-006, -1.99503966e-005, -1, 0.980173226, 0.198142494, 7.91187173e-006, 0.198142493, -0.980173226, 1.35298754e-005, 1.04358481e-005, -1.16939436e-005, -1, 0, 0, 0, 0, 0, 0, 0, 0.330208276, -0.159686499, -0.120059277, -0.612372121, 0.673007264, -0.414699952, -0.766113281, -0.375488281, 0.521484375, 0.195245803, 0.63705879, 0.745684842, 0, 0, 0, 0, 0, 0, 0, 0.357136963, -0.109358496, -0.082517041, -0.534846538, 0.459921409, -0.708615612, 0.0616455078, -0.815185547, -0.575683594, -0.842627179, -0.351556061, 0.407777605, 0, 3, 1, 1, 
444.828264, 31, 0.1, 0.1, -0.00646047418, 0.363276635, -0.0199700266, 0.980173194, 0.198142649, 1.31506113e-005, 0.198142649, -0.980173194, -1.6436254e-005, 9.63315374e-006, 1.87160726e-005, -1, 0.980173205, 0.198142594, 9.16848559e-006, 0.198142594, -0.980173205, -1.81617981e-005, 5.38807813e-006, 1.96183753e-005, -1, 0, 0, 0, 0, 0, 0, 0, 0.330208276, -0.159686499, -0.120059277, -0.612372121, 0.673007264, -0.414699952, -0.766113281, -0.375488281, 0.521484375, 0.195245803, 0.63705879, 0.745684842, 0, 0, 0, 0, 0, 0, 0, 0.357136963, -0.109358496, -0.082517041, -0.534846538, 0.459921409, -0.708615612, 0.0616455078, -0.815185547, -0.575683594, -0.842627179, -0.351556061, 0.407777605, 0, 3, 1, 1, 
444.828949, 31, 0.1, 0.1, -0.00646047553, 0.363276637, -0.0199692971, 0.980173137, 0.19814293, 3.43237809e-006, 0.19814293, -0.980173137, 9.60854796e-006, 5.26819065e-006, -8.73793915e-006, -1, 0.980173147, 0.198142883, -1.23780124e-005, 0.198142883, -0.980173147, 1.72195393e-005, -8.72066624e-006, -1.93307451e-005, -1, 0, 0, 0, 0, 0, 0, 0, 0.330208276, -0.159686499, -0.120059277, -0.612372121, 0.673007264, -0.414699952, -0.766113281, -0.375488281, 0.521484375, 0.195245803, 0.63705879, 0.745684842, 0, 0, 0, 0, 0, 0, 0, 0.357136963, -0.109358496, -0.082517041, -0.534846538, 0.459921409, -0.708615612, 0.0616455078, -0.815185547, -0.575683594, -0.842627179, -0.351556061, 0.407777605, 0, 3, 1, 1, 
444.829633, 31, 0.1, 0.1, -0.00646047598, 0.363276635, -0.0199688612, 0.980173141, 0.19814291, -1.07318411e-005, 0.19814291, -0.980173141, 8.67556263e-006, -8.80006114e-006, -1.06299917e-005, -1, 0.980173135, 0.198142941, -1.23574472e-005, 0.19814294, -0.980173135, -1.15268987e-005, -1.43964114e-005, 8.84981553e-006, -1, 0, 0, 0, 0, 0, 0, 0, 0.330208276, -0.159686499, -0.120059277, -0.612372121, 0.673007264, -0.414699952, -0.766113281, -0.375488281, 0.521484375, 0.195245803, 0.63705879, 0.745684842, 0, 0, 0, 0, 0, 0, 0, 0.357136963, -0.109358496, -0.082517041, -0.534846538, 0.459921409, -0.708615612, 0.0616455078, -0.815185547, -0.575683594, -0.842627179, -0.351556061, 0.407777605, 0, 3, 1, 1, 
444.830317, 31, 0.1, 0.1, -0.00646047605, 0.363276635, -0.0199688209, 0.980173201, 0.198142614, -7.65625288e-006, 0.198142613, -0.980173201, -2.34214762e-005, -1.21452464e-005, 2.14400733e-005, -1, 0.98017319, 0.198142672, -5.38491426e-006, 0.198142672, -0.980173189, -1.32213577e-005, -7.89786373e-006, 1.1892239e-005, -1, 0, 0, 0, 0, 0, 0, 0, 0.330208276, -0.159686499, -0.120059277, -0.612372121, 0.673007264, -0.414699952, -0.766113281, -0.375488281, 0.521484375, 0.195245803, 0.63705879, 0.745684842, 0, 0, 0, 0, 0, 0, 0, 0.357136963, -0.109358496, -0.082517041, -0.534846538, 0.459921409, -0.708615612, 0.0616455078, -0.815185547, -0.575683594, -0.842627179, -0.351556061, 0.407777605, 0, 3, 1, 1, 
444.831036, 31, 0.1, 0.1, -0.00646047558, 0.363276636, -0.0199687924, 0.98017323, 0.198142474, -1.06012289e-005, 0.198142474, -0.980173229, 1.68375966e-005, -7.05479776e-006, -1.86043151e-005, -1, 0.980173231, 0.198142469, 3.80967676e-006, 0.198142469, -0.98017323, 2.08352998e-005, 7.86250093e-006, -1.96673444e-005, -1, 0, 0, 0, 0, 0, 0, 0, 0.329772559, -0.161281885, -0.120516504, -0.608098721, 0.67676395, -0.41485272, -0.768066406, -0.369628906, 0.522827148, 0.200377784, 0.636587381, 0.744720303, 0, 0, 0, 0, 0, 0, 0, 0.356726611, -0.110184424, -0.0832916016, -0.53401605, 0.463072021, -0.707299151, 0.0563964844, -0.815185547, -0.576293945, -0.843521833, -0.34766538, 0.409266141, 0, 3, 1, 1, 
444.83172, 31, 0.1, 0.1, -0.00646047505, 0.363276634, -0.0199691041, 0.980173184, 0.198142699, 7.97569004e-006, 0.198142699, -0.980173184, -7.9078964e-006, 6.25066556e-006, 9.33143275e-006, -1, 0.980173196, 0.198142638, 1.511938e-005, 0.198142638, -0.980173196, -1.72329733e-005, 1.14050242e-005, 1.98870923e-005, -1, 0, 0, 0, 0, 0, 0, 0, 0.329772559, -0.161281885, -0.120516504, -0.608098721, 0.67676395, -0.41485272, -0.768066406, -0.369628906, 0.522827148, 0.200377784, 0.636587381, 0.744720303, 0, 0, 0, 0, 0, 0, 0, 0.356726611, -0.110184424, -0.0832916016, -0.53401605, 0.463072021, -0.707299151, 0.0563964844, -0.815185547, -0.576293945, -0.843521833, -0.34766538, 0.409266141, 0, 3, 1, 1, 
444.832404, 31, 0.1, 0.1, -0.00646047617, 0.363276636, -0.019969679, 0.980173133, 0.198142952, 1.06477979e-005, 0.198142952, -0.980173133, -7.09949437e-006, 9.02997069e-006, 9.06851975e-006, -1, 0.980173138, 0.198142927, 3.11650932e-006, 0.198142927, -0.980173138, 1.06452822e-005, 5.16400609e-006, -9.81670537e-006, -1, 0, 0, 0, 0, 0, 0, 0, 0.329772559, -0.161281885, -0.120516504, -0.608098721, 0.67676395, -0.41485272, -0.768066406, -0.369628906, 0.522827148, 0.200377784, 0.636587381, 0.744720303, 0, 0, 0, 0, 0, 0, 0, 0.356726611, -0.110184424, -0.0832916016, -0.53401605, 0.463072021, -0.707299151, 0.0563964844, -0.815185547, -0.576293945, -0.843521833, -0.34766538, 0.409266141, 0, 3, 1, 1, 
444.833106, 31, 0.1, 0.1, -0.00646047713, 0.363276635, -0.0199703143, 0.980173151, 0.198142865, 1.37736831e-006, 0.198142865, -0.98017315, 2.19901374e-005, 5.70724827e-006, -2.12812266e-005, -1, 0.980173139, 0.19814292, -1.15967755e-005, 0.19814292, -0.980173139, 9.70655296e-006, -9.44356309e-006, -1.18119214e-005, -1, 0, 0, 0, 0, 0, 0, 0, 0.329772559, -0.161281885, -0.120516504, -0.608098721, 0.67676395, -0.41485272, -0.768066406, -0.369628906, 0.522827148, 0.200377784, 0.636587381, 0.744720303, 0, 0, 0, 0, 0, 0, 0, 0.356726611, -0.110184424, -0.0832916016, -0.530189168, 0.465040699, -0.708749773, 0.0534667969, -0.815917969, -0.575439453, -0.846065436, -0.343039726, 0.407886247, 0, 3, 1, 1, 
444.833796, 31, 0.1, 0.1, -0.00646047755, 0.363276634, -0.0199706567, 0.980173208, 0.198142582, -3.61419057e-006, 0.198142582, -0.980173208, -1.92282796e-005, -7.35247373e-006, 1.81309194e-005, -1, 0.980173197, 0.198142633, -8.28600611e-006, 0.198142632, -0.980173197, -2.06293822e-005, -1.22092812e-005, 1.85785564e-005, -1, 0, 0, 0, 0, 0, 0, 0, 0.329772559, -0.161281885, -0.120516504, -0.608098721, 0.67676395, -0.41485272, -0.768066406, -0.369628906, 0.522827148, 0.200377784, 0.636587381, 0.744720303, 0, 0, 0, 0, 0, 0, 0, 0.356703076, -0.11151958, -0.0825236328, -0.530189168, 0.465040699, -0.708749773, 0.0534667969, -0.815917969, -0.575439453, -0.846065436, -0.343039726, 0.407886247, 0, 3, 1, 1, 
444.834481, 31, 0.1, 0.1, -0.00646047794, 0.363276636, -0.0199707854, 0.98017322, 0.198142523, -1.3954198e-005, 0.198142523, -0.98017322, 4.91301689e-006, -1.27040536e-005, -7.58052759e-006, -1, 0.980173223, 0.198142506, -1.17129446e-005, 0.198142507, -0.980173223, 1.56726808e-005, -8.37529037e-006, -1.76827743e-005, -1, 0, 0, 0, 0, 0, 0, 0, 0.329772559, -0.161281885, -0.120516504, -0.608098721, 0.67676395, -0.41485272, -0.768066406, -0.369628906, 0.522827148, 0.200377784, 0.636587381, 0.744720303, 0, 0, 0, 0, 0, 0, 0, 0.356703076, -0.11151958, -0.0825236328, -0.530189168, 0.465040699, -0.708749773, 0.0534667969, -0.815917969, -0.575439453, -0.846065436, -0.343039726, 0.407886247, 0, 3, 1, 1, 
444.835169, 31, 0.1, 0.1, -0.00646047739, 0.363276634, -0.0199706774, 0.980173169, 0.198142773, -9.61810764e-006, 0.198142773, -0.980173169, 8.52425639e-006, -7.73839125e-006, -1.02610059e-005, -1, 0.980173181, 0.198142713, 7.14976332e-006, 0.198142713, -0.980173181, -7.14494272e-006, 5.59228793e-006, 8.41995474e-006, -1, 0, 0, 0, 0, 0, 0, 0, 0.329772559, -0.161281885, -0.120516504, -0.608098721, 0.67676395, -0.41485272, -0.768066406, -0.369628906, 0.522827148, 0.200377784, 0.636587381, 0.744720303, 0, 0, 0, 0, 0, 0, 0, 0.356703076, -0.11151958, -0.0825236328, -0.530189168, 0.465040699, -0.708749773, 0.0534667969, -0.815917969, -0.575439453, -0.846065436, -0.343039726, 0.407886247, 0, 3, 1, 1, 
444.835873, 31, 0.1, 0.1, -0.00646047768, 0.363276635, -0.0199701896, 0.980173132, 0.198142955, 8.21460523e-006, 0.198142956, -0.980173132, -1.69443776e-005, 4.69432629e-006, 1.82360898e-005, -1, 0.980173134, 0.198142948, 1.17278017e-005, 0.198142948, -0.980173134, -6.93365746e-006, 1.01214208e-005, 9.11996598e-006, -1, 0, 0, 0, 0, 0, 0, 0, 0.329367603, -0.162945264, -0.11958584, -0.603083942, 0.67908094, -0.418369393, -0.771362305, -0.362915039, 0.522705078, 0.203167687, 0.637950693, 0.742805451, 0, 0, 0, 0, 0, 0, 0, 0.356703076, -0.11151958, -0.0825236328, -0.530189168, 0.465040699, -0.708749773, 0.0534667969, -0.815917969, -0.575439453, -0.846065436, -0.343039726, 0.407886247, 0, 3, 1, 1, 
444.83656, 31, 0.1, 0.1, -0.00646047865, 0.363276636, -0.0199696689, 0.980173166, 0.198142789, 5.7338606e-006, 0.198142788, -0.980173166, 2.04466996e-005, 9.67154238e-006, -1.89051832e-005, -1, 0.980173155, 0.198142845, 1.14432367e-006, 0.198142845, -0.980173154, 2.08254751e-005, 5.24805423e-006, -2.01858321e-005, -1, 0, 0, 0, 0, 0, 0, 0, 0.329367603, -0.162945264, -0.11958584, -0.603083942, 0.67908094, -0.418369393, -0.771362305, -0.362915039, 0.522705078, 0.203167687, 0.637950693, 0.742805451, 0, 0, 0, 0, 0, 0, 0, 0.356703076, -0.11151958, -0.0825236328, -0.530189168, 0.465040699, -0.708749773, 0.0534667969, -0.815917969, -0.575439453, -0.846065436, -0.343039726, 0.407886247, 0, 3, 1, 1, 
444.837245, 31, 0.1, 0.1, -0.00646047911, 0.363276633, -0.0199693051, 0.980173224, 0.198142502, 7.35109065e-006, 0.198142503, -0.980173224, -9.34568166e-006, 5.35356547e-006, 1.06169504e-005, -1, 0.980173214, 0.19814255, -4.3113465e-006, 0.19814255, -0.980173214, -2.216528e-005, -8.61775146e-006, 2.08715526e-005, -1, 0, 0, 0, 0, 0, 0, 0, 0.329367603, -0.162945264, -0.11958584, -0.603083942, 0.67908094, -0.418369393, -0.771362305, -0.362915039, 0.522705078, 0.203167687, 0.637950693, 0.742805451, 0, 0, 0, 0, 0, 0, 0, 0.356703076, -0.11151958, -0.0825236328, -0.530189168, 0.465040699, -0.708749773, 0.0534667969, -0.815917969, -0.575439453, -0.846065436, -0.343039726, 0.407886247, 0, 3, 1, 1, 
444.837961, 31, 0.1, 0.1, -0.00646048047, 0.363276634, -0.0199690242, 0.980173218, 0.19814253, -6.98173938e-006, 0.19814253, -0.980173218, -1.61672136e-005, -1.00467266e-005, 1.44632903e-005, -1, 0.980173226, 0.198142493, -1.71603501e-005, 0.198142493, -0.980173226, 3.49258458e-006, -1.61280863e-005, -6.82353245e-006, -1, 0, 0, 0, 0, 0, 0, 0, 0.328851685, -0.163769141, -0.11880127, -0.600119931, 0.68040119, -0.42045124, -0.7734375, -0.35949707, 0.521972656, 0.203934154, 0.638483138, 0.742146447, 0, 0, 0, 0, 0, 0, 0, 0.356703076, -0.11151958, -0.0825236328, -0.52769114, 0.465967436, -0.710149357, 0.0532226563, -0.816162109, -0.575195312, -0.847644024, -0.341346667, 0.406020747, 0, 3, 1, 1, 
444.838646, 31, 0.1, 0.1, -0.00646048043, 0.363276633, -0.0199688485, 0.980173156, 0.198142838, -1.70649252e-005, 0.198142838, -0.980173156, 1.61815492e-005, -1.35203235e-005, -1.92420128e-005, -1, 0.980173168, 0.198142777, -1.09260961e-005, 0.198142777, -0.980173168, 7.25677229e-006, -9.27158921e-006, -9.27782051e-006, -1, 0, 0, 0, 0, 0, 0, 0, 0.328851685, -0.163769141, -0.11880127, -0.600119931, 0.68040119, -0.42045124, -0.7734375, -0.35949707, 0.521972656, 0.203934154, 0.638483138, 0.742146447, 0, 0, 0, 0, 0, 0, 0, 0.356388672, -0.112092383, -0.0817625, -0.52769114, 0.465967436, -0.710149357, 0.0532226563, -0.816162109, -0.575195312, -0.847644024, -0.341346667, 0.406020747, 0, 3, 1, 1, 
444.839332, 31, 0.1, 0.1, -0.00646048015, 0.363276632, -0.0199690473, 0.980173127, 0.19814298, -5.43225522e-006, 0.19814298, -0.980173127, -1.94398288e-005, -9.1764162e-006, 1.79780346e-005, -1, 0.980173127, 0.198142981, 9.01100141e-006, 0.198142981, -0.980173127, -1.77131003e-005, 5.32261495e-006, 1.91473716e-005, -1, 0, 0, 0, 0, 0, 0, 0, 0.328851685, -0.163769141, -0.11880127, -0.600119931, 0.68040119, -0.42045124, -0.7734375, -0.35949707, 0.521972656, 0.203934154, 0.638483138, 0.742146447, 0, 0, 0, 0, 0, 0, 0, 0.356388672, -0.112092383, -0.0817625, -0.52769114, 0.465967436, -0.710149357, 0.0532226563, -0.816162109, -0.575195312, -0.847644024, -0.341346667, 0.406020747, 0, 3, 1, 1, 
444.840022, 31, 0.1, 0.1, -0.0064604807, 0.363276635, -0.0199694955, 0.98017317, 0.19814277, 3.38610874e-006, 0.19814277, -0.98017317, 1.12550056e-005, 5.54907093e-006, -1.03609216e-005, -1, 0.980173158, 0.198142829, 6.0009471e-006, 0.198142829, -0.980173158, 2.25665828e-005, 1.03533738e-005, -2.0930114e-005, -1, 0, 0, 0, 0, 0, 0, 0, 0.328851685, -0.163769141, -0.11880127, -0.600119931, 0.68040119, -0.42045124, -0.7734375, -0.35949707, 0.521972656, 0.203934154, 0.638483138, 0.742146447, 0, 0, 0, 0, 0, 0, 0, 0.356388672, -0.112092383, -0.0817625, -0.52769114, 0.465967436, -0.710149357, 0.0532226563, -0.816162109, -0.575195312, -0.847644024, -0.341346667, 0.406020747, 0, 3, 1, 1, 
444.840705, 31, 0.1, 0.1, -0.00646048086, 0.363276633, -0.0199700905, 0.980173218, 0.198142533, 8.19144115e-006, 0.198142533, -0.980173218, 1.24139713e-005, 1.04887669e-005, -1.05447693e-005, -1, 0.980173213, 0.198142555, 7.83550314e-006, 0.198142555, -0.980173213, -6.63200023e-006, 6.36606882e-006, 8.05305559e-006, -1, 0, 0, 0, 0, 0, 0, 0, 0.328851685, -0.163769141, -0.11880127, -0.600119931, 0.68040119, -0.42045124, -0.7734375, -0.35949707, 0.521972656, 0.203934154, 0.638483138, 0.742146447, 0, 0, 0, 0, 0, 0, 0, 0.356388672, -0.112092383, -0.0817625, -0.52769114, 0.465967436, -0.710149357, 0.0532226563, -0.816162109, -0.575195312, -0.847644024, -0.341346667, 0.406020747, 0, 3, 1, 1, 
444.841412, 31, 0.1, 0.1, -0.00646048176, 0.363276633, -0.0199704493, 0.980173198, 0.19814263, 1.02636928e-005, 0.19814263, -0.980173198, -1.7763547e-005, 6.54048073e-006, 1.94450277e-005, -1, 0.980173209, 0.198142577, -5.49718809e-006, 0.198142577, -0.980173209, -1.17879978e-005, -7.72390074e-006, 1.04650526e-005, -1, 0, 0, 0, 0, 0, 0, 0, 0.328851685, -0.163769141, -0.11880127, -0.600119931, 0.68040119, -0.42045124, -0.7734375, -0.35949707, 0.521972656, 0.203934154, 0.638483138, 0.742146447, 0, 0, 0, 0, 0, 0, 0, 0.356388672, -0.112092383, -0.0817625, -0.52769114, 0.465967436, -0.710149357, 0.0532226563, -0.816162109, -0.575195312, -0.847644024, -0.341346667, 0.406020747, 0, 3, 1, 1, 
444.842104, 31, 0.1, 0.1, -0.00646048213, 0.363276634, -0.0199705522, 0.980173139, 0.198142921, -9.11373868e-006, 0.198142921, -0.980173139, 1.72242622e-005, -5.52017624e-006, -1.86885819e-005, -1, 0.98017315, 0.19814287, -1.4212794e-005, 0.19814287, -0.980173149, 1.69892129e-005, -1.05647077e-005, -1.94685342e-005, -1, 0, 0, 0, 0, 0, 0, 0, 0.328851685, -0.163769141, -0.11880127, -0.600119931, 0.68040119, -0.42045124, -0.7734375, -0.35949707, 0.521972656, 0.203934154, 0.638483138, 0.742146447, 0, 0, 0, 0, 0, 0, 0, 0.356388672, -0.112092383, -0.0817625, -0.52769114, 0.465967436, -0.710149357, 0.0532226563, -0.816162109, -0.575195312, -0.847644024, -0.341346667, 0.406020747, 0, 3, 1, 1, 
444.842819, 31, 0.1, 0.1, -0.00646048148, 0.363276632, -0.0199703201, 0.980173127, 0.19814298, -1.03675978e-005, 0.19814298, -0.980173127, -9.77253947e-006, -1.20984008e-005, 7.52451386e-006, -1, 0.980173123, 0.198143001, -3.39047853e-006, 0.198143001, -0.980173123, -1.98110701e-005, -7.2486808e-006, 1.87464789e-005, -1, 0, 0, 0, 0, 0, 0, 0, 0.32983606, -0.162995557, -0.118375171, -0.602501323, 0.678028034, -0.420876222, -0.772460937, -0.362915039, 0.521118164, 0.200603571, 0.639106192, 0.742584534, 0, 0, 0, 0, 0, 0, 0, 0.356388672, -0.112092383, -0.0817625, -0.527045853, 0.465162101, -0.711159215, 0.0560302734, -0.815917969, -0.575317383, -0.847944429, -0.343026966, 0.403950723, 0, 3, 1, 1, 
444.843507, 31, 0.1, 0.1, -0.00646048153, 0.363276634, -0.0199698087, 0.980173181, 0.198142717, -5.3955933e-006, 0.198142716, -0.980173181, -1.22766571e-005, -7.72114603e-006, 1.09641525e-005, -1, 0.980173168, 0.19814278, 4.46275577e-006, 0.19814278, -0.980173168, 9.74831751e-006, 6.3058322e-006, -8.67077642e-006, -1, 0, 0, 0, 0, 0, 0, 0, 0.32983606, -0.162995557, -0.118375171, -0.602501323, 0.678028034, -0.420876222, -0.772460937, -0.362915039, 0.521118164, 0.200603571, 0.639106192, 0.742584534, 0, 0, 0, 0, 0, 0, 0, 0.357094775, -0.111957764, -0.0809798828, -0.527045853, 0.465162101, -0.711159215, 0.0560302734, -0.815917969, -0.575317383, -0.847944429, -0.343026966, 0.403950723, 0, 3, 1, 1, 
444.844192, 31, 0.1, 0.1, -0.0064604813, 0.363276633, -0.019969407, 0.980173219, 0.198142527, 1.27645154e-006, 0.198142527, -0.980173219, 1.91571984e-005, 5.04699933e-006, -1.85244535e-005, -1, 0.980173217, 0.198142536, 8.53827016e-006, 0.198142536, -0.980173217, 1.128924e-005, 1.06058624e-005, -9.3736162e-006, -1, 0, 0, 0, 0, 0, 0, 0, 0.32983606, -0.162995557, -0.118375171, -0.602501323, 0.678028034, -0.420876222, -0.772460937, -0.362915039, 0.521118164, 0.200603571, 0.639106192, 0.742584534, 0, 0, 0, 0, 0, 0, 0, 0.357094775, -0.111957764, -0.0809798828, -0.527045853, 0.465162101, -0.711159215, 0.0560302734, -0.815917969, -0.575317383, -0.847944429, -0.343026966, 0.403950723, 0, 3, 1, 1, 
444.844877, 31, 0.1, 0.1, -0.00646048178, 0.363276632, -0.0199692605, 0.980173186, 0.198142688, 1.34686273e-005, 0.198142688, -0.980173186, -1.70862239e-005, 9.81607704e-006, 1.94161685e-005, -1, 0.980173198, 0.198142631, 9.26656976e-006, 0.198142631, -0.980173198, -1.91470878e-005, 5.28898895e-006, 2.06035648e-005, -1, 0, 0, 0, 0, 0, 0, 0, 0.32983606, -0.162995557, -0.118375171, -0.602501323, 0.678028034, -0.420876222, -0.772460937, -0.362915039, 0.521118164, 0.200603571, 0.639106192, 0.742584534, 0, 0, 0, 0, 0, 0, 0, 0.357094775, -0.111957764, -0.0809798828, -0.527045853, 0.465162101, -0.711159215, 0.0560302734, -0.815917969, -0.575317383, -0.847944429, -0.343026966, 0.403950723, 0, 3, 1, 1, 
444.845561, 31, 0.1, 0.1, -0.00646048308, 0.363276634, -0.0199693587, 0.98017313, 0.198142969, 3.08058886e-006, 0.198142969, -0.98017313, 1.0849465e-005, 5.16925563e-006, -1.00239571e-005, -1, 0.980173139, 0.198142922, -1.26293326e-005, 0.198142922, -0.980173139, 1.81308028e-005, -8.78644233e-006, -2.02737388e-005, -1, 0, 0, 0, 0, 0, 0, 0, 0.32983606, -0.162995557, -0.118375171, -0.602501323, 0.678028034, -0.420876222, -0.772460937, -0.362915039, 0.521118164, 0.200603571, 0.639106192, 0.742584534, 0, 0, 0, 0, 0, 0, 0, 0.357094775, -0.111957764, -0.0809798828, -0.527045853, 0.465162101, -0.711159215, 0.0560302734, -0.815917969, -0.575317383, -0.847944429, -0.343026966, 0.403950723, 0, 3, 1, 1, 
444.846247, 31, 0.1, 0.1, -0.00646048351, 0.363276632, -0.0199696398, 0.980173133, 0.198142951, -1.09788298e-005, 0.198142951, -0.980173133, 9.78298637e-006, -8.82272419e-006, -1.17643981e-005, -1, 0.980173127, 0.198142981, -1.24836713e-005, 0.198142981, -0.980173127, -9.97276093e-006, -1.42121917e-005, 7.30148044e-006, -1, 0, 0, 0, 0, 0, 0, 0, 0.32983606, -0.162995557, -0.118375171, -0.602501323, 0.678028034, -0.420876222, -0.772460937, -0.362915039, 0.521118164, 0.200603571, 0.639106192, 0.742584534, 0, 0, 0, 0, 0, 0, 0, 0.357094775, -0.111957764, -0.0809798828, -0.527045853, 0.465162101, -0.711159215, 0.0560302734, -0.815917969, -0.575317383, -0.847944429, -0.343026966, 0.403950723, 0, 3, 1, 1, 
444.846936, 31, 0.1, 0.1, -0.00646048366, 0.363276633, -0.0199700386, 0.980173192, 0.198142662, -8.11424888e-006, 0.198142662, -0.980173191, -2.12419749e-005, -1.21623107e-005, 1.92130355e-005, -1, 0.98017318, 0.198142719, -5.92854702e-006, 0.198142719, -0.98017318, -1.12456029e-005, -8.03923713e-006, 9.84793995e-006, -1, 0, 0, 0, 0, 0, 0, 0, 0.32983606, -0.162995557, -0.118375171, -0.602501323, 0.678028034, -0.420876222, -0.772460937, -0.362915039, 0.521118164, 0.200603571, 0.639106192, 0.742584534, 0, 0, 0, 0, 0, 0, 0, 0.357094775, -0.111957764, -0.0809798828, -0.527045853, 0.465162101, -0.711159215, 0.0560302734, -0.815917969, -0.575317383, -0.847944429, -0.343026966, 0.403950723, 0, 3, 1, 1, 
444.847649, 31, 0.1, 0.1, -0.00646048355, 0.363276634, -0.0199702492, 0.980173217, 0.198142536, -1.20958644e-005, 0.198142537, -0.980173217, 1.68590456e-005, -8.51554824e-006, -1.89214902e-005, -1, 0.980173218, 0.198142531, 2.26830158e-006, 0.198142531, -0.980173218, 2.1108876e-005, 6.40589457e-006, -2.02409079e-005, -1, 0, 0, 0, 0, 0, 0, 0, 0.330536523, -0.162158008, -0.11973938, -0.606252017, 0.677037285, -0.417074231, -0.76953125, -0.367431641, 0.522094727, 0.200332479, 0.637532825, 0.743959828, 0, 0, 0, 0, 0, 0, 0, 0.357094775, -0.111957764, -0.0809798828, -0.529166916, 0.465161734, -0.709548912, 0.056640625, -0.814941406, -0.576538086, -0.846448964, -0.345359116, 0.404979172, 0, 3, 1, 1, 
444.848341, 31, 0.1, 0.1, -0.00646048294, 0.363276632, -0.0199701453, 0.980173172, 0.198142758, 8.85852377e-006, 0.198142758, -0.980173172, -7.19575104e-006, 7.25710139e-006, 8.80833446e-006, -1, 0.980173184, 0.198142698, 1.53488657e-005, 0.198142698, -0.980173184, -1.63160107e-005, 1.18116482e-005, 1.90337818e-005, -1, 0, 0, 0, 0, 0, 0, 0, 0.330536523, -0.162158008, -0.11973938, -0.606252017, 0.677037285, -0.417074231, -0.76953125, -0.367431641, 0.522094727, 0.200332479, 0.637532825, 0.743959828, 0, 0, 0, 0, 0, 0, 0, 0.357655615, -0.111560352, -0.0817446777, -0.529166916, 0.465161734, -0.709548912, 0.056640625, -0.814941406, -0.576538086, -0.846448964, -0.345359116, 0.404979172, 0, 3, 1, 1, 
444.849028, 31, 0.1, 0.1, -0.00646048337, 0.363276633, -0.0199699859, 0.980173122, 0.198143006, 1.44468599e-005, 0.198143006, -0.980173122, -7.5846131e-006, 1.26575857e-005, 1.02967781e-005, -1, 0.980173127, 0.198142981, 6.76808055e-006, 0.198142981, -0.980173127, 1.01835376e-005, 8.65168719e-006, -8.64058227e-006, -1, 0, 0, 0, 0, 0, 0, 0, 0.330536523, -0.162158008, -0.11973938, -0.606252017, 0.677037285, -0.417074231, -0.76953125, -0.367431641, 0.522094727, 0.200332479, 0.637532825, 0.743959828, 0, 0, 0, 0, 0, 0, 0, 0.357655615, -0.111560352, -0.0817446777, -0.529166916, 0.465161734, -0.709548912, 0.056640625, -0.814941406, -0.576538086, -0.846448964, -0.345359116, 0.404979172, 0, 3, 1, 1, 
444.849714, 31, 0.1, 0.1, -0.00646048367, 0.363276633, -0.0199698436, 0.98017314, 0.198142916, 3.35094026e-006, 0.198142916, -0.98017314, 2.06217707e-005, 7.37055942e-006, -1.95489406e-005, -1, 0.98017313, 0.198142967, -8.49664915e-006, 0.198142967, -0.98017313, 9.26899813e-006, -6.4916004e-006, -1.07687742e-005, -1, 0, 0, 0, 0, 0, 0, 0, 0.330536523, -0.162158008, -0.11973938, -0.606252017, 0.677037285, -0.417074231, -0.76953125, -0.367431641, 0.522094727, 0.200332479, 0.637532825, 0.743959828, 0, 0, 0, 0, 0, 0, 0, 0.357655615, -0.111560352, -0.0817446777, -0.529166916, 0.465161734, -0.709548912, 0.056640625, -0.814941406, -0.576538086, -0.846448964, -0.345359116, 0.404979172, 0, 3, 1, 1, 
444.850429, 31, 0.1, 0.1, -0.00646048394, 0.363276631, -0.0199694935, 0.9801732, 0.198142619, -4.057403e-006, 0.198142618, -0.9801732, -2.3810592e-005, -8.69485073e-006, 2.25345597e-005, -1, 0.98017319, 0.19814267, -8.65317532e-006, 0.19814267, -0.98017319, -2.57029077e-005, -1.35744532e-005, 2.34787378e-005, -1, 0, 0, 0, 0, 0, 0, 0, 0.331168018, -0.160919385, -0.120861426, -0.611253692, 0.675164373, -0.412935624, -0.766113281, -0.373901367, 0.522583008, 0.198405644, 0.635851994, 0.745899768, 0, 0, 0, 0, 0, 0, 0, 0.358188379, -0.110838281, -0.0821147461, -0.531811865, 0.463870426, -0.708469057, 0.0596923828, -0.813964844, -0.577758789, -0.844640333, -0.349422605, 0.405215412, 0, 3, 1, 1, 
444.851119, 31, 0.1, 0.1, -0.00646048448, 0.363276632, -0.0199692129, 0.980173212, 0.198142561, -1.61144105e-005, 0.198142561, -0.980173212, 3.75603921e-006, -1.50506823e-005, -6.87451959e-006, -1, 0.980173216, 0.198142542, -1.35728418e-005, 0.198142542, -0.980173216, 1.463778e-005, -1.04033691e-005, -1.70369173e-005, -1, 0, 0, 0, 0, 0, 0, 0, 0.331168018, -0.160919385, -0.120861426, -0.611253692, 0.675164373, -0.412935624, -0.766113281, -0.373901367, 0.522583008, 0.198405644, 0.635851994, 0.745899768, 0, 0, 0, 0, 0, 0, 0, 0.358188379, -0.110838281, -0.0821147461, -0.531811865, 0.463870426, -0.708469057, 0.0596923828, -0.813964844, -0.577758789, -0.844640333, -0.349422605, 0.405215412, 0, 3, 1, 1, 
444.851807, 31, 0.1, 0.1, -0.0064604842, 0.36327663, -0.0199691767, 0.980173158, 0.198142828, -1.21783255e-005, 0.198142829, -0.980173158, 9.54223782e-006, -1.00461417e-005, -1.17660932e-005, -1, 0.980173171, 0.198142764, 5.59088736e-006, 0.198142764, -0.980173171, -7.35760237e-006, 4.02218213e-006, 8.31951832e-006, -1, 0, 0, 0, 0, 0, 0, 0, 0.331168018, -0.160919385, -0.120861426, -0.611253692, 0.675164373, -0.412935624, -0.766113281, -0.373901367, 0.522583008, 0.198405644, 0.635851994, 0.745899768, 0, 0, 0, 0, 0, 0, 0, 0.358188379, -0.110838281, -0.0821147461, -0.531811865, 0.463870426, -0.708469057, 0.0596923828, -0.813964844, -0.577758789, -0.844640333, -0.349422605, 0.405215412, 0, 3, 1, 1, 
444.852499, 31, 0.1, 0.1, -0.00646048478, 0.363276631, -0.0199693397, 0.980173119, 0.198143023, 6.54019014e-006, 0.198143023, -0.980173118, -1.57403487e-005, 3.29167829e-006, 1.67241597e-005, -1, 0.98017312, 0.198143014, 1.00614855e-005, 0.198143014, -0.98017312, -5.78959028e-006, 8.71483076e-006, 7.66841383e-006, -1, 0, 0, 0, 0, 0, 0, 0, 0.331168018, -0.160919385, -0.120861426, -0.611253692, 0.675164373, -0.412935624, -0.766113281, -0.373901367, 0.522583008, 0.198405644, 0.635851994, 0.745899768, 0, 0, 0, 0, 0, 0, 0, 0.358188379, -0.110838281, -0.0821147461, -0.531811865, 0.463870426, -0.708469057, 0.0596923828, -0.813964844, -0.577758789, -0.844640333, -0.349422605, 0.405215412, 0, 3, 1, 1, 
444.853188, 31, 0.1, 0.1, -0.00646048607, 0.363276633, -0.0199696516, 0.980173151, 0.198142863, 3.76710861e-006, 0.198142863, -0.980173151, 2.29772075e-005, 8.24518841e-006, -2.17752162e-005, -1, 0.98017314, 0.198142919, -9.10740795e-007, 0.198142919, -0.980173139, 2.32126196e-005, 3.70673254e-006, -2.29328431e-005, -1, 0, 0, 0, 0, 0, 0, 0, 0.331168018, -0.160919385, -0.120861426, -0.611253692, 0.675164373, -0.412935624, -0.766113281, -0.373901367, 0.522583008, 0.198405644, 0.635851994, 0.745899768, 0, 0, 0, 0, 0, 0, 0, 0.358188379, -0.110838281, -0.0821147461, -0.531811865, 0.463870426, -0.708469057, 0.0596923828, -0.813964844, -0.577758789, -0.844640333, -0.349422605, 0.405215412, 0, 3, 1, 1, 
444.853878, 31, 0.1, 0.1, -0.00646048666, 0.363276631, -0.0199700396, 0.980173207, 0.198142584, 7.10776175e-006, 0.198142584, -0.980173207, -7.22159307e-006, 5.53593252e-006, 8.48676232e-006, -1, 0.980173198, 0.19814263, -5.08601827e-006, 0.19814263, -0.980173198, -1.97511616e-005, -8.89872591e-006, 1.83518022e-005, -1, 0, 0, 0, 0, 0, 0, 0, 0.331168018, -0.160919385, -0.120861426, -0.611253692, 0.675164373, -0.412935624, -0.766113281, -0.373901367, 0.522583008, 0.198405644, 0.635851994, 0.745899768, 0, 0, 0, 0, 0, 0, 0, 0.358188379, -0.110838281, -0.0821147461, -0.531811865, 0.463870426, -0.708469057, 0.0596923828, -0.813964844, -0.577758789, -0.844640333, -0.349422605, 0.405215412, 0, 3, 1, 1, 
444.854566, 31, 0.1, 0.1, -0.00646048741, 0.363276632, -0.0199703566, 0.980173204, 0.198142601, -3.88880653e-006, 0.198142601, -0.980173204, -1.37109339e-005, -6.52842405e-006, 1.26685518e-005, -1, 0.98017321, 0.198142572, -1.30936253e-005, 0.198142572, -0.98017321, 3.81959696e-006, -1.20771959e-005, -6.3382712e-006, -1, 0, 0, 0, 0, 0, 0, 0, 0.331168018, -0.160919385, -0.120861426, -0.611253692, 0.675164373, -0.412935624, -0.766113281, -0.373901367, 0.522583008, 0.198405644, 0.635851994, 0.745899768, 0, 0, 0, 0, 0, 0, 0, 0.358188379, -0.110838281, -0.0821147461, -0.531811865, 0.463870426, -0.708469057, 0.0596923828, -0.813964844, -0.577758789, -0.844640333, -0.349422605, 0.405215412, 0, 3, 1, 1, 
444.855286, 31, 0.1, 0.1, -0.00646048655, 0.363276631, -0.0199702721, 0.980173143, 0.198142902, -1.29409231e-005, 0.198142902, -0.980173143, 1.61984027e-005, -9.47474675e-006, -1.84413914e-005, -1, 0.980173155, 0.198142845, -7.42013191e-006, 0.198142845, -0.980173155, 8.23508218e-006, -5.64129149e-006, -9.54205252e-006, -1, 0, 0, 0, 0, 0, 0, 0, 0.330886426, -0.160450317, -0.121387598, -0.612421174, 0.675721905, -0.41021874, -0.765136719, -0.375976563, 0.522583008, 0.198837739, 0.63390981, 0.747446927, 0, 0, 0, 0, 0, 0, 0, 0.358120752, -0.110235938, -0.082504834, -0.533140719, 0.463640016, -0.707606486, 0.0611572266, -0.812988281, -0.578857422, -0.843675317, -0.351901676, 0.405183329, 0, 3, 1, 1, 
444.856001, 31, 0.1, 0.1, -0.0064604856, 0.36327663, -0.0199698613, 0.980173117, 0.198143029, -3.98476336e-006, 0.198143029, -0.980173117, -2.04779761e-005, -7.96332614e-006, 1.92824086e-005, -1, 0.980173116, 0.198143035, 1.21745845e-005, 0.198143035, -0.980173116, -1.84752058e-005, 8.27246704e-006, 2.05212092e-005, -1, 0, 0, 0, 0, 0, 0, 0, 0.330886426, -0.160450317, -0.121387598, -0.612421174, 0.675721905, -0.41021874, -0.765136719, -0.375976563, 0.522583008, 0.198837739, 0.63390981, 0.747446927, 0, 0, 0, 0, 0, 0, 0, 0.358120752, -0.110235938, -0.082504834, -0.533140719, 0.463640016, -0.707606486, 0.0611572266, -0.812988281, -0.578857422, -0.843675317, -0.351901676, 0.405183329, 0, 3, 1, 1, 
444.856689, 31, 0.1, 0.1, -0.00646048579, 0.363276632, -0.0199692709, 0.980173163, 0.198142803, 4.79203572e-006, 0.198142803, -0.980173163, 9.11895812e-006, 6.50388073e-006, -7.98865063e-006, -1, 0.980173151, 0.198142865, 7.58340017e-006, 0.198142864, -0.98017315, 2.0627068e-005, 1.15201516e-005, -1.87155016e-005, -1, 0, 0, 0, 0, 0, 0, 0, 0.330886426, -0.160450317, -0.121387598, -0.612421174, 0.675721905, -0.41021874, -0.765136719, -0.375976563, 0.522583008, 0.198837739, 0.63390981, 0.747446927, 0, 0, 0, 0, 0, 0, 0, 0.358120752, -0.110235938, -0.082504834, -0.533140719, 0.463640016, -0.707606486, 0.0611572266, -0.812988281, -0.578857422, -0.843675317, -0.351901676, 0.405183329, 0, 3, 1, 1, 
444.857382, 31, 0.1, 0.1, -0.00646048578, 0.36327663, -0.0199688858, 0.980173215, 0.198142548, 8.75382923e-006, 0.198142548, -0.980173215, 1.14893732e-005, 1.08568026e-005, -9.52706986e-006, -1, 0.98017321, 0.198142573, 8.62301438e-006, 0.198142573, -0.98017321, -9.0775075e-006, 6.65340699e-006, 1.06061159e-005, -1, 0, 0, 0, 0, 0, 0, 0, 0.330886426, -0.160450317, -0.121387598, -0.612421174, 0.675721905, -0.41021874, -0.765136719, -0.375976563, 0.522583008, 0.198837739, 0.63390981, 0.747446927, 0, 0, 0, 0, 0, 0, 0, 0.358120752, -0.110235938, -0.082504834, -0.533140719, 0.463640016, -0.707606486, 0.0611572266, -0.812988281, -0.578857422, -0.843675317, -0.351901676, 0.405183329, 0, 3, 1, 1, 
444.858073, 31, 0.1, 0.1, -0.00646048674, 0.36327663, -0.0199687957, 0.980173195, 0.198142647, 9.53300907e-006, 0.198142647, -0.980173194, -1.87570783e-005, 5.62742282e-006, 2.0274081e-005, -1, 0.980173205, 0.198142593, -6.52122189e-006, 0.198142593, -0.980173205, -1.28821871e-005, -8.94443692e-006, 1.13346428e-005, -1, 0, 0, 0, 0, 0, 0, 0, 0.330886426, -0.160450317, -0.121387598, -0.612421174, 0.675721905, -0.41021874, -0.765136719, -0.375976563, 0.522583008, 0.198837739, 0.63390981, 0.747446927, 0, 0, 0, 0, 0, 0, 0, 0.358120752, -0.110235938, -0.082504834, -0.533140719, 0.463640016, -0.707606486, 0.0611572266, -0.812988281, -0.578857422, -0.843675317, -0.351901676, 0.405183329, 0, 3, 1, 1, 
444.858764, 31, 0.1, 0.1, -0.00646048757, 0.363276631, -0.0199690181, 0.980173134, 0.198142948, -1.2637454e-005, 0.198142948, -0.980173134, 1.94572919e-005, -8.53156774e-006, -2.15755372e-005, -1, 0.980173145, 0.198142894, -1.7704747e-005, 0.198142894, -0.980173144, 1.89761904e-005, -1.35937203e-005, -2.2108022e-005, -1, 0, 0, 0, 0, 0, 0, 0, 0.330886426, -0.160450317, -0.121387598, -0.612421174, 0.675721905, -0.41021874, -0.765136719, -0.375976563, 0.522583008, 0.198837739, 0.63390981, 0.747446927, 0, 0, 0, 0, 0, 0, 0, 0.358120752, -0.110235938, -0.082504834, -0.533140719, 0.463640016, -0.707606486, 0.0611572266, -0.812988281, -0.578857422, -0.843675317, -0.351901676, 0.405183329, 0, 3, 1, 1, 
