time, trialNum, realDorsalTactorPos, realVentralTactorPos, boxPosX, boxPosY, boxPosZ, boxLocalRot_11, boxLocalRot_12, boxLocalRot_13, boxLocalRot_21, boxLocalRot_22, boxLocalRot_23, boxLocalRot_31, boxLocalRot_32, boxLocalRot_33, boxGlobalRot_11, boxGlobalRot_12, boxGlobalRot_13, boxGlobalRot_21, boxGlobalRot_22, boxGlobalRot_23, boxGlobalRot_31, boxGlobalRot_32, boxGlobalRot_33, indexForceX, indexForceY, indexForceZ, indexForceGlobalX, indexForceGlobalY, indexForceGlobalZ, indexContact, indexPosX, indexPosY, indexPosZ, indexRot_11, indexRot_12, indexRot_13, indexRot_21, indexRot_22, indexRot_23, indexRot_31, indexRot_32, indexRot_33, thumbForceX, thumbForceY, thumbForceZ, thumbForceGlobalX, thumbForceGlobalY, thumbForceGlobalZ, thumbContact, thumbPosX, thumbPosY, thumbPosZ, thumbRot_11, thumbRot_12, thumbRot_13, thumbRot_21, thumbRot_22, thumbRot_23, thumbRot_31, thumbRot_32, thumbRot_33, manipForceTooHigh, cceExpType, mapping, trialSuccess, 
288.312114, 35, 0.1, 0.1, 0.225, -0.11500002, -0.0199755796, 0.707106779, -0.707106783, -8.43935013e-007, 0.707106783, 0.707106779, 3.74581452e-005, -2.58901564e-005, -2.70836606e-005, 0.999999999, 0.70710678, -0.707106782, -8.55648836e-007, 0.707106781, 0.707106779, 5.32080257e-005, -3.70187207e-005, -3.82287908e-005, 0.999999999, 0, 0, 0, 0, 0, 0, 0, 0.229957739, -0.14621748, -0.233065576, -0.477051439, 0.379640002, -0.792527158, -0.776123047, 0.240844727, 0.582641602, 0.412098362, 0.893259112, 0.179904422, 0, 0, -0, 0, 0, 0, 0, 0.305260889, -0.0841069336, -0.198070312, -0.00238213006, 0.515100033, -0.856990415, 0.461425781, -0.759765625, -0.457885742, -0.887066451, -0.396572036, -0.235891662, 1, 3, 1, 0, 
288.312904, 35, 0.1, 0.1, 0.225, -0.115000011, -0.0199595874, 0.707106782, -0.707106781, -2.04206292e-007, 0.70710678, 0.707106781, -4.85167837e-005, 3.44509424e-005, 3.41621511e-005, 0.999999999, 0.707106781, -0.707106782, -3.75774729e-007, 0.70710678, 0.707106779, -6.52355848e-005, 4.63942373e-005, 4.58628115e-005, 0.999999998, 0, 0, 0, 0, 0, 0, 0, 0.229957739, -0.14621748, -0.233065576, -0.477051439, 0.379640002, -0.792527158, -0.776123047, 0.240844727, 0.582641602, 0.412098362, 0.893259112, 0.179904422, 0, 0, -0, 0, 0, 0, 0, 0.305260889, -0.0841069336, -0.198070312, -0.00238213006, 0.515100033, -0.856990415, 0.461425781, -0.759765625, -0.457885742, -0.887066451, -0.396572036, -0.235891662, 1, 3, 1, 0, 
288.313687, 35, 0.1, 0.1, 0.225, -0.115000023, -0.0199473682, 0.707106774, -0.707106789, -2.30231561e-006, 0.707106787, 0.707106772, 6.5349138e-005, -4.45808362e-005, -4.78368012e-005, 0.999999998, 0.707106778, -0.707106784, 2.56903889e-009, 0.707106782, 0.707106775, 8.70552604e-005, -6.15591818e-005, -6.15555481e-005, 0.999999996, 0, 0, 0, 0, 0, 0, 0, 0.229957739, -0.14621748, -0.233065576, -0.477051439, 0.379640002, -0.792527158, -0.776123047, 0.240844727, 0.582641602, 0.412098362, 0.893259112, 0.179904422, 0, 0, -0, 0, 0, 0, 0, 0.305260889, -0.0841069336, -0.198070312, -0.00238213006, 0.515100033, -0.856990415, 0.461425781, -0.759765625, -0.457885742, -0.887066451, -0.396572036, -0.235891662, 1, 3, 1, 0, 
288.314475, 35, 0.1, 0.1, 0.225000001, -0.115000006, -0.0199422758, 0.707106735, -0.707106827, -2.53787503e-007, 0.707106824, 0.707106732, -9.39958098e-005, 6.66445337e-005, 6.62856154e-005, 0.999999996, 0.707106746, -0.707106816, -3.19445864e-006, 0.707106811, 0.707106742, -0.000112763911, 8.19949533e-005, 7.74772987e-005, 0.999999994, 0, 0, 0, 0, 0, 0, 0, 0.229957739, -0.14621748, -0.233065576, -0.477051439, 0.379640002, -0.792527158, -0.776123047, 0.240844727, 0.582641602, 0.412098362, 0.893259112, 0.179904422, 0, 0, -0, 0, 0, 0, 0, 0.305260889, -0.0841069336, -0.198070312, -0.00238213006, 0.515100033, -0.856990415, 0.461425781, -0.759765625, -0.457885742, -0.887066451, -0.396572036, -0.235891662, 1, 3, 1, 0, 
288.3153, 35, 0.1, 0.1, 0.224999999, -0.115000017, -0.0199451569, 0.707106655, -0.707106907, 1.06425603e-005, 0.707106905, 0.707106654, 7.34692092e-005, -5.94760105e-005, -4.44251389e-005, 0.999999997, 0.70710667, -0.707106893, 1.0955455e-005, 0.707106889, 0.707106668, 9.02655372e-005, -7.15740588e-005, -5.60806856e-005, 0.999999996, 0, 0, 0, 0, 0, 0, 0, 0.231692065, -0.146819971, -0.231913745, -0.473631368, 0.376543441, -0.796107111, -0.778808594, 0.242797852, 0.57824707, 0.411062308, 0.893996743, 0.178370367, 0, 0, -0, 0, 0, 0, 0, 0.305260889, -0.0841069336, -0.198070312, 0.00104263435, 0.510071528, -0.860025455, 0.461669922, -0.763061523, -0.452026367, -0.886951979, -0.396609582, -0.236210657, 1, 3, 1, 0, 
288.316087, 35, 0.1, 0.1, 0.224999998, -0.115000006, -0.019954, 0.707106595, -0.707106967, -2.75404963e-006, 0.707106965, 0.707106593, -7.57152483e-005, 5.54861862e-005, 5.15913437e-005, 0.999999997, 0.7071066, -0.707106963, 1.621095e-006, 0.70710696, 0.707106597, -8.71970141e-005, 6.05113288e-005, 6.28038717e-005, 0.999999996, 0, 0, 0, 0, 0, 0, 0, 0.231692065, -0.146819971, -0.231913745, -0.473631368, 0.376543441, -0.796107111, -0.778808594, 0.242797852, 0.57824707, 0.411062308, 0.893996743, 0.178370367, 0, 0, -0, 0, 0, 0, 0, 0.306606104, -0.0851101563, -0.197384863, 0.00104263435, 0.510071528, -0.860025455, 0.461669922, -0.763061523, -0.452026367, -0.886951979, -0.396609582, -0.236210657, 1, 3, 1, 0, 
288.316871, 35, 0.1, 0.1, 0.225, -0.115000011, -0.0199656934, 0.707106592, -0.70710697, -1.11953898e-005, 0.70710697, 0.707106591, 4.84264674e-005, -2.63263587e-005, -4.21590125e-005, 0.999999999, 0.707106594, -0.707106969, -1.10727157e-005, 0.707106968, 0.707106592, 5.42781668e-005, -3.05508797e-005, -4.62100441e-005, 0.999999998, 0, 0, 0, 0, 0, 0, 0, 0.231692065, -0.146819971, -0.231913745, -0.473631368, 0.376543441, -0.796107111, -0.778808594, 0.242797852, 0.57824707, 0.411062308, 0.893996743, 0.178370367, 0, 0, -0, 0, 0, 0, 0, 0.306606104, -0.0851101563, -0.197384863, 0.00104263435, 0.510071528, -0.860025455, 0.461669922, -0.763061523, -0.452026367, -0.886951979, -0.396609582, -0.236210657, 1, 3, 1, 0, 
288.317652, 35, 0.1, 0.1, 0.225000001, -0.115000007, -0.0199761736, 0.707106583, -0.70710698, -3.93560481e-006, 0.707106979, 0.707106582, -3.22842411e-005, 2.56113043e-005, 2.00455058e-005, 0.999999999, 0.707106588, -0.707106974, -6.19039802e-006, 0.707106974, 0.707106588, -3.733687e-005, 3.07784324e-005, 2.20238731e-005, 0.999999999, 0, 0, 0, 0, 0, 0, 0, 0.231692065, -0.146819971, -0.231913745, -0.473631368, 0.376543441, -0.796107111, -0.778808594, 0.242797852, 0.57824707, 0.411062308, 0.893996743, 0.178370367, 0, 0, -0, 0, 0, 0, 0, 0.306606104, -0.0851101563, -0.197384863, 0.00104263435, 0.510071528, -0.860025455, 0.461669922, -0.763061523, -0.452026367, -0.886951979, -0.396609582, -0.236210657, 1, 3, 1, 0, 
288.318432, 35, 0.1, 0.1, 0.225000001, -0.11500001, -0.0199823146, 0.707106546, -0.707107017, 7.22861383e-006, 0.707107016, 0.707106545, 2.62316329e-005, -2.36599718e-005, -1.34371557e-005, 1, 0.70710655, -0.707107013, 5.88722434e-006, 0.707107012, 0.707106549, 3.01004194e-005, -2.54471125e-005, -1.71213061e-005, 1, 0, 0, 0, 0, 0, 0, 0, 0.231692065, -0.146819971, -0.231913745, -0.473631368, 0.376543441, -0.796107111, -0.778808594, 0.242797852, 0.57824707, 0.411062308, 0.893996743, 0.178370367, 0, 0, -0, 0, 0, 0, 0, 0.306606104, -0.0851101563, -0.197384863, 0.00104263435, 0.510071528, -0.860025455, 0.461669922, -0.763061523, -0.452026367, -0.886951979, -0.396609582, -0.236210657, 1, 3, 1, 0, 
288.319218, 35, 0.1, 0.1, 0.225000001, -0.115000006, -0.0199826172, 0.707106618, -0.707106944, -1.38401482e-005, 0.707106943, 0.707106618, -3.59511393e-005, 3.52077606e-005, 1.56348236e-005, 0.999999999, 0.707106585, -0.707106978, -7.021e-006, 0.707106977, 0.707106585, -3.56385538e-005, 3.01648654e-005, 2.0235658e-005, 0.999999999, 0, 0, 0, 0, 0, 0, 0, 0.231692065, -0.146819971, -0.231913745, -0.473631368, 0.376543441, -0.796107111, -0.778808594, 0.242797852, 0.57824707, 0.411062308, 0.893996743, 0.178370367, 0, 0, -0, 0, 0, 0, 0, 0.306606104, -0.0851101563, -0.197384863, 0.00104263435, 0.510071528, -0.860025455, 0.461669922, -0.763061523, -0.452026367, -0.886951979, -0.396609582, -0.236210657, 1, 3, 1, 0, 
288.320016, 35, 0.1, 0.1, 0.225000003, -0.115000007, -0.0199772149, 0.707106944, -0.707106618, 1.37066306e-005, 0.707106618, 0.707106944, 3.06229336e-005, -3.13457327e-005, -1.19616398e-005, 0.999999999, 0.707106842, -0.707106721, -3.08789324e-006, 0.707106721, 0.707106841, 2.59689001e-005, -1.61793133e-005, -2.0546257e-005, 1, 0, 0, 0, 0, 0, 0, 0, 0.231692065, -0.146819971, -0.231913745, -0.46979942, 0.372920427, -0.800092949, -0.782470703, 0.243652344, 0.572998047, 0.4087251, 0.895312124, 0.177394967, 0, 0, -0, 0, 0, 0, 0, 0.306606104, -0.0851101563, -0.197384863, 0.00104263435, 0.510071528, -0.860025455, 0.461669922, -0.763061523, -0.452026367, -0.886951979, -0.396609582, -0.236210657, 1, 3, 1, 0, 
288.320824, 35, 0.1, 0.1, 0.225000001, -0.115000008, -0.0199680618, 0.707107559, -0.707106003, -2.54511377e-005, 0.707106003, 0.70710756, -1.28932383e-005, 2.7113578e-005, -8.87974595e-006, 1, 0.707107441, -0.707106121, -1.37875436e-005, 0.707106121, 0.707107441, -5.02460122e-006, 1.33022009e-005, -6.19632354e-006, 1, 0, 0, 0, 0, 0, 0, 0, 0.233666724, -0.147224365, -0.230557715, -0.46979942, 0.372920427, -0.800092949, -0.782470703, 0.243652344, 0.572998047, 0.4087251, 0.895312124, 0.177394967, 0, 0, -0, 0, 0, 0, 0, 0.308704785, -0.0855078613, -0.19630542, 0.00512581261, 0.504972294, -0.863035342, 0.465576172, -0.765014648, -0.444824219, -0.884927165, -0.399477645, -0.239104606, 1, 3, 1, 0, 
288.321604, 35, 0.1, 0.1, 0.225000001, -0.115000008, -0.019959414, 0.707108041, -0.707105521, -1.44021068e-006, 0.707105521, 0.707108041, 2.12485185e-005, -1.40065602e-005, -1.60433792e-005, 1, 0.707107962, -0.7071056, 1.45963565e-005, 0.7071056, 0.707107962, 1.20674393e-005, -1.88541538e-005, 1.78818306e-006, 1, 0, 0, 0, 0, 0, 0, 0, 0.233666724, -0.147224365, -0.230557715, -0.46979942, 0.372920427, -0.800092949, -0.782470703, 0.243652344, 0.572998047, 0.4087251, 0.895312124, 0.177394967, 0, 0, -0, 0, 0, 0, 0, 0.308704785, -0.0855078613, -0.19630542, 0.00512581261, 0.504972294, -0.863035342, 0.465576172, -0.765014648, -0.444824219, -0.884927165, -0.399477645, -0.239104606, 1, 3, 1, 0, 
288.3224, 35, 0.1, 0.1, 0.225, -0.115000005, -0.0199535123, 0.707108282, -0.707105281, 4.28937079e-006, 0.707105281, 0.707108281, -3.29121337e-005, 2.02392939e-005, 2.6305479e-005, 0.999999999, 0.707108225, -0.707105337, 2.40869645e-005, 0.707105338, 0.707108224, -2.33707707e-005, -5.06493965e-007, 3.35576853e-005, 0.999999999, 0, 0, 0, 0, 0, 0, 0, 0.233666724, -0.147224365, -0.230557715, -0.466520134, 0.369113566, -0.803761269, -0.786254883, 0.243286133, 0.567993164, 0.405239506, 0.897027399, 0.176863644, 0, 0, -0, 0, 0, 0, 0, 0.308704785, -0.0855078613, -0.19630542, 0.00512581261, 0.504972294, -0.863035342, 0.465576172, -0.765014648, -0.444824219, -0.884927165, -0.399477645, -0.239104606, 1, 3, 1, 0, 
288.323201, 35, 0.1, 0.1, 0.225000004, -0.115000014, -0.0199516621, 0.70710885, -0.707104713, -4.71624223e-006, 0.707104712, 0.707108849, 5.27296676e-005, -3.39504998e-005, -4.06204917e-005, 0.999999999, 0.707108711, -0.707104851, -1.4347809e-005, 0.70710485, 0.707108709, 6.78897912e-005, -3.785974e-005, -5.81508681e-005, 0.999999998, 0, 0, 0, 0, 0, 0, 0, 0.236056128, -0.147636938, -0.229630591, -0.466520134, 0.369113566, -0.803761269, -0.786254883, 0.243286133, 0.567993164, 0.405239506, 0.897027399, 0.176863644, 0, 0, -0, 0, 0, 0, 0, 0.311078223, -0.0861187988, -0.195222803, 0.00992464064, 0.499981702, -0.865885548, 0.469604492, -0.766845703, -0.43737793, -0.88270439, -0.402211546, -0.24235, 1, 3, 1, 0, 
288.323987, 35, 0.1, 0.1, 0.225, -0.115000001, -0.0199546279, 0.70710955, -0.707104012, 3.25129742e-005, 0.707104012, 0.707109546, -7.90917994e-005, 3.29358942e-005, 7.89166212e-005, 0.999999996, 0.707109427, -0.707104135, 2.85100789e-005, 0.707104134, 0.707109423, -9.30114497e-005, 4.56090352e-005, 8.59288676e-005, 0.999999995, 0, 0, 0, 0, 0, 0, 0, 0.236056128, -0.147636938, -0.229630591, -0.466520134, 0.369113566, -0.803761269, -0.786254883, 0.243286133, 0.567993164, 0.405239506, 0.897027399, 0.176863644, 0, 0, -0, 0, 0, 0, 0, 0.311078223, -0.0861187988, -0.195222803, 0.00992464064, 0.499981702, -0.865885548, 0.469604492, -0.766845703, -0.43737793, -0.88270439, -0.402211546, -0.24235, 1, 3, 1, 0, 
288.324771, 35, 0.1, 0.1, 0.224999997, -0.115000011, -0.0199610668, 0.707109873, -0.707103689, -2.11109613e-005, 0.707103687, 0.707109868, 0.000104974537, -5.9300113e-005, -8.91561699e-005, 0.999999994, 0.707109864, -0.707103698, -3.75090465e-006, 0.707103695, 0.70710986, 9.63756041e-005, -6.54952444e-005, -7.08004188e-005, 0.999999995, 0, 0, 0, 0, 0, 0, 0, 0.236056128, -0.147636938, -0.229630591, -0.466520134, 0.369113566, -0.803761269, -0.786254883, 0.243286133, 0.567993164, 0.405239506, 0.897027399, 0.176863644, 0, 0, -0, 0, 0, 0, 0, 0.311078223, -0.0861187988, -0.195222803, 0.00992464064, 0.499981702, -0.865885548, 0.469604492, -0.766845703, -0.43737793, -0.88270439, -0.402211546, -0.24235, 1, 3, 1, 0, 
288.325556, 35, 0.1, 0.1, 0.225000006, -0.115000015, -0.0199686124, 0.707109607, -0.707103955, -2.84169529e-005, 0.707103952, 0.707109607, -6.80898398e-005, 6.82404954e-005, 2.80532401e-005, 0.999999997, 0.707109731, -0.70710383, -5.1252719e-005, 0.70710383, 0.707109732, -2.6698289e-005, 5.51197588e-005, -1.73623739e-005, 0.999999998, 0, 0, 0, 0, 0, 0, 0, 0.236056128, -0.147636938, -0.229630591, -0.466520134, 0.369113566, -0.803761269, -0.786254883, 0.243286133, 0.567993164, 0.405239506, 0.897027399, 0.176863644, 0, 0, -0, 0, 0, 0, 0, 0.311078223, -0.0861187988, -0.195222803, 0.00992464064, 0.499981702, -0.865885548, 0.469604492, -0.766845703, -0.43737793, -0.88270439, -0.402211546, -0.24235, 1, 3, 1, 0, 
288.326338, 35, 0.1, 0.1, 0.224999999, -0.114999997, -0.0199747233, 0.707108697, -0.707104862, 6.97084818e-005, 0.707104865, 0.707108697, -3.9873597e-005, -2.10966594e-005, 7.74861738e-005, 0.999999997, 0.707108909, -0.707104651, 5.50130105e-005, 0.707104653, 0.707108905, -7.32165141e-005, 1.2871548e-005, 9.06720051e-005, 0.999999996, 0, 0, 0, 0, 0, 0, 0, 0.236056128, -0.147636938, -0.229630591, -0.466520134, 0.369113566, -0.803761269, -0.786254883, 0.243286133, 0.567993164, 0.405239506, 0.897027399, 0.176863644, 0, 0, -0, 0, 0, 0, 0, 0.311078223, -0.0861187988, -0.195222803, 0.00992464064, 0.499981702, -0.865885548, 0.469604492, -0.766845703, -0.43737793, -0.88270439, -0.402211546, -0.24235, 1, 3, 1, 0, 
288.327264, 35, 0.1, 0.1, 0.224999991, -0.115000012, -0.0199765245, 0.70710689, -0.707106672, -2.32037333e-005, 0.707106671, 0.707106885, 9.21046974e-005, -4.87203265e-005, -8.15353807e-005, 0.999999995, 0.70710729, -0.707106273, 2.68690315e-006, 0.70710627, 0.707107287, 9.00307126e-005, -6.55612104e-005, -6.17614471e-005, 0.999999996, 0, 0, 0, 0, 0, 0, 0, 0.236056128, -0.147636938, -0.229630591, -0.464020418, 0.367825516, -0.805791819, -0.788330078, 0.243164062, 0.565063477, 0.403854855, 0.897478589, 0.177308844, 0, 0, -0, 0, 0, 0, 0, 0.311078223, -0.0861187988, -0.195222803, 0.00992464064, 0.499981702, -0.865885548, 0.469604492, -0.766845703, -0.43737793, -0.88270439, -0.402211546, -0.24235, 1, 3, 1, 0, 
288.328066, 35, 0.1, 0.1, 0.225000003, -0.115000019, -0.0199734097, 0.707104854, -0.707108708, -3.31910647e-005, 0.707108708, 0.707104854, -1.64492609e-005, 3.51009786e-005, -1.18383387e-005, 0.999999999, 0.707105278, -0.707108282, -5.66393147e-005, 0.707108284, 0.707105279, 7.16475001e-006, 3.49837043e-005, -4.51163611e-005, 0.999999998, 0, 0, 0, 0, 0, 0, 0, 0.238188843, -0.147924634, -0.229733008, -0.464020418, 0.367825516, -0.805791819, -0.788330078, 0.243164062, 0.565063477, 0.403854855, 0.897478589, 0.177308844, 0, 0, -0, 0, 0, 0, 0, 0.313421387, -0.0868211426, -0.194750098, 0.0145827441, 0.496390693, -0.867898702, 0.471801758, -0.768676758, -0.431762695, -0.881478347, -0.403079947, -0.245384673, 1, 3, 1, 0, 
288.328854, 35, 0.1, 0.1, 0.224999991, -0.115000012, -0.01996806, 0.707102463, -0.707111095, 8.05898805e-005, 0.707111098, 0.707102464, -1.53556165e-005, -4.61271763e-005, 6.78439931e-005, 0.999999997, 0.707102952, -0.707110605, 8.40063428e-005, 0.707110609, 0.707102953, -2.63092596e-005, -4.07975765e-005, 7.80051313e-005, 0.999999996, 0, 0, 0, 0, 0, 0, 0, 0.238188843, -0.147924634, -0.229733008, -0.464020418, 0.367825516, -0.805791819, -0.788330078, 0.243164062, 0.565063477, 0.403854855, 0.897478589, 0.177308844, 0, 0, -0, 0, 0, 0, 0, 0.313421387, -0.0868211426, -0.194750098, 0.0145827441, 0.496390693, -0.867898702, 0.471801758, -0.768676758, -0.431762695, -0.881478347, -0.403079947, -0.245384673, 1, 3, 1, 0, 
288.32964, 35, 0.1, 0.1, 0.224999995, -0.115000016, -0.0199623673, 0.707100086, -0.707113472, -7.76913735e-005, 0.707113475, 0.707100086, 3.65809201e-005, 2.90687155e-005, -8.08029889e-005, 0.999999996, 0.707100527, -0.707113032, -6.50381182e-005, 0.707113034, 0.707100527, 2.88212349e-005, 2.56086169e-005, -6.63688115e-005, 0.999999997, 0, 0, 0, 0, 0, 0, 0, 0.238188843, -0.147924634, -0.229733008, -0.464020418, 0.367825516, -0.805791819, -0.788330078, 0.243164062, 0.565063477, 0.403854855, 0.897478589, 0.177308844, 0, 0, -0, 0, 0, 0, 0, 0.313421387, -0.0868211426, -0.194750098, 0.0145827441, 0.496390693, -0.867898702, 0.471801758, -0.768676758, -0.431762695, -0.881478347, -0.403079947, -0.245384673, 1, 3, 1, 0, 
288.330423, 35, 0.1, 0.1, 0.224999999, -0.115000019, -0.0199583037, 0.707098277, -0.707115285, 1.71323429e-005, 0.707115285, 0.707098276, -4.03318901e-005, 1.64050458e-005, 4.06331515e-005, 0.999999999, 0.707098557, -0.707115005, 1.20389704e-005, 0.707115006, 0.707098557, -6.2327335e-006, -4.1054792e-006, 1.29200935e-005, 1, 0, 0, 0, 0, 0, 0, 0, 0.238188843, -0.147924634, -0.229733008, -0.464020418, 0.367825516, -0.805791819, -0.788330078, 0.243164062, 0.565063477, 0.403854855, 0.897478589, 0.177308844, 0, 0, -0, 0, 0, 0, 0, 0.313421387, -0.0868211426, -0.194750098, 0.0145827441, 0.496390693, -0.867898702, 0.471801758, -0.768676758, -0.431762695, -0.881478347, -0.403079947, -0.245384673, 1, 3, 1, 0, 
288.331209, 35, 0.1, 0.1, 0.224999996, -0.115000016, -0.0199569938, 0.707096845, -0.707116717, -1.25824428e-005, 0.707116717, 0.707096844, 2.68231769e-005, -1.00701112e-005, -2.78638394e-005, 1, 0.707097153, -0.707116409, 6.38969093e-006, 0.707116409, 0.707097153, 1.90092266e-005, -1.79598683e-005, -8.92311472e-006, 1, 0, 0, 0, 0, 0, 0, 0, 0.238188843, -0.147924634, -0.229733008, -0.464020418, 0.367825516, -0.805791819, -0.788330078, 0.243164062, 0.565063477, 0.403854855, 0.897478589, 0.177308844, 0, 0, -0, 0, 0, 0, 0, 0.313421387, -0.0868211426, -0.194750098, 0.0145827441, 0.496390693, -0.867898702, 0.471801758, -0.768676758, -0.431762695, -0.881478347, -0.403079947, -0.245384673, 1, 3, 1, 0, 
288.332012, 35, 0.1, 0.1, 0.224999996, -0.115000015, -0.0199586302, 0.707095118, -0.707118444, 2.70522541e-005, 0.707118444, 0.707095118, 4.1225341e-006, -2.20436367e-005, 1.62141241e-005, 1, 0.7070955, -0.707118062, 2.40401222e-005, 0.707118062, 0.7070955, -5.095968e-006, -1.33952112e-005, 2.06025407e-005, 1, 0, 0, 0, 0, 0, 0, 0, 0.238188843, -0.147924634, -0.229733008, -0.461057529, 0.365852254, -0.808400119, -0.790893555, 0.243530273, 0.561401367, 0.402273252, 0.898285491, 0.17722759, 0, 0, -0, 0, 0, 0, 0, 0.313421387, -0.0868211426, -0.194750098, 0.0145827441, 0.496390693, -0.867898702, 0.471801758, -0.768676758, -0.431762695, -0.881478347, -0.403079947, -0.245384673, 1, 3, 1, 0, 
288.332817, 35, 0.1, 0.1, 0.224999997, -0.115000016, -0.0199620344, 0.707093283, -0.70712028, -1.42734944e-007, 0.707120279, 0.707093282, 2.19255647e-005, -1.54030845e-005, -1.56043503e-005, 1, 0.707093633, -0.707119929, -3.28014815e-006, 0.707119929, 0.707093633, -4.07875992e-006, 5.2035443e-006, 5.64607045e-007, 1, 0, 0, 0, 0, 0, 0, 0, 0.240567871, -0.148469507, -0.229643311, -0.461057529, 0.365852254, -0.808400119, -0.790893555, 0.243530273, 0.561401367, 0.402273252, 0.898285491, 0.17722759, 0, 0, -0, 0, 0, 0, 0, 0.315737695, -0.0877413574, -0.194480371, 0.0190746032, 0.492576205, -0.869879774, 0.47265625, -0.771118164, -0.426391602, -0.881006233, -0.402989895, -0.247556775, 1, 3, 1, 0, 
288.333605, 35, 0.1, 0.1, 0.224999995, -0.115000016, -0.0199663059, 0.707091679, -0.707121883, 1.12345616e-005, 0.707121883, 0.707091679, -1.59018308e-005, 3.30066755e-006, 1.91882566e-005, 1, 0.70709198, -0.707121582, 9.94447304e-006, 0.707121582, 0.70709198, -2.239765e-005, 8.80620454e-006, 2.28691502e-005, 1, 0, 0, 0, 0, 0, 0, 0, 0.240567871, -0.148469507, -0.229643311, -0.461057529, 0.365852254, -0.808400119, -0.790893555, 0.243530273, 0.561401367, 0.402273252, 0.898285491, 0.17722759, 0, 0, -0, 0, 0, 0, 0, 0.315737695, -0.0877413574, -0.194480371, 0.0190746032, 0.492576205, -0.869879774, 0.47265625, -0.771118164, -0.426391602, -0.881006233, -0.402989895, -0.247556775, 1, 3, 1, 0, 
288.334388, 35, 0.1, 0.1, 0.224999997, -0.11500002, -0.0199700514, 0.707090105, -0.707123457, -2.55649493e-005, 0.707123457, 0.707090105, 1.07299636e-005, 1.04893137e-005, -2.56646264e-005, 1, 0.707090432, -0.70712313, -2.86656074e-005, 0.70712313, 0.707090431, 2.18052144e-005, 4.85020525e-006, -3.56883725e-005, 0.999999999, 0, 0, 0, 0, 0, 0, 0, 0.240567871, -0.148469507, -0.229643311, -0.461057529, 0.365852254, -0.808400119, -0.790893555, 0.243530273, 0.561401367, 0.402273252, 0.898285491, 0.17722759, 0, 0, -0, 0, 0, 0, 0, 0.315737695, -0.0877413574, -0.194480371, 0.0190746032, 0.492576205, -0.869879774, 0.47265625, -0.771118164, -0.426391602, -0.881006233, -0.402989895, -0.247556775, 1, 3, 1, 0, 
288.335174, 35, 0.1, 0.1, 0.224999992, -0.115000016, -0.0199721273, 0.707088541, -0.70712502, 2.69559202e-005, 0.70712502, 0.707088541, -3.46128855e-005, 5.41541504e-006, 4.35355803e-005, 0.999999999, 0.707088823, -0.707124738, 4.02677625e-005, 0.707124739, 0.707088822, -2.79996649e-005, -8.67362906e-006, 4.82725812e-005, 0.999999999, 0, 0, 0, 0, 0, 0, 0, 0.240567871, -0.148469507, -0.229643311, -0.461057529, 0.365852254, -0.808400119, -0.790893555, 0.243530273, 0.561401367, 0.402273252, 0.898285491, 0.17722759, 0, 0, -0, 0, 0, 0, 0, 0.315737695, -0.0877413574, -0.194480371, 0.0190746032, 0.492576205, -0.869879774, 0.47265625, -0.771118164, -0.426391602, -0.881006233, -0.402989895, -0.247556775, 1, 3, 1, 0, 
288.335972, 35, 0.1, 0.1, 0.224999995, -0.11500002, -0.0199718457, 0.707087356, -0.707126205, -3.43811567e-005, 0.707126205, 0.707087355, 5.23841164e-005, -1.27317003e-005, -6.13519633e-005, 0.999999998, 0.707087583, -0.707125978, -2.47793145e-005, 0.707125979, 0.707087582, 4.88865244e-005, -1.70477858e-005, -5.20891514e-005, 0.999999998, 0, 0, 0, 0, 0, 0, 0, 0.240567871, -0.148469507, -0.229643311, -0.461057529, 0.365852254, -0.808400119, -0.790893555, 0.243530273, 0.561401367, 0.402273252, 0.898285491, 0.17722759, 0, 0, -0, 0, 0, 0, 0, 0.315737695, -0.0877413574, -0.194480371, 0.0190746032, 0.492576205, -0.869879774, 0.47265625, -0.771118164, -0.426391602, -0.881006233, -0.402989895, -0.247556775, 1, 3, 1, 0, 
288.336772, 35, 0.1, 0.1, 0.224999997, -0.115000022, -0.019969479, 0.707086169, -0.707127392, 2.84775311e-005, 0.707127392, 0.707086169, -2.07414314e-005, -5.46923411e-006, 3.48032216e-005, 0.999999999, 0.707086423, -0.707127138, 7.1481649e-006, 0.707127138, 0.707086423, -9.45509022e-006, 1.63158054e-006, 1.17402273e-005, 1, 0, 0, 0, 0, 0, 0, 0, 0.240567871, -0.148469507, -0.229643311, -0.456379365, 0.363890975, -0.811954984, -0.792480469, 0.248535156, 0.556884766, 0.40449851, 0.897607392, 0.175071603, 0, 0, -0, 0, 0, 0, 0, 0.315737695, -0.0877413574, -0.194480371, 0.0190746032, 0.492576205, -0.869879774, 0.47265625, -0.771118164, -0.426391602, -0.881006233, -0.402989895, -0.247556775, 1, 3, 1, 0, 
288.337575, 35, 0.1, 0.1, 0.224999995, -0.115000018, -0.0199657201, 0.707085254, -0.707128307, -2.94182081e-006, 0.707128307, 0.707085254, 2.10219524e-005, -1.27850995e-005, -1.69445573e-005, 1, 0.707085388, -0.707128174, -7.4075088e-006, 0.707128174, 0.707085388, -4.01584729e-006, 8.07745999e-006, -2.39851124e-006, 1, 0, 0, 0, 0, 0, 0, 0, 0.242153174, -0.150134497, -0.229161816, -0.456379365, 0.363890975, -0.811954984, -0.792480469, 0.248535156, 0.556884766, 0.40449851, 0.897607392, 0.175071603, 0, 0, -0, 0, 0, 0, 0, 0.317342529, -0.0889143555, -0.194216748, 0.0231446551, 0.488065389, -0.872365409, 0.472167969, -0.774536133, -0.420776367, -0.881192167, -0.402113831, -0.24843174, 1, 3, 1, 0, 
288.338358, 35, 0.1, 0.1, 0.224999993, -0.115000017, -0.0199623185, 0.707084697, -0.707128864, 1.37174506e-005, 0.707128864, 0.707084697, -1.60799328e-005, 1.67118526e-006, 2.10698797e-005, 1, 0.707084804, -0.707128758, 1.15373984e-005, 0.707128758, 0.707084803, -2.49670652e-005, 9.49701073e-006, 2.58122586e-005, 1, 0, 0, 0, 0, 0, 0, 0, 0.242153174, -0.150134497, -0.229161816, -0.456379365, 0.363890975, -0.811954984, -0.792480469, 0.248535156, 0.556884766, 0.40449851, 0.897607392, 0.175071603, 0, 0, -0, 0, 0, 0, 0, 0.317342529, -0.0889143555, -0.194216748, 0.0231446551, 0.488065389, -0.872365409, 0.472167969, -0.774536133, -0.420776367, -0.881192167, -0.402113831, -0.24843174, 1, 3, 1, 0, 
288.339155, 35, 0.1, 0.1, 0.224999996, -0.115000023, -0.019960242, 0.707083971, -0.70712959, -2.5589103e-005, 0.707129591, 0.707083971, 1.16530822e-005, 9.85340537e-006, -2.63345196e-005, 1, 0.707084159, -0.707129402, -3.21692407e-005, 0.707129403, 0.707084158, 2.80589346e-005, 2.90506283e-006, -4.25878441e-005, 0.999999999, 0, 0, 0, 0, 0, 0, 0, 0.242153174, -0.150134497, -0.229161816, -0.45079395, 0.361003348, -0.816290541, -0.794799805, 0.25378418, 0.551269531, 0.406209297, 0.897323195, 0.17266849, 0, 0, -0, 0, 0, 0, 0, 0.317342529, -0.0889143555, -0.194216748, 0.0231446551, 0.488065389, -0.872365409, 0.472167969, -0.774536133, -0.420776367, -0.881192167, -0.402113831, -0.24843174, 1, 3, 1, 0, 
288.339957, 35, 0.1, 0.1, 0.224999993, -0.115000024, -0.0199597282, 0.707082937, -0.707130625, -2.18192175e-005, 0.707130625, 0.707082937, 1.384311e-005, 5.63910934e-006, -2.52172638e-005, 1, 0.707083139, -0.707130423, 1.39816276e-005, 0.707130423, 0.707083139, 1.02541345e-005, -1.71371836e-005, 2.63630862e-006, 1, 0, 0, 0, 0, 0, 0, 0, 0.244006519, -0.152068872, -0.227828003, -0.45079395, 0.361003348, -0.816290541, -0.794799805, 0.25378418, 0.551269531, 0.406209297, 0.897323195, 0.17266849, 0, 0, -0, 0, 0, 0, 0, 0.318912695, -0.0899358887, -0.193737939, 0.0265566596, 0.482806841, -0.875157645, 0.472290039, -0.777709961, -0.414672852, -0.880956294, -0.402298298, -0.248725216, 1, 3, 1, 0, 
288.340738, 35, 0.1, 0.1, 0.224999995, -0.115000026, -0.0199613003, 0.707082091, -0.70713147, 2.12947599e-005, 0.70713147, 0.707082091, -1.52895307e-005, -4.24543503e-006, 2.58691482e-005, 1, 0.707082217, -0.707131344, 1.72922094e-005, 0.707131344, 0.707082217, 1.98326709e-006, -1.36294441e-005, 1.08255304e-005, 1, 0, 0, 0, 0, 0, 0, 0, 0.244006519, -0.152068872, -0.227828003, -0.45079395, 0.361003348, -0.816290541, -0.794799805, 0.25378418, 0.551269531, 0.406209297, 0.897323195, 0.17266849, 0, 0, -0, 0, 0, 0, 0, 0.318912695, -0.0899358887, -0.193737939, 0.0265566596, 0.482806841, -0.875157645, 0.472290039, -0.777709961, -0.414672852, -0.880956294, -0.402298298, -0.248725216, 1, 3, 1, 0, 
288.341519, 35, 0.1, 0.1, 0.224999996, -0.115000025, -0.0199642801, 0.707081759, -0.707131803, 5.76291677e-006, 0.707131802, 0.707081758, 3.3456748e-005, -2.77331839e-005, -1.95815145e-005, 0.999999999, 0.707081782, -0.70713178, -1.68088748e-005, 0.70713178, 0.707081781, 1.402621e-005, 1.96687026e-006, -2.18037671e-005, 1, 0, 0, 0, 0, 0, 0, 0, 0.244006519, -0.152068872, -0.227828003, -0.45079395, 0.361003348, -0.816290541, -0.794799805, 0.25378418, 0.551269531, 0.406209297, 0.897323195, 0.17266849, 0, 0, -0, 0, 0, 0, 0, 0.318912695, -0.0899358887, -0.193737939, 0.0265566596, 0.482806841, -0.875157645, 0.472290039, -0.777709961, -0.414672852, -0.880956294, -0.402298298, -0.248725216, 1, 3, 1, 0, 
288.342301, 35, 0.1, 0.1, 0.22499999, -0.115000025, -0.0199675863, 0.707081945, -0.707131616, -3.86680989e-007, 0.707131616, 0.707081945, -2.8059389e-005, 2.01150963e-005, 1.9566853e-005, 1, 0.707081875, -0.707131686, 3.08829648e-005, 0.707131686, 0.707081875, -1.35278492e-005, -1.22708138e-005, 3.14036199e-005, 0.999999999, 0, 0, 0, 0, 0, 0, 0, 0.244006519, -0.152068872, -0.227828003, -0.45079395, 0.361003348, -0.816290541, -0.794799805, 0.25378418, 0.551269531, 0.406209297, 0.897323195, 0.17266849, 0, 0, -0, 0, 0, 0, 0, 0.318912695, -0.0899358887, -0.193737939, 0.0265566596, 0.482806841, -0.875157645, 0.472290039, -0.777709961, -0.414672852, -0.880956294, -0.402298298, -0.248725216, 1, 3, 1, 0, 
288.343379, 35, 0.1, 0.1, 0.224999995, -0.115000022, -0.0199682561, 0.707082598, -0.707130964, 1.9374023e-005, 0.707130963, 0.707082598, 2.08903897e-005, -2.84712759e-005, -1.07125948e-006, 1, 0.707082475, -0.707131087, -1.23561407e-005, 0.707131086, 0.707082475, -1.28173451e-005, 1.78003537e-005, 3.25508916e-007, 1, 0, 0, 0, 0, 0, 0, 0, 0.244006519, -0.152068872, -0.227828003, -0.45079395, 0.361003348, -0.816290541, -0.794799805, 0.25378418, 0.551269531, 0.406209297, 0.897323195, 0.17266849, 0, 0, -0, 0, 0, 0, 0, 0.318912695, -0.0899358887, -0.193737939, 0.0265566596, 0.482806841, -0.875157645, 0.472290039, -0.777709961, -0.414672852, -0.880956294, -0.402298298, -0.248725216, 1, 3, 1, 0, 
288.344746, 35, 0.1, 0.1, 0.224999992, -0.115000023, -0.0199559708, 0.707083222, -0.70713034, -2.51879748e-005, 0.707130338, 0.707083222, -4.2362672e-005, 4.7765925e-005, 1.21427534e-005, 0.999999999, 0.707083196, -0.707130365, -3.00931592e-005, 0.707130365, 0.707083197, -1.227534e-005, 2.99586328e-005, -1.26001e-005, 0.999999999, 0, 0, 0, 0, 0, 0, 0, 0.246305127, -0.153546631, -0.22671145, -0.44515836, 0.358293576, -0.820574803, -0.797729492, 0.257446289, 0.545288086, 0.406676219, 0.897381605, 0.171369579, 0, 0, -0, 0, 0, 0, 0, 0.320648242, -0.0904533203, -0.193445996, 0.0289336523, 0.478768505, -0.877304595, 0.473510742, -0.779541016, -0.409790039, -0.880215491, -0.403581944, -0.249319097, 1, 3, 1, 0, 
288.346038, 35, 0.1, 0.1, 0.224999994, -0.115000022, -0.019939093, 0.707083288, -0.707130273, 7.74125872e-006, 0.707130273, 0.707083288, -9.29268251e-006, 1.09742245e-006, 1.20447789e-005, 1, 0.707083275, -0.707130287, 1.65026435e-006, 0.707130287, 0.707083274, -1.82805998e-005, 1.17598915e-005, 1.40928583e-005, 1, 0, 0, 0, 0, 0, 0, 0, 0.246305127, -0.153546631, -0.22671145, -0.44515836, 0.358293576, -0.820574803, -0.797729492, 0.257446289, 0.545288086, 0.406676219, 0.897381605, 0.171369579, 0, 0, -0, 0, 0, 0, 0, 0.320648242, -0.0904533203, -0.193445996, 0.0289336523, 0.478768505, -0.877304595, 0.473510742, -0.779541016, -0.409790039, -0.880215491, -0.403581944, -0.249319097, 1, 3, 1, 0, 
288.347336, 35, 0.1, 0.1, 0.224999999, -0.115000023, -0.0199267332, 0.707083602, -0.707129955, -8.75828338e-005, 0.707129954, 0.707083606, -3.82570178e-005, 8.89810692e-005, -3.48815354e-005, 0.999999995, 0.707083415, -0.707130145, -3.76212055e-005, 0.707130144, 0.707083416, -5.02932365e-005, 6.21651942e-005, 8.95842501e-006, 0.999999998, 0, 0, 0, 0, 0, 0, 0, 0.246305127, -0.153546631, -0.22671145, -0.44515836, 0.358293576, -0.820574803, -0.797729492, 0.257446289, 0.545288086, 0.406676219, 0.897381605, 0.171369579, 0, 0, -0, 0, 0, 0, 0, 0.320648242, -0.0904533203, -0.193445996, 0.0289336523, 0.478768505, -0.877304595, 0.473510742, -0.779541016, -0.409790039, -0.880215491, -0.403581944, -0.249319097, 1, 3, 1, 0, 
288.348632, 35, 0.1, 0.1, 0.224999988, -0.115000044, -0.019924499, 0.707084098, -0.70712946, 7.42125092e-005, 0.707129449, 0.7070841, 0.000132394817, -0.000146094761, -4.11364189e-005, 0.999999988, 0.707084123, -0.707129434, 7.5099925e-005, 0.707129423, 0.707084126, 0.000132157702, -0.000146554566, -4.03412464e-005, 0.999999988, 0, 0, 0, 0, 0, 0, 0, 0.246305127, -0.153546631, -0.22671145, -0.44515836, 0.358293576, -0.820574803, -0.797729492, 0.257446289, 0.545288086, 0.406676219, 0.897381605, 0.171369579, 0, 0, -0, 0, 0, 0, 0, 0.320648242, -0.0904533203, -0.193445996, 0.0289336523, 0.478768505, -0.877304595, 0.473510742, -0.779541016, -0.409790039, -0.880215491, -0.403581944, -0.249319097, 1, 3, 1, 0, 
288.349972, 35, 0.1, 0.1, 0.224999985, -0.115000041, -0.0199316481, 0.707084115, -0.707129446, -1.05098195e-005, 0.707129447, 0.707084115, 7.66832574e-006, 2.00882749e-006, -1.28539542e-005, 1, 0.707084124, -0.707129437, -9.48056422e-006, 0.707129436, 0.707084124, -5.18370543e-005, 4.33590635e-005, 2.99491721e-005, 0.999999999, 0, 0, 0, 0, 0, 0, 0, 0.248138086, -0.155482349, -0.225362012, -0.439997926, 0.355386854, -0.82458685, -0.799438477, 0.262939453, 0.539916992, 0.408825093, 0.896976841, 0.168668043, 0, 0, -0, 0, 0, 0, 0, 0.322468018, -0.0918727539, -0.192739062, 0.0328823026, 0.473880725, -0.87994991, 0.47277832, -0.782958984, -0.404052734, -0.880414185, -0.402622758, -0.249842616, 1, 3, 1, 0, 
288.351276, 35, 0.1, 0.1, 0.224999969, -0.115000058, -0.0199437593, 0.707084822, -0.707128739, -2.68444822e-005, 0.707128739, 0.707084822, 2.64595729e-006, 1.71102935e-005, -2.08534211e-005, 1, 0.707084742, -0.707128819, 2.62686175e-005, 0.707128817, 0.707084743, 5.44080188e-005, -5.70476167e-005, -1.98957835e-005, 0.999999998, 0, 0, 0, 0, 0, 0, 0, 0.248138086, -0.155482349, -0.225362012, -0.439997926, 0.355386854, -0.82458685, -0.799438477, 0.262939453, 0.539916992, 0.408825093, 0.896976841, 0.168668043, 0, 0, -0, 0, 0, 0, 0, 0.322468018, -0.0918727539, -0.192739062, 0.0328823026, 0.473880725, -0.87994991, 0.47277832, -0.782958984, -0.404052734, -0.880414185, -0.402622758, -0.249842616, 1, 3, 1, 0, 
288.352599, 35, 0.1, 0.1, 0.224999976, -0.11500005, -0.0199538686, 0.707084987, -0.707128574, 2.83673161e-005, 0.707128574, 0.707084987, 1.5640264e-005, -3.11177809e-005, 9.00034392e-006, 0.999999999, 0.707084866, -0.707128696, -5.62143673e-006, 0.707128696, 0.707084865, 1.94551271e-005, -9.78244581e-006, -1.77315051e-005, 1, 0, 0, 0, 0, 0, 0, 0, 0.248138086, -0.155482349, -0.225362012, -0.439997926, 0.355386854, -0.82458685, -0.799438477, 0.262939453, 0.539916992, 0.408825093, 0.896976841, 0.168668043, 0, 0, -0, 0, 0, 0, 0, 0.324052588, -0.0934219238, -0.192652051, 0.0369202716, 0.469945201, -0.881866816, 0.470703125, -0.786499023, -0.399536133, -0.88146269, -0.400213315, -0.250289577, 1, 3, 1, 0, 
288.353922, 35, 0.1, 0.1, 0.224999975, -0.11500005, -0.0199569338, 0.707085602, -0.70712796, 1.20313029e-005, 0.70712796, 0.707085602, -8.8384867e-006, -2.25722001e-006, 1.47572374e-005, 1, 0.707085479, -0.707128082, 1.62826584e-005, 0.707128082, 0.707085479, -4.19362949e-006, -8.54779815e-006, 1.44791795e-005, 1, 0, 0, 0, 0, 0, 0, 0, 0.248138086, -0.155482349, -0.225362012, -0.439254304, 0.35466944, -0.825311376, -0.798706055, 0.266235352, 0.539550781, 0.411179153, 0.896348917, 0.166434549, 0, 0, -0, 0, 0, 0, 0, 0.324052588, -0.0934219238, -0.192652051, 0.0369202716, 0.469945201, -0.881866816, 0.470703125, -0.786499023, -0.399536133, -0.88146269, -0.400213315, -0.250289577, 1, 3, 1, 0, 
288.355214, 35, 0.1, 0.1, 0.224999973, -0.115000051, -0.0199522304, 0.707085952, -0.707127609, 3.25319144e-005, 0.707127607, 0.707085953, 5.19947839e-005, -5.97698069e-005, -1.37605664e-005, 0.999999998, 0.70708597, -0.707127591, 4.03920682e-005, 0.707127591, 0.707085971, 1.9905126e-005, -4.26361285e-005, 1.44877105e-005, 0.999999999, 0, 0, 0, 0, 0, 0, 0, 0.249299463, -0.156637134, -0.225852319, -0.439254304, 0.35466944, -0.825311376, -0.798706055, 0.266235352, 0.539550781, 0.411179153, 0.896348917, 0.166434549, 0, 0, -0, 0, 0, 0, 0, 0.324052588, -0.0934219238, -0.192652051, 0.0369202716, 0.469945201, -0.881866816, 0.470703125, -0.786499023, -0.399536133, -0.88146269, -0.400213315, -0.250289577, 1, 3, 1, 0, 
288.356563, 35, 0.1, 0.1, 0.224999988, -0.11500004, -0.0199428433, 0.707086179, -0.707127378, -8.46899612e-005, 0.707127377, 0.707086183, -5.14159547e-005, 9.62407306e-005, -2.35310791e-005, 0.999999995, 0.707086035, -0.707127522, -8.93382131e-005, 0.70712752, 0.70708604, -5.54921585e-005, 0.000102409836, -2.39357788e-005, 0.999999994, 0, 0, 0, 0, 0, 0, 0, 0.250701782, -0.158056543, -0.22637583, -0.438123892, 0.353127151, -0.826676932, -0.798461914, 0.26940918, 0.538330078, 0.412853993, 0.895975232, 0.164055402, 0, 0, -0, 0, 0, 0, 0, 0.324052588, -0.0934219238, -0.192652051, 0.0403639925, 0.466482524, -0.883591958, 0.468139648, -0.790039063, -0.395629883, -0.882696395, -0.397631432, -0.250225411, 1, 3, 1, 0, 
288.357864, 35, 0.1, 0.1, 0.224999985, -0.115000045, -0.0199343065, 0.707086185, -0.707127377, 9.44837356e-006, 0.707127377, 0.707086185, 2.16725073e-007, -6.83406665e-006, 6.52796031e-006, 1, 0.707086252, -0.70712731, 1.46303693e-005, 0.707127308, 0.707086251, 5.81091992e-005, -5.14355347e-005, -3.07426822e-005, 0.999999998, 0, 0, 0, 0, 0, 0, 0, 0.250701782, -0.158056543, -0.22637583, -0.438123892, 0.353127151, -0.826676932, -0.798461914, 0.26940918, 0.538330078, 0.412853993, 0.895975232, 0.164055402, 0, 0, -0, 0, 0, 0, 0, 0.325370703, -0.0949361816, -0.192541602, 0.0403639925, 0.466482524, -0.883591958, 0.468139648, -0.790039063, -0.395629883, -0.882696395, -0.397631432, -0.250225411, 1, 3, 1, 0, 
288.358992, 35, 0.1, 0.1, 0.225000004, -0.11500003, -0.019932422, 0.707086695, -0.707126866, 3.17067789e-005, 0.707126867, 0.707086695, -2.85660796e-005, -2.21959917e-006, 4.261941e-005, 0.999999999, 0.707086583, -0.707126977, -4.97903498e-005, 0.707126976, 0.707086585, -3.64440008e-005, 6.09766245e-005, -9.43903544e-006, 0.999999998, 0, 0, 0, 0, 0, 0, 0, 0.250701782, -0.158056543, -0.22637583, -0.438123892, 0.353127151, -0.826676932, -0.798461914, 0.26940918, 0.538330078, 0.412853993, 0.895975232, 0.164055402, 0, 0, -0, 0, 0, 0, 0, 0.325370703, -0.0949361816, -0.192541602, 0.0403639925, 0.466482524, -0.883591958, 0.468139648, -0.790039063, -0.395629883, -0.882696395, -0.397631432, -0.250225411, 1, 3, 1, 0, 
288.359814, 35, 0.1, 0.1, 0.224999997, -0.115000029, -0.0199407243, 0.707087034, -0.707126527, -4.52306712e-005, 0.707126528, 0.707087034, 1.50670967e-005, 2.13276774e-005, -4.26375562e-005, 0.999999999, 0.707086979, -0.707126582, -1.62820838e-005, 0.707126582, 0.707086979, 6.9074809e-006, 6.62838608e-006, -1.63976841e-005, 1, 0, 0, 0, 0, 0, 0, 0, 0.250701782, -0.158056543, -0.22637583, -0.438123892, 0.353127151, -0.826676932, -0.798461914, 0.26940918, 0.538330078, 0.412853993, 0.895975232, 0.164055402, 0, 0, -0, 0, 0, 0, 0, 0.325370703, -0.0949361816, -0.192541602, 0.0403639925, 0.466482524, -0.883591958, 0.468139648, -0.790039063, -0.395629883, -0.882696395, -0.397631432, -0.250225411, 1, 3, 1, 0, 
288.360596, 35, 0.1, 0.1, 0.224999995, -0.115000027, -0.0199560262, 0.707087461, -0.707126099, 5.35621611e-005, 0.707126101, 0.707087459, -5.15605318e-005, -1.41333463e-006, 7.43330076e-005, 0.999999997, 0.707087371, -0.70712619, 3.13095131e-005, 0.707126191, 0.70708737, -3.30614917e-005, 1.24008544e-006, 4.551714e-005, 0.999999999, 0, 0, 0, 0, 0, 0, 0, 0.250701782, -0.158056543, -0.22637583, -0.438123892, 0.353127151, -0.826676932, -0.798461914, 0.26940918, 0.538330078, 0.412853993, 0.895975232, 0.164055402, 0, 0, -0, 0, 0, 0, 0, 0.325370703, -0.0949361816, -0.192541602, 0.0403639925, 0.466482524, -0.883591958, 0.468139648, -0.790039063, -0.395629883, -0.882696395, -0.397631432, -0.250225411, 1, 3, 1, 0, 
