time, trialNum, realDorsalTactorPos, realVentralTactorPos, box1PosX, box1PosY, box1PosZ, box1LocalRot_11, box1LocalRot_12, box1LocalRot_13, box1LocalRot_21, box1LocalRot_22, box1LocalRot_23, box1LocalRot_31, box1LocalRot_32, box1LocalRot_33, box1GlobalRot_11, box1GlobalRot_12, box1GlobalRot_13, box1GlobalRot_21, box1GlobalRot_22, box1GlobalRot_23, box1GlobalRot_31, box1GlobalRot_32, box1GlobalRot_33, indexForceX, indexForceY, indexForceZ, indexForceGlobalX, indexForceGlobalY, indexForceGlobalZ, indexContact, indexPosX, indexPosY, indexPosZ, indexRot_11, indexRot_12, indexRot_13, indexRot_21, indexRot_22, indexRot_23, indexRot_31, indexRot_32, indexRot_33, thumbForceX, thumbForceY, thumbForceZ, thumbForceGlobalX, thumbForceGlobalY, thumbForceGlobalZ, thumbContact, thumbPosX, thumbPosY, thumbPosZ, thumbRot_11, thumbRot_12, thumbRot_13, thumbRot_21, thumbRot_22, thumbRot_23, thumbRot_31, thumbRot_32, thumbRot_33, manipForceTooHigh, cceExpType, mapping, trialSuccess, 
481.661866, 65, 0.1, 0.1, 0.0168679214, 0.343596132, -0.0199627193, 0.971393224, -1.05613674e-005, 0.237476744, 0.237476744, -7.51053098e-006, -0.971393224, 1.20428172e-005, 1, -4.78759976e-006, 0.971393219, -2.59142904e-006, 0.237476765, 0.237476765, 1.23985374e-005, -0.971393219, -4.27067946e-007, 1, 1.26592593e-005, 0, 0, 0, 0, 0, 0, 0, 0.247798511, -0.142453394, -0.258008691, 0.0672985244, 0.465318161, -0.882519305, -0.955322266, 0.28503418, 0.0773925781, 0.287568298, 0.838038543, 0.463835378, 0, 0, -0, 0, 0, 0, 0, 0.31217749, -0.0989107422, -0.211499072, 0.267367823, 0.236282943, -0.934145766, 0.376953125, -0.917724609, -0.124145508, -0.886699926, -0.31884525, -0.334462393, 0, 3, 5, 1, 
481.697174, 65, 0.1, 0.1, 0.0168679193, 0.343596142, -0.0199631305, 0.971387186, 3.01281291e-005, 0.237501442, 0.237501442, -2.1729495e-005, -0.971387186, -2.41052922e-005, 0.999999999, -2.82632271e-005, 0.971387189, -9.58786647e-006, 0.237501431, 0.237501431, -3.66966209e-007, -0.971387189, 9.40068566e-006, 1, 1.92066573e-006, 0, 0, 0, 0, 0, 0, 0, 0.245764209, -0.143019556, -0.250865332, 0.0275962758, 0.498604509, -0.86631386, -0.957763672, 0.260986328, 0.119750977, 0.285823041, 0.826586906, 0.484998339, 0, 0, -0, 0, 0, 0, 0, 0.310780176, -0.099913916, -0.203890381, 0.232021735, 0.262680293, -0.936500503, 0.404663086, -0.901489258, -0.152587891, -0.884400557, -0.343442401, -0.315562023, 0, 3, 5, 1, 
481.697953, 65, 0.1, 0.1, 0.0168679114, 0.343596145, -0.0199645463, 0.971387159, -1.43752453e-005, 0.237501551, 0.237501551, 1.79968949e-005, -0.971387159, 9.6896382e-006, 1, 2.08960956e-005, 0.971387165, 2.5173219e-005, 0.237501526, 0.237501526, -7.02207882e-006, -0.971387165, -2.27851875e-005, 1, -1.27998352e-005, 0, 0, 0, 0, 0, 0, 0, 0.245764209, -0.143019556, -0.250865332, 0.0275962758, 0.498604509, -0.86631386, -0.957763672, 0.260986328, 0.119750977, 0.285823041, 0.826586906, 0.484998339, 0, 0, -0, 0, 0, 0, 0, 0.310780176, -0.099913916, -0.203890381, 0.232021735, 0.262680293, -0.936500503, 0.404663086, -0.901489258, -0.152587891, -0.884400557, -0.343442401, -0.315562023, 0, 3, 5, 1, 
481.698732, 65, 0.1, 0.1, 0.0168679171, 0.343596141, -0.0199663465, 0.971387127, 1.52276512e-005, 0.237501683, 0.237501683, -6.38720053e-006, -0.971387127, -1.32749734e-005, 1, -9.82103715e-006, 0.971387134, -1.86001406e-005, 0.237501653, 0.237501653, 1.67892852e-005, -0.971387134, 1.40804543e-005, 1, 2.07264597e-005, 0, 0, 0, 0, 0, 0, 0, 0.245764209, -0.143019556, -0.250865332, 0.0275962758, 0.498604509, -0.86631386, -0.957763672, 0.260986328, 0.119750977, 0.285823041, 0.826586906, 0.484998339, 0, 0, -0, 0, 0, 0, 0, 0.310780176, -0.099913916, -0.203890381, 0.232021735, 0.262680293, -0.936500503, 0.404663086, -0.901489258, -0.152587891, -0.884400557, -0.343442401, -0.315562023, 0, 3, 5, 1, 
481.699512, 65, 0.1, 0.1, 0.0168679136, 0.343596144, -0.0199678681, 0.9713871, -2.9947645e-005, 0.237501791, 0.237501791, 1.41544851e-005, -0.9713871, 2.57290404e-005, 0.999999999, 2.08621036e-005, 0.971387105, 5.50273484e-006, 0.237501773, 0.237501773, -7.06626985e-006, -0.971387105, -3.66703405e-006, 1, -8.17099269e-006, 0, 0, 0, 0, 0, 0, 0, 0.245764209, -0.143019556, -0.250865332, 0.0275962758, 0.498604509, -0.86631386, -0.957763672, 0.260986328, 0.119750977, 0.285823041, 0.826586906, 0.484998339, 0, 0, -0, 0, 0, 0, 0, 0.310780176, -0.099913916, -0.203890381, 0.232021735, 0.262680293, -0.936500503, 0.404663086, -0.901489258, -0.152587891, -0.884400557, -0.343442401, -0.315562023, 0, 3, 5, 1, 
481.700292, 65, 0.1, 0.1, 0.016867921, 0.343596139, -0.0199686359, 0.971387086, 1.10107001e-005, 0.23750185, 0.23750185, -1.69091744e-006, -0.971387086, -1.02940559e-005, 1, -4.25759702e-006, 0.971387087, -2.37283652e-005, 0.237501845, 0.237501845, 1.71106811e-005, -0.971387087, 1.89856092e-005, 1, 2.22566252e-005, 0, 0, 0, 0, 0, 0, 0, 0.245764209, -0.143019556, -0.250865332, 0.0275962758, 0.498604509, -0.86631386, -0.957763672, 0.260986328, 0.119750977, 0.285823041, 0.826586906, 0.484998339, 0, 0, -0, 0, 0, 0, 0, 0.310780176, -0.099913916, -0.203890381, 0.232021735, 0.262680293, -0.936500503, 0.404663086, -0.901489258, -0.152587891, -0.884400557, -0.343442401, -0.315562023, 0, 3, 5, 1, 
481.701459, 65, 0.1, 0.1, 0.0168679171, 0.343596139, -0.0199641939, 0.97138707, -2.18979029e-005, 0.237501917, 0.237501917, 2.1112331e-005, -0.971387069, 1.62571207e-005, 1, 2.57090393e-005, 0.971387074, -1.0855066e-005, 0.237501902, 0.237501902, 1.54102696e-005, -0.971387073, 6.88450241e-006, 1, 1.75474355e-005, 0, 0, 0, 0, 0, 0, 0, 0.246044067, -0.142341016, -0.249829053, 0.0244162175, 0.503255342, -0.863735517, -0.958251953, 0.25769043, 0.123046875, 0.284472834, 0.82473796, 0.488792095, 0, 0, -0, 0, 0, 0, 0, 0.309910352, -0.099519043, -0.203840576, 0.225830253, 0.26598329, -0.937055739, 0.406982422, -0.899780273, -0.157348633, -0.885051308, -0.345672839, -0.311447128, 0, 3, 5, 1, 
481.702719, 65, 0.1, 0.1, 0.0168679135, 0.343596142, -0.0199507133, 0.971387053, -3.6748112e-005, 0.237501983, 0.237501984, 1.59845588e-005, -0.971387053, 3.19002758e-005, 0.999999999, 2.4254943e-005, 0.971387053, 1.94320494e-005, 0.237501983, 0.237501983, -1.49928881e-005, -0.971387053, -1.53152006e-005, 1, -1.91790476e-005, 0, 0, 0, 0, 0, 0, 0, 0.246044067, -0.142341016, -0.249829053, 0.0244162175, 0.503255342, -0.863735517, -0.958251953, 0.25769043, 0.123046875, 0.284472834, 0.82473796, 0.488792095, 0, 0, -0, 0, 0, 0, 0, 0.309910352, -0.099519043, -0.203840576, 0.225830253, 0.26598329, -0.937055739, 0.406982422, -0.899780273, -0.157348633, -0.885051308, -0.345672839, -0.311447128, 0, 3, 5, 1, 
481.704016, 65, 0.1, 0.1, 0.0168679116, 0.343596146, -0.0199350367, 0.971387046, 2.8857351e-005, 0.237502014, 0.237502015, -1.88994877e-005, -0.971387046, -2.35429906e-005, 0.999999999, -2.52123965e-005, 0.971387048, 5.40904859e-005, 0.237502, 0.237502002, -3.79163897e-005, -0.971387048, -4.35375791e-005, 0.999999998, -4.96780886e-005, 0, 0, 0, 0, 0, 0, 0, 0.244976416, -0.142869507, -0.249299316, 0.0207501418, 0.506141847, -0.862180124, -0.95715332, 0.259033203, 0.12902832, 0.288637649, 0.822674087, 0.490028848, 0, 0, -0, 0, 0, 0, 0, 0.309493848, -0.0991095215, -0.203564355, 0.219587732, 0.26972705, -0.937451293, 0.409912109, -0.897460938, -0.162231445, -0.885216453, -0.348593407, -0.307683679, 0, 3, 5, 1, 
481.705295, 65, 0.1, 0.1, 0.0168679131, 0.343596143, -0.0199266294, 0.971387024, 6.80743358e-005, 0.237502096, 0.237502099, -3.77843095e-005, -0.971387025, -5.71526738e-005, 0.999999997, -5.28709856e-005, 0.971387028, 4.53604374e-005, 0.237502085, 0.237502086, -2.18783567e-005, -0.971387028, -3.88663852e-005, 0.999999999, -3.20255504e-005, 0, 0, 0, 0, 0, 0, 0, 0.244976416, -0.142869507, -0.249299316, 0.0207501418, 0.506141847, -0.862180124, -0.95715332, 0.259033203, 0.12902832, 0.288637649, 0.822674087, 0.490028848, 0, 0, -0, 0, 0, 0, 0, 0.309493848, -0.0991095215, -0.203564355, 0.219587732, 0.26972705, -0.937451293, 0.409912109, -0.897460938, -0.162231445, -0.885216453, -0.348593407, -0.307683679, 0, 3, 5, 1, 
481.706572, 65, 0.1, 0.1, 0.0168679191, 0.343596141, -0.0199278174, 0.971387028, 3.51487841e-005, 0.237502084, 0.237502085, -2.21486792e-005, -0.971387029, -2.88827155e-005, 0.999999999, -2.98628491e-005, 0.971387026, -4.13916243e-005, 0.237502092, 0.237502093, 2.20366708e-005, -0.971387027, 3.49735314e-005, 0.999999999, 3.12367336e-005, 0, 0, 0, 0, 0, 0, 0, 0.244976416, -0.142869507, -0.249299316, 0.0207501418, 0.506141847, -0.862180124, -0.95715332, 0.259033203, 0.12902832, 0.288637649, 0.822674087, 0.490028848, 0, 0, -0, 0, 0, 0, 0, 0.309493848, -0.0991095215, -0.203564355, 0.219587732, 0.26972705, -0.937451293, 0.409912109, -0.897460938, -0.162231445, -0.885216453, -0.348593407, -0.307683679, 0, 3, 5, 1, 
481.707884, 65, 0.1, 0.1, 0.016867921, 0.343596139, -0.0199375707, 0.971387024, -2.95753251e-005, 0.237502101, 0.237502102, 1.71029647e-005, -0.971387025, 2.4667097e-005, 0.999999999, 2.36377998e-005, 0.971387026, -5.45038444e-005, 0.237502088, 0.23750209, 3.54818786e-005, -0.971387027, 4.45173071e-005, 0.999999998, 4.74114135e-005, 0, 0, 0, 0, 0, 0, 0, 0.244976416, -0.142869507, -0.249299316, 0.0166579626, 0.510094363, -0.8599515, -0.956542969, 0.258422852, 0.134765625, 0.290892482, 0.820317783, 0.492394892, 0, 0, -0, 0, 0, 0, 0, 0.309493848, -0.0991095215, -0.203564355, 0.213881857, 0.272857605, -0.937834088, 0.411743164, -0.895874023, -0.166748047, -0.885816164, -0.350350998, -0.304041631, 0, 3, 5, 1, 
481.709143, 65, 0.1, 0.1, 0.0168679172, 0.343596142, -0.01994852, 0.971387006, -3.93324347e-005, 0.237502173, 0.237502174, 2.54426607e-005, -0.971387007, 3.21643288e-005, 0.999999999, 3.40562088e-005, 0.97138701, -2.23489909e-005, 0.237502159, 0.237502159, 1.38835581e-005, -0.971387011, 1.84121445e-005, 1, 1.87942416e-005, 0, 0, 0, 0, 0, 0, 0, 0.244327661, -0.142897925, -0.24895498, 0.0166579626, 0.510094363, -0.8599515, -0.956542969, 0.258422852, 0.134765625, 0.290892482, 0.820317783, 0.492394892, 0, 0, -0, 0, 0, 0, 0, 0.309103711, -0.0991625977, -0.203513086, 0.213881857, 0.272857605, -0.937834088, 0.411743164, -0.895874023, -0.166748047, -0.885816164, -0.350350998, -0.304041631, 0, 3, 5, 1, 
481.71041, 65, 0.1, 0.1, 0.016867914, 0.343596144, -0.0199563548, 0.971386991, -2.18178739e-005, 0.23750224, 0.23750224, 1.29264078e-005, -0.971386991, 1.81235481e-005, 1, 1.77383383e-005, 0.971386994, 2.29497257e-005, 0.237502227, 0.237502228, -1.47974875e-005, -0.971386994, -1.87786288e-005, 1, -1.98246979e-005, 0, 0, 0, 0, 0, 0, 0, 0.244327661, -0.142897925, -0.24895498, 0.0166579626, 0.510094363, -0.8599515, -0.956542969, 0.258422852, 0.134765625, 0.290892482, 0.820317783, 0.492394892, 0, 0, -0, 0, 0, 0, 0, 0.309103711, -0.0991625977, -0.203513086, 0.213881857, 0.272857605, -0.937834088, 0.411743164, -0.895874023, -0.166748047, -0.885816164, -0.350350998, -0.304041631, 0, 3, 5, 1, 
481.711706, 65, 0.1, 0.1, 0.016867913, 0.343596145, -0.0199568801, 0.97138698, 1.70607595e-005, 0.237502283, 0.237502283, -1.16351661e-005, -0.97138698, -1.38092211e-005, 1, -1.53542182e-005, 0.971386981, 3.50755623e-005, 0.237502276, 0.237502277, -2.24300314e-005, -0.971386982, -2.8744761e-005, 0.999999999, -3.01187664e-005, 0, 0, 0, 0, 0, 0, 0, 0.244327661, -0.142897925, -0.24895498, 0.0166579626, 0.510094363, -0.8599515, -0.956542969, 0.258422852, 0.134765625, 0.290892482, 0.820317783, 0.492394892, 0, 0, -0, 0, 0, 0, 0, 0.309103711, -0.0991625977, -0.203513086, 0.213881857, 0.272857605, -0.937834088, 0.411743164, -0.895874023, -0.166748047, -0.885816164, -0.350350998, -0.304041631, 0, 3, 5, 1, 
481.71257, 65, 0.1, 0.1, 0.0168679154, 0.343596144, -0.0199561026, 0.971386977, 1.99157872e-005, 0.237502297, 0.237502297, -9.71774218e-006, -0.971386977, -1.70379502e-005, 1, -1.41697334e-005, 0.971386977, 1.01265665e-005, 0.237502295, 0.237502295, -4.33288593e-006, -0.971386977, -8.80774443e-006, 1, -6.61399175e-006, 0, 0, 0, 0, 0, 0, 0, 0.244125635, -0.142986157, -0.248421216, 0.012704325, 0.51279103, -0.858338818, -0.956542969, 0.255859375, 0.138793945, 0.290900717, 0.819396305, 0.493993347, 0, 0, -0, 0, 0, 0, 0, 0.309103711, -0.0991625977, -0.203513086, 0.211364506, 0.27458238, -0.937961686, 0.41418457, -0.89440918, -0.168579102, -0.88522155, -0.352747314, -0.302827615, 0, 3, 5, 1, 
481.713352, 65, 0.1, 0.1, 0.0168679175, 0.343596142, -0.0199583235, 0.971386974, 8.0695565e-006, 0.237502309, 0.237502309, -5.31381352e-006, -0.971386974, -6.57661909e-006, 1, -7.07830754e-006, 0.971386975, -1.80549414e-005, 0.237502304, 0.237502305, 1.1846856e-005, -0.971386975, 1.47246793e-005, 1, 1.57959718e-005, 0, 0, 0, 0, 0, 0, 0, 0.244125635, -0.142986157, -0.248421216, 0.012704325, 0.51279103, -0.858338818, -0.956542969, 0.255859375, 0.138793945, 0.290900717, 0.819396305, 0.493993347, 0, 0, -0, 0, 0, 0, 0, 0.309396143, -0.0995453613, -0.202379785, 0.211364506, 0.27458238, -0.937961686, 0.41418457, -0.89440918, -0.168579102, -0.88522155, -0.352747314, -0.302827615, 0, 3, 5, 1, 
481.714143, 65, 0.1, 0.1, 0.016867919, 0.343596142, -0.0199627955, 0.971386971, -1.621006e-005, 0.237502319, 0.237502319, 7.45421024e-006, -0.971386971, 1.39758489e-005, 1, 1.10908496e-005, 0.971386972, -2.502179e-005, 0.237502318, 0.237502318, 1.2410555e-005, -0.971386972, 2.13583053e-005, 1, 1.79981846e-005, 0, 0, 0, 0, 0, 0, 0, 0.244125635, -0.142986157, -0.248421216, 0.012704325, 0.51279103, -0.858338818, -0.956542969, 0.255859375, 0.138793945, 0.290900717, 0.819396305, 0.493993347, 0, 0, -0, 0, 0, 0, 0, 0.309396143, -0.0995453613, -0.202379785, 0.211364506, 0.27458238, -0.937961686, 0.41418457, -0.89440918, -0.168579102, -0.88522155, -0.352747314, -0.302827615, 0, 3, 5, 1, 
481.714923, 65, 0.1, 0.1, 0.0168679188, 0.343596142, -0.0199678448, 0.971386969, -1.63214189e-005, 0.237502329, 0.237502329, 1.16001618e-005, -0.971386969, 1.30993482e-005, 1, 1.5144621e-005, 0.97138697, -1.03785792e-005, 0.237502326, 0.237502326, 7.39229915e-006, -0.97138697, 8.32592837e-006, 1, 9.64571978e-006, 0, 0, 0, 0, 0, 0, 0, 0.244125635, -0.142986157, -0.248421216, 0.012704325, 0.51279103, -0.858338818, -0.956542969, 0.255859375, 0.138793945, 0.290900717, 0.819396305, 0.493993347, 0, 0, -0, 0, 0, 0, 0, 0.309396143, -0.0995453613, -0.202379785, 0.211364506, 0.27458238, -0.937961686, 0.41418457, -0.89440918, -0.168579102, -0.88522155, -0.352747314, -0.302827615, 0, 3, 5, 1, 
481.715721, 65, 0.1, 0.1, 0.0168679175, 0.343596143, -0.0199717657, 0.971386967, -5.60406714e-006, 0.237502337, 0.237502337, 3.74830274e-006, -0.971386967, 4.55348712e-006, 1, 4.97203148e-006, 0.971386967, 1.24820091e-005, 0.237502337, 0.237502337, -6.4454007e-006, -0.971386967, -1.05940632e-005, 1, -9.22548457e-006, 0, 0, 0, 0, 0, 0, 0, 0.244125635, -0.142986157, -0.248421216, 0.012704325, 0.51279103, -0.858338818, -0.956542969, 0.255859375, 0.138793945, 0.290900717, 0.819396305, 0.493993347, 0, 0, -0, 0, 0, 0, 0, 0.309236963, -0.0999527832, -0.201251367, 0.208885435, 0.27575775, -0.938236206, 0.415893555, -0.893310547, -0.169921875, -0.88499114, -0.354587661, -0.301383556, 0, 3, 5, 1, 
481.716503, 65, 0.1, 0.1, 0.0168679166, 0.343596144, -0.0199733208, 0.971386965, 1.05929105e-005, 0.237502348, 0.237502348, -8.00110911e-006, -0.971386965, -8.38953295e-006, 1, -1.02880142e-005, 0.971386965, 1.66505234e-005, 0.237502345, 0.237502345, -1.18566237e-005, -0.971386965, -1.33581255e-005, 1, -1.54719081e-005, 0, 0, 0, 0, 0, 0, 0, 0.244125635, -0.142986157, -0.248421216, 0.012704325, 0.51279103, -0.858338818, -0.956542969, 0.255859375, 0.138793945, 0.290900717, 0.819396305, 0.493993347, 0, 0, -0, 0, 0, 0, 0, 0.309236963, -0.0999527832, -0.201251367, 0.208885435, 0.27575775, -0.938236206, 0.415893555, -0.893310547, -0.169921875, -0.88499114, -0.354587661, -0.301383556, 0, 3, 5, 1, 
481.717291, 65, 0.1, 0.1, 0.0168679166, 0.343596144, -0.0199722229, 0.971386963, 1.72188582e-005, 0.237502355, 0.237502355, -9.42109112e-006, -0.971386963, -1.4488643e-005, 1, -1.32410445e-005, 0.971386963, 1.19106712e-005, 0.237502354, 0.237502354, -6.52386617e-006, -0.971386963, -1.00204372e-005, 1, -9.16601101e-006, 0, 0, 0, 0, 0, 0, 0, 0.244125635, -0.142986157, -0.248421216, 0.012704325, 0.51279103, -0.858338818, -0.956542969, 0.255859375, 0.138793945, 0.290900717, 0.819396305, 0.493993347, 0, 0, -0, 0, 0, 0, 0, 0.309236963, -0.0999527832, -0.201251367, 0.208885435, 0.27575775, -0.938236206, 0.415893555, -0.893310547, -0.169921875, -0.88499114, -0.354587661, -0.301383556, 0, 3, 5, 1, 
481.718089, 65, 0.1, 0.1, 0.0168679172, 0.343596144, -0.0199688813, 0.971386961, 1.13350578e-005, 0.237502361, 0.237502361, -7.57029257e-006, -0.971386961, -9.21276503e-006, 1, -1.00457865e-005, 0.971386962, -8.57413282e-006, 0.237502359, 0.237502359, 4.98140093e-006, -0.971386962, 7.14570636e-006, 1, 6.87524468e-006, 0, 0, 0, 0, 0, 0, 0, 0.244802173, -0.14184563, -0.247366016, 0.00874844376, 0.517696102, -0.855423861, -0.958007813, 0.249267578, 0.140991211, 0.286212814, 0.818372234, 0.498351749, 0, 0, -0, 0, 0, 0, 0, 0.309236963, -0.0999527832, -0.201251367, 0.208885435, 0.27575775, -0.938236206, 0.415893555, -0.893310547, -0.169921875, -0.88499114, -0.354587661, -0.301383556, 0, 3, 5, 1, 
481.71887, 65, 0.1, 0.1, 0.0168679179, 0.343596144, -0.0199648713, 0.971386959, -1.04401867e-005, 0.23750237, 0.237502371, 6.56690728e-006, -0.971386959, 8.58180519e-006, 1, 8.85857719e-006, 0.971386959, -1.90269643e-005, 0.237502369, 0.237502369, 1.16295782e-005, -0.971386959, 1.57204926e-005, 1, 1.58157697e-005, 0, 0, 0, 0, 0, 0, 0, 0.244802173, -0.14184563, -0.247366016, 0.00874844376, 0.517696102, -0.855423861, -0.958007813, 0.249267578, 0.140991211, 0.286212814, 0.818372234, 0.498351749, 0, 0, -0, 0, 0, 0, 0, 0.309236963, -0.0999527832, -0.201251367, 0.208885435, 0.27575775, -0.938236206, 0.415893555, -0.893310547, -0.169921875, -0.88499114, -0.354587661, -0.301383556, 0, 3, 5, 1, 
481.719653, 65, 0.1, 0.1, 0.0168679175, 0.343596144, -0.0199614519, 0.971386957, -2.11074464e-005, 0.237502377, 0.237502377, 1.30895605e-005, -0.971386957, 1.73946964e-005, 1, 1.77280971e-005, 0.971386958, -1.34487017e-005, 0.237502375, 0.237502376, 8.4173568e-006, -0.971386958, 1.10647512e-005, 1, 1.13706092e-005, 0, 0, 0, 0, 0, 0, 0, 0.244802173, -0.14184563, -0.247366016, 0.00874844376, 0.517696102, -0.855423861, -0.958007813, 0.249267578, 0.140991211, 0.286212814, 0.818372234, 0.498351749, 0, 0, -0, 0, 0, 0, 0, 0.309236963, -0.0999527832, -0.201251367, 0.208885435, 0.27575775, -0.938236206, 0.415893555, -0.893310547, -0.169921875, -0.88499114, -0.354587661, -0.301383556, 0, 3, 5, 1, 
481.720461, 65, 0.1, 0.1, 0.016867916, 0.343596145, -0.0199592815, 0.971386954, -1.12569981e-005, 0.23750239, 0.23750239, 7.64512866e-006, -0.971386954, 9.11916481e-006, 1, 1.00999422e-005, 0.971386955, 1.52445697e-005, 0.237502386, 0.237502387, -8.75544336e-006, -0.971386955, -1.27289375e-005, 1, -1.21255452e-005, 0, 0, 0, 0, 0, 0, 0, 0.244845117, -0.142397314, -0.246177417, 0.00523888385, 0.520050162, -0.854090506, -0.958129883, 0.246826172, 0.14440918, 0.28590353, 0.817628612, 0.499747261, 0, 0, -0, 0, 0, 0, 0, 0.308981592, -0.100162354, -0.200329102, 0.204924025, 0.276939317, -0.938638323, 0.418579102, -0.891723633, -0.17175293, -0.884671044, -0.357654784, -0.29872548, 0, 3, 5, 1, 
481.721243, 65, 0.1, 0.1, 0.0168679152, 0.343596146, -0.0199594672, 0.97138695, 1.27627384e-005, 0.237502406, 0.237502406, -8.77621187e-006, -0.97138695, -1.03131861e-005, 1, -1.15562788e-005, 0.971386951, 2.25379031e-005, 0.237502403, 0.237502404, -1.44116486e-005, -0.971386951, -1.84702238e-005, 1, -1.93520936e-005, 0, 0, 0, 0, 0, 0, 0, 0.244845117, -0.142397314, -0.246177417, 0.00523888385, 0.520050162, -0.854090506, -0.958129883, 0.246826172, 0.14440918, 0.28590353, 0.817628612, 0.499747261, 0, 0, -0, 0, 0, 0, 0, 0.308981592, -0.100162354, -0.200329102, 0.204924025, 0.276939317, -0.938638323, 0.418579102, -0.891723633, -0.17175293, -0.884671044, -0.357654784, -0.29872548, 0, 3, 5, 1, 
481.722024, 65, 0.1, 0.1, 0.016867916, 0.343596145, -0.0199617155, 0.971386949, 1.98951003e-005, 0.237502412, 0.237502412, -1.08224705e-005, -0.971386949, -1.67554779e-005, 1, -1.52379409e-005, 0.971386949, 1.19864299e-005, 0.237502411, 0.237502412, -6.60228844e-006, -0.971386949, -1.00754022e-005, 1, -9.26018283e-006, 0, 0, 0, 0, 0, 0, 0, 0.244845117, -0.142397314, -0.246177417, 0.00523888385, 0.520050162, -0.854090506, -0.958129883, 0.246826172, 0.14440918, 0.28590353, 0.817628612, 0.499747261, 0, 0, -0, 0, 0, 0, 0, 0.308981592, -0.100162354, -0.200329102, 0.204924025, 0.276939317, -0.938638323, 0.418579102, -0.891723633, -0.17175293, -0.884671044, -0.357654784, -0.29872548, 0, 3, 5, 1, 
481.722804, 65, 0.1, 0.1, 0.0168679172, 0.343596145, -0.0199651297, 0.971386947, 8.87363893e-006, 0.237502421, 0.237502421, -5.90168983e-006, -0.971386947, -7.2180714e-006, 1, -7.84033519e-006, 0.971386947, -1.26222855e-005, 0.237502417, 0.237502417, 8.03637804e-006, -0.971386947, 1.03524642e-005, 1, 1.08042561e-005, 0, 0, 0, 0, 0, 0, 0, 0.244845117, -0.142397314, -0.246177417, 0.00523888385, 0.520050162, -0.854090506, -0.958129883, 0.246826172, 0.14440918, 0.28590353, 0.817628612, 0.499747261, 0, 0, -0, 0, 0, 0, 0, 0.308981592, -0.100162354, -0.200329102, 0.204924025, 0.276939317, -0.938638323, 0.418579102, -0.891723633, -0.17175293, -0.884671044, -0.357654784, -0.29872548, 0, 3, 5, 1, 
481.723583, 65, 0.1, 0.1, 0.0168679181, 0.343596145, -0.0199685474, 0.971386945, -1.1953634e-005, 0.237502428, 0.237502428, 6.22959547e-006, -0.971386945, 1.01320599e-005, 1, 8.8903648e-006, 0.971386945, -1.91029853e-005, 0.237502427, 0.237502428, 1.00870517e-005, -0.971386945, 1.61606912e-005, 1, 1.43354357e-005, 0, 0, 0, 0, 0, 0, 0, 0.244845117, -0.142397314, -0.246177417, 0.00523888385, 0.520050162, -0.854090506, -0.958129883, 0.246826172, 0.14440918, 0.28590353, 0.817628612, 0.499747261, 0, 0, -0, 0, 0, 0, 0, 0.308981592, -0.100162354, -0.200329102, 0.204924025, 0.276939317, -0.938638323, 0.418579102, -0.891723633, -0.17175293, -0.884671044, -0.357654784, -0.29872548, 0, 3, 5, 1, 
481.724362, 65, 0.1, 0.1, 0.0168679178, 0.343596145, -0.0199708796, 0.971386943, -1.54478983e-005, 0.237502433, 0.237502434, 1.07223819e-005, -0.971386943, 1.24592949e-005, 1, 1.40844952e-005, 0.971386944, -9.70439407e-006, 0.237502432, 0.237502432, 7.16103179e-006, -0.971386944, 7.72595924e-006, 1, 9.26094997e-006, 0, 0, 0, 0, 0, 0, 0, 0.244845117, -0.142397314, -0.246177417, 0.00523888385, 0.520050162, -0.854090506, -0.958129883, 0.246826172, 0.14440918, 0.28590353, 0.817628612, 0.499747261, 0, 0, -0, 0, 0, 0, 0, 0.308981592, -0.100162354, -0.200329102, 0.204924025, 0.276939317, -0.938638323, 0.418579102, -0.891723633, -0.17175293, -0.884671044, -0.357654784, -0.29872548, 0, 3, 5, 1, 
481.72518, 65, 0.1, 0.1, 0.0168679167, 0.343596146, -0.0199710647, 0.971386941, -7.98961564e-006, 0.237502442, 0.237502442, 4.50840677e-006, -0.971386941, 6.69025068e-006, 1, 6.27696069e-006, 0.971386942, 1.08362434e-005, 0.237502441, 0.237502441, -6.88803362e-006, -0.971386942, -8.89026052e-006, 1, -9.26458017e-006, 0, 0, 0, 0, 0, 0, 0, 0.24505481, -0.143450415, -0.244124292, 0.004978653, 0.521319116, -0.853296708, -0.958129883, 0.246459961, 0.144897461, 0.285821154, 0.817056853, 0.500857455, 0, 0, -0, 0, 0, 0, 0, 0.308649805, -0.10011377, -0.199628125, 0.19988276, 0.27859373, -0.939238401, 0.421142578, -0.890014648, -0.174316406, -0.884587189, -0.360549466, -0.295351755, 0, 3, 5, 1, 
481.725966, 65, 0.1, 0.1, 0.0168679159, 0.343596146, -0.0199692973, 0.971386941, 1.05389069e-005, 0.237502443, 0.237502443, -6.40762161e-006, -0.971386941, -8.71553074e-006, 1, -8.72729609e-006, 0.971386941, 1.82846175e-005, 0.237502443, 0.237502444, -1.07450368e-005, -0.971386941, -1.52094662e-005, 1, -1.47802297e-005, 0, 0, 0, 0, 0, 0, 0, 0.24505481, -0.143450415, -0.244124292, 0.004978653, 0.521319116, -0.853296708, -0.958129883, 0.246459961, 0.144897461, 0.285821154, 0.817056853, 0.500857455, 0, 0, -0, 0, 0, 0, 0, 0.308649805, -0.10011377, -0.199628125, 0.19988276, 0.27859373, -0.939238401, 0.421142578, -0.890014648, -0.174316406, -0.884587189, -0.360549466, -0.295351755, 0, 3, 5, 1, 
481.726749, 65, 0.1, 0.1, 0.0168679162, 0.343596146, -0.0199665148, 0.971386942, 1.84616381e-005, 0.237502438, 0.237502438, -1.08568317e-005, -0.971386942, -1.53548702e-005, 1, -1.49308686e-005, 0.971386942, 1.22516657e-005, 0.237502439, 0.237502439, -7.01877488e-006, -0.971386942, -1.02341319e-005, 1, -9.72774676e-006, 0, 0, 0, 0, 0, 0, 0, 0.24505481, -0.143450415, -0.244124292, 0.004978653, 0.521319116, -0.853296708, -0.958129883, 0.246459961, 0.144897461, 0.285821154, 0.817056853, 0.500857455, 0, 0, -0, 0, 0, 0, 0, 0.308649805, -0.10011377, -0.199628125, 0.19988276, 0.27859373, -0.939238401, 0.421142578, -0.890014648, -0.174316406, -0.884587189, -0.360549466, -0.295351755, 0, 3, 5, 1, 
481.72753, 65, 0.1, 0.1, 0.0168679173, 0.343596146, -0.0199637017, 0.971386945, 1.17617337e-005, 0.237502426, 0.237502427, -6.75886641e-006, -0.971386945, -9.81994741e-006, 1, -9.35891489e-006, 0.971386945, -1.15469494e-005, 0.237502429, 0.237502429, 7.20793318e-006, -0.971386945, 9.5046543e-006, 1, 9.74412073e-006, 0, 0, 0, 0, 0, 0, 0, 0.24505481, -0.143450415, -0.244124292, 0.004978653, 0.521319116, -0.853296708, -0.958129883, 0.246459961, 0.144897461, 0.285821154, 0.817056853, 0.500857455, 0, 0, -0, 0, 0, 0, 0, 0.308649805, -0.10011377, -0.199628125, 0.19988276, 0.27859373, -0.939238401, 0.421142578, -0.890014648, -0.174316406, -0.884587189, -0.360549466, -0.295351755, 0, 3, 5, 1, 
481.728315, 65, 0.1, 0.1, 0.0168679183, 0.343596145, -0.0199617753, 0.971386949, -1.31489539e-005, 0.23750241, 0.23750241, 8.32426115e-006, -0.971386949, 1.07956901e-005, 1, 1.12089869e-005, 0.971386948, -2.23249333e-005, 0.237502413, 0.237502414, 1.33930035e-005, -0.971386948, 1.85052782e-005, 1, 1.83120143e-005, 0, 0, 0, 0, 0, 0, 0, 0.24505481, -0.143450415, -0.244124292, 0.004978653, 0.521319116, -0.853296708, -0.958129883, 0.246459961, 0.144897461, 0.285821154, 0.817056853, 0.500857455, 0, 0, -0, 0, 0, 0, 0, 0.308649805, -0.10011377, -0.199628125, 0.19988276, 0.27859373, -0.939238401, 0.421142578, -0.890014648, -0.174316406, -0.884587189, -0.360549466, -0.295351755, 0, 3, 5, 1, 
481.729098, 65, 0.1, 0.1, 0.016867918, 0.343596145, -0.0199613122, 0.971386955, -2.21032048e-005, 0.237502387, 0.237502387, 1.27563148e-005, -0.971386955, 1.84411095e-005, 1, 1.76408817e-005, 0.971386954, -1.41971303e-005, 0.237502392, 0.237502392, 8.2312566e-006, -0.971386954, 1.1835964e-005, 1, 1.13675877e-005, 0, 0, 0, 0, 0, 0, 0, 0.24505481, -0.143450415, -0.244124292, 0.004978653, 0.521319116, -0.853296708, -0.958129883, 0.246459961, 0.144897461, 0.285821154, 0.817056853, 0.500857455, 0, 0, -0, 0, 0, 0, 0, 0.308649805, -0.10011377, -0.199628125, 0.19988276, 0.27859373, -0.939238401, 0.421142578, -0.890014648, -0.174316406, -0.884587189, -0.360549466, -0.295351755, 0, 3, 5, 1, 
481.72991, 65, 0.1, 0.1, 0.0168679167, 0.343596146, -0.0199620632, 0.97138696, -1.04562956e-005, 0.237502365, 0.237502365, 7.02488792e-006, -0.97138696, 8.48868173e-006, 1, 9.30727947e-006, 0.971386959, 1.41784586e-005, 0.237502369, 0.237502369, -7.82340127e-006, -0.971386959, -1.19146935e-005, 1, -1.09669675e-005, 0, 0, 0, 0, 0, 0, 0, 0.244569995, -0.144948535, -0.242516919, 0.00402834001, 0.522676437, -0.852458728, -0.95715332, 0.248535156, 0.147827148, 0.28918506, 0.815482364, 0.501466284, 0, 0, -0, 0, 0, 0, 0, 0.308261621, -0.0997674805, -0.199353613, 0.193978925, 0.281525958, -0.939621196, 0.424194336, -0.887695313, -0.178466797, -0.884471251, -0.363923557, -0.291709707, 0, 3, 5, 1, 
481.730693, 65, 0.1, 0.1, 0.016867916, 0.343596147, -0.0199638257, 0.971386963, 1.18829793e-005, 0.237502354, 0.237502354, -7.77902026e-006, -0.971386963, -9.69543555e-006, 1, -1.03786744e-005, 0.971386962, 2.01866423e-005, 0.237502356, 0.237502356, -1.30870476e-005, -0.971386962, -1.65008365e-005, 1, -1.75069625e-005, 0, 0, 0, 0, 0, 0, 0, 0.244569995, -0.144948535, -0.242516919, 0.00402834001, 0.522676437, -0.852458728, -0.95715332, 0.248535156, 0.147827148, 0.28918506, 0.815482364, 0.501466284, 0, 0, -0, 0, 0, 0, 0, 0.308261621, -0.0997674805, -0.199353613, 0.193978925, 0.281525958, -0.939621196, 0.424194336, -0.887695313, -0.178466797, -0.884471251, -0.363923557, -0.291709707, 0, 3, 5, 1, 
481.731477, 65, 0.1, 0.1, 0.0168679166, 0.343596147, -0.0199660735, 0.971386965, 1.78523276e-005, 0.237502346, 0.237502346, -1.00857426e-005, -0.971386965, -1.49461308e-005, 1, -1.40371286e-005, 0.971386964, 1.11279121e-005, 0.237502348, 0.237502348, -5.83250468e-006, -0.971386964, -9.42427519e-006, 1, -8.30852426e-006, 0, 0, 0, 0, 0, 0, 0, 0.244569995, -0.144948535, -0.242516919, 0.00402834001, 0.522676437, -0.852458728, -0.95715332, 0.248535156, 0.147827148, 0.28918506, 0.815482364, 0.501466284, 0, 0, -0, 0, 0, 0, 0, 0.308261621, -0.0997674805, -0.199353613, 0.193978925, 0.281525958, -0.939621196, 0.424194336, -0.887695313, -0.178466797, -0.884471251, -0.363923557, -0.291709707, 0, 3, 5, 1, 
481.732291, 65, 0.1, 0.1, 0.0168679182, 0.343596146, -0.0199677842, 0.971386969, 7.16160114e-006, 0.237502329, 0.237502329, -4.84277175e-006, -0.971386969, -5.80651646e-006, 1, -6.40510232e-006, 0.971386968, -1.36003339e-005, 0.237502333, 0.237502333, 7.45078789e-006, -0.971386968, 1.14416076e-005, 1, 1.04677093e-005, 0, 0, 0, 0, 0, 0, 0, 0.244176343, -0.145725415, -0.241326245, 0.000558093908, 0.525036488, -0.851062094, -0.956542969, 0.248291016, 0.152587891, 0.29146498, 0.813996241, 0.502480998, 0, 0, -0, 0, 0, 0, 0, 0.307873193, -0.100351758, -0.198865625, 0.18826029, 0.283455257, -0.940297833, 0.42578125, -0.886230469, -0.181884766, -0.884949561, -0.365930149, -0.287607573, 0, 3, 5, 1, 
481.733083, 65, 0.1, 0.1, 0.0168679193, 0.343596145, -0.0199684287, 0.971386971, -1.17611641e-005, 0.237502322, 0.237502322, 8.33957132e-006, -0.971386971, 9.44397399e-006, 1, 1.08942547e-005, 0.97138697, -1.92517769e-005, 0.237502323, 0.237502323, 1.30760468e-005, -0.97138697, 1.55953338e-005, 1, 1.72742433e-005, 0, 0, 0, 0, 0, 0, 0, 0.244176343, -0.145725415, -0.241326245, 0.000558093908, 0.525036488, -0.851062094, -0.956542969, 0.248291016, 0.152587891, 0.29146498, 0.813996241, 0.502480998, 0, 0, -0, 0, 0, 0, 0, 0.307873193, -0.100351758, -0.198865625, 0.18826029, 0.283455257, -0.940297833, 0.42578125, -0.886230469, -0.181884766, -0.884949561, -0.365930149, -0.287607573, 0, 3, 5, 1, 
481.733866, 65, 0.1, 0.1, 0.0168679192, 0.343596145, -0.0199681222, 0.971386973, -1.85601625e-005, 0.237502313, 0.237502313, 9.63109664e-006, -0.971386973, 1.57416924e-005, 1, 1.37636034e-005, 0.971386972, -1.25241099e-005, 0.237502316, 0.237502316, 6.32069871e-006, -0.971386972, 1.06645766e-005, 1, 9.11434949e-006, 0, 0, 0, 0, 0, 0, 0, 0.244176343, -0.145725415, -0.241326245, 0.000558093908, 0.525036488, -0.851062094, -0.956542969, 0.248291016, 0.152587891, 0.29146498, 0.813996241, 0.502480998, 0, 0, -0, 0, 0, 0, 0, 0.307873193, -0.100351758, -0.198865625, 0.18826029, 0.283455257, -0.940297833, 0.42578125, -0.886230469, -0.181884766, -0.884949561, -0.365930149, -0.287607573, 0, 3, 5, 1, 
481.734643, 65, 0.1, 0.1, 0.0168679185, 0.343596146, -0.0199671583, 0.971386975, -1.03694605e-005, 0.237502306, 0.237502306, 6.98095409e-006, -0.971386975, 8.41476618e-006, 1, 9.24397866e-006, 0.971386975, 1.01588148e-005, 0.237502306, 0.237502306, -6.38692361e-006, -0.971386975, -8.35123132e-006, 1, -8.61691635e-006, 0, 0, 0, 0, 0, 0, 0, 0.244176343, -0.145725415, -0.241326245, 0.000558093908, 0.525036488, -0.851062094, -0.956542969, 0.248291016, 0.152587891, 0.29146498, 0.813996241, 0.502480998, 0, 0, -0, 0, 0, 0, 0, 0.307873193, -0.100351758, -0.198865625, 0.18826029, 0.283455257, -0.940297833, 0.42578125, -0.886230469, -0.181884766, -0.884949561, -0.365930149, -0.287607573, 0, 3, 5, 1, 
481.735422, 65, 0.1, 0.1, 0.0168679176, 0.343596146, -0.0199658698, 0.971386976, 1.23423512e-005, 0.237502301, 0.237502301, -6.53826635e-006, -0.971386976, -1.04363459e-005, 1, -9.28252359e-006, 0.971386975, 2.05038283e-005, 0.237502303, 0.237502303, -1.09250321e-005, -0.971386975, -1.73224314e-005, 1, -1.54821403e-005, 0, 0, 0, 0, 0, 0, 0, 0.244176343, -0.145725415, -0.241326245, 0.000558093908, 0.525036488, -0.851062094, -0.956542969, 0.248291016, 0.152587891, 0.29146498, 0.813996241, 0.502480998, 0, 0, -0, 0, 0, 0, 0, 0.307873193, -0.100351758, -0.198865625, 0.18826029, 0.283455257, -0.940297833, 0.42578125, -0.886230469, -0.181884766, -0.884949561, -0.365930149, -0.287607573, 0, 3, 5, 1, 
481.736202, 65, 0.1, 0.1, 0.0168679178, 0.343596147, -0.0199646852, 0.971386977, 2.02185277e-005, 0.237502295, 0.237502295, -1.39559222e-005, -0.971386977, -1.6325451e-005, 1, -1.83585478e-005, 0.971386977, 1.32477873e-005, 0.237502295, 0.237502295, -9.68260617e-006, -0.971386977, -1.05690869e-005, 1, -1.25519374e-005, 0, 0, 0, 0, 0, 0, 0, 0.244176343, -0.145725415, -0.241326245, 0.000558093908, 0.525036488, -0.851062094, -0.956542969, 0.248291016, 0.152587891, 0.29146498, 0.813996241, 0.502480998, 0, 0, -0, 0, 0, 0, 0, 0.307873193, -0.100351758, -0.198865625, 0.18826029, 0.283455257, -0.940297833, 0.42578125, -0.886230469, -0.181884766, -0.884949561, -0.365930149, -0.287607573, 0, 3, 5, 1, 
481.737012, 65, 0.1, 0.1, 0.0168679184, 0.343596146, -0.0199637342, 0.971386978, 1.4864129e-005, 0.237502293, 0.237502294, -8.26132587e-006, -0.971386978, -1.24767375e-005, 1, -1.15552091e-005, 0.971386977, -8.40583552e-006, 0.237502295, 0.237502295, 5.66534746e-006, -0.971386977, 6.81978614e-006, 1, 7.49964996e-006, 0, 0, 0, 0, 0, 0, 0, 0.243285645, -0.145521191, -0.241413379, -0.00822423207, 0.529122676, -0.848484873, -0.955932617, 0.244506836, 0.161743164, 0.292979555, 0.812483909, 0.503926685, 0, 0, -0, 0, 0, 0, 0, 0.307864258, -0.101025879, -0.197721826, 0.184675844, 0.28422158, -0.940687191, 0.427856445, -0.885009766, -0.183349609, -0.884712588, -0.368549945, -0.285070899, 0, 3, 5, 1, 
481.737795, 65, 0.1, 0.1, 0.0168679186, 0.343596147, -0.0199633491, 0.97138698, -1.02187919e-005, 0.237502284, 0.237502284, 5.0762293e-006, -0.97138698, 8.72078534e-006, 1, 7.35796947e-006, 0.971386979, -1.84837662e-005, 0.237502286, 0.237502286, 1.01970221e-005, -0.97138698, 1.55330738e-005, 1, 1.42951912e-005, 0, 0, 0, 0, 0, 0, 0, 0.243285645, -0.145521191, -0.241413379, -0.00822423207, 0.529122676, -0.848484873, -0.955932617, 0.244506836, 0.161743164, 0.292979555, 0.812483909, 0.503926685, 0, 0, -0, 0, 0, 0, 0, 0.307864258, -0.101025879, -0.197721826, 0.184675844, 0.28422158, -0.940687191, 0.427856445, -0.885009766, -0.183349609, -0.884712588, -0.368549945, -0.285070899, 0, 3, 5, 1, 
481.73858, 65, 0.1, 0.1, 0.0168679178, 0.343596147, -0.019963773, 0.971386981, -1.78944177e-005, 0.237502281, 0.237502281, 1.16924497e-005, -0.971386981, 1.46054209e-005, 1, 1.56078584e-005, 0.971386981, -1.0486876e-005, 0.237502281, 0.237502281, 6.94831082e-006, -0.971386981, 8.5365751e-006, 1, 9.24015563e-006, 0, 0, 0, 0, 0, 0, 0, 0.243285645, -0.145521191, -0.241413379, -0.00822423207, 0.529122676, -0.848484873, -0.955932617, 0.244506836, 0.161743164, 0.292979555, 0.812483909, 0.503926685, 0, 0, -0, 0, 0, 0, 0, 0.307864258, -0.101025879, -0.197721826, 0.184675844, 0.28422158, -0.940687191, 0.427856445, -0.885009766, -0.183349609, -0.884712588, -0.368549945, -0.285070899, 0, 3, 5, 1, 
481.73936, 65, 0.1, 0.1, 0.0168679168, 0.343596148, -0.0199648201, 0.971386981, -1.13738127e-005, 0.237502281, 0.237502281, 6.72531199e-006, -0.971386981, 9.45109666e-006, 1, 9.23418698e-006, 0.971386981, 1.12003942e-005, 0.237502281, 0.237502282, -7.06135564e-006, -0.971386981, -9.20282901e-006, 1, -9.51942811e-006, 0, 0, 0, 0, 0, 0, 0, 0.243285645, -0.145521191, -0.241413379, -0.00822423207, 0.529122676, -0.848484873, -0.955932617, 0.244506836, 0.161743164, 0.292979555, 0.812483909, 0.503926685, 0, 0, -0, 0, 0, 0, 0, 0.307864258, -0.101025879, -0.197721826, 0.184675844, 0.28422158, -0.940687191, 0.427856445, -0.885009766, -0.183349609, -0.884712588, -0.368549945, -0.285070899, 0, 3, 5, 1, 
481.740154, 65, 0.1, 0.1, 0.0168679165, 0.343596148, -0.0199660399, 0.971386981, 9.83303097e-006, 0.23750228, 0.23750228, -5.93754238e-006, -0.971386981, -8.14149842e-006, 1, -8.10301864e-006, 0.971386981, 1.77989593e-005, 0.23750228, 0.23750228, -1.10749479e-005, -0.971386981, -1.46593519e-005, 1, -1.49853536e-005, 0, 0, 0, 0, 0, 0, 0, 0.243285645, -0.145521191, -0.241413379, -0.00822423207, 0.529122676, -0.848484873, -0.955932617, 0.244506836, 0.161743164, 0.292979555, 0.812483909, 0.503926685, 0, 0, -0, 0, 0, 0, 0, 0.307864258, -0.101025879, -0.197721826, 0.184675844, 0.28422158, -0.940687191, 0.427856445, -0.885009766, -0.183349609, -0.884712588, -0.368549945, -0.285070899, 0, 3, 5, 1, 
481.740935, 65, 0.1, 0.1, 0.0168679173, 0.343596148, -0.0199670392, 0.971386981, 1.59650437e-005, 0.237502281, 0.237502282, -9.64883307e-006, -0.971386981, -1.32166158e-005, 1, -1.31644851e-005, 0.971386981, 9.59789208e-006, 0.237502282, 0.237502282, -5.60108622e-006, -0.971386981, -7.99299665e-006, 1, -7.7203435e-006, 0, 0, 0, 0, 0, 0, 0, 0.243285645, -0.145521191, -0.241413379, -0.00822423207, 0.529122676, -0.848484873, -0.955932617, 0.244506836, 0.161743164, 0.292979555, 0.812483909, 0.503926685, 0, 0, -0, 0, 0, 0, 0, 0.307864258, -0.101025879, -0.197721826, 0.184675844, 0.28422158, -0.940687191, 0.427856445, -0.885009766, -0.183349609, -0.884712588, -0.368549945, -0.285070899, 0, 3, 5, 1, 
481.741745, 65, 0.1, 0.1, 0.0168679187, 0.343596147, -0.0199673551, 0.971386982, 9.38405596e-006, 0.237502275, 0.237502275, -5.5064348e-006, -0.971386982, -7.80775901e-006, 1, -7.57761373e-006, 0.971386982, -1.17347027e-005, 0.237502277, 0.237502277, 6.76293168e-006, -0.971386982, 9.79272576e-006, 1, 9.35644241e-006, 0, 0, 0, 0, 0, 0, 0, 0.243062964, -0.144834595, -0.241242847, -0.016862025, 0.533888085, -0.845316797, -0.956298828, 0.237915039, 0.169311523, 0.291505033, 0.811358366, 0.506761894, 0, 0, -0, 0, 0, 0, 0, 0.307812109, -0.10188833, -0.1965729, 0.180497151, 0.285460749, -0.941114828, 0.42980957, -0.883544922, -0.185546875, -0.884660815, -0.3709973, -0.28217002, 0, 3, 5, 1, 
481.742523, 65, 0.1, 0.1, 0.0168679195, 0.343596147, -0.0199669906, 0.971386984, -1.12610057e-005, 0.237502269, 0.237502269, 6.2216823e-006, -0.971386984, 9.46113071e-006, 1, 8.71817562e-006, 0.971386983, -1.88088646e-005, 0.237502269, 0.23750227, 1.1503191e-005, -0.971386984, 1.55386523e-005, 1, 1.5641198e-005, 0, 0, 0, 0, 0, 0, 0, 0.243062964, -0.144834595, -0.241242847, -0.016862025, 0.533888085, -0.845316797, -0.956298828, 0.237915039, 0.169311523, 0.291505033, 0.811358366, 0.506761894, 0, 0, -0, 0, 0, 0, 0, 0.307812109, -0.10188833, -0.1965729, 0.180497151, 0.285460749, -0.941114828, 0.42980957, -0.883544922, -0.185546875, -0.884660815, -0.3709973, -0.28217002, 0, 3, 5, 1, 
481.743308, 65, 0.1, 0.1, 0.0168679192, 0.343596147, -0.0199662398, 0.971386983, -1.82243857e-005, 0.237502271, 0.237502271, 1.08423205e-005, -0.971386983, 1.51278553e-005, 1, 1.4860422e-005, 0.971386983, -1.19586489e-005, 0.237502271, 0.237502271, 6.48876051e-006, -0.971386983, 1.00753805e-005, 1, 9.14330376e-006, 0, 0, 0, 0, 0, 0, 0, 0.243062964, -0.144834595, -0.241242847, -0.016862025, 0.533888085, -0.845316797, -0.956298828, 0.237915039, 0.169311523, 0.291505033, 0.811358366, 0.506761894, 0, 0, -0, 0, 0, 0, 0, 0.307812109, -0.10188833, -0.1965729, 0.180497151, 0.285460749, -0.941114828, 0.42980957, -0.883544922, -0.185546875, -0.884660815, -0.3709973, -0.28217002, 0, 3, 5, 1, 
