time, trialNum, realDorsalTactorPos, realVentralTactorPos, box1PosX, box1PosY, box1PosZ, box1LocalRot_11, box1LocalRot_12, box1LocalRot_13, box1LocalRot_21, box1LocalRot_22, box1LocalRot_23, box1LocalRot_31, box1LocalRot_32, box1LocalRot_33, box1GlobalRot_11, box1GlobalRot_12, box1GlobalRot_13, box1GlobalRot_21, box1GlobalRot_22, box1GlobalRot_23, box1GlobalRot_31, box1GlobalRot_32, box1GlobalRot_33, indexForceX, indexForceY, indexForceZ, indexForceGlobalX, indexForceGlobalY, indexForceGlobalZ, indexContact, indexPosX, indexPosY, indexPosZ, indexRot_11, indexRot_12, indexRot_13, indexRot_21, indexRot_22, indexRot_23, indexRot_31, indexRot_32, indexRot_33, thumbForceX, thumbForceY, thumbForceZ, thumbForceGlobalX, thumbForceGlobalY, thumbForceGlobalZ, thumbContact, thumbPosX, thumbPosY, thumbPosZ, thumbRot_11, thumbRot_12, thumbRot_13, thumbRot_21, thumbRot_22, thumbRot_23, thumbRot_31, thumbRot_32, thumbRot_33, manipForceTooHigh, cceExpType, mapping, trialSuccess, 
525.333178, 73, 0.1, 0.1, 0.225, -0.115000016, -0.0199821153, 0.707106781, -0.707106781, 2.3071043e-015, 0.70710678, 0.70710678, 5.64003829e-005, -3.98810932e-005, -3.98810932e-005, 0.999999998, 0.707106781, -0.707106781, 0, 0.707106781, 0.707106781, 0, 0, 0, 1, 0, 0, 0, 0, 0, 0, 0, 0.131073608, -0.141892456, -0.207822095, -0.663130599, 0.462450369, -0.588441181, -0.733032227, -0.242675781, 0.635375977, 0.151005768, 0.852705829, 0.500064575, 0, 0, -0, 0, 0, 0, 0, 0.209459082, -0.0876925781, -0.167673975, -0.315709758, 0.661414006, -0.680229582, 0.407226563, -0.552978516, -0.726806641, -0.857031502, -0.506391382, -0.0946933822, 1, 3, 5, 0, 
525.333976, 73, 0.1, 0.1, 0.225, -0.115000016, -0.0199656477, 0.707106779, -0.707106783, 2.97829344e-007, 0.707106782, 0.707106778, -6.14613373e-005, 4.32491313e-005, 4.36703254e-005, 0.999999998, 0.707106779, -0.707106783, 2.36661119e-007, 0.707106783, 0.707106779, -3.68286435e-005, 2.5874439e-005, 2.62091282e-005, 0.999999999, 0, 0, 0, 0, 0, 0, 0, 0.133035693, -0.140099658, -0.206704297, -0.663130599, 0.462450369, -0.588441181, -0.733032227, -0.242675781, 0.635375977, 0.151005768, 0.852705829, 0.500064575, 0, 0, -0, 0, 0, 0, 0, 0.210598633, -0.0867817383, -0.166662354, -0.315709758, 0.661414006, -0.680229582, 0.407226563, -0.552978516, -0.726806641, -0.857031502, -0.506391382, -0.0946933822, 1, 3, 5, 0, 
525.334757, 73, 0.1, 0.1, 0.225, -0.115000016, -0.0199515119, 0.70710678, -0.707106783, 1.04060163e-006, 0.70710678, 0.707106778, 8.01862154e-005, -5.74360332e-005, -5.59644001e-005, 0.999999997, 0.707106781, -0.707106782, 1.11657014e-006, 0.707106781, 0.70710678, 4.77588341e-005, -3.45601298e-005, -3.29810611e-005, 0.999999999, 0, 0, 0, 0, 0, 0, 0, 0.133035693, -0.140099658, -0.206704297, -0.663130599, 0.462450369, -0.588441181, -0.733032227, -0.242675781, 0.635375977, 0.151005768, 0.852705829, 0.500064575, 0, 0, -0, 0, 0, 0, 0, 0.210598633, -0.0867817383, -0.166662354, -0.315709758, 0.661414006, -0.680229582, 0.407226563, -0.552978516, -0.726806641, -0.857031502, -0.506391382, -0.0946933822, 1, 3, 5, 0, 
525.335542, 73, 0.1, 0.1, 0.225, -0.115000016, -0.0199434054, 0.707106775, -0.707106788, 1.24420298e-006, 0.707106784, 0.707106771, -0.000101157609, 7.06494475e-005, 7.24090149e-005, 0.999999995, 0.707106775, -0.707106788, 1.44347096e-006, 0.707106787, 0.707106773, -5.81334243e-005, 4.00858508e-005, 4.21272263e-005, 0.999999998, 0, 0, 0, 0, 0, 0, 0, 0.133035693, -0.140099658, -0.206704297, -0.663130599, 0.462450369, -0.588441181, -0.733032227, -0.242675781, 0.635375977, 0.151005768, 0.852705829, 0.500064575, 0, 0, -0, 0, 0, 0, 0, 0.210598633, -0.0867817383, -0.166662354, -0.315709758, 0.661414006, -0.680229582, 0.407226563, -0.552978516, -0.726806641, -0.857031502, -0.506391382, -0.0946933822, 1, 3, 5, 0, 
525.336344, 73, 0.1, 0.1, 0.225, -0.115000008, -0.0199431836, 0.707106778, -0.707106784, 1.82300368e-006, 0.707106782, 0.707106776, 7.29438691e-005, -5.2868163e-005, -5.0290046e-005, 0.999999997, 0.707106778, -0.707106784, 1.600077e-006, 0.707106784, 0.707106778, 2.59770294e-005, -1.9499959e-005, -1.72371083e-005, 1, 0, 0, 0, 0, 0, 0, 0, 0.133035693, -0.140099658, -0.206704297, -0.663250044, 0.463858987, -0.587298786, -0.732421875, -0.241699219, 0.636352539, 0.153372933, 0.852235542, 0.500254413, 0, 0, -0, 0, 0, 0, 0, 0.210598633, -0.0867817383, -0.166662354, -0.315709758, 0.661414006, -0.680229582, 0.407226563, -0.552978516, -0.726806641, -0.857031502, -0.506391382, -0.0946933822, 1, 3, 5, 0, 
525.337144, 73, 0.1, 0.1, 0.225, -0.115000012, -0.0199499841, 0.70710676, -0.707106802, -2.2268402e-006, 0.7071068, 0.707106758, -7.21557737e-005, 5.25964522e-005, 4.94472215e-005, 0.999999997, 0.707106765, -0.707106798, -2.35823204e-006, 0.707106797, 0.707106764, -3.39600602e-005, 2.56809112e-005, 2.23458664e-005, 0.999999999, 0, 0, 0, 0, 0, 0, 0, 0.132590308, -0.140252344, -0.206645337, -0.663250044, 0.463858987, -0.587298786, -0.732421875, -0.241699219, 0.636352539, 0.153372933, 0.852235542, 0.500254413, 0, 0, -0, 0, 0, 0, 0, 0.210777197, -0.0867802734, -0.166842383, -0.316476447, 0.661586447, -0.679635334, 0.407104492, -0.552368164, -0.727294922, -0.856743856, -0.506864228, -0.0945081815, 1, 3, 5, 0, 
525.337922, 73, 0.1, 0.1, 0.225, -0.115000006, -0.0199610765, 0.707106719, -0.707106843, 2.98655301e-006, 0.707106842, 0.707106719, 4.19691445e-005, -3.1788481e-005, -2.7564852e-005, 0.999999999, 0.707106728, -0.707106835, 2.73732863e-006, 0.707106834, 0.707106728, 1.12797183e-005, -9.91154936e-006, -6.04038088e-006, 1, 0, 0, 0, 0, 0, 0, 0, 0.132590308, -0.140252344, -0.206645337, -0.663250044, 0.463858987, -0.587298786, -0.732421875, -0.241699219, 0.636352539, 0.153372933, 0.852235542, 0.500254413, 0, 0, -0, 0, 0, 0, 0, 0.210777197, -0.0867802734, -0.166842383, -0.316476447, 0.661586447, -0.679635334, 0.407104492, -0.552368164, -0.727294922, -0.856743856, -0.506864228, -0.0945081815, 1, 3, 5, 0, 
525.338702, 73, 0.1, 0.1, 0.225, -0.115000009, -0.0199725985, 0.707106665, -0.707106898, -2.57396011e-006, 0.707106897, 0.707106664, -2.9167663e-005, 2.244472e-005, 1.88045839e-005, 1, 0.707106676, -0.707106887, -1.49999607e-006, 0.707106886, 0.707106676, -8.47695367e-006, 7.05476955e-006, 4.93345297e-006, 1, 0, 0, 0, 0, 0, 0, 0, 0.132590308, -0.140252344, -0.206645337, -0.663250044, 0.463858987, -0.587298786, -0.732421875, -0.241699219, 0.636352539, 0.153372933, 0.852235542, 0.500254413, 0, 0, -0, 0, 0, 0, 0, 0.210777197, -0.0867802734, -0.166842383, -0.316476447, 0.661586447, -0.679635334, 0.407104492, -0.552368164, -0.727294922, -0.856743856, -0.506864228, -0.0945081815, 1, 3, 5, 0, 
525.339481, 73, 0.1, 0.1, 0.225, -0.115000007, -0.01998076, 0.707106614, -0.707106949, -1.2605396e-006, 0.707106948, 0.707106614, 2.3745203e-005, -1.58990622e-005, -1.76817264e-005, 1, 0.707106623, -0.707106939, -2.05265518e-006, 0.707106939, 0.707106623, 9.03437587e-006, -4.93682379e-006, -7.83971373e-006, 1, 0, 0, 0, 0, 0, 0, 0, 0.132590308, -0.140252344, -0.206645337, -0.663250044, 0.463858987, -0.587298786, -0.732421875, -0.241699219, 0.636352539, 0.153372933, 0.852235542, 0.500254413, 0, 0, -0, 0, 0, 0, 0, 0.210777197, -0.0867802734, -0.166842383, -0.316476447, 0.661586447, -0.679635334, 0.407104492, -0.552368164, -0.727294922, -0.856743856, -0.506864228, -0.0945081815, 1, 3, 5, 0, 
525.340262, 73, 0.1, 0.1, 0.225, -0.115000009, -0.0199834361, 0.707106586, -0.707106977, 3.57937962e-006, 0.707106977, 0.707106585, -1.82875328e-005, 1.04002391e-005, 1.54622392e-005, 1, 0.70710659, -0.707106972, 3.0188726e-006, 0.707106972, 0.70710659, -7.18661783e-006, 2.94704287e-006, 7.21637069e-006, 1, 0, 0, 0, 0, 0, 0, 0, 0.132590308, -0.140252344, -0.206645337, -0.663250044, 0.463858987, -0.587298786, -0.732421875, -0.241699219, 0.636352539, 0.153372933, 0.852235542, 0.500254413, 0, 0, -0, 0, 0, 0, 0, 0.210777197, -0.0867802734, -0.166842383, -0.316476447, 0.661586447, -0.679635334, 0.407104492, -0.552368164, -0.727294922, -0.856743856, -0.506864228, -0.0945081815, 1, 3, 5, 0, 
525.341057, 73, 0.1, 0.1, 0.225, -0.115000009, -0.0199800646, 0.707106521, -0.707107041, -1.56416354e-005, 0.707107042, 0.707106521, 1.92809432e-005, -2.57338829e-006, -2.46939912e-005, 1, 0.707106553, -0.707107009, -6.12380336e-006, 0.707107009, 0.707106553, 1.51950638e-005, -6.41435465e-006, -1.50747135e-005, 1, 0, 0, 0, 0, 0, 0, 0, 0.132590308, -0.140252344, -0.206645337, -0.662702252, 0.465946825, -0.586366448, -0.732055664, -0.23828125, 0.638061523, 0.157611889, 0.852152045, 0.49911801, 0, 0, -0, 0, 0, 0, 0, 0.210777197, -0.0867802734, -0.166842383, -0.316476447, 0.661586447, -0.679635334, 0.407104492, -0.552368164, -0.727294922, -0.856743856, -0.506864228, -0.0945081815, 1, 3, 5, 0, 
525.341853, 73, 0.1, 0.1, 0.225, -0.115000008, -0.0199719889, 0.707106274, -0.707107288, 3.80022239e-005, 0.707107289, 0.707106274, -1.57729341e-005, -1.57184543e-005, 3.80247901e-005, 0.999999999, 0.707106324, -0.707107238, 2.46108704e-005, 0.707107238, 0.707106324, -9.84634302e-006, -1.04400817e-005, 2.4364936e-005, 1, 0, 0, 0, 0, 0, 0, 0, 0.131961475, -0.140592383, -0.206377905, -0.662702252, 0.465946825, -0.586366448, -0.732055664, -0.23828125, 0.638061523, 0.157611889, 0.852152045, 0.49911801, 0, 0, -0, 0, 0, 0, 0, 0.21065625, -0.0871444824, -0.166650635, -0.314489546, 0.66207242, -0.6801337, 0.405761719, -0.553955078, -0.726928711, -0.858130679, -0.504481039, -0.0944378192, 1, 3, 5, 0, 
525.342635, 73, 0.1, 0.1, 0.225, -0.115000008, -0.0199629056, 0.707106161, -0.7071074, -3.25517276e-005, 0.707107401, 0.707106161, 2.91000638e-005, 2.44065662e-006, -4.35944019e-005, 0.999999999, 0.707106177, -0.707107385, -1.69726318e-005, 0.707107385, 0.707106177, 1.85231764e-005, -1.09642206e-006, -2.50993258e-005, 1, 0, 0, 0, 0, 0, 0, 0, 0.131961475, -0.140592383, -0.206377905, -0.662702252, 0.465946825, -0.586366448, -0.732055664, -0.23828125, 0.638061523, 0.157611889, 0.852152045, 0.49911801, 0, 0, -0, 0, 0, 0, 0, 0.21065625, -0.0871444824, -0.166650635, -0.314489546, 0.66207242, -0.6801337, 0.405761719, -0.553955078, -0.726928711, -0.858130679, -0.504481039, -0.0944378192, 1, 3, 5, 0, 
525.343415, 73, 0.1, 0.1, 0.225000001, -0.115000007, -0.0199557322, 0.707106087, -0.707107474, 3.44587151e-005, 0.707107475, 0.707106086, -4.14393159e-005, 4.9360828e-006, 5.36680076e-005, 0.999999999, 0.707106139, -0.707107423, 9.81895939e-006, 0.707107423, 0.707106139, -3.47887551e-005, 1.76563405e-005, 3.15424014e-005, 0.999999999, 0, 0, 0, 0, 0, 0, 0, 0.131961475, -0.140592383, -0.206377905, -0.662702252, 0.465946825, -0.586366448, -0.732055664, -0.23828125, 0.638061523, 0.157611889, 0.852152045, 0.49911801, 0, 0, -0, 0, 0, 0, 0, 0.21065625, -0.0871444824, -0.166650635, -0.314489546, 0.66207242, -0.6801337, 0.405761719, -0.553955078, -0.726928711, -0.858130679, -0.504481039, -0.0944378192, 1, 3, 5, 0, 
525.344198, 73, 0.1, 0.1, 0.224999998, -0.115000008, -0.0199524302, 0.70710552, -0.70710804, -6.21182008e-005, 0.707108042, 0.707105521, 1.39748028e-005, 3.40424273e-005, -5.38059395e-005, 0.999999998, 0.707105691, -0.707107871, -1.68618252e-005, 0.707107871, 0.707105691, 2.30282779e-005, -4.360384e-006, -2.82065556e-005, 1, 0, 0, 0, 0, 0, 0, 0, 0.131961475, -0.140592383, -0.206377905, -0.662702252, 0.465946825, -0.586366448, -0.732055664, -0.23828125, 0.638061523, 0.157611889, 0.852152045, 0.49911801, 0, 0, -0, 0, 0, 0, 0, 0.21065625, -0.0871444824, -0.166650635, -0.314489546, 0.66207242, -0.6801337, 0.405761719, -0.553955078, -0.726928711, -0.858130679, -0.504481039, -0.0944378192, 1, 3, 5, 0, 
525.344989, 73, 0.1, 0.1, 0.225000004, -0.115000006, -0.0199536742, 0.707104538, -0.707109022, 5.69804038e-005, 0.707109023, 0.707104539, -6.28781632e-006, -3.58449305e-005, 4.47375011e-005, 0.999999998, 0.707104777, -0.707108785, 7.98901357e-006, 0.707108785, 0.707104777, -2.21238141e-005, 9.99487367e-006, 2.12929563e-005, 1, 0, 0, 0, 0, 0, 0, 0, 0.131961475, -0.140592383, -0.206377905, -0.662702252, 0.465946825, -0.586366448, -0.732055664, -0.23828125, 0.638061523, 0.157611889, 0.852152045, 0.49911801, 0, 0, -0, 0, 0, 0, 0, 0.21065625, -0.0871444824, -0.166650635, -0.314489546, 0.66207242, -0.6801337, 0.405761719, -0.553955078, -0.726928711, -0.858130679, -0.504481039, -0.0944378192, 1, 3, 5, 0, 
525.345806, 73, 0.1, 0.1, 0.224999995, -0.115000013, -0.0199588749, 0.707103127, -0.707110434, -3.06467889e-005, 0.707110435, 0.707103127, 3.22372831e-005, -1.12487897e-006, -4.44657479e-005, 0.999999999, 0.707103489, -0.707110073, 1.67213005e-005, 0.707110072, 0.707103489, 4.52263343e-005, -4.38036864e-005, -2.01558988e-005, 0.999999999, 0, 0, 0, 0, 0, 0, 0, 0.131961475, -0.140592383, -0.206377905, -0.662702252, 0.465946825, -0.586366448, -0.732055664, -0.23828125, 0.638061523, 0.157611889, 0.852152045, 0.49911801, 0, 0, -0, 0, 0, 0, 0, 0.21065625, -0.0871444824, -0.166650635, -0.314489546, 0.66207242, -0.6801337, 0.405761719, -0.553955078, -0.726928711, -0.858130679, -0.504481039, -0.0944378192, 1, 3, 5, 0, 
525.34675, 73, 0.1, 0.1, 0.225000019, -0.114999996, -0.0199642968, 0.707100667, -0.707112893, -5.65884233e-005, 0.707112887, 0.707100669, -9.75159534e-005, 0.0001089685, 2.89391924e-005, 0.999999994, 0.707101108, -0.70711245, -8.14169402e-005, 0.707112443, 0.707101112, -9.75399521e-005, 0.000126541723, 1.13996767e-005, 0.999999992, 0, 0, 0, 0, 0, 0, 0, 0.131049707, -0.140703687, -0.206919458, -0.663341037, 0.468180318, -0.583834532, -0.73046875, -0.236083984, 0.64074707, 0.162162373, 0.851427518, 0.498716994, 0, 0, -0, 0, 0, 0, 0, 0.210512109, -0.0877253418, -0.1666521, -0.312879609, 0.662692555, -0.680306141, 0.404052734, -0.555297852, -0.726806641, -0.859434381, -0.502206491, -0.0939649726, 1, 3, 5, 0, 
525.34753, 73, 0.1, 0.1, 0.225000017, -0.114999997, -0.0199687035, 0.707098209, -0.707115353, 3.45458265e-005, 0.707115349, 0.707098209, 8.29858597e-005, -8.31078675e-005, -3.42512686e-005, 0.999999996, 0.707098712, -0.70711485, 2.80302697e-005, 0.707114848, 0.707098712, 5.3656523e-005, -5.77614919e-005, -1.81198384e-005, 0.999999998, 0, 0, 0, 0, 0, 0, 0, 0.131049707, -0.140703687, -0.206919458, -0.663341037, 0.468180318, -0.583834532, -0.73046875, -0.236083984, 0.64074707, 0.162162373, 0.851427518, 0.498716994, 0, 0, -0, 0, 0, 0, 0, 0.210512109, -0.0877253418, -0.1666521, -0.312879609, 0.662692555, -0.680306141, 0.404052734, -0.555297852, -0.726806641, -0.859434381, -0.502206491, -0.0939649726, 1, 3, 5, 0, 
525.348326, 73, 0.1, 0.1, 0.225000008, -0.115000011, -0.0199719584, 0.707095896, -0.707117665, 2.50330941e-005, 0.707117665, 0.707095897, 4.98702551e-006, -2.12272119e-005, 1.41750378e-005, 1, 0.707096328, -0.707117233, 4.1464171e-005, 0.707117232, 0.707096329, 4.01922833e-005, -5.77398193e-005, 9.00213863e-007, 0.999999998, 0, 0, 0, 0, 0, 0, 0, 0.131049707, -0.140703687, -0.206919458, -0.663911674, 0.468764059, -0.582692137, -0.729736328, -0.235961914, 0.641601563, 0.163241488, 0.851211471, 0.498906832, 0, 0, -0, 0, 0, 0, 0, 0.210512109, -0.0877253418, -0.1666521, -0.312879609, 0.662692555, -0.680306141, 0.404052734, -0.555297852, -0.726806641, -0.859434381, -0.502206491, -0.0939649726, 1, 3, 5, 0, 
525.349123, 73, 0.1, 0.1, 0.225000018, -0.115000001, -0.0199726883, 0.707094389, -0.70711917, -5.99248679e-005, 0.707119169, 0.707094392, -4.54733006e-005, 7.45275806e-005, -1.0220107e-005, 0.999999997, 0.707094648, -0.707118911, -6.55185023e-005, 0.70711891, 0.707094651, -4.69399336e-005, 7.95198972e-005, -1.31383961e-005, 0.999999997, 0, 0, 0, 0, 0, 0, 0, 0.130577344, -0.14045127, -0.206860498, -0.663911674, 0.468764059, -0.582692137, -0.729736328, -0.235961914, 0.641601563, 0.163241488, 0.851211471, 0.498906832, 0, 0, -0, 0, 0, 0, 0, 0.20988999, -0.0880714844, -0.16662207, -0.311768038, 0.663593772, -0.679980216, 0.40234375, -0.556030273, -0.727172852, -0.86066772, -0.500270629, -0.0935624884, 1, 3, 5, 0, 
525.349903, 73, 0.1, 0.1, 0.225000018, -0.115, -0.019971223, 0.707093117, -0.707120444, 3.39125557e-005, 0.707120444, 0.707093118, 1.96166322e-005, -3.78506564e-005, 1.01094758e-005, 0.999999999, 0.707093344, -0.707120218, 1.70766484e-005, 0.707120218, 0.707093344, 1.94007021e-005, -2.57934131e-005, -1.64286398e-006, 1, 0, 0, 0, 0, 0, 0, 0, 0.130577344, -0.14045127, -0.206860498, -0.663911674, 0.468764059, -0.582692137, -0.729736328, -0.235961914, 0.641601563, 0.163241488, 0.851211471, 0.498906832, 0, 0, -0, 0, 0, 0, 0, 0.20988999, -0.0880714844, -0.16662207, -0.311768038, 0.663593772, -0.679980216, 0.40234375, -0.556030273, -0.727172852, -0.86066772, -0.500270629, -0.0935624884, 1, 3, 5, 0, 
525.350681, 73, 0.1, 0.1, 0.225000019, -0.115000002, -0.0199682074, 0.707092012, -0.707121549, -4.20860872e-005, 0.707121549, 0.707092013, -1.64355649e-005, 4.13806783e-005, -1.81385225e-005, 0.999999999, 0.707092252, -0.707121309, -3.25821936e-005, 0.707121309, 0.707092253, -7.66434693e-007, 2.3580579e-005, -2.24976234e-005, 0.999999999, 0, 0, 0, 0, 0, 0, 0, 0.130577344, -0.14045127, -0.206860498, -0.663911674, 0.468764059, -0.582692137, -0.729736328, -0.235961914, 0.641601563, 0.163241488, 0.851211471, 0.498906832, 0, 0, -0, 0, 0, 0, 0, 0.20988999, -0.0880714844, -0.16662207, -0.311768038, 0.663593772, -0.679980216, 0.40234375, -0.556030273, -0.727172852, -0.86066772, -0.500270629, -0.0935624884, 1, 3, 5, 0, 
525.351457, 73, 0.1, 0.1, 0.225000017, -0.114999996, -0.0199647478, 0.707090642, -0.707122919, 3.56545356e-005, 0.707122919, 0.707090643, 5.78243207e-006, -2.92998787e-005, 2.11234357e-005, 0.999999999, 0.707090947, -0.707122614, 3.2840826e-005, 0.707122615, 0.707090947, -1.59391319e-005, -1.19505302e-005, 3.44929066e-005, 0.999999999, 0, 0, 0, 0, 0, 0, 0, 0.130577344, -0.14045127, -0.206860498, -0.663911674, 0.468764059, -0.582692137, -0.729736328, -0.235961914, 0.641601563, 0.163241488, 0.851211471, 0.498906832, 0, 0, -0, 0, 0, 0, 0, 0.20988999, -0.0880714844, -0.16662207, -0.311768038, 0.663593772, -0.679980216, 0.40234375, -0.556030273, -0.727172852, -0.86066772, -0.500270629, -0.0935624884, 1, 3, 5, 0, 
525.352237, 73, 0.1, 0.1, 0.225000019, -0.114999996, -0.0199619582, 0.707088988, -0.707124573, -3.56236225e-005, 0.707124572, 0.707088989, -3.93603277e-005, 5.30217262e-005, 2.64091546e-006, 0.999999999, 0.707089309, -0.707124253, -2.33040436e-005, 0.707124252, 0.707089309, -2.44622457e-005, 3.37758873e-005, 8.18138011e-007, 0.999999999, 0, 0, 0, 0, 0, 0, 0, 0.130577344, -0.14045127, -0.206860498, -0.663911674, 0.468764059, -0.582692137, -0.729736328, -0.235961914, 0.641601563, 0.163241488, 0.851211471, 0.498906832, 0, 0, -0, 0, 0, 0, 0, 0.20988999, -0.0880714844, -0.16662207, -0.311768038, 0.663593772, -0.679980216, 0.40234375, -0.556030273, -0.727172852, -0.86066772, -0.500270629, -0.0935624884, 1, 3, 5, 0, 
525.353033, 73, 0.1, 0.1, 0.225000021, -0.114999994, -0.0199606613, 0.707087487, -0.707126074, 2.60639663e-005, 0.707126073, 0.707087488, 2.93037022e-005, -3.91509163e-005, -2.28977094e-006, 0.999999999, 0.707087832, -0.70712573, 1.85520446e-005, 0.70712573, 0.707087832, 3.31156955e-006, -1.5459621e-005, 1.07770576e-005, 1, 0, 0, 0, 0, 0, 0, 0, 0.130577344, -0.14045127, -0.206860498, -0.664940614, 0.468509819, -0.581523533, -0.729125977, -0.239135742, 0.641113281, 0.161426985, 0.850386595, 0.500822806, 0, 0, -0, 0, 0, 0, 0, 0.20988999, -0.0880714844, -0.16662207, -0.311768038, 0.663593772, -0.679980216, 0.40234375, -0.556030273, -0.727172852, -0.86066772, -0.500270629, -0.0935624884, 1, 3, 5, 0, 
525.353829, 73, 0.1, 0.1, 0.225000019, -0.114999996, -0.0199608374, 0.707086176, -0.707127384, -4.45160504e-005, 0.707127385, 0.707086177, -1.1711341e-005, 3.97580938e-005, -2.3197591e-005, 0.999999999, 0.707086372, -0.707127189, -1.24550902e-005, 0.707127189, 0.707086372, -1.57360711e-005, 1.99342283e-005, 2.31942854e-006, 1, 0, 0, 0, 0, 0, 0, 0, 0.13074248, -0.140020288, -0.207241431, -0.664940614, 0.468509819, -0.581523533, -0.729125977, -0.239135742, 0.641113281, 0.161426985, 0.850386595, 0.500822806, 0, 0, -0, 0, 0, 0, 0, 0.20994624, -0.0871960938, -0.166937451, -0.314738912, 0.664091771, -0.678025031, 0.402954102, -0.553222656, -0.728881836, -0.859261573, -0.502673141, -0.0934797328, 1, 3, 5, 0, 
525.354605, 73, 0.1, 0.1, 0.225000021, -0.114999996, -0.0199626879, 0.707085348, -0.707128212, 4.95389486e-005, 0.707128212, 0.707085349, 1.27208713e-005, -4.40235517e-005, 2.60356465e-005, 0.999999999, 0.707085502, -0.707128059, 2.46305888e-005, 0.707128059, 0.707085503, 8.48781616e-006, -2.34179052e-005, 1.14153687e-005, 1, 0, 0, 0, 0, 0, 0, 0, 0.13074248, -0.140020288, -0.207241431, -0.664940614, 0.468509819, -0.581523533, -0.729125977, -0.239135742, 0.641113281, 0.161426985, 0.850386595, 0.500822806, 0, 0, -0, 0, 0, 0, 0, 0.20994624, -0.0871960938, -0.166937451, -0.314738912, 0.664091771, -0.678025031, 0.402954102, -0.553222656, -0.728881836, -0.859261573, -0.502673141, -0.0934797328, 1, 3, 5, 0, 
525.355383, 73, 0.1, 0.1, 0.225000017, -0.114999998, -0.0199655215, 0.70708453, -0.707129031, -2.83550186e-005, 0.707129031, 0.70708453, -1.25284793e-005, 2.89086464e-005, -1.1191963e-005, 1, 0.707084718, -0.707128843, -1.72401509e-005, 0.707128843, 0.707084718, 3.00863688e-006, 1.00627533e-005, -1.43183691e-005, 1, 0, 0, 0, 0, 0, 0, 0, 0.13074248, -0.140020288, -0.207241431, -0.664940614, 0.468509819, -0.581523533, -0.729125977, -0.239135742, 0.641113281, 0.161426985, 0.850386595, 0.500822806, 0, 0, -0, 0, 0, 0, 0, 0.20994624, -0.0871960938, -0.166937451, -0.314738912, 0.664091771, -0.678025031, 0.402954102, -0.553222656, -0.728881836, -0.859261573, -0.502673141, -0.0934797328, 1, 3, 5, 0, 
525.356165, 73, 0.1, 0.1, 0.225000018, -0.114999998, -0.0199683001, 0.707083546, -0.707130015, 1.86026319e-005, 0.707130014, 0.707083547, 2.93650976e-005, -3.39185569e-005, -7.60909803e-006, 0.999999999, 0.707083738, -0.707129823, 1.2925291e-005, 0.707129823, 0.707083738, 1.26254514e-005, -1.80670963e-005, 2.12607381e-007, 1, 0, 0, 0, 0, 0, 0, 0, 0.13074248, -0.140020288, -0.207241431, -0.664940614, 0.468509819, -0.581523533, -0.729125977, -0.239135742, 0.641113281, 0.161426985, 0.850386595, 0.500822806, 0, 0, -0, 0, 0, 0, 0, 0.20994624, -0.0871960938, -0.166937451, -0.314738912, 0.664091771, -0.678025031, 0.402954102, -0.553222656, -0.728881836, -0.859261573, -0.502673141, -0.0934797328, 1, 3, 5, 0, 
525.356942, 73, 0.1, 0.1, 0.225000017, -0.114999999, -0.0199701441, 0.707082801, -0.70713076, -3.38838925e-005, 0.70713076, 0.707082801, -1.18153416e-005, 3.23137091e-005, -1.56059178e-005, 0.999999999, 0.707082904, -0.707130658, -9.93882312e-006, 0.707130658, 0.707082904, -1.29967015e-005, 1.6217938e-005, 2.16169889e-006, 1, 0, 0, 0, 0, 0, 0, 0, 0.13074248, -0.140020288, -0.207241431, -0.664940614, 0.468509819, -0.581523533, -0.729125977, -0.239135742, 0.641113281, 0.161426985, 0.850386595, 0.500822806, 0, 0, -0, 0, 0, 0, 0, 0.20994624, -0.0871960938, -0.166937451, -0.314738912, 0.664091771, -0.678025031, 0.402954102, -0.553222656, -0.728881836, -0.859261573, -0.502673141, -0.0934797328, 1, 3, 5, 0, 
525.357718, 73, 0.1, 0.1, 0.225000018, -0.114999998, -0.0199705673, 0.707082356, -0.707131205, 3.91083569e-005, 0.707131205, 0.707082356, 1.13499891e-006, -2.84554223e-005, 2.68522019e-005, 0.999999999, 0.70708244, -0.707131122, 2.00885336e-005, 0.707131122, 0.70708244, -1.95063478e-006, -1.28248948e-005, 1.55844869e-005, 1, 0, 0, 0, 0, 0, 0, 0, 0.13074248, -0.140020288, -0.207241431, -0.664940614, 0.468509819, -0.581523533, -0.729125977, -0.239135742, 0.641113281, 0.161426985, 0.850386595, 0.500822806, 0, 0, -0, 0, 0, 0, 0, 0.20994624, -0.0871960938, -0.166937451, -0.314738912, 0.664091771, -0.678025031, 0.402954102, -0.553222656, -0.728881836, -0.859261573, -0.502673141, -0.0934797328, 1, 3, 5, 0, 
525.358534, 73, 0.1, 0.1, 0.225000016, -0.114999997, -0.0199690537, 0.707081854, -0.707131707, -3.06690001e-005, 0.707131706, 0.707081855, -2.08650035e-005, 3.6439799e-005, -6.93375704e-006, 0.999999999, 0.707081982, -0.707131579, -2.1205607e-005, 0.707131579, 0.707081983, -7.26133115e-006, 2.01288192e-005, -9.86079794e-006, 1, 0, 0, 0, 0, 0, 0, 0, 0.131262451, -0.140283569, -0.206702563, -0.663355264, 0.467704039, -0.584093641, -0.731201172, -0.239379883, 0.638671875, 0.158951236, 0.850761402, 0.500982687, 0, 0, -0, 0, 0, 0, 0, 0.210326807, -0.0865270996, -0.167111377, -0.316080526, 0.664647374, -0.676926219, 0.404418945, -0.551025391, -0.729858398, -0.858175155, -0.504455886, -0.0945916702, 1, 3, 5, 0, 
525.359311, 73, 0.1, 0.1, 0.225000016, -0.114999996, -0.0199666029, 0.707081206, -0.707132355, 2.13898852e-005, 0.707132354, 0.707081207, 3.17076021e-005, -3.75458571e-005, -7.29436967e-006, 0.999999999, 0.707081337, -0.707132225, 1.5245145e-005, 0.707132225, 0.707081337, 1.32360145e-005, -2.01391699e-005, 1.42139451e-006, 1, 0, 0, 0, 0, 0, 0, 0, 0.131262451, -0.140283569, -0.206702563, -0.663355264, 0.467704039, -0.584093641, -0.731201172, -0.239379883, 0.638671875, 0.158951236, 0.850761402, 0.500982687, 0, 0, -0, 0, 0, 0, 0, 0.210326807, -0.0865270996, -0.167111377, -0.316080526, 0.664647374, -0.676926219, 0.404418945, -0.551025391, -0.729858398, -0.858175155, -0.504455886, -0.0945916702, 1, 3, 5, 0, 
525.360102, 73, 0.1, 0.1, 0.225000015, -0.114999997, -0.0199640091, 0.707080751, -0.707132809, -4.18308364e-005, 0.707132809, 0.707080752, -1.24911559e-005, 3.84106855e-005, -2.0747701e-005, 0.999999999, 0.707080793, -0.707132769, -1.35414998e-005, 0.707132768, 0.707080793, -1.57849456e-005, 2.07369867e-005, 1.58559362e-006, 1, 0, 0, 0, 0, 0, 0, 0, 0.131262451, -0.140283569, -0.206702563, -0.663355264, 0.467704039, -0.584093641, -0.731201172, -0.239379883, 0.638671875, 0.158951236, 0.850761402, 0.500982687, 0, 0, -0, 0, 0, 0, 0, 0.210326807, -0.0865270996, -0.167111377, -0.316080526, 0.664647374, -0.676926219, 0.404418945, -0.551025391, -0.729858398, -0.858175155, -0.504455886, -0.0945916702, 1, 3, 5, 0, 
525.360897, 73, 0.1, 0.1, 0.225000015, -0.114999998, -0.0199621355, 0.707080621, -0.707132937, 6.14447703e-005, 0.707132938, 0.707080623, 9.21481687e-006, -4.9962507e-005, 3.69340025e-005, 0.999999998, 0.707080643, -0.707132917, 3.67914514e-005, 0.707132917, 0.707080644, 5.62866294e-006, -2.9994736e-005, 2.20365278e-005, 0.999999999, 0, 0, 0, 0, 0, 0, 0, 0.131262451, -0.140283569, -0.206702563, -0.663355264, 0.467704039, -0.584093641, -0.731201172, -0.239379883, 0.638671875, 0.158951236, 0.850761402, 0.500982687, 0, 0, -0, 0, 0, 0, 0, 0.2109521, -0.0860911133, -0.167298486, -0.317032416, 0.664909133, -0.676095731, 0.405639648, -0.549316406, -0.73046875, -0.857293261, -0.505778544, -0.0954863241, 1, 3, 5, 0, 
525.361722, 73, 0.1, 0.1, 0.225000014, -0.115000001, -0.0199613426, 0.707080499, -0.707133058, -7.31844566e-005, 0.707133061, 0.707080501, 1.24056406e-005, 4.29748637e-005, -6.05229353e-005, 0.999999997, 0.707080528, -0.707133032, -3.74174904e-005, 0.707133033, 0.707080528, 1.32688897e-005, 1.70743086e-005, -3.58413171e-005, 0.999999999, 0, 0, 0, 0, 0, 0, 0, 0.131262451, -0.140283569, -0.206702563, -0.663355264, 0.467704039, -0.584093641, -0.731201172, -0.239379883, 0.638671875, 0.158951236, 0.850761402, 0.500982687, 0, 0, -0, 0, 0, 0, 0, 0.2109521, -0.0860911133, -0.167298486, -0.317032416, 0.664909133, -0.676095731, 0.405639648, -0.549316406, -0.73046875, -0.857293261, -0.505778544, -0.0954863241, 1, 3, 5, 0, 
525.362515, 73, 0.1, 0.1, 0.225000022, -0.115000001, -0.0199615156, 0.707080348, -0.707133212, 3.53159989e-005, 0.707133213, 0.707080349, -5.01197743e-006, -2.14271131e-005, 2.85169865e-005, 0.999999999, 0.707080379, -0.707133183, 7.16132316e-006, 0.707133183, 0.707080379, -9.94194485e-007, -4.36060318e-006, 5.76698465e-006, 1, 0, 0, 0, 0, 0, 0, 0, 0.131262451, -0.140283569, -0.206702563, -0.663355264, 0.467704039, -0.584093641, -0.731201172, -0.239379883, 0.638671875, 0.158951236, 0.850761402, 0.500982687, 0, 0, -0, 0, 0, 0, 0, 0.2109521, -0.0860911133, -0.167298486, -0.317032416, 0.664909133, -0.676095731, 0.405639648, -0.549316406, -0.73046875, -0.857293261, -0.505778544, -0.0954863241, 1, 3, 5, 0, 
525.363323, 73, 0.1, 0.1, 0.22500002, -0.115000001, -0.0199628047, 0.70708032, -0.707133241, -3.66119584e-005, 0.707133242, 0.70708032, 1.96525989e-005, 1.19905893e-005, -3.97854987e-005, 0.999999999, 0.70708029, -0.70713327, -2.76196937e-005, 0.707133271, 0.707080291, 4.11159952e-006, 1.66218922e-005, -2.24380353e-005, 1, 0, 0, 0, 0, 0, 0, 0, 0.132025806, -0.140753857, -0.206157471, -0.661483473, 0.467196682, -0.58647391, -0.733032227, -0.237915039, 0.637207031, 0.158283997, 0.851459719, 0.500000174, 0, 0, -0, 0, 0, 0, 0, 0.2109521, -0.0860911133, -0.167298486, -0.317032416, 0.664909133, -0.676095731, 0.405639648, -0.549316406, -0.73046875, -0.857293261, -0.505778544, -0.0954863241, 1, 3, 5, 0, 
525.364118, 73, 0.1, 0.1, 0.225000022, -0.115, -0.019964816, 0.707080626, -0.707132935, 1.28159873e-005, 0.707132935, 0.707080624, -5.31447286e-005, 2.85184516e-005, 4.66402147e-005, 0.999999999, 0.707080563, -0.707132998, 4.07290766e-006, 0.707132998, 0.707080563, -3.31421969e-005, 2.05560672e-005, 2.63142906e-005, 0.999999999, 0, 0, 0, 0, 0, 0, 0, 0.132025806, -0.140753857, -0.206157471, -0.661483473, 0.467196682, -0.58647391, -0.733032227, -0.237915039, 0.637207031, 0.158283997, 0.851459719, 0.500000174, 0, 0, -0, 0, 0, 0, 0, 0.2109521, -0.0860911133, -0.167298486, -0.317032416, 0.664909133, -0.676095731, 0.405639648, -0.549316406, -0.73046875, -0.857293261, -0.505778544, -0.0954863241, 1, 3, 5, 0, 
525.365013, 73, 0.1, 0.1, 0.225000017, -0.115000002, -0.0199663867, 0.707080718, -0.707132843, 3.98466674e-007, 0.707132842, 0.707080717, 5.63201315e-005, -4.01075628e-005, -3.95411102e-005, 0.999999998, 0.707080748, -0.707132813, 1.38260947e-005, 0.707132812, 0.707080748, 4.27700407e-005, -4.00202646e-005, -2.04649871e-005, 0.999999999, 0, 0, 0, 0, 0, 0, 0, 0.132025806, -0.140753857, -0.206157471, -0.661483473, 0.467196682, -0.58647391, -0.733032227, -0.237915039, 0.637207031, 0.158283997, 0.851459719, 0.500000174, 0, 0, -0, 0, 0, 0, 0, 0.2109521, -0.0860911133, -0.167298486, -0.317032416, 0.664909133, -0.676095731, 0.405639648, -0.549316406, -0.73046875, -0.857293261, -0.505778544, -0.0954863241, 1, 3, 5, 0, 
525.365829, 73, 0.1, 0.1, 0.225000022, -0.114999999, -0.0199662652, 0.707080341, -0.70713322, -1.8677111e-005, 0.707133218, 0.70708034, -6.6922968e-005, 6.05296719e-005, 3.41127094e-005, 0.999999998, 0.707080447, -0.707133113, -2.70307462e-005, 0.707133112, 0.707080448, -5.0242693e-005, 5.4641184e-005, 1.64112902e-005, 0.999999998, 0, 0, 0, 0, 0, 0, 0, 0.1325177, -0.141218042, -0.205786792, -0.660601309, 0.466809893, -0.587889641, -0.733764648, -0.236328125, 0.63684082, 0.15839146, 0.85213894, 0.498864892, 0, 0, -0, 0, 0, 0, 0, 0.211231494, -0.0864873047, -0.167306787, -0.315984644, 0.665267141, -0.676217133, 0.404907227, -0.549926758, -0.73034668, -0.857919592, -0.504513488, -0.0954990839, 1, 3, 5, 0, 
525.366614, 73, 0.1, 0.1, 0.22500002, -0.114999999, -0.0199658845, 0.707079717, -0.707133844, 2.30763289e-005, 0.707133841, 0.707079717, 7.05451207e-005, -6.62016465e-005, -3.35629708e-005, 0.999999997, 0.707079841, -0.70713372, 1.64531776e-005, 0.70713372, 0.707079841, 3.89252804e-005, -3.91590885e-005, -1.58886844e-005, 0.999999999, 0, 0, 0, 0, 0, 0, 0, 0.1325177, -0.141218042, -0.205786792, -0.660601309, 0.466809893, -0.587889641, -0.733764648, -0.236328125, 0.63684082, 0.15839146, 0.85213894, 0.498864892, 0, 0, -0, 0, 0, 0, 0, 0.211231494, -0.0864873047, -0.167306787, -0.315984644, 0.665267141, -0.676217133, 0.404907227, -0.549926758, -0.73034668, -0.857919592, -0.504513488, -0.0954990839, 1, 3, 5, 0, 
525.367397, 73, 0.1, 0.1, 0.225000013, -0.115000008, -0.0199655265, 0.707079235, -0.707134326, 1.62153929e-005, 0.707134326, 0.707079235, -2.35039134e-005, 5.1548563e-006, 2.80855901e-005, 1, 0.70707929, -0.707134271, 3.32043089e-005, 0.707134271, 0.707079291, 1.49937105e-005, -3.40806457e-005, 1.28781625e-005, 0.999999999, 0, 0, 0, 0, 0, 0, 0, 0.1325177, -0.141218042, -0.205786792, -0.660601309, 0.466809893, -0.587889641, -0.733764648, -0.236328125, 0.63684082, 0.15839146, 0.85213894, 0.498864892, 0, 0, -0, 0, 0, 0, 0, 0.211231494, -0.0864873047, -0.167306787, -0.315984644, 0.665267141, -0.676217133, 0.404907227, -0.549926758, -0.73034668, -0.857919592, -0.504513488, -0.0954990839, 1, 3, 5, 0, 
525.368181, 73, 0.1, 0.1, 0.225000018, -0.115000004, -0.0199653147, 0.707079237, -0.707134324, -3.55803189e-005, 0.707134325, 0.707079236, 3.28022384e-005, 1.96251607e-006, -4.83538465e-005, 0.999999999, 0.707079192, -0.707134368, -4.15032019e-005, 0.707134369, 0.707079193, 2.62192023e-006, 2.74920006e-005, -3.12022457e-005, 0.999999999, 0, 0, 0, 0, 0, 0, 0, 0.1325177, -0.141218042, -0.205786792, -0.660601309, 0.466809893, -0.587889641, -0.733764648, -0.236328125, 0.63684082, 0.15839146, 0.85213894, 0.498864892, 0, 0, -0, 0, 0, 0, 0, 0.211231494, -0.0864873047, -0.167306787, -0.315984644, 0.665267141, -0.676217133, 0.404907227, -0.549926758, -0.73034668, -0.857919592, -0.504513488, -0.0954990839, 1, 3, 5, 0, 
525.368999, 73, 0.1, 0.1, 0.225000012, -0.115000015, -0.0199651027, 0.707079861, -0.707133698, 5.20949163e-005, 0.707133699, 0.707079862, 3.66602655e-006, -3.94276372e-005, 3.42458973e-005, 0.999999999, 0.707079684, -0.707133875, 5.24010169e-005, 0.707133875, 0.707079686, 3.1925277e-005, -5.96271394e-005, 1.44808194e-005, 0.999999998, 0, 0, 0, 0, 0, 0, 0, 0.1325177, -0.141218042, -0.205786792, -0.660601309, 0.466809893, -0.587889641, -0.733764648, -0.236328125, 0.63684082, 0.15839146, 0.85213894, 0.498864892, 0, 0, -0, 0, 0, 0, 0, 0.211231494, -0.0864873047, -0.167306787, -0.315984644, 0.665267141, -0.676217133, 0.404907227, -0.549926758, -0.73034668, -0.857919592, -0.504513488, -0.0954990839, 1, 3, 5, 0, 
525.369784, 73, 0.1, 0.1, 0.225000018, -0.115000006, -0.0199648766, 0.707081053, -0.707132505, -7.40166382e-005, 0.707132505, 0.707081056, -2.45404977e-005, 6.96891463e-005, -3.49874498e-005, 0.999999997, 0.707080778, -0.707132781, -6.36370624e-005, 0.70713278, 0.707080781, -3.82311235e-005, 7.20310244e-005, -1.79673603e-005, 0.999999997, 0, 0, 0, 0, 0, 0, 0, 0.1325177, -0.141218042, -0.205786792, -0.660601309, 0.466809893, -0.587889641, -0.733764648, -0.236328125, 0.63684082, 0.15839146, 0.85213894, 0.498864892, 0, 0, -0, 0, 0, 0, 0, 0.211231494, -0.0864873047, -0.167306787, -0.315984644, 0.665267141, -0.676217133, 0.404907227, -0.549926758, -0.73034668, -0.857919592, -0.504513488, -0.0954990839, 1, 3, 5, 0, 
525.370595, 73, 0.1, 0.1, 0.225000016, -0.115000008, -0.0199646922, 0.707082666, -0.707130893, 6.90504492e-005, 0.707130894, 0.707082668, 1.02454309e-005, -5.60692365e-005, 4.15833393e-005, 0.999999998, 0.707082338, -0.707131222, 4.90679758e-005, 0.707131222, 0.707082339, 1.55946336e-005, -4.57225514e-005, 2.36708077e-005, 0.999999999, 0, 0, 0, 0, 0, 0, 0, 0.13238208, -0.140772168, -0.206747852, -0.663272888, 0.46683498, -0.584906534, -0.731323242, -0.238525391, 0.638793945, 0.158691005, 0.851517007, 0.499751926, 0, 0, -0, 0, 0, 0, 0, 0.211453027, -0.0865205078, -0.167109912, -0.315971885, 0.664781535, -0.676753779, 0.404785156, -0.55065918, -0.729858398, -0.858040994, -0.504564528, -0.0950645168, 1, 3, 5, 0, 
525.371376, 73, 0.1, 0.1, 0.225000014, -0.115000007, -0.0199648095, 0.707084306, -0.707129253, -6.10801202e-005, 0.707129254, 0.707084308, -1.81221646e-005, 5.60035073e-005, -3.03776416e-005, 0.999999998, 0.707083997, -0.707129564, -3.07265005e-005, 0.707129564, 0.707083998, -1.39464175e-005, 3.15881409e-005, -1.18663282e-005, 0.999999999, 0, 0, 0, 0, 0, 0, 0, 0.13238208, -0.140772168, -0.206747852, -0.663272888, 0.46683498, -0.584906534, -0.731323242, -0.238525391, 0.638793945, 0.158691005, 0.851517007, 0.499751926, 0, 0, -0, 0, 0, 0, 0, 0.211453027, -0.0865205078, -0.167109912, -0.315971885, 0.664781535, -0.676753779, 0.404785156, -0.55065918, -0.729858398, -0.858040994, -0.504564528, -0.0950645168, 1, 3, 5, 0, 
525.372161, 73, 0.1, 0.1, 0.22500002, -0.115000002, -0.0199652626, 0.707085701, -0.70712786, 3.89221678e-005, 0.70712786, 0.707085701, -4.29783096e-006, -2.44821923e-005, 3.0561884e-005, 0.999999999, 0.707085474, -0.707128088, -4.25445249e-007, 0.707128088, 0.707085474, -2.21736659e-005, 1.59804481e-005, 1.53778328e-005, 1, 0, 0, 0, 0, 0, 0, 0, 0.13238208, -0.140772168, -0.206747852, -0.663272888, 0.46683498, -0.584906534, -0.731323242, -0.238525391, 0.638793945, 0.158691005, 0.851517007, 0.499751926, 0, 0, -0, 0, 0, 0, 0, 0.211453027, -0.0865205078, -0.167109912, -0.315971885, 0.664781535, -0.676753779, 0.404785156, -0.55065918, -0.729858398, -0.858040994, -0.504564528, -0.0950645168, 1, 3, 5, 0, 
525.372946, 73, 0.1, 0.1, 0.225000012, -0.115000011, -0.0199658438, 0.707086495, -0.707127066, -1.73605172e-005, 0.707127066, 0.707086494, 4.84032354e-005, -2.19518506e-005, -4.65013657e-005, 0.999999999, 0.707086392, -0.70712717, 1.40107852e-005, 0.707127168, 0.707086391, 5.46049624e-005, -4.85194881e-005, -2.8703019e-005, 0.999999998, 0, 0, 0, 0, 0, 0, 0, 0.13238208, -0.140772168, -0.206747852, -0.663272888, 0.46683498, -0.584906534, -0.731323242, -0.238525391, 0.638793945, 0.158691005, 0.851517007, 0.499751926, 0, 0, -0, 0, 0, 0, 0, 0.211453027, -0.0865205078, -0.167109912, -0.315971885, 0.664781535, -0.676753779, 0.404785156, -0.55065918, -0.729858398, -0.858040994, -0.504564528, -0.0950645168, 1, 3, 5, 0, 
525.373727, 73, 0.1, 0.1, 0.22500002, -0.115000007, -0.0199664459, 0.707086581, -0.707126981, -3.85816295e-006, 0.70712698, 0.70708658, -4.37175986e-005, 3.36419488e-005, 2.81839162e-005, 0.999999999, 0.707086613, -0.707126948, -2.73068629e-005, 0.707126947, 0.707086614, -4.09475686e-005, 4.82634465e-005, 9.64405902e-006, 0.999999999, 0, 0, 0, 0, 0, 0, 0, 0.13238208, -0.140772168, -0.206747852, -0.663272888, 0.46683498, -0.584906534, -0.731323242, -0.238525391, 0.638793945, 0.158691005, 0.851517007, 0.499751926, 0, 0, -0, 0, 0, 0, 0, 0.211453027, -0.0865205078, -0.167109912, -0.315971885, 0.664781535, -0.676753779, 0.404785156, -0.55065918, -0.729858398, -0.858040994, -0.504564528, -0.0950645168, 1, 3, 5, 0, 
525.374504, 73, 0.1, 0.1, 0.225000013, -0.115000012, -0.0199668712, 0.70708606, -0.707127502, 1.61026018e-005, 0.7071275, 0.707086059, 6.214944e-005, -5.53335035e-005, -3.25584101e-005, 0.999999998, 0.707086203, -0.707127358, 2.99858873e-005, 0.707127356, 0.707086204, 5.43278715e-005, -5.96193314e-005, -1.72106472e-005, 0.999999998, 0, 0, 0, 0, 0, 0, 0, 0.13238208, -0.140772168, -0.206747852, -0.663272888, 0.46683498, -0.584906534, -0.731323242, -0.238525391, 0.638793945, 0.158691005, 0.851517007, 0.499751926, 0, 0, -0, 0, 0, 0, 0, 0.211453027, -0.0865205078, -0.167109912, -0.315971885, 0.664781535, -0.676753779, 0.404785156, -0.55065918, -0.729858398, -0.858040994, -0.504564528, -0.0950645168, 1, 3, 5, 0, 
525.375324, 73, 0.1, 0.1, 0.225000017, -0.115000009, -0.019966576, 0.707085066, -0.707128496, -1.93452017e-005, 0.707128492, 0.707085065, -7.9741273e-005, 7.00660296e-005, 4.27043199e-005, 0.999999997, 0.707085284, -0.707128277, -2.44802146e-005, 0.707128275, 0.707085284, -5.99993552e-005, 5.97368402e-005, 2.51140092e-005, 0.999999998, 0, 0, 0, 0, 0, 0, 0, 0.13245835, -0.140103662, -0.207465527, -0.666072148, 0.466885155, -0.581636987, -0.729003906, -0.243041992, 0.639770508, 0.157404077, 0.850273141, 0.502447471, 0, 0, -0, 0, 0, 0, 0, 0.211160205, -0.0865124512, -0.16704668, -0.317102778, 0.665088137, -0.675942247, 0.404541016, -0.549804688, -0.730712891, -0.857791627, -0.505146016, -0.0946109932, 1, 3, 5, 0, 
