time, trialNum, realDorsalTactorPos, realVentralTactorPos, box1PosX, box1PosY, box1PosZ, box1LocalRot_11, box1LocalRot_12, box1LocalRot_13, box1LocalRot_21, box1LocalRot_22, box1LocalRot_23, box1LocalRot_31, box1LocalRot_32, box1LocalRot_33, box1GlobalRot_11, box1GlobalRot_12, box1GlobalRot_13, box1GlobalRot_21, box1GlobalRot_22, box1GlobalRot_23, box1GlobalRot_31, box1GlobalRot_32, box1GlobalRot_33, indexForceX, indexForceY, indexForceZ, indexForceGlobalX, indexForceGlobalY, indexForceGlobalZ, indexContact, indexPosX, indexPosY, indexPosZ, indexRot_11, indexRot_12, indexRot_13, indexRot_21, indexRot_22, indexRot_23, indexRot_31, indexRot_32, indexRot_33, thumbForceX, thumbForceY, thumbForceZ, thumbForceGlobalX, thumbForceGlobalY, thumbForceGlobalZ, thumbContact, thumbPosX, thumbPosY, thumbPosZ, thumbRot_11, thumbRot_12, thumbRot_13, thumbRot_21, thumbRot_22, thumbRot_23, thumbRot_31, thumbRot_32, thumbRot_33, manipForceTooHigh, cceExpType, mapping, trialSuccess, 
498.960436, 68, 0.1, 0.1, 0.0207816929, 0.354609133, -0.0199620065, 0.854961746, -0.518691057, 8.3890716e-006, 0.518691057, 0.854961746, 2.04973652e-005, -1.78041353e-005, -1.31731268e-005, 1, 0.854961768, -0.51869102, -1.19492013e-005, 0.51869102, 0.854961768, 1.43557529e-006, 9.47149026e-006, -7.42530541e-006, 1, 0, 0, 0, 0, 0, 0, 0, 0.166806592, -0.0903930176, -0.269654321, -0.108253918, 0.156568519, -0.981732223, -0.979492187, 0.151489258, 0.132202148, 0.169410999, 0.976049467, 0.137075911, 0, 0, -0, 0, 0, 0, 0, 0.220770898, -0.0187003418, -0.242354492, 0.0622192128, 0.163058682, -0.984648655, 0.503295898, -0.856933594, -0.110107422, -0.861742427, -0.488684549, -0.135403848, 0, 3, 5, 1, 
498.985966, 68, 0.1, 0.1, 0.0207816271, 0.35460908, -0.0199651868, 0.854960938, -0.518692389, 5.31050908e-006, 0.518692389, 0.854960936, -6.78317748e-005, 3.06435475e-005, 6.07480384e-005, 0.999999998, 0.854960759, -0.518692685, 1.59329882e-005, 0.518692684, 0.854960756, -6.7162706e-005, 2.12147247e-005, 6.56858025e-005, 0.999999998, 0, 0, 0, 0, 0, 0, 0, 0.177866357, -0.103537329, -0.265244922, -0.0964368061, 0.135000055, -0.986100721, -0.982788086, 0.143676758, 0.115722656, 0.157404814, 0.980330719, 0.118858247, 0, 0, -0, 0, 0, 0, 0, 0.230922119, -0.0315266602, -0.238522168, 0.0738369531, 0.140475418, -0.987293971, 0.520019531, -0.850097656, -0.08203125, -0.850824679, -0.507382927, -0.135927368, 0, 3, 5, 1, 
498.98675, 68, 0.1, 0.1, 0.0207816271, 0.354609074, -0.019962597, 0.854961855, -0.518690878, -9.87415999e-006, 0.518690877, 0.854961852, 7.59939342e-005, -3.09753303e-005, -7.00935516e-005, 0.999999997, 0.854961687, -0.518691154, -4.76319787e-006, 0.518691153, 0.854961685, 6.5637296e-005, -2.99731331e-005, -5.8588002e-005, 0.999999998, 0, 0, 0, 0, 0, 0, 0, 0.177866357, -0.103537329, -0.265244922, -0.0964368061, 0.135000055, -0.986100721, -0.982788086, 0.143676758, 0.115722656, 0.157404814, 0.980330719, 0.118858247, 0, 0, -0, 0, 0, 0, 0, 0.230922119, -0.0315266602, -0.238522168, 0.0738369531, 0.140475418, -0.987293971, 0.520019531, -0.850097656, -0.08203125, -0.850824679, -0.507382927, -0.135927368, 0, 3, 5, 1, 
498.987532, 68, 0.1, 0.1, 0.0207816275, 0.354609071, -0.0199612905, 0.854962462, -0.518689876, 3.29956571e-005, 0.518689877, 0.854962461, -4.31236945e-005, -5.84222446e-006, 5.39836534e-005, 0.999999999, 0.854962392, -0.518689992, 4.37154436e-006, 0.518689992, 0.854962392, -2.82297495e-005, 1.09049825e-005, 2.64028505e-005, 1, 0, 0, 0, 0, 0, 0, 0, 0.177866357, -0.103537329, -0.265244922, -0.0964368061, 0.135000055, -0.986100721, -0.982788086, 0.143676758, 0.115722656, 0.157404814, 0.980330719, 0.118858247, 0, 0, -0, 0, 0, 0, 0, 0.230922119, -0.0315266602, -0.238522168, 0.0738369531, 0.140475418, -0.987293971, 0.520019531, -0.850097656, -0.08203125, -0.850824679, -0.507382927, -0.135927368, 0, 3, 5, 1, 
498.988346, 68, 0.1, 0.1, 0.0207816231, 0.354609076, -0.0199615223, 0.854962863, -0.518689215, -2.12466211e-005, 0.518689216, 0.854962863, 2.88148943e-005, 3.21909713e-006, -3.56560578e-005, 0.999999999, 0.854962766, -0.518689376, -6.96757983e-007, 0.518689376, 0.854962766, -1.39289451e-005, 7.82049796e-006, 1.15473284e-005, 1, 0, 0, 0, 0, 0, 0, 0, 0.17884978, -0.104203027, -0.264808691, -0.0945088491, 0.135057343, -0.986347847, -0.983276367, 0.141357422, 0.113647461, 0.154751209, 0.980692422, 0.119638939, 0, 0, -0, 0, 0, 0, 0, 0.230922119, -0.0315266602, -0.238522168, 0.076124627, 0.138992713, -0.987275014, 0.522338867, -0.848999023, -0.0792236328, -0.849234065, -0.509625391, -0.137275545, 0, 3, 5, 1, 
498.989128, 68, 0.1, 0.1, 0.0207816285, 0.354609064, -0.0199628817, 0.854963342, -0.518688426, -2.98138564e-005, 0.518688427, 0.854963342, 7.64755861e-006, 2.15230542e-005, -2.20024845e-005, 1, 0.854963273, -0.518688539, -3.91475744e-005, 0.51868854, 0.854963272, 3.81336949e-005, 1.36902278e-005, -5.29083069e-005, 0.999999999, 0, 0, 0, 0, 0, 0, 0, 0.17884978, -0.104203027, -0.264808691, -0.0945088491, 0.135057343, -0.986347847, -0.983276367, 0.141357422, 0.113647461, 0.154751209, 0.980692422, 0.119638939, 0, 0, -0, 0, 0, 0, 0, 0.232223145, -0.0327881348, -0.237879541, 0.076124627, 0.138992713, -0.987275014, 0.522338867, -0.848999023, -0.0792236328, -0.849234065, -0.509625391, -0.137275545, 0, 3, 5, 1, 
498.989915, 68, 0.1, 0.1, 0.0207816221, 0.354609072, -0.0199651453, 0.854963487, -0.518688186, 2.78501304e-005, 0.518688187, 0.854963487, -3.95721341e-005, -3.28524611e-006, 4.82782634e-005, 0.999999999, 0.854963457, -0.518688236, 3.10300541e-005, 0.518688237, 0.854963455, -5.37700076e-005, 1.36030814e-006, 6.20663156e-005, 0.999999998, 0, 0, 0, 0, 0, 0, 0, 0.17884978, -0.104203027, -0.264808691, -0.0945088491, 0.135057343, -0.986347847, -0.983276367, 0.141357422, 0.113647461, 0.154751209, 0.980692422, 0.119638939, 0, 0, -0, 0, 0, 0, 0, 0.232223145, -0.0327881348, -0.237879541, 0.076124627, 0.138992713, -0.987275014, 0.522338867, -0.848999023, -0.0792236328, -0.849234065, -0.509625391, -0.137275545, 0, 3, 5, 1, 
498.990699, 68, 0.1, 0.1, 0.0207816239, 0.354609066, -0.0199675054, 0.854963622, -0.518687965, -1.15749145e-005, 0.518687965, 0.854963621, 4.74576993e-005, -1.47196067e-005, -4.65783753e-005, 0.999999999, 0.854963588, -0.51868802, -2.6022885e-005, 0.51868802, 0.854963587, 4.14563268e-005, 7.4571908e-007, -4.89414086e-005, 0.999999999, 0, 0, 0, 0, 0, 0, 0, 0.17884978, -0.104203027, -0.264808691, -0.0945088491, 0.135057343, -0.986347847, -0.983276367, 0.141357422, 0.113647461, 0.154751209, 0.980692422, 0.119638939, 0, 0, -0, 0, 0, 0, 0, 0.232223145, -0.0327881348, -0.237879541, 0.076124627, 0.138992713, -0.987275014, 0.522338867, -0.848999023, -0.0792236328, -0.849234065, -0.509625391, -0.137275545, 0, 3, 5, 1, 
498.991487, 68, 0.1, 0.1, 0.0207816207, 0.354609069, -0.0199691274, 0.854963871, -0.518687554, 2.20836271e-005, 0.518687554, 0.854963869, -5.6897454e-005, 1.0631298e-005, 6.00997701e-005, 0.999999998, 0.854963829, -0.518687623, 1.4176363e-005, 0.518687623, 0.854963828, -5.05938968e-005, 1.41221505e-005, 5.06090558e-005, 0.999999999, 0, 0, 0, 0, 0, 0, 0, 0.17884978, -0.104203027, -0.264808691, -0.0945088491, 0.135057343, -0.986347847, -0.983276367, 0.141357422, 0.113647461, 0.154751209, 0.980692422, 0.119638939, 0, 0, -0, 0, 0, 0, 0, 0.232223145, -0.0327881348, -0.237879541, 0.076124627, 0.138992713, -0.987275014, 0.522338867, -0.848999023, -0.0792236328, -0.849234065, -0.509625391, -0.137275545, 0, 3, 5, 1, 
498.992269, 68, 0.1, 0.1, 0.0207816183, 0.35460907, -0.0199695531, 0.854963986, -0.518687365, -2.54929236e-005, 0.518687365, 0.854963985, 3.04732357e-005, 5.98944928e-006, -3.92763764e-005, 0.999999999, 0.854963973, -0.518687386, -7.85550182e-006, 0.518687386, 0.854963973, 1.51370015e-005, -1.1352007e-006, -1.70161407e-005, 1, 0, 0, 0, 0, 0, 0, 0, 0.17884978, -0.104203027, -0.264808691, -0.0945088491, 0.135057343, -0.986347847, -0.983276367, 0.141357422, 0.113647461, 0.154751209, 0.980692422, 0.119638939, 0, 0, -0, 0, 0, 0, 0, 0.232223145, -0.0327881348, -0.237879541, 0.076124627, 0.138992713, -0.987275014, 0.522338867, -0.848999023, -0.0792236328, -0.849234065, -0.509625391, -0.137275545, 0, 3, 5, 1, 
498.99307, 68, 0.1, 0.1, 0.0207816196, 0.354609064, -0.0199686812, 0.854964167, -0.518687067, 6.21016909e-007, 0.518687066, 0.854964167, -3.20739847e-005, 1.61054138e-005, 2.7744221e-005, 0.999999999, 0.854964111, -0.51868716, -1.08366777e-006, 0.51868716, 0.85496411, 1.10161487e-005, -4.78743782e-006, -9.98049631e-006, 1, 0, 0, 0, 0, 0, 0, 0, 0.17884978, -0.104203027, -0.264808691, -0.0925666657, 0.135520517, -0.986474406, -0.983398437, 0.142089844, 0.111816406, 0.155308741, 0.98049547, 0.120400536, 0, 0, -0, 0, 0, 0, 0, 0.232223145, -0.0327881348, -0.237879541, 0.076124627, 0.138992713, -0.987275014, 0.522338867, -0.848999023, -0.0792236328, -0.849234065, -0.509625391, -0.137275545, 0, 3, 5, 1, 
498.993869, 68, 0.1, 0.1, 0.020781614, 0.354609072, -0.0199665748, 0.854964296, -0.518686854, 3.03598748e-005, 0.518686854, 0.854964296, 9.2668538e-006, -3.07632043e-005, 7.82443882e-006, 0.999999999, 0.854964297, -0.518686851, 3.49411646e-005, 0.518686852, 0.854964297, -2.16236242e-005, -1.86575587e-005, 3.66109494e-005, 0.999999999, 0, 0, 0, 0, 0, 0, 0, 0.179843701, -0.105519409, -0.264812842, -0.0925666657, 0.135520517, -0.986474406, -0.983398437, 0.142089844, 0.111816406, 0.155308741, 0.98049547, 0.120400536, 0, 0, -0, 0, 0, 0, 0, 0.232420264, -0.033758252, -0.237877588, 0.0754027806, 0.138468461, -0.987472975, 0.524169922, -0.847900391, -0.0788574219, -0.84820525, -0.511644376, -0.136559895, 0, 3, 5, 1, 
498.994729, 68, 0.1, 0.1, 0.0207816191, 0.35460906, -0.0199639835, 0.854963982, -0.51868737, -3.13887969e-005, 0.518687371, 0.854963982, 2.45237914e-005, 1.41161099e-005, -3.72479309e-005, 0.999999999, 0.854964099, -0.518687177, -4.68215299e-005, 0.518687179, 0.854964098, 4.45213084e-005, 1.69380953e-005, -6.23498475e-005, 0.999999998, 0, 0, 0, 0, 0, 0, 0, 0.179843701, -0.105519409, -0.264812842, -0.0925666657, 0.135520517, -0.986474406, -0.983398437, 0.142089844, 0.111816406, 0.155308741, 0.98049547, 0.120400536, 0, 0, -0, 0, 0, 0, 0, 0.232420264, -0.033758252, -0.237877588, 0.0754027806, 0.138468461, -0.987472975, 0.524169922, -0.847900391, -0.0788574219, -0.84820525, -0.511644376, -0.136559895, 0, 3, 5, 1, 
498.995659, 68, 0.1, 0.1, 0.0207816165, 0.35460906, -0.0199593844, 0.854963571, -0.51868805, -1.85590505e-006, 0.51868805, 0.85496357, 2.38101236e-005, -1.07632954e-005, -2.13194241e-005, 1, 0.854963622, -0.518687964, -1.35595127e-006, 0.518687964, 0.854963622, -1.0023309e-005, 6.35825877e-006, 7.866249e-006, 1, 0, 0, 0, 0, 0, 0, 0, 0.179843701, -0.105519409, -0.264812842, -0.0925666657, 0.135520517, -0.986474406, -0.983398437, 0.142089844, 0.111816406, 0.155308741, 0.98049547, 0.120400536, 0, 0, -0, 0, 0, 0, 0, 0.232420264, -0.033758252, -0.237877588, 0.0754027806, 0.138468461, -0.987472975, 0.524169922, -0.847900391, -0.0788574219, -0.84820525, -0.511644376, -0.136559895, 0, 3, 5, 1, 
498.996444, 68, 0.1, 0.1, 0.0207816162, 0.354609059, -0.0199573093, 0.854963283, -0.518688523, 1.26281579e-005, 0.518688523, 0.854963282, -3.99611421e-005, 9.9307745e-006, 4.07153898e-005, 0.999999999, 0.854963344, -0.518688424, 2.26618036e-006, 0.518688423, 0.854963344, -2.68918003e-005, 1.20109644e-005, 2.4166945e-005, 1, 0, 0, 0, 0, 0, 0, 0, 0.179843701, -0.105519409, -0.264812842, -0.0925666657, 0.135520517, -0.986474406, -0.983398437, 0.142089844, 0.111816406, 0.155308741, 0.98049547, 0.120400536, 0, 0, -0, 0, 0, 0, 0, 0.232420264, -0.033758252, -0.237877588, 0.0754027806, 0.138468461, -0.987472975, 0.524169922, -0.847900391, -0.0788574219, -0.84820525, -0.511644376, -0.136559895, 0, 3, 5, 1, 
498.997229, 68, 0.1, 0.1, 0.020781614, 0.354609059, -0.0199581658, 0.854962916, -0.518689128, 1.12848723e-006, 0.518689128, 0.854962916, 2.06714465e-005, -1.16868693e-005, -1.70879861e-005, 1, 0.854962979, -0.518689025, -1.30030427e-005, 0.518689025, 0.854962979, 1.37589443e-005, 3.98050674e-006, -1.85079236e-005, 1, 0, 0, 0, 0, 0, 0, 0, 0.179843701, -0.105519409, -0.264812842, -0.0925666657, 0.135520517, -0.986474406, -0.983398437, 0.142089844, 0.111816406, 0.155308741, 0.98049547, 0.120400536, 0, 0, -0, 0, 0, 0, 0, 0.232420264, -0.033758252, -0.237877588, 0.0754027806, 0.138468461, -0.987472975, 0.524169922, -0.847900391, -0.0788574219, -0.84820525, -0.511644376, -0.136559895, 0, 3, 5, 1, 
498.998046, 68, 0.1, 0.1, 0.0207816083, 0.354609062, -0.019961423, 0.854962648, -0.518689571, 2.38165069e-005, 0.518689571, 0.854962648, -1.30893443e-005, -1.35729174e-005, 2.35442742e-005, 1, 0.854962715, -0.518689459, 3.28435052e-005, 0.51868946, 0.854962715, -2.74206773e-005, -1.38571561e-005, 4.04792367e-005, 0.999999999, 0, 0, 0, 0, 0, 0, 0, 0.180893164, -0.106995825, -0.264406763, -0.0895644629, 0.132829841, -0.987116557, -0.983520508, 0.143676758, 0.108642578, 0.156316342, 0.980674447, 0.117906812, 0, 0, -0, 0, 0, 0, 0, 0.232420264, -0.033758252, -0.237877588, 0.0755755881, 0.138397732, -0.987434695, 0.526977539, -0.846191406, -0.0782470703, -0.846345947, -0.514474892, -0.1369241, 0, 3, 5, 1, 
498.998835, 68, 0.1, 0.1, 0.0207816077, 0.354609059, -0.0199654378, 0.854962388, -0.518689999, 6.00755127e-006, 0.518689999, 0.854962388, -1.30123549e-005, 1.61314799e-006, 1.42411308e-005, 1, 0.854962423, -0.518689941, 5.00658563e-006, 0.518689941, 0.854962423, 1.34160473e-005, -1.12392114e-005, -8.8733507e-006, 1, 0, 0, 0, 0, 0, 0, 0, 0.180893164, -0.106995825, -0.264406763, -0.0895644629, 0.132829841, -0.987116557, -0.983520508, 0.143676758, 0.108642578, 0.156316342, 0.980674447, 0.117906812, 0, 0, -0, 0, 0, 0, 0, 0.23336377, -0.0347154297, -0.237659473, 0.0755755881, 0.138397732, -0.987434695, 0.526977539, -0.846191406, -0.0782470703, -0.846345947, -0.514474892, -0.1369241, 0, 3, 5, 1, 
498.99962, 68, 0.1, 0.1, 0.0207816066, 0.354609059, -0.0199692469, 0.854962152, -0.518690387, -1.97001296e-005, 0.518690388, 0.854962152, 1.93750127e-005, 6.79323241e-006, -2.67831704e-005, 1, 0.8549622, -0.518690308, -1.2326327e-005, 0.518690308, 0.8549622, 9.53159051e-006, 5.59460006e-006, -1.4542696e-005, 1, 0, 0, 0, 0, 0, 0, 0, 0.180893164, -0.106995825, -0.264406763, -0.0895644629, 0.132829841, -0.987116557, -0.983520508, 0.143676758, 0.108642578, 0.156316342, 0.980674447, 0.117906812, 0, 0, -0, 0, 0, 0, 0, 0.23336377, -0.0347154297, -0.237659473, 0.0755755881, 0.138397732, -0.987434695, 0.526977539, -0.846191406, -0.0782470703, -0.846345947, -0.514474892, -0.1369241, 0, 3, 5, 1, 
499.000431, 68, 0.1, 0.1, 0.0207816069, 0.354609058, -0.0199715707, 0.854961973, -0.518690683, 5.00111535e-006, 0.518690683, 0.854961973, -1.10309493e-005, 1.4458872e-006, 1.20250742e-005, 1, 0.854962013, -0.518690617, -2.6642359e-006, 0.518690617, 0.854962013, -1.70997392e-005, 1.11472948e-005, 1.32377133e-005, 1, 0, 0, 0, 0, 0, 0, 0, 0.181997681, -0.107981689, -0.263992017, -0.0854078825, 0.131002234, -0.987669219, -0.984008789, 0.144165039, 0.104248047, 0.15602878, 0.98084032, 0.116758426, 0, 0, -0, 0, 0, 0, 0, 0.23336377, -0.0347154297, -0.237659473, 0.0763809232, 0.138531527, -0.987332617, 0.529663086, -0.844604492, -0.0775146484, -0.844665647, -0.516915684, -0.137895313, 0, 3, 5, 1, 
499.001216, 68, 0.1, 0.1, 0.020781606, 0.354609052, -0.0199714854, 0.854961682, -0.518691162, -1.99689557e-005, 0.518691162, 0.854961683, 6.2565464e-006, 1.38274767e-005, -1.57068283e-005, 1, 0.854961752, -0.518691047, -7.33580013e-006, 0.518691047, 0.854961751, 2.7860596e-005, -8.17921322e-006, -2.76247579e-005, 1, 0, 0, 0, 0, 0, 0, 0, 0.181997681, -0.107981689, -0.263992017, -0.0854078825, 0.131002234, -0.987669219, -0.984008789, 0.144165039, 0.104248047, 0.15602878, 0.98084032, 0.116758426, 0, 0, -0, 0, 0, 0, 0, 0.234122119, -0.0356508789, -0.23722666, 0.0763809232, 0.138531527, -0.987332617, 0.529663086, -0.844604492, -0.0775146484, -0.844665647, -0.516915684, -0.137895313, 0, 3, 5, 1, 
499.001999, 68, 0.1, 0.1, 0.0207816062, 0.354609053, -0.0199695449, 0.8549612, -0.518691957, 5.49625405e-006, 0.518691957, 0.8549612, 2.01303357e-005, -1.51405272e-005, -1.43597932e-005, 1, 0.854961312, -0.518691773, 8.58726275e-006, 0.518691773, 0.854961312, -2.22898644e-006, -6.1856205e-006, 6.35983971e-006, 1, 0, 0, 0, 0, 0, 0, 0, 0.181997681, -0.107981689, -0.263992017, -0.0854078825, 0.131002234, -0.987669219, -0.984008789, 0.144165039, 0.104248047, 0.15602878, 0.98084032, 0.116758426, 0, 0, -0, 0, 0, 0, 0, 0.234122119, -0.0356508789, -0.23722666, 0.0763809232, 0.138531527, -0.987332617, 0.529663086, -0.844604492, -0.0775146484, -0.844665647, -0.516915684, -0.137895313, 0, 3, 5, 1, 
499.002785, 68, 0.1, 0.1, 0.0207816045, 0.354609051, -0.0199665035, 0.85496059, -0.518692962, 2.10545245e-005, 0.518692963, 0.85496059, -2.22855211e-005, -6.44144572e-006, 2.99740759e-005, 1, 0.854960708, -0.518692768, 1.64027603e-005, 0.518692768, 0.854960708, -1.12676598e-005, -8.17926195e-006, 1.81413995e-005, 1, 0, 0, 0, 0, 0, 0, 0, 0.181997681, -0.107981689, -0.263992017, -0.0854078825, 0.131002234, -0.987669219, -0.984008789, 0.144165039, 0.104248047, 0.15602878, 0.98084032, 0.116758426, 0, 0, -0, 0, 0, 0, 0, 0.234122119, -0.0356508789, -0.23722666, 0.0763809232, 0.138531527, -0.987332617, 0.529663086, -0.844604492, -0.0775146484, -0.844665647, -0.516915684, -0.137895313, 0, 3, 5, 1, 
499.003571, 68, 0.1, 0.1, 0.0207816047, 0.354609051, -0.019963459, 0.854960108, -0.518693757, -1.99971675e-005, 0.518693757, 0.854960108, 1.19599766e-005, 1.08932153e-005, -2.05977088e-005, 1, 0.854960204, -0.518693598, -9.35065931e-006, 0.518693599, 0.854960204, 2.04828598e-005, -2.62988667e-006, -2.23621571e-005, 1, 0, 0, 0, 0, 0, 0, 0, 0.181997681, -0.107981689, -0.263992017, -0.0854078825, 0.131002234, -0.987669219, -0.984008789, 0.144165039, 0.104248047, 0.15602878, 0.98084032, 0.116758426, 0, 0, -0, 0, 0, 0, 0, 0.234122119, -0.0356508789, -0.23722666, 0.0763809232, 0.138531527, -0.987332617, 0.529663086, -0.844604492, -0.0775146484, -0.844665647, -0.516915684, -0.137895313, 0, 3, 5, 1, 
499.004354, 68, 0.1, 0.1, 0.0207816028, 0.354609054, -0.0199613839, 0.854959632, -0.518694542, -3.34395307e-007, 0.518694542, 0.854959632, -1.93502856e-005, 1.0322782e-005, 1.6370264e-005, 1, 0.854959709, -0.518694415, 7.27439949e-006, 0.518694415, 0.854959708, -3.32631762e-005, 1.10341052e-005, 3.22118658e-005, 0.999999999, 0, 0, 0, 0, 0, 0, 0, 0.181997681, -0.107981689, -0.263992017, -0.0854078825, 0.131002234, -0.987669219, -0.984008789, 0.144165039, 0.104248047, 0.15602878, 0.98084032, 0.116758426, 0, 0, -0, 0, 0, 0, 0, 0.234122119, -0.0356508789, -0.23722666, 0.0763809232, 0.138531527, -0.987332617, 0.529663086, -0.844604492, -0.0775146484, -0.844665647, -0.516915684, -0.137895313, 0, 3, 5, 1, 
499.00516, 68, 0.1, 0.1, 0.0207816034, 0.354609051, -0.0199607953, 0.854959227, -0.518695209, 1.64514749e-005, 0.518695209, 0.854959227, -1.07787704e-005, -8.47444369e-006, 1.77487104e-005, 1, 0.854959325, -0.518695047, -1.28440031e-005, 0.518695047, 0.854959325, 6.89202296e-006, 7.40624202e-006, -1.25545201e-005, 1, 0, 0, 0, 0, 0, 0, 0, 0.181997681, -0.107981689, -0.263992017, -0.0822349374, 0.129917127, -0.988145498, -0.98425293, 0.144287109, 0.100952148, 0.155773419, 0.981012184, 0.116092309, 0, 0, -0, 0, 0, 0, 0, 0.234122119, -0.0356508789, -0.23722666, 0.0763809232, 0.138531527, -0.987332617, 0.529663086, -0.844604492, -0.0775146484, -0.844665647, -0.516915684, -0.137895313, 0, 3, 5, 1, 
499.005959, 68, 0.1, 0.1, 0.0207816007, 0.35460905, -0.0199615072, 0.854958896, -0.518695755, -3.76520903e-006, 0.518695755, 0.854958895, 3.14666828e-005, -1.31025359e-005, -2.88557184e-005, 0.999999999, 0.854958953, -0.51869566, 2.74508848e-006, 0.51869566, 0.854958953, 1.90234251e-005, -1.2214306e-005, -1.48403821e-005, 1, 0, 0, 0, 0, 0, 0, 0, 0.183052026, -0.10892959, -0.263795142, -0.0822349374, 0.129917127, -0.988145498, -0.98425293, 0.144287109, 0.100952148, 0.155773419, 0.981012184, 0.116092309, 0, 0, -0, 0, 0, 0, 0, 0.235379932, -0.036587793, -0.237033936, 0.078074349, 0.138492881, -0.987288141, 0.531738281, -0.843383789, -0.0762939453, -0.843260234, -0.518883629, -0.139486294, 0, 3, 5, 1, 
499.006744, 68, 0.1, 0.1, 0.0207816033, 0.354609052, -0.0199635794, 0.854958485, -0.518696432, 1.69441586e-006, 0.518696432, 0.854958485, -2.6477985e-005, 1.22853811e-005, 2.35164654e-005, 1, 0.854958585, -0.518696267, -1.24980307e-005, 0.518696267, 0.854958585, -3.59290719e-005, 2.93215742e-005, 2.42351866e-005, 0.999999999, 0, 0, 0, 0, 0, 0, 0, 0.183052026, -0.10892959, -0.263795142, -0.0822349374, 0.129917127, -0.988145498, -0.98425293, 0.144287109, 0.100952148, 0.155773419, 0.981012184, 0.116092309, 0, 0, -0, 0, 0, 0, 0, 0.235379932, -0.036587793, -0.237033936, 0.078074349, 0.138492881, -0.987288141, 0.531738281, -0.843383789, -0.0762939453, -0.843260234, -0.518883629, -0.139486294, 0, 3, 5, 1, 
499.007529, 68, 0.1, 0.1, 0.0207816004, 0.354609046, -0.0199661886, 0.854957856, -0.518697469, -8.42186961e-006, 0.518697469, 0.854957856, 1.25162562e-005, 7.08193162e-007, -1.5069274e-005, 1, 0.854957989, -0.51869725, 4.10428406e-006, 0.518697249, 0.854957989, 3.48225835e-005, -2.15713687e-005, -2.76429651e-005, 0.999999999, 0, 0, 0, 0, 0, 0, 0, 0.183052026, -0.10892959, -0.263795142, -0.0822349374, 0.129917127, -0.988145498, -0.98425293, 0.144287109, 0.100952148, 0.155773419, 0.981012184, 0.116092309, 0, 0, -0, 0, 0, 0, 0, 0.235379932, -0.036587793, -0.237033936, 0.078074349, 0.138492881, -0.987288141, 0.531738281, -0.843383789, -0.0762939453, -0.843260234, -0.518883629, -0.139486294, 0, 3, 5, 1, 
499.008314, 68, 0.1, 0.1, 0.0207815993, 0.354609047, -0.0199684435, 0.854957067, -0.51869877, -1.13508767e-005, 0.51869877, 0.854957067, 1.00896993e-005, 4.4709976e-006, -1.45139455e-005, 1, 0.85495723, -0.5186985, 8.62147125e-006, 0.5186985, 0.85495723, -4.25170622e-006, -5.16563554e-006, 8.10697118e-006, 1, 0, 0, 0, 0, 0, 0, 0, 0.183052026, -0.10892959, -0.263795142, -0.0822349374, 0.129917127, -0.988145498, -0.98425293, 0.144287109, 0.100952148, 0.155773419, 0.981012184, 0.116092309, 0, 0, -0, 0, 0, 0, 0, 0.235379932, -0.036587793, -0.237033936, 0.078074349, 0.138492881, -0.987288141, 0.531738281, -0.843383789, -0.0762939453, -0.843260234, -0.518883629, -0.139486294, 0, 3, 5, 1, 
499.009096, 68, 0.1, 0.1, 0.0207815988, 0.354609045, -0.0199696895, 0.854956395, -0.518699877, 1.100713e-005, 0.518699877, 0.854956395, -1.76429493e-005, -2.59220535e-007, 2.07933493e-005, 1, 0.854956519, -0.518699673, 4.80596868e-006, 0.518699673, 0.854956519, -8.86874901e-006, 4.91322961e-007, 1.00752492e-005, 1, 0, 0, 0, 0, 0, 0, 0, 0.183052026, -0.10892959, -0.263795142, -0.0822349374, 0.129917127, -0.988145498, -0.98425293, 0.144287109, 0.100952148, 0.155773419, 0.981012184, 0.116092309, 0, 0, -0, 0, 0, 0, 0, 0.235379932, -0.036587793, -0.237033936, 0.078074349, 0.138492881, -0.987288141, 0.531738281, -0.843383789, -0.0762939453, -0.843260234, -0.518883629, -0.139486294, 0, 3, 5, 1, 
499.009897, 68, 0.1, 0.1, 0.0207815993, 0.354609043, -0.0199695137, 0.854955859, -0.518700761, -1.57792284e-005, 0.518700761, 0.854955859, 1.493478e-005, 5.74386202e-006, -2.09532755e-005, 1, 0.854955971, -0.518700576, -7.89432895e-006, 0.518700576, 0.854955971, 2.17020511e-005, -4.50756275e-006, -2.26490912e-005, 1, 0, 0, 0, 0, 0, 0, 0, 0.183052026, -0.10892959, -0.263795142, -0.079113289, 0.13102133, -0.988239856, -0.984741211, 0.143188477, 0.0979003906, 0.154413855, 0.980960887, 0.117837541, 0, 0, -0, 0, 0, 0, 0, 0.235379932, -0.036587793, -0.237033936, 0.078074349, 0.138492881, -0.987288141, 0.531738281, -0.843383789, -0.0762939453, -0.843260234, -0.518883629, -0.139486294, 0, 3, 5, 1, 
499.010741, 68, 0.1, 0.1, 0.0207815964, 0.354609045, -0.0199675278, 0.854955329, -0.518701634, 6.21902463e-006, 0.518701634, 0.854955329, -6.12778107e-006, -2.13849819e-006, 8.46479732e-006, 1, 0.854955435, -0.518701459, 1.2784006e-005, 0.518701459, 0.854955435, -2.13529587e-005, 1.4605543e-007, 2.48869106e-005, 1, 0, 0, 0, 0, 0, 0, 0, 0.184100391, -0.109096558, -0.263794653, -0.079113289, 0.13102133, -0.988239856, -0.984741211, 0.143188477, 0.0979003906, 0.154413855, 0.980960887, 0.117837541, 0, 0, -0, 0, 0, 0, 0, 0.236197852, -0.0377694336, -0.236607959, 0.0799019361, 0.13806451, -0.987135023, 0.533569336, -0.842407227, -0.0747070312, -0.841963462, -0.52064705, -0.140943113, 0, 3, 5, 1, 
499.011638, 68, 0.1, 0.1, 0.0207815986, 0.354609039, -0.0199629663, 0.854954915, -0.518702317, 4.59510463e-006, 0.518702317, 0.854954914, -1.34218225e-005, 3.03332314e-006, 1.38585445e-005, 1, 0.854954963, -0.518702237, -6.55697055e-008, 0.518702237, 0.854954963, 1.78149882e-005, -9.18461511e-006, -1.52650238e-005, 1, 0, 0, 0, 0, 0, 0, 0, 0.184100391, -0.109096558, -0.263794653, -0.079113289, 0.13102133, -0.988239856, -0.984741211, 0.143188477, 0.0979003906, 0.154413855, 0.980960887, 0.117837541, 0, 0, -0, 0, 0, 0, 0, 0.236197852, -0.0377694336, -0.236607959, 0.0799019361, 0.13806451, -0.987135023, 0.533569336, -0.842407227, -0.0747070312, -0.841963462, -0.52064705, -0.140943113, 0, 3, 5, 1, 
499.012427, 68, 0.1, 0.1, 0.0207815963, 0.354609039, -0.0199597746, 0.854954584, -0.518702861, -1.45923813e-005, 0.518702862, 0.854954584, 2.30141231e-005, 5.38331806e-007, -2.724514e-005, 1, 0.85495465, -0.518702753, -8.39532265e-006, 0.518702753, 0.85495465, 1.22720714e-005, 8.12062925e-007, -1.48467415e-005, 1, 0, 0, 0, 0, 0, 0, 0, 0.184100391, -0.109096558, -0.263794653, -0.079113289, 0.13102133, -0.988239856, -0.984741211, 0.143188477, 0.0979003906, 0.154413855, 0.980960887, 0.117837541, 0, 0, -0, 0, 0, 0, 0, 0.236197852, -0.0377694336, -0.236607959, 0.0799019361, 0.13806451, -0.987135023, 0.533569336, -0.842407227, -0.0747070312, -0.841963462, -0.52064705, -0.140943113, 0, 3, 5, 1, 
499.013229, 68, 0.1, 0.1, 0.0207815926, 0.35460904, -0.0199585015, 0.854954347, -0.518703251, 2.92543519e-005, 0.518703252, 0.854954347, -2.64119335e-005, -1.13111796e-005, 3.77553248e-005, 0.999999999, 0.854954395, -0.518703173, 1.86894153e-005, 0.518703173, 0.854954395, -3.41135108e-005, 1.71618857e-006, 3.8859755e-005, 0.999999999, 0, 0, 0, 0, 0, 0, 0, 0.184100391, -0.109096558, -0.263794653, -0.079113289, 0.13102133, -0.988239856, -0.984741211, 0.143188477, 0.0979003906, 0.154413855, 0.980960887, 0.117837541, 0, 0, -0, 0, 0, 0, 0, 0.237266113, -0.0379775391, -0.236422314, 0.0817105669, 0.139418518, -0.986854307, 0.537353516, -0.83996582, -0.07421875, -0.839318513, -0.52418702, -0.143613948, 0, 3, 5, 1, 
499.01402, 68, 0.1, 0.1, 0.0207815927, 0.354609037, -0.0199597556, 0.854954093, -0.518703671, -7.04544567e-007, 0.518703671, 0.854954093, 8.63212051e-006, -3.87515933e-006, -7.74551661e-006, 1, 0.85495413, -0.518703611, -7.17204517e-006, 0.518703611, 0.854954129, 2.24698116e-005, -5.52340279e-006, -2.2930824e-005, 1, 0, 0, 0, 0, 0, 0, 0, 0.184100391, -0.109096558, -0.263794653, -0.079113289, 0.13102133, -0.988239856, -0.984741211, 0.143188477, 0.0979003906, 0.154413855, 0.980960887, 0.117837541, 0, 0, -0, 0, 0, 0, 0, 0.237266113, -0.0379775391, -0.236422314, 0.0817105669, 0.139418518, -0.986854307, 0.537353516, -0.83996582, -0.07421875, -0.839318513, -0.52418702, -0.143613948, 0, 3, 5, 1, 
499.014819, 68, 0.1, 0.1, 0.0207815888, 0.354609039, -0.0199628559, 0.854953883, -0.518704017, 2.14440519e-005, 0.518704016, 0.854953883, 2.84110808e-005, -3.30706172e-005, -1.3167048e-005, 0.999999999, 0.854953953, -0.518703901, 2.80916234e-005, 0.518703902, 0.854953953, -2.52609216e-006, -2.27067506e-005, 1.67309271e-005, 1, 0, 0, 0, 0, 0, 0, 0, 0.184100391, -0.109096558, -0.263794653, -0.0778323526, 0.132284292, -0.988093079, -0.985229492, 0.141235352, 0.0965576172, 0.152357095, 0.98113163, 0.119544581, 0, 0, -0, 0, 0, 0, 0, 0.237266113, -0.0379775391, -0.236422314, 0.0817105669, 0.139418518, -0.986854307, 0.537353516, -0.83996582, -0.07421875, -0.839318513, -0.52418702, -0.143613948, 0, 3, 5, 1, 
499.015603, 68, 0.1, 0.1, 0.0207815907, 0.354609038, -0.0199664584, 0.854953426, -0.51870477, -1.79000801e-005, 0.51870477, 0.854953426, -3.24716748e-005, 3.21469474e-005, 1.84769127e-005, 0.999999999, 0.854953536, -0.518704589, -2.20567103e-005, 0.518704589, 0.854953536, -2.21725429e-005, 3.03584623e-005, 7.5155771e-006, 1, 0, 0, 0, 0, 0, 0, 0, 0.185275806, -0.109924463, -0.2640052, -0.0778323526, 0.132284292, -0.988093079, -0.985229492, 0.141235352, 0.0965576172, 0.152357095, 0.98113163, 0.119544581, 0, 0, -0, 0, 0, 0, 0, 0.237266113, -0.0379775391, -0.236422314, 0.0817105669, 0.139418518, -0.986854307, 0.537353516, -0.83996582, -0.07421875, -0.839318513, -0.52418702, -0.143613948, 0, 3, 5, 1, 
499.016385, 68, 0.1, 0.1, 0.0207815868, 0.354609032, -0.0199695866, 0.85495287, -0.518705687, 3.3358395e-005, 0.518705685, 0.85495287, 5.31916613e-005, -5.61106727e-005, -2.81731744e-005, 0.999999998, 0.854952973, -0.518705516, 2.81780964e-005, 0.518705514, 0.854952973, 4.95499225e-005, -4.97927654e-005, -2.77467196e-005, 0.999999998, 0, 0, 0, 0, 0, 0, 0, 0.185275806, -0.109924463, -0.2640052, -0.0778323526, 0.132284292, -0.988093079, -0.985229492, 0.141235352, 0.0965576172, 0.152357095, 0.98113163, 0.119544581, 0, 0, -0, 0, 0, 0, 0, 0.237266113, -0.0379775391, -0.236422314, 0.0817105669, 0.139418518, -0.986854307, 0.537353516, -0.83996582, -0.07421875, -0.839318513, -0.52418702, -0.143613948, 0, 3, 5, 1, 
499.017184, 68, 0.1, 0.1, 0.0207815863, 0.354609031, -0.0199712311, 0.854952524, -0.518706256, -4.88325868e-005, 0.518706255, 0.854952525, -2.27584807e-005, 5.35545097e-005, -5.87234774e-006, 0.999999999, 0.854952555, -0.518706206, -2.06535397e-005, 0.518706206, 0.854952555, -2.06620278e-005, 2.83753186e-005, 6.95193421e-006, 1, 0, 0, 0, 0, 0, 0, 0, 0.185275806, -0.109924463, -0.2640052, -0.0748896814, 0.132240109, -0.988359301, -0.985961914, 0.137573242, 0.0931396484, 0.148306856, 0.981632995, 0.120204706, 0, 0, -0, 0, 0, 0, 0, 0.237266113, -0.0379775391, -0.236422314, 0.0817105669, 0.139418518, -0.986854307, 0.537353516, -0.83996582, -0.07421875, -0.839318513, -0.52418702, -0.143613948, 0, 3, 5, 1, 
499.017982, 68, 0.1, 0.1, 0.0207815939, 0.354609035, -0.0199706957, 0.854952337, -0.518706566, 3.76009795e-006, 0.518706566, 0.854952337, -1.70275175e-006, -2.33147602e-006, 3.40615908e-006, 1, 0.854952383, -0.51870649, -2.22289748e-005, 0.518706489, 0.854952383, -2.07165469e-005, 2.97505223e-005, 6.18134766e-006, 1, 0, 0, 0, 0, 0, 0, 0, 0.186976563, -0.110594922, -0.263793555, -0.0748896814, 0.132240109, -0.988359301, -0.985961914, 0.137573242, 0.0931396484, 0.148306856, 0.981632995, 0.120204706, 0, 0, -0, 0, 0, 0, 0, 0.238059619, -0.0381590332, -0.236221533, 0.0828035478, 0.14112397, -0.986503228, 0.541015625, -0.837646484, -0.0744628906, -0.836871525, -0.527567308, -0.145786417, 0, 3, 5, 1, 
499.018771, 68, 0.1, 0.1, 0.0207815895, 0.354609033, -0.019968535, 0.854952071, -0.518707004, 2.99531598e-006, 0.518707004, 0.854952071, -2.35822841e-005, 9.67144431e-006, 2.1715414e-005, 1, 0.854952103, -0.518706951, 2.05944738e-005, 0.518706951, 0.854952103, -5.47313931e-006, -1.47683333e-005, 1.53617687e-005, 1, 0, 0, 0, 0, 0, 0, 0, 0.186976563, -0.110594922, -0.263793555, -0.0748896814, 0.132240109, -0.988359301, -0.985961914, 0.137573242, 0.0931396484, 0.148306856, 0.981632995, 0.120204706, 0, 0, -0, 0, 0, 0, 0, 0.238059619, -0.0381590332, -0.236221533, 0.0828035478, 0.14112397, -0.986503228, 0.541015625, -0.837646484, -0.0744628906, -0.836871525, -0.527567308, -0.145786417, 0, 3, 5, 1, 
499.019552, 68, 0.1, 0.1, 0.0207815916, 0.354609029, -0.0199656702, 0.854952078, -0.518706992, -5.63782007e-007, 0.518706991, 0.854952078, 4.62202433e-005, -2.34927568e-005, -3.98085307e-005, 0.999999999, 0.854952055, -0.518707031, -9.38571807e-006, 0.518707031, 0.854952054, 4.07911811e-005, -1.31343335e-005, -3.97429421e-005, 0.999999999, 0, 0, 0, 0, 0, 0, 0, 0.186976563, -0.110594922, -0.263793555, -0.0748896814, 0.132240109, -0.988359301, -0.985961914, 0.137573242, 0.0931396484, 0.148306856, 0.981632995, 0.120204706, 0, 0, -0, 0, 0, 0, 0, 0.238059619, -0.0381590332, -0.236221533, 0.0828035478, 0.14112397, -0.986503228, 0.541015625, -0.837646484, -0.0744628906, -0.836871525, -0.527567308, -0.145786417, 0, 3, 5, 1, 
499.02034, 68, 0.1, 0.1, 0.0207815901, 0.354609035, -0.0199629845, 0.854952249, -0.518706711, 5.59959507e-006, 0.51870671, 0.854952246, -7.11120193e-005, 3.20988953e-005, 6.37019284e-005, 0.999999997, 0.854952219, -0.51870676, 2.09292498e-006, 0.518706759, 0.854952217, -6.54484754e-005, 3.21592158e-005, 5.70409336e-005, 0.999999998, 0, 0, 0, 0, 0, 0, 0, 0.186976563, -0.110594922, -0.263793555, -0.0748896814, 0.132240109, -0.988359301, -0.985961914, 0.137573242, 0.0931396484, 0.148306856, 0.981632995, 0.120204706, 0, 0, -0, 0, 0, 0, 0, 0.238059619, -0.0381590332, -0.236221533, 0.0828035478, 0.14112397, -0.986503228, 0.541015625, -0.837646484, -0.0744628906, -0.836871525, -0.527567308, -0.145786417, 0, 3, 5, 1, 
499.021125, 68, 0.1, 0.1, 0.0207815881, 0.354609035, -0.0199614628, 0.854952253, -0.518706705, -1.60698775e-005, 0.518706705, 0.854952252, 2.20223503e-005, 2.31583715e-006, -2.71636112e-005, 1, 0.854952281, -0.518706659, 4.77713597e-007, 0.518706659, 0.85495228, 2.57101983e-005, -1.37444734e-005, -2.17331995e-005, 1, 0, 0, 0, 0, 0, 0, 0, 0.186976563, -0.110594922, -0.263793555, -0.0748896814, 0.132240109, -0.988359301, -0.985961914, 0.137573242, 0.0931396484, 0.148306856, 0.981632995, 0.120204706, 0, 0, -0, 0, 0, 0, 0, 0.238059619, -0.0381590332, -0.236221533, 0.0828035478, 0.14112397, -0.986503228, 0.541015625, -0.837646484, -0.0744628906, -0.836871525, -0.527567308, -0.145786417, 0, 3, 5, 1, 
499.021909, 68, 0.1, 0.1, 0.0207815885, 0.354609034, -0.019961478, 0.854952108, -0.518706943, -1.8354952e-005, 0.518706944, 0.854952108, 4.96083934e-006, 1.31193831e-005, -1.37621211e-005, 1, 0.854952121, -0.518706922, -7.38099178e-006, 0.518706922, 0.854952121, -1.04406549e-005, 1.17260345e-005, 5.09768851e-006, 1, 0, 0, 0, 0, 0, 0, 0, 0.186976563, -0.110594922, -0.263793555, -0.0748896814, 0.132240109, -0.988359301, -0.985961914, 0.137573242, 0.0931396484, 0.148306856, 0.981632995, 0.120204706, 0, 0, -0, 0, 0, 0, 0, 0.238059619, -0.0381590332, -0.236221533, 0.0828035478, 0.14112397, -0.986503228, 0.541015625, -0.837646484, -0.0744628906, -0.836871525, -0.527567308, -0.145786417, 0, 3, 5, 1, 
499.022724, 68, 0.1, 0.1, 0.0207815833, 0.354609032, -0.0199625478, 0.854952205, -0.518706783, 1.86798096e-005, 0.518706784, 0.854952205, -6.58734348e-006, -1.25534447e-005, 1.53212078e-005, 1, 0.854952167, -0.518706845, 3.70825791e-005, 0.518706845, 0.854952167, -1.72729363e-006, -3.08078723e-005, 2.0711741e-005, 0.999999999, 0, 0, 0, 0, 0, 0, 0, 0.188644116, -0.111407935, -0.263564453, -0.0725880393, 0.133782398, -0.988377276, -0.986816406, 0.133544922, 0.0905761719, 0.144110961, 0.98200668, 0.122432208, 0, 0, -0, 0, 0, 0, 0, 0.23922832, -0.0382841309, -0.236228857, 0.0827783948, 0.143691993, -0.986081788, 0.544799805, -0.834960938, -0.0759277344, -0.834296572, -0.530979679, -0.14746052, 0, 3, 5, 1, 
499.023505, 68, 0.1, 0.1, 0.0207815865, 0.354609035, -0.0199645342, 0.854952348, -0.518706548, 1.07567932e-005, 0.518706548, 0.854952348, -2.05856567e-005, 1.48136932e-006, 2.31793746e-005, 1, 0.85495234, -0.518706561, -1.21831624e-005, 0.51870656, 0.85495234, -2.76747457e-005, 2.47710953e-005, 1.73411023e-005, 1, 0, 0, 0, 0, 0, 0, 0, 0.188644116, -0.111407935, -0.263564453, -0.0725880393, 0.133782398, -0.988377276, -0.986816406, 0.133544922, 0.0905761719, 0.144110961, 0.98200668, 0.122432208, 0, 0, -0, 0, 0, 0, 0, 0.23922832, -0.0382841309, -0.236228857, 0.0827783948, 0.143691993, -0.986081788, 0.544799805, -0.834960938, -0.0759277344, -0.834296572, -0.530979679, -0.14746052, 0, 3, 5, 1, 
499.024287, 68, 0.1, 0.1, 0.0207815767, 0.354609029, -0.0199668507, 0.854952219, -0.518706758, 3.60159148e-005, 0.518706758, 0.85495222, 6.84964737e-006, -3.43448447e-005, 1.28255772e-005, 0.999999999, 0.854952249, -0.518706708, 4.38425395e-005, 0.518706707, 0.854952251, 3.0369332e-005, -5.3236054e-005, -3.22290938e-006, 0.999999999, 0, 0, 0, 0, 0, 0, 0, 0.188644116, -0.111407935, -0.263564453, -0.0725880393, 0.133782398, -0.988377276, -0.986816406, 0.133544922, 0.0905761719, 0.144110961, 0.98200668, 0.122432208, 0, 0, -0, 0, 0, 0, 0, 0.23922832, -0.0382841309, -0.236228857, 0.0827783948, 0.143691993, -0.986081788, 0.544799805, -0.834960938, -0.0759277344, -0.834296572, -0.530979679, -0.14746052, 0, 3, 5, 1, 
499.025071, 68, 0.1, 0.1, 0.0207815857, 0.354609034, -0.0199687195, 0.854952306, -0.518706611, -6.986475e-005, 0.518706611, 0.854952309, -2.87502284e-005, 7.46439629e-005, -1.16592337e-005, 0.999999997, 0.854952279, -0.518706656, -7.19980841e-005, 0.518706656, 0.854952282, -2.55809088e-005, 7.4823914e-005, -1.54754291e-005, 0.999999997, 0, 0, 0, 0, 0, 0, 0, 0.188644116, -0.111407935, -0.263564453, -0.0725880393, 0.133782398, -0.988377276, -0.986816406, 0.133544922, 0.0905761719, 0.144110961, 0.98200668, 0.122432208, 0, 0, -0, 0, 0, 0, 0, 0.23922832, -0.0382841309, -0.236228857, 0.0827783948, 0.143691993, -0.986081788, 0.544799805, -0.834960938, -0.0759277344, -0.834296572, -0.530979679, -0.14746052, 0, 3, 5, 1, 
499.025856, 68, 0.1, 0.1, 0.0207815849, 0.354609033, -0.0199695568, 0.85495235, -0.518706542, 5.60374263e-005, 0.51870654, 0.854952352, 4.03779631e-005, -6.8853643e-005, -5.45425495e-006, 0.999999998, 0.854952355, -0.518706535, 3.40551709e-005, 0.518706534, 0.854952356, 1.92341474e-005, -3.90924266e-005, 1.22036002e-006, 0.999999999, 0, 0, 0, 0, 0, 0, 0, 0.188644116, -0.111407935, -0.263564453, -0.0725880393, 0.133782398, -0.988377276, -0.986816406, 0.133544922, 0.0905761719, 0.144110961, 0.98200668, 0.122432208, 0, 0, -0, 0, 0, 0, 0, 0.23922832, -0.0382841309, -0.236228857, 0.0827783948, 0.143691993, -0.986081788, 0.544799805, -0.834960938, -0.0759277344, -0.834296572, -0.530979679, -0.14746052, 0, 3, 5, 1, 
499.026696, 68, 0.1, 0.1, 0.0207815715, 0.354609025, -0.0199689586, 0.854952481, -0.518706328, 5.36618684e-006, 0.518706328, 0.854952481, 2.39907629e-005, -1.70319953e-005, -1.77274872e-005, 1, 0.854952426, -0.518706416, 5.37344332e-005, 0.518706415, 0.854952428, 2.56145124e-005, -5.92267961e-005, 5.9732057e-006, 0.999999998, 0, 0, 0, 0, 0, 0, 0, 0.188644116, -0.111407935, -0.263564453, -0.0725880393, 0.133782398, -0.988377276, -0.986816406, 0.133544922, 0.0905761719, 0.144110961, 0.98200668, 0.122432208, 0, 0, -0, 0, 0, 0, 0, 0.23922832, -0.0382841309, -0.236228857, 0.0827783948, 0.143691993, -0.986081788, 0.544799805, -0.834960938, -0.0759277344, -0.834296572, -0.530979679, -0.14746052, 0, 3, 5, 1, 
499.027666, 68, 0.1, 0.1, 0.0207815887, 0.354609033, -0.0199641868, 0.854952292, -0.518706636, -5.80040366e-005, 0.518706635, 0.854952294, -3.62774841e-005, 6.84080559e-005, 9.28439574e-007, 0.999999998, 0.854952343, -0.518706552, -6.85041802e-005, 0.518706549, 0.854952346, -5.19092057e-005, 8.54934546e-005, 8.84633012e-006, 0.999999996, 0, 0, 0, 0, 0, 0, 0, 0.189787671, -0.112763013, -0.263564453, -0.071929036, 0.133458888, -0.988377276, -0.987182617, 0.131591797, 0.0895996094, 0.142029115, 0.982305103, 0.122432208, 0, 0, -0, 0, 0, 0, 0, 0.239916846, -0.0391646484, -0.236235693, 0.0826380367, 0.144515918, -0.986030748, 0.54699707, -0.833618164, -0.0762939453, -0.832961154, -0.532979707, -0.147946126, 0, 3, 5, 1, 
499.028449, 68, 0.1, 0.1, 0.0207815861, 0.354609028, -0.0199604069, 0.854952238, -0.518706727, 3.98452843e-005, 0.518706727, 0.854952239, 1.23401441e-005, -4.04667308e-005, 1.01177832e-005, 0.999999999, 0.854952219, -0.518706758, 3.91411868e-005, 0.518706758, 0.85495222, 1.95563527e-005, -4.36078569e-005, 3.58305092e-006, 0.999999999, 0, 0, 0, 0, 0, 0, 0, 0.189787671, -0.112763013, -0.263564453, -0.071929036, 0.133458888, -0.988377276, -0.987182617, 0.131591797, 0.0895996094, 0.142029115, 0.982305103, 0.122432208, 0, 0, -0, 0, 0, 0, 0, 0.239916846, -0.0391646484, -0.236235693, 0.0826380367, 0.144515918, -0.986030748, 0.54699707, -0.833618164, -0.0762939453, -0.832961154, -0.532979707, -0.147946126, 0, 3, 5, 1, 
