time, trialNum, realDorsalTactorPos, realVentralTactorPos, boxPosX, boxPosY, boxPosZ, boxLocalRot_11, boxLocalRot_12, boxLocalRot_13, boxLocalRot_21, boxLocalRot_22, boxLocalRot_23, boxLocalRot_31, boxLocalRot_32, boxLocalRot_33, boxGlobalRot_11, boxGlobalRot_12, boxGlobalRot_13, boxGlobalRot_21, boxGlobalRot_22, boxGlobalRot_23, boxGlobalRot_31, boxGlobalRot_32, boxGlobalRot_33, indexForceX, indexForceY, indexForceZ, indexForceGlobalX, indexForceGlobalY, indexForceGlobalZ, indexContact, indexPosX, indexPosY, indexPosZ, indexRot_11, indexRot_12, indexRot_13, indexRot_21, indexRot_22, indexRot_23, indexRot_31, indexRot_32, indexRot_33, thumbForceX, thumbForceY, thumbForceZ, thumbForceGlobalX, thumbForceGlobalY, thumbForceGlobalZ, thumbContact, thumbPosX, thumbPosY, thumbPosZ, thumbRot_11, thumbRot_12, thumbRot_13, thumbRot_21, thumbRot_22, thumbRot_23, thumbRot_31, thumbRot_32, thumbRot_33, manipForceTooHigh, cceExpType, mapping, trialSuccess, 
829.109713, 72, 0.1, 0.1, -0.00908429671, 0.35129653, -0.0199778429, 0.851508704, 3.52373801e-006, 0.524340469, 0.524340469, -4.9700289e-007, -0.851508704, -2.73989486e-006, 1, -2.27084073e-006, 0.851508703, 8.46235502e-006, 0.524340471, 0.524340471, -1.95752005e-006, -0.851508703, -6.17936197e-006, 1, -6.10400057e-006, 0, 0, 0, 0, 0, 0, 0, 0.342304126, -0.149760156, -0.148491064, -0.543977426, 0.73135407, -0.41104178, -0.823486328, -0.371704102, 0.428344727, 0.160436313, 0.571583234, 0.804676757, 0, -0, 0, 0, 0, 0, 0, 0.370005469, -0.103900537, -0.129850586, -0.26880177, 0.290433243, -0.918322517, -0.287841797, -0.933959961, -0.211181641, -0.919118793, 0.207643494, 0.334798297, 0, 3, 5, 1, 
829.125986, 72, 0.1, 0.1, -0.0090842626, 0.351296516, -0.0199645206, 0.851514928, -6.71514852e-007, 0.52433036, 0.52433036, -1.66994257e-005, -0.851514928, 9.32782084e-006, 1, -1.38677147e-005, 0.851515013, 6.90776402e-006, 0.524330223, 0.524330222, 4.63823876e-006, -0.851515013, -8.31403353e-006, 1, 3.27580493e-007, 0, 0, 0, 0, 0, 0, 0, 0.345235571, -0.152484448, -0.147489062, -0.544067297, 0.734963979, -0.404492947, -0.821289062, -0.367919922, 0.435913086, 0.171573821, 0.569404785, 0.803886708, 0, -0, 0, 0, 0, 0, 0, 0.371880225, -0.107919482, -0.128383301, -0.274750081, 0.294822291, -0.915075657, -0.287597656, -0.933349609, -0.214355469, -0.917411874, 0.204422521, 0.341276691, 0, 3, 5, 1, 
829.126681, 72, 0.1, 0.1, -0.009084262, 0.351296515, -0.0199616909, 0.85151455, -4.33515364e-006, 0.524330976, 0.524330976, 1.7178623e-005, -0.851514549, -5.31583775e-006, 1, 1.69009027e-005, 0.851514622, -8.94023325e-007, 0.524330858, 0.524330858, 2.47552699e-005, -0.851514622, -1.2218678e-005, 1, 2.15482383e-005, 0, 0, 0, 0, 0, 0, 0, 0.345235571, -0.152484448, -0.147489062, -0.544067297, 0.734963979, -0.404492947, -0.821289062, -0.367919922, 0.435913086, 0.171573821, 0.569404785, 0.803886708, 0, -0, 0, 0, 0, 0, 0, 0.371880225, -0.107919482, -0.128383301, -0.274750081, 0.294822291, -0.915075657, -0.287597656, -0.933349609, -0.214355469, -0.917411874, 0.204422521, 0.341276691, 0, 3, 5, 1, 
829.127373, 72, 0.1, 0.1, -0.00908426108, 0.351296515, -0.0199614143, 0.851514223, 7.24648017e-006, 0.524331506, 0.524331506, 1.16570412e-005, -0.851514223, -1.22826349e-005, 1, 6.12657854e-006, 0.851514285, 6.03623387e-006, 0.524331405, 0.524331405, 2.33516078e-006, -0.851514285, -6.3643375e-006, 1, -1.17656422e-006, 0, 0, 0, 0, 0, 0, 0, 0.345235571, -0.152484448, -0.147489062, -0.544067297, 0.734963979, -0.404492947, -0.821289062, -0.367919922, 0.435913086, 0.171573821, 0.569404785, 0.803886708, 0, -0, 0, 0, 0, 0, 0, 0.371880225, -0.107919482, -0.128383301, -0.274750081, 0.294822291, -0.915075657, -0.287597656, -0.933349609, -0.214355469, -0.917411874, 0.204422521, 0.341276691, 0, 3, 5, 1, 
829.128066, 72, 0.1, 0.1, -0.00908426082, 0.351296516, -0.019963592, 0.851513931, -1.1207038e-008, 0.524331981, 0.524331981, 1.01568089e-005, -0.85151393, -5.31599679e-006, 1, 8.65454049e-006, 0.851513984, -4.56212531e-006, 0.524331895, 0.524331895, -1.47644651e-005, -0.851513984, 1.16261934e-005, 1, -1.01800807e-005, 0, 0, 0, 0, 0, 0, 0, 0.345235571, -0.152484448, -0.147489062, -0.544067297, 0.734963979, -0.404492947, -0.821289062, -0.367919922, 0.435913086, 0.171573821, 0.569404785, 0.803886708, 0, -0, 0, 0, 0, 0, 0, 0.371880225, -0.107919482, -0.128383301, -0.274750081, 0.294822291, -0.915075657, -0.287597656, -0.933349609, -0.214355469, -0.917411874, 0.204422521, 0.341276691, 0, 3, 5, 1, 
829.128761, 72, 0.1, 0.1, -0.00908425998, 0.351296515, -0.019967435, 0.851513674, -6.69983161e-006, 0.524332397, 0.524332397, -4.90150338e-006, -0.851513674, 8.27501525e-006, 1, -6.60758383e-007, 0.851513723, -8.55502672e-006, 0.524332318, 0.524332318, -1.31968119e-005, -0.851513723, 1.42042376e-005, 1, -6.75158947e-006, 0, 0, 0, 0, 0, 0, 0, 0.345235571, -0.152484448, -0.147489062, -0.544067297, 0.734963979, -0.404492947, -0.821289062, -0.367919922, 0.435913086, 0.171573821, 0.569404785, 0.803886708, 0, -0, 0, 0, 0, 0, 0, 0.371880225, -0.107919482, -0.128383301, -0.274750081, 0.294822291, -0.915075657, -0.287597656, -0.933349609, -0.214355469, -0.917411874, 0.204422521, 0.341276691, 0, 3, 5, 1, 
829.129453, 72, 0.1, 0.1, -0.00908426004, 0.351296513, -0.0199716609, 0.851513441, 4.88943562e-006, 0.524332775, 0.524332775, -1.98819754e-005, -0.851513441, 6.26135118e-006, 1, -1.94934606e-005, 0.851513494, -3.69432502e-006, 0.524332689, 0.524332689, -5.67349124e-008, -0.851513494, 3.17551558e-006, 1, 1.88874483e-006, 0, 0, 0, 0, 0, 0, 0, 0.345235571, -0.152484448, -0.147489062, -0.544067297, 0.734963979, -0.404492947, -0.821289062, -0.367919922, 0.435913086, 0.171573821, 0.569404785, 0.803886708, 0, -0, 0, 0, 0, 0, 0, 0.371880225, -0.107919482, -0.128383301, -0.274750081, 0.294822291, -0.915075657, -0.287597656, -0.933349609, -0.214355469, -0.917411874, 0.204422521, 0.341276691, 0, 3, 5, 1, 
829.130175, 72, 0.1, 0.1, -0.00908426374, 0.351296515, -0.0199749927, 0.851513069, -2.9358772e-006, 0.52433338, 0.52433338, 8.34062095e-006, -0.851513069, -1.87332817e-006, 1, 8.64152615e-006, 0.851513148, 1.77959953e-005, 0.524333252, 0.524333252, -3.72237855e-006, -0.851513148, -1.32017572e-005, 1, -1.25006864e-005, 0, 0, 0, 0, 0, 0, 0, 0.345634326, -0.152439526, -0.147998877, -0.545151282, 0.735940502, -0.401408369, -0.819946289, -0.368652344, 0.43762207, 0.174093754, 0.567767016, 0.804634078, 0, -0, 0, 0, 0, 0, 0, 0.372427148, -0.10769917, -0.128742871, -0.276583865, 0.295761054, -0.914257562, -0.285400391, -0.93371582, -0.215698242, -0.91748187, 0.201329878, 0.342835589, 0, 3, 5, 1, 
829.130867, 72, 0.1, 0.1, -0.00908425873, 0.351296515, -0.0199762886, 0.8515126, -4.70222799e-006, 0.524334141, 0.524334141, -8.66852318e-006, -0.8515126, 8.54920904e-006, 1, -4.91581804e-006, 0.851512692, -2.53369824e-005, 0.524333991, 0.524333991, -1.37265659e-006, -0.851512693, 2.22944926e-005, 1, 1.21162066e-005, 0, 0, 0, 0, 0, 0, 0, 0.345634326, -0.152439526, -0.147998877, -0.545151282, 0.735940502, -0.401408369, -0.819946289, -0.368652344, 0.43762207, 0.174093754, 0.567767016, 0.804634078, 0, -0, 0, 0, 0, 0, 0, 0.372427148, -0.10769917, -0.128742871, -0.276583865, 0.295761054, -0.914257562, -0.285400391, -0.93371582, -0.215698242, -0.91748187, 0.201329878, 0.342835589, 0, 3, 5, 1, 
829.131564, 72, 0.1, 0.1, -0.00908426287, 0.351296513, -0.0199755817, 0.851512037, 6.64640291e-006, 0.524335056, 0.524335056, 1.42098807e-005, -0.851512037, -1.31102307e-005, 1, 8.61494245e-006, 0.851512157, 1.95029349e-005, 0.52433486, 0.52433486, 1.61125415e-005, -0.851512157, -2.50553534e-005, 1, 3.49395639e-006, 0, 0, 0, 0, 0, 0, 0, 0.345634326, -0.152439526, -0.147998877, -0.545151282, 0.735940502, -0.401408369, -0.819946289, -0.368652344, 0.43762207, 0.174093754, 0.567767016, 0.804634078, 0, -0, 0, 0, 0, 0, 0, 0.372427148, -0.10769917, -0.128742871, -0.276583865, 0.295761054, -0.914257562, -0.285400391, -0.93371582, -0.215698242, -0.91748187, 0.201329878, 0.342835589, 0, 3, 5, 1, 
829.132254, 72, 0.1, 0.1, -0.00908426104, 0.351296513, -0.019973242, 0.851511404, -4.54762785e-006, 0.524336084, 0.524336084, 1.27042594e-005, -0.851511404, -2.78894465e-006, 1, 1.32023071e-005, 0.851511527, -9.88089416e-006, 0.524335885, 0.524335885, -6.78595207e-006, -0.851511527, 1.19718135e-005, 1, -5.97409027e-007, 0, 0, 0, 0, 0, 0, 0, 0.345634326, -0.152439526, -0.147998877, -0.545151282, 0.735940502, -0.401408369, -0.819946289, -0.368652344, 0.43762207, 0.174093754, 0.567767016, 0.804634078, 0, -0, 0, 0, 0, 0, 0, 0.372427148, -0.10769917, -0.128742871, -0.276583865, 0.295761054, -0.914257562, -0.285400391, -0.93371582, -0.215698242, -0.91748187, 0.201329878, 0.342835589, 0, 3, 5, 1, 
829.132961, 72, 0.1, 0.1, -0.00908426049, 0.351296512, -0.019969892, 0.851510829, -1.11875171e-006, 0.524337018, 0.524337018, 8.10988559e-008, -0.851510829, 9.10106061e-007, 1, 6.55659488e-007, 0.851510937, -4.67162498e-006, 0.524336842, 0.524336842, -8.62011583e-006, -0.851510937, 8.49778408e-006, 1, -4.89061782e-006, 0, 0, 0, 0, 0, 0, 0, 0.345634326, -0.152439526, -0.147998877, -0.545151282, 0.735940502, -0.401408369, -0.819946289, -0.368652344, 0.43762207, 0.174093754, 0.567767016, 0.804634078, 0, -0, 0, 0, 0, 0, 0, 0.373213672, -0.107363525, -0.128274658, -0.277989645, 0.295121597, -0.914053038, -0.282226562, -0.934570313, -0.216064453, -0.918120594, 0.198071358, 0.343225313, 0, 3, 5, 1, 
829.133654, 72, 0.1, 0.1, -0.00908426186, 0.351296511, -0.0199667188, 0.851510338, -1.71522334e-005, 0.524337815, 0.524337815, -1.27151432e-005, -0.851510338, 2.12723345e-005, 1, -1.8335113e-006, 0.851510438, 1.06002743e-006, 0.524337652, 0.524337652, 4.24778605e-006, -0.851510438, -3.12989859e-006, 1, 3.06122187e-006, 0, 0, 0, 0, 0, 0, 0, 0.345634326, -0.152439526, -0.147998877, -0.545151282, 0.735940502, -0.401408369, -0.819946289, -0.368652344, 0.43762207, 0.174093754, 0.567767016, 0.804634078, 0, -0, 0, 0, 0, 0, 0, 0.373213672, -0.107363525, -0.128274658, -0.277989645, 0.295121597, -0.914053038, -0.282226562, -0.934570313, -0.216064453, -0.918120594, 0.198071358, 0.343225313, 0, 3, 5, 1, 
829.134343, 72, 0.1, 0.1, -0.00908425939, 0.351296512, -0.0199646926, 0.851509907, 2.09760075e-005, 0.524338514, 0.524338514, 1.83351079e-005, -0.851509907, -2.74750815e-005, 1, 4.61399736e-006, 0.851509995, -2.08942936e-006, 0.524338372, 0.524338372, -2.62578176e-006, -0.851509995, 3.15596812e-006, 1, -1.14031142e-006, 0, 0, 0, 0, 0, 0, 0, 0.345634326, -0.152439526, -0.147998877, -0.545151282, 0.735940502, -0.401408369, -0.819946289, -0.368652344, 0.43762207, 0.174093754, 0.567767016, 0.804634078, 0, -0, 0, 0, 0, 0, 0, 0.373213672, -0.107363525, -0.128274658, -0.277989645, 0.295121597, -0.914053038, -0.282226562, -0.934570313, -0.216064453, -0.918120594, 0.198071358, 0.343225313, 0, 3, 5, 1, 
829.135049, 72, 0.1, 0.1, -0.00908426589, 0.351296509, -0.0199642494, 0.851509534, 9.30512684e-006, 0.52433912, 0.524339121, -1.83151981e-005, -0.851509534, 1.67997064e-006, 1, -2.04746078e-005, 0.851509591, 3.12393596e-005, 0.524339027, 0.524339027, -2.7295214e-007, -0.851509592, -2.64574949e-005, 1, -1.66124368e-005, 0, 0, 0, 0, 0, 0, 0, 0.34601355, -0.15244624, -0.147909399, -0.546546794, 0.735845022, -0.399663137, -0.818847656, -0.369628906, 0.439086914, 0.175427109, 0.567164179, 0.804728436, 0, -0, 0, 0, 0, 0, 0, 0.373213672, -0.107363525, -0.128274658, -0.277989645, 0.295121597, -0.914053038, -0.282226562, -0.934570313, -0.216064453, -0.918120594, 0.198071358, 0.343225313, 0, 3, 5, 1, 
829.135745, 72, 0.1, 0.1, -0.00908426424, 0.35129651, -0.0199653508, 0.851509412, 1.11454728e-005, 0.524339319, 0.524339319, -3.0266323e-006, -0.851509412, -7.9034927e-006, 1, -8.42121554e-006, 0.851509417, -1.99296537e-006, 0.524339311, 0.524339311, 6.44409206e-006, -0.851509417, -1.68186201e-006, 1, 6.53219516e-006, 0, 0, 0, 0, 0, 0, 0, 0.34601355, -0.15244624, -0.147909399, -0.546546794, 0.735845022, -0.399663137, -0.818847656, -0.369628906, 0.439086914, 0.175427109, 0.567164179, 0.804728436, 0, -0, 0, 0, 0, 0, 0, 0.373213672, -0.107363525, -0.128274658, -0.277989645, 0.295121597, -0.914053038, -0.282226562, -0.934570313, -0.216064453, -0.918120594, 0.198071358, 0.343225313, 0, 3, 5, 1, 
829.136436, 72, 0.1, 0.1, -0.00908426311, 0.351296509, -0.019967653, 0.851509472, 1.00209661e-006, 0.524339222, 0.524339222, 1.58872214e-005, -0.851509472, -9.18358807e-006, 1, 1.3002681e-005, 0.851509447, -1.52342953e-005, 0.524339262, 0.524339262, 1.10938196e-005, -0.851509447, 7.1552212e-006, 1, 1.74344314e-005, 0, 0, 0, 0, 0, 0, 0, 0.34601355, -0.15244624, -0.147909399, -0.546546794, 0.735845022, -0.399663137, -0.818847656, -0.369628906, 0.439086914, 0.175427109, 0.567164179, 0.804728436, 0, -0, 0, 0, 0, 0, 0, 0.373213672, -0.107363525, -0.128274658, -0.277989645, 0.295121597, -0.914053038, -0.282226562, -0.934570313, -0.216064453, -0.918120594, 0.198071358, 0.343225313, 0, 3, 5, 1, 
829.13713, 72, 0.1, 0.1, -0.00908426335, 0.351296507, -0.0199704141, 0.851509691, -9.16006932e-006, 0.524338865, 0.524338865, 1.54938678e-005, -0.851509691, -3.24149291e-007, 1, 1.7996159e-005, 0.851509638, -1.15762728e-005, 0.524338952, 0.524338952, 8.89168468e-006, -0.851509638, 5.19505126e-006, 1, 1.3641246e-005, 0, 0, 0, 0, 0, 0, 0, 0.34601355, -0.15244624, -0.147909399, -0.546546794, 0.735845022, -0.399663137, -0.818847656, -0.369628906, 0.439086914, 0.175427109, 0.567164179, 0.804728436, 0, -0, 0, 0, 0, 0, 0, 0.373213672, -0.107363525, -0.128274658, -0.277989645, 0.295121597, -0.914053038, -0.282226562, -0.934570313, -0.216064453, -0.918120594, 0.198071358, 0.343225313, 0, 3, 5, 1, 
829.137851, 72, 0.1, 0.1, -0.00908426325, 0.351296507, -0.0199725724, 0.851509941, -4.3548782e-006, 0.524338459, 0.524338459, 8.68100516e-006, -0.851509941, -8.43562785e-007, 1, 9.67539232e-006, 0.851509899, 5.13726951e-006, 0.524338527, 0.524338527, -1.1070989e-007, -0.851509899, -4.31638638e-006, 1, -2.7879389e-006, 0, 0, 0, 0, 0, 0, 0, 0.346587695, -0.15181582, -0.147621094, -0.548412594, 0.735083425, -0.398400175, -0.817626953, -0.371337891, 0.439819336, 0.175351847, 0.56703762, 0.804899178, 0, -0, 0, 0, 0, 0, 0, 0.373758887, -0.10721792, -0.128219482, -0.279810669, 0.294967746, -0.913548109, -0.279541016, -0.935302734, -0.216430664, -0.918311992, 0.194863877, 0.344260325, 0, 3, 5, 1, 
829.138539, 72, 0.1, 0.1, -0.00908426263, 0.351296506, -0.0199736674, 0.85151005, 1.1605725e-005, 0.524338283, 0.524338283, 1.1720791e-006, -0.85151005, -1.04969575e-005, 1, -5.08728881e-006, 0.851510041, 9.38031282e-006, 0.524338297, 0.524338297, -4.77704332e-006, -0.851510041, -5.48264379e-006, 1, -8.98615761e-006, 0, 0, 0, 0, 0, 0, 0, 0.346587695, -0.15181582, -0.147621094, -0.548412594, 0.735083425, -0.398400175, -0.817626953, -0.371337891, 0.439819336, 0.175351847, 0.56703762, 0.804899178, 0, -0, 0, 0, 0, 0, 0, 0.373758887, -0.10721792, -0.128219482, -0.279810669, 0.294967746, -0.913548109, -0.279541016, -0.935302734, -0.216430664, -0.918311992, 0.194863877, 0.344260325, 0, 3, 5, 1, 
829.139236, 72, 0.1, 0.1, -0.0090842628, 0.351296506, -0.0199735416, 0.851510014, 1.64221668e-005, 0.524338341, 0.524338341, -4.2024736e-006, -0.851510014, -1.17801214e-005, 1, -1.218922e-005, 0.851510033, 2.9138701e-006, 0.52433831, 0.52433831, -7.61816495e-006, -0.851510033, 1.51330611e-006, 1, -8.01479762e-006, 0, 0, 0, 0, 0, 0, 0, 0.346587695, -0.15181582, -0.147621094, -0.548412594, 0.735083425, -0.398400175, -0.817626953, -0.371337891, 0.439819336, 0.175351847, 0.56703762, 0.804899178, 0, -0, 0, 0, 0, 0, 0, 0.373758887, -0.10721792, -0.128219482, -0.279810669, 0.294967746, -0.913548109, -0.279541016, -0.935302734, -0.216430664, -0.918311992, 0.194863877, 0.344260325, 0, 3, 5, 1, 
829.139933, 72, 0.1, 0.1, -0.0090842638, 0.351296505, -0.0199722766, 0.851509846, 6.93202108e-006, 0.524338613, 0.524338613, -8.09171499e-006, -0.851509846, -1.65988559e-006, 1, -1.05249013e-005, 0.851509888, -4.60320666e-006, 0.524338545, 0.524338545, 6.16828647e-007, -0.851509888, 3.59624895e-006, 1, 2.93887437e-006, 0, 0, 0, 0, 0, 0, 0, 0.346587695, -0.15181582, -0.147621094, -0.548412594, 0.735083425, -0.398400175, -0.817626953, -0.371337891, 0.439819336, 0.175351847, 0.56703762, 0.804899178, 0, -0, 0, 0, 0, 0, 0, 0.373758887, -0.10721792, -0.128219482, -0.279810669, 0.294967746, -0.913548109, -0.279541016, -0.935302734, -0.216430664, -0.918311992, 0.194863877, 0.344260325, 0, 3, 5, 1, 
829.140632, 72, 0.1, 0.1, -0.00908426422, 0.351296505, -0.0199703144, 0.851509665, -1.06930458e-006, 0.524338908, 0.524338908, 3.03395985e-006, -0.851509665, -6.80300009e-007, 1, 3.14412414e-006, 0.851509699, -3.07362122e-007, 0.524338852, 0.524338852, 9.80752757e-006, -0.851509699, -4.88074592e-006, 1, 8.51236675e-006, 0, 0, 0, 0, 0, 0, 0, 0.346587695, -0.15181582, -0.147621094, -0.548412594, 0.735083425, -0.398400175, -0.817626953, -0.371337891, 0.439819336, 0.175351847, 0.56703762, 0.804899178, 0, -0, 0, 0, 0, 0, 0, 0.373758887, -0.10721792, -0.128219482, -0.279810669, 0.294967746, -0.913548109, -0.279541016, -0.935302734, -0.216430664, -0.918311992, 0.194863877, 0.344260325, 0, 3, 5, 1, 
829.141325, 72, 0.1, 0.1, -0.00908426407, 0.351296506, -0.019968275, 0.851509512, 5.13115784e-006, 0.524339157, 0.524339157, 1.5096256e-005, -0.851509512, -1.22847879e-005, 1, 1.01641386e-005, 0.851509541, 3.07072134e-006, 0.524339109, 0.524339109, 7.8355656e-006, -0.851509541, -6.723242e-006, 1, 5.06195958e-006, 0, 0, 0, 0, 0, 0, 0, 0.346587695, -0.15181582, -0.147621094, -0.548412594, 0.735083425, -0.398400175, -0.817626953, -0.371337891, 0.439819336, 0.175351847, 0.56703762, 0.804899178, 0, -0, 0, 0, 0, 0, 0, 0.373758887, -0.10721792, -0.128219482, -0.279810669, 0.294967746, -0.913548109, -0.279541016, -0.935302734, -0.216430664, -0.918311992, 0.194863877, 0.344260325, 0, 3, 5, 1, 
829.142361, 72, 0.1, 0.1, -0.00908426443, 0.351296505, -0.0199631518, 0.851509319, 8.95514541e-006, 0.52433947, 0.52433947, 4.1422215e-005, -0.851509318, -2.9344692e-005, 0.999999999, 3.05758659e-005, 0.851509365, -1.55507338e-006, 0.524339395, 0.524339395, -7.80108602e-006, -0.851509365, 5.41457627e-006, 1, -5.82731157e-006, 0, 0, 0, 0, 0, 0, 0, 0.346587695, -0.15181582, -0.147621094, -0.548017569, 0.735864118, -0.397569307, -0.817138672, -0.369384766, 0.442382813, 0.178626263, 0.567284746, 0.803902438, 0, -0, 0, 0, 0, 0, 0, 0.373758887, -0.10721792, -0.128219482, -0.282206618, 0.294399017, -0.913023856, -0.279418945, -0.935546875, -0.215332031, -0.917704617, 0.194435873, 0.34627931, 0, 3, 5, 1, 
829.143484, 72, 0.1, 0.1, -0.0090842651, 0.351296501, -0.019952435, 0.851509149, -1.7124103e-006, 0.524339747, 0.524339747, -6.20457911e-006, -0.851509149, 4.71144048e-006, 1, -4.38537109e-006, 0.851509179, -5.80767915e-006, 0.524339697, 0.524339696, -2.56580505e-005, -0.851509179, 1.83988265e-005, 1, -1.88028688e-005, 0, 0, 0, 0, 0, 0, 0, 0.346394604, -0.152444897, -0.147135181, -0.548017569, 0.735864118, -0.397569307, -0.817138672, -0.369384766, 0.442382813, 0.178626263, 0.567284746, 0.803902438, 0, -0, 0, 0, 0, 0, 0, 0.373836377, -0.107711035, -0.127919092, -0.282206618, 0.294399017, -0.913023856, -0.279418945, -0.935546875, -0.215332031, -0.917704617, 0.194435873, 0.34627931, 0, 3, 5, 1, 
829.144613, 72, 0.1, 0.1, -0.0090842662, 0.351296496, -0.019942184, 0.851509007, -1.04753103e-005, 0.524339976, 0.524339975, -4.48595975e-005, -0.851509007, 3.24415013e-005, 0.999999999, -3.27057273e-005, 0.851509034, -6.39138356e-006, 0.524339932, 0.524339932, -2.48923522e-005, -0.851509034, 1.84943751e-005, 1, -1.78448051e-005, 0, 0, 0, 0, 0, 0, 0, 0.346394604, -0.152444897, -0.147135181, -0.548017569, 0.735864118, -0.397569307, -0.817138672, -0.369384766, 0.442382813, 0.178626263, 0.567284746, 0.803902438, 0, -0, 0, 0, 0, 0, 0, 0.373836377, -0.107711035, -0.127919092, -0.282206618, 0.294399017, -0.913023856, -0.279418945, -0.935546875, -0.215332031, -0.917704617, 0.194435873, 0.34627931, 0, 3, 5, 1, 
829.145738, 72, 0.1, 0.1, -0.00908426724, 0.351296491, -0.0199369384, 0.851508884, -7.9783156e-006, 0.524340176, 0.524340175, -3.83154267e-005, -0.851508884, 2.68839242e-005, 0.999999999, -2.84425748e-005, 0.851508906, 7.35498915e-006, 0.52434014, 0.52434014, 3.10487303e-005, -0.851508906, -2.25429344e-005, 0.999999999, 2.25817543e-005, 0, 0, 0, 0, 0, 0, 0, 0.346394604, -0.152444897, -0.147135181, -0.548017569, 0.735864118, -0.397569307, -0.817138672, -0.369384766, 0.442382813, 0.178626263, 0.567284746, 0.803902438, 0, -0, 0, 0, 0, 0, 0, 0.373836377, -0.107711035, -0.127919092, -0.282206618, 0.294399017, -0.913023856, -0.279418945, -0.935546875, -0.215332031, -0.917704617, 0.194435873, 0.34627931, 0, 3, 5, 1, 
829.146884, 72, 0.1, 0.1, -0.00908426685, 0.351296491, -0.0199385346, 0.851508788, 2.37697946e-006, 0.524340332, 0.524340332, 1.96015885e-005, -0.851508788, -1.23019223e-005, 1, 1.54445787e-005, 0.851508807, 8.66812783e-006, 0.524340301, 0.5243403, 4.60779009e-005, -0.851508806, -3.15414876e-005, 0.999999999, 3.46906896e-005, 0, 0, 0, 0, 0, 0, 0, 0.346394604, -0.152444897, -0.147135181, -0.548066622, 0.736543339, -0.396376738, -0.81628418, -0.367675781, 0.4453125, 0.182218198, 0.567671536, 0.80284841, 0, -0, 0, 0, 0, 0, 0, 0.373836377, -0.107711035, -0.127919092, -0.282206618, 0.294399017, -0.913023856, -0.279418945, -0.935546875, -0.215332031, -0.917704617, 0.194435873, 0.34627931, 0, 3, 5, 1, 
829.148033, 72, 0.1, 0.1, -0.00908426526, 0.3512965, -0.0199446964, 0.85150869, 1.2197895e-005, 0.524340491, 0.52434049, 2.84407219e-005, -0.85150869, -2.52992357e-005, 1, 1.78216716e-005, 0.85150871, 6.29917068e-006, 0.524340459, 0.524340459, 8.80344778e-006, -0.85150871, -9.97980254e-006, 1, 4.19330242e-006, 0, 0, 0, 0, 0, 0, 0, 0.346403027, -0.152855493, -0.146854199, -0.548066622, 0.736543339, -0.396376738, -0.81628418, -0.367675781, 0.4453125, 0.182218198, 0.567671536, 0.80284841, 0, -0, 0, 0, 0, 0, 0, 0.373708936, -0.108187549, -0.127841943, -0.284372524, 0.294073092, -0.912499604, -0.279418945, -0.935791016, -0.214477539, -0.916950321, 0.194033389, 0.348298294, 0, 3, 5, 1, 
829.149154, 72, 0.1, 0.1, -0.0090842649, 0.351296507, -0.0199529231, 0.851508614, 3.88595525e-006, 0.524340615, 0.524340615, 1.49035408e-005, -0.851508614, -1.11234561e-005, 1, 1.06529292e-005, 0.851508624, -5.72694164e-006, 0.524340599, 0.524340598, -3.69241904e-005, -0.851508623, 2.42373923e-005, 0.999999999, -2.84383986e-005, 0, 0, 0, 0, 0, 0, 0, 0.346403027, -0.152855493, -0.146854199, -0.548066622, 0.736543339, -0.396376738, -0.81628418, -0.367675781, 0.4453125, 0.182218198, 0.567671536, 0.80284841, 0, -0, 0, 0, 0, 0, 0, 0.373708936, -0.108187549, -0.127841943, -0.284372524, 0.294073092, -0.912499604, -0.279418945, -0.935791016, -0.214477539, -0.916950321, 0.194033389, 0.348298294, 0, 3, 5, 1, 
829.150324, 72, 0.1, 0.1, -0.00908426307, 0.351296507, -0.0199587601, 0.851508536, -9.956731e-006, 0.524340742, 0.524340742, -1.48952047e-005, -0.851508536, 1.62884041e-005, 1, -7.46267426e-006, 0.851508551, -1.43210513e-005, 0.524340718, 0.524340717, -3.21381473e-005, -0.85150855, 2.90458368e-005, 0.999999999, -1.98567969e-005, 0, 0, 0, 0, 0, 0, 0, 0.346227515, -0.153491406, -0.14661521, -0.547354078, 0.73715928, -0.395983956, -0.815917969, -0.364990234, 0.448242188, 0.185936693, 0.568439124, 0.801426689, 0, -0, 0, 0, 0, 0, 0, 0.373586621, -0.108845312, -0.127519824, -0.286576709, 0.293983773, -0.911770828, -0.280761719, -0.935668945, -0.213500977, -0.915831821, 0.1948832, 0.350707003, 0, 3, 5, 1, 
829.151445, 72, 0.1, 0.1, -0.00908426366, 0.351296502, -0.0199601167, 0.85150848, -2.38472217e-006, 0.524340833, 0.524340832, -2.24230862e-005, -0.85150848, 1.37879508e-005, 1, -1.78430408e-005, 0.851508489, -1.83956975e-006, 0.524340817, 0.524340817, -1.02515208e-005, -0.851508489, 6.94170002e-006, 1, -7.76469544e-006, 0, 0, 0, 0, 0, 0, 0, 0.346227515, -0.153491406, -0.14661521, -0.547354078, 0.73715928, -0.395983956, -0.815917969, -0.364990234, 0.448242188, 0.185936693, 0.568439124, 0.801426689, 0, -0, 0, 0, 0, 0, 0, 0.373586621, -0.108845312, -0.127519824, -0.286576709, 0.293983773, -0.911770828, -0.280761719, -0.935668945, -0.213500977, -0.915831821, 0.1948832, 0.350707003, 0, 3, 5, 1, 
829.152562, 72, 0.1, 0.1, -0.00908426692, 0.351296495, -0.0199571678, 0.851508419, 1.1487955e-006, 0.524340932, 0.524340932, -1.26868277e-005, -0.851508419, 5.674014e-006, 1, -1.14053011e-005, 0.851508432, 1.34874566e-005, 0.52434091, 0.524340909, 3.27792557e-005, -0.851508432, -2.86721878e-005, 0.999999999, 2.08397873e-005, 0, 0, 0, 0, 0, 0, 0, 0.346227515, -0.153491406, -0.14661521, -0.547354078, 0.73715928, -0.395983956, -0.815917969, -0.364990234, 0.448242188, 0.185936693, 0.568439124, 0.801426689, 0, -0, 0, 0, 0, 0, 0, 0.373586621, -0.108845312, -0.127519824, -0.286576709, 0.293983773, -0.911770828, -0.280761719, -0.935668945, -0.213500977, -0.915831821, 0.1948832, 0.350707003, 0, 3, 5, 1, 
829.153267, 72, 0.1, 0.1, -0.00908426709, 0.351296494, -0.0199566999, 0.851508387, 7.40382586e-007, 0.524340984, 0.524340984, 1.45026598e-005, -0.851508387, -8.23478089e-006, 1, 1.19609235e-005, 0.851508393, 4.38205774e-006, 0.524340973, 0.524340973, 2.47354885e-005, -0.851508393, -1.6701189e-005, 1, 1.87647836e-005, 0, 0, 0, 0, 0, 0, 0, 0.346227515, -0.153491406, -0.14661521, -0.547354078, 0.73715928, -0.395983956, -0.815917969, -0.364990234, 0.448242188, 0.185936693, 0.568439124, 0.801426689, 0, -0, 0, 0, 0, 0, 0, 0.373586621, -0.108845312, -0.127519824, -0.286576709, 0.293983773, -0.911770828, -0.280761719, -0.935668945, -0.213500977, -0.915831821, 0.1948832, 0.350707003, 0, 3, 5, 1, 
829.153958, 72, 0.1, 0.1, -0.00908426604, 0.351296494, -0.0199600717, 0.851508355, 3.56252166e-007, 0.524341035, 0.524341035, 1.97382283e-005, -0.851508355, -1.06529148e-005, 1, 1.66204687e-005, 0.851508361, -1.75757425e-006, 0.524341026, 0.524341026, 1.16765756e-005, -0.851508361, -4.62591843e-006, 1, 1.086427e-005, 0, 0, 0, 0, 0, 0, 0, 0.346227515, -0.153491406, -0.14661521, -0.547354078, 0.73715928, -0.395983956, -0.815917969, -0.364990234, 0.448242188, 0.185936693, 0.568439124, 0.801426689, 0, -0, 0, 0, 0, 0, 0, 0.373586621, -0.108845312, -0.127519824, -0.286576709, 0.293983773, -0.911770828, -0.280761719, -0.935668945, -0.213500977, -0.915831821, 0.1948832, 0.350707003, 0, 3, 5, 1, 
829.154677, 72, 0.1, 0.1, -0.00908426523, 0.351296496, -0.0199659698, 0.851508327, 1.27492842e-006, 0.52434108, 0.52434108, 5.05418496e-006, -0.851508327, -3.73572897e-006, 1, 3.63518323e-006, 0.851508334, -4.96779242e-006, 0.52434107, 0.52434107, -1.59430285e-005, -0.851508334, 1.25897012e-005, 1, -1.0970804e-005, 0, 0, 0, 0, 0, 0, 0, 0.346294287, -0.154338354, -0.146393188, -0.546235649, 0.738016357, -0.395933782, -0.815917969, -0.362182617, 0.450561523, 0.189096533, 0.56916852, 0.800182822, 0, -0, 0, 0, 0, 0, 0, 0.373527295, -0.109897803, -0.127446094, -0.287784162, 0.294424903, -0.911221055, -0.282836914, -0.935180664, -0.212890625, -0.914854045, 0.19652522, 0.352483184, 0, 3, 5, 1, 
829.155369, 72, 0.1, 0.1, -0.00908426548, 0.351296497, -0.0199723366, 0.851508304, 4.44587055e-007, 0.524341118, 0.524341118, -1.35499486e-005, -0.851508304, 6.72622565e-006, 1, -1.17710091e-005, 0.851508309, -1.22564439e-006, 0.524341111, 0.524341111, -1.96134432e-005, -0.851508308, 1.1327781e-005, 1, -1.60583541e-005, 0, 0, 0, 0, 0, 0, 0, 0.346294287, -0.154338354, -0.146393188, -0.546235649, 0.738016357, -0.395933782, -0.815917969, -0.362182617, 0.450561523, 0.189096533, 0.56916852, 0.800182822, 0, -0, 0, 0, 0, 0, 0, 0.373527295, -0.109897803, -0.127446094, -0.287784162, 0.294424903, -0.911221055, -0.282836914, -0.935180664, -0.212890625, -0.914854045, 0.19652522, 0.352483184, 0, 3, 5, 1, 
829.156074, 72, 0.1, 0.1, -0.0090842661, 0.351296497, -0.019977492, 0.851508282, -6.69201593e-007, 0.524341153, 0.524341153, -1.2903245e-005, -0.851508282, 7.33553306e-006, 1, -1.063633e-005, 0.851508286, 8.43054276e-007, 0.524341147, 0.524341147, -8.65671416e-006, -0.851508286, 3.82120373e-006, 1, -7.81331188e-006, 0, 0, 0, 0, 0, 0, 0, 0.346294287, -0.154338354, -0.146393188, -0.546235649, 0.738016357, -0.395933782, -0.815917969, -0.362182617, 0.450561523, 0.189096533, 0.56916852, 0.800182822, 0, -0, 0, 0, 0, 0, 0, 0.373527295, -0.109897803, -0.127446094, -0.287784162, 0.294424903, -0.911221055, -0.282836914, -0.935180664, -0.212890625, -0.914854045, 0.19652522, 0.352483184, 0, 3, 5, 1, 
829.156769, 72, 0.1, 0.1, -0.00908426623, 0.351296496, -0.019979918, 0.851508265, -2.74342083e-006, 0.524341182, 0.524341182, -5.13886449e-006, -0.851508265, 5.03056379e-006, 1, -2.93729706e-006, 0.851508269, 9.72200803e-007, 0.524341175, 0.524341175, 7.26278849e-006, -0.851508269, -4.63601607e-006, 1, 5.67455954e-006, 0, 0, 0, 0, 0, 0, 0, 0.346294287, -0.154338354, -0.146393188, -0.546235649, 0.738016357, -0.395933782, -0.815917969, -0.362182617, 0.450561523, 0.189096533, 0.56916852, 0.800182822, 0, -0, 0, 0, 0, 0, 0, 0.373527295, -0.109897803, -0.127446094, -0.287784162, 0.294424903, -0.911221055, -0.282836914, -0.935180664, -0.212890625, -0.914854045, 0.19652522, 0.352483184, 0, 3, 5, 1, 
829.157459, 72, 0.1, 0.1, -0.00908426584, 0.351296495, -0.0199792183, 0.851508249, -1.10173398e-006, 0.524341208, 0.524341208, 8.71105066e-006, -0.851508249, -3.62942725e-006, 1, 7.99521602e-006, 0.851508252, 3.24702589e-008, 0.524341203, 0.524341203, 1.35658179e-005, -0.851508252, -7.14076598e-006, 1, 1.15343804e-005, 0, 0, 0, 0, 0, 0, 0, 0.346294287, -0.154338354, -0.146393188, -0.546235649, 0.738016357, -0.395933782, -0.815917969, -0.362182617, 0.450561523, 0.189096533, 0.56916852, 0.800182822, 0, -0, 0, 0, 0, 0, 0, 0.373527295, -0.109897803, -0.127446094, -0.287784162, 0.294424903, -0.911221055, -0.282836914, -0.935180664, -0.212890625, -0.914854045, 0.19652522, 0.352483184, 0, 3, 5, 1, 
829.158207, 72, 0.1, 0.1, -0.00908426538, 0.351296495, -0.0199752336, 0.851508233, 2.63058503e-006, 0.524341234, 0.524341234, 1.48418514e-005, -0.851508233, -1.00221595e-005, 1, 1.12586344e-005, 0.851508236, 6.52683654e-007, 0.524341228, 0.524341228, 9.68216524e-006, -0.851508236, -5.63252392e-006, 1, 7.90221449e-006, 0, 0, 0, 0, 0, 0, 0, 0.346294287, -0.154338354, -0.146393188, -0.546235649, 0.738016357, -0.395933782, -0.815917969, -0.362182617, 0.450561523, 0.189096533, 0.56916852, 0.800182822, 0, -0, 0, 0, 0, 0, 0, 0.373527295, -0.109897803, -0.127446094, -0.287784162, 0.294424903, -0.911221055, -0.282836914, -0.935180664, -0.212890625, -0.914854045, 0.19652522, 0.352483184, 0, 3, 5, 1, 
829.158959, 72, 0.1, 0.1, -0.00908426541, 0.351296496, -0.0199687375, 0.851508223, 4.62009364e-006, 0.524341249, 0.524341249, 1.20408617e-005, -0.851508223, -1.02475682e-005, 1, 7.8303871e-006, 0.851508225, -8.4538352e-007, 0.524341246, 0.524341246, -1.06725072e-005, -0.851508225, 6.31588676e-006, 1, -8.64445825e-006, 0, 0, 0, 0, 0, 0, 0, 0.346294287, -0.154338354, -0.146393188, -0.544589645, 0.740535168, -0.393744472, -0.815917969, -0.359008789, 0.45300293, 0.194026693, 0.567904436, 0.799959662, 0, -0, 0, 0, 0, 0, 0, 0.373527295, -0.109897803, -0.127446094, -0.287784162, 0.294424903, -0.911221055, -0.282836914, -0.935180664, -0.212890625, -0.914854045, 0.19652522, 0.352483184, 0, 3, 5, 1, 
829.159661, 72, 0.1, 0.1, -0.00908426544, 0.351296496, -0.0199631155, 0.851508214, -3.13837677e-006, 0.524341264, 0.524341264, -9.89925925e-006, -0.851508214, 7.86294371e-006, 1, -6.78372012e-006, 0.851508215, -4.46871418e-006, 0.524341263, 0.524341262, -1.91224505e-005, -0.851508215, 1.38318367e-005, 1, -1.39397925e-005, 0, 0, 0, 0, 0, 0, 0, 0.345946924, -0.154883203, -0.146728467, -0.544589645, 0.740535168, -0.393744472, -0.815917969, -0.359008789, 0.45300293, 0.194026693, 0.567904436, 0.799959662, 0, -0, 0, 0, 0, 0, 0, 0.37343501, -0.110842383, -0.127532129, -0.289662422, 0.296444254, -0.910044952, -0.285766602, -0.934082031, -0.213378906, -0.91333306, 0.198333118, 0.355307137, 0, 3, 5, 1, 
829.16035, 72, 0.1, 0.1, -0.00908426525, 0.351296495, -0.0199599401, 0.851508209, -6.59919289e-006, 0.524341272, 0.524341272, -2.07052858e-005, -0.851508209, 1.64759028e-005, 1, -1.41704916e-005, 0.85150821, -4.95236732e-006, 0.52434127, 0.52434127, -1.2658199e-005, -0.85150821, 1.08541976e-005, 1, -8.18182977e-006, 0, 0, 0, 0, 0, 0, 0, 0.345946924, -0.154883203, -0.146728467, -0.544589645, 0.740535168, -0.393744472, -0.815917969, -0.359008789, 0.45300293, 0.194026693, 0.567904436, 0.799959662, 0, -0, 0, 0, 0, 0, 0, 0.37343501, -0.110842383, -0.127532129, -0.289662422, 0.296444254, -0.910044952, -0.285766602, -0.934082031, -0.213378906, -0.91333306, 0.198333118, 0.355307137, 0, 3, 5, 1, 
829.161041, 72, 0.1, 0.1, -0.00908426554, 0.351296494, -0.0199598399, 0.851508203, -1.79977781e-006, 0.524341282, 0.524341282, -1.26117922e-005, -0.851508203, 8.14540884e-006, 1, -9.79534668e-006, 0.851508204, 4.08998389e-006, 0.524341281, 0.524341281, 1.33846513e-005, -0.851508204, -1.05007801e-005, 1, 9.25259302e-006, 0, 0, 0, 0, 0, 0, 0, 0.345946924, -0.154883203, -0.146728467, -0.544589645, 0.740535168, -0.393744472, -0.815917969, -0.359008789, 0.45300293, 0.194026693, 0.567904436, 0.799959662, 0, -0, 0, 0, 0, 0, 0, 0.37343501, -0.110842383, -0.127532129, -0.289662422, 0.296444254, -0.910044952, -0.285766602, -0.934082031, -0.213378906, -0.91333306, 0.198333118, 0.355307137, 0, 3, 5, 1, 
829.161753, 72, 0.1, 0.1, -0.00908426577, 0.351296493, -0.0199626397, 0.8515082, 2.23149189e-006, 0.524341288, 0.524341288, 1.15223421e-005, -0.8515082, -7.94177332e-006, 1, 8.64130542e-006, 0.851508201, 5.18091778e-006, 0.524341286, 0.524341286, 2.05585803e-005, -0.851508201, -1.51913064e-005, 1, 1.47892307e-005, 0, 0, 0, 0, 0, 0, 0, 0.345946924, -0.154883203, -0.146728467, -0.544589645, 0.740535168, -0.393744472, -0.815917969, -0.359008789, 0.45300293, 0.194026693, 0.567904436, 0.799959662, 0, -0, 0, 0, 0, 0, 0, 0.37343501, -0.110842383, -0.127532129, -0.292550174, 0.299255814, -0.908146636, -0.288818359, -0.932983398, -0.214477539, -0.911549949, 0.199610566, 0.359434425, 0, 3, 5, 1, 
829.162449, 72, 0.1, 0.1, -0.00908426532, 0.351296494, -0.0199670722, 0.851508193, 2.7142383e-006, 0.524341298, 0.524341298, 1.58852315e-005, -0.851508193, -1.06404791e-005, 1, 1.21032176e-005, 0.851508194, 8.28227916e-007, 0.524341297, 0.524341297, 9.03861109e-006, -0.851508194, -5.44455991e-006, 1, 7.2621773e-006, 0, 0, 0, 0, 0, 0, 0, 0.345946924, -0.154883203, -0.146728467, -0.544589645, 0.740535168, -0.393744472, -0.815917969, -0.359008789, 0.45300293, 0.194026693, 0.567904436, 0.799959662, 0, -0, 0, 0, 0, 0, 0, 0.372834961, -0.111745703, -0.127989453, -0.292550174, 0.299255814, -0.908146636, -0.288818359, -0.932983398, -0.214477539, -0.911549949, 0.199610566, 0.359434425, 0, 3, 5, 1, 
829.163141, 72, 0.1, 0.1, -0.00908426517, 0.351296494, -0.0199719483, 0.851508189, 2.7652545e-006, 0.524341305, 0.524341305, 6.35282802e-006, -0.851508189, -5.68568698e-006, 1, 3.95954793e-006, 0.85150819, -1.705e-006, 0.524341303, 0.524341303, -1.14853584e-005, -0.85150819, 7.47406922e-006, 1, -8.88587478e-006, 0, 0, 0, 0, 0, 0, 0, 0.345946924, -0.154883203, -0.146728467, -0.544589645, 0.740535168, -0.393744472, -0.815917969, -0.359008789, 0.45300293, 0.194026693, 0.567904436, 0.799959662, 0, -0, 0, 0, 0, 0, 0, 0.372834961, -0.111745703, -0.127989453, -0.292550174, 0.299255814, -0.908146636, -0.288818359, -0.932983398, -0.214477539, -0.911549949, 0.199610566, 0.359434425, 0, 3, 5, 1, 
829.163831, 72, 0.1, 0.1, -0.00908426525, 0.351296495, -0.0199758837, 0.851508184, -1.63443787e-006, 0.524341312, 0.524341312, -8.55654064e-006, -0.851508184, 5.87828497e-006, 1, -6.42896109e-006, 0.851508185, -2.48610653e-006, 0.524341311, 0.524341311, -1.40628413e-005, -0.851508185, 9.49066871e-006, 1, -1.06710561e-005, 0, 0, 0, 0, 0, 0, 0, 0.345946924, -0.154883203, -0.146728467, -0.544589645, 0.740535168, -0.393744472, -0.815917969, -0.359008789, 0.45300293, 0.194026693, 0.567904436, 0.799959662, 0, -0, 0, 0, 0, 0, 0, 0.372834961, -0.111745703, -0.127989453, -0.292550174, 0.299255814, -0.908146636, -0.288818359, -0.932983398, -0.214477539, -0.911549949, 0.199610566, 0.359434425, 0, 3, 5, 1, 
829.164541, 72, 0.1, 0.1, -0.00908426527, 0.351296494, -0.0199776471, 0.851508182, -3.30276885e-006, 0.524341316, 0.524341316, -1.00873114e-005, -0.851508182, 8.10152881e-006, 1, -6.85764999e-006, 0.851508183, -2.25086416e-006, 0.524341315, 0.524341315, -5.61486099e-006, -0.851508183, 4.86073285e-006, 1, -3.60087901e-006, 0, 0, 0, 0, 0, 0, 0, 0.345001978, -0.156006104, -0.147390234, -0.541748828, 0.744931762, -0.389207093, -0.815673828, -0.354248047, 0.45715332, 0.202598963, 0.565230613, 0.799735379, 0, -0, 0, 0, 0, 0, 0, 0.372834961, -0.111745703, -0.127989453, -0.292550174, 0.299255814, -0.908146636, -0.288818359, -0.932983398, -0.214477539, -0.911549949, 0.199610566, 0.359434425, 0, 3, 5, 1, 
829.16523, 72, 0.1, 0.1, -0.00908426542, 0.351296493, -0.0199769489, 0.85150818, -1.00428031e-006, 0.524341319, 0.524341319, -6.93316718e-006, -0.85150818, 4.49049892e-006, 1, -5.3770629e-006, 0.85150818, 2.21046791e-006, 0.52434132, 0.524341319, 8.08621535e-006, -0.85150818, -6.12216833e-006, 1, 5.72643886e-006, 0, 0, 0, 0, 0, 0, 0, 0.345001978, -0.156006104, -0.147390234, -0.541748828, 0.744931762, -0.389207093, -0.815673828, -0.354248047, 0.45715332, 0.202598963, 0.565230613, 0.799735379, 0, -0, 0, 0, 0, 0, 0, 0.372834961, -0.111745703, -0.127989453, -0.292550174, 0.299255814, -0.908146636, -0.288818359, -0.932983398, -0.214477539, -0.911549949, 0.199610566, 0.359434425, 0, 3, 5, 1, 
829.165922, 72, 0.1, 0.1, -0.00908426573, 0.351296492, -0.0199742088, 0.851508179, 2.55623116e-006, 0.524341321, 0.524341321, 8.78027309e-006, -0.851508179, -6.78051174e-006, 1, 6.13613672e-006, 0.851508179, 4.41114184e-006, 0.524341321, 0.52434132, 1.51240814e-005, -0.851508179, -1.16863041e-005, 1, 1.0565335e-005, 0, 0, 0, 0, 0, 0, 0, 0.345001978, -0.156006104, -0.147390234, -0.541748828, 0.744931762, -0.389207093, -0.815673828, -0.354248047, 0.45715332, 0.202598963, 0.565230613, 0.799735379, 0, -0, 0, 0, 0, 0, 0, 0.372834961, -0.111745703, -0.127989453, -0.292550174, 0.299255814, -0.908146636, -0.288818359, -0.932983398, -0.214477539, -0.911549949, 0.199610566, 0.359434425, 0, 3, 5, 1, 
829.166641, 72, 0.1, 0.1, -0.00908426562, 0.351296492, -0.0199700483, 0.851508178, 3.51235209e-006, 0.524341324, 0.524341323, 1.96069509e-005, -0.851508177, -1.32715311e-005, 1, 1.48538077e-005, 0.851508178, 2.21630786e-006, 0.524341324, 0.524341323, 1.40928071e-005, -0.851508177, -9.27664541e-006, 1, 1.08380387e-005, 0, 0, 0, 0, 0, 0, 0, 0.344409277, -0.156949829, -0.148679004, -0.540754714, 0.748465287, -0.383825743, -0.814208984, -0.351074219, 0.462280273, 0.211216538, 0.562569894, 0.799377425, 0, -0, 0, 0, 0, 0, 0, 0.372188525, -0.112466064, -0.128656592, -0.296191855, 0.301818008, -0.906165198, -0.290893555, -0.932128906, -0.215332031, -0.909600593, 0.199757121, 0.363938678, 0, 3, 5, 1, 
829.167329, 72, 0.1, 0.1, -0.00908426554, 0.351296492, -0.0199660842, 0.851508177, 4.26777634e-006, 0.524341324, 0.524341324, 1.3010505e-005, -0.851508177, -1.04559919e-005, 1, 8.84077991e-006, 0.851508178, -1.38455441e-006, 0.524341323, 0.524341323, -8.55139143e-006, -0.851508178, 5.6628073e-006, 1, -6.55560064e-006, 0, 0, 0, 0, 0, 0, 0, 0.344409277, -0.156949829, -0.148679004, -0.540754714, 0.748465287, -0.383825743, -0.814208984, -0.351074219, 0.462280273, 0.211216538, 0.562569894, 0.799377425, 0, -0, 0, 0, 0, 0, 0, 0.372188525, -0.112466064, -0.128656592, -0.296191855, 0.301818008, -0.906165198, -0.290893555, -0.932128906, -0.215332031, -0.909600593, 0.199757121, 0.363938678, 0, 3, 5, 1, 
