time, trialNum, realDorsalTactorPos, realVentralTactorPos, boxPosX, boxPosY, boxPosZ, boxLocalRot_11, boxLocalRot_12, boxLocalRot_13, boxLocalRot_21, boxLocalRot_22, boxLocalRot_23, boxLocalRot_31, boxLocalRot_32, boxLocalRot_33, boxGlobalRot_11, boxGlobalRot_12, boxGlobalRot_13, boxGlobalRot_21, boxGlobalRot_22, boxGlobalRot_23, boxGlobalRot_31, boxGlobalRot_32, boxGlobalRot_33, indexForceX, indexForceY, indexForceZ, indexForceGlobalX, indexForceGlobalY, indexForceGlobalZ, indexContact, indexPosX, indexPosY, indexPosZ, indexRot_11, indexRot_12, indexRot_13, indexRot_21, indexRot_22, indexRot_23, indexRot_31, indexRot_32, indexRot_33, thumbForceX, thumbForceY, thumbForceZ, thumbForceGlobalX, thumbForceGlobalY, thumbForceGlobalZ, thumbContact, thumbPosX, thumbPosY, thumbPosZ, thumbRot_11, thumbRot_12, thumbRot_13, thumbRot_21, thumbRot_22, thumbRot_23, thumbRot_31, thumbRot_32, thumbRot_33, manipForceTooHigh, cceExpType, mapping, trialSuccess, 
532.23879, 33, 0.1, 0.1, 0.0187690821, 0.359819134, -0.0199567332, 0.959768749, -1.30192855e-005, -0.280791647, 0.280791648, 2.61766418e-005, 0.959768748, -5.14532098e-006, -1, 2.87792293e-005, 0.959768648, -2.97420884e-005, -0.280791988, 0.280791989, 2.12098177e-005, 0.959768648, -2.25899771e-005, -0.999999999, 2.87078582e-005, 0, 0, 0, 0, 0, 0, 0, 0.343431372, -0.147635669, -0.222014258, 0.316740365, 0.458592721, -0.830202093, -0.787841797, 0.614624023, 0.0388183594, 0.528119915, 0.641851021, 0.55615298, 0, 0, -0, 0, 0, 0, 0, 0.387480469, -0.125323096, -0.189836719, 0.369274768, -0.175777297, -0.912497269, 0.148071289, -0.958129883, 0.244506836, -0.917353368, -0.225296405, -0.327891049, 0, 3, 1, 1, 
532.258828, 33, 0.1, 0.1, 0.0187691514, 0.359819284, -0.0199647508, 0.959760078, 5.37138268e-005, -0.280821277, 0.280821277, 1.42325353e-005, 0.95976008, 5.55491854e-005, -0.999999998, -1.4241662e-006, 0.959760078, 2.6277704e-005, -0.28082128, 0.280821279, 2.58798827e-005, 0.959760079, 3.2487913e-005, -0.999999999, 1.74591398e-005, 0, 0, 0, 0, 0, 0, 0, 0.343919165, -0.152010791, -0.217543823, 0.304831904, 0.459733612, -0.8341078, -0.79675293, 0.602783203, 0.041015625, 0.521601779, 0.652175636, 0.550221211, 0, 0, -0, 0, 0, 0, 0, 0.387665234, -0.12898042, -0.186041846, 0.364993996, -0.172572016, -0.914879359, 0.163818359, -0.955322266, 0.245605469, -0.916330383, -0.239443156, -0.320408626, 0, 3, 1, 1, 
532.259653, 33, 0.1, 0.1, 0.0187691582, 0.359819292, -0.0199694395, 0.959760052, -2.2743584e-005, -0.28082137, 0.28082137, 2.64046747e-006, 0.959760052, -2.10868837e-005, -1, 8.92109961e-006, 0.959760071, 1.1332978e-005, -0.280821306, 0.280821306, 1.9987355e-005, 0.959760071, 1.64898149e-005, -1, 1.60005236e-005, 0, 0, 0, 0, 0, 0, 0, 0.343767188, -0.153104663, -0.217362451, 0.301792631, 0.460152602, -0.834838317, -0.797241211, 0.602050781, 0.0437011719, 0.522701112, 0.65248005, 0.548730218, 0, 0, -0, 0, 0, 0, 0, 0.387207617, -0.130325, -0.186053809, 0.361792712, -0.172533736, -0.916073685, 0.165039062, -0.955322266, 0.245117188, -0.917403308, -0.239807361, -0.317220102, 0, 3, 1, 1, 
532.260443, 33, 0.1, 0.1, 0.0187691474, 0.359819291, -0.0199722788, 0.959759922, -2.94594065e-005, -0.280821814, 0.280821814, -3.61775055e-006, 0.959759923, -2.92899009e-005, -1, 4.80067197e-006, 0.959759939, -4.82161113e-005, -0.280821755, 0.280821755, -1.20908043e-005, 0.95975994, -4.9671253e-005, -0.999999999, 1.93586343e-006, 0, 0, 0, 0, 0, 0, 0, 0.343767188, -0.153104663, -0.217362451, 0.301792631, 0.460152602, -0.834838317, -0.797241211, 0.602050781, 0.0437011719, 0.522701112, 0.65248005, 0.548730218, 0, 0, -0, 0, 0, 0, 0, 0.387207617, -0.130325, -0.186053809, 0.361792712, -0.172533736, -0.916073685, 0.165039062, -0.955322266, 0.245117188, -0.917403308, -0.239807361, -0.317220102, 0, 3, 1, 1, 
532.261231, 33, 0.1, 0.1, 0.0187691505, 0.359819296, -0.0199727448, 0.959759864, 9.95338856e-006, -0.280822013, 0.280822013, 1.29320697e-005, 0.959759864, 1.31844727e-005, -1, 9.61655086e-006, 0.959759875, 2.49545703e-005, -0.280821977, 0.280821977, 4.64354288e-006, 0.959759875, 2.52544041e-005, -1, -2.55110563e-006, 0, 0, 0, 0, 0, 0, 0, 0.343767188, -0.153104663, -0.217362451, 0.301792631, 0.460152602, -0.834838317, -0.797241211, 0.602050781, 0.0437011719, 0.522701112, 0.65248005, 0.548730218, 0, 0, -0, 0, 0, 0, 0, 0.387207617, -0.130325, -0.186053809, 0.361792712, -0.172533736, -0.916073685, 0.165039062, -0.955322266, 0.245117188, -0.917403308, -0.239807361, -0.317220102, 0, 3, 1, 1, 
532.262054, 33, 0.1, 0.1, 0.0187691482, 0.359819297, -0.0199704107, 0.959759717, 1.5340609e-005, -0.280822517, 0.280822517, -1.35543139e-005, 0.959759717, 1.0916942e-005, -1, -1.73168729e-005, 0.959759754, -2.74009684e-006, -0.28082239, 0.280822389, -2.39570533e-005, 0.959759754, -9.35751161e-006, -1, -2.2223535e-005, 0, 0, 0, 0, 0, 0, 0, 0.344195703, -0.152950244, -0.217366479, 0.297146667, 0.463091525, -0.834895606, -0.799804688, 0.598388672, 0.0472412109, 0.521459489, 0.653868449, 0.548368516, 0, 0, -0, 0, 0, 0, 0, 0.387541309, -0.130211719, -0.185866211, 0.36006757, -0.169895351, -0.917274574, 0.169189453, -0.954956055, 0.243408203, -0.917339142, -0.242721365, -0.315136952, 0, 3, 1, 1, 
532.262846, 33, 0.1, 0.1, 0.0187691457, 0.359819306, -0.0199665614, 0.959759432, -3.7375504e-005, -0.280823488, 0.280823489, 1.35435147e-005, 0.959759432, -3.20681555e-005, -0.999999999, 2.34944354e-005, 0.959759502, -2.98109416e-005, -0.280823249, 0.280823249, 2.91428107e-005, 0.959759502, -2.04273557e-005, -0.999999999, 3.6341695e-005, 0, 0, 0, 0, 0, 0, 0, 0.344195703, -0.152950244, -0.217366479, 0.297146667, 0.463091525, -0.834895606, -0.799804688, 0.598388672, 0.0472412109, 0.521459489, 0.653868449, 0.548368516, 0, 0, -0, 0, 0, 0, 0, 0.387541309, -0.130211719, -0.185866211, 0.36006757, -0.169895351, -0.917274574, 0.169189453, -0.954956055, 0.243408203, -0.917339142, -0.242721365, -0.315136952, 0, 3, 1, 1, 
532.263635, 33, 0.1, 0.1, 0.0187691457, 0.35981931, -0.0199626649, 0.95975901, 1.89413992e-005, -0.280824931, 0.280824931, 1.28009028e-005, 0.95975901, 2.17739912e-005, -1, 6.9665647e-006, 0.959759101, 2.08081146e-005, -0.280824621, 0.280824621, 1.19340103e-005, 0.959759101, 2.33221412e-005, -1, 5.61034408e-006, 0, 0, 0, 0, 0, 0, 0, 0.344195703, -0.152950244, -0.217366479, 0.297146667, 0.463091525, -0.834895606, -0.799804688, 0.598388672, 0.0472412109, 0.521459489, 0.653868449, 0.548368516, 0, 0, -0, 0, 0, 0, 0, 0.387541309, -0.130211719, -0.185866211, 0.36006757, -0.169895351, -0.917274574, 0.169189453, -0.954956055, 0.243408203, -0.917339142, -0.242721365, -0.315136952, 0, 3, 1, 1, 
532.264427, 33, 0.1, 0.1, 0.0187691407, 0.359819313, -0.0199599675, 0.959758648, -1.51221088e-005, -0.280826171, 0.280826171, -3.156212e-006, 0.959758648, -1.53999216e-005, -1, 1.21748214e-006, 0.959758708, -3.49109214e-005, -0.280825962, 0.280825963, 4.20237663e-006, 0.959758709, -3.23259243e-005, -0.999999999, 1.38371607e-005, 0, 0, 0, 0, 0, 0, 0, 0.344195703, -0.152950244, -0.217366479, 0.297146667, 0.463091525, -0.834895606, -0.799804688, 0.598388672, 0.0472412109, 0.521459489, 0.653868449, 0.548368516, 0, 0, -0, 0, 0, 0, 0, 0.387541309, -0.130211719, -0.185866211, 0.36006757, -0.169895351, -0.917274574, 0.169189453, -0.954956055, 0.243408203, -0.917339142, -0.242721365, -0.315136952, 0, 3, 1, 1, 
532.265219, 33, 0.1, 0.1, 0.018769145, 0.359819314, -0.0199593113, 0.959758355, -1.62806788e-005, -0.280827172, 0.280827172, 1.65233507e-005, 0.959758355, -1.09853117e-005, -1, 2.04304809e-005, 0.959758413, 2.01664907e-005, -0.280826973, 0.280826973, -6.49063494e-006, 0.959758413, 1.75322137e-005, -1, -1.1892736e-005, 0, 0, 0, 0, 0, 0, 0, 0.344195703, -0.152950244, -0.217366479, 0.297146667, 0.463091525, -0.834895606, -0.799804688, 0.598388672, 0.0472412109, 0.521459489, 0.653868449, 0.548368516, 0, 0, -0, 0, 0, 0, 0, 0.387541309, -0.130211719, -0.185866211, 0.36006757, -0.169895351, -0.917274574, 0.169189453, -0.954956055, 0.243408203, -0.917339142, -0.242721365, -0.315136952, 0, 3, 1, 1, 
532.266026, 33, 0.1, 0.1, 0.0187691436, 0.35981932, -0.0199606552, 0.959758084, 3.86576723e-005, -0.280828094, 0.280828094, -9.30207288e-006, 0.959758085, 3.44897302e-005, -0.999999999, -1.97839001e-005, 0.959758135, 2.27325721e-005, -0.280827923, 0.280827923, -1.54293954e-007, 0.959758135, 2.1774441e-005, -1, -6.53202589e-006, 0, 0, 0, 0, 0, 0, 0, 0.344195703, -0.152950244, -0.217366479, 0.297146667, 0.463091525, -0.834895606, -0.799804688, 0.598388672, 0.0472412109, 0.521459489, 0.653868449, 0.548368516, 0, 0, -0, 0, 0, 0, 0, 0.387541309, -0.130211719, -0.185866211, 0.36006757, -0.169895351, -0.917274574, 0.169189453, -0.954956055, 0.243408203, -0.917339142, -0.242721365, -0.315136952, 0, 3, 1, 1, 
532.266848, 33, 0.1, 0.1, 0.0187691408, 0.359819327, -0.019963158, 0.959757848, -4.03961925e-005, -0.280828899, 0.2808289, 2.29628976e-005, 0.959757849, -3.23219176e-005, -0.999999999, 3.33832396e-005, 0.959757893, -3.95131912e-005, -0.280828747, 0.280828748, 2.5605215e-005, 0.959757893, -3.07324167e-005, -0.999999999, 3.56712472e-005, 0, 0, 0, 0, 0, 0, 0, 0.344125488, -0.15232627, -0.21738064, 0.291453789, 0.466493622, -0.835130749, -0.802368164, 0.594482422, 0.0520019531, 0.520630865, 0.655059897, 0.547664207, 0, 0, -0, 0, 0, 0, 0, 0.3873521, -0.130103564, -0.185904785, 0.357262573, -0.167218685, -0.918820346, 0.173828125, -0.954589844, 0.241333008, -0.917511216, -0.245999575, -0.312108108, 0, 3, 1, 1, 
532.267635, 33, 0.1, 0.1, 0.0187691413, 0.359819328, -0.0199659431, 0.95975764, 2.29065959e-006, -0.280829614, 0.280829614, -1.29534702e-005, 0.95975764, -1.43923999e-006, -1, -1.3075477e-005, 0.959757678, 1.81942397e-005, -0.280829484, 0.280829484, -2.03743766e-005, 0.959757678, 1.17403356e-005, -1, -2.46639433e-005, 0, 0, 0, 0, 0, 0, 0, 0.344125488, -0.15232627, -0.21738064, 0.291453789, 0.466493622, -0.835130749, -0.802368164, 0.594482422, 0.0520019531, 0.520630865, 0.655059897, 0.547664207, 0, 0, -0, 0, 0, 0, 0, 0.3873521, -0.130103564, -0.185904785, 0.357262573, -0.167218685, -0.918820346, 0.173828125, -0.954589844, 0.241333008, -0.917511216, -0.245999575, -0.312108108, 0, 3, 1, 1, 
532.268424, 33, 0.1, 0.1, 0.0187691403, 0.359819333, -0.0199684418, 0.959757516, -1.33292134e-006, -0.280830037, 0.280830037, -1.90536346e-005, 0.959757516, -6.63011418e-006, -1, -1.79125446e-005, 0.959757544, -7.3888183e-006, -0.280829941, 0.280829942, 3.77165649e-006, 0.959757544, -6.03228004e-006, -1, 5.69487718e-006, 0, 0, 0, 0, 0, 0, 0, 0.344125488, -0.15232627, -0.21738064, 0.291453789, 0.466493622, -0.835130749, -0.802368164, 0.594482422, 0.0520019531, 0.520630865, 0.655059897, 0.547664207, 0, 0, -0, 0, 0, 0, 0, 0.3873521, -0.130103564, -0.185904785, 0.357262573, -0.167218685, -0.918820346, 0.173828125, -0.954589844, 0.241333008, -0.917511216, -0.245999575, -0.312108108, 0, 3, 1, 1, 
532.269214, 33, 0.1, 0.1, 0.0187691401, 0.359819334, -0.0199698135, 0.959757373, -3.10712435e-006, -0.280830528, 0.280830528, 1.53162976e-005, 0.959757373, 1.31919843e-006, -1, 1.55725049e-005, 0.959757391, -9.97747312e-006, -0.280830467, 0.280830467, 2.34075627e-006, 0.959757391, -8.91859789e-006, -1, 5.04853656e-006, 0, 0, 0, 0, 0, 0, 0, 0.344125488, -0.15232627, -0.21738064, 0.291453789, 0.466493622, -0.835130749, -0.802368164, 0.594482422, 0.0520019531, 0.520630865, 0.655059897, 0.547664207, 0, 0, -0, 0, 0, 0, 0, 0.3873521, -0.130103564, -0.185904785, 0.357262573, -0.167218685, -0.918820346, 0.173828125, -0.954589844, 0.241333008, -0.917511216, -0.245999575, -0.312108108, 0, 3, 1, 1, 
532.270005, 33, 0.1, 0.1, 0.0187691396, 0.359819335, -0.0199696821, 0.959757257, 8.34545846e-006, -0.280830922, 0.280830922, -2.32908167e-005, 0.959757257, 1.4688328e-006, -1, -2.46971931e-005, 0.959757286, 9.01322634e-006, -0.280830824, 0.280830824, -2.53728776e-005, 0.959757286, 1.52502352e-006, -1, -2.68829959e-005, 0, 0, 0, 0, 0, 0, 0, 0.344125488, -0.15232627, -0.21738064, 0.291453789, 0.466493622, -0.835130749, -0.802368164, 0.594482422, 0.0520019531, 0.520630865, 0.655059897, 0.547664207, 0, 0, -0, 0, 0, 0, 0, 0.3873521, -0.130103564, -0.185904785, 0.357262573, -0.167218685, -0.918820346, 0.173828125, -0.954589844, 0.241333008, -0.917511216, -0.245999575, -0.312108108, 0, 3, 1, 1, 
532.270793, 33, 0.1, 0.1, 0.0187691375, 0.35981934, -0.0199682071, 0.959757168, -1.09137023e-005, -0.280831226, 0.280831226, 8.08328829e-006, 0.959757168, -8.20446429e-006, -1, 1.08229023e-005, 0.959757181, -3.8935013e-006, -0.280831184, 0.280831184, 2.27398962e-005, 0.959757181, 2.64925614e-006, -1, 2.29181953e-005, 0, 0, 0, 0, 0, 0, 0, 0.344125488, -0.15232627, -0.21738064, 0.291453789, 0.466493622, -0.835130749, -0.802368164, 0.594482422, 0.0520019531, 0.520630865, 0.655059897, 0.547664207, 0, 0, -0, 0, 0, 0, 0, 0.3873521, -0.130103564, -0.185904785, 0.357262573, -0.167218685, -0.918820346, 0.173828125, -0.954589844, 0.241333008, -0.917511216, -0.245999575, -0.312108108, 0, 3, 1, 1, 
532.271611, 33, 0.1, 0.1, 0.018769137, 0.359819342, -0.0199656835, 0.95975705, -1.19877421e-005, -0.280831631, 0.280831631, 1.83724291e-005, 0.95975705, -6.34576075e-006, -1, 2.09996055e-005, 0.959757068, -6.04039482e-006, -0.280831571, 0.280831571, -6.46904089e-006, 0.959757068, -7.61402254e-006, -1, -4.51237415e-006, 0, 0, 0, 0, 0, 0, 0, 0.343633691, -0.152476392, -0.217433984, 0.286148822, 0.467871161, -0.836058218, -0.803710938, 0.592285156, 0.0562744141, 0.52147109, 0.655954044, 0.545710041, 0, 0, -0, 0, 0, 0, 0, 0.387184375, -0.130064746, -0.185696924, 0.354847301, -0.165858115, -0.919989153, 0.177368164, -0.954223633, 0.240478516, -0.917887814, -0.24843417, -0.309162387, 0, 3, 1, 1, 
532.272412, 33, 0.1, 0.1, 0.0187691369, 0.359819347, -0.0199629914, 0.959756989, 1.74114715e-005, -0.28083184, 0.28083184, -1.94873293e-005, 0.959756989, 1.12381189e-005, -1, -2.35927961e-005, 0.959757011, 5.798236e-007, -0.280831763, 0.280831763, -1.09034547e-005, 0.959757011, -2.50554664e-006, -1, -1.06275e-005, 0, 0, 0, 0, 0, 0, 0, 0.343633691, -0.152476392, -0.217433984, 0.286148822, 0.467871161, -0.836058218, -0.803710938, 0.592285156, 0.0562744141, 0.52147109, 0.655954044, 0.545710041, 0, 0, -0, 0, 0, 0, 0, 0.387184375, -0.130064746, -0.185696924, 0.354847301, -0.165858115, -0.919989153, 0.177368164, -0.954223633, 0.240478516, -0.917887814, -0.24843417, -0.309162387, 0, 3, 1, 1, 
532.273205, 33, 0.1, 0.1, 0.0187691374, 0.359819353, -0.0199613588, 0.959756919, 5.10276836e-006, -0.28083208, 0.280832079, 3.27055822e-005, 0.959756918, 1.40821939e-005, -0.999999999, 2.99563878e-005, 0.959756923, 4.21636461e-006, -0.280832064, 0.280832064, 3.48392325e-005, 0.959756923, 1.38306587e-005, -0.999999999, 3.22531042e-005, 0, 0, 0, 0, 0, 0, 0, 0.343633691, -0.152476392, -0.217433984, 0.286148822, 0.467871161, -0.836058218, -0.803710938, 0.592285156, 0.0562744141, 0.52147109, 0.655954044, 0.545710041, 0, 0, -0, 0, 0, 0, 0, 0.387184375, -0.130064746, -0.185696924, 0.354847301, -0.165858115, -0.919989153, 0.177368164, -0.954223633, 0.240478516, -0.917887814, -0.24843417, -0.309162387, 0, 3, 1, 1, 
532.274015, 33, 0.1, 0.1, 0.0187691334, 0.359819351, -0.0199611299, 0.959756898, -7.13507218e-006, -0.28083215, 0.28083215, -2.10266641e-005, 0.959756898, -1.2752898e-005, -1, -1.81767283e-005, 0.959756905, -2.23098628e-005, -0.280832126, 0.280832125, -4.00960316e-005, 0.959756905, -3.26722987e-005, -0.999999999, -3.2217117e-005, 0, 0, 0, 0, 0, 0, 0, 0.343633691, -0.152476392, -0.217433984, 0.286148822, 0.467871161, -0.836058218, -0.803710938, 0.592285156, 0.0562744141, 0.52147109, 0.655954044, 0.545710041, 0, 0, -0, 0, 0, 0, 0, 0.387184375, -0.130064746, -0.185696924, 0.353013517, -0.164267501, -0.921068641, 0.180541992, -0.953979492, 0.239379883, -0.91795781, -0.250721844, -0.307066477, 0, 3, 1, 1, 
532.274809, 33, 0.1, 0.1, 0.0187691371, 0.359819357, -0.0199621279, 0.959756869, 2.14051164e-006, -0.280832248, 0.280832248, -2.41405312e-005, 0.959756869, -4.72506891e-006, -1, -2.37701653e-005, 0.959756873, 1.98875487e-005, -0.280832234, 0.280832233, 9.59161799e-006, 0.959756874, 2.1780847e-005, -1, 3.62055659e-006, 0, 0, 0, 0, 0, 0, 0, 0.343633691, -0.152476392, -0.217433984, 0.286148822, 0.467871161, -0.836058218, -0.803710938, 0.592285156, 0.0562744141, 0.52147109, 0.655954044, 0.545710041, 0, 0, -0, 0, 0, 0, 0, 0.387061572, -0.130007617, -0.185501025, 0.353013517, -0.164267501, -0.921068641, 0.180541992, -0.953979492, 0.239379883, -0.91795781, -0.250721844, -0.307066477, 0, 3, 1, 1, 
532.2756, 33, 0.1, 0.1, 0.0187691382, 0.359819357, -0.0199641297, 0.959756852, 2.6047285e-005, -0.280832307, 0.280832306, 3.02423907e-005, 0.959756852, 3.34921006e-005, -0.999999999, 2.17104226e-005, 0.959756855, 1.90338254e-005, -0.280832296, 0.280832295, 1.34839065e-005, 0.959756855, 2.20545608e-005, -1, 7.59595884e-006, 0, 0, 0, 0, 0, 0, 0, 0.343633691, -0.152476392, -0.217433984, 0.286148822, 0.467871161, -0.836058218, -0.803710938, 0.592285156, 0.0562744141, 0.52147109, 0.655954044, 0.545710041, 0, 0, -0, 0, 0, 0, 0, 0.387061572, -0.130007617, -0.185501025, 0.353013517, -0.164267501, -0.921068641, 0.180541992, -0.953979492, 0.239379883, -0.91795781, -0.250721844, -0.307066477, 0, 3, 1, 1, 
532.276404, 33, 0.1, 0.1, 0.0187691373, 0.35981936, -0.0199663957, 0.959756826, -1.92828929e-005, -0.280832395, 0.280832395, -2.43579784e-005, 0.959756826, -2.53473975e-005, -1, -1.79624751e-005, 0.95975683, -1.7977704e-005, -0.280832381, 0.280832381, -2.63857475e-005, 0.95975683, -2.46641965e-005, -0.999999999, -2.027518e-005, 0, 0, 0, 0, 0, 0, 0, 0.343436426, -0.152378857, -0.217454248, 0.282296656, 0.469730969, -0.836413929, -0.805175781, 0.58996582, 0.0595703125, 0.521339661, 0.656771807, 0.545024829, 0, 0, -0, 0, 0, 0, 0, 0.387061572, -0.130007617, -0.185501025, 0.353013517, -0.164267501, -0.921068641, 0.180541992, -0.953979492, 0.239379883, -0.91795781, -0.250721844, -0.307066477, 0, 3, 1, 1, 
532.277197, 33, 0.1, 0.1, 0.0187691375, 0.359819368, -0.0199680145, 0.959756812, 2.18949918e-006, -0.280832445, 0.280832445, 2.07300505e-005, 0.959756812, 7.92305751e-006, -1, 1.92809248e-005, 0.959756814, 9.94647105e-006, -0.280832436, 0.280832436, 3.61510697e-005, 0.959756814, 1.96985863e-005, -0.999999999, 3.19029438e-005, 0, 0, 0, 0, 0, 0, 0, 0.343436426, -0.152378857, -0.217454248, 0.282296656, 0.469730969, -0.836413929, -0.805175781, 0.58996582, 0.0595703125, 0.521339661, 0.656771807, 0.545024829, 0, 0, -0, 0, 0, 0, 0, 0.387061572, -0.130007617, -0.185501025, 0.353013517, -0.164267501, -0.921068641, 0.180541992, -0.953979492, 0.239379883, -0.91795781, -0.250721844, -0.307066477, 0, 3, 1, 1, 
532.277989, 33, 0.1, 0.1, 0.0187691349, 0.359819368, -0.019968668, 0.959756795, 9.3699809e-006, -0.280832501, 0.280832501, 1.77256521e-005, 0.959756795, 1.3970842e-005, -1, 1.43809199e-005, 0.9597568, -7.561327e-006, -0.280832485, 0.280832485, -8.97288021e-006, 0.9597568, -9.77691125e-006, -1, -6.48831655e-006, 0, 0, 0, 0, 0, 0, 0, 0.343436426, -0.152378857, -0.217454248, 0.282296656, 0.469730969, -0.836413929, -0.805175781, 0.58996582, 0.0595703125, 0.521339661, 0.656771807, 0.545024829, 0, 0, -0, 0, 0, 0, 0, 0.387061572, -0.130007617, -0.185501025, 0.353013517, -0.164267501, -0.921068641, 0.180541992, -0.953979492, 0.239379883, -0.91795781, -0.250721844, -0.307066477, 0, 3, 1, 1, 
532.278812, 33, 0.1, 0.1, 0.0187691357, 0.359819372, -0.0199680066, 0.959756782, -1.30551579e-005, -0.280832547, 0.280832546, -3.54792102e-005, 0.959756782, -2.24934933e-005, -0.999999999, -3.03850994e-005, 0.959756784, -5.15425892e-006, -0.280832539, 0.280832539, -2.04100484e-005, 0.959756784, -1.06786407e-005, -1, -1.81411988e-005, 0, 0, 0, 0, 0, 0, 0, 0.34350708, -0.152507861, -0.217452173, 0.279282471, 0.471577672, -0.83635065, -0.806030273, 0.588500977, 0.0627441406, 0.521817061, 0.656726502, 0.54464403, 0, 0, -0, 0, 0, 0, 0, 0.387061572, -0.130007617, -0.185501025, 0.350355442, -0.162363721, -0.922320569, 0.18347168, -0.953735352, 0.237548828, -0.918359928, -0.252485632, -0.304497721, 0, 3, 1, 1, 
532.2796, 33, 0.1, 0.1, 0.0187691364, 0.359819375, -0.0199663194, 0.959756774, 1.46027901e-005, -0.280832573, 0.280832572, 2.62463154e-005, 0.959756774, 2.13859471e-005, -1, 2.10891399e-005, 0.959756776, 1.69130772e-005, -0.280832566, 0.280832565, 2.68965908e-005, 0.959756776, 2.3785879e-005, -0.999999999, 2.10644424e-005, 0, 0, 0, 0, 0, 0, 0, 0.34350708, -0.152507861, -0.217452173, 0.279282471, 0.471577672, -0.83635065, -0.806030273, 0.588500977, 0.0627441406, 0.521817061, 0.656726502, 0.54464403, 0, 0, -0, 0, 0, 0, 0, 0.386654004, -0.12991875, -0.185529834, 0.350355442, -0.162363721, -0.922320569, 0.18347168, -0.953735352, 0.237548828, -0.918359928, -0.252485632, -0.304497721, 0, 3, 1, 1, 
532.280389, 33, 0.1, 0.1, 0.0187691327, 0.359819374, -0.0199644929, 0.959756759, -1.36605875e-005, -0.280832624, 0.280832624, -1.35474542e-005, 0.959756759, -1.69154083e-005, -1, -9.16592206e-006, 0.959756762, -2.32699505e-005, -0.280832615, 0.280832615, -3.10327223e-005, 0.959756762, -3.10484929e-005, -0.999999999, -2.3248904e-005, 0, 0, 0, 0, 0, 0, 0, 0.34350708, -0.152507861, -0.217452173, 0.279282471, 0.471577672, -0.83635065, -0.806030273, 0.588500977, 0.0627441406, 0.521817061, 0.656726502, 0.54464403, 0, 0, -0, 0, 0, 0, 0, 0.386654004, -0.12991875, -0.185529834, 0.350355442, -0.162363721, -0.922320569, 0.18347168, -0.953735352, 0.237548828, -0.918359928, -0.252485632, -0.304497721, 0, 3, 1, 1, 
532.281196, 33, 0.1, 0.1, 0.0187691338, 0.359819381, -0.0199629329, 0.959756751, -9.83388768e-006, -0.280832652, 0.280832652, -1.89375222e-005, 0.959756751, -1.47564147e-005, -1, -1.54137381e-005, 0.959756751, 6.6302696e-006, -0.280832652, 0.280832652, 1.50036129e-005, 0.959756751, 1.05769504e-005, -1, 1.25378226e-005, 0, 0, 0, 0, 0, 0, 0, 0.34350708, -0.152507861, -0.217452173, 0.279282471, 0.471577672, -0.83635065, -0.806030273, 0.588500977, 0.0627441406, 0.521817061, 0.656726502, 0.54464403, 0, 0, -0, 0, 0, 0, 0, 0.386654004, -0.12991875, -0.185529834, 0.350355442, -0.162363721, -0.922320569, 0.18347168, -0.953735352, 0.237548828, -0.918359928, -0.252485632, -0.304497721, 0, 3, 1, 1, 
532.281986, 33, 0.1, 0.1, 0.0187691332, 0.359819382, -0.0199622945, 0.959756746, 2.18717543e-005, -0.28083267, 0.280832669, 3.47068154e-005, 0.959756746, 3.07383714e-005, -0.999999999, 2.71677971e-005, 0.959756747, 1.33251923e-005, -0.280832666, 0.280832665, 1.82512613e-005, 0.959756747, 1.79144936e-005, -1, 1.37746219e-005, 0, 0, 0, 0, 0, 0, 0, 0.34350708, -0.152507861, -0.217452173, 0.279282471, 0.471577672, -0.83635065, -0.806030273, 0.588500977, 0.0627441406, 0.521817061, 0.656726502, 0.54464403, 0, 0, -0, 0, 0, 0, 0, 0.386654004, -0.12991875, -0.185529834, 0.350355442, -0.162363721, -0.922320569, 0.18347168, -0.953735352, 0.237548828, -0.918359928, -0.252485632, -0.304497721, 0, 3, 1, 1, 
532.282777, 33, 0.1, 0.1, 0.0187691319, 0.359819384, -0.0199627399, 0.959756735, -2.02706883e-005, -0.280832707, 0.280832707, -2.95052905e-005, 0.959756735, -2.77409802e-005, -0.999999999, -2.2625229e-005, 0.959756737, -2.03206124e-005, -0.280832701, 0.2808327, -3.10319029e-005, 0.959756737, -2.82176178e-005, -0.999999999, -2.40763854e-005, 0, 0, 0, 0, 0, 0, 0, 0.34350708, -0.152507861, -0.217452173, 0.279282471, 0.471577672, -0.83635065, -0.806030273, 0.588500977, 0.0627441406, 0.521817061, 0.656726502, 0.54464403, 0, 0, -0, 0, 0, 0, 0, 0.386654004, -0.12991875, -0.185529834, 0.350355442, -0.162363721, -0.922320569, 0.18347168, -0.953735352, 0.237548828, -0.918359928, -0.252485632, -0.304497721, 0, 3, 1, 1, 
532.283604, 33, 0.1, 0.1, 0.0187691333, 0.359819391, -0.0199638723, 0.959756728, 8.3616585e-006, -0.280832731, 0.28083273, 1.58268289e-005, 0.959756728, 1.24698496e-005, -1, 1.28416782e-005, 0.959756728, 1.71897931e-005, -0.28083273, 0.280832729, 3.55596501e-005, 0.959756728, 2.64843332e-005, -0.999999999, 2.93011569e-005, 0, 0, 0, 0, 0, 0, 0, 0.343355469, -0.151910986, -0.217195117, 0.27645101, 0.474459307, -0.835734708, -0.808349609, 0.584960937, 0.0646972656, 0.519546498, 0.657753199, 0.545411618, 0, 0, -0, 0, 0, 0, 0, 0.386654004, -0.12991875, -0.185529834, 0.348981745, -0.160504784, -0.923227617, 0.186767578, -0.953369141, 0.236450195, -0.918136081, -0.25499059, -0.302874657, 0, 3, 1, 1, 
532.284395, 33, 0.1, 0.1, 0.0187691315, 0.35981939, -0.0199650844, 0.959756728, 1.21744238e-005, -0.280832732, 0.280832732, 1.47330887e-005, 0.959756728, 1.58220187e-005, -1, 1.07212043e-005, 0.959756728, -4.89667015e-006, -0.280832731, 0.280832731, -1.67361227e-005, 0.959756728, -9.39966317e-006, -1, -1.46874611e-005, 0, 0, 0, 0, 0, 0, 0, 0.343355469, -0.151910986, -0.217195117, 0.27645101, 0.474459307, -0.835734708, -0.808349609, 0.584960937, 0.0646972656, 0.519546498, 0.657753199, 0.545411618, 0, 0, -0, 0, 0, 0, 0, 0.38634458, -0.129848438, -0.185555713, 0.348981745, -0.160504784, -0.923227617, 0.186767578, -0.953369141, 0.236450195, -0.918136081, -0.25499059, -0.302874657, 0, 3, 1, 1, 
532.285191, 33, 0.1, 0.1, 0.018769132, 0.359819394, -0.0199662936, 0.95975672, -1.86742213e-005, -0.280832757, 0.280832756, -2.98612231e-005, 0.95975672, -2.6308719e-005, -0.999999999, -2.34151765e-005, 0.959756722, -9.74405995e-006, -0.280832751, 0.280832751, -1.60896903e-005, 0.959756722, -1.3870439e-005, -1, -1.27057373e-005, 0, 0, 0, 0, 0, 0, 0, 0.343355469, -0.151910986, -0.217195117, 0.27645101, 0.474459307, -0.835734708, -0.808349609, 0.584960937, 0.0646972656, 0.519546498, 0.657753199, 0.545411618, 0, 0, -0, 0, 0, 0, 0, 0.38634458, -0.129848438, -0.185555713, 0.348981745, -0.160504784, -0.923227617, 0.186767578, -0.953369141, 0.236450195, -0.918136081, -0.25499059, -0.302874657, 0, 3, 1, 1, 
532.285979, 33, 0.1, 0.1, 0.0187691319, 0.359819398, -0.0199671151, 0.959756715, 1.44248191e-005, -0.280832776, 0.280832775, 2.92689453e-005, 0.959756715, 2.20639962e-005, -0.999999999, 2.40401048e-005, 0.959756716, 1.42060009e-005, -0.280832774, 0.280832773, 3.07048476e-005, 0.959756715, 2.22572323e-005, -0.999999999, 2.54796731e-005, 0, 0, 0, 0, 0, 0, 0, 0.343355469, -0.151910986, -0.217195117, 0.27645101, 0.474459307, -0.835734708, -0.808349609, 0.584960937, 0.0646972656, 0.519546498, 0.657753199, 0.545411618, 0, 0, -0, 0, 0, 0, 0, 0.38634458, -0.129848438, -0.185555713, 0.348981745, -0.160504784, -0.923227617, 0.186767578, -0.953369141, 0.236450195, -0.918136081, -0.25499059, -0.302874657, 0, 3, 1, 1, 
532.286775, 33, 0.1, 0.1, 0.01876913, 0.359819397, -0.0199673339, 0.959756715, -4.21071016e-006, -0.280832774, 0.280832774, -1.40440971e-005, 0.959756715, -7.98530009e-006, -1, -1.2296411e-005, 0.959756715, -1.31297364e-005, -0.280832774, 0.280832773, -3.02839652e-005, 0.959756715, -2.11060826e-005, -0.999999999, -2.53779787e-005, 0, 0, 0, 0, 0, 0, 0, 0.343355469, -0.151910986, -0.217195117, 0.27645101, 0.474459307, -0.835734708, -0.808349609, 0.584960937, 0.0646972656, 0.519546498, 0.657753199, 0.545411618, 0, 0, -0, 0, 0, 0, 0, 0.38634458, -0.129848438, -0.185555713, 0.348981745, -0.160504784, -0.923227617, 0.186767578, -0.953369141, 0.236450195, -0.918136081, -0.25499059, -0.302874657, 0, 3, 1, 1, 
532.287565, 33, 0.1, 0.1, 0.0187691317, 0.359819403, -0.0199668396, 0.959756711, -9.60823951e-006, -0.280832788, 0.280832788, -1.48915021e-005, 0.959756711, -1.34035944e-005, -1, -1.15939104e-005, 0.959756713, 7.67570592e-006, -0.280832782, 0.280832782, 1.43140556e-005, 0.959756713, 1.13866663e-005, -1, 1.15824211e-005, 0, 0, 0, 0, 0, 0, 0, 0.343355469, -0.151910986, -0.217195117, 0.27645101, 0.474459307, -0.835734708, -0.808349609, 0.584960937, 0.0646972656, 0.519546498, 0.657753199, 0.545411618, 0, 0, -0, 0, 0, 0, 0, 0.38634458, -0.129848438, -0.185555713, 0.348981745, -0.160504784, -0.923227617, 0.186767578, -0.953369141, 0.236450195, -0.918136081, -0.25499059, -0.302874657, 0, 3, 1, 1, 
532.288414, 33, 0.1, 0.1, 0.0187691307, 0.359819406, -0.0199654156, 0.959756704, 1.9907799e-005, -0.280832812, 0.280832812, 3.82077531e-005, 0.959756704, 2.98366343e-005, -0.999999999, 3.10793841e-005, 0.959756705, 1.05857103e-005, -0.280832808, 0.280832808, 2.29398821e-005, 0.959756705, 1.6601978e-005, -1, 1.9043891e-005, 0, 0, 0, 0, 0, 0, 0, 0.34296084, -0.152021802, -0.21718291, 0.27316948, 0.476598442, -0.835493573, -0.810302734, 0.58203125, 0.0670166016, 0.518335954, 0.658773904, 0.545373426, 0, 0, -0, 0, 0, 0, 0, 0.38634458, -0.129848438, -0.185555713, 0.347365245, -0.158422367, -0.924185703, 0.19128418, -0.952880859, 0.235229492, -0.917937754, -0.258454, -0.300765987, 0, 3, 1, 1, 
532.28921, 33, 0.1, 0.1, 0.01876913, 0.359819407, -0.0199637442, 0.959756704, -1.52906299e-005, -0.280832813, 0.280832813, -3.04192362e-005, 0.959756704, -2.32180043e-005, -0.999999999, -2.49009552e-005, 0.959756704, -1.549144e-005, -0.280832814, 0.280832813, -3.16590164e-005, 0.959756704, -2.3758904e-005, -0.999999999, -2.60344486e-005, 0, 0, 0, 0, 0, 0, 0, 0.34296084, -0.152021802, -0.21718291, 0.27316948, 0.476598442, -0.835493573, -0.810302734, 0.58203125, 0.0670166016, 0.518335954, 0.658773904, 0.545373426, 0, 0, -0, 0, 0, 0, 0, 0.386241797, -0.129560254, -0.185574756, 0.347365245, -0.158422367, -0.924185703, 0.19128418, -0.952880859, 0.235229492, -0.917937754, -0.258454, -0.300765987, 0, 3, 1, 1, 
532.289998, 33, 0.1, 0.1, 0.0187691316, 0.359819414, -0.0199627398, 0.959756708, 7.15646064e-006, -0.2808328, 0.2808328, 1.5118057e-005, 0.959756708, 1.11141074e-005, -1, 1.24998878e-005, 0.959756707, 1.67936142e-005, -0.280832803, 0.280832802, 3.3723493e-005, 0.959756707, 2.55884469e-005, -0.999999999, 2.76501508e-005, 0, 0, 0, 0, 0, 0, 0, 0.34296084, -0.152021802, -0.21718291, 0.27316948, 0.476598442, -0.835493573, -0.810302734, 0.58203125, 0.0670166016, 0.518335954, 0.658773904, 0.545373426, 0, 0, -0, 0, 0, 0, 0, 0.386241797, -0.129560254, -0.185574756, 0.347365245, -0.158422367, -0.924185703, 0.19128418, -0.952880859, 0.235229492, -0.917937754, -0.258454, -0.300765987, 0, 3, 1, 1, 
532.290882, 33, 0.1, 0.1, 0.0187691299, 0.359819414, -0.0199623379, 0.959756712, 1.85393348e-005, -0.280832784, 0.280832784, 3.38290657e-005, 0.959756712, 2.72935617e-005, -0.999999999, 2.72612199e-005, 0.959756711, -9.25058956e-006, -0.280832789, 0.280832789, -1.86134614e-005, 0.959756711, -1.41055857e-005, -1, -1.52665256e-005, 0, 0, 0, 0, 0, 0, 0, 0.34296084, -0.152021802, -0.21718291, 0.27085736, 0.477209514, -0.835931659, -0.813842773, 0.577270508, 0.0657958984, 0.513882073, 0.662632062, 0.544948445, 0, 0, -0, 0, 0, 0, 0, 0.386241797, -0.129560254, -0.185574756, 0.347365245, -0.158422367, -0.924185703, 0.19128418, -0.952880859, 0.235229492, -0.917937754, -0.258454, -0.300765987, 0, 3, 1, 1, 
532.291699, 33, 0.1, 0.1, 0.018769132, 0.359819421, -0.0199616224, 0.959756716, -1.32106024e-005, -0.280832773, 0.280832773, -2.68744956e-005, 0.959756716, -2.02262035e-005, -1, -2.20830076e-005, 0.959756715, -4.06455858e-006, -0.280832775, 0.280832775, -8.34246719e-006, 0.959756715, -6.2438256e-006, -1, -6.86527764e-006, 0, 0, 0, 0, 0, 0, 0, 0.34327561, -0.151978833, -0.215867139, 0.27085736, 0.477209514, -0.835931659, -0.813842773, 0.577270508, 0.0657958984, 0.513882073, 0.662632062, 0.544948445, 0, 0, -0, 0, 0, 0, 0, 0.386780078, -0.129598584, -0.184665186, 0.348330261, -0.157586049, -0.9239429, 0.195678711, -0.951782227, 0.236083984, -0.916608899, -0.26290758, -0.300740468, 0, 3, 1, 1, 
532.292484, 33, 0.1, 0.1, 0.0187691331, 0.359819426, -0.0199622462, 0.959756717, 1.81327328e-005, -0.280832767, 0.280832767, 3.37164664e-005, 0.959756717, 2.68717006e-005, -0.999999999, 2.72673397e-005, 0.959756717, 2.06276458e-005, -0.280832767, 0.280832766, 3.59540764e-005, 0.959756717, 2.98946044e-005, -0.999999999, 2.87142475e-005, 0, 0, 0, 0, 0, 0, 0, 0.34327561, -0.151978833, -0.215867139, 0.27085736, 0.477209514, -0.835931659, -0.813842773, 0.577270508, 0.0657958984, 0.513882073, 0.662632062, 0.544948445, 0, 0, -0, 0, 0, 0, 0, 0.386780078, -0.129598584, -0.184665186, 0.348330261, -0.157586049, -0.9239429, 0.195678711, -0.951782227, 0.236083984, -0.916608899, -0.26290758, -0.300740468, 0, 3, 1, 1, 
532.293269, 33, 0.1, 0.1, 0.01876913, 0.359819423, -0.0199639746, 0.959756714, -1.17216758e-005, -0.28083278, 0.280832779, -2.3238801e-005, 0.959756714, -1.77761742e-005, -1, -1.90117645e-005, 0.959756715, -2.13866704e-005, -0.280832775, 0.280832774, -3.82778998e-005, 0.959756715, -3.12756894e-005, -0.999999999, -3.07313934e-005, 0, 0, 0, 0, 0, 0, 0, 0.34327561, -0.151978833, -0.215867139, 0.27085736, 0.477209514, -0.835931659, -0.813842773, 0.577270508, 0.0657958984, 0.513882073, 0.662632062, 0.544948445, 0, 0, -0, 0, 0, 0, 0, 0.386780078, -0.129598584, -0.184665186, 0.348330261, -0.157586049, -0.9239429, 0.195678711, -0.951782227, 0.236083984, -0.916608899, -0.26290758, -0.300740468, 0, 3, 1, 1, 
532.294064, 33, 0.1, 0.1, 0.0187691309, 0.359819427, -0.0199660409, 0.959756707, -1.22617511e-005, -0.280832804, 0.280832804, -2.68100985e-005, 0.959756706, -1.9297453e-005, -1, -2.22876699e-005, 0.959756708, 4.58624118e-006, -0.280832799, 0.280832799, 3.4186624e-006, 0.959756708, 5.36174827e-006, -1, 1.99311723e-006, 0, 0, 0, 0, 0, 0, 0, 0.34327561, -0.151978833, -0.215867139, 0.27085736, 0.477209514, -0.835931659, -0.813842773, 0.577270508, 0.0657958984, 0.513882073, 0.662632062, 0.544948445, 0, 0, -0, 0, 0, 0, 0, 0.386780078, -0.129598584, -0.184665186, 0.348330261, -0.157586049, -0.9239429, 0.195678711, -0.951782227, 0.236083984, -0.916608899, -0.26290758, -0.300740468, 0, 3, 1, 1, 
532.294854, 33, 0.1, 0.1, 0.0187691281, 0.359819425, -0.0199677406, 0.959756707, 6.37205299e-006, -0.280832803, 0.280832803, 2.07251121e-005, 0.959756707, 1.19359119e-005, -1, 1.81015838e-005, 0.959756707, -3.14144827e-007, -0.280832805, 0.280832805, 6.01235223e-006, 0.959756707, 1.38696314e-006, -1, 5.85861755e-006, 0, 0, 0, 0, 0, 0, 0, 0.34327561, -0.151978833, -0.215867139, 0.27085736, 0.477209514, -0.835931659, -0.813842773, 0.577270508, 0.0657958984, 0.513882073, 0.662632062, 0.544948445, 0, 0, -0, 0, 0, 0, 0, 0.386780078, -0.129598584, -0.184665186, 0.348330261, -0.157586049, -0.9239429, 0.195678711, -0.951782227, 0.236083984, -0.916608899, -0.26290758, -0.300740468, 0, 3, 1, 1, 
532.295671, 33, 0.1, 0.1, 0.0187691296, 0.359819426, -0.0199684916, 0.95975667, 1.51954255e-005, -0.280832928, 0.280832929, -1.91250746e-005, 0.95975667, 9.21296026e-006, -1, -2.26227937e-005, 0.959756685, 1.68439641e-005, -0.280832877, 0.280832878, -2.12620705e-005, 0.959756685, 1.01950187e-005, -1, -2.51367532e-005, 0, 0, 0, 0, 0, 0, 0, 0.3440271, -0.15242019, -0.214798901, 0.268203755, 0.477147357, -0.836782744, -0.816040039, 0.57421875, 0.0657958984, 0.511954116, 0.665360929, 0.543476548, 0, 0, -0, 0, 0, 0, 0, 0.386780078, -0.129598584, -0.184665186, 0.347672214, -0.156890089, -0.924326061, 0.198974609, -0.951049805, 0.236328125, -0.916187092, -0.266025742, -0.29943057, 0, 3, 1, 1, 
532.29647, 33, 0.1, 0.1, 0.0187691282, 0.359819432, -0.0199677627, 0.959756652, -9.71947783e-006, -0.28083299, 0.28083299, 1.33175117e-005, 0.959756652, -5.58833686e-006, -1, 1.55111205e-005, 0.959756651, -1.98219639e-006, -0.280832995, 0.280832995, 2.84232173e-005, 0.959756651, 6.07975105e-006, -1, 2.78360379e-005, 0, 0, 0, 0, 0, 0, 0, 0.3440271, -0.15242019, -0.214798901, 0.268203755, 0.477147357, -0.836782744, -0.816040039, 0.57421875, 0.0657958984, 0.511954116, 0.665360929, 0.543476548, 0, 0, -0, 0, 0, 0, 0, 0.387191895, -0.129618115, -0.183993262, 0.347672214, -0.156890089, -0.924326061, 0.198974609, -0.951049805, 0.236328125, -0.916187092, -0.266025742, -0.29943057, 0, 3, 1, 1, 
532.297259, 33, 0.1, 0.1, 0.0187691279, 0.359819433, -0.0199663821, 0.959756601, -1.1395166e-005, -0.280833164, 0.280833164, 1.77512845e-005, 0.959756601, -5.95143636e-006, -1, 2.0237053e-005, 0.959756607, -4.9878786e-006, -0.280833146, 0.280833146, -5.8337873e-006, 0.959756607, -6.42547028e-006, -1, -4.19825427e-006, 0, 0, 0, 0, 0, 0, 0, 0.3440271, -0.15242019, -0.214798901, 0.268203755, 0.477147357, -0.836782744, -0.816040039, 0.57421875, 0.0657958984, 0.511954116, 0.665360929, 0.543476548, 0, 0, -0, 0, 0, 0, 0, 0.387191895, -0.129618115, -0.183993262, 0.347672214, -0.156890089, -0.924326061, 0.198974609, -0.951049805, 0.236328125, -0.916187092, -0.266025742, -0.29943057, 0, 3, 1, 1, 
532.298055, 33, 0.1, 0.1, 0.0187691273, 0.359819437, -0.019964822, 0.959756592, 1.38300114e-005, -0.280833196, 0.280833196, -2.09654945e-005, 0.959756592, 7.3856378e-006, -1, -2.40056979e-005, 0.959756605, -2.23917737e-006, -0.280833151, 0.280833151, -1.22480413e-005, 0.959756605, -5.58872131e-006, -1, -1.11263033e-005, 0, 0, 0, 0, 0, 0, 0, 0.3440271, -0.15242019, -0.214798901, 0.268203755, 0.477147357, -0.836782744, -0.816040039, 0.57421875, 0.0657958984, 0.511954116, 0.665360929, 0.543476548, 0, 0, -0, 0, 0, 0, 0, 0.387191895, -0.129618115, -0.183993262, 0.347672214, -0.156890089, -0.924326061, 0.198974609, -0.951049805, 0.236328125, -0.916187092, -0.266025742, -0.29943057, 0, 3, 1, 1, 
532.298844, 33, 0.1, 0.1, 0.0187691271, 0.359819441, -0.0199635802, 0.959756569, 8.96286644e-007, -0.280833276, 0.280833276, 2.74254795e-005, 0.959756568, 8.56220427e-006, -1, 2.6070077e-005, 0.959756565, 3.44897599e-007, -0.280833289, 0.280833289, 2.94260965e-005, 0.959756564, 8.59484521e-006, -1, 2.81450306e-005, 0, 0, 0, 0, 0, 0, 0, 0.3440271, -0.15242019, -0.214798901, 0.268203755, 0.477147357, -0.836782744, -0.816040039, 0.57421875, 0.0657958984, 0.511954116, 0.665360929, 0.543476548, 0, 0, -0, 0, 0, 0, 0, 0.387191895, -0.129618115, -0.183993262, 0.347672214, -0.156890089, -0.924326061, 0.198974609, -0.951049805, 0.236328125, -0.916187092, -0.266025742, -0.29943057, 0, 3, 1, 1, 
532.299632, 33, 0.1, 0.1, 0.0187691281, 0.35981944, -0.0199630799, 0.959756532, 1.40358429e-006, -0.2808334, 0.2808334, -1.49960871e-005, 0.959756532, -2.86430294e-006, -1, -1.47867659e-005, 0.959756545, 1.74889894e-005, -0.280833357, 0.280833357, -2.52010836e-005, 0.959756545, 9.70786711e-006, -1, -2.90983965e-005, 0, 0, 0, 0, 0, 0, 0, 0.3440271, -0.15242019, -0.214798901, 0.268203755, 0.477147357, -0.836782744, -0.816040039, 0.57421875, 0.0657958984, 0.511954116, 0.665360929, 0.543476548, 0, 0, -0, 0, 0, 0, 0, 0.387191895, -0.129618115, -0.183993262, 0.347672214, -0.156890089, -0.924326061, 0.198974609, -0.951049805, 0.236328125, -0.916187092, -0.266025742, -0.29943057, 0, 3, 1, 1, 
532.300455, 33, 0.1, 0.1, 0.0187691277, 0.359819444, -0.0199632986, 0.959756539, 4.46597265e-006, -0.280833378, 0.280833378, -2.14317697e-005, 0.959756539, -1.73250983e-006, -1, -2.18234753e-005, 0.959756543, -4.65714231e-006, -0.280833363, 0.280833363, 6.51700677e-006, 0.959756543, -2.63952988e-006, -1, 7.56262083e-006, 0, 0, 0, 0, 0, 0, 0, 0.343727686, -0.154385937, -0.213604102, 0.266580212, 0.473543439, -0.839380183, -0.815063477, 0.575439453, 0.0656738281, 0.514188731, 0.666796877, 0.539562224, 0, 0, -0, 0, 0, 0, 0, 0.387191895, -0.129618115, -0.183993262, 0.345212099, -0.159663003, -0.924740939, 0.197998047, -0.950805664, 0.23815918, -0.91730486, -0.265335245, -0.296651093, 0, 3, 1, 1, 
532.301245, 33, 0.1, 0.1, 0.0187691286, 0.359819444, -0.0199638967, 0.959756487, -1.69609589e-005, -0.280833556, 0.280833556, 1.82871749e-005, 0.959756486, -1.1142738e-005, -1, 2.23144411e-005, 0.959756498, -2.33670421e-006, -0.280833517, 0.280833517, 8.97459497e-006, 0.959756498, 2.77700022e-007, -1, 9.26965071e-006, 0, 0, 0, 0, 0, 0, 0, 0.343727686, -0.154385937, -0.213604102, 0.266580212, 0.473543439, -0.839380183, -0.815063477, 0.575439453, 0.0656738281, 0.514188731, 0.666796877, 0.539562224, 0, 0, -0, 0, 0, 0, 0, 0.386559131, -0.131349756, -0.183069287, 0.345212099, -0.159663003, -0.924740939, 0.197998047, -0.950805664, 0.23815918, -0.91730486, -0.265335245, -0.296651093, 0, 3, 1, 1, 
