time, trialNum, realDorsalTactorPos, realVentralTactorPos, box1PosX, box1PosY, box1PosZ, box1LocalRot_11, box1LocalRot_12, box1LocalRot_13, box1LocalRot_21, box1LocalRot_22, box1LocalRot_23, box1LocalRot_31, box1LocalRot_32, box1LocalRot_33, box1GlobalRot_11, box1GlobalRot_12, box1GlobalRot_13, box1GlobalRot_21, box1GlobalRot_22, box1GlobalRot_23, box1GlobalRot_31, box1GlobalRot_32, box1GlobalRot_33, indexForceX, indexForceY, indexForceZ, indexForceGlobalX, indexForceGlobalY, indexForceGlobalZ, indexContact, indexPosX, indexPosY, indexPosZ, indexRot_11, indexRot_12, indexRot_13, indexRot_21, indexRot_22, indexRot_23, indexRot_31, indexRot_32, indexRot_33, thumbForceX, thumbForceY, thumbForceZ, thumbForceGlobalX, thumbForceGlobalY, thumbForceGlobalZ, thumbContact, thumbPosX, thumbPosY, thumbPosZ, thumbRot_11, thumbRot_12, thumbRot_13, thumbRot_21, thumbRot_22, thumbRot_23, thumbRot_31, thumbRot_32, thumbRot_33, manipForceTooHigh, cceExpType, mapping, trialSuccess, 
309.66258, 38, 0.1, 0.1, 0.026248796, 0.356159984, -0.0199566156, 0.963665915, -3.33887427e-005, 0.267110472, -0.267110472, -1.8481841e-005, 0.963665915, -2.72389e-005, -0.999999999, -2.6728803e-005, 0.963665923, -3.17836049e-005, 0.267110443, -0.267110443, -1.83564114e-005, 0.963665923, -2.57255878e-005, -0.999999999, -2.6179181e-005, 0, 0, 0, 0, 0, 0, 0, 0.220896191, -0.0880089844, -0.237826367, 0.43421467, 0.530657979, -0.727835199, -0.808227539, 0.586181641, -0.0549316406, 0.397415929, 0.612268991, 0.683553485, 0, 0, -0, 0, 0, 0, 0, 0.267359619, -0.0598086914, -0.20919165, 0.119082831, 0.0632864684, -0.990852163, 0.256713867, -0.965942383, -0.0307617187, -0.958992439, -0.250617044, -0.131268898, 0, 3, 1, 1, 
309.67929, 38, 0.1, 0.1, 0.0262488077, 0.35615999, -0.0199595467, 0.963665515, 3.75653714e-005, 0.267111912, -0.267111913, 2.18135867e-005, 0.963665515, 3.03737841e-005, -0.999999999, 3.10551595e-005, 0.963665513, 5.52643184e-005, 0.267111917, -0.267111919, 3.00778886e-005, 0.963665514, 4.52221553e-005, -0.999999998, 4.37467821e-005, 0, 0, 0, 0, 0, 0, 0, 0.227293555, -0.0929076904, -0.236820337, 0.43379981, 0.53934819, -0.72160052, -0.817138672, 0.572753906, -0.0632324219, 0.37919003, 0.617195785, 0.689363565, 0, 0, -0, 0, 0, 0, 0, 0.273748193, -0.0646336426, -0.207132324, 0.133025425, 0.0617574541, -0.98919302, 0.269042969, -0.962768555, -0.0239257812, -0.953844732, -0.262929278, -0.144718956, 0, 3, 1, 1, 
309.680103, 38, 0.1, 0.1, 0.0262487932, 0.356159982, -0.0199592125, 0.963665525, -8.01779115e-005, 0.267111865, -0.26711187, -4.79534337e-005, 0.963665526, -6.44557582e-005, -0.999999996, -6.76275427e-005, 0.963665521, -9.04876709e-005, 0.267111879, -0.267111884, -5.0482871e-005, 0.963665522, -7.37152741e-005, -0.999999995, -7.28189344e-005, 0, 0, 0, 0, 0, 0, 0, 0.228337622, -0.0936903076, -0.236779077, 0.432604997, 0.541424046, -0.720844915, -0.819580078, 0.569213867, -0.0642089844, 0.37554792, 0.618597289, 0.690232624, 0, 0, -0, 0, 0, 0, 0, 0.273748193, -0.0646336426, -0.207132324, 0.134258764, 0.061603603, -0.98894402, 0.272216797, -0.961914063, -0.0229492187, -0.952733161, -0.266136759, -0.145920212, 0, 3, 1, 1, 
309.680883, 38, 0.1, 0.1, 0.0262488006, 0.356159985, -0.0199607822, 0.963665545, 0.000105496161, 0.267111787, -0.267111794, 5.87069785e-005, 0.963665547, 8.59816902e-005, -0.999999993, 8.47531614e-005, 0.963665541, 8.70524052e-005, 0.267111806, -0.267111811, 4.58654225e-005, 0.963665543, 7.16382075e-005, -0.999999995, 6.74516528e-005, 0, 0, 0, 0, 0, 0, 0, 0.228337622, -0.0936903076, -0.236779077, 0.432604997, 0.541424046, -0.720844915, -0.819580078, 0.569213867, -0.0642089844, 0.37554792, 0.618597289, 0.690232624, 0, 0, -0, 0, 0, 0, 0, 0.2745229, -0.065604248, -0.207141113, 0.134258764, 0.061603603, -0.98894402, 0.272216797, -0.961914063, -0.0229492187, -0.952733161, -0.266136759, -0.145920212, 0, 3, 1, 1, 
309.681662, 38, 0.1, 0.1, 0.0262488089, 0.356159991, -0.0199639095, 0.96366558, -5.39564842e-005, 0.267111675, -0.267111677, -2.69659041e-005, 0.963665581, -4.47930988e-005, -0.999999998, -4.03985206e-005, 0.963665575, 7.48435508e-006, 0.267111697, -0.267111697, 8.87373898e-006, 0.963665575, 4.84213586e-006, -1, 1.05504756e-005, 0, 0, 0, 0, 0, 0, 0, 0.228337622, -0.0936903076, -0.236779077, 0.432604997, 0.541424046, -0.720844915, -0.819580078, 0.569213867, -0.0642089844, 0.37554792, 0.618597289, 0.690232624, 0, 0, -0, 0, 0, 0, 0, 0.2745229, -0.065604248, -0.207141113, 0.134258764, 0.061603603, -0.98894402, 0.272216797, -0.961914063, -0.0229492187, -0.952733161, -0.266136759, -0.145920212, 0, 3, 1, 1, 
309.682457, 38, 0.1, 0.1, 0.0262487824, 0.356159976, -0.0199674439, 0.963665612, -0.000101954775, 0.267111546, -0.267111553, -5.62705064e-005, 0.963665614, -8.32198084e-005, -0.999999993, -8.14592501e-005, 0.963665604, -0.000122817175, 0.267111565, -0.267111574, -7.14784031e-005, 0.963665607, -9.92619796e-005, -0.99999999, -0.000101687168, 0, 0, 0, 0, 0, 0, 0, 0.229372168, -0.0947022705, -0.236741846, 0.431207241, 0.543379334, -0.720146598, -0.821777344, 0.565917969, -0.0650634766, 0.372185136, 0.620017889, 0.690739981, 0, 0, -0, 0, 0, 0, 0, 0.2745229, -0.065604248, -0.207141113, 0.134258764, 0.061603603, -0.98894402, 0.272216797, -0.961914063, -0.0229492187, -0.952733161, -0.266136759, -0.145920212, 0, 3, 1, 1, 
309.683434, 38, 0.1, 0.1, 0.0262487896, 0.356159981, -0.019968317, 0.96366564, 7.59482227e-005, 0.267111454, -0.267111458, 4.36297677e-005, 0.963665641, 6.15346819e-005, -0.999999996, 6.23311485e-005, 0.963665637, 7.21893734e-005, 0.267111465, -0.267111469, 4.36374277e-005, 0.963665638, 5.79103613e-005, -0.999999996, 6.13344991e-005, 0, 0, 0, 0, 0, 0, 0, 0.229372168, -0.0947022705, -0.236741846, 0.431207241, 0.543379334, -0.720146598, -0.821777344, 0.565917969, -0.0650634766, 0.372185136, 0.620017889, 0.690739981, 0, 0, -0, 0, 0, 0, 0, 0.275530859, -0.0663435547, -0.206938379, 0.135600744, 0.0617563543, -0.988790902, 0.276123047, -0.96081543, -0.0220947266, -0.951487429, -0.269925728, -0.147377031, 0, 3, 1, 1, 
309.684225, 38, 0.1, 0.1, 0.0262487889, 0.356159981, -0.019967089, 0.963665603, -7.165403e-005, 0.267111587, -0.267111589, -1.37713813e-005, 0.963665605, -6.53720286e-005, -0.999999997, -3.24106283e-005, 0.963665627, -4.38670532e-005, 0.267111507, -0.267111508, -1.35700096e-005, 0.963665628, -3.86484656e-005, -0.999999999, -2.47943466e-005, 0, 0, 0, 0, 0, 0, 0, 0.229372168, -0.0947022705, -0.236741846, 0.431207241, 0.543379334, -0.720146598, -0.821777344, 0.565917969, -0.0650634766, 0.372185136, 0.620017889, 0.690739981, 0, 0, -0, 0, 0, 0, 0, 0.275530859, -0.0663435547, -0.206938379, 0.135600744, 0.0617563543, -0.988790902, 0.276123047, -0.96081543, -0.0220947266, -0.951487429, -0.269925728, -0.147377031, 0, 3, 1, 1, 
309.685011, 38, 0.1, 0.1, 0.0262487781, 0.356159985, -0.0199655386, 0.96366542, 1.01877546e-005, 0.267112259, -0.267112259, 2.27791569e-005, 0.963665419, 3.73299474e-006, -1, 2.46727599e-005, 0.963665472, -2.68238169e-005, 0.267112068, -0.267112067, 3.29953151e-005, 0.963665472, -3.46626331e-005, -0.999999999, 2.46314807e-005, 0, 0, 0, 0, 0, 0, 0, 0.229372168, -0.0947022705, -0.236741846, 0.431207241, 0.543379334, -0.720146598, -0.821777344, 0.565917969, -0.0650634766, 0.372185136, 0.620017889, 0.690739981, 0, 0, -0, 0, 0, 0, 0, 0.275530859, -0.0663435547, -0.206938379, 0.135600744, 0.0617563543, -0.988790902, 0.276123047, -0.96081543, -0.0220947266, -0.951487429, -0.269925728, -0.147377031, 0, 3, 1, 1, 
309.6858, 38, 0.1, 0.1, 0.0262487826, 0.356159981, -0.0199641876, 0.963665055, -7.01739323e-006, 0.267113575, -0.267113575, -3.15074023e-006, 0.963665055, -5.92081115e-006, -1, -4.91069924e-006, 0.963665133, 1.58855835e-005, 0.267113294, -0.267113294, -2.46539204e-005, 0.963665132, 2.18937728e-005, -1, -1.9514873e-005, 0, 0, 0, 0, 0, 0, 0, 0.229372168, -0.0947022705, -0.236741846, 0.431207241, 0.543379334, -0.720146598, -0.821777344, 0.565917969, -0.0650634766, 0.372185136, 0.620017889, 0.690739981, 0, 0, -0, 0, 0, 0, 0, 0.275530859, -0.0663435547, -0.206938379, 0.135600744, 0.0617563543, -0.988790902, 0.276123047, -0.96081543, -0.0220947266, -0.951487429, -0.269925728, -0.147377031, 0, 3, 1, 1, 
309.686586, 38, 0.1, 0.1, 0.0262487828, 0.356159985, -0.0199634121, 0.9636646, 2.01277107e-005, 0.267115216, -0.267115215, -1.71621806e-005, 0.9636646, 2.39806418e-005, -1, -1.11621681e-005, 0.963664699, 1.80790593e-005, 0.267114859, -0.26711486, 1.22017656e-005, 0.963664699, 1.41628783e-005, -1, 1.65875962e-005, 0, 0, 0, 0, 0, 0, 0, 0.229372168, -0.0947022705, -0.236741846, 0.431207241, 0.543379334, -0.720146598, -0.821777344, 0.565917969, -0.0650634766, 0.372185136, 0.620017889, 0.690739981, 0, 0, -0, 0, 0, 0, 0, 0.275530859, -0.0663435547, -0.206938379, 0.135600744, 0.0617563543, -0.988790902, 0.276123047, -0.96081543, -0.0220947266, -0.951487429, -0.269925728, -0.147377031, 0, 3, 1, 1, 
309.687398, 38, 0.1, 0.1, 0.0262487789, 0.356159985, -0.0199633315, 0.963664042, -2.84050521e-005, 0.267117226, -0.267117225, 3.77501736e-005, 0.963664042, -3.7456649e-005, -0.999999999, 2.87910062e-005, 0.963664167, -3.25353875e-005, 0.267116777, -0.267116776, 2.57629069e-005, 0.963664167, -3.82348918e-005, -0.999999999, 1.61360424e-005, 0, 0, 0, 0, 0, 0, 0, 0.22998855, -0.096246167, -0.236542285, 0.430279771, 0.543646678, -0.720584684, -0.823120117, 0.563842773, -0.0661621094, 0.37023097, 0.621705833, 0.690315, 0, 0, -0, 0, 0, 0, 0, 0.275530859, -0.0663435547, -0.206938379, 0.1366168, 0.060784775, -0.988701584, 0.278320312, -0.960205078, -0.0205078125, -0.950644181, -0.272359957, -0.148226842, 0, 3, 1, 1, 
309.688186, 38, 0.1, 0.1, 0.0262487788, 0.356159983, -0.0199637331, 0.963663432, -5.80063011e-006, 0.267119428, -0.267119428, -2.67316108e-005, 0.963663432, 1.55067747e-006, -1, -2.73097368e-005, 0.963663558, 6.87279834e-006, 0.267118976, -0.267118976, -3.085973e-005, 0.963663557, 1.48662848e-005, -1, -2.79025424e-005, 0, 0, 0, 0, 0, 0, 0, 0.22998855, -0.096246167, -0.236542285, 0.430279771, 0.543646678, -0.720584684, -0.823120117, 0.563842773, -0.0661621094, 0.37023097, 0.621705833, 0.690315, 0, 0, -0, 0, 0, 0, 0, 0.276285547, -0.0675752441, -0.206950342, 0.1366168, 0.060784775, -0.988701584, 0.278320312, -0.960205078, -0.0205078125, -0.950644181, -0.272359957, -0.148226842, 0, 3, 1, 1, 
309.688972, 38, 0.1, 0.1, 0.026248775, 0.356159986, -0.0199647656, 0.963662768, 1.26982621e-005, 0.267121826, -0.267121826, 6.2385452e-006, 0.963662768, 1.05703908e-005, -1, 9.4038367e-006, 0.963662902, -9.49356628e-006, 0.267121341, -0.267121341, 2.64450518e-005, 0.963662902, -1.62126353e-005, -1, 2.29481812e-005, 0, 0, 0, 0, 0, 0, 0, 0.22998855, -0.096246167, -0.236542285, 0.430279771, 0.543646678, -0.720584684, -0.823120117, 0.563842773, -0.0661621094, 0.37023097, 0.621705833, 0.690315, 0, 0, -0, 0, 0, 0, 0, 0.276285547, -0.0675752441, -0.206950342, 0.1366168, 0.060784775, -0.988701584, 0.278320312, -0.960205078, -0.0205078125, -0.950644181, -0.272359957, -0.148226842, 0, 3, 1, 1, 
309.689762, 38, 0.1, 0.1, 0.0262487752, 0.356159983, -0.0199660093, 0.963662046, -1.66523076e-005, 0.267124428, -0.267124428, 1.80255129e-005, 0.963662046, -2.08622517e-005, -1, 1.29222645e-005, 0.963662195, -1.37419839e-005, 0.267123894, -0.267123894, -8.87798273e-006, 0.963662195, -1.08711091e-005, -1, -1.22261886e-005, 0, 0, 0, 0, 0, 0, 0, 0.22998855, -0.096246167, -0.236542285, 0.430279771, 0.543646678, -0.720584684, -0.823120117, 0.563842773, -0.0661621094, 0.37023097, 0.621705833, 0.690315, 0, 0, -0, 0, 0, 0, 0, 0.276285547, -0.0675752441, -0.206950342, 0.1366168, 0.060784775, -0.988701584, 0.278320312, -0.960205078, -0.0205078125, -0.950644181, -0.272359957, -0.148226842, 0, 3, 1, 1, 
309.690548, 38, 0.1, 0.1, 0.0262487779, 0.356159983, -0.0199669989, 0.963661291, 2.37050147e-005, 0.267127152, -0.267127151, -2.92859041e-005, 0.963661291, 3.06666653e-005, -0.999999999, -2.18894391e-005, 0.963661443, 2.76305354e-005, 0.267126604, -0.267126603, -1.90565834e-005, 0.963661443, 3.1717002e-005, -0.999999999, -1.09832436e-005, 0, 0, 0, 0, 0, 0, 0, 0.22998855, -0.096246167, -0.236542285, 0.430279771, 0.543646678, -0.720584684, -0.823120117, 0.563842773, -0.0661621094, 0.37023097, 0.621705833, 0.690315, 0, 0, -0, 0, 0, 0, 0, 0.276285547, -0.0675752441, -0.206950342, 0.1366168, 0.060784775, -0.988701584, 0.278320312, -0.960205078, -0.0205078125, -0.950644181, -0.272359957, -0.148226842, 0, 3, 1, 1, 
309.691339, 38, 0.1, 0.1, 0.0262487768, 0.356159985, -0.0199674524, 0.963660505, 1.72093951e-006, 0.267129991, -0.267129991, 2.57257286e-005, 0.963660504, -5.2137122e-006, -1, 2.52505831e-005, 0.963660662, -9.4420508e-006, 0.267129421, -0.26712942, 3.00745733e-005, 0.963660662, -1.71327363e-005, -1, 2.64594336e-005, 0, 0, 0, 0, 0, 0, 0, 0.22998855, -0.096246167, -0.236542285, 0.430279771, 0.543646678, -0.720584684, -0.823120117, 0.563842773, -0.0661621094, 0.37023097, 0.621705833, 0.690315, 0, 0, -0, 0, 0, 0, 0, 0.276285547, -0.0675752441, -0.206950342, 0.1366168, 0.060784775, -0.988701584, 0.278320312, -0.960205078, -0.0205078125, -0.950644181, -0.272359957, -0.148226842, 0, 3, 1, 1, 
309.692151, 38, 0.1, 0.1, 0.0262487784, 0.356159981, -0.0199671401, 0.963659674, -1.96891587e-005, 0.267132985, -0.267132985, -3.50574706e-006, 0.963659674, -1.80371476e-005, -1, -8.63797082e-006, 0.963659849, 2.73025528e-006, 0.267132355, -0.267132355, -2.37532163e-005, 0.963659849, 8.97629e-006, -1, -2.21606813e-005, 0, 0, 0, 0, 0, 0, 0, 0.230794238, -0.0979963379, -0.236790552, 0.42866709, 0.544256628, -0.721041866, -0.824707031, 0.561523437, -0.0665283203, 0.368632515, 0.623215921, 0.68976945, 0, 0, -0, 0, 0, 0, 0, 0.276285547, -0.0675752441, -0.206950342, 0.138143981, 0.0599411604, -0.988573985, 0.279663086, -0.959838867, -0.0191650391, -0.949992697, -0.273676051, -0.149440858, 0, 3, 1, 1, 
309.692938, 38, 0.1, 0.1, 0.0262487768, 0.356159984, -0.0199660966, 0.963658837, 1.44942749e-005, 0.267136007, -0.267136007, -1.85146187e-005, 0.963658837, 1.89134574e-005, -1, -1.39698332e-005, 0.963659007, 1.03850698e-005, 0.267135395, -0.267135395, 8.35600318e-006, 0.963659007, 7.77548183e-006, -1, 1.08265574e-005, 0, 0, 0, 0, 0, 0, 0, 0.230794238, -0.0979963379, -0.236790552, 0.42866709, 0.544256628, -0.721041866, -0.824707031, 0.561523437, -0.0665283203, 0.368632515, 0.623215921, 0.68976945, 0, 0, -0, 0, 0, 0, 0, 0.27707002, -0.0689981934, -0.206520947, 0.138143981, 0.0599411604, -0.988573985, 0.279663086, -0.959838867, -0.0191650391, -0.949992697, -0.273676051, -0.149440858, 0, 3, 1, 1, 
309.693723, 38, 0.1, 0.1, 0.0262487738, 0.356159984, -0.0199650335, 0.963657983, -2.04962228e-005, 0.267139084, -0.267139084, 3.15469321e-005, 0.963657983, -2.81787673e-005, -0.999999999, 2.49251108e-005, 0.963658157, -2.60425714e-005, 0.26713846, -0.267138459, 2.08705333e-005, 0.963658157, -3.06714585e-005, -0.999999999, 1.31550872e-005, 0, 0, 0, 0, 0, 0, 0, 0.230794238, -0.0979963379, -0.236790552, 0.42866709, 0.544256628, -0.721041866, -0.824707031, 0.561523437, -0.0665283203, 0.368632515, 0.623215921, 0.68976945, 0, 0, -0, 0, 0, 0, 0, 0.27707002, -0.0689981934, -0.206520947, 0.138143981, 0.0599411604, -0.988573985, 0.279663086, -0.959838867, -0.0191650391, -0.949992697, -0.273676051, -0.149440858, 0, 3, 1, 1, 
309.694508, 38, 0.1, 0.1, 0.0262487761, 0.356159981, -0.0199642728, 0.963657103, 5.86487371e-006, 0.26714226, -0.26714226, -2.78319213e-005, 0.963657103, 1.30868096e-005, -1, -2.52536731e-005, 0.963657279, 1.78109142e-005, 0.267141625, -0.267141625, -3.29046087e-005, 0.963657279, 2.59538077e-005, -0.999999999, -2.69507291e-005, 0, 0, 0, 0, 0, 0, 0, 0.230794238, -0.0979963379, -0.236790552, 0.42866709, 0.544256628, -0.721041866, -0.824707031, 0.561523437, -0.0665283203, 0.368632515, 0.623215921, 0.68976945, 0, 0, -0, 0, 0, 0, 0, 0.27707002, -0.0689981934, -0.206520947, 0.138143981, 0.0599411604, -0.988573985, 0.279663086, -0.959838867, -0.0191650391, -0.949992697, -0.273676051, -0.149440858, 0, 3, 1, 1, 
309.695293, 38, 0.1, 0.1, 0.0262487751, 0.356159984, -0.019964022, 0.963656206, 2.39259913e-005, 0.267145495, -0.267145495, 7.64766407e-006, 0.963656207, 2.1013391e-005, -1, 1.37614397e-005, 0.963656385, 2.27936832e-006, 0.267144853, -0.267144853, 2.8247207e-005, 0.963656384, -5.34956812e-006, -1, 2.78295229e-005, 0, 0, 0, 0, 0, 0, 0, 0.230794238, -0.0979963379, -0.236790552, 0.42866709, 0.544256628, -0.721041866, -0.824707031, 0.561523437, -0.0665283203, 0.368632515, 0.623215921, 0.68976945, 0, 0, -0, 0, 0, 0, 0, 0.27707002, -0.0689981934, -0.206520947, 0.138143981, 0.0599411604, -0.988573985, 0.279663086, -0.959838867, -0.0191650391, -0.949992697, -0.273676051, -0.149440858, 0, 3, 1, 1, 
309.696078, 38, 0.1, 0.1, 0.0262487765, 0.356159981, -0.0199643598, 0.963655279, -1.61384324e-005, 0.26714884, -0.267148839, 1.99237147e-005, 0.963655279, -2.08744829e-005, -1, 1.48882294e-005, 0.963655467, -1.09027656e-005, 0.267148161, -0.267148161, -7.81757456e-006, 0.963655467, -8.418059e-006, -1, -1.04461022e-005, 0, 0, 0, 0, 0, 0, 0, 0.230794238, -0.0979963379, -0.236790552, 0.42866709, 0.544256628, -0.721041866, -0.824707031, 0.561523437, -0.0665283203, 0.368632515, 0.623215921, 0.68976945, 0, 0, -0, 0, 0, 0, 0, 0.27707002, -0.0689981934, -0.206520947, 0.138143981, 0.0599411604, -0.988573985, 0.279663086, -0.959838867, -0.0191650391, -0.949992697, -0.273676051, -0.149440858, 0, 3, 1, 1, 
309.696892, 38, 0.1, 0.1, 0.0262487784, 0.356159981, -0.0199650375, 0.963654303, 1.63613338e-005, 0.267152361, -0.26715236, -3.51644555e-005, 0.963654303, 2.5160937e-005, -0.999999999, -2.95154099e-005, 0.963654511, 2.26784754e-005, 0.267151611, -0.267151611, -2.31029877e-005, 0.963654511, 2.80262155e-005, -0.999999999, -1.62047071e-005, 0, 0, 0, 0, 0, 0, 0, 0.231828174, -0.0992383789, -0.236760767, 0.427294421, 0.546047165, -0.720483213, -0.827148438, 0.557617187, -0.0679931641, 0.364647798, 0.625156983, 0.690175336, 0, 0, -0, 0, 0, 0, 0, 0.27707002, -0.0689981934, -0.206520947, 0.139537001, 0.0600366758, -0.988312226, 0.281616211, -0.959228516, -0.0184326172, -0.949232571, -0.275752638, -0.150763516, 0, 3, 1, 1, 
309.697675, 38, 0.1, 0.1, 0.0262487753, 0.356159982, -0.0199655849, 0.963653349, -6.45692627e-006, 0.267155803, -0.267155803, 2.50266154e-005, 0.963653349, -1.29082441e-005, -1, 2.23919764e-005, 0.963653539, -1.92421228e-005, 0.267155115, -0.267155115, 2.87959869e-005, 0.963653539, -2.62357349e-005, -0.999999999, 2.26087231e-005, 0, 0, 0, 0, 0, 0, 0, 0.231828174, -0.0992383789, -0.236760767, 0.427294421, 0.546047165, -0.720483213, -0.827148438, 0.557617187, -0.0679931641, 0.364647798, 0.625156983, 0.690175336, 0, 0, -0, 0, 0, 0, 0, 0.2778479, -0.070375, -0.206308203, 0.139537001, 0.0600366758, -0.988312226, 0.281616211, -0.959228516, -0.0184326172, -0.949232571, -0.275752638, -0.150763516, 0, 3, 1, 1, 
309.698458, 38, 0.1, 0.1, 0.0262487766, 0.356159978, -0.0199661497, 0.96365239, -1.6776892e-005, 0.267159262, -0.267159262, -5.13097054e-006, 0.96365239, -1.47963058e-005, -1, -9.42657411e-006, 0.963652578, 2.57096042e-006, 0.267158583, -0.267158583, -2.509103e-005, 0.963652578, 9.18079666e-006, -1, -2.34921816e-005, 0, 0, 0, 0, 0, 0, 0, 0.231828174, -0.0992383789, -0.236760767, 0.427294421, 0.546047165, -0.720483213, -0.827148438, 0.557617187, -0.0679931641, 0.364647798, 0.625156983, 0.690175336, 0, 0, -0, 0, 0, 0, 0, 0.2778479, -0.070375, -0.206308203, 0.139537001, 0.0600366758, -0.988312226, 0.281616211, -0.959228516, -0.0184326172, -0.949232571, -0.275752638, -0.150763516, 0, 3, 1, 1, 
309.69946, 38, 0.1, 0.1, 0.0262487785, 0.356159982, -0.0199643656, 0.963651141, 3.51565745e-005, 0.267163763, -0.267163762, -2.66562838e-005, 0.963651142, 4.10002663e-005, -0.999999999, -1.62947956e-005, 0.963651366, 3.17234636e-005, 0.267162953, -0.267162953, 3.71699153e-006, 0.963651367, 2.95773166e-005, -0.999999999, 1.20572182e-005, 0, 0, 0, 0, 0, 0, 0, 0.233050928, -0.0997374512, -0.236689722, 0.425330898, 0.549284512, -0.719168954, -0.830566406, 0.552490234, -0.0692138672, 0.359273561, 0.626868893, 0.691450281, 0, 0, -0, 0, 0, 0, 0, 0.278857568, -0.070832959, -0.206108887, 0.140866222, 0.0610392383, -0.988133588, 0.285522461, -0.958129883, -0.0185546875, -0.947865437, -0.279452289, -0.152463138, 0, 3, 1, 1, 
309.700246, 38, 0.1, 0.1, 0.0262487781, 0.356159981, -0.0199621873, 0.963650129, -1.52561543e-005, 0.267167415, -0.267167415, 3.32644109e-005, 0.963650129, -2.35887617e-005, -0.999999999, 2.79793065e-005, 0.963650332, -1.82834489e-005, 0.267166684, -0.267166684, 2.03916268e-005, 0.963650332, -2.30668149e-005, -1, 1.47656695e-005, 0, 0, 0, 0, 0, 0, 0, 0.233050928, -0.0997374512, -0.236689722, 0.425330898, 0.549284512, -0.719168954, -0.830566406, 0.552490234, -0.0692138672, 0.359273561, 0.626868893, 0.691450281, 0, 0, -0, 0, 0, 0, 0, 0.278857568, -0.070832959, -0.206108887, 0.140866222, 0.0610392383, -0.988133588, 0.285522461, -0.958129883, -0.0185546875, -0.947865437, -0.279452289, -0.152463138, 0, 3, 1, 1, 
309.701029, 38, 0.1, 0.1, 0.0262487795, 0.356159978, -0.0199613825, 0.963649117, -4.25331736e-006, 0.267171069, -0.267171069, -2.7219739e-005, 0.963649116, 3.17362126e-006, -1, -2.73666408e-005, 0.963649322, 1.18609248e-005, 0.267170329, -0.267170329, -3.3326865e-005, 0.963649321, 2.03337217e-005, -0.999999999, -2.89465237e-005, 0, 0, 0, 0, 0, 0, 0, 0.233050928, -0.0997374512, -0.236689722, 0.425330898, 0.549284512, -0.719168954, -0.830566406, 0.552490234, -0.0692138672, 0.359273561, 0.626868893, 0.691450281, 0, 0, -0, 0, 0, 0, 0, 0.278857568, -0.070832959, -0.206108887, 0.140866222, 0.0610392383, -0.988133588, 0.285522461, -0.958129883, -0.0185546875, -0.947865437, -0.279452289, -0.152463138, 0, 3, 1, 1, 
309.701813, 38, 0.1, 0.1, 0.0262487744, 0.356159983, -0.0199620616, 0.963648086, 5.33643794e-006, 0.267174788, -0.267174788, 1.48616822e-005, 0.963648085, 1.17178141e-006, -1, 1.57471933e-005, 0.963648287, -1.66733672e-005, 0.267174061, -0.26717406, 3.54325003e-005, 0.963648287, -2.55339067e-005, -0.999999999, 2.9689777e-005, 0, 0, 0, 0, 0, 0, 0, 0.233050928, -0.0997374512, -0.236689722, 0.425330898, 0.549284512, -0.719168954, -0.830566406, 0.552490234, -0.0692138672, 0.359273561, 0.626868893, 0.691450281, 0, 0, -0, 0, 0, 0, 0, 0.278857568, -0.070832959, -0.206108887, 0.140866222, 0.0610392383, -0.988133588, 0.285522461, -0.958129883, -0.0185546875, -0.947865437, -0.279452289, -0.152463138, 0, 3, 1, 1, 
309.702593, 38, 0.1, 0.1, 0.0262487722, 0.356159981, -0.0199639549, 0.963647043, -2.95491019e-005, 0.267178546, -0.267178545, 2.61050678e-005, 0.963647043, -3.54496187e-005, -0.999999999, 1.72611854e-005, 0.963647253, -2.59672198e-005, 0.26717779, -0.26717779, -1.5492637e-006, 0.963647253, -2.46093112e-005, -1, -8.43080811e-006, 0, 0, 0, 0, 0, 0, 0, 0.233050928, -0.0997374512, -0.236689722, 0.425330898, 0.549284512, -0.719168954, -0.830566406, 0.552490234, -0.0692138672, 0.359273561, 0.626868893, 0.691450281, 0, 0, -0, 0, 0, 0, 0, 0.278857568, -0.070832959, -0.206108887, 0.140866222, 0.0610392383, -0.988133588, 0.285522461, -0.958129883, -0.0185546875, -0.947865437, -0.279452289, -0.152463138, 0, 3, 1, 1, 
309.703373, 38, 0.1, 0.1, 0.0262487726, 0.356159983, -0.0199663663, 0.963645999, 1.71662597e-005, 0.267182314, -0.267182314, -2.42143745e-005, 0.963645999, 2.30118501e-005, -1, -1.87475641e-005, 0.963646207, 1.94090027e-005, 0.267181561, -0.267181561, -1.26985239e-005, 0.963646208, 2.20962233e-005, -1, -7.05115675e-006, 0, 0, 0, 0, 0, 0, 0, 0.233050928, -0.0997374512, -0.236689722, 0.425330898, 0.549284512, -0.719168954, -0.830566406, 0.552490234, -0.0692138672, 0.359273561, 0.626868893, 0.691450281, 0, 0, -0, 0, 0, 0, 0, 0.278857568, -0.070832959, -0.206108887, 0.140866222, 0.0610392383, -0.988133588, 0.285522461, -0.958129883, -0.0185546875, -0.947865437, -0.279452289, -0.152463138, 0, 3, 1, 1, 
309.704186, 38, 0.1, 0.1, 0.0262487713, 0.356159985, -0.0199683608, 0.963644924, 4.3110727e-006, 0.267186192, -0.267186192, 2.51240906e-005, 0.963644923, -2.55846676e-006, -1, 2.53625615e-005, 0.963645148, -8.95085877e-006, 0.267185383, -0.267185383, 3.06768605e-005, 0.963645148, -1.68218603e-005, -0.999999999, 2.71700692e-005, 0, 0, 0, 0, 0, 0, 0, 0.233755054, -0.100191602, -0.23730061, 0.42180112, 0.55349838, -0.71809583, -0.833496094, 0.548217773, -0.0671386719, 0.356495641, 0.626943033, 0.692763418, 0, 0, -0, 0, 0, 0, 0, 0.278857568, -0.070832959, -0.206108887, 0.138783439, 0.0631150921, -0.988273946, 0.290283203, -0.956665039, -0.0202636719, -0.946734177, -0.284021074, -0.151127721, 0, 3, 1, 1, 
309.704972, 38, 0.1, 0.1, 0.0262487746, 0.356159981, -0.0199690108, 0.963643895, -7.00371001e-006, 0.267189902, -0.267189902, -1.01949116e-005, 0.963643895, -4.02510496e-006, -1, -1.1695585e-005, 0.963644096, 1.16128728e-005, 0.267189178, -0.267189177, -2.68446977e-005, 0.963644096, 1.8363289e-005, -1, -2.27659005e-005, 0, 0, 0, 0, 0, 0, 0, 0.233755054, -0.100191602, -0.23730061, 0.42180112, 0.55349838, -0.71809583, -0.833496094, 0.548217773, -0.0671386719, 0.356495641, 0.626943033, 0.692763418, 0, 0, -0, 0, 0, 0, 0, 0.279190039, -0.0710149414, -0.206759814, 0.138783439, 0.0631150921, -0.988273946, 0.290283203, -0.956665039, -0.0202636719, -0.946734177, -0.284021074, -0.151127721, 0, 3, 1, 1, 
309.705756, 38, 0.1, 0.1, 0.0262487752, 0.356159982, -0.0199685309, 0.963642878, 2.16606792e-005, 0.267193568, -0.267193567, -2.43394355e-005, 0.963642878, 2.73764998e-005, -0.999999999, -1.76669295e-005, 0.96364308, 1.90212414e-005, 0.267192842, -0.267192842, 2.19342867e-007, 0.96364308, 1.82710808e-005, -1, 5.29370777e-006, 0, 0, 0, 0, 0, 0, 0, 0.233755054, -0.100191602, -0.23730061, 0.42180112, 0.55349838, -0.71809583, -0.833496094, 0.548217773, -0.0671386719, 0.356495641, 0.626943033, 0.692763418, 0, 0, -0, 0, 0, 0, 0, 0.279190039, -0.0710149414, -0.206759814, 0.138783439, 0.0631150921, -0.988273946, 0.290283203, -0.956665039, -0.0202636719, -0.946734177, -0.284021074, -0.151127721, 0, 3, 1, 1, 
309.706534, 38, 0.1, 0.1, 0.0262487734, 0.35615998, -0.0199672687, 0.96364188, -1.71364435e-005, 0.267197169, -0.267197168, 2.51093015e-005, 0.96364188, -2.32225289e-005, -1, 1.96175654e-005, 0.963642079, -2.08456193e-005, 0.267196449, -0.267196448, 1.42628751e-005, 0.96364208, -2.38987055e-005, -1, 8.1744312e-006, 0, 0, 0, 0, 0, 0, 0, 0.233755054, -0.100191602, -0.23730061, 0.42180112, 0.55349838, -0.71809583, -0.833496094, 0.548217773, -0.0671386719, 0.356495641, 0.626943033, 0.692763418, 0, 0, -0, 0, 0, 0, 0, 0.279190039, -0.0710149414, -0.206759814, 0.138783439, 0.0631150921, -0.988273946, 0.290283203, -0.956665039, -0.0202636719, -0.946734177, -0.284021074, -0.151127721, 0, 3, 1, 1, 
309.707316, 38, 0.1, 0.1, 0.0262487749, 0.356159978, -0.0199656562, 0.963640881, 3.41439378e-007, 0.26720077, -0.26720077, -2.57474214e-005, 0.963640881, 7.20875578e-006, -1, -2.4720035e-005, 0.963641079, 1.30579847e-005, 0.267200057, -0.267200057, -3.17797274e-005, 0.963641079, 2.10747554e-005, -0.999999999, -2.71351566e-005, 0, 0, 0, 0, 0, 0, 0, 0.233755054, -0.100191602, -0.23730061, 0.42180112, 0.55349838, -0.71809583, -0.833496094, 0.548217773, -0.0671386719, 0.356495641, 0.626943033, 0.692763418, 0, 0, -0, 0, 0, 0, 0, 0.279190039, -0.0710149414, -0.206759814, 0.138783439, 0.0631150921, -0.988273946, 0.290283203, -0.956665039, -0.0202636719, -0.946734177, -0.284021074, -0.151127721, 0, 3, 1, 1, 
309.708099, 38, 0.1, 0.1, 0.0262487722, 0.356159982, -0.0199642214, 0.963639882, 1.50619579e-005, 0.267204373, -0.267204374, 1.13489528e-005, 0.963639882, 1.14818136e-005, -1, 1.49609245e-005, 0.963640078, -5.6939338e-006, 0.267203666, -0.267203666, 3.1370424e-005, 0.963640078, -1.38691951e-005, -0.999999999, 2.87083579e-005, 0, 0, 0, 0, 0, 0, 0, 0.233755054, -0.100191602, -0.23730061, 0.42180112, 0.55349838, -0.71809583, -0.833496094, 0.548217773, -0.0671386719, 0.356495641, 0.626943033, 0.692763418, 0, 0, -0, 0, 0, 0, 0, 0.279190039, -0.0710149414, -0.206759814, 0.138783439, 0.0631150921, -0.988273946, 0.290283203, -0.956665039, -0.0202636719, -0.946734177, -0.284021074, -0.151127721, 0, 3, 1, 1, 
309.708897, 38, 0.1, 0.1, 0.0262487716, 0.356159979, -0.0199633494, 0.963638847, -2.34525862e-005, 0.267208105, -0.267208104, 2.80238743e-005, 0.963638847, -3.00880295e-005, -0.999999999, 2.07381728e-005, 0.963639071, -1.91226189e-005, 0.267207299, -0.267207299, -2.73479623e-006, 0.963639071, -1.76965452e-005, -1, -7.74505985e-006, 0, 0, 0, 0, 0, 0, 0, 0.233755054, -0.100191602, -0.23730061, 0.418594853, 0.556843189, -0.717340225, -0.836425781, 0.543823242, -0.0659179687, 0.353419297, 0.627772779, 0.693632478, 0, 0, -0, 0, 0, 0, 0, 0.279190039, -0.0710149414, -0.206759814, 0.138783439, 0.0631150921, -0.988273946, 0.290283203, -0.956665039, -0.0202636719, -0.946734177, -0.284021074, -0.151127721, 0, 3, 1, 1, 
309.709693, 38, 0.1, 0.1, 0.0262487729, 0.356159981, -0.0199630047, 0.963637804, 1.84017892e-005, 0.267211869, -0.267211868, -2.97811888e-005, 0.963637804, 2.56905469e-005, -0.999999999, -2.37811029e-005, 0.963638011, 2.30624477e-005, 0.267211123, -0.267211122, -1.66905922e-005, 0.963638011, 2.66837632e-005, -1, -9.92114655e-006, 0, 0, 0, 0, 0, 0, 0, 0.234474805, -0.100464624, -0.237705835, 0.418594853, 0.556843189, -0.717340225, -0.836425781, 0.543823242, -0.0659179687, 0.353419297, 0.627772779, 0.693632478, 0, 0, -0, 0, 0, 0, 0, 0.279887109, -0.0710190918, -0.206983301, 0.138579282, 0.064979859, -0.988088746, 0.296630859, -0.954711914, -0.0212402344, -0.944791751, -0.290084957, -0.151721969, 0, 3, 1, 1, 
309.710472, 38, 0.1, 0.1, 0.0262487702, 0.356159983, -0.019963652, 0.963636774, -4.07847429e-006, 0.267215583, -0.267215583, 2.45661118e-005, 0.963636774, -1.04946157e-005, -1, 2.25829768e-005, 0.963636977, -1.7634525e-005, 0.267214849, -0.267214848, 3.01811377e-005, 0.963636977, -2.50581285e-005, -0.999999999, 2.43714534e-005, 0, 0, 0, 0, 0, 0, 0, 0.234474805, -0.100464624, -0.237705835, 0.418594853, 0.556843189, -0.717340225, -0.836425781, 0.543823242, -0.0659179687, 0.353419297, 0.627772779, 0.693632478, 0, 0, -0, 0, 0, 0, 0, 0.279887109, -0.0710190918, -0.206983301, 0.138579282, 0.064979859, -0.988088746, 0.296630859, -0.954711914, -0.0212402344, -0.944791751, -0.290084957, -0.151721969, 0, 3, 1, 1, 
309.711253, 38, 0.1, 0.1, 0.0262487722, 0.356159977, -0.0199649849, 0.963635739, -1.34924874e-005, 0.267219314, -0.267219314, -1.45654799e-005, 0.963635739, -9.10966555e-006, -1, -1.76412702e-005, 0.963635942, 6.22373511e-006, 0.267218584, -0.267218583, -3.39572252e-005, 0.963635941, 1.50714165e-005, -0.999999999, -3.1059305e-005, 0, 0, 0, 0, 0, 0, 0, 0.234474805, -0.100464624, -0.237705835, 0.418594853, 0.556843189, -0.717340225, -0.836425781, 0.543823242, -0.0659179687, 0.353419297, 0.627772779, 0.693632478, 0, 0, -0, 0, 0, 0, 0, 0.279887109, -0.0710190918, -0.206983301, 0.138579282, 0.064979859, -0.988088746, 0.296630859, -0.954711914, -0.0212402344, -0.944791751, -0.290084957, -0.151721969, 0, 3, 1, 1, 
309.712064, 38, 0.1, 0.1, 0.0262487725, 0.356159979, -0.0199662846, 0.963634661, 2.45075552e-005, 0.267223201, -0.267223201, -2.3426788e-005, 0.963634661, 2.98765109e-005, -0.999999999, -1.60258776e-005, 0.963634869, 2.05356039e-005, 0.267222453, -0.267222453, 1.9934733e-006, 0.963634869, 1.92561232e-005, -1, 7.40855483e-006, 0, 0, 0, 0, 0, 0, 0, 0.234986206, -0.101203784, -0.238118506, 0.415667912, 0.5598072, -0.716724283, -0.839111328, 0.539916992, -0.0649414062, 0.350545897, 0.628539245, 0.694400066, 0, 0, -0, 0, 0, 0, 0, 0.280593945, -0.0714807129, -0.20721167, 0.138668967, 0.0661931419, -0.988050466, 0.301269531, -0.95324707, -0.021484375, -0.943309412, -0.294621659, -0.152086174, 0, 3, 1, 1, 
309.712847, 38, 0.1, 0.1, 0.0262487713, 0.356159977, -0.0199671729, 0.963633624, -1.58863678e-005, 0.267226942, -0.267226942, 2.71247906e-005, 0.963633624, -2.2557113e-005, -1, 2.18930948e-005, 0.96363383, -1.91180099e-005, 0.267226198, -0.267226198, 1.5971123e-005, 0.96363383, -2.26906636e-005, -1, 1.02814813e-005, 0, 0, 0, 0, 0, 0, 0, 0.234986206, -0.101203784, -0.238118506, 0.415667912, 0.5598072, -0.716724283, -0.839111328, 0.539916992, -0.0649414062, 0.350545897, 0.628539245, 0.694400066, 0, 0, -0, 0, 0, 0, 0, 0.280593945, -0.0714807129, -0.20721167, 0.138668967, 0.0661931419, -0.988050466, 0.301269531, -0.95324707, -0.021484375, -0.943309412, -0.294621659, -0.152086174, 0, 3, 1, 1, 
309.713629, 38, 0.1, 0.1, 0.0262487728, 0.356159975, -0.0199675733, 0.9636326, 6.92068258e-007, 0.267230637, -0.267230637, -2.19641342e-005, 0.963632599, 6.53638909e-006, -1, -2.09804139e-005, 0.963632804, 1.29100057e-005, 0.267229898, -0.267229897, -2.73191614e-005, 0.963632804, 1.97410017e-005, -1, -2.28757006e-005, 0, 0, 0, 0, 0, 0, 0, 0.234986206, -0.101203784, -0.238118506, 0.415667912, 0.5598072, -0.716724283, -0.839111328, 0.539916992, -0.0649414062, 0.350545897, 0.628539245, 0.694400066, 0, 0, -0, 0, 0, 0, 0, 0.280593945, -0.0714807129, -0.20721167, 0.138668967, 0.0661931419, -0.988050466, 0.301269531, -0.95324707, -0.021484375, -0.943309412, -0.294621659, -0.152086174, 0, 3, 1, 1, 
309.714409, 38, 0.1, 0.1, 0.0262487701, 0.356159979, -0.0199673794, 0.963631589, 1.20410446e-005, 0.26723428, -0.26723428, 1.20563465e-005, 0.963631589, 8.38126191e-006, -1, 1.48356562e-005, 0.963631787, -6.596453e-006, 0.267233568, -0.267233568, 3.03174863e-005, 0.963631786, -1.44584018e-005, -1, 2.74520998e-005, 0, 0, 0, 0, 0, 0, 0, 0.234986206, -0.101203784, -0.238118506, 0.415667912, 0.5598072, -0.716724283, -0.839111328, 0.539916992, -0.0649414062, 0.350545897, 0.628539245, 0.694400066, 0, 0, -0, 0, 0, 0, 0, 0.280593945, -0.0714807129, -0.20721167, 0.138668967, 0.0661931419, -0.988050466, 0.301269531, -0.95324707, -0.021484375, -0.943309412, -0.294621659, -0.152086174, 0, 3, 1, 1, 
309.715347, 38, 0.1, 0.1, 0.0262487678, 0.356159977, -0.0199650982, 0.963630373, -3.15874907e-005, 0.267238663, -0.267238662, 3.23005974e-005, 0.963630373, -3.90706339e-005, -0.999999999, 2.2684438e-005, 0.963630606, -2.8304046e-005, 0.267237824, -0.267237824, 2.21192077e-006, 0.963630606, -2.78657539e-005, -1, -5.43243713e-006, 0, 0, 0, 0, 0, 0, 0, 0.234986206, -0.101203784, -0.238118506, 0.415667912, 0.5598072, -0.716724283, -0.839111328, 0.539916992, -0.0649414062, 0.350545897, 0.628539245, 0.694400066, 0, 0, -0, 0, 0, 0, 0, 0.280593945, -0.0714807129, -0.20721167, 0.138668967, 0.0661931419, -0.988050466, 0.301269531, -0.95324707, -0.021484375, -0.943309412, -0.294621659, -0.152086174, 0, 3, 1, 1, 
309.716138, 38, 0.1, 0.1, 0.0262487685, 0.35615998, -0.0199624823, 0.963629323, 1.85247082e-005, 0.267242449, -0.267242449, -2.7332947e-005, 0.963629323, 2.51554758e-005, -0.999999999, -2.13882409e-005, 0.963629529, 2.16695542e-005, 0.267241707, -0.267241706, -1.45942698e-005, 0.96362953, 2.47816198e-005, -1, -8.27246068e-006, 0, 0, 0, 0, 0, 0, 0, 0.234986206, -0.101203784, -0.238118506, 0.415667912, 0.5598072, -0.716724283, -0.839111328, 0.539916992, -0.0649414062, 0.350545897, 0.628539245, 0.694400066, 0, 0, -0, 0, 0, 0, 0, 0.280593945, -0.0714807129, -0.20721167, 0.138668967, 0.0661931419, -0.988050466, 0.301269531, -0.95324707, -0.021484375, -0.943309412, -0.294621659, -0.152086174, 0, 3, 1, 1, 
309.716956, 38, 0.1, 0.1, 0.0262487661, 0.356159983, -0.0199607644, 0.963628231, 1.22368049e-006, 0.26724639, -0.26724639, 3.39350598e-005, 0.96362823, -7.88984916e-006, -0.999999999, 3.30278058e-005, 0.96362844, -1.44087553e-005, 0.267245634, -0.267245633, 4.1406564e-005, 0.96362844, -2.49504099e-005, -0.999999999, 3.60498658e-005, 0, 0, 0, 0, 0, 0, 0, 0.236209082, -0.101973706, -0.237636133, 0.41377366, 0.562029832, -0.716045062, -0.842773438, 0.533813477, -0.0679931641, 0.344048361, 0.631647789, 0.694786855, 0, 0, -0, 0, 0, 0, 0, 0.281713477, -0.072297168, -0.206356299, 0.141378448, 0.0658216407, -0.98776975, 0.307006836, -0.951416016, -0.0194091797, -0.941060751, -0.300429612, -0.154757009, 0, 3, 1, 1, 
309.717739, 38, 0.1, 0.1, 0.0262487696, 0.356159978, -0.019960759, 0.963627168, -1.20636624e-005, 0.267250223, -0.267250223, -1.39596528e-005, 0.963627168, -7.89415254e-006, -1, -1.66759172e-005, 0.96362738, 1.13533158e-005, 0.267249458, -0.267249458, -3.4510877e-005, 0.963627379, 2.01633791e-005, -0.999999999, -3.02214585e-005, 0, 0, 0, 0, 0, 0, 0, 0.236209082, -0.101973706, -0.237636133, 0.41377366, 0.562029832, -0.716045062, -0.842773438, 0.533813477, -0.0679931641, 0.344048361, 0.631647789, 0.694786855, 0, 0, -0, 0, 0, 0, 0, 0.281713477, -0.072297168, -0.206356299, 0.141378448, 0.0658216407, -0.98776975, 0.307006836, -0.951416016, -0.0194091797, -0.941060751, -0.300429612, -0.154757009, 0, 3, 1, 1, 
309.718525, 38, 0.1, 0.1, 0.02624877, 0.356159979, -0.0199623801, 0.963626085, 2.49414405e-005, 0.267254125, -0.267254124, -3.12592585e-005, 0.963626085, 3.23883885e-005, -0.999999999, -2.3456534e-005, 0.963626303, 2.09541073e-005, 0.267253339, -0.267253339, -1.23265652e-006, 0.963626303, 2.05213606e-005, -1, 4.41223491e-006, 0, 0, 0, 0, 0, 0, 0, 0.236209082, -0.101973706, -0.237636133, 0.41377366, 0.562029832, -0.716045062, -0.842773438, 0.533813477, -0.0679931641, 0.344048361, 0.631647789, 0.694786855, 0, 0, -0, 0, 0, 0, 0, 0.281713477, -0.072297168, -0.206356299, 0.141378448, 0.0658216407, -0.98776975, 0.307006836, -0.951416016, -0.0194091797, -0.941060751, -0.300429612, -0.154757009, 0, 3, 1, 1, 
309.71932, 38, 0.1, 0.1, 0.0262487684, 0.356159976, -0.0199648885, 0.963624987, -1.83059861e-005, 0.267258085, -0.267258085, 2.07335847e-005, 0.963624987, -2.31813238e-005, -1, 1.50869775e-005, 0.963625204, -2.20372235e-005, 0.267257301, -0.267257301, 8.43166348e-006, 0.963625205, -2.34890476e-005, -1, 2.23535457e-006, 0, 0, 0, 0, 0, 0, 0, 0.236209082, -0.101973706, -0.237636133, 0.41377366, 0.562029832, -0.716045062, -0.842773438, 0.533813477, -0.0679931641, 0.344048361, 0.631647789, 0.694786855, 0, 0, -0, 0, 0, 0, 0, 0.281713477, -0.072297168, -0.206356299, 0.141378448, 0.0658216407, -0.98776975, 0.307006836, -0.951416016, -0.0194091797, -0.941060751, -0.300429612, -0.154757009, 0, 3, 1, 1, 
309.720111, 38, 0.1, 0.1, 0.0262487702, 0.356159972, -0.0199673886, 0.963623901, 3.2335507e-006, 0.267262002, -0.267262002, -2.95748634e-005, 0.9636239, 1.10201639e-005, -1, -2.763484e-005, 0.963624113, 1.48927051e-005, 0.267261236, -0.267261235, -3.5082339e-005, 0.963624113, 2.3727119e-005, -0.999999999, -2.98259451e-005, 0, 0, 0, 0, 0, 0, 0, 0.236209082, -0.101973706, -0.237636133, 0.41377366, 0.562029832, -0.716045062, -0.842773438, 0.533813477, -0.0679931641, 0.344048361, 0.631647789, 0.694786855, 0, 0, -0, 0, 0, 0, 0, 0.281713477, -0.072297168, -0.206356299, 0.141378448, 0.0658216407, -0.98776975, 0.307006836, -0.951416016, -0.0194091797, -0.941060751, -0.300429612, -0.154757009, 0, 3, 1, 1, 
309.7209, 38, 0.1, 0.1, 0.0262487682, 0.356159975, -0.019969103, 0.963622835, 1.33640151e-005, 0.267265844, -0.267265844, 1.04657148e-005, 0.963622835, 1.0080742e-005, -1, 1.36567465e-005, 0.963623044, -4.46440299e-006, 0.26726509, -0.26726509, 2.65237809e-005, 0.963623044, -1.13908823e-005, -1, 2.43657474e-005, 0, 0, 0, 0, 0, 0, 0, 0.236209082, -0.101973706, -0.237636133, 0.41377366, 0.562029832, -0.716045062, -0.842773438, 0.533813477, -0.0679931641, 0.344048361, 0.631647789, 0.694786855, 0, 0, -0, 0, 0, 0, 0, 0.281713477, -0.072297168, -0.206356299, 0.141378448, 0.0658216407, -0.98776975, 0.307006836, -0.951416016, -0.0194091797, -0.941060751, -0.300429612, -0.154757009, 0, 3, 1, 1, 
