time, trialNum, realDorsalTactorPos, realVentralTactorPos, boxPosX, boxPosY, boxPosZ, boxLocalRot_11, boxLocalRot_12, boxLocalRot_13, boxLocalRot_21, boxLocalRot_22, boxLocalRot_23, boxLocalRot_31, boxLocalRot_32, boxLocalRot_33, boxGlobalRot_11, boxGlobalRot_12, boxGlobalRot_13, boxGlobalRot_21, boxGlobalRot_22, boxGlobalRot_23, boxGlobalRot_31, boxGlobalRot_32, boxGlobalRot_33, indexForceX, indexForceY, indexForceZ, indexForceGlobalX, indexForceGlobalY, indexForceGlobalZ, indexContact, indexPosX, indexPosY, indexPosZ, indexRot_11, indexRot_12, indexRot_13, indexRot_21, indexRot_22, indexRot_23, indexRot_31, indexRot_32, indexRot_33, thumbForceX, thumbForceY, thumbForceZ, thumbForceGlobalX, thumbForceGlobalY, thumbForceGlobalZ, thumbContact, thumbPosX, thumbPosY, thumbPosZ, thumbRot_11, thumbRot_12, thumbRot_13, thumbRot_21, thumbRot_22, thumbRot_23, thumbRot_31, thumbRot_32, thumbRot_33, manipForceTooHigh, cceExpType, mapping, trialSuccess, 
918.435874, 67, 0.1, 0.1, 0.0228843341, 0.360690202, -0.0199681932, 0.999667932, 0.0257686827, -4.49159632e-006, 0.0257686826, -0.999667932, -1.67974145e-005, -4.92295205e-006, 1.66760941e-005, -1, 0.999667946, 0.0257681703, -1.01845011e-005, 0.0257681701, -0.999667945, -1.22040958e-005, -1.04955965e-005, 1.19376074e-005, -1, 0, 0, 0, 0, 0, 0, 0, 0.318828711, -0.182611572, -0.168993286, -0.280713828, 0.583173596, -0.762271387, -0.955444336, -0.244873047, 0.164550781, -0.0907488736, 0.774508204, 0.626099346, 0, 0, 0, 0, 0, 0, 0, 0.331276807, -0.139789307, -0.147292969, -0.205158111, 0.0100934008, -0.978626069, 0.487792969, -0.865722656, -0.111083984, -0.848480623, -0.500097625, 0.172822382, 0, 3, 5, 1, 
918.443626, 67, 0.1, 0.1, 0.022884366, 0.360690215, -0.0199631147, 0.999667739, 0.0257761789, -9.19517365e-006, 0.0257761788, -0.999667739, -1.23644012e-005, -9.51082547e-006, 1.21232766e-005, -1, 0.999667735, 0.0257763348, -2.81546968e-005, 0.0257763342, -0.999667735, -2.05497823e-005, -2.86750401e-005, 1.98172295e-005, -0.999999999, 0, 0, 0, 0, 0, 0, 0, 0.319644946, -0.181584937, -0.169240161, -0.29497635, 0.586222608, -0.75446821, -0.950561523, -0.259765625, 0.169677734, -0.0965233877, 0.767227731, 0.634009248, 0, 0, 0, 0, 0, 0, 0, 0.33151709, -0.138477832, -0.147475537, -0.216988736, 0.014536385, -0.976012103, 0.510986328, -0.850219727, -0.126220703, -0.831680893, -0.526020332, 0.17714763, 0, 3, 5, 1, 
918.444328, 67, 0.1, 0.1, 0.0228843702, 0.360690215, -0.0199591072, 0.999667758, 0.0257754562, 1.53738112e-006, 0.0257754563, -0.999667758, -1.53445116e-005, 1.14135855e-006, 1.53790402e-005, -1, 0.999667753, 0.0257756192, 2.5013165e-005, 0.0257756195, -0.999667753, -1.03090155e-005, 2.47391332e-005, 1.09503202e-005, -1, 0, 0, 0, 0, 0, 0, 0, 0.319644946, -0.181584937, -0.169240161, -0.29497635, 0.586222608, -0.75446821, -0.950561523, -0.259765625, 0.169677734, -0.0965233877, 0.767227731, 0.634009248, 0, 0, 0, 0, 0, 0, 0, 0.33151709, -0.138477832, -0.147475537, -0.216988736, 0.014536385, -0.976012103, 0.510986328, -0.850219727, -0.126220703, -0.831680893, -0.526020332, 0.17714763, 0, 3, 5, 1, 
918.445027, 67, 0.1, 0.1, 0.02288436, 0.360690217, -0.0199583919, 0.999667785, 0.0257743711, -3.28235496e-005, 0.0257743711, -0.999667786, -3.76970721e-007, -3.28223613e-005, -4.69160861e-007, -0.999999999, 0.999667779, 0.025774584, -5.47516363e-005, 0.0257745849, -0.99966778, 1.63900166e-005, -5.43110009e-005, -1.77957722e-005, -0.999999998, 0, 0, 0, 0, 0, 0, 0, 0.319644946, -0.181584937, -0.169240161, -0.29497635, 0.586222608, -0.75446821, -0.950561523, -0.259765625, 0.169677734, -0.0965233877, 0.767227731, 0.634009248, 0, 0, 0, 0, 0, 0, 0, 0.33151709, -0.138477832, -0.147475537, -0.216988736, 0.014536385, -0.976012103, 0.510986328, -0.850219727, -0.126220703, -0.831680893, -0.526020332, 0.17714763, 0, 3, 5, 1, 
918.445718, 67, 0.1, 0.1, 0.0228843631, 0.36069021, -0.0199611497, 0.999667811, 0.0257733964, 9.52414016e-006, 0.0257733965, -0.999667811, -1.06649895e-005, 9.24610334e-006, 1.09069161e-005, -1, 0.999667806, 0.0257735647, 2.60801164e-005, 0.0257735655, -0.999667806, -3.35237123e-005, 2.52074271e-005, 3.41847535e-005, -0.999999999, 0, 0, 0, 0, 0, 0, 0, 0.319644946, -0.181584937, -0.169240161, -0.29497635, 0.586222608, -0.75446821, -0.950561523, -0.259765625, 0.169677734, -0.0965233877, 0.767227731, 0.634009248, 0, 0, 0, 0, 0, 0, 0, 0.33151709, -0.138477832, -0.147475537, -0.216988736, 0.014536385, -0.976012103, 0.510986328, -0.850219727, -0.126220703, -0.831680893, -0.526020332, 0.17714763, 0, 3, 5, 1, 
918.446403, 67, 0.1, 0.1, 0.0228843574, 0.360690218, -0.0199662177, 0.999667831, 0.0257725998, -1.42760033e-005, 0.0257726003, -0.999667831, 3.54227732e-005, -1.33583243e-005, -3.57789366e-005, -0.999999999, 0.999667827, 0.0257727544, -3.11468055e-005, 0.0257727559, -0.999667826, 4.94823745e-005, -2.98611622e-005, -5.02686768e-005, -0.999999998, 0, 0, 0, 0, 0, 0, 0, 0.319644946, -0.181584937, -0.169240161, -0.29497635, 0.586222608, -0.75446821, -0.950561523, -0.259765625, 0.169677734, -0.0965233877, 0.767227731, 0.634009248, 0, 0, 0, 0, 0, 0, 0, 0.33151709, -0.138477832, -0.147475537, -0.216988736, 0.014536385, -0.976012103, 0.510986328, -0.850219727, -0.126220703, -0.831680893, -0.526020332, 0.17714763, 0, 3, 5, 1, 
918.447118, 67, 0.1, 0.1, 0.0228843623, 0.360690211, -0.019972043, 0.999667858, 0.0257715494, 1.97664384e-005, 0.0257715505, -0.999667857, -6.14294001e-005, 1.81767422e-005, 6.19184086e-005, -0.999999998, 0.999667852, 0.0257717767, 3.19457218e-005, 0.0257717786, -0.999667851, -5.96362016e-005, 3.03981802e-005, 6.04396917e-005, -0.999999998, 0, 0, 0, 0, 0, 0, 0, 0.319670435, -0.181103662, -0.169351099, -0.298734158, 0.587021275, -0.752398346, -0.94921875, -0.264038086, 0.170776367, -0.0984000481, 0.765247356, 0.636153252, 0, 0, 0, 0, 0, 0, 0, 0.33151709, -0.138477832, -0.147475537, -0.216988736, 0.014536385, -0.976012103, 0.510986328, -0.850219727, -0.126220703, -0.831680893, -0.526020332, 0.17714763, 0, 3, 5, 1, 
918.447826, 67, 0.1, 0.1, 0.0228843599, 0.360690209, -0.019976537, 0.999667895, 0.0257701311, -2.65895677e-006, 0.0257701312, -0.999667894, 3.96307027e-005, -1.63678531e-006, -3.96860628e-005, -0.999999999, 0.999667887, 0.0257704463, -1.35474095e-005, 0.0257704465, -0.999667887, 1.82736123e-005, -1.30719911e-005, -1.86166662e-005, -1, 0, 0, 0, 0, 0, 0, 0, 0.319670435, -0.181103662, -0.169351099, -0.298734158, 0.587021275, -0.752398346, -0.94921875, -0.264038086, 0.170776367, -0.0984000481, 0.765247356, 0.636153252, 0, 0, 0, 0, 0, 0, 0, 0.33115957, -0.138088721, -0.147623584, -0.220387248, 0.0156982619, -0.975289891, 0.516479492, -0.846191406, -0.130249023, -0.827373868, -0.532403577, 0.178450965, 0, 3, 5, 1, 
918.448516, 67, 0.1, 0.1, 0.0228843638, 0.360690218, -0.0199787326, 0.999667938, 0.0257684409, 1.66712214e-005, 0.0257684405, -0.999667938, 2.42966891e-005, 1.72917733e-005, -2.38590298e-005, -1, 0.999667929, 0.0257687914, 2.5932731e-005, 0.0257687902, -0.999667929, 4.32858893e-005, 2.70395445e-005, -4.26032602e-005, -0.999999999, 0, 0, 0, 0, 0, 0, 0, 0.319670435, -0.181103662, -0.169351099, -0.298734158, 0.587021275, -0.752398346, -0.94921875, -0.264038086, 0.170776367, -0.0984000481, 0.765247356, 0.636153252, 0, 0, 0, 0, 0, 0, 0, 0.33115957, -0.138088721, -0.147623584, -0.220387248, 0.0156982619, -0.975289891, 0.516479492, -0.846191406, -0.130249023, -0.827373868, -0.532403577, 0.178450965, 0, 3, 5, 1, 
918.449201, 67, 0.1, 0.1, 0.0228843585, 0.360690213, -0.0199782218, 0.999667983, 0.0257666972, -3.54283943e-005, 0.0257666962, -0.999667983, -2.68586939e-005, -3.61086913e-005, 2.59369036e-005, -0.999999999, 0.999667974, 0.0257670378, -3.74525057e-005, 0.0257670366, -0.999667974, -3.07872869e-005, -3.82333677e-005, 2.98120247e-005, -0.999999999, 0, 0, 0, 0, 0, 0, 0, 0.319670435, -0.181103662, -0.169351099, -0.298734158, 0.587021275, -0.752398346, -0.94921875, -0.264038086, 0.170776367, -0.0984000481, 0.765247356, 0.636153252, 0, 0, 0, 0, 0, 0, 0, 0.33115957, -0.138088721, -0.147623584, -0.220387248, 0.0156982619, -0.975289891, 0.516479492, -0.846191406, -0.130249023, -0.827373868, -0.532403577, 0.178450965, 0, 3, 5, 1, 
918.449896, 67, 0.1, 0.1, 0.0228843598, 0.360690214, -0.0199752998, 0.999668028, 0.0257649504, 3.52349019e-005, 0.0257649502, -0.999668029, 7.5634096e-006, 3.54180758e-005, -6.65307327e-006, -0.999999999, 0.999668019, 0.025765305, 2.92488458e-005, 0.0257653046, -0.999668019, 1.32818764e-005, 2.95813473e-005, -1.25238616e-005, -0.999999999, 0, 0, 0, 0, 0, 0, 0, 0.319670435, -0.181103662, -0.169351099, -0.298734158, 0.587021275, -0.752398346, -0.94921875, -0.264038086, 0.170776367, -0.0984000481, 0.765247356, 0.636153252, 0, 0, 0, 0, 0, 0, 0, 0.33115957, -0.138088721, -0.147623584, -0.220387248, 0.0156982619, -0.975289891, 0.516479492, -0.846191406, -0.130249023, -0.827373868, -0.532403577, 0.178450965, 0, 3, 5, 1, 
918.45059, 67, 0.1, 0.1, 0.0228843588, 0.360690213, -0.019971014, 0.999668075, 0.0257631155, -4.29824283e-005, 0.0257631158, -0.999668076, 6.82558908e-006, -4.2792313e-005, -7.93068477e-006, -0.999999999, 0.999668066, 0.0257634888, -2.50225082e-005, 0.0257634889, -0.999668066, 3.7567989e-006, -2.49174142e-005, -4.40021901e-006, -1, 0, 0, 0, 0, 0, 0, 0, 0.319670435, -0.181103662, -0.169351099, -0.298734158, 0.587021275, -0.752398346, -0.94921875, -0.264038086, 0.170776367, -0.0984000481, 0.765247356, 0.636153252, 0, 0, 0, 0, 0, 0, 0, 0.33115957, -0.138088721, -0.147623584, -0.220387248, 0.0156982619, -0.975289891, 0.516479492, -0.846191406, -0.130249023, -0.827373868, -0.532403577, 0.178450965, 0, 3, 5, 1, 
918.451277, 67, 0.1, 0.1, 0.0228843544, 0.360690212, -0.019966692, 0.999668112, 0.0257616838, 2.76992447e-005, 0.0257616836, -0.999668113, 5.86197787e-006, 2.78410661e-005, -5.14645317e-006, -1, 0.999668107, 0.0257619199, -5.48224047e-006, 0.0257619199, -0.999668107, -1.10134134e-005, -5.76414762e-006, 1.08685251e-005, -1, 0, 0, 0, 0, 0, 0, 0, 0.319670435, -0.181103662, -0.169351099, -0.298734158, 0.587021275, -0.752398346, -0.94921875, -0.264038086, 0.170776367, -0.0984000481, 0.765247356, 0.636153252, 0, 0, 0, 0, 0, 0, 0, 0.33115957, -0.138088721, -0.147623584, -0.220387248, 0.0156982619, -0.975289891, 0.516479492, -0.846191406, -0.130249023, -0.827373868, -0.532403577, 0.178450965, 0, 3, 5, 1, 
918.452009, 67, 0.1, 0.1, 0.0228843628, 0.360690211, -0.0199632015, 0.999668149, 0.0257602734, 1.03798628e-005, 0.0257602734, -0.999668149, -6.45771168e-006, 1.02100659e-005, 6.72295679e-006, -1, 0.99966814, 0.0257605889, 3.97225163e-005, 0.0257605895, -0.999668141, -1.38892808e-005, 3.9351538e-005, 1.49079469e-005, -0.999999999, 0, 0, 0, 0, 0, 0, 0, 0.319715576, -0.18084563, -0.169691382, -0.302111168, 0.587819941, -0.750449049, -0.947875977, -0.268066406, 0.171630859, -0.100213429, 0.76326698, 0.638316353, 0, 0, 0, 0, 0, 0, 0, 0.33115957, -0.138088721, -0.147623584, -0.222386543, 0.0168090996, -0.974817044, 0.521728516, -0.842529297, -0.133544922, -0.823533493, -0.538301216, 0.178623406, 0, 3, 5, 1, 
918.452705, 67, 0.1, 0.1, 0.0228843529, 0.360690213, -0.0199617745, 0.999668181, 0.0257589914, -4.13249235e-005, 0.0257589911, -0.999668182, -7.51063013e-006, -4.15046774e-005, 6.44364962e-006, -0.999999999, 0.999668175, 0.0257591998, -5.71608952e-005, 0.0257591996, -0.999668177, -4.06612328e-006, -5.72466679e-005, 2.59235513e-006, -0.999999998, 0, 0, 0, 0, 0, 0, 0, 0.319715576, -0.18084563, -0.169691382, -0.302111168, 0.587819941, -0.750449049, -0.947875977, -0.268066406, 0.171630859, -0.100213429, 0.76326698, 0.638316353, 0, 0, 0, 0, 0, 0, 0, 0.331331299, -0.137692773, -0.14736543, -0.222386543, 0.0168090996, -0.974817044, 0.521728516, -0.842529297, -0.133544922, -0.823533493, -0.538301216, 0.178623406, 0, 3, 5, 1, 
918.45339, 67, 0.1, 0.1, 0.0228843594, 0.360690212, -0.0199628174, 0.999668205, 0.0257580469, 5.82737812e-005, 0.0257580477, -0.999668206, -1.27964003e-005, 5.7924836e-005, 1.42931734e-005, -0.999999998, 0.9996682, 0.0257582372, 5.95579096e-005, 0.0257582372, -0.999668202, 1.89194497e-006, 5.95868815e-005, -3.57210467e-007, -0.999999998, 0, 0, 0, 0, 0, 0, 0, 0.319715576, -0.18084563, -0.169691382, -0.302111168, 0.587819941, -0.750449049, -0.947875977, -0.268066406, 0.171630859, -0.100213429, 0.76326698, 0.638316353, 0, 0, 0, 0, 0, 0, 0, 0.331331299, -0.137692773, -0.14736543, -0.222386543, 0.0168090996, -0.974817044, 0.521728516, -0.842529297, -0.133544922, -0.823533493, -0.538301216, 0.178623406, 0, 3, 5, 1, 
918.454082, 67, 0.1, 0.1, 0.0228843573, 0.360690212, -0.0199658499, 0.999668232, 0.0257569897, -5.0279243e-005, 0.0257569902, -0.999668234, 1.0689006e-005, -4.99872454e-005, -1.19805017e-005, -0.999999999, 0.999668228, 0.0257571752, -3.9778386e-005, 0.0257571758, -0.999668229, 1.40633213e-005, -3.94029573e-005, -1.50832344e-005, -0.999999999, 0, 0, 0, 0, 0, 0, 0, 0.319715576, -0.18084563, -0.169691382, -0.302111168, 0.587819941, -0.750449049, -0.947875977, -0.268066406, 0.171630859, -0.100213429, 0.76326698, 0.638316353, 0, 0, 0, 0, 0, 0, 0, 0.331331299, -0.137692773, -0.14736543, -0.222386543, 0.0168090996, -0.974817044, 0.521728516, -0.842529297, -0.133544922, -0.823533493, -0.538301216, 0.178623406, 0, 3, 5, 1, 
918.454793, 67, 0.1, 0.1, 0.022884355, 0.360690212, -0.0199699324, 0.999668255, 0.0257561534, 3.69851428e-005, 0.0257561538, -0.999668255, -1.03658971e-005, 3.67058875e-005, 1.13150533e-005, -0.999999999, 0.99966825, 0.0257563398, 1.76053151e-005, 0.0257563398, -0.99966825, 6.34435251e-007, 1.76158153e-005, -1.807763e-007, -1, 0, 0, 0, 0, 0, 0, 0, 0.319715576, -0.18084563, -0.169691382, -0.302111168, 0.587819941, -0.750449049, -0.947875977, -0.268066406, 0.171630859, -0.100213429, 0.76326698, 0.638316353, 0, 0, 0, 0, 0, 0, 0, 0.331238037, -0.137701318, -0.147308789, -0.224807645, 0.0181565439, -0.974139674, 0.525756836, -0.839477539, -0.13684082, -0.820351166, -0.54294656, 0.179185571, 0, 3, 5, 1, 
918.455533, 67, 0.1, 0.1, 0.0228843597, 0.360690212, -0.0199735316, 0.999668274, 0.0257554161, -1.08224916e-005, 0.0257554162, -0.999668274, 8.21848879e-006, -1.06072309e-005, -8.49450028e-006, -1, 0.999668271, 0.0257555212, 1.52571786e-005, 0.025755521, -0.999668271, 1.19002099e-005, 1.55586134e-005, -1.15033057e-005, -1, 0, 0, 0, 0, 0, 0, 0, 0.319715576, -0.18084563, -0.169691382, -0.302111168, 0.587819941, -0.750449049, -0.947875977, -0.268066406, 0.171630859, -0.100213429, 0.76326698, 0.638316353, 0, 0, 0, 0, 0, 0, 0, 0.331238037, -0.137701318, -0.147308789, -0.224807645, 0.0181565439, -0.974139674, 0.525756836, -0.839477539, -0.13684082, -0.820351166, -0.54294656, 0.179185571, 0, 3, 5, 1, 
918.456224, 67, 0.1, 0.1, 0.022884352, 0.360690212, -0.0199753486, 0.999668284, 0.0257550292, -1.63052135e-005, 0.0257550294, -0.999668284, 1.16235448e-005, -1.60004401e-005, -1.20396303e-005, -1, 0.999668281, 0.0257551172, -3.29387145e-005, 0.0257551174, -0.999668282, 7.04502929e-006, -3.27463426e-005, -7.89103278e-006, -0.999999999, 0, 0, 0, 0, 0, 0, 0, 0.319715576, -0.18084563, -0.169691382, -0.302111168, 0.587819941, -0.750449049, -0.947875977, -0.268066406, 0.171630859, -0.100213429, 0.76326698, 0.638316353, 0, 0, 0, 0, 0, 0, 0, 0.331238037, -0.137701318, -0.147308789, -0.224807645, 0.0181565439, -0.974139674, 0.525756836, -0.839477539, -0.13684082, -0.820351166, -0.54294656, 0.179185571, 0, 3, 5, 1, 
918.456974, 67, 0.1, 0.1, 0.0228843568, 0.360690212, -0.0199748899, 0.999668301, 0.0257543696, 2.0924426e-005, 0.0257543694, -0.999668301, 1.06121517e-005, 2.11907947e-005, -1.00697363e-005, -1, 0.999668298, 0.0257544919, 3.16280362e-005, 0.025754492, -0.999668298, -1.46124568e-006, 3.15799115e-005, 2.27532498e-006, -0.999999999, 0, 0, 0, 0, 0, 0, 0, 0.319808081, -0.180839404, -0.169844922, -0.304612005, 0.58800978, -0.749153886, -0.947021484, -0.270629883, 0.172607422, -0.101176847, 0.762124586, 0.63947073, 0, 0, 0, 0, 0, 0, 0, 0.331238037, -0.137701318, -0.147308789, -0.224807645, 0.0181565439, -0.974139674, 0.525756836, -0.839477539, -0.13684082, -0.820351166, -0.54294656, 0.179185571, 0, 3, 5, 1, 
918.457681, 67, 0.1, 0.1, 0.0228843508, 0.360690212, -0.0199725165, 0.999668308, 0.0257540792, -3.94061232e-005, 0.025754079, -0.999668309, -5.4818767e-006, -3.95342332e-005, 4.46518999e-006, -0.999999999, 0.999668307, 0.0257541186, -4.32150452e-005, 0.0257541182, -0.999668308, -9.72043374e-006, -4.34510523e-005, 8.60424415e-006, -0.999999999, 0, 0, 0, 0, 0, 0, 0, 0.319808081, -0.180839404, -0.169844922, -0.304612005, 0.58800978, -0.749153886, -0.947021484, -0.270629883, 0.172607422, -0.101176847, 0.762124586, 0.63947073, 0, 0, 0, 0, 0, 0, 0, 0.331238037, -0.137701318, -0.147308789, -0.224807645, 0.0181565439, -0.974139674, 0.525756836, -0.839477539, -0.13684082, -0.820351166, -0.54294656, 0.179185571, 0, 3, 5, 1, 
918.458367, 67, 0.1, 0.1, 0.0228843538, 0.360690212, -0.0199695983, 0.999668318, 0.025753684, 5.1549828e-005, 0.0257536847, -0.999668319, -1.35553566e-005, 5.11836296e-005, 1.48784586e-005, -0.999999999, 0.999668315, 0.0257537899, 4.34775453e-005, 0.0257537903, -0.999668316, -8.5312985e-006, 4.32434112e-005, 9.64818038e-006, -0.999999999, 0, 0, 0, 0, 0, 0, 0, 0.319808081, -0.180839404, -0.169844922, -0.304612005, 0.58800978, -0.749153886, -0.947021484, -0.270629883, 0.172607422, -0.101176847, 0.762124586, 0.63947073, 0, 0, 0, 0, 0, 0, 0, 0.331238037, -0.137701318, -0.147308789, -0.224807645, 0.0181565439, -0.974139674, 0.525756836, -0.839477539, -0.13684082, -0.820351166, -0.54294656, 0.179185571, 0, 3, 5, 1, 
918.459065, 67, 0.1, 0.1, 0.0228843549, 0.360690212, -0.0199668427, 0.999668328, 0.0257532893, -4.06241571e-005, 0.0257532894, -0.999668329, 1.36604228e-006, -4.05755032e-005, -2.41179488e-006, -0.999999999, 0.999668327, 0.0257533547, -2.03986969e-005, 0.0257533547, -0.999668327, -1.07044557e-006, -2.04194987e-005, 5.44755657e-007, -1, 0, 0, 0, 0, 0, 0, 0, 0.319808081, -0.180839404, -0.169844922, -0.304612005, 0.58800978, -0.749153886, -0.947021484, -0.270629883, 0.172607422, -0.101176847, 0.762124586, 0.63947073, 0, 0, 0, 0, 0, 0, 0, 0.331238037, -0.137701318, -0.147308789, -0.224807645, 0.0181565439, -0.974139674, 0.525756836, -0.839477539, -0.13684082, -0.820351166, -0.54294656, 0.179185571, 0, 3, 5, 1, 
918.459787, 67, 0.1, 0.1, 0.0228843497, 0.360690213, -0.019964821, 0.999668337, 0.0257529759, 2.686814e-005, 0.0257529757, -0.999668337, 6.66541525e-006, 2.70308831e-005, -5.97127002e-006, -1, 0.999668335, 0.0257530671, -7.32123564e-006, 0.0257530672, -0.999668335, 1.46056004e-005, -6.94266844e-006, -1.47893005e-005, -1, 0, 0, 0, 0, 0, 0, 0, 0.319713843, -0.181268188, -0.169791455, -0.306458708, 0.588396569, -0.748157146, -0.946411133, -0.271850586, 0.173828125, -0.101131541, 0.761445364, 0.640301598, 0, 0, 0, 0, 0, 0, 0, 0.330681445, -0.137917725, -0.147257031, -0.22728635, 0.0193891497, -0.973609225, 0.528686523, -0.837036133, -0.140014648, -0.817788606, -0.546499289, 0.17997778, 0, 3, 5, 1, 
918.460481, 67, 0.1, 0.1, 0.0228843578, 0.360690212, -0.019964515, 0.999668353, 0.025752355, 1.35449251e-005, 0.0257523547, -0.999668353, 1.95947602e-005, 1.40450442e-005, -1.9239448e-005, -1, 0.999668349, 0.0257524756, 4.01932079e-005, 0.0257524758, -0.99966835, -3.46814063e-006, 4.00905646e-005, 4.50206504e-006, -0.999999999, 0, 0, 0, 0, 0, 0, 0, 0.319713843, -0.181268188, -0.169791455, -0.306458708, 0.588396569, -0.748157146, -0.946411133, -0.271850586, 0.173828125, -0.101131541, 0.761445364, 0.640301598, 0, 0, 0, 0, 0, 0, 0, 0.330681445, -0.137917725, -0.147257031, -0.22728635, 0.0193891497, -0.973609225, 0.528686523, -0.837036133, -0.140014648, -0.817788606, -0.546499289, 0.17997778, 0, 3, 5, 1, 
918.461169, 67, 0.1, 0.1, 0.0228843482, 0.360690214, -0.0199657296, 0.999668355, 0.0257522261, -4.34170095e-005, 0.0257522248, -0.999668356, -3.00782065e-005, -4.41771913e-005, 2.89501466e-005, -0.999999999, 0.999668355, 0.0257522129, -5.70635661e-005, 0.0257522129, -0.999668357, -1.10271577e-006, -5.70730388e-005, -3.67163038e-007, -0.999999998, 0, 0, 0, 0, 0, 0, 0, 0.319713843, -0.181268188, -0.169791455, -0.306458708, 0.588396569, -0.748157146, -0.946411133, -0.271850586, 0.173828125, -0.101131541, 0.761445364, 0.640301598, 0, 0, 0, 0, 0, 0, 0, 0.330681445, -0.137917725, -0.147257031, -0.22728635, 0.0193891497, -0.973609225, 0.528686523, -0.837036133, -0.140014648, -0.817788606, -0.546499289, 0.17997778, 0, 3, 5, 1, 
918.461868, 67, 0.1, 0.1, 0.0228843528, 0.360690206, -0.019968099, 0.999668341, 0.0257527875, 4.5070397e-005, 0.0257527879, -0.999668342, -7.10087539e-006, 4.48725817e-005, 8.2592087e-006, -0.999999999, 0.999668345, 0.0257526299, 4.63563696e-005, 0.0257526314, -0.999668345, -3.14914257e-005, 4.55300082e-005, 3.26747799e-005, -0.999999998, 0, 0, 0, 0, 0, 0, 0, 0.319713843, -0.181268188, -0.169791455, -0.306458708, 0.588396569, -0.748157146, -0.946411133, -0.271850586, 0.173828125, -0.101131541, 0.761445364, 0.640301598, 0, 0, 0, 0, 0, 0, 0, 0.330681445, -0.137917725, -0.147257031, -0.22728635, 0.0193891497, -0.973609225, 0.528686523, -0.837036133, -0.140014648, -0.817788606, -0.546499289, 0.17997778, 0, 3, 5, 1, 
918.462569, 67, 0.1, 0.1, 0.0228843502, 0.360690216, -0.0199708105, 0.999668311, 0.0257539621, -4.50870299e-005, 0.0257539642, -0.999668311, 4.62073344e-005, -4.3882053e-005, -4.73531777e-005, -0.999999998, 0.999668319, 0.0257536696, -3.54210777e-005, 0.0257536716, -0.999668318, 5.69918509e-005, -3.39415798e-005, -5.78851705e-005, -0.999999998, 0, 0, 0, 0, 0, 0, 0, 0.319713843, -0.181268188, -0.169791455, -0.306458708, 0.588396569, -0.748157146, -0.946411133, -0.271850586, 0.173828125, -0.101131541, 0.761445364, 0.640301598, 0, 0, 0, 0, 0, 0, 0, 0.330681445, -0.137917725, -0.147257031, -0.22728635, 0.0193891497, -0.973609225, 0.528686523, -0.837036133, -0.140014648, -0.817788606, -0.546499289, 0.17997778, 0, 3, 5, 1, 
918.463256, 67, 0.1, 0.1, 0.0228843477, 0.360690211, -0.0199729473, 0.999668272, 0.0257554992, 2.8162487e-005, 0.025755501, -0.99966827, -6.81678802e-005, 2.63974468e-005, 6.88706059e-005, -0.999999997, 0.99966828, 0.0257551719, 1.11729856e-005, 0.0257551725, -0.999668279, -5.55572825e-005, 9.73839191e-006, 5.58266153e-005, -0.999999998, 0, 0, 0, 0, 0, 0, 0, 0.319713843, -0.181268188, -0.169791455, -0.306458708, 0.588396569, -0.748157146, -0.946411133, -0.271850586, 0.173828125, -0.101131541, 0.761445364, 0.640301598, 0, 0, 0, 0, 0, 0, 0, 0.330681445, -0.137917725, -0.147257031, -0.22728635, 0.0193891497, -0.973609225, 0.528686523, -0.837036133, -0.140014648, -0.817788606, -0.546499289, 0.17997778, 0, 3, 5, 1, 
918.463985, 67, 0.1, 0.1, 0.0228843513, 0.360690203, -0.019973938, 0.999668227, 0.0257572389, -1.40968394e-005, 0.0257572391, -0.999668227, 1.02887688e-005, -1.38271522e-005, -1.06484509e-005, -1, 0.999668236, 0.0257568801, 1.14160931e-005, 0.0257568804, -0.999668236, -2.32417793e-005, 1.08136699e-005, 2.35281115e-005, -1, 0, 0, 0, 0, 0, 0, 0, 0.319713843, -0.181268188, -0.169791455, -0.307790941, 0.58969061, -0.746665032, -0.946044922, -0.272216797, 0.174926758, -0.100178985, 0.760251673, 0.641919149, 0, 0, 0, 0, 0, 0, 0, 0.330681445, -0.137917725, -0.147257031, -0.22728635, 0.0193891497, -0.973609225, 0.528686523, -0.837036133, -0.140014648, -0.817788606, -0.546499289, 0.17997778, 0, 3, 5, 1, 
918.464693, 67, 0.1, 0.1, 0.0228843461, 0.360690211, -0.0199732069, 0.99966819, 0.025758702, -2.0419922e-006, 0.0257587021, -0.999668189, 2.83596621e-005, -1.31080656e-006, -2.84028511e-005, -1, 0.999668196, 0.0257584436, -2.06383696e-005, 0.0257584445, -0.999668195, 4.30558661e-005, -1.95224696e-005, -4.35731923e-005, -0.999999999, 0, 0, 0, 0, 0, 0, 0, 0.319202173, -0.181428931, -0.169933521, -0.307790941, 0.58969061, -0.746665032, -0.946044922, -0.272216797, 0.174926758, -0.100178985, 0.760251673, 0.641919149, 0, 0, 0, 0, 0, 0, 0, 0.33014292, -0.138287549, -0.146992285, -0.22934981, 0.0215674487, -0.973002217, 0.531005859, -0.834960938, -0.143676758, -0.815673373, -0.549707136, 0.180041579, 0, 3, 5, 1, 
918.465377, 67, 0.1, 0.1, 0.0228843533, 0.360690204, -0.0199715956, 0.999668165, 0.0257596438, 3.3881566e-005, 0.0257596456, -0.999668164, -5.61819485e-005, 3.24230959e-005, 5.70360825e-005, -0.999999998, 0.999668168, 0.0257594962, 4.49148702e-005, 0.0257594987, -0.999668168, -5.57679183e-005, 4.34634125e-005, 5.69063972e-005, -0.999999997, 0, 0, 0, 0, 0, 0, 0, 0.319202173, -0.181428931, -0.169933521, -0.307790941, 0.58969061, -0.746665032, -0.946044922, -0.272216797, 0.174926758, -0.100178985, 0.760251673, 0.641919149, 0, 0, 0, 0, 0, 0, 0, 0.33014292, -0.138287549, -0.146992285, -0.22934981, 0.0215674487, -0.973002217, 0.531005859, -0.834960938, -0.143676758, -0.815673373, -0.549707136, 0.180041579, 0, 3, 5, 1, 
918.466076, 67, 0.1, 0.1, 0.0228843485, 0.360690203, -0.0199694969, 0.999668153, 0.0257601042, -3.6579181e-005, 0.0257601051, -0.999668153, 2.67387616e-005, -3.5878249e-005, -2.7672172e-005, -0.999999999, 0.999668154, 0.0257600546, -3.99976383e-005, 0.0257600553, -0.999668155, 1.85848416e-005, -3.95056187e-005, -1.96090156e-005, -0.999999999, 0, 0, 0, 0, 0, 0, 0, 0.319202173, -0.181428931, -0.169933521, -0.307790941, 0.58969061, -0.746665032, -0.946044922, -0.272216797, 0.174926758, -0.100178985, 0.760251673, 0.641919149, 0, 0, 0, 0, 0, 0, 0, 0.33014292, -0.138287549, -0.146992285, -0.22934981, 0.0215674487, -0.973002217, 0.531005859, -0.834960938, -0.143676758, -0.815673373, -0.549707136, 0.180041579, 0, 3, 5, 1, 
918.466768, 67, 0.1, 0.1, 0.0228843487, 0.360690203, -0.0199676652, 0.999668153, 0.0257601171, 6.98112555e-006, 0.0257601173, -0.999668153, -1.75822932e-005, 6.52588695e-006, 1.77562932e-005, -1, 0.999668152, 0.0257601411, 1.51118944e-005, 0.0257601414, -0.999668152, -1.75805911e-005, 1.46540011e-005, 1.79640415e-005, -1, 0, 0, 0, 0, 0, 0, 0, 0.319202173, -0.181428931, -0.169933521, -0.307790941, 0.58969061, -0.746665032, -0.946044922, -0.272216797, 0.174926758, -0.100178985, 0.760251673, 0.641919149, 0, 0, 0, 0, 0, 0, 0, 0.33014292, -0.138287549, -0.146992285, -0.22934981, 0.0215674487, -0.973002217, 0.531005859, -0.834960938, -0.143676758, -0.815673373, -0.549707136, 0.180041579, 0, 3, 5, 1, 
918.467452, 67, 0.1, 0.1, 0.0228843475, 0.360690205, -0.0199666633, 0.999668161, 0.0257598049, 2.24132133e-005, 0.0257598047, -0.999668161, 8.02027065e-006, 2.26123763e-005, -7.44024922e-006, -1, 0.999668159, 0.0257598891, -9.55719354e-007, 0.0257598891, -0.999668159, 1.97036264e-005, -4.47838978e-007, -1.97217071e-005, -1, 0, 0, 0, 0, 0, 0, 0, 0.319202173, -0.181428931, -0.169933521, -0.307790941, 0.58969061, -0.746665032, -0.946044922, -0.272216797, 0.174926758, -0.100178985, 0.760251673, 0.641919149, 0, 0, 0, 0, 0, 0, 0, 0.33014292, -0.138287549, -0.146992285, -0.22934981, 0.0215674487, -0.973002217, 0.531005859, -0.834960938, -0.143676758, -0.815673373, -0.549707136, 0.180041579, 0, 3, 5, 1, 
918.46815, 67, 0.1, 0.1, 0.0228843504, 0.360690202, -0.0199665427, 0.999668178, 0.0257591357, -2.48931904e-005, 0.0257591358, -0.999668178, 3.04042994e-006, -2.48066115e-005, -3.68064814e-006, -1, 0.999668175, 0.025759278, 5.0802097e-006, 0.0257592781, -0.999668175, -1.6898476e-005, 4.64323141e-006, 1.70237312e-005, -1, 0, 0, 0, 0, 0, 0, 0, 0.319202173, -0.181428931, -0.169933521, -0.307790941, 0.58969061, -0.746665032, -0.946044922, -0.272216797, 0.174926758, -0.100178985, 0.760251673, 0.641919149, 0, 0, 0, 0, 0, 0, 0, 0.33014292, -0.138287549, -0.146992285, -0.22934981, 0.0215674487, -0.973002217, 0.531005859, -0.834960938, -0.143676758, -0.815673373, -0.549707136, 0.180041579, 0, 3, 5, 1, 
918.468858, 67, 0.1, 0.1, 0.0228843433, 0.360690202, -0.0199674051, 0.999668193, 0.025758572, -1.2539098e-006, 0.025758572, -0.999668193, -2.40423587e-005, -1.87279057e-006, 2.40020824e-005, -1, 0.999668191, 0.0257586486, -2.88667339e-005, 0.0257586482, -0.999668191, -1.56607039e-005, -2.92605542e-005, 1.49119394e-005, -0.999999999, 0, 0, 0, 0, 0, 0, 0, 0.319202173, -0.181428931, -0.169933521, -0.309503973, 0.591289066, -0.744614264, -0.945678711, -0.273071289, 0.176025391, -0.0992897077, 0.758638991, 0.643942586, 0, 0, 0, 0, 0, 0, 0, 0.33014292, -0.138287549, -0.146992285, -0.22934981, 0.0215674487, -0.973002217, 0.531005859, -0.834960938, -0.143676758, -0.815673373, -0.549707136, 0.180041579, 0, 3, 5, 1, 
918.469565, 67, 0.1, 0.1, 0.0228843542, 0.360690203, -0.0199686775, 0.999668189, 0.0257586518, 5.31944129e-005, 0.0257586506, -0.999668191, 2.33271498e-005, 5.37776384e-005, -2.19491933e-005, -0.999999998, 0.99966819, 0.0257585983, 6.57409362e-005, 0.0257585968, -0.999668192, 2.28202265e-005, 6.63069399e-005, -2.11192602e-005, -0.999999998, 0, 0, 0, 0, 0, 0, 0, 0.319117334, -0.181575391, -0.170269043, -0.309503973, 0.591289066, -0.744614264, -0.945678711, -0.273071289, 0.176025391, -0.0992897077, 0.758638991, 0.643942586, 0, 0, 0, 0, 0, 0, 0, 0.329845947, -0.138442432, -0.14674585, -0.231183228, 0.0236243461, -0.972625252, 0.533691406, -0.832763672, -0.146972656, -0.813411218, -0.552927743, 0.179958457, 0, 3, 5, 1, 
918.470249, 67, 0.1, 0.1, 0.022884348, 0.360690202, -0.019970202, 0.999668184, 0.0257587928, -8.06379843e-005, 0.0257587928, -0.999668187, -1.76067111e-006, -8.06565804e-005, -3.17050236e-007, -0.999999997, 0.999668185, 0.0257588179, -6.47011391e-005, 0.0257588172, -0.999668187, -1.146194e-005, -6.49749164e-005, 9.7915119e-006, -0.999999998, 0, 0, 0, 0, 0, 0, 0, 0.319117334, -0.181575391, -0.170269043, -0.309503973, 0.591289066, -0.744614264, -0.945678711, -0.273071289, 0.176025391, -0.0992897077, 0.758638991, 0.643942586, 0, 0, 0, 0, 0, 0, 0, 0.329845947, -0.138442432, -0.14674585, -0.231183228, 0.0236243461, -0.972625252, 0.533691406, -0.832763672, -0.146972656, -0.813411218, -0.552927743, 0.179958457, 0, 3, 5, 1, 
918.470945, 67, 0.1, 0.1, 0.0228843367, 0.360690202, -0.0199716248, 0.999668189, 0.0257587295, -6.41361704e-006, 0.0257587295, -0.999668189, 7.14178102e-006, -6.22752572e-006, -7.30461793e-006, -1, 0.999668187, 0.0257587532, -3.9212252e-005, 0.0257587534, -0.999668188, 5.24355859e-006, -3.90641733e-005, -6.25187744e-006, -0.999999999, 0, 0, 0, 0, 0, 0, 0, 0.319117334, -0.181575391, -0.170269043, -0.309503973, 0.591289066, -0.744614264, -0.945678711, -0.273071289, 0.176025391, -0.0992897077, 0.758638991, 0.643942586, 0, 0, 0, 0, 0, 0, 0, 0.329845947, -0.138442432, -0.14674585, -0.231183228, 0.0236243461, -0.972625252, 0.533691406, -0.832763672, -0.146972656, -0.813411218, -0.552927743, 0.179958457, 0, 3, 5, 1, 
918.471732, 67, 0.1, 0.1, 0.0228843537, 0.360690204, -0.0199719297, 0.999668187, 0.0257586226, 9.36415828e-005, 0.0257586225, -0.999668192, 2.98052778e-006, 9.3687286e-005, -5.67460625e-007, -0.999999996, 0.999668187, 0.0257586361, 9.64975861e-005, 0.0257586351, -0.999668191, 1.11720368e-005, 9.67533438e-005, -8.68268365e-006, -0.999999995, 0, 0, 0, 0, 0, 0, 0, 0.319025659, -0.182166992, -0.170605908, -0.311381755, 0.592906617, -0.742582592, -0.94519043, -0.273803711, 0.177612305, -0.0978799688, 0.757146877, 0.645845455, 0, 0, 0, 0, 0, 0, 0, 0.329340625, -0.138823975, -0.146283008, -0.232761082, 0.0257067632, -0.972197248, 0.536254883, -0.830444336, -0.150268555, -0.811244946, -0.556391154, 0.179389728, 0, 3, 5, 1, 
918.472415, 67, 0.1, 0.1, 0.0228843577, 0.360690202, -0.0199710933, 0.9996682, 0.0257582646, -4.11408169e-005, 0.025758265, -0.999668201, 8.85256922e-006, -4.08991396e-005, -9.909348e-006, -0.999999999, 0.999668197, 0.0257584022, -1.22636905e-005, 0.0257584021, -0.999668197, -9.28117482e-006, -1.24986896e-005, 8.96220223e-006, -1, 0, 0, 0, 0, 0, 0, 0, 0.319025659, -0.182166992, -0.170605908, -0.311381755, 0.592906617, -0.742582592, -0.94519043, -0.273803711, 0.177612305, -0.0978799688, 0.757146877, 0.645845455, 0, 0, 0, 0, 0, 0, 0, 0.329340625, -0.138823975, -0.146283008, -0.232761082, 0.0257067632, -0.972197248, 0.536254883, -0.830444336, -0.150268555, -0.811244946, -0.556391154, 0.179389728, 0, 3, 5, 1, 
918.473109, 67, 0.1, 0.1, 0.0228843466, 0.360690203, -0.0199699737, 0.999668214, 0.0257577218, -2.73258845e-005, 0.0257577215, -0.999668215, -1.01517732e-005, -2.75783047e-005, 9.44455242e-006, -1, 0.999668212, 0.0257577948, -5.03307479e-005, 0.0257577947, -0.999668213, -4.06020141e-006, -5.04186306e-005, 2.76244521e-006, -0.999999999, 0, 0, 0, 0, 0, 0, 0, 0.319025659, -0.182166992, -0.170605908, -0.311381755, 0.592906617, -0.742582592, -0.94519043, -0.273803711, 0.177612305, -0.0978799688, 0.757146877, 0.645845455, 0, 0, 0, 0, 0, 0, 0, 0.329340625, -0.138823975, -0.146283008, -0.232761082, 0.0257067632, -0.972197248, 0.536254883, -0.830444336, -0.150268555, -0.811244946, -0.556391154, 0.179389728, 0, 3, 5, 1, 
918.473802, 67, 0.1, 0.1, 0.0228843515, 0.360690203, -0.0199689583, 0.999668218, 0.0257575942, 2.72448373e-005, 0.0257575946, -0.999668218, -1.44299818e-005, 2.68641164e-005, 1.51269556e-005, -1, 0.999668217, 0.0257576233, 3.68144146e-005, 0.0257576232, -0.999668217, 1.48048131e-006, 3.68403339e-005, -5.31738288e-007, -0.999999999, 0, 0, 0, 0, 0, 0, 0, 0.319025659, -0.182166992, -0.170605908, -0.311381755, 0.592906617, -0.742582592, -0.94519043, -0.273803711, 0.177612305, -0.0978799688, 0.757146877, 0.645845455, 0, 0, 0, 0, 0, 0, 0, 0.329340625, -0.138823975, -0.146283008, -0.232761082, 0.0257067632, -0.972197248, 0.536254883, -0.830444336, -0.150268555, -0.811244946, -0.556391154, 0.179389728, 0, 3, 5, 1, 
918.474494, 67, 0.1, 0.1, 0.0228843458, 0.360690203, -0.0199683031, 0.99966823, 0.0257570898, -3.99134359e-005, 0.0257570911, -0.999668231, 3.09928224e-005, -3.91019089e-005, -3.2010594e-005, -0.999999999, 0.999668226, 0.0257572352, -4.45511853e-005, 0.0257572361, -0.999668227, 1.84610577e-005, -4.40608987e-005, -1.96024482e-005, -0.999999999, 0, 0, 0, 0, 0, 0, 0, 0.319025659, -0.182166992, -0.170605908, -0.311381755, 0.592906617, -0.742582592, -0.94519043, -0.273803711, 0.177612305, -0.0978799688, 0.757146877, 0.645845455, 0, 0, 0, 0, 0, 0, 0, 0.329340625, -0.138823975, -0.146283008, -0.232761082, 0.0257067632, -0.972197248, 0.536254883, -0.830444336, -0.150268555, -0.811244946, -0.556391154, 0.179389728, 0, 3, 5, 1, 
918.475184, 67, 0.1, 0.1, 0.0228843461, 0.360690204, -0.0199681277, 0.999668256, 0.0257561228, 1.07034254e-005, 0.0257561231, -0.999668255, -3.57851373e-005, 9.77818823e-006, 3.60489445e-005, -0.999999999, 0.99966825, 0.0257563564, 1.71528477e-005, 0.0257563568, -0.99966825, -1.97314526e-005, 1.6638947e-005, 2.01667015e-005, -1, 0, 0, 0, 0, 0, 0, 0, 0.319025659, -0.182166992, -0.170605908, -0.311381755, 0.592906617, -0.742582592, -0.94519043, -0.273803711, 0.177612305, -0.0978799688, 0.757146877, 0.645845455, 0, 0, 0, 0, 0, 0, 0, 0.329340625, -0.138823975, -0.146283008, -0.232761082, 0.0257067632, -0.972197248, 0.536254883, -0.830444336, -0.150268555, -0.811244946, -0.556391154, 0.179389728, 0, 3, 5, 1, 
918.475878, 67, 0.1, 0.1, 0.0228843453, 0.360690201, -0.0199684646, 0.999668289, 0.0257548426, 8.08960672e-006, 0.0257548425, -0.999668289, 2.12712933e-005, 8.63476212e-006, -2.10558908e-005, -1, 0.999668283, 0.0257550851, 5.06840821e-006, 0.025755085, -0.999668283, 6.90472686e-006, 5.24455876e-006, -6.77189915e-006, -1, 0, 0, 0, 0, 0, 0, 0, 0.319025659, -0.182166992, -0.170605908, -0.311381755, 0.592906617, -0.742582592, -0.94519043, -0.273803711, 0.177612305, -0.0978799688, 0.757146877, 0.645845455, 0, 0, 0, 0, 0, 0, 0, 0.329340625, -0.138823975, -0.146283008, -0.232761082, 0.0257067632, -0.972197248, 0.536254883, -0.830444336, -0.150268555, -0.811244946, -0.556391154, 0.179389728, 0, 3, 5, 1, 
918.476603, 67, 0.1, 0.1, 0.0228843431, 0.360690201, -0.0199689551, 0.999668314, 0.0257538676, 1.52734544e-006, 0.0257538677, -0.999668313, -3.74310933e-005, 5.62843417e-007, 3.7458013e-005, -0.999999999, 0.99966831, 0.0257540081, -1.4037031e-005, 0.0257540078, -0.99966831, -2.34197504e-005, -1.46355275e-005, 2.30504726e-005, -1, 0, 0, 0, 0, 0, 0, 0, 0.319098267, -0.182553662, -0.171152466, -0.314401932, 0.594162466, -0.740290689, -0.944213867, -0.275146484, 0.180053711, -0.0966600681, 0.755712051, 0.6478307, 0, 0, 0, 0, 0, 0, 0, 0.329230518, -0.138975684, -0.146451318, -0.235239786, 0.0279233417, -0.971507118, 0.5390625, -0.827880859, -0.154296875, -0.808682386, -0.559963206, 0.179830492, 0, 3, 5, 1, 
918.477301, 67, 0.1, 0.1, 0.0228843414, 0.360690199, -0.0199694938, 0.999668331, 0.0257532007, -1.2094016e-005, 0.025753201, -0.999668331, 2.61077633e-005, -1.14176463e-005, -2.64105638e-005, -1, 0.999668327, 0.0257533682, -1.77518259e-005, 0.0257533684, -0.999668327, 9.39260151e-006, -1.7504047e-005, -9.84665554e-006, -1, 0, 0, 0, 0, 0, 0, 0, 0.319098267, -0.182553662, -0.171152466, -0.314401932, 0.594162466, -0.740290689, -0.944213867, -0.275146484, 0.180053711, -0.0966600681, 0.755712051, 0.6478307, 0, 0, 0, 0, 0, 0, 0, 0.329230518, -0.138975684, -0.146451318, -0.235239786, 0.0279233417, -0.971507118, 0.5390625, -0.827880859, -0.154296875, -0.808682386, -0.559963206, 0.179830492, 0, 3, 5, 1, 
918.477997, 67, 0.1, 0.1, 0.022884341, 0.3606902, -0.0199699261, 0.999668355, 0.0257522863, -1.18802058e-005, 0.025752286, -0.999668355, -2.3393924e-005, -1.24787128e-005, 2.3080223e-005, -1, 0.99966835, 0.0257524577, -8.36313966e-006, 0.0257524576, -0.99966835, -1.06885968e-005, -8.63562366e-006, 1.04696805e-005, -1, 0, 0, 0, 0, 0, 0, 0, 0.319098267, -0.182553662, -0.171152466, -0.314401932, 0.594162466, -0.740290689, -0.944213867, -0.275146484, 0.180053711, -0.0966600681, 0.755712051, 0.6478307, 0, 0, 0, 0, 0, 0, 0, 0.329230518, -0.138975684, -0.146451318, -0.235239786, 0.0279233417, -0.971507118, 0.5390625, -0.827880859, -0.154296875, -0.808682386, -0.559963206, 0.179830492, 0, 3, 5, 1, 
918.478691, 67, 0.1, 0.1, 0.022884341, 0.360690201, -0.0199703636, 0.999668371, 0.0257516543, -9.47138248e-006, 0.0257516547, -0.99966837, 3.62305213e-005, -8.53524563e-006, -3.64624099e-005, -0.999999999, 0.999668369, 0.0257517309, 4.58551639e-006, 0.0257517308, -0.999668369, 2.28730385e-005, 5.17301602e-006, -2.27473681e-005, -1, 0, 0, 0, 0, 0, 0, 0, 0.319098267, -0.182553662, -0.171152466, -0.314401932, 0.594162466, -0.740290689, -0.944213867, -0.275146484, 0.180053711, -0.0966600681, 0.755712051, 0.6478307, 0, 0, 0, 0, 0, 0, 0, 0.329230518, -0.138975684, -0.146451318, -0.235239786, 0.0279233417, -0.971507118, 0.5390625, -0.827880859, -0.154296875, -0.808682386, -0.559963206, 0.179830492, 0, 3, 5, 1, 
918.479376, 67, 0.1, 0.1, 0.0228843404, 0.360690203, -0.0199706306, 0.999668382, 0.025751249, 3.30134232e-006, 0.0257512491, -0.999668381, -1.98909621e-005, 2.78803042e-006, 1.99693795e-005, -1, 0.999668379, 0.0257513561, 8.31334348e-006, 0.0257513561, -0.999668379, -5.44523913e-006, 8.17036431e-006, 5.65751324e-006, -1, 0, 0, 0, 0, 0, 0, 0, 0.319098267, -0.182553662, -0.171152466, -0.314401932, 0.594162466, -0.740290689, -0.944213867, -0.275146484, 0.180053711, -0.0966600681, 0.755712051, 0.6478307, 0, 0, 0, 0, 0, 0, 0, 0.329230518, -0.138975684, -0.146451318, -0.235239786, 0.0279233417, -0.971507118, 0.5390625, -0.827880859, -0.154296875, -0.808682386, -0.559963206, 0.179830492, 0, 3, 5, 1, 
918.480074, 67, 0.1, 0.1, 0.0228843388, 0.360690203, -0.0199706018, 0.999668399, 0.0257505777, 5.25690598e-006, 0.0257505775, -0.999668398, 2.97131232e-005, 6.02029287e-006, -2.9567902e-005, -1, 0.999668396, 0.0257507076, 1.10722551e-006, 0.0257507076, -0.999668395, 1.71220347e-005, 1.54776286e-006, -1.70878452e-005, -1, 0, 0, 0, 0, 0, 0, 0, 0.319098267, -0.182553662, -0.171152466, -0.314401932, 0.594162466, -0.740290689, -0.944213867, -0.275146484, 0.180053711, -0.0966600681, 0.755712051, 0.6478307, 0, 0, 0, 0, 0, 0, 0, 0.329230518, -0.138975684, -0.146451318, -0.235239786, 0.0279233417, -0.971507118, 0.5390625, -0.827880859, -0.154296875, -0.808682386, -0.559963206, 0.179830492, 0, 3, 5, 1, 
