time, trialNum, realDorsalTactorPos, realVentralTactorPos, box1PosX, box1PosY, box1PosZ, box1LocalRot_11, box1LocalRot_12, box1LocalRot_13, box1LocalRot_21, box1LocalRot_22, box1LocalRot_23, box1LocalRot_31, box1LocalRot_32, box1LocalRot_33, box1GlobalRot_11, box1GlobalRot_12, box1GlobalRot_13, box1GlobalRot_21, box1GlobalRot_22, box1GlobalRot_23, box1GlobalRot_31, box1GlobalRot_32, box1GlobalRot_33, indexForceX, indexForceY, indexForceZ, indexForceGlobalX, indexForceGlobalY, indexForceGlobalZ, indexContact, indexPosX, indexPosY, indexPosZ, indexRot_11, indexRot_12, indexRot_13, indexRot_21, indexRot_22, indexRot_23, indexRot_31, indexRot_32, indexRot_33, thumbForceX, thumbForceY, thumbForceZ, thumbForceGlobalX, thumbForceGlobalY, thumbForceGlobalZ, thumbContact, thumbPosX, thumbPosY, thumbPosZ, thumbRot_11, thumbRot_12, thumbRot_13, thumbRot_21, thumbRot_22, thumbRot_23, thumbRot_31, thumbRot_32, thumbRot_33, manipForceTooHigh, cceExpType, mapping, trialSuccess, 
948.565265, 71, 0.1, 0.1, 0.00585784539, 0.369443277, -0.0199627478, 0.93073375, -0.365697533, -2.97953499e-005, 0.365697532, 0.930733751, -1.89978284e-005, 3.46789967e-005, 6.78583411e-006, 0.999999999, 0.930733676, -0.365697711, -9.48684824e-005, 0.365697711, 0.93073368, -2.15789827e-005, 9.61886764e-005, -1.4608901e-005, 0.999999995, 0, 0, 0, 0, 0, 0, 0, 0.280670557, -0.0708162109, -0.219974194, -0.285952251, 0.691088961, -0.663634563, -0.955200195, -0.150756836, 0.254516602, 0.075941187, 0.706743396, 0.703417943, 0, 0, -0, 0, 0, 0, 0, 0.322290088, -0.0207442383, -0.185665234, -0.0777213428, 0.438370014, -0.895316141, 0.676757813, -0.636230469, -0.370239258, -0.731982603, -0.634656524, -0.24728442, 0, 3, 5, 1, 
948.58032, 71, 0.1, 0.1, 0.00585770592, 0.369443234, -0.0199698508, 0.930726716, -0.365715433, -3.43037334e-005, 0.365715434, 0.930726717, 1.08136801e-005, 2.79726715e-005, -2.26099857e-005, 0.999999999, 0.930726737, -0.365715382, -3.01256631e-005, 0.365715382, 0.930726737, 2.03921945e-006, 2.72929862e-005, -1.29153745e-005, 1, 0, 0, 0, 0, 0, 0, 0, 0.281638965, -0.0746062256, -0.21691792, -0.284372892, 0.68653473, -0.669075445, -0.955688477, -0.149047852, 0.253295898, 0.0742079378, 0.711543249, 0.698718057, 0, 0, -0, 0, 0, 0, 0, 0.322159814, -0.0217416016, -0.184517285, -0.0842507763, 0.435314918, -0.89628662, 0.680053711, -0.632202148, -0.37109375, -0.728250136, -0.640623792, -0.242722199, 0, 3, 5, 1, 
948.581123, 71, 0.1, 0.1, 0.00585770571, 0.369443236, -0.0199654873, 0.930726712, -0.365715447, 4.02640212e-006, 0.365715447, 0.930726711, -2.47776655e-005, 5.31409503e-006, 2.45337526e-005, 1, 0.930726698, -0.365715481, 1.96074904e-005, 0.365715482, 0.930726698, -2.13291816e-005, -1.04488029e-005, 2.70224016e-005, 1, 0, 0, 0, 0, 0, 0, 0, 0.281638965, -0.0746062256, -0.21691792, -0.28656108, 0.687080279, -0.667552252, -0.954956055, -0.149047852, 0.256469727, 0.0767791675, 0.711086067, 0.698971174, 0, 0, -0, 0, 0, 0, 0, 0.322159814, -0.0217416016, -0.184517285, -0.0842507763, 0.435314918, -0.89628662, 0.680053711, -0.632202148, -0.37109375, -0.728250136, -0.640623792, -0.242722199, 0, 3, 5, 1, 
948.581927, 71, 0.1, 0.1, 0.00585770896, 0.369443234, -0.0199611107, 0.930726799, -0.365715224, -1.77712248e-005, 0.365715224, 0.930726799, 8.36910612e-006, 1.34794457e-005, -1.42885588e-005, 1, 0.930726793, -0.36571524, -2.28774617e-005, 0.36571524, 0.930726793, 2.34418098e-005, 1.27196395e-005, -3.01845569e-005, 0.999999999, 0, 0, 0, 0, 0, 0, 0, 0.280865234, -0.0750262207, -0.217285791, -0.28656108, 0.687080279, -0.667552252, -0.954956055, -0.149047852, 0.256469727, 0.0767791675, 0.711086067, 0.698971174, 0, 0, -0, 0, 0, 0, 0, 0.321890186, -0.0224430664, -0.184062256, -0.0850047056, 0.435001753, -0.896350419, 0.680053711, -0.632080078, -0.37121582, -0.728083892, -0.641147678, -0.242115191, 0, 3, 5, 1, 
948.582712, 71, 0.1, 0.1, 0.0058577079, 0.369443237, -0.0199586919, 0.93072679, -0.365715246, -1.24998495e-005, 0.365715247, 0.93072679, 1.41401133e-005, 6.4626898e-006, -1.77319678e-005, 1, 0.930726801, -0.36571522, 1.35858975e-005, 0.36571522, 0.930726801, -7.90735991e-006, -9.75291701e-006, 1.23281613e-005, 1, 0, 0, 0, 0, 0, 0, 0, 0.280865234, -0.0750262207, -0.217285791, -0.28656108, 0.687080279, -0.667552252, -0.954956055, -0.149047852, 0.256469727, 0.0767791675, 0.711086067, 0.698971174, 0, 0, -0, 0, 0, 0, 0, 0.321890186, -0.0224430664, -0.184062256, -0.0850047056, 0.435001753, -0.896350419, 0.680053711, -0.632080078, -0.37121582, -0.728083892, -0.641147678, -0.242115191, 0, 3, 5, 1, 
948.583501, 71, 0.1, 0.1, 0.00585771023, 0.369443237, -0.0199587377, 0.930726809, -0.3657152, -2.76119611e-006, 0.3657152, 0.930726808, -3.43445933e-005, 1.51302591e-005, 3.09556223e-005, 0.999999999, 0.930726803, -0.365715216, -6.59484647e-006, 0.365715215, 0.930726802, -2.02638122e-005, 1.35487848e-005, 1.64482374e-005, 1, 0, 0, 0, 0, 0, 0, 0, 0.280865234, -0.0750262207, -0.217285791, -0.28656108, 0.687080279, -0.667552252, -0.954956055, -0.149047852, 0.256469727, 0.0767791675, 0.711086067, 0.698971174, 0, 0, -0, 0, 0, 0, 0, 0.321890186, -0.0224430664, -0.184062256, -0.0850047056, 0.435001753, -0.896350419, 0.680053711, -0.632080078, -0.37121582, -0.728083892, -0.641147678, -0.242115191, 0, 3, 5, 1, 
948.584289, 71, 0.1, 0.1, 0.00585770738, 0.369443235, -0.0199610349, 0.93072673, -0.3657154, -8.20550807e-007, 0.365715399, 0.93072673, 3.00434383e-005, -1.02236395e-005, -2.82623192e-005, 1, 0.930726763, -0.365715317, 1.65093404e-005, 0.365715316, 0.930726762, 3.71329927e-005, -2.89457892e-005, -2.85229514e-005, 0.999999999, 0, 0, 0, 0, 0, 0, 0, 0.280865234, -0.0750262207, -0.217285791, -0.28656108, 0.687080279, -0.667552252, -0.954956055, -0.149047852, 0.256469727, 0.0767791675, 0.711086067, 0.698971174, 0, 0, -0, 0, 0, 0, 0, 0.321890186, -0.0224430664, -0.184062256, -0.0850047056, 0.435001753, -0.896350419, 0.680053711, -0.632080078, -0.37121582, -0.728083892, -0.641147678, -0.242115191, 0, 3, 5, 1, 
948.585077, 71, 0.1, 0.1, 0.0058577123, 0.36944324, -0.01996468, 0.930726454, -0.365716102, 1.68012532e-006, 0.365716102, 0.930726454, -1.28183595e-005, 3.1241434e-006, 1.25448352e-005, 1, 0.930726518, -0.36571594, -1.61160411e-005, 0.365715939, 0.930726518, -3.32713206e-005, 2.71674791e-005, 2.50726073e-005, 0.999999999, 0, 0, 0, 0, 0, 0, 0, 0.280865234, -0.0750262207, -0.217285791, -0.28656108, 0.687080279, -0.667552252, -0.954956055, -0.149047852, 0.256469727, 0.0767791675, 0.711086067, 0.698971174, 0, 0, -0, 0, 0, 0, 0, 0.321890186, -0.0224430664, -0.184062256, -0.0850047056, 0.435001753, -0.896350419, 0.680053711, -0.632080078, -0.37121582, -0.728083892, -0.641147678, -0.242115191, 0, 3, 5, 1, 
948.585863, 71, 0.1, 0.1, 0.00585770405, 0.369443234, -0.0199683864, 0.930726166, -0.365716835, 3.78592023e-005, 0.365716835, 0.930726166, 7.38880239e-006, -3.79387597e-005, 6.96879593e-006, 0.999999999, 0.930726215, -0.365716707, 4.64474374e-005, 0.365716706, 0.930726217, 3.30847326e-005, -5.53294871e-005, -1.38062241e-005, 0.999999998, 0, 0, 0, 0, 0, 0, 0, 0.280865234, -0.0750262207, -0.217285791, -0.28656108, 0.687080279, -0.667552252, -0.954956055, -0.149047852, 0.256469727, 0.0767791675, 0.711086067, 0.698971174, 0, 0, -0, 0, 0, 0, 0, 0.321890186, -0.0224430664, -0.184062256, -0.0850047056, 0.435001753, -0.896350419, 0.680053711, -0.632080078, -0.37121582, -0.728083892, -0.641147678, -0.242115191, 0, 3, 5, 1, 
948.58668, 71, 0.1, 0.1, 0.00585771424, 0.369443238, -0.0199706654, 0.930726138, -0.365716898, -7.45600412e-005, 0.3657169, 0.930726141, 2.88233669e-006, 6.83408602e-005, -2.99505332e-005, 0.999999997, 0.930726122, -0.365716941, -7.12792824e-005, 0.365716942, 0.930726124, -7.33448297e-006, 6.9023835e-005, -1.92416463e-005, 0.999999997, 0, 0, 0, 0, 0, 0, 0, 0.280444604, -0.0752249268, -0.217836987, -0.290482517, 0.68763182, -0.66529255, -0.953613281, -0.151489258, 0.259765625, 0.077771038, 0.709886384, 0.699972784, 0, 0, -0, 0, 0, 0, 0, 0.321848682, -0.0233626465, -0.18382876, -0.0856117136, 0.434650308, -0.896426978, 0.680053711, -0.632080078, -0.371459961, -0.728147691, -0.641307359, -0.241386781, 0, 3, 5, 1, 
948.587468, 71, 0.1, 0.1, 0.0058577135, 0.369443239, -0.0199710105, 0.930726285, -0.365716524, 8.20398749e-005, 0.365716527, 0.930726287, -1.58525561e-005, -7.05591264e-005, 4.47577288e-005, 0.999999997, 0.930726256, -0.365716603, 4.8658744e-005, 0.365716604, 0.930726257, -9.90121689e-006, -4.16669313e-005, 2.70106331e-005, 0.999999999, 0, 0, 0, 0, 0, 0, 0, 0.280444604, -0.0752249268, -0.217836987, -0.290482517, 0.68763182, -0.66529255, -0.953613281, -0.151489258, 0.259765625, 0.077771038, 0.709886384, 0.699972784, 0, 0, -0, 0, 0, 0, 0, 0.321848682, -0.0233626465, -0.18382876, -0.0856117136, 0.434650308, -0.896426978, 0.680053711, -0.632080078, -0.371459961, -0.728147691, -0.641307359, -0.241386781, 0, 3, 5, 1, 
948.588253, 71, 0.1, 0.1, 0.00585769784, 0.36944324, -0.0199696209, 0.9307264, -0.365716241, 1.69997355e-005, 0.36571624, 0.9307264, 2.58576791e-005, -2.52786758e-005, -1.78493452e-005, 1, 0.930726378, -0.365716292, 5.87411771e-005, 0.365716292, 0.93072638, 8.35785381e-006, -5.77285664e-005, 1.37037305e-005, 0.999999998, 0, 0, 0, 0, 0, 0, 0, 0.280444604, -0.0752249268, -0.217836987, -0.290482517, 0.68763182, -0.66529255, -0.953613281, -0.151489258, 0.259765625, 0.077771038, 0.709886384, 0.699972784, 0, 0, -0, 0, 0, 0, 0, 0.321848682, -0.0233626465, -0.18382876, -0.0856117136, 0.434650308, -0.896426978, 0.680053711, -0.632080078, -0.371459961, -0.728147691, -0.641307359, -0.241386781, 0, 3, 5, 1, 
948.58904, 71, 0.1, 0.1, 0.00585771149, 0.369443238, -0.0199670741, 0.930726293, -0.365716509, -5.24890916e-005, 0.365716508, 0.930726294, -1.95011823e-005, 5.59848821e-005, -1.04586418e-006, 0.999999998, 0.930726326, -0.365716422, -7.1560028e-005, 0.365716423, 0.930726328, 7.09323003e-008, 6.6576861e-005, -2.6236696e-005, 0.999999997, 0, 0, 0, 0, 0, 0, 0, 0.280444604, -0.0752249268, -0.217836987, -0.290482517, 0.68763182, -0.66529255, -0.953613281, -0.151489258, 0.259765625, 0.077771038, 0.709886384, 0.699972784, 0, 0, -0, 0, 0, 0, 0, 0.321848682, -0.0233626465, -0.18382876, -0.0856117136, 0.434650308, -0.896426978, 0.680053711, -0.632080078, -0.371459961, -0.728147691, -0.641307359, -0.241386781, 0, 3, 5, 1, 
948.589835, 71, 0.1, 0.1, 0.00585770621, 0.369443249, -0.0199642513, 0.930725991, -0.36571728, 3.52332002e-005, 0.365717281, 0.930725991, -2.35943264e-005, -2.41636023e-005, 3.4845243e-005, 0.999999999, 0.930726066, -0.365717087, 4.77775419e-005, 0.365717088, 0.930726066, -4.14907932e-005, -2.92939116e-005, 5.60896263e-005, 0.999999998, 0, 0, 0, 0, 0, 0, 0, 0.280444604, -0.0752249268, -0.217836987, -0.290482517, 0.68763182, -0.66529255, -0.953613281, -0.151489258, 0.259765625, 0.077771038, 0.709886384, 0.699972784, 0, 0, -0, 0, 0, 0, 0, 0.321848682, -0.0233626465, -0.18382876, -0.0856117136, 0.434650308, -0.896426978, 0.680053711, -0.632080078, -0.371459961, -0.728147691, -0.641307359, -0.241386781, 0, 3, 5, 1, 
948.590624, 71, 0.1, 0.1, 0.0058577168, 0.36944324, -0.0199619986, 0.930725625, -0.365718207, -5.89356061e-005, 0.36571821, 0.930725624, 6.37039459e-005, 3.15551859e-005, -8.08447193e-005, 0.999999996, 0.930725688, -0.365718047, -6.98165216e-005, 0.365718051, 0.930725686, 6.30257732e-005, 4.19303673e-005, -8.41928683e-005, 0.999999996, 0, 0, 0, 0, 0, 0, 0, 0.280444604, -0.0752249268, -0.217836987, -0.290482517, 0.68763182, -0.66529255, -0.953613281, -0.151489258, 0.259765625, 0.077771038, 0.709886384, 0.699972784, 0, 0, -0, 0, 0, 0, 0, 0.321848682, -0.0233626465, -0.18382876, -0.0856117136, 0.434650308, -0.896426978, 0.680053711, -0.632080078, -0.371459961, -0.728147691, -0.641307359, -0.241386781, 0, 3, 5, 1, 
948.591447, 71, 0.1, 0.1, 0.00585770915, 0.369443239, -0.0199606602, 0.930725438, -0.365718682, 6.3945407e-005, 0.365718685, 0.930725438, -4.27628569e-005, -4.38764413e-005, 6.31865089e-005, 0.999999997, 0.930725445, -0.365718663, 6.9597555e-005, 0.365718665, 0.930725447, -2.55484876e-005, -5.54326567e-005, 4.92317524e-005, 0.999999997, 0, 0, 0, 0, 0, 0, 0, 0.28027981, -0.075425708, -0.217962695, -0.293737837, 0.688120081, -0.663432742, -0.952636719, -0.153808594, 0.262207031, 0.0782866301, 0.709067499, 0.700790547, 0, 0, -0, 0, 0, 0, 0, 0.321674365, -0.0240458008, -0.184003174, -0.0881611471, 0.434567185, -0.896241411, 0.679443359, -0.631713867, -0.373168945, -0.728415647, -0.641684324, -0.239648879, 0, 3, 5, 1, 
948.592247, 71, 0.1, 0.1, 0.00585771462, 0.369443243, -0.0199609567, 0.930725598, -0.365718277, -5.68809796e-005, 0.365718279, 0.930725598, 3.99309548e-005, 3.83371037e-005, -5.79671758e-005, 0.999999998, 0.930725534, -0.36571844, -5.52818648e-005, 0.365718441, 0.930725535, 1.13948002e-005, 4.72849546e-005, -3.08230289e-005, 0.999999998, 0, 0, 0, 0, 0, 0, 0, 0.28027981, -0.075425708, -0.217962695, -0.293737837, 0.688120081, -0.663432742, -0.952636719, -0.153808594, 0.262207031, 0.0782866301, 0.709067499, 0.700790547, 0, 0, -0, 0, 0, 0, 0, 0.321674365, -0.0240458008, -0.184003174, -0.0881611471, 0.434567185, -0.896241411, 0.679443359, -0.631713867, -0.373168945, -0.728415647, -0.641684324, -0.239648879, 0, 3, 5, 1, 
948.593039, 71, 0.1, 0.1, 0.00585771319, 0.369443235, -0.0199627382, 0.930726095, -0.365717013, 4.11744624e-005, 0.365717014, 0.930726096, -1.58750265e-005, -3.25163794e-005, 2.98335029e-005, 0.999999999, 0.930725972, -0.365717328, 3.38897551e-005, 0.365717327, 0.930725973, 2.81491108e-005, -4.18366928e-005, -1.38050379e-005, 0.999999999, 0, 0, 0, 0, 0, 0, 0, 0.28027981, -0.075425708, -0.217962695, -0.293737837, 0.688120081, -0.663432742, -0.952636719, -0.153808594, 0.262207031, 0.0782866301, 0.709067499, 0.700790547, 0, 0, -0, 0, 0, 0, 0, 0.321674365, -0.0240458008, -0.184003174, -0.0881611471, 0.434567185, -0.896241411, 0.679443359, -0.631713867, -0.373168945, -0.728415647, -0.641684324, -0.239648879, 0, 3, 5, 1, 
948.593861, 71, 0.1, 0.1, 0.00585771602, 0.369443251, -0.0199650916, 0.930726927, -0.365714896, -3.43478516e-005, 0.365714895, 0.930726928, -4.3337759e-005, 4.78177344e-005, 2.77740983e-005, 0.999999998, 0.930726753, -0.365715342, -2.95629018e-005, 0.365715339, 0.930726751, -7.232071e-005, 5.39637767e-005, 5.64992129e-005, 0.999999997, 0, 0, 0, 0, 0, 0, 0, 0.280581885, -0.0756543213, -0.218116846, -0.296568176, 0.688043697, -0.662112492, -0.951660156, -0.156005859, 0.264038086, 0.0783641359, 0.70858523, 0.701322991, 0, 0, -0, 0, 0, 0, 0, 0.322093018, -0.0245591797, -0.183558154, -0.0888702337, 0.433966374, -0.896413852, 0.680297852, -0.630859375, -0.372924805, -0.727508234, -0.642974899, -0.239176033, 0, 3, 5, 1, 
948.594646, 71, 0.1, 0.1, 0.00585771781, 0.369443244, -0.019967226, 0.930727857, -0.365712531, 5.9140484e-006, 0.365712531, 0.930727857, 3.81687729e-005, -1.94631681e-005, -3.33618986e-005, 0.999999999, 0.930727673, -0.365713, 6.27046802e-006, 0.365712999, 0.930727672, 5.28583236e-005, -2.51670742e-005, -4.69035128e-005, 0.999999999, 0, 0, 0, 0, 0, 0, 0, 0.280581885, -0.0756543213, -0.218116846, -0.296568176, 0.688043697, -0.662112492, -0.951660156, -0.156005859, 0.264038086, 0.0783641359, 0.70858523, 0.701322991, 0, 0, -0, 0, 0, 0, 0, 0.322093018, -0.0245591797, -0.183558154, -0.0888702337, 0.433966374, -0.896413852, 0.680297852, -0.630859375, -0.372924805, -0.727508234, -0.642974899, -0.239176033, 0, 3, 5, 1, 
948.595433, 71, 0.1, 0.1, 0.0058577213, 0.369443254, -0.0199687128, 0.930728733, -0.365710302, -1.4019591e-005, 0.365710301, 0.930728732, -6.46186703e-005, 3.66801496e-005, 5.50153443e-005, 0.999999998, 0.93072857, -0.365710716, -1.92015958e-005, 0.365710714, 0.930728569, -7.05616934e-005, 4.36766412e-005, 5.86515547e-005, 0.999999997, 0, 0, 0, 0, 0, 0, 0, 0.280581885, -0.0756543213, -0.218116846, -0.296568176, 0.688043697, -0.662112492, -0.951660156, -0.156005859, 0.264038086, 0.0783641359, 0.70858523, 0.701322991, 0, 0, -0, 0, 0, 0, 0, 0.322093018, -0.0245591797, -0.183558154, -0.0888702337, 0.433966374, -0.896413852, 0.680297852, -0.630859375, -0.372924805, -0.727508234, -0.642974899, -0.239176033, 0, 3, 5, 1, 
948.596222, 71, 0.1, 0.1, 0.00585772041, 0.36944325, -0.0199690722, 0.930729401, -0.365708603, -1.66550578e-006, 0.365708602, 0.930729399, 6.19449933e-005, -2.11036817e-005, -5.82631163e-005, 0.999999998, 0.930729294, -0.365708876, 8.33954665e-006, 0.365708875, 0.930729292, 5.45477181e-005, -2.7710445e-005, -4.77193129e-005, 0.999999998, 0, 0, 0, 0, 0, 0, 0, 0.280581885, -0.0756543213, -0.218116846, -0.296568176, 0.688043697, -0.662112492, -0.951660156, -0.156005859, 0.264038086, 0.0783641359, 0.70858523, 0.701322991, 0, 0, -0, 0, 0, 0, 0, 0.322093018, -0.0245591797, -0.183558154, -0.0888702337, 0.433966374, -0.896413852, 0.680297852, -0.630859375, -0.372924805, -0.727508234, -0.642974899, -0.239176033, 0, 3, 5, 1, 
948.597009, 71, 0.1, 0.1, 0.00585772691, 0.36944325, -0.019968293, 0.93072976, -0.365707688, -1.20709521e-005, 0.365707687, 0.930729759, -4.74685368e-005, 2.85944032e-005, 3.97659399e-005, 0.999999999, 0.930729719, -0.365707792, -2.93036991e-005, 0.365707791, 0.93072972, -3.06224172e-005, 3.84726802e-005, 1.77846027e-005, 0.999999999, 0, 0, 0, 0, 0, 0, 0, 0.280581885, -0.0756543213, -0.218116846, -0.296568176, 0.688043697, -0.662112492, -0.951660156, -0.156005859, 0.264038086, 0.0783641359, 0.70858523, 0.701322991, 0, 0, -0, 0, 0, 0, 0, 0.322093018, -0.0245591797, -0.183558154, -0.0888702337, 0.433966374, -0.896413852, 0.680297852, -0.630859375, -0.372924805, -0.727508234, -0.642974899, -0.239176033, 0, 3, 5, 1, 
948.597799, 71, 0.1, 0.1, 0.00585772006, 0.369443253, -0.0199667036, 0.930729775, -0.36570765, 2.18139682e-005, 0.365707649, 0.930729775, 4.40827399e-005, -3.64243049e-005, -3.30515836e-005, 0.999999999, 0.930729796, -0.365707595, 4.30895494e-005, 0.365707595, 0.930729797, 1.33404242e-005, -4.4983422e-005, 3.3418452e-006, 0.999999999, 0, 0, 0, 0, 0, 0, 0, 0.280581885, -0.0756543213, -0.218116846, -0.296568176, 0.688043697, -0.662112492, -0.951660156, -0.156005859, 0.264038086, 0.0783641359, 0.70858523, 0.701322991, 0, 0, -0, 0, 0, 0, 0, 0.322093018, -0.0245591797, -0.183558154, -0.0888702337, 0.433966374, -0.896413852, 0.680297852, -0.630859375, -0.372924805, -0.727508234, -0.642974899, -0.239176033, 0, 3, 5, 1, 
948.598613, 71, 0.1, 0.1, 0.00585772964, 0.369443245, -0.0199645671, 0.930729457, -0.365708459, -3.62369668e-005, 0.365708459, 0.930729457, -6.20642022e-007, 3.39537865e-005, -1.26745155e-005, 0.999999999, 0.930729534, -0.365708261, -5.51873044e-005, 0.365708263, 0.930729534, 2.3633517e-005, 4.27214817e-005, -4.21788654e-005, 0.999999998, 0, 0, 0, 0, 0, 0, 0, 0.280706128, -0.0756413818, -0.218061304, -0.298516351, 0.688329015, -0.661052472, -0.951049805, -0.157470703, 0.265380859, 0.0785491045, 0.708045672, 0.70177306, 0, 0, -0, 0, 0, 0, 0, 0.322510449, -0.024603125, -0.18333833, -0.0899369619, 0.433927728, -0.896388332, 0.682128906, -0.62878418, -0.372924805, -0.725533725, -0.644942844, -0.239418836, 0, 3, 5, 1, 
948.599398, 71, 0.1, 0.1, 0.0058577203, 0.369443254, -0.0199629446, 0.930728945, -0.36570976, 5.19529249e-005, 0.365709762, 0.930728945, -2.5496897e-005, -3.9029627e-005, 4.27303918e-005, 0.999999998, 0.930729055, -0.365709478, 6.54959202e-005, 0.365709481, 0.930729055, -4.00608425e-005, -4.63083261e-005, 6.1238269e-005, 0.999999997, 0, 0, 0, 0, 0, 0, 0, 0.280706128, -0.0756413818, -0.218061304, -0.298516351, 0.688329015, -0.661052472, -0.951049805, -0.157470703, 0.265380859, 0.0785491045, 0.708045672, 0.70177306, 0, 0, -0, 0, 0, 0, 0, 0.322510449, -0.024603125, -0.18333833, -0.0899369619, 0.433927728, -0.896388332, 0.682128906, -0.62878418, -0.372924805, -0.725533725, -0.644942844, -0.239418836, 0, 3, 5, 1, 
948.60018, 71, 0.1, 0.1, 0.00585772823, 0.369443247, -0.0199623957, 0.930728421, -0.365711094, -5.24396373e-005, 0.365711096, 0.93072842, 5.31095291e-005, 2.93843168e-005, -6.86083054e-005, 0.999999997, 0.930728516, -0.36571085, -6.08714576e-005, 0.365710853, 0.930728515, 5.32003892e-005, 3.71988418e-005, -7.1776472e-005, 0.999999997, 0, 0, 0, 0, 0, 0, 0, 0.280706128, -0.0756413818, -0.218061304, -0.298516351, 0.688329015, -0.661052472, -0.951049805, -0.157470703, 0.265380859, 0.0785491045, 0.708045672, 0.70177306, 0, 0, -0, 0, 0, 0, 0, 0.322510449, -0.024603125, -0.18333833, -0.0899369619, 0.433927728, -0.896388332, 0.682128906, -0.62878418, -0.372924805, -0.725533725, -0.644942844, -0.239418836, 0, 3, 5, 1, 
948.60097, 71, 0.1, 0.1, 0.00585772207, 0.369443248, -0.0199630049, 0.930728082, -0.365711956, 5.36426163e-005, 0.365711958, 0.930728081, -4.71385344e-005, -3.26875638e-005, 6.3490904e-005, 0.999999997, 0.930728122, -0.365711853, 5.848752e-005, 0.365711855, 0.930728123, -3.19084283e-005, -4.27666892e-005, 5.1087651e-005, 0.999999998, 0, 0, 0, 0, 0, 0, 0, 0.280706128, -0.0756413818, -0.218061304, -0.298516351, 0.688329015, -0.661052472, -0.951049805, -0.157470703, 0.265380859, 0.0785491045, 0.708045672, 0.70177306, 0, 0, -0, 0, 0, 0, 0, 0.322510449, -0.024603125, -0.18333833, -0.0899369619, 0.433927728, -0.896388332, 0.682128906, -0.62878418, -0.372924805, -0.725533725, -0.644942844, -0.239418836, 0, 3, 5, 1, 
948.601755, 71, 0.1, 0.1, 0.00585772754, 0.369443253, -0.019964462, 0.930728065, -0.365711998, -5.4124996e-005, 0.365712, 0.930728066, 3.27348653e-005, 3.84041198e-005, -5.02614183e-005, 0.999999998, 0.930728037, -0.36571207, -5.25571231e-005, 0.365712071, 0.930728038, 5.4550396e-006, 4.69214142e-005, -2.42979326e-005, 0.999999999, 0, 0, 0, 0, 0, 0, 0, 0.280706128, -0.0756413818, -0.218061304, -0.298516351, 0.688329015, -0.661052472, -0.951049805, -0.157470703, 0.265380859, 0.0785491045, 0.708045672, 0.70177306, 0, 0, -0, 0, 0, 0, 0, 0.322510449, -0.024603125, -0.18333833, -0.0899369619, 0.433927728, -0.896388332, 0.682128906, -0.62878418, -0.372924805, -0.725533725, -0.644942844, -0.239418836, 0, 3, 5, 1, 
948.602541, 71, 0.1, 0.1, 0.00585772686, 0.369443245, -0.0199662503, 0.930728379, -0.365711201, 3.39368401e-005, 0.365711202, 0.93072838, -1.09869805e-005, -2.75679184e-005, 2.26369771e-005, 0.999999999, 0.930728294, -0.365711419, 2.72817883e-005, 0.365711418, 0.930728294, 2.74936167e-005, -3.54466619e-005, -1.56118255e-005, 0.999999999, 0, 0, 0, 0, 0, 0, 0, 0.280706128, -0.0756413818, -0.218061304, -0.298516351, 0.688329015, -0.661052472, -0.951049805, -0.157470703, 0.265380859, 0.0785491045, 0.708045672, 0.70177306, 0, 0, -0, 0, 0, 0, 0, 0.322510449, -0.024603125, -0.18333833, -0.0899369619, 0.433927728, -0.896388332, 0.682128906, -0.62878418, -0.372924805, -0.725533725, -0.644942844, -0.239418836, 0, 3, 5, 1, 
948.603356, 71, 0.1, 0.1, 0.00585772982, 0.369443258, -0.0199675026, 0.930728996, -0.365709632, -3.11239635e-005, 0.365709631, 0.930728997, -3.10154146e-005, 4.03106111e-005, 1.74846125e-005, 0.999999999, 0.930728866, -0.365709963, -2.91812226e-005, 0.365709961, 0.930728866, -5.73730118e-005, 4.81416882e-005, 4.27268545e-005, 0.999999998, 0, 0, 0, 0, 0, 0, 0, 0.280797168, -0.0756467529, -0.217775073, -0.301105555, 0.688252631, -0.659852789, -0.950317383, -0.159423828, 0.267089844, 0.0785884183, 0.707563402, 0.702324601, 0, 0, -0, 0, 0, 0, 0, 0.322576709, -0.0244189453, -0.183293164, -0.0927991944, 0.434036003, -0.895992045, 0.68347168, -0.626586914, -0.374389648, -0.723993417, -0.647140833, -0.238517986, 0, 3, 5, 1, 
948.604145, 71, 0.1, 0.1, 0.00585772971, 0.369443249, -0.0199678695, 0.930729736, -0.36570775, 1.658795e-005, 0.36570775, 0.930729735, 4.06373391e-005, -3.03002881e-005, -3.1756038e-005, 0.999999999, 0.930729586, -0.365708133, 1.55550004e-005, 0.365708131, 0.930729584, 5.67659522e-005, -3.52372695e-005, -4.71451611e-005, 0.999999998, 0, 0, 0, 0, 0, 0, 0, 0.280797168, -0.0756467529, -0.217775073, -0.301105555, 0.688252631, -0.659852789, -0.950317383, -0.159423828, 0.267089844, 0.0785884183, 0.707563402, 0.702324601, 0, 0, -0, 0, 0, 0, 0, 0.322576709, -0.0244189453, -0.183293164, -0.0927991944, 0.434036003, -0.895992045, 0.68347168, -0.626586914, -0.374389648, -0.723993417, -0.647140833, -0.238517986, 0, 3, 5, 1, 
948.604936, 71, 0.1, 0.1, 0.00585773005, 0.36944326, -0.0199674692, 0.930730457, -0.365705916, 1.01775954e-006, 0.365705915, 0.930730455, -6.62846582e-005, 2.32934318e-005, 6.20653509e-005, 0.999999998, 0.930730325, -0.365706251, -4.95909908e-006, 0.365706249, 0.930730323, -7.23127529e-005, 3.10608096e-005, 6.54900985e-005, 0.999999997, 0, 0, 0, 0, 0, 0, 0, 0.280797168, -0.0756467529, -0.217775073, -0.301105555, 0.688252631, -0.659852789, -0.950317383, -0.159423828, 0.267089844, 0.0785884183, 0.707563402, 0.702324601, 0, 0, -0, 0, 0, 0, 0, 0.322576709, -0.0244189453, -0.183293164, -0.0927991944, 0.434036003, -0.895992045, 0.68347168, -0.626586914, -0.374389648, -0.723993417, -0.647140833, -0.238517986, 0, 3, 5, 1, 
948.605733, 71, 0.1, 0.1, 0.00585772578, 0.369443256, -0.0199664946, 0.930730976, -0.365704593, 9.07692011e-006, 0.365704592, 0.930730975, 6.31561406e-005, -3.15446614e-005, -5.5461905e-005, 0.999999998, 0.930730892, -0.365704808, 2.27525748e-005, 0.365704806, 0.930730891, 5.56456429e-005, -4.15264033e-005, -4.34703929e-005, 0.999999998, 0, 0, 0, 0, 0, 0, 0, 0.280797168, -0.0756467529, -0.217775073, -0.301105555, 0.688252631, -0.659852789, -0.950317383, -0.159423828, 0.267089844, 0.0785884183, 0.707563402, 0.702324601, 0, 0, -0, 0, 0, 0, 0, 0.322576709, -0.0244189453, -0.183293164, -0.0957766318, 0.433895279, -0.895831997, 0.683349609, -0.625732422, -0.376098633, -0.723692645, -0.648137565, -0.23653728, 0, 3, 5, 1, 
948.60652, 71, 0.1, 0.1, 0.00585773146, 0.369443257, -0.019965174, 0.930731174, -0.365704091, -1.04055732e-005, 0.36570409, 0.930731172, -6.04064729e-005, 3.17756856e-005, 5.24168268e-005, 0.999999998, 0.930731166, -0.36570411, -2.80017496e-005, 0.365704109, 0.930731166, -4.12416067e-005, 4.11443261e-005, 2.81444938e-005, 0.999999999, 0, 0, 0, 0, 0, 0, 0, 0.280797168, -0.0756467529, -0.217775073, -0.301105555, 0.688252631, -0.659852789, -0.950317383, -0.159423828, 0.267089844, 0.0785884183, 0.707563402, 0.702324601, 0, 0, -0, 0, 0, 0, 0, 0.322162793, -0.0246724609, -0.183687402, -0.0957766318, 0.433895279, -0.895831997, 0.683349609, -0.625732422, -0.376098633, -0.723692645, -0.648137565, -0.23653728, 0, 3, 5, 1, 
948.607311, 71, 0.1, 0.1, 0.00585772412, 0.369443261, -0.0199641264, 0.930731022, -0.365704477, 2.13702364e-005, 0.365704476, 0.930731021, 4.20965476e-005, -3.52848379e-005, -3.13653717e-005, 0.999999999, 0.930731077, -0.365704335, 4.47957177e-005, 0.365704336, 0.930731078, 7.24909533e-006, -4.43437922e-005, 9.63502986e-006, 0.999999999, 0, 0, 0, 0, 0, 0, 0, 0.280797168, -0.0756467529, -0.217775073, -0.301105555, 0.688252631, -0.659852789, -0.950317383, -0.159423828, 0.267089844, 0.0785884183, 0.707563402, 0.702324601, 0, 0, -0, 0, 0, 0, 0, 0.322162793, -0.0246724609, -0.183687402, -0.0957766318, 0.433895279, -0.895831997, 0.683349609, -0.625732422, -0.376098633, -0.723692645, -0.648137565, -0.23653728, 0, 3, 5, 1, 
948.608132, 71, 0.1, 0.1, 0.00585773493, 0.369443253, -0.0199633973, 0.930730519, -0.365705754, -4.34519934e-005, 0.365705754, 0.93073052, 2.04516168e-006, 3.9694169e-005, -1.77941384e-005, 0.999999999, 0.93073063, -0.36570547, -6.12529646e-005, 0.365705472, 0.930730631, 2.72823438e-005, 4.7032708e-005, -4.77930573e-005, 0.999999998, 0, 0, 0, 0, 0, 0, 0, 0.280491895, -0.0759025879, -0.217557202, -0.302711123, 0.687586515, -0.659929173, -0.949829102, -0.160522461, 0.268310547, 0.0785955315, 0.70803968, 0.701842331, 0, 0, -0, 0, 0, 0, 0, 0.322162793, -0.0246724609, -0.183687402, -0.0957766318, 0.433895279, -0.895831997, 0.683349609, -0.625732422, -0.376098633, -0.723692645, -0.648137565, -0.23653728, 0, 3, 5, 1, 
948.60892, 71, 0.1, 0.1, 0.00585772744, 0.369443261, -0.0199632762, 0.930729851, -0.365707456, 4.26251723e-005, 0.365707457, 0.930729851, -2.66333982e-005, -2.9932488e-005, 4.03768421e-005, 0.999999999, 0.930729988, -0.365707104, 5.61069919e-005, 0.365707106, 0.930729988, -4.0108668e-005, -3.75524352e-005, 5.78490657e-005, 0.999999998, 0, 0, 0, 0, 0, 0, 0, 0.280491895, -0.0759025879, -0.217557202, -0.302711123, 0.687586515, -0.659929173, -0.949829102, -0.160522461, 0.268310547, 0.0785955315, 0.70803968, 0.701842331, 0, 0, -0, 0, 0, 0, 0, 0.322162793, -0.0246724609, -0.183687402, -0.0957766318, 0.433895279, -0.895831997, 0.683349609, -0.625732422, -0.376098633, -0.723692645, -0.648137565, -0.23653728, 0, 3, 5, 1, 
948.609708, 71, 0.1, 0.1, 0.00585773725, 0.369443255, -0.0199639209, 0.930729195, -0.365709123, -6.15221024e-005, 0.365709126, 0.930729194, 4.83338535e-005, 3.95842857e-005, -6.74849228e-005, 0.999999997, 0.930729314, -0.365708817, -6.92746202e-005, 0.36570882, 0.930729314, 4.8729282e-005, 4.66551917e-005, -7.06881109e-005, 0.999999996, 0, 0, 0, 0, 0, 0, 0, 0.280491895, -0.0759025879, -0.217557202, -0.302711123, 0.687586515, -0.659929173, -0.949829102, -0.160522461, 0.268310547, 0.0785955315, 0.70803968, 0.701842331, 0, 0, -0, 0, 0, 0, 0, 0.322162793, -0.0246724609, -0.183687402, -0.0957766318, 0.433895279, -0.895831997, 0.683349609, -0.625732422, -0.376098633, -0.723692645, -0.648137565, -0.23653728, 0, 3, 5, 1, 
948.610523, 71, 0.1, 0.1, 0.0058577332, 0.369443257, -0.0199650028, 0.930728727, -0.365710315, 4.35286452e-005, 0.365710317, 0.930728726, -5.27421307e-005, -2.12250193e-005, 6.50074908e-005, 0.999999998, 0.930728794, -0.365710144, 4.723127e-005, 0.365710146, 0.930728794, -3.66766972e-005, -3.05464627e-005, 5.14090128e-005, 0.999999998, 0, 0, 0, 0, 0, 0, 0, 0.280479688, -0.076369458, -0.216905054, -0.302952258, 0.687161533, -0.660246692, -0.949707031, -0.160522461, 0.268676758, 0.0786337235, 0.708477767, 0.701398254, 0, 0, -0, 0, 0, 0, 0, 0.322162793, -0.0246724609, -0.183687402, -0.0991820732, 0.433818353, -0.895403627, 0.683837891, -0.624023438, -0.378051758, -0.722823144, -0.649741305, -0.234773859, 0, 3, 5, 1, 
948.611311, 71, 0.1, 0.1, 0.00585773917, 0.369443264, -0.0199659382, 0.930728595, -0.36571065, -5.27631696e-005, 0.365710651, 0.930728596, 2.26931256e-005, 4.0809073e-005, -4.04171941e-005, 0.999999998, 0.93072859, -0.365710663, -5.27486987e-005, 0.365710663, 0.930728591, -3.33239768e-006, 5.03134154e-005, -1.61892038e-005, 0.999999999, 0, 0, 0, 0, 0, 0, 0, 0.280479688, -0.076369458, -0.216905054, -0.302952258, 0.687161533, -0.660246692, -0.949707031, -0.160522461, 0.268676758, 0.0786337235, 0.708477767, 0.701398254, 0, 0, -0, 0, 0, 0, 0, 0.32173252, -0.0242647949, -0.184068457, -0.0991820732, 0.433818353, -0.895403627, 0.683837891, -0.624023438, -0.378051758, -0.722823144, -0.649741305, -0.234773859, 0, 3, 5, 1, 
948.612102, 71, 0.1, 0.1, 0.00585773715, 0.369443258, -0.0199667051, 0.93072881, -0.365710105, 4.14490774e-005, 0.365710106, 0.93072881, -1.34258856e-005, -3.36678685e-005, 2.7654205e-005, 0.999999999, 0.930728744, -0.365710274, 3.39097346e-005, 0.365710274, 0.930728744, 2.27676522e-005, -3.9887129e-005, -8.78936997e-006, 0.999999999, 0, 0, 0, 0, 0, 0, 0, 0.280479688, -0.076369458, -0.216905054, -0.302952258, 0.687161533, -0.660246692, -0.949707031, -0.160522461, 0.268676758, 0.0786337235, 0.708477767, 0.701398254, 0, 0, -0, 0, 0, 0, 0, 0.32173252, -0.0242647949, -0.184068457, -0.0991820732, 0.433818353, -0.895403627, 0.683837891, -0.624023438, -0.378051758, -0.722823144, -0.649741305, -0.234773859, 0, 3, 5, 1, 
948.612888, 71, 0.1, 0.1, 0.00585773726, 0.369443269, -0.0199670777, 0.930729304, -0.365708848, -1.85516553e-005, 0.365708848, 0.930729304, -2.18666575e-005, 2.52633993e-005, 1.35674345e-005, 1, 0.930729194, -0.365709128, -1.55866066e-005, 0.365709127, 0.930729194, -5.02867755e-005, 3.28972426e-005, 4.11032058e-005, 0.999999999, 0, 0, 0, 0, 0, 0, 0, 0.280479688, -0.076369458, -0.216905054, -0.302952258, 0.687161533, -0.660246692, -0.949707031, -0.160522461, 0.268676758, 0.0786337235, 0.708477767, 0.701398254, 0, 0, -0, 0, 0, 0, 0, 0.32173252, -0.0242647949, -0.184068457, -0.0991820732, 0.433818353, -0.895403627, 0.683837891, -0.624023438, -0.378051758, -0.722823144, -0.649741305, -0.234773859, 0, 3, 5, 1, 
948.613673, 71, 0.1, 0.1, 0.00585773517, 0.369443257, -0.0199669809, 0.930729956, -0.36570719, 2.24605441e-005, 0.365707189, 0.930729955, 5.40330229e-005, -4.06649662e-005, -4.20761706e-005, 0.999999998, 0.930729824, -0.365707526, 2.27549665e-005, 0.365707524, 0.930729822, 7.05873299e-005, -4.69930437e-005, -5.73760706e-005, 0.999999997, 0, 0, 0, 0, 0, 0, 0, 0.280479688, -0.076369458, -0.216905054, -0.302952258, 0.687161533, -0.660246692, -0.949707031, -0.160522461, 0.268676758, 0.0786337235, 0.708477767, 0.701398254, 0, 0, -0, 0, 0, 0, 0, 0.32173252, -0.0242647949, -0.184068457, -0.0991820732, 0.433818353, -0.895403627, 0.683837891, -0.624023438, -0.378051758, -0.722823144, -0.649741305, -0.234773859, 0, 3, 5, 1, 
948.614462, 71, 0.1, 0.1, 0.00585773505, 0.369443265, -0.0199664686, 0.930730594, -0.365705567, 6.69083874e-007, 0.365705566, 0.930730592, -5.93346466e-005, 2.10762737e-005, 5.54692586e-005, 0.999999998, 0.930730477, -0.365705865, -4.65907473e-006, 0.365705864, 0.930730475, -6.46559546e-005, 2.79814047e-005, 5.84734165e-005, 0.999999998, 0, 0, 0, 0, 0, 0, 0, 0.280479688, -0.076369458, -0.216905054, -0.302952258, 0.687161533, -0.660246692, -0.949707031, -0.160522461, 0.268676758, 0.0786337235, 0.708477767, 0.701398254, 0, 0, -0, 0, 0, 0, 0, 0.32173252, -0.0242647949, -0.184068457, -0.0991820732, 0.433818353, -0.895403627, 0.683837891, -0.624023438, -0.378051758, -0.722823144, -0.649741305, -0.234773859, 0, 3, 5, 1, 
948.615262, 71, 0.1, 0.1, 0.00585773089, 0.369443259, -0.0199656572, 0.930731046, -0.365704415, 7.52748626e-006, 0.365704413, 0.930731044, 7.10624568e-005, -3.29939193e-005, -6.33871998e-005, 0.999999997, 0.930730984, -0.365704574, 2.0511839e-005, 0.365704572, 0.930730983, 6.53542191e-005, -4.29913409e-005, -5.33259234e-005, 0.999999998, 0, 0, 0, 0, 0, 0, 0, 0.280488477, -0.0770487061, -0.216698047, -0.302793499, 0.68695859, -0.660545115, -0.949707031, -0.16015625, 0.268798828, 0.0788557624, 0.708757094, 0.701074743, 0, 0, -0, 0, 0, 0, 0, 0.32173252, -0.0242647949, -0.184068457, -0.100632329, 0.43382455, -0.895320504, 0.684692383, -0.622680664, -0.378662109, -0.721870888, -0.650968081, -0.234396894, 0, 3, 5, 1, 
948.616045, 71, 0.1, 0.1, 0.00585773713, 0.36944326, -0.0199648679, 0.930731175, -0.365704087, -1.39046571e-005, 0.365704085, 0.930731174, -6.11597199e-005, 3.53078574e-005, 5.1838268e-005, 0.999999998, 0.930731181, -0.365704071, -3.12138283e-005, 0.365704069, 0.930731181, -4.05489534e-005, 4.38806006e-005, 2.63251513e-005, 0.999999999, 0, 0, 0, 0, 0, 0, 0, 0.280488477, -0.0770487061, -0.216698047, -0.302793499, 0.68695859, -0.660545115, -0.949707031, -0.16015625, 0.268798828, 0.0788557624, 0.708757094, 0.701074743, 0, 0, -0, 0, 0, 0, 0, 0.321656592, -0.0242901855, -0.184055029, -0.100632329, 0.43382455, -0.895320504, 0.684692383, -0.622680664, -0.378662109, -0.721870888, -0.650968081, -0.234396894, 0, 3, 5, 1, 
948.616833, 71, 0.1, 0.1, 0.0058577306, 0.369443265, -0.0199644661, 0.93073096, -0.365704636, 1.7817465e-005, 0.365704635, 0.930730959, 3.45764647e-005, -2.92280398e-005, -2.56654567e-005, 0.999999999, 0.930731027, -0.365704462, 4.12481206e-005, 0.365704462, 0.930731028, 2.18123822e-007, -3.84706745e-005, 1.48816071e-005, 0.999999999, 0, 0, 0, 0, 0, 0, 0, 0.280488477, -0.0770487061, -0.216698047, -0.302793499, 0.68695859, -0.660545115, -0.949707031, -0.16015625, 0.268798828, 0.0788557624, 0.708757094, 0.701074743, 0, 0, -0, 0, 0, 0, 0, 0.321656592, -0.0242901855, -0.184055029, -0.100632329, 0.43382455, -0.895320504, 0.684692383, -0.622680664, -0.378662109, -0.721870888, -0.650968081, -0.234396894, 0, 3, 5, 1, 
948.617618, 71, 0.1, 0.1, 0.00585774097, 0.369443259, -0.0199644977, 0.93073044, -0.365705956, -4.3805715e-005, 0.365705956, 0.930730441, -1.43318244e-006, 4.12954358e-005, -1.46861044e-005, 0.999999999, 0.930730556, -0.365705659, -6.16807631e-005, 0.365705661, 0.930730557, 2.16813282e-005, 4.94791865e-005, -4.27364789e-005, 0.999999998, 0, 0, 0, 0, 0, 0, 0, 0.280488477, -0.0770487061, -0.216698047, -0.302793499, 0.68695859, -0.660545115, -0.949707031, -0.16015625, 0.268798828, 0.0788557624, 0.708757094, 0.701074743, 0, 0, -0, 0, 0, 0, 0, 0.321656592, -0.0242901855, -0.184055029, -0.100632329, 0.43382455, -0.895320504, 0.684692383, -0.622680664, -0.378662109, -0.721870888, -0.650968081, -0.234396894, 0, 3, 5, 1, 
948.618402, 71, 0.1, 0.1, 0.00585773363, 0.369443267, -0.0199649695, 0.930729753, -0.365707704, 4.33355637e-005, 0.365707706, 0.930729753, -2.44027033e-005, -3.14094419e-005, 3.85604716e-005, 0.999999999, 0.930729895, -0.365707341, 5.53172839e-005, 0.365707343, 0.930729895, -3.81818745e-005, -3.75220581e-005, 5.5766949e-005, 0.999999998, 0, 0, 0, 0, 0, 0, 0, 0.280488477, -0.0770487061, -0.216698047, -0.302793499, 0.68695859, -0.660545115, -0.949707031, -0.16015625, 0.268798828, 0.0788557624, 0.708757094, 0.701074743, 0, 0, -0, 0, 0, 0, 0, 0.321656592, -0.0242901855, -0.184055029, -0.100632329, 0.43382455, -0.895320504, 0.684692383, -0.622680664, -0.378662109, -0.721870888, -0.650968081, -0.234396894, 0, 3, 5, 1, 
948.619188, 71, 0.1, 0.1, 0.00585774191, 0.36944326, -0.0199656443, 0.930729072, -0.365709436, -5.31390243e-005, 0.365709439, 0.930729071, 5.10816829e-005, 3.07769813e-005, -6.69766501e-005, 0.999999997, 0.930729195, -0.365709121, -6.08953373e-005, 0.365709124, 0.930729195, 5.08018037e-005, 3.80983852e-005, -6.95527024e-005, 0.999999997, 0, 0, 0, 0, 0, 0, 0, 0.280488477, -0.0770487061, -0.216698047, -0.302793499, 0.68695859, -0.660545115, -0.949707031, -0.16015625, 0.268798828, 0.0788557624, 0.708757094, 0.701074743, 0, 0, -0, 0, 0, 0, 0, 0.321656592, -0.0242901855, -0.184055029, -0.100632329, 0.43382455, -0.895320504, 0.684692383, -0.622680664, -0.378662109, -0.721870888, -0.650968081, -0.234396894, 0, 3, 5, 1, 
948.62001, 71, 0.1, 0.1, 0.00585773648, 0.369443261, -0.0199661883, 0.930728579, -0.365710691, 4.77421496e-005, 0.365710693, 0.930728579, -4.40065832e-005, -2.83413051e-005, 5.84179993e-005, 0.999999998, 0.930728653, -0.365710503, 5.15886006e-005, 0.365710505, 0.930728653, -2.8768665e-005, -3.74939858e-005, 4.5642314e-005, 0.999999998, 0, 0, 0, 0, 0, 0, 0, 0.280716602, -0.0775277832, -0.216062866, -0.302622756, 0.686292474, -0.66120524, -0.949829102, -0.160766602, 0.267822266, 0.0775928001, 0.709233372, 0.700808521, 0, 0, -0, 0, 0, 0, 0, 0.321656592, -0.0242901855, -0.184055029, -0.101948424, 0.433696585, -0.895262902, 0.685302734, -0.621704102, -0.379150391, -0.721027273, -0.652086215, -0.233777127, 0, 3, 5, 1, 
948.620798, 71, 0.1, 0.1, 0.00585774118, 0.369443265, -0.0199662071, 0.930728421, -0.365711093, -4.65664649e-005, 0.365711094, 0.930728421, 3.15952149e-005, 3.17860118e-005, -4.64364374e-005, 0.999999998, 0.930728422, -0.365711091, -4.64935498e-005, 0.365711092, 0.930728423, 5.63747219e-006, 4.12111822e-005, -2.22501625e-005, 0.999999999, 0, 0, 0, 0, 0, 0, 0, 0.280716602, -0.0775277832, -0.216062866, -0.302622756, 0.686292474, -0.66120524, -0.949829102, -0.160766602, 0.267822266, 0.0775928001, 0.709233372, 0.700808521, 0, 0, -0, 0, 0, 0, 0, 0.321587256, -0.024322168, -0.183814941, -0.101948424, 0.433696585, -0.895262902, 0.685302734, -0.621704102, -0.379150391, -0.721027273, -0.652086215, -0.233777127, 0, 3, 5, 1, 
948.621584, 71, 0.1, 0.1, 0.00585773856, 0.369443258, -0.0199660474, 0.930728595, -0.365710652, 4.05431159e-005, 0.365710653, 0.930728595, -1.45558516e-005, -3.24114074e-005, 2.83745967e-005, 0.999999999, 0.930728538, -0.365710797, 3.52517036e-005, 0.365710796, 0.930728539, 2.31693803e-005, -4.12830591e-005, -8.6724749e-006, 0.999999999, 0, 0, 0, 0, 0, 0, 0, 0.280716602, -0.0775277832, -0.216062866, -0.302622756, 0.686292474, -0.66120524, -0.949829102, -0.160766602, 0.267822266, 0.0775928001, 0.709233372, 0.700808521, 0, 0, -0, 0, 0, 0, 0, 0.321587256, -0.024322168, -0.183814941, -0.101948424, 0.433696585, -0.895262902, 0.685302734, -0.621704102, -0.379150391, -0.721027273, -0.652086215, -0.233777127, 0, 3, 5, 1, 
