time, trialNum, realDorsalTactorPos, realVentralTactorPos, box1PosX, box1PosY, box1PosZ, box1LocalRot_11, box1LocalRot_12, box1LocalRot_13, box1LocalRot_21, box1LocalRot_22, box1LocalRot_23, box1LocalRot_31, box1LocalRot_32, box1LocalRot_33, box1GlobalRot_11, box1GlobalRot_12, box1GlobalRot_13, box1GlobalRot_21, box1GlobalRot_22, box1GlobalRot_23, box1GlobalRot_31, box1GlobalRot_32, box1GlobalRot_33, indexForceX, indexForceY, indexForceZ, indexForceGlobalX, indexForceGlobalY, indexForceGlobalZ, indexContact, indexPosX, indexPosY, indexPosZ, indexRot_11, indexRot_12, indexRot_13, indexRot_21, indexRot_22, indexRot_23, indexRot_31, indexRot_32, indexRot_33, thumbForceX, thumbForceY, thumbForceZ, thumbForceGlobalX, thumbForceGlobalY, thumbForceGlobalZ, thumbContact, thumbPosX, thumbPosY, thumbPosZ, thumbRot_11, thumbRot_12, thumbRot_13, thumbRot_21, thumbRot_22, thumbRot_23, thumbRot_31, thumbRot_32, thumbRot_33, manipForceTooHigh, cceExpType, mapping, trialSuccess, 
921.589725, 66, 0.1, 0.1, 0.0134429931, 0.372039643, -0.0199627045, 0.961497366, -0.274814146, 1.60803475e-005, 0.274814146, 0.961497366, 8.34217851e-007, -1.56904666e-005, 3.61700869e-006, 1, 0.9614973, -0.274814377, -1.59720635e-005, 0.274814377, 0.9614973, 1.74784383e-005, 1.05537698e-005, -2.11948239e-005, 1, 0, 0, 0, 0, 0, 0, 0, 0.234310547, -0.0244033691, -0.222396387, 0.0972774656, 0.68477081, -0.722193236, -0.935180664, 0.311035156, 0.168823242, 0.34029035, 0.659048871, 0.67079506, 0, 0, -0, 0, 0, 0, 0, 0.284630371, 0.0163379883, -0.189743604, 0.0533065196, 0.457172619, -0.887647749, 0.338989258, -0.844482422, -0.414550781, -0.93927064, -0.278690315, -0.199958953, 0, 3, 5, 1, 
921.601468, 66, 0.1, 0.1, 0.0134429597, 0.372039645, -0.0199672712, 0.961494014, -0.274825868, -4.90596338e-005, 0.274825871, 0.961494013, 6.37363153e-005, 2.9654156e-005, -7.47649423e-005, 0.999999997, 0.961494186, -0.274825272, -2.81666359e-005, 0.274825273, 0.961494184, 5.55433548e-005, 1.1817339e-005, -6.1145516e-005, 0.999999998, 0, 0, 0, 0, 0, 0, 0, 0.236410889, -0.0286217773, -0.219937183, 0.094386091, 0.685303254, -0.722041589, -0.93359375, 0.312744141, 0.174682617, 0.345444792, 0.65772862, 0.66941153, 0, 0, -0, 0, 0, 0, 0, 0.286420752, 0.0126208008, -0.188233154, 0.0432367502, 0.450405113, -0.891658732, 0.340209961, -0.845825195, -0.410766602, -0.939224331, -0.285538744, -0.189824651, 0, 3, 5, 1, 
921.602296, 66, 0.1, 0.1, 0.0134429645, 0.372039639, -0.0199720291, 0.961493153, -0.274828883, 2.61141937e-005, 0.274828884, 0.961493153, -2.91821971e-005, -1.70885078e-005, 3.52354174e-005, 0.999999999, 0.961493298, -0.274828379, 3.32997269e-006, 0.274828379, 0.961493298, 6.65474075e-006, -5.03065804e-006, -5.48331764e-006, 1, 0, 0, 0, 0, 0, 0, 0, 0.237114429, -0.0302306152, -0.219307373, 0.0950020327, 0.684376907, -0.722778098, -0.933227539, 0.313842773, 0.174438477, 0.34621238, 0.658122523, 0.668663038, 0, 0, -0, 0, 0, 0, 0, 0.28697085, 0.0113683594, -0.188033838, 0.0415626474, 0.448488207, -0.892763739, 0.339477539, -0.846679688, -0.409545898, -0.939645772, -0.285985705, -0.187485938, 0, 3, 5, 1, 
921.603078, 66, 0.1, 0.1, 0.0134429587, 0.372039655, -0.0199740772, 0.961492581, -0.274830886, 1.41103451e-005, 0.274830887, 0.961492579, -6.22999357e-005, 3.55495441e-006, 6.37788846e-005, 0.999999998, 0.96149268, -0.274830539, 1.54986931e-005, 0.274830539, 0.961492677, -7.87975078e-005, 6.75408163e-006, 8.00227412e-005, 0.999999997, 0, 0, 0, 0, 0, 0, 0, 0.237114429, -0.0302306152, -0.219307373, 0.0950020327, 0.684376907, -0.722778098, -0.933227539, 0.313842773, 0.174438477, 0.34621238, 0.658122523, 0.668663038, 0, 0, -0, 0, 0, 0, 0, 0.28697085, 0.0113683594, -0.188033838, 0.0415626474, 0.448488207, -0.892763739, 0.339477539, -0.846679688, -0.409545898, -0.939645772, -0.285985705, -0.187485938, 0, 3, 5, 1, 
921.60386, 66, 0.1, 0.1, 0.0134429606, 0.372039649, -0.0199733919, 0.961492048, -0.274832749, -4.13038933e-005, 0.274832752, 0.961492045, 7.69199372e-005, 1.8573247e-005, -8.53095706e-005, 0.999999996, 0.961492162, -0.274832351, -3.02346239e-005, 0.274832352, 0.96149216, 6.11723964e-005, 1.22582004e-005, -6.71262325e-005, 0.999999998, 0, 0, 0, 0, 0, 0, 0, 0.237114429, -0.0302306152, -0.219307373, 0.0950020327, 0.684376907, -0.722778098, -0.933227539, 0.313842773, 0.174438477, 0.34621238, 0.658122523, 0.668663038, 0, 0, -0, 0, 0, 0, 0, 0.28697085, 0.0113683594, -0.188033838, 0.0415626474, 0.448488207, -0.892763739, 0.339477539, -0.846679688, -0.409545898, -0.939645772, -0.285985705, -0.187485938, 0, 3, 5, 1, 
921.604671, 66, 0.1, 0.1, 0.0134429615, 0.372039635, -0.0199700261, 0.961491569, -0.274834428, 2.57133203e-005, 0.274834428, 0.961491569, 6.66924025e-006, -2.65560775e-005, 6.54487418e-007, 1, 0.961491639, -0.274834182, 1.65411946e-005, 0.274834181, 0.961491638, 4.36224237e-005, -2.78931535e-005, -3.73965099e-005, 0.999999999, 0, 0, 0, 0, 0, 0, 0, 0.238069165, -0.0318584961, -0.21824939, 0.0962518904, 0.683044674, -0.72387631, -0.933349609, 0.314453125, 0.172607422, 0.345520054, 0.65907508, 0.667971834, 0, 0, -0, 0, 0, 0, 0, 0.287420752, 0.0100675781, -0.187428564, 0.0415371278, 0.446015332, -0.893932913, 0.33996582, -0.84765625, -0.407226562, -0.939402968, -0.286982071, -0.186872367, 0, 3, 5, 1, 
921.605464, 66, 0.1, 0.1, 0.0134429609, 0.372039642, -0.0199653214, 0.961491361, -0.274835156, -3.11069024e-006, 0.274835156, 0.961491361, -4.82993687e-006, 4.31833824e-006, 3.78901553e-006, 1, 0.961491391, -0.274835051, -9.34767895e-006, 0.27483505, 0.961491391, -3.23216297e-005, 1.78708296e-005, 2.85078989e-005, 0.999999999, 0, 0, 0, 0, 0, 0, 0, 0.238069165, -0.0318584961, -0.21824939, 0.0962518904, 0.683044674, -0.72387631, -0.933349609, 0.314453125, 0.172607422, 0.345520054, 0.65907508, 0.667971834, 0, 0, -0, 0, 0, 0, 0, 0.287420752, 0.0100675781, -0.187428564, 0.0415371278, 0.446015332, -0.893932913, 0.33996582, -0.84765625, -0.407226562, -0.939402968, -0.286982071, -0.186872367, 0, 3, 5, 1, 
921.606245, 66, 0.1, 0.1, 0.013442959, 0.372039631, -0.0199612468, 0.961491216, -0.274835663, -1.47919736e-005, 0.274835663, 0.961491216, 2.55301171e-005, 7.20576604e-006, -2.86123452e-005, 1, 0.961491246, -0.274835558, 4.15454038e-006, 0.274835557, 0.961491245, 5.46815404e-005, -1.90229859e-005, -5.1434007e-005, 0.999999998, 0, 0, 0, 0, 0, 0, 0, 0.238069165, -0.0318584961, -0.21824939, 0.0962518904, 0.683044674, -0.72387631, -0.933349609, 0.314453125, 0.172607422, 0.345520054, 0.65907508, 0.667971834, 0, 0, -0, 0, 0, 0, 0, 0.287420752, 0.0100675781, -0.187428564, 0.0415371278, 0.446015332, -0.893932913, 0.33996582, -0.84765625, -0.407226562, -0.939402968, -0.286982071, -0.186872367, 0, 3, 5, 1, 
921.607028, 66, 0.1, 0.1, 0.0134429594, 0.372039636, -0.0199589918, 0.961490946, -0.274836608, -9.60630573e-006, 0.274836608, 0.961490946, -3.64034434e-006, 1.02368759e-005, 8.59993646e-007, 1, 0.961491006, -0.274836398, 8.71533612e-006, 0.274836398, 0.961491006, -2.32734903e-005, -1.98331504e-006, 2.47725432e-005, 1, 0, 0, 0, 0, 0, 0, 0, 0.238069165, -0.0318584961, -0.21824939, 0.0962518904, 0.683044674, -0.72387631, -0.933349609, 0.314453125, 0.172607422, 0.345520054, 0.65907508, 0.667971834, 0, 0, -0, 0, 0, 0, 0, 0.287420752, 0.0100675781, -0.187428564, 0.0415371278, 0.446015332, -0.893932913, 0.33996582, -0.84765625, -0.407226562, -0.939402968, -0.286982071, -0.186872367, 0, 3, 5, 1, 
921.607806, 66, 0.1, 0.1, 0.0134429612, 0.372039626, -0.0199592316, 0.961490752, -0.274837285, -4.37921195e-006, 0.274837285, 0.961490752, 2.26806374e-005, -2.02291302e-006, -2.30107938e-005, 1, 0.961490793, -0.274837142, -1.40004892e-005, 0.274837143, 0.961490792, 4.71527831e-005, 5.020053e-007, -4.91848213e-005, 0.999999999, 0, 0, 0, 0, 0, 0, 0, 0.238069165, -0.0318584961, -0.21824939, 0.0962518904, 0.683044674, -0.72387631, -0.933349609, 0.314453125, 0.172607422, 0.345520054, 0.65907508, 0.667971834, 0, 0, -0, 0, 0, 0, 0, 0.287420752, 0.0100675781, -0.187428564, 0.0415371278, 0.446015332, -0.893932913, 0.33996582, -0.84765625, -0.407226562, -0.939402968, -0.286982071, -0.186872367, 0, 3, 5, 1, 
921.608584, 66, 0.1, 0.1, 0.0134429589, 0.372039634, -0.0199617066, 0.961490548, -0.274838, 4.28460324e-006, 0.274838, 0.961490548, -2.02118499e-005, 1.4353789e-006, 2.06110745e-005, 1, 0.961490594, -0.274837837, 2.06758856e-005, 0.274837837, 0.961490594, -3.6683207e-005, -9.79773626e-006, 4.09530742e-005, 0.999999999, 0, 0, 0, 0, 0, 0, 0, 0.238069165, -0.0318584961, -0.21824939, 0.0962518904, 0.683044674, -0.72387631, -0.933349609, 0.314453125, 0.172607422, 0.345520054, 0.65907508, 0.667971834, 0, 0, -0, 0, 0, 0, 0, 0.287420752, 0.0100675781, -0.187428564, 0.0415371278, 0.446015332, -0.893932913, 0.33996582, -0.84765625, -0.407226562, -0.939402968, -0.286982071, -0.186872367, 0, 3, 5, 1, 
921.60938, 66, 0.1, 0.1, 0.0134429599, 0.372039629, -0.0199653957, 0.961490356, -0.274838673, 7.26690755e-006, 0.274838673, 0.961490356, 8.85107718e-006, -9.41967983e-006, -6.51299812e-006, 1, 0.961490385, -0.274838568, 1.21125842e-007, 0.274838568, 0.961490385, 2.81136964e-005, -7.8431894e-006, -2.69977587e-005, 1, 0, 0, 0, 0, 0, 0, 0, 0.238969092, -0.0329944824, -0.217382178, 0.096485912, 0.682594605, -0.724377676, -0.933959961, 0.313598633, 0.171020508, 0.343876294, 0.660135099, 0.667927651, 0, 0, -0, 0, 0, 0, 0, 0.287420752, 0.0100675781, -0.187428564, 0.0415371278, 0.446015332, -0.893932913, 0.33996582, -0.84765625, -0.407226562, -0.939402968, -0.286982071, -0.186872367, 0, 3, 5, 1, 
921.610177, 66, 0.1, 0.1, 0.0134429564, 0.372039637, -0.0199686805, 0.961490204, -0.274839204, 7.7866786e-006, 0.274839204, 0.961490203, -2.35949654e-005, -1.00199368e-006, 2.48264126e-005, 1, 0.961490238, -0.274839083, 2.25481735e-005, 0.274839083, 0.961490238, -3.86658357e-005, -1.10529659e-005, 4.33739429e-005, 0.999999999, 0, 0, 0, 0, 0, 0, 0, 0.238969092, -0.0329944824, -0.217382178, 0.096485912, 0.682594605, -0.724377676, -0.933959961, 0.313598633, 0.171020508, 0.343876294, 0.660135099, 0.667927651, 0, 0, -0, 0, 0, 0, 0, 0.288302246, 0.00899980469, -0.186825, 0.0412560451, 0.4438363, -0.895089326, 0.340942383, -0.848266602, -0.405029297, -0.939064283, -0.288438523, -0.186380197, 0, 3, 5, 1, 
921.61096, 66, 0.1, 0.1, 0.0134429605, 0.372039634, -0.019970776, 0.961490054, -0.274839728, 6.42858064e-006, 0.274839728, 0.961490054, 1.08477426e-005, -9.16240697e-006, -8.66316724e-006, 1, 0.961490077, -0.274839646, -1.8866777e-005, 0.274839646, 0.961490077, 1.93847623e-005, 1.28125177e-005, -2.3823595e-005, 1, 0, 0, 0, 0, 0, 0, 0, 0.238969092, -0.0329944824, -0.217382178, 0.096485912, 0.682594605, -0.724377676, -0.933959961, 0.313598633, 0.171020508, 0.343876294, 0.660135099, 0.667927651, 0, 0, -0, 0, 0, 0, 0, 0.288302246, 0.00899980469, -0.186825, 0.0412560451, 0.4438363, -0.895089326, 0.340942383, -0.848266602, -0.405029297, -0.939064283, -0.288438523, -0.186380197, 0, 3, 5, 1, 
921.611747, 66, 0.1, 0.1, 0.0134429579, 0.372039638, -0.0199710548, 0.961490038, -0.274839784, -1.59331488e-005, 0.274839783, 0.961490038, -8.62578452e-006, 1.76902726e-005, 3.91454271e-006, 1, 0.96149003, -0.274839812, -2.42386446e-006, 0.274839812, 0.96149003, -2.46486198e-005, 9.10494355e-006, 2.30332278e-005, 1, 0, 0, 0, 0, 0, 0, 0, 0.238969092, -0.0329944824, -0.217382178, 0.096485912, 0.682594605, -0.724377676, -0.933959961, 0.313598633, 0.171020508, 0.343876294, 0.660135099, 0.667927651, 0, 0, -0, 0, 0, 0, 0, 0.288302246, 0.00899980469, -0.186825, 0.0412560451, 0.4438363, -0.895089326, 0.340942383, -0.848266602, -0.405029297, -0.939064283, -0.288438523, -0.186380197, 0, 3, 5, 1, 
921.612543, 66, 0.1, 0.1, 0.013442957, 0.372039631, -0.0199694268, 0.961490187, -0.27483926, 2.32407482e-005, 0.274839259, 0.961490188, 2.59698803e-005, -2.94832941e-005, -1.8582315e-005, 0.999999999, 0.961490147, -0.274839402, 1.86660682e-005, 0.274839401, 0.961490147, 4.41980291e-005, -3.00946006e-005, -3.73657985e-005, 0.999999999, 0, 0, 0, 0, 0, 0, 0, 0.238969092, -0.0329944824, -0.217382178, 0.096485912, 0.682594605, -0.724377676, -0.933959961, 0.313598633, 0.171020508, 0.343876294, 0.660135099, 0.667927651, 0, 0, -0, 0, 0, 0, 0, 0.28887749, 0.00791689453, -0.186642529, 0.0397609465, 0.441586906, -0.896251936, 0.341918945, -0.848754883, -0.403076172, -0.938853196, -0.290393342, -0.184661252, 0, 3, 5, 1, 
921.613413, 66, 0.1, 0.1, 0.0134429582, 0.372039637, -0.0199654252, 0.961490514, -0.274838118, -1.01429726e-005, 0.274838118, 0.961490514, -8.77989425e-006, 1.21654216e-005, 5.65410952e-006, 1, 0.96149045, -0.274838342, -1.72830677e-005, 0.274838342, 0.96149045, -3.3932602e-005, 2.59434846e-005, 2.78758231e-005, 0.999999999, 0, 0, 0, 0, 0, 0, 0, 0.238969092, -0.0329944824, -0.217382178, 0.096485912, 0.682594605, -0.724377676, -0.933959961, 0.313598633, 0.171020508, 0.343876294, 0.660135099, 0.667927651, 0, 0, -0, 0, 0, 0, 0, 0.28887749, 0.00791689453, -0.186642529, 0.0397609465, 0.441586906, -0.896251936, 0.341918945, -0.848754883, -0.403076172, -0.938853196, -0.290393342, -0.184661252, 0, 3, 5, 1, 
921.614203, 66, 0.1, 0.1, 0.0134429574, 0.372039629, -0.0199618522, 0.961490806, -0.274837095, -1.77636739e-005, 0.274837095, 0.961490806, 1.23710501e-005, 1.36795857e-005, -1.67767675e-005, 1, 0.961490753, -0.274837283, 7.88521287e-007, 0.274837282, 0.961490752, 4.30946065e-005, -1.26021605e-005, -4.12183506e-005, 0.999999999, 0, 0, 0, 0, 0, 0, 0, 0.238969092, -0.0329944824, -0.217382178, 0.096485912, 0.682594605, -0.724377676, -0.933959961, 0.313598633, 0.171020508, 0.343876294, 0.660135099, 0.667927651, 0, 0, -0, 0, 0, 0, 0, 0.28887749, 0.00791689453, -0.186642529, 0.0397609465, 0.441586906, -0.896251936, 0.341918945, -0.848754883, -0.403076172, -0.938853196, -0.290393342, -0.184661252, 0, 3, 5, 1, 
921.615003, 66, 0.1, 0.1, 0.0134429546, 0.372039636, -0.0199595996, 0.961490905, -0.274836747, 4.12789306e-005, 0.274836747, 0.961490906, -5.40870133e-006, -3.82028065e-005, 1.65453842e-005, 0.999999999, 0.961490905, -0.27483675, 3.41681781e-005, 0.274836751, 0.961490904, -3.26162369e-005, -2.38882519e-005, 4.07508862e-005, 0.999999999, 0, 0, 0, 0, 0, 0, 0, 0.23972522, -0.033876709, -0.217393652, 0.0938645075, 0.682747373, -0.724574627, -0.934570313, 0.311157227, 0.17199707, 0.342931972, 0.661099639, 0.667464477, 0, 0, -0, 0, 0, 0, 0, 0.28887749, 0.00791689453, -0.186642529, 0.0397609465, 0.441586906, -0.896251936, 0.341918945, -0.848754883, -0.403076172, -0.938853196, -0.290393342, -0.184661252, 0, 3, 5, 1, 
921.615797, 66, 0.1, 0.1, 0.0134429562, 0.372039629, -0.0199595166, 0.961490759, -0.27483726, -2.50505075e-005, 0.27483726, 0.961490759, 5.17233305e-006, 2.26642816e-005, -1.18579633e-005, 1, 0.961490805, -0.2748371, -3.24384941e-005, 0.274837101, 0.961490804, 2.92135509e-005, 2.31603462e-005, -3.70038623e-005, 0.999999999, 0, 0, 0, 0, 0, 0, 0, 0.23972522, -0.033876709, -0.217393652, 0.0938645075, 0.682747373, -0.724574627, -0.934570313, 0.311157227, 0.17199707, 0.342931972, 0.661099639, 0.667464477, 0, 0, -0, 0, 0, 0, 0, 0.28887749, 0.00791689453, -0.186642529, 0.0397609465, 0.441586906, -0.896251936, 0.341918945, -0.848754883, -0.403076172, -0.938853196, -0.290393342, -0.184661252, 0, 3, 5, 1, 
921.616583, 66, 0.1, 0.1, 0.0134429494, 0.372039636, -0.0199614238, 0.961490449, -0.274838345, 2.35651291e-005, 0.274838345, 0.961490449, -1.36717766e-005, -1.89001181e-005, 1.96218837e-005, 1, 0.961490515, -0.274838112, 4.34738929e-005, 0.274838113, 0.961490515, -3.23480138e-005, -3.29092686e-005, 4.30505911e-005, 0.999999999, 0, 0, 0, 0, 0, 0, 0, 0.23972522, -0.033876709, -0.217393652, 0.0938645075, 0.682747373, -0.724574627, -0.934570313, 0.311157227, 0.17199707, 0.342931972, 0.661099639, 0.667464477, 0, 0, -0, 0, 0, 0, 0, 0.28887749, 0.00791689453, -0.186642529, 0.0397609465, 0.441586906, -0.896251936, 0.341918945, -0.848754883, -0.403076172, -0.938853196, -0.290393342, -0.184661252, 0, 3, 5, 1, 
921.617399, 66, 0.1, 0.1, 0.0134429535, 0.37203963, -0.0199644091, 0.961490137, -0.274839437, 8.95757595e-006, 0.274839437, 0.961490137, 2.30705761e-005, -1.49533251e-005, -1.97202363e-005, 1, 0.96149019, -0.274839251, -1.94416829e-005, 0.274839252, 0.961490189, 3.57537602e-005, 8.86645066e-006, -3.97202273e-005, 0.999999999, 0, 0, 0, 0, 0, 0, 0, 0.240044263, -0.0347724854, -0.217192017, 0.091376775, 0.68263991, -0.724949434, -0.934814453, 0.309448242, 0.173583984, 0.342831623, 0.661981803, 0.666658697, 0, 0, -0, 0, 0, 0, 0, 0.289477881, 0.00705844727, -0.186020654, 0.0384448519, 0.439695153, -0.897178306, 0.344238281, -0.848754883, -0.401245117, -0.938009582, -0.293415256, -0.184022161, 0, 3, 5, 1, 
921.618198, 66, 0.1, 0.1, 0.013442951, 0.372039635, -0.0199672824, 0.961490011, -0.274839876, -2.26204789e-005, 0.274839875, 0.961490012, -1.69218272e-005, 2.64001574e-005, 1.00531582e-005, 1, 0.961490021, -0.274839844, -6.15306072e-006, 0.274839844, 0.96149002, -3.19464235e-005, 1.46962565e-005, 2.90250612e-005, 0.999999999, 0, 0, 0, 0, 0, 0, 0, 0.240044263, -0.0347724854, -0.217192017, 0.091376775, 0.68263991, -0.724949434, -0.934814453, 0.309448242, 0.173583984, 0.342831623, 0.661981803, 0.666658697, 0, 0, -0, 0, 0, 0, 0, 0.289477881, 0.00705844727, -0.186020654, 0.0384448519, 0.439695153, -0.897178306, 0.344238281, -0.848754883, -0.401245117, -0.938009582, -0.293415256, -0.184022161, 0, 3, 5, 1, 
921.618987, 66, 0.1, 0.1, 0.0134429522, 0.372039629, -0.0199693002, 0.961490086, -0.274839616, 1.40413934e-005, 0.274839616, 0.961490086, 1.94683778e-005, -1.8851342e-005, -1.48595211e-005, 1, 0.961490059, -0.27483971, 9.36574405e-006, 0.274839709, 0.961490059, 3.73163971e-005, -1.92610975e-005, -3.33052665e-005, 0.999999999, 0, 0, 0, 0, 0, 0, 0, 0.240044263, -0.0347724854, -0.217192017, 0.091376775, 0.68263991, -0.724949434, -0.934814453, 0.309448242, 0.173583984, 0.342831623, 0.661981803, 0.666658697, 0, 0, -0, 0, 0, 0, 0, 0.289477881, 0.00705844727, -0.186020654, 0.0384448519, 0.439695153, -0.897178306, 0.344238281, -0.848754883, -0.401245117, -0.938009582, -0.293415256, -0.184022161, 0, 3, 5, 1, 
921.619792, 66, 0.1, 0.1, 0.0134429535, 0.372039634, -0.0199698996, 0.961490294, -0.274838887, -8.97759271e-006, 0.274838887, 0.961490294, -1.00695713e-005, 1.1399378e-005, 7.21440349e-006, 1, 0.961490245, -0.274839058, -1.53042719e-005, 0.274839058, 0.961490245, -3.24106855e-005, 2.36226304e-005, 2.69563463e-005, 0.999999999, 0, 0, 0, 0, 0, 0, 0, 0.240044263, -0.0347724854, -0.217192017, 0.091376775, 0.68263991, -0.724949434, -0.934814453, 0.309448242, 0.173583984, 0.342831623, 0.661981803, 0.666658697, 0, 0, -0, 0, 0, 0, 0, 0.289477881, 0.00705844727, -0.186020654, 0.0384448519, 0.439695153, -0.897178306, 0.344238281, -0.848754883, -0.401245117, -0.938009582, -0.293415256, -0.184022161, 0, 3, 5, 1, 
921.620582, 66, 0.1, 0.1, 0.0134429529, 0.372039628, -0.0199688461, 0.961490499, -0.274838172, -1.50881155e-005, 0.274838172, 0.961490499, 7.98325565e-006, 1.23129763e-005, -1.18226145e-005, 1, 0.961490462, -0.274838302, 1.73337675e-007, 0.274838302, 0.961490461, 3.30065504e-005, -9.23812679e-006, -3.16878436e-005, 0.999999999, 0, 0, 0, 0, 0, 0, 0, 0.240044263, -0.0347724854, -0.217192017, 0.091376775, 0.68263991, -0.724949434, -0.934814453, 0.309448242, 0.173583984, 0.342831623, 0.661981803, 0.666658697, 0, 0, -0, 0, 0, 0, 0, 0.289477881, 0.00705844727, -0.186020654, 0.0384448519, 0.439695153, -0.897178306, 0.344238281, -0.848754883, -0.401245117, -0.938009582, -0.293415256, -0.184022161, 0, 3, 5, 1, 
921.621374, 66, 0.1, 0.1, 0.0134429507, 0.372039634, -0.0199667361, 0.961490552, -0.274837983, 3.33769096e-005, 0.274837983, 0.961490553, -2.88560269e-006, -3.12985101e-005, 1.19477223e-005, 0.999999999, 0.961490557, -0.274837969, 2.77237798e-005, 0.274837969, 0.961490556, -2.52936961e-005, -1.97044844e-005, 3.19391973e-005, 0.999999999, 0, 0, 0, 0, 0, 0, 0, 0.240044263, -0.0347724854, -0.217192017, 0.091376775, 0.68263991, -0.724949434, -0.934814453, 0.309448242, 0.173583984, 0.342831623, 0.661981803, 0.666658697, 0, 0, -0, 0, 0, 0, 0, 0.289477881, 0.00705844727, -0.186020654, 0.0384448519, 0.439695153, -0.897178306, 0.344238281, -0.848754883, -0.401245117, -0.938009582, -0.293415256, -0.184022161, 0, 3, 5, 1, 
921.622192, 66, 0.1, 0.1, 0.0134429527, 0.372039628, -0.019964175, 0.961490399, -0.27483852, -2.28098484e-005, 0.27483852, 0.961490399, 1.74175874e-007, 2.188358e-005, -6.4364934e-006, 1, 0.961490446, -0.274838356, -3.07872579e-005, 0.274838356, 0.961490446, 2.30942769e-005, 2.32544613e-005, -3.06664459e-005, 0.999999999, 0, 0, 0, 0, 0, 0, 0, 0.240327417, -0.0356499512, -0.217206177, 0.0882098213, 0.68289415, -0.725184577, -0.935302734, 0.307006836, 0.175292969, 0.342344483, 0.662806678, 0.665954388, 0, 0, -0, 0, 0, 0, 0, 0.289477881, 0.00705844727, -0.186020654, 0.0377995644, 0.437286077, -0.898507161, 0.345214844, -0.849365234, -0.398925781, -0.937709176, -0.295018629, -0.183057145, 0, 3, 5, 1, 
921.622986, 66, 0.1, 0.1, 0.0134429463, 0.372039635, -0.0199620575, 0.961490101, -0.274839564, 1.9911105e-005, 0.274839565, 0.961490101, -1.07091626e-005, -1.62010287e-005, 1.57691132e-005, 1, 0.961490165, -0.274839338, 4.04044198e-005, 0.274839339, 0.961490165, -3.02275841e-005, -3.0540723e-005, 4.01682489e-005, 0.999999999, 0, 0, 0, 0, 0, 0, 0, 0.240327417, -0.0356499512, -0.217206177, 0.0882098213, 0.68289415, -0.725184577, -0.935302734, 0.307006836, 0.175292969, 0.342344483, 0.662806678, 0.665954388, 0, 0, -0, 0, 0, 0, 0, 0.289887988, 0.00574912109, -0.185641797, 0.0377995644, 0.437286077, -0.898507161, 0.345214844, -0.849365234, -0.398925781, -0.937709176, -0.295018629, -0.183057145, 0, 3, 5, 1, 
921.623776, 66, 0.1, 0.1, 0.0134429506, 0.372039629, -0.0199612238, 0.961489809, -0.274840586, 1.08785515e-005, 0.274840585, 0.961489809, 1.97814044e-005, -1.58963492e-005, -1.60297513e-005, 1, 0.961489861, -0.274840402, -2.10434876e-005, 0.274840403, 0.961489861, 3.47824074e-005, 1.06734892e-005, -3.92265326e-005, 0.999999999, 0, 0, 0, 0, 0, 0, 0, 0.240327417, -0.0356499512, -0.217206177, 0.0882098213, 0.68289415, -0.725184577, -0.935302734, 0.307006836, 0.175292969, 0.342344483, 0.662806678, 0.665954388, 0, 0, -0, 0, 0, 0, 0, 0.289887988, 0.00574912109, -0.185641797, 0.0377995644, 0.437286077, -0.898507161, 0.345214844, -0.849365234, -0.398925781, -0.937709176, -0.295018629, -0.183057145, 0, 3, 5, 1, 
921.624577, 66, 0.1, 0.1, 0.0134429481, 0.372039636, -0.0199618653, 0.961489707, -0.274840941, -2.82198852e-005, 0.27484094, 0.961489707, -2.16607647e-005, 3.30863941e-005, 1.30706225e-005, 0.999999999, 0.961489709, -0.274840933, -7.19651687e-006, 0.274840933, 0.961489709, -4.13860315e-005, 1.82939524e-005, 3.7814346e-005, 0.999999999, 0, 0, 0, 0, 0, 0, 0, 0.240327417, -0.0356499512, -0.217206177, 0.0857149756, 0.682660128, -0.725660856, -0.936157227, 0.304199219, 0.175537109, 0.340638565, 0.664450439, 0.665288272, 0, 0, -0, 0, 0, 0, 0, 0.289887988, 0.00574912109, -0.185641797, 0.0377995644, 0.437286077, -0.898507161, 0.345214844, -0.849365234, -0.398925781, -0.937709176, -0.295018629, -0.183057145, 0, 3, 5, 1, 
921.62538, 66, 0.1, 0.1, 0.0134429501, 0.372039628, -0.019963332, 0.961489842, -0.274840469, 1.61312386e-005, 0.274840469, 0.961489842, 2.46223798e-005, -2.22772485e-005, -1.92406509e-005, 1, 0.961489802, -0.274840611, 1.03230966e-005, 0.27484061, 0.961489801, 4.59876369e-005, -2.25648223e-005, -4.13794377e-005, 0.999999999, 0, 0, 0, 0, 0, 0, 0, 0.240864453, -0.0365498779, -0.217232544, 0.0857149756, 0.682660128, -0.725660856, -0.936157227, 0.304199219, 0.175537109, 0.340638565, 0.664450439, 0.665288272, 0, 0, -0, 0, 0, 0, 0, 0.290440039, 0.0044246582, -0.18567915, 0.0359275012, 0.434806639, -0.899695291, 0.346191406, -0.849975586, -0.396972656, -0.937414967, -0.297120369, -0.181095396, 0, 3, 5, 1, 
921.626167, 66, 0.1, 0.1, 0.0134429516, 0.372039635, -0.0199654704, 0.961490125, -0.27483948, -1.14494354e-005, 0.27483948, 0.961490125, -1.60700595e-005, 1.54252059e-005, 1.23044467e-005, 1, 0.961490065, -0.27483969, -1.79823052e-005, 0.274839689, 0.961490064, -3.88463531e-005, 2.79663274e-005, 3.24081314e-005, 0.999999999, 0, 0, 0, 0, 0, 0, 0, 0.240864453, -0.0365498779, -0.217232544, 0.0857149756, 0.682660128, -0.725660856, -0.936157227, 0.304199219, 0.175537109, 0.340638565, 0.664450439, 0.665288272, 0, 0, -0, 0, 0, 0, 0, 0.290440039, 0.0044246582, -0.18567915, 0.0359275012, 0.434806639, -0.899695291, 0.346191406, -0.849975586, -0.396972656, -0.937414967, -0.297120369, -0.181095396, 0, 3, 5, 1, 
921.626958, 66, 0.1, 0.1, 0.013442951, 0.372039628, -0.0199674761, 0.961490401, -0.274838514, -1.52075161e-005, 0.274838515, 0.961490401, 1.00668214e-005, 1.18551305e-005, -1.38587632e-005, 1, 0.961490351, -0.274838689, 3.59333166e-007, 0.274838689, 0.96149035, 3.50727816e-005, -9.98485269e-006, -3.36233824e-005, 0.999999999, 0, 0, 0, 0, 0, 0, 0, 0.240864453, -0.0365498779, -0.217232544, 0.0857149756, 0.682660128, -0.725660856, -0.936157227, 0.304199219, 0.175537109, 0.340638565, 0.664450439, 0.665288272, 0, 0, -0, 0, 0, 0, 0, 0.290440039, 0.0044246582, -0.18567915, 0.0359275012, 0.434806639, -0.899695291, 0.346191406, -0.849975586, -0.396972656, -0.937414967, -0.297120369, -0.181095396, 0, 3, 5, 1, 
921.627975, 66, 0.1, 0.1, 0.0134429485, 0.372039637, -0.0199666088, 0.961490491, -0.274838199, 3.19843595e-005, 0.274838199, 0.961490491, 2.99768734e-006, -3.15765365e-005, 5.9082759e-006, 0.999999999, 0.961490501, -0.274838164, 2.39430569e-005, 0.274838164, 0.9614905, -3.93976751e-005, -1.21930371e-005, 4.44609562e-005, 0.999999999, 0, 0, 0, 0, 0, 0, 0, 0.240864453, -0.0365498779, -0.217232544, 0.0857149756, 0.682660128, -0.725660856, -0.936157227, 0.304199219, 0.175537109, 0.340638565, 0.664450439, 0.665288272, 0, 0, -0, 0, 0, 0, 0, 0.290440039, 0.0044246582, -0.18567915, 0.0359275012, 0.434806639, -0.899695291, 0.346191406, -0.849975586, -0.396972656, -0.937414967, -0.297120369, -0.181095396, 0, 3, 5, 1, 
921.62877, 66, 0.1, 0.1, 0.0134429513, 0.37203963, -0.0199642391, 0.961490334, -0.274838747, -2.84990758e-005, 0.274838748, 0.961490334, 1.00870893e-005, 2.46292629e-005, -1.75312892e-005, 1, 0.961490379, -0.274838588, -3.48657142e-005, 0.274838589, 0.961490379, 3.16885313e-005, 2.48138176e-005, -4.00506616e-005, 0.999999999, 0, 0, 0, 0, 0, 0, 0, 0.240864453, -0.0365498779, -0.217232544, 0.0857149756, 0.682660128, -0.725660856, -0.936157227, 0.304199219, 0.175537109, 0.340638565, 0.664450439, 0.665288272, 0, 0, -0, 0, 0, 0, 0, 0.290440039, 0.0044246582, -0.18567915, 0.0359275012, 0.434806639, -0.899695291, 0.346191406, -0.849975586, -0.396972656, -0.937414967, -0.297120369, -0.181095396, 0, 3, 5, 1, 
921.629582, 66, 0.1, 0.1, 0.0134429468, 0.372039635, -0.0199623436, 0.961490022, -0.274839839, 8.57102114e-006, 0.274839839, 0.961490022, -1.92216923e-006, -7.71266263e-006, 4.2038046e-006, 1, 0.961490092, -0.274839593, 3.09372186e-005, 0.274839593, 0.961490092, -2.15408596e-005, -2.38255481e-005, 2.92140957e-005, 0.999999999, 0, 0, 0, 0, 0, 0, 0, 0.241620825, -0.0372191162, -0.216807056, 0.0832321127, 0.68256577, -0.72606075, -0.93762207, 0.300415039, 0.174804688, 0.337447646, 0.666195671, 0.665104425, 0, 0, -0, 0, 0, 0, 0, 0.290440039, 0.0044246582, -0.18567915, 0.0355188203, 0.432799682, -0.900736866, 0.350219727, -0.849487305, -0.39440918, -0.935862266, -0.301381819, -0.181695841, 0, 3, 5, 1, 
921.630374, 66, 0.1, 0.1, 0.0134429536, 0.372039627, -0.0199613698, 0.961489725, -0.274840879, 5.06058425e-008, 0.274840879, 0.961489725, 2.09782369e-005, -5.81433407e-006, -2.01564507e-005, 1, 0.961489779, -0.274840689, -3.19438254e-005, 0.27484069, 0.961489778, 3.76770629e-005, 2.03584717e-005, -4.50055739e-005, 0.999999999, 0, 0, 0, 0, 0, 0, 0, 0.241620825, -0.0372191162, -0.216807056, 0.0832321127, 0.68256577, -0.72606075, -0.93762207, 0.300415039, 0.174804688, 0.337447646, 0.666195671, 0.665104425, 0, 0, -0, 0, 0, 0, 0, 0.291115381, 0.00353251953, -0.185090967, 0.0355188203, 0.432799682, -0.900736866, 0.350219727, -0.849487305, -0.39440918, -0.935862266, -0.301381819, -0.181695841, 0, 3, 5, 1, 
921.631165, 66, 0.1, 0.1, 0.0134429529, 0.372039635, -0.0199618691, 0.961489616, -0.27484126, -3.38866683e-005, 0.274841259, 0.961489616, -2.69012543e-005, 3.99752543e-005, 1.65518221e-005, 0.999999999, 0.96148962, -0.274841245, -1.54379215e-005, 0.274841244, 0.96148962, -4.43281414e-005, 2.70266028e-005, 3.83780703e-005, 0.999999999, 0, 0, 0, 0, 0, 0, 0, 0.241620825, -0.0372191162, -0.216807056, 0.0832321127, 0.68256577, -0.72606075, -0.93762207, 0.300415039, 0.174804688, 0.337447646, 0.666195671, 0.665104425, 0, 0, -0, 0, 0, 0, 0, 0.291115381, 0.00353251953, -0.185090967, 0.0355188203, 0.432799682, -0.900736866, 0.350219727, -0.849487305, -0.39440918, -0.935862266, -0.301381819, -0.181695841, 0, 3, 5, 1, 
921.63195, 66, 0.1, 0.1, 0.0134429551, 0.372039629, -0.0199636008, 0.961489732, -0.274840855, 1.58121488e-005, 0.274840855, 0.961489732, 1.39979514e-005, -1.90504276e-005, -9.11306208e-006, 1, 0.961489694, -0.274840987, 9.19633687e-006, 0.274840987, 0.961489694, 3.51601582e-005, -1.85056357e-005, -3.12785995e-005, 0.999999999, 0, 0, 0, 0, 0, 0, 0, 0.241620825, -0.0372191162, -0.216807056, 0.0832321127, 0.68256577, -0.72606075, -0.93762207, 0.300415039, 0.174804688, 0.337447646, 0.666195671, 0.665104425, 0, 0, -0, 0, 0, 0, 0, 0.291115381, 0.00353251953, -0.185090967, 0.0355188203, 0.432799682, -0.900736866, 0.350219727, -0.849487305, -0.39440918, -0.935862266, -0.301381819, -0.181695841, 0, 3, 5, 1, 
921.632737, 66, 0.1, 0.1, 0.0134429561, 0.372039638, -0.0199658947, 0.961489999, -0.274839921, -7.93108249e-006, 0.274839921, 0.961489999, -2.32177893e-005, 1.40068319e-005, 2.01438941e-005, 1, 0.961489941, -0.274840121, -1.47933502e-005, 0.27484012, 0.961489941, -4.67124811e-005, 2.70621213e-005, 4.08477745e-005, 0.999999999, 0, 0, 0, 0, 0, 0, 0, 0.241620825, -0.0372191162, -0.216807056, 0.0832321127, 0.68256577, -0.72606075, -0.93762207, 0.300415039, 0.174804688, 0.337447646, 0.666195671, 0.665104425, 0, 0, -0, 0, 0, 0, 0, 0.291115381, 0.00353251953, -0.185090967, 0.0355188203, 0.432799682, -0.900736866, 0.350219727, -0.849487305, -0.39440918, -0.935862266, -0.301381819, -0.181695841, 0, 3, 5, 1, 
921.633526, 66, 0.1, 0.1, 0.0134429548, 0.372039632, -0.0199679206, 0.961490258, -0.274839015, -1.29380634e-005, 0.274839015, 0.961490258, 9.36796915e-006, 9.86513845e-006, -1.25630957e-005, 1, 0.961490211, -0.274839178, 2.89252939e-006, 0.274839178, 0.961490211, 3.29204669e-005, -1.18289728e-005, -3.08577263e-005, 0.999999999, 0, 0, 0, 0, 0, 0, 0, 0.241620825, -0.0372191162, -0.216807056, 0.0832321127, 0.68256577, -0.72606075, -0.93762207, 0.300415039, 0.174804688, 0.337447646, 0.666195671, 0.665104425, 0, 0, -0, 0, 0, 0, 0, 0.291115381, 0.00353251953, -0.185090967, 0.0355188203, 0.432799682, -0.900736866, 0.350219727, -0.849487305, -0.39440918, -0.935862266, -0.301381819, -0.181695841, 0, 3, 5, 1, 
921.634358, 66, 0.1, 0.1, 0.0134429522, 0.372039638, -0.0199687716, 0.96149036, -0.274838655, 3.34724123e-005, 0.274838655, 0.961490361, 1.00438284e-006, -3.2459445e-005, 8.23380837e-006, 0.999999999, 0.961490355, -0.274838672, 2.77890051e-005, 0.274838672, 0.961490355, -2.24364826e-005, -2.05524473e-005, 2.92099549e-005, 0.999999999, 0, 0, 0, 0, 0, 0, 0, 0.242413818, -0.0381129395, -0.216372778, 0.0814726544, 0.682452316, -0.726301885, -0.938964844, 0.296875, 0.173583984, 0.334142151, 0.667820335, 0.665142617, 0, 0, -0, 0, 0, 0, 0, 0.291115381, 0.00353251953, -0.185090967, 0.034720415, 0.431112086, -0.901510118, 0.354980469, -0.848510742, -0.392089844, -0.934105041, -0.306346158, -0.182513569, 0, 3, 5, 1, 
921.635153, 66, 0.1, 0.1, 0.0134429534, 0.372039631, -0.0199680844, 0.961490262, -0.274838998, -1.95944165e-005, 0.274838998, 0.961490263, 9.59145629e-006, 1.62037344e-005, -1.46074016e-005, 1, 0.961490294, -0.274838887, -2.53251021e-005, 0.274838888, 0.961490294, 2.81580435e-005, 1.66109145e-005, -3.40340084e-005, 0.999999999, 0, 0, 0, 0, 0, 0, 0, 0.242413818, -0.0381129395, -0.216372778, 0.0814726544, 0.682452316, -0.726301885, -0.938964844, 0.296875, 0.173583984, 0.334142151, 0.667820335, 0.665142617, 0, 0, -0, 0, 0, 0, 0, 0.29199248, 0.0028699707, -0.1844896, 0.034720415, 0.431112086, -0.901510118, 0.354980469, -0.848510742, -0.392089844, -0.934105041, -0.306346158, -0.182513569, 0, 3, 5, 1, 
921.635941, 66, 0.1, 0.1, 0.013442948, 0.372039635, -0.0199666248, 0.961490031, -0.274839808, 1.56937591e-005, 0.274839808, 0.961490031, -2.87091577e-006, -1.4300351e-005, 7.07362662e-006, 1, 0.961490081, -0.274839632, 3.39806446e-005, 0.274839633, 0.961490081, -1.91042475e-005, -2.74214483e-005, 2.77077723e-005, 0.999999999, 0, 0, 0, 0, 0, 0, 0, 0.242413818, -0.0381129395, -0.216372778, 0.0814726544, 0.682452316, -0.726301885, -0.938964844, 0.296875, 0.173583984, 0.334142151, 0.667820335, 0.665142617, 0, 0, -0, 0, 0, 0, 0, 0.29199248, 0.0028699707, -0.1844896, 0.034720415, 0.431112086, -0.901510118, 0.354980469, -0.848510742, -0.392089844, -0.934105041, -0.306346158, -0.182513569, 0, 3, 5, 1, 
921.636728, 66, 0.1, 0.1, 0.0134429522, 0.372039629, -0.0199649529, 0.961489802, -0.27484061, 8.14816012e-006, 0.27484061, 0.961489802, 1.82425187e-005, -1.28481578e-005, -1.53005504e-005, 1, 0.961489843, -0.274840465, -2.0425118e-005, 0.274840465, 0.961489843, 3.28643766e-005, 1.0606083e-005, -3.72124132e-005, 0.999999999, 0, 0, 0, 0, 0, 0, 0, 0.242413818, -0.0381129395, -0.216372778, 0.0814726544, 0.682452316, -0.726301885, -0.938964844, 0.296875, 0.173583984, 0.334142151, 0.667820335, 0.665142617, 0, 0, -0, 0, 0, 0, 0, 0.29199248, 0.0028699707, -0.1844896, 0.034720415, 0.431112086, -0.901510118, 0.354980469, -0.848510742, -0.392089844, -0.934105041, -0.306346158, -0.182513569, 0, 3, 5, 1, 
921.637516, 66, 0.1, 0.1, 0.0134429504, 0.372039636, -0.0199636192, 0.961489739, -0.274840828, -2.9326807e-005, 0.274840827, 0.961489739, -2.35033296e-005, 3.46570986e-005, 1.45380064e-005, 0.999999999, 0.961489736, -0.274840842, -1.11434122e-005, 0.274840841, 0.961489735, -4.03971584e-005, 2.18170654e-005, 3.57787883e-005, 0.999999999, 0, 0, 0, 0, 0, 0, 0, 0.242413818, -0.0381129395, -0.216372778, 0.0814726544, 0.682452316, -0.726301885, -0.938964844, 0.296875, 0.173583984, 0.334142151, 0.667820335, 0.665142617, 0, 0, -0, 0, 0, 0, 0, 0.29199248, 0.0028699707, -0.1844896, 0.034720415, 0.431112086, -0.901510118, 0.354980469, -0.848510742, -0.392089844, -0.934105041, -0.306346158, -0.182513569, 0, 3, 5, 1, 
921.638305, 66, 0.1, 0.1, 0.0134429521, 0.37203963, -0.0199630631, 0.961489891, -0.274840296, 1.61908655e-005, 0.274840296, 0.961489891, 1.48963425e-005, -1.96614687e-005, -9.8727805e-006, 1, 0.961489848, -0.274840449, 1.06784777e-005, 0.274840449, 0.961489847, 3.6810937e-005, -2.03843823e-005, -3.24584646e-005, 0.999999999, 0, 0, 0, 0, 0, 0, 0, 0.242413818, -0.0381129395, -0.216372778, 0.0814726544, 0.682452316, -0.726301885, -0.938964844, 0.296875, 0.173583984, 0.334142151, 0.667820335, 0.665142617, 0, 0, -0, 0, 0, 0, 0, 0.29199248, 0.0028699707, -0.1844896, 0.034720415, 0.431112086, -0.901510118, 0.354980469, -0.848510742, -0.392089844, -0.934105041, -0.306346158, -0.182513569, 0, 3, 5, 1, 
921.639127, 66, 0.1, 0.1, 0.0134429541, 0.372039639, -0.0199632573, 0.961490207, -0.274839193, -1.23416328e-005, 0.274839192, 0.961490207, -1.85002923e-005, 1.69509645e-005, 1.43958855e-005, 1, 0.961490135, -0.274839443, -1.99834399e-005, 0.274839442, 0.961490135, -4.66576742e-005, 3.20372496e-005, 3.93686559e-005, 0.999999999, 0, 0, 0, 0, 0, 0, 0, 0.242904834, -0.038749585, -0.216143433, 0.0781207321, 0.683024074, -0.726181317, -0.940063477, 0.29296875, 0.174194336, 0.331706837, 0.669089289, 0.665123521, 0, 0, -0, 0, 0, 0, 0, 0.29199248, 0.0028699707, -0.1844896, 0.0310211311, 0.429596931, -0.902334043, 0.359008789, -0.847290039, -0.391113281, -0.932775453, -0.311783344, -0.180513541, 0, 3, 5, 1, 
921.639918, 66, 0.1, 0.1, 0.0134429536, 0.372039631, -0.0199638637, 0.961490503, -0.274838155, -1.8510453e-005, 0.274838155, 0.961490503, 1.03678274e-005, 1.49481502e-005, -1.50559463e-005, 1, 0.961490449, -0.274838345, -6.96066112e-007, 0.274838345, 0.961490449, 3.83604916e-005, -9.87367312e-006, -3.7074552e-005, 0.999999999, 0, 0, 0, 0, 0, 0, 0, 0.242904834, -0.038749585, -0.216143433, 0.0781207321, 0.683024074, -0.726181317, -0.940063477, 0.29296875, 0.174194336, 0.331706837, 0.669089289, 0.665123521, 0, 0, -0, 0, 0, 0, 0, 0.292222168, 0.00265537109, -0.184725293, 0.0310211311, 0.429596931, -0.902334043, 0.359008789, -0.847290039, -0.391113281, -0.932775453, -0.311783344, -0.180513541, 0, 3, 5, 1, 
921.640706, 66, 0.1, 0.1, 0.013442952, 0.372039638, -0.0199649772, 0.96149062, -0.274837746, 3.26152709e-005, 0.274837746, 0.96149062, -6.54441941e-006, -2.95606236e-005, 1.52563054e-005, 0.999999999, 0.961490613, -0.27483777, 2.6133259e-005, 0.274837771, 0.961490613, -2.98336183e-005, -1.69274781e-005, 3.58671506e-005, 0.999999999, 0, 0, 0, 0, 0, 0, 0, 0.242904834, -0.038749585, -0.216143433, 0.0781207321, 0.683024074, -0.726181317, -0.940063477, 0.29296875, 0.174194336, 0.331706837, 0.669089289, 0.665123521, 0, 0, -0, 0, 0, 0, 0, 0.292222168, 0.00265537109, -0.184725293, 0.0310211311, 0.429596931, -0.902334043, 0.359008789, -0.847290039, -0.391113281, -0.932775453, -0.311783344, -0.180513541, 0, 3, 5, 1, 
921.64152, 66, 0.1, 0.1, 0.0134429538, 0.372039632, -0.0199661442, 0.96149052, -0.274838098, -2.21648386e-005, 0.274838099, 0.96149052, 3.16486369e-006, 2.0441457e-005, -9.13472852e-006, 1, 0.961490555, -0.274837974, -2.89055643e-005, 0.274837975, 0.961490555, 2.40466461e-005, 2.11834956e-005, -3.10649699e-005, 0.999999999, 0, 0, 0, 0, 0, 0, 0, 0.243226074, -0.0396834473, -0.216200928, 0.0757655498, 0.68210484, -0.727235345, -0.940795898, 0.290405273, 0.174316406, 0.33010239, 0.671088761, 0.663930951, 0, 0, -0, 0, 0, 0, 0, 0.292222168, 0.00265537109, -0.184725293, 0.0280757765, 0.427238528, -0.903656334, 0.362060547, -0.846923828, -0.389160156, -0.93161211, -0.316204474, -0.178443151, 0, 3, 5, 1, 
921.642312, 66, 0.1, 0.1, 0.0134429482, 0.372039638, -0.0199667211, 0.961490278, -0.274838943, 1.87191292e-005, 0.274838944, 0.961490278, -9.80491243e-006, -1.53034889e-005, 1.45720737e-005, 1, 0.96149033, -0.27483876, 3.61163225e-005, 0.274838761, 0.96149033, -2.641667e-005, -2.746517e-005, 3.53255381e-005, 0.999999999, 0, 0, 0, 0, 0, 0, 0, 0.243226074, -0.0396834473, -0.216200928, 0.0757655498, 0.68210484, -0.727235345, -0.940795898, 0.290405273, 0.174316406, 0.33010239, 0.671088761, 0.663930951, 0, 0, -0, 0, 0, 0, 0, 0.292498242, 0.00173662109, -0.18499248, 0.0280757765, 0.427238528, -0.903656334, 0.362060547, -0.846923828, -0.389160156, -0.93161211, -0.316204474, -0.178443151, 0, 3, 5, 1, 
921.643098, 66, 0.1, 0.1, 0.0134429516, 0.372039633, -0.0199668987, 0.961490041, -0.274839774, 9.6336428e-006, 0.274839774, 0.961490041, 1.73094021e-005, -1.40199638e-005, -1.39951096e-005, 1, 0.961490083, -0.274839627, -1.70534439e-005, 0.274839627, 0.961490082, 2.97403116e-005, 8.22290103e-006, -3.32819768e-005, 0.999999999, 0, 0, 0, 0, 0, 0, 0, 0.243226074, -0.0396834473, -0.216200928, 0.0757655498, 0.68210484, -0.727235345, -0.940795898, 0.290405273, 0.174316406, 0.33010239, 0.671088761, 0.663930951, 0, 0, -0, 0, 0, 0, 0, 0.292498242, 0.00173662109, -0.18499248, 0.0280757765, 0.427238528, -0.903656334, 0.362060547, -0.846923828, -0.389160156, -0.93161211, -0.316204474, -0.178443151, 0, 3, 5, 1, 
921.643993, 66, 0.1, 0.1, 0.0134429511, 0.372039638, -0.0199660783, 0.961489971, -0.274840016, -3.68350302e-005, 0.274840016, 0.961489972, -6.20706164e-006, 3.71224611e-005, -4.15571279e-006, 0.999999999, 0.961489962, -0.274840049, -9.33214801e-006, 0.274840048, 0.961489962, -3.30773012e-005, 1.80637337e-005, 2.92386451e-005, 0.999999999, 0, 0, 0, 0, 0, 0, 0, 0.243226074, -0.0396834473, -0.216200928, 0.0757655498, 0.68210484, -0.727235345, -0.940795898, 0.290405273, 0.174316406, 0.33010239, 0.671088761, 0.663930951, 0, 0, -0, 0, 0, 0, 0, 0.292498242, 0.00173662109, -0.18499248, 0.0280757765, 0.427238528, -0.903656334, 0.362060547, -0.846923828, -0.389160156, -0.93161211, -0.316204474, -0.178443151, 0, 3, 5, 1, 
