time, trialNum, realDorsalTactorPos, realVentralTactorPos, boxPosX, boxPosY, boxPosZ, boxLocalRot_11, boxLocalRot_12, boxLocalRot_13, boxLocalRot_21, boxLocalRot_22, boxLocalRot_23, boxLocalRot_31, boxLocalRot_32, boxLocalRot_33, boxGlobalRot_11, boxGlobalRot_12, boxGlobalRot_13, boxGlobalRot_21, boxGlobalRot_22, boxGlobalRot_23, boxGlobalRot_31, boxGlobalRot_32, boxGlobalRot_33, indexForceX, indexForceY, indexForceZ, indexForceGlobalX, indexForceGlobalY, indexForceGlobalZ, indexContact, indexPosX, indexPosY, indexPosZ, indexRot_11, indexRot_12, indexRot_13, indexRot_21, indexRot_22, indexRot_23, indexRot_31, indexRot_32, indexRot_33, thumbForceX, thumbForceY, thumbForceZ, thumbForceGlobalX, thumbForceGlobalY, thumbForceGlobalZ, thumbContact, thumbPosX, thumbPosY, thumbPosZ, thumbRot_11, thumbRot_12, thumbRot_13, thumbRot_21, thumbRot_22, thumbRot_23, thumbRot_31, thumbRot_32, thumbRot_33, manipForceTooHigh, cceExpType, mapping, trialSuccess, 
568.599885, 39, 0.1, 0.1, -0.00556806544, 0.37167521, -0.0199673789, 0.946210121, -8.30894716e-005, 0.323552777, 0.323552779, 1.05182649e-005, -0.946210124, 7.52168854e-005, 0.999999996, 3.68363182e-005, 0.94621008, -7.23432246e-005, 0.323552902, 0.323552903, 1.2960272e-005, -0.946210082, 6.42585548e-005, 0.999999997, 3.56700004e-005, 0, 0, 0, 0, 0, 0, 0, 0.321620532, -0.133442187, -0.185543481, -0.0800161039, 0.688294189, -0.720925021, -0.966430664, 0.123413086, 0.225097656, 0.243913815, 0.714848744, 0.655392386, 0, 0, 0, 0, 0, 0, 0, 0.351380762, -0.0977192383, -0.159558252, -0.0910968152, 0.163428054, -0.982312001, 0.405395508, -0.894897461, -0.186401367, -0.90952421, -0.415122844, 0.0152015634, 0, 3, 1, 1, 
568.639498, 39, 0.1, 0.1, -0.00556806123, 0.371675214, -0.0199686957, 0.946218685, 4.37960962e-006, 0.323527743, 0.323527743, 6.60313627e-006, -0.946218685, -6.28036623e-006, 1, 4.8310857e-006, 0.946218685, -7.24771284e-006, 0.323527742, 0.323527742, 8.97996971e-006, -0.946218685, 3.95265199e-006, 1, 1.08418513e-005, 0, 0, 0, 0, 0, 0, 0, 0.336674927, -0.147396631, -0.176955908, -0.140337218, 0.680737372, -0.718900462, -0.971923828, 0.0434570312, 0.230957031, 0.188458383, 0.731123842, 0.655689687, 0, 0, 0, 0, 0, 0, 0, 0.362519922, -0.113307861, -0.152122119, -0.125501906, 0.111472463, -0.985795066, 0.502319336, -0.849609375, -0.16003418, -0.855451257, -0.515218226, 0.0506763499, 0, 3, 1, 1, 
568.640205, 39, 0.1, 0.1, -0.00556806191, 0.371675215, -0.0199690415, 0.946218733, 1.53907824e-006, 0.323527603, 0.323527603, 9.8969538e-006, -0.946218732, -4.6582424e-006, 1, 8.86674879e-006, 0.946218722, 3.55318431e-006, 0.323527633, 0.323527633, 5.34400155e-006, -0.946218722, -5.0910217e-006, 1, 3.90704101e-006, 0, 0, 0, 0, 0, 0, 0, 0.33756626, -0.147343042, -0.176588501, -0.14873612, 0.681803383, -0.716208665, -0.971923828, 0.0327148437, 0.232910156, 0.182249531, 0.730831411, 0.657858779, 0, 0, 0, 0, 0, 0, 0, 0.362519922, -0.113307861, -0.152122119, -0.125501906, 0.111472463, -0.985795066, 0.502319336, -0.849609375, -0.16003418, -0.855451257, -0.515218226, 0.0506763499, 0, 3, 1, 1, 
568.640908, 39, 0.1, 0.1, -0.00556806198, 0.371675216, -0.0199694702, 0.946218737, -7.20983157e-006, 0.32352759, 0.32352759, 4.27426831e-006, -0.946218737, 5.439234e-006, 1, 6.3769722e-006, 0.946218741, 6.72352647e-006, 0.323527578, 0.323527578, -7.03114706e-006, -0.946218741, -4.08715678e-006, 1, -8.82824936e-006, 0, 0, 0, 0, 0, 0, 0, 0.33756626, -0.147343042, -0.176588501, -0.14873612, 0.681803383, -0.716208665, -0.971923828, 0.0327148437, 0.232910156, 0.182249531, 0.730831411, 0.657858779, 0, 0, 0, 0, 0, 0, 0, 0.362519922, -0.113307861, -0.152122119, -0.125501906, 0.111472463, -0.985795066, 0.502319336, -0.849609375, -0.16003418, -0.855451257, -0.515218226, 0.0506763499, 0, 3, 1, 1, 
568.641637, 39, 0.1, 0.1, -0.00556806148, 0.371675216, -0.0199697494, 0.946218757, -5.97004615e-006, 0.323527532, 0.323527532, -7.30817473e-006, -0.946218757, 8.01336539e-006, 1, -4.98365771e-006, 0.946218747, -4.14341833e-006, 0.323527562, 0.323527562, -1.31052006e-005, -0.946218747, 8.16047372e-006, 1, -1.10598765e-005, 0, 0, 0, 0, 0, 0, 0, 0.33756626, -0.147343042, -0.176588501, -0.14873612, 0.681803383, -0.716208665, -0.971923828, 0.0327148437, 0.232910156, 0.182249531, 0.730831411, 0.657858779, 0, 0, 0, 0, 0, 0, 0, 0.362519922, -0.113307861, -0.152122119, -0.125501906, 0.111472463, -0.985795066, 0.502319336, -0.849609375, -0.16003418, -0.855451257, -0.515218226, 0.0506763499, 0, 3, 1, 1, 
568.642356, 39, 0.1, 0.1, -0.00556806111, 0.371675216, -0.0199695916, 0.946218788, 7.5084774e-006, 0.323527442, 0.323527442, -7.42973654e-006, -0.946218788, -4.70093873e-006, 1, -9.45935479e-006, 0.94621879, -4.23901888e-006, 0.323527436, 0.323527436, -6.58691983e-006, -0.94621879, 6.1420886e-006, 1, -4.8612284e-006, 0, 0, 0, 0, 0, 0, 0, 0.338916406, -0.147552734, -0.175809155, -0.156824616, 0.682063614, -0.714176993, -0.971923828, 0.021484375, 0.233886719, 0.174879187, 0.730913786, 0.659761649, 0, 0, 0, 0, 0, 0, 0, 0.362519922, -0.113307861, -0.152122119, -0.128555169, 0.107266784, -0.985858498, 0.511108398, -0.844604492, -0.158569336, -0.849757775, -0.52425225, 0.0536155079, 0, 3, 1, 1, 
568.643081, 39, 0.1, 0.1, -0.00556806106, 0.371675214, -0.0199688254, 0.946218773, 6.32599952e-006, 0.323527486, 0.323527486, -2.16155997e-006, -0.946218773, -5.28645544e-006, 1, -4.09194334e-006, 0.946218771, 1.76288094e-006, 0.323527492, 0.323527492, 1.19423615e-005, -0.94621877, -5.5317533e-006, 1, 1.07297462e-005, 0, 0, 0, 0, 0, 0, 0, 0.338916406, -0.147552734, -0.175809155, -0.156824616, 0.682063614, -0.714176993, -0.971923828, 0.021484375, 0.233886719, 0.174879187, 0.730913786, 0.659761649, 0, 0, 0, 0, 0, 0, 0, 0.363330615, -0.113999365, -0.151618018, -0.128555169, 0.107266784, -0.985858498, 0.511108398, -0.844604492, -0.158569336, -0.849757775, -0.52425225, 0.0536155079, 0, 3, 1, 1, 
568.643782, 39, 0.1, 0.1, -0.00556806078, 0.371675213, -0.0199683737, 0.946218813, -6.45498533e-006, 0.323527369, 0.32352737, 7.43764768e-006, -0.946218812, 3.70154596e-006, 1, 9.12600658e-006, 0.946218806, 6.14937897e-007, 0.323527389, 0.323527389, 1.63272684e-005, -0.946218806, -5.8641843e-006, 1, 1.52502191e-005, 0, 0, 0, 0, 0, 0, 0, 0.338916406, -0.147552734, -0.175809155, -0.156824616, 0.682063614, -0.714176993, -0.971923828, 0.021484375, 0.233886719, 0.174879187, 0.730913786, 0.659761649, 0, 0, 0, 0, 0, 0, 0, 0.363330615, -0.113999365, -0.151618018, -0.128555169, 0.107266784, -0.985858498, 0.511108398, -0.844604492, -0.158569336, -0.849757775, -0.52425225, 0.0536155079, 0, 3, 1, 1, 
568.644482, 39, 0.1, 0.1, -0.00556806105, 0.371675214, -0.0199683178, 0.946218796, -6.47894975e-006, 0.323527419, 0.323527419, 1.01689194e-005, -0.946218796, 2.84057977e-006, 1, 1.17181406e-005, 0.9462188, -5.27855549e-006, 0.323527405, 0.323527405, 5.96791215e-006, -0.9462188, 3.06388531e-006, 1, 7.35470804e-006, 0, 0, 0, 0, 0, 0, 0, 0.338916406, -0.147552734, -0.175809155, -0.156824616, 0.682063614, -0.714176993, -0.971923828, 0.021484375, 0.233886719, 0.174879187, 0.730913786, 0.659761649, 0, 0, 0, 0, 0, 0, 0, 0.363330615, -0.113999365, -0.151618018, -0.128555169, 0.107266784, -0.985858498, 0.511108398, -0.844604492, -0.158569336, -0.849757775, -0.52425225, 0.0536155079, 0, 3, 1, 1, 
568.645175, 39, 0.1, 0.1, -0.0055680619, 0.371675214, -0.0199685836, 0.946218818, 4.05755416e-006, 0.323527355, 0.323527355, 7.13554674e-006, -0.946218818, -6.14787866e-006, 1, 5.43905884e-006, 0.946218808, -1.23128453e-007, 0.323527382, 0.323527382, -9.81740385e-006, -0.946218808, 3.29270542e-006, 1, -9.24957675e-006, 0, 0, 0, 0, 0, 0, 0, 0.338916406, -0.147552734, -0.175809155, -0.156824616, 0.682063614, -0.714176993, -0.971923828, 0.021484375, 0.233886719, 0.174879187, 0.730913786, 0.659761649, 0, 0, 0, 0, 0, 0, 0, 0.363330615, -0.113999365, -0.151618018, -0.128555169, 0.107266784, -0.985858498, 0.511108398, -0.844604492, -0.158569336, -0.849757775, -0.52425225, 0.0536155079, 0, 3, 1, 1, 
568.645881, 39, 0.1, 0.1, -0.00556806235, 0.371675215, -0.0199690687, 0.946218823, 7.0934987e-006, 0.323527337, 0.323527338, -6.76225137e-006, -0.946218823, -4.52422881e-006, 1, -8.69351029e-006, 0.946218829, 9.17112476e-006, 0.323527323, 0.323527323, -1.20641223e-005, -0.946218828, -4.77481773e-006, 1, -1.43824091e-005, 0, 0, 0, 0, 0, 0, 0, 0.338916406, -0.147552734, -0.175809155, -0.156824616, 0.682063614, -0.714176993, -0.971923828, 0.021484375, 0.233886719, 0.174879187, 0.730913786, 0.659761649, 0, 0, 0, 0, 0, 0, 0, 0.363330615, -0.113999365, -0.151618018, -0.128555169, 0.107266784, -0.985858498, 0.511108398, -0.844604492, -0.158569336, -0.849757775, -0.52425225, 0.0536155079, 0, 3, 1, 1, 
568.646579, 39, 0.1, 0.1, -0.00556806197, 0.371675215, -0.0199696553, 0.946218815, -2.00146567e-006, 0.323527363, 0.323527363, -1.31725132e-005, -0.946218815, 6.15549295e-006, 1, -1.18165509e-005, 0.946218809, 5.79850794e-006, 0.323527379, 0.323527379, -6.28376225e-006, -0.946218809, -3.45368815e-006, 1, -7.82179011e-006, 0, 0, 0, 0, 0, 0, 0, 0.338916406, -0.147552734, -0.175809155, -0.156824616, 0.682063614, -0.714176993, -0.971923828, 0.021484375, 0.233886719, 0.174879187, 0.730913786, 0.659761649, 0, 0, 0, 0, 0, 0, 0, 0.363330615, -0.113999365, -0.151618018, -0.128555169, 0.107266784, -0.985858498, 0.511108398, -0.844604492, -0.158569336, -0.849757775, -0.52425225, 0.0536155079, 0, 3, 1, 1, 
568.647285, 39, 0.1, 0.1, -0.00556806128, 0.371675214, -0.019970122, 0.946218844, -3.93454489e-006, 0.323527279, 0.323527279, -7.95615872e-006, -0.946218844, 6.2969749e-006, 1, -6.2553347e-006, 0.946218843, -8.88941138e-006, 0.323527281, 0.323527281, 5.09203097e-006, -0.946218843, 6.76391762e-006, 1, 7.69414275e-006, 0, 0, 0, 0, 0, 0, 0, 0.339728662, -0.148683228, -0.174865405, -0.16253172, 0.6817592, -0.713218445, -0.971679687, 0.0145263672, 0.235351563, 0.170839426, 0.731332777, 0.660351381, 0, 0, 0, 0, 0, 0, 0, 0.363330615, -0.113999365, -0.151618018, -0.128555169, 0.107266784, -0.985858498, 0.511108398, -0.844604492, -0.158569336, -0.849757775, -0.52425225, 0.0536155079, 0, 3, 1, 1, 
568.648002, 39, 0.1, 0.1, -0.00556806154, 0.371675214, -0.0199700352, 0.946218814, 2.90349756e-006, 0.323527364, 0.323527364, 9.33444142e-006, -0.946218814, -5.76729125e-006, 1, 7.89306318e-006, 0.946218819, -7.61219442e-006, 0.323527351, 0.323527351, 1.11482556e-005, -0.946218819, 3.596036e-006, 1, 1.30114424e-005, 0, 0, 0, 0, 0, 0, 0, 0.339728662, -0.148683228, -0.174865405, -0.16253172, 0.6817592, -0.713218445, -0.971679687, 0.0145263672, 0.235351563, 0.170839426, 0.731332777, 0.660351381, 0, 0, 0, 0, 0, 0, 0, 0.363661377, -0.115133447, -0.150868701, -0.131908838, 0.102665183, -0.985902608, 0.518554688, -0.840454102, -0.156860352, -0.844709581, -0.531854975, 0.0575386385, 0, 3, 1, 1, 
568.648699, 39, 0.1, 0.1, -0.00556806199, 0.371675213, -0.019969837, 0.946218839, 1.49093071e-006, 0.323527293, 0.323527293, 1.47360506e-005, -0.946218839, -6.17826128e-006, 1, 1.34611719e-005, 0.946218833, 2.92197611e-006, 0.32352731, 0.32352731, 1.06557376e-005, -0.946218833, -6.21225094e-006, 1, 9.13732051e-006, 0, 0, 0, 0, 0, 0, 0, 0.339728662, -0.148683228, -0.174865405, -0.16253172, 0.6817592, -0.713218445, -0.971679687, 0.0145263672, 0.235351563, 0.170839426, 0.731332777, 0.660351381, 0, 0, 0, 0, 0, 0, 0, 0.363661377, -0.115133447, -0.150868701, -0.131908838, 0.102665183, -0.985902608, 0.518554688, -0.840454102, -0.156860352, -0.844709581, -0.531854975, 0.0575386385, 0, 3, 1, 1, 
568.649397, 39, 0.1, 0.1, -0.00556806223, 0.371675214, -0.0199696152, 0.946218826, -5.54775048e-006, 0.323527331, 0.323527331, 7.25623068e-006, -0.946218826, 2.901797e-006, 1, 8.66083098e-006, 0.946218833, 7.99749095e-006, 0.32352731, 0.32352731, -3.10427597e-006, -0.946218833, -6.5630585e-006, 1, -5.52473111e-006, 0, 0, 0, 0, 0, 0, 0, 0.339728662, -0.148683228, -0.174865405, -0.16253172, 0.6817592, -0.713218445, -0.971679687, 0.0145263672, 0.235351563, 0.170839426, 0.731332777, 0.660351381, 0, 0, 0, 0, 0, 0, 0, 0.363661377, -0.115133447, -0.150868701, -0.131908838, 0.102665183, -0.985902608, 0.518554688, -0.840454102, -0.156860352, -0.844709581, -0.531854975, 0.0575386385, 0, 3, 1, 1, 
568.650102, 39, 0.1, 0.1, -0.00556806231, 0.371675214, -0.0199692942, 0.946218828, -2.10320212e-006, 0.323527324, 0.323527324, -7.99986311e-006, -0.946218828, 4.57826375e-006, 1, -6.88917774e-006, 0.946218821, -4.83594949e-007, 0.323527343, 0.323527343, -1.2870968e-005, -0.946218821, 4.62169674e-006, 1, -1.2022296e-005, 0, 0, 0, 0, 0, 0, 0, 0.339728662, -0.148683228, -0.174865405, -0.16253172, 0.6817592, -0.713218445, -0.971679687, 0.0145263672, 0.235351563, 0.170839426, 0.731332777, 0.660351381, 0, 0, 0, 0, 0, 0, 0, 0.364308154, -0.116254102, -0.149929834, -0.133754648, 0.0981467044, -0.986061922, 0.525756836, -0.836425781, -0.154541016, -0.839993875, -0.539080735, 0.0602222335, 0, 3, 1, 1, 
568.650802, 39, 0.1, 0.1, -0.00556806241, 0.371675214, -0.0199689854, 0.946218844, 8.46606451e-006, 0.323527276, 0.323527276, -1.08797269e-005, -0.946218844, -4.49086138e-006, 1, -1.30336054e-005, 0.946218849, -2.0245948e-006, 0.323527264, 0.323527264, -9.71882171e-006, -0.946218849, 5.06001356e-006, 1, -8.54112067e-006, 0, 0, 0, 0, 0, 0, 0, 0.339728662, -0.148683228, -0.174865405, -0.16253172, 0.6817592, -0.713218445, -0.971679687, 0.0145263672, 0.235351563, 0.170839426, 0.731332777, 0.660351381, 0, 0, 0, 0, 0, 0, 0, 0.364308154, -0.116254102, -0.149929834, -0.133754648, 0.0981467044, -0.986061922, 0.525756836, -0.836425781, -0.154541016, -0.839993875, -0.539080735, 0.0602222335, 0, 3, 1, 1, 
568.651504, 39, 0.1, 0.1, -0.00556806243, 0.371675213, -0.019968856, 0.946218822, 6.69316858e-006, 0.323527341, 0.323527341, -7.40906244e-006, -0.946218822, -3.93616782e-006, 1, -9.17601737e-006, 0.946218822, 2.0503257e-006, 0.323527343, 0.323527343, 7.41178378e-006, -0.946218822, -4.33797148e-006, 1, 6.34983289e-006, 0, 0, 0, 0, 0, 0, 0, 0.339728662, -0.148683228, -0.174865405, -0.16253172, 0.6817592, -0.713218445, -0.971679687, 0.0145263672, 0.235351563, 0.170839426, 0.731332777, 0.660351381, 0, 0, 0, 0, 0, 0, 0, 0.364308154, -0.116254102, -0.149929834, -0.133754648, 0.0981467044, -0.986061922, 0.525756836, -0.836425781, -0.154541016, -0.839993875, -0.539080735, 0.0602222335, 0, 3, 1, 1, 
568.652209, 39, 0.1, 0.1, -0.00556806195, 0.371675213, -0.019968883, 0.946218855, -8.53777142e-006, 0.323527244, 0.323527244, 3.23505346e-006, -0.946218855, 7.03197237e-006, 1, 5.82327024e-006, 0.94621885, -4.49778189e-007, 0.32352726, 0.32352726, 1.19887181e-005, -0.94621885, -3.4530885e-006, 1, 1.14894665e-005, 0, 0, 0, 0, 0, 0, 0, 0.339728662, -0.148683228, -0.174865405, -0.167852035, 0.681131275, -0.712678888, -0.971679687, 0.00756835937, 0.236083984, 0.166120444, 0.73205019, 0.6606367, 0, 0, 0, 0, 0, 0, 0, 0.364308154, -0.116254102, -0.149929834, -0.133754648, 0.0981467044, -0.986061922, 0.525756836, -0.836425781, -0.154541016, -0.839993875, -0.539080735, 0.0602222335, 0, 3, 1, 1, 
568.65291, 39, 0.1, 0.1, -0.0055680618, 0.371675214, -0.0199689472, 0.946218832, -8.80295392e-006, 0.323527313, 0.323527313, 1.04895072e-005, -0.946218832, 4.93587872e-006, 1, 1.27733652e-005, 0.946218838, -7.49307179e-006, 0.323527296, 0.323527296, 5.67194245e-006, -0.946218838, 5.25505748e-006, 1, 7.79111205e-006, 0, 0, 0, 0, 0, 0, 0, 0.340335376, -0.150052588, -0.173720752, -0.167852035, 0.681131275, -0.712678888, -0.971679687, 0.00756835937, 0.236083984, 0.166120444, 0.73205019, 0.6606367, 0, 0, 0, 0, 0, 0, 0, 0.364308154, -0.116254102, -0.149929834, -0.133754648, 0.0981467044, -0.986061922, 0.525756836, -0.836425781, -0.154541016, -0.839993875, -0.539080735, 0.0602222335, 0, 3, 1, 1, 
568.653614, 39, 0.1, 0.1, -0.00556806209, 0.371675214, -0.0199691635, 0.946218848, 1.61395687e-006, 0.323527267, 0.323527267, 1.13839436e-005, -0.946218848, -5.21017256e-006, 1, 1.02495429e-005, 0.94621884, -2.72984775e-006, 0.32352729, 0.32352729, -5.89985827e-006, -0.94621884, 4.49179853e-006, 1, -4.6993768e-006, 0, 0, 0, 0, 0, 0, 0, 0.340335376, -0.150052588, -0.173720752, -0.167852035, 0.681131275, -0.712678888, -0.971679687, 0.00756835937, 0.236083984, 0.166120444, 0.73205019, 0.6606367, 0, 0, 0, 0, 0, 0, 0, 0.364308154, -0.116254102, -0.149929834, -0.133754648, 0.0981467044, -0.986061922, 0.525756836, -0.836425781, -0.154541016, -0.839993875, -0.539080735, 0.0602222335, 0, 3, 1, 1, 
568.654308, 39, 0.1, 0.1, -0.00556806241, 0.371675213, -0.0199694593, 0.946218849, 7.05209153e-006, 0.323527264, 0.323527264, -1.4253256e-006, -0.946218849, -6.21169024e-006, 1, -3.63021383e-006, 0.946218855, 8.76834655e-006, 0.323527246, 0.323527246, -6.44842449e-006, -0.946218855, -6.21053381e-006, 1, -8.93841985e-006, 0, 0, 0, 0, 0, 0, 0, 0.340335376, -0.150052588, -0.173720752, -0.167852035, 0.681131275, -0.712678888, -0.971679687, 0.00756835937, 0.236083984, 0.166120444, 0.73205019, 0.6606367, 0, 0, 0, 0, 0, 0, 0, 0.364308154, -0.116254102, -0.149929834, -0.133754648, 0.0981467044, -0.986061922, 0.525756836, -0.836425781, -0.154541016, -0.839993875, -0.539080735, 0.0602222335, 0, 3, 1, 1, 
568.655038, 39, 0.1, 0.1, -0.00556806206, 0.371675212, -0.0199695338, 0.946218836, -1.48927428e-006, 0.323527301, 0.323527301, -1.09138174e-005, -0.946218836, 4.94009726e-006, 1, -9.84503871e-006, 0.94621883, 6.88518182e-006, 0.323527318, 0.323527318, -2.44487222e-006, -0.94621883, -5.72390574e-006, 1, -4.54092854e-006, 0, 0, 0, 0, 0, 0, 0, 0.341207813, -0.151874536, -0.172803369, -0.17246692, 0.680382783, -0.712196618, -0.971313477, 0.00256347656, 0.237670898, 0.163514388, 0.732786699, 0.660560316, 0, 0, 0, 0, 0, 0, 0, 0.364308154, -0.116254102, -0.149929834, -0.137261802, 0.0943504388, -0.98598463, 0.53137207, -0.833007813, -0.153686523, -0.835821011, -0.545003161, 0.0641581239, 0, 3, 1, 1, 
568.655741, 39, 0.1, 0.1, -0.00556806161, 0.371675212, -0.0199693743, 0.946218863, -2.36761975e-006, 0.323527221, 0.323527221, -9.03805834e-006, -0.946218863, 5.16434437e-006, 1, -7.78599186e-006, 0.946218863, -7.49274459e-006, 0.323527222, 0.323527222, 4.9500638e-006, -0.946218863, 5.48829588e-006, 1, 7.10795058e-006, 0, 0, 0, 0, 0, 0, 0, 0.341207813, -0.151874536, -0.172803369, -0.17246692, 0.680382783, -0.712196618, -0.971313477, 0.00256347656, 0.237670898, 0.163514388, 0.732786699, 0.660560316, 0, 0, 0, 0, 0, 0, 0, 0.364610352, -0.117746045, -0.149172217, -0.137261802, 0.0943504388, -0.98598463, 0.53137207, -0.833007813, -0.153686523, -0.835821011, -0.545003161, 0.0641581239, 0, 3, 1, 1, 
568.656462, 39, 0.1, 0.1, -0.00556806189, 0.371675212, -0.0199691941, 0.946218836, 4.78115046e-006, 0.323527302, 0.323527302, 5.59595432e-006, -0.946218836, -6.33445863e-006, 1, 3.74816468e-006, 0.946218841, -8.05058559e-006, 0.323527288, 0.323527288, 8.31385604e-006, -0.94621884, 4.92785647e-006, 1, 1.04713113e-005, 0, 0, 0, 0, 0, 0, 0, 0.341207813, -0.151874536, -0.172803369, -0.17246692, 0.680382783, -0.712196618, -0.971313477, 0.00256347656, 0.237670898, 0.163514388, 0.732786699, 0.660560316, 0, 0, 0, 0, 0, 0, 0, 0.364610352, -0.117746045, -0.149172217, -0.137261802, 0.0943504388, -0.98598463, 0.53137207, -0.833007813, -0.153686523, -0.835821011, -0.545003161, 0.0641581239, 0, 3, 1, 1, 
568.657152, 39, 0.1, 0.1, -0.00556806254, 0.371675213, -0.0199689441, 0.946218863, 1.61421158e-006, 0.323527221, 0.323527221, 1.03668489e-005, -0.946218863, -4.88135526e-006, 1, 9.28706661e-006, 0.946218857, 3.64380457e-006, 0.32352724, 0.32352724, 5.9393392e-006, -0.946218857, -5.36937462e-006, 1, 4.44104471e-006, 0, 0, 0, 0, 0, 0, 0, 0.341207813, -0.151874536, -0.172803369, -0.17246692, 0.680382783, -0.712196618, -0.971313477, 0.00256347656, 0.237670898, 0.163514388, 0.732786699, 0.660560316, 0, 0, 0, 0, 0, 0, 0, 0.364610352, -0.117746045, -0.149172217, -0.137261802, 0.0943504388, -0.98598463, 0.53137207, -0.833007813, -0.153686523, -0.835821011, -0.545003161, 0.0641581239, 0, 3, 1, 1, 
568.657902, 39, 0.1, 0.1, -0.00556806293, 0.371675214, -0.0199683492, 0.946218844, -5.55477545e-006, 0.323527279, 0.323527279, 1.93097281e-006, -0.946218844, 4.63131083e-006, 1, 3.62424425e-006, 0.946218853, 8.98471964e-006, 0.323527251, 0.323527252, -1.00374723e-005, -0.946218853, -5.25411527e-006, 1, -1.24044472e-005, 0, 0, 0, 0, 0, 0, 0, 0.341207813, -0.151874536, -0.172803369, -0.17246692, 0.680382783, -0.712196618, -0.971313477, 0.00256347656, 0.237670898, 0.163514388, 0.732786699, 0.660560316, 0, 0, 0, 0, 0, 0, 0, 0.364610352, -0.117746045, -0.149172217, -0.137261802, 0.0943504388, -0.98598463, 0.53137207, -0.833007813, -0.153686523, -0.835821011, -0.545003161, 0.0641581239, 0, 3, 1, 1, 
568.65861, 39, 0.1, 0.1, -0.00556806284, 0.371675215, -0.0199680163, 0.94621884, -4.04712893e-006, 0.323527289, 0.323527289, -7.06420364e-006, -0.94621884, 6.1149323e-006, 1, -5.37492592e-006, 0.946218834, -1.89675495e-006, 0.323527306, 0.323527306, -1.35784841e-005, -0.946218834, 6.18775566e-006, 1, -1.22345654e-005, 0, 0, 0, 0, 0, 0, 0, 0.341207813, -0.151874536, -0.172803369, -0.17246692, 0.680382783, -0.712196618, -0.971313477, 0.00256347656, 0.237670898, 0.163514388, 0.732786699, 0.660560316, 0, 0, 0, 0, 0, 0, 0, 0.364610352, -0.117746045, -0.149172217, -0.137261802, 0.0943504388, -0.98598463, 0.53137207, -0.833007813, -0.153686523, -0.835821011, -0.545003161, 0.0641581239, 0, 3, 1, 1, 
568.659304, 39, 0.1, 0.1, -0.00556806256, 0.371675214, -0.0199680811, 0.946218852, 6.83237923e-006, 0.323527253, 0.323527253, -4.40540092e-006, -0.946218852, -5.03965877e-006, 1, -6.37893429e-006, 0.946218857, -4.12669777e-006, 0.323527239, 0.323527239, -3.79962271e-006, -0.946218857, 5.13404069e-006, 1, -2.26017552e-006, 0, 0, 0, 0, 0, 0, 0, 0.341207813, -0.151874536, -0.172803369, -0.17246692, 0.680382783, -0.712196618, -0.971313477, 0.00256347656, 0.237670898, 0.163514388, 0.732786699, 0.660560316, 0, 0, 0, 0, 0, 0, 0, 0.364610352, -0.117746045, -0.149172217, -0.137261802, 0.0943504388, -0.98598463, 0.53137207, -0.833007813, -0.153686523, -0.835821011, -0.545003161, 0.0641581239, 0, 3, 1, 1, 
568.660035, 39, 0.1, 0.1, -0.00556806291, 0.371675213, -0.019968352, 0.946218817, 4.38956763e-006, 0.323527355, 0.323527355, 5.82991798e-006, -0.946218817, -6.03962943e-006, 1, 4.09623289e-006, 0.946218824, 6.32507656e-006, 0.323527335, 0.323527335, 8.58652075e-008, -0.946218824, -6.01268625e-006, 1, -1.96508789e-006, 0, 0, 0, 0, 0, 0, 0, 0.342596289, -0.153021997, -0.172064551, -0.179976544, 0.679735763, -0.710876368, -0.970703125, -0.00598144532, 0.240112305, 0.159018567, 0.733383545, 0.66109276, 0, 0, 0, 0, 0, 0, 0, 0.364610352, -0.117746045, -0.149172217, -0.141305601, 0.0904965708, -0.985824216, 0.537597656, -0.829101563, -0.153076172, -0.831213581, -0.551545354, 0.068470979, 0, 3, 1, 1, 
568.660741, 39, 0.1, 0.1, -0.00556806335, 0.371675214, -0.0199686874, 0.946218803, 2.51722548e-006, 0.323527396, 0.323527396, -1.72084728e-005, -0.946218803, 3.18556634e-006, 1, -1.7097372e-005, 0.946218799, 1.05901579e-005, 0.323527409, 0.323527409, -1.08217701e-005, -0.946218799, -6.51946726e-006, 1, -1.36659687e-005, 0, 0, 0, 0, 0, 0, 0, 0.342596289, -0.153021997, -0.172064551, -0.179976544, 0.679735763, -0.710876368, -0.970703125, -0.00598144532, 0.240112305, 0.159018567, 0.733383545, 0.66109276, 0, 0, 0, 0, 0, 0, 0, 0.365332666, -0.119031592, -0.148624414, -0.141305601, 0.0904965708, -0.985824216, 0.537597656, -0.829101563, -0.153076172, -0.831213581, -0.551545354, 0.068470979, 0, 3, 1, 1, 
568.661442, 39, 0.1, 0.1, -0.00556806343, 0.371675214, -0.0199692435, 0.946218828, -5.93845916e-007, 0.323527325, 0.323527325, -7.43261497e-006, -0.946218828, 2.96656223e-006, 1, -6.84075485e-006, 0.946218828, -5.37792402e-006, 0.323527324, 0.323527324, 5.90675578e-006, -0.946218828, 3.17769608e-006, 1, 7.3289889e-006, 0, 0, 0, 0, 0, 0, 0, 0.342596289, -0.153021997, -0.172064551, -0.179976544, 0.679735763, -0.710876368, -0.970703125, -0.00598144532, 0.240112305, 0.159018567, 0.733383545, 0.66109276, 0, 0, 0, 0, 0, 0, 0, 0.365332666, -0.119031592, -0.148624414, -0.141305601, 0.0904965708, -0.985824216, 0.537597656, -0.829101563, -0.153076172, -0.831213581, -0.551545354, 0.068470979, 0, 3, 1, 1, 
568.662135, 39, 0.1, 0.1, -0.00556806358, 0.371675213, -0.0199698188, 0.946218798, 1.28555819e-006, 0.323527412, 0.323527412, 1.3425327e-005, -0.946218798, -5.55988063e-006, 1, 1.22873835e-005, 0.946218803, -8.58125122e-006, 0.323527398, 0.323527398, 1.47610126e-005, -0.946218803, 3.34414926e-006, 1, 1.67434176e-005, 0, 0, 0, 0, 0, 0, 0, 0.342596289, -0.153021997, -0.172064551, -0.179976544, 0.679735763, -0.710876368, -0.970703125, -0.00598144532, 0.240112305, 0.159018567, 0.733383545, 0.66109276, 0, 0, 0, 0, 0, 0, 0, 0.365332666, -0.119031592, -0.148624414, -0.141305601, 0.0904965708, -0.985824216, 0.537597656, -0.829101563, -0.153076172, -0.831213581, -0.551545354, 0.068470979, 0, 3, 1, 1, 
568.662846, 39, 0.1, 0.1, -0.00556806323, 0.371675212, -0.0199701643, 0.946218823, -3.02850285e-006, 0.323527339, 0.323527339, 1.78673419e-005, -0.946218823, -2.91494717e-006, 1, 1.78862186e-005, 0.946218817, -1.53030706e-006, 0.323527357, 0.323527357, 1.39028792e-005, -0.946218817, -3.04995642e-006, 1, 1.36502621e-005, 0, 0, 0, 0, 0, 0, 0, 0.342596289, -0.153021997, -0.172064551, -0.179976544, 0.679735763, -0.710876368, -0.970703125, -0.00598144532, 0.240112305, 0.159018567, 0.733383545, 0.66109276, 0, 0, 0, 0, 0, 0, 0, 0.365868115, -0.120716992, -0.148088574, -0.144704112, 0.0872114313, -0.985574483, 0.543334961, -0.825317383, -0.152832031, -0.826906556, -0.557659544, 0.0719340228, 0, 3, 1, 1, 
568.663549, 39, 0.1, 0.1, -0.00556806259, 0.371675212, -0.0199703051, 0.94621881, -1.00549769e-005, 0.323527376, 0.323527376, 9.74388732e-006, -0.94621881, 6.36179401e-006, 1, 1.24729098e-005, 0.946218818, 3.90232456e-006, 0.323527354, 0.323527354, -7.59821231e-007, -0.946218818, -3.44662998e-006, 1, -1.98146588e-006, 0, 0, 0, 0, 0, 0, 0, 0.342596289, -0.153021997, -0.172064551, -0.179976544, 0.679735763, -0.710876368, -0.970703125, -0.00598144532, 0.240112305, 0.159018567, 0.733383545, 0.66109276, 0, 0, 0, 0, 0, 0, 0, 0.365868115, -0.120716992, -0.148088574, -0.144704112, 0.0872114313, -0.985574483, 0.543334961, -0.825317383, -0.152832031, -0.826906556, -0.557659544, 0.0719340228, 0, 3, 1, 1, 
568.664242, 39, 0.1, 0.1, -0.00556806206, 0.371675212, -0.0199701574, 0.946218811, -4.05512977e-006, 0.323527373, 0.323527373, -7.14408464e-006, -0.946218811, 6.148347e-006, 1, -5.44792179e-006, 0.946218805, -2.81362849e-006, 0.323527391, 0.323527391, -1.13525109e-005, -0.946218805, 6.33515642e-006, 1, -9.83167343e-006, 0, 0, 0, 0, 0, 0, 0, 0.342596289, -0.153021997, -0.172064551, -0.179976544, 0.679735763, -0.710876368, -0.970703125, -0.00598144532, 0.240112305, 0.159018567, 0.733383545, 0.66109276, 0, 0, 0, 0, 0, 0, 0, 0.365868115, -0.120716992, -0.148088574, -0.144704112, 0.0872114313, -0.985574483, 0.543334961, -0.825317383, -0.152832031, -0.826906556, -0.557659544, 0.0719340228, 0, 3, 1, 1, 
568.664954, 39, 0.1, 0.1, -0.00556806203, 0.371675211, -0.0199697145, 0.946218825, 8.6234293e-006, 0.323527332, 0.323527332, -1.24204382e-005, -0.946218825, -4.1412999e-006, 1, -1.45423675e-005, 0.94621883, -2.19082583e-006, 0.323527319, 0.323527319, -1.0990992e-005, -0.94621883, 5.62888682e-006, 1, -9.69109155e-006, 0, 0, 0, 0, 0, 0, 0, 0.343572705, -0.154097437, -0.171709961, -0.186895314, 0.680585726, -0.708400618, -0.969848633, -0.0133056641, 0.242919922, 0.155912267, 0.732507372, 0.662678111, 0, 0, 0, 0, 0, 0, 0, 0.365868115, -0.120716992, -0.148088574, -0.144704112, 0.0872114313, -0.985574483, 0.543334961, -0.825317383, -0.152832031, -0.826906556, -0.557659544, 0.0719340228, 0, 3, 1, 1, 
568.665652, 39, 0.1, 0.1, -0.00556806247, 0.371675212, -0.0199692316, 0.946218802, 9.86858665e-006, 0.323527401, 0.323527401, -8.97224081e-006, -0.946218802, -6.43507649e-006, 1, -1.16824611e-005, 0.946218801, 5.25137009e-006, 0.323527402, 0.323527402, 4.76124683e-006, -0.946218801, -6.50933893e-006, 1, 2.80621915e-006, 0, 0, 0, 0, 0, 0, 0, 0.343572705, -0.154097437, -0.171709961, -0.186895314, 0.680585726, -0.708400618, -0.969848633, -0.0133056641, 0.242919922, 0.155912267, 0.732507372, 0.662678111, 0, 0, 0, 0, 0, 0, 0, 0.365868115, -0.120716992, -0.148088574, -0.144704112, 0.0872114313, -0.985574483, 0.543334961, -0.825317383, -0.152832031, -0.826906556, -0.557659544, 0.0719340228, 0, 3, 1, 1, 
568.666339, 39, 0.1, 0.1, -0.00556806281, 0.371675212, -0.0199689334, 0.946218831, -3.94382674e-006, 0.323527315, 0.323527315, 3.57435167e-006, -0.946218831, 2.57532273e-006, 1, 4.65805454e-006, 0.946218827, 3.45330194e-006, 0.323527328, 0.323527328, 1.12220946e-005, -0.946218827, -6.89823358e-006, 1, 9.50131961e-006, 0, 0, 0, 0, 0, 0, 0, 0.343572705, -0.154097437, -0.171709961, -0.186895314, 0.680585726, -0.708400618, -0.969848633, -0.0133056641, 0.242919922, 0.155912267, 0.732507372, 0.662678111, 0, 0, 0, 0, 0, 0, 0, 0.365868115, -0.120716992, -0.148088574, -0.144704112, 0.0872114313, -0.985574483, 0.543334961, -0.825317383, -0.152832031, -0.826906556, -0.557659544, 0.0719340228, 0, 3, 1, 1, 
568.667053, 39, 0.1, 0.1, -0.0055680633, 0.371675212, -0.0199687823, 0.946218805, -6.16760326e-006, 0.323527392, 0.323527392, 1.13505254e-005, -0.946218805, 2.16369631e-006, 1, 1.27354691e-005, 0.946218812, -4.42368771e-006, 0.323527372, 0.323527372, 5.85370019e-006, -0.946218812, 2.29194428e-006, 1, 6.9700653e-006, 0, 0, 0, 0, 0, 0, 0, 0.343572705, -0.154097437, -0.171709961, -0.194906305, 0.681721008, -0.7050296, -0.968994141, -0.0229492188, 0.245727539, 0.151372262, 0.731091642, 0.665233992, 0, 0, 0, 0, 0, 0, 0, 0.365868115, -0.120716992, -0.148088574, -0.144704112, 0.0872114313, -0.985574483, 0.543334961, -0.825317383, -0.152832031, -0.826906556, -0.557659544, 0.0719340228, 0, 3, 1, 1, 
568.667768, 39, 0.1, 0.1, -0.00556806401, 0.371675212, -0.0199685385, 0.946218821, 2.21435771e-006, 0.323527346, 0.323527346, 1.17658438e-005, -0.946218821, -5.90183917e-006, 1, 1.04166576e-005, 0.946218812, -1.54100364e-006, 0.32352737, 0.32352737, -5.69850566e-006, -0.946218812, 3.30174919e-006, 1, -4.8934764e-006, 0, 0, 0, 0, 0, 0, 0, 0.345158667, -0.154713452, -0.171306665, -0.194906305, 0.681721008, -0.7050296, -0.968994141, -0.0229492188, 0.245727539, 0.151372262, 0.731091642, 0.665233992, 0, 0, 0, 0, 0, 0, 0, 0.366830518, -0.121714844, -0.147542725, -0.148690309, 0.0845267365, -0.985216108, 0.550170898, -0.820800781, -0.153442383, -0.821679357, -0.564815308, 0.0755312281, 0, 3, 1, 1, 
568.668474, 39, 0.1, 0.1, -0.00556806407, 0.371675212, -0.0199686137, 0.946218821, 4.89952602e-006, 0.323527344, 0.323527344, -1.16963612e-006, -0.946218821, -4.25761447e-006, 1, -2.69186235e-006, 0.946218828, 7.17844856e-006, 0.323527325, 0.323527325, -6.66304615e-006, -0.946218828, -4.63670569e-006, 1, -8.62712398e-006, 0, 0, 0, 0, 0, 0, 0, 0.345158667, -0.154713452, -0.171306665, -0.194906305, 0.681721008, -0.7050296, -0.968994141, -0.0229492188, 0.245727539, 0.151372262, 0.731091642, 0.665233992, 0, 0, 0, 0, 0, 0, 0, 0.366830518, -0.121714844, -0.147542725, -0.148690309, 0.0845267365, -0.985216108, 0.550170898, -0.820800781, -0.153442383, -0.821679357, -0.564815308, 0.0755312281, 0, 3, 1, 1, 
568.669165, 39, 0.1, 0.1, -0.00556806314, 0.371675211, -0.0199688866, 0.946218808, -4.54886241e-006, 0.323527383, 0.323527383, -1.04805847e-005, -0.946218808, 7.69497531e-006, 1, -8.4452448e-006, 0.946218803, 3.29608555e-006, 0.323527397, 0.323527397, -2.62611991e-006, -0.946218803, -2.26919639e-006, 1, -3.55125802e-006, 0, 0, 0, 0, 0, 0, 0, 0.345158667, -0.154713452, -0.171306665, -0.194906305, 0.681721008, -0.7050296, -0.968994141, -0.0229492188, 0.245727539, 0.151372262, 0.731091642, 0.665233992, 0, 0, 0, 0, 0, 0, 0, 0.366830518, -0.121714844, -0.147542725, -0.148690309, 0.0845267365, -0.985216108, 0.550170898, -0.820800781, -0.153442383, -0.821679357, -0.564815308, 0.0755312281, 0, 3, 1, 1, 
568.669866, 39, 0.1, 0.1, -0.00556806214, 0.37167521, -0.0199693376, 0.946218833, -4.83827707e-006, 0.323527309, 0.323527309, -7.62058933e-006, -0.946218833, 7.04353764e-006, 1, -5.64543039e-006, 0.946218833, -1.00529119e-005, 0.323527309, 0.323527309, 6.57149956e-006, -0.946218833, 7.38619504e-006, 1, 9.4704682e-006, 0, 0, 0, 0, 0, 0, 0, 0.345158667, -0.154713452, -0.171306665, -0.194906305, 0.681721008, -0.7050296, -0.968994141, -0.0229492188, 0.245727539, 0.151372262, 0.731091642, 0.665233992, 0, 0, 0, 0, 0, 0, 0, 0.366830518, -0.121714844, -0.147542725, -0.148690309, 0.0845267365, -0.985216108, 0.550170898, -0.820800781, -0.153442383, -0.821679357, -0.564815308, 0.0755312281, 0, 3, 1, 1, 
568.670568, 39, 0.1, 0.1, -0.00556806201, 0.37167521, -0.0199698134, 0.946218804, 1.95705001e-006, 0.323527394, 0.323527394, 6.0471009e-006, -0.946218804, -3.80820032e-006, 1, 5.08872129e-006, 0.946218809, -9.05167101e-006, 0.323527381, 0.323527381, 8.56289311e-006, -0.946218809, 5.79453098e-006, 1, 1.10308339e-005, 0, 0, 0, 0, 0, 0, 0, 0.345158667, -0.154713452, -0.171306665, -0.194906305, 0.681721008, -0.7050296, -0.968994141, -0.0229492188, 0.245727539, 0.151372262, 0.731091642, 0.665233992, 0, 0, 0, 0, 0, 0, 0, 0.366830518, -0.121714844, -0.147542725, -0.148690309, 0.0845267365, -0.985216108, 0.550170898, -0.820800781, -0.153442383, -0.821679357, -0.564815308, 0.0755312281, 0, 3, 1, 1, 
568.671259, 39, 0.1, 0.1, -0.00556806241, 0.371675211, -0.0199701689, 0.946218828, 1.3608969e-006, 0.323527324, 0.323527323, 8.74232782e-006, -0.946218828, -4.11608819e-006, 1, 7.83186786e-006, 0.946218823, 2.84368945e-006, 0.32352734, 0.32352734, 4.790639e-006, -0.946218823, -4.24065518e-006, 1, 3.61298151e-006, 0, 0, 0, 0, 0, 0, 0, 0.345158667, -0.154713452, -0.171306665, -0.194906305, 0.681721008, -0.7050296, -0.968994141, -0.0229492188, 0.245727539, 0.151372262, 0.731091642, 0.665233992, 0, 0, 0, 0, 0, 0, 0, 0.366830518, -0.121714844, -0.147542725, -0.148690309, 0.0845267365, -0.985216108, 0.550170898, -0.820800781, -0.153442383, -0.821679357, -0.564815308, 0.0755312281, 0, 3, 1, 1, 
568.672002, 39, 0.1, 0.1, -0.0055680627, 0.371675212, -0.0199700302, 0.94621881, -6.32938786e-006, 0.323527377, 0.323527377, 2.58293208e-006, -0.94621881, 5.15333661e-006, 1, 4.49174917e-006, 0.946218819, 8.26710741e-006, 0.323527349, 0.323527349, -9.38789252e-006, -0.946218819, -4.78525263e-006, 1, -1.15576359e-005, 0, 0, 0, 0, 0, 0, 0, 0.345982886, -0.156224512, -0.170504248, -0.200510816, 0.68279301, -0.702534754, -0.968139648, -0.0285644531, 0.248535156, 0.149540907, 0.73005671, 0.66693991, 0, 0, 0, 0, 0, 0, 0, 0.366830518, -0.121714844, -0.147542725, -0.152759628, 0.0817654829, -0.984870493, 0.556274414, -0.81652832, -0.154052734, -0.816829123, -0.571242663, 0.079249835, 0, 3, 1, 1, 
568.672705, 39, 0.1, 0.1, -0.00556806276, 0.371675213, -0.0199694788, 0.946218808, -1.89664234e-006, 0.323527382, 0.323527382, -8.38258614e-006, -0.946218808, 4.5066348e-006, 1, -7.31814493e-006, 0.946218803, -3.02576162e-007, 0.323527398, 0.323527398, -1.42208662e-005, -0.946218803, 4.88714309e-006, 1, -1.33581593e-005, 0, 0, 0, 0, 0, 0, 0, 0.345982886, -0.156224512, -0.170504248, -0.200510816, 0.68279301, -0.702534754, -0.968139648, -0.0285644531, 0.248535156, 0.149540907, 0.73005671, 0.66693991, 0, 0, 0, 0, 0, 0, 0, 0.36755625, -0.123148926, -0.146771924, -0.152759628, 0.0817654829, -0.984870493, 0.556274414, -0.81652832, -0.154052734, -0.816829123, -0.571242663, 0.079249835, 0, 3, 1, 1, 
568.673425, 39, 0.1, 0.1, -0.00556806296, 0.371675212, -0.0199690294, 0.94621882, 9.097807e-006, 0.323527346, 0.323527346, -6.68729526e-006, -0.94621882, -6.44499332e-006, 1, -9.27103399e-006, 0.946218825, -1.36341589e-006, 0.323527333, 0.323527333, -6.17623575e-006, -0.946218825, 3.28827086e-006, 1, -5.40296823e-006, 0, 0, 0, 0, 0, 0, 0, 0.345982886, -0.156224512, -0.170504248, -0.200510816, 0.68279301, -0.702534754, -0.968139648, -0.0285644531, 0.248535156, 0.149540907, 0.73005671, 0.66693991, 0, 0, 0, 0, 0, 0, 0, 0.36755625, -0.123148926, -0.146771924, -0.152759628, 0.0817654829, -0.984870493, 0.556274414, -0.81652832, -0.154052734, -0.816829123, -0.571242663, 0.079249835, 0, 3, 1, 1, 
568.674125, 39, 0.1, 0.1, -0.00556806299, 0.371675211, -0.0199682924, 0.94621879, 6.27384571e-006, 0.323527434, 0.323527435, -3.14463552e-007, -0.94621879, -5.83469311e-006, 1, -2.32731253e-006, 0.946218791, 1.78497469e-006, 0.323527433, 0.323527433, 1.42415948e-005, -0.946218791, -6.29652319e-006, 1, 1.28981763e-005, 0, 0, 0, 0, 0, 0, 0, 0.345982886, -0.156224512, -0.170504248, -0.200510816, 0.68279301, -0.702534754, -0.968139648, -0.0285644531, 0.248535156, 0.149540907, 0.73005671, 0.66693991, 0, 0, 0, 0, 0, 0, 0, 0.36755625, -0.123148926, -0.146771924, -0.152759628, 0.0817654829, -0.984870493, 0.556274414, -0.81652832, -0.154052734, -0.816829123, -0.571242663, 0.079249835, 0, 3, 1, 1, 
568.674824, 39, 0.1, 0.1, -0.00556806247, 0.371675209, -0.0199680106, 0.946218819, -8.02798659e-006, 0.323527351, 0.323527351, 8.83512626e-006, -0.946218819, 4.737827e-006, 1, 1.0957236e-005, 0.946218814, -7.50643368e-007, 0.323527364, 0.323527364, 1.77743544e-005, -0.946218814, -5.04021716e-006, 1, 1.70612823e-005, 0, 0, 0, 0, 0, 0, 0, 0.345982886, -0.156224512, -0.170504248, -0.200510816, 0.68279301, -0.702534754, -0.968139648, -0.0285644531, 0.248535156, 0.149540907, 0.73005671, 0.66693991, 0, 0, 0, 0, 0, 0, 0, 0.36755625, -0.123148926, -0.146771924, -0.152759628, 0.0817654829, -0.984870493, 0.556274414, -0.81652832, -0.154052734, -0.816829123, -0.571242663, 0.079249835, 0, 3, 1, 1, 
568.675528, 39, 0.1, 0.1, -0.0055680624, 0.371675209, -0.0199682213, 0.946218791, -8.29460243e-006, 0.323527432, 0.323527432, 1.09559461e-005, -0.946218791, 4.3039596e-006, 1, 1.30502535e-005, 0.946218798, -7.01230372e-006, 0.323527412, 0.323527412, 6.81781607e-006, -0.946218798, 4.42942321e-006, 1, 8.7198182e-006, 0, 0, 0, 0, 0, 0, 0, 0.345982886, -0.156224512, -0.170504248, -0.200510816, 0.68279301, -0.702534754, -0.968139648, -0.0285644531, 0.248535156, 0.149540907, 0.73005671, 0.66693991, 0, 0, 0, 0, 0, 0, 0, 0.36755625, -0.123148926, -0.146771924, -0.152759628, 0.0817654829, -0.984870493, 0.556274414, -0.81652832, -0.154052734, -0.816829123, -0.571242663, 0.079249835, 0, 3, 1, 1, 
568.676222, 39, 0.1, 0.1, -0.00556806292, 0.37167521, -0.0199687525, 0.946218804, 2.91951942e-006, 0.323527396, 0.323527396, 6.90385874e-006, -0.946218804, -4.99609161e-006, 1, 5.58801645e-006, 0.946218796, -1.43580012e-006, 0.323527417, 0.323527417, -9.78016174e-006, -0.946218796, 4.52273153e-006, 1, -8.78965216e-006, 0, 0, 0, 0, 0, 0, 0, 0.345982886, -0.156224512, -0.170504248, -0.200510816, 0.68279301, -0.702534754, -0.968139648, -0.0285644531, 0.248535156, 0.149540907, 0.73005671, 0.66693991, 0, 0, 0, 0, 0, 0, 0, 0.36755625, -0.123148926, -0.146771924, -0.152759628, 0.0817654829, -0.984870493, 0.556274414, -0.81652832, -0.154052734, -0.816829123, -0.571242663, 0.079249835, 0, 3, 1, 1, 
568.676936, 39, 0.1, 0.1, -0.00556806338, 0.371675211, -0.0199694459, 0.946218802, 7.38952985e-006, 0.323527402, 0.323527402, -7.18104403e-006, -0.946218802, -4.66884757e-006, 1, -9.18555427e-006, 0.946218809, 9.32530363e-006, 0.32352738, 0.323527381, -1.26839245e-005, -0.946218809, -4.72018082e-006, 1, -1.5018759e-005, 0, 0, 0, 0, 0, 0, 0, 0.345982886, -0.156224512, -0.170504248, -0.206718164, 0.683604781, -0.699957533, -0.967041016, -0.0346679688, 0.251831055, 0.147805032, 0.728939402, 0.668385598, 0, 0, 0, 0, 0, 0, 0, 0.36755625, -0.123148926, -0.146771924, -0.152759628, 0.0817654829, -0.984870493, 0.556274414, -0.81652832, -0.154052734, -0.816829123, -0.571242663, 0.079249835, 0, 3, 1, 1, 
