time, trialNum, realDorsalTactorPos, realVentralTactorPos, boxPosX, boxPosY, boxPosZ, boxLocalRot_11, boxLocalRot_12, boxLocalRot_13, boxLocalRot_21, boxLocalRot_22, boxLocalRot_23, boxLocalRot_31, boxLocalRot_32, boxLocalRot_33, boxGlobalRot_11, boxGlobalRot_12, boxGlobalRot_13, boxGlobalRot_21, boxGlobalRot_22, boxGlobalRot_23, boxGlobalRot_31, boxGlobalRot_32, boxGlobalRot_33, indexForceX, indexForceY, indexForceZ, indexForceGlobalX, indexForceGlobalY, indexForceGlobalZ, indexContact, indexPosX, indexPosY, indexPosZ, indexRot_11, indexRot_12, indexRot_13, indexRot_21, indexRot_22, indexRot_23, indexRot_31, indexRot_32, indexRot_33, thumbForceX, thumbForceY, thumbForceZ, thumbForceGlobalX, thumbForceGlobalY, thumbForceGlobalZ, thumbContact, thumbPosX, thumbPosY, thumbPosZ, thumbRot_11, thumbRot_12, thumbRot_13, thumbRot_21, thumbRot_22, thumbRot_23, thumbRot_31, thumbRot_32, thumbRot_33, manipForceTooHigh, cceExpType, mapping, trialSuccess, 
949.521328, 69, 0.1, 0.1, 0.00583300266, 0.352968657, -0.0199721772, 0.893356155, -3.78899482e-006, 0.449349286, 0.449349286, -9.95115356e-006, -0.893356155, 7.8564656e-006, 1, -7.18734216e-006, 0.893356162, -4.47278013e-006, 0.449349272, 0.449349272, 7.226888e-007, -0.893356162, 3.671046e-006, 1, 2.65545899e-006, 0, 0, 0, 0, 0, 0, 0, 0.0810743896, 0.134561475, -0.153793115, -0.19538156, 0.934005601, -0.298770003, -0.397094727, 0.20324707, 0.895019531, 0.896706899, 0.293538435, 0.331334785, 0, -0, 0, 0, 0, 0, 0, 0.166184229, 0.118413965, -0.149005273, 0.106811075, 0.569368978, -0.814991377, -0.312255859, -0.758911133, -0.571166992, -0.943834729, 0.315638898, 0.0967366215, 0, 3, 5, 1, 
949.535697, 69, 0.1, 0.1, 0.00583320855, 0.352968589, -0.0199765851, 0.893358886, -5.56378008e-005, 0.449343852, 0.44934385, -5.11393352e-005, -0.893358888, 7.26836697e-005, 0.999999997, -2.06852759e-005, 0.893358986, -5.03955839e-005, 0.449343655, 0.449343654, -2.38234767e-005, -0.893358987, 5.57262759e-005, 0.999999998, 1.36201891e-006, 0, 0, 0, 0, 0, 0, 0, 0.0868265869, 0.115449683, -0.155919458, -0.234420675, 0.910488554, -0.340557846, -0.423706055, 0.219726562, 0.87878418, 0.87495831, 0.350284109, 0.334369163, 0, -0, 0, 0, 0, 0, 0, 0.170840674, 0.106488721, -0.149622705, 0.0904583062, 0.54292345, -0.834872089, -0.2734375, -0.792480469, -0.545043945, -0.95758226, 0.277632204, 0.0768493815, 0, 3, 5, 1, 
949.53651, 69, 0.1, 0.1, 0.00583322633, 0.352968597, -0.019974612, 0.893358344, -2.35073968e-006, 0.449344933, 0.449344933, -3.63031566e-006, -0.893358344, 3.73131686e-006, 1, -2.18687982e-006, 0.893358465, -2.36377878e-005, 0.449344692, 0.44934469, -3.90448672e-005, -0.893358465, 3.86616217e-005, 0.999999999, -2.42595482e-005, 0, 0, 0, 0, 0, 0, 0, 0.0868265869, 0.115449683, -0.155919458, -0.244272378, 0.905531803, -0.346681697, -0.428710937, 0.219726562, 0.876220703, 0.86972111, 0.362686823, 0.334721126, 0, -0, 0, 0, 0, 0, 0, 0.170840674, 0.106488721, -0.149622705, 0.0904583062, 0.54292345, -0.834872089, -0.2734375, -0.792480469, -0.545043945, -0.95758226, 0.277632204, 0.0768493815, 0, 3, 5, 1, 
949.537454, 69, 0.1, 0.1, 0.00583322593, 0.352968575, -0.0199675116, 0.893357745, 4.87333726e-005, 0.449346122, 0.449346119, 6.39390247e-005, -0.893357745, -7.22670886e-005, 0.999999997, 3.52222711e-005, 0.893357848, 5.40723808e-005, 0.449345916, 0.449345911, 8.45972644e-005, -0.893357848, -8.6319421e-005, 0.999999995, 5.12784269e-005, 0, 0, 0, 0, 0, 0, 0, 0.087869873, 0.111885474, -0.15645459, -0.244272378, 0.905531803, -0.346681697, -0.428710937, 0.219726562, 0.876220703, 0.86972111, 0.362686823, 0.334721126, 0, -0, 0, 0, 0, 0, 0, 0.171800488, 0.103596631, -0.149802783, 0.0857743166, 0.536295935, -0.839562642, -0.262939453, -0.800537109, -0.538330078, -0.96089765, 0.267116207, 0.0724286178, 0, 3, 5, 1, 
949.538325, 69, 0.1, 0.1, 0.00583323792, 0.352968574, -0.0199584239, 0.893357448, -2.71950566e-005, 0.449346713, 0.449346713, -5.70391677e-006, -0.893357449, 2.68579426e-005, 1, 7.12437276e-006, 0.893357474, -3.41924367e-005, 0.449346661, 0.449346661, -1.08296511e-005, -0.893357475, 3.54123365e-005, 0.999999999, 5.68950754e-006, 0, 0, 0, 0, 0, 0, 0, 0.087869873, 0.111885474, -0.15645459, -0.244272378, 0.905531803, -0.346681697, -0.428710937, 0.219726562, 0.876220703, 0.86972111, 0.362686823, 0.334721126, 0, -0, 0, 0, 0, 0, 0, 0.171800488, 0.103596631, -0.149802783, 0.0857743166, 0.536295935, -0.839562642, -0.262939453, -0.800537109, -0.538330078, -0.96089765, 0.267116207, 0.0724286178, 0, 3, 5, 1, 
949.539122, 69, 0.1, 0.1, 0.00583324007, 0.352968567, -0.0199531675, 0.893357227, 3.60882564e-005, 0.449347152, 0.449347152, 1.89429897e-005, -0.893357228, -4.07516831e-005, 0.999999999, 7.06701514e-007, 0.89335728, 4.39602115e-005, 0.449347046, 0.449347045, 3.93615381e-005, -0.893357281, -5.69591659e-005, 0.999999998, 1.54105255e-005, 0, 0, 0, 0, 0, 0, 0, 0.087869873, 0.111885474, -0.15645459, -0.244272378, 0.905531803, -0.346681697, -0.428710937, 0.219726562, 0.876220703, 0.86972111, 0.362686823, 0.334721126, 0, -0, 0, 0, 0, 0, 0, 0.171800488, 0.103596631, -0.149802783, 0.0857743166, 0.536295935, -0.839562642, -0.262939453, -0.800537109, -0.538330078, -0.96089765, 0.267116207, 0.0724286178, 0, 3, 5, 1, 
949.539914, 69, 0.1, 0.1, 0.00583325735, 0.352968573, -0.0199523527, 0.893357182, -7.28309288e-005, 0.449347238, 0.449347238, -9.30466782e-006, -0.893357185, 6.92450603e-005, 0.999999997, 2.44139849e-005, 0.893357157, -6.47983281e-005, 0.449347288, 0.449347286, -4.67331219e-005, -0.893357159, 7.8887452e-005, 0.999999997, -1.2632416e-005, 0, 0, 0, 0, 0, 0, 0, 0.087869873, 0.111885474, -0.15645459, -0.244272378, 0.905531803, -0.346681697, -0.428710937, 0.219726562, 0.876220703, 0.86972111, 0.362686823, 0.334721126, 0, -0, 0, 0, 0, 0, 0, 0.171800488, 0.103596631, -0.149802783, 0.0857743166, 0.536295935, -0.839562642, -0.262939453, -0.800537109, -0.538330078, -0.96089765, 0.267116207, 0.0724286178, 0, 3, 5, 1, 
949.540702, 69, 0.1, 0.1, 0.00583326696, 0.352968566, -0.0199559886, 0.893357605, 2.75080023e-005, 0.449346401, 0.449346401, -2.65524696e-006, -0.893357606, -2.33813574e-005, 1, -1.47327069e-005, 0.893357493, 2.85515494e-005, 0.449346625, 0.449346625, 1.42114825e-005, -0.893357493, -3.18926223e-005, 0.999999999, -1.33608032e-007, 0, 0, 0, 0, 0, 0, 0, 0.087869873, 0.111885474, -0.15645459, -0.244272378, 0.905531803, -0.346681697, -0.428710937, 0.219726562, 0.876220703, 0.86972111, 0.362686823, 0.334721126, 0, -0, 0, 0, 0, 0, 0, 0.171800488, 0.103596631, -0.149802783, 0.0857743166, 0.536295935, -0.839562642, -0.262939453, -0.800537109, -0.538330078, -0.96089765, 0.267116207, 0.0724286178, 0, 3, 5, 1, 
949.541526, 69, 0.1, 0.1, 0.00583327416, 0.352968564, -0.0199626271, 0.893358272, 2.64368416e-005, 0.449345076, 0.449345076, 1.64167196e-006, -0.893358272, -2.43552483e-005, 1, -1.04126634e-005, 0.893358137, 2.15308412e-005, 0.449345345, 0.449345345, -1.58634546e-006, -0.893358137, -1.85219352e-005, 1, -1.10919579e-005, 0, 0, 0, 0, 0, 0, 0, 0.0892957031, 0.107879053, -0.156611841, -0.251014414, 0.900770881, -0.354220157, -0.435058594, 0.221923828, 0.872558594, 0.864609347, 0.373204642, 0.336285876, 0, -0, 0, 0, 0, 0, 0, 0.171800488, 0.103596631, -0.149802783, 0.0815504137, 0.52949598, -0.844265955, -0.252929688, -0.808227539, -0.531494141, -0.963919197, 0.257073057, 0.0681292557, 0, 3, 5, 1, 
949.542315, 69, 0.1, 0.1, 0.00583328267, 0.352968562, -0.0199691769, 0.893358764, 5.56500262e-006, 0.449344099, 0.449344099, 7.11265078e-006, -0.893358764, -8.16757152e-006, 1, 3.85354782e-006, 0.89335868, -2.4984104e-006, 0.449344266, 0.449344266, -9.58616623e-006, -0.89335868, 6.53946545e-006, 1, -7.44123842e-006, 0, 0, 0, 0, 0, 0, 0, 0.0892957031, 0.107879053, -0.156611841, -0.251014414, 0.900770881, -0.354220157, -0.435058594, 0.221923828, 0.872558594, 0.864609347, 0.373204642, 0.336285876, 0, -0, 0, 0, 0, 0, 0, 0.173020166, 0.100479834, -0.14975791, 0.0815504137, 0.52949598, -0.844265955, -0.252929688, -0.808227539, -0.531494141, -0.963919197, 0.257073057, 0.0681292557, 0, 3, 5, 1, 
949.543106, 69, 0.1, 0.1, 0.00583329243, 0.35296856, -0.0199740336, 0.893359207, -1.41690565e-005, 0.449343217, 0.449343217, 6.12234918e-007, -0.893359207, 1.23829534e-005, 1, 6.91371512e-006, 0.893359113, -1.73696775e-005, 0.449343403, 0.449343403, -1.65711088e-006, -0.893359114, 1.62619716e-005, 1, 6.32455491e-006, 0, 0, 0, 0, 0, 0, 0, 0.0892957031, 0.107879053, -0.156611841, -0.251014414, 0.900770881, -0.354220157, -0.435058594, 0.221923828, 0.872558594, 0.864609347, 0.373204642, 0.336285876, 0, -0, 0, 0, 0, 0, 0, 0.173020166, 0.100479834, -0.14975791, 0.0815504137, 0.52949598, -0.844265955, -0.252929688, -0.808227539, -0.531494141, -0.963919197, 0.257073057, 0.0681292557, 0, 3, 5, 1, 
949.543893, 69, 0.1, 0.1, 0.00583330109, 0.352968557, -0.0199757138, 0.893359641, -2.30679487e-006, 0.449342356, 0.449342356, -9.93811919e-007, -0.893359641, 2.50735923e-006, 1, 1.48709185e-007, 0.893359558, -1.52797353e-006, 0.44934252, 0.44934252, 8.76753431e-006, -0.893359558, -2.5745962e-006, 1, 8.51914405e-006, 0, 0, 0, 0, 0, 0, 0, 0.0892957031, 0.107879053, -0.156611841, -0.251014414, 0.900770881, -0.354220157, -0.435058594, 0.221923828, 0.872558594, 0.864609347, 0.373204642, 0.336285876, 0, -0, 0, 0, 0, 0, 0, 0.173020166, 0.100479834, -0.14975791, 0.0815504137, 0.52949598, -0.844265955, -0.252929688, -0.808227539, -0.531494141, -0.963919197, 0.257073057, 0.0681292557, 0, 3, 5, 1, 
949.544691, 69, 0.1, 0.1, 0.00583330869, 0.352968557, -0.0199738532, 0.89336002, -5.25966081e-006, 0.449341601, 0.449341601, 1.02542979e-005, -0.89336002, 9.10880451e-008, 1, 1.15241642e-005, 0.893359943, 1.24566639e-007, 0.449341754, 0.449341754, -1.02434168e-005, -0.893359943, 4.49151201e-006, 1, -9.20703123e-006, 0, 0, 0, 0, 0, 0, 0, 0.0892957031, 0.107879053, -0.156611841, -0.251014414, 0.900770881, -0.354220157, -0.435058594, 0.221923828, 0.872558594, 0.864609347, 0.373204642, 0.336285876, 0, -0, 0, 0, 0, 0, 0, 0.173020166, 0.100479834, -0.14975791, 0.0815504137, 0.52949598, -0.844265955, -0.252929688, -0.808227539, -0.531494141, -0.963919197, 0.257073057, 0.0681292557, 0, 3, 5, 1, 
949.545482, 69, 0.1, 0.1, 0.00583331674, 0.352968554, -0.0199693464, 0.893360447, -2.46841351e-006, 0.449340752, 0.449340752, -2.42349697e-005, -0.893360447, 1.30949425e-005, 1, -2.05414046e-005, 0.893360367, -1.5546713e-006, 0.449340912, 0.449340912, -1.33737015e-005, -0.893360367, 7.39823293e-006, 1, -1.12489574e-005, 0, 0, 0, 0, 0, 0, 0, 0.0892957031, 0.107879053, -0.156611841, -0.251014414, 0.900770881, -0.354220157, -0.435058594, 0.221923828, 0.872558594, 0.864609347, 0.373204642, 0.336285876, 0, -0, 0, 0, 0, 0, 0, 0.173020166, 0.100479834, -0.14975791, 0.0815504137, 0.52949598, -0.844265955, -0.252929688, -0.808227539, -0.531494141, -0.963919197, 0.257073057, 0.0681292557, 0, 3, 5, 1, 
949.546303, 69, 0.1, 0.1, 0.00583332693, 0.352968549, -0.0199635691, 0.893360747, -3.11274161e-005, 0.449340155, 0.449340156, 1.96073461e-005, -0.893360747, 1.89976438e-005, 0.999999999, 3.15032313e-005, 0.893360709, -1.23719042e-005, 0.449340231, 0.449340231, 3.22669792e-005, -0.893360709, -3.44627875e-006, 0.999999999, 3.43852457e-005, 0, 0, 0, 0, 0, 0, 0, 0.0902743164, 0.103614111, -0.156838062, -0.257800634, 0.895305651, -0.363009596, -0.440307617, 0.225585937, 0.869018555, 0.85999895, 0.383957604, 0.336194884, 0, -0, 0, 0, 0, 0, 0, 0.173020166, 0.100479834, -0.14975791, 0.0780549204, 0.522076256, -0.849244154, -0.242675781, -0.816162109, -0.524047852, -0.966864185, 0.247087509, 0.062941803, 0, 3, 5, 1, 
949.547096, 69, 0.1, 0.1, 0.00583333496, 0.352968549, -0.0199587271, 0.893360748, 6.81902896e-006, 0.449340153, 0.449340153, -7.12491553e-006, -0.893360748, -2.89034217e-006, 1, -9.42918339e-006, 0.893360763, 2.12497974e-005, 0.449340123, 0.449340123, -1.84047564e-005, -0.893360763, -1.07137397e-005, 1, -2.59904738e-005, 0, 0, 0, 0, 0, 0, 0, 0.0902743164, 0.103614111, -0.156838062, -0.257800634, 0.895305651, -0.363009596, -0.440307617, 0.225585937, 0.869018555, 0.85999895, 0.383957604, 0.336194884, 0, -0, 0, 0, 0, 0, 0, 0.174066406, 0.0971, -0.149749902, 0.0780549204, 0.522076256, -0.849244154, -0.242675781, -0.816162109, -0.524047852, -0.966864185, 0.247087509, 0.062941803, 0, 3, 5, 1, 
949.547883, 69, 0.1, 0.1, 0.00583334657, 0.352968545, -0.0199564939, 0.893360705, 1.93575613e-005, 0.449340238, 0.449340239, -1.0606709e-005, -0.893360705, -1.25272634e-005, 1, -1.81737482e-005, 0.893360694, -1.51715421e-006, 0.449340261, 0.449340261, 1.54852871e-005, -0.893360694, -5.60279701e-006, 1, 1.45156653e-005, 0, 0, 0, 0, 0, 0, 0, 0.0902743164, 0.103614111, -0.156838062, -0.257800634, 0.895305651, -0.363009596, -0.440307617, 0.225585937, 0.869018555, 0.85999895, 0.383957604, 0.336194884, 0, -0, 0, 0, 0, 0, 0, 0.174066406, 0.0971, -0.149749902, 0.0780549204, 0.522076256, -0.849244154, -0.242675781, -0.816162109, -0.524047852, -0.966864185, 0.247087509, 0.062941803, 0, 3, 5, 1, 
949.548708, 69, 0.1, 0.1, 0.00583335598, 0.352968545, -0.0199572863, 0.893360949, -4.5585743e-006, 0.449339754, 0.449339754, 3.26709866e-005, -0.893360949, -1.06079208e-005, 0.999999999, 3.12353322e-005, 0.893360868, -2.08189706e-005, 0.449339915, 0.449339915, 7.56929093e-006, -0.893360868, 1.51976691e-005, 1, 1.61169028e-005, 0, 0, 0, 0, 0, 0, 0, 0.0915104492, 0.100482104, -0.157111377, -0.268185903, 0.890044485, -0.368416034, -0.446166992, 0.224121094, 0.866455078, 0.853733931, 0.396779309, 0.337174771, 0, -0, 0, 0, 0, 0, 0, 0.174066406, 0.0971, -0.149749902, 0.0732495292, 0.516125745, -0.853340458, -0.23059082, -0.823608398, -0.517944336, -0.970192334, 0.234801528, 0.05870624, 0, 3, 5, 1, 
949.549507, 69, 0.1, 0.1, 0.00583336315, 0.352968545, -0.0199603124, 0.893361344, 7.35186612e-006, 0.44933897, 0.44933897, -3.47874732e-005, -0.893361343, 9.06349438e-006, 0.999999999, -3.43812637e-005, 0.893361273, 9.69623545e-007, 0.449339111, 0.449339111, -3.83483146e-005, -0.893361272, 1.63651735e-005, 0.999999999, -3.46945889e-005, 0, 0, 0, 0, 0, 0, 0, 0.0915104492, 0.100482104, -0.157111377, -0.268185903, 0.890044485, -0.368416034, -0.446166992, 0.224121094, 0.866455078, 0.853733931, 0.396779309, 0.337174771, 0, -0, 0, 0, 0, 0, 0, 0.17501792, 0.0944387207, -0.149663525, 0.0732495292, 0.516125745, -0.853340458, -0.23059082, -0.823608398, -0.517944336, -0.970192334, 0.234801528, 0.05870624, 0, 3, 5, 1, 
949.550296, 69, 0.1, 0.1, 0.00583337107, 0.352968541, -0.019964767, 0.893361536, -1.72430892e-005, 0.449338586, 0.449338586, 7.2663256e-007, -0.893361536, 1.50778086e-005, 1, 8.3971309e-006, 0.893361521, -1.74257457e-005, 0.449338617, 0.449338617, 1.48766556e-005, -0.893361521, 8.88283481e-006, 1, 2.11202922e-005, 0, 0, 0, 0, 0, 0, 0, 0.0915104492, 0.100482104, -0.157111377, -0.268185903, 0.890044485, -0.368416034, -0.446166992, 0.224121094, 0.866455078, 0.853733931, 0.396779309, 0.337174771, 0, -0, 0, 0, 0, 0, 0, 0.17501792, 0.0944387207, -0.149663525, 0.0732495292, 0.516125745, -0.853340458, -0.23059082, -0.823608398, -0.517944336, -0.970192334, 0.234801528, 0.05870624, 0, 3, 5, 1, 
949.551093, 69, 0.1, 0.1, 0.00583337684, 0.352968541, -0.0199691634, 0.893361489, -1.23037105e-005, 0.44933868, 0.44933868, 6.61052439e-006, -0.893361489, 8.02129682e-006, 1, 1.14341209e-005, 0.893361508, 1.35794062e-005, 0.449338642, 0.449338642, -7.53352563e-006, -0.893361508, -8.74621466e-006, 1, -1.28319138e-005, 0, 0, 0, 0, 0, 0, 0, 0.0915104492, 0.100482104, -0.157111377, -0.268185903, 0.890044485, -0.368416034, -0.446166992, 0.224121094, 0.866455078, 0.853733931, 0.396779309, 0.337174771, 0, -0, 0, 0, 0, 0, 0, 0.17501792, 0.0944387207, -0.149663525, 0.0732495292, 0.516125745, -0.853340458, -0.23059082, -0.823608398, -0.517944336, -0.970192334, 0.234801528, 0.05870624, 0, 3, 5, 1, 
949.55188, 69, 0.1, 0.1, 0.0058333851, 0.352968538, -0.0199719549, 0.89336147, 1.21091402e-005, 0.449338719, 0.449338719, -1.20053847e-005, -0.89336147, -5.4233551e-006, 1, -1.61662537e-005, 0.893361458, 1.30348879e-005, 0.449338741, 0.449338741, -1.02451745e-006, -0.893361459, -1.1184511e-005, 1, -6.7723445e-006, 0, 0, 0, 0, 0, 0, 0, 0.0915104492, 0.100482104, -0.157111377, -0.268185903, 0.890044485, -0.368416034, -0.446166992, 0.224121094, 0.866455078, 0.853733931, 0.396779309, 0.337174771, 0, -0, 0, 0, 0, 0, 0, 0.17501792, 0.0944387207, -0.149663525, 0.0732495292, 0.516125745, -0.853340458, -0.23059082, -0.823608398, -0.517944336, -0.970192334, 0.234801528, 0.05870624, 0, 3, 5, 1, 
949.552805, 69, 0.1, 0.1, 0.00583339613, 0.352968533, -0.0199712998, 0.893361678, -1.18389358e-006, 0.449338304, 0.449338304, 2.91722235e-005, -0.893361678, -1.20505523e-005, 1, 2.65933153e-005, 0.893361611, -7.92006499e-006, 0.449338437, 0.449338437, 2.91541053e-005, -0.893361611, -6.02457811e-006, 1, 2.96039482e-005, 0, 0, 0, 0, 0, 0, 0, 0.0915104492, 0.100482104, -0.157111377, -0.268185903, 0.890044485, -0.368416034, -0.446166992, 0.224121094, 0.866455078, 0.853733931, 0.396779309, 0.337174771, 0, -0, 0, 0, 0, 0, 0, 0.17501792, 0.0944387207, -0.149663525, 0.0732495292, 0.516125745, -0.853340458, -0.23059082, -0.823608398, -0.517944336, -0.970192334, 0.234801528, 0.05870624, 0, 3, 5, 1, 
949.553626, 69, 0.1, 0.1, 0.00583340357, 0.352968533, -0.0199675498, 0.89336193, 1.26601078e-005, 0.449337803, 0.449337803, -4.20814214e-006, -0.89336193, -9.41918097e-006, 1, -9.448059e-006, 0.89336189, 2.69572009e-006, 0.449337884, 0.449337884, -2.31498593e-005, -0.893361889, 7.9938552e-006, 1, -2.18924912e-005, 0, 0, 0, 0, 0, 0, 0, 0.0929200439, 0.0964668945, -0.157213696, -0.275226362, 0.885124804, -0.374869387, -0.452270508, 0.224975586, 0.863037109, 0.848298658, 0.407075088, 0.338567658, 0, -0, 0, 0, 0, 0, 0, 0.176265918, 0.0915996094, -0.149542236, 0.0693643115, 0.510386321, -0.856963916, -0.219726563, -0.830078125, -0.512207031, -0.972932798, 0.224010645, 0.0546431179, 0, 3, 5, 1, 
949.554414, 69, 0.1, 0.1, 0.00583341239, 0.35296853, -0.0199633869, 0.893361964, 1.82379913e-006, 0.449337737, 0.449337737, -2.29031999e-005, -0.893361963, 8.66195924e-006, 1, -2.12803494e-005, 0.893361976, -1.76987259e-005, 0.449337712, 0.449337712, -2.00663439e-006, -0.893361976, 1.67130253e-005, 1, 6.16005415e-006, 0, 0, 0, 0, 0, 0, 0, 0.0929200439, 0.0964668945, -0.157213696, -0.275226362, 0.885124804, -0.374869387, -0.452270508, 0.224975586, 0.863037109, 0.848298658, 0.407075088, 0.338567658, 0, -0, 0, 0, 0, 0, 0, 0.176265918, 0.0915996094, -0.149542236, 0.0693643115, 0.510386321, -0.856963916, -0.219726563, -0.830078125, -0.512207031, -0.972932798, 0.224010645, 0.0546431179, 0, 3, 5, 1, 
949.555204, 69, 0.1, 0.1, 0.00583341798, 0.352968529, -0.0199602545, 0.89336179, -2.53686649e-005, 0.449338082, 0.449338082, 1.67567776e-005, -0.89336179, 1.51339376e-005, 1, 2.6368972e-005, 0.893361825, -1.37108788e-005, 0.449338013, 0.449338013, 7.05188934e-006, -0.893361825, 9.08009372e-006, 1, 1.24607077e-005, 0, 0, 0, 0, 0, 0, 0, 0.0929200439, 0.0964668945, -0.157213696, -0.275226362, 0.885124804, -0.374869387, -0.452270508, 0.224975586, 0.863037109, 0.848298658, 0.407075088, 0.338567658, 0, -0, 0, 0, 0, 0, 0, 0.176265918, 0.0915996094, -0.149542236, 0.0693643115, 0.510386321, -0.856963916, -0.219726563, -0.830078125, -0.512207031, -0.972932798, 0.224010645, 0.0546431179, 0, 3, 5, 1, 
949.555992, 69, 0.1, 0.1, 0.00583342297, 0.352968529, -0.0199591148, 0.89336174, 4.70247237e-006, 0.449338182, 0.449338182, -3.30054133e-005, -0.893361739, 1.06295835e-005, 0.999999999, -3.15987739e-005, 0.893361727, 2.54940849e-005, 0.449338207, 0.449338208, -2.4765044e-005, -0.893361726, -1.16475593e-005, 0.999999999, -3.35796089e-005, 0, 0, 0, 0, 0, 0, 0, 0.0929200439, 0.0964668945, -0.157213696, -0.275226362, 0.885124804, -0.374869387, -0.452270508, 0.224975586, 0.863037109, 0.848298658, 0.407075088, 0.338567658, 0, -0, 0, 0, 0, 0, 0, 0.176265918, 0.0915996094, -0.149542236, 0.0693643115, 0.510386321, -0.856963916, -0.219726563, -0.830078125, -0.512207031, -0.972932798, 0.224010645, 0.0546431179, 0, 3, 5, 1, 
949.556778, 69, 0.1, 0.1, 0.00583343108, 0.352968524, -0.0199602036, 0.893361962, 3.11221347e-006, 0.449337739, 0.449337739, 1.58811192e-005, -0.893361962, -9.91631931e-006, 1, 1.27891528e-005, 0.893361906, 2.88583395e-006, 0.449337852, 0.449337852, 3.29891502e-005, -0.893361905, -1.7401368e-005, 0.999999999, 2.81745357e-005, 0, 0, 0, 0, 0, 0, 0, 0.0929200439, 0.0964668945, -0.157213696, -0.275226362, 0.885124804, -0.374869387, -0.452270508, 0.224975586, 0.863037109, 0.848298658, 0.407075088, 0.338567658, 0, -0, 0, 0, 0, 0, 0, 0.176265918, 0.0915996094, -0.149542236, 0.0693643115, 0.510386321, -0.856963916, -0.219726563, -0.830078125, -0.512207031, -0.972932798, 0.224010645, 0.0546431179, 0, 3, 5, 1, 
949.557563, 69, 0.1, 0.1, 0.00583343726, 0.352968526, -0.0199630095, 0.893362201, 6.54244834e-006, 0.449337264, 0.449337264, 1.69086567e-005, -0.893362201, -1.34424656e-005, 1, 1.2165789e-005, 0.893362173, 1.36475313e-005, 0.449337321, 0.449337321, -9.41797704e-006, -0.893362173, -7.96033965e-006, 1, -1.45460096e-005, 0, 0, 0, 0, 0, 0, 0, 0.0929200439, 0.0964668945, -0.157213696, -0.275226362, 0.885124804, -0.374869387, -0.452270508, 0.224975586, 0.863037109, 0.848298658, 0.407075088, 0.338567658, 0, -0, 0, 0, 0, 0, 0, 0.176265918, 0.0915996094, -0.149542236, 0.0693643115, 0.510386321, -0.856963916, -0.219726563, -0.830078125, -0.512207031, -0.972932798, 0.224010645, 0.0546431179, 0, 3, 5, 1, 
949.558381, 69, 0.1, 0.1, 0.00583344647, 0.352968524, -0.0199663724, 0.893362185, 1.53775533e-005, 0.449337297, 0.449337297, -2.10579397e-005, -0.893362185, -4.27560695e-006, 1, -2.57220753e-005, 0.893362211, -5.09541532e-006, 0.449337245, 0.449337245, -1.93364248e-005, -0.893362211, 1.32406273e-005, 1, -1.49848713e-005, 0, 0, 0, 0, 0, 0, 0, 0.0941436279, 0.0921857178, -0.157220703, -0.281568504, 0.879361151, -0.383716114, -0.457519531, 0.228515625, 0.859375, 0.843370741, 0.41750454, 0.338114963, 0, -0, 0, 0, 0, 0, 0, 0.177325586, 0.0884859863, -0.149465869, 0.0659519403, 0.503746046, -0.861168863, -0.209228516, -0.836914063, -0.505615234, -0.975500822, 0.21361605, 0.0502733935, 0, 3, 5, 1, 
949.559167, 69, 0.1, 0.1, 0.00583345496, 0.352968521, -0.0199689377, 0.893362031, -2.18967789e-005, 0.449337602, 0.449337603, 1.66417635e-005, -0.893362031, 1.20839807e-005, 1, 2.47061657e-005, 0.893362058, -2.69603604e-005, 0.449337548, 0.449337549, 1.41765837e-005, -0.893362058, 1.77152916e-005, 1, 2.47791242e-005, 0, 0, 0, 0, 0, 0, 0, 0.0941436279, 0.0921857178, -0.157220703, -0.281568504, 0.879361151, -0.383716114, -0.457519531, 0.228515625, 0.859375, 0.843370741, 0.41750454, 0.338114963, 0, -0, 0, 0, 0, 0, 0, 0.177325586, 0.0884859863, -0.149465869, 0.0659519403, 0.503746046, -0.861168863, -0.209228516, -0.836914063, -0.505615234, -0.975500822, 0.21361605, 0.0502733935, 0, 3, 5, 1, 
949.559953, 69, 0.1, 0.1, 0.00583346162, 0.352968521, -0.0199702472, 0.893362013, -1.38151481e-005, 0.449337638, 0.449337638, -1.30878704e-005, -0.893362013, 1.82228013e-005, 1, -5.48454023e-006, 0.893362, -4.13798844e-006, 0.449337665, 0.449337665, -2.13323718e-005, -0.893362, 1.32821597e-005, 1, -1.71981763e-005, 0, 0, 0, 0, 0, 0, 0, 0.0941436279, 0.0921857178, -0.157220703, -0.281568504, 0.879361151, -0.383716114, -0.457519531, 0.228515625, 0.859375, 0.843370741, 0.41750454, 0.338114963, 0, -0, 0, 0, 0, 0, 0, 0.177325586, 0.0884859863, -0.149465869, 0.0659519403, 0.503746046, -0.861168863, -0.209228516, -0.836914063, -0.505615234, -0.975500822, 0.21361605, 0.0502733935, 0, 3, 5, 1, 
949.560739, 69, 0.1, 0.1, 0.00583346996, 0.352968517, -0.0199699647, 0.893362181, -6.07976553e-006, 0.449337304, 0.449337304, -1.50165112e-005, -0.893362181, 1.21789112e-005, 1, -1.06833177e-005, 0.893362141, -2.26489395e-006, 0.449337385, 0.449337385, 1.21232748e-005, -0.893362141, -3.42407009e-006, 1, 1.18481763e-005, 0, 0, 0, 0, 0, 0, 0, 0.0941436279, 0.0921857178, -0.157220703, -0.281568504, 0.879361151, -0.383716114, -0.457519531, 0.228515625, 0.859375, 0.843370741, 0.41750454, 0.338114963, 0, -0, 0, 0, 0, 0, 0, 0.177325586, 0.0884859863, -0.149465869, 0.0659519403, 0.503746046, -0.861168863, -0.209228516, -0.836914063, -0.505615234, -0.975500822, 0.21361605, 0.0502733935, 0, 3, 5, 1, 
949.561542, 69, 0.1, 0.1, 0.00583347636, 0.352968516, -0.0199680568, 0.893362301, -4.73463871e-006, 0.449337067, 0.449337067, 2.25145839e-005, -0.893362301, -5.88688935e-006, 1, 2.22411291e-005, 0.893362295, 5.09594634e-006, 0.449337078, 0.449337077, 1.62490477e-005, -0.893362295, -1.18538259e-005, 1, 1.22264889e-005, 0, 0, 0, 0, 0, 0, 0, 0.0941436279, 0.0921857178, -0.157220703, -0.281568504, 0.879361151, -0.383716114, -0.457519531, 0.228515625, 0.859375, 0.843370741, 0.41750454, 0.338114963, 0, -0, 0, 0, 0, 0, 0, 0.178523779, 0.0858562012, -0.149332861, 0.061338313, 0.498293901, -0.864696439, -0.197143555, -0.843139648, -0.5, -0.978317845, 0.201259706, 0.0464658344, 0, 3, 5, 1, 
949.562327, 69, 0.1, 0.1, 0.00583348211, 0.352968517, -0.0199655514, 0.893362198, 2.78172916e-005, 0.449337271, 0.449337271, -1.77056117e-005, -0.893362198, -1.68951255e-005, 0.999999999, -2.831687e-005, 0.893362235, 2.30306805e-005, 0.449337197, 0.449337198, -2.19895229e-005, -0.893362235, -1.06940296e-005, 0.999999999, -2.99931507e-005, 0, 0, 0, 0, 0, 0, 0, 0.0941436279, 0.0921857178, -0.157220703, -0.281568504, 0.879361151, -0.383716114, -0.457519531, 0.228515625, 0.859375, 0.843370741, 0.41750454, 0.338114963, 0, -0, 0, 0, 0, 0, 0, 0.178523779, 0.0858562012, -0.149332861, 0.061338313, 0.498293901, -0.864696439, -0.197143555, -0.843139648, -0.5, -0.978317845, 0.201259706, 0.0464658344, 0, 3, 5, 1, 
949.563131, 69, 0.1, 0.1, 0.00583348967, 0.352968512, -0.0199631601, 0.893362007, 1.12374712e-005, 0.44933765, 0.44933765, 1.4735372e-005, -0.893362008, -1.66602872e-005, 1, 8.11460258e-006, 0.893362041, -1.54092902e-005, 0.449337583, 0.449337583, 1.91827258e-005, -0.893362041, 5.14655527e-006, 1, 2.40610923e-005, 0, 0, 0, 0, 0, 0, 0, 0.0941436279, 0.0921857178, -0.157220703, -0.291509695, 0.873700091, -0.389141649, -0.463500977, 0.226806641, 0.856567383, 0.836788204, 0.430142398, 0.338974283, 0, -0, 0, 0, 0, 0, 0, 0.178523779, 0.0858562012, -0.149332861, 0.061338313, 0.498293901, -0.864696439, -0.197143555, -0.843139648, -0.5, -0.978317845, 0.201259706, 0.0464658344, 0, 3, 5, 1, 
949.563916, 69, 0.1, 0.1, 0.00583349406, 0.352968514, -0.0199616374, 0.893362042, -1.23055144e-005, 0.44933758, 0.44933758, 1.06708222e-005, -0.893362042, 6.19847803e-006, 1, 1.50622376e-005, 0.893362015, -6.13163632e-006, 0.449337635, 0.449337635, -1.77757521e-005, -0.893362015, 1.34650854e-005, 1, -1.31250067e-005, 0, 0, 0, 0, 0, 0, 0, 0.0954014893, 0.0888094727, -0.157495361, -0.291509695, 0.873700091, -0.389141649, -0.463500977, 0.226806641, 0.856567383, 0.836788204, 0.430142398, 0.338974283, 0, -0, 0, 0, 0, 0, 0, 0.178523779, 0.0858562012, -0.149332861, 0.061338313, 0.498293901, -0.864696439, -0.197143555, -0.843139648, -0.5, -0.978317845, 0.201259706, 0.0464658344, 0, 3, 5, 1, 
949.564709, 69, 0.1, 0.1, 0.00583349994, 0.35296851, -0.0199615019, 0.893362283, -8.67549187e-007, 0.449337103, 0.449337103, -3.27778567e-005, -0.893362282, 1.55033429e-005, 0.999999999, -2.88926789e-005, 0.893362235, -4.08257221e-007, 0.449337198, 0.449337197, -1.76364025e-005, -0.893362235, 8.28941324e-006, 1, -1.55722508e-005, 0, 0, 0, 0, 0, 0, 0, 0.0954014893, 0.0888094727, -0.157495361, -0.291509695, 0.873700091, -0.389141649, -0.463500977, 0.226806641, 0.856567383, 0.836788204, 0.430142398, 0.338974283, 0, -0, 0, 0, 0, 0, 0, 0.178523779, 0.0858562012, -0.149332861, 0.061338313, 0.498293901, -0.864696439, -0.197143555, -0.843139648, -0.5, -0.978317845, 0.201259706, 0.0464658344, 0, 3, 5, 1, 
949.565517, 69, 0.1, 0.1, 0.00583350669, 0.352968507, -0.019962618, 0.893362402, -2.56488608e-005, 0.449336864, 0.449336865, 1.83896956e-005, -0.893362402, 1.46505597e-005, 1, 2.79536413e-005, 0.893362402, -6.24111206e-006, 0.449336866, 0.449336866, 2.95326854e-005, -0.893362401, -7.69454944e-006, 1, 2.91877525e-005, 0, 0, 0, 0, 0, 0, 0, 0.0954014893, 0.0888094727, -0.157495361, -0.2984045, 0.868418707, -0.395715569, -0.469848633, 0.227172852, 0.853027344, 0.830711901, 0.440495466, 0.340386265, 0, -0, 0, 0, 0, 0, 0, 0.178523779, 0.0858562012, -0.149332861, 0.061338313, 0.498293901, -0.864696439, -0.197143555, -0.843139648, -0.5, -0.978317845, 0.201259706, 0.0464658344, 0, 3, 5, 1, 
949.566326, 69, 0.1, 0.1, 0.00583351233, 0.352968508, -0.0199641953, 0.89336225, 1.04388646e-005, 0.449337167, 0.449337167, -8.58318516e-006, -0.89336225, -5.46894351e-006, 1, -1.23584635e-005, 0.893362292, 2.22149326e-005, 0.449337083, 0.449337084, -1.82561001e-005, -0.893362292, -1.16428403e-005, 1, -2.62913045e-005, 0, 0, 0, 0, 0, 0, 0, 0.0968165771, 0.0849991943, -0.157380542, -0.2984045, 0.868418707, -0.395715569, -0.469848633, 0.227172852, 0.853027344, 0.830711901, 0.440495466, 0.340386265, 0, -0, 0, 0, 0, 0, 0, 0.179823291, 0.0830317383, -0.149201807, 0.058168745, 0.49299524, -0.868026055, -0.185302734, -0.848999023, -0.494628906, -0.980860349, 0.189778694, 0.0419426256, 0, 3, 5, 1, 
949.567149, 69, 0.1, 0.1, 0.00583352073, 0.352968505, -0.0199660252, 0.893362077, 1.88842718e-005, 0.449337511, 0.449337511, -9.45973334e-006, -0.893362077, -1.26198792e-005, 1, -1.69363787e-005, 0.893362094, -1.16289647e-007, 0.449337477, 0.449337477, 1.38363857e-005, -0.893362094, -6.1133179e-006, 1, 1.24131558e-005, 0, 0, 0, 0, 0, 0, 0, 0.0968165771, 0.0849991943, -0.157380542, -0.2984045, 0.868418707, -0.395715569, -0.469848633, 0.227172852, 0.853027344, 0.830711901, 0.440495466, 0.340386265, 0, -0, 0, 0, 0, 0, 0, 0.179823291, 0.0830317383, -0.149201807, 0.058168745, 0.49299524, -0.868026055, -0.185302734, -0.848999023, -0.494628906, -0.980860349, 0.189778694, 0.0419426256, 0, 3, 5, 1, 
949.568024, 69, 0.1, 0.1, 0.00583352804, 0.352968505, -0.019966314, 0.893362165, -4.55839678e-006, 0.449337337, 0.449337337, 2.7095061e-005, -0.893362165, -8.10252331e-006, 1, 2.62539602e-005, 0.893362124, -1.64250954e-005, 0.449337417, 0.449337418, 8.02684209e-006, -0.893362124, 1.10667976e-005, 1, 1.45512866e-005, 0, 0, 0, 0, 0, 0, 0, 0.0968165771, 0.0849991943, -0.157380542, -0.2984045, 0.868418707, -0.395715569, -0.469848633, 0.227172852, 0.853027344, 0.830711901, 0.440495466, 0.340386265, 0, -0, 0, 0, 0, 0, 0, 0.179823291, 0.0830317383, -0.149201807, 0.058168745, 0.49299524, -0.868026055, -0.185302734, -0.848999023, -0.494628906, -0.980860349, 0.189778694, 0.0419426256, 0, 3, 5, 1, 
949.56881, 69, 0.1, 0.1, 0.0058335336, 0.352968505, -0.0199659235, 0.893362384, 5.3911318e-006, 0.449336902, 0.449336902, -2.44414748e-005, -0.893362384, 6.16622219e-006, 1, -2.42575286e-005, 0.893362345, -3.813107e-007, 0.44933698, 0.44933698, -2.85231173e-005, -0.893362344, 1.315714e-005, 1, -2.53101419e-005, 0, 0, 0, 0, 0, 0, 0, 0.0968165771, 0.0849991943, -0.157380542, -0.2984045, 0.868418707, -0.395715569, -0.469848633, 0.227172852, 0.853027344, 0.830711901, 0.440495466, 0.340386265, 0, -0, 0, 0, 0, 0, 0, 0.179823291, 0.0830317383, -0.149201807, 0.058168745, 0.49299524, -0.868026055, -0.185302734, -0.848999023, -0.494628906, -0.980860349, 0.189778694, 0.0419426256, 0, 3, 5, 1, 
949.569594, 69, 0.1, 0.1, 0.00583353988, 0.3529685, -0.0199654898, 0.893362443, -1.67488458e-005, 0.449336784, 0.449336784, 3.11790743e-006, -0.893362443, 1.35617993e-005, 1, 1.03112939e-005, 0.893362451, -1.76612916e-005, 0.449336767, 0.449336767, 1.80296222e-005, -0.893362451, 7.67656263e-006, 1, 2.40428552e-005, 0, 0, 0, 0, 0, 0, 0, 0.0968165771, 0.0849991943, -0.157380542, -0.2984045, 0.868418707, -0.395715569, -0.469848633, 0.227172852, 0.853027344, 0.830711901, 0.440495466, 0.340386265, 0, -0, 0, 0, 0, 0, 0, 0.179823291, 0.0830317383, -0.149201807, 0.058168745, 0.49299524, -0.868026055, -0.185302734, -0.848999023, -0.494628906, -0.980860349, 0.189778694, 0.0419426256, 0, 3, 5, 1, 
949.570413, 69, 0.1, 0.1, 0.00583354391, 0.352968501, -0.0199650049, 0.893362272, -1.80105264e-005, 0.449337123, 0.449337124, 1.14722917e-005, -0.893362272, 1.09349983e-005, 1, 1.83417107e-005, 0.893362317, 1.31636859e-005, 0.449337035, 0.449337035, -4.29595478e-006, -0.893362317, -9.82960934e-006, 1, -9.7527757e-006, 0, 0, 0, 0, 0, 0, 0, 0.0982417969, 0.0809256348, -0.157344214, -0.305121449, 0.862331544, -0.403743411, -0.475708008, 0.229248047, 0.849243164, 0.824978205, 0.451223341, 0.340421831, 0, -0, 0, 0, 0, 0, 0, 0.179823291, 0.0830317383, -0.149201807, 0.0553378622, 0.486552926, -0.871841276, -0.173950195, -0.854980469, -0.48828125, -0.98312177, 0.178668449, 0.0373683775, 0, 3, 5, 1, 
949.571205, 69, 0.1, 0.1, 0.00583355059, 0.352968498, -0.0199644281, 0.893362154, 1.53198004e-005, 0.449337359, 0.449337359, -2.0377473e-005, -0.893362153, -4.52977e-006, 1, -2.50882219e-005, 0.893362157, 1.64995959e-005, 0.449337353, 0.449337353, -5.37532387e-006, -0.893362157, -1.23247808e-005, 1, -1.22159957e-005, 0, 0, 0, 0, 0, 0, 0, 0.0982417969, 0.0809256348, -0.157344214, -0.305121449, 0.862331544, -0.403743411, -0.475708008, 0.229248047, 0.849243164, 0.824978205, 0.451223341, 0.340421831, 0, -0, 0, 0, 0, 0, 0, 0.181151123, 0.0799161621, -0.148657471, 0.0553378622, 0.486552926, -0.871841276, -0.173950195, -0.854980469, -0.48828125, -0.98312177, 0.178668449, 0.0373683775, 0, 3, 5, 1, 
949.571995, 69, 0.1, 0.1, 0.00583355834, 0.352968496, -0.0199642474, 0.893362283, -1.28846496e-006, 0.449337101, 0.449337101, 2.64029529e-005, -0.893362283, -1.07127603e-005, 1, 2.41663574e-005, 0.89336224, -7.71133082e-006, 0.449337187, 0.449337187, 2.5155699e-005, -0.89336224, -4.41437924e-006, 1, 2.59381393e-005, 0, 0, 0, 0, 0, 0, 0, 0.0982417969, 0.0809256348, -0.157344214, -0.305121449, 0.862331544, -0.403743411, -0.475708008, 0.229248047, 0.849243164, 0.824978205, 0.451223341, 0.340421831, 0, -0, 0, 0, 0, 0, 0, 0.181151123, 0.0799161621, -0.148657471, 0.0553378622, 0.486552926, -0.871841276, -0.173950195, -0.854980469, -0.48828125, -0.98312177, 0.178668449, 0.0373683775, 0, 3, 5, 1, 
949.572782, 69, 0.1, 0.1, 0.00583356377, 0.352968498, -0.0199645133, 0.893362498, 1.19035243e-005, 0.449336674, 0.449336674, -1.0888598e-005, -0.893362498, -5.74151576e-006, 1, -1.50761551e-005, 0.893362462, 1.31008561e-006, 0.449336747, 0.449336747, -3.1972776e-005, -0.893362461, 1.31961619e-005, 0.999999999, -2.91519475e-005, 0, 0, 0, 0, 0, 0, 0, 0.0982417969, 0.0809256348, -0.157344214, -0.305121449, 0.862331544, -0.403743411, -0.475708008, 0.229248047, 0.849243164, 0.824978205, 0.451223341, 0.340421831, 0, -0, 0, 0, 0, 0, 0, 0.181151123, 0.0799161621, -0.148657471, 0.0553378622, 0.486552926, -0.871841276, -0.173950195, -0.854980469, -0.48828125, -0.98312177, 0.178668449, 0.0373683775, 0, 3, 5, 1, 
949.573568, 69, 0.1, 0.1, 0.00583357154, 0.352968495, -0.0199651243, 0.8933625, -4.49835549e-006, 0.449336671, 0.449336671, -1.90278224e-005, -0.8933625, 1.25685605e-005, 1, -1.49774669e-005, 0.893362517, -2.19786758e-005, 0.449336636, 0.449336636, -2.15163993e-007, -0.893362518, 1.97316062e-005, 1, 9.68360478e-006, 0, 0, 0, 0, 0, 0, 0, 0.0982417969, 0.0809256348, -0.157344214, -0.305121449, 0.862331544, -0.403743411, -0.475708008, 0.229248047, 0.849243164, 0.824978205, 0.451223341, 0.340421831, 0, -0, 0, 0, 0, 0, 0, 0.181151123, 0.0799161621, -0.148657471, 0.0553378622, 0.486552926, -0.871841276, -0.173950195, -0.854980469, -0.48828125, -0.98312177, 0.178668449, 0.0373683775, 0, 3, 5, 1, 
949.574358, 69, 0.1, 0.1, 0.00583357662, 0.352968494, -0.0199658478, 0.893362311, -2.68533838e-005, 0.449337045, 0.449337046, 1.72257293e-005, -0.893362311, 1.62496428e-005, 0.999999999, 2.74550375e-005, 0.893362348, -1.65977549e-005, 0.449336972, 0.449336972, 8.5794475e-006, -0.893362348, 1.09727464e-005, 1, 1.51225403e-005, 0, 0, 0, 0, 0, 0, 0, 0.0982417969, 0.0809256348, -0.157344214, -0.305121449, 0.862331544, -0.403743411, -0.475708008, 0.229248047, 0.849243164, 0.824978205, 0.451223341, 0.340421831, 0, -0, 0, 0, 0, 0, 0, 0.181151123, 0.0799161621, -0.148657471, 0.0553378622, 0.486552926, -0.871841276, -0.173950195, -0.854980469, -0.48828125, -0.98312177, 0.178668449, 0.0373683775, 0, 3, 5, 1, 
949.575162, 69, 0.1, 0.1, 0.00583358165, 0.352968493, -0.0199664071, 0.893362233, -2.24258112e-006, 0.449337202, 0.449337202, -2.42466323e-005, -0.893362233, 1.28983512e-005, 1, -2.06533505e-005, 0.893362228, 1.59109108e-005, 0.449337211, 0.449337211, -1.65941813e-005, -0.893362228, -6.7578236e-006, 1, -2.19739791e-005, 0, 0, 0, 0, 0, 0, 0, 0.0982417969, 0.0809256348, -0.157344214, -0.3152536, 0.856429349, -0.408794139, -0.482421875, 0.226318359, 0.846191406, 0.817189993, 0.46389939, 0.342086931, 0, -0, 0, 0, 0, 0, 0, 0.181151123, 0.0799161621, -0.148657471, 0.0553378622, 0.486552926, -0.871841276, -0.173950195, -0.854980469, -0.48828125, -0.98312177, 0.178668449, 0.0373683775, 0, 3, 5, 1, 
949.575966, 69, 0.1, 0.1, 0.00583358904, 0.352968489, -0.0199662535, 0.893362391, -4.56091618e-007, 0.449336888, 0.449336888, 1.42966939e-005, -0.893362391, -6.01657684e-006, 1, 1.29770674e-005, 0.893362348, -1.41345097e-006, 0.449336973, 0.449336973, 2.96661277e-005, -0.893362347, -1.20673642e-005, 1, 2.71377173e-005, 0, 0, 0, 0, 0, 0, 0, 0.0994862305, 0.0777604248, -0.157374023, -0.3152536, 0.856429349, -0.408794139, -0.482421875, 0.226318359, 0.846191406, 0.817189993, 0.46389939, 0.342086931, 0, -0, 0, 0, 0, 0, 0, 0.182412549, 0.0772861328, -0.148506396, 0.0515357666, 0.481285982, -0.874953609, -0.160888672, -0.860595703, -0.482910156, -0.98548527, 0.165717857, 0.0331134915, 0, 3, 5, 1, 
949.576753, 69, 0.1, 0.1, 0.00583359377, 0.35296849, -0.0199658968, 0.893362566, 6.21840549e-006, 0.44933654, 0.44933654, 1.66563952e-005, -0.893362566, -1.30396177e-005, 1, 1.20860432e-005, 0.893362548, 1.22913118e-005, 0.449336574, 0.449336575, -7.23928888e-006, -0.893362548, -7.72772032e-006, 1, -1.19902455e-005, 0, 0, 0, 0, 0, 0, 0, 0.0994862305, 0.0777604248, -0.157374023, -0.3152536, 0.856429349, -0.408794139, -0.482421875, 0.226318359, 0.846191406, 0.817189993, 0.46389939, 0.342086931, 0, -0, 0, 0, 0, 0, 0, 0.182412549, 0.0772861328, -0.148506396, 0.0515357666, 0.481285982, -0.874953609, -0.160888672, -0.860595703, -0.482910156, -0.98548527, 0.165717857, 0.0331134915, 0, 3, 5, 1, 
949.577555, 69, 0.1, 0.1, 0.00583360012, 0.352968489, -0.019965443, 0.893362506, 2.17068074e-005, 0.449336658, 0.449336659, -2.15677239e-005, -0.893362506, -9.70087883e-006, 1, -2.90214602e-005, 0.893362544, -2.0594604e-006, 0.449336583, 0.449336583, -1.95639145e-005, -0.893362544, 1.06306273e-005, 1, -1.65522775e-005, 0, 0, 0, 0, 0, 0, 0, 0.0994862305, 0.0777604248, -0.157374023, -0.322389539, 0.851211245, -0.413978538, -0.488037109, 0.225219727, 0.843261719, 0.811151883, 0.47387166, 0.34290806, 0, -0, 0, 0, 0, 0, 0, 0.182412549, 0.0772861328, -0.148506396, 0.0515357666, 0.481285982, -0.874953609, -0.160888672, -0.860595703, -0.482910156, -0.98548527, 0.165717857, 0.0331134915, 0, 3, 5, 1, 
949.578357, 69, 0.1, 0.1, 0.00583360592, 0.352968487, -0.0199647158, 0.893362305, -1.82725415e-005, 0.449337059, 0.449337059, 1.92364063e-005, -0.893362304, 7.68036956e-006, 1, 2.53956103e-005, 0.89336234, -2.46129559e-005, 0.449336989, 0.449336989, 1.68987264e-005, -0.89336234, 1.4395065e-005, 1, 2.61561973e-005, 0, 0, 0, 0, 0, 0, 0, 0.100889111, 0.0739522217, -0.15718999, -0.322389539, 0.851211245, -0.413978538, -0.488037109, 0.225219727, 0.843261719, 0.811151883, 0.47387166, 0.34290806, 0, -0, 0, 0, 0, 0, 0, 0.183718896, 0.0744931641, -0.148100342, 0.0483151594, 0.476485687, -0.877752775, -0.149291992, -0.865478516, -0.478027344, -0.987542167, 0.154166482, 0.0293824913, 0, 3, 5, 1, 
