time, trialNum, realDorsalTactorPos, realVentralTactorPos, boxPosX, boxPosY, boxPosZ, boxLocalRot_11, boxLocalRot_12, boxLocalRot_13, boxLocalRot_21, boxLocalRot_22, boxLocalRot_23, boxLocalRot_31, boxLocalRot_32, boxLocalRot_33, boxGlobalRot_11, boxGlobalRot_12, boxGlobalRot_13, boxGlobalRot_21, boxGlobalRot_22, boxGlobalRot_23, boxGlobalRot_31, boxGlobalRot_32, boxGlobalRot_33, indexForceX, indexForceY, indexForceZ, indexForceGlobalX, indexForceGlobalY, indexForceGlobalZ, indexContact, indexPosX, indexPosY, indexPosZ, indexRot_11, indexRot_12, indexRot_13, indexRot_21, indexRot_22, indexRot_23, indexRot_31, indexRot_32, indexRot_33, thumbForceX, thumbForceY, thumbForceZ, thumbForceGlobalX, thumbForceGlobalY, thumbForceGlobalZ, thumbContact, thumbPosX, thumbPosY, thumbPosZ, thumbRot_11, thumbRot_12, thumbRot_13, thumbRot_21, thumbRot_22, thumbRot_23, thumbRot_31, thumbRot_32, thumbRot_33, manipForceTooHigh, cceExpType, mapping, trialSuccess, 
311.799853, 39, 0.1, 0.1, 0.225, -0.115000005, -0.0199424727, 0.707106783, -0.707106779, -5.14256597e-007, 0.707106776, 0.70710678, -9.18927624e-005, 6.53416296e-005, 6.46143612e-005, 0.999999996, 0.707106781, -0.707106781, -5.72797489e-007, 0.707106777, 0.707106777, -0.000110576078, 7.85941238e-005, 7.77840658e-005, 0.999999994, 0, 0, 0, 0, 0, 0, 0, 0.21507605, -0.164117041, -0.125676099, -0.797932143, 0.283222725, -0.531931901, -0.548217773, 0.025390625, 0.8359375, 0.250342746, 0.958708434, 0.135046021, 0, 0, 0, 0, 0, 0, 0, 0.276545215, -0.0985117676, -0.117456592, -0.41447955, 0.409352868, -0.812774799, 0.458374023, -0.677490234, -0.575073242, -0.786156951, -0.610825696, 0.0931645692, 1, 3, 1, 0, 
311.800634, 39, 0.1, 0.1, 0.225, -0.115000014, -0.0199456995, 0.707106779, -0.707106783, -1.16586203e-006, 0.707106781, 0.707106778, 7.18147374e-005, -4.9956299e-005, -5.16050766e-005, 0.999999997, 0.707106782, -0.70710678, 7.96085e-007, 0.707106777, 0.70710678, 8.62856003e-005, -6.15760501e-005, -6.04502161e-005, 0.999999996, 0, 0, 0, 0, 0, 0, 0, 0.21507605, -0.164117041, -0.125676099, -0.797932143, 0.283222725, -0.531931901, -0.548217773, 0.025390625, 0.8359375, 0.250342746, 0.958708434, 0.135046021, 0, 0, 0, 0, 0, 0, 0, 0.276545215, -0.0985117676, -0.117456592, -0.41447955, 0.409352868, -0.812774799, 0.458374023, -0.677490234, -0.575073242, -0.786156951, -0.610825696, 0.0931645692, 1, 3, 1, 0, 
311.801415, 39, 0.1, 0.1, 0.225, -0.115000004, -0.0199551716, 0.707106754, -0.707106809, 9.47933497e-007, 0.707106807, 0.707106752, -7.22429512e-005, 5.04131925e-005, 5.1753769e-005, 0.999999997, 0.707106761, -0.707106801, -1.24126584e-006, 0.707106799, 0.707106759, -8.32679092e-005, 5.97570124e-005, 5.80015941e-005, 0.999999997, 0, 0, 0, 0, 0, 0, 0, 0.21507605, -0.164117041, -0.125676099, -0.797932143, 0.283222725, -0.531931901, -0.548217773, 0.025390625, 0.8359375, 0.250342746, 0.958708434, 0.135046021, 0, 0, 0, 0, 0, 0, 0, 0.276545215, -0.0985117676, -0.117456592, -0.41447955, 0.409352868, -0.812774799, 0.458374023, -0.677490234, -0.575073242, -0.786156951, -0.610825696, 0.0931645692, 1, 3, 1, 0, 
311.802195, 39, 0.1, 0.1, 0.225, -0.115000009, -0.0199670576, 0.707106709, -0.707106853, 1.32186322e-006, 0.707106852, 0.707106708, 4.80687503e-005, -3.49244411e-005, -3.30550373e-005, 0.999999999, 0.707106719, -0.707106844, 2.41567695e-006, 0.707106842, 0.707106718, 5.33798618e-005, -3.9453407e-005, -3.60371172e-005, 0.999999999, 0, 0, 0, 0, 0, 0, 0, 0.21507605, -0.164117041, -0.125676099, -0.797932143, 0.283222725, -0.531931901, -0.548217773, 0.025390625, 0.8359375, 0.250342746, 0.958708434, 0.135046021, 0, 0, 0, 0, 0, 0, 0, 0.276545215, -0.0985117676, -0.117456592, -0.41447955, 0.409352868, -0.812774799, 0.458374023, -0.677490234, -0.575073242, -0.786156951, -0.610825696, 0.0931645692, 1, 3, 1, 0, 
311.803001, 39, 0.1, 0.1, 0.225, -0.115000006, -0.0199773501, 0.707106652, -0.70710691, -3.56777212e-006, 0.70710691, 0.707106652, -3.10625526e-005, 2.4487341e-005, 1.94417413e-005, 1, 0.707106662, -0.7071069, -3.56090129e-006, 0.7071069, 0.707106662, -3.59373867e-005, 2.79295111e-005, 2.28936277e-005, 0.999999999, 0, 0, 0, 0, 0, 0, 0, 0.216230103, -0.164908936, -0.125665479, -0.797258913, 0.285234179, -0.531848404, -0.548583984, 0.0245361328, 0.835693359, 0.251472036, 0.958142667, 0.13713386, 0, 0, 0, 0, 0, 0, 0, 0.277588672, -0.0986888672, -0.117820068, -0.415770125, 0.410291998, -0.811560783, 0.458129883, -0.676269531, -0.576660156, -0.78555614, -0.611586188, 0.0932921675, 1, 3, 1, 0, 
311.803782, 39, 0.1, 0.1, 0.225000001, -0.115000009, -0.0199825938, 0.707106608, -0.707106954, 9.35280736e-007, 0.707106954, 0.707106608, 2.42218846e-005, -1.77888062e-005, -1.64661112e-005, 1, 0.707106614, -0.707106948, -5.01371053e-007, 0.707106948, 0.707106614, 2.83767504e-005, -1.97108746e-005, -2.04199108e-005, 1, 0, 0, 0, 0, 0, 0, 0, 0.216230103, -0.164908936, -0.125665479, -0.797258913, 0.285234179, -0.531848404, -0.548583984, 0.0245361328, 0.835693359, 0.251472036, 0.958142667, 0.13713386, 0, 0, 0, 0, 0, 0, 0, 0.277588672, -0.0986888672, -0.117820068, -0.415770125, 0.410291998, -0.811560783, 0.458129883, -0.676269531, -0.576660156, -0.78555614, -0.611586188, 0.0932921675, 1, 3, 1, 0, 
311.804561, 39, 0.1, 0.1, 0.225, -0.115000006, -0.0199820145, 0.707106587, -0.707106976, 3.4588773e-006, 0.707106976, 0.707106586, -1.55552816e-005, 8.55345324e-006, 1.34450384e-005, 1, 0.707106591, -0.707106972, 3.59225735e-006, 0.707106972, 0.70710659, -2.25552661e-005, 1.3408877e-005, 1.84890875e-005, 1, 0, 0, 0, 0, 0, 0, 0, 0.216230103, -0.164908936, -0.125665479, -0.797258913, 0.285234179, -0.531848404, -0.548583984, 0.0245361328, 0.835693359, 0.251472036, 0.958142667, 0.13713386, 0, 0, 0, 0, 0, 0, 0, 0.277588672, -0.0986888672, -0.117820068, -0.415770125, 0.410291998, -0.811560783, 0.458129883, -0.676269531, -0.576660156, -0.78555614, -0.611586188, 0.0932921675, 1, 3, 1, 0, 
311.805368, 39, 0.1, 0.1, 0.225000003, -0.115000009, -0.0199758431, 0.707106438, -0.707107124, -2.18388269e-005, 0.707107124, 0.707106438, 5.38102614e-006, 1.16374132e-005, -1.92473483e-005, 1, 0.707106485, -0.707107077, -2.6080597e-005, 0.707107078, 0.707106485, 1.28017672e-005, 9.3895391e-006, -2.74939874e-005, 1, 0, 0, 0, 0, 0, 0, 0, 0.217384155, -0.165477588, -0.125662305, -0.796585684, 0.287245633, -0.53190457, -0.549194336, 0.0235595703, 0.835327148, 0.252601326, 0.9575769, 0.139120227, 0, 0, 0, 0, 0, 0, 0, 0.27849165, -0.0986192871, -0.117812256, -0.415661483, 0.411422892, -0.81106898, 0.458496094, -0.675292969, -0.577514648, -0.785421978, -0.611835554, 0.0921164309, 1, 3, 1, 0, 
311.806151, 39, 0.1, 0.1, 0.224999998, -0.115000006, -0.0199670097, 0.707106185, -0.707107377, 1.89781829e-005, 0.707107377, 0.707106185, -2.46425373e-005, 4.00532944e-006, 3.08445037e-005, 1, 0.707106224, -0.707107337, 3.77057494e-005, 0.707107338, 0.707106224, -2.06203392e-005, -1.20811769e-005, 4.12427823e-005, 0.999999999, 0, 0, 0, 0, 0, 0, 0, 0.217384155, -0.165477588, -0.125662305, -0.796585684, 0.287245633, -0.53190457, -0.549194336, 0.0235595703, 0.835327148, 0.252601326, 0.9575769, 0.139120227, 0, 0, 0, 0, 0, 0, 0, 0.27849165, -0.0986192871, -0.117812256, -0.415661483, 0.411422892, -0.81106898, 0.458496094, -0.675292969, -0.577514648, -0.785421978, -0.611835554, 0.0921164309, 1, 3, 1, 0, 
311.80693, 39, 0.1, 0.1, 0.225000002, -0.11500001, -0.0199588383, 0.707106148, -0.707107414, -2.39518019e-005, 0.707107414, 0.707106148, 2.84766677e-005, -3.1995965e-006, -3.70725235e-005, 0.999999999, 0.707106148, -0.707107414, -2.89840615e-005, 0.707107415, 0.707106147, 4.01323862e-005, -7.88309975e-006, -4.88727018e-005, 0.999999999, 0, 0, 0, 0, 0, 0, 0, 0.217384155, -0.165477588, -0.125662305, -0.796585684, 0.287245633, -0.53190457, -0.549194336, 0.0235595703, 0.835327148, 0.252601326, 0.9575769, 0.139120227, 0, 0, 0, 0, 0, 0, 0, 0.27849165, -0.0986192871, -0.117812256, -0.415661483, 0.411422892, -0.81106898, 0.458496094, -0.675292969, -0.577514648, -0.785421978, -0.611835554, 0.0921164309, 1, 3, 1, 0, 
311.807711, 39, 0.1, 0.1, 0.224999997, -0.115000005, -0.0199536384, 0.707105907, -0.707107653, 5.39844997e-005, 0.707107654, 0.707105908, -8.91046753e-006, -3.18720989e-005, 4.44734972e-005, 0.999999999, 0.707106, -0.70710756, 5.56759296e-005, 0.707107562, 0.707106, -2.53869311e-005, -2.14174929e-005, 5.73201222e-005, 0.999999998, 0, 0, 0, 0, 0, 0, 0, 0.217384155, -0.165477588, -0.125662305, -0.796585684, 0.287245633, -0.53190457, -0.549194336, 0.0235595703, 0.835327148, 0.252601326, 0.9575769, 0.139120227, 0, 0, 0, 0, 0, 0, 0, 0.27849165, -0.0986192871, -0.117812256, -0.415661483, 0.411422892, -0.81106898, 0.458496094, -0.675292969, -0.577514648, -0.785421978, -0.611835554, 0.0921164309, 1, 3, 1, 0, 
311.808494, 39, 0.1, 0.1, 0.225000006, -0.115000007, -0.019952849, 0.707105148, -0.70710841, -7.68258029e-005, 0.707108412, 0.707105151, -5.45620386e-006, 5.81820486e-005, -5.04660616e-005, 0.999999997, 0.707105331, -0.707108226, -8.27338088e-005, 0.707108229, 0.707105333, 4.75638703e-006, 5.5138237e-005, -6.18650236e-005, 0.999999997, 0, 0, 0, 0, 0, 0, 0, 0.217384155, -0.165477588, -0.125662305, -0.796585684, 0.287245633, -0.53190457, -0.549194336, 0.0235595703, 0.835327148, 0.252601326, 0.9575769, 0.139120227, 0, 0, 0, 0, 0, 0, 0, 0.27849165, -0.0986192871, -0.117812256, -0.415661483, 0.411422892, -0.81106898, 0.458496094, -0.675292969, -0.577514648, -0.785421978, -0.611835554, 0.0921164309, 1, 3, 1, 0, 
311.809293, 39, 0.1, 0.1, 0.224999998, -0.115000007, -0.0199561887, 0.707104005, -0.707109553, 8.24519679e-005, 0.707109554, 0.707104008, 2.28436699e-005, -7.44550942e-005, 4.21497237e-005, 0.999999996, 0.707104263, -0.707109295, 8.19999827e-005, 0.707109297, 0.707104265, 9.27809046e-006, -6.45431616e-005, 5.14223728e-005, 0.999999997, 0, 0, 0, 0, 0, 0, 0, 0.217384155, -0.165477588, -0.125662305, -0.796585684, 0.287245633, -0.53190457, -0.549194336, 0.0235595703, 0.835327148, 0.252601326, 0.9575769, 0.139120227, 0, 0, 0, 0, 0, 0, 0, 0.27849165, -0.0986192871, -0.117812256, -0.415661483, 0.411422892, -0.81106898, 0.458496094, -0.675292969, -0.577514648, -0.785421978, -0.611835554, 0.0921164309, 1, 3, 1, 0, 
311.810102, 39, 0.1, 0.1, 0.225000002, -0.115000011, -0.0199623339, 0.70710241, -0.707111148, -7.8796219e-005, 0.707111149, 0.707102413, -2.79769183e-005, 7.54997874e-005, -3.59351385e-005, 0.999999997, 0.707102806, -0.707110754, -6.06136804e-005, 0.707110755, 0.707102807, 3.76652367e-006, 4.01967542e-005, -4.55239048e-005, 0.999999998, 0, 0, 0, 0, 0, 0, 0, 0.217384155, -0.165477588, -0.125662305, -0.795951768, 0.287486768, -0.53274742, -0.55078125, 0.0211181641, 0.834350586, 0.251141413, 0.957538708, 0.141601968, 0, 0, 0, 0, 0, 0, 0, 0.27849165, -0.0986192871, -0.117812256, -0.415661483, 0.411422892, -0.81106898, 0.458496094, -0.675292969, -0.577514648, -0.785421978, -0.611835554, 0.0921164309, 1, 3, 1, 0, 
311.810905, 39, 0.1, 0.1, 0.22500001, -0.114999996, -0.0199688292, 0.707100285, -0.707113277, 9.90748062e-006, 0.707113277, 0.707100284, -4.33836234e-005, 2.36715538e-005, 3.76822836e-005, 0.999999999, 0.707100743, -0.70711282, -1.26477553e-005, 0.707112817, 0.707100741, -7.25109908e-005, 6.02166882e-005, 4.23291856e-005, 0.999999997, 0, 0, 0, 0, 0, 0, 0, 0.218751563, -0.165688623, -0.125251343, -0.795951768, 0.287486768, -0.53274742, -0.55078125, 0.0211181641, 0.834350586, 0.251141413, 0.957538708, 0.141601968, 0, 0, 0, 0, 0, 0, 0, 0.279398047, -0.0987880859, -0.117584619, -0.415578361, 0.412483423, -0.810551657, 0.459228516, -0.674072266, -0.578369141, -0.785045014, -0.612583287, 0.0906978912, 1, 3, 1, 0, 
311.811685, 39, 0.1, 0.1, 0.225000002, -0.115000007, -0.0199737009, 0.707097988, -0.707115574, 3.99073819e-005, 0.707115571, 0.707097988, 6.92878943e-005, -7.72129785e-005, -2.07741995e-005, 0.999999997, 0.707098426, -0.707115136, 3.97565589e-005, 0.707115132, 0.707098426, 7.3739428e-005, -8.02540659e-005, -2.4028569e-005, 0.999999996, 0, 0, 0, 0, 0, 0, 0, 0.218751563, -0.165688623, -0.125251343, -0.795951768, 0.287486768, -0.53274742, -0.55078125, 0.0211181641, 0.834350586, 0.251141413, 0.957538708, 0.141601968, 0, 0, 0, 0, 0, 0, 0, 0.279398047, -0.0987880859, -0.117584619, -0.415578361, 0.412483423, -0.810551657, 0.459228516, -0.674072266, -0.578369141, -0.785045014, -0.612583287, 0.0906978912, 1, 3, 1, 0, 
311.812465, 39, 0.1, 0.1, 0.224999999, -0.115000006, -0.0199757392, 0.707096109, -0.707117453, -2.93028337e-005, 0.707117451, 0.707096109, -4.84786812e-005, 5.50000413e-005, 1.35585418e-005, 0.999999998, 0.707096409, -0.707117154, -5.12362921e-006, 0.707117153, 0.707096408, -3.48257001e-005, 2.82487497e-005, 2.10021213e-005, 0.999999999, 0, 0, 0, 0, 0, 0, 0, 0.218751563, -0.165688623, -0.125251343, -0.795951768, 0.287486768, -0.53274742, -0.55078125, 0.0211181641, 0.834350586, 0.251141413, 0.957538708, 0.141601968, 0, 0, 0, 0, 0, 0, 0, 0.279398047, -0.0987880859, -0.117584619, -0.415578361, 0.412483423, -0.810551657, 0.459228516, -0.674072266, -0.578369141, -0.785045014, -0.612583287, 0.0906978912, 1, 3, 1, 0, 
311.813243, 39, 0.1, 0.1, 0.225000009, -0.114999997, -0.0199745655, 0.707094827, -0.707118734, -2.17283519e-005, 0.707118734, 0.707094828, -2.75196195e-005, 3.48236438e-005, 4.09445591e-006, 0.999999999, 0.707095079, -0.707118482, -3.89113652e-005, 0.707118481, 0.70709508, -4.35008664e-005, 5.82743015e-005, 3.24430311e-006, 0.999999998, 0, 0, 0, 0, 0, 0, 0, 0.218751563, -0.165688623, -0.125251343, -0.795951768, 0.287486768, -0.53274742, -0.55078125, 0.0211181641, 0.834350586, 0.251141413, 0.957538708, 0.141601968, 0, 0, 0, 0, 0, 0, 0, 0.279398047, -0.0987880859, -0.117584619, -0.415578361, 0.412483423, -0.810551657, 0.459228516, -0.674072266, -0.578369141, -0.785045014, -0.612583287, 0.0906978912, 1, 3, 1, 0, 
311.814038, 39, 0.1, 0.1, 0.225, -0.115000005, -0.0199705863, 0.707093702, -0.707119858, 6.07127114e-005, 0.707119855, 0.707093704, 6.00795614e-005, -8.54130269e-005, 4.49284206e-007, 0.999999996, 0.707093909, -0.70711965, 6.48451115e-005, 0.707119648, 0.707093912, 5.18471777e-005, -8.25137418e-005, 9.19242888e-006, 0.999999997, 0, 0, 0, 0, 0, 0, 0, 0.218751563, -0.165688623, -0.125251343, -0.795951768, 0.287486768, -0.53274742, -0.55078125, 0.0211181641, 0.834350586, 0.251141413, 0.957538708, 0.141601968, 0, 0, 0, 0, 0, 0, 0, 0.279398047, -0.0987880859, -0.117584619, -0.415578361, 0.412483423, -0.810551657, 0.459228516, -0.674072266, -0.578369141, -0.785045014, -0.612583287, 0.0906978912, 1, 3, 1, 0, 
311.814819, 39, 0.1, 0.1, 0.224999999, -0.115000009, -0.019965424, 0.707092486, -0.707121076, -1.98313229e-005, 0.707121074, 0.707092486, -5.29787558e-005, 5.14849742e-005, 2.34377338e-005, 0.999999998, 0.707092782, -0.70712078, -1.83059778e-005, 0.70712078, 0.707092782, -1.26631413e-005, 2.18983951e-005, -3.9905215e-006, 1, 0, 0, 0, 0, 0, 0, 0, 0.218751563, -0.165688623, -0.125251343, -0.795951768, 0.287486768, -0.53274742, -0.55078125, 0.0211181641, 0.834350586, 0.251141413, 0.957538708, 0.141601968, 0, 0, 0, 0, 0, 0, 0, 0.279398047, -0.0987880859, -0.117584619, -0.415578361, 0.412483423, -0.810551657, 0.459228516, -0.674072266, -0.578369141, -0.785045014, -0.612583287, 0.0906978912, 1, 3, 1, 0, 
311.815624, 39, 0.1, 0.1, 0.225000003, -0.115, -0.0199603507, 0.707091057, -0.707122505, -1.09905054e-005, 0.707122505, 0.707091056, 3.75285712e-005, -1.87660092e-005, -3.43077508e-005, 0.999999999, 0.707091323, -0.707122239, -1.42521545e-005, 0.707122238, 0.707091323, -1.82349227e-005, 2.29718941e-005, 2.81574024e-006, 1, 0, 0, 0, 0, 0, 0, 0, 0.219057935, -0.166010962, -0.124847705, -0.794465645, 0.289961396, -0.533660663, -0.551879883, 0.0218505859, 0.833618164, 0.253501465, 0.95677599, 0.142858938, 0, 0, 0, 0, 0, 0, 0, 0.279708447, -0.0995042969, -0.117165234, -0.413661822, 0.414464495, -0.810532701, 0.457763672, -0.674804688, -0.578735352, -0.786930203, -0.610411185, 0.0893497138, 1, 3, 1, 0, 
311.816405, 39, 0.1, 0.1, 0.225000003, -0.115000012, -0.0199576209, 0.707089877, -0.707123685, 1.06677312e-005, 0.707123685, 0.707089877, -8.23591344e-006, -1.7192353e-006, 1.33669364e-005, 1, 0.70709009, -0.707123472, 7.3328254e-006, 0.707123471, 0.70709009, 4.2900022e-005, -3.55205807e-005, -2.51489675e-005, 0.999999999, 0, 0, 0, 0, 0, 0, 0, 0.219057935, -0.166010962, -0.124847705, -0.794465645, 0.289961396, -0.533660663, -0.551879883, 0.0218505859, 0.833618164, 0.253501465, 0.95677599, 0.142858938, 0, 0, 0, 0, 0, 0, 0, 0.279708447, -0.0995042969, -0.117165234, -0.413661822, 0.414464495, -0.810532701, 0.457763672, -0.674804688, -0.578735352, -0.786930203, -0.610411185, 0.0893497138, 1, 3, 1, 0, 
311.817186, 39, 0.1, 0.1, 0.22500001, -0.114999998, -0.019957818, 0.707089288, -0.707124272, -5.70326245e-005, 0.707124272, 0.70708929, -2.41060229e-005, 5.73731118e-005, -2.32840425e-005, 0.999999998, 0.707089374, -0.707124186, -4.79054645e-005, 0.707124183, 0.707089376, -6.45279359e-005, 7.95027091e-005, 1.17519054e-005, 0.999999997, 0, 0, 0, 0, 0, 0, 0, 0.219057935, -0.166010962, -0.124847705, -0.794465645, 0.289961396, -0.533660663, -0.551879883, 0.0218505859, 0.833618164, 0.253501465, 0.95677599, 0.142858938, 0, 0, 0, 0, 0, 0, 0, 0.279708447, -0.0995042969, -0.117165234, -0.413661822, 0.414464495, -0.810532701, 0.457763672, -0.674804688, -0.578735352, -0.786930203, -0.610411185, 0.0893497138, 1, 3, 1, 0, 
311.817996, 39, 0.1, 0.1, 0.225000006, -0.11500001, -0.0199604284, 0.707089469, -0.707124088, 7.77406723e-005, 0.707124088, 0.707089473, 3.7937151e-005, -8.17958843e-005, 2.8147342e-005, 0.999999996, 0.707089372, -0.707124188, 5.22447049e-005, 0.707124185, 0.707089374, 6.44288101e-005, -8.25008457e-005, -8.61343247e-006, 0.999999997, 0, 0, 0, 0, 0, 0, 0, 0.219350024, -0.166291919, -0.124839771, -0.793283936, 0.2932609, -0.533615358, -0.552368164, 0.0219726562, 0.833251953, 0.256280507, 0.955759032, 0.144705642, 0, 0, 0, 0, 0, 0, 0, 0.280027148, -0.100220508, -0.116969092, -0.411623881, 0.416445566, -0.810513744, 0.456420898, -0.675537109, -0.578979492, -0.788802633, -0.608239082, 0.0880015364, 1, 3, 1, 0, 
311.818774, 39, 0.1, 0.1, 0.224999999, -0.115000004, -0.0199645436, 0.707090365, -0.707123196, -2.96457313e-005, 0.707123195, 0.707090366, -3.15349972e-005, 4.3261339e-005, 1.3349084e-006, 0.999999999, 0.707090131, -0.707123431, 1.9554112e-006, 0.707123431, 0.70709013, -4.45355595e-005, 3.01094857e-005, 3.28733717e-005, 0.999999999, 0, 0, 0, 0, 0, 0, 0, 0.219350024, -0.166291919, -0.124839771, -0.793283936, 0.2932609, -0.533615358, -0.552368164, 0.0219726562, 0.833251953, 0.256280507, 0.955759032, 0.144705642, 0, 0, 0, 0, 0, 0, 0, 0.280027148, -0.100220508, -0.116969092, -0.411623881, 0.416445566, -0.810513744, 0.456420898, -0.675537109, -0.578979492, -0.788802633, -0.608239082, 0.0880015364, 1, 3, 1, 0, 
311.819551, 39, 0.1, 0.1, 0.22500001, -0.115000015, -0.0199688765, 0.707091885, -0.707121676, -1.88434688e-005, 0.707121675, 0.707091882, 8.25850374e-005, -4.50736063e-005, -7.1719835e-005, 0.999999996, 0.707091545, -0.707122015, -4.17090476e-005, 0.707122016, 0.707091542, 7.64742634e-005, -2.45845205e-005, -8.3567691e-005, 0.999999996, 0, 0, 0, 0, 0, 0, 0, 0.219350024, -0.166291919, -0.124839771, -0.793283936, 0.2932609, -0.533615358, -0.552368164, 0.0219726562, 0.833251953, 0.256280507, 0.955759032, 0.144705642, 0, 0, 0, 0, 0, 0, 0, 0.280027148, -0.100220508, -0.116969092, -0.411623881, 0.416445566, -0.810513744, 0.456420898, -0.675537109, -0.578979492, -0.788802633, -0.608239082, 0.0880015364, 1, 3, 1, 0, 
311.820328, 39, 0.1, 0.1, 0.225000003, -0.115000017, -0.0199720069, 0.707093843, -0.707119718, 3.72290448e-005, 0.707119719, 0.707093841, -6.17943263e-005, 1.73715584e-005, 7.00197793e-005, 0.999999997, 0.70709341, -0.707120151, 4.78477294e-005, 0.707120152, 0.707093409, -2.7842978e-005, -1.41444833e-005, 5.35216799e-005, 0.999999998, 0, 0, 0, 0, 0, 0, 0, 0.219350024, -0.166291919, -0.124839771, -0.793283936, 0.2932609, -0.533615358, -0.552368164, 0.0219726562, 0.833251953, 0.256280507, 0.955759032, 0.144705642, 0, 0, 0, 0, 0, 0, 0, 0.280027148, -0.100220508, -0.116969092, -0.411623881, 0.416445566, -0.810513744, 0.456420898, -0.675537109, -0.578979492, -0.788802633, -0.608239082, 0.0880015364, 1, 3, 1, 0, 
311.821107, 39, 0.1, 0.1, 0.225000003, -0.115000003, -0.0199730515, 0.707096069, -0.707117493, -2.49190907e-005, 0.707117493, 0.70709607, -1.27225534e-005, 2.66165311e-005, -8.62465747e-006, 1, 0.707095621, -0.707117941, -1.31392009e-005, 0.707117939, 0.707095621, -4.98401783e-005, 4.45335556e-005, 2.59508072e-005, 0.999999999, 0, 0, 0, 0, 0, 0, 0, 0.219350024, -0.166291919, -0.124839771, -0.793283936, 0.2932609, -0.533615358, -0.552368164, 0.0219726562, 0.833251953, 0.256280507, 0.955759032, 0.144705642, 0, 0, 0, 0, 0, 0, 0, 0.280027148, -0.100220508, -0.116969092, -0.411623881, 0.416445566, -0.810513744, 0.456420898, -0.675537109, -0.578979492, -0.788802633, -0.608239082, 0.0880015364, 1, 3, 1, 0, 
311.821887, 39, 0.1, 0.1, 0.225000007, -0.115000011, -0.0199717456, 0.707098377, -0.707115185, -7.98976754e-006, 0.707115185, 0.707098377, 1.96332879e-005, -8.23344433e-006, -1.9532352e-005, 1, 0.70709793, -0.707115632, -1.26587891e-005, 0.707115632, 0.707097929, 4.22045795e-005, -2.08925143e-005, -3.87939985e-005, 0.999999999, 0, 0, 0, 0, 0, 0, 0, 0.219350024, -0.166291919, -0.124839771, -0.793283936, 0.2932609, -0.533615358, -0.552368164, 0.0219726562, 0.833251953, 0.256280507, 0.955759032, 0.144705642, 0, 0, 0, 0, 0, 0, 0, 0.280027148, -0.100220508, -0.116969092, -0.411623881, 0.416445566, -0.810513744, 0.456420898, -0.675537109, -0.578979492, -0.788802633, -0.608239082, 0.0880015364, 1, 3, 1, 0, 
311.822692, 39, 0.1, 0.1, 0.225000006, -0.115000005, -0.0199683099, 0.707100482, -0.70711308, 1.17766163e-005, 0.70711308, 0.707100482, -3.43460305e-006, -5.89859829e-006, 1.07560089e-005, 1, 0.70710011, -0.707113453, 9.41736157e-006, 0.707113453, 0.707100109, -3.04125942e-005, 1.48461371e-005, 2.81638917e-005, 0.999999999, 0, 0, 0, 0, 0, 0, 0, 0.219179883, -0.166707251, -0.124969751, -0.792495009, 0.298330723, -0.53195138, -0.551513672, 0.0218505859, 0.833862305, 0.260481271, 0.954214499, 0.1474083, 0, 0, 0, 0, 0, 0, 0, 0.280346338, -0.100757178, -0.116568262, -0.409956341, 0.418202791, -0.810539631, 0.456542969, -0.675170898, -0.579223633, -0.789486567, -0.607440677, 0.0859121896, 1, 3, 1, 0, 
311.823475, 39, 0.1, 0.1, 0.225000008, -0.11500001, -0.0199643377, 0.707101975, -0.707111587, 4.29884167e-006, 0.707111587, 0.707101975, 4.80925464e-006, -6.44039912e-006, -3.60872698e-007, 1, 0.707101715, -0.707111848, -1.96993736e-005, 0.707111848, 0.707101714, 1.38902183e-005, 4.10752294e-006, -2.37514576e-005, 1, 0, 0, 0, 0, 0, 0, 0, 0.219179883, -0.166707251, -0.124969751, -0.792495009, 0.298330723, -0.53195138, -0.551513672, 0.0218505859, 0.833862305, 0.260481271, 0.954214499, 0.1474083, 0, 0, 0, 0, 0, 0, 0, 0.280346338, -0.100757178, -0.116568262, -0.409956341, 0.418202791, -0.810539631, 0.456542969, -0.675170898, -0.579223633, -0.789486567, -0.607440677, 0.0859121896, 1, 3, 1, 0, 
311.824264, 39, 0.1, 0.1, 0.225000001, -0.115000002, -0.0199610807, 0.707103413, -0.707110149, 3.26308046e-005, 0.707110149, 0.707103413, -2.62206261e-006, -2.12192662e-005, 2.49276425e-005, 0.999999999, 0.70710314, -0.707110422, 3.29258172e-005, 0.707110423, 0.707103139, -3.67319937e-005, 2.69162686e-006, 4.92554965e-005, 0.999999999, 0, 0, 0, 0, 0, 0, 0, 0.219179883, -0.166707251, -0.124969751, -0.792495009, 0.298330723, -0.53195138, -0.551513672, 0.0218505859, 0.833862305, 0.260481271, 0.954214499, 0.1474083, 0, 0, 0, 0, 0, 0, 0, 0.280346338, -0.100757178, -0.116568262, -0.409956341, 0.418202791, -0.810539631, 0.456542969, -0.675170898, -0.579223633, -0.789486567, -0.607440677, 0.0859121896, 1, 3, 1, 0, 
311.825045, 39, 0.1, 0.1, 0.225000006, -0.115000007, -0.0199596661, 0.707104299, -0.707109263, -3.62152684e-005, 0.707109262, 0.7071043, -2.27055548e-005, 4.16632801e-005, -9.55295627e-006, 0.999999999, 0.70710418, -0.707109381, -4.09433118e-005, 0.707109382, 0.70710418, 4.6192538e-006, 2.56848692e-005, -3.22176936e-005, 0.999999999, 0, 0, 0, 0, 0, 0, 0, 0.219179883, -0.166707251, -0.124969751, -0.792495009, 0.298330723, -0.53195138, -0.551513672, 0.0218505859, 0.833862305, 0.260481271, 0.954214499, 0.1474083, 0, 0, 0, 0, 0, 0, 0, 0.280346338, -0.100757178, -0.116568262, -0.409956341, 0.418202791, -0.810539631, 0.456542969, -0.675170898, -0.579223633, -0.789486567, -0.607440677, 0.0859121896, 1, 3, 1, 0, 
311.825829, 39, 0.1, 0.1, 0.224999999, -0.115000002, -0.0199604208, 0.707104464, -0.707109096, 5.38957507e-005, 0.707109095, 0.707104466, 3.42564986e-005, -6.23330078e-005, 1.38872524e-005, 0.999999998, 0.707104494, -0.707109067, 5.47235207e-005, 0.707109068, 0.707104495, -1.2592341e-006, -3.78048316e-005, 3.95859078e-005, 0.999999999, 0, 0, 0, 0, 0, 0, 0, 0.219179883, -0.166707251, -0.124969751, -0.792495009, 0.298330723, -0.53195138, -0.551513672, 0.0218505859, 0.833862305, 0.260481271, 0.954214499, 0.1474083, 0, 0, 0, 0, 0, 0, 0, 0.280346338, -0.100757178, -0.116568262, -0.409956341, 0.418202791, -0.810539631, 0.456542969, -0.675170898, -0.579223633, -0.789486567, -0.607440677, 0.0859121896, 1, 3, 1, 0, 
311.826606, 39, 0.1, 0.1, 0.225000001, -0.115000013, -0.0199629093, 0.707103959, -0.707109602, -4.39644344e-005, 0.707109603, 0.70710396, -6.56470785e-006, 3.57293936e-005, -2.64457428e-005, 0.999999999, 0.707104095, -0.707109467, -2.72206104e-005, 0.707109467, 0.707104094, 3.88469803e-005, -8.22126245e-006, -4.67168101e-005, 0.999999999, 0, 0, 0, 0, 0, 0, 0, 0.219179883, -0.166707251, -0.124969751, -0.792495009, 0.298330723, -0.53195138, -0.551513672, 0.0218505859, 0.833862305, 0.260481271, 0.954214499, 0.1474083, 0, 0, 0, 0, 0, 0, 0, 0.280346338, -0.100757178, -0.116568262, -0.409956341, 0.418202791, -0.810539631, 0.456542969, -0.675170898, -0.579223633, -0.789486567, -0.607440677, 0.0859121896, 1, 3, 1, 0, 
311.827413, 39, 0.1, 0.1, 0.225000008, -0.114999999, -0.019966189, 0.707103013, -0.707110549, -2.10002846e-005, 0.707110548, 0.707103013, -3.26448169e-005, 3.79328589e-005, 8.23372562e-006, 0.999999999, 0.707103197, -0.707110364, -2.76375835e-005, 0.707110362, 0.707103197, -6.29490889e-005, 6.40545769e-005, 2.49686804e-005, 0.999999998, 0, 0, 0, 0, 0, 0, 0, 0.220612329, -0.165648047, -0.125924585, -0.794718762, 0.297182337, -0.529149876, -0.55065918, 0.0130615234, 0.834594727, 0.255024658, 0.954767161, 0.153391366, 0, 0, 0, 0, 0, 0, 0, 0.28192832, -0.100363672, -0.116371143, -0.410467101, 0.418598346, -0.809977832, 0.460449219, -0.671508789, -0.580322266, -0.786962653, -0.611204126, 0.0829026693, 1, 3, 1, 0, 
311.82819, 39, 0.1, 0.1, 0.225000002, -0.115000013, -0.0199689236, 0.707102416, -0.707111144, 6.27335825e-005, 0.707111139, 0.707102418, 8.05775013e-005, -0.000101336317, -1.26169308e-005, 0.999999995, 0.707102485, -0.707111076, 4.75589668e-005, 0.707111071, 0.707102486, 8.93799052e-005, -9.68305846e-005, -2.95712811e-005, 0.999999995, 0, 0, 0, 0, 0, 0, 0, 0.220612329, -0.165648047, -0.125924585, -0.794718762, 0.297182337, -0.529149876, -0.55065918, 0.0130615234, 0.834594727, 0.255024658, 0.954767161, 0.153391366, 0, 0, 0, 0, 0, 0, 0, 0.28192832, -0.100363672, -0.116371143, -0.410467101, 0.418598346, -0.809977832, 0.460449219, -0.671508789, -0.580322266, -0.786962653, -0.611204126, 0.0829026693, 1, 3, 1, 0, 
311.828967, 39, 0.1, 0.1, 0.224999994, -0.115000015, -0.0199706119, 0.707102428, -0.707111134, -2.61356695e-005, 0.707111133, 0.707102428, -4.12154787e-005, 4.76245193e-005, 1.06627421e-005, 0.999999999, 0.707102374, -0.707111188, 1.97660218e-005, 0.707111188, 0.707102374, -1.88282541e-005, -6.62931881e-007, 2.72902783e-005, 1, 0, 0, 0, 0, 0, 0, 0, 0.220612329, -0.165648047, -0.125924585, -0.794718762, 0.297182337, -0.529149876, -0.55065918, 0.0130615234, 0.834594727, 0.255024658, 0.954767161, 0.153391366, 0, 0, 0, 0, 0, 0, 0, 0.28192832, -0.100363672, -0.116371143, -0.410467101, 0.418598346, -0.809977832, 0.460449219, -0.671508789, -0.580322266, -0.786962653, -0.611204126, 0.0829026693, 1, 3, 1, 0, 
311.829762, 39, 0.1, 0.1, 0.225000014, -0.115000003, -0.0199707349, 0.707102887, -0.707110671, -7.69595692e-005, 0.707110669, 0.707102891, -5.50202861e-005, 9.33237653e-005, -1.55139293e-005, 0.999999996, 0.707102791, -0.707110764, -0.000100381871, 0.707110762, 0.707102798, -5.68470167e-005, 0.000111177439, -3.07844169e-005, 0.999999993, 0, 0, 0, 0, 0, 0, 0, 0.220612329, -0.165648047, -0.125924585, -0.794718762, 0.297182337, -0.529149876, -0.55065918, 0.0130615234, 0.834594727, 0.255024658, 0.954767161, 0.153391366, 0, 0, 0, 0, 0, 0, 0, 0.28192832, -0.100363672, -0.116371143, -0.410626415, 0.418278251, -0.810157203, 0.46496582, -0.66809082, -0.580688477, -0.784279058, -0.615165537, 0.0799379916, 1, 3, 1, 0, 
311.83054, 39, 0.1, 0.1, 0.225000011, -0.115000003, -0.019969235, 0.707102949, -0.707110612, 4.69361425e-005, 0.70711061, 0.70710295, 5.91478548e-005, -7.50127606e-005, -8.63457819e-006, 0.999999997, 0.707103007, -0.707110554, 4.57431505e-005, 0.707110554, 0.707103008, 3.04290158e-005, -5.38617976e-005, 1.08290159e-005, 0.999999998, 0, 0, 0, 0, 0, 0, 0, 0.220612329, -0.165648047, -0.125924585, -0.794718762, 0.297182337, -0.529149876, -0.55065918, 0.0130615234, 0.834594727, 0.255024658, 0.954767161, 0.153391366, 0, 0, 0, 0, 0, 0, 0, 0.283536914, -0.10002168, -0.115998877, -0.410626415, 0.418278251, -0.810157203, 0.46496582, -0.66809082, -0.580688477, -0.784279058, -0.615165537, 0.0799379916, 1, 3, 1, 0, 
311.831318, 39, 0.1, 0.1, 0.225000002, -0.11500001, -0.0199669087, 0.707102691, -0.707110871, 1.66109193e-005, 0.707110871, 0.707102691, -2.82586538e-005, 8.23637559e-006, 3.17275318e-005, 0.999999999, 0.707102713, -0.707110849, 3.72516187e-005, 0.707110849, 0.707102713, 7.40896394e-006, -3.15796795e-005, 2.11021253e-005, 0.999999999, 0, 0, 0, 0, 0, 0, 0, 0.220612329, -0.165648047, -0.125924585, -0.794718762, 0.297182337, -0.529149876, -0.55065918, 0.0130615234, 0.834594727, 0.255024658, 0.954767161, 0.153391366, 0, 0, 0, 0, 0, 0, 0, 0.283536914, -0.10002168, -0.115998877, -0.410626415, 0.418278251, -0.810157203, 0.46496582, -0.66809082, -0.580688477, -0.784279058, -0.615165537, 0.0799379916, 1, 3, 1, 0, 
311.832113, 39, 0.1, 0.1, 0.225000007, -0.115000005, -0.0199644027, 0.707102894, -0.707110668, -1.63357645e-005, 0.707110668, 0.707102894, 8.24928366e-006, 5.71790988e-006, -1.73842857e-005, 1, 0.70710281, -0.707110751, -3.73607124e-005, 0.707110752, 0.707102811, -1.05252866e-005, 3.38604081e-005, -1.89757017e-005, 0.999999999, 0, 0, 0, 0, 0, 0, 0, 0.220612329, -0.165648047, -0.125924585, -0.796574823, 0.294828276, -0.527827382, -0.551025391, 0.00500488281, 0.834472656, 0.248768256, 0.955510784, 0.158619949, 0, 0, 0, 0, 0, 0, 0, 0.283536914, -0.10002168, -0.115998877, -0.410626415, 0.418278251, -0.810157203, 0.46496582, -0.66809082, -0.580688477, -0.784279058, -0.615165537, 0.0799379916, 1, 3, 1, 0, 
311.832897, 39, 0.1, 0.1, 0.224999997, -0.115000009, -0.0199624658, 0.707103508, -0.707110053, 3.75717233e-005, 0.707110053, 0.707103509, 8.50274655e-006, -3.25794749e-005, 2.05550213e-005, 0.999999999, 0.707103372, -0.707110187, 6.26116464e-005, 0.707110188, 0.707103374, 1.39430111e-005, -5.41321516e-005, 3.44141829e-005, 0.999999998, 0, 0, 0, 0, 0, 0, 0, 0.222507617, -0.164649878, -0.126064331, -0.796574823, 0.294828276, -0.527827382, -0.551025391, 0.00500488281, 0.834472656, 0.248768256, 0.955510784, 0.158619949, 0, 0, 0, 0, 0, 0, 0, 0.283536914, -0.10002168, -0.115998877, -0.410626415, 0.418278251, -0.810157203, 0.46496582, -0.66809082, -0.580688477, -0.784279058, -0.615165537, 0.0799379916, 1, 3, 1, 0, 
311.833677, 39, 0.1, 0.1, 0.224999999, -0.115000007, -0.0199617636, 0.707104102, -0.70710946, 2.00689514e-005, 0.707109461, 0.707104101, -1.49866051e-005, -3.59366761e-006, 2.47880353e-005, 1, 0.707103999, -0.707109563, -1.43328596e-005, 0.707109563, 0.707104, -1.15711997e-005, 1.83169283e-005, -1.95286052e-006, 1, 0, 0, 0, 0, 0, 0, 0, 0.222507617, -0.164649878, -0.126064331, -0.796574823, 0.294828276, -0.527827382, -0.551025391, 0.00500488281, 0.834472656, 0.248768256, 0.955510784, 0.158619949, 0, 0, 0, 0, 0, 0, 0, 0.283536914, -0.10002168, -0.115998877, -0.410626415, 0.418278251, -0.810157203, 0.46496582, -0.66809082, -0.580688477, -0.784279058, -0.615165537, 0.0799379916, 1, 3, 1, 0, 
311.834476, 39, 0.1, 0.1, 0.224999998, -0.115000005, -0.0199624303, 0.70710469, -0.707108872, -2.0165682e-005, 0.707108873, 0.70710469, 1.48926618e-005, 3.72851507e-006, -2.47900037e-005, 1, 0.707104537, -0.707109025, -1.63923155e-005, 0.707109025, 0.707104537, -3.43295383e-006, 1.40185533e-005, -9.163697e-006, 1, 0, 0, 0, 0, 0, 0, 0, 0.222507617, -0.164649878, -0.126064331, -0.797510527, 0.291769907, -0.527895531, -0.552124023, -0.000976562503, 0.833740234, 0.242860452, 0.956489549, 0.162091317, 0, 0, 0, 0, 0, 0, 0, 0.283536914, -0.10002168, -0.115998877, -0.410626415, 0.418278251, -0.810157203, 0.46496582, -0.66809082, -0.580688477, -0.784279058, -0.615165537, 0.0799379916, 1, 3, 1, 0, 
311.835271, 39, 0.1, 0.1, 0.224999996, -0.115000006, -0.019963807, 0.707105616, -0.707107946, -2.77517375e-006, 0.707107946, 0.707105616, -3.37143955e-005, 2.58020579e-005, 2.1877291e-005, 0.999999999, 0.707105406, -0.707108156, 1.98274254e-005, 0.707108157, 0.707105406, -1.4411105e-005, -3.82986981e-006, 2.42103045e-005, 1, 0, 0, 0, 0, 0, 0, 0, 0.224897485, -0.163686987, -0.126057251, -0.797510527, 0.291769907, -0.527895531, -0.552124023, -0.000976562503, 0.833740234, 0.242860452, 0.956489549, 0.162091317, 0, 0, 0, 0, 0, 0, 0, 0.285653271, -0.0997126465, -0.11523335, -0.409776237, 0.417287348, -0.811039463, 0.469848633, -0.665527344, -0.579711914, -0.781857589, -0.618583738, 0.0766539518, 1, 3, 1, 0, 
311.836051, 39, 0.1, 0.1, 0.225000002, -0.115000006, -0.0199657816, 0.707106898, -0.707106665, 4.96105528e-006, 0.707106664, 0.707106897, 3.0389904e-005, -2.49969001e-005, -1.79809155e-005, 1, 0.707106622, -0.70710694, -2.76678412e-005, 0.70710694, 0.707106622, 1.54832797e-005, 8.61577921e-006, -3.05124522e-005, 0.999999999, 0, 0, 0, 0, 0, 0, 0, 0.224897485, -0.163686987, -0.126057251, -0.797510527, 0.291769907, -0.527895531, -0.552124023, -0.000976562503, 0.833740234, 0.242860452, 0.956489549, 0.162091317, 0, 0, 0, 0, 0, 0, 0, 0.285653271, -0.0997126465, -0.11523335, -0.409776237, 0.417287348, -0.811039463, 0.469848633, -0.665527344, -0.579711914, -0.781857589, -0.618583738, 0.0766539518, 1, 3, 1, 0, 
311.836838, 39, 0.1, 0.1, 0.224999995, -0.11500001, -0.0199676763, 0.707108403, -0.707105159, -1.27160979e-005, 0.707105159, 0.707108403, 1.12525103e-005, 1.03495159e-006, -1.6948363e-005, 1, 0.707108102, -0.70710546, 2.41738815e-005, 0.70710546, 0.707108103, 1.63120605e-005, -2.86278946e-005, 5.55909342e-006, 1, 0, 0, 0, 0, 0, 0, 0, 0.224897485, -0.163686987, -0.126057251, -0.797510527, 0.291769907, -0.527895531, -0.552124023, -0.000976562503, 0.833740234, 0.242860452, 0.956489549, 0.162091317, 0, 0, 0, 0, 0, 0, 0, 0.285653271, -0.0997126465, -0.11523335, -0.409776237, 0.417287348, -0.811039463, 0.469848633, -0.665527344, -0.579711914, -0.781857589, -0.618583738, 0.0766539518, 1, 3, 1, 0, 
311.837613, 39, 0.1, 0.1, 0.224999997, -0.11500001, -0.0199688501, 0.707109643, -0.707103919, 3.43282252e-005, 0.707103919, 0.707109643, 1.32588965e-006, -2.52113608e-005, 2.33360732e-005, 0.999999999, 0.70710944, -0.707104122, 7.7505364e-006, 0.707104122, 0.70710944, -9.18413975e-006, 1.01366562e-006, 1.19746282e-005, 1, 0, 0, 0, 0, 0, 0, 0, 0.224897485, -0.163686987, -0.126057251, -0.797510527, 0.291769907, -0.527895531, -0.552124023, -0.000976562503, 0.833740234, 0.242860452, 0.956489549, 0.162091317, 0, 0, 0, 0, 0, 0, 0, 0.285653271, -0.0997126465, -0.11523335, -0.409776237, 0.417287348, -0.811039463, 0.469848633, -0.665527344, -0.579711914, -0.781857589, -0.618583738, 0.0766539518, 1, 3, 1, 0, 
311.838392, 39, 0.1, 0.1, 0.224999994, -0.115000013, -0.0199690438, 0.707110418, -0.707103144, -2.14576727e-005, 0.707103144, 0.707110419, -5.6204717e-006, 1.91471971e-005, -1.11984937e-005, 1, 0.707110308, -0.707103254, -2.25770698e-006, 0.707103254, 0.707110308, 1.78782688e-005, -1.10453342e-005, -1.42383401e-005, 1, 0, 0, 0, 0, 0, 0, 0, 0.224897485, -0.163686987, -0.126057251, -0.797510527, 0.291769907, -0.527895531, -0.552124023, -0.000976562503, 0.833740234, 0.242860452, 0.956489549, 0.162091317, 0, 0, 0, 0, 0, 0, 0, 0.285653271, -0.0997126465, -0.11523335, -0.409776237, 0.417287348, -0.811039463, 0.469848633, -0.665527344, -0.579711914, -0.781857589, -0.618583738, 0.0766539518, 1, 3, 1, 0, 
311.839173, 39, 0.1, 0.1, 0.224999998, -0.115000009, -0.0199682512, 0.707110863, -0.707102699, 1.59265173e-005, 0.7071027, 0.707110863, -2.2153368e-006, -9.69534274e-006, 1.28281721e-005, 1, 0.707110761, -0.707102801, -1.37863421e-005, 0.707102801, 0.707110761, -1.25917457e-005, 1.86521295e-005, -8.44602244e-007, 1, 0, 0, 0, 0, 0, 0, 0, 0.224897485, -0.163686987, -0.126057251, -0.797510527, 0.291769907, -0.527895531, -0.552124023, -0.000976562503, 0.833740234, 0.242860452, 0.956489549, 0.162091317, 0, 0, 0, 0, 0, 0, 0, 0.285653271, -0.0997126465, -0.11523335, -0.409776237, 0.417287348, -0.811039463, 0.469848633, -0.665527344, -0.579711914, -0.781857589, -0.618583738, 0.0766539518, 1, 3, 1, 0, 
311.840043, 39, 0.1, 0.1, 0.224999997, -0.115000012, -0.0199659178, 0.707111169, -0.707102393, -2.08307101e-005, 0.707102394, 0.707111169, 4.71246701e-006, 1.1397431e-005, -1.8061683e-005, 1, 0.707111143, -0.707102419, -1.86086438e-005, 0.70710242, 0.707111143, 1.52359508e-005, 2.38500169e-006, -2.39317276e-005, 1, 0, 0, 0, 0, 0, 0, 0, 0.225684766, -0.164414429, -0.125231421, -0.79543355, 0.295069411, -0.529221773, -0.553466797, 0.00146484375, 0.832763672, 0.246610025, 0.955472592, 0.162301373, 0, 0, 0, 0, 0, 0, 0, 0.286490234, -0.100140576, -0.114473926, -0.406990564, 0.417332191, -0.812426287, 0.470825195, -0.666259766, -0.578125, -0.782669487, -0.617842568, 0.0746670502, 1, 3, 1, 0, 
311.84084, 39, 0.1, 0.1, 0.224999992, -0.115000008, -0.0199631949, 0.707111231, -0.707102332, 9.62284008e-006, 0.707102332, 0.70711123, -3.14324728e-005, 1.54215565e-005, 2.90305872e-005, 0.999999999, 0.707111208, -0.707102353, 3.49352683e-005, 0.707102354, 0.707111208, -2.62507297e-005, -6.14116706e-006, 4.32649957e-005, 0.999999999, 0, 0, 0, 0, 0, 0, 0, 0.225684766, -0.164414429, -0.125231421, -0.79543355, 0.295069411, -0.529221773, -0.553466797, 0.00146484375, 0.832763672, 0.246610025, 0.955472592, 0.162301373, 0, 0, 0, 0, 0, 0, 0, 0.286490234, -0.100140576, -0.114473926, -0.406990564, 0.417332191, -0.812426287, 0.470825195, -0.666259766, -0.578125, -0.782669487, -0.617842568, 0.0746670502, 1, 3, 1, 0, 
311.841686, 39, 0.1, 0.1, 0.225, -0.115000015, -0.019960966, 0.707111691, -0.707101871, -3.74088442e-005, 0.707101872, 0.707111689, 4.54609551e-005, -5.69329538e-006, -5.85978366e-005, 0.999999998, 0.707111581, -0.70710198, -3.8404868e-005, 0.707101981, 0.707111579, 5.79261911e-005, -1.38031976e-005, -6.81164388e-005, 0.999999998, 0, 0, 0, 0, 0, 0, 0, 0.225684766, -0.164414429, -0.125231421, -0.79543355, 0.295069411, -0.529221773, -0.553466797, 0.00146484375, 0.832763672, 0.246610025, 0.955472592, 0.162301373, 0, 0, 0, 0, 0, 0, 0, 0.286490234, -0.100140576, -0.114473926, -0.406990564, 0.417332191, -0.812426287, 0.470825195, -0.666259766, -0.578125, -0.782669487, -0.617842568, 0.0746670502, 1, 3, 1, 0, 
