time, trialNum, realDorsalTactorPos, realVentralTactorPos, box1PosX, box1PosY, box1PosZ, box1LocalRot_11, box1LocalRot_12, box1LocalRot_13, box1LocalRot_21, box1LocalRot_22, box1LocalRot_23, box1LocalRot_31, box1LocalRot_32, box1LocalRot_33, box1GlobalRot_11, box1GlobalRot_12, box1GlobalRot_13, box1GlobalRot_21, box1GlobalRot_22, box1GlobalRot_23, box1GlobalRot_31, box1GlobalRot_32, box1GlobalRot_33, indexForceX, indexForceY, indexForceZ, indexForceGlobalX, indexForceGlobalY, indexForceGlobalZ, indexContact, indexPosX, indexPosY, indexPosZ, indexRot_11, indexRot_12, indexRot_13, indexRot_21, indexRot_22, indexRot_23, indexRot_31, indexRot_32, indexRot_33, thumbForceX, thumbForceY, thumbForceZ, thumbForceGlobalX, thumbForceGlobalY, thumbForceGlobalZ, thumbContact, thumbPosX, thumbPosY, thumbPosZ, thumbRot_11, thumbRot_12, thumbRot_13, thumbRot_21, thumbRot_22, thumbRot_23, thumbRot_31, thumbRot_32, thumbRot_33, manipForceTooHigh, cceExpType, mapping, trialSuccess, 
942.579918, 70, 0.1, 0.1, -0.00721929859, 0.365304429, -0.0199440459, 0.952296321, -0.305174895, 3.05152388e-005, 0.305174895, 0.952296321, 6.43539044e-006, -3.10234693e-005, 3.18408617e-006, 1, 0.952296159, -0.305175402, 2.47333797e-005, 0.305175401, 0.952296159, 1.51686606e-005, -2.81826046e-005, -6.89703814e-006, 1, 0, 0, 0, 0, 0, 0, 0, 0.354291675, -0.0320407715, -0.327553418, 0.629771794, 0.429861292, -0.646887266, -0.759887695, 0.513183594, -0.398803711, 0.160414969, 0.742926933, 0.649969147, 0, -0, 0, 0, 0, 0, 0, 0.398687109, -0.0311742187, -0.268299121, 0.65039191, -0.0906030131, -0.75403961, -0.478515625, -0.819702148, -0.314331055, -0.589541981, 0.565404093, -0.576606217, 0, 3, 5, 1, 
942.61304, 70, 0.1, 0.1, -0.00722015808, 0.365304967, -0.0199632459, 0.952294352, -0.305181039, 1.99764069e-006, 0.305181039, 0.952294352, 2.1971296e-005, -8.60756489e-006, -2.0313499e-005, 1, 0.952294379, -0.305180955, 1.85390868e-005, 0.305180954, 0.952294379, 2.03492346e-005, -2.3864867e-005, -1.37206856e-005, 1, 0, 0, 0, 0, 0, 0, 0, 0.351396167, -0.0357686279, -0.327512231, 0.617133936, 0.430513922, -0.658493557, -0.771362305, 0.49597168, -0.398681641, 0.154753909, 0.754070432, 0.638335882, 0, -0, 0, 0, 0, 0, 0, 0.398131396, -0.0361286133, -0.267971582, 0.640453736, -0.0981011286, -0.761554116, -0.471435547, -0.832885742, -0.28918457, -0.605929364, 0.544486205, -0.579850878, 0, 3, 5, 1, 
942.613854, 70, 0.1, 0.1, -0.00722017164, 0.365304979, -0.0199595388, 0.952294122, -0.305181757, 1.2543705e-005, 0.305181757, 0.952294122, 2.12684576e-005, -1.84360418e-005, -1.64257173e-005, 1, 0.952294172, -0.305181601, -9.85435282e-006, 0.305181601, 0.952294172, -9.12766887e-006, 1.21698394e-005, 5.68485869e-006, 1, 0, 0, 0, 0, 0, 0, 0, 0.352154272, -0.037177417, -0.326802344, 0.618998614, 0.42905513, -0.657618506, -0.770263672, 0.494506836, -0.40234375, 0.152481102, 0.755784585, 0.636837776, 0, -0, 0, 0, 0, 0, 0, 0.397944531, -0.0367420898, -0.267520947, 0.641099024, -0.0997883577, -0.760851593, -0.470336914, -0.834472656, -0.286865234, -0.606229769, 0.541854016, -0.581863666, 0, 3, 5, 1, 
942.614633, 70, 0.1, 0.1, -0.00722018899, 0.365304988, -0.0199581414, 0.95229395, -0.305182292, -2.66046309e-005, 0.305182292, 0.952293951, -1.14851933e-005, 2.88405067e-005, 2.8180178e-006, 1, 0.952293968, -0.305182237, -1.06535293e-005, 0.305182237, 0.952293968, -1.52233935e-005, 1.47912009e-005, 1.1245878e-005, 1, 0, 0, 0, 0, 0, 0, 0, 0.352154272, -0.037177417, -0.326802344, 0.618998614, 0.42905513, -0.657618506, -0.770263672, 0.494506836, -0.40234375, 0.152481102, 0.755784585, 0.636837776, 0, -0, 0, 0, 0, 0, 0, 0.397944531, -0.0367420898, -0.267520947, 0.641099024, -0.0997883577, -0.760851593, -0.470336914, -0.834472656, -0.286865234, -0.606229769, 0.541854016, -0.581863666, 0, 3, 5, 1, 
942.615416, 70, 0.1, 0.1, -0.00722020613, 0.365304995, -0.0199593812, 0.952293979, -0.305182202, 3.38571828e-005, 0.305182203, 0.952293979, -1.55842703e-006, -3.17663871e-005, 1.18166903e-005, 0.999999999, 0.952293959, -0.305182264, 3.23925298e-005, 0.305182264, 0.95229396, 6.12534935e-006, -3.27165585e-005, 4.05249239e-006, 0.999999999, 0, 0, 0, 0, 0, 0, 0, 0.352154272, -0.037177417, -0.326802344, 0.618998614, 0.42905513, -0.657618506, -0.770263672, 0.494506836, -0.40234375, 0.152481102, 0.755784585, 0.636837776, 0, -0, 0, 0, 0, 0, 0, 0.397944531, -0.0367420898, -0.267520947, 0.641099024, -0.0997883577, -0.760851593, -0.470336914, -0.834472656, -0.286865234, -0.606229769, 0.541854016, -0.581863666, 0, 3, 5, 1, 
942.616196, 70, 0.1, 0.1, -0.00722021891, 0.365305005, -0.0199626589, 0.952294081, -0.305181886, -9.01703747e-006, 0.305181886, 0.952294081, -1.2559664e-005, 1.24198534e-005, 9.20865718e-006, 1, 0.952294065, -0.305181934, -2.8233184e-005, 0.305181934, 0.952294066, 2.61156999e-006, 2.60892896e-005, -1.11032403e-005, 1, 0, 0, 0, 0, 0, 0, 0, 0.352154272, -0.037177417, -0.326802344, 0.618998614, 0.42905513, -0.657618506, -0.770263672, 0.494506836, -0.40234375, 0.152481102, 0.755784585, 0.636837776, 0, -0, 0, 0, 0, 0, 0, 0.397944531, -0.0367420898, -0.267520947, 0.641099024, -0.0997883577, -0.760851593, -0.470336914, -0.834472656, -0.286865234, -0.606229769, 0.541854016, -0.581863666, 0, 3, 5, 1, 
942.616995, 70, 0.1, 0.1, -0.00722023794, 0.365305014, -0.01996665, 0.952294037, -0.305182022, -1.20665153e-005, 0.305182022, 0.952294037, 2.75075135e-006, 1.06513907e-005, -6.30200765e-006, 1, 0.952294058, -0.305181958, 8.99056684e-006, 0.305181958, 0.952294058, 1.65350597e-005, -1.36078653e-005, -1.30024803e-005, 1, 0, 0, 0, 0, 0, 0, 0, 0.352154272, -0.037177417, -0.326802344, 0.618998614, 0.42905513, -0.657618506, -0.770263672, 0.494506836, -0.40234375, 0.152481102, 0.755784585, 0.636837776, 0, -0, 0, 0, 0, 0, 0, 0.398005811, -0.0373506836, -0.266839014, 0.642108516, -0.101328666, -0.759842467, -0.46862793, -0.836181641, -0.284545898, -0.606491896, 0.538991783, -0.584457942, 0, 3, 5, 1, 
942.617779, 70, 0.1, 0.1, -0.00722025277, 0.365305026, -0.0199699427, 0.952293879, -0.305182514, 1.74022402e-005, 0.305182514, 0.952293879, 1.48044149e-005, -2.10900954e-005, -8.78729425e-006, 1, 0.95229391, -0.305182418, 9.19794226e-006, 0.305182418, 0.95229391, 6.83568786e-006, -1.08452762e-005, -3.70253367e-006, 1, 0, 0, 0, 0, 0, 0, 0, 0.352154272, -0.037177417, -0.326802344, 0.618998614, 0.42905513, -0.657618506, -0.770263672, 0.494506836, -0.40234375, 0.152481102, 0.755784585, 0.636837776, 0, -0, 0, 0, 0, 0, 0, 0.398005811, -0.0373506836, -0.266839014, 0.642108516, -0.101328666, -0.759842467, -0.46862793, -0.836181641, -0.284545898, -0.606491896, 0.538991783, -0.584457942, 0, 3, 5, 1, 
942.618559, 70, 0.1, 0.1, -0.00722026725, 0.365305037, -0.0199716533, 0.952293788, -0.3051828, -2.17688637e-005, 0.3051828, 0.952293788, 4.74732558e-008, 2.07158657e-005, -6.68869126e-006, 1, 0.952293794, -0.30518278, -1.77793983e-005, 0.305182779, 0.952293794, -1.50473096e-005, 2.15233905e-005, 8.90349331e-006, 1, 0, 0, 0, 0, 0, 0, 0, 0.352154272, -0.037177417, -0.326802344, 0.618998614, 0.42905513, -0.657618506, -0.770263672, 0.494506836, -0.40234375, 0.152481102, 0.755784585, 0.636837776, 0, -0, 0, 0, 0, 0, 0, 0.398005811, -0.0373506836, -0.266839014, 0.642108516, -0.101328666, -0.759842467, -0.46862793, -0.836181641, -0.284545898, -0.606491896, 0.538991783, -0.584457942, 0, 3, 5, 1, 
942.619354, 70, 0.1, 0.1, -0.00722028455, 0.365305046, -0.0199711944, 0.952293835, -0.305182654, 7.92983387e-006, 0.305182654, 0.952293835, -2.8812723e-006, -6.67221758e-006, 5.16386559e-006, 1, 0.952293819, -0.305182703, 2.10369465e-005, 0.305182703, 0.952293819, -4.88543135e-006, -1.8542405e-005, 1.10724783e-005, 1, 0, 0, 0, 0, 0, 0, 0, 0.352966577, -0.039075415, -0.326081592, 0.621904215, 0.426752366, -0.656521416, -0.768310547, 0.494018555, -0.406860352, 0.150537797, 0.757632411, 0.635180911, 0, -0, 0, 0, 0, 0, 0, 0.398005811, -0.0373506836, -0.266839014, 0.642108516, -0.101328666, -0.759842467, -0.46862793, -0.836181641, -0.284545898, -0.606491896, 0.538991783, -0.584457942, 0, 3, 5, 1, 
942.620147, 70, 0.1, 0.1, -0.00722029648, 0.365305056, -0.0199688886, 0.952293896, -0.305182462, 1.32277058e-005, 0.305182462, 0.952293896, -5.87466976e-006, -1.08038173e-005, 9.63127598e-006, 1, 0.952293894, -0.30518247, -9.44682927e-006, 0.30518247, 0.952293894, -8.84981666e-006, 1.16969667e-005, 5.54461967e-006, 1, 0, 0, 0, 0, 0, 0, 0, 0.352966577, -0.039075415, -0.326081592, 0.621904215, 0.426752366, -0.656521416, -0.768310547, 0.494018555, -0.406860352, 0.150537797, 0.757632411, 0.635180911, 0, -0, 0, 0, 0, 0, 0, 0.398005811, -0.0373506836, -0.266839014, 0.642108516, -0.101328666, -0.759842467, -0.46862793, -0.836181641, -0.284545898, -0.606491896, 0.538991783, -0.584457942, 0, 3, 5, 1, 
942.620931, 70, 0.1, 0.1, -0.00722031078, 0.365305063, -0.0199657266, 0.952293819, -0.305182701, -2.5652278e-005, 0.305182701, 0.95229382, -1.39766246e-005, 2.86939298e-005, 5.48122177e-006, 1, 0.952293849, -0.305182609, -2.09472281e-005, 0.305182609, 0.952293849, 6.83060643e-006, 1.78633342e-005, -1.28974742e-005, 1, 0, 0, 0, 0, 0, 0, 0, 0.352966577, -0.039075415, -0.326081592, 0.621904215, 0.426752366, -0.656521416, -0.768310547, 0.494018555, -0.406860352, 0.150537797, 0.757632411, 0.635180911, 0, -0, 0, 0, 0, 0, 0, 0.398005811, -0.0373506836, -0.266839014, 0.642108516, -0.101328666, -0.759842467, -0.46862793, -0.836181641, -0.284545898, -0.606491896, 0.538991783, -0.584457942, 0, 3, 5, 1, 
942.621743, 70, 0.1, 0.1, -0.00722032721, 0.365305071, -0.0199624602, 0.952293651, -0.305183226, 2.37565671e-005, 0.305183225, 0.952293651, 2.20837344e-005, -2.93628133e-005, -1.37800943e-005, 0.999999999, 0.95229368, -0.305183135, 2.29277105e-005, 0.305183134, 0.95229368, 2.96118566e-005, -3.0870953e-005, -2.12020333e-005, 0.999999999, 0, 0, 0, 0, 0, 0, 0, 0.353976367, -0.0404787109, -0.325561133, 0.62430845, 0.425439229, -0.655030424, -0.766845703, 0.493408203, -0.410400391, 0.148550308, 0.758705535, 0.634450393, 0, -0, 0, 0, 0, 0, 0, 0.398246875, -0.0376481445, -0.266388135, 0.642708961, -0.101508036, -0.759325144, -0.466430664, -0.838012695, -0.282836914, -0.607533471, 0.536027105, -0.585876482, 0, 3, 5, 1, 
942.622526, 70, 0.1, 0.1, -0.00722033878, 0.365305081, -0.019960497, 0.952293608, -0.30518336, -1.60014012e-005, 0.30518336, 0.952293608, 1.74579933e-005, 9.910143e-006, -2.15084968e-005, 1, 0.952293601, -0.305183381, -2.92030453e-005, 0.305183381, 0.952293602, 6.80471854e-006, 2.57331862e-005, -1.5392374e-005, 1, 0, 0, 0, 0, 0, 0, 0, 0.353976367, -0.0404787109, -0.325561133, 0.62430845, 0.425439229, -0.655030424, -0.766845703, 0.493408203, -0.410400391, 0.148550308, 0.758705535, 0.634450393, 0, -0, 0, 0, 0, 0, 0, 0.398246875, -0.0376481445, -0.266388135, 0.642708961, -0.101508036, -0.759325144, -0.466430664, -0.838012695, -0.282836914, -0.607533471, 0.536027105, -0.585876482, 0, 3, 5, 1, 
942.623308, 70, 0.1, 0.1, -0.00722035667, 0.365305089, -0.0199604163, 0.952293735, -0.305182963, -1.72885362e-005, 0.305182963, 0.952293736, 5.77638757e-006, 1.47009097e-005, -1.07769844e-005, 1, 0.952293704, -0.305183062, 1.663739e-005, 0.305183062, 0.952293704, -4.39967904e-006, -1.45009742e-005, 9.26723626e-006, 1, 0, 0, 0, 0, 0, 0, 0, 0.353976367, -0.0404787109, -0.325561133, 0.62430845, 0.425439229, -0.655030424, -0.766845703, 0.493408203, -0.410400391, 0.148550308, 0.758705535, 0.634450393, 0, -0, 0, 0, 0, 0, 0, 0.398246875, -0.0376481445, -0.266388135, 0.642708961, -0.101508036, -0.759325144, -0.466430664, -0.838012695, -0.282836914, -0.607533471, 0.536027105, -0.585876482, 0, 3, 5, 1, 
942.624095, 70, 0.1, 0.1, -0.00722036958, 0.365305099, -0.0199621012, 0.952293826, -0.305182679, 2.80754812e-005, 0.305182679, 0.952293827, -1.782904e-006, -2.6191996e-005, 1.0265999e-005, 1, 0.952293823, -0.30518269, 1.79617832e-005, 0.30518269, 0.952293823, -1.27233079e-005, -1.32219618e-005, 1.75979529e-005, 1, 0, 0, 0, 0, 0, 0, 0, 0.353976367, -0.0404787109, -0.325561133, 0.62430845, 0.425439229, -0.655030424, -0.766845703, 0.493408203, -0.410400391, 0.148550308, 0.758705535, 0.634450393, 0, -0, 0, 0, 0, 0, 0, 0.398246875, -0.0376481445, -0.266388135, 0.642708961, -0.101508036, -0.759325144, -0.466430664, -0.838012695, -0.282836914, -0.607533471, 0.536027105, -0.585876482, 0, 3, 5, 1, 
942.624877, 70, 0.1, 0.1, -0.0072203821, 0.365305108, -0.0199648582, 0.952293744, -0.305182938, -1.96286197e-005, 0.305182937, 0.952293744, -2.30332081e-005, 2.57215538e-005, 1.59440602e-005, 1, 0.952293771, -0.305182851, -2.24918677e-005, 0.305182851, 0.952293772, -1.75476386e-005, 2.67741039e-005, 9.84637468e-006, 1, 0, 0, 0, 0, 0, 0, 0, 0.353976367, -0.0404787109, -0.325561133, 0.62430845, 0.425439229, -0.655030424, -0.766845703, 0.493408203, -0.410400391, 0.148550308, 0.758705535, 0.634450393, 0, -0, 0, 0, 0, 0, 0, 0.398246875, -0.0376481445, -0.266388135, 0.642708961, -0.101508036, -0.759325144, -0.466430664, -0.838012695, -0.282836914, -0.607533471, 0.536027105, -0.585876482, 0, 3, 5, 1, 
942.625655, 70, 0.1, 0.1, -0.0072203983, 0.365305116, -0.0199677594, 0.952293607, -0.305183365, 1.48645889e-005, 0.305183366, 0.952293607, -5.10042126e-006, -1.25988893e-005, 9.39352383e-006, 1, 0.95229363, -0.305183293, 2.10870207e-005, 0.305183293, 0.95229363, 1.41594697e-005, -2.44022691e-005, -7.04856642e-006, 1, 0, 0, 0, 0, 0, 0, 0, 0.353976367, -0.0404787109, -0.325561133, 0.62430845, 0.425439229, -0.655030424, -0.766845703, 0.493408203, -0.410400391, 0.148550308, 0.758705535, 0.634450393, 0, -0, 0, 0, 0, 0, 0, 0.398246875, -0.0376481445, -0.266388135, 0.642708961, -0.101508036, -0.759325144, -0.466430664, -0.838012695, -0.282836914, -0.607533471, 0.536027105, -0.585876482, 0, 3, 5, 1, 
942.626453, 70, 0.1, 0.1, -0.00722041017, 0.365305125, -0.0199698263, 0.952293599, -0.305183389, 1.15075909e-005, 0.305183389, 0.952293599, 1.13506162e-005, -1.44226247e-005, -7.29719359e-006, 1, 0.952293588, -0.305183422, -1.25363955e-005, 0.305183423, 0.952293588, 1.02045903e-005, 8.8240573e-006, -1.3543666e-005, 1, 0, 0, 0, 0, 0, 0, 0, 0.353976367, -0.0404787109, -0.325561133, 0.626109848, 0.424043717, -0.654237749, -0.765625, 0.492553711, -0.413574219, 0.146658299, 0.76003889, 0.633212518, 0, -0, 0, 0, 0, 0, 0, 0.398246875, -0.0376481445, -0.266388135, 0.642708961, -0.101508036, -0.759325144, -0.466430664, -0.838012695, -0.282836914, -0.607533471, 0.536027105, -0.585876482, 0, 3, 5, 1, 
942.62725, 70, 0.1, 0.1, -0.00722042545, 0.365305134, -0.0199700576, 0.952293708, -0.30518305, -2.40112308e-005, 0.30518305, 0.952293708, 4.37594265e-006, 2.15302804e-005, -1.14950033e-005, 1, 0.952293687, -0.305183116, -1.22225811e-005, 0.305183116, 0.952293687, 2.96101197e-006, 1.0735836e-005, -6.54987839e-006, 1, 0, 0, 0, 0, 0, 0, 0, 0.354509155, -0.0416621826, -0.324631421, 0.626109848, 0.424043717, -0.654237749, -0.765625, 0.492553711, -0.413574219, 0.146658299, 0.76003889, 0.633212518, 0, -0, 0, 0, 0, 0, 0, 0.398444971, -0.0389811523, -0.266192236, 0.642529957, -0.103923675, -0.759120987, -0.465820313, -0.839477539, -0.279418945, -0.608165998, 0.533318357, -0.587818907, 0, 3, 5, 1, 
942.628031, 70, 0.1, 0.1, -0.0072204399, 0.365305143, -0.0199689125, 0.952293751, -0.305182914, 1.61559177e-005, 0.305182914, 0.952293751, 1.55201301e-005, -2.0121658e-005, -9.8492129e-006, 1, 0.952293754, -0.305182905, 2.29485541e-005, 0.305182905, 0.952293754, -2.06960434e-008, -2.18474486e-005, 7.0232151e-006, 1, 0, 0, 0, 0, 0, 0, 0, 0.354509155, -0.0416621826, -0.324631421, 0.626109848, 0.424043717, -0.654237749, -0.765625, 0.492553711, -0.413574219, 0.146658299, 0.76003889, 0.633212518, 0, -0, 0, 0, 0, 0, 0, 0.398444971, -0.0389811523, -0.266192236, 0.642529957, -0.103923675, -0.759120987, -0.465820313, -0.839477539, -0.279418945, -0.608165998, 0.533318357, -0.587818907, 0, 3, 5, 1, 
942.628815, 70, 0.1, 0.1, -0.00722045006, 0.365305153, -0.0199668466, 0.952293651, -0.305183227, -8.93921757e-006, 0.305183226, 0.952293651, -9.23242287e-006, 1.13303407e-005, 6.06387843e-006, 1, 0.952293678, -0.305183142, -2.00524985e-005, 0.305183141, 0.952293678, -1.97592928e-005, 2.51260706e-005, 1.26969652e-005, 1, 0, 0, 0, 0, 0, 0, 0, 0.354509155, -0.0416621826, -0.324631421, 0.626109848, 0.424043717, -0.654237749, -0.765625, 0.492553711, -0.413574219, 0.146658299, 0.76003889, 0.633212518, 0, -0, 0, 0, 0, 0, 0, 0.398444971, -0.0389811523, -0.266192236, 0.642529957, -0.103923675, -0.759120987, -0.465820313, -0.839477539, -0.279418945, -0.608165998, 0.533318357, -0.587818907, 0, 3, 5, 1, 
942.629624, 70, 0.1, 0.1, -0.00722046618, 0.365305159, -0.0199642114, 0.952293536, -0.305183587, -9.90760696e-006, 0.305183587, 0.952293536, -1.50861886e-005, 1.40390072e-005, 1.13428409e-005, 1, 0.952293546, -0.305183554, 1.33489324e-005, 0.305183554, 0.952293546, -2.2325704e-006, -1.20307584e-005, 6.19993701e-006, 1, 0, 0, 0, 0, 0, 0, 0, 0.353687695, -0.0415598877, -0.325159204, 0.623209117, 0.426004996, -0.655799134, -0.768310547, 0.489746094, -0.411865234, 0.145511035, 0.760716989, 0.632718266, 0, -0, 0, 0, 0, 0, 0, 0.3981104, -0.0405266602, -0.26625376, 0.640977256, -0.106786274, -0.759945279, -0.467529297, -0.839599609, -0.276245117, -0.608574679, 0.532526515, -0.588151029, 0, 3, 5, 1, 
942.630406, 70, 0.1, 0.1, -0.00722047786, 0.365305166, -0.0199623228, 0.952293586, -0.305183429, 2.98611105e-005, 0.305183429, 0.952293586, 2.38290609e-006, -2.91637675e-005, 6.84388993e-006, 1, 0.95229356, -0.305183511, 1.19474156e-005, 0.305183511, 0.95229356, 1.80467044e-005, -1.68850035e-005, -1.35396062e-005, 1, 0, 0, 0, 0, 0, 0, 0, 0.353687695, -0.0415598877, -0.325159204, 0.623209117, 0.426004996, -0.655799134, -0.768310547, 0.489746094, -0.411865234, 0.145511035, 0.760716989, 0.632718266, 0, -0, 0, 0, 0, 0, 0, 0.3981104, -0.0405266602, -0.26625376, 0.640977256, -0.106786274, -0.759945279, -0.467529297, -0.839599609, -0.276245117, -0.608574679, 0.532526515, -0.588151029, 0, 3, 5, 1, 
942.631187, 70, 0.1, 0.1, -0.00722048875, 0.365305174, -0.0199617369, 0.952293734, -0.305182968, -3.11948915e-005, 0.305182969, 0.952293734, 1.93958516e-006, 2.91147714e-005, -1.13672044e-005, 1, 0.952293707, -0.305183049, -3.43266302e-005, 0.30518305, 0.952293708, 8.63849052e-006, 3.0052713e-005, -1.87022858e-005, 0.999999999, 0, 0, 0, 0, 0, 0, 0, 0.353687695, -0.0415598877, -0.325159204, 0.623209117, 0.426004996, -0.655799134, -0.768310547, 0.489746094, -0.411865234, 0.145511035, 0.760716989, 0.632718266, 0, -0, 0, 0, 0, 0, 0, 0.3981104, -0.0405266602, -0.26625376, 0.640977256, -0.106786274, -0.759945279, -0.467529297, -0.839599609, -0.276245117, -0.608574679, 0.532526515, -0.588151029, 0, 3, 5, 1, 
942.63197, 70, 0.1, 0.1, -0.00722050399, 0.365305181, -0.0199625528, 0.952293765, -0.305182871, 4.98824163e-006, 0.305182871, 0.952293765, 2.09842654e-005, -1.11543098e-005, -1.84608592e-005, 1, 0.952293773, -0.305182845, 2.0431768e-005, 0.305182844, 0.952293774, 1.94542244e-005, -2.5394141e-005, -1.22907117e-005, 1, 0, 0, 0, 0, 0, 0, 0, 0.353687695, -0.0415598877, -0.325159204, 0.623209117, 0.426004996, -0.655799134, -0.768310547, 0.489746094, -0.411865234, 0.145511035, 0.760716989, 0.632718266, 0, -0, 0, 0, 0, 0, 0, 0.3981104, -0.0405266602, -0.26625376, 0.640977256, -0.106786274, -0.759945279, -0.467529297, -0.839599609, -0.276245117, -0.608574679, 0.532526515, -0.588151029, 0, 3, 5, 1, 
942.632753, 70, 0.1, 0.1, -0.00722051376, 0.365305191, -0.0199643852, 0.952293637, -0.305183269, 1.08965566e-005, 0.305183269, 0.952293637, 1.38286252e-005, -1.45969865e-005, -9.84346499e-006, 1, 0.952293669, -0.305183172, -8.70108692e-006, 0.305183172, 0.952293669, -1.18037868e-005, 1.18883071e-005, 8.58524608e-006, 1, 0, 0, 0, 0, 0, 0, 0, 0.353687695, -0.0415598877, -0.325159204, 0.623209117, 0.426004996, -0.655799134, -0.768310547, 0.489746094, -0.411865234, 0.145511035, 0.760716989, 0.632718266, 0, -0, 0, 0, 0, 0, 0, 0.3981104, -0.0405266602, -0.26625376, 0.640977256, -0.106786274, -0.759945279, -0.467529297, -0.839599609, -0.276245117, -0.608574679, 0.532526515, -0.588151029, 0, 3, 5, 1, 
942.633535, 70, 0.1, 0.1, -0.00722052789, 0.365305198, -0.0199665352, 0.952293543, -0.305183564, -1.73823881e-005, 0.305183564, 0.952293543, -1.2857581e-005, 2.04770584e-005, 6.9393722e-006, 1, 0.952293549, -0.305183546, -4.34559206e-006, 0.305183546, 0.952293549, -1.5629162e-005, 8.90804234e-006, 1.35573469e-005, 1, 0, 0, 0, 0, 0, 0, 0, 0.353687695, -0.0415598877, -0.325159204, 0.623209117, 0.426004996, -0.655799134, -0.768310547, 0.489746094, -0.411865234, 0.145511035, 0.760716989, 0.632718266, 0, -0, 0, 0, 0, 0, 0, 0.3981104, -0.0405266602, -0.26625376, 0.640977256, -0.106786274, -0.759945279, -0.467529297, -0.839599609, -0.276245117, -0.608574679, 0.532526515, -0.588151029, 0, 3, 5, 1, 
942.634352, 70, 0.1, 0.1, -0.00722054246, 0.365305205, -0.0199681668, 0.952293608, -0.305183359, 2.90218208e-005, 0.305183359, 0.952293609, -4.43033841e-006, -2.62852289e-005, 1.30759597e-005, 1, 0.952293583, -0.305183438, 2.89932444e-005, 0.305183438, 0.952293584, 1.71352963e-006, -2.81330215e-005, 7.21647473e-006, 1, 0, 0, 0, 0, 0, 0, 0, 0.352811914, -0.0411813721, -0.325920483, 0.619198191, 0.429057374, -0.657607645, -0.771606445, 0.487548828, -0.408447266, 0.145157568, 0.760480724, 0.633004706, 0, -0, 0, 0, 0, 0, 0, 0.3981104, -0.0405266602, -0.26625376, 0.638421259, -0.10870318, -0.761772499, -0.469116211, -0.839599609, -0.2734375, -0.60994801, 0.532079555, -0.587115651, 0, 3, 5, 1, 
942.635138, 70, 0.1, 0.1, -0.00722055201, 0.365305213, -0.0199685632, 0.952293725, -0.305182996, -7.99019469e-006, 0.305182996, 0.952293725, -1.08586989e-005, 1.09229025e-005, 7.9021993e-006, 1, 0.952293706, -0.305183055, -2.40358652e-005, 0.305183055, 0.952293706, 1.17157537e-006, 2.25316582e-005, -8.45102264e-006, 1, 0, 0, 0, 0, 0, 0, 0, 0.352811914, -0.0411813721, -0.325920483, 0.619198191, 0.429057374, -0.657607645, -0.771606445, 0.487548828, -0.408447266, 0.145157568, 0.760480724, 0.633004706, 0, -0, 0, 0, 0, 0, 0, 0.397465918, -0.0417791016, -0.266576123, 0.638421259, -0.10870318, -0.761772499, -0.469116211, -0.839599609, -0.2734375, -0.60994801, 0.532079555, -0.587115651, 0, 3, 5, 1, 
942.635936, 70, 0.1, 0.1, -0.00722056571, 0.365305219, -0.0199679124, 0.952293713, -0.305183034, -1.94738802e-005, 0.305183034, 0.952293713, 4.12692656e-006, 1.72853857e-005, -9.87314406e-006, 1, 0.952293727, -0.30518299, 9.34231523e-007, 0.30518299, 0.952293727, 1.7597597e-005, -6.26015009e-006, -1.64729697e-005, 1, 0, 0, 0, 0, 0, 0, 0, 0.352811914, -0.0411813721, -0.325920483, 0.619198191, 0.429057374, -0.657607645, -0.771606445, 0.487548828, -0.408447266, 0.145157568, 0.760480724, 0.633004706, 0, -0, 0, 0, 0, 0, 0, 0.397465918, -0.0417791016, -0.266576123, 0.638421259, -0.10870318, -0.761772499, -0.469116211, -0.839599609, -0.2734375, -0.60994801, 0.532079555, -0.587115651, 0, 3, 5, 1, 
942.63672, 70, 0.1, 0.1, -0.00722057614, 0.365305227, -0.0199665133, 0.952293583, -0.305183438, 1.77058516e-005, 0.305183437, 0.952293583, 2.23474431e-005, -2.36812384e-005, -1.5877794e-005, 1, 0.952293609, -0.305183358, 8.01168007e-006, 0.305183358, 0.952293609, 1.3732435e-005, -1.18203823e-005, -1.06322786e-005, 1, 0, 0, 0, 0, 0, 0, 0, 0.352811914, -0.0411813721, -0.325920483, 0.619198191, 0.429057374, -0.657607645, -0.771606445, 0.487548828, -0.408447266, 0.145157568, 0.760480724, 0.633004706, 0, -0, 0, 0, 0, 0, 0, 0.397465918, -0.0417791016, -0.266576123, 0.638421259, -0.10870318, -0.761772499, -0.469116211, -0.839599609, -0.2734375, -0.60994801, 0.532079555, -0.587115651, 0, 3, 5, 1, 
942.637505, 70, 0.1, 0.1, -0.00722058653, 0.365305236, -0.0199649505, 0.952293527, -0.305183614, -2.66863982e-005, 0.305183615, 0.952293527, 3.3635471e-006, 2.43867848e-005, -1.13473356e-005, 1, 0.952293525, -0.30518362, -2.30289795e-005, 0.30518362, 0.952293525, -1.48978874e-005, 2.64769392e-005, 7.15909434e-006, 1, 0, 0, 0, 0, 0, 0, 0, 0.352811914, -0.0411813721, -0.325920483, 0.619198191, 0.429057374, -0.657607645, -0.771606445, 0.487548828, -0.408447266, 0.145157568, 0.760480724, 0.633004706, 0, -0, 0, 0, 0, 0, 0, 0.397465918, -0.0417791016, -0.266576123, 0.638421259, -0.10870318, -0.761772499, -0.469116211, -0.839599609, -0.2734375, -0.60994801, 0.532079555, -0.587115651, 0, 3, 5, 1, 
942.638289, 70, 0.1, 0.1, -0.00722060148, 0.365305243, -0.0199637726, 0.952293631, -0.305183288, 1.57798091e-005, 0.305183289, 0.952293631, -5.26241308e-006, -1.34210112e-005, 9.82709651e-006, 1, 0.952293602, -0.305183378, 3.13594518e-005, 0.305183378, 0.952293603, -7.0172085e-006, -2.77218699e-005, 1.62528262e-005, 0.999999999, 0, 0, 0, 0, 0, 0, 0, 0.352811914, -0.0411813721, -0.325920483, 0.619198191, 0.429057374, -0.657607645, -0.771606445, 0.487548828, -0.408447266, 0.145157568, 0.760480724, 0.633004706, 0, -0, 0, 0, 0, 0, 0, 0.397465918, -0.0417791016, -0.266576123, 0.638421259, -0.10870318, -0.761772499, -0.469116211, -0.839599609, -0.2734375, -0.60994801, 0.532079555, -0.587115651, 0, 3, 5, 1, 
942.639073, 70, 0.1, 0.1, -0.00722061015, 0.365305251, -0.0199633341, 0.952293749, -0.305182919, 1.94024925e-005, 0.30518292, 0.95229375, -1.15971281e-005, -1.4937627e-005, 1.69651819e-005, 1, 0.952293738, -0.305182955, -7.35794628e-006, 0.305182955, 0.952293738, -1.42398774e-005, 1.1352694e-005, 1.13150263e-005, 1, 0, 0, 0, 0, 0, 0, 0, 0.352811914, -0.0411813721, -0.325920483, 0.619198191, 0.429057374, -0.657607645, -0.771606445, 0.487548828, -0.408447266, 0.145157568, 0.760480724, 0.633004706, 0, -0, 0, 0, 0, 0, 0, 0.397465918, -0.0417791016, -0.266576123, 0.638421259, -0.10870318, -0.761772499, -0.469116211, -0.839599609, -0.2734375, -0.60994801, 0.532079555, -0.587115651, 0, 3, 5, 1, 
942.639883, 70, 0.1, 0.1, -0.00722062301, 0.365305257, -0.0199633853, 0.952293697, -0.305183083, -2.1512157e-005, 0.305183083, 0.952293697, -1.53019941e-005, 2.51558013e-005, 8.00684617e-006, 1, 0.952293723, -0.305183001, -1.59850019e-005, 0.305183001, 0.952293723, 6.78833366e-006, 1.31507329e-005, -1.13428384e-005, 1, 0, 0, 0, 0, 0, 0, 0, 0.352413867, -0.0410022949, -0.327073437, 0.615834286, 0.432617108, -0.65840032, -0.774414063, 0.485595703, -0.405273437, 0.144207255, 0.759546141, 0.634242581, 0, -0, 0, 0, 0, 0, 0, 0.397575879, -0.0424305176, -0.266855273, 0.637066518, -0.108473137, -0.763005472, -0.469604492, -0.839599609, -0.272705078, -0.61107234, 0.532226476, -0.585895071, 0, 3, 5, 1, 
942.640667, 70, 0.1, 0.1, -0.00722063577, 0.365305263, -0.0199642026, 0.95229355, -0.30518354, 2.4682287e-005, 0.30518354, 0.952293551, 1.85300509e-005, -2.91598493e-005, -1.01134202e-005, 1, 0.952293577, -0.305183459, 2.35749464e-005, 0.305183458, 0.952293577, 2.51523494e-005, -3.0126351e-005, -1.67577371e-005, 0.999999999, 0, 0, 0, 0, 0, 0, 0, 0.352413867, -0.0410022949, -0.327073437, 0.615834286, 0.432617108, -0.65840032, -0.774414063, 0.485595703, -0.405273437, 0.144207255, 0.759546141, 0.634242581, 0, -0, 0, 0, 0, 0, 0, 0.397575879, -0.0424305176, -0.266855273, 0.637066518, -0.108473137, -0.763005472, -0.469604492, -0.839599609, -0.272705078, -0.61107234, 0.532226476, -0.585895071, 0, 3, 5, 1, 
942.641453, 70, 0.1, 0.1, -0.00722064464, 0.365305271, -0.0199654556, 0.952293514, -0.305183656, -1.4628661e-005, 0.305183656, 0.952293514, 1.31812928e-005, 9.90806389e-006, -1.70168879e-005, 1, 0.952293507, -0.305183676, -2.51567516e-005, 0.305183677, 0.952293507, 3.63106036e-006, 2.28484708e-005, -1.11352651e-005, 1, 0, 0, 0, 0, 0, 0, 0, 0.352413867, -0.0410022949, -0.327073437, 0.615834286, 0.432617108, -0.65840032, -0.774414063, 0.485595703, -0.405273437, 0.144207255, 0.759546141, 0.634242581, 0, -0, 0, 0, 0, 0, 0, 0.397575879, -0.0424305176, -0.266855273, 0.637066518, -0.108473137, -0.763005472, -0.469604492, -0.839599609, -0.272705078, -0.61107234, 0.532226476, -0.585895071, 0, 3, 5, 1, 
942.642276, 70, 0.1, 0.1, -0.00722065923, 0.365305278, -0.0199663798, 0.952293636, -0.305183273, -1.70472716e-005, 0.305183273, 0.952293636, 3.97958427e-006, 1.50195057e-005, -8.99227493e-006, 1, 0.952293607, -0.305183364, 1.25008783e-005, 0.305183364, 0.952293607, -5.1275113e-006, -1.03396753e-005, 8.69795632e-006, 1, 0, 0, 0, 0, 0, 0, 0, 0.352325854, -0.0411048096, -0.327062695, 0.614177421, 0.435009361, -0.658247552, -0.775878906, 0.484375, -0.403930664, 0.143110165, 0.759043654, 0.63520712, 0, -0, 0, 0, 0, 0, 0, 0.397115576, -0.0423682617, -0.267633643, 0.634618797, -0.106920802, -0.765311736, -0.468139648, -0.840942383, -0.270751953, -0.614643659, 0.530303007, -0.583805358, 0, 3, 5, 1, 
942.643063, 70, 0.1, 0.1, -0.00722066834, 0.365305286, -0.0199667911, 0.952293723, -0.305183002, 2.11813342e-005, 0.305183002, 0.952293723, -3.52494834e-007, -2.00632761e-005, 6.79986176e-006, 1, 0.952293719, -0.305183016, 1.26964537e-005, 0.305183016, 0.952293719, -1.03862728e-005, -8.92103904e-006, 1.37655244e-005, 1, 0, 0, 0, 0, 0, 0, 0, 0.352325854, -0.0411048096, -0.327062695, 0.614177421, 0.435009361, -0.658247552, -0.775878906, 0.484375, -0.403930664, 0.143110165, 0.759043654, 0.63520712, 0, -0, 0, 0, 0, 0, 0, 0.397115576, -0.0423682617, -0.267633643, 0.634618797, -0.106920802, -0.765311736, -0.468139648, -0.840942383, -0.270751953, -0.614643659, 0.530303007, -0.583805358, 0, 3, 5, 1, 
942.643844, 70, 0.1, 0.1, -0.00722067662, 0.365305292, -0.019966866, 0.952293655, -0.305183213, -2.19022888e-005, 0.305183213, 0.952293655, -1.96373078e-005, 2.68503874e-005, 1.20162727e-005, 1, 0.952293679, -0.305183138, -2.51611159e-005, 0.305183138, 0.95229368, -1.50371102e-005, 2.85498442e-005, 6.64099672e-006, 1, 0, 0, 0, 0, 0, 0, 0, 0.352325854, -0.0411048096, -0.327062695, 0.614177421, 0.435009361, -0.658247552, -0.775878906, 0.484375, -0.403930664, 0.143110165, 0.759043654, 0.63520712, 0, -0, 0, 0, 0, 0, 0, 0.397115576, -0.0423682617, -0.267633643, 0.634618797, -0.106920802, -0.765311736, -0.468139648, -0.840942383, -0.270751953, -0.614643659, 0.530303007, -0.583805358, 0, 3, 5, 1, 
942.644628, 70, 0.1, 0.1, -0.00722068918, 0.365305297, -0.0199665982, 0.952293534, -0.305183591, 1.20922942e-005, 0.305183591, 0.952293535, -3.0486476e-006, -1.05850164e-005, 6.59357718e-006, 1, 0.952293555, -0.305183528, 1.88740679e-005, 0.305183528, 0.952293555, 1.74766011e-005, -2.3307224e-005, -1.08827999e-005, 1, 0, 0, 0, 0, 0, 0, 0, 0.352325854, -0.0411048096, -0.327062695, 0.614177421, 0.435009361, -0.658247552, -0.775878906, 0.484375, -0.403930664, 0.143110165, 0.759043654, 0.63520712, 0, -0, 0, 0, 0, 0, 0, 0.397115576, -0.0423682617, -0.267633643, 0.634618797, -0.106920802, -0.765311736, -0.468139648, -0.840942383, -0.270751953, -0.614643659, 0.530303007, -0.583805358, 0, 3, 5, 1, 
942.645414, 70, 0.1, 0.1, -0.00722069694, 0.365305304, -0.0199660338, 0.952293546, -0.305183554, 1.17135082e-005, 0.305183554, 0.952293546, 1.52608788e-005, -1.58120675e-005, -1.09580663e-005, 1, 0.952293532, -0.305183598, -1.39663415e-005, 0.305183598, 0.952293532, 1.44543455e-005, 8.8888275e-006, -1.80270781e-005, 1, 0, 0, 0, 0, 0, 0, 0, 0.352325854, -0.0411048096, -0.327062695, 0.614177421, 0.435009361, -0.658247552, -0.775878906, 0.484375, -0.403930664, 0.143110165, 0.759043654, 0.63520712, 0, -0, 0, 0, 0, 0, 0, 0.397115576, -0.0423682617, -0.267633643, 0.634618797, -0.106920802, -0.765311736, -0.468139648, -0.840942383, -0.270751953, -0.614643659, 0.530303007, -0.583805358, 0, 3, 5, 1, 
942.646199, 70, 0.1, 0.1, -0.00722070865, 0.36530531, -0.0199654319, 0.952293681, -0.305183132, -2.7717469e-005, 0.305183132, 0.952293682, 7.144344e-006, 2.42148373e-005, -1.52624176e-005, 1, 0.952293655, -0.305183215, -1.47923089e-005, 0.305183215, 0.952293655, 5.80616884e-006, 1.23146766e-005, -1.00435421e-005, 1, 0, 0, 0, 0, 0, 0, 0, 0.352325854, -0.0411048096, -0.327062695, 0.614177421, 0.435009361, -0.658247552, -0.775878906, 0.484375, -0.403930664, 0.143110165, 0.759043654, 0.63520712, 0, -0, 0, 0, 0, 0, 0, 0.397115576, -0.0423682617, -0.267633643, 0.634618797, -0.106920802, -0.765311736, -0.468139648, -0.840942383, -0.270751953, -0.614643659, 0.530303007, -0.583805358, 0, 3, 5, 1, 
942.647009, 70, 0.1, 0.1, -0.00722072103, 0.365305317, -0.0199648581, 0.952293741, -0.305182944, 2.04660759e-005, 0.305182944, 0.952293742, 1.95054662e-005, -2.54424516e-005, -1.23290361e-005, 1, 0.952293743, -0.305182938, 2.86648486e-005, 0.305182938, 0.952293744, 1.1323151e-006, -2.76429193e-005, 7.66972613e-006, 1, 0, 0, 0, 0, 0, 0, 0, 0.351815649, -0.0417521973, -0.327334033, 0.612933555, 0.435428351, -0.659167908, -0.776977539, 0.483398437, -0.403076172, 0.14305999, 0.759348068, 0.634858522, 0, -0, 0, 0, 0, 0, 0, 0.397115576, -0.0423682617, -0.267633643, 0.634113501, -0.103432605, -0.766154984, -0.464355469, -0.843139648, -0.270507812, -0.618010821, 0.527478321, -0.582789303, 0, 3, 5, 1, 
942.647795, 70, 0.1, 0.1, -0.0072207281, 0.365305325, -0.0199643677, 0.952293637, -0.305183272, -9.43165786e-006, 0.305183272, 0.952293637, -1.20390853e-005, 1.26558352e-005, 8.58636015e-006, 1, 0.952293665, -0.305183182, -2.0921798e-005, 0.305183181, 0.952293665, -2.2353766e-005, 2.67456891e-005, 1.49023689e-005, 1, 0, 0, 0, 0, 0, 0, 0, 0.351815649, -0.0417521973, -0.327334033, 0.612933555, 0.435428351, -0.659167908, -0.776977539, 0.483398437, -0.403076172, 0.14305999, 0.759348068, 0.634858522, 0, -0, 0, 0, 0, 0, 0, 0.397011328, -0.0419736328, -0.267668066, 0.634113501, -0.103432605, -0.766154984, -0.464355469, -0.843139648, -0.270507812, -0.618010821, 0.527478321, -0.582789303, 0, 3, 5, 1, 
942.648577, 70, 0.1, 0.1, -0.00722074052, 0.36530533, -0.0199643801, 0.952293519, -0.30518364, -9.20030662e-006, 0.30518364, 0.952293519, -1.94520982e-005, 1.46978545e-005, 1.5716324e-005, 1, 0.95229353, -0.305183604, 1.36573319e-005, 0.305183604, 0.95229353, -6.23637137e-006, -1.11025505e-005, 1.01068499e-005, 1, 0, 0, 0, 0, 0, 0, 0, 0.351815649, -0.0417521973, -0.327334033, 0.612933555, 0.435428351, -0.659167908, -0.776977539, 0.483398437, -0.403076172, 0.14305999, 0.759348068, 0.634858522, 0, -0, 0, 0, 0, 0, 0, 0.397011328, -0.0419736328, -0.267668066, 0.634113501, -0.103432605, -0.766154984, -0.464355469, -0.843139648, -0.270507812, -0.618010821, 0.527478321, -0.582789303, 0, 3, 5, 1, 
942.649365, 70, 0.1, 0.1, -0.00722074888, 0.365305336, -0.0199648183, 0.952293562, -0.305183503, 2.60123654e-005, 0.305183503, 0.952293563, -1.63463201e-006, -2.42725454e-005, 9.49519432e-006, 1, 0.952293539, -0.305183577, 9.48939341e-006, 0.305183577, 0.952293539, 1.25342985e-005, -1.28619501e-005, -9.04032445e-006, 1, 0, 0, 0, 0, 0, 0, 0, 0.351815649, -0.0417521973, -0.327334033, 0.612933555, 0.435428351, -0.659167908, -0.776977539, 0.483398437, -0.403076172, 0.14305999, 0.759348068, 0.634858522, 0, -0, 0, 0, 0, 0, 0, 0.397011328, -0.0419736328, -0.267668066, 0.634113501, -0.103432605, -0.766154984, -0.464355469, -0.843139648, -0.270507812, -0.618010821, 0.527478321, -0.582789303, 0, 3, 5, 1, 
942.650169, 70, 0.1, 0.1, -0.00722075641, 0.365305343, -0.0199653525, 0.952293702, -0.305183067, -3.23957756e-005, 0.305183068, 0.952293702, 1.24003041e-006, 3.04718568e-005, -1.10675153e-005, 0.999999999, 0.952293677, -0.305183144, -3.55604738e-005, 0.305183144, 0.952293678, 6.75871951e-006, 3.18013671e-005, -1.72887431e-005, 0.999999999, 0, 0, 0, 0, 0, 0, 0, 0.351815649, -0.0417521973, -0.327334033, 0.612933555, 0.435428351, -0.659167908, -0.776977539, 0.483398437, -0.403076172, 0.14305999, 0.759348068, 0.634858522, 0, -0, 0, 0, 0, 0, 0, 0.396903662, -0.0411010254, -0.267707373, 0.633633724, -0.0994460419, -0.767145153, -0.460205078, -0.845458984, -0.270507812, -0.621620786, 0.524583272, -0.581543204, 0, 3, 5, 1, 
942.65095, 70, 0.1, 0.1, -0.00722076779, 0.365305348, -0.0199658769, 0.952293734, -0.305182969, 2.63593634e-006, 0.305182969, 0.952293734, 2.11461413e-005, -8.96362784e-006, -1.93328949e-005, 1, 0.952293741, -0.305182947, 1.60932408e-005, 0.305182946, 0.952293741, 1.94008982e-005, -2.12463157e-005, -1.35639713e-005, 1, 0, 0, 0, 0, 0, 0, 0, 0.351815649, -0.0417521973, -0.327334033, 0.612933555, 0.435428351, -0.659167908, -0.776977539, 0.483398437, -0.403076172, 0.14305999, 0.759348068, 0.634858522, 0, -0, 0, 0, 0, 0, 0, 0.396903662, -0.0411010254, -0.267707373, 0.633633724, -0.0994460419, -0.767145153, -0.460205078, -0.845458984, -0.270507812, -0.621620786, 0.524583272, -0.581543204, 0, 3, 5, 1, 
942.65174, 70, 0.1, 0.1, -0.00722077484, 0.365305355, -0.0199663742, 0.952293619, -0.305183326, 1.15433703e-005, 0.305183326, 0.952293619, 1.73704708e-005, -1.6293856e-005, -1.30189444e-005, 1, 0.952293648, -0.305183238, -7.39312803e-006, 0.305183238, 0.952293648, -7.28361675e-006, 9.26326661e-006, 4.67988321e-006, 1, 0, 0, 0, 0, 0, 0, 0, 0.351815649, -0.0417521973, -0.327334033, 0.612933555, 0.435428351, -0.659167908, -0.776977539, 0.483398437, -0.403076172, 0.14305999, 0.759348068, 0.634858522, 0, -0, 0, 0, 0, 0, 0, 0.396903662, -0.0411010254, -0.267707373, 0.633633724, -0.0994460419, -0.767145153, -0.460205078, -0.845458984, -0.270507812, -0.621620786, 0.524583272, -0.581543204, 0, 3, 5, 1, 
942.65254, 70, 0.1, 0.1, -0.00722078664, 0.36530536, -0.0199663553, 0.952293534, -0.305183591, -1.69648889e-005, 0.305183591, 0.952293535, -8.89131399e-006, 1.88690371e-005, 3.28973512e-006, 1, 0.952293538, -0.30518358, -4.07631894e-006, 0.30518358, 0.952293538, -1.19611721e-005, 7.53220552e-006, 1.01465213e-005, 1, 0, 0, 0, 0, 0, 0, 0, 0.351089648, -0.0424056885, -0.327152783, 0.611829352, 0.435726774, -0.659967697, -0.777709961, 0.482788086, -0.40234375, 0.143111287, 0.759671578, 0.634490829, 0, -0, 0, 0, 0, 0, 0, 0.396903662, -0.0411010254, -0.267707373, 0.633633724, -0.0994460419, -0.767145153, -0.460205078, -0.845458984, -0.270507812, -0.621620786, 0.524583272, -0.581543204, 0, 3, 5, 1, 
942.653327, 70, 0.1, 0.1, -0.00722079786, 0.365305364, -0.0199660973, 0.952293609, -0.305183356, 2.99205288e-005, 0.305183356, 0.95229361, -8.74555712e-007, -2.82262285e-005, 9.9640812e-006, 1, 0.952293583, -0.305183437, 3.00346171e-005, 0.305183437, 0.952293584, 5.31429999e-006, -3.02236095e-005, 4.10529388e-006, 1, 0, 0, 0, 0, 0, 0, 0, 0.351089648, -0.0424056885, -0.327152783, 0.611829352, 0.435726774, -0.659967697, -0.777709961, 0.482788086, -0.40234375, 0.143111287, 0.759671578, 0.634490829, 0, -0, 0, 0, 0, 0, 0, 0.396903662, -0.0411010254, -0.267707373, 0.633633724, -0.0994460419, -0.767145153, -0.460205078, -0.845458984, -0.270507812, -0.621620786, 0.524583272, -0.581543204, 0, 3, 5, 1, 
942.654116, 70, 0.1, 0.1, -0.00722080413, 0.365305369, -0.0199657048, 0.952293739, -0.305182952, -9.32000291e-006, 0.305182952, 0.952293739, -1.03986304e-005, 1.20488651e-005, 7.05824462e-006, 1, 0.952293718, -0.305183017, -2.71450505e-005, 0.305183018, 0.952293718, 3.49156456e-006, 2.47844949e-005, -1.16092034e-005, 1, 0, 0, 0, 0, 0, 0, 0, 0.351089648, -0.0424056885, -0.327152783, 0.611829352, 0.435726774, -0.659967697, -0.777709961, 0.482788086, -0.40234375, 0.143111287, 0.759671578, 0.634490829, 0, -0, 0, 0, 0, 0, 0, 0.396903662, -0.0411010254, -0.267707373, 0.633633724, -0.0994460419, -0.767145153, -0.460205078, -0.845458984, -0.270507812, -0.621620786, 0.524583272, -0.581543204, 0, 3, 5, 1, 
942.654913, 70, 0.1, 0.1, -0.00722081498, 0.365305374, -0.0199652756, 0.952293727, -0.30518299, -2.14559676e-005, 0.30518299, 0.952293727, 3.36644574e-006, 1.94050014e-005, -9.75384151e-006, 1, 0.952293742, -0.305182944, 5.59551311e-007, 0.305182944, 0.952293742, 1.82830677e-005, -6.11253763e-006, -1.72400854e-005, 1, 0, 0, 0, 0, 0, 0, 0, 0.350846265, -0.0428183594, -0.326706909, 0.611542912, 0.436342716, -0.65994261, -0.778320313, 0.480957031, -0.403320312, 0.141302776, 0.760439166, 0.633868895, 0, -0, 0, 0, 0, 0, 0, 0.396903662, -0.0411010254, -0.267707373, 0.633633724, -0.0994460419, -0.767145153, -0.460205078, -0.845458984, -0.270507812, -0.621620786, 0.524583272, -0.581543204, 0, 3, 5, 1, 
