time, trialNum, realDorsalTactorPos, realVentralTactorPos, boxPosX, boxPosY, boxPosZ, boxLocalRot_11, boxLocalRot_12, boxLocalRot_13, boxLocalRot_21, boxLocalRot_22, boxLocalRot_23, boxLocalRot_31, boxLocalRot_32, boxLocalRot_33, boxGlobalRot_11, boxGlobalRot_12, boxGlobalRot_13, boxGlobalRot_21, boxGlobalRot_22, boxGlobalRot_23, boxGlobalRot_31, boxGlobalRot_32, boxGlobalRot_33, indexForceX, indexForceY, indexForceZ, indexForceGlobalX, indexForceGlobalY, indexForceGlobalZ, indexContact, indexPosX, indexPosY, indexPosZ, indexRot_11, indexRot_12, indexRot_13, indexRot_21, indexRot_22, indexRot_23, indexRot_31, indexRot_32, indexRot_33, thumbForceX, thumbForceY, thumbForceZ, thumbForceGlobalX, thumbForceGlobalY, thumbForceGlobalZ, thumbContact, thumbPosX, thumbPosY, thumbPosZ, thumbRot_11, thumbRot_12, thumbRot_13, thumbRot_21, thumbRot_22, thumbRot_23, thumbRot_31, thumbRot_32, thumbRot_33, manipForceTooHigh, cceExpType, mapping, trialSuccess, 
461.887948, 67, 0.1, 0.1, 0.225, -0.11500002, -0.0199724525, 0.707106779, -0.707106783, -2.94498702e-007, 0.707106783, 0.707106779, 8.50433047e-006, -5.80522774e-006, -6.22171176e-006, 1, 0.707106779, -0.707106783, -8.31193787e-007, 0.707106783, 0.707106779, 3.76544706e-005, -2.60379888e-005, -2.72134742e-005, 0.999999999, 0, 0, 0, 0, 0, 0, 0, 0.165733984, -0.102124634, -0.202497681, -0.709221237, 0.607031337, -0.358340483, -0.545898437, -0.151489258, 0.823974609, 0.446027831, 0.779998904, 0.43902541, 0, 0, -0, 0, 0, 0, 0, 0.245271094, -0.0527214355, -0.173137744, -0.283656141, 0.787322494, -0.547176363, 0.295898438, -0.470825195, -0.830932617, -0.912088061, -0.397541295, -0.0993658172, 1, 3, 5, 0, 
461.888757, 67, 0.1, 0.1, 0.225, -0.11500001, -0.0199562806, 0.707106782, -0.70710678, 6.9556453e-007, 0.70710678, 0.707106782, -9.4956546e-006, 6.22260336e-006, 7.20628016e-006, 1, 0.707106782, -0.70710678, -1.09081468e-007, 0.70710678, 0.707106781, -4.77072557e-005, 3.38112562e-005, 3.36569918e-005, 0.999999999, 0, 0, 0, 0, 0, 0, 0, 0.166600464, -0.101841577, -0.201888721, -0.709766786, 0.608287186, -0.355286983, -0.544921875, -0.154418945, 0.82409668, 0.446485014, 0.778564077, 0.441137213, 0, 0, -0, 0, 0, 0, 0, 0.246121094, -0.0529134277, -0.172386963, -0.28443559, 0.788006061, -0.545764386, 0.296264648, -0.469116211, -0.831787109, -0.911679013, -0.398205906, -0.0999538688, 1, 3, 5, 0, 
461.889537, 67, 0.1, 0.1, 0.225, -0.115000024, -0.019945258, 0.707106775, -0.707106787, 8.86462146e-007, 0.707106787, 0.707106775, 2.13816381e-005, -1.57459248e-005, -1.44922777e-005, 1, 0.707106776, -0.707106786, -6.23243045e-008, 0.707106785, 0.707106774, 6.95816326e-005, -4.91575747e-005, -4.92457139e-005, 0.999999998, 0, 0, 0, 0, 0, 0, 0, 0.166600464, -0.101841577, -0.201888721, -0.709766786, 0.608287186, -0.355286983, -0.544921875, -0.154418945, 0.82409668, 0.446485014, 0.778564077, 0.441137213, 0, 0, -0, 0, 0, 0, 0, 0.246121094, -0.0529134277, -0.172386963, -0.28443559, 0.788006061, -0.545764386, 0.296264648, -0.469116211, -0.831787109, -0.911679013, -0.398205906, -0.0999538688, 1, 3, 5, 0, 
461.890319, 67, 0.1, 0.1, 0.225, -0.115000006, -0.0199419726, 0.707106777, -0.707106785, 1.11645349e-006, 0.707106784, 0.707106777, -4.35877785e-005, 3.00317621e-005, 3.16106654e-005, 0.999999999, 0.707106777, -0.707106785, -1.50337396e-007, 0.707106782, 0.707106774, -9.05939077e-005, 6.41658714e-005, 6.39532615e-005, 0.999999996, 0, 0, 0, 0, 0, 0, 0, 0.166600464, -0.101841577, -0.201888721, -0.709766786, 0.608287186, -0.355286983, -0.544921875, -0.154418945, 0.82409668, 0.446485014, 0.778564077, 0.441137213, 0, 0, -0, 0, 0, 0, 0, 0.246121094, -0.0529134277, -0.172386963, -0.28443559, 0.788006061, -0.545764386, 0.296264648, -0.469116211, -0.831787109, -0.911679013, -0.398205906, -0.0999538688, 1, 3, 5, 0, 
461.891102, 67, 0.1, 0.1, 0.225, -0.115000018, -0.0199466868, 0.707106766, -0.707106796, -2.17744475e-006, 0.707106796, 0.707106766, 3.12479135e-005, -2.05559261e-005, -2.36352971e-005, 1, 0.707106771, -0.707106791, -1.19227795e-006, 0.70710679, 0.707106769, 7.27543898e-005, -5.06020553e-005, -5.22881894e-005, 0.999999997, 0, 0, 0, 0, 0, 0, 0, 0.166600464, -0.101841577, -0.201888721, -0.709766786, 0.608287186, -0.355286983, -0.544921875, -0.154418945, 0.82409668, 0.446485014, 0.778564077, 0.441137213, 0, 0, -0, 0, 0, 0, 0, 0.246121094, -0.0529134277, -0.172386963, -0.28443559, 0.788006061, -0.545764386, 0.296264648, -0.469116211, -0.831787109, -0.911679013, -0.398205906, -0.0999538688, 1, 3, 5, 0, 
461.891883, 67, 0.1, 0.1, 0.225, -0.115000004, -0.0199571595, 0.707106731, -0.707106831, 1.93471364e-006, 0.70710683, 0.70710673, -4.57427125e-005, 3.09769355e-005, 3.37130292e-005, 0.999999999, 0.707106741, -0.707106822, 8.20412271e-007, 0.707106819, 0.707106739, -7.78700933e-005, 5.44823551e-005, 5.5642587e-005, 0.999999997, 0, 0, 0, 0, 0, 0, 0, 0.166600464, -0.101841577, -0.201888721, -0.709766786, 0.608287186, -0.355286983, -0.544921875, -0.154418945, 0.82409668, 0.446485014, 0.778564077, 0.441137213, 0, 0, -0, 0, 0, 0, 0, 0.246121094, -0.0529134277, -0.172386963, -0.28443559, 0.788006061, -0.545764386, 0.296264648, -0.469116211, -0.831787109, -0.911679013, -0.398205906, -0.0999538688, 1, 3, 5, 0, 
461.892664, 67, 0.1, 0.1, 0.224999999, -0.115000011, -0.0199692673, 0.707106681, -0.707106882, -2.00917255e-007, 0.707106881, 0.707106681, 2.37339271e-005, -1.66403532e-005, -1.69244884e-005, 1, 0.707106692, -0.70710687, 1.34576601e-006, 0.707106869, 0.707106692, 4.4174472e-005, -3.21876728e-005, -3.02844644e-005, 0.999999999, 0, 0, 0, 0, 0, 0, 0, 0.166600464, -0.101841577, -0.201888721, -0.709766786, 0.608287186, -0.355286983, -0.544921875, -0.154418945, 0.82409668, 0.446485014, 0.778564077, 0.441137213, 0, 0, -0, 0, 0, 0, 0, 0.246121094, -0.0529134277, -0.172386963, -0.28443559, 0.788006061, -0.545764386, 0.296264648, -0.469116211, -0.831787109, -0.911679013, -0.398205906, -0.0999538688, 1, 3, 5, 0, 
461.89347, 67, 0.1, 0.1, 0.225, -0.115000005, -0.0199791224, 0.707106623, -0.707106939, -2.02319547e-006, 0.707106939, 0.707106623, -1.74012833e-005, 1.37351831e-005, 1.08739471e-005, 1, 0.707106634, -0.707106928, -2.61807239e-006, 0.707106928, 0.707106634, -3.23784987e-005, 2.47463171e-005, 2.10437941e-005, 0.999999999, 0, 0, 0, 0, 0, 0, 0, 0.167503564, -0.102001587, -0.200871973, -0.709588931, 0.60962541, -0.353020168, -0.544677734, -0.157104492, 0.823730469, 0.44682762, 0.77686902, 0.443744392, 0, 0, -0, 0, 0, 0, 0, 0.247088379, -0.0527143555, -0.171596143, -0.28699122, 0.788369899, -0.543917843, 0.29675293, -0.466552734, -0.833007812, -0.910720194, -0.400499776, -0.100005275, 1, 3, 5, 0, 
461.894249, 67, 0.1, 0.1, 0.225, -0.115000009, -0.0199833819, 0.707106579, -0.707106984, 1.93023981e-006, 0.707106984, 0.707106579, 1.03145531e-005, -8.65837777e-006, -5.92860227e-006, 1, 0.707106586, -0.707106977, 1.57352603e-006, 0.707106977, 0.707106586, 2.24447361e-005, -1.69834801e-005, -1.47581695e-005, 1, 0, 0, 0, 0, 0, 0, 0, 0.167503564, -0.102001587, -0.200871973, -0.709588931, 0.60962541, -0.353020168, -0.544677734, -0.157104492, 0.823730469, 0.44682762, 0.77686902, 0.443744392, 0, 0, -0, 0, 0, 0, 0, 0.247088379, -0.0527143555, -0.171596143, -0.28699122, 0.788369899, -0.543917843, 0.29675293, -0.466552734, -0.833007812, -0.910720194, -0.400499776, -0.100005275, 1, 3, 5, 0, 
461.895035, 67, 0.1, 0.1, 0.225, -0.115000005, -0.0199815784, 0.70710655, -0.707107012, 3.34110696e-007, 0.707107012, 0.70710655, 3.7691079e-007, -5.02768124e-007, -3.02640727e-008, 1, 0.707106554, -0.707107008, 1.15955725e-006, 0.707107008, 0.707106554, -1.57133498e-005, 1.02910892e-005, 1.19309437e-005, 1, 0, 0, 0, 0, 0, 0, 0, 0.167503564, -0.102001587, -0.200871973, -0.709588931, 0.60962541, -0.353020168, -0.544677734, -0.157104492, 0.823730469, 0.44682762, 0.77686902, 0.443744392, 0, 0, -0, 0, 0, 0, 0, 0.247088379, -0.0527143555, -0.171596143, -0.28699122, 0.788369899, -0.543917843, 0.29675293, -0.466552734, -0.833007812, -0.910720194, -0.400499776, -0.100005275, 1, 3, 5, 0, 
461.895813, 67, 0.1, 0.1, 0.225, -0.115000004, -0.019974853, 0.707106524, -0.707107038, -2.13822152e-006, 0.707107038, 0.707106524, -6.02082553e-006, 5.7693185e-006, 2.74541352e-006, 1, 0.707106529, -0.707107033, -2.04772267e-006, 0.707107033, 0.707106529, -1.57716289e-005, 1.26001878e-005, 9.70426265e-006, 1, 0, 0, 0, 0, 0, 0, 0, 0.167503564, -0.102001587, -0.200871973, -0.709588931, 0.60962541, -0.353020168, -0.544677734, -0.157104492, 0.823730469, 0.44682762, 0.77686902, 0.443744392, 0, 0, -0, 0, 0, 0, 0, 0.247088379, -0.0527143555, -0.171596143, -0.28699122, 0.788369899, -0.543917843, 0.29675293, -0.466552734, -0.833007812, -0.910720194, -0.400499776, -0.100005275, 1, 3, 5, 0, 
461.896592, 67, 0.1, 0.1, 0.225, -0.115000006, -0.0199658794, 0.707106504, -0.707107058, 5.23053842e-007, 0.707107058, 0.707106504, -1.27881228e-005, 8.67271713e-006, 9.41241989e-006, 1, 0.707106508, -0.707107054, -3.66251292e-007, 0.707107054, 0.707106508, -6.72429684e-006, 5.0137764e-006, 4.49581519e-006, 1, 0, 0, 0, 0, 0, 0, 0, 0.167503564, -0.102001587, -0.200871973, -0.709588931, 0.60962541, -0.353020168, -0.544677734, -0.157104492, 0.823730469, 0.44682762, 0.77686902, 0.443744392, 0, 0, -0, 0, 0, 0, 0, 0.247088379, -0.0527143555, -0.171596143, -0.28699122, 0.788369899, -0.543917843, 0.29675293, -0.466552734, -0.833007812, -0.910720194, -0.400499776, -0.100005275, 1, 3, 5, 0, 
461.897372, 67, 0.1, 0.1, 0.225000001, -0.115000008, -0.0199578813, 0.707106465, -0.707107098, 1.16040783e-005, 0.707107098, 0.707106465, 6.28746975e-007, -8.64991025e-006, 7.7607351e-006, 1, 0.707106477, -0.707107085, -1.14814858e-005, 0.707107085, 0.707106477, 1.05619381e-005, 6.50211685e-007, -1.55870548e-005, 1, 0, 0, 0, 0, 0, 0, 0, 0.167503564, -0.102001587, -0.200871973, -0.709588931, 0.60962541, -0.353020168, -0.544677734, -0.157104492, 0.823730469, 0.44682762, 0.77686902, 0.443744392, 0, 0, -0, 0, 0, 0, 0, 0.247088379, -0.0527143555, -0.171596143, -0.28699122, 0.788369899, -0.543917843, 0.29675293, -0.466552734, -0.833007812, -0.910720194, -0.400499776, -0.100005275, 1, 3, 5, 0, 
461.898186, 67, 0.1, 0.1, 0.225000003, -0.115000008, -0.0199527824, 0.707106617, -0.707106945, 5.17870941e-006, 0.707106945, 0.707106617, 2.45527849e-005, -2.10233444e-005, -1.36995353e-005, 1, 0.707106552, -0.70710701, -2.50584128e-005, 0.70710701, 0.707106552, 1.09076984e-005, 1.00060579e-005, -2.54318844e-005, 1, 0, 0, 0, 0, 0, 0, 0, 0.168868164, -0.102179297, -0.199728906, -0.709062478, 0.610576845, -0.352638248, -0.545898437, -0.158935547, 0.822631836, 0.44624987, 0.775853184, 0.44615574, 0, 0, -0, 0, 0, 0, 0, 0.247088379, -0.0527143555, -0.171596143, -0.288939842, 0.788708218, -0.542480347, 0.297973633, -0.464233398, -0.833984375, -0.909697575, -0.402550844, -0.100836129, 1, 3, 5, 0, 
461.898966, 67, 0.1, 0.1, 0.225000001, -0.115000009, -0.0199522452, 0.707107176, -0.707106387, -1.06418411e-005, 0.707106387, 0.707107176, 1.38877257e-005, -2.29517731e-006, -1.73450243e-005, 1, 0.707107037, -0.707106525, -1.28204047e-005, 0.707106525, 0.707107037, 2.22639721e-006, 7.49109839e-006, -1.06396929e-005, 1, 0, 0, 0, 0, 0, 0, 0, 0.168868164, -0.102179297, -0.199728906, -0.709062478, 0.610576845, -0.352638248, -0.545898437, -0.158935547, 0.822631836, 0.44624987, 0.775853184, 0.44615574, 0, 0, -0, 0, 0, 0, 0, 0.24832041, -0.052288623, -0.170625537, -0.288939842, 0.788708218, -0.542480347, 0.297973633, -0.464233398, -0.833984375, -0.909697575, -0.402550844, -0.100836129, 1, 3, 5, 0, 
461.899816, 67, 0.1, 0.1, 0.224999998, -0.115000006, -0.0199557938, 0.707107846, -0.707105717, 2.6093882e-006, 0.707105717, 0.707107846, 1.02405616e-006, -2.56923484e-006, 1.12099517e-006, 1, 0.707107736, -0.707105826, 2.4135578e-005, 0.707105826, 0.707107736, -1.13794461e-005, -9.0199813e-006, 2.51129022e-005, 1, 0, 0, 0, 0, 0, 0, 0, 0.168868164, -0.102179297, -0.199728906, -0.709062478, 0.610576845, -0.352638248, -0.545898437, -0.158935547, 0.822631836, 0.44624987, 0.775853184, 0.44615574, 0, 0, -0, 0, 0, 0, 0, 0.24832041, -0.052288623, -0.170625537, -0.288939842, 0.788708218, -0.542480347, 0.297973633, -0.464233398, -0.833984375, -0.909697575, -0.402550844, -0.100836129, 1, 3, 5, 0, 
461.900637, 67, 0.1, 0.1, 0.225000007, -0.115000012, -0.0199618812, 0.707108423, -0.707105139, -7.91991436e-006, 0.707105139, 0.707108423, 2.55377711e-005, -1.2457651e-005, -2.36581852e-005, 1, 0.707108273, -0.707105289, -3.23784503e-005, 0.707105289, 0.707108272, 3.93178268e-005, -4.90677321e-006, -5.06969341e-005, 0.999999999, 0, 0, 0, 0, 0, 0, 0, 0.170666431, -0.102158179, -0.198366016, -0.708752072, 0.61104601, -0.352338703, -0.547241211, -0.161254883, 0.821166992, 0.445088379, 0.774913732, 0.448827319, 0, 0, -0, 0, 0, 0, 0, 0.24832041, -0.052288623, -0.170625537, -0.290901224, 0.788829253, -0.541272894, 0.299560547, -0.462158203, -0.834594727, -0.908553555, -0.404870234, -0.101813905, 1, 3, 5, 0, 
461.901446, 67, 0.1, 0.1, 0.225000002, -0.115000006, -0.01996816, 0.707109316, -0.707104246, 2.21354846e-005, 0.707104246, 0.707109316, -1.60903806e-005, -4.27463092e-006, 2.70297532e-005, 1, 0.707109147, -0.707104415, 2.18500736e-005, 0.707104415, 0.707109146, -3.89809165e-005, 1.21131912e-005, 4.30140461e-005, 0.999999999, 0, 0, 0, 0, 0, 0, 0, 0.170666431, -0.102158179, -0.198366016, -0.708752072, 0.61104601, -0.352338703, -0.547241211, -0.161254883, 0.821166992, 0.445088379, 0.774913732, 0.448827319, 0, 0, -0, 0, 0, 0, 0, 0.249777393, -0.0521061523, -0.169673242, -0.290901224, 0.788829253, -0.541272894, 0.299560547, -0.462158203, -0.834594727, -0.908553555, -0.404870234, -0.101813905, 1, 3, 5, 0, 
461.902231, 67, 0.1, 0.1, 0.22500001, -0.115000012, -0.0199729489, 0.707109814, -0.707103746, -5.71369069e-005, 0.707103748, 0.707109813, 3.96867913e-005, 1.23393887e-005, -6.84646407e-005, 0.999999998, 0.707109731, -0.707103829, -6.01092245e-005, 0.707103832, 0.70710973, 3.70337367e-005, 1.63171205e-005, -6.86903785e-005, 0.999999998, 0, 0, 0, 0, 0, 0, 0, 0.170666431, -0.102158179, -0.198366016, -0.708752072, 0.61104601, -0.352338703, -0.547241211, -0.161254883, 0.821166992, 0.445088379, 0.774913732, 0.448827319, 0, 0, -0, 0, 0, 0, 0, 0.249777393, -0.0521061523, -0.169673242, -0.290901224, 0.788829253, -0.541272894, 0.299560547, -0.462158203, -0.834594727, -0.908553555, -0.404870234, -0.101813905, 1, 3, 5, 0, 
461.903027, 67, 0.1, 0.1, 0.22500001, -0.115000013, -0.0199749977, 0.707110311, -0.70710325, 3.68982798e-005, 0.707103251, 0.70711031, -4.10161635e-005, 2.91150838e-006, 5.50938458e-005, 0.999999998, 0.707110203, -0.707103359, 2.22088032e-005, 0.707103359, 0.707110203, -1.95279899e-005, -1.89576408e-006, 2.95123603e-005, 1, 0, 0, 0, 0, 0, 0, 0, 0.170666431, -0.102158179, -0.198366016, -0.708752072, 0.61104601, -0.352338703, -0.547241211, -0.161254883, 0.821166992, 0.445088379, 0.774913732, 0.448827319, 0, 0, -0, 0, 0, 0, 0, 0.249777393, -0.0521061523, -0.169673242, -0.290901224, 0.788829253, -0.541272894, 0.299560547, -0.462158203, -0.834594727, -0.908553555, -0.404870234, -0.101813905, 1, 3, 5, 0, 
461.903818, 67, 0.1, 0.1, 0.225, -0.115000004, -0.0199737992, 0.707110761, -0.707102801, 2.75460841e-005, 0.707102801, 0.707110761, -7.15798039e-006, -1.44167045e-005, 2.45393982e-005, 1, 0.70711069, -0.707102871, 4.40532703e-005, 0.707102872, 0.70711069, -2.73306771e-005, -1.18249381e-005, 5.04760079e-005, 0.999999999, 0, 0, 0, 0, 0, 0, 0, 0.170666431, -0.102158179, -0.198366016, -0.708752072, 0.61104601, -0.352338703, -0.547241211, -0.161254883, 0.821166992, 0.445088379, 0.774913732, 0.448827319, 0, 0, -0, 0, 0, 0, 0, 0.249777393, -0.0521061523, -0.169673242, -0.290901224, 0.788829253, -0.541272894, 0.299560547, -0.462158203, -0.834594727, -0.908553555, -0.404870234, -0.101813905, 1, 3, 5, 0, 
461.904614, 67, 0.1, 0.1, 0.225000007, -0.115000009, -0.0199699412, 0.707110884, -0.707102678, -2.22375397e-005, 0.707102678, 0.707110883, 2.80549684e-005, -4.11333692e-006, -3.55621974e-005, 0.999999999, 0.707110861, -0.7071027, -4.05235111e-005, 0.707102701, 0.707110861, 2.59867543e-005, 1.02793107e-005, -4.70298004e-005, 0.999999999, 0, 0, 0, 0, 0, 0, 0, 0.170666431, -0.102158179, -0.198366016, -0.708752072, 0.61104601, -0.352338703, -0.547241211, -0.161254883, 0.821166992, 0.445088379, 0.774913732, 0.448827319, 0, 0, -0, 0, 0, 0, 0, 0.249777393, -0.0521061523, -0.169673242, -0.290901224, 0.788829253, -0.541272894, 0.299560547, -0.462158203, -0.834594727, -0.908553555, -0.404870234, -0.101813905, 1, 3, 5, 0, 
461.905439, 67, 0.1, 0.1, 0.225000002, -0.115000004, -0.0199645261, 0.707111152, -0.70710241, 2.51168368e-005, 0.707102411, 0.707111151, -2.97689748e-005, 3.28931846e-006, 3.88101498e-005, 0.999999999, 0.707111092, -0.70710247, 2.81038864e-005, 0.70710247, 0.707111091, -3.88332363e-005, 7.58650755e-006, 4.73317397e-005, 0.999999999, 0, 0, 0, 0, 0, 0, 0, 0.171616895, -0.102534717, -0.196783057, -0.707698044, 0.612479715, -0.351982992, -0.547729492, -0.161010742, 0.821044922, 0.446280949, 0.773821512, 0.449512532, 0, 0, -0, 0, 0, 0, 0, 0.249777393, -0.0521061523, -0.169673242, -0.290121775, 0.789116898, -0.541260134, 0.299194336, -0.462402344, -0.834594727, -0.908962602, -0.404103545, -0.101935307, 1, 3, 5, 0, 
461.906327, 67, 0.1, 0.1, 0.225000007, -0.115000008, -0.0199583157, 0.707111174, -0.707102387, -4.26904539e-005, 0.707102387, 0.707111175, -3.06585719e-007, 3.04036845e-005, -2.99697317e-005, 0.999999999, 0.707111224, -0.707102337, -4.64332872e-005, 0.707102338, 0.707111224, 1.88643835e-005, 1.94944489e-005, -4.61723033e-005, 0.999999999, 0, 0, 0, 0, 0, 0, 0, 0.171616895, -0.102534717, -0.196783057, -0.707698044, 0.612479715, -0.351982992, -0.547729492, -0.161010742, 0.821044922, 0.446280949, 0.773821512, 0.449512532, 0, 0, -0, 0, 0, 0, 0, 0.25071333, -0.0527407227, -0.168335498, -0.290121775, 0.789116898, -0.541260134, 0.299194336, -0.462402344, -0.834594727, -0.908962602, -0.404103545, -0.101935307, 1, 3, 5, 0, 
461.907129, 67, 0.1, 0.1, 0.225000003, -0.115000012, -0.0199548237, 0.707110639, -0.707102922, 2.84948848e-005, 0.707102921, 0.70711064, 4.75788735e-005, -5.37921967e-005, -1.34947114e-005, 0.999999998, 0.707110776, -0.707102786, 3.04942198e-005, 0.707102784, 0.707110777, 4.48882123e-005, -5.33033714e-005, -1.01783909e-005, 0.999999999, 0, 0, 0, 0, 0, 0, 0, 0.171616895, -0.102534717, -0.196783057, -0.707698044, 0.612479715, -0.351982992, -0.547729492, -0.161010742, 0.821044922, 0.446280949, 0.773821512, 0.449512532, 0, 0, -0, 0, 0, 0, 0, 0.25071333, -0.0527407227, -0.168335498, -0.290121775, 0.789116898, -0.541260134, 0.299194336, -0.462402344, -0.834594727, -0.908962602, -0.404103545, -0.101935307, 1, 3, 5, 0, 
461.907945, 67, 0.1, 0.1, 0.225000004, -0.115000003, -0.0199549194, 0.707110168, -0.707103392, -4.97045899e-005, 0.707103389, 0.70711017, -6.72552594e-005, 8.27030431e-005, 1.24105938e-005, 0.999999997, 0.707110202, -0.707103359, -2.86510711e-005, 0.707103356, 0.707110202, -7.62180768e-005, 7.41535228e-005, 3.36353112e-005, 0.999999997, 0, 0, 0, 0, 0, 0, 0, 0.171616895, -0.102534717, -0.196783057, -0.707698044, 0.612479715, -0.351982992, -0.547729492, -0.161010742, 0.821044922, 0.446280949, 0.773821512, 0.449512532, 0, 0, -0, 0, 0, 0, 0, 0.25071333, -0.0527407227, -0.168335498, -0.290121775, 0.789116898, -0.541260134, 0.299194336, -0.462402344, -0.834594727, -0.908962602, -0.404103545, -0.101935307, 1, 3, 5, 0, 
461.908736, 67, 0.1, 0.1, 0.225000009, -0.115000007, -0.0199584301, 0.707110455, -0.707103105, 5.39402494e-005, 0.707103103, 0.707110457, 6.04953094e-005, -8.09181355e-005, -4.63554803e-006, 0.999999997, 0.707110325, -0.707103237, 1.04434466e-005, 0.707103235, 0.707110325, 5.48077464e-005, -4.61394038e-005, -3.13705286e-005, 0.999999998, 0, 0, 0, 0, 0, 0, 0, 0.171616895, -0.102534717, -0.196783057, -0.707698044, 0.612479715, -0.351982992, -0.547729492, -0.161010742, 0.821044922, 0.446280949, 0.773821512, 0.449512532, 0, 0, -0, 0, 0, 0, 0, 0.25071333, -0.0527407227, -0.168335498, -0.290121775, 0.789116898, -0.541260134, 0.299194336, -0.462402344, -0.834594727, -0.908962602, -0.404103545, -0.101935307, 1, 3, 5, 0, 
461.909583, 67, 0.1, 0.1, 0.224999988, -0.115000009, -0.0199640927, 0.707111564, -0.707101998, 3.84506215e-005, 0.707101999, 0.707111563, -2.8527867e-005, -7.01676731e-006, 4.7360896e-005, 0.999999999, 0.707111323, -0.707102235, 7.94872404e-005, 0.707102238, 0.707111324, -1.26162818e-005, -4.72853268e-005, 6.51267212e-005, 0.999999997, 0, 0, 0, 0, 0, 0, 0, 0.171616895, -0.102534717, -0.196783057, -0.707698044, 0.612479715, -0.351982992, -0.547729492, -0.161010742, 0.821044922, 0.446280949, 0.773821512, 0.449512532, 0, 0, -0, 0, 0, 0, 0, 0.25071333, -0.0527407227, -0.168335498, -0.290121775, 0.789116898, -0.541260134, 0.299194336, -0.462402344, -0.834594727, -0.908962602, -0.404103545, -0.101935307, 1, 3, 5, 0, 
461.910406, 67, 0.1, 0.1, 0.225000009, -0.115000002, -0.0199689592, 0.707113052, -0.707100499, -0.000122801585, 0.707100503, 0.707113059, -1.74159859e-005, 9.91494567e-005, -7.45179915e-005, 0.999999992, 0.707112754, -0.707100797, -0.000125309914, 0.7071008, 0.707112762, -2.58980975e-005, 0.000106920805, -7.02938657e-005, 0.999999992, 0, 0, 0, 0, 0, 0, 0, 0.17272688, -0.102483081, -0.195775586, -0.707887882, 0.613551717, -0.349780578, -0.546508789, -0.162109375, 0.821655273, 0.447423344, 0.77278658, 0.450152439, 0, 0, -0, 0, 0, 0, 0, 0.251619482, -0.0531620605, -0.166974316, -0.289853453, 0.789295902, -0.54105561, 0.298583984, -0.462524414, -0.834716797, -0.909179886, -0.403471017, -0.101545583, 1, 3, 5, 0, 
461.911198, 67, 0.1, 0.1, 0.225000012, -0.115000004, -0.0199719256, 0.707114576, -0.707098982, 8.32778066e-005, 0.707098982, 0.70711458, 2.85029e-005, -7.90413227e-005, 3.87308362e-005, 0.999999996, 0.707114284, -0.707099277, 3.9211055e-005, 0.707099277, 0.707114285, 2.13628992e-005, -4.28323877e-005, 1.26200975e-005, 0.999999999, 0, 0, 0, 0, 0, 0, 0, 0.17272688, -0.102483081, -0.195775586, -0.707887882, 0.613551717, -0.349780578, -0.546508789, -0.162109375, 0.821655273, 0.447423344, 0.77278658, 0.450152439, 0, 0, -0, 0, 0, 0, 0, 0.251619482, -0.0531620605, -0.166974316, -0.289853453, 0.789295902, -0.54105561, 0.298583984, -0.462524414, -0.834716797, -0.909179886, -0.403471017, -0.101545583, 1, 3, 5, 0, 
461.911985, 67, 0.1, 0.1, 0.224999989, -0.115000012, -0.0199726428, 0.707115892, -0.707097667, 6.60565324e-005, 0.707097667, 0.707115894, 3.24817907e-005, -6.96774224e-005, 2.37400296e-005, 0.999999997, 0.707115638, -0.707097917, 9.92037276e-005, 0.707097918, 0.707115643, 3.57917203e-005, -9.54567585e-005, 4.48378641e-005, 0.999999994, 0, 0, 0, 0, 0, 0, 0, 0.17272688, -0.102483081, -0.195775586, -0.707887882, 0.613551717, -0.349780578, -0.546508789, -0.162109375, 0.821655273, 0.447423344, 0.77278658, 0.450152439, 0, 0, -0, 0, 0, 0, 0, 0.251619482, -0.0531620605, -0.166974316, -0.289853453, 0.789295902, -0.54105561, 0.298583984, -0.462524414, -0.834716797, -0.909179886, -0.403471017, -0.101545583, 1, 3, 5, 0, 
461.912791, 67, 0.1, 0.1, 0.224999998, -0.11500001, -0.019970905, 0.7071168, -0.707096759, -6.48415317e-005, 0.707096758, 0.707116803, -3.96959559e-005, 7.39194183e-005, -1.77795596e-005, 0.999999997, 0.707116663, -0.707096896, -6.80643368e-005, 0.707096896, 0.707116666, -2.45986688e-005, 6.55230693e-005, -3.07339527e-005, 0.999999997, 0, 0, 0, 0, 0, 0, 0, 0.17272688, -0.102483081, -0.195775586, -0.707887882, 0.613551717, -0.349780578, -0.546508789, -0.162109375, 0.821655273, 0.447423344, 0.77278658, 0.450152439, 0, 0, -0, 0, 0, 0, 0, 0.251619482, -0.0531620605, -0.166974316, -0.289872776, 0.790356801, -0.539534625, 0.295776367, -0.462158203, -0.8359375, -0.910163858, -0.4018866, -0.0996673227, 1, 3, 5, 0, 
461.913581, 67, 0.1, 0.1, 0.225, -0.115000007, -0.019967489, 0.707117105, -0.707096457, 1.09595583e-005, 0.707096456, 0.707117105, 4.17272977e-005, -3.72549156e-005, -2.17566211e-005, 0.999999999, 0.707117103, -0.70709646, 9.55088837e-006, 0.707096459, 0.707117103, 8.46615648e-006, -1.27399858e-005, 7.66835309e-007, 1, 0, 0, 0, 0, 0, 0, 0, 0.17272688, -0.102483081, -0.195775586, -0.707887882, 0.613551717, -0.349780578, -0.546508789, -0.162109375, 0.821655273, 0.447423344, 0.77278658, 0.450152439, 0, 0, -0, 0, 0, 0, 0, 0.252043994, -0.0537282715, -0.165941211, -0.289872776, 0.790356801, -0.539534625, 0.295776367, -0.462158203, -0.8359375, -0.910163858, -0.4018866, -0.0996673227, 1, 3, 5, 0, 
461.914379, 67, 0.1, 0.1, 0.224999999, -0.115000011, -0.0199636098, 0.707117148, -0.707096414, -1.16842598e-005, 0.707096413, 0.707117148, -4.32315359e-005, 3.88310045e-005, 2.23078622e-005, 0.999999999, 0.70711711, -0.707096453, 8.14895076e-006, 0.707096453, 0.70711711, -7.16974729e-006, -6.92559627e-007, 1.08319452e-005, 1, 0, 0, 0, 0, 0, 0, 0, 0.17272688, -0.102483081, -0.195775586, -0.707887882, 0.613551717, -0.349780578, -0.546508789, -0.162109375, 0.821655273, 0.447423344, 0.77278658, 0.450152439, 0, 0, -0, 0, 0, 0, 0, 0.252043994, -0.0537282715, -0.165941211, -0.289872776, 0.790356801, -0.539534625, 0.295776367, -0.462158203, -0.8359375, -0.910163858, -0.4018866, -0.0996673227, 1, 3, 5, 0, 
461.915187, 67, 0.1, 0.1, 0.225000008, -0.115000005, -0.0199604523, 0.707117631, -0.707095931, -2.48204164e-005, 0.707095931, 0.707117631, 1.8541493e-005, 4.44033981e-006, -3.0661432e-005, 1, 0.707117492, -0.707096068, -5.19150416e-005, 0.707096069, 0.707117494, -4.93995699e-006, 4.02030582e-005, -3.32157918e-005, 0.999999999, 0, 0, 0, 0, 0, 0, 0, 0.173387695, -0.102671655, -0.194781665, -0.708115912, 0.614281113, -0.347838395, -0.545410156, -0.163085938, 0.822143555, 0.448324604, 0.771929504, 0.450709971, 0, 0, -0, 0, 0, 0, 0, 0.252043994, -0.0537282715, -0.165941211, -0.289872776, 0.790356801, -0.539534625, 0.295776367, -0.462158203, -0.8359375, -0.910163858, -0.4018866, -0.0996673227, 1, 3, 5, 0, 
461.915976, 67, 0.1, 0.1, 0.224999994, -0.115000013, -0.019959154, 0.707118577, -0.707094982, 6.06301734e-005, 0.707094982, 0.707118579, 3.25622522e-005, -6.58973272e-005, 1.98459179e-005, 0.999999998, 0.707118383, -0.707095175, 8.34133132e-005, 0.707095174, 0.707118387, 3.68577706e-005, -8.50450392e-005, 3.29183441e-005, 0.999999996, 0, 0, 0, 0, 0, 0, 0, 0.173387695, -0.102671655, -0.194781665, -0.708115912, 0.614281113, -0.347838395, -0.545410156, -0.163085938, 0.822143555, 0.448324604, 0.771929504, 0.450709971, 0, 0, -0, 0, 0, 0, 0, 0.252043994, -0.0537282715, -0.165941211, -0.289872776, 0.790356801, -0.539534625, 0.295776367, -0.462158203, -0.8359375, -0.910163858, -0.4018866, -0.0996673227, 1, 3, 5, 0, 
461.916776, 67, 0.1, 0.1, 0.225000001, -0.115000009, -0.0199600337, 0.707119203, -0.707094357, -4.18581387e-005, 0.707094356, 0.707119205, -4.62504668e-005, 6.23021378e-005, 3.10693957e-006, 0.999999998, 0.707119125, -0.707094436, -4.47365899e-005, 0.707094434, 0.707119127, -4.57542935e-005, 6.39867047e-005, 7.20742315e-007, 0.999999998, 0, 0, 0, 0, 0, 0, 0, 0.173387695, -0.102671655, -0.194781665, -0.708115912, 0.614281113, -0.347838395, -0.545410156, -0.163085938, 0.822143555, 0.448324604, 0.771929504, 0.450709971, 0, 0, -0, 0, 0, 0, 0, 0.252043994, -0.0537282715, -0.165941211, -0.289872776, 0.790356801, -0.539534625, 0.295776367, -0.462158203, -0.8359375, -0.910163858, -0.4018866, -0.0996673227, 1, 3, 5, 0, 
461.917599, 67, 0.1, 0.1, 0.224999996, -0.115000012, -0.0199626357, 0.707119647, -0.707093913, 5.21837787e-005, 0.707093911, 0.707119649, 4.72441736e-005, -7.03062429e-005, 3.49154888e-006, 0.999999998, 0.707119575, -0.707093986, 5.08469894e-005, 0.707093985, 0.707119576, 3.06778342e-005, -5.76470137e-005, 1.42607033e-005, 0.999999998, 0, 0, 0, 0, 0, 0, 0, 0.174834668, -0.102043921, -0.193963745, -0.710268152, 0.613481324, -0.345089309, -0.544311523, -0.167724609, 0.821899414, 0.44644083, 0.77156181, 0.453240765, 0, 0, -0, 0, 0, 0, 0, 0.252043994, -0.0537282715, -0.165941211, -0.292268725, 0.791238328, -0.53688931, 0.295043945, -0.459350586, -0.837646484, -0.909556484, -0.40326686, -0.0991438034, 1, 3, 5, 0, 
461.918387, 67, 0.1, 0.1, 0.224999996, -0.115000016, -0.0199656247, 0.707119672, -0.70709389, -1.68711801e-005, 0.707093889, 0.707119672, -4.89720931e-005, 4.65578112e-005, 2.2699622e-005, 0.999999999, 0.707119725, -0.707093837, -1.80243214e-005, 0.707093836, 0.707119726, -1.05198357e-005, 2.01838642e-005, -5.30610325e-006, 1, 0, 0, 0, 0, 0, 0, 0, 0.174834668, -0.102043921, -0.193963745, -0.710268152, 0.613481324, -0.345089309, -0.544311523, -0.167724609, 0.821899414, 0.44644083, 0.77156181, 0.453240765, 0, 0, -0, 0, 0, 0, 0, 0.252791211, -0.0534757324, -0.165085449, -0.292268725, 0.791238328, -0.53688931, 0.295043945, -0.459350586, -0.837646484, -0.909556484, -0.40326686, -0.0991438034, 1, 3, 5, 0, 
461.919181, 67, 0.1, 0.1, 0.224999997, -0.115000007, -0.0199683531, 0.70711937, -0.707094192, 1.66906815e-006, 0.707094192, 0.70711937, 2.16892028e-005, -1.65165398e-005, -1.4156667e-005, 1, 0.707119437, -0.707094125, -3.15159174e-006, 0.707094125, 0.707119437, -2.46118555e-005, 1.96314502e-005, 1.51750494e-005, 1, 0, 0, 0, 0, 0, 0, 0, 0.174834668, -0.102043921, -0.193963745, -0.710268152, 0.613481324, -0.345089309, -0.544311523, -0.167724609, 0.821899414, 0.44644083, 0.77156181, 0.453240765, 0, 0, -0, 0, 0, 0, 0, 0.252791211, -0.0534757324, -0.165085449, -0.292268725, 0.791238328, -0.53688931, 0.295043945, -0.459350586, -0.837646484, -0.909556484, -0.40326686, -0.0991438034, 1, 3, 5, 0, 
461.919968, 67, 0.1, 0.1, 0.224999995, -0.115000016, -0.0199699455, 0.707119107, -0.707094455, 1.24917835e-005, 0.707094455, 0.707119107, 3.9260376e-006, -1.16092582e-005, 6.05669464e-006, 1, 0.707119154, -0.707094408, 1.22387335e-005, 0.707094407, 0.707119154, 3.8259988e-005, -3.57076665e-005, -1.84004304e-005, 0.999999999, 0, 0, 0, 0, 0, 0, 0, 0.174834668, -0.102043921, -0.193963745, -0.710268152, 0.613481324, -0.345089309, -0.544311523, -0.167724609, 0.821899414, 0.44644083, 0.77156181, 0.453240765, 0, 0, -0, 0, 0, 0, 0, 0.252791211, -0.0534757324, -0.165085449, -0.292268725, 0.791238328, -0.53688931, 0.295043945, -0.459350586, -0.837646484, -0.909556484, -0.40326686, -0.0991438034, 1, 3, 5, 0, 
461.920757, 67, 0.1, 0.1, 0.225, -0.115000008, -0.0199699992, 0.7071192, -0.707094361, -3.24354909e-005, 0.707094361, 0.707119201, -1.7960886e-005, 3.56357996e-005, -1.02344654e-005, 0.999999999, 0.707119154, -0.707094407, -3.78868674e-005, 0.707094407, 0.707119155, -3.27514858e-005, 4.9948922e-005, -3.63038909e-006, 0.999999999, 0, 0, 0, 0, 0, 0, 0, 0.174834668, -0.102043921, -0.193963745, -0.710268152, 0.613481324, -0.345089309, -0.544311523, -0.167724609, 0.821899414, 0.44644083, 0.77156181, 0.453240765, 0, 0, -0, 0, 0, 0, 0, 0.252791211, -0.0534757324, -0.165085449, -0.292268725, 0.791238328, -0.53688931, 0.295043945, -0.459350586, -0.837646484, -0.909556484, -0.40326686, -0.0991438034, 1, 3, 5, 0, 
461.921556, 67, 0.1, 0.1, 0.224999994, -0.115000014, -0.0199685417, 0.707119477, -0.707094085, 2.91567042e-005, 0.707094083, 0.707119477, 4.60072977e-005, -5.31487615e-005, -1.19161232e-005, 0.999999999, 0.707119444, -0.707094117, 4.38166918e-005, 0.707094116, 0.707119445, 3.6328585e-005, -5.66713635e-005, 5.29387617e-006, 0.999999998, 0, 0, 0, 0, 0, 0, 0, 0.174834668, -0.102043921, -0.193963745, -0.710268152, 0.613481324, -0.345089309, -0.544311523, -0.167724609, 0.821899414, 0.44644083, 0.77156181, 0.453240765, 0, 0, -0, 0, 0, 0, 0, 0.252791211, -0.0534757324, -0.165085449, -0.292268725, 0.791238328, -0.53688931, 0.295043945, -0.459350586, -0.837646484, -0.909556484, -0.40326686, -0.0991438034, 1, 3, 5, 0, 
461.922436, 67, 0.1, 0.1, 0.224999998, -0.115000009, -0.019965465, 0.707119489, -0.707094072, -4.3893818e-005, 0.707094071, 0.70711949, -4.8711869e-005, 6.5482048e-005, 3.4080535e-006, 0.999999998, 0.707119468, -0.707094093, -2.8568151e-005, 0.707094092, 0.707119469, -4.58958404e-005, 5.26537734e-005, 1.22534715e-005, 0.999999999, 0, 0, 0, 0, 0, 0, 0, 0.176116626, -0.101594629, -0.192939551, -0.71132218, 0.613588787, -0.342682831, -0.543823242, -0.171630859, 0.821411133, 0.445248261, 0.770679646, 0.455949415, 0, 0, -0, 0, 0, 0, 0, 0.252791211, -0.0534757324, -0.165085449, -0.294760556, 0.792458541, -0.533783908, 0.293823242, -0.456298828, -0.83984375, -0.909204672, -0.404366038, -0.0983264416, 1, 3, 5, 0, 
461.923256, 67, 0.1, 0.1, 0.224999999, -0.11500001, -0.0199616959, 0.707119764, -0.707093795, 6.13571969e-005, 0.707093795, 0.707119767, 3.27708322e-005, -6.65589389e-005, 2.021239e-005, 0.999999998, 0.707119704, -0.707093857, 3.57819139e-005, 0.707093857, 0.707119705, 1.86328175e-005, -3.84772472e-005, 1.21255391e-005, 0.999999999, 0, 0, 0, 0, 0, 0, 0, 0.176116626, -0.101594629, -0.192939551, -0.71132218, 0.613588787, -0.342682831, -0.543823242, -0.171630859, 0.821411133, 0.445248261, 0.770679646, 0.455949415, 0, 0, -0, 0, 0, 0, 0, 0.253749951, -0.053194873, -0.164416309, -0.294760556, 0.792458541, -0.533783908, 0.293823242, -0.456298828, -0.83984375, -0.909204672, -0.404366038, -0.0983264416, 1, 3, 5, 0, 
461.924043, 67, 0.1, 0.1, 0.224999992, -0.115000016, -0.0199595106, 0.707119878, -0.707093684, -2.2207365e-005, 0.707093683, 0.707119879, -1.80526822e-005, 2.84682068e-005, -2.93727708e-006, 1, 0.707119852, -0.70709371, 1.44721426e-005, 0.70709371, 0.707119852, 1.17279617e-005, -1.85263073e-005, 1.94008653e-006, 1, 0, 0, 0, 0, 0, 0, 0, 0.176116626, -0.101594629, -0.192939551, -0.71132218, 0.613588787, -0.342682831, -0.543823242, -0.171630859, 0.821411133, 0.445248261, 0.770679646, 0.455949415, 0, 0, -0, 0, 0, 0, 0, 0.253749951, -0.053194873, -0.164416309, -0.294760556, 0.792458541, -0.533783908, 0.293823242, -0.456298828, -0.83984375, -0.909204672, -0.404366038, -0.0983264416, 1, 3, 5, 0, 
461.924832, 67, 0.1, 0.1, 0.225000002, -0.115000008, -0.0199595535, 0.707119993, -0.707093568, -2.06582212e-005, 0.707093569, 0.707119994, -6.08841558e-006, 1.89129207e-005, -1.03020549e-005, 1, 0.707119938, -0.707093622, -5.11340796e-005, 0.707093622, 0.707119939, -2.18777874e-005, 5.16275712e-005, -2.06863619e-005, 0.999999998, 0, 0, 0, 0, 0, 0, 0, 0.176116626, -0.101594629, -0.192939551, -0.71132218, 0.613588787, -0.342682831, -0.543823242, -0.171630859, 0.821411133, 0.445248261, 0.770679646, 0.455949415, 0, 0, -0, 0, 0, 0, 0, 0.253749951, -0.053194873, -0.164416309, -0.294760556, 0.792458541, -0.533783908, 0.293823242, -0.456298828, -0.83984375, -0.909204672, -0.404366038, -0.0983264416, 1, 3, 5, 0, 
461.925657, 67, 0.1, 0.1, 0.224999992, -0.115000016, -0.0199613642, 0.707120197, -0.707093365, 1.70394192e-005, 0.707093363, 0.707120197, 5.62580745e-005, -5.18286287e-005, -2.77327605e-005, 0.999999998, 0.707120182, -0.707093378, 5.00231958e-005, 0.707093377, 0.707120184, 4.81996376e-005, -6.9454056e-005, 1.28813391e-006, 0.999999998, 0, 0, 0, 0, 0, 0, 0, 0.176116626, -0.101594629, -0.192939551, -0.71132218, 0.613588787, -0.342682831, -0.543823242, -0.171630859, 0.821411133, 0.445248261, 0.770679646, 0.455949415, 0, 0, -0, 0, 0, 0, 0, 0.253749951, -0.053194873, -0.164416309, -0.294760556, 0.792458541, -0.533783908, 0.293823242, -0.456298828, -0.83984375, -0.909204672, -0.404366038, -0.0983264416, 1, 3, 5, 0, 
461.926446, 67, 0.1, 0.1, 0.225, -0.115000013, -0.0199641834, 0.707119777, -0.707093784, -2.01862102e-005, 0.707093782, 0.707119777, -6.6618348e-005, 6.13794883e-005, 3.28336077e-005, 0.999999998, 0.707119914, -0.707093647, -4.69036295e-005, 0.707093645, 0.707119915, -4.25011138e-005, 6.32187581e-005, -3.11187445e-006, 0.999999998, 0, 0, 0, 0, 0, 0, 0, 0.176116626, -0.101594629, -0.192939551, -0.71132218, 0.613588787, -0.342682831, -0.543823242, -0.171630859, 0.821411133, 0.445248261, 0.770679646, 0.455949415, 0, 0, -0, 0, 0, 0, 0, 0.253749951, -0.053194873, -0.164416309, -0.294760556, 0.792458541, -0.533783908, 0.293823242, -0.456298828, -0.83984375, -0.909204672, -0.404366038, -0.0983264416, 1, 3, 5, 0, 
461.927261, 67, 0.1, 0.1, 0.224999991, -0.115000008, -0.0199672918, 0.707118675, -0.707094886, 4.21257528e-005, 0.707094885, 0.707118676, 3.15819213e-005, -5.21193216e-005, 7.45473805e-006, 0.999999999, 0.707118963, -0.707094596, 5.65332757e-005, 0.707094598, 0.707118965, 2.06062356e-006, -4.14328072e-005, 3.85172678e-005, 0.999999998, 0, 0, 0, 0, 0, 0, 0, 0.177238696, -0.101502222, -0.192304712, -0.711340154, 0.615510753, -0.339058695, -0.541870117, -0.173339844, 0.822265625, 0.447475762, 0.768768541, 0.456982103, 0, 0, -0, 0, 0, 0, 0, 0.253749951, -0.053194873, -0.164416309, -0.295916969, 0.792803422, -0.532665774, 0.294067383, -0.454956055, -0.840454102, -0.908712503, -0.405311731, -0.0984544064, 1, 3, 5, 0, 
461.928077, 67, 0.1, 0.1, 0.225, -0.115000017, -0.0199692258, 0.707116993, -0.707096565, -7.24179025e-005, 0.707096567, 0.707116995, 1.44970536e-006, 5.01828479e-005, -5.22315615e-005, 0.999999997, 0.707117392, -0.707096167, -6.57112126e-005, 0.70709617, 0.707117392, 2.84836906e-005, 2.63248328e-005, -6.66054598e-005, 0.999999997, 0, 0, 0, 0, 0, 0, 0, 0.177238696, -0.101502222, -0.192304712, -0.711340154, 0.615510753, -0.339058695, -0.541870117, -0.173339844, 0.822265625, 0.447475762, 0.768768541, 0.456982103, 0, 0, -0, 0, 0, 0, 0, 0.255023242, -0.0531919434, -0.163452051, -0.295916969, 0.792803422, -0.532665774, 0.294067383, -0.454956055, -0.840454102, -0.908712503, -0.405311731, -0.0984544064, 1, 3, 5, 0, 
461.928874, 67, 0.1, 0.1, 0.225000002, -0.115000008, -0.0199694351, 0.707114863, -0.707098698, 3.73331845e-005, 0.707098699, 0.707114863, -1.74599183e-005, -1.40529642e-005, 3.87444139e-005, 0.999999999, 0.707115309, -0.707098253, 1.47581672e-005, 0.707098253, 0.707115308, -4.28709139e-005, 1.98782224e-005, 4.07501537e-005, 0.999999999, 0, 0, 0, 0, 0, 0, 0, 0.177238696, -0.101502222, -0.192304712, -0.711340154, 0.615510753, -0.339058695, -0.541870117, -0.173339844, 0.822265625, 0.447475762, 0.768768541, 0.456982103, 0, 0, -0, 0, 0, 0, 0, 0.255023242, -0.0531919434, -0.163452051, -0.295916969, 0.792803422, -0.532665774, 0.294067383, -0.454956055, -0.840454102, -0.908712503, -0.405311731, -0.0984544064, 1, 3, 5, 0, 
461.929694, 67, 0.1, 0.1, 0.225000001, -0.115000017, -0.0199681464, 0.707112297, -0.707101264, -4.25264744e-005, 0.707101266, 0.707112295, 4.22737135e-005, 1.79196666e-007, -5.99627865e-005, 0.999999998, 0.707112865, -0.707100697, -1.82474963e-005, 0.707100697, 0.707112863, 5.62167133e-005, -2.68478378e-005, -5.26543785e-005, 0.999999998, 0, 0, 0, 0, 0, 0, 0, 0.177741699, -0.101810156, -0.191464819, -0.710468851, 0.618359066, -0.33572699, -0.539794922, -0.172973633, 0.823730469, 0.451416295, 0.766463534, 0.456948781, 0, 0, -0, 0, 0, 0, 0, 0.255023242, -0.0531919434, -0.163452051, -0.295367564, 0.79318695, -0.532339848, 0.29309082, -0.454956055, -0.840820312, -0.909268471, -0.404289479, -0.0980519221, 1, 3, 5, 0, 
461.930509, 67, 0.1, 0.1, 0.225, -0.115000017, -0.0199656612, 0.707109614, -0.707103945, 6.82953338e-005, 0.707103947, 0.707109615, -2.45752243e-005, -3.09150491e-005, 6.56692775e-005, 0.999999997, 0.707110116, -0.707103445, 4.34294754e-005, 0.707103446, 0.707110116, -1.31232085e-005, -2.14299555e-005, 3.99886852e-005, 0.999999999, 0, 0, 0, 0, 0, 0, 0, 0.177741699, -0.101810156, -0.191464819, -0.710468851, 0.618359066, -0.33572699, -0.539794922, -0.172973633, 0.823730469, 0.451416295, 0.766463534, 0.456948781, 0, 0, -0, 0, 0, 0, 0, 0.255717627, -0.0535915527, -0.162305811, -0.295367564, 0.79318695, -0.532339848, 0.29309082, -0.454956055, -0.840820312, -0.909268471, -0.404289479, -0.0980519221, 1, 3, 5, 0, 
