time, trialNum, realDorsalTactorPos, realVentralTactorPos, boxPosX, boxPosY, boxPosZ, boxLocalRot_11, boxLocalRot_12, boxLocalRot_13, boxLocalRot_21, boxLocalRot_22, boxLocalRot_23, boxLocalRot_31, boxLocalRot_32, boxLocalRot_33, boxGlobalRot_11, boxGlobalRot_12, boxGlobalRot_13, boxGlobalRot_21, boxGlobalRot_22, boxGlobalRot_23, boxGlobalRot_31, boxGlobalRot_32, boxGlobalRot_33, indexForceX, indexForceY, indexForceZ, indexForceGlobalX, indexForceGlobalY, indexForceGlobalZ, indexContact, indexPosX, indexPosY, indexPosZ, indexRot_11, indexRot_12, indexRot_13, indexRot_21, indexRot_22, indexRot_23, indexRot_31, indexRot_32, indexRot_33, thumbForceX, thumbForceY, thumbForceZ, thumbForceGlobalX, thumbForceGlobalY, thumbForceGlobalZ, thumbContact, thumbPosX, thumbPosY, thumbPosZ, thumbRot_11, thumbRot_12, thumbRot_13, thumbRot_21, thumbRot_22, thumbRot_23, thumbRot_31, thumbRot_32, thumbRot_33, manipForceTooHigh, cceExpType, mapping, trialSuccess, 
471.654195, 70, 0.1, 0.1, 0.0136670799, 0.369007438, -0.0199664037, 0.92052513, -0.390683355, 3.53854491e-005, 0.390683354, 0.920525131, 2.26625753e-005, -4.14270861e-005, -7.0369641e-006, 0.999999999, 0.92052521, -0.390683165, 4.95791204e-005, 0.390683163, 0.920525211, 5.05236464e-005, -6.53775684e-005, -2.71385626e-005, 0.999999997, 0, 0, 0, 0, 0, 0, 0, 0.23109353, 0.0428150391, -0.178423267, 0.0287719952, 0.804608327, -0.592960153, -0.485351563, 0.529785156, 0.69543457, 0.873810841, 0.267809566, 0.405985296, 0, -0, 0, 0, 0, 0, 0, 0.294083984, 0.043489502, -0.151318945, 0.127084374, 0.665345363, -0.735545631, -0.0947265625, -0.729980469, -0.676757812, -0.987241465, 0.15572777, -0.0296847896, 0, 3, 5, 1, 
471.698249, 70, 0.1, 0.1, 0.0136669968, 0.369007988, -0.0199531641, 0.920527563, -0.390677624, -3.94686136e-006, 0.390677623, 0.920527563, 2.53306548e-005, -6.26292534e-006, -2.48595163e-005, 1, 0.920527522, -0.390677721, 1.71129223e-007, 0.390677721, 0.920527522, 1.56195035e-005, -6.25972121e-006, -1.43113265e-005, 1, 0, 0, 0, 0, 0, 0, 0, 0.263674023, -0.00281914062, -0.172006812, 0.000523677254, 0.776001596, -0.630624381, -0.557006836, 0.523925781, 0.644287109, 0.830454856, 0.350944898, 0.432714169, 0, -0, 0, 0, 0, 0, 0, 0.323323047, 0.00256582031, -0.144242725, 0.0891808226, 0.61653602, -0.782090585, -0.0218505859, -0.783813477, -0.620483398, -0.995644027, 0.0724105949, -0.0563023211, 0, 3, 5, 1, 
471.699037, 70, 0.1, 0.1, 0.0136669968, 0.369007992, -0.0199606601, 0.920527662, -0.390677389, -1.49579152e-005, 0.390677389, 0.920527662, 1.70978541e-005, 7.08942973e-006, -2.15827669e-005, 1, 0.920527654, -0.390677408, 5.79188911e-006, 0.390677408, 0.920527655, 2.32414441e-006, -6.23958481e-006, 1.23321024e-007, 1, 0, 0, 0, 0, 0, 0, 0, 0.263674023, -0.00281914062, -0.172006812, 0.000523677254, 0.776001596, -0.630624381, -0.557006836, 0.523925781, 0.644287109, 0.830454856, 0.350944898, 0.432714169, 0, -0, 0, 0, 0, 0, 0, 0.323323047, 0.00256582031, -0.144242725, 0.0891808226, 0.61653602, -0.782090585, -0.0218505859, -0.783813477, -0.620483398, -0.995644027, 0.0724105949, -0.0563023211, 0, 3, 5, 1, 
471.699818, 70, 0.1, 0.1, 0.0136669962, 0.369007997, -0.0199690276, 0.920527754, -0.390677173, 8.28916775e-006, 0.390677173, 0.920527754, -3.7871524e-005, 7.16513096e-006, 3.81001776e-005, 0.999999999, 0.920527735, -0.390677219, 2.6409258e-006, 0.390677219, 0.920527734, -2.29852201e-005, 6.54875644e-006, 2.21902822e-005, 1, 0, 0, 0, 0, 0, 0, 0, 0.263674023, -0.00281914062, -0.172006812, 0.000523677254, 0.776001596, -0.630624381, -0.557006836, 0.523925781, 0.644287109, 0.830454856, 0.350944898, 0.432714169, 0, -0, 0, 0, 0, 0, 0, 0.323323047, 0.00256582031, -0.144242725, 0.0891808226, 0.61653602, -0.782090585, -0.0218505859, -0.783813477, -0.620483398, -0.995644027, 0.0724105949, -0.0563023211, 0, 3, 5, 1, 
471.700695, 70, 0.1, 0.1, 0.0136669949, 0.369008005, -0.0199753237, 0.920527831, -0.390676992, -1.18570234e-005, 0.390676992, 0.920527831, 2.17897806e-005, 2.40195415e-006, -2.46903657e-005, 1, 0.920527805, -0.390677052, -1.41677658e-005, 0.390677053, 0.920527805, 5.3532242e-006, 1.09504405e-005, -1.04628127e-005, 1, 0, 0, 0, 0, 0, 0, 0, 0.263674023, -0.00281914062, -0.172006812, 0.000523677254, 0.776001596, -0.630624381, -0.557006836, 0.523925781, 0.644287109, 0.830454856, 0.350944898, 0.432714169, 0, -0, 0, 0, 0, 0, 0, 0.323323047, 0.00256582031, -0.144242725, 0.0891808226, 0.61653602, -0.782090585, -0.0218505859, -0.783813477, -0.620483398, -0.995644027, 0.0724105949, -0.0563023211, 0, 3, 5, 1, 
471.701486, 70, 0.1, 0.1, 0.0136669921, 0.369008007, -0.0199769243, 0.920528052, -0.390676471, 1.92115447e-006, 0.390676471, 0.920528052, -1.90461119e-005, 5.67239119e-006, 1.82830301e-005, 1, 0.920527995, -0.390676606, 1.33904358e-005, 0.390676606, 0.920527995, -2.19726933e-006, -1.14678493e-005, 7.25397793e-006, 1, 0, 0, 0, 0, 0, 0, 0, 0.263674023, -0.00281914062, -0.172006812, 0.000523677254, 0.776001596, -0.630624381, -0.557006836, 0.523925781, 0.644287109, 0.830454856, 0.350944898, 0.432714169, 0, -0, 0, 0, 0, 0, 0, 0.323323047, 0.00256582031, -0.144242725, 0.0891808226, 0.61653602, -0.782090585, -0.0218505859, -0.783813477, -0.620483398, -0.995644027, 0.0724105949, -0.0563023211, 0, 3, 5, 1, 
471.702271, 70, 0.1, 0.1, 0.0136669908, 0.369008012, -0.0199747039, 0.920528372, -0.390675717, 1.62952466e-005, 0.390675716, 0.920528372, 9.53116191e-006, -1.87238304e-005, -2.40754781e-006, 1, 0.920528301, -0.390675886, 8.32643736e-006, 0.390675885, 0.920528301, 9.98387131e-006, -1.1565179e-005, -5.9374978e-006, 1, 0, 0, 0, 0, 0, 0, 0, 0.263674023, -0.00281914062, -0.172006812, 0.000523677254, 0.776001596, -0.630624381, -0.557006836, 0.523925781, 0.644287109, 0.830454856, 0.350944898, 0.432714169, 0, -0, 0, 0, 0, 0, 0, 0.323323047, 0.00256582031, -0.144242725, 0.0891808226, 0.61653602, -0.782090585, -0.0218505859, -0.783813477, -0.620483398, -0.995644027, 0.0724105949, -0.0563023211, 0, 3, 5, 1, 
471.703088, 70, 0.1, 0.1, 0.0136669926, 0.369008017, -0.0199692639, 0.920528812, -0.39067468, -3.44363448e-005, 0.39067468, 0.920528812, 8.9272422e-006, 2.82120001e-005, -2.16711916e-005, 0.999999999, 0.920528717, -0.390674903, -3.3900732e-005, 0.390674903, 0.920528718, 2.35621887e-006, 3.02860817e-005, -1.54131323e-005, 0.999999999, 0, 0, 0, 0, 0, 0, 0, 0.266652197, -0.00650515137, -0.171051611, -0.00204268287, 0.773264111, -0.633960955, -0.564697266, 0.522338867, 0.638916016, 0.825176099, 0.359411948, 0.435838061, 0, -0, 0, 0, 0, 0, 0, 0.325908936, -0.000707666016, -0.142952246, 0.0878581648, 0.613257077, -0.784825953, -0.0137939453, -0.786987305, -0.616577148, -0.995905786, 0.0650696296, -0.0606403292, 0, 3, 5, 1, 
471.70387, 70, 0.1, 0.1, 0.0136669902, 0.36900802, -0.0199631076, 0.920529259, -0.390673628, 5.40723759e-006, 0.390673628, 0.920529259, 2.04303983e-008, -4.98550203e-006, 2.09365835e-006, 1, 0.92052918, -0.390673814, 1.71038209e-005, 0.390673814, 0.92052918, 1.05586803e-005, -1.98695662e-005, -3.03755841e-006, 1, 0, 0, 0, 0, 0, 0, 0, 0.266652197, -0.00650515137, -0.171051611, -0.00204268287, 0.773264111, -0.633960955, -0.564697266, 0.522338867, 0.638916016, 0.825176099, 0.359411948, 0.435838061, 0, -0, 0, 0, 0, 0, 0, 0.325908936, -0.000707666016, -0.142952246, 0.0878581648, 0.613257077, -0.784825953, -0.0137939453, -0.786987305, -0.616577148, -0.995905786, 0.0650696296, -0.0606403292, 0, 3, 5, 1, 
471.704657, 70, 0.1, 0.1, 0.0136669923, 0.369008027, -0.0199582211, 0.920529592, -0.390672843, 1.87432403e-005, 0.390672843, 0.920529592, -2.09389447e-006, -1.64356796e-005, 9.24996678e-006, 1, 0.920529546, -0.390672952, -5.4777471e-006, 0.390672951, 0.920529546, -2.5008222e-005, 1.48124639e-005, 2.08807996e-005, 1, 0, 0, 0, 0, 0, 0, 0, 0.266652197, -0.00650515137, -0.171051611, -0.00204268287, 0.773264111, -0.633960955, -0.564697266, 0.522338867, 0.638916016, 0.825176099, 0.359411948, 0.435838061, 0, -0, 0, 0, 0, 0, 0, 0.325908936, -0.000707666016, -0.142952246, 0.0878581648, 0.613257077, -0.784825953, -0.0137939453, -0.786987305, -0.616577148, -0.995905786, 0.0650696296, -0.0606403292, 0, 3, 5, 1, 
471.705482, 70, 0.1, 0.1, 0.0136669917, 0.369008029, -0.0199557051, 0.920529679, -0.390672637, -3.14029192e-005, 0.390672636, 0.92052968, -2.15433941e-005, 3.73237337e-005, 7.56307246e-006, 0.999999999, 0.920529667, -0.390672667, -2.0256444e-005, 0.390672667, 0.920529667, -1.08203143e-005, 2.28738587e-005, 2.04678131e-006, 1, 0, 0, 0, 0, 0, 0, 0, 0.268458984, -0.0101359863, -0.170695337, -0.00583269144, 0.771750275, -0.63575037, -0.568969727, 0.520263672, 0.63684082, 0.822315803, 0.365460537, 0.436245068, 0, -0, 0, 0, 0, 0, 0, 0.327842529, -0.0041362793, -0.142661768, 0.0834877072, 0.610936587, -0.787145343, -0.00830078125, -0.789428711, -0.613647461, -0.99636514, 0.0579521445, -0.0607613642, 0, 3, 5, 1, 
471.706269, 70, 0.1, 0.1, 0.0136669894, 0.369008033, -0.0199565823, 0.920529773, -0.390672415, 3.65790252e-005, 0.390672415, 0.920529774, -5.56928005e-006, -3.14963177e-005, 1.94171042e-005, 0.999999999, 0.920529746, -0.390672479, 2.91918545e-005, 0.390672479, 0.920529746, 1.30409782e-005, -3.19667217e-005, -6.00154169e-007, 0.999999999, 0, 0, 0, 0, 0, 0, 0, 0.268458984, -0.0101359863, -0.170695337, -0.00583269144, 0.771750275, -0.63575037, -0.568969727, 0.520263672, 0.63684082, 0.822315803, 0.365460537, 0.436245068, 0, -0, 0, 0, 0, 0, 0, 0.327842529, -0.0041362793, -0.142661768, 0.0834877072, 0.610936587, -0.787145343, -0.00830078125, -0.789428711, -0.613647461, -0.99636514, 0.0579521445, -0.0607613642, 0, 3, 5, 1, 
471.707057, 70, 0.1, 0.1, 0.0136669913, 0.369008038, -0.0199603604, 0.920530037, -0.390671794, -1.66613791e-005, 0.390671794, 0.920530037, 1.21783533e-005, 1.05795608e-005, -1.77196709e-005, 1, 0.920529972, -0.390671946, -3.29175554e-005, 0.390671947, 0.920529972, 9.99214401e-006, 2.6397946e-005, -2.20580335e-005, 0.999999999, 0, 0, 0, 0, 0, 0, 0, 0.268458984, -0.0101359863, -0.170695337, -0.00583269144, 0.771750275, -0.63575037, -0.568969727, 0.520263672, 0.63684082, 0.822315803, 0.365460537, 0.436245068, 0, -0, 0, 0, 0, 0, 0, 0.327842529, -0.0041362793, -0.142661768, 0.0834877072, 0.610936587, -0.787145343, -0.00830078125, -0.789428711, -0.613647461, -0.99636514, 0.0579521445, -0.0607613642, 0, 3, 5, 1, 
471.707838, 70, 0.1, 0.1, 0.0136669864, 0.36900804, -0.0199655833, 0.920530333, -0.390671097, -6.6454057e-006, 0.390671097, 0.920530333, 3.49278899e-006, 4.75276582e-006, -5.81138614e-006, 1, 0.920530276, -0.39067123, 1.85495896e-005, 0.39067123, 0.920530276, 6.02252955e-006, -1.94282878e-005, 1.7028702e-006, 1, 0, 0, 0, 0, 0, 0, 0, 0.268458984, -0.0101359863, -0.170695337, -0.00583269144, 0.771750275, -0.63575037, -0.568969727, 0.520263672, 0.63684082, 0.822315803, 0.365460537, 0.436245068, 0, -0, 0, 0, 0, 0, 0, 0.327842529, -0.0041362793, -0.142661768, 0.0834877072, 0.610936587, -0.787145343, -0.00830078125, -0.789428711, -0.613647461, -0.99636514, 0.0579521445, -0.0607613642, 0, 3, 5, 1, 
471.708624, 70, 0.1, 0.1, 0.013666985, 0.369008045, -0.019970543, 0.9205305, -0.390670702, 1.96194057e-005, 0.390670702, 0.9205305, 1.69395116e-005, -2.46780322e-005, -7.9286101e-006, 1, 0.920530485, -0.390670738, 1.76418483e-005, 0.390670738, 0.920530486, -2.63449091e-006, -1.52106407e-005, 9.3172831e-006, 1, 0, 0, 0, 0, 0, 0, 0, 0.268458984, -0.0101359863, -0.170695337, -0.00583269144, 0.771750275, -0.63575037, -0.568969727, 0.520263672, 0.63684082, 0.822315803, 0.365460537, 0.436245068, 0, -0, 0, 0, 0, 0, 0, 0.327842529, -0.0041362793, -0.142661768, 0.0834877072, 0.610936587, -0.787145343, -0.00830078125, -0.789428711, -0.613647461, -0.99636514, 0.0579521445, -0.0607613642, 0, 3, 5, 1, 
471.709409, 70, 0.1, 0.1, 0.013666985, 0.369008048, -0.0199735463, 0.920530537, -0.390670615, -1.88120399e-005, 0.390670615, 0.920530537, -5.54983242e-006, 1.94852136e-005, -2.24052098e-006, 1, 0.920530528, -0.390670636, -1.60975698e-005, 0.390670636, 0.920530528, -1.10367641e-005, 1.91300441e-005, 3.87083045e-006, 1, 0, 0, 0, 0, 0, 0, 0, 0.268458984, -0.0101359863, -0.170695337, -0.00583269144, 0.771750275, -0.63575037, -0.568969727, 0.520263672, 0.63684082, 0.822315803, 0.365460537, 0.436245068, 0, -0, 0, 0, 0, 0, 0, 0.327842529, -0.0041362793, -0.142661768, 0.0834877072, 0.610936587, -0.787145343, -0.00830078125, -0.789428711, -0.613647461, -0.99636514, 0.0579521445, -0.0607613642, 0, 3, 5, 1, 
471.710223, 70, 0.1, 0.1, 0.0136669825, 0.369008052, -0.0199735832, 0.920530605, -0.390670455, 6.65765964e-006, 0.390670455, 0.920530605, -1.02698587e-005, -2.11644908e-006, 1.20546702e-005, 1, 0.920530583, -0.390670508, 1.69519704e-005, 0.390670509, 0.920530583, -3.46360273e-006, -1.42516798e-005, 9.81098715e-006, 1, 0, 0, 0, 0, 0, 0, 0, 0.270971387, -0.0140246094, -0.17038374, -0.00894347888, 0.769576314, -0.638377766, -0.572509766, 0.51953125, 0.634277344, 0.819842297, 0.371242904, 0.436043247, 0, -0, 0, 0, 0, 0, 0, 0.327842529, -0.0041362793, -0.142661768, 0.0800884625, 0.607964246, -0.789771702, -0.00122070313, -0.792236328, -0.609985352, -0.996722415, 0.0500296909, -0.0626330609, 0, 3, 5, 1, 
471.711007, 70, 0.1, 0.1, 0.0136669856, 0.369008056, -0.0199708381, 0.92053079, -0.390670021, 6.53542642e-006, 0.390670021, 0.92053079, 3.46132199e-006, -7.36829598e-006, -6.3305829e-007, 1, 0.920530747, -0.390670121, -1.85261346e-005, 0.390670121, 0.920530747, 8.13967364e-006, 1.38739493e-005, -1.47304271e-005, 1, 0, 0, 0, 0, 0, 0, 0, 0.270971387, -0.0140246094, -0.17038374, -0.00894347888, 0.769576314, -0.638377766, -0.572509766, 0.51953125, 0.634277344, 0.819842297, 0.371242904, 0.436043247, 0, -0, 0, 0, 0, 0, 0, 0.330065771, -0.00740170898, -0.141981934, 0.0800884625, 0.607964246, -0.789771702, -0.00122070313, -0.792236328, -0.609985352, -0.996722415, 0.0500296909, -0.0626330609, 0, 3, 5, 1, 
471.711798, 70, 0.1, 0.1, 0.0136669828, 0.369008064, -0.0199665154, 0.920531121, -0.390669239, -2.5799316e-005, 0.390669239, 0.920531122, -8.5906802e-006, 2.71051878e-005, -2.17101068e-006, 1, 0.920531042, -0.390669425, -7.37600348e-006, 0.390669425, 0.920531042, -2.72449063e-005, 1.7433592e-005, 2.21982029e-005, 1, 0, 0, 0, 0, 0, 0, 0, 0.270971387, -0.0140246094, -0.17038374, -0.00894347888, 0.769576314, -0.638377766, -0.572509766, 0.51953125, 0.634277344, 0.819842297, 0.371242904, 0.436043247, 0, -0, 0, 0, 0, 0, 0, 0.330065771, -0.00740170898, -0.141981934, 0.0800884625, 0.607964246, -0.789771702, -0.00122070313, -0.792236328, -0.609985352, -0.996722415, 0.0500296909, -0.0626330609, 0, 3, 5, 1, 
471.712581, 70, 0.1, 0.1, 0.0136669805, 0.369008066, -0.0199623321, 0.920531546, -0.390668237, 2.47226989e-005, 0.390668237, 0.920531547, 2.11725199e-005, -3.10294553e-005, -9.83159933e-006, 0.999999999, 0.920531471, -0.390668415, 3.041505e-005, 0.390668415, 0.920531471, 1.08710256e-005, -3.2244977e-005, 1.87507816e-006, 0.999999999, 0, 0, 0, 0, 0, 0, 0, 0.270971387, -0.0140246094, -0.17038374, -0.00894347888, 0.769576314, -0.638377766, -0.572509766, 0.51953125, 0.634277344, 0.819842297, 0.371242904, 0.436043247, 0, -0, 0, 0, 0, 0, 0, 0.330065771, -0.00740170898, -0.141981934, 0.0800884625, 0.607964246, -0.789771702, -0.00122070313, -0.792236328, -0.609985352, -0.996722415, 0.0500296909, -0.0626330609, 0, 3, 5, 1, 
471.713365, 70, 0.1, 0.1, 0.0136669819, 0.36900807, -0.01995962, 0.920531884, -0.390667442, -7.98510163e-006, 0.390667442, 0.920531884, -6.60617282e-007, 7.60862231e-006, -2.51139996e-006, 1, 0.920531812, -0.390667612, -2.35487316e-005, 0.390667612, 0.920531812, -5.28306251e-006, 2.3741278e-005, -4.33649966e-006, 1, 0, 0, 0, 0, 0, 0, 0, 0.270971387, -0.0140246094, -0.17038374, -0.00894347888, 0.769576314, -0.638377766, -0.572509766, 0.51953125, 0.634277344, 0.819842297, 0.371242904, 0.436043247, 0, -0, 0, 0, 0, 0, 0, 0.330065771, -0.00740170898, -0.141981934, 0.0800884625, 0.607964246, -0.789771702, -0.00122070313, -0.792236328, -0.609985352, -0.996722415, 0.0500296909, -0.0626330609, 0, 3, 5, 1, 
471.714161, 70, 0.1, 0.1, 0.0136669774, 0.369008071, -0.0199590331, 0.920532193, -0.390666714, -2.51530072e-005, 0.390666714, 0.920532193, 2.70389492e-005, 1.25909355e-005, -3.47166658e-005, 0.999999999, 0.920532155, -0.390666805, 6.45235163e-006, 0.390666804, 0.920532154, 2.95701084e-005, -1.74916569e-005, -2.4699516e-005, 1, 0, 0, 0, 0, 0, 0, 0, 0.270971387, -0.0140246094, -0.17038374, -0.00894347888, 0.769576314, -0.638377766, -0.572509766, 0.51953125, 0.634277344, 0.819842297, 0.371242904, 0.436043247, 0, -0, 0, 0, 0, 0, 0, 0.330065771, -0.00740170898, -0.141981934, 0.0800884625, 0.607964246, -0.789771702, -0.00122070313, -0.792236328, -0.609985352, -0.996722415, 0.0500296909, -0.0626330609, 0, 3, 5, 1, 
471.714971, 70, 0.1, 0.1, 0.013666976, 0.369008078, -0.0199605767, 0.920532224, -0.390666639, 4.47740182e-005, 0.39066664, 0.920532224, -2.6642783e-005, -3.08074801e-005, 4.20172555e-005, 0.999999999, 0.920532241, -0.3906666, 3.12691437e-005, 0.390666601, 0.92053224, -3.06193132e-005, -1.68223119e-005, 4.04018751e-005, 0.999999999, 0, 0, 0, 0, 0, 0, 0, 0.273385645, -0.0169709473, -0.170009888, -0.0138889869, 0.768272534, -0.639849663, -0.577880859, 0.515991211, 0.632202148, 0.815929095, 0.378617735, 0.436894332, 0, 0, 0, 0, 0, 0, 0, 0.330065771, -0.00740170898, -0.141981934, 0.0754496821, 0.606160712, -0.791605852, 0.00854492187, -0.794189453, -0.607421875, -0.996964485, 0.0391615161, -0.0650352067, 0, 3, 5, 1, 
471.715774, 70, 0.1, 0.1, 0.0136669785, 0.369008077, -0.0199631916, 0.920532104, -0.39066692, -5.32644763e-005, 0.390666922, 0.920532104, 4.90281322e-005, 2.9877991e-005, -6.59406387e-005, 0.999999997, 0.920532125, -0.390666872, -4.91560148e-005, 0.390666874, 0.920532124, 4.28199302e-005, 2.85213625e-005, -5.86207479e-005, 0.999999998, 0, 0, 0, 0, 0, 0, 0, 0.273385645, -0.0169709473, -0.170009888, -0.0138889869, 0.768272534, -0.639849663, -0.577880859, 0.515991211, 0.632202148, 0.815929095, 0.378617735, 0.436894332, 0, 0, 0, 0, 0, 0, 0, 0.332432666, -0.00975878906, -0.14126084, 0.0754496821, 0.606160712, -0.791605852, 0.00854492187, -0.794189453, -0.607421875, -0.996964485, 0.0391615161, -0.0650352067, 0, 3, 5, 1, 
471.716557, 70, 0.1, 0.1, 0.0136669777, 0.36900808, -0.019966427, 0.920532124, -0.390666875, 2.0793325e-005, 0.390666876, 0.920532122, -6.02834909e-005, 4.40983945e-006, 6.36161533e-005, 0.999999998, 0.920532089, -0.390666959, 2.29691533e-005, 0.39066696, 0.920532088, -2.91102462e-005, -9.77143132e-006, 3.5770205e-005, 0.999999999, 0, 0, 0, 0, 0, 0, 0, 0.273385645, -0.0169709473, -0.170009888, -0.0138889869, 0.768272534, -0.639849663, -0.577880859, 0.515991211, 0.632202148, 0.815929095, 0.378617735, 0.436894332, 0, 0, 0, 0, 0, 0, 0, 0.332432666, -0.00975878906, -0.14126084, 0.0754496821, 0.606160712, -0.791605852, 0.00854492187, -0.794189453, -0.607421875, -0.996964485, 0.0391615161, -0.0650352067, 0, 3, 5, 1, 
471.717357, 70, 0.1, 0.1, 0.0136669722, 0.369008095, -0.0199692919, 0.920532243, -0.390666597, 4.28833405e-006, 0.390666597, 0.920532243, -5.70423651e-006, -1.71909509e-006, 6.9262425e-006, 1, 0.920532229, -0.390666628, 2.17756342e-005, 0.390666629, 0.920532229, -3.78997054e-005, -5.23902295e-006, 4.33949139e-005, 0.999999999, 0, 0, 0, 0, 0, 0, 0, 0.273385645, -0.0169709473, -0.170009888, -0.0197859297, 0.767596678, -0.640649451, -0.581787109, 0.512207031, 0.631713867, 0.813031729, 0.385275152, 0.436526639, 0, 0, 0, 0, 0, 0, 0, 0.332432666, -0.00975878906, -0.14126084, 0.0754496821, 0.606160712, -0.791605852, 0.00854492187, -0.794189453, -0.607421875, -0.996964485, 0.0391615161, -0.0650352067, 0, 3, 5, 1, 
471.718158, 70, 0.1, 0.1, 0.013666979, 0.369008084, -0.0199704516, 0.920532328, -0.390666395, -2.16025359e-005, 0.390666395, 0.920532325, 7.95853009e-005, -1.120547e-005, -8.17002272e-005, 0.999999997, 0.920532296, -0.390666471, -3.0100687e-005, 0.390666472, 0.920532292, 8.53496876e-005, -5.63460684e-006, -9.03264731e-005, 0.999999996, 0, 0, 0, 0, 0, 0, 0, 0.275084644, -0.0201106201, -0.169828638, -0.0197859297, 0.767596678, -0.640649451, -0.581787109, 0.512207031, 0.631713867, 0.813031729, 0.385275152, 0.436526639, 0, 0, 0, 0, 0, 0, 0, 0.334534814, -0.0121075684, -0.140744434, 0.0702038937, 0.60447858, -0.79339516, 0.0178222656, -0.795898438, -0.604980469, -0.997270354, 0.0283061012, -0.066696183, 0, 3, 5, 1, 
471.718943, 70, 0.1, 0.1, 0.0136669781, 0.369008087, -0.0199700583, 0.92053244, -0.390666131, 3.29033629e-005, 0.390666132, 0.920532439, -4.39174639e-005, -1.31315472e-005, 5.32816797e-005, 0.999999998, 0.920532445, -0.390666119, 1.14368559e-005, 0.39066612, 0.920532445, -3.60953628e-005, 3.57323839e-006, 3.76949447e-005, 0.999999999, 0, 0, 0, 0, 0, 0, 0, 0.275084644, -0.0201106201, -0.169828638, -0.0197859297, 0.767596678, -0.640649451, -0.581787109, 0.512207031, 0.631713867, 0.813031729, 0.385275152, 0.436526639, 0, 0, 0, 0, 0, 0, 0, 0.334534814, -0.0121075684, -0.140744434, 0.0702038937, 0.60447858, -0.79339516, 0.0178222656, -0.795898438, -0.604980469, -0.997270354, 0.0283061012, -0.066696183, 0, 3, 5, 1, 
471.719729, 70, 0.1, 0.1, 0.013666974, 0.369008095, -0.019968308, 0.920532436, -0.390666142, -4.63504373e-006, 0.390666142, 0.920532436, 1.9889182e-005, -3.50332191e-006, -2.01193918e-005, 1, 0.92053242, -0.390666179, -4.47640859e-006, 0.390666179, 0.92053242, 4.55985808e-007, 3.942541e-006, -2.16853116e-006, 1, 0, 0, 0, 0, 0, 0, 0, 0.275084644, -0.0201106201, -0.169828638, -0.0197859297, 0.767596678, -0.640649451, -0.581787109, 0.512207031, 0.631713867, 0.813031729, 0.385275152, 0.436526639, 0, 0, 0, 0, 0, 0, 0, 0.334534814, -0.0121075684, -0.140744434, 0.0702038937, 0.60447858, -0.79339516, 0.0178222656, -0.795898438, -0.604980469, -0.997270354, 0.0283061012, -0.066696183, 0, 3, 5, 1, 
471.72052, 70, 0.1, 0.1, 0.0136669737, 0.3690081, -0.0199658142, 0.920532515, -0.390665955, 1.22148608e-006, 0.390665955, 0.920532514, -4.58693014e-005, 1.67951568e-005, 4.27013764e-005, 0.999999999, 0.920532498, -0.390665995, -1.33643061e-006, 0.390665995, 0.920532498, -3.03301942e-005, 1.30792033e-005, 2.73978314e-005, 1, 0, 0, 0, 0, 0, 0, 0, 0.275084644, -0.0201106201, -0.169828638, -0.0197859297, 0.767596678, -0.640649451, -0.581787109, 0.512207031, 0.631713867, 0.813031729, 0.385275152, 0.436526639, 0, 0, 0, 0, 0, 0, 0, 0.334534814, -0.0121075684, -0.140744434, 0.0702038937, 0.60447858, -0.79339516, 0.0178222656, -0.795898438, -0.604980469, -0.997270354, 0.0283061012, -0.066696183, 0, 3, 5, 1, 
471.721307, 70, 0.1, 0.1, 0.0136669718, 0.369008103, -0.0199634487, 0.920532479, -0.390666041, -2.59745064e-005, 0.390666041, 0.920532478, 4.16158074e-005, 7.65249405e-006, -4.84560599e-005, 0.999999999, 0.920532513, -0.390665961, -6.21510171e-007, 0.39066596, 0.920532512, 3.0009606e-005, -1.11516112e-005, -2.78676209e-005, 1, 0, 0, 0, 0, 0, 0, 0, 0.275084644, -0.0201106201, -0.169828638, -0.0197859297, 0.767596678, -0.640649451, -0.581787109, 0.512207031, 0.631713867, 0.813031729, 0.385275152, 0.436526639, 0, 0, 0, 0, 0, 0, 0, 0.334534814, -0.0121075684, -0.140744434, 0.0702038937, 0.60447858, -0.79339516, 0.0178222656, -0.795898438, -0.604980469, -0.997270354, 0.0283061012, -0.066696183, 0, 3, 5, 1, 
471.722108, 70, 0.1, 0.1, 0.0136669714, 0.369008103, -0.0199619617, 0.920532362, -0.390666315, 2.24183269e-005, 0.390666315, 0.920532362, -2.57113112e-005, -1.05922522e-005, 3.24261792e-005, 0.999999999, 0.920532364, -0.390666312, 2.19242536e-005, 0.390666312, 0.920532364, -2.2097508e-006, -1.93187098e-005, 1.05992144e-005, 1, 0, 0, 0, 0, 0, 0, 0, 0.275084644, -0.0201106201, -0.169828638, -0.0247887257, 0.765887012, -0.642463954, -0.587646484, 0.508789062, 0.629150391, 0.808756825, 0.393208637, 0.437555579, 0, 0, 0, 0, 0, 0, 0, 0.334534814, -0.0121075684, -0.140744434, 0.0702038937, 0.60447858, -0.79339516, 0.0178222656, -0.795898438, -0.604980469, -0.997270354, 0.0283061012, -0.066696183, 0, 3, 5, 1, 
471.722909, 70, 0.1, 0.1, 0.0136669715, 0.369008106, -0.0199614543, 0.920532469, -0.390666064, -4.57560145e-006, 0.390666063, 0.920532468, 5.17755952e-005, -1.60149783e-005, -4.94486487e-005, 0.999999999, 0.920532446, -0.390666119, -3.0635431e-006, 0.390666118, 0.920532445, 3.09095092e-005, -9.25520717e-006, -2.96500286e-005, 1, 0, 0, 0, 0, 0, 0, 0, 0.277494873, -0.023076001, -0.169025269, -0.0247887257, 0.765887012, -0.642463954, -0.587646484, 0.508789062, 0.629150391, 0.808756825, 0.393208637, 0.437555579, 0, 0, 0, 0, 0, 0, 0, 0.33692002, -0.0149355469, -0.139824756, 0.0657951567, 0.60194044, -0.795778716, 0.0264892578, -0.798217773, -0.6015625, -0.997365503, 0.0185881432, -0.06854236, 0, 3, 5, 1, 
471.723696, 70, 0.1, 0.1, 0.0136669723, 0.369008107, -0.0199623812, 0.920532462, -0.390666081, 2.69034393e-005, 0.390666081, 0.920532461, -2.87394062e-005, -1.3537978e-005, 3.69658176e-005, 0.999999999, 0.920532491, -0.390666013, -1.64557001e-007, 0.390666013, 0.920532491, -1.73505851e-005, 6.92976395e-006, 1.59074905e-005, 1, 0, 0, 0, 0, 0, 0, 0, 0.277494873, -0.023076001, -0.169025269, -0.0247887257, 0.765887012, -0.642463954, -0.587646484, 0.508789062, 0.629150391, 0.808756825, 0.393208637, 0.437555579, 0, 0, 0, 0, 0, 0, 0, 0.33692002, -0.0149355469, -0.139824756, 0.0657951567, 0.60194044, -0.795778716, 0.0264892578, -0.798217773, -0.6015625, -0.997365503, 0.0185881432, -0.06854236, 0, 3, 5, 1, 
471.724482, 70, 0.1, 0.1, 0.0136669698, 0.369008111, -0.0199643404, 0.920532361, -0.390666317, -1.4067479e-005, 0.390666318, 0.920532361, 3.1656204e-005, 5.8255699e-007, -3.46362504e-005, 0.999999999, 0.920532362, -0.390666315, -1.38991509e-005, 0.390666315, 0.920532362, 1.2230453e-005, 8.01659221e-006, -1.66884579e-005, 1, 0, 0, 0, 0, 0, 0, 0, 0.277494873, -0.023076001, -0.169025269, -0.0247887257, 0.765887012, -0.642463954, -0.587646484, 0.508789062, 0.629150391, 0.808756825, 0.393208637, 0.437555579, 0, 0, 0, 0, 0, 0, 0, 0.33692002, -0.0149355469, -0.139824756, 0.0657951567, 0.60194044, -0.795778716, 0.0264892578, -0.798217773, -0.6015625, -0.997365503, 0.0185881432, -0.06854236, 0, 3, 5, 1, 
471.725273, 70, 0.1, 0.1, 0.0136669679, 0.369008113, -0.0199665996, 0.920532482, -0.390666033, -9.40082333e-006, 0.390666032, 0.920532481, -4.75733582e-005, 2.72390583e-005, 4.01202391e-005, 0.999999999, 0.920532436, -0.390666142, 9.68649649e-006, 0.390666142, 0.920532436, -1.99346483e-005, -1.12894206e-006, 2.21346766e-005, 1, 0, 0, 0, 0, 0, 0, 0, 0.277494873, -0.023076001, -0.169025269, -0.0247887257, 0.765887012, -0.642463954, -0.587646484, 0.508789062, 0.629150391, 0.808756825, 0.393208637, 0.437555579, 0, 0, 0, 0, 0, 0, 0, 0.33692002, -0.0149355469, -0.139824756, 0.0657951567, 0.60194044, -0.795778716, 0.0264892578, -0.798217773, -0.6015625, -0.997365503, 0.0185881432, -0.06854236, 0, 3, 5, 1, 
471.726065, 70, 0.1, 0.1, 0.0136669715, 0.369008121, -0.0199683466, 0.920532779, -0.390665334, 1.58476527e-006, 0.390665334, 0.920532778, 2.83563163e-005, -1.25366582e-005, -2.54838058e-005, 1, 0.920532701, -0.390665516, -2.03689337e-005, 0.390665517, 0.920532701, 1.39714309e-006, 1.82044539e-005, -9.24355589e-006, 1, 0, 0, 0, 0, 0, 0, 0, 0.277494873, -0.023076001, -0.169025269, -0.0247887257, 0.765887012, -0.642463954, -0.587646484, 0.508789062, 0.629150391, 0.808756825, 0.393208637, 0.437555579, 0, 0, 0, 0, 0, 0, 0, 0.33692002, -0.0149355469, -0.139824756, 0.0657951567, 0.60194044, -0.795778716, 0.0264892578, -0.798217773, -0.6015625, -0.997365503, 0.0185881432, -0.06854236, 0, 3, 5, 1, 
471.726868, 70, 0.1, 0.1, 0.0136669665, 0.369008123, -0.0199689543, 0.920533244, -0.390664238, 1.23181755e-006, 0.390664238, 0.920533243, -3.82381313e-005, 1.38043414e-005, 3.56806981e-005, 0.999999999, 0.920533128, -0.39066451, 2.21349985e-005, 0.39066451, 0.920533128, -1.27167217e-005, -1.54080276e-005, 2.03535219e-005, 1, 0, 0, 0, 0, 0, 0, 0, 0.277494873, -0.023076001, -0.169025269, -0.0301030492, 0.764755096, -0.643586131, -0.594726562, 0.50378418, 0.626464844, 0.803295342, 0.401668574, 0.439834378, 0, 0, 0, 0, 0, 0, 0, 0.33692002, -0.0149355469, -0.139824756, 0.0657951567, 0.60194044, -0.795778716, 0.0264892578, -0.798217773, -0.6015625, -0.997365503, 0.0185881432, -0.06854236, 0, 3, 5, 1, 
471.727671, 70, 0.1, 0.1, 0.0136669687, 0.369008128, -0.0199680482, 0.920533843, -0.390662825, 6.21580733e-006, 0.390662824, 0.920533843, 4.53382466e-005, -2.34338285e-005, -3.93071056e-005, 0.999999999, 0.920533711, -0.390663137, -1.42380921e-005, 0.390663137, 0.920533711, 1.82203572e-005, 5.98862186e-006, -2.23347507e-005, 1, 0, 0, 0, 0, 0, 0, 0, 0.279662329, -0.0255637695, -0.167959473, -0.0301030492, 0.764755096, -0.643586131, -0.594726562, 0.50378418, 0.626464844, 0.803295342, 0.401668574, 0.439834378, 0, 0, 0, 0, 0, 0, 0, 0.338787451, -0.0164267578, -0.139091943, 0.0602682856, 0.600155863, -0.797516984, 0.0374755859, -0.799682617, -0.598999023, -0.997332687, 0.00637179101, -0.0706889428, 0, 3, 5, 1, 
471.728459, 70, 0.1, 0.1, 0.0136669635, 0.369008126, -0.0199664161, 0.920534556, -0.390661147, 5.58543484e-007, 0.390661147, 0.920534555, -3.2231984e-005, 1.20776253e-005, 2.98888563e-005, 0.999999999, 0.920534399, -0.390661516, 2.24988883e-005, 0.390661516, 0.920534399, -4.94314089e-006, -1.87799057e-005, 1.33397811e-005, 1, 0, 0, 0, 0, 0, 0, 0, 0.279662329, -0.0255637695, -0.167959473, -0.0301030492, 0.764755096, -0.643586131, -0.594726562, 0.50378418, 0.626464844, 0.803295342, 0.401668574, 0.439834378, 0, 0, 0, 0, 0, 0, 0, 0.338787451, -0.0164267578, -0.139091943, 0.0602682856, 0.600155863, -0.797516984, 0.0374755859, -0.799682617, -0.598999023, -0.997332687, 0.00637179101, -0.0706889428, 0, 3, 5, 1, 
471.729243, 70, 0.1, 0.1, 0.0136669661, 0.36900813, -0.0199646978, 0.920535378, -0.39065921, 4.69605683e-006, 0.390659209, 0.920535376, 5.1557828e-005, -2.44644268e-005, -4.56262468e-005, 0.999999999, 0.920535199, -0.390659631, -1.73968583e-005, 0.390659632, 0.920535198, 2.33400378e-005, 6.89640986e-006, -2.82815766e-005, 1, 0, 0, 0, 0, 0, 0, 0, 0.279662329, -0.0255637695, -0.167959473, -0.0301030492, 0.764755096, -0.643586131, -0.594726562, 0.50378418, 0.626464844, 0.803295342, 0.401668574, 0.439834378, 0, 0, 0, 0, 0, 0, 0, 0.338787451, -0.0164267578, -0.139091943, 0.0602682856, 0.600155863, -0.797516984, 0.0374755859, -0.799682617, -0.598999023, -0.997332687, 0.00637179101, -0.0706889428, 0, 3, 5, 1, 
471.730029, 70, 0.1, 0.1, 0.0136669612, 0.369008129, -0.0199634447, 0.920536309, -0.390657015, -2.5238917e-006, 0.390657014, 0.920536309, -4.05397371e-005, 1.81604666e-005, 3.6332324e-005, 0.999999999, 0.92053611, -0.390657484, 2.1094292e-005, 0.390657485, 0.92053611, -1.00119125e-005, -1.55068289e-005, 1.74569701e-005, 1, 0, 0, 0, 0, 0, 0, 0, 0.279662329, -0.0255637695, -0.167959473, -0.0301030492, 0.764755096, -0.643586131, -0.594726562, 0.50378418, 0.626464844, 0.803295342, 0.401668574, 0.439834378, 0, 0, 0, 0, 0, 0, 0, 0.338787451, -0.0164267578, -0.139091943, 0.0602682856, 0.600155863, -0.797516984, 0.0374755859, -0.799682617, -0.598999023, -0.997332687, 0.00637179101, -0.0706889428, 0, 3, 5, 1, 
471.730826, 70, 0.1, 0.1, 0.0136669651, 0.369008135, -0.0199629166, 0.920537364, -0.390654528, 3.54118802e-007, 0.390654528, 0.920537364, 4.50806671e-005, -1.79369463e-005, -4.13601004e-005, 0.999999999, 0.920537141, -0.390655054, -2.32134762e-005, 0.390655054, 0.920537141, 1.53326716e-005, 1.53790813e-005, -2.31827555e-005, 1, 0, 0, 0, 0, 0, 0, 0, 0.279662329, -0.0255637695, -0.167959473, -0.0301030492, 0.764755096, -0.643586131, -0.594726562, 0.50378418, 0.626464844, 0.803295342, 0.401668574, 0.439834378, 0, 0, 0, 0, 0, 0, 0, 0.338787451, -0.0164267578, -0.139091943, 0.0602682856, 0.600155863, -0.797516984, 0.0374755859, -0.799682617, -0.598999023, -0.997332687, 0.00637179101, -0.0706889428, 0, 3, 5, 1, 
471.731623, 70, 0.1, 0.1, 0.0136669606, 0.369008135, -0.0199631558, 0.920538514, -0.39065182, -3.61092781e-006, 0.390651819, 0.920538513, -4.76738113e-005, 2.19478593e-005, 4.24749639e-005, 0.999999999, 0.920538276, -0.390652379, 1.96774413e-005, 0.390652379, 0.920538276, -1.69884085e-005, -1.14772757e-005, 2.33255195e-005, 1, 0, 0, 0, 0, 0, 0, 0, 0.279662329, -0.0255637695, -0.167959473, -0.0301030492, 0.764755096, -0.643586131, -0.594726562, 0.50378418, 0.626464844, 0.803295342, 0.401668574, 0.439834378, 0, 0, 0, 0, 0, 0, 0, 0.338787451, -0.0164267578, -0.139091943, 0.0602682856, 0.600155863, -0.797516984, 0.0374755859, -0.799682617, -0.598999023, -0.997332687, 0.00637179101, -0.0706889428, 0, 3, 5, 1, 
471.732439, 70, 0.1, 0.1, 0.0136669653, 0.369008143, -0.0199638035, 0.920539777, -0.390648844, -2.28600858e-006, 0.390648844, 0.920539776, 3.60405496e-005, -1.19748372e-005, -3.40697861e-005, 0.999999999, 0.920539523, -0.39064944, -2.56198176e-005, 0.39064944, 0.920539524, 6.07964515e-006, 2.12090447e-005, -1.56049211e-005, 1, 0, 0, 0, 0, 0, 0, 0, 0.281334961, -0.0282142334, -0.167705103, -0.0364762703, 0.764923212, -0.643008381, -0.599243164, 0.498168945, 0.626586914, 0.79973186, 0.40819232, 0.440360831, 0, 0, -0, 0, 0, 0, 0, 0.340340332, -0.0179930176, -0.138886768, 0.053405997, 0.600198873, -0.797932228, 0.0458984375, -0.799682617, -0.598510742, -0.997440229, -0.00454778966, -0.0702416159, 0, 3, 5, 1, 
471.733224, 70, 0.1, 0.1, 0.0136669611, 0.369008144, -0.0199649955, 0.920541057, -0.390645827, -2.42465032e-006, 0.390645827, 0.920541056, -4.37075441e-005, 1.93061599e-005, 3.92874093e-005, 0.999999999, 0.920540791, -0.390646454, 1.91295388e-005, 0.390646454, 0.920540791, -1.55403307e-005, -1.15387457e-005, 2.17783948e-005, 1, 0, 0, 0, 0, 0, 0, 0, 0.281334961, -0.0282142334, -0.167705103, -0.0364762703, 0.764923212, -0.643008381, -0.599243164, 0.498168945, 0.626586914, 0.79973186, 0.40819232, 0.440360831, 0, 0, -0, 0, 0, 0, 0, 0.340340332, -0.0179930176, -0.138886768, 0.053405997, 0.600198873, -0.797932228, 0.0458984375, -0.799682617, -0.598510742, -0.997440229, -0.00454778966, -0.0702416159, 0, 3, 5, 1, 
471.734008, 70, 0.1, 0.1, 0.0136669642, 0.36900815, -0.0199663693, 0.920542381, -0.390642708, 2.55253625e-006, 0.390642708, 0.92054238, 3.90703141e-005, -1.76122511e-005, -3.49687503e-005, 0.999999999, 0.920542107, -0.390643352, -1.90534481e-005, 0.390643353, 0.920542107, 1.08841136e-005, 1.32876946e-005, -1.74623877e-005, 1, 0, 0, 0, 0, 0, 0, 0, 0.281334961, -0.0282142334, -0.167705103, -0.0364762703, 0.764923212, -0.643008381, -0.599243164, 0.498168945, 0.626586914, 0.79973186, 0.40819232, 0.440360831, 0, 0, -0, 0, 0, 0, 0, 0.340340332, -0.0179930176, -0.138886768, 0.053405997, 0.600198873, -0.797932228, 0.0458984375, -0.799682617, -0.598510742, -0.997440229, -0.00454778966, -0.0702416159, 0, 3, 5, 1, 
471.734822, 70, 0.1, 0.1, 0.0136669588, 0.369008149, -0.0199670658, 0.920543797, -0.390639372, 2.74182259e-006, 0.390639371, 0.920543796, -3.50529721e-005, 1.11691032e-005, 3.33388599e-005, 0.999999999, 0.920543519, -0.390640025, 2.36284431e-005, 0.390640026, 0.920543519, -8.29445599e-006, -1.85108636e-005, 1.68656233e-005, 1, 0, 0, 0, 0, 0, 0, 0, 0.28350437, -0.0309224365, -0.167300122, -0.0417965852, 0.763898758, -0.643902528, -0.605102539, 0.493530273, 0.624755859, 0.795012878, 0.415770093, 0.441738369, 0, 0, -0, 0, 0, 0, 0, 0.341752979, -0.0200348145, -0.138731396, 0.0477577244, 0.599175154, -0.799075882, 0.052734375, -0.800415039, -0.597045898, -0.997420173, -0.0134928619, -0.0698708479, 0, 3, 5, 1, 
471.735609, 70, 0.1, 0.1, 0.0136669611, 0.369008154, -0.019967208, 0.920545192, -0.390636084, 4.70045219e-006, 0.390636083, 0.920545191, 4.14449937e-005, -2.05168887e-005, -3.63158235e-005, 0.999999999, 0.920544908, -0.390636753, -1.56360885e-005, 0.390636753, 0.920544908, 1.50654307e-005, 8.50861071e-006, -1.99764363e-005, 1, 0, 0, 0, 0, 0, 0, 0, 0.28350437, -0.0309224365, -0.167300122, -0.0417965852, 0.763898758, -0.643902528, -0.605102539, 0.493530273, 0.624755859, 0.795012878, 0.415770093, 0.441738369, 0, 0, -0, 0, 0, 0, 0, 0.341752979, -0.0200348145, -0.138731396, 0.0477577244, 0.599175154, -0.799075882, 0.052734375, -0.800415039, -0.597045898, -0.997420173, -0.0134928619, -0.0698708479, 0, 3, 5, 1, 
471.736396, 70, 0.1, 0.1, 0.0136669565, 0.369008153, -0.0199668338, 0.920546606, -0.390632751, -1.39183389e-006, 0.390632751, 0.920546605, -3.9424259e-005, 1.66816547e-005, 3.57481719e-005, 0.999999999, 0.92054632, -0.390633425, 1.99473827e-005, 0.390633426, 0.92054632, -1.23289129e-005, -1.35464043e-005, 1.91414498e-005, 1, 0, 0, 0, 0, 0, 0, 0, 0.28350437, -0.0309224365, -0.167300122, -0.0417965852, 0.763898758, -0.643902528, -0.605102539, 0.493530273, 0.624755859, 0.795012878, 0.415770093, 0.441738369, 0, 0, -0, 0, 0, 0, 0, 0.341752979, -0.0200348145, -0.138731396, 0.0477577244, 0.599175154, -0.799075882, 0.052734375, -0.800415039, -0.597045898, -0.997420173, -0.0134928619, -0.0698708479, 0, 3, 5, 1, 
471.73718, 70, 0.1, 0.1, 0.0136669597, 0.369008159, -0.0199661319, 0.920548039, -0.390629374, 1.33846408e-006, 0.390629373, 0.920548039, 3.97873703e-005, -1.6774236e-005, -3.61033423e-005, 0.999999999, 0.920547745, -0.390630066, -1.99436798e-005, 0.390630066, 0.920547745, 1.24127522e-005, 1.35103153e-005, -1.9217132e-005, 1, 0, 0, 0, 0, 0, 0, 0, 0.28350437, -0.0309224365, -0.167300122, -0.0417965852, 0.763898758, -0.643902528, -0.605102539, 0.493530273, 0.624755859, 0.795012878, 0.415770093, 0.441738369, 0, 0, -0, 0, 0, 0, 0, 0.341752979, -0.0200348145, -0.138731396, 0.0477577244, 0.599175154, -0.799075882, 0.052734375, -0.800415039, -0.597045898, -0.997420173, -0.0134928619, -0.0698708479, 0, 3, 5, 1, 
471.737963, 70, 0.1, 0.1, 0.0136669557, 0.369008159, -0.0199653747, 0.920549494, -0.390625946, -4.35292204e-006, 0.390625946, 0.920549493, -4.36721589e-005, 2.10665586e-005, 3.85020195e-005, 0.999999999, 0.920549197, -0.390626646, 1.77495047e-005, 0.390626646, 0.920549196, -1.54122759e-005, -1.03188466e-005, 2.11211877e-005, 1, 0, 0, 0, 0, 0, 0, 0, 0.28350437, -0.0309224365, -0.167300122, -0.0417965852, 0.763898758, -0.643902528, -0.605102539, 0.493530273, 0.624755859, 0.795012878, 0.415770093, 0.441738369, 0, 0, -0, 0, 0, 0, 0, 0.341752979, -0.0200348145, -0.138731396, 0.0477577244, 0.599175154, -0.799075882, 0.052734375, -0.800415039, -0.597045898, -0.997420173, -0.0134928619, -0.0698708479, 0, 3, 5, 1, 
471.73875, 70, 0.1, 0.1, 0.0136669596, 0.369008165, -0.0199647872, 0.920550979, -0.390622446, -2.18431514e-007, 0.390622446, 0.920550978, 4.02571589e-005, -1.55242726e-005, -3.71440913e-005, 0.999999999, 0.920550675, -0.390623162, -2.26960394e-005, 0.390623162, 0.920550675, 1.14728173e-005, 1.64113062e-005, -1.94269084e-005, 1, 0, 0, 0, 0, 0, 0, 0, 0.28350437, -0.0309224365, -0.167300122, -0.0417965852, 0.763898758, -0.643902528, -0.605102539, 0.493530273, 0.624755859, 0.795012878, 0.415770093, 0.441738369, 0, 0, -0, 0, 0, 0, 0, 0.341752979, -0.0200348145, -0.138731396, 0.0477577244, 0.599175154, -0.799075882, 0.052734375, -0.800415039, -0.597045898, -0.997420173, -0.0134928619, -0.0698708479, 0, 3, 5, 1, 
471.739566, 70, 0.1, 0.1, 0.013666955, 0.369008165, -0.0199641349, 0.920552551, -0.390618741, -2.45221246e-006, 0.39061874, 0.92055255, -4.46686207e-005, 1.97057908e-005, 4.01619326e-005, 0.999999999, 0.920552244, -0.390619463, 2.01854883e-005, 0.390619463, 0.920552244, -1.57710116e-005, -1.24213325e-005, 2.24028848e-005, 1, 0, 0, 0, 0, 0, 0, 0, 0.285234009, -0.0341055664, -0.16647771, -0.04702142, 0.762334747, -0.645311145, -0.610107422, 0.489624023, 0.622924805, 0.790896733, 0.423062549, 0.442208656, 0, 0, -0, 0, 0, 0, 0, 0.343281836, -0.0229405273, -0.138581152, 0.0438090741, 0.597934519, -0.800181256, 0.0581054687, -0.801147461, -0.595458984, -0.997221479, -0.020374107, -0.0698642847, 0, 3, 5, 1, 
