time, trialNum, realDorsalTactorPos, realVentralTactorPos, boxPosX, boxPosY, boxPosZ, boxLocalRot_11, boxLocalRot_12, boxLocalRot_13, boxLocalRot_21, boxLocalRot_22, boxLocalRot_23, boxLocalRot_31, boxLocalRot_32, boxLocalRot_33, boxGlobalRot_11, boxGlobalRot_12, boxGlobalRot_13, boxGlobalRot_21, boxGlobalRot_22, boxGlobalRot_23, boxGlobalRot_31, boxGlobalRot_32, boxGlobalRot_33, indexForceX, indexForceY, indexForceZ, indexForceGlobalX, indexForceGlobalY, indexForceGlobalZ, indexContact, indexPosX, indexPosY, indexPosZ, indexRot_11, indexRot_12, indexRot_13, indexRot_21, indexRot_22, indexRot_23, indexRot_31, indexRot_32, indexRot_33, thumbForceX, thumbForceY, thumbForceZ, thumbForceGlobalX, thumbForceGlobalY, thumbForceGlobalZ, thumbContact, thumbPosX, thumbPosY, thumbPosZ, thumbRot_11, thumbRot_12, thumbRot_13, thumbRot_21, thumbRot_22, thumbRot_23, thumbRot_31, thumbRot_32, thumbRot_33, manipForceTooHigh, cceExpType, mapping, trialSuccess, 
972.079979, 66, 0.1, 0.1, -0.00369419999, 0.377886105, -0.0199534786, 0.97240408, -0.233303032, -1.22474553e-005, 0.233303032, 0.972404079, 4.76479135e-005, 7.93072776e-007, -4.9190394e-005, 0.999999999, 0.972404075, -0.233303055, -1.52614266e-005, 0.233303055, 0.972404074, 4.28292515e-005, 4.84807821e-006, -4.52078762e-005, 0.999999999, 0, 0, 0, 0, 0, 0, 0, 0.321912085, -0.152769629, -0.130231519, -0.510926373, 0.671335357, -0.536796052, -0.767456055, -0.0750732422, 0.63659668, 0.387060009, 0.737309469, 0.553804349, 0, 0, -0, 0, 0, 0, 0, 0.375353516, -0.120498145, -0.102774707, -0.20746556, 0.419762246, -0.883567905, 0.822998047, -0.413208008, -0.389648437, -0.528732901, -0.807961102, -0.259796814, 0, 3, 5, 1, 
972.09905, 66, 0.1, 0.1, -0.00369419281, 0.377886113, -0.0199734765, 0.972401157, -0.233315214, 2.12871669e-005, 0.233315215, 0.972401157, -3.3461969e-006, -1.99189471e-005, 8.22046566e-006, 1, 0.972401185, -0.233315099, -1.73364737e-006, 0.233315099, 0.972401185, -7.67465693e-006, 3.4764141e-006, 7.05835938e-006, 1, 0, 0, 0, 0, 0, 0, 0, 0.323563159, -0.156615771, -0.128833008, -0.509433137, 0.670238267, -0.539705019, -0.766479492, -0.068359375, 0.638549805, 0.391025629, 0.738966334, 0.548703447, 0, 0, -0, 0, 0, 0, 0, 0.37690708, -0.124719678, -0.100500439, -0.204296359, 0.410676083, -0.888448389, 0.823974609, -0.41784668, -0.382568359, -0.528522547, -0.810266266, -0.253067954, 0, 3, 5, 1, 
972.09975, 66, 0.1, 0.1, -0.00369419699, 0.37788611, -0.0199773072, 0.972400977, -0.233315965, 5.39680472e-006, 0.233315965, 0.972400977, 9.31725853e-006, -7.42172335e-006, -7.8009506e-006, 1, 0.972401016, -0.233315804, 2.08318924e-005, 0.233315804, 0.972401016, 2.16479111e-005, -2.53077531e-005, -1.6190041e-005, 1, 0, 0, 0, 0, 0, 0, 0, 0.323563159, -0.156615771, -0.128833008, -0.509433137, 0.670238267, -0.539705019, -0.766479492, -0.068359375, 0.638549805, 0.391025629, 0.738966334, 0.548703447, 0, 0, -0, 0, 0, 0, 0, 0.37690708, -0.124719678, -0.100500439, -0.204296359, 0.410676083, -0.888448389, 0.823974609, -0.41784668, -0.382568359, -0.528522547, -0.810266266, -0.253067954, 0, 3, 5, 1, 
972.100442, 66, 0.1, 0.1, -0.00369419024, 0.377886113, -0.0199786347, 0.972400803, -0.233316689, -3.31311094e-005, 0.233316688, 0.972400804, -8.39212653e-006, 3.41747406e-005, 4.30469848e-007, 0.999999999, 0.972400833, -0.233316562, -3.73972924e-005, 0.233316561, 0.972400834, -2.10388188e-005, 4.12738632e-005, 1.17327573e-005, 0.999999999, 0, 0, 0, 0, 0, 0, 0, 0.323563159, -0.156615771, -0.128833008, -0.509433137, 0.670238267, -0.539705019, -0.766479492, -0.068359375, 0.638549805, 0.391025629, 0.738966334, 0.548703447, 0, 0, -0, 0, 0, 0, 0, 0.37690708, -0.124719678, -0.100500439, -0.204296359, 0.410676083, -0.888448389, 0.823974609, -0.41784668, -0.382568359, -0.528522547, -0.810266266, -0.253067954, 0, 3, 5, 1, 
972.101258, 66, 0.1, 0.1, -0.00369419004, 0.377886109, -0.0199763237, 0.9724007, -0.233317119, 1.55786198e-005, 0.233317119, 0.9724007, 4.78902587e-006, -1.62660225e-005, -1.02209341e-006, 1, 0.972400719, -0.233317041, 1.34112741e-005, 0.23331704, 0.972400719, 2.80768108e-005, -1.9591931e-005, -2.41728322e-005, 1, 0, 0, 0, 0, 0, 0, 0, 0.323563159, -0.156615771, -0.128833008, -0.509433137, 0.670238267, -0.539705019, -0.766479492, -0.068359375, 0.638549805, 0.391025629, 0.738966334, 0.548703447, 0, 0, -0, 0, 0, 0, 0, 0.37690708, -0.124719678, -0.100500439, -0.204296359, 0.410676083, -0.888448389, 0.823974609, -0.41784668, -0.382568359, -0.528522547, -0.810266266, -0.253067954, 0, 3, 5, 1, 
972.101986, 66, 0.1, 0.1, -0.00369418793, 0.377886115, -0.0199710131, 0.9724007, -0.233317119, -9.32878013e-006, 0.233317119, 0.9724007, -1.02162853e-005, 1.14549466e-005, 7.75775885e-006, 1, 0.972400695, -0.233317139, -1.4593854e-005, 0.233317139, 0.972400695, -2.95546032e-005, 2.10866692e-005, 2.53339205e-005, 0.999999999, 0, 0, 0, 0, 0, 0, 0, 0.323753076, -0.156383008, -0.129449146, -0.510143437, 0.67044121, -0.538639008, -0.76550293, -0.0684814453, 0.639648438, 0.392003273, 0.738687007, 0.548411016, 0, 0, -0, 0, 0, 0, 0, 0.376941113, -0.124551367, -0.101777637, -0.207101355, 0.409985953, -0.888179699, 0.823120117, -0.417602539, -0.384643555, -0.528694621, -0.81070703, -0.250953088, 0, 3, 5, 1, 
972.102858, 66, 0.1, 0.1, -0.00369418737, 0.377886107, -0.0199629052, 0.972400714, -0.233317064, -4.45547328e-006, 0.233317064, 0.972400714, 9.00536197e-006, 2.23140079e-006, -9.79635835e-006, 1, 0.972400718, -0.233317047, -8.45273276e-006, 0.233317047, 0.972400717, 2.98774826e-005, 1.24851739e-006, -3.10250522e-005, 1, 0, 0, 0, 0, 0, 0, 0, 0.323753076, -0.156383008, -0.129449146, -0.510143437, 0.67044121, -0.538639008, -0.76550293, -0.0684814453, 0.639648438, 0.392003273, 0.738687007, 0.548411016, 0, 0, -0, 0, 0, 0, 0, 0.376941113, -0.124551367, -0.101777637, -0.207101355, 0.409985953, -0.888179699, 0.823120117, -0.417602539, -0.384643555, -0.528694621, -0.81070703, -0.250953088, 0, 3, 5, 1, 
972.103548, 66, 0.1, 0.1, -0.00369418844, 0.377886113, -0.0199580982, 0.972400707, -0.23331709, 8.77043776e-006, 0.23331709, 0.972400707, -1.07318807e-005, -6.0244487e-006, 1.24819814e-005, 1, 0.972400703, -0.233317108, 2.16663672e-006, 0.233317108, 0.972400702, -3.53482603e-005, 6.14051481e-006, 3.48781865e-005, 0.999999999, 0, 0, 0, 0, 0, 0, 0, 0.323753076, -0.156383008, -0.129449146, -0.510143437, 0.67044121, -0.538639008, -0.76550293, -0.0684814453, 0.639648438, 0.392003273, 0.738687007, 0.548411016, 0, 0, -0, 0, 0, 0, 0, 0.376941113, -0.124551367, -0.101777637, -0.207101355, 0.409985953, -0.888179699, 0.823120117, -0.417602539, -0.384643555, -0.528694621, -0.81070703, -0.250953088, 0, 3, 5, 1, 
972.104282, 66, 0.1, 0.1, -0.00369418504, 0.377886105, -0.0199565195, 0.972400661, -0.233317284, -4.85562828e-006, 0.233317284, 0.972400661, 1.9554219e-005, 1.59278879e-007, -2.01474375e-005, 1, 0.972400666, -0.233317262, -9.23490161e-006, 0.233317262, 0.972400665, 4.27369701e-005, -9.9124841e-007, -4.37121202e-005, 0.999999999, 0, 0, 0, 0, 0, 0, 0, 0.323536426, -0.156573657, -0.130081519, -0.510117228, 0.671107327, -0.53787142, -0.764648437, -0.0675048828, 0.640869141, 0.393729409, 0.738210729, 0.547795074, 0, 0, -0, 0, 0, 0, 0, 0.376983203, -0.124611182, -0.102829883, -0.20959975, 0.409148901, -0.88792377, 0.822021484, -0.41796875, -0.38659668, -0.529448184, -0.81091775, -0.24871682, 0, 3, 5, 1, 
972.104982, 66, 0.1, 0.1, -0.00369418671, 0.377886111, -0.019958958, 0.972400649, -0.233317334, 1.19373347e-005, 0.233317334, 0.972400649, -1.44182735e-005, -8.24383884e-006, 1.68055256e-005, 1, 0.972400645, -0.233317348, 5.24150181e-006, 0.233317348, 0.972400645, -3.70926801e-005, 3.557526e-006, 3.72918794e-005, 0.999999999, 0, 0, 0, 0, 0, 0, 0, 0.323536426, -0.156573657, -0.130081519, -0.510117228, 0.671107327, -0.53787142, -0.764648437, -0.0675048828, 0.640869141, 0.393729409, 0.738210729, 0.547795074, 0, 0, -0, 0, 0, 0, 0, 0.376983203, -0.124611182, -0.102829883, -0.20959975, 0.409148901, -0.88792377, 0.822021484, -0.41796875, -0.38659668, -0.529448184, -0.81091775, -0.24871682, 0, 3, 5, 1, 
972.105703, 66, 0.1, 0.1, -0.00369418469, 0.377886105, -0.0199644413, 0.972400611, -0.233317493, -7.88600755e-007, 0.233317493, 0.972400611, 1.21042752e-005, -2.05730329e-006, -1.1954199e-005, 1, 0.972400615, -0.233317473, -4.4428869e-006, 0.233317473, 0.972400615, 3.24750216e-005, -3.25672404e-006, -3.26153341e-005, 0.999999999, 0, 0, 0, 0, 0, 0, 0, 0.323536426, -0.156573657, -0.130081519, -0.510117228, 0.671107327, -0.53787142, -0.764648437, -0.0675048828, 0.640869141, 0.393729409, 0.738210729, 0.547795074, 0, 0, -0, 0, 0, 0, 0, 0.376983203, -0.124611182, -0.102829883, -0.20959975, 0.409148901, -0.88792377, 0.822021484, -0.41796875, -0.38659668, -0.529448184, -0.81091775, -0.24871682, 0, 3, 5, 1, 
972.106394, 66, 0.1, 0.1, -0.00369418572, 0.377886111, -0.0199707174, 0.972400578, -0.233317629, 2.54573628e-005, 0.233317629, 0.972400578, -1.37580973e-005, -2.15447476e-005, 1.93180333e-005, 1, 0.972400592, -0.233317571, 2.15041328e-005, 0.233317572, 0.972400591, -2.9428575e-005, -1.40444278e-005, 3.36336558e-005, 0.999999999, 0, 0, 0, 0, 0, 0, 0, 0.323536426, -0.156573657, -0.130081519, -0.510117228, 0.671107327, -0.53787142, -0.764648437, -0.0675048828, 0.640869141, 0.393729409, 0.738210729, 0.547795074, 0, 0, -0, 0, 0, 0, 0, 0.376983203, -0.124611182, -0.102829883, -0.20959975, 0.409148901, -0.88792377, 0.822021484, -0.41796875, -0.38659668, -0.529448184, -0.81091775, -0.24871682, 0, 3, 5, 1, 
972.107091, 66, 0.1, 0.1, -0.00369418377, 0.377886108, -0.0199763091, 0.972400446, -0.233318176, -2.01907098e-005, 0.233318176, 0.972400447, 1.94359462e-006, 1.91799793e-005, -6.60081187e-006, 1, 0.972400478, -0.233318044, -2.14067936e-005, 0.233318044, 0.972400478, 1.26635162e-005, 1.78613495e-005, -1.73086004e-005, 1, 0, 0, 0, 0, 0, 0, 0, 0.323536426, -0.156573657, -0.130081519, -0.510117228, 0.671107327, -0.53787142, -0.764648437, -0.0675048828, 0.640869141, 0.393729409, 0.738210729, 0.547795074, 0, 0, -0, 0, 0, 0, 0, 0.376983203, -0.124611182, -0.102829883, -0.20959975, 0.409148901, -0.88792377, 0.822021484, -0.41796875, -0.38659668, -0.529448184, -0.81091775, -0.24871682, 0, 3, 5, 1, 
972.107785, 66, 0.1, 0.1, -0.00369418645, 0.377886111, -0.0199795797, 0.972400242, -0.233319026, 3.49298064e-005, 0.233319026, 0.972400243, 4.66346841e-007, -3.40745598e-005, 7.69631264e-006, 0.999999999, 0.972400288, -0.233318834, 3.34458331e-005, 0.233318835, 0.972400289, -1.05929443e-005, -3.00512043e-005, 1.81041249e-005, 0.999999999, 0, 0, 0, 0, 0, 0, 0, 0.323536426, -0.156573657, -0.130081519, -0.510117228, 0.671107327, -0.53787142, -0.764648437, -0.0675048828, 0.640869141, 0.393729409, 0.738210729, 0.547795074, 0, 0, -0, 0, 0, 0, 0, 0.376983203, -0.124611182, -0.102829883, -0.20959975, 0.409148901, -0.88792377, 0.822021484, -0.41796875, -0.38659668, -0.529448184, -0.81091775, -0.24871682, 0, 3, 5, 1, 
972.108479, 66, 0.1, 0.1, -0.00369418564, 0.377886108, -0.0199797689, 0.972399971, -0.233320159, -2.96686202e-005, 0.233320159, 0.972399971, -3.89818934e-007, 2.8940718e-005, -6.54322725e-006, 1, 0.972400031, -0.233319906, -1.85967329e-005, 0.233319907, 0.972400031, 1.27978548e-005, 1.50974694e-005, -1.67836224e-005, 1, 0, 0, 0, 0, 0, 0, 0, 0.323536426, -0.156573657, -0.130081519, -0.510117228, 0.671107327, -0.53787142, -0.764648437, -0.0675048828, 0.640869141, 0.393729409, 0.738210729, 0.547795074, 0, 0, -0, 0, 0, 0, 0, 0.376983203, -0.124611182, -0.102829883, -0.20959975, 0.409148901, -0.88792377, 0.822021484, -0.41796875, -0.38659668, -0.529448184, -0.81091775, -0.24871682, 0, 3, 5, 1, 
972.109199, 66, 0.1, 0.1, -0.00369418172, 0.377886112, -0.0199766671, 0.972399627, -0.233321593, 1.24370908e-005, 0.233321593, 0.972399627, -1.98371442e-006, -1.16309791e-005, 4.83080501e-006, 1, 0.972399693, -0.233321316, -5.87383235e-006, 0.233321316, 0.972399693, -1.91412476e-005, 1.01777739e-005, 1.7242453e-005, 1, 0, 0, 0, 0, 0, 0, 0, 0.323982788, -0.156800317, -0.130316846, -0.510186498, 0.671024951, -0.538043284, -0.764038086, -0.06640625, 0.641723633, 0.394852708, 0.73847096, 0.546709967, 0, 0, -0, 0, 0, 0, 0, 0.37692998, -0.124714209, -0.103275635, -0.21030264, 0.407717602, -0.888479372, 0.821655273, -0.418701172, -0.38659668, -0.529767546, -0.811313671, -0.246934075, 0, 3, 5, 1, 
972.109892, 66, 0.1, 0.1, -0.00369418349, 0.377886108, -0.0199717878, 0.972399264, -0.233323104, -8.23682504e-006, 0.233323104, 0.972399264, 4.07249509e-006, 7.05927541e-006, -5.88193282e-006, 1, 0.972399335, -0.233322808, 8.00521869e-006, 0.233322808, 0.972399335, 2.40170574e-005, -1.33879966e-005, -2.14863705e-005, 1, 0, 0, 0, 0, 0, 0, 0, 0.323982788, -0.156800317, -0.130316846, -0.510186498, 0.671024951, -0.538043284, -0.764038086, -0.06640625, 0.641723633, 0.394852708, 0.73847096, 0.546709967, 0, 0, -0, 0, 0, 0, 0, 0.37692998, -0.124714209, -0.103275635, -0.21030264, 0.407717602, -0.888479372, 0.821655273, -0.418701172, -0.38659668, -0.529767546, -0.811313671, -0.246934075, 0, 3, 5, 1, 
972.110589, 66, 0.1, 0.1, -0.00369418302, 0.377886112, -0.0199665968, 0.972398866, -0.233324765, 1.67863296e-005, 0.233324765, 0.972398866, -2.51432382e-006, -1.57363538e-005, 6.36159203e-006, 1, 0.97239895, -0.233324415, 1.41279652e-005, 0.233324415, 0.972398949, -2.27919283e-005, -8.42010518e-006, 2.54592464e-005, 1, 0, 0, 0, 0, 0, 0, 0, 0.323982788, -0.156800317, -0.130316846, -0.510186498, 0.671024951, -0.538043284, -0.764038086, -0.06640625, 0.641723633, 0.394852708, 0.73847096, 0.546709967, 0, 0, -0, 0, 0, 0, 0, 0.37692998, -0.124714209, -0.103275635, -0.21030264, 0.407717602, -0.888479372, 0.821655273, -0.418701172, -0.38659668, -0.529767546, -0.811313671, -0.246934075, 0, 3, 5, 1, 
972.111279, 66, 0.1, 0.1, -0.00369418107, 0.377886107, -0.0199627173, 0.972398433, -0.233326569, -4.69419197e-006, 0.233326569, 0.972398433, 1.2862e-005, 1.56357858e-006, -1.36022684e-005, 1, 0.972398513, -0.233326236, -5.88479875e-006, 0.233326236, 0.972398512, 3.31923542e-005, -2.02227752e-006, -3.36492738e-005, 0.999999999, 0, 0, 0, 0, 0, 0, 0, 0.323982788, -0.156800317, -0.130316846, -0.510186498, 0.671024951, -0.538043284, -0.764038086, -0.06640625, 0.641723633, 0.394852708, 0.73847096, 0.546709967, 0, 0, -0, 0, 0, 0, 0, 0.37692998, -0.124714209, -0.103275635, -0.21030264, 0.407717602, -0.888479372, 0.821655273, -0.418701172, -0.38659668, -0.529767546, -0.811313671, -0.246934075, 0, 3, 5, 1, 
972.11197, 66, 0.1, 0.1, -0.00369418084, 0.377886112, -0.0199611841, 0.972398074, -0.233328065, -2.42793446e-006, 0.233328065, 0.972398074, -1.31854284e-005, 5.43744928e-006, 1.22549799e-005, 1, 0.972398135, -0.233327811, -6.65723851e-006, 0.23332781, 0.972398134, -3.4951274e-005, 1.46285906e-005, 3.24332348e-005, 0.999999999, 0, 0, 0, 0, 0, 0, 0, 0.323982788, -0.156800317, -0.130316846, -0.510186498, 0.671024951, -0.538043284, -0.764038086, -0.06640625, 0.641723633, 0.394852708, 0.73847096, 0.546709967, 0, 0, -0, 0, 0, 0, 0, 0.37692998, -0.124714209, -0.103275635, -0.21030264, 0.407717602, -0.888479372, 0.821655273, -0.418701172, -0.38659668, -0.529767546, -0.811313671, -0.246934075, 0, 3, 5, 1, 
972.112685, 66, 0.1, 0.1, -0.00369418022, 0.377886106, -0.0199623057, 0.972397773, -0.233329319, -2.61829271e-005, 0.23332932, 0.972397773, 5.97250336e-006, 2.40666598e-005, -1.19168935e-005, 1, 0.972397841, -0.233329034, -2.54408193e-006, 0.233329034, 0.972397841, 3.54057826e-005, -5.78733729e-006, -3.50221148e-005, 0.999999999, 0, 0, 0, 0, 0, 0, 0, 0.323982788, -0.156800317, -0.130316846, -0.510186498, 0.671024951, -0.538043284, -0.764038086, -0.06640625, 0.641723633, 0.394852708, 0.73847096, 0.546709967, 0, 0, -0, 0, 0, 0, 0, 0.37692998, -0.124714209, -0.103275635, -0.21030264, 0.407717602, -0.888479372, 0.821655273, -0.418701172, -0.38659668, -0.529767546, -0.811313671, -0.246934075, 0, 3, 5, 1, 
972.113378, 66, 0.1, 0.1, -0.00369417781, 0.377886113, -0.0199652331, 0.972397416, -0.233330807, 2.84432532e-005, 0.233330807, 0.972397416, -1.09341197e-005, -2.5106879e-005, 1.7268997e-005, 1, 0.972397489, -0.233330501, 3.01262667e-006, 0.233330501, 0.972397489, -3.55596867e-005, 5.36768892e-006, 3.52810878e-005, 0.999999999, 0, 0, 0, 0, 0, 0, 0, 0.323982788, -0.156800317, -0.130316846, -0.510186498, 0.671024951, -0.538043284, -0.764038086, -0.06640625, 0.641723633, 0.394852708, 0.73847096, 0.546709967, 0, 0, -0, 0, 0, 0, 0, 0.37692998, -0.124714209, -0.103275635, -0.21030264, 0.407717602, -0.888479372, 0.821655273, -0.418701172, -0.38659668, -0.529767546, -0.811313671, -0.246934075, 0, 3, 5, 1, 
972.1141, 66, 0.1, 0.1, -0.00369418338, 0.377886106, -0.0199691343, 0.972396978, -0.233332632, 4.06149703e-006, 0.233332632, 0.972396978, 2.03913184e-005, -8.70734744e-006, -1.88807766e-005, 1, 0.972397061, -0.233332284, 2.38071227e-005, 0.233332283, 0.972397061, 3.94412284e-005, -3.2352888e-005, -3.27975643e-005, 0.999999999, 0, 0, 0, 0, 0, 0, 0, 0.323584766, -0.157426587, -0.130964722, -0.509429771, 0.671913106, -0.537529935, -0.762939453, -0.0637207031, 0.643310547, 0.398069837, 0.737835922, 0.545269149, 0, 0, -0, 0, 0, 0, 0, 0.376622754, -0.12542666, -0.103697949, -0.210775853, 0.406752952, -0.88884321, 0.819824219, -0.421508789, -0.387329102, -0.532272137, -0.810310376, -0.244640204, 0, 3, 5, 1, 
972.114788, 66, 0.1, 0.1, -0.00369417462, 0.377886111, -0.019972783, 0.972396591, -0.233334241, -4.52861383e-005, 0.23333424, 0.972396592, -1.82575551e-005, 4.82961993e-005, 7.18677766e-006, 0.999999999, 0.972396661, -0.233333947, -5.08976906e-005, 0.233333946, 0.972396662, -3.15753874e-005, 5.68603542e-005, 1.88276423e-005, 0.999999998, 0, 0, 0, 0, 0, 0, 0, 0.323584766, -0.157426587, -0.130964722, -0.509429771, 0.671913106, -0.537529935, -0.762939453, -0.0637207031, 0.643310547, 0.398069837, 0.737835922, 0.545269149, 0, 0, -0, 0, 0, 0, 0, 0.376622754, -0.12542666, -0.103697949, -0.210775853, 0.406752952, -0.88884321, 0.819824219, -0.421508789, -0.387329102, -0.532272137, -0.810310376, -0.244640204, 0, 3, 5, 1, 
972.115478, 66, 0.1, 0.1, -0.00369417691, 0.377886107, -0.0199753977, 0.972396334, -0.233335311, 5.71687512e-005, 0.23333531, 0.972396335, 1.98362351e-005, -6.02191782e-005, -5.94919404e-006, 0.999999998, 0.972396369, -0.233335164, 4.21765232e-005, 0.233335163, 0.97239637, 2.9218538e-005, -4.78300104e-005, -1.85707343e-005, 0.999999999, 0, 0, 0, 0, 0, 0, 0, 0.323584766, -0.157426587, -0.130964722, -0.509429771, 0.671913106, -0.537529935, -0.762939453, -0.0637207031, 0.643310547, 0.398069837, 0.737835922, 0.545269149, 0, 0, -0, 0, 0, 0, 0, 0.376622754, -0.12542666, -0.103697949, -0.210775853, 0.406752952, -0.88884321, 0.819824219, -0.421508789, -0.387329102, -0.532272137, -0.810310376, -0.244640204, 0, 3, 5, 1, 
972.116183, 66, 0.1, 0.1, -0.00369418439, 0.377886109, -0.0199762458, 0.972396231, -0.233335744, -2.32588721e-006, 0.233335744, 0.972396231, -1.39337941e-005, 5.51293618e-006, 1.30064563e-005, 1, 0.972396244, -0.233335691, 2.97430795e-005, 0.233335692, 0.972396244, -1.91235312e-005, -2.44598564e-005, 2.5535772e-005, 0.999999999, 0, 0, 0, 0, 0, 0, 0, 0.323584766, -0.157426587, -0.130964722, -0.508139478, 0.673143868, -0.537112067, -0.761474609, -0.0599365234, 0.645385742, 0.402314784, 0.737023029, 0.543225495, 0, 0, -0, 0, 0, 0, 0, 0.376622754, -0.12542666, -0.103697949, -0.210775853, 0.406752952, -0.88884321, 0.819824219, -0.421508789, -0.387329102, -0.532272137, -0.810310376, -0.244640204, 0, 3, 5, 1, 
972.11689, 66, 0.1, 0.1, -0.00369417726, 0.377886108, -0.0199748683, 0.972396226, -0.233335767, -1.67048155e-005, 0.233335767, 0.972396226, -8.53599496e-007, 1.64428748e-005, -3.067794e-006, 1, 0.972396225, -0.233335766, -3.42031469e-005, 0.233335767, 0.972396226, 7.72366909e-006, 3.14568027e-005, -1.54912842e-005, 0.999999999, 0, 0, 0, 0, 0, 0, 0, 0.322993896, -0.158482373, -0.131619312, -0.508139478, 0.673143868, -0.537112067, -0.761474609, -0.0599365234, 0.645385742, 0.402314784, 0.737023029, 0.543225495, 0, 0, -0, 0, 0, 0, 0, 0.376103271, -0.127003516, -0.104338379, -0.210597582, 0.405941787, -0.889245328, 0.817260742, -0.426025391, -0.387939453, -0.53630391, -0.808431749, -0.241982129, 0, 3, 5, 1, 
972.11758, 66, 0.1, 0.1, -0.00369418068, 0.377886111, -0.0199721529, 0.972396221, -0.233335789, 1.05318095e-005, 0.233335789, 0.972396221, -3.39499418e-006, -9.44891808e-006, 5.75872757e-006, 1, 0.972396223, -0.233335777, 2.6192259e-005, 0.233335778, 0.972396223, -1.58123826e-005, -2.17796592e-005, 2.14874922e-005, 1, 0, 0, 0, 0, 0, 0, 0, 0.322993896, -0.158482373, -0.131619312, -0.508139478, 0.673143868, -0.537112067, -0.761474609, -0.0599365234, 0.645385742, 0.402314784, 0.737023029, 0.543225495, 0, 0, -0, 0, 0, 0, 0, 0.376103271, -0.127003516, -0.104338379, -0.210597582, 0.405941787, -0.889245328, 0.817260742, -0.426025391, -0.387939453, -0.53630391, -0.808431749, -0.241982129, 0, 3, 5, 1, 
972.118414, 66, 0.1, 0.1, -0.00369417237, 0.377886104, -0.0199665628, 0.972396207, -0.233335844, -1.00850851e-005, 0.233335844, 0.972396207, 1.58577764e-005, 6.10651084e-006, -1.77732534e-005, 1, 0.972396209, -0.233335836, -3.29945068e-005, 0.233335837, 0.972396209, 3.06807419e-005, 2.49248168e-005, -3.75326379e-005, 0.999999999, 0, 0, 0, 0, 0, 0, 0, 0.322993896, -0.158482373, -0.131619312, -0.508139478, 0.673143868, -0.537112067, -0.761474609, -0.0599365234, 0.645385742, 0.402314784, 0.737023029, 0.543225495, 0, 0, -0, 0, 0, 0, 0, 0.376103271, -0.127003516, -0.104338379, -0.210597582, 0.405941787, -0.889245328, 0.817260742, -0.426025391, -0.387939453, -0.53630391, -0.808431749, -0.241982129, 0, 3, 5, 1, 
972.119107, 66, 0.1, 0.1, -0.00369417914, 0.377886108, -0.0199628855, 0.972396202, -0.233335864, 1.95057635e-005, 0.233335864, 0.972396202, -1.38304768e-005, -1.57401841e-005, 1.80000973e-005, 1, 0.972396201, -0.233335867, 4.30014181e-005, 0.233335868, 0.972396201, -2.45997408e-005, -3.60744137e-005, 3.39544677e-005, 0.999999999, 0, 0, 0, 0, 0, 0, 0, 0.322993896, -0.158482373, -0.131619312, -0.508139478, 0.673143868, -0.537112067, -0.761474609, -0.0599365234, 0.645385742, 0.402314784, 0.737023029, 0.543225495, 0, 0, -0, 0, 0, 0, 0, 0.376103271, -0.127003516, -0.104338379, -0.210597582, 0.405941787, -0.889245328, 0.817260742, -0.426025391, -0.387939453, -0.53630391, -0.808431749, -0.241982129, 0, 3, 5, 1, 
972.119799, 66, 0.1, 0.1, -0.00369417287, 0.377886106, -0.0199614565, 0.972396205, -0.233335852, -9.26275673e-006, 0.233335852, 0.972396205, -4.93964532e-006, 1.01596658e-005, 2.64195914e-006, 1, 0.972396205, -0.233335852, -3.35400807e-005, 0.233335852, 0.972396205, 1.02244804e-005, 3.02285094e-005, -1.77683492e-005, 0.999999999, 0, 0, 0, 0, 0, 0, 0, 0.322993896, -0.158482373, -0.131619312, -0.508139478, 0.673143868, -0.537112067, -0.761474609, -0.0599365234, 0.645385742, 0.402314784, 0.737023029, 0.543225495, 0, 0, -0, 0, 0, 0, 0, 0.376103271, -0.127003516, -0.104338379, -0.210597582, 0.405941787, -0.889245328, 0.817260742, -0.426025391, -0.387939453, -0.53630391, -0.808431749, -0.241982129, 0, 3, 5, 1, 
972.12049, 66, 0.1, 0.1, -0.00369417823, 0.377886105, -0.0199625843, 0.972396123, -0.233336195, 1.53514829e-005, 0.233336195, 0.972396123, 6.92936587e-006, -1.65445943e-005, -3.1560319e-006, 1, 0.972396144, -0.233336104, 3.24152003e-005, 0.233336103, 0.972396145, 1.95060634e-005, -3.60718846e-005, -1.14039843e-005, 0.999999999, 0, 0, 0, 0, 0, 0, 0, 0.322993896, -0.158482373, -0.131619312, -0.508139478, 0.673143868, -0.537112067, -0.761474609, -0.0599365234, 0.645385742, 0.402314784, 0.737023029, 0.543225495, 0, 0, -0, 0, 0, 0, 0, 0.376103271, -0.127003516, -0.104338379, -0.210597582, 0.405941787, -0.889245328, 0.817260742, -0.426025391, -0.387939453, -0.53630391, -0.808431749, -0.241982129, 0, 3, 5, 1, 
972.1212, 66, 0.1, 0.1, -0.00369417257, 0.377886108, -0.0199657032, 0.972396027, -0.233336594, -2.03944691e-005, 0.233336595, 0.972396027, 1.43771826e-005, 1.64767779e-005, -1.87390912e-005, 1, 0.97239604, -0.233336537, -3.11646774e-005, 0.233336537, 0.972396041, -1.26528189e-005, 3.32567739e-005, 5.03169307e-006, 0.999999999, 0, 0, 0, 0, 0, 0, 0, 0.322732959, -0.159600659, -0.130460645, -0.504622805, 0.673080589, -0.540527269, -0.762817383, -0.0545654297, 0.644287109, 0.404229636, 0.737403827, 0.541170979, 0, 0, -0, 0, 0, 0, 0, 0.376103271, -0.127003516, -0.104338379, -0.210597582, 0.405941787, -0.889245328, 0.817260742, -0.426025391, -0.387939453, -0.53630391, -0.808431749, -0.241982129, 0, 3, 5, 1, 
972.121908, 66, 0.1, 0.1, -0.00369417563, 0.377886104, -0.0199695376, 0.97239604, -0.233336543, 1.65496035e-005, 0.233336543, 0.972396039, -1.79146974e-005, -1.19126154e-005, 2.12818081e-005, 1, 0.972396031, -0.233336577, 2.52970467e-005, 0.233336577, 0.972396031, 1.1985698e-005, -2.73954495e-005, -5.75211885e-006, 1, 0, 0, 0, 0, 0, 0, 0, 0.322732959, -0.159600659, -0.130460645, -0.504622805, 0.673080589, -0.540527269, -0.762817383, -0.0545654297, 0.644287109, 0.404229636, 0.737403827, 0.541170979, 0, 0, -0, 0, 0, 0, 0, 0.375872852, -0.128466748, -0.103099512, -0.206342696, 0.403565161, -0.891244989, 0.81628418, -0.431152344, -0.384277344, -0.539416242, -0.806840402, -0.240473904, 0, 3, 5, 1, 
972.122601, 66, 0.1, 0.1, -0.00369417216, 0.377886111, -0.0199731048, 0.972396141, -0.23333612, -1.30303789e-005, 0.23333612, 0.972396141, -1.00389776e-005, 1.50131462e-005, 6.72140504e-006, 1, 0.972396118, -0.233336216, -2.03207056e-005, 0.233336215, 0.972396118, -3.28038311e-005, 2.74140971e-005, 2.71567615e-005, 0.999999999, 0, 0, 0, 0, 0, 0, 0, 0.322732959, -0.159600659, -0.130460645, -0.504622805, 0.673080589, -0.540527269, -0.762817383, -0.0545654297, 0.644287109, 0.404229636, 0.737403827, 0.541170979, 0, 0, -0, 0, 0, 0, 0, 0.375872852, -0.128466748, -0.103099512, -0.206342696, 0.403565161, -0.891244989, 0.81628418, -0.431152344, -0.384277344, -0.539416242, -0.806840402, -0.240473904, 0, 3, 5, 1, 
972.123289, 66, 0.1, 0.1, -0.00369417244, 0.377886103, -0.0199755036, 0.972396245, -0.233335688, -2.32367401e-006, 0.233335688, 0.972396244, 4.13280425e-005, -7.38377535e-006, -4.07294294e-005, 0.999999999, 0.972396227, -0.233335763, 6.11706608e-006, 0.233335763, 0.972396225, 5.18842273e-005, -1.80546577e-005, -4.90246965e-005, 0.999999999, 0, 0, 0, 0, 0, 0, 0, 0.322732959, -0.159600659, -0.130460645, -0.504622805, 0.673080589, -0.540527269, -0.762817383, -0.0545654297, 0.644287109, 0.404229636, 0.737403827, 0.541170979, 0, 0, -0, 0, 0, 0, 0, 0.375872852, -0.128466748, -0.103099512, -0.206342696, 0.403565161, -0.891244989, 0.81628418, -0.431152344, -0.384277344, -0.539416242, -0.806840402, -0.240473904, 0, 3, 5, 1, 
972.123984, 66, 0.1, 0.1, -0.0036941702, 0.377886108, -0.0199761108, 0.972396262, -0.233335617, 1.13996324e-005, 0.233335618, 0.97239626, -5.8652021e-005, 2.6006456e-006, 5.96929463e-005, 0.999999998, 0.972396271, -0.23333558, -3.41432063e-006, 0.23333558, 0.972396269, -5.09628842e-005, 1.52115268e-005, 4.8759436e-005, 0.999999999, 0, 0, 0, 0, 0, 0, 0, 0.322732959, -0.159600659, -0.130460645, -0.504622805, 0.673080589, -0.540527269, -0.762817383, -0.0545654297, 0.644287109, 0.404229636, 0.737403827, 0.541170979, 0, 0, -0, 0, 0, 0, 0, 0.375872852, -0.128466748, -0.103099512, -0.206342696, 0.403565161, -0.891244989, 0.81628418, -0.431152344, -0.384277344, -0.539416242, -0.806840402, -0.240473904, 0, 3, 5, 1, 
972.124674, 66, 0.1, 0.1, -0.00369417556, 0.377886113, -0.0199748999, 0.972396157, -0.233336053, 1.10134877e-005, 0.233336053, 0.972396157, 1.45143079e-005, -1.40961844e-005, -1.15438134e-005, 1, 0.972396185, -0.233335936, 3.02328094e-005, 0.233335937, 0.972396185, -1.11573627e-005, -2.67948548e-005, 1.79037778e-005, 0.999999999, 0, 0, 0, 0, 0, 0, 0, 0.322732959, -0.159600659, -0.130460645, -0.504622805, 0.673080589, -0.540527269, -0.762817383, -0.0545654297, 0.644287109, 0.404229636, 0.737403827, 0.541170979, 0, 0, -0, 0, 0, 0, 0, 0.375872852, -0.128466748, -0.103099512, -0.206342696, 0.403565161, -0.891244989, 0.81628418, -0.431152344, -0.384277344, -0.539416242, -0.806840402, -0.240473904, 0, 3, 5, 1, 
972.125363, 66, 0.1, 0.1, -0.00369417088, 0.377886107, -0.019972336, 0.97239598, -0.233336791, -7.42115915e-006, 0.233336791, 0.97239598, 1.9144709e-005, 2.74914035e-006, -2.03478676e-005, 1, 0.972396014, -0.233336647, -2.40978811e-005, 0.233336647, 0.972396014, 3.21489538e-005, 1.59311545e-005, -3.68844334e-005, 0.999999999, 0, 0, 0, 0, 0, 0, 0, 0.322732959, -0.159600659, -0.130460645, -0.504622805, 0.673080589, -0.540527269, -0.762817383, -0.0545654297, 0.644287109, 0.404229636, 0.737403827, 0.541170979, 0, 0, -0, 0, 0, 0, 0, 0.375872852, -0.128466748, -0.103099512, -0.206342696, 0.403565161, -0.891244989, 0.81628418, -0.431152344, -0.384277344, -0.539416242, -0.806840402, -0.240473904, 0, 3, 5, 1, 
972.126083, 66, 0.1, 0.1, -0.00369417522, 0.37788611, -0.0199689923, 0.972395819, -0.233337463, 4.31920488e-006, 0.233337464, 0.972395819, -6.73272515e-006, -2.62897975e-006, 7.5547061e-006, 1, 0.972395849, -0.233337337, 2.70541804e-005, 0.233337338, 0.972395849, -1.67485385e-005, -2.23993133e-005, 2.25989598e-005, 0.999999999, 0, 0, 0, 0, 0, 0, 0, 0.323064111, -0.160334961, -0.129095093, -0.5024466, 0.671723268, -0.544310164, -0.764892578, -0.0517578125, 0.642089844, 0.403143408, 0.738978317, 0.539916251, 0, 0, -0, 0, 0, 0, 0, 0.375872852, -0.128466748, -0.103099512, -0.202700648, 0.400664283, -0.893410895, 0.817504883, -0.432983398, -0.379638672, -0.539033447, -0.80726804, -0.239719608, 0, 3, 5, 1, 
972.126779, 66, 0.1, 0.1, -0.00369416738, 0.377886107, -0.0199659203, 0.972395692, -0.233337992, -1.82108308e-005, 0.233337992, 0.972395692, -9.42825178e-007, 1.79281304e-005, -3.33247956e-006, 1, 0.972395715, -0.233337891, -4.04640818e-005, 0.233337892, 0.972395716, 1.25912531e-005, 3.64090833e-005, -2.16854841e-005, 0.999999999, 0, 0, 0, 0, 0, 0, 0, 0.323064111, -0.160334961, -0.129095093, -0.5024466, 0.671723268, -0.544310164, -0.764892578, -0.0517578125, 0.642089844, 0.403143408, 0.738978317, 0.539916251, 0, 0, -0, 0, 0, 0, 0, 0.376121875, -0.129337402, -0.101441016, -0.202700648, 0.400664283, -0.893410895, 0.817504883, -0.432983398, -0.379638672, -0.539033447, -0.80726804, -0.239719608, 0, 3, 5, 1, 
972.12747, 66, 0.1, 0.1, -0.00369417282, 0.377886113, -0.0199641964, 0.972395576, -0.233338476, 1.69460977e-005, 0.233338476, 0.972395576, -1.36560399e-005, -1.32918308e-005, 1.72332494e-005, 1, 0.972395599, -0.233338378, 3.71159176e-005, 0.233338379, 0.972395599, -2.91900878e-005, -2.92801872e-005, 3.70448809e-005, 0.999999999, 0, 0, 0, 0, 0, 0, 0, 0.323064111, -0.160334961, -0.129095093, -0.5024466, 0.671723268, -0.544310164, -0.764892578, -0.0517578125, 0.642089844, 0.403143408, 0.738978317, 0.539916251, 0, 0, -0, 0, 0, 0, 0, 0.376121875, -0.129337402, -0.101441016, -0.202700648, 0.400664283, -0.893410895, 0.817504883, -0.432983398, -0.379638672, -0.539033447, -0.80726804, -0.239719608, 0, 3, 5, 1, 
972.128174, 66, 0.1, 0.1, -0.00369416676, 0.377886108, -0.0199640746, 0.972395466, -0.233338934, -9.05748236e-006, 0.233338934, 0.972395466, 1.25256634e-005, 5.88472984e-006, -1.42933616e-005, 1, 0.972395485, -0.233338851, -3.14805193e-005, 0.233338852, 0.972395485, 2.58065378e-005, 2.45898469e-005, -3.24397891e-005, 0.999999999, 0, 0, 0, 0, 0, 0, 0, 0.323064111, -0.160334961, -0.129095093, -0.5024466, 0.671723268, -0.544310164, -0.764892578, -0.0517578125, 0.642089844, 0.403143408, 0.738978317, 0.539916251, 0, 0, -0, 0, 0, 0, 0, 0.376121875, -0.129337402, -0.101441016, -0.202700648, 0.400664283, -0.893410895, 0.817504883, -0.432983398, -0.379638672, -0.539033447, -0.80726804, -0.239719608, 0, 3, 5, 1, 
972.128878, 66, 0.1, 0.1, -0.00369417394, 0.377886112, -0.019965546, 0.972395376, -0.233339308, 2.24474269e-005, 0.233339308, 0.972395376, -1.26820744e-005, -1.88685477e-005, 1.75698576e-005, 1, 0.972395391, -0.233339243, 4.40637594e-005, 0.233339244, 0.972395391, -2.33451537e-005, -3.74000561e-005, 3.29825241e-005, 0.999999999, 0, 0, 0, 0, 0, 0, 0, 0.323064111, -0.160334961, -0.129095093, -0.5024466, 0.671723268, -0.544310164, -0.764892578, -0.0517578125, 0.642089844, 0.403143408, 0.738978317, 0.539916251, 0, 0, -0, 0, 0, 0, 0, 0.376792969, -0.129575195, -0.0999991699, -0.199793206, 0.397488518, -0.895442639, 0.819213867, -0.43359375, -0.375244141, -0.537500435, -0.808583768, -0.239073954, 0, 3, 5, 1, 
972.129569, 66, 0.1, 0.1, -0.00369416823, 0.37788611, -0.0199680672, 0.972395303, -0.233339613, -1.42410358e-005, 0.233339613, 0.972395303, 1.11744917e-006, 1.35871712e-005, -4.4096001e-006, 1, 0.972395317, -0.233339553, -3.25410926e-005, 0.233339553, 0.972395317, 1.2757983e-005, 2.8665864e-005, -1.99989269e-005, 0.999999999, 0, 0, 0, 0, 0, 0, 0, 0.323064111, -0.160334961, -0.129095093, -0.5024466, 0.671723268, -0.544310164, -0.764892578, -0.0517578125, 0.642089844, 0.403143408, 0.738978317, 0.539916251, 0, 0, -0, 0, 0, 0, 0, 0.376792969, -0.129575195, -0.0999991699, -0.199793206, 0.397488518, -0.895442639, 0.819213867, -0.43359375, -0.375244141, -0.537500435, -0.808583768, -0.239073954, 0, 3, 5, 1, 
972.130261, 66, 0.1, 0.1, -0.00369417307, 0.377886115, -0.0199709426, 0.972395233, -0.233339904, 1.62977378e-005, 0.233339904, 0.972395233, -1.25300548e-005, -1.29240807e-005, 1.59870781e-005, 1, 0.972395247, -0.233339845, 3.28846923e-005, 0.233339845, 0.972395247, -2.49573473e-005, -2.61533749e-005, 3.19417149e-005, 0.999999999, 0, 0, 0, 0, 0, 0, 0, 0.323064111, -0.160334961, -0.129095093, -0.5024466, 0.671723268, -0.544310164, -0.764892578, -0.0517578125, 0.642089844, 0.403143408, 0.738978317, 0.539916251, 0, 0, -0, 0, 0, 0, 0, 0.376792969, -0.129575195, -0.0999991699, -0.199793206, 0.397488518, -0.895442639, 0.819213867, -0.43359375, -0.375244141, -0.537500435, -0.808583768, -0.239073954, 0, 3, 5, 1, 
972.130973, 66, 0.1, 0.1, -0.00369416851, 0.377886111, -0.0199732642, 0.972395168, -0.233340177, -7.19890001e-006, 0.233340177, 0.972395167, 1.08387979e-005, 4.47104855e-006, -1.22193873e-005, 1, 0.97239518, -0.233340125, -2.43577683e-005, 0.233340125, 0.97239518, 2.06403947e-005, 1.88691442e-005, -2.5754265e-005, 0.999999999, 0, 0, 0, 0, 0, 0, 0, 0.323064111, -0.160334961, -0.129095093, -0.501705221, 0.669579264, -0.547572598, -0.766479492, -0.05078125, 0.640258789, 0.40080133, 0.741048181, 0.538826275, 0, 0, -0, 0, 0, 0, 0, 0.376792969, -0.129575195, -0.0999991699, -0.199793206, 0.397488518, -0.895442639, 0.819213867, -0.43359375, -0.375244141, -0.537500435, -0.808583768, -0.239073954, 0, 3, 5, 1, 
972.131663, 66, 0.1, 0.1, -0.00369417284, 0.377886113, -0.0199742218, 0.972395117, -0.233340387, 1.1366041e-005, 0.233340388, 0.972395117, -3.34906422e-006, -1.02708109e-005, 5.90877011e-006, 1, 0.972395126, -0.23334035, 2.82706691e-005, 0.23334035, 0.972395126, -1.21390561e-005, -2.46577292e-005, 1.84006468e-005, 1, 0, 0, 0, 0, 0, 0, 0, 0.3237646, -0.160438232, -0.127925684, -0.501705221, 0.669579264, -0.547572598, -0.766479492, -0.05078125, 0.640258789, 0.40080133, 0.741048181, 0.538826275, 0, 0, -0, 0, 0, 0, 0, 0.376792969, -0.129575195, -0.0999991699, -0.199793206, 0.397488518, -0.895442639, 0.819213867, -0.43359375, -0.375244141, -0.537500435, -0.808583768, -0.239073954, 0, 3, 5, 1, 
972.132352, 66, 0.1, 0.1, -0.00369416735, 0.377886111, -0.019973864, 0.972395073, -0.233340571, -1.47436535e-005, 0.233340572, 0.972395073, 4.18650449e-006, 1.33597747e-005, -7.51122887e-006, 1, 0.972395082, -0.233340533, -3.005989e-005, 0.233340533, 0.972395082, 1.45743372e-005, 2.58293056e-005, -2.11862045e-005, 0.999999999, 0, 0, 0, 0, 0, 0, 0, 0.3237646, -0.160438232, -0.127925684, -0.501705221, 0.669579264, -0.547572598, -0.766479492, -0.05078125, 0.640258789, 0.40080133, 0.741048181, 0.538826275, 0, 0, -0, 0, 0, 0, 0, 0.376792969, -0.129575195, -0.0999991699, -0.199793206, 0.397488518, -0.895442639, 0.819213867, -0.43359375, -0.375244141, -0.537500435, -0.808583768, -0.239073954, 0, 3, 5, 1, 
972.133042, 66, 0.1, 0.1, -0.00369417026, 0.377886114, -0.0199723685, 0.972395029, -0.233340755, 4.24507561e-006, 0.233340755, 0.972395029, -6.46267006e-006, -2.61988611e-006, 7.27481739e-006, 1, 0.972395037, -0.233340718, 2.11911711e-005, 0.233340719, 0.972395037, -1.80061789e-005, -1.64046149e-005, 2.24538821e-005, 1, 0, 0, 0, 0, 0, 0, 0, 0.3237646, -0.160438232, -0.127925684, -0.501705221, 0.669579264, -0.547572598, -0.766479492, -0.05078125, 0.640258789, 0.40080133, 0.741048181, 0.538826275, 0, 0, -0, 0, 0, 0, 0, 0.376792969, -0.129575195, -0.0999991699, -0.199793206, 0.397488518, -0.895442639, 0.819213867, -0.43359375, -0.375244141, -0.537500435, -0.808583768, -0.239073954, 0, 3, 5, 1, 
972.133763, 66, 0.1, 0.1, -0.0036941637, 0.37788611, -0.0199699348, 0.972394989, -0.233340919, -1.19007305e-005, 0.233340919, 0.972394989, 1.07058657e-005, 9.0740942e-006, -1.31872576e-005, 1, 0.972394996, -0.233340892, -3.14110884e-005, 0.233340892, 0.972394996, 2.19855385e-005, 2.541386e-005, -2.8708119e-005, 0.999999999, 0, 0, 0, 0, 0, 0, 0, 0.323976978, -0.16021499, -0.127920923, -0.50192726, 0.669579264, -0.547471126, -0.766235352, -0.05078125, 0.640380859, 0.400960089, 0.741048181, 0.538686612, 0, 0, -0, 0, 0, 0, 0, 0.376715088, -0.12967334, -0.10043833, -0.201045502, 0.39620414, -0.89586408, 0.819091797, -0.43359375, -0.375488281, -0.537263829, -0.809209732, -0.237399851, 0, 3, 5, 1, 
972.134564, 66, 0.1, 0.1, -0.00369416754, 0.377886112, -0.0199667041, 0.972394959, -0.233341046, -6.27603142e-006, 0.233341046, 0.972394959, 2.95604117e-006, 5.41301557e-006, -4.33889527e-006, 1, 0.972394966, -0.233341015, 3.11126759e-005, 0.233341015, 0.972394966, -1.70204143e-005, -2.62822487e-005, 2.38104286e-005, 0.999999999, 0, 0, 0, 0, 0, 0, 0, 0.323976978, -0.16021499, -0.127920923, -0.50192726, 0.669579264, -0.547471126, -0.766235352, -0.05078125, 0.640380859, 0.400960089, 0.741048181, 0.538686612, 0, 0, -0, 0, 0, 0, 0, 0.376715088, -0.12967334, -0.10043833, -0.201045502, 0.39620414, -0.89586408, 0.819091797, -0.43359375, -0.375488281, -0.537263829, -0.809209732, -0.237399851, 0, 3, 5, 1, 
972.135314, 66, 0.1, 0.1, -0.00369416836, 0.377886114, -0.0199631939, 0.972394933, -0.233341153, 1.32717368e-005, 0.233341154, 0.972394933, -1.34413277e-005, -9.76895468e-006, 1.61671213e-005, 1, 0.972394938, -0.233341134, 2.23170312e-005, 0.233341135, 0.972394938, -1.90011981e-005, -1.7267207e-005, 2.36841502e-005, 1, 0, 0, 0, 0, 0, 0, 0, 0.323976978, -0.16021499, -0.127920923, -0.50192726, 0.669579264, -0.547471126, -0.766235352, -0.05078125, 0.640380859, 0.400960089, 0.741048181, 0.538686612, 0, 0, -0, 0, 0, 0, 0, 0.376715088, -0.12967334, -0.10043833, -0.201045502, 0.39620414, -0.89586408, 0.819091797, -0.43359375, -0.375488281, -0.537263829, -0.809209732, -0.237399851, 0, 3, 5, 1, 
972.136015, 66, 0.1, 0.1, -0.00369416735, 0.377886115, -0.0199617458, 0.972394913, -0.233341239, 1.65904803e-005, 0.233341239, 0.972394913, -1.17175155e-005, -1.33983191e-005, 1.52652957e-005, 1, 0.972394916, -0.233341223, 1.06229977e-005, 0.233341223, 0.972394916, -9.17640386e-006, -8.18851564e-006, 1.14018717e-005, 1, 0, 0, 0, 0, 0, 0, 0, 0.323976978, -0.16021499, -0.127920923, -0.50192726, 0.669579264, -0.547471126, -0.766235352, -0.05078125, 0.640380859, 0.400960089, 0.741048181, 0.538686612, 0, 0, -0, 0, 0, 0, 0, 0.376715088, -0.12967334, -0.10043833, -0.201045502, 0.39620414, -0.89586408, 0.819091797, -0.43359375, -0.375488281, -0.537263829, -0.809209732, -0.237399851, 0, 3, 5, 1, 
972.13671, 66, 0.1, 0.1, -0.00369416539, 0.377886113, -0.019962704, 0.972394893, -0.233341322, 6.09370792e-006, 0.233341322, 0.972394893, -3.39538425e-007, -5.84626212e-006, 1.75207929e-006, 1, 0.972394896, -0.233341307, -1.46410941e-005, 0.233341307, 0.972394896, 1.20453377e-005, 1.14262503e-005, -1.51291969e-005, 1, 0, 0, 0, 0, 0, 0, 0, 0.323976978, -0.16021499, -0.127920923, -0.50192726, 0.669579264, -0.547471126, -0.766235352, -0.05078125, 0.640380859, 0.400960089, 0.741048181, 0.538686612, 0, 0, -0, 0, 0, 0, 0, 0.376715088, -0.12967334, -0.10043833, -0.201045502, 0.39620414, -0.89586408, 0.819091797, -0.43359375, -0.375488281, -0.537263829, -0.809209732, -0.237399851, 0, 3, 5, 1, 
