time, trialNum, realDorsalTactorPos, realVentralTactorPos, boxPosX, boxPosY, boxPosZ, boxLocalRot_11, boxLocalRot_12, boxLocalRot_13, boxLocalRot_21, boxLocalRot_22, boxLocalRot_23, boxLocalRot_31, boxLocalRot_32, boxLocalRot_33, boxGlobalRot_11, boxGlobalRot_12, boxGlobalRot_13, boxGlobalRot_21, boxGlobalRot_22, boxGlobalRot_23, boxGlobalRot_31, boxGlobalRot_32, boxGlobalRot_33, indexForceX, indexForceY, indexForceZ, indexForceGlobalX, indexForceGlobalY, indexForceGlobalZ, indexContact, indexPosX, indexPosY, indexPosZ, indexRot_11, indexRot_12, indexRot_13, indexRot_21, indexRot_22, indexRot_23, indexRot_31, indexRot_32, indexRot_33, thumbForceX, thumbForceY, thumbForceZ, thumbForceGlobalX, thumbForceGlobalY, thumbForceGlobalZ, thumbContact, thumbPosX, thumbPosY, thumbPosZ, thumbRot_11, thumbRot_12, thumbRot_13, thumbRot_21, thumbRot_22, thumbRot_23, thumbRot_31, thumbRot_32, thumbRot_33, manipForceTooHigh, cceExpType, mapping, trialSuccess, 
927.774073, 64, 0.1, 0.1, 0.0142112923, 0.379291292, -0.0199633359, 0.999966805, 1.00285183e-005, 0.00814794518, 0.00814794489, 2.91215688e-005, -0.999966805, -1.02654664e-005, 1, 2.90388903e-005, 0.999966805, -1.69939885e-005, 0.00814792416, 0.00814792412, -2.30190935e-006, -0.999966805, 1.70121802e-005, 1, -2.16336721e-006, 0, 0, 0, 0, 0, 0, 0, 0.107577246, 0.0869633789, -0.220410742, 0.00720205203, 0.819212691, -0.573323036, -0.529052734, 0.489624023, 0.693115234, 0.848430263, 0.298371917, 0.437110048, 0, -0, 0, 0, 0, 0, 0, 0.177766064, 0.0827038086, -0.201797949, 0.178950209, 0.354482615, -0.917727189, -0.161865234, -0.909301758, -0.38293457, -0.970375074, 0.217198437, -0.105294489, 0, 3, 5, 1, 
927.816137, 64, 0.1, 0.1, 0.0142112509, 0.379291299, -0.0199641261, 0.999966819, 3.14404477e-005, 0.00814613915, 0.00814613872, 1.37833801e-005, -0.99996682, -3.15516858e-005, 0.999999999, 1.35268045e-005, 0.99996682, 3.34899307e-005, 0.00814605457, 0.00814605387, 2.08535226e-005, -0.99996682, -3.36586934e-005, 0.999999999, 2.05800198e-005, 0, 0, 0, 0, 0, 0, 0, 0.122155371, 0.0489883301, -0.215549829, -0.0331438264, 0.801514698, -0.59683631, -0.578979492, 0.471435547, 0.665161133, 0.814529452, 0.367667464, 0.448620477, 0, -0, 0, 0, 0, 0, 0, 0.191718408, 0.04869375, -0.195620166, 0.167198307, 0.328332361, -0.929569876, -0.0958251953, -0.932861328, -0.346801758, -0.98118418, 0.147186929, -0.124582384, 0, 3, 5, 1, 
927.816941, 64, 0.1, 0.1, 0.0142112531, 0.379291299, -0.0199624341, 0.999966819, -9.37089024e-006, 0.00814622727, 0.00814622747, 2.20606141e-005, -0.999966819, 9.19086852e-006, 1, 2.21362195e-005, 0.999966818, -2.45104369e-005, 0.00814626076, 0.00814626114, 1.56827977e-005, -0.999966819, 2.43818674e-005, 1, 1.58819457e-005, 0, 0, 0, 0, 0, 0, 0, 0.122155371, 0.0489883301, -0.215549829, -0.0331438264, 0.801514698, -0.59683631, -0.578979492, 0.471435547, 0.665161133, 0.814529452, 0.367667464, 0.448620477, 0, -0, 0, 0, 0, 0, 0, 0.191718408, 0.04869375, -0.195620166, 0.167198307, 0.328332361, -0.929569876, -0.0958251953, -0.932861328, -0.346801758, -0.98118418, 0.147186929, -0.124582384, 0, 3, 5, 1, 
927.817792, 64, 0.1, 0.1, 0.0142112484, 0.3792913, -0.0199609958, 0.999966823, -1.66117536e-005, 0.00814570716, 0.00814570731, 9.31327296e-006, -0.999966823, 1.65353393e-005, 1, 9.44827846e-006, 0.999966822, 1.42241462e-005, 0.00814582897, 0.00814582913, -1.11690673e-005, -0.999966822, -1.4132693e-005, 1, -1.12845642e-005, 0, 0, 0, 0, 0, 0, 0, 0.123277539, 0.0455820801, -0.214975073, -0.0372131618, 0.800019958, -0.598727197, -0.583007812, 0.469238281, 0.663208008, 0.811466214, 0.373836621, 0.449167148, 0, -0, 0, 0, 0, 0, 0, 0.192691553, 0.0459531738, -0.1950354, 0.165332441, 0.326241914, -0.930585931, -0.0894775391, -0.934692383, -0.34362793, -0.982116747, 0.140216366, -0.125425632, 0, 3, 5, 1, 
927.818583, 64, 0.1, 0.1, 0.0142112503, 0.379291302, -0.0199610607, 0.999966826, 2.26301263e-005, 0.00814534399, 0.00814534422, -9.99700488e-006, -0.999966826, -2.25479465e-005, 1, -1.01810034e-005, 0.999966826, 9.87127332e-006, 0.0081453666, 0.00814536678, -1.81136259e-005, -0.999966826, -9.72340373e-006, 1, -1.81934302e-005, 0, 0, 0, 0, 0, 0, 0, 0.123277539, 0.0455820801, -0.214975073, -0.0372131618, 0.800019958, -0.598727197, -0.583007812, 0.469238281, 0.663208008, 0.811466214, 0.373836621, 0.449167148, 0, -0, 0, 0, 0, 0, 0, 0.192691553, 0.0459531738, -0.1950354, 0.165332441, 0.326241914, -0.930585931, -0.0894775391, -0.934692383, -0.34362793, -0.982116747, 0.140216366, -0.125425632, 0, 3, 5, 1, 
927.819385, 64, 0.1, 0.1, 0.0142112529, 0.379291301, -0.0199625959, 0.999966824, -3.34874006e-005, 0.00814558919, 0.00814558865, -1.61205235e-005, -0.999966824, 3.36176008e-005, 0.999999999, -1.58472141e-005, 0.999966824, -3.50056622e-005, 0.00814549612, 0.00814549579, -9.55101758e-006, -0.999966825, 3.50822987e-005, 0.999999999, -9.26556225e-006, 0, 0, 0, 0, 0, 0, 0, 0.123277539, 0.0455820801, -0.214975073, -0.0372131618, 0.800019958, -0.598727197, -0.583007812, 0.469238281, 0.663208008, 0.811466214, 0.373836621, 0.449167148, 0, -0, 0, 0, 0, 0, 0, 0.192691553, 0.0459531738, -0.1950354, 0.165332441, 0.326241914, -0.930585931, -0.0894775391, -0.934692383, -0.34362793, -0.982116747, 0.140216366, -0.125425632, 0, 3, 5, 1, 
927.820228, 64, 0.1, 0.1, 0.0142112493, 0.3792913, -0.0199642625, 0.99996682, 1.44421337e-005, 0.0081460843, 0.00814608438, -5.12774821e-006, -0.99996682, -1.43998835e-005, 1, -5.24522491e-006, 0.99996682, 2.81615685e-005, 0.00814600717, 0.00814600678, 1.38160629e-005, -0.999966821, -2.82731799e-005, 1, 1.35862001e-005, 0, 0, 0, 0, 0, 0, 0, 0.12432793, 0.0428963379, -0.21431499, -0.0426409395, 0.799483766, -0.59899941, -0.588134766, 0.464477539, 0.661987305, 0.807629396, 0.38059551, 0.450569773, 0, -0, 0, 0, 0, 0, 0, 0.193623193, 0.0434568359, -0.194437207, 0.162859566, 0.324911594, -0.931518865, -0.0819091797, -0.936401367, -0.341064453, -0.983113113, 0.131852782, -0.125891916, 0, 3, 5, 1, 
927.821021, 64, 0.1, 0.1, 0.0142112513, 0.379291299, -0.019965998, 0.99996682, 1.51532995e-005, 0.00814607522, 0.00814607503, 1.2403259e-005, -0.99996682, -1.52538346e-005, 1, 1.22794076e-005, 0.99996682, -9.41027304e-006, 0.00814611681, 0.00814611699, 1.93473894e-005, -0.99996682, 9.25235471e-006, 1, 1.94234046e-005, 0, 0, 0, 0, 0, 0, 0, 0.12432793, 0.0428963379, -0.21431499, -0.0426409395, 0.799483766, -0.59899941, -0.588134766, 0.464477539, 0.661987305, 0.807629396, 0.38059551, 0.450569773, 0, -0, 0, 0, 0, 0, 0, 0.193623193, 0.0434568359, -0.194437207, 0.162859566, 0.324911594, -0.931518865, -0.0819091797, -0.936401367, -0.341064453, -0.983113113, 0.131852782, -0.125891916, 0, 3, 5, 1, 
927.821828, 64, 0.1, 0.1, 0.0142112498, 0.3792913, -0.0199674043, 0.999966823, -2.51685642e-005, 0.00814564643, 0.00814564681, 1.48070867e-005, -0.999966824, 2.50471159e-005, 1, 1.50116097e-005, 0.999966823, -1.20422323e-005, 0.00814573811, 0.00814573823, 9.48099177e-006, -0.999966823, 1.19646031e-005, 1, 9.57877009e-006, 0, 0, 0, 0, 0, 0, 0, 0.12432793, 0.0428963379, -0.21431499, -0.0426409395, 0.799483766, -0.59899941, -0.588134766, 0.464477539, 0.661987305, 0.807629396, 0.38059551, 0.450569773, 0, -0, 0, 0, 0, 0, 0, 0.193623193, 0.0434568359, -0.194437207, 0.162859566, 0.324911594, -0.931518865, -0.0819091797, -0.936401367, -0.341064453, -0.983113113, 0.131852782, -0.125891916, 0, 3, 5, 1, 
927.822634, 64, 0.1, 0.1, 0.0142112487, 0.379291301, -0.0199676499, 0.999966825, 2.13841203e-005, 0.00814545945, 0.00814545926, 8.84726595e-006, -0.999966825, -2.1455476e-005, 1, 8.67278896e-006, 0.999966825, 2.28022424e-005, 0.00814545316, 0.00814545336, -8.35952477e-006, -0.999966825, -2.27333938e-005, 1, -8.54498204e-006, 0, 0, 0, 0, 0, 0, 0, 0.12432793, 0.0428963379, -0.21431499, -0.0426409395, 0.799483766, -0.59899941, -0.588134766, 0.464477539, 0.661987305, 0.807629396, 0.38059551, 0.450569773, 0, -0, 0, 0, 0, 0, 0, 0.193623193, 0.0434568359, -0.194437207, 0.162859566, 0.324911594, -0.931518865, -0.0819091797, -0.936401367, -0.341064453, -0.983113113, 0.131852782, -0.125891916, 0, 3, 5, 1, 
927.823429, 64, 0.1, 0.1, 0.0142112515, 0.379291302, -0.0199670825, 0.999966823, -1.10614059e-005, 0.00814577863, 0.00814577853, -9.49933229e-006, -0.999966823, 1.11384184e-005, 1, -9.40891336e-006, 0.999966823, -2.45815731e-005, 0.00814569151, 0.00814569112, -1.57324928e-005, -0.999966823, 2.47089096e-005, 1, -1.5531737e-005, 0, 0, 0, 0, 0, 0, 0, 0.12432793, 0.0428963379, -0.21431499, -0.0426409395, 0.799483766, -0.59899941, -0.588134766, 0.464477539, 0.661987305, 0.807629396, 0.38059551, 0.450569773, 0, -0, 0, 0, 0, 0, 0, 0.193623193, 0.0434568359, -0.194437207, 0.162859566, 0.324911594, -0.931518865, -0.0819091797, -0.936401367, -0.341064453, -0.983113113, 0.131852782, -0.125891916, 0, 3, 5, 1, 
927.824247, 64, 0.1, 0.1, 0.0142112482, 0.379291302, -0.0199658942, 0.99996682, -1.45124823e-005, 0.00814614242, 0.00814614218, -1.63989307e-005, -0.999966819, 1.46455888e-005, 1, -1.62801658e-005, 0.99996682, 1.1980459e-005, 0.00814610832, 0.00814610845, -1.08389565e-005, -0.99996682, -1.18917662e-005, 1, -1.09361909e-005, 0, 0, 0, 0, 0, 0, 0, 0.12432793, 0.0428963379, -0.21431499, -0.0426409395, 0.799483766, -0.59899941, -0.588134766, 0.464477539, 0.661987305, 0.807629396, 0.38059551, 0.450569773, 0, -0, 0, 0, 0, 0, 0, 0.193623193, 0.0434568359, -0.194437207, 0.162859566, 0.324911594, -0.931518865, -0.0819091797, -0.936401367, -0.341064453, -0.983113113, 0.131852782, -0.125891916, 0, 3, 5, 1, 
927.825086, 64, 0.1, 0.1, 0.0142112494, 0.379291301, -0.0199637018, 0.999966821, 2.76407441e-005, 0.00814593592, 0.00814593611, -6.74300499e-006, -0.999966821, -2.75848989e-005, 1, -6.967941e-006, 0.99996682, 1.52255365e-005, 0.00814603017, 0.00814602998, 1.27962077e-005, -0.99996682, -1.53292696e-005, 1, 1.26717555e-005, 0, 0, 0, 0, 0, 0, 0, 0.125504419, 0.039960376, -0.213473779, -0.0456000807, 0.798496383, -0.600140683, -0.593139648, 0.461791992, 0.659423828, 0.80377236, 0.386066349, 0.452728004, 0, -0, 0, 0, 0, 0, 0, 0.194622949, 0.0409758789, -0.193619434, 0.161345145, 0.323466434, -0.932241078, -0.0748291016, -0.937866211, -0.338378906, -0.983885999, 0.124581812, -0.12719525, 0, 3, 5, 1, 
927.825894, 64, 0.1, 0.1, 0.014211251, 0.3792913, -0.0199621373, 0.999966825, -2.98504785e-005, 0.00814540732, 0.00814540771, 1.29682861e-005, -0.999966826, 2.97438562e-005, 0.999999999, 1.32110002e-005, 0.999966824, -3.15620511e-005, 0.00814550177, 0.00814550241, 2.03974649e-005, -0.999966825, 3.13948565e-005, 0.999999999, 2.0653877e-005, 0, 0, 0, 0, 0, 0, 0, 0.125504419, 0.039960376, -0.213473779, -0.0456000807, 0.798496383, -0.600140683, -0.593139648, 0.461791992, 0.659423828, 0.80377236, 0.386066349, 0.452728004, 0, -0, 0, 0, 0, 0, 0, 0.194622949, 0.0409758789, -0.193619434, 0.161345145, 0.323466434, -0.932241078, -0.0748291016, -0.937866211, -0.338378906, -0.983885999, 0.124581812, -0.12719525, 0, 3, 5, 1, 
927.82672, 64, 0.1, 0.1, 0.0142112475, 0.3792913, -0.0199615473, 0.999966827, 9.79160041e-006, 0.00814529078, 0.00814529055, 2.28818007e-005, -0.999966826, -9.97765451e-006, 1, 2.28012862e-005, 0.999966826, 2.66827202e-005, 0.00814525831, 0.00814525788, 1.63548528e-005, -0.999966827, -2.68150495e-005, 1, 1.61369726e-005, 0, 0, 0, 0, 0, 0, 0, 0.125504419, 0.039960376, -0.213473779, -0.0456000807, 0.798496383, -0.600140683, -0.593139648, 0.461791992, 0.659423828, 0.80377236, 0.386066349, 0.452728004, 0, -0, 0, 0, 0, 0, 0, 0.194622949, 0.0409758789, -0.193619434, 0.161345145, 0.323466434, -0.932241078, -0.0748291016, -0.937866211, -0.338378906, -0.983885999, 0.124581812, -0.12719525, 0, 3, 5, 1, 
927.827521, 64, 0.1, 0.1, 0.014211251, 0.3792913, -0.0199618244, 0.999966823, 1.4627965e-005, 0.00814574798, 0.00814574781, 1.16311024e-005, -0.999966823, -1.47222237e-005, 1, 1.15115608e-005, 0.999966824, -1.41870138e-005, 0.00814563602, 0.0081456359, -8.19353797e-006, -0.999966824, 1.42532847e-005, 1, -8.07770389e-006, 0, 0, 0, 0, 0, 0, 0, 0.125504419, 0.039960376, -0.213473779, -0.0456000807, 0.798496383, -0.600140683, -0.593139648, 0.461791992, 0.659423828, 0.80377236, 0.386066349, 0.452728004, 0, -0, 0, 0, 0, 0, 0, 0.194622949, 0.0409758789, -0.193619434, 0.161345145, 0.323466434, -0.932241078, -0.0748291016, -0.937866211, -0.338378906, -0.983885999, 0.124581812, -0.12719525, 0, 3, 5, 1, 
927.828326, 64, 0.1, 0.1, 0.014211249, 0.379291301, -0.0199632493, 0.99996682, -2.47341742e-005, 0.00814607779, 0.00814607757, -8.87844104e-006, -0.99996682, 2.4805678e-005, 1, -8.67665995e-006, 0.99996682, -1.12358696e-005, 0.00814605996, 0.00814605978, -1.6413899e-005, -0.99996682, 1.13692054e-005, 1, -1.63218263e-005, 0, 0, 0, 0, 0, 0, 0, 0.125504419, 0.039960376, -0.213473779, -0.0456000807, 0.798496383, -0.600140683, -0.593139648, 0.461791992, 0.659423828, 0.80377236, 0.386066349, 0.452728004, 0, -0, 0, 0, 0, 0, 0, 0.194622949, 0.0409758789, -0.193619434, 0.161345145, 0.323466434, -0.932241078, -0.0748291016, -0.937866211, -0.338378906, -0.983885999, 0.124581812, -0.12719525, 0, 3, 5, 1, 
927.829161, 64, 0.1, 0.1, 0.0142112465, 0.379291301, -0.0199650423, 0.999966822, 2.77308574e-005, 0.00814580604, 0.00814580652, -1.71033753e-005, -0.999966822, -2.75906166e-005, 0.999999999, -1.7328698e-005, 0.999966821, 2.92084551e-005, 0.00814591428, 0.00814591456, -9.674742e-006, -0.999966821, -2.91286764e-005, 1, -9.91235059e-006, 0, 0, 0, 0, 0, 0, 0, 0.125504419, 0.039960376, -0.213473779, -0.0487430688, 0.797045826, -0.60193609, -0.597412109, 0.459594727, 0.657104492, 0.800315218, 0.39173414, 0.453877512, 0, -0, 0, 0, 0, 0, 0, 0.194622949, 0.0409758789, -0.193619434, 0.161345145, 0.323466434, -0.932241078, -0.0748291016, -0.937866211, -0.338378906, -0.983885999, 0.124581812, -0.12719525, 0, 3, 5, 1, 
927.829977, 64, 0.1, 0.1, 0.0142112495, 0.379291301, -0.0199660404, 0.999966826, -1.37999013e-005, 0.00814533441, 0.00814533428, -9.910932e-006, -0.999966826, 1.38801714e-005, 1, -9.7981984e-006, 0.999966825, -2.71327015e-005, 0.00814541063, 0.00814541084, 7.77714816e-006, -0.999966826, 2.70684533e-005, 1, 7.99789716e-006, 0, 0, 0, 0, 0, 0, 0, 0.126672729, 0.0365548584, -0.21289231, -0.0487430688, 0.797045826, -0.60193609, -0.597412109, 0.459594727, 0.657104492, 0.800315218, 0.39173414, 0.453877512, 0, -0, 0, 0, 0, 0, 0, 0.195631006, 0.0379905762, -0.193046387, 0.159952124, 0.320986263, -0.933353015, -0.0687255859, -0.939575195, -0.334960937, -0.984646124, 0.117815772, -0.128294062, 0, 3, 5, 1, 
927.830775, 64, 0.1, 0.1, 0.0142112469, 0.379291301, -0.0199666824, 0.999966826, -1.55557805e-005, 0.00814533843, 0.00814533856, 8.46251776e-006, -0.999966826, 1.54863344e-005, 1, 8.58894413e-006, 0.999966826, 9.05041036e-006, 0.00814529628, 0.00814529613, 1.55677506e-005, -0.999966826, -9.17691407e-006, 1, 1.54935159e-005, 0, 0, 0, 0, 0, 0, 0, 0.126672729, 0.0365548584, -0.21289231, -0.0487430688, 0.797045826, -0.60193609, -0.597412109, 0.459594727, 0.657104492, 0.800315218, 0.39173414, 0.453877512, 0, -0, 0, 0, 0, 0, 0, 0.195631006, 0.0379905762, -0.193046387, 0.159952124, 0.320986263, -0.933353015, -0.0687255859, -0.939575195, -0.334960937, -0.984646124, 0.117815772, -0.128294062, 0, 3, 5, 1, 
927.831578, 64, 0.1, 0.1, 0.0142112474, 0.379291302, -0.019966699, 0.999966822, 2.77758393e-005, 0.00814575854, 0.00814575812, 1.51698197e-005, -0.999966823, -2.78984874e-005, 0.999999999, 1.49430611e-005, 0.999966823, 1.55546672e-005, 0.00814567558, 0.00814567543, 9.57208835e-006, -0.999966823, -1.56321223e-005, 1, 9.44506751e-006, 0, 0, 0, 0, 0, 0, 0, 0.126672729, 0.0365548584, -0.21289231, -0.0487430688, 0.797045826, -0.60193609, -0.597412109, 0.459594727, 0.657104492, 0.800315218, 0.39173414, 0.453877512, 0, -0, 0, 0, 0, 0, 0, 0.195631006, 0.0379905762, -0.193046387, 0.159952124, 0.320986263, -0.933353015, -0.0687255859, -0.939575195, -0.334960937, -0.984646124, 0.117815772, -0.128294062, 0, 3, 5, 1, 
927.832481, 64, 0.1, 0.1, 0.0142112488, 0.379291304, -0.0199648262, 0.999966821, -2.75116592e-005, 0.00814594803, 0.00814594824, 7.55146932e-006, -0.999966821, 2.74492325e-005, 1, 7.77532732e-006, 0.999966821, -3.00278677e-005, 0.00814596542, 0.00814596502, -1.33184122e-005, -0.999966821, 3.01353627e-005, 0.999999999, -1.30733644e-005, 0, 0, 0, 0, 0, 0, 0, 0.12778623, 0.0338841309, -0.212203906, -0.0529018928, 0.796858231, -0.601738017, -0.603027344, 0.454833984, 0.655273438, 0.795906642, 0.397572673, 0.456688755, 0, -0, 0, 0, 0, 0, 0, 0.196820801, 0.0357223633, -0.192446729, 0.157952096, 0.319802864, -0.934113507, -0.0606689453, -0.941040039, -0.332519531, -0.985470049, 0.109222145, -0.129233191, 0, 3, 5, 1, 
927.8333, 64, 0.1, 0.1, 0.0142112448, 0.379291305, -0.0199628005, 0.999966825, 1.35902826e-005, 0.00814551166, 0.00814551177, -7.93434518e-006, -0.999966825, -1.35252024e-005, 1, -8.04478176e-006, 0.999966823, 2.88552583e-005, 0.00814562348, 0.00814562395, -1.60438259e-005, -0.999966824, -2.8723614e-005, 0.999999999, -1.62783377e-005, 0, 0, 0, 0, 0, 0, 0, 0.12778623, 0.0338841309, -0.212203906, -0.0529018928, 0.796858231, -0.601738017, -0.603027344, 0.454833984, 0.655273438, 0.795906642, 0.397572673, 0.456688755, 0, -0, 0, 0, 0, 0, 0, 0.196820801, 0.0357223633, -0.192446729, 0.157952096, 0.319802864, -0.934113507, -0.0606689453, -0.941040039, -0.332519531, -0.985470049, 0.109222145, -0.129233191, 0, 3, 5, 1, 
927.834111, 64, 0.1, 0.1, 0.014211247, 0.379291304, -0.019961623, 0.999966828, 2.04105676e-005, 0.00814505284, 0.00814505307, -1.13543459e-005, -0.999966828, -2.03174088e-005, 1, -1.15202144e-005, 0.999966828, -1.04985036e-005, 0.00814510379, 0.00814510373, -6.05234775e-006, -0.999966828, 1.05474523e-005, 1, -5.96663558e-006, 0, 0, 0, 0, 0, 0, 0, 0.12778623, 0.0338841309, -0.212203906, -0.0529018928, 0.796858231, -0.601738017, -0.603027344, 0.454833984, 0.655273438, 0.795906642, 0.397572673, 0.456688755, 0, -0, 0, 0, 0, 0, 0, 0.196820801, 0.0357223633, -0.192446729, 0.157952096, 0.319802864, -0.934113507, -0.0606689453, -0.941040039, -0.332519531, -0.985470049, 0.109222145, -0.129233191, 0, 3, 5, 1, 
927.834931, 64, 0.1, 0.1, 0.0142112446, 0.379291302, -0.0199612902, 0.999966827, -2.70548727e-005, 0.00814521172, 0.00814521163, -3.7281154e-006, -0.999966827, 2.70843415e-005, 1, -3.50762406e-006, 0.999966828, -1.31007473e-005, 0.00814511847, 0.00814511871, 1.81883516e-005, -0.999966828, 1.29521665e-005, 1, 1.82944554e-005, 0, 0, 0, 0, 0, 0, 0, 0.12778623, 0.0338841309, -0.212203906, -0.0529018928, 0.796858231, -0.601738017, -0.603027344, 0.454833984, 0.655273438, 0.795906642, 0.397572673, 0.456688755, 0, -0, 0, 0, 0, 0, 0, 0.196820801, 0.0357223633, -0.192446729, 0.157952096, 0.319802864, -0.934113507, -0.0606689453, -0.941040039, -0.332519531, -0.985470049, 0.109222145, -0.129233191, 0, 3, 5, 1, 
927.835736, 64, 0.1, 0.1, 0.0142112427, 0.379291301, -0.0199621386, 0.999966823, 2.78641611e-005, 0.00814572593, 0.00814572554, 1.40214409e-005, -0.999966823, -2.79774514e-005, 1, 1.37940019e-005, 0.999966823, 2.95089428e-005, 0.00814563473, 0.0081456341, 2.17063004e-005, -0.999966824, -2.96847754e-005, 0.999999999, 2.14652112e-005, 0, 0, 0, 0, 0, 0, 0, 0.12778623, 0.0338841309, -0.212203906, -0.0529018928, 0.796858231, -0.601738017, -0.603027344, 0.454833984, 0.655273438, 0.795906642, 0.397572673, 0.456688755, 0, -0, 0, 0, 0, 0, 0, 0.196820801, 0.0357223633, -0.192446729, 0.157952096, 0.319802864, -0.934113507, -0.0606689453, -0.941040039, -0.332519531, -0.985470049, 0.109222145, -0.129233191, 0, 3, 5, 1, 
927.836564, 64, 0.1, 0.1, 0.014211246, 0.379291301, -0.0199638297, 0.999966822, -1.38312629e-005, 0.00814583977, 0.00814584004, 1.92679466e-005, -0.999966822, 1.36738504e-005, 1, 1.93799746e-005, 0.999966821, -2.87668794e-005, 0.00814586876, 0.00814586915, 1.33033513e-005, -0.999966822, 2.86575576e-005, 0.999999999, 1.35372411e-005, 0, 0, 0, 0, 0, 0, 0, 0.12778623, 0.0338841309, -0.212203906, -0.0529018928, 0.796858231, -0.601738017, -0.603027344, 0.454833984, 0.655273438, 0.795906642, 0.397572673, 0.456688755, 0, -0, 0, 0, 0, 0, 0, 0.196820801, 0.0357223633, -0.192446729, 0.157952096, 0.319802864, -0.934113507, -0.0606689453, -0.941040039, -0.332519531, -0.985470049, 0.109222145, -0.129233191, 0, 3, 5, 1, 
927.837406, 64, 0.1, 0.1, 0.0142112418, 0.379291303, -0.0199649174, 0.999966826, -1.31611426e-005, 0.00814537171, 0.00814537177, 4.63229802e-006, -0.999966826, 1.31229742e-005, 1, 4.73934675e-006, 0.999966825, 1.35795791e-005, 0.00814548108, 0.00814548126, -1.34594488e-005, -0.999966825, -1.34694949e-005, 1, -1.35696145e-005, 0, 0, 0, 0, 0, 0, 0, 0.129215137, 0.0307487305, -0.211547363, -0.0552772929, 0.796378205, -0.602161877, -0.608154297, 0.451416016, 0.652954102, 0.791833559, 0.402345195, 0.45947491, 0, -0, 0, 0, 0, 0, 0, 0.19807041, 0.0330582031, -0.191620654, 0.15678912, 0.318792272, -0.934714319, -0.0541992188, -0.942138672, -0.330444336, -0.986083254, 0.102487821, -0.130523766, 0, 3, 5, 1, 
927.8382, 64, 0.1, 0.1, 0.0142112431, 0.379291304, -0.0199659527, 0.999966828, 2.15502672e-005, 0.00814503062, 0.00814503087, -1.148371e-005, -0.999966829, -2.14560172e-005, 1, -1.16588566e-005, 0.999966828, 1.06031856e-005, 0.00814505457, 0.00814505477, -1.90543246e-005, -0.999966828, -1.04476354e-005, 1, -1.9140056e-005, 0, 0, 0, 0, 0, 0, 0, 0.129215137, 0.0307487305, -0.211547363, -0.0552772929, 0.796378205, -0.602161877, -0.608154297, 0.451416016, 0.652954102, 0.791833559, 0.402345195, 0.45947491, 0, -0, 0, 0, 0, 0, 0, 0.19807041, 0.0330582031, -0.191620654, 0.15678912, 0.318792272, -0.934714319, -0.0541992188, -0.942138672, -0.330444336, -0.986083254, 0.102487821, -0.130523766, 0, 3, 5, 1, 
927.839023, 64, 0.1, 0.1, 0.0142112455, 0.379291305, -0.0199666206, 0.999966826, -2.93387979e-005, 0.00814524711, 0.00814524664, -1.61208779e-005, -0.999966827, 2.94691332e-005, 0.999999999, -1.58813713e-005, 0.999966827, -3.08549144e-005, 0.00814516019, 0.00814515987, -1.0585293e-005, -0.999966828, 3.09401097e-005, 0.999999999, -1.03336237e-005, 0, 0, 0, 0, 0, 0, 0, 0.129215137, 0.0307487305, -0.211547363, -0.0552772929, 0.796378205, -0.602161877, -0.608154297, 0.451416016, 0.652954102, 0.791833559, 0.402345195, 0.45947491, 0, -0, 0, 0, 0, 0, 0, 0.19807041, 0.0330582031, -0.191620654, 0.15678912, 0.318792272, -0.934714319, -0.0541992188, -0.942138672, -0.330444336, -0.986083254, 0.102487821, -0.130523766, 0, 3, 5, 1, 
927.839822, 64, 0.1, 0.1, 0.0142112431, 0.379291304, -0.0199664234, 0.999966824, 8.48682431e-006, 0.00814564264, 0.0081456427, -7.60738306e-006, -0.999966824, -8.42457572e-006, 1, -7.67626131e-006, 0.999966824, 2.13157423e-005, 0.00814557719, 0.00814557698, 9.83472327e-006, -0.999966824, -2.13951446e-005, 1, 9.66076798e-006, 0, 0, 0, 0, 0, 0, 0, 0.129215137, 0.0307487305, -0.211547363, -0.0552772929, 0.796378205, -0.602161877, -0.608154297, 0.451416016, 0.652954102, 0.791833559, 0.402345195, 0.45947491, 0, -0, 0, 0, 0, 0, 0, 0.19807041, 0.0330582031, -0.191620654, 0.15678912, 0.318792272, -0.934714319, -0.0541992188, -0.942138672, -0.330444336, -0.986083254, 0.102487821, -0.130523766, 0, 3, 5, 1, 
927.840614, 64, 0.1, 0.1, 0.0142112458, 0.379291304, -0.0199658915, 0.999966824, 1.40762754e-005, 0.00814559348, 0.00814559331, 1.19519746e-005, -0.999966824, -1.41731643e-005, 1, 1.18369185e-005, 0.999966824, -1.14196491e-005, 0.00814564392, 0.00814564414, 1.86859972e-005, -0.999966824, 1.12670608e-005, 1, 1.87783976e-005, 0, 0, 0, 0, 0, 0, 0, 0.129215137, 0.0307487305, -0.211547363, -0.0552772929, 0.796378205, -0.602161877, -0.608154297, 0.451416016, 0.652954102, 0.791833559, 0.402345195, 0.45947491, 0, -0, 0, 0, 0, 0, 0, 0.19807041, 0.0330582031, -0.191620654, 0.15678912, 0.318792272, -0.934714319, -0.0541992188, -0.942138672, -0.330444336, -0.986083254, 0.102487821, -0.130523766, 0, 3, 5, 1, 
927.841446, 64, 0.1, 0.1, 0.0142112449, 0.379291303, -0.0199650725, 0.999966828, -2.88911823e-005, 0.008145109, 0.00814510956, 1.91311632e-005, -0.999966828, 2.87343985e-005, 0.999999999, 1.93658504e-005, 0.999966827, -1.48460066e-005, 0.0081452166, 0.00814521679, 1.27232762e-005, -0.999966827, 1.47418803e-005, 1, 1.28437781e-005, 0, 0, 0, 0, 0, 0, 0, 0.129215137, 0.0307487305, -0.211547363, -0.0582997135, 0.796101122, -0.602198947, -0.612426758, 0.447875977, 0.651367188, 0.788357321, 0.40683839, 0.461581845, 0, -0, 0, 0, 0, 0, 0, 0.19807041, 0.0330582031, -0.191620654, 0.15678912, 0.318792272, -0.934714319, -0.0541992188, -0.942138672, -0.330444336, -0.986083254, 0.102487821, -0.130523766, 0, 3, 5, 1, 
927.84226, 64, 0.1, 0.1, 0.0142112434, 0.379291304, -0.0199636941, 0.999966829, 2.62858623e-005, 0.00814489731, 0.00814489696, 1.32115096e-005, -0.99996683, -2.63925968e-005, 1, 1.29969757e-005, 0.999966829, 2.77181044e-005, 0.00814489023, 0.0081448904, -5.97079557e-006, -0.99996683, -2.76685535e-005, 1, -6.19635844e-006, 0, 0, 0, 0, 0, 0, 0, 0.130389551, 0.0273996094, -0.21087312, -0.0582997135, 0.796101122, -0.602198947, -0.612426758, 0.447875977, 0.651367188, 0.788357321, 0.40683839, 0.461581845, 0, -0, 0, 0, 0, 0, 0, 0.199056982, 0.0303891602, -0.191005859, 0.155006375, 0.317634759, -0.935404449, -0.0480957031, -0.943237305, -0.328369141, -0.986638856, 0.0959835405, -0.13096453, 0, 3, 5, 1, 
927.843052, 64, 0.1, 0.1, 0.014211246, 0.379291304, -0.0199630174, 0.999966827, -9.84239082e-006, 0.00814525259, 0.00814525249, -9.30283083e-006, -0.999966827, 9.91783822e-006, 1, -9.22235347e-006, 0.999966827, -2.49770451e-005, 0.0081451542, 0.0081451538, -1.59382031e-005, -0.999966828, 2.51060357e-005, 1, -1.57342325e-005, 0, 0, 0, 0, 0, 0, 0, 0.130389551, 0.0273996094, -0.21087312, -0.0582997135, 0.796101122, -0.602198947, -0.612426758, 0.447875977, 0.651367188, 0.788357321, 0.40683839, 0.461581845, 0, -0, 0, 0, 0, 0, 0, 0.199056982, 0.0303891602, -0.191005859, 0.155006375, 0.317634759, -0.935404449, -0.0480957031, -0.943237305, -0.328369141, -0.986638856, 0.0959835405, -0.13096453, 0, 3, 5, 1, 
927.843869, 64, 0.1, 0.1, 0.014211242, 0.379291305, -0.0199630931, 0.999966823, -1.2972642e-005, 0.00814566415, 0.00814566391, -1.8127956e-005, -0.999966823, 1.31198759e-005, 1, -1.80216838e-005, 0.999966824, 1.56476443e-005, 0.00814562515, 0.00814562534, -1.17913193e-005, -0.999966824, -1.55510775e-005, 1, -1.1918388e-005, 0, 0, 0, 0, 0, 0, 0, 0.130389551, 0.0273996094, -0.21087312, -0.0582997135, 0.796101122, -0.602198947, -0.612426758, 0.447875977, 0.651367188, 0.788357321, 0.40683839, 0.461581845, 0, -0, 0, 0, 0, 0, 0, 0.199056982, 0.0303891602, -0.191005859, 0.155006375, 0.317634759, -0.935404449, -0.0480957031, -0.943237305, -0.328369141, -0.986638856, 0.0959835405, -0.13096453, 0, 3, 5, 1, 
927.844687, 64, 0.1, 0.1, 0.0142112427, 0.379291304, -0.0199633942, 0.999966825, 2.81816445e-005, 0.00814548094, 0.00814548117, -7.88935446e-006, -0.999966825, -2.8116447e-005, 1, -8.11864579e-006, 0.999966824, 1.59993337e-005, 0.00814557036, 0.00814557017, 1.15911757e-005, -0.999966824, -1.60932196e-005, 1, 1.14604674e-005, 0, 0, 0, 0, 0, 0, 0, 0.130389551, 0.0273996094, -0.21087312, -0.0582997135, 0.796101122, -0.602198947, -0.612426758, 0.447875977, 0.651367188, 0.788357321, 0.40683839, 0.461581845, 0, -0, 0, 0, 0, 0, 0, 0.200018652, 0.0279794922, -0.190149512, 0.152859426, 0.317307734, -0.935864536, -0.0412597656, -0.944091797, -0.326782227, -0.987232738, 0.0885846062, -0.131258373, 0, 3, 5, 1, 
927.84548, 64, 0.1, 0.1, 0.0142112439, 0.379291304, -0.0199642457, 0.999966829, -2.79014609e-005, 0.00814498135, 0.00814498162, 9.7143553e-006, -0.999966829, 2.78214121e-005, 1, 9.94128995e-006, 0.999966828, -2.85641045e-005, 0.00814507091, 0.00814507138, 1.64453886e-005, -0.999966828, 2.84292081e-005, 0.999999999, 1.66774998e-005, 0, 0, 0, 0, 0, 0, 0, 0.130389551, 0.0273996094, -0.21087312, -0.0582997135, 0.796101122, -0.602198947, -0.612426758, 0.447875977, 0.651367188, 0.788357321, 0.40683839, 0.461581845, 0, -0, 0, 0, 0, 0, 0, 0.200018652, 0.0279794922, -0.190149512, 0.152859426, 0.317307734, -0.935864536, -0.0412597656, -0.944091797, -0.326782227, -0.987232738, 0.0885846062, -0.131258373, 0, 3, 5, 1, 
927.846292, 64, 0.1, 0.1, 0.0142112411, 0.379291304, -0.0199653468, 0.99996683, 9.22562327e-006, 0.00814485684, 0.00814485667, 1.83210678e-005, -0.99996683, -9.37453973e-006, 1, 1.82453187e-005, 0.99996683, 2.32474441e-005, 0.00814483341, 0.00814483313, 1.23009274e-005, -0.99996683, -2.3346862e-005, 1, 1.21111728e-005, 0, 0, 0, 0, 0, 0, 0, 0.130389551, 0.0273996094, -0.21087312, -0.0582997135, 0.796101122, -0.602198947, -0.612426758, 0.447875977, 0.651367188, 0.788357321, 0.40683839, 0.461581845, 0, -0, 0, 0, 0, 0, 0, 0.200018652, 0.0279794922, -0.190149512, 0.152859426, 0.317307734, -0.935864536, -0.0412597656, -0.944091797, -0.326782227, -0.987232738, 0.0885846062, -0.131258373, 0, 3, 5, 1, 
927.847117, 64, 0.1, 0.1, 0.0142112449, 0.379291305, -0.019965784, 0.999966827, 1.07739286e-005, 0.00814527309, 0.00814527299, 9.62394906e-006, -0.999966827, -1.08519609e-005, 1, 9.53587322e-006, 0.999966827, -1.54205729e-005, 0.00814517323, 0.0081451731, -8.77568009e-006, -0.999966827, 1.54915408e-005, 1, -8.64978574e-006, 0, 0, 0, 0, 0, 0, 0, 0.131450195, 0.0249996094, -0.210339478, -0.063480365, 0.796858971, -0.600655536, -0.617675781, 0.44128418, 0.650878906, 0.783739811, 0.412403588, 0.464303599, 0, -0, 0, 0, 0, 0, 0, 0.200018652, 0.0279794922, -0.190149512, 0.152859426, 0.317307734, -0.935864536, -0.0412597656, -0.944091797, -0.326782227, -0.987232738, 0.0885846062, -0.131258373, 0, 3, 5, 1, 
927.847917, 64, 0.1, 0.1, 0.0142112437, 0.379291305, -0.0199660204, 0.999966824, -2.43305083e-005, 0.00814556352, 0.00814556336, -6.82323006e-006, -0.999966824, 2.43852802e-005, 1, -6.62481799e-006, 0.999966824, -1.26636438e-005, 0.00814554885, 0.00814554867, -1.42121871e-005, -0.999966824, 1.27789898e-005, 1, -1.41085633e-005, 0, 0, 0, 0, 0, 0, 0, 0.131450195, 0.0249996094, -0.210339478, -0.063480365, 0.796858971, -0.600655536, -0.617675781, 0.44128418, 0.650878906, 0.783739811, 0.412403588, 0.464303599, 0, -0, 0, 0, 0, 0, 0, 0.200018652, 0.0279794922, -0.190149512, 0.152859426, 0.317307734, -0.935864536, -0.0412597656, -0.944091797, -0.326782227, -0.987232738, 0.0885846062, -0.131258373, 0, 3, 5, 1, 
927.848734, 64, 0.1, 0.1, 0.0142112414, 0.379291305, -0.019965843, 0.999966826, 2.76724174e-005, 0.00814530688, 0.00814530726, -1.34878223e-005, -0.999966826, -2.7561637e-005, 1, -1.37127752e-005, 0.999966825, 2.90014114e-005, 0.00814539965, 0.00814539987, -7.4293971e-006, -0.999966826, -2.89399339e-005, 1, -7.66537872e-006, 0, 0, 0, 0, 0, 0, 0, 0.131450195, 0.0249996094, -0.210339478, -0.063480365, 0.796858971, -0.600655536, -0.617675781, 0.44128418, 0.650878906, 0.783739811, 0.412403588, 0.464303599, 0, -0, 0, 0, 0, 0, 0, 0.200018652, 0.0279794922, -0.190149512, 0.152859426, 0.317307734, -0.935864536, -0.0412597656, -0.944091797, -0.326782227, -0.987232738, 0.0885846062, -0.131258373, 0, 3, 5, 1, 
927.849569, 64, 0.1, 0.1, 0.0142112445, 0.379291304, -0.0199646666, 0.99996683, -1.28410591e-005, 0.0081448296, 0.00814482953, -5.79672103e-006, -0.99996683, 1.28878465e-005, 1, -5.69194052e-006, 0.999966829, -2.76725649e-005, 0.00814490599, 0.00814490635, 1.29118001e-005, -0.99996683, 2.75664816e-005, 1, 1.31367623e-005, 0, 0, 0, 0, 0, 0, 0, 0.132628638, 0.0223705078, -0.209598828, -0.0664454976, 0.797634794, -0.599410548, -0.621337891, 0.436889648, 0.650390625, 0.780625276, 0.415741283, 0.466701843, 0, -0, 0, 0, 0, 0, 0, 0.201203564, 0.025355127, -0.189512988, 0.150712477, 0.31691691, -0.936350142, -0.0347900391, -0.944824219, -0.325439453, -0.987826619, 0.0817926798, -0.131309412, 0, 3, 5, 1, 
927.850358, 64, 0.1, 0.1, 0.0142112414, 0.379291303, -0.019963859, 0.99996683, -1.47110284e-005, 0.00814485365, 0.00814485383, 1.24853425e-005, -0.99996683, 1.46088491e-005, 1, 1.26047476e-005, 0.99996683, 1.11351305e-005, 0.0081448077, 0.00814480748, 2.04650908e-005, -0.99996683, -1.13014454e-005, 1, 2.03737184e-005, 0, 0, 0, 0, 0, 0, 0, 0.132628638, 0.0223705078, -0.209598828, -0.0664454976, 0.797634794, -0.599410548, -0.621337891, 0.436889648, 0.650390625, 0.780625276, 0.415741283, 0.466701843, 0, -0, 0, 0, 0, 0, 0, 0.201203564, 0.025355127, -0.189512988, 0.150712477, 0.31691691, -0.936350142, -0.0347900391, -0.944824219, -0.325439453, -0.987826619, 0.0817926798, -0.131309412, 0, 3, 5, 1, 
927.851189, 64, 0.1, 0.1, 0.0142112412, 0.379291303, -0.01996342, 0.999966826, 3.44904028e-005, 0.00814534147, 0.0081453408, 1.92973985e-005, -0.999966826, -3.46464425e-005, 0.999999999, 1.90158223e-005, 0.999966827, 2.0503094e-005, 0.00814524048, 0.00814524022, 1.31528228e-005, -0.999966827, -2.06095468e-005, 1, 1.29853838e-005, 0, 0, 0, 0, 0, 0, 0, 0.132628638, 0.0223705078, -0.209598828, -0.0664454976, 0.797634794, -0.599410548, -0.621337891, 0.436889648, 0.650390625, 0.780625276, 0.415741283, 0.466701843, 0, -0, 0, 0, 0, 0, 0, 0.201203564, 0.025355127, -0.189512988, 0.150712477, 0.31691691, -0.936350142, -0.0347900391, -0.944824219, -0.325439453, -0.987826619, 0.0817926798, -0.131309412, 0, 3, 5, 1, 
927.852012, 64, 0.1, 0.1, 0.0142112411, 0.379291304, -0.0199629561, 0.999966824, -2.35275111e-005, 0.0081455489, 0.00814554916, 1.11149533e-005, -0.999966824, 2.34361931e-005, 1, 1.13062291e-005, 0.999966824, -2.42029312e-005, 0.00814556017, 0.00814555995, -8.83828601e-006, -0.999966824, 2.42741211e-005, 1, -8.64084636e-006, 0, 0, 0, 0, 0, 0, 0, 0.132628638, 0.0223705078, -0.209598828, -0.0664454976, 0.797634794, -0.599410548, -0.621337891, 0.436889648, 0.650390625, 0.780625276, 0.415741283, 0.466701843, 0, -0, 0, 0, 0, 0, 0, 0.201203564, 0.025355127, -0.189512988, 0.150712477, 0.31691691, -0.936350142, -0.0347900391, -0.944824219, -0.325439453, -0.987826619, 0.0817926798, -0.131309412, 0, 3, 5, 1, 
927.852817, 64, 0.1, 0.1, 0.0142112373, 0.379291305, -0.0199632072, 0.999966828, 1.1690923e-005, 0.00814516186, 0.00814516198, -1.02321024e-005, -0.999966828, -1.16071931e-005, 1, -1.03269875e-005, 0.999966826, 2.75518045e-005, 0.00814526747, 0.00814526794, -1.70100768e-005, -0.999966827, -2.74123389e-005, 0.999999999, -1.72339293e-005, 0, 0, 0, 0, 0, 0, 0, 0.132628638, 0.0223705078, -0.209598828, -0.0664454976, 0.797634794, -0.599410548, -0.621337891, 0.436889648, 0.650390625, 0.780625276, 0.415741283, 0.466701843, 0, -0, 0, 0, 0, 0, 0, 0.201203564, 0.025355127, -0.189512988, 0.150712477, 0.31691691, -0.936350142, -0.0347900391, -0.944824219, -0.325439453, -0.987826619, 0.0817926798, -0.131309412, 0, 3, 5, 1, 
927.853633, 64, 0.1, 0.1, 0.0142112407, 0.379291305, -0.0199640166, 0.999966831, 1.24407039e-005, 0.00814472598, 0.00814472619, -1.69344273e-005, -0.999966831, -1.2302365e-005, 1, -1.70351917e-005, 0.999966831, -1.59287224e-005, 0.00814477204, 0.00814477186, -1.12948153e-005, -0.999966831, 1.60201878e-005, 1, -1.11647048e-005, 0, 0, 0, 0, 0, 0, 0, 0.132628638, 0.0223705078, -0.209598828, -0.0682300433, 0.796056556, -0.601244147, -0.624511719, 0.435913086, 0.648071289, 0.777941713, 0.419822602, 0.467610216, 0, -0, 0, 0, 0, 0, 0, 0.201203564, 0.025355127, -0.189512988, 0.150712477, 0.31691691, -0.936350142, -0.0347900391, -0.944824219, -0.325439453, -0.987826619, 0.0817926798, -0.131309412, 0, 3, 5, 1, 
927.854468, 64, 0.1, 0.1, 0.0142112394, 0.379291304, -0.0199644033, 0.999966829, -2.84840169e-005, 0.00814488464, 0.00814488446, -6.42380349e-006, -0.99996683, 2.85353932e-005, 1, -6.19159138e-006, 0.99996683, -1.65646034e-005, 0.00814480028, 0.00814480049, 1.25269119e-005, -0.99996683, 1.64620247e-005, 1, 1.26614118e-005, 0, 0, 0, 0, 0, 0, 0, 0.133868726, 0.0189536377, -0.208796802, -0.0682300433, 0.796056556, -0.601244147, -0.624511719, 0.435913086, 0.648071289, 0.777941713, 0.419822602, 0.467610216, 0, -0, 0, 0, 0, 0, 0, 0.202200146, 0.0224381836, -0.188904785, 0.149038374, 0.315209991, -0.937174434, -0.0294189453, -0.945922852, -0.322875977, -0.98824806, 0.0758443681, -0.131641534, 0, 3, 5, 1, 
927.855266, 64, 0.1, 0.1, 0.0142112382, 0.379291303, -0.0199649878, 0.999966826, 2.47165561e-005, 0.00814535762, 0.00814535732, 1.20984574e-005, -0.999966826, -2.48142824e-005, 1, 1.18967308e-005, 0.999966826, 2.5597081e-005, 0.00814527303, 0.00814527255, 1.88080599e-005, -0.999966827, -2.57494286e-005, 0.999999999, 1.85989407e-005, 0, 0, 0, 0, 0, 0, 0, 0.133868726, 0.0189536377, -0.208796802, -0.0682300433, 0.796056556, -0.601244147, -0.624511719, 0.435913086, 0.648071289, 0.777941713, 0.419822602, 0.467610216, 0, -0, 0, 0, 0, 0, 0, 0.202200146, 0.0224381836, -0.188904785, 0.149038374, 0.315209991, -0.937174434, -0.0294189453, -0.945922852, -0.322875977, -0.98824806, 0.0758443681, -0.131641534, 0, 3, 5, 1, 
927.856086, 64, 0.1, 0.1, 0.0142112409, 0.379291303, -0.019965551, 0.999966825, -9.81034018e-006, 0.00814546428, 0.00814546448, 2.00856092e-005, -0.999966825, 9.64640811e-006, 1, 2.01648527e-005, 0.999966825, -2.44787377e-005, 0.0081454908, 0.00814549115, 1.42432445e-005, -0.999966825, 2.43619074e-005, 1, 1.44421633e-005, 0, 0, 0, 0, 0, 0, 0, 0.133868726, 0.0189536377, -0.208796802, -0.0682300433, 0.796056556, -0.601244147, -0.624511719, 0.435913086, 0.648071289, 0.777941713, 0.419822602, 0.467610216, 0, -0, 0, 0, 0, 0, 0, 0.202200146, 0.0224381836, -0.188904785, 0.149038374, 0.315209991, -0.937174434, -0.0294189453, -0.945922852, -0.322875977, -0.98824806, 0.0758443681, -0.131641534, 0, 3, 5, 1, 
927.856881, 64, 0.1, 0.1, 0.0142112374, 0.379291303, -0.0199656811, 0.999966828, -1.32327688e-005, 0.00814506209, 0.00814506223, 1.06020167e-005, -0.999966828, 1.31459758e-005, 1, 1.07094467e-005, 0.999966828, 1.29059281e-005, 0.00814516164, 0.00814516173, -7.01803587e-006, -0.999966828, -1.28483369e-005, 1, -7.12292394e-006, 0, 0, 0, 0, 0, 0, 0, 0.133868726, 0.0189536377, -0.208796802, -0.0682300433, 0.796056556, -0.601244147, -0.624511719, 0.435913086, 0.648071289, 0.777941713, 0.419822602, 0.467610216, 0, -0, 0, 0, 0, 0, 0, 0.202200146, 0.0224381836, -0.188904785, 0.149038374, 0.315209991, -0.937174434, -0.0294189453, -0.945922852, -0.322875977, -0.98824806, 0.0758443681, -0.131641534, 0, 3, 5, 1, 
927.85767, 64, 0.1, 0.1, 0.0142112383, 0.379291304, -0.0199657479, 0.99996683, 2.46177786e-005, 0.00814477651, 0.00814477671, -7.76514311e-006, -0.999966831, -2.45537167e-005, 1, -7.96539186e-006, 0.999966831, 1.28491066e-005, 0.00814479007, 0.00814479026, -1.46974616e-005, -0.999966831, -1.27289727e-005, 1, -1.48016274e-005, 0, 0, 0, 0, 0, 0, 0, 0.133868726, 0.0189536377, -0.208796802, -0.0682300433, 0.796056556, -0.601244147, -0.624511719, 0.435913086, 0.648071289, 0.777941713, 0.419822602, 0.467610216, 0, -0, 0, 0, 0, 0, 0, 0.202200146, 0.0224381836, -0.188904785, 0.149038374, 0.315209991, -0.937174434, -0.0294189453, -0.945922852, -0.322875977, -0.98824806, 0.0758443681, -0.131641534, 0, 3, 5, 1, 
927.858515, 64, 0.1, 0.1, 0.01421124, 0.379291304, -0.0199654355, 0.999966828, -2.55221965e-005, 0.0081450567, 0.00814505623, -1.83856882e-005, -0.999966828, 2.56711024e-005, 1, -1.81771986e-005, 0.999966829, -2.77308822e-005, 0.00814494834, 0.00814494802, -1.1401241e-005, -0.999966829, 2.78228249e-005, 1, -1.11749962e-005, 0, 0, 0, 0, 0, 0, 0, 0.133868726, 0.0189536377, -0.208796802, -0.0719507811, 0.795614722, -0.601300313, -0.62902832, 0.431640625, 0.646484375, 0.773958119, 0.424836259, 0.469596583, 0, -0, 0, 0, 0, 0, 0, 0.202200146, 0.0224381836, -0.188904785, 0.149038374, 0.315209991, -0.937174434, -0.0294189453, -0.945922852, -0.322875977, -0.98824806, 0.0758443681, -0.131641534, 0, 3, 5, 1, 
