time, trialNum, realDorsalTactorPos, realVentralTactorPos, boxPosX, boxPosY, boxPosZ, boxLocalRot_11, boxLocalRot_12, boxLocalRot_13, boxLocalRot_21, boxLocalRot_22, boxLocalRot_23, boxLocalRot_31, boxLocalRot_32, boxLocalRot_33, boxGlobalRot_11, boxGlobalRot_12, boxGlobalRot_13, boxGlobalRot_21, boxGlobalRot_22, boxGlobalRot_23, boxGlobalRot_31, boxGlobalRot_32, boxGlobalRot_33, indexForceX, indexForceY, indexForceZ, indexForceGlobalX, indexForceGlobalY, indexForceGlobalZ, indexContact, indexPosX, indexPosY, indexPosZ, indexRot_11, indexRot_12, indexRot_13, indexRot_21, indexRot_22, indexRot_23, indexRot_31, indexRot_32, indexRot_33, thumbForceX, thumbForceY, thumbForceZ, thumbForceGlobalX, thumbForceGlobalY, thumbForceGlobalZ, thumbContact, thumbPosX, thumbPosY, thumbPosZ, thumbRot_11, thumbRot_12, thumbRot_13, thumbRot_21, thumbRot_22, thumbRot_23, thumbRot_31, thumbRot_32, thumbRot_33, manipForceTooHigh, cceExpType, mapping, trialSuccess, 
459.109671, 66, 0.1, 0.1, 0.0208111516, 0.342509553, -0.019965041, 0.959366687, 8.57582531e-006, -0.282162293, 0.282162293, 1.81105772e-005, 0.959366687, 1.33374831e-005, -1, 1.49549099e-005, 0.95936669, 1.10961909e-007, -0.282162284, 0.282162284, 3.89823688e-006, 0.95936669, 1.20638858e-006, -1, 3.70852934e-006, 0, 0, 0, 0, 0, 0, 0, 0.272804956, -0.0334930176, -0.18699248, -0.213975766, 0.835382825, -0.506103395, -0.697143555, 0.232299805, 0.678100586, 0.684107598, 0.498007224, 0.53299975, 0, 0, -0, 0, 0, 0, 0, 0.329092822, -0.012945166, -0.150373535, -0.085617388, 0.74515437, -0.661148777, 0.237670898, -0.629150391, -0.739868164, -0.967496572, -0.220559618, -0.123250844, 0, 3, 5, 1, 
459.125966, 66, 0.1, 0.1, 0.0208112164, 0.342509368, -0.0199663602, 0.959352262, 2.77461958e-005, -0.282211332, 0.282211331, 2.26722022e-005, 0.959352263, 3.30167281e-005, -0.999999999, 1.39203376e-005, 0.959352485, 2.21972024e-005, -0.282210574, 0.282210574, 8.81803629e-006, 0.959352486, 2.37834844e-005, -1, 2.19531979e-006, 0, 0, 0, 0, 0, 0, 0, 0.280279517, -0.0466893555, -0.17910542, -0.228792072, 0.829690687, -0.508940847, -0.701538086, 0.221923828, 0.677246094, 0.674836629, 0.512009515, 0.531471688, 0, 0, -0, 0, 0, 0, 0, 0.33549165, -0.0242923828, -0.143826758, -0.104778784, 0.741618031, -0.662425493, 0.244506836, -0.626342773, -0.739990234, -0.963864351, -0.239465452, -0.115774984, 0, 3, 5, 1, 
459.126753, 66, 0.1, 0.1, 0.0208112164, 0.34250936, -0.0199673141, 0.959351524, -3.51092858e-005, -0.28221384, 0.28221384, -9.54168135e-006, 0.959351525, -3.63749414e-005, -0.999999999, 7.5449979e-007, 0.959351656, -3.32696276e-005, -0.282213394, 0.282213394, -6.46968316e-006, 0.959351656, -3.37431035e-005, -0.999999999, 3.18243324e-006, 0, 0, 0, 0, 0, 0, 0, 0.280279517, -0.0466893555, -0.17910542, -0.228792072, 0.829690687, -0.508940847, -0.701538086, 0.221923828, 0.677246094, 0.674836629, 0.512009515, 0.531471688, 0, 0, -0, 0, 0, 0, 0, 0.33549165, -0.0242923828, -0.143826758, -0.104778784, 0.741618031, -0.662425493, 0.244506836, -0.626342773, -0.739990234, -0.963864351, -0.239465452, -0.115774984, 0, 3, 5, 1, 
459.127562, 66, 0.1, 0.1, 0.0208112226, 0.342509354, -0.0199675413, 0.959350816, 4.15359144e-005, -0.282216247, 0.282216245, 4.11385871e-005, 0.959350817, 5.14574911e-005, -0.999999998, 2.77442273e-005, 0.959350957, 3.95669385e-005, -0.282215768, 0.282215767, 3.16166236e-005, 0.959350958, 4.68812901e-005, -0.999999999, 1.91650242e-005, 0, 0, 0, 0, 0, 0, 0, 0.28202063, -0.0489955078, -0.177132861, -0.233819955, 0.827966794, -0.509664251, -0.703491211, 0.217773437, 0.676513672, 0.671183658, 0.516731862, 0.531586264, 0, 0, -0, 0, 0, 0, 0, 0.336958643, -0.0266842285, -0.141461426, -0.106631525, 0.740607806, -0.663218068, 0.248901367, -0.625854492, -0.739013672, -0.962586169, -0.243867626, -0.117576685, 0, 3, 5, 1, 
459.128339, 66, 0.1, 0.1, 0.0208112252, 0.342509345, -0.0199670754, 0.959350148, -2.27499874e-005, -0.28221852, 0.28221852, -3.30706217e-005, 0.959350148, -3.11583457e-005, -0.999999999, -2.53058381e-005, 0.959350272, -1.74443885e-005, -0.282218098, 0.282218097, -3.12662845e-005, 0.959350272, -2.55591902e-005, -0.999999999, -2.50721964e-005, 0, 0, 0, 0, 0, 0, 0, 0.28202063, -0.0489955078, -0.177132861, -0.233819955, 0.827966794, -0.509664251, -0.703491211, 0.217773437, 0.676513672, 0.671183658, 0.516731862, 0.531586264, 0, 0, -0, 0, 0, 0, 0, 0.336958643, -0.0266842285, -0.141461426, -0.106631525, 0.740607806, -0.663218068, 0.248901367, -0.625854492, -0.739013672, -0.962586169, -0.243867626, -0.117576685, 0, 3, 5, 1, 
459.129119, 66, 0.1, 0.1, 0.02081123, 0.34250934, -0.019966297, 0.959349629, 3.94838057e-005, -0.282220284, 0.282220283, 1.23607825e-005, 0.959349629, 4.1367238e-005, -0.999999999, 7.1518127e-007, 0.959349714, 3.33072346e-005, -0.282219994, 0.282219994, 2.47609752e-005, 0.959349714, 3.89413283e-005, -0.999999999, 1.4354467e-005, 0, 0, 0, 0, 0, 0, 0, 0.28202063, -0.0489955078, -0.177132861, -0.233819955, 0.827966794, -0.509664251, -0.703491211, 0.217773437, 0.676513672, 0.671183658, 0.516731862, 0.531586264, 0, 0, -0, 0, 0, 0, 0, 0.336958643, -0.0266842285, -0.141461426, -0.106631525, 0.740607806, -0.663218068, 0.248901367, -0.625854492, -0.739013672, -0.962586169, -0.243867626, -0.117576685, 0, 3, 5, 1, 
459.129895, 66, 0.1, 0.1, 0.0208112303, 0.342509327, -0.0199655166, 0.959349351, -4.73787016e-005, -0.282221227, 0.282221227, -9.33924588e-006, 0.959349352, -4.80884601e-005, -0.999999999, 4.41167582e-006, 0.959349384, -3.51116367e-005, -0.282221116, 0.282221115, -3.15025604e-005, 0.959349384, -4.25750148e-005, -0.999999999, -2.03127167e-005, 0, 0, 0, 0, 0, 0, 0, 0.28202063, -0.0489955078, -0.177132861, -0.233819955, 0.827966794, -0.509664251, -0.703491211, 0.217773437, 0.676513672, 0.671183658, 0.516731862, 0.531586264, 0, 0, -0, 0, 0, 0, 0, 0.336958643, -0.0266842285, -0.141461426, -0.106631525, 0.740607806, -0.663218068, 0.248901367, -0.625854492, -0.739013672, -0.962586169, -0.243867626, -0.117576685, 0, 3, 5, 1, 
459.130671, 66, 0.1, 0.1, 0.0208112328, 0.34250932, -0.0199650105, 0.959349297, 3.94928639e-005, -0.282221412, 0.282221413, -1.8817702e-005, 0.959349297, 3.25766928e-005, -0.999999999, -2.9198481e-005, 0.959349294, 3.24529113e-005, -0.282221421, 0.282221421, -1.00673481e-005, 0.959349295, 2.82924563e-005, -0.999999999, -1.88170101e-005, 0, 0, 0, 0, 0, 0, 0, 0.28202063, -0.0489955078, -0.177132861, -0.233819955, 0.827966794, -0.509664251, -0.703491211, 0.217773437, 0.676513672, 0.671183658, 0.516731862, 0.531586264, 0, 0, -0, 0, 0, 0, 0, 0.336958643, -0.0266842285, -0.141461426, -0.106631525, 0.740607806, -0.663218068, 0.248901367, -0.625854492, -0.739013672, -0.962586169, -0.243867626, -0.117576685, 0, 3, 5, 1, 
459.131448, 66, 0.1, 0.1, 0.0208112304, 0.342509313, -0.0199649081, 0.959349325, -5.50413053e-005, -0.282221313, 0.282221314, 1.33925669e-005, 0.959349326, -4.90241713e-005, -0.999999998, 2.83819795e-005, 0.95934932, -5.12184588e-005, -0.282221331, 0.282221332, 1.3362119e-005, 0.959349321, -4.53653187e-005, -0.999999999, 2.72738814e-005, 0, 0, 0, 0, 0, 0, 0, 0.28202063, -0.0489955078, -0.177132861, -0.233819955, 0.827966794, -0.509664251, -0.703491211, 0.217773437, 0.676513672, 0.671183658, 0.516731862, 0.531586264, 0, 0, -0, 0, 0, 0, 0, 0.336958643, -0.0266842285, -0.141461426, -0.106631525, 0.740607806, -0.663218068, 0.248901367, -0.625854492, -0.739013672, -0.962586169, -0.243867626, -0.117576685, 0, 3, 5, 1, 
459.132256, 66, 0.1, 0.1, 0.0208112347, 0.342509306, -0.0199650685, 0.959349284, 4.08632972e-005, -0.282221454, 0.282221453, 1.72526419e-005, 0.959349285, 4.40712406e-005, -0.999999999, 5.01881056e-006, 0.959349309, 3.92356547e-005, -0.28222137, 0.28222137, 3.49367282e-007, 0.95934931, 3.77392972e-005, -0.999999999, -1.0737975e-005, 0, 0, 0, 0, 0, 0, 0, 0.283650659, -0.0508797119, -0.17535437, -0.240967877, 0.825691361, -0.509803915, -0.705322266, 0.211791992, 0.676513672, 0.666630548, 0.522653892, 0.531484792, 0, 0, -0, 0, 0, 0, 0, 0.336958643, -0.0266842285, -0.141461426, -0.109263714, 0.739565497, -0.663985123, 0.25402832, -0.625, -0.738037109, -0.96089894, -0.24913237, -0.119621189, 0, 3, 5, 1, 
459.133032, 66, 0.1, 0.1, 0.0208112357, 0.342509298, -0.0199652889, 0.959349166, -3.18539931e-005, -0.282221857, 0.282221856, -1.56891472e-005, 0.959349167, -3.4986922e-005, -0.999999999, -6.06147727e-006, 0.959349189, -2.70216086e-005, -0.282221779, 0.282221778, -1.73422426e-005, 0.95934919, -3.08175169e-005, -0.999999999, -9.0111799e-006, 0, 0, 0, 0, 0, 0, 0, 0.283650659, -0.0508797119, -0.17535437, -0.240967877, 0.825691361, -0.509803915, -0.705322266, 0.211791992, 0.676513672, 0.666630548, 0.522653892, 0.531484792, 0, 0, -0, 0, 0, 0, 0, 0.338382666, -0.0288730957, -0.139099512, -0.109263714, 0.739565497, -0.663985123, 0.25402832, -0.625, -0.738037109, -0.96089894, -0.24913237, -0.119621189, 0, 3, 5, 1, 
459.133812, 66, 0.1, 0.1, 0.0208112416, 0.342509291, -0.019965734, 0.95934914, 5.41045531e-005, -0.282221943, 0.282221944, -1.4790491e-005, 0.959349141, 4.77309555e-005, -0.999999998, -2.9458737e-005, 0.959349132, 4.75472149e-005, -0.282221969, 0.28222197, -7.5243961e-006, 0.959349133, 4.34908295e-005, -0.999999999, -2.06373915e-005, 0, 0, 0, 0, 0, 0, 0, 0.283650659, -0.0508797119, -0.17535437, -0.240967877, 0.825691361, -0.509803915, -0.705322266, 0.211791992, 0.676513672, 0.666630548, 0.522653892, 0.531484792, 0, 0, -0, 0, 0, 0, 0, 0.338382666, -0.0288730957, -0.139099512, -0.109263714, 0.739565497, -0.663985123, 0.25402832, -0.625, -0.738037109, -0.96089894, -0.24913237, -0.119621189, 0, 3, 5, 1, 
459.134589, 66, 0.1, 0.1, 0.0208112418, 0.342509285, -0.0199662574, 0.959349192, -4.53944282e-005, -0.282221767, 0.282221767, 1.61751402e-005, 0.959349193, -3.89841314e-005, -0.999999999, 2.83289035e-005, 0.959349184, -3.94717876e-005, -0.282221797, 0.282221797, 1.66411801e-005, 0.959349184, -3.31707234e-005, -0.999999999, 2.71045014e-005, 0, 0, 0, 0, 0, 0, 0, 0.283650659, -0.0508797119, -0.17535437, -0.240967877, 0.825691361, -0.509803915, -0.705322266, 0.211791992, 0.676513672, 0.666630548, 0.522653892, 0.531484792, 0, 0, -0, 0, 0, 0, 0, 0.338382666, -0.0288730957, -0.139099512, -0.109263714, 0.739565497, -0.663985123, 0.25402832, -0.625, -0.738037109, -0.96089894, -0.24913237, -0.119621189, 0, 3, 5, 1, 
459.135379, 66, 0.1, 0.1, 0.0208112455, 0.342509279, -0.0199665078, 0.959349174, 3.47011277e-005, -0.282221829, 0.282221829, 1.43872325e-005, 0.959349175, 3.73508893e-005, -0.999999999, 4.00896393e-006, 0.959349191, 3.5252022e-005, -0.282221773, 0.282221773, 4.13586309e-008, 0.959349191, 3.38306711e-005, -0.999999999, -9.90921078e-006, 0, 0, 0, 0, 0, 0, 0, 0.283650659, -0.0508797119, -0.17535437, -0.240967877, 0.825691361, -0.509803915, -0.705322266, 0.211791992, 0.676513672, 0.666630548, 0.522653892, 0.531484792, 0, 0, -0, 0, 0, 0, 0, 0.339355908, -0.0308040527, -0.138117676, -0.115148226, 0.739181236, -0.663364989, 0.255859375, -0.623168945, -0.738891602, -0.959799029, -0.254818923, -0.117346641, 0, 3, 5, 1, 
459.136154, 66, 0.1, 0.1, 0.020811244, 0.342509273, -0.0199666448, 0.959349112, -4.75839336e-005, -0.282222039, 0.282222039, 1.85121165e-006, 0.959349113, -4.51271517e-005, -0.999999999, 1.5205193e-005, 0.959349116, -4.26466702e-005, -0.282222026, 0.282222027, 1.39817001e-006, 0.959349117, -4.0518451e-005, -0.999999999, 1.33771629e-005, 0, 0, 0, 0, 0, 0, 0, 0.283650659, -0.0508797119, -0.17535437, -0.240967877, 0.825691361, -0.509803915, -0.705322266, 0.211791992, 0.676513672, 0.666630548, 0.522653892, 0.531484792, 0, 0, -0, 0, 0, 0, 0, 0.339355908, -0.0308040527, -0.138117676, -0.115148226, 0.739181236, -0.663364989, 0.255859375, -0.623168945, -0.738891602, -0.959799029, -0.254818923, -0.117346641, 0, 3, 5, 1, 
459.136932, 66, 0.1, 0.1, 0.0208112475, 0.342509264, -0.0199666605, 0.95934904, 3.53244945e-005, -0.282222287, 0.282222287, 7.42880125e-006, 0.95934904, 3.59850932e-005, -0.999999999, -2.84254627e-006, 0.959349067, 3.4866794e-005, -0.282222193, 0.282222193, -8.58104529e-006, 0.959349068, 3.10276649e-005, -0.999999999, -1.80724009e-005, 0, 0, 0, 0, 0, 0, 0, 0.283650659, -0.0508797119, -0.17535437, -0.240967877, 0.825691361, -0.509803915, -0.705322266, 0.211791992, 0.676513672, 0.666630548, 0.522653892, 0.531484792, 0, 0, -0, 0, 0, 0, 0, 0.339355908, -0.0308040527, -0.138117676, -0.115148226, 0.739181236, -0.663364989, 0.255859375, -0.623168945, -0.738891602, -0.959799029, -0.254818923, -0.117346641, 0, 3, 5, 1, 
459.137869, 66, 0.1, 0.1, 0.0208112425, 0.342509262, -0.0199651303, 0.959348719, -4.89715219e-005, -0.282223374, 0.282223374, -1.95252811e-005, 0.95934872, -5.24912576e-005, -0.999999999, -4.91064527e-006, 0.959348806, -5.45020917e-005, -0.282223076, 0.282223077, 9.17712305e-006, 0.959348808, -4.96965208e-005, -0.999999998, 2.41858101e-005, 0, 0, 0, 0, 0, 0, 0, 0.284823096, -0.0524753662, -0.174130249, -0.24847638, 0.824817432, -0.50762771, -0.704711914, 0.205566406, 0.678955078, 0.664482796, 0.526500067, 0.530398564, 0, 0, -0, 0, 0, 0, 0, 0.339355908, -0.0308040527, -0.138117676, -0.115148226, 0.739181236, -0.663364989, 0.255859375, -0.623168945, -0.738891602, -0.959799029, -0.254818923, -0.117346641, 0, 3, 5, 1, 
459.138661, 66, 0.1, 0.1, 0.020811246, 0.342509257, -0.019962848, 0.959348263, 3.38629789e-005, -0.282224927, 0.282224926, 4.96422551e-005, 0.959348263, 4.64966718e-005, -0.999999998, 3.80672345e-005, 0.959348361, 3.14405231e-005, -0.282224593, 0.282224592, 3.58802303e-005, 0.959348361, 4.02886977e-005, -0.999999999, 2.55483513e-005, 0, 0, 0, 0, 0, 0, 0, 0.284823096, -0.0524753662, -0.174130249, -0.24847638, 0.824817432, -0.50762771, -0.704711914, 0.205566406, 0.678955078, 0.664482796, 0.526500067, 0.530398564, 0, 0, -0, 0, 0, 0, 0, 0.339355908, -0.0308040527, -0.138117676, -0.115148226, 0.739181236, -0.663364989, 0.255859375, -0.623168945, -0.738891602, -0.959799029, -0.254818923, -0.117346641, 0, 3, 5, 1, 
459.139451, 66, 0.1, 0.1, 0.0208112458, 0.342509251, -0.0199617757, 0.959347781, -3.43120228e-005, -0.282226565, 0.282226564, -2.6504695e-005, 0.959347781, -4.03974919e-005, -0.999999999, -1.5743456e-005, 0.959347877, -2.97112703e-005, -0.282226238, 0.282226238, -2.56217777e-005, 0.959347878, -3.5734582e-005, -0.999999999, -1.6194898e-005, 0, 0, 0, 0, 0, 0, 0, 0.284823096, -0.0524753662, -0.174130249, -0.253844626, 0.824158429, -0.506093656, -0.701660156, 0.203125, 0.682861328, 0.665703819, 0.528581914, 0.526818611, 0, 0, -0, 0, 0, 0, 0, 0.339355908, -0.0308040527, -0.138117676, -0.115148226, 0.739181236, -0.663364989, 0.255859375, -0.623168945, -0.738891602, -0.959799029, -0.254818923, -0.117346641, 0, 3, 5, 1, 
459.140242, 66, 0.1, 0.1, 0.0208112503, 0.34250925, -0.0199618703, 0.959347433, 4.78672504e-005, -0.282227745, 0.282227743, 3.03457749e-005, 0.959347434, 5.44857435e-005, -0.999999998, 1.56026752e-005, 0.959347482, 3.81771717e-005, -0.282227579, 0.282227578, 4.43680882e-005, 0.959347483, 4.91470717e-005, -0.999999998, 3.1789763e-005, 0, 0, 0, 0, 0, 0, 0, 0.285891919, -0.054958374, -0.173393018, -0.253844626, 0.824158429, -0.506093656, -0.701660156, 0.203125, 0.682861328, 0.665703819, 0.528581914, 0.526818611, 0, 0, -0, 0, 0, 0, 0, 0.340876953, -0.0327762695, -0.136564502, -0.11958868, 0.738004767, -0.663844032, 0.258544922, -0.622436523, -0.738647461, -0.958424599, -0.259975026, -0.116292306, 0, 3, 5, 1, 
459.141027, 66, 0.1, 0.1, 0.0208112524, 0.342509241, -0.0199633698, 0.959347342, -3.92788271e-005, -0.282228058, 0.282228058, 1.8406005e-006, 0.959347342, -3.71625693e-005, -0.999999999, 1.28513623e-005, 0.959347339, -2.59819625e-005, -0.28222807, 0.282228069, -2.17027954e-005, 0.959347339, -3.10508647e-005, -0.999999999, -1.34876799e-005, 0, 0, 0, 0, 0, 0, 0, 0.285891919, -0.054958374, -0.173393018, -0.253844626, 0.824158429, -0.506093656, -0.701660156, 0.203125, 0.682861328, 0.665703819, 0.528581914, 0.526818611, 0, 0, -0, 0, 0, 0, 0, 0.340876953, -0.0327762695, -0.136564502, -0.11958868, 0.738004767, -0.663844032, 0.258544922, -0.622436523, -0.738647461, -0.958424599, -0.259975026, -0.116292306, 0, 3, 5, 1, 
459.141802, 66, 0.1, 0.1, 0.0208112566, 0.342509236, -0.0199655325, 0.959347451, 4.90971953e-005, -0.282227685, 0.282227686, -1.43916304e-005, 0.959347452, 4.30395526e-005, -0.999999999, -2.76631618e-005, 0.959347417, 4.18300777e-005, -0.2822278, 0.2822278, -3.71876882e-006, 0.959347418, 3.90800371e-005, -0.999999999, -1.53732021e-005, 0, 0, 0, 0, 0, 0, 0, 0.285891919, -0.054958374, -0.173393018, -0.253844626, 0.824158429, -0.506093656, -0.701660156, 0.203125, 0.682861328, 0.665703819, 0.528581914, 0.526818611, 0, 0, -0, 0, 0, 0, 0, 0.340876953, -0.0327762695, -0.136564502, -0.11958868, 0.738004767, -0.663844032, 0.258544922, -0.622436523, -0.738647461, -0.958424599, -0.259975026, -0.116292306, 0, 3, 5, 1, 
459.142581, 66, 0.1, 0.1, 0.0208112564, 0.342509229, -0.0199677258, 0.959347635, -4.47621245e-005, -0.282227061, 0.282227061, 3.48176913e-006, 0.959347636, -4.19597889e-005, -0.999999999, 1.59733098e-005, 0.959347602, -3.94336354e-005, -0.282227174, 0.282227175, 5.63112791e-006, 0.959347602, -3.62413062e-005, -0.999999999, 1.65314526e-005, 0, 0, 0, 0, 0, 0, 0, 0.285891919, -0.054958374, -0.173393018, -0.253844626, 0.824158429, -0.506093656, -0.701660156, 0.203125, 0.682861328, 0.665703819, 0.528581914, 0.526818611, 0, 0, -0, 0, 0, 0, 0, 0.340876953, -0.0327762695, -0.136564502, -0.11958868, 0.738004767, -0.663844032, 0.258544922, -0.622436523, -0.738647461, -0.958424599, -0.259975026, -0.116292306, 0, 3, 5, 1, 
459.14336, 66, 0.1, 0.1, 0.0208112597, 0.34250922, -0.0199692014, 0.959347728, 3.33903885e-005, -0.282226744, 0.282226744, -3.32203357e-006, 0.959347729, 3.10954267e-005, -0.999999999, -1.2610646e-005, 0.959347723, 3.27726327e-005, -0.282226761, 0.282226762, -1.60433187e-005, 0.959347724, 2.69124967e-005, -0.999999999, -2.46404353e-005, 0, 0, 0, 0, 0, 0, 0, 0.285891919, -0.054958374, -0.173393018, -0.253844626, 0.824158429, -0.506093656, -0.701660156, 0.203125, 0.682861328, 0.665703819, 0.528581914, 0.526818611, 0, 0, -0, 0, 0, 0, 0, 0.340876953, -0.0327762695, -0.136564502, -0.11958868, 0.738004767, -0.663844032, 0.258544922, -0.622436523, -0.738647461, -0.958424599, -0.259975026, -0.116292306, 0, 3, 5, 1, 
459.144153, 66, 0.1, 0.1, 0.0208112579, 0.342509215, -0.0199695084, 0.959347646, -3.37588884e-005, -0.282227024, 0.282227024, -2.46736426e-005, 0.959347646, -3.93500788e-005, -0.999999999, -1.41429304e-005, 0.95934768, -3.70271413e-005, -0.282226908, 0.282226908, -2.13932758e-006, 0.959347681, -3.6125678e-005, -0.999999999, 8.39769667e-006, 0, 0, 0, 0, 0, 0, 0, 0.285891919, -0.054958374, -0.173393018, -0.258889362, 0.823683273, -0.504445026, -0.698974609, 0.200683594, 0.686401367, 0.666626418, 0.530263867, 0.523962063, 0, 0, -0, 0, 0, 0, 0, 0.340876953, -0.0327762695, -0.136564502, -0.11958868, 0.738004767, -0.663844032, 0.258544922, -0.622436523, -0.738647461, -0.958424599, -0.259975026, -0.116292306, 0, 3, 5, 1, 
459.144943, 66, 0.1, 0.1, 0.020811262, 0.342509209, -0.0199683805, 0.959347408, 3.08749279e-005, -0.282227832, 0.282227831, 3.45206907e-005, 0.959347409, 3.93624817e-005, -0.999999999, 2.44035713e-005, 0.959347465, 3.0011085e-005, -0.28222764, 0.282227639, 2.27064603e-005, 0.959347465, 3.5199449e-005, -0.999999999, 1.33134274e-005, 0, 0, 0, 0, 0, 0, 0, 0.286976367, -0.0572099609, -0.172424487, -0.258889362, 0.823683273, -0.504445026, -0.698974609, 0.200683594, 0.686401367, 0.666626418, 0.530263867, 0.523962063, 0, 0, -0, 0, 0, 0, 0, 0.3424146, -0.034725293, -0.13501499, -0.12378633, 0.737205262, -0.664112355, 0.26184082, -0.62121582, -0.738525391, -0.957024649, -0.265214251, -0.116075023, 0, 3, 5, 1, 
459.145718, 66, 0.1, 0.1, 0.0208112619, 0.342509202, -0.0199665594, 0.959347125, -3.14265914e-005, -0.282228796, 0.282228795, -2.84950776e-005, 0.959347125, -3.81911415e-005, -0.999999999, -1.84671818e-005, 0.959347177, -2.73823696e-005, -0.282228619, 0.282228618, -2.86433189e-005, 0.959347177, -3.43531633e-005, -0.999999999, -1.97507987e-005, 0, 0, 0, 0, 0, 0, 0, 0.286976367, -0.0572099609, -0.172424487, -0.258889362, 0.823683273, -0.504445026, -0.698974609, 0.200683594, 0.686401367, 0.666626418, 0.530263867, 0.523962063, 0, 0, -0, 0, 0, 0, 0, 0.3424146, -0.034725293, -0.13501499, -0.12378633, 0.737205262, -0.664112355, 0.26184082, -0.62121582, -0.738525391, -0.957024649, -0.265214251, -0.116075023, 0, 3, 5, 1, 
459.146495, 66, 0.1, 0.1, 0.0208112655, 0.3425092, -0.0199647601, 0.959346946, 4.04081235e-005, -0.282229402, 0.282229401, 2.36785199e-005, 0.959346947, 4.54481844e-005, -0.999999999, 1.13115552e-005, 0.959346966, 3.22239659e-005, -0.282229335, 0.282229334, 3.62728688e-005, 0.959346966, 4.11512315e-005, -0.999999999, 2.57037182e-005, 0, 0, 0, 0, 0, 0, 0, 0.286976367, -0.0572099609, -0.172424487, -0.258889362, 0.823683273, -0.504445026, -0.698974609, 0.200683594, 0.686401367, 0.666626418, 0.530263867, 0.523962063, 0, 0, -0, 0, 0, 0, 0, 0.3424146, -0.034725293, -0.13501499, -0.12378633, 0.737205262, -0.664112355, 0.26184082, -0.62121582, -0.738525391, -0.957024649, -0.265214251, -0.116075023, 0, 3, 5, 1, 
459.147271, 66, 0.1, 0.1, 0.020811266, 0.342509191, -0.0199635572, 0.959346976, -4.4147341e-005, -0.282229298, 0.282229299, 1.74281381e-006, 0.959346977, -4.1860745e-005, -0.999999999, 1.41316362e-005, 0.959346951, -3.22768029e-005, -0.282229386, 0.282229385, -2.17109053e-005, 0.959346952, -3.70921079e-005, -0.999999999, -1.17188286e-005, 0, 0, 0, 0, 0, 0, 0, 0.286976367, -0.0572099609, -0.172424487, -0.258889362, 0.823683273, -0.504445026, -0.698974609, 0.200683594, 0.686401367, 0.666626418, 0.530263867, 0.523962063, 0, 0, -0, 0, 0, 0, 0, 0.3424146, -0.034725293, -0.13501499, -0.12378633, 0.737205262, -0.664112355, 0.26184082, -0.62121582, -0.738525391, -0.957024649, -0.265214251, -0.116075023, 0, 3, 5, 1, 
459.148047, 66, 0.1, 0.1, 0.0208112699, 0.342509187, -0.0199632778, 0.959347197, 5.01299114e-005, -0.282228548, 0.282228549, -1.28709231e-005, 0.959347198, 4.44594481e-005, -0.999999999, -2.64957761e-005, 0.959347142, 4.24172204e-005, -0.282228737, 0.282228738, -2.1560781e-006, 0.959347142, 4.00843319e-005, -0.999999999, -1.40397859e-005, 0, 0, 0, 0, 0, 0, 0, 0.286976367, -0.0572099609, -0.172424487, -0.258889362, 0.823683273, -0.504445026, -0.698974609, 0.200683594, 0.686401367, 0.666626418, 0.530263867, 0.523962063, 0, 0, -0, 0, 0, 0, 0, 0.3424146, -0.034725293, -0.13501499, -0.12378633, 0.737205262, -0.664112355, 0.26184082, -0.62121582, -0.738525391, -0.957024649, -0.265214251, -0.116075023, 0, 3, 5, 1, 
459.14882, 66, 0.1, 0.1, 0.0208112687, 0.342509182, -0.0199639836, 0.959347478, -5.0504705e-005, -0.282227592, 0.282227593, 9.80473664e-006, 0.959347479, -4.56843943e-005, -0.999999999, 2.36599707e-005, 0.959347426, -4.52907587e-005, -0.28222777, 0.28222777, 1.18081245e-005, 0.959347427, -4.01169922e-005, -0.999999999, 2.41104037e-005, 0, 0, 0, 0, 0, 0, 0, 0.286976367, -0.0572099609, -0.172424487, -0.258889362, 0.823683273, -0.504445026, -0.698974609, 0.200683594, 0.686401367, 0.666626418, 0.530263867, 0.523962063, 0, 0, -0, 0, 0, 0, 0, 0.3424146, -0.034725293, -0.13501499, -0.12378633, 0.737205262, -0.664112355, 0.26184082, -0.62121582, -0.738525391, -0.957024649, -0.265214251, -0.116075023, 0, 3, 5, 1, 
459.149622, 66, 0.1, 0.1, 0.0208112727, 0.342509174, -0.0199650178, 0.959347661, 4.10210079e-005, -0.282226971, 0.282226971, 2.24652715e-006, 0.959347662, 3.99874385e-005, -0.999999999, -9.42203422e-006, 0.959347643, 4.05992736e-005, -0.282227034, 0.282227035, -1.2761866e-005, 0.959347643, 3.53470738e-005, -0.999999999, -2.37012786e-005, 0, 0, 0, 0, 0, 0, 0, 0.287834766, -0.0596670898, -0.171628296, -0.264041561, 0.823594906, -0.501768577, -0.6953125, 0.197998047, 0.690917969, 0.668431182, 0.531266598, 0.520571949, 0, 0, -0, 0, 0, 0, 0, 0.343611084, -0.0366311035, -0.13445791, -0.129670842, 0.737000005, -0.663287697, 0.262939453, -0.619262695, -0.739624023, -0.955924739, -0.270268275, -0.113410751, 0, 3, 5, 1, 
459.150401, 66, 0.1, 0.1, 0.0208112707, 0.342509171, -0.0199662897, 0.95934763, -3.88784743e-005, -0.282227077, 0.282227077, -1.90949967e-005, 0.959347631, -4.26870974e-005, -0.999999999, -7.34618168e-006, 0.959347654, -4.09856431e-005, -0.282226995, 0.282226995, 4.3663568e-006, 0.959347655, -3.80871769e-005, -0.999999999, 1.57561091e-005, 0, 0, 0, 0, 0, 0, 0, 0.287834766, -0.0596670898, -0.171628296, -0.264041561, 0.823594906, -0.501768577, -0.6953125, 0.197998047, 0.690917969, 0.668431182, 0.531266598, 0.520571949, 0, 0, -0, 0, 0, 0, 0, 0.343611084, -0.0366311035, -0.13445791, -0.129670842, 0.737000005, -0.663287697, 0.262939453, -0.619262695, -0.739624023, -0.955924739, -0.270268275, -0.113410751, 0, 3, 5, 1, 
459.151177, 66, 0.1, 0.1, 0.0208112735, 0.342509166, -0.019967424, 0.959347425, 2.62714939e-005, -0.282227776, 0.282227775, 3.73662249e-005, 0.959347425, 3.57492766e-005, -0.999999999, 2.84326463e-005, 0.959347476, 2.51287452e-005, -0.282227603, 0.282227602, 2.5629766e-005, 0.959347476, 3.13406257e-005, -0.999999999, 1.74958258e-005, 0, 0, 0, 0, 0, 0, 0, 0.287834766, -0.0596670898, -0.171628296, -0.264041561, 0.823594906, -0.501768577, -0.6953125, 0.197998047, 0.690917969, 0.668431182, 0.531266598, 0.520571949, 0, 0, -0, 0, 0, 0, 0, 0.343611084, -0.0366311035, -0.13445791, -0.129670842, 0.737000005, -0.663287697, 0.262939453, -0.619262695, -0.739624023, -0.955924739, -0.270268275, -0.113410751, 0, 3, 5, 1, 
459.151981, 66, 0.1, 0.1, 0.0208112725, 0.34250916, -0.0199677499, 0.959347158, -3.35021022e-005, -0.282228683, 0.282228682, -3.21697663e-005, 0.959347158, -4.12193773e-005, -0.999999999, -2.14067197e-005, 0.959347207, -3.03080566e-005, -0.282228518, 0.282228517, -3.09966674e-005, 0.959347207, -3.7824093e-005, -0.999999999, -2.11827684e-005, 0, 0, 0, 0, 0, 0, 0, 0.288437085, -0.0615083252, -0.170247339, -0.269626976, 0.822301986, -0.50087443, -0.694824219, 0.193969727, 0.692504883, 0.666720394, 0.534808359, 0.51919441, 0, 0, -0, 0, 0, 0, 0, 0.344375977, -0.0385483887, -0.133685889, -0.135299792, 0.736513665, -0.66258444, 0.263916016, -0.617675781, -0.740600586, -0.95492071, -0.274983615, -0.110759239, 0, 3, 5, 1, 
459.152757, 66, 0.1, 0.1, 0.0208112757, 0.342509157, -0.0199674246, 0.959346993, 3.92618997e-005, -0.282229243, 0.282229243, 1.50726538e-005, 0.959346994, 4.19197292e-005, -0.999999999, 3.37904889e-006, 0.959347011, 3.04148055e-005, -0.282229184, 0.282229183, 2.64812303e-005, 0.959347011, 3.66521288e-005, -0.999999999, 1.68207434e-005, 0, 0, 0, 0, 0, 0, 0, 0.288437085, -0.0615083252, -0.170247339, -0.269626976, 0.822301986, -0.50087443, -0.694824219, 0.193969727, 0.692504883, 0.666720394, 0.534808359, 0.51919441, 0, 0, -0, 0, 0, 0, 0, 0.344375977, -0.0385483887, -0.133685889, -0.135299792, 0.736513665, -0.66258444, 0.263916016, -0.617675781, -0.740600586, -0.95492071, -0.274983615, -0.110759239, 0, 3, 5, 1, 
459.153796, 66, 0.1, 0.1, 0.0208112728, 0.342509144, -0.0199639042, 0.959347088, -5.80836584e-005, -0.282228916, 0.282228917, 4.04362462e-006, 0.95934709, -5.45811609e-005, -0.999999998, 2.02721275e-005, 0.95934705, -4.97442938e-005, -0.282229048, 0.282229047, -2.16923743e-005, 0.959347051, -5.38442597e-005, -0.999999999, -6.77123071e-006, 0, 0, 0, 0, 0, 0, 0, 0.288437085, -0.0615083252, -0.170247339, -0.269626976, 0.822301986, -0.50087443, -0.694824219, 0.193969727, 0.692504883, 0.666720394, 0.534808359, 0.51919441, 0, 0, -0, 0, 0, 0, 0, 0.344375977, -0.0385483887, -0.133685889, -0.135299792, 0.736513665, -0.66258444, 0.263916016, -0.617675781, -0.740600586, -0.95492071, -0.274983615, -0.110759239, 0, 3, 5, 1, 
459.154592, 66, 0.1, 0.1, 0.0208112769, 0.342509141, -0.0199600382, 0.959347389, 6.13607869e-005, -0.282227892, 0.282227893, -1.08878347e-005, 0.959347391, 5.57934601e-005, -0.999999998, -2.77629414e-005, 0.959347318, 5.08067089e-005, -0.282228135, 0.282228135, 7.60584868e-007, 0.95934732, 4.89559385e-005, -0.999999999, -1.36094176e-005, 0, 0, 0, 0, 0, 0, 0, 0.288437085, -0.0615083252, -0.170247339, -0.269626976, 0.822301986, -0.50087443, -0.694824219, 0.193969727, 0.692504883, 0.666720394, 0.534808359, 0.51919441, 0, 0, -0, 0, 0, 0, 0, 0.344375977, -0.0385483887, -0.133685889, -0.135299792, 0.736513665, -0.66258444, 0.263916016, -0.617675781, -0.740600586, -0.95492071, -0.274983615, -0.110759239, 0, 3, 5, 1, 
459.155373, 66, 0.1, 0.1, 0.0208112773, 0.342509137, -0.0199585066, 0.959347744, -4.60611156e-005, -0.282226689, 0.28222669, 1.19513615e-005, 0.959347745, -4.08156342e-005, -0.999999999, 2.44651879e-005, 0.95934768, -4.15426334e-005, -0.282226908, 0.282226909, 1.57546726e-005, 0.95934768, -3.54074365e-005, -0.999999999, 2.68386576e-005, 0, 0, 0, 0, 0, 0, 0, 0.288437085, -0.0615083252, -0.170247339, -0.269626976, 0.822301986, -0.50087443, -0.694824219, 0.193969727, 0.692504883, 0.666720394, 0.534808359, 0.51919441, 0, 0, -0, 0, 0, 0, 0, 0.344375977, -0.0385483887, -0.133685889, -0.135299792, 0.736513665, -0.66258444, 0.263916016, -0.617675781, -0.740600586, -0.95492071, -0.274983615, -0.110759239, 0, 3, 5, 1, 
459.156158, 66, 0.1, 0.1, 0.0208112847, 0.342509129, -0.0199595109, 0.959347962, 6.17976475e-005, -0.282225946, 0.282225947, -9.9712326e-007, 0.959347963, 5.90040332e-005, -0.999999998, -1.83974877e-005, 0.959347937, 6.08226353e-005, -0.28222603, 0.282226032, -1.71786881e-005, 0.959347938, 5.35017968e-005, -0.999999998, -3.364607e-005, 0, 0, 0, 0, 0, 0, 0, 0.288437085, -0.0615083252, -0.170247339, -0.269626976, 0.822301986, -0.50087443, -0.694824219, 0.193969727, 0.692504883, 0.666720394, 0.534808359, 0.51919441, 0, 0, -0, 0, 0, 0, 0, 0.344375977, -0.0385483887, -0.133685889, -0.135299792, 0.736513665, -0.66258444, 0.263916016, -0.617675781, -0.740600586, -0.95492071, -0.274983615, -0.110759239, 0, 3, 5, 1, 
459.156966, 66, 0.1, 0.1, 0.0208112848, 0.342509126, -0.019962209, 0.959347939, -3.49891189e-005, -0.282226029, 0.282226028, -2.80550844e-005, 0.959347939, -4.14846142e-005, -0.999999999, -1.70397473e-005, 0.959347966, -3.64502709e-005, -0.282225937, 0.282225937, -1.77333342e-007, 0.959347966, -3.50185413e-005, -0.999999999, 1.01170875e-005, 0, 0, 0, 0, 0, 0, 0, 0.289495532, -0.0631045898, -0.168384863, -0.274940178, 0.821453145, -0.499414516, -0.695678711, 0.188476562, 0.693115234, 0.663606981, 0.5380326, 0.519828326, 0, 0, -0, 0, 0, 0, 0, 0.344952148, -0.0392172852, -0.133095361, -0.14410414, 0.735790352, -0.661459377, 0.266479492, -0.614868164, -0.74206543, -0.952900259, -0.283283399, -0.107449679, 0, 3, 5, 1, 
459.157744, 66, 0.1, 0.1, 0.0208112888, 0.342509119, -0.0199658288, 0.959347714, 3.34374082e-005, -0.282226791, 0.28222679, 2.87846962e-005, 0.959347715, 4.02019136e-005, -0.999999999, 1.81776001e-005, 0.95934777, 3.21702023e-005, -0.282226603, 0.282226602, 1.59582082e-005, 0.95934777, 3.53662428e-005, -0.999999999, 6.2301845e-006, 0, 0, 0, 0, 0, 0, 0, 0.289495532, -0.0631045898, -0.168384863, -0.274940178, 0.821453145, -0.499414516, -0.695678711, 0.188476562, 0.693115234, 0.663606981, 0.5380326, 0.519828326, 0, 0, -0, 0, 0, 0, 0, 0.344952148, -0.0392172852, -0.133095361, -0.14410414, 0.735790352, -0.661459377, 0.266479492, -0.614868164, -0.74206543, -0.952900259, -0.283283399, -0.107449679, 0, 3, 5, 1, 
459.15852, 66, 0.1, 0.1, 0.0208112888, 0.342509112, -0.0199692709, 0.959347434, -3.06448255e-005, -0.282227743, 0.282227742, -3.28926422e-005, 0.959347435, -3.86822509e-005, -0.999999999, -2.2906652e-005, 0.959347486, -2.53441155e-005, -0.282227568, 0.282227567, -3.21047645e-005, 0.959347486, -3.33746631e-005, -0.999999999, -2.3646817e-005, 0, 0, 0, 0, 0, 0, 0, 0.289495532, -0.0631045898, -0.168384863, -0.274940178, 0.821453145, -0.499414516, -0.695678711, 0.188476562, 0.693115234, 0.663606981, 0.5380326, 0.519828326, 0, 0, -0, 0, 0, 0, 0, 0.344952148, -0.0392172852, -0.133095361, -0.14410414, 0.735790352, -0.661459377, 0.266479492, -0.614868164, -0.74206543, -0.952900259, -0.283283399, -0.107449679, 0, 3, 5, 1, 
459.1593, 66, 0.1, 0.1, 0.0208112905, 0.34250911, -0.0199714245, 0.959347253, 2.7380601e-005, -0.282228361, 0.282228361, 1.4820701e-005, 0.959347253, 3.04503266e-005, -1, 6.49061666e-006, 0.959347276, 2.03711235e-005, -0.282228284, 0.282228284, 2.38173455e-005, 0.959347276, 2.62649104e-005, -1, 1.70997983e-005, 0, 0, 0, 0, 0, 0, 0, 0.289495532, -0.0631045898, -0.168384863, -0.274940178, 0.821453145, -0.499414516, -0.695678711, 0.188476562, 0.693115234, 0.663606981, 0.5380326, 0.519828326, 0, 0, -0, 0, 0, 0, 0, 0.344952148, -0.0392172852, -0.133095361, -0.14410414, 0.735790352, -0.661459377, 0.266479492, -0.614868164, -0.74206543, -0.952900259, -0.283283399, -0.107449679, 0, 3, 5, 1, 
459.160076, 66, 0.1, 0.1, 0.0208112904, 0.342509102, -0.0199716939, 0.959347241, -3.58539841e-005, -0.282228401, 0.282228401, 5.53740354e-007, 0.959347241, -3.42401394e-005, -0.999999999, 1.06502419e-005, 0.959347228, -2.70804697e-005, -0.282228445, 0.282228445, -1.82609927e-005, 0.959347228, -3.11333452e-005, -0.999999999, -9.87575387e-006, 0, 0, 0, 0, 0, 0, 0, 0.289495532, -0.0631045898, -0.168384863, -0.274940178, 0.821453145, -0.499414516, -0.695678711, 0.188476562, 0.693115234, 0.663606981, 0.5380326, 0.519828326, 0, 0, -0, 0, 0, 0, 0, 0.344952148, -0.0392172852, -0.133095361, -0.14410414, 0.735790352, -0.661459377, 0.266479492, -0.614868164, -0.74206543, -0.952900259, -0.283283399, -0.107449679, 0, 3, 5, 1, 
459.160852, 66, 0.1, 0.1, 0.0208112935, 0.342509099, -0.0199701543, 0.959347384, 3.97035656e-005, -0.282227914, 0.282227915, -9.38870463e-006, 0.959347384, 3.54397573e-005, -0.999999999, -2.02124838e-005, 0.959347346, 3.38024925e-005, -0.282228044, 0.282228044, -1.31377729e-006, 0.959347346, 3.20575467e-005, -0.999999999, -1.08003801e-005, 0, 0, 0, 0, 0, 0, 0, 0.289495532, -0.0631045898, -0.168384863, -0.274940178, 0.821453145, -0.499414516, -0.695678711, 0.188476562, 0.693115234, 0.663606981, 0.5380326, 0.519828326, 0, 0, -0, 0, 0, 0, 0, 0.344952148, -0.0392172852, -0.133095361, -0.14410414, 0.735790352, -0.661459377, 0.266479492, -0.614868164, -0.74206543, -0.952900259, -0.283283399, -0.107449679, 0, 3, 5, 1, 
459.161662, 66, 0.1, 0.1, 0.0208112909, 0.342509095, -0.0199669707, 0.95934759, -5.0990444e-005, -0.282227213, 0.282227214, 1.41817404e-005, 0.959347591, -4.49150865e-005, -0.999999999, 2.79961094e-005, 0.959347553, -4.82855907e-005, -0.282227338, 0.282227339, 1.62153317e-005, 0.959347554, -4.17462534e-005, -0.999999999, 2.91836526e-005, 0, 0, 0, 0, 0, 0, 0, 0.290760254, -0.0649288574, -0.166966797, -0.280595986, 0.820502832, -0.497891323, -0.696166992, 0.182983398, 0.694091797, 0.660671423, 0.541396505, 0.520081444, 0, 0, -0, 0, 0, 0, 0, 0.345817969, -0.0400942871, -0.132100342, -0.151937275, 0.735137402, -0.660570919, 0.269897461, -0.611938477, -0.743286133, -0.95077773, -0.291084818, -0.105392415, 0, 3, 5, 1, 
459.162444, 66, 0.1, 0.1, 0.0208112949, 0.34250909, -0.0199636483, 0.959347696, 4.28994902e-005, -0.282226854, 0.282226854, 9.41215056e-006, 0.959347697, 4.38118888e-005, -0.999999999, -3.07786322e-006, 0.95934769, 4.23880917e-005, -0.282226874, 0.282226874, -5.60091738e-006, 0.959347691, 3.90841885e-005, -0.999999999, -1.73362858e-005, 0, 0, 0, 0, 0, 0, 0, 0.290760254, -0.0649288574, -0.166966797, -0.280595986, 0.820502832, -0.497891323, -0.696166992, 0.182983398, 0.694091797, 0.660671423, 0.541396505, 0.520081444, 0, 0, -0, 0, 0, 0, 0, 0.345817969, -0.0400942871, -0.132100342, -0.151937275, 0.735137402, -0.660570919, 0.269897461, -0.611938477, -0.743286133, -0.95077773, -0.291084818, -0.105392415, 0, 3, 5, 1, 
459.163223, 66, 0.1, 0.1, 0.0208112924, 0.342509088, -0.0199613435, 0.959347597, -4.02997106e-005, -0.282227191, 0.28222719, -2.49129391e-005, 0.959347597, -4.56925394e-005, -0.999999999, -1.25264942e-005, 0.959347636, -4.42793127e-005, -0.282227056, 0.282227056, 3.68482427e-006, 0.959347637, -4.14392969e-005, -0.999999999, 1.60318475e-005, 0, 0, 0, 0, 0, 0, 0, 0.290760254, -0.0649288574, -0.166966797, -0.280595986, 0.820502832, -0.497891323, -0.696166992, 0.182983398, 0.694091797, 0.660671423, 0.541396505, 0.520081444, 0, 0, -0, 0, 0, 0, 0, 0.345817969, -0.0400942871, -0.132100342, -0.151937275, 0.735137402, -0.660570919, 0.269897461, -0.611938477, -0.743286133, -0.95077773, -0.291084818, -0.105392415, 0, 3, 5, 1, 
459.164018, 66, 0.1, 0.1, 0.0208112974, 0.342509084, -0.0199606423, 0.959347288, 4.1560382e-005, -0.282228241, 0.28222824, 4.23382903e-005, 0.959347288, 5.1819901e-005, -0.999999998, 2.88876105e-005, 0.959347361, 4.02509436e-005, -0.282227992, 0.282227991, 2.90018469e-005, 0.959347362, 4.67997696e-005, -0.999999999, 1.64629023e-005, 0, 0, 0, 0, 0, 0, 0, 0.290760254, -0.0649288574, -0.166966797, -0.280595986, 0.820502832, -0.497891323, -0.696166992, 0.182983398, 0.694091797, 0.660671423, 0.541396505, 0.520081444, 0, 0, -0, 0, 0, 0, 0, 0.346759961, -0.041192334, -0.131126807, -0.158505354, 0.73410129, -0.660072187, 0.272216797, -0.610107422, -0.743896484, -0.949013208, -0.297576339, -0.103130628, 0, 3, 5, 1, 
459.164796, 66, 0.1, 0.1, 0.0208112972, 0.342509078, -0.0199615966, 0.959346927, -3.67704377e-005, -0.282229468, 0.282229466, -4.05912556e-005, 0.959346927, -4.67316548e-005, -0.999999999, -2.85633953e-005, 0.959346993, -3.06154523e-005, -0.282229243, 0.282229242, -3.88497783e-005, 0.959346993, -4.03353856e-005, -0.999999999, -2.86298421e-005, 0, 0, 0, 0, 0, 0, 0, 0.290760254, -0.0649288574, -0.166966797, -0.280595986, 0.820502832, -0.497891323, -0.696166992, 0.182983398, 0.694091797, 0.660671423, 0.541396505, 0.520081444, 0, 0, -0, 0, 0, 0, 0, 0.346759961, -0.041192334, -0.131126807, -0.158505354, 0.73410129, -0.660072187, 0.272216797, -0.610107422, -0.743896484, -0.949013208, -0.297576339, -0.103130628, 0, 3, 5, 1, 
459.165576, 66, 0.1, 0.1, 0.0208112995, 0.342509075, -0.019963935, 0.959346689, 3.83305805e-005, -0.282230277, 0.282230277, 1.60853941e-005, 0.959346689, 4.13121008e-005, -0.999999999, 4.61341922e-006, 0.959346719, 2.91700625e-005, -0.282230175, 0.282230174, 2.8138276e-005, 0.959346719, 3.59256743e-005, -0.999999999, 1.8761691e-005, 0, 0, 0, 0, 0, 0, 0, 0.290760254, -0.0649288574, -0.166966797, -0.280595986, 0.820502832, -0.497891323, -0.696166992, 0.182983398, 0.694091797, 0.660671423, 0.541396505, 0.520081444, 0, 0, -0, 0, 0, 0, 0, 0.346759961, -0.041192334, -0.131126807, -0.158505354, 0.73410129, -0.660072187, 0.272216797, -0.610107422, -0.743896484, -0.949013208, -0.297576339, -0.103130628, 0, 3, 5, 1, 
459.166371, 66, 0.1, 0.1, 0.0208112998, 0.342509066, -0.0199667251, 0.95934667, -4.19134771e-005, -0.28223034, 0.28223034, -7.4862844e-006, 0.959346671, -4.23224113e-005, -0.999999999, 4.64731289e-006, 0.959346655, -3.08427682e-005, -0.282230393, 0.282230392, -2.85884118e-005, 0.959346655, -3.76574252e-005, -0.999999999, -1.87214307e-005, 0, 0, 0, 0, 0, 0, 0, 0.291867529, -0.0667918213, -0.16519917, -0.284944648, 0.818765835, -0.498253025, -0.697509766, 0.179321289, 0.693725586, 0.657405241, 0.545255785, 0.520138732, 0, 0, -0, 0, 0, 0, 0, 0.346759961, -0.041192334, -0.131126807, -0.158505354, 0.73410129, -0.660072187, 0.272216797, -0.610107422, -0.743896484, -0.949013208, -0.297576339, -0.103130628, 0, 3, 5, 1, 
459.167149, 66, 0.1, 0.1, 0.0208113022, 0.342509061, -0.0199689257, 0.959346835, 4.01441566e-005, -0.282229781, 0.282229782, -1.57647215e-005, 0.959346835, 3.40628957e-005, -0.999999999, -2.64537122e-005, 0.959346792, 3.30565874e-005, -0.282229925, 0.282229926, -7.52660132e-006, 0.959346793, 2.9588499e-005, -0.999999999, -1.6550179e-005, 0, 0, 0, 0, 0, 0, 0, 0.291867529, -0.0667918213, -0.16519917, -0.284944648, 0.818765835, -0.498253025, -0.697509766, 0.179321289, 0.693725586, 0.657405241, 0.545255785, 0.520138732, 0, 0, -0, 0, 0, 0, 0, 0.346759961, -0.041192334, -0.131126807, -0.158505354, 0.73410129, -0.660072187, 0.272216797, -0.610107422, -0.743896484, -0.949013208, -0.297576339, -0.103130628, 0, 3, 5, 1, 
