time, trialNum, realDorsalTactorPos, realVentralTactorPos, boxPosX, boxPosY, boxPosZ, boxLocalRot_11, boxLocalRot_12, boxLocalRot_13, boxLocalRot_21, boxLocalRot_22, boxLocalRot_23, boxLocalRot_31, boxLocalRot_32, boxLocalRot_33, boxGlobalRot_11, boxGlobalRot_12, boxGlobalRot_13, boxGlobalRot_21, boxGlobalRot_22, boxGlobalRot_23, boxGlobalRot_31, boxGlobalRot_32, boxGlobalRot_33, indexForceX, indexForceY, indexForceZ, indexForceGlobalX, indexForceGlobalY, indexForceGlobalZ, indexContact, indexPosX, indexPosY, indexPosZ, indexRot_11, indexRot_12, indexRot_13, indexRot_21, indexRot_22, indexRot_23, indexRot_31, indexRot_32, indexRot_33, thumbForceX, thumbForceY, thumbForceZ, thumbForceGlobalX, thumbForceGlobalY, thumbForceGlobalZ, thumbContact, thumbPosX, thumbPosY, thumbPosZ, thumbRot_11, thumbRot_12, thumbRot_13, thumbRot_21, thumbRot_22, thumbRot_23, thumbRot_31, thumbRot_32, thumbRot_33, manipForceTooHigh, cceExpType, mapping, trialSuccess, 
464.125304, 68, 0.1, 0.1, 0.225, -0.115000019, -0.0199785942, 0.70710678, -0.707106782, -8.87123113e-007, 0.707106781, 0.707106779, 5.29940899e-005, -3.68451896e-005, -3.8099771e-005, 0.999999999, 0.707106781, -0.707106781, -2.43742201e-017, 0.70710678, 0.70710678, 5.64003829e-005, -3.98810932e-005, -3.98810932e-005, 0.999999998, 0, 0, 0, 0, 0, 0, 0, 0.179771313, -0.130985449, -0.139864941, -0.750670655, 0.638529035, -0.169194517, -0.371459961, -0.196289063, 0.907470703, 0.546399052, 0.743988583, 0.384720021, 0, 0, 0, 0, 0, 0, 0, 0.254900732, -0.0878662109, -0.127195459, -0.432462749, 0.762561263, -0.480876357, 0.154296875, -0.462890625, -0.872802734, -0.888327855, -0.451573001, 0.0826336985, 1, 3, 5, 0, 
464.126123, 68, 0.1, 0.1, 0.225, -0.115000012, -0.0199615793, 0.707106781, -0.707106781, -8.41368373e-007, 0.707106779, 0.707106779, -7.3067124e-005, 5.22611962e-005, 5.10713216e-005, 0.999999997, 0.70710678, -0.707106783, 1.99917183e-007, 0.707106781, 0.707106778, -6.92983777e-005, 4.88599901e-005, 4.91427155e-005, 0.999999998, 0, 0, 0, 0, 0, 0, 0, 0.178891431, -0.131774268, -0.140151489, -0.746566875, 0.645278567, -0.161617865, -0.366577148, -0.196411133, 0.909423828, 0.555142064, 0.738223069, 0.383396405, 0, 0, 0, 0, 0, 0, 0, 0.254660645, -0.0886124512, -0.127421973, -0.432520352, 0.764216409, -0.478301037, 0.150268555, -0.461791992, -0.874023437, -0.888947623, -0.449803383, 0.0849910016, 1, 3, 5, 0, 
464.126914, 68, 0.1, 0.1, 0.225, -0.115000018, -0.0199480348, 0.707106782, -0.70710678, 1.77565496e-007, 0.707106778, 0.707106779, 8.83759849e-005, -6.26168159e-005, -6.23657005e-005, 0.999999996, 0.707106783, -0.707106779, 1.10367673e-006, 0.707106777, 0.707106781, 8.19174551e-005, -5.87048051e-005, -5.71439709e-005, 0.999999997, 0, 0, 0, 0, 0, 0, 0, 0.178891431, -0.131774268, -0.140151489, -0.746566875, 0.645278567, -0.161617865, -0.366577148, -0.196411133, 0.909423828, 0.555142064, 0.738223069, 0.383396405, 0, 0, 0, 0, 0, 0, 0, 0.254660645, -0.0886124512, -0.127421973, -0.432520352, 0.764216409, -0.478301037, 0.150268555, -0.461791992, -0.874023437, -0.888947623, -0.449803383, 0.0849910016, 1, 3, 5, 0, 
464.127701, 68, 0.1, 0.1, 0.225000001, -0.115000009, -0.0199416567, 0.707106757, -0.707106806, -1.9440236e-006, 0.707106801, 0.707106752, -0.000112248266, 8.07461449e-005, 7.79968749e-005, 0.999999994, 0.707106764, -0.707106799, -3.52284741e-006, 0.707106795, 0.70710676, -0.000100767872, 7.37446766e-005, 6.87626145e-005, 0.999999995, 0, 0, 0, 0, 0, 0, 0, 0.178891431, -0.131774268, -0.140151489, -0.746566875, 0.645278567, -0.161617865, -0.366577148, -0.196411133, 0.909423828, 0.555142064, 0.738223069, 0.383396405, 0, 0, 0, 0, 0, 0, 0, 0.254660645, -0.0886124512, -0.127421973, -0.432520352, 0.764216409, -0.478301037, 0.150268555, -0.461791992, -0.874023437, -0.888947623, -0.449803383, 0.0849910016, 1, 3, 5, 0, 
464.128491, 68, 0.1, 0.1, 0.225, -0.115000012, -0.019943632, 0.707106699, -0.707106864, 3.27009002e-006, 0.70710686, 0.707106696, 9.03795998e-005, -6.62203379e-005, -6.15957174e-005, 0.999999996, 0.707106711, -0.707106851, 4.02660707e-006, 0.707106849, 0.707106709, 7.65022443e-005, -5.6942502e-005, -5.12480089e-005, 0.999999997, 0, 0, 0, 0, 0, 0, 0, 0.178891431, -0.131774268, -0.140151489, -0.746566875, 0.645278567, -0.161617865, -0.366577148, -0.196411133, 0.909423828, 0.555142064, 0.738223069, 0.383396405, 0, 0, 0, 0, 0, 0, 0, 0.254660645, -0.0886124512, -0.127421973, -0.432520352, 0.764216409, -0.478301037, 0.150268555, -0.461791992, -0.874023437, -0.888947623, -0.449803383, 0.0849910016, 1, 3, 5, 0, 
464.129279, 68, 0.1, 0.1, 0.225000001, -0.115000008, -0.0199525804, 0.707106616, -0.707106946, -6.22799531e-006, 0.707106943, 0.707106614, -8.16081556e-005, 6.21095503e-005, 5.3301808e-005, 0.999999997, 0.707106632, -0.70710693, -5.62748803e-006, 0.707106928, 0.707106631, -6.86238837e-005, 5.25036579e-005, 4.45451675e-005, 0.999999998, 0, 0, 0, 0, 0, 0, 0, 0.178891431, -0.131774268, -0.140151489, -0.746566875, 0.645278567, -0.161617865, -0.366577148, -0.196411133, 0.909423828, 0.555142064, 0.738223069, 0.383396405, 0, 0, 0, 0, 0, 0, 0, 0.254660645, -0.0886124512, -0.127421973, -0.432520352, 0.764216409, -0.478301037, 0.150268555, -0.461791992, -0.874023437, -0.888947623, -0.449803383, 0.0849910016, 1, 3, 5, 0, 
464.130064, 68, 0.1, 0.1, 0.225000001, -0.115000008, -0.0199647609, 0.707106533, -0.707107029, 1.89741979e-006, 0.707107028, 0.707106532, 5.42364974e-005, -3.96926865e-005, -3.70093028e-005, 0.999999999, 0.707106548, -0.707107015, 3.98333935e-007, 0.707107014, 0.707106547, 4.26939095e-005, -3.04708274e-005, -2.99074782e-005, 0.999999999, 0, 0, 0, 0, 0, 0, 0, 0.178891431, -0.131774268, -0.140151489, -0.746566875, 0.645278567, -0.161617865, -0.366577148, -0.196411133, 0.909423828, 0.555142064, 0.738223069, 0.383396405, 0, 0, 0, 0, 0, 0, 0, 0.254660645, -0.0886124512, -0.127421973, -0.432520352, 0.764216409, -0.478301037, 0.150268555, -0.461791992, -0.874023437, -0.888947623, -0.449803383, 0.0849910016, 1, 3, 5, 0, 
464.130882, 68, 0.1, 0.1, 0.225000001, -0.115000008, -0.0199760145, 0.707106469, -0.707107093, 4.47323764e-007, 0.707107093, 0.707106469, -3.64931551e-005, 2.54882633e-005, 2.61208519e-005, 0.999999999, 0.70710648, -0.707107083, 1.4287963e-006, 0.707107082, 0.707106479, -2.98148777e-005, 2.00720001e-005, 2.20926052e-005, 1, 0, 0, 0, 0, 0, 0, 0, 0.178584595, -0.132219751, -0.140409717, -0.744209449, 0.649953365, -0.153570926, -0.361816406, -0.19909668, 0.910766602, 0.561442649, 0.733404119, 0.383481406, 0, 0, 0, 0, 0, 0, 0, 0.254784521, -0.0890027832, -0.127409131, -0.434162372, 0.765264181, -0.475112513, 0.148071289, -0.459594727, -0.875610352, -0.888506493, -0.450429714, 0.086185328, 1, 3, 5, 0, 
464.131677, 68, 0.1, 0.1, 0.225000001, -0.115000008, -0.0199822359, 0.707106433, -0.70710713, -3.10884333e-006, 0.707107129, 0.707106433, 2.77027927e-005, -1.73905591e-005, -2.17871082e-005, 1, 0.70710644, -0.707107123, -3.04790632e-006, 0.707107123, 0.707106439, 2.29698404e-005, -1.40869435e-005, -1.83973183e-005, 1, 0, 0, 0, 0, 0, 0, 0, 0.178584595, -0.132219751, -0.140409717, -0.744209449, 0.649953365, -0.153570926, -0.361816406, -0.19909668, 0.910766602, 0.561442649, 0.733404119, 0.383481406, 0, 0, 0, 0, 0, 0, 0, 0.254784521, -0.0890027832, -0.127409131, -0.434162372, 0.765264181, -0.475112513, 0.148071289, -0.459594727, -0.875610352, -0.888506493, -0.450429714, 0.086185328, 1, 3, 5, 0, 
464.132586, 68, 0.1, 0.1, 0.225000001, -0.115000006, -0.0199814536, 0.707106402, -0.707107161, 8.30250133e-007, 0.70710716, 0.707106402, -2.79287449e-005, 1.91615403e-005, 2.03356701e-005, 1, 0.707106409, -0.707107153, 2.2542849e-007, 0.707107153, 0.707106409, -2.67216515e-005, 1.8735669e-005, 1.90544532e-005, 1, 0, 0, 0, 0, 0, 0, 0, 0.178584595, -0.132219751, -0.140409717, -0.744209449, 0.649953365, -0.153570926, -0.361816406, -0.19909668, 0.910766602, 0.561442649, 0.733404119, 0.383481406, 0, 0, 0, 0, 0, 0, 0, 0.254784521, -0.0890027832, -0.127409131, -0.434162372, 0.765264181, -0.475112513, 0.148071289, -0.459594727, -0.875610352, -0.888506493, -0.450429714, 0.086185328, 1, 3, 5, 0, 
464.133432, 68, 0.1, 0.1, 0.225000001, -0.115000006, -0.0199735834, 0.707106369, -0.707107194, -2.74047487e-007, 0.707107194, 0.707106369, -1.08017196e-005, 7.83175432e-006, 7.44418374e-006, 1, 0.707106375, -0.707107187, 1.86139363e-007, 0.707107187, 0.707106375, 7.33866541e-006, -5.32084339e-006, -5.05759662e-006, 1, 0, 0, 0, 0, 0, 0, 0, 0.178890234, -0.132789624, -0.139413599, -0.74276751, 0.652014994, -0.151496193, -0.360229492, -0.198608398, 0.911499023, 0.564304067, 0.731594486, 0.382534841, 0, 0, 0, 0, 0, 0, 0, 0.255191455, -0.0893212402, -0.12635957, -0.43496734, 0.764324684, -0.475898525, 0.149780273, -0.459716797, -0.875244141, -0.887854642, -0.452001371, 0.0854890013, 1, 3, 5, 0, 
464.134217, 68, 0.1, 0.1, 0.225000001, -0.115000009, -0.0199642887, 0.707106342, -0.70710722, 4.33357584e-007, 0.70710722, 0.707106342, 2.41804072e-005, -1.74045704e-005, -1.6791689e-005, 1, 0.707106346, -0.707107216, -3.35768945e-007, 0.707107216, 0.707106346, 3.34711228e-005, -2.34302481e-005, -2.3905068e-005, 0.999999999, 0, 0, 0, 0, 0, 0, 0, 0.178890234, -0.132789624, -0.139413599, -0.74276751, 0.652014994, -0.151496193, -0.360229492, -0.198608398, 0.911499023, 0.564304067, 0.731594486, 0.382534841, 0, 0, 0, 0, 0, 0, 0, 0.255191455, -0.0893212402, -0.12635957, -0.43496734, 0.764324684, -0.475898525, 0.149780273, -0.459716797, -0.875244141, -0.887854642, -0.452001371, 0.0854890013, 1, 3, 5, 0, 
464.135005, 68, 0.1, 0.1, 0.225000001, -0.115000008, -0.0199563559, 0.707106324, -0.707107239, 1.25597619e-006, 0.707107239, 0.707106324, 7.22831271e-006, -5.99930094e-006, -4.22307578e-006, 1, 0.707106327, -0.707107235, 1.30297562e-006, 0.707107235, 0.707106327, -6.55489483e-006, 3.71367126e-006, 5.5563511e-006, 1, 0, 0, 0, 0, 0, 0, 0, 0.178890234, -0.132789624, -0.139413599, -0.74276751, 0.652014994, -0.151496193, -0.360229492, -0.198608398, 0.911499023, 0.564304067, 0.731594486, 0.382534841, 0, 0, 0, 0, 0, 0, 0, 0.255191455, -0.0893212402, -0.12635957, -0.43496734, 0.764324684, -0.475898525, 0.149780273, -0.459716797, -0.875244141, -0.887854642, -0.452001371, 0.0854890013, 1, 3, 5, 0, 
464.135903, 68, 0.1, 0.1, 0.225000001, -0.115000003, -0.0199512066, 0.707106305, -0.707107257, -1.13050864e-006, 0.707107257, 0.707106304, -4.44835382e-005, 3.22540225e-005, 3.06551995e-005, 0.999999999, 0.707106309, -0.707107254, 9.66021658e-008, 0.707107253, 0.707106308, -3.41938026e-005, 2.41103778e-005, 2.42469616e-005, 0.999999999, 0, 0, 0, 0, 0, 0, 0, 0.178890234, -0.132789624, -0.139413599, -0.74276751, 0.652014994, -0.151496193, -0.360229492, -0.198608398, 0.911499023, 0.564304067, 0.731594486, 0.382534841, 0, 0, 0, 0, 0, 0, 0, 0.255191455, -0.0893212402, -0.12635957, -0.43496734, 0.764324684, -0.475898525, 0.149780273, -0.459716797, -0.875244141, -0.887854642, -0.452001371, 0.0854890013, 1, 3, 5, 0, 
464.136702, 68, 0.1, 0.1, 0.225000001, -0.115000006, -0.0199502335, 0.707106297, -0.707107265, 9.17222999e-007, 0.707107265, 0.707106297, -7.61821913e-006, 4.73832394e-006, 6.03546577e-006, 1, 0.707106297, -0.707107265, 3.73921782e-007, 0.707107265, 0.707106297, 2.62874194e-005, -1.88524277e-005, -1.8323597e-005, 1, 0, 0, 0, 0, 0, 0, 0, 0.178890234, -0.132789624, -0.139413599, -0.74276751, 0.652014994, -0.151496193, -0.360229492, -0.198608398, 0.911499023, 0.564304067, 0.731594486, 0.382534841, 0, 0, 0, 0, 0, 0, 0, 0.255191455, -0.0893212402, -0.12635957, -0.43496734, 0.764324684, -0.475898525, 0.149780273, -0.459716797, -0.875244141, -0.887854642, -0.452001371, 0.0854890013, 1, 3, 5, 0, 
464.137484, 68, 0.1, 0.1, 0.225000003, -0.115000007, -0.0199544549, 0.707106278, -0.707107284, -1.9375176e-005, 0.707107284, 0.707106278, 1.86945517e-005, 4.81254916e-007, -2.6919363e-005, 1, 0.707106278, -0.707107284, -2.07575667e-005, 0.707107285, 0.707106277, 2.80306025e-005, -5.14283752e-006, -3.44984416e-005, 0.999999999, 0, 0, 0, 0, 0, 0, 0, 0.178890234, -0.132789624, -0.139413599, -0.74276751, 0.652014994, -0.151496193, -0.360229492, -0.198608398, 0.911499023, 0.564304067, 0.731594486, 0.382534841, 0, 0, 0, 0, 0, 0, 0, 0.255191455, -0.0893212402, -0.12635957, -0.43496734, 0.764324684, -0.475898525, 0.149780273, -0.459716797, -0.875244141, -0.887854642, -0.452001371, 0.0854890013, 1, 3, 5, 0, 
464.138298, 68, 0.1, 0.1, 0.224999998, -0.115, -0.0199619551, 0.707106417, -0.707107145, 2.71029024e-005, 0.707107145, 0.707106416, -4.54293525e-005, 1.29587835e-005, 5.12880426e-005, 0.999999999, 0.707106371, -0.707107191, 2.90901262e-005, 0.707107191, 0.707106369, -5.85175169e-005, 2.08083435e-005, 6.19479464e-005, 0.999999998, 0, 0, 0, 0, 0, 0, 0, 0.179240039, -0.132434082, -0.137809766, -0.744513864, 0.650181395, -0.150809858, -0.360351562, -0.201416016, 0.910766602, 0.56186164, 0.732502859, 0.384527199, 0, 0, 0, 0, 0, 0, 0, 0.255529053, -0.089470166, -0.125053809, -0.437088403, 0.763052699, -0.47601373, 0.15234375, -0.458740234, -0.875366211, -0.886359177, -0.455080887, 0.0842494656, 1, 3, 5, 0, 
464.139082, 68, 0.1, 0.1, 0.225, -0.115000003, -0.0199697367, 0.707106415, -0.707107146, -3.42887048e-005, 0.707107147, 0.707106415, 1.92808767e-005, 1.06121174e-005, -3.78794198e-005, 0.999999999, 0.707106446, -0.707107115, -3.24856362e-005, 0.707107116, 0.707106446, 2.38717443e-005, 6.09092252e-006, -3.98506888e-005, 0.999999999, 0, 0, 0, 0, 0, 0, 0, 0.179240039, -0.132434082, -0.137809766, -0.744513864, 0.650181395, -0.150809858, -0.360351562, -0.201416016, 0.910766602, 0.56186164, 0.732502859, 0.384527199, 0, 0, 0, 0, 0, 0, 0, 0.255529053, -0.089470166, -0.125053809, -0.437088403, 0.763052699, -0.47601373, 0.15234375, -0.458740234, -0.875366211, -0.886359177, -0.455080887, 0.0842494656, 1, 3, 5, 0, 
464.139868, 68, 0.1, 0.1, 0.224999996, -0.115, -0.019975594, 0.707106349, -0.707107213, 3.7603283e-005, 0.707107214, 0.707106348, -4.04712558e-005, 2.0279968e-006, 5.52070346e-005, 0.999999998, 0.707106328, -0.707107234, 3.96994947e-005, 0.707107235, 0.707106327, -2.57111945e-005, -9.89119231e-006, 4.62523482e-005, 0.999999999, 0, 0, 0, 0, 0, 0, 0, 0.179240039, -0.132434082, -0.137809766, -0.744513864, 0.650181395, -0.150809858, -0.360351562, -0.201416016, 0.910766602, 0.56186164, 0.732502859, 0.384527199, 0, 0, 0, 0, 0, 0, 0, 0.255529053, -0.089470166, -0.125053809, -0.437088403, 0.763052699, -0.47601373, 0.15234375, -0.458740234, -0.875366211, -0.886359177, -0.455080887, 0.0842494656, 1, 3, 5, 0, 
464.140651, 68, 0.1, 0.1, 0.224999992, -0.114999998, -0.0199778556, 0.707106433, -0.707107129, -1.53690996e-005, 0.70710713, 0.707106432, 2.66672808e-005, -7.98903518e-006, -2.97242057e-005, 1, 0.707106444, -0.707107118, 1.04929429e-005, 0.707107118, 0.707106444, 7.88083202e-006, -1.29922199e-005, 1.84704748e-006, 1, 0, 0, 0, 0, 0, 0, 0, 0.179240039, -0.132434082, -0.137809766, -0.744513864, 0.650181395, -0.150809858, -0.360351562, -0.201416016, 0.910766602, 0.56186164, 0.732502859, 0.384527199, 0, 0, 0, 0, 0, 0, 0, 0.255529053, -0.089470166, -0.125053809, -0.437088403, 0.763052699, -0.47601373, 0.15234375, -0.458740234, -0.875366211, -0.886359177, -0.455080887, 0.0842494656, 1, 3, 5, 0, 
464.141446, 68, 0.1, 0.1, 0.225000002, -0.115000007, -0.0199759623, 0.707106304, -0.707107258, -2.46181513e-005, 0.707107258, 0.707106303, 3.59724282e-005, -8.02871505e-006, -4.28440042e-005, 0.999999999, 0.707106311, -0.70710725, -3.81111454e-005, 0.707107251, 0.70710631, 4.60922502e-005, -5.64353289e-006, -5.95407883e-005, 0.999999998, 0, 0, 0, 0, 0, 0, 0, 0.179240039, -0.132434082, -0.137809766, -0.744513864, 0.650181395, -0.150809858, -0.360351562, -0.201416016, 0.910766602, 0.56186164, 0.732502859, 0.384527199, 0, 0, 0, 0, 0, 0, 0, 0.255529053, -0.089470166, -0.125053809, -0.437088403, 0.763052699, -0.47601373, 0.15234375, -0.458740234, -0.875366211, -0.886359177, -0.455080887, 0.0842494656, 1, 3, 5, 0, 
464.142239, 68, 0.1, 0.1, 0.224999999, -0.115000001, -0.0199707547, 0.707106328, -0.707107233, 3.43924172e-005, 0.707107234, 0.707106328, -3.4717881e-005, 2.30168969e-007, 4.88683604e-005, 0.999999999, 0.707106342, -0.70710722, 2.51454204e-005, 0.70710722, 0.707106341, -4.564155e-005, 1.44929833e-005, 5.00539378e-005, 0.999999999, 0, 0, 0, 0, 0, 0, 0, 0.179240039, -0.132434082, -0.137809766, -0.744513864, 0.650181395, -0.150809858, -0.360351562, -0.201416016, 0.910766602, 0.56186164, 0.732502859, 0.384527199, 0, 0, 0, 0, 0, 0, 0, 0.255529053, -0.089470166, -0.125053809, -0.437088403, 0.763052699, -0.47601373, 0.15234375, -0.458740234, -0.875366211, -0.886359177, -0.455080887, 0.0842494656, 1, 3, 5, 0, 
464.143055, 68, 0.1, 0.1, 0.224999997, -0.115000008, -0.0199637017, 0.707105947, -0.707107614, -4.0252605e-005, 0.707107615, 0.707105946, 3.47378568e-005, 3.89945326e-006, -5.30262687e-005, 0.999999999, 0.707106071, -0.707107491, -1.75128768e-005, 0.707107491, 0.707106069, 4.90231029e-005, -2.22811419e-005, -4.70480201e-005, 0.999999999, 0, 0, 0, 0, 0, 0, 0, 0.179803687, -0.132096851, -0.136024805, -0.746393889, 0.647986094, -0.150992583, -0.361694336, -0.204589844, 0.909545898, 0.55857524, 0.733468521, 0.387275163, 0, 0, 0, 0, 0, 0, 0, 0.255519385, -0.0890462891, -0.124119336, -0.441400892, 0.760853978, -0.475406722, 0.154541016, -0.457397461, -0.875610352, -0.883866613, -0.459853463, 0.0843132647, 1, 3, 5, 0, 
464.14384, 68, 0.1, 0.1, 0.224999998, -0.115000006, -0.0199580774, 0.707105226, -0.707108336, 1.74019902e-005, 0.707108336, 0.707105226, -3.42975356e-005, 1.19470351e-005, 3.6557059e-005, 0.999999999, 0.707105351, -0.70710821, 2.42148094e-005, 0.707108211, 0.707105351, -2.24418037e-005, -1.25363765e-006, 3.29912101e-005, 0.999999999, 0, 0, 0, 0, 0, 0, 0, 0.179803687, -0.132096851, -0.136024805, -0.746393889, 0.647986094, -0.150992583, -0.361694336, -0.204589844, 0.909545898, 0.55857524, 0.733468521, 0.387275163, 0, 0, 0, 0, 0, 0, 0, 0.255519385, -0.0890462891, -0.124119336, -0.441400892, 0.760853978, -0.475406722, 0.154541016, -0.457397461, -0.875610352, -0.883866613, -0.459853463, 0.0843132647, 1, 3, 5, 0, 
464.144623, 68, 0.1, 0.1, 0.224999998, -0.115000005, -0.0199554358, 0.707104661, -0.707108901, 4.98149578e-006, 0.707108901, 0.707104661, -1.22343265e-005, 5.1285623e-006, 1.21734093e-005, 1, 0.707104785, -0.707108778, -1.06630451e-005, 0.707108778, 0.707104785, 9.73492826e-007, 6.85152487e-006, -8.2282942e-006, 1, 0, 0, 0, 0, 0, 0, 0, 0.179803687, -0.132096851, -0.136024805, -0.746393889, 0.647986094, -0.150992583, -0.361694336, -0.204589844, 0.909545898, 0.55857524, 0.733468521, 0.387275163, 0, 0, 0, 0, 0, 0, 0, 0.255519385, -0.0890462891, -0.124119336, -0.441400892, 0.760853978, -0.475406722, 0.154541016, -0.457397461, -0.875610352, -0.883866613, -0.459853463, 0.0843132647, 1, 3, 5, 0, 
464.145412, 68, 0.1, 0.1, 0.224999999, -0.115000008, -0.019956318, 0.707103959, -0.707109604, -9.24599362e-006, 0.707109604, 0.707103958, 2.84521236e-005, -1.35808912e-005, -2.66565401e-005, 1, 0.707104085, -0.707109477, -2.44670685e-005, 0.707109478, 0.707104084, 2.21092652e-005, 1.66709313e-006, -3.29344478e-005, 0.999999999, 0, 0, 0, 0, 0, 0, 0, 0.179803687, -0.132096851, -0.136024805, -0.746393889, 0.647986094, -0.150992583, -0.361694336, -0.204589844, 0.909545898, 0.55857524, 0.733468521, 0.387275163, 0, 0, 0, 0, 0, 0, 0, 0.255519385, -0.0890462891, -0.124119336, -0.441400892, 0.760853978, -0.475406722, 0.154541016, -0.457397461, -0.875610352, -0.883866613, -0.459853463, 0.0843132647, 1, 3, 5, 0, 
464.146197, 68, 0.1, 0.1, 0.224999993, -0.115000004, -0.0199602316, 0.707103437, -0.707110125, 3.41611339e-005, 0.707110126, 0.707103436, -2.09934995e-005, -9.31073912e-006, 3.90002593e-005, 0.999999999, 0.707103553, -0.707110008, 4.35872081e-005, 0.707110009, 0.707103552, -2.89392059e-005, -1.03574676e-005, 5.12839664e-005, 0.999999999, 0, 0, 0, 0, 0, 0, 0, 0.179803687, -0.132096851, -0.136024805, -0.746393889, 0.647986094, -0.150992583, -0.361694336, -0.204589844, 0.909545898, 0.55857524, 0.733468521, 0.387275163, 0, 0, 0, 0, 0, 0, 0, 0.255519385, -0.0890462891, -0.124119336, -0.441400892, 0.760853978, -0.475406722, 0.154541016, -0.457397461, -0.875610352, -0.883866613, -0.459853463, 0.0843132647, 1, 3, 5, 0, 
464.146978, 68, 0.1, 0.1, 0.224999998, -0.115000009, -0.0199656987, 0.707103034, -0.707110527, -4.11153643e-005, 0.707110528, 0.707103033, 3.2176533e-005, 6.32043359e-006, -5.18252311e-005, 0.999999999, 0.707103103, -0.707110459, -3.59547042e-005, 0.70711046, 0.707103101, 4.38325663e-005, -5.57078323e-006, -5.6418091e-005, 0.999999998, 0, 0, 0, 0, 0, 0, 0, 0.179803687, -0.132096851, -0.136024805, -0.746393889, 0.647986094, -0.150992583, -0.361694336, -0.204589844, 0.909545898, 0.55857524, 0.733468521, 0.387275163, 0, 0, 0, 0, 0, 0, 0, 0.255519385, -0.0890462891, -0.124119336, -0.441400892, 0.760853978, -0.475406722, 0.154541016, -0.457397461, -0.875610352, -0.883866613, -0.459853463, 0.0843132647, 1, 3, 5, 0, 
464.147796, 68, 0.1, 0.1, 0.224999995, -0.115000004, -0.0199706764, 0.707102715, -0.707110846, 4.55658257e-005, 0.707110847, 0.707102713, -5.62354523e-005, 7.54497929e-006, 7.19843306e-005, 0.999999997, 0.707102753, -0.707110808, 3.75469458e-005, 0.707110809, 0.707102751, -4.75703494e-005, 7.08795955e-006, 6.01869762e-005, 0.999999998, 0, 0, 0, 0, 0, 0, 0, 0.180001172, -0.131404541, -0.135561328, -0.746895255, 0.648543626, -0.146529345, -0.360961914, -0.210327148, 0.908569336, 0.558531057, 0.731526337, 0.391264749, 0, 0, 0, 0, 0, 0, 0, 0.255466504, -0.0884827637, -0.124256494, -0.446307628, 0.760546642, -0.471298024, 0.153320313, -0.453857422, -0.877685547, -0.881559249, -0.463936274, 0.0860952761, 1, 3, 5, 0, 
464.148766, 68, 0.1, 0.1, 0.224999992, -0.115, -0.0199726616, 0.707102524, -0.707111038, -2.32198834e-005, 0.707111039, 0.707102523, 2.59086083e-005, -1.90142479e-006, -3.47390782e-005, 0.999999999, 0.707102515, -0.707111047, -1.47425107e-005, 0.707111047, 0.707102515, 4.8370046e-007, 1.00824364e-005, -1.0766618e-005, 1, 0, 0, 0, 0, 0, 0, 0, 0.180001172, -0.131404541, -0.135561328, -0.746895255, 0.648543626, -0.146529345, -0.360961914, -0.210327148, 0.908569336, 0.558531057, 0.731526337, 0.391264749, 0, 0, 0, 0, 0, 0, 0, 0.255466504, -0.0884827637, -0.124256494, -0.446307628, 0.760546642, -0.471298024, 0.153320313, -0.453857422, -0.877685547, -0.881559249, -0.463936274, 0.0860952761, 1, 3, 5, 0, 
464.149619, 68, 0.1, 0.1, 0.224999995, -0.115000003, -0.0199694191, 0.707102468, -0.707111094, 2.60590481e-005, 0.707111095, 0.707102467, -2.37976068e-005, -1.59886544e-006, 3.52539886e-005, 0.999999999, 0.707102467, -0.707111095, 1.90509058e-007, 0.707111095, 0.707102467, 3.06361094e-006, -2.30102271e-006, -2.03157579e-006, 1, 0, 0, 0, 0, 0, 0, 0, 0.180001172, -0.131404541, -0.135561328, -0.744735902, 0.651721441, -0.14300668, -0.359741211, -0.211791992, 0.908691406, 0.562020399, 0.728180406, 0.3924371, 0, 0, 0, 0, 0, 0, 0, 0.255466504, -0.0884827637, -0.124256494, -0.446307628, 0.760546642, -0.471298024, 0.153320313, -0.453857422, -0.877685547, -0.881559249, -0.463936274, 0.0860952761, 1, 3, 5, 0, 
464.15042, 68, 0.1, 0.1, 0.224999989, -0.114999994, -0.0199650363, 0.707102529, -0.707111034, -1.0329632e-006, 0.707111033, 0.707102529, -1.63682504e-005, 1.23045813e-005, 1.08436116e-005, 1, 0.707102541, -0.707111021, 2.94071408e-005, 0.707111022, 0.70710254, -2.9068052e-005, -2.39524063e-007, 4.13482068e-005, 0.999999999, 0, 0, 0, 0, 0, 0, 0, 0.180568628, -0.131698804, -0.135377734, -0.744735902, 0.651721441, -0.14300668, -0.359741211, -0.211791992, 0.908691406, 0.562020399, 0.728180406, 0.3924371, 0, 0, 0, 0, 0, 0, 0, 0.255955811, -0.0885049805, -0.124439795, -0.449361625, 0.76071252, -0.468128456, 0.150512695, -0.452026367, -0.879150391, -0.880530067, -0.465514495, 0.0886377799, 1, 3, 5, 0, 
464.151212, 68, 0.1, 0.1, 0.224999998, -0.115000002, -0.0199612919, 0.707102696, -0.707110866, -3.87240815e-005, 0.707110867, 0.707102695, 2.54420842e-005, 9.39152823e-006, -4.53723851e-005, 0.999999999, 0.707102676, -0.707110884, -5.3172669e-005, 0.707110886, 0.707102675, 3.82015029e-005, 1.0585838e-005, -6.4611358e-005, 0.999999998, 0, 0, 0, 0, 0, 0, 0, 0.180568628, -0.131698804, -0.135377734, -0.744735902, 0.651721441, -0.14300668, -0.359741211, -0.211791992, 0.908691406, 0.562020399, 0.728180406, 0.3924371, 0, 0, 0, 0, 0, 0, 0, 0.255955811, -0.0885049805, -0.124439795, -0.449361625, 0.76071252, -0.468128456, 0.150512695, -0.452026367, -0.879150391, -0.880530067, -0.465514495, 0.0886377799, 1, 3, 5, 0, 
464.151996, 68, 0.1, 0.1, 0.224999991, -0.114999995, -0.0199592975, 0.707102915, -0.707110646, 5.27229075e-005, 0.707110648, 0.707102913, -4.28139762e-005, -7.00630315e-006, 6.75548166e-005, 0.999999998, 0.707102866, -0.707110695, 4.58751513e-005, 0.707110697, 0.707102863, -5.59120178e-005, 7.09753495e-006, 7.19743582e-005, 0.999999997, 0, 0, 0, 0, 0, 0, 0, 0.180568628, -0.131698804, -0.135377734, -0.744735902, 0.651721441, -0.14300668, -0.359741211, -0.211791992, 0.908691406, 0.562020399, 0.728180406, 0.3924371, 0, 0, 0, 0, 0, 0, 0, 0.255955811, -0.0885049805, -0.124439795, -0.449361625, 0.76071252, -0.468128456, 0.150512695, -0.452026367, -0.879150391, -0.880530067, -0.465514495, 0.0886377799, 1, 3, 5, 0, 
464.152781, 68, 0.1, 0.1, 0.224999995, -0.114999999, -0.0199596275, 0.707103171, -0.707110389, -4.82927702e-005, 0.707110391, 0.707103169, 5.92266028e-005, -7.73177531e-006, -7.60276383e-005, 0.999999997, 0.707103099, -0.707110462, -3.90658802e-005, 0.707110463, 0.707103098, 4.96923602e-005, -7.5143829e-006, -6.27615146e-005, 0.999999998, 0, 0, 0, 0, 0, 0, 0, 0.180568628, -0.131698804, -0.135377734, -0.744735902, 0.651721441, -0.14300668, -0.359741211, -0.211791992, 0.908691406, 0.562020399, 0.728180406, 0.3924371, 0, 0, 0, 0, 0, 0, 0, 0.255955811, -0.0885049805, -0.124439795, -0.449361625, 0.76071252, -0.468128456, 0.150512695, -0.452026367, -0.879150391, -0.880530067, -0.465514495, 0.0886377799, 1, 3, 5, 0, 
464.153569, 68, 0.1, 0.1, 0.224999997, -0.115000002, -0.0199619822, 0.707103475, -0.707110087, 3.20533062e-005, 0.707110088, 0.707103474, -3.69788369e-005, 3.48310445e-006, 4.88130802e-005, 0.999999999, 0.707103379, -0.707110183, 2.10694293e-005, 0.707110183, 0.707103379, -7.99561122e-006, -9.24448658e-006, 2.05521317e-005, 1, 0, 0, 0, 0, 0, 0, 0, 0.180568628, -0.131698804, -0.135377734, -0.744735902, 0.651721441, -0.14300668, -0.359741211, -0.211791992, 0.908691406, 0.562020399, 0.728180406, 0.3924371, 0, 0, 0, 0, 0, 0, 0, 0.255955811, -0.0885049805, -0.124439795, -0.449361625, 0.76071252, -0.468128456, 0.150512695, -0.452026367, -0.879150391, -0.880530067, -0.465514495, 0.0886377799, 1, 3, 5, 0, 
464.154371, 68, 0.1, 0.1, 0.224999992, -0.114999997, -0.0199654492, 0.707103818, -0.707109744, -1.89977938e-005, 0.707109744, 0.707103818, 1.41500522e-005, 3.42777273e-006, -2.3439081e-005, 1, 0.707103735, -0.707109828, 1.03983924e-005, 0.707109828, 0.707103735, -1.57104413e-005, 3.75626539e-006, 1.84617172e-005, 1, 0, 0, 0, 0, 0, 0, 0, 0.180568628, -0.131698804, -0.135377734, -0.740639236, 0.657398971, -0.138336751, -0.356933594, -0.210571289, 0.91003418, 0.569157843, 0.723449824, 0.390708721, 0, 0, 0, 0, 0, 0, 0, 0.255955811, -0.0885049805, -0.124439795, -0.449361625, 0.76071252, -0.468128456, 0.150512695, -0.452026367, -0.879150391, -0.880530067, -0.465514495, 0.0886377799, 1, 3, 5, 0, 
464.155173, 68, 0.1, 0.1, 0.224999999, -0.115000005, -0.0199684041, 0.707104243, -0.707109319, -6.38143203e-006, 0.707109319, 0.707104243, 1.99874199e-005, -9.62095325e-006, -1.86455595e-005, 1, 0.707104186, -0.707109376, -3.22296285e-005, 0.707109377, 0.707104185, 3.02906225e-005, 1.37092202e-006, -4.42084985e-005, 0.999999999, 0, 0, 0, 0, 0, 0, 0, 0.180353223, -0.132316016, -0.134921094, -0.740639236, 0.657398971, -0.138336751, -0.356933594, -0.210571289, 0.91003418, 0.569157843, 0.723449824, 0.390708721, 0, 0, 0, 0, 0, 0, 0, 0.255756982, -0.0894424805, -0.124459424, -0.448627019, 0.762495631, -0.46598114, 0.145874023, -0.451904297, -0.879882812, -0.881680284, -0.462626743, 0.0915638115, 1, 3, 5, 0, 
464.155956, 68, 0.1, 0.1, 0.224999992, -0.114999999, -0.0199702475, 0.707104701, -0.707108861, 3.21004214e-005, 0.707108862, 0.7071047, -2.10499949e-005, -7.81372097e-006, 3.75830428e-005, 0.999999999, 0.707104623, -0.707108938, 4.14183541e-005, 0.707108939, 0.707104623, -2.95268686e-005, -8.408397e-006, 5.01658737e-005, 0.999999999, 0, 0, 0, 0, 0, 0, 0, 0.180353223, -0.132316016, -0.134921094, -0.740639236, 0.657398971, -0.138336751, -0.356933594, -0.210571289, 0.91003418, 0.569157843, 0.723449824, 0.390708721, 0, 0, 0, 0, 0, 0, 0, 0.255756982, -0.0894424805, -0.124459424, -0.448627019, 0.762495631, -0.46598114, 0.145874023, -0.451904297, -0.879882812, -0.881680284, -0.462626743, 0.0915638115, 1, 3, 5, 0, 
464.156764, 68, 0.1, 0.1, 0.224999996, -0.115000004, -0.0199704512, 0.707105169, -0.707108393, -3.42557031e-005, 0.707108393, 0.707105168, 2.72190975e-005, 4.97553243e-006, -4.34692597e-005, 0.999999999, 0.707105065, -0.707108497, -2.86223146e-005, 0.707108497, 0.707105064, 3.79502547e-005, -6.59596396e-006, -4.70738992e-005, 0.999999999, 0, 0, 0, 0, 0, 0, 0, 0.180353223, -0.132316016, -0.134921094, -0.740639236, 0.657398971, -0.138336751, -0.356933594, -0.210571289, 0.91003418, 0.569157843, 0.723449824, 0.390708721, 0, 0, 0, 0, 0, 0, 0, 0.255756982, -0.0894424805, -0.124459424, -0.448627019, 0.762495631, -0.46598114, 0.145874023, -0.451904297, -0.879882812, -0.881680284, -0.462626743, 0.0915638115, 1, 3, 5, 0, 
464.157565, 68, 0.1, 0.1, 0.224999993, -0.115, -0.0199687625, 0.707105624, -0.707107937, 3.83426324e-005, 0.707107938, 0.707105623, -4.60927144e-005, 5.48023318e-006, 5.97047973e-005, 0.999999998, 0.707105516, -0.707108045, 3.22049706e-005, 0.707108046, 0.707105515, -3.9928323e-005, 5.46132614e-006, 5.10059313e-005, 0.999999999, 0, 0, 0, 0, 0, 0, 0, 0.180353223, -0.132316016, -0.134921094, -0.740639236, 0.657398971, -0.138336751, -0.356933594, -0.210571289, 0.91003418, 0.569157843, 0.723449824, 0.390708721, 0, 0, 0, 0, 0, 0, 0, 0.255756982, -0.0894424805, -0.124459424, -0.448627019, 0.762495631, -0.46598114, 0.145874023, -0.451904297, -0.879882812, -0.881680284, -0.462626743, 0.0915638115, 1, 3, 5, 0, 
464.158355, 68, 0.1, 0.1, 0.224999992, -0.115, -0.019966089, 0.707106079, -0.707107483, -3.36839858e-005, 0.707107484, 0.707106078, 4.01872017e-005, -4.59851995e-006, -5.22348131e-005, 0.999999999, 0.70710596, -0.707107602, -2.46637037e-005, 0.707107603, 0.70710596, 1.4742931e-005, 7.01501329e-006, -2.78647068e-005, 1, 0, 0, 0, 0, 0, 0, 0, 0.180353223, -0.132316016, -0.134921094, -0.740639236, 0.657398971, -0.138336751, -0.356933594, -0.210571289, 0.91003418, 0.569157843, 0.723449824, 0.390708721, 0, 0, 0, 0, 0, 0, 0, 0.255756982, -0.0894424805, -0.124459424, -0.448627019, 0.762495631, -0.46598114, 0.145874023, -0.451904297, -0.879882812, -0.881680284, -0.462626743, 0.0915638115, 1, 3, 5, 0, 
464.159139, 68, 0.1, 0.1, 0.224999997, -0.115000004, -0.0199635607, 0.707106531, -0.707107031, 2.3249134e-005, 0.707107032, 0.707106531, -1.64560337e-005, -4.80343738e-006, 2.8075795e-005, 1, 0.707106434, -0.707107128, -5.33165347e-006, 0.707107128, 0.707106434, 1.28953389e-005, -5.34833958e-006, -1.28884273e-005, 1, 0, 0, 0, 0, 0, 0, 0, 0.180353223, -0.132316016, -0.134921094, -0.737844846, 0.660564803, -0.138014363, -0.355834961, -0.20715332, 0.911254883, 0.57353534, 0.721588894, 0.388062229, 0, 0, 0, 0, 0, 0, 0, 0.255756982, -0.0894424805, -0.124459424, -0.448627019, 0.762495631, -0.46598114, 0.145874023, -0.451904297, -0.879882812, -0.881680284, -0.462626743, 0.0915638115, 1, 3, 5, 0, 
464.159957, 68, 0.1, 0.1, 0.224999989, -0.114999995, -0.0199615338, 0.707107068, -0.707106494, 1.25230665e-006, 0.707106494, 0.707107068, -1.66138609e-005, 1.0862254e-005, 1.26332926e-005, 1, 0.707106996, -0.707106566, 3.39661904e-005, 0.707106567, 0.707106995, -2.98192114e-005, -2.93237069e-006, 4.51030893e-005, 0.999999999, 0, 0, 0, 0, 0, 0, 0, 0.180732593, -0.133276099, -0.13379646, -0.737844846, 0.660564803, -0.138014363, -0.355834961, -0.20715332, 0.911254883, 0.57353534, 0.721588894, 0.388062229, 0, 0, 0, 0, 0, 0, 0, 0.255646045, -0.0907162598, -0.122994385, -0.446531475, 0.762738801, -0.46763592, 0.145019531, -0.453979492, -0.87902832, -0.882932946, -0.460269073, 0.0921263434, 1, 3, 5, 0, 
464.160742, 68, 0.1, 0.1, 0.224999999, -0.115000004, -0.0199611149, 0.707107639, -0.707105922, -4.29899885e-005, 0.707105923, 0.707107638, 3.0659579e-005, 8.71897939e-006, -5.2078098e-005, 0.999999999, 0.707107544, -0.707106016, -5.62210755e-005, 0.707106018, 0.707107543, 4.2868706e-005, 9.4416266e-006, -7.00670463e-005, 0.999999998, 0, 0, 0, 0, 0, 0, 0, 0.180732593, -0.133276099, -0.13379646, -0.737844846, 0.660564803, -0.138014363, -0.355834961, -0.20715332, 0.911254883, 0.57353534, 0.721588894, 0.388062229, 0, 0, 0, 0, 0, 0, 0, 0.255646045, -0.0907162598, -0.122994385, -0.446531475, 0.762738801, -0.46763592, 0.145019531, -0.453979492, -0.87902832, -0.882932946, -0.460269073, 0.0921263434, 1, 3, 5, 0, 
464.161528, 68, 0.1, 0.1, 0.224999993, -0.114999998, -0.0199622899, 0.707108211, -0.707105349, 4.83809478e-005, 0.707105351, 0.70710821, -4.08735233e-005, -5.30867841e-006, 6.3112431e-005, 0.999999998, 0.707108097, -0.707105464, 4.10230669e-005, 0.707105466, 0.707108095, -5.15280927e-005, 7.42805322e-006, 6.54435664e-005, 0.999999998, 0, 0, 0, 0, 0, 0, 0, 0.180732593, -0.133276099, -0.13379646, -0.737844846, 0.660564803, -0.138014363, -0.355834961, -0.20715332, 0.911254883, 0.57353534, 0.721588894, 0.388062229, 0, 0, 0, 0, 0, 0, 0, 0.255646045, -0.0907162598, -0.122994385, -0.446531475, 0.762738801, -0.46763592, 0.145019531, -0.453979492, -0.87902832, -0.882932946, -0.460269073, 0.0921263434, 1, 3, 5, 0, 
464.162331, 68, 0.1, 0.1, 0.224999996, -0.115000001, -0.0199644729, 0.707108797, -0.707104764, -4.21352532e-005, 0.707104765, 0.707108796, 4.9670043e-005, -5.32771592e-006, -6.49161627e-005, 0.999999998, 0.707108666, -0.707104896, -3.40855635e-005, 0.707104897, 0.707108665, 4.14434041e-005, -5.20263663e-006, -5.3407059e-005, 0.999999999, 0, 0, 0, 0, 0, 0, 0, 0.180732593, -0.133276099, -0.13379646, -0.737844846, 0.660564803, -0.138014363, -0.355834961, -0.20715332, 0.911254883, 0.57353534, 0.721588894, 0.388062229, 0, 0, 0, 0, 0, 0, 0, 0.255388135, -0.0911812988, -0.121615137, -0.447189523, 0.762693958, -0.467016152, 0.145141602, -0.453369141, -0.879272461, -0.882511139, -0.461010243, 0.0920687409, 1, 3, 5, 0, 
464.163118, 68, 0.1, 0.1, 0.224999998, -0.115000002, -0.0199668043, 0.707109374, -0.707104188, 2.77778524e-005, 0.707104188, 0.707109373, -3.47898162e-005, 4.95804489e-006, 4.4242041e-005, 0.999999999, 0.707109231, -0.707104331, 1.81126722e-005, 0.707104332, 0.707109231, -9.21824448e-006, -6.28937711e-006, 1.93258547e-005, 1, 0, 0, 0, 0, 0, 0, 0, 0.180732593, -0.133276099, -0.13379646, -0.737844846, 0.660564803, -0.138014363, -0.355834961, -0.20715332, 0.911254883, 0.57353534, 0.721588894, 0.388062229, 0, 0, 0, 0, 0, 0, 0, 0.255388135, -0.0911812988, -0.121615137, -0.447189523, 0.762693958, -0.467016152, 0.145141602, -0.453369141, -0.879272461, -0.882511139, -0.461010243, 0.0920687409, 1, 3, 5, 0, 
464.163907, 68, 0.1, 0.1, 0.224999994, -0.114999998, -0.0199685937, 0.707109938, -0.707103624, -1.60461892e-005, 0.707103624, 0.707109938, 9.28525699e-006, 4.78078098e-006, -1.7912016e-005, 1, 0.707109824, -0.707103738, 8.03092014e-006, 0.707103738, 0.707109824, -1.52960614e-005, 5.13715969e-006, 1.6494689e-005, 1, 0, 0, 0, 0, 0, 0, 0, 0.180732593, -0.133276099, -0.13379646, -0.737844846, 0.660564803, -0.138014363, -0.355834961, -0.20715332, 0.911254883, 0.57353534, 0.721588894, 0.388062229, 0, 0, 0, 0, 0, 0, 0, 0.255388135, -0.0911812988, -0.121615137, -0.447189523, 0.762693958, -0.467016152, 0.145141602, -0.453369141, -0.879272461, -0.882511139, -0.461010243, 0.0920687409, 1, 3, 5, 0, 
464.16485, 68, 0.1, 0.1, 0.225, -0.115000004, -0.0199680542, 0.707110599, -0.707102963, 3.40378017e-006, 0.707102963, 0.707110599, 6.52434708e-006, -7.02023419e-006, -2.20661192e-006, 1, 0.707110506, -0.707103056, -2.64847439e-005, 0.707103057, 0.707110505, 1.77245187e-005, 6.19457928e-006, -3.12606367e-005, 0.999999999, 0, 0, 0, 0, 0, 0, 0, 0.180963892, -0.133472119, -0.132573193, -0.73773027, 0.661154535, -0.135951612, -0.354736328, -0.208496094, 0.911376953, 0.574258745, 0.720630346, 0.388600665, 0, 0, 0, 0, 0, 0, 0, 0.255388135, -0.0911812988, -0.121615137, -0.447189523, 0.762693958, -0.467016152, 0.145141602, -0.453369141, -0.879272461, -0.882511139, -0.461010243, 0.0920687409, 1, 3, 5, 0, 
464.165655, 68, 0.1, 0.1, 0.224999991, -0.114999996, -0.0199655575, 0.707111217, -0.707102344, 3.56087442e-005, 0.707102345, 0.707111217, -2.76658811e-005, -5.61673308e-006, 4.47418814e-005, 0.999999999, 0.707111116, -0.707102445, 4.94148048e-005, 0.707102446, 0.707111115, -4.05277445e-005, -6.28449047e-006, 6.3598948e-005, 0.999999998, 0, 0, 0, 0, 0, 0, 0, 0.180963892, -0.133472119, -0.132573193, -0.73773027, 0.661154535, -0.135951612, -0.354736328, -0.208496094, 0.911376953, 0.574258745, 0.720630346, 0.388600665, 0, 0, 0, 0, 0, 0, 0, 0.255388135, -0.0911812988, -0.121615137, -0.447189523, 0.762693958, -0.467016152, 0.145141602, -0.453369141, -0.879272461, -0.882511139, -0.461010243, 0.0920687409, 1, 3, 5, 0, 
464.166446, 68, 0.1, 0.1, 0.224999998, -0.115000002, -0.0199633354, 0.707111804, -0.707101756, -5.17579202e-005, 0.707101758, 0.707111803, 4.15174377e-005, 7.24158315e-006, -6.59555866e-005, 0.999999998, 0.707111689, -0.707101872, -4.4883619e-005, 0.707101874, 0.707111687, 5.19989305e-005, -5.03080958e-006, -6.85063427e-005, 0.999999998, 0, 0, 0, 0, 0, 0, 0, 0.180963892, -0.133472119, -0.132573193, -0.73773027, 0.661154535, -0.135951612, -0.354736328, -0.208496094, 0.911376953, 0.574258745, 0.720630346, 0.388600665, 0, 0, 0, 0, 0, 0, 0, 0.255388135, -0.0911812988, -0.121615137, -0.447189523, 0.762693958, -0.467016152, 0.145141602, -0.453369141, -0.879272461, -0.882511139, -0.461010243, 0.0920687409, 1, 3, 5, 0, 
464.167261, 68, 0.1, 0.1, 0.224999996, -0.115, -0.0199616807, 0.707112384, -0.707101177, 4.0964775e-005, 0.707101178, 0.707112383, -4.81547945e-005, 5.08361216e-006, 6.30170922e-005, 0.999999998, 0.707112255, -0.707101307, 3.32285065e-005, 0.707101307, 0.707112254, -4.06728234e-005, 5.26352245e-006, 5.22561723e-005, 0.999999999, 0, 0, 0, 0, 0, 0, 0, 0.18216394, -0.133137573, -0.131519092, -0.740320595, 0.658921042, -0.132917209, -0.353149414, -0.213134766, 0.910888672, 0.571949989, 0.721354873, 0.390591901, 0, 0, 0, 0, 0, 0, 0, 0.25565957, -0.0913421875, -0.1204396, -0.450466999, 0.761511292, -0.465808699, 0.147216797, -0.451171875, -0.880126953, -0.880523504, -0.46493957, 0.0910909649, 1, 3, 5, 0, 
464.168041, 68, 0.1, 0.1, 0.224999995, -0.115, -0.0199615919, 0.707112942, -0.707100619, -4.01093794e-005, 0.70710062, 0.70711294, 4.98536581e-005, -6.88969136e-006, -6.36135339e-005, 0.999999998, 0.7071128, -0.707100761, -2.96895751e-005, 0.707100762, 0.7071128, 2.1219052e-005, 5.98987077e-006, -3.59977844e-005, 0.999999999, 0, 0, 0, 0, 0, 0, 0, 0.18216394, -0.133137573, -0.131519092, -0.740320595, 0.658921042, -0.132917209, -0.353149414, -0.213134766, 0.910888672, 0.571949989, 0.721354873, 0.390591901, 0, 0, 0, 0, 0, 0, 0, 0.25565957, -0.0913421875, -0.1204396, -0.450466999, 0.761511292, -0.465808699, 0.147216797, -0.451171875, -0.880126953, -0.880523504, -0.46493957, 0.0910909649, 1, 3, 5, 0, 
