time, trialNum, realDorsalTactorPos, realVentralTactorPos, box1PosX, box1PosY, box1PosZ, box1LocalRot_11, box1LocalRot_12, box1LocalRot_13, box1LocalRot_21, box1LocalRot_22, box1LocalRot_23, box1LocalRot_31, box1LocalRot_32, box1LocalRot_33, box1GlobalRot_11, box1GlobalRot_12, box1GlobalRot_13, box1GlobalRot_21, box1GlobalRot_22, box1GlobalRot_23, box1GlobalRot_31, box1GlobalRot_32, box1GlobalRot_33, indexForceX, indexForceY, indexForceZ, indexForceGlobalX, indexForceGlobalY, indexForceGlobalZ, indexContact, indexPosX, indexPosY, indexPosZ, indexRot_11, indexRot_12, indexRot_13, indexRot_21, indexRot_22, indexRot_23, indexRot_31, indexRot_32, indexRot_33, thumbForceX, thumbForceY, thumbForceZ, thumbForceGlobalX, thumbForceGlobalY, thumbForceGlobalZ, thumbContact, thumbPosX, thumbPosY, thumbPosZ, thumbRot_11, thumbRot_12, thumbRot_13, thumbRot_21, thumbRot_22, thumbRot_23, thumbRot_31, thumbRot_32, thumbRot_33, manipForceTooHigh, cceExpType, mapping, trialSuccess, 
315.244978, 39, 0.1, 0.1, 0.225, -0.115000016, -0.0199821153, 0.707106781, -0.707106781, 5.7387092e-015, 0.70710678, 0.70710678, 5.64003829e-005, -3.98810932e-005, -3.98810932e-005, 0.999999998, 0.707106781, -0.707106781, 0, 0.707106781, 0.707106781, 0, 0, 0, 1, 0, 0, 0, 0, 0, 0, 0, 0.113979004, 0.120765283, -0.198513135, -0.0434091402, 0.994411869, -0.0948997921, -0.802856445, 0.0218505859, 0.595703125, 0.594431388, 0.102167287, 0.797614778, 0, 0, -0, 0, 0, 0, 0, 0.175325879, 0.122162402, -0.170150439, -0.0515713351, 0.861649965, -0.504626509, 0.313598633, -0.465698242, -0.827392578, -0.948084378, -0.200828133, -0.246112666, 1, 3, 1, 0, 
315.245771, 39, 0.1, 0.1, 0.225, -0.115000016, -0.0199658329, 0.70710678, -0.707106783, 4.20932693e-007, 0.707106781, 0.707106778, -6.1098798e-005, 4.29057301e-005, 4.35010186e-005, 0.999999998, 0.707106779, -0.707106783, 3.32119488e-007, 0.707106783, 0.707106779, -3.67253717e-005, 2.57339155e-005, 2.62036032e-005, 0.999999999, 0, 0, 0, 0, 0, 0, 0, 0.113817285, 0.120992798, -0.197766016, -0.0434091402, 0.994411869, -0.0948997921, -0.802856445, 0.0218505859, 0.595703125, 0.594431388, 0.102167287, 0.797614778, 0, 0, -0, 0, 0, 0, 0, 0.175037695, 0.122202441, -0.169836865, -0.0515713351, 0.861649965, -0.504626509, 0.313598633, -0.465698242, -0.827392578, -0.948084378, -0.200828133, -0.246112666, 1, 3, 1, 0, 
315.246549, 39, 0.1, 0.1, 0.225, -0.115000016, -0.0199517151, 0.70710678, -0.707106782, 1.22559405e-006, 0.70710678, 0.707106778, 7.99523323e-005, -5.74014623e-005, -5.56682104e-005, 0.999999997, 0.707106781, -0.707106781, 1.29483182e-006, 0.70710678, 0.70710678, 4.79100938e-005, -3.47931366e-005, -3.29619679e-005, 0.999999999, 0, 0, 0, 0, 0, 0, 0, 0.113817285, 0.120992798, -0.197766016, -0.0434091402, 0.994411869, -0.0948997921, -0.802856445, 0.0218505859, 0.595703125, 0.594431388, 0.102167287, 0.797614778, 0, 0, -0, 0, 0, 0, 0, 0.175037695, 0.122202441, -0.169836865, -0.0515713351, 0.861649965, -0.504626509, 0.313598633, -0.465698242, -0.827392578, -0.948084378, -0.200828133, -0.246112666, 1, 3, 1, 0, 
315.247336, 39, 0.1, 0.1, 0.225, -0.115000016, -0.0199434437, 0.707106766, -0.707106796, -1.02821078e-006, 0.707106792, 0.707106763, -9.99849727e-005, 7.14271085e-005, 6.99729959e-005, 0.999999995, 0.70710677, -0.707106792, -1.30879769e-006, 0.707106791, 0.707106769, -5.78801273e-005, 4.18528908e-005, 4.00019701e-005, 0.999999998, 0, 0, 0, 0, 0, 0, 0, 0.113817285, 0.120992798, -0.197766016, -0.0434091402, 0.994411869, -0.0948997921, -0.802856445, 0.0218505859, 0.595703125, 0.594431388, 0.102167287, 0.797614778, 0, 0, -0, 0, 0, 0, 0, 0.175037695, 0.122202441, -0.169836865, -0.0515713351, 0.861649965, -0.504626509, 0.313598633, -0.465698242, -0.827392578, -0.948084378, -0.200828133, -0.246112666, 1, 3, 1, 0, 
315.248122, 39, 0.1, 0.1, 0.225, -0.115000008, -0.019943131, 0.707106746, -0.707106816, -1.25242904e-006, 0.707106815, 0.707106744, 7.03791576e-005, -4.88799811e-005, -5.06511782e-005, 0.999999998, 0.707106749, -0.707106813, -1.1275925e-006, 0.707106813, 0.707106749, 2.81604434e-005, -1.91151131e-005, -2.07097679e-005, 1, 0, 0, 0, 0, 0, 0, 0, 0.113817285, 0.120992798, -0.197766016, -0.0434091402, 0.994411869, -0.0948997921, -0.802856445, 0.0218505859, 0.595703125, 0.594431388, 0.102167287, 0.797614778, 0, 0, -0, 0, 0, 0, 0, 0.175037695, 0.122202441, -0.169836865, -0.0515713351, 0.861649965, -0.504626509, 0.313598633, -0.465698242, -0.827392578, -0.948084378, -0.200828133, -0.246112666, 1, 3, 1, 0, 
315.248923, 39, 0.1, 0.1, 0.225, -0.11500001, -0.0199502639, 0.707106749, -0.707106813, 2.90664575e-006, 0.707106811, 0.707106747, -8.04098908e-005, 5.48030729e-005, 5.89136855e-005, 0.999999997, 0.707106747, -0.707106815, 3.05689477e-006, 0.707106815, 0.707106746, -4.30904892e-005, 2.83080277e-005, 3.26311268e-005, 0.999999999, 0, 0, 0, 0, 0, 0, 0, 0.113789453, 0.120996216, -0.197735498, -0.0439737853, 0.994494244, -0.094296955, -0.802612305, 0.0209960937, 0.595947266, 0.594768003, 0.101907056, 0.797519298, 0, 0, -0, 0, 0, 0, 0, 0.175022803, 0.122438867, -0.169815381, -0.0518268981, 0.861918288, -0.504236784, 0.313842773, -0.465209961, -0.827514648, -0.947988496, -0.201045416, -0.24631719, 1, 3, 1, 0, 
315.249707, 39, 0.1, 0.1, 0.225, -0.115000003, -0.0199614612, 0.70710678, -0.707106783, -2.9603816e-006, 0.707106782, 0.707106779, 3.76108182e-005, -2.45015587e-005, -2.86881704e-005, 0.999999999, 0.707106772, -0.70710679, -2.57311046e-006, 0.70710679, 0.707106772, 4.74760322e-006, -1.53759864e-006, -5.17652626e-006, 1, 0, 0, 0, 0, 0, 0, 0, 0.113789453, 0.120996216, -0.197735498, -0.0439737853, 0.994494244, -0.094296955, -0.802612305, 0.0209960937, 0.595947266, 0.594768003, 0.101907056, 0.797519298, 0, 0, -0, 0, 0, 0, 0, 0.175022803, 0.122438867, -0.169815381, -0.0518268981, 0.861918288, -0.504236784, 0.313842773, -0.465209961, -0.827514648, -0.947988496, -0.201045416, -0.24631719, 1, 3, 1, 0, 
315.250484, 39, 0.1, 0.1, 0.225, -0.115000006, -0.0199728211, 0.707106823, -0.70710674, 2.95029781e-006, 0.707106739, 0.707106823, -2.76972706e-005, 1.7498751e-005, 2.16711045e-005, 1, 0.707106814, -0.707106748, 1.39490023e-006, 0.707106748, 0.707106814, -8.14313509e-006, 4.77172232e-006, 6.74440967e-006, 1, 0, 0, 0, 0, 0, 0, 0, 0.113789453, 0.120996216, -0.197735498, -0.0439737853, 0.994494244, -0.094296955, -0.802612305, 0.0209960937, 0.595947266, 0.594768003, 0.101907056, 0.797519298, 0, 0, -0, 0, 0, 0, 0, 0.175022803, 0.122438867, -0.169815381, -0.0518268981, 0.861918288, -0.504236784, 0.313842773, -0.465209961, -0.827514648, -0.947988496, -0.201045416, -0.24631719, 1, 3, 1, 0, 
315.251285, 39, 0.1, 0.1, 0.224999999, -0.115000005, -0.0199808267, 0.707106857, -0.707106705, 3.89415159e-006, 0.707106705, 0.707106857, 2.97522812e-005, -2.37916188e-005, -1.82844613e-005, 1, 0.707106851, -0.707106711, 4.34735562e-006, 0.707106711, 0.707106851, 1.45089549e-005, -1.33334244e-005, -7.18533711e-006, 1, 0, 0, 0, 0, 0, 0, 0, 0.113787378, 0.120998291, -0.197930908, -0.0440370647, 0.994557523, -0.0937323099, -0.802368164, 0.0207519531, 0.596435547, 0.595148801, 0.101526258, 0.797182684, 0, 0, -0, 0, 0, 0, 0, 0.175006201, 0.122455469, -0.169780469, -0.0520697013, 0.862161091, -0.503763938, 0.313598633, -0.46484375, -0.827880859, -0.948014016, -0.201019897, -0.246144749, 1, 3, 1, 0, 
315.252068, 39, 0.1, 0.1, 0.224999999, -0.115000008, -0.0199830387, 0.707106867, -0.707106696, -2.74351225e-006, 0.707106696, 0.707106867, -1.30369491e-005, 1.11584704e-005, 7.27856038e-006, 1, 0.707106866, -0.707106697, -1.47979592e-006, 0.707106697, 0.707106866, -1.66354506e-006, 2.22267771e-006, 1.29930524e-007, 1, 0, 0, 0, 0, 0, 0, 0, 0.113787378, 0.120998291, -0.197930908, -0.0440370647, 0.994557523, -0.0937323099, -0.802368164, 0.0207519531, 0.596435547, 0.595148801, 0.101526258, 0.797182684, 0, 0, -0, 0, 0, 0, 0, 0.175006201, 0.122455469, -0.169780469, -0.0520697013, 0.862161091, -0.503763938, 0.313598633, -0.46484375, -0.827880859, -0.948014016, -0.201019897, -0.246144749, 1, 3, 1, 0, 
315.252888, 39, 0.1, 0.1, 0.225, -0.115000008, -0.0199790577, 0.70710688, -0.707106682, -5.21843986e-006, 0.707106682, 0.70710688, 6.72314456e-006, -1.06398572e-006, -8.44397547e-006, 1, 0.707106878, -0.707106685, -5.1915358e-006, 0.707106685, 0.707106878, 1.25282132e-005, -5.18781262e-006, -1.25297554e-005, 1, 0, 0, 0, 0, 0, 0, 0, 0.113787378, 0.120998291, -0.197930908, -0.0440370647, 0.994557523, -0.0937323099, -0.802368164, 0.0207519531, 0.596435547, 0.595148801, 0.101526258, 0.797182684, 0, 0, -0, 0, 0, 0, 0, 0.175006201, 0.122455469, -0.169780469, -0.0520697013, 0.862161091, -0.503763938, 0.313598633, -0.46484375, -0.827880859, -0.948014016, -0.201019897, -0.246144749, 1, 3, 1, 0, 
315.253752, 39, 0.1, 0.1, 0.225000001, -0.115000009, -0.0199693389, 0.707106889, -0.707106673, -2.14941252e-006, 0.707106673, 0.707106889, 2.71738552e-005, -1.76949499e-005, -2.07346842e-005, 1, 0.707106888, -0.707106675, -3.13868569e-006, 0.707106674, 0.707106888, 1.9741411e-005, -1.17398972e-005, -1.61786733e-005, 1, 0, 0, 0, 0, 0, 0, 0, 0.113787378, 0.120998291, -0.197930908, -0.0440370647, 0.994557523, -0.0937323099, -0.802368164, 0.0207519531, 0.596435547, 0.595148801, 0.101526258, 0.797182684, 0, 0, -0, 0, 0, 0, 0, 0.175006201, 0.122455469, -0.169780469, -0.0520697013, 0.862161091, -0.503763938, 0.313598633, -0.46484375, -0.827880859, -0.948014016, -0.201019897, -0.246144749, 1, 3, 1, 0, 
315.254535, 39, 0.1, 0.1, 0.225000001, -0.11500001, -0.019959982, 0.707106902, -0.70710666, 3.92536715e-006, 0.70710666, 0.707106902, 2.77628103e-005, -2.24069223e-005, -1.68556215e-005, 1, 0.707106902, -0.707106661, 3.06525568e-006, 0.707106661, 0.707106902, -3.40163545e-006, 2.37855636e-007, 4.57278261e-006, 1, 0, 0, 0, 0, 0, 0, 0, 0.113787378, 0.120998291, -0.197930908, -0.0440370647, 0.994557523, -0.0937323099, -0.802368164, 0.0207519531, 0.596435547, 0.595148801, 0.101526258, 0.797182684, 0, 0, -0, 0, 0, 0, 0, 0.175006201, 0.122455469, -0.169780469, -0.0520697013, 0.862161091, -0.503763938, 0.313598633, -0.46484375, -0.827880859, -0.948014016, -0.201019897, -0.246144749, 1, 3, 1, 0, 
315.255328, 39, 0.1, 0.1, 0.225, -0.115000011, -0.0199532558, 0.707106908, -0.707106654, 1.82029513e-006, 0.707106654, 0.707106908, -7.16945079e-006, 3.7824231e-006, 6.35671098e-006, 1, 0.707106906, -0.707106656, 2.81535021e-006, 0.707106656, 0.707106906, -2.00487948e-005, 1.21858827e-005, 1.61673941e-005, 1, 0, 0, 0, 0, 0, 0, 0, 0.113787378, 0.120998291, -0.197930908, -0.0440370647, 0.994557523, -0.0937323099, -0.802368164, 0.0207519531, 0.596435547, 0.595148801, 0.101526258, 0.797182684, 0, 0, -0, 0, 0, 0, 0, 0.175006201, 0.122455469, -0.169780469, -0.0520697013, 0.862161091, -0.503763938, 0.313598633, -0.46484375, -0.827880859, -0.948014016, -0.201019897, -0.246144749, 1, 3, 1, 0, 
315.256131, 39, 0.1, 0.1, 0.225, -0.115000013, -0.0199510328, 0.707106915, -0.707106648, -2.05887584e-006, 0.707106647, 0.707106915, -2.77988322e-005, 2.11125844e-005, 1.82009017e-005, 1, 0.707106914, -0.707106648, -1.93425788e-006, 0.707106648, 0.707106914, -1.54356334e-005, 1.22823661e-005, 9.54691649e-006, 1, 0, 0, 0, 0, 0, 0, 0, 0.113793481, 0.120996948, -0.197930908, -0.0439164973, 0.994538427, -0.0937323099, -0.802368164, 0.0208740234, 0.596435547, 0.595129705, 0.10140569, 0.797182684, 0, 0, -0, 0, 0, 0, 0, 0.175029395, 0.122237354, -0.169783887, -0.0516927367, 0.862122811, -0.503738418, 0.313598633, -0.46484375, -0.827880859, -0.948097138, -0.200655692, -0.246387552, 1, 3, 1, 0, 
315.256917, 39, 0.1, 0.1, 0.225, -0.115000014, -0.0199536432, 0.707106919, -0.707106644, 1.52763192e-006, 0.707106644, 0.707106919, -1.68120993e-005, 1.0807748e-005, 1.29681504e-005, 1, 0.707106916, -0.707106646, 6.86327101e-007, 0.707106646, 0.707106916, 1.84869203e-005, -1.35575308e-005, -1.25869227e-005, 1, 0, 0, 0, 0, 0, 0, 0, 0.113793481, 0.120996948, -0.197930908, -0.0439164973, 0.994538427, -0.0937323099, -0.802368164, 0.0208740234, 0.596435547, 0.595129705, 0.10140569, 0.797182684, 0, 0, -0, 0, 0, 0, 0, 0.175029395, 0.122237354, -0.169783887, -0.0516927367, 0.862122811, -0.503738418, 0.313598633, -0.46484375, -0.827880859, -0.948097138, -0.200655692, -0.246387552, 1, 3, 1, 0, 
315.257708, 39, 0.1, 0.1, 0.225, -0.115000014, -0.0199600017, 0.707106926, -0.707106636, 9.2206291e-007, 0.707106636, 0.707106926, 1.25988591e-005, -9.56073397e-006, -8.25674375e-006, 1, 0.707106926, -0.707106637, 1.6227109e-006, 0.707106637, 0.707106925, 2.31199857e-005, -1.74957255e-005, -1.52008724e-005, 1, 0, 0, 0, 0, 0, 0, 0, 0.113793481, 0.120996948, -0.197930908, -0.0439164973, 0.994538427, -0.0937323099, -0.802368164, 0.0208740234, 0.596435547, 0.595129705, 0.10140569, 0.797182684, 0, 0, -0, 0, 0, 0, 0, 0.175029395, 0.122237354, -0.169783887, -0.0516927367, 0.862122811, -0.503738418, 0.313598633, -0.46484375, -0.827880859, -0.948097138, -0.200655692, -0.246387552, 1, 3, 1, 0, 
315.258491, 39, 0.1, 0.1, 0.225, -0.115000012, -0.0199676676, 0.707106931, -0.707106631, -2.04296657e-006, 0.707106631, 0.707106931, 1.42305648e-005, -8.61793095e-006, -1.15071262e-005, 1, 0.707106929, -0.707106633, -1.87118138e-006, 0.707106633, 0.707106929, 6.38883409e-006, -3.19446164e-006, -5.84071362e-006, 1, 0, 0, 0, 0, 0, 0, 0, 0.113793481, 0.120996948, -0.197930908, -0.0439164973, 0.994538427, -0.0937323099, -0.802368164, 0.0208740234, 0.596435547, 0.595129705, 0.10140569, 0.797182684, 0, 0, -0, 0, 0, 0, 0, 0.175029395, 0.122237354, -0.169783887, -0.0516927367, 0.862122811, -0.503738418, 0.313598633, -0.46484375, -0.827880859, -0.948097138, -0.200655692, -0.246387552, 1, 3, 1, 0, 
315.259276, 39, 0.1, 0.1, 0.225, -0.11500001, -0.019974133, 0.707106935, -0.707106627, 1.48343495e-007, 0.707106627, 0.707106935, 3.50624091e-006, -2.5841809e-006, -2.37439259e-006, 1, 0.707106936, -0.707106627, -7.27813742e-007, 0.707106627, 0.707106935, -1.56201751e-005, 1.15597715e-005, 1.05304923e-005, 1, 0, 0, 0, 0, 0, 0, 0, 0.113793481, 0.120996948, -0.197930908, -0.0439164973, 0.994538427, -0.0937323099, -0.802368164, 0.0208740234, 0.596435547, 0.595129705, 0.10140569, 0.797182684, 0, 0, -0, 0, 0, 0, 0, 0.175029395, 0.122237354, -0.169783887, -0.0516927367, 0.862122811, -0.503738418, 0.313598633, -0.46484375, -0.827880859, -0.948097138, -0.200655692, -0.246387552, 1, 3, 1, 0, 
315.26006, 39, 0.1, 0.1, 0.225, -0.115000009, -0.0199773641, 0.70710694, -0.707106623, 2.26389945e-006, 0.707106623, 0.70710694, -1.14625799e-005, 6.50444711e-006, 9.70608805e-006, 1, 0.707106939, -0.707106624, 2.29289898e-006, 0.707106624, 0.707106939, -1.78466118e-005, 1.09981326e-005, 1.42407871e-005, 1, 0, 0, 0, 0, 0, 0, 0, 0.113793481, 0.120996948, -0.197930908, -0.0439164973, 0.994538427, -0.0937323099, -0.802368164, 0.0208740234, 0.596435547, 0.595129705, 0.10140569, 0.797182684, 0, 0, -0, 0, 0, 0, 0, 0.175029395, 0.122237354, -0.169783887, -0.0516927367, 0.862122811, -0.503738418, 0.313598633, -0.46484375, -0.827880859, -0.948097138, -0.200655692, -0.246387552, 1, 3, 1, 0, 
315.260857, 39, 0.1, 0.1, 0.225, -0.115000008, -0.0199764654, 0.707106943, -0.70710662, -5.0810464e-008, 0.70710662, 0.707106943, -1.7234407e-005, 1.22224917e-005, 1.21506405e-005, 1, 0.707106942, -0.70710662, 6.52769642e-007, 0.70710662, 0.707106942, -1.26782531e-005, 8.50329876e-006, 9.42645853e-006, 1, 0, 0, 0, 0, 0, 0, 0, 0.113813135, 0.120995605, -0.19771377, -0.043535699, 0.994519331, -0.0938528773, -0.802246094, 0.0212402344, 0.596435547, 0.595192985, 0.101285123, 0.79720178, 0, 0, -0, 0, 0, 0, 0, 0.175029395, 0.122237354, -0.169783887, -0.0513285319, 0.862097292, -0.50384706, 0.313598633, -0.465087891, -0.827758789, -0.948058858, -0.200412889, -0.246521713, 1, 3, 1, 0, 
315.261641, 39, 0.1, 0.1, 0.225, -0.115000009, -0.0199720325, 0.707106949, -0.707106614, -4.73367918e-007, 0.707106614, 0.707106949, -1.20145202e-005, 8.83026845e-006, 8.16082914e-006, 1, 0.707106947, -0.707106615, -7.34981547e-007, 0.707106615, 0.707106947, 9.07166946e-006, -5.89492693e-006, -6.93435081e-006, 1, 0, 0, 0, 0, 0, 0, 0, 0.113813135, 0.120995605, -0.19771377, -0.043535699, 0.994519331, -0.0938528773, -0.802246094, 0.0212402344, 0.596435547, 0.595192985, 0.101285123, 0.79720178, 0, 0, -0, 0, 0, 0, 0, 0.175054297, 0.122240771, -0.169793896, -0.0513285319, 0.862097292, -0.50384706, 0.313598633, -0.465087891, -0.827758789, -0.948058858, -0.200412889, -0.246521713, 1, 3, 1, 0, 
315.262424, 39, 0.1, 0.1, 0.225, -0.11500001, -0.0199658809, 0.707106949, -0.707106613, 1.16065187e-006, 0.707106613, 0.707106949, 1.41232966e-005, -1.08073815e-005, -9.16597659e-006, 1, 0.70710695, -0.707106613, 1.29025967e-006, 0.707106613, 0.707106949, 2.38243229e-005, -1.77586879e-005, -1.59339932e-005, 1, 0, 0, 0, 0, 0, 0, 0, 0.113813135, 0.120995605, -0.19771377, -0.043535699, 0.994519331, -0.0938528773, -0.802246094, 0.0212402344, 0.596435547, 0.595192985, 0.101285123, 0.79720178, 0, 0, -0, 0, 0, 0, 0, 0.175054297, 0.122240771, -0.169793896, -0.0513285319, 0.862097292, -0.50384706, 0.313598633, -0.465087891, -0.827758789, -0.948058858, -0.200412889, -0.246521713, 1, 3, 1, 0, 
315.263211, 39, 0.1, 0.1, 0.225, -0.11500001, -0.0199600751, 0.707106952, -0.70710661, -1.3569549e-006, 0.70710661, 0.707106952, 2.89429271e-005, -1.95062228e-005, -2.14252568e-005, 1, 0.707106951, -0.707106611, -1.07408318e-006, 0.707106611, 0.707106951, 1.97396605e-005, -1.31985528e-005, -1.47175425e-005, 1, 0, 0, 0, 0, 0, 0, 0, 0.113813135, 0.120995605, -0.19771377, -0.043535699, 0.994519331, -0.0938528773, -0.802246094, 0.0212402344, 0.596435547, 0.595192985, 0.101285123, 0.79720178, 0, 0, -0, 0, 0, 0, 0, 0.175054297, 0.122240771, -0.169793896, -0.0513285319, 0.862097292, -0.50384706, 0.313598633, -0.465087891, -0.827758789, -0.948058858, -0.200412889, -0.246521713, 1, 3, 1, 0, 
315.264016, 39, 0.1, 0.1, 0.225, -0.115000009, -0.0199562745, 0.707106956, -0.707106607, 1.50253105e-006, 0.707106607, 0.707106955, 1.88688654e-005, -1.44047496e-005, -1.22798564e-005, 1, 0.707106956, -0.707106606, 8.02305157e-007, 0.707106606, 0.707106956, -1.49126667e-005, 9.97752958e-006, 1.11121656e-005, 1, 0, 0, 0, 0, 0, 0, 0, 0.113813135, 0.120995605, -0.19771377, -0.043535699, 0.994519331, -0.0938528773, -0.802246094, 0.0212402344, 0.596435547, 0.595192985, 0.101285123, 0.79720178, 0, 0, -0, 0, 0, 0, 0, 0.175056006, 0.122219043, -0.169598975, -0.0513412917, 0.861892768, -0.504185745, 0.314086914, -0.465209961, -0.827514648, -0.947937457, -0.200802613, -0.246802796, 1, 3, 1, 0, 
315.2648, 39, 0.1, 0.1, 0.225, -0.115000008, -0.0199558714, 0.707106954, -0.707106608, 6.11462797e-008, 0.707106608, 0.707106954, -1.44468339e-005, 1.01722148e-005, 1.02586937e-005, 1, 0.707106954, -0.707106609, 9.49364676e-007, 0.707106609, 0.707106953, -2.63817059e-005, 1.79833762e-005, 1.93259897e-005, 1, 0, 0, 0, 0, 0, 0, 0, 0.113813135, 0.120995605, -0.19771377, -0.043535699, 0.994519331, -0.0938528773, -0.802246094, 0.0212402344, 0.596435547, 0.595192985, 0.101285123, 0.79720178, 0, 0, -0, 0, 0, 0, 0, 0.175056006, 0.122219043, -0.169598975, -0.0513412917, 0.861892768, -0.504185745, 0.314086914, -0.465209961, -0.827514648, -0.947937457, -0.200802613, -0.246802796, 1, 3, 1, 0, 
315.265589, 39, 0.1, 0.1, 0.225, -0.115000009, -0.0199586999, 0.70710696, -0.707106603, -1.65303121e-006, 0.707106602, 0.70710696, -2.37896574e-005, 1.79906937e-005, 1.5652963e-005, 1, 0.707106959, -0.707106603, -1.90758106e-006, 0.707106603, 0.707106959, -1.35958718e-005, 1.09625946e-005, 8.26487244e-006, 1, 0, 0, 0, 0, 0, 0, 0, 0.113813135, 0.120995605, -0.19771377, -0.043535699, 0.994519331, -0.0938528773, -0.802246094, 0.0212402344, 0.596435547, 0.595192985, 0.101285123, 0.79720178, 0, 0, -0, 0, 0, 0, 0, 0.175056006, 0.122219043, -0.169598975, -0.0513412917, 0.861892768, -0.504185745, 0.314086914, -0.465209961, -0.827514648, -0.947937457, -0.200802613, -0.246802796, 1, 3, 1, 0, 
315.266372, 39, 0.1, 0.1, 0.225, -0.115000011, -0.0199635712, 0.70710696, -0.707106602, 1.41934944e-006, 0.707106602, 0.70710696, -1.19726449e-005, 7.46230441e-006, 9.46957192e-006, 1, 0.707106959, -0.707106603, 1.14061049e-006, 0.707106603, 0.707106959, 1.55763017e-005, -1.18206394e-005, -1.02075781e-005, 1, 0, 0, 0, 0, 0, 0, 0, 0.113805688, 0.120996948, -0.19771377, -0.0436753624, 0.994538427, -0.0938528773, -0.802368164, 0.0211181641, 0.596313477, 0.595091513, 0.10140569, 0.79720178, 0, 0, -0, 0, 0, 0, 0, 0.175056006, 0.122219043, -0.169598975, -0.0513412917, 0.861892768, -0.504185745, 0.314086914, -0.465209961, -0.827514648, -0.947937457, -0.200802613, -0.246802796, 1, 3, 1, 0, 
315.267153, 39, 0.1, 0.1, 0.225, -0.115000011, -0.0199687821, 0.707106964, -0.707106598, -4.73725824e-007, 0.707106598, 0.707106964, 1.12363778e-005, -7.61034204e-006, -8.28029565e-006, 1, 0.707106964, -0.707106598, 3.12980475e-007, 0.707106598, 0.707106964, 1.92299084e-005, -1.38189058e-005, -1.33762916e-005, 1, 0, 0, 0, 0, 0, 0, 0, 0.113805688, 0.120996948, -0.19771377, -0.0436753624, 0.994538427, -0.0938528773, -0.802368164, 0.0211181641, 0.596313477, 0.595091513, 0.10140569, 0.79720178, 0, 0, -0, 0, 0, 0, 0, 0.175056006, 0.122219043, -0.169598975, -0.0513412917, 0.861892768, -0.504185745, 0.314086914, -0.465209961, -0.827514648, -0.947937457, -0.200802613, -0.246802796, 1, 3, 1, 0, 
315.267937, 39, 0.1, 0.1, 0.225, -0.11500001, -0.0199726484, 0.707106963, -0.7071066, -1.20016503e-006, 0.707106599, 0.707106963, 1.51128189e-005, -9.8377289e-006, -1.15350241e-005, 1, 0.707106963, -0.707106599, -1.43656175e-006, 0.707106599, 0.707106963, 8.6811926e-006, -5.12272576e-006, -7.15433403e-006, 1, 0, 0, 0, 0, 0, 0, 0, 0.113805688, 0.120996948, -0.19771377, -0.0436753624, 0.994538427, -0.0938528773, -0.802368164, 0.0211181641, 0.596313477, 0.595091513, 0.10140569, 0.79720178, 0, 0, -0, 0, 0, 0, 0, 0.175056006, 0.122219043, -0.169598975, -0.0513412917, 0.861892768, -0.504185745, 0.314086914, -0.465209961, -0.827514648, -0.947937457, -0.200802613, -0.246802796, 1, 3, 1, 0, 
315.268857, 39, 0.1, 0.1, 0.225, -0.11500001, -0.019973297, 0.707106964, -0.707106599, 1.22651085e-006, 0.707106599, 0.707106963, 2.17954188e-005, -1.62789588e-005, -1.45444185e-005, 1, 0.707106964, -0.707106598, 9.1818016e-007, 0.707106598, 0.707106964, -1.16216747e-005, 7.56851129e-006, 8.86701839e-006, 1, 0, 0, 0, 0, 0, 0, 0, 0.113796167, 0.121000366, -0.197696802, -0.0438783053, 0.994620803, -0.093510271, -0.802124023, 0.0207519531, 0.596679688, 0.59537084, 0.101145459, 0.797023924, 0, 0, -0, 0, 0, 0, 0, 0.175016211, 0.122212207, -0.169810498, -0.0519610596, 0.861943807, -0.504089863, 0.314086914, -0.46496582, -0.827636719, -0.947879854, -0.201288219, -0.246547233, 1, 3, 1, 0, 
315.26975, 39, 0.1, 0.1, 0.225, -0.115000011, -0.0199684207, 0.707106955, -0.707106607, -1.27071593e-006, 0.707106607, 0.707106955, -7.97223849e-006, 6.53575458e-006, 4.73869366e-006, 1, 0.707106956, -0.707106606, -9.92508055e-007, 0.707106606, 0.707106956, -1.68440209e-005, 1.26123278e-005, 1.12087154e-005, 1, 0, 0, 0, 0, 0, 0, 0, 0.113796167, 0.121000366, -0.197696802, -0.0438783053, 0.994620803, -0.093510271, -0.802124023, 0.0207519531, 0.596679688, 0.59537084, 0.101145459, 0.797023924, 0, 0, -0, 0, 0, 0, 0, 0.175016211, 0.122212207, -0.169810498, -0.0519610596, 0.861943807, -0.504089863, 0.314086914, -0.46496582, -0.827636719, -0.947879854, -0.201288219, -0.246547233, 1, 3, 1, 0, 
315.270536, 39, 0.1, 0.1, 0.225, -0.115000011, -0.0199631852, 0.707106952, -0.70710661, 6.22985787e-007, 0.70710661, 0.707106952, -2.46195919e-005, 1.69681586e-005, 1.7849202e-005, 1, 0.707106953, -0.707106609, -1.8853331e-007, 0.707106609, 0.707106953, -1.55619347e-005, 1.11372601e-005, 1.08706391e-005, 1, 0, 0, 0, 0, 0, 0, 0, 0.113796167, 0.121000366, -0.197696802, -0.0438783053, 0.994620803, -0.093510271, -0.802124023, 0.0207519531, 0.596679688, 0.59537084, 0.101145459, 0.797023924, 0, 0, -0, 0, 0, 0, 0, 0.175016211, 0.122212207, -0.169810498, -0.0519610596, 0.861943807, -0.504089863, 0.314086914, -0.46496582, -0.827636719, -0.947879854, -0.201288219, -0.246547233, 1, 3, 1, 0, 
315.271316, 39, 0.1, 0.1, 0.225, -0.115000012, -0.0199592059, 0.707106945, -0.707106617, 3.58641224e-007, 0.707106617, 0.707106945, -2.04378278e-005, 1.41981256e-005, 1.47053275e-005, 1, 0.707106947, -0.707106615, 8.5493316e-007, 0.707106615, 0.707106947, 1.09337507e-005, -8.33585665e-006, -7.12680221e-006, 1, 0, 0, 0, 0, 0, 0, 0, 0.113796167, 0.121000366, -0.197696802, -0.0438783053, 0.994620803, -0.093510271, -0.802124023, 0.0207519531, 0.596679688, 0.59537084, 0.101145459, 0.797023924, 0, 0, -0, 0, 0, 0, 0, 0.175016211, 0.122212207, -0.169810498, -0.0519610596, 0.861943807, -0.504089863, 0.314086914, -0.46496582, -0.827636719, -0.947879854, -0.201288219, -0.246547233, 1, 3, 1, 0, 
315.272099, 39, 0.1, 0.1, 0.225, -0.115000011, -0.0199576881, 0.707106942, -0.707106621, -9.16520717e-008, 0.707106621, 0.707106941, 1.00356957e-005, -7.03149904e-006, -7.16111786e-006, 1, 0.707106942, -0.707106621, -5.5199715e-007, 0.707106621, 0.707106941, 2.16761826e-005, -1.49370512e-005, -1.57177e-005, 1, 0, 0, 0, 0, 0, 0, 0, 0.113796167, 0.121000366, -0.197696802, -0.0438783053, 0.994620803, -0.093510271, -0.802124023, 0.0207519531, 0.596679688, 0.59537084, 0.101145459, 0.797023924, 0, 0, -0, 0, 0, 0, 0, 0.175016211, 0.122212207, -0.169810498, -0.0519610596, 0.861943807, -0.504089863, 0.314086914, -0.46496582, -0.827636719, -0.947879854, -0.201288219, -0.246547233, 1, 3, 1, 0, 
315.272896, 39, 0.1, 0.1, 0.225, -0.115000009, -0.0199589356, 0.707106945, -0.707106618, -3.70182996e-007, 0.707106617, 0.707106945, 2.18144672e-005, -1.51633952e-005, -1.56869201e-005, 1, 0.707106944, -0.707106618, -1.29869988e-008, 0.707106618, 0.707106944, 1.08993832e-005, -7.69784281e-006, -7.71621275e-006, 1, 0, 0, 0, 0, 0, 0, 0, 0.113796167, 0.121000366, -0.197696802, -0.0444429504, 0.994601707, -0.0929265299, -0.801879883, 0.0200195312, 0.597045898, 0.595707455, 0.101024892, 0.796807877, 0, 0, -0, 0, 0, 0, 0, 0.175016211, 0.122212207, -0.169810498, -0.0519610596, 0.861943807, -0.504089863, 0.314086914, -0.46496582, -0.827636719, -0.947879854, -0.201288219, -0.246547233, 1, 3, 1, 0, 
315.273691, 39, 0.1, 0.1, 0.225, -0.115000007, -0.0199620152, 0.707106947, -0.707106615, -6.21558389e-008, 0.707106615, 0.707106947, 9.66577384e-006, -6.79078179e-006, -6.87868664e-006, 1, 0.707106947, -0.707106616, 2.03879631e-007, 0.707106615, 0.707106947, -1.9243514e-005, 1.34630513e-005, 1.3751387e-005, 1, 0, 0, 0, 0, 0, 0, 0, 0.113768335, 0.121222266, -0.197667627, -0.0444429504, 0.994601707, -0.0929265299, -0.801879883, 0.0200195312, 0.597045898, 0.595707455, 0.101024892, 0.796807877, 0, 0, -0, 0, 0, 0, 0, 0.174953223, 0.122425195, -0.169790479, -0.052957792, 0.862020366, -0.503872579, 0.314208984, -0.464599609, -0.827758789, -0.947739129, -0.202016629, -0.24627891, 1, 3, 1, 0, 
315.274472, 39, 0.1, 0.1, 0.225, -0.115000006, -0.0199660131, 0.707106951, -0.707106611, 9.04893506e-008, 0.707106611, 0.707106951, -1.31629563e-005, 9.2436278e-006, 9.37160354e-006, 1, 0.70710695, -0.707106612, 3.30042005e-007, 0.707106612, 0.70710695, -2.24855084e-005, 1.56662767e-005, 1.61330342e-005, 1, 0, 0, 0, 0, 0, 0, 0, 0.113768335, 0.121222266, -0.197667627, -0.0444429504, 0.994601707, -0.0929265299, -0.801879883, 0.0200195312, 0.597045898, 0.595707455, 0.101024892, 0.796807877, 0, 0, -0, 0, 0, 0, 0, 0.174953223, 0.122425195, -0.169790479, -0.052957792, 0.862020366, -0.503872579, 0.314208984, -0.464599609, -0.827758789, -0.947739129, -0.202016629, -0.24627891, 1, 3, 1, 0, 
315.275255, 39, 0.1, 0.1, 0.225, -0.115000007, -0.0199696688, 0.707106958, -0.707106605, 2.31593543e-007, 0.707106605, 0.707106958, -1.5647697e-005, 1.09008285e-005, 1.12283567e-005, 1, 0.707106957, -0.707106606, -1.5920439e-007, 0.707106606, 0.707106957, -8.8004322e-006, 6.33541828e-006, 6.11027236e-006, 1, 0, 0, 0, 0, 0, 0, 0, 0.113768335, 0.121222266, -0.197667627, -0.0444429504, 0.994601707, -0.0929265299, -0.801879883, 0.0200195312, 0.597045898, 0.595707455, 0.101024892, 0.796807877, 0, 0, -0, 0, 0, 0, 0, 0.174953223, 0.122425195, -0.169790479, -0.052957792, 0.862020366, -0.503872579, 0.314208984, -0.464599609, -0.827758789, -0.947739129, -0.202016629, -0.24627891, 1, 3, 1, 0, 
315.276036, 39, 0.1, 0.1, 0.225, -0.115000008, -0.0199717873, 0.70710696, -0.707106602, -4.36674506e-007, 0.707106602, 0.70710696, -6.38761684e-006, 4.82550162e-006, 4.2079529e-006, 1, 0.70710696, -0.707106602, -2.01769671e-007, 0.707106602, 0.70710696, 1.44843435e-005, -1.00993022e-005, -1.03846528e-005, 1, 0, 0, 0, 0, 0, 0, 0, 0.113768335, 0.121222266, -0.197667627, -0.0444429504, 0.994601707, -0.0929265299, -0.801879883, 0.0200195312, 0.597045898, 0.595707455, 0.101024892, 0.796807877, 0, 0, -0, 0, 0, 0, 0, 0.174953223, 0.122425195, -0.169790479, -0.052957792, 0.862020366, -0.503872579, 0.314208984, -0.464599609, -0.827758789, -0.947739129, -0.202016629, -0.24627891, 1, 3, 1, 0, 
315.276817, 39, 0.1, 0.1, 0.225, -0.11500001, -0.0199718203, 0.707106961, -0.707106602, 5.84262599e-007, 0.707106602, 0.707106961, 1.35385229e-005, -9.98631505e-006, -9.16004782e-006, 1, 0.70710696, -0.707106603, -3.06673276e-008, 0.707106602, 0.70710696, 2.14754016e-005, -1.51637132e-005, -1.5207091e-005, 1, 0, 0, 0, 0, 0, 0, 0, 0.113768335, 0.121222266, -0.197667627, -0.0444429504, 0.994601707, -0.0929265299, -0.801879883, 0.0200195312, 0.597045898, 0.595707455, 0.101024892, 0.796807877, 0, 0, -0, 0, 0, 0, 0, 0.174953223, 0.122425195, -0.169790479, -0.052957792, 0.862020366, -0.503872579, 0.314208984, -0.464599609, -0.827758789, -0.947739129, -0.202016629, -0.24627891, 1, 3, 1, 0, 
315.277597, 39, 0.1, 0.1, 0.225, -0.11500001, -0.0199699267, 0.707106965, -0.707106597, 7.85746844e-007, 0.707106597, 0.707106965, 2.09539221e-005, -1.53722636e-005, -1.42610575e-005, 1, 0.707106965, -0.707106598, 1.10804431e-006, 0.707106598, 0.707106965, 1.45217404e-005, -1.10519243e-005, -9.48491833e-006, 1, 0, 0, 0, 0, 0, 0, 0, 0.113768335, 0.121222266, -0.197667627, -0.0444429504, 0.994601707, -0.0929265299, -0.801879883, 0.0200195312, 0.597045898, 0.595707455, 0.101024892, 0.796807877, 0, 0, -0, 0, 0, 0, 0, 0.174953223, 0.122425195, -0.169790479, -0.052957792, 0.862020366, -0.503872579, 0.314208984, -0.464599609, -0.827758789, -0.947739129, -0.202016629, -0.24627891, 1, 3, 1, 0, 
315.278379, 39, 0.1, 0.1, 0.225, -0.115000009, -0.0199668477, 0.707106964, -0.707106598, -1.32075257e-006, 0.707106598, 0.707106964, 1.41028395e-005, -9.03829751e-006, -1.09061289e-005, 1, 0.707106964, -0.707106598, -1.28818826e-006, 0.707106598, 0.707106964, -1.0833296e-005, 8.57118196e-006, 6.74941262e-006, 1, 0, 0, 0, 0, 0, 0, 0, 0.113772363, 0.12121958, -0.197656763, -0.0443856624, 0.994563515, -0.0927044911, -0.801635742, 0.0198974609, 0.597290039, 0.596069157, 0.100783757, 0.796649117, 0, 0, -0, 0, 0, 0, 0, 0.174936621, 0.122430078, -0.169775586, -0.0532005952, 0.862167287, -0.503617016, 0.314331055, -0.464233398, -0.827880859, -0.947764649, -0.202246672, -0.246374792, 1, 3, 1, 0, 
315.279161, 39, 0.1, 0.1, 0.225, -0.115000008, -0.0199636584, 0.707106967, -0.707106595, 1.15789672e-006, 0.707106595, 0.707106967, -1.38033092e-005, 8.94165414e-006, 1.05791725e-005, 1, 0.707106967, -0.707106595, 7.42126287e-007, 0.707106595, 0.707106967, -2.3804679e-005, 1.63076828e-005, 1.73572167e-005, 1, 0, 0, 0, 0, 0, 0, 0, 0.113772363, 0.12121958, -0.197656763, -0.0443856624, 0.994563515, -0.0927044911, -0.801635742, 0.0198974609, 0.597290039, 0.596069157, 0.100783757, 0.796649117, 0, 0, -0, 0, 0, 0, 0, 0.174936621, 0.122430078, -0.169775586, -0.0532005952, 0.862167287, -0.503617016, 0.314331055, -0.464233398, -0.827880859, -0.947764649, -0.202246672, -0.246374792, 1, 3, 1, 0, 
315.279947, 39, 0.1, 0.1, 0.225, -0.115000008, -0.0199613751, 0.707106964, -0.707106598, -2.86817639e-007, 0.707106598, 0.707106964, -2.63696617e-005, 1.88489726e-005, 1.84433608e-005, 1, 0.707106965, -0.707106598, 4.38213906e-007, 0.707106598, 0.707106965, -1.74196812e-005, 1.20077074e-005, 1.26274419e-005, 1, 0, 0, 0, 0, 0, 0, 0, 0.113772363, 0.12121958, -0.197656763, -0.0443856624, 0.994563515, -0.0927044911, -0.801635742, 0.0198974609, 0.597290039, 0.596069157, 0.100783757, 0.796649117, 0, 0, -0, 0, 0, 0, 0, 0.174936621, 0.122430078, -0.169775586, -0.0532005952, 0.862167287, -0.503617016, 0.314331055, -0.464233398, -0.827880859, -0.947764649, -0.202246672, -0.246374792, 1, 3, 1, 0, 
315.280744, 39, 0.1, 0.1, 0.225, -0.115000009, -0.019960537, 0.707106967, -0.707106596, 4.46024665e-007, 0.707106595, 0.707106967, -1.65902763e-005, 1.14157067e-005, 1.2046487e-005, 1, 0.707106965, -0.707106597, -1.53899466e-007, 0.707106597, 0.707106965, 1.32357346e-005, -9.2502519e-006, -9.46790349e-006, 1, 0, 0, 0, 0, 0, 0, 0, 0.113778467, 0.12121958, -0.197662866, -0.0442650949, 0.994563515, -0.0928250585, -0.801635742, 0.0200195312, 0.597290039, 0.596050061, 0.100783757, 0.796668213, 0, 0, -0, 0, 0, 0, 0, 0.175168164, 0.122423486, -0.169557227, -0.0530791936, 0.862033126, -0.503763938, 0.314208984, -0.464477539, -0.827880859, -0.947751889, -0.202138031, -0.246144749, 1, 3, 1, 0, 
315.281525, 39, 0.1, 0.1, 0.225, -0.115000009, -0.0199614256, 0.707106971, -0.707106592, -6.93761308e-007, 0.707106592, 0.707106971, 1.31942757e-005, -8.83919586e-006, -9.82032752e-006, 1, 0.707106971, -0.707106592, 3.96298676e-008, 0.707106591, 0.707106971, 2.33656683e-005, -1.65500406e-005, -1.64940044e-005, 1, 0, 0, 0, 0, 0, 0, 0, 0.113778467, 0.12121958, -0.197662866, -0.0442650949, 0.994563515, -0.0928250585, -0.801635742, 0.0200195312, 0.597290039, 0.596050061, 0.100783757, 0.796668213, 0, 0, -0, 0, 0, 0, 0, 0.175168164, 0.122423486, -0.169557227, -0.0530791936, 0.862033126, -0.503763938, 0.314208984, -0.464477539, -0.827880859, -0.947751889, -0.202138031, -0.246144749, 1, 3, 1, 0, 
315.282305, 39, 0.1, 0.1, 0.225, -0.115000008, -0.0199636826, 0.707106968, -0.707106594, -5.04481915e-007, 0.707106594, 0.707106968, 2.08439266e-005, -1.43821552e-005, -1.50956082e-005, 1, 0.707106968, -0.707106594, -1.0048611e-006, 0.707106594, 0.707106968, 1.2082995e-005, -7.83342117e-006, -9.25451389e-006, 1, 0, 0, 0, 0, 0, 0, 0, 0.113778467, 0.12121958, -0.197662866, -0.0442650949, 0.994563515, -0.0928250585, -0.801635742, 0.0200195312, 0.597290039, 0.596050061, 0.100783757, 0.796668213, 0, 0, -0, 0, 0, 0, 0, 0.175168164, 0.122423486, -0.169557227, -0.0530791936, 0.862033126, -0.503763938, 0.314208984, -0.464477539, -0.827880859, -0.947751889, -0.202138031, -0.246144749, 1, 3, 1, 0, 
315.283086, 39, 0.1, 0.1, 0.225, -0.115000007, -0.0199664964, 0.707106972, -0.70710659, 9.28092625e-007, 0.70710659, 0.707106972, 1.11906494e-005, -8.5692427e-006, -7.2567258e-006, 1, 0.707106971, -0.707106591, 1.14907128e-006, 0.707106591, 0.707106971, -1.38650246e-005, 8.99153398e-006, 1.06165714e-005, 1, 0, 0, 0, 0, 0, 0, 0, 0.113778467, 0.12121958, -0.197662866, -0.0442650949, 0.994563515, -0.0928250585, -0.801635742, 0.0200195312, 0.597290039, 0.596050061, 0.100783757, 0.796668213, 0, 0, -0, 0, 0, 0, 0, 0.175168164, 0.122423486, -0.169557227, -0.0530791936, 0.862033126, -0.503763938, 0.314208984, -0.464477539, -0.827880859, -0.947751889, -0.202138031, -0.246144749, 1, 3, 1, 0, 
315.283869, 39, 0.1, 0.1, 0.225, -0.115000006, -0.0199688906, 0.707106971, -0.707106591, -7.26336528e-007, 0.707106591, 0.707106971, -1.10261776e-005, 8.31028046e-006, 7.28308969e-006, 1, 0.707106972, -0.707106591, -7.67715049e-007, 0.70710659, 0.707106972, -1.9414988e-005, 1.42713226e-005, 1.3185617e-005, 1, 0, 0, 0, 0, 0, 0, 0, 0.113778467, 0.12121958, -0.197662866, -0.0442650949, 0.994563515, -0.0928250585, -0.801635742, 0.0200195312, 0.597290039, 0.596050061, 0.100783757, 0.796668213, 0, 0, -0, 0, 0, 0, 0, 0.175168164, 0.122423486, -0.169557227, -0.0530791936, 0.862033126, -0.503763938, 0.314208984, -0.464477539, -0.827880859, -0.947751889, -0.202138031, -0.246144749, 1, 3, 1, 0, 
315.284712, 39, 0.1, 0.1, 0.225, -0.115000006, -0.0199699328, 0.707106973, -0.707106589, 1.21591853e-006, 0.707106589, 0.707106973, -1.88709277e-005, 1.24839728e-005, 1.42035485e-005, 1, 0.707106972, -0.70710659, 8.76658052e-007, 0.70710659, 0.707106972, -9.73098895e-006, 6.2609554e-006, 7.50074082e-006, 1, 0, 0, 0, 0, 0, 0, 0, 0.113778467, 0.12121958, -0.197662866, -0.0442650949, 0.994563515, -0.0928250585, -0.801635742, 0.0200195312, 0.597290039, 0.596050061, 0.100783757, 0.796668213, 0, 0, -0, 0, 0, 0, 0, 0.175168164, 0.122423486, -0.169557227, -0.0530791936, 0.862033126, -0.503763938, 0.314208984, -0.464477539, -0.827880859, -0.947751889, -0.202138031, -0.246144749, 1, 3, 1, 0, 
315.285618, 39, 0.1, 0.1, 0.225, -0.115000009, -0.0199673107, 0.707106973, -0.70710659, -8.95098391e-007, 0.70710659, 0.707106973, -8.90055762e-006, 6.92657326e-006, 5.66071638e-006, 1, 0.707106974, -0.707106588, -3.94573292e-007, 0.707106588, 0.707106974, 1.67230238e-005, -1.15459547e-005, -1.21039721e-005, 1, 0, 0, 0, 0, 0, 0, 0, 0.113816431, 0.120997681, -0.197471484, -0.0435225944, 0.994582611, -0.0934469916, -0.801635742, 0.0211181641, 0.597290039, 0.596056053, 0.100904324, 0.796643126, 0, 0, -0, 0, 0, 0, 0, 0.1749979, 0.122203906, -0.169587012, -0.0521911029, 0.861822406, -0.504275064, 0.313598633, -0.465209961, -0.827636719, -0.948026775, -0.201300979, -0.245952985, 1, 3, 1, 0, 
315.2864, 39, 0.1, 0.1, 0.225, -0.11500001, -0.019964186, 0.70710697, -0.707106592, -2.77615079e-007, 0.707106592, 0.70710697, 1.46708115e-005, -1.0177524e-005, -1.05701366e-005, 1, 0.70710697, -0.707106593, -9.36705296e-007, 0.707106592, 0.707106969, 2.53948641e-005, -1.7294525e-005, -1.86192359e-005, 1, 0, 0, 0, 0, 0, 0, 0, 0.113816431, 0.120997681, -0.197471484, -0.0435225944, 0.994582611, -0.0934469916, -0.801635742, 0.0211181641, 0.597290039, 0.596056053, 0.100904324, 0.796643126, 0, 0, -0, 0, 0, 0, 0, 0.1749979, 0.122203906, -0.169587012, -0.0521911029, 0.861822406, -0.504275064, 0.313598633, -0.465209961, -0.827636719, -0.948026775, -0.201300979, -0.245952985, 1, 3, 1, 0, 
315.287184, 39, 0.1, 0.1, 0.225, -0.115000009, -0.019961791, 0.707106972, -0.70710659, 1.18187939e-006, 0.70710659, 0.707106972, 2.32618526e-005, -1.72843244e-005, -1.56129034e-005, 1, 0.707106972, -0.70710659, 1.39091482e-006, 0.70710659, 0.707106972, 1.50688132e-005, -1.16387827e-005, -9.67173786e-006, 1, 0, 0, 0, 0, 0, 0, 0, 0.113816431, 0.120997681, -0.197471484, -0.0435225944, 0.994582611, -0.0934469916, -0.801635742, 0.0211181641, 0.597290039, 0.596056053, 0.100904324, 0.796643126, 0, 0, -0, 0, 0, 0, 0, 0.1749979, 0.122203906, -0.169587012, -0.0521911029, 0.861822406, -0.504275064, 0.313598633, -0.465209961, -0.827636719, -0.948026775, -0.201300979, -0.245952985, 1, 3, 1, 0, 
315.287967, 39, 0.1, 0.1, 0.225, -0.115000008, -0.0199608866, 0.707106968, -0.707106595, -2.0070553e-007, 0.707106595, 0.707106967, 1.24131534e-005, -8.63550233e-006, -8.91934743e-006, 1, 0.707106969, -0.707106594, -4.33929985e-007, 0.707106594, 0.707106969, -1.68395157e-005, 1.22141675e-005, 1.16005041e-005, 1, 0, 0, 0, 0, 0, 0, 0, 0.113816431, 0.120997681, -0.197471484, -0.0435225944, 0.994582611, -0.0934469916, -0.801635742, 0.0211181641, 0.597290039, 0.596056053, 0.100904324, 0.796643126, 0, 0, -0, 0, 0, 0, 0, 0.1749979, 0.122203906, -0.169587012, -0.0521911029, 0.861822406, -0.504275064, 0.313598633, -0.465209961, -0.827636719, -0.948026775, -0.201300979, -0.245952985, 1, 3, 1, 0, 
315.288751, 39, 0.1, 0.1, 0.225, -0.115000006, -0.0199616481, 0.707106965, -0.707106597, -6.90231652e-008, 0.707106597, 0.707106965, -1.74500892e-005, 1.238788e-005, 1.22902729e-005, 1, 0.707106966, -0.707106597, -1.35822247e-007, 0.707106596, 0.707106965, -2.76743734e-005, 1.96647728e-005, 1.94727014e-005, 1, 0, 0, 0, 0, 0, 0, 0, 0.113816431, 0.120997681, -0.197471484, -0.0435225944, 0.994582611, -0.0934469916, -0.801635742, 0.0211181641, 0.597290039, 0.596056053, 0.100904324, 0.796643126, 0, 0, -0, 0, 0, 0, 0, 0.1749979, 0.122203906, -0.169587012, -0.0521911029, 0.861822406, -0.504275064, 0.313598633, -0.465209961, -0.827636719, -0.948026775, -0.201300979, -0.245952985, 1, 3, 1, 0, 
