time, trialNum, realDorsalTactorPos, realVentralTactorPos, box1PosX, box1PosY, box1PosZ, box1LocalRot_11, box1LocalRot_12, box1LocalRot_13, box1LocalRot_21, box1LocalRot_22, box1LocalRot_23, box1LocalRot_31, box1LocalRot_32, box1LocalRot_33, box1GlobalRot_11, box1GlobalRot_12, box1GlobalRot_13, box1GlobalRot_21, box1GlobalRot_22, box1GlobalRot_23, box1GlobalRot_31, box1GlobalRot_32, box1GlobalRot_33, indexForceX, indexForceY, indexForceZ, indexForceGlobalX, indexForceGlobalY, indexForceGlobalZ, indexContact, indexPosX, indexPosY, indexPosZ, indexRot_11, indexRot_12, indexRot_13, indexRot_21, indexRot_22, indexRot_23, indexRot_31, indexRot_32, indexRot_33, thumbForceX, thumbForceY, thumbForceZ, thumbForceGlobalX, thumbForceGlobalY, thumbForceGlobalZ, thumbContact, thumbPosX, thumbPosY, thumbPosZ, thumbRot_11, thumbRot_12, thumbRot_13, thumbRot_21, thumbRot_22, thumbRot_23, thumbRot_31, thumbRot_32, thumbRot_33, manipForceTooHigh, cceExpType, mapping, trialSuccess, 
547.18016, 37, 0.1, 0.1, 0.0163663051, 0.368499981, -0.0199612198, 0.869304712, -0.49427656, 2.12436156e-005, 0.49427656, 0.869304712, -7.55489049e-006, -1.47329699e-005, 1.70677232e-005, 1, 0.869304717, -0.494276549, 4.10957056e-005, 0.494276549, 0.869304718, -1.22183993e-005, -2.96854225e-005, 3.09341557e-005, 0.999999999, 0, 0, 0, 0, 0, 0, 0, 0.264086401, -0.118015381, -0.153085962, -0.253869027, 0.600713517, -0.758082199, -0.950927734, -0.0122070313, 0.308837891, 0.176283623, 0.799414746, 0.574515967, 0, 0, 0, 0, 0, 0, 0, 0.300024316, -0.0667496582, -0.139874219, -0.200816804, 0.130686697, -0.970861901, 0.519775391, -0.825683594, -0.21862793, -0.83022664, -0.548548629, 0.0977834341, 0, 3, 1, 1, 
547.218102, 37, 0.1, 0.1, 0.0163662862, 0.368499983, -0.0199681358, 0.869323377, -0.49424373, -2.35119304e-005, 0.494243731, 0.869323378, 4.96408545e-006, 1.79860026e-005, -1.59360197e-005, 1, 0.869323326, -0.49424382, -4.38708568e-005, 0.494243821, 0.869323326, 1.56417207e-005, 3.04071354e-005, -3.52806125e-005, 0.999999999, 0, 0, 0, 0, 0, 0, 0, 0.266118164, -0.118130029, -0.151309668, -0.275331151, 0.616712297, -0.737449082, -0.944824219, -0.0321044922, 0.325927734, 0.177334643, 0.786499066, 0.591640672, 0, 0, 0, 0, 0, 0, 0, 0.301419824, -0.0667450195, -0.135922705, -0.218040505, 0.154592582, -0.963610621, 0.535400391, -0.806396484, -0.250610352, -0.815834887, -0.570461818, 0.0930221524, 0, 3, 1, 1, 
547.218889, 37, 0.1, 0.1, 0.0163662803, 0.368499988, -0.019968601, 0.869323623, -0.4942433, -4.85054734e-006, 0.4942433, 0.869323623, -1.5614352e-005, 1.19339843e-005, 1.11765746e-005, 1, 0.869323573, -0.494243386, 2.19486485e-005, 0.494243386, 0.869323573, -2.14708744e-005, -8.46863989e-006, 2.95131116e-005, 1, 0, 0, 0, 0, 0, 0, 0, 0.266118164, -0.118130029, -0.151309668, -0.275331151, 0.616712297, -0.737449082, -0.944824219, -0.0321044922, 0.325927734, 0.177334643, 0.786499066, 0.591640672, 0, 0, 0, 0, 0, 0, 0, 0.301419824, -0.0667450195, -0.135922705, -0.218040505, 0.154592582, -0.963610621, 0.535400391, -0.806396484, -0.250610352, -0.815834887, -0.570461818, 0.0930221524, 0, 3, 1, 1, 
547.219672, 37, 0.1, 0.1, 0.016366281, 0.368499983, -0.0199681032, 0.869324049, -0.494242549, 2.38970172e-005, 0.494242549, 0.869324049, 2.45474152e-005, -3.29066288e-005, -9.52873569e-006, 0.999999999, 0.869323945, -0.494242733, 4.08717671e-006, 0.494242732, 0.869323944, 3.55636857e-005, -2.11301738e-005, -2.88963061e-005, 0.999999999, 0, 0, 0, 0, 0, 0, 0, 0.266118164, -0.118130029, -0.151309668, -0.275331151, 0.616712297, -0.737449082, -0.944824219, -0.0321044922, 0.325927734, 0.177334643, 0.786499066, 0.591640672, 0, 0, 0, 0, 0, 0, 0, 0.301419824, -0.0667450195, -0.135922705, -0.218040505, 0.154592582, -0.963610621, 0.535400391, -0.806396484, -0.250610352, -0.815834887, -0.570461818, 0.0930221524, 0, 3, 1, 1, 
547.220467, 37, 0.1, 0.1, 0.016366275, 0.36849999, -0.0199667831, 0.869324762, -0.494241296, -3.88844651e-006, 0.494241296, 0.869324762, -1.89311141e-005, 1.27368612e-005, 1.45354554e-005, 1, 0.869324604, -0.494241573, 5.1089524e-006, 0.494241573, 0.869324603, -3.71408609e-005, 1.39152195e-005, 3.48125209e-005, 0.999999999, 0, 0, 0, 0, 0, 0, 0, 0.266118164, -0.118130029, -0.151309668, -0.275331151, 0.616712297, -0.737449082, -0.944824219, -0.0321044922, 0.325927734, 0.177334643, 0.786499066, 0.591640672, 0, 0, 0, 0, 0, 0, 0, 0.301419824, -0.0667450195, -0.135922705, -0.218040505, 0.154592582, -0.963610621, 0.535400391, -0.806396484, -0.250610352, -0.815834887, -0.570461818, 0.0930221524, 0, 3, 1, 1, 
547.221252, 37, 0.1, 0.1, 0.0163662769, 0.368499986, -0.0199652192, 0.869325469, -0.494240053, -6.76283395e-007, 0.494240053, 0.869325468, 1.22315508e-005, -5.45741191e-006, -1.09674449e-005, 1, 0.869325348, -0.494240265, -2.23303897e-005, 0.494240265, 0.869325348, 2.35270821e-005, 7.78434249e-006, -3.14892665e-005, 0.999999999, 0, 0, 0, 0, 0, 0, 0, 0.266118164, -0.118130029, -0.151309668, -0.275331151, 0.616712297, -0.737449082, -0.944824219, -0.0321044922, 0.325927734, 0.177334643, 0.786499066, 0.591640672, 0, 0, 0, 0, 0, 0, 0, 0.301419824, -0.0667450195, -0.135922705, -0.218040505, 0.154592582, -0.963610621, 0.535400391, -0.806396484, -0.250610352, -0.815834887, -0.570461818, 0.0930221524, 0, 3, 1, 1, 
547.222043, 37, 0.1, 0.1, 0.0163662713, 0.368499992, -0.0199639259, 0.869326166, -0.494238825, 1.40206179e-005, 0.494238825, 0.869326166, -6.40041521e-006, -9.0251563e-006, 1.24935821e-005, 1, 0.869326044, -0.49423904, 2.48440977e-005, 0.49423904, 0.869326044, -2.58861229e-005, -8.80368859e-006, 3.47824038e-005, 0.999999999, 0, 0, 0, 0, 0, 0, 0, 0.266118164, -0.118130029, -0.151309668, -0.275331151, 0.616712297, -0.737449082, -0.944824219, -0.0321044922, 0.325927734, 0.177334643, 0.786499066, 0.591640672, 0, 0, 0, 0, 0, 0, 0, 0.301419824, -0.0667450195, -0.135922705, -0.218040505, 0.154592582, -0.963610621, 0.535400391, -0.806396484, -0.250610352, -0.815834887, -0.570461818, 0.0930221524, 0, 3, 1, 1, 
547.222861, 37, 0.1, 0.1, 0.0163662732, 0.368499986, -0.0199630607, 0.869326784, -0.494237738, -1.06500835e-005, 0.494237738, 0.869326784, 1.18056544e-005, 3.42360293e-006, -1.55266448e-005, 1, 0.869326658, -0.49423796, -1.01500545e-005, 0.49423796, 0.869326658, 3.76361253e-005, -9.77748879e-006, -3.77346292e-005, 0.999999999, 0, 0, 0, 0, 0, 0, 0, 0.266574414, -0.118104883, -0.150617725, -0.274989666, 0.61723875, -0.737099362, -0.9453125, -0.0341796875, 0.323974609, 0.174808719, 0.785921316, 0.593068385, 0, 0, 0, 0, 0, 0, 0, 0.301635498, -0.0662748535, -0.135698242, -0.218717509, 0.155882791, -0.963252979, 0.537963867, -0.804199219, -0.252319336, -0.814064902, -0.57339478, 0.0919550576, 0, 3, 1, 1, 
547.223646, 37, 0.1, 0.1, 0.0163662681, 0.368499992, -0.0199629748, 0.869327231, -0.494236952, 3.20603233e-006, 0.494236952, 0.869327231, -1.16853153e-005, 2.9882234e-006, 1.17429024e-005, 1, 0.869327139, -0.494237115, 1.37541472e-005, 0.494237115, 0.869327138, -3.11333018e-005, 3.43037983e-006, 3.38628342e-005, 0.999999999, 0, 0, 0, 0, 0, 0, 0, 0.266574414, -0.118104883, -0.150617725, -0.274989666, 0.61723875, -0.737099362, -0.9453125, -0.0341796875, 0.323974609, 0.174808719, 0.785921316, 0.593068385, 0, 0, 0, 0, 0, 0, 0, 0.301635498, -0.0662748535, -0.135698242, -0.218717509, 0.155882791, -0.963252979, 0.537963867, -0.804199219, -0.252319336, -0.814064902, -0.57339478, 0.0919550576, 0, 3, 1, 1, 
547.224436, 37, 0.1, 0.1, 0.0163662691, 0.368499986, -0.0199637658, 0.869327639, -0.494236235, 2.55299905e-006, 0.494236235, 0.869327639, 2.1590227e-005, -1.28900651e-005, -1.75071964e-005, 1, 0.869327575, -0.494236347, -1.95156046e-005, 0.494236348, 0.869327574, 3.40366376e-005, 1.43309765e-007, -3.92343088e-005, 0.999999999, 0, 0, 0, 0, 0, 0, 0, 0.266574414, -0.118104883, -0.150617725, -0.274989666, 0.61723875, -0.737099362, -0.9453125, -0.0341796875, 0.323974609, 0.174808719, 0.785921316, 0.593068385, 0, 0, 0, 0, 0, 0, 0, 0.301635498, -0.0662748535, -0.135698242, -0.218717509, 0.155882791, -0.963252979, 0.537963867, -0.804199219, -0.252319336, -0.814064902, -0.57339478, 0.0919550576, 0, 3, 1, 1, 
547.225252, 37, 0.1, 0.1, 0.0163662676, 0.368499994, -0.0199650058, 0.869328193, -0.49423526, -2.17409401e-005, 0.49423526, 0.869328193, -2.65300798e-005, 3.2012113e-005, 1.23182072e-005, 0.999999999, 0.869328057, -0.494235499, -1.42306298e-005, 0.494235498, 0.869328057, -4.68797579e-005, 3.55407263e-005, 3.37206065e-005, 0.999999999, 0, 0, 0, 0, 0, 0, 0, 0.266828296, -0.118514014, -0.149928467, -0.274317558, 0.618006338, -0.736787835, -0.945800781, -0.03515625, 0.322631836, 0.17358994, 0.785305375, 0.594254963, 0, 0, 0, 0, 0, 0, 0, 0.301635498, -0.0662748535, -0.135698242, -0.21913895, 0.15712196, -0.962895338, 0.540283203, -0.802124023, -0.25378418, -0.812390799, -0.575842135, 0.0908879629, 0, 3, 1, 1, 
547.226041, 37, 0.1, 0.1, 0.0163662665, 0.368499989, -0.0199660622, 0.86932894, -0.494233947, 1.10220421e-005, 0.494233947, 0.86932894, 1.5932172e-005, -1.74560004e-005, -8.4028308e-006, 1, 0.869328783, -0.494234223, 9.126604e-006, 0.494234223, 0.869328782, 3.97204283e-005, -2.75652146e-005, -3.00194316e-005, 0.999999999, 0, 0, 0, 0, 0, 0, 0, 0.266828296, -0.118514014, -0.149928467, -0.274317558, 0.618006338, -0.736787835, -0.945800781, -0.03515625, 0.322631836, 0.17358994, 0.785305375, 0.594254963, 0, 0, 0, 0, 0, 0, 0, 0.301866064, -0.0657978516, -0.135250537, -0.21913895, 0.15712196, -0.962895338, 0.540283203, -0.802124023, -0.25378418, -0.812390799, -0.575842135, 0.0908879629, 0, 3, 1, 1, 
547.226832, 37, 0.1, 0.1, 0.0163662622, 0.368499997, -0.0199668966, 0.869329647, -0.494232704, 1.27836473e-005, 0.494232704, 0.869329646, -1.78577588e-005, -2.28731514e-006, 2.18423757e-005, 1, 0.869329527, -0.494232914, 2.12059228e-005, 0.494232914, 0.869329526, -3.53947743e-005, -9.4167238e-007, 4.12503874e-005, 0.999999999, 0, 0, 0, 0, 0, 0, 0, 0.266828296, -0.118514014, -0.149928467, -0.274317558, 0.618006338, -0.736787835, -0.945800781, -0.03515625, 0.322631836, 0.17358994, 0.785305375, 0.594254963, 0, 0, 0, 0, 0, 0, 0, 0.301866064, -0.0657978516, -0.135250537, -0.21913895, 0.15712196, -0.962895338, 0.540283203, -0.802124023, -0.25378418, -0.812390799, -0.575842135, 0.0908879629, 0, 3, 1, 1, 
547.227617, 37, 0.1, 0.1, 0.016366263, 0.368499994, -0.0199672718, 0.869330223, -0.49423169, -5.28327664e-006, 0.49423169, 0.869330223, 1.98528989e-006, 3.61171888e-006, -4.33703525e-006, 1, 0.869330103, -0.494231902, -5.55538867e-006, 0.494231901, 0.869330102, 2.35132379e-005, -6.7915257e-006, -2.31864158e-005, 1, 0, 0, 0, 0, 0, 0, 0, 0.266828296, -0.118514014, -0.149928467, -0.274317558, 0.618006338, -0.736787835, -0.945800781, -0.03515625, 0.322631836, 0.17358994, 0.785305375, 0.594254963, 0, 0, 0, 0, 0, 0, 0, 0.301866064, -0.0657978516, -0.135250537, -0.21913895, 0.15712196, -0.962895338, 0.540283203, -0.802124023, -0.25378418, -0.812390799, -0.575842135, 0.0908879629, 0, 3, 1, 1, 
547.228405, 37, 0.1, 0.1, 0.016366258, 0.368500002, -0.0199671064, 0.869330655, -0.49423093, -1.01243693e-005, 0.494230929, 0.869330655, -2.371721e-005, 2.05232033e-005, 1.56143212e-005, 1, 0.869330576, -0.494231068, 1.85282932e-005, 0.494231068, 0.869330576, -3.14827809e-005, -5.47443408e-007, 3.65262022e-005, 0.999999999, 0, 0, 0, 0, 0, 0, 0, 0.266828296, -0.118514014, -0.149928467, -0.274317558, 0.618006338, -0.736787835, -0.945800781, -0.03515625, 0.322631836, 0.17358994, 0.785305375, 0.594254963, 0, 0, 0, 0, 0, 0, 0, 0.301866064, -0.0657978516, -0.135250537, -0.21913895, 0.15712196, -0.962895338, 0.540283203, -0.802124023, -0.25378418, -0.812390799, -0.575842135, 0.0908879629, 0, 3, 1, 1, 
547.229189, 37, 0.1, 0.1, 0.0163662603, 0.368499998, -0.0199665253, 0.869331242, -0.494229897, 1.94939222e-005, 0.494229896, 0.869331243, 2.6082501e-005, -2.98374273e-005, -1.30398538e-005, 0.999999999, 0.869331105, -0.494230139, -1.5152533e-006, 0.494230139, 0.869331104, 3.63508056e-005, -1.66484069e-005, -3.23497699e-005, 0.999999999, 0, 0, 0, 0, 0, 0, 0, 0.266828296, -0.118514014, -0.149928467, -0.274317558, 0.618006338, -0.736787835, -0.945800781, -0.03515625, 0.322631836, 0.17358994, 0.785305375, 0.594254963, 0, 0, 0, 0, 0, 0, 0, 0.301866064, -0.0657978516, -0.135250537, -0.21913895, 0.15712196, -0.962895338, 0.540283203, -0.802124023, -0.25378418, -0.812390799, -0.575842135, 0.0908879629, 0, 3, 1, 1, 
547.230005, 37, 0.1, 0.1, 0.0163662558, 0.368500003, -0.0199655622, 0.869332137, -0.494228323, -1.02013974e-005, 0.494228323, 0.869332137, -1.12322101e-005, 1.4419679e-005, 4.72270167e-006, 1, 0.869331933, -0.494228682, -6.88441529e-007, 0.494228682, 0.869331932, -3.23961215e-005, 1.66095766e-005, 2.78227353e-005, 0.999999999, 0, 0, 0, 0, 0, 0, 0, 0.267255981, -0.118482764, -0.149442798, -0.274584902, 0.618653358, -0.736095509, -0.946044922, -0.0369873047, 0.321777344, 0.171901996, 0.784708529, 0.595504821, 0, 0, 0, 0, 0, 0, 0, 0.301866064, -0.0657978516, -0.135250537, -0.218908906, 0.158387015, -0.962793259, 0.540649414, -0.801635742, -0.254760742, -0.812243878, -0.576200143, 0.0899167501, 0, 3, 1, 1, 
547.230791, 37, 0.1, 0.1, 0.0163662585, 0.368499997, -0.0199645079, 0.869332984, -0.494226833, -5.28324492e-007, 0.494226833, 0.869332984, 2.13586699e-005, -1.00967379e-005, -1.88289084e-005, 1, 0.869332833, -0.494227098, -2.43075844e-005, 0.494227099, 0.869332833, 3.33634701e-005, 4.64225017e-006, -4.10174269e-005, 0.999999999, 0, 0, 0, 0, 0, 0, 0, 0.267255981, -0.118482764, -0.149442798, -0.274584902, 0.618653358, -0.736095509, -0.946044922, -0.0369873047, 0.321777344, 0.171901996, 0.784708529, 0.595504821, 0, 0, 0, 0, 0, 0, 0, 0.302107617, -0.0663914063, -0.134817725, -0.218908906, 0.158387015, -0.962793259, 0.540649414, -0.801635742, -0.254760742, -0.812243878, -0.576200143, 0.0899167501, 0, 3, 1, 1, 
547.231575, 37, 0.1, 0.1, 0.0163662567, 0.368500004, -0.0199639496, 0.869333903, -0.494225216, -1.7677503e-005, 0.494225216, 0.869333903, -2.23811548e-005, 2.64289837e-005, 1.07200289e-005, 1, 0.869333708, -0.494225559, -1.07046667e-005, 0.494225559, 0.869333708, -4.26046535e-005, 3.03622363e-005, 3.17471415e-005, 0.999999999, 0, 0, 0, 0, 0, 0, 0, 0.267255981, -0.118482764, -0.149442798, -0.274584902, 0.618653358, -0.736095509, -0.946044922, -0.0369873047, 0.321777344, 0.171901996, 0.784708529, 0.595504821, 0, 0, 0, 0, 0, 0, 0, 0.302107617, -0.0663914063, -0.134817725, -0.218908906, 0.158387015, -0.962793259, 0.540649414, -0.801635742, -0.254760742, -0.812243878, -0.576200143, 0.0899167501, 0, 3, 1, 1, 
547.232375, 37, 0.1, 0.1, 0.0163662547, 0.368499996, -0.0199638348, 0.869335011, -0.494223267, 1.54363545e-005, 0.494223267, 0.869335011, 2.54518578e-005, -2.59982637e-005, -1.44971855e-005, 1, 0.869334792, -0.494223654, 1.48982334e-005, 0.494223652, 0.869334791, 5.03334404e-005, -3.78275295e-005, -3.63935516e-005, 0.999999999, 0, 0, 0, 0, 0, 0, 0, 0.267255981, -0.118482764, -0.149442798, -0.274584902, 0.618653358, -0.736095509, -0.946044922, -0.0369873047, 0.321777344, 0.171901996, 0.784708529, 0.595504821, 0, 0, 0, 0, 0, 0, 0, 0.302107617, -0.0663914063, -0.134817725, -0.218908906, 0.158387015, -0.962793259, 0.540649414, -0.801635742, -0.254760742, -0.812243878, -0.576200143, 0.0899167501, 0, 3, 1, 1, 
547.233164, 37, 0.1, 0.1, 0.0163662581, 0.368500007, -0.0199643169, 0.869336228, -0.494221126, -4.06227218e-005, 0.494221124, 0.869336229, -4.25269746e-005, 5.6332533e-005, 1.68936324e-005, 0.999999998, 0.869335979, -0.494221564, -3.7497644e-005, 0.494221561, 0.869335979, -6.28405902e-005, 6.36552258e-005, 3.60974418e-005, 0.999999997, 0, 0, 0, 0, 0, 0, 0, 0.267255981, -0.118482764, -0.149442798, -0.274584902, 0.618653358, -0.736095509, -0.946044922, -0.0369873047, 0.321777344, 0.171901996, 0.784708529, 0.595504821, 0, 0, 0, 0, 0, 0, 0, 0.302107617, -0.0663914063, -0.134817725, -0.218908906, 0.158387015, -0.962793259, 0.540649414, -0.801635742, -0.254760742, -0.812243878, -0.576200143, 0.0899167501, 0, 3, 1, 1, 
547.233949, 37, 0.1, 0.1, 0.0163662532, 0.3685, -0.0199652215, 0.869337637, -0.494218644, 6.81591394e-005, 0.494218642, 0.86933764, 4.40284416e-005, -8.10129821e-005, -4.59006403e-006, 0.999999997, 0.869337331, -0.494219185, 4.70967802e-005, 0.494219183, 0.869337332, 5.50182505e-005, -6.81340641e-005, -2.45532868e-005, 0.999999997, 0, 0, 0, 0, 0, 0, 0, 0.267255981, -0.118482764, -0.149442798, -0.274584902, 0.618653358, -0.736095509, -0.946044922, -0.0369873047, 0.321777344, 0.171901996, 0.784708529, 0.595504821, 0, 0, 0, 0, 0, 0, 0, 0.302107617, -0.0663914063, -0.134817725, -0.218908906, 0.158387015, -0.962793259, 0.540649414, -0.801635742, -0.254760742, -0.812243878, -0.576200143, 0.0899167501, 0, 3, 1, 1, 
547.234774, 37, 0.1, 0.1, 0.0163662425, 0.368500005, -0.0199661438, 0.86933941, -0.494215529, -1.95902153e-005, 0.494215528, 0.86933941, -2.99487572e-005, 3.18316871e-005, 1.63538463e-005, 0.999999999, 0.869338992, -0.494216265, 1.65496008e-005, 0.494216265, 0.869338991, -3.63567816e-005, 3.5808995e-006, 3.97854498e-005, 0.999999999, 0, 0, 0, 0, 0, 0, 0, 0.267759814, -0.118484106, -0.14960647, -0.277720777, 0.618634262, -0.734978201, -0.94543457, -0.0405273438, 0.323120117, 0.170050423, 0.784587961, 0.596316592, 0, 0, 0, 0, 0, 0, 0, 0.302107617, -0.0663914063, -0.134817725, -0.217963213, 0.158827779, -0.962908464, 0.541503906, -0.801147461, -0.254638672, -0.811898996, -0.576890273, 0.0886772145, 0, 3, 1, 1, 
547.235566, 37, 0.1, 0.1, 0.0163662471, 0.368500002, -0.0199663818, 0.86934132, -0.494212169, 2.4962862e-005, 0.494212168, 0.869341321, 2.80506997e-005, -3.55642446e-005, -1.20486822e-005, 0.999999999, 0.869340942, -0.494212835, -1.6113181e-005, 0.494212835, 0.869340942, 2.74070142e-005, 4.6294978e-007, -3.17893804e-005, 0.999999999, 0, 0, 0, 0, 0, 0, 0, 0.267759814, -0.118484106, -0.14960647, -0.277720777, 0.618634262, -0.734978201, -0.94543457, -0.0405273438, 0.323120117, 0.170050423, 0.784587961, 0.596316592, 0, 0, 0, 0, 0, 0, 0, 0.302400684, -0.0668232422, -0.133958447, -0.217963213, 0.158827779, -0.962908464, 0.541503906, -0.801147461, -0.254638672, -0.811898996, -0.576890273, 0.0886772145, 0, 3, 1, 1, 
547.236355, 37, 0.1, 0.1, 0.0163662333, 0.368500004, -0.0199663337, 0.869343271, -0.494208738, 1.87270085e-005, 0.494208738, 0.869343271, -9.12285871e-006, -1.17716023e-005, 1.71859471e-005, 1, 0.869342893, -0.494209401, 5.39375347e-005, 0.494209402, 0.869342894, -9.78316031e-006, -4.20552827e-005, 3.51613577e-005, 0.999999998, 0, 0, 0, 0, 0, 0, 0, 0.267759814, -0.118484106, -0.14960647, -0.277720777, 0.618634262, -0.734978201, -0.94543457, -0.0405273438, 0.323120117, 0.170050423, 0.784587961, 0.596316592, 0, 0, 0, 0, 0, 0, 0, 0.302400684, -0.0668232422, -0.133958447, -0.217963213, 0.158827779, -0.962908464, 0.541503906, -0.801147461, -0.254638672, -0.811898996, -0.576890273, 0.0886772145, 0, 3, 1, 1, 
547.237145, 37, 0.1, 0.1, 0.0163662456, 0.368500006, -0.0199660678, 0.869345027, -0.494205647, -5.13979999e-005, 0.494205647, 0.869345028, -1.77212317e-005, 5.34405285e-005, -9.9953171e-006, 0.999999999, 0.869344701, -0.494206217, -7.30530006e-005, 0.494206218, 0.869344704, -9.32598714e-006, 6.81172e-005, -2.79957496e-005, 0.999999997, 0, 0, 0, 0, 0, 0, 0, 0.267759814, -0.118484106, -0.14960647, -0.277720777, 0.618634262, -0.734978201, -0.94543457, -0.0405273438, 0.323120117, 0.170050423, 0.784587961, 0.596316592, 0, 0, 0, 0, 0, 0, 0, 0.302400684, -0.0668232422, -0.133958447, -0.217963213, 0.158827779, -0.962908464, 0.541503906, -0.801147461, -0.254638672, -0.811898996, -0.576890273, 0.0886772145, 0, 3, 1, 1, 
547.237936, 37, 0.1, 0.1, 0.0163662369, 0.368500009, -0.0199656769, 0.869346346, -0.494203327, 4.34109495e-005, 0.494203327, 0.869346347, 1.89637574e-005, -4.71111024e-005, 4.96776242e-006, 0.999999999, 0.869346124, -0.494203717, 5.57786222e-005, 0.494203718, 0.869346125, 1.0696821e-006, -4.90195699e-005, 2.66360785e-005, 0.999999998, 0, 0, 0, 0, 0, 0, 0, 0.267759814, -0.118484106, -0.14960647, -0.277720777, 0.618634262, -0.734978201, -0.94543457, -0.0405273438, 0.323120117, 0.170050423, 0.784587961, 0.596316592, 0, 0, 0, 0, 0, 0, 0, 0.302400684, -0.0668232422, -0.133958447, -0.217963213, 0.158827779, -0.962908464, 0.541503906, -0.801147461, -0.254638672, -0.811898996, -0.576890273, 0.0886772145, 0, 3, 1, 1, 
547.238722, 37, 0.1, 0.1, 0.0163662444, 0.368500005, -0.0199653219, 0.869347109, -0.494201982, -6.70065368e-005, 0.494201983, 0.869347111, -1.22324588e-005, 6.42972446e-005, -2.24805107e-005, 0.999999998, 0.869347002, -0.494202171, -6.89993211e-005, 0.494202173, 0.869347003, 9.63327499e-006, 5.52235676e-005, -4.24742732e-005, 0.999999998, 0, 0, 0, 0, 0, 0, 0, 0.267759814, -0.118484106, -0.14960647, -0.277720777, 0.618634262, -0.734978201, -0.94543457, -0.0405273438, 0.323120117, 0.170050423, 0.784587961, 0.596316592, 0, 0, 0, 0, 0, 0, 0, 0.302400684, -0.0668232422, -0.133958447, -0.217963213, 0.158827779, -0.962908464, 0.541503906, -0.801147461, -0.254638672, -0.811898996, -0.576890273, 0.0886772145, 0, 3, 1, 1, 
547.23954, 37, 0.1, 0.1, 0.0163662415, 0.368500009, -0.0199649541, 0.869347345, -0.49420157, 5.30561667e-005, 0.494201569, 0.869347346, 3.05908172e-005, -6.12422676e-005, -3.73604856e-007, 0.999999998, 0.869347347, -0.494201567, 3.95256387e-005, 0.494201567, 0.869347348, -2.23880548e-006, -3.3255088e-005, 2.14799322e-005, 0.999999999, 0, 0, 0, 0, 0, 0, 0, 0.268484937, -0.118049829, -0.149554346, -0.28085066, 0.618393128, -0.734000557, -0.944946289, -0.0446777344, 0.323852539, 0.167456349, 0.784626153, 0.597026892, 0, 0, 0, 0, 0, 0, 0, 0.302400684, -0.0668232422, -0.133958447, -0.216154949, 0.158648775, -0.963336835, 0.542602539, -0.80065918, -0.253662109, -0.811586197, -0.577522801, 0.086913793, 0, 3, 1, 1, 
547.240328, 37, 0.1, 0.1, 0.0163662319, 0.368500006, -0.019964601, 0.869347401, -0.494201473, -1.08728353e-005, 0.494201473, 0.869347401, -1.39344656e-005, 1.63387046e-005, 6.74052027e-006, 1, 0.869347366, -0.494201534, 2.87426941e-005, 0.494201534, 0.869347367, -1.96016765e-006, -2.40186676e-005, 1.59087501e-005, 1, 0, 0, 0, 0, 0, 0, 0, 0.268484937, -0.118049829, -0.149554346, -0.28085066, 0.618393128, -0.734000557, -0.944946289, -0.0446777344, 0.323852539, 0.167456349, 0.784626153, 0.597026892, 0, 0, 0, 0, 0, 0, 0, 0.302973389, -0.067294873, -0.133130908, -0.216154949, 0.158648775, -0.963336835, 0.542602539, -0.80065918, -0.253662109, -0.811586197, -0.577522801, 0.086913793, 0, 3, 1, 1, 
547.241118, 37, 0.1, 0.1, 0.0163662392, 0.36850001, -0.0199646462, 0.869347679, -0.494200985, 4.71171077e-006, 0.494200985, 0.869347678, -2.70902781e-005, 9.29192731e-006, 2.58794025e-005, 1, 0.869347627, -0.494201075, -3.33331416e-005, 0.494201075, 0.869347627, -1.68969224e-005, 3.73285648e-005, -1.783975e-006, 0.999999999, 0, 0, 0, 0, 0, 0, 0, 0.268484937, -0.118049829, -0.149554346, -0.28085066, 0.618393128, -0.734000557, -0.944946289, -0.0446777344, 0.323852539, 0.167456349, 0.784626153, 0.597026892, 0, 0, 0, 0, 0, 0, 0, 0.302973389, -0.067294873, -0.133130908, -0.216154949, 0.158648775, -0.963336835, 0.542602539, -0.80065918, -0.253662109, -0.811586197, -0.577522801, 0.086913793, 0, 3, 1, 1, 
547.241936, 37, 0.1, 0.1, 0.0163662263, 0.368500008, -0.0199648959, 0.869347654, -0.494201028, 1.84545002e-005, 0.494201027, 0.869347653, 5.14329795e-005, -4.14616078e-005, -3.55929071e-005, 0.999999999, 0.869347681, -0.494200978, 5.32755335e-005, 0.494200977, 0.869347683, 2.86946081e-005, -6.0495865e-005, 1.3832297e-006, 0.999999998, 0, 0, 0, 0, 0, 0, 0, 0.269000366, -0.117622998, -0.149508325, -0.283720313, 0.618012329, -0.733143481, -0.944580078, -0.0485839844, 0.324584961, 0.164944651, 0.784562874, 0.597756288, 0, 0, 0, 0, 0, 0, 0, 0.302973389, -0.067294873, -0.133130908, -0.214544645, 0.158584609, -0.963752445, 0.544799805, -0.799438477, -0.252807617, -0.810557748, -0.579247943, 0.0850289699, 0, 3, 1, 1, 
547.242723, 37, 0.1, 0.1, 0.0163662377, 0.368500005, -0.0199651092, 0.8693472, -0.494201824, -5.68440867e-005, 0.494201823, 0.869347202, -2.8063959e-005, 6.32865075e-005, -3.6951271e-006, 0.999999998, 0.869347321, -0.494201608, -7.46361831e-005, 0.494201609, 0.869347324, -2.67876846e-006, 6.62086177e-005, -3.45565416e-005, 0.999999997, 0, 0, 0, 0, 0, 0, 0, 0.269000366, -0.117622998, -0.149508325, -0.283720313, 0.618012329, -0.733143481, -0.944580078, -0.0485839844, 0.324584961, 0.164944651, 0.784562874, 0.597756288, 0, 0, 0, 0, 0, 0, 0, 0.303548047, -0.0673354004, -0.132081836, -0.214544645, 0.158584609, -0.963752445, 0.544799805, -0.799438477, -0.252807617, -0.810557748, -0.579247943, 0.0850289699, 0, 3, 1, 1, 
547.243509, 37, 0.1, 0.1, 0.0163662274, 0.368500016, -0.01996551, 0.869346337, -0.494203338, 7.98151363e-005, 0.494203341, 0.869346339, -2.20181342e-005, -5.85055612e-005, 5.85862913e-005, 0.999999997, 0.86934654, -0.494202982, 7.66251909e-005, 0.494202986, 0.86934654, -4.18632942e-005, -4.59248797e-005, 7.42621081e-005, 0.999999996, 0, 0, 0, 0, 0, 0, 0, 0.269000366, -0.117622998, -0.149508325, -0.283720313, 0.618012329, -0.733143481, -0.944580078, -0.0485839844, 0.324584961, 0.164944651, 0.784562874, 0.597756288, 0, 0, 0, 0, 0, 0, 0, 0.303548047, -0.0673354004, -0.132081836, -0.214544645, 0.158584609, -0.963752445, 0.544799805, -0.799438477, -0.252807617, -0.810557748, -0.579247943, 0.0850289699, 0, 3, 1, 1, 
547.2443, 37, 0.1, 0.1, 0.016366226, 0.368500011, -0.0199659193, 0.869345126, -0.494205472, -5.60184409e-005, 0.494205474, 0.869345127, 1.94269856e-005, 3.9098436e-005, -4.45733753e-005, 0.999999998, 0.869345394, -0.494205002, -3.72682117e-005, 0.494205003, 0.869345394, 3.22768646e-005, 1.64475603e-005, -4.64778803e-005, 0.999999999, 0, 0, 0, 0, 0, 0, 0, 0.269000366, -0.117622998, -0.149508325, -0.283720313, 0.618012329, -0.733143481, -0.944580078, -0.0485839844, 0.324584961, 0.164944651, 0.784562874, 0.597756288, 0, 0, 0, 0, 0, 0, 0, 0.303548047, -0.0673354004, -0.132081836, -0.214544645, 0.158584609, -0.963752445, 0.544799805, -0.799438477, -0.252807617, -0.810557748, -0.579247943, 0.0850289699, 0, 3, 1, 1, 
547.245088, 37, 0.1, 0.1, 0.0163662261, 0.368500018, -0.0199662105, 0.869343661, -0.494208049, 6.00947397e-005, 0.494208052, 0.869343661, -3.58424936e-005, -3.45293321e-005, 6.08587488e-005, 0.999999998, 0.869343979, -0.494207493, 2.43264896e-005, 0.494207493, 0.869343977, -4.75758326e-005, 2.36424577e-006, 5.33820971e-005, 0.999999999, 0, 0, 0, 0, 0, 0, 0, 0.269000366, -0.117622998, -0.149508325, -0.283720313, 0.618012329, -0.733143481, -0.944580078, -0.0485839844, 0.324584961, 0.164944651, 0.784562874, 0.597756288, 0, 0, 0, 0, 0, 0, 0, 0.303548047, -0.0673354004, -0.132081836, -0.214544645, 0.158584609, -0.963752445, 0.544799805, -0.799438477, -0.252807617, -0.810557748, -0.579247943, 0.0850289699, 0, 3, 1, 1, 
547.245877, 37, 0.1, 0.1, 0.0163662147, 0.368500014, -0.0199663192, 0.869341962, -0.494211041, -1.07832403e-005, 0.494211041, 0.869341961, 5.33393273e-005, -1.69865612e-005, -5.16993119e-005, 0.999999999, 0.869342322, -0.494210407, 2.68716761e-005, 0.494210405, 0.869342322, 4.66154379e-005, -4.63985198e-005, -2.72445111e-005, 0.999999999, 0, 0, 0, 0, 0, 0, 0, 0.269000366, -0.117622998, -0.149508325, -0.283720313, 0.618012329, -0.733143481, -0.944580078, -0.0485839844, 0.324584961, 0.164944651, 0.784562874, 0.597756288, 0, 0, 0, 0, 0, 0, 0, 0.303548047, -0.0673354004, -0.132081836, -0.214544645, 0.158584609, -0.963752445, 0.544799805, -0.799438477, -0.252807617, -0.810557748, -0.579247943, 0.0850289699, 0, 3, 1, 1, 
547.246678, 37, 0.1, 0.1, 0.0163662266, 0.368500014, -0.0199661784, 0.869339986, -0.494214517, -2.7937945e-005, 0.494214516, 0.869339986, -4.37257676e-005, 4.58974818e-005, 2.42052202e-005, 0.999999999, 0.869340416, -0.494213757, -6.11661288e-005, 0.494213757, 0.869340418, -1.62618689e-005, 6.12110273e-005, -1.60920425e-005, 0.999999998, 0, 0, 0, 0, 0, 0, 0, 0.269000366, -0.117622998, -0.149508325, -0.285040563, 0.619972487, -0.730933953, -0.944213867, -0.05078125, 0.325073242, 0.164412207, 0.782892904, 0.600001764, 0, 0, 0, 0, 0, 0, 0, 0.303548047, -0.0673354004, -0.132081836, -0.214544645, 0.158584609, -0.963752445, 0.544799805, -0.799438477, -0.252807617, -0.810557748, -0.579247943, 0.0850289699, 0, 3, 1, 1, 
547.247478, 37, 0.1, 0.1, 0.0163662153, 0.36850002, -0.0199655391, 0.869337794, -0.49421837, 4.72777721e-005, 0.49421837, 0.869337796, 1.48287628e-005, -4.84290011e-005, 1.04743395e-005, 0.999999999, 0.869338228, -0.494217606, 6.43468678e-005, 0.494217607, 0.869338229, -7.61282549e-006, -5.21767997e-005, 3.84194752e-005, 0.999999998, 0, 0, 0, 0, 0, 0, 0, 0.269377759, -0.117081421, -0.149388574, -0.285040563, 0.619972487, -0.730933953, -0.944213867, -0.05078125, 0.325073242, 0.164412207, 0.782892904, 0.600001764, 0, 0, 0, 0, 0, 0, 0, 0.303425732, -0.0672431152, -0.132466797, -0.216748831, 0.160462869, -0.962928154, 0.545532227, -0.797973633, -0.255859375, -0.809439248, -0.580768927, 0.0853610919, 0, 3, 1, 1, 
547.248292, 37, 0.1, 0.1, 0.0163662212, 0.368500011, -0.0199647331, 0.869335485, -0.494222434, -3.34208775e-005, 0.494222435, 0.869335484, 3.48609964e-005, 1.18248682e-005, -4.68232486e-005, 0.999999999, 0.869335923, -0.494221661, -4.97810334e-005, 0.494221663, 0.869335922, 4.55160242e-005, 2.07814356e-005, -6.417158e-005, 0.999999998, 0, 0, 0, 0, 0, 0, 0, 0.269377759, -0.117081421, -0.149388574, -0.285040563, 0.619972487, -0.730933953, -0.944213867, -0.05078125, 0.325073242, 0.164412207, 0.782892904, 0.600001764, 0, 0, 0, 0, 0, 0, 0, 0.303425732, -0.0672431152, -0.132466797, -0.216748831, 0.160462869, -0.962928154, 0.545532227, -0.797973633, -0.255859375, -0.809439248, -0.580768927, 0.0853610919, 0, 3, 1, 1, 
547.249081, 37, 0.1, 0.1, 0.0163662153, 0.368500018, -0.0199642495, 0.869333624, -0.494225707, 2.13257487e-005, 0.494225707, 0.869333623, -5.68542897e-005, 9.5596611e-006, 5.9965079e-005, 0.999999998, 0.869333948, -0.494225136, 2.61858293e-005, 0.494225137, 0.869333947, -5.71258817e-005, 5.46881637e-006, 6.26031633e-005, 0.999999998, 0, 0, 0, 0, 0, 0, 0, 0.269377759, -0.117081421, -0.149388574, -0.285040563, 0.619972487, -0.730933953, -0.944213867, -0.05078125, 0.325073242, 0.164412207, 0.782892904, 0.600001764, 0, 0, 0, 0, 0, 0, 0, 0.303425732, -0.0672431152, -0.132466797, -0.216748831, 0.160462869, -0.962928154, 0.545532227, -0.797973633, -0.255859375, -0.809439248, -0.580768927, 0.0853610919, 0, 3, 1, 1, 
547.249871, 37, 0.1, 0.1, 0.0163662138, 0.368500014, -0.0199643068, 0.86933203, -0.494228511, -2.97589478e-005, 0.494228512, 0.869332028, 5.21321822e-005, 1.05195696e-007, -6.00278962e-005, 0.999999998, 0.869332372, -0.49422791, -8.40011646e-006, 0.49422791, 0.869332371, 5.21738231e-005, -1.84832664e-005, -4.95079654e-005, 0.999999999, 0, 0, 0, 0, 0, 0, 0, 0.269377759, -0.117081421, -0.149388574, -0.285040563, 0.619972487, -0.730933953, -0.944213867, -0.05078125, 0.325073242, 0.164412207, 0.782892904, 0.600001764, 0, 0, 0, 0, 0, 0, 0, 0.303425732, -0.0672431152, -0.132466797, -0.216748831, 0.160462869, -0.962928154, 0.545532227, -0.797973633, -0.255859375, -0.809439248, -0.580768927, 0.0853610919, 0, 3, 1, 1, 
547.250657, 37, 0.1, 0.1, 0.0163662135, 0.368500014, -0.0199648146, 0.869330468, -0.494231259, 2.58696573e-005, 0.49423126, 0.869330466, -4.94356e-005, 1.94333759e-006, 5.57614666e-005, 0.999999998, 0.869330755, -0.494230754, 1.74578968e-005, 0.494230754, 0.869330755, -2.47160715e-005, -2.96124396e-006, 3.01146706e-005, 1, 0, 0, 0, 0, 0, 0, 0, 0.269377759, -0.117081421, -0.149388574, -0.285040563, 0.619972487, -0.730933953, -0.944213867, -0.05078125, 0.325073242, 0.164412207, 0.782892904, 0.600001764, 0, 0, 0, 0, 0, 0, 0, 0.303425732, -0.0672431152, -0.132466797, -0.216748831, 0.160462869, -0.962928154, 0.545532227, -0.797973633, -0.255859375, -0.809439248, -0.580768927, 0.0853610919, 0, 3, 1, 1, 
547.251463, 37, 0.1, 0.1, 0.0163662104, 0.368500023, -0.0199655246, 0.869329111, -0.494233646, -2.02645618e-005, 0.494233647, 0.869329111, 1.24216262e-005, 1.14773879e-005, -2.08139095e-005, 1, 0.869329335, -0.494233252, -9.13610797e-006, 0.494233252, 0.869329335, -2.55301058e-005, 2.05601139e-005, 1.76787016e-005, 1, 0, 0, 0, 0, 0, 0, 0, 0.269350415, -0.117197363, -0.149497437, -0.285699567, 0.622173779, -0.72880081, -0.943725586, -0.0505371094, 0.326660156, 0.166494054, 0.781184743, 0.60176497, 0, 0, 0, 0, 0, 0, 0, 0.303425732, -0.0672431152, -0.132466797, -0.216748831, 0.160462869, -0.962928154, 0.545532227, -0.797973633, -0.255859375, -0.809439248, -0.580768927, 0.0853610919, 0, 3, 1, 1, 
547.252266, 37, 0.1, 0.1, 0.0163662127, 0.368500014, -0.0199658789, 0.869328157, -0.494235325, -8.78532634e-006, 0.494235325, 0.869328156, 8.3588939e-006, 3.50607091e-006, -1.16086404e-005, 1, 0.869328346, -0.494234992, -1.98161171e-005, 0.494234992, 0.869328345, 3.40193938e-005, 4.13137442e-007, -3.93678418e-005, 0.999999999, 0, 0, 0, 0, 0, 0, 0, 0.269350415, -0.117197363, -0.149497437, -0.285699567, 0.622173779, -0.72880081, -0.943725586, -0.0505371094, 0.326660156, 0.166494054, 0.781184743, 0.60176497, 0, 0, 0, 0, 0, 0, 0, 0.303589648, -0.066957373, -0.132660254, -0.217956283, 0.161830003, -0.962417028, 0.546508789, -0.796630859, -0.2578125, -0.808461472, -0.582098148, 0.085169328, 0, 3, 1, 1, 
547.253052, 37, 0.1, 0.1, 0.0163662071, 0.368500024, -0.0199662031, 0.869327302, -0.494236827, 1.87481625e-005, 0.494236828, 0.869327301, -4.02342721e-005, 3.5869695e-006, 4.42427836e-005, 0.999999999, 0.86932745, -0.494236567, 1.82109203e-005, 0.494236568, 0.869327448, -5.84822076e-005, 1.30727927e-005, 5.98406911e-005, 0.999999998, 0, 0, 0, 0, 0, 0, 0, 0.269350415, -0.117197363, -0.149497437, -0.285699567, 0.622173779, -0.72880081, -0.943725586, -0.0505371094, 0.326660156, 0.166494054, 0.781184743, 0.60176497, 0, 0, 0, 0, 0, 0, 0, 0.303589648, -0.066957373, -0.132660254, -0.217956283, 0.161830003, -0.962417028, 0.546508789, -0.796630859, -0.2578125, -0.808461472, -0.582098148, 0.085169328, 0, 3, 1, 1, 
547.253838, 37, 0.1, 0.1, 0.0163662083, 0.368500018, -0.0199663872, 0.869326449, -0.494238326, -4.69067811e-005, 0.494238328, 0.869326448, 3.5493109e-005, 2.32352506e-005, -5.40382275e-005, 0.999999998, 0.869326642, -0.494237989, -2.5109086e-005, 0.494237989, 0.86932664, 5.10066967e-005, -3.38144977e-006, -5.67513445e-005, 0.999999998, 0, 0, 0, 0, 0, 0, 0, 0.269350415, -0.117197363, -0.149497437, -0.285699567, 0.622173779, -0.72880081, -0.943725586, -0.0505371094, 0.326660156, 0.166494054, 0.781184743, 0.60176497, 0, 0, 0, 0, 0, 0, 0, 0.303589648, -0.066957373, -0.132660254, -0.217956283, 0.161830003, -0.962417028, 0.546508789, -0.796630859, -0.2578125, -0.808461472, -0.582098148, 0.085169328, 0, 3, 1, 1, 
547.25464, 37, 0.1, 0.1, 0.0163662086, 0.368500024, -0.0199661485, 0.869325281, -0.494240379, 5.38078274e-005, 0.494240381, 0.869325281, -3.95401145e-005, -2.72341835e-005, 6.09672223e-005, 0.999999998, 0.869325539, -0.494239929, 2.13511848e-005, 0.494239929, 0.869325537, -4.76733325e-005, 5.00093428e-006, 5.19962535e-005, 0.999999999, 0, 0, 0, 0, 0, 0, 0, 0.269350415, -0.117197363, -0.149497437, -0.285699567, 0.622173779, -0.72880081, -0.943725586, -0.0505371094, 0.326660156, 0.166494054, 0.781184743, 0.60176497, 0, 0, 0, 0, 0, 0, 0, 0.303795068, -0.0666435547, -0.132652441, -0.218556728, 0.163721023, -0.961925225, 0.547851563, -0.795166016, -0.259765625, -0.807419897, -0.583740535, 0.0839935914, 0, 3, 1, 1, 
547.255428, 37, 0.1, 0.1, 0.0163662004, 0.368500022, -0.0199657217, 0.869323883, -0.49424284, -2.83070622e-005, 0.494242841, 0.869323882, 4.37541626e-005, 2.98282357e-006, -5.20271014e-005, 0.999999999, 0.869324183, -0.494242314, 1.06264281e-005, 0.494242313, 0.869324183, 3.76223133e-005, -2.78323501e-005, -2.74539563e-005, 0.999999999, 0, 0, 0, 0, 0, 0, 0, 0.269350415, -0.117197363, -0.149497437, -0.285699567, 0.622173779, -0.72880081, -0.943725586, -0.0505371094, 0.326660156, 0.166494054, 0.781184743, 0.60176497, 0, 0, 0, 0, 0, 0, 0, 0.303795068, -0.0666435547, -0.132652441, -0.218556728, 0.163721023, -0.961925225, 0.547851563, -0.795166016, -0.259765625, -0.807419897, -0.583740535, 0.0839935914, 0, 3, 1, 1, 
547.256214, 37, 0.1, 0.1, 0.016366205, 0.368500017, -0.019965357, 0.869322414, -0.494245424, 3.39990647e-005, 0.494245424, 0.869322415, -7.819633e-006, -2.56913312e-005, 2.36016644e-005, 0.999999999, 0.869322701, -0.49424492, -1.0607886e-005, 0.49424492, 0.869322701, 1.20380345e-005, 3.2719387e-006, -1.57078305e-005, 1, 0, 0, 0, 0, 0, 0, 0, 0.269350415, -0.117197363, -0.149497437, -0.285699567, 0.622173779, -0.72880081, -0.943725586, -0.0505371094, 0.326660156, 0.166494054, 0.781184743, 0.60176497, 0, 0, 0, 0, 0, 0, 0, 0.303795068, -0.0666435547, -0.132652441, -0.218556728, 0.163721023, -0.961925225, 0.547851563, -0.795166016, -0.259765625, -0.807419897, -0.583740535, 0.0839935914, 0, 3, 1, 1, 
547.257014, 37, 0.1, 0.1, 0.0163661939, 0.368500024, -0.0199649592, 0.869321119, -0.494247704, -6.30995663e-006, 0.494247704, 0.869321118, -2.15244623e-005, 1.61237946e-005, 1.55929881e-005, 1, 0.869321353, -0.494247291, 3.54828728e-005, 0.494247292, 0.869321352, -3.08855422e-005, -1.55809234e-005, 4.43867751e-005, 0.999999999, 0, 0, 0, 0, 0, 0, 0, 0.269350293, -0.117085303, -0.149608374, -0.285768837, 0.624476543, -0.726730946, -0.943481445, -0.0506591797, 0.327392578, 0.167617352, 0.779336917, 0.603908974, 0, 0, 0, 0, 0, 0, 0, 0.303795068, -0.0666435547, -0.132652441, -0.218556728, 0.163721023, -0.961925225, 0.547851563, -0.795166016, -0.259765625, -0.807419897, -0.583740535, 0.0839935914, 0, 3, 1, 1, 
547.257796, 37, 0.1, 0.1, 0.0163662019, 0.368500017, -0.0199648862, 0.869320285, -0.49424917, -2.8126661e-006, 0.49424917, 0.869320284, 4.59035931e-005, -2.02427051e-005, -4.12950825e-005, 0.999999999, 0.869320425, -0.494248922, -3.7612771e-005, 0.494248923, 0.869320424, 4.51206564e-005, 1.03967143e-005, -5.78143798e-005, 0.999999998, 0, 0, 0, 0, 0, 0, 0, 0.269350293, -0.117085303, -0.149608374, -0.285768837, 0.624476543, -0.726730946, -0.943481445, -0.0506591797, 0.327392578, 0.167617352, 0.779336917, 0.603908974, 0, 0, 0, 0, 0, 0, 0, 0.303795068, -0.0666435547, -0.132652441, -0.218556728, 0.163721023, -0.961925225, 0.547851563, -0.795166016, -0.259765625, -0.807419897, -0.583740535, 0.0839935914, 0, 3, 1, 1, 
547.258587, 37, 0.1, 0.1, 0.0163661931, 0.368500023, -0.0199650765, 0.869319952, -0.494249755, 1.00333898e-005, 0.494249755, 0.86931995, -6.35971233e-005, 2.27106367e-005, 6.02452486e-005, 0.999999998, 0.869319979, -0.494249707, 3.94220342e-005, 0.494249709, 0.869319977, -5.07887292e-005, -9.16804729e-006, 6.36359859e-005, 0.999999998, 0, 0, 0, 0, 0, 0, 0, 0.269350293, -0.117085303, -0.149608374, -0.285768837, 0.624476543, -0.726730946, -0.943481445, -0.0506591797, 0.327392578, 0.167617352, 0.779336917, 0.603908974, 0, 0, 0, 0, 0, 0, 0, 0.303795068, -0.0666435547, -0.132652441, -0.218556728, 0.163721023, -0.961925225, 0.547851563, -0.795166016, -0.259765625, -0.807419897, -0.583740535, 0.0839935914, 0, 3, 1, 1, 
547.259403, 37, 0.1, 0.1, 0.0163661996, 0.368500024, -0.0199650882, 0.869320122, -0.494249456, -1.67175003e-005, 0.494249456, 0.869320121, 5.96644932e-005, -1.49562839e-005, -6.013016e-005, 0.999999998, 0.869320046, -0.494249589, -4.00737466e-005, 0.49424959, 0.869320045, 3.50486609e-005, 1.75141249e-005, -5.02749363e-005, 0.999999999, 0, 0, 0, 0, 0, 0, 0, 0.269772974, -0.117222974, -0.149744336, -0.286276195, 0.626233758, -0.725118264, -0.943237305, -0.0512695313, 0.32800293, 0.168315669, 0.777946274, 0.60550743, 0, 0, 0, 0, 0, 0, 0, 0.304290137, -0.066379541, -0.132449707, -0.21818596, 0.164883633, -0.961772107, 0.549682617, -0.793579102, -0.260742187, -0.806276243, -0.58545948, 0.0825367723, 0, 3, 1, 1, 
