time, trialNum, realDorsalTactorPos, realVentralTactorPos, boxPosX, boxPosY, boxPosZ, boxLocalRot_11, boxLocalRot_12, boxLocalRot_13, boxLocalRot_21, boxLocalRot_22, boxLocalRot_23, boxLocalRot_31, boxLocalRot_32, boxLocalRot_33, boxGlobalRot_11, boxGlobalRot_12, boxGlobalRot_13, boxGlobalRot_21, boxGlobalRot_22, boxGlobalRot_23, boxGlobalRot_31, boxGlobalRot_32, boxGlobalRot_33, indexForceX, indexForceY, indexForceZ, indexForceGlobalX, indexForceGlobalY, indexForceGlobalZ, indexContact, indexPosX, indexPosY, indexPosZ, indexRot_11, indexRot_12, indexRot_13, indexRot_21, indexRot_22, indexRot_23, indexRot_31, indexRot_32, indexRot_33, thumbForceX, thumbForceY, thumbForceZ, thumbForceGlobalX, thumbForceGlobalY, thumbForceGlobalZ, thumbContact, thumbPosX, thumbPosY, thumbPosZ, thumbRot_11, thumbRot_12, thumbRot_13, thumbRot_21, thumbRot_22, thumbRot_23, thumbRot_31, thumbRot_32, thumbRot_33, manipForceTooHigh, cceExpType, mapping, trialSuccess, 
455.158775, 65, 0.1, 0.1, 0.225000009, -0.115, -0.0199524373, 0.707111011, -0.707102552, 2.87530238e-006, 0.707102552, 0.707111011, 6.78810536e-006, -6.83304459e-006, -2.76681039e-006, 1, 0.707111038, -0.707102524, -1.20776212e-005, 0.707102524, 0.707111038, -2.47440039e-005, 2.60367669e-005, 8.95664189e-006, 1, 0, 0, 0, 0, 0, 0, 0, 0.176160864, -0.138963403, -0.195249438, -0.771921957, 0.628354587, -0.0957252047, -0.360229492, -0.30847168, 0.880371094, 0.523810622, 0.714084114, 0.464665248, 0, 0, 0, 0, 0, 0, 0, 0.250116602, -0.0948129395, -0.180104736, -0.460864492, 0.737624658, -0.493263754, 0.249267578, -0.42590332, -0.869628906, -0.851667104, -0.52378906, 0.0124730704, 1, 3, 5, 0, 
455.159557, 65, 0.1, 0.1, 0.225000007, -0.114999999, -0.0199539722, 0.707110862, -0.7071027, 1.77870773e-005, 0.7071027, 0.707110862, -1.84009464e-005, 4.3392329e-007, 2.55887994e-005, 1, 0.707110918, -0.707102645, 6.5634018e-006, 0.707102645, 0.707110917, -2.32639946e-005, 1.1808979e-005, 2.10912233e-005, 1, 0, 0, 0, 0, 0, 0, 0, 0.176160864, -0.138963403, -0.195249438, -0.771921957, 0.628354587, -0.0957252047, -0.360229492, -0.30847168, 0.880371094, 0.523810622, 0.714084114, 0.464665248, 0, 0, 0, 0, 0, 0, 0, 0.250443945, -0.0943835449, -0.179943359, -0.460864492, 0.737624658, -0.493263754, 0.249267578, -0.42590332, -0.869628906, -0.851667104, -0.52378906, 0.0124730704, 1, 3, 5, 0, 
455.160522, 65, 0.1, 0.1, 0.225000007, -0.115000005, -0.019958281, 0.707110188, -0.707103374, -2.68610807e-005, 0.707103374, 0.707110188, -1.77687691e-005, 3.15581004e-005, -6.42908314e-006, 0.999999999, 0.707110337, -0.707103225, -1.50250766e-005, 0.707103225, 0.707110337, 2.46929763e-005, -6.83609621e-006, -2.80849389e-005, 1, 0, 0, 0, 0, 0, 0, 0, 0.176160864, -0.138963403, -0.195249438, -0.771921957, 0.628354587, -0.0957252047, -0.360229492, -0.30847168, 0.880371094, 0.523810622, 0.714084114, 0.464665248, 0, 0, 0, 0, 0, 0, 0, 0.250443945, -0.0943835449, -0.179943359, -0.460864492, 0.737624658, -0.493263754, 0.249267578, -0.42590332, -0.869628906, -0.851667104, -0.52378906, 0.0124730704, 1, 3, 5, 0, 
455.161317, 65, 0.1, 0.1, 0.225000007, -0.114999995, -0.0199631794, 0.707109225, -0.707104337, 2.16432016e-005, 0.707104337, 0.707109225, 4.88768519e-006, -1.87602109e-005, 1.18478744e-005, 1, 0.707109441, -0.707104121, 1.30168747e-005, 0.707104121, 0.707109441, -4.07413623e-005, 1.96040302e-005, 3.80128877e-005, 0.999999999, 0, 0, 0, 0, 0, 0, 0, 0.176160864, -0.138963403, -0.195249438, -0.771921957, 0.628354587, -0.0957252047, -0.360229492, -0.30847168, 0.880371094, 0.523810622, 0.714084114, 0.464665248, 0, 0, 0, 0, 0, 0, 0, 0.250443945, -0.0943835449, -0.179943359, -0.463426318, 0.734678571, -0.495244459, 0.251953125, -0.426513672, -0.868530273, -0.849481508, -0.527290017, 0.012633118, 1, 3, 5, 0, 
455.162096, 65, 0.1, 0.1, 0.225000009, -0.115000006, -0.0199683603, 0.707107993, -0.707105569, -2.58064235e-005, 0.70710557, 0.707107992, 2.41181457e-005, 1.19385313e-006, -3.53019994e-005, 0.999999999, 0.707108242, -0.70710532, -1.8351549e-005, 0.70710532, 0.707108241, 5.36736745e-005, -2.49764092e-005, -5.09295756e-005, 0.999999998, 0, 0, 0, 0, 0, 0, 0, 0.176160864, -0.138963403, -0.195249438, -0.771921957, 0.628354587, -0.0957252047, -0.360229492, -0.30847168, 0.880371094, 0.523810622, 0.714084114, 0.464665248, 0, 0, 0, 0, 0, 0, 0, 0.251436621, -0.0942056152, -0.178731592, -0.463426318, 0.734678571, -0.495244459, 0.251953125, -0.426513672, -0.868530273, -0.849481508, -0.527290017, 0.012633118, 1, 3, 5, 0, 
455.162876, 65, 0.1, 0.1, 0.225000004, -0.114999999, -0.0199724299, 0.707106442, -0.707107119, 4.7672563e-005, 0.70710712, 0.707106441, -3.68166405e-005, -7.67626773e-006, 5.97428924e-005, 0.999999998, 0.707106765, -0.707106796, 4.37225806e-005, 0.707106797, 0.707106764, -4.08634201e-005, -2.0217304e-006, 5.98113347e-005, 0.999999998, 0, 0, 0, 0, 0, 0, 0, 0.176160864, -0.138963403, -0.195249438, -0.771921957, 0.628354587, -0.0957252047, -0.360229492, -0.30847168, 0.880371094, 0.523810622, 0.714084114, 0.464665248, 0, 0, 0, 0, 0, 0, 0, 0.251436621, -0.0942056152, -0.178731592, -0.463426318, 0.734678571, -0.495244459, 0.251953125, -0.426513672, -0.868530273, -0.849481508, -0.527290017, 0.012633118, 1, 3, 5, 0, 
455.163669, 65, 0.1, 0.1, 0.225000005, -0.114999999, -0.0199741119, 0.707105025, -0.707108536, -3.60531355e-005, 0.707108537, 0.707105023, 5.33164535e-005, -1.22071662e-005, -6.31938121e-005, 0.999999998, 0.70710526, -0.707108302, -2.82162076e-005, 0.707108302, 0.70710526, 2.24873755e-005, 4.05081893e-006, -3.58528561e-005, 0.999999999, 0, 0, 0, 0, 0, 0, 0, 0.176160864, -0.138963403, -0.195249438, -0.774214982, 0.625081292, -0.0987202943, -0.361450195, -0.308837891, 0.879638672, 0.519477308, 0.716827208, 0.465263216, 0, 0, 0, 0, 0, 0, 0, 0.251436621, -0.0942056152, -0.178731592, -0.463426318, 0.734678571, -0.495244459, 0.251953125, -0.426513672, -0.868530273, -0.849481508, -0.527290017, 0.012633118, 1, 3, 5, 0, 
455.164445, 65, 0.1, 0.1, 0.225000015, -0.115000009, -0.0199729683, 0.707103955, -0.707109606, -3.51074058e-005, 0.707109607, 0.707103955, -5.55092954e-007, 2.52170971e-005, -2.44322755e-005, 0.999999999, 0.707104181, -0.70710938, -4.81877466e-005, 0.707109381, 0.707104181, 2.59254141e-005, 1.57416536e-005, -5.24059763e-005, 0.999999999, 0, 0, 0, 0, 0, 0, 0, 0.177369946, -0.138675854, -0.193168262, -0.774214982, 0.625081292, -0.0987202943, -0.361450195, -0.308837891, 0.879638672, 0.519477308, 0.716827208, 0.465263216, 0, 0, 0, 0, 0, 0, 0, 0.251436621, -0.0942056152, -0.178731592, -0.463426318, 0.734678571, -0.495244459, 0.251953125, -0.426513672, -0.868530273, -0.849481508, -0.527290017, 0.012633118, 1, 3, 5, 0, 
455.165222, 65, 0.1, 0.1, 0.225000009, -0.115000002, -0.0199697304, 0.707102567, -0.707110994, 4.08644371e-005, 0.707110995, 0.707102567, -1.85072225e-005, -1.58086879e-005, 4.19821974e-005, 0.999999999, 0.707102854, -0.707110707, 4.87581321e-005, 0.707110708, 0.707102854, -2.48885199e-005, -1.68780754e-005, 5.20761408e-005, 0.999999999, 0, 0, 0, 0, 0, 0, 0, 0.177369946, -0.138675854, -0.193168262, -0.774214982, 0.625081292, -0.0987202943, -0.361450195, -0.308837891, 0.879638672, 0.519477308, 0.716827208, 0.465263216, 0, 0, 0, 0, 0, 0, 0, 0.251436621, -0.0942056152, -0.178731592, -0.463426318, 0.734678571, -0.495244459, 0.251953125, -0.426513672, -0.868530273, -0.849481508, -0.527290017, 0.012633118, 1, 3, 5, 0, 
455.166019, 65, 0.1, 0.1, 0.225000015, -0.115000003, -0.0199653996, 0.707101179, -0.707112382, -2.85652402e-005, 0.707112383, 0.707101179, 1.36473739e-005, 1.0548288e-005, -2.98489093e-005, 0.999999999, 0.707101448, -0.707112113, -4.46711576e-005, 0.707112114, 0.707101448, 8.33373156e-006, 2.56941577e-005, -3.74803104e-005, 0.999999999, 0, 0, 0, 0, 0, 0, 0, 0.177369946, -0.138675854, -0.193168262, -0.775802576, 0.623165318, -0.099145276, -0.361328125, -0.309936523, 0.879394531, 0.517256919, 0.717995812, 0.465701302, 0, 0, 0, 0, 0, 0, 0, 0.251436621, -0.0942056152, -0.178731592, -0.463426318, 0.734678571, -0.495244459, 0.251953125, -0.426513672, -0.868530273, -0.849481508, -0.527290017, 0.012633118, 1, 3, 5, 0, 
455.166809, 65, 0.1, 0.1, 0.225000009, -0.115000001, -0.0199612467, 0.707100251, -0.707113312, 8.93409275e-006, 0.707113312, 0.70710025, -3.30111117e-005, 1.70252973e-005, 2.96595813e-005, 0.999999999, 0.70710039, -0.707113171, 3.70636406e-005, 0.707113172, 0.70710039, -2.21406055e-005, -1.05518009e-005, 4.18638193e-005, 0.999999999, 0, 0, 0, 0, 0, 0, 0, 0.178175024, -0.138546973, -0.19140271, -0.775802576, 0.623165318, -0.099145276, -0.361328125, -0.309936523, 0.879394531, 0.517256919, 0.717995812, 0.465701302, 0, 0, 0, 0, 0, 0, 0, 0.252386084, -0.0937346191, -0.177603418, -0.466582393, 0.732678176, -0.495333778, 0.252929688, -0.426025391, -0.868530273, -0.847481114, -0.530446092, 0.0134829292, 1, 3, 5, 0, 
455.167586, 65, 0.1, 0.1, 0.225000016, -0.115000006, -0.0199590632, 0.707100002, -0.70711356, -1.61857857e-005, 0.70711356, 0.7071, 5.67126119e-005, -2.86572878e-005, -5.15466766e-005, 0.999999998, 0.707100002, -0.70711356, -3.25796061e-005, 0.707113561, 0.7071, 5.44763933e-005, -1.54839569e-005, -6.15577391e-005, 0.999999998, 0, 0, 0, 0, 0, 0, 0, 0.178175024, -0.138546973, -0.19140271, -0.775802576, 0.623165318, -0.099145276, -0.361328125, -0.309936523, 0.879394531, 0.517256919, 0.717995812, 0.465701302, 0, 0, 0, 0, 0, 0, 0, 0.252386084, -0.0937346191, -0.177603418, -0.466582393, 0.732678176, -0.495333778, 0.252929688, -0.426025391, -0.868530273, -0.847481114, -0.530446092, 0.0134829292, 1, 3, 5, 0, 
455.168363, 65, 0.1, 0.1, 0.225000015, -0.115000001, -0.0199593473, 0.707100292, -0.707113271, -9.27679123e-007, 0.70711327, 0.707100291, -4.40863635e-005, 3.18300149e-005, 3.05175063e-005, 0.999999999, 0.707100209, -0.707113353, 5.22858424e-006, 0.707113353, 0.707100208, -5.06514102e-005, 3.21191555e-005, 3.95128245e-005, 0.999999999, 0, 0, 0, 0, 0, 0, 0, 0.178175024, -0.138546973, -0.19140271, -0.775802576, 0.623165318, -0.099145276, -0.361328125, -0.309936523, 0.879394531, 0.517256919, 0.717995812, 0.465701302, 0, 0, 0, 0, 0, 0, 0, 0.252386084, -0.0937346191, -0.177603418, -0.466582393, 0.732678176, -0.495333778, 0.252929688, -0.426025391, -0.868530273, -0.847481114, -0.530446092, 0.0134829292, 1, 3, 5, 0, 
455.169138, 65, 0.1, 0.1, 0.225000018, -0.115000008, -0.0199618012, 0.707100703, -0.707112859, -1.9208659e-005, 0.707112859, 0.707100702, 3.92525791e-005, -1.41735472e-005, -4.13382161e-005, 0.999999999, 0.70710063, -0.707112933, -1.75607408e-005, 0.707112932, 0.707100628, 5.50226427e-005, -2.64900114e-005, -5.13239722e-005, 0.999999998, 0, 0, 0, 0, 0, 0, 0, 0.178175024, -0.138546973, -0.19140271, -0.775802576, 0.623165318, -0.099145276, -0.361328125, -0.309936523, 0.879394531, 0.517256919, 0.717995812, 0.465701302, 0, 0, 0, 0, 0, 0, 0, 0.252386084, -0.0937346191, -0.177603418, -0.466582393, 0.732678176, -0.495333778, 0.252929688, -0.426025391, -0.868530273, -0.847481114, -0.530446092, 0.0134829292, 1, 3, 5, 0, 
455.169915, 65, 0.1, 0.1, 0.225000016, -0.115000003, -0.0199655151, 0.707100805, -0.707112756, 4.25856603e-005, 0.707112757, 0.707100806, -1.49220897e-005, -1.95607547e-005, 4.06642853e-005, 0.999999999, 0.707100822, -0.707112739, 2.92814352e-005, 0.70711274, 0.707100821, -3.61925076e-005, 4.88725627e-006, 4.62970278e-005, 0.999999999, 0, 0, 0, 0, 0, 0, 0, 0.178175024, -0.138546973, -0.19140271, -0.775802576, 0.623165318, -0.099145276, -0.361328125, -0.309936523, 0.879394531, 0.517256919, 0.717995812, 0.465701302, 0, 0, 0, 0, 0, 0, 0, 0.252386084, -0.0937346191, -0.177603418, -0.466582393, 0.732678176, -0.495333778, 0.252929688, -0.426025391, -0.868530273, -0.847481114, -0.530446092, 0.0134829292, 1, 3, 5, 0, 
455.170706, 65, 0.1, 0.1, 0.225000015, -0.115000006, -0.0199691897, 0.707100406, -0.707113156, -2.1838349e-005, 0.707113157, 0.707100406, 2.03458354e-006, 1.40032246e-005, -1.68808387e-005, 1, 0.707100528, -0.707113034, -1.91570345e-005, 0.707113034, 0.707100528, 1.59593829e-005, 2.26086148e-006, -2.48310769e-005, 1, 0, 0, 0, 0, 0, 0, 0, 0.178175024, -0.138546973, -0.19140271, -0.776761124, 0.621972748, -0.0987966784, -0.360107422, -0.309814453, 0.879882813, 0.516667187, 0.71904984, 0.464780946, 0, 0, 0, 0, 0, 0, 0, 0.252386084, -0.0937346191, -0.177603418, -0.466582393, 0.732678176, -0.495333778, 0.252929688, -0.426025391, -0.868530273, -0.847481114, -0.530446092, 0.0134829292, 1, 3, 5, 0, 
455.171496, 65, 0.1, 0.1, 0.225000014, -0.115000007, -0.0199712259, 0.707099687, -0.707113876, 8.4644659e-006, 0.707113875, 0.707099687, 2.49082201e-005, -2.35981692e-005, -1.16272533e-005, 1, 0.707099841, -0.707113722, 1.2093043e-005, 0.707113721, 0.707099841, 2.39907138e-005, -2.55151517e-005, -8.41267325e-006, 1, 0, 0, 0, 0, 0, 0, 0, 0.17879397, -0.138827954, -0.189601758, -0.776761124, 0.621972748, -0.0987966784, -0.360107422, -0.309814453, 0.879882813, 0.516667187, 0.71904984, 0.464780946, 0, 0, 0, 0, 0, 0, 0, 0.25300625, -0.094280957, -0.176516504, -0.467496004, 0.731406558, -0.496215305, 0.252807617, -0.427246094, -0.867919922, -0.846963424, -0.531193458, 0.0148631894, 1, 3, 5, 0, 
455.172275, 65, 0.1, 0.1, 0.225000015, -0.115000004, -0.0199713825, 0.707098951, -0.707114611, -9.42598923e-006, 0.707114611, 0.707098951, -7.48322685e-006, 1.19566061e-005, -1.37387285e-006, 1, 0.707099083, -0.707114479, -6.73963457e-006, 0.707114479, 0.707099083, -2.42891551e-005, 2.19408027e-005, 1.24091461e-005, 1, 0, 0, 0, 0, 0, 0, 0, 0.17879397, -0.138827954, -0.189601758, -0.776761124, 0.621972748, -0.0987966784, -0.360107422, -0.309814453, 0.879882813, 0.516667187, 0.71904984, 0.464780946, 0, 0, 0, 0, 0, 0, 0, 0.25300625, -0.094280957, -0.176516504, -0.467496004, 0.731406558, -0.496215305, 0.252807617, -0.427246094, -0.867919922, -0.846963424, -0.531193458, 0.0148631894, 1, 3, 5, 0, 
455.173051, 65, 0.1, 0.1, 0.225000014, -0.115000004, -0.0199698226, 0.707098468, -0.707115094, -1.39976852e-005, 0.707115094, 0.707098468, -1.44146194e-005, 2.00905368e-005, 2.94580828e-007, 1, 0.707098549, -0.707115013, 4.65417311e-006, 0.707115013, 0.707098549, -1.72444057e-006, -2.07158124e-006, 4.51038511e-006, 1, 0, 0, 0, 0, 0, 0, 0, 0.17879397, -0.138827954, -0.189601758, -0.776761124, 0.621972748, -0.0987966784, -0.360107422, -0.309814453, 0.879882813, 0.516667187, 0.71904984, 0.464780946, 0, 0, 0, 0, 0, 0, 0, 0.25300625, -0.094280957, -0.176516504, -0.467496004, 0.731406558, -0.496215305, 0.252807617, -0.427246094, -0.867919922, -0.846963424, -0.531193458, 0.0148631894, 1, 3, 5, 0, 
455.173828, 65, 0.1, 0.1, 0.225000016, -0.115000003, -0.0199671942, 0.707098215, -0.707115347, 2.51008644e-005, 0.707115347, 0.707098215, 2.78285168e-006, -1.97165735e-005, 1.5781457e-005, 1, 0.707098261, -0.707115301, 1.23059149e-005, 0.707115301, 0.707098261, -9.42969994e-007, -8.03470254e-006, 9.36847318e-006, 1, 0, 0, 0, 0, 0, 0, 0, 0.17879397, -0.138827954, -0.189601758, -0.776761124, 0.621972748, -0.0987966784, -0.360107422, -0.309814453, 0.879882813, 0.516667187, 0.71904984, 0.464780946, 0, 0, 0, 0, 0, 0, 0, 0.25300625, -0.094280957, -0.176516504, -0.467496004, 0.731406558, -0.496215305, 0.252807617, -0.427246094, -0.867919922, -0.846963424, -0.531193458, 0.0148631894, 1, 3, 5, 0, 
455.174605, 65, 0.1, 0.1, 0.225000018, -0.115000001, -0.0199643969, 0.707097868, -0.707115694, -5.78962097e-006, 0.707115694, 0.707097868, -3.08690229e-005, 2.59217992e-005, 1.77334884e-005, 1, 0.707097961, -0.7071156, -2.15420864e-005, 0.7071156, 0.707097962, -1.89066147e-005, 2.86015276e-005, -1.86391664e-006, 1, 0, 0, 0, 0, 0, 0, 0, 0.17879397, -0.138827954, -0.189601758, -0.776761124, 0.621972748, -0.0987966784, -0.360107422, -0.309814453, 0.879882813, 0.516667187, 0.71904984, 0.464780946, 0, 0, 0, 0, 0, 0, 0, 0.25300625, -0.094280957, -0.176516504, -0.467496004, 0.731406558, -0.496215305, 0.252807617, -0.427246094, -0.867919922, -0.846963424, -0.531193458, 0.0148631894, 1, 3, 5, 0, 
455.175949, 65, 0.1, 0.1, 0.22500001, -0.115000012, -0.0199534244, 0.707096445, -0.707117118, 1.5078318e-007, 0.707117118, 0.707096444, 1.7347565e-005, -1.23733784e-005, -1.21597802e-005, 1, 0.707096799, -0.707116763, 1.50259036e-005, 0.707116761, 0.707096798, 5.98307258e-005, -5.29320775e-005, -3.16810464e-005, 0.999999998, 0, 0, 0, 0, 0, 0, 0, 0.179253149, -0.139251978, -0.189239478, -0.776614348, 0.622461009, -0.0960427236, -0.357910156, -0.310668945, 0.880493164, 0.518374227, 0.718230955, 0.46422117, 0, 0, 0, 0, 0, 0, 0, 0.25300625, -0.094280957, -0.176516504, -0.467566366, 0.731815605, -0.495601734, 0.251220703, -0.427490234, -0.868286133, -0.847461791, -0.530414009, 0.0160323628, 1, 3, 5, 0, 
455.176838, 65, 0.1, 0.1, 0.225000015, -0.115000002, -0.019945973, 0.707095454, -0.707118108, -6.36453057e-006, 0.707118108, 0.707095454, 1.07738852e-005, -3.11807871e-006, -1.21186401e-005, 1, 0.707095578, -0.707117984, -2.92102024e-005, 0.707117984, 0.707095578, -2.22356254e-005, 3.63776156e-005, -4.93234705e-006, 0.999999999, 0, 0, 0, 0, 0, 0, 0, 0.179253149, -0.139251978, -0.189239478, -0.776614348, 0.622461009, -0.0960427236, -0.357910156, -0.310668945, 0.880493164, 0.518374227, 0.718230955, 0.46422117, 0, 0, 0, 0, 0, 0, 0, 0.253214355, -0.0949072266, -0.17555835, -0.467566366, 0.731815605, -0.495601734, 0.251220703, -0.427490234, -0.868286133, -0.847461791, -0.530414009, 0.0160323628, 1, 3, 5, 0, 
455.177618, 65, 0.1, 0.1, 0.225000016, -0.115, -0.0199463301, 0.707094982, -0.70711858, -3.21029682e-005, 0.707118578, 0.707094983, -4.32600697e-005, 5.32898467e-005, 7.888373e-006, 0.999999999, 0.707095078, -0.707118483, -2.76169301e-005, 0.707118483, 0.707095079, -2.36442261e-005, 3.62470647e-005, -2.80972582e-006, 0.999999999, 0, 0, 0, 0, 0, 0, 0, 0.179253149, -0.139251978, -0.189239478, -0.776614348, 0.622461009, -0.0960427236, -0.357910156, -0.310668945, 0.880493164, 0.518374227, 0.718230955, 0.46422117, 0, 0, 0, 0, 0, 0, 0, 0.253214355, -0.0949072266, -0.17555835, -0.467566366, 0.731815605, -0.495601734, 0.251220703, -0.427490234, -0.868286133, -0.847461791, -0.530414009, 0.0160323628, 1, 3, 5, 0, 
455.178427, 65, 0.1, 0.1, 0.225000019, -0.115000003, -0.0199529455, 0.707094731, -0.70711883, 2.97320294e-005, 0.70711883, 0.707094732, 2.26536012e-005, -3.70421494e-005, 5.00583579e-006, 0.999999999, 0.707094729, -0.707118834, 9.57934415e-006, 0.707118833, 0.707094728, 3.99871911e-005, -3.50491996e-005, -2.15009974e-005, 0.999999999, 0, 0, 0, 0, 0, 0, 0, 0.180130493, -0.139711401, -0.188340283, -0.776937858, 0.622175691, -0.0958528854, -0.356933594, -0.310058594, 0.881103516, 0.51867265, 0.718770513, 0.463078776, 0, 0, 0, 0, 0, 0, 0, 0.253706738, -0.0957130371, -0.174629736, -0.466442035, 0.732448499, -0.495684489, 0.248779297, -0.429077148, -0.868164062, -0.848816531, -0.528260863, 0.0179875482, 1, 3, 5, 0, 
455.179209, 65, 0.1, 0.1, 0.22500002, -0.115000002, -0.0199628521, 0.707094999, -0.707118563, -6.66224379e-006, 0.707118563, 0.707094999, 4.68147087e-007, 4.37980377e-006, -5.04202072e-006, 1, 0.707094928, -0.707118634, -2.23806265e-005, 0.707118634, 0.707094928, -3.80212326e-006, 1.85137797e-005, -1.3137296e-005, 1, 0, 0, 0, 0, 0, 0, 0, 0.180130493, -0.139711401, -0.188340283, -0.776937858, 0.622175691, -0.0958528854, -0.356933594, -0.310058594, 0.881103516, 0.51867265, 0.718770513, 0.463078776, 0, 0, 0, 0, 0, 0, 0, 0.253706738, -0.0957130371, -0.174629736, -0.466442035, 0.732448499, -0.495684489, 0.248779297, -0.429077148, -0.868164062, -0.848816531, -0.528260863, 0.0179875482, 1, 3, 5, 0, 
455.179985, 65, 0.1, 0.1, 0.225000014, -0.115000004, -0.0199726351, 0.707095319, -0.707118243, -6.0022425e-006, 0.707118243, 0.707095319, 1.30043874e-005, -4.95148196e-006, -1.34396366e-005, 1, 0.707095262, -0.7071183, 2.27628761e-005, 0.7071183, 0.707095262, 1.18803683e-005, -2.44963477e-005, 7.6954941e-006, 1, 0, 0, 0, 0, 0, 0, 0, 0.180130493, -0.139711401, -0.188340283, -0.776937858, 0.622175691, -0.0958528854, -0.356933594, -0.310058594, 0.881103516, 0.51867265, 0.718770513, 0.463078776, 0, 0, 0, 0, 0, 0, 0, 0.253706738, -0.0957130371, -0.174629736, -0.466442035, 0.732448499, -0.495684489, 0.248779297, -0.429077148, -0.868164062, -0.848816531, -0.528260863, 0.0179875482, 1, 3, 5, 0, 
455.180768, 65, 0.1, 0.1, 0.225000023, -0.114999999, -0.0199794033, 0.707095331, -0.707118231, -1.97623138e-005, 0.70711823, 0.707095331, -3.5626743e-005, 3.91661593e-005, 1.12172112e-005, 0.999999999, 0.707095347, -0.707118214, -4.0192839e-005, 0.707118213, 0.707095349, -2.81545476e-005, 4.8328763e-005, -8.51313889e-006, 0.999999999, 0, 0, 0, 0, 0, 0, 0, 0.180130493, -0.139711401, -0.188340283, -0.776937858, 0.622175691, -0.0958528854, -0.356933594, -0.310058594, 0.881103516, 0.51867265, 0.718770513, 0.463078776, 0, 0, 0, 0, 0, 0, 0, 0.253706738, -0.0957130371, -0.174629736, -0.466442035, 0.732448499, -0.495684489, 0.248779297, -0.429077148, -0.868164062, -0.848816531, -0.528260863, 0.0179875482, 1, 3, 5, 0, 
455.181553, 65, 0.1, 0.1, 0.225000017, -0.115, -0.0199812075, 0.707094951, -0.70711861, 3.96449764e-005, 0.707118609, 0.707094952, 4.08224363e-005, -5.68990671e-005, -8.31637989e-007, 0.999999998, 0.707095064, -0.707118497, 4.27629956e-005, 0.707118496, 0.707095065, 2.25450641e-005, -4.6179535e-005, 1.42970016e-005, 0.999999999, 0, 0, 0, 0, 0, 0, 0, 0.180130493, -0.139711401, -0.188340283, -0.776937858, 0.622175691, -0.0958528854, -0.356933594, -0.310058594, 0.881103516, 0.51867265, 0.718770513, 0.463078776, 0, 0, 0, 0, 0, 0, 0, 0.253706738, -0.0957130371, -0.174629736, -0.466442035, 0.732448499, -0.495684489, 0.248779297, -0.429077148, -0.868164062, -0.848816531, -0.528260863, 0.0179875482, 1, 3, 5, 0, 
455.182326, 65, 0.1, 0.1, 0.225000013, -0.115000005, -0.0199780158, 0.707094385, -0.707119177, 2.06526596e-006, 0.707119177, 0.707094385, -1.28866632e-005, 7.6520687e-006, 1.05724764e-005, 1, 0.70709448, -0.707119082, 1.88873143e-005, 0.707119082, 0.70709448, 9.51168772e-006, -2.00810116e-005, 6.62991847e-006, 1, 0, 0, 0, 0, 0, 0, 0, 0.180130493, -0.139711401, -0.188340283, -0.776937858, 0.622175691, -0.0958528854, -0.356933594, -0.310058594, 0.881103516, 0.51867265, 0.718770513, 0.463078776, 0, 0, 0, 0, 0, 0, 0, 0.253706738, -0.0957130371, -0.174629736, -0.466442035, 0.732448499, -0.495684489, 0.248779297, -0.429077148, -0.868164062, -0.848816531, -0.528260863, 0.0179875482, 1, 3, 5, 0, 
455.183131, 65, 0.1, 0.1, 0.225000017, -0.115000001, -0.0199707883, 0.707094107, -0.707119455, 9.75993959e-006, 0.707119455, 0.707094107, -1.03008231e-005, 3.82716679e-007, 1.41850945e-005, 1, 0.707094147, -0.707119415, -1.68672605e-005, 0.707119415, 0.707094147, -1.39590835e-005, 2.17974801e-005, -2.05678115e-006, 1, 0, 0, 0, 0, 0, 0, 0, 0.18101333, -0.139953687, -0.187472339, -0.777115713, 0.621769806, -0.0963100677, -0.356933594, -0.309448242, 0.881347656, 0.518330043, 0.719329167, 0.462533226, 0, 0, 0, 0, 0, 0, 0, 0.254176172, -0.0961109375, -0.173491553, -0.46587987, 0.732819267, -0.495665166, 0.247436523, -0.42980957, -0.868164062, -0.849493901, -0.52711721, 0.0189715208, 1, 3, 5, 0, 
455.183907, 65, 0.1, 0.1, 0.225000011, -0.115000006, -0.0199628021, 0.707093633, -0.707119929, 1.23990137e-005, 0.707119928, 0.707093634, 1.62781144e-005, -2.02778428e-005, -2.74256134e-006, 1, 0.707093749, -0.707119813, 2.29503484e-005, 0.707119812, 0.707093749, 3.79477177e-005, -4.30616309e-005, -1.06039479e-005, 0.999999999, 0, 0, 0, 0, 0, 0, 0, 0.18101333, -0.139953687, -0.187472339, -0.777115713, 0.621769806, -0.0963100677, -0.356933594, -0.309448242, 0.881347656, 0.518330043, 0.719329167, 0.462533226, 0, 0, 0, 0, 0, 0, 0, 0.254176172, -0.0961109375, -0.173491553, -0.46587987, 0.732819267, -0.495665166, 0.247436523, -0.42980957, -0.868164062, -0.849493901, -0.52711721, 0.0189715208, 1, 3, 5, 0, 
455.184685, 65, 0.1, 0.1, 0.225000014, -0.115000001, -0.0199566198, 0.707093154, -0.707120408, -1.09767378e-005, 0.707120408, 0.707093154, 7.48188288e-006, 2.47098407e-006, -1.30522635e-005, 1, 0.707093213, -0.707120349, -2.50027587e-005, 0.707120349, 0.707093213, -1.56728589e-005, 2.87618784e-005, -6.59778734e-006, 1, 0, 0, 0, 0, 0, 0, 0, 0.18101333, -0.139953687, -0.187472339, -0.777115713, 0.621769806, -0.0963100677, -0.356933594, -0.309448242, 0.881347656, 0.518330043, 0.719329167, 0.462533226, 0, 0, 0, 0, 0, 0, 0, 0.254176172, -0.0961109375, -0.173491553, -0.46587987, 0.732819267, -0.495665166, 0.247436523, -0.42980957, -0.868164062, -0.849493901, -0.52711721, 0.0189715208, 1, 3, 5, 0, 
455.185469, 65, 0.1, 0.1, 0.225000005, -0.115000006, -0.0199538837, 0.707093157, -0.707120405, 1.27830125e-005, 0.707120404, 0.707093158, 1.73313727e-005, -2.12941479e-005, -3.21576611e-006, 1, 0.70709314, -0.70712042, 5.07720728e-005, 0.70712042, 0.707093142, 2.18432653e-005, -5.13464034e-005, 2.04567464e-005, 0.999999998, 0, 0, 0, 0, 0, 0, 0, 0.18101333, -0.139953687, -0.187472339, -0.777115713, 0.621769806, -0.0963100677, -0.356933594, -0.309448242, 0.881347656, 0.518330043, 0.719329167, 0.462533226, 0, 0, 0, 0, 0, 0, 0, 0.254176172, -0.0961109375, -0.173491553, -0.46587987, 0.732819267, -0.495665166, 0.247436523, -0.42980957, -0.868164062, -0.849493901, -0.52711721, 0.0189715208, 1, 3, 5, 0, 
455.186247, 65, 0.1, 0.1, 0.22500001, -0.114999997, -0.0199553148, 0.707092823, -0.707120739, -1.33290237e-006, 0.707120739, 0.707092822, -3.37619977e-005, 2.48162945e-005, 2.29303434e-005, 0.999999999, 0.707092919, -0.707120643, -1.32834897e-005, 0.707120641, 0.707092919, -5.69145011e-005, 4.96380801e-005, 3.0850811e-005, 0.999999998, 0, 0, 0, 0, 0, 0, 0, 0.18101333, -0.139953687, -0.187472339, -0.777115713, 0.621769806, -0.0963100677, -0.356933594, -0.309448242, 0.881347656, 0.518330043, 0.719329167, 0.462533226, 0, 0, 0, 0, 0, 0, 0, 0.254176172, -0.0961109375, -0.173491553, -0.46587987, 0.732819267, -0.495665166, 0.247436523, -0.42980957, -0.868164062, -0.849493901, -0.52711721, 0.0189715208, 1, 3, 5, 0, 
455.187023, 65, 0.1, 0.1, 0.225000005, -0.115, -0.0199601504, 0.707092425, -0.707121136, 2.75248367e-005, 0.707121137, 0.707092425, -8.19891449e-006, -1.36649778e-005, 2.52607842e-005, 1, 0.70709247, -0.707121091, 3.93281321e-005, 0.707121091, 0.707092471, 1.18227546e-005, -3.61687452e-005, 1.94499709e-005, 0.999999999, 0, 0, 0, 0, 0, 0, 0, 0.18101333, -0.139953687, -0.187472339, -0.777115713, 0.621769806, -0.0963100677, -0.356933594, -0.309448242, 0.881347656, 0.518330043, 0.719329167, 0.462533226, 0, 0, 0, 0, 0, 0, 0, 0.254176172, -0.0961109375, -0.173491553, -0.46587987, 0.732819267, -0.495665166, 0.247436523, -0.42980957, -0.868164062, -0.849493901, -0.52711721, 0.0189715208, 1, 3, 5, 0, 
455.187834, 65, 0.1, 0.1, 0.22500001, -0.114999994, -0.0199666851, 0.707092451, -0.707121111, -6.07329411e-006, 0.707121111, 0.707092451, -2.00415831e-005, 1.84662069e-005, 9.87669764e-006, 1, 0.707092433, -0.707121128, -3.26822619e-005, 0.707121128, 0.707092434, -2.30622985e-005, 3.94172187e-005, -6.80314115e-006, 0.999999999, 0, 0, 0, 0, 0, 0, 0, 0.181699292, -0.139934033, -0.186155225, -0.776817291, 0.622150604, -0.0967290579, -0.357055664, -0.308837891, 0.881469727, 0.518653554, 0.719392446, 0.462228812, 0, 0, 0, 0, 0, 0, 0, 0.254176172, -0.0961109375, -0.173491553, -0.466448599, 0.733349716, -0.494412504, 0.244873047, -0.430053711, -0.868896484, -0.849921905, -0.526325001, 0.0210670642, 1, 3, 5, 0, 
455.18861, 65, 0.1, 0.1, 0.225000008, -0.114999998, -0.0199719995, 0.707092245, -0.707121317, 1.52026371e-006, 0.707121317, 0.707092245, 2.14356222e-005, -1.62325521e-005, -1.40819513e-005, 1, 0.707092307, -0.707121255, 9.63711953e-006, 0.707121255, 0.707092306, 3.41168576e-005, -3.09390883e-005, -1.73091555e-005, 0.999999999, 0, 0, 0, 0, 0, 0, 0, 0.181699292, -0.139934033, -0.186155225, -0.776817291, 0.622150604, -0.0967290579, -0.357055664, -0.308837891, 0.881469727, 0.518653554, 0.719392446, 0.462228812, 0, 0, 0, 0, 0, 0, 0, 0.254352783, -0.0962824219, -0.173141357, -0.466448599, 0.733349716, -0.494412504, 0.244873047, -0.430053711, -0.868896484, -0.849921905, -0.526325001, 0.0210670642, 1, 3, 5, 0, 
455.189393, 65, 0.1, 0.1, 0.225000008, -0.114999992, -0.0199749987, 0.707091777, -0.707121785, 1.13788631e-005, 0.707121785, 0.707091777, -2.1879926e-005, 7.42587174e-006, 2.35173577e-005, 1, 0.707091878, -0.707121684, 7.85189838e-006, 0.707121683, 0.707091878, -3.71188197e-005, 2.06955087e-005, 3.17986636e-005, 0.999999999, 0, 0, 0, 0, 0, 0, 0, 0.181699292, -0.139934033, -0.186155225, -0.776817291, 0.622150604, -0.0967290579, -0.357055664, -0.308837891, 0.881469727, 0.518653554, 0.719392446, 0.462228812, 0, 0, 0, 0, 0, 0, 0, 0.254352783, -0.0962824219, -0.173141357, -0.466448599, 0.733349716, -0.494412504, 0.244873047, -0.430053711, -0.868896484, -0.849921905, -0.526325001, 0.0210670642, 1, 3, 5, 0, 
455.19017, 65, 0.1, 0.1, 0.225000009, -0.114999998, -0.0199748313, 0.70709113, -0.707122432, -1.96634012e-005, 0.707122432, 0.707091129, 2.81162554e-005, -5.97781838e-006, -3.37851869e-005, 0.999999999, 0.707091271, -0.707122291, -1.27095213e-005, 0.70712229, 0.70709127, 4.18548185e-005, -2.06096836e-005, -3.85823626e-005, 0.999999999, 0, 0, 0, 0, 0, 0, 0, 0.181699292, -0.139934033, -0.186155225, -0.776817291, 0.622150604, -0.0967290579, -0.357055664, -0.308837891, 0.881469727, 0.518653554, 0.719392446, 0.462228812, 0, 0, 0, 0, 0, 0, 0, 0.254352783, -0.0962824219, -0.173141357, -0.466448599, 0.733349716, -0.494412504, 0.244873047, -0.430053711, -0.868896484, -0.849921905, -0.526325001, 0.0210670642, 1, 3, 5, 0, 
455.191023, 65, 0.1, 0.1, 0.225000012, -0.114999992, -0.0199710927, 0.707090183, -0.707123379, 7.61908524e-006, 0.707123379, 0.707090183, -1.09495908e-005, 2.35533128e-006, 1.31299815e-005, 1, 0.707090407, -0.707123155, -1.59473929e-006, 0.707123155, 0.707090407, -3.24881897e-005, 2.4100776e-005, 2.18444102e-005, 0.999999999, 0, 0, 0, 0, 0, 0, 0, 0.181699292, -0.139934033, -0.186155225, -0.776817291, 0.622150604, -0.0967290579, -0.357055664, -0.308837891, 0.881469727, 0.518653554, 0.719392446, 0.462228812, 0, 0, 0, 0, 0, 0, 0, 0.254481787, -0.0961011719, -0.172373486, -0.468128898, 0.73311311, -0.493128126, 0.244384766, -0.428833008, -0.869628906, -0.84911657, -0.527577296, 0.0216930287, 1, 3, 5, 0, 
455.191887, 65, 0.1, 0.1, 0.225000006, -0.115, -0.0199640564, 0.707089255, -0.707124307, 1.7700105e-005, 0.707124307, 0.707089255, 4.12771854e-006, -1.54343641e-005, 9.59750903e-006, 1, 0.707089386, -0.707124175, 3.23289528e-005, 0.707124175, 0.707089387, 2.39573644e-005, -3.9800291e-005, 5.92058597e-006, 0.999999999, 0, 0, 0, 0, 0, 0, 0, 0.181699292, -0.139934033, -0.186155225, -0.776817291, 0.622150604, -0.0967290579, -0.357055664, -0.308837891, 0.881469727, 0.518653554, 0.719392446, 0.462228812, 0, 0, 0, 0, 0, 0, 0, 0.254481787, -0.0961011719, -0.172373486, -0.468128898, 0.73311311, -0.493128126, 0.244384766, -0.428833008, -0.869628906, -0.84911657, -0.527577296, 0.0216930287, 1, 3, 5, 0, 
455.192685, 65, 0.1, 0.1, 0.225000012, -0.114999993, -0.0199584782, 0.707088708, -0.707124854, 4.1777217e-006, 0.707124853, 0.707088708, -2.24417214e-005, 1.29150792e-005, 1.88224587e-005, 1, 0.707088811, -0.707124751, -2.8886363e-005, 0.70712475, 0.707088811, -2.68968429e-005, 3.94446474e-005, -1.40780557e-006, 0.999999999, 0, 0, 0, 0, 0, 0, 0, 0.181699292, -0.139934033, -0.186155225, -0.775578294, 0.624256416, -0.0931371226, -0.35534668, -0.309814453, 0.881835938, 0.521794298, 0.717081447, 0.462277865, 0, 0, 0, 0, 0, 0, 0, 0.254481787, -0.0961011719, -0.172373486, -0.468128898, 0.73311311, -0.493128126, 0.244384766, -0.428833008, -0.869628906, -0.84911657, -0.527577296, 0.0216930287, 1, 3, 5, 0, 
455.193468, 65, 0.1, 0.1, 0.225000008, -0.114999999, -0.0199556489, 0.707087903, -0.707125659, -1.08375365e-005, 0.707125659, 0.707087903, 2.10009504e-005, -7.18721996e-006, -2.25130181e-005, 1, 0.707088095, -0.707125467, 5.48887284e-006, 0.707125466, 0.707088094, 4.51077148e-005, -3.57779305e-005, -2.80138063e-005, 0.999999999, 0, 0, 0, 0, 0, 0, 0, 0.181772168, -0.140279932, -0.185525024, -0.775578294, 0.624256416, -0.0931371226, -0.35534668, -0.309814453, 0.881835938, 0.521794298, 0.717081447, 0.462277865, 0, 0, 0, 0, 0, 0, 0, 0.254481787, -0.0961011719, -0.172373486, -0.468128898, 0.73311311, -0.493128126, 0.244384766, -0.428833008, -0.869628906, -0.84911657, -0.527577296, 0.0216930287, 1, 3, 5, 0, 
455.194249, 65, 0.1, 0.1, 0.225000011, -0.114999985, -0.019956356, 0.7070867, -0.707126862, 8.65742943e-006, 0.707126862, 0.707086698, -5.27912074e-005, 3.12085276e-005, 4.34498615e-005, 0.999999999, 0.707086953, -0.707126609, -1.12480855e-006, 0.707126606, 0.707086951, -8.01483317e-005, 5.74703554e-005, 5.58764576e-005, 0.999999997, 0, 0, 0, 0, 0, 0, 0, 0.181772168, -0.140279932, -0.185525024, -0.775578294, 0.624256416, -0.0931371226, -0.35534668, -0.309814453, 0.881835938, 0.521794298, 0.717081447, 0.462277865, 0, 0, 0, 0, 0, 0, 0, 0.254481787, -0.0961011719, -0.172373486, -0.468128898, 0.73311311, -0.493128126, 0.244384766, -0.428833008, -0.869628906, -0.84911657, -0.527577296, 0.0216930287, 1, 3, 5, 0, 
455.195053, 65, 0.1, 0.1, 0.225000013, -0.114999995, -0.0199601784, 0.707085159, -0.707128402, -2.95565078e-005, 0.707128402, 0.707085158, 4.65906501e-005, -1.20466039e-005, -5.38438034e-005, 0.999999998, 0.707085511, -0.70712805, -1.92714801e-005, 0.70712805, 0.707085509, 6.73885637e-005, -3.40257593e-005, -6.12768812e-005, 0.999999998, 0, 0, 0, 0, 0, 0, 0, 0.181772168, -0.140279932, -0.185525024, -0.77454224, 0.626121094, -0.0883968011, -0.352294922, -0.311157227, 0.882568359, 0.525214369, 0.71480864, 0.461774256, 0, 0, 0, 0, 0, 0, 0, 0.254481787, -0.0961011719, -0.172373486, -0.468128898, 0.73311311, -0.493128126, 0.244384766, -0.428833008, -0.869628906, -0.84911657, -0.527577296, 0.0216930287, 1, 3, 5, 0, 
455.195859, 65, 0.1, 0.1, 0.225000017, -0.114999988, -0.0199651416, 0.707083375, -0.707130186, 9.7215903e-006, 0.707130186, 0.707083375, -2.46080635e-005, 1.05271296e-005, 2.42743825e-005, 1, 0.707083737, -0.707129824, -2.32198976e-006, 0.707129823, 0.707083737, -4.46807389e-005, 3.32369243e-005, 2.99510757e-005, 0.999999999, 0, 0, 0, 0, 0, 0, 0, 0.18161228, -0.140191553, -0.18506106, -0.77454224, 0.626121094, -0.0883968011, -0.352294922, -0.311157227, 0.882568359, 0.525214369, 0.71480864, 0.461774256, 0, 0, 0, 0, 0, 0, 0, 0.25469502, -0.0962978027, -0.171652246, -0.46823754, 0.733464555, -0.492412476, 0.243774414, -0.428466797, -0.869995117, -0.849250732, -0.527417615, 0.0218909892, 1, 3, 5, 0, 
455.196638, 65, 0.1, 0.1, 0.225000016, -0.114999998, -0.0199697882, 0.707081476, -0.707132085, -5.75266839e-006, 0.707132085, 0.707081475, 4.48928524e-005, -2.76775711e-005, -3.58108007e-005, 0.999999999, 0.707081859, -0.707131703, 1.71922132e-006, 0.707131701, 0.707081858, 6.08316458e-005, -4.42316154e-005, -4.17972373e-005, 0.999999998, 0, 0, 0, 0, 0, 0, 0, 0.18161228, -0.140191553, -0.18506106, -0.77454224, 0.626121094, -0.0883968011, -0.352294922, -0.311157227, 0.882568359, 0.525214369, 0.71480864, 0.461774256, 0, 0, 0, 0, 0, 0, 0, 0.25469502, -0.0962978027, -0.171652246, -0.46823754, 0.733464555, -0.492412476, 0.243774414, -0.428466797, -0.869995117, -0.849250732, -0.527417615, 0.0218909892, 1, 3, 5, 0, 
455.197419, 65, 0.1, 0.1, 0.225000021, -0.114999988, -0.019972844, 0.707079679, -0.707133881, -2.79380462e-005, 0.707133879, 0.707079679, -6.60912549e-005, 6.64897903e-005, 2.69758444e-005, 0.999999997, 0.707080013, -0.707133548, -2.59969741e-005, 0.707133545, 0.707080013, -6.8473473e-005, 6.68018306e-005, 3.00328917e-005, 0.999999997, 0, 0, 0, 0, 0, 0, 0, 0.18161228, -0.140191553, -0.18506106, -0.77454224, 0.626121094, -0.0883968011, -0.352294922, -0.311157227, 0.882568359, 0.525214369, 0.71480864, 0.461774256, 0, 0, 0, 0, 0, 0, 0, 0.25469502, -0.0962978027, -0.171652246, -0.46823754, 0.733464555, -0.492412476, 0.243774414, -0.428466797, -0.869995117, -0.849250732, -0.527417615, 0.0218909892, 1, 3, 5, 0, 
455.198197, 65, 0.1, 0.1, 0.225000022, -0.114999989, -0.0199734882, 0.707078309, -0.707135251, 3.59834361e-005, 0.70713525, 0.70707831, 4.62444012e-005, -5.81441534e-005, -7.25325697e-006, 0.999999998, 0.707078517, -0.707135044, 1.19346486e-005, 0.707135044, 0.707078517, 3.4192652e-005, -3.26175561e-005, -1.57374814e-005, 0.999999999, 0, 0, 0, 0, 0, 0, 0, 0.18161228, -0.140191553, -0.18506106, -0.77454224, 0.626121094, -0.0883968011, -0.352294922, -0.311157227, 0.882568359, 0.525214369, 0.71480864, 0.461774256, 0, 0, 0, 0, 0, 0, 0, 0.25469502, -0.0962978027, -0.171652246, -0.46823754, 0.733464555, -0.492412476, 0.243774414, -0.428466797, -0.869995117, -0.849250732, -0.527417615, 0.0218909892, 1, 3, 5, 0, 
455.198975, 65, 0.1, 0.1, 0.225000013, -0.114999996, -0.0199717319, 0.707077512, -0.707136049, 2.13970054e-006, 0.707136049, 0.707077512, 2.50053739e-005, -1.91951354e-005, -1.61676782e-005, 1, 0.707077649, -0.707135911, 3.67629242e-005, 0.70713591, 0.70707765, 3.11187615e-005, -4.79994358e-005, 3.99300311e-006, 0.999999999, 0, 0, 0, 0, 0, 0, 0, 0.18161228, -0.140191553, -0.18506106, -0.77454224, 0.626121094, -0.0883968011, -0.352294922, -0.311157227, 0.882568359, 0.525214369, 0.71480864, 0.461774256, 0, 0, 0, 0, 0, 0, 0, 0.25469502, -0.0962978027, -0.171652246, -0.46823754, 0.733464555, -0.492412476, 0.243774414, -0.428466797, -0.869995117, -0.849250732, -0.527417615, 0.0218909892, 1, 3, 5, 0, 
455.199751, 65, 0.1, 0.1, 0.225000022, -0.11499999, -0.019968345, 0.707076508, -0.707137053, -2.05350745e-005, 0.707137051, 0.707076508, -4.7363807e-005, 4.80125717e-005, 1.89687232e-005, 0.999999999, 0.707076737, -0.707136823, -3.56210776e-005, 0.707136822, 0.707076738, -4.82646818e-005, 5.93165691e-005, 8.93785816e-006, 0.999999998, 0, 0, 0, 0, 0, 0, 0, 0.18161228, -0.140191553, -0.18506106, -0.77454224, 0.626121094, -0.0883968011, -0.352294922, -0.311157227, 0.882568359, 0.525214369, 0.71480864, 0.461774256, 0, 0, 0, 0, 0, 0, 0, 0.25469502, -0.0962978027, -0.171652246, -0.46823754, 0.733464555, -0.492412476, 0.243774414, -0.428466797, -0.869995117, -0.849250732, -0.527417615, 0.0218909892, 1, 3, 5, 0, 
455.200561, 65, 0.1, 0.1, 0.225000021, -0.114999995, -0.0199639524, 0.707075147, -0.707138414, 1.59728538e-006, 0.707138413, 0.707075147, 4.58502613e-005, -3.35518819e-005, -3.12900784e-005, 0.999999999, 0.707075418, -0.707138143, 5.61060011e-006, 0.707138141, 0.707075418, 5.21917942e-005, -4.08739258e-005, -3.29360654e-005, 0.999999999, 0, 0, 0, 0, 0, 0, 0, 0.181681738, -0.14031897, -0.18440437, -0.773385619, 0.628125435, -0.0842593166, -0.349853516, -0.312255859, 0.883178711, 0.528615345, 0.712637305, 0.461366127, 0, 0, 0, 0, 0, 0, 0, 0.25517959, -0.0967225586, -0.170794434, -0.467605012, 0.733669078, -0.492700122, 0.244262695, -0.428344727, -0.869873047, -0.849429736, -0.527027891, 0.0211243001, 1, 3, 5, 0, 
455.201351, 65, 0.1, 0.1, 0.225000024, -0.114999989, -0.0199605127, 0.707073852, -0.707139709, -1.41433755e-005, 0.707139708, 0.707073852, -2.66845683e-005, 2.88701289e-005, 8.86661811e-006, 1, 0.707074093, -0.707139467, -1.26490516e-005, 0.707139466, 0.707074093, -4.54690749e-005, 4.10967941e-005, 2.32053613e-005, 0.999999999, 0, 0, 0, 0, 0, 0, 0, 0.181681738, -0.14031897, -0.18440437, -0.773385619, 0.628125435, -0.0842593166, -0.349853516, -0.312255859, 0.883178711, 0.528615345, 0.712637305, 0.461366127, 0, 0, 0, 0, 0, 0, 0, 0.25517959, -0.0967225586, -0.170794434, -0.467605012, 0.733669078, -0.492700122, 0.244262695, -0.428344727, -0.869873047, -0.849429736, -0.527027891, 0.0211243001, 1, 3, 5, 0, 
