time, trialNum, realDorsalTactorPos, realVentralTactorPos, box1PosX, box1PosY, box1PosZ, box1LocalRot_11, box1LocalRot_12, box1LocalRot_13, box1LocalRot_21, box1LocalRot_22, box1LocalRot_23, box1LocalRot_31, box1LocalRot_32, box1LocalRot_33, box1GlobalRot_11, box1GlobalRot_12, box1GlobalRot_13, box1GlobalRot_21, box1GlobalRot_22, box1GlobalRot_23, box1GlobalRot_31, box1GlobalRot_32, box1GlobalRot_33, indexForceX, indexForceY, indexForceZ, indexForceGlobalX, indexForceGlobalY, indexForceGlobalZ, indexContact, indexPosX, indexPosY, indexPosZ, indexRot_11, indexRot_12, indexRot_13, indexRot_21, indexRot_22, indexRot_23, indexRot_31, indexRot_32, indexRot_33, thumbForceX, thumbForceY, thumbForceZ, thumbForceGlobalX, thumbForceGlobalY, thumbForceGlobalZ, thumbContact, thumbPosX, thumbPosY, thumbPosZ, thumbRot_11, thumbRot_12, thumbRot_13, thumbRot_21, thumbRot_22, thumbRot_23, thumbRot_31, thumbRot_32, thumbRot_33, manipForceTooHigh, cceExpType, mapping, trialSuccess, 
293.801566, 35, 0.1, 0.1, 0.0193644428, 0.338822891, -0.0199647524, 0.971720355, -0.236134603, -6.65986266e-006, 0.236134603, 0.971720355, -1.18247252e-005, 9.26375091e-006, 9.91770217e-006, 1, 0.971720428, -0.236134304, -1.428687e-005, 0.236134303, 0.971720428, -3.01397154e-005, 2.09998641e-005, 2.59137571e-005, 0.999999999, 0, -0, 0, 0, 0, 0, 0, 0.270741504, -0.147527295, -0.200902173, 3.75793009e-005, 0.0871531442, -0.996245212, -0.976806641, -0.212768555, -0.0185546875, -0.213572814, 0.973201485, 0.0852412748, 0, 0, 0, 0, 0, 0, 0, 0.290434229, -0.0790350098, -0.182510937, 0.0951454043, -0.140968974, -0.985370728, 0.675415039, -0.718017578, 0.16796875, -0.73124304, -0.681432094, 0.0267861212, 0, 3, 1, 1, 
293.817576, 35, 0.1, 0.1, 0.0193644148, 0.33882285, -0.0199662714, 0.971727385, -0.236105663, -6.93420334e-005, 0.236105662, 0.971727388, -2.40257193e-005, 7.30541614e-005, 6.97440272e-006, 0.999999997, 0.971727208, -0.2361064, -3.53706709e-005, 0.236106399, 0.971727208, -3.51524782e-005, 4.26703684e-005, 2.58073778e-005, 0.999999999, 0, -0, 0, 0, 0, 0, 0, 0.273056079, -0.147221289, -0.200910083, -0.0184500293, 0.111193993, -0.993655651, -0.969726562, -0.243408203, -0.00915527343, -0.24290216, 0.963461376, 0.112515722, 0, 0, 0, 0, 0, 0, 0, 0.290625732, -0.0784229492, -0.181384131, 0.0871303679, -0.123900224, -0.988367488, 0.701171875, -0.697143555, 0.149291992, -0.707536912, -0.706027778, 0.0261029208, 0, 3, 1, 1, 
293.818454, 35, 0.1, 0.1, 0.0193644302, 0.338822848, -0.0199621987, 0.97172843, -0.236101373, 7.11027147e-006, 0.236101373, 0.97172843, 6.82651216e-006, -8.52100183e-006, -4.95477109e-006, 1, 0.971728207, -0.236102285, -4.56308803e-005, 0.236102286, 0.971728208, 2.11432895e-005, 3.93488346e-005, -3.1319086e-005, 0.999999999, 0, -0, 0, 0, 0, 0, 0, 0.272032617, -0.148907617, -0.200441504, -0.0211837662, 0.11311708, -0.993375202, -0.970458984, -0.240722656, -0.00671386718, -0.239873748, 0.963898341, 0.115066734, 0, 0, 0, 0, 0, 0, 0, 0.290625732, -0.0784229492, -0.181384131, 0.0847726983, -0.122040921, -0.988904134, 0.701660156, -0.697265625, 0.146240234, -0.707293743, -0.706200586, 0.0265374879, 0, 3, 1, 1, 
293.819241, 35, 0.1, 0.1, 0.0193644232, 0.338822856, -0.0199591319, 0.971729393, -0.236097409, -7.46134601e-006, 0.236097409, 0.971729393, -1.64524491e-005, 1.11347898e-005, 1.4225724e-005, 1, 0.971729211, -0.236098157, 2.91899195e-005, 0.236098158, 0.971729211, -3.48894494e-005, -2.01273628e-005, 4.07947834e-005, 0.999999999, 0, -0, 0, 0, 0, 0, 0, 0.272032617, -0.148907617, -0.200441504, -0.0211837662, 0.11311708, -0.993375202, -0.970458984, -0.240722656, -0.00671386718, -0.239873748, 0.963898341, 0.115066734, 0, 0, 0, 0, 0, 0, 0, 0.289805127, -0.0796430176, -0.180964014, 0.0847726983, -0.122040921, -0.988904134, 0.701660156, -0.697265625, 0.146240234, -0.707293743, -0.706200586, 0.0265374879, 0, 3, 1, 1, 
293.820042, 35, 0.1, 0.1, 0.0193644274, 0.338822848, -0.0199583312, 0.971730399, -0.23609327, 1.90157571e-005, 0.236093269, 0.971730399, 3.16064338e-005, -2.59402556e-005, -2.62234403e-005, 0.999999999, 0.971730196, -0.236094103, 1.76195527e-006, 0.236094103, 0.971730195, 5.22263712e-005, -1.40424834e-005, -5.03339547e-005, 0.999999999, 0, -0, 0, 0, 0, 0, 0, 0.272032617, -0.148907617, -0.200441504, -0.0211837662, 0.11311708, -0.993375202, -0.970458984, -0.240722656, -0.00671386718, -0.239873748, 0.963898341, 0.115066734, 0, 0, 0, 0, 0, 0, 0, 0.289805127, -0.0796430176, -0.180964014, 0.0847726983, -0.122040921, -0.988904134, 0.701660156, -0.697265625, 0.146240234, -0.707293743, -0.706200586, 0.0265374879, 0, 3, 1, 1, 
293.820884, 35, 0.1, 0.1, 0.0193644313, 0.338822857, -0.0199595633, 0.971731539, -0.236088573, -4.45531624e-005, 0.236088573, 0.97173154, -1.95665938e-005, 4.79131623e-005, 8.49498373e-006, 0.999999999, 0.971731322, -0.236089467, -3.99298797e-005, 0.236089466, 0.971731322, -4.21175001e-005, 4.8744613e-005, 3.14998701e-005, 0.999999998, 0, -0, 0, 0, 0, 0, 0, 0.272032617, -0.148907617, -0.200441504, -0.0211837662, 0.11311708, -0.993375202, -0.970458984, -0.240722656, -0.00671386718, -0.239873748, 0.963898341, 0.115066734, 0, 0, 0, 0, 0, 0, 0, 0.289805127, -0.0796430176, -0.180964014, 0.0847726983, -0.122040921, -0.988904134, 0.701660156, -0.697265625, 0.146240234, -0.707293743, -0.706200586, 0.0265374879, 0, 3, 1, 1, 
293.821672, 35, 0.1, 0.1, 0.0193644275, 0.338822849, -0.0199622928, 0.971732678, -0.236083878, 6.80413036e-005, 0.236083876, 0.97173268, 3.73505777e-005, -7.49358275e-005, -2.02313223e-005, 0.999999997, 0.971732444, -0.236084846, 5.29246035e-005, 0.236084843, 0.971732445, 5.66512822e-005, -6.48030636e-005, -4.25551923e-005, 0.999999997, 0, -0, 0, 0, 0, 0, 0, 0.272032617, -0.148907617, -0.200441504, -0.0211837662, 0.11311708, -0.993375202, -0.970458984, -0.240722656, -0.00671386718, -0.239873748, 0.963898341, 0.115066734, 0, 0, 0, 0, 0, 0, 0, 0.289805127, -0.0796430176, -0.180964014, 0.0847726983, -0.122040921, -0.988904134, 0.701660156, -0.697265625, 0.146240234, -0.707293743, -0.706200586, 0.0265374879, 0, 3, 1, 1, 
293.82246, 35, 0.1, 0.1, 0.0193644235, 0.338822855, -0.0199659468, 0.971733903, -0.236078841, -4.4391543e-005, 0.23607884, 0.971733904, -2.64482362e-005, 4.93806364e-005, 1.52207438e-005, 0.999999999, 0.971733654, -0.23607987, -1.30265936e-005, 0.23607987, 0.971733654, -3.80971451e-005, 2.16523485e-005, 3.39449614e-005, 0.999999999, 0, -0, 0, 0, 0, 0, 0, 0.272032617, -0.148907617, -0.200441504, -0.0211837662, 0.11311708, -0.993375202, -0.970458984, -0.240722656, -0.00671386718, -0.239873748, 0.963898341, 0.115066734, 0, 0, 0, 0, 0, 0, 0, 0.289805127, -0.0796430176, -0.180964014, 0.0847726983, -0.122040921, -0.988904134, 0.701660156, -0.697265625, 0.146240234, -0.707293743, -0.706200586, 0.0265374879, 0, 3, 1, 1, 
293.823334, 35, 0.1, 0.1, 0.0193644346, 0.338822853, -0.0199688723, 0.971735311, -0.236073052, 8.81471725e-006, 0.236073051, 0.971735311, 1.5830381e-005, -1.23026984e-005, -1.3302023e-005, 1, 0.971735037, -0.236074178, -3.0846589e-005, 0.236074179, 0.971735037, 2.59165094e-005, 2.38564927e-005, -3.24660634e-005, 0.999999999, 0, -0, 0, 0, 0, 0, 0, 0.270996338, -0.150601392, -0.199974268, -0.0241335506, 0.114900504, -0.993113849, -0.970947266, -0.238647461, -0.0040283203, -0.237429077, 0.964233834, 0.117497178, 0, 0, 0, 0, 0, 0, 0, 0.289805127, -0.0796430176, -0.180964014, 0.0831434382, -0.120533062, -0.989159697, 0.702270508, -0.697143555, 0.144042969, -0.706974014, -0.706533074, 0.0266333699, 0, 3, 1, 1, 
293.824121, 35, 0.1, 0.1, 0.0193644279, 0.338822858, -0.0199696616, 0.971736544, -0.236067974, 1.76838027e-006, 0.236067974, 0.971736544, -1.20691235e-005, 1.13073379e-006, 1.21454663e-005, 1, 0.971736308, -0.236068943, 2.97036321e-005, 0.236068944, 0.971736308, -2.28876211e-005, -2.34610413e-005, 2.92528375e-005, 0.999999999, 0, -0, 0, 0, 0, 0, 0, 0.270996338, -0.150601392, -0.199974268, -0.0241335506, 0.114900504, -0.993113849, -0.970947266, -0.238647461, -0.0040283203, -0.237429077, 0.964233834, 0.117497178, 0, 0, 0, 0, 0, 0, 0, 0.289257568, -0.0806664551, -0.18030918, 0.0831434382, -0.120533062, -0.989159697, 0.702270508, -0.697143555, 0.144042969, -0.706974014, -0.706533074, 0.0266333699, 0, 3, 1, 1, 
293.824911, 35, 0.1, 0.1, 0.01936443, 0.338822855, -0.0199690572, 0.97173773, -0.236063093, 1.56443118e-005, 0.236063093, 0.97173773, 9.14664415e-006, -1.73613531e-005, -5.19509459e-006, 1, 0.971737498, -0.236064049, 4.29430803e-006, 0.236064048, 0.971737498, 2.64262709e-005, -1.04112326e-005, -2.46656666e-005, 1, 0, -0, 0, 0, 0, 0, 0, 0.270996338, -0.150601392, -0.199974268, -0.0241335506, 0.114900504, -0.993113849, -0.970947266, -0.238647461, -0.0040283203, -0.237429077, 0.964233834, 0.117497178, 0, 0, 0, 0, 0, 0, 0, 0.289257568, -0.0806664551, -0.18030918, 0.0831434382, -0.120533062, -0.989159697, 0.702270508, -0.697143555, 0.144042969, -0.706974014, -0.706533074, 0.0266333699, 0, 3, 1, 1, 
293.825753, 35, 0.1, 0.1, 0.0193644289, 0.338822864, -0.0199667839, 0.971738944, -0.236058097, -1.31916104e-007, 0.236058097, 0.971738944, -1.65396087e-005, 4.03249657e-006, 1.6041042e-005, 1, 0.971738731, -0.236058973, 8.80985017e-006, 0.236058974, 0.97173873, -3.5730688e-005, -1.263231e-007, 3.68005376e-005, 0.999999999, 0, -0, 0, 0, 0, 0, 0, 0.270996338, -0.150601392, -0.199974268, -0.0241335506, 0.114900504, -0.993113849, -0.970947266, -0.238647461, -0.0040283203, -0.237429077, 0.964233834, 0.117497178, 0, 0, 0, 0, 0, 0, 0, 0.289257568, -0.0806664551, -0.18030918, 0.0831434382, -0.120533062, -0.989159697, 0.702270508, -0.697143555, 0.144042969, -0.706974014, -0.706533074, 0.0266333699, 0, 3, 1, 1, 
293.82654, 35, 0.1, 0.1, 0.0193644306, 0.33882286, -0.0199641572, 0.97173995, -0.236053956, -1.52717822e-005, 0.236053956, 0.97173995, 5.55299433e-006, 1.35293946e-005, -9.00103105e-006, 1, 0.971739758, -0.236054745, -4.13408552e-006, 0.236054745, 0.971739758, 3.03436612e-005, -3.14550992e-006, -3.04620125e-005, 1, 0, -0, 0, 0, 0, 0, 0, 0.270996338, -0.150601392, -0.199974268, -0.0241335506, 0.114900504, -0.993113849, -0.970947266, -0.238647461, -0.0040283203, -0.237429077, 0.964233834, 0.117497178, 0, 0, 0, 0, 0, 0, 0, 0.289257568, -0.0806664551, -0.18030918, 0.0831434382, -0.120533062, -0.989159697, 0.702270508, -0.697143555, 0.144042969, -0.706974014, -0.706533074, 0.0266333699, 0, 3, 1, 1, 
293.827329, 35, 0.1, 0.1, 0.019364428, 0.338822868, -0.0199621931, 0.971740731, -0.236050739, 2.01262544e-005, 0.236050739, 0.971740731, -7.48669921e-006, -1.77902603e-005, 1.20259478e-005, 1, 0.971740595, -0.236051296, 3.1020984e-005, 0.236051296, 0.971740595, -2.96446751e-005, -2.31466855e-005, 3.61294777e-005, 0.999999999, 0, -0, 0, 0, 0, 0, 0, 0.270996338, -0.150601392, -0.199974268, -0.0241335506, 0.114900504, -0.993113849, -0.970947266, -0.238647461, -0.0040283203, -0.237429077, 0.964233834, 0.117497178, 0, 0, 0, 0, 0, 0, 0, 0.289257568, -0.0806664551, -0.18030918, 0.0831434382, -0.120533062, -0.989159697, 0.702270508, -0.697143555, 0.144042969, -0.706974014, -0.706533074, 0.0266333699, 0, 3, 1, 1, 
293.828206, 35, 0.1, 0.1, 0.0193644312, 0.33882286, -0.0199607497, 0.971741438, -0.23604783, -4.18932083e-007, 0.23604783, 0.971741438, 1.91273862e-005, -4.10788436e-006, -1.86857618e-005, 1, 0.971741308, -0.236048363, -1.50164875e-005, 0.236048364, 0.971741307, 4.17066686e-005, 4.74735029e-006, -4.407271e-005, 0.999999999, 0, -0, 0, 0, 0, 0, 0, 0.270205884, -0.15158064, -0.199275732, -0.0265258031, 0.11759118, -0.992737921, -0.971069336, -0.23840332, -0.00231933593, -0.236926589, 0.964054856, 0.120651027, 0, 0, 0, 0, 0, 0, 0, 0.289257568, -0.0806664551, -0.18030918, 0.0823577927, -0.117888113, -0.989543225, 0.703979492, -0.695800781, 0.141601563, -0.705338191, -0.708341705, 0.0256111178, 0, 3, 1, 1, 
293.829063, 35, 0.1, 0.1, 0.0193644297, 0.338822869, -0.0199599601, 0.971742057, -0.236045279, 1.68681064e-006, 0.236045279, 0.971742057, -1.00136267e-005, 7.24524459e-007, 1.01288259e-005, 1, 0.971741951, -0.236045717, 1.38758899e-005, 0.236045718, 0.97174195, -3.24375851e-005, -5.8270313e-006, 3.47963067e-005, 0.999999999, 0, -0, 0, 0, 0, 0, 0, 0.270205884, -0.15158064, -0.199275732, -0.0265258031, 0.11759118, -0.992737921, -0.971069336, -0.23840332, -0.00231933593, -0.236926589, 0.964054856, 0.120651027, 0, 0, 0, 0, 0, 0, 0, 0.288793506, -0.0811992188, -0.179463086, 0.0823577927, -0.117888113, -0.989543225, 0.703979492, -0.695800781, 0.141601563, -0.705338191, -0.708341705, 0.0256111178, 0, 3, 1, 1, 
293.82997, 35, 0.1, 0.1, 0.0193644358, 0.33882286, -0.0199595709, 0.971742581, -0.236043124, -2.12789396e-005, 0.236043124, 0.971742581, 1.78042019e-005, 1.64750923e-005, -2.23238485e-005, 1, 0.971742502, -0.236043447, -3.77370422e-005, 0.236043448, 0.971742501, 4.18037334e-005, 2.68031905e-005, -4.9530046e-005, 0.999999998, 0, -0, 0, 0, 0, 0, 0, 0.270205884, -0.15158064, -0.199275732, -0.0265258031, 0.11759118, -0.992737921, -0.971069336, -0.23840332, -0.00231933593, -0.236926589, 0.964054856, 0.120651027, 0, 0, 0, 0, 0, 0, 0, 0.288793506, -0.0811992188, -0.179463086, 0.0823577927, -0.117888113, -0.989543225, 0.703979492, -0.695800781, 0.141601563, -0.705338191, -0.708341705, 0.0256111178, 0, 3, 1, 1, 
293.830789, 35, 0.1, 0.1, 0.0193644338, 0.338822869, -0.0199604784, 0.971742958, -0.236041573, -8.50890951e-006, 0.236041572, 0.971742958, -2.13897984e-005, 1.33173546e-005, 1.87769296e-005, 1, 0.971742881, -0.23604189, 4.33956325e-007, 0.23604189, 0.97174288, -4.1652817e-005, 9.4101157e-006, 4.05782603e-005, 0.999999999, 0, -0, 0, 0, 0, 0, 0, 0.271098706, -0.150128491, -0.199651172, -0.0303442645, 0.12436093, -0.991795103, -0.96862793, -0.248046875, -0.00146484374, -0.246209159, 0.960757979, 0.1281644, 0, 0, 0, 0, 0, 0, 0, 0.289121729, -0.0805574219, -0.178873926, 0.0823074866, -0.113294909, -0.990041957, 0.709106445, -0.69128418, 0.138183594, -0.700188284, -0.713505105, 0.0233493301, 0, 3, 1, 1, 
293.831574, 35, 0.1, 0.1, 0.0193644325, 0.338822863, -0.0199627776, 0.971743397, -0.236039765, 3.48554961e-006, 0.236039765, 0.971743397, 9.82046371e-006, -5.70507977e-006, -8.72024245e-006, 1, 0.97174331, -0.236040123, 1.49652951e-005, 0.236040122, 0.971743309, 3.59539732e-005, -2.30290056e-005, -3.14056229e-005, 0.999999999, 0, -0, 0, 0, 0, 0, 0, 0.271098706, -0.150128491, -0.199651172, -0.0303442645, 0.12436093, -0.991795103, -0.96862793, -0.248046875, -0.00146484374, -0.246209159, 0.960757979, 0.1281644, 0, 0, 0, 0, 0, 0, 0, 0.289121729, -0.0805574219, -0.178873926, 0.0823074866, -0.113294909, -0.990041957, 0.709106445, -0.69128418, 0.138183594, -0.700188284, -0.713505105, 0.0233493301, 0, 3, 1, 1, 
293.832361, 35, 0.1, 0.1, 0.0193644378, 0.338822875, -0.0199658537, 0.971743803, -0.236038092, -8.39185022e-006, 0.236038091, 0.971743803, -2.83792913e-005, 1.48533222e-005, 2.55966042e-005, 1, 0.971743728, -0.236038402, -2.31500712e-005, 0.236038401, 0.971743727, -5.2761185e-005, 3.49496023e-005, 4.58060448e-005, 0.999999998, 0, -0, 0, 0, 0, 0, 0, 0.271098706, -0.150128491, -0.199651172, -0.0303442645, 0.12436093, -0.991795103, -0.96862793, -0.248046875, -0.00146484374, -0.246209159, 0.960757979, 0.1281644, 0, 0, 0, 0, 0, 0, 0, 0.289121729, -0.0805574219, -0.178873926, 0.0823074866, -0.113294909, -0.990041957, 0.709106445, -0.69128418, 0.138183594, -0.700188284, -0.713505105, 0.0233493301, 0, 3, 1, 1, 
293.833148, 35, 0.1, 0.1, 0.0193644333, 0.33882287, -0.0199686238, 0.971744151, -0.236036662, 1.1033158e-005, 0.236036662, 0.97174415, 1.85333839e-005, -1.50959648e-005, -1.54054776e-005, 1, 0.971744087, -0.236036923, 2.53714568e-005, 0.236036922, 0.971744087, 3.68985512e-005, -3.33639836e-005, -2.98673483e-005, 0.999999999, 0, -0, 0, 0, 0, 0, 0, 0.271098706, -0.150128491, -0.199651172, -0.0303442645, 0.12436093, -0.991795103, -0.96862793, -0.248046875, -0.00146484374, -0.246209159, 0.960757979, 0.1281644, 0, 0, 0, 0, 0, 0, 0, 0.289121729, -0.0805574219, -0.178873926, 0.0823074866, -0.113294909, -0.990041957, 0.709106445, -0.69128418, 0.138183594, -0.700188284, -0.713505105, 0.0233493301, 0, 3, 1, 1, 
293.833932, 35, 0.1, 0.1, 0.0193644379, 0.338822876, -0.0199702326, 0.971744446, -0.236035446, -9.46058613e-006, 0.236035446, 0.971744446, -3.94085166e-006, 1.01234527e-005, 1.59646705e-006, 1, 0.97174439, -0.236035675, -2.23571118e-005, 0.236035674, 0.97174439, -2.49649719e-005, 2.7618022e-005, 1.89824954e-005, 0.999999999, 0, -0, 0, 0, 0, 0, 0, 0.271098706, -0.150128491, -0.199651172, -0.0303442645, 0.12436093, -0.991795103, -0.96862793, -0.248046875, -0.00146484374, -0.246209159, 0.960757979, 0.1281644, 0, 0, 0, 0, 0, 0, 0, 0.289121729, -0.0805574219, -0.178873926, 0.0823074866, -0.113294909, -0.990041957, 0.709106445, -0.69128418, 0.138183594, -0.700188284, -0.713505105, 0.0233493301, 0, 3, 1, 1, 
293.83472, 35, 0.1, 0.1, 0.0193644338, 0.338822869, -0.0199702708, 0.971744712, -0.236034352, 1.41524995e-005, 0.236034352, 0.971744712, 2.00287438e-005, -1.84800881e-005, -1.61223498e-005, 1, 0.971744658, -0.236034574, 2.47105286e-005, 0.236034572, 0.971744657, 4.30287776e-005, -3.41686033e-005, -3.59804457e-005, 0.999999999, 0, -0, 0, 0, 0, 0, 0, 0.271098706, -0.150128491, -0.199651172, -0.0303442645, 0.12436093, -0.991795103, -0.96862793, -0.248046875, -0.00146484374, -0.246209159, 0.960757979, 0.1281644, 0, 0, 0, 0, 0, 0, 0, 0.289121729, -0.0805574219, -0.178873926, 0.0823074866, -0.113294909, -0.990041957, 0.709106445, -0.69128418, 0.138183594, -0.700188284, -0.713505105, 0.0233493301, 0, 3, 1, 1, 
293.835532, 35, 0.1, 0.1, 0.0193644361, 0.338822876, -0.0199685006, 0.971744959, -0.236033335, 4.19069284e-006, 0.236033335, 0.971744959, -8.3320444e-006, -2.10564441e-006, 9.08576535e-006, 1, 0.971744914, -0.236033519, -9.28681041e-006, 0.236033519, 0.971744914, -3.05157476e-005, 1.62271501e-005, 2.7461524e-005, 0.999999999, 0, 0, 0, 0, 0, 0, 0, 0.271714575, -0.148384619, -0.200449536, -0.0352980075, 0.132476017, -0.99048347, -0.966430664, -0.256591797, 0.000122070323, -0.254075999, 0.957371612, 0.137226053, 0, 0, 0, 0, 0, 0, 0, 0.289590186, -0.0798707031, -0.178742725, 0.0810431644, -0.108120216, -0.990821773, 0.714111328, -0.687011719, 0.133422852, -0.695165976, -0.718361902, 0.0214262275, 0, 3, 1, 1, 
293.836315, 35, 0.1, 0.1, 0.0193644388, 0.338822872, -0.0199658348, 0.971745075, -0.236032855, -9.19133033e-006, 0.236032855, 0.971745075, 5.29221896e-006, 7.68249244e-006, -7.31214365e-006, 1, 0.971745061, -0.236032912, -2.22117485e-005, 0.236032912, 0.971745061, 2.43707547e-005, 1.58318568e-005, -2.89248642e-005, 0.999999999, 0, 0, 0, 0, 0, 0, 0, 0.271714575, -0.148384619, -0.200449536, -0.0352980075, 0.132476017, -0.99048347, -0.966430664, -0.256591797, 0.000122070323, -0.254075999, 0.957371612, 0.137226053, 0, 0, 0, 0, 0, 0, 0, 0.289590186, -0.0798707031, -0.178742725, 0.0810431644, -0.108120216, -0.990821773, 0.714111328, -0.687011719, 0.133422852, -0.695165976, -0.718361902, 0.0214262275, 0, 3, 1, 1, 
293.837098, 35, 0.1, 0.1, 0.0193644354, 0.33882288, -0.0199633756, 0.971745153, -0.236032536, -1.2066369e-007, 0.236032536, 0.971745153, -1.92391397e-005, 4.65831731e-006, 1.86670602e-005, 1, 0.97174513, -0.23603263, 8.7270423e-006, 0.23603263, 0.971745129, -3.98947501e-005, 9.36001928e-007, 4.08273959e-005, 0.999999999, 0, 0, 0, 0, 0, 0, 0, 0.271714575, -0.148384619, -0.200449536, -0.0352980075, 0.132476017, -0.99048347, -0.966430664, -0.256591797, 0.000122070323, -0.254075999, 0.957371612, 0.137226053, 0, 0, 0, 0, 0, 0, 0, 0.289590186, -0.0798707031, -0.178742725, 0.0810431644, -0.108120216, -0.990821773, 0.714111328, -0.687011719, 0.133422852, -0.695165976, -0.718361902, 0.0214262275, 0, 3, 1, 1, 
293.837882, 35, 0.1, 0.1, 0.0193644387, 0.338822876, -0.0199619508, 0.971745242, -0.236032169, -9.14726786e-006, 0.236032169, 0.971745242, 7.63006803e-006, 7.08787251e-006, -9.57353177e-006, 1, 0.971745233, -0.236032205, -2.47242411e-005, 0.236032206, 0.971745233, 2.69324592e-005, 1.76687357e-005, -3.2007206e-005, 0.999999999, 0, 0, 0, 0, 0, 0, 0, 0.271714575, -0.148384619, -0.200449536, -0.0352980075, 0.132476017, -0.99048347, -0.966430664, -0.256591797, 0.000122070323, -0.254075999, 0.957371612, 0.137226053, 0, 0, 0, 0, 0, 0, 0, 0.289590186, -0.0798707031, -0.178742725, 0.0810431644, -0.108120216, -0.990821773, 0.714111328, -0.687011719, 0.133422852, -0.695165976, -0.718361902, 0.0214262275, 0, 3, 1, 1, 
293.838675, 35, 0.1, 0.1, 0.0193644346, 0.338822885, -0.0199617597, 0.971745289, -0.236031975, -1.66289749e-005, 0.236031974, 0.971745289, -2.28124942e-005, 2.15436061e-005, 1.8242964e-005, 1, 0.971745277, -0.236032025, 1.74617506e-005, 0.236032025, 0.971745276, -3.94552017e-005, -7.65568248e-006, 4.24619383e-005, 0.999999999, 0, 0, 0, 0, 0, 0, 0, 0.271714575, -0.148384619, -0.200449536, -0.0352980075, 0.132476017, -0.99048347, -0.966430664, -0.256591797, 0.000122070323, -0.254075999, 0.957371612, 0.137226053, 0, 0, 0, 0, 0, 0, 0, 0.289590186, -0.0798707031, -0.178742725, 0.0810431644, -0.108120216, -0.990821773, 0.714111328, -0.687011719, 0.133422852, -0.695165976, -0.718361902, 0.0214262275, 0, 3, 1, 1, 
293.83946, 35, 0.1, 0.1, 0.0193644399, 0.33882288, -0.019962913, 0.971745463, -0.236031257, 1.06353599e-005, 0.236031257, 0.971745463, 2.03526762e-005, -1.51387305e-005, -1.72673434e-005, 1, 0.971745418, -0.236031444, -5.5415806e-006, 0.236031444, 0.971745417, 3.79902626e-005, -3.58189098e-006, -3.82248509e-005, 0.999999999, 0, 0, 0, 0, 0, 0, 0, 0.271714575, -0.148384619, -0.200449536, -0.0352980075, 0.132476017, -0.99048347, -0.966430664, -0.256591797, 0.000122070323, -0.254075999, 0.957371612, 0.137226053, 0, 0, 0, 0, 0, 0, 0, 0.289590186, -0.0798707031, -0.178742725, 0.0810431644, -0.108120216, -0.990821773, 0.714111328, -0.687011719, 0.133422852, -0.695165976, -0.718361902, 0.0214262275, 0, 3, 1, 1, 
293.840277, 35, 0.1, 0.1, 0.0193644375, 0.338822887, -0.0199647631, 0.971745751, -0.236030074, 1.04526811e-005, 0.236030074, 0.971745751, -8.348492e-006, -8.18685327e-006, 1.05797587e-005, 1, 0.971745702, -0.236030275, 1.71206032e-005, 0.236030275, 0.971745701, -2.82524422e-005, -9.96844083e-006, 3.149517e-005, 0.999999999, 0, 0, 0, 0, 0, 0, 0, 0.272823071, -0.146715332, -0.200818872, -0.0393254031, 0.1391252, -0.989420086, -0.964111328, -0.265258789, 0.00097656251, -0.262336741, 0.95409383, 0.144720329, 0, 0, 0, 0, 0, 0, 0, 0.290088428, -0.0792071777, -0.178596631, 0.0802899684, -0.103322487, -0.991346025, 0.718994141, -0.682739258, 0.129394531, -0.690335432, -0.723135577, 0.019407243, 0, 3, 1, 1, 
293.841068, 35, 0.1, 0.1, 0.0193644406, 0.338822881, -0.0199665486, 0.971745989, -0.236029093, -1.71019877e-005, 0.236029094, 0.971745989, 1.35879296e-005, 1.34116412e-005, -1.72405827e-005, 1, 0.971745937, -0.236029306, -8.56344273e-006, 0.236029306, 0.971745937, 3.68421805e-005, -3.74343604e-007, -3.78224626e-005, 0.999999999, 0, 0, 0, 0, 0, 0, 0, 0.272823071, -0.146715332, -0.200818872, -0.0393254031, 0.1391252, -0.989420086, -0.964111328, -0.265258789, 0.00097656251, -0.262336741, 0.95409383, 0.144720329, 0, 0, 0, 0, 0, 0, 0, 0.290088428, -0.0792071777, -0.178596631, 0.0802899684, -0.103322487, -0.991346025, 0.718994141, -0.682739258, 0.129394531, -0.690335432, -0.723135577, 0.019407243, 0, 3, 1, 1, 
293.841854, 35, 0.1, 0.1, 0.0193644376, 0.338822887, -0.0199678656, 0.971746117, -0.236028566, 2.54498358e-005, 0.236028567, 0.971746117, -5.18001487e-006, -2.35081477e-005, 1.10405476e-005, 1, 0.971746103, -0.236028624, 3.22597812e-005, 0.236028624, 0.971746103, -2.25847566e-005, -2.60176676e-005, 2.9560881e-005, 0.999999999, 0, 0, 0, 0, 0, 0, 0, 0.272823071, -0.146715332, -0.200818872, -0.0393254031, 0.1391252, -0.989420086, -0.964111328, -0.265258789, 0.00097656251, -0.262336741, 0.95409383, 0.144720329, 0, 0, 0, 0, 0, 0, 0, 0.290088428, -0.0792071777, -0.178596631, 0.0802899684, -0.103322487, -0.991346025, 0.718994141, -0.682739258, 0.129394531, -0.690335432, -0.723135577, 0.019407243, 0, 3, 1, 1, 
293.842656, 35, 0.1, 0.1, 0.0193644429, 0.338822884, -0.0199683199, 0.971746108, -0.236028604, -1.86537249e-005, 0.236028604, 0.971746108, 3.00005524e-006, 1.74185858e-005, -7.31810465e-006, 1, 0.971746117, -0.236028566, -3.46423835e-005, 0.236028566, 0.971746117, 2.16061209e-005, 2.85639399e-005, -2.91722562e-005, 0.999999999, 0, 0, 0, 0, 0, 0, 0, 0.272823071, -0.146715332, -0.200818872, -0.0393254031, 0.1391252, -0.989420086, -0.964111328, -0.265258789, 0.00097656251, -0.262336741, 0.95409383, 0.144720329, 0, 0, 0, 0, 0, 0, 0, 0.290088428, -0.0792071777, -0.178596631, 0.0792425632, -0.0997128889, -0.991812675, 0.721923828, -0.680297852, 0.126098633, -0.687376951, -0.725947503, 0.0180080263, 0, 3, 1, 1, 
293.843438, 35, 0.1, 0.1, 0.0193644403, 0.338822891, -0.0199677556, 0.971746078, -0.236028725, 2.5585824e-006, 0.236028725, 0.971746078, -1.71617865e-005, 1.56438218e-006, 1.72807977e-005, 1, 0.971746078, -0.236028727, 7.96650567e-006, 0.236028727, 0.971746077, -3.561281e-005, 6.64225582e-007, 3.64869327e-005, 0.999999999, 0, 0, 0, 0, 0, 0, 0, 0.272823071, -0.146715332, -0.200818872, -0.0393254031, 0.1391252, -0.989420086, -0.964111328, -0.265258789, 0.00097656251, -0.262336741, 0.95409383, 0.144720329, 0, 0, 0, 0, 0, 0, 0, 0.289858105, -0.0790274902, -0.178210449, 0.0792425632, -0.0997128889, -0.991812675, 0.721923828, -0.680297852, 0.126098633, -0.687376951, -0.725947503, 0.0180080263, 0, 3, 1, 1, 
293.844223, 35, 0.1, 0.1, 0.0193644412, 0.338822887, -0.0199666039, 0.971746068, -0.236028769, 4.4718792e-006, 0.236028769, 0.971746068, 8.20597777e-006, -6.28237786e-006, -6.91863448e-006, 1, 0.971746076, -0.236028737, -1.08747591e-005, 0.236028737, 0.971746075, 2.47702196e-005, 4.72102082e-006, -2.66371193e-005, 1, 0, 0, 0, 0, 0, 0, 0, 0.272823071, -0.146715332, -0.200818872, -0.0393254031, 0.1391252, -0.989420086, -0.964111328, -0.265258789, 0.00097656251, -0.262336741, 0.95409383, 0.144720329, 0, 0, 0, 0, 0, 0, 0, 0.289858105, -0.0790274902, -0.178210449, 0.0792425632, -0.0997128889, -0.991812675, 0.721923828, -0.680297852, 0.126098633, -0.687376951, -0.725947503, 0.0180080263, 0, 3, 1, 1, 
293.845112, 35, 0.1, 0.1, 0.0193644399, 0.338822896, -0.0199643915, 0.97174609, -0.236028676, 5.33019836e-006, 0.236028676, 0.97174609, -7.05295177e-006, -3.51490056e-006, 8.11175797e-006, 1, 0.971746091, -0.236028672, 1.3127136e-005, 0.236028672, 0.971746091, -3.24057462e-005, -5.10755789e-006, 3.45885377e-005, 0.999999999, 0, 0, 0, 0, 0, 0, 0, 0.27292998, -0.146720801, -0.200772607, -0.0414525552, 0.143471618, -0.988795909, -0.963256836, -0.268066406, 0.00146484376, -0.264842448, 0.952663874, 0.149441554, 0, 0, 0, 0, 0, 0, 0, 0.289858105, -0.0790274902, -0.178210449, 0.0792425632, -0.0997128889, -0.991812675, 0.721923828, -0.680297852, 0.126098633, -0.687376951, -0.725947503, 0.0180080263, 0, 3, 1, 1, 
293.845979, 35, 0.1, 0.1, 0.019364441, 0.338822887, -0.019961105, 0.971746113, -0.23602858, 3.07987901e-005, 0.23602858, 0.971746113, 2.72528446e-005, -3.63610549e-005, -1.92134512e-005, 0.999999999, 0.971746096, -0.23602865, 1.54077381e-005, 0.236028649, 0.971746096, 4.95131055e-005, -2.66589209e-005, -4.44774994e-005, 0.999999999, 0, 0, 0, 0, 0, 0, 0, 0.27292998, -0.146720801, -0.200772607, -0.0414525552, 0.143471618, -0.988795909, -0.963256836, -0.268066406, 0.00146484376, -0.264842448, 0.952663874, 0.149441554, 0, 0, 0, 0, 0, 0, 0, 0.289858105, -0.0790274902, -0.178210449, 0.0792425632, -0.0997128889, -0.991812675, 0.721923828, -0.680297852, 0.126098633, -0.687376951, -0.725947503, 0.0180080263, 0, 3, 1, 1, 
293.846768, 35, 0.1, 0.1, 0.0193644422, 0.338822896, -0.0199595009, 0.971746322, -0.236027718, -3.50508058e-005, 0.236027717, 0.971746323, -2.30958372e-005, 3.95117494e-005, 1.41703332e-005, 0.999999999, 0.971746268, -0.236027944, -2.85930075e-005, 0.236027943, 0.971746267, -4.4954719e-005, 3.83957182e-005, 3.69358317e-005, 0.999999999, 0, 0, 0, 0, 0, 0, 0, 0.27292998, -0.146720801, -0.200772607, -0.0414525552, 0.143471618, -0.988795909, -0.963256836, -0.268066406, 0.00146484376, -0.264842448, 0.952663874, 0.149441554, 0, 0, 0, 0, 0, 0, 0, 0.289858105, -0.0790274902, -0.178210449, 0.0792425632, -0.0997128889, -0.991812675, 0.721923828, -0.680297852, 0.126098633, -0.687376951, -0.725947503, 0.0180080263, 0, 3, 1, 1, 
293.847582, 35, 0.1, 0.1, 0.0193644437, 0.338822889, -0.0199598684, 0.971746679, -0.236026253, -2.13377797e-006, 0.236026253, 0.971746679, 9.27786599e-006, -1.16328296e-007, -9.51936308e-006, 1, 0.971746607, -0.236026549, 6.60967413e-006, 0.236026548, 0.971746606, 3.70470295e-005, -1.51670109e-005, -3.44402667e-005, 0.999999999, 0, 0, 0, 0, 0, 0, 0, 0.273341675, -0.146606055, -0.199630884, -0.0418797805, 0.145812574, -0.988433085, -0.962036133, -0.272338867, 0.000610351573, -0.2691005, 0.951057183, 0.151732335, 0, 0, 0, 0, 0, 0, 0, 0.289914258, -0.0791259766, -0.177369482, 0.0790066898, -0.0967934205, -0.992157924, 0.725097656, -0.677246094, 0.123901367, -0.683964946, -0.729200193, 0.0166215694, 0, 3, 1, 1, 
293.848385, 35, 0.1, 0.1, 0.019364448, 0.338822901, -0.0199619025, 0.971747014, -0.236024873, 4.95814077e-006, 0.236024873, 0.971747014, -2.34175536e-005, 7.09066626e-007, 2.39261824e-005, 1, 0.97174695, -0.236025135, -1.61084696e-005, 0.236025134, 0.971746949, -5.36099054e-005, 2.83066414e-005, 4.82932584e-005, 0.999999998, 0, 0, 0, 0, 0, 0, 0, 0.273341675, -0.146606055, -0.199630884, -0.0418797805, 0.145812574, -0.988433085, -0.962036133, -0.272338867, 0.000610351573, -0.2691005, 0.951057183, 0.151732335, 0, 0, 0, 0, 0, 0, 0, 0.289914258, -0.0791259766, -0.177369482, 0.0790066898, -0.0967934205, -0.992157924, 0.725097656, -0.677246094, 0.123901367, -0.683964946, -0.729200193, 0.0166215694, 0, 3, 1, 1, 
293.849181, 35, 0.1, 0.1, 0.0193644378, 0.338822893, -0.0199647561, 0.97174729, -0.236023736, 3.54510034e-005, 0.236023735, 0.97174729, 3.21533529e-005, -4.2038371e-005, -2.28776553e-005, 0.999999999, 0.971747239, -0.236023943, 5.14190614e-005, 0.23602394, 0.971747239, 5.27477204e-005, -6.24160559e-005, -3.91213222e-005, 0.999999997, 0, 0, 0, 0, 0, 0, 0, 0.273341675, -0.146606055, -0.199630884, -0.0418797805, 0.145812574, -0.988433085, -0.962036133, -0.272338867, 0.000610351573, -0.2691005, 0.951057183, 0.151732335, 0, 0, 0, 0, 0, 0, 0, 0.289914258, -0.0791259766, -0.177369482, 0.0790066898, -0.0967934205, -0.992157924, 0.725097656, -0.677246094, 0.123901367, -0.683964946, -0.729200193, 0.0166215694, 0, 3, 1, 1, 
293.849965, 35, 0.1, 0.1, 0.019364448, 0.338822898, -0.0199676318, 0.971747605, -0.236022428, -7.67121277e-005, 0.236022428, 0.971747608, -1.25160995e-005, 7.74989068e-005, -5.94329294e-006, 0.999999997, 0.971747533, -0.236022727, -7.14465329e-005, 0.236022726, 0.971747535, -3.04162612e-005, 7.66069211e-005, 1.26939213e-005, 0.999999997, 0, 0, 0, 0, 0, 0, 0, 0.273341675, -0.146606055, -0.199630884, -0.0418797805, 0.145812574, -0.988433085, -0.962036133, -0.272338867, 0.000610351573, -0.2691005, 0.951057183, 0.151732335, 0, 0, 0, 0, 0, 0, 0, 0.289914258, -0.0791259766, -0.177369482, 0.0790066898, -0.0967934205, -0.992157924, 0.725097656, -0.677246094, 0.123901367, -0.683964946, -0.729200193, 0.0166215694, 0, 3, 1, 1, 
293.85075, 35, 0.1, 0.1, 0.0193644492, 0.338822899, -0.0199697543, 0.971747972, -0.236020921, 6.21141542e-005, 0.236020921, 0.971747974, 1.64611787e-005, -6.42444861e-005, -1.33587715e-006, 0.999999998, 0.971747916, -0.236021155, 3.50656848e-005, 0.236021155, 0.971747917, 2.16741071e-006, -3.45865609e-005, 6.17006659e-006, 0.999999999, 0, 0, 0, 0, 0, 0, 0, 0.273341675, -0.146606055, -0.199630884, -0.0418797805, 0.145812574, -0.988433085, -0.962036133, -0.272338867, 0.000610351573, -0.2691005, 0.951057183, 0.151732335, 0, 0, 0, 0, 0, 0, 0, 0.289914258, -0.0791259766, -0.177369482, 0.0790066898, -0.0967934205, -0.992157924, 0.725097656, -0.677246094, 0.123901367, -0.683964946, -0.729200193, 0.0166215694, 0, 3, 1, 1, 
293.851531, 35, 0.1, 0.1, 0.019364435, 0.338822897, -0.0199705393, 0.97174825, -0.236019782, 3.03648609e-005, 0.236019782, 0.97174825, -3.71473004e-006, -2.86302507e-005, 1.07764903e-005, 1, 0.971748192, -0.236020015, 5.88255286e-005, 0.236020015, 0.971748194, 5.07258424e-006, -5.83608326e-005, 8.95472759e-006, 0.999999998, 0, 0, 0, 0, 0, 0, 0, 0.273341675, -0.146606055, -0.199630884, -0.0418797805, 0.145812574, -0.988433085, -0.962036133, -0.272338867, 0.000610351573, -0.2691005, 0.951057183, 0.151732335, 0, 0, 0, 0, 0, 0, 0, 0.289914258, -0.0791259766, -0.177369482, 0.0790066898, -0.0967934205, -0.992157924, 0.725097656, -0.677246094, 0.123901367, -0.683964946, -0.729200193, 0.0166215694, 0, 3, 1, 1, 
293.852345, 35, 0.1, 0.1, 0.0193644456, 0.338822897, -0.0199695508, 0.9717486, -0.236018339, -4.7060345e-005, 0.236018339, 0.971748601, -4.89720851e-006, 4.68866555e-005, -6.34824893e-006, 0.999999999, 0.97174853, -0.236018623, -6.05965239e-005, 0.236018624, 0.971748532, 6.65626489e-006, 5.73135806e-005, -2.07701238e-005, 0.999999998, 0, 0, 0, 0, 0, 0, 0, 0.273734326, -0.146719312, -0.198709717, -0.0427128914, 0.148052059, -0.988032069, -0.96105957, -0.276123047, 0.000122070323, -0.272799898, 0.949590156, 0.154264251, 0, 0, 0, 0, 0, 0, 0, 0.289914258, -0.0791259766, -0.177369482, 0.0776333593, -0.0940846724, -0.992458329, 0.727783203, -0.675048828, 0.12097168, -0.681408949, -0.731615832, 0.015976282, 0, 3, 1, 1, 
293.853125, 35, 0.1, 0.1, 0.0193644423, 0.338822901, -0.0199672729, 0.97174882, -0.236017438, 2.38639934e-005, 0.236017438, 0.97174882, 1.35678913e-005, -2.63920664e-005, -7.55226375e-006, 1, 0.971748789, -0.236017561, 3.43908146e-005, 0.236017562, 0.97174879, -7.23125764e-006, -3.17125287e-005, 1.51438021e-005, 0.999999999, 0, 0, 0, 0, 0, 0, 0, 0.273734326, -0.146719312, -0.198709717, -0.0427128914, 0.148052059, -0.988032069, -0.96105957, -0.276123047, 0.000122070323, -0.272799898, 0.949590156, 0.154264251, 0, 0, 0, 0, 0, 0, 0, 0.289877148, -0.0792208008, -0.176733203, 0.0776333593, -0.0940846724, -0.992458329, 0.727783203, -0.675048828, 0.12097168, -0.681408949, -0.731615832, 0.015976282, 0, 3, 1, 1, 
293.853905, 35, 0.1, 0.1, 0.0193644466, 0.338822904, -0.0199647731, 0.97174886, -0.236017272, -1.25400813e-005, 0.236017272, 0.97174886, -3.78121989e-005, 2.11101418e-005, 3.37842854e-005, 0.999999999, 0.971748865, -0.23601725, -2.70925873e-005, 0.236017249, 0.971748865, -2.94040813e-005, 3.32670613e-005, 2.21790647e-005, 0.999999999, 0, 0, 0, 0, 0, 0, 0, 0.273734326, -0.146719312, -0.198709717, -0.0427128914, 0.148052059, -0.988032069, -0.96105957, -0.276123047, 0.000122070323, -0.272799898, 0.949590156, 0.154264251, 0, 0, 0, 0, 0, 0, 0, 0.289877148, -0.0792208008, -0.176733203, 0.0776333593, -0.0940846724, -0.992458329, 0.727783203, -0.675048828, 0.12097168, -0.681408949, -0.731615832, 0.015976282, 0, 3, 1, 1, 
293.854685, 35, 0.1, 0.1, 0.0193644463, 0.338822904, -0.0199628424, 0.971748749, -0.23601773, -1.21103268e-005, 0.23601773, 0.971748749, 2.08051351e-005, 6.85781413e-006, -2.30756159e-005, 1, 0.971748779, -0.236017607, -1.03818948e-005, 0.236017607, 0.971748779, 2.1962254e-005, 4.905115e-006, -2.37921035e-005, 1, 0, 0, 0, 0, 0, 0, 0, 0.273734326, -0.146719312, -0.198709717, -0.0427128914, 0.148052059, -0.988032069, -0.96105957, -0.276123047, 0.000122070323, -0.272799898, 0.949590156, 0.154264251, 0, 0, 0, 0, 0, 0, 0, 0.289877148, -0.0792208008, -0.176733203, 0.0776333593, -0.0940846724, -0.992458329, 0.727783203, -0.675048828, 0.12097168, -0.681408949, -0.731615832, 0.015976282, 0, 3, 1, 1, 
293.855473, 35, 0.1, 0.1, 0.0193644469, 0.338822909, -0.0199620483, 0.971748654, -0.236018122, -7.27075665e-007, 0.236018122, 0.971748654, -1.1319218e-005, 3.37807537e-006, 1.08278318e-005, 1, 0.971748666, -0.23601807, -8.34093931e-006, 0.236018069, 0.971748666, -3.00546193e-005, 1.51987299e-005, 2.72369238e-005, 1, 0, 0, 0, 0, 0, 0, 0, 0.273734326, -0.146719312, -0.198709717, -0.0427128914, 0.148052059, -0.988032069, -0.96105957, -0.276123047, 0.000122070323, -0.272799898, 0.949590156, 0.154264251, 0, 0, 0, 0, 0, 0, 0, 0.289877148, -0.0792208008, -0.176733203, 0.0776333593, -0.0940846724, -0.992458329, 0.727783203, -0.675048828, 0.12097168, -0.681408949, -0.731615832, 0.015976282, 0, 3, 1, 1, 
293.856256, 35, 0.1, 0.1, 0.0193644451, 0.338822905, -0.0199624563, 0.971748593, -0.236018372, -1.58870468e-005, 0.236018372, 0.971748593, -1.2170385e-005, 1.83106498e-005, 8.07691958e-006, 1, 0.971748606, -0.236018319, 5.77970194e-006, 0.236018319, 0.971748606, 2.07391949e-005, -1.05112472e-005, -1.87891682e-005, 1, 0, 0, 0, 0, 0, 0, 0, 0.273734326, -0.146719312, -0.198709717, -0.0427128914, 0.148052059, -0.988032069, -0.96105957, -0.276123047, 0.000122070323, -0.272799898, 0.949590156, 0.154264251, 0, 0, 0, 0, 0, 0, 0, 0.289877148, -0.0792208008, -0.176733203, 0.0776333593, -0.0940846724, -0.992458329, 0.727783203, -0.675048828, 0.12097168, -0.681408949, -0.731615832, 0.015976282, 0, 3, 1, 1, 
293.857065, 35, 0.1, 0.1, 0.0193644477, 0.338822907, -0.0199638974, 0.971748532, -0.236018623, 1.35712937e-005, 0.236018622, 0.971748532, 3.41523338e-005, -2.12484715e-005, -2.99844021e-005, 0.999999999, 0.971748544, -0.236018573, 3.36996883e-006, 0.236018573, 0.971748544, 1.95866573e-005, -7.89757722e-006, -1.82379305e-005, 1, 0, 0, 0, 0, 0, 0, 0, 0.274072778, -0.146604565, -0.198010449, -0.0445869258, 0.150393015, -0.987611957, -0.959838867, -0.280395508, 0.000610351573, -0.276828798, 0.947983466, 0.156916735, 0, 0, 0, 0, 0, 0, 0, 0.289877148, -0.0792208008, -0.176733203, 0.076266592, -0.0910310426, -0.992880137, 0.731323242, -0.67175293, 0.117797852, -0.677747578, -0.734977164, 0.0153182347, 0, 3, 1, 1, 
293.857845, 35, 0.1, 0.1, 0.0193644492, 0.338822909, -0.0199655513, 0.971748486, -0.236018811, -1.76189772e-005, 0.23601881, 0.971748486, -3.55182374e-005, 2.55041865e-005, 3.03563834e-005, 0.999999999, 0.971748495, -0.236018773, -1.90805421e-005, 0.236018772, 0.971748495, -3.48054739e-005, 2.67562333e-005, 2.93188008e-005, 0.999999999, 0, 0, 0, 0, 0, 0, 0, 0.274072778, -0.146604565, -0.198010449, -0.0445869258, 0.150393015, -0.987611957, -0.959838867, -0.280395508, 0.000610351573, -0.276828798, 0.947983466, 0.156916735, 0, 0, 0, 0, 0, 0, 0, 0.289640479, -0.0790894531, -0.176105225, 0.076266592, -0.0910310426, -0.992880137, 0.731323242, -0.67175293, 0.117797852, -0.677747578, -0.734977164, 0.0153182347, 0, 3, 1, 1, 
293.858626, 35, 0.1, 0.1, 0.0193644474, 0.338822909, -0.0199671988, 0.971748441, -0.236018996, 7.96312015e-006, 0.236018996, 0.971748441, 4.33347229e-006, -8.76093137e-006, -2.33159732e-006, 1, 0.97174845, -0.236018959, 1.76993079e-005, 0.236018959, 0.97174845, 1.92251052e-005, -2.17367644e-005, -1.4504594e-005, 1, 0, 0, 0, 0, 0, 0, 0, 0.274072778, -0.146604565, -0.198010449, -0.0445869258, 0.150393015, -0.987611957, -0.959838867, -0.280395508, 0.000610351573, -0.276828798, 0.947983466, 0.156916735, 0, 0, 0, 0, 0, 0, 0, 0.289640479, -0.0790894531, -0.176105225, 0.076266592, -0.0910310426, -0.992880137, 0.731323242, -0.67175293, 0.117797852, -0.677747578, -0.734977164, 0.0153182347, 0, 3, 1, 1, 
293.859422, 35, 0.1, 0.1, 0.0193644503, 0.338822915, -0.0199682523, 0.971748404, -0.23601915, 3.70031864e-006, 0.23601915, 0.971748404, 1.13087575e-005, -6.26486206e-006, -1.0115921e-005, 1, 0.97174841, -0.236019125, -1.29095996e-005, 0.236019125, 0.97174841, -1.93833707e-005, 1.71197291e-005, 1.57888473e-005, 1, 0, 0, 0, 0, 0, 0, 0, 0.274072778, -0.146604565, -0.198010449, -0.0484521966, 0.155742165, -0.986618964, -0.959350586, -0.281982422, 0.00256347657, -0.277823294, 0.946641876, 0.163186241, 0, 0, 0, 0, 0, 0, 0, 0.289640479, -0.0790894531, -0.176105225, 0.076266592, -0.0910310426, -0.992880137, 0.731323242, -0.67175293, 0.117797852, -0.677747578, -0.734977164, 0.0153182347, 0, 3, 1, 1, 
