time, trialNum, realDorsalTactorPos, realVentralTactorPos, boxPosX, boxPosY, boxPosZ, boxLocalRot_11, boxLocalRot_12, boxLocalRot_13, boxLocalRot_21, boxLocalRot_22, boxLocalRot_23, boxLocalRot_31, boxLocalRot_32, boxLocalRot_33, boxGlobalRot_11, boxGlobalRot_12, boxGlobalRot_13, boxGlobalRot_21, boxGlobalRot_22, boxGlobalRot_23, boxGlobalRot_31, boxGlobalRot_32, boxGlobalRot_33, indexForceX, indexForceY, indexForceZ, indexForceGlobalX, indexForceGlobalY, indexForceGlobalZ, indexContact, indexPosX, indexPosY, indexPosZ, indexRot_11, indexRot_12, indexRot_13, indexRot_21, indexRot_22, indexRot_23, indexRot_31, indexRot_32, indexRot_33, thumbForceX, thumbForceY, thumbForceZ, thumbForceGlobalX, thumbForceGlobalY, thumbForceGlobalZ, thumbContact, thumbPosX, thumbPosY, thumbPosZ, thumbRot_11, thumbRot_12, thumbRot_13, thumbRot_21, thumbRot_22, thumbRot_23, thumbRot_31, thumbRot_32, thumbRot_33, manipForceTooHigh, cceExpType, mapping, trialSuccess, 
805.112389, 67, 0.1, 0.1, 0.0218772654, 0.367433468, -0.0199692206, 0.975639602, -5.64492028e-006, -0.219379507, 0.219379507, 6.17189801e-006, 0.975639602, -4.15341983e-006, -1, 7.25992794e-006, 0.975639632, 1.0920571e-005, -0.219379372, 0.219379372, 2.15946083e-005, 0.975639632, 1.53919535e-005, -1, 1.86728077e-005, 0, 0, 0, 0, 0, 0, 0, 0.410841992, -0.179903857, -0.150646484, -0.584879002, 0.350247912, -0.731462675, -0.706054687, -0.663574219, 0.246704102, -0.399012981, 0.660865032, 0.635679982, 0, 0, 0, 0, 0, 0, 0, 0.397108984, -0.115665576, -0.120507861, -0.342807172, 0.224437133, -0.912204697, 0.0708007813, -0.962036133, -0.263305664, -0.936716491, -0.154755864, 0.313961331, 0, 3, 5, 1, 
805.155076, 67, 0.1, 0.1, 0.021877232, 0.367433546, -0.0199657194, 0.975646332, -2.18426432e-005, -0.219349573, 0.219349572, -2.70955775e-005, 0.975646332, -2.7254098e-005, -0.999999999, -2.16445264e-005, 0.97564623, -1.1512469e-005, -0.219350026, 0.219350026, -2.59066236e-005, 0.97564623, -1.69147155e-005, -1, -2.27504393e-005, 0, 0, 0, 0, 0, 0, 0, 0.406400342, -0.178893872, -0.144974707, -0.630985959, 0.366197638, -0.683836325, -0.691894531, -0.66418457, 0.282714844, -0.350677835, 0.651541287, 0.672629806, 0, 0, 0, 0, 0, 0, 0, 0.394553076, -0.117813721, -0.11427041, -0.387172692, 0.221839924, -0.89483184, 0.0775146484, -0.959228516, -0.271362305, -0.918672094, -0.17442219, 0.35420576, 0, 3, 5, 1, 
805.155768, 67, 0.1, 0.1, 0.0218772316, 0.367433549, -0.0199654253, 0.975646841, 1.81125347e-005, -0.219347307, 0.219347307, 1.24390039e-005, 0.975646841, 2.03998993e-005, -1, 8.1631392e-006, 0.975646738, 1.56868448e-005, -0.219347766, 0.219347766, 2.40219638e-005, 0.975646738, 2.05739831e-005, -1, 1.99960763e-005, 0, 0, 0, 0, 0, 0, 0, 0.406400342, -0.178893872, -0.144974707, -0.630985959, 0.366197638, -0.683836325, -0.691894531, -0.66418457, 0.282714844, -0.350677835, 0.651541287, 0.672629806, 0, 0, 0, 0, 0, 0, 0, 0.394553076, -0.117813721, -0.11427041, -0.387172692, 0.221839924, -0.89483184, 0.0775146484, -0.959228516, -0.271362305, -0.918672094, -0.17442219, 0.35420576, 0, 3, 5, 1, 
805.156461, 67, 0.1, 0.1, 0.0218772297, 0.367433547, -0.0199663901, 0.975647373, -1.21933301e-005, -0.219344944, 0.219344944, 7.53076638e-006, 0.975647373, -1.0244555e-005, -1, 1.00219177e-005, 0.975647269, -1.87182353e-005, -0.219345405, 0.219345405, -1.57974197e-005, 0.975647269, -2.17274866e-005, -1, -1.13069505e-005, 0, 0, 0, 0, 0, 0, 0, 0.406400342, -0.178893872, -0.144974707, -0.630985959, 0.366197638, -0.683836325, -0.691894531, -0.66418457, 0.282714844, -0.350677835, 0.651541287, 0.672629806, 0, 0, 0, 0, 0, 0, 0, 0.394553076, -0.117813721, -0.11427041, -0.387172692, 0.221839924, -0.89483184, 0.0775146484, -0.959228516, -0.271362305, -0.918672094, -0.17442219, 0.35420576, 0, 3, 5, 1, 
805.157152, 67, 0.1, 0.1, 0.0218772314, 0.367433549, -0.0199683095, 0.975647921, -4.34028438e-006, -0.219342505, 0.219342505, -1.90131112e-005, 0.975647921, -8.40497287e-006, -1, -1.75980936e-005, 0.975647811, 1.29792489e-005, -0.219342994, 0.219342994, -6.19132211e-006, 0.975647811, 1.13051527e-005, -1, -8.88745718e-006, 0, 0, 0, 0, 0, 0, 0, 0.406400342, -0.178893872, -0.144974707, -0.630985959, 0.366197638, -0.683836325, -0.691894531, -0.66418457, 0.282714844, -0.350677835, 0.651541287, 0.672629806, 0, 0, 0, 0, 0, 0, 0, 0.394553076, -0.117813721, -0.11427041, -0.387172692, 0.221839924, -0.89483184, 0.0775146484, -0.959228516, -0.271362305, -0.918672094, -0.17442219, 0.35420576, 0, 3, 5, 1, 
805.157837, 67, 0.1, 0.1, 0.0218772304, 0.367433551, -0.0199705773, 0.97564847, 1.46964113e-005, -0.219340063, 0.219340063, 2.54375633e-005, 0.97564847, 1.9918008e-005, -1, 2.15946079e-005, 0.97564836, 5.79156526e-006, -0.219340552, 0.219340552, 2.41028007e-005, 0.97564836, 1.09372528e-005, -1, 2.22455329e-005, 0, 0, 0, 0, 0, 0, 0, 0.406400342, -0.178893872, -0.144974707, -0.630985959, 0.366197638, -0.683836325, -0.691894531, -0.66418457, 0.282714844, -0.350677835, 0.651541287, 0.672629806, 0, 0, 0, 0, 0, 0, 0, 0.394553076, -0.117813721, -0.11427041, -0.387172692, 0.221839924, -0.89483184, 0.0775146484, -0.959228516, -0.271362305, -0.918672094, -0.17442219, 0.35420576, 0, 3, 5, 1, 
805.158531, 67, 0.1, 0.1, 0.0218772301, 0.367433551, -0.0199724858, 0.975649028, -1.31452732e-005, -0.219337582, 0.219337582, -9.90822498e-006, 0.975649028, -1.49984191e-005, -1, -6.78369763e-006, 0.975648919, -1.18785229e-005, -0.219338065, 0.219338064, -1.83455213e-005, 0.975648919, -1.56131392e-005, -1, -1.52933758e-005, 0, 0, 0, 0, 0, 0, 0, 0.406400342, -0.178893872, -0.144974707, -0.630985959, 0.366197638, -0.683836325, -0.691894531, -0.66418457, 0.282714844, -0.350677835, 0.651541287, 0.672629806, 0, 0, 0, 0, 0, 0, 0, 0.394553076, -0.117813721, -0.11427041, -0.387172692, 0.221839924, -0.89483184, 0.0775146484, -0.959228516, -0.271362305, -0.918672094, -0.17442219, 0.35420576, 0, 3, 5, 1, 
805.159228, 67, 0.1, 0.1, 0.0218772316, 0.367433554, -0.019973463, 0.975649583, 1.18304323e-005, -0.219335111, 0.219335111, -8.00906913e-006, 0.975649583, 9.78568625e-006, -1, -1.04088741e-005, 0.975649475, 1.71472974e-005, -0.219335592, 0.219335592, 1.06152469e-005, 0.975649475, 1.90580532e-005, -1, 6.5957474e-006, 0, 0, 0, 0, 0, 0, 0, 0.406400342, -0.178893872, -0.144974707, -0.630985959, 0.366197638, -0.683836325, -0.691894531, -0.66418457, 0.282714844, -0.350677835, 0.651541287, 0.672629806, 0, 0, 0, 0, 0, 0, 0, 0.394553076, -0.117813721, -0.11427041, -0.387172692, 0.221839924, -0.89483184, 0.0775146484, -0.959228516, -0.271362305, -0.918672094, -0.17442219, 0.35420576, 0, 3, 5, 1, 
805.159951, 67, 0.1, 0.1, 0.0218772299, 0.367433553, -0.0199730179, 0.975650159, 5.96654771e-006, -0.219332548, 0.219332548, 1.91454446e-005, 0.975650159, 1.00204824e-005, -1, 1.73705979e-005, 0.975650046, -8.92202016e-006, -0.219333054, 0.219333054, 7.69467924e-006, 0.975650046, -7.01707188e-006, -1, 9.46420808e-006, 0, 0, 0, 0, 0, 0, 0, 0.406309399, -0.178221338, -0.143321313, -0.632819557, 0.366305101, -0.682141267, -0.690673828, -0.665039063, 0.283569336, -0.349769461, 0.650659123, 0.67396803, 0, 0, 0, 0, 0, 0, 0, 0.394243896, -0.117937012, -0.113102197, -0.38873159, 0.220376542, -0.894486591, 0.0788574219, -0.959350586, -0.270629883, -0.917853999, -0.175680682, 0.355592217, 0, 3, 5, 1, 
805.160639, 67, 0.1, 0.1, 0.0218772302, 0.367433553, -0.0199715619, 0.975650705, -1.64066623e-005, -0.219330121, 0.219330121, -2.12217751e-005, 0.975650705, -2.06617462e-005, -1, -1.71065646e-005, 0.975650596, -7.4598404e-006, -0.219330604, 0.219330604, -2.06336364e-005, 0.975650596, -1.18037857e-005, -1, -1.84950483e-005, 0, 0, 0, 0, 0, 0, 0, 0.406309399, -0.178221338, -0.143321313, -0.632819557, 0.366305101, -0.682141267, -0.690673828, -0.665039063, 0.283569336, -0.349769461, 0.650659123, 0.67396803, 0, 0, 0, 0, 0, 0, 0, 0.394243896, -0.117937012, -0.113102197, -0.38873159, 0.220376542, -0.894486591, 0.0788574219, -0.959350586, -0.270629883, -0.917853999, -0.175680682, 0.355592217, 0, 3, 5, 1, 
805.161332, 67, 0.1, 0.1, 0.02187723, 0.367433556, -0.0199697056, 0.975651256, 1.47140514e-005, -0.21932767, 0.21932767, 1.09487104e-005, 0.975651256, 1.67571379e-005, -1, 7.45492443e-006, 0.975651146, 1.31911246e-005, -0.219328157, 0.219328157, 2.19220202e-005, 0.975651146, 1.76780522e-005, -1, 1.84950591e-005, 0, 0, 0, 0, 0, 0, 0, 0.406309399, -0.178221338, -0.143321313, -0.632819557, 0.366305101, -0.682141267, -0.690673828, -0.665039063, 0.283569336, -0.349769461, 0.650659123, 0.67396803, 0, 0, 0, 0, 0, 0, 0, 0.394243896, -0.117937012, -0.113102197, -0.38873159, 0.220376542, -0.894486591, 0.0788574219, -0.959350586, -0.270629883, -0.917853999, -0.175680682, 0.355592217, 0, 3, 5, 1, 
805.162023, 67, 0.1, 0.1, 0.0218772279, 0.367433555, -0.0199680048, 0.975651809, -1.14704724e-005, -0.219325208, 0.219325208, 7.34665328e-006, 0.975651809, -9.5798809e-006, -1, 9.68353932e-006, 0.9756517, -1.84406946e-005, -0.219325696, 0.219325696, -1.4677309e-005, 0.9756517, -2.1210806e-005, -1, -1.02754233e-005, 0, 0, 0, 0, 0, 0, 0, 0.406309399, -0.178221338, -0.143321313, -0.632819557, 0.366305101, -0.682141267, -0.690673828, -0.665039063, 0.283569336, -0.349769461, 0.650659123, 0.67396803, 0, 0, 0, 0, 0, 0, 0, 0.394243896, -0.117937012, -0.113102197, -0.38873159, 0.220376542, -0.894486591, 0.0788574219, -0.959350586, -0.270629883, -0.917853999, -0.175680682, 0.355592217, 0, 3, 5, 1, 
805.162709, 67, 0.1, 0.1, 0.0218772296, 0.367433556, -0.0199669823, 0.975652371, -5.18930368e-006, -0.219322711, 0.219322711, -2.63292686e-005, 0.97565237, -1.0837563e-005, -1, -2.45500812e-005, 0.975652257, 1.27677211e-005, -0.219323217, 0.219323217, -1.25306404e-005, 0.975652257, 9.70859557e-006, -1, -1.50258052e-005, 0, 0, 0, 0, 0, 0, 0, 0.406309399, -0.178221338, -0.143321313, -0.632819557, 0.366305101, -0.682141267, -0.690673828, -0.665039063, 0.283569336, -0.349769461, 0.650659123, 0.67396803, 0, 0, 0, 0, 0, 0, 0, 0.394243896, -0.117937012, -0.113102197, -0.38873159, 0.220376542, -0.894486591, 0.0788574219, -0.959350586, -0.270629883, -0.917853999, -0.175680682, 0.355592217, 0, 3, 5, 1, 
805.163436, 67, 0.1, 0.1, 0.0218772285, 0.367433558, -0.0199665439, 0.975652976, 1.75930792e-005, -0.219320017, 0.219320017, 2.69235786e-005, 0.975652976, 2.30696198e-005, -0.999999999, 2.24095552e-005, 0.975652859, 7.6198924e-006, -0.219320539, 0.219320538, 2.57919148e-005, 0.975652859, 1.30910665e-005, -1, 2.34927565e-005, 0, 0, 0, 0, 0, 0, 0, 0.406309399, -0.178221338, -0.143321313, -0.632819557, 0.366305101, -0.682141267, -0.690673828, -0.665039063, 0.283569336, -0.349769461, 0.650659123, 0.67396803, 0, 0, 0, 0, 0, 0, 0, 0.394243896, -0.117937012, -0.113102197, -0.38873159, 0.220376542, -0.894486591, 0.0788574219, -0.959350586, -0.270629883, -0.917853999, -0.175680682, 0.355592217, 0, 3, 5, 1, 
805.164135, 67, 0.1, 0.1, 0.0218772276, 0.367433557, -0.0199669195, 0.975653568, -1.99574225e-005, -0.219317386, 0.219317385, -1.13752529e-005, 0.975653568, -2.19663212e-005, -1, -6.7212964e-006, 0.975653451, -1.799756e-005, -0.219317905, 0.219317904, -2.24825276e-005, 0.975653451, -2.24902023e-005, -1, -1.79879685e-005, 0, 0, 0, 0, 0, 0, 0, 0.406309399, -0.178221338, -0.143321313, -0.632819557, 0.366305101, -0.682141267, -0.690673828, -0.665039063, 0.283569336, -0.349769461, 0.650659123, 0.67396803, 0, 0, 0, 0, 0, 0, 0, 0.394243896, -0.117937012, -0.113102197, -0.38873159, 0.220376542, -0.894486591, 0.0788574219, -0.959350586, -0.270629883, -0.917853999, -0.175680682, 0.355592217, 0, 3, 5, 1, 
805.164854, 67, 0.1, 0.1, 0.0218772288, 0.367433561, -0.0199678089, 0.975654184, 1.15665997e-005, -0.219314645, 0.219314645, -5.42833758e-006, 0.975654184, 1.00944875e-005, -1, -7.83290498e-006, 0.975654067, 1.75534179e-005, -0.219315163, 0.219315163, 1.71965567e-005, 0.975654067, 2.08975292e-005, -1, 1.29281598e-005, 0, 0, 0, 0, 0, 0, 0, 0.404932227, -0.178349121, -0.141436499, -0.633794958, 0.36810163, -0.680262363, -0.691894531, -0.662963867, 0.285766602, -0.345783623, 0.651857684, 0.67490636, 0, 0, 0, 0, 0, 0, 0, 0.393724658, -0.117593799, -0.111943994, -0.390022165, 0.219130443, -0.894249985, 0.0798339844, -0.959472656, -0.269897461, -0.917253187, -0.176670851, 0.356844513, 0, 3, 5, 1, 
805.165549, 67, 0.1, 0.1, 0.0218772267, 0.36743356, -0.0199690888, 0.975654788, 5.50142867e-006, -0.219311959, 0.219311959, 1.96748609e-005, 0.975654787, 9.6824275e-006, -1, 1.79893431e-005, 0.975654668, -1.16257885e-005, -0.219312492, 0.219312492, 7.50054519e-006, 0.975654668, -9.69779159e-006, -1, 9.86762258e-006, 0, 0, 0, 0, 0, 0, 0, 0.404932227, -0.178349121, -0.141436499, -0.633794958, 0.36810163, -0.680262363, -0.691894531, -0.662963867, 0.285766602, -0.345783623, 0.651857684, 0.67490636, 0, 0, 0, 0, 0, 0, 0, 0.393724658, -0.117593799, -0.111943994, -0.390022165, 0.219130443, -0.894249985, 0.0798339844, -0.959472656, -0.269897461, -0.917253187, -0.176670851, 0.356844513, 0, 3, 5, 1, 
805.166246, 67, 0.1, 0.1, 0.0218772275, 0.36743356, -0.0199704585, 0.975655392, -1.39606144e-005, -0.219309272, 0.219309272, -2.68378824e-005, 0.975655391, -1.95065452e-005, -1, -2.31228325e-005, 0.975655271, -4.94548619e-006, -0.219309806, 0.219309806, -2.5399431e-005, 0.975655271, -1.0395434e-005, -1, -2.36964951e-005, 0, 0, 0, 0, 0, 0, 0, 0.404932227, -0.178349121, -0.141436499, -0.633794958, 0.36810163, -0.680262363, -0.691894531, -0.662963867, 0.285766602, -0.345783623, 0.651857684, 0.67490636, 0, 0, 0, 0, 0, 0, 0, 0.393724658, -0.117593799, -0.111943994, -0.390022165, 0.219130443, -0.894249985, 0.0798339844, -0.959472656, -0.269897461, -0.917253187, -0.176670851, 0.356844513, 0, 3, 5, 1, 
805.166941, 67, 0.1, 0.1, 0.0218772275, 0.367433562, -0.0199715077, 0.97565599, 1.48536796e-005, -0.219306611, 0.219306611, 8.0479848e-006, 0.97565599, 1.62570577e-005, -1, 4.59455444e-006, 0.975655872, 1.36614227e-005, -0.219307135, 0.219307135, 1.71454692e-005, 0.975655872, 1.7088971e-005, -1, 1.37320302e-005, 0, 0, 0, 0, 0, 0, 0, 0.404932227, -0.178349121, -0.141436499, -0.633794958, 0.36810163, -0.680262363, -0.691894531, -0.662963867, 0.285766602, -0.345783623, 0.651857684, 0.67490636, 0, 0, 0, 0, 0, 0, 0, 0.393724658, -0.117593799, -0.111943994, -0.390022165, 0.219130443, -0.894249985, 0.0798339844, -0.959472656, -0.269897461, -0.917253187, -0.176670851, 0.356844513, 0, 3, 5, 1, 
805.167644, 67, 0.1, 0.1, 0.0218772255, 0.367433559, -0.0199718132, 0.97565659, -1.18908821e-005, -0.219303941, 0.219303942, 4.89212111e-006, 0.97565659, -1.0528556e-005, -1, 7.38074751e-006, 0.975656475, -1.75415896e-005, -0.219304453, 0.219304453, -1.49955734e-005, 0.975656475, -2.04031615e-005, -1, -1.07835796e-005, 0, 0, 0, 0, 0, 0, 0, 0.404932227, -0.178349121, -0.141436499, -0.633794958, 0.36810163, -0.680262363, -0.691894531, -0.662963867, 0.285766602, -0.345783623, 0.651857684, 0.67490636, 0, 0, 0, 0, 0, 0, 0, 0.39309458, -0.117352734, -0.111781885, -0.393235842, 0.219730888, -0.892709677, 0.0797119141, -0.959106445, -0.271240234, -0.915872561, -0.177712427, 0.359706745, 0, 3, 5, 1, 
805.16834, 67, 0.1, 0.1, 0.0218772266, 0.367433561, -0.0199715019, 0.975657182, -6.71994641e-006, -0.219301308, 0.219301308, -1.95529082e-005, 0.975657181, -1.08443423e-005, -1, -1.76032422e-005, 0.975657063, 9.07856168e-006, -0.219301838, 0.219301838, -8.31265419e-006, 0.975657063, 7.03458248e-006, -1, -1.0101245e-005, 0, 0, 0, 0, 0, 0, 0, 0.404932227, -0.178349121, -0.141436499, -0.633794958, 0.36810163, -0.680262363, -0.691894531, -0.662963867, 0.285766602, -0.345783623, 0.651857684, 0.67490636, 0, 0, 0, 0, 0, 0, 0, 0.39309458, -0.117352734, -0.111781885, -0.393235842, 0.219730888, -0.892709677, 0.0797119141, -0.959106445, -0.271240234, -0.915872561, -0.177712427, 0.359706745, 0, 3, 5, 1, 
805.169034, 67, 0.1, 0.1, 0.0218772256, 0.367433563, -0.0199706853, 0.975657767, 1.54937095e-005, -0.219298705, 0.219298704, 2.57308029e-005, 0.975657767, 2.07592897e-005, -1, 2.17067073e-005, 0.975657649, 6.20875352e-006, -0.219299231, 0.219299231, 2.45504674e-005, 0.975657648, 1.14415165e-005, -1, 2.25912764e-005, 0, 0, 0, 0, 0, 0, 0, 0.404932227, -0.178349121, -0.141436499, -0.633794958, 0.36810163, -0.680262363, -0.691894531, -0.662963867, 0.285766602, -0.345783623, 0.651857684, 0.67490636, 0, 0, 0, 0, 0, 0, 0, 0.39309458, -0.117352734, -0.111781885, -0.393235842, 0.219730888, -0.892709677, 0.0797119141, -0.959106445, -0.271240234, -0.915872561, -0.177712427, 0.359706745, 0, 3, 5, 1, 
805.169752, 67, 0.1, 0.1, 0.0218772254, 0.367433562, -0.0199692967, 0.975658373, -1.45188488e-005, -0.219296006, 0.219296006, -1.05694653e-005, 0.975658373, -1.64832779e-005, -1, -7.12826175e-006, 0.975658258, -1.32698363e-005, -0.219296518, 0.219296518, -2.15650076e-005, 0.975658258, -1.76759564e-005, -1, -1.81300489e-005, 0, 0, 0, 0, 0, 0, 0, 0.403650488, -0.178381812, -0.141814478, -0.637465903, 0.371858316, -0.674796394, -0.692138672, -0.661132813, 0.289306641, -0.338528238, 0.651386275, 0.678984313, 0, 0, 0, 0, 0, 0, 0, 0.39309458, -0.117352734, -0.111781885, -0.393235842, 0.219730888, -0.892709677, 0.0797119141, -0.959106445, -0.271240234, -0.915872561, -0.177712427, 0.359706745, 0, 3, 5, 1, 
805.170447, 67, 0.1, 0.1, 0.0218772273, 0.367433566, -0.0199681322, 0.975658962, 1.36440474e-005, -0.219293388, 0.219293388, -6.00240774e-006, 0.975658962, 1.19956487e-005, -1, -8.84835227e-006, 0.975658846, 2.03608349e-005, -0.219293902, 0.219293902, 1.58448442e-005, 0.975658846, 2.33399064e-005, -1, 1.09941555e-005, 0, 0, 0, 0, 0, 0, 0, 0.403650488, -0.178381812, -0.141814478, -0.637465903, 0.371858316, -0.674796394, -0.692138672, -0.661132813, 0.289306641, -0.338528238, 0.651386275, 0.678984313, 0, 0, 0, 0, 0, 0, 0, 0.39309458, -0.117352734, -0.111781885, -0.393235842, 0.219730888, -0.892709677, 0.0797119141, -0.959106445, -0.271240234, -0.915872561, -0.177712427, 0.359706745, 0, 3, 5, 1, 
805.171148, 67, 0.1, 0.1, 0.0218772254, 0.367433566, -0.019967457, 0.975659564, 7.04054668e-006, -0.219290709, 0.219290709, 2.71959357e-005, 0.975659564, 1.28329927e-005, -1, 2.49900483e-005, 0.975659444, -1.06060006e-005, -0.219291241, 0.219291242, 1.38276363e-005, 0.975659444, -7.31556509e-006, -1, 1.5816867e-005, 0, 0, 0, 0, 0, 0, 0, 0.403650488, -0.178381812, -0.141814478, -0.637465903, 0.371858316, -0.674796394, -0.692138672, -0.661132813, 0.289306641, -0.338528238, 0.651386275, 0.678984313, 0, 0, 0, 0, 0, 0, 0, 0.39309458, -0.117352734, -0.111781885, -0.393235842, 0.219730888, -0.892709677, 0.0797119141, -0.959106445, -0.271240234, -0.915872561, -0.177712427, 0.359706745, 0, 3, 5, 1, 
805.171853, 67, 0.1, 0.1, 0.021877226, 0.367433566, -0.0199673796, 0.975660176, -1.73463851e-005, -0.219287984, 0.219287984, -2.52176592e-005, 0.975660176, -2.24541068e-005, -1, -2.0800012e-005, 0.975660056, -7.41788234e-006, -0.219288521, 0.219288521, -2.33499317e-005, 0.975660056, -1.23577035e-005, -1, -2.11549392e-005, 0, 0, 0, 0, 0, 0, 0, 0.402185303, -0.179017944, -0.142184277, -0.64046961, 0.376827789, -0.669146577, -0.693725586, -0.657592773, 0.293579102, -0.329401062, 0.652329475, 0.682662372, 0, 0, 0, 0, 0, 0, 0, 0.39309458, -0.117352734, -0.111781885, -0.393235842, 0.219730888, -0.892709677, 0.0797119141, -0.959106445, -0.271240234, -0.915872561, -0.177712427, 0.359706745, 0, 3, 5, 1, 
805.17256, 67, 0.1, 0.1, 0.0218772261, 0.367433569, -0.0199677257, 0.975660795, 1.80899306e-005, -0.219285231, 0.219285231, 1.02842442e-005, 0.975660795, 1.9904819e-005, -1, 6.06707927e-006, 0.975660675, 1.62360422e-005, -0.219285767, 0.219285767, 2.15558528e-005, 0.975660675, 2.05677596e-005, -1, 1.7470865e-005, 0, 0, 0, 0, 0, 0, 0, 0.402185303, -0.179017944, -0.142184277, -0.64046961, 0.376827789, -0.669146577, -0.693725586, -0.657592773, 0.293579102, -0.329401062, 0.652329475, 0.682662372, 0, 0, 0, 0, 0, 0, 0, 0.39223125, -0.117679346, -0.111807861, -0.396558161, 0.22121979, -0.890881723, 0.0771484375, -0.958984375, -0.272460937, -0.914626095, -0.176696738, 0.363335667, 0, 3, 5, 1, 
805.173255, 67, 0.1, 0.1, 0.0218772244, 0.367433566, -0.0199686438, 0.975661405, -1.1255329e-005, -0.219282516, 0.219282516, 4.93631587e-006, 0.975661406, -9.89894232e-006, -1, 7.28426973e-006, 0.975661285, -1.71016417e-005, -0.219283052, 0.219283051, -1.69291258e-005, 0.975661285, -2.039768e-005, -1, -1.27669925e-005, 0, 0, 0, 0, 0, 0, 0, 0.402185303, -0.179017944, -0.142184277, -0.64046961, 0.376827789, -0.669146577, -0.693725586, -0.657592773, 0.293579102, -0.329401062, 0.652329475, 0.682662372, 0, 0, 0, 0, 0, 0, 0, 0.39223125, -0.117679346, -0.111807861, -0.396558161, 0.22121979, -0.890881723, 0.0771484375, -0.958984375, -0.272460937, -0.914626095, -0.176696738, 0.363335667, 0, 3, 5, 1, 
805.173945, 67, 0.1, 0.1, 0.0218772259, 0.367433568, -0.0199698136, 0.975662015, -5.88695224e-006, -0.219279803, 0.219279802, -2.13452137e-005, 0.975662015, -1.04242499e-005, -1, -1.95348245e-005, 0.975661893, 1.08884928e-005, -0.219280346, 0.219280346, -9.15611744e-006, 0.975661893, 8.6157309e-006, -1, -1.13209073e-005, 0, 0, 0, 0, 0, 0, 0, 0.402185303, -0.179017944, -0.142184277, -0.64046961, 0.376827789, -0.669146577, -0.693725586, -0.657592773, 0.293579102, -0.329401062, 0.652329475, 0.682662372, 0, 0, 0, 0, 0, 0, 0, 0.39223125, -0.117679346, -0.111807861, -0.396558161, 0.22121979, -0.890881723, 0.0771484375, -0.958984375, -0.272460937, -0.914626095, -0.176696738, 0.363335667, 0, 3, 5, 1, 
805.17464, 67, 0.1, 0.1, 0.0218772246, 0.367433569, -0.0199709011, 0.975662625, 1.34919201e-005, -0.219277088, 0.219277088, 2.30604182e-005, 0.975662625, 1.82201835e-005, -1, 1.95407192e-005, 0.975662503, 4.56109618e-006, -0.219277631, 0.21927763, 2.17440352e-005, 0.975662503, 9.21807103e-006, -1, 2.02146934e-005, 0, 0, 0, 0, 0, 0, 0, 0.402185303, -0.179017944, -0.142184277, -0.64046961, 0.376827789, -0.669146577, -0.693725586, -0.657592773, 0.293579102, -0.329401062, 0.652329475, 0.682662372, 0, 0, 0, 0, 0, 0, 0, 0.39223125, -0.117679346, -0.111807861, -0.396558161, 0.22121979, -0.890881723, 0.0771484375, -0.958984375, -0.272460937, -0.914626095, -0.176696738, 0.363335667, 0, 3, 5, 1, 
805.175337, 67, 0.1, 0.1, 0.021877224, 0.367433568, -0.0199715362, 0.975663232, -1.47914088e-005, -0.219274389, 0.219274388, -1.04830372e-005, 0.975663232, -1.67300953e-005, -1, -6.98453688e-006, 0.975663113, -1.3832104e-005, -0.219274917, 0.219274916, -2.00011897e-005, 0.975663113, -1.78812329e-005, -1, -1.64813895e-005, 0, 0, 0, 0, 0, 0, 0, 0.402185303, -0.179017944, -0.142184277, -0.64046961, 0.376827789, -0.669146577, -0.693725586, -0.657592773, 0.293579102, -0.329401062, 0.652329475, 0.682662372, 0, 0, 0, 0, 0, 0, 0, 0.39223125, -0.117679346, -0.111807861, -0.396558161, 0.22121979, -0.890881723, 0.0771484375, -0.958984375, -0.272460937, -0.914626095, -0.176696738, 0.363335667, 0, 3, 5, 1, 
805.176031, 67, 0.1, 0.1, 0.0218772256, 0.367433571, -0.0199715916, 0.975663828, 1.22585743e-005, -0.219271736, 0.219271737, -7.62478933e-006, 0.975663828, 1.02883468e-005, -1, -1.012719e-005, 0.975663709, 1.79086065e-005, -0.219272267, 0.219272266, 1.24451637e-005, 0.975663709, 2.02016567e-005, -1, 8.21543382e-006, 0, 0, 0, 0, 0, 0, 0, 0.402185303, -0.179017944, -0.142184277, -0.64046961, 0.376827789, -0.669146577, -0.693725586, -0.657592773, 0.293579102, -0.329401062, 0.652329475, 0.682662372, 0, 0, 0, 0, 0, 0, 0, 0.39223125, -0.117679346, -0.111807861, -0.396558161, 0.22121979, -0.890881723, 0.0771484375, -0.958984375, -0.272460937, -0.914626095, -0.176696738, 0.363335667, 0, 3, 5, 1, 
805.17675, 67, 0.1, 0.1, 0.0218772242, 0.367433571, -0.0199709592, 0.975664446, 8.45584935e-006, -0.219268985, 0.219268985, 2.35195401e-005, 0.975664446, 1.34071773e-005, -1, 2.10930736e-005, 0.975664315, -8.69241081e-006, -0.219269572, 0.219269572, 1.03322702e-005, 0.975664315, -6.21532258e-006, -1, 1.19868085e-005, 0, 0, 0, 0, 0, 0, 0, 0.401772119, -0.179294873, -0.14299043, -0.644622825, 0.380184581, -0.663318905, -0.693359375, -0.65612793, 0.297485352, -0.322069293, 0.651674219, 0.686683036, 0, 0, 0, 0, 0, 0, 0, 0.39223125, -0.117679346, -0.111807861, -0.400378847, 0.222402089, -0.888874765, 0.0739746094, -0.958984375, -0.273193359, -0.913309267, -0.17509956, 0.367597116, 0, 3, 5, 1, 
805.177444, 67, 0.1, 0.1, 0.0218772248, 0.367433572, -0.0199697922, 0.97566504, -1.60559513e-005, -0.219266345, 0.219266344, -2.08290582e-005, 0.97566504, -2.02323418e-005, -1, -1.68016541e-005, 0.975664923, -6.36348668e-006, -0.219266866, 0.219266866, -1.99313993e-005, 0.975664923, -1.05789262e-005, -1, -1.80510654e-005, 0, 0, 0, 0, 0, 0, 0, 0.401772119, -0.179294873, -0.14299043, -0.644622825, 0.380184581, -0.663318905, -0.693359375, -0.65612793, 0.297485352, -0.322069293, 0.651674219, 0.686683036, 0, 0, 0, 0, 0, 0, 0, 0.39178291, -0.118460498, -0.112031934, -0.400378847, 0.222402089, -0.888874765, 0.0739746094, -0.958984375, -0.273193359, -0.913309267, -0.17509956, 0.367597116, 0, 3, 5, 1, 
805.178136, 67, 0.1, 0.1, 0.0218772248, 0.367433575, -0.0199687237, 0.975665633, 1.50133022e-005, -0.219263707, 0.219263707, 1.22086463e-005, 0.975665633, 1.7324876e-005, -1, 8.61968429e-006, 0.975665514, 1.34851296e-005, -0.219264236, 0.219264236, 2.36855826e-005, 0.975665514, 1.83503771e-005, -1, 2.01523995e-005, 0, 0, 0, 0, 0, 0, 0, 0.401772119, -0.179294873, -0.14299043, -0.644622825, 0.380184581, -0.663318905, -0.693359375, -0.65612793, 0.297485352, -0.322069293, 0.651674219, 0.686683036, 0, 0, 0, 0, 0, 0, 0, 0.39178291, -0.118460498, -0.112031934, -0.400378847, 0.222402089, -0.888874765, 0.0739746094, -0.958984375, -0.273193359, -0.913309267, -0.17509956, 0.367597116, 0, 3, 5, 1, 
805.178828, 67, 0.1, 0.1, 0.0218772226, 0.367433573, -0.0199680126, 0.975666226, -1.28149533e-005, -0.219261066, 0.219261066, 6.0498413e-006, 0.975666226, -1.11766225e-005, -1, 8.71244616e-006, 0.97566611, -1.95124859e-005, -0.219261581, 0.219261581, -1.54670813e-005, 0.97566611, -2.24290079e-005, -1, -1.08123685e-005, 0, 0, 0, 0, 0, 0, 0, 0.401772119, -0.179294873, -0.14299043, -0.644622825, 0.380184581, -0.663318905, -0.693359375, -0.65612793, 0.297485352, -0.322069293, 0.651674219, 0.686683036, 0, 0, 0, 0, 0, 0, 0, 0.39178291, -0.118460498, -0.112031934, -0.400378847, 0.222402089, -0.888874765, 0.0739746094, -0.958984375, -0.273193359, -0.913309267, -0.17509956, 0.367597116, 0, 3, 5, 1, 
805.179528, 67, 0.1, 0.1, 0.0218772243, 0.367433574, -0.0199677832, 0.975666834, -4.78493666e-006, -0.219258361, 0.219258361, -2.56985645e-005, 0.975666834, -1.03031291e-005, -1, -2.40240997e-005, 0.975666713, 1.26816497e-005, -0.219258898, 0.219258898, -1.23045211e-005, 0.975666713, 9.67518776e-006, -1, -1.47856762e-005, 0, 0, 0, 0, 0, 0, 0, 0.401772119, -0.179294873, -0.14299043, -0.644622825, 0.380184581, -0.663318905, -0.693359375, -0.65612793, 0.297485352, -0.322069293, 0.651674219, 0.686683036, 0, 0, 0, 0, 0, 0, 0, 0.39178291, -0.118460498, -0.112031934, -0.400378847, 0.222402089, -0.888874765, 0.0739746094, -0.958984375, -0.273193359, -0.913309267, -0.17509956, 0.367597116, 0, 3, 5, 1, 
805.180228, 67, 0.1, 0.1, 0.0218772234, 0.367433575, -0.0199680902, 0.975667446, 1.69166067e-005, -0.219255638, 0.219255638, 2.34122273e-005, 0.975667446, 2.16382453e-005, -1, 1.91334866e-005, 0.975667324, 7.38742378e-006, -0.219256179, 0.219256178, 2.19086271e-005, 0.975667324, 1.20112698e-005, -1, 1.97557933e-005, 0, 0, 0, 0, 0, 0, 0, 0.401772119, -0.179294873, -0.14299043, -0.644622825, 0.380184581, -0.663318905, -0.693359375, -0.65612793, 0.297485352, -0.322069293, 0.651674219, 0.686683036, 0, 0, 0, 0, 0, 0, 0, 0.39178291, -0.118460498, -0.112031934, -0.400378847, 0.222402089, -0.888874765, 0.0739746094, -0.958984375, -0.273193359, -0.913309267, -0.17509956, 0.367597116, 0, 3, 5, 1, 
805.180918, 67, 0.1, 0.1, 0.0218772228, 0.367433574, -0.0199688486, 0.975668049, -1.7854317e-005, -0.219252953, 0.219252953, -1.09216195e-005, 0.975668049, -1.98144839e-005, -1, -6.7412635e-006, 0.97566793, -1.60572159e-005, -0.219253484, 0.219253484, -2.16281319e-005, 0.97566793, -2.04085539e-005, -1, -1.75812742e-005, 0, 0, 0, 0, 0, 0, 0, 0.401772119, -0.179294873, -0.14299043, -0.644622825, 0.380184581, -0.663318905, -0.693359375, -0.65612793, 0.297485352, -0.322069293, 0.651674219, 0.686683036, 0, 0, 0, 0, 0, 0, 0, 0.39178291, -0.118460498, -0.112031934, -0.400378847, 0.222402089, -0.888874765, 0.0739746094, -0.958984375, -0.273193359, -0.913309267, -0.17509956, 0.367597116, 0, 3, 5, 1, 
805.181646, 67, 0.1, 0.1, 0.0218772242, 0.367433577, -0.0199696161, 0.975668687, 1.16840016e-005, -0.219250116, 0.219250116, -6.38414535e-006, 0.975668687, 9.99998994e-006, -1, -8.79052943e-006, 0.975668566, 1.74769264e-005, -0.219250653, 0.219250653, 1.49190573e-005, 0.975668566, 2.03227008e-005, -1, 1.07242278e-005, 0, 0, 0, 0, 0, 0, 0, 0.401793359, -0.180023169, -0.141554175, -0.644455831, 0.383370631, -0.661503281, -0.6953125, -0.653686523, 0.298461914, -0.317893617, 0.652281926, 0.688002165, 0, 0, 0, 0, 0, 0, 0, 0.391549658, -0.119456348, -0.110882275, -0.400487489, 0.22352059, -0.88857436, 0.0712890625, -0.959106445, -0.2734375, -0.913443429, -0.172895375, 0.368242403, 0, 3, 5, 1, 
805.182339, 67, 0.1, 0.1, 0.0218772225, 0.367433577, -0.0199701406, 0.975669295, 6.78823428e-006, -0.219247409, 0.219247409, 2.06842489e-005, 0.975669295, 1.11580397e-005, -1, 1.86926837e-005, 0.975669173, -9.81924976e-006, -0.219247951, 0.219247951, 8.55471853e-006, 0.975669173, -7.70473479e-006, -1, 1.04994255e-005, 0, 0, 0, 0, 0, 0, 0, 0.401793359, -0.180023169, -0.141554175, -0.644455831, 0.383370631, -0.661503281, -0.6953125, -0.653686523, 0.298461914, -0.317893617, 0.652281926, 0.688002165, 0, 0, 0, 0, 0, 0, 0, 0.391549658, -0.119456348, -0.110882275, -0.400487489, 0.22352059, -0.88857436, 0.0712890625, -0.959106445, -0.2734375, -0.913443429, -0.172895375, 0.368242403, 0, 3, 5, 1, 
805.183034, 67, 0.1, 0.1, 0.0218772233, 0.367433577, -0.0199705221, 0.975669901, -1.3948209e-005, -0.219244712, 0.219244712, -2.37580441e-005, 0.975669901, -1.88176732e-005, -1, -2.01219375e-005, 0.97566978, -4.80923569e-006, -0.219245254, 0.219245254, -2.26317961e-005, 0.975669779, -9.6541398e-006, -1, -2.10267574e-005, 0, 0, 0, 0, 0, 0, 0, 0.401793359, -0.180023169, -0.141554175, -0.644455831, 0.383370631, -0.661503281, -0.6953125, -0.653686523, 0.298461914, -0.317893617, 0.652281926, 0.688002165, 0, 0, 0, 0, 0, 0, 0, 0.391549658, -0.119456348, -0.110882275, -0.400487489, 0.22352059, -0.88857436, 0.0712890625, -0.959106445, -0.2734375, -0.913443429, -0.172895375, 0.368242403, 0, 3, 5, 1, 
805.183743, 67, 0.1, 0.1, 0.0218772234, 0.367433579, -0.0199705683, 0.975670516, 1.49030558e-005, -0.219241974, 0.219241974, 9.93376801e-006, 0.975670516, 1.6718371e-005, -1, 6.4247092e-006, 0.975670386, 1.3912353e-005, -0.219242556, 0.219242555, 2.07273548e-005, 0.975670386, 1.81181891e-005, -1, 1.71728864e-005, 0, 0, 0, 0, 0, 0, 0, 0.401793359, -0.180023169, -0.141554175, -0.645291568, 0.386765615, -0.658792387, -0.696411133, -0.652099609, 0.299316406, -0.313806307, 0.651867805, 0.690291824, 0, 0, 0, 0, 0, 0, 0, 0.391549658, -0.119456348, -0.110882275, -0.400487489, 0.22352059, -0.88857436, 0.0712890625, -0.959106445, -0.2734375, -0.913443429, -0.172895375, 0.368242403, 0, 3, 5, 1, 
805.18445, 67, 0.1, 0.1, 0.0218772211, 0.367433577, -0.0199700396, 0.975671126, -1.41452548e-005, -0.219239263, 0.219239263, 6.15133236e-006, 0.975671126, -1.24525031e-005, -1, 9.10287261e-006, 0.975671008, -2.01270937e-005, -0.219239785, 0.219239785, -1.49193688e-005, 0.975671008, -2.29083411e-005, -1, -1.01437359e-005, 0, 0, 0, 0, 0, 0, 0, 0.401763086, -0.180297412, -0.140292456, -0.645291568, 0.386765615, -0.658792387, -0.696411133, -0.652099609, 0.299316406, -0.313806307, 0.651867805, 0.690291824, 0, 0, 0, 0, 0, 0, 0, 0.39149668, -0.120041357, -0.109706006, -0.401375579, 0.224721846, -0.887922509, 0.0704345703, -0.958862305, -0.274536133, -0.913168543, -0.172646375, 0.369047372, 0, 3, 5, 1, 
805.185144, 67, 0.1, 0.1, 0.0218772221, 0.367433578, -0.0199694789, 0.975671728, -7.50122709e-006, -0.219236583, 0.219236583, -2.24005556e-005, 0.975671728, -1.22297565e-005, -1, -2.02110454e-005, 0.975671607, 8.87995756e-006, -0.219237123, 0.219237123, -9.89714868e-006, 0.975671607, 6.49410006e-006, -1, -1.16031833e-005, 0, 0, 0, 0, 0, 0, 0, 0.401763086, -0.180297412, -0.140292456, -0.645291568, 0.386765615, -0.658792387, -0.696411133, -0.652099609, 0.299316406, -0.313806307, 0.651867805, 0.690291824, 0, 0, 0, 0, 0, 0, 0, 0.39149668, -0.120041357, -0.109706006, -0.401375579, 0.224721846, -0.887922509, 0.0704345703, -0.958862305, -0.274536133, -0.913168543, -0.172646375, 0.369047372, 0, 3, 5, 1, 
805.185842, 67, 0.1, 0.1, 0.0218772212, 0.36743358, -0.019969014, 0.97567233, 1.80647389e-005, -0.219233902, 0.219233901, 2.36444399e-005, 0.97567233, 2.28089287e-005, -1, 1.91088226e-005, 0.975672205, 7.5417204e-006, -0.21923446, 0.21923446, 2.24784581e-005, 0.975672205, 1.22862996e-005, -1, 2.02782018e-005, 0, 0, 0, 0, 0, 0, 0, 0.401763086, -0.180297412, -0.140292456, -0.645291568, 0.386765615, -0.658792387, -0.696411133, -0.652099609, 0.299316406, -0.313806307, 0.651867805, 0.690291824, 0, 0, 0, 0, 0, 0, 0, 0.39149668, -0.120041357, -0.109706006, -0.401375579, 0.224721846, -0.887922509, 0.0704345703, -0.958862305, -0.274536133, -0.913168543, -0.172646375, 0.369047372, 0, 3, 5, 1, 
805.186545, 67, 0.1, 0.1, 0.0218772212, 0.367433578, -0.0199686104, 0.975672939, -1.38431228e-005, -0.219231191, 0.219231191, -1.10171658e-005, 0.975672939, -1.59216667e-005, -1, -7.7143062e-006, 0.97567282, -1.2121704e-005, -0.219231724, 0.219231723, -2.23804382e-005, 0.97567282, -1.67333192e-005, -1, -1.91785232e-005, 0, 0, 0, 0, 0, 0, 0, 0.401763086, -0.180297412, -0.140292456, -0.645291568, 0.386765615, -0.658792387, -0.696411133, -0.652099609, 0.299316406, -0.313806307, 0.651867805, 0.690291824, 0, 0, 0, 0, 0, 0, 0, 0.39149668, -0.120041357, -0.109706006, -0.401375579, 0.224721846, -0.887922509, 0.0704345703, -0.958862305, -0.274536133, -0.913168543, -0.172646375, 0.369047372, 0, 3, 5, 1, 
805.187239, 67, 0.1, 0.1, 0.0218772231, 0.367433582, -0.0199685564, 0.975673541, 1.3162316e-005, -0.219228515, 0.219228515, -4.44227398e-006, 0.975673541, 1.18682503e-005, -1, -7.21976417e-006, 0.975673423, 1.98865714e-005, -0.219229037, 0.219229036, 1.67525177e-005, 0.975673424, 2.30754375e-005, -1, 1.19852724e-005, 0, 0, 0, 0, 0, 0, 0, 0.401763086, -0.180297412, -0.140292456, -0.645291568, 0.386765615, -0.658792387, -0.696411133, -0.652099609, 0.299316406, -0.313806307, 0.651867805, 0.690291824, 0, 0, 0, 0, 0, 0, 0, 0.39149668, -0.120041357, -0.109706006, -0.401375579, 0.224721846, -0.887922509, 0.0704345703, -0.958862305, -0.274536133, -0.913168543, -0.172646375, 0.369047372, 0, 3, 5, 1, 
805.18793, 67, 0.1, 0.1, 0.0218772211, 0.367433582, -0.019968876, 0.975674145, 4.87960608e-006, -0.219225827, 0.219225826, 2.61467003e-005, 0.975674145, 1.04929375e-005, -1, 2.44409238e-005, 0.975674023, -1.17887223e-005, -0.219226368, 0.219226368, 1.32342285e-005, 0.975674023, -8.60065824e-006, -1, 1.54966917e-005, 0, 0, 0, 0, 0, 0, 0, 0.401763086, -0.180297412, -0.140292456, -0.645291568, 0.386765615, -0.658792387, -0.696411133, -0.652099609, 0.299316406, -0.313806307, 0.651867805, 0.690291824, 0, 0, 0, 0, 0, 0, 0, 0.39149668, -0.120041357, -0.109706006, -0.401375579, 0.224721846, -0.887922509, 0.0704345703, -0.958862305, -0.274536133, -0.913168543, -0.172646375, 0.369047372, 0, 3, 5, 1, 
805.18866, 67, 0.1, 0.1, 0.0218772212, 0.367433582, -0.0199692787, 0.975674783, -1.96284711e-005, -0.219222985, 0.219222985, -2.34572947e-005, 0.975674783, -2.42933825e-005, -1, -1.85836789e-005, 0.975674649, -9.51074947e-006, -0.219223581, 0.21922358, -2.18620281e-005, 0.975674649, -1.40720692e-005, -1, -1.92452461e-005, 0, 0, 0, 0, 0, 0, 0, 0.401755762, -0.180985669, -0.139025977, -0.645733402, 0.390757444, -0.655980023, -0.698242187, -0.649658203, 0.300292969, -0.30879265, 0.652100705, 0.69244182, 0, 0, 0, 0, 0, 0, 0, 0.39149668, -0.120041357, -0.109706006, -0.401618382, 0.226344909, -0.88735378, 0.0688476563, -0.958618164, -0.275634766, -0.913194062, -0.171739328, 0.369475376, 0, 3, 5, 1, 
805.189354, 67, 0.1, 0.1, 0.0218772209, 0.367433585, -0.0199694669, 0.975675392, 1.58034937e-005, -0.219220276, 0.219220276, 1.01610123e-005, 0.975675392, 1.76465798e-005, -1, 6.44940342e-006, 0.97567527, 1.32490246e-005, -0.219220818, 0.219220818, 2.10480476e-005, 0.97567527, 1.75409159e-005, -1, 1.76315975e-005, 0, 0, 0, 0, 0, 0, 0, 0.401755762, -0.180985669, -0.139025977, -0.645733402, 0.390757444, -0.655980023, -0.698242187, -0.649658203, 0.300292969, -0.30879265, 0.652100705, 0.69244182, 0, 0, 0, 0, 0, 0, 0, 0.391256836, -0.121031104, -0.108543164, -0.401618382, 0.226344909, -0.88735378, 0.0688476563, -0.958618164, -0.275634766, -0.913194062, -0.171739328, 0.369475376, 0, 3, 5, 1, 
805.190045, 67, 0.1, 0.1, 0.0218772195, 0.367433582, -0.0199697382, 0.975675997, -8.17388577e-006, -0.219217584, 0.219217584, 5.33847826e-006, 0.975675997, -6.80477584e-006, -1, 7.00048459e-006, 0.975675877, -1.45679018e-005, -0.219218118, 0.219218117, -1.58862133e-005, 0.975675877, -1.76960961e-005, -1, -1.2306247e-005, 0, 0, 0, 0, 0, 0, 0, 0.401755762, -0.180985669, -0.139025977, -0.645733402, 0.390757444, -0.655980023, -0.698242187, -0.649658203, 0.300292969, -0.30879265, 0.652100705, 0.69244182, 0, 0, 0, 0, 0, 0, 0, 0.391256836, -0.121031104, -0.108543164, -0.401618382, 0.226344909, -0.88735378, 0.0688476563, -0.958618164, -0.275634766, -0.913194062, -0.171739328, 0.369475376, 0, 3, 5, 1, 
805.190731, 67, 0.1, 0.1, 0.0218772216, 0.367433583, -0.0199700527, 0.975676597, -2.11925417e-006, -0.219214913, 0.219214912, -2.24680906e-005, 0.975676597, -6.99304722e-006, -1, -2.14570181e-005, 0.975676477, 1.42067983e-005, -0.219215446, 0.219215447, -1.03748553e-005, 0.975676477, 1.15869104e-005, -1, -1.32368519e-005, 0, 0, 0, 0, 0, 0, 0, 0.401755762, -0.180985669, -0.139025977, -0.645733402, 0.390757444, -0.655980023, -0.698242187, -0.649658203, 0.300292969, -0.30879265, 0.652100705, 0.69244182, 0, 0, 0, 0, 0, 0, 0, 0.391256836, -0.121031104, -0.108543164, -0.401618382, 0.226344909, -0.88735378, 0.0688476563, -0.958618164, -0.275634766, -0.913194062, -0.171739328, 0.369475376, 0, 3, 5, 1, 
805.191427, 67, 0.1, 0.1, 0.0218772211, 0.367433585, -0.0199702732, 0.975677204, 1.66527109e-005, -0.219212211, 0.21921221, 2.35458634e-005, 0.975677204, 2.14092111e-005, -1, 1.93226846e-005, 0.975677083, 8.04887529e-006, -0.219212748, 0.219212747, 2.21116445e-005, 0.975677083, 1.27002575e-005, -1, 1.98094088e-005, 0, 0, 0, 0, 0, 0, 0, 0.401755762, -0.180985669, -0.139025977, -0.645733402, 0.390757444, -0.655980023, -0.698242187, -0.649658203, 0.300292969, -0.30879265, 0.652100705, 0.69244182, 0, 0, 0, 0, 0, 0, 0, 0.391256836, -0.121031104, -0.108543164, -0.401618382, 0.226344909, -0.88735378, 0.0688476563, -0.958618164, -0.275634766, -0.913194062, -0.171739328, 0.369475376, 0, 3, 5, 1, 
805.192119, 67, 0.1, 0.1, 0.0218772204, 0.367433584, -0.0199703146, 0.975677801, -1.79124398e-005, -0.219209552, 0.219209551, -9.08848262e-006, 0.975677802, -1.94690521e-005, -1, -4.94085284e-006, 0.975677684, -1.5932624e-005, -0.219210073, 0.219210073, -1.91443126e-005, 0.975677684, -1.97417319e-005, -1, -1.51860869e-005, 0, 0, 0, 0, 0, 0, 0, 0.401755762, -0.180985669, -0.139025977, -0.645733402, 0.390757444, -0.655980023, -0.698242187, -0.649658203, 0.300292969, -0.30879265, 0.652100705, 0.69244182, 0, 0, 0, 0, 0, 0, 0, 0.391256836, -0.121031104, -0.108543164, -0.401618382, 0.226344909, -0.88735378, 0.0688476563, -0.958618164, -0.275634766, -0.913194062, -0.171739328, 0.369475376, 0, 3, 5, 1, 
