time, trialNum, realDorsalTactorPos, realVentralTactorPos, box1PosX, box1PosY, box1PosZ, box1LocalRot_11, box1LocalRot_12, box1LocalRot_13, box1LocalRot_21, box1LocalRot_22, box1LocalRot_23, box1LocalRot_31, box1LocalRot_32, box1LocalRot_33, box1GlobalRot_11, box1GlobalRot_12, box1GlobalRot_13, box1GlobalRot_21, box1GlobalRot_22, box1GlobalRot_23, box1GlobalRot_31, box1GlobalRot_32, box1GlobalRot_33, indexForceX, indexForceY, indexForceZ, indexForceGlobalX, indexForceGlobalY, indexForceGlobalZ, indexContact, indexPosX, indexPosY, indexPosZ, indexRot_11, indexRot_12, indexRot_13, indexRot_21, indexRot_22, indexRot_23, indexRot_31, indexRot_32, indexRot_33, thumbForceX, thumbForceY, thumbForceZ, thumbForceGlobalX, thumbForceGlobalY, thumbForceGlobalZ, thumbContact, thumbPosX, thumbPosY, thumbPosZ, thumbRot_11, thumbRot_12, thumbRot_13, thumbRot_21, thumbRot_22, thumbRot_23, thumbRot_31, thumbRot_32, thumbRot_33, manipForceTooHigh, cceExpType, mapping, trialSuccess, 
915.940351, 65, 0.1, 0.1, 0.00164198128, 0.365562777, -0.019968905, 0.862103124, -0.506732864, -9.27625198e-005, 0.506732868, 0.862103126, 2.22567377e-005, 6.86926379e-005, -6.61934208e-005, 0.999999995, 0.862102937, -0.506733185, -7.09786081e-005, 0.506733185, 0.86210294, -1.39704985e-005, 6.82701819e-005, -2.39232084e-005, 0.999999997, 0, 0, 0, 0, 0, 0, 0, 0.21000332, -0.0512169922, -0.212489185, 0.0816081623, 0.680470079, -0.728117127, -0.916259766, 0.338623047, 0.213623047, 0.391961714, 0.649842685, 0.651340643, 0, 0, -0, 0, 0, 0, 0, 0.262986719, -0.00762744141, -0.185562891, -0.00951207871, 0.440904474, -0.897377296, 0.265014648, -0.864135742, -0.427490234, -0.964039062, -0.241858955, -0.108556309, 0, 3, 5, 1, 
915.991465, 65, 0.1, 0.1, 0.00164198829, 0.365562757, -0.0199663638, 0.862122884, -0.506699252, -2.62812954e-005, 0.506699252, 0.862122884, -5.97301514e-006, 2.56842285e-005, -8.16723968e-006, 1, 0.86212288, -0.506699259, -1.90223451e-005, 0.506699259, 0.86212288, -2.23483437e-005, 2.77234881e-005, 9.62841033e-006, 1, 0, 0, 0, 0, 0, 0, 0, 0.226578491, -0.0707581055, -0.202709546, 0.0533830451, 0.695460875, -0.716435574, -0.927124023, 0.30078125, 0.222900391, 0.370601419, 0.652412053, 0.661108108, 0, 0, -0, 0, 0, 0, 0, 0.2773271, -0.0257205566, -0.175436328, -0.0440509992, 0.426109834, -0.9034645, 0.313842773, -0.852661133, -0.417480469, -0.948398643, -0.301962207, -0.0961853724, 0, 3, 5, 1, 
915.992247, 65, 0.1, 0.1, 0.00164198505, 0.365562757, -0.0199650199, 0.862123055, -0.506698961, 1.4567181e-005, 0.506698961, 0.862123055, -3.43633234e-006, -1.08175165e-005, 1.03437168e-005, 1, 0.862123008, -0.50669904, 2.9797906e-005, 0.506699041, 0.862123009, -2.1480896e-006, -2.46010254e-005, 1.69504878e-005, 1, 0, 0, 0, 0, 0, 0, 0, 0.226578491, -0.0707581055, -0.202709546, 0.0533830451, 0.695460875, -0.716435574, -0.927124023, 0.30078125, 0.222900391, 0.370601419, 0.652412053, 0.661108108, 0, 0, -0, 0, 0, 0, 0, 0.2773271, -0.0257205566, -0.175436328, -0.0440509992, 0.426109834, -0.9034645, 0.313842773, -0.852661133, -0.417480469, -0.948398643, -0.301962207, -0.0961853724, 0, 3, 5, 1, 
915.993028, 65, 0.1, 0.1, 0.00164198729, 0.365562759, -0.0199640602, 0.862123247, -0.506698635, 2.04848421e-005, 0.506698636, 0.862123247, -6.49845367e-006, -1.43677009e-005, 1.59821095e-005, 1, 0.862123228, -0.506698667, -4.649256e-006, 0.506698667, 0.862123228, -1.52093127e-005, 1.17147701e-005, 1.075653e-005, 1, 0, 0, 0, 0, 0, 0, 0, 0.226578491, -0.0707581055, -0.202709546, 0.0533830451, 0.695460875, -0.716435574, -0.927124023, 0.30078125, 0.222900391, 0.370601419, 0.652412053, 0.661108108, 0, 0, -0, 0, 0, 0, 0, 0.2773271, -0.0257205566, -0.175436328, -0.0440509992, 0.426109834, -0.9034645, 0.313842773, -0.852661133, -0.417480469, -0.948398643, -0.301962207, -0.0961853724, 0, 3, 5, 1, 
915.993825, 65, 0.1, 0.1, 0.00164198647, 0.365562758, -0.0199636384, 0.862123164, -0.506698777, -1.83642301e-005, 0.506698777, 0.862123164, -2.03833156e-005, 2.61604292e-005, 8.26779563e-006, 1, 0.862123206, -0.506698704, -1.80774786e-005, 0.506698704, 0.862123206, 2.08568635e-006, 1.45281993e-005, -1.09579536e-005, 1, 0, 0, 0, 0, 0, 0, 0, 0.226578491, -0.0707581055, -0.202709546, 0.0533830451, 0.695460875, -0.716435574, -0.927124023, 0.30078125, 0.222900391, 0.370601419, 0.652412053, 0.661108108, 0, 0, -0, 0, 0, 0, 0, 0.278155859, -0.0269825195, -0.174574854, -0.0454053732, 0.42499753, -0.903962866, 0.317016602, -0.851928711, -0.416503906, -0.947190824, -0.305393168, -0.0961150101, 0, 3, 5, 1, 
915.994607, 65, 0.1, 0.1, 0.00164198478, 0.365562757, -0.0199638945, 0.862122926, -0.506699182, 2.02770695e-005, 0.506699181, 0.862122926, 2.47459067e-005, -3.00200572e-005, -1.10596389e-005, 0.999999999, 0.862122968, -0.506699109, 1.75730005e-005, 0.506699109, 0.862122968, 3.07287314e-005, -3.07203082e-005, -1.75877214e-005, 0.999999999, 0, 0, 0, 0, 0, 0, 0, 0.226578491, -0.0707581055, -0.202709546, 0.0533830451, 0.695460875, -0.716435574, -0.927124023, 0.30078125, 0.222900391, 0.370601419, 0.652412053, 0.661108108, 0, 0, -0, 0, 0, 0, 0, 0.278155859, -0.0269825195, -0.174574854, -0.0454053732, 0.42499753, -0.903962866, 0.317016602, -0.851928711, -0.416503906, -0.947190824, -0.305393168, -0.0961150101, 0, 3, 5, 1, 
915.995396, 65, 0.1, 0.1, 0.00164198623, 0.365562759, -0.019964664, 0.862122869, -0.506699278, -1.67411736e-005, 0.506699278, 0.862122869, 1.17965534e-005, 8.45564355e-006, -1.8652819e-005, 1, 0.862122857, -0.506699299, -2.52170229e-005, 0.506699299, 0.862122857, -3.2264873e-007, 2.19036577e-005, -1.2499285e-005, 1, 0, 0, 0, 0, 0, 0, 0, 0.226578491, -0.0707581055, -0.202709546, 0.0533830451, 0.695460875, -0.716435574, -0.927124023, 0.30078125, 0.222900391, 0.370601419, 0.652412053, 0.661108108, 0, 0, -0, 0, 0, 0, 0, 0.278155859, -0.0269825195, -0.174574854, -0.0454053732, 0.42499753, -0.903962866, 0.317016602, -0.851928711, -0.416503906, -0.947190824, -0.305393168, -0.0961150101, 0, 3, 5, 1, 
915.996197, 65, 0.1, 0.1, 0.00164198269, 0.365562758, -0.0199655963, 0.862123076, -0.506698926, -1.63495766e-005, 0.506698926, 0.862123076, 2.98512365e-006, 1.25827884e-005, -1.08578569e-005, 1, 0.862123026, -0.506699011, 1.51844963e-005, 0.506699011, 0.862123026, 4.44221637e-007, -1.33159905e-005, 7.31099553e-006, 1, 0, 0, 0, 0, 0, 0, 0, 0.227554688, -0.0716227539, -0.201584546, 0.0508178068, 0.695931162, -0.716276814, -0.928466797, 0.29699707, 0.22265625, 0.36767073, 0.65382067, 0.661330147, 0, 0, -0, 0, 0, 0, 0, 0.278155859, -0.0269825195, -0.174574854, -0.0454053732, 0.42499753, -0.903962866, 0.317016602, -0.851928711, -0.416503906, -0.947190824, -0.305393168, -0.0961150101, 0, 3, 5, 1, 
915.996979, 65, 0.1, 0.1, 0.00164198357, 0.365562759, -0.0199664777, 0.862123224, -0.506698674, 2.15611773e-005, 0.506698674, 0.862123224, 7.0810186e-006, -2.21763344e-005, 4.82030937e-006, 1, 0.862123216, -0.506698689, 1.54313646e-005, 0.506698689, 0.862123216, -4.58679601e-006, -1.09796142e-005, 1.17734355e-005, 1, 0, 0, 0, 0, 0, 0, 0, 0.227554688, -0.0716227539, -0.201584546, 0.0508178068, 0.695931162, -0.716276814, -0.928466797, 0.29699707, 0.22265625, 0.36767073, 0.65382067, 0.661330147, 0, 0, -0, 0, 0, 0, 0, 0.278155859, -0.0269825195, -0.174574854, -0.0454053732, 0.42499753, -0.903962866, 0.317016602, -0.851928711, -0.416503906, -0.947190824, -0.305393168, -0.0961150101, 0, 3, 5, 1, 
915.997761, 65, 0.1, 0.1, 0.00164198539, 0.365562759, -0.0199671011, 0.862123115, -0.50669886, -1.67654912e-005, 0.50669886, 0.862123115, -2.18549901e-005, 2.55278161e-005, 1.03466369e-005, 1, 0.862123154, -0.506698793, -2.07597267e-005, 0.506698792, 0.862123154, -1.77493373e-005, 2.68910089e-005, 4.78318618e-006, 1, 0, 0, 0, 0, 0, 0, 0, 0.227554688, -0.0716227539, -0.201584546, 0.0508178068, 0.695931162, -0.716276814, -0.928466797, 0.29699707, 0.22265625, 0.36767073, 0.65382067, 0.661330147, 0, 0, -0, 0, 0, 0, 0, 0.278155859, -0.0269825195, -0.174574854, -0.0454053732, 0.42499753, -0.903962866, 0.317016602, -0.851928711, -0.416503906, -0.947190824, -0.305393168, -0.0961150101, 0, 3, 5, 1, 
915.998573, 65, 0.1, 0.1, 0.00164198312, 0.365562757, -0.0199669596, 0.862122911, -0.506699207, 1.42156289e-005, 0.506699207, 0.862122911, 2.62387724e-006, -1.35851359e-005, 4.94094321e-006, 1, 0.862122943, -0.506699153, 1.62543752e-005, 0.506699152, 0.862122943, 2.44282424e-005, -2.63910395e-005, -1.28240701e-005, 1, 0, 0, 0, 0, 0, 0, 0, 0.22870542, -0.0722397461, -0.200427075, 0.0473572999, 0.696883719, -0.715521209, -0.930175781, 0.291625977, 0.22253418, 0.363769511, 0.655152903, 0.662199206, 0, 0, -0, 0, 0, 0, 0, 0.279128516, -0.0273759277, -0.173686768, -0.0481844836, 0.424434265, -0.904109787, 0.322509766, -0.849975586, -0.416259766, -0.945273551, -0.311712248, -0.0958849667, 0, 3, 5, 1, 
915.999357, 65, 0.1, 0.1, 0.00164198493, 0.365562757, -0.0199663303, 0.862122934, -0.506699167, 1.00371404e-005, 0.506699167, 0.862122934, 1.74067276e-005, -1.74732233e-005, -9.92092845e-006, 1, 0.862122911, -0.506699207, -1.48144955e-005, 0.506699207, 0.862122911, 1.15345847e-005, 6.92735107e-006, -1.74507229e-005, 1, 0, 0, 0, 0, 0, 0, 0, 0.22870542, -0.0722397461, -0.200427075, 0.0473572999, 0.696883719, -0.715521209, -0.930175781, 0.291625977, 0.22253418, 0.363769511, 0.655152903, 0.662199206, 0, 0, -0, 0, 0, 0, 0, 0.279128516, -0.0273759277, -0.173686768, -0.0481844836, 0.424434265, -0.904109787, 0.322509766, -0.849975586, -0.416259766, -0.945273551, -0.311712248, -0.0958849667, 0, 3, 5, 1, 
916.000139, 65, 0.1, 0.1, 0.00164198301, 0.365562758, -0.019965577, 0.862123159, -0.506698784, -2.769e-005, 0.506698784, 0.86212316, -1.5484471e-006, 2.46567866e-005, -1.26955372e-005, 1, 0.862123115, -0.506698859, -1.46636013e-005, 0.506698859, 0.862123115, 4.18452168e-007, 1.24298004e-005, -7.79078733e-006, 1, 0, 0, 0, 0, 0, 0, 0, 0.22870542, -0.0722397461, -0.200427075, 0.0473572999, 0.696883719, -0.715521209, -0.930175781, 0.291625977, 0.22253418, 0.363769511, 0.655152903, 0.662199206, 0, 0, -0, 0, 0, 0, 0, 0.279128516, -0.0273759277, -0.173686768, -0.0481844836, 0.424434265, -0.904109787, 0.322509766, -0.849975586, -0.416259766, -0.945273551, -0.311712248, -0.0958849667, 0, 3, 5, 1, 
916.000924, 65, 0.1, 0.1, 0.0016419809, 0.365562759, -0.0199649469, 0.86212326, -0.506698613, 1.64988069e-005, 0.506698613, 0.86212326, 1.84343789e-005, -2.35646794e-005, -7.53278432e-006, 1, 0.862123262, -0.506698609, 2.75949955e-005, 0.506698609, 0.862123263, 3.24747069e-006, -2.54357764e-005, 1.11826258e-005, 1, 0, 0, 0, 0, 0, 0, 0, 0.22870542, -0.0722397461, -0.200427075, 0.0473572999, 0.696883719, -0.715521209, -0.930175781, 0.291625977, 0.22253418, 0.363769511, 0.655152903, 0.662199206, 0, 0, -0, 0, 0, 0, 0, 0.279128516, -0.0273759277, -0.173686768, -0.0481844836, 0.424434265, -0.904109787, 0.322509766, -0.849975586, -0.416259766, -0.945273551, -0.311712248, -0.0958849667, 0, 3, 5, 1, 
916.001706, 65, 0.1, 0.1, 0.00164198306, 0.365562762, -0.0199646737, 0.862123093, -0.506698897, -6.1905429e-006, 0.506698897, 0.862123093, -1.5785539e-005, 1.33355252e-005, 1.04723365e-005, 1, 0.862123138, -0.50669882, -1.47745946e-005, 0.506698819, 0.862123138, -2.85903707e-005, 2.72242269e-005, 1.71621505e-005, 0.999999999, 0, 0, 0, 0, 0, 0, 0, 0.22870542, -0.0722397461, -0.200427075, 0.0473572999, 0.696883719, -0.715521209, -0.930175781, 0.291625977, 0.22253418, 0.363769511, 0.655152903, 0.662199206, 0, 0, -0, 0, 0, 0, 0, 0.279128516, -0.0273759277, -0.173686768, -0.0481844836, 0.424434265, -0.904109787, 0.322509766, -0.849975586, -0.416259766, -0.945273551, -0.311712248, -0.0958849667, 0, 3, 5, 1, 
916.002487, 65, 0.1, 0.1, 0.00164198052, 0.365562761, -0.0199647965, 0.862122904, -0.506699219, -4.45125168e-006, 0.506699219, 0.862122904, -1.97367146e-005, 1.38381039e-005, 1.4760028e-005, 1, 0.862122922, -0.506699188, 1.46640692e-005, 0.506699188, 0.862122922, -2.62843596e-006, -1.13104038e-005, 9.69630685e-006, 1, 0, 0, 0, 0, 0, 0, 0, 0.22870542, -0.0722397461, -0.200427075, 0.0473572999, 0.696883719, -0.715521209, -0.930175781, 0.291625977, 0.22253418, 0.363769511, 0.655152903, 0.662199206, 0, 0, -0, 0, 0, 0, 0, 0.279128516, -0.0273759277, -0.173686768, -0.0481844836, 0.424434265, -0.904109787, 0.322509766, -0.849975586, -0.416259766, -0.945273551, -0.311712248, -0.0958849667, 0, 3, 5, 1, 
916.0033, 65, 0.1, 0.1, 0.0016419819, 0.365562761, -0.0199649733, 0.862122986, -0.506699079, 2.53782266e-005, 0.506699079, 0.862122986, 9.00192898e-006, -2.64404216e-005, 5.09835416e-006, 1, 0.862122944, -0.50669915, 6.33147776e-006, 0.50669915, 0.862122944, 1.91325514e-005, -1.51529598e-005, -1.32864571e-005, 1, 0, 0, 0, 0, 0, 0, 0, 0.230125293, -0.0730459229, -0.199903442, 0.0446845987, 0.698590759, -0.714086383, -0.931152344, 0.287963867, 0.223388672, 0.361720987, 0.655006127, 0.663455056, 0, 0, -0, 0, 0, 0, 0, 0.279808105, -0.0276509277, -0.17339834, -0.0519092871, 0.425187461, -0.903496216, 0.326293945, -0.84777832, -0.417724609, -0.94370116, -0.316542792, -0.0947157934, 0, 3, 5, 1, 
916.004091, 65, 0.1, 0.1, 0.00164198378, 0.365562761, -0.0199652237, 0.862123221, -0.506698678, -3.09773646e-005, 0.506698678, 0.862123222, -2.47457414e-006, 2.79601688e-005, -1.35628019e-005, 1, 0.862123179, -0.506698749, -3.50702452e-005, 0.50669875, 0.86212318, 2.70456938e-006, 2.88644694e-005, -2.01017214e-005, 0.999999999, 0, 0, 0, 0, 0, 0, 0, 0.230125293, -0.0730459229, -0.199903442, 0.0446845987, 0.698590759, -0.714086383, -0.931152344, 0.287963867, 0.223388672, 0.361720987, 0.655006127, 0.663455056, 0, 0, -0, 0, 0, 0, 0, 0.279808105, -0.0276509277, -0.17339834, -0.0519092871, 0.425187461, -0.903496216, 0.326293945, -0.84777832, -0.417724609, -0.94370116, -0.316542792, -0.0947157934, 0, 3, 5, 1, 
916.004876, 65, 0.1, 0.1, 0.00164198188, 0.36556276, -0.0199655816, 0.862123278, -0.506698582, -3.10801924e-006, 0.506698582, 0.862123278, 2.12547816e-005, -8.09027195e-006, -1.98990709e-005, 1, 0.862123289, -0.506698563, 1.12283475e-005, 0.506698563, 0.862123289, 2.34069593e-005, -2.15404926e-005, -1.44902972e-005, 1, 0, 0, 0, 0, 0, 0, 0, 0.230125293, -0.0730459229, -0.199903442, 0.0446845987, 0.698590759, -0.714086383, -0.931152344, 0.287963867, 0.223388672, 0.361720987, 0.655006127, 0.663455056, 0, 0, -0, 0, 0, 0, 0, 0.279808105, -0.0276509277, -0.17339834, -0.0519092871, 0.425187461, -0.903496216, 0.326293945, -0.84777832, -0.417724609, -0.94370116, -0.316542792, -0.0947157934, 0, 3, 5, 1, 
916.005658, 65, 0.1, 0.1, 0.00164198429, 0.365562762, -0.0199659762, 0.862123091, -0.506698901, 5.20412992e-006, 0.506698901, 0.862123091, 1.56894471e-005, -1.24364262e-005, -1.08893077e-005, 1, 0.862123137, -0.506698822, -7.74144974e-006, 0.506698822, 0.862123137, -1.18684307e-005, 1.26878028e-005, 6.30946528e-006, 1, 0, 0, 0, 0, 0, 0, 0, 0.230125293, -0.0730459229, -0.199903442, 0.0446845987, 0.698590759, -0.714086383, -0.931152344, 0.287963867, 0.223388672, 0.361720987, 0.655006127, 0.663455056, 0, 0, -0, 0, 0, 0, 0, 0.279808105, -0.0276509277, -0.17339834, -0.0519092871, 0.425187461, -0.903496216, 0.326293945, -0.84777832, -0.417724609, -0.94370116, -0.316542792, -0.0947157934, 0, 3, 5, 1, 
916.006448, 65, 0.1, 0.1, 0.0016419828, 0.365562762, -0.0199662347, 0.862122956, -0.50669913, -1.66057605e-005, 0.50669913, 0.862122956, -1.86704061e-005, 2.37764859e-005, 7.68206129e-006, 1, 0.862122961, -0.506699121, -3.46148045e-006, 0.506699121, 0.862122961, -1.8664067e-005, 1.24412881e-005, 1.43367916e-005, 1, 0, 0, 0, 0, 0, 0, 0, 0.230125293, -0.0730459229, -0.199903442, 0.0446845987, 0.698590759, -0.714086383, -0.931152344, 0.287963867, 0.223388672, 0.361720987, 0.655006127, 0.663455056, 0, 0, -0, 0, 0, 0, 0, 0.279808105, -0.0276509277, -0.17339834, -0.0519092871, 0.425187461, -0.903496216, 0.326293945, -0.84777832, -0.417724609, -0.94370116, -0.316542792, -0.0947157934, 0, 3, 5, 1, 
916.007231, 65, 0.1, 0.1, 0.00164198137, 0.365562762, -0.0199663174, 0.862123082, -0.506698916, 2.8899934e-005, 0.506698916, 0.862123082, -1.65559116e-007, -2.48314116e-005, 1.47862976e-005, 1, 0.862123039, -0.506698989, 2.72439025e-005, 0.506698989, 0.862123039, 5.53121629e-006, -2.62902577e-005, 9.03586885e-006, 1, 0, 0, 0, 0, 0, 0, 0, 0.230125293, -0.0730459229, -0.199903442, 0.0446845987, 0.698590759, -0.714086383, -0.931152344, 0.287963867, 0.223388672, 0.361720987, 0.655006127, 0.663455056, 0, 0, -0, 0, 0, 0, 0, 0.279808105, -0.0276509277, -0.17339834, -0.0519092871, 0.425187461, -0.903496216, 0.326293945, -0.84777832, -0.417724609, -0.94370116, -0.316542792, -0.0947157934, 0, 3, 5, 1, 
916.008046, 65, 0.1, 0.1, 0.00164198415, 0.365562763, -0.0199659861, 0.862123304, -0.506698539, -5.73486472e-006, 0.506698539, 0.862123304, -1.52495375e-005, 1.26710789e-005, 1.02411341e-005, 1, 0.862123268, -0.506698599, -2.61478124e-005, 0.506698599, 0.862123268, -6.64871337e-006, 2.59115312e-005, -7.5170494e-006, 1, 0, 0, 0, 0, 0, 0, 0, 0.231589966, -0.0741391846, -0.198998999, 0.042919149, 0.698984661, -0.713889431, -0.932250977, 0.284912109, 0.222900391, 0.359157992, 0.655932474, 0.663918229, 0, 0, -0, 0, 0, 0, 0, 0.281010352, -0.0282036133, -0.172943311, -0.0543690354, 0.424880125, -0.903560015, 0.329711914, -0.846435547, -0.41784668, -0.942486778, -0.320625604, -0.0941087854, 0, 3, 5, 1, 
916.008832, 65, 0.1, 0.1, 0.0016419819, 0.365562762, -0.0199653803, 0.862123286, -0.506698569, -1.75738952e-005, 0.506698569, 0.862123286, 1.14721437e-007, 1.50927351e-005, -9.00357159e-006, 1, 0.86212331, -0.506698528, 4.08724571e-007, 0.506698528, 0.86212331, 1.87134522e-005, -9.83444964e-006, -1.59262032e-005, 1, 0, 0, 0, 0, 0, 0, 0, 0.231589966, -0.0741391846, -0.198998999, 0.042919149, 0.698984661, -0.713889431, -0.932250977, 0.284912109, 0.222900391, 0.359157992, 0.655932474, 0.663918229, 0, 0, -0, 0, 0, 0, 0, 0.281010352, -0.0282036133, -0.172943311, -0.0543690354, 0.424880125, -0.903560015, 0.329711914, -0.846435547, -0.41784668, -0.942486778, -0.320625604, -0.0941087854, 0, 3, 5, 1, 
916.009612, 65, 0.1, 0.1, 0.00164198211, 0.365562764, -0.0199649751, 0.862123062, -0.50669895, 1.61289857e-005, 0.50669895, 0.862123062, 2.69681817e-005, -2.75699199e-005, -1.50773512e-005, 1, 0.862123106, -0.506698875, 8.30032912e-006, 0.506698875, 0.862123106, 1.57537095e-005, -1.51382924e-005, -9.37586957e-006, 1, 0, 0, 0, 0, 0, 0, 0, 0.231589966, -0.0741391846, -0.198998999, 0.042919149, 0.698984661, -0.713889431, -0.932250977, 0.284912109, 0.222900391, 0.359157992, 0.655932474, 0.663918229, 0, 0, -0, 0, 0, 0, 0, 0.281010352, -0.0282036133, -0.172943311, -0.0543690354, 0.424880125, -0.903560015, 0.329711914, -0.846435547, -0.41784668, -0.942486778, -0.320625604, -0.0941087854, 0, 3, 5, 1, 
916.010434, 65, 0.1, 0.1, 0.00164198241, 0.365562765, -0.0199646269, 0.862122962, -0.50669912, -2.71699032e-005, 0.50669912, 0.862122962, -1.85802808e-007, 2.35179436e-005, -1.36067812e-005, 1, 0.862122957, -0.506699129, -1.79753569e-005, 0.506699128, 0.862122957, -1.89500277e-005, 2.50989304e-005, 7.22915627e-006, 1, 0, 0, 0, 0, 0, 0, 0, 0.232644531, -0.0755153809, -0.197924048, 0.0417385621, 0.698191986, -0.714645037, -0.932373047, 0.284057617, 0.223022461, 0.358727019, 0.657170349, 0.66304917, 0, 0, -0, 0, 0, 0, 0, 0.281010352, -0.0282036133, -0.172943311, -0.0557554922, 0.423672306, -0.904064578, 0.330444336, -0.846557617, -0.417114258, -0.94214153, -0.321979978, -0.0928116473, 0, 3, 5, 1, 
916.011216, 65, 0.1, 0.1, 0.00164197946, 0.365562764, -0.0199644253, 0.862123141, -0.506698816, 1.31668683e-005, 0.506698816, 0.862123141, 1.55934688e-006, -1.21415811e-005, 5.32728755e-006, 1, 0.862123092, -0.506698898, 2.88314195e-005, 0.506698898, 0.862123093, 3.18834979e-006, -2.64717659e-005, 1.18600985e-005, 1, 0, 0, 0, 0, 0, 0, 0, 0.232644531, -0.0755153809, -0.197924048, 0.0417385621, 0.698191986, -0.714645037, -0.932373047, 0.284057617, 0.223022461, 0.358727019, 0.657170349, 0.66304917, 0, 0, -0, 0, 0, 0, 0, 0.281818848, -0.0296514648, -0.172279687, -0.0557554922, 0.423672306, -0.904064578, 0.330444336, -0.846557617, -0.417114258, -0.94214153, -0.321979978, -0.0928116473, 0, 3, 5, 1, 
916.012001, 65, 0.1, 0.1, 0.00164198246, 0.365562765, -0.0199646859, 0.862123342, -0.506698474, 1.63743982e-005, 0.506698474, 0.862123342, -3.36961184e-006, -1.24093737e-005, 1.12019036e-005, 1, 0.862123322, -0.506698508, -8.20028681e-006, 0.506698508, 0.862123322, -1.15599145e-005, 1.29270499e-005, 5.8109988e-006, 1, 0, 0, 0, 0, 0, 0, 0, 0.232644531, -0.0755153809, -0.197924048, 0.0417385621, 0.698191986, -0.714645037, -0.932373047, 0.284057617, 0.223022461, 0.358727019, 0.657170349, 0.66304917, 0, 0, -0, 0, 0, 0, 0, 0.281818848, -0.0296514648, -0.172279687, -0.0557554922, 0.423672306, -0.904064578, 0.330444336, -0.846557617, -0.417114258, -0.94214153, -0.321979978, -0.0928116473, 0, 3, 5, 1, 
916.012784, 65, 0.1, 0.1, 0.00164198238, 0.365562764, -0.0199653002, 0.86212328, -0.506698578, -2.04184695e-005, 0.506698578, 0.86212328, -1.97426922e-005, 2.7606832e-005, 6.67462511e-006, 1, 0.862123318, -0.506698514, -1.99540968e-005, 0.506698515, 0.862123318, 2.24924609e-006, 1.60632025e-005, -1.20498387e-005, 1, 0, 0, 0, 0, 0, 0, 0, 0.232644531, -0.0755153809, -0.197924048, 0.0417385621, 0.698191986, -0.714645037, -0.932373047, 0.284057617, 0.223022461, 0.358727019, 0.657170349, 0.66304917, 0, 0, -0, 0, 0, 0, 0, 0.281818848, -0.0296514648, -0.172279687, -0.0557554922, 0.423672306, -0.904064578, 0.330444336, -0.846557617, -0.417114258, -0.94214153, -0.321979978, -0.0928116473, 0, 3, 5, 1, 
916.01357, 65, 0.1, 0.1, 0.00164198148, 0.365562763, -0.0199660156, 0.862123066, -0.506698942, 1.64878303e-005, 0.506698942, 0.862123066, 1.99637179e-005, -2.43301336e-005, -8.85681552e-006, 1, 0.862123104, -0.506698878, 1.3698338e-005, 0.506698877, 0.862123104, 2.60691822e-005, -2.50188791e-005, -1.55339118e-005, 1, 0, 0, 0, 0, 0, 0, 0, 0.232644531, -0.0755153809, -0.197924048, 0.0417385621, 0.698191986, -0.714645037, -0.932373047, 0.284057617, 0.223022461, 0.358727019, 0.657170349, 0.66304917, 0, 0, -0, 0, 0, 0, 0, 0.281818848, -0.0296514648, -0.172279687, -0.0557554922, 0.423672306, -0.904064578, 0.330444336, -0.846557617, -0.417114258, -0.94214153, -0.321979978, -0.0928116473, 0, 3, 5, 1, 
916.014356, 65, 0.1, 0.1, 0.00164198324, 0.365562765, -0.0199665622, 0.862123026, -0.50669901, -1.64120564e-005, 0.50669901, 0.862123026, 7.61754818e-006, 1.02894076e-005, -1.48832364e-005, 1, 0.862123012, -0.506699034, -2.49690251e-005, 0.506699034, 0.862123013, -3.8272654e-006, 2.34656429e-005, -9.35220735e-006, 1, 0, 0, 0, 0, 0, 0, 0, 0.232644531, -0.0755153809, -0.197924048, 0.0417385621, 0.698191986, -0.714645037, -0.932373047, 0.284057617, 0.223022461, 0.358727019, 0.657170349, 0.66304917, 0, 0, -0, 0, 0, 0, 0, 0.281818848, -0.0296514648, -0.172279687, -0.0557554922, 0.423672306, -0.904064578, 0.330444336, -0.846557617, -0.417114258, -0.94214153, -0.321979978, -0.0928116473, 0, 3, 5, 1, 
916.015139, 65, 0.1, 0.1, 0.00164198024, 0.365562765, -0.0199668075, 0.862123223, -0.506698677, -1.64340521e-005, 0.506698677, 0.862123223, -2.53174571e-007, 1.42964612e-005, -8.10884476e-006, 1, 0.862123175, -0.506698757, 1.35093376e-005, 0.506698758, 0.862123175, -2.75139067e-006, -1.02525868e-005, 9.21720223e-006, 1, 0, 0, 0, 0, 0, 0, 0, 0.232644531, -0.0755153809, -0.197924048, 0.0417385621, 0.698191986, -0.714645037, -0.932373047, 0.284057617, 0.223022461, 0.358727019, 0.657170349, 0.66304917, 0, 0, -0, 0, 0, 0, 0, 0.281818848, -0.0296514648, -0.172279687, -0.0557554922, 0.423672306, -0.904064578, 0.330444336, -0.846557617, -0.417114258, -0.94214153, -0.321979978, -0.0928116473, 0, 3, 5, 1, 
916.015951, 65, 0.1, 0.1, 0.0016419811, 0.365562767, -0.0199663412, 0.862123369, -0.506698427, 2.38341068e-005, 0.506698427, 0.862123369, 4.39330112e-006, -2.27740192e-005, 8.28913685e-006, 1, 0.862123363, -0.506698438, 1.75115656e-005, 0.506698438, 0.862123363, -7.47106303e-006, -1.13115539e-005, 1.53140609e-005, 1, 0, 0, 0, 0, 0, 0, 0, 0.233376733, -0.0766323242, -0.197489648, 0.0385405297, 0.698147803, -0.714816901, -0.932250977, 0.282592773, 0.225708008, 0.359604313, 0.657671715, 0.661964063, 0, 0, -0, 0, 0, 0, 0, 0.282420703, -0.0313291504, -0.17139624, -0.0568991459, 0.422330325, -0.904543621, 0.331176758, -0.846679688, -0.416137695, -0.941770762, -0.32322571, -0.0917573124, 0, 3, 5, 1, 
916.016737, 65, 0.1, 0.1, 0.00164198247, 0.365562768, -0.0199657009, 0.862123246, -0.506698636, -1.41520948e-005, 0.506698636, 0.862123246, -2.44410518e-005, 2.45850975e-005, 1.39003518e-005, 1, 0.862123289, -0.506698563, -1.86505133e-005, 0.506698563, 0.862123289, -2.05334334e-005, 2.64833031e-005, 8.25216282e-006, 1, 0, 0, 0, 0, 0, 0, 0, 0.233376733, -0.0766323242, -0.197489648, 0.0385405297, 0.698147803, -0.714816901, -0.932250977, 0.282592773, 0.225708008, 0.359604313, 0.657671715, 0.661964063, 0, 0, -0, 0, 0, 0, 0, 0.282420703, -0.0313291504, -0.17139624, -0.0568991459, 0.422330325, -0.904543621, 0.331176758, -0.846679688, -0.416137695, -0.941770762, -0.32322571, -0.0917573124, 0, 3, 5, 1, 
916.017521, 65, 0.1, 0.1, 0.0016419798, 0.365562766, -0.019965127, 0.862123033, -0.506698999, 1.5783471e-005, 0.506698999, 0.862123033, 9.91258942e-008, -1.36575209e-005, 7.91201023e-006, 1, 0.862123069, -0.506698938, 1.8247271e-005, 0.506698938, 0.862123069, 2.24305302e-005, -2.70969191e-005, -1.00920047e-005, 1, 0, 0, 0, 0, 0, 0, 0, 0.233376733, -0.0766323242, -0.197489648, 0.0385405297, 0.698147803, -0.714816901, -0.932250977, 0.282592773, 0.225708008, 0.359604313, 0.657671715, 0.661964063, 0, 0, -0, 0, 0, 0, 0, 0.282420703, -0.0313291504, -0.17139624, -0.0568991459, 0.422330325, -0.904543621, 0.331176758, -0.846679688, -0.416137695, -0.941770762, -0.32322571, -0.0917573124, 0, 3, 5, 1, 
916.018307, 65, 0.1, 0.1, 0.00164198201, 0.365562767, -0.0199647807, 0.862123053, -0.506698965, 7.98592492e-006, 0.506698965, 0.862123053, 1.91209966e-005, -1.65734392e-005, -1.24381921e-005, 1, 0.862123028, -0.506699007, -1.7381553e-005, 0.506699007, 0.862123028, 1.23301731e-005, 8.73735066e-006, -1.94373419e-005, 1, 0, 0, 0, 0, 0, 0, 0, 0.233376733, -0.0766323242, -0.197489648, 0.0385405297, 0.698147803, -0.714816901, -0.932250977, 0.282592773, 0.225708008, 0.359604313, 0.657671715, 0.661964063, 0, 0, -0, 0, 0, 0, 0, 0.282420703, -0.0313291504, -0.17139624, -0.0568991459, 0.422330325, -0.904543621, 0.331176758, -0.846679688, -0.416137695, -0.941770762, -0.32322571, -0.0917573124, 0, 3, 5, 1, 
916.019089, 65, 0.1, 0.1, 0.00164198084, 0.365562766, -0.0199647917, 0.862123283, -0.506698573, -3.24097518e-005, 0.506698574, 0.862123283, 2.26517759e-006, 2.67934394e-005, -1.83748373e-005, 0.999999999, 0.862123238, -0.50669865, -1.87184107e-005, 0.506698651, 0.862123238, 3.78266723e-006, 1.42209045e-005, -1.27457188e-005, 1, 0, 0, 0, 0, 0, 0, 0, 0.233376733, -0.0766323242, -0.197489648, 0.0385405297, 0.698147803, -0.714816901, -0.932250977, 0.282592773, 0.225708008, 0.359604313, 0.657671715, 0.661964063, 0, 0, -0, 0, 0, 0, 0, 0.282420703, -0.0313291504, -0.17139624, -0.0568991459, 0.422330325, -0.904543621, 0.331176758, -0.846679688, -0.416137695, -0.941770762, -0.32322571, -0.0917573124, 0, 3, 5, 1, 
916.019881, 65, 0.1, 0.1, 0.00164197978, 0.365562766, -0.0199651225, 0.862123388, -0.506698395, 1.21419352e-005, 0.506698394, 0.862123388, 2.34661461e-005, -2.23581049e-005, -1.40784144e-005, 1, 0.86212339, -0.506698392, 2.31877532e-005, 0.506698392, 0.86212339, 7.8881587e-006, -2.39876217e-005, 4.94863112e-006, 1, 0, 0, 0, 0, 0, 0, 0, 0.233376733, -0.0766323242, -0.197489648, 0.0385405297, 0.698147803, -0.714816901, -0.932250977, 0.282592773, 0.225708008, 0.359604313, 0.657671715, 0.661964063, 0, 0, -0, 0, 0, 0, 0, 0.282420703, -0.0313291504, -0.17139624, -0.0568991459, 0.422330325, -0.904543621, 0.331176758, -0.846679688, -0.416137695, -0.941770762, -0.32322571, -0.0917573124, 0, 3, 5, 1, 
916.020693, 65, 0.1, 0.1, 0.00164198262, 0.365562769, -0.0199654074, 0.862123216, -0.506698689, -7.16127754e-006, 0.506698688, 0.862123216, -1.28817029e-005, 1.27010456e-005, 7.47700517e-006, 1, 0.862123267, -0.506698601, -1.69957558e-005, 0.5066986, 0.862123267, -2.63302324e-005, 2.79939284e-005, 1.40881803e-005, 1, 0, 0, 0, 0, 0, 0, 0, 0.233648779, -0.0777288818, -0.197483423, 0.0350129956, 0.698528601, -0.714627062, -0.931640625, 0.281494141, 0.229492188, 0.361522531, 0.657734994, 0.660821668, 0, 0, -0, 0, 0, 0, 0, 0.282420703, -0.0313291504, -0.17139624, -0.0581514414, 0.420828663, -0.905195105, 0.331542969, -0.847045898, -0.415161133, -0.941534155, -0.324119998, -0.0902301309, 0, 3, 5, 1, 
916.021481, 65, 0.1, 0.1, 0.00164198009, 0.365562767, -0.0199654883, 0.862123022, -0.506699018, -3.77558304e-006, 0.506699018, 0.862123022, -1.91456081e-005, 1.29560779e-005, 1.45927853e-005, 1, 0.862123041, -0.506698986, 1.47991354e-005, 0.506698986, 0.862123041, -1.88262248e-006, -1.18047527e-005, 9.1217591e-006, 1, 0, 0, 0, 0, 0, 0, 0, 0.233648779, -0.0777288818, -0.197483423, 0.0350129956, 0.698528601, -0.714627062, -0.931640625, 0.281494141, 0.229492188, 0.361522531, 0.657734994, 0.660821668, 0, 0, -0, 0, 0, 0, 0, 0.283012549, -0.0327867676, -0.1707375, -0.0581514414, 0.420828663, -0.905195105, 0.331542969, -0.847045898, -0.415161133, -0.941534155, -0.324119998, -0.0902301309, 0, 3, 5, 1, 
916.022267, 65, 0.1, 0.1, 0.00164198098, 0.365562767, -0.0199656219, 0.86212309, -0.506698902, 2.65097376e-005, 0.506698902, 0.86212309, 5.4701631e-006, -2.56263825e-005, 8.71650101e-006, 1, 0.862123052, -0.506698967, 7.71706311e-006, 0.506698966, 0.862123052, 1.54899582e-005, -1.45018038e-005, -9.44402213e-006, 1, 0, 0, 0, 0, 0, 0, 0, 0.233648779, -0.0777288818, -0.197483423, 0.0350129956, 0.698528601, -0.714627062, -0.931640625, 0.281494141, 0.229492188, 0.361522531, 0.657734994, 0.660821668, 0, 0, -0, 0, 0, 0, 0, 0.283012549, -0.0327867676, -0.1707375, -0.0581514414, 0.420828663, -0.905195105, 0.331542969, -0.847045898, -0.415161133, -0.941534155, -0.324119998, -0.0902301309, 0, 3, 5, 1, 
916.023071, 65, 0.1, 0.1, 0.00164198253, 0.365562768, -0.0199656629, 0.862123312, -0.506698524, -2.87515289e-005, 0.506698524, 0.862123312, -6.46947857e-006, 2.80654386e-005, -8.99086899e-006, 1, 0.862123273, -0.50669859, -3.29387541e-005, 0.50669859, 0.862123273, -1.27540793e-006, 2.90435139e-005, -1.55904614e-005, 0.999999999, 0, 0, 0, 0, 0, 0, 0, 0.234752393, -0.0780824707, -0.197400781, 0.0304434163, 0.700356208, -0.713046581, -0.932128906, 0.27746582, 0.232666016, 0.360763178, 0.657569121, 0.661436488, 0, 0, -0, 0, 0, 0, 0, 0.283012549, -0.0327867676, -0.1707375, -0.0581514414, 0.420828663, -0.905195105, 0.331542969, -0.847045898, -0.415161133, -0.941534155, -0.324119998, -0.0902301309, 0, 3, 5, 1, 
916.023875, 65, 0.1, 0.1, 0.00164197985, 0.365562768, -0.0199653259, 0.862123354, -0.506698454, -1.5535611e-008, 0.506698454, 0.862123354, 1.84315406e-005, -9.32583949e-006, -1.58981334e-005, 1, 0.862123369, -0.506698428, 1.4596334e-005, 0.506698427, 0.862123369, 2.01258662e-005, -2.27815854e-005, -9.95504009e-006, 1, 0, 0, 0, 0, 0, 0, 0, 0.234752393, -0.0780824707, -0.197400781, 0.0304434163, 0.700356208, -0.713046581, -0.932128906, 0.27746582, 0.232666016, 0.360763178, 0.657569121, 0.661436488, 0, 0, -0, 0, 0, 0, 0, 0.284029639, -0.0335441406, -0.170064355, -0.059978662, 0.420566171, -0.905220625, 0.334350586, -0.845947266, -0.415283203, -0.940498777, -0.32746164, -0.0899873277, 0, 3, 5, 1, 
916.024663, 65, 0.1, 0.1, 0.00164198169, 0.365562771, -0.0199651054, 0.862123144, -0.506698811, 8.11603366e-006, 0.506698811, 0.862123144, 1.64414325e-005, -1.53278748e-005, -1.00621549e-005, 1, 0.862123194, -0.506698725, -5.03765083e-006, 0.506698725, 0.862123194, -1.26716054e-005, 1.07637619e-005, 8.37191369e-006, 1, 0, 0, 0, 0, 0, 0, 0, 0.234752393, -0.0780824707, -0.197400781, 0.0304434163, 0.700356208, -0.713046581, -0.932128906, 0.27746582, 0.232666016, 0.360763178, 0.657569121, 0.661436488, 0, 0, -0, 0, 0, 0, 0, 0.284029639, -0.0335441406, -0.170064355, -0.059978662, 0.420566171, -0.905220625, 0.334350586, -0.845947266, -0.415283203, -0.940498777, -0.32746164, -0.0899873277, 0, 3, 5, 1, 
916.025461, 65, 0.1, 0.1, 0.00164197982, 0.36556277, -0.0199649525, 0.86212299, -0.506699071, -1.67773612e-005, 0.506699071, 0.862122991, -1.67908774e-005, 2.29720708e-005, 5.97472805e-006, 1, 0.862122998, -0.506699059, -2.59320046e-006, 0.506699059, 0.862122998, -1.71029829e-005, 1.09017231e-005, 1.34309027e-005, 1, 0, 0, 0, 0, 0, 0, 0, 0.234752393, -0.0780824707, -0.197400781, 0.0304434163, 0.700356208, -0.713046581, -0.932128906, 0.27746582, 0.232666016, 0.360763178, 0.657569121, 0.661436488, 0, 0, -0, 0, 0, 0, 0, 0.284029639, -0.0335441406, -0.170064355, -0.059978662, 0.420566171, -0.905220625, 0.334350586, -0.845947266, -0.415283203, -0.940498777, -0.32746164, -0.0899873277, 0, 3, 5, 1, 
916.02625, 65, 0.1, 0.1, 0.00164197847, 0.365562769, -0.0199649965, 0.862123115, -0.506698859, 2.91863703e-005, 0.50669886, 0.862123115, 3.51979348e-006, -2.69457199e-005, 1.17542052e-005, 1, 0.862123072, -0.506698933, 2.77947767e-005, 0.506698933, 0.862123072, 9.4050539e-006, -2.8728049e-005, 5.97526972e-006, 1, 0, 0, 0, 0, 0, 0, 0, 0.234752393, -0.0780824707, -0.197400781, 0.0304434163, 0.700356208, -0.713046581, -0.932128906, 0.27746582, 0.232666016, 0.360763178, 0.657569121, 0.661436488, 0, 0, -0, 0, 0, 0, 0, 0.284029639, -0.0335441406, -0.170064355, -0.059978662, 0.420566171, -0.905220625, 0.334350586, -0.845947266, -0.415283203, -0.940498777, -0.32746164, -0.0899873277, 0, 3, 5, 1, 
916.027039, 65, 0.1, 0.1, 0.00164198156, 0.365562769, -0.0199652172, 0.862123335, -0.506698485, -8.42724764e-006, 0.506698485, 0.862123335, -1.14422574e-005, 1.30631013e-005, 5.59456352e-006, 1, 0.862123299, -0.506698547, -2.89757668e-005, 0.506698547, 0.862123299, -2.56515199e-006, 2.62804425e-005, -1.24705016e-005, 1, 0, 0, 0, 0, 0, 0, 0, 0.234752393, -0.0780824707, -0.197400781, 0.0304434163, 0.700356208, -0.713046581, -0.932128906, 0.27746582, 0.232666016, 0.360763178, 0.657569121, 0.661436488, 0, 0, -0, 0, 0, 0, 0, 0.284029639, -0.0335441406, -0.170064355, -0.059978662, 0.420566171, -0.905220625, 0.334350586, -0.845947266, -0.415283203, -0.940498777, -0.32746164, -0.0899873277, 0, 3, 5, 1, 
916.027827, 65, 0.1, 0.1, 0.00164197993, 0.365562768, -0.0199655463, 0.862123323, -0.506698506, -2.04184775e-005, 0.506698506, 0.862123323, 1.86893704e-006, 1.6656258e-005, -1.19572662e-005, 1, 0.862123346, -0.506698467, -2.48563349e-006, 0.506698467, 0.862123345, 2.08282217e-005, -8.41070536e-006, -1.92159629e-005, 1, 0, 0, 0, 0, 0, 0, 0, 0.234752393, -0.0780824707, -0.197400781, 0.0304434163, 0.700356208, -0.713046581, -0.932128906, 0.27746582, 0.232666016, 0.360763178, 0.657569121, 0.661436488, 0, 0, -0, 0, 0, 0, 0, 0.284029639, -0.0335441406, -0.170064355, -0.059978662, 0.420566171, -0.905220625, 0.334350586, -0.845947266, -0.415283203, -0.940498777, -0.32746164, -0.0899873277, 0, 3, 5, 1, 
916.028645, 65, 0.1, 0.1, 0.00164198076, 0.365562769, -0.019965563, 0.86212309, -0.506698903, 1.4105452e-005, 0.506698902, 0.86212309, 2.65676832e-005, -2.56224518e-005, -1.57573961e-005, 1, 0.862123134, -0.506698827, 6.29893353e-006, 0.506698827, 0.862123134, 1.59246027e-005, -1.34994338e-005, -1.05373061e-005, 1, 0, 0, 0, 0, 0, 0, 0, 0.235515112, -0.0786374512, -0.197062427, 0.0278482209, 0.702697164, -0.710869254, -0.931884766, 0.275512695, 0.235839844, 0.361544993, 0.655962431, 0.662698329, 0, 0, -0, 0, 0, 0, 0, 0.284424219, -0.0341850586, -0.170166992, -0.0643425563, 0.421818099, -0.904287325, 0.335327148, -0.844360352, -0.417724609, -0.939852756, -0.330030396, -0.0871888943, 0, 3, 5, 1, 
916.029434, 65, 0.1, 0.1, 0.00164198122, 0.365562771, -0.0199654602, 0.862122989, -0.506699073, -2.64534344e-005, 0.506699073, 0.86212299, -3.68479261e-006, 2.46731949e-005, -1.02271863e-005, 1, 0.862122987, -0.506699078, -1.818509e-005, 0.506699078, 0.862122987, -2.01376055e-005, 2.58814903e-005, 8.14672429e-006, 1, 0, 0, 0, 0, 0, 0, 0, 0.235515112, -0.0786374512, -0.197062427, 0.0278482209, 0.702697164, -0.710869254, -0.931884766, 0.275512695, 0.235839844, 0.361544993, 0.655962431, 0.662698329, 0, 0, -0, 0, 0, 0, 0, 0.284424219, -0.0341850586, -0.170166992, -0.0643425563, 0.421818099, -0.904287325, 0.335327148, -0.844360352, -0.417724609, -0.939852756, -0.330030396, -0.0871888943, 0, 3, 5, 1, 
916.030219, 65, 0.1, 0.1, 0.00164197834, 0.36556277, -0.0199654365, 0.862123154, -0.506698793, 1.28942701e-005, 0.506698793, 0.862123154, -2.83977356e-006, -9.67753896e-006, 8.98174563e-006, 1, 0.862123108, -0.506698871, 2.81567467e-005, 0.506698871, 0.862123108, -1.18837275e-006, -2.36724349e-005, 1.52915154e-005, 1, 0, 0, 0, 0, 0, 0, 0, 0.235515112, -0.0786374512, -0.197062427, 0.0278482209, 0.702697164, -0.710869254, -0.931884766, 0.275512695, 0.235839844, 0.361544993, 0.655962431, 0.662698329, 0, 0, -0, 0, 0, 0, 0, 0.284424219, -0.0341850586, -0.170166992, -0.0643425563, 0.421818099, -0.904287325, 0.335327148, -0.844360352, -0.417724609, -0.939852756, -0.330030396, -0.0871888943, 0, 3, 5, 1, 
916.031022, 65, 0.1, 0.1, 0.001641981, 0.365562772, -0.0199654464, 0.862123341, -0.506698474, 1.89604901e-005, 0.506698474, 0.862123342, -6.39449777e-006, -1.31061988e-005, 1.51200972e-005, 1, 0.862123323, -0.506698505, -7.55642455e-006, 0.506698505, 0.862123323, -1.54433265e-005, 1.43396803e-005, 9.48522295e-006, 1, 0, 0, 0, 0, 0, 0, 0, 0.235515112, -0.0786374512, -0.197062427, 0.0278482209, 0.702697164, -0.710869254, -0.931884766, 0.275512695, 0.235839844, 0.361544993, 0.655962431, 0.662698329, 0, 0, -0, 0, 0, 0, 0, 0.284424219, -0.0341850586, -0.170166992, -0.0665595013, 0.421958091, -0.904095561, 0.338378906, -0.842773438, -0.418334961, -0.938612854, -0.333697964, -0.0866777683, 0, 3, 5, 1, 
916.031819, 65, 0.1, 0.1, 0.0016419805, 0.365562771, -0.0199652879, 0.862123256, -0.50669862, -1.86747721e-005, 0.50669862, 0.862123256, -2.09235065e-005, 2.67018672e-005, 8.57616025e-006, 1, 0.862123299, -0.506698547, -1.82235109e-005, 0.506698547, 0.862123299, 1.02794761e-006, 1.51900538e-005, -1.01200441e-005, 1, 0, 0, 0, 0, 0, 0, 0, 0.235515112, -0.0786374512, -0.197062427, 0.0278482209, 0.702697164, -0.710869254, -0.931884766, 0.275512695, 0.235839844, 0.361544993, 0.655962431, 0.662698329, 0, 0, -0, 0, 0, 0, 0, 0.285196582, -0.0346994141, -0.169920312, -0.0665595013, 0.421958091, -0.904095561, 0.338378906, -0.842773438, -0.418334961, -0.938612854, -0.333697964, -0.0866777683, 0, 3, 5, 1, 
916.032606, 65, 0.1, 0.1, 0.00164197921, 0.365562771, -0.0199651748, 0.862123021, -0.50669902, 1.81798389e-005, 0.506699019, 0.862123021, 2.20440361e-005, -2.68429491e-005, -9.79296445e-006, 1, 0.862123063, -0.506698948, 1.55746767e-005, 0.506698947, 0.862123063, 2.79687196e-005, -2.75990088e-005, -1.62208059e-005, 0.999999999, 0, 0, 0, 0, 0, 0, 0, 0.235515112, -0.0786374512, -0.197062427, 0.0278482209, 0.702697164, -0.710869254, -0.931884766, 0.275512695, 0.235839844, 0.361544993, 0.655962431, 0.662698329, 0, 0, -0, 0, 0, 0, 0, 0.285196582, -0.0346994141, -0.169920312, -0.0665595013, 0.421958091, -0.904095561, 0.338378906, -0.842773438, -0.418334961, -0.938612854, -0.333697964, -0.0866777683, 0, 3, 5, 1, 
916.033409, 65, 0.1, 0.1, 0.00164198117, 0.365562772, -0.0199651224, 0.862122968, -0.50669911, -1.76516911e-005, 0.506699111, 0.862122967, 1.29223252e-005, 8.67019762e-006, -2.00847295e-005, 1, 0.862122954, -0.506699133, -2.64890082e-005, 0.506699133, 0.862122954, 7.56512623e-007, 2.24534577e-005, -1.40741644e-005, 1, 0, 0, 0, 0, 0, 0, 0, 0.2362948, -0.0792250244, -0.1967552, 0.0255956319, 0.704372004, -0.709269677, -0.931640625, 0.273925781, 0.23840332, 0.362148952, 0.654832019, 0.663433716, 0, 0, -0, 0, 0, 0, 0, 0.285196582, -0.0346994141, -0.169920312, -0.0665595013, 0.421958091, -0.904095561, 0.338378906, -0.842773438, -0.418334961, -0.938612854, -0.333697964, -0.0866777683, 0, 3, 5, 1, 
