time, trialNum, realDorsalTactorPos, realVentralTactorPos, box1PosX, box1PosY, box1PosZ, box1LocalRot_11, box1LocalRot_12, box1LocalRot_13, box1LocalRot_21, box1LocalRot_22, box1LocalRot_23, box1LocalRot_31, box1LocalRot_32, box1LocalRot_33, box1GlobalRot_11, box1GlobalRot_12, box1GlobalRot_13, box1GlobalRot_21, box1GlobalRot_22, box1GlobalRot_23, box1GlobalRot_31, box1GlobalRot_32, box1GlobalRot_33, indexForceX, indexForceY, indexForceZ, indexForceGlobalX, indexForceGlobalY, indexForceGlobalZ, indexContact, indexPosX, indexPosY, indexPosZ, indexRot_11, indexRot_12, indexRot_13, indexRot_21, indexRot_22, indexRot_23, indexRot_31, indexRot_32, indexRot_33, thumbForceX, thumbForceY, thumbForceZ, thumbForceGlobalX, thumbForceGlobalY, thumbForceGlobalZ, thumbContact, thumbPosX, thumbPosY, thumbPosZ, thumbRot_11, thumbRot_12, thumbRot_13, thumbRot_21, thumbRot_22, thumbRot_23, thumbRot_31, thumbRot_32, thumbRot_33, manipForceTooHigh, cceExpType, mapping, trialSuccess, 
504.948057, 69, 0.1, 0.1, 0.00965192672, 0.345226226, -0.0199642345, 0.783691554, -0.621150181, 3.75050554e-005, 0.621150181, 0.783691554, -4.65682055e-006, -2.64998103e-005, 2.69457829e-005, 0.999999999, 0.783691563, -0.62115017, 3.73006325e-005, 0.62115017, 0.783691563, -5.01088588e-006, -2.61196784e-005, 2.70962832e-005, 0.999999999, 0, 0, 0, 0, 0, 0, 0, 0.108276245, -0.0139319092, -0.29637356, -0.195023124, 0.19818562, -0.960576783, -0.969848633, 0.106811523, 0.218994141, 0.145952719, 0.974278051, 0.17154435, 0, 0, -0, 0, 0, 0, 0, 0.160618848, 0.0604212402, -0.265736768, -0.0472704364, 0.314206936, -0.948053902, 0.505126953, -0.811279297, -0.294067383, -0.861712438, -0.492682547, -0.120387998, 0, 3, 5, 1, 
504.952787, 69, 0.1, 0.1, 0.00965192637, 0.345226228, -0.0199772761, 0.783690351, -0.621151681, -0.000150335354, 0.621151685, 0.783690362, -2.02783951e-005, 0.000130412327, -7.74890761e-005, 0.999999988, 0.783690471, -0.621151534, -0.000132201066, 0.621151538, 0.783690479, -1.44047192e-005, 0.00011255223, -7.08280541e-005, 0.999999991, 0, 0, 0, 0, 0, 0, 0, 0.111760156, -0.0210439209, -0.296943115, -0.187695842, 0.176718628, -0.966177164, -0.972045898, 0.107543945, 0.208496094, 0.140713658, 0.97841964, 0.15179151, 0, 0, -0, 0, 0, 0, 0, 0.162978955, 0.0542951172, -0.267841064, -0.0478570216, 0.290684909, -0.955579335, 0.518310547, -0.810546875, -0.272583008, -0.853795815, -0.508288281, -0.111850507, 0, 3, 5, 1, 
504.953601, 69, 0.1, 0.1, 0.00965195238, 0.345226234, -0.0199791116, 0.783689782, -0.621152416, -4.75780803e-005, 0.621152415, 0.783689783, -3.12576953e-005, 5.67022484e-005, -5.05690306e-006, 0.999999998, 0.783689888, -0.621152277, -9.31470391e-005, 0.621152277, 0.783689893, -3.07604397e-005, 9.21053103e-005, -3.37518499e-005, 0.999999995, 0, 0, 0, 0, 0, 0, 0, 0.112083105, -0.0235700439, -0.296994751, -0.189824116, 0.170887208, -0.966877725, -0.972290039, 0.103637695, 0.209228516, 0.135859882, 0.979837614, 0.146588015, 0, 0, -0, 0, 0, 0, 0, 0.162978955, 0.0542951172, -0.267841064, -0.0484764229, 0.283323521, -0.957757634, 0.522216797, -0.810180664, -0.265991211, -0.851406062, -0.512989761, -0.10864266, 0, 3, 5, 1, 
504.954509, 69, 0.1, 0.1, 0.00965192766, 0.345226236, -0.0199744266, 0.783688909, -0.621153502, 0.00014250302, 0.621153506, 0.783688919, 2.01579156e-005, -0.000124199197, 7.27187154e-005, 0.99999999, 0.783689092, -0.621153273, 0.000138213499, 0.621153278, 0.7836891, 9.49284774e-006, -0.000114212926, 7.84123267e-005, 0.99999999, 0, 0, 0, 0, 0, 0, 0, 0.112083105, -0.0235700439, -0.296994751, -0.189824116, 0.170887208, -0.966877725, -0.972290039, 0.103637695, 0.209228516, 0.135859882, 0.979837614, 0.146588015, 0, 0, -0, 0, 0, 0, 0, 0.163434717, 0.0521464844, -0.268364209, -0.0484764229, 0.283323521, -0.957757634, 0.522216797, -0.810180664, -0.265991211, -0.851406062, -0.512989761, -0.10864266, 0, 3, 5, 1, 
504.95529, 69, 0.1, 0.1, 0.00965191642, 0.345226226, -0.0199673184, 0.78368798, -0.621154688, -4.84737831e-005, 0.62115469, 0.783687979, 4.41175078e-005, 1.05845244e-005, -6.46840783e-005, 0.999999998, 0.783688201, -0.621154412, 7.05195169e-006, 0.621154411, 0.7836882, 5.32600995e-005, -3.86092771e-005, -3.73589607e-005, 0.999999999, 0, 0, 0, 0, 0, 0, 0, 0.112083105, -0.0235700439, -0.296994751, -0.189824116, 0.170887208, -0.966877725, -0.972290039, 0.103637695, 0.209228516, 0.135859882, 0.979837614, 0.146588015, 0, 0, -0, 0, 0, 0, 0, 0.163434717, 0.0521464844, -0.268364209, -0.0484764229, 0.283323521, -0.957757634, 0.522216797, -0.810180664, -0.265991211, -0.851406062, -0.512989761, -0.10864266, 0, 3, 5, 1, 
504.956072, 69, 0.1, 0.1, 0.00965193434, 0.345226227, -0.0199603574, 0.783686724, -0.621156274, -3.31554137e-005, 0.621156273, 0.783686725, -3.5782274e-005, 4.82098416e-005, 7.44739984e-006, 0.999999999, 0.783686988, -0.621155937, -7.60015991e-005, 0.621155938, 0.783686991, -1.80109253e-005, 7.07490577e-005, -3.30939168e-005, 0.999999997, 0, 0, 0, 0, 0, 0, 0, 0.112083105, -0.0235700439, -0.296994751, -0.189824116, 0.170887208, -0.966877725, -0.972290039, 0.103637695, 0.209228516, 0.135859882, 0.979837614, 0.146588015, 0, 0, -0, 0, 0, 0, 0, 0.163434717, 0.0521464844, -0.268364209, -0.0484764229, 0.283323521, -0.957757634, 0.522216797, -0.810180664, -0.265991211, -0.851406062, -0.512989761, -0.10864266, 0, 3, 5, 1, 
504.956868, 69, 0.1, 0.1, 0.00965192233, 0.345226223, -0.019955435, 0.783684948, -0.621158515, 4.87661846e-005, 0.621158511, 0.783684949, 6.97763638e-005, -8.15595074e-005, -2.43911554e-005, 0.999999996, 0.783685324, -0.621158037, 7.46979498e-005, 0.621158036, 0.783685327, 4.4384561e-005, -8.6109514e-005, 1.16157027e-005, 0.999999996, 0, 0, 0, 0, 0, 0, 0, 0.112083105, -0.0235700439, -0.296994751, -0.189824116, 0.170887208, -0.966877725, -0.972290039, 0.103637695, 0.209228516, 0.135859882, 0.979837614, 0.146588015, 0, 0, -0, 0, 0, 0, 0, 0.16443999, 0.0501695801, -0.268692676, -0.0476645246, 0.275246484, -0.960089417, 0.526611328, -0.809814453, -0.258300781, -0.848620389, -0.517889201, -0.106310143, 0, 3, 5, 1, 
504.957652, 69, 0.1, 0.1, 0.00965192789, 0.345226222, -0.019954443, 0.783682737, -0.621161304, -3.43161023e-005, 0.6211613, 0.783682737, -8.042597e-005, 7.68504374e-005, 4.17126097e-005, 0.999999996, 0.783683237, -0.621160673, -5.03410986e-005, 0.621160672, 0.783683239, -3.63306282e-005, 6.20186326e-005, -2.79820631e-006, 0.999999998, 0, 0, 0, 0, 0, 0, 0, 0.112083105, -0.0235700439, -0.296994751, -0.189824116, 0.170887208, -0.966877725, -0.972290039, 0.103637695, 0.209228516, 0.135859882, 0.979837614, 0.146588015, 0, 0, -0, 0, 0, 0, 0, 0.16443999, 0.0501695801, -0.268692676, -0.0476645246, 0.275246484, -0.960089417, 0.526611328, -0.809814453, -0.258300781, -0.848620389, -0.517889201, -0.106310143, 0, 3, 5, 1, 
504.958448, 69, 0.1, 0.1, 0.00965192247, 0.345226233, -0.0199572317, 0.78368011, -0.621164618, 5.25607696e-005, 0.621164617, 0.783680111, 3.53192033e-005, -6.31298692e-005, 4.96993323e-006, 0.999999998, 0.783680658, -0.621163926, 5.27790381e-005, 0.621163928, 0.783680659, -1.40057112e-005, -3.26620688e-005, 4.37604396e-005, 0.999999999, 0, 0, 0, 0, 0, 0, 0, 0.11314646, -0.0252786133, -0.297018311, -0.190474502, 0.167968502, -0.96724654, -0.973022461, 0.0975341797, 0.208496094, 0.129412521, 0.980917851, 0.145039734, 0, 0, -0, 0, 0, 0, 0, 0.16443999, 0.0501695801, -0.268692676, -0.0476645246, 0.275246484, -0.960089417, 0.526611328, -0.809814453, -0.258300781, -0.848620389, -0.517889201, -0.106310143, 0, 3, 5, 1, 
504.959229, 69, 0.1, 0.1, 0.00965192628, 0.345226213, -0.0199624826, 0.783677148, -0.621168354, -6.09774169e-005, 0.621168357, 0.783677146, 5.97242354e-005, 1.0687803e-005, -8.46817603e-005, 0.999999996, 0.783677747, -0.6211676, -3.9123367e-005, 0.621167601, 0.783677742, 9.57487564e-005, -2.88159133e-005, -9.93383377e-005, 0.999999995, 0, 0, 0, 0, 0, 0, 0, 0.11314646, -0.0252786133, -0.297018311, -0.190474502, 0.167968502, -0.96724654, -0.973022461, 0.0975341797, 0.208496094, 0.129412521, 0.980917851, 0.145039734, 0, 0, -0, 0, 0, 0, 0, 0.16443999, 0.0501695801, -0.268692676, -0.0476645246, 0.275246484, -0.960089417, 0.526611328, -0.809814453, -0.258300781, -0.848620389, -0.517889201, -0.106310143, 0, 3, 5, 1, 
504.960018, 69, 0.1, 0.1, 0.0096519293, 0.345226222, -0.0199685069, 0.783673824, -0.621172548, 4.81546299e-005, 0.62117255, 0.78367382, -8.07528322e-005, 1.24239198e-005, 9.31962151e-005, 0.999999996, 0.783674507, -0.621171688, 1.69458473e-005, 0.621171687, 0.783674504, -7.79151569e-005, 3.5118661e-005, 7.15864028e-005, 0.999999997, 0, 0, 0, 0, 0, 0, 0, 0.11314646, -0.0252786133, -0.297018311, -0.190474502, 0.167968502, -0.96724654, -0.973022461, 0.0975341797, 0.208496094, 0.129412521, 0.980917851, 0.145039734, 0, 0, -0, 0, 0, 0, 0, 0.16443999, 0.0501695801, -0.268692676, -0.0476645246, 0.275246484, -0.960089417, 0.526611328, -0.809814453, -0.258300781, -0.848620389, -0.517889201, -0.106310143, 0, 3, 5, 1, 
504.960814, 69, 0.1, 0.1, 0.00965191286, 0.345226229, -0.019973258, 0.78367027, -0.621177032, 4.19220827e-005, 0.621177033, 0.783670271, 1.33775384e-005, -4.11629096e-005, 1.55574558e-005, 0.999999999, 0.783671027, -0.621176075, 7.37814287e-005, 0.621176077, 0.783671029, -1.12113159e-005, -5.08561669e-005, 5.46172419e-005, 0.999999997, 0, 0, 0, 0, 0, 0, 0, 0.11314646, -0.0252786133, -0.297018311, -0.189297281, 0.166376038, -0.967747906, -0.974121094, 0.0913085937, 0.206298828, 0.122799287, 0.981788032, 0.144995551, 0, 0, -0, 0, 0, 0, 0, 0.16443999, 0.0501695801, -0.268692676, -0.0476645246, 0.275246484, -0.960089417, 0.526611328, -0.809814453, -0.258300781, -0.848620389, -0.517889201, -0.106310143, 0, 3, 5, 1, 
504.961612, 69, 0.1, 0.1, 0.00965192575, 0.345226218, -0.019974912, 0.783666745, -0.621181476, -7.94174326e-005, 0.621181481, 0.783666744, 5.15175637e-005, 3.02350445e-005, -8.97052398e-005, 0.999999996, 0.783667412, -0.621180634, -8.12338998e-005, 0.621180639, 0.783667411, 5.30816866e-005, 3.06870442e-005, -9.20593137e-005, 0.999999995, 0, 0, 0, 0, 0, 0, 0, 0.114525952, -0.0266968018, -0.297044067, -0.189297281, 0.166376038, -0.967747906, -0.974121094, 0.0913085937, 0.206298828, 0.122799287, 0.981788032, 0.144995551, 0, 0, -0, 0, 0, 0, 0, 0.165227148, 0.0484952637, -0.269018213, -0.0468909057, 0.268594182, -0.962076319, 0.531860352, -0.80847168, -0.251586914, -0.84547051, -0.523498095, -0.10492332, 0, 3, 5, 1, 
504.962392, 69, 0.1, 0.1, 0.00965192619, 0.345226213, -0.0199735271, 0.783663734, -0.621185277, 5.88608579e-005, 0.621185279, 0.783663735, -1.27279408e-005, -3.82207103e-005, 4.6537924e-005, 0.999999998, 0.783664268, -0.621184605, 3.77557886e-005, 0.621184605, 0.783664269, 7.43294804e-006, -3.42050954e-005, 1.76283789e-005, 0.999999999, 0, 0, 0, 0, 0, 0, 0, 0.114525952, -0.0266968018, -0.297044067, -0.189297281, 0.166376038, -0.967747906, -0.974121094, 0.0913085937, 0.206298828, 0.122799287, 0.981788032, 0.144995551, 0, 0, -0, 0, 0, 0, 0, 0.165227148, 0.0484952637, -0.269018213, -0.0468909057, 0.268594182, -0.962076319, 0.531860352, -0.80847168, -0.251586914, -0.84547051, -0.523498095, -0.10492332, 0, 3, 5, 1, 
504.963174, 69, 0.1, 0.1, 0.00965191883, 0.345226222, -0.0199697954, 0.783661469, -0.621188138, -3.13226096e-006, 0.621188138, 0.783661468, -2.49046976e-005, 1.79251349e-005, 1.75711285e-005, 1, 0.78366186, -0.621187644, 1.53063352e-005, 0.621187644, 0.783661858, -4.6045018e-005, 1.66076052e-005, 4.55918307e-005, 0.999999999, 0, 0, 0, 0, 0, 0, 0, 0.114525952, -0.0266968018, -0.297044067, -0.189297281, 0.166376038, -0.967747906, -0.974121094, 0.0913085937, 0.206298828, 0.122799287, 0.981788032, 0.144995551, 0, 0, -0, 0, 0, 0, 0, 0.165227148, 0.0484952637, -0.269018213, -0.0468909057, 0.268594182, -0.962076319, 0.531860352, -0.80847168, -0.251586914, -0.84547051, -0.523498095, -0.10492332, 0, 3, 5, 1, 
504.963955, 69, 0.1, 0.1, 0.00965192344, 0.345226214, -0.019965127, 0.78365986, -0.621190167, -2.07931835e-005, 0.621190167, 0.78365986, 3.09854163e-005, -2.95305262e-006, -3.71985482e-005, 0.999999999, 0.783660158, -0.621189791, -1.88175471e-005, 0.621189791, 0.783660156, 5.25432023e-005, -1.7892739e-005, -5.28652824e-005, 0.999999998, 0, 0, 0, 0, 0, 0, 0, 0.114525952, -0.0266968018, -0.297044067, -0.189297281, 0.166376038, -0.967747906, -0.974121094, 0.0913085937, 0.206298828, 0.122799287, 0.981788032, 0.144995551, 0, 0, -0, 0, 0, 0, 0, 0.165227148, 0.0484952637, -0.269018213, -0.0468909057, 0.268594182, -0.962076319, 0.531860352, -0.80847168, -0.251586914, -0.84547051, -0.523498095, -0.10492332, 0, 3, 5, 1, 
504.964738, 69, 0.1, 0.1, 0.00965192184, 0.345226224, -0.0199610485, 0.783658246, -0.621192202, 4.2945962e-005, 0.621192203, 0.783658245, -4.05247565e-005, -8.48129446e-006, 5.84352563e-005, 0.999999998, 0.783658585, -0.621191775, 2.55239993e-005, 0.621191776, 0.783658583, -6.24865836e-005, 1.88140507e-005, 6.48234461e-005, 0.999999998, 0, 0, 0, 0, 0, 0, 0, 0.114525952, -0.0266968018, -0.297044067, -0.189297281, 0.166376038, -0.967747906, -0.974121094, 0.0913085937, 0.206298828, 0.122799287, 0.981788032, 0.144995551, 0, 0, -0, 0, 0, 0, 0, 0.165227148, 0.0484952637, -0.269018213, -0.0468909057, 0.268594182, -0.962076319, 0.531860352, -0.80847168, -0.251586914, -0.84547051, -0.523498095, -0.10492332, 0, 3, 5, 1, 
504.965532, 69, 0.1, 0.1, 0.00965192778, 0.345226219, -0.0199588477, 0.783656302, -0.62119465, -8.55100448e-005, 0.621194654, 0.783656302, 4.29923089e-005, 4.03038933e-005, -8.68095766e-005, 0.999999995, 0.783656736, -0.621194105, -6.51149727e-005, 0.621194108, 0.783656735, 4.17248077e-005, 2.51085824e-005, -7.3146964e-005, 0.999999997, 0, 0, 0, 0, 0, 0, 0, 0.114525952, -0.0266968018, -0.297044067, -0.18690615, 0.163279477, -0.968732663, -0.974975586, 0.0894775391, 0.20324707, 0.11994873, 0.982525663, 0.142679682, 0, 0, -0, 0, 0, 0, 0, 0.165227148, 0.0484952637, -0.269018213, -0.0468909057, 0.268594182, -0.962076319, 0.531860352, -0.80847168, -0.251586914, -0.84547051, -0.523498095, -0.10492332, 0, 3, 5, 1, 
504.966329, 69, 0.1, 0.1, 0.00965193234, 0.345226216, -0.0199587757, 0.783654478, -0.621196956, 4.30078192e-005, 0.621196957, 0.783654477, -3.28140887e-005, -1.3319258e-005, 5.2431234e-005, 0.999999999, 0.783654773, -0.621196584, 2.51033162e-005, 0.621196585, 0.783654773, -7.15888491e-006, -1.52252587e-005, 2.12041886e-005, 1, 0, 0, 0, 0, 0, 0, 0, 0.115978931, -0.0290852295, -0.297324683, -0.18690615, 0.163279477, -0.968732663, -0.974975586, 0.0894775391, 0.20324707, 0.11994873, 0.982525663, 0.142679682, 0, 0, -0, 0, 0, 0, 0, 0.165704639, 0.046839502, -0.269748242, -0.0473057833, 0.261986723, -0.963826614, 0.536132813, -0.807495117, -0.245727539, -0.842691033, -0.528365819, -0.102284201, 0, 3, 5, 1, 
504.967112, 69, 0.1, 0.1, 0.00965192758, 0.345226222, -0.0199611149, 0.783653164, -0.621198615, -2.0629822e-005, 0.621198615, 0.783653164, 1.23873265e-005, 8.47163519e-006, -2.25225844e-005, 1, 0.783653435, -0.621198272, 1.75093532e-005, 0.621198273, 0.783653435, -1.13138974e-005, -6.69309123e-006, 1.97429546e-005, 1, 0, 0, 0, 0, 0, 0, 0, 0.115978931, -0.0290852295, -0.297324683, -0.18690615, 0.163279477, -0.968732663, -0.974975586, 0.0894775391, 0.20324707, 0.11994873, 0.982525663, 0.142679682, 0, 0, -0, 0, 0, 0, 0, 0.165704639, 0.046839502, -0.269748242, -0.0473057833, 0.261986723, -0.963826614, 0.536132813, -0.807495117, -0.245727539, -0.842691033, -0.528365819, -0.102284201, 0, 3, 5, 1, 
504.967894, 69, 0.1, 0.1, 0.00965193417, 0.345226214, -0.0199648952, 0.783652051, -0.621200019, -5.03376603e-006, 0.621200019, 0.783652051, 1.61704118e-005, -6.10033906e-006, -1.57989519e-005, 1, 0.783652244, -0.621199774, -2.05595395e-005, 0.621199775, 0.783652243, 3.94176107e-005, -8.37468161e-006, -4.36612804e-005, 0.999999999, 0, 0, 0, 0, 0, 0, 0, 0.115978931, -0.0290852295, -0.297324683, -0.18690615, 0.163279477, -0.968732663, -0.974975586, 0.0894775391, 0.20324707, 0.11994873, 0.982525663, 0.142679682, 0, 0, -0, 0, 0, 0, 0, 0.165704639, 0.046839502, -0.269748242, -0.0473057833, 0.261986723, -0.963826614, 0.536132813, -0.807495117, -0.245727539, -0.842691033, -0.528365819, -0.102284201, 0, 3, 5, 1, 
504.968678, 69, 0.1, 0.1, 0.00965192704, 0.345226222, -0.0199687606, 0.78365109, -0.621201229, 4.80519827e-005, 0.621201231, 0.78365109, -2.1835738e-005, -2.40916013e-005, 4.69615506e-005, 0.999999999, 0.783651298, -0.621200966, 5.03154194e-005, 0.621200968, 0.783651298, -3.65688424e-005, -1.67131435e-005, 5.9913208e-005, 0.999999998, 0, 0, 0, 0, 0, 0, 0, 0.115978931, -0.0290852295, -0.297324683, -0.18690615, 0.163279477, -0.968732663, -0.974975586, 0.0894775391, 0.20324707, 0.11994873, 0.982525663, 0.142679682, 0, 0, -0, 0, 0, 0, 0, 0.165704639, 0.046839502, -0.269748242, -0.0473057833, 0.261986723, -0.963826614, 0.536132813, -0.807495117, -0.245727539, -0.842691033, -0.528365819, -0.102284201, 0, 3, 5, 1, 
504.969457, 69, 0.1, 0.1, 0.00965193182, 0.34522622, -0.0199714068, 0.783649915, -0.621202711, -4.94001398e-005, 0.621202712, 0.783649916, 1.3983462e-005, 3.00258509e-005, -4.16456397e-005, 0.999999999, 0.783650153, -0.62120241, -4.85272902e-005, 0.621202412, 0.783650154, 1.60867991e-005, 2.80352601e-005, -4.27516923e-005, 0.999999999, 0, 0, 0, 0, 0, 0, 0, 0.115978931, -0.0290852295, -0.297324683, -0.18690615, 0.163279477, -0.968732663, -0.974975586, 0.0894775391, 0.20324707, 0.11994873, 0.982525663, 0.142679682, 0, 0, -0, 0, 0, 0, 0, 0.165704639, 0.046839502, -0.269748242, -0.0473057833, 0.261986723, -0.963826614, 0.536132813, -0.807495117, -0.245727539, -0.842691033, -0.528365819, -0.102284201, 0, 3, 5, 1, 
504.970388, 69, 0.1, 0.1, 0.00965192317, 0.345226221, -0.0199707969, 0.783648561, -0.621204416, 8.19531946e-005, 0.621204419, 0.783648563, -1.61291861e-005, -5.42029815e-005, 6.35493001e-005, 0.999999997, 0.783648837, -0.621204069, 7.23181968e-005, 0.621204071, 0.783648839, -1.36300183e-005, -4.82050481e-005, 5.56055063e-005, 0.999999997, 0, 0, 0, 0, 0, 0, 0, 0.115978931, -0.0290852295, -0.297324683, -0.184153317, 0.158596444, -0.969965669, -0.975830078, 0.087890625, 0.199584961, 0.117040885, 0.983390975, 0.138796437, 0, 0, -0, 0, 0, 0, 0, 0.165704639, 0.046839502, -0.269748242, -0.0473057833, 0.261986723, -0.963826614, 0.536132813, -0.807495117, -0.245727539, -0.842691033, -0.528365819, -0.102284201, 0, 3, 5, 1, 
504.97119, 69, 0.1, 0.1, 0.0096519225, 0.345226222, -0.0199673931, 0.783647525, -0.621205724, -7.63256783e-005, 0.621205726, 0.783647527, 1.02642911e-005, 5.34361926e-005, -5.54575347e-005, 0.999999997, 0.783647717, -0.621205485, -4.21590178e-005, 0.621205485, 0.783647717, 3.77175177e-006, 3.06947852e-005, -2.91451378e-005, 0.999999999, 0, 0, 0, 0, 0, 0, 0, 0.117226978, -0.0315543457, -0.297399512, -0.184153317, 0.158596444, -0.969965669, -0.975830078, 0.087890625, 0.199584961, 0.117040885, 0.983390975, 0.138796437, 0, 0, -0, 0, 0, 0, 0, 0.166281982, 0.0454680176, -0.270059131, -0.0464490423, 0.256573958, -0.965372752, 0.541748047, -0.805419922, -0.240112305, -0.83916419, -0.534089917, -0.101587508, 0, 3, 5, 1, 
504.971972, 69, 0.1, 0.1, 0.00965193435, 0.345226221, -0.0199638121, 0.783646644, -0.621206839, 2.27473009e-005, 0.621206839, 0.783646644, -5.10371736e-006, -1.46553819e-005, 1.81302899e-005, 1, 0.783646813, -0.621206625, -3.14440032e-005, 0.621206625, 0.783646814, 2.82273326e-006, 2.28874923e-005, -2.1745249e-005, 1, 0, 0, 0, 0, 0, 0, 0, 0.117226978, -0.0315543457, -0.297399512, -0.184153317, 0.158596444, -0.969965669, -0.975830078, 0.087890625, 0.199584961, 0.117040885, 0.983390975, 0.138796437, 0, 0, -0, 0, 0, 0, 0, 0.166281982, 0.0454680176, -0.270059131, -0.0464490423, 0.256573958, -0.965372752, 0.541748047, -0.805419922, -0.240112305, -0.83916419, -0.534089917, -0.101587508, 0, 3, 5, 1, 
504.972769, 69, 0.1, 0.1, 0.00965192435, 0.345226223, -0.0199610359, 0.783645841, -0.621207852, -6.3116478e-006, 0.621207852, 0.783645841, 1.46399838e-006, 4.03664926e-006, -5.06810142e-006, 1, 0.783646005, -0.621207644, 4.07746823e-005, 0.621207645, 0.783646006, -6.32652056e-006, -2.8022834e-005, 3.02872969e-005, 0.999999999, 0, 0, 0, 0, 0, 0, 0, 0.117226978, -0.0315543457, -0.297399512, -0.181794387, 0.154414776, -0.97112229, -0.97668457, 0.0853271484, 0.196411133, 0.113206693, 0.98430047, 0.135395462, 0, 0, -0, 0, 0, 0, 0, 0.166281982, 0.0454680176, -0.270059131, -0.0464490423, 0.256573958, -0.965372752, 0.541748047, -0.805419922, -0.240112305, -0.83916419, -0.534089917, -0.101587508, 0, 3, 5, 1, 
504.973566, 69, 0.1, 0.1, 0.00965192584, 0.345226221, -0.0199596985, 0.783645144, -0.62120873, 3.6520934e-005, 0.621208731, 0.783645145, 1.30420122e-006, -2.94296338e-005, 2.16650921e-005, 0.999999999, 0.783645273, -0.621208569, 2.09855623e-005, 0.621208569, 0.783645273, 3.03955776e-006, -1.8333436e-005, 1.0654476e-005, 1, 0, 0, 0, 0, 0, 0, 0, 0.118228833, -0.0335512207, -0.297245728, -0.181794387, 0.154414776, -0.97112229, -0.97668457, 0.0853271484, 0.196411133, 0.113206693, 0.98430047, 0.135395462, 0, 0, -0, 0, 0, 0, 0, 0.167095508, 0.0436273437, -0.270364893, -0.0451387778, 0.250413826, -0.966957169, 0.546142578, -0.804321289, -0.233764648, -0.836448879, -0.538542397, -0.100526609, 0, 3, 5, 1, 
504.974347, 69, 0.1, 0.1, 0.00965193131, 0.34522622, -0.0199604827, 0.783644553, -0.621209474, -6.0084916e-005, 0.621209475, 0.783644554, 6.09991578e-006, 4.32958917e-005, -4.21054849e-005, 0.999999998, 0.783644666, -0.621209332, -5.87593215e-005, 0.621209334, 0.783644667, 8.22568689e-006, 4.09365554e-005, -4.29478546e-005, 0.999999998, 0, 0, 0, 0, 0, 0, 0, 0.118228833, -0.0335512207, -0.297245728, -0.181794387, 0.154414776, -0.97112229, -0.97668457, 0.0853271484, 0.196411133, 0.113206693, 0.98430047, 0.135395462, 0, 0, -0, 0, 0, 0, 0, 0.167095508, 0.0436273437, -0.270364893, -0.0451387778, 0.250413826, -0.966957169, 0.546142578, -0.804321289, -0.233764648, -0.836448879, -0.538542397, -0.100526609, 0, 3, 5, 1, 
504.975137, 69, 0.1, 0.1, 0.00965192744, 0.345226217, -0.019962913, 0.783643866, -0.621210342, 5.0065865e-005, 0.62121034, 0.783643868, 4.05178897e-005, -6.44039402e-005, -6.50162676e-007, 0.999999998, 0.783644028, -0.621210137, 5.22578034e-005, 0.621210136, 0.78364403, 2.58526613e-005, -5.70114509e-005, 1.22037935e-005, 0.999999998, 0, 0, 0, 0, 0, 0, 0, 0.118228833, -0.0335512207, -0.297245728, -0.181794387, 0.154414776, -0.97112229, -0.97668457, 0.0853271484, 0.196411133, 0.113206693, 0.98430047, 0.135395462, 0, 0, -0, 0, 0, 0, 0, 0.167095508, 0.0436273437, -0.270364893, -0.0451387778, 0.250413826, -0.966957169, 0.546142578, -0.804321289, -0.233764648, -0.836448879, -0.538542397, -0.100526609, 0, 3, 5, 1, 
504.975923, 69, 0.1, 0.1, 0.00965192742, 0.345226217, -0.0199661108, 0.783643145, -0.621211251, -5.38552092e-005, 0.62121125, 0.783643147, -3.64472139e-005, 6.4844685e-005, -4.89385251e-006, 0.999999998, 0.783643276, -0.621211087, -3.11541194e-005, 0.621211087, 0.783643277, -2.03095143e-005, 3.70302117e-005, -3.43787e-006, 0.999999999, 0, 0, 0, 0, 0, 0, 0, 0.118228833, -0.0335512207, -0.297245728, -0.181794387, 0.154414776, -0.97112229, -0.97668457, 0.0853271484, 0.196411133, 0.113206693, 0.98430047, 0.135395462, 0, 0, -0, 0, 0, 0, 0, 0.167095508, 0.0436273437, -0.270364893, -0.0451387778, 0.250413826, -0.966957169, 0.546142578, -0.804321289, -0.233764648, -0.836448879, -0.538542397, -0.100526609, 0, 3, 5, 1, 
504.976706, 69, 0.1, 0.1, 0.00965193767, 0.345226225, -0.0199690518, 0.78364252, -0.621212042, -6.87952691e-006, 0.621212042, 0.78364252, -5.28936273e-006, 8.67690562e-006, -1.28675426e-007, 1, 0.783642614, -0.621211922, -4.02041332e-005, 0.621211922, 0.783642615, -1.92329085e-005, 4.34533842e-005, -9.90356016e-006, 0.999999999, 0, 0, 0, 0, 0, 0, 0, 0.118228833, -0.0335512207, -0.297245728, -0.181794387, 0.154414776, -0.97112229, -0.97668457, 0.0853271484, 0.196411133, 0.113206693, 0.98430047, 0.135395462, 0, 0, -0, 0, 0, 0, 0, 0.167095508, 0.0436273437, -0.270364893, -0.0451387778, 0.250413826, -0.966957169, 0.546142578, -0.804321289, -0.233764648, -0.836448879, -0.538542397, -0.100526609, 0, 3, 5, 1, 
504.977488, 69, 0.1, 0.1, 0.00965192308, 0.345226218, -0.0199707631, 0.78364204, -0.621212644, 6.12433562e-005, 0.621212642, 0.783642042, 5.1708588e-005, -8.01148974e-005, -2.47587628e-006, 0.999999997, 0.783642149, -0.621212505, 7.95143656e-005, 0.621212504, 0.783642153, 4.10486017e-005, -8.78107133e-005, 1.72279036e-005, 0.999999996, 0, 0, 0, 0, 0, 0, 0, 0.118228833, -0.0335512207, -0.297245728, -0.181794387, 0.154414776, -0.97112229, -0.97668457, 0.0853271484, 0.196411133, 0.113206693, 0.98430047, 0.135395462, 0, 0, -0, 0, 0, 0, 0, 0.167095508, 0.0436273437, -0.270364893, -0.0451387778, 0.250413826, -0.966957169, 0.546142578, -0.804321289, -0.233764648, -0.836448879, -0.538542397, -0.100526609, 0, 3, 5, 1, 
504.978299, 69, 0.1, 0.1, 0.00965192298, 0.345226219, -0.0199704687, 0.783641203, -0.621213702, -2.23304609e-005, 0.6212137, 0.783641203, -5.50283163e-005, 5.16834133e-005, 2.92504678e-005, 0.999999998, 0.783641387, -0.621213471, -1.70630204e-005, 0.62121347, 0.783641387, -3.85289201e-005, 3.73059732e-005, 1.95930783e-005, 0.999999999, 0, 0, 0, 0, 0, 0, 0, 0.118630273, -0.0350283691, -0.297715039, -0.182468739, 0.151679917, -0.971446922, -0.977050781, 0.0821533203, 0.196411133, 0.109729334, 0.984980813, 0.133345816, 0, 0, -0, 0, 0, 0, 0, 0.167674072, 0.0417917969, -0.27089707, -0.0439243952, 0.244215414, -0.968701268, 0.549926758, -0.803588867, -0.227416992, -0.833989131, -0.542630672, -0.0991142663, 0, 3, 5, 1, 
504.979086, 69, 0.1, 0.1, 0.00965192594, 0.345226222, -0.0199686122, 0.78364044, -0.621214665, 1.38050015e-005, 0.621214665, 0.78364044, 2.50051875e-005, -2.63517466e-005, -1.10192068e-005, 1, 0.783640556, -0.62121452, -2.26285861e-006, 0.621214519, 0.783640556, 1.48740056e-005, -7.46668045e-006, -1.30615946e-005, 1, 0, 0, 0, 0, 0, 0, 0, 0.118630273, -0.0350283691, -0.297715039, -0.182468739, 0.151679917, -0.971446922, -0.977050781, 0.0821533203, 0.196411133, 0.109729334, 0.984980813, 0.133345816, 0, 0, -0, 0, 0, 0, 0, 0.167674072, 0.0417917969, -0.27089707, -0.0439243952, 0.244215414, -0.968701268, 0.549926758, -0.803588867, -0.227416992, -0.833989131, -0.542630672, -0.0991142663, 0, 3, 5, 1, 
504.979869, 69, 0.1, 0.1, 0.00965192561, 0.345226222, -0.0199660018, 0.78363995, -0.621215284, -2.12036928e-005, 0.621215283, 0.78363995, -2.74643023e-005, 3.36773051e-005, 8.35006642e-006, 0.999999999, 0.783640065, -0.621215138, -1.78245378e-005, 0.621215138, 0.783640065, -7.86823721e-006, 1.885589e-005, -4.90700679e-006, 1, 0, 0, 0, 0, 0, 0, 0, 0.118630273, -0.0350283691, -0.297715039, -0.182468739, 0.151679917, -0.971446922, -0.977050781, 0.0821533203, 0.196411133, 0.109729334, 0.984980813, 0.133345816, 0, 0, -0, 0, 0, 0, 0, 0.167674072, 0.0417917969, -0.27089707, -0.0439243952, 0.244215414, -0.968701268, 0.549926758, -0.803588867, -0.227416992, -0.833989131, -0.542630672, -0.0991142663, 0, 3, 5, 1, 
504.980651, 69, 0.1, 0.1, 0.00965192526, 0.345226221, -0.0199635734, 0.783639438, -0.621215929, 3.70668892e-005, 0.621215928, 0.783639438, 4.02945134e-005, -5.40786698e-005, -8.54982785e-006, 0.999999999, 0.783639528, -0.621215816, 2.01295466e-005, 0.621215816, 0.783639528, 2.91928508e-005, -3.39093691e-005, -1.03718791e-005, 0.999999999, 0, 0, 0, 0, 0, 0, 0, 0.118630273, -0.0350283691, -0.297715039, -0.182468739, 0.151679917, -0.971446922, -0.977050781, 0.0821533203, 0.196411133, 0.109729334, 0.984980813, 0.133345816, 0, 0, -0, 0, 0, 0, 0, 0.167674072, 0.0417917969, -0.27089707, -0.0439243952, 0.244215414, -0.968701268, 0.549926758, -0.803588867, -0.227416992, -0.833989131, -0.542630672, -0.0991142663, 0, 3, 5, 1, 
504.981431, 69, 0.1, 0.1, 0.00965192161, 0.345226219, -0.0199621193, 0.783639073, -0.62121639, -1.46369255e-005, 0.621216389, 0.783639073, -2.53283732e-005, 2.72044673e-005, 1.07556049e-005, 1, 0.78363917, -0.621216268, -7.78184868e-006, 0.621216268, 0.78363917, -1.6330229e-006, 7.11262183e-006, -3.55451028e-006, 1, 0, 0, 0, 0, 0, 0, 0, 0.118630273, -0.0350283691, -0.297715039, -0.182468739, 0.151679917, -0.971446922, -0.977050781, 0.0821533203, 0.196411133, 0.109729334, 0.984980813, 0.133345816, 0, 0, -0, 0, 0, 0, 0, 0.167674072, 0.0417917969, -0.27089707, -0.0439243952, 0.244215414, -0.968701268, 0.549926758, -0.803588867, -0.227416992, -0.833989131, -0.542630672, -0.0991142663, 0, 3, 5, 1, 
504.982213, 69, 0.1, 0.1, 0.00965192156, 0.345226218, -0.0199620301, 0.78363867, -0.621216898, 3.27749076e-005, 0.621216897, 0.78363867, 3.76024661e-005, -4.90429723e-005, -9.10642012e-006, 0.999999999, 0.783638738, -0.621216812, 1.73746804e-005, 0.621216812, 0.783638738, 2.72159886e-005, -3.05225023e-005, -1.05340594e-005, 0.999999999, 0, 0, 0, 0, 0, 0, 0, 0.118630273, -0.0350283691, -0.297715039, -0.182468739, 0.151679917, -0.971446922, -0.977050781, 0.0821533203, 0.196411133, 0.109729334, 0.984980813, 0.133345816, 0, 0, -0, 0, 0, 0, 0, 0.167674072, 0.0417917969, -0.27089707, -0.0439243952, 0.244215414, -0.968701268, 0.549926758, -0.803588867, -0.227416992, -0.833989131, -0.542630672, -0.0991142663, 0, 3, 5, 1, 
504.983026, 69, 0.1, 0.1, 0.00965191939, 0.345226217, -0.0199628834, 0.783638395, -0.621217245, -2.51763821e-005, 0.621217245, 0.783638395, -3.25450117e-005, 3.99467022e-005, 9.86351805e-006, 0.999999999, 0.783638474, -0.621217145, -1.7083189e-005, 0.621217145, 0.783638474, -8.55116759e-006, 1.86991761e-005, -3.91134599e-006, 1, 0, 0, 0, 0, 0, 0, 0, 0.11956853, -0.0367701416, -0.297762891, -0.181284404, 0.148120182, -0.972228736, -0.977783203, 0.078125, 0.194213867, 0.104721668, 0.985915395, 0.130750621, 0, 0, -0, 0, 0, 0, 0, 0.168276074, 0.0400141113, -0.270969824, -0.0425182487, 0.239052015, -0.969991843, 0.554443359, -0.801879883, -0.222045898, -0.831018257, -0.547223877, -0.098513455, 0, 3, 5, 1, 
504.98381, 69, 0.1, 0.1, 0.00965192231, 0.345226218, -0.0199646032, 0.783638082, -0.62121764, 1.78157745e-005, 0.621217639, 0.783638082, 2.64740579e-005, -3.04072712e-005, -9.67860658e-006, 0.999999999, 0.783638134, -0.621217575, 2.90183229e-006, 0.621217575, 0.783638134, 1.62926715e-005, -1.23952803e-005, -1.09648895e-005, 1, 0, 0, 0, 0, 0, 0, 0, 0.11956853, -0.0367701416, -0.297762891, -0.181284404, 0.148120182, -0.972228736, -0.977783203, 0.078125, 0.194213867, 0.104721668, 0.985915395, 0.130750621, 0, 0, -0, 0, 0, 0, 0, 0.168276074, 0.0400141113, -0.270969824, -0.0425182487, 0.239052015, -0.969991843, 0.554443359, -0.801879883, -0.222045898, -0.831018257, -0.547223877, -0.098513455, 0, 3, 5, 1, 
504.984591, 69, 0.1, 0.1, 0.00965192253, 0.345226218, -0.0199666106, 0.783637886, -0.621217887, -2.82379278e-005, 0.621217886, 0.783637886, -3.18848627e-005, 4.19357571e-005, 7.44428056e-006, 0.999999999, 0.783637948, -0.621217809, -2.22960859e-005, 0.621217809, 0.783637948, -1.11306769e-005, 2.43866337e-005, -5.12830485e-006, 1, 0, 0, 0, 0, 0, 0, 0, 0.11956853, -0.0367701416, -0.297762891, -0.181284404, 0.148120182, -0.972228736, -0.977783203, 0.078125, 0.194213867, 0.104721668, 0.985915395, 0.130750621, 0, 0, -0, 0, 0, 0, 0, 0.168276074, 0.0400141113, -0.270969824, -0.0425182487, 0.239052015, -0.969991843, 0.554443359, -0.801879883, -0.222045898, -0.831018257, -0.547223877, -0.098513455, 0, 3, 5, 1, 
504.985373, 69, 0.1, 0.1, 0.00965192435, 0.345226221, -0.0199682758, 0.783637663, -0.621218167, 3.00938408e-005, 0.621218168, 0.783637664, 7.56908054e-006, -2.82847174e-005, 1.2763424e-005, 1, 0.783637703, -0.621218118, 1.55908382e-005, 0.621218118, 0.783637703, -2.96063593e-006, -1.03783679e-005, 1.20053771e-005, 1, 0, 0, 0, 0, 0, 0, 0, 0.11956853, -0.0367701416, -0.297762891, -0.181284404, 0.148120182, -0.972228736, -0.977783203, 0.078125, 0.194213867, 0.104721668, 0.985915395, 0.130750621, 0, 0, -0, 0, 0, 0, 0, 0.168276074, 0.0400141113, -0.270969824, -0.0425182487, 0.239052015, -0.969991843, 0.554443359, -0.801879883, -0.222045898, -0.831018257, -0.547223877, -0.098513455, 0, 3, 5, 1, 
504.986298, 69, 0.1, 0.1, 0.00965192827, 0.345226218, -0.0199679587, 0.78363719, -0.621218764, -4.03124721e-005, 0.621218764, 0.783637191, -2.24978331e-005, 4.55664285e-005, -7.41272543e-006, 0.999999999, 0.783637338, -0.621218577, -3.79034045e-005, 0.621218578, 0.783637339, 3.05265164e-006, 2.78061592e-005, -2.59384709e-005, 0.999999999, 0, 0, 0, 0, 0, 0, 0, 0.11956853, -0.0367701416, -0.297762891, -0.181284404, 0.148120182, -0.972228736, -0.977783203, 0.078125, 0.194213867, 0.104721668, 0.985915395, 0.130750621, 0, 0, -0, 0, 0, 0, 0, 0.168276074, 0.0400141113, -0.270969824, -0.0425182487, 0.239052015, -0.969991843, 0.554443359, -0.801879883, -0.222045898, -0.831018257, -0.547223877, -0.098513455, 0, 3, 5, 1, 
504.9871, 69, 0.1, 0.1, 0.00965192699, 0.345226222, -0.0199658347, 0.783636369, -0.621219801, 2.97713187e-005, 0.6212198, 0.783636369, 3.12044271e-005, -4.27146961e-005, -5.95839126e-006, 0.999999999, 0.783636581, -0.621219533, 2.87978247e-005, 0.621219533, 0.783636581, -1.74937075e-006, -2.14802856e-005, 1.92606421e-005, 1, 0, 0, 0, 0, 0, 0, 0, 0.11956853, -0.0367701416, -0.297762891, -0.179757463, 0.145023621, -0.972915071, -0.978637695, 0.0737304687, 0.191772461, 0.0995361474, 0.986653026, 0.128758262, 0, 0, -0, 0, 0, 0, 0, 0.168276074, 0.0400141113, -0.270969824, -0.0425182487, 0.239052015, -0.969991843, 0.554443359, -0.801879883, -0.222045898, -0.831018257, -0.547223877, -0.098513455, 0, 3, 5, 1, 
504.987898, 69, 0.1, 0.1, 0.0096519241, 0.345226221, -0.0199635776, 0.7836354, -0.621221024, -1.54112782e-006, 0.621221023, 0.783635399, -4.82314322e-005, 3.1170062e-005, 3.68384767e-005, 0.999999999, 0.783635582, -0.621220794, 5.87955672e-006, 0.621220794, 0.783635581, -2.74039496e-005, 1.24164735e-005, 2.51272129e-005, 1, 0, 0, 0, 0, 0, 0, 0, 0.120746997, -0.0382656006, -0.298027271, -0.179757463, 0.145023621, -0.972915071, -0.978637695, 0.0737304687, 0.191772461, 0.0995361474, 0.986653026, 0.128758262, 0, 0, -0, 0, 0, 0, 0, 0.169111328, 0.0385226562, -0.271267773, -0.0410034605, 0.234885348, -0.971084457, 0.559326172, -0.799926758, -0.217041016, -0.827913221, -0.551957806, -0.0986282934, 0, 3, 5, 1, 
504.988682, 69, 0.1, 0.1, 0.00965192413, 0.345226221, -0.0199622061, 0.783634689, -0.62122192, 2.45926009e-005, 0.621221919, 0.783634689, 4.49996636e-005, -4.72263925e-005, -1.99858347e-005, 0.999999999, 0.783634791, -0.621221791, 9.55079127e-006, 0.621221791, 0.783634791, 3.38534191e-005, -2.8514814e-005, -2.05955573e-005, 0.999999999, 0, 0, 0, 0, 0, 0, 0, 0.120746997, -0.0382656006, -0.298027271, -0.179757463, 0.145023621, -0.972915071, -0.978637695, 0.0737304687, 0.191772461, 0.0995361474, 0.986653026, 0.128758262, 0, 0, -0, 0, 0, 0, 0, 0.169111328, 0.0385226562, -0.271267773, -0.0410034605, 0.234885348, -0.971084457, 0.559326172, -0.799926758, -0.217041016, -0.827913221, -0.551957806, -0.0986282934, 0, 3, 5, 1, 
504.989464, 69, 0.1, 0.1, 0.00965192064, 0.345226223, -0.0199621264, 0.783634453, -0.621222217, -2.54935345e-005, 0.621222216, 0.783634454, -3.39281632e-005, 4.10545407e-005, 1.07501277e-005, 0.999999999, 0.783634452, -0.621222219, 1.31663069e-006, 0.621222218, 0.783634452, -3.36352752e-005, 1.98632231e-005, 2.71756807e-005, 0.999999999, 0, 0, 0, 0, 0, 0, 0, 0.120746997, -0.0382656006, -0.298027271, -0.179757463, 0.145023621, -0.972915071, -0.978637695, 0.0737304687, 0.191772461, 0.0995361474, 0.986653026, 0.128758262, 0, 0, -0, 0, 0, 0, 0, 0.169111328, 0.0385226562, -0.271267773, -0.0410034605, 0.234885348, -0.971084457, 0.559326172, -0.799926758, -0.217041016, -0.827913221, -0.551957806, -0.0986282934, 0, 3, 5, 1, 
504.990283, 69, 0.1, 0.1, 0.00965192707, 0.34522622, -0.0199628228, 0.783634765, -0.621221824, 2.66224031e-005, 0.621221823, 0.783634766, 2.03463709e-005, -3.35018502e-005, 5.94294221e-007, 0.999999999, 0.783634667, -0.621221949, -4.16747537e-006, 0.621221948, 0.783634666, 2.89031314e-005, -1.46894815e-005, -2.52384229e-005, 1, 0, 0, 0, 0, 0, 0, 0, 0.121695264, -0.0397732666, -0.298297021, -0.178464544, 0.141685925, -0.973677789, -0.979125977, 0.0709228516, 0.189819336, 0.0959943869, 0.987428849, 0.126283635, 0, 0, -0, 0, 0, 0, 0, 0.169332373, 0.0372927734, -0.271736719, -0.0419039444, 0.231166008, -0.972017024, 0.563110352, -0.797973633, -0.214111328, -0.825184783, -0.556276491, -0.0967624267, 0, 3, 5, 1, 
504.991066, 69, 0.1, 0.1, 0.00965192609, 0.345226221, -0.0199644282, 0.783635228, -0.62122124, -2.67969853e-005, 0.621221239, 0.783635228, -3.62710044e-005, 4.353138e-005, 1.17763804e-005, 0.999999999, 0.783635168, -0.621221315, -1.95365091e-005, 0.621221315, 0.783635168, -1.53369513e-005, 2.48371366e-005, -1.17921458e-007, 1, 0, 0, 0, 0, 0, 0, 0, 0.121695264, -0.0397732666, -0.298297021, -0.178464544, 0.141685925, -0.973677789, -0.979125977, 0.0709228516, 0.189819336, 0.0959943869, 0.987428849, 0.126283635, 0, 0, -0, 0, 0, 0, 0, 0.169332373, 0.0372927734, -0.271736719, -0.0419039444, 0.231166008, -0.972017024, 0.563110352, -0.797973633, -0.214111328, -0.825184783, -0.556276491, -0.0967624267, 0, 3, 5, 1, 
504.99185, 69, 0.1, 0.1, 0.00965192775, 0.345226224, -0.0199664271, 0.78363559, -0.621220783, 3.13506508e-005, 0.621220783, 0.78363559, 1.0001677e-005, -3.07807354e-005, 1.16380058e-005, 0.999999999, 0.783635517, -0.621220875, 1.6723827e-005, 0.621220875, 0.783635517, -1.62544509e-006, -1.20956244e-005, 1.1662947e-005, 1, 0, 0, 0, 0, 0, 0, 0, 0.121695264, -0.0397732666, -0.298297021, -0.178464544, 0.141685925, -0.973677789, -0.979125977, 0.0709228516, 0.189819336, 0.0959943869, 0.987428849, 0.126283635, 0, 0, -0, 0, 0, 0, 0, 0.169332373, 0.0372927734, -0.271736719, -0.0419039444, 0.231166008, -0.972017024, 0.563110352, -0.797973633, -0.214111328, -0.825184783, -0.556276491, -0.0967624267, 0, 3, 5, 1, 
504.992631, 69, 0.1, 0.1, 0.00965192973, 0.34522622, -0.0199680846, 0.783635719, -0.62122062, -3.47503913e-005, 0.62122062, 0.78363572, -9.80318191e-006, 3.33215866e-005, -1.39055361e-005, 0.999999999, 0.783635732, -0.621220604, -3.08819586e-005, 0.621220604, 0.783635732, 1.1303912e-005, 1.71779832e-005, -2.80426584e-005, 0.999999999, 0, 0, 0, 0, 0, 0, 0, 0.121695264, -0.0397732666, -0.298297021, -0.178464544, 0.141685925, -0.973677789, -0.979125977, 0.0709228516, 0.189819336, 0.0959943869, 0.987428849, 0.126283635, 0, 0, -0, 0, 0, 0, 0, 0.169332373, 0.0372927734, -0.271736719, -0.0419039444, 0.231166008, -0.972017024, 0.563110352, -0.797973633, -0.214111328, -0.825184783, -0.556276491, -0.0967624267, 0, 3, 5, 1, 
504.993414, 69, 0.1, 0.1, 0.00965192903, 0.345226223, -0.0199689096, 0.783635425, -0.621220992, 2.34190205e-005, 0.621220991, 0.783635425, 2.69453008e-005, -3.50909606e-005, -6.56690516e-006, 0.999999999, 0.783635517, -0.621220876, 2.33515841e-005, 0.621220876, 0.783635517, 8.7936517e-007, -1.88454107e-005, 1.38173897e-005, 1, 0, 0, 0, 0, 0, 0, 0, 0.121695264, -0.0397732666, -0.298297021, -0.178464544, 0.141685925, -0.973677789, -0.979125977, 0.0709228516, 0.189819336, 0.0959943869, 0.987428849, 0.126283635, 0, 0, -0, 0, 0, 0, 0, 0.169332373, 0.0372927734, -0.271736719, -0.0419039444, 0.231166008, -0.972017024, 0.563110352, -0.797973633, -0.214111328, -0.825184783, -0.556276491, -0.0967624267, 0, 3, 5, 1, 
504.994197, 69, 0.1, 0.1, 0.00965192749, 0.345226223, -0.0199686853, 0.783634951, -0.62122159, -6.01461396e-006, 0.621221589, 0.78363495, -4.49471629e-005, 3.26354097e-005, 3.14857597e-005, 0.999999999, 0.783635042, -0.621221475, 8.20150517e-007, 0.621221474, 0.783635042, -2.60665271e-005, 1.55503877e-005, 2.09361392e-005, 1, 0, 0, 0, 0, 0, 0, 0, 0.121695264, -0.0397732666, -0.298297021, -0.178464544, 0.141685925, -0.973677789, -0.979125977, 0.0709228516, 0.189819336, 0.0959943869, 0.987428849, 0.126283635, 0, 0, -0, 0, 0, 0, 0, 0.169332373, 0.0372927734, -0.271736719, -0.0419039444, 0.231166008, -0.972017024, 0.563110352, -0.797973633, -0.214111328, -0.825184783, -0.556276491, -0.0967624267, 0, 3, 5, 1, 
