time, trialNum, realDorsalTactorPos, realVentralTactorPos, boxPosX, boxPosY, boxPosZ, boxLocalRot_11, boxLocalRot_12, boxLocalRot_13, boxLocalRot_21, boxLocalRot_22, boxLocalRot_23, boxLocalRot_31, boxLocalRot_32, boxLocalRot_33, boxGlobalRot_11, boxGlobalRot_12, boxGlobalRot_13, boxGlobalRot_21, boxGlobalRot_22, boxGlobalRot_23, boxGlobalRot_31, boxGlobalRot_32, boxGlobalRot_33, indexForceX, indexForceY, indexForceZ, indexForceGlobalX, indexForceGlobalY, indexForceGlobalZ, indexContact, indexPosX, indexPosY, indexPosZ, indexRot_11, indexRot_12, indexRot_13, indexRot_21, indexRot_22, indexRot_23, indexRot_31, indexRot_32, indexRot_33, thumbForceX, thumbForceY, thumbForceZ, thumbForceGlobalX, thumbForceGlobalY, thumbForceGlobalZ, thumbContact, thumbPosX, thumbPosY, thumbPosZ, thumbRot_11, thumbRot_12, thumbRot_13, thumbRot_21, thumbRot_22, thumbRot_23, thumbRot_31, thumbRot_32, thumbRot_33, manipForceTooHigh, cceExpType, mapping, trialSuccess, 
288.221435, 45, 0.1, 0.1, 0.00438139105, 0.368103113, -0.0349794135, 0.880112684, -0.474764851, 2.16904446e-005, 0.47476485, 0.880112683, 4.50007434e-005, -4.04548066e-005, -2.93078643e-005, 0.999999999, 0.880112691, -0.474764838, 2.00115763e-005, 0.474764837, 0.88011269, 4.12300208e-005, -3.71870064e-005, -2.67862718e-005, 0.999999999, 0, 0, 0, 0, 0, 0, 0, 0.165174146, 0.152685596, 0.147348755, -0.645890629, 0.720170208, 0.253011598, -0.729248047, -0.680053711, 0.07421875, 0.225520184, -0.136557487, 0.964605734, 0, 0, -0, 0, 0, 0, 0, 0.257341455, 0.149288281, 0.170950635, -0.0339720653, 0.945745559, -0.322567296, 0.454345703, -0.272827148, -0.847900391, -0.890141202, -0.175296321, -0.420419983, 0, 2, 1, 1, 
288.245134, 45, 0.1, 0.1, 0.00438138922, 0.368103117, -0.0349676945, 0.880108247, -0.474773075, 2.84770653e-006, 0.474773075, 0.880108247, -2.09748812e-005, 7.45201884e-006, 1.98121803e-005, 1, 0.880108376, -0.474772836, -5.62950011e-006, 0.474772836, 0.880108376, -2.94420254e-005, 1.89328441e-005, 2.32394394e-005, 1, 0, 0, 0, 0, 0, 0, 0, 0.163736523, 0.154312769, 0.149419946, -0.652960307, 0.705045001, 0.276419653, -0.71875, -0.691894531, 0.0672607422, 0.238628329, -0.154801743, 0.958673607, 0, 0, -0, 0, 0, 0, 0, 0.257289062, 0.151161914, 0.171989355, -0.0366819131, 0.951292853, -0.305583099, 0.444946289, -0.258178711, -0.857421875, -0.894722013, -0.167348714, -0.413847906, 0, 2, 1, 1, 
288.245923, 45, 0.1, 0.1, 0.00438138474, 0.368103111, -0.0349705316, 0.880107525, -0.474774413, 3.99803881e-006, 0.474774413, 0.880107525, 2.19408138e-005, -1.39356411e-005, -1.74121088e-005, 1, 0.880107652, -0.474774178, 1.00561342e-005, 0.474774178, 0.880107652, 2.83273425e-005, -2.22995714e-005, -2.0156718e-005, 1, 0, 0, 0, 0, 0, 0, 0, 0.16391814, 0.15433584, 0.149297144, -0.653552283, 0.705508174, 0.273964121, -0.719482422, -0.69140625, 0.064453125, 0.234890739, -0.154998694, 0.959556893, 0, 0, -0, 0, 0, 0, 0, 0.25738208, 0.150968945, 0.171767334, -0.0353592553, 0.951433578, -0.305225458, 0.445678711, -0.258300781, -0.857055664, -0.894460253, -0.166351982, -0.414915001, 0, 2, 1, 1, 
288.246696, 45, 0.1, 0.1, 0.00438138526, 0.368103115, -0.0349717721, 0.880106796, -0.474775766, 6.43867493e-006, 0.474775766, 0.880106796, -1.03696344e-005, -7.43470436e-007, 1.21833125e-005, 1, 0.880106943, -0.474775493, 7.10428088e-007, 0.474775493, 0.880106943, -1.80746449e-005, 7.95614576e-006, 1.62449143e-005, 1, 0, 0, 0, 0, 0, 0, 0, 0.16391814, 0.15433584, 0.149297144, -0.653552283, 0.705508174, 0.273964121, -0.719482422, -0.69140625, 0.064453125, 0.234890739, -0.154998694, 0.959556893, 0, 0, -0, 0, 0, 0, 0, 0.25738208, 0.150968945, 0.171767334, -0.0353592553, 0.951433578, -0.305225458, 0.445678711, -0.258300781, -0.857055664, -0.894460253, -0.166351982, -0.414915001, 0, 2, 1, 1, 
288.247449, 45, 0.1, 0.1, 0.00438138912, 0.368103112, -0.0349713013, 0.880106066, -0.474777118, -1.42214039e-005, 0.474777119, 0.880106066, 1.19500646e-005, 6.84272658e-006, -1.72693215e-005, 1, 0.880106209, -0.474776853, -1.89277599e-005, 0.474776853, 0.880106209, 1.42401853e-005, 9.89752864e-006, -2.15193377e-005, 1, 0, 0, 0, 0, 0, 0, 0, 0.16391814, 0.15433584, 0.149297144, -0.653552283, 0.705508174, 0.273964121, -0.719482422, -0.69140625, 0.064453125, 0.234890739, -0.154998694, 0.959556893, 0, 0, -0, 0, 0, 0, 0, 0.25738208, 0.150968945, 0.171767334, -0.0353592553, 0.951433578, -0.305225458, 0.445678711, -0.258300781, -0.857055664, -0.894460253, -0.166351982, -0.414915001, 0, 2, 1, 1, 
288.248216, 45, 0.1, 0.1, 0.00438138799, 0.368103117, -0.0349694669, 0.880105453, -0.474778255, -1.79259255e-006, 0.474778255, 0.880105453, -1.84139024e-005, 1.03201909e-005, 1.5355092e-005, 1, 0.880105556, -0.474778063, 2.32847966e-006, 0.474778063, 0.880105556, -2.07914003e-005, 7.82199287e-006, 1.9404138e-005, 1, 0, 0, 0, 0, 0, 0, 0, 0.16391814, 0.15433584, 0.149297144, -0.653552283, 0.705508174, 0.273964121, -0.719482422, -0.69140625, 0.064453125, 0.234890739, -0.154998694, 0.959556893, 0, 0, -0, 0, 0, 0, 0, 0.25738208, 0.150968945, 0.171767334, -0.0353592553, 0.951433578, -0.305225458, 0.445678711, -0.258300781, -0.857055664, -0.894460253, -0.166351982, -0.414915001, 0, 2, 1, 1, 
288.24898, 45, 0.1, 0.1, 0.0043813905, 0.368103114, -0.0349668946, 0.880104981, -0.474779129, -1.3161482e-005, 0.474779129, 0.880104981, 1.10516902e-005, 6.33637405e-006, -1.59754445e-005, 1, 0.880105075, -0.474778956, -7.52475476e-006, 0.474778956, 0.880105075, 1.99815379e-005, -2.86423887e-006, -2.11584482e-005, 1, 0, 0, 0, 0, 0, 0, 0, 0.16391814, 0.15433584, 0.149297144, -0.653552283, 0.705508174, 0.273964121, -0.719482422, -0.69140625, 0.064453125, 0.234890739, -0.154998694, 0.959556893, 0, 0, -0, 0, 0, 0, 0, 0.25738208, 0.150968945, 0.171767334, -0.0353592553, 0.951433578, -0.305225458, 0.445678711, -0.258300781, -0.857055664, -0.894460253, -0.166351982, -0.414915001, 0, 2, 1, 1, 
288.249763, 45, 0.1, 0.1, 0.00438138662, 0.36810312, -0.0349642666, 0.880104443, -0.474780128, 1.68780095e-005, 0.474780128, 0.880104442, -1.42081953e-005, -8.10864237e-006, 2.05180393e-005, 1, 0.880104555, -0.474779919, 2.23923168e-005, 0.47477992, 0.880104555, -1.76711699e-005, -1.13176634e-005, 2.61838995e-005, 1, 0, 0, 0, 0, 0, 0, 0, 0.16391814, 0.15433584, 0.149297144, -0.653552283, 0.705508174, 0.273964121, -0.719482422, -0.69140625, 0.064453125, 0.234890739, -0.154998694, 0.959556893, 0, 0, -0, 0, 0, 0, 0, 0.25738208, 0.150968945, 0.171767334, -0.0353592553, 0.951433578, -0.305225458, 0.445678711, -0.258300781, -0.857055664, -0.894460253, -0.166351982, -0.414915001, 0, 2, 1, 1, 
288.250552, 45, 0.1, 0.1, 0.00438138956, 0.368103116, -0.0349624305, 0.88010399, -0.474780967, -6.13413658e-006, 0.474780967, 0.88010399, 1.90585512e-005, -3.64995928e-006, -1.96858782e-005, 1, 0.880104077, -0.474780805, -1.32649431e-005, 0.474780805, 0.880104077, 2.14002604e-005, 1.51409766e-006, -2.51323969e-005, 1, 0, 0, 0, 0, 0, 0, 0, 0.164224634, 0.154411646, 0.148173486, -0.651996889, 0.706923905, 0.273824457, -0.720458984, -0.690185547, 0.0665283203, 0.236127492, -0.153863413, 0.959455422, 0, 0, -0, 0, 0, 0, 0, 0.25738208, 0.150968945, 0.171767334, -0.0343752827, 0.951682944, -0.304822973, 0.445678711, -0.258422852, -0.856933594, -0.894479576, -0.165221088, -0.415240926, 0, 2, 1, 1, 
288.251315, 45, 0.1, 0.1, 0.00438138842, 0.368103123, -0.0349617293, 0.880103643, -0.474781611, 1.40285343e-005, 0.474781611, 0.880103642, -1.63284496e-005, -4.5941165e-006, 2.10312181e-005, 1, 0.880103711, -0.474781484, 6.45665382e-006, 0.474781484, 0.880103711, -2.65661373e-005, 6.93058511e-006, 2.64464557e-005, 1, 0, 0, 0, 0, 0, 0, 0, 0.164224634, 0.154411646, 0.148173486, -0.651996889, 0.706923905, 0.273824457, -0.720458984, -0.690185547, 0.0665283203, 0.236127492, -0.153863413, 0.959455422, 0, 0, -0, 0, 0, 0, 0, 0.257446777, 0.151009229, 0.171117383, -0.0343752827, 0.951682944, -0.304822973, 0.445678711, -0.258422852, -0.856933594, -0.894479576, -0.165221088, -0.415240926, 0, 2, 1, 1, 
288.25209, 45, 0.1, 0.1, 0.00438139168, 0.368103118, -0.0349626949, 0.880103198, -0.474782434, -1.44308111e-005, 0.474782435, 0.880103198, 1.74829904e-005, 4.39998621e-006, -2.22383314e-005, 1, 0.880103289, -0.474782267, -2.03705847e-005, 0.474782267, 0.880103289, 1.97713897e-005, 8.5411134e-006, -2.70724575e-005, 1, 0, 0, 0, 0, 0, 0, 0, 0.164224634, 0.154411646, 0.148173486, -0.651996889, 0.706923905, 0.273824457, -0.720458984, -0.690185547, 0.0665283203, 0.236127492, -0.153863413, 0.959455422, 0, 0, -0, 0, 0, 0, 0, 0.257446777, 0.151009229, 0.171117383, -0.0343752827, 0.951682944, -0.304822973, 0.445678711, -0.258422852, -0.856933594, -0.894479576, -0.165221088, -0.415240926, 0, 2, 1, 1, 
288.252987, 45, 0.1, 0.1, 0.00438138921, 0.368103124, -0.0349644799, 0.880102831, -0.474783116, -1.85456322e-006, 0.474783116, 0.880102831, -2.04484181e-005, 1.134077e-005, 1.71161953e-005, 1, 0.880102905, -0.474782978, 5.70494579e-006, 0.474782978, 0.880102905, -2.38938509e-005, 6.32345433e-006, 2.37376587e-005, 1, 0, 0, 0, 0, 0, 0, 0, 0.164224634, 0.154411646, 0.148173486, -0.651996889, 0.706923905, 0.273824457, -0.720458984, -0.690185547, 0.0665283203, 0.236127492, -0.153863413, 0.959455422, 0, 0, -0, 0, 0, 0, 0, 0.257446777, 0.151009229, 0.171117383, -0.0343752827, 0.951682944, -0.304822973, 0.445678711, -0.258422852, -0.856933594, -0.894479576, -0.165221088, -0.415240926, 0, 2, 1, 1, 
288.25415, 45, 0.1, 0.1, 0.00438138628, 0.368103127, -0.0349609339, 0.880102661, -0.474783432, -1.18839037e-006, 0.474783431, 0.88010266, -2.19525186e-005, 1.14685976e-005, 1.8756242e-005, 1, 0.880102669, -0.474783416, 1.35731593e-005, 0.474783416, 0.880102669, -1.05774448e-005, -6.92377841e-006, 1.57535483e-005, 1, 0, 0, 0, 0, 0, 0, 0, 0.164224634, 0.154411646, 0.148173486, -0.651996889, 0.706923905, 0.273824457, -0.720458984, -0.690185547, 0.0665283203, 0.236127492, -0.153863413, 0.959455422, 0, 0, -0, 0, 0, 0, 0, 0.257446777, 0.151009229, 0.171117383, -0.0343752827, 0.951682944, -0.304822973, 0.445678711, -0.258422852, -0.856933594, -0.894479576, -0.165221088, -0.415240926, 0, 2, 1, 1, 
288.255119, 45, 0.1, 0.1, 0.00438138882, 0.368103126, -0.0349547753, 0.880102758, -0.474783252, 5.57087963e-006, 0.474783252, 0.880102758, 1.0050258e-006, -5.38011594e-006, 1.76043437e-006, 1, 0.880102727, -0.474783308, 3.3581602e-006, 0.474783308, 0.880102727, 1.63822895e-005, -1.07335635e-005, -1.28236992e-005, 1, 0, 0, 0, 0, 0, 0, 0, 0.164224634, 0.154411646, 0.148173486, -0.651757998, 0.708548569, 0.270423482, -0.722167969, -0.688598633, 0.0637207031, 0.231393162, -0.153749959, 0.960612043, 0, 0, -0, 0, 0, 0, 0, 0.257446777, 0.151009229, 0.171117383, -0.0343752827, 0.951682944, -0.304822973, 0.445678711, -0.258422852, -0.856933594, -0.894479576, -0.165221088, -0.415240926, 0, 2, 1, 1, 
288.255889, 45, 0.1, 0.1, 0.00438139076, 0.368103125, -0.0349534633, 0.880102986, -0.474782829, 5.29632073e-006, 0.474782828, 0.880102986, 1.52357536e-005, -1.18949819e-005, -1.08944301e-005, 1, 0.880102932, -0.474782929, -1.38158383e-006, 0.474782929, 0.880102931, 1.79242597e-005, -7.29419654e-006, -1.64311459e-005, 1, 0, 0, 0, 0, 0, 0, 0, 0.164668921, 0.154271777, 0.147556714, -0.651757998, 0.708548569, 0.270423482, -0.722167969, -0.688598633, 0.0637207031, 0.231393162, -0.153749959, 0.960612043, 0, 0, -0, 0, 0, 0, 0, 0.257738623, 0.150975781, 0.170790137, -0.0337872312, 0.951382538, -0.30551347, 0.448608398, -0.258666992, -0.85534668, -0.8930676, -0.165866376, -0.41801384, 0, 2, 1, 1, 
288.256643, 45, 0.1, 0.1, 0.00438139148, 0.368103126, -0.0349564632, 0.880103326, -0.474782198, 6.425177e-007, 0.474782198, 0.880103326, 1.27767507e-005, -6.63165574e-006, -1.09398048e-005, 1, 0.88010325, -0.474782339, -8.87173565e-006, 0.474782339, 0.88010325, 3.88614893e-006, 5.96296851e-006, -7.6323557e-006, 1, 0, 0, 0, 0, 0, 0, 0, 0.164668921, 0.154271777, 0.147556714, -0.651757998, 0.708548569, 0.270423482, -0.722167969, -0.688598633, 0.0637207031, 0.231393162, -0.153749959, 0.960612043, 0, 0, -0, 0, 0, 0, 0, 0.257738623, 0.150975781, 0.170790137, -0.0337872312, 0.951382538, -0.30551347, 0.448608398, -0.258666992, -0.85534668, -0.8930676, -0.165866376, -0.41801384, 0, 2, 1, 1, 
288.257406, 45, 0.1, 0.1, 0.004381391, 0.368103128, -0.0349626519, 0.880103757, -0.474781399, -5.52077589e-006, 0.474781399, 0.880103757, 3.33645491e-007, 4.70044693e-006, -2.91480435e-006, 1, 0.880103666, -0.474781568, -3.8884441e-006, 0.474781568, 0.880103666, -1.08130818e-005, 8.55608584e-006, 7.67047134e-006, 1, 0, 0, 0, 0, 0, 0, 0, 0.164668921, 0.154271777, 0.147556714, -0.651757998, 0.708548569, 0.270423482, -0.722167969, -0.688598633, 0.0637207031, 0.231393162, -0.153749959, 0.960612043, 0, 0, -0, 0, 0, 0, 0, 0.257738623, 0.150975781, 0.170790137, -0.0337872312, 0.951382538, -0.30551347, 0.448608398, -0.258666992, -0.85534668, -0.8930676, -0.165866376, -0.41801384, 0, 2, 1, 1, 
288.258191, 45, 0.1, 0.1, 0.00438138931, 0.368103129, -0.0349694808, 0.880104267, -0.474780453, -1.42532835e-006, 0.474780453, 0.880104267, -7.81167859e-006, 4.96326987e-006, 6.19837362e-006, 1, 0.880104164, -0.474780644, 2.98432414e-006, 0.474780644, 0.880104164, -8.89300721e-006, 1.59571159e-006, 9.24367201e-006, 1, 0, 0, 0, 0, 0, 0, 0, 0.164919141, 0.154174512, 0.14666311, -0.650935365, 0.710947935, 0.265956496, -0.724609375, -0.686279297, 0.0616455078, 0.226442784, -0.152646877, 0.962061095, 0, 0, -0, 0, 0, 0, 0, 0.257916602, 0.150542969, 0.170233057, -0.031448518, 0.95128046, -0.306338128, 0.450805664, -0.259887695, -0.853759766, -0.891962592, -0.164895163, -0.420678112, 0, 2, 1, 1, 
288.258949, 45, 0.1, 0.1, 0.00438138865, 0.368103129, -0.03497478, 0.880104787, -0.47477949, 3.2482956e-007, 0.47477949, 0.880104787, -7.47939729e-006, 3.26518038e-006, 6.73687578e-006, 1, 0.880104683, -0.474779682, 5.97856897e-006, 0.474779682, 0.880104683, -2.1185868e-006, -4.25590458e-006, 4.70308124e-006, 1, 0, 0, 0, 0, 0, 0, 0, 0.164919141, 0.154174512, 0.14666311, -0.650935365, 0.710947935, 0.265956496, -0.724609375, -0.686279297, 0.0616455078, 0.226442784, -0.152646877, 0.962061095, 0, 0, -0, 0, 0, 0, 0, 0.257916602, 0.150542969, 0.170233057, -0.031448518, 0.95128046, -0.306338128, 0.450805664, -0.259887695, -0.853759766, -0.891962592, -0.164895163, -0.420678112, 0, 2, 1, 1, 
288.259705, 45, 0.1, 0.1, 0.00438138895, 0.36810313, -0.0349772627, 0.880105319, -0.474778504, 3.15281791e-006, 0.474778504, 0.880105319, -2.42442562e-006, -1.62374664e-006, 3.63064005e-006, 1, 0.880105209, -0.474778708, 2.43143473e-006, 0.474778708, 0.880105209, 4.70662603e-006, -4.37452419e-006, -2.98793264e-006, 1, 0, 0, 0, 0, 0, 0, 0, 0.164919141, 0.154174512, 0.14666311, -0.650935365, 0.710947935, 0.265956496, -0.724609375, -0.686279297, 0.0616455078, 0.226442784, -0.152646877, 0.962061095, 0, 0, -0, 0, 0, 0, 0, 0.257916602, 0.150542969, 0.170233057, -0.031448518, 0.95128046, -0.306338128, 0.450805664, -0.259887695, -0.853759766, -0.891962592, -0.164895163, -0.420678112, 0, 2, 1, 1, 
288.260462, 45, 0.1, 0.1, 0.00438139011, 0.36810313, -0.0349762551, 0.880105857, -0.474777506, 1.51674545e-006, 0.474777506, 0.880105857, 5.92846966e-006, -4.14960059e-006, -4.49756425e-006, 1, 0.88010575, -0.474777704, -1.49117498e-006, 0.474777704, 0.88010575, 7.08948863e-006, -2.05353946e-006, -6.94747634e-006, 1, 0, 0, 0, 0, 0, 0, 0, 0.164919141, 0.154174512, 0.14666311, -0.650935365, 0.710947935, 0.265956496, -0.724609375, -0.686279297, 0.0616455078, 0.226442784, -0.152646877, 0.962061095, 0, 0, -0, 0, 0, 0, 0, 0.257916602, 0.150542969, 0.170233057, -0.031448518, 0.95128046, -0.306338128, 0.450805664, -0.259887695, -0.853759766, -0.891962592, -0.164895163, -0.420678112, 0, 2, 1, 1, 
288.261222, 45, 0.1, 0.1, 0.00438139123, 0.368103131, -0.0349723827, 0.880106402, -0.474776496, -2.17857621e-007, 0.474776496, 0.880106402, 9.82336631e-006, -4.47216555e-006, -8.74904126e-006, 1, 0.880106291, -0.474776701, -6.74515123e-006, 0.474776701, 0.880106291, 3.90150592e-006, 4.08410592e-006, -6.63618055e-006, 1, 0, 0, 0, 0, 0, 0, 0, 0.164919141, 0.154174512, 0.14666311, -0.650935365, 0.710947935, 0.265956496, -0.724609375, -0.686279297, 0.0616455078, 0.226442784, -0.152646877, 0.962061095, 0, 0, -0, 0, 0, 0, 0, 0.257916602, 0.150542969, 0.170233057, -0.031448518, 0.95128046, -0.306338128, 0.450805664, -0.259887695, -0.853759766, -0.891962592, -0.164895163, -0.420678112, 0, 2, 1, 1, 
288.261975, 45, 0.1, 0.1, 0.00438139155, 0.368103132, -0.034967028, 0.880106967, -0.474775449, -6.31513755e-006, 0.474775449, 0.880106967, 3.3760415e-006, 3.95513493e-006, -5.96954991e-006, 1, 0.880106856, -0.474775654, -5.30284394e-006, 0.474775654, 0.880106856, -6.71134137e-006, 7.8534508e-006, 3.38903635e-006, 1, 0, 0, 0, 0, 0, 0, 0, 0.164919141, 0.154174512, 0.14666311, -0.650935365, 0.710947935, 0.265956496, -0.724609375, -0.686279297, 0.0616455078, 0.226442784, -0.152646877, 0.962061095, 0, 0, -0, 0, 0, 0, 0, 0.257916602, 0.150542969, 0.170233057, -0.031448518, 0.95128046, -0.306338128, 0.450805664, -0.259887695, -0.853759766, -0.891962592, -0.164895163, -0.420678112, 0, 2, 1, 1, 
288.262772, 45, 0.1, 0.1, 0.00438139086, 0.368103134, -0.03496156, 0.880107603, -0.47477427, -5.91979286e-006, 0.474774269, 0.880107603, -1.12786723e-005, 1.05648781e-005, 7.11587992e-006, 1, 0.880107478, -0.474774501, -8.99775831e-007, 0.474774501, 0.880107478, -1.37234676e-005, 7.30745191e-006, 1.16509358e-005, 1, 0, 0, 0, 0, 0, 0, 0, 0.165463525, 0.154122534, 0.145367822, -0.648867745, 0.714160194, 0.262396761, -0.727172852, -0.68347168, 0.0622558594, 0.22389065, -0.150313035, 0.962995678, 0, 0, -0, 0, 0, 0, 0, 0.258056006, 0.150105273, 0.169255127, -0.029371931, 0.95103146, -0.307354184, 0.451293945, -0.26159668, -0.853027344, -0.891867077, -0.163693907, -0.42152136, 0, 2, 1, 1, 
288.263523, 45, 0.1, 0.1, 0.00438139027, 0.368103134, -0.0349582092, 0.880108254, -0.474773063, -2.64564476e-007, 0.474773063, 0.880108254, -1.2956268e-005, 6.38413243e-006, 1.12773103e-005, 1, 0.880108117, -0.474773316, 8.81498577e-006, 0.474773317, 0.880108117, -4.15516892e-006, -5.7853772e-006, 7.84211792e-006, 1, 0, 0, 0, 0, 0, 0, 0, 0.165463525, 0.154122534, 0.145367822, -0.648867745, 0.714160194, 0.262396761, -0.727172852, -0.68347168, 0.0622558594, 0.22389065, -0.150313035, 0.962995678, 0, 0, -0, 0, 0, 0, 0, 0.258056006, 0.150105273, 0.169255127, -0.029371931, 0.95103146, -0.307354184, 0.451293945, -0.26159668, -0.853027344, -0.891867077, -0.163693907, -0.42152136, 0, 2, 1, 1, 
288.264291, 45, 0.1, 0.1, 0.00438139002, 0.368103133, -0.0349577685, 0.880108963, -0.474771749, 9.424982e-006, 0.474771749, 0.880108963, -1.75356286e-006, -7.46246903e-006, 6.01804158e-006, 1, 0.880108821, -0.474772011, 7.46091957e-006, 0.474772011, 0.880108821, 1.1096891e-005, -1.18349144e-005, -6.2242359e-006, 1, 0, 0, 0, 0, 0, 0, 0, 0.165463525, 0.154122534, 0.145367822, -0.648867745, 0.714160194, 0.262396761, -0.727172852, -0.68347168, 0.0622558594, 0.22389065, -0.150313035, 0.962995678, 0, 0, -0, 0, 0, 0, 0, 0.258056006, 0.150105273, 0.169255127, -0.029371931, 0.95103146, -0.307354184, 0.451293945, -0.26159668, -0.853027344, -0.891867077, -0.163693907, -0.42152136, 0, 2, 1, 1, 
288.265049, 45, 0.1, 0.1, 0.00438139035, 0.368103133, -0.0349602769, 0.880109714, -0.474770355, 6.9880399e-006, 0.474770355, 0.880109714, 1.09000061e-005, -1.13252416e-005, -6.27548704e-006, 1, 0.88010956, -0.474770641, 1.608726e-006, 0.474770641, 0.88010956, 1.29470232e-005, -7.56272164e-006, -1.0631023e-005, 1, 0, 0, 0, 0, 0, 0, 0, 0.165463525, 0.154122534, 0.145367822, -0.648867745, 0.714160194, 0.262396761, -0.727172852, -0.68347168, 0.0622558594, 0.22389065, -0.150313035, 0.962995678, 0, 0, -0, 0, 0, 0, 0, 0.258056006, 0.150105273, 0.169255127, -0.029371931, 0.95103146, -0.307354184, 0.451293945, -0.26159668, -0.853027344, -0.891867077, -0.163693907, -0.42152136, 0, 2, 1, 1, 
288.265811, 45, 0.1, 0.1, 0.0043813905, 0.368103135, -0.0349646322, 0.880110494, -0.47476891, 8.86959399e-007, 0.47476891, 0.880110494, 9.90645181e-006, -5.4838976e-006, -8.29767145e-006, 1, 0.880110337, -0.474769202, -6.48630003e-006, 0.474769202, 0.880110337, 2.4275047e-006, 4.55615523e-006, -5.21596747e-006, 1, 0, 0, 0, 0, 0, 0, 0, 0.165463525, 0.154122534, 0.145367822, -0.648867745, 0.714160194, 0.262396761, -0.727172852, -0.68347168, 0.0622558594, 0.22389065, -0.150313035, 0.962995678, 0, 0, -0, 0, 0, 0, 0, 0.258056006, 0.150105273, 0.169255127, -0.029371931, 0.95103146, -0.307354184, 0.451293945, -0.26159668, -0.853027344, -0.891867077, -0.163693907, -0.42152136, 0, 2, 1, 1, 
288.266568, 45, 0.1, 0.1, 0.00438139061, 0.368103136, -0.0349694096, 0.880111277, -0.474767459, -6.37786576e-006, 0.474767459, 0.880111277, 7.49136209e-007, 5.25756609e-006, -3.68732635e-006, 1, 0.880111118, -0.474767753, -4.78157618e-006, 0.474767753, 0.880111118, -8.54203292e-006, 8.26380013e-006, 5.24779997e-006, 1, 0, 0, 0, 0, 0, 0, 0, 0.165463525, 0.154122534, 0.145367822, -0.648867745, 0.714160194, 0.262396761, -0.727172852, -0.68347168, 0.0622558594, 0.22389065, -0.150313035, 0.962995678, 0, 0, -0, 0, 0, 0, 0, 0.258056006, 0.150105273, 0.169255127, -0.029371931, 0.95103146, -0.307354184, 0.451293945, -0.26159668, -0.853027344, -0.891867077, -0.163693907, -0.42152136, 0, 2, 1, 1, 
288.267334, 45, 0.1, 0.1, 0.00438139047, 0.368103137, -0.0349729587, 0.880112068, -0.474765992, -4.6831713e-006, 0.474765992, 0.880112068, -7.63833815e-006, 7.74813877e-006, 4.49918312e-006, 1, 0.880111919, -0.474766269, -1.20157429e-006, 0.474766269, 0.880111919, -8.97297344e-006, 5.31758497e-006, 7.32675393e-006, 1, 0, 0, 0, 0, 0, 0, 0, 0.165936743, 0.154246924, 0.14402981, -0.648183654, 0.716401922, 0.257993054, -0.728637695, -0.681884766, 0.0631103516, 0.22118687, -0.147083924, 0.964063932, 0, 0, -0, 0, 0, 0, 0, 0.258056006, 0.150105273, 0.169255127, -0.029371931, 0.95103146, -0.307354184, 0.451293945, -0.26159668, -0.853027344, -0.891867077, -0.163693907, -0.42152136, 0, 2, 1, 1, 
288.268122, 45, 0.1, 0.1, 0.00438139056, 0.368103137, -0.0349739574, 0.880112868, -0.47476451, -1.03932114e-006, 0.47476451, 0.880112868, -6.95853932e-006, 4.21838742e-006, 5.6308672e-006, 1, 0.880112713, -0.474764796, 4.6174091e-006, 0.474764796, 0.880112713, -1.42846186e-006, -3.38565705e-006, 3.44939073e-006, 1, 0, 0, 0, 0, 0, 0, 0, 0.165936743, 0.154246924, 0.14402981, -0.648183654, 0.716401922, 0.257993054, -0.728637695, -0.681884766, 0.0631103516, 0.22118687, -0.147083924, 0.964063932, 0, 0, -0, 0, 0, 0, 0, 0.258351025, 0.150045215, 0.168192236, -0.0286241984, 0.950379609, -0.309386295, 0.453369141, -0.263549805, -0.85144043, -0.890806545, -0.164498875, -0.423207856, 0, 2, 1, 1, 
288.26889, 45, 0.1, 0.1, 0.0043813907, 0.368103137, -0.0349724676, 0.88011363, -0.474763096, 5.11285384e-006, 0.474763096, 0.88011363, -1.74595589e-006, -3.67097693e-006, 3.9640339e-006, 1, 0.88011348, -0.474763376, 3.91757911e-006, 0.474763376, 0.88011348, 7.03509284e-006, -6.7879186e-006, -4.33175696e-006, 1, 0, 0, 0, 0, 0, 0, 0, 0.165936743, 0.154246924, 0.14402981, -0.648183654, 0.716401922, 0.257993054, -0.728637695, -0.681884766, 0.0631103516, 0.22118687, -0.147083924, 0.964063932, 0, 0, -0, 0, 0, 0, 0, 0.258351025, 0.150045215, 0.168192236, -0.0286241984, 0.950379609, -0.309386295, 0.453369141, -0.263549805, -0.85144043, -0.890806545, -0.164498875, -0.423207856, 0, 2, 1, 1, 
288.269657, 45, 0.1, 0.1, 0.00438139133, 0.368103137, -0.0349691123, 0.880114392, -0.474761684, 4.85043664e-006, 0.474761684, 0.880114392, 7.64790708e-006, -7.89987234e-006, -4.42823162e-006, 1, 0.88011424, -0.474761966, 6.00901449e-007, 0.474761966, 0.88011424, 9.56956305e-006, -5.07212649e-006, -8.13702356e-006, 1, 0, 0, 0, 0, 0, 0, 0, 0.165936743, 0.154246924, 0.14402981, -0.648183654, 0.716401922, 0.257993054, -0.728637695, -0.681884766, 0.0631103516, 0.22118687, -0.147083924, 0.964063932, 0, 0, -0, 0, 0, 0, 0, 0.258351025, 0.150045215, 0.168192236, -0.0286241984, 0.950379609, -0.309386295, 0.453369141, -0.263549805, -0.85144043, -0.890806545, -0.164498875, -0.423207856, 0, 2, 1, 1, 
288.270358, 45, 0.1, 0.1, 0.00438139153, 0.368103138, -0.0349660615, 0.880115086, -0.474760397, 1.74329806e-006, 0.474760397, 0.880115086, 9.64756878e-006, -6.11458651e-006, -7.66332195e-006, 1, 0.880114938, -0.474760673, -5.58734275e-006, 0.474760673, 0.880114938, 2.62763302e-006, 3.67000699e-006, -4.96526968e-006, 1, 0, 0, 0, 0, 0, 0, 0, 0.165936743, 0.154246924, 0.14402981, -0.648183654, 0.716401922, 0.257993054, -0.728637695, -0.681884766, 0.0631103516, 0.22118687, -0.147083924, 0.964063932, 0, 0, -0, 0, 0, 0, 0, 0.258351025, 0.150045215, 0.168192236, -0.0286241984, 0.950379609, -0.309386295, 0.453369141, -0.263549805, -0.85144043, -0.890806545, -0.164498875, -0.423207856, 0, 2, 1, 1, 
288.271123, 45, 0.1, 0.1, 0.00438139145, 0.36810314, -0.0349634403, 0.880115855, -0.474758972, -6.76671301e-006, 0.474758972, 0.880115855, 1.46655764e-006, 5.25923001e-006, -4.50329835e-006, 1, 0.880115704, -0.474759253, -5.15746748e-006, 0.474759253, 0.880115704, -9.93544414e-006, 9.25611216e-006, 6.29578501e-006, 1, 0, 0, 0, 0, 0, 0, 0, 0.165936743, 0.154246924, 0.14402981, -0.648183654, 0.716401922, 0.257993054, -0.728637695, -0.681884766, 0.0631103516, 0.22118687, -0.147083924, 0.964063932, 0, 0, -0, 0, 0, 0, 0, 0.258351025, 0.150045215, 0.168192236, -0.0286241984, 0.950379609, -0.309386295, 0.453369141, -0.263549805, -0.85144043, -0.890806545, -0.164498875, -0.423207856, 0, 2, 1, 1, 
288.271879, 45, 0.1, 0.1, 0.00438139102, 0.368103141, -0.0349622051, 0.880116636, -0.474757524, -6.09276846e-006, 0.474757523, 0.880116636, -1.00886928e-005, 1.01520297e-005, 5.98663873e-006, 1, 0.880116475, -0.474757824, -8.80182475e-007, 0.474757824, 0.880116475, -1.24973373e-005, 6.70787176e-006, 1.05812389e-005, 1, 0, 0, 0, 0, 0, 0, 0, 0.165936743, 0.154246924, 0.14402981, -0.648183654, 0.716401922, 0.257993054, -0.728637695, -0.681884766, 0.0631103516, 0.22118687, -0.147083924, 0.964063932, 0, 0, -0, 0, 0, 0, 0, 0.258351025, 0.150045215, 0.168192236, -0.0286241984, 0.950379609, -0.309386295, 0.453369141, -0.263549805, -0.85144043, -0.890806545, -0.164498875, -0.423207856, 0, 2, 1, 1, 
288.272664, 45, 0.1, 0.1, 0.00438139061, 0.36810314, -0.03496206, 0.880117469, -0.47475598, -6.4632741e-008, 0.47475598, 0.880117469, -8.97231312e-006, 4.31654372e-006, 7.86600473e-006, 1, 0.880117312, -0.474756272, 7.9410495e-006, 0.474756272, 0.880117312, -8.94366619e-007, -6.56444897e-006, 4.5572106e-006, 1, 0, 0, 0, 0, 0, 0, 0, 0.166246411, 0.153985132, 0.142662622, -0.646312985, 0.719805141, 0.253005607, -0.731201172, -0.679077148, 0.0642089844, 0.218171563, -0.143544407, 0.965348234, 0, 0, -0, 0, 0, 0, 0, 0.258644336, 0.149740186, 0.16708125, -0.0278637059, 0.949523235, -0.312159575, 0.455322266, -0.265991211, -0.849609375, -0.889867415, -0.165693568, -0.424849509, 0, 2, 1, 1, 
288.273432, 45, 0.1, 0.1, 0.00438139055, 0.368103139, -0.0349634415, 0.880118304, -0.474754432, 7.408954e-006, 0.474754432, 0.880118304, -1.64943283e-006, -5.73768048e-006, 4.96912977e-006, 1, 0.880118136, -0.474754744, 5.81891133e-006, 0.474754744, 0.880118136, 1.02758609e-005, -9.99984309e-006, -6.28141576e-006, 1, 0, 0, 0, 0, 0, 0, 0, 0.166246411, 0.153985132, 0.142662622, -0.646312985, 0.719805141, 0.253005607, -0.731201172, -0.679077148, 0.0642089844, 0.218171563, -0.143544407, 0.965348234, 0, 0, -0, 0, 0, 0, 0, 0.258644336, 0.149740186, 0.16708125, -0.0278637059, 0.949523235, -0.312159575, 0.455322266, -0.265991211, -0.849609375, -0.889867415, -0.165693568, -0.424849509, 0, 2, 1, 1, 
288.274186, 45, 0.1, 0.1, 0.00438139132, 0.36810314, -0.0349657413, 0.880119133, -0.474752895, 4.37420299e-006, 0.474752895, 0.880119133, 6.78731793e-006, -7.07211858e-006, -3.89698284e-006, 1, 0.880118966, -0.474753205, -1.50925878e-007, 0.474753205, 0.880118966, 8.66087302e-006, -3.9789445e-006, -7.69425115e-006, 1, 0, 0, 0, 0, 0, 0, 0, 0.166246411, 0.153985132, 0.142662622, -0.646312985, 0.719805141, 0.253005607, -0.731201172, -0.679077148, 0.0642089844, 0.218171563, -0.143544407, 0.965348234, 0, 0, -0, 0, 0, 0, 0, 0.258644336, 0.149740186, 0.16708125, -0.0278637059, 0.949523235, -0.312159575, 0.455322266, -0.265991211, -0.849609375, -0.889867415, -0.165693568, -0.424849509, 0, 2, 1, 1, 
288.274987, 45, 0.1, 0.1, 0.00438139244, 0.368103142, -0.0349679829, 0.880120021, -0.474751249, -1.28654914e-006, 0.474751249, 0.880120021, 6.81419291e-006, -2.10272894e-006, -6.60809842e-006, 1, 0.880119851, -0.474751564, -8.39623083e-006, 0.474751564, 0.880119851, -4.07703616e-007, 7.58324736e-006, -3.62729568e-006, 1, 0, 0, 0, 0, 0, 0, 0, 0.166789453, 0.153951953, 0.141300195, -0.644264461, 0.723284744, 0.24811963, -0.733764648, -0.676025391, 0.0659179687, 0.215498862, -0.13952262, 0.966492873, 0, 0, -0, 0, 0, 0, 0, 0.258937402, 0.149646924, 0.165740918, -0.0269180128, 0.948385778, -0.315437418, 0.455932617, -0.269042969, -0.848266602, -0.889522534, -0.166549576, -0.425194024, 0, 2, 1, 1, 
288.275748, 45, 0.1, 0.1, 0.00438139306, 0.368103144, -0.0349694516, 0.880120853, -0.474749707, -7.01770891e-006, 0.474749707, 0.880120853, 1.67168851e-006, 5.38279831e-006, -4.80294317e-006, 1, 0.880120686, -0.474750016, -5.85168694e-006, 0.474750016, 0.880120686, -8.20664561e-006, 9.04629586e-006, 4.44475009e-006, 1, 0, 0, 0, 0, 0, 0, 0, 0.166789453, 0.153951953, 0.141300195, -0.644264461, 0.723284744, 0.24811963, -0.733764648, -0.676025391, 0.0659179687, 0.215498862, -0.13952262, 0.966492873, 0, 0, -0, 0, 0, 0, 0, 0.258937402, 0.149646924, 0.165740918, -0.0269180128, 0.948385778, -0.315437418, 0.455932617, -0.269042969, -0.848266602, -0.889522534, -0.166549576, -0.425194024, 0, 2, 1, 1, 
288.276507, 45, 0.1, 0.1, 0.00438139271, 0.368103144, -0.0349699284, 0.880121684, -0.474748166, -4.27068887e-006, 0.474748166, 0.880121684, -5.94220663e-006, 6.57977758e-006, 3.20236319e-006, 1, 0.880121519, -0.474748472, -4.23233955e-007, 0.474748472, 0.880121519, -7.7604751e-006, 4.05677101e-006, 6.62923146e-006, 1, 0, 0, 0, 0, 0, 0, 0, 0.166789453, 0.153951953, 0.141300195, -0.644264461, 0.723284744, 0.24811963, -0.733764648, -0.676025391, 0.0659179687, 0.215498862, -0.13952262, 0.966492873, 0, 0, -0, 0, 0, 0, 0, 0.258937402, 0.149646924, 0.165740918, -0.0269180128, 0.948385778, -0.315437418, 0.455932617, -0.269042969, -0.848266602, -0.889522534, -0.166549576, -0.425194024, 0, 2, 1, 1, 
288.27727, 45, 0.1, 0.1, 0.00438139202, 0.368103144, -0.0349693636, 0.880122505, -0.474746644, 4.51406487e-007, 0.474746644, 0.880122505, -7.5718911e-006, 3.19743688e-006, 6.87849548e-006, 1, 0.88012234, -0.474746949, 7.19405189e-006, 0.474746949, 0.88012234, -7.69757318e-007, -5.96620584e-006, 4.0928348e-006, 1, 0, 0, 0, 0, 0, 0, 0, 0.166789453, 0.153951953, 0.141300195, -0.644264461, 0.723284744, 0.24811963, -0.733764648, -0.676025391, 0.0659179687, 0.215498862, -0.13952262, 0.966492873, 0, 0, -0, 0, 0, 0, 0, 0.258937402, 0.149646924, 0.165740918, -0.0269180128, 0.948385778, -0.315437418, 0.455932617, -0.269042969, -0.848266602, -0.889522534, -0.166549576, -0.425194024, 0, 2, 1, 1, 
288.278029, 45, 0.1, 0.1, 0.00438139161, 0.368103143, -0.0349679753, 0.880123314, -0.474745144, 7.35395596e-006, 0.474745144, 0.880123314, -1.15319972e-006, -5.92491212e-006, 4.50621284e-006, 1, 0.880123162, -0.474745426, 6.1128111e-006, 0.474745426, 0.880123162, 8.62854234e-006, -9.47638765e-006, -4.69215086e-006, 1, 0, 0, 0, 0, 0, 0, 0, 0.166789453, 0.153951953, 0.141300195, -0.644264461, 0.723284744, 0.24811963, -0.733764648, -0.676025391, 0.0659179687, 0.215498862, -0.13952262, 0.966492873, 0, 0, -0, 0, 0, 0, 0, 0.258937402, 0.149646924, 0.165740918, -0.0269180128, 0.948385778, -0.315437418, 0.455932617, -0.269042969, -0.848266602, -0.889522534, -0.166549576, -0.425194024, 0, 2, 1, 1, 
288.278795, 45, 0.1, 0.1, 0.00438139197, 0.368103143, -0.0349663073, 0.880124139, -0.474743615, 5.60418277e-006, 0.474743615, 0.880124139, 7.40601939e-006, -8.44833696e-006, -3.85766645e-006, 1, 0.880123974, -0.474743921, 1.14606779e-006, 0.474743921, 0.880123974, 9.72959562e-006, -5.62774811e-006, -8.01916164e-006, 1, 0, 0, 0, 0, 0, 0, 0, 0.166789453, 0.153951953, 0.141300195, -0.644264461, 0.723284744, 0.24811963, -0.733764648, -0.676025391, 0.0659179687, 0.215498862, -0.13952262, 0.966492873, 0, 0, -0, 0, 0, 0, 0, 0.258937402, 0.149646924, 0.165740918, -0.0269180128, 0.948385778, -0.315437418, 0.455932617, -0.269042969, -0.848266602, -0.889522534, -0.166549576, -0.425194024, 0, 2, 1, 1, 
288.279586, 45, 0.1, 0.1, 0.0043813926, 0.368103145, -0.0349646, 0.880124989, -0.474742039, 2.06909186e-007, 0.474742039, 0.880124989, 9.15027088e-006, -4.5261242e-006, -7.95515357e-006, 1, 0.880124825, -0.474742342, -7.50063059e-006, 0.474742342, 0.880124825, 1.56469027e-006, 5.85866646e-006, -4.93798969e-006, 1, 0, 0, 0, 0, 0, 0, 0, 0.167216528, 0.154060474, 0.139659595, -0.644506717, 0.72506442, 0.242148547, -0.734130859, -0.675415039, 0.068359375, 0.213188985, -0.133748488, 0.967809375, 0, 0, -0, 0, 0, 0, 0, 0.25912793, 0.149701221, 0.164310742, -0.0277740206, 0.946896509, -0.319878238, 0.458007813, -0.272216797, -0.846069336, -0.888385076, -0.169897415, -0.426151744, 0, 2, 1, 1, 
288.280358, 45, 0.1, 0.1, 0.00438139283, 0.368103147, -0.0349634616, 0.880125835, -0.474740472, -7.58535088e-006, 0.474740472, 0.880125835, 1.7927672e-006, 5.82496413e-006, -5.17893378e-006, 1, 0.880125667, -0.474740782, -6.00806832e-006, 0.474740782, 0.880125667, -9.96359182e-006, 1.00179785e-005, 5.91693784e-006, 1, 0, 0, 0, 0, 0, 0, 0, 0.167216528, 0.154060474, 0.139659595, -0.644506717, 0.72506442, 0.242148547, -0.734130859, -0.675415039, 0.068359375, 0.213188985, -0.133748488, 0.967809375, 0, 0, -0, 0, 0, 0, 0, 0.25912793, 0.149701221, 0.164310742, -0.0277740206, 0.946896509, -0.319878238, 0.458007813, -0.272216797, -0.846069336, -0.888385076, -0.169897415, -0.426151744, 0, 2, 1, 1, 
288.281114, 45, 0.1, 0.1, 0.00438139238, 0.368103148, -0.0349634975, 0.880126677, -0.47473891, -5.61345718e-006, 0.47473891, 0.880126677, -8.14196122e-006, 8.80585921e-006, 4.50103074e-006, 1, 0.880126506, -0.474739227, -7.49937678e-007, 0.474739227, 0.880126506, -1.03781463e-005, 5.58695317e-006, 8.7780568e-006, 1, 0, 0, 0, 0, 0, 0, 0, 0.167216528, 0.154060474, 0.139659595, -0.644506717, 0.72506442, 0.242148547, -0.734130859, -0.675415039, 0.068359375, 0.213188985, -0.133748488, 0.967809375, 0, 0, -0, 0, 0, 0, 0, 0.25912793, 0.149701221, 0.164310742, -0.0277740206, 0.946896509, -0.319878238, 0.458007813, -0.272216797, -0.846069336, -0.888385076, -0.169897415, -0.426151744, 0, 2, 1, 1, 
288.281884, 45, 0.1, 0.1, 0.00438139189, 0.368103147, -0.034964495, 0.880127541, -0.474737309, -1.42496683e-007, 0.474737309, 0.880127541, -9.17826348e-006, 4.48267935e-006, 8.01039397e-006, 1, 0.880127371, -0.474737624, 7.49136093e-006, 0.474737624, 0.880127371, -1.45856344e-006, -5.90091685e-006, 4.84015249e-006, 1, 0, 0, 0, 0, 0, 0, 0, 0.167216528, 0.154060474, 0.139659595, -0.644506717, 0.72506442, 0.242148547, -0.734130859, -0.675415039, 0.068359375, 0.213188985, -0.133748488, 0.967809375, 0, 0, -0, 0, 0, 0, 0, 0.25912793, 0.149701221, 0.164310742, -0.0277740206, 0.946896509, -0.319878238, 0.458007813, -0.272216797, -0.846069336, -0.888385076, -0.169897415, -0.426151744, 0, 2, 1, 1, 
288.282641, 45, 0.1, 0.1, 0.0043813917, 0.368103146, -0.034966183, 0.880128389, -0.474735735, 7.11606215e-006, 0.474735736, 0.880128389, -2.14722414e-006, -5.24368429e-006, 5.26808192e-006, 1, 0.880128214, -0.47473606, 5.58474236e-006, 0.47473606, 0.880128214, 8.82010378e-006, -9.10251064e-006, -5.11154359e-006, 1, 0, 0, 0, 0, 0, 0, 0, 0.167216528, 0.154060474, 0.139659595, -0.644506717, 0.72506442, 0.242148547, -0.734130859, -0.675415039, 0.068359375, 0.213188985, -0.133748488, 0.967809375, 0, 0, -0, 0, 0, 0, 0, 0.25912793, 0.149701221, 0.164310742, -0.0277740206, 0.946896509, -0.319878238, 0.458007813, -0.272216797, -0.846069336, -0.888385076, -0.169897415, -0.426151744, 0, 2, 1, 1, 
288.283393, 45, 0.1, 0.1, 0.0043813923, 0.368103147, -0.0349678855, 0.880129237, -0.474734163, 4.34470687e-006, 0.474734163, 0.880129237, 7.26838582e-006, -7.2744546e-006, -4.33453809e-006, 1, 0.880129075, -0.474734464, 2.65057617e-007, 0.474734464, 0.880129075, 8.90700854e-006, -4.46174884e-006, -7.71348521e-006, 1, 0, 0, 0, 0, 0, 0, 0, 0.167216528, 0.154060474, 0.139659595, -0.644506717, 0.72506442, 0.242148547, -0.734130859, -0.675415039, 0.068359375, 0.213188985, -0.133748488, 0.967809375, 0, 0, -0, 0, 0, 0, 0, 0.25912793, 0.149701221, 0.164310742, -0.0277740206, 0.946896509, -0.319878238, 0.458007813, -0.272216797, -0.846069336, -0.888385076, -0.169897415, -0.426151744, 0, 2, 1, 1, 
288.284196, 45, 0.1, 0.1, 0.00438139294, 0.368103148, -0.0349690376, 0.88013013, -0.474732508, 5.2800442e-007, 0.474732508, 0.88013013, 9.6557845e-006, -5.04862739e-006, -8.247686e-006, 1, 0.880129942, -0.474732856, -6.92371923e-006, 0.474732856, 0.880129942, 2.31078493e-006, 4.99676707e-006, -5.32070801e-006, 1, 0, 0, 0, 0, 0, 0, 0, 0.167518018, 0.153586792, 0.138025098, -0.642819895, 0.728595319, 0.236298031, -0.736450195, -0.672607422, 0.0706787109, 0.210573572, -0.128622499, 0.969106782, 0, 0, -0, 0, 0, 0, 0, 0.25912793, 0.149701221, 0.164310742, -0.0272435715, 0.945292402, -0.324574621, 0.459716797, -0.276367188, -0.84387207, -0.887592868, -0.172152639, -0.427013582, 0, 2, 1, 1, 
288.284971, 45, 0.1, 0.1, 0.00438139308, 0.368103149, -0.0349689234, 0.880130987, -0.474730919, -6.29541239e-006, 0.474730919, 0.880130987, 2.96356936e-006, 4.13388952e-006, -5.59695614e-006, 1, 0.880130815, -0.474731238, -4.93501643e-006, 0.474731238, 0.880130815, -7.06417371e-006, 7.69704397e-006, 3.8745905e-006, 1, 0, 0, 0, 0, 0, 0, 0, 0.167518018, 0.153586792, 0.138025098, -0.642819895, 0.728595319, 0.236298031, -0.736450195, -0.672607422, 0.0706787109, 0.210573572, -0.128622499, 0.969106782, 0, 0, -0, 0, 0, 0, 0, 0.25940293, 0.149324414, 0.162865674, -0.0272435715, 0.945292402, -0.324574621, 0.459716797, -0.276367188, -0.84387207, -0.887592868, -0.172152639, -0.427013582, 0, 2, 1, 1, 
288.285757, 45, 0.1, 0.1, 0.00438139251, 0.36810315, -0.0349677362, 0.880131856, -0.474729309, -4.84086997e-006, 0.474729309, 0.880131856, -7.84655122e-006, 7.98559171e-006, 4.60789683e-006, 1, 0.880131685, -0.474729625, -4.23190614e-007, 0.474729625, 0.880131685, -9.66474134e-006, 4.9606025e-006, 8.30534397e-006, 1, 0, 0, 0, 0, 0, 0, 0, 0.167518018, 0.153586792, 0.138025098, -0.642819895, 0.728595319, 0.236298031, -0.736450195, -0.672607422, 0.0706787109, 0.210573572, -0.128622499, 0.969106782, 0, 0, -0, 0, 0, 0, 0, 0.25940293, 0.149324414, 0.162865674, -0.0272435715, 0.945292402, -0.324574621, 0.459716797, -0.276367188, -0.84387207, -0.887592868, -0.172152639, -0.427013582, 0, 2, 1, 1, 
288.286509, 45, 0.1, 0.1, 0.00438139222, 0.36810315, -0.0349663769, 0.880132678, -0.474727784, -9.99625211e-007, 0.474727784, 0.880132678, -1.06600681e-005, 5.94043331e-006, 8.9077244e-006, 1, 0.880132512, -0.474728092, 6.32332198e-006, 0.474728092, 0.880132512, -3.4188574e-006, -3.94233361e-006, 6.01090613e-006, 1, 0, 0, 0, 0, 0, 0, 0, 0.167518018, 0.153586792, 0.138025098, -0.642819895, 0.728595319, 0.236298031, -0.736450195, -0.672607422, 0.0706787109, 0.210573572, -0.128622499, 0.969106782, 0, 0, -0, 0, 0, 0, 0, 0.25940293, 0.149324414, 0.162865674, -0.0272435715, 0.945292402, -0.324574621, 0.459716797, -0.276367188, -0.84387207, -0.887592868, -0.172152639, -0.427013582, 0, 2, 1, 1, 
288.287277, 45, 0.1, 0.1, 0.0043813924, 0.368103149, -0.034965026, 0.880133526, -0.474726213, 6.62523491e-006, 0.474726213, 0.880133526, -1.65997301e-006, -5.04305866e-006, 4.60617058e-006, 1, 0.880133375, -0.474726491, 5.2284472e-006, 0.474726491, 0.880133375, 8.40430039e-006, -8.59147492e-006, -4.91482288e-006, 1, 0, 0, 0, 0, 0, 0, 0, 0.167518018, 0.153586792, 0.138025098, -0.642819895, 0.728595319, 0.236298031, -0.736450195, -0.672607422, 0.0706787109, 0.210573572, -0.128622499, 0.969106782, 0, 0, -0, 0, 0, 0, 0, 0.25968623, 0.149172559, 0.16118418, -0.0265917209, 0.943675535, -0.329539327, 0.461181641, -0.280883789, -0.841552734, -0.886787899, -0.174286462, -0.427658136, 0, 2, 1, 1, 
