time, trialNum, realDorsalTactorPos, realVentralTactorPos, boxPosX, boxPosY, boxPosZ, boxLocalRot_11, boxLocalRot_12, boxLocalRot_13, boxLocalRot_21, boxLocalRot_22, boxLocalRot_23, boxLocalRot_31, boxLocalRot_32, boxLocalRot_33, boxGlobalRot_11, boxGlobalRot_12, boxGlobalRot_13, boxGlobalRot_21, boxGlobalRot_22, boxGlobalRot_23, boxGlobalRot_31, boxGlobalRot_32, boxGlobalRot_33, indexForceX, indexForceY, indexForceZ, indexForceGlobalX, indexForceGlobalY, indexForceGlobalZ, indexContact, indexPosX, indexPosY, indexPosZ, indexRot_11, indexRot_12, indexRot_13, indexRot_21, indexRot_22, indexRot_23, indexRot_31, indexRot_32, indexRot_33, thumbForceX, thumbForceY, thumbForceZ, thumbForceGlobalX, thumbForceGlobalY, thumbForceGlobalZ, thumbContact, thumbPosX, thumbPosY, thumbPosZ, thumbRot_11, thumbRot_12, thumbRot_13, thumbRot_21, thumbRot_22, thumbRot_23, thumbRot_31, thumbRot_32, thumbRot_33, manipForceTooHigh, cceExpType, mapping, trialSuccess, 
212.001753, 32, 0.1, 0.1, 0.0220259744, 0.331201707, -0.0349782325, 0.937416954, -8.86960117e-007, -0.348208923, 0.348208923, 2.12477034e-005, 0.937416954, 6.56718846e-006, -1, 2.02268048e-005, 0.937416986, -2.57890129e-006, -0.348208838, 0.348208838, 3.27453222e-005, 0.937416985, 8.98470474e-006, -0.999999999, 3.15940175e-005, 0, 0, 0, 0, 0, 0, 0, 0.131612598, 0.158428564, 0.156175879, -0.0149015082, 0.612744021, 0.790015921, -0.432250977, -0.716430664, 0.547607422, 0.901615081, -0.333356897, 0.275558822, 0, -0, 0, 0, 0, 0, 0, 0.1795646, 0.146441162, 0.0813246094, -0.555711554, 0.688345944, -0.465968099, -0.109985352, -0.616455078, -0.779541016, -0.82395392, -0.381922695, 0.418429019, 0, 2, 1, 1, 
212.033455, 32, 0.1, 0.1, 0.0220259532, 0.331201733, -0.0349694992, 0.937429282, 5.36451621e-007, -0.348175734, 0.348175734, -2.45567997e-005, 0.937429282, -8.04719629e-006, -1, -2.32070425e-005, 0.937429114, 2.16623195e-006, -0.348176186, 0.348176186, -2.5525947e-005, 0.937429113, -6.856838e-006, -1, -2.46829963e-005, 0, 0, 0, 0, 0, 0, 0, 0.130461206, 0.157436938, 0.152272925, -0.0424197161, 0.62593115, 0.778553398, -0.407714844, -0.722290039, 0.55847168, 0.912029542, -0.293795051, 0.28590215, 0, -0, 0, 0, 0, 0, 0, 0.18053667, 0.145323096, 0.0780775879, -0.554101617, 0.683241613, -0.475296332, -0.108520508, -0.625366211, -0.772583008, -0.825257621, -0.376567532, 0.420762635, 0, 2, 1, 1, 
212.034188, 32, 0.1, 0.1, 0.022025953, 0.331201739, -0.0349680576, 0.937430086, -1.23527839e-005, -0.34817357, 0.34817357, 3.11054889e-005, 0.937430085, -7.49762188e-007, -0.999999999, 3.3460134e-005, 0.937429951, -3.83949771e-006, -0.348173932, 0.348173932, 2.97829389e-005, 0.937429951, 6.77038279e-006, -1, 2.9256232e-005, 0, 0, 0, 0, 0, 0, 0, 0.130577515, 0.156843262, 0.151549854, -0.0444131961, 0.627485422, 0.777254488, -0.411254883, -0.720458984, 0.558227539, 0.910367807, -0.294906367, 0.290186411, 0, -0, 0, 0, 0, 0, 0, 0.180852197, 0.145098633, 0.077404541, -0.552223357, 0.682883972, -0.478005813, -0.106323242, -0.626342773, -0.772094727, -0.826778606, -0.375500437, 0.418513974, 0, 2, 1, 1, 
212.03489, 32, 0.1, 0.1, 0.0220259523, 0.331201742, -0.0349671009, 0.937430704, 9.0560142e-006, -0.348171906, 0.348171906, -2.10420108e-005, 0.937430703, 1.16314878e-006, -1, -2.28784767e-005, 0.937430585, 6.45551626e-006, -0.348172224, 0.348172224, -8.64959883e-006, 0.937430585, 3.04004832e-006, -1, -1.035603e-005, 0, 0, 0, 0, 0, 0, 0, 0.130577515, 0.156843262, 0.151549854, -0.0444131961, 0.627485422, 0.777254488, -0.411254883, -0.720458984, 0.558227539, 0.910367807, -0.294906367, 0.290186411, 0, -0, 0, 0, 0, 0, 0, 0.180852197, 0.145098633, 0.077404541, -0.552223357, 0.682883972, -0.478005813, -0.106323242, -0.626342773, -0.772094727, -0.826778606, -0.375500437, 0.418513974, 0, 2, 1, 1, 
212.035583, 32, 0.1, 0.1, 0.022025954, 0.331201739, -0.0349668969, 0.937431288, 5.38042816e-006, -0.348170331, 0.348170331, 1.23414014e-005, 0.937431288, 9.34069151e-006, -1, 9.69591036e-006, 0.937431184, 8.39743888e-006, -0.348170611, 0.348170611, -6.10102369e-006, 0.937431184, 5.74782393e-006, -1, -8.64303129e-006, 0, 0, 0, 0, 0, 0, 0, 0.130577515, 0.156843262, 0.151549854, -0.0444131961, 0.627485422, 0.777254488, -0.411254883, -0.720458984, 0.558227539, 0.910367807, -0.294906367, 0.290186411, 0, -0, 0, 0, 0, 0, 0, 0.180852197, 0.145098633, 0.077404541, -0.552223357, 0.682883972, -0.478005813, -0.106323242, -0.626342773, -0.772094727, -0.826778606, -0.375500437, 0.418513974, 0, 2, 1, 1, 
212.036285, 32, 0.1, 0.1, 0.022025952, 0.331201746, -0.0349675139, 0.937431735, -2.08659531e-006, -0.348169128, 0.348169128, 3.68222121e-006, 0.937431735, -6.74004916e-007, -1, 4.17831909e-006, 0.937431652, -4.84358917e-006, -0.348169353, 0.348169353, 1.66894198e-005, 0.937431651, 1.2702107e-006, -1, 1.73315797e-005, 0, 0, 0, 0, 0, 0, 0, 0.130577515, 0.156843262, 0.151549854, -0.0444131961, 0.627485422, 0.777254488, -0.411254883, -0.720458984, 0.558227539, 0.910367807, -0.294906367, 0.290186411, 0, -0, 0, 0, 0, 0, 0, 0.180852197, 0.145098633, 0.077404541, -0.552223357, 0.682883972, -0.478005813, -0.106323242, -0.626342773, -0.772094727, -0.826778606, -0.375500437, 0.418513974, 0, 2, 1, 1, 
212.037041, 32, 0.1, 0.1, 0.0220259546, 0.331201739, -0.0349686291, 0.93743217, 6.01441838e-006, -0.348167956, 0.348167957, -1.9262052e-005, 0.93743217, -1.06832001e-006, -1, -2.0150895e-005, 0.937432056, 4.16013847e-006, -0.348168266, 0.348168266, -3.07968198e-005, 0.937432055, -6.82262817e-006, -1, -3.03183543e-005, 0, 0, 0, 0, 0, 0, 0, 0.130577515, 0.156843262, 0.151549854, -0.0444131961, 0.627485422, 0.777254488, -0.411254883, -0.720458984, 0.558227539, 0.910367807, -0.294906367, 0.290186411, 0, -0, 0, 0, 0, 0, 0, 0.180852197, 0.145098633, 0.077404541, -0.552223357, 0.682883972, -0.478005813, -0.106323242, -0.626342773, -0.772094727, -0.826778606, -0.375500437, 0.418513974, 0, 2, 1, 1, 
212.03773, 32, 0.1, 0.1, 0.0220259541, 0.331201746, -0.0349693681, 0.937432493, -1.92176012e-005, -0.348167088, 0.348167088, 1.98541876e-005, 0.937432493, -1.11026291e-005, -1, 2.53028968e-005, 0.937432441, -7.94990849e-006, -0.348167227, 0.348167227, 2.52000056e-005, 0.937432441, 1.32131397e-006, -1, 2.63912004e-005, 0, 0, 0, 0, 0, 0, 0, 0.130577515, 0.156843262, 0.151549854, -0.0444131961, 0.627485422, 0.777254488, -0.411254883, -0.720458984, 0.558227539, 0.910367807, -0.294906367, 0.290186411, 0, -0, 0, 0, 0, 0, 0, 0.180852197, 0.145098633, 0.077404541, -0.552223357, 0.682883972, -0.478005813, -0.106323242, -0.626342773, -0.772094727, -0.826778606, -0.375500437, 0.418513974, 0, 2, 1, 1, 
212.038431, 32, 0.1, 0.1, 0.0220259519, 0.331201744, -0.0349701457, 0.937432663, 1.84242741e-005, -0.348166628, 0.348166629, -2.17981617e-005, 0.937432663, 9.68212391e-006, -1, -2.68490262e-005, 0.937432644, 3.17070858e-006, -0.348166682, 0.348166682, -2.2434443e-005, 0.937432644, -4.83859986e-006, -1, -2.21347143e-005, 0, 0, 0, 0, 0, 0, 0, 0.130577515, 0.156843262, 0.151549854, -0.0444131961, 0.627485422, 0.777254488, -0.411254883, -0.720458984, 0.558227539, 0.910367807, -0.294906367, 0.290186411, 0, -0, 0, 0, 0, 0, 0, 0.180852197, 0.145098633, 0.077404541, -0.552223357, 0.682883972, -0.478005813, -0.106323242, -0.626342773, -0.772094727, -0.826778606, -0.375500437, 0.418513974, 0, 2, 1, 1, 
212.039167, 32, 0.1, 0.1, 0.0220259568, 0.331201746, -0.0349705483, 0.937432702, -1.12764507e-005, -0.348166526, 0.348166526, 1.98780544e-005, 0.937432702, -3.65004052e-006, -1, 2.25604209e-005, 0.937432706, 5.68333249e-006, -0.348166515, 0.348166515, 1.44594325e-005, 0.937432706, 1.0362032e-005, -1, 1.15759989e-005, 0, 0, 0, 0, 0, 0, 0, 0.130619849, 0.156704614, 0.150817993, -0.0478976686, 0.629059911, 0.775796818, -0.412841797, -0.719604492, 0.558105469, 0.90943659, -0.293549047, 0.294248634, 0, -0, 0, 0, 0, 0, 0, 0.180852197, 0.145098633, 0.077404541, -0.54968705, 0.682948137, -0.480862216, -0.104614258, -0.627319336, -0.771484375, -0.828721398, -0.373775295, 0.416495356, 0, 2, 1, 1, 
212.039859, 32, 0.1, 0.1, 0.022025954, 0.33120175, -0.0349703825, 0.937432666, 1.59642878e-005, -0.348166622, 0.348166622, -7.63581066e-006, 0.937432666, 1.23069104e-005, -1, -1.27162905e-005, 0.937432676, -2.64492578e-006, -0.348166596, 0.348166596, 4.16386917e-006, 0.937432676, -1.02971969e-006, -1, 4.82422183e-006, 0, 0, 0, 0, 0, 0, 0, 0.130619849, 0.156704614, 0.150817993, -0.0478976686, 0.629059911, 0.775796818, -0.412841797, -0.719604492, 0.558105469, 0.90943659, -0.293549047, 0.294248634, 0, -0, 0, 0, 0, 0, 0, 0.181202393, 0.144692676, 0.0767266113, -0.54968705, 0.682948137, -0.480862216, -0.104614258, -0.627319336, -0.771484375, -0.828721398, -0.373775295, 0.416495356, 0, 2, 1, 1, 
212.040564, 32, 0.1, 0.1, 0.0220259618, 0.331201746, -0.0349698903, 0.937432634, 2.25323511e-006, -0.348166708, 0.348166708, -9.69821802e-006, 0.937432634, -1.26434052e-006, -1, -9.87592752e-006, 0.937432639, 1.85770379e-005, -0.348166695, 0.348166695, -1.67144428e-005, 0.937432639, 1.15953093e-005, -1, -2.213657e-005, 0, 0, 0, 0, 0, 0, 0, 0.130619849, 0.156704614, 0.150817993, -0.0478976686, 0.629059911, 0.775796818, -0.412841797, -0.719604492, 0.558105469, 0.90943659, -0.293549047, 0.294248634, 0, -0, 0, 0, 0, 0, 0, 0.181202393, 0.144692676, 0.0767266113, -0.54968705, 0.682948137, -0.480862216, -0.104614258, -0.627319336, -0.771484375, -0.828721398, -0.373775295, 0.416495356, 0, 2, 1, 1, 
212.04128, 32, 0.1, 0.1, 0.0220259585, 0.331201753, -0.0349692834, 0.937432684, 2.62690729e-007, -0.348166573, 0.348166573, 1.73903829e-005, 0.937432684, 6.30100489e-006, -1, 1.62108532e-005, 0.937432667, -5.51541426e-006, -0.348166619, 0.348166619, 2.3012652e-005, 0.937432667, 2.84190774e-006, -1, 2.34930949e-005, 0, 0, 0, 0, 0, 0, 0, 0.130619849, 0.156704614, 0.150817993, -0.048862208, 0.630774065, 0.774242546, -0.412475586, -0.71875, 0.559570312, 0.909589358, -0.292090255, 0.29535995, 0, -0, 0, 0, 0, 0, 0, 0.181202393, 0.144692676, 0.0767266113, -0.54968705, 0.682948137, -0.480862216, -0.104614258, -0.627319336, -0.771484375, -0.828721398, -0.373775295, 0.416495356, 0, 2, 1, 1, 
212.041994, 32, 0.1, 0.1, 0.0220259604, 0.331201748, -0.0349685477, 0.937432773, 1.43338636e-005, -0.348166333, 0.348166333, -2.34778221e-005, 0.937432773, 5.26284624e-006, -1, -2.69994486e-005, 0.93743276, 6.7611092e-006, -0.348166369, 0.348166369, -2.86641233e-005, 0.93743276, -3.64179847e-006, -1, -2.92246791e-005, 0, 0, 0, 0, 0, 0, 0, 0.130794263, 0.156573413, 0.14940249, -0.048862208, 0.630774065, 0.774242546, -0.412475586, -0.71875, 0.559570312, 0.909589358, -0.292090255, 0.29535995, 0, -0, 0, 0, 0, 0, 0, 0.181488379, 0.14428501, 0.0757506348, -0.548505117, 0.683025063, -0.482076232, -0.104858398, -0.628295898, -0.770751953, -0.829456371, -0.372171555, 0.416367758, 0, 2, 1, 1, 
212.042686, 32, 0.1, 0.1, 0.0220259592, 0.331201752, -0.034968132, 0.937432799, -1.44327716e-005, -0.348166264, 0.348166264, 2.76726348e-005, 0.937432799, -3.8950756e-006, -1, 3.09662397e-005, 0.937432792, -1.50168733e-005, -0.348166282, 0.348166282, 2.16293543e-005, 0.937432792, -6.54669761e-006, -1, 2.5504435e-005, 0, 0, 0, 0, 0, 0, 0, 0.130794263, 0.156573413, 0.14940249, -0.048862208, 0.630774065, 0.774242546, -0.412475586, -0.71875, 0.559570312, 0.909589358, -0.292090255, 0.29535995, 0, -0, 0, 0, 0, 0, 0, 0.181488379, 0.14428501, 0.0757506348, -0.548505117, 0.683025063, -0.482076232, -0.104858398, -0.628295898, -0.770751953, -0.829456371, -0.372171555, 0.416367758, 0, 2, 1, 1, 
212.043403, 32, 0.1, 0.1, 0.0220259584, 0.331201756, -0.0349680317, 0.937432871, -1.34966347e-006, -0.348166071, 0.348166071, -2.17757354e-005, 0.937432871, -8.84679113e-006, -1, -1.99433831e-005, 0.937432856, -2.38967523e-006, -0.34816611, 0.34816611, -9.97626746e-006, 0.937432856, -5.71355831e-006, -1, -8.52007697e-006, 0, 0, 0, 0, 0, 0, 0, 0.130794263, 0.156573413, 0.14940249, -0.048862208, 0.630774065, 0.774242546, -0.412475586, -0.71875, 0.559570312, 0.909589358, -0.292090255, 0.29535995, 0, -0, 0, 0, 0, 0, 0, 0.181488379, 0.14428501, 0.0757506348, -0.548505117, 0.683025063, -0.482076232, -0.104858398, -0.628295898, -0.770751953, -0.829456371, -0.372171555, 0.416367758, 0, 2, 1, 1, 
212.044103, 32, 0.1, 0.1, 0.0220259596, 0.331201754, -0.0349684017, 0.937432908, -3.60955469e-006, -0.34816597, 0.34816597, 1.46281222e-005, 0.937432908, 1.709299e-006, -1, 1.49696073e-005, 0.9374329, 5.91730668e-007, -0.348165991, 0.348165991, -2.93855578e-006, 0.9374329, -4.68397387e-007, -1, -2.96071936e-006, 0, 0, 0, 0, 0, 0, 0, 0.130794263, 0.156573413, 0.14940249, -0.048862208, 0.630774065, 0.774242546, -0.412475586, -0.71875, 0.559570312, 0.909589358, -0.292090255, 0.29535995, 0, -0, 0, 0, 0, 0, 0, 0.181488379, 0.14428501, 0.0757506348, -0.548505117, 0.683025063, -0.482076232, -0.104858398, -0.628295898, -0.770751953, -0.829456371, -0.372171555, 0.416367758, 0, 2, 1, 1, 
212.044799, 32, 0.1, 0.1, 0.0220259569, 0.331201763, -0.0349690895, 0.937432922, 3.20830822e-006, -0.348165932, 0.348165932, 1.14558366e-005, 0.937432922, 6.99610577e-006, -1, 9.62205474e-006, 0.937432922, -8.24521272e-006, -0.348165933, 0.348165933, 2.0898257e-005, 0.937432922, -4.53272707e-007, -1, 2.24614163e-005, 0, 0, 0, 0, 0, 0, 0, 0.130794263, 0.156573413, 0.14940249, -0.048862208, 0.630774065, 0.774242546, -0.412475586, -0.71875, 0.559570312, 0.909589358, -0.292090255, 0.29535995, 0, -0, 0, 0, 0, 0, 0, 0.181488379, 0.14428501, 0.0757506348, -0.548505117, 0.683025063, -0.482076232, -0.104858398, -0.628295898, -0.770751953, -0.829456371, -0.372171555, 0.416367758, 0, 2, 1, 1, 
212.0455, 32, 0.1, 0.1, 0.0220259594, 0.331201757, -0.034969835, 0.937432996, 2.63375694e-006, -0.348165733, 0.348165733, -1.96690117e-005, 0.937432996, -4.37910521e-006, -1, -1.93553645e-005, 0.937432978, 2.85695478e-006, -0.348165783, 0.348165783, -2.64508458e-005, 0.937432977, -6.53107582e-006, -1, -2.57905891e-005, 0, 0, 0, 0, 0, 0, 0, 0.130794263, 0.156573413, 0.14940249, -0.048862208, 0.630774065, 0.774242546, -0.412475586, -0.71875, 0.559570312, 0.909589358, -0.292090255, 0.29535995, 0, -0, 0, 0, 0, 0, 0, 0.181488379, 0.14428501, 0.0757506348, -0.548505117, 0.683025063, -0.482076232, -0.104858398, -0.628295898, -0.770751953, -0.829456371, -0.372171555, 0.416367758, 0, 2, 1, 1, 
212.046197, 32, 0.1, 0.1, 0.0220259572, 0.331201763, -0.0349705092, 0.937433043, -1.74929029e-005, -0.348165605, 0.348165606, 1.85333464e-005, 0.937433043, -9.94575144e-006, -1, 2.34641984e-005, 0.937433042, -1.52095033e-005, -0.34816561, 0.348165611, 2.07145475e-005, 0.937433041, -7.04579784e-006, -1, 2.47139272e-005, 0, 0, 0, 0, 0, 0, 0, 0.130794263, 0.156573413, 0.14940249, -0.048862208, 0.630774065, 0.774242546, -0.412475586, -0.71875, 0.559570312, 0.909589358, -0.292090255, 0.29535995, 0, -0, 0, 0, 0, 0, 0, 0.181488379, 0.14428501, 0.0757506348, -0.548505117, 0.683025063, -0.482076232, -0.104858398, -0.628295898, -0.770751953, -0.829456371, -0.372171555, 0.416367758, 0, 2, 1, 1, 
212.046926, 32, 0.1, 0.1, 0.0220259616, 0.331201762, -0.0349706532, 0.937433036, 3.01087961e-005, -0.348165624, 0.348165625, -2.03721428e-005, 0.937433036, 2.11321003e-005, -0.999999999, -2.95803675e-005, 0.937433037, 2.71223543e-005, -0.348165623, 0.348165623, -1.63589542e-005, 0.937433037, 1.97297654e-005, -0.999999999, -2.47784955e-005, 0, 0, 0, 0, 0, 0, 0, 0.13110061, 0.156160254, 0.14848938, -0.0514967172, 0.631484364, 0.773584664, -0.416015625, -0.717651367, 0.558227539, 0.907781969, -0.293067899, 0.299789865, 0, -0, 0, 0, 0, 0, 0, 0.182036914, 0.144000488, 0.0749674805, -0.546333015, 0.682015571, -0.485980773, -0.100585937, -0.629516602, -0.770385742, -0.831437442, -0.371909429, 0.412643321, 0, 2, 1, 1, 
212.047621, 32, 0.1, 0.1, 0.0220259618, 0.331201761, -0.034970319, 0.937433061, -2.08979756e-005, -0.348165559, 0.348165559, 1.40225476e-005, 0.937433061, -1.47082851e-005, -1, 2.04211551e-005, 0.937433048, -1.50322122e-005, -0.348165593, 0.348165593, 3.98531346e-006, 0.937433048, -1.27041435e-005, -1, 8.96966363e-006, 0, 0, 0, 0, 0, 0, 0, 0.13110061, 0.156160254, 0.14848938, -0.0514967172, 0.631484364, 0.773584664, -0.416015625, -0.717651367, 0.558227539, 0.907781969, -0.293067899, 0.299789865, 0, -0, 0, 0, 0, 0, 0, 0.182036914, 0.144000488, 0.0749674805, -0.546333015, 0.682015571, -0.485980773, -0.100585937, -0.629516602, -0.770385742, -0.831437442, -0.371909429, 0.412643321, 0, 2, 1, 1, 
212.048319, 32, 0.1, 0.1, 0.0220259621, 0.331201767, -0.0349697941, 0.937433168, 2.02858541e-005, -0.348165269, 0.348165269, -2.33570964e-006, 0.937433168, 1.82034195e-005, -1, -9.25240154e-006, 0.937433138, 1.36426467e-005, -0.34816535, 0.34816535, 1.24584347e-005, 0.937433139, 1.71266644e-005, -1, 6.92905273e-006, 0, 0, 0, 0, 0, 0, 0, 0.13110061, 0.156160254, 0.14848938, -0.0514967172, 0.631484364, 0.773584664, -0.416015625, -0.717651367, 0.558227539, 0.907781969, -0.293067899, 0.299789865, 0, -0, 0, 0, 0, 0, 0, 0.182036914, 0.144000488, 0.0749674805, -0.546333015, 0.682015571, -0.485980773, -0.100585937, -0.629516602, -0.770385742, -0.831437442, -0.371909429, 0.412643321, 0, 2, 1, 1, 
212.049018, 32, 0.1, 0.1, 0.022025962, 0.331201762, -0.0349693126, 0.937433382, -1.87921609e-005, -0.348164694, 0.348164694, -9.06506791e-006, 0.937433382, -2.07725356e-005, -1, -1.95513029e-006, 0.937433329, -1.2041186e-005, -0.348164837, 0.348164836, -2.04844358e-005, 0.937433329, -1.84197693e-005, -1, -1.50104753e-005, 0, 0, 0, 0, 0, 0, 0, 0.13110061, 0.156160254, 0.14848938, -0.0514967172, 0.631484364, 0.773584664, -0.416015625, -0.717651367, 0.558227539, 0.907781969, -0.293067899, 0.299789865, 0, -0, 0, 0, 0, 0, 0, 0.182036914, 0.144000488, 0.0749674805, -0.546333015, 0.682015571, -0.485980773, -0.100585937, -0.629516602, -0.770385742, -0.831437442, -0.371909429, 0.412643321, 0, 2, 1, 1, 
212.049706, 32, 0.1, 0.1, 0.0220259599, 0.331201772, -0.0349689704, 0.937433689, 8.19323171e-006, -0.348163866, 0.348163866, 2.65263161e-005, 0.937433689, 1.69161162e-005, -1, 2.20140751e-005, 0.937433623, 3.27440239e-006, -0.348164044, 0.348164044, 3.25958067e-005, 0.937433623, 1.44182228e-005, -0.999999999, 2.9416376e-005, 0, 0, 0, 0, 0, 0, 0, 0.13110061, 0.156160254, 0.14848938, -0.0514967172, 0.631484364, 0.773584664, -0.416015625, -0.717651367, 0.558227539, 0.907781969, -0.293067899, 0.299789865, 0, -0, 0, 0, 0, 0, 0, 0.182036914, 0.144000488, 0.0749674805, -0.546333015, 0.682015571, -0.485980773, -0.100585937, -0.629516602, -0.770385742, -0.831437442, -0.371909429, 0.412643321, 0, 2, 1, 1, 
212.050406, 32, 0.1, 0.1, 0.02202596, 0.331201767, -0.0349688621, 0.937434062, -8.51074616e-006, -0.348162864, 0.348162864, -3.08131352e-005, 0.937434061, -1.87062528e-005, -0.999999999, -2.59221567e-005, 0.937433987, -6.22080545e-006, -0.348163066, 0.348163066, -3.10283199e-005, 0.937433986, -1.66345094e-005, -0.999999999, -2.69211469e-005, 0, 0, 0, 0, 0, 0, 0, 0.13110061, 0.156160254, 0.14848938, -0.0514967172, 0.631484364, 0.773584664, -0.416015625, -0.717651367, 0.558227539, 0.907781969, -0.293067899, 0.299789865, 0, -0, 0, 0, 0, 0, 0, 0.182036914, 0.144000488, 0.0749674805, -0.546333015, 0.682015571, -0.485980773, -0.100585937, -0.629516602, -0.770385742, -0.831437442, -0.371909429, 0.412643321, 0, 2, 1, 1, 
212.051105, 32, 0.1, 0.1, 0.0220259605, 0.331201771, -0.034968985, 0.937434425, 7.73125947e-006, -0.348161886, 0.348161885, 3.24908578e-005, 0.937434425, 1.85596271e-005, -0.999999999, 2.77663187e-005, 0.937434358, 7.09064575e-006, -0.348162065, 0.348162065, 2.71838927e-005, 0.937434358, 1.61114152e-005, -1, 2.30144212e-005, 0, 0, 0, 0, 0, 0, 0, 0.13110061, 0.156160254, 0.14848938, -0.0514967172, 0.631484364, 0.773584664, -0.416015625, -0.717651367, 0.558227539, 0.907781969, -0.293067899, 0.299789865, 0, -0, 0, 0, 0, 0, 0, 0.182036914, 0.144000488, 0.0749674805, -0.546333015, 0.682015571, -0.485980773, -0.100585937, -0.629516602, -0.770385742, -0.831437442, -0.371909429, 0.412643321, 0, 2, 1, 1, 
212.051825, 32, 0.1, 0.1, 0.0220259593, 0.331201773, -0.0349690821, 0.937434724, -5.42592192e-006, -0.34816108, 0.34816108, -2.9011989e-005, 0.937434724, -1.5187293e-005, -1, -2.53077511e-005, 0.937434678, -8.46651662e-006, -0.348161205, 0.348161205, -1.77742822e-005, 0.937434678, -1.41251218e-005, -1, -1.37145159e-005, 0, 0, 0, 0, 0, 0, 0, 0.13120813, 0.155503589, 0.147584448, -0.0536489566, 0.631838954, 0.773110629, -0.419921875, -0.716674805, 0.556640625, 0.905898195, -0.294730756, 0.303819887, 0, -0, 0, 0, 0, 0, 0, 0.182434961, 0.143367871, 0.0741975098, -0.542870337, 0.682105256, -0.48961699, -0.0974121094, -0.630249023, -0.770141602, -0.834019325, -0.37042709, 0.4087016, 0, 2, 1, 1, 
212.052564, 32, 0.1, 0.1, 0.0220259648, 0.331201769, -0.0349686455, 0.937434892, 2.00201874e-005, -0.348160627, 0.348160627, 1.53851746e-005, 0.937434892, 2.41241342e-005, -1, 7.4523585e-006, 0.937434874, 2.45097221e-005, -0.348160676, 0.348160676, -1.7899829e-006, 0.937434874, 2.23530666e-005, -1, -1.02113138e-005, 0, 0, 0, 0, 0, 0, 0, 0.13120813, 0.155503589, 0.147584448, -0.0536489566, 0.631838954, 0.773110629, -0.419921875, -0.716674805, 0.556640625, 0.905898195, -0.294730756, 0.303819887, 0, -0, 0, 0, 0, 0, 0, 0.182434961, 0.143367871, 0.0741975098, -0.542870337, 0.682105256, -0.48961699, -0.0974121094, -0.630249023, -0.770141602, -0.834019325, -0.37042709, 0.4087016, 0, 2, 1, 1, 
212.05327, 32, 0.1, 0.1, 0.0220259619, 0.331201776, -0.0349685235, 0.937434899, -1.83580786e-005, -0.348160609, 0.348160609, -9.98456435e-007, 0.937434899, -1.75571268e-005, -1, 5.45557193e-006, 0.937434908, -1.98912153e-005, -0.348160584, 0.348160584, 1.13142983e-005, 0.937434908, -1.47075269e-005, -1, 1.75317553e-005, 0, 0, 0, 0, 0, 0, 0, 0.13120813, 0.155503589, 0.147584448, -0.0536489566, 0.631838954, 0.773110629, -0.419921875, -0.716674805, 0.556640625, 0.905898195, -0.294730756, 0.303819887, 0, -0, 0, 0, 0, 0, 0, 0.182434961, 0.143367871, 0.0741975098, -0.542870337, 0.682105256, -0.48961699, -0.0974121094, -0.630249023, -0.770141602, -0.834019325, -0.37042709, 0.4087016, 0, 2, 1, 1, 
212.053982, 32, 0.1, 0.1, 0.0220259661, 0.33120177, -0.0349686509, 0.937434776, 2.33109306e-005, -0.34816094, 0.34816094, -9.44401693e-006, 0.937434776, 1.85644392e-005, -1, -1.69691054e-005, 0.937434809, 2.41535718e-005, -0.348160851, 0.348160851, -1.77958785e-005, 0.937434809, 1.64465708e-005, -1, -2.50918041e-005, 0, 0, 0, 0, 0, 0, 0, 0.131381323, 0.155060645, 0.146243408, -0.0545633212, 0.6319906, 0.772952992, -0.422241211, -0.715942383, 0.555786133, 0.904807097, -0.296114285, 0.305945917, 0, -0, 0, 0, 0, 0, 0, 0.182434961, 0.143367871, 0.0741975098, -0.542870337, 0.682105256, -0.48961699, -0.0974121094, -0.630249023, -0.770141602, -0.834019325, -0.37042709, 0.4087016, 0, 2, 1, 1, 
212.054687, 32, 0.1, 0.1, 0.0220259618, 0.331201777, -0.0349687697, 0.937434573, -3.04930563e-005, -0.348161487, 0.348161487, 1.97468168e-005, 0.937434573, -2.17101641e-005, -0.999999999, 2.91278566e-005, 0.937434616, -2.82984345e-005, -0.34816137, 0.34816137, 2.22206699e-005, 0.937434616, -1.87915532e-005, -0.999999999, 3.06828469e-005, 0, 0, 0, 0, 0, 0, 0, 0.131381323, 0.155060645, 0.146243408, -0.0545633212, 0.6319906, 0.772952992, -0.422241211, -0.715942383, 0.555786133, 0.904807097, -0.296114285, 0.305945917, 0, -0, 0, 0, 0, 0, 0, 0.182996924, 0.142518604, 0.0728879395, -0.540615113, 0.682329103, -0.491840865, -0.095703125, -0.630859375, -0.769897461, -0.835623432, -0.369053393, 0.406503978, 0, 2, 1, 1, 
212.055386, 32, 0.1, 0.1, 0.0220259621, 0.331201776, -0.0349691243, 0.93743435, 2.11378781e-005, -0.348162086, 0.348162086, -2.18896372e-005, 0.93743435, 1.21942312e-005, -1, -2.78795056e-005, 0.937434391, 1.74506615e-005, -0.348161978, 0.348161978, -1.75241122e-005, 0.937434391, 1.02576207e-005, -1, -2.25033623e-005, 0, 0, 0, 0, 0, 0, 0, 0.131381323, 0.155060645, 0.146243408, -0.0545633212, 0.6319906, 0.772952992, -0.422241211, -0.715942383, 0.555786133, 0.904807097, -0.296114285, 0.305945917, 0, -0, 0, 0, 0, 0, 0, 0.182996924, 0.142518604, 0.0728879395, -0.540615113, 0.682329103, -0.491840865, -0.095703125, -0.630859375, -0.769897461, -0.835623432, -0.369053393, 0.406503978, 0, 2, 1, 1, 
212.05609, 32, 0.1, 0.1, 0.0220259596, 0.331201774, -0.0349696252, 0.937434187, -2.75078848e-005, -0.348162525, 0.348162525, 1.16901056e-005, 0.937434187, -2.1716775e-005, -1, 2.05359193e-005, 0.93743421, -2.2609249e-005, -0.348162465, 0.348162465, 1.85943373e-006, 0.93743421, -2.05472985e-005, -1, 9.61478866e-006, 0, 0, 0, 0, 0, 0, 0, 0.131381323, 0.155060645, 0.146243408, -0.0545633212, 0.6319906, 0.772952992, -0.422241211, -0.715942383, 0.555786133, 0.904807097, -0.296114285, 0.305945917, 0, -0, 0, 0, 0, 0, 0, 0.182996924, 0.142518604, 0.0728879395, -0.540615113, 0.682329103, -0.491840865, -0.095703125, -0.630859375, -0.769897461, -0.835623432, -0.369053393, 0.406503978, 0, 2, 1, 1, 
212.056786, 32, 0.1, 0.1, 0.0220259591, 0.33120178, -0.0349699926, 0.93743414, 2.06227706e-005, -0.348162653, 0.348162653, -3.49314889e-006, 0.93743414, 1.81163052e-005, -1, -1.04546756e-005, 0.937434138, 1.2511668e-005, -0.348162659, 0.348162659, 1.11225003e-005, 0.937434138, 1.5601304e-005, -1, 6.07051587e-006, 0, 0, 0, 0, 0, 0, 0, 0.131381323, 0.155060645, 0.146243408, -0.0545633212, 0.6319906, 0.772952992, -0.422241211, -0.715942383, 0.555786133, 0.904807097, -0.296114285, 0.305945917, 0, -0, 0, 0, 0, 0, 0, 0.182996924, 0.142518604, 0.0728879395, -0.540615113, 0.682329103, -0.491840865, -0.095703125, -0.630859375, -0.769897461, -0.835623432, -0.369053393, 0.406503978, 0, 2, 1, 1, 
212.057487, 32, 0.1, 0.1, 0.0220259608, 0.331201774, -0.0349701962, 0.937434217, -1.1783621e-005, -0.348162447, 0.348162447, -1.09195786e-005, 0.937434217, -1.48481568e-005, -1, -6.13377232e-006, 0.937434193, -6.05536068e-006, -0.348162509, 0.348162509, -2.17635013e-005, 0.937434193, -1.32537374e-005, -1, -1.82936007e-005, 0, 0, 0, 0, 0, 0, 0, 0.131381323, 0.155060645, 0.146243408, -0.0545633212, 0.6319906, 0.772952992, -0.422241211, -0.715942383, 0.555786133, 0.904807097, -0.296114285, 0.305945917, 0, -0, 0, 0, 0, 0, 0, 0.182996924, 0.142518604, 0.0728879395, -0.540615113, 0.682329103, -0.491840865, -0.095703125, -0.630859375, -0.769897461, -0.835623432, -0.369053393, 0.406503978, 0, 2, 1, 1, 
212.058199, 32, 0.1, 0.1, 0.0220259613, 0.331201783, -0.0349701335, 0.937434408, 1.58727892e-005, -0.348161932, 0.348161931, 2.55433765e-005, 0.937434408, 2.37729301e-005, -1, 1.8418939e-005, 0.937434364, 1.12271532e-005, -0.348162049, 0.348162049, 3.13558847e-005, 0.937434364, 2.14416483e-005, -0.999999999, 2.54852152e-005, 0, 0, 0, 0, 0, 0, 0, 0.131381323, 0.155060645, 0.146243408, -0.0545633212, 0.6319906, 0.772952992, -0.422241211, -0.715942383, 0.555786133, 0.904807097, -0.296114285, 0.305945917, 0, -0, 0, 0, 0, 0, 0, 0.182996924, 0.142518604, 0.0728879395, -0.540615113, 0.682329103, -0.491840865, -0.095703125, -0.630859375, -0.769897461, -0.835623432, -0.369053393, 0.406503978, 0, 2, 1, 1, 
212.058906, 32, 0.1, 0.1, 0.0220259631, 0.331201779, -0.0349698338, 0.937434668, -5.72930399e-006, -0.348161231, 0.348161231, -2.79927041e-005, 0.937434668, -1.51168225e-005, -1, -2.42466097e-005, 0.937434612, -2.41326384e-006, -0.348161381, 0.348161381, -2.82436833e-005, 0.937434612, -1.20956368e-005, -1, -2.5636401e-005, 0, 0, 0, 0, 0, 0, 0, 0.131422925, 0.154883301, 0.144864282, -0.0580919771, 0.632778406, 0.771983583, -0.422851562, -0.716064453, 0.555175781, 0.904377245, -0.29426159, 0.309189255, 0, -0, 0, 0, 0, 0, 0, 0.182996924, 0.142518604, 0.0728879395, -0.540615113, 0.682329103, -0.491840865, -0.095703125, -0.630859375, -0.769897461, -0.835623432, -0.369053393, 0.406503978, 0, 2, 1, 1, 
212.059612, 32, 0.1, 0.1, 0.0220259634, 0.331201783, -0.0349692415, 0.93743494, 5.56457801e-006, -0.348160499, 0.348160498, 3.31443368e-005, 0.93743494, 1.67559787e-005, -0.999999999, 2.91332931e-005, 0.93743489, 5.73398112e-006, -0.348160633, 0.348160633, 2.81732035e-005, 0.93743489, 1.51840343e-005, -1, 2.44141974e-005, 0, 0, 0, 0, 0, 0, 0, 0.131422925, 0.154883301, 0.144864282, -0.0580919771, 0.632778406, 0.771983583, -0.422851562, -0.716064453, 0.555175781, 0.904377245, -0.29426159, 0.309189255, 0, -0, 0, 0, 0, 0, 0, 0.183307324, 0.142210645, 0.0716548828, -0.538698574, 0.681127846, -0.495719886, -0.0910644531, -0.631958008, -0.76953125, -0.837508622, -0.369302393, 0.402536738, 0, 2, 1, 1, 
212.060321, 32, 0.1, 0.1, 0.0220259607, 0.331201785, -0.0349687069, 0.937435149, -1.08666315e-005, -0.348159938, 0.348159937, -2.88418288e-005, 0.937435148, -2.02283316e-005, -1, -2.32540183e-005, 0.937435119, -1.35061892e-005, -0.348160018, 0.348160018, -1.74790718e-005, 0.937435119, -1.874669e-005, -1, -1.16831807e-005, 0, 0, 0, 0, 0, 0, 0, 0.131422925, 0.154883301, 0.144864282, -0.0580919771, 0.632778406, 0.771983583, -0.422851562, -0.716064453, 0.555175781, 0.904377245, -0.29426159, 0.309189255, 0, -0, 0, 0, 0, 0, 0, 0.183307324, 0.142210645, 0.0716548828, -0.538698574, 0.681127846, -0.495719886, -0.0910644531, -0.631958008, -0.76953125, -0.837508622, -0.369302393, 0.402536738, 0, 2, 1, 1, 
212.06102, 32, 0.1, 0.1, 0.0220259634, 0.331201782, -0.0349684794, 0.937435236, 1.21193499e-005, -0.348159703, 0.348159703, 1.6398398e-005, 0.937435236, 1.7070367e-005, -1, 1.11529669e-005, 0.93743523, 1.67617375e-005, -0.348159717, 0.348159717, -1.65949505e-006, 0.93743523, 1.51352739e-005, -1, -7.39143091e-006, 0, 0, 0, 0, 0, 0, 0, 0.131422925, 0.154883301, 0.144864282, -0.0580919771, 0.632778406, 0.771983583, -0.422851562, -0.716064453, 0.555175781, 0.904377245, -0.29426159, 0.309189255, 0, -0, 0, 0, 0, 0, 0, 0.183307324, 0.142210645, 0.0716548828, -0.538698574, 0.681127846, -0.495719886, -0.0910644531, -0.631958008, -0.76953125, -0.837508622, -0.369302393, 0.402536738, 0, 2, 1, 1, 
212.061708, 32, 0.1, 0.1, 0.022025959, 0.331201788, -0.0349686209, 0.937435188, -2.13442683e-005, -0.348159832, 0.348159832, -1.18134231e-006, 0.937435188, -2.04201641e-005, -1, 6.323785e-006, 0.937435207, -2.36667779e-005, -0.348159781, 0.348159781, 1.15640781e-005, 0.937435207, -1.81599239e-005, -1, 1.90803942e-005, 0, 0, 0, 0, 0, 0, 0, 0.131422925, 0.154883301, 0.144864282, -0.0580919771, 0.632778406, 0.771983583, -0.422851562, -0.716064453, 0.555175781, 0.904377245, -0.29426159, 0.309189255, 0, -0, 0, 0, 0, 0, 0, 0.183307324, 0.142210645, 0.0716548828, -0.538698574, 0.681127846, -0.495719886, -0.0910644531, -0.631958008, -0.76953125, -0.837508622, -0.369302393, 0.402536738, 0, 2, 1, 1, 
212.062406, 32, 0.1, 0.1, 0.0220259628, 0.331201782, -0.0349690827, 0.937435018, 2.43958052e-005, -0.348160288, 0.348160288, -1.30379263e-005, 0.937435018, 1.83301939e-005, -1, -2.07158593e-005, 0.937435058, 2.43765823e-005, -0.348160181, 0.348160182, -2.03418489e-005, 0.937435058, 1.57692411e-005, -0.999999999, -2.75561176e-005, 0, 0, 0, 0, 0, 0, 0, 0.131422925, 0.154883301, 0.144864282, -0.0580919771, 0.632778406, 0.771983583, -0.422851562, -0.716064453, 0.555175781, 0.904377245, -0.29426159, 0.309189255, 0, -0, 0, 0, 0, 0, 0, 0.183307324, 0.142210645, 0.0716548828, -0.538698574, 0.681127846, -0.495719886, -0.0910644531, -0.631958008, -0.76953125, -0.837508622, -0.369302393, 0.402536738, 0, 2, 1, 1, 
212.063106, 32, 0.1, 0.1, 0.02202596, 0.331201788, -0.0349697029, 0.937434773, -2.41201295e-005, -0.348160949, 0.348160949, 1.70167974e-005, 0.937434773, -1.66864638e-005, -1, 2.43498247e-005, 0.937434824, -2.24992612e-005, -0.34816081, 0.34816081, 1.88071954e-005, 0.937434824, -1.45436626e-005, -1, 2.54638809e-005, 0, 0, 0, 0, 0, 0, 0, 0.131422925, 0.154883301, 0.144864282, -0.0580919771, 0.632778406, 0.771983583, -0.422851562, -0.716064453, 0.555175781, 0.904377245, -0.29426159, 0.309189255, 0, -0, 0, 0, 0, 0, 0, 0.183307324, 0.142210645, 0.0716548828, -0.538698574, 0.681127846, -0.495719886, -0.0910644531, -0.631958008, -0.76953125, -0.837508622, -0.369302393, 0.402536738, 0, 2, 1, 1, 
212.063809, 32, 0.1, 0.1, 0.0220259626, 0.331201786, -0.0349702233, 0.937434519, 2.6623559e-005, -0.348161631, 0.348161632, -1.99716893e-005, 0.937434519, 1.80044673e-005, -0.999999999, -2.79914527e-005, 0.93743457, 2.25193462e-005, -0.348161495, 0.348161496, -1.58603852e-005, 0.93743457, 1.55884382e-005, -1, -2.27084426e-005, 0, 0, 0, 0, 0, 0, 0, 0.131422925, 0.154883301, 0.144864282, -0.0596855628, 0.633488705, 0.77135678, -0.425537109, -0.715087891, 0.554443359, 0.902899358, -0.295239234, 0.312254737, 0, -0, 0, 0, 0, 0, 0, 0.183307324, 0.142210645, 0.0716548828, -0.538698574, 0.681127846, -0.495719886, -0.0910644531, -0.631958008, -0.76953125, -0.837508622, -0.369302393, 0.402536738, 0, 2, 1, 1, 
212.064523, 32, 0.1, 0.1, 0.0220259626, 0.331201785, -0.0349701903, 0.937434321, -2.06953699e-005, -0.348162165, 0.348162165, 1.4057728e-005, 0.937434321, -1.4506181e-005, -1, 2.03835415e-005, 0.937434349, -1.56667337e-005, -0.348162089, 0.348162089, 4.18249124e-006, 0.937434349, -1.32303495e-005, -1, 9.3753737e-006, 0, 0, 0, 0, 0, 0, 0, 0.131560229, 0.154023657, 0.143502124, -0.0596855628, 0.633488705, 0.77135678, -0.425537109, -0.715087891, 0.554443359, 0.902899358, -0.295239234, 0.312254737, 0, -0, 0, 0, 0, 0, 0, 0.183670703, 0.141286426, 0.0706450684, -0.535893944, 0.68044428, -0.499598908, -0.0869140625, -0.633056641, -0.769042969, -0.839668698, -0.368637782, 0.398569498, 0, 2, 1, 1, 
212.065232, 32, 0.1, 0.1, 0.0220259639, 0.331201791, -0.0349699408, 0.937434239, 2.47935977e-005, -0.348162386, 0.348162386, -2.78824151e-006, 0.937434239, 2.22716066e-005, -1, -1.12459912e-005, 0.937434244, 1.75177382e-005, -0.348162374, 0.348162373, 1.2200041e-005, 0.937434244, 2.06693229e-005, -1, 5.33771891e-006, 0, 0, 0, 0, 0, 0, 0, 0.131560229, 0.154023657, 0.143502124, -0.0596855628, 0.633488705, 0.77135678, -0.425537109, -0.715087891, 0.554443359, 0.902899358, -0.295239234, 0.312254737, 0, -0, 0, 0, 0, 0, 0, 0.183670703, 0.141286426, 0.0706450684, -0.535893944, 0.68044428, -0.499598908, -0.0869140625, -0.633056641, -0.769042969, -0.839668698, -0.368637782, 0.398569498, 0, 2, 1, 1, 
212.065935, 32, 0.1, 0.1, 0.0220259657, 0.331201786, -0.0349695676, 0.937434289, -1.31691445e-005, -0.348162251, 0.348162251, -9.17805392e-006, 0.93743429, -1.55406595e-005, -1, -4.01882348e-006, 0.937434269, -6.09476006e-006, -0.348162306, 0.348162306, -2.08971402e-005, 0.937434269, -1.29890335e-005, -1, -1.74677296e-005, 0, 0, 0, 0, 0, 0, 0, 0.131560229, 0.154023657, 0.143502124, -0.0596855628, 0.633488705, 0.77135678, -0.425537109, -0.715087891, 0.554443359, 0.902899358, -0.295239234, 0.312254737, 0, -0, 0, 0, 0, 0, 0, 0.183670703, 0.141286426, 0.0706450684, -0.535893944, 0.68044428, -0.499598908, -0.0869140625, -0.633056641, -0.769042969, -0.839668698, -0.368637782, 0.398569498, 0, 2, 1, 1, 
212.066652, 32, 0.1, 0.1, 0.0220259651, 0.331201796, -0.0349689761, 0.937434464, 1.20945042e-005, -0.34816178, 0.348161779, 2.71521839e-005, 0.937434464, 2.07911577e-005, -1, 2.12425488e-005, 0.937434424, 7.81959941e-006, -0.348161889, 0.348161888, 3.36365638e-005, 0.937434424, 1.90413312e-005, -0.999999999, 2.88095863e-005, 0, 0, 0, 0, 0, 0, 0, 0.131787622, 0.153183667, 0.141899268, -0.059559004, 0.634579804, 0.770481729, -0.427246094, -0.713745117, 0.554931641, 0.902137761, -0.296153599, 0.313752843, 0, -0, 0, 0, 0, 0, 0, 0.184202881, 0.140580566, 0.0690575684, -0.534149845, 0.679613791, -0.502698113, -0.0845947266, -0.634521484, -0.768066406, -0.841081041, -0.367743128, 0.39652536, 0, 2, 1, 1, 
212.067653, 32, 0.1, 0.1, 0.0220259624, 0.331201782, -0.0349656391, 0.937434848, -1.96358896e-005, -0.348160746, 0.348160745, -4.61287575e-005, 0.937434848, -3.44675898e-005, -0.999999999, -3.64062588e-005, 0.937434755, -1.54665843e-005, -0.348160998, 0.348160997, -4.9717675e-005, 0.937434754, -3.1808669e-005, -0.999999999, -4.1222215e-005, 0, 0, 0, 0, 0, 0, 0, 0.131787622, 0.153183667, 0.141899268, -0.059559004, 0.634579804, 0.770481729, -0.427246094, -0.713745117, 0.554931641, 0.902137761, -0.296153599, 0.313752843, 0, -0, 0, 0, 0, 0, 0, 0.184202881, 0.140580566, 0.0690575684, -0.534149845, 0.679613791, -0.502698113, -0.0845947266, -0.634521484, -0.768066406, -0.841081041, -0.367743128, 0.39652536, 0, 2, 1, 1, 
212.068774, 32, 0.1, 0.1, 0.0220259672, 0.331201789, -0.0349561422, 0.93743541, 3.12055076e-005, -0.348159233, 0.348159232, 2.15954314e-005, 0.93743541, 3.67717966e-005, -0.999999999, 9.37983648e-006, 0.937435285, 2.67732259e-005, -0.348159568, 0.348159567, 3.1873658e-005, 0.937435286, 3.61952857e-005, -0.999999999, 2.0558137e-005, 0, 0, 0, 0, 0, 0, 0, 0.131787622, 0.153183667, 0.141899268, -0.059559004, 0.634579804, 0.770481729, -0.427246094, -0.713745117, 0.554931641, 0.902137761, -0.296153599, 0.313752843, 0, -0, 0, 0, 0, 0, 0, 0.184202881, 0.140580566, 0.0690575684, -0.534149845, 0.679613791, -0.502698113, -0.0845947266, -0.634521484, -0.768066406, -0.841081041, -0.367743128, 0.39652536, 0, 2, 1, 1, 
212.069902, 32, 0.1, 0.1, 0.0220259682, 0.331201786, -0.0349451849, 0.937436159, 3.15536994e-006, -0.348157217, 0.348157217, 1.21368768e-005, 0.937436159, 7.18349914e-006, -1, 1.02789824e-005, 0.93743599, -1.36030437e-005, -0.348157672, 0.348157672, 1.44730428e-007, 0.93743599, -1.27015937e-005, -1, 4.87167955e-006, 0, 0, 0, 0, 0, 0, 0, 0.131787622, 0.153183667, 0.141899268, -0.059559004, 0.634579804, 0.770481729, -0.427246094, -0.713745117, 0.554931641, 0.902137761, -0.296153599, 0.313752843, 0, -0, 0, 0, 0, 0, 0, 0.184202881, 0.140580566, 0.0690575684, -0.534149845, 0.679613791, -0.502698113, -0.0845947266, -0.634521484, -0.768066406, -0.841081041, -0.367743128, 0.39652536, 0, 2, 1, 1, 
212.070601, 32, 0.1, 0.1, 0.0220259656, 0.331201783, -0.0349436767, 0.937436696, -2.04273215e-005, -0.348155771, 0.348155771, -6.80946887e-006, 0.937436696, -2.15200766e-005, -1, 7.28443843e-007, 0.937436586, -1.86080302e-005, -0.348156066, 0.348156066, -2.16875771e-005, 0.937436586, -2.49945098e-005, -1, -1.38522297e-005, 0, 0, 0, 0, 0, 0, 0, 0.131787622, 0.153183667, 0.141899268, -0.059559004, 0.634579804, 0.770481729, -0.427246094, -0.713745117, 0.554931641, 0.902137761, -0.296153599, 0.313752843, 0, -0, 0, 0, 0, 0, 0, 0.184202881, 0.140580566, 0.0690575684, -0.534149845, 0.679613791, -0.502698113, -0.0845947266, -0.634521484, -0.768066406, -0.841081041, -0.367743128, 0.39652536, 0, 2, 1, 1, 
212.071331, 32, 0.1, 0.1, 0.0220259714, 0.331201787, -0.0349499956, 0.937437272, 2.07049676e-005, -0.34815422, 0.34815422, 9.86496289e-006, 0.937437272, 2.28441368e-005, -1, 2.03926205e-006, 0.937437167, 2.89387444e-005, -0.348154503, 0.348154503, 9.06767156e-006, 0.937437167, 3.02852053e-005, -1, -1.57478184e-006, 0, 0, 0, 0, 0, 0, 0, 0.131787842, 0.152831055, 0.14025686, -0.0639125359, 0.636218695, 0.76870654, -0.427001953, -0.713623047, 0.555297852, 0.901962149, -0.292829008, 0.317370987, 0, -0, 0, 0, 0, 0, 0, 0.184536475, 0.140011279, 0.0677629883, -0.531856341, 0.677780008, -0.507401426, -0.0792236328, -0.636352539, -0.767211914, -0.843049353, -0.367813124, 0.392225998, 0, 2, 1, 1, 
212.072031, 32, 0.1, 0.1, 0.0220259637, 0.331201785, -0.0349610208, 0.93743776, -3.62863609e-005, -0.348152903, 0.348152903, -3.69396679e-006, 0.937437761, -3.53022702e-005, -0.999999999, 9.17033795e-006, 0.937437665, -3.45426745e-005, -0.348153161, 0.348153161, -1.32116754e-005, 0.937437665, -3.69812907e-005, -0.999999999, -3.58980767e-007, 0, 0, 0, 0, 0, 0, 0, 0.131787842, 0.152831055, 0.14025686, -0.0639125359, 0.636218695, 0.76870654, -0.427001953, -0.713623047, 0.555297852, 0.901962149, -0.292829008, 0.317370987, 0, -0, 0, 0, 0, 0, 0, 0.184536475, 0.140011279, 0.0677629883, -0.531856341, 0.677780008, -0.507401426, -0.0792236328, -0.636352539, -0.767211914, -0.843049353, -0.367813124, 0.392225998, 0, 2, 1, 1, 
