time, trialNum, realDorsalTactorPos, realVentralTactorPos, boxPosX, boxPosY, boxPosZ, boxLocalRot_11, boxLocalRot_12, boxLocalRot_13, boxLocalRot_21, boxLocalRot_22, boxLocalRot_23, boxLocalRot_31, boxLocalRot_32, boxLocalRot_33, boxGlobalRot_11, boxGlobalRot_12, boxGlobalRot_13, boxGlobalRot_21, boxGlobalRot_22, boxGlobalRot_23, boxGlobalRot_31, boxGlobalRot_32, boxGlobalRot_33, indexForceX, indexForceY, indexForceZ, indexForceGlobalX, indexForceGlobalY, indexForceGlobalZ, indexContact, indexPosX, indexPosY, indexPosZ, indexRot_11, indexRot_12, indexRot_13, indexRot_21, indexRot_22, indexRot_23, indexRot_31, indexRot_32, indexRot_33, thumbForceX, thumbForceY, thumbForceZ, thumbForceGlobalX, thumbForceGlobalY, thumbForceGlobalZ, thumbContact, thumbPosX, thumbPosY, thumbPosZ, thumbRot_11, thumbRot_12, thumbRot_13, thumbRot_21, thumbRot_22, thumbRot_23, thumbRot_31, thumbRot_32, thumbRot_33, manipForceTooHigh, cceExpType, mapping, trialSuccess, 
230.520104, 34, 0.1, 0.1, 0.015155834, 0.364640562, -0.0349781426, 0.994878046, 3.04771701e-006, 0.10108251, 0.10108251, -2.792825e-005, -0.994878045, -2.09049128e-007, 1, -2.80932736e-005, 0.99487805, 7.27277037e-006, 0.101082466, 0.101082467, -3.30846102e-005, -0.99487805, -3.8912456e-006, 0.999999999, -3.3650302e-005, 0, 0, 0, 0, 0, 0, 0, 0.171775342, 0.15138894, 0.131772729, -0.754417374, 0.639354392, 0.148061773, -0.630493164, -0.768676758, 0.107299805, 0.18251986, -0.0124011868, 0.983205624, 0, 0, -0, 0, 0, 0, 0, 0.233908545, 0.165545898, 0.189266748, -0.398725358, 0.894613753, -0.2009241, 0.569335938, 0.0698242187, -0.818969727, -0.718833769, -0.440885035, -0.537251069, 0, 2, 5, 1, 
230.54804, 34, 0.1, 0.1, 0.01515586, 0.364640549, -0.0349714227, 0.994882801, 6.15946274e-006, 0.1010357, 0.1010357, -3.31803113e-006, -0.994882801, -5.79270394e-006, 1, -3.92337773e-006, 0.994882803, 1.25453492e-005, 0.101035676, 0.101035676, -1.22120569e-005, -0.994882803, -1.12472987e-005, 1, -1.34170932e-005, 0, 0, 0, 0, 0, 0, 0, 0.172568604, 0.149509814, 0.126752124, -0.751917658, 0.648195102, 0.119726184, -0.633789062, -0.760864258, 0.138916016, 0.181135209, 0.0285906157, 0.982997047, 0, 0, -0, 0, 0, 0, 0, 0.235038721, 0.164966553, 0.183825, -0.390118604, 0.889295403, -0.238051467, 0.576660156, 0.0344238281, -0.816162109, -0.71780642, -0.455682171, -0.526178702, 0, 2, 5, 1, 
230.54873, 34, 0.1, 0.1, 0.0151558616, 0.364640544, -0.0349727109, 0.994882791, 5.06570287e-006, 0.101035793, 0.101035792, 8.32315903e-006, -0.994882791, -5.88071758e-006, 1, 7.76875038e-006, 0.994882793, -5.16234634e-006, 0.101035778, 0.101035779, 1.54548637e-005, -0.994882793, 3.57443536e-006, 1, 1.58973597e-005, 0, 0, 0, 0, 0, 0, 0, 0.172568604, 0.149509814, 0.126752124, -0.751917658, 0.648195102, 0.119726184, -0.633789062, -0.760864258, 0.138916016, 0.181135209, 0.0285906157, 0.982997047, 0, 0, -0, 0, 0, 0, 0, 0.235169336, 0.16465957, 0.182801514, -0.390118604, 0.889295403, -0.238051467, 0.576660156, 0.0344238281, -0.816162109, -0.71780642, -0.455682171, -0.526178702, 0, 2, 5, 1, 
230.549426, 34, 0.1, 0.1, 0.0151558605, 0.364640548, -0.0349730535, 0.994882801, -9.53560714e-006, 0.101035699, 0.101035699, -5.31846305e-006, -0.994882801, 1.00241662e-005, 1, -4.32781068e-006, 0.994882797, -4.15115423e-006, 0.101035735, 0.101035735, -1.25526655e-005, -0.994882797, 5.39817971e-006, 1, -1.20690161e-005, 0, 0, 0, 0, 0, 0, 0, 0.172568604, 0.149509814, 0.126752124, -0.751917658, 0.648195102, 0.119726184, -0.633789062, -0.760864258, 0.138916016, 0.181135209, 0.0285906157, 0.982997047, 0, 0, -0, 0, 0, 0, 0, 0.235169336, 0.16465957, 0.182801514, -0.390118604, 0.889295403, -0.238051467, 0.576660156, 0.0344238281, -0.816162109, -0.71780642, -0.455682171, -0.526178702, 0, 2, 5, 1, 
230.550124, 34, 0.1, 0.1, 0.0151558599, 0.364640544, -0.034972365, 0.994882834, 9.77766754e-006, 0.101035372, 0.101035372, 5.18267247e-006, -0.994882834, -1.02512668e-005, 1, 4.1682616e-006, 0.994882826, 9.274486e-006, 0.101035451, 0.101035451, 1.37868877e-005, -0.994882826, -1.06199913e-005, 1, 1.27792859e-005, 0, 0, 0, 0, 0, 0, 0, 0.172568604, 0.149509814, 0.126752124, -0.751917658, 0.648195102, 0.119726184, -0.633789062, -0.760864258, 0.138916016, 0.181135209, 0.0285906157, 0.982997047, 0, 0, -0, 0, 0, 0, 0, 0.235169336, 0.16465957, 0.182801514, -0.390118604, 0.889295403, -0.238051467, 0.576660156, 0.0344238281, -0.816162109, -0.71780642, -0.455682171, -0.526178702, 0, 2, 5, 1, 
230.550824, 34, 0.1, 0.1, 0.0151558611, 0.364640548, -0.0349709207, 0.994882884, -3.65951252e-006, 0.101034879, 0.101034879, -6.00828517e-006, -0.994882884, 4.24783273e-006, 1, -5.60780167e-006, 0.994882874, -8.3015432e-006, 0.101034983, 0.101034983, -1.56534235e-005, -0.994882873, 9.84060654e-006, 1, -1.47345767e-005, 0, 0, 0, 0, 0, 0, 0, 0.172568604, 0.149509814, 0.126752124, -0.751917658, 0.648195102, 0.119726184, -0.633789062, -0.760864258, 0.138916016, 0.181135209, 0.0285906157, 0.982997047, 0, 0, -0, 0, 0, 0, 0, 0.235169336, 0.16465957, 0.182801514, -0.390118604, 0.889295403, -0.238051467, 0.576660156, 0.0344238281, -0.816162109, -0.71780642, -0.455682171, -0.526178702, 0, 2, 5, 1, 
230.551514, 34, 0.1, 0.1, 0.0151558595, 0.364640544, -0.034969201, 0.994882931, -6.32165453e-006, 0.101034415, 0.101034415, 4.57310259e-006, -0.994882931, 5.82726544e-006, 1, 5.18840637e-006, 0.994882923, 3.5267149e-006, 0.101034499, 0.101034499, 1.50034461e-005, -0.994882923, -5.02453408e-006, 1, 1.45703524e-005, 0, 0, 0, 0, 0, 0, 0, 0.172568604, 0.149509814, 0.126752124, -0.751917658, 0.648195102, 0.119726184, -0.633789062, -0.760864258, 0.138916016, 0.181135209, 0.0285906157, 0.982997047, 0, 0, -0, 0, 0, 0, 0, 0.235169336, 0.16465957, 0.182801514, -0.390118604, 0.889295403, -0.238051467, 0.576660156, 0.0344238281, -0.816162109, -0.71780642, -0.455682171, -0.526178702, 0, 2, 5, 1, 
230.552208, 34, 0.1, 0.1, 0.015155859, 0.364640548, -0.0349677489, 0.994882953, 1.45483977e-005, 0.101034203, 0.101034203, -4.74733271e-006, -0.994882953, -1.39943099e-005, 1, -6.19292616e-006, 0.994882951, 1.00579168e-005, 0.101034221, 0.101034221, -1.49525353e-005, -0.994882951, -8.49573219e-006, 1, -1.58922162e-005, 0, 0, 0, 0, 0, 0, 0, 0.172568604, 0.149509814, 0.126752124, -0.751917658, 0.648195102, 0.119726184, -0.633789062, -0.760864258, 0.138916016, 0.181135209, 0.0285906157, 0.982997047, 0, 0, -0, 0, 0, 0, 0, 0.235169336, 0.16465957, 0.182801514, -0.390118604, 0.889295403, -0.238051467, 0.576660156, 0.0344238281, -0.816162109, -0.71780642, -0.455682171, -0.526178702, 0, 2, 5, 1, 
230.55293, 34, 0.1, 0.1, 0.0151558603, 0.364640544, -0.0349668014, 0.994882941, -1.26516408e-005, 0.101034323, 0.101034323, 4.25644357e-006, -0.994882941, 1.21568548e-005, 1, 5.51291306e-006, 0.994882945, -1.40403618e-005, 0.101034278, 0.101034279, 1.42124305e-005, -0.994882945, 1.25325738e-005, 1, 1.55582625e-005, 0, 0, 0, 0, 0, 0, 0, 0.172776709, 0.149291455, 0.125994995, -0.752335527, 0.647994403, 0.118044232, -0.63269043, -0.760742188, 0.143920898, 0.183178863, 0.0335660807, 0.98252189, 0, 0, -0, 0, 0, 0, 0, 0.235513428, 0.164554102, 0.181741406, -0.38808686, 0.888432465, -0.244855786, 0.577270508, 0.0272216797, -0.816040039, -0.718452074, -0.457982238, -0.523334326, 0, 2, 5, 1, 
230.553619, 34, 0.1, 0.1, 0.0151558577, 0.364640548, -0.0349666464, 0.994882906, 6.26877397e-006, 0.101034666, 0.101034666, -5.71714954e-006, -0.994882906, -5.65906576e-006, 1, -6.32125783e-006, 0.994882913, 1.33543813e-005, 0.10103459, 0.101034591, -1.52756061e-005, -0.994882913, -1.17426812e-005, 1, -1.65466939e-005, 0, 0, 0, 0, 0, 0, 0, 0.172776709, 0.149291455, 0.125994995, -0.752335527, 0.647994403, 0.118044232, -0.63269043, -0.760742188, 0.143920898, 0.183178863, 0.0335660807, 0.98252189, 0, 0, -0, 0, 0, 0, 0, 0.235513428, 0.164554102, 0.181741406, -0.38808686, 0.888432465, -0.244855786, 0.577270508, 0.0272216797, -0.816040039, -0.718452074, -0.457982238, -0.523334326, 0, 2, 5, 1, 
230.554408, 34, 0.1, 0.1, 0.0151558616, 0.364640541, -0.0349665157, 0.994882867, 3.07233022e-006, 0.101035052, 0.101035052, 1.19247513e-005, -0.994882867, -4.26142655e-006, 1, 1.15533177e-005, 0.994882873, -1.01213598e-005, 0.10103499, 0.10103499, 2.1327476e-005, -0.994882873, 7.91474623e-006, 1, 2.2240952e-005, 0, 0, 0, 0, 0, 0, 0, 0.172776709, 0.149291455, 0.125994995, -0.752335527, 0.647994403, 0.118044232, -0.63269043, -0.760742188, 0.143920898, 0.183178863, 0.0335660807, 0.98252189, 0, 0, -0, 0, 0, 0, 0, 0.235513428, 0.164554102, 0.181741406, -0.38808686, 0.888432465, -0.244855786, 0.577270508, 0.0272216797, -0.816040039, -0.718452074, -0.457982238, -0.523334326, 0, 2, 5, 1, 
230.555127, 34, 0.1, 0.1, 0.0151558613, 0.364640545, -0.0349669039, 0.994882859, -1.49605354e-005, 0.101035123, 0.101035123, -5.81611285e-006, -0.994882859, 1.54716119e-005, 1, -4.27481145e-006, 0.994882858, -7.75853781e-006, 0.101035134, 0.101035134, -1.53967263e-005, -0.994882858, 9.27444658e-006, 1, -1.45340541e-005, 0, 0, 0, 0, 0, 0, 0, 0.172776709, 0.149291455, 0.125994995, -0.751528625, 0.649322889, 0.116482847, -0.633178711, -0.759399414, 0.148803711, 0.185152126, 0.0380521628, 0.982027638, 0, 0, -0, 0, 0, 0, 0, 0.235513428, 0.164554102, 0.181741406, -0.38808686, 0.888432465, -0.244855786, 0.577270508, 0.0272216797, -0.816040039, -0.718452074, -0.457982238, -0.523334326, 0, 2, 5, 1, 
230.555839, 34, 0.1, 0.1, 0.0151558616, 0.36464054, -0.0349677981, 0.994882885, 9.64850741e-006, 0.101034873, 0.101034873, 7.85441109e-006, -0.994882885, -1.03927043e-005, 1, 6.83938344e-006, 0.994882878, 8.60667109e-006, 0.101034943, 0.101034943, 1.80266855e-005, -0.994882878, -1.03839548e-005, 1, 1.70648663e-005, 0, 0, 0, 0, 0, 0, 0, 0.17282395, 0.148480029, 0.12524397, -0.751528625, 0.649322889, 0.116482847, -0.633178711, -0.759399414, 0.148803711, 0.185152126, 0.0380521628, 0.982027638, 0, 0, -0, 0, 0, 0, 0, 0.235692139, 0.164039014, 0.180696191, -0.385020103, 0.887844413, -0.251404543, 0.577880859, 0.0196533203, -0.815795898, -0.719602657, -0.459394215, -0.520585832, 0, 2, 5, 1, 
230.556529, 34, 0.1, 0.1, 0.0151558631, 0.364640545, -0.0349691292, 0.994882931, -4.87000216e-006, 0.101034422, 0.101034422, -8.7228669e-006, -0.994882931, 5.72639184e-006, 1, -8.18619353e-006, 0.994882921, -9.61643367e-006, 0.101034515, 0.101034515, -1.80060498e-005, -0.994882921, 1.13864581e-005, 1, -1.69423198e-005, 0, 0, 0, 0, 0, 0, 0, 0.17282395, 0.148480029, 0.12524397, -0.751528625, 0.649322889, 0.116482847, -0.633178711, -0.759399414, 0.148803711, 0.185152126, 0.0380521628, 0.982027638, 0, 0, -0, 0, 0, 0, 0, 0.235692139, 0.164039014, 0.180696191, -0.385020103, 0.887844413, -0.251404543, 0.577880859, 0.0196533203, -0.815795898, -0.719602657, -0.459394215, -0.520585832, 0, 2, 5, 1, 
230.557226, 34, 0.1, 0.1, 0.0151558614, 0.364640541, -0.0349705699, 0.994882975, -5.41954144e-006, 0.101033987, 0.101033987, 3.94850186e-006, -0.994882975, 4.99287662e-006, 1, 4.47585516e-006, 0.994882967, 3.92298769e-006, 0.101034066, 0.101034066, 1.37495321e-005, -0.994882967, -5.29208477e-006, 1, 1.32828199e-005, 0, 0, 0, 0, 0, 0, 0, 0.17282395, 0.148480029, 0.12524397, -0.751528625, 0.649322889, 0.116482847, -0.633178711, -0.759399414, 0.148803711, 0.185152126, 0.0380521628, 0.982027638, 0, 0, -0, 0, 0, 0, 0, 0.235692139, 0.164039014, 0.180696191, -0.385020103, 0.887844413, -0.251404543, 0.577880859, 0.0196533203, -0.815795898, -0.719602657, -0.459394215, -0.520585832, 0, 2, 5, 1, 
230.557919, 34, 0.1, 0.1, 0.0151558609, 0.364640546, -0.0349716482, 0.994882995, 1.33242387e-005, 0.101033791, 0.101033791, -5.72525245e-006, -0.994882995, -1.26776146e-005, 1, -7.04215466e-006, 0.994882993, 9.16750058e-006, 0.101033808, 0.101033808, -1.46372811e-005, -0.994882993, -7.64173015e-006, 1, -1.54886096e-005, 0, 0, 0, 0, 0, 0, 0, 0.17282395, 0.148480029, 0.12524397, -0.751528625, 0.649322889, 0.116482847, -0.633178711, -0.759399414, 0.148803711, 0.185152126, 0.0380521628, 0.982027638, 0, 0, -0, 0, 0, 0, 0, 0.235692139, 0.164039014, 0.180696191, -0.385020103, 0.887844413, -0.251404543, 0.577880859, 0.0196533203, -0.815795898, -0.719602657, -0.459394215, -0.520585832, 0, 2, 5, 1, 
230.558611, 34, 0.1, 0.1, 0.0151558611, 0.364640542, -0.0349721119, 0.994882986, -8.23344195e-006, 0.101033874, 0.101033874, 3.74553734e-006, -0.994882986, 7.81288516e-006, 1, 4.55822791e-006, 0.99488299, -9.2933616e-006, 0.10103384, 0.101033841, 1.17539557e-005, -0.99488299, 8.05826009e-006, 1, 1.26327546e-005, 0, 0, 0, 0, 0, 0, 0, 0.17282395, 0.148480029, 0.12524397, -0.751528625, 0.649322889, 0.116482847, -0.633178711, -0.759399414, 0.148803711, 0.185152126, 0.0380521628, 0.982027638, 0, 0, -0, 0, 0, 0, 0, 0.235692139, 0.164039014, 0.180696191, -0.385020103, 0.887844413, -0.251404543, 0.577880859, 0.0196533203, -0.815795898, -0.719602657, -0.459394215, -0.520585832, 0, 2, 5, 1, 
230.559304, 34, 0.1, 0.1, 0.0151558582, 0.364640546, -0.0349718757, 0.994882958, 6.88613049e-006, 0.101034147, 0.101034147, -3.99268268e-006, -0.994882958, -6.44749659e-006, 1, -4.66798628e-006, 0.994882965, 1.29806259e-005, 0.101034087, 0.101034087, -1.20745413e-005, -0.994882964, -1.16942633e-005, 1, -1.33242411e-005, 0, 0, 0, 0, 0, 0, 0, 0.17282395, 0.148480029, 0.12524397, -0.751528625, 0.649322889, 0.116482847, -0.633178711, -0.759399414, 0.148803711, 0.185152126, 0.0380521628, 0.982027638, 0, 0, -0, 0, 0, 0, 0, 0.235692139, 0.164039014, 0.180696191, -0.385020103, 0.887844413, -0.251404543, 0.577880859, 0.0196533203, -0.815795898, -0.719602657, -0.459394215, -0.520585832, 0, 2, 5, 1, 
230.560018, 34, 0.1, 0.1, 0.0151558598, 0.364640542, -0.0349709302, 0.99488293, 6.79423374e-006, 0.101034431, 0.101034431, 6.34282312e-006, -0.99488293, -7.4003107e-006, 1, 5.6239149e-006, 0.994882935, -4.92260038e-006, 0.101034378, 0.101034378, 1.46998591e-005, -0.994882935, 3.41222e-006, 1, 1.51219908e-005, 0, 0, 0, 0, 0, 0, 0, 0.17282395, 0.148480029, 0.12524397, -0.750270532, 0.650905613, 0.115225876, -0.633666992, -0.75769043, 0.155273437, 0.188413437, 0.0433631209, 0.981114395, 0, 0, -0, 0, 0, 0, 0, 0.235692139, 0.164039014, 0.180696191, -0.385020103, 0.887844413, -0.251404543, 0.577880859, 0.0196533203, -0.815795898, -0.719602657, -0.459394215, -0.520585832, 0, 2, 5, 1, 
230.560726, 34, 0.1, 0.1, 0.0151558587, 0.364640546, -0.0349693552, 0.994882924, -1.25385994e-005, 0.101034483, 0.101034483, -6.34835467e-006, -0.994882924, 1.31158411e-005, 1, -5.04903876e-006, 0.994882923, -5.89827721e-006, 0.101034495, 0.101034495, -1.53140514e-005, -0.994882923, 7.41534273e-006, 1, -1.46397588e-005, 0, 0, 0, 0, 0, 0, 0, 0.173121411, 0.147907349, 0.124283984, -0.750270532, 0.650905613, 0.115225876, -0.633666992, -0.75769043, 0.155273437, 0.188413437, 0.0433631209, 0.981114395, 0, 0, -0, 0, 0, 0, 0, 0.236060645, 0.163747168, 0.179474609, -0.382253753, 0.887256362, -0.257569771, 0.577392578, 0.0118408203, -0.81628418, -0.721398528, -0.460806191, -0.516815086, 0, 2, 5, 1, 
230.561419, 34, 0.1, 0.1, 0.0151558589, 0.364640541, -0.0349680408, 0.994882949, 8.09856201e-006, 0.101034243, 0.101034243, 7.61213884e-006, -0.994882949, -8.82620794e-006, 1, 6.75495506e-006, 0.994882942, 7.72712832e-006, 0.101034309, 0.101034308, 1.72054816e-005, -0.994882942, -9.42593209e-006, 1, 1.63367351e-005, 0, 0, 0, 0, 0, 0, 0, 0.173121411, 0.147907349, 0.124283984, -0.750270532, 0.650905613, 0.115225876, -0.633666992, -0.75769043, 0.155273437, 0.188413437, 0.0433631209, 0.981114395, 0, 0, -0, 0, 0, 0, 0, 0.236060645, 0.163747168, 0.179474609, -0.382253753, 0.887256362, -0.257569771, 0.577392578, 0.0118408203, -0.81628418, -0.721398528, -0.460806191, -0.516815086, 0, 2, 5, 1, 
230.562113, 34, 0.1, 0.1, 0.0151558615, 0.364640546, -0.034967312, 0.994882994, -8.00818827e-006, 0.101033801, 0.101033801, -5.56946293e-006, -0.994882994, 8.52991433e-006, 1, -4.73186626e-006, 0.994882984, -1.33660272e-005, 0.101033895, 0.101033895, -1.58848204e-005, -0.994882984, 1.49025383e-005, 1, -1.44531158e-005, 0, 0, 0, 0, 0, 0, 0, 0.173121411, 0.147907349, 0.124283984, -0.750270532, 0.650905613, 0.115225876, -0.633666992, -0.75769043, 0.155273437, 0.188413437, 0.0433631209, 0.981114395, 0, 0, -0, 0, 0, 0, 0, 0.236060645, 0.163747168, 0.179474609, -0.382253753, 0.887256362, -0.257569771, 0.577392578, 0.0118408203, -0.81628418, -0.721398528, -0.460806191, -0.516815086, 0, 2, 5, 1, 
230.562811, 34, 0.1, 0.1, 0.0151558605, 0.364640541, -0.0349673229, 0.994883038, -7.58672863e-006, 0.101033369, 0.101033369, 5.99003587e-006, -0.994883038, 6.94271412e-006, 1, 6.72589783e-006, 0.994883029, 2.56189768e-006, 0.101033449, 0.101033449, 1.74114037e-005, -0.994883029, -4.3079227e-006, 1, 1.70634727e-005, 0, 0, 0, 0, 0, 0, 0, 0.173121411, 0.147907349, 0.124283984, -0.750270532, 0.650905613, 0.115225876, -0.633666992, -0.75769043, 0.155273437, 0.188413437, 0.0433631209, 0.981114395, 0, 0, -0, 0, 0, 0, 0, 0.236060645, 0.163747168, 0.179474609, -0.382253753, 0.887256362, -0.257569771, 0.577392578, 0.0118408203, -0.81628418, -0.721398528, -0.460806191, -0.516815086, 0, 2, 5, 1, 
230.563504, 34, 0.1, 0.1, 0.01515586, 0.364640546, -0.0349679942, 0.994883055, 1.55950519e-005, 0.101033195, 0.101033195, -6.15941419e-006, -0.994883055, -1.48929476e-005, 1, -7.70351473e-006, 0.994883054, 1.05484763e-005, 0.101033205, 0.101033205, -1.59541568e-005, -0.994883054, -8.88260069e-006, 1, -1.69382666e-005, 0, 0, 0, 0, 0, 0, 0, 0.173121411, 0.147907349, 0.124283984, -0.750270532, 0.650905613, 0.115225876, -0.633666992, -0.75769043, 0.155273437, 0.188413437, 0.0433631209, 0.981114395, 0, 0, -0, 0, 0, 0, 0, 0.236060645, 0.163747168, 0.179474609, -0.382253753, 0.887256362, -0.257569771, 0.577392578, 0.0118408203, -0.81628418, -0.721398528, -0.460806191, -0.516815086, 0, 2, 5, 1, 
230.564199, 34, 0.1, 0.1, 0.0151558597, 0.364640542, -0.034969144, 0.994883041, -7.29291977e-006, 0.101033334, 0.101033334, 4.08695523e-006, -0.994883041, 6.84268348e-006, 1, 4.80287044e-006, 0.994883046, -8.627461e-006, 0.101033288, 0.101033288, 1.31471781e-005, -0.994883046, 7.25501205e-006, 1, 1.39515653e-005, 0, 0, 0, 0, 0, 0, 0, 0.173121411, 0.147907349, 0.124283984, -0.750270532, 0.650905613, 0.115225876, -0.633666992, -0.75769043, 0.155273437, 0.188413437, 0.0433631209, 0.981114395, 0, 0, -0, 0, 0, 0, 0, 0.236060645, 0.163747168, 0.179474609, -0.382253753, 0.887256362, -0.257569771, 0.577392578, 0.0118408203, -0.81628418, -0.721398528, -0.460806191, -0.516815086, 0, 2, 5, 1, 
230.564918, 34, 0.1, 0.1, 0.0151558557, 0.364640546, -0.0349703457, 0.994883005, 9.54096754e-006, 0.10103369, 0.10103369, -4.62814238e-006, -0.994883005, -9.02454815e-006, 1, -5.56841935e-006, 0.994883013, 1.64948817e-005, 0.101033606, 0.101033607, -1.40194308e-005, -0.994883013, -1.4994044e-005, 1, -1.5614231e-005, 0, 0, 0, 0, 0, 0, 0, 0.173330249, 0.147486621, 0.123469238, -0.750644218, 0.651035537, 0.112420624, -0.6328125, -0.757324219, 0.161010742, 0.189955727, 0.0496457315, 0.980569968, 0, 0, -0, 0, 0, 0, 0, 0.236060645, 0.163747168, 0.179474609, -0.380209249, 0.886041979, -0.264667934, 0.577880859, 0.00415039062, -0.816040039, -0.722165584, -0.463265939, -0.513510624, 0, 2, 5, 1, 
230.565611, 34, 0.1, 0.1, 0.0151558567, 0.364640542, -0.0349710233, 0.99488297, 7.58293282e-006, 0.101034031, 0.101034031, 7.5934103e-006, -0.99488297, -8.31132358e-006, 1, 6.78842032e-006, 0.994882976, -3.14594719e-006, 0.10103397, 0.10103397, 1.51352319e-005, -0.994882976, 1.60067674e-006, 1, 1.53756321e-005, 0, 0, 0, 0, 0, 0, 0, 0.173330249, 0.147486621, 0.123469238, -0.750644218, 0.651035537, 0.112420624, -0.6328125, -0.757324219, 0.161010742, 0.189955727, 0.0496457315, 0.980569968, 0, 0, -0, 0, 0, 0, 0, 0.23662627, 0.163391846, 0.178404736, -0.380209249, 0.886041979, -0.264667934, 0.577880859, 0.00415039062, -0.816040039, -0.722165584, -0.463265939, -0.513510624, 0, 2, 5, 1, 
230.566304, 34, 0.1, 0.1, 0.0151558553, 0.364640545, -0.0349712857, 0.994882958, -1.03104222e-005, 0.101034149, 0.101034149, -5.44668218e-006, -0.994882958, 1.08079643e-005, 1, -4.37710654e-006, 0.994882959, -4.18564902e-006, 0.101034147, 0.101034147, -1.33687272e-005, -0.994882958, 5.51492882e-006, 1, -1.28774254e-005, 0, 0, 0, 0, 0, 0, 0, 0.173330249, 0.147486621, 0.123469238, -0.750644218, 0.651035537, 0.112420624, -0.6328125, -0.757324219, 0.161010742, 0.189955727, 0.0496457315, 0.980569968, 0, 0, -0, 0, 0, 0, 0, 0.23662627, 0.163391846, 0.178404736, -0.380209249, 0.886041979, -0.264667934, 0.577880859, 0.00415039062, -0.816040039, -0.722165584, -0.463265939, -0.513510624, 0, 2, 5, 1, 
230.566996, 34, 0.1, 0.1, 0.0151558552, 0.364640541, -0.034971117, 0.994882974, 8.10748397e-006, 0.101033993, 0.101033993, 7.00177061e-006, -0.994882974, -8.77341461e-006, 1, 6.14681089e-006, 0.994882969, 7.78589459e-006, 0.101034041, 0.101034041, 1.57776021e-005, -0.994882969, -9.34012881e-006, 1, 1.49102272e-005, 0, 0, 0, 0, 0, 0, 0, 0.173330249, 0.147486621, 0.123469238, -0.750644218, 0.651035537, 0.112420624, -0.6328125, -0.757324219, 0.161010742, 0.189955727, 0.0496457315, 0.980569968, 0, 0, -0, 0, 0, 0, 0, 0.23662627, 0.163391846, 0.178404736, -0.380209249, 0.886041979, -0.264667934, 0.577880859, 0.00415039062, -0.816040039, -0.722165584, -0.463265939, -0.513510624, 0, 2, 5, 1, 
230.567705, 34, 0.1, 0.1, 0.0151558574, 0.364640545, -0.0349704602, 0.99488301, -6.91987212e-006, 0.101033638, 0.101033638, -4.81513264e-006, -0.99488301, 7.37095357e-006, 1, -4.0913538e-006, 0.994883003, -1.13322276e-005, 0.101033713, 0.101033712, -1.42305223e-005, -0.994883003, 1.27120032e-005, 1, -1.30127677e-005, 0, 0, 0, 0, 0, 0, 0, 0.173330249, 0.147486621, 0.123469238, -0.750644218, 0.651035537, 0.112420624, -0.6328125, -0.757324219, 0.161010742, 0.189955727, 0.0496457315, 0.980569968, 0, 0, -0, 0, 0, 0, 0, 0.237028223, 0.162846729, 0.177088428, -0.377142492, 0.885128002, -0.27214306, 0.57824707, -0.00439453126, -0.815673828, -0.723316167, -0.4650804, -0.510123039, 0, 2, 5, 1, 
230.568399, 34, 0.1, 0.1, 0.0151558568, 0.36464054, -0.0349695387, 0.994883045, -8.60095852e-006, 0.101033293, 0.101033293, 5.8341389e-006, -0.994883045, 7.96750554e-006, 1, 6.67326904e-006, 0.994883039, 9.32587231e-007, 0.101033355, 0.101033355, 1.61684996e-005, -0.994883039, -2.56137297e-006, 1, 1.59915436e-005, 0, 0, 0, 0, 0, 0, 0, 0.173330249, 0.147486621, 0.123469238, -0.750644218, 0.651035537, 0.112420624, -0.6328125, -0.757324219, 0.161010742, 0.189955727, 0.0496457315, 0.980569968, 0, 0, -0, 0, 0, 0, 0, 0.237028223, 0.162846729, 0.177088428, -0.377142492, 0.885128002, -0.27214306, 0.57824707, -0.00439453126, -0.815673828, -0.723316167, -0.4650804, -0.510123039, 0, 2, 5, 1, 
230.569115, 34, 0.1, 0.1, 0.0151558568, 0.364640545, -0.0349685539, 0.994883056, 1.3911891e-005, 0.101033187, 0.101033187, -3.82584506e-006, -0.994883056, -1.34541673e-005, 1, -5.21183111e-006, 0.994883056, 9.18100774e-006, 0.101033184, 0.101033184, -1.39342269e-005, -0.994883056, -7.72620973e-006, 1, -1.47905127e-005, 0, 0, 0, 0, 0, 0, 0, 0.173330249, 0.147486621, 0.123469238, -0.750644218, 0.651035537, 0.112420624, -0.6328125, -0.757324219, 0.161010742, 0.189955727, 0.0496457315, 0.980569968, 0, 0, -0, 0, 0, 0, 0, 0.237028223, 0.162846729, 0.177088428, -0.377142492, 0.885128002, -0.27214306, 0.57824707, -0.00439453126, -0.815673828, -0.723316167, -0.4650804, -0.510123039, 0, 2, 5, 1, 
230.569828, 34, 0.1, 0.1, 0.0151558576, 0.36464054, -0.0349678113, 0.994883035, -1.01480615e-005, 0.101033394, 0.101033394, 3.78970538e-006, -0.994883035, 9.71324738e-006, 1, 4.79560669e-006, 0.994883042, -1.17296921e-005, 0.101033327, 0.101033328, 1.46742237e-005, -0.994883042, 1.01870861e-005, 1, 1.57842262e-005, 0, 0, 0, 0, 0, 0, 0, 0.173330249, 0.147486621, 0.123469238, -0.749894604, 0.652384241, 0.108974344, -0.633178711, -0.755615234, 0.167358398, 0.191567286, 0.0566004502, 0.979879885, 0, 0, -0, 0, 0, 0, 0, 0.237028223, 0.162846729, 0.177088428, -0.377142492, 0.885128002, -0.27214306, 0.57824707, -0.00439453126, -0.815673828, -0.723316167, -0.4650804, -0.510123039, 0, 2, 5, 1, 
230.570518, 34, 0.1, 0.1, 0.0151558543, 0.364640545, -0.0349675582, 0.994882993, 8.07662911e-006, 0.101033806, 0.101033806, -6.17448222e-006, -0.994882993, -7.4114695e-006, 1, -6.95889993e-006, 0.994883002, 1.50326586e-005, 0.101033717, 0.101033717, -1.54858987e-005, -0.994883002, -1.33911386e-005, 1, -1.69254628e-005, 0, 0, 0, 0, 0, 0, 0, 0.173596704, 0.14668374, 0.122621289, -0.749894604, 0.652384241, 0.108974344, -0.633178711, -0.755615234, 0.167358398, 0.191567286, 0.0566004502, 0.979879885, 0, 0, -0, 0, 0, 0, 0, 0.237028223, 0.162846729, 0.177088428, -0.377142492, 0.885128002, -0.27214306, 0.57824707, -0.00439453126, -0.815673828, -0.723316167, -0.4650804, -0.510123039, 0, 2, 5, 1, 
230.571212, 34, 0.1, 0.1, 0.0151558563, 0.364640541, -0.034967955, 0.994882952, 5.91708975e-006, 0.101034211, 0.101034211, 7.59256214e-006, -0.994882952, -6.65392024e-006, 1, 6.95588215e-006, 0.994882959, -5.93994036e-006, 0.101034139, 0.101034139, 1.58705291e-005, -0.994882959, 4.30608021e-006, 1, 1.63894557e-005, 0, 0, 0, 0, 0, 0, 0, 0.173596704, 0.14668374, 0.122621289, -0.749894604, 0.652384241, 0.108974344, -0.633178711, -0.755615234, 0.167358398, 0.191567286, 0.0566004502, 0.979879885, 0, 0, -0, 0, 0, 0, 0, 0.237028223, 0.162846729, 0.177088428, -0.377142492, 0.885128002, -0.27214306, 0.57824707, -0.00439453126, -0.815673828, -0.723316167, -0.4650804, -0.510123039, 0, 2, 5, 1, 
230.571907, 34, 0.1, 0.1, 0.0151558553, 0.364640545, -0.0349688577, 0.994882937, -1.19859543e-005, 0.101034363, 0.101034363, -7.56378979e-006, -0.994882937, 1.26888241e-005, 1, -6.31409215e-006, 0.994882937, -5.45255211e-006, 0.101034356, 0.101034356, -1.61845198e-005, -0.994882937, 7.05984358e-006, 1, -1.55508075e-005, 0, 0, 0, 0, 0, 0, 0, 0.173596704, 0.14668374, 0.122621289, -0.749894604, 0.652384241, 0.108974344, -0.633178711, -0.755615234, 0.167358398, 0.191567286, 0.0566004502, 0.979879885, 0, 0, -0, 0, 0, 0, 0, 0.237028223, 0.162846729, 0.177088428, -0.377142492, 0.885128002, -0.27214306, 0.57824707, -0.00439453126, -0.815673828, -0.723316167, -0.4650804, -0.510123039, 0, 2, 5, 1, 
230.572628, 34, 0.1, 0.1, 0.015155855, 0.36464054, -0.0349697382, 0.994882953, 1.02595149e-005, 0.101034202, 0.101034202, 7.6159057e-006, -0.994882953, -1.09764834e-005, 1, 6.54037286e-006, 0.994882948, 9.68571303e-006, 0.101034252, 0.101034252, 1.66456492e-005, -0.994882948, -1.13179314e-005, 1, 1.55818837e-005, 0, 0, 0, 0, 0, 0, 0, 0.173884644, 0.14589978, 0.121371655, -0.748839454, 0.654069559, 0.106435315, -0.633422852, -0.753540039, 0.17565918, 0.195107925, 0.0641198139, 0.978675333, 0, 0, -0, 0, 0, 0, 0, 0.237596777, 0.162283301, 0.175600635, -0.374753106, 0.883983982, -0.279087738, 0.577758789, -0.0126953125, -0.816040039, -0.725028916, -0.467041782, -0.505943246, 0, 2, 5, 1, 
230.573325, 34, 0.1, 0.1, 0.0151558565, 0.364640545, -0.0349704016, 0.99488299, -5.04291976e-006, 0.101033841, 0.101033841, -6.04818743e-006, -0.99488299, 5.6281867e-006, 1, -5.50773324e-006, 0.994882982, -9.46381919e-006, 0.101033919, 0.101033919, -1.54559792e-005, -0.994882982, 1.09769708e-005, 1, -1.44207239e-005, 0, 0, 0, 0, 0, 0, 0, 0.173884644, 0.14589978, 0.121371655, -0.748839454, 0.654069559, 0.106435315, -0.633422852, -0.753540039, 0.17565918, 0.195107925, 0.0641198139, 0.978675333, 0, 0, -0, 0, 0, 0, 0, 0.237596777, 0.162283301, 0.175600635, -0.374753106, 0.883983982, -0.279087738, 0.577758789, -0.0126953125, -0.816040039, -0.725028916, -0.467041782, -0.505943246, 0, 2, 5, 1, 
230.574023, 34, 0.1, 0.1, 0.0151558552, 0.36464054, -0.0349707946, 0.994883026, -6.46992213e-006, 0.101033485, 0.101033485, 5.23402177e-006, -0.994883026, 5.90800425e-006, 1, 5.8609182e-006, 0.994883019, 2.88493343e-006, 0.101033549, 0.101033549, 1.51937634e-005, -0.994883019, -4.40525112e-006, 1, 1.48245421e-005, 0, 0, 0, 0, 0, 0, 0, 0.173884644, 0.14589978, 0.121371655, -0.748839454, 0.654069559, 0.106435315, -0.633422852, -0.753540039, 0.17565918, 0.195107925, 0.0641198139, 0.978675333, 0, 0, -0, 0, 0, 0, 0, 0.237596777, 0.162283301, 0.175600635, -0.374753106, 0.883983982, -0.279087738, 0.577758789, -0.0126953125, -0.816040039, -0.725028916, -0.467041782, -0.505943246, 0, 2, 5, 1, 
230.574718, 34, 0.1, 0.1, 0.015155855, 0.364640545, -0.0349707994, 0.994883038, 1.29757222e-005, 0.101033359, 0.101033359, -4.49668384e-006, -0.994883039, -1.24550108e-005, 1, -5.78465528e-006, 0.994883038, 8.70071474e-006, 0.101033363, 0.101033363, -1.36614487e-005, -0.994883038, -7.27593142e-006, 1, -1.4470606e-005, 0, 0, 0, 0, 0, 0, 0, 0.173884644, 0.14589978, 0.121371655, -0.748839454, 0.654069559, 0.106435315, -0.633422852, -0.753540039, 0.17565918, 0.195107925, 0.0641198139, 0.978675333, 0, 0, -0, 0, 0, 0, 0, 0.237596777, 0.162283301, 0.175600635, -0.374753106, 0.883983982, -0.279087738, 0.577758789, -0.0126953125, -0.816040039, -0.725028916, -0.467041782, -0.505943246, 0, 2, 5, 1, 
230.575419, 34, 0.1, 0.1, 0.0151558556, 0.36464054, -0.0349704199, 0.994883022, -9.46873718e-006, 0.101033517, 0.101033517, 4.45045647e-006, -0.994883022, 8.9706406e-006, 1, 5.38434341e-006, 0.994883027, -1.07221345e-005, 0.101033468, 0.101033468, 1.33455119e-005, -0.994883027, 9.31892627e-006, 1, 1.43605177e-005, 0, 0, 0, 0, 0, 0, 0, 0.173884644, 0.14589978, 0.121371655, -0.748839454, 0.654069559, 0.106435315, -0.633422852, -0.753540039, 0.17565918, 0.195107925, 0.0641198139, 0.978675333, 0, 0, -0, 0, 0, 0, 0, 0.237596777, 0.162283301, 0.175600635, -0.374753106, 0.883983982, -0.279087738, 0.577758789, -0.0126953125, -0.816040039, -0.725028916, -0.467041782, -0.505943246, 0, 2, 5, 1, 
230.576111, 34, 0.1, 0.1, 0.0151558527, 0.364640544, -0.0349698721, 0.994882987, 7.17198841e-006, 0.101033871, 0.101033871, -4.74703492e-006, -0.994882987, -6.65567794e-006, 1, -5.44735803e-006, 0.994882994, 1.36599162e-005, 0.101033795, 0.101033795, -1.32939729e-005, -0.994882994, -1.22468778e-005, 1, -1.46060607e-005, 0, 0, 0, 0, 0, 0, 0, 0.173884644, 0.14589978, 0.121371655, -0.748839454, 0.654069559, 0.106435315, -0.633422852, -0.753540039, 0.17565918, 0.195107925, 0.0641198139, 0.978675333, 0, 0, -0, 0, 0, 0, 0, 0.237596777, 0.162283301, 0.175600635, -0.374753106, 0.883983982, -0.279087738, 0.577758789, -0.0126953125, -0.816040039, -0.725028916, -0.467041782, -0.505943246, 0, 2, 5, 1, 
230.576805, 34, 0.1, 0.1, 0.0151558545, 0.36464054, -0.0349693469, 0.994882951, 6.00033046e-006, 0.101034219, 0.101034219, 6.77797447e-006, -0.994882951, -6.65443383e-006, 1, 6.13705254e-006, 0.994882958, -5.57635524e-006, 0.101034156, 0.101034156, 1.50228116e-005, -0.994882957, 4.0300037e-006, 1, 1.55093416e-005, 0, 0, 0, 0, 0, 0, 0, 0.173884644, 0.14589978, 0.121371655, -0.748839454, 0.654069559, 0.106435315, -0.633422852, -0.753540039, 0.17565918, 0.195107925, 0.0641198139, 0.978675333, 0, 0, -0, 0, 0, 0, 0, 0.237596777, 0.162283301, 0.175600635, -0.374753106, 0.883983982, -0.279087738, 0.577758789, -0.0126953125, -0.816040039, -0.725028916, -0.467041782, -0.505943246, 0, 2, 5, 1, 
230.577526, 34, 0.1, 0.1, 0.0151558535, 0.364640545, -0.0349686227, 0.99488294, -1.29119837e-005, 0.101034327, 0.101034327, -8.28846074e-006, -0.99488294, 1.36833314e-005, 1, -6.94149461e-006, 0.99488294, -6.25700808e-006, 0.10103433, 0.10103433, -1.73086659e-005, -0.99488294, 7.97376005e-006, 1, -1.65879238e-005, 0, 0, 0, 0, 0, 0, 0, 0.174110449, 0.145282056, 0.120255054, -0.748870533, 0.65460649, 0.10210687, -0.6328125, -0.752319336, 0.182739258, 0.196472359, 0.0721918399, 0.977877788, 0, 0, -0, 0, 0, 0, 0, 0.237868115, 0.162027686, 0.174004932, -0.374011937, 0.881491418, -0.287610636, 0.578125, -0.0207519531, -0.815551758, -0.725073759, -0.471354271, -0.50192933, 0, 2, 5, 1, 
230.578218, 34, 0.1, 0.1, 0.0151558538, 0.364640541, -0.0349682891, 0.99488296, 8.15744053e-006, 0.101034127, 0.101034127, 6.75998342e-006, -0.99488296, -8.79868761e-006, 1, 5.90121243e-006, 0.994882955, 7.62396192e-006, 0.101034186, 0.101034185, 1.61056064e-005, -0.994882954, -9.21216659e-006, 1, 1.52529125e-005, 0, 0, 0, 0, 0, 0, 0, 0.174110449, 0.145282056, 0.120255054, -0.748870533, 0.65460649, 0.10210687, -0.6328125, -0.752319336, 0.182739258, 0.196472359, 0.0721918399, 0.977877788, 0, 0, -0, 0, 0, 0, 0, 0.237868115, 0.162027686, 0.174004932, -0.374011937, 0.881491418, -0.287610636, 0.578125, -0.0207519531, -0.815551758, -0.725073759, -0.471354271, -0.50192933, 0, 2, 5, 1, 
230.578912, 34, 0.1, 0.1, 0.0151558563, 0.364640546, -0.0349684262, 0.994883001, -7.59124188e-006, 0.101033724, 0.101033724, -5.85062217e-006, -0.994883001, 8.14350765e-006, 1, -5.0537131e-006, 0.994882993, -1.23615022e-005, 0.10103381, 0.10103381, -1.60712556e-005, -0.994882993, 1.39219885e-005, 1, -1.47400892e-005, 0, 0, 0, 0, 0, 0, 0, 0.174110449, 0.145282056, 0.120255054, -0.748870533, 0.65460649, 0.10210687, -0.6328125, -0.752319336, 0.182739258, 0.196472359, 0.0721918399, 0.977877788, 0, 0, -0, 0, 0, 0, 0, 0.237868115, 0.162027686, 0.174004932, -0.374011937, 0.881491418, -0.287610636, 0.578125, -0.0207519531, -0.815551758, -0.725073759, -0.471354271, -0.50192933, 0, 2, 5, 1, 
230.579607, 34, 0.1, 0.1, 0.0151558554, 0.36464054, -0.0349689026, 0.994883042, -7.78577462e-006, 0.101033327, 0.101033327, 7.90992448e-006, -0.994883042, 6.94676915e-006, 1, 8.65607244e-006, 0.994883035, 1.79062939e-006, 0.101033398, 0.101033398, 1.81556517e-005, -0.994883034, -3.61579399e-006, 1, 1.78818365e-005, 0, 0, 0, 0, 0, 0, 0, 0.174110449, 0.145282056, 0.120255054, -0.748870533, 0.65460649, 0.10210687, -0.6328125, -0.752319336, 0.182739258, 0.196472359, 0.0721918399, 0.977877788, 0, 0, -0, 0, 0, 0, 0, 0.237868115, 0.162027686, 0.174004932, -0.374011937, 0.881491418, -0.287610636, 0.578125, -0.0207519531, -0.815551758, -0.725073759, -0.471354271, -0.50192933, 0, 2, 5, 1, 
230.580299, 34, 0.1, 0.1, 0.0151558556, 0.364640544, -0.0349696163, 0.994883057, 1.26358141e-005, 0.101033177, 0.101033177, -3.63681713e-006, -0.994883057, -1.22037182e-005, 1, -4.89484418e-006, 0.994883056, 8.07967531e-006, 0.101033184, 0.101033184, -1.28792528e-005, -0.994883056, -6.73710015e-006, 1, -1.36296657e-005, 0, 0, 0, 0, 0, 0, 0, 0.174110449, 0.145282056, 0.120255054, -0.748870533, 0.65460649, 0.10210687, -0.6328125, -0.752319336, 0.182739258, 0.196472359, 0.0721918399, 0.977877788, 0, 0, -0, 0, 0, 0, 0, 0.237868115, 0.162027686, 0.174004932, -0.374011937, 0.881491418, -0.287610636, 0.578125, -0.0207519531, -0.815551758, -0.725073759, -0.471354271, -0.50192933, 0, 2, 5, 1, 
230.580992, 34, 0.1, 0.1, 0.0151558563, 0.36464054, -0.0349703486, 0.994883043, -9.81776444e-006, 0.101033316, 0.101033316, 4.84615478e-006, -0.994883043, 9.27790428e-006, 1, 5.81327851e-006, 0.994883047, -1.10456013e-005, 0.101033271, 0.101033271, 1.37306359e-005, -0.994883047, 9.60183043e-006, 1, 1.47763502e-005, 0, 0, 0, 0, 0, 0, 0, 0.174110449, 0.145282056, 0.120255054, -0.748870533, 0.65460649, 0.10210687, -0.6328125, -0.752319336, 0.182739258, 0.196472359, 0.0721918399, 0.977877788, 0, 0, -0, 0, 0, 0, 0, 0.237868115, 0.162027686, 0.174004932, -0.374011937, 0.881491418, -0.287610636, 0.578125, -0.0207519531, -0.815551758, -0.725073759, -0.471354271, -0.50192933, 0, 2, 5, 1, 
230.581685, 34, 0.1, 0.1, 0.0151558534, 0.364640544, -0.0349708588, 0.994883008, 7.26719834e-006, 0.101033655, 0.101033655, -5.50345542e-006, -0.994883009, -6.67397793e-006, 1, -6.20952589e-006, 0.994883016, 1.33850164e-005, 0.101033582, 0.101033582, -1.35768975e-005, -0.994883016, -1.19448029e-005, 1, -1.48597609e-005, 0, 0, 0, 0, 0, 0, 0, 0.174110449, 0.145282056, 0.120255054, -0.748870533, 0.65460649, 0.10210687, -0.6328125, -0.752319336, 0.182739258, 0.196472359, 0.0721918399, 0.977877788, 0, 0, -0, 0, 0, 0, 0, 0.237868115, 0.162027686, 0.174004932, -0.374011937, 0.881491418, -0.287610636, 0.578125, -0.0207519531, -0.815551758, -0.725073759, -0.471354271, -0.50192933, 0, 2, 5, 1, 
230.582407, 34, 0.1, 0.1, 0.0151558557, 0.364640539, -0.0349706966, 0.994882973, 4.6566686e-006, 0.101034004, 0.101034004, 6.8874234e-006, -0.994882973, -5.32870427e-006, 1, 6.3816984e-006, 0.994882979, -6.39715917e-006, 0.101033944, 0.101033944, 1.48759626e-005, -0.994882979, 4.86144761e-006, 1, 1.54461722e-005, 0, 0, 0, 0, 0, 0, 0, 0.174581836, 0.144471606, 0.119143213, -0.748482621, 0.655746259, 0.0978798972, -0.63269043, -0.750610352, 0.189941406, 0.198141207, 0.0801683859, 0.97694058, 0, 0, -0, 0, 0, 0, 0, 0.238390771, 0.161560547, 0.172614404, -0.372746882, 0.879094736, -0.296548779, 0.578491211, -0.0296630859, -0.815063477, -0.725431767, -0.475411196, -0.497468088, 0, 2, 5, 1, 
230.5831, 34, 0.1, 0.1, 0.0151558551, 0.364640544, -0.0349702496, 0.994882962, -1.21853173e-005, 0.101034111, 0.10103411, -7.45431381e-006, -0.994882962, 1.28761045e-005, 1, -6.18503711e-006, 0.994882962, -6.1775199e-006, 0.101034111, 0.10103411, -1.55584416e-005, -0.994882962, 7.7178426e-006, 1, -1.48546883e-005, 0, 0, 0, 0, 0, 0, 0, 0.174581836, 0.144471606, 0.119143213, -0.748482621, 0.655746259, 0.0978798972, -0.63269043, -0.750610352, 0.189941406, 0.198141207, 0.0801683859, 0.97694058, 0, 0, -0, 0, 0, 0, 0, 0.238390771, 0.161560547, 0.172614404, -0.372746882, 0.879094736, -0.296548779, 0.578491211, -0.0296630859, -0.815063477, -0.725431767, -0.475411196, -0.497468088, 0, 2, 5, 1, 
230.583823, 34, 0.1, 0.1, 0.0151558549, 0.36464054, -0.034969638, 0.994882981, 9.23849742e-006, 0.101033928, 0.101033928, 3.2963614e-006, -0.994882981, -9.52426819e-006, 1, 2.34609217e-006, 0.994882974, 8.50001137e-006, 0.10103399, 0.10103399, 1.39028133e-005, -0.994882974, -9.8611733e-006, 1, 1.29728822e-005, 0, 0, 0, 0, 0, 0, 0, 0.174581836, 0.144471606, 0.119143213, -0.748482621, 0.655746259, 0.0978798972, -0.63269043, -0.750610352, 0.189941406, 0.198141207, 0.0801683859, 0.97694058, 0, 0, -0, 0, 0, 0, 0, 0.238390771, 0.161560547, 0.172614404, -0.372746882, 0.879094736, -0.296548779, 0.578491211, -0.0296630859, -0.815063477, -0.725431767, -0.475411196, -0.497468088, 0, 2, 5, 1, 
230.58456, 34, 0.1, 0.1, 0.0151558571, 0.364640547, -0.0349683561, 0.994883023, -6.07081404e-006, 0.101033508, 0.101033508, -9.54166559e-006, -0.994883023, 7.00377777e-006, 1, -8.87948547e-006, 0.994883014, -1.15641099e-005, 0.101033601, 0.101033601, -2.13644936e-005, -0.994883014, 1.36634682e-005, 1, -2.00868081e-005, 0, 0, 0, 0, 0, 0, 0, 0.175057739, 0.143640161, 0.117685962, -0.74813178, 0.656486134, 0.0956643783, -0.631958008, -0.749023438, 0.198242187, 0.201916989, 0.0879610851, 0.975437604, 0, 0, -0, 0, 0, 0, 0, 0.238390771, 0.161560547, 0.172614404, -0.372536161, 0.87648077, -0.304713669, 0.577758789, -0.0378417969, -0.815307617, -0.726268818, -0.479736444, -0.492189117, 0, 2, 5, 1, 
230.585259, 34, 0.1, 0.1, 0.015155856, 0.364640542, -0.0349673784, 0.994883063, -7.94434842e-006, 0.101033122, 0.101033122, 5.95421748e-006, -0.994883063, 7.3021245e-006, 1, 6.72639245e-006, 0.994883056, 2.45506206e-006, 0.10103319, 0.101033189, 1.64101139e-005, -0.994883056, -4.1004658e-006, 1, 1.60781015e-005, 0, 0, 0, 0, 0, 0, 0, 0.175057739, 0.143640161, 0.117685962, -0.74813178, 0.656486134, 0.0956643783, -0.631958008, -0.749023438, 0.198242187, 0.201916989, 0.0879610851, 0.975437604, 0, 0, -0, 0, 0, 0, 0, 0.238833594, 0.161073389, 0.17062251, -0.372536161, 0.87648077, -0.304713669, 0.577758789, -0.0378417969, -0.815307617, -0.726268818, -0.479736444, -0.492189117, 0, 2, 5, 1, 
230.585959, 34, 0.1, 0.1, 0.0151558558, 0.364640546, -0.0349671324, 0.994883076, 1.45881955e-005, 0.101032991, 0.101032991, -1.71979419e-006, -0.994883076, -1.43397929e-005, 1, -3.18488316e-006, 0.994883076, 9.67909184e-006, 0.101032993, 0.101032993, -1.25942794e-005, -0.994883076, -8.35712693e-006, 1, -1.3507743e-005, 0, 0, 0, 0, 0, 0, 0, 0.175057739, 0.143640161, 0.117685962, -0.74813178, 0.656486134, 0.0956643783, -0.631958008, -0.749023438, 0.198242187, 0.201916989, 0.0879610851, 0.975437604, 0, 0, -0, 0, 0, 0, 0, 0.238833594, 0.161073389, 0.17062251, -0.372536161, 0.87648077, -0.304713669, 0.577758789, -0.0378417969, -0.815307617, -0.726268818, -0.479736444, -0.492189117, 0, 2, 5, 1, 
