time, trialNum, realDorsalTactorPos, realVentralTactorPos, boxPosX, boxPosY, boxPosZ, boxLocalRot_11, boxLocalRot_12, boxLocalRot_13, boxLocalRot_21, boxLocalRot_22, boxLocalRot_23, boxLocalRot_31, boxLocalRot_32, boxLocalRot_33, boxGlobalRot_11, boxGlobalRot_12, boxGlobalRot_13, boxGlobalRot_21, boxGlobalRot_22, boxGlobalRot_23, boxGlobalRot_31, boxGlobalRot_32, boxGlobalRot_33, indexForceX, indexForceY, indexForceZ, indexForceGlobalX, indexForceGlobalY, indexForceGlobalZ, indexContact, indexPosX, indexPosY, indexPosZ, indexRot_11, indexRot_12, indexRot_13, indexRot_21, indexRot_22, indexRot_23, indexRot_31, indexRot_32, indexRot_33, thumbForceX, thumbForceY, thumbForceZ, thumbForceGlobalX, thumbForceGlobalY, thumbForceGlobalZ, thumbContact, thumbPosX, thumbPosY, thumbPosZ, thumbRot_11, thumbRot_12, thumbRot_13, thumbRot_21, thumbRot_22, thumbRot_23, thumbRot_31, thumbRot_32, thumbRot_33, manipForceTooHigh, cceExpType, mapping, trialSuccess, 
646.404122, 44, 0.1, 0.1, 0.0165154874, 0.358206807, -0.0349757393, 0.918157743, -0.396215042, -7.85974212e-006, 0.396215042, 0.918157743, -2.21896965e-006, 8.09567224e-006, -1.07678389e-006, 1, 0.918157894, -0.396214692, -1.6738283e-006, 0.396214692, 0.918157894, 6.3399602e-006, -9.75146707e-007, -6.48427987e-006, 1, 0, 0, 0, 0, 0, 0, 0, 0.260861255, -0.117515649, -0.171171948, -0.0680378094, 0.797221719, -0.59981243, -0.837036133, 0.281494141, 0.468994141, 0.542715816, 0.534084189, 0.648322046, 0, 0, -0, 0, 0, 0, 0, 0.327923486, -0.083634375, -0.139375928, 0.100939287, 0.492339513, -0.864454178, 0.147827148, -0.866577148, -0.47644043, -0.983729546, -0.0795877316, -0.160207426, 0, 2, 1, 1, 
646.427189, 44, 0.1, 0.1, 0.0165154652, 0.358206817, -0.0349705903, 0.918151312, -0.396229945, 1.11081941e-005, 0.396229945, 0.918151312, -1.47309556e-006, -9.61531838e-006, 5.75392374e-006, 1, 0.918151313, -0.396229941, 8.65163937e-006, 0.396229941, 0.918151313, 6.43700248e-006, -1.04940472e-005, -2.48210372e-006, 1, 0, 0, 0, 0, 0, 0, 0, 0.262132544, -0.126961157, -0.164879419, -0.0953276048, 0.794505573, -0.599581774, -0.836303711, 0.262695312, 0.481079102, 0.53974617, 0.547367946, 0.639634078, 0, 0, -0, 0, 0, 0, 0, 0.329712061, -0.0917449707, -0.13490166, 0.0777453855, 0.493090876, -0.866374715, 0.153930664, -0.864501953, -0.478271484, -0.984939897, -0.096079026, -0.143102561, 0, 2, 1, 1, 
646.427886, 44, 0.1, 0.1, 0.0165154675, 0.358206817, -0.0349670699, 0.918151353, -0.396229849, -6.11278638e-006, 0.396229849, 0.918151353, 3.36517276e-007, 5.4791249e-006, -2.73104222e-006, 1, 0.91815134, -0.396229878, -1.37228412e-005, 0.396229878, 0.91815134, 6.04834767e-007, 1.23599914e-005, -5.99272955e-006, 1, 0, 0, 0, 0, 0, 0, 0, 0.262132544, -0.126961157, -0.164879419, -0.0953276048, 0.794505573, -0.599581774, -0.836303711, 0.262695312, 0.481079102, 0.53974617, 0.547367946, 0.639634078, 0, 0, -0, 0, 0, 0, 0, 0.329712061, -0.0917449707, -0.13490166, 0.0777453855, 0.493090876, -0.866374715, 0.153930664, -0.864501953, -0.478271484, -0.984939897, -0.096079026, -0.143102561, 0, 2, 1, 1, 
646.428579, 44, 0.1, 0.1, 0.0165154651, 0.358206816, -0.0349645631, 0.918151402, -0.396229735, -8.88943402e-006, 0.396229735, 0.918151402, 2.71040149e-006, 7.08790465e-006, -6.01081701e-006, 1, 0.918151399, -0.396229742, 4.03829717e-006, 0.396229742, 0.918151399, 5.37925146e-006, -5.83918761e-006, -3.33887381e-006, 1, 0, 0, 0, 0, 0, 0, 0, 0.262132544, -0.126961157, -0.164879419, -0.0953276048, 0.794505573, -0.599581774, -0.836303711, 0.262695312, 0.481079102, 0.53974617, 0.547367946, 0.639634078, 0, 0, -0, 0, 0, 0, 0, 0.329712061, -0.0917449707, -0.13490166, 0.0777453855, 0.493090876, -0.866374715, 0.153930664, -0.864501953, -0.478271484, -0.984939897, -0.096079026, -0.143102561, 0, 2, 1, 1, 
646.429276, 44, 0.1, 0.1, 0.0165154652, 0.358206817, -0.0349636965, 0.91815136, -0.396229832, 1.19168806e-005, 0.396229832, 0.91815136, 8.94884259e-006, -1.44872985e-005, -3.49456841e-006, 1, 0.918151378, -0.396229792, 1.01697538e-005, 0.396229792, 0.918151378, -2.57304186e-006, -8.31785761e-006, 6.39200136e-006, 1, 0, 0, 0, 0, 0, 0, 0, 0.262132544, -0.126961157, -0.164879419, -0.0953276048, 0.794505573, -0.599581774, -0.836303711, 0.262695312, 0.481079102, 0.53974617, 0.547367946, 0.639634078, 0, 0, -0, 0, 0, 0, 0, 0.329712061, -0.0917449707, -0.13490166, 0.0777453855, 0.493090876, -0.866374715, 0.153930664, -0.864501953, -0.478271484, -0.984939897, -0.096079026, -0.143102561, 0, 2, 1, 1, 
646.43, 44, 0.1, 0.1, 0.0165154661, 0.358206817, -0.0349643981, 0.918151259, -0.396230065, -1.10371655e-005, 0.396230065, 0.918151259, -1.1851837e-005, 1.48298415e-005, 6.50852225e-006, 1, 0.918151277, -0.396230025, -1.01080204e-005, 0.396230025, 0.918151277, -1.52123247e-005, 1.53082717e-005, 9.96211418e-006, 1, 0, 0, 0, 0, 0, 0, 0, 0.262148145, -0.128276929, -0.164377148, -0.099496168, 0.79494366, -0.598383213, -0.834716797, 0.260620117, 0.484985352, 0.541518733, 0.547792927, 0.63783755, 0, 0, -0, 0, 0, 0, 0, 0.32958667, -0.0930617188, -0.134798389, 0.0726465184, 0.493838242, -0.866412261, 0.152587891, -0.863891602, -0.479736328, -0.985475809, -0.0973506445, -0.138074056, 0, 2, 1, 1, 
646.430699, 44, 0.1, 0.1, 0.0165154644, 0.358206816, -0.0349664659, 0.918151228, -0.396230139, 8.1337989e-006, 0.396230139, 0.918151228, -6.36192764e-006, -4.94726997e-006, 9.06406794e-006, 1, 0.918151226, -0.396230143, 1.28209156e-005, 0.396230143, 0.918151226, -1.22812273e-006, -1.12849201e-005, 6.20763559e-006, 1, 0, 0, 0, 0, 0, 0, 0, 0.262148145, -0.128276929, -0.164377148, -0.099496168, 0.79494366, -0.598383213, -0.834716797, 0.260620117, 0.484985352, 0.541518733, 0.547792927, 0.63783755, 0, 0, -0, 0, 0, 0, 0, 0.32958667, -0.0930617188, -0.134798389, 0.0726465184, 0.493838242, -0.866412261, 0.152587891, -0.863891602, -0.479736328, -0.985475809, -0.0973506445, -0.138074056, 0, 2, 1, 1, 
646.431398, 44, 0.1, 0.1, 0.0165154664, 0.358206816, -0.0349692634, 0.918151281, -0.396230015, 7.62389222e-006, 0.396230015, 0.918151281, -1.61436908e-006, -6.36022493e-006, 4.50304997e-006, 1, 0.918151268, -0.396230046, -6.13202154e-006, 0.396230046, 0.918151268, 1.06846139e-006, 5.20676685e-006, -3.41070036e-006, 1, 0, 0, 0, 0, 0, 0, 0, 0.262148145, -0.128276929, -0.164377148, -0.099496168, 0.79494366, -0.598383213, -0.834716797, 0.260620117, 0.484985352, 0.541518733, 0.547792927, 0.63783755, 0, 0, -0, 0, 0, 0, 0, 0.32958667, -0.0930617188, -0.134798389, 0.0726465184, 0.493838242, -0.866412261, 0.152587891, -0.863891602, -0.479736328, -0.985475809, -0.0973506445, -0.138074056, 0, 2, 1, 1, 
646.432097, 44, 0.1, 0.1, 0.0165154651, 0.358206814, -0.0349719301, 0.91815132, -0.396229926, -8.50549984e-006, 0.396229926, 0.91815132, -1.13270529e-007, 7.85421708e-006, -3.26613409e-006, 1, 0.918151318, -0.396229929, -5.15502426e-006, 0.396229929, 0.918151318, 4.25319835e-006, 3.04784785e-006, -5.94765457e-006, 1, 0, 0, 0, 0, 0, 0, 0, 0.262148145, -0.128276929, -0.164377148, -0.099496168, 0.79494366, -0.598383213, -0.834716797, 0.260620117, 0.484985352, 0.541518733, 0.547792927, 0.63783755, 0, 0, -0, 0, 0, 0, 0, 0.32958667, -0.0930617188, -0.134798389, 0.0726465184, 0.493838242, -0.866412261, 0.152587891, -0.863891602, -0.479736328, -0.985475809, -0.0973506445, -0.138074056, 0, 2, 1, 1, 
646.43279, 44, 0.1, 0.1, 0.0165154637, 0.358206813, -0.0349737657, 0.918151283, -0.39623001, 8.09995486e-006, 0.39623001, 0.918151283, 9.63680773e-006, -1.12553764e-005, -5.63860219e-006, 1, 0.918151295, -0.396229982, 9.49087842e-006, 0.396229982, 0.918151296, 7.74899383e-006, -1.1784446e-005, -3.35417814e-006, 1, 0, 0, 0, 0, 0, 0, 0, 0.262148145, -0.128276929, -0.164377148, -0.099496168, 0.79494366, -0.598383213, -0.834716797, 0.260620117, 0.484985352, 0.541518733, 0.547792927, 0.63783755, 0, 0, -0, 0, 0, 0, 0, 0.32958667, -0.0930617188, -0.134798389, 0.0726465184, 0.493838242, -0.866412261, 0.152587891, -0.863891602, -0.479736328, -0.985475809, -0.0973506445, -0.138074056, 0, 2, 1, 1, 
646.433487, 44, 0.1, 0.1, 0.0165154648, 0.358206813, -0.0349742663, 0.918151223, -0.396230151, -4.88834931e-006, 0.396230151, 0.918151223, 1.96458556e-006, 3.70981587e-006, -3.74069802e-006, 1, 0.918151233, -0.396230127, -6.58718792e-006, 0.396230127, 0.918151233, -6.19001539e-006, 8.50070529e-006, 3.07332795e-006, 1, 0, 0, 0, 0, 0, 0, 0, 0.262148145, -0.128276929, -0.164377148, -0.099496168, 0.79494366, -0.598383213, -0.834716797, 0.260620117, 0.484985352, 0.541518733, 0.547792927, 0.63783755, 0, 0, -0, 0, 0, 0, 0, 0.32958667, -0.0930617188, -0.134798389, 0.0726465184, 0.493838242, -0.866412261, 0.152587891, -0.863891602, -0.479736328, -0.985475809, -0.0973506445, -0.138074056, 0, 2, 1, 1, 
646.434182, 44, 0.1, 0.1, 0.0165154634, 0.358206812, -0.0349733608, 0.918151223, -0.39623015, -4.96587683e-006, 0.39623015, 0.918151223, -5.61142769e-006, 6.78284272e-006, 3.18450908e-006, 1, 0.918151217, -0.396230163, 5.4039728e-006, 0.396230163, 0.918151217, -4.15712893e-006, -3.31448433e-006, 5.95809002e-006, 1, 0, 0, 0, 0, 0, 0, 0, 0.262148145, -0.128276929, -0.164377148, -0.099496168, 0.79494366, -0.598383213, -0.834716797, 0.260620117, 0.484985352, 0.541518733, 0.547792927, 0.63783755, 0, 0, -0, 0, 0, 0, 0, 0.32958667, -0.0930617188, -0.134798389, 0.0726465184, 0.493838242, -0.866412261, 0.152587891, -0.863891602, -0.479736328, -0.985475809, -0.0973506445, -0.138074056, 0, 2, 1, 1, 
646.434907, 44, 0.1, 0.1, 0.0165154645, 0.358206811, -0.0349710855, 0.918151284, -0.396230009, 1.18029591e-005, 0.396230009, 0.918151284, -1.58467112e-006, -1.02090078e-005, 6.13165443e-006, 1, 0.918151272, -0.396230036, 6.4995406e-006, 0.396230036, 0.918151272, -1.38346185e-006, -5.41939233e-006, 3.84554046e-006, 1, 0, 0, 0, 0, 0, 0, 0, 0.261694189, -0.129146216, -0.163643457, -0.104127905, 0.795381746, -0.597000805, -0.832885742, 0.258300781, 0.489379883, 0.543488248, 0.548217909, 0.635641127, 0, 0, -0, 0, 0, 0, 0, 0.329287842, -0.0942150391, -0.134072266, 0.0682760608, 0.493748557, -0.866833335, 0.151977539, -0.863769531, -0.480102539, -0.985935163, -0.0988329833, -0.134067803, 0, 2, 1, 1, 
646.435604, 44, 0.1, 0.1, 0.016515466, 0.358206811, -0.034968517, 0.918151306, -0.396229957, -9.20990372e-006, 0.396229957, 0.918151306, -9.20468363e-006, 1.21032565e-005, 4.80205255e-006, 1, 0.918151308, -0.396229952, -1.34339238e-005, 0.396229952, 0.918151309, -1.71491138e-006, 1.3013874e-005, -3.74837484e-006, 1, 0, 0, 0, 0, 0, 0, 0, 0.261694189, -0.129146216, -0.163643457, -0.104127905, 0.795381746, -0.597000805, -0.832885742, 0.258300781, 0.489379883, 0.543488248, 0.548217909, 0.635641127, 0, 0, -0, 0, 0, 0, 0, 0.329287842, -0.0942150391, -0.134072266, 0.0682760608, 0.493748557, -0.866833335, 0.151977539, -0.863769531, -0.480102539, -0.985935163, -0.0988329833, -0.134067803, 0, 2, 1, 1, 
646.436297, 44, 0.1, 0.1, 0.0165154642, 0.358206809, -0.034966468, 0.918151244, -0.3962301, 2.91371932e-006, 0.3962301, 0.918151244, 5.8490982e-006, -4.99282378e-006, -4.21585349e-006, 1, 0.918151261, -0.396230062, 7.82380559e-006, 0.396230062, 0.918151261, 1.14603993e-005, -1.17243917e-005, -7.42235306e-006, 1, 0, 0, 0, 0, 0, 0, 0, 0.261694189, -0.129146216, -0.163643457, -0.104127905, 0.795381746, -0.597000805, -0.832885742, 0.258300781, 0.489379883, 0.543488248, 0.548217909, 0.635641127, 0, 0, -0, 0, 0, 0, 0, 0.329287842, -0.0942150391, -0.134072266, 0.0682760608, 0.493748557, -0.866833335, 0.151977539, -0.863769531, -0.480102539, -0.985935163, -0.0988329833, -0.134067803, 0, 2, 1, 1, 
646.437019, 44, 0.1, 0.1, 0.0165154661, 0.358206809, -0.0349653624, 0.918151175, -0.396230261, 4.3987609e-006, 0.396230261, 0.918151175, 1.08631612e-005, -8.34304068e-006, -8.23110202e-006, 1, 0.918151182, -0.396230245, -7.13338539e-006, 0.396230245, 0.918151182, 2.97735129e-006, 5.3698096e-006, -5.56012165e-006, 1, 0, 0, 0, 0, 0, 0, 0, 0.261505469, -0.130500684, -0.162965308, -0.107959853, 0.795033148, -0.596678417, -0.830932617, 0.257324219, 0.493286133, 0.545825456, 0.549138265, 0.632994635, 0, 0, -0, 0, 0, 0, 0, 0.329287842, -0.0942150391, -0.134072266, 0.0643784499, 0.493320186, -0.867337531, 0.151611328, -0.863891602, -0.480102539, -0.986222075, -0.100596405, -0.130438515, 0, 2, 1, 1, 
646.437734, 44, 0.1, 0.1, 0.0165154651, 0.358206808, -0.0349653161, 0.918151204, -0.396230195, -1.45120806e-005, 0.396230195, 0.918151204, -1.93969149e-007, 1.34011407e-005, -5.5720315e-006, 1, 0.918151187, -0.396230233, -4.16891543e-006, 0.396230233, 0.918151187, -6.97347345e-006, 6.59079566e-006, 4.75085259e-006, 1, 0, 0, 0, 0, 0, 0, 0, 0.261505469, -0.130500684, -0.162965308, -0.107959853, 0.795033148, -0.596678417, -0.830932617, 0.257324219, 0.493286133, 0.545825456, 0.549138265, 0.632994635, 0, 0, -0, 0, 0, 0, 0, 0.329247168, -0.0956199219, -0.13335957, 0.0643784499, 0.493320186, -0.867337531, 0.151611328, -0.863891602, -0.480102539, -0.986222075, -0.100596405, -0.130438515, 0, 2, 1, 1, 
646.438429, 44, 0.1, 0.1, 0.0165154645, 0.358206807, -0.0349663448, 0.918151285, -0.396230006, 1.24934035e-005, 0.396230006, 0.918151285, 1.28606093e-006, -1.19804105e-005, 3.76946286e-006, 1, 0.918151271, -0.396230039, 1.40054401e-005, 0.396230039, 0.918151271, -1.32210025e-006, -1.23352568e-005, 6.7632641e-006, 1, 0, 0, 0, 0, 0, 0, 0, 0.261505469, -0.130500684, -0.162965308, -0.107959853, 0.795033148, -0.596678417, -0.830932617, 0.257324219, 0.493286133, 0.545825456, 0.549138265, 0.632994635, 0, 0, -0, 0, 0, 0, 0, 0.329247168, -0.0956199219, -0.13335957, 0.0643784499, 0.493320186, -0.867337531, 0.151611328, -0.863891602, -0.480102539, -0.986222075, -0.100596405, -0.130438515, 0, 2, 1, 1, 
646.43912, 44, 0.1, 0.1, 0.0165154666, 0.358206807, -0.0349683044, 0.918151307, -0.396229955, -2.54467379e-006, 0.396229955, 0.918151307, -9.2238329e-006, 5.99115446e-006, 7.46059825e-006, 1, 0.91815131, -0.396229948, -9.22669148e-006, 0.396229948, 0.91815131, -8.94033163e-006, 1.2013926e-005, 4.55268571e-006, 1, 0, 0, 0, 0, 0, 0, 0, 0.261505469, -0.130500684, -0.162965308, -0.107959853, 0.795033148, -0.596678417, -0.830932617, 0.257324219, 0.493286133, 0.545825456, 0.549138265, 0.632994635, 0, 0, -0, 0, 0, 0, 0, 0.329247168, -0.0956199219, -0.13335957, 0.0643784499, 0.493320186, -0.867337531, 0.151611328, -0.863891602, -0.480102539, -0.986222075, -0.100596405, -0.130438515, 0, 2, 1, 1, 
646.439819, 44, 0.1, 0.1, 0.0165154651, 0.358206805, -0.034970542, 0.918151249, -0.396230089, -4.2055535e-006, 0.396230089, 0.918151249, -6.95589042e-006, 6.61746729e-006, 4.72019264e-006, 1, 0.918151263, -0.396230057, 2.64326695e-006, 0.396230057, 0.918151263, 4.53412949e-006, -4.22347728e-006, -3.1156749e-006, 1, 0, 0, 0, 0, 0, 0, 0, 0.261505469, -0.130500684, -0.162965308, -0.107959853, 0.795033148, -0.596678417, -0.830932617, 0.257324219, 0.493286133, 0.545825456, 0.549138265, 0.632994635, 0, 0, -0, 0, 0, 0, 0, 0.329247168, -0.0956199219, -0.13335957, 0.0643784499, 0.493320186, -0.867337531, 0.151611328, -0.863891602, -0.480102539, -0.986222075, -0.100596405, -0.130438515, 0, 2, 1, 1, 
646.440514, 44, 0.1, 0.1, 0.0165154662, 0.358206805, -0.0349723422, 0.918151207, -0.396230187, 7.24361761e-006, 0.396230187, 0.918151207, 5.00660261e-006, -8.63450334e-006, -1.72667827e-006, 1, 0.918151209, -0.396230182, 1.62985151e-006, 0.396230182, 0.918151209, 5.69215184e-006, -3.75185249e-006, -4.58045974e-006, 1, 0, 0, 0, 0, 0, 0, 0, 0.261505469, -0.130500684, -0.162965308, -0.107959853, 0.795033148, -0.596678417, -0.830932617, 0.257324219, 0.493286133, 0.545825456, 0.549138265, 0.632994635, 0, 0, -0, 0, 0, 0, 0, 0.329247168, -0.0956199219, -0.13335957, 0.0643784499, 0.493320186, -0.867337531, 0.151611328, -0.863891602, -0.480102539, -0.986222075, -0.100596405, -0.130438515, 0, 2, 1, 1, 
646.441209, 44, 0.1, 0.1, 0.0165154668, 0.358206806, -0.0349732448, 0.91815124, -0.396230111, -1.05738892e-005, 0.396230111, 0.91815124, -5.96085263e-007, 9.94461645e-006, -3.64239689e-006, 1, 0.918151228, -0.396230138, -1.03056293e-005, 0.396230138, 0.918151228, -2.92396396e-006, 1.06206889e-005, -1.39875983e-006, 1, 0, 0, 0, 0, 0, 0, 0, 0.261505469, -0.130500684, -0.162965308, -0.107959853, 0.795033148, -0.596678417, -0.830932617, 0.257324219, 0.493286133, 0.545825456, 0.549138265, 0.632994635, 0, 0, -0, 0, 0, 0, 0, 0.329247168, -0.0956199219, -0.13335957, 0.0643784499, 0.493320186, -0.867337531, 0.151611328, -0.863891602, -0.480102539, -0.986222075, -0.100596405, -0.130438515, 0, 2, 1, 1, 
646.44193, 44, 0.1, 0.1, 0.0165154644, 0.358206805, -0.0349728735, 0.918151299, -0.396229975, 3.97756543e-006, 0.396229975, 0.918151299, 4.44480561e-006, -5.41317208e-006, -2.5049734e-006, 1, 0.918151289, -0.396229998, 1.23559143e-005, 0.396229998, 0.918151289, -6.65130318e-007, -1.1081054e-005, 5.50647414e-006, 1, 0, 0, 0, 0, 0, 0, 0, 0.261071899, -0.131167114, -0.16226958, -0.112166609, 0.795046253, -0.596038509, -0.829223633, 0.255615234, 0.496826172, 0.547356884, 0.550001333, 0.630792221, 0, 0, -0, 0, 0, 0, 0, 0.329247168, -0.0956199219, -0.13335957, 0.0613178903, 0.493658505, -0.867458566, 0.15234375, -0.863525391, -0.48059082, -0.986298268, -0.102647472, -0.128119125, 0, 2, 1, 1, 
646.442631, 44, 0.1, 0.1, 0.0165154652, 0.358206806, -0.0349713929, 0.91815129, -0.396229994, 9.15301539e-006, 0.396229994, 0.91815129, -9.57909341e-007, -8.02430048e-006, 4.50620493e-006, 1, 0.918151298, -0.396229977, 5.81935318e-007, 0.396229977, 0.918151298, -8.08353381e-006, 2.66863374e-006, 7.65248727e-006, 1, 0, 0, 0, 0, 0, 0, 0, 0.261071899, -0.131167114, -0.16226958, -0.112166609, 0.795046253, -0.596038509, -0.829223633, 0.255615234, 0.496826172, 0.547356884, 0.550001333, 0.630792221, 0, 0, -0, 0, 0, 0, 0, 0.329043066, -0.0963104004, -0.132202588, 0.0613178903, 0.493658505, -0.867458566, 0.15234375, -0.863525391, -0.48059082, -0.986298268, -0.102647472, -0.128119125, 0, 2, 1, 1, 
646.443323, 44, 0.1, 0.1, 0.0165154643, 0.358206805, -0.0349694929, 0.918151221, -0.396230153, -7.25417813e-006, 0.396230153, 0.918151221, -1.04914978e-005, 1.08174803e-005, 6.75845741e-006, 1, 0.918151235, -0.396230122, -3.17023848e-006, 0.396230122, 0.918151235, -6.19636449e-006, 5.36594463e-006, 4.43305573e-006, 1, 0, 0, 0, 0, 0, 0, 0, 0.261071899, -0.131167114, -0.16226958, -0.112166609, 0.795046253, -0.596038509, -0.829223633, 0.255615234, 0.496826172, 0.547356884, 0.550001333, 0.630792221, 0, 0, -0, 0, 0, 0, 0, 0.329043066, -0.0963104004, -0.132202588, 0.0613178903, 0.493658505, -0.867458566, 0.15234375, -0.863525391, -0.48059082, -0.986298268, -0.102647472, -0.128119125, 0, 2, 1, 1, 
646.444019, 44, 0.1, 0.1, 0.0165154635, 0.358206803, -0.0349677638, 0.918151192, -0.396230222, 1.24192994e-005, 0.396230222, 0.918151192, 1.02752882e-008, -1.14068659e-005, 4.91146748e-006, 1, 0.918151191, -0.396230225, 9.75695353e-006, 0.396230225, 0.918151191, 8.43484393e-006, -1.23004986e-005, -3.87846211e-006, 1, 0, 0, 0, 0, 0, 0, 0, 0.261071899, -0.131167114, -0.16226958, -0.112166609, 0.795046253, -0.596038509, -0.829223633, 0.255615234, 0.496826172, 0.547356884, 0.550001333, 0.630792221, 0, 0, -0, 0, 0, 0, 0, 0.329043066, -0.0963104004, -0.132202588, 0.0613178903, 0.493658505, -0.867458566, 0.15234375, -0.863525391, -0.48059082, -0.986298268, -0.102647472, -0.128119125, 0, 2, 1, 1, 
646.444713, 44, 0.1, 0.1, 0.0165154658, 0.358206803, -0.0349667394, 0.918151249, -0.396230089, -6.89797438e-006, 0.396230089, 0.918151249, 1.07105638e-006, 5.90899903e-006, -3.71657675e-006, 1, 0.918151233, -0.396230125, -1.43381783e-005, 0.396230125, 0.918151234, 1.38440864e-006, 1.26160717e-005, -6.9523147e-006, 1, 0, 0, 0, 0, 0, 0, 0, 0.261071899, -0.131167114, -0.16226958, -0.112166609, 0.795046253, -0.596038509, -0.829223633, 0.255615234, 0.496826172, 0.547356884, 0.550001333, 0.630792221, 0, 0, -0, 0, 0, 0, 0, 0.329043066, -0.0963104004, -0.132202588, 0.0613178903, 0.493658505, -0.867458566, 0.15234375, -0.863525391, -0.48059082, -0.986298268, -0.102647472, -0.128119125, 0, 2, 1, 1, 
646.445409, 44, 0.1, 0.1, 0.0165154637, 0.358206802, -0.0349666069, 0.918151314, -0.39622994, -8.53123541e-006, 0.39622994, 0.918151314, 3.05874618e-006, 6.62099818e-006, -6.18872272e-006, 1, 0.918151307, -0.396229955, 3.67317228e-006, 0.396229955, 0.918151307, 5.54776731e-006, -5.57071952e-006, -3.63826892e-006, 1, 0, 0, 0, 0, 0, 0, 0, 0.261071899, -0.131167114, -0.16226958, -0.112166609, 0.795046253, -0.596038509, -0.829223633, 0.255615234, 0.496826172, 0.547356884, 0.550001333, 0.630792221, 0, 0, -0, 0, 0, 0, 0, 0.329043066, -0.0963104004, -0.132202588, 0.0613178903, 0.493658505, -0.867458566, 0.15234375, -0.863525391, -0.48059082, -0.986298268, -0.102647472, -0.128119125, 0, 2, 1, 1, 
646.446103, 44, 0.1, 0.1, 0.016515464, 0.358206803, -0.0349673802, 0.918151291, -0.396229993, 9.71881422e-006, 0.396229993, 0.918151291, 7.7552524e-006, -1.19962054e-005, -3.26960931e-006, 1, 0.918151304, -0.396229963, 8.1348492e-006, 0.396229963, 0.918151304, -2.44814434e-006, -6.49899426e-006, 5.47103792e-006, 1, 0, 0, 0, 0, 0, 0, 0, 0.261071899, -0.131167114, -0.16226958, -0.112166609, 0.795046253, -0.596038509, -0.829223633, 0.255615234, 0.496826172, 0.547356884, 0.550001333, 0.630792221, 0, 0, -0, 0, 0, 0, 0, 0.329043066, -0.0963104004, -0.132202588, 0.0613178903, 0.493658505, -0.867458566, 0.15234375, -0.863525391, -0.48059082, -0.986298268, -0.102647472, -0.128119125, 0, 2, 1, 1, 
646.446827, 44, 0.1, 0.1, 0.0165154651, 0.358206803, -0.0349686557, 0.918151215, -0.396230168, -1.02776413e-005, 0.396230168, 0.918151215, -1.03522315e-005, 1.35382953e-005, 5.43260241e-006, 1, 0.918151228, -0.396230138, -9.46168984e-006, 0.396230137, 0.918151228, -1.33324935e-005, 1.39699979e-005, 8.49223861e-006, 1, 0, 0, 0, 0, 0, 0, 0, 0.260647729, -0.131809741, -0.161534546, -0.116239692, 0.795566715, -0.594637005, -0.827148437, 0.25390625, 0.501342773, 0.549732284, 0.550166084, 0.628716365, 0, 0, -0, 0, 0, 0, 0, 0.3284729, -0.0967178223, -0.13208125, 0.0562062633, 0.494833875, -0.867080869, 0.151855469, -0.862548828, -0.482543945, -0.986712779, -0.104487819, -0.123537947, 0, 2, 1, 1, 
646.447526, 44, 0.1, 0.1, 0.0165154638, 0.358206802, -0.0349698732, 0.918151199, -0.396230205, 6.80808849e-006, 0.396230205, 0.918151199, -5.70814326e-006, -3.98911583e-006, 7.93850888e-006, 1, 0.918151195, -0.396230214, 1.09904565e-005, 0.396230214, 0.918151195, -1.15686505e-006, -9.63251586e-006, 5.41692795e-006, 1, 0, 0, 0, 0, 0, 0, 0, 0.260647729, -0.131809741, -0.161534546, -0.116239692, 0.795566715, -0.594637005, -0.827148437, 0.25390625, 0.501342773, 0.549732284, 0.550166084, 0.628716365, 0, 0, -0, 0, 0, 0, 0, 0.3284729, -0.0967178223, -0.13208125, 0.0562062633, 0.494833875, -0.867080869, 0.151855469, -0.862548828, -0.482543945, -0.986712779, -0.104487819, -0.123537947, 0, 2, 1, 1, 
646.448224, 44, 0.1, 0.1, 0.0165154657, 0.358206802, -0.0349708977, 0.918151258, -0.396230068, 7.3432911e-006, 0.396230068, 0.918151258, -1.51423456e-006, -6.1422667e-006, 4.29992909e-006, 1, 0.918151244, -0.396230101, -5.82303407e-006, 0.396230101, 0.918151244, 1.1025206e-006, 4.90957413e-006, -3.31954204e-006, 1, 0, 0, 0, 0, 0, 0, 0, 0.260647729, -0.131809741, -0.161534546, -0.116239692, 0.795566715, -0.594637005, -0.827148437, 0.25390625, 0.501342773, 0.549732284, 0.550166084, 0.628716365, 0, 0, -0, 0, 0, 0, 0, 0.3284729, -0.0967178223, -0.13208125, 0.0562062633, 0.494833875, -0.867080869, 0.151855469, -0.862548828, -0.482543945, -0.986712779, -0.104487819, -0.123537947, 0, 2, 1, 1, 
646.44892, 44, 0.1, 0.1, 0.0165154647, 0.358206801, -0.0349714752, 0.918151301, -0.396229968, -9.23262728e-006, 0.396229968, 0.918151302, -5.75496146e-007, 8.70497758e-006, -3.12985108e-006, 1, 0.918151299, -0.396229973, -6.00132437e-006, 0.396229973, 0.918151299, 3.93380164e-006, 3.95143365e-006, -5.98972968e-006, 1, 0, 0, 0, 0, 0, 0, 0, 0.260647729, -0.131809741, -0.161534546, -0.116239692, 0.795566715, -0.594637005, -0.827148437, 0.25390625, 0.501342773, 0.549732284, 0.550166084, 0.628716365, 0, 0, -0, 0, 0, 0, 0, 0.3284729, -0.0967178223, -0.13208125, 0.0562062633, 0.494833875, -0.867080869, 0.151855469, -0.862548828, -0.482543945, -0.986712779, -0.104487819, -0.123537947, 0, 2, 1, 1, 
646.449614, 44, 0.1, 0.1, 0.0165154632, 0.3582068, -0.0349715099, 0.918151267, -0.396230047, 8.61595146e-006, 0.396230047, 0.918151267, 1.00328961e-005, -1.18860817e-005, -5.79781746e-006, 1, 0.918151279, -0.396230019, 1.01619501e-005, 0.396230019, 0.918151279, 8.0773907e-006, -1.25307121e-005, -3.38979694e-006, 1, 0, 0, 0, 0, 0, 0, 0, 0.260647729, -0.131809741, -0.161534546, -0.116239692, 0.795566715, -0.594637005, -0.827148437, 0.25390625, 0.501342773, 0.549732284, 0.550166084, 0.628716365, 0, 0, -0, 0, 0, 0, 0, 0.3284729, -0.0967178223, -0.13208125, 0.0562062633, 0.494833875, -0.867080869, 0.151855469, -0.862548828, -0.482543945, -0.986712779, -0.104487819, -0.123537947, 0, 2, 1, 1, 
646.45031, 44, 0.1, 0.1, 0.0165154644, 0.3582068, -0.0349709916, 0.918151206, -0.396230189, -5.3643861e-006, 0.396230189, 0.918151206, 1.67318823e-006, 4.26234987e-006, -3.66177151e-006, 1, 0.918151216, -0.396230166, -7.42196301e-006, 0.396230166, 0.918151216, -7.61612371e-006, 9.83222233e-006, 4.05194762e-006, 1, 0, 0, 0, 0, 0, 0, 0, 0.260647729, -0.131809741, -0.161534546, -0.116239692, 0.795566715, -0.594637005, -0.827148437, 0.25390625, 0.501342773, 0.549732284, 0.550166084, 0.628716365, 0, 0, -0, 0, 0, 0, 0, 0.3284729, -0.0967178223, -0.13208125, 0.0562062633, 0.494833875, -0.867080869, 0.151855469, -0.862548828, -0.482543945, -0.986712779, -0.104487819, -0.123537947, 0, 2, 1, 1, 
646.451004, 44, 0.1, 0.1, 0.0165154627, 0.358206799, -0.0349701283, 0.918151212, -0.396230175, -4.66652199e-006, 0.396230175, 0.918151212, -6.42014476e-006, 6.8284279e-006, 4.04564687e-006, 1, 0.918151205, -0.396230192, 6.78085724e-006, 0.396230192, 0.918151205, -4.9262168e-006, -4.27393642e-006, 7.20979225e-006, 1, 0, 0, 0, 0, 0, 0, 0, 0.260647729, -0.131809741, -0.161534546, -0.116239692, 0.795566715, -0.594637005, -0.827148437, 0.25390625, 0.501342773, 0.549732284, 0.550166084, 0.628716365, 0, 0, -0, 0, 0, 0, 0, 0.3284729, -0.0967178223, -0.13208125, 0.0562062633, 0.494833875, -0.867080869, 0.151855469, -0.862548828, -0.482543945, -0.986712779, -0.104487819, -0.123537947, 0, 2, 1, 1, 
646.451725, 44, 0.1, 0.1, 0.0165154636, 0.358206799, -0.0349689264, 0.918151285, -0.396230006, 1.34560257e-005, 0.396230006, 0.918151285, -1.28948441e-006, -1.18437349e-005, 6.51562292e-006, 1, 0.918151271, -0.396230039, 7.54075917e-006, 0.396230039, 0.918151271, -1.16532622e-006, -6.46182036e-006, 4.05782105e-006, 1, 0, 0, 0, 0, 0, 0, 0, 0.260496973, -0.132731274, -0.160877393, -0.11932914, 0.794957886, -0.594714511, -0.825195312, 0.253662109, 0.504638672, 0.552075484, 0.551004064, 0.625886026, 0, 0, -0, 0, 0, 0, 0, 0.328208984, -0.0976212891, -0.131791846, 0.0523086523, 0.495095634, -0.8672081, 0.151367187, -0.862182617, -0.483154297, -0.986999691, -0.105810477, -0.119991781, 0, 2, 1, 1, 
646.452421, 44, 0.1, 0.1, 0.0165154648, 0.358206798, -0.0349679469, 0.918151316, -0.396229934, -8.69012079e-006, 0.396229934, 0.918151316, -9.06160788e-006, 1.15693261e-005, 4.87664121e-006, 1, 0.918151317, -0.396229932, -1.27657706e-005, 0.396229932, 0.918151317, -1.12836319e-006, 1.21680004e-005, -4.02217227e-006, 1, 0, 0, 0, 0, 0, 0, 0, 0.260496973, -0.132731274, -0.160877393, -0.11932914, 0.794957886, -0.594714511, -0.825195312, 0.253662109, 0.504638672, 0.552075484, 0.551004064, 0.625886026, 0, 0, -0, 0, 0, 0, 0, 0.328208984, -0.0976212891, -0.131791846, 0.0523086523, 0.495095634, -0.8672081, 0.151367187, -0.862182617, -0.483154297, -0.986999691, -0.105810477, -0.119991781, 0, 2, 1, 1, 
646.453121, 44, 0.1, 0.1, 0.0165154628, 0.358206796, -0.0349674776, 0.91815126, -0.396230065, 3.36603404e-006, 0.396230065, 0.91815126, 5.48476111e-006, -5.26375564e-006, -3.70211644e-006, 1, 0.918151275, -0.396230029, 8.20257567e-006, 0.396230029, 0.918151275, 1.09847607e-005, -1.18836974e-005, -6.83556525e-006, 1, 0, 0, 0, 0, 0, 0, 0, 0.260496973, -0.132731274, -0.160877393, -0.11932914, 0.794957886, -0.594714511, -0.825195312, 0.253662109, 0.504638672, 0.552075484, 0.551004064, 0.625886026, 0, 0, -0, 0, 0, 0, 0, 0.328208984, -0.0976212891, -0.131791846, 0.0523086523, 0.495095634, -0.8672081, 0.151367187, -0.862182617, -0.483154297, -0.986999691, -0.105810477, -0.119991781, 0, 2, 1, 1, 
646.453844, 44, 0.1, 0.1, 0.0165154648, 0.358206797, -0.0349675209, 0.918151195, -0.396230215, 3.04103471e-006, 0.396230215, 0.918151195, 9.26854159e-006, -6.46460588e-006, -7.30497269e-006, 1, 0.918151201, -0.396230201, -6.92871132e-006, 0.396230201, 0.918151201, 2.34420597e-006, 5.43275942e-006, -4.89770021e-006, 1, 0, 0, 0, 0, 0, 0, 0, 0.260156177, -0.133877393, -0.160010547, -0.121777558, 0.794329962, -0.595052248, -0.823120117, 0.254150391, 0.5078125, 0.554564338, 0.551721477, 0.622973312, 0, 0, -0, 0, 0, 0, 0, 0.328208984, -0.0976212891, -0.131791846, 0.0523086523, 0.495095634, -0.8672081, 0.151367187, -0.862182617, -0.483154297, -0.986999691, -0.105810477, -0.119991781, 0, 2, 1, 1, 
646.454554, 44, 0.1, 0.1, 0.0165154636, 0.358206796, -0.0349677958, 0.91815122, -0.396230156, -1.18998769e-005, 0.396230156, 0.918151221, -1.74357167e-006, 1.16167422e-005, -3.11422763e-006, 1, 0.918151207, -0.396230187, -3.48622678e-006, 0.396230187, 0.918151207, -7.38577963e-006, 6.12735217e-006, 5.39991419e-006, 1, 0, 0, 0, 0, 0, 0, 0, 0.260156177, -0.133877393, -0.160010547, -0.121777558, 0.794329962, -0.595052248, -0.823120117, 0.254150391, 0.5078125, 0.554564338, 0.551721477, 0.622973312, 0, 0, -0, 0, 0, 0, 0, 0.327728418, -0.0985379395, -0.131500732, 0.0485452028, 0.495089071, -0.867348092, 0.150390625, -0.862060547, -0.483764648, -0.987395246, -0.106915851, -0.116324213, 0, 2, 1, 1, 
646.455258, 44, 0.1, 0.1, 0.0165154624, 0.358206796, -0.0349684824, 0.918151296, -0.396229981, 1.34682344e-005, 0.396229981, 0.918151296, -2.28907449e-007, -1.22751769e-005, 5.54668993e-006, 1, 0.918151282, -0.396230012, 1.49865895e-005, 0.396230012, 0.918151283, -2.67585979e-006, -1.26997004e-005, 8.39498065e-006, 1, 0, 0, 0, 0, 0, 0, 0, 0.260156177, -0.133877393, -0.160010547, -0.121777558, 0.794329962, -0.595052248, -0.823120117, 0.254150391, 0.5078125, 0.554564338, 0.551721477, 0.622973312, 0, 0, -0, 0, 0, 0, 0, 0.327728418, -0.0985379395, -0.131500732, 0.0485452028, 0.495089071, -0.867348092, 0.150390625, -0.862060547, -0.483764648, -0.987395246, -0.106915851, -0.116324213, 0, 2, 1, 1, 
646.455954, 44, 0.1, 0.1, 0.0165154638, 0.358206796, -0.0349694865, 0.918151315, -0.396229938, -4.79764017e-007, 0.396229938, 0.918151315, -9.80116976e-006, 4.32401284e-006, 8.80886003e-006, 1, 0.918151318, -0.39622993, -6.99684207e-006, 0.39622993, 0.918151318, -9.79460398e-006, 1.0305075e-005, 6.22057031e-006, 1, 0, 0, 0, 0, 0, 0, 0, 0.260156177, -0.133877393, -0.160010547, -0.121777558, 0.794329962, -0.595052248, -0.823120117, 0.254150391, 0.5078125, 0.554564338, 0.551721477, 0.622973312, 0, 0, -0, 0, 0, 0, 0, 0.327728418, -0.0985379395, -0.131500732, 0.0485452028, 0.495089071, -0.867348092, 0.150390625, -0.862060547, -0.483764648, -0.987395246, -0.106915851, -0.116324213, 0, 2, 1, 1, 
646.456655, 44, 0.1, 0.1, 0.016515462, 0.358206795, -0.0349704173, 0.918151256, -0.396230073, -3.38742787e-006, 0.396230073, 0.918151256, -7.00758975e-006, 5.88678896e-006, 5.09182654e-006, 1, 0.918151271, -0.396230039, 3.75190085e-006, 0.396230039, 0.918151271, 4.54409206e-006, -5.24531831e-006, -2.68554807e-006, 1, 0, 0, 0, 0, 0, 0, 0, 0.260156177, -0.133877393, -0.160010547, -0.121777558, 0.794329962, -0.595052248, -0.823120117, 0.254150391, 0.5078125, 0.554564338, 0.551721477, 0.622973312, 0, 0, -0, 0, 0, 0, 0, 0.327728418, -0.0985379395, -0.131500732, 0.0485452028, 0.495089071, -0.867348092, 0.150390625, -0.862060547, -0.483764648, -0.987395246, -0.106915851, -0.116324213, 0, 2, 1, 1, 
646.457355, 44, 0.1, 0.1, 0.0165154629, 0.358206795, -0.0349709771, 0.918151214, -0.39623017, 8.03311239e-006, 0.39623017, 0.918151214, 6.16751011e-006, -9.81936548e-006, -2.47974542e-006, 1, 0.918151216, -0.396230166, 2.26164169e-006, 0.396230166, 0.918151216, 6.83641614e-006, -4.78532337e-006, -5.38073313e-006, 1, 0, 0, 0, 0, 0, 0, 0, 0.260156177, -0.133877393, -0.160010547, -0.121777558, 0.794329962, -0.595052248, -0.823120117, 0.254150391, 0.5078125, 0.554564338, 0.551721477, 0.622973312, 0, 0, -0, 0, 0, 0, 0, 0.327728418, -0.0985379395, -0.131500732, 0.0485452028, 0.495089071, -0.867348092, 0.150390625, -0.862060547, -0.483764648, -0.987395246, -0.106915851, -0.116324213, 0, 2, 1, 1, 
646.458052, 44, 0.1, 0.1, 0.0165154637, 0.358206795, -0.0349710998, 0.918151252, -0.396230083, -1.23221175e-005, 0.396230083, 0.918151252, 7.66332654e-007, 1.10099236e-005, -5.58600295e-006, 1, 0.918151239, -0.396230113, -1.19412165e-005, 0.396230113, 0.918151239, -1.81292892e-006, 1.16821798e-005, -3.06692663e-006, 1, 0, 0, 0, 0, 0, 0, 0, 0.260156177, -0.133877393, -0.160010547, -0.121777558, 0.794329962, -0.595052248, -0.823120117, 0.254150391, 0.5078125, 0.554564338, 0.551721477, 0.622973312, 0, 0, -0, 0, 0, 0, 0, 0.327728418, -0.0985379395, -0.131500732, 0.0485452028, 0.495089071, -0.867348092, 0.150390625, -0.862060547, -0.483764648, -0.987395246, -0.106915851, -0.116324213, 0, 2, 1, 1, 
646.458774, 44, 0.1, 0.1, 0.0165154617, 0.358206794, -0.0349706545, 0.918151318, -0.39622993, 2.22830437e-006, 0.39622993, 0.918151318, 6.16166212e-006, -4.48735554e-006, -4.77441731e-006, 1, 0.918151306, -0.396229957, 1.14100272e-005, 0.396229957, 0.918151306, 7.20055633e-007, -1.0761439e-005, 3.85987457e-006, 1, 0, 0, 0, 0, 0, 0, 0, 0.260073779, -0.13498811, -0.159770093, -0.123590939, 0.794475616, -0.5945711, -0.820556641, 0.255004883, 0.511352539, 0.557941348, 0.551080448, 0.620548859, 0, 0, -0, 0, 0, 0, 0, 0.327728418, -0.0985379395, -0.131500732, 0.0456315644, 0.495964402, -0.867060079, 0.149047852, -0.861572266, -0.485107422, -0.987701482, -0.107069336, -0.113225374, 0, 2, 1, 1, 
646.459465, 44, 0.1, 0.1, 0.0165154633, 0.358206795, -0.0349697545, 0.918151312, -0.396229943, 7.91399802e-006, 0.396229943, 0.918151312, -1.11999835e-006, -6.82247078e-006, 4.16409094e-006, 1, 0.91815132, -0.396229925, -1.13003176e-006, 0.396229925, 0.91815132, -8.20975364e-006, 4.29049023e-006, 7.09004374e-006, 1, 0, 0, 0, 0, 0, 0, 0, 0.260073779, -0.13498811, -0.159770093, -0.123590939, 0.794475616, -0.5945711, -0.820556641, 0.255004883, 0.511352539, 0.557941348, 0.551080448, 0.620548859, 0, 0, -0, 0, 0, 0, 0, 0.327752441, -0.0995994629, -0.131193262, 0.0456315644, 0.495964402, -0.867060079, 0.149047852, -0.861572266, -0.485107422, -0.987701482, -0.107069336, -0.113225374, 0, 2, 1, 1, 
646.460161, 44, 0.1, 0.1, 0.0165154626, 0.358206794, -0.0349688826, 0.918151243, -0.396230104, -7.55942277e-006, 0.396230104, 0.918151243, -1.12103974e-005, 1.13825903e-005, 7.29756942e-006, 1, 0.918151256, -0.396230072, -3.58757005e-006, 0.396230072, 0.918151256, -6.61977976e-006, 5.91688776e-006, 4.65645597e-006, 1, 0, 0, 0, 0, 0, 0, 0, 0.260073779, -0.13498811, -0.159770093, -0.123590939, 0.794475616, -0.5945711, -0.820556641, 0.255004883, 0.511352539, 0.557941348, 0.551080448, 0.620548859, 0, 0, -0, 0, 0, 0, 0, 0.327752441, -0.0995994629, -0.131193262, 0.0456315644, 0.495964402, -0.867060079, 0.149047852, -0.861572266, -0.485107422, -0.987701482, -0.107069336, -0.113225374, 0, 2, 1, 1, 
646.460854, 44, 0.1, 0.1, 0.0165154618, 0.358206792, -0.03496833, 0.918151212, -0.396230176, 1.25292274e-005, 0.396230176, 0.918151212, -7.57010611e-007, -1.12037749e-005, 5.65950818e-006, 1, 0.918151211, -0.396230178, 9.78378594e-006, 0.396230178, 0.918151211, 7.34686858e-006, -1.1894046e-005, -2.86890504e-006, 1, 0, 0, 0, 0, 0, 0, 0, 0.260073779, -0.13498811, -0.159770093, -0.123590939, 0.794475616, -0.5945711, -0.820556641, 0.255004883, 0.511352539, 0.557941348, 0.551080448, 0.620548859, 0, 0, -0, 0, 0, 0, 0, 0.327752441, -0.0995994629, -0.131193262, 0.0456315644, 0.495964402, -0.867060079, 0.149047852, -0.861572266, -0.485107422, -0.987701482, -0.107069336, -0.113225374, 0, 2, 1, 1, 
646.46155, 44, 0.1, 0.1, 0.0165154639, 0.358206793, -0.0349682016, 0.918151266, -0.396230051, -6.41685922e-006, 0.396230051, 0.918151266, 8.52235265e-007, 5.55396619e-006, -3.32503334e-006, 1, 0.918151251, -0.396230085, -1.34152544e-005, 0.396230085, 0.918151251, 1.00591743e-006, 1.19186578e-005, -6.23911173e-006, 1, 0, 0, 0, 0, 0, 0, 0, 0.260073779, -0.13498811, -0.159770093, -0.123590939, 0.794475616, -0.5945711, -0.820556641, 0.255004883, 0.511352539, 0.557941348, 0.551080448, 0.620548859, 0, 0, -0, 0, 0, 0, 0, 0.327752441, -0.0995994629, -0.131193262, 0.0456315644, 0.495964402, -0.867060079, 0.149047852, -0.861572266, -0.485107422, -0.987701482, -0.107069336, -0.113225374, 0, 2, 1, 1, 
646.462242, 44, 0.1, 0.1, 0.0165154618, 0.358206792, -0.0349685288, 0.918151326, -0.39622991, -7.79250721e-006, 0.39622991, 0.918151326, 3.29976814e-006, 5.847234e-006, -6.11731093e-006, 1, 0.918151321, -0.396229924, 3.65746145e-006, 0.396229924, 0.918151321, 5.53691014e-006, -5.55199255e-006, -3.63452568e-006, 1, 0, 0, 0, 0, 0, 0, 0, 0.260073779, -0.13498811, -0.159770093, -0.123590939, 0.794475616, -0.5945711, -0.820556641, 0.255004883, 0.511352539, 0.557941348, 0.551080448, 0.620548859, 0, 0, -0, 0, 0, 0, 0, 0.327752441, -0.0995994629, -0.131193262, 0.0456315644, 0.495964402, -0.867060079, 0.149047852, -0.861572266, -0.485107422, -0.987701482, -0.107069336, -0.113225374, 0, 2, 1, 1, 
646.462937, 44, 0.1, 0.1, 0.0165154622, 0.358206792, -0.0349691815, 0.918151305, -0.396229961, 9.03833207e-006, 0.39622996, 0.918151305, 7.41603547e-006, -1.12370118e-005, -3.22778468e-006, 1, 0.918151317, -0.396229932, 7.60856506e-006, 0.396229932, 0.918151317, -2.23714266e-006, -6.09939114e-006, 5.0687767e-006, 1, 0, 0, 0, 0, 0, 0, 0, 0.260073779, -0.13498811, -0.159770093, -0.123590939, 0.794475616, -0.5945711, -0.820556641, 0.255004883, 0.511352539, 0.557941348, 0.551080448, 0.620548859, 0, 0, -0, 0, 0, 0, 0, 0.327752441, -0.0995994629, -0.131193262, 0.0456315644, 0.495964402, -0.867060079, 0.149047852, -0.861572266, -0.485107422, -0.987701482, -0.107069336, -0.113225374, 0, 2, 1, 1, 
646.463659, 44, 0.1, 0.1, 0.0165154633, 0.358206793, -0.0349698243, 0.918151233, -0.396230125, -9.79852548e-006, 0.396230125, 0.918151234, -9.39654379e-006, 1.2719722e-005, 4.74497729e-006, 1, 0.918151247, -0.396230094, -8.93003058e-006, 0.396230094, 0.918151247, -1.24793453e-005, 1.31438109e-005, 7.91957959e-006, 1, 0, 0, 0, 0, 0, 0, 0, 0.259771558, -0.136337695, -0.159537085, -0.125321945, 0.794297761, -0.594229615, -0.818237305, 0.255981445, 0.514770508, 0.561058126, 0.550737842, 0.618022935, 0, 0, -0, 0, 0, 0, 0, 0.327752441, -0.0995994629, -0.131193262, 0.0440533436, 0.495600197, -0.867251477, 0.148193359, -0.861694336, -0.484985352, -0.987867359, -0.107107615, -0.11140435, 0, 2, 1, 1, 
646.464351, 44, 0.1, 0.1, 0.016515462, 0.358206792, -0.0349701603, 0.918151219, -0.396230159, 6.40866556e-006, 0.396230159, 0.918151219, -5.70190863e-006, -3.62485593e-006, 7.77452094e-006, 1, 0.918151215, -0.396230168, 1.05948839e-005, 0.396230168, 0.918151215, -1.15493718e-006, -9.27008455e-006, 5.25841959e-006, 1, 0, 0, 0, 0, 0, 0, 0, 0.259771558, -0.136337695, -0.159537085, -0.125321945, 0.794297761, -0.594229615, -0.818237305, 0.255981445, 0.514770508, 0.561058126, 0.550737842, 0.618022935, 0, 0, -0, 0, 0, 0, 0, 0.327644531, -0.100740576, -0.130944385, 0.0440533436, 0.495600197, -0.867251477, 0.148193359, -0.861694336, -0.484985352, -0.987867359, -0.107107615, -0.11140435, 0, 2, 1, 1, 
