time, trialNum, realDorsalTactorPos, realVentralTactorPos, boxPosX, boxPosY, boxPosZ, boxLocalRot_11, boxLocalRot_12, boxLocalRot_13, boxLocalRot_21, boxLocalRot_22, boxLocalRot_23, boxLocalRot_31, boxLocalRot_32, boxLocalRot_33, boxGlobalRot_11, boxGlobalRot_12, boxGlobalRot_13, boxGlobalRot_21, boxGlobalRot_22, boxGlobalRot_23, boxGlobalRot_31, boxGlobalRot_32, boxGlobalRot_33, indexForceX, indexForceY, indexForceZ, indexForceGlobalX, indexForceGlobalY, indexForceGlobalZ, indexContact, indexPosX, indexPosY, indexPosZ, indexRot_11, indexRot_12, indexRot_13, indexRot_21, indexRot_22, indexRot_23, indexRot_31, indexRot_32, indexRot_33, thumbForceX, thumbForceY, thumbForceZ, thumbForceGlobalX, thumbForceGlobalY, thumbForceGlobalZ, thumbContact, thumbPosX, thumbPosY, thumbPosZ, thumbRot_11, thumbRot_12, thumbRot_13, thumbRot_21, thumbRot_22, thumbRot_23, thumbRot_31, thumbRot_32, thumbRot_33, manipForceTooHigh, cceExpType, mapping, trialSuccess, 
202.732316, 30, 0.1, 0.1, 0.0131096235, 0.362493013, -0.034967387, 0.856430804, -1.23015659e-005, 0.51626183, 0.51626183, 2.38749745e-005, -0.856430804, -1.7902981e-006, 1, 2.67980926e-005, 0.856430794, -1.90922489e-006, 0.516261848, 0.516261848, 1.21494484e-005, -0.856430793, -4.63717767e-006, 1, 1.13908217e-005, 0, 0, 0, 0, 0, 0, 0, 0.101295215, 0.16268916, 0.151072266, -0.275243189, 0.474276477, 0.836084533, -0.512939453, -0.807983398, 0.289550781, 0.813077621, -0.349244925, 0.465762181, 0, 0, 0, 0, 0, 0, 0, 0.168389307, 0.167370459, 0.0857239746, -0.490393166, 0.749611771, -0.44437738, 0.0302734375, -0.494873047, -0.868286133, -0.870849987, -0.439309607, 0.220013964, 0, 2, 1, 1, 
202.759059, 30, 0.1, 0.1, 0.0131096334, 0.362493014, -0.034970368, 0.856425184, -8.8881846e-006, 0.516271155, 0.516271155, 1.26758749e-005, -0.856425183, 1.06787655e-006, 1, 1.54446518e-005, 0.856425144, -5.54237393e-006, 0.51627122, 0.51627122, -6.08941439e-006, -0.856425144, 7.89041779e-006, 1, -2.35375944e-006, 0, 0, 0, 0, 0, 0, 0, 0.104092407, 0.162342725, 0.148334326, -0.245625543, 0.512453288, 0.822705297, -0.526977539, -0.782836914, 0.330444336, 0.813577508, -0.352448923, 0.462443199, 0, 0, 0, 0, 0, 0, 0, 0.169498682, 0.163686523, 0.0819912109, -0.490342126, 0.743480091, -0.454545562, 0.01171875, -0.515869141, -0.856445312, -0.871335594, -0.42534769, 0.244352986, 0, 2, 1, 1, 
202.75977, 30, 0.1, 0.1, 0.0131096333, 0.362493006, -0.0349728216, 0.856425406, -1.26051898e-006, 0.516270786, 0.516270786, 4.83953748e-006, -0.856425406, -1.41897134e-006, 1, 4.79547198e-006, 0.856425361, 1.67805845e-007, 0.51627086, 0.51627086, 2.08047326e-005, -0.856425361, -1.08845904e-005, 1, 1.77310674e-005, 0, 0, 0, 0, 0, 0, 0, 0.104819531, 0.161951538, 0.147253027, -0.245625543, 0.512453288, 0.822705297, -0.526977539, -0.782836914, 0.330444336, 0.813577508, -0.352448923, 0.462443199, 0, 0, 0, 0, 0, 0, 0, 0.169915381, 0.163012402, 0.0809094238, -0.490853252, 0.742962768, -0.454985959, 0.00915527344, -0.517700195, -0.85534668, -0.87114383, -0.42392915, 0.247375266, 0, 2, 1, 1, 
202.760464, 30, 0.1, 0.1, 0.0131096344, 0.362493016, -0.0349741169, 0.856425609, -2.72299941e-006, 0.516270449, 0.516270449, -3.16535528e-005, -0.856425608, 1.86738403e-005, 0.999999999, -2.57031091e-005, 0.856425571, -4.83516942e-006, 0.516270511, 0.516270511, -3.85429072e-005, -0.856425571, 2.40395291e-005, 0.999999999, -3.05128759e-005, 0, 0, 0, 0, 0, 0, 0, 0.104819531, 0.161951538, 0.147253027, -0.245625543, 0.512453288, 0.822705297, -0.526977539, -0.782836914, 0.330444336, 0.813577508, -0.352448923, 0.462443199, 0, 0, 0, 0, 0, 0, 0, 0.169915381, 0.163012402, 0.0809094238, -0.490853252, 0.742962768, -0.454985959, 0.00915527344, -0.517700195, -0.85534668, -0.87114383, -0.42392915, 0.247375266, 0, 2, 1, 1, 
202.761173, 30, 0.1, 0.1, 0.0131096336, 0.362493011, -0.0349739843, 0.856425735, -4.72663759e-006, 0.51627024, 0.51627024, 3.95994921e-005, -0.856425734, -1.63960252e-005, 0.999999999, 3.63542465e-005, 0.856425722, -2.05561388e-007, 0.516270262, 0.516270262, 3.3847564e-005, -0.856425721, -1.72984427e-005, 0.999999999, 2.90940497e-005, 0, 0, 0, 0, 0, 0, 0, 0.104819531, 0.161951538, 0.147253027, -0.245625543, 0.512453288, 0.822705297, -0.526977539, -0.782836914, 0.330444336, 0.813577508, -0.352448923, 0.462443199, 0, 0, 0, 0, 0, 0, 0, 0.169915381, 0.163012402, 0.0809094238, -0.490853252, 0.742962768, -0.454985959, 0.00915527344, -0.517700195, -0.85534668, -0.87114383, -0.42392915, 0.247375266, 0, 2, 1, 1, 
202.761942, 30, 0.1, 0.1, 0.0131096364, 0.362493005, -0.0349716975, 0.856425718, 7.6644207e-006, 0.516270267, 0.516270267, -1.16908308e-005, -0.856425718, -5.28378677e-007, 1, -1.39692407e-005, 0.856425736, -7.11156532e-006, 0.516270239, 0.516270239, 1.50878741e-006, -0.856425736, 5.31158552e-006, 1, 4.96365389e-006, 0, 0, 0, 0, 0, 0, 0, 0.105150903, 0.161966431, 0.146769678, -0.247802869, 0.512732615, 0.821843351, -0.527954102, -0.782714844, 0.329223633, 0.812315668, -0.35224598, 0.464804373, 0, 0, 0, 0, 0, 0, 0, 0.170203076, 0.16271958, 0.0802349121, -0.489684079, 0.741831875, -0.457867881, 0.0118408203, -0.51940918, -0.854370117, -0.871757401, -0.423679784, 0.245599451, 0, 2, 1, 1, 
202.762636, 30, 0.1, 0.1, 0.0131096307, 0.362493013, -0.0349689152, 0.856425681, 1.21711799e-005, 0.516270328, 0.516270329, -1.17866108e-005, -0.856425681, -4.33863361e-006, 1, -1.63779752e-005, 0.856425693, 1.76387708e-005, 0.51627031, 0.51627031, -2.17520963e-005, -0.856425692, -3.87633498e-006, 1, -2.77354278e-005, 0, 0, 0, 0, 0, 0, 0, 0.105150903, 0.161966431, 0.146769678, -0.247802869, 0.512732615, 0.821843351, -0.527954102, -0.782714844, 0.329223633, 0.812315668, -0.35224598, 0.464804373, 0, 0, 0, 0, 0, 0, 0, 0.170203076, 0.16271958, 0.0802349121, -0.489684079, 0.741831875, -0.457867881, 0.0118408203, -0.51940918, -0.854370117, -0.871757401, -0.423679784, 0.245599451, 0, 2, 1, 1, 
202.763327, 30, 0.1, 0.1, 0.0131096312, 0.36249301, -0.0349665929, 0.856425641, -2.15473713e-006, 0.516270396, 0.516270396, 4.69688811e-006, -0.856425641, -5.79492161e-007, 1, 5.1349624e-006, 0.856425643, -1.59081663e-006, 0.516270392, 0.516270392, 1.45399792e-005, -0.856425643, -6.14414459e-006, 1, 1.32737026e-005, 0, 0, 0, 0, 0, 0, 0, 0.105150903, 0.161966431, 0.146769678, -0.247802869, 0.512732615, 0.821843351, -0.527954102, -0.782714844, 0.329223633, 0.812315668, -0.35224598, 0.464804373, 0, 0, 0, 0, 0, 0, 0, 0.170203076, 0.16271958, 0.0802349121, -0.489684079, 0.741831875, -0.457867881, 0.0118408203, -0.51940918, -0.854370117, -0.871757401, -0.423679784, 0.245599451, 0, 2, 1, 1, 
202.76408, 30, 0.1, 0.1, 0.0131096311, 0.362493015, -0.034964781, 0.856425621, 6.11994577e-006, 0.516270429, 0.516270429, 5.02496484e-006, -0.856425621, -7.83551911e-006, 1, 1.14396161e-006, 0.856425626, 7.79069973e-007, 0.51627042, 0.51627042, -1.27314841e-005, -0.856425626, 5.90567314e-006, 1, -1.130578e-005, 0, 0, 0, 0, 0, 0, 0, 0.105150903, 0.161966431, 0.146769678, -0.247802869, 0.512732615, 0.821843351, -0.527954102, -0.782714844, 0.329223633, 0.812315668, -0.35224598, 0.464804373, 0, 0, 0, 0, 0, 0, 0, 0.170203076, 0.16271958, 0.0802349121, -0.489684079, 0.741831875, -0.457867881, 0.0118408203, -0.51940918, -0.854370117, -0.871757401, -0.423679784, 0.245599451, 0, 2, 1, 1, 
202.764778, 30, 0.1, 0.1, 0.0131096299, 0.362493014, -0.0349643174, 0.856425619, -1.18248795e-005, 0.516270431, 0.516270431, -2.12210808e-006, -0.856425619, 1.12227114e-005, 1, 4.28740791e-006, 0.856425611, -3.64883816e-006, 0.516270446, 0.516270446, -3.9454298e-006, -0.856425611, 5.16186725e-006, 1, -1.49517982e-006, 0, 0, 0, 0, 0, 0, 0, 0.105150903, 0.161966431, 0.146769678, -0.247802869, 0.512732615, 0.821843351, -0.527954102, -0.782714844, 0.329223633, 0.812315668, -0.35224598, 0.464804373, 0, 0, 0, 0, 0, 0, 0, 0.170203076, 0.16271958, 0.0802349121, -0.489684079, 0.741831875, -0.457867881, 0.0118408203, -0.51940918, -0.854370117, -0.871757401, -0.423679784, 0.245599451, 0, 2, 1, 1, 
202.76547, 30, 0.1, 0.1, 0.0131096278, 0.362493013, -0.0349654457, 0.85642563, 1.22295599e-005, 0.516270414, 0.516270414, 9.00332231e-006, -0.85642563, -1.51218575e-005, 1, 1.39691602e-006, 0.856425634, 1.2312099e-005, 0.516270407, 0.516270407, 9.65322958e-006, -0.856425634, -1.55280739e-005, 1, 1.91090092e-006, 0, 0, 0, 0, 0, 0, 0, 0.105150903, 0.161966431, 0.146769678, -0.247802869, 0.512732615, 0.821843351, -0.527954102, -0.782714844, 0.329223633, 0.812315668, -0.35224598, 0.464804373, 0, 0, 0, 0, 0, 0, 0, 0.170203076, 0.16271958, 0.0802349121, -0.489684079, 0.741831875, -0.457867881, 0.0118408203, -0.51940918, -0.854370117, -0.871757401, -0.423679784, 0.245599451, 0, 2, 1, 1, 
202.766206, 30, 0.1, 0.1, 0.0131096279, 0.362493014, -0.034967756, 0.856425653, 7.71301885e-007, 0.516270375, 0.516270375, -7.36260702e-006, -0.856425653, 3.14053317e-006, 1, -6.70372584e-006, 0.856425644, -8.66998388e-006, 0.51627039, 0.51627039, -5.1128508e-006, -0.856425644, 1.006481e-005, 1, 9.72794258e-008, 0, 0, 0, 0, 0, 0, 0, 0.105150903, 0.161966431, 0.146769678, -0.247802869, 0.512732615, 0.821843351, -0.527954102, -0.782714844, 0.329223633, 0.812315668, -0.35224598, 0.464804373, 0, 0, 0, 0, 0, 0, 0, 0.170203076, 0.16271958, 0.0802349121, -0.489684079, 0.741831875, -0.457867881, 0.0118408203, -0.51940918, -0.854370117, -0.871757401, -0.423679784, 0.245599451, 0, 2, 1, 1, 
202.766945, 30, 0.1, 0.1, 0.0131096255, 0.362493011, -0.0349695681, 0.856425603, -1.04441835e-005, 0.516270458, 0.516270458, 1.05498243e-005, -0.856425603, 3.49810356e-006, 1, 1.4427163e-005, 0.856425624, -1.01954815e-006, 0.516270425, 0.516270425, 1.74233261e-005, -0.856425623, -8.12198081e-006, 1, 1.54481455e-005, 0, 0, 0, 0, 0, 0, 0, 0.105575293, 0.161325513, 0.146078711, -0.248083318, 0.513479985, 0.821304915, -0.531616211, -0.780883789, 0.327758789, 0.809764656, -0.355330558, 0.466867123, 0, 0, 0, 0, 0, 0, 0, 0.170750391, 0.162253564, 0.0795604004, -0.487869618, 0.74124419, -0.460749803, 0.0141601563, -0.520996094, -0.853271484, -0.872671378, -0.42275961, 0.243823637, 0, 2, 1, 1, 
202.767639, 30, 0.1, 0.1, 0.013109625, 0.362493012, -0.0349711675, 0.856425425, 1.01613167e-005, 0.516270754, 0.516270754, 1.0881844e-006, -0.856425425, -9.26420774e-006, 1, -4.31404184e-006, 0.856425469, 8.98943868e-006, 0.516270681, 0.516270681, -5.44938729e-006, -0.856425469, -4.88542535e-006, 1, -9.30797769e-006, 0, 0, 0, 0, 0, 0, 0, 0.105575293, 0.161325513, 0.146078711, -0.248083318, 0.513479985, 0.821304915, -0.531616211, -0.780883789, 0.327758789, 0.809764656, -0.355330558, 0.466867123, 0, 0, 0, 0, 0, 0, 0, 0.170750391, 0.162253564, 0.0795604004, -0.487869618, 0.74124419, -0.460749803, 0.0141601563, -0.520996094, -0.853271484, -0.872671378, -0.42275961, 0.243823637, 0, 2, 1, 1, 
202.768336, 30, 0.1, 0.1, 0.0131096268, 0.362493012, -0.0349722195, 0.856425147, -7.83604876e-006, 0.516271215, 0.516271215, -1.34108354e-005, -0.856425147, 1.36346175e-005, 1, -7.43985028e-006, 0.856425211, -1.34057444e-005, 0.516271109, 0.516271109, -4.37395905e-006, -0.856425211, 1.37391662e-005, 1, 3.17502974e-006, 0, 0, 0, 0, 0, 0, 0, 0.105575293, 0.161325513, 0.146078711, -0.248083318, 0.513479985, 0.821304915, -0.531616211, -0.780883789, 0.327758789, 0.809764656, -0.355330558, 0.466867123, 0, 0, 0, 0, 0, 0, 0, 0.170750391, 0.162253564, 0.0795604004, -0.487869618, 0.74124419, -0.460749803, 0.0141601563, -0.520996094, -0.853271484, -0.872671378, -0.42275961, 0.243823637, 0, 2, 1, 1, 
202.769086, 30, 0.1, 0.1, 0.0131096244, 0.362493013, -0.034971879, 0.856424747, -2.31702161e-006, 0.516271879, 0.516271879, 7.044757e-006, -0.856424747, -1.65265529e-006, 1, 7.22951733e-006, 0.856424828, 5.08658331e-006, 0.516271745, 0.516271745, 6.1407249e-006, -0.856424828, -7.526559e-006, 1, 2.63301002e-006, 0, 0, 0, 0, 0, 0, 0, 0.105575293, 0.161325513, 0.146078711, -0.248083318, 0.513479985, 0.821304915, -0.531616211, -0.780883789, 0.327758789, 0.809764656, -0.355330558, 0.466867123, 0, 0, 0, 0, 0, 0, 0, 0.170750391, 0.162253564, 0.0795604004, -0.487869618, 0.74124419, -0.460749803, 0.0141601563, -0.520996094, -0.853271484, -0.872671378, -0.42275961, 0.243823637, 0, 2, 1, 1, 
202.769805, 30, 0.1, 0.1, 0.013109625, 0.362493016, -0.0349706745, 0.856424281, 1.13367065e-005, 0.516272652, 0.516272652, -8.54238761e-006, -0.856424281, -5.29882963e-006, 1, -1.31687397e-005, 0.856424394, 1.0644758e-006, 0.516272465, 0.516272465, -1.5934626e-005, -0.856424393, 7.31496562e-006, 1, -1.4196362e-005, 0, 0, 0, 0, 0, 0, 0, 0.105575293, 0.161325513, 0.146078711, -0.248083318, 0.513479985, 0.821304915, -0.531616211, -0.780883789, 0.327758789, 0.809764656, -0.355330558, 0.466867123, 0, 0, 0, 0, 0, 0, 0, 0.170750391, 0.162253564, 0.0795604004, -0.487869618, 0.74124419, -0.460749803, 0.0141601563, -0.520996094, -0.853271484, -0.872671378, -0.42275961, 0.243823637, 0, 2, 1, 1, 
202.770505, 30, 0.1, 0.1, 0.013109625, 0.362493014, -0.0349689829, 0.856423748, -1.24635352e-005, 0.516273535, 0.516273535, -3.22748555e-006, -0.856423749, 1.23403329e-005, 1, 3.67049812e-006, 0.856423859, -1.10936384e-005, 0.516273351, 0.516273351, 4.63147211e-006, -0.856423859, 7.10975102e-006, 1, 9.69385311e-006, 0, 0, 0, 0, 0, 0, 0, 0.105575293, 0.161325513, 0.146078711, -0.248083318, 0.513479985, 0.821304915, -0.531616211, -0.780883789, 0.327758789, 0.809764656, -0.355330558, 0.466867123, 0, 0, 0, 0, 0, 0, 0, 0.170750391, 0.162253564, 0.0795604004, -0.487869618, 0.74124419, -0.460749803, 0.0141601563, -0.520996094, -0.853271484, -0.872671378, -0.42275961, 0.243823637, 0, 2, 1, 1, 
202.771292, 30, 0.1, 0.1, 0.0131096216, 0.362493015, -0.0349667891, 0.856423061, 7.36250288e-006, 0.516274675, 0.516274675, 1.63693415e-005, -0.856423061, -1.47564937e-005, 1, 1.02180078e-005, 0.856423205, 1.54614042e-005, 0.516274436, 0.516274436, 5.0858558e-006, -0.856423206, -1.58672027e-005, 1, -3.62668281e-006, 0, 0, 0, 0, 0, 0, 0, 0.105926709, 0.160664209, 0.144762451, -0.245551402, 0.513802374, 0.821837359, -0.533447266, -0.779541016, 0.328125, 0.80936364, -0.35797705, 0.465546873, 0, 0, 0, 0, 0, 0, 0, 0.170750391, 0.162253564, 0.0795604004, -0.487211571, 0.740547863, -0.462730509, 0.0146484375, -0.522827148, -0.852172852, -0.873093185, -0.421973598, 0.243983684, 0, 2, 1, 1, 
202.771987, 30, 0.1, 0.1, 0.0131096235, 0.362493014, -0.0349652291, 0.856422374, 1.73636448e-006, 0.516275816, 0.516275815, -1.08134386e-005, -0.856422374, 4.09565545e-006, 1, -1.01573138e-005, 0.856422517, -7.11481213e-006, 0.516275579, 0.516275578, -9.07755041e-006, -0.856422517, 1.07798029e-005, 1, -4.10101483e-006, 0, 0, 0, 0, 0, 0, 0, 0.105926709, 0.160664209, 0.144762451, -0.245551402, 0.513802374, 0.821837359, -0.533447266, -0.779541016, 0.328125, 0.80936364, -0.35797705, 0.465546873, 0, 0, 0, 0, 0, 0, 0, 0.171008301, 0.161554297, 0.0783165039, -0.487211571, 0.740547863, -0.462730509, 0.0146484375, -0.522827148, -0.852172852, -0.873093185, -0.421973598, 0.243983684, 0, 2, 1, 1, 
202.772687, 30, 0.1, 0.1, 0.013109622, 0.362493011, -0.0349650447, 0.856421616, -1.37123437e-005, 0.516277072, 0.516277072, 9.28665398e-006, -0.856421616, 6.94906101e-006, 1, 1.50326598e-005, 0.856421773, -2.90760483e-006, 0.516276812, 0.516276812, 1.67711443e-005, -0.856421773, -6.16841681e-006, 1, 1.58643021e-005, 0, 0, 0, 0, 0, 0, 0, 0.105926709, 0.160664209, 0.144762451, -0.245551402, 0.513802374, 0.821837359, -0.533447266, -0.779541016, 0.328125, 0.80936364, -0.35797705, 0.465546873, 0, 0, 0, 0, 0, 0, 0, 0.171008301, 0.161554297, 0.0783165039, -0.487211571, 0.740547863, -0.462730509, 0.0146484375, -0.522827148, -0.852172852, -0.873093185, -0.421973598, 0.243983684, 0, 2, 1, 1, 
202.773419, 30, 0.1, 0.1, 0.0131096214, 0.362493013, -0.0349661334, 0.856420758, 1.310116e-005, 0.516278496, 0.516278496, 3.65384134e-006, -0.856420758, -1.31065051e-005, 1, -3.6346216e-006, 0.856420953, 1.12416738e-005, 0.516278173, 0.516278173, -6.03489807e-006, -0.856420953, -6.5119188e-006, 1, -1.09722439e-005, 0, 0, 0, 0, 0, 0, 0, 0.105926709, 0.160664209, 0.144762451, -0.245551402, 0.513802374, 0.821837359, -0.533447266, -0.779541016, 0.328125, 0.80936364, -0.35797705, 0.465546873, 0, 0, 0, 0, 0, 0, 0, 0.171008301, 0.161554297, 0.0783165039, -0.487211571, 0.740547863, -0.462730509, 0.0146484375, -0.522827148, -0.852172852, -0.873093185, -0.421973598, 0.243983684, 0, 2, 1, 1, 
202.774148, 30, 0.1, 0.1, 0.0131096237, 0.362493011, -0.0349675601, 0.856419845, -9.65465995e-006, 0.51628001, 0.51628001, -1.22345284e-005, -0.856419845, 1.45848848e-005, 1, -5.49338497e-006, 0.856420022, -1.6249492e-005, 0.516279717, 0.516279717, -2.10000908e-006, -0.856420022, 1.50005824e-005, 1, 6.59079331e-006, 0, 0, 0, 0, 0, 0, 0, 0.105926709, 0.160664209, 0.144762451, -0.245551402, 0.513802374, 0.821837359, -0.533447266, -0.779541016, 0.328125, 0.80936364, -0.35797705, 0.465546873, 0, 0, 0, 0, 0, 0, 0, 0.171477979, 0.161147949, 0.0775401855, -0.486834606, 0.738247429, -0.466686089, 0.0198974609, -0.524658203, -0.850952148, -0.873176307, -0.42344281, 0.240744854, 0, 2, 1, 1, 
202.774851, 30, 0.1, 0.1, 0.0131096219, 0.362493012, -0.0349692668, 0.85641893, -3.17916779e-006, 0.516281528, 0.516281528, 1.04212588e-005, -0.85641893, -2.65760396e-006, 1, 1.0566309e-005, 0.856419113, 4.48594662e-006, 0.516281224, 0.516281224, 9.09829051e-006, -0.856419113, -8.53912699e-006, 1, 5.47593988e-006, 0, 0, 0, 0, 0, 0, 0, 0.105926709, 0.160664209, 0.144762451, -0.245551402, 0.513802374, 0.821837359, -0.533447266, -0.779541016, 0.328125, 0.80936364, -0.35797705, 0.465546873, 0, 0, 0, 0, 0, 0, 0, 0.171477979, 0.161147949, 0.0775401855, -0.486834606, 0.738247429, -0.466686089, 0.0198974609, -0.524658203, -0.850952148, -0.873176307, -0.42344281, 0.240744854, 0, 2, 1, 1, 
202.775548, 30, 0.1, 0.1, 0.0131096231, 0.362493014, -0.0349709052, 0.856418003, 9.45066188e-006, 0.516283066, 0.516283066, -8.64808189e-006, -0.856418003, -3.62885873e-006, 1, -1.22855897e-005, 0.856418189, 3.84435902e-007, 0.516282757, 0.516282757, -1.44280729e-005, -0.856418189, 7.11972736e-006, 1, -1.25549417e-005, 0, 0, 0, 0, 0, 0, 0, 0.105926709, 0.160664209, 0.144762451, -0.245551402, 0.513802374, 0.821837359, -0.533447266, -0.779541016, 0.328125, 0.80936364, -0.35797705, 0.465546873, 0, 0, 0, 0, 0, 0, 0, 0.171477979, 0.161147949, 0.0775401855, -0.486834606, 0.738247429, -0.466686089, 0.0198974609, -0.524658203, -0.850952148, -0.873176307, -0.42344281, 0.240744854, 0, 2, 1, 1, 
202.776319, 30, 0.1, 0.1, 0.0131096238, 0.362493013, -0.0349715449, 0.856416955, -1.39799454e-005, 0.516284804, 0.516284804, -3.95120653e-006, -0.856416955, 1.40126101e-005, 1, 3.83375309e-006, 0.856417145, -1.31195696e-005, 0.516284489, 0.516284489, 3.38715333e-006, -0.856417145, 9.48708961e-006, 1, 9.67424647e-006, 0, 0, 0, 0, 0, 0, 0, 0.10608645, 0.160652246, 0.143814185, -0.2511488, 0.513328339, 0.82054444, -0.53125, -0.781616211, 0.326538086, 0.809137853, -0.353947029, 0.469088634, 0, 0, 0, 0, 0, 0, 0, 0.171477979, 0.161147949, 0.0775401855, -0.486834606, 0.738247429, -0.466686089, 0.0198974609, -0.524658203, -0.850952148, -0.873176307, -0.42344281, 0.240744854, 0, 2, 1, 1, 
202.777018, 30, 0.1, 0.1, 0.013109622, 0.362493014, -0.0349710939, 0.856415993, 5.7047367e-006, 0.516286399, 0.516286399, 8.81152631e-006, -0.856415993, -9.43489894e-006, 1, 4.60105408e-006, 0.856416184, 1.12066861e-005, 0.516286083, 0.516286083, -3.49083451e-008, -0.856416184, -9.57956468e-006, 1, -5.81575215e-006, 0, 0, 0, 0, 0, 0, 0, 0.10608645, 0.160652246, 0.143814185, -0.2511488, 0.513328339, 0.82054444, -0.53125, -0.781616211, 0.326538086, 0.809137853, -0.353947029, 0.469088634, 0, 0, 0, 0, 0, 0, 0, 0.171477979, 0.161147949, 0.0775401855, -0.486834606, 0.738247429, -0.466686089, 0.0198974609, -0.524658203, -0.850952148, -0.873176307, -0.42344281, 0.240744854, 0, 2, 1, 1, 
202.777714, 30, 0.1, 0.1, 0.0131096231, 0.362493015, -0.0349702424, 0.856415028, 3.57665926e-006, 0.516288001, 0.516288001, -1.26430083e-005, -0.856415028, 3.46432875e-006, 1, -1.26742486e-005, 0.856415222, -4.52457432e-006, 0.516287679, 0.516287679, -1.15614976e-005, -0.856415222, 9.84397307e-006, 1, -7.56546052e-006, 0, 0, 0, 0, 0, 0, 0, 0.10608645, 0.160652246, 0.143814185, -0.2511488, 0.513328339, 0.82054444, -0.53125, -0.781616211, 0.326538086, 0.809137853, -0.353947029, 0.469088634, 0, 0, 0, 0, 0, 0, 0, 0.171477979, 0.161147949, 0.0775401855, -0.486834606, 0.738247429, -0.466686089, 0.0198974609, -0.524658203, -0.850952148, -0.873176307, -0.42344281, 0.240744854, 0, 2, 1, 1, 
202.778445, 30, 0.1, 0.1, 0.013109621, 0.362493013, -0.0349690948, 0.856414, -1.04880825e-005, 0.516289706, 0.516289706, 5.50810103e-006, -0.856414, 6.13836479e-006, 1, 1.01321038e-005, 0.856414231, 1.79824753e-007, 0.516289323, 0.516289323, 1.2796697e-005, -0.856414231, -6.76080252e-006, 1, 1.08664318e-005, 0, 0, 0, 0, 0, 0, 0, 0.10608645, 0.160652246, 0.143814185, -0.2511488, 0.513328339, 0.82054444, -0.53125, -0.781616211, 0.326538086, 0.809137853, -0.353947029, 0.469088634, 0, 0, 0, 0, 0, 0, 0, 0.171477979, 0.161147949, 0.0775401855, -0.486834606, 0.738247429, -0.466686089, 0.0198974609, -0.524658203, -0.850952148, -0.873176307, -0.42344281, 0.240744854, 0, 2, 1, 1, 
202.779189, 30, 0.1, 0.1, 0.0131096194, 0.362493017, -0.03496725, 0.856412925, 1.59260773e-005, 0.516291489, 0.516291489, 3.8780138e-007, -0.856412925, -1.3839517e-005, 1, -7.89038003e-006, 0.856413129, 1.44294663e-005, 0.51629115, 0.51629115, -8.73940502e-006, -0.856413129, -7.84550692e-006, 1, -1.4934347e-005, 0, 0, 0, 0, 0, 0, 0, 0.106139771, 0.159818237, 0.142844189, -0.254341963, 0.514470734, 0.818807443, -0.533081055, -0.781005859, 0.325195312, 0.806924578, -0.353757191, 0.472947913, 0, 0, 0, 0, 0, 0, 0, 0.171823535, 0.16040376, 0.0767489746, -0.484630421, 0.736969614, -0.470897232, 0.0241699219, -0.526855469, -0.849487305, -0.874294808, -0.422963401, 0.237601905, 0, 2, 1, 1, 
202.779887, 30, 0.1, 0.1, 0.0131096201, 0.362493015, -0.0349662743, 0.856411895, -4.53142612e-006, 0.516293197, 0.516293197, -1.18387363e-005, -0.856411895, 9.99302626e-006, 1, -7.79929016e-006, 0.856412102, -1.13802685e-005, 0.516292855, 0.516292855, -1.99665871e-006, -0.856412102, 1.07770603e-005, 1, 4.16558863e-006, 0, 0, 0, 0, 0, 0, 0, 0.106139771, 0.159818237, 0.142844189, -0.254341963, 0.514470734, 0.818807443, -0.533081055, -0.781005859, 0.325195312, 0.806924578, -0.353757191, 0.472947913, 0, 0, 0, 0, 0, 0, 0, 0.171823535, 0.16040376, 0.0767489746, -0.484630421, 0.736969614, -0.470897232, 0.0241699219, -0.526855469, -0.849487305, -0.874294808, -0.422963401, 0.237601905, 0, 2, 1, 1, 
202.780592, 30, 0.1, 0.1, 0.0131096167, 0.362493014, -0.0349663848, 0.856410855, -1.41093968e-007, 0.516294922, 0.516294922, 1.52753111e-005, -0.856410855, -7.76573113e-006, 1, 1.31547883e-005, 0.856411066, 8.77743002e-006, 0.516294573, 0.516294573, 1.34249458e-005, -0.856411066, -1.44483148e-005, 1, 6.96553262e-006, 0, 0, 0, 0, 0, 0, 0, 0.106139771, 0.159818237, 0.142844189, -0.254341963, 0.514470734, 0.818807443, -0.533081055, -0.781005859, 0.325195312, 0.806924578, -0.353757191, 0.472947913, 0, 0, 0, 0, 0, 0, 0, 0.171823535, 0.16040376, 0.0767489746, -0.484630421, 0.736969614, -0.470897232, 0.0241699219, -0.526855469, -0.849487305, -0.874294808, -0.422963401, 0.237601905, 0, 2, 1, 1, 
202.781328, 30, 0.1, 0.1, 0.0131096181, 0.362493016, -0.0349668921, 0.856409701, 1.10687547e-005, 0.516296836, 0.516296837, -6.96515486e-006, -0.856409701, -5.88330146e-006, 1, -1.16797892e-005, 0.856409915, 1.1935091e-006, 0.516296483, 0.516296483, -1.38891871e-005, -0.856409914, 6.14880541e-006, 1, -1.25110421e-005, 0, 0, 0, 0, 0, 0, 0, 0.106139771, 0.159818237, 0.142844189, -0.254341963, 0.514470734, 0.818807443, -0.533081055, -0.781005859, 0.325195312, 0.806924578, -0.353757191, 0.472947913, 0, 0, 0, 0, 0, 0, 0, 0.171823535, 0.16040376, 0.0767489746, -0.484630421, 0.736969614, -0.470897232, 0.0241699219, -0.526855469, -0.849487305, -0.874294808, -0.422963401, 0.237601905, 0, 2, 1, 1, 
202.782023, 30, 0.1, 0.1, 0.0131096183, 0.362493014, -0.0349680767, 0.856408617, -1.36972562e-005, 0.516298634, 0.516298635, -3.90979377e-007, -0.856408617, 1.19323104e-005, 1, 6.73703657e-006, 0.856408835, -1.21063495e-005, 0.516298274, 0.516298274, 7.66343966e-006, -0.856408835, 6.41136398e-006, 1, 1.28135248e-005, 0, 0, 0, 0, 0, 0, 0, 0.106139771, 0.159818237, 0.142844189, -0.254341963, 0.514470734, 0.818807443, -0.533081055, -0.781005859, 0.325195312, 0.806924578, -0.353757191, 0.472947913, 0, 0, 0, 0, 0, 0, 0, 0.171823535, 0.16040376, 0.0767489746, -0.484630421, 0.736969614, -0.470897232, 0.0241699219, -0.526855469, -0.849487305, -0.874294808, -0.422963401, 0.237601905, 0, 2, 1, 1, 
202.78272, 30, 0.1, 0.1, 0.0131096165, 0.362493015, -0.0349696391, 0.856407526, 5.66510576e-006, 0.516300445, 0.516300445, 1.23621185e-005, -0.856407526, -1.12342065e-005, 1, 7.66211473e-006, 0.856407744, 1.16994673e-005, 0.516300083, 0.516300083, 3.06927621e-006, -0.856407744, -1.16041819e-005, 1, -3.41188402e-006, 0, 0, 0, 0, 0, 0, 0, 0.106139771, 0.159818237, 0.142844189, -0.254341963, 0.514470734, 0.818807443, -0.533081055, -0.781005859, 0.325195312, 0.806924578, -0.353757191, 0.472947913, 0, 0, 0, 0, 0, 0, 0, 0.171823535, 0.16040376, 0.0767489746, -0.484630421, 0.736969614, -0.470897232, 0.0241699219, -0.526855469, -0.849487305, -0.874294808, -0.422963401, 0.237601905, 0, 2, 1, 1, 
202.783492, 30, 0.1, 0.1, 0.0131096183, 0.362493015, -0.0349707124, 0.856406317, 2.66559271e-006, 0.516302451, 0.516302451, -1.29649251e-005, -0.856406316, 4.41099218e-006, 1, -1.24794958e-005, 0.856406559, -5.78005815e-006, 0.516302049, 0.516302048, -1.1611725e-005, -0.856406559, 1.09452371e-005, 1, -6.96010157e-006, 0, 0, 0, 0, 0, 0, 0, 0.106631665, 0.159033667, 0.141004663, -0.253459799, 0.516552581, 0.817741432, -0.533203125, -0.779907227, 0.327514648, 0.807032041, -0.353098187, 0.473240344, 0, 0, 0, 0, 0, 0, 0, 0.171823535, 0.16040376, 0.0767489746, -0.483595409, 0.735461756, -0.474232677, 0.0263671875, -0.529296875, -0.847900391, -0.874799737, -0.422630912, 0.236637622, 0, 2, 1, 1, 
202.78419, 30, 0.1, 0.1, 0.0131096163, 0.362493014, -0.0349707713, 0.856405222, -9.49582472e-006, 0.516304266, 0.516304266, 5.72061896e-006, -0.856405222, 5.1786939e-006, 1, 9.80190276e-006, 0.856405438, -6.47761935e-007, 0.516303908, 0.516303908, 1.15209989e-005, -0.856405438, -5.39358993e-006, 1, 1.02010882e-005, 0, 0, 0, 0, 0, 0, 0, 0.106631665, 0.159033667, 0.141004663, -0.253459799, 0.516552581, 0.817741432, -0.533203125, -0.779907227, 0.327514648, 0.807032041, -0.353098187, 0.473240344, 0, 0, 0, 0, 0, 0, 0, 0.172327881, 0.15964126, 0.0753917969, -0.483595409, 0.735461756, -0.474232677, 0.0263671875, -0.529296875, -0.847900391, -0.874799737, -0.422630912, 0.236637622, 0, 2, 1, 1, 
202.784894, 30, 0.1, 0.1, 0.0131096151, 0.362493015, -0.0349704411, 0.856404126, 1.30163725e-005, 0.516306085, 0.516306085, 2.57768945e-006, -0.856404126, -1.24781519e-005, 1, -4.51288845e-006, 0.856404338, 1.18508665e-005, 0.516305733, 0.516305733, -5.09166307e-006, -0.856404338, -7.52027866e-006, 1, -1.04791927e-005, 0, 0, 0, 0, 0, 0, 0, 0.106631665, 0.159033667, 0.141004663, -0.253459799, 0.516552581, 0.817741432, -0.533203125, -0.779907227, 0.327514648, 0.807032041, -0.353098187, 0.473240344, 0, 0, 0, 0, 0, 0, 0, 0.172327881, 0.15964126, 0.0753917969, -0.483595409, 0.735461756, -0.474232677, 0.0263671875, -0.529296875, -0.847900391, -0.874799737, -0.422630912, 0.236637622, 0, 2, 1, 1, 
202.785627, 30, 0.1, 0.1, 0.0131096162, 0.362493014, -0.0349696836, 0.856402987, -4.54840103e-006, 0.516307975, 0.516307975, -1.20575699e-005, -0.856402987, 1.01206837e-005, 1, -7.97776318e-006, 0.856403241, -1.17075756e-005, 0.516307553, 0.516307553, -1.48116255e-006, -0.856403241, 1.07911411e-005, 1, 4.77623731e-006, 0, 0, 0, 0, 0, 0, 0, 0.106631665, 0.159033667, 0.141004663, -0.253459799, 0.516552581, 0.817741432, -0.533203125, -0.779907227, 0.327514648, 0.807032041, -0.353098187, 0.473240344, 0, 0, 0, 0, 0, 0, 0, 0.172327881, 0.15964126, 0.0753917969, -0.483595409, 0.735461756, -0.474232677, 0.0263671875, -0.529296875, -0.847900391, -0.874799737, -0.422630912, 0.236637622, 0, 2, 1, 1, 
202.786331, 30, 0.1, 0.1, 0.0131096131, 0.362493014, -0.034968487, 0.856401885, -7.00395926e-007, 0.516309801, 0.516309801, 1.2467451e-005, -0.856401885, -5.83724674e-006, 1, 1.10387698e-005, 0.856402097, 7.61710658e-006, 0.51630945, 0.51630945, 1.09591052e-005, -0.856402097, -1.21815956e-005, 1, 5.45261653e-006, 0, 0, 0, 0, 0, 0, 0, 0.106631665, 0.159033667, 0.141004663, -0.253459799, 0.516552581, 0.817741432, -0.533203125, -0.779907227, 0.327514648, 0.807032041, -0.353098187, 0.473240344, 0, 0, 0, 0, 0, 0, 0, 0.172327881, 0.15964126, 0.0753917969, -0.483595409, 0.735461756, -0.474232677, 0.0263671875, -0.529296875, -0.847900391, -0.874799737, -0.422630912, 0.236637622, 0, 2, 1, 1, 
202.787188, 30, 0.1, 0.1, 0.0131096118, 0.362493016, -0.0349666907, 0.856400543, 2.0589851e-005, 0.516312028, 0.516312028, -3.70806602e-006, -0.856400543, -1.57186405e-005, 1, -1.38063775e-005, 0.856400875, 6.71858767e-006, 0.516311477, 0.516311477, -1.4434315e-005, -0.856400875, 1.69879813e-006, 1, -1.58304439e-005, 0, 0, 0, 0, 0, 0, 0, 0.106631665, 0.159033667, 0.141004663, -0.253459799, 0.516552581, 0.817741432, -0.533203125, -0.779907227, 0.327514648, 0.807032041, -0.353098187, 0.473240344, 0, 0, 0, 0, 0, 0, 0, 0.172327881, 0.15964126, 0.0753917969, -0.483595409, 0.735461756, -0.474232677, 0.0263671875, -0.529296875, -0.847900391, -0.874799737, -0.422630912, 0.236637622, 0, 2, 1, 1, 
202.787989, 30, 0.1, 0.1, 0.0131096104, 0.362493012, -0.0349636676, 0.856399242, -1.42799365e-005, 0.516314185, 0.516314185, -1.10907032e-006, -0.856399242, 1.28019556e-005, 1, 6.42312681e-006, 0.856399505, -1.14016075e-005, 0.516313749, 0.516313749, 1.0506461e-005, -0.856399505, 4.33970079e-006, 1, 1.48845347e-005, 0, 0, 0, 0, 0, 0, 0, 0.106631665, 0.159033667, 0.141004663, -0.253459799, 0.516552581, 0.817741432, -0.533203125, -0.779907227, 0.327514648, 0.807032041, -0.353098187, 0.473240344, 0, 0, 0, 0, 0, 0, 0, 0.172327881, 0.15964126, 0.0753917969, -0.483595409, 0.735461756, -0.474232677, 0.0263671875, -0.529296875, -0.847900391, -0.874799737, -0.422630912, 0.236637622, 0, 2, 1, 1, 
202.788727, 30, 0.1, 0.1, 0.0131096078, 0.362493015, -0.0349618711, 0.856397981, 6.14364473e-006, 0.516316278, 0.516316278, 1.02709856e-005, -0.856397981, -1.0564482e-005, 1, 5.62398755e-006, 0.856398222, 1.51282738e-005, 0.516315878, 0.516315878, -1.37467504e-006, -0.856398222, -1.22460602e-005, 1, -8.98823721e-006, 0, 0, 0, 0, 0, 0, 0, 0.106431323, 0.158645532, 0.139525562, -0.261678602, 0.517348622, 0.814641123, -0.531005859, -0.781982422, 0.326171875, 0.805861933, -0.347291855, 0.479416614, 0, 0, 0, 0, 0, 0, 0, 0.17285542, 0.158986768, 0.0742455078, -0.482183433, 0.732797117, -0.479843404, 0.0338134766, -0.531738281, -0.846069336, -0.875387789, -0.424138404, 0.231629173, 0, 2, 1, 1, 
202.789413, 30, 0.1, 0.1, 0.0131096114, 0.362493016, -0.0349626338, 0.856396801, -3.36617428e-006, 0.516318235, 0.516318235, -1.75558366e-005, -0.856396801, 1.19471794e-005, 1, -1.32967451e-005, 0.856397038, -1.25127367e-005, 0.516317842, 0.516317842, -1.60771201e-005, -0.856397038, 1.90167746e-005, 1, -7.30784881e-006, 0, 0, 0, 0, 0, 0, 0, 0.106431323, 0.158645532, 0.139525562, -0.261678602, 0.517348622, 0.814641123, -0.531005859, -0.781982422, 0.326171875, 0.805861933, -0.347291855, 0.479416614, 0, 0, 0, 0, 0, 0, 0, 0.17285542, 0.158986768, 0.0742455078, -0.482183433, 0.732797117, -0.479843404, 0.0338134766, -0.531738281, -0.846069336, -0.875387789, -0.424138404, 0.231629173, 0, 2, 1, 1, 
202.790106, 30, 0.1, 0.1, 0.0131096115, 0.362493015, -0.0349654759, 0.856395601, -1.71423805e-005, 0.516320224, 0.516320224, 7.0293107e-006, -0.856395601, 1.1051284e-005, 1, 1.48708285e-005, 0.85639584, -6.94947724e-006, 0.516319828, 0.516319828, 1.33575376e-005, -0.85639584, -9.45258117e-007, 1, 1.50274925e-005, 0, 0, 0, 0, 0, 0, 0, 0.106431323, 0.158645532, 0.139525562, -0.261678602, 0.517348622, 0.814641123, -0.531005859, -0.781982422, 0.326171875, 0.805861933, -0.347291855, 0.479416614, 0, 0, 0, 0, 0, 0, 0, 0.17285542, 0.158986768, 0.0742455078, -0.482183433, 0.732797117, -0.479843404, 0.0338134766, -0.531738281, -0.846069336, -0.875387789, -0.424138404, 0.231629173, 0, 2, 1, 1, 
202.790879, 30, 0.1, 0.1, 0.0131096119, 0.362493017, -0.0349692151, 0.856394256, 1.17416737e-005, 0.516322455, 0.516322455, 3.31698626e-006, -0.856394257, -1.17681364e-005, 1, -3.22184182e-006, 0.856394522, 9.62637485e-006, 0.516322015, 0.516322015, -5.51308406e-006, -0.856394522, -5.39744801e-006, 1, -9.69168424e-006, 0, 0, 0, 0, 0, 0, 0, 0.106550659, 0.157653101, 0.13825542, -0.267918151, 0.519615437, 0.8112364, -0.532226562, -0.781616211, 0.324951172, 0.803142422, -0.344684677, 0.486011874, 0, 0, 0, 0, 0, 0, 0, 0.17285542, 0.158986768, 0.0742455078, -0.479225318, 0.731193377, -0.48544137, 0.0402832031, -0.534057617, -0.844360352, -0.876672534, -0.424061478, 0.226499323, 0, 2, 1, 1, 
202.791569, 30, 0.1, 0.1, 0.013109613, 0.362493014, -0.0349720162, 0.856393067, -5.22112986e-006, 0.516324427, 0.516324427, -6.47398148e-006, -0.856393067, 7.81401419e-006, 1, -2.84847597e-006, 0.8563933, -1.08550543e-005, 0.516324041, 0.516324041, 1.83509343e-006, -0.8563933, 8.34869291e-006, 1, 7.17628721e-006, 0, 0, 0, 0, 0, 0, 0, 0.106550659, 0.157653101, 0.13825542, -0.267918151, 0.519615437, 0.8112364, -0.532226562, -0.781616211, 0.324951172, 0.803142422, -0.344684677, 0.486011874, 0, 0, 0, 0, 0, 0, 0, 0.173470605, 0.157989307, 0.073320752, -0.479225318, 0.731193377, -0.48544137, 0.0402832031, -0.534057617, -0.844360352, -0.876672534, -0.424061478, 0.226499323, 0, 2, 1, 1, 
202.792264, 30, 0.1, 0.1, 0.0131096105, 0.362493013, -0.0349739989, 0.856391899, 5.64048177e-007, 0.516326366, 0.516326366, 1.27165061e-005, -0.856391898, -7.04891368e-006, 1, 1.05990799e-005, 0.856392128, 7.098429e-006, 0.516325985, 0.516325985, 1.16080479e-005, -0.856392128, -1.20725755e-005, 1, 6.27593753e-006, 0, 0, 0, 0, 0, 0, 0, 0.106550659, 0.157653101, 0.13825542, -0.267918151, 0.519615437, 0.8112364, -0.532226562, -0.781616211, 0.324951172, 0.803142422, -0.344684677, 0.486011874, 0, 0, 0, 0, 0, 0, 0, 0.173470605, 0.157989307, 0.073320752, -0.479225318, 0.731193377, -0.48544137, 0.0402832031, -0.534057617, -0.844360352, -0.876672534, -0.424061478, 0.226499323, 0, 2, 1, 1, 
202.793014, 30, 0.1, 0.1, 0.0131096102, 0.362493014, -0.034974384, 0.856390685, 1.30300339e-005, 0.516328378, 0.516328378, -3.43994013e-006, -0.856390685, -9.38266098e-006, 1, -9.67370898e-006, 0.856390935, 4.65601744e-006, 0.516327964, 0.516327964, -8.99252933e-006, -0.856390935, 6.5572324e-007, 1, -1.01051526e-005, 0, 0, 0, 0, 0, 0, 0, 0.106550659, 0.157653101, 0.13825542, -0.267918151, 0.519615437, 0.8112364, -0.532226562, -0.781616211, 0.324951172, 0.803142422, -0.344684677, 0.486011874, 0, 0, 0, 0, 0, 0, 0, 0.173470605, 0.157989307, 0.073320752, -0.479225318, 0.731193377, -0.48544137, 0.0402832031, -0.534057617, -0.844360352, -0.876672534, -0.424061478, 0.226499323, 0, 2, 1, 1, 
202.793721, 30, 0.1, 0.1, 0.0131096093, 0.362493011, -0.0349727197, 0.856389533, -8.6161573e-006, 0.516330289, 0.516330289, -1.02363216e-006, -0.856389533, 7.90731922e-006, 1, 3.57215513e-006, 0.856389753, -7.27463434e-006, 0.516329924, 0.516329924, 6.41451394e-006, -0.856389753, 2.91791682e-006, 1, 9.2494354e-006, 0, 0, 0, 0, 0, 0, 0, 0.106550659, 0.157653101, 0.13825542, -0.267918151, 0.519615437, 0.8112364, -0.532226562, -0.781616211, 0.324951172, 0.803142422, -0.344684677, 0.486011874, 0, 0, 0, 0, 0, 0, 0, 0.173470605, 0.157989307, 0.073320752, -0.479225318, 0.731193377, -0.48544137, 0.0402832031, -0.534057617, -0.844360352, -0.876672534, -0.424061478, 0.226499323, 0, 2, 1, 1, 
202.794453, 30, 0.1, 0.1, 0.0131096066, 0.362493012, -0.0349700047, 0.856388373, 5.64384007e-006, 0.516332214, 0.516332214, 1.24853713e-005, -0.856388373, -1.12799184e-005, 1, 7.77823034e-006, 0.856388621, 1.32351372e-005, 0.516331802, 0.516331802, 2.72695954e-006, -0.856388621, -1.27424368e-005, 1, -4.49838509e-006, 0, 0, 0, 0, 0, 0, 0, 0.106550659, 0.157653101, 0.13825542, -0.267918151, 0.519615437, 0.8112364, -0.532226562, -0.781616211, 0.324951172, 0.803142422, -0.344684677, 0.486011874, 0, 0, 0, 0, 0, 0, 0, 0.173470605, 0.157989307, 0.073320752, -0.479225318, 0.731193377, -0.48544137, 0.0402832031, -0.534057617, -0.844360352, -0.876672534, -0.424061478, 0.226499323, 0, 2, 1, 1, 
202.795167, 30, 0.1, 0.1, 0.0131096089, 0.362493013, -0.0349670159, 0.856387237, 1.54312699e-006, 0.516334097, 0.516334097, -1.45120092e-005, -0.856387237, 6.17153092e-006, 1, -1.32246686e-005, 0.856387481, -7.76672238e-006, 0.516333693, 0.516333693, -1.27058679e-005, -0.856387481, 1.32117915e-005, 1, -6.8709258e-006, 0, 0, 0, 0, 0, 0, 0, 0.106550659, 0.157653101, 0.13825542, -0.267918151, 0.519615437, 0.8112364, -0.532226562, -0.781616211, 0.324951172, 0.803142422, -0.344684677, 0.486011874, 0, 0, 0, 0, 0, 0, 0, 0.173470605, 0.157989307, 0.073320752, -0.479225318, 0.731193377, -0.48544137, 0.0402832031, -0.534057617, -0.844360352, -0.876672534, -0.424061478, 0.226499323, 0, 2, 1, 1, 
202.795938, 30, 0.1, 0.1, 0.0131096068, 0.36249301, -0.034963774, 0.856385987, -1.39910348e-005, 0.51633617, 0.51633617, 8.64328508e-006, -0.856385987, 7.51888542e-006, 1, 1.46260655e-005, 0.856386212, -2.78105902e-006, 0.516335798, 0.516335798, 1.66159203e-005, -0.856386211, -6.19773389e-006, 1, 1.56656054e-005, 0, 0, 0, 0, 0, 0, 0, 0.106890088, 0.156732446, 0.135874194, -0.269980902, 0.523240695, 0.808140961, -0.531860352, -0.780639648, 0.327880859, 0.802603986, -0.341303919, 0.489097574, 0, 0, 0, 0, 0, 0, 0, 0.174019629, 0.156968652, 0.0716302246, -0.477423617, 0.729212672, -0.489971875, 0.0444335938, -0.536865234, -0.842407227, -0.877465109, -0.423901431, 0.224059264, 0, 2, 1, 1, 
202.796634, 30, 0.1, 0.1, 0.0131096066, 0.362493012, -0.0349626801, 0.856384837, 1.31876603e-005, 0.516338079, 0.516338079, 1.03693455e-006, -0.856384837, -1.18291211e-005, 1, -5.92127613e-006, 0.856385065, 1.17162644e-005, 0.516337699, 0.516337699, -8.19587045e-006, -0.856385065, -5.80179698e-006, 1, -1.30683701e-005, 0, 0, 0, 0, 0, 0, 0, 0.106890088, 0.156732446, 0.135874194, -0.269980902, 0.523240695, 0.808140961, -0.531860352, -0.780639648, 0.327880859, 0.802603986, -0.341303919, 0.489097574, 0, 0, 0, 0, 0, 0, 0, 0.174019629, 0.156968652, 0.0716302246, -0.477423617, 0.729212672, -0.489971875, 0.0444335938, -0.536865234, -0.842407227, -0.877465109, -0.423901431, 0.224059264, 0, 2, 1, 1, 
202.797326, 30, 0.1, 0.1, 0.0131096093, 0.362493011, -0.0349637254, 0.85638367, -1.04610304e-005, 0.516340013, 0.516340013, -1.4846279e-005, -0.85638367, 1.66243835e-005, 1, -7.31266234e-006, 0.856383904, -1.75920652e-005, 0.516339625, 0.516339625, -3.66909956e-006, -0.856383904, 1.6960063e-005, 1, 5.94132254e-006, 0, 0, 0, 0, 0, 0, 0, 0.106890088, 0.156732446, 0.135874194, -0.269980902, 0.523240695, 0.808140961, -0.531860352, -0.780639648, 0.327880859, 0.802603986, -0.341303919, 0.489097574, 0, 0, 0, 0, 0, 0, 0, 0.174019629, 0.156968652, 0.0716302246, -0.477423617, 0.729212672, -0.489971875, 0.0444335938, -0.536865234, -0.842407227, -0.877465109, -0.423901431, 0.224059264, 0, 2, 1, 1, 
202.798073, 30, 0.1, 0.1, 0.0131096071, 0.362493012, -0.0349661737, 0.856382394, -2.9825878e-006, 0.51634213, 0.51634213, 1.27629695e-005, -0.856382394, -4.03582316e-006, 1, 1.24700181e-005, 0.856382632, 5.67375167e-006, 0.516341735, 0.516341735, 1.1175028e-005, -0.856382632, -1.06290357e-005, 1, 6.64050511e-006, 0, 0, 0, 0, 0, 0, 0, 0.106890088, 0.156732446, 0.135874194, -0.269980902, 0.523240695, 0.808140961, -0.531860352, -0.780639648, 0.327880859, 0.802603986, -0.341303919, 0.489097574, 0, 0, 0, 0, 0, 0, 0, 0.174019629, 0.156968652, 0.0716302246, -0.477423617, 0.729212672, -0.489971875, 0.0444335938, -0.536865234, -0.842407227, -0.877465109, -0.423901431, 0.224059264, 0, 2, 1, 1, 
