time, trialNum, realDorsalTactorPos, realVentralTactorPos, boxPosX, boxPosY, boxPosZ, boxLocalRot_11, boxLocalRot_12, boxLocalRot_13, boxLocalRot_21, boxLocalRot_22, boxLocalRot_23, boxLocalRot_31, boxLocalRot_32, boxLocalRot_33, boxGlobalRot_11, boxGlobalRot_12, boxGlobalRot_13, boxGlobalRot_21, boxGlobalRot_22, boxGlobalRot_23, boxGlobalRot_31, boxGlobalRot_32, boxGlobalRot_33, indexForceX, indexForceY, indexForceZ, indexForceGlobalX, indexForceGlobalY, indexForceGlobalZ, indexContact, indexPosX, indexPosY, indexPosZ, indexRot_11, indexRot_12, indexRot_13, indexRot_21, indexRot_22, indexRot_23, indexRot_31, indexRot_32, indexRot_33, thumbForceX, thumbForceY, thumbForceZ, thumbForceGlobalX, thumbForceGlobalY, thumbForceGlobalZ, thumbContact, thumbPosX, thumbPosY, thumbPosZ, thumbRot_11, thumbRot_12, thumbRot_13, thumbRot_21, thumbRot_22, thumbRot_23, thumbRot_31, thumbRot_32, thumbRot_33, manipForceTooHigh, cceExpType, mapping, trialSuccess, 
471.096735, 26, 0.1, 0.1, -0.00888793523, 0.357478267, -0.0349792107, 0.92528857, 5.707278e-006, 0.379263842, 0.379263842, -1.39175597e-005, -0.92528857, -2.45194956e-009, 1, -1.50423231e-005, 0.92528866, -8.65861615e-006, 0.379263623, 0.379263623, -1.10105366e-005, -0.92528866, 1.21876154e-005, 1, -6.90402656e-006, 0, 0, 0, 0, 0, 0, 0, 0.301870703, -0.0556550537, -0.288674268, 0.314313694, 0.72441554, -0.613460208, -0.817138672, 0.535400391, 0.213500977, 0.483146022, 0.43413563, 0.760356871, 0, -0, 0, 0, 0, 0, 0, 0.375832617, -0.0797862305, -0.248843555, 0.430638747, 0.0419727147, -0.901449794, -0.204833984, -0.968139648, -0.143066406, -0.878745164, 0.246460134, -0.408476558, 0, 2, 5, 1, 
471.13621, 26, 0.1, 0.1, -0.00888793207, 0.357478275, -0.0349687688, 0.925283048, -1.21567624e-005, 0.379277314, 0.379277314, -8.85220792e-007, -0.925283048, 1.15841904e-005, 1, 3.79170441e-006, 0.925283036, -1.38922619e-005, 0.379277343, 0.379277343, 1.63239279e-006, -0.925283036, 1.22351447e-005, 1, 6.77944555e-006, 0, 0, 0, 0, 0, 0, 0, 0.302739795, -0.0584067383, -0.288578345, 0.322349772, 0.718753741, -0.61587867, -0.811523438, 0.544677734, 0.2109375, 0.487064094, 0.431942573, 0.759133223, 0, -0, 0, 0, 0, 0, 0, 0.376864648, -0.0821117676, -0.248099365, 0.435635536, 0.0446687029, -0.898888334, -0.200927734, -0.96862793, -0.145629883, -0.877238039, 0.244165897, -0.412994303, 0, 2, 5, 1, 
471.136908, 26, 0.1, 0.1, -0.00888793386, 0.357478274, -0.0349672848, 0.925283061, 1.82207852e-006, 0.379277283, 0.379277283, 9.82692372e-006, -0.925283061, -5.41306732e-006, 1, 8.40161306e-006, 0.925283065, 8.73361543e-006, 0.379277272, 0.379277272, 9.65047576e-006, -0.925283065, -1.17412726e-005, 1, 5.61695996e-006, 0, 0, 0, 0, 0, 0, 0, 0.302739795, -0.0584067383, -0.288578345, 0.322349772, 0.718753741, -0.61587867, -0.811523438, 0.544677734, 0.2109375, 0.487064094, 0.431942573, 0.759133223, 0, -0, 0, 0, 0, 0, 0, 0.376864648, -0.0821117676, -0.248099365, 0.435635536, 0.0446687029, -0.898888334, -0.200927734, -0.96862793, -0.145629883, -0.877238039, 0.244165897, -0.412994303, 0, 2, 5, 1, 
471.137612, 26, 0.1, 0.1, -0.00888793173, 0.357478275, -0.0349664358, 0.925282993, 4.88354741e-006, 0.379277449, 0.379277449, 7.48685923e-006, -0.925282993, -7.35826023e-006, 1, 5.07524411e-006, 0.925283009, -3.42657044e-006, 0.379277409, 0.379277409, -5.60071841e-006, -0.925283009, 5.29477338e-006, 1, -3.88262882e-006, 0, 0, 0, 0, 0, 0, 0, 0.302739795, -0.0584067383, -0.288578345, 0.322349772, 0.718753741, -0.61587867, -0.811523438, 0.544677734, 0.2109375, 0.487064094, 0.431942573, 0.759133223, 0, -0, 0, 0, 0, 0, 0, 0.376864648, -0.0821117676, -0.248099365, 0.435635536, 0.0446687029, -0.898888334, -0.200927734, -0.96862793, -0.145629883, -0.877238039, 0.244165897, -0.412994303, 0, 2, 5, 1, 
471.138304, 26, 0.1, 0.1, -0.00888793271, 0.357478275, -0.0349666279, 0.925282944, -8.72916057e-006, 0.379277569, 0.379277569, -6.76301653e-006, -0.925282944, 1.06420039e-005, 1, -2.94692905e-006, 0.925282946, -2.17566475e-006, 0.379277562, 0.379277562, -7.76865224e-006, -0.925282946, 4.95958097e-006, 1, -6.36302061e-006, 0, 0, 0, 0, 0, 0, 0, 0.302739795, -0.0584067383, -0.288578345, 0.322349772, 0.718753741, -0.61587867, -0.811523438, 0.544677734, 0.2109375, 0.487064094, 0.431942573, 0.759133223, 0, -0, 0, 0, 0, 0, 0, 0.376864648, -0.0821117676, -0.248099365, 0.435635536, 0.0446687029, -0.898888334, -0.200927734, -0.96862793, -0.145629883, -0.877238039, 0.244165897, -0.412994303, 0, 2, 5, 1, 
471.138993, 26, 0.1, 0.1, -0.00888793338, 0.357478274, -0.0349677672, 0.92528298, 1.38328119e-005, 0.37927748, 0.37927748, -3.03929658e-008, -0.92528298, -1.27877381e-005, 1, -5.27459613e-006, 0.925282967, 1.33712999e-005, 0.379277511, 0.379277511, 2.7205383e-006, -0.925282967, -1.3404075e-005, 1, -2.55416559e-006, 0, 0, 0, 0, 0, 0, 0, 0.302739795, -0.0584067383, -0.288578345, 0.322349772, 0.718753741, -0.61587867, -0.811523438, 0.544677734, 0.2109375, 0.487064094, 0.431942573, 0.759133223, 0, -0, 0, 0, 0, 0, 0, 0.376864648, -0.0821117676, -0.248099365, 0.435635536, 0.0446687029, -0.898888334, -0.200927734, -0.96862793, -0.145629883, -0.877238039, 0.244165897, -0.412994303, 0, 2, 5, 1, 
471.139683, 26, 0.1, 0.1, -0.00888793101, 0.357478273, -0.0349694619, 0.925283045, -4.31433458e-006, 0.379277322, 0.379277322, -4.71812456e-006, -0.925283045, 5.78145829e-006, 1, -2.72927139e-006, 0.925283034, -1.25670833e-005, 0.379277348, 0.379277348, 7.21519517e-007, -0.925283034, 1.1354453e-005, 1, 5.43401981e-006, 0, 0, 0, 0, 0, 0, 0, 0.302739795, -0.0584067383, -0.288578345, 0.322349772, 0.718753741, -0.61587867, -0.811523438, 0.544677734, 0.2109375, 0.487064094, 0.431942573, 0.759133223, 0, -0, 0, 0, 0, 0, 0, 0.376864648, -0.0821117676, -0.248099365, 0.435635536, 0.0446687029, -0.898888334, -0.200927734, -0.96862793, -0.145629883, -0.877238039, 0.244165897, -0.412994303, 0, 2, 5, 1, 
471.140373, 26, 0.1, 0.1, -0.00888793186, 0.357478272, -0.0349711785, 0.925283043, -8.09608743e-006, 0.379277327, 0.379277327, 1.88705123e-006, -0.925283043, 6.77545666e-006, 1, 4.8167189e-006, 0.925283049, 4.09835135e-007, 0.379277312, 0.379277312, 8.52644201e-006, -0.925283049, -3.61309951e-006, 1, 7.73393109e-006, 0, 0, 0, 0, 0, 0, 0, 0.302739795, -0.0584067383, -0.288578345, 0.322349772, 0.718753741, -0.61587867, -0.811523438, 0.544677734, 0.2109375, 0.487064094, 0.431942573, 0.759133223, 0, -0, 0, 0, 0, 0, 0, 0.376864648, -0.0821117676, -0.248099365, 0.435635536, 0.0446687029, -0.898888334, -0.200927734, -0.96862793, -0.145629883, -0.877238039, 0.244165897, -0.412994303, 0, 2, 5, 1, 
471.141089, 26, 0.1, 0.1, -0.00888793069, 0.357478273, -0.0349721884, 0.92528298, 6.70494379e-006, 0.37927748, 0.37927748, 9.35646569e-006, -0.92528298, -9.75266709e-006, 1, 6.11434428e-006, 0.925282992, 2.99765257e-006, 0.379277451, 0.379277451, 5.53955235e-006, -0.925282992, -4.87470423e-006, 1, 3.98871154e-006, 0, 0, 0, 0, 0, 0, 0, 0.302797412, -0.058916333, -0.288403198, 0.32347307, 0.717484787, -0.616799026, -0.811157227, 0.545898437, 0.209594727, 0.487133365, 0.432514331, 0.758784625, 0, -0, 0, 0, 0, 0, 0, 0.377152832, -0.0823894531, -0.247873193, 0.436434307, 0.0436081714, -0.898543452, -0.201904297, -0.968505859, -0.145141602, -0.876663114, 0.24491363, -0.413939996, 0, 2, 5, 1, 
471.14178, 26, 0.1, 0.1, -0.00888792982, 0.357478274, -0.0349723343, 0.925282953, -1.07862511e-005, 0.379277546, 0.379277546, -1.81055536e-007, -0.925282953, 1.00490046e-005, 1, 3.92345525e-006, 0.925282952, -8.46116182e-006, 0.379277547, 0.379277547, -7.18247512e-006, -0.925282952, 1.05531203e-005, 1, -3.43669308e-006, 0, 0, 0, 0, 0, 0, 0, 0.302797412, -0.058916333, -0.288403198, 0.32347307, 0.717484787, -0.616799026, -0.811157227, 0.545898437, 0.209594727, 0.487133365, 0.432514331, 0.758784625, 0, -0, 0, 0, 0, 0, 0, 0.377152832, -0.0823894531, -0.247873193, 0.436434307, 0.0436081714, -0.898543452, -0.201904297, -0.968505859, -0.145141602, -0.876663114, 0.24491363, -0.413939996, 0, 2, 5, 1, 
471.142472, 26, 0.1, 0.1, -0.00888793131, 0.357478274, -0.0349717318, 0.925282996, 5.13444748e-006, 0.37927744, 0.37927744, -2.09678711e-006, -0.925282996, -3.9555529e-006, 1, -3.88750156e-006, 0.925282984, 1.14389615e-005, 0.37927747, 0.37927747, -2.37144912e-006, -0.925282984, -9.6848392e-006, 1, -6.53280189e-006, 0, 0, 0, 0, 0, 0, 0, 0.302797412, -0.058916333, -0.288403198, 0.32347307, 0.717484787, -0.616799026, -0.811157227, 0.545898437, 0.209594727, 0.487133365, 0.432514331, 0.758784625, 0, -0, 0, 0, 0, 0, 0, 0.377152832, -0.0823894531, -0.247873193, 0.436434307, 0.0436081714, -0.898543452, -0.201904297, -0.968505859, -0.145141602, -0.876663114, 0.24491363, -0.413939996, 0, 2, 5, 1, 
471.14319, 26, 0.1, 0.1, -0.00888792924, 0.357478274, -0.0349704434, 0.925283046, 8.90492876e-006, 0.379277318, 0.379277318, -4.32323482e-006, -0.925283047, -6.59987471e-006, 1, -7.37765338e-006, 0.925283042, -2.83602694e-006, 0.379277328, 0.379277328, -6.58706556e-006, -0.925283042, 5.12245226e-006, 1, -5.01925934e-006, 0, 0, 0, 0, 0, 0, 0, 0.303050562, -0.0591504395, -0.288169824, 0.324100995, 0.717262748, -0.616621171, -0.811279297, 0.546020508, 0.208740234, 0.486415951, 0.432673091, 0.759127231, 0, -0, 0, 0, 0, 0, 0, 0.377152832, -0.0823894531, -0.247873193, 0.437865607, 0.0446687029, -0.897796086, -0.200683594, -0.96862793, -0.146118164, -0.876267192, 0.244165897, -0.415211615, 0, 2, 5, 1, 
471.143886, 26, 0.1, 0.1, -0.00888792952, 0.357478274, -0.034968842, 0.925283018, -8.90843928e-006, 0.379277387, 0.379277386, -8.35309051e-006, -0.925283018, 1.14109659e-005, 1, -4.35020323e-006, 0.925283031, -7.26759843e-006, 0.379277355, 0.379277355, 1.27809062e-006, -0.925283031, 6.23983468e-006, 1, 3.93903107e-006, 0, 0, 0, 0, 0, 0, 0, 0.303050562, -0.0591504395, -0.288169824, 0.324100995, 0.717262748, -0.616621171, -0.811279297, 0.546020508, 0.208740234, 0.486415951, 0.432673091, 0.759127231, 0, -0, 0, 0, 0, 0, 0, 0.377479102, -0.0823350098, -0.247627246, 0.437865607, 0.0446687029, -0.897796086, -0.200683594, -0.96862793, -0.146118164, -0.876267192, 0.244165897, -0.415211615, 0, 2, 5, 1, 
471.144576, 26, 0.1, 0.1, -0.0088879303, 0.357478273, -0.0349676353, 0.925282947, 1.00167079e-005, 0.379277561, 0.379277561, 8.97086817e-006, -0.925282947, -1.2670738e-005, 1, 4.50147879e-006, 0.92528296, 9.35634326e-006, 0.379277529, 0.379277529, 1.19039834e-005, -0.92528296, -1.31721784e-005, 1, 7.46590221e-006, 0, 0, 0, 0, 0, 0, 0, 0.303050562, -0.0591504395, -0.288169824, 0.324100995, 0.717262748, -0.616621171, -0.811279297, 0.546020508, 0.208740234, 0.486415951, 0.432673091, 0.759127231, 0, -0, 0, 0, 0, 0, 0, 0.377479102, -0.0823350098, -0.247627246, 0.437865607, 0.0446687029, -0.897796086, -0.200683594, -0.96862793, -0.146118164, -0.876267192, 0.244165897, -0.415211615, 0, 2, 5, 1, 
471.145268, 26, 0.1, 0.1, -0.00888792832, 0.357478274, -0.0349671239, 0.925282931, -7.83980243e-006, 0.379277601, 0.379277601, 6.24421448e-006, -0.925282931, 4.88574468e-006, 1, 8.75112652e-006, 0.925282927, -1.25808056e-005, 0.37927761, 0.37927761, 1.1759283e-006, -0.925282927, 1.11948014e-005, 1, 5.85968428e-006, 0, 0, 0, 0, 0, 0, 0, 0.303050562, -0.0591504395, -0.288169824, 0.324100995, 0.717262748, -0.616621171, -0.811279297, 0.546020508, 0.208740234, 0.486415951, 0.432673091, 0.759127231, 0, -0, 0, 0, 0, 0, 0, 0.377479102, -0.0823350098, -0.247627246, 0.437865607, 0.0446687029, -0.897796086, -0.200683594, -0.96862793, -0.146118164, -0.876267192, 0.244165897, -0.415211615, 0, 2, 5, 1, 
471.145961, 26, 0.1, 0.1, -0.00888793008, 0.357478273, -0.0349674211, 0.925282993, -8.42537543e-006, 0.379277449, 0.379277449, 2.75351243e-006, -0.925282993, 6.75151142e-006, 1, 5.74333312e-006, 0.925282978, 5.93469598e-006, 0.379277485, 0.379277485, -6.19601399e-007, -0.925282978, -5.25627231e-006, 1, -2.8242032e-006, 0, 0, 0, 0, 0, 0, 0, 0.303050562, -0.0591504395, -0.288169824, 0.324100995, 0.717262748, -0.616621171, -0.811279297, 0.546020508, 0.208740234, 0.486415951, 0.432673091, 0.759127231, 0, -0, 0, 0, 0, 0, 0, 0.377479102, -0.0823350098, -0.247627246, 0.437865607, 0.0446687029, -0.897796086, -0.200683594, -0.96862793, -0.146118164, -0.876267192, 0.244165897, -0.415211615, 0, 2, 5, 1, 
471.146651, 26, 0.1, 0.1, -0.00888792866, 0.357478273, -0.0349684171, 0.925283038, 1.02604765e-005, 0.379277339, 0.379277339, 2.27464127e-006, -0.925283038, -1.03565648e-005, 1, -1.78687925e-006, 0.925283035, 6.42699792e-006, 0.379277345, 0.379277345, -2.76539792e-006, -0.925283035, -4.89793937e-006, 1, -4.99639049e-006, 0, 0, 0, 0, 0, 0, 0, 0.303050562, -0.0591504395, -0.288169824, 0.324100995, 0.717262748, -0.616621171, -0.811279297, 0.546020508, 0.208740234, 0.486415951, 0.432673091, 0.759127231, 0, -0, 0, 0, 0, 0, 0, 0.377479102, -0.0823350098, -0.247627246, 0.437865607, 0.0446687029, -0.897796086, -0.200683594, -0.96862793, -0.146118164, -0.876267192, 0.244165897, -0.415211615, 0, 2, 5, 1, 
471.147342, 26, 0.1, 0.1, -0.00888792693, 0.357478273, -0.0349697698, 0.925283002, -9.15391534e-006, 0.379277426, 0.379277426, -8.31452215e-006, -0.925283002, 1.16234728e-005, 1, -4.22141257e-006, 0.925283014, -1.06760478e-005, 0.379277396, 0.379277396, -6.14010873e-006, -0.925283014, 1.22071701e-005, 1, -1.6321547e-006, 0, 0, 0, 0, 0, 0, 0, 0.303050562, -0.0591504395, -0.288169824, 0.324100995, 0.717262748, -0.616621171, -0.811279297, 0.546020508, 0.208740234, 0.486415951, 0.432673091, 0.759127231, 0, -0, 0, 0, 0, 0, 0, 0.377479102, -0.0823350098, -0.247627246, 0.437865607, 0.0446687029, -0.897796086, -0.200683594, -0.96862793, -0.146118164, -0.876267192, 0.244165897, -0.415211615, 0, 2, 5, 1, 
471.148072, 26, 0.1, 0.1, -0.00888792829, 0.357478271, -0.0349708746, 0.925282937, 6.39737601e-006, 0.379277586, 0.379277586, -3.97516751e-007, -0.925282937, -5.76861367e-006, 1, -2.7941968e-006, 0.925282948, 8.64584814e-006, 0.379277559, 0.379277559, 9.76853201e-006, -0.925282948, -1.17048408e-005, 1, 5.75947991e-006, 0, 0, 0, 0, 0, 0, 0, 0.303499854, -0.0591307861, -0.287921558, 0.324208458, 0.717643547, -0.616163988, -0.811767578, 0.545532227, 0.208129883, 0.485533787, 0.43273637, 0.75967278, 0, -0, 0, 0, 0, 0, 0, 0.377479102, -0.0823350098, -0.247627246, 0.43879854, 0.0447069824, -0.897317043, -0.200073242, -0.96875, -0.146118164, -0.875800909, 0.243801692, -0.41626595, 0, 2, 5, 1, 
471.148761, 26, 0.1, 0.1, -0.00888792665, 0.357478271, -0.0349713208, 0.92528294, 4.98354944e-006, 0.379277578, 0.379277578, 6.61450535e-006, -0.92528294, -7.11992685e-006, 1, 4.23014039e-006, 0.925282934, -5.79150888e-006, 0.379277593, 0.379277593, 5.44235012e-006, -0.925282934, 3.29462288e-006, 1, 7.23230323e-006, 0, 0, 0, 0, 0, 0, 0, 0.303499854, -0.0591307861, -0.287921558, 0.324208458, 0.717643547, -0.616163988, -0.811767578, 0.545532227, 0.208129883, 0.485533787, 0.43273637, 0.75967278, 0, -0, 0, 0, 0, 0, 0, 0.377550635, -0.0825633789, -0.24717124, 0.43879854, 0.0447069824, -0.897317043, -0.200073242, -0.96875, -0.146118164, -0.875800909, 0.243801692, -0.41626595, 0, 2, 5, 1, 
471.149451, 26, 0.1, 0.1, -0.00888792747, 0.357478271, -0.0349713116, 0.925283, -1.15761762e-005, 0.37927743, 0.37927743, 1.60733505e-006, -0.925283, 1.01016131e-005, 1, 5.87782215e-006, 0.925282988, -5.99934674e-006, 0.379277459, 0.379277459, 1.51923878e-006, -0.925282988, 4.97488045e-006, 1, 3.68114279e-006, 0, 0, 0, 0, 0, 0, 0, 0.303499854, -0.0591307861, -0.287921558, 0.324208458, 0.717643547, -0.616163988, -0.811767578, 0.545532227, 0.208129883, 0.485533787, 0.43273637, 0.75967278, 0, -0, 0, 0, 0, 0, 0, 0.377550635, -0.0825633789, -0.24717124, 0.43879854, 0.0447069824, -0.897317043, -0.200073242, -0.96875, -0.146118164, -0.875800909, 0.243801692, -0.41626595, 0, 2, 5, 1, 
471.150173, 26, 0.1, 0.1, -0.00888792865, 0.357478272, -0.034970558, 0.925283028, 8.95880231e-006, 0.379277363, 0.379277363, 6.97853355e-006, -0.925283028, -1.09362275e-005, 1, 3.05924773e-006, 0.925283029, 1.28377478e-005, 0.37927736, 0.37927736, -2.50943694e-007, -0.925283029, -1.17833729e-005, 1, -5.10126105e-006, 0, 0, 0, 0, 0, 0, 0, 0.303499854, -0.0591307861, -0.287921558, 0.324208458, 0.717643547, -0.616163988, -0.811767578, 0.545532227, 0.208129883, 0.485533787, 0.43273637, 0.75967278, 0, -0, 0, 0, 0, 0, 0, 0.377550635, -0.0825633789, -0.24717124, 0.43879854, 0.0447069824, -0.897317043, -0.200073242, -0.96875, -0.146118164, -0.875800909, 0.243801692, -0.41626595, 0, 2, 5, 1, 
471.150866, 26, 0.1, 0.1, -0.00888792679, 0.357478273, -0.0349695808, 0.925282978, -3.06435073e-006, 0.379277486, 0.379277486, -5.79711054e-006, -0.925282978, 5.03410508e-006, 1, -4.20172846e-006, 0.925282991, -7.47767954e-006, 0.379277453, 0.379277453, -1.09186962e-005, -0.925282991, 1.1060185e-005, 1, -7.26676864e-006, 0, 0, 0, 0, 0, 0, 0, 0.303499854, -0.0591307861, -0.287921558, 0.324208458, 0.717643547, -0.616163988, -0.811767578, 0.545532227, 0.208129883, 0.485533787, 0.43273637, 0.75967278, 0, -0, 0, 0, 0, 0, 0, 0.377550635, -0.0825633789, -0.24717124, 0.43879854, 0.0447069824, -0.897317043, -0.200073242, -0.96875, -0.146118164, -0.875800909, 0.243801692, -0.41626595, 0, 2, 5, 1, 
471.151558, 26, 0.1, 0.1, -0.00888792823, 0.357478272, -0.0349687047, 0.925282922, -3.65046258e-006, 0.379277622, 0.379277622, -8.02822466e-006, -0.925282922, 6.42263664e-006, 1, -6.0438404e-006, 0.925282927, 6.09447898e-006, 0.379277609, 0.379277609, -1.61496957e-006, -0.925282927, -5.02659555e-006, 1, -3.80580319e-006, 0, 0, 0, 0, 0, 0, 0, 0.303499854, -0.0591307861, -0.287921558, 0.324208458, 0.717643547, -0.616163988, -0.811767578, 0.545532227, 0.208129883, 0.485533787, 0.43273637, 0.75967278, 0, -0, 0, 0, 0, 0, 0, 0.377550635, -0.0825633789, -0.24717124, 0.43879854, 0.0447069824, -0.897317043, -0.200073242, -0.96875, -0.146118164, -0.875800909, 0.243801692, -0.41626595, 0, 2, 5, 1, 
471.152265, 26, 0.1, 0.1, -0.00888792673, 0.357478272, -0.0349680043, 0.925282945, 1.16483931e-005, 0.379277564, 0.379277564, 1.6345771e-006, -0.925282946, -1.13980179e-005, 1, -2.90552785e-006, 0.925282933, 3.42287021e-006, 0.379277595, 0.379277595, 7.55878237e-006, -0.925282933, -6.03400019e-006, 1, 5.69579434e-006, 0, 0, 0, 0, 0, 0, 0, 0.303499854, -0.0591307861, -0.287921558, 0.324208458, 0.717643547, -0.616163988, -0.811767578, 0.545532227, 0.208129883, 0.485533787, 0.43273637, 0.75967278, 0, -0, 0, 0, 0, 0, 0, 0.377550635, -0.0825633789, -0.24717124, 0.43879854, 0.0447069824, -0.897317043, -0.200073242, -0.96875, -0.146118164, -0.875800909, 0.243801692, -0.41626595, 0, 2, 5, 1, 
471.152984, 26, 0.1, 0.1, -0.00888792457, 0.357478272, -0.0349677292, 0.925283018, -1.53814415e-005, 0.379277387, 0.379277387, 4.10062374e-007, -0.925283018, 1.40766593e-005, 1, 6.21325671e-006, 0.925283005, -1.7154235e-005, 0.379277418, 0.379277418, 3.07855309e-006, -0.925283006, 1.47048964e-005, 1, 9.3547468e-006, 0, 0, 0, 0, 0, 0, 0, 0.303478857, -0.0588783691, -0.288122461, 0.323808563, 0.718227288, -0.615744998, -0.812011719, 0.544921875, 0.208618164, 0.485349941, 0.432520323, 0.759977195, 0, -0, 0, 0, 0, 0, 0, 0.377723828, -0.0825707031, -0.24762749, 0.438255331, 0.0451284231, -0.897610885, -0.198486328, -0.969116211, -0.145751953, -0.876471716, 0.242127589, -0.415805863, 0, 2, 5, 1, 
471.153678, 26, 0.1, 0.1, -0.00888792565, 0.357478271, -0.0349678903, 0.925283033, 4.54685118e-007, 0.379277352, 0.379277352, 1.02525048e-005, -0.925283033, -4.30925528e-006, 1, 9.31401693e-006, 0.925283037, 7.03085885e-006, 0.379277341, 0.379277341, 1.00603459e-005, -0.925283037, -1.03211957e-005, 1, 6.64202197e-006, 0, 0, 0, 0, 0, 0, 0, 0.303478857, -0.0588783691, -0.288122461, 0.323808563, 0.718227288, -0.615744998, -0.812011719, 0.544921875, 0.208618164, 0.485349941, 0.432520323, 0.759977195, 0, -0, 0, 0, 0, 0, 0, 0.377723828, -0.0825707031, -0.24762749, 0.438255331, 0.0451284231, -0.897610885, -0.198486328, -0.969116211, -0.145751953, -0.876471716, 0.242127589, -0.415805863, 0, 2, 5, 1, 
471.15437, 26, 0.1, 0.1, -0.00888792363, 0.357478272, -0.0349685784, 0.925282971, 4.48762485e-006, 0.379277502, 0.379277502, 7.6927861e-006, -0.925282971, -7.07002355e-006, 1, 5.41594884e-006, 0.925282986, -3.40426732e-006, 0.379277465, 0.379277465, -4.36087585e-006, -0.925282986, 4.80389257e-006, 1, -2.74388235e-006, 0, 0, 0, 0, 0, 0, 0, 0.303478857, -0.0588783691, -0.288122461, 0.323808563, 0.718227288, -0.615744998, -0.812011719, 0.544921875, 0.208618164, 0.485349941, 0.432520323, 0.759977195, 0, -0, 0, 0, 0, 0, 0, 0.377723828, -0.0825707031, -0.24762749, 0.438255331, 0.0451284231, -0.897610885, -0.198486328, -0.969116211, -0.145751953, -0.876471716, 0.242127589, -0.415805863, 0, 2, 5, 1, 
471.155058, 26, 0.1, 0.1, -0.00888792478, 0.357478271, -0.0349695969, 0.925282926, -7.02989679e-006, 0.379277611, 0.379277611, -5.69405479e-006, -0.925282926, 8.66427097e-006, 1, -2.60232922e-006, 0.925282929, -1.22265113e-006, 0.379277605, 0.379277605, -6.47121384e-006, -0.925282929, 3.58568471e-006, 1, -5.52397951e-006, 0, 0, 0, 0, 0, 0, 0, 0.303478857, -0.0588783691, -0.288122461, 0.323808563, 0.718227288, -0.615744998, -0.812011719, 0.544921875, 0.208618164, 0.485349941, 0.432520323, 0.759977195, 0, -0, 0, 0, 0, 0, 0, 0.377723828, -0.0825707031, -0.24762749, 0.438255331, 0.0451284231, -0.897610885, -0.198486328, -0.969116211, -0.145751953, -0.876471716, 0.242127589, -0.415805863, 0, 2, 5, 1, 
471.155762, 26, 0.1, 0.1, -0.00888792606, 0.35747827, -0.0349705686, 0.92528296, 1.46041553e-005, 0.379277528, 0.379277528, -1.17338852e-007, -0.92528296, -1.34684721e-005, 1, -5.64759957e-006, 0.925282948, 1.42874343e-005, 0.379277557, 0.379277557, 2.51425556e-006, -0.925282948, -1.417352e-005, 1, -3.09250537e-006, 0, 0, 0, 0, 0, 0, 0, 0.303478857, -0.0588783691, -0.288122461, 0.323808563, 0.718227288, -0.615744998, -0.812011719, 0.544921875, 0.208618164, 0.485349941, 0.432520323, 0.759977195, 0, -0, 0, 0, 0, 0, 0, 0.377935352, -0.0828757324, -0.247862451, 0.438159449, 0.0442720487, -0.897706767, -0.197753906, -0.969482422, -0.14440918, -0.876727279, 0.240932896, -0.416061426, 0, 2, 5, 1, 
471.15645, 26, 0.1, 0.1, -0.0088879245, 0.35747827, -0.0349711977, 0.92528302, -2.33808459e-006, 0.379277382, 0.379277382, -5.19072043e-006, -0.92528302, 4.13211283e-006, 1, -3.91610287e-006, 0.925283011, -9.93698511e-006, 0.379277405, 0.379277405, -2.26150673e-008, -0.925283011, 9.20310088e-006, 1, 3.74794859e-006, 0, 0, 0, 0, 0, 0, 0, 0.303478857, -0.0588783691, -0.288122461, 0.323808563, 0.718227288, -0.615744998, -0.812011719, 0.544921875, 0.208618164, 0.485349941, 0.432520323, 0.759977195, 0, -0, 0, 0, 0, 0, 0, 0.377935352, -0.0828757324, -0.247862451, 0.438159449, 0.0442720487, -0.897706767, -0.197753906, -0.969482422, -0.14440918, -0.876727279, 0.240932896, -0.416061426, 0, 2, 5, 1, 
471.157142, 26, 0.1, 0.1, -0.00888792578, 0.357478269, -0.0349714021, 0.925283016, -7.40150158e-006, 0.379277392, 0.379277392, 5.66996583e-007, -0.925283016, 6.63343472e-006, 1, 3.33185453e-006, 0.925283022, 1.30849654e-006, 0.379277377, 0.379277377, 7.30686038e-006, -0.925283022, -3.98205647e-006, 1, 6.26463072e-006, 0, 0, 0, 0, 0, 0, 0, 0.303478857, -0.0588783691, -0.288122461, 0.323808563, 0.718227288, -0.615744998, -0.812011719, 0.544921875, 0.208618164, 0.485349941, 0.432520323, 0.759977195, 0, -0, 0, 0, 0, 0, 0, 0.377935352, -0.0828757324, -0.247862451, 0.438159449, 0.0442720487, -0.897706767, -0.197753906, -0.969482422, -0.14440918, -0.876727279, 0.240932896, -0.416061426, 0, 2, 5, 1, 
471.157847, 26, 0.1, 0.1, -0.00888792492, 0.35747827, -0.0349710597, 0.925282953, 7.38825237e-006, 0.379277546, 0.379277546, 9.59262286e-006, -0.925282953, -1.04744904e-005, 1, 6.07369218e-006, 0.925282965, 3.69473164e-006, 0.379277516, 0.379277516, 5.63835669e-006, -0.925282965, -5.55717417e-006, 1, 3.81574675e-006, 0, 0, 0, 0, 0, 0, 0, 0.30370686, -0.0588865479, -0.288360596, 0.323910035, 0.718043441, -0.616024325, -0.812133789, 0.545043945, 0.208251953, 0.485210277, 0.432920217, 0.759774252, 0, -0, 0, 0, 0, 0, 0, 0.377935352, -0.0828757324, -0.247862451, 0.438159449, 0.0442720487, -0.897706767, -0.197753906, -0.969482422, -0.14440918, -0.876727279, 0.240932896, -0.416061426, 0, 2, 5, 1, 
471.158532, 26, 0.1, 0.1, -0.00888792402, 0.357478271, -0.0349703323, 0.925282925, -1.18028609e-005, 0.379277613, 0.379277613, -1.01050626e-007, -0.925282926, 1.09593119e-005, 1, 4.38306049e-006, 0.925282925, -9.26533233e-006, 0.379277615, 0.379277615, -7.71404309e-006, -0.925282925, 1.14988177e-005, 1, -3.6235392e-006, 0, 0, 0, 0, 0, 0, 0, 0.30370686, -0.0588865479, -0.288360596, 0.323910035, 0.718043441, -0.616024325, -0.812133789, 0.545043945, 0.208251953, 0.485210277, 0.432920217, 0.759774252, 0, -0, 0, 0, 0, 0, 0, 0.377935352, -0.0828757324, -0.247862451, 0.438159449, 0.0442720487, -0.897706767, -0.197753906, -0.969482422, -0.14440918, -0.876727279, 0.240932896, -0.416061426, 0, 2, 5, 1, 
471.159226, 26, 0.1, 0.1, -0.00888792556, 0.357478271, -0.0349695116, 0.925282974, 5.01342727e-006, 0.379277495, 0.379277495, -1.51269945e-006, -0.925282974, -4.06510604e-006, 1, -3.30115518e-006, 0.92528296, 1.18792511e-005, 0.379277528, 0.379277528, -1.893106e-006, -0.92528296, -1.02736561e-005, 1, -6.25719173e-006, 0, 0, 0, 0, 0, 0, 0, 0.30370686, -0.0588865479, -0.288360596, 0.323910035, 0.718043441, -0.616024325, -0.812133789, 0.545043945, 0.208251953, 0.485210277, 0.432920217, 0.759774252, 0, -0, 0, 0, 0, 0, 0, 0.377935352, -0.0828757324, -0.247862451, 0.438159449, 0.0442720487, -0.897706767, -0.197753906, -0.969482422, -0.14440918, -0.876727279, 0.240932896, -0.416061426, 0, 2, 5, 1, 
471.159916, 26, 0.1, 0.1, -0.00888792299, 0.357478271, -0.0349688515, 0.925283028, 6.77701159e-006, 0.379277363, 0.379277363, -3.32529816e-006, -0.925283028, -5.00944349e-006, 1, -5.64720904e-006, 0.925283023, -4.60106111e-006, 0.379277375, 0.379277375, -5.49554837e-006, -0.925283023, 6.3416209e-006, 1, -3.33985922e-006, 0, 0, 0, 0, 0, 0, 0, 0.30370686, -0.0588865479, -0.288360596, 0.323910035, 0.718043441, -0.616024325, -0.812133789, 0.545043945, 0.208251953, 0.485210277, 0.432920217, 0.759774252, 0, -0, 0, 0, 0, 0, 0, 0.377935352, -0.0828757324, -0.247862451, 0.438159449, 0.0442720487, -0.897706767, -0.197753906, -0.969482422, -0.14440918, -0.876727279, 0.240932896, -0.416061426, 0, 2, 5, 1, 
471.16063, 26, 0.1, 0.1, -0.00888792286, 0.35747827, -0.0349682294, 0.925283002, -1.05444617e-005, 0.379277426, 0.379277426, -6.09881625e-006, -0.925283002, 1.20697545e-005, 1, -1.64385471e-006, 0.925283015, -9.01107212e-006, 0.379277395, 0.379277395, 3.65008185e-006, -0.925283015, 6.95339844e-006, 1, 6.7950547e-006, 0, 0, 0, 0, 0, 0, 0, 0.303732617, -0.0591450684, -0.288381592, 0.324411401, 0.717339132, -0.616424219, -0.811889648, 0.545532227, 0.207641602, 0.485254461, 0.43315536, 0.759590405, 0, -0, 0, 0, 0, 0, 0, 0.377931934, -0.0827062012, -0.247867578, 0.438184969, 0.0439395602, -0.897668488, -0.196533203, -0.969848633, -0.143432617, -0.876970082, 0.239425038, -0.416425631, 0, 2, 5, 1, 
471.161319, 26, 0.1, 0.1, -0.00888792328, 0.357478268, -0.0349681491, 0.925282931, 9.09103755e-006, 0.379277599, 0.379277599, 1.0536475e-005, -0.925282931, -1.24080308e-005, 1, 6.30119361e-006, 0.925282944, 8.25071185e-006, 0.379277568, 0.379277568, 1.34916753e-005, -0.925282944, -1.27513327e-005, 1, 9.35430711e-006, 0, 0, 0, 0, 0, 0, 0, 0.303732617, -0.0591450684, -0.288381592, 0.324411401, 0.717339132, -0.616424219, -0.811889648, 0.545532227, 0.207641602, 0.485254461, 0.43315536, 0.759590405, 0, -0, 0, 0, 0, 0, 0, 0.377931934, -0.0827062012, -0.247867578, 0.438184969, 0.0439395602, -0.897668488, -0.196533203, -0.969848633, -0.143432617, -0.876970082, 0.239425038, -0.416425631, 0, 2, 5, 1, 
471.162012, 26, 0.1, 0.1, -0.00888792141, 0.357478269, -0.0349685505, 0.925282914, -7.21186251e-006, 0.37927764, 0.37927764, 6.64440169e-006, -0.925282914, 4.15294017e-006, 1, 8.88324956e-006, 0.925282911, -1.19488181e-005, 0.379277648, 0.379277648, 2.06001309e-006, -0.925282911, 1.02747203e-005, 1, 6.43801456e-006, 0, 0, 0, 0, 0, 0, 0, 0.303732617, -0.0591450684, -0.288381592, 0.324411401, 0.717339132, -0.616424219, -0.811889648, 0.545532227, 0.207641602, 0.485254461, 0.43315536, 0.759590405, 0, -0, 0, 0, 0, 0, 0, 0.377931934, -0.0827062012, -0.247867578, 0.438184969, 0.0439395602, -0.897668488, -0.196533203, -0.969848633, -0.143432617, -0.876970082, 0.239425038, -0.416425631, 0, 2, 5, 1, 
471.162708, 26, 0.1, 0.1, -0.00888792336, 0.357478268, -0.0349692956, 0.925282972, -7.23899395e-006, 0.379277499, 0.379277499, 2.45017496e-006, -0.925282972, 5.76882161e-006, 1, 5.01269269e-006, 0.925282957, 6.8515749e-006, 0.379277535, 0.379277535, -6.37703433e-007, -0.925282957, -6.0977789e-006, 1, -3.18870456e-006, 0, 0, 0, 0, 0, 0, 0, 0.303732617, -0.0591450684, -0.288381592, 0.324411401, 0.717339132, -0.616424219, -0.811889648, 0.545532227, 0.207641602, 0.485254461, 0.43315536, 0.759590405, 0, -0, 0, 0, 0, 0, 0, 0.377931934, -0.0827062012, -0.247867578, 0.438184969, 0.0439395602, -0.897668488, -0.196533203, -0.969848633, -0.143432617, -0.876970082, 0.239425038, -0.416425631, 0, 2, 5, 1, 
471.163393, 26, 0.1, 0.1, -0.00888792246, 0.357478269, -0.0349701374, 0.925283013, 1.09106496e-005, 0.379277399, 0.379277399, 8.14670962e-007, -0.925283013, -1.0404425e-005, 1, -3.3843616e-006, 0.925283011, 7.25862296e-006, 0.379277404, 0.379277404, -3.73270127e-006, -0.925283011, -5.30055126e-006, 1, -6.20683675e-006, 0, 0, 0, 0, 0, 0, 0, 0.303732617, -0.0591450684, -0.288381592, 0.324411401, 0.717339132, -0.616424219, -0.811889648, 0.545532227, 0.207641602, 0.485254461, 0.43315536, 0.759590405, 0, -0, 0, 0, 0, 0, 0, 0.377931934, -0.0827062012, -0.247867578, 0.438184969, 0.0439395602, -0.897668488, -0.196533203, -0.969848633, -0.143432617, -0.876970082, 0.239425038, -0.416425631, 0, 2, 5, 1, 
471.164083, 26, 0.1, 0.1, -0.00888792132, 0.357478269, -0.0349708683, 0.925282979, -7.3251465e-006, 0.379277483, 0.379277483, -9.84228034e-006, -0.925282979, 1.05107887e-005, 1, -6.32863135e-006, 0.925282991, -8.83353086e-006, 0.379277454, 0.379277453, -7.67393173e-006, -0.925282991, 1.10840651e-005, 1, -3.75019942e-006, 0, 0, 0, 0, 0, 0, 0, 0.303732617, -0.0591450684, -0.288381592, 0.324411401, 0.717339132, -0.616424219, -0.811889648, 0.545532227, 0.207641602, 0.485254461, 0.43315536, 0.759590405, 0, -0, 0, 0, 0, 0, 0, 0.377931934, -0.0827062012, -0.247867578, 0.438184969, 0.0439395602, -0.897668488, -0.196533203, -0.969848633, -0.143432617, -0.876970082, 0.239425038, -0.416425631, 0, 2, 5, 1, 
471.164783, 26, 0.1, 0.1, -0.00888792288, 0.357478268, -0.0349712765, 0.925282918, 6.41139349e-006, 0.379277631, 0.379277631, -2.95749509e-006, -0.925282918, -4.81064115e-006, 1, -5.16821782e-006, 0.925282929, 8.81262804e-006, 0.379277604, 0.379277604, 7.00636371e-006, -0.925282929, -1.08115311e-005, 1, 3.14043629e-006, 0, 0, 0, 0, 0, 0, 0, 0.303732617, -0.0591450684, -0.288381592, 0.324671631, 0.716895055, -0.616843209, -0.811767578, 0.545898437, 0.20715332, 0.485336836, 0.433472879, 0.759285991, 0, -0, 0, 0, 0, 0, 0, 0.377931934, -0.0827062012, -0.247867578, 0.438184969, 0.0439395602, -0.897668488, -0.196533203, -0.969848633, -0.143432617, -0.876970082, 0.239425038, -0.416425631, 0, 2, 5, 1, 
471.165486, 26, 0.1, 0.1, -0.00888792102, 0.357478269, -0.0349709863, 0.925282923, 4.34620487e-006, 0.379277619, 0.379277619, 5.72331709e-006, -0.925282923, -6.19219523e-006, 1, 3.64726933e-006, 0.925282916, -6.44133903e-006, 0.379277636, 0.379277636, 4.27883958e-006, -0.925282916, 4.3371928e-006, 1, 6.402193e-006, 0, 0, 0, 0, 0, 0, 0, 0.303522925, -0.0591667969, -0.288403931, 0.324671631, 0.716895055, -0.616843209, -0.811767578, 0.545898437, 0.20715332, 0.485336836, 0.433472879, 0.759285991, 0, -0, 0, 0, 0, 0, 0, 0.377963428, -0.0827748047, -0.247646289, 0.438683335, 0.0433515086, -0.897470527, -0.19543457, -0.970214844, -0.142456055, -0.877040445, 0.238013061, -0.41714128, 0, 2, 5, 1, 
471.166176, 26, 0.1, 0.1, -0.00888792166, 0.357478269, -0.0349703624, 0.925282986, -1.26761579e-005, 0.379277465, 0.379277465, 2.03984588e-006, -0.925282986, 1.09553656e-005, 1, 6.69521571e-006, 0.925282974, -6.97855294e-006, 0.379277495, 0.379277495, 1.67201379e-006, -0.925282974, 5.82297902e-006, 1, 4.19389397e-006, 0, 0, 0, 0, 0, 0, 0, 0.303522925, -0.0591667969, -0.288403931, 0.324671631, 0.716895055, -0.616843209, -0.811767578, 0.545898437, 0.20715332, 0.485336836, 0.433472879, 0.759285991, 0, -0, 0, 0, 0, 0, 0, 0.377963428, -0.0827748047, -0.247646289, 0.438683335, 0.0433515086, -0.897470527, -0.19543457, -0.970214844, -0.142456055, -0.877040445, 0.238013061, -0.41714128, 0, 2, 5, 1, 
471.166878, 26, 0.1, 0.1, -0.00888792253, 0.357478269, -0.0349695792, 0.925283014, 8.15068191e-006, 0.379277396, 0.379277396, 9.21517217e-006, -0.925283014, -1.1036794e-005, 1, 5.43527287e-006, 0.925283015, 1.19018888e-005, 0.379277394, 0.379277394, 1.93163655e-006, -0.925283015, -1.17452416e-005, 1, -2.72680688e-006, 0, 0, 0, 0, 0, 0, 0, 0.303522925, -0.0591667969, -0.288403931, 0.324671631, 0.716895055, -0.616843209, -0.811767578, 0.545898437, 0.20715332, 0.485336836, 0.433472879, 0.759285991, 0, -0, 0, 0, 0, 0, 0, 0.377963428, -0.0827748047, -0.247646289, 0.438683335, 0.0433515086, -0.897470527, -0.19543457, -0.970214844, -0.142456055, -0.877040445, 0.238013061, -0.41714128, 0, 2, 5, 1, 
471.167569, 26, 0.1, 0.1, -0.00888792048, 0.35747827, -0.0349688512, 0.925282964, -3.44087869e-006, 0.379277518, 0.379277518, -4.79509718e-006, -0.925282964, 5.00245899e-006, 1, -3.13177381e-006, 0.925282978, -8.08221042e-006, 0.379277485, 0.379277485, -9.79350291e-006, -0.925282978, 1.11927869e-005, 1, -5.9963611e-006, 0, 0, 0, 0, 0, 0, 0, 0.303522925, -0.0591667969, -0.288403931, 0.324671631, 0.716895055, -0.616843209, -0.811767578, 0.545898437, 0.20715332, 0.485336836, 0.433472879, 0.759285991, 0, -0, 0, 0, 0, 0, 0, 0.377963428, -0.0827748047, -0.247646289, 0.438683335, 0.0433515086, -0.897470527, -0.19543457, -0.970214844, -0.142456055, -0.877040445, 0.238013061, -0.41714128, 0, 2, 5, 1, 
471.168259, 26, 0.1, 0.1, -0.00888792206, 0.357478268, -0.0349684691, 0.925282908, -3.18673016e-006, 0.379277655, 0.379277655, -7.76789599e-006, -0.925282908, 5.89481633e-006, 1, -5.97884585e-006, 0.925282914, 6.50411868e-006, 0.379277642, 0.379277642, -1.13480471e-006, -0.925282914, -5.58774382e-006, 1, -3.5168822e-006, 0, 0, 0, 0, 0, 0, 0, 0.303522925, -0.0591667969, -0.288403931, 0.324671631, 0.716895055, -0.616843209, -0.811767578, 0.545898437, 0.20715332, 0.485336836, 0.433472879, 0.759285991, 0, -0, 0, 0, 0, 0, 0, 0.377963428, -0.0827748047, -0.247646289, 0.438683335, 0.0433515086, -0.897470527, -0.19543457, -0.970214844, -0.142456055, -0.877040445, 0.238013061, -0.41714128, 0, 2, 5, 1, 
471.168954, 26, 0.1, 0.1, -0.00888792091, 0.357478268, -0.0349684959, 0.925282931, 1.18699499e-005, 0.379277599, 0.379277599, 1.27947588e-006, -0.925282931, -1.14683385e-005, 1, -3.31812889e-006, 0.925282919, 3.765708e-006, 0.379277629, 0.379277629, 7.2309599e-006, -0.925282919, -6.22688662e-006, 1, 5.26243488e-006, 0, 0, 0, 0, 0, 0, 0, 0.303522925, -0.0591667969, -0.288403931, 0.324671631, 0.716895055, -0.616843209, -0.811767578, 0.545898437, 0.20715332, 0.485336836, 0.433472879, 0.759285991, 0, -0, 0, 0, 0, 0, 0, 0.377963428, -0.0827748047, -0.247646289, 0.438683335, 0.0433515086, -0.897470527, -0.19543457, -0.970214844, -0.142456055, -0.877040445, 0.238013061, -0.41714128, 0, 2, 5, 1, 
471.169645, 26, 0.1, 0.1, -0.00888791948, 0.357478268, -0.0349688926, 0.925282999, -1.33308741e-005, 0.379277433, 0.379277433, -5.12895115e-007, -0.925282999, 1.25293607e-005, 1, 4.58152659e-006, 0.925282987, -1.47230177e-005, 0.379277463, 0.379277463, 2.09247648e-006, -0.925282987, 1.28293287e-005, 1, 7.5202417e-006, 0, 0, 0, 0, 0, 0, 0, 0.303522925, -0.0591667969, -0.288403931, 0.324811295, 0.716673016, -0.61710344, -0.811645508, 0.546142578, 0.20703125, 0.485438307, 0.433631639, 0.759203615, 0, -0, 0, 0, 0, 0, 0, 0.377963428, -0.0827748047, -0.247646289, 0.438683335, 0.0433515086, -0.897470527, -0.19543457, -0.970214844, -0.142456055, -0.877040445, 0.238013061, -0.41714128, 0, 2, 5, 1, 
471.170347, 26, 0.1, 0.1, -0.00888792094, 0.357478268, -0.0349693928, 0.925283015, 1.18999055e-006, 0.379277394, 0.379277394, 8.32064733e-006, -0.925283015, -4.25691148e-006, 1, 7.24761713e-006, 0.925283019, 7.59330399e-006, 0.379277385, 0.379277385, 8.10984536e-006, -0.925283019, -1.01018362e-005, 1, 4.62393371e-006, 0, 0, 0, 0, 0, 0, 0, 0.303530371, -0.0591776611, -0.28841748, 0.324811295, 0.716673016, -0.61710344, -0.811645508, 0.546142578, 0.20703125, 0.485438307, 0.433631639, 0.759203615, 0, -0, 0, 0, 0, 0, 0, 0.37797832, -0.0826118652, -0.247654834, 0.438938898, 0.0428848587, -0.897406728, -0.194335938, -0.970581055, -0.141479492, -0.877136327, 0.236613845, -0.417748288, 0, 2, 5, 1, 
471.171041, 26, 0.1, 0.1, -0.00888791898, 0.357478269, -0.0349699682, 0.925282957, 3.67061235e-006, 0.379277535, 0.379277535, 6.25978428e-006, -0.925282957, -5.77055061e-006, 1, 4.39989091e-006, 0.925282971, -3.62507508e-006, 0.379277501, 0.379277501, -5.2682433e-006, -0.925282971, 5.3523464e-006, 1, -3.4997064e-006, 0, 0, 0, 0, 0, 0, 0, 0.303530371, -0.0591776611, -0.28841748, 0.324811295, 0.716673016, -0.61710344, -0.811645508, 0.546142578, 0.20703125, 0.485438307, 0.433631639, 0.759203615, 0, -0, 0, 0, 0, 0, 0, 0.37797832, -0.0826118652, -0.247654834, 0.438938898, 0.0428848587, -0.897406728, -0.194335938, -0.970581055, -0.141479492, -0.877136327, 0.236613845, -0.417748288, 0, 2, 5, 1, 
471.171734, 26, 0.1, 0.1, -0.00888791971, 0.357478269, -0.0349704565, 0.925282916, -8.32423695e-006, 0.379277637, 0.379277637, -6.35424495e-006, -0.925282916, 1.01122972e-005, 1, -2.72227738e-006, 0.925282918, -2.44642339e-006, 0.379277632, 0.379277632, -7.28381219e-006, -0.925282918, 5.02622081e-006, 1, -5.81171333e-006, 0, 0, 0, 0, 0, 0, 0, 0.303530371, -0.0591776611, -0.28841748, 0.324811295, 0.716673016, -0.61710344, -0.811645508, 0.546142578, 0.20703125, 0.485438307, 0.433631639, 0.759203615, 0, -0, 0, 0, 0, 0, 0, 0.37797832, -0.0826118652, -0.247654834, 0.438938898, 0.0428848587, -0.897406728, -0.194335938, -0.970581055, -0.141479492, -0.877136327, 0.236613845, -0.417748288, 0, 2, 5, 1, 
471.172439, 26, 0.1, 0.1, -0.00888792038, 0.357478268, -0.0349705797, 0.925282952, 1.25320497e-005, 0.379277549, 0.379277549, -1.78218505e-007, -0.925282952, -1.15280977e-005, 1, -4.91802765e-006, 0.925282939, 1.22079022e-005, 0.379277579, 0.379277579, 2.36772448e-006, -0.925282939, -1.21937884e-005, 1, -2.43936851e-006, 0, 0, 0, 0, 0, 0, 0, 0.303319946, -0.0594409424, -0.288462158, 0.325027342, 0.715867236, -0.617941421, -0.811157227, 0.546875, 0.20690918, 0.486022049, 0.434006445, 0.758594787, 0, -0, 0, 0, 0, 0, 0, 0.377976611, -0.0827019531, -0.247668262, 0.438951658, 0.0419070827, -0.89748985, -0.193725586, -0.970947266, -0.140136719, -0.877257728, 0.235406392, -0.418125253, 0, 2, 5, 1, 
471.173126, 26, 0.1, 0.1, -0.0088879182, 0.357478268, -0.034970465, 0.925283013, -3.77863607e-006, 0.3792774, 0.3792774, -4.72713081e-006, -0.925283013, 5.28920165e-006, 1, -2.94078257e-006, 0.925283003, -1.19019998e-005, 0.379277425, 0.379277425, 4.97985313e-007, -0.925283003, 1.08238436e-005, 1, 4.97493719e-006, 0, 0, 0, 0, 0, 0, 0, 0.303319946, -0.0594409424, -0.288462158, 0.325027342, 0.715867236, -0.617941421, -0.811157227, 0.546875, 0.20690918, 0.486022049, 0.434006445, 0.758594787, 0, -0, 0, 0, 0, 0, 0, 0.377976611, -0.0827019531, -0.247668262, 0.438951658, 0.0419070827, -0.89748985, -0.193725586, -0.970947266, -0.140136719, -0.877257728, 0.235406392, -0.418125253, 0, 2, 5, 1, 
