time, trialNum, realDorsalTactorPos, realVentralTactorPos, boxPosX, boxPosY, boxPosZ, boxLocalRot_11, boxLocalRot_12, boxLocalRot_13, boxLocalRot_21, boxLocalRot_22, boxLocalRot_23, boxLocalRot_31, boxLocalRot_32, boxLocalRot_33, boxGlobalRot_11, boxGlobalRot_12, boxGlobalRot_13, boxGlobalRot_21, boxGlobalRot_22, boxGlobalRot_23, boxGlobalRot_31, boxGlobalRot_32, boxGlobalRot_33, indexForceX, indexForceY, indexForceZ, indexForceGlobalX, indexForceGlobalY, indexForceGlobalZ, indexContact, indexPosX, indexPosY, indexPosZ, indexRot_11, indexRot_12, indexRot_13, indexRot_21, indexRot_22, indexRot_23, indexRot_31, indexRot_32, indexRot_33, thumbForceX, thumbForceY, thumbForceZ, thumbForceGlobalX, thumbForceGlobalY, thumbForceGlobalZ, thumbContact, thumbPosX, thumbPosY, thumbPosZ, thumbRot_11, thumbRot_12, thumbRot_13, thumbRot_21, thumbRot_22, thumbRot_23, thumbRot_31, thumbRot_32, thumbRot_33, manipForceTooHigh, cceExpType, mapping, trialSuccess, 
259.956523, 40, 0.1, 0.1, 0.00951641074, 0.327612592, -0.0349579867, 0.872999235, -1.65780523e-005, 0.487721575, 0.487721575, -2.20753278e-005, -0.872999235, 2.52392406e-005, 1, -1.11862705e-005, 0.872998962, -2.08009409e-006, 0.487722064, 0.487722064, -1.57714946e-005, -0.872998962, 9.50802588e-006, 1, -1.27539906e-005, 0, 0, 0, 0, 0, 0, 0, 0.121851538, 0.135112134, 0.157044092, -0.200348076, 0.67979241, 0.70536785, -0.218139648, -0.732910156, 0.64440918, 0.955087359, -0.0247383526, 0.295145356, 0, -0, 0, 0, 0, 0, 0, 0.178688281, 0.133474512, 0.0827258301, -0.633741694, 0.652208817, -0.415840723, -0.293457031, -0.700073242, -0.650756836, -0.715672386, -0.290349775, 0.635183307, 0, 2, 5, 1, 
259.999825, 40, 0.1, 0.1, 0.00951639071, 0.327612596, -0.0349706482, 0.873014533, -1.46783172e-005, 0.487694192, 0.487694192, 2.08087234e-005, -0.873014533, 2.66609073e-006, 1, 2.5324848e-005, 0.873014565, -2.30137027e-005, 0.487694134, 0.487694134, 1.7517175e-005, -0.873014565, 1.15482742e-005, 1, 2.65163967e-005, 0, 0, 0, 0, 0, 0, 0, 0.122201294, 0.132509888, 0.145029175, -0.189058922, 0.724989464, 0.66220359, -0.233642578, -0.688110352, 0.686767578, 0.9537937, -0.0249757143, 0.299633656, 0, -0, 0, 0, 0, 0, 0, 0.178516699, 0.125520752, 0.0712313965, -0.629192599, 0.634017935, -0.449370151, -0.299926758, -0.731445313, -0.612182617, -0.716912655, -0.250406449, 0.6505616, 0, 2, 5, 1, 
260.000525, 40, 0.1, 0.1, 0.00951638455, 0.327612595, -0.0349697658, 0.87301448, 1.94764845e-005, 0.487694287, 0.487694288, -1.884276e-005, -0.87301448, -7.81374652e-006, 1, -2.59485726e-005, 0.873014475, 2.51971556e-005, 0.487694296, 0.487694297, -1.04567412e-005, -0.873014475, -1.68977885e-005, 1, -2.14173955e-005, 0, 0, 0, 0, 0, 0, 0, 0.122201294, 0.132509888, 0.145029175, -0.189058922, 0.724989464, 0.66220359, -0.233642578, -0.688110352, 0.686767578, 0.9537937, -0.0249757143, 0.299633656, 0, -0, 0, 0, 0, 0, 0, 0.178516699, 0.125520752, 0.0712313965, -0.629192599, 0.634017935, -0.449370151, -0.299926758, -0.731445313, -0.612182617, -0.716912655, -0.250406449, 0.6505616, 0, 2, 5, 1, 
260.001224, 40, 0.1, 0.1, 0.00951638719, 0.327612598, -0.0349688584, 0.873014604, -1.52506803e-005, 0.487694066, 0.487694066, 1.93618854e-005, -0.873014603, 3.87139002e-006, 1, 2.4340875e-005, 0.873014564, -1.77314719e-005, 0.487694137, 0.487694137, 5.31715531e-006, -0.873014564, 1.28866878e-005, 1, 1.32894889e-005, 0, 0, 0, 0, 0, 0, 0, 0.122201294, 0.132509888, 0.145029175, -0.189058922, 0.724989464, 0.66220359, -0.233642578, -0.688110352, 0.686767578, 0.9537937, -0.0249757143, 0.299633656, 0, -0, 0, 0, 0, 0, 0, 0.178516699, 0.125520752, 0.0712313965, -0.629192599, 0.634017935, -0.449370151, -0.299926758, -0.731445313, -0.612182617, -0.716912655, -0.250406449, 0.6505616, 0, 2, 5, 1, 
260.001954, 40, 0.1, 0.1, 0.00951638461, 0.327612591, -0.0349680357, 0.873014889, 1.16132545e-005, 0.487693555, 0.487693555, -9.86105407e-006, -0.873014889, -5.32937159e-006, 1, -1.42725564e-005, 0.873014822, 1.15872486e-005, 0.487693674, 0.487693674, 1.27974902e-005, -0.873014822, -1.63570948e-005, 1, 5.52137078e-006, 0, 0, 0, 0, 0, 0, 0, 0.122280859, 0.132443506, 0.143713501, -0.191845077, 0.727828038, 0.658218874, -0.232910156, -0.685180664, 0.689941406, 0.953369841, -0.0210995825, 0.301006325, 0, -0, 0, 0, 0, 0, 0, 0.178516699, 0.125520752, 0.0712313965, -0.627723386, 0.631877916, -0.454488341, -0.297607422, -0.734375, -0.609863281, -0.719213089, -0.247562807, 0.649041715, 0, 2, 5, 1, 
260.002653, 40, 0.1, 0.1, 0.00951638537, 0.327612601, -0.0349675134, 0.873015254, -6.11388966e-006, 0.487692902, 0.487692902, -1.03720143e-005, -0.873015254, 1.03958767e-005, 1, -6.07322608e-006, 0.87301518, -6.71081847e-006, 0.487693035, 0.487693034, -2.68076493e-005, -0.873015179, 1.89325502e-005, 1, -2.01306653e-005, 0, 0, 0, 0, 0, 0, 0, 0.122280859, 0.132443506, 0.143713501, -0.191845077, 0.727828038, 0.658218874, -0.232910156, -0.685180664, 0.689941406, 0.953369841, -0.0210995825, 0.301006325, 0, -0, 0, 0, 0, 0, 0, 0.179012012, 0.124769238, 0.0699678223, -0.627723386, 0.631877916, -0.454488341, -0.297607422, -0.734375, -0.609863281, -0.719213089, -0.247562807, 0.649041715, 0, 2, 5, 1, 
260.003351, 40, 0.1, 0.1, 0.0095163866, 0.327612592, -0.0349676086, 0.873015592, -9.82807459e-006, 0.487692296, 0.487692296, 2.17234228e-005, -0.873015592, -2.01428357e-006, 1, 2.37579631e-005, 0.873015531, -5.55414945e-006, 0.487692406, 0.487692405, 3.23486885e-005, -0.873015531, -1.0927351e-005, 0.999999999, 3.0949624e-005, 0, 0, 0, 0, 0, 0, 0, 0.122280859, 0.132443506, 0.143713501, -0.191845077, 0.727828038, 0.658218874, -0.232910156, -0.685180664, 0.689941406, 0.953369841, -0.0210995825, 0.301006325, 0, -0, 0, 0, 0, 0, 0, 0.179012012, 0.124769238, 0.0699678223, -0.627723386, 0.631877916, -0.454488341, -0.297607422, -0.734375, -0.609863281, -0.719213089, -0.247562807, 0.649041715, 0, 2, 5, 1, 
260.004052, 40, 0.1, 0.1, 0.00951638866, 0.327612598, -0.0349682806, 0.8730158, 6.43290723e-006, 0.487691925, 0.487691925, -2.46524967e-005, -0.873015799, 6.40679389e-006, 1, -2.4659296e-005, 0.873015772, -2.00783398e-006, 0.487691974, 0.487691974, -3.01803564e-005, -0.873015772, 1.64715883e-005, 1, -2.53687226e-005, 0, 0, 0, 0, 0, 0, 0, 0.122280859, 0.132443506, 0.143713501, -0.191845077, 0.727828038, 0.658218874, -0.232910156, -0.685180664, 0.689941406, 0.953369841, -0.0210995825, 0.301006325, 0, -0, 0, 0, 0, 0, 0, 0.179012012, 0.124769238, 0.0699678223, -0.627723386, 0.631877916, -0.454488341, -0.297607422, -0.734375, -0.609863281, -0.719213089, -0.247562807, 0.649041715, 0, 2, 5, 1, 
260.004752, 40, 0.1, 0.1, 0.00951638507, 0.327612594, -0.0349692722, 0.873015823, -5.46769747e-006, 0.487691883, 0.487691883, 2.82956062e-005, -0.873015823, -9.02615107e-006, 1, 2.73690636e-005, 0.873015834, 4.1478722e-006, 0.487691864, 0.487691864, 2.83926572e-005, -0.873015833, -1.7468026e-005, 1, 2.27643557e-005, 0, 0, 0, 0, 0, 0, 0, 0.122280859, 0.132443506, 0.143713501, -0.191845077, 0.727828038, 0.658218874, -0.232910156, -0.685180664, 0.689941406, 0.953369841, -0.0210995825, 0.301006325, 0, -0, 0, 0, 0, 0, 0, 0.179012012, 0.124769238, 0.0699678223, -0.627723386, 0.631877916, -0.454488341, -0.297607422, -0.734375, -0.609863281, -0.719213089, -0.247562807, 0.649041715, 0, 2, 5, 1, 
260.005446, 40, 0.1, 0.1, 0.00951638781, 0.327612594, -0.0349702931, 0.873015678, 9.58485049e-006, 0.487692143, 0.487692143, -1.98894879e-005, -0.873015678, 1.33222222e-006, 1, -2.2038291e-005, 0.87301572, -3.3077409e-006, 0.487692067, 0.487692067, -1.4617959e-005, -0.87301572, 1.00167724e-005, 1, -1.1148549e-005, 0, 0, 0, 0, 0, 0, 0, 0.122280859, 0.132443506, 0.143713501, -0.191845077, 0.727828038, 0.658218874, -0.232910156, -0.685180664, 0.689941406, 0.953369841, -0.0210995825, 0.301006325, 0, -0, 0, 0, 0, 0, 0, 0.179012012, 0.124769238, 0.0699678223, -0.627723386, 0.631877916, -0.454488341, -0.297607422, -0.734375, -0.609863281, -0.719213089, -0.247562807, 0.649041715, 0, 2, 5, 1, 
260.006184, 40, 0.1, 0.1, 0.00951637931, 0.327612595, -0.0349708154, 0.873015377, 4.64327491e-006, 0.487692681, 0.487692681, 1.3330715e-005, -0.873015377, -1.05549425e-005, 1, 9.37342798e-006, 0.873015442, 2.09839012e-005, 0.487692565, 0.487692565, 3.33420781e-006, -0.873015442, -1.99453382e-005, 1, -7.32287771e-006, 0, 0, 0, 0, 0, 0, 0, 0.122280859, 0.132443506, 0.143713501, -0.191845077, 0.727828038, 0.658218874, -0.232910156, -0.685180664, 0.689941406, 0.953369841, -0.0210995825, 0.301006325, 0, -0, 0, 0, 0, 0, 0, 0.179012012, 0.124769238, 0.0699678223, -0.627723386, 0.631877916, -0.454488341, -0.297607422, -0.734375, -0.609863281, -0.719213089, -0.247562807, 0.649041715, 0, 2, 5, 1, 
260.006925, 40, 0.1, 0.1, 0.00951638587, 0.327612592, -0.0349702829, 0.873014983, -7.28209943e-006, 0.487693386, 0.487693386, -5.96335908e-007, -0.873014983, 6.64821099e-006, 1, 3.03082155e-006, 0.873015057, -1.99331641e-005, 0.487693254, 0.487693255, 6.57532068e-006, -0.873015057, 1.41952129e-005, 1, 1.54616236e-005, 0, 0, 0, 0, 0, 0, 0, 0.122506177, 0.131718628, 0.14241748, -0.191781798, 0.731096463, 0.654614956, -0.234619141, -0.681762695, 0.692871094, 0.952989042, -0.0207521066, 0.302442273, 0, -0, 0, 0, 0, 0, 0, 0.179343652, 0.12386626, 0.0686976563, -0.625231922, 0.630485629, -0.459740693, -0.296264648, -0.736816406, -0.607543945, -0.72189705, -0.243658633, 0.647630471, 0, 2, 5, 1, 
260.007623, 40, 0.1, 0.1, 0.00951637836, 0.327612598, -0.034969445, 0.873014641, 1.32002914e-005, 0.487693998, 0.487693999, -1.76925968e-005, -0.873014641, -2.89547437e-006, 1, -2.1883599e-005, 0.873014703, 2.44106433e-005, 0.487693887, 0.487693887, -1.98288135e-005, -0.873014703, -1.16404594e-005, 1, -2.92157672e-005, 0, 0, 0, 0, 0, 0, 0, 0.122506177, 0.131718628, 0.14241748, -0.191781798, 0.731096463, 0.654614956, -0.234619141, -0.681762695, 0.692871094, 0.952989042, -0.0207521066, 0.302442273, 0, -0, 0, 0, 0, 0, 0, 0.179343652, 0.12386626, 0.0686976563, -0.625231922, 0.630485629, -0.459740693, -0.296264648, -0.736816406, -0.607543945, -0.72189705, -0.243658633, 0.647630471, 0, 2, 5, 1, 
260.008319, 40, 0.1, 0.1, 0.00951638484, 0.327612596, -0.0349687181, 0.873014425, -1.75784363e-005, 0.487694386, 0.487694386, 1.82507401e-005, -0.873014425, 6.44544498e-006, 1, 2.45060641e-005, 0.873014455, -2.63691583e-005, 0.487694331, 0.487694331, 1.47105032e-005, -0.873014455, 1.58464273e-005, 1, 2.57025709e-005, 0, 0, 0, 0, 0, 0, 0, 0.122506177, 0.131718628, 0.14241748, -0.191781798, 0.731096463, 0.654614956, -0.234619141, -0.681762695, 0.692871094, 0.952989042, -0.0207521066, 0.302442273, 0, -0, 0, 0, 0, 0, 0, 0.179343652, 0.12386626, 0.0686976563, -0.625231922, 0.630485629, -0.459740693, -0.296264648, -0.736816406, -0.607543945, -0.72189705, -0.243658633, 0.647630471, 0, 2, 5, 1, 
260.009017, 40, 0.1, 0.1, 0.00951637918, 0.327612596, -0.034968307, 0.873014386, 1.86915685e-005, 0.487694454, 0.487694455, -2.3008761e-005, -0.873014386, -5.09676304e-006, 1, -2.92027536e-005, 0.873014378, 2.45052056e-005, 0.487694469, 0.48769447, -1.43792345e-005, -0.873014378, -1.43807236e-005, 1, -2.45043317e-005, 0, 0, 0, 0, 0, 0, 0, 0.122506177, 0.131718628, 0.14241748, -0.191781798, 0.731096463, 0.654614956, -0.234619141, -0.681762695, 0.692871094, 0.952989042, -0.0207521066, 0.302442273, 0, -0, 0, 0, 0, 0, 0, 0.179343652, 0.12386626, 0.0686976563, -0.625231922, 0.630485629, -0.459740693, -0.296264648, -0.736816406, -0.607543945, -0.72189705, -0.243658633, 0.647630471, 0, 2, 5, 1, 
260.009718, 40, 0.1, 0.1, 0.00951638249, 0.3276126, -0.034968294, 0.873014531, -1.72051601e-005, 0.487694196, 0.487694196, 1.78687611e-005, -0.873014531, 6.30586371e-006, 1, 2.39905448e-005, 0.873014486, -1.98087902e-005, 0.487694276, 0.487694277, 2.60016023e-006, -0.873014486, 1.60252775e-005, 1, 1.19306111e-005, 0, 0, 0, 0, 0, 0, 0, 0.122506177, 0.131718628, 0.14241748, -0.191781798, 0.731096463, 0.654614956, -0.234619141, -0.681762695, 0.692871094, 0.952989042, -0.0207521066, 0.302442273, 0, -0, 0, 0, 0, 0, 0, 0.179343652, 0.12386626, 0.0686976563, -0.625231922, 0.630485629, -0.459740693, -0.296264648, -0.736816406, -0.607543945, -0.72189705, -0.243658633, 0.647630471, 0, 2, 5, 1, 
260.010417, 40, 0.1, 0.1, 0.00951638058, 0.327612593, -0.0349686354, 0.873014828, 1.14918549e-005, 0.487693664, 0.487693664, -3.99622314e-006, -0.873014828, -8.08362703e-006, 1, -9.09326689e-006, 0.873014763, 1.05562109e-005, 0.48769378, 0.48769378, 1.56984237e-005, -0.873014763, -1.68717516e-005, 1, 8.55675723e-006, 0, 0, 0, 0, 0, 0, 0, 0.122506177, 0.131718628, 0.14241748, -0.191781798, 0.731096463, 0.654614956, -0.234619141, -0.681762695, 0.692871094, 0.952989042, -0.0207521066, 0.302442273, 0, -0, 0, 0, 0, 0, 0, 0.179343652, 0.12386626, 0.0686976563, -0.625231922, 0.630485629, -0.459740693, -0.296264648, -0.736816406, -0.607543945, -0.72189705, -0.243658633, 0.647630471, 0, 2, 5, 1, 
260.011115, 40, 0.1, 0.1, 0.00951638038, 0.3276126, -0.0349692408, 0.873015205, -1.60734794e-006, 0.487692989, 0.487692989, -5.93032389e-006, -0.873015205, 4.29541658e-006, 1, -4.39337061e-006, 0.87301513, -2.90530964e-006, 0.487693123, 0.487693123, -2.11342381e-005, -0.87301513, 1.28434019e-005, 1, -1.70336101e-005, 0, 0, 0, 0, 0, 0, 0, 0.122506177, 0.131718628, 0.14241748, -0.191781798, 0.731096463, 0.654614956, -0.234619141, -0.681762695, 0.692871094, 0.952989042, -0.0207521066, 0.302442273, 0, -0, 0, 0, 0, 0, 0, 0.179343652, 0.12386626, 0.0686976563, -0.625231922, 0.630485629, -0.459740693, -0.296264648, -0.736816406, -0.607543945, -0.72189705, -0.243658633, 0.647630471, 0, 2, 5, 1, 
260.01184, 40, 0.1, 0.1, 0.00951637953, 0.327612589, -0.034969633, 0.873015565, -2.69153098e-006, 0.487692346, 0.487692345, 2.47596159e-005, -0.873015564, -9.72532673e-006, 1, 2.29281691e-005, 0.873015501, 9.21181564e-007, 0.487692459, 0.487692459, 3.52254591e-005, -0.8730155, -1.79833965e-005, 0.999999999, 3.03031185e-005, 0, 0, 0, 0, 0, 0, 0, 0.122843921, 0.131001196, 0.14045686, -0.189579383, 0.734504551, 0.651320321, -0.233886719, -0.678100586, 0.696777344, 0.95362895, -0.0203031593, 0.300368661, 0, -0, 0, 0, 0, 0, 0, 0.179849463, 0.122948389, 0.0668878906, -0.624024469, 0.628837779, -0.463580701, -0.296386719, -0.739501953, -0.604248047, -0.722874826, -0.239658577, 0.647963326, 0, 2, 5, 1, 
260.012538, 40, 0.1, 0.1, 0.00951637913, 0.327612595, -0.034969899, 0.873015786, 1.212865e-005, 0.487691949, 0.487691949, -2.15545402e-005, -0.873015786, -7.65271635e-008, 1, -2.47324988e-005, 0.873015754, 4.64929009e-006, 0.487692007, 0.487692007, -2.63224997e-005, -0.873015754, 8.77836922e-006, 1, -2.52473786e-005, 0, 0, 0, 0, 0, 0, 0, 0.122843921, 0.131001196, 0.14045686, -0.189579383, 0.734504551, 0.651320321, -0.233886719, -0.678100586, 0.696777344, 0.95362895, -0.0203031593, 0.300368661, 0, -0, 0, 0, 0, 0, 0, 0.179849463, 0.122948389, 0.0668878906, -0.624024469, 0.628837779, -0.463580701, -0.296386719, -0.739501953, -0.604248047, -0.722874826, -0.239658577, 0.647963326, 0, 2, 5, 1, 
260.013239, 40, 0.1, 0.1, 0.00951638064, 0.327612594, -0.0349700338, 0.873015892, -1.59274119e-005, 0.487691759, 0.487691759, 1.87487695e-005, -0.873015892, 4.76126334e-006, 1, 2.41356413e-005, 0.873015869, -1.67622457e-005, 0.4876918, 0.4876918, 1.3471237e-005, -0.873015869, 8.06389469e-006, 1, 1.99354135e-005, 0, 0, 0, 0, 0, 0, 0, 0.122843921, 0.131001196, 0.14045686, -0.189579383, 0.734504551, 0.651320321, -0.233886719, -0.678100586, 0.696777344, 0.95362895, -0.0203031593, 0.300368661, 0, -0, 0, 0, 0, 0, 0, 0.179849463, 0.122948389, 0.0668878906, -0.624024469, 0.628837779, -0.463580701, -0.296386719, -0.739501953, -0.604248047, -0.722874826, -0.239658577, 0.647963326, 0, 2, 5, 1, 
260.01396, 40, 0.1, 0.1, 0.00951638004, 0.327612594, -0.0349698953, 0.873016057, 7.02832183e-006, 0.487691464, 0.487691464, -2.85735722e-005, -0.873016057, 7.79924943e-006, 1, -2.83728399e-005, 0.873016024, 3.87612875e-006, 0.487691522, 0.487691522, -1.77781053e-005, -0.873016024, 5.28630875e-006, 1, -1.7410926e-005, 0, 0, 0, 0, 0, 0, 0, 0.122843921, 0.131001196, 0.14045686, -0.189579383, 0.734504551, 0.651320321, -0.233886719, -0.678100586, 0.696777344, 0.95362895, -0.0203031593, 0.300368661, 0, -0, 0, 0, 0, 0, 0, 0.179849463, 0.122948389, 0.0668878906, -0.624024469, 0.628837779, -0.463580701, -0.296386719, -0.739501953, -0.604248047, -0.722874826, -0.239658577, 0.647963326, 0, 2, 5, 1, 
260.014672, 40, 0.1, 0.1, 0.00951637652, 0.3276126, -0.0349693597, 0.873016155, -8.85946268e-006, 0.487691289, 0.487691289, 2.47111011e-006, -0.873016155, 6.52931517e-006, 1, 6.47800182e-006, 0.873016146, 7.37424437e-006, 0.487691305, 0.487691305, -9.18509349e-006, -0.873016146, -1.95834417e-006, 1, -1.16150898e-005, 0, 0, 0, 0, 0, 0, 0, 0.122843921, 0.131001196, 0.14045686, -0.189579383, 0.734504551, 0.651320321, -0.233886719, -0.678100586, 0.696777344, 0.95362895, -0.0203031593, 0.300368661, 0, -0, 0, 0, 0, 0, 0, 0.180152783, 0.121975586, 0.0653212402, -0.621871689, 0.626499799, -0.469753226, -0.293823242, -0.742675781, -0.6015625, -0.72583987, -0.236099284, 0.645964398, 0, 2, 5, 1, 
260.015365, 40, 0.1, 0.1, 0.00951637989, 0.327612595, -0.0349690036, 0.873016254, -2.36074404e-006, 0.487691111, 0.487691111, 4.96477439e-006, -0.873016254, -3.60308418e-007, 1, 5.48564263e-006, 0.873016228, -5.29884382e-006, 0.487691159, 0.487691159, 1.68058967e-005, -0.873016227, -3.57011057e-006, 1, 1.72560198e-005, 0, 0, 0, 0, 0, 0, 0, 0.122843921, 0.131001196, 0.14045686, -0.189579383, 0.734504551, 0.651320321, -0.233886719, -0.678100586, 0.696777344, 0.95362895, -0.0203031593, 0.300368661, 0, -0, 0, 0, 0, 0, 0, 0.180152783, 0.121975586, 0.0653212402, -0.621871689, 0.626499799, -0.469753226, -0.293823242, -0.742675781, -0.6015625, -0.72583987, -0.236099284, 0.645964398, 0, 2, 5, 1, 
260.01607, 40, 0.1, 0.1, 0.00951637716, 0.327612602, -0.0349688359, 0.873016369, 1.87140728e-005, 0.487690906, 0.487690906, -8.18484384e-006, -0.873016369, -1.2346018e-005, 1, -1.62721858e-005, 0.873016352, 1.10704123e-005, 0.487690935, 0.487690936, -2.19987701e-005, -0.873016352, 1.06394981e-006, 1, -2.46042258e-005, 0, 0, 0, 0, 0, 0, 0, 0.122843921, 0.131001196, 0.14045686, -0.189579383, 0.734504551, 0.651320321, -0.233886719, -0.678100586, 0.696777344, 0.95362895, -0.0203031593, 0.300368661, 0, -0, 0, 0, 0, 0, 0, 0.180152783, 0.121975586, 0.0653212402, -0.621871689, 0.626499799, -0.469753226, -0.293823242, -0.742675781, -0.6015625, -0.72583987, -0.236099284, 0.645964398, 0, 2, 5, 1, 
260.016783, 40, 0.1, 0.1, 0.00951637776, 0.327612594, -0.0349686921, 0.873016311, -2.60509097e-005, 0.487691008, 0.487691008, 2.33283074e-005, -0.873016311, 1.13658634e-005, 0.999999999, 3.30707873e-005, 0.873016338, -1.32306835e-005, 0.487690962, 0.487690962, 3.19307843e-005, -0.873016337, -4.02175208e-006, 0.999999999, 3.43285811e-005, 0, 0, 0, 0, 0, 0, 0, 0.122893701, 0.130526294, 0.138870337, -0.192924193, 0.738085626, 0.646320891, -0.23425293, -0.674316406, 0.700195312, 0.952799204, -0.0164210362, 0.303137964, 0, -0, 0, 0, 0, 0, 0, 0.180152783, 0.121975586, 0.0653212402, -0.621871689, 0.626499799, -0.469753226, -0.293823242, -0.742675781, -0.6015625, -0.72583987, -0.236099284, 0.645964398, 0, 2, 5, 1, 
260.017476, 40, 0.1, 0.1, 0.00951638206, 0.327612597, -0.03496884, 0.873016075, 1.11575381e-005, 0.487691432, 0.487691432, -1.87759922e-005, -0.873016075, -5.83819565e-007, 1, -2.18331788e-005, 0.873016136, -3.06861845e-006, 0.487691322, 0.487691322, -2.07590599e-005, -0.873016136, 1.28029668e-005, 1, -1.66264557e-005, 0, 0, 0, 0, 0, 0, 0, 0.122893701, 0.130526294, 0.138870337, -0.192924193, 0.738085626, 0.646320891, -0.23425293, -0.674316406, 0.700195312, 0.952799204, -0.0164210362, 0.303137964, 0, -0, 0, 0, 0, 0, 0, 0.180152783, 0.121975586, 0.0653212402, -0.621871689, 0.626499799, -0.469753226, -0.293823242, -0.742675781, -0.6015625, -0.72583987, -0.236099284, 0.645964398, 0, 2, 5, 1, 
260.018174, 40, 0.1, 0.1, 0.00951638069, 0.327612596, -0.0349692243, 0.873015733, -1.70123927e-005, 0.487692044, 0.487692045, 1.89340587e-005, -0.873015732, 5.6180967e-006, 1, 2.48265397e-005, 0.873015799, -8.88671735e-006, 0.487691926, 0.487691926, 1.14390493e-005, -0.873015799, 2.17951268e-006, 1, 1.4320451e-005, 0, 0, 0, 0, 0, 0, 0, 0.122893701, 0.130526294, 0.138870337, -0.192924193, 0.738085626, 0.646320891, -0.23425293, -0.674316406, 0.700195312, 0.952799204, -0.0164210362, 0.303137964, 0, -0, 0, 0, 0, 0, 0, 0.180152783, 0.121975586, 0.0653212402, -0.621871689, 0.626499799, -0.469753226, -0.293823242, -0.742675781, -0.6015625, -0.72583987, -0.236099284, 0.645964398, 0, 2, 5, 1, 
260.018904, 40, 0.1, 0.1, 0.00951638295, 0.327612592, -0.0349695874, 0.873015465, -1.27053666e-006, 0.487692525, 0.487692525, -1.70989308e-005, -0.873015464, 9.44821891e-006, 1, -1.43079998e-005, 0.873015508, -2.09008775e-006, 0.487692447, 0.487692447, 4.78709144e-006, -0.873015508, -5.09949321e-007, 1, 5.19852507e-006, 0, 0, 0, 0, 0, 0, 0, 0.123032959, 0.129850732, 0.137273682, -0.19452377, 0.742224232, 0.641143605, -0.236083984, -0.669799805, 0.703857422, 0.952063817, -0.0144810964, 0.305564661, 0, -0, 0, 0, 0, 0, 0, 0.180152783, 0.121975586, 0.0653212402, -0.619220544, 0.624609146, -0.475682948, -0.291748047, -0.745483398, -0.599121094, -0.728875277, -0.232124748, 0.643990989, 0, 2, 5, 1, 
260.019604, 40, 0.1, 0.1, 0.00951637898, 0.3276126, -0.0349696496, 0.873015226, 1.71115765e-005, 0.487692951, 0.487692951, -2.81081052e-006, -0.873015226, -1.35678544e-005, 1, -1.07990756e-005, 0.873015281, 1.79087037e-005, 0.487692853, 0.487692854, -1.64546755e-005, -0.873015281, -7.60974434e-006, 1, -2.30991299e-005, 0, 0, 0, 0, 0, 0, 0, 0.123032959, 0.129850732, 0.137273682, -0.19452377, 0.742224232, 0.641143605, -0.236083984, -0.669799805, 0.703857422, 0.952063817, -0.0144810964, 0.305564661, 0, -0, 0, 0, 0, 0, 0, 0.180487598, 0.121041113, 0.0637711914, -0.619220544, 0.624609146, -0.475682948, -0.291748047, -0.745483398, -0.599121094, -0.728875277, -0.232124748, 0.643990989, 0, 2, 5, 1, 
260.020298, 40, 0.1, 0.1, 0.00951638114, 0.327612595, -0.0349697223, 0.873014871, -1.29630095e-005, 0.487693587, 0.487693587, 1.01702863e-005, -0.873014871, 6.35691669e-006, 1, 1.52007878e-005, 0.873014947, -1.67288475e-005, 0.487693451, 0.487693452, 1.56600304e-005, -0.873014947, 6.96723966e-006, 1, 2.182999e-005, 0, 0, 0, 0, 0, 0, 0, 0.123032959, 0.129850732, 0.137273682, -0.19452377, 0.742224232, 0.641143605, -0.236083984, -0.669799805, 0.703857422, 0.952063817, -0.0144810964, 0.305564661, 0, -0, 0, 0, 0, 0, 0, 0.180487598, 0.121041113, 0.0637711914, -0.619220544, 0.624609146, -0.475682948, -0.291748047, -0.745483398, -0.599121094, -0.728875277, -0.232124748, 0.643990989, 0, 2, 5, 1, 
260.020998, 40, 0.1, 0.1, 0.00951637448, 0.327612599, -0.0349697678, 0.873014505, 2.25932486e-005, 0.487694242, 0.487694243, -1.84977884e-005, -0.873014505, -1.07029689e-005, 1, -2.71674348e-005, 0.873014571, 2.81096255e-005, 0.487694123, 0.487694124, -1.74863821e-005, -0.873014571, -1.60121069e-005, 0.999999999, -2.89747655e-005, 0, 0, 0, 0, 0, 0, 0, 0.123032959, 0.129850732, 0.137273682, -0.19452377, 0.742224232, 0.641143605, -0.236083984, -0.669799805, 0.703857422, 0.952063817, -0.0144810964, 0.305564661, 0, -0, 0, 0, 0, 0, 0, 0.180487598, 0.121041113, 0.0637711914, -0.619220544, 0.624609146, -0.475682948, -0.291748047, -0.745483398, -0.599121094, -0.728875277, -0.232124748, 0.643990989, 0, 2, 5, 1, 
260.021707, 40, 0.1, 0.1, 0.0095163809, 0.327612599, -0.0349697306, 0.873014256, -3.39856639e-005, 0.487694686, 0.487694687, 1.45486525e-005, -0.873014256, 2.25746686e-005, 0.999999999, 2.92758088e-005, 0.873014293, -3.39950691e-005, 0.48769462, 0.487694621, 7.33080766e-006, -0.873014294, 2.61029858e-005, 0.999999999, 2.29791122e-005, 0, 0, 0, 0, 0, 0, 0, 0.123032959, 0.129850732, 0.137273682, -0.19452377, 0.742224232, 0.641143605, -0.236083984, -0.669799805, 0.703857422, 0.952063817, -0.0144810964, 0.305564661, 0, -0, 0, 0, 0, 0, 0, 0.180487598, 0.121041113, 0.0637711914, -0.619220544, 0.624609146, -0.475682948, -0.291748047, -0.745483398, -0.599121094, -0.728875277, -0.232124748, 0.643990989, 0, 2, 5, 1, 
260.022439, 40, 0.1, 0.1, 0.00951638097, 0.327612597, -0.0349691937, 0.873014177, 1.50077758e-005, 0.48769483, 0.48769483, -1.29591968e-005, -0.873014177, -6.78186772e-006, 1, -1.86327772e-005, 0.873014175, 1.32421334e-005, 0.487694833, 0.487694833, -1.4663496e-006, -0.873014175, -1.0845439e-005, 1, -7.73826402e-006, 0, 0, 0, 0, 0, 0, 0, 0.123032959, 0.129850732, 0.137273682, -0.19452377, 0.742224232, 0.641143605, -0.236083984, -0.669799805, 0.703857422, 0.952063817, -0.0144810964, 0.305564661, 0, -0, 0, 0, 0, 0, 0, 0.180487598, 0.121041113, 0.0637711914, -0.619220544, 0.624609146, -0.475682948, -0.291748047, -0.745483398, -0.599121094, -0.728875277, -0.232124748, 0.643990989, 0, 2, 5, 1, 
260.023142, 40, 0.1, 0.1, 0.00951637942, 0.3276126, -0.0349686645, 0.873014231, -3.73268216e-006, 0.487694734, 0.487694734, 1.68758271e-005, -0.87301423, -4.97156735e-006, 1, 1.65532466e-005, 0.873014225, 3.61950073e-006, 0.487694744, 0.487694744, 5.77740524e-007, -0.873014225, -3.44163664e-006, 1, -1.26083579e-006, 0, 0, 0, 0, 0, 0, 0, 0.123032959, 0.129850732, 0.137273682, -0.19452377, 0.742224232, 0.641143605, -0.236083984, -0.669799805, 0.703857422, 0.952063817, -0.0144810964, 0.305564661, 0, -0, 0, 0, 0, 0, 0, 0.180487598, 0.121041113, 0.0637711914, -0.619220544, 0.624609146, -0.475682948, -0.291748047, -0.745483398, -0.599121094, -0.728875277, -0.232124748, 0.643990989, 0, 2, 5, 1, 
260.023868, 40, 0.1, 0.1, 0.00951638525, 0.327612593, -0.0349682617, 0.873014178, -5.21895345e-006, 0.487694827, 0.487694827, 7.04094586e-006, -0.873014178, 1.12238748e-006, 1, 8.69210216e-006, 0.873014194, -1.84974106e-005, 0.487694799, 0.4876948, 1.49408302e-005, -0.873014194, 8.86193679e-006, 1, 2.20646478e-005, 0, 0, 0, 0, 0, 0, 0, 0.123325293, 0.129200928, 0.134783813, -0.193203519, 0.746864204, 0.636199218, -0.234985352, -0.664672852, 0.709106445, 0.952596261, -0.0124969732, 0.303999528, 0, -0, 0, 0, 0, 0, 0, 0.181222998, 0.119866797, 0.0618764648, -0.617693729, 0.622475689, -0.480539012, -0.290893555, -0.748535156, -0.595703125, -0.730555943, -0.228175731, 0.643480596, 0, 2, 5, 1, 
260.024567, 40, 0.1, 0.1, 0.00951637677, 0.327612597, -0.0349681109, 0.873014114, 1.50450605e-005, 0.487694942, 0.487694942, -1.56599658e-005, -0.873014114, -5.49726404e-006, 1, -2.10087711e-005, 0.873014122, 2.69858348e-005, 0.487694927, 0.487694928, -1.68440707e-005, -0.873014122, -1.5344247e-005, 0.999999999, -2.78659663e-005, 0, 0, 0, 0, 0, 0, 0, 0.123325293, 0.129200928, 0.134783813, -0.193203519, 0.746864204, 0.636199218, -0.234985352, -0.664672852, 0.709106445, 0.952596261, -0.0124969732, 0.303999528, 0, -0, 0, 0, 0, 0, 0, 0.181222998, 0.119866797, 0.0618764648, -0.617693729, 0.622475689, -0.480539012, -0.290893555, -0.748535156, -0.595703125, -0.730555943, -0.228175731, 0.643480596, 0, 2, 5, 1, 
260.025268, 40, 0.1, 0.1, 0.00951638371, 0.327612595, -0.03496832, 0.873014153, -2.01357734e-005, 0.487694873, 0.487694873, 1.71420839e-005, -0.873014153, 9.2187087e-006, 1, 2.47853953e-005, 0.873014136, -2.84443942e-005, 0.487694902, 0.487694903, 1.42920856e-005, -0.873014136, 1.78621809e-005, 0.999999999, 2.63493788e-005, 0, 0, 0, 0, 0, 0, 0, 0.123325293, 0.129200928, 0.134783813, -0.193203519, 0.746864204, 0.636199218, -0.234985352, -0.664672852, 0.709106445, 0.952596261, -0.0124969732, 0.303999528, 0, -0, 0, 0, 0, 0, 0, 0.181222998, 0.119866797, 0.0618764648, -0.617693729, 0.622475689, -0.480539012, -0.290893555, -0.748535156, -0.595703125, -0.730555943, -0.228175731, 0.643480596, 0, 2, 5, 1, 
260.025966, 40, 0.1, 0.1, 0.00951637911, 0.327612597, -0.0349689161, 0.873014332, 1.59045543e-005, 0.487694551, 0.487694552, -2.5939366e-005, -0.873014332, -1.23441641e-006, 1, -3.04020028e-005, 0.873014283, 2.13561049e-005, 0.487694639, 0.487694639, -1.74149681e-005, -0.873014283, -1.0150998e-005, 1, -2.56187737e-005, 0, 0, 0, 0, 0, 0, 0, 0.123325293, 0.129200928, 0.134783813, -0.193203519, 0.746864204, 0.636199218, -0.234985352, -0.664672852, 0.709106445, 0.952596261, -0.0124969732, 0.303999528, 0, -0, 0, 0, 0, 0, 0, 0.181222998, 0.119866797, 0.0618764648, -0.617693729, 0.622475689, -0.480539012, -0.290893555, -0.748535156, -0.595703125, -0.730555943, -0.228175731, 0.643480596, 0, 2, 5, 1, 
260.026662, 40, 0.1, 0.1, 0.0095163829, 0.327612602, -0.0349696901, 0.873014662, -1.84345185e-005, 0.487693962, 0.487693962, 1.26354074e-005, -0.873014662, 9.93139304e-006, 1, 2.00212993e-005, 0.873014583, -2.09266975e-005, 0.487694103, 0.487694103, -1.95027011e-006, -0.873014583, 1.92204473e-005, 1, 8.50321271e-006, 0, 0, 0, 0, 0, 0, 0, 0.123325293, 0.129200928, 0.134783813, -0.193203519, 0.746864204, 0.636199218, -0.234985352, -0.664672852, 0.709106445, 0.952596261, -0.0124969732, 0.303999528, 0, -0, 0, 0, 0, 0, 0, 0.181222998, 0.119866797, 0.0618764648, -0.617693729, 0.622475689, -0.480539012, -0.290893555, -0.748535156, -0.595703125, -0.730555943, -0.228175731, 0.643480596, 0, 2, 5, 1, 
260.027356, 40, 0.1, 0.1, 0.00951638176, 0.327612596, -0.034970433, 0.873015112, 8.96067794e-006, 0.487693156, 0.487693156, -5.90059526e-006, -0.873015112, -4.94512732e-006, 1, -9.52137014e-006, 0.873015018, 7.95657045e-006, 0.487693324, 0.487693323, 1.22093108e-005, -0.873015018, -1.29006048e-005, 1, 6.77854537e-006, 0, 0, 0, 0, 0, 0, 0, 0.123325293, 0.129200928, 0.134783813, -0.193203519, 0.746864204, 0.636199218, -0.234985352, -0.664672852, 0.709106445, 0.952596261, -0.0124969732, 0.303999528, 0, -0, 0, 0, 0, 0, 0, 0.181222998, 0.119866797, 0.0618764648, -0.617693729, 0.622475689, -0.480539012, -0.290893555, -0.748535156, -0.595703125, -0.730555943, -0.228175731, 0.643480596, 0, 2, 5, 1, 
260.028055, 40, 0.1, 0.1, 0.00951638205, 0.327612603, -0.034970906, 0.873015618, -2.72358126e-006, 0.48769225, 0.48769225, -5.4845811e-006, -0.873015618, 5.05251667e-006, 1, -3.45985549e-006, 0.873015519, -4.08486639e-006, 0.487692427, 0.487692427, -2.0275226e-005, -0.873015519, 1.34542259e-005, 1, -1.57084285e-005, 0, 0, 0, 0, 0, 0, 0, 0.123325293, 0.129200928, 0.134783813, -0.193203519, 0.746864204, 0.636199218, -0.234985352, -0.664672852, 0.709106445, 0.952596261, -0.0124969732, 0.303999528, 0, -0, 0, 0, 0, 0, 0, 0.181222998, 0.119866797, 0.0618764648, -0.617693729, 0.622475689, -0.480539012, -0.290893555, -0.748535156, -0.595703125, -0.730555943, -0.228175731, 0.643480596, 0, 2, 5, 1, 
260.028788, 40, 0.1, 0.1, 0.00951638145, 0.327612593, -0.0349706873, 0.873016098, -3.00151748e-006, 0.487691391, 0.487691391, 2.29711721e-005, -0.873016098, -8.5824698e-006, 1, 2.15180173e-005, 0.873016007, 4.58292256e-007, 0.487691553, 0.487691553, 3.34896761e-005, -0.873016007, -1.67327286e-005, 0.999999999, 2.9013518e-005, 0, 0, 0, 0, 0, 0, 0, 0.123364941, 0.128556372, 0.132891895, -0.196726184, 0.751511289, 0.629524949, -0.236938477, -0.659423828, 0.713378906, 0.951423909, -0.00890728145, 0.307899243, 0, -0, 0, 0, 0, 0, 0, 0.181583936, 0.118892529, 0.060203125, -0.614320737, 0.619965268, -0.487932116, -0.287597656, -0.751708984, -0.593261719, -0.734620165, -0.224143592, 0.640248696, 0, 2, 5, 1, 
260.029484, 40, 0.1, 0.1, 0.00951638093, 0.327612598, -0.034969964, 0.873016421, 1.26795467e-005, 0.487690813, 0.487690813, -2.00611125e-005, -0.873016421, -1.28583219e-006, 1, -2.3697379e-005, 0.87301637, 5.19154839e-006, 0.487690904, 0.487690904, -2.52683351e-005, -0.87301637, 7.79083045e-006, 1, -2.45915411e-005, 0, 0, 0, 0, 0, 0, 0, 0.123364941, 0.128556372, 0.132891895, -0.196726184, 0.751511289, 0.629524949, -0.236938477, -0.659423828, 0.713378906, 0.951423909, -0.00890728145, 0.307899243, 0, -0, 0, 0, 0, 0, 0, 0.181583936, 0.118892529, 0.060203125, -0.614320737, 0.619965268, -0.487932116, -0.287597656, -0.751708984, -0.593261719, -0.734620165, -0.224143592, 0.640248696, 0, 2, 5, 1, 
260.030185, 40, 0.1, 0.1, 0.00951638229, 0.327612596, -0.0349691627, 0.873016614, -1.55333386e-005, 0.487690466, 0.487690467, 2.2424209e-005, -0.873016614, 2.62478976e-006, 1, 2.71521681e-005, 0.873016576, -1.66085931e-005, 0.487690535, 0.487690535, 1.70423643e-005, -0.873016576, 6.18817729e-006, 1, 2.29781202e-005, 0, 0, 0, 0, 0, 0, 0, 0.123364941, 0.128556372, 0.132891895, -0.196726184, 0.751511289, 0.629524949, -0.236938477, -0.659423828, 0.713378906, 0.951423909, -0.00890728145, 0.307899243, 0, -0, 0, 0, 0, 0, 0, 0.181583936, 0.118892529, 0.060203125, -0.614320737, 0.619965268, -0.487932116, -0.287597656, -0.751708984, -0.593261719, -0.734620165, -0.224143592, 0.640248696, 0, 2, 5, 1, 
260.0309, 40, 0.1, 0.1, 0.00951638109, 0.327612595, -0.0349684705, 0.873016857, 9.36170695e-006, 0.487690032, 0.487690032, -2.5768493e-005, -0.873016857, 4.39410918e-006, 1, -2.70619399e-005, 0.873016806, 5.59820172e-006, 0.487690124, 0.487690124, -1.32378222e-005, -0.873016806, 1.56863095e-006, 1, -1.42870289e-005, 0, 0, 0, 0, 0, 0, 0, 0.123364941, 0.128556372, 0.132891895, -0.199506348, 0.75656426, 0.622571352, -0.239379883, -0.653686523, 0.717895508, 0.950257549, -0.00587624344, 0.311596015, 0, -0, 0, 0, 0, 0, 0, 0.181583936, 0.118892529, 0.060203125, -0.614320737, 0.619965268, -0.487932116, -0.287597656, -0.751708984, -0.593261719, -0.734620165, -0.224143592, 0.640248696, 0, 2, 5, 1, 
260.031611, 40, 0.1, 0.1, 0.00951637647, 0.327612601, -0.034967855, 0.873017018, -6.37268586e-006, 0.487689743, 0.487689743, 5.36492061e-006, -0.873017018, 2.94704646e-006, 1, 7.79156053e-006, 0.873016998, 1.03844436e-005, 0.487689779, 0.487689779, -6.43685697e-006, -0.873016998, -5.92660645e-006, 1, -1.06838726e-005, 0, 0, 0, 0, 0, 0, 0, 0.123665796, 0.127930859, 0.130985083, -0.199506348, 0.75656426, 0.622571352, -0.239379883, -0.653686523, 0.717895508, 0.950257549, -0.00587624344, 0.311596015, 0, -0, 0, 0, 0, 0, 0, 0.182174707, 0.117716748, 0.0585297852, -0.610813584, 0.617659371, -0.495325221, -0.284545898, -0.755004883, -0.590576172, -0.738793028, -0.219721728, 0.637016795, 0, 2, 5, 1, 
260.032309, 40, 0.1, 0.1, 0.00951637915, 0.327612595, -0.0349678432, 0.873017172, -1.24799931e-007, 0.487689467, 0.487689467, 5.92798733e-006, -0.873017172, -2.7820645e-006, 1, 5.23609835e-006, 0.873017135, -3.1162521e-006, 0.487689534, 0.487689534, 1.87497494e-005, -0.873017135, -6.42351508e-006, 1, 1.78886161e-005, 0, 0, 0, 0, 0, 0, 0, 0.123665796, 0.127930859, 0.130985083, -0.199506348, 0.75656426, 0.622571352, -0.239379883, -0.653686523, 0.717895508, 0.950257549, -0.00587624344, 0.311596015, 0, -0, 0, 0, 0, 0, 0, 0.182174707, 0.117716748, 0.0585297852, -0.610813584, 0.617659371, -0.495325221, -0.284545898, -0.755004883, -0.590576172, -0.738793028, -0.219721728, 0.637016795, 0, 2, 5, 1, 
260.033007, 40, 0.1, 0.1, 0.00951637578, 0.327612602, -0.0349683372, 0.873017334, 2.04489802e-005, 0.487689177, 0.487689177, -1.13726173e-005, -0.873017334, -1.23060118e-005, 1, -1.99012384e-005, 0.87301731, 1.32587511e-005, 0.487689221, 0.487689221, -2.41232667e-005, -0.87301731, 1.89537918e-007, 1, -2.75261794e-005, 0, 0, 0, 0, 0, 0, 0, 0.123665796, 0.127930859, 0.130985083, -0.199506348, 0.75656426, 0.622571352, -0.239379883, -0.653686523, 0.717895508, 0.950257549, -0.00587624344, 0.311596015, 0, -0, 0, 0, 0, 0, 0, 0.182174707, 0.117716748, 0.0585297852, -0.610813584, 0.617659371, -0.495325221, -0.284545898, -0.755004883, -0.590576172, -0.738793028, -0.219721728, 0.637016795, 0, 2, 5, 1, 
260.033721, 40, 0.1, 0.1, 0.00951637596, 0.327612595, -0.0349690833, 0.87301732, -2.51800385e-005, 0.487689202, 0.487689202, 1.96711795e-005, -0.87301732, 1.23891879e-005, 0.999999999, 2.94533133e-005, 0.873017339, -1.21314929e-005, 0.487689169, 0.48768917, 2.80990378e-005, -0.873017338, -3.11259278e-006, 1, 3.04473449e-005, 0, 0, 0, 0, 0, 0, 0, 0.123665796, 0.127930859, 0.130985083, -0.199506348, 0.75656426, 0.622571352, -0.239379883, -0.653686523, 0.717895508, 0.950257549, -0.00587624344, 0.311596015, 0, -0, 0, 0, 0, 0, 0, 0.182174707, 0.117716748, 0.0585297852, -0.610813584, 0.617659371, -0.495325221, -0.284545898, -0.755004883, -0.590576172, -0.738793028, -0.219721728, 0.637016795, 0, 2, 5, 1, 
260.034422, 40, 0.1, 0.1, 0.00951638038, 0.327612599, -0.034969834, 0.87301712, 9.98413515e-006, 0.487689561, 0.487689561, -2.14755886e-005, -0.87301712, 1.75709947e-006, 1, -2.3617715e-005, 0.873017174, -3.62563338e-006, 0.487689464, 0.487689464, -2.35410072e-005, -0.873017174, 1.46459414e-005, 1, -1.87835204e-005, 0, 0, 0, 0, 0, 0, 0, 0.123665796, 0.127930859, 0.130985083, -0.199506348, 0.75656426, 0.622571352, -0.239379883, -0.653686523, 0.717895508, 0.950257549, -0.00587624344, 0.311596015, 0, -0, 0, 0, 0, 0, 0, 0.182174707, 0.117716748, 0.0585297852, -0.610813584, 0.617659371, -0.495325221, -0.284545898, -0.755004883, -0.590576172, -0.738793028, -0.219721728, 0.637016795, 0, 2, 5, 1, 
260.035119, 40, 0.1, 0.1, 0.00951637174, 0.327612595, -0.0349704661, 0.873016749, 1.13331633e-005, 0.487690225, 0.487690224, 3.15760965e-005, -0.873016749, -2.5293395e-005, 0.999999999, 2.20393882e-005, 0.873016835, 2.21360695e-005, 0.487690071, 0.48769007, 2.58331621e-005, -0.873016835, -3.1923738e-005, 0.999999999, 1.17572441e-005, 0, 0, 0, 0, 0, 0, 0, 0.123665796, 0.127930859, 0.130985083, -0.199506348, 0.75656426, 0.622571352, -0.239379883, -0.653686523, 0.717895508, 0.950257549, -0.00587624344, 0.311596015, 0, -0, 0, 0, 0, 0, 0, 0.182174707, 0.117716748, 0.0585297852, -0.610813584, 0.617659371, -0.495325221, -0.284545898, -0.755004883, -0.590576172, -0.738793028, -0.219721728, 0.637016795, 0, 2, 5, 1, 
260.035848, 40, 0.1, 0.1, 0.00951637668, 0.327612593, -0.0349706526, 0.873016206, -1.12901992e-005, 0.487691197, 0.487691197, -2.06051139e-005, -0.873016206, 1.99054595e-005, 1, -1.24824676e-005, 0.873016334, -2.09222634e-005, 0.487690969, 0.487690969, -5.00487145e-006, -0.873016334, 2.07063083e-005, 1, 5.83426437e-006, 0, 0, 0, 0, 0, 0, 0, 0.124134619, 0.127109204, 0.128183105, -0.199087358, 0.762137692, 0.615856646, -0.23828125, -0.647216797, 0.724121094, 0.950561963, -0.0026804546, 0.310558457, 0, -0, 0, 0, 0, 0, 0, 0.182174707, 0.117716748, 0.0585297852, -0.608603202, 0.614989269, -0.5012101, -0.283081055, -0.758422852, -0.586914062, -0.741138305, -0.215338144, 0.635784556, 0, 2, 5, 1, 
260.036553, 40, 0.1, 0.1, 0.00951637, 0.327612598, -0.0349701959, 0.873015554, 2.68648598e-005, 0.487692363, 0.487692363, 6.1019286e-006, -0.873015555, -2.64293045e-005, 1, -7.77470839e-006, 0.87301569, 2.96787632e-005, 0.48769212, 0.487692121, -5.96804159e-006, -0.87301569, -2.29994591e-005, 1, -1.96842929e-005, 0, 0, 0, 0, 0, 0, 0, 0.124134619, 0.127109204, 0.128183105, -0.199087358, 0.762137692, 0.615856646, -0.23828125, -0.647216797, 0.724121094, 0.950561963, -0.0026804546, 0.310558457, 0, -0, 0, 0, 0, 0, 0, 0.182941357, 0.116516064, 0.0561053223, -0.608603202, 0.614989269, -0.5012101, -0.283081055, -0.758422852, -0.586914062, -0.741138305, -0.215338144, 0.635784556, 0, 2, 5, 1, 
260.037249, 40, 0.1, 0.1, 0.00951637277, 0.327612593, -0.0349696087, 0.873014804, -3.04577102e-005, 0.487693707, 0.487693707, 1.08282665e-006, -0.873014804, 2.60619442e-005, 1, 1.57993573e-005, 0.873014961, -2.40349576e-005, 0.487693426, 0.487693426, 1.29230088e-005, -0.873014961, 1.46804111e-005, 1, 2.30036708e-005, 0, 0, 0, 0, 0, 0, 0, 0.124134619, 0.127109204, 0.128183105, -0.199087358, 0.762137692, 0.615856646, -0.23828125, -0.647216797, 0.724121094, 0.950561963, -0.0026804546, 0.310558457, 0, -0, 0, 0, 0, 0, 0, 0.182941357, 0.116516064, 0.0561053223, -0.608603202, 0.614989269, -0.5012101, -0.283081055, -0.758422852, -0.586914062, -0.741138305, -0.215338144, 0.635784556, 0, 2, 5, 1, 
