time, trialNum, realDorsalTactorPos, realVentralTactorPos, boxPosX, boxPosY, boxPosZ, boxLocalRot_11, boxLocalRot_12, boxLocalRot_13, boxLocalRot_21, boxLocalRot_22, boxLocalRot_23, boxLocalRot_31, boxLocalRot_32, boxLocalRot_33, boxGlobalRot_11, boxGlobalRot_12, boxGlobalRot_13, boxGlobalRot_21, boxGlobalRot_22, boxGlobalRot_23, boxGlobalRot_31, boxGlobalRot_32, boxGlobalRot_33, indexForceX, indexForceY, indexForceZ, indexForceGlobalX, indexForceGlobalY, indexForceGlobalZ, indexContact, indexPosX, indexPosY, indexPosZ, indexRot_11, indexRot_12, indexRot_13, indexRot_21, indexRot_22, indexRot_23, indexRot_31, indexRot_32, indexRot_33, thumbForceX, thumbForceY, thumbForceZ, thumbForceGlobalX, thumbForceGlobalY, thumbForceGlobalZ, thumbContact, thumbPosX, thumbPosY, thumbPosZ, thumbRot_11, thumbRot_12, thumbRot_13, thumbRot_21, thumbRot_22, thumbRot_23, thumbRot_31, thumbRot_32, thumbRot_33, manipForceTooHigh, cceExpType, mapping, trialSuccess, 
288.771743, 45, 0.1, 0.1, 0.015806519, 0.36152741, -0.0349745941, 0.933441958, 5.77297005e-006, 0.358728463, 0.358728463, 8.01177872e-006, -0.933441958, -8.26278554e-006, 1, 5.40760174e-006, 0.933441943, -3.5241856e-006, 0.358728502, 0.358728502, 8.84884083e-006, -0.933441943, 1.15291233e-007, 1, 9.52410501e-006, 0, 0, 0, 0, 0, 0, 0, 0.135409448, 0.144909985, 0.142876416, -0.496205316, 0.64208563, 0.584211536, -0.605712891, -0.738037109, 0.296875, 0.622024936, -0.206625925, 0.755310652, 0, 0, 0, 0, 0, 0, 0, 0.2259021, 0.144836768, 0.109274951, -0.276517535, 0.746427349, -0.605109973, 0.186889648, -0.575927734, -0.795776367, -0.942637154, -0.333103631, 0.0197426791, 0, 2, 5, 1, 
288.796996, 45, 0.1, 0.1, 0.0158064987, 0.361527433, -0.034959743, 0.93343075, 1.29518748e-005, 0.358757627, 0.358757627, -6.66332324e-007, -0.93343075, -1.18506265e-005, 1, -5.26855896e-006, 0.93343075, 1.2400793e-005, 0.358757626, 0.358757626, -8.49750985e-006, -0.93343075, -8.52673507e-006, 1, -1.23807161e-005, 0, 0, 0, 0, 0, 0, 0, 0.138249927, 0.143419165, 0.136090894, -0.500763652, 0.660298042, 0.559653591, -0.619018555, -0.724975586, 0.301635742, 0.604949667, -0.195421007, 0.771930218, 0, 0, 0, 0, 0, 0, 0, 0.228163379, 0.141591846, 0.104439941, -0.26869716, 0.739450955, -0.617167011, 0.188232422, -0.588012695, -0.786499023, -0.944638282, -0.327454258, 0.0188436615, 0, 2, 5, 1, 
288.797692, 45, 0.1, 0.1, 0.0158064994, 0.361527431, -0.0349617469, 0.933430699, 9.45008338e-006, 0.358757758, 0.358757759, -6.57545694e-006, -0.933430699, -6.46200175e-006, 1, -9.5280241e-006, 0.933430713, -5.00690218e-006, 0.358757723, 0.358757723, 3.61104428e-006, -0.933430713, 3.37810625e-006, 1, 5.16692446e-006, 0, 0, 0, 0, 0, 0, 0, 0.138249927, 0.143419165, 0.136090894, -0.500763652, 0.660298042, 0.559653591, -0.619018555, -0.724975586, 0.301635742, 0.604949667, -0.195421007, 0.771930218, 0, 0, 0, 0, 0, 0, 0, 0.228163379, 0.141591846, 0.104439941, -0.26869716, 0.739450955, -0.617167011, 0.188232422, -0.588012695, -0.786499023, -0.944638282, -0.327454258, 0.0188436615, 0, 2, 5, 1, 
288.79842, 45, 0.1, 0.1, 0.0158064984, 0.361527433, -0.0349658658, 0.933430664, -6.81645104e-006, 0.358757851, 0.358757851, 6.08635272e-006, -0.933430664, 4.17915761e-006, 1, 8.12664358e-006, 0.933430664, -7.78377231e-006, 0.358757852, 0.358757852, -4.84104377e-007, -0.933430664, 7.439288e-006, 1, 2.34061156e-006, 0, 0, 0, 0, 0, 0, 0, 0.138249927, 0.143419165, 0.136090894, -0.500763652, 0.660298042, 0.559653591, -0.619018555, -0.724975586, 0.301635742, 0.604949667, -0.195421007, 0.771930218, 0, 0, 0, 0, 0, 0, 0, 0.228163379, 0.141591846, 0.104439941, -0.26869716, 0.739450955, -0.617167011, 0.188232422, -0.588012695, -0.786499023, -0.944638282, -0.327454258, 0.0188436615, 0, 2, 5, 1, 
288.799149, 45, 0.1, 0.1, 0.0158064964, 0.361527434, -0.0349702157, 0.933430716, 1.51839075e-006, 0.358757716, 0.358757716, -1.55978021e-005, -0.933430716, 4.17851929e-006, 1, -1.5104202e-005, 0.933430701, 4.16434389e-006, 0.358757754, 0.358757754, -1.50247534e-005, -0.933430701, 1.50312035e-006, 1, -1.55185567e-005, 0, 0, 0, 0, 0, 0, 0, 0.138249927, 0.143419165, 0.136090894, -0.500763652, 0.660298042, 0.559653591, -0.619018555, -0.724975586, 0.301635742, 0.604949667, -0.195421007, 0.771930218, 0, 0, 0, 0, 0, 0, 0, 0.228409814, 0.141057715, 0.103216309, -0.268320195, 0.737904817, -0.619115633, 0.187744141, -0.590332031, -0.784912109, -0.944721404, -0.326757565, 0.0198662801, 0, 2, 5, 1, 
288.799897, 45, 0.1, 0.1, 0.0158064956, 0.361527432, -0.0349738051, 0.933430794, -3.34873329e-006, 0.358757511, 0.358757511, 3.06493705e-006, -0.933430794, 2.02624158e-006, 1, 4.06228985e-006, 0.933430782, 1.71904283e-006, 0.358757543, 0.358757543, 9.84279764e-006, -0.933430782, -5.13578539e-006, 1, 8.57085072e-006, 0, 0, 0, 0, 0, 0, 0, 0.138249927, 0.143419165, 0.136090894, -0.500763652, 0.660298042, 0.559653591, -0.619018555, -0.724975586, 0.301635742, 0.604949667, -0.195421007, 0.771930218, 0, 0, 0, 0, 0, 0, 0, 0.228409814, 0.141057715, 0.103216309, -0.268320195, 0.737904817, -0.619115633, 0.187744141, -0.590332031, -0.784912109, -0.944721404, -0.326757565, 0.0198662801, 0, 2, 5, 1, 
288.800607, 45, 0.1, 0.1, 0.0158064947, 0.361527433, -0.0349753957, 0.93343081, 2.05470223e-007, 0.358757472, 0.358757472, 8.21639084e-006, -0.933430809, -3.13948385e-006, 1, 7.59571838e-006, 0.933430812, 6.67349571e-006, 0.358757467, 0.358757467, -2.77291229e-007, -0.933430812, -6.12976622e-006, 1, -2.65299859e-006, 0, 0, 0, 0, 0, 0, 0, 0.138249927, 0.143419165, 0.136090894, -0.500763652, 0.660298042, 0.559653591, -0.619018555, -0.724975586, 0.301635742, 0.604949667, -0.195421007, 0.771930218, 0, 0, 0, 0, 0, 0, 0, 0.228409814, 0.141057715, 0.103216309, -0.268320195, 0.737904817, -0.619115633, 0.187744141, -0.590332031, -0.784912109, -0.944721404, -0.326757565, 0.0198662801, 0, 2, 5, 1, 
288.801338, 45, 0.1, 0.1, 0.0158064962, 0.361527431, -0.0349746143, 0.93343077, 5.41452941e-006, 0.358757575, 0.358757575, -4.75349079e-006, -0.93343077, -3.34873752e-006, 1, -6.37955801e-006, 0.933430777, 2.12297997e-006, 0.358757556, 0.358757556, -1.30255669e-006, -0.933430777, -1.51435279e-006, 1, -1.97748161e-006, 0, 0, 0, 0, 0, 0, 0, 0.138699951, 0.142835498, 0.13465708, -0.500612006, 0.661960898, 0.557737617, -0.620605469, -0.723632813, 0.301879883, 0.603566138, -0.195066418, 0.773098822, 0, 0, 0, 0, 0, 0, 0, 0.228409814, 0.141057715, 0.103216309, -0.268320195, 0.737904817, -0.619115633, 0.187744141, -0.590332031, -0.784912109, -0.944721404, -0.326757565, 0.0198662801, 0, 2, 5, 1, 
288.802038, 45, 0.1, 0.1, 0.015806498, 0.36152743, -0.0349723263, 0.93343076, -2.50076637e-006, 0.3587576, 0.3587576, 1.18190718e-005, -0.93343076, -1.90588958e-006, 1, 1.19294541e-005, 0.933430757, -9.9909186e-006, 0.358757609, 0.358757609, 1.0013685e-005, -0.933430757, 5.73334502e-006, 1, 1.29313996e-005, 0, 0, 0, 0, 0, 0, 0, 0.138699951, 0.142835498, 0.13465708, -0.500612006, 0.661960898, 0.557737617, -0.620605469, -0.723632813, 0.301879883, 0.603566138, -0.195066418, 0.773098822, 0, 0, 0, 0, 0, 0, 0, 0.228409814, 0.141057715, 0.103216309, -0.268320195, 0.737904817, -0.619115633, 0.187744141, -0.590332031, -0.784912109, -0.944721404, -0.326757565, 0.0198662801, 0, 2, 5, 1, 
288.802736, 45, 0.1, 0.1, 0.0158064982, 0.361527431, -0.0349693999, 0.933430818, -3.21071659e-006, 0.358757449, 0.358757449, -5.70416685e-006, -0.933430818, 5.04339416e-006, 1, -4.17257663e-006, 0.933430804, -4.10222923e-006, 0.358757487, 0.358757487, -1.24345012e-005, -0.933430804, 8.29011751e-006, 1, -1.0135041e-005, 0, 0, 0, 0, 0, 0, 0, 0.138699951, 0.142835498, 0.13465708, -0.500612006, 0.661960898, 0.557737617, -0.620605469, -0.723632813, 0.301879883, 0.603566138, -0.195066418, 0.773098822, 0, 0, 0, 0, 0, 0, 0, 0.228409814, 0.141057715, 0.103216309, -0.268320195, 0.737904817, -0.619115633, 0.187744141, -0.590332031, -0.784912109, -0.944721404, -0.326757565, 0.0198662801, 0, 2, 5, 1, 
288.803497, 45, 0.1, 0.1, 0.0158064988, 0.36152743, -0.0349661031, 0.933430883, -3.91639335e-006, 0.35875728, 0.35875728, -1.36571065e-005, -0.933430883, 8.55526886e-006, 1, -1.13429303e-005, 0.933430877, -6.94254827e-006, 0.358757297, 0.358757297, 4.95285219e-007, -0.933430877, 6.30270173e-006, 1, 2.95300437e-006, 0, 0, 0, 0, 0, 0, 0, 0.138737036, 0.142642407, 0.133369727, -0.504103592, 0.662355923, 0.554223187, -0.620239258, -0.724121094, 0.301391602, 0.601029352, -0.191792002, 0.775880108, 0, 0, 0, 0, 0, 0, 0, 0.228409814, 0.141057715, 0.103216309, -0.268479877, 0.735444702, -0.622067551, 0.189453125, -0.592773438, -0.782592773, -0.944369959, -0.327875332, 0.0199242492, 0, 2, 5, 1, 
288.804189, 45, 0.1, 0.1, 0.0158064973, 0.361527431, -0.0349638617, 0.933430858, -7.45435074e-006, 0.358757346, 0.358757346, 9.00258918e-006, -0.933430858, 3.72837601e-006, 1, 1.10775976e-005, 0.933430872, 3.62007075e-006, 0.35875731, 0.35875731, 6.19404721e-006, -0.933430872, -5.60124552e-006, 1, 4.48298804e-006, 0, 0, 0, 0, 0, 0, 0, 0.138737036, 0.142642407, 0.133369727, -0.504103592, 0.662355923, 0.554223187, -0.620239258, -0.724121094, 0.301391602, 0.601029352, -0.191792002, 0.775880108, 0, 0, 0, 0, 0, 0, 0, 0.228853125, 0.140648193, 0.10235249, -0.268479877, 0.735444702, -0.622067551, 0.189453125, -0.592773438, -0.782592773, -0.944369959, -0.327875332, 0.0199242492, 0, 2, 5, 1, 
288.804889, 45, 0.1, 0.1, 0.0158064956, 0.361527432, -0.0349634345, 0.933430784, 1.22491999e-005, 0.358757538, 0.358757538, -1.03421636e-005, -0.933430784, -7.72345107e-006, 1, -1.40481867e-005, 0.933430797, 1.55676947e-005, 0.358757503, 0.358757503, -1.02045088e-005, -0.933430797, -1.08704216e-005, 1, -1.51102301e-005, 0, 0, 0, 0, 0, 0, 0, 0.138737036, 0.142642407, 0.133369727, -0.504103592, 0.662355923, 0.554223187, -0.620239258, -0.724121094, 0.301391602, 0.601029352, -0.191792002, 0.775880108, 0, 0, 0, 0, 0, 0, 0, 0.228853125, 0.140648193, 0.10235249, -0.268479877, 0.735444702, -0.622067551, 0.189453125, -0.592773438, -0.782592773, -0.944369959, -0.327875332, 0.0199242492, 0, 2, 5, 1, 
288.805605, 45, 0.1, 0.1, 0.0158064954, 0.361527429, -0.0349648584, 0.933430769, 9.38347544e-006, 0.358757578, 0.358757578, 1.10239178e-005, -0.933430769, -1.27137388e-005, 1, 6.92367118e-006, 0.933430764, 3.58246568e-006, 0.358757591, 0.358757591, 1.65032199e-005, -0.933430764, -9.26463908e-006, 1, 1.41193764e-005, 0, 0, 0, 0, 0, 0, 0, 0.138737036, 0.142642407, 0.133369727, -0.504103592, 0.662355923, 0.554223187, -0.620239258, -0.724121094, 0.301391602, 0.601029352, -0.191792002, 0.775880108, 0, 0, 0, 0, 0, 0, 0, 0.228853125, 0.140648193, 0.10235249, -0.268479877, 0.735444702, -0.622067551, 0.189453125, -0.592773438, -0.782592773, -0.944369959, -0.327875332, 0.0199242492, 0, 2, 5, 1, 
288.806306, 45, 0.1, 0.1, 0.0158064939, 0.36152743, -0.0349672521, 0.933430836, 4.02660742e-006, 0.358757405, 0.358757404, 9.78944469e-006, -0.933430835, -7.2705953e-006, 1, 7.69319431e-006, 0.93343082, 6.56374124e-007, 0.358757446, 0.358757446, -4.56475453e-006, -0.93343082, 1.02495984e-006, 1, -4.49636166e-006, 0, 0, 0, 0, 0, 0, 0, 0.138737036, 0.142642407, 0.133369727, -0.504103592, 0.662355923, 0.554223187, -0.620239258, -0.724121094, 0.301391602, 0.601029352, -0.191792002, 0.775880108, 0, 0, 0, 0, 0, 0, 0, 0.228853125, 0.140648193, 0.10235249, -0.268479877, 0.735444702, -0.622067551, 0.189453125, -0.592773438, -0.782592773, -0.944369959, -0.327875332, 0.0199242492, 0, 2, 5, 1, 
288.807003, 45, 0.1, 0.1, 0.015806494, 0.361527428, -0.0349701802, 0.933430885, 1.4010759e-006, 0.358757275, 0.358757275, -8.3911591e-006, -0.933430885, 1.70258185e-006, 1, -8.33521324e-006, 0.933430882, -2.99027228e-006, 0.358757284, 0.358757284, -4.37137891e-006, -0.933430882, 4.35947652e-006, 1, -3.00759811e-006, 0, 0, 0, 0, 0, 0, 0, 0.138737036, 0.142642407, 0.133369727, -0.504103592, 0.662355923, 0.554223187, -0.620239258, -0.724121094, 0.301391602, 0.601029352, -0.191792002, 0.775880108, 0, 0, 0, 0, 0, 0, 0, 0.228853125, 0.140648193, 0.10235249, -0.268479877, 0.735444702, -0.622067551, 0.189453125, -0.592773438, -0.782592773, -0.944369959, -0.327875332, 0.0199242492, 0, 2, 5, 1, 
288.807703, 45, 0.1, 0.1, 0.0158064936, 0.361527426, -0.0349727393, 0.933430862, -8.71399636e-006, 0.358757336, 0.358757336, 8.65414168e-006, -0.933430862, 5.02917632e-006, 1, 1.1204253e-005, 0.933430871, -6.50193186e-006, 0.358757311, 0.358757311, 1.01603805e-005, -0.933430871, 2.42399315e-006, 1, 1.18166284e-005, 0, 0, 0, 0, 0, 0, 0, 0.138737036, 0.142642407, 0.133369727, -0.504103592, 0.662355923, 0.554223187, -0.620239258, -0.724121094, 0.301391602, 0.601029352, -0.191792002, 0.775880108, 0, 0, 0, 0, 0, 0, 0, 0.228853125, 0.140648193, 0.10235249, -0.268479877, 0.735444702, -0.622067551, 0.189453125, -0.592773438, -0.782592773, -0.944369959, -0.327875332, 0.0199242492, 0, 2, 5, 1, 
288.808463, 45, 0.1, 0.1, 0.015806492, 0.361527428, -0.0349737455, 0.933430809, -6.25055915e-007, 0.358757474, 0.358757474, -7.0136341e-006, -0.933430809, 3.0996401e-006, 1, -6.32249867e-006, 0.933430817, 7.86387067e-006, 0.358757454, 0.358757454, -9.14261693e-006, -0.933430817, -4.06039725e-006, 1, -1.13552226e-005, 0, 0, 0, 0, 0, 0, 0, 0.13906792, 0.142063257, 0.132275098, -0.50618656, 0.663981709, 0.550105921, -0.621337891, -0.723144531, 0.301269531, 0.59802228, -0.189330479, 0.778756873, 0, 0, 0, 0, 0, 0, 0, 0.229088086, 0.140022266, 0.10126543, -0.268383995, 0.732933548, -0.625019469, 0.190795898, -0.595458984, -0.780273437, -0.944114396, -0.328507493, 0.0199822183, 0, 2, 5, 1, 
288.809157, 45, 0.1, 0.1, 0.015806492, 0.361527426, -0.0349730925, 0.933430817, 5.6520265e-006, 0.358757452, 0.358757452, -5.58982687e-006, -0.933430817, -3.27038367e-006, 1, -7.24542329e-006, 0.933430811, 4.85743187e-006, 0.358757469, 0.358757469, 4.48061658e-006, -0.933430811, -6.14153124e-006, 1, 2.43970561e-006, 0, 0, 0, 0, 0, 0, 0, 0.13906792, 0.142063257, 0.132275098, -0.50618656, 0.663981709, 0.550105921, -0.621337891, -0.723144531, 0.301269531, 0.59802228, -0.189330479, 0.778756873, 0, 0, 0, 0, 0, 0, 0, 0.229088086, 0.140022266, 0.10126543, -0.268383995, 0.732933548, -0.625019469, 0.190795898, -0.595458984, -0.780273437, -0.944114396, -0.328507493, 0.0199822183, 0, 2, 5, 1, 
288.809859, 45, 0.1, 0.1, 0.0158064922, 0.361527427, -0.0349714366, 0.933430877, 1.24566687e-006, 0.358757296, 0.358757296, 1.21220637e-005, -0.933430877, -5.51162273e-006, 1, 1.08682165e-005, 0.933430865, 1.03480501e-006, 0.358757327, 0.358757327, 6.48734451e-006, -0.933430865, -3.29330131e-006, 1, 5.68424372e-006, 0, 0, 0, 0, 0, 0, 0, 0.13906792, 0.142063257, 0.132275098, -0.50618656, 0.663981709, 0.550105921, -0.621337891, -0.723144531, 0.301269531, 0.59802228, -0.189330479, 0.778756873, 0, 0, 0, 0, 0, 0, 0, 0.229088086, 0.140022266, 0.10126543, -0.268383995, 0.732933548, -0.625019469, 0.190795898, -0.595458984, -0.780273437, -0.944114396, -0.328507493, 0.0199822183, 0, 2, 5, 1, 
288.810586, 45, 0.1, 0.1, 0.0158064924, 0.361527428, -0.0349690966, 0.933430902, 8.73728802e-006, 0.358757231, 0.358757231, -8.26441687e-006, -0.933430902, -5.19073533e-006, 1, -1.08488274e-005, 0.933430904, 5.80173425e-007, 0.358757226, 0.358757226, -1.25564755e-005, -0.933430904, 3.96317452e-006, 1, -1.19287437e-005, 0, 0, 0, 0, 0, 0, 0, 0.13906792, 0.142063257, 0.132275098, -0.50618656, 0.663981709, 0.550105921, -0.621337891, -0.723144531, 0.301269531, 0.59802228, -0.189330479, 0.778756873, 0, 0, 0, 0, 0, 0, 0, 0.229088086, 0.140022266, 0.10126543, -0.268383995, 0.732933548, -0.625019469, 0.190795898, -0.595458984, -0.780273437, -0.944114396, -0.328507493, 0.0199822183, 0, 2, 5, 1, 
288.811278, 45, 0.1, 0.1, 0.0158064933, 0.361527426, -0.0349669446, 0.933430849, -5.23849673e-006, 0.35875737, 0.35875737, 4.54504148e-006, -0.933430849, 3.25920732e-006, 1, 6.12183123e-006, 0.933430863, -1.06305283e-005, 0.358757332, 0.358757333, 9.57324668e-006, -0.933430863, 6.4883908e-006, 1, 1.27497439e-005, 0, 0, 0, 0, 0, 0, 0, 0.13906792, 0.142063257, 0.132275098, -0.50618656, 0.663981709, 0.550105921, -0.621337891, -0.723144531, 0.301269531, 0.59802228, -0.189330479, 0.778756873, 0, 0, 0, 0, 0, 0, 0, 0.229088086, 0.140022266, 0.10126543, -0.268383995, 0.732933548, -0.625019469, 0.190795898, -0.595458984, -0.780273437, -0.944114396, -0.328507493, 0.0199822183, 0, 2, 5, 1, 
288.811974, 45, 0.1, 0.1, 0.0158064919, 0.361527427, -0.0349657217, 0.93343079, -8.44972175e-006, 0.358757523, 0.358757523, 4.84212951e-006, -0.93343079, 6.15008006e-006, 1, 7.55119402e-006, 0.933430796, -1.5236321e-006, 0.358757508, 0.358757508, -5.93070899e-006, -0.933430796, 3.54989151e-006, 1, -4.98929196e-006, 0, 0, 0, 0, 0, 0, 0, 0.13906792, 0.142063257, 0.132275098, -0.50618656, 0.663981709, 0.550105921, -0.621337891, -0.723144531, 0.301269531, 0.59802228, -0.189330479, 0.778756873, 0, 0, 0, 0, 0, 0, 0, 0.229088086, 0.140022266, 0.10126543, -0.268383995, 0.732933548, -0.625019469, 0.190795898, -0.595458984, -0.780273437, -0.944114396, -0.328507493, 0.0199822183, 0, 2, 5, 1, 
288.812688, 45, 0.1, 0.1, 0.0158064913, 0.361527426, -0.0349656979, 0.933430814, 6.71836291e-007, 0.35875746, 0.35875746, -1.41023764e-005, -0.933430814, 4.43222005e-006, 1, -1.3404619e-005, 0.9334308, 7.76195729e-006, 0.358757496, 0.358757496, -4.67115543e-006, -0.9334308, -5.56943798e-006, 1, -7.14486071e-006, 0, 0, 0, 0, 0, 0, 0, 0.13906792, 0.142063257, 0.132275098, -0.50618656, 0.663981709, 0.550105921, -0.621337891, -0.723144531, 0.301269531, 0.59802228, -0.189330479, 0.778756873, 0, 0, 0, 0, 0, 0, 0, 0.229088086, 0.140022266, 0.10126543, -0.268383995, 0.732933548, -0.625019469, 0.190795898, -0.595458984, -0.780273437, -0.944114396, -0.328507493, 0.0199822183, 0, 2, 5, 1, 
288.813425, 45, 0.1, 0.1, 0.0158064915, 0.361527424, -0.0349661863, 0.933430893, -7.27007598e-007, 0.358757256, 0.358757256, 1.46856994e-005, -0.933430893, -4.58998985e-006, 1, 1.39689047e-005, 0.93343088, 2.08644031e-006, 0.35875729, 0.35875729, 1.6234627e-005, -0.93343088, -7.77183861e-006, 1, 1.44053765e-005, 0, 0, 0, 0, 0, 0, 0, 0.139183008, 0.141522681, 0.130934155, -0.508129866, 0.666324909, 0.54552548, -0.622558594, -0.721801758, 0.302001953, 0.595116679, -0.186241031, 0.781830591, 0, 0, 0, 0, 0, 0, 0, 0.22912959, 0.139381445, 0.100143457, -0.267776987, 0.730166831, -0.628444233, 0.192260742, -0.598632813, -0.77746582, -0.944050597, -0.329043773, 0.0198677464, 0, 2, 5, 1, 
288.81413, 45, 0.1, 0.1, 0.0158064912, 0.361527426, -0.0349674634, 0.933430912, 8.53935317e-006, 0.358757204, 0.358757204, -2.16498838e-006, -0.933430912, -7.19419105e-006, 1, -5.08442155e-006, 0.933430916, 8.07110412e-006, 0.358757196, 0.358757196, -8.91088775e-006, -0.933430916, -4.33697301e-006, 1, -1.12132648e-005, 0, 0, 0, 0, 0, 0, 0, 0.139183008, 0.141522681, 0.130934155, -0.508129866, 0.666324909, 0.54552548, -0.622558594, -0.721801758, 0.302001953, 0.595116679, -0.186241031, 0.781830591, 0, 0, 0, 0, 0, 0, 0, 0.22912959, 0.139381445, 0.100143457, -0.267776987, 0.730166831, -0.628444233, 0.192260742, -0.598632813, -0.77746582, -0.944050597, -0.329043773, 0.0198677464, 0, 2, 5, 1, 
288.814824, 45, 0.1, 0.1, 0.0158064924, 0.361527424, -0.0349692938, 0.933430858, 5.91409604e-006, 0.358757346, 0.358757346, -4.59686812e-006, -0.933430858, -3.87123953e-006, 1, -6.41258395e-006, 0.933430871, -5.69170127e-006, 0.358757312, 0.358757312, 3.14379988e-006, -0.933430871, 4.18494848e-006, 1, 4.97645931e-006, 0, 0, 0, 0, 0, 0, 0, 0.139183008, 0.141522681, 0.130934155, -0.508129866, 0.666324909, 0.54552548, -0.622558594, -0.721801758, 0.302001953, 0.595116679, -0.186241031, 0.781830591, 0, 0, 0, 0, 0, 0, 0, 0.22912959, 0.139381445, 0.100143457, -0.267776987, 0.730166831, -0.628444233, 0.192260742, -0.598632813, -0.77746582, -0.944050597, -0.329043773, 0.0198677464, 0, 2, 5, 1, 
288.815604, 45, 0.1, 0.1, 0.0158064927, 0.361527425, -0.034970838, 0.933430819, -7.65164687e-006, 0.358757449, 0.358757449, 1.0418208e-005, -0.933430818, 3.40467328e-006, 1, 1.24697617e-005, 0.933430819, -9.12696228e-006, 0.358757447, 0.358757447, 3.23129686e-006, -0.933430819, 7.36013607e-006, 1, 6.29055776e-006, 0, 0, 0, 0, 0, 0, 0, 0.139488745, 0.141186914, 0.12957832, -0.510739287, 0.668237135, 0.540665713, -0.622802734, -0.721191406, 0.303100586, 0.592687356, -0.181970996, 0.784701365, 0, 0, 0, 0, 0, 0, 0, 0.22912959, 0.139381445, 0.100143457, -0.267572463, 0.726978307, -0.632207683, 0.194580078, -0.60168457, -0.774536133, -0.943660872, -0.330238099, 0.0194721919, 0, 2, 5, 1, 
288.816296, 45, 0.1, 0.1, 0.015806492, 0.361527425, -0.0349711646, 0.933430858, -1.57930292e-006, 0.358757345, 0.358757345, -1.09420211e-005, -0.933430858, 5.39970052e-006, 1, -9.64703361e-006, 0.933430846, 7.15184069e-007, 0.358757378, 0.358757378, -1.04224261e-005, -0.933430846, 3.07154738e-006, 1, -9.98519154e-006, 0, 0, 0, 0, 0, 0, 0, 0.139488745, 0.141186914, 0.12957832, -0.510739287, 0.668237135, 0.540665713, -0.622802734, -0.721191406, 0.303100586, 0.592687356, -0.181970996, 0.784701365, 0, 0, 0, 0, 0, 0, 0, 0.229374561, 0.138922119, 0.0992164063, -0.267572463, 0.726978307, -0.632207683, 0.194580078, -0.60168457, -0.774536133, -0.943660872, -0.330238099, 0.0194721919, 0, 2, 5, 1, 
288.816994, 45, 0.1, 0.1, 0.0158064919, 0.361527422, -0.0349710105, 0.933430922, -4.12090464e-006, 0.35875718, 0.35875718, 3.87366213e-006, -0.933430922, 2.45687571e-006, 1, 5.09420014e-006, 0.933430911, 8.59006066e-007, 0.358757209, 0.358757209, 1.2160733e-005, -0.933430911, -5.16457346e-006, 1, 1.10430295e-005, 0, 0, 0, 0, 0, 0, 0, 0.139488745, 0.141186914, 0.12957832, -0.510739287, 0.668237135, 0.540665713, -0.622802734, -0.721191406, 0.303100586, 0.592687356, -0.181970996, 0.784701365, 0, 0, 0, 0, 0, 0, 0, 0.229374561, 0.138922119, 0.0992164063, -0.267572463, 0.726978307, -0.632207683, 0.194580078, -0.60168457, -0.774536133, -0.943660872, -0.330238099, 0.0194721919, 0, 2, 5, 1, 
288.817713, 45, 0.1, 0.1, 0.0158064904, 0.361527423, -0.0349703651, 0.933430922, 2.12052409e-006, 0.358757181, 0.358757181, 8.55781433e-006, -0.933430922, -5.0495401e-006, 1, 7.22737527e-006, 0.933430928, 9.61399372e-006, 0.358757164, 0.358757164, -1.23975551e-006, -0.933430928, -8.52922791e-006, 1, -4.60631526e-006, 0, 0, 0, 0, 0, 0, 0, 0.139488745, 0.141186914, 0.12957832, -0.510739287, 0.668237135, 0.540665713, -0.622802734, -0.721191406, 0.303100586, 0.592687356, -0.181970996, 0.784701365, 0, 0, 0, 0, 0, 0, 0, 0.229374561, 0.138922119, 0.0992164063, -0.267572463, 0.726978307, -0.632207683, 0.194580078, -0.60168457, -0.774536133, -0.943660872, -0.330238099, 0.0194721919, 0, 2, 5, 1, 
288.818413, 45, 0.1, 0.1, 0.0158064908, 0.361527422, -0.0349692769, 0.933430862, 1.0808364e-005, 0.358757336, 0.358757336, -8.85940847e-006, -0.933430862, -6.9104827e-006, 1, -1.21472251e-005, 0.933430874, 6.53467873e-006, 0.358757306, 0.358757306, -4.4722339e-006, -0.933430874, -4.49522429e-006, 1, -6.51888493e-006, 0, 0, 0, 0, 0, 0, 0, 0.139488745, 0.141186914, 0.12957832, -0.510739287, 0.668237135, 0.540665713, -0.622802734, -0.721191406, 0.303100586, 0.592687356, -0.181970996, 0.784701365, 0, 0, 0, 0, 0, 0, 0, 0.229374561, 0.138922119, 0.0992164063, -0.267572463, 0.726978307, -0.632207683, 0.194580078, -0.60168457, -0.774536133, -0.943660872, -0.330238099, 0.0194721919, 0, 2, 5, 1, 
288.81911, 45, 0.1, 0.1, 0.0158064914, 0.361527422, -0.0349683526, 0.933430837, 8.62225388e-007, 0.3587574, 0.3587574, 1.09312191e-005, -0.933430837, -4.72648352e-006, 1, 9.8942073e-006, 0.933430836, -7.37416275e-006, 0.358757404, 0.358757404, 8.51810003e-006, -0.933430836, 3.82733945e-006, 1, 1.05965927e-005, 0, 0, 0, 0, 0, 0, 0, 0.139488745, 0.141186914, 0.12957832, -0.510739287, 0.668237135, 0.540665713, -0.622802734, -0.721191406, 0.303100586, 0.592687356, -0.181970996, 0.784701365, 0, 0, 0, 0, 0, 0, 0, 0.229374561, 0.138922119, 0.0992164063, -0.267572463, 0.726978307, -0.632207683, 0.194580078, -0.60168457, -0.774536133, -0.943660872, -0.330238099, 0.0194721919, 0, 2, 5, 1, 
288.81981, 45, 0.1, 0.1, 0.0158064907, 0.361527424, -0.0349678918, 0.93343089, -1.4943512e-006, 0.358757263, 0.358757263, -7.45317991e-006, -0.93343089, 4.06875599e-006, 1, -6.42091901e-006, 0.933430876, -1.97864528e-006, 0.3587573, 0.3587573, -1.46551552e-005, -0.933430876, 7.10457251e-006, 1, -1.29697209e-005, 0, 0, 0, 0, 0, 0, 0, 0.139488745, 0.141186914, 0.12957832, -0.510739287, 0.668237135, 0.540665713, -0.622802734, -0.721191406, 0.303100586, 0.592687356, -0.181970996, 0.784701365, 0, 0, 0, 0, 0, 0, 0, 0.229374561, 0.138922119, 0.0992164063, -0.267572463, 0.726978307, -0.632207683, 0.194580078, -0.60168457, -0.774536133, -0.943660872, -0.330238099, 0.0194721919, 0, 2, 5, 1, 
288.820564, 45, 0.1, 0.1, 0.0158064912, 0.361527422, -0.0349674353, 0.933430953, -4.56803772e-006, 0.358757099, 0.358757099, -8.8960624e-006, -0.933430953, 7.45547334e-006, 1, -6.66504404e-006, 0.933430947, -6.57556073e-006, 0.358757114, 0.358757114, 3.36202917e-006, -0.933430947, 4.93168e-006, 1, 5.49725126e-006, 0, 0, 0, 0, 0, 0, 0, 0.139846729, 0.140455566, 0.128210278, -0.512301794, 0.67117718, 0.535564811, -0.624145508, -0.719360352, 0.30456543, 0.589845035, -0.178234528, 0.787610331, 0, 0, 0, 0, 0, 0, 0, 0.229693994, 0.137865088, 0.098076123, -0.266090124, 0.724352314, -0.63586249, 0.195922852, -0.605102539, -0.771484375, -0.943750558, -0.329777646, 0.0192107989, 0, 2, 5, 1, 
288.821253, 45, 0.1, 0.1, 0.0158064903, 0.361527422, -0.0349674416, 0.933430931, -7.90649321e-006, 0.358757155, 0.358757155, 9.61512391e-006, -0.933430931, 3.93067082e-006, 1, 1.18115651e-005, 0.933430943, 2.0939598e-006, 0.358757125, 0.358757125, 7.57493476e-006, -0.933430943, -4.67212869e-006, 1, 6.3194555e-006, 0, 0, 0, 0, 0, 0, 0, 0.139846729, 0.140455566, 0.128210278, -0.512301794, 0.67117718, 0.535564811, -0.624145508, -0.719360352, 0.30456543, 0.589845035, -0.178234528, 0.787610331, 0, 0, 0, 0, 0, 0, 0, 0.229693994, 0.137865088, 0.098076123, -0.266090124, 0.724352314, -0.63586249, 0.195922852, -0.605102539, -0.771484375, -0.943750558, -0.329777646, 0.0192107989, 0, 2, 5, 1, 
288.821952, 45, 0.1, 0.1, 0.0158064894, 0.361527423, -0.0349680934, 0.933430865, 9.1749847e-006, 0.358757327, 0.358757328, -1.00213405e-005, -0.933430865, -4.96898459e-006, 1, -1.26458215e-005, 0.933430877, 1.20162746e-005, 0.358757297, 0.358757297, -9.34817833e-006, -0.933430877, -7.86263451e-006, 1, -1.30368045e-005, 0, 0, 0, 0, 0, 0, 0, 0.139846729, 0.140455566, 0.128210278, -0.512301794, 0.67117718, 0.535564811, -0.624145508, -0.719360352, 0.30456543, 0.589845035, -0.178234528, 0.787610331, 0, 0, 0, 0, 0, 0, 0, 0.229693994, 0.137865088, 0.098076123, -0.266090124, 0.724352314, -0.63586249, 0.195922852, -0.605102539, -0.771484375, -0.943750558, -0.329777646, 0.0192107989, 0, 2, 5, 1, 
288.822681, 45, 0.1, 0.1, 0.0158064897, 0.361527421, -0.0349689979, 0.933430852, 7.35252416e-006, 0.358757361, 0.358757361, 7.8233376e-006, -0.933430852, -9.66975285e-006, 1, 4.66477251e-006, 0.933430848, 2.42849645e-006, 0.358757373, 0.358757373, 1.26831169e-005, -0.933430848, -6.8169952e-006, 1, 1.09675715e-005, 0, 0, 0, 0, 0, 0, 0, 0.139846729, 0.140455566, 0.128210278, -0.512301794, 0.67117718, 0.535564811, -0.624145508, -0.719360352, 0.30456543, 0.589845035, -0.178234528, 0.787610331, 0, 0, 0, 0, 0, 0, 0, 0.229693994, 0.137865088, 0.098076123, -0.266090124, 0.724352314, -0.63586249, 0.195922852, -0.605102539, -0.771484375, -0.943750558, -0.329777646, 0.0192107989, 0, 2, 5, 1, 
288.823372, 45, 0.1, 0.1, 0.0158064887, 0.361527422, -0.0349697807, 0.933430911, 3.64949016e-006, 0.358757209, 0.358757209, 8.26388239e-006, -0.933430911, -6.3712743e-006, 1, 6.40448236e-006, 0.933430897, 3.18337395e-007, 0.358757246, 0.358757246, -5.06114479e-006, -0.933430897, 1.5185764e-006, 1, -4.83843476e-006, 0, 0, 0, 0, 0, 0, 0, 0.139846729, 0.140455566, 0.128210278, -0.512301794, 0.67117718, 0.535564811, -0.624145508, -0.719360352, 0.30456543, 0.589845035, -0.178234528, 0.787610331, 0, 0, 0, 0, 0, 0, 0, 0.229693994, 0.137865088, 0.098076123, -0.266090124, 0.724352314, -0.63586249, 0.195922852, -0.605102539, -0.771484375, -0.943750558, -0.329777646, 0.0192107989, 0, 2, 5, 1, 
288.824071, 45, 0.1, 0.1, 0.0158064886, 0.361527421, -0.0349704564, 0.933430954, 2.06745874e-006, 0.358757097, 0.358757097, -9.40556157e-006, -0.933430954, 1.44448198e-006, 1, -9.5211578e-006, 0.933430951, -2.3501321e-006, 0.358757103, 0.358757103, -5.74965983e-006, -0.933430951, 4.25641734e-006, 1, -4.52378386e-006, 0, 0, 0, 0, 0, 0, 0, 0.139846729, 0.140455566, 0.128210278, -0.512301794, 0.67117718, 0.535564811, -0.624145508, -0.719360352, 0.30456543, 0.589845035, -0.178234528, 0.787610331, 0, 0, 0, 0, 0, 0, 0, 0.229693994, 0.137865088, 0.098076123, -0.266090124, 0.724352314, -0.63586249, 0.195922852, -0.605102539, -0.771484375, -0.943750558, -0.329777646, 0.0192107989, 0, 2, 5, 1, 
288.824784, 45, 0.1, 0.1, 0.0158064884, 0.361527419, -0.034970815, 0.933430923, -9.29482082e-006, 0.358757176, 0.358757176, 9.14518151e-006, -0.933430923, 5.3951737e-006, 1, 1.18709789e-005, 0.933430935, -6.92199788e-006, 0.358757145, 0.358757145, 1.07734338e-005, -0.933430935, 2.5961606e-006, 1, 1.25395726e-005, 0, 0, 0, 0, 0, 0, 0, 0.139846729, 0.140455566, 0.128210278, -0.512301794, 0.67117718, 0.535564811, -0.624145508, -0.719360352, 0.30456543, 0.589845035, -0.178234528, 0.787610331, 0, 0, 0, 0, 0, 0, 0, 0.229693994, 0.137865088, 0.098076123, -0.266090124, 0.724352314, -0.63586249, 0.195922852, -0.605102539, -0.771484375, -0.943750558, -0.329777646, 0.0192107989, 0, 2, 5, 1, 
288.825531, 45, 0.1, 0.1, 0.0158064866, 0.361527421, -0.0349700834, 0.933430862, -9.29366805e-007, 0.358757336, 0.358757336, -6.71637302e-006, -0.933430862, 3.27704775e-006, 1, -5.9358527e-006, 0.933430871, 9.17299805e-006, 0.358757311, 0.358757311, -9.5189587e-006, -0.933430871, -5.14736354e-006, 1, -1.217617e-005, 0, 0, 0, 0, 0, 0, 0, 0.140241211, 0.1397479, 0.126624487, -0.513210168, 0.674555312, 0.530609564, -0.625244141, -0.717285156, 0.307250977, 0.588011436, -0.174073078, 0.789878269, 0, 0, 0, 0, 0, 0, 0, 0.229980225, 0.13702959, 0.0969658691, -0.265093392, 0.721739082, -0.639191373, 0.196655273, -0.608520508, -0.768676758, -0.943891282, -0.329438594, 0.0193518901, 0, 2, 5, 1, 
288.826224, 45, 0.1, 0.1, 0.0158064867, 0.361527419, -0.0349691926, 0.933430869, 6.57518975e-006, 0.358757317, 0.358757317, -4.67443447e-006, -0.933430869, -4.46049752e-006, 1, -6.72215886e-006, 0.933430862, 5.65311247e-006, 0.358757336, 0.358757335, 6.79695211e-006, -0.933430862, -7.71524607e-006, 1, 4.3163893e-006, 0, 0, 0, 0, 0, 0, 0, 0.140241211, 0.1397479, 0.126624487, -0.513210168, 0.674555312, 0.530609564, -0.625244141, -0.717285156, 0.307250977, 0.588011436, -0.174073078, 0.789878269, 0, 0, 0, 0, 0, 0, 0, 0.229980225, 0.13702959, 0.0969658691, -0.265093392, 0.721739082, -0.639191373, 0.196655273, -0.608520508, -0.768676758, -0.943891282, -0.329438594, 0.0193518901, 0, 2, 5, 1, 
288.826922, 45, 0.1, 0.1, 0.0158064869, 0.361527419, -0.0349684798, 0.933430935, 1.52928126e-006, 0.358757146, 0.358757145, 1.46922689e-005, -0.933430935, -6.69843488e-006, 1, 1.31655777e-005, 0.933430922, 1.25551516e-006, 0.358757179, 0.358757179, 8.44382665e-006, -0.933430922, -4.2012201e-006, 1, 7.43130382e-006, 0, 0, 0, 0, 0, 0, 0, 0.140241211, 0.1397479, 0.126624487, -0.513210168, 0.674555312, 0.530609564, -0.625244141, -0.717285156, 0.307250977, 0.588011436, -0.174073078, 0.789878269, 0, 0, 0, 0, 0, 0, 0, 0.229980225, 0.13702959, 0.0969658691, -0.265093392, 0.721739082, -0.639191373, 0.196655273, -0.608520508, -0.768676758, -0.943891282, -0.329438594, 0.0193518901, 0, 2, 5, 1, 
288.827656, 45, 0.1, 0.1, 0.0158064874, 0.36152742, -0.0349678261, 0.933430964, 8.16204929e-006, 0.358757069, 0.358757069, -8.68251591e-006, -0.933430964, -4.50379558e-006, 1, -1.10327221e-005, 0.933430966, -2.51275932e-007, 0.358757065, 0.358757065, -1.26754068e-005, -0.933430966, 4.78194047e-006, 1, -1.17414702e-005, 0, 0, 0, 0, 0, 0, 0, 0.140241211, 0.1397479, 0.126624487, -0.513210168, 0.674555312, 0.530609564, -0.625244141, -0.717285156, 0.307250977, 0.588011436, -0.174073078, 0.789878269, 0, 0, 0, 0, 0, 0, 0, 0.229980225, 0.13702959, 0.0969658691, -0.265093392, 0.721739082, -0.639191373, 0.196655273, -0.608520508, -0.768676758, -0.943891282, -0.329438594, 0.0193518901, 0, 2, 5, 1, 
288.828357, 45, 0.1, 0.1, 0.0158064884, 0.361527417, -0.0349674411, 0.933430911, -5.74517337e-006, 0.358757208, 0.358757208, 4.33915145e-006, -0.933430911, 3.80602055e-006, 1, 6.11142045e-006, 0.933430925, -1.09144493e-005, 0.358757171, 0.358757171, 9.36362308e-006, -0.933430925, 6.82861759e-006, 1, 1.26559323e-005, 0, 0, 0, 0, 0, 0, 0, 0.140241211, 0.1397479, 0.126624487, -0.513210168, 0.674555312, 0.530609564, -0.625244141, -0.717285156, 0.307250977, 0.588011436, -0.174073078, 0.789878269, 0, 0, 0, 0, 0, 0, 0, 0.230241797, 0.13634043, 0.0958006836, -0.264646065, 0.718416396, -0.643210385, 0.198974609, -0.611816406, -0.765380859, -0.943476038, -0.330524279, 0.0190522175, 0, 2, 5, 1, 
288.829061, 45, 0.1, 0.1, 0.015806487, 0.361527419, -0.0349677023, 0.933430851, -7.6043749e-006, 0.358757363, 0.358757363, 2.90082333e-006, -0.933430851, 6.05746641e-006, 1, 5.43584347e-006, 0.933430857, -1.08277504e-006, 0.358757348, 0.358757348, -7.08923822e-006, -0.933430857, 3.55401193e-006, 1, -6.22886021e-006, 0, 0, 0, 0, 0, 0, 0, 0.140241211, 0.1397479, 0.126624487, -0.513210168, 0.674555312, 0.530609564, -0.625244141, -0.717285156, 0.307250977, 0.588011436, -0.174073078, 0.789878269, 0, 0, 0, 0, 0, 0, 0, 0.230241797, 0.13634043, 0.0958006836, -0.264646065, 0.718416396, -0.643210385, 0.198974609, -0.611816406, -0.765380859, -0.943476038, -0.330524279, 0.0190522175, 0, 2, 5, 1, 
288.829767, 45, 0.1, 0.1, 0.0158064863, 0.361527418, -0.0349685051, 0.933430871, 1.51270548e-006, 0.358757312, 0.358757312, -1.31718684e-005, -0.933430871, 3.3134981e-006, 1, -1.28377227e-005, 0.933430859, 7.80549065e-006, 0.358757343, 0.358757343, -4.84757624e-006, -0.933430859, -5.54678227e-006, 1, -7.32515434e-006, 0, 0, 0, 0, 0, 0, 0, 0.140241211, 0.1397479, 0.126624487, -0.513210168, 0.674555312, 0.530609564, -0.625244141, -0.717285156, 0.307250977, 0.588011436, -0.174073078, 0.789878269, 0, 0, 0, 0, 0, 0, 0, 0.230241797, 0.13634043, 0.0958006836, -0.264646065, 0.718416396, -0.643210385, 0.198974609, -0.611816406, -0.765380859, -0.943476038, -0.330524279, 0.0190522175, 0, 2, 5, 1, 
288.830497, 45, 0.1, 0.1, 0.0158064861, 0.361527417, -0.0349691236, 0.933430938, 2.5706954e-007, 0.358757137, 0.358757137, 1.30410824e-005, -0.933430938, -4.91853803e-006, 1, 1.20807242e-005, 0.933430927, 2.83472048e-006, 0.358757167, 0.358757167, 1.43496476e-005, -0.933430927, -7.79405469e-006, 1, 1.23774286e-005, 0, 0, 0, 0, 0, 0, 0, 0.140372534, 0.139021191, 0.125007446, -0.51485505, 0.677527558, 0.525007296, -0.626098633, -0.715454102, 0.309570312, 0.585429345, -0.169352974, 0.792743052, 0, 0, 0, 0, 0, 0, 0, 0.230241797, 0.13634043, 0.0958006836, -0.264646065, 0.718416396, -0.643210385, 0.198974609, -0.611816406, -0.765380859, -0.943476038, -0.330524279, 0.0190522175, 0, 2, 5, 1, 
288.83119, 45, 0.1, 0.1, 0.0158064856, 0.361527419, -0.0349697554, 0.933430953, 8.88870445e-006, 0.358757098, 0.358757098, -1.14995143e-006, -0.933430953, -7.88443863e-006, 1, -4.26228607e-006, 0.933430957, 8.5608125e-006, 0.358757089, 0.358757089, -7.5197126e-006, -0.933430957, -5.2931772e-006, 1, -1.00903847e-005, 0, 0, 0, 0, 0, 0, 0, 0.140372534, 0.139021191, 0.125007446, -0.51485505, 0.677527558, 0.525007296, -0.626098633, -0.715454102, 0.309570312, 0.585429345, -0.169352974, 0.792743052, 0, 0, 0, 0, 0, 0, 0, 0.230241797, 0.13634043, 0.0958006836, -0.264646065, 0.718416396, -0.643210385, 0.198974609, -0.611816406, -0.765380859, -0.943476038, -0.330524279, 0.0190522175, 0, 2, 5, 1, 
288.831934, 45, 0.1, 0.1, 0.0158064867, 0.361527417, -0.0349699974, 0.933430895, 6.88428949e-006, 0.358757251, 0.358757251, -4.65013526e-006, -0.933430895, -4.75773876e-006, 1, -6.81036869e-006, 0.933430908, -4.72720421e-006, 0.358757215, 0.358757215, 3.01622953e-006, -0.933430908, 3.33042441e-006, 1, 4.51136049e-006, 0, 0, 0, 0, 0, 0, 0, 0.140372534, 0.139021191, 0.125007446, -0.51485505, 0.677527558, 0.525007296, -0.626098633, -0.715454102, 0.309570312, 0.585429345, -0.169352974, 0.792743052, 0, 0, 0, 0, 0, 0, 0, 0.230241797, 0.13634043, 0.0958006836, -0.264646065, 0.718416396, -0.643210385, 0.198974609, -0.611816406, -0.765380859, -0.943476038, -0.330524279, 0.0190522175, 0, 2, 5, 1, 
288.832664, 45, 0.1, 0.1, 0.0158064866, 0.361527417, -0.0349696425, 0.933430855, -6.88025754e-006, 0.358757355, 0.358757355, 1.00003518e-005, -0.933430854, 2.83454492e-006, 1, 1.18029799e-005, 0.933430856, -8.14501842e-006, 0.358757351, 0.358757351, 3.321419e-006, -0.933430856, 6.41122803e-006, 1, 6.02240022e-006, 0, 0, 0, 0, 0, 0, 0, 0.140765063, 0.138333179, 0.123384302, -0.515757432, 0.681286487, 0.519284461, -0.627807617, -0.712890625, 0.312011719, 0.582853246, -0.165128245, 0.795626931, 0, 0, 0, 0, 0, 0, 0, 0.230241797, 0.13634043, 0.0958006836, -0.263285127, 0.715330316, -0.647107996, 0.200439453, -0.615478516, -0.762084961, -0.943578483, -0.330357668, 0.0187653048, 0, 2, 5, 1, 
288.833352, 45, 0.1, 0.1, 0.0158064857, 0.361527418, -0.034969114, 0.933430892, -1.31387372e-006, 0.358757257, 0.358757257, -1.17274748e-005, -0.933430892, 5.43372703e-006, 1, -1.04754256e-005, 0.93343088, 1.26062552e-006, 0.35875729, 0.35875729, -1.1393785e-005, -0.93343088, 2.91089664e-006, 1, -1.10875694e-005, 0, 0, 0, 0, 0, 0, 0, 0.140765063, 0.138333179, 0.123384302, -0.515757432, 0.681286487, 0.519284461, -0.627807617, -0.712890625, 0.312011719, 0.582853246, -0.165128245, 0.795626931, 0, 0, 0, 0, 0, 0, 0, 0.23055293, 0.135246777, 0.0946437988, -0.263285127, 0.715330316, -0.647107996, 0.200439453, -0.615478516, -0.762084961, -0.943578483, -0.330357668, 0.0187653048, 0, 2, 5, 1, 
288.834071, 45, 0.1, 0.1, 0.0158064856, 0.361527415, -0.0349685123, 0.933430959, -4.54508467e-006, 0.358757084, 0.358757084, 5.67834251e-006, -0.933430959, 2.20537714e-006, 1, 6.93092201e-006, 0.933430948, 9.20495487e-007, 0.358757112, 0.358757112, 1.46479114e-005, -0.933430948, -6.11426138e-006, 1, 1.33425795e-005, 0, 0, 0, 0, 0, 0, 0, 0.140765063, 0.138333179, 0.123384302, -0.515757432, 0.681286487, 0.519284461, -0.627807617, -0.712890625, 0.312011719, 0.582853246, -0.165128245, 0.795626931, 0, 0, 0, 0, 0, 0, 0, 0.23055293, 0.135246777, 0.0946437988, -0.263285127, 0.715330316, -0.647107996, 0.200439453, -0.615478516, -0.762084961, -0.943578483, -0.330357668, 0.0187653048, 0, 2, 5, 1, 
288.834775, 45, 0.1, 0.1, 0.0158064839, 0.361527416, -0.0349682313, 0.933430956, 3.50344942e-006, 0.358757091, 0.358757091, 9.02411343e-006, -0.933430956, -6.50769283e-006, 1, 7.1664995e-006, 0.933430962, 1.06738492e-005, 0.358757075, 0.358757075, -3.08783019e-007, -0.933430962, -9.8525232e-006, 1, -4.11754653e-006, 0, 0, 0, 0, 0, 0, 0, 0.140765063, 0.138333179, 0.123384302, -0.515757432, 0.681286487, 0.519284461, -0.627807617, -0.712890625, 0.312011719, 0.582853246, -0.165128245, 0.795626931, 0, 0, 0, 0, 0, 0, 0, 0.23055293, 0.135246777, 0.0946437988, -0.263285127, 0.715330316, -0.647107996, 0.200439453, -0.615478516, -0.762084961, -0.943578483, -0.330357668, 0.0187653048, 0, 2, 5, 1, 
288.83547, 45, 0.1, 0.1, 0.0158064839, 0.361527415, -0.0349684015, 0.933430892, 1.22638829e-005, 0.358757256, 0.358757256, -8.89443916e-006, -0.933430892, -8.25654253e-006, 1, -1.27021012e-005, 0.933430905, 7.96518588e-006, 0.358757224, 0.358757224, -4.39323549e-006, -0.933430905, -5.8588457e-006, 1, -6.95834975e-006, 0, 0, 0, 0, 0, 0, 0, 0.140765063, 0.138333179, 0.123384302, -0.515757432, 0.681286487, 0.519284461, -0.627807617, -0.712890625, 0.312011719, 0.582853246, -0.165128245, 0.795626931, 0, 0, 0, 0, 0, 0, 0, 0.23055293, 0.135246777, 0.0946437988, -0.263285127, 0.715330316, -0.647107996, 0.200439453, -0.615478516, -0.762084961, -0.943578483, -0.330357668, 0.0187653048, 0, 2, 5, 1, 
