time, trialNum, realDorsalTactorPos, realVentralTactorPos, boxPosX, boxPosY, boxPosZ, boxLocalRot_11, boxLocalRot_12, boxLocalRot_13, boxLocalRot_21, boxLocalRot_22, boxLocalRot_23, boxLocalRot_31, boxLocalRot_32, boxLocalRot_33, boxGlobalRot_11, boxGlobalRot_12, boxGlobalRot_13, boxGlobalRot_21, boxGlobalRot_22, boxGlobalRot_23, boxGlobalRot_31, boxGlobalRot_32, boxGlobalRot_33, indexForceX, indexForceY, indexForceZ, indexForceGlobalX, indexForceGlobalY, indexForceGlobalZ, indexContact, indexPosX, indexPosY, indexPosZ, indexRot_11, indexRot_12, indexRot_13, indexRot_21, indexRot_22, indexRot_23, indexRot_31, indexRot_32, indexRot_33, thumbForceX, thumbForceY, thumbForceZ, thumbForceGlobalX, thumbForceGlobalY, thumbForceGlobalZ, thumbContact, thumbPosX, thumbPosY, thumbPosZ, thumbRot_11, thumbRot_12, thumbRot_13, thumbRot_21, thumbRot_22, thumbRot_23, thumbRot_31, thumbRot_32, thumbRot_33, manipForceTooHigh, cceExpType, mapping, trialSuccess, 
249.276295, 38, 0.1, 0.1, -0.0092035468, 0.373473204, -0.0349622555, 0.894386728, 9.60745003e-007, 0.447294513, 0.447294513, 1.53016063e-005, -0.894386728, -7.70360213e-006, 1, 1.32558177e-005, 0.894386776, 9.95376243e-006, 0.447294416, 0.447294416, 1.06970051e-005, -0.894386776, -1.36872241e-005, 1, 5.11499751e-006, 0, 0, 0, 0, 0, 0, 0, 0.141799316, 0.155817285, 0.15478728, -0.443027994, 0.40343683, 0.800532415, -0.612182617, -0.788452148, 0.05859375, 0.655005774, -0.4640888, 0.596344529, 0, -0, 0, 0, 0, 0, 0, 0.217314697, 0.160769678, 0.114944629, -0.520432931, 0.791788432, -0.319305246, -0.0909423828, -0.423217773, -0.901367187, -0.848967781, -0.440031855, 0.292444304, 0, 2, 5, 1, 
249.296145, 38, 0.1, 0.1, -0.00920352576, 0.373473224, -0.0349746524, 0.894392962, -2.19893535e-006, 0.447282047, 0.447282047, 3.03741668e-005, -0.894392962, -1.16191072e-005, 1, 2.81499853e-005, 0.894392911, 9.21850309e-007, 0.447282149, 0.447282149, 2.80006622e-005, -0.894392911, -1.33486927e-005, 1, 2.46312665e-005, 0, 0, 0, 0, 0, 0, 0, 0.142464771, 0.156188135, 0.152384204, -0.442852383, 0.410703076, 0.796923627, -0.616821289, -0.784545898, 0.0617675781, 0.650652242, -0.464250925, 0.600871047, 0, -0, 0, 0, 0, 0, 0, 0.218175635, 0.160204639, 0.113417334, -0.508690158, 0.799943128, -0.317919156, -0.0954589844, -0.419311523, -0.902709961, -0.855589099, -0.428864374, 0.289766905, 0, 2, 5, 1, 
249.29685, 38, 0.1, 0.1, -0.00920352415, 0.373473223, -0.0349744728, 0.894393144, 2.61829327e-006, 0.447281682, 0.447281682, -1.74312495e-005, -0.894393144, 5.45489506e-006, 1, -1.67615047e-005, 0.894393122, -5.87023201e-006, 0.447281726, 0.447281726, -1.04473037e-005, -0.894393122, 9.92318317e-006, 1, -6.71834907e-006, 0, 0, 0, 0, 0, 0, 0, 0.142464771, 0.156188135, 0.152384204, -0.442852383, 0.410703076, 0.796923627, -0.616821289, -0.784545898, 0.0617675781, 0.650652242, -0.464250925, 0.600871047, 0, -0, 0, 0, 0, 0, 0, 0.218175635, 0.160204639, 0.113417334, -0.508690158, 0.799943128, -0.317919156, -0.0954589844, -0.419311523, -0.902709961, -0.855589099, -0.428864374, 0.289766905, 0, 2, 5, 1, 
249.297556, 38, 0.1, 0.1, -0.00920352702, 0.373473225, -0.0349727746, 0.894393197, -1.38551343e-005, 0.447281576, 0.447281576, 5.12926436e-006, -0.894393197, 1.00977124e-005, 1, 1.07847255e-005, 0.894393192, 1.97298066e-006, 0.447281588, 0.447281588, -3.63659717e-006, -0.894393192, -1.38037513e-007, 1, -4.13502568e-006, 0, 0, 0, 0, 0, 0, 0, 0.142464771, 0.156188135, 0.152384204, -0.442852383, 0.410703076, 0.796923627, -0.616821289, -0.784545898, 0.0617675781, 0.650652242, -0.464250925, 0.600871047, 0, -0, 0, 0, 0, 0, 0, 0.218430371, 0.16023833, 0.112741504, -0.508191792, 0.800058333, -0.318423718, -0.0966796875, -0.420288086, -0.902099609, -0.855659462, -0.427624838, 0.291064044, 0, 2, 5, 1, 
249.298261, 38, 0.1, 0.1, -0.00920352361, 0.373473221, -0.0349700592, 0.894393245, 1.27475464e-005, 0.447281481, 0.447281481, 6.93551941e-006, -0.894393245, -1.45034487e-005, 1, 5.01340294e-007, 0.894393234, -6.28479495e-006, 0.447281502, 0.447281502, 1.20881085e-005, -0.894393234, 2.14290764e-007, 1, 1.3622595e-005, 0, 0, 0, 0, 0, 0, 0, 0.142464771, 0.156188135, 0.152384204, -0.442852383, 0.410703076, 0.796923627, -0.616821289, -0.784545898, 0.0617675781, 0.650652242, -0.464250925, 0.600871047, 0, -0, 0, 0, 0, 0, 0, 0.218430371, 0.16023833, 0.112741504, -0.508191792, 0.800058333, -0.318423718, -0.0966796875, -0.420288086, -0.902099609, -0.855659462, -0.427624838, 0.291064044, 0, 2, 5, 1, 
249.298964, 38, 0.1, 0.1, -0.00920353402, 0.373473227, -0.0349674014, 0.894393388, 1.02651242e-005, 0.447281194, 0.447281194, -2.24175477e-005, -0.894393388, 8.45888301e-007, 1, -2.46415035e-005, 0.894393355, 2.63481328e-005, 0.44728126, 0.447281261, -2.33796313e-005, -0.894393355, -1.31083239e-005, 0.999999999, -3.26956129e-005, 0, 0, 0, 0, 0, 0, 0, 0.142464771, 0.156188135, 0.152384204, -0.442852383, 0.410703076, 0.796923627, -0.616821289, -0.784545898, 0.0617675781, 0.650652242, -0.464250925, 0.600871047, 0, -0, 0, 0, 0, 0, 0, 0.218430371, 0.16023833, 0.112741504, -0.508191792, 0.800058333, -0.318423718, -0.0966796875, -0.420288086, -0.902099609, -0.855659462, -0.427624838, 0.291064044, 0, 2, 5, 1, 
249.29967, 38, 0.1, 0.1, -0.0092035321, 0.373473222, -0.0349655398, 0.894393666, -2.72538065e-006, 0.44728064, 0.44728064, 2.71074613e-005, -0.894393665, -9.68707942e-006, 1, 2.54637517e-005, 0.894393598, -7.2206764e-006, 0.447280776, 0.447280776, 2.62202295e-005, -0.894393597, -5.26967786e-006, 1, 2.66808752e-005, 0, 0, 0, 0, 0, 0, 0, 0.142464771, 0.156188135, 0.152384204, -0.44149394, 0.412461412, 0.796783964, -0.61706543, -0.784179688, 0.0640869141, 0.651425822, -0.463293498, 0.600769575, 0, -0, 0, 0, 0, 0, 0, 0.218430371, 0.16023833, 0.112741504, -0.508191792, 0.800058333, -0.318423718, -0.0966796875, -0.420288086, -0.902099609, -0.855659462, -0.427624838, 0.291064044, 0, 2, 5, 1, 
249.300371, 38, 0.1, 0.1, -0.00920353501, 0.373473225, -0.0349648376, 0.894393942, 1.50816727e-005, 0.447280086, 0.447280086, -2.91895014e-005, -0.894393942, -4.3307399e-007, 0.999999999, -3.28526451e-005, 0.894393896, 1.43755871e-005, 0.447280179, 0.447280179, -2.40377032e-005, -0.894393896, -2.10584917e-006, 1, -2.79290902e-005, 0, 0, 0, 0, 0, 0, 0, 0.14275979, 0.156057666, 0.151930273, -0.44149394, 0.412461412, 0.796783964, -0.61706543, -0.784179688, 0.0640869141, 0.651425822, -0.463293498, 0.600769575, 0, -0, 0, 0, 0, 0, 0, 0.218430371, 0.16023833, 0.112741504, -0.508191792, 0.800058333, -0.318423718, -0.0966796875, -0.420288086, -0.902099609, -0.855659462, -0.427624838, 0.291064044, 0, 2, 5, 1, 
249.301072, 38, 0.1, 0.1, -0.00920353644, 0.373473226, -0.0349656287, 0.894394207, -1.21634685e-006, 0.447279557, 0.447279557, 2.96753866e-005, -0.894394207, -1.21853002e-005, 1, 2.7085541e-005, 0.894394155, 6.83915944e-007, 0.447279661, 0.447279661, 1.56632948e-005, -0.894394155, -7.6175636e-006, 1, 1.37032576e-005, 0, 0, 0, 0, 0, 0, 0, 0.14275979, 0.156057666, 0.151930273, -0.44149394, 0.412461412, 0.796783964, -0.61706543, -0.784179688, 0.0640869141, 0.651425822, -0.463293498, 0.600769575, 0, -0, 0, 0, 0, 0, 0, 0.218430371, 0.16023833, 0.112741504, -0.508191792, 0.800058333, -0.318423718, -0.0966796875, -0.420288086, -0.902099609, -0.855659462, -0.427624838, 0.291064044, 0, 2, 5, 1, 
249.301777, 38, 0.1, 0.1, -0.00920353258, 0.37347322, -0.0349675098, 0.894394389, -1.05334911e-005, 0.447279192, 0.447279192, -1.22559908e-005, -0.89439439, 1.4902945e-005, 1, -6.25027801e-006, 0.894394367, -1.91956905e-005, 0.447279236, 0.447279236, 4.69220781e-006, -0.894394368, 1.50697903e-005, 1, 1.2782518e-005, 0, 0, 0, 0, 0, 0, 0, 0.14275979, 0.156057666, 0.151930273, -0.44149394, 0.412461412, 0.796783964, -0.61706543, -0.784179688, 0.0640869141, 0.651425822, -0.463293498, 0.600769575, 0, -0, 0, 0, 0, 0, 0, 0.218430371, 0.16023833, 0.112741504, -0.508191792, 0.800058333, -0.318423718, -0.0966796875, -0.420288086, -0.902099609, -0.855659462, -0.427624838, 0.291064044, 0, 2, 5, 1, 
249.302483, 38, 0.1, 0.1, -0.00920353666, 0.373473225, -0.0349698072, 0.894394404, 3.46623175e-006, 0.447279163, 0.447279163, -2.6233228e-006, -0.894394404, -1.92682065e-006, 1, -3.89665847e-006, 0.894394408, 1.36306592e-005, 0.447279155, 0.447279155, -1.07746736e-005, -0.894394408, -7.37189844e-006, 1, -1.57335175e-005, 0, 0, 0, 0, 0, 0, 0, 0.142770654, 0.15614165, 0.151895605, -0.441271901, 0.414060989, 0.796054568, -0.61730957, -0.783813477, 0.0655517578, 0.651267062, -0.462558111, 0.601626652, 0, -0, 0, 0, 0, 0, 0, 0.21847334, 0.160277148, 0.112480664, -0.507412343, 0.800135258, -0.319426648, -0.0979003906, -0.42175293, -0.901245117, -0.856068509, -0.426021098, 0.292431544, 0, 2, 5, 1, 
249.303187, 38, 0.1, 0.1, -0.00920353096, 0.373473219, -0.0349717292, 0.894394394, -8.80692557e-006, 0.447279184, 0.447279184, 1.89705053e-005, -0.894394393, -6.08247296e-007, 1, 2.09062681e-005, 0.894394392, -2.0420401e-005, 0.447279187, 0.447279187, 2.06878968e-005, -0.894394392, 9.01062652e-006, 1, 2.76367593e-005, 0, 0, 0, 0, 0, 0, 0, 0.142770654, 0.15614165, 0.151895605, -0.441271901, 0.414060989, 0.796054568, -0.61730957, -0.783813477, 0.0655517578, 0.651267062, -0.462558111, 0.601626652, 0, -0, 0, 0, 0, 0, 0, 0.21847334, 0.160277148, 0.112480664, -0.507412343, 0.800135258, -0.319426648, -0.0979003906, -0.42175293, -0.901245117, -0.856068509, -0.426021098, 0.292431544, 0, 2, 5, 1, 
249.303906, 38, 0.1, 0.1, -0.00920353442, 0.373473222, -0.0349727997, 0.894394478, 1.27361073e-005, 0.447279015, 0.447279015, -1.94842276e-005, -0.894394478, -2.6762179e-006, 1, -2.31231791e-005, 0.894394461, 9.26288523e-006, 0.447279049, 0.447279049, -2.17002353e-005, -0.894394461, 1.42138734e-006, 1, -2.35516647e-005, 0, 0, 0, 0, 0, 0, 0, 0.142770654, 0.15614165, 0.151895605, -0.441271901, 0.414060989, 0.796054568, -0.61730957, -0.783813477, 0.0655517578, 0.651267062, -0.462558111, 0.601626652, 0, -0, 0, 0, 0, 0, 0, 0.21847334, 0.160277148, 0.112480664, -0.507412343, 0.800135258, -0.319426648, -0.0979003906, -0.42175293, -0.901245117, -0.856068509, -0.426021098, 0.292431544, 0, 2, 5, 1, 
249.304598, 38, 0.1, 0.1, -0.00920353426, 0.373473221, -0.0349727377, 0.894394566, -9.21817051e-006, 0.44727884, 0.44727884, 1.85979177e-005, -0.894394565, -7.37734311e-008, 1, 2.07569691e-005, 0.894394545, -7.09286099e-006, 0.447278882, 0.447278882, 1.5397188e-005, -0.894394545, -5.43020848e-007, 1, 1.69436479e-005, 0, 0, 0, 0, 0, 0, 0, 0.142770654, 0.15614165, 0.151895605, -0.441271901, 0.414060989, 0.796054568, -0.61730957, -0.783813477, 0.0655517578, 0.651267062, -0.462558111, 0.601626652, 0, -0, 0, 0, 0, 0, 0, 0.21847334, 0.160277148, 0.112480664, -0.507412343, 0.800135258, -0.319426648, -0.0979003906, -0.42175293, -0.901245117, -0.856068509, -0.426021098, 0.292431544, 0, 2, 5, 1, 
249.3053, 38, 0.1, 0.1, -0.00920353577, 0.373473221, -0.0349717292, 0.894394632, 2.27004321e-005, 0.447278706, 0.447278707, -1.64049257e-005, -0.894394632, -1.29655706e-005, 1, -2.48258974e-005, 0.894394621, 1.43221981e-005, 0.447278729, 0.447278729, -9.32349633e-006, -0.894394621, -8.63949536e-006, 1, -1.47448995e-005, 0, 0, 0, 0, 0, 0, 0, 0.142770654, 0.15614165, 0.151895605, -0.441271901, 0.414060989, 0.796054568, -0.61730957, -0.783813477, 0.0655517578, 0.651267062, -0.462558111, 0.601626652, 0, -0, 0, 0, 0, 0, 0, 0.21847334, 0.160277148, 0.112480664, -0.507412343, 0.800135258, -0.319426648, -0.0979003906, -0.42175293, -0.901245117, -0.856068509, -0.426021098, 0.292431544, 0, 2, 5, 1, 
249.306007, 38, 0.1, 0.1, -0.00920353853, 0.373473225, -0.0349701171, 0.894394728, -1.22983048e-005, 0.447278515, 0.447278515, 5.51453102e-006, -0.894394728, 8.53300772e-006, 1, 1.0432935e-005, 0.894394699, -5.52810256e-006, 0.447278573, 0.447278573, -1.01039399e-005, -0.894394699, 9.46358144e-006, 1, -6.56430845e-006, 0, 0, 0, 0, 0, 0, 0, 0.142770654, 0.15614165, 0.151895605, -0.441271901, 0.414060989, 0.796054568, -0.61730957, -0.783813477, 0.0655517578, 0.651267062, -0.462558111, 0.601626652, 0, -0, 0, 0, 0, 0, 0, 0.21847334, 0.160277148, 0.112480664, -0.507412343, 0.800135258, -0.319426648, -0.0979003906, -0.42175293, -0.901245117, -0.856068509, -0.426021098, 0.292431544, 0, 2, 5, 1, 
249.3067, 38, 0.1, 0.1, -0.00920353881, 0.373473218, -0.034968533, 0.894394941, 4.64238856e-006, 0.44727809, 0.44727809, 7.28909467e-006, -0.894394941, -7.41238118e-006, 1, 4.4428907e-006, 0.894394894, 4.14127079e-006, 0.447278183, 0.447278183, 2.13025375e-005, -0.894394894, -1.32320917e-005, 1, 1.72005807e-005, 0, 0, 0, 0, 0, 0, 0, 0.142770654, 0.15614165, 0.151895605, -0.441271901, 0.414060989, 0.796054568, -0.61730957, -0.783813477, 0.0655517578, 0.651267062, -0.462558111, 0.601626652, 0, -0, 0, 0, 0, 0, 0, 0.21847334, 0.160277148, 0.112480664, -0.507412343, 0.800135258, -0.319426648, -0.0979003906, -0.42175293, -0.901245117, -0.856068509, -0.426021098, 0.292431544, 0, 2, 5, 1, 
249.307421, 38, 0.1, 0.1, -0.00920354197, 0.373473226, -0.0349670799, 0.894395164, 1.56472506e-005, 0.447277643, 0.447277643, -1.63104243e-005, -0.894395164, -6.69953716e-006, 1, -2.158663e-005, 0.894395128, 9.38672938e-006, 0.447277716, 0.447277716, -2.85704661e-005, -0.894395127, 4.38348777e-006, 1, -2.97517605e-005, 0, 0, 0, 0, 0, 0, 0, 0.142883081, 0.156246631, 0.151449854, -0.439132767, 0.416060461, 0.796098751, -0.617675781, -0.783203125, 0.0687255859, 0.652287768, -0.461638877, 0.601125286, 0, -0, 0, 0, 0, 0, 0, 0.218756152, 0.160111035, 0.112004883, -0.506390091, 0.800442227, -0.320308175, -0.0991210937, -0.423095703, -0.900512695, -0.856452037, -0.424270436, 0.293811804, 0, 2, 5, 1, 
249.308119, 38, 0.1, 0.1, -0.0092035399, 0.373473221, -0.0349664075, 0.894395221, -2.69663548e-005, 0.447277529, 0.44727753, 1.86975045e-005, -0.894395221, 1.57556052e-005, 0.999999999, 2.87844032e-005, 0.894395223, -2.20444241e-005, 0.447277526, 0.447277526, 2.2624533e-005, -0.894395223, 9.59698241e-006, 1, 3.00952497e-005, 0, 0, 0, 0, 0, 0, 0, 0.142883081, 0.156246631, 0.151449854, -0.439132767, 0.416060461, 0.796098751, -0.617675781, -0.783203125, 0.0687255859, 0.652287768, -0.461638877, 0.601125286, 0, -0, 0, 0, 0, 0, 0, 0.218756152, 0.160111035, 0.112004883, -0.506390091, 0.800442227, -0.320308175, -0.0991210937, -0.423095703, -0.900512695, -0.856452037, -0.424270436, 0.293811804, 0, 2, 5, 1, 
249.308821, 38, 0.1, 0.1, -0.00920354113, 0.373473223, -0.034966753, 0.894395181, 1.92242669e-005, 0.447277609, 0.447277609, -2.36752157e-005, -0.894395181, -6.60469777e-006, 1, -2.9773583e-005, 0.894395187, 1.6966817e-005, 0.447277597, 0.447277597, -1.83580373e-005, -0.894395187, -6.96390063e-006, 1, -2.40082174e-005, 0, 0, 0, 0, 0, 0, 0, 0.142883081, 0.156246631, 0.151449854, -0.439132767, 0.416060461, 0.796098751, -0.617675781, -0.783203125, 0.0687255859, 0.652287768, -0.461638877, 0.601125286, 0, -0, 0, 0, 0, 0, 0, 0.218756152, 0.160111035, 0.112004883, -0.506390091, 0.800442227, -0.320308175, -0.0991210937, -0.423095703, -0.900512695, -0.856452037, -0.424270436, 0.293811804, 0, 2, 5, 1, 
249.309514, 38, 0.1, 0.1, -0.00920353967, 0.373473226, -0.034967893, 0.894395218, -1.66030263e-005, 0.447277535, 0.447277535, 1.62539148e-005, -0.894395218, 7.57965635e-006, 1, 2.19635844e-005, 0.894395197, -1.75448154e-005, 0.447277578, 0.447277578, 2.62122807e-006, -0.894395197, 1.45195821e-005, 1, 1.01918163e-005, 0, 0, 0, 0, 0, 0, 0, 0.142883081, 0.156246631, 0.151449854, -0.439132767, 0.416060461, 0.796098751, -0.617675781, -0.783203125, 0.0687255859, 0.652287768, -0.461638877, 0.601125286, 0, -0, 0, 0, 0, 0, 0, 0.218756152, 0.160111035, 0.112004883, -0.506390091, 0.800442227, -0.320308175, -0.0991210937, -0.423095703, -0.900512695, -0.856452037, -0.424270436, 0.293811804, 0, 2, 5, 1, 
249.310229, 38, 0.1, 0.1, -0.00920354015, 0.37347322, -0.0349694185, 0.894395393, 1.64548591e-006, 0.447277186, 0.447277186, -1.16495998e-005, -0.894395393, 3.73888521e-006, 1, -1.11553367e-005, 0.894395354, 3.10048122e-006, 0.447277263, 0.447277263, 8.33536509e-006, -0.894395354, -6.50127529e-006, 1, 6.06833705e-006, 0, 0, 0, 0, 0, 0, 0, 0.142883081, 0.156246631, 0.151449854, -0.439132767, 0.416060461, 0.796098751, -0.617675781, -0.783203125, 0.0687255859, 0.652287768, -0.461638877, 0.601125286, 0, -0, 0, 0, 0, 0, 0, 0.218878467, 0.159791992, 0.111497607, -0.504185906, 0.801324488, -0.321688069, -0.101074219, -0.424682617, -0.899536133, -0.857570538, -0.420986396, 0.295262427, 0, 2, 5, 1, 
249.310934, 38, 0.1, 0.1, -0.00920354435, 0.373473226, -0.0349707688, 0.894395535, 1.56347084e-005, 0.447276901, 0.447276901, 3.10386199e-007, -0.894395535, -1.4122442e-005, 1, -6.71543591e-006, 0.894395517, 1.65768084e-005, 0.447276938, 0.447276938, -1.25949721e-005, -0.894395517, -9.19278256e-006, 1, -1.86793107e-005, 0, 0, 0, 0, 0, 0, 0, 0.142883081, 0.156246631, 0.151449854, -0.439132767, 0.416060461, 0.796098751, -0.617675781, -0.783203125, 0.0687255859, 0.652287768, -0.461638877, 0.601125286, 0, -0, 0, 0, 0, 0, 0, 0.218878467, 0.159791992, 0.111497607, -0.504185906, 0.801324488, -0.321688069, -0.101074219, -0.424682617, -0.899536133, -0.857570538, -0.420986396, 0.295262427, 0, 2, 5, 1, 
249.311627, 38, 0.1, 0.1, -0.009203542, 0.37347322, -0.0349716263, 0.894395531, -1.59334441e-005, 0.447276909, 0.44727691, 1.24685385e-005, -0.894395531, 8.67391181e-006, 1, 1.82784667e-005, 0.89439554, -1.85293108e-005, 0.447276892, 0.447276892, 1.81330516e-005, -0.89439554, 8.462038e-006, 1, 2.4505853e-005, 0, 0, 0, 0, 0, 0, 0, 0.142883081, 0.156246631, 0.151449854, -0.439132767, 0.416060461, 0.796098751, -0.617675781, -0.783203125, 0.0687255859, 0.652287768, -0.461638877, 0.601125286, 0, -0, 0, 0, 0, 0, 0, 0.218878467, 0.159791992, 0.111497607, -0.504185906, 0.801324488, -0.321688069, -0.101074219, -0.424682617, -0.899536133, -0.857570538, -0.420986396, 0.295262427, 0, 2, 5, 1, 
249.312382, 38, 0.1, 0.1, -0.00920354739, 0.373473224, -0.034971247, 0.894395469, 1.56564418e-005, 0.447277034, 0.447277034, -2.04258382e-005, -0.894395468, -4.86704227e-006, 1, -2.5271544e-005, 0.894395477, 2.19070176e-005, 0.447277018, 0.447277018, -1.93324172e-005, -0.894395477, -1.09465916e-005, 1, -2.7089332e-005, 0, 0, 0, 0, 0, 0, 0, 0.142883081, 0.156246631, 0.151449854, -0.436790689, 0.418465818, 0.796263502, -0.618652344, -0.782226563, 0.0717773437, 0.653029146, -0.461278296, 0.600604825, 0, -0, 0, 0, 0, 0, 0, 0.218878467, 0.159791992, 0.111497607, -0.504185906, 0.801324488, -0.321688069, -0.101074219, -0.424682617, -0.899536133, -0.857570538, -0.420986396, 0.295262427, 0, 2, 5, 1, 
249.313082, 38, 0.1, 0.1, -0.0092035454, 0.373473222, -0.0349702948, 0.894395511, -6.08130935e-006, 0.44727695, 0.44727695, 2.72233346e-005, -0.894395511, -6.73727427e-006, 1, 2.70684577e-005, 0.894395489, -1.35045563e-005, 0.447276993, 0.447276993, 1.85044238e-005, -0.894395489, 3.80181121e-006, 1, 2.25905505e-005, 0, 0, 0, 0, 0, 0, 0, 0.143228271, 0.15592417, 0.151010205, -0.436790689, 0.418465818, 0.796263502, -0.618652344, -0.782226563, 0.0717773437, 0.653029146, -0.461278296, 0.600604825, 0, -0, 0, 0, 0, 0, 0, 0.218878467, 0.159791992, 0.111497607, -0.504185906, 0.801324488, -0.321688069, -0.101074219, -0.424682617, -0.899536133, -0.857570538, -0.420986396, 0.295262427, 0, 2, 5, 1, 
249.313785, 38, 0.1, 0.1, -0.00920354643, 0.37347322, -0.034969196, 0.894395652, 1.19066322e-006, 0.447276668, 0.447276667, -2.54028425e-005, -0.894395652, 1.02971747e-005, 1, -2.32527478e-005, 0.894395623, 7.58586294e-007, 0.447276726, 0.447276726, -1.24118654e-005, -0.894395623, 4.87306225e-006, 1, -1.14404161e-005, 0, 0, 0, 0, 0, 0, 0, 0.143228271, 0.15592417, 0.151010205, -0.436790689, 0.418465818, 0.796263502, -0.618652344, -0.782226563, 0.0717773437, 0.653029146, -0.461278296, 0.600604825, 0, -0, 0, 0, 0, 0, 0, 0.218878467, 0.159791992, 0.111497607, -0.504185906, 0.801324488, -0.321688069, -0.101074219, -0.424682617, -0.899536133, -0.857570538, -0.420986396, 0.295262427, 0, 2, 5, 1, 
249.314476, 38, 0.1, 0.1, -0.00920355001, 0.373473224, -0.0349683011, 0.894395736, 3.94988388e-006, 0.447276501, 0.447276501, 1.4316196e-005, -0.894395735, -9.93605736e-006, 1, 1.10376544e-005, 0.894395731, 1.30188384e-005, 0.447276509, 0.44727651, -1.06202568e-006, -0.894395731, -1.11689743e-005, 1, -6.77289183e-006, 0, 0, 0, 0, 0, 0, 0, 0.143228271, 0.15592417, 0.151010205, -0.436790689, 0.418465818, 0.796263502, -0.618652344, -0.782226563, 0.0717773437, 0.653029146, -0.461278296, 0.600604825, 0, -0, 0, 0, 0, 0, 0, 0.218878467, 0.159791992, 0.111497607, -0.504185906, 0.801324488, -0.321688069, -0.101074219, -0.424682617, -0.899536133, -0.857570538, -0.420986396, 0.295262427, 0, 2, 5, 1, 
249.315212, 38, 0.1, 0.1, -0.0092035439, 0.373473219, -0.0349674898, 0.89439566, -1.16245366e-005, 0.447276652, 0.447276652, -6.97356018e-007, -0.89439566, 1.07088461e-005, 1, 4.57567161e-006, 0.894395681, -2.28569786e-005, 0.44727661, 0.44727661, 8.72489663e-006, -0.894395681, 1.65407407e-005, 1, 1.80269018e-005, 0, 0, 0, 0, 0, 0, 0, 0.143348877, 0.155824951, 0.150559692, -0.434467707, 0.420871175, 0.796206214, -0.619750977, -0.78112793, 0.0749511719, 0.653649958, -0.460917716, 0.600243122, 0, -0, 0, 0, 0, 0, 0, 0.21900249, 0.159478076, 0.110795654, -0.50199448, 0.802168469, -0.322914478, -0.103881836, -0.426635742, -0.89831543, -0.858567637, -0.417338152, 0.29758838, 0, 2, 5, 1, 
249.315914, 38, 0.1, 0.1, -0.00920354881, 0.373473226, -0.0349672519, 0.894395567, 9.67126975e-007, 0.447276838, 0.447276838, -2.50186949e-005, -0.894395567, 1.03252887e-005, 1, -2.28091833e-005, 0.894395581, 1.42321106e-005, 0.447276811, 0.447276811, -2.68750387e-005, -0.89439558, -7.08555258e-007, 1, -3.04026089e-005, 0, 0, 0, 0, 0, 0, 0, 0.143348877, 0.155824951, 0.150559692, -0.434467707, 0.420871175, 0.796206214, -0.619750977, -0.78112793, 0.0749511719, 0.653649958, -0.460917716, 0.600243122, 0, -0, 0, 0, 0, 0, 0, 0.21900249, 0.159478076, 0.110795654, -0.50199448, 0.802168469, -0.322914478, -0.103881836, -0.426635742, -0.89831543, -0.858567637, -0.417338152, 0.29758838, 0, 2, 5, 1, 
249.316605, 38, 0.1, 0.1, -0.00920354612, 0.373473222, -0.0349677303, 0.894395614, -2.76731087e-007, 0.447276744, 0.447276744, 2.82628599e-005, -0.894395614, -1.23938129e-005, 1, 2.54019533e-005, 0.894395593, -6.48795987e-006, 0.447276785, 0.447276785, 2.62456123e-005, -0.894395593, -5.93625039e-006, 1, 2.63758738e-005, 0, 0, 0, 0, 0, 0, 0, 0.143348877, 0.155824951, 0.150559692, -0.434467707, 0.420871175, 0.796206214, -0.619750977, -0.78112793, 0.0749511719, 0.653649958, -0.460917716, 0.600243122, 0, -0, 0, 0, 0, 0, 0, 0.21900249, 0.159478076, 0.110795654, -0.50199448, 0.802168469, -0.322914478, -0.103881836, -0.426635742, -0.89831543, -0.858567637, -0.417338152, 0.29758838, 0, 2, 5, 1, 
249.317304, 38, 0.1, 0.1, -0.0092035484, 0.373473224, -0.0349687412, 0.894395745, 7.24046135e-006, 0.447276483, 0.447276483, -2.83176613e-005, -0.894395744, 6.18998614e-006, 1, -2.85656839e-005, 0.894395722, 4.37070381e-006, 0.447276528, 0.447276528, -2.4243224e-005, -0.894395722, 6.93428628e-006, 1, -2.36379491e-005, 0, 0, 0, 0, 0, 0, 0, 0.143348877, 0.155824951, 0.150559692, -0.434467707, 0.420871175, 0.796206214, -0.619750977, -0.78112793, 0.0749511719, 0.653649958, -0.460917716, 0.600243122, 0, -0, 0, 0, 0, 0, 0, 0.21900249, 0.159478076, 0.110795654, -0.50199448, 0.802168469, -0.322914478, -0.103881836, -0.426635742, -0.89831543, -0.858567637, -0.417338152, 0.29758838, 0, 2, 5, 1, 
249.318007, 38, 0.1, 0.1, -0.00920355295, 0.373473223, -0.0349699541, 0.894395789, -1.44663802e-006, 0.447276394, 0.447276394, 2.33459701e-005, -0.894395789, -9.14823438e-006, 1, 2.15275844e-005, 0.894395795, 9.12233693e-006, 0.447276383, 0.447276383, 1.61355794e-005, -0.894395795, -1.53760434e-005, 1, 1.03513885e-005, 0, 0, 0, 0, 0, 0, 0, 0.143348877, 0.155824951, 0.150559692, -0.434467707, 0.420871175, 0.796206214, -0.619750977, -0.78112793, 0.0749511719, 0.653649958, -0.460917716, 0.600243122, 0, -0, 0, 0, 0, 0, 0, 0.21900249, 0.159478076, 0.110795654, -0.50199448, 0.802168469, -0.322914478, -0.103881836, -0.426635742, -0.89831543, -0.858567637, -0.417338152, 0.29758838, 0, 2, 5, 1, 
249.318717, 38, 0.1, 0.1, -0.00920355071, 0.373473219, -0.0349709895, 0.894395697, 1.15333643e-005, 0.447276579, 0.447276579, -5.77801178e-006, -0.894395697, -7.73102204e-006, 1, -1.03264326e-005, 0.894395723, -6.42853956e-006, 0.447276526, 0.447276527, 5.79299871e-006, -0.894395723, 3.15858594e-006, 1, 8.05656811e-006, 0, 0, 0, 0, 0, 0, 0, 0.143348877, 0.155824951, 0.150559692, -0.434467707, 0.420871175, 0.796206214, -0.619750977, -0.78112793, 0.0749511719, 0.653649958, -0.460917716, 0.600243122, 0, -0, 0, 0, 0, 0, 0, 0.21900249, 0.159478076, 0.110795654, -0.50199448, 0.802168469, -0.322914478, -0.103881836, -0.426635742, -0.89831543, -0.858567637, -0.417338152, 0.29758838, 0, 2, 5, 1, 
249.31941, 38, 0.1, 0.1, -0.00920355532, 0.373473225, -0.0349713892, 0.894395627, -5.41672462e-006, 0.447276719, 0.447276718, -9.61570359e-006, -0.894395627, 9.14557516e-006, 1, -6.17746842e-006, 0.894395632, 4.2092789e-006, 0.447276708, 0.447276708, -1.79054824e-005, -0.894395632, 4.24394458e-006, 1, -1.78972977e-005, 0, 0, 0, 0, 0, 0, 0, 0.143348877, 0.155824951, 0.150559692, -0.434467707, 0.420871175, 0.796206214, -0.619750977, -0.78112793, 0.0749511719, 0.653649958, -0.460917716, 0.600243122, 0, -0, 0, 0, 0, 0, 0, 0.21900249, 0.159478076, 0.110795654, -0.50199448, 0.802168469, -0.322914478, -0.103881836, -0.426635742, -0.89831543, -0.858567637, -0.417338152, 0.29758838, 0, 2, 5, 1, 
249.320135, 38, 0.1, 0.1, -0.00920355424, 0.373473217, -0.0349711166, 0.894395696, 3.61690005e-006, 0.447276581, 0.44727658, 2.06448767e-005, -0.894395696, -1.24689097e-005, 1, 1.68469342e-005, 0.894395674, 8.40668161e-007, 0.447276625, 0.447276625, 2.74431911e-005, -0.894395673, -1.30265879e-005, 1, 2.41690602e-005, 0, 0, 0, 0, 0, 0, 0, 0.143501221, 0.155737817, 0.150123462, -0.431592063, 0.423448396, 0.796453341, -0.619750977, -0.780639648, 0.0792236328, 0.655419155, -0.459472029, 0.59946243, 0, -0, 0, 0, 0, 0, 0, 0.21900249, 0.159478076, 0.110795654, -0.500582504, 0.802264718, -0.324939659, -0.10534668, -0.428955078, -0.897094727, -0.859155688, -0.414750439, 0.299339408, 0, 2, 5, 1, 
249.320835, 38, 0.1, 0.1, -0.00920355615, 0.373473223, -0.0349702616, 0.894395802, 7.95765721e-006, 0.447276367, 0.447276367, -2.42577948e-005, -0.894395802, 3.73264313e-006, 1, -2.52553419e-005, 0.894395784, 3.84107224e-006, 0.447276403, 0.447276403, -2.79997404e-005, -0.894395784, 9.08818435e-006, 1, -2.67608707e-005, 0, 0, 0, 0, 0, 0, 0, 0.143501221, 0.155737817, 0.150123462, -0.431592063, 0.423448396, 0.796453341, -0.619750977, -0.780639648, 0.0792236328, 0.655419155, -0.459472029, 0.59946243, 0, -0, 0, 0, 0, 0, 0, 0.219083545, 0.159092383, 0.11002876, -0.500582504, 0.802264718, -0.324939659, -0.10534668, -0.428955078, -0.897094727, -0.859155688, -0.414750439, 0.299339408, 0, 2, 5, 1, 
249.321526, 38, 0.1, 0.1, -0.00920355683, 0.37347322, -0.0349692802, 0.894395807, -1.9820475e-005, 0.447276358, 0.447276359, 1.9690616e-005, -0.894395806, 8.92020271e-006, 1, 2.64764343e-005, 0.89439582, -7.46809192e-006, 0.447276331, 0.447276331, 2.08625328e-005, -0.89439582, -2.65188696e-006, 1, 2.19996629e-005, 0, 0, 0, 0, 0, 0, 0, 0.143501221, 0.155737817, 0.150123462, -0.431592063, 0.423448396, 0.796453341, -0.619750977, -0.780639648, 0.0792236328, 0.655419155, -0.459472029, 0.59946243, 0, -0, 0, 0, 0, 0, 0, 0.219083545, 0.159092383, 0.11002876, -0.500582504, 0.802264718, -0.324939659, -0.10534668, -0.428955078, -0.897094727, -0.859155688, -0.414750439, 0.299339408, 0, 2, 5, 1, 
249.322221, 38, 0.1, 0.1, -0.00920355503, 0.37347322, -0.0349684944, 0.894395701, 1.64652454e-005, 0.447276569, 0.44727657, -1.94592321e-005, -0.894395701, -6.0227861e-006, 1, -2.4768772e-005, 0.894395722, 6.90282593e-006, 0.447276527, 0.447276527, -1.1582007e-005, -0.894395722, -9.93498135e-007, 1, -1.34463695e-005, 0, 0, 0, 0, 0, 0, 0, 0.143501221, 0.155737817, 0.150123462, -0.431592063, 0.423448396, 0.796453341, -0.619750977, -0.780639648, 0.0792236328, 0.655419155, -0.459472029, 0.59946243, 0, -0, 0, 0, 0, 0, 0, 0.219083545, 0.159092383, 0.11002876, -0.500582504, 0.802264718, -0.324939659, -0.10534668, -0.428955078, -0.897094727, -0.859155688, -0.414750439, 0.299339408, 0, 2, 5, 1, 
249.322951, 38, 0.1, 0.1, -0.00920355887, 0.373473224, -0.0349679072, 0.894395627, -1.2211454e-006, 0.447276717, 0.447276717, 1.31532522e-005, -0.894395627, -4.79095633e-006, 1, 1.23104011e-005, 0.894395643, 7.44103364e-006, 0.447276686, 0.447276686, -2.93511411e-006, -0.894395643, -5.34241995e-006, 1, -5.95335413e-006, 0, 0, 0, 0, 0, 0, 0, 0.143672607, 0.155445142, 0.149457886, -0.428310534, 0.426412407, 0.796579899, -0.620849609, -0.779418945, 0.0836181641, 0.656629699, -0.458705562, 0.598700833, 0, -0, 0, 0, 0, 0, 0, 0.219437402, 0.158532031, 0.109248682, -0.498256917, 0.802731734, -0.327233163, -0.107299805, -0.431640625, -0.895507812, -0.860261429, -0.411019072, 0.30130772, 0, 2, 5, 1, 
249.323643, 38, 0.1, 0.1, -0.00920355608, 0.373473217, -0.0349677498, 0.894395539, -5.9655962e-006, 0.447276894, 0.447276894, 4.57741154e-006, -0.894395539, 3.28823221e-006, 1, 6.7622898e-006, 0.89439555, -6.41145306e-006, 0.447276871, 0.447276871, 1.9157144e-005, -0.89439555, -2.83417236e-006, 1, 2.0001759e-005, 0, 0, 0, 0, 0, 0, 0, 0.143672607, 0.155445142, 0.149457886, -0.428310534, 0.426412407, 0.796579899, -0.620849609, -0.779418945, 0.0836181641, 0.656629699, -0.458705562, 0.598700833, 0, -0, 0, 0, 0, 0, 0, 0.219437402, 0.158532031, 0.109248682, -0.498256917, 0.802731734, -0.327233163, -0.107299805, -0.431640625, -0.895507812, -0.860261429, -0.411019072, 0.30130772, 0, 2, 5, 1, 
249.324343, 38, 0.1, 0.1, -0.00920355975, 0.373473224, -0.034968142, 0.894395429, 5.89078361e-006, 0.447277113, 0.447277113, -2.11807631e-005, -0.894395429, 4.20498063e-006, 1, -2.15787904e-005, 0.894395447, 9.11623186e-006, 0.447277079, 0.447277079, -2.75732145e-005, -0.894395446, 4.17935058e-006, 1, -2.87388391e-005, 0, 0, 0, 0, 0, 0, 0, 0.143672607, 0.155445142, 0.149457886, -0.428310534, 0.426412407, 0.796579899, -0.620849609, -0.779418945, 0.0836181641, 0.656629699, -0.458705562, 0.598700833, 0, -0, 0, 0, 0, 0, 0, 0.219437402, 0.158532031, 0.109248682, -0.498256917, 0.802731734, -0.327233163, -0.107299805, -0.431640625, -0.895507812, -0.860261429, -0.411019072, 0.30130772, 0, 2, 5, 1, 
249.325042, 38, 0.1, 0.1, -0.00920355748, 0.373473219, -0.034968972, 0.894395317, -1.13743442e-005, 0.447277337, 0.447277337, 2.31222491e-005, -0.894395317, -1.68897872e-007, 1, 2.57679177e-005, 0.89439534, -1.63678224e-005, 0.447277292, 0.447277292, 2.17152475e-005, -0.89439534, 4.92656703e-006, 1, 2.67429714e-005, 0, 0, 0, 0, 0, 0, 0, 0.143672607, 0.155445142, 0.149457886, -0.428310534, 0.426412407, 0.796579899, -0.620849609, -0.779418945, 0.0836181641, 0.656629699, -0.458705562, 0.598700833, 0, -0, 0, 0, 0, 0, 0, 0.219437402, 0.158532031, 0.109248682, -0.498256917, 0.802731734, -0.327233163, -0.107299805, -0.431640625, -0.895507812, -0.860261429, -0.411019072, 0.30130772, 0, 2, 5, 1, 
249.325742, 38, 0.1, 0.1, -0.00920355935, 0.373473221, -0.0349699965, 0.894395246, 9.94834047e-006, 0.44727748, 0.44727748, -2.41662551e-005, -0.894395246, 1.91127325e-006, 1, -2.60638523e-005, 0.894395255, 8.07218457e-006, 0.447277462, 0.447277462, -1.94598312e-005, -0.894395255, 1.48422033e-006, 1, -2.10152869e-005, 0, 0, 0, 0, 0, 0, 0, 0.143672607, 0.155445142, 0.149457886, -0.428310534, 0.426412407, 0.796579899, -0.620849609, -0.779418945, 0.0836181641, 0.656629699, -0.458705562, 0.598700833, 0, -0, 0, 0, 0, 0, 0, 0.219437402, 0.158532031, 0.109248682, -0.498256917, 0.802731734, -0.327233163, -0.107299805, -0.431640625, -0.895507812, -0.860261429, -0.411019072, 0.30130772, 0, 2, 5, 1, 
249.32643, 38, 0.1, 0.1, -0.00920356043, 0.373473222, -0.0349708644, 0.894395202, -8.20139607e-006, 0.447277567, 0.447277567, 1.86277889e-005, -0.894395202, -9.96502826e-007, 1, 2.03289055e-005, 0.894395202, -7.66669285e-006, 0.447277567, 0.447277567, 7.15297561e-006, -0.894395202, 3.65768777e-006, 1, 9.82672679e-006, 0, 0, 0, 0, 0, 0, 0, 0.143672607, 0.155445142, 0.149457886, -0.428310534, 0.426412407, 0.796579899, -0.620849609, -0.779418945, 0.0836181641, 0.656629699, -0.458705562, 0.598700833, 0, -0, 0, 0, 0, 0, 0, 0.219437402, 0.158532031, 0.109248682, -0.498256917, 0.802731734, -0.327233163, -0.107299805, -0.431640625, -0.895507812, -0.860261429, -0.411019072, 0.30130772, 0, 2, 5, 1, 
249.32713, 38, 0.1, 0.1, -0.00920355894, 0.373473218, -0.0349713523, 0.894395166, 1.29585723e-005, 0.447277639, 0.447277639, -4.48854104e-006, -0.894395166, -9.58246042e-006, 1, -9.81060906e-006, 0.894395179, -2.86817483e-006, 0.447277615, 0.447277615, 5.53227395e-006, -0.894395179, 9.08194415e-008, 1, 6.23090955e-006, 0, 0, 0, 0, 0, 0, 0, 0.143672607, 0.155445142, 0.149457886, -0.428310534, 0.426412407, 0.796579899, -0.620849609, -0.779418945, 0.0836181641, 0.656629699, -0.458705562, 0.598700833, 0, -0, 0, 0, 0, 0, 0, 0.219437402, 0.158532031, 0.109248682, -0.498256917, 0.802731734, -0.327233163, -0.107299805, -0.431640625, -0.895507812, -0.860261429, -0.411019072, 0.30130772, 0, 2, 5, 1, 
249.327869, 38, 0.1, 0.1, -0.00920356335, 0.373473222, -0.0349710927, 0.894395147, -8.01396201e-006, 0.447277678, 0.447277678, -6.40059455e-006, -0.894395147, 1.00304918e-005, 1, -2.14019438e-006, 0.894395141, 2.20702325e-006, 0.447277689, 0.447277689, -1.54719692e-005, -0.894395141, 4.94631575e-006, 1, -1.48252063e-005, 0, 0, 0, 0, 0, 0, 0, 0.144144385, 0.155383154, 0.148604468, -0.423594178, 0.429516081, 0.797480038, -0.621459961, -0.778198242, 0.0891113281, 0.659096092, -0.457837625, 0.596580794, 0, -0, 0, 0, 0, 0, 0, 0.219437402, 0.158532031, 0.109248682, -0.498256917, 0.802731734, -0.327233163, -0.107299805, -0.431640625, -0.895507812, -0.860261429, -0.411019072, 0.30130772, 0, 2, 5, 1, 
249.328575, 38, 0.1, 0.1, -0.00920356123, 0.373473214, -0.0349699465, 0.894395261, 1.76741428e-006, 0.44727745, 0.44727745, 2.34604922e-005, -0.894395261, -1.20741161e-005, 1, 2.01924285e-005, 0.894395231, -1.3632447e-006, 0.447277509, 0.447277509, 3.0471842e-005, -0.894395231, -1.24100901e-005, 1, 2.78636189e-005, 0, 0, 0, 0, 0, 0, 0, 0.144144385, 0.155383154, 0.148604468, -0.423594178, 0.429516081, 0.797480038, -0.621459961, -0.778198242, 0.0891113281, 0.659096092, -0.457837625, 0.596580794, 0, -0, 0, 0, 0, 0, 0, 0.219538477, 0.158196631, 0.107912646, -0.496627657, 0.803185991, -0.328542328, -0.111694336, -0.434448242, -0.893554687, -0.860581158, -0.407166304, 0.305588859, 0, 2, 5, 1, 
249.329282, 38, 0.1, 0.1, -0.00920356289, 0.37347322, -0.0349686679, 0.894395417, 8.27252996e-006, 0.447277137, 0.447277137, -2.76015239e-005, -0.894395417, 4.94661772e-006, 1, -2.838679e-005, 0.894395392, 3.82090767e-006, 0.447277188, 0.447277188, -3.10758538e-005, -0.894395391, 1.04821183e-005, 1, -2.95031053e-005, 0, 0, 0, 0, 0, 0, 0, 0.144144385, 0.155383154, 0.148604468, -0.423594178, 0.429516081, 0.797480038, -0.621459961, -0.778198242, 0.0891113281, 0.659096092, -0.457837625, 0.596580794, 0, -0, 0, 0, 0, 0, 0, 0.219538477, 0.158196631, 0.107912646, -0.496627657, 0.803185991, -0.328542328, -0.111694336, -0.434448242, -0.893554687, -0.860581158, -0.407166304, 0.305588859, 0, 2, 5, 1, 
249.32998, 38, 0.1, 0.1, -0.00920356368, 0.373473218, -0.0349678173, 0.894395455, -2.00637108e-005, 0.447277062, 0.447277063, 1.87207534e-005, -0.894395454, 9.57152816e-006, 1, 2.57177944e-005, 0.894395463, -7.3747771e-006, 0.447277046, 0.447277046, 1.99432257e-005, -0.894395462, -2.32417989e-006, 1, 2.11356991e-005, 0, 0, 0, 0, 0, 0, 0, 0.144144385, 0.155383154, 0.148604468, -0.423594178, 0.429516081, 0.797480038, -0.621459961, -0.778198242, 0.0891113281, 0.659096092, -0.457837625, 0.596580794, 0, -0, 0, 0, 0, 0, 0, 0.219538477, 0.158196631, 0.107912646, -0.496627657, 0.803185991, -0.328542328, -0.111694336, -0.434448242, -0.893554687, -0.860581158, -0.407166304, 0.305588859, 0, 2, 5, 1, 
249.330669, 38, 0.1, 0.1, -0.00920356205, 0.373473218, -0.0349675656, 0.894395375, 1.81846218e-005, 0.447277222, 0.447277222, -2.14517146e-005, -0.894395375, -6.66937831e-006, 1, -2.73198814e-005, 0.894395391, 8.2806779e-006, 0.447277189, 0.447277189, -1.34864219e-005, -0.894395391, -1.37403127e-006, 1, -1.57659519e-005, 0, 0, 0, 0, 0, 0, 0, 0.144144385, 0.155383154, 0.148604468, -0.423594178, 0.429516081, 0.797480038, -0.621459961, -0.778198242, 0.0891113281, 0.659096092, -0.457837625, 0.596580794, 0, -0, 0, 0, 0, 0, 0, 0.219538477, 0.158196631, 0.107912646, -0.496627657, 0.803185991, -0.328542328, -0.111694336, -0.434448242, -0.893554687, -0.860581158, -0.407166304, 0.305588859, 0, 2, 5, 1, 
249.331384, 38, 0.1, 0.1, -0.00920356374, 0.373473225, -0.0349677777, 0.894395342, -1.53697311e-005, 0.447277288, 0.447277288, -6.15181125e-008, -0.894395342, 1.37741315e-005, 1, 6.81951012e-006, 0.894395336, -8.52178143e-006, 0.447277299, 0.447277299, -1.68529504e-005, -0.894395336, 1.51597837e-005, 1, -1.12616008e-005, 0, 0, 0, 0, 0, 0, 0, 0.144144385, 0.155383154, 0.148604468, -0.423594178, 0.429516081, 0.797480038, -0.621459961, -0.778198242, 0.0891113281, 0.659096092, -0.457837625, 0.596580794, 0, -0, 0, 0, 0, 0, 0, 0.219588037, 0.157759424, 0.106859521, -0.495714047, 0.80256659, -0.331564241, -0.112426758, -0.437866211, -0.891845703, -0.861098847, -0.404776551, 0.307480612, 0, 2, 5, 1, 
249.332082, 38, 0.1, 0.1, -0.00920356343, 0.373473218, -0.0349685403, 0.89439546, 4.9575465e-006, 0.447277052, 0.447277052, 8.05132279e-006, -0.89439546, -8.035179e-006, 1, 4.98366977e-006, 0.894395431, 3.89922937e-006, 0.447277111, 0.447277111, 2.11708571e-005, -0.89439543, -1.29566927e-005, 1, 1.71910818e-005, 0, 0, 0, 0, 0, 0, 0, 0.144144385, 0.155383154, 0.148604468, -0.423594178, 0.429516081, 0.797480038, -0.621459961, -0.778198242, 0.0891113281, 0.659096092, -0.457837625, 0.596580794, 0, -0, 0, 0, 0, 0, 0, 0.219588037, 0.157759424, 0.106859521, -0.495714047, 0.80256659, -0.331564241, -0.112426758, -0.437866211, -0.891845703, -0.861098847, -0.404776551, 0.307480612, 0, 2, 5, 1, 
249.332784, 38, 0.1, 0.1, -0.00920356688, 0.373473225, -0.0349695955, 0.89439559, 1.77718474e-005, 0.447276791, 0.447276792, -1.24482429e-005, -0.89439559, -1.03272518e-005, 1, -1.90825884e-005, 0.894395568, 1.1071333e-005, 0.447276835, 0.447276835, -2.43533704e-005, -0.894395568, 9.9054726e-007, 1, -2.67334974e-005, 0, 0, 0, 0, 0, 0, 0, 0.144144385, 0.155383154, 0.148604468, -0.423594178, 0.429516081, 0.797480038, -0.621459961, -0.778198242, 0.0891113281, 0.659096092, -0.457837625, 0.596580794, 0, -0, 0, 0, 0, 0, 0, 0.219588037, 0.157759424, 0.106859521, -0.495714047, 0.80256659, -0.331564241, -0.112426758, -0.437866211, -0.891845703, -0.861098847, -0.404776551, 0.307480612, 0, 2, 5, 1, 
249.33349, 38, 0.1, 0.1, -0.00920356634, 0.373473219, -0.0349704869, 0.89439558, -2.00800974e-005, 0.447276812, 0.447276813, 2.05881452e-005, -0.894395579, 8.75095042e-006, 1, 2.7395308e-005, 0.894395593, -1.54738514e-005, 0.447276786, 0.447276786, 2.37666502e-005, -0.894395593, 3.20947358e-006, 1, 2.81778817e-005, 0, 0, 0, 0, 0, 0, 0, 0.144277075, 0.155063257, 0.147704785, -0.421099332, 0.431890359, 0.797384558, -0.62121582, -0.777954102, 0.0932617187, 0.66080201, -0.456112611, 0.595977957, 0, -0, 0, 0, 0, 0, 0, 0.219588037, 0.157759424, 0.106859521, -0.495714047, 0.80256659, -0.331564241, -0.112426758, -0.437866211, -0.891845703, -0.861098847, -0.404776551, 0.307480612, 0, 2, 5, 1, 
