time, trialNum, realDorsalTactorPos, realVentralTactorPos, boxPosX, boxPosY, boxPosZ, boxLocalRot_11, boxLocalRot_12, boxLocalRot_13, boxLocalRot_21, boxLocalRot_22, boxLocalRot_23, boxLocalRot_31, boxLocalRot_32, boxLocalRot_33, boxGlobalRot_11, boxGlobalRot_12, boxGlobalRot_13, boxGlobalRot_21, boxGlobalRot_22, boxGlobalRot_23, boxGlobalRot_31, boxGlobalRot_32, boxGlobalRot_33, indexForceX, indexForceY, indexForceZ, indexForceGlobalX, indexForceGlobalY, indexForceGlobalZ, indexContact, indexPosX, indexPosY, indexPosZ, indexRot_11, indexRot_12, indexRot_13, indexRot_21, indexRot_22, indexRot_23, indexRot_31, indexRot_32, indexRot_33, thumbForceX, thumbForceY, thumbForceZ, thumbForceGlobalX, thumbForceGlobalY, thumbForceGlobalZ, thumbContact, thumbPosX, thumbPosY, thumbPosZ, thumbRot_11, thumbRot_12, thumbRot_13, thumbRot_21, thumbRot_22, thumbRot_23, thumbRot_31, thumbRot_32, thumbRot_33, manipForceTooHigh, cceExpType, mapping, trialSuccess, 
201.3552, 28, 0.1, 0.1, 0.0153078062, 0.365348245, -0.0349692971, 0.953882299, 1.00748095e-005, 0.300180878, 0.300180877, 2.1480183e-005, -0.953882299, -1.60581226e-005, 1, 1.74653012e-005, 0.953882162, 3.13999279e-006, 0.300181315, 0.300181314, 1.64647938e-005, -0.953882162, -7.93760656e-006, 1, 1.4762906e-005, 0, 0, 0, 0, 0, 0, 0, 0.161735645, 0.146929761, 0.156053345, -0.663850433, 0.613428749, 0.42772356, -0.615844727, -0.772705078, 0.152709961, 0.424257954, -0.162043335, 0.890957878, 0, 0, -0, 0, 0, 0, 0, 0.243106396, 0.151280957, 0.172242969, -0.310387848, 0.875308438, -0.370487027, 0.130371094, -0.346801758, -0.928710937, -0.941532844, -0.336618919, -0.00653568024, 0, 2, 5, 1, 
201.395269, 28, 0.1, 0.1, 0.0153078188, 0.365348233, -0.034968153, 0.953888601, 1.99380307e-005, 0.300160851, 0.300160851, -9.81583673e-006, -0.953888601, -1.60723303e-005, 1, -1.5347831e-005, 0.953888576, 2.38665647e-005, 0.300160932, 0.300160932, -8.93166404e-006, -0.953888576, -2.00851068e-005, 1, -1.56836226e-005, 0, 0, 0, 0, 0, 0, 0, 0.16411499, 0.145889453, 0.148768188, -0.667806671, 0.631698449, 0.393392541, -0.632568359, -0.760253906, 0.147216797, 0.39225629, -0.150476715, 0.907518651, 0, 0, -0, 0, 0, 0, 0, 0.244613379, 0.149269434, 0.167469531, -0.301218929, 0.871858154, -0.38588864, 0.15246582, -0.35546875, -0.922119141, -0.941182866, -0.336490588, -0.0258294052, 0, 2, 5, 1, 
201.395964, 28, 0.1, 0.1, 0.0153078229, 0.365348233, -0.0349681264, 0.953888724, -1.60654138e-005, 0.300160461, 0.300160461, -2.91005512e-006, -0.953888724, 1.61981005e-005, 1, 2.04633324e-006, 0.953888702, -2.12775338e-005, 0.300160531, 0.300160531, 1.31296e-006, -0.953888702, 1.99023004e-005, 1, 7.63909357e-006, 0, 0, 0, 0, 0, 0, 0, 0.16411499, 0.145889453, 0.148768188, -0.667806671, 0.631698449, 0.393392541, -0.632568359, -0.760253906, 0.147216797, 0.39225629, -0.150476715, 0.907518651, 0, 0, -0, 0, 0, 0, 0, 0.244613379, 0.149269434, 0.167469531, -0.301218929, 0.871858154, -0.38588864, 0.15246582, -0.35546875, -0.922119141, -0.941182866, -0.336490588, -0.0258294052, 0, 2, 5, 1, 
201.396654, 28, 0.1, 0.1, 0.0153078191, 0.365348234, -0.0349686025, 0.953888787, 1.21543881e-005, 0.300160261, 0.300160261, 1.03232374e-005, -0.953888787, -1.46925601e-005, 1, 6.19895605e-006, 0.95388878, 1.92812599e-005, 0.300160281, 0.300160281, 2.67777506e-007, -0.953888781, -1.84725537e-005, 1, -5.53203844e-006, 0, 0, 0, 0, 0, 0, 0, 0.16411499, 0.145889453, 0.148768188, -0.667806671, 0.631698449, 0.393392541, -0.632568359, -0.760253906, 0.147216797, 0.39225629, -0.150476715, 0.907518651, 0, 0, -0, 0, 0, 0, 0, 0.244613379, 0.149269434, 0.167469531, -0.301218929, 0.871858154, -0.38588864, 0.15246582, -0.35546875, -0.922119141, -0.941182866, -0.336490588, -0.0258294052, 0, 2, 5, 1, 
201.397372, 28, 0.1, 0.1, 0.0153078241, 0.365348234, -0.0349691421, 0.953888753, -1.40547418e-005, 0.30016037, 0.30016037, -1.38835872e-005, -0.953888753, 1.75739628e-005, 1, -9.02472115e-006, 0.953888766, -1.91970163e-005, 0.300160327, 0.300160327, -1.01633998e-005, -0.953888766, 2.13624676e-005, 1, -3.93257025e-006, 0, 0, 0, 0, 0, 0, 0, 0.164346045, 0.145461182, 0.147552954, -0.667459195, 0.636111513, 0.386952293, -0.634887695, -0.75769043, 0.150512695, 0.388987864, -0.145243262, 0.909774605, 0, 0, -0, 0, 0, 0, 0, 0.244694434, 0.148762158, 0.165896924, -0.299806952, 0.87047826, -0.390015927, 0.151611328, -0.360107422, -0.920410156, -0.941770917, -0.335039965, -0.0239310891, 0, 2, 5, 1, 
201.398062, 28, 0.1, 0.1, 0.015307822, 0.365348231, -0.034969825, 0.95388865, 8.45204927e-006, 0.300160696, 0.300160695, 1.68565887e-005, -0.95388865, -1.31219993e-005, 1, 1.35423357e-005, 0.953888673, 1.1654955e-005, 0.300160621, 0.300160621, 1.80159796e-005, -0.953888673, -1.65252172e-005, 1, 1.36868804e-005, 0, 0, 0, 0, 0, 0, 0, 0.164346045, 0.145461182, 0.147552954, -0.667459195, 0.636111513, 0.386952293, -0.634887695, -0.75769043, 0.150512695, 0.388987864, -0.145243262, 0.909774605, 0, 0, -0, 0, 0, 0, 0, 0.244694434, 0.148762158, 0.165896924, -0.299806952, 0.87047826, -0.390015927, 0.151611328, -0.360107422, -0.920410156, -0.941770917, -0.335039965, -0.0239310891, 0, 2, 5, 1, 
201.398754, 28, 0.1, 0.1, 0.0153078253, 0.365348233, -0.0349704332, 0.953888537, -1.24630877e-005, 0.300161054, 0.300161054, -7.84596685e-006, -0.953888537, 1.42434502e-005, 1, -3.74324429e-006, 0.953888558, -1.47145149e-005, 0.300160988, 0.300160988, -1.38269009e-005, -0.953888558, 1.81863036e-005, 1, -8.77259928e-006, 0, 0, 0, 0, 0, 0, 0, 0.164346045, 0.145461182, 0.147552954, -0.667459195, 0.636111513, 0.386952293, -0.634887695, -0.75769043, 0.150512695, 0.388987864, -0.145243262, 0.909774605, 0, 0, -0, 0, 0, 0, 0, 0.244694434, 0.148762158, 0.165896924, -0.299806952, 0.87047826, -0.390015927, 0.151611328, -0.360107422, -0.920410156, -0.941770917, -0.335039965, -0.0239310891, 0, 2, 5, 1, 
201.399453, 28, 0.1, 0.1, 0.0153078221, 0.36534823, -0.0349708217, 0.953888478, 1.81115935e-005, 0.300161242, 0.300161242, -3.01522976e-006, -0.953888478, -1.63713853e-005, 1, -8.31259134e-006, 0.953888484, 1.78918615e-005, 0.300161224, 0.300161224, 8.39504203e-006, -0.953888484, -1.95867068e-005, 1, 2.63749085e-006, 0, 0, 0, 0, 0, 0, 0, 0.164346045, 0.145461182, 0.147552954, -0.667459195, 0.636111513, 0.386952293, -0.634887695, -0.75769043, 0.150512695, 0.388987864, -0.145243262, 0.909774605, 0, 0, -0, 0, 0, 0, 0, 0.244694434, 0.148762158, 0.165896924, -0.299806952, 0.87047826, -0.390015927, 0.151611328, -0.360107422, -0.920410156, -0.941770917, -0.335039965, -0.0239310891, 0, 2, 5, 1, 
201.400142, 28, 0.1, 0.1, 0.0153078241, 0.365348232, -0.0349708454, 0.953888506, -1.25739189e-005, 0.300161152, 0.300161152, 3.37579657e-006, -0.953888507, 1.09808337e-005, 1, 6.99433553e-006, 0.953888495, -1.45285239e-005, 0.300161189, 0.300161189, -2.30560894e-006, -0.953888495, 1.45506461e-005, 1, 2.16160516e-006, 0, 0, 0, 0, 0, 0, 0, 0.164346045, 0.145461182, 0.147552954, -0.667459195, 0.636111513, 0.386952293, -0.634887695, -0.75769043, 0.150512695, 0.388987864, -0.145243262, 0.909774605, 0, 0, -0, 0, 0, 0, 0, 0.244694434, 0.148762158, 0.165896924, -0.299806952, 0.87047826, -0.390015927, 0.151611328, -0.360107422, -0.920410156, -0.941770917, -0.335039965, -0.0239310891, 0, 2, 5, 1, 
201.400837, 28, 0.1, 0.1, 0.0153078193, 0.365348233, -0.0349705734, 0.953888601, 2.0327697e-005, 0.300160853, 0.300160853, -8.42322651e-006, -0.953888601, -1.68620356e-005, 1, -1.41363986e-005, 0.953888579, 2.4174815e-005, 0.300160922, 0.300160922, -7.58011185e-006, -0.953888579, -2.07848266e-005, 1, -1.44869169e-005, 0, 0, 0, 0, 0, 0, 0, 0.164346045, 0.145461182, 0.147552954, -0.667459195, 0.636111513, 0.386952293, -0.634887695, -0.75769043, 0.150512695, 0.388987864, -0.145243262, 0.909774605, 0, 0, -0, 0, 0, 0, 0, 0.244694434, 0.148762158, 0.165896924, -0.299806952, 0.87047826, -0.390015927, 0.151611328, -0.360107422, -0.920410156, -0.941770917, -0.335039965, -0.0239310891, 0, 2, 5, 1, 
201.401546, 28, 0.1, 0.1, 0.0153078228, 0.365348233, -0.0349700154, 0.953888708, -1.35994963e-005, 0.300160511, 0.300160511, -2.80603191e-006, -0.953888708, 1.3814666e-005, 1, 1.40538961e-006, 0.953888688, -1.8811611e-005, 0.300160576, 0.300160576, 1.66261657e-006, -0.953888688, 1.7445131e-005, 1, 7.23245513e-006, 0, 0, 0, 0, 0, 0, 0, 0.164346045, 0.145461182, 0.147552954, -0.667713435, 0.639205448, 0.381362008, -0.635253906, -0.756347656, 0.155883789, 0.388162989, -0.138194185, 0.911154387, 0, 0, -0, 0, 0, 0, 0, 0.244694434, 0.148762158, 0.165896924, -0.299806952, 0.87047826, -0.390015927, 0.151611328, -0.360107422, -0.920410156, -0.941770917, -0.335039965, -0.0239310891, 0, 2, 5, 1, 
201.402258, 28, 0.1, 0.1, 0.0153078184, 0.365348233, -0.0349690991, 0.953888758, 1.23261905e-005, 0.300160353, 0.300160353, 1.03946592e-005, -0.953888758, -1.48778791e-005, 1, 6.21551487e-006, 0.953888754, 2.01549127e-005, 0.300160365, 0.300160365, 2.84955819e-007, -0.953888754, -1.9311077e-005, 1, -5.77788981e-006, 0, 0, 0, 0, 0, 0, 0, 0.164553784, 0.145194263, 0.146155249, -0.667713435, 0.639205448, 0.381362008, -0.635253906, -0.756347656, 0.155883789, 0.388162989, -0.138194185, 0.911154387, 0, 0, -0, 0, 0, 0, 0, 0.244921094, 0.148349463, 0.164630908, -0.299832472, 0.867858464, -0.395849401, 0.153198242, -0.365600586, -0.91796875, -0.941528114, -0.335806288, -0.0233167848, 0, 2, 5, 1, 
201.402946, 28, 0.1, 0.1, 0.0153078229, 0.365348233, -0.0349684442, 0.953888714, -1.3328769e-005, 0.300160493, 0.300160493, -1.4542287e-005, -0.953888714, 1.70791824e-005, 1, -9.8709536e-006, 0.953888729, -1.82658768e-005, 0.300160444, 0.300160444, -1.07152456e-005, -0.953888729, 2.06399069e-005, 1, -4.73845834e-006, 0, 0, 0, 0, 0, 0, 0, 0.164553784, 0.145194263, 0.146155249, -0.667713435, 0.639205448, 0.381362008, -0.635253906, -0.756347656, 0.155883789, 0.388162989, -0.138194185, 0.911154387, 0, 0, -0, 0, 0, 0, 0, 0.244921094, 0.148349463, 0.164630908, -0.299832472, 0.867858464, -0.395849401, 0.153198242, -0.365600586, -0.91796875, -0.941528114, -0.335806288, -0.0233167848, 0, 2, 5, 1, 
201.403637, 28, 0.1, 0.1, 0.0153078207, 0.365348231, -0.0349682493, 0.953888602, 7.83376932e-006, 0.300160849, 0.300160848, 1.70937996e-005, -0.953888602, -1.26034327e-005, 1, 1.39541898e-005, 0.953888627, 1.16540158e-005, 0.300160768, 0.300160767, 1.8451093e-005, -0.953888627, -1.66549274e-005, 1, 1.41022094e-005, 0, 0, 0, 0, 0, 0, 0, 0.164553784, 0.145194263, 0.146155249, -0.667713435, 0.639205448, 0.381362008, -0.635253906, -0.756347656, 0.155883789, 0.388162989, -0.138194185, 0.911154387, 0, 0, -0, 0, 0, 0, 0, 0.244921094, 0.148349463, 0.164630908, -0.299832472, 0.867858464, -0.395849401, 0.153198242, -0.365600586, -0.91796875, -0.941528114, -0.335806288, -0.0233167848, 0, 2, 5, 1, 
201.404405, 28, 0.1, 0.1, 0.0153078258, 0.365348234, -0.0349681356, 0.953888467, -1.61830778e-005, 0.300161278, 0.300161278, -8.90814662e-006, -0.953888467, 1.8110732e-005, 1, -3.639845e-006, 0.953888494, -1.91130309e-005, 0.300161191, 0.300161191, -1.68679531e-005, -0.953888494, 2.32948052e-005, 1, -1.03531563e-005, 0, 0, 0, 0, 0, 0, 0, 0.164851733, 0.144349902, 0.144523438, -0.666178259, 0.644152078, 0.375549684, -0.637451172, -0.753295898, 0.161376953, 0.386931105, -0.131932914, 0.912692929, 0, 0, -0, 0, 0, 0, 0, 0.245252002, 0.147770654, 0.163121875, -0.298069051, 0.865545637, -0.402085358, 0.154174805, -0.372070313, -0.915161133, -0.941956484, -0.334821948, -0.0223765551, 0, 2, 5, 1, 
201.405102, 28, 0.1, 0.1, 0.0153078232, 0.365348231, -0.0349679113, 0.953888402, 1.73225093e-005, 0.300161483, 0.300161483, -3.5483094e-006, -0.953888402, -1.54586749e-005, 1, -8.58424126e-006, 0.953888408, 1.70732491e-005, 0.300161464, 0.300161464, 9.15937409e-006, -0.953888408, -1.90352656e-005, 1, 3.61228932e-006, 0, 0, 0, 0, 0, 0, 0, 0.164851733, 0.144349902, 0.144523438, -0.666178259, 0.644152078, 0.375549684, -0.637451172, -0.753295898, 0.161376953, 0.386931105, -0.131932914, 0.912692929, 0, 0, -0, 0, 0, 0, 0, 0.245252002, 0.147770654, 0.163121875, -0.298069051, 0.865545637, -0.402085358, 0.154174805, -0.372070313, -0.915161133, -0.941956484, -0.334821948, -0.0223765551, 0, 2, 5, 1, 
201.405802, 28, 0.1, 0.1, 0.0153078263, 0.365348233, -0.0349681601, 0.953888436, -1.65277698e-005, 0.300161375, 0.300161376, 2.87270649e-006, -0.953888436, 1.4903373e-005, 1, 7.70123963e-006, 0.953888423, -1.8811636e-005, 0.300161418, 0.300161418, -3.39546809e-006, -0.953888423, 1.89633903e-005, 1, 2.40762963e-006, 0, 0, 0, 0, 0, 0, 0, 0.164851733, 0.144349902, 0.144523438, -0.666178259, 0.644152078, 0.375549684, -0.637451172, -0.753295898, 0.161376953, 0.386931105, -0.131932914, 0.912692929, 0, 0, -0, 0, 0, 0, 0, 0.245252002, 0.147770654, 0.163121875, -0.298069051, 0.865545637, -0.402085358, 0.154174805, -0.372070313, -0.915161133, -0.941956484, -0.334821948, -0.0223765551, 0, 2, 5, 1, 
201.406556, 28, 0.1, 0.1, 0.0153078202, 0.365348235, -0.0349684141, 0.953888556, 2.43364157e-005, 0.300160994, 0.300160995, -1.18247427e-005, -0.953888556, -1.96649019e-005, 1, -1.85843295e-005, 0.95388853, 2.8436691e-005, 0.300161077, 0.300161078, -1.09647598e-005, -0.95388853, -2.38342393e-005, 1, -1.89947465e-005, 0, 0, 0, 0, 0, 0, 0, 0.164851733, 0.144349902, 0.144523438, -0.666178259, 0.644152078, 0.375549684, -0.637451172, -0.753295898, 0.161376953, 0.386931105, -0.131932914, 0.912692929, 0, 0, -0, 0, 0, 0, 0, 0.245252002, 0.147770654, 0.163121875, -0.298069051, 0.865545637, -0.402085358, 0.154174805, -0.372070313, -0.915161133, -0.941956484, -0.334821948, -0.0223765551, 0, 2, 5, 1, 
201.407251, 28, 0.1, 0.1, 0.0153078243, 0.365348231, -0.0349686806, 0.953888712, -2.25818748e-005, 0.300160499, 0.300160499, 2.3158725e-005, -0.953888712, 1.4589261e-005, 0.999999999, 2.88690332e-005, 0.953888677, -2.39724117e-005, 0.30016061, 0.300160611, 1.90940913e-005, -0.953888677, 1.7135718e-005, 1, 2.54092112e-005, 0, 0, 0, 0, 0, 0, 0, 0.164851733, 0.144349902, 0.144523438, -0.666178259, 0.644152078, 0.375549684, -0.637451172, -0.753295898, 0.161376953, 0.386931105, -0.131932914, 0.912692929, 0, 0, -0, 0, 0, 0, 0, 0.245252002, 0.147770654, 0.163121875, -0.298069051, 0.865545637, -0.402085358, 0.154174805, -0.372070313, -0.915161133, -0.941956484, -0.334821948, -0.0223765551, 0, 2, 5, 1, 
201.407947, 28, 0.1, 0.1, 0.0153078222, 0.36534823, -0.0349692276, 0.953888922, 1.72401844e-005, 0.300159832, 0.300159833, -2.33150089e-005, -0.953888921, -9.44699178e-006, 1, -2.74147395e-005, 0.953888872, 1.78714755e-005, 0.300159991, 0.300159991, -1.03060235e-005, -0.953888872, -1.39539457e-005, 1, -1.5195103e-005, 0, 0, 0, 0, 0, 0, 0, 0.164851733, 0.144349902, 0.144523438, -0.666178259, 0.644152078, 0.375549684, -0.637451172, -0.753295898, 0.161376953, 0.386931105, -0.131932914, 0.912692929, 0, 0, -0, 0, 0, 0, 0, 0.245252002, 0.147770654, 0.163121875, -0.298069051, 0.865545637, -0.402085358, 0.154174805, -0.372070313, -0.915161133, -0.941956484, -0.334821948, -0.0223765551, 0, 2, 5, 1, 
201.408684, 28, 0.1, 0.1, 0.0153078201, 0.365348236, -0.0349697641, 0.953889196, 3.20066688e-006, 0.300158962, 0.300158962, 7.60262536e-006, -0.953889196, -5.3350777e-006, 1, 6.29135334e-006, 0.953889142, 8.11373155e-006, 0.300159133, 0.300159133, -1.14324467e-005, -0.953889142, -4.30804716e-006, 1, -1.33406974e-005, 0, 0, 0, 0, 0, 0, 0, 0.164851733, 0.144349902, 0.144523438, -0.666178259, 0.644152078, 0.375549684, -0.637451172, -0.753295898, 0.161376953, 0.386931105, -0.131932914, 0.912692929, 0, 0, -0, 0, 0, 0, 0, 0.245252002, 0.147770654, 0.163121875, -0.298069051, 0.865545637, -0.402085358, 0.154174805, -0.372070313, -0.915161133, -0.941956484, -0.334821948, -0.0223765551, 0, 2, 5, 1, 
201.409427, 28, 0.1, 0.1, 0.0153078222, 0.36534823, -0.0349693001, 0.953889396, 3.44280086e-006, 0.300158327, 0.300158327, 4.31022006e-006, -0.953889396, -4.57779968e-006, 1, 3.07808786e-006, 0.953889363, -6.58185552e-006, 0.30015843, 0.30015843, 1.44233342e-005, -0.953889363, 1.94907662e-006, 1, 1.57338645e-005, 0, 0, 0, 0, 0, 0, 0, 0.165393799, 0.14350957, 0.142704395, -0.664312459, 0.649155995, 0.370485852, -0.639404297, -0.75012207, 0.16796875, 0.387006367, -0.125309941, 0.913494961, 0, 0, -0, 0, 0, 0, 0, 0.245526514, 0.146963721, 0.161226904, -0.2971682, 0.863085889, -0.408039867, 0.153076172, -0.378662109, -0.912719727, -0.942352772, -0.333607566, -0.0194428606, 0, 2, 5, 1, 
201.410122, 28, 0.1, 0.1, 0.0153078217, 0.365348238, -0.0349689822, 0.953889607, -4.3793639e-006, 0.300157653, 0.300157653, -2.37171509e-005, -0.953889607, 1.12963141e-005, 1, -2.13090442e-005, 0.953889563, -3.64527157e-006, 0.300157795, 0.300157795, -3.12862872e-005, -0.953889562, 1.28680095e-005, 1, -2.87495062e-005, 0, 0, 0, 0, 0, 0, 0, 0.165393799, 0.14350957, 0.142704395, -0.664312459, 0.649155995, 0.370485852, -0.639404297, -0.75012207, 0.16796875, 0.387006367, -0.125309941, 0.913494961, 0, 0, -0, 0, 0, 0, 0, 0.245526514, 0.146963721, 0.161226904, -0.2971682, 0.863085889, -0.408039867, 0.153076172, -0.378662109, -0.912719727, -0.942352772, -0.333607566, -0.0194428606, 0, 2, 5, 1, 
201.410832, 28, 0.1, 0.1, 0.0153078206, 0.365348231, -0.0349688505, 0.953889828, 1.66939606e-006, 0.300156954, 0.300156953, 2.8568266e-005, -0.953889827, -1.01673836e-005, 1, 2.67498975e-005, 0.953889786, 6.15794026e-006, 0.300157087, 0.300157086, 3.09827417e-005, -0.953889785, -1.51736858e-005, 1, 2.77057714e-005, 0, 0, 0, 0, 0, 0, 0, 0.165393799, 0.14350957, 0.142704395, -0.664312459, 0.649155995, 0.370485852, -0.639404297, -0.75012207, 0.16796875, 0.387006367, -0.125309941, 0.913494961, 0, 0, -0, 0, 0, 0, 0, 0.245526514, 0.146963721, 0.161226904, -0.2971682, 0.863085889, -0.408039867, 0.153076172, -0.378662109, -0.912719727, -0.942352772, -0.333607566, -0.0194428606, 0, 2, 5, 1, 
201.41157, 28, 0.1, 0.1, 0.0153078198, 0.365348234, -0.0349684381, 0.953889967, 1.4286962e-005, 0.300156512, 0.300156512, -2.63148196e-005, -0.953889966, -5.72962524e-006, 1, -2.9389767e-005, 0.953889948, 1.16159703e-005, 0.300156572, 0.300156572, -2.2579678e-005, -0.953889947, -4.30291858e-006, 1, -2.50251377e-005, 0, 0, 0, 0, 0, 0, 0, 0.165393799, 0.14350957, 0.142704395, -0.664312459, 0.649155995, 0.370485852, -0.639404297, -0.75012207, 0.16796875, 0.387006367, -0.125309941, 0.913494961, 0, 0, -0, 0, 0, 0, 0, 0.245526514, 0.146963721, 0.161226904, -0.2971682, 0.863085889, -0.408039867, 0.153076172, -0.378662109, -0.912719727, -0.942352772, -0.333607566, -0.0194428606, 0, 2, 5, 1, 
201.412263, 28, 0.1, 0.1, 0.0153078212, 0.365348235, -0.0349683498, 0.953890087, -7.25288835e-006, 0.300156128, 0.300156128, 2.27797295e-005, -0.953890087, 8.09828843e-008, 1, 2.39063571e-005, 0.953890055, -1.13404995e-005, 0.300156231, 0.300156231, 9.0841129e-006, -0.953890055, 8.0909366e-006, 1, 1.20691665e-005, 0, 0, 0, 0, 0, 0, 0, 0.165393799, 0.14350957, 0.142704395, -0.664312459, 0.649155995, 0.370485852, -0.639404297, -0.75012207, 0.16796875, 0.387006367, -0.125309941, 0.913494961, 0, 0, -0, 0, 0, 0, 0, 0.245526514, 0.146963721, 0.161226904, -0.2971682, 0.863085889, -0.408039867, 0.153076172, -0.378662109, -0.912719727, -0.942352772, -0.333607566, -0.0194428606, 0, 2, 5, 1, 
201.412958, 28, 0.1, 0.1, 0.015307818, 0.365348228, -0.0349686682, 0.953890287, 8.19553088e-006, 0.300155495, 0.300155495, -6.02120962e-006, -0.953890287, -6.01033815e-006, 1, -8.203507e-006, 0.953890245, 1.30847682e-005, 0.300155626, 0.300155626, 1.33633911e-005, -0.953890245, -1.64925298e-005, 1, 8.81974159e-006, 0, 0, 0, 0, 0, 0, 0, 0.165393799, 0.14350957, 0.142704395, -0.664312459, 0.649155995, 0.370485852, -0.639404297, -0.75012207, 0.16796875, 0.387006367, -0.125309941, 0.913494961, 0, 0, -0, 0, 0, 0, 0, 0.245526514, 0.146963721, 0.161226904, -0.2971682, 0.863085889, -0.408039867, 0.153076172, -0.378662109, -0.912719727, -0.942352772, -0.333607566, -0.0194428606, 0, 2, 5, 1, 
201.413735, 28, 0.1, 0.1, 0.0153078228, 0.365348236, -0.0349688105, 0.953890563, -1.07842692e-005, 0.300154617, 0.300154617, -3.26934217e-006, -0.953890563, 1.12683208e-005, 1, 1.18353551e-007, 0.953890503, -1.60457154e-005, 0.300154807, 0.300154806, -2.00696521e-005, -0.953890503, 2.13298581e-005, 1, -1.43280519e-005, 0, 0, 0, 0, 0, 0, 0, 0.165577734, 0.143011719, 0.141038037, -0.665074056, 0.651971725, 0.364013403, -0.638793945, -0.749145508, 0.175048828, 0.386879808, -0.116115738, 0.91476728, 0, 0, -0, 0, 0, 0, 0, 0.245526514, 0.146963721, 0.161226904, -0.297960409, 0.859085833, -0.415821962, 0.154785156, -0.386352539, -0.909179687, -0.941822323, -0.335255416, -0.0178059376, 0, 2, 5, 1, 
201.414435, 28, 0.1, 0.1, 0.0153078208, 0.365348235, -0.0349685855, 0.953890846, 2.09549782e-006, 0.300153717, 0.300153717, -1.35988009e-005, -0.953890846, 2.08285445e-006, 1, -1.36007432e-005, 0.953890788, 9.9049258e-006, 0.300153903, 0.300153903, -6.74811617e-006, -0.953890788, -7.42274406e-006, 1, -9.40996798e-006, 0, 0, 0, 0, 0, 0, 0, 0.165577734, 0.143011719, 0.141038037, -0.665074056, 0.651971725, 0.364013403, -0.638793945, -0.749145508, 0.175048828, 0.386879808, -0.116115738, 0.91476728, 0, 0, -0, 0, 0, 0, 0, 0.245931738, 0.146441162, 0.159406982, -0.297960409, 0.859085833, -0.415821962, 0.154785156, -0.386352539, -0.909179687, -0.941822323, -0.335255416, -0.0178059376, 0, 2, 5, 1, 
201.415128, 28, 0.1, 0.1, 0.0153078214, 0.365348233, -0.0349686697, 0.953891132, -3.08467162e-006, 0.300152808, 0.300152808, 1.4803488e-005, -0.953891132, -1.50086759e-006, 1, 1.50467888e-005, 0.953891079, 5.92737378e-007, 0.300152975, 0.300152975, 1.54935146e-005, -0.953891079, -5.21583139e-006, 1, 1.46012134e-005, 0, 0, 0, 0, 0, 0, 0, 0.165577734, 0.143011719, 0.141038037, -0.665074056, 0.651971725, 0.364013403, -0.638793945, -0.749145508, 0.175048828, 0.386879808, -0.116115738, 0.91476728, 0, 0, -0, 0, 0, 0, 0, 0.245931738, 0.146441162, 0.159406982, -0.297960409, 0.859085833, -0.415821962, 0.154785156, -0.386352539, -0.909179687, -0.941822323, -0.335255416, -0.0178059376, 0, 2, 5, 1, 
201.41586, 28, 0.1, 0.1, 0.015307823, 0.365348234, -0.0349689433, 0.953891354, 2.63732385e-006, 0.300152103, 0.300152103, 2.8681728e-006, -0.953891354, -3.37660852e-006, 1, 1.94432694e-006, 0.953891314, 2.25220497e-006, 0.300152231, 0.300152231, -4.78695166e-006, -0.953891314, -7.11544533e-007, 1, -5.24223596e-006, 0, 0, 0, 0, 0, 0, 0, 0.165577734, 0.143011719, 0.141038037, -0.665074056, 0.651971725, 0.364013403, -0.638793945, -0.749145508, 0.175048828, 0.386879808, -0.116115738, 0.91476728, 0, 0, -0, 0, 0, 0, 0, 0.245931738, 0.146441162, 0.159406982, -0.297960409, 0.859085833, -0.415821962, 0.154785156, -0.386352539, -0.909179687, -0.941822323, -0.335255416, -0.0178059376, 0, 2, 5, 1, 
201.416565, 28, 0.1, 0.1, 0.0153078231, 0.365348233, -0.0349689334, 0.953891512, -2.71479328e-006, 0.300151602, 0.300151602, 3.5482251e-006, -0.953891512, 1.52461282e-006, 1, 4.19947136e-006, 0.953891483, 3.84355153e-007, 0.300151694, 0.300151694, 4.11312143e-006, -0.953891483, -1.60119347e-006, 1, 3.80810664e-006, 0, 0, 0, 0, 0, 0, 0, 0.165577734, 0.143011719, 0.141038037, -0.665074056, 0.651971725, 0.364013403, -0.638793945, -0.749145508, 0.175048828, 0.386879808, -0.116115738, 0.91476728, 0, 0, -0, 0, 0, 0, 0, 0.245931738, 0.146441162, 0.159406982, -0.297960409, 0.859085833, -0.415821962, 0.154785156, -0.386352539, -0.909179687, -0.941822323, -0.335255416, -0.0178059376, 0, 2, 5, 1, 
201.417258, 28, 0.1, 0.1, 0.0153078237, 0.365348232, -0.0349691478, 0.953891646, -6.25865139e-008, 0.300151173, 0.300151173, 2.01302213e-007, -0.953891646, -7.20342813e-010, 1, 2.10805915e-007, 0.953891622, -4.12018467e-006, 0.300151252, 0.300151252, 4.53141879e-006, -0.953891622, 2.57009861e-006, 1, 5.55916101e-006, 0, 0, 0, 0, 0, 0, 0, 0.165577734, 0.143011719, 0.141038037, -0.665074056, 0.651971725, 0.364013403, -0.638793945, -0.749145508, 0.175048828, 0.386879808, -0.116115738, 0.91476728, 0, 0, -0, 0, 0, 0, 0, 0.245931738, 0.146441162, 0.159406982, -0.297960409, 0.859085833, -0.415821962, 0.154785156, -0.386352539, -0.909179687, -0.941822323, -0.335255416, -0.0178059376, 0, 2, 5, 1, 
201.417948, 28, 0.1, 0.1, 0.0153078219, 0.365348234, -0.0349695223, 0.953891752, 3.43608694e-006, 0.300150838, 0.300150838, 6.16956256e-006, -0.953891752, -5.12945437e-006, 1, 4.85375046e-006, 0.953891737, 1.04232213e-005, 0.300150886, 0.300150886, -3.88028086e-006, -0.953891737, -8.77795489e-006, 1, -6.82990695e-006, 0, 0, 0, 0, 0, 0, 0, 0.165577734, 0.143011719, 0.141038037, -0.665074056, 0.651971725, 0.364013403, -0.638793945, -0.749145508, 0.175048828, 0.386879808, -0.116115738, 0.91476728, 0, 0, -0, 0, 0, 0, 0, 0.245931738, 0.146441162, 0.159406982, -0.297960409, 0.859085833, -0.415821962, 0.154785156, -0.386352539, -0.909179687, -0.941822323, -0.335255416, -0.0178059376, 0, 2, 5, 1, 
201.418729, 28, 0.1, 0.1, 0.0153078235, 0.365348233, -0.0349691708, 0.953891797, 7.35361309e-006, 0.300150696, 0.300150696, -8.74121903e-006, -0.953891796, -4.39086822e-006, 1, -1.05453692e-005, 0.95389179, 4.06931428e-006, 0.300150718, 0.300150718, -5.03154633e-006, -0.95389179, -2.37146324e-006, 1, -6.02095834e-006, 0, 0, 0, 0, 0, 0, 0, 0.165854565, 0.142149536, 0.139153198, -0.664008045, 0.656462295, 0.357642426, -0.639892578, -0.746459961, 0.182006836, 0.386587377, -0.108051947, 0.915899936, 0, 0, -0, 0, 0, 0, 0, 0.246173291, 0.145743945, 0.157373828, -0.297730365, 0.855456545, -0.423495416, 0.156005859, -0.394042969, -0.905639648, -0.941675402, -0.335759612, -0.0160348531, 0, 2, 5, 1, 
201.419431, 28, 0.1, 0.1, 0.0153078258, 0.365348231, -0.0349686421, 0.953891855, -3.42592911e-006, 0.300150511, 0.300150511, 1.53100809e-005, -0.953891855, -1.32736273e-006, 1, 1.56324558e-005, 0.953891838, -1.14729102e-005, 0.300150563, 0.300150563, 1.29092881e-005, -0.953891838, 7.06918535e-006, 1, 1.5757665e-005, 0, 0, 0, 0, 0, 0, 0, 0.165854565, 0.142149536, 0.139153198, -0.664008045, 0.656462295, 0.357642426, -0.639892578, -0.746459961, 0.182006836, 0.386587377, -0.108051947, 0.915899936, 0, 0, -0, 0, 0, 0, 0, 0.246173291, 0.145743945, 0.157373828, -0.297730365, 0.855456545, -0.423495416, 0.156005859, -0.394042969, -0.905639648, -0.941675402, -0.335759612, -0.0160348531, 0, 2, 5, 1, 
201.420121, 28, 0.1, 0.1, 0.0153078271, 0.365348232, -0.0349684393, 0.953891965, -5.77041299e-006, 0.30015016, 0.30015016, -2.33867119e-006, -0.953891965, 6.20630312e-006, 1, -4.98849269e-007, 0.953891941, -7.32597852e-006, 0.300150236, 0.300150236, -8.94464271e-006, -0.953891941, 9.6729285e-006, 1, -6.33332842e-006, 0, 0, 0, 0, 0, 0, 0, 0.165854565, 0.142149536, 0.139153198, -0.664008045, 0.656462295, 0.357642426, -0.639892578, -0.746459961, 0.182006836, 0.386587377, -0.108051947, 0.915899936, 0, 0, -0, 0, 0, 0, 0, 0.246173291, 0.145743945, 0.157373828, -0.297730365, 0.855456545, -0.423495416, 0.156005859, -0.394042969, -0.905639648, -0.941675402, -0.335759612, -0.0160348531, 0, 2, 5, 1, 
201.420894, 28, 0.1, 0.1, 0.0153078283, 0.365348229, -0.03496822, 0.953892082, -5.10754833e-006, 0.300149788, 0.300149788, -1.02233999e-005, -0.953892082, 7.94060123e-006, 1, -8.21899069e-006, 0.953892064, -7.51257744e-006, 0.300149847, 0.300149847, 4.15693137e-006, -0.953892064, 5.91848568e-006, 1, 6.22016281e-006, 0, 0, 0, 0, 0, 0, 0, 0.166162402, 0.141078271, 0.137081128, -0.662433555, 0.661188008, 0.35201994, -0.640869141, -0.743530273, 0.190795898, 0.387944697, -0.0992838474, 0.916296082, 0, 0, -0, 0, 0, 0, 0, 0.246173291, 0.145743945, 0.157373828, -0.297097838, 0.851507895, -0.431801398, 0.156982422, -0.40246582, -0.901733398, -0.941854406, -0.335560918, -0.0140847646, 0, 2, 5, 1, 
201.421587, 28, 0.1, 0.1, 0.015307827, 0.36534823, -0.0349678585, 0.953892114, -5.00227315e-006, 0.300149687, 0.300149687, 7.87041545e-006, -0.953892114, 2.40932618e-006, 1, 9.00895795e-006, 0.953892115, 4.46350354e-006, 0.300149686, 0.300149686, 5.25880271e-006, -0.953892115, -5.83612881e-006, 1, 3.67661125e-006, 0, 0, 0, 0, 0, 0, 0, 0.166162402, 0.141078271, 0.137081128, -0.662433555, 0.661188008, 0.35201994, -0.640869141, -0.743530273, 0.190795898, 0.387944697, -0.0992838474, 0.916296082, 0, 0, -0, 0, 0, 0, 0, 0.246211377, 0.144817139, 0.15552583, -0.297097838, 0.851507895, -0.431801398, 0.156982422, -0.40246582, -0.901733398, -0.941854406, -0.335560918, -0.0140847646, 0, 2, 5, 1, 
201.422281, 28, 0.1, 0.1, 0.0153078254, 0.365348231, -0.0349680849, 0.953892104, 1.13575573e-005, 0.300149719, 0.300149719, -1.16124846e-005, -0.953892104, -7.34840027e-006, 1, -1.4486025e-005, 0.953892105, 1.41293201e-005, 0.300149714, 0.300149715, -1.13904865e-005, -0.953892105, -1.00589957e-005, 1, -1.51062065e-005, 0, 0, 0, 0, 0, 0, 0, 0.166162402, 0.141078271, 0.137081128, -0.662433555, 0.661188008, 0.35201994, -0.640869141, -0.743530273, 0.190795898, 0.387944697, -0.0992838474, 0.916296082, 0, 0, -0, 0, 0, 0, 0, 0.246211377, 0.144817139, 0.15552583, -0.297097838, 0.851507895, -0.431801398, 0.156982422, -0.40246582, -0.901733398, -0.941854406, -0.335560918, -0.0140847646, 0, 2, 5, 1, 
201.422995, 28, 0.1, 0.1, 0.0153078263, 0.36534823, -0.0349687564, 0.953892121, -1.34214677e-007, 0.300149665, 0.300149665, 3.7769435e-006, -0.953892121, -1.005622e-006, 1, 3.64308114e-006, 0.953892117, -4.98871168e-006, 0.300149678, 0.300149678, 8.28595031e-006, -0.953892117, 2.27166744e-006, 1, 9.40126288e-006, 0, 0, 0, 0, 0, 0, 0, 0.166162402, 0.141078271, 0.137081128, -0.662433555, 0.661188008, 0.35201994, -0.640869141, -0.743530273, 0.190795898, 0.387944697, -0.0992838474, 0.916296082, 0, 0, -0, 0, 0, 0, 0, 0.246211377, 0.144817139, 0.15552583, -0.297097838, 0.851507895, -0.431801398, 0.156982422, -0.40246582, -0.901733398, -0.941854406, -0.335560918, -0.0140847646, 0, 2, 5, 1, 
201.423717, 28, 0.1, 0.1, 0.0153078254, 0.365348232, -0.034969123, 0.953892147, -1.45684327e-006, 0.300149583, 0.300149583, 4.04038685e-006, -0.953892147, 1.7695093e-007, 1, 4.29136419e-006, 0.953892144, 4.38896385e-006, 0.300149591, 0.300149591, -6.42084589e-006, -0.953892144, -2.25938387e-006, 1, -7.44214016e-006, 0, 0, 0, 0, 0, 0, 0, 0.166162402, 0.141078271, 0.137081128, -0.662433555, 0.661188008, 0.35201994, -0.640869141, -0.743530273, 0.190795898, 0.387944697, -0.0992838474, 0.916296082, 0, 0, -0, 0, 0, 0, 0, 0.246211377, 0.144817139, 0.15552583, -0.297097838, 0.851507895, -0.431801398, 0.156982422, -0.40246582, -0.901733398, -0.941854406, -0.335560918, -0.0140847646, 0, 2, 5, 1, 
201.42441, 28, 0.1, 0.1, 0.015307827, 0.365348232, -0.03496963, 0.953892157, -2.08447229e-006, 0.300149551, 0.300149551, -1.1321974e-005, -0.953892157, 5.38664717e-006, 1, -1.01742888e-005, 0.95389216, -7.05784119e-006, 0.300149542, 0.300149542, -7.89186097e-006, -0.95389216, 9.10115783e-006, 1, -5.4095765e-006, 0, 0, 0, 0, 0, 0, 0, 0.166162402, 0.141078271, 0.137081128, -0.662433555, 0.661188008, 0.35201994, -0.640869141, -0.743530273, 0.190795898, 0.387944697, -0.0992838474, 0.916296082, 0, 0, -0, 0, 0, 0, 0, 0.246211377, 0.144817139, 0.15552583, -0.297097838, 0.851507895, -0.431801398, 0.156982422, -0.40246582, -0.901733398, -0.941854406, -0.335560918, -0.0140847646, 0, 2, 5, 1, 
201.425096, 28, 0.1, 0.1, 0.0153078272, 0.36534823, -0.0349701789, 0.953892108, -8.89382625e-006, 0.300149706, 0.300149707, 1.12298732e-005, -0.953892108, 5.11310752e-006, 1, 1.33815668e-005, 0.953892121, -7.0838951e-006, 0.300149663, 0.300149664, 1.208123e-005, -0.953892121, 3.13109459e-006, 1, 1.36504189e-005, 0, 0, 0, 0, 0, 0, 0, 0.166162402, 0.141078271, 0.137081128, -0.662433555, 0.661188008, 0.35201994, -0.640869141, -0.743530273, 0.190795898, 0.387944697, -0.0992838474, 0.916296082, 0, 0, -0, 0, 0, 0, 0, 0.246211377, 0.144817139, 0.15552583, -0.297097838, 0.851507895, -0.431801398, 0.156982422, -0.40246582, -0.901733398, -0.941854406, -0.335560918, -0.0140847646, 0, 2, 5, 1, 
201.42587, 28, 0.1, 0.1, 0.0153078247, 0.365348231, -0.0349699478, 0.953892034, 1.53251165e-006, 0.300149941, 0.300149941, -4.63749316e-006, -0.953892034, -6.99073494e-008, 1, -4.88365107e-006, 0.953892045, 1.08454682e-005, 0.300149905, 0.300149905, -8.05190118e-006, -0.953892045, -7.92862851e-006, 1, -1.09359107e-005, 0, 0, 0, 0, 0, 0, 0, 0.166278101, 0.140361084, 0.135290625, -0.664401948, 0.663991755, 0.343072863, -0.640136719, -0.742431641, 0.197265625, 0.38566103, -0.0886046433, 0.918331119, 0, 0, -0, 0, 0, 0, 0, 0.246406787, 0.144196436, 0.153567969, -0.297806924, 0.84622346, -0.441487639, 0.16027832, -0.411499023, -0.897094727, -0.940946992, -0.337834733, -0.0130162036, 0, 2, 5, 1, 
201.426561, 28, 0.1, 0.1, 0.0153078304, 0.36534823, -0.0349693083, 0.953891981, -3.68646109e-006, 0.300150109, 0.300150109, -4.65417046e-006, -0.953891981, 4.91343544e-006, 1, -3.33308418e-006, 0.953891991, -1.67863235e-005, 0.300150077, 0.300150077, 1.99874407e-006, -0.953891992, 1.54124163e-005, 1, 6.94500223e-006, 0, 0, 0, 0, 0, 0, 0, 0.166278101, 0.140361084, 0.135290625, -0.664401948, 0.663991755, 0.343072863, -0.640136719, -0.742431641, 0.197265625, 0.38566103, -0.0886046433, 0.918331119, 0, 0, -0, 0, 0, 0, 0, 0.246406787, 0.144196436, 0.153567969, -0.297806924, 0.84622346, -0.441487639, 0.16027832, -0.411499023, -0.897094727, -0.940946992, -0.337834733, -0.0130162036, 0, 2, 5, 1, 
201.427255, 28, 0.1, 0.1, 0.0153078251, 0.365348227, -0.0349688686, 0.953891877, 6.26319583e-006, 0.300150442, 0.300150441, 1.86533408e-005, -0.953891877, -1.15732201e-005, 1, 1.59133692e-005, 0.953891903, 1.62146901e-005, 0.300150358, 0.300150357, 1.61091454e-005, -0.953891903, -2.03022273e-005, 1, 1.04995383e-005, 0, 0, 0, 0, 0, 0, 0, 0.166278101, 0.140361084, 0.135290625, -0.664401948, 0.663991755, 0.343072863, -0.640136719, -0.742431641, 0.197265625, 0.38566103, -0.0886046433, 0.918331119, 0, 0, -0, 0, 0, 0, 0, 0.246406787, 0.144196436, 0.153567969, -0.297806924, 0.84622346, -0.441487639, 0.16027832, -0.411499023, -0.897094727, -0.940946992, -0.337834733, -0.0130162036, 0, 2, 5, 1, 
201.428006, 28, 0.1, 0.1, 0.0153078272, 0.365348228, -0.0349683678, 0.953891683, 6.01909711e-006, 0.300151058, 0.300151058, -8.74621547e-006, -0.953891683, -3.11638084e-006, 1, -1.01495806e-005, 0.953891727, -3.5278757e-006, 0.300150918, 0.300150918, -1.23593258e-005, -0.953891727, 7.07487442e-006, 1, -1.07305635e-005, 0, 0, 0, 0, 0, 0, 0, 0.166278101, 0.140361084, 0.135290625, -0.664401948, 0.663991755, 0.343072863, -0.640136719, -0.742431641, 0.197265625, 0.38566103, -0.0886046433, 0.918331119, 0, 0, -0, 0, 0, 0, 0, 0.246406787, 0.144196436, 0.153567969, -0.297806924, 0.84622346, -0.441487639, 0.16027832, -0.411499023, -0.897094727, -0.940946992, -0.337834733, -0.0130162036, 0, 2, 5, 1, 
201.428701, 28, 0.1, 0.1, 0.015307828, 0.365348225, -0.0349678836, 0.953891455, -3.56037889e-006, 0.300151781, 0.300151781, 4.82909963e-006, -0.953891455, 1.94675215e-006, 1, 5.67509094e-006, 0.953891501, -9.02071269e-006, 0.300151635, 0.300151635, 1.00372525e-005, -0.953891501, 5.59208343e-006, 1, 1.22820315e-005, 0, 0, 0, 0, 0, 0, 0, 0.166278101, 0.140361084, 0.135290625, -0.664401948, 0.663991755, 0.343072863, -0.640136719, -0.742431641, 0.197265625, 0.38566103, -0.0886046433, 0.918331119, 0, 0, -0, 0, 0, 0, 0, 0.246406787, 0.144196436, 0.153567969, -0.297806924, 0.84622346, -0.441487639, 0.16027832, -0.411499023, -0.897094727, -0.940946992, -0.337834733, -0.0130162036, 0, 2, 5, 1, 
201.429401, 28, 0.1, 0.1, 0.015307826, 0.365348227, -0.0349679435, 0.953891246, -4.06979762e-006, 0.300152445, 0.300152445, 3.89473049e-006, -0.953891246, 2.71313144e-006, 1, 4.93670902e-006, 0.953891281, 1.4405469e-006, 0.300152333, 0.300152333, -6.38100217e-006, -0.953891281, 5.41147562e-007, 1, -6.51916585e-006, 0, 0, 0, 0, 0, 0, 0, 0.166278101, 0.140361084, 0.135290625, -0.664401948, 0.663991755, 0.343072863, -0.640136719, -0.742431641, 0.197265625, 0.38566103, -0.0886046433, 0.918331119, 0, 0, -0, 0, 0, 0, 0, 0.246406787, 0.144196436, 0.153567969, -0.297806924, 0.84622346, -0.441487639, 0.16027832, -0.411499023, -0.897094727, -0.940946992, -0.337834733, -0.0130162036, 0, 2, 5, 1, 
201.430105, 28, 0.1, 0.1, 0.0153078258, 0.365348227, -0.0349684814, 0.953891092, 7.32329476e-006, 0.300152934, 0.300152934, -1.28551314e-005, -0.953891092, -3.12712022e-006, 1, -1.44605038e-005, 0.953891125, 2.23268214e-006, 0.300152832, 0.300152832, -8.12614554e-006, -0.953891125, 3.09349918e-007, 1, -8.42160397e-006, 0, 0, 0, 0, 0, 0, 0, 0.166278101, 0.140361084, 0.135290625, -0.664401948, 0.663991755, 0.343072863, -0.640136719, -0.742431641, 0.197265625, 0.38566103, -0.0886046433, 0.918331119, 0, 0, -0, 0, 0, 0, 0, 0.246406787, 0.144196436, 0.153567969, -0.297806924, 0.84622346, -0.441487639, 0.16027832, -0.411499023, -0.897094727, -0.940946992, -0.337834733, -0.0130162036, 0, 2, 5, 1, 
201.43087, 28, 0.1, 0.1, 0.015307828, 0.365348226, -0.0349684874, 0.953890966, -1.20504676e-006, 0.300153335, 0.300153335, 1.1469737e-005, -0.953890966, -2.29319661e-006, 1, 1.13025773e-005, 0.953890982, -1.03531635e-005, 0.300153286, 0.300153286, 9.30116482e-006, -0.953890982, 7.08401412e-006, 1, 1.19798333e-005, 0, 0, 0, 0, 0, 0, 0, 0.166483276, 0.139258569, 0.13351709, -0.664625109, 0.668070447, 0.334468393, -0.641235352, -0.739746094, 0.203491211, 0.38347172, -0.079239698, 0.920188301, 0, 0, -0, 0, 0, 0, 0, 0.246456592, 0.142996338, 0.151874854, -0.297078515, 0.841731601, -0.450566873, 0.162475586, -0.420288086, -0.892578125, -0.940870433, -0.338306846, -0.0118838434, 0, 2, 5, 1, 
201.431563, 28, 0.1, 0.1, 0.0153078276, 0.365348228, -0.0349686975, 0.953890931, -2.98014998e-007, 0.300153446, 0.300153446, -5.71477177e-006, -0.953890931, 1.99958224e-006, 1, -5.36181874e-006, 0.953890935, -1.9621712e-006, 0.300153435, 0.300153435, -1.26771757e-005, -0.953890935, 5.67679515e-006, 1, -1.15036906e-005, 0, 0, 0, 0, 0, 0, 0, 0.166483276, 0.139258569, 0.13351709, -0.664625109, 0.668070447, 0.334468393, -0.641235352, -0.739746094, 0.203491211, 0.38347172, -0.079239698, 0.920188301, 0, 0, -0, 0, 0, 0, 0, 0.246456592, 0.142996338, 0.151874854, -0.297078515, 0.841731601, -0.450566873, 0.162475586, -0.420288086, -0.892578125, -0.940870433, -0.338306846, -0.0118838434, 0, 2, 5, 1, 
201.432254, 28, 0.1, 0.1, 0.0153078275, 0.365348226, -0.0349692095, 0.953890913, -1.01987493e-005, 0.300153505, 0.300153505, -8.71766848e-006, -0.953890913, 1.2345133e-005, 1, -5.2545144e-006, 0.953890917, -1.46419032e-006, 0.300153491, 0.300153491, 5.72920778e-006, -0.953890917, -3.22963863e-007, 1, 5.9045211e-006, 0, 0, 0, 0, 0, 0, 0, 0.166483276, 0.139258569, 0.13351709, -0.664625109, 0.668070447, 0.334468393, -0.641235352, -0.739746094, 0.203491211, 0.38347172, -0.079239698, 0.920188301, 0, 0, -0, 0, 0, 0, 0, 0.246456592, 0.142996338, 0.151874854, -0.297078515, 0.841731601, -0.450566873, 0.162475586, -0.420288086, -0.892578125, -0.940870433, -0.338306846, -0.0118838434, 0, 2, 5, 1, 
201.432999, 28, 0.1, 0.1, 0.0153078305, 0.365348227, -0.0349695264, 0.953890899, 9.62719936e-006, 0.30015355, 0.300153549, 1.40000122e-005, -0.953890899, -1.33854512e-005, 1, 1.04648462e-005, 0.953890896, -4.67586584e-006, 0.300153558, 0.300153558, 4.59556662e-006, -0.953890896, 3.08089019e-006, 1, 5.78714693e-006, 0, 0, 0, 0, 0, 0, 0, 0.166483276, 0.139258569, 0.13351709, -0.664625109, 0.668070447, 0.334468393, -0.641235352, -0.739746094, 0.203491211, 0.38347172, -0.079239698, 0.920188301, 0, 0, -0, 0, 0, 0, 0, 0.246456592, 0.142996338, 0.151874854, -0.297078515, 0.841731601, -0.450566873, 0.162475586, -0.420288086, -0.892578125, -0.940870433, -0.338306846, -0.0118838434, 0, 2, 5, 1, 
201.433707, 28, 0.1, 0.1, 0.0153078242, 0.365348226, -0.03496939, 0.953890956, 4.31245786e-006, 0.300153367, 0.300153367, -1.25345802e-005, -0.953890956, -3.51318102e-007, 1, -1.32510214e-005, 0.953890938, 1.77224894e-005, 0.300153423, 0.300153423, -8.58907523e-006, -0.953890938, -1.43272818e-005, 1, -1.35125069e-005, 0, 0, 0, 0, 0, 0, 0, 0.166483276, 0.139258569, 0.13351709, -0.664625109, 0.668070447, 0.334468393, -0.641235352, -0.739746094, 0.203491211, 0.38347172, -0.079239698, 0.920188301, 0, 0, -0, 0, 0, 0, 0, 0.24666665, 0.142006055, 0.149600635, -0.297346838, 0.83715662, -0.458840771, 0.163330078, -0.428833008, -0.888427734, -0.94065315, -0.339155924, -0.00907118393, 0, 2, 5, 1, 
