time, trialNum, realDorsalTactorPos, realVentralTactorPos, boxPosX, boxPosY, boxPosZ, boxLocalRot_11, boxLocalRot_12, boxLocalRot_13, boxLocalRot_21, boxLocalRot_22, boxLocalRot_23, boxLocalRot_31, boxLocalRot_32, boxLocalRot_33, boxGlobalRot_11, boxGlobalRot_12, boxGlobalRot_13, boxGlobalRot_21, boxGlobalRot_22, boxGlobalRot_23, boxGlobalRot_31, boxGlobalRot_32, boxGlobalRot_33, indexForceX, indexForceY, indexForceZ, indexForceGlobalX, indexForceGlobalY, indexForceGlobalZ, indexContact, indexPosX, indexPosY, indexPosZ, indexRot_11, indexRot_12, indexRot_13, indexRot_21, indexRot_22, indexRot_23, indexRot_31, indexRot_32, indexRot_33, thumbForceX, thumbForceY, thumbForceZ, thumbForceGlobalX, thumbForceGlobalY, thumbForceGlobalZ, thumbContact, thumbPosX, thumbPosY, thumbPosZ, thumbRot_11, thumbRot_12, thumbRot_13, thumbRot_21, thumbRot_22, thumbRot_23, thumbRot_31, thumbRot_32, thumbRot_33, manipForceTooHigh, cceExpType, mapping, trialSuccess, 
254.802965, 39, 0.1, 0.1, -0.00183255259, 0.35053012, -0.0349852735, 0.923511074, 1.79138188e-005, 0.383571762, 0.383571761, 2.58652489e-005, -0.923511074, -2.64647891e-005, 1, 1.70156088e-005, 0.923511079, 1.68337626e-005, 0.383571748, 0.383571748, 2.12991212e-005, -0.923511079, -2.37159075e-005, 1, 1.32130186e-005, 0, 0, 0, 0, 0, 0, 0, 0.134679126, 0.148589307, 0.154367749, -0.380686069, 0.567827033, 0.729689684, -0.584838867, -0.759033203, 0.285644531, 0.716197145, -0.318085678, 0.621160028, 0, -0, 0, 0, 0, 0, 0, 0.193364014, 0.133593311, 0.117931006, -0.68860792, 0.65354912, -0.313761844, -0.115844727, -0.526245117, -0.842285156, -0.715670151, -0.543672599, 0.438231565, 0, 2, 5, 1, 
254.853578, 39, 0.1, 0.1, -0.00183256275, 0.350530118, -0.0349696439, 0.923510758, 3.06960733e-006, 0.383572523, 0.383572523, 7.47410569e-006, -0.923510758, -5.70167697e-006, 1, 5.72499998e-006, 0.923510758, 1.47545882e-006, 0.383572523, 0.383572523, 4.11857214e-006, -0.923510758, -2.9423732e-006, 1, 3.23760021e-006, 0, 0, 0, 0, 0, 0, 0, 0.133027319, 0.139636133, 0.133362036, -0.446796689, 0.617916361, 0.646852342, -0.561279297, -0.756591797, 0.335205078, 0.696758791, -0.213303204, 0.684952867, 0, -0, 0, 0, 0, 0, 0, 0.195899951, 0.1250229, 0.101133398, -0.670918668, 0.632227683, -0.387295464, -0.0930175781, -0.58996582, -0.801879883, -0.735659139, -0.501971682, 0.454683184, 0, 2, 5, 1, 
254.8543, 39, 0.1, 0.1, -0.00183256255, 0.350530119, -0.0349701236, 0.923510758, 2.48337229e-006, 0.383572522, 0.383572522, 4.8082955e-006, -0.923510758, -4.13775106e-006, 1, 3.48795925e-006, 0.923510758, -1.85065982e-006, 0.383572522, 0.383572522, -5.98319638e-006, -0.923510758, 4.00409398e-006, 1, -4.81568397e-006, 0, 0, 0, 0, 0, 0, 0, 0.132842114, 0.138959595, 0.130912183, -0.454597623, 0.621500801, 0.637850221, -0.55871582, -0.756713867, 0.339111328, 0.693545028, -0.202376873, 0.691322341, 0, -0, 0, 0, 0, 0, 0, 0.195899951, 0.1250229, 0.101133398, -0.670918668, 0.632227683, -0.387295464, -0.0930175781, -0.58996582, -0.801879883, -0.735659139, -0.501971682, 0.454683184, 0, 2, 5, 1, 
254.855014, 39, 0.1, 0.1, -0.0018325625, 0.35053012, -0.034970063, 0.923510758, -2.05081287e-006, 0.383572523, 0.383572523, -4.01109696e-006, -0.923510758, 3.43249433e-006, 1, -2.91765573e-006, 0.923510758, -3.75613476e-006, 0.383572523, 0.383572522, -8.15735291e-006, -0.923510758, 6.59776729e-006, 1, -6.09265309e-006, 0, 0, 0, 0, 0, 0, 0, 0.132842114, 0.138959595, 0.130912183, -0.454597623, 0.621500801, 0.637850221, -0.55871582, -0.756713867, 0.339111328, 0.693545028, -0.202376873, 0.691322341, 0, -0, 0, 0, 0, 0, 0, 0.196065723, 0.123947803, 0.0990906738, -0.667021791, 0.627902802, -0.400732762, -0.0852050781, -0.598632813, -0.796386719, -0.740036526, -0.497025567, 0.452902639, 0, 2, 5, 1, 
254.855703, 39, 0.1, 0.1, -0.00183256294, 0.350530119, -0.0349698495, 0.923510758, -2.66164334e-006, 0.383572522, 0.383572522, -7.43763764e-006, -0.923510758, 5.31092969e-006, 1, -5.84780513e-006, 0.923510758, -1.41555012e-006, 0.383572523, 0.383572523, -4.13884171e-006, -0.923510758, 2.89482172e-006, 1, -3.27929871e-006, 0, 0, 0, 0, 0, 0, 0, 0.132842114, 0.138959595, 0.130912183, -0.454597623, 0.621500801, 0.637850221, -0.55871582, -0.756713867, 0.339111328, 0.693545028, -0.202376873, 0.691322341, 0, -0, 0, 0, 0, 0, 0, 0.196065723, 0.123947803, 0.0990906738, -0.667021791, 0.627902802, -0.400732762, -0.0852050781, -0.598632813, -0.796386719, -0.740036526, -0.497025567, 0.452902639, 0, 2, 5, 1, 
254.856432, 39, 0.1, 0.1, -0.00183256384, 0.350530117, -0.0349692599, 0.923510758, -1.31603844e-006, 0.383572523, 0.383572523, -2.16180896e-006, -0.923510758, 2.04458618e-006, 1, -1.49165765e-006, 0.923510758, 3.46530045e-006, 0.383572522, 0.383572522, 8.88231663e-006, -0.923510758, -6.60725483e-006, 1, 6.87372093e-006, 0, 0, 0, 0, 0, 0, 0, 0.132842114, 0.138959595, 0.130912183, -0.454597623, 0.621500801, 0.637850221, -0.55871582, -0.756713867, 0.339111328, 0.693545028, -0.202376873, 0.691322341, 0, -0, 0, 0, 0, 0, 0, 0.196065723, 0.123947803, 0.0990906738, -0.667021791, 0.627902802, -0.400732762, -0.0852050781, -0.598632813, -0.796386719, -0.740036526, -0.497025567, 0.452902639, 0, 2, 5, 1, 
254.857136, 39, 0.1, 0.1, -0.00183256428, 0.350530116, -0.0349686952, 0.923510757, 2.69575091e-006, 0.383572524, 0.383572523, 7.2790636e-006, -0.923510757, -5.28160376e-006, 1, 5.68827756e-006, 0.923510757, 4.28504593e-006, 0.383572524, 0.383572524, 1.1784652e-005, -0.923510757, -8.47755473e-006, 1, 9.23962704e-006, 0, 0, 0, 0, 0, 0, 0, 0.132842114, 0.138959595, 0.130912183, -0.454597623, 0.621500801, 0.637850221, -0.55871582, -0.756713867, 0.339111328, 0.693545028, -0.202376873, 0.691322341, 0, -0, 0, 0, 0, 0, 0, 0.196065723, 0.123947803, 0.0990906738, -0.667021791, 0.627902802, -0.400732762, -0.0852050781, -0.598632813, -0.796386719, -0.740036526, -0.497025567, 0.452902639, 0, 2, 5, 1, 
254.857827, 39, 0.1, 0.1, -0.00183256438, 0.350530116, -0.0349684078, 0.923510758, 4.15930677e-006, 0.383572522, 0.383572522, 8.84178128e-006, -0.923510758, -7.2326289e-006, 1, 6.57008434e-006, 0.923510758, 2.90474229e-006, 0.383572522, 0.383572522, 5.73055995e-006, -0.923510758, -4.88064609e-006, 1, 4.17805444e-006, 0, 0, 0, 0, 0, 0, 0, 0.132842114, 0.138959595, 0.130912183, -0.454597623, 0.621500801, 0.637850221, -0.55871582, -0.756713867, 0.339111328, 0.693545028, -0.202376873, 0.691322341, 0, -0, 0, 0, 0, 0, 0, 0.196065723, 0.123947803, 0.0990906738, -0.667021791, 0.627902802, -0.400732762, -0.0852050781, -0.598632813, -0.796386719, -0.740036526, -0.497025567, 0.452902639, 0, 2, 5, 1, 
254.858533, 39, 0.1, 0.1, -0.00183256391, 0.350530117, -0.034968387, 0.923510758, 1.20157825e-006, 0.383572523, 0.383572523, 3.80007016e-006, -0.923510758, -2.56727294e-006, 1, 3.04851327e-006, 0.923510758, -3.32603355e-006, 0.383572523, 0.383572523, -7.22060535e-006, -0.923510758, 5.84125358e-006, 1, -5.39253164e-006, 0, 0, 0, 0, 0, 0, 0, 0.132842114, 0.138959595, 0.130912183, -0.454597623, 0.621500801, 0.637850221, -0.55871582, -0.756713867, 0.339111328, 0.693545028, -0.202376873, 0.691322341, 0, -0, 0, 0, 0, 0, 0, 0.196065723, 0.123947803, 0.0990906738, -0.667021791, 0.627902802, -0.400732762, -0.0852050781, -0.598632813, -0.796386719, -0.740036526, -0.497025567, 0.452902639, 0, 2, 5, 1, 
254.859247, 39, 0.1, 0.1, -0.00183256339, 0.350530119, -0.0349686434, 0.923510758, -3.13022992e-006, 0.383572522, 0.383572522, -8.50269394e-006, -0.923510758, 6.15220077e-006, 1, -6.65165914e-006, 0.923510758, -4.83411638e-006, 0.383572522, 0.383572522, -1.24132208e-005, -0.923510758, 9.2257289e-006, 1, -9.60950878e-006, 0, 0, 0, 0, 0, 0, 0, 0.132777637, 0.137467603, 0.128684229, -0.460006305, 0.626727879, 0.628829004, -0.558959961, -0.754638672, 0.343383789, 0.689828777, -0.19356459, 0.697571246, 0, -0, 0, 0, 0, 0, 0, 0.196065723, 0.123947803, 0.0990906738, -0.667021791, 0.627902802, -0.400732762, -0.0852050781, -0.598632813, -0.796386719, -0.740036526, -0.497025567, 0.452902639, 0, 2, 5, 1, 
254.859955, 39, 0.1, 0.1, -0.00183256339, 0.350530119, -0.0349688947, 0.923510758, -4.65094947e-006, 0.383572523, 0.383572523, -1.05184487e-005, -0.923510758, 8.32978976e-006, 1, -7.92992407e-006, 0.923510758, -3.18773367e-006, 0.383572523, 0.383572523, -7.26403264e-006, -0.923510758, 5.73018966e-006, 1, -5.48568524e-006, 0, 0, 0, 0, 0, 0, 0, 0.132777637, 0.137467603, 0.128684229, -0.460006305, 0.626727879, 0.628829004, -0.558959961, -0.754638672, 0.343383789, 0.689828777, -0.19356459, 0.697571246, 0, -0, 0, 0, 0, 0, 0, 0.196704346, 0.122686328, 0.0970447754, -0.662588267, 0.623852806, -0.414329741, -0.078125, -0.607666016, -0.790161133, -0.74484848, -0.49119136, 0.451473538, 0, 2, 5, 1, 
254.860642, 39, 0.1, 0.1, -0.00183256355, 0.350530119, -0.034969338, 0.923510757, -2.48024776e-006, 0.383572525, 0.383572525, -6.2891843e-006, -0.923510757, 4.70289379e-006, 1, -4.85677446e-006, 0.923510757, 1.85288002e-006, 0.383572525, 0.383572525, 4.2050531e-006, -0.923510757, -3.32409746e-006, 1, 3.1726979e-006, 0, 0, 0, 0, 0, 0, 0, 0.132777637, 0.137467603, 0.128684229, -0.460006305, 0.626727879, 0.628829004, -0.558959961, -0.754638672, 0.343383789, 0.689828777, -0.19356459, 0.697571246, 0, -0, 0, 0, 0, 0, 0, 0.196704346, 0.122686328, 0.0970447754, -0.662588267, 0.623852806, -0.414329741, -0.078125, -0.607666016, -0.790161133, -0.74484848, -0.49119136, 0.451473538, 0, 2, 5, 1, 
254.861339, 39, 0.1, 0.1, -0.0018325637, 0.350530118, -0.0349698775, 0.923510757, 2.04970815e-006, 0.383572524, 0.383572524, 5.58654155e-006, -0.923510757, -4.03577137e-006, 1, 4.37301949e-006, 0.923510757, 3.46501537e-006, 0.383572525, 0.383572525, 9.25015569e-006, -0.923510757, -6.74808454e-006, 1, 7.21353359e-006, 0, 0, 0, 0, 0, 0, 0, 0.132777637, 0.137467603, 0.128684229, -0.460006305, 0.626727879, 0.628829004, -0.558959961, -0.754638672, 0.343383789, 0.689828777, -0.19356459, 0.697571246, 0, -0, 0, 0, 0, 0, 0, 0.196704346, 0.122686328, 0.0970447754, -0.662588267, 0.623852806, -0.414329741, -0.078125, -0.607666016, -0.790161133, -0.74484848, -0.49119136, 0.451473538, 0, 2, 5, 1, 
254.862053, 39, 0.1, 0.1, -0.00183256381, 0.350530118, -0.0349702202, 0.923510758, 4.41496221e-006, 0.383572523, 0.383572523, 1.01087415e-005, -0.923510758, -7.95470056e-006, 1, 7.64207329e-006, 0.923510758, 3.03909626e-006, 0.383572523, 0.383572523, 6.60639495e-006, -0.923510758, -5.34066967e-006, 1, 4.93536298e-006, 0, 0, 0, 0, 0, 0, 0, 0.132777637, 0.137467603, 0.128684229, -0.460006305, 0.626727879, 0.628829004, -0.558959961, -0.754638672, 0.343383789, 0.689828777, -0.19356459, 0.697571246, 0, -0, 0, 0, 0, 0, 0, 0.197287305, 0.121391895, 0.0943163574, -0.659572917, 0.619132003, -0.425830443, -0.07421875, -0.617553711, -0.782836914, -0.747845607, -0.484813945, 0.453456076, 0, 2, 5, 1, 
254.862743, 39, 0.1, 0.1, -0.0018325637, 0.350530118, -0.0349702315, 0.923510757, 2.24599679e-006, 0.383572525, 0.383572525, 6.8955333e-006, -0.923510757, -4.71913932e-006, 1, 5.50659651e-006, 0.923510757, -1.99345064e-006, 0.383572525, 0.383572525, -3.44150542e-006, -0.923510757, 3.16104003e-006, 1, -2.41363438e-006, 0, 0, 0, 0, 0, 0, 0, 0.132777637, 0.137467603, 0.128684229, -0.460006305, 0.626727879, 0.628829004, -0.558959961, -0.754638672, 0.343383789, 0.689828777, -0.19356459, 0.697571246, 0, -0, 0, 0, 0, 0, 0, 0.197287305, 0.121391895, 0.0943163574, -0.659572917, 0.619132003, -0.425830443, -0.07421875, -0.617553711, -0.782836914, -0.747845607, -0.484813945, 0.453456076, 0, 2, 5, 1, 
254.863446, 39, 0.1, 0.1, -0.00183256374, 0.350530119, -0.0349700207, 0.923510757, -1.36941615e-006, 0.383572525, 0.383572525, -4.63248412e-006, -0.923510757, 3.04156418e-006, 1, -3.75287851e-006, 0.923510757, -3.08377184e-006, 0.383572524, 0.383572524, -8.27924097e-006, -0.923510757, 6.02358582e-006, 1, -6.46311795e-006, 0, 0, 0, 0, 0, 0, 0, 0.132777637, 0.137467603, 0.128684229, -0.460006305, 0.626727879, 0.628829004, -0.558959961, -0.754638672, 0.343383789, 0.689828777, -0.19356459, 0.697571246, 0, -0, 0, 0, 0, 0, 0, 0.197287305, 0.121391895, 0.0943163574, -0.659572917, 0.619132003, -0.425830443, -0.07421875, -0.617553711, -0.782836914, -0.747845607, -0.484813945, 0.453456076, 0, 2, 5, 1, 
254.864154, 39, 0.1, 0.1, -0.00183256407, 0.350530118, -0.0349696354, 0.923510756, -3.92020364e-006, 0.383572527, 0.383572526, -9.70249241e-006, -0.923510756, 7.34195976e-006, 1, -7.45667369e-006, 0.923510756, -2.26196474e-006, 0.383572526, 0.383572526, -6.37624082e-006, -0.923510756, 4.53469956e-006, 1, -5.02089945e-006, 0, 0, 0, 0, 0, 0, 0, 0.132777637, 0.137467603, 0.128684229, -0.460006305, 0.626727879, 0.628829004, -0.558959961, -0.754638672, 0.343383789, 0.689828777, -0.19356459, 0.697571246, 0, -0, 0, 0, 0, 0, 0, 0.197287305, 0.121391895, 0.0943163574, -0.659572917, 0.619132003, -0.425830443, -0.07421875, -0.617553711, -0.782836914, -0.747845607, -0.484813945, 0.453456076, 0, 2, 5, 1, 
254.86486, 39, 0.1, 0.1, -0.00183256409, 0.350530118, -0.0349689991, 0.923510757, -3.36437103e-006, 0.383572525, 0.383572525, -5.9479733e-006, -0.923510757, 5.38851198e-006, 1, -4.20253704e-006, 0.923510757, 1.12222758e-006, 0.383572525, 0.383572525, 4.95937737e-006, -0.923510757, -2.93867014e-006, 1, 4.14958268e-006, 0, 0, 0, 0, 0, 0, 0, 0.133122437, 0.136256348, 0.125389258, -0.461992671, 0.633008986, 0.620980139, -0.557373047, -0.751831055, 0.351928711, 0.689772611, -0.183559738, 0.700297488, 0, -0, 0, 0, 0, 0, 0, 0.197287305, 0.121391895, 0.0943163574, -0.659572917, 0.619132003, -0.425830443, -0.07421875, -0.617553711, -0.782836914, -0.747845607, -0.484813945, 0.453456076, 0, 2, 5, 1, 
254.865561, 39, 0.1, 0.1, -0.00183256414, 0.350530118, -0.0349685265, 0.923510757, 2.26434633e-006, 0.383572525, 0.383572525, 4.34748954e-006, -0.923510757, -3.75872574e-006, 1, 3.14641232e-006, 0.923510757, 3.6835412e-006, 0.383572525, 0.383572525, 8.39566635e-006, -0.923510757, -6.62213686e-006, 1, 6.34058298e-006, 0, 0, 0, 0, 0, 0, 0, 0.133122437, 0.136256348, 0.125389258, -0.461992671, 0.633008986, 0.620980139, -0.557373047, -0.751831055, 0.351928711, 0.689772611, -0.183559738, 0.700297488, 0, -0, 0, 0, 0, 0, 0, 0.197287305, 0.121391895, 0.0943163574, -0.659572917, 0.619132003, -0.425830443, -0.07421875, -0.617553711, -0.782836914, -0.747845607, -0.484813945, 0.453456076, 0, 2, 5, 1, 
254.866259, 39, 0.1, 0.1, -0.00183256409, 0.350530119, -0.0349684055, 0.923510758, 3.75467608e-006, 0.383572523, 0.383572523, 8.66795979e-006, -0.923510758, -6.79227496e-006, 1, 6.56476354e-006, 0.923510758, 2.51905989e-006, 0.383572523, 0.383572523, 5.07019373e-006, -0.923510758, -4.27116591e-006, 1, 3.71613629e-006, 0, 0, 0, 0, 0, 0, 0, 0.133122437, 0.136256348, 0.125389258, -0.461992671, 0.633008986, 0.620980139, -0.557373047, -0.751831055, 0.351928711, 0.689772611, -0.183559738, 0.700297488, 0, -0, 0, 0, 0, 0, 0, 0.197287305, 0.121391895, 0.0943163574, -0.659572917, 0.619132003, -0.425830443, -0.07421875, -0.617553711, -0.782836914, -0.747845607, -0.484813945, 0.453456076, 0, 2, 5, 1, 
254.866972, 39, 0.1, 0.1, -0.00183256371, 0.350530119, -0.0349685737, 0.923510757, 2.13748536e-006, 0.383572524, 0.383572524, 6.60855491e-006, -0.923510757, -4.50885081e-006, 1, 5.2831909e-006, 0.923510757, -2.73015246e-006, 0.383572524, 0.383572524, -5.00684619e-006, -0.923510757, 4.4418138e-006, 1, -3.57666484e-006, 0, 0, 0, 0, 0, 0, 0, 0.132918311, 0.13520498, 0.122610327, -0.47013022, 0.637882597, 0.609865092, -0.555297852, -0.750854492, 0.357299805, 0.685994203, -0.170736529, 0.707372391, 0, -0, 0, 0, 0, 0, 0, 0.197287305, 0.121391895, 0.0943163574, -0.659572917, 0.619132003, -0.425830443, -0.07421875, -0.617553711, -0.782836914, -0.747845607, -0.484813945, 0.453456076, 0, 2, 5, 1, 
254.867675, 39, 0.1, 0.1, -0.00183256386, 0.350530119, -0.0349687471, 0.923510758, -1.10303417e-006, 0.383572523, 0.383572523, -4.39138378e-006, -0.923510758, 2.70307808e-006, 1, -3.63239656e-006, 0.923510758, -2.8401316e-006, 0.383572523, 0.383572523, -8.21747386e-006, -0.923510758, 5.77488927e-006, 1, -6.49952907e-006, 0, 0, 0, 0, 0, 0, 0, 0.132918311, 0.13520498, 0.122610327, -0.47013022, 0.637882597, 0.609865092, -0.555297852, -0.750854492, 0.357299805, 0.685994203, -0.170736529, 0.707372391, 0, -0, 0, 0, 0, 0, 0, 0.19776543, 0.120149219, 0.0917458496, -0.65395746, 0.614941649, -0.440494517, -0.0673828125, -0.627197266, -0.775756836, -0.753392535, -0.477644321, 0.451669335, 0, 2, 5, 1, 
254.868389, 39, 0.1, 0.1, -0.00183256436, 0.350530119, -0.0349690472, 0.923510757, -3.59892081e-006, 0.383572524, 0.383572524, -8.63072803e-006, -0.923510757, 6.63415222e-006, 1, -6.59012304e-006, 0.923510757, -1.91966685e-006, 0.383572524, 0.383572524, -5.34546865e-006, -0.923510757, 3.82320788e-006, 1, -4.20026634e-006, 0, 0, 0, 0, 0, 0, 0, 0.132918311, 0.13520498, 0.122610327, -0.47013022, 0.637882597, 0.609865092, -0.555297852, -0.750854492, 0.357299805, 0.685994203, -0.170736529, 0.707372391, 0, -0, 0, 0, 0, 0, 0, 0.19776543, 0.120149219, 0.0917458496, -0.65395746, 0.614941649, -0.440494517, -0.0673828125, -0.627197266, -0.775756836, -0.753392535, -0.477644321, 0.451669335, 0, 2, 5, 1, 
254.869088, 39, 0.1, 0.1, -0.00183256462, 0.350530118, -0.0349694089, 0.923510758, -2.51951403e-006, 0.383572522, 0.383572522, -6.02313381e-006, -0.923510758, 4.63710694e-006, 1, -4.59601252e-006, 0.923510758, 2.03375651e-006, 0.383572523, 0.383572523, 5.49323094e-006, -0.923510758, -3.98524847e-006, 1, 4.29296475e-006, 0, 0, 0, 0, 0, 0, 0, 0.132918311, 0.13520498, 0.122610327, -0.47013022, 0.637882597, 0.609865092, -0.555297852, -0.750854492, 0.357299805, 0.685994203, -0.170736529, 0.707372391, 0, -0, 0, 0, 0, 0, 0, 0.19776543, 0.120149219, 0.0917458496, -0.65395746, 0.614941649, -0.440494517, -0.0673828125, -0.627197266, -0.775756836, -0.753392535, -0.477644321, 0.451669335, 0, 2, 5, 1, 
254.869776, 39, 0.1, 0.1, -0.00183256482, 0.350530118, -0.0349698011, 0.923510758, 1.96733572e-006, 0.383572522, 0.383572522, 4.3315831e-006, -0.923510758, -3.47833196e-006, 1, 3.24564767e-006, 0.923510758, 3.66157993e-006, 0.383572522, 0.383572522, 8.04003158e-006, -0.923510758, -6.46544365e-006, 1, 6.02057421e-006, 0, 0, 0, 0, 0, 0, 0, 0.132918311, 0.13520498, 0.122610327, -0.47013022, 0.637882597, 0.609865092, -0.555297852, -0.750854492, 0.357299805, 0.685994203, -0.170736529, 0.707372391, 0, -0, 0, 0, 0, 0, 0, 0.19776543, 0.120149219, 0.0917458496, -0.65395746, 0.614941649, -0.440494517, -0.0673828125, -0.627197266, -0.775756836, -0.753392535, -0.477644321, 0.451669335, 0, 2, 5, 1, 
254.870473, 39, 0.1, 0.1, -0.00183256457, 0.350530119, -0.034970129, 0.923510757, 3.34102196e-006, 0.383572524, 0.383572524, 7.7656096e-006, -0.923510757, -6.0641442e-006, 1, 5.89009978e-006, 0.923510757, 1.82808967e-006, 0.383572524, 0.383572524, 4.51112285e-006, -0.923510757, -3.41860325e-006, 1, 3.46486551e-006, 0, 0, 0, 0, 0, 0, 0, 0.132918311, 0.13520498, 0.122610327, -0.47013022, 0.637882597, 0.609865092, -0.555297852, -0.750854492, 0.357299805, 0.685994203, -0.170736529, 0.707372391, 0, -0, 0, 0, 0, 0, 0, 0.19776543, 0.120149219, 0.0917458496, -0.65395746, 0.614941649, -0.440494517, -0.0673828125, -0.627197266, -0.775756836, -0.753392535, -0.477644321, 0.451669335, 0, 2, 5, 1, 
254.871173, 39, 0.1, 0.1, -0.00183256426, 0.350530119, -0.0349702622, 0.923510757, 1.81554235e-006, 0.383572524, 0.383572524, 5.17729642e-006, -0.923510757, -3.66254154e-006, 1, 4.08489678e-006, 0.923510757, -2.42467502e-006, 0.383572524, 0.383572524, -5.43465869e-006, -0.923510757, 4.32379922e-006, 1, -4.08892705e-006, 0, 0, 0, 0, 0, 0, 0, 0.132918311, 0.13520498, 0.122610327, -0.47013022, 0.637882597, 0.609865092, -0.555297852, -0.750854492, 0.357299805, 0.685994203, -0.170736529, 0.707372391, 0, -0, 0, 0, 0, 0, 0, 0.19776543, 0.120149219, 0.0917458496, -0.65395746, 0.614941649, -0.440494517, -0.0673828125, -0.627197266, -0.775756836, -0.753392535, -0.477644321, 0.451669335, 0, 2, 5, 1, 
254.871863, 39, 0.1, 0.1, -0.00183256413, 0.35053012, -0.0349702032, 0.923510758, -1.88256412e-006, 0.383572522, 0.383572522, -4.78943298e-006, -0.923510758, 3.57566311e-006, 1, -3.70099302e-006, 0.923510758, -3.5210174e-006, 0.383572522, 0.383572522, -8.57275186e-006, -0.923510758, 6.5399695e-006, 1, -6.56646305e-006, 0, 0, 0, 0, 0, 0, 0, 0.132918311, 0.13520498, 0.122610327, -0.47013022, 0.637882597, 0.609865092, -0.555297852, -0.750854492, 0.357299805, 0.685994203, -0.170736529, 0.707372391, 0, -0, 0, 0, 0, 0, 0, 0.19776543, 0.120149219, 0.0917458496, -0.65395746, 0.614941649, -0.440494517, -0.0673828125, -0.627197266, -0.775756836, -0.753392535, -0.477644321, 0.451669335, 0, 2, 5, 1, 
254.872618, 39, 0.1, 0.1, -0.00183256505, 0.350530118, -0.0349692056, 0.923510758, -2.30256954e-006, 0.383572522, 0.383572522, -5.31717929e-006, -0.923510758, 4.16597162e-006, 1, -4.02726988e-006, 0.923510758, -8.01470169e-007, 0.383572522, 0.383572522, -1.78832156e-006, -0.923510758, 1.42611733e-006, 1, -1.34411227e-006, 0, 0, 0, 0, 0, 0, 0, 0.132830151, 0.133545776, 0.119830786, -0.475976988, 0.644075337, 0.598775132, -0.555541992, -0.747924805, 0.36315918, 0.681852971, -0.159728945, 0.713825362, 0, -0, 0, 0, 0, 0, 0, 0.198238672, 0.11886333, 0.0894103027, -0.648488925, 0.610157047, -0.455062709, -0.0604248047, -0.637084961, -0.768188477, -0.758709418, -0.470659897, 0.450138156, 0, 2, 5, 1, 
254.873313, 39, 0.1, 0.1, -0.00183256581, 0.350530116, -0.0349684429, 0.923510758, -1.4103493e-006, 0.383572522, 0.383572522, -3.56761475e-006, -0.923510758, 2.67091174e-006, 1, -2.75375936e-006, 0.923510758, 3.38398828e-006, 0.383572522, 0.383572521, 7.76630811e-006, -0.923510758, -6.10409197e-006, 1, 5.87426417e-006, 0, 0, 0, 0, 0, 0, 0, 0.132830151, 0.133545776, 0.119830786, -0.475976988, 0.644075337, 0.598775132, -0.555541992, -0.747924805, 0.36315918, 0.681852971, -0.159728945, 0.713825362, 0, -0, 0, 0, 0, 0, 0, 0.198238672, 0.11886333, 0.0894103027, -0.648488925, 0.610157047, -0.455062709, -0.0604248047, -0.637084961, -0.768188477, -0.758709418, -0.470659897, 0.450138156, 0, 2, 5, 1, 
254.874012, 39, 0.1, 0.1, -0.00183256614, 0.350530115, -0.0349681113, 0.923510759, 2.30887195e-006, 0.38357252, 0.38357252, 5.00949737e-006, -0.923510759, -4.05377362e-006, 1, 3.74070488e-006, 0.923510759, 4.03583813e-006, 0.383572521, 0.383572521, 9.81515199e-006, -0.923510759, -7.49196253e-006, 1, 7.51636186e-006, 0, 0, 0, 0, 0, 0, 0, 0.132830151, 0.133545776, 0.119830786, -0.475976988, 0.644075337, 0.598775132, -0.555541992, -0.747924805, 0.36315918, 0.681852971, -0.159728945, 0.713825362, 0, -0, 0, 0, 0, 0, 0, 0.198238672, 0.11886333, 0.0894103027, -0.648488925, 0.610157047, -0.455062709, -0.0604248047, -0.637084961, -0.768188477, -0.758709418, -0.470659897, 0.450138156, 0, 2, 5, 1, 
254.874731, 39, 0.1, 0.1, -0.00183256589, 0.350530116, -0.03496804, 0.923510761, 3.03308171e-006, 0.383572515, 0.383572515, 7.73824251e-006, -0.923510761, -5.76926074e-006, 1, 5.98294344e-006, 0.923510761, 1.83075853e-006, 0.383572516, 0.383572516, 4.15165839e-006, -0.923510761, -3.28318725e-006, 1, 3.13187254e-006, 0, 0, 0, 0, 0, 0, 0, 0.133360962, 0.132180127, 0.1159625, -0.478661672, 0.651538152, 0.588413447, -0.553710937, -0.744018555, 0.373657227, 0.681289447, -0.14694505, 0.717073187, 0, -0, 0, 0, 0, 0, 0, 0.198238672, 0.11886333, 0.0894103027, -0.644413043, 0.604420556, -0.468263034, -0.0563964844, -0.64831543, -0.759155273, -0.762454278, -0.46279358, 0.451942056, 0, 2, 5, 1, 
254.875432, 39, 0.1, 0.1, -0.00183256517, 0.350530118, -0.034968185, 0.923510761, 1.18540705e-006, 0.383572514, 0.383572514, 2.25251532e-006, -0.923510761, -1.95873914e-006, 1, 1.62553258e-006, 0.923510761, -3.68278987e-006, 0.383572514, 0.383572514, -8.69258918e-006, -0.923510761, 6.73533436e-006, 1, -6.61508268e-006, 0, 0, 0, 0, 0, 0, 0, 0.133360962, 0.132180127, 0.1159625, -0.478661672, 0.651538152, 0.588413447, -0.553710937, -0.744018555, 0.373657227, 0.681289447, -0.14694505, 0.717073187, 0, -0, 0, 0, 0, 0, 0, 0.199099316, 0.117533008, 0.0861191895, -0.644413043, 0.604420556, -0.468263034, -0.0563964844, -0.64831543, -0.759155273, -0.762454278, -0.46279358, 0.451942056, 0, 2, 5, 1, 
254.87613, 39, 0.1, 0.1, -0.00183256481, 0.35053012, -0.03496876, 0.923510762, -2.83098166e-006, 0.383572513, 0.383572513, -8.56596991e-006, -0.923510762, 5.90011264e-006, 1, -6.82487865e-006, 0.923510762, -4.36564111e-006, 0.383572513, 0.383572513, -1.27296775e-005, -0.923510762, 8.91447094e-006, 1, -1.00814542e-005, 0, 0, 0, 0, 0, 0, 0, 0.133360962, 0.132180127, 0.1159625, -0.478661672, 0.651538152, 0.588413447, -0.553710937, -0.744018555, 0.373657227, 0.681289447, -0.14694505, 0.717073187, 0, -0, 0, 0, 0, 0, 0, 0.199099316, 0.117533008, 0.0861191895, -0.644413043, 0.604420556, -0.468263034, -0.0563964844, -0.64831543, -0.759155273, -0.762454278, -0.46279358, 0.451942056, 0, 2, 5, 1, 
254.876818, 39, 0.1, 0.1, -0.00183256462, 0.35053012, -0.0349695418, 0.923510762, -5.12827586e-006, 0.383572512, 0.383572511, -1.02667549e-005, -0.923510762, 8.67406292e-006, 1, -7.51439301e-006, 0.923510763, -3.67700952e-006, 0.383572511, 0.383572511, -7.26485826e-006, -0.923510762, 6.18235779e-006, 1, -5.29877502e-006, 0, 0, 0, 0, 0, 0, 0, 0.133360962, 0.132180127, 0.1159625, -0.478661672, 0.651538152, 0.588413447, -0.553710937, -0.744018555, 0.373657227, 0.681289447, -0.14694505, 0.717073187, 0, -0, 0, 0, 0, 0, 0, 0.199099316, 0.117533008, 0.0861191895, -0.644413043, 0.604420556, -0.468263034, -0.0563964844, -0.64831543, -0.759155273, -0.762454278, -0.46279358, 0.451942056, 0, 2, 5, 1, 
254.877521, 39, 0.1, 0.1, -0.00183256468, 0.35053012, -0.0349702405, 0.923510763, -2.22212602e-006, 0.383572511, 0.383572511, -5.00358892e-006, -0.923510763, 3.97139646e-006, 1, -3.76852177e-006, 0.923510763, 1.68261175e-006, 0.383572511, 0.383572511, 5.22588446e-006, -0.923510763, -3.55841569e-006, 1, 4.18075693e-006, 0, 0, 0, 0, 0, 0, 0, 0.133360962, 0.132180127, 0.1159625, -0.478661672, 0.651538152, 0.588413447, -0.553710937, -0.744018555, 0.373657227, 0.681289447, -0.14694505, 0.717073187, 0, -0, 0, 0, 0, 0, 0, 0.199099316, 0.117533008, 0.0861191895, -0.644413043, 0.604420556, -0.468263034, -0.0563964844, -0.64831543, -0.759155273, -0.762454278, -0.46279358, 0.451942056, 0, 2, 5, 1, 
254.878221, 39, 0.1, 0.1, -0.00183256518, 0.350530119, -0.0349706997, 0.923510763, 3.08156713e-006, 0.383572511, 0.383572511, 5.94003481e-006, -0.923510763, -5.12429447e-006, 1, 4.30368163e-006, 0.923510763, 4.61373365e-006, 0.383572511, 0.383572511, 9.44283422e-006, -0.923510763, -7.88284432e-006, 1, 6.95085763e-006, 0, 0, 0, 0, 0, 0, 0, 0.133360962, 0.132180127, 0.1159625, -0.478661672, 0.651538152, 0.588413447, -0.553710937, -0.744018555, 0.373657227, 0.681289447, -0.14694505, 0.717073187, 0, -0, 0, 0, 0, 0, 0, 0.199099316, 0.117533008, 0.0861191895, -0.644413043, 0.604420556, -0.468263034, -0.0563964844, -0.64831543, -0.759155273, -0.762454278, -0.46279358, 0.451942056, 0, 2, 5, 1, 
254.878911, 39, 0.1, 0.1, -0.00183256527, 0.350530119, -0.0349708136, 0.923510763, 3.73706322e-006, 0.383572511, 0.383572511, 1.02684882e-005, -0.923510763, -7.38992791e-006, 1, 8.04962465e-006, 0.923510763, 2.52966178e-006, 0.383572511, 0.383572511, 6.99654623e-006, -0.923510763, -5.01985269e-006, 1, 5.49107702e-006, 0, 0, 0, 0, 0, 0, 0, 0.133360962, 0.132180127, 0.1159625, -0.478661672, 0.651538152, 0.588413447, -0.553710937, -0.744018555, 0.373657227, 0.681289447, -0.14694505, 0.717073187, 0, -0, 0, 0, 0, 0, 0, 0.199099316, 0.117533008, 0.0861191895, -0.644413043, 0.604420556, -0.468263034, -0.0563964844, -0.64831543, -0.759155273, -0.762454278, -0.46279358, 0.451942056, 0, 2, 5, 1, 
254.87961, 39, 0.1, 0.1, -0.00183256522, 0.350530119, -0.0349705224, 0.923510763, 2.97038021e-006, 0.38357251, 0.38357251, 6.65325845e-006, -0.923510763, -5.29518514e-006, 1, 5.0049996e-006, 0.923510763, -1.48895371e-006, 0.38357251, 0.38357251, -3.66828554e-006, -0.923510763, 2.78211827e-006, 1, -2.81657946e-006, 0, 0, 0, 0, 0, 0, 0, 0.133360962, 0.132180127, 0.1159625, -0.478661672, 0.651538152, 0.588413447, -0.553710937, -0.744018555, 0.373657227, 0.681289447, -0.14694505, 0.717073187, 0, -0, 0, 0, 0, 0, 0, 0.199099316, 0.117533008, 0.0861191895, -0.644413043, 0.604420556, -0.468263034, -0.0563964844, -0.64831543, -0.759155273, -0.762454278, -0.46279358, 0.451942056, 0, 2, 5, 1, 
254.880334, 39, 0.1, 0.1, -0.00183256519, 0.350530119, -0.0349697011, 0.923510763, -2.38528346e-006, 0.383572511, 0.383572511, -5.19423547e-006, -0.923510763, 4.19520089e-006, 1, -3.88200319e-006, 0.923510763, -3.88998647e-006, 0.383572511, 0.383572511, -9.04947913e-006, -0.923510763, 7.06357581e-006, 1, -6.8651995e-006, 0, 0, 0, 0, 0, 0, 0, 0.133141333, 0.130975098, 0.112824707, -0.487053461, 0.657637655, 0.574626821, -0.552124023, -0.741577148, 0.380859375, 0.676686163, -0.131844165, 0.724447635, 0, -0, 0, 0, 0, 0, 0, 0.199688037, 0.116089551, 0.0834456543, -0.636689283, 0.599879124, -0.484358407, -0.0500488281, -0.658935547, -0.750366211, -0.769375269, -0.453451487, 0.449759394, 0, 2, 5, 1, 
254.881032, 39, 0.1, 0.1, -0.00183256533, 0.350530119, -0.0349688804, 0.923510763, -3.80620778e-006, 0.38357251, 0.38357251, -9.63909655e-006, -0.923510763, 7.21236631e-006, 1, -7.44185274e-006, 0.923510763, -2.36511716e-006, 0.383572511, 0.383572511, -6.08150869e-006, -0.923510763, 4.51691071e-006, 1, -4.7091448e-006, 0, 0, 0, 0, 0, 0, 0, 0.133141333, 0.130975098, 0.112824707, -0.487053461, 0.657637655, 0.574626821, -0.552124023, -0.741577148, 0.380859375, 0.676686163, -0.131844165, 0.724447635, 0, -0, 0, 0, 0, 0, 0, 0.199688037, 0.116089551, 0.0834456543, -0.636689283, 0.599879124, -0.484358407, -0.0500488281, -0.658935547, -0.750366211, -0.769375269, -0.453451487, 0.449759394, 0, 2, 5, 1, 
254.881723, 39, 0.1, 0.1, -0.00183256558, 0.350530119, -0.0349682931, 0.923510764, -2.53298968e-006, 0.383572507, 0.383572507, -5.9780034e-006, -0.923510764, 4.63224098e-006, 1, -4.54916529e-006, 0.923510764, 1.93901102e-006, 0.383572508, 0.383572508, 5.11835526e-006, -0.923510764, -3.75395791e-006, 1, 3.98310486e-006, 0, 0, 0, 0, 0, 0, 0, 0.133141333, 0.130975098, 0.112824707, -0.487053461, 0.657637655, 0.574626821, -0.552124023, -0.741577148, 0.380859375, 0.676686163, -0.131844165, 0.724447635, 0, -0, 0, 0, 0, 0, 0, 0.199688037, 0.116089551, 0.0834456543, -0.636689283, 0.599879124, -0.484358407, -0.0500488281, -0.658935547, -0.750366211, -0.769375269, -0.453451487, 0.449759394, 0, 2, 5, 1, 
254.882431, 39, 0.1, 0.1, -0.00183256581, 0.350530118, -0.0349680279, 0.923510765, 2.12463165e-006, 0.383572505, 0.383572505, 5.66335095e-006, -0.923510765, -4.13442591e-006, 1, 4.41521528e-006, 0.923510765, 4.02065765e-006, 0.383572505, 0.383572505, 9.64721367e-006, -0.923510765, -7.41352654e-006, 1, 7.36709195e-006, 0, 0, 0, 0, 0, 0, 0, 0.133141333, 0.130975098, 0.112824707, -0.487053461, 0.657637655, 0.574626821, -0.552124023, -0.741577148, 0.380859375, 0.676686163, -0.131844165, 0.724447635, 0, -0, 0, 0, 0, 0, 0, 0.199688037, 0.116089551, 0.0834456543, -0.636689283, 0.599879124, -0.484358407, -0.0500488281, -0.658935547, -0.750366211, -0.769375269, -0.453451487, 0.449759394, 0, 2, 5, 1, 
254.883137, 39, 0.1, 0.1, -0.00183256574, 0.350530118, -0.0349681891, 0.923510764, 4.42623119e-006, 0.383572507, 0.383572507, 1.05713565e-005, -0.923510764, -8.14255385e-006, 1, 8.06498088e-006, 0.923510765, 2.79928849e-006, 0.383572507, 0.383572507, 7.23363765e-006, -0.923510765, -5.35979757e-006, 1, 5.60661213e-006, 0, 0, 0, 0, 0, 0, 0, 0.133141333, 0.130975098, 0.112824707, -0.487053461, 0.657637655, 0.574626821, -0.552124023, -0.741577148, 0.380859375, 0.676686163, -0.131844165, 0.724447635, 0, -0, 0, 0, 0, 0, 0, 0.199688037, 0.116089551, 0.0834456543, -0.636689283, 0.599879124, -0.484358407, -0.0500488281, -0.658935547, -0.750366211, -0.769375269, -0.453451487, 0.449759394, 0, 2, 5, 1, 
254.883825, 39, 0.1, 0.1, -0.00183256565, 0.350530119, -0.0349686886, 0.923510765, 2.38298294e-006, 0.383572506, 0.383572506, 6.37370027e-006, -0.923510765, -4.64548658e-006, 1, 4.97213407e-006, 0.923510765, -1.96150345e-006, 0.383572506, 0.383572506, -4.42580646e-006, -0.923510765, 3.50908723e-006, 1, -3.33490111e-006, 0, 0, 0, 0, 0, 0, 0, 0.133141333, 0.130975098, 0.112824707, -0.487053461, 0.657637655, 0.574626821, -0.552124023, -0.741577148, 0.380859375, 0.676686163, -0.131844165, 0.724447635, 0, -0, 0, 0, 0, 0, 0, 0.199688037, 0.116089551, 0.0834456543, -0.636689283, 0.599879124, -0.484358407, -0.0500488281, -0.658935547, -0.750366211, -0.769375269, -0.453451487, 0.449759394, 0, 2, 5, 1, 
254.884524, 39, 0.1, 0.1, -0.00183256563, 0.350530119, -0.0349694086, 0.923510766, -1.8980383e-006, 0.383572503, 0.383572503, -4.97712803e-006, -0.923510766, 3.66194826e-006, 1, -3.86839602e-006, 0.923510766, -3.40335261e-006, 0.383572504, 0.383572504, -8.64674965e-006, -0.923510766, 6.45968819e-006, 1, -6.67993391e-006, 0, 0, 0, 0, 0, 0, 0, 0.133141333, 0.130975098, 0.112824707, -0.487053461, 0.657637655, 0.574626821, -0.552124023, -0.741577148, 0.380859375, 0.676686163, -0.131844165, 0.724447635, 0, -0, 0, 0, 0, 0, 0, 0.199688037, 0.116089551, 0.0834456543, -0.636689283, 0.599879124, -0.484358407, -0.0500488281, -0.658935547, -0.750366211, -0.769375269, -0.453451487, 0.449759394, 0, 2, 5, 1, 
254.88525, 39, 0.1, 0.1, -0.00183256578, 0.350530119, -0.0349699558, 0.923510767, -4.09165072e-006, 0.383572501, 0.383572501, -1.01474014e-005, -0.923510767, 7.67094761e-006, 1, -7.80178972e-006, 0.923510767, -2.83493354e-006, 0.383572501, 0.383572501, -6.73558087e-006, -0.923510767, 5.20167525e-006, 1, -5.1329789e-006, 0, 0, 0, 0, 0, 0, 0, 0.133239185, 0.129132324, 0.109684961, -0.493598546, 0.664428362, 0.560846186, -0.551879883, -0.737792969, 0.388427734, 0.672037574, -0.117841492, 0.731079583, 0, -0, 0, 0, 0, 0, 0, 0.200496826, 0.114592871, 0.080547168, -0.629125204, 0.594634802, -0.500441021, -0.0435791016, -0.669799805, -0.741088867, -0.775944815, -0.444428756, 0.447455329, 0, 2, 5, 1, 
254.885947, 39, 0.1, 0.1, -0.00183256586, 0.350530118, -0.034970211, 0.923510767, -2.89658225e-006, 0.383572499, 0.383572499, -6.68349505e-006, -0.923510767, 5.23862979e-006, 1, -5.06123035e-006, 0.923510767, 1.37955715e-006, 0.3835725, 0.3835725, 3.72783662e-006, -0.923510767, -2.70393149e-006, 1, 2.91353708e-006, 0, 0, 0, 0, 0, 0, 0, 0.133239185, 0.129132324, 0.109684961, -0.493598546, 0.664428362, 0.560846186, -0.551879883, -0.737792969, 0.388427734, 0.672037574, -0.117841492, 0.731079583, 0, -0, 0, 0, 0, 0, 0, 0.200496826, 0.114592871, 0.080547168, -0.629125204, 0.594634802, -0.500441021, -0.0435791016, -0.669799805, -0.741088867, -0.775944815, -0.444428756, 0.447455329, 0, 2, 5, 1, 
254.88664, 39, 0.1, 0.1, -0.00183256592, 0.350530119, -0.0349702167, 0.923510767, 1.88912158e-006, 0.383572501, 0.383572501, 3.46705977e-006, -0.923510767, -3.0744929e-006, 1, 2.47725194e-006, 0.923510767, 3.42805055e-006, 0.383572501, 0.383572501, 7.12025859e-006, -0.923510767, -5.89697698e-006, 1, 5.26072956e-006, 0, 0, 0, 0, 0, 0, 0, 0.133239185, 0.129132324, 0.109684961, -0.493598546, 0.664428362, 0.560846186, -0.551879883, -0.737792969, 0.388427734, 0.672037574, -0.117841492, 0.731079583, 0, -0, 0, 0, 0, 0, 0, 0.200496826, 0.114592871, 0.080547168, -0.629125204, 0.594634802, -0.500441021, -0.0435791016, -0.669799805, -0.741088867, -0.775944815, -0.444428756, 0.447455329, 0, 2, 5, 1, 
254.887353, 39, 0.1, 0.1, -0.00183256567, 0.350530119, -0.0349700157, 0.923510767, 3.0563942e-006, 0.383572501, 0.383572501, 8.63333191e-006, -0.923510767, -6.13412166e-006, 1, 6.8006262e-006, 0.923510767, 1.64637789e-006, 0.383572501, 0.383572501, 4.86180816e-006, -0.923510767, -3.38530363e-006, 1, 3.8584269e-006, 0, 0, 0, 0, 0, 0, 0, 0.133239185, 0.129132324, 0.109684961, -0.498003375, 0.672184731, 0.547692354, -0.549560547, -0.733154297, 0.400390625, 0.670757759, -0.101643517, 0.734646048, 0, -0, 0, 0, 0, 0, 0, 0.200496826, 0.114592871, 0.080547168, -0.629125204, 0.594634802, -0.500441021, -0.0435791016, -0.669799805, -0.741088867, -0.775944815, -0.444428756, 0.447455329, 0, 2, 5, 1, 
254.888093, 39, 0.1, 0.1, -0.00183256544, 0.35053012, -0.0349693235, 0.923510767, 3.55276198e-006, 0.383572501, 0.383572501, 7.91214751e-006, -0.923510767, -6.31589615e-006, 1, 5.94421161e-006, 0.923510767, -2.37556829e-006, 0.3835725, 0.3835725, -5.82036475e-006, -0.923510767, 4.42639476e-006, 1, -4.46396685e-006, 0, 0, 0, 0, 0, 0, 0, 0.133903149, 0.127568823, 0.105674951, -0.498003375, 0.672184731, 0.547692354, -0.549560547, -0.733154297, 0.400390625, 0.670757759, -0.101643517, 0.734646048, 0, -0, 0, 0, 0, 0, 0, 0.201643457, 0.113024658, 0.0771891602, -0.623867389, 0.588457546, -0.514242157, -0.0394287109, -0.680786133, -0.731201172, -0.780424647, -0.435872308, 0.447968655, 0, 2, 5, 1, 
254.888788, 39, 0.1, 0.1, -0.00183256568, 0.35053012, -0.0349684108, 0.923510766, -1.4467544e-006, 0.383572504, 0.383572504, -2.76969308e-006, -0.923510766, 2.39847138e-006, 1, -2.00290617e-006, 0.923510766, -2.98625979e-006, 0.383572503, 0.383572503, -6.81319949e-006, -0.923510766, 5.37119905e-006, 1, -5.14661594e-006, 0, 0, 0, 0, 0, 0, 0, 0.133903149, 0.127568823, 0.105674951, -0.498003375, 0.672184731, 0.547692354, -0.549560547, -0.733154297, 0.400390625, 0.670757759, -0.101643517, 0.734646048, 0, -0, 0, 0, 0, 0, 0, 0.201643457, 0.113024658, 0.0771891602, -0.623867389, 0.588457546, -0.514242157, -0.0394287109, -0.680786133, -0.731201172, -0.780424647, -0.435872308, 0.447968655, 0, 2, 5, 1, 
254.889489, 39, 0.1, 0.1, -0.00183256622, 0.350530118, -0.0349678492, 0.923510766, -2.69827599e-006, 0.383572503, 0.383572503, -7.62575234e-006, -0.923510766, 5.41691584e-006, 1, -6.00747991e-006, 0.923510766, -1.37744789e-006, 0.383572503, 0.383572503, -3.83040144e-006, -0.923510766, 2.74132463e-006, 1, -3.00906583e-006, 0, 0, 0, 0, 0, 0, 0, 0.133903149, 0.127568823, 0.105674951, -0.498003375, 0.672184731, 0.547692354, -0.549560547, -0.733154297, 0.400390625, 0.670757759, -0.101643517, 0.734646048, 0, -0, 0, 0, 0, 0, 0, 0.201643457, 0.113024658, 0.0771891602, -0.623867389, 0.588457546, -0.514242157, -0.0394287109, -0.680786133, -0.731201172, -0.780424647, -0.435872308, 0.447968655, 0, 2, 5, 1, 
254.890192, 39, 0.1, 0.1, -0.00183256683, 0.350530117, -0.034967831, 0.923510765, -2.2677846e-006, 0.383572504, 0.383572504, -5.63512643e-006, -0.923510765, 4.25580305e-006, 1, -4.3342401e-006, 0.923510766, 2.82702469e-006, 0.383572504, 0.383572504, 5.98348643e-006, -0.923510766, -4.9058886e-006, 1, 4.4414452e-006, 0, 0, 0, 0, 0, 0, 0, 0.133903149, 0.127568823, 0.105674951, -0.498003375, 0.672184731, 0.547692354, -0.549560547, -0.733154297, 0.400390625, 0.670757759, -0.101643517, 0.734646048, 0, -0, 0, 0, 0, 0, 0, 0.201643457, 0.113024658, 0.0771891602, -0.623867389, 0.588457546, -0.514242157, -0.0394287109, -0.680786133, -0.731201172, -0.780424647, -0.435872308, 0.447968655, 0, 2, 5, 1, 
254.890882, 39, 0.1, 0.1, -0.0018325668, 0.350530117, -0.0349682905, 0.923510766, 1.42767024e-006, 0.383572504, 0.383572504, 4.70797917e-006, -0.923510766, -3.1243202e-006, 1, 3.8002544e-006, 0.923510765, 3.03818465e-006, 0.383572504, 0.383572504, 8.87738393e-006, -0.923510765, -6.21091662e-006, 1, 7.03299553e-006, 0, 0, 0, 0, 0, 0, 0, 0.133903149, 0.127568823, 0.105674951, -0.498003375, 0.672184731, 0.547692354, -0.549560547, -0.733154297, 0.400390625, 0.670757759, -0.101643517, 0.734646048, 0, -0, 0, 0, 0, 0, 0, 0.201643457, 0.113024658, 0.0771891602, -0.623867389, 0.588457546, -0.514242157, -0.0394287109, -0.680786133, -0.731201172, -0.780424647, -0.435872308, 0.447968655, 0, 2, 5, 1, 
