time, trialNum, realDorsalTactorPos, realVentralTactorPos, boxPosX, boxPosY, boxPosZ, boxLocalRot_11, boxLocalRot_12, boxLocalRot_13, boxLocalRot_21, boxLocalRot_22, boxLocalRot_23, boxLocalRot_31, boxLocalRot_32, boxLocalRot_33, boxGlobalRot_11, boxGlobalRot_12, boxGlobalRot_13, boxGlobalRot_21, boxGlobalRot_22, boxGlobalRot_23, boxGlobalRot_31, boxGlobalRot_32, boxGlobalRot_33, indexForceX, indexForceY, indexForceZ, indexForceGlobalX, indexForceGlobalY, indexForceGlobalZ, indexContact, indexPosX, indexPosY, indexPosZ, indexRot_11, indexRot_12, indexRot_13, indexRot_21, indexRot_22, indexRot_23, indexRot_31, indexRot_32, indexRot_33, thumbForceX, thumbForceY, thumbForceZ, thumbForceGlobalX, thumbForceGlobalY, thumbForceGlobalZ, thumbContact, thumbPosX, thumbPosY, thumbPosZ, thumbRot_11, thumbRot_12, thumbRot_13, thumbRot_21, thumbRot_22, thumbRot_23, thumbRot_31, thumbRot_32, thumbRot_33, manipForceTooHigh, cceExpType, mapping, trialSuccess, 
206.362313, 29, 0.1, 0.1, 0.0286975411, 0.350772349, -0.0349706935, 0.982721857, -5.29265483e-006, 0.185088496, 0.185088496, 1.18728828e-005, -0.982721857, 3.00367355e-006, 1, 1.2647351e-005, 0.982721872, -1.67607505e-005, 0.185088419, 0.185088419, 5.00411445e-006, -0.982721872, 1.55449525e-005, 1, 8.01987353e-006, 0, 0, 0, 0, 0, 0, 0, 0.138072607, 0.13912439, 0.152169312, -0.315507508, 0.680786167, 0.6609379, -0.346191406, -0.730957031, 0.587890625, 0.883475485, -0.0434345383, 0.466436049, 0, 0, 0, 0, 0, 0, 0, 0.190993799, 0.136870166, 0.130133936, -0.759967203, 0.50003253, -0.414982726, 0.0675048828, -0.57434082, -0.815673828, -0.646333378, -0.647937109, 0.402798794, 0, 2, 5, 1, 
206.376497, 29, 0.1, 0.1, 0.0286974936, 0.350772352, -0.0349742616, 0.98272304, -1.93050285e-005, 0.185082214, 0.185082214, -5.54827501e-006, -0.98272304, 1.99983834e-005, 1, -1.87940026e-006, 0.982723031, -3.11751406e-005, 0.18508226, 0.18508226, -1.09321092e-005, -0.982723032, 3.26598682e-005, 0.999999999, -4.97327003e-006, 0, 0, 0, 0, 0, 0, 0, 0.139616406, 0.139410498, 0.147029736, -0.311352049, 0.703564793, 0.638678232, -0.356567383, -0.709472656, 0.607788086, 0.880839854, -0.0385144748, 0.471815513, 0, 0, 0, 0, 0, 0, 0, 0.192729736, 0.135995947, 0.12527832, -0.75009103, 0.504061039, -0.428002581, 0.0598144531, -0.592773438, -0.802978516, -0.658551563, -0.627874862, 0.414563822, 0, 2, 5, 1, 
206.377194, 29, 0.1, 0.1, 0.0286974845, 0.350772349, -0.0349712474, 0.982723102, 4.47330793e-005, 0.185081879, 0.185081879, 5.09510692e-006, -0.982723103, -4.49032425e-005, 0.999999999, -3.27220308e-006, 0.982723087, 4.17690954e-005, 0.185081963, 0.185081963, 6.56538186e-006, -0.982723088, -4.22625882e-005, 0.999999999, -1.27875385e-006, 0, 0, 0, 0, 0, 0, 0, 0.139616406, 0.139410498, 0.147029736, -0.311352049, 0.703564793, 0.638678232, -0.356567383, -0.709472656, 0.607788086, 0.880839854, -0.0385144748, 0.471815513, 0, 0, 0, 0, 0, 0, 0, 0.192729736, 0.135995947, 0.12527832, -0.75009103, 0.504061039, -0.428002581, 0.0598144531, -0.592773438, -0.802978516, -0.658551563, -0.627874862, 0.414563822, 0, 2, 5, 1, 
206.377893, 29, 0.1, 0.1, 0.0286974802, 0.350772347, -0.0349680288, 0.982723158, -1.64892328e-005, 0.185081588, 0.185081588, -5.62163657e-006, -0.982723158, 1.72448123e-005, 1, -2.47265906e-006, 0.982723154, -4.165526e-006, 0.18508161, 0.18508161, 6.02605919e-006, -0.982723154, 2.97824612e-006, 1, 6.69291016e-006, 0, 0, 0, 0, 0, 0, 0, 0.139616406, 0.139410498, 0.147029736, -0.311352049, 0.703564793, 0.638678232, -0.356567383, -0.709472656, 0.607788086, 0.880839854, -0.0385144748, 0.471815513, 0, 0, 0, 0, 0, 0, 0, 0.192729736, 0.135995947, 0.12527832, -0.75009103, 0.504061039, -0.428002581, 0.0598144531, -0.592773438, -0.802978516, -0.658551563, -0.627874862, 0.414563822, 0, 2, 5, 1, 
206.378641, 29, 0.1, 0.1, 0.0286974857, 0.350772347, -0.0349647344, 0.982723194, 9.71627118e-006, 0.185081399, 0.185081399, 7.36698767e-006, -0.982723194, -1.09118974e-005, 1, 5.4414086e-006, 0.982723184, -8.40700848e-006, 0.185081452, 0.185081453, 8.33506992e-006, -0.982723184, 6.71909529e-006, 1, 9.74704779e-006, 0, 0, 0, 0, 0, 0, 0, 0.139924487, 0.139358276, 0.145990161, -0.309639018, 0.707009952, 0.635715343, -0.360229492, -0.705932617, 0.609741211, 0.879950577, -0.0401724617, 0.473397116, 0, 0, 0, 0, 0, 0, 0, 0.193061133, 0.135533984, 0.124248633, -0.747414365, 0.505627233, -0.430832731, 0.0576171875, -0.596801758, -0.800170898, -0.661829773, -0.622923283, 0.416966701, 0, 2, 5, 1, 
206.379347, 29, 0.1, 0.1, 0.0286974809, 0.350772347, -0.0349631839, 0.982723259, -7.39802456e-006, 0.185081055, 0.185081055, 4.62317568e-006, -0.982723259, 6.41454857e-006, 1, 5.91253646e-006, 0.982723249, 9.43602213e-006, 0.185081106, 0.185081106, 5.63159905e-006, -0.982723249, -1.03153009e-005, 1, 3.7878739e-006, 0, 0, 0, 0, 0, 0, 0, 0.139924487, 0.139358276, 0.145990161, -0.309639018, 0.707009952, 0.635715343, -0.360229492, -0.705932617, 0.609741211, 0.879950577, -0.0401724617, 0.473397116, 0, 0, 0, 0, 0, 0, 0, 0.193061133, 0.135533984, 0.124248633, -0.747414365, 0.505627233, -0.430832731, 0.0576171875, -0.596801758, -0.800170898, -0.661829773, -0.622923283, 0.416966701, 0, 2, 5, 1, 
206.380036, 29, 0.1, 0.1, 0.0286974829, 0.35077235, -0.0349635776, 0.982723273, 1.52928596e-005, 0.185080977, 0.185080977, 2.49912387e-006, -0.982723273, -1.54911893e-005, 1, -3.74470194e-007, 0.982723274, 3.76895937e-007, 0.185080975, 0.185080975, -9.74980678e-006, -0.982723274, 1.43411934e-006, 1, -9.6511183e-006, 0, 0, 0, 0, 0, 0, 0, 0.139924487, 0.139358276, 0.145990161, -0.309639018, 0.707009952, 0.635715343, -0.360229492, -0.705932617, 0.609741211, 0.879950577, -0.0401724617, 0.473397116, 0, 0, 0, 0, 0, 0, 0, 0.193061133, 0.135533984, 0.124248633, -0.747414365, 0.505627233, -0.430832731, 0.0576171875, -0.596801758, -0.800170898, -0.661829773, -0.622923283, 0.416966701, 0, 2, 5, 1, 
206.380769, 29, 0.1, 0.1, 0.0286974779, 0.350772342, -0.0349655602, 0.982723237, -4.23144055e-006, 0.18508117, 0.18508117, 9.15900574e-006, -0.982723237, 2.46317546e-006, 1, 9.78392773e-006, 0.982723245, 9.12836145e-006, 0.185081125, 0.185081124, 2.3243653e-005, -0.982723245, -1.32726144e-005, 1, 2.11525907e-005, 0, 0, 0, 0, 0, 0, 0, 0.139924487, 0.139358276, 0.145990161, -0.309639018, 0.707009952, 0.635715343, -0.360229492, -0.705932617, 0.609741211, 0.879950577, -0.0401724617, 0.473397116, 0, 0, 0, 0, 0, 0, 0, 0.193061133, 0.135533984, 0.124248633, -0.747414365, 0.505627233, -0.430832731, 0.0576171875, -0.596801758, -0.800170898, -0.661829773, -0.622923283, 0.416966701, 0, 2, 5, 1, 
206.381468, 29, 0.1, 0.1, 0.0286974791, 0.350772347, -0.0349683344, 0.982723162, 1.28707627e-005, 0.185081568, 0.185081568, -8.57861468e-006, -0.982723162, -1.10606532e-005, 1, -1.08125443e-005, 0.982723178, 9.47300468e-007, 0.185081481, 0.185081481, -1.93663684e-005, -0.982723178, 2.65342201e-006, 1, -1.92071069e-005, 0, 0, 0, 0, 0, 0, 0, 0.139924487, 0.139358276, 0.145990161, -0.309639018, 0.707009952, 0.635715343, -0.360229492, -0.705932617, 0.609741211, 0.879950577, -0.0401724617, 0.473397116, 0, 0, 0, 0, 0, 0, 0, 0.193061133, 0.135533984, 0.124248633, -0.747414365, 0.505627233, -0.430832731, 0.0576171875, -0.596801758, -0.800170898, -0.661829773, -0.622923283, 0.416966701, 0, 2, 5, 1, 
206.382163, 29, 0.1, 0.1, 0.0286974762, 0.350772345, -0.0349712977, 0.982723057, -8.07889863e-006, 0.185082124, 0.185082124, -4.89963247e-007, -0.982723057, 8.0300034e-006, 1, 1.01376154e-006, 0.982723079, 4.35968328e-006, 0.185082006, 0.185082006, 1.03128535e-005, -0.982723079, -6.193085e-006, 1, 9.32778027e-006, 0, 0, 0, 0, 0, 0, 0, 0.139924487, 0.139358276, 0.145990161, -0.309639018, 0.707009952, 0.635715343, -0.360229492, -0.705932617, 0.609741211, 0.879950577, -0.0401724617, 0.473397116, 0, 0, 0, 0, 0, 0, 0, 0.193061133, 0.135533984, 0.124248633, -0.747414365, 0.505627233, -0.430832731, 0.0576171875, -0.596801758, -0.800170898, -0.661829773, -0.622923283, 0.416966701, 0, 2, 5, 1, 
206.382882, 29, 0.1, 0.1, 0.0286974796, 0.350772351, -0.0349735383, 0.982722924, 3.82001391e-006, 0.185082831, 0.185082832, -9.91688437e-006, -0.982722924, -1.9185702e-006, 1, -1.04525686e-005, 0.982722952, -6.33816929e-006, 0.185082685, 0.185082685, -2.03840983e-005, -0.982722951, 1.00014081e-005, 1, -1.88588358e-005, 0, 0, 0, 0, 0, 0, 0, 0.139924487, 0.139358276, 0.145990161, -0.309639018, 0.707009952, 0.635715343, -0.360229492, -0.705932617, 0.609741211, 0.879950577, -0.0401724617, 0.473397116, 0, 0, 0, 0, 0, 0, 0, 0.193061133, 0.135533984, 0.124248633, -0.747414365, 0.505627233, -0.430832731, 0.0576171875, -0.596801758, -0.800170898, -0.661829773, -0.622923283, 0.416966701, 0, 2, 5, 1, 
206.383616, 29, 0.1, 0.1, 0.0286974787, 0.350772348, -0.0349738218, 0.982722764, -4.08932696e-006, 0.18508368, 0.18508368, 3.35886056e-006, -0.982722764, 3.39700442e-006, 1, 4.05769641e-006, 0.982722795, -2.64100993e-006, 0.185083516, 0.185083516, 1.12990418e-005, -0.982722795, 5.04114283e-007, 1, 1.15926333e-005, 0, 0, 0, 0, 0, 0, 0, 0.14022915, 0.139046191, 0.144981836, -0.308008362, 0.709731706, 0.633399475, -0.363037109, -0.70300293, 0.611328125, 0.87932153, -0.0417158726, 0.474381873, 0, 0, 0, 0, 0, 0, 0, 0.193362988, 0.13505542, 0.123088965, -0.745434027, 0.506950624, -0.432525423, 0.0543212891, -0.600585938, -0.797607422, -0.66432197, -0.617997223, 0.420225588, 0, 2, 5, 1, 
206.384313, 29, 0.1, 0.1, 0.0286974777, 0.350772352, -0.0349728162, 0.982722601, -4.21811649e-006, 0.185084545, 0.185084545, -4.65989975e-006, -0.982722601, 5.00771384e-006, 1, -3.79868063e-006, 0.982722633, 5.15409287e-006, 0.185084377, 0.185084377, -1.16602741e-005, -0.982722633, -2.90690915e-006, 1, -1.24127573e-005, 0, 0, 0, 0, 0, 0, 0, 0.14022915, 0.139046191, 0.144981836, -0.308008362, 0.709731706, 0.633399475, -0.363037109, -0.70300293, 0.611328125, 0.87932153, -0.0417158726, 0.474381873, 0, 0, 0, 0, 0, 0, 0, 0.193362988, 0.13505542, 0.123088965, -0.745434027, 0.506950624, -0.432525423, 0.0543212891, -0.600585938, -0.797607422, -0.66432197, -0.617997223, 0.420225588, 0, 2, 5, 1, 
206.385005, 29, 0.1, 0.1, 0.0286974792, 0.350772347, -0.0349709743, 0.982722484, -3.99604307e-007, 0.185085168, 0.185085168, 5.65756977e-006, -0.982722484, -6.54432115e-007, 1, 5.63378185e-006, 0.982722504, 1.11061659e-006, 0.185085064, 0.185085064, 1.49517996e-005, -0.982722504, -3.85878269e-006, 1, 1.44879114e-005, 0, 0, 0, 0, 0, 0, 0, 0.14022915, 0.139046191, 0.144981836, -0.308008362, 0.709731706, 0.633399475, -0.363037109, -0.70300293, 0.611328125, 0.87932153, -0.0417158726, 0.474381873, 0, 0, 0, 0, 0, 0, 0, 0.193362988, 0.13505542, 0.123088965, -0.745434027, 0.506950624, -0.432525423, 0.0543212891, -0.600585938, -0.797607422, -0.66432197, -0.617997223, 0.420225588, 0, 2, 5, 1, 
206.385761, 29, 0.1, 0.1, 0.0286974803, 0.350772353, -0.0349681482, 0.982722379, 3.47703715e-006, 0.185085727, 0.185085727, -4.77565937e-006, -0.982722379, -2.53305583e-006, 1, -5.33669728e-006, 0.9827224, 3.28113753e-006, 0.185085616, 0.185085616, -1.4810829e-005, -0.982722399, -4.83175934e-007, 1, -1.51622248e-005, 0, 0, 0, 0, 0, 0, 0, 0.140725806, 0.139182422, 0.143958008, -0.307024726, 0.712378198, 0.630829367, -0.364135742, -0.700317383, 0.613769531, 0.87928933, -0.0413934842, 0.474541754, 0, 0, 0, 0, 0, 0, 0, 0.193893213, 0.134688525, 0.121794531, -0.743491968, 0.506906514, -0.435962581, 0.0535888672, -0.604736328, -0.794433594, -0.666449963, -0.614074092, 0.422564667, 0, 2, 5, 1, 
206.386455, 29, 0.1, 0.1, 0.0286974813, 0.350772348, -0.0349659404, 0.982722274, 5.77184275e-006, 0.185086283, 0.185086283, 7.88839333e-006, -0.982722274, -7.13215184e-006, 1, 6.68381091e-006, 0.982722294, -4.00675095e-006, 0.185086175, 0.185086175, 1.65357897e-005, -0.982722294, 8.76977422e-007, 1, 1.69916834e-005, 0, 0, 0, 0, 0, 0, 0, 0.140725806, 0.139182422, 0.143958008, -0.307024726, 0.712378198, 0.630829367, -0.364135742, -0.700317383, 0.613769531, 0.87928933, -0.0413934842, 0.474541754, 0, 0, 0, 0, 0, 0, 0, 0.193893213, 0.134688525, 0.121794531, -0.743491968, 0.506906514, -0.435962581, 0.0535888672, -0.604736328, -0.794433594, -0.666449963, -0.614074092, 0.422564667, 0, 2, 5, 1, 
206.387156, 29, 0.1, 0.1, 0.0286974814, 0.350772353, -0.0349649899, 0.982722215, -6.77426531e-006, 0.185086598, 0.185086598, -6.44503824e-006, -0.982722215, 7.8501112e-006, 1, -5.07985654e-006, 0.982722222, -7.133674e-006, 0.185086557, 0.185086557, -1.75624186e-005, -0.982722222, 1.02609875e-005, 1, -1.59386318e-005, 0, 0, 0, 0, 0, 0, 0, 0.140725806, 0.139182422, 0.143958008, -0.307024726, 0.712378198, 0.630829367, -0.364135742, -0.700317383, 0.613769531, 0.87928933, -0.0413934842, 0.474541754, 0, 0, 0, 0, 0, 0, 0, 0.193893213, 0.134688525, 0.121794531, -0.743491968, 0.506906514, -0.435962581, 0.0535888672, -0.604736328, -0.794433594, -0.666449963, -0.614074092, 0.422564667, 0, 2, 5, 1, 
206.387882, 29, 0.1, 0.1, 0.0286974841, 0.350772347, -0.034965219, 0.982722172, -1.50400938e-005, 0.185086824, 0.185086824, 7.03348881e-006, -0.982722172, 1.34784275e-005, 1, 9.6956886e-006, 0.982722183, -1.4013053e-005, 0.185086765, 0.185086765, 1.7992446e-005, -0.982722183, 1.04407744e-005, 1, 2.02752065e-005, 0, 0, 0, 0, 0, 0, 0, 0.140725806, 0.139182422, 0.143958008, -0.307024726, 0.712378198, 0.630829367, -0.364135742, -0.700317383, 0.613769531, 0.87928933, -0.0413934842, 0.474541754, 0, 0, 0, 0, 0, 0, 0, 0.193893213, 0.134688525, 0.121794531, -0.743491968, 0.506906514, -0.435962581, 0.0535888672, -0.604736328, -0.794433594, -0.666449963, -0.614074092, 0.422564667, 0, 2, 5, 1, 
206.388584, 29, 0.1, 0.1, 0.0286974843, 0.350772352, -0.03496647, 0.982722094, -6.14188236e-006, 0.18508724, 0.18508724, -7.76759591e-006, -0.982722094, 7.47344638e-006, 1, -6.49660407e-006, 0.982722109, 3.71685957e-006, 0.185087158, 0.185087158, -1.56713261e-005, -0.982722109, -7.52078876e-007, 1, -1.60885016e-005, 0, 0, 0, 0, 0, 0, 0, 0.140725806, 0.139182422, 0.143958008, -0.307024726, 0.712378198, 0.630829367, -0.364135742, -0.700317383, 0.613769531, 0.87928933, -0.0413934842, 0.474541754, 0, 0, 0, 0, 0, 0, 0, 0.193893213, 0.134688525, 0.121794531, -0.743491968, 0.506906514, -0.435962581, 0.0535888672, -0.604736328, -0.794433594, -0.666449963, -0.614074092, 0.422564667, 0, 2, 5, 1, 
206.38928, 29, 0.1, 0.1, 0.0286974853, 0.350772347, -0.034968631, 0.982722055, 3.89376488e-006, 0.185087447, 0.185087447, 7.04969359e-006, -0.982722055, -5.13129841e-006, 1, 6.20720237e-006, 0.982722059, 4.25885754e-006, 0.185087424, 0.185087424, 1.68999789e-005, -0.982722059, -7.31324682e-006, 1, 1.58197211e-005, 0, 0, 0, 0, 0, 0, 0, 0.140725806, 0.139182422, 0.143958008, -0.307024726, 0.712378198, 0.630829367, -0.364135742, -0.700317383, 0.613769531, 0.87928933, -0.0413934842, 0.474541754, 0, 0, 0, 0, 0, 0, 0, 0.193893213, 0.134688525, 0.121794531, -0.743491968, 0.506906514, -0.435962581, 0.0535888672, -0.604736328, -0.794433594, -0.666449963, -0.614074092, 0.422564667, 0, 2, 5, 1, 
206.389972, 29, 0.1, 0.1, 0.028697484, 0.350772352, -0.0349709245, 0.98272203, 1.07228787e-005, 0.185087578, 0.185087578, -6.22050993e-006, -0.98272203, -9.38627001e-006, 1, -8.09770379e-006, 0.982722038, 9.59701228e-006, 0.185087538, 0.185087538, -1.49341523e-005, -0.982722037, -6.66706997e-006, 1, -1.6452408e-005, 0, 0, 0, 0, 0, 0, 0, 0.140725806, 0.139182422, 0.143958008, -0.307024726, 0.712378198, 0.630829367, -0.364135742, -0.700317383, 0.613769531, 0.87928933, -0.0413934842, 0.474541754, 0, 0, 0, 0, 0, 0, 0, 0.193893213, 0.134688525, 0.121794531, -0.743491968, 0.506906514, -0.435962581, 0.0535888672, -0.604736328, -0.794433594, -0.666449963, -0.614074092, 0.422564667, 0, 2, 5, 1, 
206.390728, 29, 0.1, 0.1, 0.0286974849, 0.350772348, -0.0349723327, 0.982721968, 3.97663666e-006, 0.185087906, 0.185087906, 5.81907239e-006, -0.982721968, -4.98496813e-006, 1, 4.98250293e-006, 0.98272198, -4.45679988e-006, 0.185087845, 0.185087845, 1.24825936e-005, -0.98272198, 2.06941886e-006, 1, 1.30918186e-005, 0, 0, 0, 0, 0, 0, 0, 0.141092114, 0.13866748, 0.142736694, -0.304213484, 0.715524934, 0.628760625, -0.366821289, -0.697143555, 0.615844727, 0.879091257, -0.0433749814, 0.474745819, 0, 0, 0, 0, 0, 0, 0, 0.194444678, 0.134166748, 0.12071333, -0.740974983, 0.507635657, -0.43950838, 0.0521240234, -0.608886719, -0.791381836, -0.669376728, -0.609333233, 0.424769586, 0, 2, 5, 1, 
206.391421, 29, 0.1, 0.1, 0.0286974845, 0.350772352, -0.0349725266, 0.982721942, -2.78484534e-006, 0.185088044, 0.185088044, -5.39738855e-006, -0.982721942, 3.73572071e-006, 1, -4.78869058e-006, 0.982721945, -3.58361312e-006, 0.185088031, 0.185088031, -1.40166569e-005, -0.982721945, 6.11601067e-006, 1, -1.31111924e-005, 0, 0, 0, 0, 0, 0, 0, 0.141092114, 0.13866748, 0.142736694, -0.304213484, 0.715524934, 0.628760625, -0.366821289, -0.697143555, 0.615844727, 0.879091257, -0.0433749814, 0.474745819, 0, 0, 0, 0, 0, 0, 0, 0.194444678, 0.134166748, 0.12071333, -0.740974983, 0.507635657, -0.43950838, 0.0521240234, -0.608886719, -0.791381836, -0.669376728, -0.609333233, 0.424769586, 0, 2, 5, 1, 
206.392111, 29, 0.1, 0.1, 0.0286974853, 0.350772348, -0.0349719209, 0.982721927, -7.46576043e-006, 0.185088124, 0.185088124, 4.86596492e-006, -0.982721927, 6.43613416e-006, 1, 6.16371401e-006, 0.982721933, -6.8666361e-006, 0.185088095, 0.185088096, 1.3470961e-005, -0.982721933, 4.25467937e-006, 1, 1.45091415e-005, 0, 0, 0, 0, 0, 0, 0, 0.141092114, 0.13866748, 0.142736694, -0.304213484, 0.715524934, 0.628760625, -0.366821289, -0.697143555, 0.615844727, 0.879091257, -0.0433749814, 0.474745819, 0, 0, 0, 0, 0, 0, 0, 0.194444678, 0.134166748, 0.12071333, -0.740974983, 0.507635657, -0.43950838, 0.0521240234, -0.608886719, -0.791381836, -0.669376728, -0.609333233, 0.424769586, 0, 2, 5, 1, 
206.392834, 29, 0.1, 0.1, 0.0286974841, 0.350772352, -0.0349705124, 0.98272188, -2.88615598e-006, 0.185088376, 0.185088376, -3.349901e-006, -0.98272188, 3.45631637e-006, 1, -2.75782708e-006, 0.98272189, 6.74719969e-006, 0.185088323, 0.185088323, -1.12807681e-005, -0.98272189, -4.54268237e-006, 1, -1.23346857e-005, 0, 0, 0, 0, 0, 0, 0, 0.141092114, 0.13866748, 0.142736694, -0.304213484, 0.715524934, 0.628760625, -0.366821289, -0.697143555, 0.615844727, 0.879091257, -0.0433749814, 0.474745819, 0, 0, 0, 0, 0, 0, 0, 0.194444678, 0.134166748, 0.12071333, -0.740974983, 0.507635657, -0.43950838, 0.0521240234, -0.608886719, -0.791381836, -0.669376728, -0.609333233, 0.424769586, 0, 2, 5, 1, 
206.393538, 29, 0.1, 0.1, 0.0286974843, 0.350772346, -0.0349686935, 0.982721866, 4.72969405e-006, 0.185088448, 0.185088448, 8.90803926e-006, -0.982721866, -6.29674892e-006, 1, 7.87871324e-006, 0.982721866, 5.698899e-006, 0.18508845, 0.18508845, 1.90090532e-005, -0.982721866, -9.11878886e-006, 1, 1.76258119e-005, 0, 0, 0, 0, 0, 0, 0, 0.141092114, 0.13866748, 0.142736694, -0.304213484, 0.715524934, 0.628760625, -0.366821289, -0.697143555, 0.615844727, 0.879091257, -0.0433749814, 0.474745819, 0, 0, 0, 0, 0, 0, 0, 0.194444678, 0.134166748, 0.12071333, -0.740974983, 0.507635657, -0.43950838, 0.0521240234, -0.608886719, -0.791381836, -0.669376728, -0.609333233, 0.424769586, 0, 2, 5, 1, 
206.394246, 29, 0.1, 0.1, 0.0286974831, 0.350772351, -0.0349672761, 0.982721863, 1.03413944e-005, 0.185088467, 0.185088467, -3.24869741e-006, -0.982721863, -9.56141798e-006, 1, -5.10663881e-006, 0.982721867, 9.61775589e-006, 0.185088445, 0.185088445, -1.38802785e-005, -0.982721867, -6.88249984e-006, 1, -1.54205887e-005, 0, 0, 0, 0, 0, 0, 0, 0.141092114, 0.13866748, 0.142736694, -0.304213484, 0.715524934, 0.628760625, -0.366821289, -0.697143555, 0.615844727, 0.879091257, -0.0433749814, 0.474745819, 0, 0, 0, 0, 0, 0, 0, 0.194444678, 0.134166748, 0.12071333, -0.740974983, 0.507635657, -0.43950838, 0.0521240234, -0.608886719, -0.791381836, -0.669376728, -0.609333233, 0.424769586, 0, 2, 5, 1, 
206.394939, 29, 0.1, 0.1, 0.0286974844, 0.350772346, -0.0349665667, 0.982721822, 3.66888512e-006, 0.185088683, 0.185088683, 5.45376388e-006, -0.982721822, -4.61492345e-006, 1, 4.68046366e-006, 0.982721831, -6.5459758e-006, 0.185088636, 0.185088636, 1.42849925e-005, -0.982721831, 3.78888356e-006, 1, 1.52497597e-005, 0, 0, 0, 0, 0, 0, 0, 0.141092114, 0.13866748, 0.142736694, -0.304213484, 0.715524934, 0.628760625, -0.366821289, -0.697143555, 0.615844727, 0.879091257, -0.0433749814, 0.474745819, 0, 0, 0, 0, 0, 0, 0, 0.194444678, 0.134166748, 0.12071333, -0.740974983, 0.507635657, -0.43950838, 0.0521240234, -0.608886719, -0.791381836, -0.669376728, -0.609333233, 0.424769586, 0, 2, 5, 1, 
206.395699, 29, 0.1, 0.1, 0.0286974845, 0.350772354, -0.0349663608, 0.982721818, -5.50195912e-006, 0.185088705, 0.185088705, -1.14504816e-005, -0.982721818, 7.52625008e-006, 1, -1.02342876e-005, 0.982721815, -6.66175865e-006, 0.185088721, 0.185088721, -2.29741894e-005, -0.982721815, 1.07989189e-005, 1, -2.13442207e-005, 0, 0, 0, 0, 0, 0, 0, 0.141684351, 0.138147778, 0.141511353, -0.301364049, 0.718570198, 0.626634594, -0.369262695, -0.693847656, 0.618164062, 0.879134318, -0.0452168152, 0.474588181, 0, 0, 0, 0, 0, 0, 0, 0.194444678, 0.134166748, 0.12071333, -0.739422649, 0.508121997, -0.441494915, 0.0491943359, -0.61315918, -0.788208008, -0.671300197, -0.604617894, 0.428488559, 0, 2, 5, 1, 
206.396399, 29, 0.1, 0.1, 0.0286974862, 0.35077235, -0.0349667794, 0.982721825, -1.13648719e-005, 0.185088666, 0.185088666, 2.39866553e-006, -0.982721825, 1.07245419e-005, 1, 4.46072996e-006, 0.982721827, -1.05854051e-005, 0.185088658, 0.185088658, 1.22317697e-005, -0.982721827, 8.13854682e-006, 1, 1.39796655e-005, 0, 0, 0, 0, 0, 0, 0, 0.141684351, 0.138147778, 0.141511353, -0.301364049, 0.718570198, 0.626634594, -0.369262695, -0.693847656, 0.618164062, 0.879134318, -0.0452168152, 0.474588181, 0, 0, 0, 0, 0, 0, 0, 0.194953418, 0.133628369, 0.119097412, -0.739422649, 0.508121997, -0.441494915, 0.0491943359, -0.61315918, -0.788208008, -0.671300197, -0.604617894, 0.428488559, 0, 2, 5, 1, 
206.397092, 29, 0.1, 0.1, 0.0286974856, 0.350772355, -0.0349680091, 0.982721794, -4.04456681e-006, 0.185088832, 0.185088832, -7.61206696e-006, -0.982721794, 5.38359253e-006, 1, -6.73193995e-006, 0.982721801, 5.53447024e-006, 0.185088795, 0.185088795, -1.58214749e-005, -0.982721801, -2.51046683e-006, 1, -1.65724767e-005, 0, 0, 0, 0, 0, 0, 0, 0.141684351, 0.138147778, 0.141511353, -0.301364049, 0.718570198, 0.626634594, -0.369262695, -0.693847656, 0.618164062, 0.879134318, -0.0452168152, 0.474588181, 0, 0, 0, 0, 0, 0, 0, 0.194953418, 0.133628369, 0.119097412, -0.739422649, 0.508121997, -0.441494915, 0.0491943359, -0.61315918, -0.788208008, -0.671300197, -0.604617894, 0.428488559, 0, 2, 5, 1, 
206.397805, 29, 0.1, 0.1, 0.0286974863, 0.35077235, -0.0349696154, 0.982721794, 3.30381947e-006, 0.185088829, 0.185088829, 8.95952099e-006, -0.982721794, -4.90504264e-006, 1, 8.19321647e-006, 0.982721791, 4.15381141e-006, 0.185088846, 0.185088846, 1.83522692e-005, -0.982721791, -7.47884131e-006, 1, 1.72663507e-005, 0, 0, 0, 0, 0, 0, 0, 0.141684351, 0.138147778, 0.141511353, -0.301364049, 0.718570198, 0.626634594, -0.369262695, -0.693847656, 0.618164062, 0.879134318, -0.0452168152, 0.474588181, 0, 0, 0, 0, 0, 0, 0, 0.194953418, 0.133628369, 0.119097412, -0.739422649, 0.508121997, -0.441494915, 0.0491943359, -0.61315918, -0.788208008, -0.671300197, -0.604617894, 0.428488559, 0, 2, 5, 1, 
206.39855, 29, 0.1, 0.1, 0.0286974857, 0.350772355, -0.0349705496, 0.982721804, 8.50006959e-006, 0.185088776, 0.185088776, -4.16156276e-006, -0.982721804, -7.58294516e-006, 1, -5.66292594e-006, 0.982721805, 7.74359403e-006, 0.18508877, 0.185088771, -1.33761606e-005, -0.982721805, -5.13402159e-006, 1, -1.4578297e-005, 0, 0, 0, 0, 0, 0, 0, 0.141878418, 0.138284375, 0.140229736, -0.30194779, 0.721053061, 0.623404361, -0.368286133, -0.69140625, 0.621459961, 0.879350366, -0.0420258959, 0.47448184, 0, 0, 0, 0, 0, 0, 0, 0.195275293, 0.133345068, 0.117623291, -0.737225027, 0.506186501, -0.447258026, 0.0515136719, -0.617919922, -0.784423828, -0.673524072, -0.601384527, 0.42960123, 0, 2, 5, 1, 
206.399247, 29, 0.1, 0.1, 0.0286974869, 0.350772351, -0.034970982, 0.982721778, 3.24116208e-006, 0.185088915, 0.185088915, 6.20384375e-006, -0.982721778, -4.33342327e-006, 1, 5.49674919e-006, 0.982721784, -5.94339795e-006, 0.185088883, 0.185088883, 1.35573165e-005, -0.982721784, 3.33139806e-006, 1, 1.44231272e-005, 0, 0, 0, 0, 0, 0, 0, 0.141878418, 0.138284375, 0.140229736, -0.30194779, 0.721053061, 0.623404361, -0.368286133, -0.69140625, 0.621459961, 0.879350366, -0.0420258959, 0.47448184, 0, 0, 0, 0, 0, 0, 0, 0.195275293, 0.133345068, 0.117623291, -0.737225027, 0.506186501, -0.447258026, 0.0515136719, -0.617919922, -0.784423828, -0.673524072, -0.601384527, 0.42960123, 0, 2, 5, 1, 
206.399938, 29, 0.1, 0.1, 0.0286974867, 0.350772355, -0.0349709986, 0.982721781, -3.29497878e-006, 0.185088902, 0.185088902, -6.2589379e-006, -0.982721781, 4.39650736e-006, 1, -5.5409306e-006, 0.982721778, -4.23147157e-006, 0.185088918, 0.185088918, -1.52913427e-005, -0.982721778, 6.98861733e-006, 1, -1.42439369e-005, 0, 0, 0, 0, 0, 0, 0, 0.141878418, 0.138284375, 0.140229736, -0.30194779, 0.721053061, 0.623404361, -0.368286133, -0.69140625, 0.621459961, 0.879350366, -0.0420258959, 0.47448184, 0, 0, 0, 0, 0, 0, 0, 0.195275293, 0.133345068, 0.117623291, -0.737225027, 0.506186501, -0.447258026, 0.0515136719, -0.617919922, -0.784423828, -0.673524072, -0.601384527, 0.42960123, 0, 2, 5, 1, 
206.400665, 29, 0.1, 0.1, 0.0286974876, 0.35077235, -0.0349703589, 0.982721791, -8.35134845e-006, 0.185088849, 0.185088849, 5.02970046e-006, -0.982721791, 7.27611063e-006, 1, 6.48853771e-006, 0.982721792, -7.81124657e-006, 0.185088844, 0.185088844, 1.42058501e-005, -0.982721792, 5.04693784e-006, 1, 1.54061731e-005, 0, 0, 0, 0, 0, 0, 0, 0.141878418, 0.138284375, 0.140229736, -0.30194779, 0.721053061, 0.623404361, -0.368286133, -0.69140625, 0.621459961, 0.879350366, -0.0420258959, 0.47448184, 0, 0, 0, 0, 0, 0, 0, 0.195275293, 0.133345068, 0.117623291, -0.737225027, 0.506186501, -0.447258026, 0.0515136719, -0.617919922, -0.784423828, -0.673524072, -0.601384527, 0.42960123, 0, 2, 5, 1, 
206.401366, 29, 0.1, 0.1, 0.0286974865, 0.350772354, -0.0349694377, 0.982721765, -2.67703985e-006, 0.185088988, 0.185088988, -4.21677348e-006, -0.982721765, 3.41126366e-006, 1, -3.64842448e-006, 0.98272177, 6.81313579e-006, 0.185088956, 0.185088956, -1.20211588e-005, -0.98272177, -4.47043313e-006, 1, -1.30744907e-005, 0, 0, 0, 0, 0, 0, 0, 0.141878418, 0.138284375, 0.140229736, -0.30194779, 0.721053061, 0.623404361, -0.368286133, -0.69140625, 0.621459961, 0.879350366, -0.0420258959, 0.47448184, 0, 0, 0, 0, 0, 0, 0, 0.195275293, 0.133345068, 0.117623291, -0.737225027, 0.506186501, -0.447258026, 0.0515136719, -0.617919922, -0.784423828, -0.673524072, -0.601384527, 0.42960123, 0, 2, 5, 1, 
206.40206, 29, 0.1, 0.1, 0.0286974866, 0.350772349, -0.0349686066, 0.982721769, 4.96672435e-006, 0.185088966, 0.185088966, 8.46432947e-006, -0.982721769, -6.44756212e-006, 1, 7.39879495e-006, 0.982721765, 5.93622962e-006, 0.185088986, 0.185088986, 1.84386059e-005, -0.982721765, -9.24644491e-006, 1, 1.70212886e-005, 0, 0, 0, 0, 0, 0, 0, 0.141878418, 0.138284375, 0.140229736, -0.30194779, 0.721053061, 0.623404361, -0.368286133, -0.69140625, 0.621459961, 0.879350366, -0.0420258959, 0.47448184, 0, 0, 0, 0, 0, 0, 0, 0.195275293, 0.133345068, 0.117623291, -0.737225027, 0.506186501, -0.447258026, 0.0515136719, -0.617919922, -0.784423828, -0.673524072, -0.601384527, 0.42960123, 0, 2, 5, 1, 
206.402826, 29, 0.1, 0.1, 0.0286974855, 0.350772355, -0.0349675315, 0.982721782, 9.77780214e-006, 0.185088894, 0.185088894, -4.76037921e-006, -0.982721782, -8.72776582e-006, 1, -6.48789093e-006, 0.982721783, 9.07688755e-006, 0.185088888, 0.185088889, -1.64979555e-005, -0.982721783, -5.86646687e-006, 1, -1.78929313e-005, 0, 0, 0, 0, 0, 0, 0, 0.141878418, 0.138284375, 0.140229736, -0.30194779, 0.721053061, 0.623404361, -0.368286133, -0.69140625, 0.621459961, 0.879350366, -0.0420258959, 0.47448184, 0, 0, 0, 0, 0, 0, 0, 0.195275293, 0.133345068, 0.117623291, -0.737225027, 0.506186501, -0.447258026, 0.0515136719, -0.617919922, -0.784423828, -0.673524072, -0.601384527, 0.42960123, 0, 2, 5, 1, 
206.403558, 29, 0.1, 0.1, 0.0286974877, 0.350772349, -0.0349664069, 0.98272175, 1.15563071e-006, 0.185089066, 0.185089066, 7.48534946e-006, -0.98272175, -2.52111977e-006, 1, 7.14212111e-006, 0.982721757, -9.21881399e-006, 0.185089028, 0.185089028, 1.64131152e-005, -0.982721757, 6.02164155e-006, 1, 1.78358267e-005, 0, 0, 0, 0, 0, 0, 0, 0.142406934, 0.137813867, 0.138928467, -0.300342221, 0.724899236, 0.61979333, -0.369384766, -0.6875, 0.62512207, 0.879343252, -0.0411519669, 0.47431222, 0, 0, 0, 0, 0, 0, 0, 0.195836768, 0.132905176, 0.116380713, -0.734599401, 0.505037017, -0.452899736, 0.0531005859, -0.622680664, -0.780517578, -0.676316675, -0.597454833, 0.43072666, 0, 2, 5, 1, 
206.404251, 29, 0.1, 0.1, 0.0286974882, 0.350772355, -0.0349663932, 0.982721752, -6.23758243e-006, 0.185089055, 0.185089055, -9.57844913e-006, -0.982721752, 7.90267403e-006, 1, -8.25844207e-006, 0.982721748, -7.36706296e-006, 0.185089074, 0.185089073, -1.9743693e-005, -0.982721748, 1.08941148e-005, 1, -1.80389936e-005, 0, 0, 0, 0, 0, 0, 0, 0.142406934, 0.137813867, 0.138928467, -0.300342221, 0.724899236, 0.61979333, -0.369384766, -0.6875, 0.62512207, 0.879343252, -0.0411519669, 0.47431222, 0, 0, 0, 0, 0, 0, 0, 0.195836768, 0.132905176, 0.116380713, -0.734599401, 0.505037017, -0.452899736, 0.0531005859, -0.622680664, -0.780517578, -0.676316675, -0.597454833, 0.43072666, 0, 2, 5, 1, 
206.404947, 29, 0.1, 0.1, 0.02869749, 0.350772351, -0.0349673489, 0.982721763, -1.11312584e-005, 0.185088998, 0.185088998, 3.10349317e-006, -0.982721763, 1.03645075e-005, 1, 5.11014375e-006, 0.982721764, -1.04455602e-005, 0.185088993, 0.185088993, 1.3111998e-005, -0.982721763, 7.83819279e-006, 1, 1.4818804e-005, 0, 0, 0, 0, 0, 0, 0, 0.142406934, 0.137813867, 0.138928467, -0.300342221, 0.724899236, 0.61979333, -0.369384766, -0.6875, 0.62512207, 0.879343252, -0.0411519669, 0.47431222, 0, 0, 0, 0, 0, 0, 0, 0.195836768, 0.132905176, 0.116380713, -0.734599401, 0.505037017, -0.452899736, 0.0531005859, -0.622680664, -0.780517578, -0.676316675, -0.597454833, 0.43072666, 0, 2, 5, 1, 
206.405709, 29, 0.1, 0.1, 0.0286974883, 0.350772357, -0.0349683816, 0.982721729, -1.43002453e-006, 0.185089177, 0.185089177, -9.95959796e-006, -0.982721729, 3.24872997e-006, 1, -9.52283127e-006, 0.982721736, 8.34234521e-006, 0.185089138, 0.185089138, -1.83541152e-005, -0.982721736, -4.80105659e-006, 1, -1.95810655e-005, 0, 0, 0, 0, 0, 0, 0, 0.142406934, 0.137813867, 0.138928467, -0.300342221, 0.724899236, 0.61979333, -0.369384766, -0.6875, 0.62512207, 0.879343252, -0.0411519669, 0.47431222, 0, 0, 0, 0, 0, 0, 0, 0.195836768, 0.132905176, 0.116380713, -0.734599401, 0.505037017, -0.452899736, 0.0531005859, -0.622680664, -0.780517578, -0.676316675, -0.597454833, 0.43072666, 0, 2, 5, 1, 
206.406402, 29, 0.1, 0.1, 0.0286974882, 0.350772353, -0.0349694493, 0.982721729, 5.50635176e-006, 0.185089178, 0.185089178, 7.11584492e-006, -0.982721729, -6.72827741e-006, 1, 5.9737293e-006, 0.982721726, 6.46171451e-006, 0.185089193, 0.185089193, 1.60087879e-005, -0.982721726, -9.31312086e-006, 1, 1.45361901e-005, 0, 0, 0, 0, 0, 0, 0, 0.142406934, 0.137813867, 0.138928467, -0.300342221, 0.724899236, 0.61979333, -0.369384766, -0.6875, 0.62512207, 0.879343252, -0.0411519669, 0.47431222, 0, 0, 0, 0, 0, 0, 0, 0.195836768, 0.132905176, 0.116380713, -0.734599401, 0.505037017, -0.452899736, 0.0531005859, -0.622680664, -0.780517578, -0.676316675, -0.597454833, 0.43072666, 0, 2, 5, 1, 
206.407095, 29, 0.1, 0.1, 0.028697487, 0.350772357, -0.0349705494, 0.982721737, 9.31033627e-006, 0.185089134, 0.185089134, -2.42098559e-006, -0.982721737, -8.70137171e-006, 1, -4.10239724e-006, 0.982721738, 8.82185509e-006, 0.185089129, 0.185089129, -1.16816005e-005, -0.982721738, -6.50729151e-006, 1, -1.31125922e-005, 0, 0, 0, 0, 0, 0, 0, 0.142406934, 0.137813867, 0.138928467, -0.300342221, 0.724899236, 0.61979333, -0.369384766, -0.6875, 0.62512207, 0.879343252, -0.0411519669, 0.47431222, 0, 0, 0, 0, 0, 0, 0, 0.195836768, 0.132905176, 0.116380713, -0.734599401, 0.505037017, -0.452899736, 0.0531005859, -0.622680664, -0.780517578, -0.676316675, -0.597454833, 0.43072666, 0, 2, 5, 1, 
206.407828, 29, 0.1, 0.1, 0.0286974882, 0.350772352, -0.0349711908, 0.982721709, 3.38005628e-006, 0.185089282, 0.185089282, 7.66748088e-006, -0.982721709, -4.74082322e-006, 1, 6.90938772e-006, 0.982721716, -6.60493311e-006, 0.185089246, 0.185089246, 1.59330316e-005, -0.982721716, 3.5417784e-006, 1, 1.68802383e-005, 0, 0, 0, 0, 0, 0, 0, 0.142406934, 0.137813867, 0.138928467, -0.300342221, 0.724899236, 0.61979333, -0.369384766, -0.6875, 0.62512207, 0.879343252, -0.0411519669, 0.47431222, 0, 0, 0, 0, 0, 0, 0, 0.195836768, 0.132905176, 0.116380713, -0.734599401, 0.505037017, -0.452899736, 0.0531005859, -0.622680664, -0.780517578, -0.676316675, -0.597454833, 0.43072666, 0, 2, 5, 1, 
206.408561, 29, 0.1, 0.1, 0.0286974879, 0.350772357, -0.0349705481, 0.982721714, -4.22793995e-006, 0.185089258, 0.185089258, -7.22831808e-006, -0.982721714, 5.49277242e-006, 1, -6.32087886e-006, 0.98272171, -4.94941153e-006, 0.185089278, 0.185089278, -1.65341806e-005, -0.98272171, 7.92419372e-006, 1, -1.53324153e-005, 0, 0, 0, 0, 0, 0, 0, 0.143062036, 0.137151978, 0.136963208, -0.296362375, 0.729367344, 0.616466495, -0.368530273, -0.682739258, 0.630737305, 0.881061153, -0.0402529506, 0.471254973, 0, 0, 0, 0, 0, 0, 0, 0.196344043, 0.132217139, 0.114401904, -0.733219507, 0.503523329, -0.456777657, 0.052734375, -0.627685547, -0.776611328, -0.677767298, -0.593563419, 0.43375587, 0, 2, 5, 1, 
206.409262, 29, 0.1, 0.1, 0.0286974894, 0.350772353, -0.0349696911, 0.982721727, -9.97582658e-006, 0.18508919, 0.18508919, 4.11244838e-006, -0.982721727, 9.04229178e-006, 1, 5.88781004e-006, 0.982721727, -9.19940912e-006, 0.185089187, 0.185089188, 1.37343929e-005, -0.982721727, 6.49837161e-006, 1, 1.51997974e-005, 0, 0, 0, 0, 0, 0, 0, 0.143062036, 0.137151978, 0.136963208, -0.296362375, 0.729367344, 0.616466495, -0.368530273, -0.682739258, 0.630737305, 0.881061153, -0.0402529506, 0.471254973, 0, 0, 0, 0, 0, 0, 0, 0.196344043, 0.132217139, 0.114401904, -0.733219507, 0.503523329, -0.456777657, 0.052734375, -0.627685547, -0.776611328, -0.677767298, -0.593563419, 0.43375587, 0, 2, 5, 1, 
206.409954, 29, 0.1, 0.1, 0.0286974887, 0.350772357, -0.0349688732, 0.982721703, -4.37276953e-006, 0.185089316, 0.185089316, -4.48809067e-006, -0.982721703, 5.12791315e-006, 1, -3.60119118e-006, 0.982721708, 5.16620249e-006, 0.185089286, 0.185089286, -1.24702857e-005, -0.982721708, -2.76882305e-006, 1, -1.32110292e-005, 0, 0, 0, 0, 0, 0, 0, 0.143062036, 0.137151978, 0.136963208, -0.296362375, 0.729367344, 0.616466495, -0.368530273, -0.682739258, 0.630737305, 0.881061153, -0.0402529506, 0.471254973, 0, 0, 0, 0, 0, 0, 0, 0.196344043, 0.132217139, 0.114401904, -0.733219507, 0.503523329, -0.456777657, 0.052734375, -0.627685547, -0.776611328, -0.677767298, -0.593563419, 0.43375587, 0, 2, 5, 1, 
206.410737, 29, 0.1, 0.1, 0.028697489, 0.35077235, -0.0349674593, 0.982721715, 6.06065928e-006, 0.185089252, 0.185089252, 1.09555492e-005, -0.982721715, -7.98369589e-006, 1, 9.64449325e-006, 0.982721709, 7.10291081e-006, 0.185089281, 0.18508928, 2.15479234e-005, -0.982721709, -1.09684743e-005, 1, 1.98609395e-005, 0, 0, 0, 0, 0, 0, 0, 0.143480811, 0.136928271, 0.135581738, -0.296857749, 0.733582334, 0.611174633, -0.369995117, -0.678344727, 0.634643555, 0.880274469, -0.0378307411, 0.472958265, 0, 0, 0, 0, 0, 0, 0, 0.196913818, 0.131875732, 0.1127896, -0.73047248, 0.500738022, -0.464259714, 0.0570068359, -0.63269043, -0.772216797, -0.680547141, -0.59041937, 0.43370593, 0, 2, 5, 1, 
206.411428, 29, 0.1, 0.1, 0.0286974874, 0.350772354, -0.0349666183, 0.982721735, 1.16075655e-005, 0.185089146, 0.185089146, -3.58859736e-006, -0.982721735, -1.07427965e-005, 1, -5.67502702e-006, 0.982721734, 1.09067234e-005, 0.18508915, 0.185089151, -1.32532145e-005, -0.982721734, -8.26524789e-006, 1, -1.50429381e-005, 0, 0, 0, 0, 0, 0, 0, 0.143480811, 0.136928271, 0.135581738, -0.296857749, 0.733582334, 0.611174633, -0.369995117, -0.678344727, 0.634643555, 0.880274469, -0.0378307411, 0.472958265, 0, 0, 0, 0, 0, 0, 0, 0.196913818, 0.131875732, 0.1127896, -0.73047248, 0.500738022, -0.464259714, 0.0570068359, -0.63269043, -0.772216797, -0.680547141, -0.59041937, 0.43370593, 0, 2, 5, 1, 
206.41212, 29, 0.1, 0.1, 0.0286974882, 0.35077235, -0.034966774, 0.982721715, 4.36010723e-006, 0.185089253, 0.185089253, 5.25256717e-006, -0.982721715, -5.25696578e-006, 1, 4.35480283e-006, 0.98272172, -5.63052491e-006, 0.185089226, 0.185089226, 1.39505596e-005, -0.98272172, 2.95114084e-006, 1, 1.47516674e-005, 0, 0, 0, 0, 0, 0, 0, 0.143480811, 0.136928271, 0.135581738, -0.296857749, 0.733582334, 0.611174633, -0.369995117, -0.678344727, 0.634643555, 0.880274469, -0.0378307411, 0.472958265, 0, 0, 0, 0, 0, 0, 0, 0.196913818, 0.131875732, 0.1127896, -0.73047248, 0.500738022, -0.464259714, 0.0570068359, -0.63269043, -0.772216797, -0.680547141, -0.59041937, 0.43370593, 0, 2, 5, 1, 
206.412855, 29, 0.1, 0.1, 0.0286974882, 0.350772356, -0.0349676593, 0.982721727, -5.02269697e-006, 0.185089185, 0.185089185, -1.03851678e-005, -0.982721727, 6.85809569e-006, 1, -9.27608315e-006, 0.982721721, -5.90672838e-006, 0.185089217, 0.185089217, -2.12609568e-005, -0.982721721, 9.73984414e-006, 1, -1.98003323e-005, 0, 0, 0, 0, 0, 0, 0, 0.143480811, 0.136928271, 0.135581738, -0.296857749, 0.733582334, 0.611174633, -0.369995117, -0.678344727, 0.634643555, 0.880274469, -0.0378307411, 0.472958265, 0, 0, 0, 0, 0, 0, 0, 0.196913818, 0.131875732, 0.1127896, -0.73047248, 0.500738022, -0.464259714, 0.0570068359, -0.63269043, -0.772216797, -0.680547141, -0.59041937, 0.43370593, 0, 2, 5, 1, 
206.413562, 29, 0.1, 0.1, 0.0286974897, 0.350772352, -0.0349685913, 0.982721749, -1.06193166e-005, 0.185089071, 0.185089071, 3.60081134e-006, -0.982721749, 9.76936252e-006, 1, 5.50411505e-006, 0.982721748, -9.72500437e-006, 0.185089076, 0.185089076, 1.31383379e-005, -0.982721748, 7.12521046e-006, 1, 1.47113225e-005, 0, 0, 0, 0, 0, 0, 0, 0.143480811, 0.136928271, 0.135581738, -0.296857749, 0.733582334, 0.611174633, -0.369995117, -0.678344727, 0.634643555, 0.880274469, -0.0378307411, 0.472958265, 0, 0, 0, 0, 0, 0, 0, 0.196913818, 0.131875732, 0.1127896, -0.73047248, 0.500738022, -0.464259714, 0.0570068359, -0.63269043, -0.772216797, -0.680547141, -0.59041937, 0.43370593, 0, 2, 5, 1, 
206.414256, 29, 0.1, 0.1, 0.0286974892, 0.350772357, -0.0349697949, 0.982721731, -4.50649253e-006, 0.185089163, 0.185089163, -6.95861756e-006, -0.982721731, 5.71659285e-006, 1, -6.00428177e-006, 0.982721736, 4.82021587e-006, 0.18508914, 0.18508914, -1.46104454e-005, -0.982721736, -2.03269613e-006, 1, -1.52501719e-005, 0, 0, 0, 0, 0, 0, 0, 0.143480811, 0.136928271, 0.135581738, -0.296857749, 0.733582334, 0.611174633, -0.369995117, -0.678344727, 0.634643555, 0.880274469, -0.0378307411, 0.472958265, 0, 0, 0, 0, 0, 0, 0, 0.196913818, 0.131875732, 0.1127896, -0.73047248, 0.500738022, -0.464259714, 0.0570068359, -0.63269043, -0.772216797, -0.680547141, -0.59041937, 0.43370593, 0, 2, 5, 1, 
206.414946, 29, 0.1, 0.1, 0.0286974902, 0.350772352, -0.0349709182, 0.982721742, 2.09764925e-006, 0.185089107, 0.185089107, 7.59219961e-006, -0.982721742, -3.46663897e-006, 1, 7.0727676e-006, 0.982721737, 2.95320003e-006, 0.185089132, 0.185089132, 1.63468296e-005, -0.982721737, -5.92779437e-006, 1, 1.55177795e-005, 0, 0, 0, 0, 0, 0, 0, 0.143480811, 0.136928271, 0.135581738, -0.296857749, 0.733582334, 0.611174633, -0.369995117, -0.678344727, 0.634643555, 0.880274469, -0.0378307411, 0.472958265, 0, 0, 0, 0, 0, 0, 0, 0.196913818, 0.131875732, 0.1127896, -0.73047248, 0.500738022, -0.464259714, 0.0570068359, -0.63269043, -0.772216797, -0.680547141, -0.59041937, 0.43370593, 0, 2, 5, 1, 
