time, trialNum, realDorsalTactorPos, realVentralTactorPos, boxPosX, boxPosY, boxPosZ, boxLocalRot_11, boxLocalRot_12, boxLocalRot_13, boxLocalRot_21, boxLocalRot_22, boxLocalRot_23, boxLocalRot_31, boxLocalRot_32, boxLocalRot_33, boxGlobalRot_11, boxGlobalRot_12, boxGlobalRot_13, boxGlobalRot_21, boxGlobalRot_22, boxGlobalRot_23, boxGlobalRot_31, boxGlobalRot_32, boxGlobalRot_33, indexForceX, indexForceY, indexForceZ, indexForceGlobalX, indexForceGlobalY, indexForceGlobalZ, indexContact, indexPosX, indexPosY, indexPosZ, indexRot_11, indexRot_12, indexRot_13, indexRot_21, indexRot_22, indexRot_23, indexRot_31, indexRot_32, indexRot_33, thumbForceX, thumbForceY, thumbForceZ, thumbForceGlobalX, thumbForceGlobalY, thumbForceGlobalZ, thumbContact, thumbPosX, thumbPosY, thumbPosZ, thumbRot_11, thumbRot_12, thumbRot_13, thumbRot_21, thumbRot_22, thumbRot_23, thumbRot_31, thumbRot_32, thumbRot_33, manipForceTooHigh, cceExpType, mapping, trialSuccess, 
264.682604, 41, 0.1, 0.1, 0.0311434668, 0.335860605, -0.0349759357, 0.937730344, -1.9813443e-005, 0.347364075, 0.347364075, 6.45826985e-007, -0.937730345, 1.83553296e-005, 1, 7.48808986e-006, 0.937730345, -2.46010343e-005, 0.347364074, 0.347364074, 7.07396992e-007, -0.937730345, 2.28234121e-005, 1, 9.20886312e-006, 0, 0, 0, 0, 0, 0, 0, 0.152516577, 0.150494604, 0.147872998, -0.724332193, 0.517211508, 0.455569766, -0.567626953, -0.822631836, 0.0314941406, 0.391198106, -0.235790213, 0.88963727, 0, 0, -0, 0, 0, 0, 0, 0.248627881, 0.165449365, 0.152120996, -0.249206173, 0.910292521, -0.330186969, 0.288085938, -0.255859375, -0.922729492, -0.924546518, -0.324963668, -0.198442824, 0, 2, 5, 1, 
264.687591, 41, 0.1, 0.1, 0.0311434468, 0.33586061, -0.0349879266, 0.937730798, 9.1717416e-005, 0.347362838, 0.347362842, -3.19318685e-005, -0.937730801, -7.49143015e-005, 0.999999995, -6.18027189e-005, 0.937730778, 7.37279038e-005, 0.347362898, 0.347362901, -2.12752478e-005, -0.937730779, -6.17466929e-005, 0.999999997, -4.55607932e-005, 0, 0, 0, 0, 0, 0, 0, 0.152495435, 0.150541455, 0.147275146, -0.72892199, 0.513689965, 0.452505405, -0.564086914, -0.825073242, 0.0281982422, 0.387970117, -0.234614496, 0.891358537, 0, 0, -0, 0, 0, 0, 0, 0.248946338, 0.16597373, 0.152384521, -0.250189779, 0.910669119, -0.328341525, 0.294677734, -0.251342773, -0.921875, -0.922195045, -0.32737894, -0.20549068, 0, 2, 5, 1, 
264.688286, 41, 0.1, 0.1, 0.0311434091, 0.335860629, -0.034988346, 0.937730917, 0.000106337329, 0.347362514, 0.347362521, -5.96837682e-005, -0.937730919, -7.89838972e-005, 0.999999993, -9.29049172e-005, 0.937730891, 0.000110883695, 0.347362582, 0.34736259, -5.95859008e-005, -0.937730893, -8.32811538e-005, 0.999999992, -9.43923873e-005, 0, 0, 0, 0, 0, 0, 0, 0.152495435, 0.150541455, 0.147275146, -0.72892199, 0.513689965, 0.452505405, -0.564086914, -0.825073242, 0.0281982422, 0.387970117, -0.234614496, 0.891358537, 0, 0, -0, 0, 0, 0, 0, 0.248835498, 0.166316455, 0.152094873, -0.250189779, 0.910669119, -0.328341525, 0.294677734, -0.251342773, -0.921875, -0.922195045, -0.32737894, -0.20549068, 0, 2, 5, 1, 
264.688978, 41, 0.1, 0.1, 0.0311433854, 0.335860643, -0.03498332, 0.937731031, 3.3273726e-005, 0.34736222, 0.347362221, -1.44061778e-005, -0.937731032, -2.61976435e-005, 0.999999999, -2.50671553e-005, 0.937731013, 5.46953672e-005, 0.347362267, 0.347362269, -2.86460669e-005, -0.937731013, -4.13389793e-005, 0.999999998, -4.58614121e-005, 0, 0, 0, 0, 0, 0, 0, 0.152495435, 0.150541455, 0.147275146, -0.72892199, 0.513689965, 0.452505405, -0.564086914, -0.825073242, 0.0281982422, 0.387970117, -0.234614496, 0.891358537, 0, 0, -0, 0, 0, 0, 0, 0.248835498, 0.166316455, 0.152094873, -0.250189779, 0.910669119, -0.328341525, 0.294677734, -0.251342773, -0.921875, -0.922195045, -0.32737894, -0.20549068, 0, 2, 5, 1, 
264.689698, 41, 0.1, 0.1, 0.0311434001, 0.335860633, -0.034974301, 0.937731107, -7.35239482e-005, 0.34736201, 0.347362013, 4.70528171e-005, -0.937731107, 5.26013322e-005, 0.999999996, 6.96623169e-005, 0.937731091, -6.23999594e-005, 0.347362056, 0.347362059, 4.13184036e-005, -0.937731091, 4.41619363e-005, 0.999999997, 6.042093e-005, 0, 0, 0, 0, 0, 0, 0, 0.152495435, 0.150541455, 0.147275146, -0.72892199, 0.513689965, 0.452505405, -0.564086914, -0.825073242, 0.0281982422, 0.387970117, -0.234614496, 0.891358537, 0, 0, -0, 0, 0, 0, 0, 0.248835498, 0.166316455, 0.152094873, -0.250189779, 0.910669119, -0.328341525, 0.294677734, -0.251342773, -0.921875, -0.922195045, -0.32737894, -0.20549068, 0, 2, 5, 1, 
264.690405, 41, 0.1, 0.1, 0.031143418, 0.335860623, -0.034964629, 0.937731164, -1.26696733e-005, 0.347361862, 0.347361862, 4.3511357e-006, -0.937731165, 1.03693289e-005, 1, 8.48115684e-006, 0.937731157, -3.97503135e-005, 0.34736188, 0.347361881, 2.12511767e-005, -0.937731157, 2.98932588e-005, 0.999999999, 3.37356341e-005, 0, 0, 0, 0, 0, 0, 0, 0.152495435, 0.150541455, 0.147275146, -0.72892199, 0.513689965, 0.452505405, -0.564086914, -0.825073242, 0.0281982422, 0.387970117, -0.234614496, 0.891358537, 0, 0, -0, 0, 0, 0, 0, 0.248835498, 0.166316455, 0.152094873, -0.250189779, 0.910669119, -0.328341525, 0.294677734, -0.251342773, -0.921875, -0.922195045, -0.32737894, -0.20549068, 0, 2, 5, 1, 
264.691099, 41, 0.1, 0.1, 0.0311433993, 0.335860636, -0.0349575154, 0.937731196, 6.06081542e-005, 0.347361771, 0.347361774, -4.04041279e-005, -0.937731196, -4.27993075e-005, 0.999999997, -5.89411672e-005, 0.937731189, 6.64337482e-005, 0.34736179, 0.347361793, -4.31546468e-005, -0.937731189, -4.73067223e-005, 0.999999997, -6.35440042e-005, 0, 0, 0, 0, 0, 0, 0, 0.152495435, 0.150541455, 0.147275146, -0.72892199, 0.513689965, 0.452505405, -0.564086914, -0.825073242, 0.0281982422, 0.387970117, -0.234614496, 0.891358537, 0, 0, -0, 0, 0, 0, 0, 0.248835498, 0.166316455, 0.152094873, -0.250189779, 0.910669119, -0.328341525, 0.294677734, -0.251342773, -0.921875, -0.922195045, -0.32737894, -0.20549068, 0, 2, 5, 1, 
264.691795, 41, 0.1, 0.1, 0.0311434017, 0.335860637, -0.0349544953, 0.937731224, -5.05249235e-005, 0.347361697, 0.347361698, 2.16141266e-005, -0.937731225, 3.98708787e-005, 0.999999998, 3.78186647e-005, 0.937731218, -3.91092167e-005, 0.347361715, 0.347361716, 1.33938279e-005, -0.937731219, 3.20214304e-005, 0.999999999, 2.61448552e-005, 0, 0, 0, 0, 0, 0, 0, 0.152495435, 0.150541455, 0.147275146, -0.72892199, 0.513689965, 0.452505405, -0.564086914, -0.825073242, 0.0281982422, 0.387970117, -0.234614496, 0.891358537, 0, 0, -0, 0, 0, 0, 0, 0.248835498, 0.166316455, 0.152094873, -0.250189779, 0.910669119, -0.328341525, 0.294677734, -0.251342773, -0.921875, -0.922195045, -0.32737894, -0.20549068, 0, 2, 5, 1, 
264.692558, 41, 0.1, 0.1, 0.0311434049, 0.335860634, -0.0349556043, 0.937731275, 3.80572029e-005, 0.34736156, 0.347361561, -7.65519774e-006, -0.937731276, -3.3028308e-005, 0.999999999, -2.03981277e-005, 0.937731266, 1.94211737e-005, 0.347361586, 0.347361586, -6.29523228e-008, -0.937731267, -1.81899746e-005, 1, -6.80520205e-006, 0, 0, 0, 0, 0, 0, 0, 0.152653125, 0.150572461, 0.146927026, -0.730090594, 0.514198444, 0.449986594, -0.563842773, -0.825195313, 0.0283203125, 0.386054142, -0.232964744, 0.892622621, 0, 0, -0, 0, 0, 0, 0, 0.249024072, 0.166261279, 0.152020166, -0.250847826, 0.91016419, -0.32943414, 0.295410156, -0.252075195, -0.921386719, -0.921773238, -0.328413952, -0.205605518, 0, 2, 5, 1, 
264.693257, 41, 0.1, 0.1, 0.031143397, 0.335860636, -0.0349603985, 0.937731312, -1.89760734e-005, 0.347361463, 0.347361463, 3.5005027e-006, -0.937731312, 1.65785184e-005, 1, 9.87408759e-006, 0.937731314, 6.32404213e-006, 0.347361459, 0.347361459, 4.091169e-006, -0.937731314, -7.35136676e-006, 1, 1.63968878e-006, 0, 0, 0, 0, 0, 0, 0, 0.152653125, 0.150572461, 0.146927026, -0.730090594, 0.514198444, 0.449986594, -0.563842773, -0.825195313, 0.0283203125, 0.386054142, -0.232964744, 0.892622621, 0, 0, -0, 0, 0, 0, 0, 0.249024072, 0.166261279, 0.152020166, -0.250847826, 0.91016419, -0.32943414, 0.295410156, -0.252075195, -0.921386719, -0.921773238, -0.328413952, -0.205605518, 0, 2, 5, 1, 
264.69396, 41, 0.1, 0.1, 0.0311434082, 0.335860641, -0.0349675961, 0.937731241, -2.06534274e-005, 0.347361655, 0.347361655, -1.48415909e-005, -0.937731241, 2.45227637e-005, 1, -6.74321468e-006, 0.937731262, -3.17803662e-005, 0.347361596, 0.347361596, -2.04474664e-005, -0.937731263, 3.69041075e-005, 0.999999999, -8.13494979e-006, 0, 0, 0, 0, 0, 0, 0, 0.152653125, 0.150572461, 0.146927026, -0.730090594, 0.514198444, 0.449986594, -0.563842773, -0.825195313, 0.0283203125, 0.386054142, -0.232964744, 0.892622621, 0, 0, -0, 0, 0, 0, 0, 0.249024072, 0.166261279, 0.152020166, -0.250847826, 0.91016419, -0.32943414, 0.295410156, -0.252075195, -0.921386719, -0.921773238, -0.328413952, -0.205605518, 0, 2, 5, 1, 
264.694685, 41, 0.1, 0.1, 0.0311434004, 0.335860634, -0.0349747643, 0.937731127, 3.72471902e-005, 0.347361961, 0.34736196, 3.19542686e-005, -0.937731127, -4.60275471e-005, 0.999999999, 1.70262553e-005, 0.937731144, 3.2210575e-005, 0.347361915, 0.347361914, 3.31043453e-005, -0.937731145, -4.17040481e-005, 0.999999999, 1.98542487e-005, 0, 0, 0, 0, 0, 0, 0, 0.152653125, 0.150572461, 0.146927026, -0.730090594, 0.514198444, 0.449986594, -0.563842773, -0.825195313, 0.0283203125, 0.386054142, -0.232964744, 0.892622621, 0, 0, -0, 0, 0, 0, 0, 0.249024072, 0.166261279, 0.152020166, -0.250847826, 0.91016419, -0.32943414, 0.295410156, -0.252075195, -0.921386719, -0.921773238, -0.328413952, -0.205605518, 0, 2, 5, 1, 
264.695396, 41, 0.1, 0.1, 0.0311433913, 0.335860633, -0.0349794215, 0.937731098, -1.26129918e-006, 0.347362042, 0.347362042, -7.97006345e-006, -0.937731098, 3.95125699e-006, 1, -7.03564889e-006, 0.937731093, 1.56721009e-005, 0.347362055, 0.347362055, -3.51951856e-006, -0.937731093, -1.34736691e-005, 1, -8.74425518e-006, 0, 0, 0, 0, 0, 0, 0, 0.152653125, 0.150572461, 0.146927026, -0.730090594, 0.514198444, 0.449986594, -0.563842773, -0.825195313, 0.0283203125, 0.386054142, -0.232964744, 0.892622621, 0, 0, -0, 0, 0, 0, 0, 0.249024072, 0.166261279, 0.152020166, -0.250847826, 0.91016419, -0.32943414, 0.295410156, -0.252075195, -0.921386719, -0.921773238, -0.328413952, -0.205605518, 0, 2, 5, 1, 
264.696091, 41, 0.1, 0.1, 0.0311434003, 0.335860634, -0.0349808089, 0.937731174, -2.94512781e-005, 0.347361835, 0.347361835, 5.82018176e-009, -0.937731174, 2.76153599e-005, 1, 1.02357078e-005, 0.937731157, -3.35157749e-005, 0.34736188, 0.34736188, 6.83597012e-007, -0.937731158, 3.11913308e-005, 0.999999999, 1.22831328e-005, 0, 0, 0, 0, 0, 0, 0, 0.152653125, 0.150572461, 0.146927026, -0.730090594, 0.514198444, 0.449986594, -0.563842773, -0.825195313, 0.0283203125, 0.386054142, -0.232964744, 0.892622621, 0, 0, -0, 0, 0, 0, 0, 0.249024072, 0.166261279, 0.152020166, -0.250847826, 0.91016419, -0.32943414, 0.295410156, -0.252075195, -0.921386719, -0.921773238, -0.328413952, -0.205605518, 0, 2, 5, 1, 
264.696797, 41, 0.1, 0.1, 0.0311433983, 0.335860636, -0.0349788125, 0.93773123, 2.15549911e-005, 0.347361685, 0.347361685, 1.91465029e-006, -0.93773123, -2.08778645e-005, 1, -5.69195066e-006, 0.937731226, 1.73253363e-005, 0.347361695, 0.347361695, -2.9579223e-006, -0.937731226, -1.521904e-005, 1, -8.7918943e-006, 0, 0, 0, 0, 0, 0, 0, 0.152653125, 0.150572461, 0.146927026, -0.730090594, 0.514198444, 0.449986594, -0.563842773, -0.825195313, 0.0283203125, 0.386054142, -0.232964744, 0.892622621, 0, 0, -0, 0, 0, 0, 0, 0.249024072, 0.166261279, 0.152020166, -0.250847826, 0.91016419, -0.32943414, 0.295410156, -0.252075195, -0.921386719, -0.921773238, -0.328413952, -0.205605518, 0, 2, 5, 1, 
264.697542, 41, 0.1, 0.1, 0.031143395, 0.335860635, -0.03497338, 0.937731215, -7.99012074e-006, 0.347361726, 0.347361726, -8.20372838e-006, -0.937731215, 1.03422469e-005, 1, -4.91743005e-006, 0.937731219, -1.75365467e-006, 0.347361716, 0.347361716, -4.37945001e-006, -0.937731219, 3.16571e-006, 1, -3.4975945e-006, 0, 0, 0, 0, 0, 0, 0, 0.152843286, 0.150631909, 0.146594531, -0.730662352, 0.515246481, 0.447791293, -0.563964844, -0.825195313, 0.0295410156, 0.384785189, -0.231029674, 0.893588282, 0, 0, -0, 0, 0, 0, 0, 0.248804248, 0.166427881, 0.151682422, -0.250873346, 0.909486819, -0.331146522, 0.296142578, -0.253540039, -0.920776367, -0.921530434, -0.328976117, -0.205662754, 0, 2, 5, 1, 
264.698237, 41, 0.1, 0.1, 0.0311433959, 0.335860635, -0.0349674721, 0.93773123, 1.4216873e-006, 0.347361686, 0.347361686, -1.958567e-006, -0.93773123, -6.52829443e-007, 1, -2.33044914e-006, 0.937731222, 9.52123836e-007, 0.347361706, 0.347361706, 7.2685099e-006, -0.937731222, -3.41763825e-006, 1, 6.48517731e-006, 0, 0, 0, 0, 0, 0, 0, 0.152843286, 0.150631909, 0.146594531, -0.730662352, 0.515246481, 0.447791293, -0.563964844, -0.825195313, 0.0295410156, 0.384785189, -0.231029674, 0.893588282, 0, 0, -0, 0, 0, 0, 0, 0.248804248, 0.166427881, 0.151682422, -0.250873346, 0.909486819, -0.331146522, 0.296142578, -0.253540039, -0.920776367, -0.921530434, -0.328976117, -0.205662754, 0, 2, 5, 1, 
264.698931, 41, 0.1, 0.1, 0.0311433963, 0.335860635, -0.0349626147, 0.937731308, 6.37069804e-006, 0.347361476, 0.347361476, 9.70335469e-006, -0.937731308, -9.3445746e-006, 1, 6.88620441e-006, 0.937731287, 1.30133507e-006, 0.347361532, 0.347361532, 1.22706801e-005, -0.937731287, -5.48266483e-006, 1, 1.10545669e-005, 0, 0, 0, 0, 0, 0, 0, 0.152843286, 0.150631909, 0.146594531, -0.730662352, 0.515246481, 0.447791293, -0.563964844, -0.825195313, 0.0295410156, 0.384785189, -0.231029674, 0.893588282, 0, 0, -0, 0, 0, 0, 0, 0.248804248, 0.166427881, 0.151682422, -0.250873346, 0.909486819, -0.331146522, 0.296142578, -0.253540039, -0.920776367, -0.921530434, -0.328976117, -0.205662754, 0, 2, 5, 1, 
264.699659, 41, 0.1, 0.1, 0.0311433957, 0.335860636, -0.0349597458, 0.937731458, 5.01988636e-006, 0.34736107, 0.34736107, 1.22520559e-005, -0.937731458, -8.96319259e-006, 1, 9.74542511e-006, 0.937731422, -5.02050467e-006, 0.347361167, 0.347361167, 5.269903e-006, -0.937731422, 2.87732532e-006, 1, 6.685682e-006, 0, 0, 0, 0, 0, 0, 0, 0.152843286, 0.150631909, 0.146594531, -0.730662352, 0.515246481, 0.447791293, -0.563964844, -0.825195313, 0.0295410156, 0.384785189, -0.231029674, 0.893588282, 0, 0, -0, 0, 0, 0, 0, 0.248804248, 0.166427881, 0.151682422, -0.250873346, 0.909486819, -0.331146522, 0.296142578, -0.253540039, -0.920776367, -0.921530434, -0.328976117, -0.205662754, 0, 2, 5, 1, 
264.700371, 41, 0.1, 0.1, 0.0311433936, 0.335860637, -0.0349597087, 0.937731669, -2.34047546e-006, 0.347360501, 0.347360501, 3.32758304e-006, -0.937731669, 1.03886704e-006, 1, 3.93336872e-006, 0.937731624, -2.18238142e-006, 0.347360622, 0.347360622, -8.02157966e-006, -0.937731624, 4.83286897e-006, 1, -6.76401555e-006, 0, 0, 0, 0, 0, 0, 0, 0.152843286, 0.150631909, 0.146594531, -0.730662352, 0.515246481, 0.447791293, -0.563964844, -0.825195313, 0.0295410156, 0.384785189, -0.231029674, 0.893588282, 0, 0, -0, 0, 0, 0, 0, 0.249014307, 0.166359521, 0.151561328, -0.251141668, 0.908713567, -0.332993065, 0.29675293, -0.255004883, -0.920166016, -0.921313151, -0.329793845, -0.205611348, 0, 2, 5, 1, 
264.701066, 41, 0.1, 0.1, 0.0311433913, 0.335860638, -0.034962622, 0.937731927, -3.63941428e-006, 0.347359805, 0.347359805, -8.12986567e-006, -0.937731927, 6.23678352e-006, 1, -6.35944837e-006, 0.937731871, 1.27463797e-006, 0.347359953, 0.347359953, -1.01514977e-005, -0.937731871, 2.33095512e-006, 1, -9.96214114e-006, 0, 0, 0, 0, 0, 0, 0, 0.152843286, 0.150631909, 0.146594531, -0.730662352, 0.515246481, 0.447791293, -0.563964844, -0.825195313, 0.0295410156, 0.384785189, -0.231029674, 0.893588282, 0, 0, -0, 0, 0, 0, 0, 0.249014307, 0.166359521, 0.151561328, -0.251141668, 0.908713567, -0.332993065, 0.29675293, -0.255004883, -0.920166016, -0.921313151, -0.329793845, -0.205611348, 0, 2, 5, 1, 
264.701764, 41, 0.1, 0.1, 0.0311433904, 0.335860638, -0.0349674339, 0.937732224, -3.06024863e-006, 0.347359003, 0.347359003, -9.14701597e-006, -0.937732224, 6.0469921e-006, 1, -7.51444671e-006, 0.937732159, 5.13352053e-006, 0.347359178, 0.347359178, -3.20318856e-006, -0.937732159, -3.70121035e-006, 1, -4.78690839e-006, 0, 0, 0, 0, 0, 0, 0, 0.152843286, 0.150631909, 0.146594531, -0.730662352, 0.515246481, 0.447791293, -0.563964844, -0.825195313, 0.0295410156, 0.384785189, -0.231029674, 0.893588282, 0, 0, -0, 0, 0, 0, 0, 0.249014307, 0.166359521, 0.151561328, -0.251141668, 0.908713567, -0.332993065, 0.29675293, -0.255004883, -0.920166016, -0.921313151, -0.329793845, -0.205611348, 0, 2, 5, 1, 
264.702504, 41, 0.1, 0.1, 0.0311433914, 0.335860639, -0.034972271, 0.937732567, 1.08853092e-007, 0.347358075, 0.347358075, -1.57110653e-006, -0.937732567, 4.43661449e-007, 1, -1.51108876e-006, 0.937732502, 1.20117047e-007, 0.34735825, 0.34735825, 6.26137183e-006, -0.937732502, -2.28757682e-006, 1, 5.82976823e-006, 0, 0, 0, 0, 0, 0, 0, 0.153055298, 0.150745068, 0.146246411, -0.730720762, 0.517429799, 0.445272482, -0.565673828, -0.823974609, 0.029296875, 0.382075417, -0.230510334, 0.894852366, 0, 0, -0, 0, 0, 0, 0, 0.249014307, 0.166359521, 0.151561328, -0.251141668, 0.908713567, -0.332993065, 0.29675293, -0.255004883, -0.920166016, -0.921313151, -0.329793845, -0.205611348, 0, 2, 5, 1, 
264.703199, 41, 0.1, 0.1, 0.031143391, 0.335860639, -0.0349756598, 0.937732864, -1.13483163e-006, 0.347357273, 0.347357273, 4.82992418e-006, -0.937732864, -6.13540375e-007, 1, 4.92337066e-006, 0.937732809, -3.76329892e-006, 0.347357423, 0.347357423, 6.44310849e-006, -0.937732809, 1.2909073e-006, 1, 7.34912404e-006, 0, 0, 0, 0, 0, 0, 0, 0.153055298, 0.150745068, 0.146246411, -0.730720762, 0.517429799, 0.445272482, -0.565673828, -0.823974609, 0.029296875, 0.382075417, -0.230510334, 0.894852366, 0, 0, -0, 0, 0, 0, 0, 0.249014307, 0.166359521, 0.151561328, -0.251141668, 0.908713567, -0.332993065, 0.29675293, -0.255004883, -0.920166016, -0.921313151, -0.329793845, -0.205611348, 0, 2, 5, 1, 
264.703895, 41, 0.1, 0.1, 0.0311433904, 0.335860639, -0.0349770686, 0.937733131, 3.23438588e-006, 0.347356554, 0.347356554, 7.22892562e-006, -0.937733131, -5.54400549e-006, 1, 5.65531793e-006, 0.937733077, -1.67235335e-006, 0.347356698, 0.347356698, 3.65737844e-006, -0.937733077, 2.97806155e-007, 1, 4.01054787e-006, 0, 0, 0, 0, 0, 0, 0, 0.153055298, 0.150745068, 0.146246411, -0.730720762, 0.517429799, 0.445272482, -0.565673828, -0.823974609, 0.029296875, 0.382075417, -0.230510334, 0.894852366, 0, 0, -0, 0, 0, 0, 0, 0.249014307, 0.166359521, 0.151561328, -0.251141668, 0.908713567, -0.332993065, 0.29675293, -0.255004883, -0.920166016, -0.921313151, -0.329793845, -0.205611348, 0, 2, 5, 1, 
264.704652, 41, 0.1, 0.1, 0.0311433899, 0.335860641, -0.0349756629, 0.937733428, -4.82228016e-006, 0.347355751, 0.347355751, 1.75556435e-006, -0.937733428, 3.91220793e-006, 1, 3.32129812e-006, 0.937733367, -4.64553959e-006, 0.347355916, 0.347355916, -5.7532997e-006, -0.937733367, 6.35472016e-006, 1, -3.78140544e-006, 0, 0, 0, 0, 0, 0, 0, 0.153268652, 0.150628882, 0.145898291, -0.730760076, 0.51949255, 0.442753671, -0.567382812, -0.822753906, 0.0291748047, 0.379486213, -0.229971898, 0.89611645, 0, 0, -0, 0, 0, 0, 0, 0.249014307, 0.166359521, 0.151561328, -0.250790223, 0.908144839, -0.334961011, 0.297363281, -0.256958008, -0.919433594, -0.92115347, -0.330221849, -0.205572702, 0, 2, 5, 1, 
264.705351, 41, 0.1, 0.1, 0.0311433894, 0.335860642, -0.0349722809, 0.93773372, -6.28349617e-006, 0.347354962, 0.347354962, -6.87103378e-006, -0.93773372, 8.27893392e-006, 1, -4.2605965e-006, 0.937733661, -3.04544418e-006, 0.347355122, 0.347355122, -8.79606651e-006, -0.937733661, 5.91117427e-006, 1, -7.19051702e-006, 0, 0, 0, 0, 0, 0, 0, 0.153268652, 0.150628882, 0.145898291, -0.730760076, 0.51949255, 0.442753671, -0.567382812, -0.822753906, 0.0291748047, 0.379486213, -0.229971898, 0.89611645, 0, 0, -0, 0, 0, 0, 0, 0.249040918, 0.166312891, 0.151208691, -0.250790223, 0.908144839, -0.334961011, 0.297363281, -0.256958008, -0.919433594, -0.92115347, -0.330221849, -0.205572702, 0, 2, 5, 1, 
264.706047, 41, 0.1, 0.1, 0.031143389, 0.335860643, -0.0349683559, 0.93773403, -3.41399011e-006, 0.347354126, 0.347354126, -9.92972295e-006, -0.93773403, 6.65054493e-006, 1, -8.12557557e-006, 0.937733967, 3.76629966e-006, 0.347354297, 0.347354297, -4.75698125e-006, -0.937733967, -1.87942924e-006, 1, -5.76902327e-006, 0, 0, 0, 0, 0, 0, 0, 0.153268652, 0.150628882, 0.145898291, -0.730760076, 0.51949255, 0.442753671, -0.567382812, -0.822753906, 0.0291748047, 0.379486213, -0.229971898, 0.89611645, 0, 0, -0, 0, 0, 0, 0, 0.249040918, 0.166312891, 0.151208691, -0.250790223, 0.908144839, -0.334961011, 0.297363281, -0.256958008, -0.919433594, -0.92115347, -0.330221849, -0.205572702, 0, 2, 5, 1, 
264.706766, 41, 0.1, 0.1, 0.0311433885, 0.335860643, -0.0349648422, 0.937734376, 5.48520787e-006, 0.347353193, 0.347353193, -4.48729362e-006, -0.937734376, -3.58499221e-006, 1, -6.11319394e-006, 0.937734302, 5.43911506e-006, 0.347353391, 0.347353391, 6.29768341e-006, -0.937734302, -7.28796645e-006, 1, 4.0162587e-006, 0, 0, 0, 0, 0, 0, 0, 0.153268652, 0.150628882, 0.145898291, -0.730760076, 0.51949255, 0.442753671, -0.567382812, -0.822753906, 0.0291748047, 0.379486213, -0.229971898, 0.89611645, 0, 0, -0, 0, 0, 0, 0, 0.249040918, 0.166312891, 0.151208691, -0.250790223, 0.908144839, -0.334961011, 0.297363281, -0.256958008, -0.919433594, -0.92115347, -0.330221849, -0.205572702, 0, 2, 5, 1, 
264.707469, 41, 0.1, 0.1, 0.0311433886, 0.335860644, -0.0349627378, 0.937734746, 6.13992718e-006, 0.347352194, 0.347352194, 7.71876868e-006, -0.937734746, -8.43875429e-006, 1, 5.10544041e-006, 0.937734671, 1.67588962e-006, 0.347352396, 0.347352396, 9.76397086e-006, -0.937734671, -4.96307847e-006, 1, 8.57388972e-006, 0, 0, 0, 0, 0, 0, 0, 0.153268652, 0.150628882, 0.145898291, -0.730760076, 0.51949255, 0.442753671, -0.567382812, -0.822753906, 0.0291748047, 0.379486213, -0.229971898, 0.89611645, 0, 0, -0, 0, 0, 0, 0, 0.249040918, 0.166312891, 0.151208691, -0.250790223, 0.908144839, -0.334961011, 0.297363281, -0.256958008, -0.919433594, -0.92115347, -0.330221849, -0.205572702, 0, 2, 5, 1, 
264.708169, 41, 0.1, 0.1, 0.0311433884, 0.335860644, -0.0349628021, 0.93773514, 2.62438859e-006, 0.34735113, 0.34735113, 1.20161389e-005, -0.93773514, -6.63480083e-006, 1, 1.03563714e-005, 0.93773506, -5.79497588e-006, 0.347351346, 0.347351346, 5.45071766e-006, -0.93773506, 3.54083794e-006, 1, 7.12422173e-006, 0, 0, 0, 0, 0, 0, 0, 0.153268652, 0.150628882, 0.145898291, -0.730760076, 0.51949255, 0.442753671, -0.567382812, -0.822753906, 0.0291748047, 0.379486213, -0.229971898, 0.89611645, 0, 0, -0, 0, 0, 0, 0, 0.249040918, 0.166312891, 0.151208691, -0.250790223, 0.908144839, -0.334961011, 0.297363281, -0.256958008, -0.919433594, -0.92115347, -0.330221849, -0.205572702, 0, 2, 5, 1, 
264.708863, 41, 0.1, 0.1, 0.0311433876, 0.335860645, -0.0349648445, 0.937735552, -4.69545699e-006, 0.347350016, 0.347350016, 5.75204106e-006, -0.937735552, 2.4051254e-006, 1, 7.02486046e-006, 0.937735469, -4.59640078e-006, 0.347350241, 0.347350241, -4.21774985e-006, -0.937735469, 5.77524447e-006, 1, -2.35857272e-006, 0, 0, 0, 0, 0, 0, 0, 0.153268652, 0.150628882, 0.145898291, -0.730760076, 0.51949255, 0.442753671, -0.567382812, -0.822753906, 0.0291748047, 0.379486213, -0.229971898, 0.89611645, 0, 0, -0, 0, 0, 0, 0, 0.249040918, 0.166312891, 0.151208691, -0.250790223, 0.908144839, -0.334961011, 0.297363281, -0.256958008, -0.919433594, -0.92115347, -0.330221849, -0.205572702, 0, 2, 5, 1, 
264.709615, 41, 0.1, 0.1, 0.0311433857, 0.335860645, -0.0349678426, 0.937736023, -3.67493699e-006, 0.347348747, 0.347348747, -5.4875386e-006, -0.937736023, 5.35221045e-006, 1, -3.86937786e-006, 0.937735936, 1.27160095e-007, 0.347348979, 0.347348979, -7.15212502e-006, -0.937735936, 2.36504074e-006, 1, -6.75097359e-006, 0, 0, 0, 0, 0, 0, 0, 0.153500928, 0.15075083, 0.145337793, -0.730462775, 0.521834628, 0.440456898, -0.569213867, -0.821533203, 0.0295410156, 0.377461655, -0.22923052, 0.897221775, 0, 0, -0, 0, 0, 0, 0, 0.249277344, 0.166041553, 0.150641602, -0.250521901, 0.907403669, -0.337177956, 0.296875, -0.259521484, -0.918945312, -0.921370753, -0.330177007, -0.2043328, 0, 2, 5, 1, 
264.710315, 41, 0.1, 0.1, 0.0311433845, 0.335860645, -0.0349707319, 0.937736468, -6.7472805e-007, 0.347347544, 0.347347544, -7.76309812e-006, -0.937736468, 3.32921016e-006, 1, -7.04537508e-006, 0.93773638, 6.02511367e-006, 0.347347782, 0.347347782, -2.45519125e-006, -0.93773638, -4.79716305e-006, 1, -4.39513202e-006, 0, 0, 0, 0, 0, 0, 0, 0.153500928, 0.15075083, 0.145337793, -0.730462775, 0.521834628, 0.440456898, -0.569213867, -0.821533203, 0.0295410156, 0.377461655, -0.22923052, 0.897221775, 0, 0, -0, 0, 0, 0, 0, 0.249277344, 0.166041553, 0.150641602, -0.250521901, 0.907403669, -0.337177956, 0.296875, -0.259521484, -0.918945312, -0.921370753, -0.330177007, -0.2043328, 0, 2, 5, 1, 
264.71101, 41, 0.1, 0.1, 0.031143384, 0.335860645, -0.0349730725, 0.937736911, 4.0061566e-006, 0.347346347, 0.347346347, -3.87404755e-006, -0.937736911, -2.41108465e-006, 1, -5.02436125e-006, 0.937736823, 4.12059955e-006, 0.347346585, 0.347346585, 4.02165201e-006, -0.937736823, -5.26094502e-006, 1, 2.339975e-006, 0, 0, 0, 0, 0, 0, 0, 0.153500928, 0.15075083, 0.145337793, -0.730462775, 0.521834628, 0.440456898, -0.569213867, -0.821533203, 0.0295410156, 0.377461655, -0.22923052, 0.897221775, 0, 0, -0, 0, 0, 0, 0, 0.249277344, 0.166041553, 0.150641602, -0.250521901, 0.907403669, -0.337177956, 0.296875, -0.259521484, -0.918945312, -0.921370753, -0.330177007, -0.2043328, 0, 2, 5, 1, 
264.711738, 41, 0.1, 0.1, 0.0311433842, 0.335860646, -0.0349740753, 0.937737374, 3.47212903e-006, 0.347345099, 0.347345099, 4.00069724e-006, -0.937737374, -4.64556774e-006, 1, 2.54557632e-006, 0.937737282, 4.53653077e-007, 0.347345347, 0.347345347, 5.73515566e-006, -0.937737282, -2.41748704e-006, 1, 5.22049499e-006, 0, 0, 0, 0, 0, 0, 0, 0.153500928, 0.15075083, 0.145337793, -0.730462775, 0.521834628, 0.440456898, -0.569213867, -0.821533203, 0.0295410156, 0.377461655, -0.22923052, 0.897221775, 0, 0, -0, 0, 0, 0, 0, 0.249277344, 0.166041553, 0.150641602, -0.250521901, 0.907403669, -0.337177956, 0.296875, -0.259521484, -0.918945312, -0.921370753, -0.330177007, -0.2043328, 0, 2, 5, 1, 
264.712435, 41, 0.1, 0.1, 0.0311433843, 0.335860648, -0.034973437, 0.937737813, 5.2885483e-007, 0.347343912, 0.347343912, 6.09836405e-006, -0.937737813, -2.6141568e-006, 1, 5.53497206e-006, 0.937737727, -5.5046699e-006, 0.347344146, 0.347344146, 1.45263202e-006, -0.937737727, 4.65737341e-006, 1, 3.27420272e-006, 0, 0, 0, 0, 0, 0, 0, 0.153500928, 0.15075083, 0.145337793, -0.730462775, 0.521834628, 0.440456898, -0.569213867, -0.821533203, 0.0295410156, 0.377461655, -0.22923052, 0.897221775, 0, 0, -0, 0, 0, 0, 0, 0.249277344, 0.166041553, 0.150641602, -0.250521901, 0.907403669, -0.337177956, 0.296875, -0.259521484, -0.918945312, -0.921370753, -0.330177007, -0.2043328, 0, 2, 5, 1, 
264.713135, 41, 0.1, 0.1, 0.0311433843, 0.335860649, -0.0349717217, 0.937738251, -5.35438771e-006, 0.347342729, 0.347342729, 3.20690365e-006, -0.937738251, 3.9071195e-006, 1, 4.86704386e-006, 0.937738165, -5.53872362e-006, 0.347342962, 0.347342962, -5.25326309e-006, -0.937738165, 7.01855648e-006, 1, -3.00234862e-006, 0, 0, 0, 0, 0, 0, 0, 0.153500928, 0.15075083, 0.145337793, -0.730462775, 0.521834628, 0.440456898, -0.569213867, -0.821533203, 0.0295410156, 0.377461655, -0.22923052, 0.897221775, 0, 0, -0, 0, 0, 0, 0, 0.249277344, 0.166041553, 0.150641602, -0.250521901, 0.907403669, -0.337177956, 0.296875, -0.259521484, -0.918945312, -0.921370753, -0.330177007, -0.2043328, 0, 2, 5, 1, 
264.713845, 41, 0.1, 0.1, 0.0311433836, 0.335860649, -0.0349694065, 0.937738699, -5.84613744e-006, 0.347341521, 0.347341521, -4.93827763e-006, -0.937738699, 7.19741818e-006, 1, -2.60020777e-006, 0.937738604, -2.19285257e-006, 0.347341778, 0.347341778, -7.28187211e-006, -0.937738604, 4.58562091e-006, 1, -6.06682327e-006, 0, 0, 0, 0, 0, 0, 0, 0.153500928, 0.15075083, 0.145337793, -0.730462775, 0.521834628, 0.440456898, -0.569213867, -0.821533203, 0.0295410156, 0.377461655, -0.22923052, 0.897221775, 0, 0, -0, 0, 0, 0, 0, 0.249277344, 0.166041553, 0.150641602, -0.250521901, 0.907403669, -0.337177956, 0.296875, -0.259521484, -0.918945312, -0.921370753, -0.330177007, -0.2043328, 0, 2, 5, 1, 
264.714584, 41, 0.1, 0.1, 0.0311433825, 0.335860649, -0.0349665415, 0.937739176, -1.05130785e-006, 0.347340234, 0.347340234, -6.4786983e-006, -0.937739176, 3.23616514e-006, 1, -5.71016768e-006, 0.937739085, 6.56808444e-006, 0.347340478, 0.347340478, -4.91993566e-007, -0.937739085, -5.98826021e-006, 1, -2.74272319e-006, 0, 0, 0, 0, 0, 0, 0, 0.153720874, 0.150829932, 0.144800366, -0.73047588, 0.523263463, 0.438623299, -0.569580078, -0.821166992, 0.0310058594, 0.376598587, -0.22723217, 0.898130148, 0, 0, -0, 0, 0, 0, 0, 0.249781689, 0.165803662, 0.150089404, -0.249486889, 0.906962905, -0.339139338, 0.296142578, -0.26184082, -0.918457031, -0.921875683, -0.329486876, -0.20318878, 0, 2, 5, 1, 
264.71528, 41, 0.1, 0.1, 0.0311433816, 0.335860648, -0.0349648782, 0.937739634, 6.73674095e-006, 0.347338996, 0.347338996, -2.76595409e-006, -0.937739635, -5.35658528e-006, 1, -4.93367762e-006, 0.937739543, 6.84874228e-006, 0.347339242, 0.347339242, 7.82343555e-006, -0.937739543, -9.13972263e-006, 1, 4.95750793e-006, 0, 0, 0, 0, 0, 0, 0, 0.153720874, 0.150829932, 0.144800366, -0.73047588, 0.523263463, 0.438623299, -0.569580078, -0.821166992, 0.0310058594, 0.376598587, -0.22723217, 0.898130148, 0, 0, -0, 0, 0, 0, 0, 0.249781689, 0.165803662, 0.150089404, -0.249486889, 0.906962905, -0.339139338, 0.296142578, -0.26184082, -0.918457031, -0.921875683, -0.329486876, -0.20318878, 0, 2, 5, 1, 
264.715971, 41, 0.1, 0.1, 0.0311433815, 0.335860649, -0.0349647448, 0.937740104, 5.87811669e-006, 0.347337728, 0.347337728, 5.11244781e-006, -0.937740104, -7.28789177e-006, 1, 2.75245564e-006, 0.93774001, 1.973517e-006, 0.347337981, 0.347337981, 7.66456466e-006, -0.93774001, -4.51284027e-006, 1, 6.50189153e-006, 0, 0, 0, 0, 0, 0, 0, 0.153720874, 0.150829932, 0.144800366, -0.73047588, 0.523263463, 0.438623299, -0.569580078, -0.821166992, 0.0310058594, 0.376598587, -0.22723217, 0.898130148, 0, 0, -0, 0, 0, 0, 0, 0.249781689, 0.165803662, 0.150089404, -0.249486889, 0.906962905, -0.339139338, 0.296142578, -0.26184082, -0.918457031, -0.921875683, -0.329486876, -0.20318878, 0, 2, 5, 1, 
264.716728, 41, 0.1, 0.1, 0.0311433819, 0.335860651, -0.0349656319, 0.93774063, 2.87154511e-007, 0.347336309, 0.347336309, 6.72756925e-006, -0.937740629, -2.60600553e-006, 1, 6.20897584e-006, 0.937740532, -7.47517165e-006, 0.347336572, 0.347336572, 8.59751942e-007, -0.937740532, 6.71114815e-006, 1, 3.40262474e-006, 0, 0, 0, 0, 0, 0, 0, 0.153974756, 0.150512109, 0.144044458, -0.729803772, 0.52570102, 0.436891172, -0.571289062, -0.819946289, 0.0324707031, 0.375379808, -0.225887954, 0.898898858, 0, 0, -0, 0, 0, 0, 0, 0.249824658, 0.165758984, 0.149505713, -0.24870744, 0.906196216, -0.341599086, 0.295532227, -0.264892578, -0.917724609, -0.92228473, -0.329199231, -0.201974397, 0, 2, 5, 1, 
264.717423, 41, 0.1, 0.1, 0.0311433819, 0.335860653, -0.0349672713, 0.93774112, -6.32850486e-006, 0.347334986, 0.347334986, 9.01726898e-007, -0.93774112, 5.62129793e-006, 1, 3.04369754e-006, 0.937741023, -6.41174848e-006, 0.347335246, 0.347335246, -8.55277802e-006, -0.937741023, 8.98324084e-006, 1, -5.79326457e-006, 0, 0, 0, 0, 0, 0, 0, 0.153974756, 0.150512109, 0.144044458, -0.729803772, 0.52570102, 0.436891172, -0.571289062, -0.819946289, 0.0324707031, 0.375379808, -0.225887954, 0.898898858, 0, 0, -0, 0, 0, 0, 0, 0.249824658, 0.165758984, 0.149505713, -0.24870744, 0.906196216, -0.341599086, 0.295532227, -0.264892578, -0.917724609, -0.92228473, -0.329199231, -0.201974397, 0, 2, 5, 1, 
264.718119, 41, 0.1, 0.1, 0.031143381, 0.335860654, -0.0349695098, 0.937741614, -4.63479734e-006, 0.347333652, 0.347333652, -6.10465744e-006, -0.937741614, 6.46659531e-006, 1, -4.11477023e-006, 0.937741516, -1.32498744e-006, 0.347333917, 0.347333917, -8.31118581e-006, -0.937741516, 4.12925245e-006, 1, -7.3335309e-006, 0, 0, 0, 0, 0, 0, 0, 0.153974756, 0.150512109, 0.144044458, -0.729803772, 0.52570102, 0.436891172, -0.571289062, -0.819946289, 0.0324707031, 0.375379808, -0.225887954, 0.898898858, 0, 0, -0, 0, 0, 0, 0, 0.249824658, 0.165758984, 0.149505713, -0.24870744, 0.906196216, -0.341599086, 0.295532227, -0.264892578, -0.917724609, -0.92228473, -0.329199231, -0.201974397, 0, 2, 5, 1, 
264.718848, 41, 0.1, 0.1, 0.0311433799, 0.335860654, -0.0349715659, 0.937742127, -8.18302148e-007, 0.347332265, 0.347332265, -7.27509034e-006, -0.937742127, 3.29423e-006, 1, -6.53793595e-006, 0.93774202, 6.02108591e-006, 0.347332554, 0.347332554, -2.19507665e-006, -0.93774202, -4.88380369e-006, 1, -4.14973476e-006, 0, 0, 0, 0, 0, 0, 0, 0.153974756, 0.150512109, 0.144044458, -0.729803772, 0.52570102, 0.436891172, -0.571289062, -0.819946289, 0.0324707031, 0.375379808, -0.225887954, 0.898898858, 0, 0, -0, 0, 0, 0, 0, 0.249824658, 0.165758984, 0.149505713, -0.24870744, 0.906196216, -0.341599086, 0.295532227, -0.264892578, -0.917724609, -0.92228473, -0.329199231, -0.201974397, 0, 2, 5, 1, 
264.719544, 41, 0.1, 0.1, 0.0311433791, 0.335860654, -0.0349725415, 0.937742614, 5.32236648e-006, 0.34733095, 0.34733095, -1.63115328e-006, -0.937742615, -4.42445984e-006, 1, -3.37822455e-006, 0.93774252, 5.29191988e-006, 0.347331206, 0.347331206, 6.10579781e-006, -0.93774252, -7.0831924e-006, 1, 3.8876173e-006, 0, 0, 0, 0, 0, 0, 0, 0.153974756, 0.150512109, 0.144044458, -0.729803772, 0.52570102, 0.436891172, -0.571289062, -0.819946289, 0.0324707031, 0.375379808, -0.225887954, 0.898898858, 0, 0, -0, 0, 0, 0, 0, 0.249824658, 0.165758984, 0.149505713, -0.24870744, 0.906196216, -0.341599086, 0.295532227, -0.264892578, -0.917724609, -0.92228473, -0.329199231, -0.201974397, 0, 2, 5, 1, 
264.720239, 41, 0.1, 0.1, 0.0311433788, 0.335860654, -0.0349726164, 0.937743094, 4.99746934e-006, 0.347329654, 0.347329654, 5.96015028e-006, -0.937743094, -6.7564793e-006, 1, 3.85332046e-006, 0.937743, 1.95958371e-006, 0.347329909, 0.347329909, 7.84172781e-006, -0.937743, -4.56125251e-006, 1, 6.67290333e-006, 0, 0, 0, 0, 0, 0, 0, 0.153974756, 0.150512109, 0.144044458, -0.729803772, 0.52570102, 0.436891172, -0.571289062, -0.819946289, 0.0324707031, 0.375379808, -0.225887954, 0.898898858, 0, 0, -0, 0, 0, 0, 0, 0.249824658, 0.165758984, 0.149505713, -0.24870744, 0.906196216, -0.341599086, 0.295532227, -0.264892578, -0.917724609, -0.92228473, -0.329199231, -0.201974397, 0, 2, 5, 1, 
264.72094, 41, 0.1, 0.1, 0.0311433786, 0.335860655, -0.0349718143, 0.937743571, 1.86610826e-006, 0.347328367, 0.347328367, 7.40724208e-006, -0.937743571, -4.32267632e-006, 1, 6.29794131e-006, 0.937743471, -4.74426402e-006, 0.347328637, 0.347328637, 2.59726389e-006, -0.937743471, 3.54679848e-006, 1, 4.08338601e-006, 0, 0, 0, 0, 0, 0, 0, 0.153974756, 0.150512109, 0.144044458, -0.729803772, 0.52570102, 0.436891172, -0.571289062, -0.819946289, 0.0324707031, 0.375379808, -0.225887954, 0.898898858, 0, 0, -0, 0, 0, 0, 0, 0.249824658, 0.165758984, 0.149505713, -0.24870744, 0.906196216, -0.341599086, 0.295532227, -0.264892578, -0.917724609, -0.92228473, -0.329199231, -0.201974397, 0, 2, 5, 1, 
264.721686, 41, 0.1, 0.1, 0.0311433784, 0.335860657, -0.0349697267, 0.937744078, -5.96477884e-006, 0.347326998, 0.347326998, 3.05396246e-007, -0.937744078, 5.48736368e-006, 1, 2.35811225e-006, 0.937743985, -5.94981309e-006, 0.347327249, 0.347327249, -8.52212814e-006, -0.937743985, 8.53936876e-006, 1, -5.92504219e-006, 0, 0, 0, 0, 0, 0, 0, 0.15421106, 0.150411426, 0.14348396, -0.729449183, 0.528018011, 0.434594399, -0.572875977, -0.818847656, 0.0335693359, 0.373716951, -0.224524642, 0.900004182, 0, 0, -0, 0, 0, 0, 0, 0.2502875, 0.165491064, 0.148727344, -0.248279436, 0.905429527, -0.34390535, 0.294189453, -0.267700195, -0.917358398, -0.922853459, -0.328911585, -0.199884684, 0, 2, 5, 1, 
264.722378, 41, 0.1, 0.1, 0.0311433779, 0.335860658, -0.034967776, 0.937744552, -6.27483012e-006, 0.347325719, 0.347325718, -7.71866513e-006, -0.937744552, 8.56507867e-006, 1, -5.0587263e-006, 0.937744458, -2.63613047e-006, 0.347325973, 0.347325973, -1.01895524e-005, -0.937744458, 6.01111295e-006, 1, -8.63959972e-006, 0, 0, 0, 0, 0, 0, 0, 0.15421106, 0.150411426, 0.14348396, -0.729449183, 0.528018011, 0.434594399, -0.572875977, -0.818847656, 0.0335693359, 0.373716951, -0.224524642, 0.900004182, 0, 0, -0, 0, 0, 0, 0, 0.2502875, 0.165491064, 0.148727344, -0.248279436, 0.905429527, -0.34390535, 0.294189453, -0.267700195, -0.917358398, -0.922853459, -0.328911585, -0.199884684, 0, 2, 5, 1, 
264.723076, 41, 0.1, 0.1, 0.0311433772, 0.335860658, -0.0349665021, 0.937745033, -2.27966286e-006, 0.347324419, 0.347324419, -8.68414345e-006, -0.937745033, 5.15395761e-006, 1, -7.35172981e-006, 0.937744937, 5.15523475e-006, 0.347324679, 0.347324679, -3.4260689e-006, -0.937744937, -3.64433701e-006, 1, -5.00331903e-006, 0, 0, 0, 0, 0, 0, 0, 0.15421106, 0.150411426, 0.14348396, -0.729449183, 0.528018011, 0.434594399, -0.572875977, -0.818847656, 0.0335693359, 0.373716951, -0.224524642, 0.900004182, 0, 0, -0, 0, 0, 0, 0, 0.2502875, 0.165491064, 0.148727344, -0.248279436, 0.905429527, -0.34390535, 0.294189453, -0.267700195, -0.917358398, -0.922853459, -0.328911585, -0.199884684, 0, 2, 5, 1, 
264.723806, 41, 0.1, 0.1, 0.0311433765, 0.335860658, -0.0349659055, 0.937745544, 6.88153446e-006, 0.347323041, 0.347323041, -5.44633965e-007, -0.937745544, -6.26396435e-006, 1, -2.90084355e-006, 0.937745447, 6.85296472e-006, 0.347323303, 0.347323303, 9.16157489e-006, -0.937745447, -9.60836492e-006, 1, 6.2110308e-006, 0, 0, 0, 0, 0, 0, 0, 0.15421106, 0.150411426, 0.14348396, -0.729449183, 0.528018011, 0.434594399, -0.572875977, -0.818847656, 0.0335693359, 0.373716951, -0.224524642, 0.900004182, 0, 0, -0, 0, 0, 0, 0, 0.2502875, 0.165491064, 0.148727344, -0.248279436, 0.905429527, -0.34390535, 0.294189453, -0.267700195, -0.917358398, -0.922853459, -0.328911585, -0.199884684, 0, 2, 5, 1, 
264.724502, 41, 0.1, 0.1, 0.0311433763, 0.335860657, -0.0349662677, 0.937746039, 6.12438895e-006, 0.347321705, 0.347321705, 8.66730024e-006, -0.937746039, -8.75346297e-006, 1, 6.00059325e-006, 0.93774594, 2.31687501e-006, 0.347321971, 0.347321971, 1.09471215e-005, -0.93774594, -5.97481596e-006, 1, 9.46091718e-006, 0, 0, 0, 0, 0, 0, 0, 0.15421106, 0.150411426, 0.14348396, -0.729449183, 0.528018011, 0.434594399, -0.572875977, -0.818847656, 0.0335693359, 0.373716951, -0.224524642, 0.900004182, 0, 0, -0, 0, 0, 0, 0, 0.2502875, 0.165491064, 0.148727344, -0.248279436, 0.905429527, -0.34390535, 0.294189453, -0.267700195, -0.917358398, -0.922853459, -0.328911585, -0.199884684, 0, 2, 5, 1, 
264.725211, 41, 0.1, 0.1, 0.0311433763, 0.335860658, -0.0349675287, 0.937746547, 1.23139823e-006, 0.347320334, 0.347320334, 9.1656456e-006, -0.937746547, -4.33815453e-006, 1, 8.16736287e-006, 0.937746448, -5.82690488e-006, 0.347320601, 0.347320601, 4.00937794e-006, -0.937746448, 4.0716198e-006, 1, 5.78358403e-006, 0, 0, 0, 0, 0, 0, 0, 0.15421106, 0.150411426, 0.14348396, -0.729449183, 0.528018011, 0.434594399, -0.572875977, -0.818847656, 0.0335693359, 0.373716951, -0.224524642, 0.900004182, 0, 0, -0, 0, 0, 0, 0, 0.2502875, 0.165491064, 0.148727344, -0.248279436, 0.905429527, -0.34390535, 0.294189453, -0.267700195, -0.917358398, -0.922853459, -0.328911585, -0.199884684, 0, 2, 5, 1, 
264.725929, 41, 0.1, 0.1, 0.0311433762, 0.335860659, -0.0349692073, 0.937747061, -6.11489344e-006, 0.347318945, 0.347318945, 2.91792176e-006, -0.937747061, 4.72077384e-006, 1, 4.8600909e-006, 0.937746951, -6.00453777e-006, 0.347319241, 0.347319241, -6.55410846e-006, -0.937746951, 7.90710496e-006, 1, -4.06060373e-006, 0, 0, 0, 0, 0, 0, 0, 0.15421106, 0.150411426, 0.14348396, -0.729449183, 0.528018011, 0.434594399, -0.572875977, -0.818847656, 0.0335693359, 0.373716951, -0.224524642, 0.900004182, 0, 0, -0, 0, 0, 0, 0, 0.2502875, 0.165491064, 0.148727344, -0.248279436, 0.905429527, -0.34390535, 0.294189453, -0.267700195, -0.917358398, -0.922853459, -0.328911585, -0.199884684, 0, 2, 5, 1, 
