time, trialNum, realDorsalTactorPos, realVentralTactorPos, boxPosX, boxPosY, boxPosZ, boxLocalRot_11, boxLocalRot_12, boxLocalRot_13, boxLocalRot_21, boxLocalRot_22, boxLocalRot_23, boxLocalRot_31, boxLocalRot_32, boxLocalRot_33, boxGlobalRot_11, boxGlobalRot_12, boxGlobalRot_13, boxGlobalRot_21, boxGlobalRot_22, boxGlobalRot_23, boxGlobalRot_31, boxGlobalRot_32, boxGlobalRot_33, indexForceX, indexForceY, indexForceZ, indexForceGlobalX, indexForceGlobalY, indexForceGlobalZ, indexContact, indexPosX, indexPosY, indexPosZ, indexRot_11, indexRot_12, indexRot_13, indexRot_21, indexRot_22, indexRot_23, indexRot_31, indexRot_32, indexRot_33, thumbForceX, thumbForceY, thumbForceZ, thumbForceGlobalX, thumbForceGlobalY, thumbForceGlobalZ, thumbContact, thumbPosX, thumbPosY, thumbPosZ, thumbRot_11, thumbRot_12, thumbRot_13, thumbRot_21, thumbRot_22, thumbRot_23, thumbRot_31, thumbRot_32, thumbRot_33, manipForceTooHigh, cceExpType, mapping, trialSuccess, 
279.587302, 43, 0.1, 0.1, 0.0121261536, 0.335816392, -0.0349675715, 0.991368024, 0.131108509, -4.7637973e-006, 0.131108509, -0.991368024, -4.1003988e-006, -5.26027349e-006, 3.44042989e-006, -1, 0.991368029, 0.131108468, 5.19290525e-006, 0.131108468, -0.991368029, 5.80850551e-006, 5.90962451e-006, -5.07753281e-006, -1, 0, 0, 0, 0, 0, 0, 0, 0.157753174, 0.146777783, 0.157821533, -0.584007186, 0.630923366, 0.510517101, -0.585327148, -0.763061523, 0.273681641, 0.562394185, -0.138983495, 0.815183558, 0, 0, -0, 0, 0, 0, 0, 0.241730566, 0.146658887, 0.150177344, -0.334138748, 0.826646714, -0.452582367, 0.365722656, -0.328735352, -0.870605469, -0.868542398, -0.456375163, -0.192404721, 0, 2, 1, 1, 
279.592334, 43, 0.1, 0.1, 0.0121261446, 0.33581639, -0.0349812717, 0.9913687, 0.131103394, -1.28099856e-005, 0.131103394, -0.9913687, -2.66084258e-005, -1.61878737e-005, 2.46993279e-005, -1, 0.991368684, 0.131103515, -1.25489878e-005, 0.131103515, -0.991368684, -1.99014643e-005, -1.50498255e-005, 1.80844721e-005, -1, 0, 0, 0, 0, 0, 0, 0, 0.158032007, 0.146680273, 0.155057349, -0.595239792, 0.632812748, 0.495120037, -0.586547852, -0.763305664, 0.270507812, 0.549218631, -0.129395389, 0.82565569, 0, 0, -0, 0, 0, 0, 0, 0.242233789, 0.147022949, 0.148192187, -0.337480024, 0.823610941, -0.455496006, 0.369018555, -0.329345703, -0.869018555, -0.865947755, -0.461358459, -0.192710957, 0, 2, 1, 1, 
279.593019, 43, 0.1, 0.1, 0.0121261457, 0.335816384, -0.0349798868, 0.991368766, 0.131102893, 1.71873545e-005, 0.131102893, -0.991368767, 2.43515364e-006, 1.73582621e-005, -1.60823358e-007, -1, 0.991368756, 0.131102971, 1.16611381e-005, 0.131102971, -0.991368756, -1.06565726e-005, 1.01633796e-005, 1.20934029e-005, -1, 0, 0, 0, 0, 0, 0, 0, 0.158032007, 0.146680273, 0.155057349, -0.595239792, 0.632812748, 0.495120037, -0.586547852, -0.763305664, 0.270507812, 0.549218631, -0.129395389, 0.82565569, 0, 0, -0, 0, 0, 0, 0, 0.242233789, 0.147022949, 0.148192187, -0.337480024, 0.823610941, -0.455496006, 0.369018555, -0.329345703, -0.869018555, -0.865947755, -0.461358459, -0.192710957, 0, 2, 1, 1, 
279.593706, 43, 0.1, 0.1, 0.0121261486, 0.335816389, -0.0349757561, 0.991368804, 0.131102613, -9.30525108e-006, 0.131102613, -0.991368804, -5.82163838e-007, -9.30125883e-006, -6.42803668e-007, -1, 0.991368798, 0.131102656, 2.89380087e-006, 0.131102656, -0.991368798, 9.33633273e-006, 4.0928419e-006, -8.87636398e-006, -1, 0, 0, 0, 0, 0, 0, 0, 0.158032007, 0.146680273, 0.155057349, -0.595239792, 0.632812748, 0.495120037, -0.586547852, -0.763305664, 0.270507812, 0.549218631, -0.129395389, 0.82565569, 0, 0, -0, 0, 0, 0, 0, 0.242233789, 0.147022949, 0.148192187, -0.337480024, 0.823610941, -0.455496006, 0.369018555, -0.329345703, -0.869018555, -0.865947755, -0.461358459, -0.192710957, 0, 2, 1, 1, 
279.594396, 43, 0.1, 0.1, 0.0121261449, 0.335816383, -0.034970202, 0.991368812, 0.131102549, 2.12903903e-006, 0.13110255, -0.991368812, -8.43706749e-006, 1.00454183e-006, 8.64336802e-006, -1, 0.991368811, 0.131102554, -8.51582716e-006, 0.131102554, -0.991368811, -1.87433642e-005, -1.08996284e-005, 1.746514e-005, -1, 0, 0, 0, 0, 0, 0, 0, 0.158032007, 0.146680273, 0.155057349, -0.595239792, 0.632812748, 0.495120037, -0.586547852, -0.763305664, 0.270507812, 0.549218631, -0.129395389, 0.82565569, 0, 0, -0, 0, 0, 0, 0, 0.242233789, 0.147022949, 0.148192187, -0.337480024, 0.823610941, -0.455496006, 0.369018555, -0.329345703, -0.869018555, -0.865947755, -0.461358459, -0.192710957, 0, 2, 1, 1, 
279.595085, 43, 0.1, 0.1, 0.0121261443, 0.335816387, -0.0349649295, 0.991368792, 0.131102698, -1.29767335e-005, 0.131102698, -0.991368792, -1.96613632e-006, -1.31224944e-005, 2.47881416e-007, -1, 0.991368799, 0.13110265, -9.96067101e-006, 0.13110265, -0.991368799, 9.45544254e-006, -8.63506488e-006, -1.06797011e-005, -1, 0, 0, 0, 0, 0, 0, 0, 0.158032007, 0.146680273, 0.155057349, -0.595239792, 0.632812748, 0.495120037, -0.586547852, -0.763305664, 0.270507812, 0.549218631, -0.129395389, 0.82565569, 0, 0, -0, 0, 0, 0, 0, 0.242233789, 0.147022949, 0.148192187, -0.337480024, 0.823610941, -0.455496006, 0.369018555, -0.329345703, -0.869018555, -0.865947755, -0.461358459, -0.192710957, 0, 2, 1, 1, 
279.59577, 43, 0.1, 0.1, 0.0121261468, 0.335816389, -0.0349615136, 0.991368756, 0.131102974, 1.89722238e-005, 0.131102974, -0.991368756, 6.25268941e-006, 1.96282161e-005, -3.71140595e-006, -1, 0.991368762, 0.131102926, 1.83891068e-005, 0.131102926, -0.991368762, 1.08382774e-005, 1.96513159e-005, -8.33386395e-006, -1, 0, 0, 0, 0, 0, 0, 0, 0.158032007, 0.146680273, 0.155057349, -0.595239792, 0.632812748, 0.495120037, -0.586547852, -0.763305664, 0.270507812, 0.549218631, -0.129395389, 0.82565569, 0, 0, -0, 0, 0, 0, 0, 0.242233789, 0.147022949, 0.148192187, -0.337480024, 0.823610941, -0.455496006, 0.369018555, -0.329345703, -0.869018555, -0.865947755, -0.461358459, -0.192710957, 0, 2, 1, 1, 
279.596485, 43, 0.1, 0.1, 0.0121261464, 0.335816388, -0.0349605623, 0.991368745, 0.131103059, -1.39149888e-006, 0.131103059, -0.991368745, 4.98512477e-006, -7.25923392e-007, -5.12452665e-006, -1, 0.991368744, 0.131103065, -8.71203859e-006, 0.131103065, -0.991368744, 1.29376687e-006, -8.46722595e-006, -2.424775e-006, -1, 0, 0, 0, 0, 0, 0, 0, 0.157957031, 0.146980908, 0.153978931, -0.6006627, 0.634014675, 0.486809119, -0.587402344, -0.763061523, 0.269287109, 0.542291244, -0.124147711, 0.830926951, 0, 0, -0, 0, 0, 0, 0, 0.242397705, 0.147302686, 0.147371826, -0.338687477, 0.821738511, -0.458038876, 0.370117188, -0.331176758, -0.867919922, -0.864969979, -0.4633964, -0.191873539, 0, 2, 1, 1, 
279.597169, 43, 0.1, 0.1, 0.012126151, 0.335816387, -0.0349623264, 0.991368766, 0.131102897, -2.22247181e-006, 0.131102897, -0.991368766, -1.58801986e-006, -2.41148314e-006, 1.2829408e-006, -1, 0.991368761, 0.131102939, 1.30159143e-005, 0.131102939, -0.991368761, -9.04230512e-006, 1.1718098e-005, 1.06706834e-005, -1, 0, 0, 0, 0, 0, 0, 0, 0.157957031, 0.146980908, 0.153978931, -0.6006627, 0.634014675, 0.486809119, -0.587402344, -0.763061523, 0.269287109, 0.542291244, -0.124147711, 0.830926951, 0, 0, -0, 0, 0, 0, 0, 0.242397705, 0.147302686, 0.147371826, -0.338687477, 0.821738511, -0.458038876, 0.370117188, -0.331176758, -0.867919922, -0.864969979, -0.4633964, -0.191873539, 0, 2, 1, 1, 
279.597852, 43, 0.1, 0.1, 0.0121261498, 0.335816393, -0.0349662469, 0.991368815, 0.131102527, 9.76083219e-006, 0.131102527, -0.991368815, 8.47095109e-006, 1.07871477e-005, -7.11816698e-006, -1, 0.991368803, 0.131102616, 3.62060289e-006, 0.131102616, -0.991368803, 1.88756618e-005, 6.06400139e-006, -1.82380717e-005, -1, 0, 0, 0, 0, 0, 0, 0, 0.157957031, 0.146980908, 0.153978931, -0.6006627, 0.634014675, 0.486809119, -0.587402344, -0.763061523, 0.269287109, 0.542291244, -0.124147711, 0.830926951, 0, 0, -0, 0, 0, 0, 0, 0.242397705, 0.147302686, 0.147371826, -0.338687477, 0.821738511, -0.458038876, 0.370117188, -0.331176758, -0.867919922, -0.864969979, -0.4633964, -0.191873539, 0, 2, 1, 1, 
279.598541, 43, 0.1, 0.1, 0.0121261487, 0.335816388, -0.0349710267, 0.991368897, 0.131101908, -1.38983241e-005, 0.131101908, -0.991368897, -1.6252275e-005, -1.59090705e-005, 1.42899032e-005, -1, 0.991368879, 0.131102045, -1.21032172e-005, 0.131102044, -0.991368879, -2.34336493e-005, -1.50709522e-005, 2.16446341e-005, -1, 0, 0, 0, 0, 0, 0, 0, 0.157957031, 0.146980908, 0.153978931, -0.6006627, 0.634014675, 0.486809119, -0.587402344, -0.763061523, 0.269287109, 0.542291244, -0.124147711, 0.830926951, 0, 0, -0, 0, 0, 0, 0, 0.242397705, 0.147302686, 0.147371826, -0.338687477, 0.821738511, -0.458038876, 0.370117188, -0.331176758, -0.867919922, -0.864969979, -0.4633964, -0.191873539, 0, 2, 1, 1, 
279.599252, 43, 0.1, 0.1, 0.012126151, 0.335816396, -0.0349750929, 0.991369003, 0.131101104, 2.03132052e-005, 0.131101103, -0.991369003, 3.40215505e-005, 2.45981448e-005, -3.1064827e-005, -0.999999999, 0.991368982, 0.131101266, 1.65855986e-005, 0.131101266, -0.991368981, 3.35790704e-005, 2.08447066e-005, -3.11148558e-005, -0.999999999, 0, 0, 0, 0, 0, 0, 0, 0.157935645, 0.146698608, 0.152635889, -0.605019597, 0.636923641, 0.477673326, -0.589599609, -0.761474609, 0.268798828, 0.535071425, -0.119046809, 0.836452453, 0, 0, -0, 0, 0, 0, 0, 0.2424375, 0.146986426, 0.146536572, -0.338067709, 0.820415853, -0.46083731, 0.370483398, -0.334106445, -0.866577148, -0.865027582, -0.46365816, -0.190940239, 0, 2, 1, 1, 
279.599935, 43, 0.1, 0.1, 0.0121261536, 0.335816398, -0.0349772606, 0.99136911, 0.131100297, -7.64802068e-006, 0.131100297, -0.99136911, -2.57066942e-005, -1.09521667e-005, 2.44821648e-005, -1, 0.991369089, 0.131100452, -6.91069923e-007, 0.131100452, -0.991369089, -1.29719051e-005, -2.38572798e-006, 1.27693462e-005, -1, 0, 0, 0, 0, 0, 0, 0, 0.157935645, 0.146698608, 0.152635889, -0.605019597, 0.636923641, 0.477673326, -0.589599609, -0.761474609, 0.268798828, 0.535071425, -0.119046809, 0.836452453, 0, 0, -0, 0, 0, 0, 0, 0.2424375, 0.146986426, 0.146536572, -0.338067709, 0.820415853, -0.46083731, 0.370483398, -0.334106445, -0.866577148, -0.865027582, -0.46365816, -0.190940239, 0, 2, 1, 1, 
279.600618, 43, 0.1, 0.1, 0.0121261517, 0.335816389, -0.0349772781, 0.991369202, 0.131099597, 6.11438388e-006, 0.131099597, -0.991369202, -1.22604776e-005, 4.4542682e-006, 1.29562531e-005, -1, 0.991369185, 0.131099729, -2.75661325e-006, 0.131099729, -0.991369185, -2.46187719e-005, -5.96033575e-006, 2.40449006e-005, -1, 0, 0, 0, 0, 0, 0, 0, 0.157935645, 0.146698608, 0.152635889, -0.605019597, 0.636923641, 0.477673326, -0.589599609, -0.761474609, 0.268798828, 0.535071425, -0.119046809, 0.836452453, 0, 0, -0, 0, 0, 0, 0, 0.2424375, 0.146986426, 0.146536572, -0.338067709, 0.820415853, -0.46083731, 0.370483398, -0.334106445, -0.866577148, -0.865027582, -0.46365816, -0.190940239, 0, 2, 1, 1, 
279.601305, 43, 0.1, 0.1, 0.0121261531, 0.335816394, -0.0349752475, 0.991369262, 0.13109915, -8.88744275e-006, 0.13109915, -0.991369261, 1.35402867e-005, -7.03561748e-006, -1.45885602e-005, -1, 0.991369252, 0.131099221, 8.56039074e-007, 0.131099221, -0.991369252, 1.89284429e-005, 3.33015493e-006, -1.86528502e-005, -1, 0, 0, 0, 0, 0, 0, 0, 0.157935645, 0.146698608, 0.152635889, -0.605019597, 0.636923641, 0.477673326, -0.589599609, -0.761474609, 0.268798828, 0.535071425, -0.119046809, 0.836452453, 0, 0, -0, 0, 0, 0, 0, 0.2424375, 0.146986426, 0.146536572, -0.338067709, 0.820415853, -0.46083731, 0.370483398, -0.334106445, -0.866577148, -0.865027582, -0.46365816, -0.190940239, 0, 2, 1, 1, 
279.601989, 43, 0.1, 0.1, 0.012126152, 0.335816392, -0.0349719038, 0.991369281, 0.131098999, 1.46501081e-005, 0.131099, -0.991369281, -1.1073409e-005, 1.30719543e-005, 1.2898452e-005, -1, 0.99136928, 0.131099007, 1.97810956e-006, 0.131099007, -0.99136928, -1.59892294e-005, -1.35135047e-007, 1.61105591e-005, -1, 0, 0, 0, 0, 0, 0, 0, 0.157935645, 0.146698608, 0.152635889, -0.605019597, 0.636923641, 0.477673326, -0.589599609, -0.761474609, 0.268798828, 0.535071425, -0.119046809, 0.836452453, 0, 0, -0, 0, 0, 0, 0, 0.2424375, 0.146986426, 0.146536572, -0.338067709, 0.820415853, -0.46083731, 0.370483398, -0.334106445, -0.866577148, -0.865027582, -0.46365816, -0.190940239, 0, 2, 1, 1, 
279.602676, 43, 0.1, 0.1, 0.0121261559, 0.335816396, -0.0349682211, 0.991369261, 0.131099151, -8.32757554e-006, 0.131099151, -0.991369261, 1.05200595e-005, -6.87653156e-006, -1.15210017e-005, -1, 0.991369268, 0.131099101, 5.78104927e-006, 0.131099101, -0.991369268, 1.7133176e-005, 7.97729855e-006, -1.62274138e-005, -1, 0, 0, 0, 0, 0, 0, 0, 0.157935645, 0.146698608, 0.152635889, -0.605019597, 0.636923641, 0.477673326, -0.589599609, -0.761474609, 0.268798828, 0.535071425, -0.119046809, 0.836452453, 0, 0, -0, 0, 0, 0, 0, 0.2424375, 0.146986426, 0.146536572, -0.338067709, 0.820415853, -0.46083731, 0.370483398, -0.334106445, -0.866577148, -0.865027582, -0.46365816, -0.190940239, 0, 2, 1, 1, 
279.60336, 43, 0.1, 0.1, 0.0121261539, 0.335816391, -0.0349653507, 0.991369202, 0.131099603, 1.36475043e-005, 0.131099603, -0.991369201, -1.95517255e-005, 1.0966492e-005, 2.11721609e-005, -1, 0.991369216, 0.131099496, -5.86353331e-007, 0.131099496, -0.991369216, -2.58951398e-005, -3.97613241e-006, 2.55947738e-005, -1, 0, 0, 0, 0, 0, 0, 0, 0.157935645, 0.146698608, 0.152635889, -0.605019597, 0.636923641, 0.477673326, -0.589599609, -0.761474609, 0.268798828, 0.535071425, -0.119046809, 0.836452453, 0, 0, -0, 0, 0, 0, 0, 0.2424375, 0.146986426, 0.146536572, -0.338067709, 0.820415853, -0.46083731, 0.370483398, -0.334106445, -0.866577148, -0.865027582, -0.46365816, -0.190940239, 0, 2, 1, 1, 
279.604074, 43, 0.1, 0.1, 0.0121261568, 0.335816395, -0.0349637951, 0.991369099, 0.131100381, -1.47405272e-005, 0.131100381, -0.991369099, 1.32051321e-005, -1.28821053e-005, -1.50236486e-005, -1, 0.991369121, 0.13110021, 1.48732163e-006, 0.13110021, -0.991369121, 1.98792873e-005, 4.08066349e-006, -1.95127234e-005, -1, 0, 0, 0, 0, 0, 0, 0, 0.158201099, 0.146450122, 0.151078516, -0.608201899, 0.640448549, 0.468765563, -0.591674805, -0.759521484, 0.270019531, 0.529025079, -0.113178319, 0.841076694, 0, 0, -0, 0, 0, 0, 0, 0.242250635, 0.146663574, 0.145476611, -0.337422421, 0.818959034, -0.463808184, 0.370483398, -0.337402344, -0.865234375, -0.865327987, -0.463811277, -0.189534093, 0, 2, 1, 1, 
279.604756, 43, 0.1, 0.1, 0.0121261524, 0.33581639, -0.0349640994, 0.991368964, 0.131101397, 7.54224875e-006, 0.131101397, -0.991368964, -1.87432924e-005, 5.01987951e-006, 1.95703177e-005, -1, 0.991368993, 0.131101182, -7.47733177e-006, 0.131101182, -0.991368993, -2.52214308e-005, -1.07193543e-005, 2.40234574e-005, -1, 0, 0, 0, 0, 0, 0, 0, 0.158201099, 0.146450122, 0.151078516, -0.608201899, 0.640448549, 0.468765563, -0.591674805, -0.759521484, 0.270019531, 0.529025079, -0.113178319, 0.841076694, 0, 0, -0, 0, 0, 0, 0, 0.242250635, 0.146663574, 0.145476611, -0.337422421, 0.818959034, -0.463808184, 0.370483398, -0.337402344, -0.865234375, -0.865327987, -0.463811277, -0.189534093, 0, 2, 1, 1, 
279.605452, 43, 0.1, 0.1, 0.0121261543, 0.335816395, -0.0349660828, 0.991368797, 0.131102665, -1.43888632e-005, 0.131102665, -0.991368797, 1.57030907e-005, -1.2205953e-005, -1.74539724e-005, -1, 0.991368831, 0.131102405, -3.53834375e-008, 0.131102405, -0.991368831, 2.11949851e-005, 2.7436355e-006, -2.10166865e-005, -1, 0, 0, 0, 0, 0, 0, 0, 0.158201099, 0.146450122, 0.151078516, -0.608201899, 0.640448549, 0.468765563, -0.591674805, -0.759521484, 0.270019531, 0.529025079, -0.113178319, 0.841076694, 0, 0, -0, 0, 0, 0, 0, 0.242250635, 0.146663574, 0.145476611, -0.337422421, 0.818959034, -0.463808184, 0.370483398, -0.337402344, -0.865234375, -0.865327987, -0.463811277, -0.189534093, 0, 2, 1, 1, 
279.606135, 43, 0.1, 0.1, 0.0121261502, 0.335816392, -0.0349690621, 0.991368609, 0.131104088, 6.66253032e-006, 0.131104088, -0.991368608, -1.39288592e-005, 4.77889302e-006, 1.46821187e-005, -1, 0.991368647, 0.131103795, -7.20661228e-006, 0.131103795, -0.991368647, -1.89465249e-005, -9.62837077e-006, 1.78381765e-005, -1, 0, 0, 0, 0, 0, 0, 0, 0.158201099, 0.146450122, 0.151078516, -0.608201899, 0.640448549, 0.468765563, -0.591674805, -0.759521484, 0.270019531, 0.529025079, -0.113178319, 0.841076694, 0, 0, -0, 0, 0, 0, 0, 0.242250635, 0.146663574, 0.145476611, -0.337422421, 0.818959034, -0.463808184, 0.370483398, -0.337402344, -0.865234375, -0.865327987, -0.463811277, -0.189534093, 0, 2, 1, 1, 
279.606818, 43, 0.1, 0.1, 0.0121261528, 0.335816396, -0.0349721683, 0.991368403, 0.131105639, -6.90151862e-006, 0.131105639, -0.991368403, 1.25234128e-005, -5.20005746e-006, -1.33201438e-005, -1, 0.991368445, 0.131105327, 4.29627003e-006, 0.131105326, -0.991368445, 1.72666294e-005, 6.52293363e-006, -1.65543277e-005, -1, 0, 0, 0, 0, 0, 0, 0, 0.158201099, 0.146450122, 0.151078516, -0.608201899, 0.640448549, 0.468765563, -0.591674805, -0.759521484, 0.270019531, 0.529025079, -0.113178319, 0.841076694, 0, 0, -0, 0, 0, 0, 0, 0.242250635, 0.146663574, 0.145476611, -0.337422421, 0.818959034, -0.463808184, 0.370483398, -0.337402344, -0.865234375, -0.865327987, -0.463811277, -0.189534093, 0, 2, 1, 1, 
279.607502, 43, 0.1, 0.1, 0.0121261514, 0.335816393, -0.0349744945, 0.991368189, 0.131107262, 1.08472599e-005, 0.131107262, -0.991368189, -1.23359227e-005, 9.13629936e-006, 1.36515959e-005, -1, 0.991368231, 0.13110694, -1.793109e-007, 0.13110694, -0.991368231, -1.65486411e-005, -2.34740483e-006, 1.63822882e-005, -1, 0, 0, 0, 0, 0, 0, 0, 0.158201099, 0.146450122, 0.151078516, -0.608201899, 0.640448549, 0.468765563, -0.591674805, -0.759521484, 0.270019531, 0.529025079, -0.113178319, 0.841076694, 0, 0, -0, 0, 0, 0, 0, 0.242250635, 0.146663574, 0.145476611, -0.337422421, 0.818959034, -0.463808184, 0.370483398, -0.337402344, -0.865234375, -0.865327987, -0.463811277, -0.189534093, 0, 2, 1, 1, 
279.608188, 43, 0.1, 0.1, 0.0121261547, 0.335816397, -0.0349754431, 0.991367966, 0.131108946, -4.51585849e-006, 0.131108946, -0.991367966, 1.00300695e-005, -3.16184561e-006, -1.0535559e-005, -1, 0.99136801, 0.131108615, 5.97536878e-006, 0.131108615, -0.99136801, 1.41093538e-005, 7.77364729e-006, -1.32041397e-005, -1, 0, 0, 0, 0, 0, 0, 0, 0.158201099, 0.146450122, 0.151078516, -0.608201899, 0.640448549, 0.468765563, -0.591674805, -0.759521484, 0.270019531, 0.529025079, -0.113178319, 0.841076694, 0, 0, -0, 0, 0, 0, 0, 0.242250635, 0.146663574, 0.145476611, -0.337422421, 0.818959034, -0.463808184, 0.370483398, -0.337402344, -0.865234375, -0.865327987, -0.463811277, -0.189534093, 0, 2, 1, 1, 
279.608898, 43, 0.1, 0.1, 0.0121261539, 0.335816394, -0.0349746504, 0.991367731, 0.131110723, 1.2541406e-005, 0.131110723, -0.991367731, -9.49295638e-006, 1.11885168e-005, 1.10553234e-005, -1, 0.99136778, 0.131110352, 1.22047339e-006, 0.131110352, -0.99136778, -1.48299725e-005, -7.34424916e-007, 1.48619736e-005, -1, 0, 0, 0, 0, 0, 0, 0, 0.158258813, 0.146415356, 0.149546289, -0.611129961, 0.643770515, 0.460384253, -0.593261719, -0.757568359, 0.271728516, 0.52380361, -0.107030502, 0.845123186, 0, 0, -0, 0, 0, 0, 0, 0.242250635, 0.146663574, 0.145476611, -0.3372755, 0.817406333, -0.466708696, 0.370117188, -0.340698242, -0.864135742, -0.865558031, -0.464219958, -0.18762958, 0, 2, 1, 1, 
279.609591, 43, 0.1, 0.1, 0.0121261566, 0.335816399, -0.0349723136, 0.991367496, 0.1311125, -9.92504437e-006, 0.1311125, -0.991367496, 1.22495672e-005, -8.23329501e-006, -1.34451202e-005, -1, 0.991367542, 0.131112149, 2.55067629e-006, 0.131112149, -0.991367542, 1.7797985e-005, 4.86218975e-006, -1.730992e-005, -1, 0, 0, 0, 0, 0, 0, 0, 0.158258813, 0.146415356, 0.149546289, -0.611129961, 0.643770515, 0.460384253, -0.593261719, -0.757568359, 0.271728516, 0.52380361, -0.107030502, 0.845123186, 0, 0, -0, 0, 0, 0, 0, 0.24247876, 0.146329004, 0.144208545, -0.3372755, 0.817406333, -0.466708696, 0.370117188, -0.340698242, -0.864135742, -0.865558031, -0.464219958, -0.18762958, 0, 2, 1, 1, 
279.610275, 43, 0.1, 0.1, 0.0121261538, 0.335816395, -0.0349695355, 0.991367255, 0.131114323, 8.81090217e-006, 0.131114323, -0.991367255, -1.33506018e-005, 6.98438479e-006, 1.43905849e-005, -1, 0.991367303, 0.131113963, -3.63037943e-006, 0.131113963, -0.991367302, -1.89280688e-005, -6.08077358e-006, 1.82886751e-005, -1, 0, 0, 0, 0, 0, 0, 0, 0.158258813, 0.146415356, 0.149546289, -0.611129961, 0.643770515, 0.460384253, -0.593261719, -0.757568359, 0.271728516, 0.52380361, -0.107030502, 0.845123186, 0, 0, -0, 0, 0, 0, 0, 0.24247876, 0.146329004, 0.144208545, -0.3372755, 0.817406333, -0.466708696, 0.370117188, -0.340698242, -0.864135742, -0.865558031, -0.464219958, -0.18762958, 0, 2, 1, 1, 
279.610956, 43, 0.1, 0.1, 0.0121261552, 0.3358164, -0.0349671561, 0.991367005, 0.131116213, -1.56558768e-005, 0.131116213, -0.991367005, 1.31475867e-005, -1.37968579e-005, -1.50868229e-005, -1, 0.991367055, 0.131115833, -1.36946963e-006, 0.131115833, -0.991367055, 1.93699407e-005, 1.18205884e-006, -1.93822802e-005, -1, 0, 0, 0, 0, 0, 0, 0, 0.158258813, 0.146415356, 0.149546289, -0.611129961, 0.643770515, 0.460384253, -0.593261719, -0.757568359, 0.271728516, 0.52380361, -0.107030502, 0.845123186, 0, 0, -0, 0, 0, 0, 0, 0.24247876, 0.146329004, 0.144208545, -0.3372755, 0.817406333, -0.466708696, 0.370117188, -0.340698242, -0.864135742, -0.865558031, -0.464219958, -0.18762958, 0, 2, 1, 1, 
279.611667, 43, 0.1, 0.1, 0.0121261508, 0.335816395, -0.0349655045, 0.99136673, 0.131118292, 7.91530862e-006, 0.131118292, -0.99136673, -1.84044034e-005, 5.4338197e-006, 1.92833549e-005, -1, 0.991366783, 0.131117892, -6.75849103e-006, 0.131117891, -0.991366783, -2.492592e-005, -9.96837758e-006, 2.382457e-005, -1, 0, 0, 0, 0, 0, 0, 0, 0.158383667, 0.145769946, 0.147777271, -0.612731782, 0.648304146, 0.451742712, -0.596435547, -0.754394531, 0.273681641, 0.518372084, -0.101816146, 0.849087302, 0, 0, -0, 0, 0, 0, 0, 0.24256958, 0.145603369, 0.142912402, -0.335569681, 0.816173361, -0.470133094, 0.369140625, -0.345214844, -0.862792969, -0.866606169, -0.462999379, -0.185411902, 0, 2, 1, 1, 
279.61235, 43, 0.1, 0.1, 0.0121261526, 0.335816399, -0.0349652915, 0.991366453, 0.131120389, -1.46977577e-005, 0.13112039, -0.991366453, 1.40275187e-005, -1.27315702e-005, -1.58335872e-005, -1, 0.991366508, 0.131119968, 1.72180252e-008, 0.131119968, -0.991366508, 1.9866471e-005, 2.62196042e-006, -1.96926963e-005, -1, 0, 0, 0, 0, 0, 0, 0, 0.158383667, 0.145769946, 0.147777271, -0.612731782, 0.648304146, 0.451742712, -0.596435547, -0.754394531, 0.273681641, 0.518372084, -0.101816146, 0.849087302, 0, 0, -0, 0, 0, 0, 0, 0.24256958, 0.145603369, 0.142912402, -0.335569681, 0.816173361, -0.470133094, 0.369140625, -0.345214844, -0.862792969, -0.866606169, -0.462999379, -0.185411902, 0, 2, 1, 1, 
279.613034, 43, 0.1, 0.1, 0.0121261487, 0.335816395, -0.0349665176, 0.991366164, 0.131122571, 9.04086373e-006, 0.131122571, -0.991366164, -1.60999068e-005, 6.85174522e-006, 1.71463642e-005, -1, 0.991366222, 0.131122134, -5.97549261e-006, 0.131122133, -0.991366222, -2.18695367e-005, -8.79148184e-006, 2.08972006e-005, -1, 0, 0, 0, 0, 0, 0, 0, 0.158383667, 0.145769946, 0.147777271, -0.612731782, 0.648304146, 0.451742712, -0.596435547, -0.754394531, 0.273681641, 0.518372084, -0.101816146, 0.849087302, 0, 0, -0, 0, 0, 0, 0, 0.24256958, 0.145603369, 0.142912402, -0.335569681, 0.816173361, -0.470133094, 0.369140625, -0.345214844, -0.862792969, -0.866606169, -0.462999379, -0.185411902, 0, 2, 1, 1, 
279.61372, 43, 0.1, 0.1, 0.0121261518, 0.3358164, -0.0349687138, 0.991365866, 0.131124824, -8.12037769e-006, 0.131124824, -0.991365866, 1.44679401e-005, -6.15315915e-006, -1.54078051e-005, -1, 0.991365925, 0.131124377, 4.98913829e-006, 0.131124377, -0.991365925, 1.94434989e-005, 7.49557839e-006, -1.86214247e-005, -1, 0, 0, 0, 0, 0, 0, 0, 0.158383667, 0.145769946, 0.147777271, -0.612731782, 0.648304146, 0.451742712, -0.596435547, -0.754394531, 0.273681641, 0.518372084, -0.101816146, 0.849087302, 0, 0, -0, 0, 0, 0, 0, 0.24256958, 0.145603369, 0.142912402, -0.335569681, 0.816173361, -0.470133094, 0.369140625, -0.345214844, -0.862792969, -0.866606169, -0.462999379, -0.185411902, 0, 2, 1, 1, 
279.614406, 43, 0.1, 0.1, 0.0121261497, 0.335816397, -0.0349711669, 0.991365564, 0.131127106, 1.03163318e-005, 0.131127106, -0.991365564, -1.18916586e-005, 8.66793728e-006, 1.31417316e-005, -1, 0.991365624, 0.131126655, -2.0466485e-006, 0.131126655, -0.991365624, -1.69934682e-005, -4.25727361e-006, 1.65783701e-005, -1, 0, 0, 0, 0, 0, 0, 0, 0.158383667, 0.145769946, 0.147777271, -0.612731782, 0.648304146, 0.451742712, -0.596435547, -0.754394531, 0.273681641, 0.518372084, -0.101816146, 0.849087302, 0, 0, -0, 0, 0, 0, 0, 0.24256958, 0.145603369, 0.142912402, -0.335569681, 0.816173361, -0.470133094, 0.369140625, -0.345214844, -0.862792969, -0.866606169, -0.462999379, -0.185411902, 0, 2, 1, 1, 
279.615089, 43, 0.1, 0.1, 0.0121261528, 0.335816401, -0.0349731723, 0.991365264, 0.131129377, -6.36451351e-006, 0.131129377, -0.991365264, 1.3863151e-005, -4.49169126e-006, -1.45780211e-005, -1, 0.991365324, 0.131128926, 5.05451943e-006, 0.131128926, -0.991365323, 1.84052722e-005, 7.42433886e-006, -1.75835549e-005, -1, 0, 0, 0, 0, 0, 0, 0, 0.158383667, 0.145769946, 0.147777271, -0.612731782, 0.648304146, 0.451742712, -0.596435547, -0.754394531, 0.273681641, 0.518372084, -0.101816146, 0.849087302, 0, 0, -0, 0, 0, 0, 0, 0.24256958, 0.145603369, 0.142912402, -0.335569681, 0.816173361, -0.470133094, 0.369140625, -0.345214844, -0.862792969, -0.866606169, -0.462999379, -0.185411902, 0, 2, 1, 1, 
279.615772, 43, 0.1, 0.1, 0.0121261511, 0.335816399, -0.0349741905, 0.991364966, 0.131131629, 9.73870001e-006, 0.13113163, -0.991364966, -9.44769271e-006, 8.41571467e-006, 1.06431632e-005, -1, 0.991365024, 0.131131189, -1.05884556e-006, 0.131131189, -0.991365024, -1.39116961e-005, -2.8739597e-006, 1.36527212e-005, -1, 0, 0, 0, 0, 0, 0, 0, 0.158383667, 0.145769946, 0.147777271, -0.612731782, 0.648304146, 0.451742712, -0.596435547, -0.754394531, 0.273681641, 0.518372084, -0.101816146, 0.849087302, 0, 0, -0, 0, 0, 0, 0, 0.24256958, 0.145603369, 0.142912402, -0.335569681, 0.816173361, -0.470133094, 0.369140625, -0.345214844, -0.862792969, -0.866606169, -0.462999379, -0.185411902, 0, 2, 1, 1, 
279.616473, 43, 0.1, 0.1, 0.0121261535, 0.335816404, -0.0349738896, 0.991364664, 0.131133915, -8.82621912e-006, 0.131133916, -0.991364664, 1.24433901e-005, -7.11825128e-006, -1.34933539e-005, -1, 0.991364722, 0.131133474, 2.38148969e-006, 0.131133474, -0.991364722, 1.74142537e-005, 4.64451645e-006, -1.69515838e-005, -1, 0, 0, 0, 0, 0, 0, 0, 0.158694653, 0.145368042, 0.146383447, -0.614962649, 0.653193487, 0.441648371, -0.600219727, -0.750976563, 0.275024414, 0.511309903, -0.0959165769, 0.854023071, 0, 0, -0, 0, 0, 0, 0, 0.24256958, 0.145603369, 0.142912402, -0.335569681, 0.816173361, -0.470133094, 0.369140625, -0.345214844, -0.862792969, -0.866606169, -0.462999379, -0.185411902, 0, 2, 1, 1, 
279.617176, 43, 0.1, 0.1, 0.0121261513, 0.335816401, -0.0349722044, 0.991364361, 0.131136203, 9.81523225e-006, 0.131136203, -0.991364361, -1.18542704e-005, 8.17594743e-006, 1.30390335e-005, -1, 0.99136442, 0.131135759, -2.16766516e-006, 0.131135759, -0.99136442, -1.70650222e-005, -4.38678076e-006, 1.66333974e-005, -1, 0, 0, 0, 0, 0, 0, 0, 0.158694653, 0.145368042, 0.146383447, -0.614962649, 0.653193487, 0.441648371, -0.600219727, -0.750976563, 0.275024414, 0.511309903, -0.0959165769, 0.854023071, 0, 0, -0, 0, 0, 0, 0, 0.242863623, 0.144654492, 0.141641406, -0.334081146, 0.814940388, -0.473378487, 0.367431641, -0.349853516, -0.861694336, -0.86792263, -0.4617788, -0.182561696, 0, 2, 1, 1, 
279.617863, 43, 0.1, 0.1, 0.0121261535, 0.335816405, -0.0349700059, 0.991364064, 0.131138446, -1.10994796e-005, 0.131138446, -0.991364064, 1.25387531e-005, -9.35931263e-006, -1.38860378e-005, -1, 0.991364123, 0.131138004, 1.78861428e-006, 0.131138004, -0.991364123, 1.83088196e-005, 4.17415008e-006, -1.79161516e-005, -1, 0, 0, 0, 0, 0, 0, 0, 0.158694653, 0.145368042, 0.146383447, -0.614962649, 0.653193487, 0.441648371, -0.600219727, -0.750976563, 0.275024414, 0.511309903, -0.0959165769, 0.854023071, 0, 0, -0, 0, 0, 0, 0, 0.242863623, 0.144654492, 0.141641406, -0.334081146, 0.814940388, -0.473378487, 0.367431641, -0.349853516, -0.861694336, -0.86792263, -0.4617788, -0.182561696, 0, 2, 1, 1, 
279.618549, 43, 0.1, 0.1, 0.0121261509, 0.335816402, -0.0349679857, 0.991363765, 0.131140707, 1.09704904e-005, 0.131140707, -0.991363765, -1.45337158e-005, 8.9697849e-006, 1.58468771e-005, -1, 0.991363825, 0.131140256, -2.86036403e-006, 0.131140256, -0.991363825, -2.05320579e-005, -5.52824075e-006, 1.99796305e-005, -1, 0, 0, 0, 0, 0, 0, 0, 0.158694653, 0.145368042, 0.146383447, -0.614962649, 0.653193487, 0.441648371, -0.600219727, -0.750976563, 0.275024414, 0.511309903, -0.0959165769, 0.854023071, 0, 0, -0, 0, 0, 0, 0, 0.242863623, 0.144654492, 0.141641406, -0.334081146, 0.814940388, -0.473378487, 0.367431641, -0.349853516, -0.861694336, -0.86792263, -0.4617788, -0.182561696, 0, 2, 1, 1, 
279.619236, 43, 0.1, 0.1, 0.0121261536, 0.335816406, -0.0349667181, 0.99136346, 0.131143017, -1.17180334e-005, 0.131143017, -0.99136346, 1.41663361e-005, -9.75901409e-006, -1.55807262e-005, -1, 0.99136352, 0.131142557, 2.59475083e-006, 0.131142557, -0.99136352, 2.02805016e-005, 5.23197817e-006, -1.97650672e-005, -1, 0, 0, 0, 0, 0, 0, 0, 0.158694653, 0.145368042, 0.146383447, -0.614962649, 0.653193487, 0.441648371, -0.600219727, -0.750976563, 0.275024414, 0.511309903, -0.0959165769, 0.854023071, 0, 0, -0, 0, 0, 0, 0, 0.242863623, 0.144654492, 0.141641406, -0.334081146, 0.814940388, -0.473378487, 0.367431641, -0.349853516, -0.861694336, -0.86792263, -0.4617788, -0.182561696, 0, 2, 1, 1, 
279.619934, 43, 0.1, 0.1, 0.0121261503, 0.335816402, -0.0349663289, 0.991363142, 0.131145419, 1.04420701e-005, 0.131145419, -0.991363142, -1.63504424e-005, 8.20759783e-006, 1.75786556e-005, -1, 0.991363204, 0.131144949, -4.10910963e-006, 0.131144949, -0.991363204, -2.25605901e-005, -7.03232753e-006, 2.18268499e-005, -1, 0, 0, 0, 0, 0, 0, 0, 0.158694653, 0.145368042, 0.146383447, -0.614962649, 0.653193487, 0.441648371, -0.600219727, -0.750976563, 0.275024414, 0.511309903, -0.0959165769, 0.854023071, 0, 0, -0, 0, 0, 0, 0, 0.242820654, 0.144409863, 0.140050977, -0.334860594, 0.811815663, -0.47810622, 0.367553711, -0.354614258, -0.859619141, -0.867513583, -0.463580134, -0.179621805, 0, 2, 1, 1, 
279.620633, 43, 0.1, 0.1, 0.0121261534, 0.335816407, -0.0349669374, 0.991362817, 0.131147872, -1.02753923e-005, 0.131147872, -0.991362817, 1.54844884e-005, -8.15588418e-006, -1.66983419e-005, -1, 0.991362881, 0.131147391, 3.87537207e-006, 0.131147391, -0.991362881, 2.12543361e-005, 6.62935074e-006, -2.05625149e-005, -1, 0, 0, 0, 0, 0, 0, 0, 0.158694653, 0.145368042, 0.146383447, -0.614962649, 0.653193487, 0.441648371, -0.600219727, -0.750976563, 0.275024414, 0.511309903, -0.0959165769, 0.854023071, 0, 0, -0, 0, 0, 0, 0, 0.242820654, 0.144409863, 0.140050977, -0.334860594, 0.811815663, -0.47810622, 0.367553711, -0.354614258, -0.859619141, -0.867513583, -0.463580134, -0.179621805, 0, 2, 1, 1, 
279.621321, 43, 0.1, 0.1, 0.0121261507, 0.335816404, -0.0349684116, 0.991362494, 0.131150319, 1.02804089e-005, 0.131150319, -0.991362494, -1.39308751e-005, 8.36457308e-006, 1.5158826e-005, -1, 0.991362557, 0.131149838, -3.1631963e-006, 0.131149838, -0.991362557, -1.93954502e-005, -5.67958454e-006, 1.88130705e-005, -1, 0, 0, 0, 0, 0, 0, 0, 0.158694653, 0.145368042, 0.146383447, -0.614962649, 0.653193487, 0.441648371, -0.600219727, -0.750976563, 0.275024414, 0.511309903, -0.0959165769, 0.854023071, 0, 0, -0, 0, 0, 0, 0, 0.242820654, 0.144409863, 0.140050977, -0.334860594, 0.811815663, -0.47810622, 0.367553711, -0.354614258, -0.859619141, -0.867513583, -0.463580134, -0.179621805, 0, 2, 1, 1, 
279.622069, 43, 0.1, 0.1, 0.0121261532, 0.335816409, -0.0349701133, 0.991362143, 0.131152972, -1.24371286e-005, 0.131152972, -0.991362143, 1.349294e-005, -1.05600593e-005, -1.50075562e-005, -1, 0.991362228, 0.131152329, 4.2455039e-006, 0.131152329, -0.991362228, 2.04243324e-005, 6.88753098e-006, -1.9691104e-005, -1, 0, 0, 0, 0, 0, 0, 0, 0.158850269, 0.145140308, 0.144449048, -0.616194533, 0.656979748, 0.434268671, -0.600341797, -0.748657227, 0.280883789, 0.509774727, -0.0876176425, 0.85580986, 0, 0, -0, 0, 0, 0, 0, 0.242820654, 0.144409863, 0.140050977, -0.334860594, 0.811815663, -0.47810622, 0.367553711, -0.354614258, -0.859619141, -0.867513583, -0.463580134, -0.179621805, 0, 2, 1, 1, 
279.622771, 43, 0.1, 0.1, 0.0121261497, 0.335816405, -0.0349709387, 0.991361805, 0.131155521, 7.98159832e-006, 0.131155521, -0.991361805, -1.46162563e-005, 5.99564901e-006, 1.55368289e-005, -1, 0.991361871, 0.131155027, -5.26448879e-006, 0.131155026, -0.991361871, -1.96207435e-005, -7.79237259e-006, 1.87607929e-005, -1, 0, 0, 0, 0, 0, 0, 0, 0.158850269, 0.145140308, 0.144449048, -0.616194533, 0.656979748, 0.434268671, -0.600341797, -0.748657227, 0.280883789, 0.509774727, -0.0876176425, 0.85580986, 0, 0, -0, 0, 0, 0, 0, 0.242820654, 0.144409863, 0.140050977, -0.334860594, 0.811815663, -0.47810622, 0.367553711, -0.354614258, -0.859619141, -0.867513583, -0.463580134, -0.179621805, 0, 2, 1, 1, 
279.623467, 43, 0.1, 0.1, 0.0121261524, 0.335816409, -0.0349713096, 0.991361476, 0.131158014, -7.73215285e-006, 0.131158014, -0.991361476, 1.09724374e-005, -6.22623536e-006, -1.18917856e-005, -1, 0.991361539, 0.131157533, 3.93570322e-006, 0.131157533, -0.991361539, 1.6196454e-005, 6.02599175e-006, -1.55403444e-005, -1, 0, 0, 0, 0, 0, 0, 0, 0.158850269, 0.145140308, 0.144449048, -0.616194533, 0.656979748, 0.434268671, -0.600341797, -0.748657227, 0.280883789, 0.509774727, -0.0876176425, 0.85580986, 0, 0, -0, 0, 0, 0, 0, 0.242820654, 0.144409863, 0.140050977, -0.334860594, 0.811815663, -0.47810622, 0.367553711, -0.354614258, -0.859619141, -0.867513583, -0.463580134, -0.179621805, 0, 2, 1, 1, 
279.624181, 43, 0.1, 0.1, 0.0121261513, 0.335816405, -0.0349710939, 0.991361139, 0.131160555, 1.48700048e-005, 0.131160555, -0.991361139, -1.4676265e-005, 1.28165978e-005, 1.64998369e-005, -1, 0.991361204, 0.131160066, 2.10948921e-006, 0.131160066, -0.991361204, -2.00459799e-005, -5.37966286e-007, 2.01494875e-005, -1, 0, 0, 0, 0, 0, 0, 0, 0.159062158, 0.144499414, 0.142526855, -0.616322213, 0.661476309, 0.427130105, -0.6015625, -0.745605469, 0.286621094, 0.508188255, -0.080296352, 0.857558457, 0, 0, -0, 0, 0, 0, 0, 0.242820654, 0.144409863, 0.140050977, -0.334860594, 0.811815663, -0.47810622, 0.367553711, -0.354614258, -0.859619141, -0.867513583, -0.463580134, -0.179621805, 0, 2, 1, 1, 
279.624884, 43, 0.1, 0.1, 0.0121261558, 0.335816409, -0.0349702111, 0.991360808, 0.131163058, -5.65740143e-006, 0.131163059, -0.991360808, 1.27480602e-005, -3.93645149e-006, -1.33799693e-005, -1, 0.991360872, 0.131162575, 7.6712984e-006, 0.131162575, -0.991360872, 1.79126033e-005, 9.95448825e-006, -1.67516667e-005, -1, 0, 0, 0, 0, 0, 0, 0, 0.159062158, 0.144499414, 0.142526855, -0.616322213, 0.661476309, 0.427130105, -0.6015625, -0.745605469, 0.286621094, 0.508188255, -0.080296352, 0.857558457, 0, 0, -0, 0, 0, 0, 0, 0.243048779, 0.143542383, 0.138677197, -0.334713673, 0.809074466, -0.482968114, 0.36730957, -0.359863281, -0.857543945, -0.867743626, -0.464359217, -0.176573272, 0, 2, 1, 1, 
279.625577, 43, 0.1, 0.1, 0.0121261541, 0.335816405, -0.0349692783, 0.991360481, 0.131165528, 1.18175288e-005, 0.131165528, -0.991360481, -1.27416437e-005, 1.00441666e-005, 1.41816144e-005, -1, 0.991360545, 0.131165049, -6.9390702e-007, 0.131165049, -0.991360545, -1.86300518e-005, -3.1315237e-006, 1.8378082e-005, -1, 0, 0, 0, 0, 0, 0, 0, 0.159062158, 0.144499414, 0.142526855, -0.616322213, 0.661476309, 0.427130105, -0.6015625, -0.745605469, 0.286621094, 0.508188255, -0.080296352, 0.857558457, 0, 0, -0, 0, 0, 0, 0, 0.243048779, 0.143542383, 0.138677197, -0.334713673, 0.809074466, -0.482968114, 0.36730957, -0.359863281, -0.857543945, -0.867743626, -0.464359217, -0.176573272, 0, 2, 1, 1, 
279.62627, 43, 0.1, 0.1, 0.0121261566, 0.33581641, -0.0349686036, 0.991360155, 0.131167997, -1.24073954e-005, 0.131167997, -0.991360155, 1.58256217e-005, -1.02243823e-005, -1.7316344e-005, -1, 0.991360219, 0.131167512, 1.50466578e-006, 0.131167512, -0.991360219, 2.14139473e-005, 4.30047999e-006, -2.10315722e-005, -1, 0, 0, 0, 0, 0, 0, 0, 0.159062158, 0.144499414, 0.142526855, -0.616322213, 0.661476309, 0.427130105, -0.6015625, -0.745605469, 0.286621094, 0.508188255, -0.080296352, 0.857558457, 0, 0, -0, 0, 0, 0, 0, 0.243048779, 0.143542383, 0.138677197, -0.334713673, 0.809074466, -0.482968114, 0.36730957, -0.359863281, -0.857543945, -0.867743626, -0.464359217, -0.176573272, 0, 2, 1, 1, 
279.626961, 43, 0.1, 0.1, 0.0121261529, 0.335816407, -0.0349683328, 0.991359826, 0.131170483, 8.04531701e-006, 0.131170483, -0.991359826, -1.27905873e-005, 6.29805656e-006, 1.37353825e-005, -1, 0.991359891, 0.13116999, -5.80825401e-006, 0.13116999, -0.991359891, -1.82591185e-005, -8.15311845e-006, 1.73394891e-005, -1, 0, 0, 0, 0, 0, 0, 0, 0.159062158, 0.144499414, 0.142526855, -0.616322213, 0.661476309, 0.427130105, -0.6015625, -0.745605469, 0.286621094, 0.508188255, -0.080296352, 0.857558457, 0, 0, -0, 0, 0, 0, 0, 0.243048779, 0.143542383, 0.138677197, -0.334713673, 0.809074466, -0.482968114, 0.36730957, -0.359863281, -0.857543945, -0.867743626, -0.464359217, -0.176573272, 0, 2, 1, 1, 
279.627655, 43, 0.1, 0.1, 0.0121261552, 0.335816412, -0.0349684812, 0.991359494, 0.131172991, -1.15198661e-005, 0.131172991, -0.991359494, 1.44082124e-005, -9.5303603e-006, -1.57948135e-005, -1, 0.991359559, 0.131172501, 1.74662457e-006, 0.131172501, -0.991359559, 2.03551354e-005, 4.40156699e-006, -1.9950149e-005, -1, 0, 0, 0, 0, 0, 0, 0, 0.159062158, 0.144499414, 0.142526855, -0.616322213, 0.661476309, 0.427130105, -0.6015625, -0.745605469, 0.286621094, 0.508188255, -0.080296352, 0.857558457, 0, 0, -0, 0, 0, 0, 0, 0.243048779, 0.143542383, 0.138677197, -0.334713673, 0.809074466, -0.482968114, 0.36730957, -0.359863281, -0.857543945, -0.867743626, -0.464359217, -0.176573272, 0, 2, 1, 1, 
279.628352, 43, 0.1, 0.1, 0.0121261523, 0.335816408, -0.0349690087, 0.99135916, 0.131175519, 1.03377382e-005, 0.131175519, -0.991359159, -1.54050758e-005, 8.22764263e-006, 1.66280212e-005, -1, 0.991359226, 0.13117502, -3.2723898e-006, 0.13117502, -0.991359225, -2.07781633e-005, -5.9696898e-006, 2.01693681e-005, -1, 0, 0, 0, 0, 0, 0, 0, 0.159062158, 0.144499414, 0.142526855, -0.616322213, 0.661476309, 0.427130105, -0.6015625, -0.745605469, 0.286621094, 0.508188255, -0.080296352, 0.857558457, 0, 0, -0, 0, 0, 0, 0, 0.243048779, 0.143542383, 0.138677197, -0.334713673, 0.809074466, -0.482968114, 0.36730957, -0.359863281, -0.857543945, -0.867743626, -0.464359217, -0.176573272, 0, 2, 1, 1, 
279.62905, 43, 0.1, 0.1, 0.0121261551, 0.335816412, -0.0349697047, 0.991358824, 0.131178052, -1.01334841e-005, 0.131178052, -0.991358824, 1.20006259e-005, -8.47170012e-006, -1.32262171e-005, -1, 0.991358893, 0.131177532, 3.80436185e-006, 0.131177531, -0.991358893, 1.74353271e-005, 6.05861112e-006, -1.67856198e-005, -1, 0, 0, 0, 0, 0, 0, 0, 0.159062158, 0.144499414, 0.142526855, -0.616322213, 0.661476309, 0.427130105, -0.6015625, -0.745605469, 0.286621094, 0.508188255, -0.080296352, 0.857558457, 0, 0, -0, 0, 0, 0, 0, 0.243048779, 0.143542383, 0.138677197, -0.334713673, 0.809074466, -0.482968114, 0.36730957, -0.359863281, -0.857543945, -0.867743626, -0.464359217, -0.176573272, 0, 2, 1, 1, 
