time, trialNum, realDorsalTactorPos, realVentralTactorPos, boxPosX, boxPosY, boxPosZ, boxLocalRot_11, boxLocalRot_12, boxLocalRot_13, boxLocalRot_21, boxLocalRot_22, boxLocalRot_23, boxLocalRot_31, boxLocalRot_32, boxLocalRot_33, boxGlobalRot_11, boxGlobalRot_12, boxGlobalRot_13, boxGlobalRot_21, boxGlobalRot_22, boxGlobalRot_23, boxGlobalRot_31, boxGlobalRot_32, boxGlobalRot_33, indexForceX, indexForceY, indexForceZ, indexForceGlobalX, indexForceGlobalY, indexForceGlobalZ, indexContact, indexPosX, indexPosY, indexPosZ, indexRot_11, indexRot_12, indexRot_13, indexRot_21, indexRot_22, indexRot_23, indexRot_31, indexRot_32, indexRot_33, thumbForceX, thumbForceY, thumbForceZ, thumbForceGlobalX, thumbForceGlobalY, thumbForceGlobalZ, thumbContact, thumbPosX, thumbPosY, thumbPosZ, thumbRot_11, thumbRot_12, thumbRot_13, thumbRot_21, thumbRot_22, thumbRot_23, thumbRot_31, thumbRot_32, thumbRot_33, manipForceTooHigh, cceExpType, mapping, trialSuccess, 
265.155293, 40, 0.1, 0.1, 0.00588918545, 0.367942338, -0.0349670523, 0.999956156, -0.00936406779, 2.24990412e-006, -0.00936406779, -0.999956156, 2.99623246e-006, 2.22174855e-006, -3.01716934e-006, -1, 0.999956156, -0.00936408457, 2.41444583e-006, -0.00936408459, -0.999956156, 8.51149071e-006, 2.33463765e-006, -8.5337266e-006, -1, 0, 0, 0, 0, 0, 0, 0, 0.16909397, 0.162490503, 0.149443408, -0.527364692, 0.740990639, 0.415557851, -0.782836914, -0.613769531, 0.101196289, 0.330092271, -0.271974898, 0.903884419, 0, 0, -0, 0, 0, 0, 0, 0.229600391, 0.144610645, 0.149082129, -0.419054566, 0.753345598, -0.50667164, 0.372802734, -0.365966797, -0.852539062, -0.827879355, -0.546071551, -0.127389932, 0, 2, 1, 1, 
265.195408, 40, 0.1, 0.1, 0.00588915291, 0.367942317, -0.0349670862, 0.999956016, -0.00937897128, -1.39001323e-005, -0.00937897107, -0.999956016, 1.49105581e-005, -1.40393666e-005, -1.47795334e-005, -1, 0.999956016, -0.00937897283, -9.51778766e-006, -0.00937897273, -0.999956016, 1.03042742e-005, -9.61401254e-006, -1.02145539e-005, -1, 0, 0, 0, 0, 0, 0, 0, 0.169269507, 0.162061255, 0.145011377, -0.524699487, 0.744849536, 0.411870436, -0.779052734, -0.615234375, 0.120361328, 0.343018072, -0.257755055, 0.903232529, 0, 0, -0, 0, 0, 0, 0, 0.231480518, 0.145348047, 0.145905811, -0.402936239, 0.770696566, -0.493337154, 0.357788086, -0.36340332, -0.859985352, -0.842264546, -0.523136145, -0.129302474, 0, 2, 1, 1, 
265.196095, 40, 0.1, 0.1, 0.00588915395, 0.367942316, -0.0349671339, 0.999956016, -0.00937895998, 1.4471197e-005, -0.00937895977, -0.999956016, -1.51032222e-005, 1.4612213e-005, 1.49668331e-005, -1, 0.999956016, -0.0093789624, 1.38162858e-005, -0.0093789622, -0.999956016, -1.46271059e-005, 1.39528652e-005, 1.44968801e-005, -1, 0, 0, 0, 0, 0, 0, 0, 0.169269507, 0.162061255, 0.145011377, -0.524699487, 0.744849536, 0.411870436, -0.779052734, -0.615234375, 0.120361328, 0.343018072, -0.257755055, 0.903232529, 0, 0, -0, 0, 0, 0, 0, 0.231480518, 0.145348047, 0.145905811, -0.402936239, 0.770696566, -0.493337154, 0.357788086, -0.36340332, -0.859985352, -0.842264546, -0.523136145, -0.129302474, 0, 2, 1, 1, 
265.196783, 40, 0.1, 0.1, 0.0058891537, 0.367942316, -0.0349679931, 0.999956017, -0.00937894538, 1.45991235e-006, -0.00937894538, -0.999956017, -7.81643045e-007, 1.46717913e-006, 7.67916228e-007, -1, 0.999956017, -0.00937894812, -4.9636887e-006, -0.00937894809, -0.999956017, 5.84666248e-006, -5.01830593e-006, -5.79985114e-006, -1, 0, 0, 0, 0, 0, 0, 0, 0.169269507, 0.162061255, 0.145011377, -0.524699487, 0.744849536, 0.411870436, -0.779052734, -0.615234375, 0.120361328, 0.343018072, -0.257755055, 0.903232529, 0, 0, -0, 0, 0, 0, 0, 0.231480518, 0.145348047, 0.145905811, -0.402936239, 0.770696566, -0.493337154, 0.357788086, -0.36340332, -0.859985352, -0.842264546, -0.523136145, -0.129302474, 0, 2, 1, 1, 
265.197496, 40, 0.1, 0.1, 0.00588915411, 0.367942316, -0.0349691601, 0.999956017, -0.00937893208, 5.26315669e-006, -0.00937893205, -0.999956017, -5.5890022e-006, 5.31534407e-006, 5.53939359e-006, -1, 0.999956017, -0.00937893467, 4.63448379e-006, -0.00937893465, -0.999956017, -4.8158611e-006, 4.67944759e-006, 4.77218276e-006, -1, 0, 0, 0, 0, 0, 0, 0, 0.169322363, 0.161569263, 0.144123877, -0.523677659, 0.748018734, 0.407524017, -0.779663086, -0.613525391, 0.124511719, 0.343227007, -0.252571777, 0.904662485, 0, 0, -0, 0, 0, 0, 0, 0.231471484, 0.144953809, 0.145072412, -0.402502039, 0.770856614, -0.493598547, 0.354248047, -0.365966797, -0.860473633, -0.84406005, -0.52115544, -0.125647666, 0, 2, 1, 1, 
265.198182, 40, 0.1, 0.1, 0.00588915134, 0.367942319, -0.0349703811, 0.999956017, -0.00937892048, -5.07831175e-006, -0.00937892045, -0.999956017, 5.33738354e-006, -5.12814729e-006, -5.28951971e-006, -1, 0.999956017, -0.00937892252, -1.16681241e-005, -0.00937892239, -0.999956017, 1.18509125e-005, -1.17787596e-005, -1.17409568e-005, -1, 0, 0, 0, 0, 0, 0, 0, 0.169322363, 0.161569263, 0.144123877, -0.523677659, 0.748018734, 0.407524017, -0.779663086, -0.613525391, 0.124511719, 0.343227007, -0.252571777, 0.904662485, 0, 0, -0, 0, 0, 0, 0, 0.231471484, 0.144953809, 0.145072412, -0.402502039, 0.770856614, -0.493598547, 0.354248047, -0.365966797, -0.860473633, -0.84406005, -0.52115544, -0.125647666, 0, 2, 1, 1, 
265.198869, 40, 0.1, 0.1, 0.00588915391, 0.367942317, -0.0349713911, 0.999956017, -0.00937891291, -8.47019194e-007, -0.0093789129, -0.999956017, 6.72445871e-007, -8.5328875e-007, -6.64472176e-007, -1, 0.999956017, -0.00937891428, 8.41907939e-006, -0.00937891421, -0.999956017, -8.91719516e-006, 8.5023427e-006, 8.83784113e-006, -1, 0, 0, 0, 0, 0, 0, 0, 0.169322363, 0.161569263, 0.144123877, -0.523677659, 0.748018734, 0.407524017, -0.779663086, -0.613525391, 0.124511719, 0.343227007, -0.252571777, 0.904662485, 0, 0, -0, 0, 0, 0, 0, 0.231471484, 0.144953809, 0.145072412, -0.402502039, 0.770856614, -0.493598547, 0.354248047, -0.365966797, -0.860473633, -0.84406005, -0.52115544, -0.125647666, 0, 2, 1, 1, 
265.199559, 40, 0.1, 0.1, 0.00588915334, 0.367942317, -0.0349719284, 0.999956017, -0.00937890855, -1.43589958e-006, -0.00937890855, -0.999956017, 2.03629826e-006, -1.45493468e-006, -2.02274153e-006, -1, 0.999956017, -0.00937890938, 2.66978614e-006, -0.00937890937, -0.999956017, -2.19087437e-006, 2.69021673e-006, 2.16573832e-006, -1, 0, 0, 0, 0, 0, 0, 0, 0.169322363, 0.161569263, 0.144123877, -0.523677659, 0.748018734, 0.407524017, -0.779663086, -0.613525391, 0.124511719, 0.343227007, -0.252571777, 0.904662485, 0, 0, -0, 0, 0, 0, 0, 0.231471484, 0.144953809, 0.145072412, -0.402502039, 0.770856614, -0.493598547, 0.354248047, -0.365966797, -0.860473633, -0.84406005, -0.52115544, -0.125647666, 0, 2, 1, 1, 
265.200247, 40, 0.1, 0.1, 0.00588915341, 0.367942317, -0.034971842, 0.999956017, -0.00937890578, -7.90885255e-006, -0.00937890572, -0.999956017, 7.84212362e-006, -7.98205523e-006, -7.76760232e-006, -1, 0.999956017, -0.00937890583, 1.19016563e-006, -0.00937890583, -0.999956017, -1.12744992e-006, 1.20068753e-006, 1.11623788e-006, -1, 0, 0, 0, 0, 0, 0, 0, 0.169322363, 0.161569263, 0.144123877, -0.523677659, 0.748018734, 0.407524017, -0.779663086, -0.613525391, 0.124511719, 0.343227007, -0.252571777, 0.904662485, 0, 0, -0, 0, 0, 0, 0, 0.231471484, 0.144953809, 0.145072412, -0.402502039, 0.770856614, -0.493598547, 0.354248047, -0.365966797, -0.860473633, -0.84406005, -0.52115544, -0.125647666, 0, 2, 1, 1, 
265.200937, 40, 0.1, 0.1, 0.00588915292, 0.367942318, -0.0349711893, 0.999956017, -0.00937890746, 1.34164133e-005, -0.00937890728, -0.999956017, -1.29158342e-005, 1.35369596e-005, 1.27894348e-005, -1, 0.999956017, -0.00937890679, 7.67334493e-006, -0.00937890674, -0.999956017, -7.17977449e-006, 7.74034587e-006, 7.10749112e-006, -1, 0, 0, 0, 0, 0, 0, 0, 0.169322363, 0.161569263, 0.144123877, -0.523677659, 0.748018734, 0.407524017, -0.779663086, -0.613525391, 0.124511719, 0.343227007, -0.252571777, 0.904662485, 0, 0, -0, 0, 0, 0, 0, 0.231471484, 0.144953809, 0.145072412, -0.402502039, 0.770856614, -0.493598547, 0.354248047, -0.365966797, -0.860473633, -0.84406005, -0.52115544, -0.125647666, 0, 2, 1, 1, 
265.20163, 40, 0.1, 0.1, 0.00588915342, 0.367942318, -0.0349701744, 0.999956017, -0.00937891362, -5.10760257e-006, -0.0093789136, -0.999956017, 4.52187184e-006, -5.14978817e-006, -4.47376919e-006, -1, 0.999956017, -0.00937891245, -6.05052056e-006, -0.00937891242, -0.999956017, 5.58083659e-006, -6.10259662e-006, -5.52384382e-006, -1, 0, 0, 0, 0, 0, 0, 0, 0.169322363, 0.161569263, 0.144123877, -0.523677659, 0.748018734, 0.407524017, -0.779663086, -0.613525391, 0.124511719, 0.343227007, -0.252571777, 0.904662485, 0, 0, -0, 0, 0, 0, 0, 0.231471484, 0.144953809, 0.145072412, -0.402502039, 0.770856614, -0.493598547, 0.354248047, -0.365966797, -0.860473633, -0.84406005, -0.52115544, -0.125647666, 0, 2, 1, 1, 
265.202343, 40, 0.1, 0.1, 0.00588915377, 0.367942317, -0.0349687912, 0.999956017, -0.00937891926, 5.37016635e-006, -0.00937891923, -0.999956017, -5.43329247e-006, 5.42088857e-006, 5.38268714e-006, -1, 0.999956017, -0.00937891801, -8.99532067e-007, -0.00937891801, -0.999956017, 7.37944653e-007, -9.06413625e-007, -7.29475559e-007, -1, 0, 0, 0, 0, 0, 0, 0, 0.169309912, 0.161470654, 0.143232349, -0.524057336, 0.750027562, 0.40312031, -0.778320312, -0.614013672, 0.130615234, 0.345511796, -0.245350836, 0.90573074, 0, 0, -0, 0, 0, 0, 0, 0.231623437, 0.145027393, 0.14455415, -0.403620173, 0.768856585, -0.495629925, 0.353271484, -0.368774414, -0.859741211, -0.843932085, -0.521979365, -0.122669862, 0, 2, 1, 1, 
265.203049, 40, 0.1, 0.1, 0.0058891517, 0.36794232, -0.0349676326, 0.999956017, -0.00937892559, -1.22403476e-005, -0.00937892544, -0.999956017, 1.23825442e-005, -1.23559442e-005, -1.22671983e-005, -1, 0.999956017, -0.00937892447, -1.37133081e-005, -0.00937892428, -0.999956017, 1.4083786e-005, -1.38447957e-005, -1.39545504e-005, -1, 0, 0, 0, 0, 0, 0, 0, 0.169309912, 0.161470654, 0.143232349, -0.524057336, 0.750027562, 0.40312031, -0.778320312, -0.614013672, 0.130615234, 0.345511796, -0.245350836, 0.90573074, 0, 0, -0, 0, 0, 0, 0, 0.231623437, 0.145027393, 0.14455415, -0.403620173, 0.768856585, -0.495629925, 0.353271484, -0.368774414, -0.859741211, -0.843932085, -0.521979365, -0.122669862, 0, 2, 1, 1, 
265.203739, 40, 0.1, 0.1, 0.0058891544, 0.367942317, -0.0349672024, 0.999956017, -0.00937893113, 9.62424141e-006, -0.00937893104, -0.999956017, -9.31609582e-006, 9.71119312e-006, 9.22542097e-006, -1, 0.999956017, -0.00937893054, 1.47998266e-005, -0.00937893032, -0.999956017, -1.51126955e-005, 1.49409166e-005, 1.49732243e-005, -1, 0, 0, 0, 0, 0, 0, 0, 0.169309912, 0.161470654, 0.143232349, -0.524057336, 0.750027562, 0.40312031, -0.778320312, -0.614013672, 0.130615234, 0.345511796, -0.245350836, 0.90573074, 0, 0, -0, 0, 0, 0, 0, 0.231623437, 0.145027393, 0.14455415, -0.403620173, 0.768856585, -0.495629925, 0.353271484, -0.368774414, -0.859741211, -0.843932085, -0.521979365, -0.122669862, 0, 2, 1, 1, 
265.204456, 40, 0.1, 0.1, 0.00588915368, 0.367942318, -0.0349674167, 0.999956017, -0.00937893358, 2.7701402e-006, -0.00937893358, -0.999956017, -2.20429854e-006, 2.79069233e-006, 2.17822063e-006, -1, 0.999956017, -0.00937893303, 2.10774115e-006, -0.00937893303, -0.999956017, -1.34479964e-006, 2.12026123e-006, 1.32497213e-006, -1, 0, 0, 0, 0, 0, 0, 0, 0.169363257, 0.160971094, 0.142129785, -0.523129867, 0.752987825, 0.398957738, -0.778198242, -0.612915039, 0.13659668, 0.347465962, -0.239145731, 0.906760802, 0, 0, -0, 0, 0, 0, 0, 0.231614893, 0.144717969, 0.143796045, -0.403556374, 0.767482888, -0.497904106, 0.35168457, -0.372192383, -0.858886719, -0.844539093, -0.521755518, -0.119717578, 0, 2, 1, 1, 
265.205142, 40, 0.1, 0.1, 0.00588915396, 0.367942318, -0.0349681613, 0.999956017, -0.00937893572, 3.94387272e-007, -0.00937893572, -0.999956017, -9.01711145e-007, 4.02827017e-007, 8.97972552e-007, -1, 0.999956017, -0.00937893536, 5.28286809e-006, -0.00937893533, -0.999956017, -5.83635337e-006, 5.33737452e-006, 5.78654899e-006, -1, 0, 0, 0, 0, 0, 0, 0, 0.169363257, 0.160971094, 0.142129785, -0.523129867, 0.752987825, 0.398957738, -0.778198242, -0.612915039, 0.13659668, 0.347465962, -0.239145731, 0.906760802, 0, 0, -0, 0, 0, 0, 0, 0.231614893, 0.144717969, 0.143796045, -0.403556374, 0.767482888, -0.497904106, 0.35168457, -0.372192383, -0.858886719, -0.844539093, -0.521755518, -0.119717578, 0, 2, 1, 1, 
265.205833, 40, 0.1, 0.1, 0.00588915126, 0.367942321, -0.0349693476, 0.999956017, -0.00937894048, 6.08521383e-006, -0.00937894044, -0.999956017, -5.65913326e-006, 6.13802285e-006, 5.6018115e-006, -1, 0.999956017, -0.00937893916, -5.79499679e-006, -0.00937893912, -0.999956017, 6.39022741e-006, -5.85467546e-006, -6.33559543e-006, -1, 0, 0, 0, 0, 0, 0, 0, 0.169363257, 0.160971094, 0.142129785, -0.523129867, 0.752987825, 0.398957738, -0.778198242, -0.612915039, 0.13659668, 0.347465962, -0.239145731, 0.906760802, 0, 0, -0, 0, 0, 0, 0, 0.231614893, 0.144717969, 0.143796045, -0.403556374, 0.767482888, -0.497904106, 0.35168457, -0.372192383, -0.858886719, -0.844539093, -0.521755518, -0.119717578, 0, 2, 1, 1, 
265.20652, 40, 0.1, 0.1, 0.00588915279, 0.367942319, -0.034970628, 0.999956017, -0.00937895106, -6.55102637e-006, -0.00937895102, -0.999956017, 5.20549909e-006, -6.59956035e-006, -5.14382838e-006, -1, 0.999956017, -0.00937894873, -2.11587031e-006, -0.00937894873, -0.999956017, 1.064233e-006, -2.12575863e-006, -1.04434155e-006, -1, 0, 0, 0, 0, 0, 0, 0, 0.169363257, 0.160971094, 0.142129785, -0.523129867, 0.752987825, 0.398957738, -0.778198242, -0.612915039, 0.13659668, 0.347465962, -0.239145731, 0.906760802, 0, 0, -0, 0, 0, 0, 0, 0.231614893, 0.144717969, 0.143796045, -0.403556374, 0.767482888, -0.497904106, 0.35168457, -0.372192383, -0.858886719, -0.844539093, -0.521755518, -0.119717578, 0, 2, 1, 1, 
265.207209, 40, 0.1, 0.1, 0.00588915198, 0.367942319, -0.0349716288, 0.999956017, -0.00937896081, -2.08748675e-006, -0.00937896081, -0.999956017, 5.96421435e-007, -2.09298875e-006, -5.76816746e-007, -1, 0.999956017, -0.00937895889, -3.05715853e-006, -0.00937895888, -0.999956017, 1.44841046e-006, -3.07060865e-006, -1.41967379e-006, -1, 0, 0, 0, 0, 0, 0, 0, 0.169363257, 0.160971094, 0.142129785, -0.523129867, 0.752987825, 0.398957738, -0.778198242, -0.612915039, 0.13659668, 0.347465962, -0.239145731, 0.906760802, 0, 0, -0, 0, 0, 0, 0, 0.231614893, 0.144717969, 0.143796045, -0.403556374, 0.767482888, -0.497904106, 0.35168457, -0.372192383, -0.858886719, -0.844539093, -0.521755518, -0.119717578, 0, 2, 1, 1, 
265.2079, 40, 0.1, 0.1, 0.00588915118, 0.36794232, -0.0349720324, 0.999956016, -0.0093789684, -1.1265273e-005, -0.00937896827, -0.999956016, 1.19359539e-005, -1.13767244e-005, -1.18297723e-005, -1, 0.999956016, -0.00937896696, -7.9170612e-006, -0.0093789669, -0.999956016, 7.91179895e-006, -7.99091748e-006, -7.8371971e-006, -1, 0, 0, 0, 0, 0, 0, 0, 0.169363257, 0.160971094, 0.142129785, -0.523129867, 0.752987825, 0.398957738, -0.778198242, -0.612915039, 0.13659668, 0.347465962, -0.239145731, 0.906760802, 0, 0, -0, 0, 0, 0, 0, 0.231614893, 0.144717969, 0.143796045, -0.403556374, 0.767482888, -0.497904106, 0.35168457, -0.372192383, -0.858886719, -0.844539093, -0.521755518, -0.119717578, 0, 2, 1, 1, 
265.208589, 40, 0.1, 0.1, 0.00588915245, 0.367942319, -0.0349718089, 0.999956016, -0.00937897734, 1.3094326e-005, -0.00937897717, -0.999956016, -1.34324969e-005, 1.32197331e-005, 1.33090947e-005, -1, 0.999956016, -0.00937897509, 1.29795181e-005, -0.00937897493, -0.999956016, -1.27594909e-005, 1.30986181e-005, 1.26371951e-005, -1, 0, 0, 0, 0, 0, 0, 0, 0.169363257, 0.160971094, 0.142129785, -0.523129867, 0.752987825, 0.398957738, -0.778198242, -0.612915039, 0.13659668, 0.347465962, -0.239145731, 0.906760802, 0, 0, -0, 0, 0, 0, 0, 0.231614893, 0.144717969, 0.143796045, -0.403556374, 0.767482888, -0.497904106, 0.35168457, -0.372192383, -0.858886719, -0.844539093, -0.521755518, -0.119717578, 0, 2, 1, 1, 
265.209304, 40, 0.1, 0.1, 0.00588915228, 0.367942319, -0.0349708847, 0.999956016, -0.0093789901, 2.43460619e-006, -0.0093789901, -0.999956016, -2.30669562e-006, 2.45613358e-006, 2.28376002e-006, -1, 0.999956016, -0.0093789872, -4.24017229e-006, -0.00937898719, -0.999956016, 4.21554218e-006, -4.27952331e-006, -4.17558825e-006, -1, 0, 0, 0, 0, 0, 0, 0, 0.169415869, 0.160667676, 0.141059814, -0.522246581, 0.755427626, 0.395461283, -0.777709961, -0.612182617, 0.142700195, 0.349921494, -0.233105377, 0.907314586, 0, 0, -0, 0, 0, 0, 0, 0.231614893, 0.144717969, 0.143796045, -0.403601217, 0.76596227, -0.500216566, 0.349975586, -0.375854492, -0.857910156, -0.845280263, -0.521301628, -0.116401089, 0, 2, 1, 1, 
265.209999, 40, 0.1, 0.1, 0.0058891531, 0.367942319, -0.0349694492, 0.999956016, -0.00937900194, 6.3309685e-006, -0.0093790019, -0.999956016, -5.99998486e-006, 6.38696391e-006, 5.9403428e-006, -1, 0.999956016, -0.00937899961, 5.86625832e-006, -0.00937899958, -0.999956016, -5.41749804e-006, 5.91681101e-006, 5.36224013e-006, -1, 0, 0, 0, 0, 0, 0, 0, 0.169415869, 0.160667676, 0.141059814, -0.522246581, 0.755427626, 0.395461283, -0.777709961, -0.612182617, 0.142700195, 0.349921494, -0.233105377, 0.907314586, 0, 0, -0, 0, 0, 0, 0, 0.231596338, 0.144403662, 0.142819824, -0.403601217, 0.76596227, -0.500216566, 0.349975586, -0.375854492, -0.857910156, -0.845280263, -0.521301628, -0.116401089, 0, 2, 1, 1, 
265.210689, 40, 0.1, 0.1, 0.00588915042, 0.367942322, -0.034968245, 0.999956016, -0.00937901578, -4.45517723e-006, -0.00937901576, -0.999956016, 4.65986418e-006, -4.49868622e-006, -4.61787404e-006, -1, 0.999956016, -0.00937901305, -1.15254004e-005, -0.00937901292, -0.999956016, 1.18823527e-005, -1.16363382e-005, -1.17737332e-005, -1, 0, 0, 0, 0, 0, 0, 0, 0.169415869, 0.160667676, 0.141059814, -0.522246581, 0.755427626, 0.395461283, -0.777709961, -0.612182617, 0.142700195, 0.349921494, -0.233105377, 0.907314586, 0, 0, -0, 0, 0, 0, 0, 0.231596338, 0.144403662, 0.142819824, -0.403601217, 0.76596227, -0.500216566, 0.349975586, -0.375854492, -0.857910156, -0.845280263, -0.521301628, -0.116401089, 0, 2, 1, 1, 
265.211382, 40, 0.1, 0.1, 0.0058891534, 0.367942319, -0.0349675836, 0.999956016, -0.00937902831, -1.37593464e-006, -0.00937902831, -0.999956016, 1.60143116e-006, -1.39089399e-006, -1.58845579e-006, -1, 0.999956016, -0.00937902616, 9.41269914e-006, -0.00937902606, -0.999956016, -9.71528942e-006, 9.50340509e-006, 9.62658015e-006, -1, 0, 0, 0, 0, 0, 0, 0, 0.169415869, 0.160667676, 0.141059814, -0.522246581, 0.755427626, 0.395461283, -0.777709961, -0.612182617, 0.142700195, 0.349921494, -0.233105377, 0.907314586, 0, 0, -0, 0, 0, 0, 0, 0.231596338, 0.144403662, 0.142819824, -0.403601217, 0.76596227, -0.500216566, 0.349975586, -0.375854492, -0.857910156, -0.845280263, -0.521301628, -0.116401089, 0, 2, 1, 1, 
265.212068, 40, 0.1, 0.1, 0.00588915248, 0.36794232, -0.0349676227, 0.999956016, -0.00937904019, -2.87248535e-006, -0.00937904018, -0.999956016, 3.21890733e-006, -2.90254926e-006, -3.19182459e-006, -1, 0.999956016, -0.00937903776, 2.00480347e-006, -0.00937903776, -0.999956016, -1.61989484e-006, 2.01990834e-006, 1.60102046e-006, -1, 0, 0, 0, 0, 0, 0, 0, 0.169415869, 0.160667676, 0.141059814, -0.522246581, 0.755427626, 0.395461283, -0.777709961, -0.612182617, 0.142700195, 0.349921494, -0.233105377, 0.907314586, 0, 0, -0, 0, 0, 0, 0, 0.231596338, 0.144403662, 0.142819824, -0.403601217, 0.76596227, -0.500216566, 0.349975586, -0.375854492, -0.857910156, -0.845280263, -0.521301628, -0.116401089, 0, 2, 1, 1, 
265.212756, 40, 0.1, 0.1, 0.00588915215, 0.36794232, -0.034968335, 0.999956016, -0.00937905022, -9.958124e-006, -0.00937905012, -0.999956016, 9.87330963e-006, -1.00502883e-005, -9.77947761e-006, -1, 0.999956016, -0.00937904828, 5.93439846e-008, -0.00937904828, -0.999956016, -3.4615158e-007, 6.25879468e-008, 3.45579764e-007, -1, 0, 0, 0, 0, 0, 0, 0, 0.169415869, 0.160667676, 0.141059814, -0.522246581, 0.755427626, 0.395461283, -0.777709961, -0.612182617, 0.142700195, 0.349921494, -0.233105377, 0.907314586, 0, 0, -0, 0, 0, 0, 0, 0.231596338, 0.144403662, 0.142819824, -0.403601217, 0.76596227, -0.500216566, 0.349975586, -0.375854492, -0.857910156, -0.845280263, -0.521301628, -0.116401089, 0, 2, 1, 1, 
265.213447, 40, 0.1, 0.1, 0.00588915109, 0.367942322, -0.03496945, 0.999956016, -0.00937906343, 1.27013227e-005, -0.00937906328, -0.999956016, -1.2132421e-005, 1.28145548e-005, 1.20127608e-005, -1, 0.999956016, -0.00937906054, 6.44715921e-006, -0.00937906051, -0.999956016, -5.6732766e-006, 6.50008564e-006, 5.61255877e-006, -1, 0, 0, 0, 0, 0, 0, 0, 0.169415869, 0.160667676, 0.141059814, -0.522246581, 0.755427626, 0.395461283, -0.777709961, -0.612182617, 0.142700195, 0.349921494, -0.233105377, 0.907314586, 0, 0, -0, 0, 0, 0, 0, 0.231596338, 0.144403662, 0.142819824, -0.403601217, 0.76596227, -0.500216566, 0.349975586, -0.375854492, -0.857910156, -0.845280263, -0.521301628, -0.116401089, 0, 2, 1, 1, 
265.214164, 40, 0.1, 0.1, 0.00588915118, 0.367942322, -0.0349704536, 0.999956015, -0.00937908238, -6.71207387e-006, -0.00937908234, -0.999956015, 5.46873988e-006, -6.7630704e-006, -5.40554624e-006, -1, 0.999956015, -0.00937907902, -7.69620748e-006, -0.00937907897, -0.999956015, 6.6320465e-006, -7.75807145e-006, -6.55957146e-006, -1, 0, 0, 0, 0, 0, 0, 0, 0.169352515, 0.160314575, 0.139943701, -0.523654076, 0.756789434, 0.39103848, -0.775390625, -0.61340332, 0.148925781, 0.35273985, -0.225287591, 0.908262273, 0, 0, -0, 0, 0, 0, 0, 0.23177832, 0.144189062, 0.141958691, -0.404393425, 0.76316347, -0.503922047, 0.350341797, -0.379638672, -0.856079102, -0.844749814, -0.522700478, -0.113844725, 0, 2, 1, 1, 
265.214855, 40, 0.1, 0.1, 0.00588915461, 0.367942321, -0.0349710232, 0.999956016, -0.00937902764, 1.00928722e-005, -0.00937902759, -0.999956016, -4.49704053e-006, 1.01346061e-005, 4.4021814e-006, -1, 0.999956016, -0.00937904362, 1.57522829e-005, -0.00937904364, -0.999956016, 1.3334056e-006, 1.5739084e-005, -1.4810883e-006, -1, 0, 0, 0, 0, 0, 0, 0, 0.169352515, 0.160314575, 0.139943701, -0.523654076, 0.756789434, 0.39103848, -0.775390625, -0.61340332, 0.148925781, 0.35273985, -0.225287591, 0.908262273, 0, 0, -0, 0, 0, 0, 0, 0.23177832, 0.144189062, 0.141958691, -0.404393425, 0.76316347, -0.503922047, 0.350341797, -0.379638672, -0.856079102, -0.844749814, -0.522700478, -0.113844725, 0, 2, 1, 1, 
265.215546, 40, 0.1, 0.1, 0.0058891543, 0.367942324, -0.0349712394, 0.999956015, -0.00937909259, 9.73505844e-006, -0.00937909269, -0.999956015, 1.03808674e-005, 9.63726713e-006, -1.04717168e-005, -1, 0.999956016, -0.0093790633, -1.74255116e-007, -0.0093790633, -0.999956016, 1.22714002e-005, -2.8934169e-007, -1.22692261e-005, -1, 0, 0, 0, 0, 0, 0, 0, 0.169352515, 0.160314575, 0.139943701, -0.523654076, 0.756789434, 0.39103848, -0.775390625, -0.61340332, 0.148925781, 0.35273985, -0.225287591, 0.908262273, 0, 0, -0, 0, 0, 0, 0, 0.23177832, 0.144189062, 0.141958691, -0.404393425, 0.76316347, -0.503922047, 0.350341797, -0.379638672, -0.856079102, -0.844749814, -0.522700478, -0.113844725, 0, 2, 1, 1, 
265.216232, 40, 0.1, 0.1, 0.00588915548, 0.367942321, -0.0349710599, 0.999956013, -0.00937938466, -9.70846413e-006, -0.00937938475, -0.999956013, -9.52369265e-006, -9.6187107e-006, 9.61433314e-006, -1, 0.999956013, -0.00937930847, -4.27959762e-006, -0.00937930853, -0.999956013, -1.43703457e-005, -4.14462547e-006, 1.44098533e-005, -1, 0, 0, 0, 0, 0, 0, 0, 0.169352515, 0.160314575, 0.139943701, -0.523654076, 0.756789434, 0.39103848, -0.775390625, -0.61340332, 0.148925781, 0.35273985, -0.225287591, 0.908262273, 0, 0, -0, 0, 0, 0, 0, 0.23177832, 0.144189062, 0.141958691, -0.404393425, 0.76316347, -0.503922047, 0.350341797, -0.379638672, -0.856079102, -0.844749814, -0.522700478, -0.113844725, 0, 2, 1, 1, 
265.216936, 40, 0.1, 0.1, 0.00588915623, 0.367942321, -0.0349704578, 0.999956008, -0.0093798834, 9.65121511e-006, -0.00937988336, -0.999956008, -3.85435011e-006, 9.68694389e-006, 3.76365328e-006, -1, 0.999956009, -0.00937977769, 1.08327994e-005, -0.00937977765, -0.999956009, -3.02709832e-006, 1.08607163e-005, 2.9253559e-006, -1, 0, 0, 0, 0, 0, 0, 0, 0.169352515, 0.160314575, 0.139943701, -0.523654076, 0.756789434, 0.39103848, -0.775390625, -0.61340332, 0.148925781, 0.35273985, -0.225287591, 0.908262273, 0, 0, -0, 0, 0, 0, 0, 0.23160293, 0.143395068, 0.141097559, -0.403467055, 0.761157245, -0.507627527, 0.349975586, -0.384155273, -0.854248047, -0.845388904, -0.522297627, -0.111288362, 0, 2, 1, 1, 
265.217628, 40, 0.1, 0.1, 0.00588915319, 0.367942322, -0.0349696556, 0.999956003, -0.00938037285, -8.26643255e-006, -0.00938037289, -0.999956003, -3.87384952e-006, -8.2297307e-006, 3.95122131e-006, -1, 0.999956004, -0.00938027931, -1.38768237e-005, -0.00938027928, -0.999956004, 2.56024688e-006, -1.3900229e-005, -2.42996576e-006, -1, 0, 0, 0, 0, 0, 0, 0, 0.169352515, 0.160314575, 0.139943701, -0.523654076, 0.756789434, 0.39103848, -0.775390625, -0.61340332, 0.148925781, 0.35273985, -0.225287591, 0.908262273, 0, 0, -0, 0, 0, 0, 0, 0.23160293, 0.143395068, 0.141097559, -0.403467055, 0.761157245, -0.507627527, 0.349975586, -0.384155273, -0.854248047, -0.845388904, -0.522297627, -0.111288362, 0, 2, 1, 1, 
265.218317, 40, 0.1, 0.1, 0.00588915378, 0.367942324, -0.0349689949, 0.999956001, -0.00938066648, -9.26022729e-006, -0.00938066638, -0.999956001, 1.08313136e-005, -9.36142479e-006, -1.07439699e-005, -1, 0.999956001, -0.00938062869, 1.68460405e-006, -0.00938062871, -0.999956001, 1.29104108e-005, 1.56342215e-006, -1.29256454e-005, -1, 0, 0, 0, 0, 0, 0, 0, 0.169352515, 0.160314575, 0.139943701, -0.523654076, 0.756789434, 0.39103848, -0.775390625, -0.61340332, 0.148925781, 0.35273985, -0.225287591, 0.908262273, 0, 0, -0, 0, 0, 0, 0, 0.23160293, 0.143395068, 0.141097559, -0.403467055, 0.761157245, -0.507627527, 0.349975586, -0.384155273, -0.854248047, -0.845388904, -0.522297627, -0.111288362, 0, 2, 1, 1, 
265.219024, 40, 0.1, 0.1, 0.00588915216, 0.36794232, -0.0349684858, 0.999956001, -0.00938066145, 1.08229034e-005, -0.00938066132, -0.999956001, -1.24940119e-005, 1.09396293e-005, 1.23919362e-005, -1, 0.999956, -0.00938068568, 5.13955588e-006, -0.00938068559, -0.999956, -1.75718584e-005, 5.30416582e-006, 1.75228727e-005, -1, 0, 0, 0, 0, 0, 0, 0, 0.169401099, 0.159573462, 0.138849316, -0.522828078, 0.759387994, 0.387059755, -0.775024414, -0.612548828, 0.155029297, 0.35483368, -0.219025198, 0.908892442, 0, 0, -0, 0, 0, 0, 0, 0.23160293, 0.143395068, 0.141097559, -0.403467055, 0.761157245, -0.507627527, 0.349975586, -0.384155273, -0.854248047, -0.845388904, -0.522297627, -0.111288362, 0, 2, 1, 1, 
265.219714, 40, 0.1, 0.1, 0.00588915132, 0.367942326, -0.034968368, 0.999956003, -0.0093803938, -1.01790461e-005, -0.00938039356, -0.999956003, 2.35803132e-005, -1.03997908e-005, -2.34837923e-005, -1, 0.999956002, -0.00938045731, -1.06620296e-005, -0.00938045703, -0.999956002, 2.67712261e-005, -1.09126868e-005, -2.66700335e-005, -1, 0, 0, 0, 0, 0, 0, 0, 0.169401099, 0.159573462, 0.138849316, -0.522828078, 0.759387994, 0.387059755, -0.775024414, -0.612548828, 0.155029297, 0.35483368, -0.219025198, 0.908892442, 0, 0, -0, 0, 0, 0, 0, 0.23160293, 0.143395068, 0.141097559, -0.403467055, 0.761157245, -0.507627527, 0.349975586, -0.384155273, -0.854248047, -0.845388904, -0.522297627, -0.111288362, 0, 2, 1, 1, 
265.220402, 40, 0.1, 0.1, 0.00588915325, 0.367942326, -0.0349687521, 0.999956006, -0.00938008972, 5.0008528e-006, -0.00938008968, -0.999956006, -8.20491215e-006, 5.0775956e-006, 8.15764273e-006, -1, 0.999956005, -0.00938014248, 1.10627171e-005, -0.00938014236, -0.999956005, -1.13540918e-005, 1.11687334e-005, 1.12498224e-005, -1, 0, 0, 0, 0, 0, 0, 0, 0.169401099, 0.159573462, 0.138849316, -0.522828078, 0.759387994, 0.387059755, -0.775024414, -0.612548828, 0.155029297, 0.35483368, -0.219025198, 0.908892442, 0, 0, -0, 0, 0, 0, 0, 0.23160293, 0.143395068, 0.141097559, -0.403467055, 0.761157245, -0.507627527, 0.349975586, -0.384155273, -0.854248047, -0.845388904, -0.522297627, -0.111288362, 0, 2, 1, 1, 
265.221089, 40, 0.1, 0.1, 0.00588915112, 0.367942325, -0.0349694599, 0.999956008, -0.00937982957, 5.67252014e-006, -0.00937982953, -0.999956008, -8.33842634e-006, 5.75048361e-006, 8.28485225e-006, -1, 0.999956008, -0.0093798907, -5.28059977e-006, -0.00937989073, -0.999956008, -6.41837439e-006, -5.22016381e-006, 6.46762348e-006, -1, 0, 0, 0, 0, 0, 0, 0, 0.169401099, 0.159573462, 0.138849316, -0.522828078, 0.759387994, 0.387059755, -0.775024414, -0.612548828, 0.155029297, 0.35483368, -0.219025198, 0.908892442, 0, 0, -0, 0, 0, 0, 0, 0.23160293, 0.143395068, 0.141097559, -0.403467055, 0.761157245, -0.507627527, 0.349975586, -0.384155273, -0.854248047, -0.845388904, -0.522297627, -0.111288362, 0, 2, 1, 1, 
265.221808, 40, 0.1, 0.1, 0.00588915185, 0.367942326, -0.0349700041, 0.999956012, -0.00937939451, -1.09286108e-005, -0.00937939453, -0.999956013, -2.00971037e-006, -1.09092802e-005, 2.11212572e-006, -1, 0.999956012, -0.00937949334, -5.92947045e-006, -0.00937949331, -0.999956012, 5.44555699e-006, -5.98028619e-006, -5.38970202e-006, -1, 0, 0, 0, 0, 0, 0, 0, 0.169475317, 0.158836377, 0.137547314, -0.521569986, 0.762043843, 0.383404541, -0.774414062, -0.611450195, 0.162109375, 0.358094992, -0.212401103, 0.909224187, 0, 0, -0, 0, 0, 0, 0, 0.231829102, 0.142821143, 0.139845361, -0.403122173, 0.75899134, -0.511013279, 0.347900391, -0.389282227, -0.852783203, -0.846334598, -0.521543332, -0.107102739, 0, 2, 1, 1, 
265.222499, 40, 0.1, 0.1, 0.00588915283, 0.367942328, -0.0349703839, 0.999956017, -0.0093789088, 1.20380084e-005, -0.00937890888, -0.999956017, 7.00639081e-006, 1.19717667e-005, -7.11898603e-006, -1, 0.999956016, -0.00937899837, 1.2277715e-005, -0.00937899849, -0.999956016, 9.61558361e-006, 1.21869905e-005, -9.73031335e-006, -1, 0, 0, 0, 0, 0, 0, 0, 0.169475317, 0.158836377, 0.137547314, -0.521569986, 0.762043843, 0.383404541, -0.774414062, -0.611450195, 0.162109375, 0.358094992, -0.212401103, 0.909224187, 0, 0, -0, 0, 0, 0, 0, 0.231829102, 0.142821143, 0.139845361, -0.403122173, 0.75899134, -0.511013279, 0.347900391, -0.389282227, -0.852783203, -0.846334598, -0.521543332, -0.107102739, 0, 2, 1, 1, 
265.223186, 40, 0.1, 0.1, 0.0058891514, 0.367942327, -0.0349705993, 0.99995602, -0.0093785674, -2.95911922e-006, -0.0093785674, -0.99995602, 1.02747062e-006, -2.96862528e-006, -9.99673131e-007, -1, 0.99995602, -0.00937862913, -8.71789067e-006, -0.00937862915, -0.99995602, -1.87763852e-006, -8.69989758e-006, 1.95931781e-006, -1, 0, 0, 0, 0, 0, 0, 0, 0.169475317, 0.158836377, 0.137547314, -0.521569986, 0.762043843, 0.383404541, -0.774414062, -0.611450195, 0.162109375, 0.358094992, -0.212401103, 0.909224187, 0, 0, -0, 0, 0, 0, 0, 0.231829102, 0.142821143, 0.139845361, -0.403122173, 0.75899134, -0.511013279, 0.347900391, -0.389282227, -0.852783203, -0.846334598, -0.521543332, -0.107102739, 0, 2, 1, 1, 
265.223876, 40, 0.1, 0.1, 0.00588915373, 0.367942328, -0.0349706236, 0.999956023, -0.00937829042, -4.15405879e-006, -0.00937829042, -0.999956023, -2.8156481e-007, -4.15123551e-006, 3.20510397e-007, -1, 0.999956022, -0.00937834825, 6.6557367e-006, -0.00937834827, -0.999956022, 2.01153518e-006, 6.63657911e-006, -2.07386653e-006, -1, 0, 0, 0, 0, 0, 0, 0, 0.169475317, 0.158836377, 0.137547314, -0.521569986, 0.762043843, 0.383404541, -0.774414062, -0.611450195, 0.162109375, 0.358094992, -0.212401103, 0.909224187, 0, 0, -0, 0, 0, 0, 0, 0.231829102, 0.142821143, 0.139845361, -0.403122173, 0.75899134, -0.511013279, 0.347900391, -0.389282227, -0.852783203, -0.846334598, -0.521543332, -0.107102739, 0, 2, 1, 1, 
265.224575, 40, 0.1, 0.1, 0.00588915344, 0.367942327, -0.0349704169, 0.999956025, -0.00937800846, 1.23001383e-005, -0.00937800839, -0.999956025, -5.65357533e-006, 1.23526167e-005, 5.53797591e-006, -1, 0.999956025, -0.00937807751, 7.33749978e-006, -0.00937807744, -0.999956025, -9.26628641e-006, 7.42407707e-006, 9.19706728e-006, -1, 0, 0, 0, 0, 0, 0, 0, 0.169475317, 0.158836377, 0.137547314, -0.521569986, 0.762043843, 0.383404541, -0.774414062, -0.611450195, 0.162109375, 0.358094992, -0.212401103, 0.909224187, 0, 0, -0, 0, 0, 0, 0, 0.231829102, 0.142821143, 0.139845361, -0.403122173, 0.75899134, -0.511013279, 0.347900391, -0.389282227, -0.852783203, -0.846334598, -0.521543332, -0.107102739, 0, 2, 1, 1, 
265.225261, 40, 0.1, 0.1, 0.00588915266, 0.367942327, -0.0349700303, 0.99995603, -0.00937757362, -1.02727842e-005, -0.00937757367, -0.99995603, -5.62227192e-006, -1.02196093e-005, 5.7183585e-006, -1, 0.999956029, -0.00937767047, -1.0639925e-005, -0.00937767051, -0.999956029, -3.60201111e-006, -1.06056787e-005, 3.70163044e-006, -1, 0, 0, 0, 0, 0, 0, 0, 0.169475317, 0.158836377, 0.137547314, -0.521569986, 0.762043843, 0.383404541, -0.774414062, -0.611450195, 0.162109375, 0.358094992, -0.212401103, 0.909224187, 0, 0, -0, 0, 0, 0, 0, 0.231829102, 0.142821143, 0.139845361, -0.403122173, 0.75899134, -0.511013279, 0.347900391, -0.389282227, -0.852783203, -0.846334598, -0.521543332, -0.107102739, 0, 2, 1, 1, 
265.22595, 40, 0.1, 0.1, 0.00588915455, 0.367942328, -0.0349696468, 0.999956034, -0.00937711405, 4.87402686e-006, -0.00937711404, -0.999956034, -1.27486021e-006, 4.88576708e-006, 1.22909986e-006, -1, 0.999956033, -0.00937719864, 1.11075224e-005, -0.00937719871, -0.999956033, 6.31505273e-006, 1.10478166e-005, -6.41893252e-006, -1, 0, 0, 0, 0, 0, 0, 0, 0.169475317, 0.158836377, 0.137547314, -0.521569986, 0.762043843, 0.383404541, -0.774414062, -0.611450195, 0.162109375, 0.358094992, -0.212401103, 0.909224187, 0, 0, -0, 0, 0, 0, 0, 0.231829102, 0.142821143, 0.139845361, -0.403122173, 0.75899134, -0.511013279, 0.347900391, -0.389282227, -0.852783203, -0.846334598, -0.521543332, -0.107102739, 0, 2, 1, 1, 
265.226668, 40, 0.1, 0.1, 0.00588915174, 0.367942328, -0.0349690327, 0.999956037, -0.00937681264, 4.54970769e-006, -0.00937681264, -0.999956037, -6.43802344e-007, 4.55554448e-006, 6.01112284e-007, -1, 0.999956036, -0.00937685986, -6.67660573e-006, -0.00937685985, -0.999956036, 1.6294221e-006, -6.69159107e-006, -1.56674487e-006, -1, 0, 0, 0, 0, 0, 0, 0, 0.169417944, 0.158257227, 0.135985449, -0.522926184, 0.763298188, 0.379025921, -0.771606445, -0.612792969, 0.169799805, 0.362017551, -0.203701152, 0.909670508, 0, 0, -0, 0, 0, 0, 0, 0.231835693, 0.142163721, 0.138713135, -0.402988012, 0.755981819, -0.51564513, 0.347900391, -0.39453125, -0.850341797, -0.846443239, -0.52210513, -0.103907285, 0, 2, 1, 1, 
265.227353, 40, 0.1, 0.1, 0.00588915185, 0.367942327, -0.0349687292, 0.999956039, -0.00937659544, -1.25538177e-005, -0.0093765955, -0.999956039, -4.63094669e-006, -1.25098433e-005, 4.74845518e-006, -1, 0.999956038, -0.00937662067, -7.45656691e-006, -0.00937662073, -0.999956038, -8.63541365e-006, -7.37526811e-006, 8.70495142e-006, -1, 0, 0, 0, 0, 0, 0, 0, 0.169417944, 0.158257227, 0.135985449, -0.522926184, 0.763298188, 0.379025921, -0.771606445, -0.612792969, 0.169799805, 0.362017551, -0.203701152, 0.909670508, 0, 0, -0, 0, 0, 0, 0, 0.231835693, 0.142163721, 0.138713135, -0.402988012, 0.755981819, -0.51564513, 0.347900391, -0.39453125, -0.850341797, -0.846443239, -0.52210513, -0.103907285, 0, 2, 1, 1, 
265.228043, 40, 0.1, 0.1, 0.00588915242, 0.367942328, -0.0349688132, 0.999956039, -0.00937660554, 1.07534955e-005, -0.0093766055, -0.999956039, -3.85939571e-006, 1.07892108e-005, 3.75839476e-006, -1, 0.999956039, -0.00937658878, 1.12220147e-005, -0.00937658876, -0.999956039, -1.89210059e-006, 1.12392628e-005, 1.7867932e-006, -1, 0, 0, 0, 0, 0, 0, 0, 0.169417944, 0.158257227, 0.135985449, -0.522926184, 0.763298188, 0.379025921, -0.771606445, -0.612792969, 0.169799805, 0.362017551, -0.203701152, 0.909670508, 0, 0, -0, 0, 0, 0, 0, 0.231835693, 0.142163721, 0.138713135, -0.402988012, 0.755981819, -0.51564513, 0.347900391, -0.39453125, -0.850341797, -0.846443239, -0.52210513, -0.103907285, 0, 2, 1, 1, 
265.228731, 40, 0.1, 0.1, 0.00588915013, 0.36794233, -0.0349692332, 0.999956038, -0.00937669199, -5.80759604e-006, -0.00937669199, -0.999956038, 1.07082259e-006, -5.81738149e-006, -1.01631947e-006, -1, 0.999956038, -0.00937667892, -1.17133795e-005, -0.00937667881, -0.999956038, 8.92901086e-006, -1.17965891e-005, -8.81878573e-006, -1, 0, 0, 0, 0, 0, 0, 0, 0.169417944, 0.158257227, 0.135985449, -0.522926184, 0.763298188, 0.379025921, -0.771606445, -0.612792969, 0.169799805, 0.362017551, -0.203701152, 0.909670508, 0, 0, -0, 0, 0, 0, 0, 0.231835693, 0.142163721, 0.138713135, -0.402988012, 0.755981819, -0.51564513, 0.347900391, -0.39453125, -0.850341797, -0.846443239, -0.52210513, -0.103907285, 0, 2, 1, 1, 
265.229419, 40, 0.1, 0.1, 0.005889152, 0.367942326, -0.034969853, 0.999956037, -0.00937675238, -4.03698044e-006, -0.00937675239, -0.999956037, -4.40317394e-006, -3.99551549e-006, 4.44083413e-006, -1, 0.999956037, -0.00937674027, 6.04145876e-006, -0.00937674018, -0.999956037, -1.48149319e-005, 6.18010893e-006, 1.47576314e-005, -1, 0, 0, 0, 0, 0, 0, 0, 0.169417944, 0.158257227, 0.135985449, -0.522926184, 0.763298188, 0.379025921, -0.771606445, -0.612792969, 0.169799805, 0.362017551, -0.203701152, 0.909670508, 0, 0, -0, 0, 0, 0, 0, 0.231835693, 0.142163721, 0.138713135, -0.402988012, 0.755981819, -0.51564513, 0.347900391, -0.39453125, -0.850341797, -0.846443239, -0.52210513, -0.103907285, 0, 2, 1, 1, 
265.230102, 40, 0.1, 0.1, 0.00588915224, 0.367942332, -0.0349704986, 0.999956035, -0.0093769874, 1.39940802e-005, -0.00937698757, -0.999956035, 1.19228682e-005, 1.38816644e-005, -1.20535663e-005, -1, 0.999956036, -0.00937692261, 8.9652064e-006, -0.00937692279, -0.999956035, 1.99981293e-005, 8.77729134e-006, -2.00813162e-005, -1, 0, 0, 0, 0, 0, 0, 0, 0.169417944, 0.158257227, 0.135985449, -0.522926184, 0.763298188, 0.379025921, -0.771606445, -0.612792969, 0.169799805, 0.362017551, -0.203701152, 0.909670508, 0, 0, -0, 0, 0, 0, 0, 0.231835693, 0.142163721, 0.138713135, -0.402988012, 0.755981819, -0.51564513, 0.347900391, -0.39453125, -0.850341797, -0.846443239, -0.52210513, -0.103907285, 0, 2, 1, 1, 
265.230791, 40, 0.1, 0.1, 0.00588915221, 0.36794233, -0.0349709879, 0.999956031, -0.00937745441, -7.77020062e-006, -0.00937745439, -0.999956031, 2.40089781e-006, -7.79237328e-006, -2.32792754e-006, -1, 0.999956032, -0.0093773473, -8.19254263e-006, -0.00937734735, -0.999956032, -6.07213183e-006, -8.13524193e-006, 6.14868916e-006, -1, 0, 0, 0, 0, 0, 0, 0, 0.169417944, 0.158257227, 0.135985449, -0.522926184, 0.763298188, 0.379025921, -0.771606445, -0.612792969, 0.169799805, 0.362017551, -0.203701152, 0.909670508, 0, 0, -0, 0, 0, 0, 0, 0.231835693, 0.142163721, 0.138713135, -0.402988012, 0.755981819, -0.51564513, 0.347900391, -0.39453125, -0.850341797, -0.846443239, -0.52210513, -0.103907285, 0, 2, 1, 1, 
265.231505, 40, 0.1, 0.1, 0.00588915478, 0.36794233, -0.0349708889, 0.999956025, -0.00937809238, 6.28269771e-006, -0.00937809237, -0.999956025, -2.7272691e-006, 6.30799801e-006, 2.66822945e-006, -1, 0.999956026, -0.0093779658, 1.24553092e-005, -0.00937796572, -0.999956026, -6.10657983e-006, 1.25120288e-005, 5.98950583e-006, -1, 0, 0, 0, 0, 0, 0, 0, 0.169431128, 0.157289941, 0.134633276, -0.522873766, 0.765720015, 0.374387071, -0.770019531, -0.612670898, 0.177612305, 0.365469823, -0.195433297, 0.910034454, 0, 0, -0, 0, 0, 0, 0, 0.232078711, 0.141504834, 0.137344482, -0.402585528, 0.752799858, -0.520545303, 0.34765625, -0.400268555, -0.84777832, -0.846769165, -0.522194082, -0.100494547, 0, 2, 1, 1, 
265.232191, 40, 0.1, 0.1, 0.00588915274, 0.367942331, -0.034970476, 0.999956019, -0.00937865823, 4.58159384e-006, -0.00937865821, -0.999956019, -3.14311535e-006, 4.61087054e-006, 3.10000791e-006, -1, 0.99995602, -0.00937856358, -5.58679704e-006, -0.00937856359, -0.99995602, -1.12363637e-006, -5.57601324e-006, 1.17598308e-006, -1, 0, 0, 0, 0, 0, 0, 0, 0.169431128, 0.157289941, 0.134633276, -0.522873766, 0.765720015, 0.374387071, -0.770019531, -0.612670898, 0.177612305, 0.365469823, -0.195433297, 0.910034454, 0, 0, -0, 0, 0, 0, 0, 0.232078711, 0.141504834, 0.137344482, -0.402585528, 0.752799858, -0.520545303, 0.34765625, -0.400268555, -0.84777832, -0.846769165, -0.522194082, -0.100494547, 0, 2, 1, 1, 
