time, trialNum, realDorsalTactorPos, realVentralTactorPos, boxPosX, boxPosY, boxPosZ, boxLocalRot_11, boxLocalRot_12, boxLocalRot_13, boxLocalRot_21, boxLocalRot_22, boxLocalRot_23, boxLocalRot_31, boxLocalRot_32, boxLocalRot_33, boxGlobalRot_11, boxGlobalRot_12, boxGlobalRot_13, boxGlobalRot_21, boxGlobalRot_22, boxGlobalRot_23, boxGlobalRot_31, boxGlobalRot_32, boxGlobalRot_33, indexForceX, indexForceY, indexForceZ, indexForceGlobalX, indexForceGlobalY, indexForceGlobalZ, indexContact, indexPosX, indexPosY, indexPosZ, indexRot_11, indexRot_12, indexRot_13, indexRot_21, indexRot_22, indexRot_23, indexRot_31, indexRot_32, indexRot_33, thumbForceX, thumbForceY, thumbForceZ, thumbForceGlobalX, thumbForceGlobalY, thumbForceGlobalZ, thumbContact, thumbPosX, thumbPosY, thumbPosZ, thumbRot_11, thumbRot_12, thumbRot_13, thumbRot_21, thumbRot_22, thumbRot_23, thumbRot_31, thumbRot_32, thumbRot_33, manipForceTooHigh, cceExpType, mapping, trialSuccess, 
216.679349, 33, 0.1, 0.1, 0.0166411432, 0.357915589, -0.0349810074, 0.937944367, -2.43186409e-006, 0.346785761, 0.346785761, 3.58661302e-006, -0.937944367, 1.0371669e-006, 1, 4.20737932e-006, 0.937944354, -3.78038632e-006, 0.346785798, 0.346785798, -2.11316899e-006, -0.937944354, 4.278609e-006, 1, -6.71050634e-007, 0, 0, 0, 0, 0, 0, 0, 0.124221851, 0.167458252, 0.160071826, -0.170695833, 0.414399542, 0.893815398, -0.669921875, -0.713989258, 0.203125, 0.722487378, -0.564204302, 0.399519037, 0, 0, -0, 0, 0, 0, 0, 0.189313672, 0.164847559, 0.0927547852, -0.339327702, 0.791844969, -0.507594275, 0.223144531, -0.456420898, -0.861206055, -0.913766125, -0.405535211, -0.0216826889, 0, 2, 1, 1, 
216.722861, 33, 0.1, 0.1, 0.0166411613, 0.357915584, -0.0349689266, 0.937915016, -1.51670712e-005, 0.346865136, 0.346865136, -2.23626517e-007, -0.937915016, 1.43029921e-005, 1, 5.05118555e-006, 0.93791518, -1.22032611e-005, 0.346864693, 0.346864693, 8.02773142e-006, -0.93791518, 8.66108721e-006, 1, 1.17622116e-005, 0, 0, 0, 0, 0, 0, 0, 0.12586709, 0.168742261, 0.158952319, -0.18559788, 0.409659602, 0.89305941, -0.682983398, -0.70715332, 0.182495117, 0.706432433, -0.576183539, 0.411132823, 0, 0, -0, 0, 0, 0, 0, 0.191664551, 0.166794775, 0.0933924316, -0.32755941, 0.811463189, -0.483711709, 0.212158203, -0.435668945, -0.874633789, -0.920630247, -0.388989613, -0.029360175, 0, 2, 1, 1, 
216.723554, 33, 0.1, 0.1, 0.0166411608, 0.357915586, -0.0349692774, 0.937914284, 7.3614401e-006, 0.346867117, 0.346867117, 9.63157238e-006, -0.937914284, -1.02452756e-005, 1, 6.48014781e-006, 0.937914429, 1.13672642e-005, 0.346866723, 0.346866723, -8.19397959e-007, -0.937914429, -1.03772993e-005, 1, -4.71145087e-006, 0, 0, 0, 0, 0, 0, 0, 0.12586709, 0.168742261, 0.158952319, -0.18559788, 0.409659602, 0.89305941, -0.682983398, -0.70715332, 0.182495117, 0.706432433, -0.576183539, 0.411132823, 0, 0, -0, 0, 0, 0, 0, 0.191957129, 0.166940039, 0.0935037598, -0.32755941, 0.811463189, -0.483711709, 0.212158203, -0.435668945, -0.874633789, -0.920630247, -0.388989613, -0.029360175, 0, 2, 1, 1, 
216.724264, 33, 0.1, 0.1, 0.0166411636, 0.357915585, -0.0349695482, 0.937913533, -7.44573539e-007, 0.346869145, 0.346869145, -1.07620317e-005, -0.937913533, 4.43136233e-006, 1, -9.83558558e-006, 0.937913678, -8.50637128e-006, 0.346868753, 0.346868753, -8.07662836e-006, -0.937913678, 1.0779772e-005, 1, -4.62458582e-006, 0, 0, 0, 0, 0, 0, 0, 0.12586709, 0.168742261, 0.158952319, -0.18559788, 0.409659602, 0.89305941, -0.682983398, -0.70715332, 0.182495117, 0.706432433, -0.576183539, 0.411132823, 0, 0, -0, 0, 0, 0, 0, 0.191957129, 0.166940039, 0.0935037598, -0.32755941, 0.811463189, -0.483711709, 0.212158203, -0.435668945, -0.874633789, -0.920630247, -0.388989613, -0.029360175, 0, 2, 1, 1, 
216.724959, 33, 0.1, 0.1, 0.0166411623, 0.357915583, -0.0349698825, 0.9379128, -8.09185339e-006, 0.346871129, 0.346871129, 9.97377167e-006, -0.9379128, 4.12983943e-006, 1, 1.21613584e-005, 0.937912944, 1.58424098e-006, 0.346870739, 0.346870739, 1.42007956e-005, -0.937912944, -6.41172058e-006, 1, 1.27695832e-005, 0, 0, 0, 0, 0, 0, 0, 0.12586709, 0.168742261, 0.158952319, -0.18559788, 0.409659602, 0.89305941, -0.682983398, -0.70715332, 0.182495117, 0.706432433, -0.576183539, 0.411132823, 0, 0, -0, 0, 0, 0, 0, 0.191957129, 0.166940039, 0.0935037598, -0.32755941, 0.811463189, -0.483711709, 0.212158203, -0.435668945, -0.874633789, -0.920630247, -0.388989613, -0.029360175, 0, 2, 1, 1, 
216.725649, 33, 0.1, 0.1, 0.016641162, 0.357915585, -0.0349701433, 0.937912074, 1.41819719e-005, 0.346873092, 0.346873092, 1.05977325e-006, -0.937912074, -1.36690495e-005, 1, -3.92537032e-006, 0.937912218, 1.12741991e-005, 0.346872703, 0.346872703, -6.11300422e-006, -0.937912218, -8.45377479e-006, 1, -9.64417326e-006, 0, 0, 0, 0, 0, 0, 0, 0.12586709, 0.168742261, 0.158952319, -0.18559788, 0.409659602, 0.89305941, -0.682983398, -0.70715332, 0.182495117, 0.706432433, -0.576183539, 0.411132823, 0, 0, -0, 0, 0, 0, 0, 0.191957129, 0.166940039, 0.0935037598, -0.32755941, 0.811463189, -0.483711709, 0.212158203, -0.435668945, -0.874633789, -0.920630247, -0.388989613, -0.029360175, 0, 2, 1, 1, 
216.726349, 33, 0.1, 0.1, 0.0166411632, 0.357915582, -0.03497018, 0.937911341, -5.94240471e-006, 0.346875074, 0.346875074, -7.34360259e-006, -0.937911341, 8.12076147e-006, 1, -4.82637608e-006, 0.937911483, -1.0143564e-005, 0.34687469, 0.34687469, 2.64030548e-006, -0.937911483, 8.59790996e-006, 1, 5.99491843e-006, 0, 0, 0, 0, 0, 0, 0, 0.12586709, 0.168742261, 0.158952319, -0.18559788, 0.409659602, 0.89305941, -0.682983398, -0.70715332, 0.182495117, 0.706432433, -0.576183539, 0.411132823, 0, 0, -0, 0, 0, 0, 0, 0.191957129, 0.166940039, 0.0935037598, -0.32755941, 0.811463189, -0.483711709, 0.212158203, -0.435668945, -0.874633789, -0.920630247, -0.388989613, -0.029360175, 0, 2, 1, 1, 
216.727046, 33, 0.1, 0.1, 0.0166411609, 0.357915582, -0.0349701032, 0.937910612, 2.22290471e-006, 0.346877045, 0.346877045, 1.31122371e-005, -0.937910612, -6.63321999e-006, 1, 1.15270317e-005, 0.937910755, 9.6780973e-006, 0.346876656, 0.346876656, 1.062167e-005, -0.937910756, -1.27616009e-005, 1, 6.6050725e-006, 0, 0, 0, 0, 0, 0, 0, 0.12586709, 0.168742261, 0.158952319, -0.18559788, 0.409659602, 0.89305941, -0.682983398, -0.70715332, 0.182495117, 0.706432433, -0.576183539, 0.411132823, 0, 0, -0, 0, 0, 0, 0, 0.191957129, 0.166940039, 0.0935037598, -0.32755941, 0.811463189, -0.483711709, 0.212158203, -0.435668945, -0.874633789, -0.920630247, -0.388989613, -0.029360175, 0, 2, 1, 1, 
216.727773, 33, 0.1, 0.1, 0.0166411621, 0.357915584, -0.0349697051, 0.937909853, 1.20410222e-005, 0.346879095, 0.346879095, -9.08724358e-006, -0.937909853, -8.14121849e-006, 1, -1.26997942e-005, 0.937910008, 1.50273375e-006, 0.346878678, 0.346878678, -1.35734295e-005, -0.937910008, 3.29890427e-006, 1, -1.32519217e-005, 0, 0, 0, 0, 0, 0, 0, 0.126104004, 0.168757275, 0.158947559, -0.185268379, 0.4100082, 0.892957939, -0.684082031, -0.706054688, 0.182373047, 0.705391509, -0.577103895, 0.411272487, 0, 0, -0, 0, 0, 0, 0, 0.192229687, 0.166855469, 0.0931822754, -0.326460599, 0.812811733, -0.482261086, 0.209228516, -0.435302734, -0.875488281, -0.921742184, -0.386638507, -0.0279802813, 0, 2, 1, 1, 
216.728462, 33, 0.1, 0.1, 0.0166411621, 0.357915582, -0.0349691559, 0.937909133, -1.1458229e-005, 0.346881043, 0.346881043, -1.12908066e-006, -0.937909133, 1.11384343e-005, 1, 2.91566738e-006, 0.937909277, -8.33280735e-006, 0.346880655, 0.346880655, 6.46853245e-006, -0.937909277, 5.57160854e-006, 1, 8.95738627e-006, 0, 0, 0, 0, 0, 0, 0, 0.126104004, 0.168757275, 0.158947559, -0.185268379, 0.4100082, 0.892957939, -0.684082031, -0.706054688, 0.182373047, 0.705391509, -0.577103895, 0.411272487, 0, 0, -0, 0, 0, 0, 0, 0.192229687, 0.166855469, 0.0931822754, -0.326460599, 0.812811733, -0.482261086, 0.209228516, -0.435302734, -0.875488281, -0.921742184, -0.386638507, -0.0279802813, 0, 2, 1, 1, 
216.729208, 33, 0.1, 0.1, 0.0166411601, 0.357915585, -0.0349682404, 0.937908348, 1.02879125e-005, 0.346883165, 0.346883164, 7.90402546e-006, -0.937908348, -1.23908924e-005, 1, 3.8445478e-006, 0.937908493, 1.5362156e-005, 0.346882774, 0.346882774, -2.7253472e-006, -0.937908493, -1.34629206e-005, 1, -7.88499358e-006, 0, 0, 0, 0, 0, 0, 0, 0.126104004, 0.168757275, 0.158947559, -0.185268379, 0.4100082, 0.892957939, -0.684082031, -0.706054688, 0.182373047, 0.705391509, -0.577103895, 0.411272487, 0, 0, -0, 0, 0, 0, 0, 0.192229687, 0.166855469, 0.0931822754, -0.326460599, 0.812811733, -0.482261086, 0.209228516, -0.435302734, -0.875488281, -0.921742184, -0.386638507, -0.0279802813, 0, 2, 1, 1, 
216.729908, 33, 0.1, 0.1, 0.0166411627, 0.357915586, -0.0349677211, 0.937907606, -8.95888419e-007, 0.346885172, 0.346885172, -1.49555175e-005, -0.937907606, 6.02810783e-006, 1, -1.37161232e-005, 0.937907753, -8.4242888e-006, 0.346884775, 0.346884775, -1.21624738e-005, -0.937907753, 1.21201828e-005, 1, -8.48502092e-006, 0, 0, 0, 0, 0, 0, 0, 0.126104004, 0.168757275, 0.158947559, -0.185268379, 0.4100082, 0.892957939, -0.684082031, -0.706054688, 0.182373047, 0.705391509, -0.577103895, 0.411272487, 0, 0, -0, 0, 0, 0, 0, 0.192229687, 0.166855469, 0.0931822754, -0.326460599, 0.812811733, -0.482261086, 0.209228516, -0.435302734, -0.875488281, -0.921742184, -0.386638507, -0.0279802813, 0, 2, 1, 1, 
216.7306, 33, 0.1, 0.1, 0.0166411619, 0.357915584, -0.0349677706, 0.937906869, -1.17389659e-005, 0.346887164, 0.346887164, 8.16763194e-006, -0.937906869, 8.17681005e-006, 1, 1.17325747e-005, 0.937907015, -7.60953284e-007, 0.346886769, 0.346886769, 1.24609754e-005, -0.937907015, -3.60884407e-006, 1, 1.19512009e-005, 0, 0, 0, 0, 0, 0, 0, 0.126104004, 0.168757275, 0.158947559, -0.185268379, 0.4100082, 0.892957939, -0.684082031, -0.706054688, 0.182373047, 0.705391509, -0.577103895, 0.411272487, 0, 0, -0, 0, 0, 0, 0, 0.192229687, 0.166855469, 0.0931822754, -0.326460599, 0.812811733, -0.482261086, 0.209228516, -0.435302734, -0.875488281, -0.921742184, -0.386638507, -0.0279802813, 0, 2, 1, 1, 
216.731301, 33, 0.1, 0.1, 0.0166411634, 0.357915587, -0.0349683151, 0.937906119, 9.77057347e-006, 0.346889194, 0.346889194, -6.85864324e-007, -0.937906119, -8.92596172e-006, 1, -4.0325827e-006, 0.937906266, 6.90642624e-006, 0.346888795, 0.346888796, -8.61558403e-006, -0.937906266, -3.48893088e-006, 1, -1.04763721e-005, 0, 0, 0, 0, 0, 0, 0, 0.126104004, 0.168757275, 0.158947559, -0.185268379, 0.4100082, 0.892957939, -0.684082031, -0.706054688, 0.182373047, 0.705391509, -0.577103895, 0.411272487, 0, 0, -0, 0, 0, 0, 0, 0.192229687, 0.166855469, 0.0931822754, -0.326460599, 0.812811733, -0.482261086, 0.209228516, -0.435302734, -0.875488281, -0.921742184, -0.386638507, -0.0279802813, 0, 2, 1, 1, 
216.732008, 33, 0.1, 0.1, 0.0166411666, 0.357915585, -0.0349691818, 0.937905362, -1.20167756e-005, 0.34689124, 0.34689124, -8.67302794e-006, -0.937905362, 1.42791957e-005, 1, -3.96596522e-006, 0.93790551, -1.64908259e-005, 0.346890839, 0.346890839, 1.43099551e-006, -0.93790551, 1.49704373e-005, 1, 7.06265502e-006, 0, 0, 0, 0, 0, 0, 0, 0.126104004, 0.168757275, 0.158947559, -0.185268379, 0.4100082, 0.892957939, -0.684082031, -0.706054688, 0.182373047, 0.705391509, -0.577103895, 0.411272487, 0, 0, -0, 0, 0, 0, 0, 0.192229687, 0.166855469, 0.0931822754, -0.326460599, 0.812811733, -0.482261086, 0.209228516, -0.435302734, -0.875488281, -0.921742184, -0.386638507, -0.0279802813, 0, 2, 1, 1, 
216.732735, 33, 0.1, 0.1, 0.0166411657, 0.357915584, -0.0349698334, 0.937904582, -1.14728668e-006, 0.346893349, 0.346893348, 1.4605932e-005, -0.937904582, -3.99065521e-006, 1, 1.40969566e-005, 0.937904739, 6.44695287e-006, 0.346892924, 0.346892924, 1.15688529e-005, -0.937904739, -1.00597809e-005, 1, 8.61407961e-006, 0, 0, 0, 0, 0, 0, 0, 0.126353735, 0.169005664, 0.158719556, -0.18472283, 0.410534653, 0.892856467, -0.684692383, -0.705444336, 0.182739258, 0.704934327, -0.577681645, 0.41141215, 0, 0, -0, 0, 0, 0, 0, 0.192527148, 0.16700415, 0.092857373, -0.324997583, 0.814268918, -0.480784944, 0.206665039, -0.434936523, -0.876342773, -0.922815842, -0.384153239, -0.0268431908, 0, 2, 1, 1, 
216.733428, 33, 0.1, 0.1, 0.016641168, 0.357915585, -0.034970213, 0.937903841, 8.4112069e-006, 0.346895352, 0.346895352, -5.95739923e-006, -0.937903841, -5.82230915e-006, 1, -8.5052762e-006, 0.937903988, -1.71831988e-006, 0.346894956, 0.346894956, -1.00625208e-005, -0.937903987, 5.10225679e-006, 1, -8.84160192e-006, 0, 0, 0, 0, 0, 0, 0, 0.126353735, 0.169005664, 0.158719556, -0.18472283, 0.410534653, 0.892856467, -0.684692383, -0.705444336, 0.182739258, 0.704934327, -0.577681645, 0.41141215, 0, 0, -0, 0, 0, 0, 0, 0.192527148, 0.16700415, 0.092857373, -0.324997583, 0.814268918, -0.480784944, 0.206665039, -0.434936523, -0.876342773, -0.922815842, -0.384153239, -0.0268431908, 0, 2, 1, 1, 
216.734128, 33, 0.1, 0.1, 0.0166411684, 0.357915582, -0.034970364, 0.937903097, -1.16551363e-005, 0.346897363, 0.346897363, 2.3701791e-006, -0.937903097, 1.01091796e-005, 1, 6.26613438e-006, 0.937903243, -9.14975624e-006, 0.346896969, 0.34689697, 9.82327108e-006, -0.937903243, 5.17392308e-006, 1, 1.23873005e-005, 0, 0, 0, 0, 0, 0, 0, 0.126353735, 0.169005664, 0.158719556, -0.18472283, 0.410534653, 0.892856467, -0.684692383, -0.705444336, 0.182739258, 0.704934327, -0.577681645, 0.41141215, 0, 0, -0, 0, 0, 0, 0, 0.192527148, 0.16700415, 0.092857373, -0.324997583, 0.814268918, -0.480784944, 0.206665039, -0.434936523, -0.876342773, -0.922815842, -0.384153239, -0.0268431908, 0, 2, 1, 1, 
216.734827, 33, 0.1, 0.1, 0.0166411671, 0.357915583, -0.0349703134, 0.937902358, 8.8989192e-006, 0.34689936, 0.34689936, 1.01114164e-005, -0.937902358, -1.18539612e-005, 1, 6.39649195e-006, 0.937902512, 1.323677e-005, 0.346898944, 0.346898944, -6.08647638e-008, -0.937902512, -1.23936859e-005, 1, -4.64890675e-006, 0, 0, 0, 0, 0, 0, 0, 0.126353735, 0.169005664, 0.158719556, -0.18472283, 0.410534653, 0.892856467, -0.684692383, -0.705444336, 0.182739258, 0.704934327, -0.577681645, 0.41141215, 0, 0, -0, 0, 0, 0, 0, 0.192527148, 0.16700415, 0.092857373, -0.324997583, 0.814268918, -0.480784944, 0.206665039, -0.434936523, -0.876342773, -0.922815842, -0.384153239, -0.0268431908, 0, 2, 1, 1, 
216.735517, 33, 0.1, 0.1, 0.016641169, 0.357915583, -0.0349700627, 0.937901632, 8.52678018e-007, 0.346901324, 0.346901324, -1.2510268e-005, -0.937901632, 3.54010044e-006, 1, -1.20291959e-005, 0.937901776, -6.50980444e-006, 0.346900935, 0.346900935, -9.53745237e-006, -0.937901776, 9.41410828e-006, 1, -6.68693627e-006, 0, 0, 0, 0, 0, 0, 0, 0.126353735, 0.169005664, 0.158719556, -0.18472283, 0.410534653, 0.892856467, -0.684692383, -0.705444336, 0.182739258, 0.704934327, -0.577681645, 0.41141215, 0, 0, -0, 0, 0, 0, 0, 0.192527148, 0.16700415, 0.092857373, -0.324997583, 0.814268918, -0.480784944, 0.206665039, -0.434936523, -0.876342773, -0.922815842, -0.384153239, -0.0268431908, 0, 2, 1, 1, 
216.736212, 33, 0.1, 0.1, 0.0166411674, 0.357915582, -0.0349697281, 0.937900903, -7.87634521e-006, 0.346903294, 0.346903294, 7.04434627e-006, -0.937900903, 4.94352437e-006, 1, 9.33922883e-006, 0.937901047, 2.18402615e-006, 0.346902906, 0.346902906, 1.15355281e-005, -0.937901047, -6.05010864e-006, 1, 1.00615389e-005, 0, 0, 0, 0, 0, 0, 0, 0.126353735, 0.169005664, 0.158719556, -0.18472283, 0.410534653, 0.892856467, -0.684692383, -0.705444336, 0.182739258, 0.704934327, -0.577681645, 0.41141215, 0, 0, -0, 0, 0, 0, 0, 0.192527148, 0.16700415, 0.092857373, -0.324997583, 0.814268918, -0.480784944, 0.206665039, -0.434936523, -0.876342773, -0.922815842, -0.384153239, -0.0268431908, 0, 2, 1, 1, 
216.736918, 33, 0.1, 0.1, 0.0166411671, 0.357915584, -0.0349693844, 0.937900164, 1.4422871e-005, 0.346905292, 0.346905292, -1.44708775e-006, -0.937900165, -1.30252107e-005, 1, -6.3605941e-006, 0.937900312, 1.17043622e-005, 0.346904893, 0.346904893, -9.04723859e-006, -0.937900312, -7.83899359e-006, 1, -1.25457084e-005, 0, 0, 0, 0, 0, 0, 0, 0.126353735, 0.169005664, 0.158719556, -0.18472283, 0.410534653, 0.892856467, -0.684692383, -0.705444336, 0.182739258, 0.704934327, -0.577681645, 0.41141215, 0, 0, -0, 0, 0, 0, 0, 0.192527148, 0.16700415, 0.092857373, -0.324997583, 0.814268918, -0.480784944, 0.206665039, -0.434936523, -0.876342773, -0.922815842, -0.384153239, -0.0268431908, 0, 2, 1, 1, 
216.737634, 33, 0.1, 0.1, 0.0166411688, 0.357915583, -0.0349687764, 0.937899412, -8.27398493e-006, 0.346907327, 0.346907327, -9.94879367e-006, -0.937899412, 1.1211475e-005, 1, -6.46066174e-006, 0.937899556, -1.25935415e-005, 0.346906938, 0.346906938, 4.5507617e-007, -0.937899556, 1.16536079e-005, 1, 4.79560265e-006, 0, 0, 0, 0, 0, 0, 0, 0.126830127, 0.169035571, 0.158486792, -0.184094905, 0.411162578, 0.892653524, -0.685668945, -0.704345703, 0.183227539, 0.704216914, -0.578399058, 0.411691477, 0, 0, -0, 0, 0, 0, 0, 0.192839502, 0.166916406, 0.0924992676, -0.323279004, 0.815457781, -0.479794408, 0.204101563, -0.434936523, -0.876953125, -0.923985382, -0.381450687, -0.0257571397, 0, 2, 1, 1, 
216.738333, 33, 0.1, 0.1, 0.0166411671, 0.357915583, -0.0349684086, 0.937898673, 4.78728164e-007, 0.346909323, 0.346909323, 1.21567603e-005, -0.937898673, -4.66629201e-006, 1, 1.12357341e-005, 0.937898818, 8.33166383e-006, 0.346908931, 0.346908931, 9.29634676e-006, -0.937898818, -1.10392434e-005, 1, 5.82870404e-006, 0, 0, 0, 0, 0, 0, 0, 0.126830127, 0.169035571, 0.158486792, -0.184094905, 0.411162578, 0.892653524, -0.685668945, -0.704345703, 0.183227539, 0.704216914, -0.578399058, 0.411691477, 0, 0, -0, 0, 0, 0, 0, 0.192839502, 0.166916406, 0.0924992676, -0.323279004, 0.815457781, -0.479794408, 0.204101563, -0.434936523, -0.876953125, -0.923985382, -0.381450687, -0.0257571397, 0, 2, 1, 1, 
216.739048, 33, 0.1, 0.1, 0.0166411692, 0.357915585, -0.0349682982, 0.937897916, 9.65769074e-006, 0.346911371, 0.346911371, -1.07882441e-005, -0.937897916, -5.31536347e-006, 1, -1.34686344e-005, 0.937898061, -7.14141223e-007, 0.346910978, 0.346910978, -1.5382705e-005, -0.937898061, 6.00622089e-006, 1, -1.41796657e-005, 0, 0, 0, 0, 0, 0, 0, 0.126830127, 0.169035571, 0.158486792, -0.184094905, 0.411162578, 0.892653524, -0.685668945, -0.704345703, 0.183227539, 0.704216914, -0.578399058, 0.411691477, 0, 0, -0, 0, 0, 0, 0, 0.192839502, 0.166916406, 0.0924992676, -0.323279004, 0.815457781, -0.479794408, 0.204101563, -0.434936523, -0.876953125, -0.923985382, -0.381450687, -0.0257571397, 0, 2, 1, 1, 
216.739781, 33, 0.1, 0.1, 0.0166411703, 0.357915584, -0.0349683258, 0.937897136, -1.52650292e-005, 0.34691348, 0.34691348, -1.66693111e-006, -0.937897136, 1.4895308e-005, 1, 3.73223449e-006, 0.937897297, -1.2077267e-005, 0.346913045, 0.346913045, 6.58781139e-006, -0.937897297, 9.04183837e-006, 1, 1.0368452e-005, 0, 0, 0, 0, 0, 0, 0, 0.127083276, 0.169072925, 0.158030786, -0.183466981, 0.411930166, 0.892450581, -0.686523437, -0.703369141, 0.18359375, 0.703499501, -0.579015, 0.411970804, 0, 0, -0, 0, 0, 0, 0, 0.193151855, 0.167061914, 0.0921428711, -0.321560426, 0.816755286, -0.478816632, 0.201416016, -0.435058594, -0.877441406, -0.925154922, -0.378613975, -0.0245496869, 0, 2, 1, 1, 
216.740469, 33, 0.1, 0.1, 0.0166411698, 0.357915586, -0.0349684932, 0.937896397, 6.74382048e-006, 0.346915477, 0.346915477, 8.43630949e-006, -0.937896397, -9.25169127e-006, 1, 5.57284858e-006, 0.937896543, 1.09979847e-005, 0.346915083, 0.346915084, -2.17372252e-006, -0.937896543, -9.5608747e-006, 1, -5.85409362e-006, 0, 0, 0, 0, 0, 0, 0, 0.127083276, 0.169072925, 0.158030786, -0.183466981, 0.411930166, 0.892450581, -0.686523437, -0.703369141, 0.18359375, 0.703499501, -0.579015, 0.411970804, 0, 0, -0, 0, 0, 0, 0, 0.193151855, 0.167061914, 0.0921428711, -0.321560426, 0.816755286, -0.478816632, 0.201416016, -0.435058594, -0.877441406, -0.925154922, -0.378613975, -0.0245496869, 0, 2, 1, 1, 
216.741165, 33, 0.1, 0.1, 0.0166411728, 0.357915586, -0.0349690075, 0.937895652, -2.10599844e-006, 0.346917491, 0.346917491, -1.24186123e-005, -0.937895652, 6.2834406e-006, 1, -1.09167548e-005, 0.937895798, -9.82013992e-006, 0.346917097, 0.346917097, -9.79973581e-006, -0.937895798, 1.26099639e-005, 1, -5.7843566e-006, 0, 0, 0, 0, 0, 0, 0, 0.127083276, 0.169072925, 0.158030786, -0.183466981, 0.411930166, 0.892450581, -0.686523437, -0.703369141, 0.18359375, 0.703499501, -0.579015, 0.411970804, 0, 0, -0, 0, 0, 0, 0, 0.193151855, 0.167061914, 0.0921428711, -0.321560426, 0.816755286, -0.478816632, 0.201416016, -0.435058594, -0.877441406, -0.925154922, -0.378613975, -0.0245496869, 0, 2, 1, 1, 
216.741858, 33, 0.1, 0.1, 0.0166411719, 0.357915584, -0.0349697396, 0.937894911, -9.50246308e-006, 0.346919496, 0.346919496, 9.33297057e-006, -0.937894911, 5.67452232e-006, 1, 1.20499353e-005, 0.937895057, 2.68997118e-007, 0.346919099, 0.346919099, 1.33796199e-005, -0.937895057, -4.89393674e-006, 1, 1.24553591e-005, 0, 0, 0, 0, 0, 0, 0, 0.127083276, 0.169072925, 0.158030786, -0.183466981, 0.411930166, 0.892450581, -0.686523437, -0.703369141, 0.18359375, 0.703499501, -0.579015, 0.411970804, 0, 0, -0, 0, 0, 0, 0, 0.193151855, 0.167061914, 0.0921428711, -0.321560426, 0.816755286, -0.478816632, 0.201416016, -0.435058594, -0.877441406, -0.925154922, -0.378613975, -0.0245496869, 0, 2, 1, 1, 
216.742547, 33, 0.1, 0.1, 0.0166411721, 0.357915586, -0.0349704516, 0.937894178, 1.2672158e-005, 0.346921475, 0.346921475, 1.20174841e-006, -0.937894178, -1.23020555e-005, 1, -3.2691309e-006, 0.937894324, 9.70485572e-006, 0.346921081, 0.346921081, -6.03788517e-006, -0.937894324, -7.00745945e-006, 1, -9.02971727e-006, 0, 0, 0, 0, 0, 0, 0, 0.127083276, 0.169072925, 0.158030786, -0.183466981, 0.411930166, 0.892450581, -0.686523437, -0.703369141, 0.18359375, 0.703499501, -0.579015, 0.411970804, 0, 0, -0, 0, 0, 0, 0, 0.193151855, 0.167061914, 0.0921428711, -0.321560426, 0.816755286, -0.478816632, 0.201416016, -0.435058594, -0.877441406, -0.925154922, -0.378613975, -0.0245496869, 0, 2, 1, 1, 
216.743243, 33, 0.1, 0.1, 0.0166411735, 0.357915583, -0.0349708838, 0.937893443, -6.62635568e-006, 0.346923463, 0.346923463, -6.69214714e-006, -0.937893443, 8.53647841e-006, 1, -3.97768267e-006, 0.937893587, -1.08325252e-005, 0.346923075, 0.346923075, 2.9478683e-006, -0.937893587, 9.13707239e-006, 1, 6.52283974e-006, 0, 0, 0, 0, 0, 0, 0, 0.127083276, 0.169072925, 0.158030786, -0.183466981, 0.411930166, 0.892450581, -0.686523437, -0.703369141, 0.18359375, 0.703499501, -0.579015, 0.411970804, 0, 0, -0, 0, 0, 0, 0, 0.193151855, 0.167061914, 0.0921428711, -0.321560426, 0.816755286, -0.478816632, 0.201416016, -0.435058594, -0.877441406, -0.925154922, -0.378613975, -0.0245496869, 0, 2, 1, 1, 
216.74403, 33, 0.1, 0.1, 0.0166411717, 0.357915581, -0.0349704621, 0.937892617, -1.72382411e-006, 0.346925698, 0.346925698, 1.76901798e-005, -0.937892616, -4.52041607e-006, 1, 1.71895279e-005, 0.937892796, 7.10096929e-006, 0.346925212, 0.346925212, 1.49119482e-005, -0.937892796, -1.18332787e-005, 1, 1.15223035e-005, 0, 0, 0, 0, 0, 0, 0, 0.127083276, 0.169072925, 0.158030786, -0.183466981, 0.411930166, 0.892450581, -0.686523437, -0.703369141, 0.18359375, 0.703499501, -0.579015, 0.411970804, 0, 0, -0, 0, 0, 0, 0, 0.193151855, 0.167061914, 0.0921428711, -0.321560426, 0.816755286, -0.478816632, 0.201416016, -0.435058594, -0.877441406, -0.925154922, -0.378613975, -0.0245496869, 0, 2, 1, 1, 
216.744797, 33, 0.1, 0.1, 0.0166411749, 0.357915583, -0.0349682243, 0.937891799, 8.60494252e-006, 0.346927908, 0.346927908, -8.64695507e-006, -0.937891799, -5.07063499e-006, 1, -1.1095203e-005, 0.937891948, -2.52462703e-006, 0.346927505, 0.346927505, -1.30887389e-005, -0.937891948, 6.90867087e-006, 1, -1.13999602e-005, 0, 0, 0, 0, 0, 0, 0, 0.127323486, 0.169340234, 0.157791919, -0.183124374, 0.412793234, 0.892127071, -0.686767578, -0.702880859, 0.184448242, 0.703321645, -0.579028104, 0.412269227, 0, 0, -0, 0, 0, 0, 0, 0.193399756, 0.167130518, 0.0919848145, -0.32101102, 0.817343338, -0.478203061, 0.199584961, -0.435180664, -0.877807617, -0.925710891, -0.377201998, -0.0233805136, 0, 2, 1, 1, 
216.745488, 33, 0.1, 0.1, 0.0166411755, 0.357915581, -0.0349666203, 0.937891059, -1.3387245e-005, 0.346929909, 0.346929909, -1.10081913e-006, -0.937891059, 1.29376844e-005, 1, 3.61198726e-006, 0.937891206, -1.07264644e-005, 0.346929511, 0.346929511, 7.3382776e-006, -0.937891206, 7.51439155e-006, 1, 1.06038331e-005, 0, 0, 0, 0, 0, 0, 0, 0.127323486, 0.169340234, 0.157791919, -0.183124374, 0.412793234, 0.892127071, -0.686767578, -0.702880859, 0.184448242, 0.703321645, -0.579028104, 0.412269227, 0, 0, -0, 0, 0, 0, 0, 0.193399756, 0.167130518, 0.0919848145, -0.32101102, 0.817343338, -0.478203061, 0.199584961, -0.435180664, -0.877807617, -0.925710891, -0.377201998, -0.0233805136, 0, 2, 1, 1, 
216.74618, 33, 0.1, 0.1, 0.0166411736, 0.357915583, -0.0349660521, 0.937890312, 1.11061367e-005, 0.346931929, 0.346931929, 8.18617284e-006, -0.937890312, -1.32563827e-005, 1, 3.82465878e-006, 0.93789046, 1.56755745e-005, 0.346931529, 0.346931529, -2.94710542e-006, -0.93789046, -1.3679528e-005, 1, -8.2024131e-006, 0, 0, 0, 0, 0, 0, 0, 0.127323486, 0.169340234, 0.157791919, -0.183124374, 0.412793234, 0.892127071, -0.686767578, -0.702880859, 0.184448242, 0.703321645, -0.579028104, 0.412269227, 0, 0, -0, 0, 0, 0, 0, 0.193399756, 0.167130518, 0.0919848145, -0.32101102, 0.817343338, -0.478203061, 0.199584961, -0.435180664, -0.877807617, -0.925710891, -0.377201998, -0.0233805136, 0, 2, 1, 1, 
216.74693, 33, 0.1, 0.1, 0.0166411762, 0.357915585, -0.0349661486, 0.937889491, 3.93889505e-007, 0.346934148, 0.346934148, -1.86564193e-005, -0.937889491, 6.1031241e-006, 1, -1.76343133e-005, 0.937889643, -8.14481842e-006, 0.346933737, 0.346933737, -1.56909792e-005, -0.937889643, 1.30826709e-005, 1, -1.18906946e-005, 0, 0, 0, 0, 0, 0, 0, 0.127323486, 0.169340234, 0.157791919, -0.183124374, 0.412793234, 0.892127071, -0.686767578, -0.702880859, 0.184448242, 0.703321645, -0.579028104, 0.412269227, 0, 0, -0, 0, 0, 0, 0, 0.193399756, 0.167130518, 0.0919848145, -0.32101102, 0.817343338, -0.478203061, 0.199584961, -0.435180664, -0.877807617, -0.925710891, -0.377201998, -0.0233805136, 0, 2, 1, 1, 
216.747622, 33, 0.1, 0.1, 0.0166411742, 0.357915584, -0.0349670295, 0.937888725, -7.97214634e-006, 0.346936218, 0.346936218, 6.11665185e-006, -0.937888725, 5.35489811e-006, 1, 8.50256511e-006, 0.937888877, 2.84986658e-006, 0.346935808, 0.346935808, 1.02600108e-005, -0.937888877, -6.2324233e-006, 1, 8.63402922e-006, 0, 0, 0, 0, 0, 0, 0, 0.127323486, 0.169340234, 0.157791919, -0.183124374, 0.412793234, 0.892127071, -0.686767578, -0.702880859, 0.184448242, 0.703321645, -0.579028104, 0.412269227, 0, 0, -0, 0, 0, 0, 0, 0.193399756, 0.167130518, 0.0919848145, -0.32101102, 0.817343338, -0.478203061, 0.199584961, -0.435180664, -0.877807617, -0.925710891, -0.377201998, -0.0233805136, 0, 2, 1, 1, 
216.748317, 33, 0.1, 0.1, 0.0166411738, 0.357915587, -0.0349686458, 0.937887958, 1.43796174e-005, 0.346938293, 0.346938293, -1.6664352e-006, -0.937887958, -1.29083199e-005, 1, -6.55176943e-006, 0.937888111, 1.13572342e-005, 0.346937877, 0.346937877, -9.80448018e-006, -0.937888111, -7.2502694e-006, 1, -1.31357601e-005, 0, 0, 0, 0, 0, 0, 0, 0.127323486, 0.169340234, 0.157791919, -0.183124374, 0.412793234, 0.892127071, -0.686767578, -0.702880859, 0.184448242, 0.703321645, -0.579028104, 0.412269227, 0, 0, -0, 0, 0, 0, 0, 0.193399756, 0.167130518, 0.0919848145, -0.32101102, 0.817343338, -0.478203061, 0.199584961, -0.435180664, -0.877807617, -0.925710891, -0.377201998, -0.0233805136, 0, 2, 1, 1, 
216.749073, 33, 0.1, 0.1, 0.0166411752, 0.357915586, -0.0349703734, 0.937887135, -6.49363166e-006, 0.346940516, 0.346940516, -1.02664728e-005, -0.937887135, 9.65214897e-006, 1, -7.37588883e-006, 0.937887318, -1.12886047e-005, 0.346940023, 0.346940023, 9.94761254e-007, -0.937887318, 1.02423167e-005, 1, 4.84944272e-006, 0, 0, 0, 0, 0, 0, 0, 0.127323486, 0.169340234, 0.157791919, -0.182477354, 0.413719581, 0.891822657, -0.6875, -0.702026367, 0.185180664, 0.702724799, -0.579422007, 0.412688217, 0, 0, -0, 0, 0, 0, 0, 0.193399756, 0.167130518, 0.0919848145, -0.32101102, 0.817343338, -0.478203061, 0.199584961, -0.435180664, -0.877807617, -0.925710891, -0.377201998, -0.0233805136, 0, 2, 1, 1, 
216.749781, 33, 0.1, 0.1, 0.0166411728, 0.357915586, -0.0349709636, 0.937886346, 2.15461418e-006, 0.34694265, 0.34694265, 1.22543623e-005, -0.937886346, -6.27234416e-006, 1, 1.07456715e-005, 0.937886499, 9.63928879e-006, 0.346942236, 0.346942236, 9.06459023e-006, -0.937886499, -1.2185448e-005, 1, 5.15728039e-006, 0, 0, 0, 0, 0, 0, 0, 0.127577979, 0.169386377, 0.157554395, -0.182477354, 0.413719581, 0.891822657, -0.6875, -0.702026367, 0.185180664, 0.702724799, -0.579422007, 0.412688217, 0, 0, -0, 0, 0, 0, 0, 0.193690625, 0.167002734, 0.0915969238, -0.319682166, 0.818097633, -0.477723651, 0.197265625, -0.435546875, -0.878173828, -0.926675907, -0.375036092, -0.0221026985, 0, 2, 1, 1, 
216.750474, 33, 0.1, 0.1, 0.0166411743, 0.357915587, -0.0349711374, 0.937885594, 8.8731867e-006, 0.346944682, 0.346944682, -5.47737982e-006, -0.937885594, -6.42168617e-006, 1, -8.21566057e-006, 0.937885742, -4.41354421e-007, 0.346944282, 0.346944282, -9.86460277e-006, -0.937885742, 3.83640754e-006, 1, -9.09874489e-006, 0, 0, 0, 0, 0, 0, 0, 0.127577979, 0.169386377, 0.157554395, -0.182477354, 0.413719581, 0.891822657, -0.6875, -0.702026367, 0.185180664, 0.702724799, -0.579422007, 0.412688217, 0, 0, -0, 0, 0, 0, 0, 0.193690625, 0.167002734, 0.0915969238, -0.319682166, 0.818097633, -0.477723651, 0.197265625, -0.435546875, -0.878173828, -0.926675907, -0.375036092, -0.0221026985, 0, 2, 1, 1, 
216.751183, 33, 0.1, 0.1, 0.016641175, 0.357915584, -0.0349708593, 0.937884835, -1.31491808e-005, 0.346946733, 0.346946733, 2.83996269e-006, -0.937884835, 1.13471015e-005, 1, 7.22562325e-006, 0.937884999, -1.0004636e-005, 0.34694629, 0.34694629, 1.06900491e-005, -0.937884999, 5.67432515e-006, 1, 1.3497108e-005, 0, 0, 0, 0, 0, 0, 0, 0.127577979, 0.169386377, 0.157554395, -0.182477354, 0.413719581, 0.891822657, -0.6875, -0.702026367, 0.185180664, 0.702724799, -0.579422007, 0.412688217, 0, 0, -0, 0, 0, 0, 0, 0.193690625, 0.167002734, 0.0915969238, -0.319682166, 0.818097633, -0.477723651, 0.197265625, -0.435546875, -0.878173828, -0.926675907, -0.375036092, -0.0221026985, 0, 2, 1, 1, 
216.751929, 33, 0.1, 0.1, 0.016641174, 0.357915585, -0.0349696401, 0.937884034, 6.81660487e-006, 0.346948899, 0.346948898, 1.27552474e-005, -0.937884034, -1.08186039e-005, 1, 9.59792932e-006, 0.937884197, 1.18764303e-005, 0.346948459, 0.346948459, 1.64834504e-006, -0.937884197, -1.1710607e-005, 1, -2.57455242e-006, 0, 0, 0, 0, 0, 0, 0, 0.127577979, 0.169386377, 0.157554395, -0.182477354, 0.413719581, 0.891822657, -0.6875, -0.702026367, 0.185180664, 0.702724799, -0.579422007, 0.412688217, 0, 0, -0, 0, 0, 0, 0, 0.193690625, 0.167002734, 0.0915969238, -0.318608874, 0.818839169, -0.4771356, 0.194824219, -0.436035156, -0.878417969, -0.927545041, -0.372748785, -0.0206907219, 0, 2, 1, 1, 
216.752624, 33, 0.1, 0.1, 0.016641177, 0.357915584, -0.0349683187, 0.93788329, -2.21329532e-006, 0.34695091, 0.34695091, -1.05560234e-005, -0.93788329, 5.73823461e-006, 1, -9.1324131e-006, 0.937883437, -9.98535057e-006, 0.346950512, 0.346950512, -7.51384919e-006, -0.937883437, 1.19720287e-005, 1, -3.58269221e-006, 0, 0, 0, 0, 0, 0, 0, 0.127577979, 0.169386377, 0.157554395, -0.182477354, 0.413719581, 0.891822657, -0.6875, -0.702026367, 0.185180664, 0.702724799, -0.579422007, 0.412688217, 0, 0, -0, 0, 0, 0, 0, 0.193966602, 0.16687666, 0.091219043, -0.318608874, 0.818839169, -0.4771356, 0.194824219, -0.436035156, -0.878417969, -0.927545041, -0.372748785, -0.0206907219, 0, 2, 1, 1, 
216.75332, 33, 0.1, 0.1, 0.0166411762, 0.357915581, -0.0349674765, 0.937882543, -1.1585543e-005, 0.34695293, 0.34695293, 1.01566453e-005, -0.937882543, 7.34200072e-006, 1, 1.35453784e-005, 0.937882689, -9.26328143e-007, 0.346952534, 0.346952534, 1.50649444e-005, -0.937882689, -4.35803351e-006, 1, 1.44505425e-005, 0, 0, 0, 0, 0, 0, 0, 0.127577979, 0.169386377, 0.157554395, -0.182477354, 0.413719581, 0.891822657, -0.6875, -0.702026367, 0.185180664, 0.702724799, -0.579422007, 0.412688217, 0, 0, -0, 0, 0, 0, 0, 0.193966602, 0.16687666, 0.091219043, -0.318608874, 0.818839169, -0.4771356, 0.194824219, -0.436035156, -0.878417969, -0.927545041, -0.372748785, -0.0206907219, 0, 2, 1, 1, 
216.75408, 33, 0.1, 0.1, 0.0166411761, 0.357915583, -0.0349670993, 0.937881735, 1.48712808e-005, 0.346955113, 0.346955113, 1.31859974e-006, -0.937881735, -1.44049975e-005, 1, -3.92297628e-006, 0.937881913, 1.12806224e-005, 0.346954633, 0.346954633, -7.85408222e-006, -0.937881913, -7.85488148e-006, 1, -1.12800658e-005, 0, 0, 0, 0, 0, 0, 0, 0.127577979, 0.169386377, 0.157554395, -0.181411343, 0.414645928, 0.891562426, -0.688110352, -0.701171875, 0.186157227, 0.702432368, -0.57981591, 0.412605842, 0, 0, -0, 0, 0, 0, 0, 0.193966602, 0.16687666, 0.091219043, -0.318608874, 0.818839169, -0.4771356, 0.194824219, -0.436035156, -0.878417969, -0.927545041, -0.372748785, -0.0206907219, 0, 2, 1, 1, 
216.754782, 33, 0.1, 0.1, 0.0166411778, 0.357915581, -0.034966859, 0.937880953, -8.23769399e-006, 0.346957227, 0.346957227, -9.47446059e-006, -0.937880953, 1.10132089e-005, 1, -6.02778867e-006, 0.93788111, -1.30895583e-005, 0.346956803, 0.346956803, 2.41363096e-006, -0.93788111, 1.14390238e-005, 1, 6.80521018e-006, 0, 0, 0, 0, 0, 0, 0, 0.12785481, 0.16943252, 0.15709436, -0.181411343, 0.414645928, 0.891562426, -0.688110352, -0.701171875, 0.186157227, 0.702432368, -0.57981591, 0.412605842, 0, 0, -0, 0, 0, 0, 0, 0.193966602, 0.16687666, 0.091219043, -0.318608874, 0.818839169, -0.4771356, 0.194824219, -0.436035156, -0.878417969, -0.927545041, -0.372748785, -0.0206907219, 0, 2, 1, 1, 
216.755478, 33, 0.1, 0.1, 0.0166411756, 0.357915581, -0.0349674265, 0.937880187, 1.40515868e-006, 0.346959297, 0.346959297, 1.21387409e-005, -0.937880187, -5.5295195e-006, 1, 1.08971517e-005, 0.937880339, 9.41809305e-006, 0.346958887, 0.346958887, 9.40008303e-006, -0.937880339, -1.20944867e-005, 1, 5.54846197e-006, 0, 0, 0, 0, 0, 0, 0, 0.12785481, 0.16943252, 0.15709436, -0.181411343, 0.414645928, 0.891562426, -0.688110352, -0.701171875, 0.186157227, 0.702432368, -0.57981591, 0.412605842, 0, 0, -0, 0, 0, 0, 0, 0.193966602, 0.16687666, 0.091219043, -0.318608874, 0.818839169, -0.4771356, 0.194824219, -0.436035156, -0.878417969, -0.927545041, -0.372748785, -0.0206907219, 0, 2, 1, 1, 
216.756183, 33, 0.1, 0.1, 0.0166411773, 0.357915583, -0.0349686156, 0.937879413, 1.02104374e-005, 0.346961391, 0.346961391, -1.06065247e-005, -0.937879413, -5.89610443e-006, 1, -1.34902687e-005, 0.937879576, -8.86512141e-007, 0.34696095, 0.34696095, -1.50929089e-005, -0.937879576, 6.06809164e-006, 1, -1.38477459e-005, 0, 0, 0, 0, 0, 0, 0, 0.12785481, 0.16943252, 0.15709436, -0.181411343, 0.414645928, 0.891562426, -0.688110352, -0.701171875, 0.186157227, 0.702432368, -0.57981591, 0.412605842, 0, 0, -0, 0, 0, 0, 0, 0.193966602, 0.16687666, 0.091219043, -0.318608874, 0.818839169, -0.4771356, 0.194824219, -0.436035156, -0.878417969, -0.927545041, -0.372748785, -0.0206907219, 0, 2, 1, 1, 
216.756948, 33, 0.1, 0.1, 0.0166411776, 0.357915581, -0.0349692677, 0.937878567, -1.38815735e-005, 0.346963678, 0.346963678, 1.11777652e-006, -0.937878567, 1.26314024e-005, 1, 5.86474044e-006, 0.937878718, -1.10080779e-005, 0.346963268, 0.346963268, 8.89055989e-006, -0.937878718, 7.2395443e-006, 1, 1.21576656e-005, 0, 0, 0, 0, 0, 0, 0, 0.128312158, 0.16947793, 0.156856836, -0.181189304, 0.415528092, 0.891258012, -0.688354492, -0.700805664, 0.186889648, 0.702273608, -0.579708447, 0.413024832, 0, 0, -0, 0, 0, 0, 0, 0.194247705, 0.166925244, 0.090992627, -0.317573862, 0.819209937, -0.477295281, 0.194091797, -0.436401367, -0.878417969, -0.92804997, -0.371605131, -0.020339277, 0, 2, 1, 1, 
216.757636, 33, 0.1, 0.1, 0.016641177, 0.357915583, -0.0349698085, 0.93787781, 6.76278738e-006, 0.346965724, 0.346965724, 8.26568423e-006, -0.93787781, -9.21057733e-006, 1, 5.4057464e-006, 0.93787796, 1.09104493e-005, 0.346965318, 0.346965318, -1.52213802e-006, -0.93787796, -9.70454087e-006, 1, -5.21312722e-006, 0, 0, 0, 0, 0, 0, 0, 0.128312158, 0.16947793, 0.156856836, -0.181189304, 0.415528092, 0.891258012, -0.688354492, -0.700805664, 0.186889648, 0.702273608, -0.579708447, 0.413024832, 0, 0, -0, 0, 0, 0, 0, 0.194247705, 0.166925244, 0.090992627, -0.317573862, 0.819209937, -0.477295281, 0.194091797, -0.436401367, -0.878417969, -0.92804997, -0.371605131, -0.020339277, 0, 2, 1, 1, 
216.758354, 33, 0.1, 0.1, 0.0166411796, 0.357915583, -0.0349702006, 0.937877027, -7.4960786e-007, 0.346967842, 0.346967842, -1.49518907e-005, -0.937877026, 5.89086523e-006, 1, -1.3762945e-005, 0.937877182, -8.43550434e-006, 0.346967422, 0.346967422, -1.20390667e-005, -0.937877182, 1.2088631e-005, 1, -8.36432074e-006, 0, 0, 0, 0, 0, 0, 0, 0.128312158, 0.16947793, 0.156856836, -0.181189304, 0.415528092, 0.891258012, -0.688354492, -0.700805664, 0.186889648, 0.702273608, -0.579708447, 0.413024832, 0, 0, -0, 0, 0, 0, 0, 0.194247705, 0.166925244, 0.090992627, -0.317573862, 0.819209937, -0.477295281, 0.194091797, -0.436401367, -0.878417969, -0.92804997, -0.371605131, -0.020339277, 0, 2, 1, 1, 
216.75933, 33, 0.1, 0.1, 0.0166411793, 0.357915579, -0.0349675043, 0.937875955, -7.46384683e-006, 0.346970739, 0.346970739, 1.67987298e-005, -0.937875954, 1.17149477e-006, 1, 1.83448612e-005, 0.937876133, -8.06175544e-006, 0.346970257, 0.346970257, 1.90066169e-005, -0.937876133, 9.66197276e-007, 1, 2.06230417e-005, 0, 0, 0, 0, 0, 0, 0, 0.128312158, 0.16947793, 0.156856836, -0.181189304, 0.415528092, 0.891258012, -0.688354492, -0.700805664, 0.186889648, 0.702273608, -0.579708447, 0.413024832, 0, 0, -0, 0, 0, 0, 0, 0.194247705, 0.166925244, 0.090992627, -0.317573862, 0.819209937, -0.477295281, 0.194091797, -0.436401367, -0.878417969, -0.92804997, -0.371605131, -0.020339277, 0, 2, 1, 1, 
216.760027, 33, 0.1, 0.1, 0.0166411786, 0.35791558, -0.0349646502, 0.937875273, 4.52939792e-006, 0.346972582, 0.346972582, -4.40557589e-006, -0.937875273, -2.71939627e-006, 1, -5.70345758e-006, 0.937875399, 1.13601224e-006, 0.34697224, 0.34697224, -1.18989661e-005, -0.937875399, 3.06317299e-006, 1, -1.15539123e-005, 0, 0, 0, 0, 0, 0, 0, 0.128312158, 0.16947793, 0.156856836, -0.181189304, 0.415528092, 0.891258012, -0.688354492, -0.700805664, 0.186889648, 0.702273608, -0.579708447, 0.413024832, 0, 0, -0, 0, 0, 0, 0, 0.194247705, 0.166925244, 0.090992627, -0.317573862, 0.819209937, -0.477295281, 0.194091797, -0.436401367, -0.878417969, -0.92804997, -0.371605131, -0.020339277, 0, 2, 1, 1, 
216.760723, 33, 0.1, 0.1, 0.0166411797, 0.357915579, -0.0349634703, 0.937874648, 4.61123879e-006, 0.346974272, 0.346974272, -1.19449581e-005, -0.937874648, -1.80170814e-007, 1, -1.28028546e-005, 0.937874765, 1.79203405e-007, 0.346973954, 0.346973954, 1.91292072e-006, -0.937874765, -8.3180402e-007, 1, 1.73190116e-006, 0, 0, 0, 0, 0, 0, 0, 0.128312158, 0.16947793, 0.156856836, -0.181189304, 0.415528092, 0.891258012, -0.688354492, -0.700805664, 0.186889648, 0.702273608, -0.579708447, 0.413024832, 0, 0, -0, 0, 0, 0, 0, 0.194247705, 0.166925244, 0.090992627, -0.317573862, 0.819209937, -0.477295281, 0.194091797, -0.436401367, -0.878417969, -0.92804997, -0.371605131, -0.020339277, 0, 2, 1, 1, 
216.761505, 33, 0.1, 0.1, 0.0166411795, 0.357915582, -0.0349636499, 0.937874059, 1.74937615e-006, 0.346975864, 0.346975864, 1.15734814e-005, -0.937874059, -5.65641321e-006, 1, 1.02474767e-005, 0.937874169, -1.85363629e-006, 0.346975566, 0.346975566, 3.18075996e-006, -0.937874169, 6.34831604e-007, 1, 3.6263191e-006, 0, 0, 0, 0, 0, 0, 0, 0.128560547, 0.169306934, 0.156391309, -0.180662851, 0.416575007, 0.890852126, -0.689086914, -0.699829102, 0.1875, 0.701695859, -0.580121446, 0.413583486, 0, 0, -0, 0, 0, 0, 0, 0.194247705, 0.166925244, 0.090992627, -0.315638, 0.81970867, -0.477685005, 0.192993164, -0.43737793, -0.878173828, -0.928951188, -0.369343344, -0.0201347532, 0, 2, 1, 1, 
