time, trialNum, realDorsalTactorPos, realVentralTactorPos, boxPosX, boxPosY, boxPosZ, boxLocalRot_11, boxLocalRot_12, boxLocalRot_13, boxLocalRot_21, boxLocalRot_22, boxLocalRot_23, boxLocalRot_31, boxLocalRot_32, boxLocalRot_33, boxGlobalRot_11, boxGlobalRot_12, boxGlobalRot_13, boxGlobalRot_21, boxGlobalRot_22, boxGlobalRot_23, boxGlobalRot_31, boxGlobalRot_32, boxGlobalRot_33, indexForceX, indexForceY, indexForceZ, indexForceGlobalX, indexForceGlobalY, indexForceGlobalZ, indexContact, indexPosX, indexPosY, indexPosZ, indexRot_11, indexRot_12, indexRot_13, indexRot_21, indexRot_22, indexRot_23, indexRot_31, indexRot_32, indexRot_33, thumbForceX, thumbForceY, thumbForceZ, thumbForceGlobalX, thumbForceGlobalY, thumbForceGlobalZ, thumbContact, thumbPosX, thumbPosY, thumbPosZ, thumbRot_11, thumbRot_12, thumbRot_13, thumbRot_21, thumbRot_22, thumbRot_23, thumbRot_31, thumbRot_32, thumbRot_33, manipForceTooHigh, cceExpType, mapping, trialSuccess, 
192.221183, 28, 0.1, 0.1, -0.00248307851, 0.35725683, -0.0349730219, 0.978096376, 2.25220917e-006, 0.20815254, 0.20815254, 5.74881088e-006, -0.978096376, -3.39950721e-006, 1, 5.15408803e-006, 0.978096387, -8.32686025e-006, 0.208152488, 0.208152488, 1.18425232e-005, -0.978096387, 5.67942124e-006, 1, 1.33163859e-005, 0, 0, 0, 0, 0, 0, 0, 0.119088208, 0.156776929, 0.155296069, -0.208574298, 0.531809956, 0.820700981, -0.491821289, -0.782348633, 0.382080078, 0.845404708, -0.323875183, 0.424817927, 0, -0, 0, 0, 0, 0, 0, 0.180405273, 0.155635791, 0.0813627441, -0.501987917, 0.743119587, -0.442079738, -0.112548828, -0.562988281, -0.818603516, -0.857462262, -0.361191143, 0.366319281, 0, 2, 1, 1, 
192.260501, 28, 0.1, 0.1, -0.00248307142, 0.357256843, -0.034968268, 0.978097772, -1.33447905e-005, 0.208145978, 0.208145978, 8.71224385e-006, -0.978097772, 1.12390914e-005, 1, 1.12990908e-005, 0.978097772, -6.92643451e-006, 0.208145977, 0.208145977, 4.5164982e-006, -0.978097772, 5.83463924e-006, 1, 5.85928631e-006, 0, 0, 0, 0, 0, 0, 0, 0.1186854, 0.154828613, 0.147833984, -0.212411116, 0.566144316, 0.796349727, -0.48059082, -0.770141602, 0.419311523, 0.850832485, -0.293595142, 0.435719528, 0, -0, 0, 0, 0, 0, 0, 0.180465186, 0.151509814, 0.0747108887, -0.505169512, 0.728201783, -0.462875125, -0.114624023, -0.588256836, -0.800415039, -0.855219064, -0.351221252, 0.380826606, 0, 2, 1, 1, 
192.26119, 28, 0.1, 0.1, -0.00248307248, 0.357256843, -0.034967715, 0.978097771, 1.37616075e-005, 0.208145984, 0.208145984, -8.69561119e-006, -0.978097771, -1.16502411e-005, 1, -1.13695813e-005, 0.978097771, 1.43888687e-005, 0.208145983, 0.208145983, -9.09616058e-006, -0.978097771, -1.21803911e-005, 1, -1.18919196e-005, 0, 0, 0, 0, 0, 0, 0, 0.1186854, 0.154828613, 0.147833984, -0.212411116, 0.566144316, 0.796349727, -0.48059082, -0.770141602, 0.419311523, 0.850832485, -0.293595142, 0.435719528, 0, -0, 0, 0, 0, 0, 0, 0.180465186, 0.151509814, 0.0747108887, -0.505169512, 0.728201783, -0.462875125, -0.114624023, -0.588256836, -0.800415039, -0.855219064, -0.351221252, 0.380826606, 0, 2, 1, 1, 
192.261875, 28, 0.1, 0.1, -0.00248306989, 0.357256841, -0.0349678559, 0.97809777, -6.72402885e-006, 0.208145987, 0.208145987, 4.51454603e-006, -0.97809777, 5.63707298e-006, 1, 5.81524703e-006, 0.97809777, -1.38614451e-005, 0.208145986, 0.208145987, 9.13512837e-006, -0.97809777, 1.16564083e-005, 1, 1.18202529e-005, 0, 0, 0, 0, 0, 0, 0, 0.1186854, 0.154828613, 0.147833984, -0.212411116, 0.566144316, 0.796349727, -0.48059082, -0.770141602, 0.419311523, 0.850832485, -0.293595142, 0.435719528, 0, -0, 0, 0, 0, 0, 0, 0.180465186, 0.151509814, 0.0747108887, -0.505169512, 0.728201783, -0.462875125, -0.114624023, -0.588256836, -0.800415039, -0.855219064, -0.351221252, 0.380826606, 0, 2, 1, 1, 
192.262592, 28, 0.1, 0.1, -0.00248307231, 0.357256843, -0.0349683575, 0.97809777, -7.10969291e-006, 0.208145989, 0.208145989, 4.86030226e-006, -0.97809777, 5.94232236e-006, 1, 6.23370486e-006, 0.97809777, 6.39723598e-006, 0.208145988, 0.208145988, -4.05041321e-006, -0.97809777, -5.41404499e-006, 1, -5.29325913e-006, 0, 0, 0, 0, 0, 0, 0, 0.118979077, 0.154488452, 0.146437646, -0.21107177, 0.568162883, 0.795270611, -0.479980469, -0.768920898, 0.422119141, 0.851485497, -0.292555341, 0.435148891, 0, -0, 0, 0, 0, 0, 0, 0.180452002, 0.151005957, 0.0735026367, -0.505437835, 0.72679637, -0.464938585, -0.115722656, -0.591064453, -0.798095703, -0.855001781, -0.349527827, 0.382941839, 0, 2, 1, 1, 
192.26328, 28, 0.1, 0.1, -0.00248307117, 0.357256842, -0.0349691643, 0.978097768, 1.24425434e-005, 0.208145995, 0.208145995, -8.98699051e-006, -0.978097768, -1.02994178e-005, 1, -1.13800209e-005, 0.978097769, 6.19816702e-006, 0.208145994, 0.208145994, -4.7543226e-006, -0.978097769, -5.07282013e-006, 1, -5.94031596e-006, 0, 0, 0, 0, 0, 0, 0, 0.118979077, 0.154488452, 0.146437646, -0.21107177, 0.568162883, 0.795270611, -0.479980469, -0.768920898, 0.422119141, 0.851485497, -0.292555341, 0.435148891, 0, -0, 0, 0, 0, 0, 0, 0.180452002, 0.151005957, 0.0735026367, -0.505437835, 0.72679637, -0.464938585, -0.115722656, -0.591064453, -0.798095703, -0.855001781, -0.349527827, 0.382941839, 0, 2, 1, 1, 
192.263967, 28, 0.1, 0.1, -0.00248307, 0.357256841, -0.0349701494, 0.978097767, -1.27089825e-005, 0.208146004, 0.208146004, 8.74852789e-006, -0.978097767, 1.06096563e-005, 1, 1.12022395e-005, 0.978097767, -1.31926231e-005, 0.208146002, 0.208146002, 8.83733671e-006, -0.978097767, 1.10642189e-005, 1, 1.13897711e-005, 0, 0, 0, 0, 0, 0, 0, 0.118979077, 0.154488452, 0.146437646, -0.21107177, 0.568162883, 0.795270611, -0.479980469, -0.768920898, 0.422119141, 0.851485497, -0.292555341, 0.435148891, 0, -0, 0, 0, 0, 0, 0, 0.180452002, 0.151005957, 0.0735026367, -0.505437835, 0.72679637, -0.464938585, -0.115722656, -0.591064453, -0.798095703, -0.855001781, -0.349527827, 0.382941839, 0, 2, 1, 1, 
192.264679, 28, 0.1, 0.1, -0.00248307255, 0.357256843, -0.0349707801, 0.978097766, 6.86591745e-006, 0.208146008, 0.208146008, -5.08651646e-006, -0.978097766, -5.65680042e-006, 1, -6.4042237e-006, 0.978097766, 1.3576431e-005, 0.208146008, 0.208146008, -9.20968628e-006, -0.978097766, -1.13621174e-005, 1, -1.18338535e-005, 0, 0, 0, 0, 0, 0, 0, 0.118979077, 0.154488452, 0.146437646, -0.21107177, 0.568162883, 0.795270611, -0.479980469, -0.768920898, 0.422119141, 0.851485497, -0.292555341, 0.435148891, 0, -0, 0, 0, 0, 0, 0, 0.180452002, 0.151005957, 0.0735026367, -0.505437835, 0.72679637, -0.464938585, -0.115722656, -0.591064453, -0.798095703, -0.855001781, -0.349527827, 0.382941839, 0, 2, 1, 1, 
192.265365, 28, 0.1, 0.1, -0.00248307058, 0.357256841, -0.0349710502, 0.978097766, 7.33107849e-006, 0.208146007, 0.208146007, -4.35458618e-006, -0.978097766, -6.26412177e-006, 1, -5.78514572e-006, 0.978097766, -4.97603749e-006, 0.208146008, 0.208146008, 3.15698425e-006, -0.978097766, 4.20993748e-006, 1, 4.12358158e-006, 0, 0, 0, 0, 0, 0, 0, 0.118979077, 0.154488452, 0.146437646, -0.21107177, 0.568162883, 0.795270611, -0.479980469, -0.768920898, 0.422119141, 0.851485497, -0.292555341, 0.435148891, 0, -0, 0, 0, 0, 0, 0, 0.180452002, 0.151005957, 0.0735026367, -0.505437835, 0.72679637, -0.464938585, -0.115722656, -0.591064453, -0.798095703, -0.855001781, -0.349527827, 0.382941839, 0, 2, 1, 1, 
192.266052, 28, 0.1, 0.1, -0.00248307136, 0.357256842, -0.0349710068, 0.978097767, -1.26861924e-005, 0.208146003, 0.208146003, 8.34617936e-006, -0.978097767, 1.06711126e-005, 1, 1.08039596e-005, 0.978097767, -6.5839371e-006, 0.208146004, 0.208146004, 4.7274175e-006, -0.978097767, 5.45574111e-006, 1, 5.99429669e-006, 0, 0, 0, 0, 0, 0, 0, 0.118979077, 0.154488452, 0.146437646, -0.21107177, 0.568162883, 0.795270611, -0.479980469, -0.768920898, 0.422119141, 0.851485497, -0.292555341, 0.435148891, 0, -0, 0, 0, 0, 0, 0, 0.180452002, 0.151005957, 0.0735026367, -0.505437835, 0.72679637, -0.464938585, -0.115722656, -0.591064453, -0.798095703, -0.855001781, -0.349527827, 0.382941839, 0, 2, 1, 1, 
192.26674, 28, 0.1, 0.1, -0.00248307192, 0.357256842, -0.0349706565, 0.978097766, 1.11694544e-005, 0.208146005, 0.208146005, -8.09554871e-006, -0.978097766, -9.23976232e-006, 1, -1.02431154e-005, 0.978097766, 1.16928446e-005, 0.208146004, 0.208146005, -8.59855478e-006, -0.978097766, -9.64699037e-006, 1, -1.08440461e-005, 0, 0, 0, 0, 0, 0, 0, 0.118979077, 0.154488452, 0.146437646, -0.21107177, 0.568162883, 0.795270611, -0.479980469, -0.768920898, 0.422119141, 0.851485497, -0.292555341, 0.435148891, 0, -0, 0, 0, 0, 0, 0, 0.180452002, 0.151005957, 0.0735026367, -0.505437835, 0.72679637, -0.464938585, -0.115722656, -0.591064453, -0.798095703, -0.855001781, -0.349527827, 0.382941839, 0, 2, 1, 1, 
192.267453, 28, 0.1, 0.1, -0.00248306872, 0.35725684, -0.0349698285, 0.978097765, -8.20778944e-006, 0.208146013, 0.208146013, 5.21901613e-006, -0.978097765, 6.94170311e-006, 1, 6.81312666e-006, 0.978097765, -1.50307908e-005, 0.208146011, 0.208146011, 9.95381997e-006, -0.978097765, 1.26297349e-005, 1, 1.28644082e-005, 0, 0, 0, 0, 0, 0, 0, 0.118800122, 0.154139868, 0.145443359, -0.214562234, 0.569859062, 0.793120616, -0.478759766, -0.769042969, 0.423217773, 0.851296781, -0.288869047, 0.437961256, 0, -0, 0, 0, 0, 0, 0, 0.180678418, 0.150418604, 0.0723506348, -0.505278154, 0.724547342, -0.468689275, -0.11340332, -0.594116211, -0.796264648, -0.855353226, -0.349150496, 0.382424883, 0, 2, 1, 1, 
192.268141, 28, 0.1, 0.1, -0.00248307021, 0.357256841, -0.0349690793, 0.978097763, -8.63661923e-006, 0.208146023, 0.208146023, 6.00944234e-006, -0.978097763, 7.19661643e-006, 1, 7.67550005e-006, 0.978097763, 4.34376185e-006, 0.20814602, 0.20814602, -2.65954516e-006, -0.978097763, -3.69505001e-006, 1, -3.50543192e-006, 0, 0, 0, 0, 0, 0, 0, 0.118800122, 0.154139868, 0.145443359, -0.214562234, 0.569859062, 0.793120616, -0.478759766, -0.769042969, 0.423217773, 0.851296781, -0.288869047, 0.437961256, 0, -0, 0, 0, 0, 0, 0, 0.180678418, 0.150418604, 0.0723506348, -0.505278154, 0.724547342, -0.468689275, -0.11340332, -0.594116211, -0.796264648, -0.855353226, -0.349150496, 0.382424883, 0, 2, 1, 1, 
192.268829, 28, 0.1, 0.1, -0.00248306896, 0.35725684, -0.0349686127, 0.97809776, 1.29489632e-005, 0.208146036, 0.208146036, -8.99054072e-006, -0.97809776, -1.07940065e-005, 1, -1.14889031e-005, 0.97809776, 6.51359067e-006, 0.208146033, 0.208146033, -4.65869881e-006, -0.97809776, -5.40123877e-006, 1, -5.91244093e-006, 0, 0, 0, 0, 0, 0, 0, 0.118800122, 0.154139868, 0.145443359, -0.214562234, 0.569859062, 0.793120616, -0.478759766, -0.769042969, 0.423217773, 0.851296781, -0.288869047, 0.437961256, 0, -0, 0, 0, 0, 0, 0, 0.180678418, 0.150418604, 0.0723506348, -0.505278154, 0.724547342, -0.468689275, -0.11340332, -0.594116211, -0.796264648, -0.855353226, -0.349150496, 0.382424883, 0, 2, 1, 1, 
192.269515, 28, 0.1, 0.1, -0.00248306795, 0.357256839, -0.0349685825, 0.978097756, -1.24286835e-005, 0.208146052, 0.208146052, 8.52635433e-006, -0.978097756, 1.03817405e-005, 1, 1.09265895e-005, 0.978097757, -1.31041482e-005, 0.208146049, 0.208146049, 8.95728541e-006, -0.978097757, 1.09527144e-005, 1, 1.14886775e-005, 0, 0, 0, 0, 0, 0, 0, 0.118800122, 0.154139868, 0.145443359, -0.214562234, 0.569859062, 0.793120616, -0.478759766, -0.769042969, 0.423217773, 0.851296781, -0.288869047, 0.437961256, 0, -0, 0, 0, 0, 0, 0, 0.180678418, 0.150418604, 0.0723506348, -0.505278154, 0.724547342, -0.468689275, -0.11340332, -0.594116211, -0.796264648, -0.855353226, -0.349150496, 0.382424883, 0, 2, 1, 1, 
192.270216, 28, 0.1, 0.1, -0.00248307077, 0.357256841, -0.0349688014, 0.978097752, 8.11552446e-006, 0.20814607, 0.208146071, -4.87834994e-006, -0.978097752, -6.92236686e-006, 1, -6.46071764e-006, 0.978097753, 1.49795728e-005, 0.208146066, 0.208146067, -9.74295664e-006, -0.978097753, -1.26235284e-005, 1, -1.26475032e-005, 0, 0, 0, 0, 0, 0, 0, 0.118800122, 0.154139868, 0.145443359, -0.214562234, 0.569859062, 0.793120616, -0.478759766, -0.769042969, 0.423217773, 0.851296781, -0.288869047, 0.437961256, 0, -0, 0, 0, 0, 0, 0, 0.180694775, 0.149842969, 0.0714284668, -0.50485015, 0.722394196, -0.472305803, -0.111206055, -0.596923828, -0.794311523, -0.855921954, -0.348517601, 0.381799285, 0, 2, 1, 1, 
192.270902, 28, 0.1, 0.1, -0.00248306905, 0.357256839, -0.0349693252, 0.978097748, 8.40779844e-006, 0.208146091, 0.208146091, -5.40795537e-006, -0.978097748, -7.09800395e-006, 1, -7.03955934e-006, 0.978097749, -4.34106849e-006, 0.208146086, 0.208146087, 3.21750788e-006, -0.978097749, 3.57627765e-006, 1, 4.05061363e-006, 0, 0, 0, 0, 0, 0, 0, 0.118800122, 0.154139868, 0.145443359, -0.214562234, 0.569859062, 0.793120616, -0.478759766, -0.769042969, 0.423217773, 0.851296781, -0.288869047, 0.437961256, 0, -0, 0, 0, 0, 0, 0, 0.180694775, 0.149842969, 0.0714284668, -0.50485015, 0.722394196, -0.472305803, -0.111206055, -0.596923828, -0.794311523, -0.855921954, -0.348517601, 0.381799285, 0, 2, 1, 1, 
192.271587, 28, 0.1, 0.1, -0.00248307023, 0.35725684, -0.0349700325, 0.978097744, -1.15994602e-005, 0.208146108, 0.208146108, 7.39642342e-006, -0.978097744, 9.80586911e-006, 1, 9.64880756e-006, 0.978097745, -5.52855058e-006, 0.208146105, 0.208146105, 3.18501242e-006, -0.978097745, 4.74451492e-006, 1, 4.26599973e-006, 0, 0, 0, 0, 0, 0, 0, 0.118800122, 0.154139868, 0.145443359, -0.214562234, 0.569859062, 0.793120616, -0.478759766, -0.769042969, 0.423217773, 0.851296781, -0.288869047, 0.437961256, 0, -0, 0, 0, 0, 0, 0, 0.180694775, 0.149842969, 0.0714284668, -0.50485015, 0.722394196, -0.472305803, -0.111206055, -0.596923828, -0.794311523, -0.855921954, -0.348517601, 0.381799285, 0, 2, 1, 1, 
192.272287, 28, 0.1, 0.1, -0.00248307159, 0.357256841, -0.0349705953, 0.978097742, 1.35806405e-005, 0.208146119, 0.208146119, -8.31170811e-006, -0.978097742, -1.1553144e-005, 1, -1.09564205e-005, 0.978097742, 1.43260459e-005, 0.208146118, 0.208146118, -8.54572967e-006, -0.978097742, -1.22335127e-005, 1, -1.13404697e-005, 0, 0, 0, 0, 0, 0, 0, 0.11865376, 0.153812402, 0.144438208, -0.217386581, 0.572024406, 0.790748581, -0.478515625, -0.768554688, 0.424438477, 0.850631786, -0.286122206, 0.44093238, 0, -0, 0, 0, 0, 0, 0, 0.180694775, 0.149842969, 0.0714284668, -0.50485015, 0.722394196, -0.472305803, -0.111206055, -0.596923828, -0.794311523, -0.855921954, -0.348517601, 0.381799285, 0, 2, 1, 1, 
192.27297, 28, 0.1, 0.1, -0.00248306936, 0.357256839, -0.0349708971, 0.978097741, -6.23706069e-006, 0.208146124, 0.208146124, 2.9617477e-006, -0.978097741, 5.48397866e-006, 1, 4.19509874e-006, 0.978097741, -1.25463257e-005, 0.208146123, 0.208146123, 7.01305819e-006, -0.978097741, 1.0811792e-005, 1, 9.47092543e-006, 0, 0, 0, 0, 0, 0, 0, 0.11865376, 0.153812402, 0.144438208, -0.217386581, 0.572024406, 0.790748581, -0.478515625, -0.768554688, 0.424438477, 0.850631786, -0.286122206, 0.44093238, 0, -0, 0, 0, 0, 0, 0, 0.180694775, 0.149842969, 0.0714284668, -0.50485015, 0.722394196, -0.472305803, -0.111206055, -0.596923828, -0.794311523, -0.855921954, -0.348517601, 0.381799285, 0, 2, 1, 1, 
192.273672, 28, 0.1, 0.1, -0.00248307145, 0.357256841, -0.0349707875, 0.978097739, -6.59985195e-006, 0.208146133, 0.208146133, 5.36196774e-006, -0.978097739, 5.33922742e-006, 1, 6.61826218e-006, 0.97809774, 5.80046872e-006, 0.20814613, 0.20814613, -3.23506018e-006, -0.97809774, -5.00006009e-006, 1, -4.37155017e-006, 0, 0, 0, 0, 0, 0, 0, 0.11865376, 0.153812402, 0.144438208, -0.217386581, 0.572024406, 0.790748581, -0.478515625, -0.768554688, 0.424438477, 0.850631786, -0.286122206, 0.44093238, 0, -0, 0, 0, 0, 0, 0, 0.180694775, 0.149842969, 0.0714284668, -0.50485015, 0.722394196, -0.472305803, -0.111206055, -0.596923828, -0.794311523, -0.855921954, -0.348517601, 0.381799285, 0, 2, 1, 1, 
192.274373, 28, 0.1, 0.1, -0.00248307076, 0.35725684, -0.0349703462, 0.978097736, 1.34032733e-005, 0.208146145, 0.208146145, -7.84245166e-006, -0.978097737, -1.14773352e-005, 1, -1.04605239e-005, 0.978097737, 7.77782327e-006, 0.208146143, 0.208146143, -3.82840999e-006, -0.978097737, -6.81060256e-006, 1, -5.36348307e-006, 0, 0, 0, 0, 0, 0, 0, 0.118665845, 0.153290137, 0.142779932, -0.217214717, 0.574729308, 0.788882782, -0.476806641, -0.767578125, 0.428100586, 0.851716893, -0.283090046, 0.440857117, 0, -0, 0, 0, 0, 0, 0, 0.180694775, 0.149842969, 0.0714284668, -0.505629599, 0.720132408, -0.474899713, -0.110595703, -0.599975586, -0.792236328, -0.855512907, -0.348018869, 0.383122309, 0, 2, 1, 1, 
192.275072, 28, 0.1, 0.1, -0.00248306938, 0.357256839, -0.0349695493, 0.978097736, -1.44618133e-005, 0.208146147, 0.208146148, 7.56615984e-006, -0.978097736, 1.25701998e-005, 1, 1.04106145e-005, 0.978097736, -1.48034299e-005, 0.208146147, 0.208146147, 7.96120504e-006, -0.978097736, 1.28221071e-005, 1, 1.08681135e-005, 0, 0, 0, 0, 0, 0, 0, 0.118665845, 0.153290137, 0.142779932, -0.217214717, 0.574729308, 0.788882782, -0.476806641, -0.767578125, 0.428100586, 0.851716893, -0.283090046, 0.440857117, 0, -0, 0, 0, 0, 0, 0, 0.180875049, 0.149257324, 0.0699452148, -0.505629599, 0.720132408, -0.474899713, -0.110595703, -0.599975586, -0.792236328, -0.855512907, -0.348018869, 0.383122309, 0, 2, 1, 1, 
192.275758, 28, 0.1, 0.1, -0.00248307109, 0.35725684, -0.0349689656, 0.978097735, 4.79790789e-006, 0.208146151, 0.208146151, -3.05103204e-006, -0.978097735, -4.05776226e-006, 1, -3.98287359e-006, 0.978097736, 1.15405084e-005, 0.208146149, 0.208146149, -8.15440406e-006, -0.978097736, -9.59043732e-006, 1, -1.03779165e-005, 0, 0, 0, 0, 0, 0, 0, 0.118665845, 0.153290137, 0.142779932, -0.217214717, 0.574729308, 0.788882782, -0.476806641, -0.767578125, 0.428100586, 0.851716893, -0.283090046, 0.440857117, 0, -0, 0, 0, 0, 0, 0, 0.180875049, 0.149257324, 0.0699452148, -0.505629599, 0.720132408, -0.474899713, -0.110595703, -0.599975586, -0.792236328, -0.855512907, -0.348018869, 0.383122309, 0, 2, 1, 1, 
192.276449, 28, 0.1, 0.1, -0.00248306839, 0.357256838, -0.034968696, 0.978097733, 6.29820423e-006, 0.208146162, 0.208146162, -3.24015246e-006, -0.978097733, -5.48583398e-006, 1, -4.48013281e-006, 0.978097733, -6.93040608e-006, 0.20814616, 0.20814616, 5.61232793e-006, -0.978097733, 5.61042997e-006, 1, 6.93194263e-006, 0, 0, 0, 0, 0, 0, 0, 0.118665845, 0.153290137, 0.142779932, -0.217214717, 0.574729308, 0.788882782, -0.476806641, -0.767578125, 0.428100586, 0.851716893, -0.283090046, 0.440857117, 0, -0, 0, 0, 0, 0, 0, 0.180875049, 0.149257324, 0.0699452148, -0.505629599, 0.720132408, -0.474899713, -0.110595703, -0.599975586, -0.792236328, -0.855512907, -0.348018869, 0.383122309, 0, 2, 1, 1, 
192.277141, 28, 0.1, 0.1, -0.00248306878, 0.357256838, -0.0349687617, 0.978097732, -1.47957632e-005, 0.208146166, 0.208146166, 8.85685971e-006, -0.978097732, 1.26281811e-005, 1, 1.17425558e-005, 0.978097732, -8.54309552e-006, 0.208146166, 0.208146166, 4.87164232e-006, -0.978097732, 7.34196869e-006, 1, 6.54315488e-006, 0, 0, 0, 0, 0, 0, 0, 0.118665845, 0.153290137, 0.142779932, -0.217214717, 0.574729308, 0.788882782, -0.476806641, -0.767578125, 0.428100586, 0.851716893, -0.283090046, 0.440857117, 0, -0, 0, 0, 0, 0, 0, 0.180875049, 0.149257324, 0.0699452148, -0.505629599, 0.720132408, -0.474899713, -0.110595703, -0.599975586, -0.792236328, -0.855512907, -0.348018869, 0.383122309, 0, 2, 1, 1, 
192.277826, 28, 0.1, 0.1, -0.00248306948, 0.357256839, -0.0349691689, 0.978097732, 1.29198263e-005, 0.208146164, 0.208146164, -7.49973871e-006, -0.978097732, -1.10758109e-005, 1, -1.00246897e-005, 0.978097732, 1.31734691e-005, 0.208146165, 0.208146165, -7.79730505e-006, -0.978097732, -1.12619611e-005, 1, -1.03685335e-005, 0, 0, 0, 0, 0, 0, 0, 0.118665845, 0.153290137, 0.142779932, -0.217214717, 0.574729308, 0.788882782, -0.476806641, -0.767578125, 0.428100586, 0.851716893, -0.283090046, 0.440857117, 0, -0, 0, 0, 0, 0, 0, 0.180875049, 0.149257324, 0.0699452148, -0.505629599, 0.720132408, -0.474899713, -0.110595703, -0.599975586, -0.792236328, -0.855512907, -0.348018869, 0.383122309, 0, 2, 1, 1, 
192.278514, 28, 0.1, 0.1, -0.00248306714, 0.357256837, -0.0349697748, 0.978097732, -6.1781088e-006, 0.208146164, 0.208146164, 3.46624693e-006, -0.978097732, 5.3213082e-006, 1, 4.67627791e-006, 0.978097733, -1.29016608e-005, 0.208146163, 0.208146164, 8.12250251e-006, -0.978097733, 1.09284174e-005, 1, 1.06300325e-005, 0, 0, 0, 0, 0, 0, 0, 0.118665845, 0.153290137, 0.142779932, -0.217214717, 0.574729308, 0.788882782, -0.476806641, -0.767578125, 0.428100586, 0.851716893, -0.283090046, 0.440857117, 0, -0, 0, 0, 0, 0, 0, 0.180875049, 0.149257324, 0.0699452148, -0.505629599, 0.720132408, -0.474899713, -0.110595703, -0.599975586, -0.792236328, -0.855512907, -0.348018869, 0.383122309, 0, 2, 1, 1, 
192.279227, 28, 0.1, 0.1, -0.00248306917, 0.357256838, -0.03497032, 0.978097731, -7.59287486e-006, 0.208146171, 0.208146171, 5.39661941e-006, -0.978097731, 6.30328801e-006, 1, 6.85884903e-006, 0.978097732, 5.81671702e-006, 0.208146169, 0.208146169, -3.85843916e-006, -0.978097732, -4.88619839e-006, 1, -4.98465795e-006, 0, 0, 0, 0, 0, 0, 0, 0.118427319, 0.15295376, 0.141534448, -0.221822489, 0.576666622, 0.78609887, -0.47644043, -0.767456055, 0.428710937, 0.850716405, -0.279441944, 0.445129396, 0, -0, 0, 0, 0, 0, 0, 0.180875049, 0.149257324, 0.0699452148, -0.505054673, 0.717666097, -0.479251214, -0.106933594, -0.602905273, -0.790405273, -0.856311679, -0.34790986, 0.381314778, 0, 2, 1, 1, 
192.279913, 28, 0.1, 0.1, -0.00248306815, 0.357256837, -0.0349704806, 0.978097729, 1.24014915e-005, 0.20814618, 0.20814618, -7.9389944e-006, -0.978097729, -1.04773994e-005, 1, -1.03464355e-005, 0.97809773, 6.47211489e-006, 0.208146178, 0.208146178, -3.72692921e-006, -0.97809773, -5.55461481e-006, 1, -4.99244698e-006, 0, 0, 0, 0, 0, 0, 0, 0.118427319, 0.15295376, 0.141534448, -0.221822489, 0.576666622, 0.78609887, -0.47644043, -0.767456055, 0.428710937, 0.850716405, -0.279441944, 0.445129396, 0, -0, 0, 0, 0, 0, 0, 0.180896289, 0.148649951, 0.0687263184, -0.505054673, 0.717666097, -0.479251214, -0.106933594, -0.602905273, -0.790405273, -0.856311679, -0.34790986, 0.381314778, 0, 2, 1, 1, 
192.280613, 28, 0.1, 0.1, -0.00248306688, 0.357256837, -0.0349703777, 0.978097729, -1.29847828e-005, 0.208146181, 0.208146181, 7.49203936e-006, -0.978097729, 1.11409472e-005, 1, 1.00306796e-005, 0.978097729, -1.37500653e-005, 0.208146181, 0.208146181, 7.81556273e-006, -0.978097729, 1.18221282e-005, 1, 1.05064078e-005, 0, 0, 0, 0, 0, 0, 0, 0.118427319, 0.15295376, 0.141534448, -0.221822489, 0.576666622, 0.78609887, -0.47644043, -0.767456055, 0.428710937, 0.850716405, -0.279441944, 0.445129396, 0, -0, 0, 0, 0, 0, 0, 0.180896289, 0.148649951, 0.0687263184, -0.505054673, 0.717666097, -0.479251214, -0.106933594, -0.602905273, -0.790405273, -0.856311679, -0.34790986, 0.381314778, 0, 2, 1, 1, 
192.281301, 28, 0.1, 0.1, -0.00248306927, 0.357256838, -0.0349701229, 0.978097729, 6.94789642e-006, 0.20814618, 0.20814618, -3.61388673e-006, -0.978097729, -6.04350499e-006, 1, -4.9809125e-006, 0.978097729, 1.35910822e-005, 0.20814618, 0.20814618, -7.9945835e-006, -0.978097729, -1.16293647e-005, 1, -1.06484158e-005, 0, 0, 0, 0, 0, 0, 0, 0.118427319, 0.15295376, 0.141534448, -0.221822489, 0.576666622, 0.78609887, -0.47644043, -0.767456055, 0.428710937, 0.850716405, -0.279441944, 0.445129396, 0, -0, 0, 0, 0, 0, 0, 0.180896289, 0.148649951, 0.0687263184, -0.505054673, 0.717666097, -0.479251214, -0.106933594, -0.602905273, -0.790405273, -0.856311679, -0.34790986, 0.381314778, 0, 2, 1, 1, 
192.281987, 28, 0.1, 0.1, -0.00248306735, 0.357256837, -0.0349698304, 0.978097728, 7.71034077e-006, 0.208146184, 0.208146184, -5.74961499e-006, -0.978097728, -6.34470637e-006, 1, -7.22856337e-006, 0.978097729, -4.90545468e-006, 0.208146182, 0.208146182, 2.89516736e-006, -0.978097729, 4.19539605e-006, 1, 3.85280829e-006, 0, 0, 0, 0, 0, 0, 0, 0.118427319, 0.15295376, 0.141534448, -0.221822489, 0.576666622, 0.78609887, -0.47644043, -0.767456055, 0.428710937, 0.850716405, -0.279441944, 0.445129396, 0, -0, 0, 0, 0, 0, 0, 0.180896289, 0.148649951, 0.0687263184, -0.505054673, 0.717666097, -0.479251214, -0.106933594, -0.602905273, -0.790405273, -0.856311679, -0.34790986, 0.381314778, 0, 2, 1, 1, 
192.282678, 28, 0.1, 0.1, -0.00248306845, 0.357256837, -0.0349695664, 0.978097726, -1.1871812e-005, 0.208146192, 0.208146192, 7.64855619e-006, -0.978097726, 1.00197745e-005, 1, 9.9521079e-006, 0.978097727, -5.92047319e-006, 0.208146191, 0.208146191, 3.35038578e-006, -0.978097727, 5.09343133e-006, 1, 4.50932866e-006, 0, 0, 0, 0, 0, 0, 0, 0.118427319, 0.15295376, 0.141534448, -0.221822489, 0.576666622, 0.78609887, -0.47644043, -0.767456055, 0.428710937, 0.850716405, -0.279441944, 0.445129396, 0, -0, 0, 0, 0, 0, 0, 0.180896289, 0.148649951, 0.0687263184, -0.505054673, 0.717666097, -0.479251214, -0.106933594, -0.602905273, -0.790405273, -0.856311679, -0.34790986, 0.381314778, 0, 2, 1, 1, 
192.283368, 28, 0.1, 0.1, -0.00248307004, 0.357256838, -0.0349694125, 0.978097726, 1.48117506e-005, 0.208146193, 0.208146193, -8.39251618e-006, -0.978097726, -1.27404693e-005, 1, -1.12917105e-005, 0.978097726, 1.54540634e-005, 0.208146193, 0.208146193, -8.65131092e-006, -0.978097726, -1.33148468e-005, 1, -1.1678532e-005, 0, 0, 0, 0, 0, 0, 0, 0.118427319, 0.15295376, 0.141534448, -0.221822489, 0.576666622, 0.78609887, -0.47644043, -0.767456055, 0.428710937, 0.850716405, -0.279441944, 0.445129396, 0, -0, 0, 0, 0, 0, 0, 0.180896289, 0.148649951, 0.0687263184, -0.505054673, 0.717666097, -0.479251214, -0.106933594, -0.602905273, -0.790405273, -0.856311679, -0.34790986, 0.381314778, 0, 2, 1, 1, 
192.284077, 28, 0.1, 0.1, -0.00248306799, 0.357256837, -0.0349693465, 0.978097727, -4.82211547e-006, 0.208146191, 0.208146191, 2.27907667e-006, -0.978097727, 4.24211905e-006, 1, 3.23286468e-006, 0.978097727, -1.2090686e-005, 0.208146191, 0.208146191, 7.14788232e-006, -0.978097727, 1.0338068e-005, 1, 9.50795768e-006, 0, 0, 0, 0, 0, 0, 0, 0.11822749, 0.15241123, 0.140288965, -0.225643576, 0.579015813, 0.783314958, -0.477294922, -0.766601563, 0.429321289, 0.849220543, -0.277094997, 0.449401674, 0, -0, 0, 0, 0, 0, 0, 0.180896289, 0.148649951, 0.0687263184, -0.503955862, 0.715512951, -0.483628235, -0.103637695, -0.605957031, -0.788574219, -0.857423616, -0.347276966, 0.379750051, 0, 2, 1, 1, 
192.284762, 28, 0.1, 0.1, -0.00248307045, 0.357256838, -0.0349692834, 0.978097726, -6.16324017e-006, 0.208146195, 0.208146195, 4.62601143e-006, -0.978097726, 5.06536451e-006, 1, 5.80754625e-006, 0.978097726, 6.99478862e-006, 0.208146194, 0.208146194, -4.36730771e-006, -0.978097726, -5.93254837e-006, 1, -5.72759237e-006, 0, 0, 0, 0, 0, 0, 0, 0.11822749, 0.15241123, 0.140288965, -0.225643576, 0.579015813, 0.783314958, -0.477294922, -0.766601563, 0.429321289, 0.849220543, -0.277094997, 0.449401674, 0, -0, 0, 0, 0, 0, 0, 0.181168848, 0.148074316, 0.0675108398, -0.503955862, 0.715512951, -0.483628235, -0.103637695, -0.605957031, -0.788574219, -0.857423616, -0.347276966, 0.379750051, 0, 2, 1, 1, 
192.285452, 28, 0.1, 0.1, -0.00248306963, 0.357256837, -0.0349694152, 0.978097724, 1.29420388e-005, 0.208146203, 0.208146203, -8.22053469e-006, -0.978097724, -1.09475056e-005, 1, -1.07343225e-005, 0.978097725, 7.15181688e-006, 0.208146202, 0.208146202, -4.08007856e-006, -0.978097725, -6.14592296e-006, 1, -5.47933907e-006, 0, 0, 0, 0, 0, 0, 0, 0.11822749, 0.15241123, 0.140288965, -0.225643576, 0.579015813, 0.783314958, -0.477294922, -0.766601563, 0.429321289, 0.849220543, -0.277094997, 0.449401674, 0, -0, 0, 0, 0, 0, 0, 0.181168848, 0.148074316, 0.0675108398, -0.503955862, 0.715512951, -0.483628235, -0.103637695, -0.605957031, -0.788574219, -0.857423616, -0.347276966, 0.379750051, 0, 2, 1, 1, 
192.286142, 28, 0.1, 0.1, -0.00248306814, 0.357256837, -0.0349696686, 0.978097724, -1.43843197e-005, 0.208146204, 0.208146204, 8.40781847e-006, -0.978097724, 1.23192149e-005, 1, 1.12177096e-005, 0.978097724, -1.47919289e-005, 0.208146204, 0.208146204, 8.494756e-006, -0.978097724, 1.26998008e-005, 1, 1.13875854e-005, 0, 0, 0, 0, 0, 0, 0, 0.11822749, 0.15241123, 0.140288965, -0.225643576, 0.579015813, 0.783314958, -0.477294922, -0.766601563, 0.429321289, 0.849220543, -0.277094997, 0.449401674, 0, -0, 0, 0, 0, 0, 0, 0.181168848, 0.148074316, 0.0675108398, -0.503955862, 0.715512951, -0.483628235, -0.103637695, -0.605957031, -0.788574219, -0.857423616, -0.347276966, 0.379750051, 0, 2, 1, 1, 
192.286852, 28, 0.1, 0.1, -0.00248307035, 0.357256838, -0.0349697758, 0.978097725, 5.96603279e-006, 0.208146199, 0.208146199, -3.33959822e-006, -0.978097725, -5.14023842e-006, 1, -4.50826047e-006, 0.978097725, 1.2922884e-005, 0.2081462, 0.2081462, -7.76332722e-006, -0.978097725, -1.10239364e-005, 1, -1.02831419e-005, 0, 0, 0, 0, 0, 0, 0, 0.118452686, 0.151893726, 0.138176025, -0.225649568, 0.581822186, 0.781265312, -0.475952148, -0.76550293, 0.432739258, 0.849963044, -0.274202501, 0.449726306, 0, -0, 0, 0, 0, 0, 0, 0.181160547, 0.147260547, 0.0659475098, -0.504077264, 0.713104242, -0.487091279, -0.102172852, -0.60925293, -0.786254883, -0.857436376, -0.34654819, 0.379999784, 0, 2, 1, 1, 
192.287539, 28, 0.1, 0.1, -0.0024830678, 0.357256836, -0.0349698348, 0.978097725, 5.59429493e-006, 0.208146199, 0.208146199, -4.57224249e-006, -0.978097725, -4.52007225e-006, 1, -5.6365312e-006, 0.978097725, -6.87781112e-006, 0.208146198, 0.208146198, 3.66900013e-006, -0.978097725, 5.96348298e-006, 1, 5.02023092e-006, 0, 0, 0, 0, 0, 0, 0, 0.118452686, 0.151893726, 0.138176025, -0.225649568, 0.581822186, 0.781265312, -0.475952148, -0.76550293, 0.432739258, 0.849963044, -0.274202501, 0.449726306, 0, -0, 0, 0, 0, 0, 0, 0.181160547, 0.147260547, 0.0659475098, -0.504077264, 0.713104242, -0.487091279, -0.102172852, -0.60925293, -0.786254883, -0.857436376, -0.34654819, 0.379999784, 0, 2, 1, 1, 
192.288236, 28, 0.1, 0.1, -0.00248306806, 0.357256836, -0.0349699073, 0.978097724, -1.42947898e-005, 0.208146204, 0.208146204, 9.68466854e-006, -0.978097724, 1.19658744e-005, 1, 1.24479585e-005, 0.978097724, -8.02140732e-006, 0.208146203, 0.208146203, 5.29319164e-006, -0.978097724, 6.7439625e-006, 1, 6.84688418e-006, 0, 0, 0, 0, 0, 0, 0, 0.118452686, 0.151893726, 0.138176025, -0.225649568, 0.581822186, 0.781265312, -0.475952148, -0.76550293, 0.432739258, 0.849963044, -0.274202501, 0.449726306, 0, -0, 0, 0, 0, 0, 0, 0.181160547, 0.147260547, 0.0659475098, -0.504077264, 0.713104242, -0.487091279, -0.102172852, -0.60925293, -0.786254883, -0.857436376, -0.34654819, 0.379999784, 0, 2, 1, 1, 
192.288921, 28, 0.1, 0.1, -0.0024830685, 0.357256837, -0.0349699192, 0.978097722, 1.12483622e-005, 0.208146211, 0.208146211, -7.58787276e-006, -0.978097722, -9.42261046e-006, 1, -9.76298504e-006, 0.978097723, 1.1637624e-005, 0.20814621, 0.20814621, -7.84473947e-006, -0.978097723, -9.7498807e-006, 1, -1.00952491e-005, 0, 0, 0, 0, 0, 0, 0, 0.118452686, 0.151893726, 0.138176025, -0.225649568, 0.581822186, 0.781265312, -0.475952148, -0.76550293, 0.432739258, 0.849963044, -0.274202501, 0.449726306, 0, -0, 0, 0, 0, 0, 0, 0.181160547, 0.147260547, 0.0659475098, -0.504077264, 0.713104242, -0.487091279, -0.102172852, -0.60925293, -0.786254883, -0.857436376, -0.34654819, 0.379999784, 0, 2, 1, 1, 
192.289611, 28, 0.1, 0.1, -0.00248306578, 0.357256835, -0.0349699167, 0.97809772, -6.97573608e-006, 0.208146221, 0.208146221, 4.31392585e-006, -0.97809772, 5.9250242e-006, 1, 5.67141415e-006, 0.978097721, -1.3710175e-005, 0.208146219, 0.208146219, 9.05828879e-006, -0.978097721, 1.15244424e-005, 1, 1.17136127e-005, 0, 0, 0, 0, 0, 0, 0, 0.118452686, 0.151893726, 0.138176025, -0.225649568, 0.581822186, 0.781265312, -0.475952148, -0.76550293, 0.432739258, 0.849963044, -0.274202501, 0.449726306, 0, -0, 0, 0, 0, 0, 0, 0.181160547, 0.147260547, 0.0659475098, -0.504077264, 0.713104242, -0.487091279, -0.102172852, -0.60925293, -0.786254883, -0.857436376, -0.34654819, 0.379999784, 0, 2, 1, 1, 
192.290297, 28, 0.1, 0.1, -0.00248306777, 0.357256836, -0.0349699301, 0.978097718, -6.68915212e-006, 0.208146234, 0.208146234, 4.62626346e-006, -0.978097718, 5.57970511e-006, 1, 5.91725955e-006, 0.978097718, 5.6439312e-006, 0.208146231, 0.208146231, -3.78609871e-006, -0.978097718, -4.73225406e-006, 1, -4.87793751e-006, 0, 0, 0, 0, 0, 0, 0, 0.118452686, 0.151893726, 0.138176025, -0.225649568, 0.581822186, 0.781265312, -0.475952148, -0.76550293, 0.432739258, 0.849963044, -0.274202501, 0.449726306, 0, -0, 0, 0, 0, 0, 0, 0.181160547, 0.147260547, 0.0659475098, -0.504077264, 0.713104242, -0.487091279, -0.102172852, -0.60925293, -0.786254883, -0.857436376, -0.34654819, 0.379999784, 0, 2, 1, 1, 
192.290983, 28, 0.1, 0.1, -0.0024830671, 0.357256835, -0.0349699685, 0.978097715, 1.35668977e-005, 0.208146248, 0.208146248, -9.04643669e-006, -0.978097715, -1.13867698e-005, 1, -1.16721979e-005, 0.978097715, 7.6407994e-006, 0.208146245, 0.208146245, -4.81800305e-006, -0.978097715, -6.47059919e-006, 1, -6.30288148e-006, 0, 0, 0, 0, 0, 0, 0, 0.118452686, 0.151893726, 0.138176025, -0.225649568, 0.581822186, 0.781265312, -0.475952148, -0.76550293, 0.432739258, 0.849963044, -0.274202501, 0.449726306, 0, -0, 0, 0, 0, 0, 0, 0.181160547, 0.147260547, 0.0659475098, -0.504077264, 0.713104242, -0.487091279, -0.102172852, -0.60925293, -0.786254883, -0.857436376, -0.34654819, 0.379999784, 0, 2, 1, 1, 
192.2917, 28, 0.1, 0.1, -0.00248306601, 0.357256835, -0.0349698417, 0.978097712, -1.24309444e-005, 0.20814626, 0.20814626, 8.43746367e-006, -0.978097712, 1.04024518e-005, 1, 1.08401185e-005, 0.978097713, -1.31448252e-005, 0.208146257, 0.208146258, 8.81176286e-006, -0.978097713, 1.1022788e-005, 1, 1.13548113e-005, 0, 0, 0, 0, 0, 0, 0, 0.118143726, 0.151338135, 0.13669021, -0.231596685, 0.583816788, 0.778069523, -0.476074219, -0.76550293, 0.432739258, 0.848309544, -0.270192697, 0.455299739, 0, -0, 0, 0, 0, 0, 0, 0.181160547, 0.147260547, 0.0659475098, -0.503221256, 0.710177844, -0.492228792, -0.0974121094, -0.612548828, -0.784301758, -0.858573833, -0.346733024, 0.377495926, 0, 2, 1, 1, 
192.292389, 28, 0.1, 0.1, -0.00248306837, 0.357256836, -0.0349695416, 0.97809771, 6.39854593e-006, 0.208146271, 0.208146271, -4.17901496e-006, -0.97809771, -5.38855674e-006, 1, -5.41931844e-006, 0.97809771, 1.3257408e-005, 0.208146269, 0.208146269, -8.548626e-006, -0.97809771, -1.11876758e-005, 1, -1.11208715e-005, 0, 0, 0, 0, 0, 0, 0, 0.118143726, 0.151338135, 0.13669021, -0.231596685, 0.583816788, 0.778069523, -0.476074219, -0.76550293, 0.432739258, 0.848309544, -0.270192697, 0.455299739, 0, -0, 0, 0, 0, 0, 0, 0.181416504, 0.146839795, 0.0646619629, -0.503221256, 0.710177844, -0.492228792, -0.0974121094, -0.612548828, -0.784301758, -0.858573833, -0.346733024, 0.377495926, 0, 2, 1, 1, 
192.293079, 28, 0.1, 0.1, -0.0024830662, 0.357256835, -0.0349693453, 0.978097707, 7.59495484e-006, 0.208146282, 0.208146282, -4.92925021e-006, -0.978097707, -6.40260282e-006, 1, -6.40214994e-006, 0.978097708, -5.61508794e-006, 0.20814628, 0.20814628, 3.62367655e-006, -0.978097708, 4.73784985e-006, 1, 4.71306939e-006, 0, 0, 0, 0, 0, 0, 0, 0.118143726, 0.151338135, 0.13669021, -0.231596685, 0.583816788, 0.778069523, -0.476074219, -0.76550293, 0.432739258, 0.848309544, -0.270192697, 0.455299739, 0, -0, 0, 0, 0, 0, 0, 0.181416504, 0.146839795, 0.0646619629, -0.503221256, 0.710177844, -0.492228792, -0.0974121094, -0.612548828, -0.784301758, -0.858573833, -0.346733024, 0.377495926, 0, 2, 1, 1, 
192.293772, 28, 0.1, 0.1, -0.00248306725, 0.357256835, -0.0349692749, 0.978097705, -1.26065397e-005, 0.208146291, 0.208146291, 8.2602587e-006, -0.978097706, 1.06110853e-005, 1, 1.07033446e-005, 0.978097706, -6.45084325e-006, 0.208146289, 0.208146289, 4.13387006e-006, -0.978097706, 5.44910527e-006, 1, 5.38604791e-006, 0, 0, 0, 0, 0, 0, 0, 0.118143726, 0.151338135, 0.13669021, -0.231596685, 0.583816788, 0.778069523, -0.476074219, -0.76550293, 0.432739258, 0.848309544, -0.270192697, 0.455299739, 0, -0, 0, 0, 0, 0, 0, 0.181416504, 0.146839795, 0.0646619629, -0.503221256, 0.710177844, -0.492228792, -0.0974121094, -0.612548828, -0.784301758, -0.858573833, -0.346733024, 0.377495926, 0, 2, 1, 1, 
192.294461, 28, 0.1, 0.1, -0.00248306837, 0.357256836, -0.03496939, 0.978097704, 1.32142335e-005, 0.208146298, 0.208146298, -8.91274003e-006, -0.978097704, -1.10696576e-005, 1, -1.14680243e-005, 0.978097704, 1.38880427e-005, 0.208146297, 0.208146297, -9.00226498e-006, -0.978097704, -1.17100746e-005, 1, -1.16958394e-005, 0, 0, 0, 0, 0, 0, 0, 0.118143726, 0.151338135, 0.13669021, -0.231596685, 0.583816788, 0.778069523, -0.476074219, -0.76550293, 0.432739258, 0.848309544, -0.270192697, 0.455299739, 0, -0, 0, 0, 0, 0, 0, 0.181416504, 0.146839795, 0.0646619629, -0.503221256, 0.710177844, -0.492228792, -0.0974121094, -0.612548828, -0.784301758, -0.858573833, -0.346733024, 0.377495926, 0, 2, 1, 1, 
192.295149, 28, 0.1, 0.1, -0.00248306611, 0.357256834, -0.0349696483, 0.978097704, -5.81093395e-006, 0.2081463, 0.2081463, 3.96113521e-006, -0.978097704, 4.85916551e-006, 1, 5.08390165e-006, 0.978097704, -1.25757061e-005, 0.2081463, 0.2081463, 8.22505577e-006, -0.978097704, 1.05882543e-005, 1, 1.06624949e-005, 0, 0, 0, 0, 0, 0, 0, 0.118143726, 0.151338135, 0.13669021, -0.231596685, 0.583816788, 0.778069523, -0.476074219, -0.76550293, 0.432739258, 0.848309544, -0.270192697, 0.455299739, 0, -0, 0, 0, 0, 0, 0, 0.181416504, 0.146839795, 0.0646619629, -0.503221256, 0.710177844, -0.492228792, -0.0974121094, -0.612548828, -0.784301758, -0.858573833, -0.346733024, 0.377495926, 0, 2, 1, 1, 
192.295845, 28, 0.1, 0.1, -0.00248306862, 0.357256836, -0.0349698562, 0.978097704, -6.18846084e-006, 0.208146298, 0.208146298, 3.64062843e-006, -0.978097704, 5.29513601e-006, 1, 4.84899553e-006, 0.978097704, 6.75118295e-006, 0.208146299, 0.208146299, -4.77180999e-006, -0.978097704, -5.61008195e-006, 1, -6.07253014e-006, 0, 0, 0, 0, 0, 0, 0, 0.118143726, 0.151338135, 0.13669021, -0.231596685, 0.583816788, 0.778069523, -0.476074219, -0.76550293, 0.432739258, 0.848309544, -0.270192697, 0.455299739, 0, -0, 0, 0, 0, 0, 0, 0.181416504, 0.146839795, 0.0646619629, -0.503221256, 0.710177844, -0.492228792, -0.0974121094, -0.612548828, -0.784301758, -0.858573833, -0.346733024, 0.377495926, 0, 2, 1, 1, 
192.296563, 28, 0.1, 0.1, -0.00248306828, 0.357256836, -0.0349699586, 0.978097705, 1.50214e-005, 0.208146292, 0.208146292, -9.69701606e-006, -0.978097705, -1.2673999e-005, 1, -1.26112779e-005, 0.978097705, 8.67122257e-006, 0.208146294, 0.208146294, -5.42691838e-006, -0.978097705, -7.35170994e-006, 1, -7.11293925e-006, 0, 0, 0, 0, 0, 0, 0, 0.11789043, 0.150571021, 0.134975049, -0.236414513, 0.586146883, 0.774753167, -0.477783203, -0.764404297, 0.432617187, 0.845982814, -0.267966317, 0.460892267, 0, -0, 0, 0, 0, 0, 0, 0.181416504, 0.146839795, 0.0646619629, -0.500953272, 0.708178183, -0.497353545, -0.0936279297, -0.615722656, -0.782226562, -0.860299342, -0.345224799, 0.374870666, 0, 2, 1, 1, 
192.297249, 28, 0.1, 0.1, -0.0024830676, 0.357256835, -0.03496982, 0.978097707, -1.19232085e-005, 0.208146282, 0.208146283, 7.71327468e-006, -0.978097707, 1.00565734e-005, 1, 1.00261078e-005, 0.978097707, -1.22951126e-005, 0.208146285, 0.208146285, 7.63578633e-006, -0.978097707, 1.04364609e-005, 1, 1.00277271e-005, 0, 0, 0, 0, 0, 0, 0, 0.11789043, 0.150571021, 0.134975049, -0.236414513, 0.586146883, 0.774753167, -0.477783203, -0.764404297, 0.432617187, 0.845982814, -0.267966317, 0.460892267, 0, -0, 0, 0, 0, 0, 0, 0.181753516, 0.14584624, 0.0631514648, -0.500953272, 0.708178183, -0.497353545, -0.0936279297, -0.615722656, -0.782226562, -0.860299342, -0.345224799, 0.374870666, 0, 2, 1, 1, 
