time, trialNum, realDorsalTactorPos, realVentralTactorPos, boxPosX, boxPosY, boxPosZ, boxLocalRot_11, boxLocalRot_12, boxLocalRot_13, boxLocalRot_21, boxLocalRot_22, boxLocalRot_23, boxLocalRot_31, boxLocalRot_32, boxLocalRot_33, boxGlobalRot_11, boxGlobalRot_12, boxGlobalRot_13, boxGlobalRot_21, boxGlobalRot_22, boxGlobalRot_23, boxGlobalRot_31, boxGlobalRot_32, boxGlobalRot_33, indexForceX, indexForceY, indexForceZ, indexForceGlobalX, indexForceGlobalY, indexForceGlobalZ, indexContact, indexPosX, indexPosY, indexPosZ, indexRot_11, indexRot_12, indexRot_13, indexRot_21, indexRot_22, indexRot_23, indexRot_31, indexRot_32, indexRot_33, thumbForceX, thumbForceY, thumbForceZ, thumbForceGlobalX, thumbForceGlobalY, thumbForceGlobalZ, thumbContact, thumbPosX, thumbPosY, thumbPosZ, thumbRot_11, thumbRot_12, thumbRot_13, thumbRot_21, thumbRot_22, thumbRot_23, thumbRot_31, thumbRot_32, thumbRot_33, manipForceTooHigh, cceExpType, mapping, trialSuccess, 
580.877631, 44, 0.1, 0.1, 0.0201050007, 0.36192958, -0.0349681343, 0.957552019, -0.288260527, 5.7683624e-006, 0.288260527, 0.957552019, 5.86599265e-006, -7.21444119e-006, -3.95420192e-006, 1, 0.957552099, -0.28826026, 5.71211237e-006, 0.28826026, 0.957552099, -3.29834417e-006, -4.51886364e-006, 4.80491138e-006, 1, 0, 0, 0, 0, 0, 0, 0, 0.282490576, -0.0799584961, -0.204372632, -0.0315943227, 0.569118223, -0.821513285, -0.752929687, 0.526977539, 0.394042969, 0.657322278, 0.631143057, 0.412028124, 0, -0, 0, 0, 0, 0, 0, 0.380270801, -0.0820182129, -0.175061182, 0.328955648, -0.0398857027, -0.943483827, -0.41784668, -0.901977539, -0.107666016, -0.846718025, 0.429703323, -0.313350175, 0, 2, 5, 1, 
580.918457, 44, 0.1, 0.1, 0.020104994, 0.361929585, -0.0349661591, 0.957548245, -0.288273063, 9.64056154e-006, 0.288273063, 0.957548245, -7.16886837e-006, -7.16471113e-006, 9.64365153e-006, 1, 0.957548245, -0.288273062, 1.19954832e-006, 0.288273062, 0.957548245, -1.0120647e-005, 1.76888452e-006, 1.00368053e-005, 1, 0, 0, 0, 0, 0, 0, 0, 0.283456274, -0.0788108643, -0.204454004, -0.0341737874, 0.578447219, -0.814902677, -0.758056641, 0.516357422, 0.39831543, 0.651180453, 0.631519368, 0.420992053, 0, -0, 0, 0, 0, 0, 0, 0.381687207, -0.0803862305, -0.174504834, 0.337517193, -0.0266988708, -0.940819921, -0.406738281, -0.905517578, -0.120239258, -0.848763996, 0.423356524, -0.316506983, 0, 2, 5, 1, 
580.919147, 44, 0.1, 0.1, 0.0201049944, 0.361929582, -0.0349672208, 0.957548205, -0.288273194, -4.34086091e-006, 0.288273194, 0.957548205, 5.62462643e-006, 2.53515455e-006, -6.63720478e-006, 1, 0.957548216, -0.288273158, -8.91541817e-006, 0.288273158, 0.957548216, 1.11642047e-005, 5.31860222e-006, -1.32603401e-005, 1, 0, 0, 0, 0, 0, 0, 0, 0.283456274, -0.0788108643, -0.204454004, -0.0341737874, 0.578447219, -0.814902677, -0.758056641, 0.516357422, 0.39831543, 0.651180453, 0.631519368, 0.420992053, 0, -0, 0, 0, 0, 0, 0, 0.381687207, -0.0803862305, -0.174504834, 0.337517193, -0.0266988708, -0.940819921, -0.406738281, -0.905517578, -0.120239258, -0.848763996, 0.423356524, -0.316506983, 0, 2, 5, 1, 
580.919831, 44, 0.1, 0.1, 0.020104993, 0.361929584, -0.034969034, 0.957548161, -0.28827334, -6.73581981e-006, 0.28827334, 0.957548161, 2.24174127e-006, 5.80363763e-006, -4.0883325e-006, 1, 0.957548166, -0.288273326, -1.05391877e-006, 0.288273326, 0.957548166, -7.26240323e-006, 3.10273511e-006, 6.65028422e-006, 1, 0, 0, 0, 0, 0, 0, 0, 0.283456274, -0.0788108643, -0.204454004, -0.0341737874, 0.578447219, -0.814902677, -0.758056641, 0.516357422, 0.39831543, 0.651180453, 0.631519368, 0.420992053, 0, -0, 0, 0, 0, 0, 0, 0.381687207, -0.0803862305, -0.174504834, 0.337517193, -0.0266988708, -0.940819921, -0.406738281, -0.905517578, -0.120239258, -0.848763996, 0.423356524, -0.316506983, 0, 2, 5, 1, 
580.920524, 44, 0.1, 0.1, 0.0201049924, 0.361929584, -0.0349710158, 0.957548175, -0.288273295, 6.4322069e-008, 0.288273295, 0.957548175, -1.3499282e-005, 3.82989101e-006, 1.29447551e-005, 1, 0.957548167, -0.288273323, 6.21774495e-006, 0.288273323, 0.957548167, -6.36820359e-006, -4.11800707e-006, 7.89027167e-006, 1, 0, 0, 0, 0, 0, 0, 0, 0.283456274, -0.0788108643, -0.204454004, -0.0341737874, 0.578447219, -0.814902677, -0.758056641, 0.516357422, 0.39831543, 0.651180453, 0.631519368, 0.420992053, 0, -0, 0, 0, 0, 0, 0, 0.381687207, -0.0803862305, -0.174504834, 0.337517193, -0.0266988708, -0.940819921, -0.406738281, -0.905517578, -0.120239258, -0.848763996, 0.423356524, -0.316506983, 0, 2, 5, 1, 
580.921214, 44, 0.1, 0.1, 0.0201049924, 0.361929584, -0.0349725025, 0.95754822, -0.288273144, -6.31909765e-008, 0.288273144, 0.95754822, 8.72663793e-006, -2.45514695e-006, -8.37439288e-006, 1, 0.957548212, -0.288273171, 2.47952945e-006, 0.288273171, 0.957548212, 9.61801034e-006, -5.14688333e-006, -8.49492679e-006, 1, 0, 0, 0, 0, 0, 0, 0, 0.283456274, -0.0788108643, -0.204454004, -0.0341737874, 0.578447219, -0.814902677, -0.758056641, 0.516357422, 0.39831543, 0.651180453, 0.631519368, 0.420992053, 0, -0, 0, 0, 0, 0, 0, 0.381687207, -0.0803862305, -0.174504834, 0.337517193, -0.0266988708, -0.940819921, -0.406738281, -0.905517578, -0.120239258, -0.848763996, 0.423356524, -0.316506983, 0, 2, 5, 1, 
580.921903, 44, 0.1, 0.1, 0.0201049924, 0.361929586, -0.0349731297, 0.957548231, -0.28827311, 6.01893719e-006, 0.28827311, 0.957548231, -2.97936086e-006, -4.90455304e-006, 4.58797946e-006, 1, 0.957548233, -0.288273102, 5.39380853e-006, 0.288273102, 0.957548233, -8.89085109e-006, -2.6018386e-006, 1.00683087e-005, 1, 0, 0, 0, 0, 0, 0, 0, 0.283456274, -0.0788108643, -0.204454004, -0.0341737874, 0.578447219, -0.814902677, -0.758056641, 0.516357422, 0.39831543, 0.651180453, 0.631519368, 0.420992053, 0, -0, 0, 0, 0, 0, 0, 0.381687207, -0.0803862305, -0.174504834, 0.337517193, -0.0266988708, -0.940819921, -0.406738281, -0.905517578, -0.120239258, -0.848763996, 0.423356524, -0.316506983, 0, 2, 5, 1, 
580.922604, 44, 0.1, 0.1, 0.0201049935, 0.361929585, -0.0349727315, 0.957548192, -0.288273239, 4.81948736e-006, 0.288273239, 0.957548192, -4.53219081e-006, -3.30838208e-006, 5.72912034e-006, 1, 0.957548201, -0.288273209, -5.08886206e-006, 0.288273209, 0.957548201, 2.7321166e-006, 4.08523469e-006, -4.08311593e-006, 1, 0, 0, 0, 0, 0, 0, 0, 0.283711377, -0.079036792, -0.204232837, -0.0335518543, 0.578409027, -0.814965956, -0.758056641, 0.516601562, 0.397949219, 0.65120554, 0.631278234, 0.421372851, 0, -0, 0, 0, 0, 0, 0, 0.381687207, -0.0803862305, -0.174504834, 0.337517193, -0.0266988708, -0.940819921, -0.406738281, -0.905517578, -0.120239258, -0.848763996, 0.423356524, -0.316506983, 0, 2, 5, 1, 
580.923307, 44, 0.1, 0.1, 0.0201049935, 0.361929585, -0.034971266, 0.957548164, -0.288273332, -6.01766382e-006, 0.288273332, 0.957548164, 9.96232622e-006, 2.89032996e-006, -1.12741392e-005, 1, 0.957548165, -0.288273329, -7.47719121e-006, 0.288273329, 0.957548165, 4.34777247e-006, 5.90642388e-006, -6.31867635e-006, 1, 0, 0, 0, 0, 0, 0, 0, 0.283711377, -0.079036792, -0.204232837, -0.0335518543, 0.578409027, -0.814965956, -0.758056641, 0.516601562, 0.397949219, 0.65120554, 0.631278234, 0.421372851, 0, -0, 0, 0, 0, 0, 0, 0.381512305, -0.0805726074, -0.174499951, 0.338073162, -0.0264239848, -0.940673, -0.407348633, -0.905029297, -0.12097168, -0.84821459, 0.424244615, -0.316737026, 0, 2, 5, 1, 
580.923994, 44, 0.1, 0.1, 0.0201049928, 0.361929586, -0.0349695567, 0.957548192, -0.288273237, -2.94392222e-006, 0.288273237, 0.957548192, -1.11021077e-005, 6.01938793e-006, 9.78214918e-006, 1, 0.957548183, -0.288273269, -3.44158037e-007, 0.288273269, 0.957548183, -1.11443174e-005, 3.54215672e-006, 1.05720093e-005, 1, 0, 0, 0, 0, 0, 0, 0, 0.283711377, -0.079036792, -0.204232837, -0.0335518543, 0.578409027, -0.814965956, -0.758056641, 0.516601562, 0.397949219, 0.65120554, 0.631278234, 0.421372851, 0, -0, 0, 0, 0, 0, 0, 0.381512305, -0.0805726074, -0.174499951, 0.338073162, -0.0264239848, -0.940673, -0.407348633, -0.905029297, -0.12097168, -0.84821459, 0.424244615, -0.316737026, 0, 2, 5, 1, 
580.924679, 44, 0.1, 0.1, 0.0201049928, 0.361929583, -0.0349681055, 0.957548241, -0.288273075, -5.43226139e-006, 0.288273075, 0.957548241, 5.31358162e-006, 3.66988983e-006, -6.65398543e-006, 1, 0.957548233, -0.288273103, 7.35921878e-007, 0.288273103, 0.957548233, 1.37629032e-005, -4.6721555e-006, -1.29664971e-005, 1, 0, 0, 0, 0, 0, 0, 0, 0.283711377, -0.079036792, -0.204232837, -0.0335518543, 0.578409027, -0.814965956, -0.758056641, 0.516601562, 0.397949219, 0.65120554, 0.631278234, 0.421372851, 0, -0, 0, 0, 0, 0, 0, 0.381512305, -0.0805726074, -0.174499951, 0.338073162, -0.0264239848, -0.940673, -0.407348633, -0.905029297, -0.12097168, -0.84821459, 0.424244615, -0.316737026, 0, 2, 5, 1, 
580.925363, 44, 0.1, 0.1, 0.0201049916, 0.361929585, -0.0349673335, 0.957548237, -0.288273091, 3.31600596e-006, 0.28827309, 0.957548236, 8.6342175e-006, -5.66424822e-006, -7.31176445e-006, 1, 0.957548242, -0.288273072, 9.64556193e-006, 0.288273072, 0.957548242, -1.37811128e-006, -8.83881849e-006, 4.1001638e-006, 1, 0, 0, 0, 0, 0, 0, 0, 0.283711377, -0.079036792, -0.204232837, -0.0335518543, 0.578409027, -0.814965956, -0.758056641, 0.516601562, 0.397949219, 0.65120554, 0.631278234, 0.421372851, 0, -0, 0, 0, 0, 0, 0, 0.381512305, -0.0805726074, -0.174499951, 0.338073162, -0.0264239848, -0.940673, -0.407348633, -0.905029297, -0.12097168, -0.84821459, 0.424244615, -0.316737026, 0, 2, 5, 1, 
580.926049, 44, 0.1, 0.1, 0.0201049916, 0.361929584, -0.0349674225, 0.957548183, -0.288273267, 1.17862403e-005, 0.288273267, 0.957548183, -9.9718902e-006, -8.4112636e-006, 1.29462233e-005, 1, 0.957548194, -0.288273232, 7.53830355e-006, 0.288273232, 0.957548194, -5.07886799e-006, -5.75418726e-006, 7.036352e-006, 1, 0, 0, 0, 0, 0, 0, 0, 0.283711377, -0.079036792, -0.204232837, -0.0335518543, 0.578409027, -0.814965956, -0.758056641, 0.516601562, 0.397949219, 0.65120554, 0.631278234, 0.421372851, 0, -0, 0, 0, 0, 0, 0, 0.381512305, -0.0805726074, -0.174499951, 0.338073162, -0.0264239848, -0.940673, -0.407348633, -0.905029297, -0.12097168, -0.84821459, 0.424244615, -0.316737026, 0, 2, 5, 1, 
580.926734, 44, 0.1, 0.1, 0.0201049916, 0.361929584, -0.0349682709, 0.957548159, -0.288273348, 3.01381742e-006, 0.288273348, 0.957548159, 1.10566793e-005, -6.07322128e-006, -9.71849969e-006, 1, 0.957548159, -0.288273349, -5.18086869e-006, 0.288273349, 0.957548159, 9.06532176e-006, 2.34764061e-006, -1.01739885e-005, 1, 0, 0, 0, 0, 0, 0, 0, 0.283711377, -0.079036792, -0.204232837, -0.0335518543, 0.578409027, -0.814965956, -0.758056641, 0.516601562, 0.397949219, 0.65120554, 0.631278234, 0.421372851, 0, -0, 0, 0, 0, 0, 0, 0.381512305, -0.0805726074, -0.174499951, 0.338073162, -0.0264239848, -0.940673, -0.407348633, -0.905029297, -0.12097168, -0.84821459, 0.424244615, -0.316737026, 0, 2, 5, 1, 
580.927419, 44, 0.1, 0.1, 0.0201049906, 0.361929586, -0.0349695884, 0.957548195, -0.28827323, -5.1512435e-007, 0.28827323, 0.957548194, -6.62418827e-006, 2.40283254e-006, 6.19448296e-006, 1, 0.957548185, -0.288273263, -1.33317579e-006, 0.288273263, 0.957548185, -1.31199639e-005, 5.05871486e-006, 1.21786787e-005, 1, 0, 0, 0, 0, 0, 0, 0, 0.283711377, -0.079036792, -0.204232837, -0.0335518543, 0.578409027, -0.814965956, -0.758056641, 0.516601562, 0.397949219, 0.65120554, 0.631278234, 0.421372851, 0, -0, 0, 0, 0, 0, 0, 0.381512305, -0.0805726074, -0.174499951, 0.338073162, -0.0264239848, -0.940673, -0.407348633, -0.905029297, -0.12097168, -0.84821459, 0.424244615, -0.316737026, 0, 2, 5, 1, 
580.92813, 44, 0.1, 0.1, 0.0201049903, 0.361929583, -0.0349707275, 0.957548237, -0.288273091, -3.31982358e-006, 0.288273091, 0.957548237, -4.69873261e-006, 4.53340938e-006, 3.54224733e-006, 1, 0.957548233, -0.288273103, -3.92256405e-006, 0.288273103, 0.957548233, 5.94285554e-006, 2.04287886e-006, -6.82134053e-006, 1, 0, 0, 0, 0, 0, 0, 0, 0.283475928, -0.0790306885, -0.204228076, -0.0337929891, 0.578529595, -0.814864485, -0.758056641, 0.516479492, 0.398071289, 0.651243732, 0.631259138, 0.421233188, 0, -0, 0, 0, 0, 0, 0, 0.38128418, -0.0809856445, -0.174496533, 0.33792624, -0.0261235791, -0.94069852, -0.407836914, -0.904785156, -0.121459961, -0.847984547, 0.424889903, -0.316494223, 0, 2, 5, 1, 
580.928814, 44, 0.1, 0.1, 0.0201049894, 0.361929583, -0.0349715309, 0.957548222, -0.288273137, -6.0311874e-006, 0.288273137, 0.957548222, 1.0884516e-005, 2.63743922e-006, -1.21610782e-005, 1, 0.95754823, -0.288273111, 2.59650876e-006, 0.288273111, 0.95754823, 8.6724656e-006, -4.98632101e-006, -7.55580042e-006, 1, 0, 0, 0, 0, 0, 0, 0, 0.283475928, -0.0790306885, -0.204228076, -0.0337929891, 0.578529595, -0.814864485, -0.758056641, 0.516479492, 0.398071289, 0.651243732, 0.631259138, 0.421233188, 0, -0, 0, 0, 0, 0, 0, 0.38128418, -0.0809856445, -0.174496533, 0.33792624, -0.0261235791, -0.94069852, -0.407836914, -0.904785156, -0.121459961, -0.847984547, 0.424889903, -0.316494223, 0, 2, 5, 1, 
580.929497, 44, 0.1, 0.1, 0.0201049889, 0.361929583, -0.0349719159, 0.957548178, -0.288273285, 5.92468334e-006, 0.288273285, 0.957548178, -7.97778985e-006, -3.37338605e-006, 9.34704606e-006, 1, 0.957548186, -0.288273259, 8.68493746e-006, 0.288273259, 0.957548186, -7.32267173e-006, -6.20531567e-006, 9.51544625e-006, 1, 0, 0, 0, 0, 0, 0, 0, 0.283475928, -0.0790306885, -0.204228076, -0.0337929891, 0.578529595, -0.814864485, -0.758056641, 0.516479492, 0.398071289, 0.651243732, 0.631259138, 0.421233188, 0, -0, 0, 0, 0, 0, 0, 0.38128418, -0.0809856445, -0.174496533, 0.33792624, -0.0261235791, -0.94069852, -0.407836914, -0.904785156, -0.121459961, -0.847984547, 0.424889903, -0.316494223, 0, 2, 5, 1, 
580.930215, 44, 0.1, 0.1, 0.0201049897, 0.361929581, -0.0349715586, 0.95754817, -0.288273311, 5.41169387e-006, 0.288273311, 0.95754817, 5.26357803e-006, -6.69930663e-006, -3.4800826e-006, 1, 0.957548166, -0.288273323, 1.06634529e-006, 0.288273323, 0.957548166, 1.07435731e-005, -4.1181625e-006, -9.98008983e-006, 1, 0, 0, 0, 0, 0, 0, 0, 0.283450171, -0.0792403809, -0.204221973, -0.0342943548, 0.578789826, -0.814743917, -0.758056641, 0.516113281, 0.39855957, 0.651199549, 0.631341513, 0.421214092, 0, -0, 0, 0, 0, 0, 0, 0.38128418, -0.0809856445, -0.174496533, 0.338073162, -0.0251140868, -0.940724039, -0.407348633, -0.904907227, -0.122314453, -0.84821459, 0.424627776, -0.31625142, 0, 2, 5, 1, 
580.930904, 44, 0.1, 0.1, 0.0201049894, 0.361929584, -0.0349705573, 0.957548214, -0.288273165, 2.500828e-006, 0.288273165, 0.957548214, 6.16478293e-006, -4.17180487e-006, -5.18215528e-006, 1, 0.957548203, -0.288273201, -1.84540393e-006, 0.288273201, 0.957548203, -6.62143711e-006, 3.67584609e-006, 5.80836471e-006, 1, 0, 0, 0, 0, 0, 0, 0, 0.283450171, -0.0792403809, -0.204221973, -0.0342943548, 0.578789826, -0.814743917, -0.758056641, 0.516113281, 0.39855957, 0.651199549, 0.631341513, 0.421214092, 0, -0, 0, 0, 0, 0, 0, 0.38106582, -0.0809243652, -0.174493115, 0.338073162, -0.0251140868, -0.940724039, -0.407348633, -0.904907227, -0.122314453, -0.84821459, 0.424627776, -0.31625142, 0, 2, 5, 1, 
580.93159, 44, 0.1, 0.1, 0.0201049898, 0.361929583, -0.0349694622, 0.957548246, -0.28827306, 1.29626621e-007, 0.28827306, 0.957548246, -1.21199539e-005, 3.36973245e-006, 1.16428084e-005, 1, 0.957548244, -0.288273065, -4.2964716e-006, 0.288273065, 0.957548244, -8.22347924e-006, 6.48468641e-006, 6.63582107e-006, 1, 0, 0, 0, 0, 0, 0, 0, 0.283450171, -0.0792403809, -0.204221973, -0.0342943548, 0.578789826, -0.814743917, -0.758056641, 0.516113281, 0.39855957, 0.651199549, 0.631341513, 0.421214092, 0, -0, 0, 0, 0, 0, 0, 0.38106582, -0.0809243652, -0.174493115, 0.338073162, -0.0251140868, -0.940724039, -0.407348633, -0.904907227, -0.122314453, -0.84821459, 0.424627776, -0.31625142, 0, 2, 5, 1, 
580.932328, 44, 0.1, 0.1, 0.0201049899, 0.361929581, -0.0349680972, 0.957548214, -0.288273166, -1.13216783e-005, 0.288273166, 0.957548214, 1.17054811e-005, 7.46667672e-006, -1.44722986e-005, 1, 0.957548224, -0.288273131, -8.9247358e-006, 0.288273131, 0.957548224, 1.32595286e-005, 4.72349909e-006, -1.52693996e-005, 1, 0, 0, 0, 0, 0, 0, 0, 0.283450171, -0.0792403809, -0.204221973, -0.0342943548, 0.578789826, -0.814743917, -0.758056641, 0.516113281, 0.39855957, 0.651199549, 0.631341513, 0.421214092, 0, -0, 0, 0, 0, 0, 0, 0.38106582, -0.0809243652, -0.174493115, 0.338073162, -0.0251140868, -0.940724039, -0.407348633, -0.904907227, -0.122314453, -0.84821459, 0.424627776, -0.31625142, 0, 2, 5, 1, 
580.933016, 44, 0.1, 0.1, 0.0201049893, 0.361929583, -0.0349672289, 0.957548161, -0.28827334, -3.90996245e-006, 0.28827334, 0.957548161, -5.39903927e-006, 5.30037644e-006, 4.04270219e-006, 1, 0.95754817, -0.288273312, 6.06590709e-006, 0.288273312, 0.95754817, -8.70272186e-006, -3.29963578e-006, 1.00819145e-005, 1, 0, 0, 0, 0, 0, 0, 0, 0.283450171, -0.0792403809, -0.204221973, -0.0342943548, 0.578789826, -0.814743917, -0.758056641, 0.516113281, 0.39855957, 0.651199549, 0.631341513, 0.421214092, 0, -0, 0, 0, 0, 0, 0, 0.38106582, -0.0809243652, -0.174493115, 0.338073162, -0.0251140868, -0.940724039, -0.407348633, -0.904907227, -0.122314453, -0.84821459, 0.424627776, -0.31625142, 0, 2, 5, 1, 
580.933703, 44, 0.1, 0.1, 0.0201049896, 0.361929581, -0.0349672218, 0.957548164, -0.288273331, 6.09210614e-006, 0.288273331, 0.957548164, -5.28305636e-006, -4.31052079e-006, 6.81497265e-006, 1, 0.957548158, -0.28827335, 5.5766058e-006, 0.28827335, 0.957548158, 7.22425119e-006, -7.4224277e-006, -5.30998159e-006, 1, 0, 0, 0, 0, 0, 0, 0, 0.283450171, -0.0792403809, -0.204221973, -0.0342943548, 0.578789826, -0.814743917, -0.758056641, 0.516113281, 0.39855957, 0.651199549, 0.631341513, 0.421214092, 0, -0, 0, 0, 0, 0, 0, 0.38106582, -0.0809243652, -0.174493115, 0.338073162, -0.0251140868, -0.940724039, -0.407348633, -0.904907227, -0.122314453, -0.84821459, 0.424627776, -0.31625142, 0, 2, 5, 1, 
580.934389, 44, 0.1, 0.1, 0.0201049896, 0.361929582, -0.0349680372, 0.957548216, -0.28827316, 3.83894003e-006, 0.28827316, 0.957548216, 1.25252531e-005, -7.28666447e-006, -1.08868704e-005, 1, 0.957548205, -0.288273194, 2.83442711e-006, 0.288273194, 0.957548205, 6.45571131e-006, -4.57510911e-006, -5.36456542e-006, 1, 0, 0, 0, 0, 0, 0, 0, 0.283450171, -0.0792403809, -0.204221973, -0.0342943548, 0.578789826, -0.814743917, -0.758056641, 0.516113281, 0.39855957, 0.651199549, 0.631341513, 0.421214092, 0, -0, 0, 0, 0, 0, 0, 0.38106582, -0.0809243652, -0.174493115, 0.338073162, -0.0251140868, -0.940724039, -0.407348633, -0.904907227, -0.122314453, -0.84821459, 0.424627776, -0.31625142, 0, 2, 5, 1, 
580.935103, 44, 0.1, 0.1, 0.0201049894, 0.361929583, -0.034969242, 0.957548239, -0.288273084, 8.73648432e-006, 0.288273084, 0.957548239, -1.10478603e-005, -5.18080443e-006, 1.30973524e-005, 1, 0.957548239, -0.288273081, 1.15322334e-006, 0.288273081, 0.957548239, -1.39469605e-005, 2.9162663e-006, 1.36873308e-005, 1, 0, 0, 0, 0, 0, 0, 0, 0.283421729, -0.0792132812, -0.204422876, -0.0348339126, 0.579310287, -0.814324927, -0.758300781, 0.515380859, 0.399047852, 0.650914231, 0.631506264, 0.421518506, 0, -0, 0, 0, 0, 0, 0, 0.381057275, -0.0806300781, -0.174709521, 0.338136961, -0.0238107521, -0.940775079, -0.40625, -0.905395508, -0.123168945, -0.848821598, 0.423905563, -0.315765814, 0, 2, 5, 1, 
580.935789, 44, 0.1, 0.1, 0.0201049898, 0.361929582, -0.0349703917, 0.957548201, -0.288273207, -4.51278416e-006, 0.288273207, 0.957548201, 2.60450839e-006, 3.57039837e-006, -3.79485709e-006, 1, 0.957548212, -0.288273173, -8.50013099e-006, 0.288273173, 0.957548212, 7.13251803e-006, 6.08317163e-006, -9.28008962e-006, 1, 0, 0, 0, 0, 0, 0, 0, 0.283421729, -0.0792132812, -0.204422876, -0.0348339126, 0.579310287, -0.814324927, -0.758300781, 0.515380859, 0.399047852, 0.650914231, 0.631506264, 0.421518506, 0, -0, 0, 0, 0, 0, 0, 0.381057275, -0.0806300781, -0.174709521, 0.338136961, -0.0238107521, -0.940775079, -0.40625, -0.905395508, -0.123168945, -0.848821598, 0.423905563, -0.315765814, 0, 2, 5, 1, 
580.936474, 44, 0.1, 0.1, 0.020104989, 0.361929584, -0.0349713644, 0.95754816, -0.288273346, -7.47927422e-006, 0.288273346, 0.95754816, 3.12054911e-006, 6.26219413e-006, -5.14415146e-006, 1, 0.957548164, -0.288273332, -2.20492668e-006, 0.288273332, 0.957548164, -6.33187907e-006, 3.93663536e-006, 5.42745762e-006, 1, 0, 0, 0, 0, 0, 0, 0, 0.283421729, -0.0792132812, -0.204422876, -0.0348339126, 0.579310287, -0.814324927, -0.758300781, 0.515380859, 0.399047852, 0.650914231, 0.631506264, 0.421518506, 0, -0, 0, 0, 0, 0, 0, 0.381057275, -0.0806300781, -0.174709521, 0.338136961, -0.0238107521, -0.940775079, -0.40625, -0.905395508, -0.123168945, -0.848821598, 0.423905563, -0.315765814, 0, 2, 5, 1, 
580.937164, 44, 0.1, 0.1, 0.0201049888, 0.361929583, -0.0349718776, 0.957548172, -0.288273305, -1.13811307e-006, 0.288273305, 0.957548172, -9.84752282e-006, 3.92857604e-006, 9.10138986e-006, 1, 0.957548164, -0.28827333, 4.77922335e-006, 0.28827333, 0.957548164, -3.48778547e-006, -3.57090102e-006, 4.7174452e-006, 1, 0, 0, 0, 0, 0, 0, 0, 0.283421729, -0.0792132812, -0.204422876, -0.0348339126, 0.579310287, -0.814324927, -0.758300781, 0.515380859, 0.399047852, 0.650914231, 0.631506264, 0.421518506, 0, -0, 0, 0, 0, 0, 0, 0.381057275, -0.0806300781, -0.174709521, 0.338136961, -0.0238107521, -0.940775079, -0.40625, -0.905395508, -0.123168945, -0.848821598, 0.423905563, -0.315765814, 0, 2, 5, 1, 
580.937879, 44, 0.1, 0.1, 0.0201049891, 0.361929581, -0.0349717026, 0.957548216, -0.288273159, -8.17960708e-007, 0.288273159, 0.957548216, 1.27579574e-005, -2.89453985e-006, -1.24521554e-005, 1, 0.957548207, -0.288273188, 1.9933955e-006, 0.288273188, 0.957548207, 1.40746007e-005, -5.96610232e-006, -1.29024662e-005, 1, 0, 0, 0, 0, 0, 0, 0, 0.283421729, -0.0792132812, -0.204422876, -0.0348339126, 0.579310287, -0.814324927, -0.758300781, 0.515380859, 0.399047852, 0.650914231, 0.631506264, 0.421518506, 0, -0, 0, 0, 0, 0, 0, 0.381057275, -0.0806300781, -0.174709521, 0.338136961, -0.0238107521, -0.940775079, -0.40625, -0.905395508, -0.123168945, -0.848821598, 0.423905563, -0.315765814, 0, 2, 5, 1, 
580.938566, 44, 0.1, 0.1, 0.0201049891, 0.361929583, -0.034970785, 0.957548222, -0.288273137, 7.26221475e-006, 0.288273137, 0.957548222, -5.02282902e-007, -6.80912616e-006, 2.57446153e-006, 1, 0.957548226, -0.288273126, 6.42265974e-006, 0.288273126, 0.957548226, -6.5972556e-006, -4.24819495e-006, 8.16867059e-006, 1, 0, 0, 0, 0, 0, 0, 0, 0.283421729, -0.0792132812, -0.204422876, -0.0348339126, 0.579310287, -0.814324927, -0.758300781, 0.515380859, 0.399047852, 0.650914231, 0.631506264, 0.421518506, 0, -0, 0, 0, 0, 0, 0, 0.381057275, -0.0806300781, -0.174709521, 0.338136961, -0.0238107521, -0.940775079, -0.40625, -0.905395508, -0.123168945, -0.848821598, 0.423905563, -0.315765814, 0, 2, 5, 1, 
580.939252, 44, 0.1, 0.1, 0.02010499, 0.361929581, -0.0349697222, 0.957548177, -0.288273288, 6.34549405e-006, 0.288273288, 0.957548177, -4.13888846e-006, -4.88298527e-006, 5.79242153e-006, 1, 0.957548188, -0.288273252, -4.69711112e-006, 0.288273252, 0.957548188, 4.44928442e-006, 3.21510055e-006, -5.61445573e-006, 1, 0, 0, 0, 0, 0, 0, 0, 0.283421729, -0.0792132812, -0.204422876, -0.0348339126, 0.579310287, -0.814324927, -0.758300781, 0.515380859, 0.399047852, 0.650914231, 0.631506264, 0.421518506, 0, -0, 0, 0, 0, 0, 0, 0.381057275, -0.0806300781, -0.174709521, 0.338136961, -0.0238107521, -0.940775079, -0.40625, -0.905395508, -0.123168945, -0.848821598, 0.423905563, -0.315765814, 0, 2, 5, 1, 
580.93997, 44, 0.1, 0.1, 0.0201049898, 0.361929581, -0.0349685567, 0.957548144, -0.288273398, -6.03961153e-006, 0.288273398, 0.957548144, 1.04621159e-005, 2.76726912e-006, -1.1759039e-005, 1, 0.957548145, -0.288273393, -7.73440894e-006, 0.288273393, 0.957548145, 4.71415788e-006, 6.04710264e-006, -6.74365744e-006, 1, 0, 0, 0, 0, 0, 0, 0, 0.283649121, -0.0792079102, -0.204194263, -0.0347073537, 0.579386671, -0.814248543, -0.758911133, 0.514648437, 0.398681641, 0.650152634, 0.631988534, 0.422000776, 0, -0, 0, 0, 0, 0, 0, 0.381306885, -0.0805907715, -0.174474805, 0.338673606, -0.0228205829, -0.940493996, -0.404785156, -0.905883789, -0.123779297, -0.849256165, 0.422659465, -0.316104499, 0, 2, 5, 1, 
580.940655, 44, 0.1, 0.1, 0.0201049888, 0.361929582, -0.0349677886, 0.957548174, -0.288273298, -1.86216377e-006, 0.288273298, 0.957548174, -1.38581736e-005, 5.77805293e-006, 1.27330567e-005, 1, 0.957548164, -0.288273332, 8.5589643e-007, 0.288273332, 0.957548164, -1.34750715e-005, 3.0649417e-006, 1.31497621e-005, 1, 0, 0, 0, 0, 0, 0, 0, 0.283649121, -0.0792079102, -0.204194263, -0.0347073537, 0.579386671, -0.814248543, -0.758911133, 0.514648437, 0.398681641, 0.650152634, 0.631988534, 0.422000776, 0, -0, 0, 0, 0, 0, 0, 0.381306885, -0.0805907715, -0.174474805, 0.338673606, -0.0228205829, -0.940493996, -0.404785156, -0.905883789, -0.123779297, -0.849256165, 0.422659465, -0.316104499, 0, 2, 5, 1, 
580.941346, 44, 0.1, 0.1, 0.0201049884, 0.36192958, -0.0349677014, 0.957548225, -0.288273129, -4.85967195e-006, 0.288273129, 0.957548225, 3.33827511e-006, 3.69103524e-006, -4.59747224e-006, 1, 0.957548217, -0.288273157, 1.62018473e-006, 0.288273157, 0.957548217, 1.17732032e-005, -4.94530343e-006, -1.08063539e-005, 1, 0, 0, 0, 0, 0, 0, 0, 0.283649121, -0.0792079102, -0.204194263, -0.0347073537, 0.579386671, -0.814248543, -0.758911133, 0.514648437, 0.398681641, 0.650152634, 0.631988534, 0.422000776, 0, -0, 0, 0, 0, 0, 0, 0.381306885, -0.0805907715, -0.174474805, 0.338673606, -0.0228205829, -0.940493996, -0.404785156, -0.905883789, -0.123779297, -0.849256165, 0.422659465, -0.316104499, 0, 2, 5, 1, 
580.942034, 44, 0.1, 0.1, 0.0201049875, 0.361929582, -0.0349682727, 0.957548222, -0.288273138, 1.91257714e-006, 0.288273138, 0.957548222, 6.90081757e-006, -3.82070518e-006, -6.05652098e-006, 1, 0.957548227, -0.288273121, 8.50672852e-006, 0.288273121, 0.957548227, -3.24125135e-006, -7.21123717e-006, 5.55591566e-006, 1, 0, 0, 0, 0, 0, 0, 0, 0.283649121, -0.0792079102, -0.204194263, -0.0347073537, 0.579386671, -0.814248543, -0.758911133, 0.514648437, 0.398681641, 0.650152634, 0.631988534, 0.422000776, 0, -0, 0, 0, 0, 0, 0, 0.381306885, -0.0805907715, -0.174474805, 0.338673606, -0.0228205829, -0.940493996, -0.404785156, -0.905883789, -0.123779297, -0.849256165, 0.422659465, -0.316104499, 0, 2, 5, 1, 
580.942744, 44, 0.1, 0.1, 0.0201049888, 0.361929582, -0.0349690456, 0.957548168, -0.288273317, 7.39133903e-006, 0.288273317, 0.957548168, -9.18136383e-006, -4.43082094e-006, 1.09223239e-005, 1, 0.957548179, -0.288273283, 3.43680197e-006, 0.288273283, 0.957548179, -4.80859206e-006, -1.90471485e-006, 5.59519675e-006, 1, 0, 0, 0, 0, 0, 0, 0, 0.283664136, -0.0792147461, -0.203754614, -0.0343587561, 0.579221921, -0.814413294, -0.759765625, 0.514282227, 0.397827148, 0.649232278, 0.632508995, 0.422521238, 0, -0, 0, 0, 0, 0, 0, 0.381667822, -0.0806029785, -0.17402417, 0.340762953, -0.0225460634, -0.939791473, -0.402954102, -0.906616211, -0.124389648, -0.849282052, 0.421215405, -0.318117287, 0, 2, 5, 1, 
580.94343, 44, 0.1, 0.1, 0.0201049901, 0.361929581, -0.0349700079, 0.957548143, -0.288273401, -4.30075605e-007, 0.288273401, 0.957548143, 1.1351213e-005, -2.86043468e-006, -1.09933123e-005, 1, 0.957548143, -0.288273401, -8.38890717e-006, 0.288273401, 0.957548143, 9.4491751e-006, 5.30883664e-006, -1.14663389e-005, 1, 0, 0, 0, 0, 0, 0, 0, 0.283664136, -0.0792147461, -0.203754614, -0.0343587561, 0.579221921, -0.814413294, -0.759765625, 0.514282227, 0.397827148, 0.649232278, 0.632508995, 0.422521238, 0, -0, 0, 0, 0, 0, 0, 0.381667822, -0.0806029785, -0.17402417, 0.340762953, -0.0225460634, -0.939791473, -0.402954102, -0.906616211, -0.124389648, -0.849282052, 0.421215405, -0.318117287, 0, 2, 5, 1, 
580.944119, 44, 0.1, 0.1, 0.02010499, 0.361929583, -0.0349709121, 0.957548176, -0.288273292, -2.32817511e-006, 0.288273292, 0.957548176, -5.23181046e-006, 3.73753105e-006, 4.33855986e-006, 1, 0.957548167, -0.288273322, -3.46798943e-006, 0.288273322, 0.957548167, -1.1561558e-005, 6.65365565e-006, 1.00710198e-005, 1, 0, 0, 0, 0, 0, 0, 0, 0.283664136, -0.0792147461, -0.203754614, -0.0343587561, 0.579221921, -0.814413294, -0.759765625, 0.514282227, 0.397827148, 0.649232278, 0.632508995, 0.422521238, 0, -0, 0, 0, 0, 0, 0, 0.381667822, -0.0806029785, -0.17402417, 0.340762953, -0.0225460634, -0.939791473, -0.402954102, -0.906616211, -0.124389648, -0.849282052, 0.421215405, -0.318117287, 0, 2, 5, 1, 
580.944808, 44, 0.1, 0.1, 0.02010499, 0.361929581, -0.0349714655, 0.957548214, -0.288273167, -3.16075644e-006, 0.288273167, 0.957548214, -5.74603381e-006, 4.68300405e-006, 4.59094314e-006, 1, 0.95754821, -0.288273179, -4.24658066e-006, 0.288273179, 0.95754821, 4.80917857e-006, 2.67994852e-006, -5.82919564e-006, 1, 0, 0, 0, 0, 0, 0, 0, 0.283664136, -0.0792147461, -0.203754614, -0.0343587561, 0.579221921, -0.814413294, -0.759765625, 0.514282227, 0.397827148, 0.649232278, 0.632508995, 0.422521238, 0, -0, 0, 0, 0, 0, 0, 0.381667822, -0.0806029785, -0.17402417, 0.340762953, -0.0225460634, -0.939791473, -0.402954102, -0.906616211, -0.124389648, -0.849282052, 0.421215405, -0.318117287, 0, 2, 5, 1, 
580.9455, 44, 0.1, 0.1, 0.0201049888, 0.361929581, -0.0349715264, 0.957548197, -0.288273221, -4.52965739e-006, 0.288273221, 0.957548197, 1.01110782e-005, 1.42261219e-006, -1.09876236e-005, 1, 0.957548205, -0.288273194, 3.8669676e-006, 0.288273194, 0.957548205, 7.90707816e-006, -5.98220656e-006, -6.4566654e-006, 1, 0, 0, 0, 0, 0, 0, 0, 0.283664136, -0.0792147461, -0.203754614, -0.0343587561, 0.579221921, -0.814413294, -0.759765625, 0.514282227, 0.397827148, 0.649232278, 0.632508995, 0.422521238, 0, -0, 0, 0, 0, 0, 0, 0.381667822, -0.0806029785, -0.17402417, 0.340762953, -0.0225460634, -0.939791473, -0.402954102, -0.906616211, -0.124389648, -0.849282052, 0.421215405, -0.318117287, 0, 2, 5, 1, 
580.946187, 44, 0.1, 0.1, 0.0201049874, 0.361929582, -0.0349711192, 0.957548151, -0.288273375, 8.97048465e-006, 0.288273375, 0.957548151, -9.15550786e-006, -5.95038183e-006, 1.13527915e-005, 1, 0.957548159, -0.288273348, 1.1753518e-005, 0.288273348, 0.957548159, -8.51813389e-006, -8.79900857e-006, 1.15447494e-005, 1, 0, 0, 0, 0, 0, 0, 0, 0.283664136, -0.0792147461, -0.203754614, -0.0343587561, 0.579221921, -0.814413294, -0.759765625, 0.514282227, 0.397827148, 0.649232278, 0.632508995, 0.422521238, 0, -0, 0, 0, 0, 0, 0, 0.381667822, -0.0806029785, -0.17402417, 0.340762953, -0.0225460634, -0.939791473, -0.402954102, -0.906616211, -0.124389648, -0.849282052, 0.421215405, -0.318117287, 0, 2, 5, 1, 
580.946882, 44, 0.1, 0.1, 0.0201049873, 0.36192958, -0.0349703961, 0.957548142, -0.288273405, 7.58769839e-006, 0.288273405, 0.957548142, 4.56421056e-006, -8.58132702e-006, -2.18311969e-006, 1, 0.957548139, -0.288273415, 3.51694926e-006, 0.288273415, 0.957548139, 9.9116798e-006, -6.22492201e-006, -8.47706757e-006, 1, 0, 0, 0, 0, 0, 0, 0, 0.283664136, -0.0792147461, -0.203754614, -0.0343587561, 0.579221921, -0.814413294, -0.759765625, 0.514282227, 0.397827148, 0.649232278, 0.632508995, 0.422521238, 0, -0, 0, 0, 0, 0, 0, 0.381667822, -0.0806029785, -0.17402417, 0.340762953, -0.0225460634, -0.939791473, -0.402954102, -0.906616211, -0.124389648, -0.849282052, 0.421215405, -0.318117287, 0, 2, 5, 1, 
580.947597, 44, 0.1, 0.1, 0.0201049869, 0.361929583, -0.0349692473, 0.957548189, -0.288273247, 2.56335598e-006, 0.288273247, 0.957548189, 5.13833094e-006, -3.93578023e-006, -4.18125254e-006, 1, 0.957548178, -0.288273284, -1.69347071e-006, 0.288273284, 0.957548178, -8.10651722e-006, 3.95847213e-006, 7.27419843e-006, 1, 0, 0, 0, 0, 0, 0, 0, 0.283685864, -0.0794658203, -0.203551025, -0.0339146784, 0.578657275, -0.814794092, -0.760009766, 0.514404297, 0.396972656, 0.648914759, 0.63284561, 0.422457958, 0, -0, 0, 0, 0, 0, 0, 0.381808936, -0.0806283691, -0.173573535, 0.34282678, -0.0225398668, -0.939088949, -0.401611328, -0.907104492, -0.12487793, -0.849065135, 0.419988629, -0.320130075, 0, 2, 5, 1, 
580.948304, 44, 0.1, 0.1, 0.0201049876, 0.361929583, -0.0349681329, 0.957548223, -0.288273135, -1.06949528e-006, 0.288273135, 0.957548223, -1.36060957e-005, 4.94636517e-006, 1.2720186e-005, 1, 0.957548222, -0.28827314, -5.76165292e-006, 0.28827314, 0.957548222, -9.66757273e-006, 8.30396205e-006, 7.5962373e-006, 1, 0, 0, 0, 0, 0, 0, 0, 0.283685864, -0.0794658203, -0.203551025, -0.0339146784, 0.578657275, -0.814794092, -0.760009766, 0.514404297, 0.396972656, 0.648914759, 0.63284561, 0.422457958, 0, -0, 0, 0, 0, 0, 0, 0.381808936, -0.0806283691, -0.173573535, 0.34282678, -0.0225398668, -0.939088949, -0.401611328, -0.907104492, -0.12487793, -0.849065135, 0.419988629, -0.320130075, 0, 2, 5, 1, 
580.948993, 44, 0.1, 0.1, 0.0201049878, 0.361929582, -0.0349675796, 0.957548193, -0.288273234, -1.07915612e-005, 0.288273234, 0.957548193, 9.37884908e-006, 7.62976876e-006, -1.20916182e-005, 1, 0.957548203, -0.2882732, -8.3782929e-006, 0.2882732, 0.957548203, 1.05062507e-005, 4.9939488e-006, -1.24754788e-005, 1, 0, 0, 0, 0, 0, 0, 0, 0.283685864, -0.0794658203, -0.203551025, -0.0339146784, 0.578657275, -0.814794092, -0.760009766, 0.514404297, 0.396972656, 0.648914759, 0.63284561, 0.422457958, 0, -0, 0, 0, 0, 0, 0, 0.381808936, -0.0806283691, -0.173573535, 0.34282678, -0.0225398668, -0.939088949, -0.401611328, -0.907104492, -0.12487793, -0.849065135, 0.419988629, -0.320130075, 0, 2, 5, 1, 
580.949686, 44, 0.1, 0.1, 0.0201049868, 0.361929584, -0.0349677004, 0.957548142, -0.288273405, -2.74701555e-006, 0.288273405, 0.957548142, -5.93032832e-006, 4.33995557e-006, 4.88668333e-006, 1, 0.95754815, -0.288273377, 7.04348353e-006, 0.288273377, 0.95754815, -9.58009447e-006, -3.98278845e-006, 1.12038505e-005, 1, 0, 0, 0, 0, 0, 0, 0, 0.283685864, -0.0794658203, -0.203551025, -0.0339146784, 0.578657275, -0.814794092, -0.760009766, 0.514404297, 0.396972656, 0.648914759, 0.63284561, 0.422457958, 0, -0, 0, 0, 0, 0, 0, 0.381808936, -0.0806283691, -0.173573535, 0.34282678, -0.0225398668, -0.939088949, -0.401611328, -0.907104492, -0.12487793, -0.849065135, 0.419988629, -0.320130075, 0, 2, 5, 1, 
580.950373, 44, 0.1, 0.1, 0.0201049871, 0.361929582, -0.034968442, 0.957548144, -0.288273398, 5.70483878e-006, 0.288273398, 0.957548144, -3.70500723e-006, -4.39460277e-006, 5.19227606e-006, 1, 0.957548139, -0.288273415, 5.42062039e-006, 0.288273415, 0.957548139, 7.94130126e-006, -7.479771e-006, -6.04155749e-006, 1, 0, 0, 0, 0, 0, 0, 0, 0.283685864, -0.0794658203, -0.203551025, -0.0339146784, 0.578657275, -0.814794092, -0.760009766, 0.514404297, 0.396972656, 0.648914759, 0.63284561, 0.422457958, 0, -0, 0, 0, 0, 0, 0, 0.381808936, -0.0806283691, -0.173573535, 0.34282678, -0.0225398668, -0.939088949, -0.401611328, -0.907104492, -0.12487793, -0.849065135, 0.419988629, -0.320130075, 0, 2, 5, 1, 
580.951062, 44, 0.1, 0.1, 0.0201049873, 0.361929582, -0.0349695872, 0.957548194, -0.288273233, 2.65401033e-006, 0.288273233, 0.957548194, 1.37041492e-005, -6.49188219e-006, -1.23573032e-005, 1, 0.957548184, -0.288273265, 1.80942884e-006, 0.288273265, 0.957548184, 7.92009204e-006, -4.01576609e-006, -7.06225979e-006, 1, 0, 0, 0, 0, 0, 0, 0, 0.283685864, -0.0794658203, -0.203551025, -0.0339146784, 0.578657275, -0.814794092, -0.760009766, 0.514404297, 0.396972656, 0.648914759, 0.63284561, 0.422457958, 0, -0, 0, 0, 0, 0, 0, 0.381808936, -0.0806283691, -0.173573535, 0.34282678, -0.0225398668, -0.939088949, -0.401611328, -0.907104492, -0.12487793, -0.849065135, 0.419988629, -0.320130075, 0, 2, 5, 1, 
580.95175, 44, 0.1, 0.1, 0.0201049876, 0.361929583, -0.0349707678, 0.957548217, -0.288273157, 6.95901023e-006, 0.288273157, 0.957548217, -7.9132518e-006, -4.38240976e-006, 9.583416e-006, 1, 0.957548217, -0.288273156, -4.45871131e-007, 0.288273156, 0.957548217, -1.04206185e-005, 3.43092769e-006, 9.84971202e-006, 1, 0, 0, 0, 0, 0, 0, 0, 0.283685864, -0.0794658203, -0.203551025, -0.0339146784, 0.578657275, -0.814794092, -0.760009766, 0.514404297, 0.396972656, 0.648914759, 0.63284561, 0.422457958, 0, -0, 0, 0, 0, 0, 0, 0.381808936, -0.0806283691, -0.173573535, 0.34282678, -0.0225398668, -0.939088949, -0.401611328, -0.907104492, -0.12487793, -0.849065135, 0.419988629, -0.320130075, 0, 2, 5, 1, 
580.952469, 44, 0.1, 0.1, 0.0201049883, 0.361929581, -0.0349713501, 0.95754818, -0.288273277, -4.75424473e-006, 0.288273277, 0.95754818, 3.8771521e-006, 3.43473904e-006, -5.08308164e-006, 1, 0.95754819, -0.288273245, -9.03756562e-006, 0.288273245, 0.95754819, 8.7998956e-006, 6.11713014e-006, -1.10316125e-005, 1, 0, 0, 0, 0, 0, 0, 0, 0.283905811, -0.079733252, -0.203360986, -0.033927783, 0.577724937, -0.815435121, -0.760864258, 0.514160156, 0.395874023, 0.648051691, 0.633982014, 0.422312303, 0, -0, 0, 0, 0, 0, 0, 0.382169873, -0.0806937988, -0.173118018, 0.344916127, -0.0229682373, -0.938239505, -0.399658203, -0.907958984, -0.124755859, -0.849091021, 0.418225208, -0.322372906, 0, 2, 5, 1, 
580.95316, 44, 0.1, 0.1, 0.0201049874, 0.361929583, -0.0349713827, 0.95754814, -0.288273412, -6.63960248e-006, 0.288273412, 0.95754814, 2.47124588e-006, 5.64534453e-006, -4.28035775e-006, 1, 0.957548144, -0.288273398, -1.7100722e-006, 0.288273398, 0.957548144, -6.54597733e-006, 3.52450759e-006, 5.77512012e-006, 1, 0, 0, 0, 0, 0, 0, 0, 0.283905811, -0.079733252, -0.203360986, -0.033927783, 0.577724937, -0.815435121, -0.760864258, 0.514160156, 0.395874023, 0.648051691, 0.633982014, 0.422312303, 0, -0, 0, 0, 0, 0, 0, 0.382169873, -0.0806937988, -0.173118018, 0.344916127, -0.0229682373, -0.938239505, -0.399658203, -0.907958984, -0.124755859, -0.849091021, 0.418225208, -0.322372906, 0, 2, 5, 1, 
580.953849, 44, 0.1, 0.1, 0.0201049866, 0.361929582, -0.0349709789, 0.957548154, -0.288273365, 8.95331017e-007, 0.288273365, 0.957548154, -1.28079138e-005, 2.83485786e-006, 1.25222943e-005, 1, 0.957548146, -0.288273392, 6.88286374e-006, 0.288273392, 0.957548146, -5.95907851e-006, -4.87282964e-006, 7.69025105e-006, 1, 0, 0, 0, 0, 0, 0, 0, 0.283905811, -0.079733252, -0.203360986, -0.033927783, 0.577724937, -0.815435121, -0.760864258, 0.514160156, 0.395874023, 0.648051691, 0.633982014, 0.422312303, 0, -0, 0, 0, 0, 0, 0, 0.382169873, -0.0806937988, -0.173118018, 0.344916127, -0.0229682373, -0.938239505, -0.399658203, -0.907958984, -0.124755859, -0.849091021, 0.418225208, -0.322372906, 0, 2, 5, 1, 
580.954549, 44, 0.1, 0.1, 0.0201049862, 0.361929582, -0.0349702623, 0.9575482, -0.288273213, 1.1622212e-006, 0.288273213, 0.9575482, 1.07535226e-005, -4.21283533e-006, -9.96197897e-006, 1, 0.957548191, -0.288273241, 4.15309907e-006, 0.288273241, 0.957548191, 1.19091895e-005, -7.40989317e-006, -1.02063956e-005, 1, 0, 0, 0, 0, 0, 0, 0, 0.283905811, -0.079733252, -0.203360986, -0.0338776082, 0.576913165, -0.816057054, -0.76184082, 0.513549805, 0.39465332, 0.646807825, 0.635099321, 0.422287216, 0, -0, 0, 0, 0, 0, 0, 0.382169873, -0.0806937988, -0.173118018, 0.344916127, -0.0229682373, -0.938239505, -0.399658203, -0.907958984, -0.124755859, -0.849091021, 0.418225208, -0.322372906, 0, 2, 5, 1, 
580.955251, 44, 0.1, 0.1, 0.0201049859, 0.361929584, -0.0349692251, 0.957548207, -0.28827319, 8.27245743e-006, 0.28827319, 0.957548207, -2.20664096e-006, -7.28516135e-006, 4.49769278e-006, 1, 0.95754821, -0.288273178, 7.57691511e-006, 0.288273178, 0.95754821, -9.07022965e-006, -4.64055758e-006, 1.08694036e-005, 1, 0, 0, 0, 0, 0, 0, 0, 0.28390459, -0.0799945801, -0.203169604, -0.0338776082, 0.576913165, -0.816057054, -0.76184082, 0.513549805, 0.39465332, 0.646807825, 0.635099321, 0.422287216, 0, -0, 0, 0, 0, 0, 0, 0.382440967, -0.080472998, -0.172890137, 0.345842497, -0.0223998753, -0.937907383, -0.397583008, -0.908813477, -0.125, -0.849730112, 0.416321062, -0.323197197, 0, 2, 5, 1, 
