time, trialNum, realDorsalTactorPos, realVentralTactorPos, boxPosX, boxPosY, boxPosZ, boxLocalRot_11, boxLocalRot_12, boxLocalRot_13, boxLocalRot_21, boxLocalRot_22, boxLocalRot_23, boxLocalRot_31, boxLocalRot_32, boxLocalRot_33, boxGlobalRot_11, boxGlobalRot_12, boxGlobalRot_13, boxGlobalRot_21, boxGlobalRot_22, boxGlobalRot_23, boxGlobalRot_31, boxGlobalRot_32, boxGlobalRot_33, indexForceX, indexForceY, indexForceZ, indexForceGlobalX, indexForceGlobalY, indexForceGlobalZ, indexContact, indexPosX, indexPosY, indexPosZ, indexRot_11, indexRot_12, indexRot_13, indexRot_21, indexRot_22, indexRot_23, indexRot_31, indexRot_32, indexRot_33, thumbForceX, thumbForceY, thumbForceZ, thumbForceGlobalX, thumbForceGlobalY, thumbForceGlobalZ, thumbContact, thumbPosX, thumbPosY, thumbPosZ, thumbRot_11, thumbRot_12, thumbRot_13, thumbRot_21, thumbRot_22, thumbRot_23, thumbRot_31, thumbRot_32, thumbRot_33, manipForceTooHigh, cceExpType, mapping, trialSuccess, 
207.213198, 31, 0.1, 0.1, 0.00287569893, 0.341093409, -0.0349698119, 0.933272103, -2.13629833e-005, 0.359170128, 0.359170128, -6.43309207e-006, -0.933272104, 2.22480508e-005, 1, 1.66912006e-006, 0.93327212, -3.0913408e-005, 0.359170084, 0.359170084, -2.46807492e-006, -0.933272121, 2.97370805e-005, 1, 8.79978584e-006, 0, 0, 0, 0, 0, 0, 0, 0.112751318, 0.172547656, 0.165578833, -0.190144259, 0.327434505, 0.925487585, -0.658935547, -0.741210938, 0.126953125, 0.727668769, -0.585777687, 0.356807115, 0, 0, 0, 0, 0, 0, 0, 0.181184033, 0.179171045, 0.0898094727, -0.302656059, 0.803898412, -0.511889238, 0.168457031, -0.483398438, -0.858886719, -0.938019861, -0.346211041, 0.011006424, 0, 2, 1, 1, 
207.244956, 31, 0.1, 0.1, 0.00287564851, 0.34109343, -0.0349672345, 0.933275703, 7.5824729e-006, 0.359160774, 0.359160773, 1.62671015e-005, -0.933275703, -1.29190425e-005, 1, 1.24583637e-005, 0.933275705, 4.19542583e-006, 0.359160771, 0.359160771, 9.15052274e-006, -0.933275704, -7.2019978e-006, 1, 7.03312819e-006, 0, 0, 0, 0, 0, 0, 0, 0.117551904, 0.172049487, 0.156733374, -0.195062793, 0.383437322, 0.902605959, -0.686279297, -0.710693359, 0.153686523, 0.700516011, -0.589580393, 0.401958099, 0, 0, 0, 0, 0, 0, 0, 0.185401758, 0.174189648, 0.0827509766, -0.29462533, 0.798003339, -0.525496411, 0.153198242, -0.503295898, -0.850341797, -0.94319019, -0.330996829, 0.0260237756, 0, 2, 1, 1, 
207.245643, 31, 0.1, 0.1, 0.00287564917, 0.34109343, -0.0349662942, 0.933275698, -6.98748895e-006, 0.359160788, 0.359160788, -1.47097311e-005, -0.933275698, 1.18044123e-005, 1, -1.12186025e-005, 0.933275699, -7.27747983e-006, 0.359160785, 0.359160785, -1.53039481e-005, -0.933275699, 1.22884731e-005, 1, -1.16690175e-005, 0, 0, 0, 0, 0, 0, 0, 0.117551904, 0.172049487, 0.156733374, -0.195062793, 0.383437322, 0.902605959, -0.686279297, -0.710693359, 0.153686523, 0.700516011, -0.589580393, 0.401958099, 0, 0, 0, 0, 0, 0, 0, 0.185401758, 0.174189648, 0.0827509766, -0.29462533, 0.798003339, -0.525496411, 0.153198242, -0.503295898, -0.850341797, -0.94319019, -0.330996829, 0.0260237756, 0, 2, 1, 1, 
207.246334, 31, 0.1, 0.1, 0.00287564795, 0.341093427, -0.0349664494, 0.933275691, 3.51094036e-006, 0.359160805, 0.359160805, 8.13925056e-006, -0.933275691, -6.19997507e-006, 1, 6.33517253e-006, 0.933275693, 7.46693717e-006, 0.359160801, 0.359160801, 1.63254401e-005, -0.933275693, -1.28321691e-005, 1, 1.25543053e-005, 0, 0, 0, 0, 0, 0, 0, 0.117551904, 0.172049487, 0.156733374, -0.195062793, 0.383437322, 0.902605959, -0.686279297, -0.710693359, 0.153686523, 0.700516011, -0.589580393, 0.401958099, 0, 0, 0, 0, 0, 0, 0, 0.185401758, 0.174189648, 0.0827509766, -0.29462533, 0.798003339, -0.525496411, 0.153198242, -0.503295898, -0.850341797, -0.94319019, -0.330996829, 0.0260237756, 0, 2, 1, 1, 
207.247021, 31, 0.1, 0.1, 0.00287564926, 0.341093429, -0.0349675902, 0.933275684, 3.89619856e-006, 0.359160824, 0.359160824, 7.75082253e-006, -0.933275684, -6.42001919e-006, 1, 5.83429231e-006, 0.933275686, -2.96157003e-006, 0.35916082, 0.35916082, -7.10487849e-006, -0.933275686, 5.31575529e-006, 1, -5.56713043e-006, 0, 0, 0, 0, 0, 0, 0, 0.117551904, 0.172049487, 0.156733374, -0.195062793, 0.383437322, 0.902605959, -0.686279297, -0.710693359, 0.153686523, 0.700516011, -0.589580393, 0.401958099, 0, 0, 0, 0, 0, 0, 0, 0.185401758, 0.174189648, 0.0827509766, -0.29462533, 0.798003339, -0.525496411, 0.153198242, -0.503295898, -0.850341797, -0.94319019, -0.330996829, 0.0260237756, 0, 2, 1, 1, 
207.247755, 31, 0.1, 0.1, 0.00287564919, 0.341093429, -0.0349691221, 0.933275675, -8.11932808e-006, 0.359160847, 0.359160847, -1.708156e-005, -0.933275675, 1.3712599e-005, 1, -1.30256597e-005, 0.933275677, -4.89578401e-006, 0.359160843, 0.359160843, -1.02938777e-005, -0.933275677, 8.26627392e-006, 1, -7.84865176e-006, 0, 0, 0, 0, 0, 0, 0, 0.117551904, 0.172049487, 0.156733374, -0.195062793, 0.383437322, 0.902605959, -0.686279297, -0.710693359, 0.153686523, 0.700516011, -0.589580393, 0.401958099, 0, 0, 0, 0, 0, 0, 0, 0.185401758, 0.174189648, 0.0827509766, -0.29462533, 0.798003339, -0.525496411, 0.153198242, -0.503295898, -0.850341797, -0.94319019, -0.330996829, 0.0260237756, 0, 2, 1, 1, 
207.248452, 31, 0.1, 0.1, 0.00287564923, 0.341093428, -0.0349703651, 0.933275666, 5.78339888e-006, 0.359160871, 0.359160871, 1.14002509e-005, -0.933275666, -9.49202947e-006, 1, 8.56240614e-006, 0.933275668, 5.75615028e-006, 0.359160866, 0.359160866, 1.16417166e-005, -0.933275668, -9.55332401e-006, 1, 8.79754689e-006, 0, 0, 0, 0, 0, 0, 0, 0.117551904, 0.172049487, 0.156733374, -0.195062793, 0.383437322, 0.902605959, -0.686279297, -0.710693359, 0.153686523, 0.700516011, -0.589580393, 0.401958099, 0, 0, 0, 0, 0, 0, 0, 0.185401758, 0.174189648, 0.0827509766, -0.29462533, 0.798003339, -0.525496411, 0.153198242, -0.503295898, -0.850341797, -0.94319019, -0.330996829, 0.0260237756, 0, 2, 1, 1, 
207.249162, 31, 0.1, 0.1, 0.00287565069, 0.341093431, -0.0349711328, 0.933275659, -3.7800775e-006, 0.35916089, 0.35916089, -7.62861796e-006, -0.933275659, 6.26775554e-006, 1, -5.76194745e-006, 0.93327566, -6.8454918e-006, 0.359160887, 0.359160887, -1.50399008e-005, -0.93327566, 1.1790475e-005, 1, -1.15777405e-005, 0, 0, 0, 0, 0, 0, 0, 0.118154492, 0.171961621, 0.155555884, -0.196389035, 0.38597036, 0.901261743, -0.685791016, -0.7109375, 0.155151367, 0.700726067, -0.58763334, 0.404395656, 0, 0, 0, 0, 0, 0, 0, 0.185878271, 0.173809912, 0.0818317383, -0.294299404, 0.79605435, -0.528768057, 0.15637207, -0.505615234, -0.848388672, -0.942787706, -0.33230636, 0.0244524846, 0, 2, 1, 1, 
207.249857, 31, 0.1, 0.1, 0.00287564988, 0.341093428, -0.034971365, 0.933275654, -2.66675115e-006, 0.359160902, 0.359160902, -6.80996979e-006, -0.933275654, 4.93468882e-006, 1, -5.39778626e-006, 0.933275655, 2.90798931e-006, 0.3591609, 0.3591609, 6.35540995e-006, -0.933275655, -4.99657039e-006, 1, 4.88691332e-006, 0, 0, 0, 0, 0, 0, 0, 0.118154492, 0.171961621, 0.155555884, -0.196389035, 0.38597036, 0.901261743, -0.685791016, -0.7109375, 0.155151367, 0.700726067, -0.58763334, 0.404395656, 0, 0, 0, 0, 0, 0, 0, 0.185878271, 0.173809912, 0.0818317383, -0.294299404, 0.79605435, -0.528768057, 0.15637207, -0.505615234, -0.848388672, -0.942787706, -0.33230636, 0.0244524846, 0, 2, 1, 1, 
207.250548, 31, 0.1, 0.1, 0.0028756501, 0.341093429, -0.034971144, 0.933275651, 6.88326911e-006, 0.359160909, 0.359160909, 1.58307294e-005, -0.933275651, -1.21097666e-005, 1, 1.23022331e-005, 0.933275652, 4.10373033e-006, 0.359160908, 0.359160908, 9.2814251e-006, -0.933275652, -7.16343667e-006, 1, 7.18822855e-006, 0, 0, 0, 0, 0, 0, 0, 0.118154492, 0.171961621, 0.155555884, -0.196389035, 0.38597036, 0.901261743, -0.685791016, -0.7109375, 0.155151367, 0.700726067, -0.58763334, 0.404395656, 0, 0, 0, 0, 0, 0, 0, 0.185878271, 0.173809912, 0.0818317383, -0.294299404, 0.79605435, -0.528768057, 0.15637207, -0.505615234, -0.848388672, -0.942787706, -0.33230636, 0.0244524846, 0, 2, 1, 1, 
207.251234, 31, 0.1, 0.1, 0.00287565026, 0.341093429, -0.0349705582, 0.93327565, -4.49429886e-006, 0.359160912, 0.359160912, -1.11870061e-005, -0.93327565, 8.21235499e-006, 1, -8.82638389e-006, 0.93327565, -4.6916156e-006, 0.359160911, 0.359160911, -1.18183892e-005, -0.93327565, 8.62327404e-006, 1, -9.34476993e-006, 0, 0, 0, 0, 0, 0, 0, 0.118154492, 0.171961621, 0.155555884, -0.196389035, 0.38597036, 0.901261743, -0.685791016, -0.7109375, 0.155151367, 0.700726067, -0.58763334, 0.404395656, 0, 0, 0, 0, 0, 0, 0, 0.185878271, 0.173809912, 0.0818317383, -0.294299404, 0.79605435, -0.528768057, 0.15637207, -0.505615234, -0.848388672, -0.942787706, -0.33230636, 0.0244524846, 0, 2, 1, 1, 
207.251939, 31, 0.1, 0.1, 0.00287564881, 0.341093425, -0.0349696208, 0.933275651, 4.47100752e-006, 0.35916091, 0.35916091, 9.16990922e-006, -0.933275651, -7.4661554e-006, 1, 6.95224186e-006, 0.933275651, 7.56575347e-006, 0.359160911, 0.359160911, 1.70476685e-005, -0.93327565, -1.31837896e-005, 1, 1.3192851e-005, 0, 0, 0, 0, 0, 0, 0, 0.118154492, 0.171961621, 0.155555884, -0.196389035, 0.38597036, 0.901261743, -0.685791016, -0.7109375, 0.155151367, 0.700726067, -0.58763334, 0.404395656, 0, 0, 0, 0, 0, 0, 0, 0.186459033, 0.173044238, 0.0808941895, -0.292184538, 0.79438681, -0.532269747, 0.158569336, -0.508666992, -0.846191406, -0.943056395, -0.331622427, 0.0227342723, 0, 2, 1, 1, 
207.25263, 31, 0.1, 0.1, 0.00287564956, 0.341093426, -0.0349688344, 0.933275653, 4.47811355e-006, 0.359160904, 0.359160904, 9.52842776e-006, -0.933275653, -7.60155308e-006, 1, 7.28428633e-006, 0.933275653, -1.58427714e-006, 0.359160906, 0.359160906, -4.7610037e-006, -0.933275653, 3.18853368e-006, 1, -3.87431843e-006, 0, 0, 0, 0, 0, 0, 0, 0.118154492, 0.171961621, 0.155555884, -0.196389035, 0.38597036, 0.901261743, -0.685791016, -0.7109375, 0.155151367, 0.700726067, -0.58763334, 0.404395656, 0, 0, 0, 0, 0, 0, 0, 0.186459033, 0.173044238, 0.0808941895, -0.292184538, 0.79438681, -0.532269747, 0.158569336, -0.508666992, -0.846191406, -0.943056395, -0.331622427, 0.0227342723, 0, 2, 1, 1, 
207.25332, 31, 0.1, 0.1, 0.00287564927, 0.341093425, -0.0349684075, 0.933275655, -6.53808223e-006, 0.3591609, 0.3591609, -1.51824986e-005, -0.933275655, 1.15547928e-005, 1, -1.18212328e-005, 0.933275655, -3.49749546e-006, 0.359160901, 0.359160901, -7.69628534e-006, -0.933275655, 6.02833214e-006, 1, -5.92659212e-006, 0, 0, 0, 0, 0, 0, 0, 0.118154492, 0.171961621, 0.155555884, -0.196389035, 0.38597036, 0.901261743, -0.685791016, -0.7109375, 0.155151367, 0.700726067, -0.58763334, 0.404395656, 0, 0, 0, 0, 0, 0, 0, 0.186459033, 0.173044238, 0.0808941895, -0.292184538, 0.79438681, -0.532269747, 0.158569336, -0.508666992, -0.846191406, -0.943056395, -0.331622427, 0.0227342723, 0, 2, 1, 1, 
207.254024, 31, 0.1, 0.1, 0.00287564896, 0.341093424, -0.0349682815, 0.933275657, 6.16446028e-006, 0.359160895, 0.359160895, 1.43954295e-005, -0.933275657, -1.09234161e-005, 1, 1.12208709e-005, 0.933275656, 6.45409658e-006, 0.359160896, 0.359160896, 1.52733722e-005, -0.933275656, -1.15090493e-005, 1, 1.19362074e-005, 0, 0, 0, 0, 0, 0, 0, 0.118584863, 0.171421411, 0.154387915, -0.196618187, 0.388521372, 0.90012047, -0.687255859, -0.709350586, 0.15625, 0.699279258, -0.587913788, 0.406553887, 0, 0, 0, 0, 0, 0, 0, 0.186459033, 0.173044238, 0.0808941895, -0.292184538, 0.79438681, -0.532269747, 0.158569336, -0.508666992, -0.846191406, -0.943056395, -0.331622427, 0.0227342723, 0, 2, 1, 1, 
207.254715, 31, 0.1, 0.1, 0.00287565041, 0.341093426, -0.0349685512, 0.93327566, -3.94174293e-006, 0.359160887, 0.359160887, -8.35698468e-006, -0.93327566, 6.68023476e-006, 1, -6.3836505e-006, 0.933275659, -6.93153869e-006, 0.359160889, 0.359160889, -1.59877961e-005, -0.933275659, 1.22112274e-005, 1, -1.24314833e-005, 0, 0, 0, 0, 0, 0, 0, 0.118584863, 0.171421411, 0.154387915, -0.196618187, 0.388521372, 0.90012047, -0.687255859, -0.709350586, 0.15625, 0.699279258, -0.587913788, 0.406553887, 0, 0, 0, 0, 0, 0, 0, 0.186459033, 0.173044238, 0.0808941895, -0.292184538, 0.79438681, -0.532269747, 0.158569336, -0.508666992, -0.846191406, -0.943056395, -0.331622427, 0.0227342723, 0, 2, 1, 1, 
207.255407, 31, 0.1, 0.1, 0.00287564991, 0.341093424, -0.0349691937, 0.933275664, -4.55030314e-006, 0.359160875, 0.359160875, -1.00838613e-005, -0.933275664, 7.86841565e-006, 1, -7.77673154e-006, 0.933275663, 1.77110304e-006, 0.359160878, 0.359160878, 4.8180313e-006, -0.933275663, -3.38337572e-006, 1, 3.86044044e-006, 0, 0, 0, 0, 0, 0, 0, 0.118584863, 0.171421411, 0.154387915, -0.196618187, 0.388521372, 0.90012047, -0.687255859, -0.709350586, 0.15625, 0.699279258, -0.587913788, 0.406553887, 0, 0, 0, 0, 0, 0, 0, 0.186459033, 0.173044238, 0.0808941895, -0.292184538, 0.79438681, -0.532269747, 0.158569336, -0.508666992, -0.846191406, -0.943056395, -0.331622427, 0.0227342723, 0, 2, 1, 1, 
207.256105, 31, 0.1, 0.1, 0.00287565076, 0.341093426, -0.0349699537, 0.933275668, 5.22623278e-006, 0.359160865, 0.359160865, 1.20713933e-005, -0.933275668, -9.21308795e-006, 1, 9.38887934e-006, 0.933275667, 2.22487461e-006, 0.359160867, 0.359160867, 4.60432405e-006, -0.933275667, -3.73011435e-006, 1, 3.49801571e-006, 0, 0, 0, 0, 0, 0, 0, 0.118584863, 0.171421411, 0.154387915, -0.195749127, 0.391231143, 0.899086659, -0.688232422, -0.707885742, 0.158203125, 0.698523653, -0.587972198, 0.407829954, 0, 0, 0, 0, 0, 0, 0, 0.186459033, 0.173044238, 0.0808941895, -0.292184538, 0.79438681, -0.532269747, 0.158569336, -0.508666992, -0.846191406, -0.943056395, -0.331622427, 0.0227342723, 0, 2, 1, 1, 
207.256809, 31, 0.1, 0.1, 0.00287565169, 0.341093427, -0.0349703955, 0.933275671, -6.70329832e-006, 0.359160857, 0.359160857, -1.56163369e-005, -0.933275671, 1.18648022e-005, 1, -1.2166785e-005, 0.933275671, -7.03805031e-006, 0.359160859, 0.359160858, -1.63468349e-005, -0.933275671, 1.24395844e-005, 1, -1.27283112e-005, 0, 0, 0, 0, 0, 0, 0, 0.119073462, 0.170666748, 0.152999512, -0.195749127, 0.391231143, 0.899086659, -0.688232422, -0.707885742, 0.158203125, 0.698523653, -0.587972198, 0.407829954, 0, 0, 0, 0, 0, 0, 0, 0.186991699, 0.172275146, 0.0795470215, -0.290810841, 0.792744791, -0.535496551, 0.16003418, -0.511474609, -0.844116211, -0.943280242, -0.331181296, 0.0219041508, 0, 2, 1, 1, 
207.257503, 31, 0.1, 0.1, 0.002875651, 0.341093425, -0.0349705732, 0.933275675, 2.30867216e-006, 0.359160848, 0.359160848, 5.95418652e-006, -0.933275675, -4.29313825e-006, 1, 4.72771279e-006, 0.933275674, 5.24459345e-006, 0.35916085, 0.35916085, 1.29774428e-005, -0.933275674, -9.55564087e-006, 1, 1.0227879e-005, 0, 0, 0, 0, 0, 0, 0, 0.119073462, 0.170666748, 0.152999512, -0.195749127, 0.391231143, 0.899086659, -0.688232422, -0.707885742, 0.158203125, 0.698523653, -0.587972198, 0.407829954, 0, 0, 0, 0, 0, 0, 0, 0.186991699, 0.172275146, 0.0795470215, -0.290810841, 0.792744791, -0.535496551, 0.16003418, -0.511474609, -0.844116211, -0.943280242, -0.331181296, 0.0219041508, 0, 2, 1, 1, 
207.25819, 31, 0.1, 0.1, 0.00287565205, 0.341093427, -0.0349705296, 0.933275678, 3.85891296e-006, 0.35916084, 0.35916084, 8.16374056e-006, -0.933275678, -6.53352552e-006, 1, 6.23305009e-006, 0.933275677, -2.24421009e-006, 0.359160842, 0.359160842, -5.89806347e-006, -0.933275677, 4.21282013e-006, 1, -4.69848679e-006, 0, 0, 0, 0, 0, 0, 0, 0.119073462, 0.170666748, 0.152999512, -0.195749127, 0.391231143, 0.899086659, -0.688232422, -0.707885742, 0.158203125, 0.698523653, -0.587972198, 0.407829954, 0, 0, 0, 0, 0, 0, 0, 0.186991699, 0.172275146, 0.0795470215, -0.290810841, 0.792744791, -0.535496551, 0.16003418, -0.511474609, -0.844116211, -0.943280242, -0.331181296, 0.0219041508, 0, 2, 1, 1, 
207.258885, 31, 0.1, 0.1, 0.0028756515, 0.341093425, -0.0349702315, 0.933275681, -5.21576389e-006, 0.359160833, 0.359160833, -1.21619621e-005, -0.93327568, 9.23584602e-006, 1, -9.47716533e-006, 0.93327568, -2.33830714e-006, 0.359160835, 0.359160835, -5.71971981e-006, -0.93327568, 4.23658453e-006, 1, -4.49824705e-006, 0, 0, 0, 0, 0, 0, 0, 0.119073462, 0.170666748, 0.152999512, -0.195749127, 0.391231143, 0.899086659, -0.688232422, -0.707885742, 0.158203125, 0.698523653, -0.587972198, 0.407829954, 0, 0, 0, 0, 0, 0, 0, 0.186991699, 0.172275146, 0.0795470215, -0.290810841, 0.792744791, -0.535496551, 0.16003418, -0.511474609, -0.844116211, -0.943280242, -0.331181296, 0.0219041508, 0, 2, 1, 1, 
207.259577, 31, 0.1, 0.1, 0.00287565081, 0.341093423, -0.0349698279, 0.933275683, 7.20419249e-006, 0.359160825, 0.359160825, 1.61369305e-005, -0.933275683, -1.25192509e-005, 1, 1.24727411e-005, 0.933275683, 7.35166295e-006, 0.359160827, 0.359160827, 1.67820642e-005, -0.933275683, -1.28885883e-005, 1, 1.3021863e-005, 0, 0, 0, 0, 0, 0, 0, 0.119073462, 0.170666748, 0.152999512, -0.195749127, 0.391231143, 0.899086659, -0.688232422, -0.707885742, 0.158203125, 0.698523653, -0.587972198, 0.407829954, 0, 0, 0, 0, 0, 0, 0, 0.186991699, 0.172275146, 0.0795470215, -0.290810841, 0.792744791, -0.535496551, 0.16003418, -0.511474609, -0.844116211, -0.943280242, -0.331181296, 0.0219041508, 0, 2, 1, 1, 
207.260265, 31, 0.1, 0.1, 0.00287565177, 0.341093425, -0.0349694689, 0.933275686, -2.29948265e-006, 0.359160819, 0.359160819, -4.64628636e-006, -0.933275686, 3.81481526e-006, 1, -3.51038202e-006, 0.933275686, -5.37390414e-006, 0.35916082, 0.35916082, -1.21173879e-005, -0.933275686, 9.36742503e-006, 1, -9.37876764e-006, 0, 0, 0, 0, 0, 0, 0, 0.119073462, 0.170666748, 0.152999512, -0.195749127, 0.391231143, 0.899086659, -0.688232422, -0.707885742, 0.158203125, 0.698523653, -0.587972198, 0.407829954, 0, 0, 0, 0, 0, 0, 0, 0.186991699, 0.172275146, 0.0795470215, -0.290810841, 0.792744791, -0.535496551, 0.16003418, -0.511474609, -0.844116211, -0.943280242, -0.331181296, 0.0219041508, 0, 2, 1, 1, 
207.260971, 31, 0.1, 0.1, 0.00287565061, 0.341093422, -0.0349691545, 0.93327569, -2.90366774e-006, 0.359160808, 0.359160808, -7.9569604e-006, -0.93327569, 5.56775084e-006, 1, -6.38315406e-006, 0.933275689, 3.8287618e-006, 0.359160811, 0.359160811, 7.97622584e-006, -0.933275689, -6.43803805e-006, 1, 6.06887648e-006, 0, 0, 0, 0, 0, 0, 0, 0.119073462, 0.170666748, 0.152999512, -0.199779149, 0.393078968, 0.897508422, -0.68762207, -0.708740234, 0.157470703, 0.698049618, -0.585669434, 0.411911272, 0, 0, 0, 0, 0, 0, 0, 0.186991699, 0.172275146, 0.0795470215, -0.290810841, 0.792744791, -0.535496551, 0.16003418, -0.511474609, -0.844116211, -0.943280242, -0.331181296, 0.0219041508, 0, 2, 1, 1, 
207.261676, 31, 0.1, 0.1, 0.00287565116, 0.341093423, -0.0349687952, 0.933275696, 5.96580491e-006, 0.359160794, 0.359160794, 1.41180532e-005, -0.933275696, -1.06383919e-005, 1, 1.10333527e-005, 0.933275695, 3.35149654e-006, 0.359160796, 0.359160796, 7.22621184e-006, -0.933275695, -5.72324226e-006, 1, 5.5403217e-006, 0, 0, 0, 0, 0, 0, 0, 0.119312549, 0.170321704, 0.151815063, -0.199779149, 0.393078968, 0.897508422, -0.68762207, -0.708740234, 0.157470703, 0.698049618, -0.585669434, 0.411911272, 0, 0, 0, 0, 0, 0, 0, 0.187544385, 0.171472607, 0.0785877441, -0.28921986, 0.790802365, -0.539202765, 0.163085938, -0.514282227, -0.841796875, -0.943235766, -0.331385454, 0.0197962141, 0, 2, 1, 1, 
207.262383, 31, 0.1, 0.1, 0.00287565213, 0.341093424, -0.0349686989, 0.933275699, -6.80398005e-006, 0.359160784, 0.359160784, -1.57873142e-005, -0.933275699, 1.20201734e-005, 1, -1.22901939e-005, 0.933275699, -7.43790535e-006, 0.359160785, 0.359160785, -1.61246118e-005, -0.933275699, 1.27329446e-005, 1, -1.23773045e-005, 0, 0, 0, 0, 0, 0, 0, 0.119312549, 0.170321704, 0.151815063, -0.199779149, 0.393078968, 0.897508422, -0.68762207, -0.708740234, 0.157470703, 0.698049618, -0.585669434, 0.411911272, 0, 0, 0, 0, 0, 0, 0, 0.187544385, 0.171472607, 0.0785877441, -0.28921986, 0.790802365, -0.539202765, 0.163085938, -0.514282227, -0.841796875, -0.943235766, -0.331385454, 0.0197962141, 0, 2, 1, 1, 
207.263096, 31, 0.1, 0.1, 0.00287565101, 0.341093421, -0.0349685148, 0.933275701, 2.77081319e-006, 0.359160781, 0.359160781, 7.09721798e-006, -0.933275701, -5.13497498e-006, 1, 5.62849366e-006, 0.933275701, 6.71296256e-006, 0.359160781, 0.35916078, 1.4843913e-005, -0.933275701, -1.15963962e-005, 1, 1.14424304e-005, 0, 0, 0, 0, 0, 0, 0, 0.119312549, 0.170321704, 0.151815063, -0.199779149, 0.393078968, 0.897508422, -0.68762207, -0.708740234, 0.157470703, 0.698049618, -0.585669434, 0.411911272, 0, 0, 0, 0, 0, 0, 0, 0.187544385, 0.171472607, 0.0785877441, -0.28921986, 0.790802365, -0.539202765, 0.163085938, -0.514282227, -0.841796875, -0.943235766, -0.331385454, 0.0197962141, 0, 2, 1, 1, 
207.263801, 31, 0.1, 0.1, 0.0028756525, 0.341093424, -0.0349686272, 0.9332757, 3.44475452e-006, 0.359160784, 0.359160783, 8.5548941e-006, -0.9332757, -6.28748816e-006, 1, 6.74685405e-006, 0.9332757, -3.88258902e-006, 0.359160782, 0.359160782, -7.09195847e-006, -0.9332757, 6.17067934e-006, 1, -5.22427879e-006, 0, 0, 0, 0, 0, 0, 0, 0.119312549, 0.170321704, 0.151815063, -0.199779149, 0.393078968, 0.897508422, -0.68762207, -0.708740234, 0.157470703, 0.698049618, -0.585669434, 0.411911272, 0, 0, 0, 0, 0, 0, 0, 0.187544385, 0.171472607, 0.0785877441, -0.287117754, 0.789281747, -0.542544773, 0.165649414, -0.516967773, -0.83972168, -0.943383054, -0.330931563, 0.0177265568, 0, 2, 1, 1, 
207.264494, 31, 0.1, 0.1, 0.00287565214, 0.341093422, -0.0349689442, 0.933275699, -6.6636786e-006, 0.359160785, 0.359160785, -1.49096352e-005, -0.933275699, 1.15740056e-005, 1, -1.15214682e-005, 0.933275699, -3.34725281e-006, 0.359160785, 0.359160785, -7.95504188e-006, -0.933275699, 5.9810488e-006, 1, -6.22204533e-006, 0, 0, 0, 0, 0, 0, 0, 0.119312549, 0.170321704, 0.151815063, -0.199779149, 0.393078968, 0.897508422, -0.68762207, -0.708740234, 0.157470703, 0.698049618, -0.585669434, 0.411911272, 0, 0, 0, 0, 0, 0, 0, 0.188126855, 0.170711816, 0.077430127, -0.287117754, 0.789281747, -0.542544773, 0.165649414, -0.516967773, -0.83972168, -0.943383054, -0.330931563, 0.0177265568, 0, 2, 1, 1, 
207.26518, 31, 0.1, 0.1, 0.00287565188, 0.341093421, -0.0349695042, 0.933275698, 5.82310646e-006, 0.359160787, 0.359160787, 1.3019842e-005, -0.933275698, -1.01107805e-005, 1, 1.00596707e-005, 0.933275699, 6.23313982e-006, 0.359160786, 0.359160786, 1.34709645e-005, -0.933275699, -1.06554801e-005, 1, 1.03334244e-005, 0, 0, 0, 0, 0, 0, 0, 0.119312549, 0.170321704, 0.151815063, -0.199779149, 0.393078968, 0.897508422, -0.68762207, -0.708740234, 0.157470703, 0.698049618, -0.585669434, 0.411911272, 0, 0, 0, 0, 0, 0, 0, 0.188126855, 0.170711816, 0.077430127, -0.287117754, 0.789281747, -0.542544773, 0.165649414, -0.516967773, -0.83972168, -0.943383054, -0.330931563, 0.0177265568, 0, 2, 1, 1, 
207.265873, 31, 0.1, 0.1, 0.00287565347, 0.341093424, -0.0349700919, 0.933275696, -3.87261758e-006, 0.359160794, 0.359160794, -7.86476347e-006, -0.933275696, 6.43893456e-006, 1, -5.94910019e-006, 0.933275696, -7.37850766e-006, 0.359160792, 0.359160792, -1.50269093e-005, -0.933275696, 1.22832585e-005, 1, -1.13741785e-005, 0, 0, 0, 0, 0, 0, 0, 0.119312549, 0.170321704, 0.151815063, -0.199779149, 0.393078968, 0.897508422, -0.68762207, -0.708740234, 0.157470703, 0.698049618, -0.585669434, 0.411911272, 0, 0, 0, 0, 0, 0, 0, 0.188126855, 0.170711816, 0.077430127, -0.287117754, 0.789281747, -0.542544773, 0.165649414, -0.516967773, -0.83972168, -0.943383054, -0.330931563, 0.0177265568, 0, 2, 1, 1, 
207.26658, 31, 0.1, 0.1, 0.0028756525, 0.341093422, -0.0349704267, 0.933275692, -3.27998699e-006, 0.359160803, 0.359160803, -7.94014597e-006, -0.933275692, 5.91292133e-006, 1, -6.23230247e-006, 0.933275693, 2.89610284e-006, 0.359160801, 0.359160801, 5.56709183e-006, -0.933275693, -4.70234355e-006, 1, 4.15546487e-006, 0, 0, 0, 0, 0, 0, 0, 0.119789282, 0.169811157, 0.150595947, -0.203435485, 0.396119363, 0.895200788, -0.688476562, -0.708007813, 0.156860352, 0.696033295, -0.584420698, 0.416849667, 0, 0, 0, 0, 0, 0, 0, 0.188126855, 0.170711816, 0.077430127, -0.287117754, 0.789281747, -0.542544773, 0.165649414, -0.516967773, -0.83972168, -0.943383054, -0.330931563, 0.0177265568, 0, 2, 1, 1, 
207.267269, 31, 0.1, 0.1, 0.00287565304, 0.341093422, -0.034970524, 0.933275689, 6.19372062e-006, 0.35916081, 0.35916081, 1.39367491e-005, -0.933275689, -1.0785983e-005, 1, 1.07822874e-005, 0.93327569, 3.33504929e-006, 0.359160809, 0.359160808, 7.34381449e-006, -0.93327569, -5.75013077e-006, 1, 5.65598454e-006, 0, 0, 0, 0, 0, 0, 0, 0.119789282, 0.169811157, 0.150595947, -0.203435485, 0.396119363, 0.895200788, -0.688476562, -0.708007813, 0.156860352, 0.696033295, -0.584420698, 0.416849667, 0, 0, 0, 0, 0, 0, 0, 0.188126855, 0.170711816, 0.077430127, -0.287117754, 0.789281747, -0.542544773, 0.165649414, -0.516967773, -0.83972168, -0.943383054, -0.330931563, 0.0177265568, 0, 2, 1, 1, 
207.267964, 31, 0.1, 0.1, 0.00287565366, 0.341093423, -0.0349703656, 0.933275686, -5.7823626e-006, 0.35916082, 0.35916082, -1.3425663e-005, -0.933275686, 1.02185105e-005, 1, -1.04530467e-005, 0.933275687, -6.33786525e-006, 0.359160818, 0.359160817, -1.39083156e-005, -0.933275687, 1.09102975e-005, 1, -1.07039799e-005, 0, 0, 0, 0, 0, 0, 0, 0.119789282, 0.169811157, 0.150595947, -0.203435485, 0.396119363, 0.895200788, -0.688476562, -0.708007813, 0.156860352, 0.696033295, -0.584420698, 0.416849667, 0, 0, 0, 0, 0, 0, 0, 0.188126855, 0.170711816, 0.077430127, -0.287117754, 0.789281747, -0.542544773, 0.165649414, -0.516967773, -0.83972168, -0.943383054, -0.330931563, 0.0177265568, 0, 2, 1, 1, 
207.26867, 31, 0.1, 0.1, 0.00287565255, 0.34109342, -0.0349699946, 0.933275681, 2.68318756e-006, 0.359160833, 0.359160833, 6.26420575e-006, -0.933275681, -4.75401105e-006, 1, 4.88253501e-006, 0.933275682, 6.37793291e-006, 0.35916083, 0.35916083, 1.43858903e-005, -0.933275682, -1.1119218e-005, 1, 1.11352979e-005, 0, 0, 0, 0, 0, 0, 0, 0.119789282, 0.169811157, 0.150595947, -0.203994139, 0.400340345, 0.893349215, -0.688720703, -0.70703125, 0.159667969, 0.695627409, -0.582740989, 0.419985542, 0, 0, 0, 0, 0, 0, 0, 0.188126855, 0.170711816, 0.077430127, -0.287117754, 0.789281747, -0.542544773, 0.165649414, -0.516967773, -0.83972168, -0.943383054, -0.330931563, 0.0177265568, 0, 2, 1, 1, 
207.269371, 31, 0.1, 0.1, 0.0028756539, 0.341093423, -0.0349693338, 0.933275675, 3.38403562e-006, 0.359160847, 0.359160847, 7.31358026e-006, -0.933275675, -5.78498981e-006, 1, 5.61017346e-006, 0.933275676, -3.21065514e-006, 0.359160844, 0.359160844, -7.48542206e-006, -0.933275676, 5.68489685e-006, 1, -5.83282073e-006, 0, 0, 0, 0, 0, 0, 0, 0.120205981, 0.169139014, 0.148724927, -0.203994139, 0.400340345, 0.893349215, -0.688720703, -0.70703125, 0.159667969, 0.695627409, -0.582740989, 0.419985542, 0, 0, 0, 0, 0, 0, 0, 0.188646338, 0.169939307, 0.0761078613, -0.286012379, 0.787665246, -0.545407372, 0.167114258, -0.51940918, -0.837890625, -0.943389617, -0.330733236, 0.0169347147, 0, 2, 1, 1, 
207.27006, 31, 0.1, 0.1, 0.00287565369, 0.341093422, -0.0349688667, 0.933275669, -6.67512798e-006, 0.359160862, 0.359160862, -1.46515467e-005, -0.933275669, 1.14919967e-005, 1, -1.12764873e-005, 0.933275671, -3.81836734e-006, 0.359160859, 0.359160859, -7.91088552e-006, -0.933275671, 6.40486978e-006, 1, -6.0116289e-006, 0, 0, 0, 0, 0, 0, 0, 0.120205981, 0.169139014, 0.148724927, -0.203994139, 0.400340345, 0.893349215, -0.688720703, -0.70703125, 0.159667969, 0.695627409, -0.582740989, 0.419985542, 0, 0, 0, 0, 0, 0, 0, 0.188646338, 0.169939307, 0.0761078613, -0.286012379, 0.787665246, -0.545407372, 0.167114258, -0.51940918, -0.837890625, -0.943389617, -0.330733236, 0.0169347147, 0, 2, 1, 1, 
207.270748, 31, 0.1, 0.1, 0.00287565318, 0.34109342, -0.0349687234, 0.933275663, 6.65493325e-006, 0.35916088, 0.35916088, 1.51026661e-005, -0.933275662, -1.16351741e-005, 1, 1.1704759e-005, 0.933275664, 7.11528058e-006, 0.359160876, 0.359160876, 1.5439375e-005, -0.933275664, -1.21857377e-005, 1, 1.18536626e-005, 0, 0, 0, 0, 0, 0, 0, 0.120205981, 0.169139014, 0.148724927, -0.203994139, 0.400340345, 0.893349215, -0.688720703, -0.70703125, 0.159667969, 0.695627409, -0.582740989, 0.419985542, 0, 0, 0, 0, 0, 0, 0, 0.188646338, 0.169939307, 0.0761078613, -0.286012379, 0.787665246, -0.545407372, 0.167114258, -0.51940918, -0.837890625, -0.943389617, -0.330733236, 0.0169347147, 0, 2, 1, 1, 
207.271436, 31, 0.1, 0.1, 0.00287565424, 0.341093422, -0.0349689742, 0.933275655, -2.08860426e-006, 0.3591609, 0.3591609, -5.64511824e-006, -0.933275655, 3.97674926e-006, 1, -4.51830643e-006, 0.933275657, -5.65392735e-006, 0.359160895, 0.359160895, -1.3415821e-005, -0.933275657, 1.0095111e-005, 1, -1.04899895e-005, 0, 0, 0, 0, 0, 0, 0, 0.120205981, 0.169139014, 0.148724927, -0.203994139, 0.400340345, 0.893349215, -0.688720703, -0.70703125, 0.159667969, 0.695627409, -0.582740989, 0.419985542, 0, 0, 0, 0, 0, 0, 0, 0.188646338, 0.169939307, 0.0761078613, -0.286012379, 0.787665246, -0.545407372, 0.167114258, -0.51940918, -0.837890625, -0.943389617, -0.330733236, 0.0169347147, 0, 2, 1, 1, 
207.272123, 31, 0.1, 0.1, 0.00287565301, 0.341093419, -0.0349694573, 0.933275647, -2.78949411e-006, 0.359160921, 0.359160921, -5.98865123e-006, -0.933275647, 4.75425641e-006, 1, -4.58718508e-006, 0.933275648, 3.44617223e-006, 0.359160917, 0.359160917, 8.06749058e-006, -0.933275648, -6.11375594e-006, 1, 6.29146212e-006, 0, 0, 0, 0, 0, 0, 0, 0.120205981, 0.169139014, 0.148724927, -0.203994139, 0.400340345, 0.893349215, -0.688720703, -0.70703125, 0.159667969, 0.695627409, -0.582740989, 0.419985542, 0, 0, 0, 0, 0, 0, 0, 0.188646338, 0.169939307, 0.0761078613, -0.286012379, 0.787665246, -0.545407372, 0.167114258, -0.51940918, -0.837890625, -0.943389617, -0.330733236, 0.0169347147, 0, 2, 1, 1, 
207.272813, 31, 0.1, 0.1, 0.00287565332, 0.34109342, -0.0349700467, 0.933275638, 6.77177287e-006, 0.359160944, 0.359160944, 1.47609871e-005, -0.933275638, -1.16215007e-005, 1, 1.13439133e-005, 0.933275639, 4.02087635e-006, 0.35916094, 0.35916094, 8.29073048e-006, -0.933275639, -6.7302925e-006, 1, 6.29339506e-006, 0, 0, 0, 0, 0, 0, 0, 0.120205981, 0.169139014, 0.148724927, -0.203994139, 0.400340345, 0.893349215, -0.688720703, -0.70703125, 0.159667969, 0.695627409, -0.582740989, 0.419985542, 0, 0, 0, 0, 0, 0, 0, 0.188646338, 0.169939307, 0.0761078613, -0.286012379, 0.787665246, -0.545407372, 0.167114258, -0.51940918, -0.837890625, -0.943389617, -0.330733236, 0.0169347147, 0, 2, 1, 1, 
207.273507, 31, 0.1, 0.1, 0.00287565391, 0.34109342, -0.0349705393, 0.933275628, -5.97694124e-006, 0.35916097, 0.359160969, -1.37542427e-005, -0.933275628, 1.05181207e-005, 1, -1.06898155e-005, 0.93327563, -6.36943683e-006, 0.359160964, 0.359160964, -1.39812502e-005, -0.93327563, 1.09659595e-005, 1, -1.07607071e-005, 0, 0, 0, 0, 0, 0, 0, 0.120205981, 0.169139014, 0.148724927, -0.203994139, 0.400340345, 0.893349215, -0.688720703, -0.70703125, 0.159667969, 0.695627409, -0.582740989, 0.419985542, 0, 0, 0, 0, 0, 0, 0, 0.188646338, 0.169939307, 0.0761078613, -0.286012379, 0.787665246, -0.545407372, 0.167114258, -0.51940918, -0.837890625, -0.943389617, -0.330733236, 0.0169347147, 0, 2, 1, 1, 
207.27422, 31, 0.1, 0.1, 0.0028756529, 0.341093418, -0.034970516, 0.933275618, 2.53854342e-006, 0.359160996, 0.359160996, 6.47632983e-006, -0.933275618, -4.69520576e-006, 1, 5.13245494e-006, 0.93327562, 5.9495126e-006, 0.359160991, 0.359160991, 1.39048835e-005, -0.93327562, -1.05466268e-005, 1, 1.0840256e-005, 0, 0, 0, 0, 0, 0, 0, 0.120398926, 0.168875146, 0.147264868, -0.208950508, 0.403680284, 0.890654792, -0.68737793, -0.708374023, 0.159912109, 0.695547277, -0.578820674, 0.425603158, 0, 0, 0, 0, 0, 0, 0, 0.189184131, 0.169138232, 0.074723584, -0.284676962, 0.785895262, -0.548723862, 0.170532227, -0.521728516, -0.83581543, -0.943249259, -0.33141024, 0.0146222543, 0, 2, 1, 1, 
207.274914, 31, 0.1, 0.1, 0.00287565421, 0.34109342, -0.0349701919, 0.933275607, 3.02143413e-006, 0.359161024, 0.359161024, 6.38620734e-006, -0.933275607, -5.11350754e-006, 1, 4.87491016e-006, 0.933275609, -3.03673972e-006, 0.359161018, 0.359161018, -7.2664874e-006, -0.933275609, 5.44395413e-006, 1, -5.69095692e-006, 0, 0, 0, 0, 0, 0, 0, 0.120398926, 0.168875146, 0.147264868, -0.208950508, 0.403680284, 0.890654792, -0.68737793, -0.708374023, 0.159912109, 0.695547277, -0.578820674, 0.425603158, 0, 0, 0, 0, 0, 0, 0, 0.189184131, 0.169138232, 0.074723584, -0.284676962, 0.785895262, -0.548723862, 0.170532227, -0.521728516, -0.83581543, -0.943249259, -0.33141024, 0.0146222543, 0, 2, 1, 1, 
207.275606, 31, 0.1, 0.1, 0.00287565421, 0.34109342, -0.0349697798, 0.933275596, -7.21691703e-006, 0.359161052, 0.359161052, -1.5797088e-005, -0.933275596, 1.24090713e-005, 1, -1.21510012e-005, 0.933275599, -4.33715395e-006, 0.359161046, 0.359161046, -9.046049e-006, -0.933275598, 7.29674838e-006, 1, -6.88472004e-006, 0, 0, 0, 0, 0, 0, 0, 0.120398926, 0.168875146, 0.147264868, -0.208950508, 0.403680284, 0.890654792, -0.68737793, -0.708374023, 0.159912109, 0.695547277, -0.578820674, 0.425603158, 0, 0, 0, 0, 0, 0, 0, 0.189184131, 0.169138232, 0.074723584, -0.284676962, 0.785895262, -0.548723862, 0.170532227, -0.521728516, -0.83581543, -0.943249259, -0.33141024, 0.0146222543, 0, 2, 1, 1, 
207.276311, 31, 0.1, 0.1, 0.00287565397, 0.341093419, -0.0349693453, 0.933275585, 5.49685322e-006, 0.359161082, 0.359161082, 1.27482548e-005, -0.933275585, -9.70875589e-006, 1, 9.92337921e-006, 0.933275587, 6.00874637e-006, 0.359161075, 0.359161075, 1.31802863e-005, -0.933275587, -1.03416621e-005, 1, 1.01427316e-005, 0, 0, 0, 0, 0, 0, 0, 0.120398926, 0.168875146, 0.147264868, -0.213292057, 0.407774707, 0.887757426, -0.687744141, -0.708007813, 0.16015625, 0.693886664, -0.576379369, 0.431500101, 0, 0, 0, 0, 0, 0, 0, 0.189184131, 0.169138232, 0.074723584, -0.284676962, 0.785895262, -0.548723862, 0.170532227, -0.521728516, -0.83581543, -0.943249259, -0.33141024, 0.0146222543, 0, 2, 1, 1, 
207.277015, 31, 0.1, 0.1, 0.00287565559, 0.341093422, -0.0349687905, 0.933275573, -3.52443273e-006, 0.359161113, 0.359161113, -8.75851172e-006, -0.933275573, 6.4349838e-006, 1, -6.90826586e-006, 0.933275575, -7.17863789e-006, 0.359161107, 0.359161107, -1.66896537e-005, -0.933275575, 1.26939219e-005, 1, -1.29977586e-005, 0, 0, 0, 0, 0, 0, 0, 0.120618481, 0.16797561, 0.145572046, -0.213292057, 0.407774707, 0.887757426, -0.687744141, -0.708007813, 0.16015625, 0.693886664, -0.576379369, 0.431500101, 0, 0, 0, 0, 0, 0, 0, 0.189745117, 0.168127344, 0.0735608398, -0.28296458, 0.784208399, -0.552027591, 0.173583984, -0.524169922, -0.833618164, -0.943192023, -0.331710279, 0.0121883923, 0, 2, 1, 1, 
207.277718, 31, 0.1, 0.1, 0.0028756547, 0.34109342, -0.0349684558, 0.93327556, -3.97207464e-006, 0.359161145, 0.359161145, -8.58405095e-006, -0.93327556, 6.79009775e-006, 1, -6.58467008e-006, 0.933275563, 2.38977586e-006, 0.359161139, 0.359161139, 5.72570868e-006, -0.933275563, -4.28677146e-006, 1, 4.48534937e-006, 0, 0, 0, 0, 0, 0, 0, 0.120618481, 0.16797561, 0.145572046, -0.213292057, 0.407774707, 0.887757426, -0.687744141, -0.708007813, 0.16015625, 0.693886664, -0.576379369, 0.431500101, 0, 0, 0, 0, 0, 0, 0, 0.189745117, 0.168127344, 0.0735608398, -0.28296458, 0.784208399, -0.552027591, 0.173583984, -0.524169922, -0.833618164, -0.943192023, -0.331710279, 0.0121883923, 0, 2, 1, 1, 
207.278409, 31, 0.1, 0.1, 0.0028756551, 0.34109342, -0.0349684909, 0.933275548, 7.22741615e-006, 0.359161178, 0.359161178, 1.55804925e-005, -0.933275548, -1.23410788e-005, 1, 1.19450854e-005, 0.93327555, 4.0587543e-006, 0.359161171, 0.359161171, 8.17962549e-006, -0.93327555, -6.72574003e-006, 1, 6.17609753e-006, 0, 0, 0, 0, 0, 0, 0, 0.120618481, 0.16797561, 0.145572046, -0.213292057, 0.407774707, 0.887757426, -0.687744141, -0.708007813, 0.16015625, 0.693886664, -0.576379369, 0.431500101, 0, 0, 0, 0, 0, 0, 0, 0.189745117, 0.168127344, 0.0735608398, -0.28296458, 0.784208399, -0.552027591, 0.173583984, -0.524169922, -0.833618164, -0.943192023, -0.331710279, 0.0121883923, 0, 2, 1, 1, 
207.279096, 31, 0.1, 0.1, 0.00287565545, 0.341093421, -0.0349689182, 0.933275535, -5.30194855e-006, 0.359161211, 0.359161211, -1.25048252e-005, -0.933275535, 9.43942704e-006, 1, -9.7661932e-006, 0.933275538, -5.80951552e-006, 0.359161204, 0.359161204, -1.30066112e-005, -0.933275538, 1.00933489e-005, 1, -1.00521994e-005, 0, 0, 0, 0, 0, 0, 0, 0.120618481, 0.16797561, 0.145572046, -0.213292057, 0.407774707, 0.887757426, -0.687744141, -0.708007813, 0.16015625, 0.693886664, -0.576379369, 0.431500101, 0, 0, 0, 0, 0, 0, 0, 0.189745117, 0.168127344, 0.0735608398, -0.28296458, 0.784208399, -0.552027591, 0.173583984, -0.524169922, -0.833618164, -0.943192023, -0.331710279, 0.0121883923, 0, 2, 1, 1, 
207.279787, 31, 0.1, 0.1, 0.00287565405, 0.341093417, -0.0349695847, 0.933275522, 3.86988173e-006, 0.359161245, 0.359161245, 9.25889313e-006, -0.933275522, -6.93710147e-006, 1, 7.25118678e-006, 0.933275525, 7.257259e-006, 0.359161238, 0.359161238, 1.6616488e-005, -0.933275525, -1.27410206e-005, 1, 1.29012354e-005, 0, 0, 0, 0, 0, 0, 0, 0.120618481, 0.16797561, 0.145572046, -0.213292057, 0.407774707, 0.887757426, -0.687744141, -0.708007813, 0.16015625, 0.693886664, -0.576379369, 0.431500101, 0, 0, 0, 0, 0, 0, 0, 0.189745117, 0.168127344, 0.0735608398, -0.28296458, 0.784208399, -0.552027591, 0.173583984, -0.524169922, -0.833618164, -0.943192023, -0.331710279, 0.0121883923, 0, 2, 1, 1, 
207.28048, 31, 0.1, 0.1, 0.00287565489, 0.341093419, -0.0349702692, 0.933275509, 4.26200602e-006, 0.359161279, 0.359161279, 9.0144637e-006, -0.933275509, -7.21527215e-006, 1, 6.88223066e-006, 0.933275512, -1.76053511e-006, 0.359161272, 0.359161272, -4.49858692e-006, -0.933275512, 3.25878251e-006, 1, -3.56610498e-006, 0, 0, 0, 0, 0, 0, 0, 0.120618481, 0.16797561, 0.145572046, -0.213292057, 0.407774707, 0.887757426, -0.687744141, -0.708007813, 0.16015625, 0.693886664, -0.576379369, 0.431500101, 0, 0, 0, 0, 0, 0, 0, 0.189745117, 0.168127344, 0.0735608398, -0.28296458, 0.784208399, -0.552027591, 0.173583984, -0.524169922, -0.833618164, -0.943192023, -0.331710279, 0.0121883923, 0, 2, 1, 1, 
207.281166, 31, 0.1, 0.1, 0.00287565445, 0.341093417, -0.0349707976, 0.933275496, -5.8125128e-006, 0.359161313, 0.359161313, -1.26542461e-005, -0.933275496, 9.9695914e-006, 1, -9.72226805e-006, 0.933275498, -2.96142945e-006, 0.359161306, 0.359161306, -6.0110041e-006, -0.933275498, 4.92274964e-006, 1, -4.54629198e-006, 0, 0, 0, 0, 0, 0, 0, 0.120618481, 0.16797561, 0.145572046, -0.213292057, 0.407774707, 0.887757426, -0.687744141, -0.708007813, 0.16015625, 0.693886664, -0.576379369, 0.431500101, 0, 0, 0, 0, 0, 0, 0, 0.189745117, 0.168127344, 0.0735608398, -0.28296458, 0.784208399, -0.552027591, 0.173583984, -0.524169922, -0.833618164, -0.943192023, -0.331710279, 0.0121883923, 0, 2, 1, 1, 
207.281886, 31, 0.1, 0.1, 0.00287565382, 0.341093415, -0.0349707615, 0.933275482, 6.42947871e-006, 0.359161349, 0.359161349, 1.50495407e-005, -0.933275482, -1.14056882e-005, 1, 1.17361471e-005, 0.933275485, 7.11067505e-006, 0.359161342, 0.359161342, 1.57942632e-005, -0.933275485, -1.23089075e-005, 1, 1.2186519e-005, 0, 0, 0, 0, 0, 0, 0, 0.12117981, 0.167368408, 0.143646582, -0.215373904, 0.41318938, 0.884726388, -0.687744141, -0.707275391, 0.162963867, 0.693227661, -0.573405619, 0.436553072, 0, 0, 0, 0, 0, 0, 0, 0.190464648, 0.167318213, 0.0717740234, -0.28223617, 0.782131812, -0.555305434, 0.175048828, -0.527099609, -0.831420898, -0.943115464, -0.331805795, 0.0118438771, 0, 2, 1, 1, 
207.282576, 31, 0.1, 0.1, 0.00287565498, 0.341093418, -0.0349703585, 0.933275468, -2.7188465e-006, 0.359161385, 0.359161385, -6.33940288e-006, -0.933275468, 4.81430145e-006, 1, -4.93990452e-006, 0.933275471, -5.89644266e-006, 0.359161378, 0.359161378, -1.32935823e-005, -0.933275471, 1.02775466e-005, 1, -1.02887998e-005, 0, 0, 0, 0, 0, 0, 0, 0.12117981, 0.167368408, 0.143646582, -0.215373904, 0.41318938, 0.884726388, -0.687744141, -0.707275391, 0.162963867, 0.693227661, -0.573405619, 0.436553072, 0, 0, 0, 0, 0, 0, 0, 0.190464648, 0.167318213, 0.0717740234, -0.28223617, 0.782131812, -0.555305434, 0.175048828, -0.527099609, -0.831420898, -0.943115464, -0.331805795, 0.0118438771, 0, 2, 1, 1, 
