time, trialNum, realDorsalTactorPos, realVentralTactorPos, boxPosX, boxPosY, boxPosZ, boxLocalRot_11, boxLocalRot_12, boxLocalRot_13, boxLocalRot_21, boxLocalRot_22, boxLocalRot_23, boxLocalRot_31, boxLocalRot_32, boxLocalRot_33, boxGlobalRot_11, boxGlobalRot_12, boxGlobalRot_13, boxGlobalRot_21, boxGlobalRot_22, boxGlobalRot_23, boxGlobalRot_31, boxGlobalRot_32, boxGlobalRot_33, indexForceX, indexForceY, indexForceZ, indexForceGlobalX, indexForceGlobalY, indexForceGlobalZ, indexContact, indexPosX, indexPosY, indexPosZ, indexRot_11, indexRot_12, indexRot_13, indexRot_21, indexRot_22, indexRot_23, indexRot_31, indexRot_32, indexRot_33, thumbForceX, thumbForceY, thumbForceZ, thumbForceGlobalX, thumbForceGlobalY, thumbForceGlobalZ, thumbContact, thumbPosX, thumbPosY, thumbPosZ, thumbRot_11, thumbRot_12, thumbRot_13, thumbRot_21, thumbRot_22, thumbRot_23, thumbRot_31, thumbRot_32, thumbRot_33, manipForceTooHigh, cceExpType, mapping, trialSuccess, 
274.797093, 42, 0.1, 0.1, 0.00242378296, 0.353687055, -0.0349809477, 0.958789579, 3.40139485e-005, 0.284117128, 0.284117129, -1.06837263e-005, -0.958789579, -2.95767898e-005, 0.999999999, -1.99073908e-005, 0.958789612, 3.54399685e-005, 0.284117016, 0.284117016, -1.21198245e-005, -0.958789612, -3.05360253e-005, 0.999999999, -2.16894599e-005, 0, 0, 0, 0, 0, 0, 0, 0.167425415, 0.151040161, 0.145574707, -0.669802038, 0.65323915, 0.352707779, -0.616821289, -0.75402832, 0.225219727, 0.413212178, -0.0667561126, 0.908153663, 0, 0, -0, 0, 0, 0, 0, 0.260842236, 0.15969668, 0.164563379, -0.136607054, 0.916443192, -0.375765617, 0.496459961, -0.264892578, -0.826538086, -0.857232169, -0.299400436, -0.418769531, 0, 2, 1, 1, 
274.813999, 42, 0.1, 0.1, 0.00242378717, 0.353687047, -0.0349689944, 0.958786796, -8.84920864e-006, 0.28412652, 0.28412652, -1.85712764e-006, -0.958786796, 9.01216362e-006, 1, 7.33705398e-007, 0.958786837, 4.21343041e-006, 0.284126381, 0.284126381, 2.12389155e-005, -0.958786837, -1.00743178e-005, 1, 1.91664459e-005, 0, 0, 0, 0, 0, 0, 0, 0.167380713, 0.151628833, 0.143494702, -0.674389209, 0.651816306, 0.346668546, -0.619140625, -0.755004883, 0.215332031, 0.40219748, -0.0694969628, 0.912941534, 0, 0, -0, 0, 0, 0, 0, 0.260301123, 0.159928711, 0.163277295, -0.141935598, 0.917477838, -0.371229281, 0.497680664, -0.258056641, -0.82800293, -0.855582853, -0.302237515, -0.419888399, 0, 2, 1, 1, 
274.81469, 42, 0.1, 0.1, 0.00242379183, 0.353687063, -0.0349699791, 0.958786537, -3.73577214e-006, 0.284127393, 0.284127393, -4.937144e-005, -0.958786536, 1.76095866e-005, 0.999999999, -4.62752368e-005, 0.95878659, -1.09412499e-005, 0.284127217, 0.284127216, -5.56215219e-005, -0.958786588, 2.62939119e-005, 0.999999998, -5.02204624e-005, 0, 0, 0, 0, 0, 0, 0, 0.167380713, 0.151628833, 0.143494702, -0.674389209, 0.651816306, 0.346668546, -0.619140625, -0.755004883, 0.215332031, 0.40219748, -0.0694969628, 0.912941534, 0, 0, -0, 0, 0, 0, 0, 0.260301123, 0.159928711, 0.163277295, -0.141935598, 0.917477838, -0.371229281, 0.497680664, -0.258056641, -0.82800293, -0.855582853, -0.302237515, -0.419888399, 0, 2, 1, 1, 
274.815402, 42, 0.1, 0.1, 0.00242378591, 0.35368706, -0.0349708537, 0.95878623, 1.75162386e-005, 0.284128431, 0.28412843, 5.16345503e-005, -0.958786229, -3.14651721e-005, 0.999999999, 4.45296344e-005, 0.958786308, 2.35532848e-005, 0.284128166, 0.284128165, 3.19773338e-005, -0.958786308, -3.16682282e-005, 0.999999999, 2.39672783e-005, 0, 0, 0, 0, 0, 0, 0, 0.167380713, 0.151628833, 0.143494702, -0.674389209, 0.651816306, 0.346668546, -0.619140625, -0.755004883, 0.215332031, 0.40219748, -0.0694969628, 0.912941534, 0, 0, -0, 0, 0, 0, 0, 0.260301123, 0.159928711, 0.163277295, -0.141935598, 0.917477838, -0.371229281, 0.497680664, -0.258056641, -0.82800293, -0.855582853, -0.302237515, -0.419888399, 0, 2, 1, 1, 
274.816211, 42, 0.1, 0.1, 0.00242379176, 0.35368704, -0.0349703565, 0.958785771, -2.46997184e-005, 0.284129979, 0.28412998, 2.80484953e-005, -0.958785771, 1.57123201e-005, 0.999999999, 3.39104287e-005, 0.958785866, -2.57854482e-005, 0.284129657, 0.284129658, 4.39057293e-005, -0.958785865, 1.22478035e-005, 0.999999999, 4.94226033e-005, 0, 0, 0, 0, 0, 0, 0, 0.167380713, 0.151628833, 0.143494702, -0.674389209, 0.651816306, 0.346668546, -0.619140625, -0.755004883, 0.215332031, 0.40219748, -0.0694969628, 0.912941534, 0, 0, -0, 0, 0, 0, 0, 0.260301123, 0.159928711, 0.163277295, -0.141935598, 0.917477838, -0.371229281, 0.497680664, -0.258056641, -0.82800293, -0.855582853, -0.302237515, -0.419888399, 0, 2, 1, 1, 
274.816901, 42, 0.1, 0.1, 0.00242378919, 0.353687047, -0.0349691615, 0.958785318, 2.57257826e-005, 0.284131507, 0.284131508, -3.58333226e-005, -0.958785317, -1.44841267e-005, 0.999999999, -4.1665969e-005, 0.958785406, 2.33469396e-005, 0.284131212, 0.284131212, -3.22374994e-005, -0.958785405, -1.32250252e-005, 0.999999999, -3.75424382e-005, 0, 0, 0, 0, 0, 0, 0, 0.167380713, 0.151628833, 0.143494702, -0.674389209, 0.651816306, 0.346668546, -0.619140625, -0.755004883, 0.215332031, 0.40219748, -0.0694969628, 0.912941534, 0, 0, -0, 0, 0, 0, 0, 0.260301123, 0.159928711, 0.163277295, -0.141935598, 0.917477838, -0.371229281, 0.497680664, -0.258056641, -0.82800293, -0.855582853, -0.302237515, -0.419888399, 0, 2, 1, 1, 
274.817596, 42, 0.1, 0.1, 0.00242379122, 0.353687053, -0.0349682902, 0.958784926, -2.60487682e-005, 0.284132828, 0.284132828, 8.71822482e-006, -0.958784927, 2.24980325e-005, 1, 1.57602127e-005, 0.958784994, -2.05147751e-005, 0.284132601, 0.284132601, -3.54393195e-006, -0.958784994, 2.06762052e-005, 1, 2.43104765e-006, 0, 0, 0, 0, 0, 0, 0, 0.167380713, 0.151628833, 0.143494702, -0.674389209, 0.651816306, 0.346668546, -0.619140625, -0.755004883, 0.215332031, 0.40219748, -0.0694969628, 0.912941534, 0, 0, -0, 0, 0, 0, 0, 0.260301123, 0.159928711, 0.163277295, -0.141935598, 0.917477838, -0.371229281, 0.497680664, -0.258056641, -0.82800293, -0.855582853, -0.302237515, -0.419888399, 0, 2, 1, 1, 
274.818349, 42, 0.1, 0.1, 0.00242379129, 0.353687049, -0.0349673824, 0.958784649, 2.30031175e-005, 0.284133766, 0.284133766, -5.20121204e-006, -0.958784649, -2.0577196e-005, 1, -1.15228047e-005, 0.958784687, 1.66010544e-005, 0.284133635, 0.284133635, 9.9603588e-006, -0.958784688, -1.87469097e-005, 1, 4.83292156e-006, 0, 0, 0, 0, 0, 0, 0, 0.167342383, 0.151461743, 0.14334541, -0.67496808, 0.652851238, 0.343667465, -0.620361328, -0.754272461, 0.214599609, 0.399322958, -0.0684249606, 0.914282002, 0, 0, -0, 0, 0, 0, 0, 0.260089355, 0.159680566, 0.162772949, -0.141654515, 0.917113633, -0.372264293, 0.497314453, -0.259277344, -0.827880859, -0.855921538, -0.302275795, -0.419383469, 0, 2, 1, 1, 
274.819042, 42, 0.1, 0.1, 0.0024237916, 0.353687055, -0.0349670365, 0.958784527, -1.88784306e-005, 0.284134177, 0.284134177, -3.56867857e-006, -0.958784527, 1.91143307e-005, 1, 1.94241357e-006, 0.958784541, -1.26832092e-005, 0.284134128, 0.284134128, -1.70445224e-005, -0.958784541, 1.70033955e-005, 1, -1.2738292e-005, 0, 0, 0, 0, 0, 0, 0, 0.167342383, 0.151461743, 0.14334541, -0.67496808, 0.652851238, 0.343667465, -0.620361328, -0.754272461, 0.214599609, 0.399322958, -0.0684249606, 0.914282002, 0, 0, -0, 0, 0, 0, 0, 0.260089355, 0.159680566, 0.162772949, -0.141654515, 0.917113633, -0.372264293, 0.497314453, -0.259277344, -0.827880859, -0.855921538, -0.302275795, -0.419383469, 0, 2, 1, 1, 
274.819735, 42, 0.1, 0.1, 0.00242379065, 0.353687053, -0.0349675268, 0.958784509, 2.09718359e-005, 0.284134238, 0.284134238, 1.39315531e-006, -0.958784509, -2.05033145e-005, 1, -4.62308087e-006, 0.958784507, 1.78020306e-005, 0.284134244, 0.284134244, 4.19095448e-006, -0.958784507, -1.82591049e-005, 1, -1.03994429e-006, 0, 0, 0, 0, 0, 0, 0, 0.167342383, 0.151461743, 0.14334541, -0.67496808, 0.652851238, 0.343667465, -0.620361328, -0.754272461, 0.214599609, 0.399322958, -0.0684249606, 0.914282002, 0, 0, -0, 0, 0, 0, 0, 0.260089355, 0.159680566, 0.162772949, -0.141654515, 0.917113633, -0.372264293, 0.497314453, -0.259277344, -0.827880859, -0.855921538, -0.302275795, -0.419383469, 0, 2, 1, 1, 
274.820467, 42, 0.1, 0.1, 0.00242379315, 0.353687054, -0.0349684891, 0.958784495, -1.81707825e-005, 0.284134284, 0.284134284, -1.27046524e-005, -0.958784495, 2.10316919e-005, 1, -7.01808143e-006, 0.958784505, -1.86086666e-005, 0.284134251, 0.284134251, -2.80187256e-006, -0.958784505, 1.86378092e-005, 1, 2.60096756e-006, 0, 0, 0, 0, 0, 0, 0, 0.167342383, 0.151461743, 0.14334541, -0.67496808, 0.652851238, 0.343667465, -0.620361328, -0.754272461, 0.214599609, 0.399322958, -0.0684249606, 0.914282002, 0, 0, -0, 0, 0, 0, 0, 0.260089355, 0.159680566, 0.162772949, -0.141654515, 0.917113633, -0.372264293, 0.497314453, -0.259277344, -0.827880859, -0.855921538, -0.302275795, -0.419383469, 0, 2, 1, 1, 
274.821163, 42, 0.1, 0.1, 0.00242379299, 0.353687053, -0.0349694097, 0.958784417, 1.06800277e-005, 0.284134548, 0.284134548, 2.36317466e-005, -0.958784417, -1.69544398e-005, 1, 1.96231855e-005, 0.958784438, 1.05079411e-005, 0.284134479, 0.284134479, 1.62936154e-005, -0.958784437, -1.47044284e-005, 1, 1.26363965e-005, 0, 0, 0, 0, 0, 0, 0, 0.167342383, 0.151461743, 0.14334541, -0.67496808, 0.652851238, 0.343667465, -0.620361328, -0.754272461, 0.214599609, 0.399322958, -0.0684249606, 0.914282002, 0, 0, -0, 0, 0, 0, 0, 0.260089355, 0.159680566, 0.162772949, -0.141654515, 0.917113633, -0.372264293, 0.497314453, -0.259277344, -0.827880859, -0.855921538, -0.302275795, -0.419383469, 0, 2, 1, 1, 
274.821854, 42, 0.1, 0.1, 0.00242379481, 0.353687053, -0.0349703691, 0.958784297, -9.74817739e-006, 0.284134952, 0.284134952, -2.22904654e-005, -0.958784297, 1.56798997e-005, 1, -1.86019502e-005, 0.958784326, -1.10585303e-005, 0.284134855, 0.284134855, -1.29939161e-005, -0.958784326, 1.429477e-005, 1, -9.31624925e-006, 0, 0, 0, 0, 0, 0, 0, 0.167342383, 0.151461743, 0.14334541, -0.67496808, 0.652851238, 0.343667465, -0.620361328, -0.754272461, 0.214599609, 0.399322958, -0.0684249606, 0.914282002, 0, 0, -0, 0, 0, 0, 0, 0.260089355, 0.159680566, 0.162772949, -0.141654515, 0.917113633, -0.372264293, 0.497314453, -0.259277344, -0.827880859, -0.855921538, -0.302275795, -0.419383469, 0, 2, 1, 1, 
274.822558, 42, 0.1, 0.1, 0.00242379218, 0.353687056, -0.0349710739, 0.958784129, 1.63365755e-005, 0.284135521, 0.284135521, 1.43478172e-005, -0.958784129, -1.97399738e-005, 1, 9.11465807e-006, 0.958784168, 1.65510489e-005, 0.284135388, 0.284135388, 6.24462106e-006, -0.958784168, -1.76432015e-005, 1, 1.28450511e-006, 0, 0, 0, 0, 0, 0, 0, 0.167342383, 0.151461743, 0.14334541, -0.67496808, 0.652851238, 0.343667465, -0.620361328, -0.754272461, 0.214599609, 0.399322958, -0.0684249606, 0.914282002, 0, 0, -0, 0, 0, 0, 0, 0.260089355, 0.159680566, 0.162772949, -0.141654515, 0.917113633, -0.372264293, 0.497314453, -0.259277344, -0.827880859, -0.855921538, -0.302275795, -0.419383469, 0, 2, 1, 1, 
274.823308, 42, 0.1, 0.1, 0.00242379436, 0.353687056, -0.034970639, 0.958783924, -1.7618495e-005, 0.284136211, 0.284136211, -7.39748088e-006, -0.958783924, 1.89942219e-005, 1, -2.08653334e-006, 0.958783959, -1.52470858e-005, 0.284136095, 0.284136095, -8.96271195e-006, -0.958783959, 1.71652912e-005, 1, -4.26105704e-006, 0, 0, 0, 0, 0, 0, 0, 0.167107544, 0.151482495, 0.142841309, -0.675234303, 0.653112591, 0.342544167, -0.619628906, -0.754272461, 0.216674805, 0.399983083, -0.0659945161, 0.914212731, 0, 0, -0, 0, 0, 0, 0, 0.2598229, 0.159618799, 0.162487207, -0.142248763, 0.916474542, -0.373631427, 0.496704102, -0.260375977, -0.827880859, -0.856106738, -0.303202165, -0.418054248, 0, 2, 1, 1, 
274.824011, 42, 0.1, 0.1, 0.00242379339, 0.353687056, -0.034969827, 0.958783794, 1.95571901e-005, 0.284136649, 0.284136649, -3.65672e-006, -0.958783795, -1.77121087e-005, 1, -9.06291831e-006, 0.958783815, 1.65921368e-005, 0.284136579, 0.284136579, -9.70611867e-007, -0.958783815, -1.56324859e-005, 1, -5.64503994e-006, 0, 0, 0, 0, 0, 0, 0, 0.167107544, 0.151482495, 0.142841309, -0.675234303, 0.653112591, 0.342544167, -0.619628906, -0.754272461, 0.216674805, 0.399983083, -0.0659945161, 0.914212731, 0, 0, -0, 0, 0, 0, 0, 0.2598229, 0.159618799, 0.162487207, -0.142248763, 0.916474542, -0.373631427, 0.496704102, -0.260375977, -0.827880859, -0.856106738, -0.303202165, -0.418054248, 0, 2, 1, 1, 
274.824702, 42, 0.1, 0.1, 0.00242379548, 0.353687057, -0.034968992, 0.958783691, -1.88629862e-005, 0.284136999, 0.284136999, -5.37751995e-006, -0.958783691, 1.96134759e-005, 1, 2.0379387e-007, 0.958783713, -1.64477369e-005, 0.284136924, 0.284136924, -6.47187799e-006, -0.958783713, 1.76087217e-005, 1, -1.53172184e-006, 0, 0, 0, 0, 0, 0, 0, 0.167107544, 0.151482495, 0.142841309, -0.675234303, 0.653112591, 0.342544167, -0.619628906, -0.754272461, 0.216674805, 0.399983083, -0.0659945161, 0.914212731, 0, 0, -0, 0, 0, 0, 0, 0.2598229, 0.159618799, 0.162487207, -0.142248763, 0.916474542, -0.373631427, 0.496704102, -0.260375977, -0.827880859, -0.856106738, -0.303202165, -0.418054248, 0, 2, 1, 1, 
274.825441, 42, 0.1, 0.1, 0.00242379403, 0.353687056, -0.034968184, 0.958783571, 1.90767706e-005, 0.284137402, 0.284137402, 9.66842231e-006, -0.958783571, -2.10376546e-005, 1, 3.84950044e-006, 0.958783592, 1.58552448e-005, 0.284137331, 0.284137331, 1.3021445e-005, -0.958783592, -1.89016272e-005, 1, 7.97968086e-006, 0, 0, 0, 0, 0, 0, 0, 0.167143433, 0.151125244, 0.142312793, -0.674555081, 0.654719281, 0.340938598, -0.620239258, -0.753051758, 0.219238281, 0.400369873, -0.0636535602, 0.914219844, 0, 0, -0, 0, 0, 0, 0, 0.2598229, 0.159618799, 0.162487207, -0.142248763, 0.916474542, -0.373631427, 0.496704102, -0.260375977, -0.827880859, -0.856106738, -0.303202165, -0.418054248, 0, 2, 1, 1, 
274.826152, 42, 0.1, 0.1, 0.00242379539, 0.353687058, -0.0349673729, 0.958783519, -1.9738844e-005, 0.28413758, 0.28413758, -1.59848142e-006, -0.958783519, 1.93794669e-005, 1, 4.07594971e-006, 0.958783523, -1.69452517e-005, 0.284137564, 0.284137564, -3.33725421e-006, -0.958783523, 1.71950674e-005, 1, 1.61507819e-006, 0, 0, 0, 0, 0, 0, 0, 0.167143433, 0.151125244, 0.142312793, -0.674555081, 0.654719281, 0.340938598, -0.620239258, -0.753051758, 0.219238281, 0.400369873, -0.0636535602, 0.914219844, 0, 0, -0, 0, 0, 0, 0, 0.259616016, 0.159352344, 0.161951611, -0.141820759, 0.915880294, -0.375350006, 0.495727539, -0.262329102, -0.827758789, -0.856675467, -0.303387366, -0.416884708, 0, 2, 1, 1, 
274.826839, 42, 0.1, 0.1, 0.00242379357, 0.353687059, -0.0349673782, 0.958783476, 1.89344822e-005, 0.284137723, 0.284137723, 7.69639812e-006, -0.958783476, -2.03409057e-005, 1, 1.99917868e-006, 0.95878349, 1.92954004e-005, 0.284137675, 0.284137675, -1.41564802e-006, -0.95878349, -1.80978724e-005, 1, -6.83985015e-006, 0, 0, 0, 0, 0, 0, 0, 0.167143433, 0.151125244, 0.142312793, -0.674555081, 0.654719281, 0.340938598, -0.620239258, -0.753051758, 0.219238281, 0.400369873, -0.0636535602, 0.914219844, 0, 0, -0, 0, 0, 0, 0, 0.259616016, 0.159352344, 0.161951611, -0.141820759, 0.915880294, -0.375350006, 0.495727539, -0.262329102, -0.827758789, -0.856675467, -0.303387366, -0.416884708, 0, 2, 1, 1, 
274.82757, 42, 0.1, 0.1, 0.00242379535, 0.353687061, -0.0349678375, 0.958783387, -1.7955154e-005, 0.284138025, 0.284138025, -1.06924495e-005, -0.958783387, 2.02532349e-005, 1, -5.15000092e-006, 0.958783402, -1.48194623e-005, 0.284137973, 0.284137973, -1.31357616e-005, -0.958783402, 1.79410231e-005, 1, -8.38357825e-006, 0, 0, 0, 0, 0, 0, 0, 0.167143433, 0.151125244, 0.142312793, -0.674555081, 0.654719281, 0.340938598, -0.620239258, -0.753051758, 0.219238281, 0.400369873, -0.0636535602, 0.914219844, 0, 0, -0, 0, 0, 0, 0, 0.259616016, 0.159352344, 0.161951611, -0.141820759, 0.915880294, -0.375350006, 0.495727539, -0.262329102, -0.827758789, -0.856675467, -0.303387366, -0.416884708, 0, 2, 1, 1, 
274.828278, 42, 0.1, 0.1, 0.00242379439, 0.35368706, -0.0349684795, 0.958783354, 2.065947e-005, 0.284138134, 0.284138135, -1.86424106e-006, -0.958783354, -1.9278254e-005, 1, -7.65754658e-006, 0.958783355, 1.78312473e-005, 0.284138132, 0.284138132, 2.2243045e-007, -0.958783355, -1.71595041e-005, 1, -4.85327468e-006, 0, 0, 0, 0, 0, 0, 0, 0.167143433, 0.151125244, 0.142312793, -0.674555081, 0.654719281, 0.340938598, -0.620239258, -0.753051758, 0.219238281, 0.400369873, -0.0636535602, 0.914219844, 0, 0, -0, 0, 0, 0, 0, 0.259616016, 0.159352344, 0.161951611, -0.141820759, 0.915880294, -0.375350006, 0.495727539, -0.262329102, -0.827758789, -0.856675467, -0.303387366, -0.416884708, 0, 2, 1, 1, 
274.828971, 42, 0.1, 0.1, 0.0024237962, 0.353687061, -0.0349694477, 0.958783331, -1.63375099e-005, 0.284138214, 0.284138214, -1.15115869e-005, -0.958783331, 1.89350139e-005, 1, -6.3950067e-006, 0.958783341, -1.64689468e-005, 0.284138178, 0.284138178, -2.84612945e-006, -0.958783341, 1.65988459e-005, 1, 1.95063504e-006, 0, 0, 0, 0, 0, 0, 0, 0.167143433, 0.151125244, 0.142312793, -0.674555081, 0.654719281, 0.340938598, -0.620239258, -0.753051758, 0.219238281, 0.400369873, -0.0636535602, 0.914219844, 0, 0, -0, 0, 0, 0, 0, 0.259616016, 0.159352344, 0.161951611, -0.141820759, 0.915880294, -0.375350006, 0.495727539, -0.262329102, -0.827758789, -0.856675467, -0.303387366, -0.416884708, 0, 2, 1, 1, 
274.829662, 42, 0.1, 0.1, 0.00242379522, 0.353687062, -0.0349704609, 0.958783267, 1.63727156e-005, 0.284138429, 0.284138429, 6.09119435e-006, -0.958783267, -1.74286281e-005, 1, 1.18801754e-006, 0.958783278, 1.34997757e-005, 0.284138392, 0.284138392, 8.01896031e-006, -0.958783278, -1.52218537e-005, 1, 3.8526405e-006, 0, 0, 0, 0, 0, 0, 0, 0.167143433, 0.151125244, 0.142312793, -0.674555081, 0.654719281, 0.340938598, -0.620239258, -0.753051758, 0.219238281, 0.400369873, -0.0636535602, 0.914219844, 0, 0, -0, 0, 0, 0, 0, 0.259616016, 0.159352344, 0.161951611, -0.141820759, 0.915880294, -0.375350006, 0.495727539, -0.262329102, -0.827758789, -0.856675467, -0.303387366, -0.416884708, 0, 2, 1, 1, 
274.830421, 42, 0.1, 0.1, 0.00242379771, 0.353687064, -0.034970737, 0.958783252, -2.16047798e-005, 0.284138479, 0.284138479, 5.86767607e-007, -0.958783252, 2.05475778e-005, 1, 6.70133224e-006, 0.958783249, -1.9362777e-005, 0.284138488, 0.284138488, -1.68183561e-006, -0.95878325, 1.90425804e-005, 1, 3.88919436e-006, 0, 0, 0, 0, 0, 0, 0, 0.166937891, 0.150769336, 0.14196748, -0.674168292, 0.656345067, 0.33852725, -0.62097168, -0.751831055, 0.221069336, 0.399690652, -0.0611920369, 0.914601764, 0, 0, -0, 0, 0, 0, 0, 0.259409131, 0.159085889, 0.161426025, -0.141392755, 0.915286046, -0.376959943, 0.494873047, -0.264282227, -0.827636719, -0.857244196, -0.303572566, -0.415581007, 0, 2, 1, 1, 
274.831114, 42, 0.1, 0.1, 0.00242379696, 0.353687064, -0.0349703696, 0.958783247, 1.53882229e-005, 0.284138498, 0.284138498, 1.13057955e-005, -0.958783247, -1.7966382e-005, 1, 6.46742078e-006, 0.958783254, 1.53320564e-005, 0.284138474, 0.284138474, 2.84586024e-006, -0.958783254, -1.55087373e-005, 1, -1.62786398e-006, 0, 0, 0, 0, 0, 0, 0, 0.166937891, 0.150769336, 0.14196748, -0.674168292, 0.656345067, 0.33852725, -0.62097168, -0.751831055, 0.221069336, 0.399690652, -0.0611920369, 0.914601764, 0, 0, -0, 0, 0, 0, 0, 0.259409131, 0.159085889, 0.161426025, -0.141392755, 0.915286046, -0.376959943, 0.494873047, -0.264282227, -0.827636719, -0.857244196, -0.303572566, -0.415581007, 0, 2, 1, 1, 
274.831804, 42, 0.1, 0.1, 0.00242379856, 0.353687064, -0.0349698877, 0.958783199, -1.51681185e-005, 0.284138657, 0.284138657, -5.44447805e-006, -0.958783199, 1.60899239e-005, 1, -9.10225254e-007, 0.958783207, -1.28079017e-005, 0.28413863, 0.28413863, -7.63200284e-006, -0.958783207, 1.44485479e-005, 1, -3.6782165e-006, 0, 0, 0, 0, 0, 0, 0, 0.166937891, 0.150769336, 0.14196748, -0.674168292, 0.656345067, 0.33852725, -0.62097168, -0.751831055, 0.221069336, 0.399690652, -0.0611920369, 0.914601764, 0, 0, -0, 0, 0, 0, 0, 0.259409131, 0.159085889, 0.161426025, -0.141392755, 0.915286046, -0.376959943, 0.494873047, -0.264282227, -0.827636719, -0.857244196, -0.303572566, -0.415581007, 0, 2, 1, 1, 
274.832526, 42, 0.1, 0.1, 0.00242379625, 0.353687062, -0.0349692634, 0.958783199, 2.35780442e-005, 0.284138659, 0.284138659, 4.29217315e-007, -0.958783199, -2.27281898e-005, 1, -6.28790751e-006, 0.958783193, 2.0732003e-005, 0.284138677, 0.284138677, 2.84963051e-006, -0.958783194, -2.06871863e-005, 1, -3.15858605e-006, 0, 0, 0, 0, 0, 0, 0, 0.166937891, 0.150769336, 0.14196748, -0.674168292, 0.656345067, 0.33852725, -0.62097168, -0.751831055, 0.221069336, 0.399690652, -0.0611920369, 0.914601764, 0, 0, -0, 0, 0, 0, 0, 0.259409131, 0.159085889, 0.161426025, -0.141392755, 0.915286046, -0.376959943, 0.494873047, -0.264282227, -0.827636719, -0.857244196, -0.303572566, -0.415581007, 0, 2, 1, 1, 
274.833222, 42, 0.1, 0.1, 0.00242379726, 0.353687063, -0.0349685836, 0.958783202, -1.46991218e-005, 0.284138647, 0.284138647, -1.10200016e-005, -0.958783202, 1.72244795e-005, 1, -6.38920386e-006, 0.958783208, -1.4773889e-005, 0.284138628, 0.284138628, -1.90423184e-006, -0.958783208, 1.47060225e-005, 1, 2.37208704e-006, 0, 0, 0, 0, 0, 0, 0, 0.166937891, 0.150769336, 0.14196748, -0.674168292, 0.656345067, 0.33852725, -0.62097168, -0.751831055, 0.221069336, 0.399690652, -0.0611920369, 0.914601764, 0, 0, -0, 0, 0, 0, 0, 0.259409131, 0.159085889, 0.161426025, -0.141392755, 0.915286046, -0.376959943, 0.494873047, -0.264282227, -0.827636719, -0.857244196, -0.303572566, -0.415581007, 0, 2, 1, 1, 
274.833917, 42, 0.1, 0.1, 0.0024237956, 0.353687063, -0.0349683143, 0.958783159, 1.80733753e-005, 0.284138792, 0.284138792, 6.10632507e-006, -0.958783159, -1.90634917e-005, 1, 7.19294618e-007, 0.958783166, 1.55749715e-005, 0.284138768, 0.284138768, 8.54237148e-006, -0.958783166, -1.73602394e-005, 1, 3.76482875e-006, 0, 0, 0, 0, 0, 0, 0, 0.166937891, 0.150769336, 0.14196748, -0.674168292, 0.656345067, 0.33852725, -0.62097168, -0.751831055, 0.221069336, 0.399690652, -0.0611920369, 0.914601764, 0, 0, -0, 0, 0, 0, 0, 0.259409131, 0.159085889, 0.161426025, -0.141392755, 0.915286046, -0.376959943, 0.494873047, -0.264282227, -0.827636719, -0.857244196, -0.303572566, -0.415581007, 0, 2, 1, 1, 
274.834615, 42, 0.1, 0.1, 0.00242379758, 0.353687065, -0.0349684872, 0.958783163, -2.13570539e-005, 0.284138779, 0.284138779, -1.34924276e-006, -0.958783163, 2.08601559e-005, 1, 4.77473597e-006, 0.958783157, -1.80326227e-005, 0.284138799, 0.284138799, -3.66065813e-006, -0.958783157, 1.83295099e-005, 1, 1.61399039e-006, 0, 0, 0, 0, 0, 0, 0, 0.166937891, 0.150769336, 0.14196748, -0.674168292, 0.656345067, 0.33852725, -0.62097168, -0.751831055, 0.221069336, 0.399690652, -0.0611920369, 0.914601764, 0, 0, -0, 0, 0, 0, 0, 0.259409131, 0.159085889, 0.161426025, -0.141392755, 0.915286046, -0.376959943, 0.494873047, -0.264282227, -0.827636719, -0.857244196, -0.303572566, -0.415581007, 0, 2, 1, 1, 
274.835363, 42, 0.1, 0.1, 0.00242379594, 0.353687066, -0.0349684498, 0.95878317, 1.80938872e-005, 0.284138756, 0.284138756, 9.15902516e-006, -0.95878317, -1.99505486e-005, 1, 3.64034458e-006, 0.958783175, 1.90670112e-005, 0.284138738, 0.284138738, 6.46580959e-008, -0.958783176, -1.82995014e-005, 1, -5.3556834e-006, 0, 0, 0, 0, 0, 0, 0, 0.166706348, 0.150807544, 0.141217798, -0.674421409, 0.656854668, 0.336984961, -0.619750977, -0.751708984, 0.225097656, 0.401213845, -0.0571942159, 0.914228079, 0, 0, -0, 0, 0, 0, 0, 0.259339307, 0.158984082, 0.160875781, -0.142338448, 0.914212388, -0.379119285, 0.494018555, -0.266235352, -0.827514648, -0.857589077, -0.305035582, -0.413721337, 0, 2, 1, 1, 
274.836059, 42, 0.1, 0.1, 0.00242379809, 0.353687067, -0.0349686049, 0.958783126, -1.94038309e-005, 0.284138903, 0.284138903, -8.15711916e-006, -0.958783127, 2.09218205e-005, 1, -2.30752499e-006, 0.958783134, -1.59253014e-005, 0.284138879, 0.284138879, -1.05563104e-005, -0.958783134, 1.82683686e-005, 1, -5.59621503e-006, 0, 0, 0, 0, 0, 0, 0, 0.166706348, 0.150807544, 0.141217798, -0.674421409, 0.656854668, 0.336984961, -0.619750977, -0.751708984, 0.225097656, 0.401213845, -0.0571942159, 0.914228079, 0, 0, -0, 0, 0, 0, 0, 0.259339307, 0.158984082, 0.160875781, -0.142338448, 0.914212388, -0.379119285, 0.494018555, -0.266235352, -0.827514648, -0.857589077, -0.305035582, -0.413721337, 0, 2, 1, 1, 
274.83675, 42, 0.1, 0.1, 0.00242379819, 0.353687066, -0.0349690811, 0.958783131, 1.6286675e-005, 0.284138887, 0.284138887, -6.81922471e-007, -0.958783131, -1.54216286e-005, 1, -5.28149347e-006, 0.958783126, 1.35469913e-005, 0.284138906, 0.284138906, 1.43898556e-006, -0.958783126, -1.33974984e-005, 1, -2.4695522e-006, 0, 0, 0, 0, 0, 0, 0, 0.166706348, 0.150807544, 0.141217798, -0.674421409, 0.656854668, 0.336984961, -0.619750977, -0.751708984, 0.225097656, 0.401213845, -0.0571942159, 0.914228079, 0, 0, -0, 0, 0, 0, 0, 0.259339307, 0.158984082, 0.160875781, -0.142338448, 0.914212388, -0.379119285, 0.494018555, -0.266235352, -0.827514648, -0.857589077, -0.305035582, -0.413721337, 0, 2, 1, 1, 
274.837478, 42, 0.1, 0.1, 0.0024238018, 0.353687067, -0.0349695549, 0.958783138, -2.06056674e-005, 0.284138865, 0.284138865, -1.10339663e-005, -0.958783138, 2.28915451e-005, 1, -4.72430995e-006, 0.958783143, -2.13847733e-005, 0.284138847, 0.284138847, -1.99400697e-006, -0.958783143, 2.1069935e-005, 1, 4.16442457e-006, 0, 0, 0, 0, 0, 0, 0, 0.166706348, 0.150807544, 0.141217798, -0.674421409, 0.656854668, 0.336984961, -0.619750977, -0.751708984, 0.225097656, 0.401213845, -0.0571942159, 0.914228079, 0, 0, -0, 0, 0, 0, 0, 0.259339307, 0.158984082, 0.160875781, -0.142338448, 0.914212388, -0.379119285, 0.494018555, -0.266235352, -0.827514648, -0.857589077, -0.305035582, -0.413721337, 0, 2, 1, 1, 
274.838174, 42, 0.1, 0.1, 0.00242380147, 0.353687067, -0.0349698151, 0.958783097, 1.57392651e-005, 0.284139001, 0.284139001, 6.83242309e-006, -0.958783097, -1.70318992e-005, 1, 2.07867271e-006, 0.958783104, 1.22676387e-005, 0.28413898, 0.28413898, 8.88932859e-006, -0.958783104, -1.42878095e-005, 1, 5.03722371e-006, 0, 0, 0, 0, 0, 0, 0, 0.166706348, 0.150807544, 0.141217798, -0.674421409, 0.656854668, 0.336984961, -0.619750977, -0.751708984, 0.225097656, 0.401213845, -0.0571942159, 0.914228079, 0, 0, -0, 0, 0, 0, 0, 0.259339307, 0.158984082, 0.160875781, -0.142338448, 0.914212388, -0.379119285, 0.494018555, -0.266235352, -0.827514648, -0.857589077, -0.305035582, -0.413721337, 0, 2, 1, 1, 
274.838865, 42, 0.1, 0.1, 0.00242380269, 0.353687069, -0.0349700376, 0.958783103, -1.68431156e-005, 0.284138983, 0.284138983, 5.44715996e-007, -0.958783103, 1.59941196e-005, 1, 5.30805024e-006, 0.958783097, -1.47102163e-005, 0.284139002, 0.284139002, -1.63084775e-006, -0.958783097, 1.45672942e-005, 1, 2.61611691e-006, 0, 0, 0, 0, 0, 0, 0, 0.166706348, 0.150807544, 0.141217798, -0.674421409, 0.656854668, 0.336984961, -0.619750977, -0.751708984, 0.225097656, 0.401213845, -0.0571942159, 0.914228079, 0, 0, -0, 0, 0, 0, 0, 0.259339307, 0.158984082, 0.160875781, -0.142338448, 0.914212388, -0.379119285, 0.494018555, -0.266235352, -0.827514648, -0.857589077, -0.305035582, -0.413721337, 0, 2, 1, 1, 
274.839583, 42, 0.1, 0.1, 0.0024238, 0.353687069, -0.0349700354, 0.95878311, 2.02890276e-005, 0.284138957, 0.284138957, 1.13009005e-005, -0.958783111, -2.26638031e-005, 1, 5.07020938e-006, 0.958783116, 2.06307815e-005, 0.28413894, 0.28413894, 2.00935178e-006, -0.958783116, -2.03513801e-005, 1, -3.93547582e-006, 0, 0, 0, 0, 0, 0, 0, 0.166706348, 0.150807544, 0.141217798, -0.674421409, 0.656854668, 0.336984961, -0.619750977, -0.751708984, 0.225097656, 0.401213845, -0.0571942159, 0.914228079, 0, 0, -0, 0, 0, 0, 0, 0.259339307, 0.158984082, 0.160875781, -0.142338448, 0.914212388, -0.379119285, 0.494018555, -0.266235352, -0.827514648, -0.857589077, -0.305035582, -0.413721337, 0, 2, 1, 1, 
274.840322, 42, 0.1, 0.1, 0.00242380087, 0.353687069, -0.0349692551, 0.958783068, -1.54537164e-005, 0.2841391, 0.2841391, -6.76049625e-006, -0.958783068, 1.6737683e-005, 1, -2.09084426e-006, 0.958783074, -1.25356654e-005, 0.284139079, 0.284139078, -8.9927279e-006, -0.958783075, 1.45741692e-005, 1, -5.06020288e-006, 0, 0, 0, 0, 0, 0, 0, 0.166544629, 0.150245239, 0.140690015, -0.673310093, 0.65875379, 0.335423575, -0.619995117, -0.750244141, 0.229125977, 0.402768117, -0.0537872492, 0.913733827, 0, 0, -0, 0, 0, 0, 0, 0.259114111, 0.158456055, 0.160300635, -0.142140488, 0.913170813, -0.381642833, 0.492919922, -0.269042969, -0.827392578, -0.858304727, -0.305636027, -0.411899946, 0, 2, 1, 1, 
274.84101, 42, 0.1, 0.1, 0.00242379943, 0.353687068, -0.0349687081, 0.958783074, 2.04749387e-005, 0.284139081, 0.284139081, -1.69802352e-007, -0.958783074, -1.95827772e-005, 1, -5.98053389e-006, 0.958783068, 1.80105521e-005, 0.284139101, 0.284139101, 2.05098481e-006, -0.958783068, -1.78509773e-005, 1, -3.15105256e-006, 0, 0, 0, 0, 0, 0, 0, 0.166544629, 0.150245239, 0.140690015, -0.673310093, 0.65875379, 0.335423575, -0.619995117, -0.750244141, 0.229125977, 0.402768117, -0.0537872492, 0.913733827, 0, 0, -0, 0, 0, 0, 0, 0.259114111, 0.158456055, 0.160300635, -0.142140488, 0.913170813, -0.381642833, 0.492919922, -0.269042969, -0.827392578, -0.858304727, -0.305636027, -0.411899946, 0, 2, 1, 1, 
274.841704, 42, 0.1, 0.1, 0.00242380163, 0.353687068, -0.0349685488, 0.958783082, -1.80679681e-005, 0.284139054, 0.284139054, -1.08102051e-005, -0.958783082, 2.03948636e-005, 1, -5.23082639e-006, 0.958783086, -1.82274646e-005, 0.284139038, 0.284139038, -1.86728555e-006, -0.958783087, 1.80067535e-005, 1, 3.38881247e-006, 0, 0, 0, 0, 0, 0, 0, 0.166544629, 0.150245239, 0.140690015, -0.673310093, 0.65875379, 0.335423575, -0.619995117, -0.750244141, 0.229125977, 0.402768117, -0.0537872492, 0.913733827, 0, 0, -0, 0, 0, 0, 0, 0.259114111, 0.158456055, 0.160300635, -0.142140488, 0.913170813, -0.381642833, 0.492919922, -0.269042969, -0.827392578, -0.858304727, -0.305636027, -0.411899946, 0, 2, 1, 1, 
274.842462, 42, 0.1, 0.1, 0.00242379995, 0.353687068, -0.0349681838, 0.958783037, 1.95148209e-005, 0.284139204, 0.284139203, 9.92826651e-006, -0.958783037, -2.1531489e-005, 1, 3.97412785e-006, 0.958783044, 1.68623108e-005, 0.284139181, 0.284139181, 1.23966547e-005, -0.958783044, -1.9689673e-005, 1, 7.0944591e-006, 0, 0, 0, 0, 0, 0, 0, 0.166625073, 0.149914966, 0.139955957, -0.671862162, 0.660811671, 0.334204797, -0.620117187, -0.748657227, 0.233886719, 0.404887034, -0.0501582437, 0.913061719, 0, 0, -0, 0, 0, 0, 0, 0.259073584, 0.157923145, 0.159084814, -0.142204654, 0.911982316, -0.384383297, 0.489868164, -0.272460938, -0.82800293, -0.860029869, -0.306006428, -0.408014729, 0, 2, 1, 1, 
274.843162, 42, 0.1, 0.1, 0.0024238016, 0.353687069, -0.03496802, 0.958783045, -2.11538919e-005, 0.284139176, 0.284139176, 1.85206642e-006, -0.958783046, 1.97557483e-005, 1, 7.78637928e-006, 0.958783039, -1.79192261e-005, 0.284139198, 0.284139198, -2.42279509e-008, -0.958783039, 1.71875342e-005, 1, 5.06832519e-006, 0, 0, 0, 0, 0, 0, 0, 0.166625073, 0.149914966, 0.139955957, -0.671862162, 0.660811671, 0.334204797, -0.620117187, -0.748657227, 0.233886719, 0.404887034, -0.0501582437, 0.913061719, 0, 0, -0, 0, 0, 0, 0, 0.259073584, 0.157923145, 0.159084814, -0.142204654, 0.911982316, -0.384383297, 0.489868164, -0.272460938, -0.82800293, -0.860029869, -0.306006428, -0.408014729, 0, 2, 1, 1, 
274.843854, 42, 0.1, 0.1, 0.00242380071, 0.353687069, -0.0349683444, 0.958783055, 1.53631538e-005, 0.284139143, 0.284139143, 1.06462781e-005, -0.958783055, -1.77549559e-005, 1, 5.8421977e-006, 0.95878306, 1.58420319e-005, 0.284139129, 0.284139129, 1.99630977e-006, -0.95878306, -1.57563016e-005, 1, -2.58731316e-006, 0, 0, 0, 0, 0, 0, 0, 0.166625073, 0.149914966, 0.139955957, -0.671862162, 0.660811671, 0.334204797, -0.620117187, -0.748657227, 0.233886719, 0.404887034, -0.0501582437, 0.913061719, 0, 0, -0, 0, 0, 0, 0, 0.259073584, 0.157923145, 0.159084814, -0.142204654, 0.911982316, -0.384383297, 0.489868164, -0.272460938, -0.82800293, -0.860029869, -0.306006428, -0.408014729, 0, 2, 1, 1, 
274.844584, 42, 0.1, 0.1, 0.00242380369, 0.35368707, -0.0349689024, 0.958783017, -2.07022385e-005, 0.284139271, 0.284139271, -9.79061725e-006, -0.958783018, 2.26308535e-005, 1, -3.5047586e-006, 0.958783024, -1.77527602e-005, 0.28413925, 0.28413925, -1.18446171e-005, -0.958783024, 2.03865657e-005, 1, -6.31216182e-006, 0, 0, 0, 0, 0, 0, 0, 0.166625073, 0.149914966, 0.139955957, -0.671862162, 0.660811671, 0.334204797, -0.620117187, -0.748657227, 0.233886719, 0.404887034, -0.0501582437, 0.913061719, 0, 0, -0, 0, 0, 0, 0, 0.259073584, 0.157923145, 0.159084814, -0.142204654, 0.911982316, -0.384383297, 0.489868164, -0.272460938, -0.82800293, -0.860029869, -0.306006428, -0.408014729, 0, 2, 1, 1, 
274.845277, 42, 0.1, 0.1, 0.00242380357, 0.35368707, -0.0349693722, 0.958783027, 1.78734426e-005, 0.284139239, 0.284139239, -2.95676287e-006, -0.958783027, -1.6296621e-005, 1, -7.91344044e-006, 0.95878302, 1.4667204e-005, 0.284139261, 0.284139261, -9.03109598e-007, -0.95878302, -1.38060573e-005, 1, -5.03341466e-006, 0, 0, 0, 0, 0, 0, 0, 0.166625073, 0.149914966, 0.139955957, -0.671862162, 0.660811671, 0.334204797, -0.620117187, -0.748657227, 0.233886719, 0.404887034, -0.0501582437, 0.913061719, 0, 0, -0, 0, 0, 0, 0, 0.259073584, 0.157923145, 0.159084814, -0.142204654, 0.911982316, -0.384383297, 0.489868164, -0.272460938, -0.82800293, -0.860029869, -0.306006428, -0.408014729, 0, 2, 1, 1, 
274.845968, 42, 0.1, 0.1, 0.0024238055, 0.353687071, -0.0349699704, 0.958783038, -1.56420569e-005, 0.2841392, 0.2841392, -1.21964787e-005, -0.958783038, 1.84628365e-005, 1, -7.24925534e-006, 0.958783042, -1.6301156e-005, 0.284139189, 0.284139189, -3.86643082e-006, -0.958783042, 1.67278765e-005, 1, 9.24728936e-007, 0, 0, 0, 0, 0, 0, 0, 0.166625073, 0.149914966, 0.139955957, -0.671862162, 0.660811671, 0.334204797, -0.620117187, -0.748657227, 0.233886719, 0.404887034, -0.0501582437, 0.913061719, 0, 0, -0, 0, 0, 0, 0, 0.259073584, 0.157923145, 0.159084814, -0.142204654, 0.911982316, -0.384383297, 0.489868164, -0.272460938, -0.82800293, -0.860029869, -0.306006428, -0.408014729, 0, 2, 1, 1, 
274.846668, 42, 0.1, 0.1, 0.00242380381, 0.353687071, -0.0349704998, 0.958783005, 1.83312712e-005, 0.284139311, 0.284139311, 5.76197609e-006, -0.958783006, -1.92129152e-005, 1, 3.15849991e-007, 0.958783011, 1.51664233e-005, 0.284139293, 0.284139293, 7.66986718e-006, -0.958783011, -1.67206197e-005, 1, 3.04436156e-006, 0, 0, 0, 0, 0, 0, 0, 0.166625073, 0.149914966, 0.139955957, -0.671862162, 0.660811671, 0.334204797, -0.620117187, -0.748657227, 0.233886719, 0.404887034, -0.0501582437, 0.913061719, 0, 0, -0, 0, 0, 0, 0, 0.259073584, 0.157923145, 0.159084814, -0.142204654, 0.911982316, -0.384383297, 0.489868164, -0.272460938, -0.82800293, -0.860029869, -0.306006428, -0.408014729, 0, 2, 1, 1, 
274.847415, 42, 0.1, 0.1, 0.00242380506, 0.353687073, -0.0349701345, 0.958783019, -1.8721936e-005, 0.284139266, 0.284139266, -2.95109502e-007, -0.958783019, 1.80341265e-005, 1, 5.03669116e-006, 0.958783012, -1.64331085e-005, 0.284139291, 0.284139291, -2.78919542e-006, -0.958783012, 1.65483053e-005, 1, 1.99505861e-006, 0, 0, 0, 0, 0, 0, 0, 0.166405615, 0.149746045, 0.138976318, -0.671943416, 0.661550424, 0.332567027, -0.618408203, -0.748413086, 0.239624023, 0.407495334, -0.0447136136, 0.912085197, 0, 0, -0, 0, 0, 0, 0, 0.258992041, 0.157539746, 0.158003857, -0.143246229, 0.910244048, -0.388114297, 0.488647461, -0.275878906, -0.827636719, -0.860630314, -0.308153011, -0.405215562, 0, 2, 1, 1, 
274.848111, 42, 0.1, 0.1, 0.00242380322, 0.353687073, -0.0349695732, 0.958783036, 1.78053245e-005, 0.284139209, 0.284139208, 1.19982506e-005, -0.958783036, -2.04806165e-005, 1, 6.44452838e-006, 0.958783039, 1.81849506e-005, 0.284139199, 0.284139199, 2.98445233e-006, -0.958783039, -1.82834221e-005, 1, -2.30561501e-006, 0, 0, 0, 0, 0, 0, 0, 0.166405615, 0.149746045, 0.138976318, -0.671943416, 0.661550424, 0.332567027, -0.618408203, -0.748413086, 0.239624023, 0.407495334, -0.0447136136, 0.912085197, 0, 0, -0, 0, 0, 0, 0, 0.258992041, 0.157539746, 0.158003857, -0.143246229, 0.910244048, -0.388114297, 0.488647461, -0.275878906, -0.827636719, -0.860630314, -0.308153011, -0.405215562, 0, 2, 1, 1, 
274.8488, 42, 0.1, 0.1, 0.00242380465, 0.353687073, -0.0349691234, 0.958783006, -1.63959033e-005, 0.28413931, 0.28413931, -4.28163476e-006, -0.958783006, 1.69366942e-005, 1, 5.53561991e-007, 0.95878301, -1.33447207e-005, 0.284139294, 0.284139294, -6.70551604e-006, -0.958783011, 1.46999921e-005, 1, -2.63737534e-006, 0, 0, 0, 0, 0, 0, 0, 0.166405615, 0.149746045, 0.138976318, -0.671943416, 0.661550424, 0.332567027, -0.618408203, -0.748413086, 0.239624023, 0.407495334, -0.0447136136, 0.912085197, 0, 0, -0, 0, 0, 0, 0, 0.258992041, 0.157539746, 0.158003857, -0.143246229, 0.910244048, -0.388114297, 0.488647461, -0.275878906, -0.827636719, -0.860630314, -0.308153011, -0.405215562, 0, 2, 1, 1, 
274.849529, 42, 0.1, 0.1, 0.00242380229, 0.353687072, -0.0349686336, 0.958782984, 2.12468927e-005, 0.284139382, 0.284139382, 6.13954717e-006, -0.958782985, -2.21156463e-005, 1, -1.50585579e-007, 0.958782988, 1.89592342e-005, 0.284139369, 0.284139369, 8.02650049e-006, -0.958782989, -2.0458436e-005, 1, 2.30860728e-006, 0, 0, 0, 0, 0, 0, 0, 0.166405615, 0.149746045, 0.138976318, -0.671943416, 0.661550424, 0.332567027, -0.618408203, -0.748413086, 0.239624023, 0.407495334, -0.0447136136, 0.912085197, 0, 0, -0, 0, 0, 0, 0, 0.258992041, 0.157539746, 0.158003857, -0.143246229, 0.910244048, -0.388114297, 0.488647461, -0.275878906, -0.827636719, -0.860630314, -0.308153011, -0.405215562, 0, 2, 1, 1, 
274.850223, 42, 0.1, 0.1, 0.00242380336, 0.353687074, -0.034968333, 0.958782961, -1.68893041e-005, 0.284139462, 0.284139462, -1.14405803e-005, -0.958782961, 1.94438973e-005, 1, -6.17011567e-006, 0.958782964, -1.32230108e-005, 0.284139452, 0.284139452, -1.39610391e-005, -0.958782964, 1.66448795e-005, 1, -9.62842743e-006, 0, 0, 0, 0, 0, 0, 0, 0.166405615, 0.149746045, 0.138976318, -0.671943416, 0.661550424, 0.332567027, -0.618408203, -0.748413086, 0.239624023, 0.407495334, -0.0447136136, 0.912085197, 0, 0, -0, 0, 0, 0, 0, 0.258992041, 0.157539746, 0.158003857, -0.143246229, 0.910244048, -0.388114297, 0.488647461, -0.275878906, -0.827636719, -0.860630314, -0.308153011, -0.405215562, 0, 2, 1, 1, 
274.850916, 42, 0.1, 0.1, 0.00242380269, 0.353687074, -0.0349684818, 0.958782984, 1.79458189e-005, 0.284139383, 0.284139383, -2.30132077e-006, -0.958782984, -1.655225e-005, 1, -7.30558111e-006, 0.958782975, 1.55502886e-005, 0.284139413, 0.284139414, -5.98041097e-007, -0.958782975, -1.4739425e-005, 1, -4.99184152e-006, 0, 0, 0, 0, 0, 0, 0, 0.166405615, 0.149746045, 0.138976318, -0.671943416, 0.661550424, 0.332567027, -0.618408203, -0.748413086, 0.239624023, 0.407495334, -0.0447136136, 0.912085197, 0, 0, -0, 0, 0, 0, 0, 0.258992041, 0.157539746, 0.158003857, -0.143246229, 0.910244048, -0.388114297, 0.488647461, -0.275878906, -0.827636719, -0.860630314, -0.308153011, -0.405215562, 0, 2, 1, 1, 
274.85163, 42, 0.1, 0.1, 0.0024238059, 0.353687075, -0.0349689642, 0.958783006, -2.0570115e-005, 0.284139311, 0.28413931, -1.09399245e-005, -0.958783006, 2.28307393e-005, 1, -4.64423545e-006, 0.958783008, -2.08276485e-005, 0.284139303, 0.284139303, -2.11817924e-006, -0.958783008, 2.05710534e-005, 1, 3.88707925e-006, 0, 0, 0, 0, 0, 0, 0, 0.166405615, 0.149746045, 0.138976318, -0.671943416, 0.661550424, 0.332567027, -0.618408203, -0.748413086, 0.239624023, 0.407495334, -0.0447136136, 0.912085197, 0, 0, -0, 0, 0, 0, 0, 0.258992041, 0.157539746, 0.158003857, -0.143246229, 0.910244048, -0.388114297, 0.488647461, -0.275878906, -0.827636719, -0.860630314, -0.308153011, -0.405215562, 0, 2, 1, 1, 
