time, trialNum, realDorsalTactorPos, realVentralTactorPos, boxPosX, boxPosY, boxPosZ, boxLocalRot_11, boxLocalRot_12, boxLocalRot_13, boxLocalRot_21, boxLocalRot_22, boxLocalRot_23, boxLocalRot_31, boxLocalRot_32, boxLocalRot_33, boxGlobalRot_11, boxGlobalRot_12, boxGlobalRot_13, boxGlobalRot_21, boxGlobalRot_22, boxGlobalRot_23, boxGlobalRot_31, boxGlobalRot_32, boxGlobalRot_33, indexForceX, indexForceY, indexForceZ, indexForceGlobalX, indexForceGlobalY, indexForceGlobalZ, indexContact, indexPosX, indexPosY, indexPosZ, indexRot_11, indexRot_12, indexRot_13, indexRot_21, indexRot_22, indexRot_23, indexRot_31, indexRot_32, indexRot_33, thumbForceX, thumbForceY, thumbForceZ, thumbForceGlobalX, thumbForceGlobalY, thumbForceGlobalZ, thumbContact, thumbPosX, thumbPosY, thumbPosZ, thumbRot_11, thumbRot_12, thumbRot_13, thumbRot_21, thumbRot_22, thumbRot_23, thumbRot_31, thumbRot_32, thumbRot_33, manipForceTooHigh, cceExpType, mapping, trialSuccess, 
292.967669, 46, 0.1, 0.1, 0.026877794, 0.329520661, -0.0349763172, 0.974495656, 0.224406366, -5.73932625e-006, 0.224406366, -0.974495656, 2.2046803e-006, -5.09820421e-006, -3.43639272e-006, -1, 0.974495638, 0.224406441, -5.61355784e-009, 0.224406441, -0.974495638, 1.64577944e-006, 3.63853119e-007, -1.60506461e-006, -1, 0, 0, 0, 0, 0, 0, 0, 0.170916992, 0.158720459, 0.140404663, -0.617820575, 0.720240601, 0.315323999, -0.717895508, -0.680175781, 0.147460937, 0.320813015, -0.135332717, 0.937433548, 0, 0, -0, 0, 0, 0, 0, 0.26200918, 0.152481543, 0.146024561, -0.0686156656, 0.864494305, -0.497628994, 0.359008789, -0.443969727, -0.820800781, -0.930727946, -0.234897139, -0.279990642, 0, 2, 1, 1, 
292.980886, 46, 0.1, 0.1, 0.0268778004, 0.329520642, -0.0349795259, 0.974494825, 0.224409974, 8.97109168e-006, 0.224409974, -0.974494825, 1.54982472e-005, 1.22202437e-005, -1.30897592e-005, -1, 0.974494844, 0.224409892, 1.53501423e-005, 0.224409892, -0.974494844, -1.83736792e-006, 1.45463109e-005, 5.23522933e-006, -1, 0, 0, 0, 0, 0, 0, 0, 0.171887842, 0.15858689, 0.13476792, -0.615970124, 0.733302676, 0.28768298, -0.721923828, -0.671508789, 0.166503906, 0.315329072, -0.105144052, 0.943170967, 0, 0, -0, 0, 0, 0, 0, 0.26302085, 0.152000098, 0.141469531, -0.0596323139, 0.856169368, -0.513027307, 0.357177734, -0.461547852, -0.811889648, -0.93211587, -0.231598873, -0.278295017, 0, 2, 1, 1, 
292.98158, 46, 0.1, 0.1, 0.0268777964, 0.329520654, -0.0349786387, 0.974494698, 0.224410524, -1.45425338e-005, 0.224410524, -0.974494697, 3.33581921e-005, -6.68569269e-006, -3.57708789e-005, -0.999999999, 0.974494724, 0.224410413, -1.77465433e-005, 0.224410413, -0.974494723, 3.74544847e-005, -8.88873637e-006, -4.04817069e-005, -0.999999999, 0, 0, 0, 0, 0, 0, 0, 0.171887842, 0.15858689, 0.13476792, -0.615970124, 0.733302676, 0.28768298, -0.721923828, -0.671508789, 0.166503906, 0.315329072, -0.105144052, 0.943170967, 0, 0, -0, 0, 0, 0, 0, 0.26302085, 0.152000098, 0.141469531, -0.0596323139, 0.856169368, -0.513027307, 0.357177734, -0.461547852, -0.811889648, -0.93211587, -0.231598873, -0.278295017, 0, 2, 1, 1, 
292.982302, 46, 0.1, 0.1, 0.0268777998, 0.329520655, -0.0349749579, 0.974494593, 0.22441098, 1.52019908e-005, 0.22441098, -0.974494593, -2.16931398e-005, 9.94607904e-006, 2.45513411e-005, -1, 0.974494607, 0.22441092, 1.7707934e-005, 0.224410921, -0.974494607, -1.43049774e-005, 1.4046093e-005, 1.79139771e-005, -1, 0, 0, 0, 0, 0, 0, 0, 0.172208008, 0.158136035, 0.133349951, -0.614085228, 0.737158207, 0.281736984, -0.723388672, -0.668457031, 0.172485352, 0.315524901, -0.0979684161, 0.943865536, 0, 0, -0, 0, 0, 0, 0, 0.263449658, 0.151384912, 0.140236719, -0.0563993134, 0.853211253, -0.518375174, 0.356323242, -0.467773438, -0.80871582, -0.932512524, -0.230314128, -0.277629673, 0, 2, 1, 1, 
292.982993, 46, 0.1, 0.1, 0.0268777965, 0.32952065, -0.0349699947, 0.974494566, 0.224411095, -1.69999843e-005, 0.224411095, -0.974494567, 5.56495397e-006, -1.5317555e-005, -9.23800251e-006, -1, 0.974494565, 0.224411099, -1.93682023e-005, 0.224411099, -0.974494566, -3.26901754e-006, -1.96078117e-005, -1.16079973e-006, -1, 0, 0, 0, 0, 0, 0, 0, 0.172208008, 0.158136035, 0.133349951, -0.614085228, 0.737158207, 0.281736984, -0.723388672, -0.668457031, 0.172485352, 0.315524901, -0.0979684161, 0.943865536, 0, 0, -0, 0, 0, 0, 0, 0.263449658, 0.151384912, 0.140236719, -0.0563993134, 0.853211253, -0.518375174, 0.356323242, -0.467773438, -0.80871582, -0.932512524, -0.230314128, -0.277629673, 0, 2, 1, 1, 
292.983687, 46, 0.1, 0.1, 0.0268778002, 0.329520652, -0.034965304, 0.974494606, 0.224410924, 1.49228381e-005, 0.224410924, -0.974494606, 2.06820438e-006, 1.50063529e-005, 1.33339388e-006, -1, 0.974494596, 0.224410967, 2.02605768e-005, 0.224410967, -0.974494596, 1.57983325e-007, 1.97792758e-005, 4.39274174e-006, -1, 0, 0, 0, 0, 0, 0, 0, 0.172208008, 0.158136035, 0.133349951, -0.614085228, 0.737158207, 0.281736984, -0.723388672, -0.668457031, 0.172485352, 0.315524901, -0.0979684161, 0.943865536, 0, 0, -0, 0, 0, 0, 0, 0.263449658, 0.151384912, 0.140236719, -0.0563993134, 0.853211253, -0.518375174, 0.356323242, -0.467773438, -0.80871582, -0.932512524, -0.230314128, -0.277629673, 0, 2, 1, 1, 
292.984377, 46, 0.1, 0.1, 0.0268777951, 0.329520652, -0.0349622931, 0.974494623, 0.224410852, -1.68485623e-005, 0.224410852, -0.974494623, -1.22885658e-005, -1.91765209e-005, 8.19414108e-006, -1, 0.974494624, 0.224410843, -2.25729326e-005, 0.224410843, -0.974494625, -9.96493976e-006, -2.4233442e-005, 4.6451694e-006, -1, 0, 0, 0, 0, 0, 0, 0, 0.172208008, 0.158136035, 0.133349951, -0.614085228, 0.737158207, 0.281736984, -0.723388672, -0.668457031, 0.172485352, 0.315524901, -0.0979684161, 0.943865536, 0, 0, -0, 0, 0, 0, 0, 0.263449658, 0.151384912, 0.140236719, -0.0563993134, 0.853211253, -0.518375174, 0.356323242, -0.467773438, -0.80871582, -0.932512524, -0.230314128, -0.277629673, 0, 2, 1, 1, 
292.985068, 46, 0.1, 0.1, 0.0268777998, 0.329520654, -0.0349616785, 0.974494606, 0.224410924, 2.11446487e-005, 0.224410924, -0.974494606, -1.38150333e-006, 2.02953216e-005, 6.09135769e-006, -1, 0.974494607, 0.22441092, 2.30628428e-005, 0.22441092, -0.974494607, 9.44274298e-006, 2.45936706e-005, -4.02634833e-006, -1, 0, 0, 0, 0, 0, 0, 0, 0.172208008, 0.158136035, 0.133349951, -0.614085228, 0.737158207, 0.281736984, -0.723388672, -0.668457031, 0.172485352, 0.315524901, -0.0979684161, 0.943865536, 0, 0, -0, 0, 0, 0, 0, 0.263449658, 0.151384912, 0.140236719, -0.0563993134, 0.853211253, -0.518375174, 0.356323242, -0.467773438, -0.80871582, -0.932512524, -0.230314128, -0.277629673, 0, 2, 1, 1, 
292.985762, 46, 0.1, 0.1, 0.0268777961, 0.329520653, -0.0349634727, 0.974494642, 0.224410768, -1.73237824e-005, 0.224410768, -0.974494642, 1.17447176e-006, -1.6618369e-005, -5.03215976e-006, -1, 0.974494632, 0.224410808, -2.21458368e-005, 0.224410809, -0.974494633, 3.15131326e-006, -2.08738103e-005, -8.040703e-006, -1, 0, 0, 0, 0, 0, 0, 0, 0.172208008, 0.158136035, 0.133349951, -0.614085228, 0.737158207, 0.281736984, -0.723388672, -0.668457031, 0.172485352, 0.315524901, -0.0979684161, 0.943865536, 0, 0, -0, 0, 0, 0, 0, 0.263449658, 0.151384912, 0.140236719, -0.0563993134, 0.853211253, -0.518375174, 0.356323242, -0.467773438, -0.80871582, -0.932512524, -0.230314128, -0.277629673, 0, 2, 1, 1, 
292.986466, 46, 0.1, 0.1, 0.0268778008, 0.329520655, -0.0349670333, 0.974494656, 0.224410706, 1.70104321e-005, 0.224410705, -0.974494656, 1.32814102e-005, 1.95570658e-005, -9.12534022e-006, -1, 0.974494658, 0.224410696, 2.12443619e-005, 0.224410696, -0.974494658, 1.09750944e-005, 2.31654458e-005, -5.92770879e-006, -1, 0, 0, 0, 0, 0, 0, 0, 0.172208008, 0.158136035, 0.133349951, -0.614085228, 0.737158207, 0.281736984, -0.723388672, -0.668457031, 0.172485352, 0.315524901, -0.0979684161, 0.943865536, 0, 0, -0, 0, 0, 0, 0, 0.263449658, 0.151384912, 0.140236719, -0.0563993134, 0.853211253, -0.518375174, 0.356323242, -0.467773438, -0.80871582, -0.932512524, -0.230314128, -0.277629673, 0, 2, 1, 1, 
292.987185, 46, 0.1, 0.1, 0.0268777979, 0.329520654, -0.0349709297, 0.97449464, 0.224410774, -1.52607626e-005, 0.224410774, -0.974494641, 2.1989245e-006, -1.4378069e-005, -5.56751969e-006, -1, 0.974494641, 0.22441077, -1.63374704e-005, 0.22441077, -0.974494642, -5.76941943e-006, -1.72154972e-005, 1.95596402e-006, -1, 0, 0, 0, 0, 0, 0, 0, 0.1725875, 0.157693237, 0.131339648, -0.611221567, 0.741128315, 0.277364356, -0.724365234, -0.665039063, 0.181274414, 0.3187791, -0.0900693759, 0.943569357, 0, 0, -0, 0, 0, 0, 0, 0.263570264, 0.150754834, 0.138594775, -0.0541823683, 0.849997576, -0.523818557, 0.353637695, -0.474243164, -0.806152344, -0.933752426, -0.228933502, -0.274887742, 0, 2, 1, 1, 
292.987879, 46, 0.1, 0.1, 0.0268778006, 0.329520655, -0.0349739697, 0.974494664, 0.224410671, 1.22135491e-005, 0.224410671, -0.974494664, -1.11835831e-007, 1.18769413e-005, 2.84983416e-006, -1, 0.974494658, 0.224410699, 1.56622379e-005, 0.224410699, -0.974494658, -1.39386809e-006, 1.49499683e-005, 4.87309077e-006, -1, 0, 0, 0, 0, 0, 0, 0, 0.1725875, 0.157693237, 0.131339648, -0.611221567, 0.741128315, 0.277364356, -0.724365234, -0.665039063, 0.181274414, 0.3187791, -0.0900693759, 0.943569357, 0, 0, -0, 0, 0, 0, 0, 0.263570264, 0.150754834, 0.138594775, -0.0541823683, 0.849997576, -0.523818557, 0.353637695, -0.474243164, -0.806152344, -0.933752426, -0.228933502, -0.274887742, 0, 2, 1, 1, 
292.988576, 46, 0.1, 0.1, 0.0268777974, 0.329520655, -0.0349755661, 0.974494673, 0.224410631, -1.18772955e-005, 0.224410631, -0.974494673, -9.38633592e-006, -1.36807548e-005, 6.48154297e-006, -1, 0.974494675, 0.224410624, -1.50696515e-005, 0.224410623, -0.974494675, -7.79106957e-006, -1.64336939e-005, 4.21056593e-006, -1, 0, 0, 0, 0, 0, 0, 0, 0.1725875, 0.157693237, 0.131339648, -0.611221567, 0.741128315, 0.277364356, -0.724365234, -0.665039063, 0.181274414, 0.3187791, -0.0900693759, 0.943569357, 0, 0, -0, 0, 0, 0, 0, 0.263570264, 0.150754834, 0.138594775, -0.0541823683, 0.849997576, -0.523818557, 0.353637695, -0.474243164, -0.806152344, -0.933752426, -0.228933502, -0.274887742, 0, 2, 1, 1, 
292.989282, 46, 0.1, 0.1, 0.0268777998, 0.329520655, -0.0349752572, 0.974494661, 0.224410684, 1.11236757e-005, 0.224410685, -0.974494661, -3.16670631e-006, 1.01293199e-005, 5.58221008e-006, -1, 0.974494662, 0.224410681, 1.25484125e-005, 0.224410681, -0.974494662, 3.88593163e-006, 1.31004056e-005, -9.70821837e-007, -1, 0, 0, 0, 0, 0, 0, 0, 0.172784985, 0.157392871, 0.129629956, -0.611722933, 0.743442679, 0.270073023, -0.723999023, -0.663696289, 0.1875, 0.318734916, -0.0809193562, 0.944353415, 0, 0, -0, 0, 0, 0, 0, 0.263570264, 0.150754834, 0.138594775, -0.0541823683, 0.849997576, -0.523818557, 0.353637695, -0.474243164, -0.806152344, -0.933752426, -0.228933502, -0.274887742, 0, 2, 1, 1, 
292.989993, 46, 0.1, 0.1, 0.0268777963, 0.329520654, -0.0349730226, 0.974494685, 0.22441058, -1.3467906e-005, 0.22441058, -0.974494685, -9.17269893e-007, -1.33302479e-005, -2.12846596e-006, -1, 0.974494679, 0.224410608, -1.78775052e-005, 0.224410608, -0.974494679, 4.96510954e-007, -1.73101113e-005, -4.49574908e-006, -1, 0, 0, 0, 0, 0, 0, 0, 0.172784985, 0.157392871, 0.129629956, -0.611722933, 0.743442679, 0.270073023, -0.723999023, -0.663696289, 0.1875, 0.318734916, -0.0809193562, 0.944353415, 0, 0, -0, 0, 0, 0, 0, 0.264038232, 0.150448926, 0.136854687, -0.0537926439, 0.845863358, -0.530546317, 0.353027344, -0.480834961, -0.802490234, -0.93395695, -0.23047271, -0.272771776, 0, 2, 1, 1, 
292.990688, 46, 0.1, 0.1, 0.0268778001, 0.329520655, -0.0349700335, 0.974494692, 0.22441055, 1.28476108e-005, 0.22441055, -0.974494692, 1.06856962e-005, 1.49179115e-005, -7.53001486e-006, -1, 0.974494695, 0.224410538, 1.71737024e-005, 0.224410538, -0.974494695, 8.91713039e-006, 1.87367799e-005, -4.83573647e-006, -1, 0, 0, 0, 0, 0, 0, 0, 0.172784985, 0.157392871, 0.129629956, -0.611722933, 0.743442679, 0.270073023, -0.723999023, -0.663696289, 0.1875, 0.318734916, -0.0809193562, 0.944353415, 0, 0, -0, 0, 0, 0, 0, 0.264038232, 0.150448926, 0.136854687, -0.0537926439, 0.845863358, -0.530546317, 0.353027344, -0.480834961, -0.802490234, -0.93395695, -0.23047271, -0.272771776, 0, 2, 1, 1, 
292.991381, 46, 0.1, 0.1, 0.0268777965, 0.329520655, -0.0349671697, 0.974494673, 0.224410631, -1.59429712e-005, 0.224410631, -0.974494674, 2.63973473e-006, -1.4943956e-005, -6.15017965e-006, -1, 0.974494675, 0.224410623, -1.82018626e-005, 0.224410623, -0.974494675, -6.85265858e-006, -1.92754276e-005, 2.59318797e-006, -1, 0, 0, 0, 0, 0, 0, 0, 0.172784985, 0.157392871, 0.129629956, -0.611722933, 0.743442679, 0.270073023, -0.723999023, -0.663696289, 0.1875, 0.318734916, -0.0809193562, 0.944353415, 0, 0, -0, 0, 0, 0, 0, 0.264038232, 0.150448926, 0.136854687, -0.0537926439, 0.845863358, -0.530546317, 0.353027344, -0.480834961, -0.802490234, -0.93395695, -0.23047271, -0.272771776, 0, 2, 1, 1, 
292.992076, 46, 0.1, 0.1, 0.026877801, 0.329520656, -0.0349652678, 0.974494701, 0.224410511, 1.77767937e-005, 0.224410511, -0.974494701, -2.32246123e-007, 1.72712728e-005, 4.21562199e-006, -1, 0.974494693, 0.224410545, 2.28996566e-005, 0.224410545, -0.974494693, -2.16715898e-006, 2.18292605e-005, 7.25080934e-006, -1, 0, 0, 0, 0, 0, 0, 0, 0.172784985, 0.157392871, 0.129629956, -0.611722933, 0.743442679, 0.270073023, -0.723999023, -0.663696289, 0.1875, 0.318734916, -0.0809193562, 0.944353415, 0, 0, -0, 0, 0, 0, 0, 0.264038232, 0.150448926, 0.136854687, -0.0537926439, 0.845863358, -0.530546317, 0.353027344, -0.480834961, -0.802490234, -0.93395695, -0.23047271, -0.272771776, 0, 2, 1, 1, 
292.99277, 46, 0.1, 0.1, 0.0268777967, 0.329520655, -0.0349647829, 0.974494707, 0.224410483, -1.58194303e-005, 0.224410483, -0.974494708, -1.30617618e-005, -1.83471474e-005, 9.17857171e-006, -1, 0.974494711, 0.224410467, -2.05344279e-005, 0.224410467, -0.974494711, -1.09176481e-005, -2.24607259e-005, 6.0310498e-006, -1, 0, 0, 0, 0, 0, 0, 0, 0.172784985, 0.157392871, 0.129629956, -0.611722933, 0.743442679, 0.270073023, -0.723999023, -0.663696289, 0.1875, 0.318734916, -0.0809193562, 0.944353415, 0, 0, -0, 0, 0, 0, 0, 0.264038232, 0.150448926, 0.136854687, -0.0537926439, 0.845863358, -0.530546317, 0.353027344, -0.480834961, -0.802490234, -0.93395695, -0.23047271, -0.272771776, 0, 2, 1, 1, 
292.993462, 46, 0.1, 0.1, 0.0268778006, 0.329520656, -0.034965817, 0.974494684, 0.224410583, 1.7729965e-005, 0.224410583, -0.974494685, -2.4374226e-006, 1.67307732e-005, 6.35404715e-006, -1, 0.974494687, 0.224410573, 1.94565812e-005, 0.224410572, -0.974494687, 7.13960742e-006, 2.05625384e-005, -2.59124697e-006, -1, 0, 0, 0, 0, 0, 0, 0, 0.172784985, 0.157392871, 0.129629956, -0.611722933, 0.743442679, 0.270073023, -0.723999023, -0.663696289, 0.1875, 0.318734916, -0.0809193562, 0.944353415, 0, 0, -0, 0, 0, 0, 0, 0.264038232, 0.150448926, 0.136854687, -0.0537926439, 0.845863358, -0.530546317, 0.353027344, -0.480834961, -0.802490234, -0.93395695, -0.23047271, -0.272771776, 0, 2, 1, 1, 
292.994182, 46, 0.1, 0.1, 0.0268777968, 0.329520655, -0.0349679133, 0.97449471, 0.224410474, -1.59297743e-005, 0.224410474, -0.97449471, 4.90605286e-007, -1.54133838e-005, -4.05290045e-006, -1, 0.974494702, 0.224410507, -2.05883733e-005, 0.224410507, -0.974494702, 2.26006179e-006, -1.95560791e-005, -6.82266552e-006, -1, 0, 0, 0, 0, 0, 0, 0, 0.173304712, 0.156726709, 0.127901953, -0.610276124, 0.747343516, 0.262419987, -0.725341797, -0.66027832, 0.194091797, 0.318505764, -0.0718970172, 0.945194761, 0, 0, -0, 0, 0, 0, 0, 0.264038232, 0.150448926, 0.136854687, -0.052757632, 0.841179735, -0.538040767, 0.352050781, -0.48840332, -0.798339844, -0.934461879, -0.231455949, -0.270368164, 0, 2, 1, 1, 
292.994874, 46, 0.1, 0.1, 0.0268778006, 0.329520656, -0.0349701002, 0.974494716, 0.224410445, 1.40752764e-005, 0.224410445, -0.974494716, 1.1677344e-005, 1.63368004e-005, -8.22087098e-006, -1, 0.974494719, 0.224410432, 1.78308483e-005, 0.224410432, -0.974494719, 9.66884681e-006, 1.95458576e-005, -5.42081179e-006, -1, 0, 0, 0, 0, 0, 0, 0, 0.173304712, 0.156726709, 0.127901953, -0.610276124, 0.747343516, 0.262419987, -0.725341797, -0.66027832, 0.194091797, 0.318505764, -0.0718970172, 0.945194761, 0, 0, -0, 0, 0, 0, 0, 0.264319336, 0.149895117, 0.135069922, -0.052757632, 0.841179735, -0.538040767, 0.352050781, -0.48840332, -0.798339844, -0.934461879, -0.231455949, -0.270368164, 0, 2, 1, 1, 
292.995567, 46, 0.1, 0.1, 0.0268777978, 0.329520656, -0.034972078, 0.974494697, 0.224410527, -1.41049679e-005, 0.224410527, -0.974494697, 3.13937658e-006, -1.30407073e-005, -6.22460911e-006, -1, 0.974494699, 0.224410519, -1.53578974e-005, 0.224410519, -0.974494699, -4.68827855e-006, -1.60182886e-005, 1.12222887e-006, -1, 0, 0, 0, 0, 0, 0, 0, 0.173304712, 0.156726709, 0.127901953, -0.610276124, 0.747343516, 0.262419987, -0.725341797, -0.66027832, 0.194091797, 0.318505764, -0.0718970172, 0.945194761, 0, 0, -0, 0, 0, 0, 0, 0.264319336, 0.149895117, 0.135069922, -0.052757632, 0.841179735, -0.538040767, 0.352050781, -0.48840332, -0.798339844, -0.934461879, -0.231455949, -0.270368164, 0, 2, 1, 1, 
292.996261, 46, 0.1, 0.1, 0.0268778008, 0.329520658, -0.0349732572, 0.974494717, 0.224410442, 1.25113042e-005, 0.224410442, -0.974494717, 8.89722059e-007, 1.23918628e-005, 1.94063785e-006, -1, 0.974494711, 0.224410467, 1.63171674e-005, 0.224410467, -0.974494711, -5.16283579e-007, 1.57851339e-005, 4.16485877e-006, -1, 0, 0, 0, 0, 0, 0, 0, 0.173304712, 0.156726709, 0.127901953, -0.610276124, 0.747343516, 0.262419987, -0.725341797, -0.66027832, 0.194091797, 0.318505764, -0.0718970172, 0.945194761, 0, 0, -0, 0, 0, 0, 0, 0.264319336, 0.149895117, 0.135069922, -0.052757632, 0.841179735, -0.538040767, 0.352050781, -0.48840332, -0.798339844, -0.934461879, -0.231455949, -0.270368164, 0, 2, 1, 1, 
292.996954, 46, 0.1, 0.1, 0.0268777973, 0.329520657, -0.0349733294, 0.974494722, 0.224410421, -1.21882721e-005, 0.224410421, -0.974494722, -9.08349648e-006, -1.39158381e-005, 6.11664411e-006, -1, 0.974494725, 0.224410409, -1.5908595e-005, 0.224410409, -0.974494725, -7.37235296e-006, -1.71572747e-005, 3.61426476e-006, -1, 0, 0, 0, 0, 0, 0, 0, 0.173304712, 0.156726709, 0.127901953, -0.610276124, 0.747343516, 0.262419987, -0.725341797, -0.66027832, 0.194091797, 0.318505764, -0.0718970172, 0.945194761, 0, 0, -0, 0, 0, 0, 0, 0.264319336, 0.149895117, 0.135069922, -0.052757632, 0.841179735, -0.538040767, 0.352050781, -0.48840332, -0.798339844, -0.934461879, -0.231455949, -0.270368164, 0, 2, 1, 1, 
292.997643, 46, 0.1, 0.1, 0.0268778003, 0.329520658, -0.0349724127, 0.974494704, 0.224410498, 1.33224711e-005, 0.224410498, -0.974494704, -2.12413149e-006, 1.25060002e-005, 5.05965728e-006, -1, 0.974494706, 0.22441049, 1.49389949e-005, 0.22441049, -0.974494706, 5.77819175e-006, 1.58546583e-005, -2.2783501e-006, -1, 0, 0, 0, 0, 0, 0, 0, 0.173304712, 0.156726709, 0.127901953, -0.610276124, 0.747343516, 0.262419987, -0.725341797, -0.66027832, 0.194091797, 0.318505764, -0.0718970172, 0.945194761, 0, 0, -0, 0, 0, 0, 0, 0.264319336, 0.149895117, 0.135069922, -0.052757632, 0.841179735, -0.538040767, 0.352050781, -0.48840332, -0.798339844, -0.934461879, -0.231455949, -0.270368164, 0, 2, 1, 1, 
292.998334, 46, 0.1, 0.1, 0.0268777969, 0.329520658, -0.0349708379, 0.974494725, 0.224410407, -1.37500496e-005, 0.224410407, -0.974494725, 8.32972685e-008, -1.33806581e-005, -3.16682699e-006, -1, 0.974494719, 0.224410434, -1.81971019e-005, 0.224410434, -0.974494719, 1.75201712e-006, -1.73398088e-005, -5.79095095e-006, -1, 0, 0, 0, 0, 0, 0, 0, 0.173304712, 0.156726709, 0.127901953, -0.610276124, 0.747343516, 0.262419987, -0.725341797, -0.66027832, 0.194091797, 0.318505764, -0.0718970172, 0.945194761, 0, 0, -0, 0, 0, 0, 0, 0.264319336, 0.149895117, 0.135069922, -0.052757632, 0.841179735, -0.538040767, 0.352050781, -0.48840332, -0.798339844, -0.934461879, -0.231455949, -0.270368164, 0, 2, 1, 1, 
292.999053, 46, 0.1, 0.1, 0.0268778013, 0.329520659, -0.0349688626, 0.974494727, 0.224410398, 1.38212149e-005, 0.224410398, -0.974494727, 1.18152197e-005, 1.61201592e-005, -8.41224498e-006, -1, 0.974494731, 0.224410379, 1.88085725e-005, 0.224410379, -0.974494731, 9.9284047e-006, 2.05568919e-005, -5.45433917e-006, -1, 0, 0, 0, 0, 0, 0, 0, 0.173913428, 0.156084839, 0.124930933, -0.607361166, 0.751657352, 0.256746205, -0.725830078, -0.656494141, 0.205078125, 0.322864166, -0.0618277634, 0.944486704, 0, 0, -0, 0, 0, 0, 0, 0.264319336, 0.149895117, 0.135069922, -0.052872837, 0.836106387, -0.545828693, 0.348632813, -0.496704102, -0.794677734, -0.935701415, -0.232234665, -0.265172315, 0, 2, 1, 1, 
292.999748, 46, 0.1, 0.1, 0.0268777976, 0.329520658, -0.0349671261, 0.974494703, 0.224410504, -1.69583557e-005, 0.224410504, -0.974494703, 2.245271e-006, -1.60219654e-005, -5.99363783e-006, -1, 0.974494705, 0.224410492, -1.89296644e-005, 0.224410491, -0.974494706, -7.0178389e-006, -2.00217344e-005, 2.59083157e-006, -1, 0, 0, 0, 0, 0, 0, 0, 0.173913428, 0.156084839, 0.124930933, -0.607361166, 0.751657352, 0.256746205, -0.725830078, -0.656494141, 0.205078125, 0.322864166, -0.0618277634, 0.944486704, 0, 0, -0, 0, 0, 0, 0, 0.264732129, 0.149319824, 0.132654736, -0.052872837, 0.836106387, -0.545828693, 0.348632813, -0.496704102, -0.794677734, -0.935701415, -0.232234665, -0.265172315, 0, 2, 1, 1, 
293.00044, 46, 0.1, 0.1, 0.0268778014, 0.329520659, -0.0349663128, 0.974494725, 0.224410408, 1.60648582e-005, 0.224410408, -0.974494725, -1.08093858e-006, 1.54125457e-005, 4.65849034e-006, -1, 0.974494718, 0.224410437, 2.09170014e-005, 0.224410437, -0.974494718, -2.84373693e-006, 1.97453431e-005, 7.46520004e-006, -1, 0, 0, 0, 0, 0, 0, 0, 0.173913428, 0.156084839, 0.124930933, -0.607361166, 0.751657352, 0.256746205, -0.725830078, -0.656494141, 0.205078125, 0.322864166, -0.0618277634, 0.944486704, 0, 0, -0, 0, 0, 0, 0, 0.264732129, 0.149319824, 0.132654736, -0.052872837, 0.836106387, -0.545828693, 0.348632813, -0.496704102, -0.794677734, -0.935701415, -0.232234665, -0.265172315, 0, 2, 1, 1, 
293.001134, 46, 0.1, 0.1, 0.026877797, 0.329520658, -0.0349665582, 0.974494727, 0.224410396, -1.60897541e-005, 0.224410396, -0.974494728, -1.35126471e-005, -1.87117591e-005, 9.55729528e-006, -1, 0.974494732, 0.224410378, -2.05479209e-005, 0.224410378, -0.974494732, -1.14325151e-005, -2.25894157e-005, 6.529759e-006, -1, 0, 0, 0, 0, 0, 0, 0, 0.173913428, 0.156084839, 0.124930933, -0.607361166, 0.751657352, 0.256746205, -0.725830078, -0.656494141, 0.205078125, 0.322864166, -0.0618277634, 0.944486704, 0, 0, -0, 0, 0, 0, 0, 0.264732129, 0.149319824, 0.132654736, -0.052872837, 0.836106387, -0.545828693, 0.348632813, -0.496704102, -0.794677734, -0.935701415, -0.232234665, -0.265172315, 0, 2, 1, 1, 
293.001841, 46, 0.1, 0.1, 0.0268778006, 0.329520659, -0.0349676452, 0.974494702, 0.224410506, 1.70378477e-005, 0.224410506, -0.974494702, -2.9746327e-006, 1.59357535e-005, 6.72223582e-006, -1, 0.974494705, 0.224410494, 1.85778696e-005, 0.224410494, -0.974494705, 6.02594905e-006, 1.94563217e-005, -1.70318656e-006, -1, 0, 0, 0, 0, 0, 0, 0, 0.173913428, 0.156084839, 0.124930933, -0.607361166, 0.751657352, 0.256746205, -0.725830078, -0.656494141, 0.205078125, 0.322864166, -0.0618277634, 0.944486704, 0, 0, -0, 0, 0, 0, 0, 0.264872852, 0.149208203, 0.130470459, -0.0544572544, 0.829454086, -0.555674615, 0.351074219, -0.505004883, -0.788330078, -0.934640517, -0.237843558, -0.263752309, 0, 2, 1, 1, 
293.002701, 46, 0.1, 0.1, 0.0268777963, 0.329520658, -0.0349686639, 0.97449473, 0.224410385, -1.26341732e-005, 0.224410385, -0.97449473, -3.21610404e-007, -1.23841079e-005, -2.52183202e-006, -1, 0.974494719, 0.224410431, -1.98395322e-005, 0.224410431, -0.97449472, 2.42787789e-006, -1.87886782e-005, -6.81815215e-006, -1, 0, 0, 0, 0, 0, 0, 0, 0.173913428, 0.156084839, 0.124930933, -0.607361166, 0.751657352, 0.256746205, -0.725830078, -0.656494141, 0.205078125, 0.322864166, -0.0618277634, 0.944486704, 0, 0, -0, 0, 0, 0, 0, 0.264872852, 0.149208203, 0.130470459, -0.0544572544, 0.829454086, -0.555674615, 0.351074219, -0.505004883, -0.788330078, -0.934640517, -0.237843558, -0.263752309, 0, 2, 1, 1, 
293.003837, 46, 0.1, 0.1, 0.0268777957, 0.329520658, -0.0349631632, 0.974494774, 0.224410193, -1.59488401e-005, 0.224410193, -0.974494774, 1.31004923e-005, -1.26021773e-005, -1.63454435e-005, -1, 0.974494766, 0.22441023, -1.14624734e-005, 0.22441023, -0.974494766, 8.08944884e-006, -9.35476524e-006, -1.04554218e-005, -1, 0, 0, 0, 0, 0, 0, 0, 0.173913428, 0.156084839, 0.124930933, -0.609329558, 0.753509664, 0.246339215, -0.725097656, -0.655273438, 0.21105957, 0.320580498, -0.0501327232, 0.945887826, 0, 0, -0, 0, 0, 0, 0, 0.264872852, 0.149208203, 0.130470459, -0.0544572544, 0.829454086, -0.555674615, 0.351074219, -0.505004883, -0.788330078, -0.934640517, -0.237843558, -0.263752309, 0, 2, 1, 1, 
293.004961, 46, 0.1, 0.1, 0.0268777995, 0.329520659, -0.0349524494, 0.974494814, 0.22441002, -1.26422072e-005, 0.22441002, -0.974494814, 1.28938324e-005, -9.42626017e-006, -1.54020108e-005, -1, 0.974494806, 0.224410054, 1.34607182e-005, 0.224410054, -0.974494806, -2.79035385e-006, 1.24912165e-005, 5.73990582e-006, -1, 0, 0, 0, 0, 0, 0, 0, 0.174029126, 0.155768604, 0.122840649, -0.609329558, 0.753509664, 0.246339215, -0.725097656, -0.655273438, 0.21105957, 0.320580498, -0.0501327232, 0.945887826, 0, 0, -0, 0, 0, 0, 0, 0.264872852, 0.149208203, 0.130470459, -0.0544572544, 0.829454086, -0.555674615, 0.351074219, -0.505004883, -0.788330078, -0.934640517, -0.237843558, -0.263752309, 0, 2, 1, 1, 
293.006083, 46, 0.1, 0.1, 0.0268778027, 0.329520657, -0.0349422216, 0.974494845, 0.224409886, 1.34817896e-005, 0.224409886, -0.974494845, -1.17716403e-005, 1.0496262e-005, 1.44968496e-005, -1, 0.974494838, 0.224409913, 2.57911691e-005, 0.224409914, -0.974494839, -1.8117915e-005, 2.10675214e-005, 2.34436086e-005, -1, 0, 0, 0, 0, 0, 0, 0, 0.174029126, 0.155768604, 0.122840649, -0.609329558, 0.753509664, 0.246339215, -0.725097656, -0.655273438, 0.21105957, 0.320580498, -0.0501327232, 0.945887826, 0, 0, -0, 0, 0, 0, 0, 0.264872852, 0.149208203, 0.130470459, -0.0544572544, 0.829454086, -0.555674615, 0.351074219, -0.505004883, -0.788330078, -0.934640517, -0.237843558, -0.263752309, 0, 2, 1, 1, 
293.007238, 46, 0.1, 0.1, 0.0268777983, 0.329520658, -0.0349362504, 0.974494878, 0.224409744, 2.5363459e-005, 0.224409744, -0.974494878, -1.65729271e-005, 2.09974345e-005, 2.18420399e-005, -1, 0.974494872, 0.224409769, 1.39798089e-005, 0.224409769, -0.974494872, -1.10998285e-005, 1.11323421e-005, 1.39539317e-005, -1, 0, 0, 0, 0, 0, 0, 0, 0.174481958, 0.154872852, 0.120513574, -0.609070449, 0.757151392, 0.235671993, -0.726318359, -0.651855469, 0.217407227, 0.318314804, -0.0388446905, 0.947206572, 0, 0, -0, 0, 0, 0, 0, 0.265132715, 0.148249268, 0.128291309, -0.0539971676, 0.822827671, -0.565558818, 0.352172852, -0.514282227, -0.781860352, -0.934346674, -0.241363105, -0.261968098, 0, 2, 1, 1, 
293.008338, 46, 0.1, 0.1, 0.026877796, 0.329520662, -0.0349380433, 0.974494898, 0.224409655, 1.83863485e-005, 0.224409655, -0.974494898, -7.49389661e-006, 1.62357001e-005, 1.14288381e-005, -1, 0.974494894, 0.224409672, -1.4230602e-005, 0.224409672, -0.974494894, 1.3299428e-005, -1.08831287e-005, -1.61537094e-005, -1, 0, 0, 0, 0, 0, 0, 0, 0.174481958, 0.154872852, 0.120513574, -0.609070449, 0.757151392, 0.235671993, -0.726318359, -0.651855469, 0.217407227, 0.318314804, -0.0388446905, 0.947206572, 0, 0, -0, 0, 0, 0, 0, 0.265132715, 0.148249268, 0.128291309, -0.0539971676, 0.822827671, -0.565558818, 0.352172852, -0.514282227, -0.781860352, -0.934346674, -0.241363105, -0.261968098, 0, 2, 1, 1, 
293.009442, 46, 0.1, 0.1, 0.0268777966, 0.329520662, -0.0349457623, 0.974494921, 0.224409557, -1.208785e-005, 0.224409558, -0.974494921, 4.74598238e-006, -1.07145046e-005, -7.3375648e-006, -1, 0.974494917, 0.224409575, -2.13412728e-005, 0.224409575, -0.974494917, 1.13904417e-005, -1.82408377e-005, -1.58891135e-005, -1, 0, 0, 0, 0, 0, 0, 0, 0.174481958, 0.154872852, 0.120513574, -0.609070449, 0.757151392, 0.235671993, -0.726318359, -0.651855469, 0.217407227, 0.318314804, -0.0388446905, 0.947206572, 0, 0, -0, 0, 0, 0, 0, 0.265132715, 0.148249268, 0.128291309, -0.0539971676, 0.822827671, -0.565558818, 0.352172852, -0.514282227, -0.781860352, -0.934346674, -0.241363105, -0.261968098, 0, 2, 1, 1, 
293.010545, 46, 0.1, 0.1, 0.0268778001, 0.329520659, -0.0349554024, 0.974494937, 0.224409488, -1.47693473e-005, 0.224409488, -0.974494937, 9.24128216e-006, -1.23188228e-005, -1.23199643e-005, -1, 0.974494934, 0.224409501, -7.85918501e-006, 0.224409501, -0.974494934, 3.61352174e-006, -6.84782736e-006, -5.28503442e-006, -1, 0, 0, 0, 0, 0, 0, 0, 0.174481958, 0.154872852, 0.120513574, -0.609070449, 0.757151392, 0.235671993, -0.726318359, -0.651855469, 0.217407227, 0.318314804, -0.0388446905, 0.947206572, 0, 0, -0, 0, 0, 0, 0, 0.265132715, 0.148249268, 0.128291309, -0.0539971676, 0.822827671, -0.565558818, 0.352172852, -0.514282227, -0.781860352, -0.934346674, -0.241363105, -0.261968098, 0, 2, 1, 1, 
293.011717, 46, 0.1, 0.1, 0.0268778057, 0.329520656, -0.0349618561, 0.974494955, 0.224409408, -5.18229848e-006, 0.224409408, -0.974494955, 3.31279069e-006, -4.30670233e-006, -4.39125435e-006, -1, 0.974494951, 0.224409424, 1.55821266e-005, 0.224409425, -0.974494951, -8.7300684e-006, 1.3225594e-005, 1.20041836e-005, -1, 0, 0, 0, 0, 0, 0, 0, 0.175000708, 0.153983081, 0.117394727, -0.607806365, 0.760844416, 0.227085497, -0.726318359, -0.648193359, 0.228149414, 0.320833616, -0.026452455, 0.946836252, 0, 0, -0, 0, 0, 0, 0, 0.265535986, 0.147483789, 0.125469775, -0.0545914158, 0.81569013, -0.575647177, 0.3515625, -0.523925781, -0.775756836, -0.934531875, -0.244690888, -0.258241462, 0, 2, 1, 1, 
293.012832, 46, 0.1, 0.1, 0.026877808, 0.329520654, -0.0349620842, 0.974494969, 0.224409349, 9.69261171e-006, 0.224409349, -0.974494969, -7.50749183e-006, 7.76065e-006, 9.4911257e-006, -1, 0.974494967, 0.224409358, 1.73424475e-005, 0.224409358, -0.974494967, -1.28155523e-005, 1.40241979e-005, 1.63804987e-005, -1, 0, 0, 0, 0, 0, 0, 0, 0.175000708, 0.153983081, 0.117394727, -0.607806365, 0.760844416, 0.227085497, -0.726318359, -0.648193359, 0.228149414, 0.320833616, -0.026452455, 0.946836252, 0, 0, -0, 0, 0, 0, 0, 0.265535986, 0.147483789, 0.125469775, -0.0545914158, 0.81569013, -0.575647177, 0.3515625, -0.523925781, -0.775756836, -0.934531875, -0.244690888, -0.258241462, 0, 2, 1, 1, 
293.013705, 46, 0.1, 0.1, 0.0268778047, 0.329520656, -0.0349598234, 0.974494977, 0.224409311, 6.00480343e-006, 0.224409311, -0.974494977, -2.80484902e-006, 5.22221655e-006, 4.08084508e-006, -1, 0.974494976, 0.224409317, 1.96585539e-006, 0.224409317, -0.974494976, -3.41396017e-007, 1.83910375e-006, 7.73844968e-007, -1, 0, 0, 0, 0, 0, 0, 0, 0.175000708, 0.153983081, 0.117394727, -0.607806365, 0.760844416, 0.227085497, -0.726318359, -0.648193359, 0.228149414, 0.320833616, -0.026452455, 0.946836252, 0, 0, -0, 0, 0, 0, 0, 0.265535986, 0.147483789, 0.125469775, -0.0545914158, 0.81569013, -0.575647177, 0.3515625, -0.523925781, -0.775756836, -0.934531875, -0.244690888, -0.258241462, 0, 2, 1, 1, 
293.014402, 46, 0.1, 0.1, 0.0268778024, 0.329520658, -0.0349607458, 0.974494983, 0.224409286, 1.71297939e-006, 0.224409286, -0.974494983, -1.76787006e-006, 1.27256336e-006, 2.10718898e-006, -1, 0.974494982, 0.224409289, -1.12850502e-005, 0.224409289, -0.974494982, 7.08957097e-006, -9.40625919e-006, -9.44122143e-006, -1, 0, 0, 0, 0, 0, 0, 0, 0.175000708, 0.153983081, 0.117394727, -0.607806365, 0.760844416, 0.227085497, -0.726318359, -0.648193359, 0.228149414, 0.320833616, -0.026452455, 0.946836252, 0, 0, -0, 0, 0, 0, 0, 0.265535986, 0.147483789, 0.125469775, -0.0545914158, 0.81569013, -0.575647177, 0.3515625, -0.523925781, -0.775756836, -0.934531875, -0.244690888, -0.258241462, 0, 2, 1, 1, 
293.015091, 46, 0.1, 0.1, 0.0268778008, 0.329520659, -0.0349641907, 0.974494989, 0.224409262, -9.03994432e-006, 0.224409262, -0.974494989, 3.34937786e-006, -8.05774902e-006, -5.29259917e-006, -1, 0.974494988, 0.224409267, -1.33855419e-005, 0.224409267, -0.974494988, 6.01051915e-006, -1.16953273e-005, -8.86106042e-006, -1, 0, 0, 0, 0, 0, 0, 0, 0.175000708, 0.153983081, 0.117394727, -0.607806365, 0.760844416, 0.227085497, -0.726318359, -0.648193359, 0.228149414, 0.320833616, -0.026452455, 0.946836252, 0, 0, -0, 0, 0, 0, 0, 0.265535986, 0.147483789, 0.125469775, -0.0545914158, 0.81569013, -0.575647177, 0.3515625, -0.523925781, -0.775756836, -0.934531875, -0.244690888, -0.258241462, 0, 2, 1, 1, 
293.015799, 46, 0.1, 0.1, 0.0268778009, 0.329520658, -0.0349690968, 0.974494993, 0.224409242, -8.05930046e-006, 0.224409242, -0.974494993, 4.82234563e-006, -6.77156902e-006, -6.50793318e-006, -1, 0.974494992, 0.224409246, -5.20378198e-006, 0.224409246, -0.974494992, 2.4097444e-006, -4.53029056e-006, -3.51606065e-006, -1, 0, 0, 0, 0, 0, 0, 0, 0.175000708, 0.153983081, 0.117394727, -0.609814072, 0.763027352, 0.213905456, -0.72668457, -0.646118164, 0.232910156, 0.315960744, -0.0134502692, 0.948676582, 0, 0, -0, 0, 0, 0, 0, 0.265535986, 0.147483789, 0.125469775, -0.0545914158, 0.81569013, -0.575647177, 0.3515625, -0.523925781, -0.775756836, -0.934531875, -0.244690888, -0.258241462, 0, 2, 1, 1, 
293.016512, 46, 0.1, 0.1, 0.0268778023, 0.329520658, -0.0349735464, 0.974494998, 0.22440922, -1.18509338e-006, 0.22440922, -0.974494998, 2.66791655e-006, -5.56162502e-007, -2.86581722e-006, -1, 0.974494998, 0.224409224, 6.89100427e-006, 0.224409224, -0.974494998, -2.49703839e-006, 6.15489074e-006, 3.97975634e-006, -1, 0, 0, 0, 0, 0, 0, 0, 0.175106519, 0.153464478, 0.114717578, -0.609814072, 0.763027352, 0.213905456, -0.72668457, -0.646118164, 0.232910156, 0.315960744, -0.0134502692, 0.948676582, 0, 0, -0, 0, 0, 0, 0, 0.265808057, 0.147054199, 0.123386914, -0.0544058485, 0.80772793, -0.586784041, 0.356079102, -0.533325195, -0.767211914, -0.932793973, -0.250682942, -0.258552795, 0, 2, 1, 1, 
293.017203, 46, 0.1, 0.1, 0.0268778037, 0.329520658, -0.0349764343, 0.974495003, 0.224409202, 6.78545132e-006, 0.224409202, -0.974495003, -3.02629314e-006, 5.93326037e-006, 4.47182526e-006, -1, 0.974495002, 0.224409206, 9.52181607e-006, 0.224409206, -0.974495002, -4.35683533e-006, 8.30124821e-006, 6.38249744e-006, -1, 0, 0, 0, 0, 0, 0, 0, 0.175106519, 0.153464478, 0.114717578, -0.609814072, 0.763027352, 0.213905456, -0.72668457, -0.646118164, 0.232910156, 0.315960744, -0.0134502692, 0.948676582, 0, 0, -0, 0, 0, 0, 0, 0.265808057, 0.147054199, 0.123386914, -0.0544058485, 0.80772793, -0.586784041, 0.356079102, -0.533325195, -0.767211914, -0.932793973, -0.250682942, -0.258552795, 0, 2, 1, 1, 
293.017898, 46, 0.1, 0.1, 0.0268778042, 0.329520658, -0.0349771617, 0.974495006, 0.224409186, 7.66678644e-006, 0.224409186, -0.974495006, -5.93563767e-006, 6.13923348e-006, 7.50474657e-006, -1, 0.974495006, 0.224409189, 5.65768313e-006, 0.224409189, -0.974495006, -4.33246932e-006, 4.54113803e-006, 5.49160579e-006, -1, 0, 0, 0, 0, 0, 0, 0, 0.175106519, 0.153464478, 0.114717578, -0.609814072, 0.763027352, 0.213905456, -0.72668457, -0.646118164, 0.232910156, 0.315960744, -0.0134502692, 0.948676582, 0, 0, -0, 0, 0, 0, 0, 0.265808057, 0.147054199, 0.123386914, -0.0544058485, 0.80772793, -0.586784041, 0.356079102, -0.533325195, -0.767211914, -0.932793973, -0.250682942, -0.258552795, 0, 2, 1, 1, 
293.018632, 46, 0.1, 0.1, 0.0268778042, 0.329520657, -0.0349753153, 0.97449501, 0.224409171, 5.73641801e-006, 0.224409172, -0.97449501, -4.75344507e-006, 4.52339405e-006, 5.91951331e-006, -1, 0.974495009, 0.224409174, -2.21399331e-006, 0.224409174, -0.974495009, 9.17641239e-008, -2.13693272e-006, -5.86264091e-007, -1, 0, 0, 0, 0, 0, 0, 0, 0.175748291, 0.152116016, 0.112032983, -0.610076546, 0.766479241, 0.200585751, -0.728637695, -0.642089844, 0.237915039, 0.31118223, -0.00101984167, 0.95041544, 0, 0, -0, 0, 0, 0, 0, 0.266169482, 0.145758984, 0.121084229, -0.0526869031, 0.799561574, -0.597946425, 0.35925293, -0.543457031, -0.758544922, -0.931631363, -0.254732572, -0.258621324, 0, 2, 1, 1, 
293.019332, 46, 0.1, 0.1, 0.0268778043, 0.329520657, -0.0349717762, 0.974495012, 0.224409161, -2.63075952e-006, 0.224409161, -0.974495012, 2.44652891e-006, -2.01463853e-006, -2.97449676e-006, -1, 0.974495011, 0.224409164, -6.29689716e-006, 0.224409164, -0.974495011, 4.35837527e-006, -5.15823552e-006, -5.66029638e-006, -1, 0, 0, 0, 0, 0, 0, 0, 0.175748291, 0.152116016, 0.112032983, -0.610076546, 0.766479241, 0.200585751, -0.728637695, -0.642089844, 0.237915039, 0.31118223, -0.00101984167, 0.95041544, 0, 0, -0, 0, 0, 0, 0, 0.266169482, 0.145758984, 0.121084229, -0.0526869031, 0.799561574, -0.597946425, 0.35925293, -0.543457031, -0.758544922, -0.931631363, -0.254732572, -0.258621324, 0, 2, 1, 1, 
293.020023, 46, 0.1, 0.1, 0.0268778051, 0.329520657, -0.034967817, 0.974495015, 0.224409149, -8.09690668e-006, 0.224409149, -0.974495015, 5.91282865e-006, -6.56350235e-006, -7.57904199e-006, -1, 0.974495014, 0.224409152, -4.66874691e-006, 0.224409152, -0.974495014, 3.9937069e-006, -3.65344621e-006, -4.939557e-006, -1, 0, 0, 0, 0, 0, 0, 0, 0.175748291, 0.152116016, 0.112032983, -0.610076546, 0.766479241, 0.200585751, -0.728637695, -0.642089844, 0.237915039, 0.31118223, -0.00101984167, 0.95041544, 0, 0, -0, 0, 0, 0, 0, 0.266169482, 0.145758984, 0.121084229, -0.0526869031, 0.799561574, -0.597946425, 0.35925293, -0.543457031, -0.758544922, -0.931631363, -0.254732572, -0.258621324, 0, 2, 1, 1, 
293.020716, 46, 0.1, 0.1, 0.0268778058, 0.329520657, -0.0349646709, 0.974495017, 0.224409141, -7.07299223e-006, 0.224409141, -0.974495017, 3.40123251e-006, -6.12932801e-006, -4.90172824e-006, -1, 0.974495016, 0.224409143, 4.54105882e-006, 0.224409143, -0.974495016, -3.65052801e-006, 3.60602733e-006, 4.57647647e-006, -1, 0, 0, 0, 0, 0, 0, 0, 0.175748291, 0.152116016, 0.112032983, -0.610076546, 0.766479241, 0.200585751, -0.728637695, -0.642089844, 0.237915039, 0.31118223, -0.00101984167, 0.95041544, 0, 0, -0, 0, 0, 0, 0, 0.266169482, 0.145758984, 0.121084229, -0.0526869031, 0.799561574, -0.597946425, 0.35925293, -0.543457031, -0.758544922, -0.931631363, -0.254732572, -0.258621324, 0, 2, 1, 1, 
293.021412, 46, 0.1, 0.1, 0.0268778059, 0.329520657, -0.0349632267, 0.974495019, 0.224409131, 4.30852743e-006, 0.224409131, -0.974495019, -2.71402568e-006, 3.58958638e-006, 3.6116774e-006, -1, 0.974495019, 0.224409132, 8.60674258e-006, 0.224409133, -0.974495019, -5.85770282e-006, 7.07270576e-006, 7.63973385e-006, -1, 0, 0, 0, 0, 0, 0, 0, 0.175748291, 0.152116016, 0.112032983, -0.610076546, 0.766479241, 0.200585751, -0.728637695, -0.642089844, 0.237915039, 0.31118223, -0.00101984167, 0.95041544, 0, 0, -0, 0, 0, 0, 0, 0.266169482, 0.145758984, 0.121084229, -0.0526869031, 0.799561574, -0.597946425, 0.35925293, -0.543457031, -0.758544922, -0.931631363, -0.254732572, -0.258621324, 0, 2, 1, 1, 
293.022101, 46, 0.1, 0.1, 0.026877805, 0.329520658, -0.0349637544, 0.97449502, 0.224409126, 8.1328497e-006, 0.224409126, -0.97449502, -4.3017117e-006, 6.96007817e-006, 6.01708232e-006, -1, 0.97449502, 0.224409127, 4.50724678e-006, 0.224409127, -0.97449502, -1.92327655e-006, 3.96068873e-006, 2.88569074e-006, -1, 0, 0, 0, 0, 0, 0, 0, 0.175748291, 0.152116016, 0.112032983, -0.610076546, 0.766479241, 0.200585751, -0.728637695, -0.642089844, 0.237915039, 0.31118223, -0.00101984167, 0.95041544, 0, 0, -0, 0, 0, 0, 0, 0.266169482, 0.145758984, 0.121084229, -0.0526869031, 0.799561574, -0.597946425, 0.35925293, -0.543457031, -0.758544922, -0.931631363, -0.254732572, -0.258621324, 0, 2, 1, 1, 
