time, trialNum, realDorsalTactorPos, realVentralTactorPos, boxPosX, boxPosY, boxPosZ, boxLocalRot_11, boxLocalRot_12, boxLocalRot_13, boxLocalRot_21, boxLocalRot_22, boxLocalRot_23, boxLocalRot_31, boxLocalRot_32, boxLocalRot_33, boxGlobalRot_11, boxGlobalRot_12, boxGlobalRot_13, boxGlobalRot_21, boxGlobalRot_22, boxGlobalRot_23, boxGlobalRot_31, boxGlobalRot_32, boxGlobalRot_33, indexForceX, indexForceY, indexForceZ, indexForceGlobalX, indexForceGlobalY, indexForceGlobalZ, indexContact, indexPosX, indexPosY, indexPosZ, indexRot_11, indexRot_12, indexRot_13, indexRot_21, indexRot_22, indexRot_23, indexRot_31, indexRot_32, indexRot_33, thumbForceX, thumbForceY, thumbForceZ, thumbForceGlobalX, thumbForceGlobalY, thumbForceGlobalZ, thumbContact, thumbPosX, thumbPosY, thumbPosZ, thumbRot_11, thumbRot_12, thumbRot_13, thumbRot_21, thumbRot_22, thumbRot_23, thumbRot_31, thumbRot_32, thumbRot_33, manipForceTooHigh, cceExpType, mapping, trialSuccess, 
234.930269, 35, 0.1, 0.1, 0.00606706194, 0.339925404, -0.034967753, 0.945882713, -8.34847163e-006, 0.324508695, 0.324508695, -3.76611263e-006, -0.945882713, 9.11881129e-006, 1, -8.53149199e-007, 0.945882718, -3.7362436e-006, 0.32450868, 0.32450868, 5.33034259e-007, -0.945882718, 3.36107401e-006, 1, 1.71663137e-006, 0, 0, 0, 0, 0, 0, 0, 0.167992773, 0.165771338, 0.162027051, -0.447480627, 0.712771539, 0.539960257, -0.766479492, -0.616699219, 0.178955078, 0.46068293, -0.3338743, 0.822385046, 0, 0, -0, 0, 0, 0, 0, 0.233078027, 0.146095605, 0.144338574, -0.425053953, 0.740523006, -0.520325383, 0.261230469, -0.449951172, -0.853881836, -0.866560156, -0.498813147, -0.00215452166, 0, 2, 5, 1, 
234.972628, 35, 0.1, 0.1, 0.00606705918, 0.339925393, -0.0349697057, 0.94588548, -1.71754377e-006, 0.32450063, 0.32450063, -1.33026214e-005, -0.94588548, 5.94130873e-006, 1, -1.20254124e-005, 0.945885474, -1.18607265e-005, 0.324500646, 0.324500646, -1.08738754e-005, -0.945885474, 1.47474685e-005, 1, -6.43662741e-006, 0, 0, 0, 0, 0, 0, 0, 0.171234546, 0.167002661, 0.15459314, -0.476694224, 0.715320307, 0.510775063, -0.78137207, -0.610961914, 0.126586914, 0.402648798, -0.338850887, 0.850366402, 0, 0, -0, 0, 0, 0, 0, 0.237183154, 0.147273584, 0.141374756, -0.392474581, 0.755750345, -0.524167626, 0.300170898, -0.433349609, -0.849609375, -0.869395804, -0.490707325, -0.0566878928, 0, 2, 5, 1, 
234.973332, 35, 0.1, 0.1, 0.00606705508, 0.339925391, -0.0349717553, 0.945885449, 2.81320549e-006, 0.324500719, 0.324500719, 1.06379371e-005, -0.945885449, -6.11298839e-006, 1, 9.14938275e-006, 0.945885461, 1.06424245e-005, 0.324500685, 0.324500685, 1.35859925e-005, -0.945885461, -1.44751785e-005, 1, 9.3973187e-006, 0, 0, 0, 0, 0, 0, 0, 0.171234546, 0.167002661, 0.15459314, -0.476694224, 0.715320307, 0.510775063, -0.78137207, -0.610961914, 0.126586914, 0.402648798, -0.338850887, 0.850366402, 0, 0, -0, 0, 0, 0, 0, 0.237183154, 0.147273584, 0.141374756, -0.392474581, 0.755750345, -0.524167626, 0.300170898, -0.433349609, -0.849609375, -0.869395804, -0.490707325, -0.0566878928, 0, 2, 5, 1, 
234.974032, 35, 0.1, 0.1, 0.00606705806, 0.339925395, -0.0349729827, 0.945885355, -3.04495363e-006, 0.324500993, 0.324500993, -7.40245862e-006, -0.945885355, 5.28228222e-006, 1, -6.01378673e-006, 0.945885376, -9.15026267e-006, 0.324500932, 0.324500932, -1.4686402e-005, -0.945885376, 1.34208508e-005, 1, -1.09223841e-005, 0, 0, 0, 0, 0, 0, 0, 0.171234546, 0.167002661, 0.15459314, -0.476694224, 0.715320307, 0.510775063, -0.78137207, -0.610961914, 0.126586914, 0.402648798, -0.338850887, 0.850366402, 0, 0, -0, 0, 0, 0, 0, 0.237183154, 0.147273584, 0.141374756, -0.392474581, 0.755750345, -0.524167626, 0.300170898, -0.433349609, -0.849609375, -0.869395804, -0.490707325, -0.0566878928, 0, 2, 5, 1, 
234.974741, 35, 0.1, 0.1, 0.00606705425, 0.339925392, -0.0349729333, 0.945885258, 7.5033849e-006, 0.324501276, 0.324501276, -2.5985618e-006, -0.945885258, -6.25410454e-006, 1, -4.89279928e-006, 0.945885275, 1.23883979e-005, 0.324501227, 0.324501227, 9.08041612e-006, -0.945885275, -1.46646093e-005, 1, 4.56898159e-006, 0, 0, 0, 0, 0, 0, 0, 0.171234546, 0.167002661, 0.15459314, -0.476694224, 0.715320307, 0.510775063, -0.78137207, -0.610961914, 0.126586914, 0.402648798, -0.338850887, 0.850366402, 0, 0, -0, 0, 0, 0, 0, 0.237233447, 0.147296875, 0.140428906, -0.392116573, 0.753392309, -0.527790718, 0.304199219, -0.435180664, -0.847290039, -0.868130749, -0.492796306, -0.0584188648, 0, 2, 5, 1, 
234.975442, 35, 0.1, 0.1, 0.00606705797, 0.339925393, -0.034971877, 0.945885232, -8.9951571e-006, 0.324501352, 0.324501352, 1.00307095e-005, -0.945885232, 5.25340746e-006, 1, 1.24068407e-005, 0.945885231, -1.52204009e-005, 0.324501356, 0.324501356, 2.8504869e-006, -0.945885231, 1.34717656e-005, 1, 7.63527419e-006, 0, 0, 0, 0, 0, 0, 0, 0.171234546, 0.167002661, 0.15459314, -0.476694224, 0.715320307, 0.510775063, -0.78137207, -0.610961914, 0.126586914, 0.402648798, -0.338850887, 0.850366402, 0, 0, -0, 0, 0, 0, 0, 0.237233447, 0.147296875, 0.140428906, -0.392116573, 0.753392309, -0.527790718, 0.304199219, -0.435180664, -0.847290039, -0.868130749, -0.492796306, -0.0584188648, 0, 2, 5, 1, 
234.976139, 35, 0.1, 0.1, 0.00606705422, 0.339925392, -0.0349702683, 0.945885293, 5.76504339e-006, 0.324501174, 0.324501174, -7.93746877e-006, -0.945885293, -2.87735182e-006, 1, -9.37869832e-006, 0.945885275, 1.49586083e-005, 0.324501228, 0.324501228, -5.15814246e-006, -0.945885275, -1.24753038e-005, 1, -9.73309777e-006, 0, 0, 0, 0, 0, 0, 0, 0.171234546, 0.167002661, 0.15459314, -0.476694224, 0.715320307, 0.510775063, -0.78137207, -0.610961914, 0.126586914, 0.402648798, -0.338850887, 0.850366402, 0, 0, -0, 0, 0, 0, 0, 0.237233447, 0.147296875, 0.140428906, -0.392116573, 0.753392309, -0.527790718, 0.304199219, -0.435180664, -0.847290039, -0.868130749, -0.492796306, -0.0584188648, 0, 2, 5, 1, 
234.976849, 35, 0.1, 0.1, 0.00606706033, 0.339925392, -0.0349683721, 0.945885424, -9.24686561e-006, 0.324500794, 0.324500794, 3.84317492e-006, -0.945885424, 7.49936209e-006, 1, 6.63581837e-006, 0.945885396, -2.09380126e-005, 0.324500875, 0.324500875, 6.42187738e-006, -0.945885396, 1.77210555e-005, 1, 1.28687634e-005, 0, 0, 0, 0, 0, 0, 0, 0.17143335, 0.166994019, 0.153007202, -0.481297126, 0.718980009, 0.501258471, -0.780639648, -0.611572266, 0.127807617, 0.398557741, -0.329790356, 0.855828624, 0, 0, -0, 0, 0, 0, 0, 0.237233447, 0.147296875, 0.140428906, -0.392116573, 0.753392309, -0.527790718, 0.304199219, -0.435180664, -0.847290039, -0.868130749, -0.492796306, -0.0584188648, 0, 2, 5, 1, 
234.977551, 35, 0.1, 0.1, 0.00606705507, 0.339925392, -0.0349668872, 0.94588555, 4.19849111e-006, 0.324500425, 0.324500425, 8.76679215e-006, -0.94588555, -6.81611986e-006, 1, 6.92996986e-006, 0.945885528, 1.71760934e-005, 0.32450049, 0.32450049, 1.03648414e-006, -0.945885528, -1.65829578e-005, 1, -4.59325539e-006, 0, 0, 0, 0, 0, 0, 0, 0.17143335, 0.166994019, 0.153007202, -0.481297126, 0.718980009, 0.501258471, -0.780639648, -0.611572266, 0.127807617, 0.398557741, -0.329790356, 0.855828624, 0, 0, -0, 0, 0, 0, 0, 0.237233447, 0.147296875, 0.140428906, -0.392116573, 0.753392309, -0.527790718, 0.304199219, -0.435180664, -0.847290039, -0.868130749, -0.492796306, -0.0584188648, 0, 2, 5, 1, 
234.978256, 35, 0.1, 0.1, 0.00606705934, 0.339925393, -0.0349662604, 0.945885591, 9.0917403e-007, 0.324500307, 0.324500307, -1.60760029e-005, -0.945885591, 4.35669325e-006, 1, -1.55010867e-005, 0.945885591, -1.09721092e-005, 0.324500307, 0.324500307, -1.36887001e-005, -0.945885591, 1.48203474e-005, 1, -9.3874914e-006, 0, 0, 0, 0, 0, 0, 0, 0.17143335, 0.166994019, 0.153007202, -0.481297126, 0.718980009, 0.501258471, -0.780639648, -0.611572266, 0.127807617, 0.398557741, -0.329790356, 0.855828624, 0, 0, -0, 0, 0, 0, 0, 0.237233447, 0.147296875, 0.140428906, -0.392116573, 0.753392309, -0.527790718, 0.304199219, -0.435180664, -0.847290039, -0.868130749, -0.492796306, -0.0584188648, 0, 2, 5, 1, 
234.978963, 35, 0.1, 0.1, 0.00606705369, 0.339925391, -0.0349665644, 0.945885523, 5.3555009e-006, 0.324500505, 0.324500505, 1.21445892e-005, -0.945885523, -9.00661609e-006, 1, 9.74952835e-006, 0.945885543, 1.46990293e-005, 0.324500447, 0.324500447, 1.56102281e-005, -0.945885543, -1.89691253e-005, 1, 9.99564751e-006, 0, 0, 0, 0, 0, 0, 0, 0.171685742, 0.166534985, 0.151235376, -0.484834017, 0.722651694, 0.492509468, -0.780761719, -0.611328125, 0.128662109, 0.394174252, -0.322214826, 0.860674905, 0, 0, -0, 0, 0, 0, 0, 0.237233447, 0.147296875, 0.140428906, -0.389784423, 0.752005852, -0.531279648, 0.307128906, -0.437744141, -0.844970703, -0.868131116, -0.492451057, -0.0602584787, 0, 2, 5, 1, 
234.979678, 35, 0.1, 0.1, 0.00606705721, 0.339925396, -0.0349674079, 0.945885379, -2.91629206e-006, 0.324500923, 0.324500923, -1.02126226e-005, -0.945885379, 6.07248346e-006, 1, -8.7136309e-006, 0.945885409, -1.03253211e-005, 0.324500836, 0.324500836, -1.91205274e-005, -0.945885409, 1.59711977e-005, 1, -1.47352526e-005, 0, 0, 0, 0, 0, 0, 0, 0.171685742, 0.166534985, 0.151235376, -0.484834017, 0.722651694, 0.492509468, -0.780761719, -0.611328125, 0.128662109, 0.394174252, -0.322214826, 0.860674905, 0, 0, -0, 0, 0, 0, 0, 0.237610986, 0.146765918, 0.139489648, -0.389784423, 0.752005852, -0.531279648, 0.307128906, -0.437744141, -0.844970703, -0.868131116, -0.492451057, -0.0602584787, 0, 2, 5, 1, 
234.980384, 35, 0.1, 0.1, 0.00606705259, 0.339925393, -0.034968815, 0.945885241, 1.01085875e-005, 0.324501327, 0.324501327, -3.84142283e-006, -0.945885241, -8.31501696e-006, 1, -6.91379523e-006, 0.945885265, 1.53882782e-005, 0.324501255, 0.324501255, 9.14060955e-006, -0.945885265, -1.75216849e-005, 1, 3.65245229e-006, 0, 0, 0, 0, 0, 0, 0, 0.171685742, 0.166534985, 0.151235376, -0.484834017, 0.722651694, 0.492509468, -0.780761719, -0.611328125, 0.128662109, 0.394174252, -0.322214826, 0.860674905, 0, 0, -0, 0, 0, 0, 0, 0.237610986, 0.146765918, 0.139489648, -0.389784423, 0.752005852, -0.531279648, 0.307128906, -0.437744141, -0.844970703, -0.868131116, -0.492451057, -0.0602584787, 0, 2, 5, 1, 
234.98109, 35, 0.1, 0.1, 0.00606705619, 0.339925395, -0.034970276, 0.945885185, -8.70528645e-006, 0.324501489, 0.324501489, 1.03390006e-005, -0.945885185, 4.8791804e-006, 1, 1.26043859e-005, 0.945885189, -1.54204943e-005, 0.324501479, 0.324501479, 1.90692343e-006, -0.945885189, 1.39672177e-005, 1, 6.80770382e-006, 0, 0, 0, 0, 0, 0, 0, 0.171685742, 0.166534985, 0.151235376, -0.484834017, 0.722651694, 0.492509468, -0.780761719, -0.611328125, 0.128662109, 0.394174252, -0.322214826, 0.860674905, 0, 0, -0, 0, 0, 0, 0, 0.237610986, 0.146765918, 0.139489648, -0.389784423, 0.752005852, -0.531279648, 0.307128906, -0.437744141, -0.844970703, -0.868131116, -0.492451057, -0.0602584787, 0, 2, 5, 1, 
234.981781, 35, 0.1, 0.1, 0.00606705194, 0.339925393, -0.0349713786, 0.945885225, 8.44562284e-006, 0.324501374, 0.324501374, -5.35916869e-006, -0.945885225, -6.24953225e-006, 1, -7.80977469e-006, 0.945885211, 1.66560538e-005, 0.324501413, 0.324501413, -2.87732236e-006, -0.945885211, -1.48210198e-005, 1, -8.12652967e-006, 0, 0, 0, 0, 0, 0, 0, 0.171685742, 0.166534985, 0.151235376, -0.484834017, 0.722651694, 0.492509468, -0.780761719, -0.611328125, 0.128662109, 0.394174252, -0.322214826, 0.860674905, 0, 0, -0, 0, 0, 0, 0, 0.237610986, 0.146765918, 0.139489648, -0.389784423, 0.752005852, -0.531279648, 0.307128906, -0.437744141, -0.844970703, -0.868131116, -0.492451057, -0.0602584787, 0, 2, 5, 1, 
234.982484, 35, 0.1, 0.1, 0.00606705675, 0.339925392, -0.0349718847, 0.94588533, -7.78540639e-006, 0.324501068, 0.324501068, 5.62442199e-006, -0.94588533, 5.53897074e-006, 1, 7.84643094e-006, 0.945885307, -1.74389798e-005, 0.324501133, 0.324501134, 7.79427118e-006, -0.945885307, 1.3966025e-005, 1, 1.30314553e-005, 0, 0, 0, 0, 0, 0, 0, 0.171685742, 0.166534985, 0.151235376, -0.484834017, 0.722651694, 0.492509468, -0.780761719, -0.611328125, 0.128662109, 0.394174252, -0.322214826, 0.860674905, 0, 0, -0, 0, 0, 0, 0, 0.237610986, 0.146765918, 0.139489648, -0.389784423, 0.752005852, -0.531279648, 0.307128906, -0.437744141, -0.844970703, -0.868131116, -0.492451057, -0.0602584787, 0, 2, 5, 1, 
234.983183, 35, 0.1, 0.1, 0.00606705256, 0.339925392, -0.0349716584, 0.945885433, 2.19585406e-006, 0.324500767, 0.324500767, 8.87713491e-006, -0.945885433, -4.95766345e-006, 1, 7.68419627e-006, 0.945885414, 1.35511569e-005, 0.324500821, 0.324500821, 2.41485989e-006, -0.945885415, -1.36014657e-005, 1, -2.11318078e-006, 0, 0, 0, 0, 0, 0, 0, 0.171685742, 0.166534985, 0.151235376, -0.484834017, 0.722651694, 0.492509468, -0.780761719, -0.611328125, 0.128662109, 0.394174252, -0.322214826, 0.860674905, 0, 0, -0, 0, 0, 0, 0, 0.237610986, 0.146765918, 0.139489648, -0.389784423, 0.752005852, -0.531279648, 0.307128906, -0.437744141, -0.844970703, -0.868131116, -0.492451057, -0.0602584787, 0, 2, 5, 1, 
234.983901, 35, 0.1, 0.1, 0.00606705678, 0.339925393, -0.0349706978, 0.945885464, -1.59464764e-007, 0.324500677, 0.324500677, -1.35218572e-005, -0.945885464, 4.53868721e-006, 1, -1.27383817e-005, 0.945885465, -1.12847842e-005, 0.324500673, 0.324500672, -1.11786934e-005, -0.945885465, 1.43016068e-005, 1, -6.91184355e-006, 0, 0, 0, 0, 0, 0, 0, 0.171907617, 0.166027856, 0.149715967, -0.488973745, 0.725403023, 0.484344205, -0.780273437, -0.611938477, 0.12878418, 0.389886243, -0.314987893, 0.865305137, 0, 0, -0, 0, 0, 0, 0, 0.237610986, 0.146765918, 0.139489648, -0.387937879, 0.750644915, -0.534589574, 0.309448242, -0.440185547, -0.842773437, -0.868182522, -0.492348612, -0.0614655649, 0, 2, 5, 1, 
234.984637, 35, 0.1, 0.1, 0.00606705182, 0.339925391, -0.0349688859, 0.945885393, 2.86509402e-006, 0.324500883, 0.324500883, 1.19349716e-005, -0.945885393, -6.58295941e-006, 1, 1.03593898e-005, 0.945885413, 1.19165542e-005, 0.324500826, 0.324500825, 1.57205687e-005, -0.945885413, -1.63730323e-005, 1, 1.10029249e-005, 0, 0, 0, 0, 0, 0, 0, 0.171907617, 0.166027856, 0.149715967, -0.488973745, 0.725403023, 0.484344205, -0.780273437, -0.611938477, 0.12878418, 0.389886243, -0.314987893, 0.865305137, 0, 0, -0, 0, 0, 0, 0, 0.237955322, 0.146454785, 0.138575537, -0.387937879, 0.750644915, -0.534589574, 0.309448242, -0.440185547, -0.842773437, -0.868182522, -0.492348612, -0.0614655649, 0, 2, 5, 1, 
234.98534, 35, 0.1, 0.1, 0.00606705526, 0.339925395, -0.0349672989, 0.945885256, -2.58639772e-006, 0.324501282, 0.324501282, -8.6195056e-006, -0.945885256, 5.24347609e-006, 1, -7.31377389e-006, 0.945885285, -1.00529462e-005, 0.324501198, 0.324501197, -1.75621113e-005, -0.945885285, 1.52078601e-005, 1, -1.33495496e-005, 0, 0, 0, 0, 0, 0, 0, 0.171907617, 0.166027856, 0.149715967, -0.488973745, 0.725403023, 0.484344205, -0.780273437, -0.611938477, 0.12878418, 0.389886243, -0.314987893, 0.865305137, 0, 0, -0, 0, 0, 0, 0, 0.237955322, 0.146454785, 0.138575537, -0.387937879, 0.750644915, -0.534589574, 0.309448242, -0.440185547, -0.842773437, -0.868182522, -0.492348612, -0.0614655649, 0, 2, 5, 1, 
234.986041, 35, 0.1, 0.1, 0.00606705085, 0.339925392, -0.034966499, 0.945885123, 8.57868844e-006, 0.32450167, 0.32450167, -6.04394563e-006, -0.945885123, -6.15318332e-006, 1, -8.50067698e-006, 0.945885148, 1.47864817e-005, 0.324501598, 0.324501598, 8.98490356e-006, -0.945885148, -1.6901929e-005, 1, 3.70044989e-006, 0, 0, 0, 0, 0, 0, 0, 0.171907617, 0.166027856, 0.149715967, -0.488973745, 0.725403023, 0.484344205, -0.780273437, -0.611938477, 0.12878418, 0.389886243, -0.314987893, 0.865305137, 0, 0, -0, 0, 0, 0, 0, 0.237955322, 0.146454785, 0.138575537, -0.387937879, 0.750644915, -0.534589574, 0.309448242, -0.440185547, -0.842773437, -0.868182522, -0.492348612, -0.0614655649, 0, 2, 5, 1, 
234.986737, 35, 0.1, 0.1, 0.00606705557, 0.339925394, -0.0349665864, 0.945885077, -1.15520082e-005, 0.324501805, 0.324501805, 9.75966989e-006, -0.945885077, 7.75984167e-006, 1, 1.29801736e-005, 0.945885078, -1.90128232e-005, 0.324501802, 0.324501802, 7.17949575e-007, -0.945885078, 1.77509698e-005, 1, 6.84879319e-006, 0, 0, 0, 0, 0, 0, 0, 0.171907617, 0.166027856, 0.149715967, -0.488973745, 0.725403023, 0.484344205, -0.780273437, -0.611938477, 0.12878418, 0.389886243, -0.314987893, 0.865305137, 0, 0, -0, 0, 0, 0, 0, 0.237955322, 0.146454785, 0.138575537, -0.387937879, 0.750644915, -0.534589574, 0.309448242, -0.440185547, -0.842773437, -0.868182522, -0.492348612, -0.0614655649, 0, 2, 5, 1, 
234.987442, 35, 0.1, 0.1, 0.00606705096, 0.339925394, -0.0349675439, 0.945885137, 9.1085317e-006, 0.32450163, 0.32450163, -8.48807568e-006, -0.945885137, -5.86123037e-006, 1, -1.0984478e-005, 0.945885119, 1.83916672e-005, 0.324501683, 0.324501683, -5.75157321e-006, -0.945885119, -1.55300091e-005, 1, -1.14084545e-005, 0, 0, 0, 0, 0, 0, 0, 0.171907617, 0.166027856, 0.149715967, -0.488973745, 0.725403023, 0.484344205, -0.780273437, -0.611938477, 0.12878418, 0.389886243, -0.314987893, 0.865305137, 0, 0, -0, 0, 0, 0, 0, 0.237955322, 0.146454785, 0.138575537, -0.387937879, 0.750644915, -0.534589574, 0.309448242, -0.440185547, -0.842773437, -0.868182522, -0.492348612, -0.0614655649, 0, 2, 5, 1, 
234.988143, 35, 0.1, 0.1, 0.00606705617, 0.339925393, -0.0349690061, 0.945885267, -7.82342115e-006, 0.324501251, 0.324501251, 4.44372694e-006, -0.945885267, 5.95806386e-006, 1, 6.74196579e-006, 0.945885237, -1.90863572e-005, 0.324501336, 0.324501336, 6.67154238e-006, -0.945885238, 1.58885791e-005, 1, 1.25040619e-005, 0, 0, 0, 0, 0, 0, 0, 0.171907617, 0.166027856, 0.149715967, -0.488973745, 0.725403023, 0.484344205, -0.780273437, -0.611938477, 0.12878418, 0.389886243, -0.314987893, 0.865305137, 0, 0, -0, 0, 0, 0, 0, 0.237955322, 0.146454785, 0.138575537, -0.387937879, 0.750644915, -0.534589574, 0.309448242, -0.440185547, -0.842773437, -0.868182522, -0.492348612, -0.0614655649, 0, 2, 5, 1, 
234.988865, 35, 0.1, 0.1, 0.00606705052, 0.339925393, -0.0349702759, 0.945885398, 6.09178632e-006, 0.324500868, 0.324500868, 8.23103469e-006, -0.945885398, -8.43310963e-006, 1, 5.80882558e-006, 0.945885376, 1.7771794e-005, 0.324500934, 0.324500934, 1.38035035e-006, -0.945885376, -1.7258005e-005, 1, -4.46131053e-006, 0, 0, 0, 0, 0, 0, 0, 0.172176123, 0.165739209, 0.148003223, -0.492281484, 0.72805288, 0.476806867, -0.779663086, -0.612304688, 0.130249023, 0.386949563, -0.307621298, 0.869217957, 0, 0, -0, 0, 0, 0, 0, 0.238257178, 0.14620332, 0.13753667, -0.387241186, 0.747571229, -0.539535323, 0.314453125, -0.442993164, -0.839477539, -0.866636384, -0.494635553, -0.0634582966, 0, 2, 5, 1, 
234.989561, 35, 0.1, 0.1, 0.00606705419, 0.339925394, -0.0349711284, 0.945885447, -8.29806347e-007, 0.324500726, 0.324500726, -1.24690315e-005, -0.945885447, 4.83111152e-006, 1, -1.15250027e-005, 0.945885444, -1.0287961e-005, 0.324500734, 0.324500734, -1.0403231e-005, -0.945885444, 1.31070887e-005, 1, -6.50181386e-006, 0, 0, 0, 0, 0, 0, 0, 0.172176123, 0.165739209, 0.148003223, -0.492281484, 0.72805288, 0.476806867, -0.779663086, -0.612304688, 0.130249023, 0.386949563, -0.307621298, 0.869217957, 0, 0, -0, 0, 0, 0, 0, 0.238257178, 0.14620332, 0.13753667, -0.387241186, 0.747571229, -0.539535323, 0.314453125, -0.442993164, -0.839477539, -0.866636384, -0.494635553, -0.0634582966, 0, 2, 5, 1, 
234.990262, 35, 0.1, 0.1, 0.00606705044, 0.339925392, -0.0349714974, 0.945885404, 1.29079266e-006, 0.32450085, 0.32450085, 1.09111396e-005, -0.945885404, -4.76161601e-006, 1, 9.90182437e-006, 0.945885419, 9.46429481e-006, 0.324500809, 0.324500809, 1.39976007e-005, -0.945885419, -1.34943712e-005, 1, 1.01689551e-005, 0, 0, 0, 0, 0, 0, 0, 0.172176123, 0.165739209, 0.148003223, -0.492281484, 0.72805288, 0.476806867, -0.779663086, -0.612304688, 0.130249023, 0.386949563, -0.307621298, 0.869217957, 0, 0, -0, 0, 0, 0, 0, 0.238257178, 0.14620332, 0.13753667, -0.387241186, 0.747571229, -0.539535323, 0.314453125, -0.442993164, -0.839477539, -0.866636384, -0.494635553, -0.0634582966, 0, 2, 5, 1, 
234.990968, 35, 0.1, 0.1, 0.00606705396, 0.339925395, -0.0349712364, 0.945885297, -3.39325167e-006, 0.324501162, 0.324501162, -5.80583746e-006, -0.945885297, 5.09362787e-006, 1, -4.39054218e-006, 0.945885323, -1.0615791e-005, 0.324501088, 0.324501088, -1.45416924e-005, -0.945885323, 1.47601159e-005, 1, -1.03099377e-005, 0, 0, 0, 0, 0, 0, 0, 0.172176123, 0.165739209, 0.148003223, -0.495189328, 0.730410306, 0.470195877, -0.779174805, -0.612670898, 0.131347656, 0.38419673, -0.301320713, 0.872736874, 0, 0, -0, 0, 0, 0, 0, 0.238257178, 0.14620332, 0.13753667, -0.387241186, 0.747571229, -0.539535323, 0.314453125, -0.442993164, -0.839477539, -0.866636384, -0.494635553, -0.0634582966, 0, 2, 5, 1, 
234.991684, 35, 0.1, 0.1, 0.00606704982, 0.339925391, -0.0349701213, 0.945885188, 8.1041867e-006, 0.32450148, 0.32450148, -1.64381281e-006, -0.945885188, -7.13221047e-006, 1, -4.18467877e-006, 0.945885207, 1.35202537e-005, 0.324501425, 0.324501425, 1.13867091e-005, -0.945885207, -1.64836113e-005, 1, 6.38317815e-006, 0, 0, 0, 0, 0, 0, 0, 0.172465625, 0.165209131, 0.146336621, -0.495189328, 0.730410306, 0.470195877, -0.779174805, -0.612670898, 0.131347656, 0.38419673, -0.301320713, 0.872736874, 0, 0, -0, 0, 0, 0, 0, 0.238843311, 0.145545654, 0.136491211, -0.3853498, 0.744746909, -0.544615234, 0.318847656, -0.446411133, -0.83605957, -0.86594662, -0.4957916, -0.0653423865, 0, 2, 5, 1, 
234.992383, 35, 0.1, 0.1, 0.00606705402, 0.339925392, -0.03496895, 0.945885159, -1.01839484e-005, 0.324501565, 0.324501565, 1.1661018e-005, -0.945885159, 5.84882702e-006, 1, 1.4334691e-005, 0.945885158, -1.69817086e-005, 0.324501569, 0.324501569, 3.9230535e-006, -0.945885158, 1.47897091e-005, 1, 9.22134915e-006, 0, 0, 0, 0, 0, 0, 0, 0.172465625, 0.165209131, 0.146336621, -0.495189328, 0.730410306, 0.470195877, -0.779174805, -0.612670898, 0.131347656, 0.38419673, -0.301320713, 0.872736874, 0, 0, -0, 0, 0, 0, 0, 0.238843311, 0.145545654, 0.136491211, -0.3853498, 0.744746909, -0.544615234, 0.318847656, -0.446411133, -0.83605957, -0.86594662, -0.4957916, -0.0653423865, 0, 2, 5, 1, 
234.993086, 35, 0.1, 0.1, 0.00606704987, 0.339925392, -0.0349680461, 0.945885226, 6.81734586e-006, 0.324501369, 0.324501369, -8.60289061e-006, -0.945885226, -3.65677695e-006, 1, -1.03495852e-005, 0.945885205, 1.67176677e-005, 0.32450143, 0.32450143, -5.34674183e-006, -0.945885206, -1.40779691e-005, 1, -1.04823111e-005, 0, 0, 0, 0, 0, 0, 0, 0.172465625, 0.165209131, 0.146336621, -0.495189328, 0.730410306, 0.470195877, -0.779174805, -0.612670898, 0.131347656, 0.38419673, -0.301320713, 0.872736874, 0, 0, -0, 0, 0, 0, 0, 0.238843311, 0.145545654, 0.136491211, -0.3853498, 0.744746909, -0.544615234, 0.318847656, -0.446411133, -0.83605957, -0.86594662, -0.4957916, -0.0653423865, 0, 2, 5, 1, 
234.993784, 35, 0.1, 0.1, 0.006067056, 0.339925391, -0.0349675803, 0.945885363, -9.89369648e-006, 0.32450097, 0.32450097, 2.60969564e-006, -0.945885363, 8.51145393e-006, 1, 5.67898701e-006, 0.945885334, -2.14199894e-005, 0.324501055, 0.324501055, 5.24083844e-006, -0.945885334, 1.85601963e-005, 1, 1.19080414e-005, 0, 0, 0, 0, 0, 0, 0, 0.172465625, 0.165209131, 0.146336621, -0.495189328, 0.730410306, 0.470195877, -0.779174805, -0.612670898, 0.131347656, 0.38419673, -0.301320713, 0.872736874, 0, 0, -0, 0, 0, 0, 0, 0.238843311, 0.145545654, 0.136491211, -0.3853498, 0.744746909, -0.544615234, 0.318847656, -0.446411133, -0.83605957, -0.86594662, -0.4957916, -0.0653423865, 0, 2, 5, 1, 
234.994487, 35, 0.1, 0.1, 0.00606705087, 0.339925392, -0.0349676805, 0.945885497, 4.4182579e-006, 0.32450058, 0.32450058, 6.98675037e-006, -0.945885497, -6.44637062e-006, 1, 5.17493859e-006, 0.945885473, 1.69437428e-005, 0.324500649, 0.324500649, -5.29493328e-007, -0.945885474, -1.58550192e-005, 1, -5.99909556e-006, 0, 0, 0, 0, 0, 0, 0, 0.172465625, 0.165209131, 0.146336621, -0.495189328, 0.730410306, 0.470195877, -0.779174805, -0.612670898, 0.131347656, 0.38419673, -0.301320713, 0.872736874, 0, 0, -0, 0, 0, 0, 0, 0.238843311, 0.145545654, 0.136491211, -0.3853498, 0.744746909, -0.544615234, 0.318847656, -0.446411133, -0.83605957, -0.86594662, -0.4957916, -0.0653423865, 0, 2, 5, 1, 
234.99519, 35, 0.1, 0.1, 0.00606705516, 0.339925394, -0.0349683192, 0.945885546, -4.95588247e-007, 0.324500437, 0.324500437, -1.57503315e-005, -0.945885546, 5.57975922e-006, 1, -1.47371923e-005, 0.945885544, -1.15086566e-005, 0.324500443, 0.324500443, -1.35408364e-005, -0.945885544, 1.52798794e-005, 1, -9.07351722e-006, 0, 0, 0, 0, 0, 0, 0, 0.172465625, 0.165209131, 0.146336621, -0.495189328, 0.730410306, 0.470195877, -0.779174805, -0.612670898, 0.131347656, 0.38419673, -0.301320713, 0.872736874, 0, 0, -0, 0, 0, 0, 0, 0.238843311, 0.145545654, 0.136491211, -0.3853498, 0.744746909, -0.544615234, 0.318847656, -0.446411133, -0.83605957, -0.86594662, -0.4957916, -0.0653423865, 0, 2, 5, 1, 
234.995907, 35, 0.1, 0.1, 0.00606705057, 0.339925392, -0.0349691984, 0.945885492, 2.60316584e-006, 0.324500595, 0.324500595, 1.05825455e-005, -0.945885492, -5.89633911e-006, 1, 9.16514737e-006, 0.94588551, 1.20370221e-005, 0.324500542, 0.324500541, 1.3927263e-005, -0.94588551, -1.59050491e-005, 1, 9.26757605e-006, 0, 0, 0, 0, 0, 0, 0, 0.172757813, 0.164666846, 0.144678198, -0.498058981, 0.732526597, 0.463768733, -0.778442383, -0.61328125, 0.13269043, 0.381685032, -0.294981936, 0.875855896, 0, 0, -0, 0, 0, 0, 0, 0.238843311, 0.145545654, 0.136491211, -0.384295465, 0.74187155, -0.549426455, 0.321166992, -0.450439453, -0.832885742, -0.865467577, -0.49646204, -0.06511161, 0, 2, 5, 1, 
234.996628, 35, 0.1, 0.1, 0.00606705462, 0.339925396, -0.0349696189, 0.945885366, -4.31697526e-006, 0.324500963, 0.324500963, -9.12739984e-006, -0.945885366, 7.04521376e-006, 1, -7.23261131e-006, 0.945885392, -1.14386481e-005, 0.324500886, 0.324500886, -1.76670741e-005, -0.945885392, 1.65526313e-005, 1, -1.29991759e-005, 0, 0, 0, 0, 0, 0, 0, 0.172757813, 0.164666846, 0.144678198, -0.498058981, 0.732526597, 0.463768733, -0.778442383, -0.61328125, 0.13269043, 0.381685032, -0.294981936, 0.875855896, 0, 0, -0, 0, 0, 0, 0, 0.239146387, 0.144894824, 0.134838281, -0.384295465, 0.74187155, -0.549426455, 0.321166992, -0.450439453, -0.832885742, -0.865467577, -0.49646204, -0.06511161, 0, 2, 5, 1, 
234.997331, 35, 0.1, 0.1, 0.00606705073, 0.339925393, -0.0349699591, 0.945885244, 8.41630812e-006, 0.324501317, 0.324501317, -3.22612846e-006, -0.945885244, -6.91397873e-006, 1, -5.78265038e-006, 0.945885266, 1.33587404e-005, 0.324501254, 0.324501254, 9.19738601e-006, -0.945885266, -1.5620399e-005, 1, 4.36474391e-006, 0, 0, 0, 0, 0, 0, 0, 0.172757813, 0.164666846, 0.144678198, -0.498058981, 0.732526597, 0.463768733, -0.778442383, -0.61328125, 0.13269043, 0.381685032, -0.294981936, 0.875855896, 0, 0, -0, 0, 0, 0, 0, 0.239146387, 0.144894824, 0.134838281, -0.384295465, 0.74187155, -0.549426455, 0.321166992, -0.450439453, -0.832885742, -0.865467577, -0.49646204, -0.06511161, 0, 2, 5, 1, 
234.998029, 35, 0.1, 0.1, 0.00606705434, 0.339925395, -0.0349701781, 0.945885201, -8.37476173e-006, 0.324501444, 0.324501444, 1.14796204e-005, -0.945885201, 4.19640979e-006, 1, 1.35760253e-005, 0.945885202, -1.51281292e-005, 0.324501439, 0.324501439, 3.39082075e-006, -0.945885202, 1.32091473e-005, 1, 8.11642686e-006, 0, 0, 0, 0, 0, 0, 0, 0.172757813, 0.164666846, 0.144678198, -0.498058981, 0.732526597, 0.463768733, -0.778442383, -0.61328125, 0.13269043, 0.381685032, -0.294981936, 0.875855896, 0, 0, -0, 0, 0, 0, 0, 0.239146387, 0.144894824, 0.134838281, -0.384295465, 0.74187155, -0.549426455, 0.321166992, -0.450439453, -0.832885742, -0.865467577, -0.49646204, -0.06511161, 0, 2, 5, 1, 
234.998727, 35, 0.1, 0.1, 0.00606704947, 0.339925393, -0.0349701376, 0.945885253, 9.78532476e-006, 0.324501293, 0.324501293, -5.02870018e-006, -0.945885253, -7.62397467e-006, 1, -7.93192387e-006, 0.945885236, 1.85404968e-005, 0.32450134, 0.32450134, -2.37418209e-006, -0.945885236, -1.67667569e-005, 1, -8.26211983e-006, 0, 0, 0, 0, 0, 0, 0, 0.172757813, 0.164666846, 0.144678198, -0.498058981, 0.732526597, 0.463768733, -0.778442383, -0.61328125, 0.13269043, 0.381685032, -0.294981936, 0.875855896, 0, 0, -0, 0, 0, 0, 0, 0.239146387, 0.144894824, 0.134838281, -0.384295465, 0.74187155, -0.549426455, 0.321166992, -0.450439453, -0.832885742, -0.865467577, -0.49646204, -0.06511161, 0, 2, 5, 1, 
234.999435, 35, 0.1, 0.1, 0.00606705421, 0.339925392, -0.034969864, 0.945885371, -6.90713894e-006, 0.324500947, 0.324500947, 5.86243826e-006, -0.945885371, 4.63099491e-006, 1, 7.78656771e-006, 0.945885347, -1.70291981e-005, 0.324501018, 0.324501019, 8.70911582e-006, -0.945885347, 1.3281552e-005, 1, 1.37638172e-005, 0, 0, 0, 0, 0, 0, 0, 0.172757813, 0.164666846, 0.144678198, -0.498058981, 0.732526597, 0.463768733, -0.778442383, -0.61328125, 0.13269043, 0.381685032, -0.294981936, 0.875855896, 0, 0, -0, 0, 0, 0, 0, 0.239146387, 0.144894824, 0.134838281, -0.384295465, 0.74187155, -0.549426455, 0.321166992, -0.450439453, -0.832885742, -0.865467577, -0.49646204, -0.06511161, 0, 2, 5, 1, 
235.000215, 35, 0.1, 0.1, 0.00606705012, 0.339925391, -0.0349691547, 0.945885497, -4.0419377e-006, 0.324500581, 0.324500581, 1.06489024e-005, -0.945885497, 3.67635224e-007, 1, 1.13842535e-005, 0.945885464, 1.52032382e-005, 0.324500675, 0.324500675, 5.18459211e-007, -0.945885464, -1.45487624e-005, 1, -4.44305802e-006, 0, 0, 0, 0, 0, 0, 0, 0.172757813, 0.164666846, 0.144678198, -0.498058981, 0.732526597, 0.463768733, -0.778442383, -0.61328125, 0.13269043, 0.381685032, -0.294981936, 0.875855896, 0, 0, -0, 0, 0, 0, 0, 0.239146387, 0.144894824, 0.134838281, -0.384295465, 0.74187155, -0.549426455, 0.321166992, -0.450439453, -0.832885742, -0.865467577, -0.49646204, -0.06511161, 0, 2, 5, 1, 
235.001184, 35, 0.1, 0.1, 0.00606704921, 0.33992539, -0.0349639113, 0.945885646, 1.28001133e-005, 0.324500145, 0.324500145, -1.83425223e-005, -0.945885646, -6.15529227e-006, 1, -2.15035672e-005, 0.945885619, 1.54749626e-005, 0.324500224, 0.324500224, -1.00427554e-005, -0.945885619, -1.13786682e-005, 1, -1.45209267e-005, 0, 0, 0, 0, 0, 0, 0, 0.173064038, 0.164112964, 0.142824365, -0.500762761, 0.734376666, 0.457906235, -0.777099609, -0.614379883, 0.135620117, 0.381000941, -0.287983034, 0.878638304, 0, 0, -0, 0, 0, 0, 0, 0.239722754, 0.144387158, 0.133518311, -0.382697921, 0.738127057, -0.555407217, 0.325927734, -0.454589844, -0.828857422, -0.864317727, -0.498205772, -0.0665994123, 0, 2, 5, 1, 
235.001879, 35, 0.1, 0.1, 0.00606705053, 0.339925389, -0.0349612754, 0.945885815, -5.81460848e-006, 0.324499654, 0.324499654, 3.18425547e-005, -0.945885814, -4.83294229e-006, 0.999999999, 3.20062592e-005, 0.945885781, -4.23292273e-006, 0.324499752, 0.324499752, 1.95201761e-005, -0.945885781, -2.3304309e-006, 1, 1.98374394e-005, 0, 0, 0, 0, 0, 0, 0, 0.173064038, 0.164112964, 0.142824365, -0.500762761, 0.734376666, 0.457906235, -0.777099609, -0.614379883, 0.135620117, 0.381000941, -0.287983034, 0.878638304, 0, 0, -0, 0, 0, 0, 0, 0.239722754, 0.144387158, 0.133518311, -0.382697921, 0.738127057, -0.555407217, 0.325927734, -0.454589844, -0.828857422, -0.864317727, -0.498205772, -0.0665994123, 0, 2, 5, 1, 
235.002578, 35, 0.1, 0.1, 0.00606705449, 0.339925385, -0.034961255, 0.945885924, 6.35538197e-006, 0.324499336, 0.324499336, -1.84545875e-005, -0.945885924, -2.2964937e-008, 1, -1.95182518e-005, 0.945885912, -1.10864062e-005, 0.324499371, 0.324499371, 3.26294014e-007, -0.945885912, 1.03805933e-005, 1, 3.90616876e-006, 0, 0, 0, 0, 0, 0, 0, 0.173064038, 0.164112964, 0.142824365, -0.500762761, 0.734376666, 0.457906235, -0.777099609, -0.614379883, 0.135620117, 0.381000941, -0.287983034, 0.878638304, 0, 0, -0, 0, 0, 0, 0, 0.239722754, 0.144387158, 0.133518311, -0.382697921, 0.738127057, -0.555407217, 0.325927734, -0.454589844, -0.828857422, -0.864317727, -0.498205772, -0.0665994123, 0, 2, 5, 1, 
235.003291, 35, 0.1, 0.1, 0.00606705175, 0.339925397, -0.0349637795, 0.945886032, 7.35074762e-007, 0.32449902, 0.32449902, -2.13609735e-005, -0.945886032, 6.236318e-006, 1, -2.04435775e-005, 0.945886003, 1.61862541e-006, 0.324499105, 0.324499104, -3.72372018e-005, -0.945886003, 1.05524035e-005, 0.999999999, -3.57473905e-005, 0, 0, 0, 0, 0, 0, 0, 0.173064038, 0.164112964, 0.142824365, -0.500762761, 0.734376666, 0.457906235, -0.777099609, -0.614379883, 0.135620117, 0.381000941, -0.287983034, 0.878638304, 0, 0, -0, 0, 0, 0, 0, 0.239722754, 0.144387158, 0.133518311, -0.380697893, 0.734210123, -0.561924623, 0.330444336, -0.459350586, -0.82434082, -0.863493802, -0.499476658, -0.0676526475, 0, 2, 5, 1, 
235.003982, 35, 0.1, 0.1, 0.0060670526, 0.339925393, -0.0349676653, 0.945886143, -9.10184824e-006, 0.324498696, 0.324498697, 1.08466074e-005, -0.945886143, 5.08960217e-006, 1, 1.32131935e-005, 0.945886128, -9.05387736e-006, 0.324498742, 0.324498742, 1.71809459e-005, -0.945886128, 2.98874167e-006, 1, 1.91891902e-005, 0, 0, 0, 0, 0, 0, 0, 0.173064038, 0.164112964, 0.142824365, -0.500762761, 0.734376666, 0.457906235, -0.777099609, -0.614379883, 0.135620117, 0.381000941, -0.287983034, 0.878638304, 0, 0, -0, 0, 0, 0, 0, 0.240095654, 0.143878027, 0.132171973, -0.380697893, 0.734210123, -0.561924623, 0.330444336, -0.459350586, -0.82434082, -0.863493802, -0.499476658, -0.0676526475, 0, 2, 5, 1, 
235.004681, 35, 0.1, 0.1, 0.00606704855, 0.339925399, -0.0349718896, 0.945886206, 1.17463382e-005, 0.324498514, 0.324498515, -2.60840114e-005, -0.945886205, -2.64647631e-006, 1, -2.84841759e-005, 0.945886191, 1.82043068e-005, 0.324498556, 0.324498556, -2.54003338e-005, -0.945886191, -8.97683077e-006, 1, -2.99330963e-005, 0, 0, 0, 0, 0, 0, 0, 0.173064038, 0.164112964, 0.142824365, -0.500762761, 0.734376666, 0.457906235, -0.777099609, -0.614379883, 0.135620117, 0.381000941, -0.287983034, 0.878638304, 0, 0, -0, 0, 0, 0, 0, 0.240095654, 0.143878027, 0.132171973, -0.380697893, 0.734210123, -0.561924623, 0.330444336, -0.459350586, -0.82434082, -0.863493802, -0.499476658, -0.0676526475, 0, 2, 5, 1, 
235.00538, 35, 0.1, 0.1, 0.00606705202, 0.339925399, -0.0349752171, 0.94588633, -8.93991937e-006, 0.324498153, 0.324498153, 1.97012342e-005, -0.945886329, 2.0631334e-006, 1, 2.15361154e-005, 0.945886297, -1.49932259e-005, 0.324498249, 0.324498249, 1.20436642e-005, -0.945886297, 1.0273739e-005, 1, 1.62572125e-005, 0, 0, 0, 0, 0, 0, 0, 0.173064038, 0.164112964, 0.142824365, -0.500762761, 0.734376666, 0.457906235, -0.777099609, -0.614379883, 0.135620117, 0.381000941, -0.287983034, 0.878638304, 0, 0, -0, 0, 0, 0, 0, 0.240095654, 0.143878027, 0.132171973, -0.380697893, 0.734210123, -0.561924623, 0.330444336, -0.459350586, -0.82434082, -0.863493802, -0.499476658, -0.0676526475, 0, 2, 5, 1, 
235.006095, 35, 0.1, 0.1, 0.0060670475, 0.339925395, -0.03497652, 0.945886542, 1.41694867e-005, 0.324497534, 0.324497534, -5.77246047e-006, -0.945886542, -1.15295776e-005, 1, -1.00580562e-005, 0.945886493, 1.82710215e-005, 0.324497677, 0.324497677, 3.76525072e-006, -0.945886493, -1.85041275e-005, 1, -2.36740422e-006, 0, 0, 0, 0, 0, 0, 0, 0.173398096, 0.163574707, 0.140967847, -0.502901896, 0.736550245, 0.452005544, -0.776245117, -0.614868164, 0.138427734, 0.379980236, -0.281282555, 0.881179576, 0, 0, -0, 0, 0, 0, 0, 0.240095654, 0.143878027, 0.132171973, -0.380697893, 0.734210123, -0.561924623, 0.330444336, -0.459350586, -0.82434082, -0.863493802, -0.499476658, -0.0676526475, 0, 2, 5, 1, 
235.006786, 35, 0.1, 0.1, 0.00606705286, 0.339925398, -0.0349756731, 0.945886818, -2.7482765e-005, 0.324496728, 0.324496729, -3.04169263e-007, -0.945886818, 2.6094287e-005, 1, 8.63035763e-006, 0.945886759, -2.66158663e-005, 0.3244969, 0.3244969, -5.22604423e-006, -0.94588676, 2.68714307e-005, 1, 3.69352004e-006, 0, 0, 0, 0, 0, 0, 0, 0.173398096, 0.163574707, 0.140967847, -0.502901896, 0.736550245, 0.452005544, -0.776245117, -0.614868164, 0.138427734, 0.379980236, -0.281282555, 0.881179576, 0, 0, -0, 0, 0, 0, 0, 0.240095654, 0.143878027, 0.132171973, -0.380697893, 0.734210123, -0.561924623, 0.330444336, -0.459350586, -0.82434082, -0.863493802, -0.499476658, -0.0676526475, 0, 2, 5, 1, 
235.007486, 35, 0.1, 0.1, 0.00606705246, 0.339925398, -0.0349731217, 0.945887113, 1.84388851e-005, 0.324495869, 0.324495869, 7.90905887e-007, -0.945887113, -1.76977495e-005, 1, -5.23523438e-006, 0.945887059, 1.52775173e-005, 0.324496026, 0.324496026, -1.7173493e-006, -0.945887059, -1.38935329e-005, 1, -6.58191212e-006, 0, 0, 0, 0, 0, 0, 0, 0.173398096, 0.163574707, 0.140967847, -0.502901896, 0.736550245, 0.452005544, -0.776245117, -0.614868164, 0.138427734, 0.379980236, -0.281282555, 0.881179576, 0, 0, -0, 0, 0, 0, 0, 0.240095654, 0.143878027, 0.132171973, -0.380697893, 0.734210123, -0.561924623, 0.330444336, -0.459350586, -0.82434082, -0.863493802, -0.499476658, -0.0676526475, 0, 2, 5, 1, 
235.008214, 35, 0.1, 0.1, 0.00606705237, 0.339925398, -0.0349694117, 0.945887358, -1.06505753e-005, 0.324495155, 0.324495155, 1.98952496e-006, -0.945887358, 9.42865331e-006, 1, 5.33792659e-006, 0.945887308, -8.3461761e-006, 0.324495302, 0.324495302, -4.56056864e-006, -0.945887308, 9.37442514e-006, 1, -1.60548906e-006, 0, 0, 0, 0, 0, 0, 0, 0.173754492, 0.162847021, 0.139086914, -0.50462204, 0.739339766, 0.445622584, -0.775512695, -0.614990234, 0.142211914, 0.379263944, -0.273814488, 0.883797233, 0, 0, -0, 0, 0, 0, 0, 0.240095654, 0.143878027, 0.132171973, -0.379387995, 0.730120748, -0.568173341, 0.333007813, -0.465087891, -0.820068359, -0.86311064, -0.500274696, -0.0665910162, 0, 2, 5, 1, 
235.008906, 35, 0.1, 0.1, 0.00606704983, 0.339925399, -0.0349659401, 0.945887607, 6.64597533e-006, 0.32449443, 0.32449443, -1.06356207e-005, -0.945887607, -2.83514602e-006, 1, -1.22166838e-005, 0.945887555, 1.4368882e-005, 0.32449458, 0.32449458, -1.0185098e-005, -0.945887555, -1.02863376e-005, 1, -1.42965818e-005, 0, 0, 0, 0, 0, 0, 0, 0.173754492, 0.162847021, 0.139086914, -0.50462204, 0.739339766, 0.445622584, -0.775512695, -0.614990234, 0.142211914, 0.379263944, -0.273814488, 0.883797233, 0, 0, -0, 0, 0, 0, 0, 0.240636865, 0.143144189, 0.130441406, -0.379387995, 0.730120748, -0.568173341, 0.333007813, -0.465087891, -0.820068359, -0.86311064, -0.500274696, -0.0665910162, 0, 2, 5, 1, 
235.009608, 35, 0.1, 0.1, 0.00606705456, 0.339925397, -0.0349637001, 0.945887897, -1.20970944e-006, 0.324493583, 0.324493583, 1.20069474e-005, -0.945887897, -2.75192785e-006, 1, 1.17497691e-005, 0.945887838, -1.55199085e-005, 0.324493757, 0.324493757, 1.4067417e-005, -0.945887838, 1.01153037e-005, 1, 1.83423121e-005, 0, 0, 0, 0, 0, 0, 0, 0.173754492, 0.162847021, 0.139086914, -0.50462204, 0.739339766, 0.445622584, -0.775512695, -0.614990234, 0.142211914, 0.379263944, -0.273814488, 0.883797233, 0, 0, -0, 0, 0, 0, 0, 0.240636865, 0.143144189, 0.130441406, -0.379387995, 0.730120748, -0.568173341, 0.333007813, -0.465087891, -0.820068359, -0.86311064, -0.500274696, -0.0665910162, 0, 2, 5, 1, 
235.010311, 35, 0.1, 0.1, 0.00606705538, 0.339925398, -0.0349633468, 0.945888224, -1.95440123e-005, 0.324492632, 0.324492632, -4.68153348e-006, -0.945888224, 2.00055742e-005, 1, 1.91368058e-006, 0.945888162, -1.33831476e-005, 0.324492812, 0.324492812, -3.34374266e-006, -0.945888162, 1.37439814e-005, 1, 1.17992861e-006, 0, 0, 0, 0, 0, 0, 0, 0.173754492, 0.162847021, 0.139086914, -0.50462204, 0.739339766, 0.445622584, -0.775512695, -0.614990234, 0.142211914, 0.379263944, -0.273814488, 0.883797233, 0, 0, -0, 0, 0, 0, 0, 0.240636865, 0.143144189, 0.130441406, -0.379387995, 0.730120748, -0.568173341, 0.333007813, -0.465087891, -0.820068359, -0.86311064, -0.500274696, -0.0665910162, 0, 2, 5, 1, 
235.011003, 35, 0.1, 0.1, 0.00606705618, 0.339925398, -0.0349648408, 0.945888495, 8.40535022e-006, 0.32449184, 0.32449184, 2.53807376e-006, -0.945888495, -8.7741083e-006, 1, -3.26732788e-007, 0.945888443, 6.41344109e-006, 0.324491993, 0.324491993, 7.55498937e-006, -0.945888443, -8.51793337e-006, 1, 5.06506685e-006, 0, 0, 0, 0, 0, 0, 0, 0.173754492, 0.162847021, 0.139086914, -0.50462204, 0.739339766, 0.445622584, -0.775512695, -0.614990234, 0.142211914, 0.379263944, -0.273814488, 0.883797233, 0, 0, -0, 0, 0, 0, 0, 0.240636865, 0.143144189, 0.130441406, -0.379387995, 0.730120748, -0.568173341, 0.333007813, -0.465087891, -0.820068359, -0.86311064, -0.500274696, -0.0665910162, 0, 2, 5, 1, 
