time, trialNum, realDorsalTactorPos, realVentralTactorPos, boxPosX, boxPosY, boxPosZ, boxLocalRot_11, boxLocalRot_12, boxLocalRot_13, boxLocalRot_21, boxLocalRot_22, boxLocalRot_23, boxLocalRot_31, boxLocalRot_32, boxLocalRot_33, boxGlobalRot_11, boxGlobalRot_12, boxGlobalRot_13, boxGlobalRot_21, boxGlobalRot_22, boxGlobalRot_23, boxGlobalRot_31, boxGlobalRot_32, boxGlobalRot_33, indexForceX, indexForceY, indexForceZ, indexForceGlobalX, indexForceGlobalY, indexForceGlobalZ, indexContact, indexPosX, indexPosY, indexPosZ, indexRot_11, indexRot_12, indexRot_13, indexRot_21, indexRot_22, indexRot_23, indexRot_31, indexRot_32, indexRot_33, thumbForceX, thumbForceY, thumbForceZ, thumbForceGlobalX, thumbForceGlobalY, thumbForceGlobalZ, thumbContact, thumbPosX, thumbPosY, thumbPosZ, thumbRot_11, thumbRot_12, thumbRot_13, thumbRot_21, thumbRot_22, thumbRot_23, thumbRot_31, thumbRot_32, thumbRot_33, manipForceTooHigh, cceExpType, mapping, trialSuccess, 
283.776487, 44, 0.1, 0.1, 0.00941653185, 0.359496144, -0.0349752021, 0.903846442, -0.427856997, 4.9023666e-006, 0.427856997, 0.903846441, 1.4805201e-005, -1.07654955e-005, -1.12841164e-005, 1, 0.903846428, -0.427857026, 1.11722921e-008, 0.427857026, 0.903846428, 2.55423718e-005, -1.09385813e-005, -2.30816013e-005, 1, 0, 0, 0, 0, 0, 0, 0, 0.162007202, 0.153867603, 0.16050874, -0.601967526, 0.679666692, 0.418977183, -0.674072266, -0.713867188, 0.189453125, 0.427928185, -0.168332268, 0.88801745, 0, 0, -0, 0, 0, 0, 0, 0.24605542, 0.147826465, 0.162175342, -0.246048596, 0.855740856, -0.454959064, 0.41394043, -0.331665039, -0.84765625, -0.876344986, -0.396855599, -0.272560026, 0, 2, 1, 1, 
283.819709, 44, 0.1, 0.1, 0.00941655557, 0.359496097, -0.0349714615, 0.903845906, -0.427858129, -4.55498106e-006, 0.427858129, 0.903845906, -2.33418912e-005, 1.41040189e-005, 1.91485871e-005, 1, 0.903845822, -0.427858306, -1.29380848e-006, 0.427858306, 0.903845822, -2.26922813e-005, 1.08784844e-005, 1.99567569e-005, 1, 0, 0, 0, 0, 0, 0, 0, 0.163060498, 0.152094043, 0.149130615, -0.610224878, 0.707266486, 0.356668529, -0.684204102, -0.697387695, 0.212646484, 0.399203181, -0.114244661, 0.909750997, 0, 0, -0, 0, 0, 0, 0, 0.246507568, 0.145801709, 0.152315283, -0.241172476, 0.833432846, -0.497026716, 0.42956543, -0.367431641, -0.824829102, -0.870186321, -0.412333736, -0.269371467, 0, 2, 1, 1, 
283.820415, 44, 0.1, 0.1, 0.00941655633, 0.359496093, -0.0349736137, 0.903846312, -0.427857271, 4.45709797e-007, 0.427857271, 0.903846312, 3.0558987e-005, -1.34777379e-005, -2.74299275e-005, 1, 0.903846238, -0.427857427, 8.78750159e-007, 0.427857426, 0.903846238, 2.6190922e-005, -1.20002355e-005, -2.32965866e-005, 1, 0, 0, 0, 0, 0, 0, 0, 0.162987134, 0.151958691, 0.147754028, -0.611740958, 0.708482639, 0.35154741, -0.682128906, -0.697509766, 0.219116211, 0.400555632, -0.105785846, 0.910191327, 0, 0, -0, 0, 0, 0, 0, 0.246507568, 0.145801709, 0.152315283, -0.241172476, 0.833432846, -0.497026716, 0.42956543, -0.367431641, -0.824829102, -0.870186321, -0.412333736, -0.269371467, 0, 2, 1, 1, 
283.821109, 44, 0.1, 0.1, 0.00941655913, 0.35949609, -0.0349744745, 0.903846631, -0.427856597, -8.10401986e-006, 0.427856597, 0.903846631, -2.10686306e-005, 1.63391437e-005, 1.55754525e-005, 1, 0.90384658, -0.427856705, -1.10068588e-005, 0.427856705, 0.90384658, -1.15534246e-005, 1.48917218e-005, 5.73316495e-006, 1, 0, 0, 0, 0, 0, 0, 0, 0.162987134, 0.151958691, 0.147754028, -0.611740958, 0.708482639, 0.35154741, -0.682128906, -0.697509766, 0.219116211, 0.400555632, -0.105785846, 0.910191327, 0, 0, -0, 0, 0, 0, 0, 0.246507568, 0.145801709, 0.152315283, -0.241172476, 0.833432846, -0.497026716, 0.42956543, -0.367431641, -0.824829102, -0.870186321, -0.412333736, -0.269371467, 0, 2, 1, 1, 
283.82181, 44, 0.1, 0.1, 0.00941655655, 0.359496092, -0.0349738886, 0.903846815, -0.427856209, 9.88627393e-006, 0.427856209, 0.903846815, 1.39448451e-005, -1.49020658e-005, -8.37410015e-006, 1, 0.903846791, -0.427856259, 1.44523244e-005, 0.427856259, 0.903846791, 7.15802838e-007, -1.33689478e-005, 5.53654137e-006, 1, 0, 0, 0, 0, 0, 0, 0, 0.162987134, 0.151958691, 0.147754028, -0.611740958, 0.708482639, 0.35154741, -0.682128906, -0.697509766, 0.219116211, 0.400555632, -0.105785846, 0.910191327, 0, 0, -0, 0, 0, 0, 0, 0.246507568, 0.145801709, 0.152315283, -0.241172476, 0.833432846, -0.497026716, 0.42956543, -0.367431641, -0.824829102, -0.870186321, -0.412333736, -0.269371467, 0, 2, 1, 1, 
283.822526, 44, 0.1, 0.1, 0.00941656054, 0.359496087, -0.0349718601, 0.90384685, -0.427856134, -1.54605655e-005, 0.427856134, 0.90384685, -9.70728447e-006, 1.81273046e-005, 2.15900073e-006, 1, 0.903846854, -0.427856125, -1.94399055e-005, 0.427856125, 0.903846855, 1.39152121e-006, 1.69753265e-005, -9.57520469e-006, 1, 0, 0, 0, 0, 0, 0, 0, 0.163018872, 0.151237842, 0.146394409, -0.611188295, 0.71143691, 0.346768896, -0.682006836, -0.695678711, 0.225341797, 0.401704018, -0.0988382402, 0.910453801, 0, 0, -0, 0, 0, 0, 0, 0.246494629, 0.145333594, 0.151149121, -0.241626, 0.830493321, -0.501588571, 0.430786133, -0.371337891, -0.822387695, -0.869374789, -0.414729318, -0.268009796, 0, 2, 1, 1, 
283.823218, 44, 0.1, 0.1, 0.00941655856, 0.359496086, -0.0349692953, 0.903846765, -0.427856314, 1.42440036e-005, 0.427856314, 0.903846765, 1.5295565e-005, -1.94187007e-005, -7.7304601e-006, 1, 0.903846788, -0.427856264, 1.40569898e-005, 0.427856264, 0.903846789, 1.10152299e-005, -1.74183002e-005, -3.94170904e-006, 1, 0, 0, 0, 0, 0, 0, 0, 0.163018872, 0.151237842, 0.146394409, -0.611188295, 0.71143691, 0.346768896, -0.682006836, -0.695678711, 0.225341797, 0.401704018, -0.0988382402, 0.910453801, 0, 0, -0, 0, 0, 0, 0, 0.246494629, 0.145333594, 0.151149121, -0.241626, 0.830493321, -0.501588571, 0.430786133, -0.371337891, -0.822387695, -0.869374789, -0.414729318, -0.268009796, 0, 2, 1, 1, 
283.823906, 44, 0.1, 0.1, 0.00941656025, 0.359496085, -0.0349671071, 0.903846676, -0.427856501, -1.76010392e-005, 0.427856501, 0.903846676, -7.68581143e-006, 1.91970651e-005, -5.83923921e-007, 1, 0.903846688, -0.427856476, -1.64103052e-005, 0.427856476, 0.903846688, -5.58802679e-006, 1.72232734e-005, -1.97053583e-006, 1, 0, 0, 0, 0, 0, 0, 0, 0.163018872, 0.151237842, 0.146394409, -0.611188295, 0.71143691, 0.346768896, -0.682006836, -0.695678711, 0.225341797, 0.401704018, -0.0988382402, 0.910453801, 0, 0, -0, 0, 0, 0, 0, 0.246494629, 0.145333594, 0.151149121, -0.241626, 0.830493321, -0.501588571, 0.430786133, -0.371337891, -0.822387695, -0.869374789, -0.414729318, -0.268009796, 0, 2, 1, 1, 
283.824594, 44, 0.1, 0.1, 0.00941655849, 0.359496083, -0.0349659098, 0.903846566, -0.427856733, 1.40616579e-005, 0.427856733, 0.903846567, 2.1078845e-005, -2.17283069e-005, -1.30356666e-005, 1, 0.903846595, -0.427856672, 1.40772994e-005, 0.427856672, 0.903846595, 1.61454559e-005, -1.96316602e-005, -8.56994889e-006, 1, 0, 0, 0, 0, 0, 0, 0, 0.163018872, 0.151237842, 0.146394409, -0.611188295, 0.71143691, 0.346768896, -0.682006836, -0.695678711, 0.225341797, 0.401704018, -0.0988382402, 0.910453801, 0, 0, -0, 0, 0, 0, 0, 0.246494629, 0.145333594, 0.151149121, -0.241626, 0.830493321, -0.501588571, 0.430786133, -0.371337891, -0.822387695, -0.869374789, -0.414729318, -0.268009796, 0, 2, 1, 1, 
283.825292, 44, 0.1, 0.1, 0.00941655941, 0.359496084, -0.0349658545, 0.903846418, -0.427857047, -1.26010115e-005, 0.427857046, 0.903846418, -2.4254553e-005, 2.17668605e-005, 1.65309593e-005, 1, 0.903846445, -0.42785699, -1.0430741e-005, 0.427856989, 0.903846445, -2.25700398e-005, 1.90845375e-005, 1.59369848e-005, 1, 0, 0, 0, 0, 0, 0, 0, 0.163018872, 0.151237842, 0.146394409, -0.611188295, 0.71143691, 0.346768896, -0.682006836, -0.695678711, 0.225341797, 0.401704018, -0.0988382402, 0.910453801, 0, 0, -0, 0, 0, 0, 0, 0.246494629, 0.145333594, 0.151149121, -0.241626, 0.830493321, -0.501588571, 0.430786133, -0.371337891, -0.822387695, -0.869374789, -0.414729318, -0.268009796, 0, 2, 1, 1, 
283.825983, 44, 0.1, 0.1, 0.00941656006, 0.359496079, -0.0349669791, 0.903846297, -0.427857302, 6.08196432e-006, 0.427857302, 0.903846297, 3.47341825e-005, -2.03584346e-005, -2.87921494e-005, 0.999999999, 0.90384632, -0.427857255, 4.39755381e-006, 0.427857255, 0.903846319, 3.07141461e-005, -1.7115983e-005, -2.58793426e-005, 1, 0, 0, 0, 0, 0, 0, 0, 0.163018872, 0.151237842, 0.146394409, -0.611188295, 0.71143691, 0.346768896, -0.682006836, -0.695678711, 0.225341797, 0.401704018, -0.0988382402, 0.910453801, 0, 0, -0, 0, 0, 0, 0, 0.246494629, 0.145333594, 0.151149121, -0.241626, 0.830493321, -0.501588571, 0.430786133, -0.371337891, -0.822387695, -0.869374789, -0.414729318, -0.268009796, 0, 2, 1, 1, 
283.826671, 44, 0.1, 0.1, 0.00941655967, 0.359496078, -0.0349689021, 0.903846173, -0.427857565, 3.24172554e-006, 0.427857565, 0.903846172, -3.40185895e-005, 1.16250897e-005, 3.21345687e-005, 0.999999999, 0.903846207, -0.427857493, -1.10203267e-006, 0.427857493, 0.903846207, -2.1308747e-005, 1.01131751e-005, 1.87883172e-005, 1, 0, 0, 0, 0, 0, 0, 0, 0.163018872, 0.151237842, 0.146394409, -0.611188295, 0.71143691, 0.346768896, -0.682006836, -0.695678711, 0.225341797, 0.401704018, -0.0988382402, 0.910453801, 0, 0, -0, 0, 0, 0, 0, 0.246494629, 0.145333594, 0.151149121, -0.241626, 0.830493321, -0.501588571, 0.430786133, -0.371337891, -0.822387695, -0.869374789, -0.414729318, -0.268009796, 0, 2, 1, 1, 
283.827384, 44, 0.1, 0.1, 0.00941655597, 0.359496086, -0.0349709906, 0.90384595, -0.427858036, -2.38468249e-006, 0.427858036, 0.90384595, -6.82433473e-006, 5.07523207e-006, 5.14784174e-006, 1, 0.903846003, -0.427857924, 1.17019305e-005, 0.427857925, 0.903846002, -1.93413783e-005, -2.30138117e-006, 2.24883911e-005, 1, 0, 0, 0, 0, 0, 0, 0, 0.163055371, 0.150519678, 0.144799341, -0.610534161, 0.714429374, 0.341749248, -0.682006836, -0.693603516, 0.231811523, 0.402712741, -0.0916495, 0.910754468, 0, 0, -0, 0, 0, 0, 0, 0.246494629, 0.145333594, 0.151149121, -0.242200925, 0.827579316, -0.506137666, 0.432128906, -0.375, -0.820068359, -0.868576017, -0.417367704, -0.266769528, 0, 2, 1, 1, 
283.828072, 44, 0.1, 0.1, 0.00941656028, 0.359496075, -0.0349724314, 0.903845817, -0.427858317, -1.03818544e-005, 0.427858317, 0.903845816, 3.58429841e-005, -5.95212316e-006, -3.6838494e-005, 0.999999999, 0.903845837, -0.427858274, -1.0248167e-005, 0.427858274, 0.903845836, 3.95946161e-005, -7.67812104e-006, -4.0172192e-005, 0.999999999, 0, 0, 0, 0, 0, 0, 0, 0.163055371, 0.150519678, 0.144799341, -0.610534161, 0.714429374, 0.341749248, -0.682006836, -0.693603516, 0.231811523, 0.402712741, -0.0916495, 0.910754468, 0, 0, -0, 0, 0, 0, 0, 0.246250146, 0.145085303, 0.14998125, -0.242200925, 0.827579316, -0.506137666, 0.432128906, -0.375, -0.820068359, -0.868576017, -0.417367704, -0.266769528, 0, 2, 1, 1, 
283.828761, 44, 0.1, 0.1, 0.0094165608, 0.359496074, -0.0349731377, 0.903845703, -0.427858557, 4.60755677e-006, 0.427858557, 0.903845703, -2.26360136e-005, 5.52049173e-006, 2.24308462e-005, 1, 0.903845721, -0.42785852, 6.85860743e-006, 0.42785852, 0.903845721, -1.38606437e-005, -2.68728485e-007, 1.54623971e-005, 1, 0, 0, 0, 0, 0, 0, 0, 0.163055371, 0.150519678, 0.144799341, -0.610534161, 0.714429374, 0.341749248, -0.682006836, -0.693603516, 0.231811523, 0.402712741, -0.0916495, 0.910754468, 0, 0, -0, 0, 0, 0, 0, 0.246250146, 0.145085303, 0.14998125, -0.242200925, 0.827579316, -0.506137666, 0.432128906, -0.375, -0.820068359, -0.868576017, -0.417367704, -0.266769528, 0, 2, 1, 1, 
283.829448, 44, 0.1, 0.1, 0.00941655894, 0.359496076, -0.0349729184, 0.903845605, -0.427858765, 1.79506607e-006, 0.427858764, 0.903845605, 1.07411572e-005, -6.21816084e-006, -8.94031301e-006, 1, 0.903845631, -0.42785871, 6.84740516e-006, 0.42785871, 0.903845631, 4.46603502e-006, -8.09982922e-006, -1.1068843e-006, 1, 0, 0, 0, 0, 0, 0, 0, 0.163055371, 0.150519678, 0.144799341, -0.610534161, 0.714429374, 0.341749248, -0.682006836, -0.693603516, 0.231811523, 0.402712741, -0.0916495, 0.910754468, 0, 0, -0, 0, 0, 0, 0, 0.246250146, 0.145085303, 0.14998125, -0.242200925, 0.827579316, -0.506137666, 0.432128906, -0.375, -0.820068359, -0.868576017, -0.417367704, -0.266769528, 0, 2, 1, 1, 
283.830136, 44, 0.1, 0.1, 0.00941655887, 0.359496075, -0.0349718757, 0.90384546, -0.427859071, 9.39801237e-006, 0.427859071, 0.90384546, -1.34657666e-005, -2.73290042e-006, 1.61919969e-005, 1, 0.903845489, -0.42785901, 3.93535556e-006, 0.42785901, 0.903845489, -9.1487231e-006, 3.57410237e-007, 9.95280943e-006, 1, 0, 0, 0, 0, 0, 0, 0, 0.163055371, 0.150519678, 0.144799341, -0.610534161, 0.714429374, 0.341749248, -0.682006836, -0.693603516, 0.231811523, 0.402712741, -0.0916495, 0.910754468, 0, 0, -0, 0, 0, 0, 0, 0.246250146, 0.145085303, 0.14998125, -0.242200925, 0.827579316, -0.506137666, 0.432128906, -0.375, -0.820068359, -0.868576017, -0.417367704, -0.266769528, 0, 2, 1, 1, 
283.830826, 44, 0.1, 0.1, 0.00941655952, 0.359496074, -0.0349703603, 0.903845363, -0.427859276, -3.17843248e-006, 0.427859276, 0.903845362, 2.04488002e-005, -5.87639741e-006, -1.98424751e-005, 1, 0.903845371, -0.427859259, -7.66050168e-006, 0.42785926, 0.903845371, 9.23282239e-006, 2.97356043e-006, -1.16226603e-005, 1, 0, 0, 0, 0, 0, 0, 0, 0.163055371, 0.150519678, 0.144799341, -0.610534161, 0.714429374, 0.341749248, -0.682006836, -0.693603516, 0.231811523, 0.402712741, -0.0916495, 0.910754468, 0, 0, -0, 0, 0, 0, 0, 0.246250146, 0.145085303, 0.14998125, -0.242200925, 0.827579316, -0.506137666, 0.432128906, -0.375, -0.820068359, -0.868576017, -0.417367704, -0.266769528, 0, 2, 1, 1, 
283.831514, 44, 0.1, 0.1, 0.00941656137, 0.359496071, -0.0349688325, 0.903845333, -0.427859339, -1.06130857e-005, 0.427859338, 0.903845333, -1.90254525e-005, 1.77328056e-005, 1.26551586e-005, 1, 0.903845339, -0.427859327, -8.6787481e-006, 0.427859327, 0.903845339, -8.88346595e-006, 1.16451198e-005, 4.31599596e-006, 1, 0, 0, 0, 0, 0, 0, 0, 0.163055371, 0.150519678, 0.144799341, -0.610534161, 0.714429374, 0.341749248, -0.682006836, -0.693603516, 0.231811523, 0.402712741, -0.0916495, 0.910754468, 0, 0, -0, 0, 0, 0, 0, 0.246250146, 0.145085303, 0.14998125, -0.242200925, 0.827579316, -0.506137666, 0.432128906, -0.375, -0.820068359, -0.868576017, -0.417367704, -0.266769528, 0, 2, 1, 1, 
283.832215, 44, 0.1, 0.1, 0.00941656061, 0.35949607, -0.0349676442, 0.903845293, -0.427859422, 1.56648439e-005, 0.427859422, 0.903845293, 2.92479994e-005, -2.66726275e-005, -1.97333155e-005, 0.999999999, 0.903845301, -0.427859406, 1.03745134e-005, 0.427859405, 0.903845301, 1.79791589e-005, -1.70695075e-005, -1.18115451e-005, 1, 0, 0, 0, 0, 0, 0, 0, 0.16295564, 0.150167065, 0.143367822, -0.61252652, 0.715696823, 0.335543021, -0.67980957, -0.693481445, 0.23840332, 0.403399075, -0.0820864814, 0.911366662, 0, 0, -0, 0, 0, 0, 0, 0.246250146, 0.145085303, 0.14998125, -0.242200925, 0.827579316, -0.506137666, 0.432128906, -0.375, -0.820068359, -0.868576017, -0.417367704, -0.266769528, 0, 2, 1, 1, 
283.832917, 44, 0.1, 0.1, 0.00941655797, 0.359496065, -0.0349669607, 0.903845268, -0.427859475, -1.10795195e-005, 0.427859475, 0.903845268, -1.96955462e-005, 1.84410974e-005, 1.30612488e-005, 1, 0.903845264, -0.427859485, 3.83819192e-006, 0.427859485, 0.903845264, -3.87496285e-006, -1.81119198e-006, 5.14457364e-006, 1, 0, 0, 0, 0, 0, 0, 0, 0.16295564, 0.150167065, 0.143367822, -0.61252652, 0.715696823, 0.335543021, -0.67980957, -0.693481445, 0.23840332, 0.403399075, -0.0820864814, 0.911366662, 0, 0, -0, 0, 0, 0, 0, 0.246250635, 0.14459375, 0.148771631, -0.242571326, 0.824448028, -0.511108569, 0.434326172, -0.378662109, -0.817138672, -0.867387521, -0.420274412, -0.266187306, 0, 2, 1, 1, 
283.833606, 44, 0.1, 0.1, 0.00941656787, 0.359496068, -0.0349672416, 0.903845353, -0.427859296, -2.48792406e-005, 0.427859297, 0.903845353, 9.78492317e-006, 1.83004156e-005, -1.94888717e-005, 1, 0.903845326, -0.427859353, -3.30368463e-005, 0.427859353, 0.903845326, -2.79090671e-006, 3.10543146e-005, -1.16125757e-005, 0.999999999, 0, 0, 0, 0, 0, 0, 0, 0.16295564, 0.150167065, 0.143367822, -0.61252652, 0.715696823, 0.335543021, -0.67980957, -0.693481445, 0.23840332, 0.403399075, -0.0820864814, 0.911366662, 0, 0, -0, 0, 0, 0, 0, 0.246250635, 0.14459375, 0.148771631, -0.242571326, 0.824448028, -0.511108569, 0.434326172, -0.378662109, -0.817138672, -0.867387521, -0.420274412, -0.266187306, 0, 2, 1, 1, 
283.834293, 44, 0.1, 0.1, 0.00941656496, 0.359496065, -0.034968302, 0.903845581, -0.427858815, 1.70306028e-005, 0.427858815, 0.903845581, -1.19565911e-005, -1.02773022e-005, 1.80936056e-005, 1, 0.903845525, -0.427858932, 1.88856275e-005, 0.427858933, 0.903845525, -1.01314775e-006, -1.66362056e-005, 8.99611348e-006, 1, 0, 0, 0, 0, 0, 0, 0, 0.16295564, 0.150167065, 0.143367822, -0.61252652, 0.715696823, 0.335543021, -0.67980957, -0.693481445, 0.23840332, 0.403399075, -0.0820864814, 0.911366662, 0, 0, -0, 0, 0, 0, 0, 0.246250635, 0.14459375, 0.148771631, -0.242571326, 0.824448028, -0.511108569, 0.434326172, -0.378662109, -0.817138672, -0.867387521, -0.420274412, -0.266187306, 0, 2, 1, 1, 
283.835012, 44, 0.1, 0.1, 0.00941656486, 0.359496066, -0.0349696343, 0.903845925, -0.427858089, 1.48044969e-006, 0.427858089, 0.903845925, 1.54346579e-005, -7.94194163e-006, -1.33171302e-005, 1, 0.903845852, -0.427858243, -4.43014354e-006, 0.427858243, 0.903845852, 4.19652136e-006, 2.20865061e-006, -5.68848186e-006, 1, 0, 0, 0, 0, 0, 0, 0, 0.162936597, 0.149205151, 0.141928857, -0.612932405, 0.718195034, 0.329197131, -0.679077148, -0.691772461, 0.245239258, 0.403957729, -0.073336356, 0.911877384, 0, 0, -0, 0, 0, 0, 0, 0.246280908, 0.144129053, 0.147800146, -0.242430602, 0.821482983, -0.515823908, 0.436279297, -0.382446289, -0.814331055, -0.866390789, -0.422427192, -0.265700967, 0, 2, 1, 1, 
283.8357, 44, 0.1, 0.1, 0.00941656414, 0.359496065, -0.0349707743, 0.903846277, -0.427857344, -2.41761083e-006, 0.427857344, 0.903846277, -2.1480327e-005, 1.13756642e-005, 1.8380521e-005, 1, 0.903846209, -0.427857488, -4.47853471e-007, 0.427857488, 0.903846209, -1.19415023e-005, 5.51405182e-006, 1.06016641e-005, 1, 0, 0, 0, 0, 0, 0, 0, 0.162936597, 0.149205151, 0.141928857, -0.612932405, 0.718195034, 0.329197131, -0.679077148, -0.691772461, 0.245239258, 0.403957729, -0.073336356, 0.911877384, 0, 0, -0, 0, 0, 0, 0, 0.246280908, 0.144129053, 0.147800146, -0.242430602, 0.821482983, -0.515823908, 0.436279297, -0.382446289, -0.814331055, -0.866390789, -0.422427192, -0.265700967, 0, 2, 1, 1, 
283.83639, 44, 0.1, 0.1, 0.00941656395, 0.359496066, -0.034971591, 0.903846568, -0.427856731, -2.0286923e-006, 0.427856731, 0.903846567, 1.35281602e-005, -3.95448784e-006, -1.30953708e-005, 1, 0.90384652, -0.427856831, 2.45665459e-006, 0.427856831, 0.90384652, 6.94314569e-006, -5.19111101e-006, -5.22444162e-006, 1, 0, 0, 0, 0, 0, 0, 0, 0.162936597, 0.149205151, 0.141928857, -0.612932405, 0.718195034, 0.329197131, -0.679077148, -0.691772461, 0.245239258, 0.403957729, -0.073336356, 0.911877384, 0, 0, -0, 0, 0, 0, 0, 0.246280908, 0.144129053, 0.147800146, -0.242430602, 0.821482983, -0.515823908, 0.436279297, -0.382446289, -0.814331055, -0.866390789, -0.422427192, -0.265700967, 0, 2, 1, 1, 
283.837078, 44, 0.1, 0.1, 0.00941656437, 0.359496064, -0.0349718941, 0.903846764, -0.427856316, 9.49752393e-006, 0.427856316, 0.903846764, -1.19449548e-005, -3.47358191e-006, 1.48599843e-005, 1, 0.903846729, -0.42785639, 3.21732768e-006, 0.42785639, 0.903846729, -7.23689318e-006, 1.88379889e-007, 7.91759643e-006, 1, 0, 0, 0, 0, 0, 0, 0, 0.162936597, 0.149205151, 0.141928857, -0.612932405, 0.718195034, 0.329197131, -0.679077148, -0.691772461, 0.245239258, 0.403957729, -0.073336356, 0.911877384, 0, 0, -0, 0, 0, 0, 0, 0.246280908, 0.144129053, 0.147800146, -0.242430602, 0.821482983, -0.515823908, 0.436279297, -0.382446289, -0.814331055, -0.866390789, -0.422427192, -0.265700967, 0, 2, 1, 1, 
283.837797, 44, 0.1, 0.1, 0.00941656398, 0.359496063, -0.0349715047, 0.903846975, -0.42785587, 1.48874018e-006, 0.427855869, 0.903846975, 2.07843949e-005, -1.02383186e-005, -1.81489462e-005, 1, 0.903846917, -0.427855992, -4.24636589e-006, 0.427855992, 0.903846917, 8.17750566e-006, 3.39269919e-007, -9.20804637e-006, 1, 0, 0, 0, 0, 0, 0, 0, 0.162936597, 0.149205151, 0.141928857, -0.612932405, 0.718195034, 0.329197131, -0.679077148, -0.691772461, 0.245239258, 0.403957729, -0.073336356, 0.911877384, 0, 0, -0, 0, 0, 0, 0, 0.246280908, 0.144129053, 0.147800146, -0.242430602, 0.821482983, -0.515823908, 0.436279297, -0.382446289, -0.814331055, -0.866390789, -0.422427192, -0.265700967, 0, 2, 1, 1, 
283.838485, 44, 0.1, 0.1, 0.0094165638, 0.359496061, -0.0349704413, 0.903847212, -0.427855369, -4.18140243e-006, 0.427855369, 0.903847212, -1.81923753e-005, 1.15630544e-005, 1.46540922e-005, 1, 0.903847167, -0.427855465, -2.3238092e-006, 0.427855465, 0.903847167, -8.38478345e-006, 5.68784378e-006, 6.5843083e-006, 1, 0, 0, 0, 0, 0, 0, 0, 0.162936597, 0.149205151, 0.141928857, -0.612932405, 0.718195034, 0.329197131, -0.679077148, -0.691772461, 0.245239258, 0.403957729, -0.073336356, 0.911877384, 0, 0, -0, 0, 0, 0, 0, 0.246280908, 0.144129053, 0.147800146, -0.242430602, 0.821482983, -0.515823908, 0.436279297, -0.382446289, -0.814331055, -0.866390789, -0.422427192, -0.265700967, 0, 2, 1, 1, 
283.839177, 44, 0.1, 0.1, 0.00941656397, 0.35949606, -0.0349692491, 0.903847398, -0.427854977, -2.81122394e-006, 0.427854977, 0.903847398, 1.73038778e-005, -4.86263281e-006, -1.68428611e-005, 1, 0.903847371, -0.427855034, 1.76633282e-006, 0.427855034, 0.903847371, 1.0976478e-005, -6.29283664e-006, -9.1653264e-006, 1, 0, 0, 0, 0, 0, 0, 0, 0.162936597, 0.149205151, 0.141928857, -0.612932405, 0.718195034, 0.329197131, -0.679077148, -0.691772461, 0.245239258, 0.403957729, -0.073336356, 0.911877384, 0, 0, -0, 0, 0, 0, 0, 0.246280908, 0.144129053, 0.147800146, -0.242430602, 0.821482983, -0.515823908, 0.436279297, -0.382446289, -0.814331055, -0.866390789, -0.422427192, -0.265700967, 0, 2, 1, 1, 
283.839903, 44, 0.1, 0.1, 0.00941656461, 0.35949606, -0.0349680576, 0.903847516, -0.427854727, 3.43701706e-006, 0.427854727, 0.903847516, -2.22324009e-005, 6.40569849e-006, 2.15652443e-005, 1, 0.903847487, -0.427854788, 5.90949498e-006, 0.427854788, 0.903847487, -1.18027738e-005, -2.91408899e-007, 1.31963132e-005, 1, 0, 0, 0, 0, 0, 0, 0, 0.162947217, 0.148469165, 0.140314868, -0.612848908, 0.720731437, 0.323840868, -0.677856445, -0.690063477, 0.253173828, 0.406045567, -0.0643450958, 0.911613406, 0, 0, -0, 0, 0, 0, 0, 0.24625625, 0.143660937, 0.146422461, -0.242980007, 0.818543459, -0.520289881, 0.43737793, -0.386230469, -0.812011719, -0.86583482, -0.424822774, -0.264083733, 0, 2, 1, 1, 
283.840592, 44, 0.1, 0.1, 0.00941656268, 0.35949606, -0.0349673188, 0.903847627, -0.427854493, 1.62178259e-006, 0.427854493, 0.903847627, 1.74344189e-005, -8.9252388e-006, -1.50641712e-005, 1, 0.903847615, -0.427854519, 7.41029036e-006, 0.427854519, 0.903847615, 1.01405017e-005, -1.10364327e-005, -5.99494204e-006, 1, 0, 0, 0, 0, 0, 0, 0, 0.162947217, 0.148469165, 0.140314868, -0.612848908, 0.720731437, 0.323840868, -0.677856445, -0.690063477, 0.253173828, 0.406045567, -0.0643450958, 0.911613406, 0, 0, -0, 0, 0, 0, 0, 0.24625625, 0.143660937, 0.146422461, -0.242980007, 0.818543459, -0.520289881, 0.43737793, -0.386230469, -0.812011719, -0.86583482, -0.424822774, -0.264083733, 0, 2, 1, 1, 
283.841279, 44, 0.1, 0.1, 0.00941656678, 0.359496061, -0.0349674159, 0.903847611, -0.427854526, -4.34052863e-006, 0.427854526, 0.903847611, -2.10804646e-005, 1.29425486e-005, 1.71964128e-005, 1, 0.903847626, -0.427854495, -1.29178098e-005, 0.427854495, 0.903847626, -1.61666301e-005, 1.85926971e-005, 9.08522728e-006, 1, 0, 0, 0, 0, 0, 0, 0, 0.162947217, 0.148469165, 0.140314868, -0.612848908, 0.720731437, 0.323840868, -0.677856445, -0.690063477, 0.253173828, 0.406045567, -0.0643450958, 0.911613406, 0, 0, -0, 0, 0, 0, 0, 0.24625625, 0.143660937, 0.146422461, -0.242980007, 0.818543459, -0.520289881, 0.43737793, -0.386230469, -0.812011719, -0.86583482, -0.424822774, -0.264083733, 0, 2, 1, 1, 
283.841969, 44, 0.1, 0.1, 0.00941656106, 0.359496058, -0.0349682635, 0.903847455, -0.427854857, 1.40607309e-005, 0.427854857, 0.903847454, 2.781536e-005, -2.46096927e-005, -1.91248904e-005, 1, 0.903847496, -0.427854768, 2.03867238e-005, 0.427854768, 0.903847497, 2.10402487e-005, -2.742866e-005, -1.02946192e-005, 1, 0, 0, 0, 0, 0, 0, 0, 0.162947217, 0.148469165, 0.140314868, -0.612848908, 0.720731437, 0.323840868, -0.677856445, -0.690063477, 0.253173828, 0.406045567, -0.0643450958, 0.911613406, 0, 0, -0, 0, 0, 0, 0, 0.24625625, 0.143660937, 0.146422461, -0.242980007, 0.818543459, -0.520289881, 0.43737793, -0.386230469, -0.812011719, -0.86583482, -0.424822774, -0.264083733, 0, 2, 1, 1, 
283.84266, 44, 0.1, 0.1, 0.00941656597, 0.359496056, -0.0349695446, 0.903847183, -0.427855431, -2.59381209e-005, 0.42785543, 0.903847183, -2.43913836e-005, 3.38800834e-005, 1.09483175e-005, 0.999999999, 0.903847244, -0.427855302, -2.42289526e-005, 0.427855302, 0.903847244, -1.48189692e-005, 2.82396465e-005, 3.02759864e-006, 1, 0, 0, 0, 0, 0, 0, 0, 0.162947217, 0.148469165, 0.140314868, -0.612848908, 0.720731437, 0.323840868, -0.677856445, -0.690063477, 0.253173828, 0.406045567, -0.0643450958, 0.911613406, 0, 0, -0, 0, 0, 0, 0, 0.24625625, 0.143660937, 0.146422461, -0.242980007, 0.818543459, -0.520289881, 0.43737793, -0.386230469, -0.812011719, -0.86583482, -0.424822774, -0.264083733, 0, 2, 1, 1, 
283.843349, 44, 0.1, 0.1, 0.00941656984, 0.359496057, -0.0349708773, 0.903846881, -0.427856069, 4.29643403e-006, 0.427856068, 0.903846881, 1.95777676e-005, -1.22597852e-005, -1.58570488e-005, 1, 0.903846939, -0.427855947, -2.77860673e-006, 0.427855947, 0.903846939, 8.75613943e-006, -1.23493115e-006, -9.10305323e-006, 1, 0, 0, 0, 0, 0, 0, 0, 0.162947217, 0.148469165, 0.140314868, -0.612848908, 0.720731437, 0.323840868, -0.677856445, -0.690063477, 0.253173828, 0.406045567, -0.0643450958, 0.911613406, 0, 0, -0, 0, 0, 0, 0, 0.24625625, 0.143660937, 0.146422461, -0.242980007, 0.818543459, -0.520289881, 0.43737793, -0.386230469, -0.812011719, -0.86583482, -0.424822774, -0.264083733, 0, 2, 1, 1, 
283.844038, 44, 0.1, 0.1, 0.00941656773, 0.359496055, -0.0349718586, 0.903846644, -0.42785657, -4.37253292e-006, 0.42785657, 0.903846644, -1.94670887e-005, 1.2281221e-005, 1.57244458e-005, 1, 0.903846679, -0.427856495, 5.66379349e-006, 0.427856495, 0.903846679, -6.56656068e-006, -2.3096553e-006, 8.3584549e-006, 1, 0, 0, 0, 0, 0, 0, 0, 0.162947217, 0.148469165, 0.140314868, -0.612848908, 0.720731437, 0.323840868, -0.677856445, -0.690063477, 0.253173828, 0.406045567, -0.0643450958, 0.911613406, 0, 0, -0, 0, 0, 0, 0, 0.24625625, 0.143660937, 0.146422461, -0.242980007, 0.818543459, -0.520289881, 0.43737793, -0.386230469, -0.812011719, -0.86583482, -0.424822774, -0.264083733, 0, 2, 1, 1, 
283.844738, 44, 0.1, 0.1, 0.00941657265, 0.359496058, -0.0349721911, 0.903846519, -0.427856834, -8.07858299e-006, 0.427856834, 0.903846519, 9.63682625e-006, 3.17861714e-006, -1.21666888e-005, 1, 0.903846533, -0.427856803, -1.62096835e-005, 0.427856803, 0.903846533, -1.58695523e-006, 1.53300558e-005, -5.50105938e-006, 1, 0, 0, 0, 0, 0, 0, 0, 0.162834668, 0.147893921, 0.138833179, -0.615057314, 0.7219738, 0.316651006, -0.67578125, -0.689575195, 0.259887695, 0.40614816, -0.0541601442, 0.9122578, 0, 0, -0, 0, 0, 0, 0, 0.24625625, 0.143660937, 0.146422461, -0.242980007, 0.818543459, -0.520289881, 0.43737793, -0.386230469, -0.812011719, -0.86583482, -0.424822774, -0.264083733, 0, 2, 1, 1, 
283.845441, 44, 0.1, 0.1, 0.00941656501, 0.359496054, -0.0349715903, 0.903846543, -0.427856782, 2.7501197e-005, 0.427856783, 0.903846543, -7.20149587e-006, -2.1775653e-005, 1.82756208e-005, 1, 0.903846527, -0.427856815, 3.04244818e-005, 0.427856816, 0.903846528, 2.23624162e-006, -2.84558535e-005, 1.09961027e-005, 1, 0, 0, 0, 0, 0, 0, 0, 0.162834668, 0.147893921, 0.138833179, -0.615057314, 0.7219738, 0.316651006, -0.67578125, -0.689575195, 0.259887695, 0.40614816, -0.0541601442, 0.9122578, 0, 0, -0, 0, 0, 0, 0, 0.246241846, 0.143161084, 0.145003027, -0.243605971, 0.815290769, -0.525177661, 0.439331055, -0.389892578, -0.809204102, -0.864550442, -0.427742243, -0.263124547, 0, 2, 1, 1, 
283.84613, 44, 0.1, 0.1, 0.00941656772, 0.359496056, -0.0349705786, 0.903846704, -0.427856441, -2.42234474e-005, 0.427856441, 0.903846705, 3.27285377e-006, 2.04939715e-005, -1.33223161e-005, 1, 0.903846662, -0.427856531, -2.18401831e-005, 0.427856531, 0.903846662, -4.25679932e-006, 2.1561476e-005, -5.4969711e-006, 1, 0, 0, 0, 0, 0, 0, 0, 0.162834668, 0.147893921, 0.138833179, -0.615057314, 0.7219738, 0.316651006, -0.67578125, -0.689575195, 0.259887695, 0.40614816, -0.0541601442, 0.9122578, 0, 0, -0, 0, 0, 0, 0, 0.246241846, 0.143161084, 0.145003027, -0.243605971, 0.815290769, -0.525177661, 0.439331055, -0.389892578, -0.809204102, -0.864550442, -0.427742243, -0.263124547, 0, 2, 1, 1, 
283.84682, 44, 0.1, 0.1, 0.00941656484, 0.359496054, -0.0349694434, 0.903846962, -0.427855898, 3.24587481e-005, 0.427855898, 0.903846962, -4.16101489e-006, -2.75574261e-005, 1.76485875e-005, 0.999999999, 0.903846905, -0.427856018, 2.58344706e-005, 0.427856018, 0.903846905, 1.1882036e-006, -2.38587864e-005, 9.9794796e-006, 1, 0, 0, 0, 0, 0, 0, 0, 0.162834668, 0.147893921, 0.138833179, -0.615057314, 0.7219738, 0.316651006, -0.67578125, -0.689575195, 0.259887695, 0.40614816, -0.0541601442, 0.9122578, 0, 0, -0, 0, 0, 0, 0, 0.246241846, 0.143161084, 0.145003027, -0.243605971, 0.815290769, -0.525177661, 0.439331055, -0.389892578, -0.809204102, -0.864550442, -0.427742243, -0.263124547, 0, 2, 1, 1, 
283.847533, 44, 0.1, 0.1, 0.00941656438, 0.359496054, -0.0349682998, 0.903847266, -0.427855254, -3.32950479e-005, 0.427855254, 0.903847267, 1.5156407e-006, 2.94451632e-005, -1.56153689e-005, 0.999999999, 0.903847211, -0.427855372, -1.92014938e-005, 0.427855372, 0.903847211, -6.16531208e-007, 1.76190028e-005, -7.65821228e-006, 1, 0, 0, 0, 0, 0, 0, 0, 0.162996875, 0.146899414, 0.137156079, -0.616262988, 0.723805894, 0.310025789, -0.674560547, -0.688354492, 0.266479492, 0.40633912, -0.0449337405, 0.91256558, 0, 0, -0, 0, 0, 0, 0, 0.246230615, 0.142447998, 0.143823437, -0.244072255, 0.81214672, -0.529822638, 0.441162109, -0.393554688, -0.806518555, -0.863617508, -0.43052755, -0.262139841, 0, 2, 1, 1, 
283.848227, 44, 0.1, 0.1, 0.00941657133, 0.359496055, -0.034967607, 0.903847511, -0.427854739, 1.15360777e-005, 0.427854739, 0.90384751, -1.12658263e-005, -5.6067179e-006, 1.51183546e-005, 1, 0.903847474, -0.427854816, -8.35082387e-006, 0.427854816, 0.903847474, -1.24465936e-005, 1.28732061e-005, 7.67688197e-006, 1, 0, 0, 0, 0, 0, 0, 0, 0.162996875, 0.146899414, 0.137156079, -0.616262988, 0.723805894, 0.310025789, -0.674560547, -0.688354492, 0.266479492, 0.40633912, -0.0449337405, 0.91256558, 0, 0, -0, 0, 0, 0, 0, 0.246230615, 0.142447998, 0.143823437, -0.244072255, 0.81214672, -0.529822638, 0.441162109, -0.393554688, -0.806518555, -0.863617508, -0.43052755, -0.262139841, 0, 2, 1, 1, 
283.848917, 44, 0.1, 0.1, 0.0094165661, 0.359496052, -0.0349676386, 0.903847617, -0.427854515, -5.52917554e-006, 0.427854515, 0.903847616, 2.03118638e-005, -3.69299049e-006, -2.07245124e-005, 1, 0.903847608, -0.427854533, 9.33229052e-006, 0.427854533, 0.903847608, 1.79840033e-005, -1.61295058e-005, -1.22619355e-005, 1, 0, 0, 0, 0, 0, 0, 0, 0.162996875, 0.146899414, 0.137156079, -0.616262988, 0.723805894, 0.310025789, -0.674560547, -0.688354492, 0.266479492, 0.40633912, -0.0449337405, 0.91256558, 0, 0, -0, 0, 0, 0, 0, 0.246230615, 0.142447998, 0.143823437, -0.244072255, 0.81214672, -0.529822638, 0.441162109, -0.393554688, -0.806518555, -0.863617508, -0.43052755, -0.262139841, 0, 2, 1, 1, 
283.849608, 44, 0.1, 0.1, 0.00941657431, 0.359496052, -0.0349683392, 0.90384756, -0.427854635, -1.24445809e-005, 0.427854634, 0.90384756, -2.03718964e-005, 1.99642144e-005, 1.30886173e-005, 1, 0.903847583, -0.427854586, -2.3064901e-005, 0.427854586, 0.903847583, -1.61481603e-005, 2.77562195e-005, 4.72705195e-006, 1, 0, 0, 0, 0, 0, 0, 0, 0.162996875, 0.146899414, 0.137156079, -0.616262988, 0.723805894, 0.310025789, -0.674560547, -0.688354492, 0.266479492, 0.40633912, -0.0449337405, 0.91256558, 0, 0, -0, 0, 0, 0, 0, 0.246230615, 0.142447998, 0.143823437, -0.244072255, 0.81214672, -0.529822638, 0.441162109, -0.393554688, -0.806518555, -0.863617508, -0.43052755, -0.262139841, 0, 2, 1, 1, 
283.850296, 44, 0.1, 0.1, 0.00941656885, 0.359496049, -0.034969465, 0.903847354, -0.427855069, 1.8121568e-005, 0.427855069, 0.903847354, 2.85692969e-005, -2.86026497e-005, -1.80688787e-005, 0.999999999, 0.903847405, -0.427854962, 2.1930783e-005, 0.427854961, 0.903847405, 2.16904972e-005, -2.91024682e-005, -1.02217053e-005, 1, 0, 0, 0, 0, 0, 0, 0, 0.162996875, 0.146899414, 0.137156079, -0.616262988, 0.723805894, 0.310025789, -0.674560547, -0.688354492, 0.266479492, 0.40633912, -0.0449337405, 0.91256558, 0, 0, -0, 0, 0, 0, 0, 0.246230615, 0.142447998, 0.143823437, -0.244072255, 0.81214672, -0.529822638, 0.441162109, -0.393554688, -0.806518555, -0.863617508, -0.43052755, -0.262139841, 0, 2, 1, 1, 
283.850985, 44, 0.1, 0.1, 0.00941657039, 0.359496047, -0.0349706693, 0.903847055, -0.427855701, -1.40631599e-005, 0.427855701, 0.903847055, -1.99287602e-005, 2.12375793e-005, 1.19955481e-005, 1, 0.90384712, -0.427855563, -1.31086766e-005, 0.427855563, 0.90384712, -1.08571131e-005, 1.64935158e-005, 4.20455021e-006, 1, 0, 0, 0, 0, 0, 0, 0, 0.162996875, 0.146899414, 0.137156079, -0.616262988, 0.723805894, 0.310025789, -0.674560547, -0.688354492, 0.266479492, 0.40633912, -0.0449337405, 0.91256558, 0, 0, -0, 0, 0, 0, 0, 0.246230615, 0.142447998, 0.143823437, -0.244072255, 0.81214672, -0.529822638, 0.441162109, -0.393554688, -0.806518555, -0.863617508, -0.43052755, -0.262139841, 0, 2, 1, 1, 
283.851674, 44, 0.1, 0.1, 0.0094165702, 0.359496047, -0.0349716023, 0.903846731, -0.427856386, 1.46958615e-005, 0.427856386, 0.903846731, 2.30541898e-005, -2.31466887e-005, -1.45497359e-005, 1, 0.903846793, -0.427856254, 8.51455059e-006, 0.427856254, 0.903846793, 1.23601682e-005, -1.29842245e-005, -7.5286947e-006, 1, 0, 0, 0, 0, 0, 0, 0, 0.162996875, 0.146899414, 0.137156079, -0.616262988, 0.723805894, 0.310025789, -0.674560547, -0.688354492, 0.266479492, 0.40633912, -0.0449337405, 0.91256558, 0, 0, -0, 0, 0, 0, 0, 0.246230615, 0.142447998, 0.143823437, -0.244072255, 0.81214672, -0.529822638, 0.441162109, -0.393554688, -0.806518555, -0.863617508, -0.43052755, -0.262139841, 0, 2, 1, 1, 
283.852389, 44, 0.1, 0.1, 0.00941656624, 0.359496043, -0.034971867, 0.903846453, -0.427856974, -3.4945515e-006, 0.427856974, 0.903846452, -1.74904138e-005, 1.06419335e-005, 1.43134803e-005, 1, 0.903846499, -0.427856877, 9.32559943e-006, 0.427856877, 0.903846499, -3.51843265e-006, -6.92352479e-006, 7.17014487e-006, 1, 0, 0, 0, 0, 0, 0, 0, 0.162955981, 0.146115942, 0.135311401, -0.617182222, 0.725396854, 0.304529862, -0.672607422, -0.687255859, 0.274169922, 0.408338592, -0.0356691448, 0.91220013, 0, 0, -0, 0, 0, 0, 0, 0.246230615, 0.142447998, 0.143823437, -0.245062424, 0.809028192, -0.533969249, 0.442993164, -0.396362305, -0.804077148, -0.862371409, -0.43355566, -0.261225498, 0, 2, 1, 1, 
283.853074, 44, 0.1, 0.1, 0.0094165722, 0.359496046, -0.0349713848, 0.903846312, -0.427857271, -1.37799515e-005, 0.427857271, 0.903846312, 1.1879565e-005, 7.37220003e-006, -1.66331535e-005, 1, 0.903846328, -0.427857236, -2.08972818e-005, 0.427857236, 0.903846329, 4.64170041e-007, 1.86893329e-005, -9.36059162e-006, 1, 0, 0, 0, 0, 0, 0, 0, 0.162955981, 0.146115942, 0.135311401, -0.617182222, 0.725396854, 0.304529862, -0.672607422, -0.687255859, 0.274169922, 0.408338592, -0.0356691448, 0.91220013, 0, 0, -0, 0, 0, 0, 0, 0.246191309, 0.141954736, 0.142228857, -0.245062424, 0.809028192, -0.533969249, 0.442993164, -0.396362305, -0.804077148, -0.862371409, -0.43355566, -0.261225498, 0, 2, 1, 1, 
283.853852, 44, 0.1, 0.1, 0.0094165667, 0.359496042, -0.0349701558, 0.903846334, -0.427857224, 1.79341657e-005, 0.427857224, 0.903846334, -1.21339081e-005, -1.10181497e-005, 1.86404507e-005, 1, 0.903846309, -0.427857277, 2.26872992e-005, 0.427857277, 0.903846309, 2.76481735e-006, -2.16887789e-005, 7.20795612e-006, 1, 0, 0, 0, 0, 0, 0, 0, 0.162955981, 0.146115942, 0.135311401, -0.617182222, 0.725396854, 0.304529862, -0.672607422, -0.687255859, 0.274169922, 0.408338592, -0.0356691448, 0.91220013, 0, 0, -0, 0, 0, 0, 0, 0.246191309, 0.141954736, 0.142228857, -0.245062424, 0.809028192, -0.533969249, 0.442993164, -0.396362305, -0.804077148, -0.862371409, -0.43355566, -0.261225498, 0, 2, 1, 1, 
283.85499, 44, 0.1, 0.1, 0.0094165687, 0.359496044, -0.0349619298, 0.903846637, -0.427856585, 1.50667761e-005, 0.427856585, 0.903846637, 1.22060757e-005, -1.88405048e-005, -4.58600109e-006, 1, 0.903846558, -0.427856751, -7.28216344e-006, 0.427856751, 0.903846558, 7.97854275e-006, 3.16828498e-006, -1.03271012e-005, 1, 0, 0, 0, 0, 0, 0, 0, 0.162955981, 0.146115942, 0.135311401, -0.617182222, 0.725396854, 0.304529862, -0.672607422, -0.687255859, 0.274169922, 0.408338592, -0.0356691448, 0.91220013, 0, 0, -0, 0, 0, 0, 0, 0.246191309, 0.141954736, 0.142228857, -0.245062424, 0.809028192, -0.533969249, 0.442993164, -0.396362305, -0.804077148, -0.862371409, -0.43355566, -0.261225498, 0, 2, 1, 1, 
283.856147, 44, 0.1, 0.1, 0.00941656959, 0.359496043, -0.0349488195, 0.903847149, -0.427855499, -4.74654604e-005, 0.4278555, 0.90384715, 3.6364303e-006, 4.13456544e-005, -2.35951354e-005, 0.999999999, 0.903847053, -0.427855705, -3.10285753e-005, 0.427855705, 0.903847053, 2.58814417e-006, 2.69377341e-005, -1.56150394e-005, 1, 0, 0, 0, 0, 0, 0, 0, 0.162955981, 0.146115942, 0.135311401, -0.617182222, 0.725396854, 0.304529862, -0.672607422, -0.687255859, 0.274169922, 0.408338592, -0.0356691448, 0.91220013, 0, 0, -0, 0, 0, 0, 0, 0.246172021, 0.141459766, 0.141057324, -0.24583531, 0.805922423, -0.538307624, 0.44543457, -0.399291992, -0.801269531, -0.860856988, -0.436705172, -0.26082228, 0, 2, 1, 1, 
283.857278, 44, 0.1, 0.1, 0.00941656665, 0.359496041, -0.0349385075, 0.903847461, -0.427854843, 2.96391533e-005, 0.427854843, 0.903847461, 8.63701912e-006, -3.04846639e-005, 4.8747075e-006, 1, 0.903847424, -0.42785492, 3.00168047e-005, 0.42785492, 0.903847425, 1.49139135e-005, -3.35116028e-005, -6.37064707e-007, 0.999999999, 0, 0, 0, 0, 0, 0, 0, 0.162955981, 0.146115942, 0.135311401, -0.617182222, 0.725396854, 0.304529862, -0.672607422, -0.687255859, 0.274169922, 0.408338592, -0.0356691448, 0.91220013, 0, 0, -0, 0, 0, 0, 0, 0.246172021, 0.141459766, 0.141057324, -0.24583531, 0.805922423, -0.538307624, 0.44543457, -0.399291992, -0.801269531, -0.860856988, -0.436705172, -0.26082228, 0, 2, 1, 1, 
283.858435, 44, 0.1, 0.1, 0.00941657829, 0.359496052, -0.0349342586, 0.903847486, -0.42785479, -1.32889012e-005, 0.427854789, 0.903847486, -2.10156959e-005, 2.10028061e-005, 1.33092638e-005, 1, 0.903847507, -0.427854745, -2.92060883e-005, 0.427854744, 0.903847507, -4.39700871e-005, 4.52106605e-005, 2.72462902e-005, 0.999999999, 0, 0, 0, 0, 0, 0, 0, 0.162861743, 0.145086157, 0.133628198, -0.619028926, 0.72652464, 0.297784078, -0.670776367, -0.686401367, 0.280517578, 0.408383897, -0.0262075977, 0.912527005, 0, 0, -0, 0, 0, 0, 0, 0.246172021, 0.141459766, 0.141057324, -0.24583531, 0.805922423, -0.538307624, 0.44543457, -0.399291992, -0.801269531, -0.860856988, -0.436705172, -0.26082228, 0, 2, 1, 1, 
283.859569, 44, 0.1, 0.1, 0.00941656771, 0.359496041, -0.0349379932, 0.903847399, -0.427854974, 4.85945982e-006, 0.427854974, 0.903847398, -4.04963382e-005, 1.29343496e-005, 3.8681654e-005, 0.999999999, 0.903847409, -0.427854953, 2.08279704e-005, 0.427854953, 0.903847409, 1.08961564e-005, -2.34872816e-005, -9.37112431e-007, 1, 0, 0, 0, 0, 0, 0, 0, 0.162861743, 0.145086157, 0.133628198, -0.619028926, 0.72652464, 0.297784078, -0.670776367, -0.686401367, 0.280517578, 0.408383897, -0.0262075977, 0.912527005, 0, 0, -0, 0, 0, 0, 0, 0.246172021, 0.141459766, 0.141057324, -0.24583531, 0.805922423, -0.538307624, 0.44543457, -0.399291992, -0.801269531, -0.860856988, -0.436705172, -0.26082228, 0, 2, 1, 1, 
