time, trialNum, realDorsalTactorPos, realVentralTactorPos, boxPosX, boxPosY, boxPosZ, boxLocalRot_11, boxLocalRot_12, boxLocalRot_13, boxLocalRot_21, boxLocalRot_22, boxLocalRot_23, boxLocalRot_31, boxLocalRot_32, boxLocalRot_33, boxGlobalRot_11, boxGlobalRot_12, boxGlobalRot_13, boxGlobalRot_21, boxGlobalRot_22, boxGlobalRot_23, boxGlobalRot_31, boxGlobalRot_32, boxGlobalRot_33, indexForceX, indexForceY, indexForceZ, indexForceGlobalX, indexForceGlobalY, indexForceGlobalZ, indexContact, indexPosX, indexPosY, indexPosZ, indexRot_11, indexRot_12, indexRot_13, indexRot_21, indexRot_22, indexRot_23, indexRot_31, indexRot_32, indexRot_33, thumbForceX, thumbForceY, thumbForceZ, thumbForceGlobalX, thumbForceGlobalY, thumbForceGlobalZ, thumbContact, thumbPosX, thumbPosY, thumbPosZ, thumbRot_11, thumbRot_12, thumbRot_13, thumbRot_21, thumbRot_22, thumbRot_23, thumbRot_31, thumbRot_32, thumbRot_33, manipForceTooHigh, cceExpType, mapping, trialSuccess, 
215.813584, 31, 0.1, 0.1, 0.0702186879, 0.291370718, -0.0349685634, 0.941197245, -0.337857583, -1.28218469e-005, 0.337857583, 0.941197245, -1.01897087e-005, 1.55105573e-005, 5.25856757e-006, 1, 0.941197287, -0.337857466, -1.41335996e-005, 0.337857466, 0.941197287, -1.66684633e-005, 1.89340704e-005, 1.09131703e-005, 1, 0, 0, 0, 0, 0, 0, 0, 0.154127417, 0.145992163, 0.152877954, -0.553870989, 0.659671163, 0.507795372, -0.549560547, -0.747802734, 0.372314453, 0.625473053, -0.0729657047, 0.776930362, 0, 0, -0, 0, 0, 0, 0, 0.247925098, 0.154319141, 0.149246191, -0.218433634, 0.880596207, -0.420367095, 0.178588867, -0.387329102, -0.904418945, -0.959239691, -0.272482428, -0.0726586708, 0, 2, 5, 1, 
215.844627, 31, 0.1, 0.1, 0.0702186819, 0.291370679, -0.0349673239, 0.941197091, -0.337858011, 1.01793453e-005, 0.337858011, 0.941197091, 2.66889824e-005, -1.85978567e-005, -2.16804192e-005, 1, 0.941197036, -0.337858166, 6.97925399e-006, 0.337858165, 0.941197035, 2.43447289e-005, -1.47939186e-005, -2.05551887e-005, 1, 0, 0, 0, 0, 0, 0, 0, 0.154640991, 0.145167603, 0.144956836, -0.580577018, 0.668817052, 0.464353264, -0.568969727, -0.741088867, 0.356201172, 0.582490753, -0.0573585843, 0.81087755, 0, 0, -0, 0, 0, 0, 0, 0.24864541, 0.153090332, 0.143694873, -0.211692381, 0.873401063, -0.438445373, 0.198730469, -0.400634766, -0.894287109, -0.956812759, -0.276429979, -0.088674186, 0, 2, 5, 1, 
215.845467, 31, 0.1, 0.1, 0.0702186811, 0.29137068, -0.0349620485, 0.941197406, -0.337857133, -1.43478856e-006, 0.337857133, 0.941197406, 1.84911364e-006, 7.25683036e-007, -2.22513452e-006, 1, 0.941197359, -0.337857265, 4.00219855e-006, 0.337857265, 0.941197359, -6.29953869e-006, -1.6385138e-006, 7.28128103e-006, 1, 0, 0, 0, 0, 0, 0, 0, 0.154640991, 0.145167603, 0.144956836, -0.580577018, 0.668817052, 0.464353264, -0.568969727, -0.741088867, 0.356201172, 0.582490753, -0.0573585843, 0.81087755, 0, 0, -0, 0, 0, 0, 0, 0.24864541, 0.153090332, 0.143694873, -0.211692381, 0.873401063, -0.438445373, 0.198730469, -0.400634766, -0.894287109, -0.956812759, -0.276429979, -0.088674186, 0, 2, 5, 1, 
215.846172, 31, 0.1, 0.1, 0.0702186826, 0.29137068, -0.0349598291, 0.94119764, -0.337856481, -4.12497856e-006, 0.337856481, 0.94119764, -2.4476021e-006, 4.70935832e-006, 9.10026575e-007, 1, 0.941197598, -0.337856598, -8.38455265e-006, 0.337856598, 0.941197598, -6.5717972e-006, 1.01118459e-005, 3.35258331e-006, 1, 0, 0, 0, 0, 0, 0, 0, 0.154988721, 0.144829028, 0.143128882, -0.582386652, 0.670621816, 0.459061402, -0.568969727, -0.739746094, 0.358886719, 0.580429124, -0.0522063857, 0.812580842, 0, 0, -0, 0, 0, 0, 0, 0.24864541, 0.153090332, 0.143694873, -0.211692381, 0.873401063, -0.438445373, 0.198730469, -0.400634766, -0.894287109, -0.956812759, -0.276429979, -0.088674186, 0, 2, 5, 1, 
215.84688, 31, 0.1, 0.1, 0.0702186817, 0.291370679, -0.0349603734, 0.94119785, -0.337855897, -1.041056e-005, 0.337855897, 0.94119785, -1.4342726e-005, 1.46441712e-005, 9.9820738e-006, 1, 0.941197805, -0.337856023, 3.42842701e-006, 0.337856023, 0.941197805, -4.68913568e-006, -1.64257524e-006, 5.57171892e-006, 1, 0, 0, 0, 0, 0, 0, 0, 0.154988721, 0.144829028, 0.143128882, -0.582386652, 0.670621816, 0.459061402, -0.568969727, -0.739746094, 0.358886719, 0.580429124, -0.0522063857, 0.812580842, 0, 0, -0, 0, 0, 0, 0, 0.248908691, 0.152667383, 0.142652832, -0.211257814, 0.870857826, -0.443550804, 0.202026367, -0.405029297, -0.891601562, -0.956276113, -0.277924711, -0.0903154727, 0, 2, 5, 1, 
215.847571, 31, 0.1, 0.1, 0.0702186856, 0.291370681, -0.0349636562, 0.941198098, -0.337855206, 1.20164981e-005, 0.337855206, 0.941198098, 5.65373432e-006, -1.32200487e-005, -1.26144755e-006, 1, 0.941198052, -0.337855333, -4.61745107e-006, 0.337855333, 0.941198052, -2.59542018e-006, 5.22281251e-006, 8.82773945e-007, 1, 0, 0, 0, 0, 0, 0, 0, 0.154988721, 0.144829028, 0.143128882, -0.582386652, 0.670621816, 0.459061402, -0.568969727, -0.739746094, 0.358886719, 0.580429124, -0.0522063857, 0.812580842, 0, 0, -0, 0, 0, 0, 0, 0.248908691, 0.152667383, 0.142652832, -0.211257814, 0.870857826, -0.443550804, 0.202026367, -0.405029297, -0.891601562, -0.956276113, -0.277924711, -0.0903154727, 0, 2, 5, 1, 
215.848265, 31, 0.1, 0.1, 0.0702186793, 0.291370677, -0.034968554, 0.941198313, -0.337854606, 3.54808623e-006, 0.337854606, 0.941198313, 6.44417649e-006, -5.51664749e-006, -4.86651077e-006, 1, 0.941198278, -0.337854703, 1.50937799e-005, 0.337854703, 0.941198278, 1.46178346e-005, -1.91449438e-005, -8.65877625e-006, 1, 0, 0, 0, 0, 0, 0, 0, 0.154988721, 0.144829028, 0.143128882, -0.582386652, 0.670621816, 0.459061402, -0.568969727, -0.739746094, 0.358886719, 0.580429124, -0.0522063857, 0.812580842, 0, 0, -0, 0, 0, 0, 0, 0.248908691, 0.152667383, 0.142652832, -0.211257814, 0.870857826, -0.443550804, 0.202026367, -0.405029297, -0.891601562, -0.956276113, -0.277924711, -0.0903154727, 0, 2, 5, 1, 
215.848985, 31, 0.1, 0.1, 0.0702186887, 0.291370682, -0.0349734653, 0.941198492, -0.337854108, -3.09754664e-005, 0.337854108, 0.941198492, -1.78849445e-006, 2.97583125e-005, -8.78186031e-006, 1, 0.941198455, -0.337854211, -3.19746797e-005, 0.337854211, 0.941198455, -1.26161401e-005, 3.43569352e-005, 1.07151141e-006, 0.999999999, 0, 0, 0, 0, 0, 0, 0, 0.155170825, 0.144332397, 0.141525513, -0.583072986, 0.673758813, 0.453788636, -0.570556641, -0.737182617, 0.361694336, 0.578436766, -0.0480067437, 0.814404702, 0, 0, -0, 0, 0, 0, 0, 0.24901001, 0.152034863, 0.141121338, -0.209813754, 0.868212511, -0.449435683, 0.204711914, -0.410400391, -0.888549805, -0.956001594, -0.27844823, -0.091547712, 0, 2, 5, 1, 
215.849677, 31, 0.1, 0.1, 0.0702186871, 0.291370679, -0.0349767106, 0.941198736, -0.337853427, 3.16605025e-005, 0.337853427, 0.941198737, 1.46713659e-006, -3.0294502e-005, 9.31574216e-006, 0.999999999, 0.941198679, -0.337853588, 2.10714109e-005, 0.337853588, 0.941198679, 9.87260497e-006, -2.31678791e-005, -2.17303098e-006, 1, 0, 0, 0, 0, 0, 0, 0, 0.155170825, 0.144332397, 0.141525513, -0.583072986, 0.673758813, 0.453788636, -0.570556641, -0.737182617, 0.361694336, 0.578436766, -0.0480067437, 0.814404702, 0, 0, -0, 0, 0, 0, 0, 0.24901001, 0.152034863, 0.141121338, -0.209813754, 0.868212511, -0.449435683, 0.204711914, -0.410400391, -0.888549805, -0.956001594, -0.27844823, -0.091547712, 0, 2, 5, 1, 
215.850368, 31, 0.1, 0.1, 0.0702186793, 0.291370682, -0.0349777548, 0.941199031, -0.337852607, 4.38411542e-007, 0.337852607, 0.941199031, -5.65668331e-006, 1.49849268e-006, 5.47218333e-006, 1, 0.941198972, -0.33785277, 1.66592499e-005, 0.33785277, 0.941198972, -9.05935853e-006, -1.26189395e-005, 1.41550327e-005, 1, 0, 0, 0, 0, 0, 0, 0, 0.155170825, 0.144332397, 0.141525513, -0.583072986, 0.673758813, 0.453788636, -0.570556641, -0.737182617, 0.361694336, 0.578436766, -0.0480067437, 0.814404702, 0, 0, -0, 0, 0, 0, 0, 0.24901001, 0.152034863, 0.141121338, -0.209813754, 0.868212511, -0.449435683, 0.204711914, -0.410400391, -0.888549805, -0.956001594, -0.27844823, -0.091547712, 0, 2, 5, 1, 
215.851061, 31, 0.1, 0.1, 0.0702186855, 0.291370679, -0.034976428, 0.941199353, -0.33785171, -1.08515051e-005, 0.337851711, 0.941199353, 9.42403011e-006, 7.02950491e-006, -1.25360906e-005, 1, 0.94119929, -0.337851885, -1.95873228e-005, 0.337851885, 0.94119929, 1.21075567e-005, 1.43450134e-005, -1.80132377e-005, 1, 0, 0, 0, 0, 0, 0, 0, 0.155170825, 0.144332397, 0.141525513, -0.583072986, 0.673758813, 0.453788636, -0.570556641, -0.737182617, 0.361694336, 0.578436766, -0.0480067437, 0.814404702, 0, 0, -0, 0, 0, 0, 0, 0.24901001, 0.152034863, 0.141121338, -0.209813754, 0.868212511, -0.449435683, 0.204711914, -0.410400391, -0.888549805, -0.956001594, -0.27844823, -0.091547712, 0, 2, 5, 1, 
215.851754, 31, 0.1, 0.1, 0.0702186817, 0.291370683, -0.0349732334, 0.941199682, -0.337850794, 8.56829238e-006, 0.337850794, 0.941199682, -1.82364208e-005, -1.90328481e-006, 2.00589179e-005, 1, 0.941199615, -0.337850978, 1.623854e-005, 0.337850979, 0.941199615, -1.79034945e-005, -9.23499446e-006, 2.23369687e-005, 1, 0, 0, 0, 0, 0, 0, 0, 0.155170825, 0.144332397, 0.141525513, -0.583072986, 0.673758813, 0.453788636, -0.570556641, -0.737182617, 0.361694336, 0.578436766, -0.0480067437, 0.814404702, 0, 0, -0, 0, 0, 0, 0, 0.24901001, 0.152034863, 0.141121338, -0.209813754, 0.868212511, -0.449435683, 0.204711914, -0.410400391, -0.888549805, -0.956001594, -0.27844823, -0.091547712, 0, 2, 5, 1, 
215.852452, 31, 0.1, 0.1, 0.0702186859, 0.291370684, -0.0349692001, 0.941200037, -0.337849804, -3.21855134e-006, 0.337849804, 0.941200037, 3.09210349e-006, 1.98463408e-006, -3.99767486e-006, 1, 0.941199964, -0.337850007, -1.45308106e-005, 0.337850007, 0.941199964, 3.47477384e-006, 1.2502446e-005, -8.17969147e-006, 1, 0, 0, 0, 0, 0, 0, 0, 0.155170825, 0.144332397, 0.141525513, -0.583072986, 0.673758813, 0.453788636, -0.570556641, -0.737182617, 0.361694336, 0.578436766, -0.0480067437, 0.814404702, 0, 0, -0, 0, 0, 0, 0, 0.24901001, 0.152034863, 0.141121338, -0.209813754, 0.868212511, -0.449435683, 0.204711914, -0.410400391, -0.888549805, -0.956001594, -0.27844823, -0.091547712, 0, 2, 5, 1, 
215.853146, 31, 0.1, 0.1, 0.0702186796, 0.291370684, -0.0349656009, 0.941200363, -0.337848895, 9.06947077e-006, 0.337848895, 0.941200363, 5.26249804e-006, -1.03141183e-005, -1.88895439e-006, 1, 0.941200306, -0.337849055, 1.95156201e-005, 0.337849054, 0.941200306, 7.32956174e-006, -2.08443932e-005, -3.05251944e-007, 1, 0, 0, 0, 0, 0, 0, 0, 0.155170825, 0.144332397, 0.141525513, -0.583072986, 0.673758813, 0.453788636, -0.570556641, -0.737182617, 0.361694336, 0.578436766, -0.0480067437, 0.814404702, 0, 0, -0, 0, 0, 0, 0, 0.24901001, 0.152034863, 0.141121338, -0.209813754, 0.868212511, -0.449435683, 0.204711914, -0.410400391, -0.888549805, -0.956001594, -0.27844823, -0.091547712, 0, 2, 5, 1, 
215.853883, 31, 0.1, 0.1, 0.070218684, 0.291370684, -0.0349630852, 0.941200656, -0.337848079, -2.0094039e-006, 0.337848079, 0.941200656, 1.82724404e-006, 1.27392137e-006, -2.39867654e-006, 1, 0.941200594, -0.337848252, -1.53935566e-005, 0.337848253, 0.941200594, 3.30644719e-006, 1.33713472e-005, -8.31271627e-006, 1, 0, 0, 0, 0, 0, 0, 0, 0.155373926, 0.143630103, 0.139682666, -0.583359426, 0.677213328, 0.448217447, -0.572021484, -0.73425293, 0.365356445, 0.576628255, -0.0433630239, 0.815905051, 0, 0, -0, 0, 0, 0, 0, 0.24901001, 0.152034863, 0.141121338, -0.20943679, 0.865298872, -0.45499427, 0.204833984, -0.416137695, -0.885864258, -0.956084716, -0.278754466, -0.090045317, 0, 2, 5, 1, 
215.854579, 31, 0.1, 0.1, 0.0702186767, 0.291370684, -0.0349624815, 0.941200918, -0.337847349, 6.98813879e-006, 0.337847349, 0.941200918, 1.25930362e-005, -1.08317665e-005, -9.49165303e-006, 1, 0.941200871, -0.337847481, 2.31069926e-005, 0.337847482, 0.941200871, 3.22391633e-006, -2.28375136e-005, 4.7722864e-006, 1, 0, 0, 0, 0, 0, 0, 0, 0.155373926, 0.143630103, 0.139682666, -0.583359426, 0.677213328, 0.448217447, -0.572021484, -0.73425293, 0.365356445, 0.576628255, -0.0433630239, 0.815905051, 0, 0, -0, 0, 0, 0, 0, 0.249479687, 0.15138916, 0.139222461, -0.20943679, 0.865298872, -0.45499427, 0.204833984, -0.416137695, -0.885864258, -0.956084716, -0.278754466, -0.090045317, 0, 2, 5, 1, 
215.855277, 31, 0.1, 0.1, 0.070218683, 0.291370684, -0.0349639992, 0.941201063, -0.337846945, -6.38585157e-006, 0.337846945, 0.941201063, -1.03887783e-005, 9.52018732e-006, 7.62048878e-006, 1, 0.941201044, -0.337846999, -1.74501715e-005, 0.337846999, 0.941201044, -8.43869206e-006, 1.92751064e-005, 2.04701771e-006, 1, 0, 0, 0, 0, 0, 0, 0, 0.155373926, 0.143630103, 0.139682666, -0.583359426, 0.677213328, 0.448217447, -0.572021484, -0.73425293, 0.365356445, 0.576628255, -0.0433630239, 0.815905051, 0, 0, -0, 0, 0, 0, 0, 0.249479687, 0.15138916, 0.139222461, -0.20943679, 0.865298872, -0.45499427, 0.204833984, -0.416137695, -0.885864258, -0.956084716, -0.278754466, -0.090045317, 0, 2, 5, 1, 
215.855969, 31, 0.1, 0.1, 0.0702186791, 0.291370684, -0.0349670818, 0.941201113, -0.337846806, 4.89675434e-006, 0.337846806, 0.941201113, -1.92032474e-006, -3.96005506e-006, 3.4617646e-006, 1, 0.941201102, -0.337846837, 1.43630448e-005, 0.337846837, 0.941201102, 5.78767873e-007, -1.37140485e-005, 4.30777229e-006, 1, 0, 0, 0, 0, 0, 0, 0, 0.155373926, 0.143630103, 0.139682666, -0.583359426, 0.677213328, 0.448217447, -0.572021484, -0.73425293, 0.365356445, 0.576628255, -0.0433630239, 0.815905051, 0, 0, -0, 0, 0, 0, 0, 0.249479687, 0.15138916, 0.139222461, -0.20943679, 0.865298872, -0.45499427, 0.204833984, -0.416137695, -0.885864258, -0.956084716, -0.278754466, -0.090045317, 0, 2, 5, 1, 
215.856667, 31, 0.1, 0.1, 0.0702186852, 0.291370686, -0.0349707787, 0.941201163, -0.337846668, -9.84050122e-006, 0.337846668, 0.941201163, -7.3079363e-006, 1.17308531e-005, 3.55365759e-006, 1, 0.941201154, -0.337846692, -1.90783712e-005, 0.337846692, 0.941201154, -6.23618997e-006, 2.00634611e-005, -5.76055392e-007, 1, 0, 0, 0, 0, 0, 0, 0, 0.155373926, 0.143630103, 0.139682666, -0.583359426, 0.677213328, 0.448217447, -0.572021484, -0.73425293, 0.365356445, 0.576628255, -0.0433630239, 0.815905051, 0, 0, -0, 0, 0, 0, 0, 0.249479687, 0.15138916, 0.139222461, -0.20943679, 0.865298872, -0.45499427, 0.204833984, -0.416137695, -0.885864258, -0.956084716, -0.278754466, -0.090045317, 0, 2, 5, 1, 
215.857357, 31, 0.1, 0.1, 0.0702186831, 0.291370685, -0.0349739073, 0.941201168, -0.337846653, 4.82265709e-006, 0.337846653, 0.941201168, -6.33948137e-006, -2.39731792e-006, 7.59604583e-006, 1, 0.941201167, -0.337846655, 8.75063983e-006, 0.337846655, 0.941201167, 3.57194528e-006, -9.44288219e-006, -4.0554467e-007, 1, 0, 0, 0, 0, 0, 0, 0, 0.155373926, 0.143630103, 0.139682666, -0.583359426, 0.677213328, 0.448217447, -0.572021484, -0.73425293, 0.365356445, 0.576628255, -0.0433630239, 0.815905051, 0, 0, -0, 0, 0, 0, 0, 0.249479687, 0.15138916, 0.139222461, -0.20943679, 0.865298872, -0.45499427, 0.204833984, -0.416137695, -0.885864258, -0.956084716, -0.278754466, -0.090045317, 0, 2, 5, 1, 
215.858052, 31, 0.1, 0.1, 0.0702186871, 0.291370687, -0.0349756433, 0.941201221, -0.337846506, -9.4437567e-006, 0.337846506, 0.941201221, 8.94534437e-006, 5.866322e-006, -1.16099092e-005, 1, 0.941201205, -0.337846551, -1.49116276e-005, 0.337846551, 0.941201205, 1.5405633e-006, 1.35143679e-005, -6.48782199e-006, 1, 0, 0, 0, 0, 0, 0, 0, 0.155373926, 0.143630103, 0.139682666, -0.583359426, 0.677213328, 0.448217447, -0.572021484, -0.73425293, 0.365356445, 0.576628255, -0.0433630239, 0.815905051, 0, 0, -0, 0, 0, 0, 0, 0.249479687, 0.15138916, 0.139222461, -0.20943679, 0.865298872, -0.45499427, 0.204833984, -0.416137695, -0.885864258, -0.956084716, -0.278754466, -0.090045317, 0, 2, 5, 1, 
215.858779, 31, 0.1, 0.1, 0.0702186841, 0.291370686, -0.0349753088, 0.941201352, -0.33784614, 5.88653065e-006, 0.33784614, 0.941201352, -1.97156368e-006, -4.87432543e-006, 3.84438006e-006, 1, 0.941201323, -0.337846222, 1.2961212e-005, 0.337846222, 0.941201323, -4.66862641e-007, -1.20413821e-005, 4.81830825e-006, 1, 0, 0, 0, 0, 0, 0, 0, 0.155498291, 0.143315698, 0.137828345, -0.58523833, 0.67936182, 0.442449307, -0.570922852, -0.732666016, 0.369995117, 0.575689925, -0.0360406116, 0.816942227, 0, 0, -0, 0, 0, 0, 0, 0.249658496, 0.151074463, 0.137196875, -0.210388679, 0.861413654, -0.46199072, 0.207763672, -0.422363281, -0.882202148, -0.955202822, -0.28149493, -0.0900442173, 0, 2, 5, 1, 
215.859483, 31, 0.1, 0.1, 0.0702186875, 0.291370686, -0.0349731123, 0.941201483, -0.337845776, -3.25639359e-006, 0.337845776, 0.941201483, 4.86515277e-006, 1.42125117e-006, -5.67924782e-006, 1, 0.94120146, -0.337845841, -9.66937949e-006, 0.337845841, 0.94120146, -3.75180078e-006, 1.03683644e-005, 2.64440728e-007, 1, 0, 0, 0, 0, 0, 0, 0, 0.155498291, 0.143315698, 0.137828345, -0.58523833, 0.67936182, 0.442449307, -0.570922852, -0.732666016, 0.369995117, 0.575689925, -0.0360406116, 0.816942227, 0, 0, -0, 0, 0, 0, 0, 0.249658496, 0.151074463, 0.137196875, -0.210388679, 0.861413654, -0.46199072, 0.207763672, -0.422363281, -0.882202148, -0.955202822, -0.28149493, -0.0900442173, 0, 2, 5, 1, 
215.860172, 31, 0.1, 0.1, 0.0702186825, 0.291370686, -0.0349700735, 0.941201638, -0.337845345, 9.44989733e-006, 0.337845345, 0.941201638, -6.5752656e-006, -6.67283596e-006, 9.38125457e-006, 1, 0.941201603, -0.337845441, 1.88565709e-005, 0.337845441, 0.941201603, -4.9991962e-006, -1.60588791e-005, 1.1075858e-005, 1, 0, 0, 0, 0, 0, 0, 0, 0.155498291, 0.143315698, 0.137828345, -0.58523833, 0.67936182, 0.442449307, -0.570922852, -0.732666016, 0.369995117, 0.575689925, -0.0360406116, 0.816942227, 0, 0, -0, 0, 0, 0, 0, 0.249658496, 0.151074463, 0.137196875, -0.210388679, 0.861413654, -0.46199072, 0.207763672, -0.422363281, -0.882202148, -0.955202822, -0.28149493, -0.0900442173, 0, 2, 5, 1, 
215.860882, 31, 0.1, 0.1, 0.070218688, 0.291370684, -0.0349670138, 0.941201853, -0.337844746, -7.0851847e-006, 0.337844746, 0.941201853, 9.01093795e-006, 3.62429093e-006, -1.08748039e-005, 1, 0.941201805, -0.337844877, -1.91877509e-005, 0.337844878, 0.941201805, 1.14143872e-005, 1.42032536e-005, -1.72257252e-005, 1, 0, 0, 0, 0, 0, 0, 0, 0.155498291, 0.143315698, 0.137828345, -0.585511665, 0.683007295, 0.436541503, -0.571777344, -0.729614258, 0.37487793, 0.574744481, -0.0301912177, 0.817877931, 0, 0, -0, 0, 0, 0, 0, 0.249658496, 0.151074463, 0.137196875, -0.210388679, 0.861413654, -0.46199072, 0.207763672, -0.422363281, -0.882202148, -0.955202822, -0.28149493, -0.0900442173, 0, 2, 5, 1, 
215.861717, 31, 0.1, 0.1, 0.070218676, 0.291370685, -0.0349624115, 0.941202106, -0.33784404, 1.17808314e-005, 0.33784404, 0.941202106, 9.10096799e-006, -1.41628511e-005, -4.58576657e-006, 1, 0.941202066, -0.33784415, 2.93841667e-005, 0.33784415, 0.941202067, 8.12472107e-007, -2.79309274e-005, 9.16256839e-006, 1, 0, 0, 0, 0, 0, 0, 0, 0.155704688, 0.142626831, 0.135966577, -0.585511665, 0.683007295, 0.436541503, -0.571777344, -0.729614258, 0.37487793, 0.574744481, -0.0301912177, 0.817877931, 0, 0, -0, 0, 0, 0, 0, 0.249680225, 0.150543604, 0.135358154, -0.210184156, 0.857292197, -0.469632458, 0.209960938, -0.42956543, -0.878173828, -0.954813098, -0.28315554, -0.0897427119, 0, 2, 5, 1, 
215.862412, 31, 0.1, 0.1, 0.0702186815, 0.291370687, -0.034961058, 0.941202205, -0.337843764, -4.92549433e-006, 0.337843763, 0.941202205, -1.94372443e-005, 1.12026379e-005, 1.66303297e-005, 1, 0.941202195, -0.337843791, -1.63321677e-005, 0.337843791, 0.941202195, -1.67965551e-005, 2.10464839e-005, 1.02912331e-005, 1, 0, 0, 0, 0, 0, 0, 0, 0.155704688, 0.142626831, 0.135966577, -0.585511665, 0.683007295, 0.436541503, -0.571777344, -0.729614258, 0.37487793, 0.574744481, -0.0301912177, 0.817877931, 0, 0, -0, 0, 0, 0, 0, 0.249680225, 0.150543604, 0.135358154, -0.210184156, 0.857292197, -0.469632458, 0.209960938, -0.42956543, -0.878173828, -0.954813098, -0.28315554, -0.0897427119, 0, 2, 5, 1, 
215.863106, 31, 0.1, 0.1, 0.0702186794, 0.291370685, -0.0349623241, 0.941202178, -0.33784384, -7.03553207e-006, 0.337843841, 0.941202178, 1.26233182e-005, 2.35714783e-006, -1.42580057e-005, 1, 0.941202192, -0.337843801, 4.21693728e-006, 0.337843801, 0.941202192, 1.67065735e-005, -9.61320289e-006, -1.42995974e-005, 1, 0, 0, 0, 0, 0, 0, 0, 0.155704688, 0.142626831, 0.135966577, -0.585511665, 0.683007295, 0.436541503, -0.571777344, -0.729614258, 0.37487793, 0.574744481, -0.0301912177, 0.817877931, 0, 0, -0, 0, 0, 0, 0, 0.249680225, 0.150543604, 0.135358154, -0.210184156, 0.857292197, -0.469632458, 0.209960938, -0.42956543, -0.878173828, -0.954813098, -0.28315554, -0.0897427119, 0, 2, 5, 1, 
215.8638, 31, 0.1, 0.1, 0.0702186796, 0.291370687, -0.0349656612, 0.941202063, -0.33784416, 9.40098787e-007, 0.33784416, 0.941202063, -4.0802607e-006, 4.93669332e-007, 4.15795667e-006, 1, 0.941202088, -0.33784409, 7.3044262e-006, 0.33784409, 0.941202088, -8.92361777e-006, -3.86014966e-006, 1.08666849e-005, 1, 0, 0, 0, 0, 0, 0, 0, 0.155704688, 0.142626831, 0.135966577, -0.585511665, 0.683007295, 0.436541503, -0.571777344, -0.729614258, 0.37487793, 0.574744481, -0.0301912177, 0.817877931, 0, 0, -0, 0, 0, 0, 0, 0.249680225, 0.150543604, 0.135358154, -0.210184156, 0.857292197, -0.469632458, 0.209960938, -0.42956543, -0.878173828, -0.954813098, -0.28315554, -0.0897427119, 0, 2, 5, 1, 
215.864492, 31, 0.1, 0.1, 0.0702186802, 0.291370685, -0.0349699907, 0.941201956, -0.337844457, 7.29631204e-006, 0.337844457, 0.941201956, 3.5168789e-007, -6.98611898e-006, 2.13400925e-006, 1, 0.941201974, -0.33784441, 2.39344158e-006, 0.337844409, 0.941201973, 1.01202705e-005, -5.67178874e-006, -8.71660768e-006, 1, 0, 0, 0, 0, 0, 0, 0, 0.155704688, 0.142626831, 0.135966577, -0.585511665, 0.683007295, 0.436541503, -0.571777344, -0.729614258, 0.37487793, 0.574744481, -0.0301912177, 0.817877931, 0, 0, -0, 0, 0, 0, 0, 0.249680225, 0.150543604, 0.135358154, -0.210184156, 0.857292197, -0.469632458, 0.209960938, -0.42956543, -0.878173828, -0.954813098, -0.28315554, -0.0897427119, 0, 2, 5, 1, 
215.865185, 31, 0.1, 0.1, 0.0702186817, 0.291370685, -0.0349739773, 0.941201919, -0.337844561, -4.82400812e-006, 0.337844561, 0.941201919, 9.79398305e-006, 1.23152179e-006, -1.08478806e-005, 1, 0.94120192, -0.337844558, -9.14021946e-006, 0.337844558, 0.94120192, 3.61761329e-006, 7.38060115e-006, -6.49287798e-006, 1, 0, 0, 0, 0, 0, 0, 0, 0.155704688, 0.142626831, 0.135966577, -0.585511665, 0.683007295, 0.436541503, -0.571777344, -0.729614258, 0.37487793, 0.574744481, -0.0301912177, 0.817877931, 0, 0, -0, 0, 0, 0, 0, 0.249680225, 0.150543604, 0.135358154, -0.210184156, 0.857292197, -0.469632458, 0.209960938, -0.42956543, -0.878173828, -0.954813098, -0.28315554, -0.0897427119, 0, 2, 5, 1, 
215.865909, 31, 0.1, 0.1, 0.0702186782, 0.291370685, -0.0349763844, 0.941201964, -0.337844436, 5.85716888e-006, 0.337844436, 0.941201964, -7.45909942e-006, -2.99276362e-006, 8.99933094e-006, 1, 0.941201948, -0.337844479, 1.40071578e-005, 0.337844479, 0.941201949, -4.44562896e-006, -1.1681633e-005, 8.91647557e-006, 1, 0, 0, 0, 0, 0, 0, 0, 0.156193774, 0.141712646, 0.1337229, -0.584736964, 0.686589491, 0.43199102, -0.571533203, -0.7265625, 0.381347656, 0.575734108, -0.0239610254, 0.817239145, 0, 0, -0, 0, 0, 0, 0, 0.249680225, 0.150543604, 0.135358154, -0.210477998, 0.853062097, -0.477254872, 0.211547852, -0.436889648, -0.874145508, -0.954353011, -0.284950311, -0.0884572339, 0, 2, 5, 1, 
215.866602, 31, 0.1, 0.1, 0.0702186832, 0.291370686, -0.0349764127, 0.941202064, -0.337844158, -9.47181369e-006, 0.337844158, 0.941202064, -9.95727242e-007, 9.25129123e-006, -2.26281639e-006, 1, 0.941202043, -0.337844216, -1.71491159e-005, 0.337844216, 0.941202043, 9.71045057e-007, 1.58127209e-005, -6.7076792e-006, 1, 0, 0, 0, 0, 0, 0, 0, 0.156193774, 0.141712646, 0.1337229, -0.584736964, 0.686589491, 0.43199102, -0.571533203, -0.7265625, 0.381347656, 0.575734108, -0.0239610254, 0.817239145, 0, 0, -0, 0, 0, 0, 0, 0.249893701, 0.149779492, 0.133094922, -0.210477998, 0.853062097, -0.477254872, 0.211547852, -0.436889648, -0.874145508, -0.954353011, -0.284950311, -0.0884572339, 0, 2, 5, 1, 
215.867298, 31, 0.1, 0.1, 0.0702186812, 0.291370687, -0.0349744765, 0.941202158, -0.337843895, -2.68191069e-006, 0.337843895, 0.941202158, 4.40193873e-006, 1.037052e-006, -5.04918139e-006, 1, 0.941202142, -0.337843941, 7.60016658e-006, 0.337843941, 0.941202142, -1.87152936e-006, -6.52100821e-006, 4.32915767e-006, 1, 0, 0, 0, 0, 0, 0, 0, 0.156193774, 0.141712646, 0.1337229, -0.584736964, 0.686589491, 0.43199102, -0.571533203, -0.7265625, 0.381347656, 0.575734108, -0.0239610254, 0.817239145, 0, 0, -0, 0, 0, 0, 0, 0.249893701, 0.149779492, 0.133094922, -0.210477998, 0.853062097, -0.477254872, 0.211547852, -0.436889648, -0.874145508, -0.954353011, -0.284950311, -0.0884572339, 0, 2, 5, 1, 
215.867992, 31, 0.1, 0.1, 0.0702186811, 0.291370687, -0.0349712861, 0.94120225, -0.33784364, 5.86786786e-006, 0.33784364, 0.94120225, -1.00166992e-005, -2.13877232e-006, 1.14101616e-005, 1, 0.941202227, -0.337843702, 7.82973356e-006, 0.337843702, 0.941202227, -4.35868109e-006, -5.89680971e-006, 6.74762652e-006, 1, 0, 0, 0, 0, 0, 0, 0, 0.156193774, 0.141712646, 0.1337229, -0.584736964, 0.686589491, 0.43199102, -0.571533203, -0.7265625, 0.381347656, 0.575734108, -0.0239610254, 0.817239145, 0, 0, -0, 0, 0, 0, 0, 0.249893701, 0.149779492, 0.133094922, -0.210477998, 0.853062097, -0.477254872, 0.211547852, -0.436889648, -0.874145508, -0.954353011, -0.284950311, -0.0884572339, 0, 2, 5, 1, 
215.868691, 31, 0.1, 0.1, 0.0702186831, 0.291370686, -0.0349677684, 0.941202396, -0.337843233, -9.02462804e-007, 0.337843233, 0.941202396, 1.27345468e-005, -3.4528803e-006, -1.22906769e-005, 1, 0.941202363, -0.337843324, -3.27895652e-006, 0.337843324, 0.941202363, 1.27314725e-005, -1.21508137e-006, -1.30906656e-005, 1, 0, 0, 0, 0, 0, 0, 0, 0.156193774, 0.141712646, 0.1337229, -0.584736964, 0.686589491, 0.43199102, -0.571533203, -0.7265625, 0.381347656, 0.575734108, -0.0239610254, 0.817239145, 0, 0, -0, 0, 0, 0, 0, 0.249893701, 0.149779492, 0.133094922, -0.210477998, 0.853062097, -0.477254872, 0.211547852, -0.436889648, -0.874145508, -0.954353011, -0.284950311, -0.0884572339, 0, 2, 5, 1, 
215.869383, 31, 0.1, 0.1, 0.0702186826, 0.291370688, -0.034965083, 0.941202547, -0.337842813, -3.1660655e-007, 0.337842813, 0.941202547, -5.59502985e-006, 2.18823151e-006, 5.1590931e-006, 1, 0.941202519, -0.337842889, 5.35215762e-006, 0.33784289, 0.941202519, -1.09229816e-005, -1.34721255e-006, 1.20889262e-005, 1, 0, 0, 0, 0, 0, 0, 0, 0.156193774, 0.141712646, 0.1337229, -0.584736964, 0.686589491, 0.43199102, -0.571533203, -0.7265625, 0.381347656, 0.575734108, -0.0239610254, 0.817239145, 0, 0, -0, 0, 0, 0, 0, 0.249893701, 0.149779492, 0.133094922, -0.210477998, 0.853062097, -0.477254872, 0.211547852, -0.436889648, -0.874145508, -0.954353011, -0.284950311, -0.0884572339, 0, 2, 5, 1, 
215.870085, 31, 0.1, 0.1, 0.070218684, 0.291370686, -0.0349638295, 0.941202684, -0.337842431, 2.07456025e-006, 0.337842431, 0.941202684, -6.21753517e-006, 1.47965517e-007, 6.55283527e-006, 1, 0.941202661, -0.337842495, -5.31971923e-006, 0.337842495, 0.941202661, 5.41802463e-006, 3.17649493e-006, -6.89668642e-006, 1, 0, 0, 0, 0, 0, 0, 0, 0.156193774, 0.141712646, 0.1337229, -0.584736964, 0.686589491, 0.43199102, -0.571533203, -0.7265625, 0.381347656, 0.575734108, -0.0239610254, 0.817239145, 0, 0, -0, 0, 0, 0, 0, 0.249893701, 0.149779492, 0.133094922, -0.210477998, 0.853062097, -0.477254872, 0.211547852, -0.436889648, -0.874145508, -0.954353011, -0.284950311, -0.0884572339, 0, 2, 5, 1, 
215.870812, 31, 0.1, 0.1, 0.070218683, 0.291370686, -0.0349642183, 0.941202761, -0.337842214, -1.24994186e-005, 0.337842214, 0.941202761, 1.19215722e-005, 7.73687693e-006, -1.54434479e-005, 1, 0.941202748, -0.337842253, -6.87627189e-006, 0.337842253, 0.941202748, 7.39403026e-006, 3.97395016e-006, -9.28237679e-006, 1, 0, 0, 0, 0, 0, 0, 0, 0.156266748, 0.141179639, 0.131565259, -0.587549329, 0.688770184, 0.42461132, -0.570800781, -0.724731445, 0.385864258, 0.573584112, -0.0156549777, 0.819025935, 0, 0, -0, 0, 0, 0, 0, 0.250004639, 0.149328076, 0.130975098, -0.212573542, 0.847630375, -0.485931622, 0.21496582, -0.444458008, -0.869506836, -0.953100349, -0.289326232, -0.087650799, 0, 2, 5, 1, 
215.871509, 31, 0.1, 0.1, 0.0702186833, 0.291370687, -0.0349659382, 0.941202854, -0.337841957, -3.64153216e-006, 0.337841957, 0.941202854, -1.41731504e-005, 8.21570532e-006, 1.21095472e-005, 1, 0.941202829, -0.337842025, 5.60379312e-006, 0.337842025, 0.941202829, -1.08300234e-005, -1.61546889e-006, 1.20864455e-005, 1, 0, 0, 0, 0, 0, 0, 0, 0.156266748, 0.141179639, 0.131565259, -0.587549329, 0.688770184, 0.42461132, -0.570800781, -0.724731445, 0.385864258, 0.573584112, -0.0156549777, 0.819025935, 0, 0, -0, 0, 0, 0, 0, 0.250004639, 0.149328076, 0.130975098, -0.212573542, 0.847630375, -0.485931622, 0.21496582, -0.444458008, -0.869506836, -0.953100349, -0.289326232, -0.087650799, 0, 2, 5, 1, 
215.8722, 31, 0.1, 0.1, 0.0702186833, 0.291370685, -0.0349686381, 0.941203018, -0.3378415, 1.74163394e-005, 0.3378415, 0.941203018, 1.05828628e-005, -1.99676415e-005, -4.07666021e-006, 1, 0.941202979, -0.337841609, 8.68575446e-006, 0.337841609, 0.941202979, 1.38255988e-005, -1.28459205e-005, -1.00782855e-005, 1, 0, 0, 0, 0, 0, 0, 0, 0.156266748, 0.141179639, 0.131565259, -0.587549329, 0.688770184, 0.42461132, -0.570800781, -0.724731445, 0.385864258, 0.573584112, -0.0156549777, 0.819025935, 0, 0, -0, 0, 0, 0, 0, 0.250004639, 0.149328076, 0.130975098, -0.212573542, 0.847630375, -0.485931622, 0.21496582, -0.444458008, -0.869506836, -0.953100349, -0.289326232, -0.087650799, 0, 2, 5, 1, 
215.872895, 31, 0.1, 0.1, 0.0702186814, 0.291370688, -0.0349715054, 0.941203256, -0.337840837, -1.65365572e-005, 0.337840837, 0.941203256, -2.84700257e-006, 1.65260952e-005, -2.90711625e-006, 1, 0.941203202, -0.337840987, -4.93310622e-006, 0.337840987, 0.941203202, -9.40006339e-006, 7.81878206e-006, 7.18076428e-006, 1, 0, 0, 0, 0, 0, 0, 0, 0.156266748, 0.141179639, 0.131565259, -0.587549329, 0.688770184, 0.42461132, -0.570800781, -0.724731445, 0.385864258, 0.573584112, -0.0156549777, 0.819025935, 0, 0, -0, 0, 0, 0, 0, 0.250004639, 0.149328076, 0.130975098, -0.212573542, 0.847630375, -0.485931622, 0.21496582, -0.444458008, -0.869506836, -0.953100349, -0.289326232, -0.087650799, 0, 2, 5, 1, 
215.873591, 31, 0.1, 0.1, 0.0702186843, 0.291370689, -0.0349736652, 0.941203515, -0.337840116, 1.0964458e-005, 0.337840116, 0.941203515, -6.86982378e-006, -7.99888433e-006, 1.0170136e-005, 1, 0.941203466, -0.337840252, 3.26858721e-006, 0.337840252, 0.941203466, -5.25457391e-006, -1.30119904e-006, 6.04988351e-006, 1, 0, 0, 0, 0, 0, 0, 0, 0.156266748, 0.141179639, 0.131565259, -0.587549329, 0.688770184, 0.42461132, -0.570800781, -0.724731445, 0.385864258, 0.573584112, -0.0156549777, 0.819025935, 0, 0, -0, 0, 0, 0, 0, 0.250004639, 0.149328076, 0.130975098, -0.212573542, 0.847630375, -0.485931622, 0.21496582, -0.444458008, -0.869506836, -0.953100349, -0.289326232, -0.087650799, 0, 2, 5, 1, 
215.874289, 31, 0.1, 0.1, 0.070218684, 0.291370688, -0.0349744814, 0.941203736, -0.337839499, -4.73431148e-006, 0.337839499, 0.941203736, 8.7149284e-006, 1.5117046e-006, -9.80196059e-006, 1, 0.941203694, -0.337839616, -6.4485405e-006, 0.337839616, 0.941203694, 8.37316299e-006, 3.24060397e-006, -1.00594244e-005, 1, 0, 0, 0, 0, 0, 0, 0, 0.156266748, 0.141179639, 0.131565259, -0.587549329, 0.688770184, 0.42461132, -0.570800781, -0.724731445, 0.385864258, 0.573584112, -0.0156549777, 0.819025935, 0, 0, -0, 0, 0, 0, 0, 0.250004639, 0.149328076, 0.130975098, -0.212573542, 0.847630375, -0.485931622, 0.21496582, -0.444458008, -0.869506836, -0.953100349, -0.289326232, -0.087650799, 0, 2, 5, 1, 
215.874987, 31, 0.1, 0.1, 0.0702186837, 0.291370689, -0.0349737816, 0.941203962, -0.337838869, -6.52706507e-006, 0.337838869, 0.941203962, -5.54867863e-006, 8.01785881e-006, 3.01734203e-006, 1, 0.941203915, -0.337839001, -2.02118344e-006, 0.337839001, 0.941203915, -9.6025406e-006, 5.14645849e-006, 8.35511421e-006, 1, 0, 0, 0, 0, 0, 0, 0, 0.156266748, 0.141179639, 0.131565259, -0.587549329, 0.688770184, 0.42461132, -0.570800781, -0.724731445, 0.385864258, 0.573584112, -0.0156549777, 0.819025935, 0, 0, -0, 0, 0, 0, 0, 0.250004639, 0.149328076, 0.130975098, -0.212573542, 0.847630375, -0.485931622, 0.21496582, -0.444458008, -0.869506836, -0.953100349, -0.289326232, -0.087650799, 0, 2, 5, 1, 
215.875709, 31, 0.1, 0.1, 0.0702186846, 0.291370687, -0.034971622, 0.941204224, -0.33783814, 3.39036611e-006, 0.33783814, 0.941204224, -4.55866586e-006, -1.6509357e-006, 5.43603054e-006, 1, 0.941204177, -0.33783827, -1.87526736e-006, 0.33783827, 0.941204177, 4.74828013e-006, 1.60858734e-007, -5.10263817e-006, 1, 0, 0, 0, 0, 0, 0, 0, 0.15644751, 0.140052344, 0.129634277, -0.588254759, 0.692530235, 0.417313995, -0.572143555, -0.721191406, 0.39050293, 0.571471187, -0.0090821792, 0.820552493, 0, 0, -0, 0, 0, 0, 0, 0.250249609, 0.148312646, 0.128656934, -0.212369018, 0.84287639, -0.494244166, 0.217041016, -0.452392578, -0.864868164, -0.952710624, -0.290807838, -0.0868060847, 0, 2, 5, 1, 
215.876401, 31, 0.1, 0.1, 0.0702186846, 0.291370688, -0.0349690673, 0.941204458, -0.337837487, 2.19959902e-006, 0.337837487, 0.941204458, 1.35954238e-005, -6.66331622e-006, -1.20529665e-005, 1, 0.941204409, -0.337837623, -3.05371593e-006, 0.337837623, 0.941204409, 6.38381624e-006, 7.17477596e-007, -7.04013613e-006, 1, 0, 0, 0, 0, 0, 0, 0, 0.15644751, 0.140052344, 0.129634277, -0.588254759, 0.692530235, 0.417313995, -0.572143555, -0.721191406, 0.39050293, 0.571471187, -0.0090821792, 0.820552493, 0, 0, -0, 0, 0, 0, 0, 0.250249609, 0.148312646, 0.128656934, -0.212369018, 0.84287639, -0.494244166, 0.217041016, -0.452392578, -0.864868164, -0.952710624, -0.290807838, -0.0868060847, 0, 2, 5, 1, 
215.877098, 31, 0.1, 0.1, 0.0702186849, 0.291370689, -0.0349668401, 0.941204696, -0.337836826, -1.40761747e-006, 0.337836826, 0.941204696, -1.44357135e-005, 6.20177179e-006, 1.31114163e-005, 1, 0.941204651, -0.337836951, -3.5386016e-006, 0.337836951, 0.941204651, -1.57447128e-005, 8.64969404e-006, 1.36235265e-005, 1, 0, 0, 0, 0, 0, 0, 0, 0.15644751, 0.140052344, 0.129634277, -0.588254759, 0.692530235, 0.417313995, -0.572143555, -0.721191406, 0.39050293, 0.571471187, -0.0090821792, 0.820552493, 0, 0, -0, 0, 0, 0, 0, 0.250249609, 0.148312646, 0.128656934, -0.212369018, 0.84287639, -0.494244166, 0.217041016, -0.452392578, -0.864868164, -0.952710624, -0.290807838, -0.0868060847, 0, 2, 5, 1, 
215.877923, 31, 0.1, 0.1, 0.0702186852, 0.291370687, -0.0349644816, 0.941204904, -0.337836247, -1.8242204e-006, 0.337836247, 0.941204904, 1.77549573e-006, 1.11713837e-006, -2.28739306e-006, 1, 0.941204867, -0.337836348, -1.27816578e-007, 0.337836348, 0.941204867, 1.09225853e-005, -3.56974474e-006, -1.03235715e-005, 1, 0, 0, 0, 0, 0, 0, 0, 0.156923779, 0.138952759, 0.126861353, -0.587696105, 0.696785661, 0.411113759, -0.572387695, -0.717163086, 0.397460937, 0.571877072, -0.00172269672, 0.820422187, 0, 0, -0, 0, 0, 0, 0, 0.250249609, 0.148312646, 0.128656934, -0.212273136, 0.83774544, -0.502805711, 0.218139648, -0.4609375, -0.860107422, -0.952455061, -0.292206322, -0.0847601143, 0, 2, 5, 1, 
215.878619, 31, 0.1, 0.1, 0.0702186832, 0.29137069, -0.0349631931, 0.941205043, -0.337835859, 7.98136854e-006, 0.337835859, 0.941205043, 8.507176e-006, -1.03861334e-005, -5.31060446e-006, 1, 0.94120502, -0.337835921, 1.09740528e-005, 0.337835921, 0.94120502, -5.25316295e-006, -8.55412642e-006, 8.65173257e-006, 1, 0, 0, 0, 0, 0, 0, 0, 0.156923779, 0.138952759, 0.126861353, -0.587696105, 0.696785661, 0.411113759, -0.572387695, -0.717163086, 0.397460937, 0.571877072, -0.00172269672, 0.820422187, 0, 0, -0, 0, 0, 0, 0, 0.250261328, 0.147050781, 0.126347559, -0.212273136, 0.83774544, -0.502805711, 0.218139648, -0.4609375, -0.860107422, -0.952455061, -0.292206322, -0.0847601143, 0, 2, 5, 1, 
215.879309, 31, 0.1, 0.1, 0.0702186846, 0.29137069, -0.0349638891, 0.941205091, -0.337835723, 5.89492912e-006, 0.337835723, 0.941205091, -1.14952166e-005, -1.6648425e-006, 1.2810874e-005, 1, 0.94120509, -0.337835727, -4.17014999e-006, 0.337835727, 0.94120509, -9.08630987e-006, 6.99464649e-006, 7.14325545e-006, 1, 0, 0, 0, 0, 0, 0, 0, 0.156923779, 0.138952759, 0.126861353, -0.587696105, 0.696785661, 0.411113759, -0.572387695, -0.717163086, 0.397460937, 0.571877072, -0.00172269672, 0.820422187, 0, 0, -0, 0, 0, 0, 0, 0.250261328, 0.147050781, 0.126347559, -0.212273136, 0.83774544, -0.502805711, 0.218139648, -0.4609375, -0.860107422, -0.952455061, -0.292206322, -0.0847601143, 0, 2, 5, 1, 
215.880005, 31, 0.1, 0.1, 0.0702186872, 0.291370689, -0.034966261, 0.941205088, -0.337835733, -1.51050888e-005, 0.337835733, 0.941205088, 1.09323276e-005, 1.05236555e-005, -1.53926011e-005, 1, 0.941205088, -0.337835733, -1.75147138e-005, 0.337835734, 0.941205088, 9.87774135e-006, 1.31478838e-005, -1.52140766e-005, 1, 0, 0, 0, 0, 0, 0, 0, 0.156923779, 0.138952759, 0.126861353, -0.587696105, 0.696785661, 0.411113759, -0.572387695, -0.717163086, 0.397460937, 0.571877072, -0.00172269672, 0.820422187, 0, 0, -0, 0, 0, 0, 0, 0.250261328, 0.147050781, 0.126347559, -0.212273136, 0.83774544, -0.502805711, 0.218139648, -0.4609375, -0.860107422, -0.952455061, -0.292206322, -0.0847601143, 0, 2, 5, 1, 
215.880699, 31, 0.1, 0.1, 0.0702186831, 0.291370689, -0.0349695055, 0.941205092, -0.337835722, 1.53085572e-005, 0.337835722, 0.941205092, 2.44346719e-006, -1.52339825e-005, 2.87197371e-006, 1, 0.941205091, -0.337835723, 2.12807293e-005, 0.337835723, 0.941205091, -8.07983793e-007, -1.9756565e-005, 7.94986904e-006, 1, 0, 0, 0, 0, 0, 0, 0, 0.156923779, 0.138952759, 0.126861353, -0.587696105, 0.696785661, 0.411113759, -0.572387695, -0.717163086, 0.397460937, 0.571877072, -0.00172269672, 0.820422187, 0, 0, -0, 0, 0, 0, 0, 0.250261328, 0.147050781, 0.126347559, -0.212273136, 0.83774544, -0.502805711, 0.218139648, -0.4609375, -0.860107422, -0.952455061, -0.292206322, -0.0847601143, 0, 2, 5, 1, 
215.88139, 31, 0.1, 0.1, 0.0702186881, 0.291370689, -0.0349725997, 0.941205051, -0.337835834, -1.63430207e-005, 0.337835834, 0.941205052, -1.14991059e-005, 1.92669437e-005, 5.30175854e-006, 1, 0.941205065, -0.337835795, -2.17547648e-005, 0.337835795, 0.941205066, -2.66772641e-006, 2.13769483e-005, -4.83866064e-006, 1, 0, 0, 0, 0, 0, 0, 0, 0.156923779, 0.138952759, 0.126861353, -0.587696105, 0.696785661, 0.411113759, -0.572387695, -0.717163086, 0.397460937, 0.571877072, -0.00172269672, 0.820422187, 0, 0, -0, 0, 0, 0, 0, 0.250261328, 0.147050781, 0.126347559, -0.212273136, 0.83774544, -0.502805711, 0.218139648, -0.4609375, -0.860107422, -0.952455061, -0.292206322, -0.0847601143, 0, 2, 5, 1, 
215.882086, 31, 0.1, 0.1, 0.0702186841, 0.291370689, -0.0349746551, 0.941204928, -0.337836177, 2.6104407e-005, 0.337836177, 0.941204928, 1.60593281e-005, -2.99950185e-005, -6.29610565e-006, 1, 0.941204957, -0.337836097, 2.29816127e-005, 0.337836097, 0.941204957, 1.06158517e-005, -2.52168257e-005, -2.22767395e-006, 1, 0, 0, 0, 0, 0, 0, 0, 0.156923779, 0.138952759, 0.126861353, -0.587696105, 0.696785661, 0.411113759, -0.572387695, -0.717163086, 0.397460937, 0.571877072, -0.00172269672, 0.820422187, 0, 0, -0, 0, 0, 0, 0, 0.250261328, 0.147050781, 0.126347559, -0.212273136, 0.83774544, -0.502805711, 0.218139648, -0.4609375, -0.860107422, -0.952455061, -0.292206322, -0.0847601143, 0, 2, 5, 1, 
215.882808, 31, 0.1, 0.1, 0.0702186801, 0.291370689, -0.0349750082, 0.9412048, -0.337836536, -6.47221046e-006, 0.337836535, 0.9412048, -1.41573323e-005, 1.08745396e-005, 1.11383999e-005, 1, 0.941204817, -0.337836488, 2.40972205e-006, 0.337836488, 0.941204817, -1.19207744e-005, 1.75923055e-006, 1.20339823e-005, 1, 0, 0, 0, 0, 0, 0, 0, 0.156970386, 0.138213965, 0.124615576, -0.590984748, 0.699214601, 0.402007923, -0.571777344, -0.71472168, 0.402832031, 0.56906096, 0.00815072748, 0.822235185, 0, 0, -0, 0, 0, 0, 0, 0.250460156, 0.146121631, 0.124132764, -0.213007742, 0.83163015, -0.512607157, 0.222412109, -0.469604492, -0.854248047, -0.951304844, -0.295917632, -0.0849310889, 0, 2, 5, 1, 
