time, trialNum, realDorsalTactorPos, realVentralTactorPos, boxPosX, boxPosY, boxPosZ, boxLocalRot_11, boxLocalRot_12, boxLocalRot_13, boxLocalRot_21, boxLocalRot_22, boxLocalRot_23, boxLocalRot_31, boxLocalRot_32, boxLocalRot_33, boxGlobalRot_11, boxGlobalRot_12, boxGlobalRot_13, boxGlobalRot_21, boxGlobalRot_22, boxGlobalRot_23, boxGlobalRot_31, boxGlobalRot_32, boxGlobalRot_33, indexForceX, indexForceY, indexForceZ, indexForceGlobalX, indexForceGlobalY, indexForceGlobalZ, indexContact, indexPosX, indexPosY, indexPosZ, indexRot_11, indexRot_12, indexRot_13, indexRot_21, indexRot_22, indexRot_23, indexRot_31, indexRot_32, indexRot_33, thumbForceX, thumbForceY, thumbForceZ, thumbForceGlobalX, thumbForceGlobalY, thumbForceGlobalZ, thumbContact, thumbPosX, thumbPosY, thumbPosZ, thumbRot_11, thumbRot_12, thumbRot_13, thumbRot_21, thumbRot_22, thumbRot_23, thumbRot_31, thumbRot_32, thumbRot_33, manipForceTooHigh, cceExpType, mapping, trialSuccess, 
270.046702, 41, 0.1, 0.1, -0.0112203761, 0.35699078, -0.0349626754, 0.950619313, -2.51278418e-006, 0.310359343, 0.310359343, 3.95334306e-006, -0.950619313, 1.16174421e-006, 1, 4.53799031e-006, 0.950619381, 4.21891729e-006, 0.310359136, 0.310359136, 6.24760831e-006, -0.950619381, -5.94958685e-006, 1, 4.62971801e-006, 0, 0, 0, 0, 0, 0, 0, 0.161955737, 0.156847412, 0.141555005, -0.694055467, 0.66125093, 0.284401068, -0.667236328, -0.739257813, 0.0905761719, 0.270226325, -0.126978407, 0.954443269, 0, 0, -0, 0, 0, 0, 0, 0.253537842, 0.16286333, 0.169751172, -0.0903592412, 0.946880048, -0.30819237, 0.516967773, -0.219970703, -0.827148437, -0.851143901, -0.233970839, -0.469601856, 0, 2, 1, 1, 
270.081175, 41, 0.1, 0.1, -0.0112203925, 0.356990776, -0.0349692186, 0.950618721, 4.63969475e-006, 0.310361156, 0.310361156, 1.76597123e-005, -0.950618721, -9.89146941e-006, 1, 1.53476721e-005, 0.950618635, -2.66013572e-006, 0.31036142, 0.31036142, -2.46949265e-006, -0.950618635, 3.29520983e-006, 1, -1.52194223e-006, 0, 0, 0, 0, 0, 0, 0, 0.162237231, 0.157666577, 0.138485254, -0.688093741, 0.668813355, 0.281038285, -0.676269531, -0.731567383, 0.0852050781, 0.262608116, -0.131513159, 0.955841025, 0, 0, -0, 0, 0, 0, 0, 0.253444189, 0.162735059, 0.165937061, -0.0938612977, 0.948004746, -0.303865655, 0.509643555, -0.216308594, -0.832641602, -0.855194263, -0.23299343, -0.462887222, 0, 2, 1, 1, 
270.081866, 41, 0.1, 0.1, -0.0112203938, 0.356990767, -0.0349711363, 0.950619112, -6.87163518e-006, 0.310359958, 0.310359958, 7.33622295e-006, -0.950619112, 4.25543788e-006, 1, 9.10663415e-006, 0.950619038, 1.2985928e-006, 0.310360184, 0.310360184, 2.3162515e-005, -0.950619038, -8.42318947e-006, 1, 2.16156963e-005, 0, 0, 0, 0, 0, 0, 0, 0.162237231, 0.157666577, 0.138485254, -0.688093741, 0.668813355, 0.281038285, -0.676269531, -0.731567383, 0.0852050781, 0.262608116, -0.131513159, 0.955841025, 0, 0, -0, 0, 0, 0, 0, 0.253444189, 0.162735059, 0.165937061, -0.0938612977, 0.948004746, -0.303865655, 0.509643555, -0.216308594, -0.832641602, -0.855194263, -0.23299343, -0.462887222, 0, 2, 1, 1, 
270.082598, 41, 0.1, 0.1, -0.0112203946, 0.356990774, -0.0349724611, 0.950619405, 1.77756067e-005, 0.310359062, 0.310359062, -1.42728736e-005, -0.950619405, -1.2468121e-005, 1, -1.90848912e-005, 0.950619347, 5.92701476e-006, 0.31035924, 0.31035924, -2.48978056e-005, -0.950619346, 2.09292913e-006, 1, -2.55078395e-005, 0, 0, 0, 0, 0, 0, 0, 0.162237231, 0.157666577, 0.138485254, -0.68738831, 0.669773025, 0.280517823, -0.676269531, -0.731201172, 0.0888671875, 0.264721042, -0.128575358, 0.955676274, 0, 0, -0, 0, 0, 0, 0, 0.253444189, 0.162735059, 0.165937061, -0.0938612977, 0.948004746, -0.303865655, 0.509643555, -0.216308594, -0.832641602, -0.855194263, -0.23299343, -0.462887222, 0, 2, 1, 1, 
270.083314, 41, 0.1, 0.1, -0.0112203976, 0.356990769, -0.0349722905, 0.950619564, -1.05411658e-005, 0.310358575, 0.310358575, 1.57405876e-005, -0.950619564, 5.1354121e-006, 1, 1.82348517e-005, 0.950619543, 1.20793194e-006, 0.31035864, 0.31035864, 2.17219334e-005, -0.950619542, -7.88987342e-006, 1, 2.02744023e-005, 0, 0, 0, 0, 0, 0, 0, 0.16205647, 0.157278076, 0.13801167, -0.68738831, 0.669773025, 0.280517823, -0.676269531, -0.731201172, 0.0888671875, 0.264721042, -0.128575358, 0.955676274, 0, 0, -0, 0, 0, 0, 0, 0.253325781, 0.162681592, 0.165043848, -0.0951777589, 0.947487056, -0.3049641, 0.506713867, -0.217529297, -0.834106445, -0.856682799, -0.23390704, -0.459443134, 0, 2, 1, 1, 
270.084004, 41, 0.1, 0.1, -0.0112203954, 0.35699077, -0.0349713903, 0.950619608, 9.55800255e-006, 0.310358439, 0.310358439, -8.0601403e-007, -0.950619608, -8.83587138e-006, 1, -3.73261949e-006, 0.950619605, -1.27091584e-006, 0.310358447, 0.310358447, -8.73177489e-006, -0.950619605, 3.91813761e-006, 1, -7.90615694e-006, 0, 0, 0, 0, 0, 0, 0, 0.16205647, 0.157278076, 0.13801167, -0.68738831, 0.669773025, 0.280517823, -0.676269531, -0.731201172, 0.0888671875, 0.264721042, -0.128575358, 0.955676274, 0, 0, -0, 0, 0, 0, 0, 0.253325781, 0.162681592, 0.165043848, -0.0951777589, 0.947487056, -0.3049641, 0.506713867, -0.217529297, -0.834106445, -0.856682799, -0.23390704, -0.459443134, 0, 2, 1, 1, 
270.084742, 41, 0.1, 0.1, -0.0112203982, 0.356990768, -0.0349694406, 0.950619582, -7.14630775e-006, 0.310358519, 0.310358519, -1.24534525e-005, -0.950619582, 1.06584552e-005, 1, -9.62057837e-006, 0.950619588, 3.32304658e-006, 0.310358499, 0.310358499, 3.69822785e-006, -0.950619588, -4.30672962e-006, 1, 2.48427208e-006, 0, 0, 0, 0, 0, 0, 0, 0.16205647, 0.157278076, 0.13801167, -0.68738831, 0.669773025, 0.280517823, -0.676269531, -0.731201172, 0.0888671875, 0.264721042, -0.128575358, 0.955676274, 0, 0, -0, 0, 0, 0, 0, 0.253325781, 0.162681592, 0.165043848, -0.0951777589, 0.947487056, -0.3049641, 0.506713867, -0.217529297, -0.834106445, -0.856682799, -0.23390704, -0.459443134, 0, 2, 1, 1, 
270.085445, 41, 0.1, 0.1, -0.0112203947, 0.356990771, -0.0349676836, 0.950619559, 1.35493289e-006, 0.310358588, 0.310358588, 1.52057533e-005, -0.950619559, -6.00726183e-006, 1, 1.40343714e-005, 0.950619563, -7.97377328e-006, 0.310358577, 0.310358577, -3.93843081e-006, -0.950619563, 8.80235065e-006, 1, -1.26922045e-006, 0, 0, 0, 0, 0, 0, 0, 0.16205647, 0.157278076, 0.13801167, -0.68738831, 0.669773025, 0.280517823, -0.676269531, -0.731201172, 0.0888671875, 0.264721042, -0.128575358, 0.955676274, 0, 0, -0, 0, 0, 0, 0, 0.253325781, 0.162681592, 0.165043848, -0.0951777589, 0.947487056, -0.3049641, 0.506713867, -0.217529297, -0.834106445, -0.856682799, -0.23390704, -0.459443134, 0, 2, 1, 1, 
270.086154, 41, 0.1, 0.1, -0.0112203962, 0.356990765, -0.0349664564, 0.950619545, -6.31182455e-006, 0.310358633, 0.310358633, -7.18636923e-006, -0.950619545, 8.23049551e-006, 1, -4.87257381e-006, 0.950619547, 2.62529176e-006, 0.310358627, 0.310358627, 1.32306929e-005, -0.950619547, -6.60191333e-006, 1, 1.17625733e-005, 0, 0, 0, 0, 0, 0, 0, 0.16205647, 0.157278076, 0.13801167, -0.68738831, 0.669773025, 0.280517823, -0.676269531, -0.731201172, 0.0888671875, 0.264721042, -0.128575358, 0.955676274, 0, 0, -0, 0, 0, 0, 0, 0.253167578, 0.162824512, 0.164342383, -0.0971139878, 0.946803123, -0.30656091, 0.50402832, -0.21875, -0.835449219, -0.858113731, -0.23557458, -0.455928685, 0, 2, 1, 1, 
270.086841, 41, 0.1, 0.1, -0.0112203948, 0.356990768, -0.0349663022, 0.950619529, 9.91734035e-006, 0.310358682, 0.310358682, 1.26639373e-005, -0.950619529, -1.33579803e-005, 1, 8.96065341e-006, 0.950619533, -4.67888654e-007, 0.31035867, 0.31035867, -6.27569893e-006, -0.950619533, 2.39250167e-006, 1, -5.82058868e-006, 0, 0, 0, 0, 0, 0, 0, 0.16205647, 0.157278076, 0.13801167, -0.68738831, 0.669773025, 0.280517823, -0.676269531, -0.731201172, 0.0888671875, 0.264721042, -0.128575358, 0.955676274, 0, 0, -0, 0, 0, 0, 0, 0.253167578, 0.162824512, 0.164342383, -0.0971139878, 0.946803123, -0.30656091, 0.50402832, -0.21875, -0.835449219, -0.858113731, -0.23557458, -0.455928685, 0, 2, 1, 1, 
270.087532, 41, 0.1, 0.1, -0.0112203986, 0.356990763, -0.0349671965, 0.950619511, -2.21059467e-006, 0.310358738, 0.310358738, -7.7442033e-006, -0.950619511, 4.50491559e-006, 1, -6.67571338e-006, 0.950619515, 8.21777865e-006, 0.310358725, 0.310358725, 1.08125228e-005, -0.950619515, -1.11677416e-005, 1, 7.72813592e-006, 0, 0, 0, 0, 0, 0, 0, 0.16205647, 0.157278076, 0.13801167, -0.68738831, 0.669773025, 0.280517823, -0.676269531, -0.731201172, 0.0888671875, 0.264721042, -0.128575358, 0.955676274, 0, 0, -0, 0, 0, 0, 0, 0.253167578, 0.162824512, 0.164342383, -0.0971139878, 0.946803123, -0.30656091, 0.50402832, -0.21875, -0.835449219, -0.858113731, -0.23557458, -0.455928685, 0, 2, 1, 1, 
270.088239, 41, 0.1, 0.1, -0.0112203962, 0.356990766, -0.0349686801, 0.950619497, 3.28611309e-006, 0.310358778, 0.310358778, 1.18142634e-005, -0.950619497, -6.79050354e-006, 1, 1.02109951e-005, 0.950619499, -5.24052559e-006, 0.310358772, 0.310358772, -5.77576283e-006, -0.950619499, 6.77430447e-006, 1, -3.86410968e-006, 0, 0, 0, 0, 0, 0, 0, 0.161752173, 0.157441748, 0.137512329, -0.689182595, 0.668284276, 0.279495996, -0.672973633, -0.733520508, 0.0943603516, 0.268218619, -0.123148702, 0.95546734, 0, 0, -0, 0, 0, 0, 0, 0.253167578, 0.162824512, 0.164342383, -0.0971139878, 0.946803123, -0.30656091, 0.50402832, -0.21875, -0.835449219, -0.858113731, -0.23557458, -0.455928685, 0, 2, 1, 1, 
270.088926, 41, 0.1, 0.1, -0.0112203979, 0.356990762, -0.0349703387, 0.95061949, -4.77690778e-006, 0.310358801, 0.310358801, -8.54225734e-006, -0.95061949, 7.19218638e-006, 1, -6.63788094e-006, 0.950619491, 3.12964634e-006, 0.310358799, 0.310358799, 8.85774086e-006, -0.950619491, -5.72418063e-006, 1, 7.44902783e-006, 0, 0, 0, 0, 0, 0, 0, 0.161752173, 0.157441748, 0.137512329, -0.689182595, 0.668284276, 0.279495996, -0.672973633, -0.733520508, 0.0943603516, 0.268218619, -0.123148702, 0.95546734, 0, 0, -0, 0, 0, 0, 0, 0.253167578, 0.162824512, 0.164342383, -0.0971139878, 0.946803123, -0.30656091, 0.50402832, -0.21875, -0.835449219, -0.858113731, -0.23557458, -0.455928685, 0, 2, 1, 1, 
270.08962, 41, 0.1, 0.1, -0.011220396, 0.356990766, -0.0349717253, 0.950619483, 4.69401366e-006, 0.310358823, 0.310358823, 6.46792626e-006, -0.950619483, -6.46959881e-006, 1, 4.69170816e-006, 0.950619484, -3.23681617e-006, 0.310358819, 0.310358819, -9.50178427e-006, -0.950619484, 6.02594306e-006, 1, -8.02800681e-006, 0, 0, 0, 0, 0, 0, 0, 0.161752173, 0.157441748, 0.137512329, -0.689182595, 0.668284276, 0.279495996, -0.672973633, -0.733520508, 0.0943603516, 0.268218619, -0.123148702, 0.95546734, 0, 0, -0, 0, 0, 0, 0, 0.253167578, 0.162824512, 0.164342383, -0.0971139878, 0.946803123, -0.30656091, 0.50402832, -0.21875, -0.835449219, -0.858113731, -0.23557458, -0.455928685, 0, 2, 1, 1, 
270.090325, 41, 0.1, 0.1, -0.0112203974, 0.356990763, -0.0349724375, 0.950619473, -7.38646769e-006, 0.310358852, 0.310358852, -1.21163186e-005, -0.950619473, 1.07821268e-005, 1, -9.22555277e-006, 0.950619476, 1.69834021e-006, 0.310358845, 0.310358845, 4.85339274e-006, -0.950619476, -3.12076864e-006, 1, 4.08663476e-006, 0, 0, 0, 0, 0, 0, 0, 0.161752173, 0.157441748, 0.137512329, -0.689206561, 0.668806981, 0.278353601, -0.671875, -0.733764648, 0.0998535156, 0.271188621, -0.118287813, 0.955277501, 0, 0, -0, 0, 0, 0, 0, 0.253167578, 0.162824512, 0.164342383, -0.0971139878, 0.946803123, -0.30656091, 0.50402832, -0.21875, -0.835449219, -0.858113731, -0.23557458, -0.455928685, 0, 2, 1, 1, 
270.091024, 41, 0.1, 0.1, -0.0112203946, 0.356990768, -0.0349720661, 0.950619462, 3.49078084e-006, 0.310358887, 0.310358887, 5.44546144e-006, -0.950619462, -5.00845155e-006, 1, 4.09316676e-006, 0.950619464, -5.24748952e-006, 0.310358879, 0.310358879, -1.05005213e-005, -0.950619464, 8.2472957e-006, 1, -8.35339495e-006, 0, 0, 0, 0, 0, 0, 0, 0.161536743, 0.157036768, 0.137006885, -0.689206561, 0.668806981, 0.278353601, -0.671875, -0.733764648, 0.0998535156, 0.271188621, -0.118287813, 0.955277501, 0, 0, -0, 0, 0, 0, 0, 0.253095557, 0.162341406, 0.163670703, -0.0976765197, 0.946343036, -0.307646595, 0.501098633, -0.220336914, -0.836791992, -0.859768511, -0.235868422, -0.452605999, 0, 2, 1, 1, 
270.091719, 41, 0.1, 0.1, -0.0112203964, 0.356990766, -0.0349710344, 0.95061945, -5.47119367e-006, 0.310358922, 0.310358922, -1.22948386e-005, -0.95061945, 9.01683597e-006, 1, -9.98967889e-006, 0.950619453, 3.11788255e-006, 0.310358915, 0.310358915, 3.89484527e-006, -0.950619453, -4.17271976e-006, 1, 2.73485303e-006, 0, 0, 0, 0, 0, 0, 0, 0.161536743, 0.157036768, 0.137006885, -0.689206561, 0.668806981, 0.278353601, -0.671875, -0.733764648, 0.0998535156, 0.271188621, -0.118287813, 0.955277501, 0, 0, -0, 0, 0, 0, 0, 0.253095557, 0.162341406, 0.163670703, -0.0976765197, 0.946343036, -0.307646595, 0.501098633, -0.220336914, -0.836791992, -0.859768511, -0.235868422, -0.452605999, 0, 2, 1, 1, 
270.092412, 41, 0.1, 0.1, -0.0112203941, 0.35699077, -0.0349696962, 0.950619442, 4.45468575e-006, 0.310358947, 0.310358947, 1.11066872e-005, -0.950619442, -7.68177063e-006, 1, 9.17568122e-006, 0.950619444, -4.50214491e-006, 0.310358943, 0.310358943, -6.52629291e-006, -0.950619444, 6.30531986e-006, 1, -4.80674e-006, 0, 0, 0, 0, 0, 0, 0, 0.161536743, 0.157036768, 0.137006885, -0.689206561, 0.668806981, 0.278353601, -0.671875, -0.733764648, 0.0998535156, 0.271188621, -0.118287813, 0.955277501, 0, 0, -0, 0, 0, 0, 0, 0.253095557, 0.162341406, 0.163670703, -0.0976765197, 0.946343036, -0.307646595, 0.501098633, -0.220336914, -0.836791992, -0.859768511, -0.235868422, -0.452605999, 0, 2, 1, 1, 
270.093106, 41, 0.1, 0.1, -0.0112203964, 0.356990765, -0.0349684724, 0.950619438, -4.03530568e-006, 0.310358959, 0.310358959, -1.02904291e-005, -0.950619438, 7.02976688e-006, 1, -8.52988867e-006, 0.950619439, 5.01296094e-006, 0.310358958, 0.310358958, 8.21327753e-006, -0.950619439, -7.31448236e-006, 1, 6.25188394e-006, 0, 0, 0, 0, 0, 0, 0, 0.161536743, 0.157036768, 0.137006885, -0.689206561, 0.668806981, 0.278353601, -0.671875, -0.733764648, 0.0998535156, 0.271188621, -0.118287813, 0.955277501, 0, 0, -0, 0, 0, 0, 0, 0.253095557, 0.162341406, 0.163670703, -0.0976765197, 0.946343036, -0.307646595, 0.501098633, -0.220336914, -0.836791992, -0.859768511, -0.235868422, -0.452605999, 0, 2, 1, 1, 
270.093791, 41, 0.1, 0.1, -0.0112203946, 0.356990769, -0.0349677317, 0.950619438, 5.8145582e-006, 0.310358959, 0.310358959, 1.28890746e-005, -0.950619438, -9.52767184e-006, 1, 1.04480046e-005, 0.950619438, -3.12845782e-006, 0.31035896, 0.31035896, -5.98184326e-006, -0.950619438, 4.83049148e-006, 1, -4.71551156e-006, 0, 0, 0, 0, 0, 0, 0, 0.161536743, 0.157036768, 0.137006885, -0.689206561, 0.668806981, 0.278353601, -0.671875, -0.733764648, 0.0998535156, 0.271188621, -0.118287813, 0.955277501, 0, 0, -0, 0, 0, 0, 0, 0.253095557, 0.162341406, 0.163670703, -0.0976765197, 0.946343036, -0.307646595, 0.501098633, -0.220336914, -0.836791992, -0.859768511, -0.235868422, -0.452605999, 0, 2, 1, 1, 
270.094486, 41, 0.1, 0.1, -0.0112203971, 0.356990764, -0.0349676328, 0.950619441, -3.54080404e-006, 0.310358951, 0.310358951, -8.51606729e-006, -0.950619441, 6.00899487e-006, 1, -6.9966189e-006, 0.95061944, 5.17811452e-006, 0.310358954, 0.310358954, 1.03004965e-005, -0.95061944, -8.11926764e-006, 1, 8.18477801e-006, 0, 0, 0, 0, 0, 0, 0, 0.161536743, 0.157036768, 0.137006885, -0.689206561, 0.668806981, 0.278353601, -0.671875, -0.733764648, 0.0998535156, 0.271188621, -0.118287813, 0.955277501, 0, 0, -0, 0, 0, 0, 0, 0.253095557, 0.162341406, 0.163670703, -0.0976765197, 0.946343036, -0.307646595, 0.501098633, -0.220336914, -0.836791992, -0.859768511, -0.235868422, -0.452605999, 0, 2, 1, 1, 
270.095192, 41, 0.1, 0.1, -0.0112203958, 0.356990767, -0.034968103, 0.950619444, 7.4922832e-006, 0.310358941, 0.310358941, 1.28637558e-005, -0.950619444, -1.11146917e-005, 1, 9.90323929e-006, 0.950619443, -1.44776826e-006, 0.310358944, 0.310358944, -5.55191441e-006, -0.950619443, 3.09936295e-006, 1, -4.82842996e-006, 0, 0, 0, 0, 0, 0, 0, 0.161345605, 0.156409888, 0.136094995, -0.688817528, 0.669348783, 0.278016986, -0.670532227, -0.734130859, 0.106079102, 0.275205538, -0.113306356, 0.954712856, 0, 0, -0, 0, 0, 0, 0, 0.253095557, 0.162341406, 0.163670703, -0.098373213, 0.945895709, -0.308694, 0.498413086, -0.221557617, -0.838012695, -0.861314649, -0.236283666, -0.449647518, 0, 2, 1, 1, 
270.095891, 41, 0.1, 0.1, -0.0112203984, 0.356990761, -0.0349687695, 0.950619445, -4.29745398e-006, 0.310358939, 0.310358939, -6.25004523e-006, -0.950619445, 6.02500073e-006, 1, -4.60766126e-006, 0.950619445, 4.69683719e-006, 0.310358939, 0.310358939, 1.16414455e-005, -0.950619445, -8.07793145e-006, 1, 9.60887909e-006, 0, 0, 0, 0, 0, 0, 0, 0.161345605, 0.156409888, 0.136094995, -0.688817528, 0.669348783, 0.278016986, -0.670532227, -0.734130859, 0.106079102, 0.275205538, -0.113306356, 0.954712856, 0, 0, -0, 0, 0, 0, 0, 0.253016943, 0.162079834, 0.162770654, -0.098373213, 0.945895709, -0.308694, 0.498413086, -0.221557617, -0.838012695, -0.861314649, -0.236283666, -0.449647518, 0, 2, 1, 1, 
270.096585, 41, 0.1, 0.1, -0.0112203966, 0.356990765, -0.0349697014, 0.950619442, 6.07275474e-006, 0.310358947, 0.310358947, 9.72575897e-006, -0.950619442, -8.79135503e-006, 1, 7.3607618e-006, 0.950619443, -2.72777563e-006, 0.310358944, 0.310358944, -6.95109906e-006, -0.950619443, 4.75041232e-006, 1, -5.76126036e-006, 0, 0, 0, 0, 0, 0, 0, 0.161345605, 0.156409888, 0.136094995, -0.688817528, 0.669348783, 0.278016986, -0.670532227, -0.734130859, 0.106079102, 0.275205538, -0.113306356, 0.954712856, 0, 0, -0, 0, 0, 0, 0, 0.253016943, 0.162079834, 0.162770654, -0.098373213, 0.945895709, -0.308694, 0.498413086, -0.221557617, -0.838012695, -0.861314649, -0.236283666, -0.449647518, 0, 2, 1, 1, 
270.097277, 41, 0.1, 0.1, -0.0112203987, 0.356990761, -0.034970584, 0.950619437, -5.93485984e-006, 0.310358963, 0.310358963, -1.00864697e-005, -0.950619437, 8.77221938e-006, 1, -7.74645717e-006, 0.950619439, 3.1969453e-006, 0.310358958, 0.310358958, 6.6674201e-006, -0.950619439, -5.1083719e-006, 1, 5.34597854e-006, 0, 0, 0, 0, 0, 0, 0, 0.161345605, 0.156409888, 0.136094995, -0.688817528, 0.669348783, 0.278016986, -0.670532227, -0.734130859, 0.106079102, 0.275205538, -0.113306356, 0.954712856, 0, 0, -0, 0, 0, 0, 0, 0.253016943, 0.162079834, 0.162770654, -0.098373213, 0.945895709, -0.308694, 0.498413086, -0.221557617, -0.838012695, -0.861314649, -0.236283666, -0.449647518, 0, 2, 1, 1, 
270.097968, 41, 0.1, 0.1, -0.0112203961, 0.356990766, -0.0349711731, 0.95061943, 3.53513035e-006, 0.310358984, 0.310358984, 6.45562706e-006, -0.95061943, -5.36412546e-006, 1, 5.03968506e-006, 0.950619432, -5.27600774e-006, 0.310358979, 0.310358979, -9.49326068e-006, -0.950619432, 7.96179418e-006, 1, -7.3870217e-006, 0, 0, 0, 0, 0, 0, 0, 0.161345605, 0.156409888, 0.136094995, -0.688817528, 0.669348783, 0.278016986, -0.670532227, -0.734130859, 0.106079102, 0.275205538, -0.113306356, 0.954712856, 0, 0, -0, 0, 0, 0, 0, 0.253016943, 0.162079834, 0.162770654, -0.098373213, 0.945895709, -0.308694, 0.498413086, -0.221557617, -0.838012695, -0.861314649, -0.236283666, -0.449647518, 0, 2, 1, 1, 
270.098659, 41, 0.1, 0.1, -0.0112203978, 0.356990763, -0.0349713071, 0.950619423, -5.6218765e-006, 0.310359005, 0.310359005, -1.21916545e-005, -0.950619423, 9.12805475e-006, 1, -9.84482357e-006, 0.950619425, 2.87770808e-006, 0.310359, 0.310359, 3.9297261e-006, -0.950619425, -3.95523107e-006, 1, 2.84255137e-006, 0, 0, 0, 0, 0, 0, 0, 0.161345605, 0.156409888, 0.136094995, -0.688817528, 0.669348783, 0.278016986, -0.670532227, -0.734130859, 0.106079102, 0.275205538, -0.113306356, 0.954712856, 0, 0, -0, 0, 0, 0, 0, 0.253016943, 0.162079834, 0.162770654, -0.098373213, 0.945895709, -0.308694, 0.498413086, -0.221557617, -0.838012695, -0.861314649, -0.236283666, -0.449647518, 0, 2, 1, 1, 
270.099377, 41, 0.1, 0.1, -0.0112203953, 0.356990767, -0.0349708419, 0.950619419, 3.9229871e-006, 0.310359017, 0.310359017, 9.88538388e-006, -0.950619419, -6.79728575e-006, 1, 8.17970346e-006, 0.95061942, -4.78570689e-006, 0.310359015, 0.310359015, -7.10374672e-006, -0.95061942, 6.75409775e-006, 1, -5.26767231e-006, 0, 0, 0, 0, 0, 0, 0, 0.161345605, 0.156409888, 0.136094995, -0.688817528, 0.669348783, 0.278016986, -0.670532227, -0.734130859, 0.106079102, 0.275205538, -0.113306356, 0.954712856, 0, 0, -0, 0, 0, 0, 0, 0.253016943, 0.162079834, 0.162770654, -0.098373213, 0.945895709, -0.308694, 0.498413086, -0.221557617, -0.838012695, -0.861314649, -0.236283666, -0.449647518, 0, 2, 1, 1, 
270.100097, 41, 0.1, 0.1, -0.0112203972, 0.356990764, -0.0349697347, 0.950619419, -5.40011213e-006, 0.310359018, 0.310359018, -1.36490677e-005, -0.950619419, 9.36956271e-006, 1, -1.12990953e-005, 0.950619419, 4.07549314e-006, 0.310359019, 0.310359019, 5.8721995e-006, -0.950619419, -5.696733e-006, 1, 4.31736082e-006, 0, 0, 0, 0, 0, 0, 0, 0.161245752, 0.156150757, 0.135523755, -0.690879157, 0.66829812, 0.275567446, -0.667724609, -0.735961914, 0.110839844, 0.277015171, -0.107454719, 0.954853642, 0, 0, -0, 0, 0, 0, 0, 0.253016943, 0.162079834, 0.162770654, -0.0997917527, 0.945211776, -0.310501898, 0.497192383, -0.222900391, -0.838500977, -0.861831972, -0.237951206, -0.447628167, 0, 2, 1, 1, 
270.100784, 41, 0.1, 0.1, -0.011220395, 0.356990768, -0.0349685797, 0.950619422, 4.0414901e-006, 0.310359008, 0.310359008, 9.43855726e-006, -0.950619422, -6.77126025e-006, 1, 7.71816299e-006, 0.950619421, -4.63939289e-006, 0.310359011, 0.310359011, -9.07405382e-006, -0.950619421, 7.22651136e-006, 1, -7.1860944e-006, 0, 0, 0, 0, 0, 0, 0, 0.161245752, 0.156150757, 0.135523755, -0.690879157, 0.66829812, 0.275567446, -0.667724609, -0.735961914, 0.110839844, 0.277015171, -0.107454719, 0.954853642, 0, 0, -0, 0, 0, 0, 0, 0.252912207, 0.161999512, 0.162247021, -0.0997917527, 0.945211776, -0.310501898, 0.497192383, -0.222900391, -0.838500977, -0.861831972, -0.237951206, -0.447628167, 0, 2, 1, 1, 
270.101476, 41, 0.1, 0.1, -0.0112203968, 0.356990764, -0.0349678487, 0.950619427, -5.75102088e-006, 0.310358992, 0.310358992, -1.07410267e-005, -0.950619427, 8.8006064e-006, 1, -8.4257476e-006, 0.950619426, 2.94061515e-006, 0.310358996, 0.310358996, 7.47167422e-006, -0.950619426, -5.11430719e-006, 1, 6.1900723e-006, 0, 0, 0, 0, 0, 0, 0, 0.161245752, 0.156150757, 0.135523755, -0.690879157, 0.66829812, 0.275567446, -0.667724609, -0.735961914, 0.110839844, 0.277015171, -0.107454719, 0.954853642, 0, 0, -0, 0, 0, 0, 0, 0.252912207, 0.161999512, 0.162247021, -0.0997917527, 0.945211776, -0.310501898, 0.497192383, -0.222900391, -0.838500977, -0.861831972, -0.237951206, -0.447628167, 0, 2, 1, 1, 
270.102168, 41, 0.1, 0.1, -0.0112203948, 0.356990768, -0.0349677614, 0.950619432, 5.89725211e-006, 0.310358979, 0.310358979, 1.17917559e-005, -0.950619432, -9.26571977e-006, 1, 9.37920715e-006, 0.950619431, -3.39982485e-006, 0.310358982, 0.310358982, -7.40503585e-006, -0.950619431, 5.53015895e-006, 1, -5.98420479e-006, 0, 0, 0, 0, 0, 0, 0, 0.161245752, 0.156150757, 0.135523755, -0.691493976, 0.668497315, 0.27335904, -0.666381836, -0.736450195, 0.115478516, 0.278595653, -0.102295407, 0.954956235, 0, 0, -0, 0, 0, 0, 0, 0.252912207, 0.161999512, 0.162247021, -0.0997917527, 0.945211776, -0.310501898, 0.497192383, -0.222900391, -0.838500977, -0.861831972, -0.237951206, -0.447628167, 0, 2, 1, 1, 
270.102883, 41, 0.1, 0.1, -0.0112203977, 0.356990763, -0.0349679569, 0.950619437, -3.19479049e-006, 0.310358962, 0.310358962, -7.2373305e-006, -0.950619437, 5.28320031e-006, 1, -5.88841519e-006, 0.950619436, 6.03404417e-006, 0.310358965, 0.310358965, 1.09090554e-005, -0.950619436, -9.12180283e-006, 1, 8.49764043e-006, 0, 0, 0, 0, 0, 0, 0, 0.160995898, 0.155506909, 0.134741479, -0.691493976, 0.668497315, 0.27335904, -0.666381836, -0.736450195, 0.115478516, 0.278595653, -0.102295407, 0.954956235, 0, 0, -0, 0, 0, 0, 0, 0.252875342, 0.161504687, 0.161515039, -0.100066639, 0.944655807, -0.312054232, 0.495605469, -0.224487305, -0.838867187, -0.862720062, -0.238500611, -0.445704698, 0, 2, 1, 1, 
270.103576, 41, 0.1, 0.1, -0.011220396, 0.356990766, -0.0349686476, 0.950619443, 6.38639739e-006, 0.310358944, 0.310358944, 1.22014639e-005, -0.950619443, -9.85786698e-006, 1, 9.61687328e-006, 0.950619442, -2.73654804e-006, 0.310358947, 0.310358947, -5.56118299e-006, -0.950619442, 4.32737867e-006, 1, -4.4372565e-006, 0, 0, 0, 0, 0, 0, 0, 0.160995898, 0.155506909, 0.134741479, -0.691493976, 0.668497315, 0.27335904, -0.666381836, -0.736450195, 0.115478516, 0.278595653, -0.102295407, 0.954956235, 0, 0, -0, 0, 0, 0, 0, 0.252875342, 0.161504687, 0.161515039, -0.100066639, 0.944655807, -0.312054232, 0.495605469, -0.224487305, -0.838867187, -0.862720062, -0.238500611, -0.445704698, 0, 2, 1, 1, 
270.104268, 41, 0.1, 0.1, -0.0112203985, 0.356990761, -0.0349696307, 0.950619448, -3.86627726e-006, 0.31035893, 0.31035893, -8.37695202e-006, -0.950619448, 6.27522021e-006, 1, -6.76335984e-006, 0.950619447, 4.71558109e-006, 0.310358933, 0.310358933, 9.36264006e-006, -0.950619447, -7.38850207e-006, 1, 7.436785e-006, 0, 0, 0, 0, 0, 0, 0, 0.160995898, 0.155506909, 0.134741479, -0.691493976, 0.668497315, 0.27335904, -0.666381836, -0.736450195, 0.115478516, 0.278595653, -0.102295407, 0.954956235, 0, 0, -0, 0, 0, 0, 0, 0.252875342, 0.161504687, 0.161515039, -0.100066639, 0.944655807, -0.312054232, 0.495605469, -0.224487305, -0.838867187, -0.862720062, -0.238500611, -0.445704698, 0, 2, 1, 1, 
270.104955, 41, 0.1, 0.1, -0.0112203965, 0.356990765, -0.0349706048, 0.950619453, 3.89042877e-006, 0.310358913, 0.310358913, 9.23752551e-006, -0.950619453, -6.56526565e-006, 1, 7.5739422e-006, 0.950619452, -4.16284492e-006, 0.310358917, 0.310358917, -7.54922454e-006, -0.950619452, 6.30025051e-006, 1, -5.88446365e-006, 0, 0, 0, 0, 0, 0, 0, 0.160995898, 0.155506909, 0.134741479, -0.691493976, 0.668497315, 0.27335904, -0.666381836, -0.736450195, 0.115478516, 0.278595653, -0.102295407, 0.954956235, 0, 0, -0, 0, 0, 0, 0, 0.252875342, 0.161504687, 0.161515039, -0.100066639, 0.944655807, -0.312054232, 0.495605469, -0.224487305, -0.838867187, -0.862720062, -0.238500611, -0.445704698, 0, 2, 1, 1, 
270.105647, 41, 0.1, 0.1, -0.0112203982, 0.356990761, -0.0349712636, 0.95061946, -4.56491256e-006, 0.310358892, 0.310358892, -9.98523175e-006, -0.95061946, 7.43850018e-006, 1, -8.07539441e-006, 0.950619459, 3.2480143e-006, 0.310358897, 0.310358897, 6.7172683e-006, -0.950619459, -5.17238958e-006, 1, 5.37751581e-006, 0, 0, 0, 0, 0, 0, 0, 0.160995898, 0.155506909, 0.134741479, -0.691493976, 0.668497315, 0.27335904, -0.666381836, -0.736450195, 0.115478516, 0.278595653, -0.102295407, 0.954956235, 0, 0, -0, 0, 0, 0, 0, 0.252875342, 0.161504687, 0.161515039, -0.100066639, 0.944655807, -0.312054232, 0.495605469, -0.224487305, -0.838867187, -0.862720062, -0.238500611, -0.445704698, 0, 2, 1, 1, 
270.106339, 41, 0.1, 0.1, -0.0112203963, 0.356990765, -0.0349714779, 0.950619468, 3.96565738e-006, 0.310358869, 0.310358869, 8.03805646e-006, -0.950619468, -6.26451322e-006, 1, 6.41035602e-006, 0.950619466, -3.76441607e-006, 0.310358874, 0.310358874, -8.3378919e-006, -0.950619466, 6.16626594e-006, 1, -6.75784241e-006, 0, 0, 0, 0, 0, 0, 0, 0.160995898, 0.155506909, 0.134741479, -0.691493976, 0.668497315, 0.27335904, -0.666381836, -0.736450195, 0.115478516, 0.278595653, -0.102295407, 0.954956235, 0, 0, -0, 0, 0, 0, 0, 0.252875342, 0.161504687, 0.161515039, -0.100066639, 0.944655807, -0.312054232, 0.495605469, -0.224487305, -0.838867187, -0.862720062, -0.238500611, -0.445704698, 0, 2, 1, 1, 
270.107043, 41, 0.1, 0.1, -0.0112203977, 0.356990762, -0.0349711605, 0.950619476, -6.31011836e-006, 0.310358845, 0.310358844, -1.31887695e-005, -0.950619476, 1.00917727e-005, 1, -1.05791001e-005, 0.950619474, 2.54510686e-006, 0.31035885, 0.31035885, 5.26461032e-006, -0.950619474, -4.05334655e-006, 1, 4.21474465e-006, 0, 0, 0, 0, 0, 0, 0, 0.160995898, 0.155506909, 0.134741479, -0.690761215, 0.669014029, 0.274031148, -0.664550781, -0.736816406, 0.123779297, 0.284782783, -0.0966920175, 0.953737456, 0, 0, -0, 0, 0, 0, 0, 0.252875342, 0.161504687, 0.161515039, -0.100066639, 0.944655807, -0.312054232, 0.495605469, -0.224487305, -0.838867187, -0.862720062, -0.238500611, -0.445704698, 0, 2, 1, 1, 
270.107743, 41, 0.1, 0.1, -0.011220395, 0.356990767, -0.0349701828, 0.950619485, 2.51964258e-006, 0.310358816, 0.310358816, 7.79604794e-006, -0.950619485, -4.81479354e-006, 1, 6.62908179e-006, 0.950619483, -5.75876015e-006, 0.310358823, 0.310358823, -9.71626277e-006, -0.950619483, 8.48991747e-006, 1, -7.44918667e-006, 0, 0, 0, 0, 0, 0, 0, 0.161052173, 0.15488064, 0.133209424, -0.690761215, 0.669014029, 0.274031148, -0.664550781, -0.736816406, 0.123779297, 0.284782783, -0.0966920175, 0.953737456, 0, 0, -0, 0, 0, 0, 0, 0.252758398, 0.161009863, 0.159964062, -0.101210659, 0.944099838, -0.313241996, 0.491821289, -0.226196289, -0.840698242, -0.864681444, -0.239050017, -0.441410799, 0, 2, 1, 1, 
270.108434, 41, 0.1, 0.1, -0.0112203963, 0.356990764, -0.0349691795, 0.950619495, -6.70814962e-006, 0.310358786, 0.310358785, -1.14271715e-005, -0.950619495, 9.92342089e-006, 1, -8.78095887e-006, 0.950619493, 1.6319435e-006, 0.310358792, 0.310358792, 6.02825441e-006, -0.950619493, -3.42227906e-006, 1, 5.22408814e-006, 0, 0, 0, 0, 0, 0, 0, 0.161052173, 0.15488064, 0.133209424, -0.690761215, 0.669014029, 0.274031148, -0.664550781, -0.736816406, 0.123779297, 0.284782783, -0.0966920175, 0.953737456, 0, 0, -0, 0, 0, 0, 0, 0.252758398, 0.161009863, 0.159964062, -0.101210659, 0.944099838, -0.313241996, 0.491821289, -0.226196289, -0.840698242, -0.864681444, -0.239050017, -0.441410799, 0, 2, 1, 1, 
270.109123, 41, 0.1, 0.1, -0.0112203944, 0.356990768, -0.034968461, 0.950619501, 6.9819139e-006, 0.310358766, 0.310358766, 1.04798525e-005, -0.950619501, -9.88965759e-006, 1, 7.79545397e-006, 0.9506195, -2.51550363e-006, 0.310358769, 0.310358769, -8.0487323e-006, -0.9506195, 4.88928145e-006, 1, -6.87057327e-006, 0, 0, 0, 0, 0, 0, 0, 0.161052173, 0.15488064, 0.133209424, -0.690761215, 0.669014029, 0.274031148, -0.664550781, -0.736816406, 0.123779297, 0.284782783, -0.0966920175, 0.953737456, 0, 0, -0, 0, 0, 0, 0, 0.252758398, 0.161009863, 0.159964062, -0.101210659, 0.944099838, -0.313241996, 0.491821289, -0.226196289, -0.840698242, -0.864681444, -0.239050017, -0.441410799, 0, 2, 1, 1, 
270.109812, 41, 0.1, 0.1, -0.0112203969, 0.356990763, -0.0349681928, 0.950619503, -5.58623713e-006, 0.310358761, 0.310358761, -7.64842774e-006, -0.950619503, 7.68414252e-006, 1, -5.53700694e-006, 0.950619503, 4.17959669e-006, 0.31035876, 0.310358759, 9.84504395e-006, -0.950619503, -7.02870176e-006, 1, 8.06171635e-006, 0, 0, 0, 0, 0, 0, 0, 0.161052173, 0.15488064, 0.133209424, -0.690761215, 0.669014029, 0.274031148, -0.664550781, -0.736816406, 0.123779297, 0.284782783, -0.0966920175, 0.953737456, 0, 0, -0, 0, 0, 0, 0, 0.252758398, 0.161009863, 0.159964062, -0.101210659, 0.944099838, -0.313241996, 0.491821289, -0.226196289, -0.840698242, -0.864681444, -0.239050017, -0.441410799, 0, 2, 1, 1, 
270.110503, 41, 0.1, 0.1, -0.0112203944, 0.356990766, -0.0349684223, 0.950619503, 4.71002819e-006, 0.310358762, 0.310358762, 1.32618521e-005, -0.950619503, -8.59337664e-006, 1, 1.11451767e-005, 0.950619503, -4.79161247e-006, 0.310358761, 0.310358761, -4.63597907e-006, -0.950619503, 5.99381698e-006, 1, -2.91993321e-006, 0, 0, 0, 0, 0, 0, 0, 0.161052173, 0.15488064, 0.133209424, -0.690761215, 0.669014029, 0.274031148, -0.664550781, -0.736816406, 0.123779297, 0.284782783, -0.0966920175, 0.953737456, 0, 0, -0, 0, 0, 0, 0, 0.252758398, 0.161009863, 0.159964062, -0.101210659, 0.944099838, -0.313241996, 0.491821289, -0.226196289, -0.840698242, -0.864681444, -0.239050017, -0.441410799, 0, 2, 1, 1, 
270.111195, 41, 0.1, 0.1, -0.0112203972, 0.356990761, -0.0349690504, 0.950619506, -1.95864083e-006, 0.31035875, 0.31035875, -8.61460012e-006, -0.950619506, 4.53553871e-006, 1, -7.58132559e-006, 0.950619505, 6.56802872e-006, 0.310358755, 0.310358755, 9.51492756e-006, -0.950619505, -9.19673728e-006, 1, 7.00663052e-006, 0, 0, 0, 0, 0, 0, 0, 0.161052173, 0.15488064, 0.133209424, -0.690761215, 0.669014029, 0.274031148, -0.664550781, -0.736816406, 0.123779297, 0.284782783, -0.0966920175, 0.953737456, 0, 0, -0, 0, 0, 0, 0, 0.252758398, 0.161009863, 0.159964062, -0.101210659, 0.944099838, -0.313241996, 0.491821289, -0.226196289, -0.840698242, -0.864681444, -0.239050017, -0.441410799, 0, 2, 1, 1, 
270.1119, 41, 0.1, 0.1, -0.0112203961, 0.356990765, -0.034969818, 0.950619513, 7.6199469e-006, 0.310358731, 0.310358731, 1.15403517e-005, -0.950619513, -1.08253191e-005, 1, 8.60556643e-006, 0.950619511, -1.40241043e-006, 0.310358736, 0.310358736, -7.5064504e-006, -0.950619511, 3.66285117e-006, 1, -6.70052788e-006, 0, 0, 0, 0, 0, 0, 0, 0.161052173, 0.15488064, 0.133209424, -0.693178555, 0.667900087, 0.270858203, -0.661621094, -0.738647461, 0.128295898, 0.285907204, -0.0904595816, 0.953992817, 0, 0, -0, 0, 0, 0, 0, 0.252758398, 0.161009863, 0.159964062, -0.101210659, 0.944099838, -0.313241996, 0.491821289, -0.226196289, -0.840698242, -0.864681444, -0.239050017, -0.441410799, 0, 2, 1, 1, 
270.112602, 41, 0.1, 0.1, -0.0112203986, 0.35699076, -0.0349702472, 0.950619516, -4.66964029e-006, 0.310358722, 0.310358722, -6.81373305e-006, -0.950619516, 6.55375267e-006, 1, -5.02800402e-006, 0.950619515, 4.16700948e-006, 0.310358723, 0.310358723, 1.03800713e-005, -0.950619515, -7.18278619e-006, 1, 8.57423058e-006, 0, 0, 0, 0, 0, 0, 0, 0.160932056, 0.154396191, 0.131931836, -0.693178555, 0.667900087, 0.270858203, -0.661621094, -0.738647461, 0.128295898, 0.285907204, -0.0904595816, 0.953992817, 0, 0, -0, 0, 0, 0, 0, 0.252877393, 0.160867529, 0.15888042, -0.1029996, 0.942962015, -0.316219433, 0.492675781, -0.227661133, -0.83984375, -0.864010271, -0.242238175, -0.441110027, 0, 2, 1, 1, 
270.113291, 41, 0.1, 0.1, -0.0112203967, 0.356990763, -0.0349705495, 0.950619515, 6.00656736e-006, 0.310358725, 0.310358725, 9.34465048e-006, -0.950619515, -8.61015395e-006, 1, 7.01901652e-006, 0.950619516, -2.89637392e-006, 0.310358723, 0.310358723, -6.82495946e-006, -0.950619516, 4.87153527e-006, 1, -5.58902475e-006, 0, 0, 0, 0, 0, 0, 0, 0.160932056, 0.154396191, 0.131931836, -0.693178555, 0.667900087, 0.270858203, -0.661621094, -0.738647461, 0.128295898, 0.285907204, -0.0904595816, 0.953992817, 0, 0, -0, 0, 0, 0, 0, 0.252877393, 0.160867529, 0.15888042, -0.1029996, 0.942962015, -0.316219433, 0.492675781, -0.227661133, -0.83984375, -0.864010271, -0.242238175, -0.441110027, 0, 2, 1, 1, 
270.113982, 41, 0.1, 0.1, -0.011220399, 0.35699076, -0.0349706131, 0.950619512, -4.95203753e-006, 0.310358734, 0.310358733, -1.11207382e-005, -0.950619512, 8.15892172e-006, 1, -9.0346826e-006, 0.950619513, 4.16282863e-006, 0.310358731, 0.310358731, 5.73115016e-006, -0.950619513, -5.73597862e-006, 1, 4.15617296e-006, 0, 0, 0, 0, 0, 0, 0, 0.160932056, 0.154396191, 0.131931836, -0.693178555, 0.667900087, 0.270858203, -0.661621094, -0.738647461, 0.128295898, 0.285907204, -0.0904595816, 0.953992817, 0, 0, -0, 0, 0, 0, 0, 0.252877393, 0.160867529, 0.15888042, -0.1029996, 0.942962015, -0.316219433, 0.492675781, -0.227661133, -0.83984375, -0.864010271, -0.242238175, -0.441110027, 0, 2, 1, 1, 
270.114693, 41, 0.1, 0.1, -0.0112203966, 0.356990764, -0.0349703082, 0.950619509, 4.85737565e-006, 0.310358742, 0.310358742, 8.52809597e-006, -0.950619509, -7.26428519e-006, 1, 6.59944542e-006, 0.95061951, -4.89781549e-006, 0.310358739, 0.310358739, -9.64521453e-006, -0.95061951, 7.64943558e-006, 1, -7.64884927e-006, 0, 0, 0, 0, 0, 0, 0, 0.160932056, 0.154396191, 0.131931836, -0.693178555, 0.667900087, 0.270858203, -0.661621094, -0.738647461, 0.128295898, 0.285907204, -0.0904595816, 0.953992817, 0, 0, -0, 0, 0, 0, 0, 0.252877393, 0.160867529, 0.15888042, -0.103267923, 0.941913876, -0.318966827, 0.493041992, -0.229980469, -0.838989258, -0.863792987, -0.243943994, -0.440662333, 0, 2, 1, 1, 
270.115397, 41, 0.1, 0.1, -0.0112203984, 0.356990761, -0.0349696473, 0.950619506, -6.71695633e-006, 0.310358753, 0.310358753, -1.23117567e-005, -0.950619506, 1.02063312e-005, 1, -9.61912984e-006, 0.950619507, 2.48191707e-006, 0.31035875, 0.31035875, 4.92829965e-006, -0.950619507, -3.8888997e-006, 1, 3.9146531e-006, 0, 0, 0, 0, 0, 0, 0, 0.160932056, 0.154396191, 0.131931836, -0.693178555, 0.667900087, 0.270858203, -0.661621094, -0.738647461, 0.128295898, 0.285907204, -0.0904595816, 0.953992817, 0, 0, -0, 0, 0, 0, 0, 0.252864209, 0.16031582, 0.157815088, -0.103267923, 0.941913876, -0.318966827, 0.493041992, -0.229980469, -0.838989258, -0.863792987, -0.243943994, -0.440662333, 0, 2, 1, 1, 
270.116082, 41, 0.1, 0.1, -0.0112203961, 0.356990766, -0.034969075, 0.9506195, 5.30187966e-006, 0.310358771, 0.310358771, 7.80337331e-006, -0.9506195, -7.46191554e-006, 1, 5.77255398e-006, 0.950619501, -4.17396326e-006, 0.310358766, 0.310358766, -9.66754598e-006, -0.950619501, 6.96825852e-006, 1, -7.89473165e-006, 0, 0, 0, 0, 0, 0, 0, 0.160932056, 0.154396191, 0.131931836, -0.693178555, 0.667900087, 0.270858203, -0.661621094, -0.738647461, 0.128295898, 0.285907204, -0.0904595816, 0.953992817, 0, 0, -0, 0, 0, 0, 0, 0.252864209, 0.16031582, 0.157815088, -0.103267923, 0.941913876, -0.318966827, 0.493041992, -0.229980469, -0.838989258, -0.863792987, -0.243943994, -0.440662333, 0, 2, 1, 1, 
270.11677, 41, 0.1, 0.1, -0.0112203983, 0.356990762, -0.0349687964, 0.950619493, -5.35364183e-006, 0.310358793, 0.310358793, -1.15922845e-005, -0.950619493, 8.68704369e-006, 1, -9.35830178e-006, 0.950619494, 4.12209059e-006, 0.310358787, 0.310358787, 5.88302085e-006, -0.950619494, -5.74438689e-006, 1, 4.31318727e-006, 0, 0, 0, 0, 0, 0, 0, 0.160932056, 0.154396191, 0.131931836, -0.693178555, 0.667900087, 0.270858203, -0.661621094, -0.738647461, 0.128295898, 0.285907204, -0.0904595816, 0.953992817, 0, 0, -0, 0, 0, 0, 0, 0.252864209, 0.16031582, 0.157815088, -0.103267923, 0.941913876, -0.318966827, 0.493041992, -0.229980469, -0.838989258, -0.863792987, -0.243943994, -0.440662333, 0, 2, 1, 1, 
270.117558, 41, 0.1, 0.1, -0.0112203951, 0.356990768, -0.034967751, 0.950619486, 5.13797172e-006, 0.310358814, 0.310358814, 9.90395476e-006, -0.950619486, -7.95803568e-006, 1, 7.82027758e-006, 0.950619487, -4.81278022e-006, 0.31035881, 0.310358809, -8.69754729e-006, -0.950619487, 7.27448309e-006, 1, -6.7743692e-006, 0, 0, 0, 0, 0, 0, 0, 0.160888599, 0.153560107, 0.130834766, -0.69406671, 0.668607761, 0.266841286, -0.660400391, -0.738769531, 0.133544922, 0.286542242, -0.0836505179, 0.95438185, 0, 0, -0, 0, 0, 0, 0, 0.252864209, 0.16031582, 0.157815088, -0.103267923, 0.941913876, -0.318966827, 0.493041992, -0.229980469, -0.838989258, -0.863792987, -0.243943994, -0.440662333, 0, 2, 1, 1, 
270.118249, 41, 0.1, 0.1, -0.0112203972, 0.356990764, -0.0349672445, 0.950619479, -6.34102814e-006, 0.310358835, 0.310358835, -1.02866017e-005, -0.950619479, 9.22044259e-006, 1, -7.81064984e-006, 0.950619481, 3.50195789e-006, 0.31035883, 0.31035883, 8.10737951e-006, -0.950619481, -5.84522621e-006, 1, 6.62016935e-006, 0, 0, 0, 0, 0, 0, 0, 0.160888599, 0.153560107, 0.130834766, -0.69406671, 0.668607761, 0.266841286, -0.660400391, -0.738769531, 0.133544922, 0.286542242, -0.0836505179, 0.95438185, 0, 0, -0, 0, 0, 0, 0, 0.252864209, 0.16031582, 0.157815088, -0.103267923, 0.941913876, -0.318966827, 0.493041992, -0.229980469, -0.838989258, -0.863792987, -0.243943994, -0.440662333, 0, 2, 1, 1, 
270.118936, 41, 0.1, 0.1, -0.0112203949, 0.356990768, -0.034967528, 0.95061947, 5.91710227e-006, 0.310358861, 0.310358861, 1.05247464e-005, -0.95061947, -8.89136093e-006, 1, 8.16860374e-006, 0.950619472, -4.1539877e-006, 0.310358854, 0.310358854, -7.73485482e-006, -0.950619472, 6.34944227e-006, 1, -6.06367674e-006, 0, 0, 0, 0, 0, 0, 0, 0.160888599, 0.153560107, 0.130834766, -0.69406671, 0.668607761, 0.266841286, -0.660400391, -0.738769531, 0.133544922, 0.286542242, -0.0836505179, 0.95438185, 0, 0, -0, 0, 0, 0, 0, 0.252864209, 0.16031582, 0.157815088, -0.103267923, 0.941913876, -0.318966827, 0.493041992, -0.229980469, -0.838989258, -0.863792987, -0.243943994, -0.440662333, 0, 2, 1, 1, 
