time, trialNum, realDorsalTactorPos, realVentralTactorPos, boxPosX, boxPosY, boxPosZ, boxLocalRot_11, boxLocalRot_12, boxLocalRot_13, boxLocalRot_21, boxLocalRot_22, boxLocalRot_23, boxLocalRot_31, boxLocalRot_32, boxLocalRot_33, boxGlobalRot_11, boxGlobalRot_12, boxGlobalRot_13, boxGlobalRot_21, boxGlobalRot_22, boxGlobalRot_23, boxGlobalRot_31, boxGlobalRot_32, boxGlobalRot_33, indexForceX, indexForceY, indexForceZ, indexForceGlobalX, indexForceGlobalY, indexForceGlobalZ, indexContact, indexPosX, indexPosY, indexPosZ, indexRot_11, indexRot_12, indexRot_13, indexRot_21, indexRot_22, indexRot_23, indexRot_31, indexRot_32, indexRot_33, thumbForceX, thumbForceY, thumbForceZ, thumbForceGlobalX, thumbForceGlobalY, thumbForceGlobalZ, thumbContact, thumbPosX, thumbPosY, thumbPosZ, thumbRot_11, thumbRot_12, thumbRot_13, thumbRot_21, thumbRot_22, thumbRot_23, thumbRot_31, thumbRot_32, thumbRot_33, manipForceTooHigh, cceExpType, mapping, trialSuccess, 
211.010186, 30, 0.1, 0.1, 0.0219907204, 0.342025132, -0.0349725606, 0.898888059, -0.43817834, -5.67000363e-006, 0.43817834, 0.898888059, -1.01102359e-006, 5.53970719e-006, -1.57567574e-006, 1, 0.898888055, -0.438178347, -1.55719762e-006, 0.438178347, 0.898888055, -4.50041535e-006, 3.3717309e-006, 3.36303932e-006, 1, 0, 0, 0, 0, 0, 0, 0, 0.153173975, 0.140816138, 0.164415088, -0.147093605, 0.774145025, 0.615454534, -0.223144531, -0.632202148, 0.741943359, 0.963584775, -0.0283118806, 0.265881865, 0, -0, 0, 0, 0, 0, 0, 0.219863477, 0.151428564, 0.14787998, -0.544135393, 0.814065755, -0.202572015, -0.0933837891, -0.298706055, -0.949707031, -0.833661317, -0.497834342, 0.238677883, 0, 2, 5, 1, 
211.059877, 30, 0.1, 0.1, 0.0219907187, 0.342025149, -0.0349698455, 0.898877152, -0.438200713, -2.04338963e-005, 0.438200713, 0.898877152, 1.85522065e-006, 1.75546035e-005, -1.06217634e-005, 1, 0.89887731, -0.438200388, -2.09110734e-005, 0.438200389, 0.89887731, 1.48796249e-005, 1.2276232e-005, -2.25381977e-005, 1, 0, 0, 0, 0, 0, 0, 0, 0.157139575, 0.142226025, 0.154089526, -0.13051858, 0.798246909, 0.587769331, -0.242553711, -0.600463867, 0.76184082, 0.961330324, -0.0431289262, 0.272120649, 0, -0, 0, 0, 0, 0, 0, 0.225024219, 0.150807471, 0.137565039, -0.514554981, 0.826607702, -0.22743782, -0.102661133, -0.322753906, -0.940795898, -0.851173066, -0.460675259, 0.251038992, 0, 2, 5, 1, 
211.060564, 30, 0.1, 0.1, 0.0219907159, 0.342025154, -0.0349710187, 0.898876321, -0.438202418, 2.80708505e-005, 0.438202419, 0.898876321, -2.48588429e-006, -2.41429023e-005, 1.45352171e-005, 1, 0.898876491, -0.43820207, 2.23160804e-005, 0.43820207, 0.898876491, -1.22869966e-005, -1.46752127e-005, 2.0823445e-005, 1, 0, 0, 0, 0, 0, 0, 0, 0.157139575, 0.142226025, 0.154089526, -0.13051858, 0.798246909, 0.587769331, -0.242553711, -0.600463867, 0.76184082, 0.961330324, -0.0431289262, 0.272120649, 0, -0, 0, 0, 0, 0, 0, 0.225024219, 0.150807471, 0.137565039, -0.514554981, 0.826607702, -0.22743782, -0.102661133, -0.322753906, -0.940795898, -0.851173066, -0.460675259, 0.251038992, 0, 2, 5, 1, 
211.061257, 30, 0.1, 0.1, 0.0219907143, 0.342025148, -0.0349717995, 0.898875431, -0.438204245, -1.94214563e-005, 0.438204245, 0.89887543, 1.72695553e-005, 9.8898775e-006, -2.40337435e-005, 1, 0.89887561, -0.438203877, -5.72900168e-006, 0.438203877, 0.898875609, 2.59257747e-005, -6.21111513e-006, -2.58145173e-005, 1, 0, 0, 0, 0, 0, 0, 0, 0.157139575, 0.142226025, 0.154089526, -0.13051858, 0.798246909, 0.587769331, -0.242553711, -0.600463867, 0.76184082, 0.961330324, -0.0431289262, 0.272120649, 0, -0, 0, 0, 0, 0, 0, 0.225024219, 0.150807471, 0.137565039, -0.514554981, 0.826607702, -0.22743782, -0.102661133, -0.322753906, -0.940795898, -0.851173066, -0.460675259, 0.251038992, 0, 2, 5, 1, 
211.061948, 30, 0.1, 0.1, 0.0219907196, 0.342025153, -0.0349720035, 0.898874488, -0.438206178, 3.57034645e-006, 0.438206178, 0.898874488, -2.59689353e-005, 8.17045454e-006, 2.49073613e-005, 1, 0.89887468, -0.438205785, -7.89544328e-006, 0.438205785, 0.89887468, -2.66129138e-005, 1.87589468e-005, 2.04618455e-005, 1, 0, 0, 0, 0, 0, 0, 0, 0.157139575, 0.142226025, 0.154089526, -0.13051858, 0.798246909, 0.587769331, -0.242553711, -0.600463867, 0.76184082, 0.961330324, -0.0431289262, 0.272120649, 0, -0, 0, 0, 0, 0, 0, 0.225024219, 0.150807471, 0.137565039, -0.514554981, 0.826607702, -0.22743782, -0.102661133, -0.322753906, -0.940795898, -0.851173066, -0.460675259, 0.251038992, 0, 2, 5, 1, 
211.062638, 30, 0.1, 0.1, 0.0219907147, 0.342025152, -0.0349715771, 0.898873508, -0.438208189, 2.47441216e-006, 0.438208189, 0.898873507, 2.33326576e-005, -1.24487452e-005, -1.98888001e-005, 1, 0.898873705, -0.438207784, 1.28837764e-005, 0.438207784, 0.898873705, 1.71602891e-005, -1.91006601e-005, -9.77916156e-006, 1, 0, 0, 0, 0, 0, 0, 0, 0.157139575, 0.142226025, 0.154089526, -0.13051858, 0.798246909, 0.587769331, -0.242553711, -0.600463867, 0.76184082, 0.961330324, -0.0431289262, 0.272120649, 0, -0, 0, 0, 0, 0, 0, 0.225024219, 0.150807471, 0.137565039, -0.514554981, 0.826607702, -0.22743782, -0.102661133, -0.322753906, -0.940795898, -0.851173066, -0.460675259, 0.251038992, 0, 2, 5, 1, 
211.06338, 30, 0.1, 0.1, 0.0219907175, 0.342025149, -0.0349701553, 0.898872442, -0.438210374, 1.20455166e-005, 0.438210374, 0.898872442, -9.18057237e-006, -6.80436092e-006, 1.35306339e-005, 1, 0.898872641, -0.438209966, -4.36375209e-006, 0.438209966, 0.898872641, 1.96839197e-006, 3.05988839e-006, -3.68157335e-006, 1, 0, 0, 0, 0, 0, 0, 0, 0.157139575, 0.142226025, 0.154089526, -0.13051858, 0.798246909, 0.587769331, -0.242553711, -0.600463867, 0.76184082, 0.961330324, -0.0431289262, 0.272120649, 0, -0, 0, 0, 0, 0, 0, 0.225024219, 0.150807471, 0.137565039, -0.514554981, 0.826607702, -0.22743782, -0.102661133, -0.322753906, -0.940795898, -0.851173066, -0.460675259, 0.251038992, 0, 2, 5, 1, 
211.064082, 30, 0.1, 0.1, 0.0219907144, 0.342025156, -0.0349686253, 0.898871568, -0.438212169, -1.03653598e-005, 0.438212169, 0.898871568, -1.06804833e-005, 1.39974449e-005, 5.05815595e-006, 1, 0.898871733, -0.438211829, 1.14599783e-006, 0.438211829, 0.898871733, -2.08236755e-005, 8.09507588e-006, 1.92200031e-005, 1, 0, 0, 0, 0, 0, 0, 0, 0.157139575, 0.142226025, 0.154089526, -0.127770617, 0.800708432, 0.585027359, -0.243286133, -0.597167969, 0.764282227, 0.961513049, -0.0447547126, 0.271195424, 0, -0, 0, 0, 0, 0, 0, 0.225024219, 0.150807471, 0.137565039, -0.514554981, 0.826607702, -0.22743782, -0.102661133, -0.322753906, -0.940795898, -0.851173066, -0.460675259, 0.251038992, 0, 2, 5, 1, 
211.064789, 30, 0.1, 0.1, 0.0219907184, 0.342025149, -0.0349673193, 0.898870937, -0.438213462, -1.26816827e-006, 0.438213462, 0.898870937, 2.23547115e-005, -8.65621593e-006, -2.06497289e-005, 1, 0.89887105, -0.43821323, -4.45361042e-006, 0.43821323, 0.89887105, 3.00328745e-005, -9.15758146e-006, -2.89473124e-005, 1, 0, 0, 0, 0, 0, 0, 0, 0.157727051, 0.142123633, 0.153053613, -0.127770617, 0.800708432, 0.585027359, -0.243286133, -0.597167969, 0.764282227, 0.961513049, -0.0447547126, 0.271195424, 0, -0, 0, 0, 0, 0, 0, 0.22536123, 0.150410059, 0.136543018, -0.512286997, 0.826608068, -0.232325967, -0.0998535156, -0.325927734, -0.939941406, -0.852898575, -0.458343109, 0.249666028, 0, 2, 5, 1, 
211.065471, 30, 0.1, 0.1, 0.0219907186, 0.342025156, -0.0349668939, 0.898870455, -0.438214452, 4.82188151e-006, 0.438214452, 0.898870454, -2.94634175e-005, 8.57704853e-006, 2.85968137e-005, 1, 0.898870549, -0.438214258, 7.50042132e-008, 0.438214258, 0.898870548, -3.29917165e-005, 1.43900215e-005, 2.96881503e-005, 0.999999999, 0, 0, 0, 0, 0, 0, 0, 0.157727051, 0.142123633, 0.153053613, -0.127770617, 0.800708432, 0.585027359, -0.243286133, -0.597167969, 0.764282227, 0.961513049, -0.0447547126, 0.271195424, 0, -0, 0, 0, 0, 0, 0, 0.22536123, 0.150410059, 0.136543018, -0.512286997, 0.826608068, -0.232325967, -0.0998535156, -0.325927734, -0.939941406, -0.852898575, -0.458343109, 0.249666028, 0, 2, 5, 1, 
211.066163, 30, 0.1, 0.1, 0.0219907193, 0.342025154, -0.0349674098, 0.898869927, -0.438215534, -2.20626738e-005, 0.438215535, 0.898869926, 1.95670797e-005, 1.12568757e-005, -2.72564659e-005, 1, 0.89887004, -0.438215302, -9.41151251e-006, 0.438215302, 0.89887004, 2.02682249e-005, -4.22119669e-007, -2.23427689e-005, 1, 0, 0, 0, 0, 0, 0, 0, 0.157727051, 0.142123633, 0.153053613, -0.127770617, 0.800708432, 0.585027359, -0.243286133, -0.597167969, 0.764282227, 0.961513049, -0.0447547126, 0.271195424, 0, -0, 0, 0, 0, 0, 0, 0.22536123, 0.150410059, 0.136543018, -0.512286997, 0.826608068, -0.232325967, -0.0998535156, -0.325927734, -0.939941406, -0.852898575, -0.458343109, 0.249666028, 0, 2, 5, 1, 
211.066868, 30, 0.1, 0.1, 0.0219907214, 0.342025154, -0.0349686261, 0.898869327, -0.438216764, 2.69027932e-005, 0.438216765, 0.898869327, -1.53817266e-005, -1.74415651e-005, 2.56154172e-005, 1, 0.898869464, -0.438216483, 5.6255368e-006, 0.438216483, 0.898869464, -1.17132197e-005, 7.6302702e-008, 1.29938585e-005, 1, 0, 0, 0, 0, 0, 0, 0, 0.157727051, 0.142123633, 0.153053613, -0.127770617, 0.800708432, 0.585027359, -0.243286133, -0.597167969, 0.764282227, 0.961513049, -0.0447547126, 0.271195424, 0, -0, 0, 0, 0, 0, 0, 0.22536123, 0.150410059, 0.136543018, -0.510970902, 0.826512553, -0.235610007, -0.0994873047, -0.329101563, -0.938964844, -0.853742189, -0.456266522, 0.250548289, 0, 2, 5, 1, 
211.067555, 30, 0.1, 0.1, 0.0219907114, 0.342025157, -0.0349699648, 0.898868722, -0.438218006, 6.16063354e-006, 0.438218006, 0.898868722, 7.19514241e-006, -8.69064176e-006, -3.76778791e-006, 1, 0.898868838, -0.438217767, 2.49884044e-005, 0.438217767, 0.898868838, -1.2939153e-006, -2.18942813e-005, 1.21134229e-005, 1, 0, 0, 0, 0, 0, 0, 0, 0.157727051, 0.142123633, 0.153053613, -0.127770617, 0.800708432, 0.585027359, -0.243286133, -0.597167969, 0.764282227, 0.961513049, -0.0447547126, 0.271195424, 0, -0, 0, 0, 0, 0, 0, 0.225877051, 0.150000928, 0.134781592, -0.510970902, 0.826512553, -0.235610007, -0.0994873047, -0.329101563, -0.938964844, -0.853742189, -0.456266522, 0.250548289, 0, 2, 5, 1, 
211.068246, 30, 0.1, 0.1, 0.0219907205, 0.342025157, -0.0349712045, 0.898868086, -0.43821931, -2.16809471e-005, 0.43821931, 0.898868086, -8.40815287e-006, 2.31729264e-005, -1.9431894e-006, 1, 0.898868209, -0.438219056, -3.10039627e-005, 0.438219057, 0.89886821, -1.55523009e-006, 2.85500079e-005, -1.21885804e-005, 1, 0, 0, 0, 0, 0, 0, 0, 0.157727051, 0.142123633, 0.153053613, -0.127770617, 0.800708432, 0.585027359, -0.243286133, -0.597167969, 0.764282227, 0.961513049, -0.0447547126, 0.271195424, 0, -0, 0, 0, 0, 0, 0, 0.225877051, 0.150000928, 0.134781592, -0.510970902, 0.826512553, -0.235610007, -0.0994873047, -0.329101563, -0.938964844, -0.853742189, -0.456266522, 0.250548289, 0, 2, 5, 1, 
211.068932, 30, 0.1, 0.1, 0.0219907156, 0.342025162, -0.0349720378, 0.898867446, -0.438220623, 2.12135804e-005, 0.438220623, 0.898867446, -6.78305942e-006, -1.60957203e-005, 1.53932997e-005, 1, 0.898867573, -0.438220362, 2.49314028e-005, 0.438220363, 0.898867573, -1.31775804e-005, -1.66353455e-005, 2.27703481e-005, 1, 0, 0, 0, 0, 0, 0, 0, 0.157727051, 0.142123633, 0.153053613, -0.127770617, 0.800708432, 0.585027359, -0.243286133, -0.597167969, 0.764282227, 0.961513049, -0.0447547126, 0.271195424, 0, -0, 0, 0, 0, 0, 0, 0.225877051, 0.150000928, 0.134781592, -0.510970902, 0.826512553, -0.235610007, -0.0994873047, -0.329101563, -0.938964844, -0.853742189, -0.456266522, 0.250548289, 0, 2, 5, 1, 
211.06963, 30, 0.1, 0.1, 0.0219907191, 0.342025156, -0.0349721181, 0.898866828, -0.438221891, -1.53099848e-005, 0.438221891, 0.898866827, 2.4436059e-005, 3.05322145e-006, -2.86739334e-005, 1, 0.898866939, -0.438221662, -1.92663344e-005, 0.438221662, 0.898866939, 2.33579962e-005, 7.0818911e-006, -2.94386556e-005, 1, 0, 0, 0, 0, 0, 0, 0, 0.158208472, 0.141811548, 0.15134834, -0.122782047, 0.803430187, 0.5824932, -0.241333008, -0.593505859, 0.767700195, 0.962576816, -0.0462981235, 0.266900302, 0, -0, 0, 0, 0, 0, 0, 0.225877051, 0.150000928, 0.134781592, -0.510970902, 0.826512553, -0.235610007, -0.0994873047, -0.329101563, -0.938964844, -0.853742189, -0.456266522, 0.250548289, 0, 2, 5, 1, 
211.070316, 30, 0.1, 0.1, 0.0219907183, 0.342025157, -0.0349716243, 0.898866372, -0.438222825, -6.62273399e-007, 0.438222825, 0.898866372, -2.15432657e-005, 1.0036046e-005, 1.90742937e-005, 1, 0.898866445, -0.438222676, 7.25963947e-006, 0.438222676, 0.898866445, -1.26444656e-005, -9.84354782e-007, 1.45470245e-005, 1, 0, 0, 0, 0, 0, 0, 0, 0.158208472, 0.141811548, 0.15134834, -0.122782047, 0.803430187, 0.5824932, -0.241333008, -0.593505859, 0.767700195, 0.962576816, -0.0462981235, 0.266900302, 0, -0, 0, 0, 0, 0, 0, 0.225877051, 0.150000928, 0.134781592, -0.510970902, 0.826512553, -0.235610007, -0.0994873047, -0.329101563, -0.938964844, -0.853742189, -0.456266522, 0.250548289, 0, 2, 5, 1, 
211.071006, 30, 0.1, 0.1, 0.0219907208, 0.342025157, -0.034970694, 0.89886608, -0.438223425, 1.22980872e-006, 0.438223424, 0.89886608, 2.7529469e-005, -1.31694915e-005, -2.42063749e-005, 1, 0.898866124, -0.438223335, -7.63298304e-006, 0.438223335, 0.898866124, 1.27821806e-005, 1.25958006e-006, -1.48344204e-005, 1, 0, 0, 0, 0, 0, 0, 0, 0.158208472, 0.141811548, 0.15134834, -0.122782047, 0.803430187, 0.5824932, -0.241333008, -0.593505859, 0.767700195, 0.962576816, -0.0462981235, 0.266900302, 0, -0, 0, 0, 0, 0, 0, 0.225877051, 0.150000928, 0.134781592, -0.510970902, 0.826512553, -0.235610007, -0.0994873047, -0.329101563, -0.938964844, -0.853742189, -0.456266522, 0.250548289, 0, 2, 5, 1, 
211.071709, 30, 0.1, 0.1, 0.0219907175, 0.342025151, -0.0349695211, 0.898865905, -0.438223784, 6.05912535e-006, 0.438223784, 0.898865905, -1.14955082e-005, -4.08736091e-007, 1.29881732e-005, 1, 0.898865934, -0.438223725, 1.07353236e-005, 0.438223725, 0.898865934, 9.87620095e-006, -1.39776023e-005, -4.17290709e-006, 1, 0, 0, 0, 0, 0, 0, 0, 0.158718677, 0.141725269, 0.150276416, -0.121538181, 0.806120862, 0.579002736, -0.241943359, -0.58972168, 0.770507812, 0.962626991, -0.0464771007, 0.266711585, 0, -0, 0, 0, 0, 0, 0, 0.225877051, 0.150000928, 0.134781592, -0.510970902, 0.826512553, -0.235610007, -0.0994873047, -0.329101563, -0.938964844, -0.853742189, -0.456266522, 0.250548289, 0, 2, 5, 1, 
211.072409, 30, 0.1, 0.1, 0.0219907236, 0.342025163, -0.0349682947, 0.898865862, -0.438223872, -2.10869416e-005, 0.438223871, 0.898865862, -2.13946953e-005, 2.83299981e-005, 9.99016009e-006, 1, 0.898865865, -0.438223865, -2.26935122e-005, 0.438223864, 0.898865865, -3.5115549e-005, 3.57868951e-005, 2.16193297e-005, 0.999999999, 0, 0, 0, 0, 0, 0, 0, 0.158718677, 0.141725269, 0.150276416, -0.121538181, 0.806120862, 0.579002736, -0.241943359, -0.58972168, 0.770507812, 0.962626991, -0.0464771007, 0.266711585, 0, -0, 0, 0, 0, 0, 0, 0.226356494, 0.149763281, 0.132965234, -0.510300095, 0.825886588, -0.239584177, -0.0982666016, -0.332641602, -0.937744141, -0.854285398, -0.454982143, 0.250989786, 0, 2, 5, 1, 
211.073093, 30, 0.1, 0.1, 0.0219907231, 0.342025157, -0.0349676844, 0.89886592, -0.438223753, 1.4637105e-005, 0.438223753, 0.89886592, 2.03607466e-005, -2.20793577e-005, -1.18872541e-005, 1, 0.898865901, -0.438223793, 1.15094811e-005, 0.438223792, 0.898865901, 2.71462697e-005, -2.22416213e-005, -1.93571277e-005, 1, 0, 0, 0, 0, 0, 0, 0, 0.158718677, 0.141725269, 0.150276416, -0.121538181, 0.806120862, 0.579002736, -0.241943359, -0.58972168, 0.770507812, 0.962626991, -0.0464771007, 0.266711585, 0, -0, 0, 0, 0, 0, 0, 0.226356494, 0.149763281, 0.132965234, -0.510300095, 0.825886588, -0.239584177, -0.0982666016, -0.332641602, -0.937744141, -0.854285398, -0.454982143, 0.250989786, 0, 2, 5, 1, 
211.073783, 30, 0.1, 0.1, 0.0219907255, 0.34202516, -0.0349678206, 0.898866095, -0.438223394, -2.72458537e-005, 0.438223394, 0.898866095, -5.88649137e-006, 2.70699724e-005, -6.64860299e-006, 1, 0.898866048, -0.43822349, -1.93216235e-005, 0.43822349, 0.898866048, -1.33958514e-005, 2.32379281e-005, 3.57388673e-006, 1, 0, 0, 0, 0, 0, 0, 0, 0.158718677, 0.141725269, 0.150276416, -0.121538181, 0.806120862, 0.579002736, -0.241943359, -0.58972168, 0.770507812, 0.962626991, -0.0464771007, 0.266711585, 0, -0, 0, 0, 0, 0, 0, 0.226356494, 0.149763281, 0.132965234, -0.510300095, 0.825886588, -0.239584177, -0.0982666016, -0.332641602, -0.937744141, -0.854285398, -0.454982143, 0.250989786, 0, 2, 5, 1, 
211.074467, 30, 0.1, 0.1, 0.0219907255, 0.34202516, -0.0349686172, 0.898866345, -0.43822288, 3.22046871e-005, 0.438222881, 0.898866345, -1.73728762e-006, -2.81863902e-005, 1.56744201e-005, 0.999999999, 0.898866296, -0.438222981, 1.83962065e-005, 0.438222981, 0.898866296, -1.36741526e-006, -1.59364972e-005, 9.29076394e-006, 1, 0, 0, 0, 0, 0, 0, 0, 0.158718677, 0.141725269, 0.150276416, -0.121538181, 0.806120862, 0.579002736, -0.241943359, -0.58972168, 0.770507812, 0.962626991, -0.0464771007, 0.266711585, 0, -0, 0, 0, 0, 0, 0, 0.226356494, 0.149763281, 0.132965234, -0.510300095, 0.825886588, -0.239584177, -0.0982666016, -0.332641602, -0.937744141, -0.854285398, -0.454982143, 0.250989786, 0, 2, 5, 1, 
211.075162, 30, 0.1, 0.1, 0.0219907189, 0.342025157, -0.0349697191, 0.898866543, -0.438222476, -1.04606798e-005, 0.438222476, 0.898866543, 1.69182802e-005, 1.98878443e-006, -1.9791381e-005, 1, 0.898866516, -0.43822253, 8.33431115e-006, 0.43822253, 0.898866516, 1.69685883e-005, -1.49274509e-005, -1.16002129e-005, 1, 0, 0, 0, 0, 0, 0, 0, 0.158718677, 0.141725269, 0.150276416, -0.121538181, 0.806120862, 0.579002736, -0.241943359, -0.58972168, 0.770507812, 0.962626991, -0.0464771007, 0.266711585, 0, -0, 0, 0, 0, 0, 0, 0.226356494, 0.149763281, 0.132965234, -0.510300095, 0.825886588, -0.239584177, -0.0982666016, -0.332641602, -0.937744141, -0.854285398, -0.454982143, 0.250989786, 0, 2, 5, 1, 
211.075847, 30, 0.1, 0.1, 0.0219907244, 0.342025157, -0.0349708697, 0.89886661, -0.438222337, 1.51967677e-006, 0.438222337, 0.89886661, -9.33503482e-006, 2.72483407e-006, 9.05690741e-006, 1, 0.898866607, -0.438222343, -1.14576196e-005, 0.438222343, 0.898866608, -7.38923569e-006, 1.35369998e-005, 1.62095232e-006, 1, 0, 0, 0, 0, 0, 0, 0, 0.158718677, 0.141725269, 0.150276416, -0.121538181, 0.806120862, 0.579002736, -0.241943359, -0.58972168, 0.770507812, 0.962626991, -0.0464771007, 0.266711585, 0, -0, 0, 0, 0, 0, 0, 0.226356494, 0.149763281, 0.132965234, -0.510300095, 0.825886588, -0.239584177, -0.0982666016, -0.332641602, -0.937744141, -0.854285398, -0.454982143, 0.250989786, 0, 2, 5, 1, 
211.076561, 30, 0.1, 0.1, 0.021990718, 0.342025155, -0.034971627, 0.898866543, -0.438222475, 1.29388459e-005, 0.438222475, 0.898866543, 7.37494203e-006, -1.4862161e-005, -9.58995582e-007, 1, 0.898866563, -0.438222434, 1.91359579e-005, 0.438222433, 0.898866563, 1.30187003e-005, -2.29057592e-005, -3.3162684e-006, 1, 0, 0, 0, 0, 0, 0, 0, 0.159297363, 0.141209595, 0.148739697, -0.118948977, 0.809223414, 0.57515057, -0.243286133, -0.585327148, 0.7734375, 0.962587677, -0.0479572322, 0.266580157, 0, -0, 0, 0, 0, 0, 0, 0.226356494, 0.149763281, 0.132965234, -0.508984001, 0.825305467, -0.243826669, -0.0971679687, -0.336547852, -0.936523437, -0.855129013, -0.452956596, 0.251648566, 0, 2, 5, 1, 
211.077249, 30, 0.1, 0.1, 0.0219907237, 0.342025159, -0.0349716156, 0.898866505, -0.438222553, -2.86071135e-005, 0.438222552, 0.898866505, -7.08402136e-006, 2.88183541e-005, -6.16869277e-006, 1, 0.898866504, -0.438222555, -2.81628682e-005, 0.438222555, 0.898866504, -9.98153691e-006, 2.96887935e-005, -3.36953487e-006, 1, 0, 0, 0, 0, 0, 0, 0, 0.159297363, 0.141209595, 0.148739697, -0.118948977, 0.809223414, 0.57515057, -0.243286133, -0.585327148, 0.7734375, 0.962587677, -0.0479572322, 0.266580157, 0, -0, 0, 0, 0, 0, 0, 0.226872314, 0.149320947, 0.131358936, -0.508984001, 0.825305467, -0.243826669, -0.0971679687, -0.336547852, -0.936523437, -0.855129013, -0.452956596, 0.251648566, 0, 2, 5, 1, 
211.078095, 30, 0.1, 0.1, 0.0219907209, 0.342025158, -0.0349702251, 0.898866484, -0.438222595, 2.49927208e-005, 0.438222595, 0.898866485, 9.35518393e-006, -2.65647721e-005, 2.54331367e-006, 1, 0.898866495, -0.438222573, 1.76904079e-005, 0.438222573, 0.898866495, 9.00003094e-006, -1.98453317e-005, -3.37490196e-007, 1, 0, 0, 0, 0, 0, 0, 0, 0.159297363, 0.141209595, 0.148739697, -0.118948977, 0.809223414, 0.57515057, -0.243286133, -0.585327148, 0.7734375, 0.962587677, -0.0479572322, 0.266580157, 0, -0, 0, 0, 0, 0, 0, 0.226872314, 0.149320947, 0.131358936, -0.508984001, 0.825305467, -0.243826669, -0.0971679687, -0.336547852, -0.936523437, -0.855129013, -0.452956596, 0.251648566, 0, 2, 5, 1, 
211.079039, 30, 0.1, 0.1, 0.0219907216, 0.342025158, -0.0349638132, 0.898866431, -0.438222705, -1.38555452e-005, 0.438222705, 0.898866431, -1.19455204e-005, 1.76890827e-005, 4.66561278e-006, 1, 0.898866442, -0.438222683, -1.79897626e-005, 0.438222683, 0.898866442, -4.52841148e-006, 1.81548465e-005, -3.81308491e-006, 1, 0, 0, 0, 0, 0, 0, 0, 0.159297363, 0.141209595, 0.148739697, -0.118948977, 0.809223414, 0.57515057, -0.243286133, -0.585327148, 0.7734375, 0.962587677, -0.0479572322, 0.266580157, 0, -0, 0, 0, 0, 0, 0, 0.226872314, 0.149320947, 0.131358936, -0.508984001, 0.825305467, -0.243826669, -0.0971679687, -0.336547852, -0.936523437, -0.855129013, -0.452956596, 0.251648566, 0, 2, 5, 1, 
211.079729, 30, 0.1, 0.1, 0.0219907218, 0.342025156, -0.0349604304, 0.89886632, -0.438222932, -3.32748165e-006, 0.438222932, 0.89886632, 1.01290225e-005, -1.44780874e-006, -1.05628159e-005, 1, 0.898866347, -0.438222877, 1.9136254e-006, 0.438222876, 0.898866347, 1.65007828e-005, -8.95111396e-006, -1.39934039e-005, 1, 0, 0, 0, 0, 0, 0, 0, 0.159297363, 0.141209595, 0.148739697, -0.118948977, 0.809223414, 0.57515057, -0.243286133, -0.585327148, 0.7734375, 0.962587677, -0.0479572322, 0.266580157, 0, -0, 0, 0, 0, 0, 0, 0.226872314, 0.149320947, 0.131358936, -0.508984001, 0.825305467, -0.243826669, -0.0971679687, -0.336547852, -0.936523437, -0.855129013, -0.452956596, 0.251648566, 0, 2, 5, 1, 
211.080413, 30, 0.1, 0.1, 0.0219907251, 0.342025158, -0.034960067, 0.898866195, -0.43822319, 4.44251592e-006, 0.43822319, 0.898866195, 3.24159634e-006, -5.41377007e-006, -9.66947875e-007, 1, 0.89886622, -0.438223137, -7.49236845e-006, 0.438223137, 0.89886622, -6.80328044e-006, 9.71599181e-006, 2.83190977e-006, 1, 0, 0, 0, 0, 0, 0, 0, 0.159297363, 0.141209595, 0.148739697, -0.118948977, 0.809223414, 0.57515057, -0.243286133, -0.585327148, 0.7734375, 0.962587677, -0.0479572322, 0.266580157, 0, -0, 0, 0, 0, 0, 0, 0.226872314, 0.149320947, 0.131358936, -0.508984001, 0.825305467, -0.243826669, -0.0971679687, -0.336547852, -0.936523437, -0.855129013, -0.452956596, 0.251648566, 0, 2, 5, 1, 
211.081099, 30, 0.1, 0.1, 0.0219907243, 0.342025158, -0.0349626657, 0.898866091, -0.438223403, -1.06982227e-005, 0.438223403, 0.898866091, -6.04577208e-006, 1.22656684e-005, 7.46127958e-007, 1, 0.898866112, -0.438223359, -6.57473276e-006, 0.438223359, 0.898866112, -8.79189577e-007, 6.29508588e-006, -2.09092776e-006, 1, 0, 0, 0, 0, 0, 0, 0, 0.159297363, 0.141209595, 0.148739697, -0.114779292, 0.812687669, 0.571056147, -0.242919922, -0.580322266, 0.77722168, 0.963163184, -0.0494946518, 0.264138851, 0, -0, 0, 0, 0, 0, 0, 0.226872314, 0.149320947, 0.131358936, -0.508984001, 0.825305467, -0.243826669, -0.0971679687, -0.336547852, -0.936523437, -0.855129013, -0.452956596, 0.251648566, 0, 2, 5, 1, 
211.081816, 30, 0.1, 0.1, 0.0219907221, 0.342025159, -0.0349670654, 0.898866002, -0.438223584, 1.7674048e-005, 0.438223584, 0.898866002, -2.79715614e-007, -1.57640229e-005, 7.99661152e-006, 1, 0.898866019, -0.438223549, 1.90425845e-005, 0.438223549, 0.898866019, -3.17696877e-006, -1.57245096e-005, 1.12005782e-005, 1, 0, 0, 0, 0, 0, 0, 0, 0.159735449, 0.140935474, 0.146960327, -0.114779292, 0.812687669, 0.571056147, -0.242919922, -0.580322266, 0.77722168, 0.963163184, -0.0494946518, 0.264138851, 0, -0, 0, 0, 0, 0, 0, 0.22719126, 0.148678809, 0.129889453, -0.50713126, 0.824916109, -0.249257658, -0.0954589844, -0.341186523, -0.935058594, -0.856407194, -0.450419922, 0.251936945, 0, 2, 5, 1, 
211.082502, 30, 0.1, 0.1, 0.0219907224, 0.342025161, -0.0349717989, 0.898865877, -0.438223842, 2.05794352e-006, 0.438223842, 0.898865877, -8.43759678e-006, 1.84774086e-006, 8.48610774e-006, 1, 0.898865907, -0.43822378, -3.27459871e-006, 0.438223779, 0.898865907, -8.64343051e-006, 6.73118193e-006, 6.33427798e-006, 1, 0, 0, 0, 0, 0, 0, 0, 0.159735449, 0.140935474, 0.146960327, -0.114779292, 0.812687669, 0.571056147, -0.242919922, -0.580322266, 0.77722168, 0.963163184, -0.0494946518, 0.264138851, 0, -0, 0, 0, 0, 0, 0, 0.22719126, 0.148678809, 0.129889453, -0.50713126, 0.824916109, -0.249257658, -0.0954589844, -0.341186523, -0.935058594, -0.856407194, -0.450419922, 0.251936945, 0, 2, 5, 1, 
211.083191, 30, 0.1, 0.1, 0.0219907203, 0.34202516, -0.0349757241, 0.898865694, -0.438224216, -9.34192948e-007, 0.438224216, 0.898865694, -4.52138617e-006, 2.8210949e-006, 3.65473294e-006, 1, 0.898865732, -0.438224138, 4.73169192e-006, 0.438224138, 0.898865732, 4.8934453e-006, -6.39758157e-006, -2.32500867e-006, 1, 0, 0, 0, 0, 0, 0, 0, 0.159735449, 0.140935474, 0.146960327, -0.114779292, 0.812687669, 0.571056147, -0.242919922, -0.580322266, 0.77722168, 0.963163184, -0.0494946518, 0.264138851, 0, -0, 0, 0, 0, 0, 0, 0.22719126, 0.148678809, 0.129889453, -0.50713126, 0.824916109, -0.249257658, -0.0954589844, -0.341186523, -0.935058594, -0.856407194, -0.450419922, 0.251936945, 0, 2, 5, 1, 
211.083902, 30, 0.1, 0.1, 0.0219907212, 0.34202516, -0.0349776143, 0.898865538, -0.438224536, 4.98850698e-006, 0.438224536, 0.898865538, 7.02240133e-006, -7.56138558e-006, -4.12610839e-006, 1, 0.898865561, -0.43822449, 1.23986991e-006, 0.43822449, 0.898865561, 7.45906351e-006, -4.38322066e-006, -6.16135395e-006, 1, 0, 0, 0, 0, 0, 0, 0, 0.160176563, 0.140899976, 0.145588989, -0.114855676, 0.816336892, 0.56594214, -0.244995117, -0.575317383, 0.780273437, 0.962680914, -0.0490838965, 0.26618475, 0, -0, 0, 0, 0, 0, 0, 0.227667285, 0.148374756, 0.12833501, -0.506434934, 0.823318931, -0.255704703, -0.0920410156, -0.346435547, -0.93347168, -0.857193206, -0.449237622, 0.251382076, 0, 2, 5, 1, 
211.084589, 30, 0.1, 0.1, 0.0219907226, 0.342025161, -0.0349769852, 0.898865468, -0.43822468, -1.23318061e-005, 0.43822468, 0.898865468, 1.48731398e-006, 1.04328569e-005, -6.74099694e-006, 1, 0.898865476, -0.438224663, -1.17475088e-005, 0.438224663, 0.898865476, -3.49673437e-007, 1.07126657e-005, -4.83373872e-006, 1, 0, 0, 0, 0, 0, 0, 0, 0.160176563, 0.140899976, 0.145588989, -0.114855676, 0.816336892, 0.56594214, -0.244995117, -0.575317383, 0.780273437, 0.962680914, -0.0490838965, 0.26618475, 0, -0, 0, 0, 0, 0, 0, 0.227667285, 0.148374756, 0.12833501, -0.506434934, 0.823318931, -0.255704703, -0.0920410156, -0.346435547, -0.93347168, -0.857193206, -0.449237622, 0.251382076, 0, 2, 5, 1, 
211.085273, 30, 0.1, 0.1, 0.0219907222, 0.34202516, -0.0349744124, 0.898865433, -0.438224751, -1.57680823e-006, 0.438224751, 0.898865433, 5.58577192e-006, -1.0304851e-006, -5.71185369e-006, 1, 0.898865441, -0.438224735, 5.99767642e-006, 0.438224735, 0.898865441, 1.73980674e-006, -6.15353041e-006, 1.06447801e-006, 1, 0, 0, 0, 0, 0, 0, 0, 0.160176563, 0.140899976, 0.145588989, -0.114855676, 0.816336892, 0.56594214, -0.244995117, -0.575317383, 0.780273437, 0.962680914, -0.0490838965, 0.26618475, 0, -0, 0, 0, 0, 0, 0, 0.227667285, 0.148374756, 0.12833501, -0.506434934, 0.823318931, -0.255704703, -0.0920410156, -0.346435547, -0.93347168, -0.857193206, -0.449237622, 0.251382076, 0, 2, 5, 1, 
211.085961, 30, 0.1, 0.1, 0.0219907245, 0.342025161, -0.0349707358, 0.898865344, -0.438224935, 5.96395743e-006, 0.438224935, 0.898865344, 6.01440409e-007, -5.62436083e-006, 2.07294092e-006, 1, 0.898865367, -0.438224887, -2.69917886e-006, 0.438224887, 0.898865367, -6.87956543e-006, 5.44099518e-006, 5.00095575e-006, 1, 0, 0, 0, 0, 0, 0, 0, 0.160176563, 0.140899976, 0.145588989, -0.114855676, 0.816336892, 0.56594214, -0.244995117, -0.575317383, 0.780273437, 0.962680914, -0.0490838965, 0.26618475, 0, -0, 0, 0, 0, 0, 0, 0.227667285, 0.148374756, 0.12833501, -0.506434934, 0.823318931, -0.255704703, -0.0920410156, -0.346435547, -0.93347168, -0.857193206, -0.449237622, 0.251382076, 0, 2, 5, 1, 
211.086644, 30, 0.1, 0.1, 0.0219907244, 0.342025161, -0.0349671462, 0.898865198, -0.438225233, -8.00593059e-006, 0.438225233, 0.898865198, -1.12660467e-005, 1.21333183e-005, 6.6182565e-006, 1, 0.898865226, -0.438225176, -4.62104611e-006, 0.438225176, 0.898865226, -6.45889222e-006, 6.98414683e-006, 3.78061487e-006, 1, 0, 0, 0, 0, 0, 0, 0, 0.160176563, 0.140899976, 0.145588989, -0.114855676, 0.816336892, 0.56594214, -0.244995117, -0.575317383, 0.780273437, 0.962680914, -0.0490838965, 0.26618475, 0, -0, 0, 0, 0, 0, 0, 0.227667285, 0.148374756, 0.12833501, -0.506434934, 0.823318931, -0.255704703, -0.0920410156, -0.346435547, -0.93347168, -0.857193206, -0.449237622, 0.251382076, 0, 2, 5, 1, 
211.087329, 30, 0.1, 0.1, 0.0219907234, 0.34202516, -0.034964614, 0.898865104, -0.438225426, 1.53616e-005, 0.438225426, 0.898865104, 8.11408867e-007, -1.41635862e-005, 6.0024966e-006, 1, 0.898865114, -0.438225407, 1.17577642e-005, 0.438225407, 0.898865114, 9.75195428e-006, -1.48421982e-005, -3.61314048e-006, 1, 0, 0, 0, 0, 0, 0, 0, 0.160176563, 0.140899976, 0.145588989, -0.114855676, 0.816336892, 0.56594214, -0.244995117, -0.575317383, 0.780273437, 0.962680914, -0.0490838965, 0.26618475, 0, -0, 0, 0, 0, 0, 0, 0.227667285, 0.148374756, 0.12833501, -0.506434934, 0.823318931, -0.255704703, -0.0920410156, -0.346435547, -0.93347168, -0.857193206, -0.449237622, 0.251382076, 0, 2, 5, 1, 
211.088016, 30, 0.1, 0.1, 0.0219907251, 0.342025161, -0.0349638561, 0.898865121, -0.438225392, -5.59162787e-006, 0.438225392, 0.898865121, 1.25283005e-006, 4.47709733e-006, -3.57651855e-006, 1, 0.898865112, -0.43822541, -1.3304094e-005, 0.43822541, 0.898865112, 1.17988789e-006, 1.14415291e-005, -6.89075212e-006, 1, 0, 0, 0, 0, 0, 0, 0, 0.160176563, 0.140899976, 0.145588989, -0.114855676, 0.816336892, 0.56594214, -0.244995117, -0.575317383, 0.780273437, 0.962680914, -0.0490838965, 0.26618475, 0, -0, 0, 0, 0, 0, 0, 0.227667285, 0.148374756, 0.12833501, -0.506434934, 0.823318931, -0.255704703, -0.0920410156, -0.346435547, -0.93347168, -0.857193206, -0.449237622, 0.251382076, 0, 2, 5, 1, 
211.08873, 30, 0.1, 0.1, 0.0219907224, 0.342025161, -0.0349647866, 0.898865153, -0.438225326, -8.73654113e-006, 0.438225326, 0.898865153, 3.8308979e-006, 6.1741759e-006, -7.27203421e-006, 1, 0.898865154, -0.438225324, 4.11438524e-006, 0.438225324, 0.898865154, 7.08136707e-006, -6.80151191e-006, -4.56216629e-006, 1, 0, 0, 0, 0, 0, 0, 0, 0.160698364, 0.140194263, 0.144210205, -0.113345588, 0.820080474, 0.56068847, -0.248168945, -0.569824219, 0.783325195, 0.962070964, -0.0504183731, 0.268129177, 0, -0, 0, 0, 0, 0, 0, 0.227982812, 0.147706006, 0.127025293, -0.504556674, 0.822578129, -0.261762023, -0.0891113281, -0.351196289, -0.931884766, -0.858714191, -0.446860629, 0.250622683, 0, 2, 5, 1, 
211.089415, 30, 0.1, 0.1, 0.0219907231, 0.342025162, -0.0349669682, 0.898865089, -0.438225458, 8.38827418e-006, 0.438225458, 0.898865089, 7.68391621e-006, -1.09072145e-005, -3.23084873e-006, 1, 0.89886511, -0.438225414, 7.32013482e-006, 0.438225414, 0.89886511, -2.42813697e-006, -5.51574246e-006, 5.39043672e-006, 1, 0, 0, 0, 0, 0, 0, 0, 0.160698364, 0.140194263, 0.144210205, -0.113345588, 0.820080474, 0.56068847, -0.248168945, -0.569824219, 0.783325195, 0.962070964, -0.0504183731, 0.268129177, 0, -0, 0, 0, 0, 0, 0, 0.227982812, 0.147706006, 0.127025293, -0.504556674, 0.822578129, -0.261762023, -0.0891113281, -0.351196289, -0.931884766, -0.858714191, -0.446860629, 0.250622683, 0, 2, 5, 1, 
211.090113, 30, 0.1, 0.1, 0.0219907243, 0.342025164, -0.0349698731, 0.898864974, -0.438225694, -9.96202904e-006, 0.438225694, 0.898864974, -1.10874406e-005, 1.38133203e-005, 5.60049496e-006, 1, 0.898864995, -0.438225651, -8.91961303e-006, 0.438225651, 0.898864995, -1.35395128e-005, 1.39508897e-005, 8.26139084e-006, 1, 0, 0, 0, 0, 0, 0, 0, 0.160698364, 0.140194263, 0.144210205, -0.113345588, 0.820080474, 0.56068847, -0.248168945, -0.569824219, 0.783325195, 0.962070964, -0.0504183731, 0.268129177, 0, -0, 0, 0, 0, 0, 0, 0.227982812, 0.147706006, 0.127025293, -0.504556674, 0.822578129, -0.261762023, -0.0891113281, -0.351196289, -0.931884766, -0.858714191, -0.446860629, 0.250622683, 0, 2, 5, 1, 
211.090803, 30, 0.1, 0.1, 0.0219907235, 0.342025164, -0.0349725087, 0.898864921, -0.438225801, 5.69458731e-006, 0.438225801, 0.898864921, -6.36031432e-006, -2.33141094e-006, 8.21257852e-006, 1, 0.898864924, -0.438225795, 9.13184681e-006, 0.438225795, 0.898864924, -2.03449342e-006, -7.31672929e-006, 5.8305456e-006, 1, 0, 0, 0, 0, 0, 0, 0, 0.160698364, 0.140194263, 0.144210205, -0.113345588, 0.820080474, 0.56068847, -0.248168945, -0.569824219, 0.783325195, 0.962070964, -0.0504183731, 0.268129177, 0, -0, 0, 0, 0, 0, 0, 0.227982812, 0.147706006, 0.127025293, -0.504556674, 0.822578129, -0.261762023, -0.0891113281, -0.351196289, -0.931884766, -0.858714191, -0.446860629, 0.250622683, 0, 2, 5, 1, 
211.091486, 30, 0.1, 0.1, 0.0219907253, 0.342025166, -0.0349742546, 0.898864947, -0.438225749, 6.09551568e-006, 0.438225749, 0.898864947, -2.89860886e-006, -4.20880034e-006, 5.27666982e-006, 1, 0.898864939, -0.438225765, -5.42659245e-006, 0.438225765, 0.898864939, -1.17278636e-006, 5.39171889e-006, -1.32389609e-006, 1, 0, 0, 0, 0, 0, 0, 0, 0.160698364, 0.140194263, 0.144210205, -0.113345588, 0.820080474, 0.56068847, -0.248168945, -0.569824219, 0.783325195, 0.962070964, -0.0504183731, 0.268129177, 0, -0, 0, 0, 0, 0, 0, 0.227982812, 0.147706006, 0.127025293, -0.504556674, 0.822578129, -0.261762023, -0.0891113281, -0.351196289, -0.931884766, -0.858714191, -0.446860629, 0.250622683, 0, 2, 5, 1, 
211.092174, 30, 0.1, 0.1, 0.0219907246, 0.342025166, -0.0349746859, 0.89886496, -0.438225723, -7.82686646e-006, 0.438225723, 0.89886496, -1.84340878e-006, 7.84312515e-006, -1.77295865e-006, 1, 0.898864963, -0.438225716, -5.29762341e-006, 0.438225716, 0.898864963, 2.07478982e-006, 3.85262182e-006, -4.18651069e-006, 1, 0, 0, 0, 0, 0, 0, 0, 0.160698364, 0.140194263, 0.144210205, -0.113345588, 0.820080474, 0.56068847, -0.248168945, -0.569824219, 0.783325195, 0.962070964, -0.0504183731, 0.268129177, 0, -0, 0, 0, 0, 0, 0, 0.227982812, 0.147706006, 0.127025293, -0.504556674, 0.822578129, -0.261762023, -0.0891113281, -0.351196289, -0.931884766, -0.858714191, -0.446860629, 0.250622683, 0, 2, 5, 1, 
211.092858, 30, 0.1, 0.1, 0.0219907231, 0.342025166, -0.0349737666, 0.898864902, -0.438225841, 7.91031661e-006, 0.43822584, 0.898864902, 9.60376452e-006, -1.13189238e-005, -5.16598171e-006, 1, 0.898864919, -0.438225807, 9.39774377e-006, 0.438225807, 0.898864919, 7.79968053e-006, -1.18653235e-005, -2.89252536e-006, 1, 0, 0, 0, 0, 0, 0, 0, 0.160698364, 0.140194263, 0.144210205, -0.113345588, 0.820080474, 0.56068847, -0.248168945, -0.569824219, 0.783325195, 0.962070964, -0.0504183731, 0.268129177, 0, -0, 0, 0, 0, 0, 0, 0.227982812, 0.147706006, 0.127025293, -0.504556674, 0.822578129, -0.261762023, -0.0891113281, -0.351196289, -0.931884766, -0.858714191, -0.446860629, 0.250622683, 0, 2, 5, 1, 
211.093571, 30, 0.1, 0.1, 0.0219907244, 0.342025167, -0.0349715488, 0.898864817, -0.438226016, -4.80085915e-006, 0.438226016, 0.898864817, 2.05683464e-006, 3.41396493e-006, -3.95267767e-006, 1, 0.898864831, -0.438225987, -6.5456991e-006, 0.438225987, 0.898864831, -7.32273612e-006, 9.09271198e-006, 3.71365452e-006, 1, 0, 0, 0, 0, 0, 0, 0, 0.161325146, 0.139719238, 0.141946265, -0.109836028, 0.823963719, 0.555782276, -0.248413086, -0.564086914, 0.787353516, 0.962380247, -0.0516513784, 0.266805179, 0, -0, 0, 0, 0, 0, 0, 0.228511816, 0.147037256, 0.125114453, -0.502972256, 0.821837326, -0.267231292, -0.0876464844, -0.356079102, -0.930175781, -0.859775089, -0.444483637, 0.251275267, 0, 2, 5, 1, 
211.094266, 30, 0.1, 0.1, 0.0219907224, 0.342025167, -0.0349688553, 0.898864811, -0.438226028, -4.12224446e-006, 0.438226028, 0.898864811, -6.18257475e-006, 6.41470566e-006, 3.75082407e-006, 1, 0.898864805, -0.43822604, 7.60253418e-006, 0.43822604, 0.898864805, -4.14926777e-006, -5.01533322e-006, 7.06125921e-006, 1, 0, 0, 0, 0, 0, 0, 0, 0.161325146, 0.139719238, 0.141946265, -0.109836028, 0.823963719, 0.555782276, -0.248413086, -0.564086914, 0.787353516, 0.962380247, -0.0516513784, 0.266805179, 0, -0, 0, 0, 0, 0, 0, 0.228511816, 0.147037256, 0.125114453, -0.502972256, 0.821837326, -0.267231292, -0.0876464844, -0.356079102, -0.930175781, -0.859775089, -0.444483637, 0.251275267, 0, 2, 5, 1, 
211.094952, 30, 0.1, 0.1, 0.0219907233, 0.342025167, -0.0349667196, 0.898864878, -0.43822589, 1.41897452e-005, 0.43822589, 0.898864878, -2.50163914e-007, -1.26450353e-005, 6.44317728e-006, 1, 0.898864865, -0.438225917, 8.0462578e-006, 0.438225917, 0.898864865, -3.93232734e-007, -7.06017366e-006, 3.8795418e-006, 1, 0, 0, 0, 0, 0, 0, 0, 0.161325146, 0.139719238, 0.141946265, -0.109836028, 0.823963719, 0.555782276, -0.248413086, -0.564086914, 0.787353516, 0.962380247, -0.0516513784, 0.266805179, 0, -0, 0, 0, 0, 0, 0, 0.228511816, 0.147037256, 0.125114453, -0.502972256, 0.821837326, -0.267231292, -0.0876464844, -0.356079102, -0.930175781, -0.859775089, -0.444483637, 0.251275267, 0, 2, 5, 1, 
211.095635, 30, 0.1, 0.1, 0.0219907246, 0.342025167, -0.0349657138, 0.898864902, -0.438225842, -9.08373838e-006, 0.438225842, 0.898864902, -9.60771533e-006, 1.23754027e-005, 4.6553092e-006, 1, 0.898864905, -0.438225835, -1.3648374e-005, 0.438225835, 0.898864905, -1.51829982e-006, 1.29334026e-005, -4.61632368e-006, 1, 0, 0, 0, 0, 0, 0, 0, 0.161325146, 0.139719238, 0.141946265, -0.109836028, 0.823963719, 0.555782276, -0.248413086, -0.564086914, 0.787353516, 0.962380247, -0.0516513784, 0.266805179, 0, -0, 0, 0, 0, 0, 0, 0.228511816, 0.147037256, 0.125114453, -0.502972256, 0.821837326, -0.267231292, -0.0876464844, -0.356079102, -0.930175781, -0.859775089, -0.444483637, 0.251275267, 0, 2, 5, 1, 
211.096324, 30, 0.1, 0.1, 0.021990723, 0.342025166, -0.0349660247, 0.898864827, -0.438225995, 2.80839157e-006, 0.438225995, 0.898864827, 5.65588395e-006, -5.00291977e-006, -3.85316495e-006, 1, 0.898864846, -0.438225955, 7.50831732e-006, 0.438225955, 0.898864846, 1.15621663e-005, -1.18158039e-005, -7.10248528e-006, 1, 0, 0, 0, 0, 0, 0, 0, 0.161325146, 0.139719238, 0.141946265, -0.109836028, 0.823963719, 0.555782276, -0.248413086, -0.564086914, 0.787353516, 0.962380247, -0.0516513784, 0.266805179, 0, -0, 0, 0, 0, 0, 0, 0.228511816, 0.147037256, 0.125114453, -0.502972256, 0.821837326, -0.267231292, -0.0876464844, -0.356079102, -0.930175781, -0.859775089, -0.444483637, 0.251275267, 0, 2, 5, 1, 
211.09701, 30, 0.1, 0.1, 0.0219907251, 0.342025168, -0.0349674773, 0.898864746, -0.438226162, 1.60117502e-006, 0.438226162, 0.898864746, 7.14479926e-006, -4.57027773e-006, -5.72053139e-006, 1, 0.898864755, -0.438226143, -7.80134245e-006, 0.438226143, 0.898864755, -1.38108831e-007, 7.07287467e-006, -3.29461105e-006, 1, 0, 0, 0, 0, 0, 0, 0, 0.161325146, 0.139719238, 0.141946265, -0.109836028, 0.823963719, 0.555782276, -0.248413086, -0.564086914, 0.787353516, 0.962380247, -0.0516513784, 0.266805179, 0, -0, 0, 0, 0, 0, 0, 0.228511816, 0.147037256, 0.125114453, -0.502972256, 0.821837326, -0.267231292, -0.0876464844, -0.356079102, -0.930175781, -0.859775089, -0.444483637, 0.251275267, 0, 2, 5, 1, 
