time, trialNum, realDorsalTactorPos, realVentralTactorPos, boxPosX, boxPosY, boxPosZ, boxLocalRot_11, boxLocalRot_12, boxLocalRot_13, boxLocalRot_21, boxLocalRot_22, boxLocalRot_23, boxLocalRot_31, boxLocalRot_32, boxLocalRot_33, boxGlobalRot_11, boxGlobalRot_12, boxGlobalRot_13, boxGlobalRot_21, boxGlobalRot_22, boxGlobalRot_23, boxGlobalRot_31, boxGlobalRot_32, boxGlobalRot_33, indexForceX, indexForceY, indexForceZ, indexForceGlobalX, indexForceGlobalY, indexForceGlobalZ, indexContact, indexPosX, indexPosY, indexPosZ, indexRot_11, indexRot_12, indexRot_13, indexRot_21, indexRot_22, indexRot_23, indexRot_31, indexRot_32, indexRot_33, thumbForceX, thumbForceY, thumbForceZ, thumbForceGlobalX, thumbForceGlobalY, thumbForceGlobalZ, thumbContact, thumbPosX, thumbPosY, thumbPosZ, thumbRot_11, thumbRot_12, thumbRot_13, thumbRot_21, thumbRot_22, thumbRot_23, thumbRot_31, thumbRot_32, thumbRot_33, manipForceTooHigh, cceExpType, mapping, trialSuccess, 
294.141781, 46, 0.1, 0.1, 0.00102976597, 0.361709633, -0.0349837737, 0.999751103, 0.0223099047, -6.29278771e-006, 0.0223099047, -0.999751103, 8.0325412e-007, -6.27330093e-006, -9.43445686e-007, -1, 0.999751104, 0.0223098854, -5.5756773e-006, 0.0223098855, -0.999751104, 7.45311556e-006, -5.40801138e-006, -7.57565323e-006, -1, 0, 0, 0, 0, 0, 0, 0, 0.13767168, 0.134855078, 0.163376733, -0.326883474, 0.60446974, 0.726358769, -0.509277344, -0.760131836, 0.403320312, 0.796043884, -0.23811651, 0.556431052, 0, -0, 0, 0, 0, 0, 0, 0.220427588, 0.141250879, 0.116878223, -0.385914566, 0.819355427, -0.423694301, -0.0048828125, -0.46105957, -0.887207031, -0.922467626, -0.340290449, 0.182050977, 0, 2, 5, 1, 
294.150965, 46, 0.1, 0.1, 0.0010297787, 0.36170961, -0.0349581483, 0.999751149, 0.0223078495, -5.28644149e-006, 0.0223078492, -0.999751148, -4.11267969e-005, -6.20257634e-006, 4.09986334e-005, -0.999999999, 0.999751148, 0.0223079054, -4.64964724e-006, 0.0223079053, -0.999751147, -3.46233553e-005, -5.4208647e-006, 3.45110153e-005, -0.999999999, 0, 0, 0, 0, 0, 0, 0, 0.13797832, 0.134639429, 0.161742017, -0.321138178, 0.608799307, 0.725233227, -0.506347656, -0.757568359, 0.411743164, 0.80032478, -0.234970896, 0.551665643, 0, -0, 0, 0, 0, 0, 0, 0.221426709, 0.141185645, 0.115738428, -0.372452849, 0.824194368, -0.426435865, -0.00805664062, -0.462280273, -0.88659668, -0.927926334, -0.326771128, 0.178939745, 0, 2, 5, 1, 
294.151658, 46, 0.1, 0.1, 0.00102977911, 0.361709609, -0.0349567961, 0.999751152, 0.0223076999, -4.91885391e-006, 0.0223077001, -0.999751152, 3.10408236e-005, -4.22518049e-006, -3.11428275e-005, -1, 0.999751152, 0.0223076975, 4.09417109e-006, 0.0223076975, -0.999751152, 1.52458148e-005, 4.43325129e-006, -1.51506894e-005, -1, 0, 0, 0, 0, 0, 0, 0, 0.13797832, 0.134639429, 0.161742017, -0.321138178, 0.608799307, 0.725233227, -0.506347656, -0.757568359, 0.411743164, 0.80032478, -0.234970896, 0.551665643, 0, -0, 0, 0, 0, 0, 0, 0.221426709, 0.141185645, 0.115738428, -0.372452849, 0.824194368, -0.426435865, -0.00805664062, -0.462280273, -0.88659668, -0.927926334, -0.326771128, 0.178939745, 0, 2, 5, 1, 
294.152385, 46, 0.1, 0.1, 0.00102977742, 0.361709617, -0.0349591573, 0.999751154, 0.0223076408, -8.92717614e-006, 0.0223076407, -0.999751154, -1.13991079e-005, -9.17924185e-006, 1.1197127e-005, -1, 0.999751154, 0.0223076418, -8.58696286e-006, 0.0223076419, -0.999751154, 1.12460441e-005, -8.3339533e-006, -1.14348004e-005, -1, 0, 0, 0, 0, 0, 0, 0, 0.137857837, 0.134559009, 0.161141968, -0.323391888, 0.611472008, 0.722036316, -0.507568359, -0.755981445, 0.413085937, 0.79858067, -0.232922371, 0.554891006, 0, -0, 0, 0, 0, 0, 0, 0.221479687, 0.141211523, 0.115033301, -0.371564758, 0.82381777, -0.427821955, -0.0107421875, -0.464599609, -0.885375977, -0.92820122, -0.324355856, 0.181617143, 0, 2, 5, 1, 
294.153098, 46, 0.1, 0.1, 0.00102978039, 0.361709609, -0.0349643517, 0.999751149, 0.022307851, 5.98851004e-006, 0.0223078511, -0.999751149, -9.2629136e-006, 5.7803841e-006, 9.3941993e-006, -1, 0.99975115, 0.0223077967, 1.36211687e-005, 0.022307797, -0.99975115, -2.31420229e-005, 1.31015315e-005, 2.34401223e-005, -1, 0, 0, 0, 0, 0, 0, 0, 0.137857837, 0.134559009, 0.161141968, -0.323391888, 0.611472008, 0.722036316, -0.507568359, -0.755981445, 0.413085937, 0.79858067, -0.232922371, 0.554891006, 0, -0, 0, 0, 0, 0, 0, 0.221479687, 0.141211523, 0.115033301, -0.371564758, 0.82381777, -0.427821955, -0.0107421875, -0.464599609, -0.885375977, -0.92820122, -0.324355856, 0.181617143, 0, 2, 5, 1, 
294.153788, 46, 0.1, 0.1, 0.00102977656, 0.361709618, -0.0349704895, 0.999751144, 0.0223080859, -3.15930486e-006, 0.022308086, -0.999751143, 2.42869244e-005, -2.61672385e-006, -2.43513585e-005, -1, 0.999751144, 0.0223080495, -1.21746391e-005, 0.0223080499, -0.999751144, 2.97312814e-005, -1.15083624e-005, -2.99954751e-005, -0.999999999, 0, 0, 0, 0, 0, 0, 0, 0.137857837, 0.134559009, 0.161141968, -0.323391888, 0.611472008, 0.722036316, -0.507568359, -0.755981445, 0.413085937, 0.79858067, -0.232922371, 0.554891006, 0, -0, 0, 0, 0, 0, 0, 0.221479687, 0.141211523, 0.115033301, -0.371564758, 0.82381777, -0.427821955, -0.0107421875, -0.464599609, -0.885375977, -0.92820122, -0.324355856, 0.181617143, 0, 2, 5, 1, 
294.154491, 46, 0.1, 0.1, 0.00102978279, 0.361709616, -0.0349760334, 0.999751143, 0.0223081128, 1.47019956e-005, 0.0223081131, -0.999751143, -1.9560043e-005, 1.42619892e-005, 1.98831492e-005, -1, 0.999751143, 0.022308126, 2.1179742e-005, 0.0223081264, -0.999751143, -1.82297145e-005, 2.07678005e-005, 1.86976583e-005, -1, 0, 0, 0, 0, 0, 0, 0, 0.137857837, 0.134559009, 0.161141968, -0.323391888, 0.611472008, 0.722036316, -0.507568359, -0.755981445, 0.413085937, 0.79858067, -0.232922371, 0.554891006, 0, -0, 0, 0, 0, 0, 0, 0.221479687, 0.141211523, 0.115033301, -0.371564758, 0.82381777, -0.427821955, -0.0107421875, -0.464599609, -0.885375977, -0.92820122, -0.324355856, 0.181617143, 0, 2, 5, 1, 
294.155197, 46, 0.1, 0.1, 0.00102977749, 0.361709617, -0.0349792618, 0.999751147, 0.0223079235, -2.46963864e-005, 0.0223079238, -0.999751147, 1.20885043e-005, -2.44205712e-005, -1.26364212e-005, -1, 0.999751146, 0.0223079714, -2.42908062e-005, 0.0223079716, -0.999751146, 9.05120023e-006, -2.40828475e-005, -9.59082642e-006, -1, 0, 0, 0, 0, 0, 0, 0, 0.137857837, 0.134559009, 0.161141968, -0.323391888, 0.611472008, 0.722036316, -0.507568359, -0.755981445, 0.413085937, 0.79858067, -0.232922371, 0.554891006, 0, -0, 0, 0, 0, 0, 0, 0.221479687, 0.141211523, 0.115033301, -0.371564758, 0.82381777, -0.427821955, -0.0107421875, -0.464599609, -0.885375977, -0.92820122, -0.324355856, 0.181617143, 0, 2, 5, 1, 
294.1559, 46, 0.1, 0.1, 0.00102977747, 0.361709617, -0.0349793596, 0.999751153, 0.0223076547, 2.31698139e-005, 0.0223076551, -0.999751153, -1.69187606e-005, 2.27866303e-005, 1.74314146e-005, -1, 0.999751152, 0.0223077098, 1.25640034e-005, 0.0223077099, -0.999751152, -9.93694052e-006, 1.23392065e-005, 1.02147419e-005, -1, 0, 0, 0, 0, 0, 0, 0, 0.137857837, 0.134559009, 0.161141968, -0.323391888, 0.611472008, 0.722036316, -0.507568359, -0.755981445, 0.413085937, 0.79858067, -0.232922371, 0.554891006, 0, -0, 0, 0, 0, 0, 0, 0.221479687, 0.141211523, 0.115033301, -0.371564758, 0.82381777, -0.427821955, -0.0107421875, -0.464599609, -0.885375977, -0.92820122, -0.324355856, 0.181617143, 0, 2, 5, 1, 
294.156603, 46, 0.1, 0.1, 0.00102978457, 0.361709614, -0.0349764952, 0.999751158, 0.0223074275, 3.24351962e-006, 0.0223074275, -0.999751158, 6.67157518e-006, 3.39153818e-006, -6.59756044e-006, -1, 0.999751157, 0.0223074736, 1.70656288e-005, 0.0223074737, -0.999751157, -6.27381148e-006, 1.69214292e-005, 6.65294135e-006, -1, 0, 0, 0, 0, 0, 0, 0, 0.137857837, 0.134559009, 0.161141968, -0.325385368, 0.614963594, 0.718135097, -0.508911133, -0.75402832, 0.415283203, 0.796918935, -0.230385586, 0.558351513, 0, -0, 0, 0, 0, 0, 0, 0.221479687, 0.141211523, 0.115033301, -0.371564758, 0.82381777, -0.427821955, -0.0107421875, -0.464599609, -0.885375977, -0.92820122, -0.324355856, 0.181617143, 0, 2, 5, 1, 
294.157315, 46, 0.1, 0.1, 0.00102977559, 0.361709618, -0.0349714812, 0.999751158, 0.0223074184, -2.42272291e-005, 0.0223074183, -0.999751159, -5.21795061e-006, -2.43375993e-005, 4.67620524e-006, -1, 0.999751158, 0.0223074068, -3.04929915e-005, 0.022307407, -0.999751159, 6.14098666e-006, -3.03484141e-005, -6.8196781e-006, -1, 0, 0, 0, 0, 0, 0, 0, 0.137750903, 0.134521924, 0.160729883, -0.325385368, 0.614963594, 0.718135097, -0.508911133, -0.75402832, 0.415283203, 0.796918935, -0.230385586, 0.558351513, 0, -0, 0, 0, 0, 0, 0, 0.22187334, 0.14044502, 0.114298389, -0.368619403, 0.824157188, -0.429719171, -0.0146484375, -0.467407227, -0.883789062, -0.929364564, -0.319410473, 0.184486305, 0, 2, 5, 1, 
294.158015, 46, 0.1, 0.1, 0.00102977822, 0.361709617, -0.0349663616, 0.999751152, 0.0223077025, 1.49985899e-005, 0.0223077024, -0.999751152, 9.9085582e-006, 1.52158947e-005, -9.5715084e-006, -1, 0.999751154, 0.0223076216, 1.77162245e-005, 0.0223076215, -0.999751154, 5.24959539e-006, 1.78289219e-005, -4.85308222e-006, -1, 0, 0, 0, 0, 0, 0, 0, 0.137750903, 0.134521924, 0.160729883, -0.325385368, 0.614963594, 0.718135097, -0.508911133, -0.75402832, 0.415283203, 0.796918935, -0.230385586, 0.558351513, 0, -0, 0, 0, 0, 0, 0, 0.22187334, 0.14044502, 0.114298389, -0.368619403, 0.824157188, -0.429719171, -0.0146484375, -0.467407227, -0.883789062, -0.929364564, -0.319410473, 0.184486305, 0, 2, 5, 1, 
294.158706, 46, 0.1, 0.1, 0.00102977517, 0.361709619, -0.0349625706, 0.999751144, 0.0223080836, -9.88695415e-006, 0.0223080836, -0.999751144, 8.89874844e-007, -9.86464232e-006, -1.11021239e-006, -1, 0.999751145, 0.0223080201, -1.62097517e-005, 0.0223080202, -0.999751145, 2.58209165e-006, -1.61481164e-005, -2.94305655e-006, -1, 0, 0, 0, 0, 0, 0, 0, 0.137750903, 0.134521924, 0.160729883, -0.325385368, 0.614963594, 0.718135097, -0.508911133, -0.75402832, 0.415283203, 0.796918935, -0.230385586, 0.558351513, 0, -0, 0, 0, 0, 0, 0, 0.22187334, 0.14044502, 0.114298389, -0.368619403, 0.824157188, -0.429719171, -0.0146484375, -0.467407227, -0.883789062, -0.929364564, -0.319410473, 0.184486305, 0, 2, 5, 1, 
294.159495, 46, 0.1, 0.1, 0.0010297769, 0.36170962, -0.0349600715, 0.999751136, 0.0223084454, -2.7821673e-006, 0.0223084454, -0.999751136, 1.59970052e-005, -2.4246066e-006, -1.60550899e-005, -1, 0.999751137, 0.0223083798, -1.05091904e-006, 0.0223083798, -0.999751137, 1.12091553e-005, -8.00599417e-007, -1.122981e-005, -1, 0, 0, 0, 0, 0, 0, 0, 0.138020898, 0.134753491, 0.159446802, -0.324484108, 0.619337343, 0.714816497, -0.509155273, -0.751220703, 0.419921875, 0.797146965, -0.227741338, 0.559247904, 0, -0, 0, 0, 0, 0, 0, 0.222015674, 0.139893457, 0.113390527, -0.366197934, 0.824375205, -0.431258379, -0.0197753906, -0.470214844, -0.882202148, -0.930214741, -0.314477851, 0.188620523, 0, 2, 5, 1, 
294.1602, 46, 0.1, 0.1, 0.00102977568, 0.361709617, -0.0349603329, 0.99975113, 0.0223086925, -3.78961483e-006, 0.0223086924, -0.99975113, -2.45254986e-005, -4.33580351e-006, 2.44348536e-005, -1, 0.999751131, 0.0223086426, -9.07366835e-006, 0.0223086423, -0.999751131, -2.37201015e-005, -9.60057346e-006, 2.35117771e-005, -1, 0, 0, 0, 0, 0, 0, 0, 0.138020898, 0.134753491, 0.159446802, -0.324484108, 0.619337343, 0.714816497, -0.509155273, -0.751220703, 0.419921875, 0.797146965, -0.227741338, 0.559247904, 0, -0, 0, 0, 0, 0, 0, 0.222015674, 0.139893457, 0.113390527, -0.366197934, 0.824375205, -0.431258379, -0.0197753906, -0.470214844, -0.882202148, -0.930214741, -0.314477851, 0.188620523, 0, 2, 5, 1, 
294.160902, 46, 0.1, 0.1, 0.00102977657, 0.361709621, -0.0349632977, 0.99975112, 0.0223091301, -1.55073636e-005, 0.0223091305, -0.99975112, 3.02105246e-005, -1.48295336e-005, -3.05489616e-005, -0.999999999, 0.999751123, 0.0223090043, 1.51206868e-007, 0.0223090043, -0.999751123, 2.61805802e-005, 7.35231912e-007, -2.61706912e-005, -1, 0, 0, 0, 0, 0, 0, 0, 0.138020898, 0.134753491, 0.159446802, -0.324484108, 0.619337343, 0.714816497, -0.509155273, -0.751220703, 0.419921875, 0.797146965, -0.227741338, 0.559247904, 0, -0, 0, 0, 0, 0, 0, 0.222015674, 0.139893457, 0.113390527, -0.366197934, 0.824375205, -0.431258379, -0.0197753906, -0.470214844, -0.882202148, -0.930214741, -0.314477851, 0.188620523, 0, 2, 5, 1, 
294.1616, 46, 0.1, 0.1, 0.00102977174, 0.361709622, -0.0349677987, 0.999751104, 0.0223098555, 8.20640173e-006, 0.0223098557, -0.999751104, -2.9537952e-005, 7.54537175e-006, 2.97136837e-005, -1, 0.999751108, 0.0223096862, -8.11776986e-006, 0.0223096861, -0.999751108, -1.68742183e-005, -8.49220792e-006, 1.66889135e-005, -1, 0, 0, 0, 0, 0, 0, 0, 0.138020898, 0.134753491, 0.159446802, -0.324484108, 0.619337343, 0.714816497, -0.509155273, -0.751220703, 0.419921875, 0.797146965, -0.227741338, 0.559247904, 0, -0, 0, 0, 0, 0, 0, 0.222015674, 0.139893457, 0.113390527, -0.366197934, 0.824375205, -0.431258379, -0.0197753906, -0.470214844, -0.882202148, -0.930214741, -0.314477851, 0.188620523, 0, 2, 5, 1, 
294.162303, 46, 0.1, 0.1, 0.001029778, 0.361709614, -0.0349725563, 0.999751085, 0.0223107228, 6.86337283e-006, 0.0223107229, -0.999751085, -4.3852467e-006, 6.7638264e-006, 4.53728196e-006, -1, 0.999751089, 0.0223105499, 1.72742623e-005, 0.0223105502, -0.999751088, -1.99317582e-005, 1.6825274e-005, 2.03121952e-005, -1, 0, 0, 0, 0, 0, 0, 0, 0.138020898, 0.134753491, 0.159446802, -0.324484108, 0.619337343, 0.714816497, -0.509155273, -0.751220703, 0.419921875, 0.797146965, -0.227741338, 0.559247904, 0, -0, 0, 0, 0, 0, 0, 0.222015674, 0.139893457, 0.113390527, -0.366197934, 0.824375205, -0.431258379, -0.0197753906, -0.470214844, -0.882202148, -0.930214741, -0.314477851, 0.188620523, 0, 2, 5, 1, 
294.163009, 46, 0.1, 0.1, 0.00102977126, 0.361709626, -0.0349760958, 0.999751067, 0.0223115269, -2.03481385e-005, 0.0223115277, -0.999751066, 3.90232118e-005, -1.94724057e-005, -3.94674956e-005, -0.999999999, 0.99975107, 0.0223113713, -2.41211412e-005, 0.0223113723, -0.99975107, 4.11352286e-005, -2.31973534e-005, -4.16631646e-005, -0.999999999, 0, 0, 0, 0, 0, 0, 0, 0.138020898, 0.134753491, 0.159446802, -0.324484108, 0.619337343, 0.714816497, -0.509155273, -0.751220703, 0.419921875, 0.797146965, -0.227741338, 0.559247904, 0, -0, 0, 0, 0, 0, 0, 0.222015674, 0.139893457, 0.113390527, -0.366197934, 0.824375205, -0.431258379, -0.0197753906, -0.470214844, -0.882202148, -0.930214741, -0.314477851, 0.188620523, 0, 2, 5, 1, 
294.163699, 46, 0.1, 0.1, 0.00102977467, 0.361709628, -0.0349774392, 0.999751053, 0.0223121367, 2.79035744e-005, 0.0223121374, -0.999751053, -2.5632463e-005, 2.73247129e-005, 2.62486703e-005, -0.999999999, 0.999751055, 0.0223120449, 2.28586212e-005, 0.0223120452, -0.999751055, -1.19416809e-005, 2.25864873e-005, 1.24487306e-005, -1, 0, 0, 0, 0, 0, 0, 0, 0.138020898, 0.134753491, 0.159446802, -0.324484108, 0.619337343, 0.714816497, -0.509155273, -0.751220703, 0.419921875, 0.797146965, -0.227741338, 0.559247904, 0, -0, 0, 0, 0, 0, 0, 0.222015674, 0.139893457, 0.113390527, -0.366197934, 0.824375205, -0.431258379, -0.0197753906, -0.470214844, -0.882202148, -0.930214741, -0.314477851, 0.188620523, 0, 2, 5, 1, 
294.164431, 46, 0.1, 0.1, 0.00102977948, 0.361709615, -0.0349760411, 0.999751046, 0.0223124707, -1.01656216e-005, 0.0223124705, -0.999751046, -2.40456648e-005, -1.0699609e-005, 2.38128584e-005, -1, 0.999751047, 0.0223124223, 4.75240386e-006, 0.0223124224, -0.999751046, -3.4301904e-005, 3.98586217e-006, 3.43994021e-005, -0.999999999, 0, 0, 0, 0, 0, 0, 0, 0.138248413, 0.134309473, 0.158370483, -0.324288279, 0.623729067, 0.711060933, -0.512329102, -0.747680664, 0.422363281, 0.79526207, -0.227324591, 0.562067381, 0, -0, 0, 0, 0, 0, 0, 0.222096729, 0.139428174, 0.112535742, -0.364785958, 0.823231918, -0.434644498, -0.0212402344, -0.473999023, -0.880126953, -0.930802793, -0.311774933, 0.190473996, 0, 2, 5, 1, 
294.165135, 46, 0.1, 0.1, 0.00102977234, 0.361709622, -0.0349727818, 0.999751047, 0.0223124077, -9.52145246e-006, 0.022312408, -0.999751047, 3.41242007e-005, -8.75768898e-006, -3.43281519e-005, -0.999999999, 0.999751046, 0.0223124478, -1.96557169e-005, 0.0223124484, -0.999751046, 3.1608667e-005, -1.89455568e-005, -3.20393651e-005, -0.999999999, 0, 0, 0, 0, 0, 0, 0, 0.138248413, 0.134309473, 0.158370483, -0.324288279, 0.623729067, 0.711060933, -0.512329102, -0.747680664, 0.422363281, 0.79526207, -0.227324591, 0.562067381, 0, -0, 0, 0, 0, 0, 0, 0.222096729, 0.139428174, 0.112535742, -0.364785958, 0.823231918, -0.434644498, -0.0212402344, -0.473999023, -0.880126953, -0.930802793, -0.311774933, 0.190473996, 0, 2, 5, 1, 
294.165824, 46, 0.1, 0.1, 0.00102977642, 0.361709625, -0.0349689365, 0.999751056, 0.0223120071, 7.68324626e-006, 0.0223120073, -0.999751056, -2.28181947e-005, 7.17221384e-006, 2.29839429e-005, -1, 0.999751054, 0.0223121195, 1.55723802e-005, 0.0223121197, -0.999751054, -1.01037873e-005, 1.53430666e-005, 1.04487249e-005, -1, 0, 0, 0, 0, 0, 0, 0, 0.138248413, 0.134309473, 0.158370483, -0.324288279, 0.623729067, 0.711060933, -0.512329102, -0.747680664, 0.422363281, 0.79526207, -0.227324591, 0.562067381, 0, -0, 0, 0, 0, 0, 0, 0.222096729, 0.139428174, 0.112535742, -0.364785958, 0.823231918, -0.434644498, -0.0212402344, -0.473999023, -0.880126953, -0.930802793, -0.311774933, 0.190473996, 0, 2, 5, 1, 
294.166522, 46, 0.1, 0.1, 0.00102977336, 0.36170962, -0.034965499, 0.999751072, 0.0223113118, 5.83171893e-007, 0.0223113118, -0.999751072, 9.66389527e-006, 7.98640905e-007, -9.64847832e-006, -1, 0.999751068, 0.0223114566, -1.00195485e-005, 0.0223114565, -0.999751068, -9.0197895e-006, -1.0218299e-005, 8.79399347e-006, -1, 0, 0, 0, 0, 0, 0, 0, 0.138248413, 0.134309473, 0.158370483, -0.324288279, 0.623729067, 0.711060933, -0.512329102, -0.747680664, 0.422363281, 0.79526207, -0.227324591, 0.562067381, 0, -0, 0, 0, 0, 0, 0, 0.222096729, 0.139428174, 0.112535742, -0.364785958, 0.823231918, -0.434644498, -0.0212402344, -0.473999023, -0.880126953, -0.930802793, -0.311774933, 0.190473996, 0, 2, 5, 1, 
294.167229, 46, 0.1, 0.1, 0.00102977319, 0.361709626, -0.0349634638, 0.999751085, 0.0223107235, 5.17854888e-008, 0.0223107235, -0.999751085, -1.52585413e-006, 1.7729689e-008, 1.5266297e-006, -1, 0.999751083, 0.0223108146, -5.66508016e-006, 0.0223108147, -0.999751083, 1.37086893e-005, -5.357818e-006, -1.38316695e-005, -1, 0, 0, 0, 0, 0, 0, 0, 0.138248413, 0.134309473, 0.158370483, -0.324288279, 0.623729067, 0.711060933, -0.512329102, -0.747680664, 0.422363281, 0.79526207, -0.227324591, 0.562067381, 0, -0, 0, 0, 0, 0, 0, 0.222096729, 0.139428174, 0.112535742, -0.364785958, 0.823231918, -0.434644498, -0.0212402344, -0.473999023, -0.880126953, -0.930802793, -0.311774933, 0.190473996, 0, 2, 5, 1, 
294.167946, 46, 0.1, 0.1, 0.00102977273, 0.361709626, -0.0349633282, 0.999751095, 0.0223102784, -6.55036079e-006, 0.0223102784, -0.999751095, 1.06960704e-005, -6.31009806e-006, -1.08395485e-005, -1, 0.999751093, 0.022310372, -5.15091602e-006, 0.022310372, -0.999751093, 5.2602534e-006, -5.03227571e-006, -5.37386294e-006, -1, 0, 0, 0, 0, 0, 0, 0, 0.138248413, 0.134309473, 0.158370483, -0.324288279, 0.623729067, 0.711060933, -0.512329102, -0.747680664, 0.422363281, 0.79526207, -0.227324591, 0.562067381, 0, -0, 0, 0, 0, 0, 0, 0.222096729, 0.139428174, 0.112535742, -0.364785958, 0.823231918, -0.434644498, -0.0212402344, -0.473999023, -0.880126953, -0.930802793, -0.311774933, 0.190473996, 0, 2, 5, 1, 
294.168652, 46, 0.1, 0.1, 0.00102977554, 0.361709623, -0.0349648352, 0.999751106, 0.0223097912, 3.81839085e-006, 0.0223097913, -0.999751105, -2.23026356e-005, 3.31987333e-006, 2.23822721e-005, -1, 0.999751103, 0.0223099136, 1.2856061e-005, 0.0223099138, -0.999751103, -2.14127117e-005, 1.23751454e-005, 2.16941998e-005, -1, 0, 0, 0, 0, 0, 0, 0, 0.138248413, 0.134309473, 0.158370483, -0.324092449, 0.628158983, 0.707184801, -0.515258789, -0.744140625, 0.425048828, 0.793377175, -0.226666709, 0.564905955, 0, -0, 0, 0, 0, 0, 0, 0.222096729, 0.139428174, 0.112535742, -0.364785958, 0.823231918, -0.434644498, -0.0212402344, -0.473999023, -0.880126953, -0.930802793, -0.311774933, 0.190473996, 0, 2, 5, 1, 
294.169369, 46, 0.1, 0.1, 0.00102977065, 0.361709627, -0.0349673538, 0.999751123, 0.0223090348, -3.86384529e-006, 0.0223090349, -0.999751122, 2.9161068e-005, -3.21232838e-006, -2.92400092e-005, -1, 0.999751119, 0.0223092047, -1.46037811e-005, 0.022309205, -0.999751118, 2.5062376e-005, -1.40410248e-005, -2.53819372e-005, -1, 0, 0, 0, 0, 0, 0, 0, 0.138475928, 0.134314624, 0.157511304, -0.324092449, 0.628158983, 0.707184801, -0.515258789, -0.744140625, 0.425048828, 0.793377175, -0.226666709, 0.564905955, 0, -0, 0, 0, 0, 0, 0, 0.222424219, 0.138763086, 0.111682666, -0.362997017, 0.822280394, -0.438043376, -0.0230712891, -0.477783203, -0.878051758, -0.931473967, -0.308560888, 0.192448871, 0, 2, 5, 1, 
294.170069, 46, 0.1, 0.1, 0.00102977759, 0.361709628, -0.0349702779, 0.999751145, 0.0223080007, 1.56837474e-005, 0.0223080011, -0.999751145, -2.51791891e-005, 1.5118147e-005, 2.55227962e-005, -1, 0.99975114, 0.0223082306, 2.35923413e-005, 0.022308231, -0.99975114, -1.2987985e-005, 2.32967312e-005, 1.35110562e-005, -1, 0, 0, 0, 0, 0, 0, 0, 0.138475928, 0.134314624, 0.157511304, -0.324092449, 0.628158983, 0.707184801, -0.515258789, -0.744140625, 0.425048828, 0.793377175, -0.226666709, 0.564905955, 0, -0, 0, 0, 0, 0, 0, 0.222424219, 0.138763086, 0.111682666, -0.362997017, 0.822280394, -0.438043376, -0.0230712891, -0.477783203, -0.878051758, -0.931473967, -0.308560888, 0.192448871, 0, 2, 5, 1, 
294.170762, 46, 0.1, 0.1, 0.00102977074, 0.361709622, -0.0349728078, 0.999751174, 0.022306699, -3.13666021e-005, 0.022306699, -0.999751175, -1.93002306e-006, -3.14018497e-005, 1.22985747e-006, -1, 0.999751168, 0.022306976, -3.12999128e-005, 0.0223069755, -0.999751168, -1.62458421e-005, -3.165452e-005, 1.55435932e-005, -0.999999999, 0, 0, 0, 0, 0, 0, 0, 0.138475928, 0.134314624, 0.157511304, -0.324092449, 0.628158983, 0.707184801, -0.515258789, -0.744140625, 0.425048828, 0.793377175, -0.226666709, 0.564905955, 0, -0, 0, 0, 0, 0, 0, 0.222424219, 0.138763086, 0.111682666, -0.362997017, 0.822280394, -0.438043376, -0.0230712891, -0.477783203, -0.878051758, -0.931473967, -0.308560888, 0.192448871, 0, 2, 5, 1, 
294.17147, 46, 0.1, 0.1, 0.00102977099, 0.361709634, -0.034974185, 0.999751209, 0.0223051183, 2.99468949e-005, 0.0223051172, -0.999751209, 3.64875693e-005, 3.07533039e-005, -3.58105225e-005, -0.999999999, 0.999751202, 0.0223054493, 1.69705917e-005, 0.0223054486, -0.999751202, 4.02022924e-005, 1.78630997e-005, -3.98137535e-005, -0.999999999, 0, 0, 0, 0, 0, 0, 0, 0.138475928, 0.134314624, 0.157511304, -0.324092449, 0.628158983, 0.707184801, -0.515258789, -0.744140625, 0.425048828, 0.793377175, -0.226666709, 0.564905955, 0, -0, 0, 0, 0, 0, 0, 0.222424219, 0.138763086, 0.111682666, -0.362997017, 0.822280394, -0.438043376, -0.0230712891, -0.477783203, -0.878051758, -0.931473967, -0.308560888, 0.192448871, 0, 2, 5, 1, 
294.172171, 46, 0.1, 0.1, 0.00102978218, 0.361709634, -0.034974113, 0.99975125, 0.0223033266, 1.62601556e-005, 0.0223033269, -0.99975125, -2.22731223e-005, 1.57593461e-005, 2.26302375e-005, -1, 0.999751241, 0.0223036981, 2.92000831e-005, 0.0223036986, -0.999751241, -1.52316675e-005, 2.88530968e-005, 1.58791483e-005, -0.999999999, 0, 0, 0, 0, 0, 0, 0, 0.138475928, 0.134314624, 0.157511304, -0.324092449, 0.628158983, 0.707184801, -0.515258789, -0.744140625, 0.425048828, 0.793377175, -0.226666709, 0.564905955, 0, -0, 0, 0, 0, 0, 0, 0.222424219, 0.138763086, 0.111682666, -0.362997017, 0.822280394, -0.438043376, -0.0230712891, -0.477783203, -0.878051758, -0.931473967, -0.308560888, 0.192448871, 0, 2, 5, 1, 
294.172868, 46, 0.1, 0.1, 0.00102977717, 0.361709631, -0.0349727734, 0.999751293, 0.0223013845, -1.7588056e-005, 0.0223013847, -0.999751293, 8.10178332e-006, -1.74030007e-005, -8.49200636e-006, -1, 0.999751284, 0.022301773, -2.13126741e-005, 0.022301773, -0.999751285, 4.92883515e-007, -2.12963811e-005, -9.68071346e-007, -1, 0, 0, 0, 0, 0, 0, 0, 0.138475928, 0.134314624, 0.157511304, -0.324092449, 0.628158983, 0.707184801, -0.515258789, -0.744140625, 0.425048828, 0.793377175, -0.226666709, 0.564905955, 0, -0, 0, 0, 0, 0, 0, 0.222424219, 0.138763086, 0.111682666, -0.362997017, 0.822280394, -0.438043376, -0.0230712891, -0.477783203, -0.878051758, -0.931473967, -0.308560888, 0.192448871, 0, 2, 5, 1, 
294.173573, 46, 0.1, 0.1, 0.00102977984, 0.361709631, -0.0349704891, 0.999751339, 0.0222993191, 1.27369704e-005, 0.0222993193, -0.999751339, -1.92860723e-005, 1.23037369e-005, 1.95653024e-005, -1, 0.99975133, 0.0222997237, 1.59768814e-005, 0.0222997239, -0.99975133, -1.24988261e-005, 1.5694188e-005, 1.2851998e-005, -1, 0, 0, 0, 0, 0, 0, 0, 0.138758252, 0.134103979, 0.156224072, -0.322880783, 0.632728562, 0.703739643, -0.517578125, -0.740478516, 0.428466797, 0.792443714, -0.225907356, 0.566563942, 0, -0, 0, 0, 0, 0, 0, 0.222424219, 0.138763086, 0.111682666, -0.362997017, 0.822280394, -0.438043376, -0.0230712891, -0.477783203, -0.878051758, -0.931473967, -0.308560888, 0.192448871, 0, 2, 5, 1, 
294.174332, 46, 0.1, 0.1, 0.00102977492, 0.361709631, -0.0349672752, 0.99975139, 0.0222970483, -1.61538976e-005, 0.0222970487, -0.99975139, 2.3807376e-005, -1.56190474e-005, -2.41616415e-005, -1, 0.99975138, 0.0222974701, -2.1297739e-005, 0.0222974704, -0.99975138, 1.45014399e-005, -2.09690986e-005, -1.49727202e-005, -1, 0, 0, 0, 0, 0, 0, 0, 0.138758252, 0.134103979, 0.156224072, -0.322880783, 0.632728562, 0.703739643, -0.517578125, -0.740478516, 0.428466797, 0.792443714, -0.225907356, 0.566563942, 0, -0, 0, 0, 0, 0, 0, 0.222687256, 0.13832124, 0.110283643, -0.362377249, 0.821328871, -0.440349273, -0.0272216797, -0.481567383, -0.875854492, -0.931531569, -0.305346844, 0.196870735, 0, 2, 5, 1, 
294.175032, 46, 0.1, 0.1, 0.00102977977, 0.361709635, -0.0349649821, 0.999751439, 0.0222948459, 1.98577759e-005, 0.0222948462, -0.999751439, -1.31764717e-005, 1.95590727e-005, 1.36159226e-005, -1, 0.999751429, 0.022295293, 2.37367998e-005, 0.022295293, -0.999751429, -3.86309962e-006, 2.36447705e-005, 4.39135827e-006, -1, 0, 0, 0, 0, 0, 0, 0, 0.138758252, 0.134103979, 0.156224072, -0.322880783, 0.632728562, 0.703739643, -0.517578125, -0.740478516, 0.428466797, 0.792443714, -0.225907356, 0.566563942, 0, -0, 0, 0, 0, 0, 0, 0.222687256, 0.13832124, 0.110283643, -0.362377249, 0.821328871, -0.440349273, -0.0272216797, -0.481567383, -0.875854492, -0.931531569, -0.305346844, 0.196870735, 0, 2, 5, 1, 
294.175724, 46, 0.1, 0.1, 0.00102977655, 0.361709636, -0.0349642335, 0.99975149, 0.0222925775, -1.4546403e-005, 0.0222925779, -0.999751489, 2.30214246e-005, -1.40295812e-005, -2.33399803e-005, -1, 0.999751479, 0.0222930401, -1.88047229e-005, 0.0222930404, -0.999751479, 1.37738561e-005, -1.84929884e-005, -1.41896474e-005, -1, 0, 0, 0, 0, 0, 0, 0, 0.138758252, 0.134103979, 0.156224072, -0.322880783, 0.632728562, 0.703739643, -0.517578125, -0.740478516, 0.428466797, 0.792443714, -0.225907356, 0.566563942, 0, -0, 0, 0, 0, 0, 0, 0.222687256, 0.13832124, 0.110283643, -0.362377249, 0.821328871, -0.440349273, -0.0272216797, -0.481567383, -0.875854492, -0.931531569, -0.305346844, 0.196870735, 0, 2, 5, 1, 
294.176451, 46, 0.1, 0.1, 0.0010297825, 0.361709639, -0.0349647498, 0.999751545, 0.0222901023, 2.23770802e-005, 0.0222901027, -0.999751545, -1.76668008e-005, 2.19777257e-005, 1.81611988e-005, -1, 0.999751534, 0.0222905763, 2.68684433e-005, 0.0222905765, -0.999751534, -7.54731379e-006, 2.66935334e-005, 8.14435163e-006, -1, 0, 0, 0, 0, 0, 0, 0, 0.138944263, 0.134335425, 0.154898145, -0.323579101, 0.637033041, 0.6995078, -0.517700195, -0.737915039, 0.432739258, 0.791936357, -0.222139809, 0.568717303, 0, -0, 0, 0, 0, 0, 0, 0.222925391, 0.137967383, 0.108912549, -0.362121686, 0.819003284, -0.444681085, -0.0270996094, -0.486083984, -0.873291016, -0.931627451, -0.304241104, 0.198379326, 0, 2, 5, 1, 
294.177167, 46, 0.1, 0.1, 0.00102977907, 0.361709637, -0.0349666177, 0.999751601, 0.0222875714, -1.68421798e-005, 0.0222875717, -0.999751601, 1.54158458e-005, -1.64944145e-005, -1.57873878e-005, -1, 0.99975159, 0.0222880669, -1.97247425e-005, 0.0222880671, -0.99975159, 7.07574155e-006, -1.95621381e-005, -7.51361025e-006, -1, 0, 0, 0, 0, 0, 0, 0, 0.138944263, 0.134335425, 0.154898145, -0.323579101, 0.637033041, 0.6995078, -0.517700195, -0.737915039, 0.432739258, 0.791936357, -0.222139809, 0.568717303, 0, -0, 0, 0, 0, 0, 0, 0.222925391, 0.137967383, 0.108912549, -0.362121686, 0.819003284, -0.444681085, -0.0270996094, -0.486083984, -0.873291016, -0.931627451, -0.304241104, 0.198379326, 0, 2, 5, 1, 
294.177865, 46, 0.1, 0.1, 0.00102978198, 0.361709638, -0.0349690579, 0.999751656, 0.0222850984, 1.3293098e-005, 0.0222850986, -0.999751656, -1.85262087e-005, 1.28769384e-005, 1.88178458e-005, -1, 0.999751645, 0.022285595, 1.69869858e-005, 0.0222855952, -0.999751645, -9.78820815e-006, 1.67646309e-005, 1.01643423e-005, -1, 0, 0, 0, 0, 0, 0, 0, 0.138944263, 0.134335425, 0.154898145, -0.323579101, 0.637033041, 0.6995078, -0.517700195, -0.737915039, 0.432739258, 0.791936357, -0.222139809, 0.568717303, 0, -0, 0, 0, 0, 0, 0, 0.222925391, 0.137967383, 0.108912549, -0.362121686, 0.819003284, -0.444681085, -0.0270996094, -0.486083984, -0.873291016, -0.931627451, -0.304241104, 0.198379326, 0, 2, 5, 1, 
294.17856, 46, 0.1, 0.1, 0.0010297777, 0.361709636, -0.0349714849, 0.999751712, 0.0222825807, -1.74792756e-005, 0.0222825809, -0.999751712, 1.06056394e-005, -1.72386147e-005, -1.09924896e-005, -1, 0.999751701, 0.0222830743, -2.05571154e-005, 0.0222830744, -0.999751701, 2.84630281e-006, -2.04885867e-005, -3.30367181e-006, -1, 0, 0, 0, 0, 0, 0, 0, 0.138944263, 0.134335425, 0.154898145, -0.323579101, 0.637033041, 0.6995078, -0.517700195, -0.737915039, 0.432739258, 0.791936357, -0.222139809, 0.568717303, 0, -0, 0, 0, 0, 0, 0, 0.222925391, 0.137967383, 0.108912549, -0.362121686, 0.819003284, -0.444681085, -0.0270996094, -0.486083984, -0.873291016, -0.931627451, -0.304241104, 0.198379326, 0, 2, 5, 1, 
294.17926, 46, 0.1, 0.1, 0.00102977989, 0.361709636, -0.0349732214, 0.999751768, 0.0222800806, 1.16410337e-005, 0.0222800808, -0.999751768, -1.56135755e-005, 1.12902723e-005, 1.58690629e-005, -1, 0.999751757, 0.0222805667, 1.42942544e-005, 0.0222805668, -0.999751757, -8.93819279e-006, 1.4091558e-005, 9.25445804e-006, -1, 0, 0, 0, 0, 0, 0, 0, 0.138944263, 0.134335425, 0.154898145, -0.323579101, 0.637033041, 0.6995078, -0.517700195, -0.737915039, 0.432739258, 0.791936357, -0.222139809, 0.568717303, 0, -0, 0, 0, 0, 0, 0, 0.222925391, 0.137967383, 0.108912549, -0.362121686, 0.819003284, -0.444681085, -0.0270996094, -0.486083984, -0.873291016, -0.931627451, -0.304241104, 0.198379326, 0, 2, 5, 1, 
294.179959, 46, 0.1, 0.1, 0.00102977687, 0.361709636, -0.034973778, 0.999751823, 0.0222776268, -1.16562173e-005, 0.022277627, -0.999751823, 1.45543456e-005, -1.13290882e-005, -1.48104064e-005, -1, 0.999751811, 0.0222781373, -1.53083715e-005, 0.0222781374, -0.999751811, 6.68829592e-006, -1.51555694e-005, -7.02767796e-006, -1, 0, 0, 0, 0, 0, 0, 0, 0.138944263, 0.134335425, 0.154898145, -0.323579101, 0.637033041, 0.6995078, -0.517700195, -0.737915039, 0.432739258, 0.791936357, -0.222139809, 0.568717303, 0, -0, 0, 0, 0, 0, 0, 0.222925391, 0.137967383, 0.108912549, -0.362121686, 0.819003284, -0.444681085, -0.0270996094, -0.486083984, -0.873291016, -0.931627451, -0.304241104, 0.198379326, 0, 2, 5, 1, 
294.180662, 46, 0.1, 0.1, 0.00102978048, 0.361709637, -0.0349730389, 0.999751877, 0.022275183, 1.42182152e-005, 0.0222751832, -0.999751877, -1.26070252e-005, 1.39338635e-005, 1.29206105e-005, -1, 0.999751866, 0.0222757034, 1.77042904e-005, 0.0222757034, -0.999751866, -5.16942639e-006, 1.75847448e-005, 5.5625192e-006, -1, 0, 0, 0, 0, 0, 0, 0, 0.138944263, 0.134335425, 0.154898145, -0.322507098, 0.641939235, 0.6954789, -0.519897461, -0.734130859, 0.436645508, 0.790901425, -0.220815811, 0.570591338, 0, -0, 0, 0, 0, 0, 0, 0.222925391, 0.137967383, 0.108912549, -0.362121686, 0.819003284, -0.444681085, -0.0270996094, -0.486083984, -0.873291016, -0.931627451, -0.304241104, 0.198379326, 0, 2, 5, 1, 
294.181376, 46, 0.1, 0.1, 0.00102977682, 0.361709638, -0.0349710232, 0.999751932, 0.0222727137, -1.44561789e-005, 0.022272714, -0.999751932, 1.80037194e-005, -1.40516011e-005, -1.83212316e-005, -1, 0.999751922, 0.0222731871, -1.81761309e-005, 0.0222731873, -0.999751922, 1.05650437e-005, -1.79363046e-005, -1.09672631e-005, -1, 0, 0, 0, 0, 0, 0, 0, 0.139219141, 0.133697217, 0.153581738, -0.322507098, 0.641939235, 0.6954789, -0.519897461, -0.734130859, 0.436645508, 0.790901425, -0.220815811, 0.570591338, 0, -0, 0, 0, 0, 0, 0, 0.223214795, 0.137242236, 0.10777959, -0.360965272, 0.817399911, -0.448757333, -0.0278320312, -0.490478516, -0.87097168, -0.932119621, -0.301832028, 0.199792036, 0, 2, 5, 1, 
294.182075, 46, 0.1, 0.1, 0.0010297803, 0.361709639, -0.0349687403, 0.999751986, 0.022270292, 1.40145418e-005, 0.0222702922, -0.999751986, -1.72185305e-005, 1.36276043e-005, 1.7526368e-005, -1, 0.999751975, 0.0222707741, 1.80508238e-005, 0.0222707742, -0.999751976, -8.68527219e-006, 1.7852919e-005, 9.08512385e-006, -1, 0, 0, 0, 0, 0, 0, 0, 0.139219141, 0.133697217, 0.153581738, -0.322507098, 0.641939235, 0.6954789, -0.519897461, -0.734130859, 0.436645508, 0.790901425, -0.220815811, 0.570591338, 0, -0, 0, 0, 0, 0, 0, 0.223214795, 0.137242236, 0.10777959, -0.360965272, 0.817399911, -0.448757333, -0.0278320312, -0.490478516, -0.87097168, -0.932119621, -0.301832028, 0.199792036, 0, 2, 5, 1, 
294.182763, 46, 0.1, 0.1, 0.00102977612, 0.361709639, -0.0349669398, 0.99975204, 0.0222678827, -1.65360865e-005, 0.0222678829, -0.99975204, 1.72134832e-005, -1.61486784e-005, -1.75774385e-005, -1, 0.999752029, 0.0222683642, -2.06784752e-005, 0.0222683644, -0.999752029, 8.58684665e-006, -2.04821325e-005, -9.04519318e-006, -1, 0, 0, 0, 0, 0, 0, 0, 0.139219141, 0.133697217, 0.153581738, -0.322507098, 0.641939235, 0.6954789, -0.519897461, -0.734130859, 0.436645508, 0.790901425, -0.220815811, 0.570591338, 0, -0, 0, 0, 0, 0, 0, 0.223214795, 0.137242236, 0.10777959, -0.360965272, 0.817399911, -0.448757333, -0.0278320312, -0.490478516, -0.87097168, -0.932119621, -0.301832028, 0.199792036, 0, 2, 5, 1, 
294.183482, 46, 0.1, 0.1, 0.00102978056, 0.36170964, -0.0349657387, 0.999752097, 0.0222653211, 1.7926061e-005, 0.0222653215, -0.999752097, -1.96199713e-005, 1.74847721e-005, 2.0014237e-005, -1, 0.999752086, 0.0222658182, 2.22284649e-005, 0.0222658184, -0.999752086, -1.02844142e-005, 2.19939632e-005, 1.07767995e-005, -1, 0, 0, 0, 0, 0, 0, 0, 0.139219141, 0.133697217, 0.153581738, -0.322507098, 0.641939235, 0.6954789, -0.519897461, -0.734130859, 0.436645508, 0.790901425, -0.220815811, 0.570591338, 0, -0, 0, 0, 0, 0, 0, 0.223214795, 0.137242236, 0.10777959, -0.360965272, 0.817399911, -0.448757333, -0.0278320312, -0.490478516, -0.87097168, -0.932119621, -0.301832028, 0.199792036, 0, 2, 5, 1, 
294.184188, 46, 0.1, 0.1, 0.00102977657, 0.361709639, -0.0349657677, 0.999752154, 0.0222627509, -1.67976136e-005, 0.0222627512, -0.999752154, 1.75610695e-005, -1.64024927e-005, -1.79306781e-005, -1, 0.999752142, 0.0222632687, -2.08403771e-005, 0.0222632689, -0.999752143, 8.0827386e-006, -2.06552635e-005, -8.54471015e-006, -1, 0, 0, 0, 0, 0, 0, 0, 0.139219141, 0.133697217, 0.153581738, -0.322507098, 0.641939235, 0.6954789, -0.519897461, -0.734130859, 0.436645508, 0.790901425, -0.220815811, 0.570591338, 0, -0, 0, 0, 0, 0, 0, 0.223214795, 0.137242236, 0.10777959, -0.360965272, 0.817399911, -0.448757333, -0.0278320312, -0.490478516, -0.87097168, -0.932119621, -0.301832028, 0.199792036, 0, 2, 5, 1, 
294.184888, 46, 0.1, 0.1, 0.00102978036, 0.36170964, -0.0349668835, 0.999752212, 0.0222601667, 1.61545739e-005, 0.022260167, -0.999752212, -1.79285059e-005, 1.57514794e-005, 1.82836669e-005, -1, 0.9997522, 0.0222606978, 2.01309904e-005, 0.022260698, -0.9997522, -8.58866025e-006, 1.99348124e-005, 9.03466187e-006, -1, 0, 0, 0, 0, 0, 0, 0, 0.139219141, 0.133697217, 0.153581738, -0.322507098, 0.641939235, 0.6954789, -0.519897461, -0.734130859, 0.436645508, 0.790901425, -0.220815811, 0.570591338, 0, -0, 0, 0, 0, 0, 0, 0.223214795, 0.137242236, 0.10777959, -0.360965272, 0.817399911, -0.448757333, -0.0278320312, -0.490478516, -0.87097168, -0.932119621, -0.301832028, 0.199792036, 0, 2, 5, 1, 
294.185596, 46, 0.1, 0.1, 0.00102977644, 0.361709639, -0.0349686463, 0.999752271, 0.0222575213, -1.63498528e-005, 0.0222575216, -0.999752271, 1.65742613e-005, -1.59769004e-005, -1.69340626e-005, -1, 0.999752259, 0.0222580395, -1.98947453e-005, 0.0222580397, -0.999752259, 7.97012692e-006, -1.97124172e-005, -8.41097042e-006, -1, 0, 0, 0, 0, 0, 0, 0, 0.139520386, 0.133271387, 0.15205979, -0.320958818, 0.646623391, 0.69183679, -0.521484375, -0.73046875, 0.440795898, 0.79053261, -0.219333054, 0.571786151, 0, -0, 0, 0, 0, 0, 0, 0.223214795, 0.137242236, 0.10777959, -0.360965272, 0.817399911, -0.448757333, -0.0278320312, -0.490478516, -0.87097168, -0.932119621, -0.301832028, 0.199792036, 0, 2, 5, 1, 
294.186314, 46, 0.1, 0.1, 0.00102977993, 0.361709641, -0.0349702669, 0.99975233, 0.0222548351, 1.5140098e-005, 0.0222548354, -0.99975233, -1.48240774e-005, 1.48064408e-005, 1.51573463e-005, -1, 0.999752319, 0.022255354, 1.86182383e-005, 0.0222553541, -0.999752319, -6.68794069e-006, 1.84647844e-005, 7.1006397e-006, -1, 0, 0, 0, 0, 0, 0, 0, 0.139520386, 0.133271387, 0.15205979, -0.320958818, 0.646623391, 0.69183679, -0.521484375, -0.73046875, 0.440795898, 0.79053261, -0.219333054, 0.571786151, 0, -0, 0, 0, 0, 0, 0, 0.223684473, 0.136502197, 0.106054053, -0.360588308, 0.815540974, -0.452309329, -0.0302734375, -0.494873047, -0.868286133, -0.932202743, -0.299327071, 0.20322373, 0, 2, 5, 1, 
294.187018, 46, 0.1, 0.1, 0.00102977676, 0.361709641, -0.0349715275, 0.999752389, 0.0222522236, -1.34730657e-005, 0.0222522238, -0.999752388, 1.53518077e-005, -1.31281178e-005, -1.56478121e-005, -1, 0.999752376, 0.0222527749, -1.69141814e-005, 0.022252775, -0.999752376, 7.0877496e-006, -1.6752271e-005, -7.46238198e-006, -1, 0, 0, 0, 0, 0, 0, 0, 0.139520386, 0.133271387, 0.15205979, -0.320958818, 0.646623391, 0.69183679, -0.521484375, -0.73046875, 0.440795898, 0.79053261, -0.219333054, 0.571786151, 0, -0, 0, 0, 0, 0, 0, 0.223684473, 0.136502197, 0.106054053, -0.360588308, 0.815540974, -0.452309329, -0.0302734375, -0.494873047, -0.868286133, -0.932202743, -0.299327071, 0.20322373, 0, 2, 5, 1, 
294.187712, 46, 0.1, 0.1, 0.0010297799, 0.361709642, -0.0349720787, 0.999752445, 0.0222496736, 1.33073561e-005, 0.0222496738, -0.999752445, -1.41344278e-005, 1.29895754e-005, 1.44270131e-005, -1, 0.999752434, 0.0222501777, 1.67170488e-005, 0.0222501778, -0.999752434, -6.5924515e-006, 1.6566227e-005, 6.96277675e-006, -1, 0, 0, 0, 0, 0, 0, 0, 0.139520386, 0.133271387, 0.15205979, -0.320958818, 0.646623391, 0.69183679, -0.521484375, -0.73046875, 0.440795898, 0.79053261, -0.219333054, 0.571786151, 0, -0, 0, 0, 0, 0, 0, 0.223684473, 0.136502197, 0.106054053, -0.360588308, 0.815540974, -0.452309329, -0.0302734375, -0.494873047, -0.868286133, -0.932202743, -0.299327071, 0.20322373, 0, 2, 5, 1, 
294.188428, 46, 0.1, 0.1, 0.00102977608, 0.361709642, -0.0349717314, 0.999752503, 0.0222470638, -1.49125667e-005, 0.0222470641, -0.999752503, 1.66051328e-005, -1.45394604e-005, -1.69327839e-005, -1, 0.999752492, 0.0222475585, -1.83830459e-005, 0.0222475587, -0.999752492, 9.29807285e-006, -1.81716365e-005, -9.7047494e-006, -1, 0, 0, 0, 0, 0, 0, 0, 0.139520386, 0.133271387, 0.15205979, -0.320958818, 0.646623391, 0.69183679, -0.521484375, -0.73046875, 0.440795898, 0.79053261, -0.219333054, 0.571786151, 0, -0, 0, 0, 0, 0, 0, 0.223967285, 0.136143457, 0.104810986, -0.359566056, 0.813068466, -0.457580637, -0.0286865234, -0.499755859, -0.865600586, -0.932586271, -0.297991286, 0.203160664, 0, 2, 5, 1, 
