time, trialNum, realDorsalTactorPos, realVentralTactorPos, boxPosX, boxPosY, boxPosZ, boxLocalRot_11, boxLocalRot_12, boxLocalRot_13, boxLocalRot_21, boxLocalRot_22, boxLocalRot_23, boxLocalRot_31, boxLocalRot_32, boxLocalRot_33, boxGlobalRot_11, boxGlobalRot_12, boxGlobalRot_13, boxGlobalRot_21, boxGlobalRot_22, boxGlobalRot_23, boxGlobalRot_31, boxGlobalRot_32, boxGlobalRot_33, indexForceX, indexForceY, indexForceZ, indexForceGlobalX, indexForceGlobalY, indexForceGlobalZ, indexContact, indexPosX, indexPosY, indexPosZ, indexRot_11, indexRot_12, indexRot_13, indexRot_21, indexRot_22, indexRot_23, indexRot_31, indexRot_32, indexRot_33, thumbForceX, thumbForceY, thumbForceZ, thumbForceGlobalX, thumbForceGlobalY, thumbForceGlobalZ, thumbContact, thumbPosX, thumbPosY, thumbPosZ, thumbRot_11, thumbRot_12, thumbRot_13, thumbRot_21, thumbRot_22, thumbRot_23, thumbRot_31, thumbRot_32, thumbRot_33, manipForceTooHigh, cceExpType, mapping, trialSuccess, 
225.388093, 33, 0.1, 0.1, 0.0256522019, 0.348543951, -0.0349725424, 0.902907581, 5.0239509e-006, 0.429834736, 0.429834736, -7.46244674e-007, -0.902907581, -4.21540147e-006, 1, -2.83325858e-006, 0.902907587, -2.08513099e-006, 0.429834724, 0.429834724, 3.44812415e-006, -0.902907587, 4.00557095e-007, 1, 4.00959916e-006, 0, 0, 0, 0, 0, 0, 0, 0.158903052, 0.152469092, 0.154603174, -0.648811374, 0.614288044, 0.448945314, -0.583862305, -0.780273438, 0.223876953, 0.487997686, -0.116821194, 0.864979358, 0, 0, -0, 0, 0, 0, 0, 0.249020508, 0.158861328, 0.153880127, -0.270527645, 0.852424036, -0.447256319, 0.271118164, -0.378173828, -0.885009766, -0.923718927, -0.360626884, -0.128632435, 0, 2, 5, 1, 
225.40691, 33, 0.1, 0.1, 0.0256521983, 0.348543957, -0.0349678426, 0.902908106, 2.78109321e-006, 0.429833633, 0.429833633, -2.24140596e-006, -0.902908106, -1.54763994e-006, 1, -3.21919101e-006, 0.902908088, 4.73625575e-006, 0.429833671, 0.429833672, -1.43637406e-006, -0.902908088, -3.65900169e-006, 1, -3.33271595e-006, 0, 0, 0, 0, 0, 0, 0, 0.159356494, 0.152784106, 0.153874268, -0.648577352, 0.612114465, 0.452156451, -0.585327148, -0.780883789, 0.217529297, 0.486353925, -0.123521673, 0.864965132, 0, 0, -0, 0, 0, 0, 0, 0.249856299, 0.158803174, 0.153888574, -0.260247521, 0.858310381, -0.442017827, 0.269897461, -0.374755859, -0.88684082, -0.926934438, -0.350066044, -0.134096241, 0, 2, 5, 1, 
225.407606, 33, 0.1, 0.1, 0.0256521987, 0.348543957, -0.0349708239, 0.902908179, 5.95170926e-006, 0.42983348, 0.42983348, 6.42184513e-006, -0.902908179, -8.13417101e-006, 1, 3.24009259e-006, 0.902908171, 5.20109469e-006, 0.429833498, 0.429833498, 1.84720332e-007, -0.902908171, -4.77550988e-006, 1, -2.06881923e-006, 0, 0, 0, 0, 0, 0, 0, 0.159356494, 0.152784106, 0.153874268, -0.648577352, 0.612114465, 0.452156451, -0.585327148, -0.780883789, 0.217529297, 0.486353925, -0.123521673, 0.864965132, 0, 0, -0, 0, 0, 0, 0, 0.249856299, 0.158803174, 0.153888574, -0.260247521, 0.858310381, -0.442017827, 0.269897461, -0.374755859, -0.88684082, -0.926934438, -0.350066044, -0.134096241, 0, 2, 5, 1, 
225.408298, 33, 0.1, 0.1, 0.0256521988, 0.348543957, -0.0349732799, 0.902908213, -2.57508398e-006, 0.429833409, 0.429833409, 2.93039096e-006, -0.902908213, 1.06548454e-006, 1, 3.75273119e-006, 0.902908206, -1.05791928e-006, 0.429833422, 0.429833422, 3.6476177e-006, -0.902908206, -6.12663996e-007, 1, 3.74819302e-006, 0, 0, 0, 0, 0, 0, 0, 0.159356494, 0.152784106, 0.153874268, -0.648577352, 0.612114465, 0.452156451, -0.585327148, -0.780883789, 0.217529297, 0.486353925, -0.123521673, 0.864965132, 0, 0, -0, 0, 0, 0, 0, 0.249856299, 0.158803174, 0.153888574, -0.260247521, 0.858310381, -0.442017827, 0.269897461, -0.374755859, -0.88684082, -0.926934438, -0.350066044, -0.134096241, 0, 2, 5, 1, 
225.408992, 33, 0.1, 0.1, 0.0256521998, 0.348543957, -0.0349745457, 0.902908243, -3.21478941e-006, 0.429833346, 0.429833346, -2.3485825e-006, -0.902908243, 3.91215893e-006, 1, -7.3873081e-007, 0.902908237, -8.12118778e-006, 0.429833357, 0.429833357, 2.23691365e-007, -0.902908237, 7.23653733e-006, 1, 3.69273018e-006, 0, 0, 0, 0, 0, 0, 0, 0.159356494, 0.152784106, 0.153874268, -0.648577352, 0.612114465, 0.452156451, -0.585327148, -0.780883789, 0.217529297, 0.486353925, -0.123521673, 0.864965132, 0, 0, -0, 0, 0, 0, 0, 0.249856299, 0.158803174, 0.153888574, -0.260247521, 0.858310381, -0.442017827, 0.269897461, -0.374755859, -0.88684082, -0.926934438, -0.350066044, -0.134096241, 0, 2, 5, 1, 
225.40971, 33, 0.1, 0.1, 0.025652199, 0.348543956, -0.0349740353, 0.902908235, -2.229863e-006, 0.429833362, 0.429833362, -1.07443556e-006, -0.902908235, 2.47518991e-006, 1, -1.16472077e-008, 0.902908238, -6.38127359e-007, 0.429833357, 0.429833357, -4.41760592e-007, -0.902908238, 7.66053887e-007, 1, -1.24580852e-007, 0, 0, 0, 0, 0, 0, 0, 0.159514429, 0.152693555, 0.153414819, -0.649607414, 0.614609311, 0.447379059, -0.587768555, -0.779174805, 0.217285156, 0.482191353, -0.121815755, 0.867575675, 0, 0, -0, 0, 0, 0, 0, 0.249919043, 0.158600439, 0.153401074, -0.259065588, 0.858157263, -0.442995237, 0.268676758, -0.376464844, -0.886474609, -0.92766941, -0.348609225, -0.132971543, 0, 2, 5, 1, 
225.410401, 33, 0.1, 0.1, 0.0256521997, 0.348543955, -0.0349723018, 0.902908226, -7.75122459e-006, 0.429833381, 0.429833381, 1.05208135e-006, -0.902908226, 6.54642476e-006, 1, 4.28166798e-006, 0.902908227, 2.95025348e-007, 0.429833379, 0.429833379, -4.4845568e-007, -0.902908227, -7.36195934e-008, 1, -5.31726065e-007, 0, 0, 0, 0, 0, 0, 0, 0.159514429, 0.152693555, 0.153414819, -0.649607414, 0.614609311, 0.447379059, -0.587768555, -0.779174805, 0.217285156, 0.482191353, -0.121815755, 0.867575675, 0, 0, -0, 0, 0, 0, 0, 0.249919043, 0.158600439, 0.153401074, -0.259065588, 0.858157263, -0.442995237, 0.268676758, -0.376464844, -0.886474609, -0.92766941, -0.348609225, -0.132971543, 0, 2, 5, 1, 
225.411095, 33, 0.1, 0.1, 0.0256521995, 0.348543954, -0.0349699212, 0.902908196, 3.73378052e-006, 0.429833443, 0.429833443, 5.92236659e-006, -0.902908196, -5.91689226e-006, 1, 3.7424496e-006, 0.902908206, 5.69605691e-006, 0.429833422, 0.429833422, 7.13341337e-006, -0.902908206, -8.20919601e-006, 1, 3.99246184e-006, 0, 0, 0, 0, 0, 0, 0, 0.159514429, 0.152693555, 0.153414819, -0.649607414, 0.614609311, 0.447379059, -0.587768555, -0.779174805, 0.217285156, 0.482191353, -0.121815755, 0.867575675, 0, 0, -0, 0, 0, 0, 0, 0.249919043, 0.158600439, 0.153401074, -0.259065588, 0.858157263, -0.442995237, 0.268676758, -0.376464844, -0.886474609, -0.92766941, -0.348609225, -0.132971543, 0, 2, 5, 1, 
225.411805, 33, 0.1, 0.1, 0.0256521983, 0.348543954, -0.0349674942, 0.902908162, 1.26277059e-005, 0.429833515, 0.429833515, 3.06372272e-006, -0.902908162, -1.27185495e-005, 1, -2.66155097e-006, 0.902908163, 7.56675416e-006, 0.429833514, 0.429833514, 7.1990227e-006, -0.902908163, -9.92646532e-006, 1, 3.24761183e-006, 0, 0, 0, 0, 0, 0, 0, 0.159792725, 0.152446777, 0.152120874, -0.648453037, 0.618361127, 0.44383842, -0.590087891, -0.776611328, 0.220092773, 0.48089619, -0.119196594, 0.868630825, 0, 0, -0, 0, 0, 0, 0, 0.249919043, 0.158600439, 0.153401074, -0.259065588, 0.858157263, -0.442995237, 0.268676758, -0.376464844, -0.886474609, -0.92766941, -0.348609225, -0.132971543, 0, 2, 5, 1, 
225.412512, 33, 0.1, 0.1, 0.025652198, 0.348543954, -0.0349656201, 0.902908168, -1.04792449e-006, 0.429833502, 0.429833502, -4.13845922e-006, -0.902908168, 2.72502801e-006, 1, -3.28621558e-006, 0.902908167, 1.56563479e-006, 0.429833504, 0.429833504, -2.96031564e-006, -0.902908167, -1.41181596e-007, 1, -3.34585546e-006, 0, 0, 0, 0, 0, 0, 0, 0.159792725, 0.152446777, 0.152120874, -0.648453037, 0.618361127, 0.44383842, -0.590087891, -0.776611328, 0.220092773, 0.48089619, -0.119196594, 0.868630825, 0, 0, -0, 0, 0, 0, 0, 0.250198193, 0.158176416, 0.152262891, -0.257832616, 0.857806185, -0.444298205, 0.26550293, -0.379150391, -0.886352539, -0.92888999, -0.346436756, -0.12991718, 0, 2, 5, 1, 
225.413208, 33, 0.1, 0.1, 0.025652198, 0.348543953, -0.0349650801, 0.902908174, 4.08461609e-007, 0.429833489, 0.429833489, 3.30951971e-006, -0.902908174, -1.79134573e-006, 1, 2.81262192e-006, 0.902908172, 2.50352812e-008, 0.429833494, 0.429833494, -3.77177254e-006, -0.902908172, 1.59862961e-006, 1, -3.41632526e-006, 0, 0, 0, 0, 0, 0, 0, 0.159792725, 0.152446777, 0.152120874, -0.648453037, 0.618361127, 0.44383842, -0.590087891, -0.776611328, 0.220092773, 0.48089619, -0.119196594, 0.868630825, 0, 0, -0, 0, 0, 0, 0, 0.250198193, 0.158176416, 0.152262891, -0.257832616, 0.857806185, -0.444298205, 0.26550293, -0.379150391, -0.886352539, -0.92888999, -0.346436756, -0.12991718, 0, 2, 5, 1, 
225.413909, 33, 0.1, 0.1, 0.0256521977, 0.348543953, -0.0349658813, 0.902908179, -1.05781481e-006, 0.42983348, 0.42983348, 2.41866079e-006, -0.902908179, -8.45117364e-008, 1, 2.63851283e-006, 0.902908178, 1.41647038e-006, 0.429833482, 0.429833482, 3.65562493e-006, -0.902908178, -2.85025268e-006, 1, 2.69184725e-006, 0, 0, 0, 0, 0, 0, 0, 0.159792725, 0.152446777, 0.152120874, -0.648453037, 0.618361127, 0.44383842, -0.590087891, -0.776611328, 0.220092773, 0.48089619, -0.119196594, 0.868630825, 0, 0, -0, 0, 0, 0, 0, 0.250198193, 0.158176416, 0.152262891, -0.257832616, 0.857806185, -0.444298205, 0.26550293, -0.379150391, -0.886352539, -0.92888999, -0.346436756, -0.12991718, 0, 2, 5, 1, 
225.414614, 33, 0.1, 0.1, 0.0256521986, 0.348543954, -0.0349676787, 0.902908196, 7.35718087e-006, 0.429833445, 0.429833445, -1.00563776e-006, -0.902908196, -6.21060216e-006, 1, -4.07036097e-006, 0.902908186, 1.49440618e-006, 0.429833465, 0.429833465, 2.92768545e-006, -0.902908186, -2.60772876e-006, 1, 2.00108537e-006, 0, 0, 0, 0, 0, 0, 0, 0.159792725, 0.152446777, 0.152120874, -0.648453037, 0.618361127, 0.44383842, -0.590087891, -0.776611328, 0.220092773, 0.48089619, -0.119196594, 0.868630825, 0, 0, -0, 0, 0, 0, 0, 0.250198193, 0.158176416, 0.152262891, -0.257832616, 0.857806185, -0.444298205, 0.26550293, -0.379150391, -0.886352539, -0.92888999, -0.346436756, -0.12991718, 0, 2, 5, 1, 
225.415308, 33, 0.1, 0.1, 0.0256521985, 0.348543955, -0.0349698087, 0.90290824, 7.03999544e-006, 0.429833351, 0.429833351, -4.89085394e-007, -0.90290824, -6.14624468e-006, 1, -3.46762407e-006, 0.902908235, -5.93740894e-007, 0.429833362, 0.429833362, -4.4506989e-006, -0.902908235, 2.44915241e-006, 1, -3.76336304e-006, 0, 0, 0, 0, 0, 0, 0, 0.159792725, 0.152446777, 0.152120874, -0.648453037, 0.618361127, 0.44383842, -0.590087891, -0.776611328, 0.220092773, 0.48089619, -0.119196594, 0.868630825, 0, 0, -0, 0, 0, 0, 0, 0.250198193, 0.158176416, 0.152262891, -0.257832616, 0.857806185, -0.444298205, 0.26550293, -0.379150391, -0.886352539, -0.92888999, -0.346436756, -0.12991718, 0, 2, 5, 1, 
225.416001, 33, 0.1, 0.1, 0.0256521977, 0.348543954, -0.0349717802, 0.902908242, -1.32167047e-006, 0.429833348, 0.429833348, 2.3516703e-006, -0.902908242, 1.82520842e-007, 1, 2.69144054e-006, 0.902908241, -1.65919955e-006, 0.42983335, 0.42983335, -3.49497119e-006, -0.902908241, 3.00036012e-006, 1, -2.44245898e-006, 0, 0, 0, 0, 0, 0, 0, 0.159792725, 0.152446777, 0.152120874, -0.648453037, 0.618361127, 0.44383842, -0.590087891, -0.776611328, 0.220092773, 0.48089619, -0.119196594, 0.868630825, 0, 0, -0, 0, 0, 0, 0, 0.250198193, 0.158176416, 0.152262891, -0.257832616, 0.857806185, -0.444298205, 0.26550293, -0.379150391, -0.886352539, -0.92888999, -0.346436756, -0.12991718, 0, 2, 5, 1, 
225.416705, 33, 0.1, 0.1, 0.0256521966, 0.348543953, -0.0349730262, 0.902908278, -4.31355465e-006, 0.429833272, 0.429833272, 1.24075713e-006, -0.902908278, 3.3614255e-006, 1, 2.97439919e-006, 0.90290827, -1.81442671e-006, 0.429833289, 0.429833289, 2.46435483e-006, -0.90290827, 5.78999137e-007, 1, 3.00498736e-006, 0, 0, 0, 0, 0, 0, 0, 0.159792725, 0.152446777, 0.152120874, -0.650415438, 0.62038793, 0.438159769, -0.590454102, -0.775756836, 0.222167969, 0.477870022, -0.114203155, 0.871013338, 0, 0, -0, 0, 0, 0, 0, 0.250198193, 0.158176416, 0.152262891, -0.257832616, 0.857806185, -0.444298205, 0.26550293, -0.379150391, -0.886352539, -0.92888999, -0.346436756, -0.12991718, 0, 2, 5, 1, 
225.417411, 33, 0.1, 0.1, 0.0256521956, 0.348543953, -0.0349729611, 0.902908284, -1.74671272e-006, 0.429833259, 0.429833259, -2.39980541e-006, -0.902908284, 2.60863756e-006, 1, -1.41600896e-006, 0.902908287, 3.26476356e-006, 0.429833254, 0.429833254, 5.17542029e-006, -0.902908287, -5.17234982e-006, 1, 3.26962592e-006, 0, 0, 0, 0, 0, 0, 0, 0.15990647, 0.152565552, 0.150944946, -0.650415438, 0.62038793, 0.438159769, -0.590454102, -0.775756836, 0.222167969, 0.477870022, -0.114203155, 0.871013338, 0, 0, -0, 0, 0, 0, 0, 0.25021626, 0.158108545, 0.151239551, -0.257417372, 0.856662531, -0.446808992, 0.264526367, -0.382202148, -0.885375977, -0.929337317, -0.346065988, -0.128217191, 0, 2, 5, 1, 
225.418109, 33, 0.1, 0.1, 0.0256521955, 0.348543953, -0.0349719012, 0.902908299, 2.54584693e-006, 0.429833228, 0.429833228, -5.62286491e-007, -0.902908299, -2.0569769e-006, 1, -1.60198274e-006, 0.902908292, 5.6391751e-006, 0.429833243, 0.429833243, 8.64881904e-007, -0.902908292, -5.46341295e-006, 1, -1.64299588e-006, 0, 0, 0, 0, 0, 0, 0, 0.15990647, 0.152565552, 0.150944946, -0.650415438, 0.62038793, 0.438159769, -0.590454102, -0.775756836, 0.222167969, 0.477870022, -0.114203155, 0.871013338, 0, 0, -0, 0, 0, 0, 0, 0.25021626, 0.158108545, 0.151239551, -0.257417372, 0.856662531, -0.446808992, 0.264526367, -0.382202148, -0.885375977, -0.929337317, -0.346065988, -0.128217191, 0, 2, 5, 1, 
225.418804, 33, 0.1, 0.1, 0.0256521968, 0.348543953, -0.0349702409, 0.90290832, 1.56527344e-006, 0.429833183, 0.429833183, 4.91451265e-006, -0.90290832, -3.52571903e-006, 1, 3.7645479e-006, 0.902908321, 1.87124604e-006, 0.429833181, 0.429833181, -8.51355264e-007, -0.902908321, -1.32362288e-006, 1, -1.57301939e-006, 0, 0, 0, 0, 0, 0, 0, 0.15990647, 0.152565552, 0.150944946, -0.650415438, 0.62038793, 0.438159769, -0.590454102, -0.775756836, 0.222167969, 0.477870022, -0.114203155, 0.871013338, 0, 0, -0, 0, 0, 0, 0, 0.25021626, 0.158108545, 0.151239551, -0.257417372, 0.856662531, -0.446808992, 0.264526367, -0.382202148, -0.885375977, -0.929337317, -0.346065988, -0.128217191, 0, 2, 5, 1, 
225.419499, 33, 0.1, 0.1, 0.0256521984, 0.348543953, -0.0349685175, 0.902908312, 2.93996822e-007, 0.4298332, 0.4298332, 3.16964905e-006, -0.902908312, -1.62787257e-006, 1, 2.73553288e-006, 0.90290831, -7.77950786e-006, 0.429833204, 0.429833204, -2.22375568e-007, -0.90290831, 7.1197667e-006, 1, 3.14310604e-006, 0, 0, 0, 0, 0, 0, 0, 0.15990647, 0.152565552, 0.150944946, -0.650415438, 0.62038793, 0.438159769, -0.590454102, -0.775756836, 0.222167969, 0.477870022, -0.114203155, 0.871013338, 0, 0, -0, 0, 0, 0, 0, 0.25021626, 0.158108545, 0.151239551, -0.257417372, 0.856662531, -0.446808992, 0.264526367, -0.382202148, -0.885375977, -0.929337317, -0.346065988, -0.128217191, 0, 2, 5, 1, 
225.420193, 33, 0.1, 0.1, 0.0256521991, 0.348543954, -0.0349672537, 0.902908346, -3.00643114e-006, 0.42983313, 0.42983313, -5.90900825e-006, -0.902908346, 5.25441928e-006, 1, -4.04302916e-006, 0.90290834, -8.85755217e-006, 0.429833142, 0.429833142, -2.21109845e-006, -0.90290834, 8.94796112e-006, 1, 1.81085025e-006, 0, 0, 0, 0, 0, 0, 0, 0.15990647, 0.152565552, 0.150944946, -0.650415438, 0.62038793, 0.438159769, -0.590454102, -0.775756836, 0.222167969, 0.477870022, -0.114203155, 0.871013338, 0, 0, -0, 0, 0, 0, 0, 0.25021626, 0.158108545, 0.151239551, -0.257417372, 0.856662531, -0.446808992, 0.264526367, -0.382202148, -0.885375977, -0.929337317, -0.346065988, -0.128217191, 0, 2, 5, 1, 
225.420888, 33, 0.1, 0.1, 0.0256521984, 0.348543954, -0.0349667896, 0.902908334, -4.26103046e-006, 0.429833155, 0.429833155, -6.43995862e-006, -0.902908334, 6.61542765e-006, 1, -3.98316014e-006, 0.902908337, -1.98686957e-006, 0.429833148, 0.429833148, -5.43736135e-006, -0.902908337, 4.13111924e-006, 1, -4.05541649e-006, 0, 0, 0, 0, 0, 0, 0, 0.15990647, 0.152565552, 0.150944946, -0.650415438, 0.62038793, 0.438159769, -0.590454102, -0.775756836, 0.222167969, 0.477870022, -0.114203155, 0.871013338, 0, 0, -0, 0, 0, 0, 0, 0.25021626, 0.158108545, 0.151239551, -0.257417372, 0.856662531, -0.446808992, 0.264526367, -0.382202148, -0.885375977, -0.929337317, -0.346065988, -0.128217191, 0, 2, 5, 1, 
225.421583, 33, 0.1, 0.1, 0.0256521973, 0.348543954, -0.0349671919, 0.902908352, -3.06622648e-006, 0.429833115, 0.429833115, 3.93738979e-007, -0.902908352, 2.59927945e-006, 1, 1.67347589e-006, 0.902908345, 7.41121479e-006, 0.429833131, 0.429833131, -1.04221798e-006, -0.902908345, -6.24366786e-006, 1, -4.12661297e-006, 0, 0, 0, 0, 0, 0, 0, 0.15990647, 0.152565552, 0.150944946, -0.650747183, 0.624426186, 0.431757712, -0.592895508, -0.773193359, 0.224731445, 0.474214807, -0.109775482, 0.873510428, 0, 0, -0, 0, 0, 0, 0, 0.25021626, 0.158108545, 0.151239551, -0.257417372, 0.856662531, -0.446808992, 0.264526367, -0.382202148, -0.885375977, -0.929337317, -0.346065988, -0.128217191, 0, 2, 5, 1, 
225.422305, 33, 0.1, 0.1, 0.0256521964, 0.348543954, -0.0349679904, 0.902908359, 4.44973108e-006, 0.429833101, 0.429833101, 3.74687735e-006, -0.902908359, -5.6282313e-006, 1, 1.47044517e-006, 0.902908363, 7.45832792e-006, 0.429833093, 0.429833093, 5.10552653e-006, -0.902908363, -8.92871092e-006, 1, 1.40398645e-006, 0, 0, 0, 0, 0, 0, 0, 0.160101636, 0.152115674, 0.149732397, -0.650747183, 0.624426186, 0.431757712, -0.592895508, -0.773193359, 0.224731445, 0.474214807, -0.109775482, 0.873510428, 0, 0, -0, 0, 0, 0, 0, 0.250503955, 0.157827686, 0.150188135, -0.256248198, 0.855442319, -0.449843666, 0.263183594, -0.385986328, -0.884033203, -0.929950888, -0.34496681, -0.126204037, 0, 2, 5, 1, 
225.422998, 33, 0.1, 0.1, 0.0256521963, 0.348543954, -0.034969195, 0.902908354, 7.54952073e-006, 0.429833112, 0.429833112, -6.46974651e-008, -0.902908354, -6.78871622e-006, 1, -3.30344987e-006, 0.90290835, 3.25155899e-006, 0.429833122, 0.429833122, 3.68564113e-006, -0.90290835, -4.52007039e-006, 1, 1.9301684e-006, 0, 0, 0, 0, 0, 0, 0, 0.160101636, 0.152115674, 0.149732397, -0.650747183, 0.624426186, 0.431757712, -0.592895508, -0.773193359, 0.224731445, 0.474214807, -0.109775482, 0.873510428, 0, 0, -0, 0, 0, 0, 0, 0.250503955, 0.157827686, 0.150188135, -0.256248198, 0.855442319, -0.449843666, 0.263183594, -0.385986328, -0.884033203, -0.929950888, -0.34496681, -0.126204037, 0, 2, 5, 1, 
225.423691, 33, 0.1, 0.1, 0.0256521969, 0.348543955, -0.0349704807, 0.902908377, 3.26627057e-006, 0.429833065, 0.429833065, -7.21255116e-007, -0.902908377, -2.63912376e-006, 1, -2.05517838e-006, 0.902908376, -3.58722358e-006, 0.429833067, 0.429833067, -4.376909e-006, -0.902908376, 5.12027443e-006, 1, -2.41004048e-006, 0, 0, 0, 0, 0, 0, 0, 0.160101636, 0.152115674, 0.149732397, -0.650747183, 0.624426186, 0.431757712, -0.592895508, -0.773193359, 0.224731445, 0.474214807, -0.109775482, 0.873510428, 0, 0, -0, 0, 0, 0, 0, 0.250503955, 0.157827686, 0.150188135, -0.256248198, 0.855442319, -0.449843666, 0.263183594, -0.385986328, -0.884033203, -0.929950888, -0.34496681, -0.126204037, 0, 2, 5, 1, 
225.424412, 33, 0.1, 0.1, 0.0256521981, 0.348543955, -0.0349712994, 0.902908359, -7.19622351e-006, 0.429833102, 0.429833102, 2.88661198e-007, -0.902908359, 6.37345422e-006, 1, 3.35380968e-006, 0.902908361, -7.61528092e-006, 0.429833097, 0.429833097, -5.52285028e-006, -0.902908361, 9.24980466e-006, 1, -1.71332791e-006, 0, 0, 0, 0, 0, 0, 0, 0.160324512, 0.151915405, 0.148293921, -0.650583554, 0.628940721, 0.425317464, -0.595336914, -0.770141602, 0.228393555, 0.471346276, -0.104681693, 0.875766382, 0, 0, -0, 0, 0, 0, 0, 0.250786523, 0.157535352, 0.148908838, -0.255040746, 0.853941023, -0.453210461, 0.261108398, -0.390380859, -0.88269043, -0.930928664, -0.343528948, -0.123366591, 0, 2, 5, 1, 
225.425102, 33, 0.1, 0.1, 0.0256521987, 0.348543955, -0.0349714344, 0.902908379, -8.4966519e-006, 0.429833059, 0.429833059, -6.15277885e-007, -0.902908379, 7.93616498e-006, 1, 3.09660232e-006, 0.902908375, -6.6631882e-006, 0.429833069, 0.429833069, 3.27186745e-007, -0.902908375, 5.87561274e-006, 1, 3.15947828e-006, 0, 0, 0, 0, 0, 0, 0, 0.160324512, 0.151915405, 0.148293921, -0.650583554, 0.628940721, 0.425317464, -0.595336914, -0.770141602, 0.228393555, 0.471346276, -0.104681693, 0.875766382, 0, 0, -0, 0, 0, 0, 0, 0.250786523, 0.157535352, 0.148908838, -0.255040746, 0.853941023, -0.453210461, 0.261108398, -0.390380859, -0.88269043, -0.930928664, -0.343528948, -0.123366591, 0, 2, 5, 1, 
225.425793, 33, 0.1, 0.1, 0.0256521984, 0.348543954, -0.0349711122, 0.902908373, -2.99410922e-006, 0.429833072, 0.429833072, -3.46865305e-006, -0.902908373, 4.19434808e-006, 1, -1.84490872e-006, 0.902908378, 1.62531349e-006, 0.429833063, 0.429833063, 4.36305252e-006, -0.902908378, -3.3428934e-006, 1, 3.2408232e-006, 0, 0, 0, 0, 0, 0, 0, 0.160324512, 0.151915405, 0.148293921, -0.650583554, 0.628940721, 0.425317464, -0.595336914, -0.770141602, 0.228393555, 0.471346276, -0.104681693, 0.875766382, 0, 0, -0, 0, 0, 0, 0, 0.250786523, 0.157535352, 0.148908838, -0.255040746, 0.853941023, -0.453210461, 0.261108398, -0.390380859, -0.88269043, -0.930928664, -0.343528948, -0.123366591, 0, 2, 5, 1, 
225.426484, 33, 0.1, 0.1, 0.025652198, 0.348543954, -0.034970436, 0.902908376, 5.00729429e-006, 0.429833065, 0.429833065, -9.68674254e-008, -0.902908376, -4.47949114e-006, 1, -2.23976306e-006, 0.902908371, 7.58445499e-006, 0.429833076, 0.429833076, 1.1385372e-006, -0.902908371, -7.33744885e-006, 1, -2.23205484e-006, 0, 0, 0, 0, 0, 0, 0, 0.160324512, 0.151915405, 0.148293921, -0.650583554, 0.628940721, 0.425317464, -0.595336914, -0.770141602, 0.228393555, 0.471346276, -0.104681693, 0.875766382, 0, 0, -0, 0, 0, 0, 0, 0.250786523, 0.157535352, 0.148908838, -0.255040746, 0.853941023, -0.453210461, 0.261108398, -0.390380859, -0.88269043, -0.930928664, -0.343528948, -0.123366591, 0, 2, 5, 1, 
225.427175, 33, 0.1, 0.1, 0.0256521981, 0.348543954, -0.0349696234, 0.902908389, 5.57786533e-006, 0.429833039, 0.429833039, 5.91442426e-006, -0.902908389, -7.57851635e-006, 1, 2.94263247e-006, 0.902908392, 5.62632989e-006, 0.429833033, 0.429833033, 4.70544512e-008, -0.902908392, -5.10028603e-006, 1, -2.37589658e-006, 0, 0, 0, 0, 0, 0, 0, 0.160324512, 0.151915405, 0.148293921, -0.650583554, 0.628940721, 0.425317464, -0.595336914, -0.770141602, 0.228393555, 0.471346276, -0.104681693, 0.875766382, 0, 0, -0, 0, 0, 0, 0, 0.250786523, 0.157535352, 0.148908838, -0.255040746, 0.853941023, -0.453210461, 0.261108398, -0.390380859, -0.88269043, -0.930928664, -0.343528948, -0.123366591, 0, 2, 5, 1, 
225.427871, 33, 0.1, 0.1, 0.0256521985, 0.348543954, -0.0349688925, 0.902908373, 3.43371951e-006, 0.429833072, 0.429833072, 4.19057071e-006, -0.902908373, -4.90157997e-006, 1, 2.30777517e-006, 0.902908372, -4.35526389e-006, 0.429833074, 0.429833074, 7.92272598e-007, -0.902908372, 3.59185926e-006, 1, 2.58738603e-006, 0, 0, 0, 0, 0, 0, 0, 0.160324512, 0.151915405, 0.148293921, -0.650583554, 0.628940721, 0.425317464, -0.595336914, -0.770141602, 0.228393555, 0.471346276, -0.104681693, 0.875766382, 0, 0, -0, 0, 0, 0, 0, 0.250786523, 0.157535352, 0.148908838, -0.255040746, 0.853941023, -0.453210461, 0.261108398, -0.390380859, -0.88269043, -0.930928664, -0.343528948, -0.123366591, 0, 2, 5, 1, 
225.428569, 33, 0.1, 0.1, 0.0256521985, 0.348543954, -0.0349684394, 0.902908398, -2.20708113e-006, 0.42983302, 0.42983302, -5.02956955e-006, -0.902908398, 4.15466716e-006, 1, -3.59256424e-006, 0.902908394, -7.35470253e-006, 0.429833028, 0.429833028, -1.29096916e-006, -0.902908394, 7.19552383e-006, 1, 1.99566717e-006, 0, 0, 0, 0, 0, 0, 0, 0.160324512, 0.151915405, 0.148293921, -0.650583554, 0.628940721, 0.425317464, -0.595336914, -0.770141602, 0.228393555, 0.471346276, -0.104681693, 0.875766382, 0, 0, -0, 0, 0, 0, 0, 0.250786523, 0.157535352, 0.148908838, -0.255040746, 0.853941023, -0.453210461, 0.261108398, -0.390380859, -0.88269043, -0.930928664, -0.343528948, -0.123366591, 0, 2, 5, 1, 
225.429293, 33, 0.1, 0.1, 0.025652198, 0.348543954, -0.0349680427, 0.902908377, -5.74957986e-006, 0.429833064, 0.429833064, -6.45516209e-006, -0.902908377, 7.96598592e-006, 1, -3.3570604e-006, 0.902908382, -3.19295039e-006, 0.429833053, 0.429833053, -5.32483308e-006, -0.902908382, 5.17173094e-006, 1, -3.43540081e-006, 0, 0, 0, 0, 0, 0, 0, 0.160693237, 0.151870996, 0.146620728, -0.651993293, 0.631990473, 0.418680264, -0.595336914, -0.768676758, 0.233398437, 0.469468494, -0.0971312509, 0.877559163, 0, 0, -0, 0, 0, 0, 0, 0.251042969, 0.157375928, 0.147730957, -0.254555139, 0.851647153, -0.457868198, 0.26171875, -0.395141602, -0.880493164, -0.930877624, -0.343892786, -0.122260484, 0, 2, 5, 1, 
225.429993, 33, 0.1, 0.1, 0.0256521977, 0.348543954, -0.0349679983, 0.902908387, -5.77978374e-006, 0.429833042, 0.429833042, -3.31506703e-007, -0.902908388, 5.36110775e-006, 1, 2.18502184e-006, 0.902908382, 4.54676129e-006, 0.429833054, 0.429833054, -1.77706018e-006, -0.902908382, -3.34146968e-006, 1, -3.55887083e-006, 0, 0, 0, 0, 0, 0, 0, 0.160693237, 0.151870996, 0.146620728, -0.651993293, 0.631990473, 0.418680264, -0.595336914, -0.768676758, 0.233398437, 0.469468494, -0.0971312509, 0.877559163, 0, 0, -0, 0, 0, 0, 0, 0.251042969, 0.157375928, 0.147730957, -0.254555139, 0.851647153, -0.457868198, 0.26171875, -0.395141602, -0.880493164, -0.930877624, -0.343892786, -0.122260484, 0, 2, 5, 1, 
225.430688, 33, 0.1, 0.1, 0.0256521978, 0.348543954, -0.0349684357, 0.902908387, 1.72565556e-006, 0.429833043, 0.429833043, 3.83023175e-006, -0.902908387, -3.20446905e-006, 1, 2.71660459e-006, 0.902908392, 4.53048098e-006, 0.429833032, 0.429833032, 5.1319621e-006, -0.902908392, -6.29649613e-006, 1, 2.68634127e-006, 0, 0, 0, 0, 0, 0, 0, 0.160693237, 0.151870996, 0.146620728, -0.651993293, 0.631990473, 0.418680264, -0.595336914, -0.768676758, 0.233398437, 0.469468494, -0.0971312509, 0.877559163, 0, 0, -0, 0, 0, 0, 0, 0.251042969, 0.157375928, 0.147730957, -0.254555139, 0.851647153, -0.457868198, 0.26171875, -0.395141602, -0.880493164, -0.930877624, -0.343892786, -0.122260484, 0, 2, 5, 1, 
225.431378, 33, 0.1, 0.1, 0.0256521982, 0.348543955, -0.034969228, 0.902908376, 6.67040562e-006, 0.429833066, 0.429833066, 1.64826087e-007, -0.902908376, -6.09361281e-006, 1, -2.71833805e-006, 0.902908373, 1.96815262e-006, 0.429833073, 0.429833073, 3.89756086e-006, -0.902908373, -3.45236204e-006, 1, 2.67316325e-006, 0, 0, 0, 0, 0, 0, 0, 0.160693237, 0.151870996, 0.146620728, -0.651993293, 0.631990473, 0.418680264, -0.595336914, -0.768676758, 0.233398437, 0.469468494, -0.0971312509, 0.877559163, 0, 0, -0, 0, 0, 0, 0, 0.251042969, 0.157375928, 0.147730957, -0.254555139, 0.851647153, -0.457868198, 0.26171875, -0.395141602, -0.880493164, -0.930877624, -0.343892786, -0.122260484, 0, 2, 5, 1, 
225.432069, 33, 0.1, 0.1, 0.0256521988, 0.348543955, -0.0349701422, 0.902908394, 4.2392996e-006, 0.429833029, 0.429833029, -3.41860899e-007, -0.902908394, -3.68075608e-006, 1, -2.13086006e-006, 0.902908394, -2.9897886e-006, 0.429833029, 0.429833029, -4.03215448e-006, -0.902908394, 4.4326584e-006, 1, -2.35555624e-006, 0, 0, 0, 0, 0, 0, 0, 0.160693237, 0.151870996, 0.146620728, -0.651993293, 0.631990473, 0.418680264, -0.595336914, -0.768676758, 0.233398437, 0.469468494, -0.0971312509, 0.877559163, 0, 0, -0, 0, 0, 0, 0, 0.251042969, 0.157375928, 0.147730957, -0.254555139, 0.851647153, -0.457868198, 0.26171875, -0.395141602, -0.880493164, -0.930877624, -0.343892786, -0.122260484, 0, 2, 5, 1, 
225.432763, 33, 0.1, 0.1, 0.0256521992, 0.348543955, -0.0349709065, 0.902908372, -4.8303823e-006, 0.429833074, 0.429833074, 1.53926435e-006, -0.902908372, 3.6997659e-006, 1, 3.46607274e-006, 0.902908376, -5.27831834e-006, 0.429833067, 0.429833067, -4.41234603e-006, -0.902908376, 6.66241006e-006, 1, -1.71514843e-006, 0, 0, 0, 0, 0, 0, 0, 0.160693237, 0.151870996, 0.146620728, -0.651993293, 0.631990473, 0.418680264, -0.595336914, -0.768676758, 0.233398437, 0.469468494, -0.0971312509, 0.877559163, 0, 0, -0, 0, 0, 0, 0, 0.251042969, 0.157375928, 0.147730957, -0.254555139, 0.851647153, -0.457868198, 0.26171875, -0.395141602, -0.880493164, -0.930877624, -0.343892786, -0.122260484, 0, 2, 5, 1, 
225.433457, 33, 0.1, 0.1, 0.0256521991, 0.348543954, -0.0349712577, 0.902908389, -6.91648489e-006, 0.429833038, 0.429833038, 2.12931362e-007, -0.902908389, 6.1534273e-006, 1, 3.16519122e-006, 0.902908385, -4.79391167e-006, 0.429833046, 0.429833046, 1.33095393e-006, -0.902908385, 3.75637507e-006, 1, 3.26231112e-006, 0, 0, 0, 0, 0, 0, 0, 0.160693237, 0.151870996, 0.146620728, -0.651993293, 0.631990473, 0.418680264, -0.595336914, -0.768676758, 0.233398437, 0.469468494, -0.0971312509, 0.877559163, 0, 0, -0, 0, 0, 0, 0, 0.251042969, 0.157375928, 0.147730957, -0.254555139, 0.851647153, -0.457868198, 0.26171875, -0.395141602, -0.880493164, -0.930877624, -0.343892786, -0.122260484, 0, 2, 5, 1, 
225.434176, 33, 0.1, 0.1, 0.0256521985, 0.348543954, -0.0349709394, 0.902908378, -2.93998931e-006, 0.429833063, 0.429833063, -3.08059866e-006, -0.902908378, 3.97868413e-006, 1, -1.51779373e-006, 0.902908383, 1.98016969e-006, 0.42983305, 0.42983305, 4.97634784e-006, -0.902908383, -3.92691058e-006, 1, 3.6420438e-006, 0, 0, 0, 0, 0, 0, 0, 0.160930273, 0.151245117, 0.145166016, -0.651594521, 0.636835631, 0.411941593, -0.597412109, -0.76550293, 0.238525391, 0.467304272, -0.0907303165, 0.879491607, 0, 0, -0, 0, 0, 0, 0, 0.251187012, 0.156587305, 0.146506689, -0.25214643, 0.849417448, -0.463279864, 0.26159668, -0.401123047, -0.877807617, -0.931606401, -0.342531482, -0.120988132, 0, 2, 5, 1, 
225.434871, 33, 0.1, 0.1, 0.0256521983, 0.348543953, -0.0349701386, 0.902908376, 4.00749713e-006, 0.429833065, 0.429833065, -2.77930825e-007, -0.902908376, -3.49893887e-006, 1, -1.97350084e-006, 0.902908372, 6.81655687e-006, 0.429833074, 0.429833074, 1.03890261e-006, -0.902908372, -6.60128097e-006, 1, -1.99194773e-006, 0, 0, 0, 0, 0, 0, 0, 0.160930273, 0.151245117, 0.145166016, -0.651594521, 0.636835631, 0.411941593, -0.597412109, -0.76550293, 0.238525391, 0.467304272, -0.0907303165, 0.879491607, 0, 0, -0, 0, 0, 0, 0, 0.251187012, 0.156587305, 0.146506689, -0.25214643, 0.849417448, -0.463279864, 0.26159668, -0.401123047, -0.877807617, -0.931606401, -0.342531482, -0.120988132, 0, 2, 5, 1, 
225.435573, 33, 0.1, 0.1, 0.0256521989, 0.348543953, -0.0349692507, 0.902908385, 4.14768113e-006, 0.429833047, 0.429833047, 5.88766879e-006, -0.902908385, -6.27569069e-006, 1, 3.5332151e-006, 0.902908389, 4.24138583e-006, 0.429833039, 0.429833039, -1.98405119e-007, -0.902908389, -3.74430177e-006, 1, -2.00222941e-006, 0, 0, 0, 0, 0, 0, 0, 0.160930273, 0.151245117, 0.145166016, -0.651594521, 0.636835631, 0.411941593, -0.597412109, -0.76550293, 0.238525391, 0.467304272, -0.0907303165, 0.879491607, 0, 0, -0, 0, 0, 0, 0, 0.251187012, 0.156587305, 0.146506689, -0.25214643, 0.849417448, -0.463279864, 0.26159668, -0.401123047, -0.877807617, -0.931606401, -0.342531482, -0.120988132, 0, 2, 5, 1, 
225.436277, 33, 0.1, 0.1, 0.0256521998, 0.348543953, -0.0349682935, 0.902908363, 2.11069091e-006, 0.429833092, 0.429833092, 3.79975075e-006, -0.902908363, -3.53901909e-006, 1, 2.52358193e-006, 0.902908364, -5.83428406e-006, 0.429833091, 0.429833091, 4.2103646e-007, -0.902908364, 5.08684847e-006, 1, 2.88792569e-006, 0, 0, 0, 0, 0, 0, 0, 0.160930273, 0.151245117, 0.145166016, -0.651594521, 0.636835631, 0.411941593, -0.597412109, -0.76550293, 0.238525391, 0.467304272, -0.0907303165, 0.879491607, 0, 0, -0, 0, 0, 0, 0, 0.251187012, 0.156587305, 0.146506689, -0.25214643, 0.849417448, -0.463279864, 0.26159668, -0.401123047, -0.877807617, -0.931606401, -0.342531482, -0.120988132, 0, 2, 5, 1, 
225.436997, 33, 0.1, 0.1, 0.0256522001, 0.348543954, -0.0349675454, 0.902908388, -3.13073599e-006, 0.429833041, 0.429833041, -5.32209467e-006, -0.902908388, 5.11437992e-006, 1, -3.45967015e-006, 0.902908384, -8.63062068e-006, 0.429833049, 0.429833049, -1.70651857e-006, -0.902908384, 8.52617785e-006, 1, 2.16889608e-006, 0, 0, 0, 0, 0, 0, 0, 0.161192944, 0.150624609, 0.143281177, -0.650763653, 0.641757174, 0.405570616, -0.599243164, -0.762084961, 0.244750977, 0.466307532, -0.0838471123, 0.880624263, 0, 0, -0, 0, 0, 0, 0, 0.251509375, 0.156020459, 0.14464834, -0.25031921, 0.847015302, -0.468774286, 0.259643555, -0.407714844, -0.875366211, -0.932641779, -0.340697332, -0.117760595, 0, 2, 5, 1, 
225.437691, 33, 0.1, 0.1, 0.0256521997, 0.348543954, -0.0349674725, 0.902908368, -5.16566447e-006, 0.429833082, 0.429833082, -5.93572447e-006, -0.902908368, 7.21549242e-006, 1, -3.13904182e-006, 0.902908373, -2.7821065e-006, 0.429833072, 0.429833072, -4.91909714e-006, -0.902908373, 4.62637789e-006, 1, -3.24565261e-006, 0, 0, 0, 0, 0, 0, 0, 0.161192944, 0.150624609, 0.143281177, -0.650763653, 0.641757174, 0.405570616, -0.599243164, -0.762084961, 0.244750977, 0.466307532, -0.0838471123, 0.880624263, 0, 0, -0, 0, 0, 0, 0, 0.251509375, 0.156020459, 0.14464834, -0.25031921, 0.847015302, -0.468774286, 0.259643555, -0.407714844, -0.875366211, -0.932641779, -0.340697332, -0.117760595, 0, 2, 5, 1, 
225.438382, 33, 0.1, 0.1, 0.0256521991, 0.348543954, -0.0349680431, 0.902908379, -4.19856337e-006, 0.429833059, 0.429833059, 7.06094057e-007, -0.902908379, 3.48741548e-006, 1, 2.44221957e-006, 0.902908374, 5.81276614e-006, 0.429833071, 0.429833071, -6.73799349e-007, -0.902908374, -4.95877398e-006, 1, -3.1068982e-006, 0, 0, 0, 0, 0, 0, 0, 0.161192944, 0.150624609, 0.143281177, -0.650763653, 0.641757174, 0.405570616, -0.599243164, -0.762084961, 0.244750977, 0.466307532, -0.0838471123, 0.880624263, 0, 0, -0, 0, 0, 0, 0, 0.251509375, 0.156020459, 0.14464834, -0.25031921, 0.847015302, -0.468774286, 0.259643555, -0.407714844, -0.875366211, -0.932641779, -0.340697332, -0.117760595, 0, 2, 5, 1, 
225.439076, 33, 0.1, 0.1, 0.0256521985, 0.348543953, -0.0349690849, 0.90290838, 3.09574474e-006, 0.429833058, 0.429833058, 4.43935776e-006, -0.90290838, -4.70335659e-006, 1, 2.6776799e-006, 0.902908385, 5.92766884e-006, 0.429833048, 0.429833048, 5.74638759e-006, -0.902908385, -7.82212919e-006, 1, 2.64055357e-006, 0, 0, 0, 0, 0, 0, 0, 0.161192944, 0.150624609, 0.143281177, -0.650763653, 0.641757174, 0.405570616, -0.599243164, -0.762084961, 0.244750977, 0.466307532, -0.0838471123, 0.880624263, 0, 0, -0, 0, 0, 0, 0, 0.251509375, 0.156020459, 0.14464834, -0.25031921, 0.847015302, -0.468774286, 0.259643555, -0.407714844, -0.875366211, -0.932641779, -0.340697332, -0.117760595, 0, 2, 5, 1, 
225.439769, 33, 0.1, 0.1, 0.0256521987, 0.348543954, -0.0349702565, 0.90290837, 7.04780937e-006, 0.429833079, 0.429833079, 4.67827161e-007, -0.90290837, -6.56461365e-006, 1, -2.60697654e-006, 0.902908366, 2.69756515e-006, 0.429833086, 0.429833086, 4.16366883e-006, -0.902908366, -4.22533677e-006, 1, 2.59990866e-006, 0, 0, 0, 0, 0, 0, 0, 0.161192944, 0.150624609, 0.143281177, -0.650763653, 0.641757174, 0.405570616, -0.599243164, -0.762084961, 0.244750977, 0.466307532, -0.0838471123, 0.880624263, 0, 0, -0, 0, 0, 0, 0, 0.251509375, 0.156020459, 0.14464834, -0.25031921, 0.847015302, -0.468774286, 0.259643555, -0.407714844, -0.875366211, -0.932641779, -0.340697332, -0.117760595, 0, 2, 5, 1, 
225.440459, 33, 0.1, 0.1, 0.0256521992, 0.348543954, -0.0349712134, 0.902908387, 3.79975317e-006, 0.429833042, 0.429833042, -4.73578726e-007, -0.902908387, -3.22726922e-006, 1, -2.06085767e-006, 0.902908387, -2.95850817e-006, 0.429833042, 0.429833042, -3.94464326e-006, -0.902908387, 4.36679986e-006, 1, -2.28998692e-006, 0, 0, 0, 0, 0, 0, 0, 0.161192944, 0.150624609, 0.143281177, -0.650763653, 0.641757174, 0.405570616, -0.599243164, -0.762084961, 0.244750977, 0.466307532, -0.0838471123, 0.880624263, 0, 0, -0, 0, 0, 0, 0, 0.251509375, 0.156020459, 0.14464834, -0.25031921, 0.847015302, -0.468774286, 0.259643555, -0.407714844, -0.875366211, -0.932641779, -0.340697332, -0.117760595, 0, 2, 5, 1, 
225.441151, 33, 0.1, 0.1, 0.0256521998, 0.348543954, -0.0349717019, 0.902908367, -5.42971227e-006, 0.429833084, 0.429833084, 8.38036511e-007, -0.902908367, 4.54231682e-006, 1, 3.09054015e-006, 0.902908371, -5.86167536e-006, 0.429833077, 0.429833077, -4.80196367e-006, -0.902908371, 7.35659857e-006, 1, -1.81619123e-006, 0, 0, 0, 0, 0, 0, 0, 0.161192944, 0.150624609, 0.143281177, -0.650763653, 0.641757174, 0.405570616, -0.599243164, -0.762084961, 0.244750977, 0.466307532, -0.0838471123, 0.880624263, 0, 0, -0, 0, 0, 0, 0, 0.251509375, 0.156020459, 0.14464834, -0.25031921, 0.847015302, -0.468774286, 0.259643555, -0.407714844, -0.875366211, -0.932641779, -0.340697332, -0.117760595, 0, 2, 5, 1, 
225.441873, 33, 0.1, 0.1, 0.0256521999, 0.348543954, -0.0349713468, 0.902908387, -7.95175985e-006, 0.429833042, 0.429833042, -9.35686438e-007, -0.902908387, 7.58189961e-006, 1, 2.57309e-006, 0.902908383, -5.90377202e-006, 0.429833052, 0.429833052, 1.79990377e-007, -0.902908383, 5.25319943e-006, 1, 2.70015117e-006, 0, 0, 0, 0, 0, 0, 0, 0.161358691, 0.150380518, 0.141356299, -0.651817681, 0.645175741, 0.398393858, -0.598876953, -0.760253906, 0.251342773, 0.465114962, -0.0747483892, 0.882131725, 0, 0, -0, 0, 0, 0, 0, 0.251744336, 0.155724561, 0.143106592, -0.250223328, 0.842989727, -0.475866251, 0.260375977, -0.414794922, -0.871704102, -0.932386216, -0.342102379, -0.115682908, 0, 2, 5, 1, 
225.442567, 33, 0.1, 0.1, 0.0256521996, 0.348543954, -0.0349704144, 0.902908379, -3.36266483e-006, 0.429833059, 0.429833059, -4.66019385e-006, -0.902908379, 5.03928363e-006, 1, -2.76234357e-006, 0.902908384, 1.62126158e-006, 0.429833048, 0.429833048, 3.61399858e-006, -0.902908384, -3.0172667e-006, 1, 2.56623781e-006, 0, 0, 0, 0, 0, 0, 0, 0.161358691, 0.150380518, 0.141356299, -0.651817681, 0.645175741, 0.398393858, -0.598876953, -0.760253906, 0.251342773, 0.465114962, -0.0747483892, 0.882131725, 0, 0, -0, 0, 0, 0, 0, 0.251744336, 0.155724561, 0.143106592, -0.250223328, 0.842989727, -0.475866251, 0.260375977, -0.414794922, -0.871704102, -0.932386216, -0.342102379, -0.115682908, 0, 2, 5, 1, 
225.443258, 33, 0.1, 0.1, 0.0256521993, 0.348543954, -0.0349693553, 0.902908382, 4.58266316e-006, 0.429833054, 0.429833054, -1.13479619e-006, -0.902908382, -3.64995206e-006, 1, -2.9943971e-006, 0.902908377, 7.28084386e-006, 0.429833064, 0.429833064, 7.45988064e-008, -0.902908377, -6.60599995e-006, 1, -3.06219154e-006, 0, 0, 0, 0, 0, 0, 0, 0.161358691, 0.150380518, 0.141356299, -0.651817681, 0.645175741, 0.398393858, -0.598876953, -0.760253906, 0.251342773, 0.465114962, -0.0747483892, 0.882131725, 0, 0, -0, 0, 0, 0, 0, 0.251744336, 0.155724561, 0.143106592, -0.250223328, 0.842989727, -0.475866251, 0.260375977, -0.414794922, -0.871704102, -0.932386216, -0.342102379, -0.115682908, 0, 2, 5, 1, 
225.443955, 33, 0.1, 0.1, 0.0256521997, 0.348543954, -0.034968452, 0.902908394, 5.26765841e-006, 0.429833029, 0.429833029, 5.57795031e-006, -0.902908394, -7.15380027e-006, 1, 2.77216458e-006, 0.902908397, 5.29290727e-006, 0.429833022, 0.429833022, -6.62036884e-007, -0.902908397, -4.49444511e-006, 1, -2.87282499e-006, 0, 0, 0, 0, 0, 0, 0, 0.161358691, 0.150380518, 0.141356299, -0.651817681, 0.645175741, 0.398393858, -0.598876953, -0.760253906, 0.251342773, 0.465114962, -0.0747483892, 0.882131725, 0, 0, -0, 0, 0, 0, 0, 0.251744336, 0.155724561, 0.143106592, -0.250223328, 0.842989727, -0.475866251, 0.260375977, -0.414794922, -0.871704102, -0.932386216, -0.342102379, -0.115682908, 0, 2, 5, 1, 
225.444671, 33, 0.1, 0.1, 0.0256522, 0.348543954, -0.0349679467, 0.902908377, 4.36749623e-006, 0.429833064, 0.429833064, 4.85234656e-006, -0.902908377, -6.02914792e-006, 1, 2.50393007e-006, 0.902908376, -4.72944365e-006, 0.429833066, 0.429833066, 8.13069877e-007, -0.902908376, 3.92076997e-006, 1, 2.76699887e-006, 0, 0, 0, 0, 0, 0, 0, 0.161358691, 0.150380518, 0.141356299, -0.651817681, 0.645175741, 0.398393858, -0.598876953, -0.760253906, 0.251342773, 0.465114962, -0.0747483892, 0.882131725, 0, 0, -0, 0, 0, 0, 0, 0.251744336, 0.155724561, 0.143106592, -0.250223328, 0.842989727, -0.475866251, 0.260375977, -0.414794922, -0.871704102, -0.932386216, -0.342102379, -0.115682908, 0, 2, 5, 1, 
