time, trialNum, realDorsalTactorPos, realVentralTactorPos, boxPosX, boxPosY, boxPosZ, boxLocalRot_11, boxLocalRot_12, boxLocalRot_13, boxLocalRot_21, boxLocalRot_22, boxLocalRot_23, boxLocalRot_31, boxLocalRot_32, boxLocalRot_33, boxGlobalRot_11, boxGlobalRot_12, boxGlobalRot_13, boxGlobalRot_21, boxGlobalRot_22, boxGlobalRot_23, boxGlobalRot_31, boxGlobalRot_32, boxGlobalRot_33, indexForceX, indexForceY, indexForceZ, indexForceGlobalX, indexForceGlobalY, indexForceGlobalZ, indexContact, indexPosX, indexPosY, indexPosZ, indexRot_11, indexRot_12, indexRot_13, indexRot_21, indexRot_22, indexRot_23, indexRot_31, indexRot_32, indexRot_33, thumbForceX, thumbForceY, thumbForceZ, thumbForceGlobalX, thumbForceGlobalY, thumbForceGlobalZ, thumbContact, thumbPosX, thumbPosY, thumbPosZ, thumbRot_11, thumbRot_12, thumbRot_13, thumbRot_21, thumbRot_22, thumbRot_23, thumbRot_31, thumbRot_32, thumbRot_33, manipForceTooHigh, cceExpType, mapping, trialSuccess, 
221.790976, 34, 0.1, 0.1, 0.027890902, 0.354589113, -0.0349806911, 0.792722111, -0.609583181, -1.13143472e-005, 0.609583181, 0.792722111, -1.011326e-005, 1.51340064e-005, 1.11996905e-006, 1, 0.792722159, -0.609583118, -1.35475006e-005, 0.609583118, 0.79272216, -1.62261911e-005, 2.06306161e-005, 4.60453362e-006, 1, 0, 0, 0, 0, 0, 0, 0, 0.112350244, 0.15753916, 0.149849292, -0.390410524, 0.564062393, 0.727474573, -0.447265625, -0.806884766, 0.385620117, 0.804622477, -0.174864325, 0.5673776, 0, 0, 0, 0, 0, 0, 0, 0.185633691, 0.160386523, 0.0873425293, -0.481665744, 0.758121176, -0.439443692, 0.0559082031, -0.473754883, -0.87878418, -0.874474179, -0.447866421, 0.185919071, 0, 2, 1, 1, 
221.820123, 34, 0.1, 0.1, 0.0278908927, 0.354589105, -0.0349728881, 0.792715173, -0.609592203, -1.75159303e-005, 0.609592203, 0.792715173, 5.52752387e-006, 1.05156083e-005, -1.50593266e-005, 1, 0.792715179, -0.609592195, -7.27123565e-006, 0.609592195, 0.792715179, -8.30460999e-006, 1.08264443e-005, 2.1507019e-006, 1, 0, 0, 0, 0, 0, 0, 0, 0.113495483, 0.157183228, 0.145228857, -0.394016686, 0.582472878, 0.710807433, -0.449951172, -0.796630859, 0.403442383, 0.801362287, -0.160848164, 0.57607342, 0, 0, 0, 0, 0, 0, 0, 0.186673389, 0.158919287, 0.0827353516, -0.478726952, 0.756308182, -0.445716097, 0.0446777344, -0.485961914, -0.872680664, -0.876742896, -0.437623844, 0.198884256, 0, 2, 1, 1, 
221.820845, 34, 0.1, 0.1, 0.0278908969, 0.354589099, -0.0349728364, 0.792715249, -0.609592105, -3.56483319e-006, 0.609592105, 0.792715249, 7.89780805e-006, -1.98854381e-006, -8.43380704e-006, 1, 0.792715224, -0.609592137, -6.68199111e-006, 0.609592137, 0.792715224, 2.14163712e-005, -7.75833539e-006, -2.10503727e-005, 1, 0, 0, 0, 0, 0, 0, 0, 0.113495483, 0.157183228, 0.145228857, -0.394016686, 0.582472878, 0.710807433, -0.449951172, -0.796630859, 0.403442383, 0.801362287, -0.160848164, 0.57607342, 0, 0, 0, 0, 0, 0, 0, 0.186673389, 0.158919287, 0.0827353516, -0.478726952, 0.756308182, -0.445716097, 0.0446777344, -0.485961914, -0.872680664, -0.876742896, -0.437623844, 0.198884256, 0, 2, 1, 1, 
221.82157, 34, 0.1, 0.1, 0.0278908955, 0.354589107, -0.0349713607, 0.792715347, -0.609591978, 1.16877073e-005, 0.609591978, 0.792715347, -1.20796653e-005, -1.9013579e-006, 1.67004687e-005, 1, 0.792715334, -0.609591994, 7.89708533e-006, 0.609591994, 0.792715334, -2.34062247e-005, 8.00810659e-006, 2.33684733e-005, 1, 0, 0, 0, 0, 0, 0, 0, 0.113495483, 0.157183228, 0.145228857, -0.394016686, 0.582472878, 0.710807433, -0.449951172, -0.796630859, 0.403442383, 0.801362287, -0.160848164, 0.57607342, 0, 0, 0, 0, 0, 0, 0, 0.186673389, 0.158919287, 0.0827353516, -0.478726952, 0.756308182, -0.445716097, 0.0446777344, -0.485961914, -0.872680664, -0.876742896, -0.437623844, 0.198884256, 0, 2, 1, 1, 
221.822313, 34, 0.1, 0.1, 0.027890899, 0.354589103, -0.0349690105, 0.79271529, -0.609592051, -1.35276909e-005, 0.609592052, 0.79271529, 2.14511427e-005, -2.35283873e-006, -2.52510216e-005, 1, 0.792715305, -0.609592032, -1.88579592e-005, 0.609592032, 0.792715305, 2.04266116e-005, 2.49709323e-006, -2.76881493e-005, 1, 0, 0, 0, 0, 0, 0, 0, 0.113495483, 0.157183228, 0.145228857, -0.393591704, 0.583583073, 0.710141316, -0.451293945, -0.795654297, 0.403808594, 0.800924201, -0.161641962, 0.576549699, 0, 0, 0, 0, 0, 0, 0, 0.186673389, 0.158919287, 0.0827353516, -0.478726952, 0.756308182, -0.445716097, 0.0446777344, -0.485961914, -0.872680664, -0.876742896, -0.437623844, 0.198884256, 0, 2, 1, 1, 
221.82307, 34, 0.1, 0.1, 0.0278908963, 0.354589108, -0.0349662377, 0.792715193, -0.609592177, 3.04260616e-005, 0.609592177, 0.792715193, -2.17384891e-005, -1.08675884e-005, 3.57799197e-005, 0.999999999, 0.792715236, -0.609592122, 1.67852753e-005, 0.609592122, 0.792715235, -2.5043926e-005, 1.96063652e-006, 3.00848733e-005, 1, 0, 0, 0, 0, 0, 0, 0, 0.113515869, 0.157014307, 0.144526538, -0.393591704, 0.583583073, 0.710141316, -0.451293945, -0.795654297, 0.403808594, 0.800924201, -0.161641962, 0.576549699, 0, 0, 0, 0, 0, 0, 0, 0.186975977, 0.158679932, 0.0821111328, -0.477302216, 0.755694977, -0.448240011, 0.0458984375, -0.487915039, -0.871582031, -0.877452349, -0.436460867, 0.198373496, 0, 2, 1, 1, 
221.823775, 34, 0.1, 0.1, 0.0278908945, 0.35458911, -0.0349643758, 0.792714972, -0.609592464, -2.77472784e-005, 0.609592464, 0.792714973, 1.06391214e-005, 1.55101548e-005, -2.53483226e-005, 1, 0.792715016, -0.609592408, -1.37633084e-005, 0.609592408, 0.792715016, 4.24940442e-006, 8.31997656e-006, -1.1758575e-005, 1, 0, 0, 0, 0, 0, 0, 0, 0.113515869, 0.157014307, 0.144526538, -0.393591704, 0.583583073, 0.710141316, -0.451293945, -0.795654297, 0.403808594, 0.800924201, -0.161641962, 0.576549699, 0, 0, 0, 0, 0, 0, 0, 0.186975977, 0.158679932, 0.0821111328, -0.477302216, 0.755694977, -0.448240011, 0.0458984375, -0.487915039, -0.871582031, -0.877452349, -0.436460867, 0.198373496, 0, 2, 1, 1, 
221.824482, 34, 0.1, 0.1, 0.0278908995, 0.354589106, -0.0349640719, 0.792714836, -0.609592642, 9.43322009e-006, 0.609592642, 0.792714836, -6.48320945e-006, -3.52573673e-006, 1.08897579e-005, 1, 0.792714844, -0.609592631, -1.16862076e-006, 0.609592631, 0.792714844, 1.033991e-005, -5.37674995e-006, -8.90898278e-006, 1, 0, 0, 0, 0, 0, 0, 0, 0.113515869, 0.157014307, 0.144526538, -0.393591704, 0.583583073, 0.710141316, -0.451293945, -0.795654297, 0.403808594, 0.800924201, -0.161641962, 0.576549699, 0, 0, 0, 0, 0, 0, 0, 0.186975977, 0.158679932, 0.0821111328, -0.477302216, 0.755694977, -0.448240011, 0.0458984375, -0.487915039, -0.871582031, -0.877452349, -0.436460867, 0.198373496, 0, 2, 1, 1, 
221.825219, 34, 0.1, 0.1, 0.0278908941, 0.354589113, -0.0349652945, 0.792714828, -0.609592652, 1.45786423e-005, 0.609592652, 0.792714828, 5.5243002e-006, -1.49242787e-005, 4.50783854e-006, 1, 0.79271484, -0.609592636, 2.01078405e-005, 0.609592636, 0.79271484, -7.75368257e-006, -1.12131957e-005, 1.84040507e-005, 1, 0, 0, 0, 0, 0, 0, 0, 0.113805518, 0.15705166, 0.143640405, -0.392309646, 0.58435066, 0.710306067, -0.451782227, -0.795043945, 0.404541016, 0.801215511, -0.162257903, 0.576029237, 0, 0, 0, 0, 0, 0, 0, 0.187233887, 0.158432275, 0.0811090332, -0.476644169, 0.754960371, -0.450175873, 0.0455322266, -0.490112305, -0.870361328, -0.877874156, -0.43531065, 0.199274713, 0, 2, 1, 1, 
221.825911, 34, 0.1, 0.1, 0.0278909016, 0.354589107, -0.0349673774, 0.792714627, -0.609592913, -2.99881299e-005, 0.609592913, 0.792714627, 7.68008014e-006, 1.90903068e-005, -2.43686633e-005, 1, 0.792714679, -0.609592845, -3.3319452e-005, 0.609592845, 0.792714679, 1.46483581e-005, 1.74832844e-005, -3.1923268e-005, 0.999999999, 0, 0, 0, 0, 0, 0, 0, 0.113805518, 0.15705166, 0.143640405, -0.392309646, 0.58435066, 0.710306067, -0.451782227, -0.795043945, 0.404541016, 0.801215511, -0.162257903, 0.576029237, 0, 0, 0, 0, 0, 0, 0, 0.187233887, 0.158432275, 0.0811090332, -0.476644169, 0.754960371, -0.450175873, 0.0455322266, -0.490112305, -0.870361328, -0.877874156, -0.43531065, 0.199274713, 0, 2, 1, 1, 
221.826637, 34, 0.1, 0.1, 0.0278908966, 0.354589111, -0.0349699137, 0.792714263, -0.609593386, 3.5037454e-005, 0.609593387, 0.792714263, -7.18437235e-006, -2.33951437e-005, 2.70537547e-005, 0.999999999, 0.792714343, -0.609593282, 3.25662556e-005, 0.609593282, 0.792714343, -9.58862513e-006, -1.99705764e-005, 2.74532113e-005, 0.999999999, 0, 0, 0, 0, 0, 0, 0, 0.113805518, 0.15705166, 0.143640405, -0.392309646, 0.58435066, 0.710306067, -0.451782227, -0.795043945, 0.404541016, 0.801215511, -0.162257903, 0.576029237, 0, 0, 0, 0, 0, 0, 0, 0.187233887, 0.158432275, 0.0811090332, -0.476644169, 0.754960371, -0.450175873, 0.0455322266, -0.490112305, -0.870361328, -0.877874156, -0.43531065, 0.199274713, 0, 2, 1, 1, 
221.827346, 34, 0.1, 0.1, 0.0278908965, 0.35458911, -0.0349718801, 0.792713877, -0.609593889, -2.09323011e-005, 0.609593889, 0.792713877, 1.1146223e-005, 9.79865615e-006, -2.15959685e-005, 1, 0.792713946, -0.609593799, -1.66892953e-005, 0.609593799, 0.792713946, 9.16875122e-006, 7.64062324e-006, -1.74418879e-005, 1, 0, 0, 0, 0, 0, 0, 0, 0.113805518, 0.15705166, 0.143640405, -0.392309646, 0.58435066, 0.710306067, -0.451782227, -0.795043945, 0.404541016, 0.801215511, -0.162257903, 0.576029237, 0, 0, 0, 0, 0, 0, 0, 0.187233887, 0.158432275, 0.0811090332, -0.476644169, 0.754960371, -0.450175873, 0.0455322266, -0.490112305, -0.870361328, -0.877874156, -0.43531065, 0.199274713, 0, 2, 1, 1, 
221.828053, 34, 0.1, 0.1, 0.0278908969, 0.354589111, -0.0349729967, 0.79271358, -0.609594274, 1.58961238e-005, 0.609594275, 0.79271358, -1.74442152e-005, -1.96717947e-006, 2.35184523e-005, 1, 0.79271364, -0.609594197, 7.43349476e-006, 0.609594197, 0.79271364, -1.00865978e-005, 2.56098792e-007, 1.25271989e-005, 1, 0, 0, 0, 0, 0, 0, 0, 0.113805518, 0.15705166, 0.143640405, -0.392309646, 0.58435066, 0.710306067, -0.451782227, -0.795043945, 0.404541016, 0.801215511, -0.162257903, 0.576029237, 0, 0, 0, 0, 0, 0, 0, 0.187233887, 0.158432275, 0.0811090332, -0.476644169, 0.754960371, -0.450175873, 0.0455322266, -0.490112305, -0.870361328, -0.877874156, -0.43531065, 0.199274713, 0, 2, 1, 1, 
221.828756, 34, 0.1, 0.1, 0.0278908939, 0.354589116, -0.0349729273, 0.792713343, -0.609594583, -5.40982832e-006, 0.609594583, 0.792713343, 3.69227908e-006, 2.03764977e-006, -6.22472093e-006, 1, 0.792713391, -0.60959452, 6.19449607e-006, 0.60959452, 0.792713391, -6.92727386e-006, -6.87631806e-007, 9.26747361e-006, 1, 0, 0, 0, 0, 0, 0, 0, 0.113805518, 0.15705166, 0.143640405, -0.392309646, 0.58435066, 0.710306067, -0.451782227, -0.795043945, 0.404541016, 0.801215511, -0.162257903, 0.576029237, 0, 0, 0, 0, 0, 0, 0, 0.187233887, 0.158432275, 0.0811090332, -0.476644169, 0.754960371, -0.450175873, 0.0455322266, -0.490112305, -0.870361328, -0.877874156, -0.43531065, 0.199274713, 0, 2, 1, 1, 
221.829467, 34, 0.1, 0.1, 0.0278908969, 0.354589112, -0.0349717265, 0.792713142, -0.609594844, 4.61917337e-006, 0.609594844, 0.792713142, 6.72858786e-006, -7.7633919e-006, -2.51801575e-006, 1, 0.792713174, -0.609594803, -3.77201823e-006, 0.609594802, 0.792713174, 1.49374836e-005, -6.11568382e-006, -1.41405428e-005, 1, 0, 0, 0, 0, 0, 0, 0, 0.113805518, 0.15705166, 0.143640405, -0.392309646, 0.58435066, 0.710306067, -0.451782227, -0.795043945, 0.404541016, 0.801215511, -0.162257903, 0.576029237, 0, 0, 0, 0, 0, 0, 0, 0.187233887, 0.158432275, 0.0811090332, -0.476644169, 0.754960371, -0.450175873, 0.0455322266, -0.490112305, -0.870361328, -0.877874156, -0.43531065, 0.199274713, 0, 2, 1, 1, 
221.83021, 34, 0.1, 0.1, 0.0278908928, 0.35458912, -0.0349694821, 0.792713074, -0.609594933, 1.20042236e-005, 0.609594933, 0.792713074, -1.29545082e-005, -1.61890246e-006, 1.75869219e-005, 1, 0.792713084, -0.60959492, 1.11752363e-005, 0.60959492, 0.792713084, -2.46332033e-005, 6.15751952e-006, 2.63394298e-005, 1, 0, 0, 0, 0, 0, 0, 0, 0.114003003, 0.157069849, 0.142719604, -0.392811011, 0.584643092, 0.709741422, -0.451416016, -0.794921875, 0.405151367, 0.801171327, -0.161191892, 0.576365852, 0, 0, 0, 0, 0, 0, 0, 0.187510107, 0.158346094, 0.0804364746, -0.475756078, 0.753586674, -0.453255756, 0.0478515625, -0.492431641, -0.868896484, -0.878149042, -0.435086803, 0.198214548, 0, 2, 1, 1, 
221.830901, 34, 0.1, 0.1, 0.0278908974, 0.354589115, -0.0349673898, 0.792712967, -0.609595072, -2.01653238e-005, 0.609595072, 0.792712966, 2.32233719e-005, 1.82846058e-006, -3.070215e-005, 1, 0.792712989, -0.609595044, -2.22003725e-005, 0.609595044, 0.792712988, 2.32036948e-005, 3.45366631e-006, -3.19271073e-005, 0.999999999, 0, 0, 0, 0, 0, 0, 0, 0.114003003, 0.157069849, 0.142719604, -0.392811011, 0.584643092, 0.709741422, -0.451416016, -0.794921875, 0.405151367, 0.801171327, -0.161191892, 0.576365852, 0, 0, 0, 0, 0, 0, 0, 0.187510107, 0.158346094, 0.0804364746, -0.475756078, 0.753586674, -0.453255756, 0.0478515625, -0.492431641, -0.868896484, -0.878149042, -0.435086803, 0.198214548, 0, 2, 1, 1, 
221.831603, 34, 0.1, 0.1, 0.0278908968, 0.354589117, -0.0349660405, 0.792712944, -0.609595102, 6.70276859e-006, 0.609595102, 0.792712944, -2.87370138e-005, 1.22045714e-005, 2.68661777e-005, 1, 0.792712936, -0.609595113, 6.89868974e-006, 0.609595113, 0.792712935, -2.20521807e-005, 7.97422101e-006, 2.16864565e-005, 1, 0, 0, 0, 0, 0, 0, 0, 0.114003003, 0.157069849, 0.142719604, -0.392811011, 0.584643092, 0.709741422, -0.451416016, -0.794921875, 0.405151367, 0.801171327, -0.161191892, 0.576365852, 0, 0, 0, 0, 0, 0, 0, 0.187510107, 0.158346094, 0.0804364746, -0.475756078, 0.753586674, -0.453255756, 0.0478515625, -0.492431641, -0.868896484, -0.878149042, -0.435086803, 0.198214548, 0, 2, 1, 1, 
221.832313, 34, 0.1, 0.1, 0.0278908952, 0.354589117, -0.0349657668, 0.79271295, -0.609595095, -3.83904582e-006, 0.609595094, 0.792712949, 3.38088384e-005, -1.75664407e-005, -2.91409675e-005, 0.999999999, 0.792712964, -0.609595077, 3.81984387e-006, 0.609595076, 0.792712963, 2.41441488e-005, -1.7746194e-005, -1.68108217e-005, 1, 0, 0, 0, 0, 0, 0, 0, 0.114003003, 0.157069849, 0.142719604, -0.392811011, 0.584643092, 0.709741422, -0.451416016, -0.794921875, 0.405151367, 0.801171327, -0.161191892, 0.576365852, 0, 0, 0, 0, 0, 0, 0, 0.187510107, 0.158346094, 0.0804364746, -0.475756078, 0.753586674, -0.453255756, 0.0478515625, -0.492431641, -0.868896484, -0.878149042, -0.435086803, 0.198214548, 0, 2, 1, 1, 
221.833041, 34, 0.1, 0.1, 0.0278908998, 0.354589112, -0.0349663309, 0.792712768, -0.609595331, 6.52326149e-006, 0.609595331, 0.792712768, -6.31146538e-006, -1.32363284e-006, 8.97972894e-006, 1, 0.792712819, -0.609595264, -1.17655977e-005, 0.609595264, 0.792712819, 5.78248673e-006, 5.80176356e-006, -1.1756104e-005, 1, 0, 0, 0, 0, 0, 0, 0, 0.114003003, 0.157069849, 0.142719604, -0.392811011, 0.584643092, 0.709741422, -0.451416016, -0.794921875, 0.405151367, 0.801171327, -0.161191892, 0.576365852, 0, 0, 0, 0, 0, 0, 0, 0.187510107, 0.158346094, 0.0804364746, -0.475756078, 0.753586674, -0.453255756, 0.0478515625, -0.492431641, -0.868896484, -0.878149042, -0.435086803, 0.198214548, 0, 2, 1, 1, 
221.833733, 34, 0.1, 0.1, 0.0278908951, 0.354589118, -0.0349677802, 0.792712593, -0.609595559, 9.51142649e-006, 0.609595559, 0.792712593, -3.90491071e-006, -5.15941133e-006, 8.89359524e-006, 1, 0.792712631, -0.609595509, 1.65057762e-005, 0.609595509, 0.792712631, -1.39525866e-005, -4.57890313e-006, 2.11222386e-005, 1, 0, 0, 0, 0, 0, 0, 0, 0.114003003, 0.157069849, 0.142719604, -0.392811011, 0.584643092, 0.709741422, -0.451416016, -0.794921875, 0.405151367, 0.801171327, -0.161191892, 0.576365852, 0, 0, 0, 0, 0, 0, 0, 0.187510107, 0.158346094, 0.0804364746, -0.475756078, 0.753586674, -0.453255756, 0.0478515625, -0.492431641, -0.868896484, -0.878149042, -0.435086803, 0.198214548, 0, 2, 1, 1, 
221.834444, 34, 0.1, 0.1, 0.0278908997, 0.354589113, -0.0349697132, 0.792712382, -0.609595832, -8.39070143e-006, 0.609595832, 0.792712382, 1.52977041e-005, -2.67400372e-006, -1.72416161e-005, 1, 0.792712427, -0.609595774, -1.79166902e-005, 0.609595774, 0.792712427, 1.73682304e-005, 3.61518316e-006, -2.46899507e-005, 1, 0, 0, 0, 0, 0, 0, 0, 0.114003003, 0.157069849, 0.142719604, -0.391783193, 0.586038604, 0.709176777, -0.45324707, -0.793701172, 0.405517578, 0.800637761, -0.162525247, 0.576702467, 0, 0, 0, 0, 0, 0, 0, 0.187510107, 0.158346094, 0.0804364746, -0.475756078, 0.753586674, -0.453255756, 0.0478515625, -0.492431641, -0.868896484, -0.878149042, -0.435086803, 0.198214548, 0, 2, 1, 1, 
221.83523, 34, 0.1, 0.1, 0.0278908947, 0.354589119, -0.0349710018, 0.792712199, -0.60959607, 2.15821272e-005, 0.609596071, 0.792712199, -1.94379038e-005, -5.25914571e-006, 2.85650434e-005, 1, 0.792712243, -0.609596013, 2.24388565e-005, 0.609596013, 0.792712243, -2.0433406e-005, -5.33143342e-006, 2.98764486e-005, 1, 0, 0, 0, 0, 0, 0, 0, 0.114053906, 0.156467383, 0.141798804, -0.391783193, 0.586038604, 0.709176777, -0.45324707, -0.793701172, 0.405517578, 0.800637761, -0.162525247, 0.576702467, 0, 0, 0, 0, 0, 0, 0, 0.187862256, 0.157680518, 0.0795174805, -0.473417731, 0.753005552, -0.456712603, 0.0493164063, -0.494995117, -0.867431641, -0.879376185, -0.433061256, 0.197237506, 0, 2, 1, 1, 
221.835981, 34, 0.1, 0.1, 0.0278908965, 0.354589119, -0.0349707671, 0.792712037, -0.609596282, -1.43307928e-005, 0.609596282, 0.792712037, 2.03211093e-005, -1.0274807e-006, -2.48447859e-005, 1, 0.79271206, -0.609596251, -1.58199844e-005, 0.609596251, 0.79271206, 1.27205978e-005, 4.78626374e-006, -1.97275745e-005, 1, 0, 0, 0, 0, 0, 0, 0, 0.114053906, 0.156467383, 0.141798804, -0.391783193, 0.586038604, 0.709176777, -0.45324707, -0.793701172, 0.405517578, 0.800637761, -0.162525247, 0.576702467, 0, 0, 0, 0, 0, 0, 0, 0.187862256, 0.157680518, 0.0795174805, -0.473417731, 0.753005552, -0.456712603, 0.0493164063, -0.494995117, -0.867431641, -0.879376185, -0.433061256, 0.197237506, 0, 2, 1, 1, 
221.836706, 34, 0.1, 0.1, 0.0278908973, 0.354589119, -0.034969577, 0.792711913, -0.609596443, 1.66941338e-005, 0.609596443, 0.792711912, -1.78005609e-005, -2.38248015e-006, 2.42874013e-005, 1, 0.792711938, -0.609596411, 9.69643774e-006, 0.609596411, 0.792711937, -9.38803804e-006, -1.96356766e-006, 1.33529235e-005, 1, 0, 0, 0, 0, 0, 0, 0, 0.114053906, 0.156467383, 0.141798804, -0.391783193, 0.586038604, 0.709176777, -0.45324707, -0.793701172, 0.405517578, 0.800637761, -0.162525247, 0.576702467, 0, 0, 0, 0, 0, 0, 0, 0.187862256, 0.157680518, 0.0795174805, -0.473417731, 0.753005552, -0.456712603, 0.0493164063, -0.494995117, -0.867431641, -0.879376185, -0.433061256, 0.197237506, 0, 2, 1, 1, 
221.837452, 34, 0.1, 0.1, 0.0278908947, 0.354589123, -0.0349679994, 0.7927118, -0.609596589, -1.1227553e-005, 0.609596589, 0.7927118, 1.19368712e-005, 1.62353778e-006, -1.63067766e-005, 1, 0.792711834, -0.609596546, 5.60594905e-006, 0.609596546, 0.792711834, -3.65786024e-008, -4.42160397e-006, 3.44636347e-006, 1, 0, 0, 0, 0, 0, 0, 0, 0.114053906, 0.156467383, 0.141798804, -0.391783193, 0.586038604, 0.709176777, -0.45324707, -0.793701172, 0.405517578, 0.800637761, -0.162525247, 0.576702467, 0, 0, 0, 0, 0, 0, 0, 0.187954785, 0.157231592, 0.0782257324, -0.471724672, 0.752290269, -0.459619678, 0.0490722656, -0.498046875, -0.865600586, -0.880302922, -0.430927066, 0.198036644, 0, 2, 1, 1, 
221.83818, 34, 0.1, 0.1, 0.0278909004, 0.354589117, -0.0349665787, 0.792711708, -0.60959671, -7.29047349e-006, 0.60959671, 0.792711708, 4.34722176e-006, 3.12919161e-006, -7.89034224e-006, 1, 0.792711729, -0.609596682, -1.58612419e-005, 0.609596683, 0.792711728, 1.51835712e-005, 3.31753789e-006, -2.17051554e-005, 1, 0, 0, 0, 0, 0, 0, 0, 0.114053906, 0.156467383, 0.141798804, -0.391783193, 0.586038604, 0.709176777, -0.45324707, -0.793701172, 0.405517578, 0.800637761, -0.162525247, 0.576702467, 0, 0, 0, 0, 0, 0, 0, 0.187954785, 0.157231592, 0.0782257324, -0.471724672, 0.752290269, -0.459619678, 0.0490722656, -0.498046875, -0.865600586, -0.880302922, -0.430927066, 0.198036644, 0, 2, 1, 1, 
221.838872, 34, 0.1, 0.1, 0.0278908954, 0.354589123, -0.0349660517, 0.792711622, -0.60959682, 1.59399434e-005, 0.609596821, 0.792711622, -1.40679257e-005, -4.06001566e-006, 2.0868747e-005, 1, 0.792711634, -0.609596806, 1.57150213e-005, 0.609596806, 0.792711633, -2.37783141e-005, 2.03770416e-006, 2.8429173e-005, 1, 0, 0, 0, 0, 0, 0, 0, 0.114053906, 0.156467383, 0.141798804, -0.391783193, 0.586038604, 0.709176777, -0.45324707, -0.793701172, 0.405517578, 0.800637761, -0.162525247, 0.576702467, 0, 0, 0, 0, 0, 0, 0, 0.187954785, 0.157231592, 0.0782257324, -0.471724672, 0.752290269, -0.459619678, 0.0490722656, -0.498046875, -0.865600586, -0.880302922, -0.430927066, 0.198036644, 0, 2, 1, 1, 
221.839593, 34, 0.1, 0.1, 0.0278908993, 0.354589118, -0.0349664324, 0.792711528, -0.609596943, -1.54262024e-005, 0.609596943, 0.792711528, 2.60526975e-005, -3.65311628e-006, -3.00560395e-005, 1, 0.792711539, -0.609596929, -1.60967209e-005, 0.609596929, 0.792711539, 2.73787754e-005, -3.92996097e-006, -3.15159828e-005, 0.999999999, 0, 0, 0, 0, 0, 0, 0, 0.114434985, 0.156105737, 0.140463623, -0.388761894, 0.587751636, 0.709372607, -0.453857422, -0.792114258, 0.407836914, 0.80176593, -0.163414525, 0.574817571, 0, 0, 0, 0, 0, 0, 0, 0.187954785, 0.157231592, 0.0782257324, -0.471724672, 0.752290269, -0.459619678, 0.0490722656, -0.498046875, -0.865600586, -0.880302922, -0.430927066, 0.198036644, 0, 2, 1, 1, 
221.840297, 34, 0.1, 0.1, 0.0278908979, 0.354589121, -0.034967627, 0.792711446, -0.60959705, 1.68093565e-005, 0.60959705, 0.792711445, -2.44201241e-005, 1.56146631e-006, 2.9605046e-005, 1, 0.792711456, -0.609597037, 1.76693251e-005, 0.609597037, 0.792711456, -1.67676581e-005, -3.78516179e-006, 2.40630829e-005, 1, 0, 0, 0, 0, 0, 0, 0, 0.114434985, 0.156105737, 0.140463623, -0.388761894, 0.587751636, 0.709372607, -0.453857422, -0.792114258, 0.407836914, 0.80176593, -0.163414525, 0.574817571, 0, 0, 0, 0, 0, 0, 0, 0.187954785, 0.157231592, 0.0782257324, -0.471724672, 0.752290269, -0.459619678, 0.0490722656, -0.498046875, -0.865600586, -0.880302922, -0.430927066, 0.198036644, 0, 2, 1, 1, 
221.840994, 34, 0.1, 0.1, 0.0278908965, 0.354589123, -0.0349693566, 0.792711373, -0.609597145, -1.27052536e-005, 0.609597145, 0.792711373, 1.43232667e-005, 1.34017654e-006, -1.90993027e-005, 1, 0.792711389, -0.609597124, -5.4982352e-006, 0.609597124, 0.792711389, 5.10065632e-006, 1.24916823e-006, -7.39505672e-006, 1, 0, 0, 0, 0, 0, 0, 0, 0.114434985, 0.156105737, 0.140463623, -0.388761894, 0.587751636, 0.709372607, -0.453857422, -0.792114258, 0.407836914, 0.80176593, -0.163414525, 0.574817571, 0, 0, 0, 0, 0, 0, 0, 0.187954785, 0.157231592, 0.0782257324, -0.471724672, 0.752290269, -0.459619678, 0.0490722656, -0.498046875, -0.865600586, -0.880302922, -0.430927066, 0.198036644, 0, 2, 1, 1, 
221.841686, 34, 0.1, 0.1, 0.0278908989, 0.35458912, -0.034971073, 0.792711315, -0.60959722, 8.84474035e-006, 0.60959722, 0.792711315, -6.01424217e-006, -3.34506044e-006, 1.0159287e-005, 1, 0.792711335, -0.609597194, -5.02567369e-006, 0.609597194, 0.792711335, 3.70146449e-006, 1.72750613e-006, -5.99782944e-006, 1, 0, 0, 0, 0, 0, 0, 0, 0.114434985, 0.156105737, 0.140463623, -0.388761894, 0.587751636, 0.709372607, -0.453857422, -0.792114258, 0.407836914, 0.80176593, -0.163414525, 0.574817571, 0, 0, 0, 0, 0, 0, 0, 0.187954785, 0.157231592, 0.0782257324, -0.471724672, 0.752290269, -0.459619678, 0.0490722656, -0.498046875, -0.865600586, -0.880302922, -0.430927066, 0.198036644, 0, 2, 1, 1, 
221.842411, 34, 0.1, 0.1, 0.0278908943, 0.354589126, -0.0349720505, 0.79271127, -0.609597278, 7.06146601e-006, 0.609597278, 0.79271127, -3.68081688e-006, -3.35388774e-006, 7.22247548e-006, 1, 0.792711282, -0.609597263, 1.41309389e-005, 0.609597263, 0.792711282, -1.27190737e-005, -3.44824217e-006, 1.86967349e-005, 1, 0, 0, 0, 0, 0, 0, 0, 0.114512598, 0.155920215, 0.139477515, -0.391542058, 0.588355595, 0.707406458, -0.453613281, -0.792236328, 0.407958984, 0.800599569, -0.161161935, 0.577230042, 0, 0, 0, 0, 0, 0, 0, 0.188295459, 0.15670918, 0.0772117676, -0.469667408, 0.750840013, -0.464201222, 0.0523681641, -0.501098633, -0.863647461, -0.881191379, -0.42997481, 0.196082192, 0, 2, 1, 1, 
221.843117, 34, 0.1, 0.1, 0.0278908985, 0.354589122, -0.0349721752, 0.792711225, -0.609597338, -1.22605407e-005, 0.609597338, 0.792711225, 1.10003849e-005, 3.0132629e-006, -1.61941216e-005, 1, 0.79271123, -0.609597331, -1.19862613e-005, 0.609597331, 0.792711229, 1.96721758e-005, -2.49046195e-006, -2.29011475e-005, 1, 0, 0, 0, 0, 0, 0, 0, 0.114512598, 0.155920215, 0.139477515, -0.391542058, 0.588355595, 0.707406458, -0.453613281, -0.792236328, 0.407958984, 0.800599569, -0.161161935, 0.577230042, 0, 0, 0, 0, 0, 0, 0, 0.188295459, 0.15670918, 0.0772117676, -0.469667408, 0.750840013, -0.464201222, 0.0523681641, -0.501098633, -0.863647461, -0.881191379, -0.42997481, 0.196082192, 0, 2, 1, 1, 
221.843808, 34, 0.1, 0.1, 0.0278908959, 0.354589126, -0.0349714928, 0.792711176, -0.609597402, 1.2036646e-005, 0.609597402, 0.792711175, -1.96620255e-005, 2.44433587e-006, 2.29238155e-005, 1, 0.79271118, -0.609597396, 1.27689868e-005, 0.609597396, 0.79271118, -2.10265556e-005, 2.69561498e-006, 2.44519268e-005, 1, 0, 0, 0, 0, 0, 0, 0, 0.114512598, 0.155920215, 0.139477515, -0.391542058, 0.588355595, 0.707406458, -0.453613281, -0.792236328, 0.407958984, 0.800599569, -0.161161935, 0.577230042, 0, 0, 0, 0, 0, 0, 0, 0.188295459, 0.15670918, 0.0772117676, -0.469667408, 0.750840013, -0.464201222, 0.0523681641, -0.501098633, -0.863647461, -0.881191379, -0.42997481, 0.196082192, 0, 2, 1, 1, 
221.844509, 34, 0.1, 0.1, 0.0278908979, 0.354589124, -0.0349703128, 0.792711129, -0.609597463, -1.5506246e-005, 0.609597463, 0.792711128, 2.38827701e-005, -2.26690226e-006, -2.83847059e-005, 1, 0.792711133, -0.609597456, -1.66950611e-005, 0.609597457, 0.792711133, 1.73439271e-005, 2.66154695e-006, -2.39259909e-005, 1, 0, 0, 0, 0, 0, 0, 0, 0.114512598, 0.155920215, 0.139477515, -0.391542058, 0.588355595, 0.707406458, -0.453613281, -0.792236328, 0.407958984, 0.800599569, -0.161161935, 0.577230042, 0, 0, 0, 0, 0, 0, 0, 0.188295459, 0.15670918, 0.0772117676, -0.469667408, 0.750840013, -0.464201222, 0.0523681641, -0.501098633, -0.863647461, -0.881191379, -0.42997481, 0.196082192, 0, 2, 1, 1, 
221.845209, 34, 0.1, 0.1, 0.0278908989, 0.354589124, -0.0349690407, 0.792711083, -0.609597522, 1.56179498e-005, 0.609597522, 0.792711083, -1.64017389e-005, -2.38206255e-006, 2.25225037e-005, 1, 0.792711093, -0.609597509, 8.87227159e-006, 0.609597509, 0.792711093, -7.60563053e-006, -2.39677469e-006, 1.14375824e-005, 1, 0, 0, 0, 0, 0, 0, 0, 0.114512598, 0.155920215, 0.139477515, -0.391542058, 0.588355595, 0.707406458, -0.453613281, -0.792236328, 0.407958984, 0.800599569, -0.161161935, 0.577230042, 0, 0, 0, 0, 0, 0, 0, 0.188295459, 0.15670918, 0.0772117676, -0.469667408, 0.750840013, -0.464201222, 0.0523681641, -0.501098633, -0.863647461, -0.881191379, -0.42997481, 0.196082192, 0, 2, 1, 1, 
221.845898, 34, 0.1, 0.1, 0.0278908965, 0.354589128, -0.0349680797, 0.792711047, -0.609597568, -9.54415823e-006, 0.609597569, 0.792711047, 7.65398434e-006, 2.89990943e-006, -1.18854936e-005, 1, 0.792711064, -0.609597547, 5.85612854e-006, 0.609597547, 0.792711064, -3.05493351e-006, -2.77993791e-006, 5.99156118e-006, 1, 0, 0, 0, 0, 0, 0, 0, 0.114512598, 0.155920215, 0.139477515, -0.391542058, 0.588355595, 0.707406458, -0.453613281, -0.792236328, 0.407958984, 0.800599569, -0.161161935, 0.577230042, 0, 0, 0, 0, 0, 0, 0, 0.188295459, 0.15670918, 0.0772117676, -0.469667408, 0.750840013, -0.464201222, 0.0523681641, -0.501098633, -0.863647461, -0.881191379, -0.42997481, 0.196082192, 0, 2, 1, 1, 
221.846607, 34, 0.1, 0.1, 0.0278909015, 0.354589123, -0.0349676341, 0.792711022, -0.609597601, -6.33864524e-006, 0.609597601, 0.792711022, 2.32211734e-006, 3.60915678e-006, -5.70479095e-006, 1, 0.792711032, -0.609597588, -1.51646814e-005, 0.609597588, 0.792711032, 1.36870416e-005, 3.67762265e-006, -2.00942221e-005, 1, 0, 0, 0, 0, 0, 0, 0, 0.114512598, 0.155920215, 0.139477515, -0.393656105, 0.58994918, 0.704856568, -0.454711914, -0.791381836, 0.408447266, 0.79895693, -0.159684048, 0.579858559, 0, 0, 0, 0, 0, 0, 0, 0.188295459, 0.15670918, 0.0772117676, -0.469667408, 0.750840013, -0.464201222, 0.0523681641, -0.501098633, -0.863647461, -0.881191379, -0.42997481, 0.196082192, 0, 2, 1, 1, 
221.847319, 34, 0.1, 0.1, 0.0278908964, 0.35458913, -0.0349675951, 0.792710992, -0.609597641, 1.58292577e-005, 0.609597641, 0.792710991, -1.61287853e-005, -2.71595709e-006, 2.24349435e-005, 1, 0.792710992, -0.60959764, 1.58043194e-005, 0.609597641, 0.792710991, -2.54978399e-005, 3.01516531e-006, 2.98466938e-005, 1, 0, 0, 0, 0, 0, 0, 0, 0.114622803, 0.155559668, 0.138462231, -0.393656105, 0.58994918, 0.704856568, -0.454711914, -0.791381836, 0.408447266, 0.79895693, -0.159684048, 0.579858559, 0, 0, 0, 0, 0, 0, 0, 0.188642725, 0.156188477, 0.0762043945, -0.467475983, 0.749376997, -0.468648605, 0.0556640625, -0.50402832, -0.861694336, -0.882188478, -0.428901152, 0.194019098, 0, 2, 1, 1, 
221.848021, 34, 0.1, 0.1, 0.0278908997, 0.354589127, -0.0349681713, 0.792710956, -0.609597687, -1.40014751e-005, 0.609597688, 0.792710955, 2.17625486e-005, -2.16727659e-006, -2.57866776e-005, 1, 0.792710957, -0.609597686, -1.43640002e-005, 0.609597686, 0.792710957, 2.25963845e-005, -2.38820338e-006, -2.66686629e-005, 1, 0, 0, 0, 0, 0, 0, 0, 0.114622803, 0.155559668, 0.138462231, -0.393656105, 0.58994918, 0.704856568, -0.454711914, -0.791381836, 0.408447266, 0.79895693, -0.159684048, 0.579858559, 0, 0, 0, 0, 0, 0, 0, 0.188642725, 0.156188477, 0.0762043945, -0.467475983, 0.749376997, -0.468648605, 0.0556640625, -0.50402832, -0.861694336, -0.882188478, -0.428901152, 0.194019098, 0, 2, 1, 1, 
221.848706, 34, 0.1, 0.1, 0.0278908988, 0.354589129, -0.0349691478, 0.792710924, -0.609597728, 1.36301802e-005, 0.609597728, 0.792710924, -2.25962437e-005, 2.96982611e-006, 2.62212162e-005, 1, 0.792710926, -0.609597726, 1.47038082e-005, 0.609597726, 0.792710926, -1.56897364e-005, -2.09144176e-006, 2.14008335e-005, 1, 0, 0, 0, 0, 0, 0, 0, 0.114622803, 0.155559668, 0.138462231, -0.393656105, 0.58994918, 0.704856568, -0.454711914, -0.791381836, 0.408447266, 0.79895693, -0.159684048, 0.579858559, 0, 0, 0, 0, 0, 0, 0, 0.188642725, 0.156188477, 0.0762043945, -0.467475983, 0.749376997, -0.468648605, 0.0556640625, -0.50402832, -0.861694336, -0.882188478, -0.428901152, 0.194019098, 0, 2, 1, 1, 
221.849406, 34, 0.1, 0.1, 0.0278908984, 0.354589131, -0.0349702598, 0.792710895, -0.609597767, -1.52670391e-005, 0.609597767, 0.792710894, 1.62843151e-005, 2.17546608e-006, -2.2215507e-005, 1, 0.792710902, -0.609597758, -8.64273907e-006, 0.609597758, 0.792710902, 7.71784342e-006, 2.14641344e-006, -1.1386613e-005, 1, 0, 0, 0, 0, 0, 0, 0, 0.114622803, 0.155559668, 0.138462231, -0.393656105, 0.58994918, 0.704856568, -0.454711914, -0.791381836, 0.408447266, 0.79895693, -0.159684048, 0.579858559, 0, 0, 0, 0, 0, 0, 0, 0.188642725, 0.156188477, 0.0762043945, -0.467475983, 0.749376997, -0.468648605, 0.0556640625, -0.50402832, -0.861694336, -0.882188478, -0.428901152, 0.194019098, 0, 2, 1, 1, 
221.850248, 34, 0.1, 0.1, 0.027890899, 0.354589129, -0.0349706019, 0.792710846, -0.60959783, 2.12828713e-005, 0.60959783, 0.792710846, -1.42838122e-005, -8.16378201e-006, 2.42969251e-005, 1, 0.792710886, -0.609597778, -7.04163429e-006, 0.609597778, 0.792710886, 5.17869854e-006, 2.42505703e-006, -8.39777533e-006, 1, 0, 0, 0, 0, 0, 0, 0, 0.114622803, 0.155559668, 0.138462231, -0.393656105, 0.58994918, 0.704856568, -0.454711914, -0.791381836, 0.408447266, 0.79895693, -0.159684048, 0.579858559, 0, 0, 0, 0, 0, 0, 0, 0.188642725, 0.156188477, 0.0762043945, -0.467475983, 0.749376997, -0.468648605, 0.0556640625, -0.50402832, -0.861694336, -0.882188478, -0.428901152, 0.194019098, 0, 2, 1, 1, 
221.851168, 34, 0.1, 0.1, 0.0278908893, 0.354589142, -0.0349662008, 0.792710832, -0.609597849, 3.65141162e-006, 0.609597849, 0.792710831, -1.22650856e-005, 4.58225625e-006, 1.19485589e-005, 1, 0.792710825, -0.609597857, 1.27345344e-005, 0.609597858, 0.792710825, -2.55219414e-005, 5.46331747e-006, 2.79944641e-005, 1, 0, 0, 0, 0, 0, 0, 0, 0.114622803, 0.155559668, 0.138462231, -0.393656105, 0.58994918, 0.704856568, -0.454711914, -0.791381836, 0.408447266, 0.79895693, -0.159684048, 0.579858559, 0, 0, 0, 0, 0, 0, 0, 0.188642725, 0.156188477, 0.0762043945, -0.467475983, 0.749376997, -0.468648605, 0.0556640625, -0.50402832, -0.861694336, -0.882188478, -0.428901152, 0.194019098, 0, 2, 1, 1, 
221.851886, 34, 0.1, 0.1, 0.0278908949, 0.354589135, -0.0349632046, 0.792710848, -0.609597828, -1.14013455e-005, 0.609597828, 0.792710847, 2.37683406e-005, -5.45115855e-006, -2.57916569e-005, 1, 0.79271085, -0.609597825, -2.15386692e-005, 0.609597826, 0.792710849, 2.5181663e-005, 1.72324977e-006, -3.30917034e-005, 0.999999999, 0, 0, 0, 0, 0, 0, 0, 0.114915747, 0.155227563, 0.136620142, -0.392360942, 0.592082324, 0.703821636, -0.453857422, -0.790161133, 0.411743164, 0.800111308, -0.157920841, 0.578786557, 0, 0, 0, 0, 0, 0, 0, 0.189089209, 0.155662646, 0.0745079102, -0.467475983, 0.747952261, -0.471133873, 0.0555419922, -0.506958008, -0.860107422, -0.882188478, -0.428191699, 0.195476284, 0, 2, 1, 1, 
221.852588, 34, 0.1, 0.1, 0.0278908923, 0.354589139, -0.0349622317, 0.792710908, -0.60959775, 1.12799463e-005, 0.60959775, 0.792710908, -2.28636222e-005, 4.99587616e-006, 2.50004726e-005, 1, 0.792710893, -0.609597768, 1.20627641e-005, 0.609597769, 0.792710893, -2.51318415e-005, 5.75803001e-006, 2.72757186e-005, 1, 0, 0, 0, 0, 0, 0, 0, 0.114915747, 0.155227563, 0.136620142, -0.392360942, 0.592082324, 0.703821636, -0.453857422, -0.790161133, 0.411743164, 0.800111308, -0.157920841, 0.578786557, 0, 0, 0, 0, 0, 0, 0, 0.189089209, 0.155662646, 0.0745079102, -0.467475983, 0.747952261, -0.471133873, 0.0555419922, -0.506958008, -0.860107422, -0.882188478, -0.428191699, 0.195476284, 0, 2, 1, 1, 
221.853299, 34, 0.1, 0.1, 0.027890893, 0.354589139, -0.0349634838, 0.792710919, -0.609597735, -9.33803534e-007, 0.609597735, 0.792710919, 6.72436241e-006, -3.35891983e-006, -5.89972003e-006, 1, 0.792710921, -0.609597732, -9.45385736e-006, 0.609597732, 0.792710921, 6.62792298e-006, 3.45380916e-006, -1.10170769e-005, 1, 0, 0, 0, 0, 0, 0, 0, 0.114915747, 0.155227563, 0.136620142, -0.392360942, 0.592082324, 0.703821636, -0.453857422, -0.790161133, 0.411743164, 0.800111308, -0.157920841, 0.578786557, 0, 0, 0, 0, 0, 0, 0, 0.189089209, 0.155662646, 0.0745079102, -0.467475983, 0.747952261, -0.471133873, 0.0555419922, -0.506958008, -0.860107422, -0.882188478, -0.428191699, 0.195476284, 0, 2, 1, 1, 
221.854009, 34, 0.1, 0.1, 0.0278908925, 0.35458914, -0.0349663954, 0.792710964, -0.609597677, -5.55963165e-006, 0.609597677, 0.792710964, 1.45359367e-005, -4.45389226e-006, -1.49119349e-005, 1, 0.79271096, -0.609597681, 3.5854725e-006, 0.609597681, 0.79271096, 2.53658026e-006, -4.3885368e-006, 1.74920747e-007, 1, 0, 0, 0, 0, 0, 0, 0, 0.114915747, 0.155227563, 0.136620142, -0.395160202, 0.593321321, 0.701132082, -0.453491211, -0.789794922, 0.412841797, 0.79882438, -0.154780097, 0.581313604, 0, 0, 0, 0, 0, 0, 0, 0.189089209, 0.155662646, 0.0745079102, -0.467475983, 0.747952261, -0.471133873, 0.0555419922, -0.506958008, -0.860107422, -0.882188478, -0.428191699, 0.195476284, 0, 2, 1, 1, 
221.854716, 34, 0.1, 0.1, 0.0278908952, 0.354589136, -0.0349697484, 0.792710959, -0.609597683, 4.39861421e-006, 0.609597683, 0.792710959, -8.02181157e-006, 1.40324805e-006, 9.04036298e-006, 1, 0.792710951, -0.609597694, -1.02058083e-006, 0.609597694, 0.792710951, 7.78060865e-006, -3.93401549e-006, -6.78991741e-006, 1, 0, 0, 0, 0, 0, 0, 0, 0.114992017, 0.155077197, 0.134927686, -0.395160202, 0.593321321, 0.701132082, -0.453491211, -0.789794922, 0.412841797, 0.79882438, -0.154780097, 0.581313604, 0, 0, 0, 0, 0, 0, 0, 0.189395215, 0.155298291, 0.073038916, -0.466076766, 0.745888434, -0.475651619, 0.0599365234, -0.509765625, -0.858154297, -0.882655128, -0.428408616, 0.192914823, 0, 2, 1, 1, 
221.855417, 34, 0.1, 0.1, 0.0278908918, 0.354589141, -0.0349728072, 0.792710951, -0.609597694, 1.07748988e-006, 0.609597694, 0.792710951, -4.2717963e-006, 1.74993915e-006, 4.04313506e-006, 1, 0.792710949, -0.609597697, 8.03183292e-006, 0.609597697, 0.792710949, -1.32333954e-005, 1.70012547e-006, 1.53864443e-005, 1, 0, 0, 0, 0, 0, 0, 0, 0.114992017, 0.155077197, 0.134927686, -0.395160202, 0.593321321, 0.701132082, -0.453491211, -0.789794922, 0.412841797, 0.79882438, -0.154780097, 0.581313604, 0, 0, 0, 0, 0, 0, 0, 0.189395215, 0.155298291, 0.073038916, -0.466076766, 0.745888434, -0.475651619, 0.0599365234, -0.509765625, -0.858154297, -0.882655128, -0.428408616, 0.192914823, 0, 2, 1, 1, 
221.856115, 34, 0.1, 0.1, 0.0278908962, 0.354589136, -0.0349747514, 0.792710952, -0.609597692, -1.00570056e-005, 0.609597692, 0.792710952, 1.88521215e-005, -3.51991126e-006, -2.10750106e-005, 1, 0.792710956, -0.609597687, -1.69548704e-005, 0.609597688, 0.792710955, 2.0346e-005, 1.03743693e-006, -2.64641469e-005, 1, 0, 0, 0, 0, 0, 0, 0, 0.114992017, 0.155077197, 0.134927686, -0.395160202, 0.593321321, 0.701132082, -0.453491211, -0.789794922, 0.412841797, 0.79882438, -0.154780097, 0.581313604, 0, 0, 0, 0, 0, 0, 0, 0.189395215, 0.155298291, 0.073038916, -0.466076766, 0.745888434, -0.475651619, 0.0599365234, -0.509765625, -0.858154297, -0.882655128, -0.428408616, 0.192914823, 0, 2, 1, 1, 
221.856806, 34, 0.1, 0.1, 0.0278908946, 0.354589138, -0.0349751008, 0.79271096, -0.609597682, 1.1347873e-005, 0.609597682, 0.79271096, -9.94600129e-006, -2.93252397e-006, 1.48019413e-005, 1, 0.792710962, -0.609597679, 1.20133288e-005, 0.609597679, 0.792710962, -1.04397696e-005, -3.15903812e-006, 1.55990172e-005, 1, 0, 0, 0, 0, 0, 0, 0, 0.114992017, 0.155077197, 0.134927686, -0.395160202, 0.593321321, 0.701132082, -0.453491211, -0.789794922, 0.412841797, 0.79882438, -0.154780097, 0.581313604, 0, 0, 0, 0, 0, 0, 0, 0.189395215, 0.155298291, 0.073038916, -0.466076766, 0.745888434, -0.475651619, 0.0599365234, -0.509765625, -0.858154297, -0.882655128, -0.428408616, 0.192914823, 0, 2, 1, 1, 
221.857503, 34, 0.1, 0.1, 0.0278908949, 0.354589138, -0.0349738584, 0.792710983, -0.609597652, -2.29657968e-006, 0.609597652, 0.792710983, -3.48376123e-007, 2.0328932e-006, -1.123828e-006, 1, 0.792710976, -0.609597662, -1.36880462e-006, 0.609597662, 0.792710976, 6.18720753e-006, -2.6866408e-006, -5.73908741e-006, 1, 0, 0, 0, 0, 0, 0, 0, 0.114992017, 0.155077197, 0.134927686, -0.395160202, 0.593321321, 0.701132082, -0.453491211, -0.789794922, 0.412841797, 0.79882438, -0.154780097, 0.581313604, 0, 0, 0, 0, 0, 0, 0, 0.189395215, 0.155298291, 0.073038916, -0.466076766, 0.745888434, -0.475651619, 0.0599365234, -0.509765625, -0.858154297, -0.882655128, -0.428408616, 0.192914823, 0, 2, 1, 1, 
221.858198, 34, 0.1, 0.1, 0.0278908941, 0.35458914, -0.0349714862, 0.792710977, -0.60959766, -6.17800239e-006, 0.60959766, 0.792710977, 4.6957368e-006, 2.03486014e-006, -7.4884579e-006, 1, 0.792710975, -0.609597663, 4.16925768e-007, 0.609597663, 0.792710975, -4.33056587e-006, 2.3094012e-006, 3.68704407e-006, 1, 0, 0, 0, 0, 0, 0, 0, 0.114992017, 0.155077197, 0.134927686, -0.395160202, 0.593321321, 0.701132082, -0.453491211, -0.789794922, 0.412841797, 0.79882438, -0.154780097, 0.581313604, 0, 0, 0, 0, 0, 0, 0, 0.189395215, 0.155298291, 0.073038916, -0.466076766, 0.745888434, -0.475651619, 0.0599365234, -0.509765625, -0.858154297, -0.882655128, -0.428408616, 0.192914823, 0, 2, 1, 1, 
221.858902, 34, 0.1, 0.1, 0.0278908947, 0.354589139, -0.0349686489, 0.792711001, -0.609597629, 8.9045343e-006, 0.609597629, 0.792711001, -4.94650309e-006, -4.04334574e-006, 9.34933041e-006, 1, 0.792711005, -0.609597623, 1.48190188e-006, 0.609597623, 0.792711005, -4.56604196e-006, 1.6087284e-006, 4.52291558e-006, 1, 0, 0, 0, 0, 0, 0, 0, 0.114875562, 0.154738257, 0.133446265, -0.397356625, 0.595289713, 0.698201394, -0.454101562, -0.788696289, 0.41418457, 0.797441972, -0.152496429, 0.583878842, 0, 0, 0, 0, 0, 0, 0, 0.189395215, 0.155298291, 0.073038916, -0.466076766, 0.745888434, -0.475651619, 0.0599365234, -0.509765625, -0.858154297, -0.882655128, -0.428408616, 0.192914823, 0, 2, 1, 1, 
