time, trialNum, realDorsalTactorPos, realVentralTactorPos, boxPosX, boxPosY, boxPosZ, boxLocalRot_11, boxLocalRot_12, boxLocalRot_13, boxLocalRot_21, boxLocalRot_22, boxLocalRot_23, boxLocalRot_31, boxLocalRot_32, boxLocalRot_33, boxGlobalRot_11, boxGlobalRot_12, boxGlobalRot_13, boxGlobalRot_21, boxGlobalRot_22, boxGlobalRot_23, boxGlobalRot_31, boxGlobalRot_32, boxGlobalRot_33, indexForceX, indexForceY, indexForceZ, indexForceGlobalX, indexForceGlobalY, indexForceGlobalZ, indexContact, indexPosX, indexPosY, indexPosZ, indexRot_11, indexRot_12, indexRot_13, indexRot_21, indexRot_22, indexRot_23, indexRot_31, indexRot_32, indexRot_33, thumbForceX, thumbForceY, thumbForceZ, thumbForceGlobalX, thumbForceGlobalY, thumbForceGlobalZ, thumbContact, thumbPosX, thumbPosY, thumbPosZ, thumbRot_11, thumbRot_12, thumbRot_13, thumbRot_21, thumbRot_22, thumbRot_23, thumbRot_31, thumbRot_32, thumbRot_33, manipForceTooHigh, cceExpType, mapping, trialSuccess, 
186.986847, 27, 0.1, 0.1, -0.00247451301, 0.350368702, -0.0349747456, 0.367489775, -4.02137801e-005, -0.930027561, -0.930027561, 2.57623628e-005, -0.367489776, 3.87378605e-005, 0.999999999, -2.79325189e-005, 0.367489618, -3.27927156e-005, -0.930027623, -0.930027623, 2.52939958e-005, -0.367489619, 3.55750973e-005, 0.999999999, -2.12028505e-005, 0, 0, 0, 0, 0, 0, 0, 0.118622949, 0.150635059, 0.142209033, -0.518300973, 0.598776862, 0.610553644, -0.597290039, -0.764282227, 0.242675781, 0.612053024, -0.238945134, 0.753857495, 0, 0, 0, 0, 0, 0, 0, 0.200643799, 0.144949561, 0.101417236, -0.358422036, 0.766591674, -0.532519741, 0.0731201172, -0.545532227, -0.834716797, -0.930624889, -0.338103352, 0.139559057, 0, 2, 1, 1, 
187.009658, 27, 0.1, 0.1, -0.0024745025, 0.350368699, -0.0349704888, 0.367499279, 1.3113814e-005, -0.930023806, -0.930023806, -3.47681074e-006, -0.367499279, -8.05283393e-006, 1, 1.09184337e-005, 0.367499306, 1.2674651e-005, -0.930023795, -0.930023795, -9.41906635e-007, -0.367499306, -5.53392102e-006, 1, 1.1441577e-005, 0, 0, 0, 0, 0, 0, 0, 0.121578198, 0.149929126, 0.133454956, -0.51602628, 0.628150748, 0.582284318, -0.619750977, -0.743041992, 0.252319336, 0.591300079, -0.230620347, 0.772795172, 0, 0, 0, 0, 0, 0, 0, 0.203606592, 0.14194082, 0.0946168945, -0.342436404, 0.758785159, -0.55382409, 0.0856933594, -0.561767578, -0.822753906, -0.935572837, -0.329227176, 0.12737772, 0, 2, 1, 1, 
187.010352, 27, 0.1, 0.1, -0.00247450076, 0.3503687, -0.0349671541, 0.367499139, -1.39054796e-006, -0.930023861, -0.930023861, -7.03099966e-006, -0.367499139, -6.02797228e-006, 1, -3.8771291e-006, 0.367499162, -1.08469415e-005, -0.930023852, -0.930023852, -1.55493287e-006, -0.367499162, 2.54011725e-006, 1, -1.06593508e-005, 0, 0, 0, 0, 0, 0, 0, 0.121578198, 0.149929126, 0.133454956, -0.51602628, 0.628150748, 0.582284318, -0.619750977, -0.743041992, 0.252319336, 0.591300079, -0.230620347, 0.772795172, 0, 0, 0, 0, 0, 0, 0, 0.203606592, 0.14194082, 0.0946168945, -0.342436404, 0.758785159, -0.55382409, 0.0856933594, -0.561767578, -0.822753906, -0.935572837, -0.329227176, 0.12737772, 0, 2, 1, 1, 
187.011069, 27, 0.1, 0.1, -0.0024745033, 0.350368698, -0.0349645112, 0.367499183, -7.58621759e-006, -0.930023844, -0.930023844, 2.38345403e-006, -0.367499183, 5.00459785e-006, 1, -6.17944584e-006, 0.367499157, 3.20894253e-006, -0.930023854, -0.930023854, 1.0573136e-005, -0.367499157, 8.65398504e-006, 1, 6.87001167e-006, 0, 0, 0, 0, 0, 0, 0, 0.121929712, 0.149133936, 0.131942896, -0.517545725, 0.630149098, 0.578681522, -0.623779297, -0.740844727, 0.249023437, 0.585608322, -0.232049182, 0.776579189, 0, 0, 0, 0, 0, 0, 0, 0.203958984, 0.14122373, 0.0932697266, -0.340283258, 0.757488387, -0.557050893, 0.0866699219, -0.564575195, -0.820678711, -0.936205731, -0.327399588, 0.126547598, 0, 2, 1, 1, 
187.011754, 27, 0.1, 0.1, -0.00247450305, 0.350368699, -0.0349636256, 0.367499397, 1.07395767e-005, -0.930023759, -0.930023759, 1.27107502e-005, -0.367499397, 7.8745117e-006, 1, 1.46592545e-005, 0.367499355, 6.03347074e-006, -0.930023776, -0.930023776, 7.68094421e-006, -0.367499355, 4.92616413e-006, 1, 8.43401328e-006, 0, 0, 0, 0, 0, 0, 0, 0.121929712, 0.149133936, 0.131942896, -0.517545725, 0.630149098, 0.578681522, -0.623779297, -0.740844727, 0.249023437, 0.585608322, -0.232049182, 0.776579189, 0, 0, 0, 0, 0, 0, 0, 0.203958984, 0.14122373, 0.0932697266, -0.340283258, 0.757488387, -0.557050893, 0.0866699219, -0.564575195, -0.820678711, -0.936205731, -0.327399588, 0.126547598, 0, 2, 1, 1, 
187.012439, 27, 0.1, 0.1, -0.00247450265, 0.350368699, -0.0349646883, 0.367499504, -1.33792253e-005, -0.930023717, -0.930023717, 4.25488408e-007, -0.367499504, 5.31257297e-006, 1, -1.22866301e-005, 0.367499502, -1.01688771e-005, -0.930023718, -0.930023718, -8.34899096e-006, -0.367499502, -4.02770232e-006, 1, -1.2525547e-005, 0, 0, 0, 0, 0, 0, 0, 0.121929712, 0.149133936, 0.131942896, -0.517545725, 0.630149098, 0.578681522, -0.623779297, -0.740844727, 0.249023437, 0.585608322, -0.232049182, 0.776579189, 0, 0, 0, 0, 0, 0, 0, 0.203958984, 0.14122373, 0.0932697266, -0.340283258, 0.757488387, -0.557050893, 0.0866699219, -0.564575195, -0.820678711, -0.936205731, -0.327399588, 0.126547598, 0, 2, 1, 1, 
187.013125, 27, 0.1, 0.1, -0.00247450448, 0.350368699, -0.0349672657, 0.367499395, 5.60805502e-006, -0.93002376, -0.93002376, -1.4873008e-006, -0.367499395, -3.44418191e-006, 1, 4.66904227e-006, 0.367499427, 1.28266977e-005, -0.930023747, -0.930023747, -1.8483678e-006, -0.367499427, -6.43283001e-006, 1, 1.12498594e-005, 0, 0, 0, 0, 0, 0, 0, 0.121929712, 0.149133936, 0.131942896, -0.517545725, 0.630149098, 0.578681522, -0.623779297, -0.740844727, 0.249023437, 0.585608322, -0.232049182, 0.776579189, 0, 0, 0, 0, 0, 0, 0, 0.203958984, 0.14122373, 0.0932697266, -0.340283258, 0.757488387, -0.557050893, 0.0866699219, -0.564575195, -0.820678711, -0.936205731, -0.327399588, 0.126547598, 0, 2, 1, 1, 
187.013823, 27, 0.1, 0.1, -0.00247450148, 0.350368699, -0.0349703669, 0.367499262, 3.70788939e-006, -0.930023813, -0.930023813, -3.40379176e-006, -0.367499262, -4.528254e-006, 1, 2.19753447e-006, 0.367499274, -6.84691366e-006, -0.930023808, -0.930023808, -5.12928733e-006, -0.367499274, -2.25412353e-006, 1, -8.25280209e-006, 0, 0, 0, 0, 0, 0, 0, 0.121929712, 0.149133936, 0.131942896, -0.517545725, 0.630149098, 0.578681522, -0.623779297, -0.740844727, 0.249023437, 0.585608322, -0.232049182, 0.776579189, 0, 0, 0, 0, 0, 0, 0, 0.204231787, 0.140491748, 0.0915683594, -0.339369647, 0.755936053, -0.559683083, 0.0853271484, -0.567749023, -0.818603516, -0.936723421, -0.325476119, 0.128234828, 0, 2, 1, 1, 
187.014508, 27, 0.1, 0.1, -0.002474501, 0.350368698, -0.0349731153, 0.367499306, -1.02947083e-005, -0.930023795, -0.930023795, -5.35629899e-006, -0.367499306, -1.19818736e-006, 1, -1.15427598e-005, 0.367499282, -8.89905929e-006, -0.930023805, -0.930023805, 2.7139903e-006, -0.367499282, 5.79447349e-006, 1, -7.27894749e-006, 0, 0, 0, 0, 0, 0, 0, 0.121929712, 0.149133936, 0.131942896, -0.517545725, 0.630149098, 0.578681522, -0.623779297, -0.740844727, 0.249023437, 0.585608322, -0.232049182, 0.776579189, 0, 0, 0, 0, 0, 0, 0, 0.204231787, 0.140491748, 0.0915683594, -0.339369647, 0.755936053, -0.559683083, 0.0853271484, -0.567749023, -0.818603516, -0.936723421, -0.325476119, 0.128234828, 0, 2, 1, 1, 
187.015192, 27, 0.1, 0.1, -0.00247450106, 0.350368697, -0.0349748411, 0.367499443, 6.55989517e-006, -0.930023741, -0.930023741, 7.66199009e-006, -0.367499443, 4.71507488e-006, 1, 8.91663533e-006, 0.367499419, 5.52220327e-006, -0.930023751, -0.930023751, 9.93006572e-006, -0.367499419, 7.20579048e-006, 1, 8.78507358e-006, 0, 0, 0, 0, 0, 0, 0, 0.121929712, 0.149133936, 0.131942896, -0.517545725, 0.630149098, 0.578681522, -0.623779297, -0.740844727, 0.249023437, 0.585608322, -0.232049182, 0.776579189, 0, 0, 0, 0, 0, 0, 0, 0.204231787, 0.140491748, 0.0915683594, -0.339369647, 0.755936053, -0.559683083, 0.0853271484, -0.567749023, -0.818603516, -0.936723421, -0.325476119, 0.128234828, 0, 2, 1, 1, 
187.015891, 27, 0.1, 0.1, -0.00247449981, 0.350368697, -0.0349749774, 0.367499473, -4.89107806e-006, -0.93002373, -0.93002373, 5.42656671e-006, -0.367499473, 6.84430441e-006, 1, -2.55455826e-006, 0.367499479, -8.94821326e-006, -0.930023727, -0.930023727, 1.82151271e-006, -0.367499479, 4.98251376e-006, 1, -7.65264567e-006, 0, 0, 0, 0, 0, 0, 0, 0.12232041, 0.148356323, 0.130225293, -0.518372845, 0.632464966, 0.575465515, -0.627319336, -0.738525391, 0.246826172, 0.581166424, -0.233033939, 0.779683985, 0, 0, 0, 0, 0, 0, 0, 0.204231787, 0.140491748, 0.0915683594, -0.339369647, 0.755936053, -0.559683083, 0.0853271484, -0.567749023, -0.818603516, -0.936723421, -0.325476119, 0.128234828, 0, 2, 1, 1, 
187.016576, 27, 0.1, 0.1, -0.00247450188, 0.350368696, -0.0349736323, 0.367499358, -5.13992953e-006, -0.930023775, -0.930023775, 2.16411655e-006, -0.367499358, 3.90160064e-006, 1, -3.98494523e-006, 0.367499386, 6.2142061e-006, -0.930023764, -0.930023764, -5.71259521e-007, -0.367499386, -2.81500185e-006, 1, 5.56942182e-006, 0, 0, 0, 0, 0, 0, 0, 0.12232041, 0.148356323, 0.130225293, -0.518372845, 0.632464966, 0.575465515, -0.627319336, -0.738525391, 0.246826172, 0.581166424, -0.233033939, 0.779683985, 0, 0, 0, 0, 0, 0, 0, 0.204231787, 0.140491748, 0.0915683594, -0.339369647, 0.755936053, -0.559683083, 0.0853271484, -0.567749023, -0.818603516, -0.936723421, -0.325476119, 0.128234828, 0, 2, 1, 1, 
187.017263, 27, 0.1, 0.1, -0.00247450207, 0.350368697, -0.0349713366, 0.367499278, 1.25200763e-005, -0.930023806, -0.930023806, 8.73489678e-007, -0.367499278, -3.78875279e-006, 1, 1.19649758e-005, 0.36749928, 9.39191292e-006, -0.930023806, -0.930023806, -3.38788155e-006, -0.36749928, -6.60233173e-006, 1, 7.48965857e-006, 0, 0, 0, 0, 0, 0, 0, 0.12232041, 0.148356323, 0.130225293, -0.518372845, 0.632464966, 0.575465515, -0.627319336, -0.738525391, 0.246826172, 0.581166424, -0.233033939, 0.779683985, 0, 0, 0, 0, 0, 0, 0, 0.204231787, 0.140491748, 0.0915683594, -0.339369647, 0.755936053, -0.559683083, 0.0853271484, -0.567749023, -0.818603516, -0.936723421, -0.325476119, 0.128234828, 0, 2, 1, 1, 
187.017942, 27, 0.1, 0.1, -0.00247450131, 0.350368697, -0.0349689108, 0.367499375, -7.27179613e-006, -0.930023768, -0.930023768, -1.12625325e-005, -0.367499375, -7.8020424e-006, 1, -1.09019169e-005, 0.367499343, -8.72950041e-006, -0.930023781, -0.930023781, -9.0018993e-006, -0.367499343, -5.16389476e-006, 1, -1.1426835e-005, 0, 0, 0, 0, 0, 0, 0, 0.12232041, 0.148356323, 0.130225293, -0.518372845, 0.632464966, 0.575465515, -0.627319336, -0.738525391, 0.246826172, 0.581166424, -0.233033939, 0.779683985, 0, 0, 0, 0, 0, 0, 0, 0.204231787, 0.140491748, 0.0915683594, -0.339369647, 0.755936053, -0.559683083, 0.0853271484, -0.567749023, -0.818603516, -0.936723421, -0.325476119, 0.128234828, 0, 2, 1, 1, 
187.018655, 27, 0.1, 0.1, -0.00247450357, 0.350368695, -0.0349665934, 0.367499547, 7.1673968e-006, -0.9300237, -0.9300237, -2.0085997e-006, -0.367499547, -4.5020604e-006, 1, 5.92768941e-006, 0.367499518, 1.04366427e-005, -0.930023711, -0.930023712, 8.65066186e-006, -0.367499518, 4.20985947e-006, 1, 1.28854393e-005, 0, 0, 0, 0, 0, 0, 0, 0.122272656, 0.148348267, 0.128460938, -0.523577462, 0.631978949, 0.571348249, -0.624511719, -0.740722656, 0.247070312, 0.579518915, -0.227518916, 0.782560751, 0, 0, 0, 0, 0, 0, 0, 0.204546338, 0.139984082, 0.0902259277, -0.33803423, 0.75219156, -0.565312765, 0.0913085938, -0.571655273, -0.815307617, -0.936583063, -0.327219851, 0.124574556, 0, 2, 1, 1, 
187.019341, 27, 0.1, 0.1, -0.00247450122, 0.350368696, -0.0349654857, 0.36749953, 3.18199168e-006, -0.930023707, -0.930023707, 6.95688114e-006, -0.36749953, 5.30068394e-006, 1, 5.51597825e-006, 0.367499549, -9.23725691e-006, -0.930023699, -0.930023699, 5.67920909e-006, -0.367499549, 8.67648679e-006, 1, -6.50376106e-006, 0, 0, 0, 0, 0, 0, 0, 0.122272656, 0.148348267, 0.128460938, -0.523577462, 0.631978949, 0.571348249, -0.624511719, -0.740722656, 0.247070312, 0.579518915, -0.227518916, 0.782560751, 0, 0, 0, 0, 0, 0, 0, 0.204546338, 0.139984082, 0.0902259277, -0.33803423, 0.75219156, -0.565312765, 0.0913085938, -0.571655273, -0.815307617, -0.936583063, -0.327219851, 0.124574556, 0, 2, 1, 1, 
187.020026, 27, 0.1, 0.1, -0.00247450127, 0.350368696, -0.0349657791, 0.367499348, -1.75719982e-005, -0.930023779, -0.930023779, 1.9550016e-006, -0.367499348, 8.27589589e-006, 1, -1.56239144e-005, 0.367499385, -1.07418243e-005, -0.930023764, -0.930023764, 1.45371112e-006, -0.367499385, 5.2995997e-006, 1, -9.45591392e-006, 0, 0, 0, 0, 0, 0, 0, 0.122272656, 0.148348267, 0.128460938, -0.523577462, 0.631978949, 0.571348249, -0.624511719, -0.740722656, 0.247070312, 0.579518915, -0.227518916, 0.782560751, 0, 0, 0, 0, 0, 0, 0, 0.204546338, 0.139984082, 0.0902259277, -0.33803423, 0.75219156, -0.565312765, 0.0913085938, -0.571655273, -0.815307617, -0.936583063, -0.327219851, 0.124574556, 0, 2, 1, 1, 
187.020711, 27, 0.1, 0.1, -0.00247450107, 0.350368696, -0.0349673099, 0.367499262, 5.71336365e-006, -0.930023813, -0.930023813, 9.23009555e-006, -0.367499262, 6.48455173e-006, 1, 8.70561754e-006, 0.367499261, 9.16080031e-006, -0.930023813, -0.930023813, 1.09256136e-006, -0.367499261, -2.35047927e-006, 1, 8.92127793e-006, 0, 0, 0, 0, 0, 0, 0, 0.122272656, 0.148348267, 0.128460938, -0.523577462, 0.631978949, 0.571348249, -0.624511719, -0.740722656, 0.247070312, 0.579518915, -0.227518916, 0.782560751, 0, 0, 0, 0, 0, 0, 0, 0.204546338, 0.139984082, 0.0902259277, -0.33803423, 0.75219156, -0.565312765, 0.0913085938, -0.571655273, -0.815307617, -0.936583063, -0.327219851, 0.124574556, 0, 2, 1, 1, 
187.021401, 27, 0.1, 0.1, -0.00247449843, 0.350368696, -0.0349695159, 0.367499377, -5.59242006e-006, -0.930023768, -0.930023768, -3.86787642e-006, -0.367499377, -1.54200612e-006, 1, -6.62252575e-006, 0.367499345, -1.03698708e-005, -0.93002378, -0.93002378, -8.71016396e-006, -0.367499344, -4.28973889e-006, 1, -1.2845206e-005, 0, 0, 0, 0, 0, 0, 0, 0.122272656, 0.148348267, 0.128460938, -0.523577462, 0.631978949, 0.571348249, -0.624511719, -0.740722656, 0.247070312, 0.579518915, -0.227518916, 0.782560751, 0, 0, 0, 0, 0, 0, 0, 0.204546338, 0.139984082, 0.0902259277, -0.33803423, 0.75219156, -0.565312765, 0.0913085938, -0.571655273, -0.815307617, -0.936583063, -0.327219851, 0.124574556, 0, 2, 1, 1, 
187.022084, 27, 0.1, 0.1, -0.00247449993, 0.350368694, -0.0349717279, 0.367499506, -1.95830743e-006, -0.930023717, -0.930023717, -4.87434988e-006, -0.367499505, -3.81358398e-006, 1, -3.61259352e-006, 0.367499493, 6.15133238e-006, -0.930023722, -0.930023722, 8.60642563e-007, -0.367499493, -1.46019353e-006, 1, 6.03717074e-006, 0, 0, 0, 0, 0, 0, 0, 0.122272656, 0.148348267, 0.128460938, -0.523577462, 0.631978949, 0.571348249, -0.624511719, -0.740722656, 0.247070312, 0.579518915, -0.227518916, 0.782560751, 0, 0, 0, 0, 0, 0, 0, 0.204546338, 0.139984082, 0.0902259277, -0.33803423, 0.75219156, -0.565312765, 0.0913085938, -0.571655273, -0.815307617, -0.936583063, -0.327219851, 0.124574556, 0, 2, 1, 1, 
187.022768, 27, 0.1, 0.1, -0.00247449968, 0.350368693, -0.0349733435, 0.367499468, 1.19081554e-005, -0.930023731, -0.930023731, 2.85695414e-006, -0.367499468, -1.71920561e-006, 1, 1.21247962e-005, 0.367499491, 5.08533895e-006, -0.930023722, -0.930023722, 7.78654488e-006, -0.367499491, 5.37281198e-006, 1, 7.59103714e-006, 0, 0, 0, 0, 0, 0, 0, 0.122272656, 0.148348267, 0.128460938, -0.523577462, 0.631978949, 0.571348249, -0.624511719, -0.740722656, 0.247070312, 0.579518915, -0.227518916, 0.782560751, 0, 0, 0, 0, 0, 0, 0, 0.204546338, 0.139984082, 0.0902259277, -0.33803423, 0.75219156, -0.565312765, 0.0913085938, -0.571655273, -0.815307617, -0.936583063, -0.327219851, 0.124574556, 0, 2, 1, 1, 
187.023484, 27, 0.1, 0.1, -0.00247449954, 0.350368693, -0.0349736225, 0.367499329, -8.8388093e-006, -0.930023786, -0.930023786, 6.20417288e-007, -0.367499329, 3.82525932e-006, 1, -7.99229995e-006, 0.367499352, -1.01174759e-005, -0.930023777, -0.930023777, 3.10385664e-006, -0.367499352, 6.6048263e-006, 1, -8.2688278e-006, 0, 0, 0, 0, 0, 0, 0, 0.122615747, 0.147357178, 0.126462476, -0.525419296, 0.63426486, 0.567008943, -0.625732422, -0.739501953, 0.247558594, 0.576473651, -0.224791171, 0.785596276, 0, 0, 0, 0, 0, 0, 0, 0.204933643, 0.139103662, 0.0888703125, -0.335408237, 0.748996839, -0.571210771, 0.0961914063, -0.575805664, -0.811767578, -0.937043516, -0.327187402, 0.121131569, 0, 2, 1, 1, 
187.024168, 27, 0.1, 0.1, -0.00247450147, 0.350368692, -0.0349728059, 0.367499305, 1.80638892e-006, -0.930023796, -0.930023796, 6.72902125e-006, -0.367499305, 5.59430321e-006, 1, 4.15289531e-006, 0.367499296, 7.75326941e-006, -0.930023799, -0.930023799, 6.98514584e-006, -0.367499296, 3.64703082e-006, 1, 9.77776126e-006, 0, 0, 0, 0, 0, 0, 0, 0.122615747, 0.147357178, 0.126462476, -0.525419296, 0.63426486, 0.567008943, -0.625732422, -0.739501953, 0.247558594, 0.576473651, -0.224791171, 0.785596276, 0, 0, 0, 0, 0, 0, 0, 0.204933643, 0.139103662, 0.0888703125, -0.335408237, 0.748996839, -0.571210771, 0.0961914063, -0.575805664, -0.811767578, -0.937043516, -0.327187402, 0.121131569, 0, 2, 1, 1, 
187.024854, 27, 0.1, 0.1, -0.00247450007, 0.350368694, -0.0349712619, 0.367499435, 3.95975882e-006, -0.930023744, -0.930023744, 4.16416276e-006, -0.367499435, 2.41756111e-006, 1, 5.21299719e-006, 0.367499404, -2.83875377e-006, -0.930023757, -0.930023757, -6.57763134e-006, -0.367499404, -5.07411309e-006, 1, -5.05738404e-006, 0, 0, 0, 0, 0, 0, 0, 0.122615747, 0.147357178, 0.126462476, -0.525419296, 0.63426486, 0.567008943, -0.625732422, -0.739501953, 0.247558594, 0.576473651, -0.224791171, 0.785596276, 0, 0, 0, 0, 0, 0, 0, 0.204933643, 0.139103662, 0.0888703125, -0.335408237, 0.748996839, -0.571210771, 0.0961914063, -0.575805664, -0.811767578, -0.937043516, -0.327187402, 0.121131569, 0, 2, 1, 1, 
187.02554, 27, 0.1, 0.1, -0.00247450062, 0.350368694, -0.0349694612, 0.367499528, -1.0126793e-005, -0.930023708, -0.930023708, -9.31993647e-006, -0.367499528, -4.94617022e-006, 1, -1.28432298e-005, 0.367499525, -4.10988151e-006, -0.930023709, -0.930023709, -1.05063965e-005, -0.367499525, -8.26081835e-006, 1, -7.68338297e-006, 0, 0, 0, 0, 0, 0, 0, 0.122615747, 0.147357178, 0.126462476, -0.525419296, 0.63426486, 0.567008943, -0.625732422, -0.739501953, 0.247558594, 0.576473651, -0.224791171, 0.785596276, 0, 0, 0, 0, 0, 0, 0, 0.204933643, 0.139103662, 0.0888703125, -0.335408237, 0.748996839, -0.571210771, 0.0961914063, -0.575805664, -0.811767578, -0.937043516, -0.327187402, 0.121131569, 0, 2, 1, 1, 
187.02624, 27, 0.1, 0.1, -0.00247450131, 0.350368694, -0.0349678599, 0.367499423, 1.2586235e-005, -0.930023749, -0.930023749, -3.60077882e-006, -0.367499423, -7.97424394e-006, 1, 1.03822134e-005, 0.367499458, 1.23791127e-005, -0.930023735, -0.930023735, -1.02328082e-006, -0.367499458, -5.50099265e-006, 1, 1.11368135e-005, 0, 0, 0, 0, 0, 0, 0, 0.122615747, 0.147357178, 0.126462476, -0.525419296, 0.63426486, 0.567008943, -0.625732422, -0.739501953, 0.247558594, 0.576473651, -0.224791171, 0.785596276, 0, 0, 0, 0, 0, 0, 0, 0.204933643, 0.139103662, 0.0888703125, -0.335408237, 0.748996839, -0.571210771, 0.0961914063, -0.575805664, -0.811767578, -0.937043516, -0.327187402, 0.121131569, 0, 2, 1, 1, 
187.02693, 27, 0.1, 0.1, -0.00247449874, 0.350368695, -0.034966874, 0.367499251, -4.7954657e-006, -0.930023817, -0.930023817, -6.13510837e-006, -0.367499251, -3.94346685e-006, 1, -6.71454505e-006, 0.367499281, -1.40542371e-005, -0.930023805, -0.930023805, -7.46510227e-007, -0.367499281, 4.47064973e-006, 1, -1.3345117e-005, 0, 0, 0, 0, 0, 0, 0, 0.122615747, 0.147357178, 0.126462476, -0.525419296, 0.63426486, 0.567008943, -0.625732422, -0.739501953, 0.247558594, 0.576473651, -0.224791171, 0.785596276, 0, 0, 0, 0, 0, 0, 0, 0.204933643, 0.139103662, 0.0888703125, -0.335408237, 0.748996839, -0.571210771, 0.0961914063, -0.575805664, -0.811767578, -0.937043516, -0.327187402, 0.121131569, 0, 2, 1, 1, 
187.027631, 27, 0.1, 0.1, -0.00247450008, 0.350368693, -0.0349668193, 0.367499261, -9.49855987e-006, -0.930023813, -0.930023813, 3.1243489e-006, -0.367499261, 6.39643261e-006, 1, -7.68569095e-006, 0.367499241, 1.15098221e-006, -0.930023821, -0.930023821, 1.09002811e-005, -0.367499241, 9.71453595e-006, 1, 5.07628589e-006, 0, 0, 0, 0, 0, 0, 0, 0.122615747, 0.147357178, 0.126462476, -0.526168909, 0.637287281, 0.562897668, -0.626586914, -0.738037109, 0.24987793, 0.574862091, -0.221314933, 0.787730542, 0, 0, 0, 0, 0, 0, 0, 0.204933643, 0.139103662, 0.0888703125, -0.335408237, 0.748996839, -0.571210771, 0.0961914063, -0.575805664, -0.811767578, -0.937043516, -0.327187402, 0.121131569, 0, 2, 1, 1, 
187.02833, 27, 0.1, 0.1, -0.00247449922, 0.350368693, -0.0349674531, 0.367499436, 8.39381392e-006, -0.930023744, -0.930023744, 1.36608836e-005, -0.367499436, 9.62022425e-006, 1, 1.28268133e-005, 0.367499403, 3.896353e-006, -0.930023757, -0.930023757, 8.8736061e-006, -0.367499402, 6.82075709e-006, 1, 6.8847458e-006, 0, 0, 0, 0, 0, 0, 0, 0.123019019, 0.146406006, 0.124249683, -0.526168909, 0.637287281, 0.562897668, -0.626586914, -0.738037109, 0.24987793, 0.574862091, -0.221314933, 0.787730542, 0, 0, 0, 0, 0, 0, 0, 0.205451416, 0.138210059, 0.0867174316, -0.334290103, 0.745533795, -0.576539681, 0.0987548828, -0.580566406, -0.808105469, -0.937171481, -0.326937669, 0.120448735, 0, 2, 1, 1, 
187.029015, 27, 0.1, 0.1, -0.00247449888, 0.350368692, -0.0349687654, 0.367499518, -1.12032986e-005, -0.930023712, -0.930023712, 3.670736e-006, -0.367499518, 7.53107836e-006, 1, -9.07033966e-006, 0.367499518, -8.66505273e-006, -0.930023712, -0.930023712, -4.25493458e-006, -0.367499518, -7.72787356e-007, 1, -9.62239091e-006, 0, 0, 0, 0, 0, 0, 0, 0.123019019, 0.146406006, 0.124249683, -0.526168909, 0.637287281, 0.562897668, -0.626586914, -0.738037109, 0.24987793, 0.574862091, -0.221314933, 0.787730542, 0, 0, 0, 0, 0, 0, 0, 0.205451416, 0.138210059, 0.0867174316, -0.334290103, 0.745533795, -0.576539681, 0.0987548828, -0.580566406, -0.808105469, -0.937171481, -0.326937669, 0.120448735, 0, 2, 1, 1, 
187.029696, 27, 0.1, 0.1, -0.00247450099, 0.350368691, -0.0349703877, 0.36749941, 6.73799233e-006, -0.930023754, -0.930023754, 1.68044861e-006, -0.36749941, -9.1335108e-007, 1, 6.88405679e-006, 0.36749944, 1.29658111e-005, -0.930023742, -0.930023742, 1.47828956e-006, -0.36749944, -3.39008393e-006, 1, 1.26017828e-005, 0, 0, 0, 0, 0, 0, 0, 0.123019019, 0.146406006, 0.124249683, -0.526168909, 0.637287281, 0.562897668, -0.626586914, -0.738037109, 0.24987793, 0.574862091, -0.221314933, 0.787730542, 0, 0, 0, 0, 0, 0, 0, 0.205451416, 0.138210059, 0.0867174316, -0.334290103, 0.745533795, -0.576539681, 0.0987548828, -0.580566406, -0.808105469, -0.937171481, -0.326937669, 0.120448735, 0, 2, 1, 1, 
187.03041, 27, 0.1, 0.1, -0.0024744993, 0.35036869, -0.0349717495, 0.367499286, 7.61389905e-006, -0.930023803, -0.930023803, -2.05636194e-006, -0.367499286, -4.71056802e-006, 1, 6.3253958e-006, 0.367499297, -3.35843521e-006, -0.930023799, -0.930023799, -3.50765913e-006, -0.367499297, -2.02798389e-006, 1, -4.41248693e-006, 0, 0, 0, 0, 0, 0, 0, 0.12296394, 0.145805371, 0.122166382, -0.531443919, 0.63823609, 0.556845331, -0.624755859, -0.739135742, 0.251098633, 0.571989812, -0.214544062, 0.791655344, 0, 0, 0, 0, 0, 0, 0, 0.205451416, 0.138210059, 0.0867174316, -0.332175237, 0.741540302, -0.582744289, 0.103637695, -0.585327148, -0.803955078, -0.93744017, -0.327480144, 0.117587235, 0, 2, 1, 1, 
187.031099, 27, 0.1, 0.1, -0.00247449968, 0.35036869, -0.0349722923, 0.367499337, -8.64967076e-006, -0.930023783, -0.930023783, -7.83009923e-006, -0.367499337, -4.10343024e-006, 1, -1.09219558e-005, 0.36749931, -6.87934256e-006, -0.930023794, -0.930023794, 1.29649954e-006, -0.36749931, 3.73392906e-006, 1, -5.92148958e-006, 0, 0, 0, 0, 0, 0, 0, 0.12296394, 0.145805371, 0.122166382, -0.531443919, 0.63823609, 0.556845331, -0.624755859, -0.739135742, 0.251098633, 0.571989812, -0.214544062, 0.791655344, 0, 0, 0, 0, 0, 0, 0, 0.205808936, 0.137264697, 0.0849072754, -0.332175237, 0.741540302, -0.582744289, 0.103637695, -0.585327148, -0.803955078, -0.93744017, -0.327480144, 0.117587235, 0, 2, 1, 1, 
187.031783, 27, 0.1, 0.1, -0.00247450022, 0.35036869, -0.0349721279, 0.367499485, 7.58619372e-006, -0.930023725, -0.930023725, 4.68666312e-006, -0.367499485, 1.5707856e-006, 1, 8.77768642e-006, 0.367499459, 7.0000791e-006, -0.930023735, -0.930023735, 7.50092875e-006, -0.367499459, 4.40351649e-006, 1, 9.26682696e-006, 0, 0, 0, 0, 0, 0, 0, 0.12296394, 0.145805371, 0.122166382, -0.531443919, 0.63823609, 0.556845331, -0.624755859, -0.739135742, 0.251098633, 0.571989812, -0.214544062, 0.791655344, 0, 0, 0, 0, 0, 0, 0, 0.205808936, 0.137264697, 0.0849072754, -0.332175237, 0.741540302, -0.582744289, 0.103637695, -0.585327148, -0.803955078, -0.93744017, -0.327480144, 0.117587235, 0, 2, 1, 1, 
187.03247, 27, 0.1, 0.1, -0.00247449858, 0.350368691, -0.0349713805, 0.367499517, -6.78097803e-006, -0.930023712, -0.930023712, 2.11907239e-006, -0.367499517, 4.46279372e-006, 1, -5.52771228e-006, 0.367499525, -1.11717013e-005, -0.930023709, -0.930023709, -2.19684756e-006, -0.367499525, 2.0624746e-006, 1, -1.11972875e-005, 0, 0, 0, 0, 0, 0, 0, 0.12296394, 0.145805371, 0.122166382, -0.531443919, 0.63823609, 0.556845331, -0.624755859, -0.739135742, 0.251098633, 0.571989812, -0.214544062, 0.791655344, 0, 0, 0, 0, 0, 0, 0, 0.205808936, 0.137264697, 0.0849072754, -0.332175237, 0.741540302, -0.582744289, 0.103637695, -0.585327148, -0.803955078, -0.93744017, -0.327480144, 0.117587235, 0, 2, 1, 1, 
187.033156, 27, 0.1, 0.1, -0.00247450048, 0.350368692, -0.034970305, 0.367499384, -7.20635471e-006, -0.930023765, -0.930023765, 4.30039389e-007, -0.367499384, 3.04827777e-006, 1, -6.54404192e-006, 0.367499415, 5.64505062e-006, -0.930023752, -0.930023752, -3.2036628e-006, -0.367499416, -5.0540353e-006, 1, 4.07268695e-006, 0, 0, 0, 0, 0, 0, 0, 0.12296394, 0.145805371, 0.122166382, -0.531443919, 0.63823609, 0.556845331, -0.624755859, -0.739135742, 0.251098633, 0.571989812, -0.214544062, 0.791655344, 0, 0, 0, 0, 0, 0, 0, 0.205808936, 0.137264697, 0.0849072754, -0.332175237, 0.741540302, -0.582744289, 0.103637695, -0.585327148, -0.803955078, -0.93744017, -0.327480144, 0.117587235, 0, 2, 1, 1, 
187.033842, 27, 0.1, 0.1, -0.00247450008, 0.350368692, -0.0349692438, 0.367499288, 1.21034404e-005, -0.930023802, -0.930023802, 1.47591987e-006, -0.367499288, -3.07536511e-006, 1, 1.17988871e-005, 0.367499292, 8.4083557e-006, -0.930023801, -0.930023801, -3.55955361e-006, -0.367499292, -6.40053435e-006, 1, 6.51183749e-006, 0, 0, 0, 0, 0, 0, 0, 0.12296394, 0.145805371, 0.122166382, -0.531443919, 0.63823609, 0.556845331, -0.624755859, -0.739135742, 0.251098633, 0.571989812, -0.214544062, 0.791655344, 0, 0, 0, 0, 0, 0, 0, 0.205808936, 0.137264697, 0.0849072754, -0.332175237, 0.741540302, -0.582744289, 0.103637695, -0.585327148, -0.803955078, -0.93744017, -0.327480144, 0.117587235, 0, 2, 1, 1, 
187.034528, 27, 0.1, 0.1, -0.00247449917, 0.350368692, -0.034968478, 0.367499385, -7.75800954e-006, -0.930023764, -0.930023764, -8.95344798e-006, -0.367499385, -5.47585566e-006, 1, -1.05055199e-005, 0.367499353, -9.33404003e-006, -0.930023777, -0.930023777, -6.88969471e-006, -0.367499353, -2.97732623e-006, 1, -1.12128375e-005, 0, 0, 0, 0, 0, 0, 0, 0.12296394, 0.145805371, 0.122166382, -0.531443919, 0.63823609, 0.556845331, -0.624755859, -0.739135742, 0.251098633, 0.571989812, -0.214544062, 0.791655344, 0, 0, 0, 0, 0, 0, 0, 0.205808936, 0.137264697, 0.0849072754, -0.332175237, 0.741540302, -0.582744289, 0.103637695, -0.585327148, -0.803955078, -0.93744017, -0.327480144, 0.117587235, 0, 2, 1, 1, 
187.035242, 27, 0.1, 0.1, -0.00247450134, 0.35036869, -0.034968028, 0.367499552, 7.31694839e-006, -0.930023698, -0.930023698, 5.56533827e-008, -0.367499552, -2.63721629e-006, 1, 6.82538799e-006, 0.367499525, 1.01296056e-005, -0.930023709, -0.930023709, 1.01055886e-005, -0.367499525, 5.67581177e-006, 1, 1.31345724e-005, 0, 0, 0, 0, 0, 0, 0, 0.123220972, 0.144832959, 0.120070874, -0.534948609, 0.640720074, 0.55055186, -0.62487793, -0.738647461, 0.252563477, 0.568589959, -0.209005073, 0.795618339, 0, 0, 0, 0, 0, 0, 0, 0.206419482, 0.136316406, 0.0830541504, -0.329549244, 0.737201927, -0.589728346, 0.108032227, -0.590942383, -0.799316406, -0.937900624, -0.327076927, 0.115134784, 0, 2, 1, 1, 
187.035923, 27, 0.1, 0.1, -0.00247449956, 0.350368689, -0.0349680677, 0.367499542, 4.1451306e-006, -0.930023702, -0.930023702, 8.64986067e-006, -0.367499542, 6.52124185e-006, 1, 7.03388954e-006, 0.367499559, -7.34011578e-006, -0.930023696, -0.930023696, 7.42750078e-006, -0.367499559, 9.60524103e-006, 1, -4.09687835e-006, 0, 0, 0, 0, 0, 0, 0, 0.123220972, 0.144832959, 0.120070874, -0.534948609, 0.640720074, 0.55055186, -0.62487793, -0.738647461, 0.252563477, 0.568589959, -0.209005073, 0.795618339, 0, 0, 0, 0, 0, 0, 0, 0.206419482, 0.136316406, 0.0830541504, -0.329549244, 0.737201927, -0.589728346, 0.108032227, -0.590942383, -0.799316406, -0.937900624, -0.327076927, 0.115134784, 0, 2, 1, 1, 
187.036608, 27, 0.1, 0.1, -0.00247450016, 0.350368689, -0.0349687042, 0.367499378, -1.45174679e-005, -0.930023767, -0.930023767, 3.63465195e-006, -0.367499378, 8.71547312e-006, 1, -1.21658578e-005, 0.36749941, -8.34152443e-006, -0.930023754, -0.930023754, 3.37773535e-006, -0.36749941, 6.20687942e-006, 1, -6.51650012e-006, 0, 0, 0, 0, 0, 0, 0, 0.123220972, 0.144832959, 0.120070874, -0.534948609, 0.640720074, 0.55055186, -0.62487793, -0.738647461, 0.252563477, 0.568589959, -0.209005073, 0.795618339, 0, 0, 0, 0, 0, 0, 0, 0.206419482, 0.136316406, 0.0830541504, -0.329549244, 0.737201927, -0.589728346, 0.108032227, -0.590942383, -0.799316406, -0.937900624, -0.327076927, 0.115134784, 0, 2, 1, 1, 
187.037294, 27, 0.1, 0.1, -0.00247450046, 0.350368688, -0.0349697081, 0.367499302, 6.29670542e-006, -0.930023797, -0.930023797, 9.00459836e-006, -0.367499302, 6.06045591e-006, 1, 9.16526949e-006, 0.367499302, 9.72562224e-006, -0.930023797, -0.930023797, 1.89356804e-006, -0.367499302, -1.81309605e-006, 1, 9.74094506e-006, 0, 0, 0, 0, 0, 0, 0, 0.123220972, 0.144832959, 0.120070874, -0.534948609, 0.640720074, 0.55055186, -0.62487793, -0.738647461, 0.252563477, 0.568589959, -0.209005073, 0.795618339, 0, 0, 0, 0, 0, 0, 0, 0.206419482, 0.136316406, 0.0830541504, -0.329549244, 0.737201927, -0.589728346, 0.108032227, -0.590942383, -0.799316406, -0.937900624, -0.327076927, 0.115134784, 0, 2, 1, 1, 
187.037976, 27, 0.1, 0.1, -0.00247449823, 0.350368689, -0.0349707836, 0.36749941, -4.87306883e-006, -0.930023754, -0.930023754, -4.76164643e-006, -0.36749941, -2.63759437e-006, 1, -6.28197202e-006, 0.36749938, -9.2656239e-006, -0.930023766, -0.930023766, -9.14140869e-006, -0.367499379, -5.09661631e-006, 1, -1.19767125e-005, 0, 0, 0, 0, 0, 0, 0, 0.123220972, 0.144832959, 0.120070874, -0.534948609, 0.640720074, 0.55055186, -0.62487793, -0.738647461, 0.252563477, 0.568589959, -0.209005073, 0.795618339, 0, 0, 0, 0, 0, 0, 0, 0.206419482, 0.136316406, 0.0830541504, -0.329549244, 0.737201927, -0.589728346, 0.108032227, -0.590942383, -0.799316406, -0.937900624, -0.327076927, 0.115134784, 0, 2, 1, 1, 
187.038668, 27, 0.1, 0.1, -0.00247449976, 0.350368688, -0.0349715173, 0.367499534, -2.51853133e-006, -0.930023705, -0.930023705, -7.06959418e-006, -0.367499534, -5.64933109e-006, 1, -4.94036641e-006, 0.367499523, 5.90080744e-006, -0.93002371, -0.93002371, -1.09298938e-006, -0.367499523, -3.18504996e-006, 1, 5.08621775e-006, 0, 0, 0, 0, 0, 0, 0, 0.123220972, 0.144832959, 0.120070874, -0.534948609, 0.640720074, 0.55055186, -0.62487793, -0.738647461, 0.252563477, 0.568589959, -0.209005073, 0.795618339, 0, 0, 0, 0, 0, 0, 0, 0.206419482, 0.136316406, 0.0830541504, -0.329549244, 0.737201927, -0.589728346, 0.108032227, -0.590942383, -0.799316406, -0.937900624, -0.327076927, 0.115134784, 0, 2, 1, 1, 
187.039352, 27, 0.1, 0.1, -0.00247449931, 0.350368687, -0.0349718072, 0.367499487, 1.18483877e-005, -0.930023724, -0.930023724, 1.59941048e-007, -0.367499487, -4.20552744e-006, 1, 1.10780599e-005, 0.367499512, 4.7198691e-006, -0.930023714, -0.930023714, 5.51681142e-006, -0.367499512, 3.39621585e-006, 1, 6.4170157e-006, 0, 0, 0, 0, 0, 0, 0, 0.123220972, 0.144832959, 0.120070874, -0.534948609, 0.640720074, 0.55055186, -0.62487793, -0.738647461, 0.252563477, 0.568589959, -0.209005073, 0.795618339, 0, 0, 0, 0, 0, 0, 0, 0.206419482, 0.136316406, 0.0830541504, -0.329549244, 0.737201927, -0.589728346, 0.108032227, -0.590942383, -0.799316406, -0.937900624, -0.327076927, 0.115134784, 0, 2, 1, 1, 
187.040062, 27, 0.1, 0.1, -0.00247449836, 0.350368688, -0.0349714297, 0.367499336, -1.15736522e-005, -0.930023784, -0.930023784, -1.40127281e-006, -0.367499336, 2.95009245e-006, 1, -1.12787386e-005, 0.367499362, -1.30489351e-005, -0.930023773, -0.930023773, 1.10426682e-006, -0.367499362, 5.82246973e-006, 1, -1.17300025e-005, 0, 0, 0, 0, 0, 0, 0, 0.123631445, 0.143897046, 0.117177612, -0.535697101, 0.643858193, 0.546287816, -0.623657227, -0.737792969, 0.258056641, 0.569326468, -0.202457362, 0.796788064, 0, 0, 0, 0, 0, 0, 0, 0.206737207, 0.135118506, 0.0808236328, -0.328054146, 0.732326907, -0.596494753, 0.110229492, -0.597412109, -0.794189453, -0.93811171, -0.326239143, 0.115282805, 0, 2, 1, 1, 
187.040746, 27, 0.1, 0.1, -0.00247450007, 0.350368688, -0.0349705355, 0.367499309, 1.51843774e-006, -0.930023794, -0.930023794, 6.85858853e-006, -0.367499309, 5.82062571e-006, 1, 3.93270978e-006, 0.367499299, 7.63859637e-006, -0.930023798, -0.930023798, 6.71221125e-006, -0.367499299, 3.43533739e-006, 1, 9.57080934e-006, 0, 0, 0, 0, 0, 0, 0, 0.123631445, 0.143897046, 0.117177612, -0.535697101, 0.643858193, 0.546287816, -0.623657227, -0.737792969, 0.258056641, 0.569326468, -0.202457362, 0.796788064, 0, 0, 0, 0, 0, 0, 0, 0.206737207, 0.135118506, 0.0808236328, -0.328054146, 0.732326907, -0.596494753, 0.110229492, -0.597412109, -0.794189453, -0.93811171, -0.326239143, 0.115282805, 0, 2, 1, 1, 
187.041448, 27, 0.1, 0.1, -0.00247449865, 0.350368689, -0.0349694296, 0.367499455, 5.09750554e-006, -0.930023737, -0.930023737, 5.4249491e-006, -0.367499455, 3.17200093e-006, 1, 6.73446699e-006, 0.367499421, -2.34366122e-006, -0.93002375, -0.93002375, -6.28627355e-006, -0.367499421, -4.98508956e-006, 1, -4.48986249e-006, 0, 0, 0, 0, 0, 0, 0, 0.123631445, 0.143897046, 0.117177612, -0.535697101, 0.643858193, 0.546287816, -0.623657227, -0.737792969, 0.258056641, 0.569326468, -0.202457362, 0.796788064, 0, 0, 0, 0, 0, 0, 0, 0.206737207, 0.135118506, 0.0808236328, -0.328054146, 0.732326907, -0.596494753, 0.110229492, -0.597412109, -0.794189453, -0.93811171, -0.326239143, 0.115282805, 0, 2, 1, 1, 
187.042134, 27, 0.1, 0.1, -0.00247449976, 0.350368689, -0.034968543, 0.367499558, -8.72217835e-006, -0.930023696, -0.930023696, -7.31648587e-006, -0.367499558, -3.59910854e-006, 1, -1.08006379e-005, 0.367499554, -2.39520555e-006, -0.930023698, -0.930023698, -8.5261073e-006, -0.367499554, -7.04924487e-006, 1, -5.36093855e-006, 0, 0, 0, 0, 0, 0, 0, 0.123631445, 0.143897046, 0.117177612, -0.535697101, 0.643858193, 0.546287816, -0.623657227, -0.737792969, 0.258056641, 0.569326468, -0.202457362, 0.796788064, 0, 0, 0, 0, 0, 0, 0, 0.206737207, 0.135118506, 0.0808236328, -0.328054146, 0.732326907, -0.596494753, 0.110229492, -0.597412109, -0.794189453, -0.93811171, -0.326239143, 0.115282805, 0, 2, 1, 1, 
187.042833, 27, 0.1, 0.1, -0.00247450088, 0.350368688, -0.0349680481, 0.367499461, 1.37995676e-005, -0.930023734, -0.930023734, -8.98839373e-007, -0.367499461, -5.9072756e-006, 1, 1.25036024e-005, 0.367499494, 1.36161334e-005, -0.930023721, -0.930023721, 1.76587163e-006, -0.367499494, -3.36161964e-006, 1, 1.3312284e-005, 0, 0, 0, 0, 0, 0, 0, 0.123631445, 0.143897046, 0.117177612, -0.535697101, 0.643858193, 0.546287816, -0.623657227, -0.737792969, 0.258056641, 0.569326468, -0.202457362, 0.796788064, 0, 0, 0, 0, 0, 0, 0, 0.20731626, 0.134155566, 0.078559668, -0.325926519, 0.727547768, -0.603561565, 0.112792969, -0.603881836, -0.78894043, -0.938501801, -0.325145795, 0.114785538, 0, 2, 1, 1, 
187.043527, 27, 0.1, 0.1, -0.00247449865, 0.350368688, -0.0349680629, 0.367499296, -4.32928517e-006, -0.930023799, -0.930023799, -4.69386727e-006, -0.367499296, -2.77439902e-006, 1, -5.75133117e-006, 0.367499324, -1.29116729e-005, -0.930023788, -0.930023789, 7.59178174e-007, -0.367499324, 5.45108481e-006, 1, -1.17291655e-005, 0, 0, 0, 0, 0, 0, 0, 0.123631445, 0.143897046, 0.117177612, -0.535697101, 0.643858193, 0.546287816, -0.623657227, -0.737792969, 0.258056641, 0.569326468, -0.202457362, 0.796788064, 0, 0, 0, 0, 0, 0, 0, 0.20731626, 0.134155566, 0.078559668, -0.325926519, 0.727547768, -0.603561565, 0.112792969, -0.603881836, -0.78894043, -0.938501801, -0.325145795, 0.114785538, 0, 2, 1, 1, 
187.044211, 27, 0.1, 0.1, -0.00247449986, 0.350368687, -0.0349686027, 0.367499303, -9.04341484e-006, -0.930023797, -0.930023797, 2.77296273e-006, -0.367499303, 5.90236997e-006, 1, -7.39152914e-006, 0.367499287, 3.20544355e-007, -0.930023803, -0.930023803, 9.81336707e-006, -0.367499286, 9.00886514e-006, 1, 3.90451928e-006, 0, 0, 0, 0, 0, 0, 0, 0.123631445, 0.143897046, 0.117177612, -0.535697101, 0.643858193, 0.546287816, -0.623657227, -0.737792969, 0.258056641, 0.569326468, -0.202457362, 0.796788064, 0, 0, 0, 0, 0, 0, 0, 0.20731626, 0.134155566, 0.078559668, -0.325926519, 0.727547768, -0.603561565, 0.112792969, -0.603881836, -0.78894043, -0.938501801, -0.325145795, 0.114785538, 0, 2, 1, 1, 
187.044908, 27, 0.1, 0.1, -0.00247449892, 0.350368687, -0.034969512, 0.367499463, 7.40644841e-006, -0.930023733, -0.930023733, 1.18724492e-005, -0.367499463, 8.3197937e-006, 1, 1.12512915e-005, 0.367499432, 3.12639526e-006, -0.930023746, -0.930023746, 7.78597984e-006, -0.367499432, 6.09219765e-006, 1, 5.768965e-006, 0, 0, 0, 0, 0, 0, 0, 0.123810596, 0.143134814, 0.114792334, -0.540680801, 0.645987588, 0.538643016, -0.623046875, -0.737792969, 0.259521484, 0.565172131, -0.195255517, 0.801583048, 0, 0, 0, 0, 0, 0, 0, 0.20731626, 0.134155566, 0.078559668, -0.325926519, 0.727547768, -0.603561565, 0.112792969, -0.603881836, -0.78894043, -0.938501801, -0.325145795, 0.114785538, 0, 2, 1, 1, 
187.045593, 27, 0.1, 0.1, -0.00247449846, 0.350368687, -0.0349704156, 0.367499533, -1.09946086e-005, -0.930023706, -0.930023706, 9.99793488e-007, -0.367499533, 4.97034517e-006, 1, -9.857823e-006, 0.367499534, -8.6148824e-006, -0.930023705, -0.930023705, -6.24180202e-006, -0.367499534, -2.63905857e-006, 1, -1.03059042e-005, 0, 0, 0, 0, 0, 0, 0, 0.123810596, 0.143134814, 0.114792334, -0.540680801, 0.645987588, 0.538643016, -0.623046875, -0.737792969, 0.259521484, 0.565172131, -0.195255517, 0.801583048, 0, 0, 0, 0, 0, 0, 0, 0.20731626, 0.134155566, 0.078559668, -0.325926519, 0.727547768, -0.603561565, 0.112792969, -0.603881836, -0.78894043, -0.938501801, -0.325145795, 0.114785538, 0, 2, 1, 1, 
187.046278, 27, 0.1, 0.1, -0.0024745004, 0.350368686, -0.0349711839, 0.367499423, 5.9177263e-006, -0.930023749, -0.930023749, -1.71728626e-006, -0.367499423, -3.77187801e-006, 1, 4.87252429e-006, 0.367499454, 1.21251374e-005, -0.930023737, -0.930023737, -1.89752723e-006, -0.367499454, -6.22072673e-006, 1, 1.05793254e-005, 0, 0, 0, 0, 0, 0, 0, 0.123810596, 0.143134814, 0.114792334, -0.540680801, 0.645987588, 0.538643016, -0.623046875, -0.737792969, 0.259521484, 0.565172131, -0.195255517, 0.801583048, 0, 0, 0, 0, 0, 0, 0, 0.20731626, 0.134155566, 0.078559668, -0.325926519, 0.727547768, -0.603561565, 0.112792969, -0.603881836, -0.78894043, -0.938501801, -0.325145795, 0.114785538, 0, 2, 1, 1, 
