time, realDorsalTactorPos, realVentralTactorPos, boxPosX, boxPosY, boxPosZ, boxLocalRot_11, boxLocalRot_12, boxLocalRot_13, boxLocalRot_21, boxLocalRot_22, boxLocalRot_23, boxLocalRot_31, boxLocalRot_32, boxLocalRot_33, boxGlobalRot_11, boxGlobalRot_12, boxGlobalRot_13], boxGlobalRot_21, boxGlobalRot_22, boxGlobalRot_23, boxGlobalRot_31, boxGlobalRot_32, boxGlobalRot_33, indexPosX, indexPosY, indexPosZ, indexContact, indexForceX, indexForceY, indexForceZ, indexForceGlobalX, indexForceGlobalY, indexForceGlobalZ, thumbPosX, thumbPosY, thumbPosZ, thumbContact, thumbForceX, thumbForceY, thumbForceZ, thumbForceGlobalX, thumbForceGlobalY, thumbForceGlobalZ, hoopSuccess, targetSuccess, trialSuccess, 
31.810821, 0.1, 0.1, 0.114305316, 0.211556518, -0.0199424185, 0.970612223, 0.240648937, 5.21138364e-005, -0.240648935, 0.970612224, -3.12838946e-005, -5.81107626e-005, 1.78233912e-005, 0.999999998, 0.970612069, 0.240649553, 6.54550301e-005, -0.240649553, 0.970612071, -1.55467805e-005, -6.72727681e-005, -6.61830934e-007, 0.999999998, 0.248331714, -0.129551855, -0.174883911, 0, 0, 0, 0, 0, 0, 0, 0.260367139, -0.0999555664, -0.123334521, 0, -0, 0, 0, 0, 0, 0, 1, 1, 1, 
31.8528499, 0.1, 0.1, 0.114305293, 0.211557996, -0.0199623124, 0.970625622, 0.240594889, 1.89673701e-005, -0.24059489, 0.970625621, 4.66987063e-005, -7.17474528e-006, -4.98904132e-005, 0.999999999, 0.970625632, 0.240594852, 2.27622089e-006, -0.240594852, 0.970625631, 2.89755323e-005, 4.76200557e-006, -2.86720414e-005, 1, 0.239251025, -0.131717798, -0.170221655, 0, 0, 0, 0, 0, 0, 0, 0.250848682, -0.106028223, -0.11713042, 0, -0, 0, 0, 0, 0, 0, 1, 1, 1, 
31.8536327, 0.1, 0.1, 0.114305293, 0.211558016, -0.019962234, 0.970625617, 0.240594911, 1.46478298e-006, -0.240594911, 0.970625617, -2.97988207e-005, -8.59120049e-006, 2.85710794e-005, 1, 0.970625617, 0.240594914, 6.54630862e-006, -0.240594913, 0.970625617, -1.09177209e-005, -8.98076297e-006, 9.02201107e-006, 1, 0.239251025, -0.131717798, -0.170221655, 0, 0, 0, 0, 0, 0, 0, 0.250053223, -0.106615332, -0.117012988, 0, -0, 0, 0, 0, 0, 0, 1, 1, 1, 
31.8543699, 0.1, 0.1, 0.114305294, 0.211558038, -0.0199633327, 0.970625605, 0.240594961, 4.5064799e-006, -0.240594961, 0.970625604, 4.43209996e-005, 6.28930442e-006, -4.41033334e-005, 0.999999999, 0.970625597, 0.240594991, 1.19794095e-005, -0.240594991, 0.970625597, 2.3633156e-005, -5.94150257e-006, -2.58211321e-005, 1, 0.239251025, -0.131717798, -0.170221655, 0, 0, 0, 0, 0, 0, 0, 0.250053223, -0.106615332, -0.117012988, 0, -0, 0, 0, 0, 0, 0, 1, 1, 1, 
31.855078, 0.1, 0.1, 0.114305295, 0.211558055, -0.0199659665, 0.970625612, 0.240594933, -1.37735836e-005, -0.240594934, 0.970625611, -2.26521409e-005, 7.91900264e-006, 2.53006025e-005, 1, 0.970625611, 0.240594934, -9.25162832e-006, -0.240594934, 0.970625611, -5.47082558e-006, 7.66361447e-006, 7.53601833e-006, 1, 0.239251025, -0.131717798, -0.170221655, 0, 0, 0, 0, 0, 0, 0, 0.250053223, -0.106615332, -0.117012988, 0, -0, 0, 0, 0, 0, 0, 1, 1, 1, 
31.8558798, 0.1, 0.1, 0.114305298, 0.211558078, -0.0199690097, 0.970625623, 0.240594889, 8.02945048e-006, -0.240594889, 0.970625622, 3.4858655e-005, 5.93223865e-007, -3.57665484e-005, 0.999999999, 0.970625629, 0.240594863, -4.9208613e-006, -0.240594863, 0.970625629, 2.44731618e-005, 1.06644311e-005, -2.25703441e-005, 1, 0.239251025, -0.131717798, -0.170221655, 0, 0, 0, 0, 0, 0, 0, 0.250053223, -0.106615332, -0.117012988, 0, -0, 0, 0, 0, 0, 0, 1, 1, 1, 
31.856591, 0.1, 0.1, 0.114305295, 0.211558098, -0.0199710102, 0.970625526, 0.240595277, -1.21184498e-005, -0.240595277, 0.970625526, -2.82137125e-005, 4.97439071e-006, 3.03005913e-005, 1, 0.970625556, 0.240595158, 1.08524094e-005, -0.240595158, 0.970625556, -1.75735446e-005, -1.47617357e-005, 1.44462944e-005, 1, 0.239251025, -0.131717798, -0.170221655, 0, 0, 0, 0, 0, 0, 0, 0.250053223, -0.106615332, -0.117012988, 0, -0, 0, 0, 0, 0, 0, 1, 1, 1, 
31.8573166, 0.1, 0.1, 0.114305298, 0.211558121, -0.0199722757, 0.97062537, 0.240595906, 1.83647226e-005, -0.240595906, 0.97062537, 1.26886354e-005, -1.4772432e-005, -1.67343885e-005, 1, 0.970625403, 0.240595776, 7.90231045e-006, -0.240595776, 0.970625403, 1.22157737e-006, -7.37627691e-006, -3.08695655e-006, 1, 0.239251025, -0.131717798, -0.170221655, 0, 0, 0, 0, 0, 0, 0, 0.250053223, -0.106615332, -0.117012988, 0, -0, 0, 0, 0, 0, 0, 1, 1, 1, 
31.8581272, 0.1, 0.1, 0.114305299, 0.211558143, -0.0199710871, 0.970625248, 0.2405964, 2.14681677e-007, -0.2405964, 0.970625248, -6.26492513e-006, -1.71569389e-006, 6.02924287e-006, 1, 0.970625263, 0.240596338, 9.4942667e-007, -0.240596338, 0.970625263, -1.0494125e-005, -3.44638556e-006, 9.95743424e-006, 1, 0.238966992, -0.132480542, -0.169413403, 0, 0, 0, 0, 0, 0, 0, 0.249809229, -0.107205859, -0.116311768, 0, -0, 0, 0, 0, 0, 0, 1, 1, 1, 
31.8588356, 0.1, 0.1, 0.114305299, 0.211558163, -0.0199692731, 0.970625175, 0.240596693, 1.77567839e-005, -0.240596692, 0.970625175, -2.21499365e-005, -2.25643829e-005, 1.72270625e-005, 1, 0.970625189, 0.240596636, 1.23580145e-005, -0.240596636, 0.970625189, -1.49549105e-005, -1.55931014e-005, 1.15423161e-005, 1, 0.238966992, -0.132480542, -0.169413403, 0, 0, 0, 0, 0, 0, 0, 0.249809229, -0.107205859, -0.116311768, 0, -0, 0, 0, 0, 0, 0, 1, 1, 1, 
31.8596078, 0.1, 0.1, 0.114305303, 0.211558184, -0.0199670868, 0.970625139, 0.240596838, -3.13872981e-005, -0.240596838, 0.97062514, 7.7036753e-006, 3.23187805e-005, 7.43037459e-008, 0.999999999, 0.970625141, 0.240596829, -3.22410684e-005, -0.240596829, 0.970625142, 3.59554045e-006, 3.21590672e-005, 4.26717686e-006, 0.999999999, 0.238966992, -0.132480542, -0.169413403, 0, 0, 0, 0, 0, 0, 0, 0.249809229, -0.107205859, -0.116311768, 0, -0, 0, 0, 0, 0, 0, 1, 1, 1, 
31.8603431, 0.1, 0.1, 0.114305304, 0.211558203, -0.0199648478, 0.970625078, 0.240597086, -5.80997531e-006, -0.240597086, 0.970625078, -1.55792622e-005, 1.89098264e-006, 1.65194857e-005, 1, 0.970625099, 0.240597002, 8.47506766e-006, -0.240597002, 0.970625099, -1.15214049e-005, -1.09981289e-005, 9.14388888e-006, 1, 0.238966992, -0.132480542, -0.169413403, 0, 0, 0, 0, 0, 0, 0, 0.249809229, -0.107205859, -0.116311768, 0, -0, 0, 0, 0, 0, 0, 1, 1, 1, 
31.8610502, 0.1, 0.1, 0.114305306, 0.211558222, -0.0199640958, 0.970624974, 0.240597504, -8.28369746e-006, -0.240597504, 0.970624974, 4.82227497e-006, 9.20059096e-006, -2.68758358e-006, 1, 0.970624994, 0.240597426, -8.14879958e-006, -0.240597426, 0.970624994, 1.12898015e-006, 8.18105826e-006, 8.64763858e-007, 1, 0.238966992, -0.132480542, -0.169413403, 0, 0, 0, 0, 0, 0, 0, 0.249809229, -0.107205859, -0.116311768, 0, -0, 0, 0, 0, 0, 0, 1, 1, 1, 
31.8618628, 0.1, 0.1, 0.114305306, 0.211558242, -0.0199641628, 0.97062487, 0.240597927, -1.36482357e-007, -0.240597927, 0.97062487, 1.13198786e-005, 2.85601249e-006, -1.09545183e-005, 1, 0.970624887, 0.240597858, 1.49395471e-005, -0.240597858, 0.970624887, 1.75124357e-005, -1.02872417e-005, -2.05924289e-005, 1, 0.238966992, -0.132480542, -0.169413403, 0, 0, 0, 0, 0, 0, 0, 0.249809229, -0.107205859, -0.116311768, 0, -0, 0, 0, 0, 0, 0, 1, 1, 1, 
31.8625993, 0.1, 0.1, 0.114305307, 0.211558263, -0.0199648392, 0.970624839, 0.24059805, -5.97557455e-006, -0.24059805, 0.970624839, 7.31943513e-006, 7.5610829e-006, -5.66671396e-006, 1, 0.970624844, 0.240598032, -6.23391064e-006, -0.240598032, 0.970624844, 3.75596527e-006, 6.95446639e-006, -2.14576657e-006, 1, 0.239092944, -0.132843555, -0.168371777, 0, 0, 0, 0, 0, 0, 0, 0.249417188, -0.107862793, -0.115671582, 0, -0, 0, 0, 0, 0, 0, 1, 1, 1, 
31.8633213, 0.1, 0.1, 0.114305309, 0.211558281, -0.0199666006, 0.970624818, 0.240598137, 4.89961751e-006, -0.240598137, 0.970624817, 1.20779519e-005, -1.84975761e-006, -1.29019988e-005, 1, 0.970624823, 0.240598116, -9.74199642e-006, -0.240598116, 0.970624823, 2.20386959e-007, 9.50884824e-006, 2.12999293e-006, 1, 0.239092944, -0.132843555, -0.168371777, 0, 0, 0, 0, 0, 0, 0, 0.249417188, -0.107862793, -0.115671582, 0, -0, 0, 0, 0, 0, 0, 1, 1, 1, 
31.8641035, 0.1, 0.1, 0.114305311, 0.211558302, -0.019968129, 0.970624823, 0.240598114, -3.04986288e-006, -0.240598114, 0.970624823, -1.53606454e-005, -7.35469693e-007, 1.5643215e-005, 1, 0.970624817, 0.24059814, -4.23015524e-006, -0.24059814, 0.970624817, -1.91786265e-005, -5.08448226e-007, 1.96330184e-005, 1, 0.239092944, -0.132843555, -0.168371777, 0, 0, 0, 0, 0, 0, 0, 0.249417188, -0.107862793, -0.115671582, 0, -0, 0, 0, 0, 0, 0, 1, 1, 1, 
31.8648409, 0.1, 0.1, 0.114305312, 0.211558315, -0.0199694142, 0.970624822, 0.240598121, 1.07723957e-008, -0.240598121, 0.970624821, 2.6738577e-005, 6.42279543e-006, -2.59557183e-005, 1, 0.970624825, 0.240598105, 1.18661803e-005, -0.240598105, 0.970624825, 3.41129707e-005, -3.3100931e-006, -3.59658767e-005, 0.999999999, 0.239016528, -0.133844434, -0.167525562, 0, 0, 0, 0, 0, 0, 0, 0.249417188, -0.107862793, -0.115671582, 0, -0, 0, 0, 0, 0, 0, 1, 1, 1, 
31.8656249, 0.1, 0.1, 0.114305315, 0.211558341, -0.0199700126, 0.970624819, 0.24059813, -1.21085726e-005, -0.240598131, 0.970624818, -3.6874229e-005, 2.88101054e-006, 3.87043418e-005, 0.999999999, 0.970624824, 0.24059811, -1.49699448e-005, -0.240598111, 0.970624823, -4.18917491e-005, 4.45112432e-006, 4.4262912e-005, 0.999999999, 0.239016528, -0.133844434, -0.167525562, 0, 0, 0, 0, 0, 0, 0, 0.24923667, -0.108521436, -0.114799854, 0, -0, 0, 0, 0, 0, 0, 1, 1, 1, 
31.8663592, 0.1, 0.1, 0.114305316, 0.211558358, -0.0199692983, 0.970624845, 0.240598024, -2.09051349e-005, -0.240598024, 0.970624845, 1.78001704e-005, 2.45737292e-005, -1.22475535e-005, 1, 0.970624831, 0.240598084, -1.15256137e-005, -0.240598083, 0.970624831, 2.31004666e-005, 1.67449749e-005, -1.9648846e-005, 1, 0.239016528, -0.133844434, -0.167525562, 0, 0, 0, 0, 0, 0, 0, 0.24923667, -0.108521436, -0.114799854, 0, -0, 0, 0, 0, 0, 0, 1, 1, 1, 
31.8670714, 0.1, 0.1, 0.114305316, 0.211558376, -0.0199685267, 0.970624971, 0.240597515, 2.59630912e-005, -0.240597515, 0.970624972, 4.37620534e-006, -2.41475205e-005, -1.04943094e-005, 1, 0.970624941, 0.240597639, 2.5006583e-005, -0.240597639, 0.970624941, 1.1331165e-006, -2.3999388e-005, -7.11635596e-006, 1, 0.239016528, -0.133844434, -0.167525562, 0, 0, 0, 0, 0, 0, 0, 0.24923667, -0.108521436, -0.114799854, 0, -0, 0, 0, 0, 0, 0, 1, 1, 1, 
31.8678712, 0.1, 0.1, 0.11430532, 0.211558397, -0.0199672529, 0.970625133, 0.240596866, -2.9574844e-006, -0.240596866, 0.970625133, 4.8359503e-006, 4.03412318e-006, -3.98233342e-006, 1, 0.970625103, 0.240596986, -2.09759303e-005, -0.240596986, 0.970625103, -9.48979397e-006, 1.80765487e-005, 1.42577778e-005, 1, 0.239016528, -0.133844434, -0.167525562, 0, 0, 0, 0, 0, 0, 0, 0.24923667, -0.108521436, -0.114799854, 0, -0, 0, 0, 0, 0, 0, 1, 1, 1, 
31.8685842, 0.1, 0.1, 0.114305318, 0.211558416, -0.0199660522, 0.970625182, 0.240596667, -1.05969803e-005, -0.240596667, 0.970625182, -9.91784989e-006, 7.89949428e-006, 1.2176113e-005, 1, 0.97062518, 0.240596673, 9.84472908e-006, -0.240596673, 0.97062518, -2.16456258e-005, -1.47634075e-005, 1.86411803e-005, 1, 0.239016528, -0.133844434, -0.167525562, 0, 0, 0, 0, 0, 0, 0, 0.24923667, -0.108521436, -0.114799854, 0, -0, 0, 0, 0, 0, 0, 1, 1, 1, 
31.8693086, 0.1, 0.1, 0.114305319, 0.211558434, -0.0199658327, 0.970625143, 0.240596824, 2.14950736e-005, -0.240596823, 0.970625143, -2.10405354e-005, -2.59259448e-005, 1.52508262e-005, 1, 0.970625152, 0.240596789, 1.19192916e-005, -0.240596789, 0.970625152, -1.34912021e-005, -1.48151041e-005, 1.02271568e-005, 1, 0.239016528, -0.133844434, -0.167525562, 0, 0, 0, 0, 0, 0, 0, 0.24923667, -0.108521436, -0.114799854, 0, -0, 0, 0, 0, 0, 0, 1, 1, 1, 
31.8701189, 0.1, 0.1, 0.114305321, 0.211558451, -0.0199652072, 0.970625148, 0.240596802, -2.83052662e-005, -0.240596802, 0.970625148, 2.55729577e-006, 2.80890804e-005, 4.32798095e-006, 1, 0.970625138, 0.240596845, -2.50027125e-005, -0.240596844, 0.970625138, 1.97306783e-005, 2.90154003e-005, -1.31355186e-005, 0.999999999, 0.238684155, -0.134208057, -0.167215527, 0, 0, 0, 0, 0, 0, 0, 0.248974609, -0.10917666, -0.114518506, 0, -0, 0, 0, 0, 0, 0, 1, 1, 1, 
31.8708296, 0.1, 0.1, 0.114305321, 0.211558467, -0.019965642, 0.970625257, 0.240596364, 7.52641809e-006, -0.240596364, 0.970625257, 7.37482456e-006, -5.53097552e-006, -8.96901981e-006, 1, 0.970625231, 0.240596468, 2.05925899e-005, -0.240596468, 0.970625231, 1.07804815e-005, -1.73939416e-005, -1.54183118e-005, 1, 0.238684155, -0.134208057, -0.167215527, 0, 0, 0, 0, 0, 0, 0, 0.248974609, -0.10917666, -0.114518506, 0, -0, 0, 0, 0, 0, 0, 1, 1, 1, 
31.8716047, 0.1, 0.1, 0.114305324, 0.211558485, -0.019966885, 0.970625374, 0.24059589, 1.82278091e-005, -0.24059589, 0.970625374, 7.73573186e-006, -1.58311887e-005, -1.18940336e-005, 1, 0.970625358, 0.240595958, -9.60565899e-006, -0.240595958, 0.970625358, 9.96794382e-006, 1.17217432e-005, -7.36405632e-006, 1, 0.238684155, -0.134208057, -0.167215527, 0, 0, 0, 0, 0, 0, 0, 0.248974609, -0.10917666, -0.114518506, 0, -0, 0, 0, 0, 0, 0, 1, 1, 1, 
31.8723466, 0.1, 0.1, 0.114305324, 0.211558504, -0.0199677174, 0.970625374, 0.24059589, -1.49582709e-005, -0.24059589, 0.970625375, 6.70122929e-006, 1.61311656e-005, -2.90548469e-006, 1, 0.970625385, 0.240595847, -8.54327179e-006, -0.240595847, 0.970625385, -1.13697595e-005, 5.55679954e-006, 1.30912529e-005, 1, 0.238684155, -0.134208057, -0.167215527, 0, 0, 0, 0, 0, 0, 0, 0.248974609, -0.10917666, -0.114518506, 0, -0, 0, 0, 0, 0, 0, 1, 1, 1, 
31.8730646, 0.1, 0.1, 0.114305323, 0.211558521, -0.019968705, 0.970625314, 0.240596132, 2.0265541e-005, -0.240596132, 0.970625314, -1.76155715e-005, -2.39084855e-005, 1.22223088e-005, 1, 0.970625325, 0.240596089, 2.0349827e-005, -0.240596089, 0.970625325, -2.2984937e-005, -2.52821434e-005, 1.74136732e-005, 1, 0.238684155, -0.134208057, -0.167215527, 0, 0, 0, 0, 0, 0, 0, 0.248974609, -0.10917666, -0.114518506, 0, -0, 0, 0, 0, 0, 0, 1, 1, 1, 
31.8738743, 0.1, 0.1, 0.114305328, 0.21155854, -0.0199689281, 0.970625324, 0.240596094, -1.76516932e-005, -0.240596094, 0.970625324, -1.75196951e-005, 1.29180103e-005, 2.12519881e-005, 1, 0.970625313, 0.240596136, -2.75309086e-005, -0.240596136, 0.970625313, -1.04751259e-005, 2.4201922e-005, 1.67912526e-005, 1, 0.238684155, -0.134208057, -0.167215527, 0, 0, 0, 0, 0, 0, 0, 0.248974609, -0.10917666, -0.114518506, 0, -0, 0, 0, 0, 0, 0, 1, 1, 1, 
31.8746102, 0.1, 0.1, 0.114305327, 0.211558557, -0.0199683565, 0.970625426, 0.24059568, -1.78641726e-005, -0.24059568, 0.970625427, -7.11279215e-006, 1.5628113e-005, 1.12018997e-005, 1, 0.970625404, 0.240595772, 5.43317849e-006, -0.240595772, 0.970625404, 1.68003935e-006, -4.8693707e-006, -2.93788864e-006, 1, 0.238565503, -0.134806396, -0.16687229, 0, 0, 0, 0, 0, 0, 0, 0.248692285, -0.1098021, -0.114227148, 0, -0, 0, 0, 0, 0, 0, 1, 1, 1, 
31.8753528, 0.1, 0.1, 0.114305329, 0.211558573, -0.0199677985, 0.970625503, 0.24059537, 2.18378217e-005, -0.24059537, 0.970625503, -9.20059211e-008, -2.12184829e-005, -5.1647755e-006, 1, 0.970625496, 0.240595399, 1.12926734e-005, -0.240595399, 0.970625496, 9.12255858e-006, -8.76611112e-006, -1.15715532e-005, 1, 0.238565503, -0.134806396, -0.16687229, 0, 0, 0, 0, 0, 0, 0, 0.248692285, -0.1098021, -0.114227148, 0, -0, 0, 0, 0, 0, 0, 1, 1, 1, 
31.876131, 0.1, 0.1, 0.114305332, 0.211558591, -0.019966532, 0.970625469, 0.24059551, -1.93703329e-005, -0.24059551, 0.970625469, 1.72947222e-005, 2.29623709e-005, -1.21262827e-005, 1, 0.970625483, 0.240595453, -2.28392518e-005, -0.240595453, 0.970625483, 1.22239601e-005, 2.5109389e-005, -6.36986706e-006, 1, 0.238565503, -0.134806396, -0.16687229, 0, 0, 0, 0, 0, 0, 0, 0.248692285, -0.1098021, -0.114227148, 0, -0, 0, 0, 0, 0, 0, 1, 1, 1, 
31.8768431, 0.1, 0.1, 0.11430533, 0.211558607, -0.0199659861, 0.970625395, 0.240595808, 1.59258029e-005, -0.240595808, 0.970625395, 6.1722636e-006, -1.3972968e-005, -9.82263721e-006, 1, 0.970625406, 0.240595761, 2.29208923e-005, -0.240595761, 0.970625406, -1.25037317e-005, -2.52559453e-005, 6.62177015e-006, 1, 0.238565503, -0.134806396, -0.16687229, 0, 0, 0, 0, 0, 0, 0, 0.248692285, -0.1098021, -0.114227148, 0, -0, 0, 0, 0, 0, 0, 1, 1, 1, 
31.8776593, 0.1, 0.1, 0.114305333, 0.211558624, -0.019965784, 0.970625421, 0.2405957, 2.12190083e-005, -0.2405957, 0.970625422, -1.18411116e-005, -2.34446294e-005, 6.38808183e-006, 1, 0.970625406, 0.240595764, -6.81546413e-006, -0.240595765, 0.970625406, -1.29682057e-005, 3.49516727e-006, 1.42270417e-005, 1, 0.238565503, -0.134806396, -0.16687229, 0, 0, 0, 0, 0, 0, 0, 0.248428271, -0.110420947, -0.11372915, 0, -0, 0, 0, 0, 0, 0, 1, 1, 1, 
31.8783813, 0.1, 0.1, 0.11430533, 0.211558639, -0.0199656667, 0.970625535, 0.240595242, -1.84783951e-005, -0.240595242, 0.970625535, -4.63620417e-006, 1.68201534e-005, 8.94583208e-006, 1, 0.970625513, 0.24059533, -5.42512905e-006, -0.24059533, 0.970625513, -2.80591401e-006, 4.59067886e-006, 4.02875244e-006, 1, 0.238565503, -0.134806396, -0.16687229, 0, 0, 0, 0, 0, 0, 0, 0.248428271, -0.110420947, -0.11372915, 0, -0, 0, 0, 0, 0, 0, 1, 1, 1, 
31.8790914, 0.1, 0.1, 0.11430533, 0.211558652, -0.0199665223, 0.970625594, 0.240595003, 1.8829327e-005, -0.240595003, 0.970625594, -9.669554e-006, -2.06026731e-005, 4.85527461e-006, 1, 0.970625591, 0.240595017, 2.49763824e-005, -0.240595017, 0.970625591, 5.80021053e-006, -2.28472141e-005, -1.16390259e-005, 1, 0.238565503, -0.134806396, -0.16687229, 0, 0, 0, 0, 0, 0, 0, 0.248428271, -0.110420947, -0.11372915, 0, -0, 0, 0, 0, 0, 0, 1, 1, 1, 
31.8799259, 0.1, 0.1, 0.114305335, 0.211558667, -0.0199672571, 0.970625531, 0.240595259, -1.54987914e-005, -0.240595259, 0.970625531, 1.68416354e-005, 1.90955403e-005, -1.26179856e-005, 1, 0.97062555, 0.240595182, -2.69643568e-005, -0.240595181, 0.97062555, 2.69534494e-005, 3.26571637e-005, -1.96742123e-005, 0.999999999, 0.238254736, -0.13536543, -0.166761084, 0, 0, 0, 0, 0, 0, 0, 0.248428271, -0.110420947, -0.11372915, 0, -0, 0, 0, 0, 0, 0, 1, 1, 1, 
31.880636, 0.1, 0.1, 0.114305335, 0.211558681, -0.0199676418, 0.970625464, 0.240595528, -1.24897928e-005, -0.240595527, 0.970625464, 1.84183467e-005, 1.65542828e-005, -1.48723281e-005, 1, 0.970625471, 0.240595502, 5.8981682e-006, -0.240595502, 0.970625471, 9.83251369e-006, -3.35925372e-006, -1.0962761e-005, 1, 0.238254736, -0.13536543, -0.166761084, 0, 0, 0, 0, 0, 0, 0, 0.248428271, -0.110420947, -0.11372915, 0, -0, 0, 0, 0, 0, 0, 1, 1, 1, 
31.8813659, 0.1, 0.1, 0.114305337, 0.211558695, -0.0199683938, 0.970625493, 0.240595411, 2.37518451e-005, -0.240595411, 0.970625493, 3.96529835e-006, -2.21001138e-005, -9.56340463e-006, 1, 0.970625476, 0.240595481, 8.19460756e-006, -0.240595481, 0.970625476, -9.3326788e-006, -1.01992952e-005, 7.08695026e-006, 1, 0.238254736, -0.13536543, -0.166761084, 0, 0, 0, 0, 0, 0, 0, 0.248428271, -0.110420947, -0.11372915, 0, -0, 0, 0, 0, 0, 0, 1, 1, 1, 
31.8821919, 0.1, 0.1, 0.114305339, 0.211558712, -0.0199678208, 0.970625593, 0.240595008, -2.5583898e-005, -0.240595008, 0.970625593, -4.84501283e-006, 2.36667003e-005, 1.08580516e-005, 1, 0.970625577, 0.240595072, -2.89050663e-005, -0.240595072, 0.970625577, -9.52903311e-006, 2.57633583e-005, 1.62035398e-005, 1, 0.237973145, -0.135881738, -0.166016772, 0, 0, 0, 0, 0, 0, 0, 0.247682617, -0.110978271, -0.113433154, 0, -0, 0, 0, 0, 0, 0, 1, 1, 1, 
31.882915, 0.1, 0.1, 0.114305338, 0.211558727, -0.0199672122, 0.970625616, 0.240594916, 7.99494445e-006, -0.240594916, 0.970625616, -1.93640445e-005, -1.24189885e-005, 1.68716947e-005, 1, 0.97062562, 0.2405949, 1.98833195e-005, -0.240594899, 0.97062562, -1.72192507e-005, -2.34421232e-005, 1.19296207e-005, 1, 0.237973145, -0.135881738, -0.166016772, 0, 0, 0, 0, 0, 0, 0, 0.247682617, -0.110978271, -0.113433154, 0, -0, 0, 0, 0, 0, 0, 1, 1, 1, 
31.8837174, 0.1, 0.1, 0.11430534, 0.211558743, -0.0199666263, 0.970625533, 0.240595249, 2.13742157e-005, -0.240595249, 0.970625533, -1.98079919e-005, -2.55120682e-005, 1.4083608e-005, 1, 0.970625557, 0.240595154, -1.19297906e-006, -0.240595154, 0.970625557, 6.52677267e-006, 2.72824584e-006, -6.04802737e-006, 1, 0.237973145, -0.135881738, -0.166016772, 0, 0, 0, 0, 0, 0, 0, 0.247682617, -0.110978271, -0.113433154, 0, -0, 0, 0, 0, 0, 0, 1, 1, 1, 
31.884468, 0.1, 0.1, 0.114305337, 0.211558759, -0.0199656198, 0.970625477, 0.240595478, -1.35602868e-005, -0.240595478, 0.970625477, 5.06483779e-006, 1.43805369e-005, -1.65351692e-006, 1, 0.970625478, 0.240595472, -4.33709479e-007, -0.240595472, 0.970625478, 8.09028589e-006, 2.36745562e-006, -7.74828907e-006, 1, 0.237973145, -0.135881738, -0.166016772, 0, 0, 0, 0, 0, 0, 0, 0.247682617, -0.110978271, -0.113433154, 0, -0, 0, 0, 0, 0, 0, 1, 1, 1, 
31.885175, 0.1, 0.1, 0.114305337, 0.211558774, -0.0199657, 0.970625526, 0.240595276, 2.31606736e-005, -0.240595276, 0.970625527, 4.48923873e-006, -2.14002514e-005, -9.92971838e-006, 1, 0.97062551, 0.240595344, 2.46228741e-005, -0.240595344, 0.97062551, -1.90633254e-006, -2.43582445e-005, -4.07381388e-006, 1, 0.237973145, -0.135881738, -0.166016772, 0, 0, 0, 0, 0, 0, 0, 0.247682617, -0.110978271, -0.113433154, 0, -0, 0, 0, 0, 0, 0, 1, 1, 1, 
31.8859937, 0.1, 0.1, 0.114305344, 0.21155879, -0.0199658828, 0.970625629, 0.240594861, -2.43151338e-005, -0.24059486, 0.97062563, 1.06411789e-005, 2.6161105e-005, -4.4785047e-006, 1, 0.970625614, 0.24059492, -4.01783966e-005, -0.240594921, 0.970625615, -3.12664221e-006, 3.82459267e-005, 1.27015172e-005, 0.999999999, 0.237973145, -0.135881738, -0.166016772, 0, 0, 0, 0, 0, 0, 0, 0.247682617, -0.110978271, -0.113433154, 0, -0, 0, 0, 0, 0, 0, 1, 1, 1, 
31.8867311, 0.1, 0.1, 0.114305337, 0.211558807, -0.0199663146, 0.970625611, 0.240594932, 4.72247774e-005, -0.240594931, 0.970625612, -2.56689101e-005, -5.20133881e-005, 1.35528595e-005, 0.999999999, 0.970625618, 0.240594901, 5.09131767e-005, -0.2405949, 0.970625619, -3.22219114e-005, -5.71700612e-005, 1.9025962e-005, 0.999999998, 0.237077246, -0.136778125, -0.165482764, 0, 0, 0, 0, 0, 0, 0, 0.24696333, -0.111539258, -0.113148389, 0, -0, 0, 0, 0, 0, 0, 1, 1, 1, 
31.8874976, 0.1, 0.1, 0.114305343, 0.211558821, -0.019967221, 0.970625648, 0.240594774, -7.20609182e-005, -0.240594776, 0.970625651, -6.42668795e-006, 6.83979481e-005, 2.35753886e-005, 0.999999997, 0.970625631, 0.240594849, -5.78947522e-005, -0.24059485, 0.970625632, -3.69057372e-006, 5.53061974e-005, 1.75113446e-005, 0.999999998, 0.237077246, -0.136778125, -0.165482764, 0, 0, 0, 0, 0, 0, 0, 0.24696333, -0.111539258, -0.113148389, 0, -0, 0, 0, 0, 0, 0, 1, 1, 1, 
31.8882715, 0.1, 0.1, 0.11430535, 0.211558834, -0.0199673893, 0.970625697, 0.240594589, 2.50044201e-005, -0.240594589, 0.970625697, -4.26171637e-006, -2.52952786e-005, -1.87939676e-006, 1, 0.970625691, 0.240594612, 3.65837274e-006, -0.240594612, 0.970625691, -2.83632838e-006, -4.23331589e-006, 1.87282842e-006, 1, 0.237077246, -0.136778125, -0.165482764, 0, 0, 0, 0, 0, 0, 0, 0.24696333, -0.111539258, -0.113148389, 0, -0, 0, 0, 0, 0, 0, 1, 1, 1, 
31.8889795, 0.1, 0.1, 0.114305348, 0.211558846, -0.019967941, 0.970625724, 0.240594481, -1.01680909e-005, -0.240594481, 0.970625724, 1.11829913e-005, 1.25599766e-005, -8.4081125e-006, 1, 0.970625711, 0.240594531, 2.64719332e-006, -0.240594531, 0.970625711, 1.55557497e-005, 1.1731944e-006, -1.57357108e-005, 1, 0.237077246, -0.136778125, -0.165482764, 0, 0, 0, 0, 0, 0, 0, 0.24696333, -0.111539258, -0.113148389, 0, -0, 0, 0, 0, 0, 0, 1, 1, 1, 
31.889787, 0.1, 0.1, 0.114305346, 0.211558862, -0.019968309, 0.970625862, 0.240593923, 2.61725093e-005, -0.240593924, 0.970625862, 3.94121821e-006, -2.44554812e-005, -1.0122395e-005, 1, 0.970625823, 0.240594077, 2.89684697e-005, -0.240594077, 0.970625824, -1.11834758e-006, -2.83866126e-005, -5.8841452e-006, 1, 0.237077246, -0.136778125, -0.165482764, 0, 0, 0, 0, 0, 0, 0, 0.24696333, -0.111539258, -0.113148389, 0, -0, 0, 0, 0, 0, 0, 1, 1, 1, 
31.8905054, 0.1, 0.1, 0.11430535, 0.211558875, -0.0199679941, 0.970626011, 0.240593322, -1.64326581e-005, -0.240593322, 0.970626011, 4.0178868e-006, 1.69166421e-005, 5.37223474e-008, 1, 0.970625985, 0.240593425, -2.92968791e-005, -0.240593426, 0.970625985, -7.69220762e-006, 2.65856176e-005, 1.45148931e-005, 1, 0.237077246, -0.136778125, -0.165482764, 0, 0, 0, 0, 0, 0, 0, 0.24696333, -0.111539258, -0.113148389, 0, -0, 0, 0, 0, 0, 0, 1, 1, 1, 
31.8912313, 0.1, 0.1, 0.114305348, 0.211558883, -0.0199679519, 0.970626138, 0.240592808, 8.39346853e-007, -0.240592808, 0.970626138, 6.22917297e-006, 6.84002222e-007, -6.24813892e-006, 1, 0.970626108, 0.240592932, 6.60541752e-006, -0.240592932, 0.970626107, 2.69324929e-005, 6.8376752e-008, -2.77305975e-005, 1, 0.237077246, -0.136778125, -0.165482764, 0, 0, 0, 0, 0, 0, 0, 0.24696333, -0.111539258, -0.113148389, 0, -0, 0, 0, 0, 0, 0, 1, 1, 1, 
31.8920652, 0.1, 0.1, 0.11430535, 0.211558908, -0.019966722, 0.970626286, 0.240592214, 8.74078393e-007, -0.240592213, 0.970626285, -3.47521348e-005, -9.20949649e-006, 3.3521039e-005, 0.999999999, 0.970626268, 0.240592284, -1.32995939e-005, -0.240592285, 0.970626267, -4.97177193e-005, 9.47235552e-007, 5.1457104e-005, 0.999999999, 0.23693772, -0.136733105, -0.165374365, 0, 0, 0, 0, 0, 0, 0, 0.24653125, -0.111709668, -0.112695313, 0, -0, 0, 0, 0, 0, 0, 1, 1, 1, 
31.892782, 0.1, 0.1, 0.114305348, 0.211558911, -0.0199659952, 0.970626401, 0.240591749, 2.01477524e-005, -0.24059175, 0.970626398, 6.80935038e-005, -3.17320522e-006, -7.09407355e-005, 0.999999997, 0.970626383, 0.240591819, 2.15823288e-005, -0.24059182, 0.970626381, 6.83094675e-005, -4.51367868e-006, -7.14955031e-005, 0.999999997, 0.23693772, -0.136733105, -0.165374365, 0, 0, 0, 0, 0, 0, 0, 0.24653125, -0.111709668, -0.112695313, 0, -0, 0, 0, 0, 0, 0, 1, 1, 1, 
31.8935431, 0.1, 0.1, 0.11430535, 0.211558926, -0.0199661473, 0.970626516, 0.240591284, -1.03183336e-005, -0.240591284, 0.970626513, -8.3385373e-005, -1.00465458e-005, 8.34185553e-005, 0.999999996, 0.970626484, 0.240591414, -1.20349113e-005, -0.240591415, 0.970626483, -4.55017836e-005, 7.34065188e-007, 4.70607326e-005, 0.999999999, 0.23693772, -0.136733105, -0.165374365, 0, 0, 0, 0, 0, 0, 0, 0.24653125, -0.111709668, -0.112695313, 0, -0, 0, 0, 0, 0, 0, 1, 1, 1, 
31.8943326, 0.1, 0.1, 0.114305356, 0.211558958, -0.0199657942, 0.970626599, 0.24059095, -8.92703742e-006, -0.24059095, 0.970626598, -4.00199817e-005, -9.63625471e-007, 4.09922232e-005, 0.999999999, 0.970626583, 0.240591016, -1.56919548e-005, -0.240591017, 0.97062658, -7.33231813e-005, -2.40987025e-006, 7.49447723e-005, 0.999999997, 0.236777686, -0.136269312, -0.165591113, 0, 0, 0, 0, 0, 0, 0, 0.24604082, -0.111835156, -0.112864111, 0, -0, 0, 0, 0, 0, 0, 1, 1, 1, 
31.8950462, 0.1, 0.1, 0.114305354, 0.211558962, -0.0199663884, 0.970626649, 0.240590745, 3.64825468e-005, -0.240590746, 0.970626648, 4.63109222e-005, -2.42689529e-005, -5.37279784e-005, 0.999999998, 0.97062665, 0.240590741, 3.00393769e-005, -0.240590742, 0.970626649, 5.40337005e-005, -1.61570117e-005, -5.96737457e-005, 0.999999998, 0.236777686, -0.136269312, -0.165591113, 0, 0, 0, 0, 0, 0, 0, 0.24604082, -0.111835156, -0.112864111, 0, -0, 0, 0, 0, 0, 0, 1, 1, 1, 
31.8958683, 0.1, 0.1, 0.114305359, 0.211558982, -0.019967131, 0.970626603, 0.240590927, -5.48099252e-005, -0.24059093, 0.970626601, -7.07488866e-005, 3.61784313e-005, 8.18575224e-005, 0.999999996, 0.97062661, 0.240590902, -4.9940738e-005, -0.240590905, 0.970626608, -5.82727598e-005, 3.44539133e-005, 6.85763786e-005, 0.999999997, 0.236777686, -0.136269312, -0.165591113, 0, 0, 0, 0, 0, 0, 0, 0.24604082, -0.111835156, -0.112864111, 0, -0, 0, 0, 0, 0, 0, 1, 1, 1, 
31.8965828, 0.1, 0.1, 0.11430536, 0.211559, -0.0199675343, 0.970626628, 0.240590829, 4.54392961e-005, -0.24059083, 0.970626629, 2.35954732e-005, -3.84277363e-005, -3.38346725e-005, 0.999999999, 0.970626607, 0.240590917, 3.11367779e-005, -0.240590916, 0.970626607, -1.68886607e-005, -3.42854434e-005, 8.90135749e-006, 0.999999999, 0.236777686, -0.136269312, -0.165591113, 0, 0, 0, 0, 0, 0, 0, 0.24604082, -0.111835156, -0.112864111, 0, -0, 0, 0, 0, 0, 0, 1, 1, 1, 
31.897311, 0.1, 0.1, 0.114305357, 0.211558996, -0.0199683747, 0.970626847, 0.240589951, -1.26887295e-005, -0.240589949, 0.970626845, 6.77809301e-005, 2.86234322e-005, -6.27372097e-005, 0.999999998, 0.970626789, 0.240590183, -3.56252799e-006, -0.240590182, 0.970626786, 8.53879589e-005, 2.40013897e-005, -8.20227311e-005, 0.999999996, 0.236777686, -0.136269312, -0.165591113, 0, 0, 0, 0, 0, 0, 0, 0.24604082, -0.111835156, -0.112864111, 0, -0, 0, 0, 0, 0, 0, 1, 1, 1, 
31.8981107, 0.1, 0.1, 0.114305356, 0.211559016, -0.019968314, 0.970627231, 0.240588398, 2.79836408e-005, -0.240588396, 0.97062723, -6.92304612e-005, -4.38177295e-005, 6.04644316e-005, 0.999999997, 0.970627159, 0.240588688, 2.51963554e-005, -0.240588686, 0.970627158, -6.70626526e-005, -4.05907824e-005, 5.90308739e-005, 0.999999997, 0.236777686, -0.136269312, -0.165591113, 0, 0, 0, 0, 0, 0, 0, 0.24604082, -0.111835156, -0.112864111, 0, -0, 0, 0, 0, 0, 0, 1, 1, 1, 
31.8988465, 0.1, 0.1, 0.114305357, 0.211559028, -0.0199679873, 0.970627586, 0.240586966, -1.86910837e-005, -0.240586966, 0.970627586, 3.79708478e-005, 2.72773725e-005, -3.23587212e-005, 0.999999999, 0.970627523, 0.240587224, -1.66347281e-005, -0.240587223, 0.970627522, 2.92584703e-005, 2.31853391e-005, -2.43969735e-005, 0.999999999, 0.236175195, -0.136025342, -0.165788208, 0, 0, 0, 0, 0, 0, 0, 0.24554209, -0.111957227, -0.112808203, 0, -0, 0, 0, 0, 0, 0, 1, 1, 1, 
31.8996436, 0.1, 0.1, 0.114305354, 0.211559042, -0.019967374, 0.970627908, 0.240585667, 3.34160796e-005, -0.240585666, 0.970627908, -3.81001534e-005, -4.16009303e-005, 2.89416425e-005, 0.999999999, 0.97062784, 0.240585943, 3.16517003e-005, -0.240585942, 0.97062784, -3.49676457e-005, -3.91347455e-005, 2.63256163e-005, 0.999999999, 0.236175195, -0.136025342, -0.165788208, 0, 0, 0, 0, 0, 0, 0, 0.24554209, -0.111957227, -0.112808203, 0, -0, 0, 0, 0, 0, 0, 1, 1, 1, 
31.9004002, 0.1, 0.1, 0.114305358, 0.211559053, -0.0199660804, 0.970628218, 0.240584415, -4.69002776e-005, -0.240584416, 0.970628219, 1.81346375e-006, 4.59590241e-005, 9.5232768e-006, 0.999999999, 0.970628151, 0.240584684, -3.83508246e-005, -0.240584684, 0.970628152, 1.42292881e-005, 4.06477388e-005, -4.58472662e-006, 0.999999999, 0.236175195, -0.136025342, -0.165788208, 0, 0, 0, 0, 0, 0, 0, 0.24554209, -0.111957227, -0.112808203, 0, -0, 0, 0, 0, 0, 0, 1, 1, 1, 
31.901124, 0.1, 0.1, 0.114305358, 0.211559062, -0.019965604, 0.970628548, 0.240583084, 3.1893249e-005, -0.240583084, 0.970628549, 9.31127333e-006, -2.87163632e-005, -1.67107639e-005, 0.999999999, 0.970628488, 0.240583327, 2.86936536e-005, -0.240583328, 0.970628488, 1.45992695e-005, -2.43385368e-005, -2.10736816e-005, 0.999999999, 0.236175195, -0.136025342, -0.165788208, 0, 0, 0, 0, 0, 0, 0, 0.24554209, -0.111957227, -0.112808203, 0, -0, 0, 0, 0, 0, 0, 1, 1, 1, 
31.9019725, 0.1, 0.1, 0.114305366, 0.21155908, -0.0199652214, 0.970628794, 0.240582086, -6.11486673e-005, -0.240582087, 0.970628796, -1.41624665e-005, 5.59454216e-005, 2.84577718e-005, 0.999999998, 0.970628757, 0.240582234, -6.07884525e-005, -0.240582236, 0.970628758, -2.81529231e-005, 5.2229927e-005, 4.19506586e-005, 0.999999998, 0.236175195, -0.136025342, -0.165788208, 0, 0, 0, 0, 0, 0, 0, 0.24554209, -0.111957227, -0.112808203, 0, -0, 0, 0, 0, 0, 0, 1, 1, 1, 
31.9027082, 0.1, 0.1, 0.114305365, 0.211559084, -0.0199648038, 0.970628865, 0.240581804, 4.52009615e-005, -0.240581805, 0.970628865, 3.49064275e-005, -3.54755066e-005, -4.47557151e-005, 0.999999998, 0.970628863, 0.240581812, 3.99790501e-005, -0.240581813, 0.970628863, 4.36394917e-005, -2.83059519e-005, -5.19759826e-005, 0.999999998, 0.236175195, -0.136025342, -0.165788208, 0, 0, 0, 0, 0, 0, 0, 0.24554209, -0.111957227, -0.112808203, 0, -0, 0, 0, 0, 0, 0, 1, 1, 1, 
31.9034911, 0.1, 0.1, 0.114305368, 0.211559097, -0.0199654515, 0.970628799, 0.240582073, -3.3476273e-005, -0.240582074, 0.970628799, -1.06199379e-005, 2.9938068e-005, 1.83618088e-005, 0.999999999, 0.970628824, 0.240581971, -3.25435862e-005, -0.240581971, 0.970628824, -1.88451591e-005, 2.70539373e-005, 2.61210548e-005, 0.999999999, 0.235395483, -0.135944312, -0.16622478, 0, 0, 0, 0, 0, 0, 0, 0.24554209, -0.111957227, -0.112808203, 0, -0, 0, 0, 0, 0, 0, 1, 1, 1, 
31.9042818, 0.1, 0.1, 0.114305368, 0.211559109, -0.0199655559, 0.970628634, 0.240582741, -6.83952601e-006, -0.240582741, 0.970628633, -1.9764139e-005, 1.88372903e-006, 2.08291112e-005, 1, 0.970628671, 0.240582589, 8.15125456e-006, -0.240582589, 0.970628671, -1.85757077e-005, -1.23808332e-005, 1.60690646e-005, 1, 0.235395483, -0.135944312, -0.16622478, 0, 0, 0, 0, 0, 0, 0, 0.245044824, -0.112274463, -0.112752295, 0, -0, 0, 0, 0, 0, 0, 1, 1, 1, 
31.9049938, 0.1, 0.1, 0.11430537, 0.211559119, -0.019966452, 0.970628456, 0.240583457, -1.67880731e-005, -0.240583457, 0.970628456, -7.14907359e-006, 1.45750326e-005, 1.09780269e-005, 1, 0.970628485, 0.240583343, -1.13263769e-005, -0.240583343, 0.970628485, 7.12993308e-006, 1.27090471e-005, -4.19557854e-006, 1, 0.235395483, -0.135944312, -0.16622478, 0, 0, 0, 0, 0, 0, 0, 0.245044824, -0.112274463, -0.112752295, 0, -0, 0, 0, 0, 0, 0, 1, 1, 1, 
31.9058222, 0.1, 0.1, 0.114305367, 0.21155913, -0.0199674678, 0.970628371, 0.240583801, 4.01182473e-006, -0.240583802, 0.970628371, 1.18954222e-005, -1.032145e-006, -1.25112143e-005, 1, 0.97062838, 0.240583765, 2.30015911e-005, -0.240583765, 0.97062838, 1.36120002e-005, -1.90511708e-005, -1.87460031e-005, 1, 0.235395483, -0.135944312, -0.16622478, 0, 0, 0, 0, 0, 0, 0, 0.245044824, -0.112274463, -0.112752295, 0, -0, 0, 0, 0, 0, 0, 1, 1, 1, 
31.9065472, 0.1, 0.1, 0.114305373, 0.211559138, -0.0199677186, 0.970628329, 0.240583972, -3.48096459e-006, -0.240583972, 0.970628328, 1.75189228e-005, 7.59349488e-006, -1.61668984e-005, 1, 0.970628342, 0.240583916, -2.40404543e-005, -0.240583915, 0.970628343, 1.81216587e-005, 2.76941259e-005, -1.18056489e-005, 1, 0.235395483, -0.135944312, -0.16622478, 0, 0, 0, 0, 0, 0, 0, 0.244649121, -0.11282666, -0.112562256, 0, -0, 0, 0, 0, 0, 0, 1, 1, 1, 
31.9072554, 0.1, 0.1, 0.114305367, 0.21155915, -0.0199683742, 0.970628204, 0.240584475, 2.72059842e-005, -0.240584475, 0.970628204, 6.15311429e-007, -2.62588612e-005, -7.14257605e-006, 1, 0.970628229, 0.240584371, 3.88574134e-005, -0.24058437, 0.97062823, -1.68456259e-005, -4.17688967e-005, 7.00235373e-006, 0.999999999, 0.235395483, -0.135944312, -0.16622478, 0, 0, 0, 0, 0, 0, 0, 0.244649121, -0.11282666, -0.112562256, 0, -0, 0, 0, 0, 0, 0, 1, 1, 1, 
31.9080854, 0.1, 0.1, 0.114305371, 0.211559161, -0.0199680963, 0.970628169, 0.240584617, -2.04799286e-006, -0.240584617, 0.970628169, -1.56386264e-005, -1.77457338e-006, 1.56720069e-005, 1, 0.970628166, 0.240584627, -2.0589648e-005, -0.240584627, 0.970628166, -1.68123403e-005, 1.59401017e-005, 2.12720838e-005, 1, 0.235395483, -0.135944312, -0.16622478, 0, 0, 0, 0, 0, 0, 0, 0.244649121, -0.11282666, -0.112562256, 0, -0, 0, 0, 0, 0, 0, 1, 1, 1, 
31.9088088, 0.1, 0.1, 0.114305372, 0.211559171, -0.0199675022, 0.970628218, 0.240584419, -5.25693278e-006, -0.240584419, 0.970628218, -2.94832776e-007, 5.03159512e-006, 1.55090913e-006, 1, 0.970628209, 0.240584454, -1.11928715e-005, -0.240584454, 0.970628209, 7.12405188e-006, 1.25780529e-005, -4.22197484e-006, 1, 0.235117432, -0.136467334, -0.165747168, 0, 0, 0, 0, 0, 0, 0, 0.244649121, -0.11282666, -0.112562256, 0, -0, 0, 0, 0, 0, 0, 1, 1, 1, 
31.9095734, 0.1, 0.1, 0.114305371, 0.211559181, -0.019967219, 0.970628269, 0.240584214, -5.97812641e-006, -0.240584214, 0.970628269, 3.92253167e-006, 6.74623769e-006, -2.36907728e-006, 1, 0.970628259, 0.240584254, -2.64395772e-006, -0.240584254, 0.970628259, -3.35273496e-006, 1.75968484e-006, 3.89035389e-006, 1, 0.235117432, -0.136467334, -0.165747168, 0, 0, 0, 0, 0, 0, 0, 0.244649121, -0.11282666, -0.112562256, 0, -0, 0, 0, 0, 0, 0, 1, 1, 1, 
31.9103395, 0.1, 0.1, 0.114305372, 0.211559191, -0.019966263, 0.970628309, 0.240584051, -1.52364206e-005, -0.240584051, 0.970628309, -1.75625859e-006, 1.43663734e-005, 5.3703141e-006, 1, 0.9706283, 0.240584088, 4.30537584e-007, -0.240584088, 0.9706283, 2.41463617e-007, -3.59799659e-007, -3.37951912e-007, 1, 0.235117432, -0.136467334, -0.165747168, 0, 0, 0, 0, 0, 0, 0, 0.244649121, -0.11282666, -0.112562256, 0, -0, 0, 0, 0, 0, 0, 1, 1, 1, 
31.9110777, 0.1, 0.1, 0.114305372, 0.211559199, -0.0199659521, 0.970628306, 0.240584062, 1.20617168e-005, -0.240584062, 0.970628306, -9.69888738e-006, -1.40408415e-005, 6.5121578e-006, 1, 0.970628314, 0.24058403, 2.06746026e-005, -0.24058403, 0.970628314, 6.33198574e-006, -1.854398e-005, -1.11199838e-005, 1, 0.235047241, -0.1370271, -0.164938306, 0, 0, 0, 0, 0, 0, 0, 0.244548438, -0.113210547, -0.111976758, 0, -0, 0, 0, 0, 0, 0, 1, 1, 1, 
31.9119074, 0.1, 0.1, 0.114305372, 0.211559209, -0.0199655094, 0.970628218, 0.240584417, 8.66078225e-006, -0.240584417, 0.970628218, 6.60209528e-006, -6.8180384e-006, -8.49182923e-006, 1, 0.970628235, 0.24058435, 2.93997966e-006, -0.24058435, 0.970628235, 1.71309952e-005, 1.26782206e-006, -1.73351407e-005, 1, 0.235047241, -0.1370271, -0.164938306, 0, 0, 0, 0, 0, 0, 0, 0.244548438, -0.113210547, -0.111976758, 0, -0, 0, 0, 0, 0, 0, 1, 1, 1, 
31.9126189, 0.1, 0.1, 0.114305374, 0.211559218, -0.0199654228, 0.9706281, 0.240584894, 1.21874761e-005, -0.240584894, 0.9706281, 4.81691682e-006, -1.06706294e-005, -7.60755747e-006, 1, 0.97062813, 0.240584775, -6.74631279e-006, -0.240584775, 0.97062813, 5.23865437e-006, 7.80850145e-006, -3.46172515e-006, 1, 0.235047241, -0.1370271, -0.164938306, 0, 0, 0, 0, 0, 0, 0, 0.244548438, -0.113210547, -0.111976758, 0, -0, 0, 0, 0, 0, 0, 1, 1, 1, 
31.9133449, 0.1, 0.1, 0.114305373, 0.21155923, -0.0199664524, 0.970627911, 0.240585657, 2.62669742e-006, -0.240585657, 0.970627911, 2.61667589e-006, -1.92001114e-006, -3.17176438e-006, 1, 0.970627957, 0.240585472, -9.11508321e-006, -0.240585472, 0.970627957, -1.3368058e-005, 5.63119404e-006, 1.51683674e-005, 1, 0.235047241, -0.1370271, -0.164938306, 0, 0, 0, 0, 0, 0, 0, 0.244548438, -0.113210547, -0.111976758, 0, -0, 0, 0, 0, 0, 0, 1, 1, 1, 
31.9141488, 0.1, 0.1, 0.114305375, 0.21155924, -0.0199670677, 0.970627686, 0.240586563, -1.98277065e-005, -0.240586564, 0.970627686, -8.44715611e-006, 1.72130486e-005, 1.29693234e-005, 1, 0.97062773, 0.240586387, -1.82510875e-005, -0.240586387, 0.97062773, -1.57047723e-005, 1.39366572e-005, 1.96344507e-005, 1, 0.235047241, -0.1370271, -0.164938306, 0, 0, 0, 0, 0, 0, 0, 0.244548438, -0.113210547, -0.111976758, 0, -0, 0, 0, 0, 0, 0, 1, 1, 1, 
31.9148669, 0.1, 0.1, 0.114305375, 0.211559249, -0.0199677796, 0.970627431, 0.240587593, -5.83861145e-006, -0.240587593, 0.970627431, -1.25759997e-005, 2.64148693e-006, 1.36113078e-005, 1, 0.970627485, 0.240587375, 8.60081519e-006, -0.240587375, 0.970627485, -1.20666224e-005, -1.12512646e-005, 9.64294782e-006, 1, 0.235047241, -0.1370271, -0.164938306, 0, 0, 0, 0, 0, 0, 0, 0.244548438, -0.113210547, -0.111976758, 0, -0, 0, 0, 0, 0, 0, 1, 1, 1, 
31.9156908, 0.1, 0.1, 0.114305376, 0.211559259, -0.0199682739, 0.970627117, 0.24058886, -3.52033034e-006, -0.240588861, 0.970627117, -1.0093875e-005, 9.88454195e-007, 1.06443411e-005, 1, 0.970627189, 0.240588569, 6.17048219e-006, -0.240588569, 0.970627189, 7.86506093e-006, -4.09699402e-006, -9.11858946e-006, 1, 0.234817285, -0.13815564, -0.164108325, 0, 0, 0, 0, 0, 0, 0, 0.244548438, -0.113210547, -0.111976758, 0, -0, 0, 0, 0, 0, 0, 1, 1, 1, 
31.916436, 0.1, 0.1, 0.114305377, 0.211559267, -0.0199675198, 0.97062687, 0.240589856, -4.70591668e-006, -0.240589856, 0.97062687, 1.07492873e-005, 7.15385866e-006, -9.30135128e-006, 1, 0.970626915, 0.240589677, -1.08739079e-005, -0.240589677, 0.970626914, 1.69180907e-005, 1.46248257e-005, -1.38050042e-005, 1, 0.234817285, -0.13815564, -0.164108325, 0, 0, 0, 0, 0, 0, 0, 0.244398926, -0.114218018, -0.111358057, 0, -0, 0, 0, 0, 0, 0, 1, 1, 1, 
