time, realDorsalTactorPos, realVentralTactorPos, boxPosX, boxPosY, boxPosZ, boxLocalRot_11, boxLocalRot_12, boxLocalRot_13, boxLocalRot_21, boxLocalRot_22, boxLocalRot_23, boxLocalRot_31, boxLocalRot_32, boxLocalRot_33, boxGlobalRot_11, boxGlobalRot_12, boxGlobalRot_13, boxGlobalRot_21, boxGlobalRot_22, boxGlobalRot_23, boxGlobalRot_31, boxGlobalRot_32, boxGlobalRot_33, indexForceX, indexForceY, indexForceZ, indexForceGlobalX, indexForceGlobalY, indexForceGlobalZ, indexContact, indexPosX, indexPosY, indexPosZ, indexRot_11, indexRot_12, indexRot_13, indexRot_21, indexRot_22, indexRot_23, indexRot_31, indexRot_32, indexRot_33, thumbForceX, thumbForceY, thumbForceZ, thumbForceGlobalX, thumbForceGlobalY, thumbForceGlobalZ, thumbContact, thumbPosX, thumbPosY, thumbPosZ, thumbRot_11, thumbRot_12, thumbRot_13, thumbRot_21, thumbRot_22, thumbRot_23, thumbRot_31, thumbRot_32, thumbRot_33, mapping, trialSuccess, 
40.0671417, 0.1, 0.1, 0.126548258, 0.203421445, -0.0199643862, 0.862369885, 0.506278754, -6.67591395e-005, 0.506278758, -0.862369884, 5.58715998e-005, -2.92844675e-005, -8.19807193e-005, -0.999999996, 0.862369798, 0.506278904, -4.56544362e-005, 0.506278906, -0.862369793, 9.65706705e-005, 9.52068649e-006, -0.000106393508, -0.999999994, 0, 0, 0, 0, 0, 0, 0, 0.0973417969, 0.0722700928, -0.18999231, -0.104206761, 0.992029712, -0.0691599104, -0.430664062, 0.0177001953, 0.90234375, 0.896479302, 0.123802396, 0.425604793, 0, 0, 0, 0, 0, 0, 0, 0.184666797, 0.0901309082, -0.178041016, -0.175300353, 0.776108845, -0.605570095, 0.159667969, -0.584594727, -0.795410156, -0.971399209, -0.235963064, -0.0214244895, 2, 1, 
40.1055897, 0.1, 0.1, 0.126549057, 0.20342182, -0.0199610319, 0.862364088, 0.506288632, -3.29757874e-005, 0.506288632, -0.862364088, 1.06320253e-005, -2.30542613e-005, -2.58639431e-005, -0.999999999, 0.862364034, 0.506288723, -3.58189636e-005, 0.506288723, -0.862364035, -1.02499296e-006, -3.14079284e-005, -1.72508203e-005, -0.999999999, 0, 0, 0, 0, 0, 0, 0, 0.100634961, 0.0493855225, -0.192180713, -0.0719995531, 0.996894374, -0.0302701472, -0.375, 0.0010986328, 0.927001953, 0.924253636, 0.078044445, 0.373839836, 0, 0, 0, 0, 0, 0, 0, 0.186667725, 0.0681983398, -0.177781396, -0.205731676, 0.78423652, -0.585201979, 0.185058594, -0.556152344, -0.810058594, -0.960973229, -0.274754706, -0.0306987863, 2, 1, 
40.1064823, 0.1, 0.1, 0.126549068, 0.203421828, -0.0199633916, 0.862364531, 0.506287877, -3.39406118e-005, 0.506287877, -0.862364532, 3.30392109e-006, -2.75964446e-005, -2.00329046e-005, -0.999999999, 0.862364427, 0.506288055, -1.85617558e-005, 0.506288054, -0.862364427, -1.23119448e-005, -2.22403884e-005, 1.21978799e-006, -1, 0, 0, 0, 0, 0, 0, 0, 0.100851636, 0.0473775635, -0.192247461, -0.0679051303, 0.997215641, -0.0268965029, -0.369506836, -0.000122070323, 0.929199219, 0.926694941, 0.073049884, 0.36860901, 0, 0, 0, 0, 0, 0, 0, 0.186728613, 0.0662016113, -0.178071631, -0.208370428, 0.785060445, -0.583067789, 0.185058594, -0.553833008, -0.811645508, -0.960391374, -0.276754734, -0.0299835031, 2, 1, 
40.1073216, 0.1, 0.1, 0.126549079, 0.203421836, -0.0199651221, 0.862365158, 0.50628681, -1.11144535e-005, 0.506286809, -0.862365158, -7.84245418e-006, -1.35552486e-005, 1.13595804e-006, -1, 0.862365023, 0.506287041, 8.00234633e-006, 0.506287041, -0.862365023, -4.32638828e-006, 4.71054925e-006, 7.78241018e-006, -1, 0, 0, 0, 0, 0, 0, 0, 0.100851636, 0.0473775635, -0.192247461, -0.0679051303, 0.997215641, -0.0268965029, -0.369506836, -0.000122070323, 0.929199219, 0.926694941, 0.073049884, 0.36860901, 0, 0, 0, 0, 0, 0, 0, 0.186728613, 0.0662016113, -0.178071631, -0.208370428, 0.785060445, -0.583067789, 0.185058594, -0.553833008, -0.811645508, -0.960391374, -0.276754734, -0.0299835031, 2, 1, 
40.108173, 0.1, 0.1, 0.126549091, 0.203421845, -0.0199660098, 0.862365963, 0.506285439, 1.83097677e-005, 0.506285439, -0.862365963, -6.68366697e-006, 1.24058772e-005, 1.50337357e-005, -1, 0.862365792, 0.50628573, 1.99329988e-005, 0.50628573, -0.862365792, 3.0973307e-006, 1.87576706e-005, 7.4207608e-006, -1, 0, 0, 0, 0, 0, 0, 0, 0.100851636, 0.0473775635, -0.192247461, -0.0679051303, 0.997215641, -0.0268965029, -0.369506836, -0.000122070323, 0.929199219, 0.926694941, 0.073049884, 0.36860901, 0, 0, 0, 0, 0, 0, 0, 0.186728613, 0.0662016113, -0.178071631, -0.208370428, 0.785060445, -0.583067789, 0.185058594, -0.553833008, -0.811645508, -0.960391374, -0.276754734, -0.0299835031, 2, 1, 
40.1090372, 0.1, 0.1, 0.126549104, 0.203421853, -0.0199655948, 0.862366925, 0.506283799, 2.91837473e-005, 0.506283799, -0.862366926, -1.452781e-006, 2.44315789e-005, 1.60280887e-005, -1, 0.862366728, 0.506284137, 1.37979444e-005, 0.506284137, -0.862366728, 1.32167573e-005, 1.85903228e-005, -4.41201139e-006, -1, 0, 0, 0, 0, 0, 0, 0, 0.100851636, 0.0473775635, -0.192247461, -0.0679051303, 0.997215641, -0.0268965029, -0.369506836, -0.000122070323, 0.929199219, 0.926694941, 0.073049884, 0.36860901, 0, 0, 0, 0, 0, 0, 0, 0.186498389, 0.0643927246, -0.178120312, -0.212152834, 0.785781925, -0.580703557, 0.185791016, -0.551025391, -0.813354492, -0.959438752, -0.280115699, -0.0291212986, 2, 1, 
40.1098864, 0.1, 0.1, 0.126549118, 0.203421859, -0.0199642029, 0.862368001, 0.506281967, 1.49367947e-005, 0.506281967, -0.862368001, 1.07764536e-005, 1.83369379e-005, -1.73103893e-006, -1, 0.862367773, 0.506282355, -7.1853001e-006, 0.506282355, -0.862367773, 7.26890734e-006, -2.51625172e-006, -9.90626209e-006, -1, 0, 0, 0, 0, 0, 0, 0, 0.100851636, 0.0473775635, -0.192247461, -0.0679051303, 0.997215641, -0.0268965029, -0.369506836, -0.000122070323, 0.929199219, 0.926694941, 0.073049884, 0.36860901, 0, 0, 0, 0, 0, 0, 0, 0.186498389, 0.0643927246, -0.178120312, -0.212152834, 0.785781925, -0.580703557, 0.185791016, -0.551025391, -0.813354492, -0.959438752, -0.280115699, -0.0291212986, 2, 1, 
40.1107316, 0.1, 0.1, 0.126549131, 0.203421865, -0.0199624739, 0.862369203, 0.506279921, -1.28200705e-005, 0.506279921, -0.862369203, 6.8745e-006, -7.5752127e-006, -1.24189014e-005, -1, 0.862368954, 0.506280345, -1.52921156e-005, 0.506280345, -0.862368954, -3.08690576e-006, -1.47502854e-005, -5.08004585e-006, -1, 0, 0, 0, 0, 0, 0, 0, 0.100851636, 0.0473775635, -0.192247461, -0.0679051303, 0.997215641, -0.0268965029, -0.369506836, -0.000122070323, 0.929199219, 0.926694941, 0.073049884, 0.36860901, 0, 0, 0, 0, 0, 0, 0, 0.186498389, 0.0643927246, -0.178120312, -0.212152834, 0.785781925, -0.580703557, 0.185791016, -0.551025391, -0.813354492, -0.959438752, -0.280115699, -0.0291212986, 2, 1, 
40.1116242, 0.1, 0.1, 0.126549146, 0.203421871, -0.0199602749, 0.862370599, 0.506277541, -2.05736813e-005, 0.506277541, -0.8623706, -1.44572727e-006, -1.84740771e-005, -9.16924009e-006, -1, 0.862370323, 0.506278012, -1.13300831e-006, 0.506278012, -0.862370323, -1.8074707e-005, -1.01278994e-005, 1.50134737e-005, -1, 0, 0, 0, 0, 0, 0, 0, 0.101012036, 0.045593457, -0.192488623, -0.0649149103, 0.99751182, -0.0225583193, -0.363769531, -0.00256347657, 0.931396484, 0.929187543, 0.0686772561, 0.363225416, 0, 0, 0, 0, 0, 0, 0, 0.186498389, 0.0643927246, -0.178120312, -0.212152834, 0.785781925, -0.580703557, 0.185791016, -0.551025391, -0.813354492, -0.959438752, -0.280115699, -0.0291212986, 2, 1, 
40.1125178, 0.1, 0.1, 0.126549159, 0.203421878, -0.0199586805, 0.86237213, 0.506274934, -9.13303716e-006, 0.506274934, -0.86237213, -1.61588142e-005, -1.60568793e-005, 9.31108324e-006, -1, 0.862371837, 0.506275434, 1.80175927e-005, 0.506275434, -0.862371836, -1.2063726e-005, 9.43029637e-006, 1.95252822e-005, -1, 0, 0, 0, 0, 0, 0, 0, 0.101012036, 0.045593457, -0.192488623, -0.0649149103, 0.99751182, -0.0225583193, -0.363769531, -0.00256347657, 0.931396484, 0.929187543, 0.0686772561, 0.363225416, 0, 0, 0, 0, 0, 0, 0, 0.186498389, 0.0643927246, -0.178120312, -0.212152834, 0.785781925, -0.580703557, 0.185791016, -0.551025391, -0.813354492, -0.959438752, -0.280115699, -0.0291212986, 2, 1, 
40.1133827, 0.1, 0.1, 0.126549169, 0.203421885, -0.0199586786, 0.862373741, 0.506272191, 8.2778009e-006, 0.506272191, -0.86237374, -1.18293849e-005, 1.14966954e-006, 1.43921713e-005, -1, 0.862373378, 0.506272809, 1.35234435e-005, 0.506272809, -0.862373378, 3.03072648e-007, 1.18156951e-005, 6.58518995e-006, -1, 0, 0, 0, 0, 0, 0, 0, 0.101012036, 0.045593457, -0.192488623, -0.0611571023, 0.997871279, -0.0191142824, -0.359619141, -0.00402832032, 0.933105469, 0.931064204, 0.06392383, 0.35921936, 0, 0, 0, 0, 0, 0, 0, 0.186498389, 0.0643927246, -0.178120312, -0.212152834, 0.785781925, -0.580703557, 0.185791016, -0.551025391, -0.813354492, -0.959438752, -0.280115699, -0.0291212986, 2, 1, 
40.1142527, 0.1, 0.1, 0.126549176, 0.203421893, -0.0199596243, 0.862375449, 0.50626928, 3.49146605e-005, 0.50626928, -0.86237545, 1.40001813e-005, 3.71974078e-005, 5.60280733e-006, -0.999999999, 0.862375116, 0.506269849, -9.86401389e-006, 0.506269849, -0.862375116, 1.56920098e-005, -5.62088689e-007, -1.85262516e-005, -1, 0, 0, 0, 0, 0, 0, 0, 0.101433032, 0.0435881836, -0.192324805, -0.0611571023, 0.997871279, -0.0191142824, -0.359619141, -0.00402832032, 0.933105469, 0.931064204, 0.06392383, 0.35921936, 0, 0, 0, 0, 0, 0, 0, 0.186854053, 0.0623457031, -0.177864844, -0.213858653, 0.786247842, -0.579477147, 0.189086914, -0.548828125, -0.814086914, -0.958390613, -0.283380783, -0.031447252, 2, 1, 
40.1151046, 0.1, 0.1, 0.126549194, 0.203421904, -0.0199616624, 0.862376876, 0.50626685, -2.11745182e-005, 0.50626685, -0.862376876, -4.33990088e-006, -2.04575628e-005, -6.97732647e-006, -1, 0.862376641, 0.506267251, 9.02921151e-006, 0.50626725, -0.862376641, 2.47687118e-005, 2.03261687e-005, -1.67887644e-005, -1, 0, 0, 0, 0, 0, 0, 0, 0.101433032, 0.0435881836, -0.192324805, -0.0611571023, 0.997871279, -0.0191142824, -0.359619141, -0.00402832032, 0.933105469, 0.931064204, 0.06392383, 0.35921936, 0, 0, 0, 0, 0, 0, 0, 0.186854053, 0.0623457031, -0.177864844, -0.213858653, 0.786247842, -0.579477147, 0.189086914, -0.548828125, -0.814086914, -0.958390613, -0.283380783, -0.031447252, 2, 1, 
40.1159546, 0.1, 0.1, 0.126549199, 0.203421905, -0.0199640198, 0.862377827, 0.50626523, -7.44126706e-006, 0.50626523, -0.862377827, 3.09253639e-005, 9.23925275e-006, -3.04366029e-005, -0.999999999, 0.862377649, 0.506265534, -2.1636565e-005, 0.506265534, -0.862377649, -1.39116053e-005, -2.57018563e-005, 1.04321033e-006, -1, 0, 0, 0, 0, 0, 0, 0, 0.101433032, 0.0435881836, -0.192324805, -0.0611571023, 0.997871279, -0.0191142824, -0.359619141, -0.00402832032, 0.933105469, 0.931064204, 0.06392383, 0.35921936, 0, 0, 0, 0, 0, 0, 0, 0.186854053, 0.0623457031, -0.177864844, -0.213858653, 0.786247842, -0.579477147, 0.189086914, -0.548828125, -0.814086914, -0.958390613, -0.283380783, -0.031447252, 2, 1, 
40.1167953, 0.1, 0.1, 0.126549211, 0.203421918, -0.0199658779, 0.86237868, 0.506263777, -4.17443085e-006, 0.506263777, -0.86237868, -3.76348822e-005, -2.26531178e-005, 3.03421569e-005, -0.999999999, 0.86237851, 0.506264067, 3.92731406e-006, 0.506264067, -0.86237851, 1.13305489e-005, 9.12308099e-006, -7.78296385e-006, -1, 0, 0, 0, 0, 0, 0, 0, 0.101433032, 0.0435881836, -0.192324805, -0.0611571023, 0.997871279, -0.0191142824, -0.359619141, -0.00402832032, 0.933105469, 0.931064204, 0.06392383, 0.35921936, 0, 0, 0, 0, 0, 0, 0, 0.186854053, 0.0623457031, -0.177864844, -0.213858653, 0.786247842, -0.579477147, 0.189086914, -0.548828125, -0.814086914, -0.958390613, -0.283380783, -0.031447252, 2, 1, 
40.1176409, 0.1, 0.1, 0.126549221, 0.203421912, -0.0199666301, 0.862379442, 0.50626248, 1.2322933e-005, 0.50626248, -0.862379442, 3.94449124e-006, 1.2623992e-005, 2.83699047e-006, -1, 0.862379297, 0.506262726, 1.93833334e-006, 0.506262725, -0.862379297, -4.00726488e-005, -1.86157099e-005, 3.55391286e-005, -0.999999999, 0, 0, 0, 0, 0, 0, 0, 0.101433032, 0.0435881836, -0.192324805, -0.0611571023, 0.997871279, -0.0191142824, -0.359619141, -0.00402832032, 0.933105469, 0.931064204, 0.06392383, 0.35921936, 0, 0, 0, 0, 0, 0, 0, 0.186854053, 0.0623457031, -0.177864844, -0.213858653, 0.786247842, -0.579477147, 0.189086914, -0.548828125, -0.814086914, -0.958390613, -0.283380783, -0.031447252, 2, 1, 
40.1185237, 0.1, 0.1, 0.126549226, 0.203421934, -0.0199657973, 0.862379822, 0.506261829, -5.61412817e-005, 0.506261831, -0.862379822, 3.63876461e-005, -2.99934323e-005, -5.98021598e-005, -0.999999998, 0.86237977, 0.506261919, -3.63124593e-005, 0.50626192, -0.862379767, 7.06472571e-005, 4.4508857e-006, -7.93083807e-005, -0.999999997, 0, 0, 0, 0, 0, 0, 0, 0.101887231, 0.0413535645, -0.192458081, -0.0567582652, 0.99811017, -0.0170919672, -0.355102539, -0.00415039064, 0.934814453, 0.933086519, 0.0591894998, 0.354820522, 0, 0, 0, 0, 0, 0, 0, 0.186854053, 0.0623457031, -0.177864844, -0.214650862, 0.786330597, -0.579081226, 0.19128418, -0.547729492, -0.814331055, -0.957860164, -0.285335968, -0.0328785516, 2, 1, 
40.1193654, 0.1, 0.1, 0.126549235, 0.203421932, -0.0199638981, 0.862379671, 0.506262088, 4.60488675e-005, 0.506262089, -0.862379671, -2.91549147e-005, 2.49515792e-005, 4.84554016e-005, -0.999999999, 0.862379743, 0.506261966, 1.64163146e-005, 0.506261966, -0.862379742, -5.10564483e-005, -1.16908407e-005, 5.23410025e-005, -0.999999999, 0, 0, 0, 0, 0, 0, 0, 0.101887231, 0.0413535645, -0.192458081, -0.0567582652, 0.99811017, -0.0170919672, -0.355102539, -0.00415039064, 0.934814453, 0.933086519, 0.0591894998, 0.354820522, 0, 0, 0, 0, 0, 0, 0, 0.187259277, 0.0603008789, -0.177422266, -0.214650862, 0.786330597, -0.579081226, 0.19128418, -0.547729492, -0.814331055, -0.957860164, -0.285335968, -0.0328785516, 2, 1, 
40.1202132, 0.1, 0.1, 0.126549251, 0.203421942, -0.0199618836, 0.862379042, 0.50626316, -1.91811697e-005, 0.50626316, -0.862379043, -5.22008124e-006, -1.91841736e-005, -5.20903091e-006, -1, 0.862379192, 0.506262905, 6.56685079e-006, 0.506262905, -0.862379192, 2.51525712e-005, 1.83969292e-005, -1.8366501e-005, -1, 0, 0, 0, 0, 0, 0, 0, 0.101887231, 0.0413535645, -0.192458081, -0.0567582652, 0.99811017, -0.0170919672, -0.355102539, -0.00415039064, 0.934814453, 0.933086519, 0.0591894998, 0.354820522, 0, 0, 0, 0, 0, 0, 0, 0.187259277, 0.0603008789, -0.177422266, -0.214650862, 0.786330597, -0.579081226, 0.19128418, -0.547729492, -0.814331055, -0.957860164, -0.285335968, -0.0328785516, 2, 1, 
40.1210549, 0.1, 0.1, 0.126549258, 0.203421943, -0.0199605282, 0.862378172, 0.506264642, 1.61623311e-005, 0.506264642, -0.862378172, 3.5292064e-005, 3.18051657e-005, -2.22526889e-005, -0.999999999, 0.862378346, 0.506264346, -1.65133558e-006, 0.506264346, -0.862378346, -1.30479588e-005, -8.02979238e-006, 1.04162648e-005, -1, 0, 0, 0, 0, 0, 0, 0, 0.101887231, 0.0413535645, -0.192458081, -0.0567582652, 0.99811017, -0.0170919672, -0.355102539, -0.00415039064, 0.934814453, 0.933086519, 0.0591894998, 0.354820522, 0, 0, 0, 0, 0, 0, 0, 0.187259277, 0.0603008789, -0.177422266, -0.214650862, 0.786330597, -0.579081226, 0.19128418, -0.547729492, -0.814331055, -0.957860164, -0.285335968, -0.0328785516, 2, 1, 
40.1218976, 0.1, 0.1, 0.126549273, 0.203421957, -0.0199602025, 0.862377431, 0.506265905, -1.06192572e-005, 0.506265904, -0.862377431, -1.95291308e-005, -1.90447408e-005, 1.14653138e-005, -1, 0.862377544, 0.506265712, 1.85919349e-005, 0.506265712, -0.862377544, 1.05944263e-005, 2.13968619e-005, 2.76063854e-007, -1, 0, 0, 0, 0, 0, 0, 0, 0.101887231, 0.0413535645, -0.192458081, -0.0567582652, 0.99811017, -0.0170919672, -0.355102539, -0.00415039064, 0.934814453, 0.933086519, 0.0591894998, 0.354820522, 0, 0, 0, 0, 0, 0, 0, 0.187259277, 0.0603008789, -0.177422266, -0.214650862, 0.786330597, -0.579081226, 0.19128418, -0.547729492, -0.814331055, -0.957860164, -0.285335968, -0.0328785516, 2, 1, 
40.1227415, 0.1, 0.1, 0.126549278, 0.203421959, -0.0199610034, 0.862377085, 0.506266494, 3.21141413e-005, 0.506266495, -0.862377085, -1.11943603e-005, 2.202717e-005, 2.59120735e-005, -0.999999999, 0.862377135, 0.506266409, -1.44907762e-005, 0.506266409, -0.862377135, -8.06085192e-006, -1.65774526e-005, -3.84698825e-007, -1, 0, 0, 0, 0, 0, 0, 0, 0.101887231, 0.0413535645, -0.192458081, -0.0567582652, 0.99811017, -0.0170919672, -0.355102539, -0.00415039064, 0.934814453, 0.933086519, 0.0591894998, 0.354820522, 0, 0, 0, 0, 0, 0, 0, 0.187259277, 0.0603008789, -0.177422266, -0.214650862, 0.786330597, -0.579081226, 0.19128418, -0.547729492, -0.814331055, -0.957860164, -0.285335968, -0.0328785516, 2, 1, 
40.1236329, 0.1, 0.1, 0.126549294, 0.203421967, -0.019962106, 0.862376723, 0.506267108, -4.19950151e-005, 0.506267109, -0.862376724, 2.0547436e-005, -2.58130325e-005, -3.89803254e-005, -0.999999999, 0.86237682, 0.506266946, -2.07148126e-006, 0.506266946, -0.86237682, 2.65243164e-005, 1.16419873e-005, -2.39226781e-005, -1, 0, 0, 0, 0, 0, 0, 0, 0.102101221, 0.0391216309, -0.192599414, -0.0527020344, 0.998387253, -0.015184228, -0.349853516, -0.00415039064, 0.936767578, 0.935286689, 0.0546963045, 0.349698281, 0, 0, 0, 0, 0, 0, 0, 0.187426367, 0.057786377, -0.177219287, -0.215698633, 0.786036388, -0.579113309, 0.193115234, -0.547241211, -0.814331055, -0.957233833, -0.287208031, -0.0337411226, 2, 1, 
40.1245, 0.1, 0.1, 0.126549296, 0.20342197, -0.0199628536, 0.862376052, 0.506268253, 2.07357243e-005, 0.506268253, -0.862376052, -2.95330563e-006, 1.63868272e-005, 1.3044699e-005, -1, 0.862376213, 0.50626798, -1.02685684e-005, 0.50626798, -0.862376212, -2.39530372e-005, -2.09820249e-005, 1.54578821e-005, -1, 0, 0, 0, 0, 0, 0, 0, 0.102101221, 0.0391216309, -0.192599414, -0.0527020344, 0.998387253, -0.015184228, -0.349853516, -0.00415039064, 0.936767578, 0.935286689, 0.0546963045, 0.349698281, 0, 0, 0, 0, 0, 0, 0, 0.187426367, 0.057786377, -0.177219287, -0.215698633, 0.786036388, -0.579113309, 0.193115234, -0.547241211, -0.814331055, -0.957233833, -0.287208031, -0.0337411226, 2, 1, 
40.1253466, 0.1, 0.1, 0.12654931, 0.203421979, -0.0199635789, 0.862375249, 0.506269622, -2.50882988e-005, 0.506269622, -0.862375249, -1.78120597e-006, -2.25372984e-005, -1.11653756e-005, -1, 0.862375381, 0.506269396, 1.34989611e-005, 0.506269396, -0.862375381, 2.549796e-006, 1.29320554e-005, 4.63522956e-006, -1, 0, 0, 0, 0, 0, 0, 0, 0.102101221, 0.0391216309, -0.192599414, -0.0527020344, 0.998387253, -0.015184228, -0.349853516, -0.00415039064, 0.936767578, 0.935286689, 0.0546963045, 0.349698281, 0, 0, 0, 0, 0, 0, 0, 0.187426367, 0.057786377, -0.177219287, -0.215698633, 0.786036388, -0.579113309, 0.193115234, -0.547241211, -0.814331055, -0.957233833, -0.287208031, -0.0337411226, 2, 1, 
40.1262515, 0.1, 0.1, 0.126549318, 0.203421978, -0.0199635109, 0.862374402, 0.506271063, 3.82787942e-005, 0.506271063, -0.862374403, -1.41237273e-005, 2.58602179e-005, 3.15593867e-005, -0.999999999, 0.862374583, 0.506270756, 1.03609597e-005, 0.506270756, -0.862374582, -3.76036897e-005, -1.01026201e-005, 3.76739172e-005, -0.999999999, 0, 0, 0, 0, 0, 0, 0, 0.102619141, 0.0366665771, -0.192563647, -0.047059331, 0.998733608, -0.0142028362, -0.345214844, -0.00292968751, 0.938476563, 0.937359179, 0.0490798104, 0.344969942, 0, 0, 0, 0, 0, 0, 0, 0.187586621, 0.0553487793, -0.177369287, -0.216695366, 0.786451632, -0.578193136, 0.192504883, -0.546264648, -0.815063477, -0.957093109, -0.287655358, -0.0331534376, 2, 1, 
40.1271047, 0.1, 0.1, 0.12654933, 0.203421992, -0.0199629483, 0.862373248, 0.506273029, -3.17118812e-005, 0.50627303, -0.862373248, 1.49284706e-005, -1.97895959e-005, -2.89287839e-005, -0.999999999, 0.8623735, 0.506272601, -6.00984952e-006, 0.506272601, -0.862373499, 4.45266993e-005, 1.73599129e-005, -4.14412677e-005, -0.999999999, 0, 0, 0, 0, 0, 0, 0, 0.102619141, 0.0366665771, -0.192563647, -0.047059331, 0.998733608, -0.0142028362, -0.345214844, -0.00292968751, 0.938476563, 0.937359179, 0.0490798104, 0.344969942, 0, 0, 0, 0, 0, 0, 0, 0.187586621, 0.0553487793, -0.177369287, -0.216695366, 0.786451632, -0.578193136, 0.192504883, -0.546264648, -0.815063477, -0.957093109, -0.287655358, -0.0331534376, 2, 1, 
40.1279514, 0.1, 0.1, 0.126549339, 0.203421986, -0.0199624449, 0.862371749, 0.506275581, 4.71411437e-005, 0.506275582, -0.862371749, -3.52644412e-005, 2.27996652e-005, 5.42774678e-005, -0.999999998, 0.862372069, 0.506275039, 2.14245963e-005, 0.506275039, -0.862372067, -6.18537617e-005, -1.28390422e-005, 6.41876948e-005, -0.999999998, 0, 0, 0, 0, 0, 0, 0, 0.102619141, 0.0366665771, -0.192563647, -0.047059331, 0.998733608, -0.0142028362, -0.345214844, -0.00292968751, 0.938476563, 0.937359179, 0.0490798104, 0.344969942, 0, 0, 0, 0, 0, 0, 0, 0.187586621, 0.0553487793, -0.177369287, -0.216695366, 0.786451632, -0.578193136, 0.192504883, -0.546264648, -0.815063477, -0.957093109, -0.287655358, -0.0331534376, 2, 1, 
40.128807, 0.1, 0.1, 0.126549351, 0.203421997, -0.0199621533, 0.862369916, 0.506278704, -3.93188042e-005, 0.506278705, -0.862369916, 8.16790855e-006, -2.97721157e-005, -2.69500319e-005, -0.999999999, 0.862370311, 0.506278032, -9.85371597e-006, 0.506278032, -0.862370311, 3.62598563e-005, 9.86001659e-006, -3.62581435e-005, -0.999999999, 0, 0, 0, 0, 0, 0, 0, 0.102619141, 0.0366665771, -0.192563647, -0.047059331, 0.998733608, -0.0142028362, -0.345214844, -0.00292968751, 0.938476563, 0.937359179, 0.0490798104, 0.344969942, 0, 0, 0, 0, 0, 0, 0, 0.187586621, 0.0553487793, -0.177369287, -0.216695366, 0.786451632, -0.578193136, 0.192504883, -0.546264648, -0.815063477, -0.957093109, -0.287655358, -0.0331534376, 2, 1, 
40.1296519, 0.1, 0.1, 0.126549358, 0.203421991, -0.0199621449, 0.862367836, 0.506282247, 3.25904316e-005, 0.506282248, -0.862367836, -2.69333031e-005, 1.44690867e-005, 3.97263713e-005, -0.999999999, 0.86236826, 0.506281526, 7.58807917e-006, 0.506281525, -0.862368259, -5.65233375e-005, -2.20730029e-005, 5.25856365e-005, -0.999999998, 0, 0, 0, 0, 0, 0, 0, 0.102619141, 0.0366665771, -0.192563647, -0.047059331, 0.998733608, -0.0142028362, -0.345214844, -0.00292968751, 0.938476563, 0.937359179, 0.0490798104, 0.344969942, 0, 0, 0, 0, 0, 0, 0, 0.187586621, 0.0553487793, -0.177369287, -0.216695366, 0.786451632, -0.578193136, 0.192504883, -0.546264648, -0.815063477, -0.957093109, -0.287655358, -0.0331534376, 2, 1, 
40.1305212, 0.1, 0.1, 0.126549366, 0.203422006, -0.0199623585, 0.862365443, 0.506286322, -5.25441211e-005, 0.506286324, -0.862365443, 2.57471923e-005, -3.2276783e-005, -4.88058588e-005, -0.999999998, 0.862365979, 0.506285411, -2.28639978e-005, 0.506285411, -0.862365978, 5.45673944e-005, 7.90954189e-006, -5.86327731e-005, -0.999999998, 0, 0, 0, 0, 0, 0, 0, 0.102619141, 0.0366665771, -0.192563647, -0.0411563968, 0.999003578, -0.0125553279, -0.33996582, -0.00219726564, 0.940429688, 0.939514045, 0.0429810465, 0.339765325, 0, 0, 0, 0, 0, 0, 0, 0.187586621, 0.0553487793, -0.177369287, -0.216695366, 0.786451632, -0.578193136, 0.192504883, -0.546264648, -0.815063477, -0.957093109, -0.287655358, -0.0331534376, 2, 1, 
40.1313912, 0.1, 0.1, 0.12654937, 0.203422003, -0.0199622819, 0.86236282, 0.506290791, 3.11097533e-005, 0.506290792, -0.86236282, -1.62659238e-005, 1.85926072e-005, 2.97777095e-005, -0.999999999, 0.862363341, 0.506289905, 2.55917412e-006, 0.506289904, -0.86236334, -4.47613631e-005, -2.04552883e-005, 3.98962426e-005, -0.999999999, 0, 0, 0, 0, 0, 0, 0, 0.102927368, 0.0339829102, -0.19271853, -0.0411563968, 0.999003578, -0.0125553279, -0.33996582, -0.00219726564, 0.940429688, 0.939514045, 0.0429810465, 0.339765325, 0, 0, 0, 0, 0, 0, 0, 0.187718799, 0.0531273437, -0.177496338, -0.218215984, 0.787103116, -0.576710797, 0.193115234, -0.544555664, -0.816040039, -0.956639218, -0.28918254, -0.0332431229, 2, 1, 
40.1322659, 0.1, 0.1, 0.12654938, 0.20342202, -0.0199622283, 0.862359983, 0.506295623, -3.94477462e-005, 0.506295624, -0.862359983, 3.25853216e-005, -1.7520352e-005, -4.80724986e-005, -0.999999999, 0.862360534, 0.506294686, -1.55944678e-005, 0.506294686, -0.862360532, 6.00515444e-005, 1.69557243e-005, -5.96814781e-005, -0.999999998, 0, 0, 0, 0, 0, 0, 0, 0.102927368, 0.0339829102, -0.19271853, -0.0411563968, 0.999003578, -0.0125553279, -0.33996582, -0.00219726564, 0.940429688, 0.939514045, 0.0429810465, 0.339765325, 0, 0, 0, 0, 0, 0, 0, 0.187718799, 0.0531273437, -0.177496338, -0.218215984, 0.787103116, -0.576710797, 0.193115234, -0.544555664, -0.816040039, -0.956639218, -0.28918254, -0.0332431229, 2, 1, 
40.1331134, 0.1, 0.1, 0.126549389, 0.203422018, -0.0199623194, 0.862357085, 0.506300559, 4.96831075e-005, 0.50630056, -0.862357085, -1.43765315e-005, 3.55657338e-005, 3.75522889e-005, -0.999999999, 0.862357669, 0.506299566, 2.17836379e-005, 0.506299567, -0.862357668, -4.11123042e-005, -2.0298546e-006, 4.64825573e-005, -0.999999999, 0, 0, 0, 0, 0, 0, 0, 0.102927368, 0.0339829102, -0.19271853, -0.0411563968, 0.999003578, -0.0125553279, -0.33996582, -0.00219726564, 0.940429688, 0.939514045, 0.0429810465, 0.339765325, 0, 0, 0, 0, 0, 0, 0, 0.187718799, 0.0531273437, -0.177496338, -0.218215984, 0.787103116, -0.576710797, 0.193115234, -0.544555664, -0.816040039, -0.956639218, -0.28918254, -0.0332431229, 2, 1, 
40.1339668, 0.1, 0.1, 0.126549402, 0.203422033, -0.0199626288, 0.862354023, 0.506305775, -2.81981416e-005, 0.506305776, -0.862354023, 2.75157419e-005, -1.03854018e-005, -3.80051927e-005, -0.999999999, 0.862354634, 0.506304736, -9.90314637e-007, 0.506304736, -0.862354632, 5.5277556e-005, 2.7133286e-005, -4.81702576e-005, -0.999999998, 0, 0, 0, 0, 0, 0, 0, 0.102927368, 0.0339829102, -0.19271853, -0.0411563968, 0.999003578, -0.0125553279, -0.33996582, -0.00219726564, 0.940429688, 0.939514045, 0.0429810465, 0.339765325, 0, 0, 0, 0, 0, 0, 0, 0.187718799, 0.0531273437, -0.177496338, -0.218215984, 0.787103116, -0.576710797, 0.193115234, -0.544555664, -0.816040039, -0.956639218, -0.28918254, -0.0332431229, 2, 1, 
40.1348168, 0.1, 0.1, 0.12654941, 0.20342203, -0.0199630196, 0.862350857, 0.506311167, 4.28608949e-005, 0.506311168, -0.862350857, -1.980305e-005, 2.69346241e-005, 3.87781269e-005, -0.999999999, 0.862351503, 0.506310069, 1.78083019e-005, 0.506310069, -0.862351501, -4.66619507e-005, -8.26839961e-006, 4.92555259e-005, -0.999999999, 0, 0, 0, 0, 0, 0, 0, 0.102927368, 0.0339829102, -0.19271853, -0.0411563968, 0.999003578, -0.0125553279, -0.33996582, -0.00219726564, 0.940429688, 0.939514045, 0.0429810465, 0.339765325, 0, 0, 0, 0, 0, 0, 0, 0.187718799, 0.0531273437, -0.177496338, -0.218215984, 0.787103116, -0.576710797, 0.193115234, -0.544555664, -0.816040039, -0.956639218, -0.28918254, -0.0332431229, 2, 1, 
40.1357034, 0.1, 0.1, 0.12654942, 0.203422045, -0.0199630441, 0.86234746, 0.506316953, -4.51317832e-005, 0.506316954, -0.86234746, 2.11024585e-005, -2.82347461e-005, -4.10486384e-005, -0.999999999, 0.862348108, 0.50631585, -1.8669809e-005, 0.50631585, -0.862348107, 4.86960037e-005, 8.55568401e-006, -5.14457269e-005, -0.999999999, 0, 0, 0, 0, 0, 0, 0, 0.103154907, 0.0319675049, -0.193033545, -0.0368399352, 0.999185181, -0.00963886588, -0.333984375, -0.00317382814, 0.942504883, 0.941796591, 0.0378850141, 0.33398895, 0, 0, 0, 0, 0, 0, 0, 0.187829492, 0.0506824219, -0.177603613, -0.220126327, 0.787939801, -0.574825974, 0.194213867, -0.542236328, -0.817382812, -0.955980805, -0.29130397, -0.0336587336, 2, 1, 
40.1365606, 0.1, 0.1, 0.126549425, 0.20342204, -0.0199626279, 0.86234407, 0.506322726, 3.4475973e-005, 0.506322727, -0.86234407, -2.71352764e-005, 1.59909438e-005, 4.08559134e-005, -0.999999999, 0.862344738, 0.50632159, 7.06933681e-006, 0.50632159, -0.862344737, -5.39297165e-005, -2.12095744e-005, 5.00853651e-005, -0.999999999, 0, 0, 0, 0, 0, 0, 0, 0.103154907, 0.0319675049, -0.193033545, -0.0368399352, 0.999185181, -0.00963886588, -0.333984375, -0.00317382814, 0.942504883, 0.941796591, 0.0378850141, 0.33398895, 0, 0, 0, 0, 0, 0, 0, 0.187829492, 0.0506824219, -0.177603613, -0.220126327, 0.787939801, -0.574825974, 0.194213867, -0.542236328, -0.817382812, -0.955980805, -0.29130397, -0.0336587336, 2, 1, 
40.1374076, 0.1, 0.1, 0.126549435, 0.203422052, -0.0199623929, 0.862340645, 0.50632856, -3.73210257e-005, 0.506328561, -0.862340645, 1.67237288e-005, -2.37157358e-005, -3.33182523e-005, -0.999999999, 0.862341321, 0.506327411, -1.24383218e-005, 0.506327411, -0.86234132, 4.41463152e-005, 1.16264106e-005, -4.4367055e-005, -0.999999999, 0, 0, 0, 0, 0, 0, 0, 0.103154907, 0.0319675049, -0.193033545, -0.0368399352, 0.999185181, -0.00963886588, -0.333984375, -0.00317382814, 0.942504883, 0.941796591, 0.0378850141, 0.33398895, 0, 0, 0, 0, 0, 0, 0, 0.187829492, 0.0506824219, -0.177603613, -0.220126327, 0.787939801, -0.574825974, 0.194213867, -0.542236328, -0.817382812, -0.955980805, -0.29130397, -0.0336587336, 2, 1, 
40.1383051, 0.1, 0.1, 0.126549444, 0.203422046, -0.0199620137, 0.862336945, 0.50633486, 5.19718929e-005, 0.506334862, -0.862336945, -2.75001387e-005, 3.08930045e-005, 5.00295668e-005, -0.999999998, 0.862337654, 0.506333655, 2.500839e-005, 0.506333655, -0.862337652, -5.61939766e-005, -6.88722519e-006, 6.11207714e-005, -0.999999998, 0, 0, 0, 0, 0, 0, 0, 0.103522314, 0.0297314209, -0.193310596, -0.034148138, 0.999335705, -0.00597990335, -0.328125, -0.00549316407, 0.944580078, 0.943965683, 0.0341534153, 0.328218566, 0, 0, 0, 0, 0, 0, 0, 0.187834229, 0.0486002441, -0.177724072, -0.223812851, 0.788118072, -0.573209473, 0.196289063, -0.539794922, -0.818481445, -0.954772619, -0.295335742, -0.0338570607, 2, 1, 
40.1391558, 0.1, 0.1, 0.126549455, 0.203422059, -0.0199616769, 0.862333357, 0.506340973, -3.4349992e-005, 0.506340974, -0.862333357, 2.08873173e-005, -1.90450394e-005, -3.54046388e-005, -0.999999999, 0.862334073, 0.506339753, -5.34270928e-006, 0.506339753, -0.862334072, 4.81337171e-005, 1.97648142e-005, -4.42125704e-005, -0.999999999, 0, 0, 0, 0, 0, 0, 0, 0.103522314, 0.0297314209, -0.193310596, -0.034148138, 0.999335705, -0.00597990335, -0.328125, -0.00549316407, 0.944580078, 0.943965683, 0.0341534153, 0.328218566, 0, 0, 0, 0, 0, 0, 0, 0.187834229, 0.0486002441, -0.177724072, -0.223812851, 0.788118072, -0.573209473, 0.196289063, -0.539794922, -0.818481445, -0.954772619, -0.295335742, -0.0338570607, 2, 1, 
40.1400048, 0.1, 0.1, 0.126549462, 0.203422054, -0.0199618457, 0.862329719, 0.506347168, 3.62546397e-005, 0.506347169, -0.862329719, -2.02084677e-005, 2.10309528e-005, 3.57837965e-005, -0.999999999, 0.862330439, 0.506345943, 1.13441285e-005, 0.506345943, -0.862330438, -4.87318162e-005, -1.48927701e-005, 4.77669818e-005, -0.999999999, 0, 0, 0, 0, 0, 0, 0, 0.103522314, 0.0297314209, -0.193310596, -0.034148138, 0.999335705, -0.00597990335, -0.328125, -0.00549316407, 0.944580078, 0.943965683, 0.0341534153, 0.328218566, 0, 0, 0, 0, 0, 0, 0, 0.187834229, 0.0486002441, -0.177724072, -0.223812851, 0.788118072, -0.573209473, 0.196289063, -0.539794922, -0.818481445, -0.954772619, -0.295335742, -0.0338570607, 2, 1, 
40.1408582, 0.1, 0.1, 0.126549469, 0.203422069, -0.0199623754, 0.862326025, 0.506353458, -5.00942647e-005, 0.506353459, -0.862326025, 2.75350144e-005, -2.92551384e-005, -4.91095637e-005, -0.999999998, 0.862326776, 0.506352181, -2.221852e-005, 0.506352181, -0.862326774, 5.53190924e-005, 8.85131835e-006, -5.89535307e-005, -0.999999998, 0, 0, 0, 0, 0, 0, 0, 0.103522314, 0.0297314209, -0.193310596, -0.034148138, 0.999335705, -0.00597990335, -0.328125, -0.00549316407, 0.944580078, 0.943965683, 0.0341534153, 0.328218566, 0, 0, 0, 0, 0, 0, 0, 0.187834229, 0.0486002441, -0.177724072, -0.223812851, 0.788118072, -0.573209473, 0.196289063, -0.539794922, -0.818481445, -0.954772619, -0.295335742, -0.0338570607, 2, 1, 
40.1417066, 0.1, 0.1, 0.126549472, 0.203422066, -0.0199630404, 0.862322302, 0.5063598, 2.92132595e-005, 0.506359801, -0.862322302, -1.85929663e-005, 1.57765145e-005, 3.08255497e-005, -0.999999999, 0.862323043, 0.506358538, 1.66886194e-006, 0.506358538, -0.862323042, -4.50689715e-005, -2.13819604e-005, 3.97090552e-005, -0.999999999, 0, 0, 0, 0, 0, 0, 0, 0.103522314, 0.0297314209, -0.193310596, -0.034148138, 0.999335705, -0.00597990335, -0.328125, -0.00549316407, 0.944580078, 0.943965683, 0.0341534153, 0.328218566, 0, 0, 0, 0, 0, 0, 0, 0.187834229, 0.0486002441, -0.177724072, -0.223812851, 0.788118072, -0.573209473, 0.196289063, -0.539794922, -0.818481445, -0.954772619, -0.295335742, -0.0338570607, 2, 1, 
40.1425602, 0.1, 0.1, 0.126549481, 0.203422079, -0.0199635855, 0.862318538, 0.506366209, -3.86904715e-005, 0.50636621, -0.862318538, 2.34332353e-005, -2.14977123e-005, -3.97984606e-005, -0.999999999, 0.862319281, 0.506364945, -1.47888943e-005, 0.506364945, -0.862319279, 5.07195418e-005, 1.29298494e-005, -5.12250164e-005, -0.999999999, 0, 0, 0, 0, 0, 0, 0, 0.103522314, 0.0297314209, -0.193310596, -0.034148138, 0.999335705, -0.00597990335, -0.328125, -0.00549316407, 0.944580078, 0.943965683, 0.0341534153, 0.328218566, 0, 0, 0, 0, 0, 0, 0, 0.187834229, 0.0486002441, -0.177724072, -0.223812851, 0.788118072, -0.573209473, 0.196289063, -0.539794922, -0.818481445, -0.954772619, -0.295335742, -0.0338570607, 2, 1, 
40.1434603, 0.1, 0.1, 0.126549488, 0.203422073, -0.0199631989, 0.862314543, 0.506373012, 4.74357247e-005, 0.506373013, -0.862314543, -2.82458103e-005, 2.66015992e-005, 4.83769439e-005, -0.999999998, 0.862315302, 0.50637172, 2.05731547e-005, 0.50637172, -0.862315301, -5.59634272e-005, -1.05977509e-005, 5.86757834e-005, -0.999999998, 0, 0, 0, 0, 0, 0, 0, 0.103920239, 0.0274892334, -0.193452539, -0.0308535037, 0.999365662, -0.00404707676, -0.322387695, -0.00610351564, 0.946533203, 0.946039295, 0.0304409126, 0.322474391, 0, 0, 0, 0, 0, 0, 0, 0.188120312, 0.0462716309, -0.177466406, -0.226649564, 0.787919378, -0.572366225, 0.198974609, -0.537963867, -0.818969727, -0.953475114, -0.299284392, -0.0348731162, 2, 1, 
40.1443186, 0.1, 0.1, 0.126549499, 0.203422085, -0.0199625705, 0.862310698, 0.50637956, -3.32846537e-005, 0.50637956, -0.862310698, 1.89433017e-005, -1.91092122e-005, -3.318968e-005, -0.999999999, 0.862311461, 0.506378262, -5.49075145e-006, 0.506378262, -0.86231146, 4.59467553e-005, 1.85317002e-005, -4.24008109e-005, -0.999999999, 0, 0, 0, 0, 0, 0, 0, 0.103920239, 0.0274892334, -0.193452539, -0.0308535037, 0.999365662, -0.00404707676, -0.322387695, -0.00610351564, 0.946533203, 0.946039295, 0.0304409126, 0.322474391, 0, 0, 0, 0, 0, 0, 0, 0.188120312, 0.0462716309, -0.177466406, -0.226649564, 0.787919378, -0.572366225, 0.198974609, -0.537963867, -0.818969727, -0.953475114, -0.299284392, -0.0348731162, 2, 1, 
40.1451739, 0.1, 0.1, 0.126549505, 0.203422081, -0.019962041, 0.86230685, 0.506386112, 4.0015742e-005, 0.506386113, -0.862306851, -2.171364e-005, 2.35103627e-005, 3.89872365e-005, -0.999999999, 0.862307598, 0.50638484, 1.51281406e-005, 0.50638484, -0.862307597, -5.01655116e-005, -1.2357944e-005, 5.09187628e-005, -0.999999999, 0, 0, 0, 0, 0, 0, 0, 0.103920239, 0.0274892334, -0.193452539, -0.0308535037, 0.999365662, -0.00404707676, -0.322387695, -0.00610351564, 0.946533203, 0.946039295, 0.0304409126, 0.322474391, 0, 0, 0, 0, 0, 0, 0, 0.188120312, 0.0462716309, -0.177466406, -0.226649564, 0.787919378, -0.572366225, 0.198974609, -0.537963867, -0.818969727, -0.953475114, -0.299284392, -0.0348731162, 2, 1, 
40.1460247, 0.1, 0.1, 0.126549513, 0.203422094, -0.0199618551, 0.862303003, 0.506392662, -4.62349807e-005, 0.506392664, -0.862303003, 2.67830378e-005, -2.63058289e-005, -4.6508149e-005, -0.999999999, 0.86230376, 0.506391376, -1.8982772e-005, 0.506391376, -0.862303758, 5.40173347e-005, 1.09849968e-005, -5.61920629e-005, -0.999999998, 0, 0, 0, 0, 0, 0, 0, 0.103920239, 0.0274892334, -0.193452539, -0.0308535037, 0.999365662, -0.00404707676, -0.322387695, -0.00610351564, 0.946533203, 0.946039295, 0.0304409126, 0.322474391, 0, 0, 0, 0, 0, 0, 0, 0.188120312, 0.0462716309, -0.177466406, -0.226649564, 0.787919378, -0.572366225, 0.198974609, -0.537963867, -0.818969727, -0.953475114, -0.299284392, -0.0348731162, 2, 1, 
40.1468769, 0.1, 0.1, 0.126549517, 0.203422091, -0.0199621312, 0.862299126, 0.506399266, 3.54433495e-005, 0.506399267, -0.862299126, -1.68751898e-005, 2.20171856e-005, 3.24999476e-005, -0.999999999, 0.862299934, 0.50639789, 6.13780346e-006, 0.50639789, -0.862299933, -4.55309708e-005, -1.776416e-005, 4.23695238e-005, -0.999999999, 0, 0, 0, 0, 0, 0, 0, 0.103920239, 0.0274892334, -0.193452539, -0.0308535037, 0.999365662, -0.00404707676, -0.322387695, -0.00610351564, 0.946533203, 0.946039295, 0.0304409126, 0.322474391, 0, 0, 0, 0, 0, 0, 0, 0.188120312, 0.0462716309, -0.177466406, -0.226649564, 0.787919378, -0.572366225, 0.198974609, -0.537963867, -0.818969727, -0.953475114, -0.299284392, -0.0348731162, 2, 1, 
40.1477676, 0.1, 0.1, 0.126549525, 0.203422105, -0.019962397, 0.86229505, 0.506406206, -4.22561252e-005, 0.506406207, -0.86229505, 2.1112234e-005, -2.57458813e-005, -3.96037389e-005, -0.999999999, 0.862295921, 0.506404724, -1.41016484e-005, 0.506404724, -0.86229592, 5.28676447e-005, 1.46126312e-005, -5.27286957e-005, -0.999999999, 0, 0, 0, 0, 0, 0, 0, 0.104082715, 0.0254777344, -0.193346826, -0.0278000043, 0.999535283, -0.00163198048, -0.31640625, -0.00708007814, 0.948608398, 0.948151098, 0.0268298812, 0.316653832, 0, 0, 0, 0, 0, 0, 0, 0.188120312, 0.0462716309, -0.177466406, -0.230118804, 0.787650322, -0.571254655, 0.202148438, -0.535644531, -0.819702148, -0.951998605, -0.303731409, -0.0361064552, 2, 1, 
40.1486123, 0.1, 0.1, 0.126549531, 0.2034221, -0.0199624281, 0.86229117, 0.506412812, 4.26856077e-005, 0.506412813, -0.86229117, -2.57022823e-005, 2.37914576e-005, 4.37793897e-005, -0.999999999, 0.862291937, 0.506411508, 1.55628933e-005, 0.506411508, -0.862291935, -5.27690013e-005, -1.33030722e-005, 5.33835126e-005, -0.999999998, 0, 0, 0, 0, 0, 0, 0, 0.104082715, 0.0254777344, -0.193346826, -0.0278000043, 0.999535283, -0.00163198048, -0.31640625, -0.00708007814, 0.948608398, 0.948151098, 0.0268298812, 0.316653832, 0, 0, 0, 0, 0, 0, 0, 0.188368311, 0.0443743652, -0.177418799, -0.230118804, 0.787650322, -0.571254655, 0.202148438, -0.535644531, -0.819702148, -0.951998605, -0.303731409, -0.0361064552, 2, 1, 
40.14946, 0.1, 0.1, 0.126549541, 0.203422112, -0.0199626832, 0.862287265, 0.506419462, -3.43762497e-005, 0.506419463, -0.862287265, 2.07554695e-005, -1.91312286e-005, -3.53059789e-005, -0.999999999, 0.862288032, 0.506418158, -7.52553161e-006, 0.506418157, -0.862288031, 4.73165589e-005, 1.74727888e-005, -4.46115683e-005, -0.999999999, 0, 0, 0, 0, 0, 0, 0, 0.104082715, 0.0254777344, -0.193346826, -0.0278000043, 0.999535283, -0.00163198048, -0.31640625, -0.00708007814, 0.948608398, 0.948151098, 0.0268298812, 0.316653832, 0, 0, 0, 0, 0, 0, 0, 0.188368311, 0.0443743652, -0.177418799, -0.230118804, 0.787650322, -0.571254655, 0.202148438, -0.535644531, -0.819702148, -0.951998605, -0.303731409, -0.0361064552, 2, 1, 
40.1503167, 0.1, 0.1, 0.126549547, 0.203422107, -0.0199629771, 0.862283316, 0.506426186, 3.8591536e-005, 0.506426187, -0.862283316, -2.32084723e-005, 2.15234595e-005, 3.95560428e-005, -0.999999999, 0.862284084, 0.50642488, 1.39069837e-005, 0.50642488, -0.862284082, -5.0571893e-005, -1.36190941e-005, 5.06501809e-005, -0.999999999, 0, 0, 0, 0, 0, 0, 0, 0.104082715, 0.0254777344, -0.193346826, -0.0278000043, 0.999535283, -0.00163198048, -0.31640625, -0.00708007814, 0.948608398, 0.948151098, 0.0268298812, 0.316653832, 0, 0, 0, 0, 0, 0, 0, 0.188368311, 0.0443743652, -0.177418799, -0.230118804, 0.787650322, -0.571254655, 0.202148438, -0.535644531, -0.819702148, -0.951998605, -0.303731409, -0.0361064552, 2, 1, 
40.1511667, 0.1, 0.1, 0.126549554, 0.203422119, -0.0199632202, 0.862279405, 0.506432844, -4.29357155e-005, 0.506432845, -0.862279405, 2.3696772e-005, -2.50217596e-005, -4.2177295e-005, -0.999999999, 0.862280171, 0.506431541, -1.68871817e-005, 0.506431542, -0.86228017, 4.99098885e-005, 1.07144599e-005, -5.15885087e-005, -0.999999999, 0, 0, 0, 0, 0, 0, 0, 0.104082715, 0.0254777344, -0.193346826, -0.0278000043, 0.999535283, -0.00163198048, -0.31640625, -0.00708007814, 0.948608398, 0.948151098, 0.0268298812, 0.316653832, 0, 0, 0, 0, 0, 0, 0, 0.188368311, 0.0443743652, -0.177418799, -0.230118804, 0.787650322, -0.571254655, 0.202148438, -0.535644531, -0.819702148, -0.951998605, -0.303731409, -0.0361064552, 2, 1, 
