time, realDorsalTactorPos, realVentralTactorPos, boxPosX, boxPosY, boxPosZ, boxLocalRot_11, boxLocalRot_12, boxLocalRot_13, boxLocalRot_21, boxLocalRot_22, boxLocalRot_23, boxLocalRot_31, boxLocalRot_32, boxLocalRot_33, boxGlobalRot_11, boxGlobalRot_12, boxGlobalRot_13, boxGlobalRot_21, boxGlobalRot_22, boxGlobalRot_23, boxGlobalRot_31, boxGlobalRot_32, boxGlobalRot_33, indexForceX, indexForceY, indexForceZ, indexForceGlobalX, indexForceGlobalY, indexForceGlobalZ, indexContact, indexPosX, indexPosY, indexPosZ, indexRot_11, indexRot_12, indexRot_13, indexRot_21, indexRot_22, indexRot_23, indexRot_31, indexRot_32, indexRot_33, thumbForceX, thumbForceY, thumbForceZ, thumbForceGlobalX, thumbForceGlobalY, thumbForceGlobalZ, thumbContact, thumbPosX, thumbPosY, thumbPosZ, thumbRot_11, thumbRot_12, thumbRot_13, thumbRot_21, thumbRot_22, thumbRot_23, thumbRot_31, thumbRot_32, thumbRot_33, mapping, trialSuccess, 
49.3823554, 0.1, 0.1, 0.156653313, 0.212562282, -0.0199474357, -1.36539242e-005, -0.220647725, 0.975353567, -3.77515089e-005, 0.975353567, 0.220647724, -0.999999999, -3.38083616e-005, -2.16471882e-005, -2.86560906e-005, -0.22064619, 0.975353914, -3.17882334e-005, 0.975353914, 0.220646189, -0.999999999, -2.46819207e-005, -3.49637827e-005, -0, 0, 0, 0, 0, 0, 0, 0.0923880371, -0.0290454346, -0.190156226, -0.420279809, 0.894948028, -0.149202378, -0.354614258, -0.0106201172, 0.934936523, 0.835307614, 0.445686621, 0.322105856, 0, 0, 0, 0, 0, 0, 0, 0.177112549, 0.00441030273, -0.168645996, -0.37891438, 0.563631713, -0.733819023, 0.434204102, -0.592041016, -0.678833008, -0.817400573, -0.575707958, -0.0204203552, 4, 1, 
49.3857571, 0.1, 0.1, 0.156653365, 0.212562286, -0.0199712397, 2.5033493e-005, -0.220673688, 0.975347693, -3.72020204e-006, 0.975347694, 0.220673688, -1, -9.1527237e-006, 2.35954089e-005, 5.910814e-005, -0.22067286, 0.975347879, 2.27809892e-005, 0.975347881, 0.220672859, -0.999999998, 9.17582722e-006, 6.26781452e-005, -0, 0, 0, 0, 0, 0, 0, 0.0933602295, -0.031473877, -0.189987793, -0.418781704, 0.89553776, -0.150218214, -0.354248047, -0.00878906251, 0.935058594, 0.836182665, 0.444728073, 0.321154422, 0, 0, 0, 0, 0, 0, 0, 0.177616016, 0.00210229492, -0.168663818, -0.382440857, 0.5605449, -0.734419468, 0.437133789, -0.590454102, -0.678222656, -0.814211682, -0.580205647, -0.0193787801, 4, 1, 
49.3866381, 0.1, 0.1, 0.156653345, 0.212562277, -0.0199790791, -0.000109554694, -0.220677057, 0.975346925, -6.31272311e-006, 0.975346931, 0.220677057, -0.999999994, 1.80191124e-005, -0.000108246908, -0.000105499587, -0.220676498, 0.975347052, -1.38158799e-005, 0.975347058, 0.220676498, -0.999999994, 9.80600177e-006, -0.000105947552, -0, 0, 0, 0, 0, 0, 0, 0.0938966797, -0.0338934082, -0.19016062, -0.41713083, 0.896355523, -0.149096037, -0.351806641, -0.00805664063, 0.936035156, 0.838022255, 0.442868265, 0.318875623, 0, 0, 0, 0, 0, 0, 0, 0.17789624, -0.000187402344, -0.168430078, -0.385967333, 0.557688131, -0.734681227, 0.439697266, -0.588867188, -0.677978516, -0.811022791, -0.584556415, -0.0180561224, 4, 1, 
49.3874796, 0.1, 0.1, 0.156653333, 0.212562272, -0.0199803521, 1.91404568e-005, -0.220679491, 0.97534638, -2.44343141e-005, 0.97534638, 0.220679492, -1, -2.80558261e-005, 1.32764233e-005, -2.13907412e-005, -0.220679001, 0.975346491, -2.29384001e-005, 0.975346491, 0.220679, -1, -1.76524007e-005, -2.59254076e-005, -0, 0, 0, 0, 0, 0, 0, 0.0938966797, -0.0338934082, -0.19016062, -0.41713083, 0.896355523, -0.149096037, -0.351806641, -0.00805664063, 0.936035156, 0.838022255, 0.442868265, 0.318875623, 0, 0, 0, 0, 0, 0, 0, 0.17789624, -0.000187402344, -0.168430078, -0.385967333, 0.557688131, -0.734681227, 0.439697266, -0.588867188, -0.677978516, -0.811022791, -0.584556415, -0.0180561224, 4, 1, 
49.3883247, 0.1, 0.1, 0.156653348, 0.212562271, -0.0199755526, 5.17522245e-005, -0.220682169, 0.975345773, 3.22617172e-005, 0.975345775, 0.220682168, -0.999999998, 2.00455364e-005, 5.75958992e-005, 6.63745457e-005, -0.220681617, 0.975345897, 2.44221307e-005, 0.9753459, 0.220681616, -0.999999997, 9.17238301e-006, 7.01276563e-005, -0, 0, 0, 0, 0, 0, 0, 0.0938966797, -0.0338934082, -0.19016062, -0.41713083, 0.896355523, -0.149096037, -0.351806641, -0.00805664063, 0.936035156, 0.838022255, 0.442868265, 0.318875623, 0, 0, 0, 0, 0, 0, 0, 0.17789624, -0.000187402344, -0.168430078, -0.385967333, 0.557688131, -0.734681227, 0.439697266, -0.588867188, -0.677978516, -0.811022791, -0.584556415, -0.0180561224, 4, 1, 
49.3892093, 0.1, 0.1, 0.156653345, 0.212562267, -0.0199660441, -2.29992924e-005, -0.220685283, 0.97534507, -2.00452216e-005, 0.97534507, 0.220685282, -1, -1.44754027e-005, -2.68559319e-005, -2.8612388e-005, -0.2206847, 0.975345202, -2.62226835e-005, 0.975345202, 0.220684699, -0.999999999, -1.92618523e-005, -3.36939004e-005, -0, 0, 0, 0, 0, 0, 0, 0.0944317871, -0.0365334961, -0.190154272, -0.415499052, 0.897211478, -0.148836928, -0.349609375, -0.00646972657, 0.936889648, 0.839741277, 0.441249592, 0.31660993, 0, 0, 0, 0, 0, 0, 0, 0.178180859, -0.00311289063, -0.168413965, -0.388976487, 0.554761366, -0.735351668, 0.440307617, -0.589111328, -0.677368164, -0.80925244, -0.5870734, -0.0151807635, 4, 1, 
49.3900524, 0.1, 0.1, 0.156653351, 0.212562267, -0.0199569286, 2.26432036e-005, -0.22068777, 0.975344507, 2.38090063e-005, 0.975344507, 0.22068777, -0.999999999, 1.82249054e-005, 2.73392808e-005, 4.35329558e-005, -0.220687326, 0.975344607, 8.91034793e-006, 0.975344608, 0.220687326, -0.999999999, -9.16511802e-007, 4.44260345e-005, -0, 0, 0, 0, 0, 0, 0, 0.0944317871, -0.0365334961, -0.190154272, -0.415499052, 0.897211478, -0.148836928, -0.349609375, -0.00646972657, 0.936889648, 0.839741277, 0.441249592, 0.31660993, 0, 0, 0, 0, 0, 0, 0, 0.178180859, -0.00311289063, -0.168413965, -0.388976487, 0.554761366, -0.735351668, 0.440307617, -0.589111328, -0.677368164, -0.80925244, -0.5870734, -0.0151807635, 4, 1, 
49.3909047, 0.1, 0.1, 0.15665335, 0.212562261, -0.0199508014, 1.21772249e-005, -0.220690407, 0.975343911, -2.96039554e-005, 0.97534391, 0.220690407, -0.999999999, -3.15614344e-005, 5.34367322e-006, 1.15986324e-005, -0.22068984, 0.975344039, -3.78857781e-005, 0.975344038, 0.22068984, -0.999999999, -3.95113682e-005, 2.95165063e-006, -0, 0, 0, 0, 0, 0, 0, 0.0944317871, -0.0365334961, -0.190154272, -0.415499052, 0.897211478, -0.148836928, -0.349609375, -0.00646972657, 0.936889648, 0.839741277, 0.441249592, 0.31660993, 0, 0, 0, 0, 0, 0, 0, 0.178180859, -0.00311289063, -0.168413965, -0.388976487, 0.554761366, -0.735351668, 0.440307617, -0.589111328, -0.677368164, -0.80925244, -0.5870734, -0.0151807635, 4, 1, 
49.3917473, 0.1, 0.1, 0.156653348, 0.212562268, -0.0199494502, -8.82020927e-006, -0.220692653, 0.975343403, 4.19978283e-005, 0.975343402, 0.220692653, -0.999999999, 4.29088601e-005, 6.65879226e-007, 2.47625988e-006, -0.220692266, 0.97534349, 6.43118454e-005, 0.975343488, 0.220692265, -0.999999998, 6.21796483e-005, 1.66083308e-005, -0, 0, 0, 0, 0, 0, 0, 0.0944317871, -0.0365334961, -0.190154272, -0.415499052, 0.897211478, -0.148836928, -0.349609375, -0.00646972657, 0.936889648, 0.839741277, 0.441249592, 0.31660993, 0, 0, 0, 0, 0, 0, 0, 0.178180859, -0.00311289063, -0.168413965, -0.388976487, 0.554761366, -0.735351668, 0.440307617, -0.589111328, -0.677368164, -0.80925244, -0.5870734, -0.0151807635, 4, 1, 
49.3925895, 0.1, 0.1, 0.156653346, 0.21256225, -0.0199530626, 3.74500097e-005, -0.220694962, 0.975342879, -7.79207904e-005, 0.975342876, 0.220694965, -0.999999996, -8.42645166e-005, 1.93298743e-005, 2.52398253e-006, -0.22069445, 0.975342996, -9.55060982e-005, 0.975342991, 0.220694449, -0.999999995, -9.37082329e-005, -1.86159172e-005, -0, 0, 0, 0, 0, 0, 0, 0.0944317871, -0.0365334961, -0.190154272, -0.415499052, 0.897211478, -0.148836928, -0.349609375, -0.00646972657, 0.936889648, 0.839741277, 0.441249592, 0.31660993, 0, 0, 0, 0, 0, 0, 0, 0.178180859, -0.00311289063, -0.168413965, -0.388976487, 0.554761366, -0.735351668, 0.440307617, -0.589111328, -0.677368164, -0.80925244, -0.5870734, -0.0151807635, 4, 1, 
49.3934666, 0.1, 0.1, 0.156653348, 0.212562258, -0.019960039, -4.070403e-005, -0.220698263, 0.975342132, 0.000102621233, 0.975342127, 0.220698266, -0.999999994, 0.000109074121, -1.70520272e-005, -2.08635955e-005, -0.220697515, 0.975342302, 8.44282227e-005, 0.975342299, 0.220697516, -0.999999996, 8.69509608e-005, -1.71604825e-006, -0, 0, 0, 0, 0, 0, 0, 0.0944317871, -0.0365334961, -0.190154272, -0.414508304, 0.897883586, -0.147974982, -0.347167969, -0.00561523438, 0.937744141, 0.841314645, 0.440030813, 0.314248756, 0, 0, 0, 0, 0, 0, 0, 0.178180859, -0.00311289063, -0.168413965, -0.388976487, 0.554761366, -0.735351668, 0.440307617, -0.589111328, -0.677368164, -0.80925244, -0.5870734, -0.0151807635, 4, 1, 
49.3943326, 0.1, 0.1, 0.156653348, 0.21256227, -0.0199670001, 3.57352344e-005, -0.220701276, 0.975341451, -1.75671148e-005, 0.975341451, 0.220701277, -0.999999999, -2.50207471e-005, 3.09769707e-005, 2.68368249e-005, -0.220700809, 0.975341557, 3.31580537e-005, 0.975341557, 0.220700808, -0.999999999, 2.64175187e-005, 3.34930798e-005, -0, 0, 0, 0, 0, 0, 0, 0.0949336914, -0.0387352783, -0.190117407, -0.414508304, 0.897883586, -0.147974982, -0.347167969, -0.00561523438, 0.937744141, 0.841314645, 0.440030813, 0.314248756, 0, 0, 0, 0, 0, 0, 0, 0.178603027, -0.00520766602, -0.168354883, -0.393729739, 0.551565912, -0.735242659, 0.442260742, -0.587524414, -0.677490234, -0.806069746, -0.59170525, -0.012714452, 4, 1, 
49.3951687, 0.1, 0.1, 0.156653349, 0.212562248, -0.0199719961, 2.85450382e-007, -0.220702896, 0.975341085, -7.56028287e-005, 0.975341082, 0.220702896, -0.999999997, -7.38015446e-005, -1.64073518e-005, -3.33489346e-006, -0.220702617, 0.975341148, -9.32036659e-005, 0.975341144, 0.220702616, -0.999999996, -9.01693508e-005, -2.38229518e-005, -0, 0, 0, 0, 0, 0, 0, 0.0949336914, -0.0387352783, -0.190117407, -0.414508304, 0.897883586, -0.147974982, -0.347167969, -0.00561523438, 0.937744141, 0.841314645, 0.440030813, 0.314248756, 0, 0, 0, 0, 0, 0, 0, 0.178603027, -0.00520766602, -0.168354883, -0.393729739, 0.551565912, -0.735242659, 0.442260742, -0.587524414, -0.677490234, -0.806069746, -0.59170525, -0.012714452, 4, 1, 
49.3960087, 0.1, 0.1, 0.156653347, 0.212562252, -0.019973709, -3.27819346e-005, -0.220704547, 0.975340711, 8.34748033e-005, 0.975340707, 0.220704549, -0.999999996, 8.8651496e-005, -1.35502867e-005, -2.5152013e-005, -0.22070419, 0.975340792, 6.48606614e-005, 0.97534079, 0.220704191, -0.999999998, 6.88124035e-005, -1.02167645e-005, -0, 0, 0, 0, 0, 0, 0, 0.0949336914, -0.0387352783, -0.190117407, -0.414508304, 0.897883586, -0.147974982, -0.347167969, -0.00561523438, 0.937744141, 0.841314645, 0.440030813, 0.314248756, 0, 0, 0, 0, 0, 0, 0, 0.178603027, -0.00520766602, -0.168354883, -0.393729739, 0.551565912, -0.735242659, 0.442260742, -0.587524414, -0.677490234, -0.806069746, -0.59170525, -0.012714452, 4, 1, 
49.3968534, 0.1, 0.1, 0.156653344, 0.212562265, -0.0199717333, -1.06789152e-005, -0.22070594, 0.975340396, 4.636148e-006, 0.975340396, 0.220705941, -1, 6.87872244e-006, -9.39235193e-006, -3.80829371e-006, -0.220705727, 0.975340444, 4.5853323e-005, 0.975340443, 0.220705727, -0.999999999, 4.55631126e-005, 6.40570811e-006, -0, 0, 0, 0, 0, 0, 0, 0.0949336914, -0.0387352783, -0.190117407, -0.414508304, 0.897883586, -0.147974982, -0.347167969, -0.00561523438, 0.937744141, 0.841314645, 0.440030813, 0.314248756, 0, 0, 0, 0, 0, 0, 0, 0.178603027, -0.00520766602, -0.168354883, -0.393729739, 0.551565912, -0.735242659, 0.442260742, -0.587524414, -0.677490234, -0.806069746, -0.59170525, -0.012714452, 4, 1, 
49.3976935, 0.1, 0.1, 0.156653349, 0.212562245, -0.0199670375, 2.94600029e-005, -0.220707507, 0.975340041, -7.99516917e-005, 0.975340038, 0.220707509, -0.999999996, -8.44821301e-005, 1.10875818e-005, 3.80364168e-005, -0.220707181, 0.975340114, -8.93379275e-005, 0.97534011, 0.220707184, -0.999999995, -9.55297748e-005, 1.73809208e-005, -0, 0, 0, 0, 0, 0, 0, 0.0949336914, -0.0387352783, -0.190117407, -0.414508304, 0.897883586, -0.147974982, -0.347167969, -0.00561523438, 0.937744141, 0.841314645, 0.440030813, 0.314248756, 0, 0, 0, 0, 0, 0, 0, 0.178603027, -0.00520766602, -0.168354883, -0.393729739, 0.551565912, -0.735242659, 0.442260742, -0.587524414, -0.677490234, -0.806069746, -0.59170525, -0.012714452, 4, 1, 
49.3985763, 0.1, 0.1, 0.156653349, 0.212562249, -0.0199608879, 1.0569589e-005, -0.220708639, 0.975339785, 9.25911116e-005, 0.975339781, 0.220708637, -0.999999996, 8.79749954e-005, 3.07445988e-005, 6.61516797e-006, -0.2207085, 0.975339817, 7.58598344e-005, 0.975339814, 0.220708499, -0.999999997, 7.25290932e-005, 2.31949469e-005, -0, 0, 0, 0, 0, 0, 0, 0.0954714844, -0.041373291, -0.190075781, -0.412838334, 0.89880282, -0.147011564, -0.344482422, -0.00463867188, 0.938720703, 0.843274803, 0.438031342, 0.311747919, 0, 0, 0, 0, 0, 0, 0, 0.179141162, -0.00747880859, -0.168136035, -0.396598168, 0.548753986, -0.735759982, 0.444458008, -0.586547852, -0.676879883, -0.803302662, -0.595314849, -0.0112959123, 4, 1, 
49.399412, 0.1, 0.1, 0.156653343, 0.212562251, -0.019956183, -3.78365675e-005, -0.220709493, 0.975339591, -6.09281266e-005, 0.975339591, 0.220709491, -0.999999997, -5.10747246e-005, -5.03509182e-005, -4.55196815e-005, -0.220709254, 0.975339645, -3.00257695e-005, 0.975339646, 0.220709252, -0.999999999, -1.92387085e-005, -5.10241153e-005, -0, 0, 0, 0, 0, 0, 0, 0.0954714844, -0.041373291, -0.190075781, -0.412838334, 0.89880282, -0.147011564, -0.344482422, -0.00463867188, 0.938720703, 0.843274803, 0.438031342, 0.311747919, 0, 0, 0, 0, 0, 0, 0, 0.179141162, -0.00747880859, -0.168136035, -0.396598168, 0.548753986, -0.735759982, 0.444458008, -0.586547852, -0.676879883, -0.803302662, -0.595314849, -0.0112959123, 4, 1, 
49.4002521, 0.1, 0.1, 0.156653351, 0.212562245, -0.0199543587, 7.17228005e-005, -0.220711118, 0.975339222, 4.55875589e-005, 0.975339224, 0.220711115, -0.999999996, 2.86333149e-005, 8.00157417e-005, 6.94387091e-005, -0.220710736, 0.975339308, 2.28606878e-005, 0.975339311, 0.220710735, -0.999999997, 6.97105893e-006, 7.27719019e-005, -0, 0, 0, 0, 0, 0, 0, 0.0954714844, -0.041373291, -0.190075781, -0.412838334, 0.89880282, -0.147011564, -0.344482422, -0.00463867188, 0.938720703, 0.843274803, 0.438031342, 0.311747919, 0, 0, 0, 0, 0, 0, 0, 0.179141162, -0.00747880859, -0.168136035, -0.396598168, 0.548753986, -0.735759982, 0.444458008, -0.586547852, -0.676879883, -0.803302662, -0.595314849, -0.0112959123, 4, 1, 
49.4011111, 0.1, 0.1, 0.156653352, 0.212562244, -0.0199557941, -4.217632e-005, -0.220713099, 0.975338775, -2.43618547e-005, 0.975338776, 0.220713098, -0.999999999, -1.44521953e-005, -4.65131808e-005, -3.22429772e-005, -0.220712749, 0.975338855, -2.77815158e-005, 0.975338855, 0.220712748, -0.999999999, -1.99799557e-005, -3.75795632e-005, -0, 0, 0, 0, 0, 0, 0, 0.0954714844, -0.041373291, -0.190075781, -0.412838334, 0.89880282, -0.147011564, -0.344482422, -0.00463867188, 0.938720703, 0.843274803, 0.438031342, 0.311747919, 0, 0, 0, 0, 0, 0, 0, 0.179430664, -0.0101693359, -0.167891797, -0.399460401, 0.545923103, -0.736283501, 0.444946289, -0.586914063, -0.676391602, -0.801762354, -0.59757627, -0.00865059679, 4, 1, 
49.4019541, 0.1, 0.1, 0.156653355, 0.212562243, -0.0199596002, 5.44096287e-005, -0.220714476, 0.975338463, 4.55933418e-006, 0.975338464, 0.220714476, -0.999999999, -7.56209869e-006, 5.40741148e-005, 4.71563252e-005, -0.220714232, 0.975338519, 1.40819242e-005, 0.97533852, 0.220714231, -0.999999999, 3.32657098e-006, 4.91014615e-005, -0, 0, 0, 0, 0, 0, 0, 0.0954714844, -0.041373291, -0.190075781, -0.412838334, 0.89880282, -0.147011564, -0.344482422, -0.00463867188, 0.938720703, 0.843274803, 0.438031342, 0.311747919, 0, 0, 0, 0, 0, 0, 0, 0.179430664, -0.0101693359, -0.167891797, -0.399460401, 0.545923103, -0.736283501, 0.444946289, -0.586914063, -0.676391602, -0.801762354, -0.59757627, -0.00865059679, 4, 1, 
49.402792, 0.1, 0.1, 0.156653352, 0.212562241, -0.0199643765, -4.61708327e-005, -0.220715764, 0.975338172, -2.69623798e-005, 0.975338173, 0.220715763, -0.999999999, -1.61068077e-005, -5.09831978e-005, -4.38888824e-005, -0.220715453, 0.975338242, -3.27054228e-006, 0.975338243, 0.220715453, -0.999999999, 6.49706962e-006, -4.35283647e-005, -0, 0, 0, 0, 0, 0, 0, 0.0954714844, -0.041373291, -0.190075781, -0.412838334, 0.89880282, -0.147011564, -0.344482422, -0.00463867188, 0.938720703, 0.843274803, 0.438031342, 0.311747919, 0, 0, 0, 0, 0, 0, 0, 0.179430664, -0.0101693359, -0.167891797, -0.399460401, 0.545923103, -0.736283501, 0.444946289, -0.586914063, -0.676391602, -0.801762354, -0.59757627, -0.00865059679, 4, 1, 
49.4036521, 0.1, 0.1, 0.156653352, 0.21256224, -0.0199683109, 2.42939631e-005, -0.220717581, 0.975337761, 4.18845455e-005, 0.975337761, 0.22071758, -0.999999999, 3.54894741e-005, 3.29394752e-005, 2.26562093e-005, -0.220717197, 0.975337848, 2.73496733e-005, 0.975337848, 0.220717197, -0.999999999, 2.16745565e-005, 2.81340017e-005, -0, 0, 0, 0, 0, 0, 0, 0.0959951172, -0.0438091797, -0.190118262, -0.411403508, 0.899252889, -0.147716994, -0.342895508, -0.00244140626, 0.939331055, 0.844530652, 0.436971322, 0.309634993, 0, 0, 0, 0, 0, 0, 0, 0.179430664, -0.0101693359, -0.167891797, -0.399460401, 0.545923103, -0.736283501, 0.444946289, -0.586914063, -0.676391602, -0.801762354, -0.59757627, -0.00865059679, 4, 1, 
49.4044892, 0.1, 0.1, 0.156653349, 0.212562236, -0.01997003, -2.48583578e-005, -0.220719573, 0.975337311, -5.76899796e-005, 0.97533731, 0.220719571, -0.999999998, -5.07804635e-005, -3.69785914e-005, -2.68875386e-005, -0.22071915, 0.975337406, -3.77870473e-005, 0.975337406, 0.220719149, -0.999999999, -3.0920526e-005, -3.45647472e-005, -0, 0, 0, 0, 0, 0, 0, 0.0959951172, -0.0438091797, -0.190118262, -0.411403508, 0.899252889, -0.147716994, -0.342895508, -0.00244140626, 0.939331055, 0.844530652, 0.436971322, 0.309634993, 0, 0, 0, 0, 0, 0, 0, 0.179430664, -0.0101693359, -0.167891797, -0.399460401, 0.545923103, -0.736283501, 0.444946289, -0.586914063, -0.676391602, -0.801762354, -0.59757627, -0.00865059679, 4, 1, 
49.4053255, 0.1, 0.1, 0.156653353, 0.21256223, -0.0199693666, 3.00943674e-005, -0.220721876, 0.975336789, 4.19073472e-005, 0.975336789, 0.220721875, -0.999999999, 3.42312923e-005, 3.8602012e-005, 3.55659327e-005, -0.220721369, 0.975336904, 3.9019787e-006, 0.975336905, 0.220721369, -0.999999999, -4.04441751e-006, 3.55500168e-005, -0, 0, 0, 0, 0, 0, 0, 0.0959951172, -0.0438091797, -0.190118262, -0.411403508, 0.899252889, -0.147716994, -0.342895508, -0.00244140626, 0.939331055, 0.844530652, 0.436971322, 0.309634993, 0, 0, 0, 0, 0, 0, 0, 0.179430664, -0.0101693359, -0.167891797, -0.399460401, 0.545923103, -0.736283501, 0.444946289, -0.586914063, -0.676391602, -0.801762354, -0.59757627, -0.00865059679, 4, 1, 
49.4062054, 0.1, 0.1, 0.156653346, 0.212562241, -0.0199660967, -5.00952346e-005, -0.220724959, 0.975336091, 1.27480306e-005, 0.975336092, 0.22072496, -0.999999999, 2.34908829e-005, -4.60458818e-005, -5.31209026e-005, -0.220724323, 0.975336235, 4.325959e-005, 0.975336235, 0.220724325, -0.999999998, 5.39177211e-005, -4.22622974e-005, -0, 0, 0, 0, 0, 0, 0, 0.0965573242, -0.0464492676, -0.189963867, -0.409251268, 0.900108844, -0.148898703, -0.340942383, 0.000488281241, 0.940063477, 0.846414426, 0.435352649, 0.306855951, 0, 0, 0, 0, 0, 0, 0, 0.179725293, -0.0128632813, -0.167647559, -0.402360913, 0.54311774, -0.736807021, 0.445678711, -0.586791992, -0.67590332, -0.799857842, -0.600080494, -0.00600528127, 4, 1, 
49.4070509, 0.1, 0.1, 0.156653352, 0.212562231, -0.0199621429, 5.67427897e-005, -0.22072855, 0.975335278, -1.84004144e-005, 0.975335279, 0.220728551, -0.999999998, -3.04713271e-005, 5.12817478e-005, 5.56580155e-005, -0.220727796, 0.975335449, -3.91748225e-005, 0.975335449, 0.220727798, -0.999999998, -5.04938643e-005, 4.56382633e-005, -0, 0, 0, 0, 0, 0, 0, 0.0965573242, -0.0464492676, -0.189963867, -0.409251268, 0.900108844, -0.148898703, -0.340942383, 0.000488281241, 0.940063477, 0.846414426, 0.435352649, 0.306855951, 0, 0, 0, 0, 0, 0, 0, 0.179725293, -0.0128632813, -0.167647559, -0.402360913, 0.54311774, -0.736807021, 0.445678711, -0.586791992, -0.67590332, -0.799857842, -0.600080494, -0.00600528127, 4, 1, 
49.4079033, 0.1, 0.1, 0.156653348, 0.212562229, -0.0199588281, -4.16354841e-005, -0.220732629, 0.975334355, -3.33021677e-005, 0.975334356, 0.220732628, -0.999999999, -2.32904384e-005, -4.79593931e-005, -4.43419242e-005, -0.22073172, 0.975334561, -2.83484591e-006, 0.975334562, 0.22073172, -0.999999999, 7.02274602e-006, -4.38739517e-005, -0, 0, 0, 0, 0, 0, 0, 0.0965573242, -0.0464492676, -0.189963867, -0.409251268, 0.900108844, -0.148898703, -0.340942383, 0.000488281241, 0.940063477, 0.846414426, 0.435352649, 0.306855951, 0, 0, 0, 0, 0, 0, 0, 0.179725293, -0.0128632813, -0.167647559, -0.402360913, 0.54311774, -0.736807021, 0.445678711, -0.586791992, -0.67590332, -0.799857842, -0.600080494, -0.00600528127, 4, 1, 
49.4087447, 0.1, 0.1, 0.156653353, 0.212562229, -0.019957217, 5.08628612e-005, -0.220736979, 0.97533337, 6.04602083e-005, 0.975333371, 0.220736976, -0.999999997, 4.77415445e-005, 6.29540496e-005, 5.01043577e-005, -0.220736097, 0.97533357, 4.08447909e-005, 0.975333571, 0.220736095, -0.999999998, 2.87774555e-005, 5.78843818e-005, -0, 0, 0, 0, 0, 0, 0, 0.0965573242, -0.0464492676, -0.189963867, -0.409251268, 0.900108844, -0.148898703, -0.340942383, 0.000488281241, 0.940063477, 0.846414426, 0.435352649, 0.306855951, 0, 0, 0, 0, 0, 0, 0, 0.179725293, -0.0128632813, -0.167647559, -0.402360913, 0.54311774, -0.736807021, 0.445678711, -0.586791992, -0.67590332, -0.799857842, -0.600080494, -0.00600528127, 4, 1, 
49.4095839, 0.1, 0.1, 0.156653351, 0.212562226, -0.0199578435, -3.37146596e-005, -0.220741447, 0.97533236, -7.72121605e-005, 0.975332358, 0.220741444, -0.999999996, -6.78652961e-005, -4.99269225e-005, -3.37038645e-005, -0.220740543, 0.975332564, -4.94790837e-005, 0.975332564, 0.220740542, -0.999999998, -4.08187523e-005, -4.37945164e-005, -0, 0, 0, 0, 0, 0, 0, 0.0965573242, -0.0464492676, -0.189963867, -0.409251268, 0.900108844, -0.148898703, -0.340942383, 0.000488281241, 0.940063477, 0.846414426, 0.435352649, 0.306855951, 0, 0, 0, 0, 0, 0, 0, 0.179725293, -0.0128632813, -0.167647559, -0.402360913, 0.54311774, -0.736807021, 0.445678711, -0.586791992, -0.67590332, -0.799857842, -0.600080494, -0.00600528127, 4, 1, 
49.4104433, 0.1, 0.1, 0.156653355, 0.212562218, -0.0199603923, 3.19568636e-005, -0.220746217, 0.97533128, 6.3281052e-005, 0.975331279, 0.220746215, -0.999999997, 5.46656329e-005, 4.51375815e-005, 4.06339721e-005, -0.220745112, 0.97533153, 5.83811007e-006, 0.975331531, 0.220745112, -0.999999999, -3.2756579e-006, 4.09203285e-005, -0, 0, 0, 0, 0, 0, 0, 0.0965573242, -0.0464492676, -0.189963867, -0.406940269, 0.901028078, -0.149395199, -0.338256836, 0.00329589843, 0.941040039, 0.848520238, 0.433353178, 0.303721198, 0, 0, 0, 0, 0, 0, 0, 0.179725293, -0.0128632813, -0.167647559, -0.402360913, 0.54311774, -0.736807021, 0.445678711, -0.586791992, -0.67590332, -0.799857842, -0.600080494, -0.00600528127, 4, 1, 
49.4113036, 0.1, 0.1, 0.156653347, 0.212562237, -0.0199632773, -6.23464883e-005, -0.220751577, 0.975330066, 4.23962888e-005, 0.975330066, 0.22075158, -0.999999997, 5.5113461e-005, -5.1449357e-005, -6.3604702e-005, -0.2207505, 0.97533031, 7.57986374e-005, 0.975330308, 0.220750504, -0.999999995, 8.79694785e-005, -4.53030065e-005, -0, 0, 0, 0, 0, 0, 0, 0.0971283203, -0.0493105225, -0.189775537, -0.406940269, 0.901028078, -0.149395199, -0.338256836, 0.00329589843, 0.941040039, 0.848520238, 0.433353178, 0.303721198, 0, 0, 0, 0, 0, 0, 0, 0.180056299, -0.0153039551, -0.167205225, -0.404616137, 0.540638302, -0.737509544, 0.446411133, -0.587036133, -0.675170898, -0.798253735, -0.602182234, -0.00399249338, 4, 1, 
49.4121721, 0.1, 0.1, 0.156653352, 0.212562217, -0.0199657868, 6.85576271e-005, -0.220757379, 0.975328752, -0.000111961854, 0.975328747, 0.220757385, -0.999999991, -0.000124334217, 4.21498192e-005, 6.05155869e-005, -0.220756275, 0.975329003, -0.000106887458, 0.975328997, 0.22075628, -0.999999992, -0.000117609634, 3.54265296e-005, -0, 0, 0, 0, 0, 0, 0, 0.0971283203, -0.0493105225, -0.189775537, -0.406940269, 0.901028078, -0.149395199, -0.338256836, 0.00329589843, 0.941040039, 0.848520238, 0.433353178, 0.303721198, 0, 0, 0, 0, 0, 0, 0, 0.180056299, -0.0153039551, -0.167205225, -0.404616137, 0.540638302, -0.737509544, 0.446411133, -0.587036133, -0.675170898, -0.798253735, -0.602182234, -0.00399249338, 4, 1, 
49.4130214, 0.1, 0.1, 0.156653354, 0.212562206, -0.0199670483, -3.65974278e-005, -0.220762393, 0.975327619, 4.83421569e-005, 0.975327618, 0.220762394, -0.999999998, 5.52287766e-005, -2.50223519e-005, -2.27621758e-005, -0.220761549, 0.97532781, -8.64618787e-006, 0.975327811, 0.220761549, -1, -3.4078543e-006, -2.41093289e-005, -0, 0, 0, 0, 0, 0, 0, 0.0971283203, -0.0493105225, -0.189775537, -0.406940269, 0.901028078, -0.149395199, -0.338256836, 0.00329589843, 0.941040039, 0.848520238, 0.433353178, 0.303721198, 0, 0, 0, 0, 0, 0, 0, 0.180056299, -0.0153039551, -0.167205225, -0.404616137, 0.540638302, -0.737509544, 0.446411133, -0.587036133, -0.675170898, -0.798253735, -0.602182234, -0.00399249338, 4, 1, 
49.4138653, 0.1, 0.1, 0.156653348, 0.212562232, -0.0199669632, -2.3866281e-005, -0.220765769, 0.975326855, 0.000102812335, 0.97532685, 0.22076577, -0.999999994, 0.000105544489, -5.79980541e-007, -1.47103941e-005, -0.220765138, 0.975326998, 0.000126810447, 0.97532699, 0.220765138, -0.999999992, 0.000126929195, 1.36478814e-005, -0, 0, 0, 0, 0, 0, 0, 0.0971283203, -0.0493105225, -0.189775537, -0.406940269, 0.901028078, -0.149395199, -0.338256836, 0.00329589843, 0.941040039, 0.848520238, 0.433353178, 0.303721198, 0, 0, 0, 0, 0, 0, 0, 0.180056299, -0.0153039551, -0.167205225, -0.404616137, 0.540638302, -0.737509544, 0.446411133, -0.587036133, -0.675170898, -0.798253735, -0.602182234, -0.00399249338, 4, 1, 
49.4147056, 0.1, 0.1, 0.156653349, 0.212562225, -0.0199656965, 1.23505418e-005, -0.22076869, 0.975326194, -9.89902876e-005, 0.975326189, 0.22076869, -0.999999995, -9.92744334e-005, -9.8081492e-006, 8.50789407e-006, -0.220768173, 0.975326311, -7.41874367e-005, 0.975326309, 0.220768173, -0.999999997, -7.42352312e-005, -8.08025197e-006, -0, 0, 0, 0, 0, 0, 0, 0.0971283203, -0.0493105225, -0.189775537, -0.406940269, 0.901028078, -0.149395199, -0.338256836, 0.00329589843, 0.941040039, 0.848520238, 0.433353178, 0.303721198, 0, 0, 0, 0, 0, 0, 0, 0.180056299, -0.0153039551, -0.167205225, -0.404616137, 0.540638302, -0.737509544, 0.446411133, -0.587036133, -0.675170898, -0.798253735, -0.602182234, -0.00399249338, 4, 1, 
49.4155917, 0.1, 0.1, 0.156653353, 0.212562207, -0.0199633316, -1.24250428e-005, -0.220771422, 0.975325576, 8.76246553e-006, 0.975325576, 0.220771423, -1, 1.12893511e-005, -1.018396e-005, 1.43106376e-005, -0.220770889, 0.975325696, -3.43760903e-005, 0.975325696, 0.22077089, -0.999999999, -3.66872564e-005, 6.36829253e-006, -0, 0, 0, 0, 0, 0, 0, 0.0978440674, -0.0517532471, -0.189380444, -0.406083193, 0.901313396, -0.15032866, -0.337646484, 0.00488281249, 0.94128418, 0.849249634, 0.43281362, 0.302509532, 0, 0, 0, 0, 0, 0, 0, 0.180637158, -0.0180027832, -0.166789502, -0.406519917, 0.537686018, -0.738563512, 0.447875977, -0.587402344, -0.673950195, -0.796489946, -0.604456415, -0.00213938656, 4, 1, 
49.4164397, 0.1, 0.1, 0.156653353, 0.212562217, -0.0199609306, 2.2129118e-005, -0.220773482, 0.975325109, 1.83546533e-005, 0.97532511, 0.220773482, -1, 1.30162318e-005, 2.56353051e-005, 2.11737747e-005, -0.220773157, 0.975325183, 4.97719492e-005, 0.975325182, 0.220773156, -0.999999999, 4.38692344e-005, 3.1639626e-005, -0, 0, 0, 0, 0, 0, 0, 0.0978440674, -0.0517532471, -0.189380444, -0.406083193, 0.901313396, -0.15032866, -0.337646484, 0.00488281249, 0.94128418, 0.849249634, 0.43281362, 0.302509532, 0, 0, 0, 0, 0, 0, 0, 0.180637158, -0.0180027832, -0.166789502, -0.406519917, 0.537686018, -0.738563512, 0.447875977, -0.587402344, -0.673950195, -0.796489946, -0.604456415, -0.00213938656, 4, 1, 
49.4172837, 0.1, 0.1, 0.156653348, 0.212562202, -0.0199595255, -3.10535676e-005, -0.220774528, 0.975324872, -4.3202428e-005, 0.975324872, 0.220774527, -0.999999999, -3.52805659e-005, -3.98253125e-005, -3.76917811e-005, -0.220774371, 0.975324908, -6.93001939e-005, 0.975324907, 0.220774368, -0.999999997, -5.9268826e-005, -5.20614396e-005, -0, 0, 0, 0, 0, 0, 0, 0.0978440674, -0.0517532471, -0.189380444, -0.406083193, 0.901313396, -0.15032866, -0.337646484, 0.00488281249, 0.94128418, 0.849249634, 0.43281362, 0.302509532, 0, 0, 0, 0, 0, 0, 0, 0.180637158, -0.0180027832, -0.166789502, -0.406519917, 0.537686018, -0.738563512, 0.447875977, -0.587402344, -0.673950195, -0.796489946, -0.604456415, -0.00213938656, 4, 1, 
49.4181653, 0.1, 0.1, 0.156653357, 0.212562207, -0.0199590936, 5.52563438e-005, -0.220774788, 0.975324812, 1.14881763e-005, 0.975324814, 0.220774788, -0.999999998, -9.945042e-007, 5.64291829e-005, 6.09036885e-005, -0.220774789, 0.975324812, 3.73500501e-005, 0.975324814, 0.220774787, -0.999999997, 2.29824317e-005, 6.76468281e-005, -0, 0, 0, 0, 0, 0, 0, 0.0985611572, -0.0544192139, -0.188971069, -0.40520702, 0.901598715, -0.150957706, -0.336425781, 0.00646972655, 0.941650391, 0.850099597, 0.432274062, 0.300878877, 0, 0, 0, 0, 0, 0, 0, 0.181418311, -0.0205003418, -0.166139062, -0.408985862, 0.53471441, -0.739336398, 0.449829102, -0.586791992, -0.673095703, -0.794048788, -0.607714569, -0.000624964889, 4, 1, 
49.4190108, 0.1, 0.1, 0.156653351, 0.212562206, -0.0199599834, -3.77610103e-005, -0.22077428, 0.975324928, 9.38102849e-006, 0.975324929, 0.22077428, -0.999999999, 1.74862108e-005, -3.47581648e-005, -4.84371273e-005, -0.220774402, 0.9753249, 1.59164594e-005, 0.975324901, 0.220774403, -0.999999999, 2.6217397e-005, -4.37279896e-005, -0, 0, 0, 0, 0, 0, 0, 0.0985611572, -0.0544192139, -0.188971069, -0.40520702, 0.901598715, -0.150957706, -0.336425781, 0.00646972655, 0.941650391, 0.850099597, 0.432274062, 0.300878877, 0, 0, 0, 0, 0, 0, 0, 0.181418311, -0.0205003418, -0.166139062, -0.408985862, 0.53471441, -0.739336398, 0.449829102, -0.586791992, -0.673095703, -0.794048788, -0.607714569, -0.000624964889, 4, 1, 
49.4198557, 0.1, 0.1, 0.156653358, 0.212562207, -0.0199619495, 3.64398662e-005, -0.220774072, 0.975324975, 2.92507111e-005, 0.975324976, 0.220774071, -0.999999999, 2.04839715e-005, 4.19985102e-005, 4.84705556e-005, -0.220774055, 0.975324979, 2.59454589e-005, 0.97532498, 0.220774054, -0.999999998, 1.46042131e-005, 5.30026278e-005, -0, 0, 0, 0, 0, 0, 0, 0.0985611572, -0.0544192139, -0.188971069, -0.40520702, 0.901598715, -0.150957706, -0.336425781, 0.00646972655, 0.941650391, 0.850099597, 0.432274062, 0.300878877, 0, 0, 0, 0, 0, 0, 0, 0.181418311, -0.0205003418, -0.166139062, -0.408985862, 0.53471441, -0.739336398, 0.449829102, -0.586791992, -0.673095703, -0.794048788, -0.607714569, -0.000624964889, 4, 1, 
49.4206979, 0.1, 0.1, 0.156653351, 0.212562203, -0.0199641862, -4.40330798e-005, -0.220774231, 0.975324939, -2.9070681e-006, 0.97532494, 0.220774231, -0.999999999, 6.88603329e-006, -4.35883666e-005, -4.76407446e-005, -0.220774223, 0.975324941, -2.27739024e-005, 0.975324942, 0.220774222, -0.999999999, -1.16941067e-005, -5.14930971e-005, -0, 0, 0, 0, 0, 0, 0, 0.0985611572, -0.0544192139, -0.188971069, -0.40520702, 0.901598715, -0.150957706, -0.336425781, 0.00646972655, 0.941650391, 0.850099597, 0.432274062, 0.300878877, 0, 0, 0, 0, 0, 0, 0, 0.181418311, -0.0205003418, -0.166139062, -0.408985862, 0.53471441, -0.739336398, 0.449829102, -0.586791992, -0.673095703, -0.794048788, -0.607714569, -0.000624964889, 4, 1, 
49.4215412, 0.1, 0.1, 0.156653356, 0.2125622, -0.0199658974, 3.09886898e-005, -0.220773864, 0.975325023, -1.2773879e-005, 0.975325023, 0.220773864, -0.999999999, -1.93001767e-005, 2.7403906e-005, 4.08998142e-005, -0.220773961, 0.975325, -1.61922067e-005, 0.975325001, 0.220773962, -0.999999999, -2.4822278e-005, 3.63157937e-005, -0, 0, 0, 0, 0, 0, 0, 0.0985611572, -0.0544192139, -0.188971069, -0.40520702, 0.901598715, -0.150957706, -0.336425781, 0.00646972655, 0.941650391, 0.850099597, 0.432274062, 0.300878877, 0, 0, 0, 0, 0, 0, 0, 0.181418311, -0.0205003418, -0.166139062, -0.408985862, 0.53471441, -0.739336398, 0.449829102, -0.586791992, -0.673095703, -0.794048788, -0.607714569, -0.000624964889, 4, 1, 
49.4224076, 0.1, 0.1, 0.156653346, 0.212562204, -0.0199664293, -4.8957263e-005, -0.220773366, 0.975325135, 2.76365857e-005, 0.975325135, 0.220773367, -0.999999998, 3.77631165e-005, -4.16478271e-005, -6.19995383e-005, -0.220773466, 0.975325111, 3.55800305e-005, 0.975325112, 0.220773469, -0.999999997, 4.83899503e-005, -5.261458e-005, -0, 0, 0, 0, 0, 0, 0, 0.0985611572, -0.0544192139, -0.188971069, -0.404057512, 0.902353198, -0.14977225, -0.333496094, 0.00720214843, 0.942749023, 0.851895004, 0.430795053, 0.29821928, 0, 0, 0, 0, 0, 0, 0, 0.181418311, -0.0205003418, -0.166139062, -0.408985862, 0.53471441, -0.739336398, 0.449829102, -0.586791992, -0.673095703, -0.794048788, -0.607714569, -0.000624964889, 4, 1, 
49.423295, 0.1, 0.1, 0.156653354, 0.212562198, -0.0199649212, 4.88029775e-005, -0.220772917, 0.975325236, -2.85314053e-005, 0.975325237, 0.220772919, -0.999999998, -3.86017754e-005, 4.1299814e-005, 5.91339782e-005, -0.220772996, 0.975325218, -3.45648473e-005, 0.975325219, 0.220772998, -0.999999998, -4.67671529e-005, 5.00438753e-005, -0, 0, 0, 0, 0, 0, 0, 0.0992950928, -0.0568408203, -0.188695337, -0.404057512, 0.902353198, -0.14977225, -0.333496094, 0.00720214843, 0.942749023, 0.851895004, 0.430795053, 0.29821928, 0, 0, 0, 0, 0, 0, 0, 0.181699512, -0.0231161621, -0.165845264, -0.411969496, 0.532976142, -0.738946307, 0.449951172, -0.586181641, -0.673583984, -0.79252124, -0.609861151, 0.0015026614, 4, 1, 
49.4241376, 0.1, 0.1, 0.156653347, 0.2125622, -0.019962854, -3.80096091e-005, -0.220772538, 0.975325323, 2.20236753e-005, 0.975325323, 0.220772538, -0.999999999, 2.98717261e-005, -3.22095116e-005, -5.01258404e-005, -0.220772608, 0.975325306, 2.89396539e-005, 0.975325307, 0.22077261, -0.999999998, 3.92919894e-005, -4.24999178e-005, -0, 0, 0, 0, 0, 0, 0, 0.0992950928, -0.0568408203, -0.188695337, -0.404057512, 0.902353198, -0.14977225, -0.333496094, 0.00720214843, 0.942749023, 0.851895004, 0.430795053, 0.29821928, 0, 0, 0, 0, 0, 0, 0, 0.181699512, -0.0231161621, -0.165845264, -0.411969496, 0.532976142, -0.738946307, 0.449951172, -0.586181641, -0.673583984, -0.79252124, -0.609861151, 0.0015026614, 4, 1, 
49.4249857, 0.1, 0.1, 0.156653357, 0.212562192, -0.0199610034, 5.52727335e-005, -0.220772181, 0.975325403, -3.56580948e-005, 0.975325403, 0.220772183, -0.999999998, -4.69809277e-005, 4.60365857e-005, 6.86476021e-005, -0.22077225, 0.975325386, -4.20998409e-005, 0.975325387, 0.220772253, -0.999999997, -5.62165294e-005, 5.76592725e-005, -0, 0, 0, 0, 0, 0, 0, 0.0992950928, -0.0568408203, -0.188695337, -0.404057512, 0.902353198, -0.14977225, -0.333496094, 0.00720214843, 0.942749023, 0.851895004, 0.430795053, 0.29821928, 0, 0, 0, 0, 0, 0, 0, 0.181699512, -0.0231161621, -0.165845264, -0.411969496, 0.532976142, -0.738946307, 0.449951172, -0.586181641, -0.673583984, -0.79252124, -0.609861151, 0.0015026614, 4, 1, 
49.4258317, 0.1, 0.1, 0.15665335, 0.212562195, -0.019960005, -4.39841891e-005, -0.220771846, 0.975325479, 3.01504354e-005, 0.975325479, 0.220771847, -0.999999999, 3.91169585e-005, -3.6242533e-005, -5.66694617e-005, -0.220771914, 0.975325463, 3.56797029e-005, 0.975325463, 0.220771917, -0.999999998, 4.73103484e-005, -4.73940927e-005, -0, 0, 0, 0, 0, 0, 0, 0.0992950928, -0.0568408203, -0.188695337, -0.404057512, 0.902353198, -0.14977225, -0.333496094, 0.00720214843, 0.942749023, 0.851895004, 0.430795053, 0.29821928, 0, 0, 0, 0, 0, 0, 0, 0.181699512, -0.0231161621, -0.165845264, -0.411969496, 0.532976142, -0.738946307, 0.449951172, -0.586181641, -0.673583984, -0.79252124, -0.609861151, 0.0015026614, 4, 1, 
49.4266736, 0.1, 0.1, 0.156653359, 0.212562188, -0.01996016, 5.1490413e-005, -0.220771516, 0.975325553, -3.11445069e-005, 0.975325554, 0.220771517, -0.999999998, -4.174365e-005, 4.33440956e-005, 6.47965486e-005, -0.22077158, 0.975325538, -3.71936997e-005, 0.975325539, 0.220771583, -0.999999997, -5.05812018e-005, 5.49864168e-005, -0, 0, 0, 0, 0, 0, 0, 0.0992950928, -0.0568408203, -0.188695337, -0.404057512, 0.902353198, -0.14977225, -0.333496094, 0.00720214843, 0.942749023, 0.851895004, 0.430795053, 0.29821928, 0, 0, 0, 0, 0, 0, 0, 0.181699512, -0.0231161621, -0.165845264, -0.411969496, 0.532976142, -0.738946307, 0.449951172, -0.586181641, -0.673583984, -0.79252124, -0.609861151, 0.0015026614, 4, 1, 
49.4275584, 0.1, 0.1, 0.156653349, 0.212562191, -0.01996115, -5.45586257e-005, -0.220771166, 0.975325632, 2.79858016e-005, 0.975325633, 0.220771168, -0.999999998, 3.93402411e-005, -4.70339681e-005, -6.65663005e-005, -0.220771235, 0.975325616, 3.46446465e-005, 0.975325617, 0.220771238, -0.999999997, 4.84857358e-005, -5.72752767e-005, -0, 0, 0, 0, 0, 0, 0, 0.0999925293, -0.0595128906, -0.188480029, -0.403562138, 0.902517949, -0.149817555, -0.33190918, 0.00830078124, 0.943237305, 0.852681688, 0.430274591, 0.296372577, 0, 0, 0, 0, 0, 0, 0, 0.181699512, -0.0231161621, -0.165845264, -0.414576165, 0.530956791, -0.73894594, 0.450073242, -0.58605957, -0.673583984, -0.791076814, -0.611669049, 0.00383481141, 4, 1, 
49.4284087, 0.1, 0.1, 0.156653355, 0.212562186, -0.0199622549, 4.44245231e-005, -0.220770861, 0.975325702, -2.54080777e-005, 0.975325702, 0.220770862, -0.999999999, -3.45887915e-005, 3.7719016e-005, 5.54880879e-005, -0.220770915, 0.975325689, -3.27406513e-005, 0.97532569, 0.220770917, -0.999999998, -4.41829543e-005, 4.6890774e-005, -0, 0, 0, 0, 0, 0, 0, 0.0999925293, -0.0595128906, -0.188480029, -0.403562138, 0.902517949, -0.149817555, -0.33190918, 0.00830078124, 0.943237305, 0.852681688, 0.430274591, 0.296372577, 0, 0, 0, 0, 0, 0, 0, 0.182227148, -0.025743457, -0.165572949, -0.414576165, 0.530956791, -0.73894594, 0.450073242, -0.58605957, -0.673583984, -0.791076814, -0.611669049, 0.00383481141, 4, 1, 
49.4292565, 0.1, 0.1, 0.156653346, 0.21256219, -0.0199635017, -5.07783805e-005, -0.220770604, 0.97532576, 3.24754252e-005, 0.97532576, 0.220770606, -0.999999998, 4.28844925e-005, -4.23558433e-005, -6.16872386e-005, -0.220770652, 0.975325748, 3.83275155e-005, 0.975325749, 0.220770655, -0.999999997, 5.10005448e-005, -5.17035616e-005, -0, 0, 0, 0, 0, 0, 0, 0.0999925293, -0.0595128906, -0.188480029, -0.403562138, 0.902517949, -0.149817555, -0.33190918, 0.00830078124, 0.943237305, 0.852681688, 0.430274591, 0.296372577, 0, 0, 0, 0, 0, 0, 0, 0.182227148, -0.025743457, -0.165572949, -0.414576165, 0.530956791, -0.73894594, 0.450073242, -0.58605957, -0.673583984, -0.791076814, -0.611669049, 0.00383481141, 4, 1, 
49.4301247, 0.1, 0.1, 0.156653353, 0.212562184, -0.019964406, 3.88327045e-005, -0.220770378, 0.975325812, -2.44633214e-005, 0.975325812, 0.220770379, -0.999999999, -3.24328197e-005, 3.24737623e-005, 5.01960174e-005, -0.220770424, 0.975325801, -3.1269368e-005, 0.975325801, 0.220770426, -0.999999998, -4.15796175e-005, 4.20541192e-005, -0, 0, 0, 0, 0, 0, 0, 0.0999925293, -0.0595128906, -0.188480029, -0.403562138, 0.902517949, -0.149817555, -0.33190918, 0.00830078124, 0.943237305, 0.852681688, 0.430274591, 0.296372577, 0, 0, 0, 0, 0, 0, 0, 0.182227148, -0.025743457, -0.165572949, -0.417700157, 0.529128837, -0.738524133, 0.452148438, -0.583984375, -0.673950195, -0.788213848, -0.615297971, 0.0044928587, 4, 1, 
