time, realDorsalTactorPos, realVentralTactorPos, boxPosX, boxPosY, boxPosZ, boxLocalRot_11, boxLocalRot_12, boxLocalRot_13, boxLocalRot_21, boxLocalRot_22, boxLocalRot_23, boxLocalRot_31, boxLocalRot_32, boxLocalRot_33, boxGlobalRot_11, boxGlobalRot_12, boxGlobalRot_13, boxGlobalRot_21, boxGlobalRot_22, boxGlobalRot_23, boxGlobalRot_31, boxGlobalRot_32, boxGlobalRot_33, indexForceX, indexForceY, indexForceZ, indexForceGlobalX, indexForceGlobalY, indexForceGlobalZ, indexContact, indexPosX, indexPosY, indexPosZ, indexRot_11, indexRot_12, indexRot_13, indexRot_21, indexRot_22, indexRot_23, indexRot_31, indexRot_32, indexRot_33, thumbForceX, thumbForceY, thumbForceZ, thumbForceGlobalX, thumbForceGlobalY, thumbForceGlobalZ, thumbContact, thumbPosX, thumbPosY, thumbPosZ, thumbRot_11, thumbRot_12, thumbRot_13, thumbRot_21, thumbRot_22, thumbRot_23, thumbRot_31, thumbRot_32, thumbRot_33, mapping, trialSuccess, 
45.2141239, 0.1, 0.1, 0.0786776248, 0.163315142, -0.0199587737, 0.285722752, 4.10765818e-005, -0.958312322, -0.958312323, -2.15337274e-005, -0.285722753, -3.23725504e-005, 0.999999999, 3.32115186e-005, 0.285722463, 3.78226049e-005, -0.958312409, -0.958312409, 8.1328455e-007, -0.285722463, -1.00273872e-005, 0.999999999, 3.64782453e-005, 0, 0, 0, 0, 0, 0, 0, 0.102382007, 0.00275876465, -0.208227026, -0.346110294, 0.935801747, 0.0646782164, -0.287841797, -0.171508789, 0.942138672, 0.893142576, 0.307219842, 0.328768653, -0, 0, 0, 0, 0, 0, 0, 0.191519824, 0.0300160156, -0.184859131, -0.329294746, 0.783791618, -0.526143235, 0.27355957, -0.454467773, -0.84753418, -0.904119629, -0.422338204, -0.064751071, 3, 1, 
45.2553774, 0.1, 0.1, 0.0786814142, 0.163316249, -0.0199628535, 0.285789374, -3.40499386e-005, -0.958292457, -0.958292457, 9.32310413e-006, -0.285789374, 1.8665371e-005, 0.999999999, -2.99653552e-005, 0.285789426, 9.50930903e-006, -0.958292442, -0.958292442, 1.95371717e-005, -0.285789426, 1.6004664e-005, 1, 1.46962161e-005, 0, 0, 0, 0, 0, 0, 0, 0.106904395, -0.0252052002, -0.210817822, -0.336815002, 0.939289967, 0.0633980447, -0.268188477, -0.16027832, 0.949951172, 0.902670028, 0.30271242, 0.30585972, -0, 0, 0, 0, 0, 0, 0, 0.194568604, 0.00301494141, -0.183953516, -0.364350256, 0.764066922, -0.532072957, 0.299560547, -0.4453125, -0.84362793, -0.882396371, -0.46589839, -0.0667244797, 3, 1, 
45.2562551, 0.1, 0.1, 0.0786814828, 0.163316272, -0.0199628975, 0.285789613, -1.15073519e-005, -0.958292386, -0.958292386, -5.6575827e-006, -0.285789612, -2.13293679e-006, 1, -1.26442861e-005, 0.285789529, -3.83729428e-005, -0.95829241, -0.958292411, -3.31198148e-005, -0.285789528, -2.0771882e-005, 0.999999999, -4.62377961e-005, 0, 0, 0, 0, 0, 0, 0, 0.106904395, -0.0252052002, -0.210817822, -0.336815002, 0.939289967, 0.0633980447, -0.268188477, -0.16027832, 0.949951172, 0.902670028, 0.30271242, 0.30585972, -0, 0, 0, 0, 0, 0, 0, 0.194568604, 0.00301494141, -0.183953516, -0.364350256, 0.764066922, -0.532072957, 0.299560547, -0.4453125, -0.84362793, -0.882396371, -0.46589839, -0.0667244797, 3, 1, 
45.2571051, 0.1, 0.1, 0.0786815261, 0.163316275, -0.0199627515, 0.285789969, 4.6323797e-005, -0.958292279, -0.95829228, 2.80167141e-005, -0.285789968, 1.36093244e-005, 0.999999999, 5.23986329e-005, 0.285789921, 5.81812509e-005, -0.958292292, -0.958292293, 5.68776686e-005, -0.285789918, 3.78778165e-005, 0.999999997, 7.20097088e-005, 0, 0, 0, 0, 0, 0, 0, 0.106904395, -0.0252052002, -0.210817822, -0.336815002, 0.939289967, 0.0633980447, -0.268188477, -0.16027832, 0.949951172, 0.902670028, 0.30271242, 0.30585972, -0, 0, 0, 0, 0, 0, 0, 0.194568604, 0.00301494141, -0.183953516, -0.364350256, 0.764066922, -0.532072957, 0.299560547, -0.4453125, -0.84362793, -0.882396371, -0.46589839, -0.0667244797, 3, 1, 
45.2579447, 0.1, 0.1, 0.0786815865, 0.163316301, -0.0199627917, 0.285789744, -5.99025594e-005, -0.958292345, -0.958292347, -3.67363135e-005, -0.285789742, -1.8084591e-005, 0.999999998, -6.79030259e-005, 0.285789844, -5.64761492e-005, -0.958292315, -0.958292316, -5.8621541e-005, -0.285789841, -4.00362625e-005, 0.999999997, -7.08741009e-005, 0, 0, 0, 0, 0, 0, 0, 0.106904395, -0.0252052002, -0.210817822, -0.336815002, 0.939289967, 0.0633980447, -0.268188477, -0.16027832, 0.949951172, 0.902670028, 0.30271242, 0.30585972, -0, 0, 0, 0, 0, 0, 0, 0.194568604, 0.00301494141, -0.183953516, -0.364350256, 0.764066922, -0.532072957, 0.299560547, -0.4453125, -0.84362793, -0.882396371, -0.46589839, -0.0667244797, 3, 1, 
45.2588253, 0.1, 0.1, 0.0786816386, 0.16331631, -0.0199628463, 0.285788601, 6.8547516e-005, -0.958292685, -0.958292688, 2.02059744e-005, -0.2857886, -2.26861182e-007, 0.999999997, 7.14632205e-005, 0.28578894, 4.85337122e-005, -0.958292585, -0.958292586, 4.21286453e-005, -0.285788938, 2.65011703e-005, 0.999999998, 5.85493975e-005, 0, 0, 0, 0, 0, 0, 0, 0.107213574, -0.0278595703, -0.211221948, -0.335221416, 0.939841508, 0.0644056457, -0.265136719, -0.159790039, 0.950805664, 0.904147916, 0.301512737, 0.302857517, -0, 0, 0, 0, 0, 0, 0, 0.194568604, 0.00301494141, -0.183953516, -0.368784146, 0.76259661, -0.530993102, 0.301269531, -0.442871094, -0.844360352, -0.879916567, -0.470594406, -0.0664882397, 3, 1, 
45.2596637, 0.1, 0.1, 0.078681689, 0.163316323, -0.0199627206, 0.285787161, -5.78636953e-005, -0.958293115, -0.958293117, -1.304337e-005, -0.285787161, 4.03732953e-006, 0.999999998, -5.91780087e-005, 0.285787375, -3.3224022e-005, -0.958293053, -0.958293053, 5.38732076e-006, -0.285787375, 1.46576381e-005, 0.999999999, -3.02987213e-005, 0, 0, 0, 0, 0, 0, 0, 0.107213574, -0.0278595703, -0.211221948, -0.335221416, 0.939841508, 0.0644056457, -0.265136719, -0.159790039, 0.950805664, 0.904147916, 0.301512737, 0.302857517, -0, 0, 0, 0, 0, 0, 0, 0.194550635, 0.000809716796, -0.184100342, -0.368784146, 0.76259661, -0.530993102, 0.301269531, -0.442871094, -0.844360352, -0.879916567, -0.470594406, -0.0664882397, 3, 1, 
45.2605048, 0.1, 0.1, 0.078681748, 0.163316343, -0.0199628803, 0.285786521, 2.01678222e-005, -0.958293308, -0.958293308, 3.37863826e-005, -0.28578652, 2.66135727e-005, 0.999999999, 2.89823818e-005, 0.285786609, -1.49806326e-005, -0.958293282, -0.958293282, -1.00116706e-005, -0.285786609, -5.31285253e-006, 1, -1.7217041e-005, 0, 0, 0, 0, 0, 0, 0, 0.107213574, -0.0278595703, -0.211221948, -0.335221416, 0.939841508, 0.0644056457, -0.265136719, -0.159790039, 0.950805664, 0.904147916, 0.301512737, 0.302857517, -0, 0, 0, 0, 0, 0, 0, 0.194550635, 0.000809716796, -0.184100342, -0.368784146, 0.76259661, -0.530993102, 0.301269531, -0.442871094, -0.844360352, -0.879916567, -0.470594406, -0.0664882397, 3, 1, 
45.2613886, 0.1, 0.1, 0.0786817905, 0.163316349, -0.0199628317, 0.285785923, 2.0993301e-005, -0.958293486, -0.958293486, -2.43114126e-005, -0.285785923, -2.92970582e-005, 0.999999999, 1.31698841e-005, 0.285786045, 4.23786332e-005, -0.958293449, -0.95829345, 2.0290869e-005, -0.285786044, 7.33338493e-006, 0.999999999, 4.64100138e-005, 0, 0, 0, 0, 0, 0, 0, 0.107507861, -0.0303015625, -0.211413696, -0.333907157, 0.94017101, 0.0651912078, -0.262573242, -0.159179688, 0.951660156, 0.905422861, 0.300471814, 0.300014074, -0, 0, 0, 0, 0, 0, 0, 0.194784229, -0.00143212891, -0.183887354, -0.372879351, 0.760666211, -0.530916543, 0.304321289, -0.440673828, -0.844360352, -0.87715568, -0.475584265, -0.0672166493, 3, 1, 
45.2622259, 0.1, 0.1, 0.0786818516, 0.163316374, -0.0199626798, 0.285784783, -5.19889168e-005, -0.958293825, -0.958293826, -2.05978916e-006, -0.285784783, 1.28837581e-005, 0.999999999, -5.04093144e-005, 0.285785037, -6.0626875e-005, -0.958293749, -0.95829375, -4.07830529e-005, -0.285785035, -2.1755891e-005, 0.999999997, -6.97535417e-005, 0, 0, 0, 0, 0, 0, 0, 0.107507861, -0.0303015625, -0.211413696, -0.333907157, 0.94017101, 0.0651912078, -0.262573242, -0.159179688, 0.951660156, 0.905422861, 0.300471814, 0.300014074, -0, 0, 0, 0, 0, 0, 0, 0.194784229, -0.00143212891, -0.183887354, -0.372879351, 0.760666211, -0.530916543, 0.304321289, -0.440673828, -0.844360352, -0.87715568, -0.475584265, -0.0672166493, 3, 1, 
45.2630683, 0.1, 0.1, 0.0786818927, 0.163316383, -0.0199628082, 0.285782828, 7.44142291e-005, -0.958294407, -0.958294409, -1.25810271e-005, -0.28578283, -3.33226368e-005, 0.999999997, 6.77152982e-005, 0.285783278, 6.75324033e-005, -0.958294273, -0.958294275, 2.22669102e-005, -0.285783278, 2.03862094e-006, 0.999999997, 7.10794261e-005, 0, 0, 0, 0, 0, 0, 0, 0.107507861, -0.0303015625, -0.211413696, -0.333907157, 0.94017101, 0.0651912078, -0.262573242, -0.159179688, 0.951660156, 0.905422861, 0.300471814, 0.300014074, -0, 0, 0, 0, 0, 0, 0, 0.194784229, -0.00143212891, -0.183887354, -0.372879351, 0.760666211, -0.530916543, 0.304321289, -0.440673828, -0.844360352, -0.87715568, -0.475584265, -0.0672166493, 3, 1, 
45.2639065, 0.1, 0.1, 0.0786819427, 0.163316405, -0.0199631693, 0.28578011, -6.46667087e-005, -0.958295218, -0.95829522, -2.19121032e-006, -0.285780111, 1.63806328e-005, 0.999999998, -6.25960021e-005, 0.285780735, -4.31821587e-005, -0.958295033, -0.958295033, -3.53372316e-005, -0.285780734, -2.15228645e-005, 0.999999998, -5.14799482e-005, 0, 0, 0, 0, 0, 0, 0, 0.107507861, -0.0303015625, -0.211413696, -0.333907157, 0.94017101, 0.0651912078, -0.262573242, -0.159179688, 0.951660156, 0.905422861, 0.300471814, 0.300014074, -0, 0, 0, 0, 0, 0, 0, 0.194784229, -0.00143212891, -0.183887354, -0.372879351, 0.760666211, -0.530916543, 0.304321289, -0.440673828, -0.844360352, -0.87715568, -0.475584265, -0.0672166493, 3, 1, 
45.2647462, 0.1, 0.1, 0.0786819933, 0.163316413, -0.0199635882, 0.285776803, 6.38296078e-005, -0.958296204, -0.958296206, 3.04282426e-006, -0.285776804, -1.53250944e-005, 0.999999998, 6.20372396e-005, 0.285777513, 2.8727968e-005, -0.958295994, -0.958295994, 2.75357579e-005, -0.285777512, 1.81775992e-005, 0.999999999, 3.5398997e-005, 0, 0, 0, 0, 0, 0, 0, 0.107507861, -0.0303015625, -0.211413696, -0.333907157, 0.94017101, 0.0651912078, -0.262573242, -0.159179688, 0.951660156, 0.905422861, 0.300471814, 0.300014074, -0, 0, 0, 0, 0, 0, 0, 0.194784229, -0.00143212891, -0.183887354, -0.372879351, 0.760666211, -0.530916543, 0.304321289, -0.440673828, -0.844360352, -0.87715568, -0.475584265, -0.0672166493, 3, 1, 
45.2655883, 0.1, 0.1, 0.0786820319, 0.163316428, -0.019963882, 0.285773327, -3.51088784e-005, -0.958297242, -0.958297242, 1.28822938e-005, -0.285773328, 2.23782477e-005, 0.999999999, -2.99633253e-005, 0.285774004, 1.82189102e-005, -0.958297041, -0.958297041, -6.31957854e-006, -0.285774004, -1.12625243e-005, 1, 1.56531565e-005, 0, 0, 0, 0, 0, 0, 0, 0.107507861, -0.0303015625, -0.211413696, -0.333907157, 0.94017101, 0.0651912078, -0.262573242, -0.159179688, 0.951660156, 0.905422861, 0.300471814, 0.300014074, -0, 0, 0, 0, 0, 0, 0, 0.194784229, -0.00143212891, -0.183887354, -0.372879351, 0.760666211, -0.530916543, 0.304321289, -0.440673828, -0.844360352, -0.87715568, -0.475584265, -0.0672166493, 3, 1, 
45.2664779, 0.1, 0.1, 0.0786820993, 0.163316439, -0.0199632823, 0.285770127, -2.15141995e-005, -0.958298197, -0.958298197, -1.85505701e-005, -0.285770126, -1.16288624e-005, 1, -2.59182174e-005, 0.285770685, -6.22871508e-005, -0.958298029, -0.95829803, 4.13139202e-006, -0.285770686, 2.17589466e-005, 0.999999998, -5.85090232e-005, 0, 0, 0, 0, 0, 0, 0, 0.10778457, -0.0331731934, -0.211304102, -0.332910417, 0.940773847, 0.0631022478, -0.261108398, -0.15625, 0.952514648, 0.906253728, 0.300376334, 0.297749502, -0, 0, 0, 0, 0, 0, 0, 0.195138672, -0.00413486328, -0.183383887, -0.374942812, 0.758109847, -0.533159374, 0.307861328, -0.441040039, -0.842895508, -0.875040447, -0.479289745, -0.0680660939, 3, 1, 
45.2673187, 0.1, 0.1, 0.0786821342, 0.163316453, -0.0199627311, 0.285768146, 3.8784149e-005, -0.958298787, -0.958298788, 2.05452844e-005, -0.285768146, 8.60524683e-006, 0.999999999, 4.30379908e-005, 0.285768461, 5.79120512e-005, -0.958298692, -0.958298694, 1.72790536e-005, -0.285768461, 9.05678116e-009, 0.999999998, 6.04348516e-005, 0, 0, 0, 0, 0, 0, 0, 0.10778457, -0.0331731934, -0.211304102, -0.332910417, 0.940773847, 0.0631022478, -0.261108398, -0.15625, 0.952514648, 0.906253728, 0.300376334, 0.297749502, -0, 0, 0, 0, 0, 0, 0, 0.195138672, -0.00413486328, -0.183383887, -0.374942812, 0.758109847, -0.533159374, 0.307861328, -0.441040039, -0.842895508, -0.875040447, -0.479289745, -0.0680660939, 3, 1, 
45.2681635, 0.1, 0.1, 0.0786821904, 0.163316471, -0.0199624385, 0.285766782, -6.68097309e-005, -0.958299192, -0.958299194, -1.0395021e-005, -0.285766782, 9.13046155e-006, 0.999999998, -6.6994263e-005, 0.28576707, -6.56906472e-005, -0.958299106, -0.958299109, -3.261452e-005, -0.285767068, -1.24822417e-005, 0.999999997, -7.22714445e-005, 0, 0, 0, 0, 0, 0, 0, 0.10778457, -0.0331731934, -0.211304102, -0.332910417, 0.940773847, 0.0631022478, -0.261108398, -0.15625, 0.952514648, 0.906253728, 0.300376334, 0.297749502, -0, 0, 0, 0, 0, 0, 0, 0.195138672, -0.00413486328, -0.183383887, -0.374942812, 0.758109847, -0.533159374, 0.307861328, -0.441040039, -0.842895508, -0.875040447, -0.479289745, -0.0680660939, 3, 1, 
45.2690072, 0.1, 0.1, 0.0786822304, 0.163316483, -0.01996248, 0.285765157, 7.86171956e-005, -0.958299676, -0.958299679, 1.20803854e-005, -0.285765157, -1.08894258e-005, 0.999999997, 7.87909865e-005, 0.285765445, 6.78521816e-005, -0.958299591, -0.958299593, 1.46476778e-006, -0.285765446, -1.79861226e-005, 0.999999998, 6.54412981e-005, 0, 0, 0, 0, 0, 0, 0, 0.10778457, -0.0331731934, -0.211304102, -0.332910417, 0.940773847, 0.0631022478, -0.261108398, -0.15625, 0.952514648, 0.906253728, 0.300376334, 0.297749502, -0, 0, 0, 0, 0, 0, 0, 0.195138672, -0.00413486328, -0.183383887, -0.374942812, 0.758109847, -0.533159374, 0.307861328, -0.441040039, -0.842895508, -0.875040447, -0.479289745, -0.0680660939, 3, 1, 
45.2698454, 0.1, 0.1, 0.0786822713, 0.163316495, -0.0199628919, 0.285764133, -4.08452168e-005, -0.958299983, -0.958299984, -3.52686113e-005, -0.285764132, -2.21258117e-005, 0.999999999, -4.92204748e-005, 0.285764316, -1.48675466e-005, -0.95829993, -0.95829993, -1.98293948e-005, -0.285764315, -1.47538933e-005, 1, -1.99141023e-005, 0, 0, 0, 0, 0, 0, 0, 0.10778457, -0.0331731934, -0.211304102, -0.332910417, 0.940773847, 0.0631022478, -0.261108398, -0.15625, 0.952514648, 0.906253728, 0.300376334, 0.297749502, -0, 0, 0, 0, 0, 0, 0, 0.195138672, -0.00413486328, -0.183383887, -0.374942812, 0.758109847, -0.533159374, 0.307861328, -0.441040039, -0.842895508, -0.875040447, -0.479289745, -0.0680660939, 3, 1, 
45.2707009, 0.1, 0.1, 0.0786823224, 0.163316511, -0.0199634394, 0.285762943, 4.20173961e-005, -0.958300338, -0.958300339, -1.27104548e-005, -0.285762944, -2.41874479e-005, 0.999999999, 3.6633108e-005, 0.285763245, -1.09852137e-005, -0.958300249, -0.958300249, -3.2410094e-006, -0.285763245, 3.3310193e-008, 1, -1.14532944e-005, 0, 0, 0, 0, 0, 0, 0, 0.10778457, -0.0331731934, -0.211304102, -0.332713466, 0.940850231, 0.0620351152, -0.259521484, -0.154541016, 0.95324707, 0.906716902, 0.300858604, 0.295693865, -0, 0, 0, 0, 0, 0, 0, 0.195138672, -0.00413486328, -0.183383887, -0.374942812, 0.758109847, -0.533159374, 0.307861328, -0.441040039, -0.842895508, -0.875040447, -0.479289745, -0.0680660939, 3, 1, 
45.2715586, 0.1, 0.1, 0.0786823536, 0.16331652, -0.0199634371, 0.285761975, 7.13971953e-006, -0.958300628, -0.958300627, 4.09313795e-005, -0.285761974, 3.71843063e-005, 0.999999999, 1.85386295e-005, 0.285762089, 4.37327688e-005, -0.958300593, -0.958300594, 3.56114802e-005, -0.285762088, 2.16293352e-005, 0.999999998, 5.20855493e-005, 0, 0, 0, 0, 0, 0, 0, 0.108242529, -0.0354002441, -0.21114165, -0.332713466, 0.940850231, 0.0620351152, -0.259521484, -0.154541016, 0.95324707, 0.906716902, 0.300858604, 0.295693865, -0, 0, 0, 0, 0, 0, 0, 0.195162451, -0.00623500977, -0.183047266, -0.378954894, 0.755137873, -0.534539635, 0.312011719, -0.439941406, -0.841918945, -0.871902595, -0.484880049, -0.0689476213, 3, 1, 
45.2723967, 0.1, 0.1, 0.0786824103, 0.163316535, -0.0199635228, 0.285762059, -4.74402334e-005, -0.958300602, -0.958300603, -2.74927811e-005, -0.285762058, -1.27897299e-005, 0.999999998, -5.3318398e-005, 0.285761992, -6.28758249e-005, -0.958300621, -0.958300623, -3.37722937e-005, -0.28576199, -1.43964892e-005, 0.999999997, -6.99047801e-005, 0, 0, 0, 0, 0, 0, 0, 0.108242529, -0.0354002441, -0.21114165, -0.332713466, 0.940850231, 0.0620351152, -0.259521484, -0.154541016, 0.95324707, 0.906716902, 0.300858604, 0.295693865, -0, 0, 0, 0, 0, 0, 0, 0.195162451, -0.00623500977, -0.183047266, -0.378954894, 0.755137873, -0.534539635, 0.312011719, -0.439941406, -0.841918945, -0.871902595, -0.484880049, -0.0689476213, 3, 1, 
45.2732306, 0.1, 0.1, 0.0786824457, 0.163316545, -0.0199636769, 0.28576218, 5.05595388e-005, -0.958300566, -0.958300567, 2.07443022e-005, -0.285762179, 5.43127258e-006, 0.999999999, 5.43791717e-005, 0.285762166, 5.82793227e-005, -0.958300569, -0.958300571, 8.44513841e-006, -0.285762166, -8.56104455e-006, 0.999999998, 5.82624093e-005, 0, 0, 0, 0, 0, 0, 0, 0.108242529, -0.0354002441, -0.21114165, -0.332713466, 0.940850231, 0.0620351152, -0.259521484, -0.154541016, 0.95324707, 0.906716902, 0.300858604, 0.295693865, -0, 0, 0, 0, 0, 0, 0, 0.195162451, -0.00623500977, -0.183047266, -0.378954894, 0.755137873, -0.534539635, 0.312011719, -0.439941406, -0.841918945, -0.871902595, -0.484880049, -0.0689476213, 3, 1, 
45.2740892, 0.1, 0.1, 0.078682496, 0.163316559, -0.0199635068, 0.285762218, -7.79305334e-005, -0.958300552, -0.958300555, -1.40672269e-005, -0.285762218, 8.78897071e-006, 0.999999997, -7.87007554e-005, 0.285762245, -6.7438134e-005, -0.958300545, -0.958300547, -1.16345918e-005, -0.285762245, 8.12183697e-006, 0.999999998, -6.79507278e-005, 0, 0, 0, 0, 0, 0, 0, 0.108242529, -0.0354002441, -0.21114165, -0.332713466, 0.940850231, 0.0620351152, -0.259521484, -0.154541016, 0.95324707, 0.906716902, 0.300858604, 0.295693865, -0, 0, 0, 0, 0, 0, 0, 0.19542583, -0.00825336914, -0.182858936, -0.382538973, 0.753022274, -0.535012481, 0.314697266, -0.438720703, -0.841552734, -0.869333472, -0.489275659, -0.0691200622, 3, 1, 
45.2749256, 0.1, 0.1, 0.0786825411, 0.163316571, -0.0199634062, 0.285762126, 5.2790329e-005, -0.958300582, -0.958300583, 1.53400275e-005, -0.285762125, -3.85119294e-007, 0.999999998, 5.49726019e-005, 0.285762201, 2.08844842e-005, -0.95830056, -0.958300561, 1.92291215e-005, -0.2857622, 1.24592818e-005, 1, 2.5508569e-005, 0, 0, 0, 0, 0, 0, 0, 0.108242529, -0.0354002441, -0.21114165, -0.332713466, 0.940850231, 0.0620351152, -0.259521484, -0.154541016, 0.95324707, 0.906716902, 0.300858604, 0.295693865, -0, 0, 0, 0, 0, 0, 0, 0.19542583, -0.00825336914, -0.182858936, -0.382538973, 0.753022274, -0.535012481, 0.314697266, -0.438720703, -0.841552734, -0.869333472, -0.489275659, -0.0691200622, 3, 1, 
45.2758311, 0.1, 0.1, 0.0786825783, 0.163316582, -0.0199631161, 0.285761762, -3.84678195e-005, -0.958300691, -0.958300692, -5.59689129e-006, -0.285761762, 5.62912709e-006, 0.999999999, -3.84631156e-005, 0.285761808, 1.35444443e-005, -0.958300678, -0.958300678, 9.79164519e-006, -0.285761808, 5.51285532e-006, 1, 1.57777284e-005, 0, 0, 0, 0, 0, 0, 0, 0.108536816, -0.0378321045, -0.211392358, -0.331399207, 0.941357588, 0.0616782825, -0.256958008, -0.152954102, 0.954223633, 0.907991847, 0.300160286, 0.292660583, -0, 0, 0, 0, 0, 0, 0, 0.19542583, -0.00825336914, -0.182858936, -0.382538973, 0.753022274, -0.535012481, 0.314697266, -0.438720703, -0.841552734, -0.869333472, -0.489275659, -0.0691200622, 3, 1, 
45.2766858, 0.1, 0.1, 0.0786826331, 0.163316598, -0.0199620604, 0.285761681, -1.04637113e-005, -0.958300716, -0.958300716, -1.14190664e-005, -0.285761681, -7.95277181e-006, 1, -1.32905136e-005, 0.285761738, -4.87689237e-005, -0.958300698, -0.958300699, -8.1583036e-006, -0.285761738, 6.11818436e-006, 0.999999999, -4.90666247e-005, 0, 0, 0, 0, 0, 0, 0, 0.108536816, -0.0378321045, -0.211392358, -0.331399207, 0.941357588, 0.0616782825, -0.256958008, -0.152954102, 0.954223633, 0.907991847, 0.300160286, 0.292660583, -0, 0, 0, 0, 0, 0, 0, 0.19542583, -0.00825336914, -0.182858936, -0.382538973, 0.753022274, -0.535012481, 0.314697266, -0.438720703, -0.841552734, -0.869333472, -0.489275659, -0.0691200622, 3, 1, 
45.2775387, 0.1, 0.1, 0.0786826585, 0.163316605, -0.019961376, 0.285761815, 6.06264661e-005, -0.958300674, -0.958300676, 1.37741176e-005, -0.285761815, -4.12498282e-006, 0.999999998, 6.20345003e-005, 0.285761809, 7.90616796e-005, -0.958300674, -0.958300678, 1.81490094e-005, -0.285761808, -5.20060063e-006, 0.999999997, 8.09511549e-005, 0, 0, 0, 0, 0, 0, 0, 0.108536816, -0.0378321045, -0.211392358, -0.331399207, 0.941357588, 0.0616782825, -0.256958008, -0.152954102, 0.954223633, 0.907991847, 0.300160286, 0.292660583, -0, 0, 0, 0, 0, 0, 0, 0.19542583, -0.00825336914, -0.182858936, -0.382538973, 0.753022274, -0.535012481, 0.314697266, -0.438720703, -0.841552734, -0.869333472, -0.489275659, -0.0691200622, 3, 1, 
45.2784762, 0.1, 0.1, 0.0786827148, 0.163316619, -0.0199604097, 0.285762134, -7.34090893e-005, -0.958300578, -0.958300581, -1.10487011e-005, -0.285762133, 1.03895614e-005, 0.999999997, -7.35052733e-005, 0.285762062, -7.42229209e-005, -0.958300599, -0.958300602, -2.6278097e-005, -0.285762061, -3.97222126e-006, 0.999999997, -7.8637153e-005, 0, 0, 0, 0, 0, 0, 0, 0.109015771, -0.0402769043, -0.211632324, -0.330802361, 0.941579627, 0.0614742179, -0.255126953, -0.151977539, 0.954833984, 0.908638868, 0.300001527, 0.290591841, -0, 0, 0, 0, 0, 0, 0, 0.195725342, -0.0109177734, -0.182913379, -0.385292564, 0.750913237, -0.536073013, 0.316162109, -0.438842773, -0.841064453, -0.867659002, -0.492565896, -0.0683723296, 3, 1, 
45.279359, 0.1, 0.1, 0.07868275, 0.163316629, -0.0199596984, 0.285762493, 7.95784746e-005, -0.95830047, -0.958300473, 3.20681776e-005, -0.285762491, 7.99040652e-006, 0.999999996, 8.54239723e-005, 0.28576239, 6.72702312e-005, -0.958300502, -0.958300504, 2.81448254e-005, -0.285762389, 7.74789832e-006, 0.999999997, 7.2507829e-005, 0, 0, 0, 0, 0, 0, 0, 0.109015771, -0.0402769043, -0.211632324, -0.330802361, 0.941579627, 0.0614742179, -0.255126953, -0.151977539, 0.954833984, 0.908638868, 0.300001527, 0.290591841, -0, 0, 0, 0, 0, 0, 0, 0.195725342, -0.0109177734, -0.182913379, -0.385292564, 0.750913237, -0.536073013, 0.316162109, -0.438842773, -0.841064453, -0.867659002, -0.492565896, -0.0683723296, 3, 1, 
45.2802484, 0.1, 0.1, 0.0786827878, 0.163316639, -0.01996016, 0.285762964, -5.9785803e-005, -0.958300331, -0.958300333, -2.45434922e-005, -0.285762963, -6.4354685e-006, 0.999999998, -6.43063759e-005, 0.285762783, -2.87379264e-005, -0.958300387, -0.958300387, 2.23915561e-006, -0.285762783, 1.03580135e-005, 1, -2.68996986e-005, 0, 0, 0, 0, 0, 0, 0, 0.109015771, -0.0402769043, -0.211632324, -0.330802361, 0.941579627, 0.0614742179, -0.255126953, -0.151977539, 0.954833984, 0.908638868, 0.300001527, 0.290591841, -0, 0, 0, 0, 0, 0, 0, 0.195725342, -0.0109177734, -0.182913379, -0.385292564, 0.750913237, -0.536073013, 0.316162109, -0.438842773, -0.841064453, -0.867659002, -0.492565896, -0.0683723296, 3, 1, 
45.281116, 0.1, 0.1, 0.0786828386, 0.163316654, -0.0199608672, 0.285763502, 2.51526229e-005, -0.958300172, -0.958300173, 1.36185986e-006, -0.285763502, -5.88263107e-006, 1, 2.44929327e-005, 0.285763386, -2.05574363e-005, -0.958300207, -0.958300207, -1.29260952e-005, -0.285763386, -6.51251714e-006, 1, -2.33940002e-005, 0, 0, 0, 0, 0, 0, 0, 0.109015771, -0.0402769043, -0.211632324, -0.330802361, 0.941579627, 0.0614742179, -0.255126953, -0.151977539, 0.954833984, 0.908638868, 0.300001527, 0.290591841, -0, 0, 0, 0, 0, 0, 0, 0.195725342, -0.0109177734, -0.182913379, -0.385292564, 0.750913237, -0.536073013, 0.316162109, -0.438842773, -0.841064453, -0.867659002, -0.492565896, -0.0683723296, 3, 1, 
45.281963, 0.1, 0.1, 0.0786828655, 0.16331666, -0.019962287, 0.285764133, 1.09878902e-005, -0.958299984, -0.958299984, 1.42202784e-005, -0.285764133, 1.04873477e-005, 1, 1.45933406e-005, 0.285764052, 4.6119676e-005, -0.958300008, -0.958300009, 9.67367497e-006, -0.285764052, -3.90906269e-006, 0.999999999, 4.69608744e-005, 0, 0, 0, 0, 0, 0, 0, 0.109015771, -0.0402769043, -0.211632324, -0.330802361, 0.941579627, 0.0614742179, -0.255126953, -0.151977539, 0.954833984, 0.908638868, 0.300001527, 0.290591841, -0, 0, 0, 0, 0, 0, 0, 0.195725342, -0.0109177734, -0.182913379, -0.385292564, 0.750913237, -0.536073013, 0.316162109, -0.438842773, -0.841064453, -0.867659002, -0.492565896, -0.0683723296, 3, 1, 
45.2829208, 0.1, 0.1, 0.0786829228, 0.163316675, -0.019963446, 0.285764928, -4.40682924e-005, -0.958299747, -0.958299748, -2.92774347e-006, -0.285764928, 9.78751656e-006, 0.999999999, -4.30672798e-005, 0.28576477, -7.00338414e-005, -0.958299792, -0.958299795, -9.39861136e-006, -0.28576477, 1.10065173e-005, 0.999999998, -6.97992078e-005, 0, 0, 0, 0, 0, 0, 0, 0.109015771, -0.0402769043, -0.211632324, -0.330567218, 0.941598723, 0.0617333269, -0.253051758, -0.151367188, 0.955566406, 0.909343176, 0.300122094, 0.288326147, -0, 0, 0, 0, 0, 0, 0, 0.195725342, -0.0109177734, -0.182913379, -0.385292564, 0.750913237, -0.536073013, 0.316162109, -0.438842773, -0.841064453, -0.867659002, -0.492565896, -0.0683723296, 3, 1, 
45.283794, 0.1, 0.1, 0.0786829498, 0.163316683, -0.0199628223, 0.28576562, 7.00226437e-005, -0.958299538, -0.958299541, 1.4048995e-005, -0.28576562, -6.54691878e-006, 0.999999997, 7.1117387e-005, 0.285765477, 7.13004035e-005, -0.958299581, -0.958299584, 2.86143934e-005, -0.285765476, 7.04596753e-006, 0.999999997, 7.65041527e-005, 0, 0, 0, 0, 0, 0, 0, 0.109253174, -0.0427312256, -0.212072461, -0.330567218, 0.941598723, 0.0617333269, -0.253051758, -0.151367188, 0.955566406, 0.909343176, 0.300122094, 0.288326147, -0, 0, 0, 0, 0, 0, 0, 0.195719092, -0.0129727539, -0.18313125, -0.389630572, 0.748337551, -0.536296493, 0.317993164, -0.437744141, -0.840942383, -0.864923635, -0.497255349, -0.0674138766, 3, 1, 
45.2846393, 0.1, 0.1, 0.0786829912, 0.163316695, -0.0199623813, 0.285766314, -7.01762278e-005, -0.958299332, -0.958299334, -2.66729953e-005, -0.285766313, -5.50671172e-006, 0.999999997, -7.48720759e-005, 0.285766149, -5.72942571e-005, -0.958299381, -0.958299383, -2.30077555e-005, -0.285766149, -5.67555869e-006, 0.999999998, -6.14798889e-005, 0, 0, 0, 0, 0, 0, 0, 0.109253174, -0.0427312256, -0.212072461, -0.330567218, 0.941598723, 0.0617333269, -0.253051758, -0.151367188, 0.955566406, 0.909343176, 0.300122094, 0.288326147, -0, 0, 0, 0, 0, 0, 0, 0.195719092, -0.0129727539, -0.18313125, -0.389630572, 0.748337551, -0.536296493, 0.317993164, -0.437744141, -0.840942383, -0.864923635, -0.497255349, -0.0674138766, 3, 1, 
45.2855466, 0.1, 0.1, 0.0786830323, 0.163316706, -0.0199617291, 0.285767075, 5.81980271e-005, -0.958299105, -0.958299107, 2.50554528e-005, -0.285767074, 7.37953813e-006, 0.999999998, 6.29311408e-005, 0.285766867, 3.37727202e-005, -0.958299169, -0.958299169, 2.14664861e-006, -0.285766867, -7.59399285e-006, 0.999999999, 3.29778107e-005, 0, 0, 0, 0, 0, 0, 0, 0.109253174, -0.0427312256, -0.212072461, -0.330567218, 0.941598723, 0.0617333269, -0.253051758, -0.151367188, 0.955566406, 0.909343176, 0.300122094, 0.288326147, -0, 0, 0, 0, 0, 0, 0, 0.195719092, -0.0129727539, -0.18313125, -0.389630572, 0.748337551, -0.536296493, 0.317993164, -0.437744141, -0.840942383, -0.864923635, -0.497255349, -0.0674138766, 3, 1, 
45.2863951, 0.1, 0.1, 0.0786830604, 0.163316713, -0.0199612523, 0.285767823, -3.56467379e-005, -0.958298884, -0.958298884, -2.67126927e-006, -0.285767823, 7.6268163e-006, 0.999999999, -3.49235919e-005, 0.285767664, 1.03660988e-005, -0.958298931, -0.958298931, 1.15174494e-005, -0.285767664, 8.07486366e-006, 1, 1.3225136e-005, 0, 0, 0, 0, 0, 0, 0, 0.109253174, -0.0427312256, -0.212072461, -0.330567218, 0.941598723, 0.0617333269, -0.253051758, -0.151367188, 0.955566406, 0.909343176, 0.300122094, 0.288326147, -0, 0, 0, 0, 0, 0, 0, 0.195719092, -0.0129727539, -0.18313125, -0.389630572, 0.748337551, -0.536296493, 0.317993164, -0.437744141, -0.840942383, -0.864923635, -0.497255349, -0.0674138766, 3, 1, 
45.2872467, 0.1, 0.1, 0.0786831101, 0.163316728, -0.0199614987, 0.285768653, -2.05611063e-005, -0.958298637, -0.958298637, -1.37769975e-005, -0.285768652, -7.32675832e-006, 1, -2.36407141e-005, 0.285768537, -5.69086708e-005, -0.95829867, -0.958298671, -9.33041454e-006, -0.285768537, 7.32138375e-006, 0.999999998, -5.72018425e-005, 0, 0, 0, 0, 0, 0, 0, 0.109253174, -0.0427312256, -0.212072461, -0.330567218, 0.941598723, 0.0617333269, -0.253051758, -0.151367188, 0.955566406, 0.909343176, 0.300122094, 0.288326147, -0, 0, 0, 0, 0, 0, 0, 0.195719092, -0.0129727539, -0.18313125, -0.389630572, 0.748337551, -0.536296493, 0.317993164, -0.437744141, -0.840942383, -0.864923635, -0.497255349, -0.0674138766, 3, 1, 
45.2881951, 0.1, 0.1, 0.0786831353, 0.163316735, -0.0199615891, 0.285769662, 4.47765036e-005, -0.958298335, -0.958298336, 4.15640983e-006, -0.285769663, -8.8126857e-006, 0.999999999, 4.40970247e-005, 0.285769495, 6.59312618e-005, -0.958298383, -0.958298385, 9.53227648e-006, -0.285769495, -9.70637826e-006, 0.999999998, 6.59058556e-005, 0, 0, 0, 0, 0, 0, 0, 0.109719922, -0.0451746826, -0.212306323, -0.330211507, 0.941839858, 0.0616498297, -0.251098633, -0.150512695, 0.956176758, 0.910028389, 0.300083902, 0.286238309, -0, 0, 0, 0, 0, 0, 0, 0.195719092, -0.0129727539, -0.18313125, -0.393323293, 0.745857747, -0.537184583, 0.3203125, -0.436889648, -0.840454102, -0.862488673, -0.501689239, -0.0671389906, 3, 1, 
45.2890423, 0.1, 0.1, 0.078683181, 0.163316748, -0.0199613942, 0.285770541, -7.0934968e-005, -0.958298071, -0.958298074, -1.43815026e-005, -0.28577054, 6.4893579e-006, 0.999999997, -7.2086653e-005, 0.285770362, -7.15388782e-005, -0.958298124, -0.958298127, -2.92558917e-005, -0.28577036, -7.59217516e-006, 0.999999997, -7.69160397e-005, 0, 0, 0, 0, 0, 0, 0, 0.109719922, -0.0451746826, -0.212306323, -0.330211507, 0.941839858, 0.0616498297, -0.251098633, -0.150512695, 0.956176758, 0.910028389, 0.300083902, 0.286238309, -0, 0, 0, 0, 0, 0, 0, 0.195972461, -0.0152392578, -0.183184229, -0.393323293, 0.745857747, -0.537184583, 0.3203125, -0.436889648, -0.840454102, -0.862488673, -0.501689239, -0.0671389906, 3, 1, 
45.2898886, 0.1, 0.1, 0.0786832104, 0.163316756, -0.019961868, 0.285771407, 7.08687561e-005, -0.958297813, -0.958297815, 2.73704049e-005, -0.285771406, 5.9767351e-006, 0.999999997, 7.57350533e-005, 0.285771207, 5.75775502e-005, -0.958297873, -0.958297875, 2.34107656e-005, -0.285771206, 5.98048093e-006, 0.999999998, 6.18665668e-005, 0, 0, 0, 0, 0, 0, 0, 0.109719922, -0.0451746826, -0.212306323, -0.330211507, 0.941839858, 0.0616498297, -0.251098633, -0.150512695, 0.956176758, 0.910028389, 0.300083902, 0.286238309, -0, 0, 0, 0, 0, 0, 0, 0.195972461, -0.0152392578, -0.183184229, -0.393323293, 0.745857747, -0.537184583, 0.3203125, -0.436889648, -0.840454102, -0.862488673, -0.501689239, -0.0671389906, 3, 1, 
45.290822, 0.1, 0.1, 0.0786832458, 0.163316766, -0.0199620665, 0.285772351, -6.16879525e-005, -0.958297532, -0.958297534, -2.43556788e-005, -0.28577235, -5.71127577e-006, 0.999999998, -6.60755924e-005, 0.2857721, -3.60755922e-005, -0.958297608, -0.958297609, -4.57459954e-007, -0.2857721, 9.87101496e-006, 0.999999999, -3.4701883e-005, 0, 0, 0, 0, 0, 0, 0, 0.110371338, -0.0478577393, -0.212369922, -0.330573209, 0.941713299, 0.0604752343, -0.250366211, -0.149169922, 0.956542969, 0.910085677, 0.300845499, 0.285064835, -0, 0, 0, 0, 0, 0, 0, 0.195972461, -0.0152392578, -0.183184229, -0.396115163, 0.743275864, -0.538743481, 0.322265625, -0.43737793, -0.839477539, -0.860449999, -0.505151916, -0.0663208957, 3, 1, 
45.2916641, 0.1, 0.1, 0.0786832874, 0.163316778, -0.0199620752, 0.285773227, 3.12614412e-005, -0.958297272, -0.958297273, 2.71647177e-006, -0.285773227, -6.33049546e-006, 1, 3.07340488e-005, 0.285773043, -1.43001507e-005, -0.958297327, -0.958297327, -1.13263383e-005, -0.285773043, -6.76740212e-006, 1, -1.69405584e-005, 0, 0, 0, 0, 0, 0, 0, 0.110371338, -0.0478577393, -0.212369922, -0.330573209, 0.941713299, 0.0604752343, -0.250366211, -0.149169922, 0.956542969, 0.910085677, 0.300845499, 0.285064835, -0, 0, 0, 0, 0, 0, 0, 0.196500342, -0.0179385742, -0.183046924, -0.396115163, 0.743275864, -0.538743481, 0.322265625, -0.43737793, -0.839477539, -0.860449999, -0.505151916, -0.0663208957, 3, 1, 
45.2925314, 0.1, 0.1, 0.078683307, 0.163316782, -0.0199622236, 0.285774227, 2.07195064e-005, -0.958296974, -0.958296974, 1.71315621e-005, -0.285774226, 1.04960233e-005, 1, 2.47511992e-005, 0.285774081, 5.65519667e-005, -0.958297016, -0.958297018, 1.28413651e-005, -0.285774081, -3.85524445e-006, 0.999999998, 5.78633104e-005, 0, 0, 0, 0, 0, 0, 0, 0.110371338, -0.0478577393, -0.212369922, -0.330573209, 0.941713299, 0.0604752343, -0.250366211, -0.149169922, 0.956542969, 0.910085677, 0.300845499, 0.285064835, -0, 0, 0, 0, 0, 0, 0, 0.196500342, -0.0179385742, -0.183046924, -0.396115163, 0.743275864, -0.538743481, 0.322265625, -0.43737793, -0.839477539, -0.860449999, -0.505151916, -0.0663208957, 3, 1, 
45.2934299, 0.1, 0.1, 0.0786833549, 0.163316796, -0.0199620637, 0.285775369, -4.84354552e-005, -0.958296632, -0.958296634, -7.77619197e-006, -0.285775369, 6.38976152e-006, 0.999999999, -4.86377778e-005, 0.285775188, -6.72046036e-005, -0.958296686, -0.958296688, -1.26093037e-005, -0.285775188, 7.12195423e-006, 0.999999998, -6.80053752e-005, 0, 0, 0, 0, 0, 0, 0, 0.110371338, -0.0478577393, -0.212369922, -0.330573209, 0.941713299, 0.0604752343, -0.250366211, -0.149169922, 0.956542969, 0.910085677, 0.300845499, 0.285064835, -0, 0, 0, 0, 0, 0, 0, 0.196500342, -0.0179385742, -0.183046924, -0.396115163, 0.743275864, -0.538743481, 0.322265625, -0.43737793, -0.839477539, -0.860449999, -0.505151916, -0.0663208957, 3, 1, 
45.2942756, 0.1, 0.1, 0.0786833762, 0.163316802, -0.0199621828, 0.285776421, 7.0956665e-005, -0.958296318, -0.95829632, 1.27731122e-005, -0.28577642, -8.03731533e-006, 0.999999997, 7.16477652e-005, 0.285776212, 7.05748466e-005, -0.95829638, -0.958296383, 2.67841957e-005, -0.28577621, 5.49858556e-006, 0.999999997, 7.52859062e-005, 0, 0, 0, 0, 0, 0, 0, 0.110371338, -0.0478577393, -0.212369922, -0.330573209, 0.941713299, 0.0604752343, -0.250366211, -0.149169922, 0.956542969, 0.910085677, 0.300845499, 0.285064835, -0, 0, 0, 0, 0, 0, 0, 0.196500342, -0.0179385742, -0.183046924, -0.396115163, 0.743275864, -0.538743481, 0.322265625, -0.43737793, -0.839477539, -0.860449999, -0.505151916, -0.0663208957, 3, 1, 
45.2951405, 0.1, 0.1, 0.0786834127, 0.163316813, -0.0199626281, 0.285777471, -6.64459151e-005, -0.958296005, -0.958296007, -2.72390483e-005, -0.28577747, -7.11432569e-006, 0.999999997, -7.14591614e-005, 0.285777227, -5.33298435e-005, -0.958296078, -0.95829608, -2.34840152e-005, -0.285777226, -7.2641849e-006, 0.999999998, -5.78169767e-005, 0, 0, 0, 0, 0, 0, 0, 0.110371338, -0.0478577393, -0.212369922, -0.330573209, 0.941713299, 0.0604752343, -0.250366211, -0.149169922, 0.956542969, 0.910085677, 0.300845499, 0.285064835, -0, 0, 0, 0, 0, 0, 0, 0.196500342, -0.0179385742, -0.183046924, -0.396115163, 0.743275864, -0.538743481, 0.322265625, -0.43737793, -0.839477539, -0.860449999, -0.505151916, -0.0663208957, 3, 1, 
45.2960587, 0.1, 0.1, 0.0786834487, 0.163316823, -0.0199621027, 0.285778524, 5.96957947e-005, -0.958295691, -0.958295693, 2.34523069e-005, -0.285778523, 5.41446858e-006, 0.999999998, 6.39083885e-005, 0.285778288, 3.69571935e-005, -0.958295763, -0.958295763, 2.35139537e-006, -0.285778288, -8.30823125e-006, 0.999999999, 3.60878997e-005, 0, 0, 0, 0, 0, 0, 0, 0.110829297, -0.0503066895, -0.212453784, -0.330376258, 0.941808779, 0.0589449279, -0.249023437, -0.147338867, 0.957275391, 0.91054885, 0.301448336, 0.283206149, -0, 0, 0, 0, 0, 0, 0, 0.196568555, -0.0202148438, -0.182903027, -0.399175356, 0.740502217, -0.540168218, 0.324462891, -0.43737793, -0.838623047, -0.858194041, -0.50912572, -0.0656114425, 3, 1, 
45.2969932, 0.1, 0.1, 0.0786834761, 0.16331683, -0.0199615253, 0.285779594, -5.27191021e-005, -0.958295372, -0.958295374, -1.00933576e-005, -0.285779594, 5.39362573e-006, 0.999999999, -5.34049472e-005, 0.285779271, 1.32634865e-005, -0.95829547, -0.95829547, 1.07414164e-005, -0.285779271, 6.50302118e-006, 1, 1.57800132e-005, 0, 0, 0, 0, 0, 0, 0, 0.110829297, -0.0503066895, -0.212453784, -0.330376258, 0.941808779, 0.0589449279, -0.249023437, -0.147338867, 0.957275391, 0.91054885, 0.301448336, 0.283206149, -0, 0, 0, 0, 0, 0, 0, 0.196568555, -0.0202148438, -0.182903027, -0.399175356, 0.740502217, -0.540168218, 0.324462891, -0.43737793, -0.838623047, -0.858194041, -0.50912572, -0.0656114425, 3, 1, 
45.2984679, 0.1, 0.1, 0.078683554, 0.163316856, -0.0199509214, 0.285781516, 3.82432576e-005, -0.9582948, -0.9582948, -1.51763942e-005, -0.285781517, -2.54726758e-005, 0.999999999, 3.2311182e-005, 0.285781294, -5.00035595e-005, -0.958294866, -0.958294867, -4.36960989e-006, -0.285781294, 1.01027072e-005, 0.999999999, -4.91669071e-005, 0, 0, 0, 0, 0, 0, 0, 0.110829297, -0.0503066895, -0.212453784, -0.330376258, 0.941808779, 0.0589449279, -0.249023437, -0.147338867, 0.957275391, 0.91054885, 0.301448336, 0.283206149, -0, 0, 0, 0, 0, 0, 0, 0.196568555, -0.0202148438, -0.182903027, -0.403206762, 0.738080015, -0.540589658, 0.325317383, -0.437011719, -0.838500977, -0.856040162, -0.512939842, -0.0639373398, 3, 1, 
45.2998409, 0.1, 0.1, 0.0786835958, 0.163316874, -0.0199355424, 0.285783233, -6.07058175e-005, -0.958294287, -0.958294288, -5.74734537e-005, -0.28578323, -3.77277777e-005, 0.999999997, -7.45989875e-005, 0.285782879, -3.25085458e-005, -0.958294394, -0.958294394, -4.85023238e-005, -0.285782877, -3.71891193e-005, 0.999999998, -4.5013891e-005, 0, 0, 0, 0, 0, 0, 0, 0.110829297, -0.0503066895, -0.212453784, -0.330376258, 0.941808779, 0.0589449279, -0.249023437, -0.147338867, 0.957275391, 0.91054885, 0.301448336, 0.283206149, -0, 0, 0, 0, 0, 0, 0, 0.196570361, -0.0222412598, -0.183118945, -0.403206762, 0.738080015, -0.540589658, 0.325317383, -0.437011719, -0.838500977, -0.856040162, -0.512939842, -0.0639373398, 3, 1, 
45.3013092, 0.1, 0.1, 0.0786836489, 0.163316884, -0.019922453, 0.285784773, 3.81714717e-006, -0.958293829, -0.958293829, -2.49673059e-005, -0.285784773, -2.50168977e-005, 1, -3.47732727e-006, 0.285784397, -2.4774625e-005, -0.958293941, -0.958293941, 2.55553652e-005, -0.285784397, 3.15697529e-005, 0.999999999, -1.64380484e-005, 0, 0, 0, 0, 0, 0, 0, 0.111070728, -0.052531665, -0.2124229, -0.330083826, 0.941948442, 0.0597555775, -0.245483398, -0.146850586, 0.958251953, 0.911614861, 0.301549808, 0.279740773, -0, 0, 0, 0, 0, 0, 0, 0.196570361, -0.0222412598, -0.183118945, -0.403206762, 0.738080015, -0.540589658, 0.325317383, -0.437011719, -0.838500977, -0.856040162, -0.512939842, -0.0639373398, 3, 1, 
45.3023366, 0.1, 0.1, 0.0786836744, 0.163316897, -0.01992279, 0.285786884, -3.65949912e-005, -0.958293199, -0.958293199, -4.89431554e-005, -0.285786882, -3.64435245e-005, 0.999999998, -4.9056043e-005, 0.285786538, -1.29557585e-005, -0.958293303, -0.958293303, -3.85489354e-005, -0.285786537, -3.32386053e-005, 0.999999999, -2.34321834e-005, 0, 0, 0, 0, 0, 0, 0, 0.111070728, -0.052531665, -0.2124229, -0.330083826, 0.941948442, 0.0597555775, -0.245483398, -0.146850586, 0.958251953, 0.911614861, 0.301549808, 0.279740773, -0, 0, 0, 0, 0, 0, 0, 0.196570361, -0.0222412598, -0.183118945, -0.403206762, 0.738080015, -0.540589658, 0.325317383, -0.437011719, -0.838500977, -0.856040162, -0.512939842, -0.0639373398, 3, 1, 
