time, realDorsalTactorPos, realVentralTactorPos, boxPosX, boxPosY, boxPosZ, boxLocalRot_11, boxLocalRot_12, boxLocalRot_13, boxLocalRot_21, boxLocalRot_22, boxLocalRot_23, boxLocalRot_31, boxLocalRot_32, boxLocalRot_33, boxGlobalRot_11, boxGlobalRot_12, boxGlobalRot_13], boxGlobalRot_21, boxGlobalRot_22, boxGlobalRot_23, boxGlobalRot_31, boxGlobalRot_32, boxGlobalRot_33, indexPosX, indexPosY, indexPosZ, indexContact, indexForceX, indexForceY, indexForceZ, indexForceGlobalX, indexForceGlobalY, indexForceGlobalZ, thumbPosX, thumbPosY, thumbPosZ, thumbContact, thumbForceX, thumbForceY, thumbForceZ, thumbForceGlobalX, thumbForceGlobalY, thumbForceGlobalZ, hoopSuccess, targetSuccess, trialSuccess, 
78.5933219, 0.1, 0.1, 0.0966688278, 0.182715224, -0.0199748068, 0.841198018, 1.69908754e-006, 0.54072719, 0.54072719, -1.0402494e-005, -0.841198018, 4.19564228e-006, 1, -9.66930018e-006, 0.841198005, 1.41666269e-005, 0.540727211, 0.540727211, -1.31905512e-007, -0.841198005, -1.18456134e-005, 1, -7.7712393e-006, 0.108277759, 0.0515624023, -0.140913867, 0, 0, 0, 0, 0, 0, 0, 0.167802441, 0.0985658691, -0.10425625, 0, 0, 0, 0, 0, 0, 0, 1, 1, 1, 
78.6352735, 0.1, 0.1, 0.0966673818, 0.182713905, -0.0199656214, 0.841196634, 2.04336981e-005, 0.540729343, 0.540729343, -3.47638462e-006, -0.841196634, -1.53089749e-005, 1, -1.39734232e-005, 0.841196632, -1.45473847e-005, 0.540729347, 0.540729347, 4.11135677e-006, -0.841196632, 1.00140798e-005, 1, 1.13246573e-005, 0.118550098, 0.0188103516, -0.140110156, 0, 0, 0, 0, 0, 0, 0, 0.172934082, 0.0663818359, -0.103149756, 0, 0, 0, 0, 0, 0, 0, 1, 1, 1, 
78.6360889, 0.1, 0.1, 0.0966673602, 0.182713887, -0.01996514, 0.841196653, -3.69241042e-005, 0.540729313, 0.540729314, 7.85253402e-006, -0.841196653, 2.68143376e-005, 0.999999999, 2.65714709e-005, 0.841196649, -2.03558552e-005, 0.54072932, 0.54072932, 3.9619472e-006, -0.841196649, 1.49809362e-005, 1, 1.43397844e-005, 0.119429883, 0.0159152832, -0.139633252, 0, 0, 0, 0, 0, 0, 0, 0.173542383, 0.0632771484, -0.102886377, 0, 0, 0, 0, 0, 0, 0, 1, 1, 1, 
78.6368741, 0.1, 0.1, 0.0966673397, 0.18271387, -0.0199646731, 0.841196675, 3.35930802e-005, 0.540729279, 0.540729279, -7.4694558e-006, -0.841196675, -2.42194339e-005, 0.999999999, -2.44480434e-005, 0.84119667, 3.51716823e-005, 0.540729286, 0.540729287, -7.06210027e-006, -0.84119667, -2.57676176e-005, 0.999999999, -2.49589739e-005, 0.119429883, 0.0159152832, -0.139633252, 0, 0, 0, 0, 0, 0, 0, 0.173542383, 0.0632771484, -0.102886377, 0, 0, 0, 0, 0, 0, 0, 1, 1, 1, 
78.637669, 0.1, 0.1, 0.0966673251, 0.182713852, -0.0199645441, 0.841196702, -1.73574909e-005, 0.540729237, 0.540729237, 4.66122249e-006, -0.841196702, 1.20806049e-005, 1, 1.33067078e-005, 0.841196696, -3.64250387e-005, 0.540729245, 0.540729246, 8.56875349e-006, -0.841196697, 2.60072466e-005, 0.999999999, 2.69040908e-005, 0.119429883, 0.0159152832, -0.139633252, 0, 0, 0, 0, 0, 0, 0, 0.173542383, 0.0632771484, -0.102886377, 0, 0, 0, 0, 0, 0, 0, 1, 1, 1, 
78.6384845, 0.1, 0.1, 0.0966673017, 0.182713835, -0.0199644711, 0.841196733, -2.00105867e-005, 0.54072919, 0.54072919, 3.72698808e-006, -0.841196733, 1.48175489e-005, 1, 1.39554386e-005, 0.841196726, 1.62217401e-005, 0.5407292, 0.5407292, -4.12976617e-006, -0.841196726, -1.14125895e-005, 1, -1.22455143e-005, 0.120199341, 0.0130530518, -0.139040259, 0, 0, 0, 0, 0, 0, 0, 0.173955762, 0.0604074219, -0.102196533, 0, 0, 0, 0, 0, 0, 0, 1, 1, 1, 
78.6392905, 0.1, 0.1, 0.0966672842, 0.182713818, -0.0199645143, 0.841196765, 3.72674907e-005, 0.540729138, 0.540729139, -7.7431818e-006, -0.841196766, -2.71623286e-005, 0.999999999, -2.66651576e-005, 0.841196759, 1.93111019e-005, 0.540729149, 0.540729149, -3.51477359e-006, -0.841196759, -1.43438958e-005, 1, -1.33986919e-005, 0.120199341, 0.0130530518, -0.139040259, 0, 0, 0, 0, 0, 0, 0, 0.173955762, 0.0604074219, -0.102196533, 0, 0, 0, 0, 0, 0, 0, 1, 1, 1, 
78.6400738, 0.1, 0.1, 0.0966672677, 0.182713801, -0.0199648448, 0.841196801, -3.34951912e-005, 0.540729082, 0.540729083, 7.6704918e-006, -0.841196802, 2.40283897e-005, 0.999999999, 2.45642172e-005, 0.841196794, -3.49090164e-005, 0.540729094, 0.540729094, 7.19571457e-006, -0.841196794, 2.54744205e-005, 0.999999999, 2.49293329e-005, 0.120199341, 0.0130530518, -0.139040259, 0, 0, 0, 0, 0, 0, 0, 0.173955762, 0.0604074219, -0.102196533, 0, 0, 0, 0, 0, 0, 0, 1, 1, 1, 
78.6408648, 0.1, 0.1, 0.0966672452, 0.182713786, -0.0199652431, 0.841196839, 1.89543918e-005, 0.540729024, 0.540729024, -4.76543179e-006, -0.841196839, -1.33675672e-005, 1, -1.42578559e-005, 0.841196831, 3.65645054e-005, 0.540729035, 0.540729036, -8.36202575e-006, -0.841196832, -2.6236356e-005, 0.999999999, -2.68055993e-005, 0.120199341, 0.0130530518, -0.139040259, 0, 0, 0, 0, 0, 0, 0, 0.173955762, 0.0604074219, -0.102196533, 0, 0, 0, 0, 0, 0, 0, 1, 1, 1, 
78.6416646, 0.1, 0.1, 0.0966672307, 0.182713769, -0.0199656569, 0.84119688, 1.92549587e-005, 0.54072896, 0.540728961, -3.37141654e-006, -0.84119688, -1.43741886e-005, 1, -1.32477389e-005, 0.841196872, -1.47221677e-005, 0.540728973, 0.540728973, 3.98301642e-006, -0.841196872, 1.0230509e-005, 1, 1.13112036e-005, 0.120199341, 0.0130530518, -0.139040259, 0, 0, 0, 0, 0, 0, 0, 0.173955762, 0.0604074219, -0.102196533, 0, 0, 0, 0, 0, 0, 0, 1, 1, 1, 
78.6424512, 0.1, 0.1, 0.0966672117, 0.182713753, -0.019965987, 0.841196922, -3.47360542e-005, 0.540728895, 0.540728895, 7.47388556e-006, -0.841196922, 2.5178516e-005, 0.999999999, 2.50697977e-005, 0.841196913, -1.80966793e-005, 0.540728908, 0.540728909, 3.5552445e-006, -0.841196914, 1.33004473e-005, 1, 1.27760583e-005, 0.120199341, 0.0130530518, -0.139040259, 0, 0, 0, 0, 0, 0, 0, 0.173955762, 0.0604074219, -0.102196533, 0, 0, 0, 0, 0, 0, 0, 1, 1, 1, 
78.6432781, 0.1, 0.1, 0.0966671914, 0.182713737, -0.0199659094, 0.841196968, 3.33209436e-005, 0.540728824, 0.540728824, -7.38296564e-006, -0.841196968, -2.40372944e-005, 0.999999999, -2.4228123e-005, 0.841196957, 3.54625123e-005, 0.54072884, 0.54072884, -6.99826172e-006, -0.841196958, -2.60467955e-005, 0.999999999, -2.50625196e-005, 0.121192163, 0.00996818848, -0.138510376, 0, 0, 0, 0, 0, 0, 0, 0.173955762, 0.0604074219, -0.102196533, 0, 0, 0, 0, 0, 0, 0, 1, 1, 1, 
78.6440606, 0.1, 0.1, 0.0966671783, 0.182713721, -0.0199655035, 0.841197013, -1.5226062e-005, 0.540728753, 0.540728753, 4.25247818e-006, -0.841197013, 1.05086807e-005, 1, 1.18103415e-005, 0.841197004, -3.37229159e-005, 0.540728767, 0.540728768, 8.02687669e-006, -0.841197004, 2.40272527e-005, 0.999999999, 2.49871354e-005, 0.121192163, 0.00996818848, -0.138510376, 0, 0, 0, 0, 0, 0, 0, 0.174163477, 0.0571529785, -0.101882861, 0, 0, 0, 0, 0, 0, 0, 1, 1, 1, 
78.6448436, 0.1, 0.1, 0.0966671574, 0.182713706, -0.0199650906, 0.84119706, -1.8548103e-005, 0.540728681, 0.540728681, 3.59247824e-006, -0.84119706, 1.36600537e-005, 1, 1.30514734e-005, 0.84119705, 1.69726158e-005, 0.540728696, 0.540728696, -4.12169211e-006, -0.84119705, -1.20485972e-005, 1, -1.26447357e-005, 0.121192163, 0.00996818848, -0.138510376, 0, 0, 0, 0, 0, 0, 0, 0.174163477, 0.0571529785, -0.101882861, 0, 0, 0, 0, 0, 0, 0, 1, 1, 1, 
78.6456428, 0.1, 0.1, 0.0966671417, 0.182713691, -0.0199648325, 0.841197107, 3.59991849e-005, 0.540728606, 0.540728607, -7.30560131e-006, -0.841197108, -2.63320626e-005, 0.999999999, -2.56112398e-005, 0.841197098, 1.95616454e-005, 0.540728621, 0.540728621, -3.42460899e-006, -0.841197098, -1.46034152e-005, 1, -1.34583127e-005, 0.121192163, 0.00996818848, -0.138510376, 0, 0, 0, 0, 0, 0, 0, 0.174163477, 0.0571529785, -0.101882861, 0, 0, 0, 0, 0, 0, 0, 1, 1, 1, 
78.6464269, 0.1, 0.1, 0.096667127, 0.182713675, -0.0199648722, 0.841197156, -3.42501877e-005, 0.54072853, 0.54072853, 7.91368755e-006, -0.841197157, 2.45320038e-005, 0.999999999, 2.51770251e-005, 0.841197146, -3.54702766e-005, 0.540728546, 0.540728546, 7.39836276e-006, -0.841197147, 2.58369895e-005, 0.999999999, 2.54032727e-005, 0.121192163, 0.00996818848, -0.138510376, 0, 0, 0, 0, 0, 0, 0, 0.174163477, 0.0571529785, -0.101882861, 0, 0, 0, 0, 0, 0, 0, 1, 1, 1, 
78.6472201, 0.1, 0.1, 0.0966671061, 0.182713661, -0.0199649879, 0.841197207, 1.67811973e-005, 0.540728452, 0.540728452, -4.35065011e-006, -0.841197207, -1.1763776e-005, 1, -1.27338256e-005, 0.841197197, 3.49919499e-005, 0.540728467, 0.540728467, -8.05207783e-006, -0.841197197, -2.50811424e-005, 0.999999999, -2.56945287e-005, 0.121192163, 0.00996818848, -0.138510376, 0, 0, 0, 0, 0, 0, 0, 0.174163477, 0.0571529785, -0.101882861, 0, 0, 0, 0, 0, 0, 0, 1, 1, 1, 
78.64804, 0.1, 0.1, 0.0966670931, 0.182713645, -0.0199650895, 0.84119726, 2.10531386e-005, 0.54072837, 0.54072837, -3.98030742e-006, -0.84119726, -1.55575773e-005, 1, -1.4732253e-005, 0.841197249, -1.70266014e-005, 0.540728387, 0.540728387, 4.32642439e-006, -0.841197249, 1.19833098e-005, 1, 1.2846143e-005, 0.121192163, 0.00996818848, -0.138510376, 0, 0, 0, 0, 0, 0, 0, 0.174163477, 0.0571529785, -0.101882861, 0, 0, 0, 0, 0, 0, 0, 1, 1, 1, 
78.6488392, 0.1, 0.1, 0.0966670746, 0.182713631, -0.0199648828, 0.841197312, -3.35639334e-005, 0.540728287, 0.540728288, 6.61842778e-006, -0.841197313, 2.46551194e-005, 0.999999999, 2.37163719e-005, 0.841197302, -1.62616336e-005, 0.540728304, 0.540728304, 2.60474189e-006, -0.841197302, 1.22707846e-005, 1, 1.09842274e-005, 0.122068408, 0.00751435547, -0.137895776, 0, 0, 0, 0, 0, 0, 0, 0.174684131, 0.0544364258, -0.10175459, 0, 0, 0, 0, 0, 0, 0, 1, 1, 1, 
78.649639, 0.1, 0.1, 0.0966670565, 0.182713617, -0.019964868, 0.841197365, 3.44488875e-005, 0.540728205, 0.540728206, -8.27358842e-006, -0.841197365, -2.45045508e-005, 0.999999999, -2.55872059e-005, 0.841197354, 3.66369279e-005, 0.540728222, 0.540728222, -7.94299857e-006, -0.841197355, -2.65238834e-005, 0.999999999, -2.64922503e-005, 0.122068408, 0.00751435547, -0.137895776, 0, 0, 0, 0, 0, 0, 0, 0.174684131, 0.0544364258, -0.10175459, 0, 0, 0, 0, 0, 0, 0, 1, 1, 1, 
78.6504445, 0.1, 0.1, 0.0966670446, 0.182713602, -0.0199650147, 0.84119742, -1.49232821e-005, 0.54072812, 0.54072812, 3.58391064e-006, -0.84119742, 1.06155051e-005, 1, 1.10842147e-005, 0.841197408, -3.48713959e-005, 0.540728138, 0.540728139, 7.64015936e-006, -0.841197408, 2.52024787e-005, 0.999999999, 2.52828273e-005, 0.122068408, 0.00751435547, -0.137895776, 0, 0, 0, 0, 0, 0, 0, 0.174684131, 0.0544364258, -0.10175459, 0, 0, 0, 0, 0, 0, 0, 1, 1, 1, 
78.6512461, 0.1, 0.1, 0.096667024, 0.182713589, -0.0199648057, 0.841197475, -1.61936762e-005, 0.540728035, 0.540728035, 2.40068105e-006, -0.841197475, 1.2323964e-005, 1, 1.07758215e-005, 0.841197465, 1.78091084e-005, 0.540728051, 0.540728051, -5.00184266e-006, -0.841197465, -1.22763402e-005, 1, -1.38374219e-005, 0.122878516, 0.00488098145, -0.137436548, 0, 0, 0, 0, 0, 0, 0, 0.175281201, 0.0517550293, -0.101015186, 0, 0, 0, 0, 0, 0, 0, 1, 1, 1, 
78.6520437, 0.1, 0.1, 0.0966670098, 0.182713574, -0.0199648716, 0.841197532, 3.53427682e-005, 0.540727945, 0.540727946, -5.12681871e-006, -0.841197532, -2.69580352e-005, 0.999999999, -2.34234897e-005, 0.841197521, 1.91601763e-005, 0.540727964, 0.540727964, -2.17088731e-006, -0.841197521, -1.49436333e-005, 1, -1.21865881e-005, 0.122878516, 0.00488098145, -0.137436548, 0, 0, 0, 0, 0, 0, 0, 0.175281201, 0.0517550293, -0.101015186, 0, 0, 0, 0, 0, 0, 0, 1, 1, 1, 
78.6528248, 0.1, 0.1, 0.0966669966, 0.18271356, -0.0199651437, 0.841197586, -3.61784757e-005, 0.540727862, 0.540727862, 6.84898639e-006, -0.841197586, 2.67298087e-005, 0.999999999, 2.53240607e-005, 0.841197577, -3.65562909e-005, 0.540727876, 0.540727876, 8.38579467e-006, -0.841197577, 2.62166304e-005, 0.999999999, 2.68211157e-005, 0.122878516, 0.00488098145, -0.137436548, 0, 0, 0, 0, 0, 0, 0, 0.175281201, 0.0517550293, -0.101015186, 0, 0, 0, 0, 0, 0, 0, 1, 1, 1, 
78.6536339, 0.1, 0.1, 0.0966669779, 0.182713547, -0.0199654125, 0.841197623, 1.20919128e-005, 0.540727805, 0.540727805, -4.182492e-006, -0.841197623, -7.91009857e-006, 1, -1.00567358e-005, 0.841197616, 3.12713953e-005, 0.540727814, 0.540727815, -9.15739764e-006, -0.841197617, -2.13537636e-005, 0.999999999, -2.46124943e-005, 0.122878516, 0.00488098145, -0.137436548, 0, 0, 0, 0, 0, 0, 0, 0.175281201, 0.0517550293, -0.101015186, 0, 0, 0, 0, 0, 0, 0, 1, 1, 1, 
78.6544286, 0.1, 0.1, 0.0966669671, 0.182713533, -0.0199656357, 0.841197654, 1.75734787e-005, 0.540727757, 0.540727757, -2.87353817e-006, -0.841197654, -1.32289672e-005, 1, -1.19196813e-005, 0.841197648, -1.72772271e-005, 0.540727766, 0.540727766, 4.94252078e-006, -0.841197648, 1.18610046e-005, 1, 1.34999133e-005, 0.122878516, 0.00488098145, -0.137436548, 0, 0, 0, 0, 0, 0, 0, 0.175281201, 0.0517550293, -0.101015186, 0, 0, 0, 0, 0, 0, 0, 1, 1, 1, 
78.6552297, 0.1, 0.1, 0.0966669511, 0.182713519, -0.0199655652, 0.841197689, -3.6734681e-005, 0.540727702, 0.540727702, 6.95123969e-006, -0.841197689, 2.71424009e-005, 0.999999999, 2.57108264e-005, 0.841197681, -1.91805071e-005, 0.540727714, 0.540727714, 3.02908617e-006, -0.841197681, 1.44966872e-005, 1, 1.2919492e-005, 0.122878516, 0.00488098145, -0.137436548, 0, 0, 0, 0, 0, 0, 0, 0.175281201, 0.0517550293, -0.101015186, 0, 0, 0, 0, 0, 0, 0, 1, 1, 1, 
78.656036, 0.1, 0.1, 0.0966669349, 0.182713506, -0.0199651504, 0.841197729, 3.31095432e-005, 0.540727639, 0.540727639, -5.13884876e-006, -0.84119773, -2.5072955e-005, 0.999999999, -2.22260331e-005, 0.841197721, 3.46804715e-005, 0.540727651, 0.540727651, -5.42718681e-006, -0.841197722, -2.62385036e-005, 0.999999999, -2.33180271e-005, 0.124144019, 0.0022447998, -0.136606152, 0, 0, 0, 0, 0, 0, 0, 0.175745361, 0.0485157227, -0.100473389, 0, 0, 0, 0, 0, 0, 0, 1, 1, 1, 
78.6568257, 0.1, 0.1, 0.0966669247, 0.182713492, -0.0199649217, 0.841197768, -1.62600849e-005, 0.540727579, 0.540727579, 3.0605543e-006, -0.841197768, 1.2023021e-005, 1, 1.13668078e-005, 0.841197761, -3.54049836e-005, 0.540727589, 0.54072759, 7.10325286e-006, -0.841197761, 2.59416682e-005, 0.999999999, 2.51196919e-005, 0.124144019, 0.0022447998, -0.136606152, 0, 0, 0, 0, 0, 0, 0, 0.175745361, 0.0485157227, -0.100473389, 0, 0, 0, 0, 0, 0, 0, 1, 1, 1, 
78.6576196, 0.1, 0.1, 0.0966669062, 0.18271348, -0.0199647567, 0.841197802, -1.80232587e-005, 0.540727527, 0.540727527, 3.37513909e-006, -0.841197802, 1.3336095e-005, 1, 1.25848317e-005, 0.841197795, 1.62727822e-005, 0.540727537, 0.540727538, -3.4323709e-006, -0.841197795, -1.1832651e-005, 1, -1.16864443e-005, 0.124144019, 0.0022447998, -0.136606152, 0, 0, 0, 0, 0, 0, 0, 0.175745361, 0.0485157227, -0.100473389, 0, 0, 0, 0, 0, 0, 0, 1, 1, 1, 
78.658413, 0.1, 0.1, 0.0966668931, 0.182713467, -0.0199648981, 0.841197835, 3.78480553e-005, 0.540727474, 0.540727475, -7.02782469e-006, -0.841197835, -2.80375643e-005, 0.999999999, -2.63772743e-005, 0.841197828, 2.10762514e-005, 0.540727485, 0.540727485, -3.85747065e-006, -0.841197829, -1.56434565e-005, 1, -1.46414043e-005, 0.124144019, 0.0022447998, -0.136606152, 0, 0, 0, 0, 0, 0, 0, 0.175745361, 0.0485157227, -0.100473389, 0, 0, 0, 0, 0, 0, 0, 1, 1, 1, 
78.6591945, 0.1, 0.1, 0.0966668805, 0.182713455, -0.0199651508, 0.84119787, -3.27897816e-005, 0.540727419, 0.540727419, 6.21226333e-006, -0.841197871, 2.42235533e-005, 0.999999999, 2.29560767e-005, 0.841197864, -3.37955049e-005, 0.54072743, 0.54072743, 6.44909994e-006, -0.841197864, 2.49415013e-005, 0.999999999, 2.36991256e-005, 0.124144019, 0.0022447998, -0.136606152, 0, 0, 0, 0, 0, 0, 0, 0.175745361, 0.0485157227, -0.100473389, 0, 0, 0, 0, 0, 0, 0, 1, 1, 1, 
78.6600161, 0.1, 0.1, 0.0966668619, 0.182713443, -0.0199654033, 0.841197908, 1.48340103e-005, 0.540727361, 0.540727361, -3.78472551e-006, -0.841197908, -1.04318338e-005, 1, -1.12048585e-005, 0.841197899, 3.56086151e-005, 0.540727374, 0.540727375, -7.47684521e-006, -0.8411979, -2.59109574e-005, 0.999999999, -2.55440594e-005, 0.124144019, 0.0022447998, -0.136606152, 0, 0, 0, 0, 0, 0, 0, 0.175745361, 0.0485157227, -0.100473389, 0, 0, 0, 0, 0, 0, 0, 1, 1, 1, 
78.6608162, 0.1, 0.1, 0.0966668527, 0.182713429, -0.0199653058, 0.841197949, 1.64969563e-005, 0.540727298, 0.540727298, -2.73993706e-006, -0.841197949, -1.2395647e-005, 1, -1.1225184e-005, 0.84119794, -1.86653708e-005, 0.540727311, 0.540727312, 4.25415226e-006, -0.84119794, 1.34009351e-005, 1, 1.36714599e-005, 0.124950098, -0.000619384766, -0.135766846, 0, 0, 0, 0, 0, 0, 0, 0.176118701, 0.0458660645, -0.0999018066, 0, 0, 0, 0, 0, 0, 0, 1, 1, 1, 
78.6616023, 0.1, 0.1, 0.0966668382, 0.182713417, -0.0199651278, 0.841197991, -3.70018693e-005, 0.540727231, 0.540727232, 7.3278382e-006, -0.841197991, 2.71635365e-005, 0.999999999, 2.61720811e-005, 0.841197983, -2.20344669e-005, 0.540727244, 0.540727244, 4.44860896e-006, -0.841197984, 1.61298651e-005, 1, 1.56567975e-005, 0.124950098, -0.000619384766, -0.135766846, 0, 0, 0, 0, 0, 0, 0, 0.176118701, 0.0458660645, -0.0999018066, 0, 0, 0, 0, 0, 0, 0, 1, 1, 1, 
78.6623982, 0.1, 0.1, 0.0966668232, 0.182713406, -0.0199651901, 0.841198034, 3.37820961e-005, 0.540727164, 0.540727165, -7.22718616e-006, -0.841198035, -2.4509497e-005, 0.999999999, -2.43463918e-005, 0.841198025, 3.51200682e-005, 0.540727178, 0.540727179, -7.08571544e-006, -0.841198026, -2.57114931e-005, 0.999999999, -2.49508652e-005, 0.124950098, -0.000619384766, -0.135766846, 0, 0, 0, 0, 0, 0, 0, 0.176118701, 0.0458660645, -0.0999018066, 0, 0, 0, 0, 0, 0, 0, 1, 1, 1, 
78.6631956, 0.1, 0.1, 0.0966668139, 0.182713393, -0.0199652519, 0.841198083, -1.45866004e-005, 0.540727089, 0.54072709, 2.51004097e-006, -0.841198083, 1.09129731e-005, 1, 9.99881161e-006, 0.841198073, -3.37035219e-005, 0.540727104, 0.540727105, 5.90926167e-006, -0.841198073, 2.51560398e-005, 0.999999999, 2.31952674e-005, 0.124950098, -0.000619384766, -0.135766846, 0, 0, 0, 0, 0, 0, 0, 0.176793408, 0.0427916504, -0.0991970703, 0, 0, 0, 0, 0, 0, 0, 1, 1, 1, 
78.6639964, 0.1, 0.1, 0.0966667964, 0.182713382, -0.0199652092, 0.841198133, -1.76848884e-005, 0.540727012, 0.540727012, 3.27860207e-006, -0.841198133, 1.31036664e-005, 1, 1.23206508e-005, 0.841198122, 1.78316646e-005, 0.540727028, 0.540727028, -3.63550741e-006, -0.841198122, -1.30341456e-005, 1, -1.2700245e-005, 0.124950098, -0.000619384766, -0.135766846, 0, 0, 0, 0, 0, 0, 0, 0.176793408, 0.0427916504, -0.0991970703, 0, 0, 0, 0, 0, 0, 0, 1, 1, 1, 
78.6647835, 0.1, 0.1, 0.0966667844, 0.18271337, -0.0199652704, 0.84119818, 3.81765457e-005, 0.540726937, 0.540726938, -7.77549108e-006, -0.84119818, -2.79096233e-005, 0.999999999, -2.71838156e-005, 0.841198171, 2.17960058e-005, 0.540726952, 0.540726952, -4.54521646e-006, -0.841198171, -1.58770392e-005, 1, -1.56091156e-005, 0.124950098, -0.000619384766, -0.135766846, 0, 0, 0, 0, 0, 0, 0, 0.176793408, 0.0427916504, -0.0991970703, 0, 0, 0, 0, 0, 0, 0, 1, 1, 1, 
78.6655837, 0.1, 0.1, 0.0966667734, 0.182713359, -0.0199651743, 0.84119823, -3.62998677e-005, 0.54072686, 0.540726861, 7.24744839e-006, -0.84119823, 2.66164945e-005, 0.999999999, 2.57248543e-005, 0.84119822, -3.76507289e-005, 0.540726875, 0.540726875, 7.10220397e-006, -0.841198221, 2.78313736e-005, 0.999999999, 2.63331223e-005, 0.126020068, -0.00324873047, -0.134900439, 0, 0, 0, 0, 0, 0, 0, 0.176793408, 0.0427916504, -0.0991970703, 0, 0, 0, 0, 0, 0, 0, 1, 1, 1, 
78.6663892, 0.1, 0.1, 0.0966667569, 0.182713348, -0.0199650932, 0.841198283, 1.37023335e-005, 0.540726779, 0.540726779, -2.44122477e-006, -0.841198283, -1.02063438e-005, 1, -9.46277275e-006, 0.841198271, 3.30291324e-005, 0.540726795, 0.540726796, -5.9774189e-006, -0.841198272, -2.45518985e-005, 0.999999999, -2.28879314e-005, 0.126020068, -0.00324873047, -0.134900439, 0, 0, 0, 0, 0, 0, 0, 0.176793408, 0.0427916504, -0.0991970703, 0, 0, 0, 0, 0, 0, 0, 1, 1, 1, 
78.6671741, 0.1, 0.1, 0.0966667489, 0.182713336, -0.0199650643, 0.841198335, 1.74160165e-005, 0.540726697, 0.540726697, -3.28688413e-006, -0.841198335, -1.28730181e-005, 1, -1.21822265e-005, 0.841198325, -1.82602492e-005, 0.540726713, 0.540726713, 4.07522496e-006, -0.841198325, 1.31569081e-005, 1, 1.3301877e-005, 0.126020068, -0.00324873047, -0.134900439, 0, 0, 0, 0, 0, 0, 0, 0.176793408, 0.0427916504, -0.0991970703, 0, 0, 0, 0, 0, 0, 0, 1, 1, 1, 
78.6679979, 0.1, 0.1, 0.0966667353, 0.182713324, -0.0199649309, 0.84119839, -3.97354984e-005, 0.54072661, 0.54072661, 7.00574662e-006, -0.841198391, 2.96372437e-005, 0.999999999, 2.73792641e-005, 0.841198379, -2.23133579e-005, 0.540726628, 0.540726628, 3.486642e-006, -0.841198379, 1.68846404e-005, 1, 1.49983844e-005, 0.127079297, -0.0061081543, -0.133645898, 0, 0, 0, 0, 0, 0, 0, 0.176793408, 0.0427916504, -0.0991970703, 0, 0, 0, 0, 0, 0, 0, 1, 1, 1, 
78.6687858, 0.1, 0.1, 0.0966667218, 0.182713314, -0.0199648178, 0.841198445, 3.43605885e-005, 0.540726526, 0.540726526, -5.74358706e-006, -0.841198445, -2.57983638e-005, 0.999999999, -2.34111782e-005, 0.841198434, 3.52551616e-005, 0.540726542, 0.540726542, -6.1579123e-006, -0.841198435, -2.63268401e-005, 0.999999999, -2.42434278e-005, 0.127079297, -0.0061081543, -0.133645898, 0, 0, 0, 0, 0, 0, 0, 0.177341797, 0.0394008789, -0.0982517578, 0, 0, 0, 0, 0, 0, 0, 1, 1, 1, 
78.6695751, 0.1, 0.1, 0.0966667139, 0.182713302, -0.0199648481, 0.841198493, -1.65693869e-005, 0.540726452, 0.540726452, 1.81102456e-006, -0.841198493, 1.29588744e-005, 1, 1.04829369e-005, 0.841198485, -3.58291949e-005, 0.540726463, 0.540726464, 6.69817675e-006, -0.841198485, 2.6517583e-005, 0.999999999, 2.500829e-005, 0.127079297, -0.0061081543, -0.133645898, 0, 0, 0, 0, 0, 0, 0, 0.177341797, 0.0394008789, -0.0982517578, 0, 0, 0, 0, 0, 0, 0, 1, 1, 1, 
78.6703752, 0.1, 0.1, 0.0966666978, 0.182713292, -0.0199650971, 0.841198523, -1.75244149e-005, 0.540726404, 0.540726404, 4.43306081e-006, -0.841198523, 1.23444389e-005, 1, 1.32049981e-005, 0.841198519, 1.78319142e-005, 0.540726411, 0.540726411, -4.55206488e-006, -0.841198519, -1.25387581e-005, 1, -1.34713772e-005, 0.127079297, -0.0061081543, -0.133645898, 0, 0, 0, 0, 0, 0, 0, 0.177341797, 0.0394008789, -0.0982517578, 0, 0, 0, 0, 0, 0, 0, 1, 1, 1, 
78.6711625, 0.1, 0.1, 0.096666687, 0.182713281, -0.0199654037, 0.841198546, 3.77025785e-005, 0.540726367, 0.540726368, -7.49299633e-006, -0.841198547, -2.76636935e-005, 0.999999999, -2.66898759e-005, 0.841198542, 2.1052535e-005, 0.540726375, 0.540726375, -3.18649978e-006, -0.841198542, -1.59863373e-005, 1, -1.40641399e-005, 0.127079297, -0.0061081543, -0.133645898, 0, 0, 0, 0, 0, 0, 0, 0.177341797, 0.0394008789, -0.0982517578, 0, 0, 0, 0, 0, 0, 0, 1, 1, 1, 
78.6719513, 0.1, 0.1, 0.0966666765, 0.182713271, -0.0199656098, 0.841198577, -3.17538374e-005, 0.54072632, 0.54072632, 5.89700875e-006, -0.841198577, 2.3522615e-005, 0.999999999, 2.2130691e-005, 0.841198571, -3.31725168e-005, 0.540726329, 0.540726329, 5.75387677e-006, -0.841198572, 2.47934011e-005, 0.999999999, 2.27774062e-005, 0.127079297, -0.0061081543, -0.133645898, 0, 0, 0, 0, 0, 0, 0, 0.177341797, 0.0394008789, -0.0982517578, 0, 0, 0, 0, 0, 0, 0, 1, 1, 1, 
78.672756, 0.1, 0.1, 0.0966666603, 0.182713261, -0.0199658162, 0.841198613, 1.64598384e-005, 0.540726265, 0.540726265, -2.27309073e-006, -0.841198613, -1.26168734e-005, 1, -1.08123877e-005, 0.841198605, 3.66745438e-005, 0.540726277, 0.540726277, -6.17268278e-006, -0.841198605, -2.75128433e-005, 0.999999999, -2.50233417e-005, 0.127079297, -0.0061081543, -0.133645898, 0, 0, 0, 0, 0, 0, 0, 0.177341797, 0.0394008789, -0.0982517578, 0, 0, 0, 0, 0, 0, 0, 1, 1, 1, 
78.6735522, 0.1, 0.1, 0.0966666535, 0.18271325, -0.0199655491, 0.841198645, 1.59168871e-005, 0.540726214, 0.540726214, -3.56515578e-006, -0.841198645, -1.14614907e-005, 1, -1.16056823e-005, 0.841198639, -1.92384234e-005, 0.540726224, 0.540726224, 3.60517217e-006, -0.841198639, 1.42339244e-005, 1, 1.3435386e-005, 0.128111304, -0.00875996094, -0.132581274, 0, 0, 0, 0, 0, 0, 0, 0.17796499, 0.0367363281, -0.0977116699, 0, 0, 0, 0, 0, 0, 0, 1, 1, 1, 
78.6743493, 0.1, 0.1, 0.0966666412, 0.18271324, -0.0199652922, 0.841198673, -3.71861253e-005, 0.54072617, 0.540726171, 7.81678364e-006, -0.841198673, 2.70541798e-005, 0.999999999, 2.66829792e-005, 0.841198668, -2.09709635e-005, 0.540726179, 0.54072618, 4.4724667e-006, -0.841198668, 1.52223667e-005, 1, 1.5101782e-005, 0.128111304, -0.00875996094, -0.132581274, 0, 0, 0, 0, 0, 0, 0, 0.17796499, 0.0367363281, -0.0977116699, 0, 0, 0, 0, 0, 0, 0, 1, 1, 1, 
78.6751319, 0.1, 0.1, 0.0966666287, 0.18271323, -0.0199651535, 0.841198699, 3.38296363e-005, 0.54072613, 0.540726131, -7.09047459e-006, -0.841198699, -2.46234412e-005, 0.999999999, -2.42570663e-005, 0.841198694, 3.47128522e-005, 0.540726138, 0.540726138, -7.63150337e-006, -0.841198694, -2.50738526e-005, 0.999999999, -2.51897572e-005, 0.128111304, -0.00875996094, -0.132581274, 0, 0, 0, 0, 0, 0, 0, 0.17796499, 0.0367363281, -0.0977116699, 0, 0, 0, 0, 0, 0, 0, 1, 1, 1, 
78.6759349, 0.1, 0.1, 0.0966666223, 0.182713219, -0.0199649028, 0.841198726, -1.88798678e-005, 0.540726089, 0.54072609, 4.41823978e-006, -0.841198726, 1.34926632e-005, 1, 1.39254547e-005, 0.84119872, -3.7078509e-005, 0.540726097, 0.540726097, 8.37048894e-006, -0.841198721, 2.66642526e-005, 0.999999999, 2.70905621e-005, 0.128111304, -0.00875996094, -0.132581274, 0, 0, 0, 0, 0, 0, 0, 0.17863457, 0.033896875, -0.0967319336, 0, 0, 0, 0, 0, 0, 0, 1, 1, 1, 
78.6767311, 0.1, 0.1, 0.0966666077, 0.18271321, -0.019964879, 0.841198749, -1.88886096e-005, 0.540726052, 0.540726052, 4.45700637e-006, -0.84119875, 1.34790553e-005, 1, 1.39627915e-005, 0.841198745, 1.59240564e-005, 0.540726059, 0.540726059, -3.38058123e-006, -0.841198745, -1.15673279e-005, 1, -1.14542929e-005, 0.128111304, -0.00875996094, -0.132581274, 0, 0, 0, 0, 0, 0, 0, 0.17863457, 0.033896875, -0.0967319336, 0, 0, 0, 0, 0, 0, 0, 1, 1, 1, 
78.677515, 0.1, 0.1, 0.0966665982, 0.1827132, -0.019965043, 0.841198766, 3.72546014e-005, 0.540726026, 0.540726026, -7.67124905e-006, -0.841198766, -2.71904807e-005, 0.999999999, -2.65975778e-005, 0.841198764, 2.0010949e-005, 0.54072603, 0.540726031, -4.39799241e-006, -0.841198764, -1.44550766e-005, 1, -1.45200268e-005, 0.128111304, -0.00875996094, -0.132581274, 0, 0, 0, 0, 0, 0, 0, 0.17863457, 0.033896875, -0.0967319336, 0, 0, 0, 0, 0, 0, 0, 1, 1, 1, 
78.6783291, 0.1, 0.1, 0.0966665884, 0.18271319, -0.019965099, 0.841198784, -3.12701693e-005, 0.540725997, 0.540725998, 6.60345475e-006, -0.841198785, 2.27337688e-005, 0.999999999, 2.24634116e-005, 0.841198781, -3.31204759e-005, 0.540726003, 0.540726004, 6.5602574e-006, -0.841198781, 2.43136022e-005, 0.999999999, 2.34275831e-005, 0.129121582, -0.0114253174, -0.131470508, 0, 0, 0, 0, 0, 0, 0, 0.17863457, 0.033896875, -0.0967319336, 0, 0, 0, 0, 0, 0, 0, 1, 1, 1, 
78.6791129, 0.1, 0.1, 0.0966665736, 0.182713182, -0.0199653314, 0.841198807, 1.74611027e-005, 0.540725962, 0.540725962, -3.33975549e-006, -0.841198808, -1.28823662e-005, 1, -1.22510699e-005, 0.841198802, 3.6348677e-005, 0.54072597, 0.540725971, -6.62177452e-006, -0.841198802, -2.69958981e-005, 0.999999999, -2.52249025e-005, 0.129121582, -0.0114253174, -0.131470508, 0, 0, 0, 0, 0, 0, 0, 0.17863457, 0.033896875, -0.0967319336, 0, 0, 0, 0, 0, 0, 0, 1, 1, 1, 
78.6798955, 0.1, 0.1, 0.0966665672, 0.182713172, -0.0199655333, 0.841198834, 1.76657471e-005, 0.54072592, 0.54072592, -4.37311907e-006, -0.841198834, -1.2495747e-005, 1, -1.323099e-005, 0.841198829, -1.47249315e-005, 0.540725928, 0.540725928, 2.13922713e-006, -0.841198829, 1.12298595e-005, 1, 9.7616676e-006, 0.129121582, -0.0114253174, -0.131470508, 0, 0, 0, 0, 0, 0, 0, 0.17863457, 0.033896875, -0.0967319336, 0, 0, 0, 0, 0, 0, 0, 1, 1, 1, 
78.6807224, 0.1, 0.1, 0.0966665547, 0.182713162, -0.0199654187, 0.841198858, -3.45470943e-005, 0.540725882, 0.540725883, 7.11239921e-006, -0.841198858, 2.52151179e-005, 0.999999999, 2.46634502e-005, 0.841198854, -1.79279374e-005, 0.54072589, 0.54072589, 3.72377241e-006, -0.841198854, 1.30674203e-005, 1, 1.2826533e-005, 0.130173242, -0.0145182373, -0.130219873, 0, 0, 0, 0, 0, 0, 0, 0.179425732, 0.0305212402, -0.0959961914, 0, 0, 0, 0, 0, 0, 0, 1, 1, 1, 
78.6815086, 0.1, 0.1, 0.0966665428, 0.182713154, -0.0199652366, 0.841198883, 3.40632322e-005, 0.540725843, 0.540725844, -6.4095705e-006, -0.841198884, -2.51881325e-005, 0.999999999, -2.38105935e-005, 0.841198878, 3.54412555e-005, 0.540725851, 0.540725852, -6.37349675e-006, -0.841198878, -2.63668299e-005, 0.999999999, -2.45253814e-005, 0.130173242, -0.0145182373, -0.130219873, 0, 0, 0, 0, 0, 0, 0, 0.179425732, 0.0305212402, -0.0959961914, 0, 0, 0, 0, 0, 0, 0, 1, 1, 1, 
78.6823052, 0.1, 0.1, 0.096666537, 0.182713144, -0.0199651199, 0.841198914, -1.63662419e-005, 0.540725796, 0.540725796, 2.44120452e-006, -0.841198914, 1.24472427e-005, 1, 1.09031878e-005, 0.841198908, -3.52094994e-005, 0.540725805, 0.540725805, 6.08212117e-006, -0.841198908, 2.63294326e-005, 0.999999999, 2.41549586e-005, 0.130173242, -0.0145182373, -0.130219873, 0, 0, 0, 0, 0, 0, 0, 0.179425732, 0.0305212402, -0.0959961914, 0, 0, 0, 0, 0, 0, 0, 1, 1, 1, 
78.6830916, 0.1, 0.1, 0.0966665236, 0.182713136, -0.0199651881, 0.841198941, -1.99517939e-005, 0.540725755, 0.540725755, 4.65399343e-006, -0.841198941, 1.42668938e-005, 1, 1.47033831e-005, 0.841198935, 1.48602654e-005, 0.540725763, 0.540725763, -2.56513142e-006, -0.841198935, -1.11134068e-005, 1, -1.01931141e-005, 0.130173242, -0.0145182373, -0.130219873, 0, 0, 0, 0, 0, 0, 0, 0.179425732, 0.0305212402, -0.0959961914, 0, 0, 0, 0, 0, 0, 0, 1, 1, 1, 
78.6838732, 0.1, 0.1, 0.0966665158, 0.182713126, -0.0199652586, 0.841198963, 3.34917835e-005, 0.54072572, 0.54072572, -7.06501541e-006, -0.841198963, -2.4353018e-005, 0.999999999, -2.40529524e-005, 0.841198959, 1.8066829e-005, 0.540725726, 0.540725727, -3.6467045e-006, -0.841198959, -1.32259308e-005, 1, -1.28368032e-005, 0.130173242, -0.0145182373, -0.130219873, 0, 0, 0, 0, 0, 0, 0, 0.179425732, 0.0305212402, -0.0959961914, 0, 0, 0, 0, 0, 0, 0, 1, 1, 1, 
78.6846788, 0.1, 0.1, 0.0966665083, 0.182713117, -0.0199654226, 0.841198988, -3.62738835e-005, 0.540725681, 0.540725681, 8.00886887e-006, -0.841198988, 2.6182953e-005, 0.999999999, 2.63512728e-005, 0.841198983, -3.80804092e-005, 0.540725688, 0.540725689, 8.51365079e-006, -0.841198983, 2.74296518e-005, 0.999999999, 2.77527299e-005, 0.130173242, -0.0145182373, -0.130219873, 0, 0, 0, 0, 0, 0, 0, 0.179425732, 0.0305212402, -0.0959961914, 0, 0, 0, 0, 0, 0, 0, 1, 1, 1, 
78.6854937, 0.1, 0.1, 0.0966664939, 0.182713109, -0.0199651559, 0.841199004, 1.85019678e-005, 0.540725656, 0.540725656, -3.30691345e-006, -0.841199004, -1.37757039e-005, 1, -1.2786261e-005, 0.841199002, 3.70759735e-005, 0.540725659, 0.540725659, -8.45096119e-006, -0.841199002, -2.66186204e-005, 0.999999999, -2.71568703e-005, 0.130960278, -0.0169658447, -0.128935303, 0, 0, 0, 0, 0, 0, 0, 0.180109961, 0.0279267578, -0.0952294434, 0, 0, 0, 0, 0, 0, 0, 1, 1, 1, 
78.6862951, 0.1, 0.1, 0.0966664878, 0.1827131, -0.0199649039, 0.84119901, 2.21590623e-005, 0.540725647, 0.540725648, -4.35336818e-006, -0.84119901, -1.62862034e-005, 1, -1.56440223e-005, 0.84119901, -1.33843057e-005, 0.540725648, 0.540725648, 4.15836117e-006, -0.84119901, 9.01033214e-006, 1, 1.07352466e-005, 0.130960278, -0.0169658447, -0.128935303, 0, 0, 0, 0, 0, 0, 0, 0.180109961, 0.0279267578, -0.0952294434, 0, 0, 0, 0, 0, 0, 0, 1, 1, 1, 
78.6870771, 0.1, 0.1, 0.0966664769, 0.182713092, -0.0199649182, 0.841199016, -3.47086918e-005, 0.540725637, 0.540725638, 7.62753155e-006, -0.841199016, 2.50725156e-005, 0.999999999, 2.51841516e-005, 0.841199014, -1.79985764e-005, 0.54072564, 0.54072564, 3.38871365e-006, -0.841199015, 1.33080203e-005, 1, 1.25828743e-005, 0.130960278, -0.0169658447, -0.128935303, 0, 0, 0, 0, 0, 0, 0, 0.180109961, 0.0279267578, -0.0952294434, 0, 0, 0, 0, 0, 0, 0, 1, 1, 1, 
78.6878659, 0.1, 0.1, 0.0966664658, 0.182713084, -0.0199650231, 0.84119902, 3.52349927e-005, 0.540725631, 0.540725631, -7.33404967e-006, -0.84119902, -2.56739327e-005, 0.999999999, -2.52218591e-005, 0.84119902, 3.65737793e-005, 0.540725631, 0.540725632, -8.26727146e-006, -0.84119902, -2.62955017e-005, 0.999999999, -2.67308006e-005, 0.130960278, -0.0169658447, -0.128935303, 0, 0, 0, 0, 0, 0, 0, 0.180109961, 0.0279267578, -0.0952294434, 0, 0, 0, 0, 0, 0, 0, 1, 1, 1, 
78.6886622, 0.1, 0.1, 0.0966664607, 0.182713075, -0.0199653003, 0.841199021, -1.62778515e-005, 0.540725631, 0.540725631, 3.23057154e-006, -0.841199021, 1.19460599e-005, 1, 1.15194052e-005, 0.841199021, -3.49114215e-005, 0.54072563, 0.54072563, 7.65548155e-006, -0.841199021, 2.52279385e-005, 0.999999999, 2.53172839e-005, 0.130960278, -0.0169658447, -0.128935303, 0, 0, 0, 0, 0, 0, 0, 0.180109961, 0.0279267578, -0.0952294434, 0, 0, 0, 0, 0, 0, 0, 1, 1, 1, 
78.6894444, 0.1, 0.1, 0.096666448, 0.182713067, -0.0199656167, 0.841199016, -1.83907181e-005, 0.540725637, 0.540725637, 4.46644793e-006, -0.841199016, 1.30551311e-005, 1, 1.37015044e-005, 0.841199017, 1.56784286e-005, 0.540725636, 0.540725636, -2.85767243e-006, -0.841199017, -1.1643462e-005, 1, -1.08815995e-005, 0.130960278, -0.0169658447, -0.128935303, 0, 0, 0, 0, 0, 0, 0, 0.180109961, 0.0279267578, -0.0952294434, 0, 0, 0, 0, 0, 0, 0, 1, 1, 1, 
78.6902758, 0.1, 0.1, 0.0966664403, 0.182713059, -0.019965495, 0.841199005, 3.58473027e-005, 0.540725654, 0.540725655, -8.68436176e-006, -0.841199005, -2.54588582e-005, 0.999999999, -2.66888327e-005, 0.841199008, 1.89041451e-005, 0.54072565, 0.54072565, -5.26596862e-006, -0.841199008, -1.30547038e-005, 1, -1.46516837e-005, 0.131957617, -0.0196441406, -0.128046313, 0, 0, 0, 0, 0, 0, 0, 0.180585596, 0.025395752, -0.0946163574, 0, 0, 0, 0, 0, 0, 0, 1, 1, 1, 
78.691062, 0.1, 0.1, 0.0966664335, 0.18271305, -0.0199652965, 0.841198986, -3.46499629e-005, 0.540725684, 0.540725684, 1.00970544e-005, -0.841198986, 2.3687777e-005, 0.999999999, 2.72297568e-005, 0.84119899, -3.60337124e-005, 0.540725677, 0.540725678, 1.04265704e-005, -0.84119899, 2.46736081e-005, 0.999999999, 2.8255174e-005, 0.131957617, -0.0196441406, -0.128046313, 0, 0, 0, 0, 0, 0, 0, 0.180585596, 0.025395752, -0.0946163574, 0, 0, 0, 0, 0, 0, 0, 1, 1, 1, 
78.6918512, 0.1, 0.1, 0.0966664207, 0.182713043, -0.0199650721, 0.841198968, 1.60847662e-005, 0.540725712, 0.540725712, -5.73259604e-006, -0.841198968, -1.04307267e-005, 1, -1.35197006e-005, 0.841198969, 3.48397328e-005, 0.540725709, 0.54072571, -8.8976198e-006, -0.84119897, -2.44959756e-005, 0.999999999, -2.63234079e-005, 0.131957617, -0.0196441406, -0.128046313, 0, 0, 0, 0, 0, 0, 0, 0.180585596, 0.025395752, -0.0946163574, 0, 0, 0, 0, 0, 0, 0, 1, 1, 1, 
78.692682, 0.1, 0.1, 0.0966664163, 0.182713034, -0.0199646536, 0.841198964, 1.85075231e-005, 0.540725718, 0.540725718, -4.71688362e-006, -0.841198964, -1.3017969e-005, 1, -1.39753314e-005, 0.841198964, -1.75131284e-005, 0.540725719, 0.540725719, 1.98160669e-006, -0.841198964, 1.36605198e-005, 1, 1.11367244e-005, 0.132543872, -0.0227460937, -0.126919702, 0, 0, 0, 0, 0, 0, 0, 0.181244336, 0.0221185059, -0.0936773926, 0, 0, 0, 0, 0, 0, 0, 1, 1, 1, 
78.6934608, 0.1, 0.1, 0.0966664066, 0.182713027, -0.0199644822, 0.841198959, -3.65915623e-005, 0.540725726, 0.540725726, 9.0803872e-006, -0.841198959, 2.58707851e-005, 0.999999999, 2.74244113e-005, 0.841198961, -1.979485e-005, 0.540725724, 0.540725724, 5.79911802e-006, -0.841198961, 1.35156749e-005, 1, 1.55817966e-005, 0.132543872, -0.0227460937, -0.126919702, 0, 0, 0, 0, 0, 0, 0, 0.181244336, 0.0221185059, -0.0936773926, 0, 0, 0, 0, 0, 0, 0, 1, 1, 1, 
78.6942509, 0.1, 0.1, 0.0966663965, 0.18271302, -0.0199646197, 0.841198943, 3.49850213e-005, 0.540725751, 0.540725751, -1.05649521e-005, -0.841198943, -2.37166213e-005, 0.999999999, -2.78045285e-005, 0.841198946, 3.63096932e-005, 0.540725746, 0.540725747, -1.07953035e-005, -0.841198946, -2.47063772e-005, 0.999999999, -2.87145839e-005, 0.132543872, -0.0227460937, -0.126919702, 0, 0, 0, 0, 0, 0, 0, 0.181244336, 0.0221185059, -0.0936773926, 0, 0, 0, 0, 0, 0, 0, 1, 1, 1, 
78.695044, 0.1, 0.1, 0.0966663921, 0.182713012, -0.0199650881, 0.841198929, -1.51031847e-005, 0.540725773, 0.540725773, 4.92720675e-006, -0.841198929, 1.00405151e-005, 1, 1.23114422e-005, 0.84119893, -3.3981079e-005, 0.540725771, 0.540725771, 8.13749118e-006, -0.84119893, 2.41846961e-005, 0.999999999, 2.5219694e-005, 0.132543872, -0.0227460937, -0.126919702, 0, 0, 0, 0, 0, 0, 0, 0.181244336, 0.0221185059, -0.0936773926, 0, 0, 0, 0, 0, 0, 0, 1, 1, 1, 
78.6958285, 0.1, 0.1, 0.0966663796, 0.182713005, -0.0199655878, 0.841198929, -1.61246837e-005, 0.540725773, 0.540725774, 3.778317e-006, -0.841198929, 1.15210333e-005, 1, 1.18973483e-005, 0.841198927, 1.82109619e-005, 0.540725775, 0.540725776, -2.61238895e-006, -0.841198928, -1.39064556e-005, 1, -1.20446753e-005, 0.132543872, -0.0227460937, -0.126919702, 0, 0, 0, 0, 0, 0, 0, 0.181244336, 0.0221185059, -0.0936773926, 0, 0, 0, 0, 0, 0, 0, 1, 1, 1, 
78.6966308, 0.1, 0.1, 0.0966663726, 0.182712997, -0.0199659941, 0.841198925, 3.48051983e-005, 0.540725778, 0.540725779, -9.13087486e-006, -0.841198925, -2.4340796e-005, 0.999999999, -2.65009501e-005, 0.841198926, 1.88968462e-005, 0.540725777, 0.540725777, -6.02221918e-006, -0.841198927, -1.26396376e-005, 1, -1.52838962e-005, 0.132543872, -0.0227460937, -0.126919702, 0, 0, 0, 0, 0, 0, 0, 0.181244336, 0.0221185059, -0.0936773926, 0, 0, 0, 0, 0, 0, 0, 1, 1, 1, 
78.6974472, 0.1, 0.1, 0.0966663663, 0.182712989, -0.0199660593, 0.841198912, -3.41899496e-005, 0.540725799, 0.540725799, 9.78017461e-006, -0.841198912, 2.34721557e-005, 0.999999999, 2.67144601e-005, 0.841198915, -3.54831337e-005, 0.540725794, 0.540725795, 9.97485665e-006, -0.841198915, 2.44547113e-005, 0.999999999, 2.75774843e-005, 0.13348042, -0.0254381836, -0.125505518, 0, 0, 0, 0, 0, 0, 0, 0.181244336, 0.0221185059, -0.0936773926, 0, 0, 0, 0, 0, 0, 0, 1, 1, 1, 
78.6982343, 0.1, 0.1, 0.0966663546, 0.182712983, -0.0199655747, 0.841198901, 1.45629201e-005, 0.540725817, 0.540725817, -5.07396029e-006, -0.841198901, -9.5066911e-006, 1, -1.21427567e-005, 0.841198901, 3.23415161e-005, 0.540725816, 0.540725816, -8.16605798e-006, -0.841198901, -2.27900494e-005, 0.999999999, -2.43571717e-005, 0.13348042, -0.0254381836, -0.125505518, 0, 0, 0, 0, 0, 0, 0, 0.182022803, 0.0195975098, -0.0929455566, 0, 0, 0, 0, 0, 0, 0, 1, 1, 1, 
78.6990305, 0.1, 0.1, 0.0966663508, 0.182712975, -0.0199651228, 0.841198902, 1.84431214e-005, 0.540725814, 0.540725814, -4.18488466e-006, -0.841198903, -1.32514583e-005, 1, -1.34929922e-005, 0.841198901, -1.68055129e-005, 0.540725817, 0.540725817, 2.35114489e-006, -0.841198901, 1.28654543e-005, 1, 1.10649552e-005, 0.13348042, -0.0254381836, -0.125505518, 0, 0, 0, 0, 0, 0, 0, 0.182022803, 0.0195975098, -0.0929455566, 0, 0, 0, 0, 0, 0, 0, 1, 1, 1, 
78.6998209, 0.1, 0.1, 0.0966663415, 0.182712968, -0.0199647399, 0.841198902, -3.49036354e-005, 0.540725815, 0.540725815, 9.31180724e-006, -0.841198902, 2.43257652e-005, 0.999999999, 2.67063787e-005, 0.841198903, -1.78606934e-005, 0.540725814, 0.540725814, 5.96115303e-006, -0.841198903, 1.18010464e-005, 1, 1.46722534e-005, 0.13348042, -0.0254381836, -0.125505518, 0, 0, 0, 0, 0, 0, 0, 0.182022803, 0.0195975098, -0.0929455566, 0, 0, 0, 0, 0, 0, 0, 1, 1, 1, 
78.7006181, 0.1, 0.1, 0.0966663318, 0.182712962, -0.0199646083, 0.84119889, 3.50848713e-005, 0.540725834, 0.540725834, -9.92118379e-006, -0.84119889, -2.41487144e-005, 0.999999999, -2.73169851e-005, 0.841198892, 3.67218916e-005, 0.54072583, 0.54072583, -1.02119794e-005, -0.841198892, -2.53685335e-005, 0.999999999, -2.84467811e-005, 0.13348042, -0.0254381836, -0.125505518, 0, 0, 0, 0, 0, 0, 0, 0.182022803, 0.0195975098, -0.0929455566, 0, 0, 0, 0, 0, 0, 0, 1, 1, 1, 
78.7014058, 0.1, 0.1, 0.0966663277, 0.182712954, -0.0199648191, 0.84119888, -1.31451096e-005, 0.540725849, 0.540725849, 4.84803908e-006, -0.84119888, 8.43619144e-006, 1, 1.11860656e-005, 0.84119888, -3.24017244e-005, 0.540725848, 0.540725848, 8.20025699e-006, -0.841198881, 2.28222034e-005, 0.999999999, 2.44184969e-005, 0.13348042, -0.0254381836, -0.125505518, 0, 0, 0, 0, 0, 0, 0, 0.182022803, 0.0195975098, -0.0929455566, 0, 0, 0, 0, 0, 0, 0, 1, 1, 1, 
