time, realDorsalTactorPos, realVentralTactorPos, boxPosX, boxPosY, boxPosZ, boxLocalRot_11, boxLocalRot_12, boxLocalRot_13, boxLocalRot_21, boxLocalRot_22, boxLocalRot_23, boxLocalRot_31, boxLocalRot_32, boxLocalRot_33, boxGlobalRot_11, boxGlobalRot_12, boxGlobalRot_13], boxGlobalRot_21, boxGlobalRot_22, boxGlobalRot_23, boxGlobalRot_31, boxGlobalRot_32, boxGlobalRot_33, indexPosX, indexPosY, indexPosZ, indexContact, indexForceX, indexForceY, indexForceZ, indexForceGlobalX, indexForceGlobalY, indexForceGlobalZ, thumbPosX, thumbPosY, thumbPosZ, thumbContact, thumbForceX, thumbForceY, thumbForceZ, thumbForceGlobalX, thumbForceGlobalY, thumbForceGlobalZ, hoopSuccess, targetSuccess, trialSuccess, 
159.123481, 0.1, 0.1, 0.0966875791, 0.183377466, -0.0199715334, 0.801461988, -2.07124041e-005, 0.598045719, 0.598045717, -5.13854446e-005, -0.801461988, 4.73310497e-005, 0.999999998, -2.8796516e-005, 0.801462138, -2.50754542e-005, 0.598045517, 0.598045515, -6.08947122e-005, -0.801462138, 5.65148368e-005, 0.999999998, -3.38085433e-005, 0.0822485596, 0.0624487793, -0.128646558, 0, 0, 0, 0, 0, 0, 0, 0.167730908, 0.115952588, -0.0994725586, 0, 0, 0, 0, 0, 0, 0, 1, 1, 1, 
159.152563, 0.1, 0.1, 0.096686574, 0.183378905, -0.0199724014, 0.801443188, 3.71417592e-005, 0.598070911, 0.598070912, -6.96071011e-006, -0.801443189, -2.56040117e-005, 0.999999999, -2.77920195e-005, 0.801443062, 4.82697167e-005, 0.598071079, 0.59807108, -2.85569103e-006, -0.801443063, -3.69775234e-005, 0.999999999, -3.11573953e-005, 0.087100415, 0.0413913574, -0.133816919, 0, 0, 0, 0, 0, 0, 0, 0.172287451, 0.0936269043, -0.107060449, 0, 0, 0, 0, 0, 0, 0, 1, 1, 1, 
159.153269, 0.1, 0.1, 0.0966865612, 0.183378935, -0.0199719055, 0.80144379, -4.26686005e-005, 0.598070105, 0.598070105, -1.37415226e-005, -0.801443791, 4.24148788e-005, 0.999999999, 1.45057564e-005, 0.801443676, -4.86591562e-005, 0.598070256, 0.598070257, -1.07701279e-005, -0.801443677, 4.54388663e-005, 0.999999999, 2.04699431e-005, 0.087100415, 0.0413913574, -0.133816919, 0, 0, 0, 0, 0, 0, 0, 0.172287451, 0.0936269043, -0.107060449, 0, 0, 0, 0, 0, 0, 0, 1, 1, 1, 
159.15397, 0.1, 0.1, 0.0966865413, 0.183378961, -0.0199706715, 0.801444163, 2.87552501e-005, 0.598069605, 0.598069604, 4.1331395e-005, -0.801444163, -4.77647784e-005, 0.999999999, 1.59271642e-005, 0.801444112, 2.44223361e-005, 0.598069674, 0.598069674, 3.36757142e-005, -0.801444112, -3.97135609e-005, 0.999999999, 1.23829442e-005, 0.087100415, 0.0413913574, -0.133816919, 0, 0, 0, 0, 0, 0, 0, 0.172287451, 0.0936269043, -0.107060449, 0, 0, 0, 0, 0, 0, 0, 1, 1, 1, 
159.154696, 0.1, 0.1, 0.096686522, 0.183378989, -0.0199689836, 0.801444526, -4.05076802e-005, 0.598069118, 0.598069118, -1.54505531e-005, -0.801444527, 4.17051572e-005, 0.999999999, 1.18436314e-005, 0.801444419, -1.4283543e-005, 0.598069263, 0.598069263, -1.55318557e-005, -0.801444419, 2.07365913e-005, 1, -3.90537101e-006, 0.087100415, 0.0413913574, -0.133816919, 0, 0, 0, 0, 0, 0, 0, 0.172287451, 0.0936269043, -0.107060449, 0, 0, 0, 0, 0, 0, 0, 1, 1, 1, 
159.155408, 0.1, 0.1, 0.0966865079, 0.183379019, -0.0199673445, 0.80144493, 2.14338261e-005, 0.598068578, 0.598068578, 1.35311653e-005, -0.80144493, -2.52705961e-005, 1, -1.97441408e-006, 0.801444878, -1.38629742e-006, 0.598068648, 0.598068648, -1.14798166e-005, -0.801444878, 7.97675936e-006, 1, -8.37133919e-006, 0.0877009277, 0.0386348145, -0.134115112, 0, 0, 0, 0, 0, 0, 0, 0.172287451, 0.0936269043, -0.107060449, 0, 0, 0, 0, 0, 0, 0, 1, 1, 1, 
159.156111, 0.1, 0.1, 0.0966864846, 0.18337904, -0.0199663991, 0.80144509, 1.34632822e-005, 0.598068364, 0.598068364, 4.69231626e-006, -0.80144509, -1.35964074e-005, 1, -4.29132935e-006, 0.801445045, 3.08782645e-005, 0.598068424, 0.598068423, 2.27402606e-005, -0.801445045, -3.83474639e-005, 0.999999999, -2.42245789e-007, 0.0877009277, 0.0386348145, -0.134115112, 0, 0, 0, 0, 0, 0, 0, 0.172287451, 0.0936269043, -0.107060449, 0, 0, 0, 0, 0, 0, 0, 1, 1, 1, 
159.156818, 0.1, 0.1, 0.0966864737, 0.183379072, -0.0199663786, 0.801445348, -2.37750777e-005, 0.598068018, 0.598068017, -3.29805311e-005, -0.801445348, 3.87790263e-005, 0.999999999, -1.22129796e-005, 0.801445299, -4.26184339e-005, 0.598068083, 0.598068082, -2.98965624e-005, -0.8014453, 5.20365233e-005, 0.999999999, 1.52826563e-006, 0.0877009277, 0.0386348145, -0.134115112, 0, 0, 0, 0, 0, 0, 0, 0.172287451, 0.0936269043, -0.107060449, 0, 0, 0, 0, 0, 0, 0, 1, 1, 1, 
159.157552, 0.1, 0.1, 0.096686451, 0.183379095, -0.0199670274, 0.801445364, 3.06021858e-005, 0.598067995, 0.598067994, 4.39769739e-005, -0.801445365, -5.08272006e-005, 0.999999999, 1.6942954e-005, 0.801445374, 3.08851806e-005, 0.598067982, 0.598067981, 4.83176679e-005, -0.801445374, -5.36500353e-005, 0.999999998, 2.02525338e-005, 0.088345874, 0.0359407715, -0.134540234, 0, 0, 0, 0, 0, 0, 0, 0.172742578, 0.0910202148, -0.107821875, 0, 0, 0, 0, 0, 0, 0, 1, 1, 1, 
159.158259, 0.1, 0.1, 0.0966864336, 0.183379126, -0.0199681713, 0.801445425, -2.98588398e-005, 0.598067915, 0.598067913, -4.77429366e-005, -0.801445425, 5.24837491e-005, 0.999999998, -2.04057441e-005, 0.801445386, -1.59070877e-005, 0.598067967, 0.598067966, -4.9445694e-005, -0.801445385, 4.23205477e-005, 0.999999999, -3.01145037e-005, 0.088345874, 0.0359407715, -0.134540234, 0, 0, 0, 0, 0, 0, 0, 0.172742578, 0.0910202148, -0.107821875, 0, 0, 0, 0, 0, 0, 0, 1, 1, 1, 
159.158962, 0.1, 0.1, 0.0966864224, 0.183379149, -0.0199695467, 0.801445814, 6.05364485e-007, 0.598067394, 0.598067393, 5.36474975e-005, -0.801445813, -3.25699858e-005, 0.999999999, 4.26335135e-005, 0.801445706, -1.81040333e-005, 0.598067538, 0.598067538, 4.61397495e-005, -0.801445705, -1.30852866e-005, 0.999999999, 4.78059387e-005, 0.088345874, 0.0359407715, -0.134540234, 0, 0, 0, 0, 0, 0, 0, 0.172742578, 0.0910202148, -0.107821875, 0, 0, 0, 0, 0, 0, 0, 1, 1, 1, 
159.159676, 0.1, 0.1, 0.0966863992, 0.183379176, -0.0199707142, 0.801446556, 2.13460735e-005, 0.598066399, 0.598066399, -5.83801194e-005, -0.801446554, 1.78074508e-005, 0.999999998, -5.95549149e-005, 0.801446378, 3.79437436e-005, 0.598066637, 0.598066638, -3.44690389e-005, -0.801446377, -9.79509369e-006, 0.999999999, -5.03179735e-005, 0.088345874, 0.0359407715, -0.134540234, 0, 0, 0, 0, 0, 0, 0, 0.172742578, 0.0910202148, -0.107821875, 0, 0, 0, 0, 0, 0, 0, 1, 1, 1, 
159.160383, 0.1, 0.1, 0.0966863851, 0.183379209, -0.0199713592, 0.801447565, -2.18242844e-005, 0.598065046, 0.598065047, 1.08901212e-005, -0.801447565, 1.09780187e-005, 1, 2.17802028e-005, 0.801447338, -2.67497305e-005, 0.598065351, 0.598065351, -1.66513637e-005, -0.801447338, 3.1397104e-005, 1, 2.65289588e-006, 0.088345874, 0.0359407715, -0.134540234, 0, 0, 0, 0, 0, 0, 0, 0.172742578, 0.0910202148, -0.107821875, 0, 0, 0, 0, 0, 0, 0, 1, 1, 1, 
159.161085, 0.1, 0.1, 0.0966863648, 0.183379228, -0.0199713318, 0.801448799, 3.70040757e-005, 0.598063393, 0.598063393, -3.19066255e-006, -0.801448799, -2.77486535e-005, 0.999999999, -2.46879357e-005, 0.801448549, 3.13854212e-005, 0.598063727, 0.598063727, 2.48939301e-005, -0.80144855, -4.00419569e-005, 0.999999999, 1.18072218e-006, 0.088345874, 0.0359407715, -0.134540234, 0, 0, 0, 0, 0, 0, 0, 0.172742578, 0.0910202148, -0.107821875, 0, 0, 0, 0, 0, 0, 0, 1, 1, 1, 
159.161794, 0.1, 0.1, 0.0966863495, 0.183379263, -0.0199706853, 0.801450241, -3.44469276e-005, 0.598061459, 0.598061458, -3.41500641e-005, -0.801450242, 4.80313356e-005, 0.999999999, -6.76819738e-006, 0.801449944, -2.35817162e-005, 0.598061859, 0.598061857, -5.3181289e-005, -0.801449944, 5.07052657e-005, 0.999999998, -2.85188162e-005, 0.088345874, 0.0359407715, -0.134540234, 0, 0, 0, 0, 0, 0, 0, 0.172742578, 0.0910202148, -0.107821875, 0, 0, 0, 0, 0, 0, 0, 1, 1, 1, 
159.162534, 0.1, 0.1, 0.0966863358, 0.18337928, -0.0199692411, 0.80145197, 1.76108135e-005, 0.598059144, 0.598059142, 6.14500651e-005, -0.801451969, -5.08649945e-005, 0.999999998, 3.87169677e-005, 0.801451623, 1.98531943e-006, 0.598059609, 0.598059608, 6.68185777e-005, -0.801451621, -4.155263e-005, 0.999999998, 5.23645182e-005, 0.089005835, 0.0330179932, -0.135041284, 0, 0, 0, 0, 0, 0, 0, 0.173224072, 0.0884137695, -0.108366406, 0, 0, 0, 0, 0, 0, 0, 1, 1, 1, 
159.163246, 0.1, 0.1, 0.0966863155, 0.183379308, -0.0199678395, 0.801453822, -6.89101107e-006, 0.598056662, 0.598056661, -5.6357671e-005, -0.801453821, 3.92279077e-005, 0.999999998, -4.10468558e-005, 0.801453428, 1.14638756e-005, 0.59805719, 0.59805719, -4.62301762e-005, -0.801453427, 1.84605269e-005, 0.999999999, -4.39073864e-005, 0.089005835, 0.0330179932, -0.135041284, 0, 0, 0, 0, 0, 0, 0, 0.173224072, 0.0884137695, -0.108366406, 0, 0, 0, 0, 0, 0, 0, 1, 1, 1, 
159.163956, 0.1, 0.1, 0.0966863056, 0.183379332, -0.0199668478, 0.801455847, -1.53390872e-005, 0.598053948, 0.598053948, 5.94214564e-005, -0.801455846, -2.32436355e-005, 0.999999998, 5.67972754e-005, 0.80145543, -3.65799401e-005, 0.598054506, 0.598054507, 3.37631874e-005, -0.80145543, 9.12496526e-006, 0.999999999, 4.89364879e-005, 0.089005835, 0.0330179932, -0.135041284, 0, 0, 0, 0, 0, 0, 0, 0.173224072, 0.0884137695, -0.108366406, 0, 0, 0, 0, 0, 0, 0, 1, 1, 1, 
159.164674, 0.1, 0.1, 0.0966862837, 0.18337935, -0.0199665507, 0.801458067, 3.83855132e-005, 0.598050972, 0.598050973, -2.59184062e-005, -0.801458067, -1.52638512e-005, 0.999999999, -4.37290093e-005, 0.801457616, 4.47119229e-005, 0.598051576, 0.598051576, 6.13716431e-006, -0.801457617, -3.9505052e-005, 0.999999999, -2.18213589e-005, 0.089005835, 0.0330179932, -0.135041284, 0, 0, 0, 0, 0, 0, 0, 0.173224072, 0.0884137695, -0.108366406, 0, 0, 0, 0, 0, 0, 0, 1, 1, 1, 
159.165382, 0.1, 0.1, 0.096686271, 0.183379383, -0.0199670517, 0.80146042, -3.96816883e-005, 0.598047819, 0.598047819, -6.95336166e-006, -0.801460421, 3.59617454e-005, 0.999999999, 1.8158703e-005, 0.801459941, -3.0590554e-005, 0.598048462, 0.598048461, -4.11066253e-005, -0.801459941, 4.91008577e-005, 0.999999999, -1.46506798e-005, 0.089005835, 0.0330179932, -0.135041284, 0, 0, 0, 0, 0, 0, 0, 0.173224072, 0.0884137695, -0.108366406, 0, 0, 0, 0, 0, 0, 0, 1, 1, 1, 
159.166086, 0.1, 0.1, 0.0966862551, 0.183379398, -0.0199681521, 0.801462891, 3.31157501e-005, 0.598044507, 0.598044506, 3.62267992e-005, -0.801462892, -4.82062831e-005, 0.999999999, 9.22974283e-006, 0.801462401, 2.10942692e-005, 0.598045165, 0.598045164, 5.51465118e-005, -0.8014624, -4.98863684e-005, 0.999999998, 3.158253e-005, 0.089005835, 0.0330179932, -0.135041284, 0, 0, 0, 0, 0, 0, 0, 0.173224072, 0.0884137695, -0.108366406, 0, 0, 0, 0, 0, 0, 0, 1, 1, 1, 
159.166811, 0.1, 0.1, 0.0966862365, 0.18337943, -0.0199694522, 0.801465528, -1.77354702e-005, 0.598040975, 0.598040973, -5.85322106e-005, -0.801465527, 4.92190282e-005, 0.999999998, -3.63050112e-005, 0.801464966, -1.10227737e-006, 0.598041728, 0.598041727, -6.32591403e-005, -0.801464964, 3.87150423e-005, 0.999999998, -5.00407769e-005, 0.089005835, 0.0330179932, -0.135041284, 0, 0, 0, 0, 0, 0, 0, 0.173224072, 0.0884137695, -0.108366406, 0, 0, 0, 0, 0, 0, 0, 1, 1, 1, 
159.167528, 0.1, 0.1, 0.0966862257, 0.183379451, -0.0199703366, 0.801468208, 2.00582756e-006, 0.598037383, 0.598037382, 5.45640034e-005, -0.801468207, -3.42389208e-005, 0.999999999, 4.25317542e-005, 0.801467678, -1.44387597e-005, 0.598038093, 0.598038093, 4.50729929e-005, -0.801467677, -1.53831675e-005, 0.999999999, 4.47594753e-005, 0.0896245361, 0.0305132568, -0.135511206, 0, 0, 0, 0, 0, 0, 0, 0.173841162, 0.0860051758, -0.10908291, 0, 0, 0, 0, 0, 0, 0, 1, 1, 1, 
159.168234, 0.1, 0.1, 0.0966862059, 0.183379473, -0.0199708171, 0.801470883, 1.19690226e-005, 0.598033798, 0.598033798, -4.74069081e-005, -0.801470882, 1.87581102e-005, 0.999999999, -4.51531365e-005, 0.80147034, 3.02944694e-005, 0.598034526, 0.598034526, -2.42033696e-005, -0.801470339, -9.80566801e-006, 0.999999999, -3.75154215e-005, 0.0896245361, 0.0305132568, -0.135511206, 0, 0, 0, 0, 0, 0, 0, 0.173841162, 0.0860051758, -0.10908291, 0, 0, 0, 0, 0, 0, 0, 1, 1, 1, 
159.168936, 0.1, 0.1, 0.096686196, 0.183379501, -0.0199708325, 0.801473584, -3.15513664e-005, 0.598030178, 0.598030178, 2.27360806e-005, -0.801473584, 1.16907244e-005, 0.999999999, 3.70910373e-005, 0.801473039, -3.73705951e-005, 0.598030907, 0.598030907, -4.58535396e-006, -0.80147304, 3.26937079e-005, 0.999999999, 1.86737333e-005, 0.0896245361, 0.0305132568, -0.135511206, 0, 0, 0, 0, 0, 0, 0, 0.173841162, 0.0860051758, -0.10908291, 0, 0, 0, 0, 0, 0, 0, 1, 1, 1, 
159.169665, 0.1, 0.1, 0.0966861774, 0.183379516, -0.0199702536, 0.80147643, 3.91031349e-005, 0.598026363, 0.598026364, -4.86530319e-007, -0.80147643, -3.1049283e-005, 0.999999999, -2.37746482e-005, 0.801475841, 3.07386499e-005, 0.598027153, 0.598027152, 3.26052562e-005, -0.801475841, -4.41351138e-005, 0.999999999, 7.7497778e-006, 0.0900502686, 0.0278308105, -0.135897021, 0, 0, 0, 0, 0, 0, 0, 0.173841162, 0.0860051758, -0.10908291, 0, 0, 0, 0, 0, 0, 0, 1, 1, 1, 
159.170371, 0.1, 0.1, 0.0966861632, 0.183379548, -0.0199692549, 0.801479227, -3.03118837e-005, 0.598022615, 0.598022614, -3.56648426e-005, -0.801479228, 4.56227276e-005, 0.999999999, -1.04574386e-005, 0.801478671, -1.87683995e-005, 0.59802336, 0.598023358, -5.51428161e-005, -0.801478671, 4.8019164e-005, 0.999999998, -3.29718497e-005, 0.0900502686, 0.0278308105, -0.135897021, 0, 0, 0, 0, 0, 0, 0, 0.174283105, 0.0836200195, -0.109572998, 0, 0, 0, 0, 0, 0, 0, 1, 1, 1, 
159.171076, 0.1, 0.1, 0.0966861511, 0.183379562, -0.0199683347, 0.801482062, 2.0628049e-005, 0.598018815, 0.598018814, 5.72617463e-005, -0.801482062, -5.0776613e-005, 0.999999998, 3.35583011e-005, 0.801481495, 5.06335166e-006, 0.598019576, 0.598019575, 6.23197389e-005, -0.801481493, -4.13266065e-005, 0.999999998, 4.69201341e-005, 0.0900502686, 0.0278308105, -0.135897021, 0, 0, 0, 0, 0, 0, 0, 0.174283105, 0.0836200195, -0.109572998, 0, 0, 0, 0, 0, 0, 0, 1, 1, 1, 
159.171778, 0.1, 0.1, 0.0966861323, 0.183379587, -0.0199677875, 0.801484931, -3.94789453e-006, 0.59801497, 0.598014969, -6.02055042e-005, -0.80148493, 3.91679708e-005, 0.999999998, -4.58929044e-005, 0.801484356, 1.41781999e-005, 0.598015742, 0.598015741, -5.04172308e-005, -0.801484354, 1.87866923e-005, 0.999999999, -4.88874084e-005, 0.0900502686, 0.0278308105, -0.135897021, 0, 0, 0, 0, 0, 0, 0, 0.174283105, 0.0836200195, -0.109572998, 0, 0, 0, 0, 0, 0, 0, 1, 1, 1, 
159.172481, 0.1, 0.1, 0.0966861239, 0.183379609, -0.0199677615, 0.80148785, -1.48761718e-005, 0.598011059, 0.598011059, 5.40427622e-005, -0.801487848, -2.03950985e-005, 0.999999998, 5.22107325e-005, 0.80148726, -3.49808076e-005, 0.598011849, 0.59801185, 2.83711805e-005, -0.801487259, 1.10703695e-005, 0.999999999, 4.36580771e-005, 0.0900502686, 0.0278308105, -0.135897021, 0, 0, 0, 0, 0, 0, 0, 0.174283105, 0.0836200195, -0.109572998, 0, 0, 0, 0, 0, 0, 0, 1, 1, 1, 
159.173183, 0.1, 0.1, 0.0966861051, 0.183379625, -0.0199682385, 0.801490797, 3.39071854e-005, 0.598007108, 0.598007109, -2.19880614e-005, -0.801490796, -1.402728e-005, 0.999999999, -3.78999667e-005, 0.801490207, 3.99210582e-005, 0.598007898, 0.598007898, 7.58251908e-006, -0.801490208, -3.65307436e-005, 0.999999999, -1.77957934e-005, 0.0900502686, 0.0278308105, -0.135897021, 0, 0, 0, 0, 0, 0, 0, 0.174283105, 0.0836200195, -0.109572998, 0, 0, 0, 0, 0, 0, 0, 1, 1, 1, 
159.173886, 0.1, 0.1, 0.0966860946, 0.183379654, -0.0199690273, 0.801493794, -3.97581844e-005, 0.598003091, 0.598003091, -4.6100429e-006, -0.801493795, 3.4622758e-005, 0.999999999, 2.00805964e-005, 0.801493205, -3.13946452e-005, 0.59800388, 0.598003879, -3.59466011e-005, -0.801493206, 4.66588018e-005, 0.999999999, -1.0036837e-005, 0.0900502686, 0.0278308105, -0.135897021, 0, 0, 0, 0, 0, 0, 0, 0.174283105, 0.0836200195, -0.109572998, 0, 0, 0, 0, 0, 0, 0, 1, 1, 1, 
159.174632, 0.1, 0.1, 0.0966860795, 0.183379666, -0.0199696348, 0.801497003, 3.29358333e-005, 0.597998791, 0.59799879, 3.53239489e-005, -0.801497003, -4.75216504e-005, 0.999999999, 8.61645074e-006, 0.801496348, 2.06441497e-005, 0.597999669, 0.597999667, 5.53477566e-005, -0.801496347, -4.96441507e-005, 0.999999998, 3.20158301e-005, 0.0909172363, 0.0251306641, -0.136348633, 0, 0, 0, 0, 0, 0, 0, 0.174283105, 0.0836200195, -0.109572998, 0, 0, 0, 0, 0, 0, 0, 1, 1, 1, 
159.175347, 0.1, 0.1, 0.0966860632, 0.183379695, -0.0199697753, 0.801500081, -1.79129385e-005, 0.597994665, 0.597994664, -5.36338941e-005, -0.801500081, 4.64300042e-005, 0.999999998, -3.22757288e-005, 0.801499437, -1.7794687e-006, 0.597995529, 0.597995528, -5.86776667e-005, -0.801499435, 3.65152255e-005, 0.999999998, -4.59660025e-005, 0.0909172363, 0.0251306641, -0.136348633, 0, 0, 0, 0, 0, 0, 0, 0.174708203, 0.081018457, -0.110252637, 0, 0, 0, 0, 0, 0, 0, 1, 1, 1, 
159.176053, 0.1, 0.1, 0.0966860541, 0.183379712, -0.0199696548, 0.801503132, 3.25818185e-006, 0.597990576, 0.597990575, 5.77652077e-005, -0.801503131, -3.71544928e-005, 0.999999998, 4.43506329e-005, 0.801502523, -1.35739549e-005, 0.597991392, 0.597991392, 4.84127185e-005, -0.801502522, -1.80708298e-005, 0.999999999, 4.69200242e-005, 0.0909172363, 0.0251306641, -0.136348633, 0, 0, 0, 0, 0, 0, 0, 0.174708203, 0.081018457, -0.110252637, 0, 0, 0, 0, 0, 0, 0, 1, 1, 1, 
159.176757, 0.1, 0.1, 0.0966860359, 0.183379731, -0.0199694454, 0.801506176, 1.20714429e-005, 0.597986497, 0.597986497, -5.00634502e-005, -0.801506174, 2.02619312e-005, 0.999999999, -4.73447244e-005, 0.801505563, 3.14871199e-005, 0.597987317, 0.597987318, -2.57440885e-005, -0.801505563, -9.84246334e-006, 0.999999999, -3.94629285e-005, 0.0909172363, 0.0251306641, -0.136348633, 0, 0, 0, 0, 0, 0, 0, 0.174708203, 0.081018457, -0.110252637, 0, 0, 0, 0, 0, 0, 0, 1, 1, 1, 
159.177461, 0.1, 0.1, 0.0966860281, 0.183379757, -0.0199692375, 0.801509217, -3.43464366e-005, 0.59798242, 0.597982421, 2.45301208e-005, -0.801509216, 1.28604045e-005, 0.999999999, 4.01996832e-005, 0.801508609, -4.03655389e-005, 0.597983234, 0.597983234, -4.09663934e-006, -0.80150861, 3.48030486e-005, 0.999999999, 2.08544238e-005, 0.0909172363, 0.0251306641, -0.136348633, 0, 0, 0, 0, 0, 0, 0, 0.174708203, 0.081018457, -0.110252637, 0, 0, 0, 0, 0, 0, 0, 1, 1, 1, 
159.178162, 0.1, 0.1, 0.0966860123, 0.183379768, -0.019969105, 0.801512265, 3.77830172e-005, 0.597978333, 0.597978334, 3.56383515e-006, -0.801512266, -3.24146479e-005, 0.999999999, -1.97369681e-005, 0.801511659, 2.94416936e-005, 0.597979147, 0.597979146, 3.56021944e-005, -0.801511659, -4.48872305e-005, 0.999999999, 1.0930055e-005, 0.0909172363, 0.0251306641, -0.136348633, 0, 0, 0, 0, 0, 0, 0, 0.174708203, 0.081018457, -0.110252637, 0, 0, 0, 0, 0, 0, 0, 1, 1, 1, 
159.178862, 0.1, 0.1, 0.0966860001, 0.183379797, -0.0199690798, 0.801515324, -3.11700218e-005, 0.597974234, 0.597974233, -3.63754104e-005, -0.801515325, 4.67348083e-005, 0.999999999, -1.0516579e-005, 0.801514721, -1.97231039e-005, 0.597975043, 0.597975041, -5.49979073e-005, -0.80151472, 4.86957341e-005, 0.999999998, -3.22877084e-005, 0.0909172363, 0.0251306641, -0.136348633, 0, 0, 0, 0, 0, 0, 0, 0.174708203, 0.081018457, -0.110252637, 0, 0, 0, 0, 0, 0, 0, 1, 1, 1, 
159.179595, 0.1, 0.1, 0.096685989, 0.183379809, -0.0199689912, 0.80151854, 2.24538981e-005, 0.597969924, 0.597969922, 5.66285874e-005, -0.801518539, -5.18594077e-005, 0.999999998, 3.19621069e-005, 0.801517867, 5.76333194e-006, 0.597970827, 0.597970825, 6.21575375e-005, -0.801517865, -4.17878076e-005, 0.999999998, 4.63740725e-005, 0.0915250732, 0.022403418, -0.136784009, 0, 0, 0, 0, 0, 0, 0, 0.174708203, 0.081018457, -0.110252637, 0, 0, 0, 0, 0, 0, 0, 1, 1, 1, 
159.180299, 0.1, 0.1, 0.0966859716, 0.183379832, -0.0199688263, 0.801521632, -1.59853717e-006, 0.59796578, 0.597965779, -5.86416646e-005, -0.801521631, 3.63469708e-005, 0.999999998, -4.60466922e-005, 0.801521008, 1.62049552e-005, 0.597966615, 0.597966615, -4.87394627e-005, -0.801521007, 1.61559595e-005, 0.999999999, -4.87557255e-005, 0.0915250732, 0.022403418, -0.136784009, 0, 0, 0, 0, 0, 0, 0, 0.175092041, 0.0786333008, -0.110904199, 0, 0, 0, 0, 0, 0, 0, 1, 1, 1, 
159.180997, 0.1, 0.1, 0.0966859643, 0.183379851, -0.0199688558, 0.80152471, -1.32466149e-005, 0.597961653, 0.597961653, 4.96180123e-005, -0.801524709, -1.90521796e-005, 0.999999999, 4.76910307e-005, 0.801524098, -3.2182702e-005, 0.597962473, 0.597962473, 2.54113958e-005, -0.801524098, 1.06001501e-005, 0.999999999, 3.96118942e-005, 0.0915250732, 0.022403418, -0.136784009, 0, 0, 0, 0, 0, 0, 0, 0.175092041, 0.0786333008, -0.110904199, 0, 0, 0, 0, 0, 0, 0, 1, 1, 1, 
159.181699, 0.1, 0.1, 0.0966859471, 0.183379865, -0.0199690846, 0.801527805, 3.28049998e-005, 0.597957503, 0.597957504, -2.4714309e-005, -0.801527805, -1.1516013e-005, 0.999999999, -3.94252016e-005, 0.801527187, 3.89391003e-005, 0.597958332, 0.597958332, 4.14214081e-006, -0.801527188, -3.36875752e-005, 0.999999999, -1.9963921e-005, 0.0915250732, 0.022403418, -0.136784009, 0, 0, 0, 0, 0, 0, 0, 0.175092041, 0.0786333008, -0.110904199, 0, 0, 0, 0, 0, 0, 0, 1, 1, 1, 
159.18243, 0.1, 0.1, 0.0966859384, 0.183379894, -0.01996911, 0.801531045, -4.28945337e-005, 0.59795316, 0.597953161, -6.28595794e-006, -0.801531046, 3.81400089e-005, 0.999999999, 2.06105316e-005, 0.801530433, -3.48424273e-005, 0.597953981, 0.59795398, -3.80159687e-005, -0.801530434, 5.06590657e-005, 0.999999999, -9.63678774e-006, 0.0919169922, 0.019918457, -0.1371448, 0, 0, 0, 0, 0, 0, 0, 0.1755125, 0.0760148926, -0.111152734, 0, 0, 0, 0, 0, 0, 0, 1, 1, 1, 
159.18313, 0.1, 0.1, 0.0966859268, 0.183379903, -0.0199691678, 0.801534167, 2.75899003e-005, 0.597948977, 0.597948976, 3.46012792e-005, -0.801534167, -4.28040472e-005, 0.999999999, 1.12367549e-005, 0.801533552, 1.57977829e-005, 0.597949801, 0.597949799, 5.29258308e-005, -0.801533552, -4.4309443e-005, 0.999999998, 3.2975548e-005, 0.0919169922, 0.019918457, -0.1371448, 0, 0, 0, 0, 0, 0, 0, 0.1755125, 0.0760148926, -0.111152734, 0, 0, 0, 0, 0, 0, 0, 1, 1, 1, 
159.183832, 0.1, 0.1, 0.0966859128, 0.183379929, -0.0199692954, 0.801537287, -1.95446429e-005, 0.597944795, 0.597944793, -5.51189365e-005, -0.801537286, 4.86238412e-005, 0.999999998, -3.24932654e-005, 0.801536669, -4.79263098e-006, 0.597945623, 0.597945621, -6.00925163e-005, -0.801536668, 3.97735265e-005, 0.999999998, -4.53006226e-005, 0.0919169922, 0.019918457, -0.1371448, 0, 0, 0, 0, 0, 0, 0, 0.1755125, 0.0760148926, -0.111152734, 0, 0, 0, 0, 0, 0, 0, 1, 1, 1, 
159.184535, 0.1, 0.1, 0.0966859054, 0.183379944, -0.0199694622, 0.801540401, 3.93222584e-006, 0.597940621, 0.59794062, 5.85946441e-005, -0.801540399, -3.81879558e-005, 0.999999998, 4.4614737e-005, 0.801539783, -1.32964531e-005, 0.597941449, 0.597941449, 4.89068137e-005, -0.801539781, -1.8585775e-005, 0.999999999, 4.71512572e-005, 0.0919169922, 0.019918457, -0.1371448, 0, 0, 0, 0, 0, 0, 0, 0.1755125, 0.0760148926, -0.111152734, 0, 0, 0, 0, 0, 0, 0, 1, 1, 1, 
159.185243, 0.1, 0.1, 0.0966858882, 0.183379961, -0.019969609, 0.801543516, 1.48988366e-005, 0.597936444, 0.597936444, -4.77540182e-005, -0.801543515, 1.6611802e-005, 0.999999999, -4.7185481e-005, 0.801542886, 3.39606774e-005, 0.597937288, 0.597937289, -2.35245135e-005, -0.801542886, -1.31547556e-005, 0.999999999, -3.91622618e-005, 0.0919169922, 0.019918457, -0.1371448, 0, 0, 0, 0, 0, 0, 0, 0.1755125, 0.0760148926, -0.111152734, 0, 0, 0, 0, 0, 0, 0, 1, 1, 1, 
159.185947, 0.1, 0.1, 0.0966858812, 0.183379984, -0.0199695991, 0.801546642, -3.1100842e-005, 0.597932254, 0.597932255, 2.47278947e-005, -0.801546641, 1.01431696e-005, 0.999999999, 3.84167575e-005, 0.801546029, -3.70511293e-005, 0.597933075, 0.597933075, -3.28461222e-006, -0.80154603, 3.16621638e-005, 0.999999999, 1.95213278e-005, 0.0919169922, 0.019918457, -0.1371448, 0, 0, 0, 0, 0, 0, 0, 0.1755125, 0.0760148926, -0.111152734, 0, 0, 0, 0, 0, 0, 0, 1, 1, 1, 
159.186651, 0.1, 0.1, 0.0966858663, 0.183379993, -0.0199695307, 0.801549751, 4.03321561e-005, 0.597928085, 0.597928085, 4.88165103e-006, -0.801549752, -3.5247106e-005, 0.999999999, -2.02028427e-005, 0.801549146, 3.23575327e-005, 0.597928897, 0.597928896, 3.59712579e-005, -0.801549146, -4.74444073e-005, 0.999999999, 9.48522722e-006, 0.0919169922, 0.019918457, -0.1371448, 0, 0, 0, 0, 0, 0, 0, 0.1755125, 0.0760148926, -0.111152734, 0, 0, 0, 0, 0, 0, 0, 1, 1, 1, 
159.187376, 0.1, 0.1, 0.0966858548, 0.18338002, -0.0199692398, 0.801552973, -3.06906434e-005, 0.597923767, 0.597923766, -3.5062066e-005, -0.801552973, 4.55646191e-005, 0.999999999, -9.75343819e-006, 0.801552348, -1.90343362e-005, 0.597924604, 0.597924603, -5.40485093e-005, -0.801552348, 4.75739504e-005, 0.999999998, -3.19416117e-005, 0.0927379395, 0.0171864502, -0.13736438, 0, 0, 0, 0, 0, 0, 0, 0.175932959, 0.0736114258, -0.111627686, 0, 0, 0, 0, 0, 0, 0, 1, 1, 1, 
159.188078, 0.1, 0.1, 0.096685846, 0.18338003, -0.0199689375, 0.801556086, 1.94033485e-005, 0.597919594, 0.597919593, 5.51250181e-005, -0.801556085, -4.85132006e-005, 0.999999998, 3.25841515e-005, 0.801555465, 4.1020943e-006, 0.597920427, 0.597920426, 6.01396517e-005, -0.801555463, -3.92467823e-005, 0.999999998, 4.57525405e-005, 0.0927379395, 0.0171864502, -0.13736438, 0, 0, 0, 0, 0, 0, 0, 0.175932959, 0.0736114258, -0.111627686, 0, 0, 0, 0, 0, 0, 0, 1, 1, 1, 
159.18878, 0.1, 0.1, 0.0966858304, 0.183380051, -0.0199687877, 0.801559198, -3.50058237e-006, 0.597915422, 0.597915421, -5.97566308e-005, -0.801559197, 3.85353351e-005, 0.999999998, -4.58054249e-005, 0.801558578, 1.39450909e-005, 0.597916253, 0.597916253, -5.00687763e-005, -0.801558577, 1.87591279e-005, 0.999999999, -4.84710536e-005, 0.0927379395, 0.0171864502, -0.13736438, 0, 0, 0, 0, 0, 0, 0, 0.175932959, 0.0736114258, -0.111627686, 0, 0, 0, 0, 0, 0, 0, 1, 1, 1, 
159.189487, 0.1, 0.1, 0.0966858247, 0.183380068, -0.0199688324, 0.801562339, -1.33992718e-005, 0.597911211, 0.597911211, 5.0947474e-005, -0.801562338, -1.97217143e-005, 0.999999999, 4.88491512e-005, 0.801561708, -3.29594469e-005, 0.597912056, 0.597912057, 2.61417073e-005, -0.801561708, 1.07885886e-005, 0.999999999, 4.06610422e-005, 0.0927379395, 0.0171864502, -0.13736438, 0, 0, 0, 0, 0, 0, 0, 0.175932959, 0.0736114258, -0.111627686, 0, 0, 0, 0, 0, 0, 0, 1, 1, 1, 
159.190189, 0.1, 0.1, 0.0966858088, 0.18338008, -0.0199689991, 0.801565458, 3.34726304e-005, 0.597907029, 0.59790703, -2.33817696e-005, -0.801565458, -1.28503799e-005, 0.999999999, -3.87555399e-005, 0.801564835, 3.95172176e-005, 0.597907864, 0.597907865, 5.57812486e-006, -0.801564835, -3.50108168e-005, 0.999999999, -1.91564265e-005, 0.0927379395, 0.0171864502, -0.13736438, 0, 0, 0, 0, 0, 0, 0, 0.175932959, 0.0736114258, -0.111627686, 0, 0, 0, 0, 0, 0, 0, 1, 1, 1, 
159.190893, 0.1, 0.1, 0.0966858012, 0.183380104, -0.0199692625, 0.801568595, -3.92501778e-005, 0.597902824, 0.597902824, -4.83990579e-006, -0.801568595, 3.43555032e-005, 0.999999999, 1.95882757e-005, 0.801567982, -3.10543683e-005, 0.597903645, 0.597903644, -3.60626185e-005, -0.801567983, 4.64541584e-005, 0.999999999, -1.03391203e-005, 0.0927379395, 0.0171864502, -0.13736438, 0, 0, 0, 0, 0, 0, 0, 0.175932959, 0.0736114258, -0.111627686, 0, 0, 0, 0, 0, 0, 0, 1, 1, 1, 
159.191598, 0.1, 0.1, 0.0966857903, 0.183380112, -0.0199695418, 0.801571739, 2.96554586e-005, 0.597898609, 0.597898608, 3.53540332e-005, -0.801571739, -4.49091048e-005, 0.999999999, 1.06078364e-005, 0.801571127, 1.83382979e-005, 0.59789943, 0.597899428, 5.35130003e-005, -0.801571126, -4.66948425e-005, 0.999999998, 3.19300182e-005, 0.0927379395, 0.0171864502, -0.13736438, 0, 0, 0, 0, 0, 0, 0, 0.175932959, 0.0736114258, -0.111627686, 0, 0, 0, 0, 0, 0, 0, 1, 1, 1, 
159.192329, 0.1, 0.1, 0.0966857772, 0.183380137, -0.0199695027, 0.801575002, -2.12326561e-005, 0.597894235, 0.597894233, -5.80206423e-005, -0.801575001, 5.17097739e-005, 0.999999998, -3.38130138e-005, 0.801574374, -6.20643213e-006, 0.597895077, 0.597895075, -6.32357797e-005, -0.801574373, 4.27832783e-005, 0.999999998, -4.69773853e-005, 0.0933335693, 0.0146668213, -0.13734375, 0, 0, 0, 0, 0, 0, 0, 0.176338525, 0.070974707, -0.111862793, 0, 0, 0, 0, 0, 0, 0, 1, 1, 1, 
159.193033, 0.1, 0.1, 0.0966857714, 0.18338015, -0.0199693166, 0.801578142, 2.58541842e-006, 0.597890025, 0.597890024, 5.67451569e-005, -0.801578141, -3.59997782e-005, 0.999999998, 4.39398816e-005, 0.801577515, -1.48322731e-005, 0.597890865, 0.597890865, 4.68416146e-005, -0.801577514, -1.61169569e-005, 0.999999999, 4.64152656e-005, 0.0933335693, 0.0146668213, -0.13734375, 0, 0, 0, 0, 0, 0, 0, 0.176338525, 0.070974707, -0.111862793, 0, 0, 0, 0, 0, 0, 0, 1, 1, 1, 
159.193735, 0.1, 0.1, 0.0966857559, 0.183380165, -0.0199691646, 0.801581267, 1.35167207e-005, 0.597885835, 0.597885835, -4.94476386e-005, -0.801581266, 1.87292926e-005, 0.999999999, -4.77177566e-005, 0.801580641, 3.26531738e-005, 0.597886675, 0.597886675, -2.54025313e-005, -0.80158064, -1.0986317e-005, 0.999999999, -3.98850748e-005, 0.0933335693, 0.0146668213, -0.13734375, 0, 0, 0, 0, 0, 0, 0, 0.176338525, 0.070974707, -0.111862793, 0, 0, 0, 0, 0, 0, 0, 1, 1, 1, 
159.194451, 0.1, 0.1, 0.0966857505, 0.183380186, -0.0199690253, 0.801584447, -3.29803939e-005, 0.597881572, 0.597881573, 2.91873282e-005, -0.801584446, 8.98600511e-006, 0.999999999, 4.31144781e-005, 0.801583827, -3.917357e-005, 0.597882402, 0.597882403, 4.26953549e-007, -0.801583828, 3.11456322e-005, 0.999999999, 2.37634272e-005, 0.0937356201, 0.011972168, -0.137492773, 0, 0, 0, 0, 0, 0, 0, 0.176338525, 0.070974707, -0.111862793, 0, 0, 0, 0, 0, 0, 0, 1, 1, 1, 
159.195165, 0.1, 0.1, 0.0966857366, 0.183380192, -0.0199687549, 0.801587639, 4.19666231e-005, 0.597877291, 0.597877291, 9.47654968e-006, -0.80158764, -3.93057402e-005, 0.999999999, -1.74946058e-005, 0.801587023, 3.37779219e-005, 0.597878117, 0.597878116, 4.18795648e-005, -0.801587024, -5.21148192e-005, 0.999999999, 1.33750353e-005, 0.0937356201, 0.011972168, -0.137492773, 0, 0, 0, 0, 0, 0, 0, 0.176552344, 0.068582959, -0.112096436, 0, 0, 0, 0, 0, 0, 0, 1, 1, 1, 
159.195871, 0.1, 0.1, 0.0966857264, 0.183380216, -0.0199686706, 0.801590811, -2.94182365e-005, 0.597873039, 0.597873038, -3.38755869e-005, -0.801590812, 4.38346882e-005, 0.999999999, -9.5659888e-006, 0.80159019, -1.76006002e-005, 0.597873872, 0.597873871, -5.22691556e-005, -0.80159019, 4.53588309e-005, 0.999999998, -3.13755034e-005, 0.0937356201, 0.011972168, -0.137492773, 0, 0, 0, 0, 0, 0, 0, 0.176552344, 0.068582959, -0.112096436, 0, 0, 0, 0, 0, 0, 0, 1, 1, 1, 
159.196584, 0.1, 0.1, 0.0966857184, 0.183380223, -0.0199687407, 0.801594015, 2.1421507e-005, 0.597868744, 0.597868742, 5.68874841e-005, -0.801594015, -5.11826004e-005, 0.999999998, 3.27934174e-005, 0.801593381, 6.06511324e-006, 0.597869594, 0.597869592, 6.23764306e-005, -0.80159338, -4.21547258e-005, 0.999999998, 4.63743871e-005, 0.0937356201, 0.011972168, -0.137492773, 0, 0, 0, 0, 0, 0, 0, 0.176552344, 0.068582959, -0.112096436, 0, 0, 0, 0, 0, 0, 0, 1, 1, 1, 
159.197289, 0.1, 0.1, 0.0966857038, 0.183380242, -0.0199689211, 0.801597175, -2.52266845e-006, 0.597864507, 0.597864506, -6.07020754e-005, -0.801597174, 3.83137803e-005, 0.999999998, -4.71503982e-005, 0.801596542, 1.52366277e-005, 0.597865356, 0.597865356, -5.04330035e-005, -0.80159654, 1.79385176e-005, 0.999999999, -4.95363731e-005, 0.0937356201, 0.011972168, -0.137492773, 0, 0, 0, 0, 0, 0, 0, 0.176552344, 0.068582959, -0.112096436, 0, 0, 0, 0, 0, 0, 0, 1, 1, 1, 
159.197988, 0.1, 0.1, 0.0966856994, 0.183380258, -0.0199692557, 0.801600313, -1.42416407e-005, 0.5978603, 0.5978603, 4.53974036e-005, -0.801600312, -1.57252017e-005, 0.999999999, 4.49050845e-005, 0.80159968, -3.32236481e-005, 0.597861147, 0.597861148, 2.11494936e-005, -0.80159968, 1.39876052e-005, 0.999999999, 3.68165557e-005, 0.0937356201, 0.011972168, -0.137492773, 0, 0, 0, 0, 0, 0, 0, 0.176552344, 0.068582959, -0.112096436, 0, 0, 0, 0, 0, 0, 0, 1, 1, 1, 
159.198689, 0.1, 0.1, 0.0966856851, 0.183380269, -0.019969633, 0.801603446, 3.12838028e-005, 0.597856098, 0.597856099, -2.67797074e-005, -0.801603446, -9.06679274e-006, 0.999999999, -4.01699181e-005, 0.801602826, 3.71649771e-005, 0.59785693, 0.59785693, 1.18978864e-006, -0.801602826, -3.05028741e-005, 0.999999999, -2.12656012e-005, 0.0937356201, 0.011972168, -0.137492773, 0, 0, 0, 0, 0, 0, 0, 0.176552344, 0.068582959, -0.112096436, 0, 0, 0, 0, 0, 0, 0, 1, 1, 1, 
159.199406, 0.1, 0.1, 0.096685679, 0.183380292, -0.0199698917, 0.80160664, -4.04682058e-005, 0.597851815, 0.597851815, -4.42314143e-006, -0.801606641, 3.50839657e-005, 0.999999999, 2.06483708e-005, 0.801605975, -3.18579141e-005, 0.597852708, 0.597852707, -3.78448871e-005, -0.801605975, 4.81631625e-005, 0.999999999, -1.12903475e-005, 0.0937356201, 0.011972168, -0.137492773, 0, 0, 0, 0, 0, 0, 0, 0.176552344, 0.068582959, -0.112096436, 0, 0, 0, 0, 0, 0, 0, 1, 1, 1, 
159.200121, 0.1, 0.1, 0.0966856695, 0.183380298, -0.0199697031, 0.801609841, 2.85237251e-005, 0.597847524, 0.597847523, 3.65247871e-005, -0.801609841, -4.47011523e-005, 0.999999999, 1.22257904e-005, 0.801609225, 1.71849341e-005, 0.59784835, 0.597848349, 5.4907776e-005, -0.801609224, -4.66021251e-005, 0.999999998, 3.37405953e-005, 0.0943786133, 0.00904401855, -0.137489722, 0, 0, 0, 0, 0, 0, 0, 0.177007715, 0.065959668, -0.112353271, 0, 0, 0, 0, 0, 0, 0, 1, 1, 1, 
159.200824, 0.1, 0.1, 0.096685658, 0.183380319, -0.0199694307, 0.801612978, -1.99081171e-005, 0.597843318, 0.597843317, -5.33659905e-005, -0.801612978, 4.78631059e-005, 0.999999998, -3.08769358e-005, 0.801612358, -5.06747411e-006, 0.59784415, 0.597844149, -5.81532078e-005, -0.801612356, 3.8828705e-005, 0.999999998, -4.35867703e-005, 0.0943786133, 0.00904401855, -0.137489722, 0, 0, 0, 0, 0, 0, 0, 0.177007715, 0.065959668, -0.112353271, 0, 0, 0, 0, 0, 0, 0, 1, 1, 1, 
159.201525, 0.1, 0.1, 0.0966856532, 0.18338033, -0.0199691936, 0.801616092, 3.75728668e-006, 0.597839143, 0.597839142, 5.87727608e-005, -0.801616091, -3.81485584e-005, 0.999999998, 4.48669378e-005, 0.801615471, -1.35694209e-005, 0.597839976, 0.597839976, 4.93983367e-005, -0.801615469, -1.86548427e-005, 0.999999999, 4.77108132e-005, 0.0943786133, 0.00904401855, -0.137489722, 0, 0, 0, 0, 0, 0, 0, 0.177007715, 0.065959668, -0.112353271, 0, 0, 0, 0, 0, 0, 0, 1, 1, 1, 
159.202228, 0.1, 0.1, 0.0966856386, 0.183380343, -0.0199690505, 0.801619207, 1.40749685e-005, 0.597834966, 0.597834966, -5.04252806e-005, -0.801619206, 1.88632308e-005, 0.999999999, -4.88363818e-005, 0.801618579, 3.34671705e-005, 0.597835807, 0.597835808, -2.57359226e-005, -0.801618579, -1.14420496e-005, 0.999999999, -4.06382666e-005, 0.0943786133, 0.00904401855, -0.137489722, 0, 0, 0, 0, 0, 0, 0, 0.177007715, 0.065959668, -0.112353271, 0, 0, 0, 0, 0, 0, 0, 1, 1, 1, 
159.202931, 0.1, 0.1, 0.0966856344, 0.183380362, -0.0199690078, 0.801622332, -3.25455366e-005, 0.597830775, 0.597830776, 2.35988898e-005, -0.801622332, 1.19810864e-005, 0.999999999, 3.83741205e-005, 0.801621709, -3.86522966e-005, 0.597831611, 0.597831611, -5.25454497e-006, -0.801621709, 3.41258532e-005, 0.999999999, 1.88954075e-005, 0.0943786133, 0.00904401855, -0.137489722, 0, 0, 0, 0, 0, 0, 0, 0.177007715, 0.065959668, -0.112353271, 0, 0, 0, 0, 0, 0, 0, 1, 1, 1, 
159.203635, 0.1, 0.1, 0.0966856221, 0.183380368, -0.019969088, 0.80162546, 4.0075165e-005, 0.597826581, 0.597826581, 3.37192718e-006, -0.801625461, -3.41411003e-005, 0.999999999, -2.12549762e-005, 0.801624846, 3.18530479e-005, 0.597827404, 0.597827403, 3.50040072e-005, -0.801624847, -4.64605494e-005, 0.999999999, 9.01745702e-006, 0.0943786133, 0.00904401855, -0.137489722, 0, 0, 0, 0, 0, 0, 0, 0.177007715, 0.065959668, -0.112353271, 0, 0, 0, 0, 0, 0, 0, 1, 1, 1, 
159.204355, 0.1, 0.1, 0.0966856133, 0.183380391, -0.0199692118, 0.801628672, -3.09844769e-005, 0.597822274, 0.597822273, -3.39240719e-005, -0.801628673, 4.51186109e-005, 0.999999999, -8.67129829e-006, 0.801627967, -1.78119644e-005, 0.59782322, 0.597823219, -5.5059801e-005, -0.801627966, 4.71945963e-005, 0.999999998, -3.34890704e-005, 0.0943786133, 0.00904401855, -0.137489722, 0, 0, 0, 0, 0, 0, 0, 0.177007715, 0.065959668, -0.112353271, 0, 0, 0, 0, 0, 0, 0, 1, 1, 1, 
159.205072, 0.1, 0.1, 0.0966856068, 0.183380397, -0.0199690428, 0.801631878, 1.93471966e-005, 0.597817976, 0.597817974, 5.80827053e-005, -0.801631877, -5.02322148e-005, 0.999999998, 3.49948462e-005, 0.801631254, 4.10474843e-006, 0.597818813, 0.597818811, 6.34037853e-005, -0.801631252, -4.11944703e-005, 0.999999998, 4.83725601e-005, 0.0949619141, 0.00653183594, -0.137429663, 0, 0, 0, 0, 0, 0, 0, 0.177436719, 0.0633146484, -0.112601807, 0, 0, 0, 0, 0, 0, 0, 1, 1, 1, 
159.205777, 0.1, 0.1, 0.0966855936, 0.183380414, -0.0199689266, 0.801635025, -3.58054293e-006, 0.597813755, 0.597813754, -5.87833785e-005, -0.801635024, 3.80118009e-005, 0.999999998, -4.49823173e-005, 0.8016344, 1.38337805e-005, 0.597814594, 0.597814594, -4.87496964e-005, -0.801634398, 1.80536457e-005, 0.999999999, -4.73494695e-005, 0.0949619141, 0.00653183594, -0.137429663, 0, 0, 0, 0, 0, 0, 0, 0.177436719, 0.0633146484, -0.112601807, 0, 0, 0, 0, 0, 0, 0, 1, 1, 1, 
159.206488, 0.1, 0.1, 0.0966855902, 0.183380428, -0.0199689284, 0.801638201, -1.32167892e-005, 0.597809496, 0.597809496, 5.01873453e-005, -0.8016382, -1.94073886e-005, 0.999999999, 4.81332153e-005, 0.801637561, -3.29267274e-005, 0.597810355, 0.597810355, 2.55479304e-005, -0.801637561, 1.11224841e-005, 0.999999999, 4.01641192e-005, 0.0949619141, 0.00653183594, -0.137429663, 0, 0, 0, 0, 0, 0, 0, 0.177436719, 0.0633146484, -0.112601807, 0, 0, 0, 0, 0, 0, 0, 1, 1, 1, 
159.207214, 0.1, 0.1, 0.0966855759, 0.183380437, -0.0199688444, 0.801641439, 3.4925488e-005, 0.597805154, 0.597805155, -2.97581305e-005, -0.801641438, -1.02081546e-005, 0.999999999, -4.47339873e-005, 0.80164082, 4.10680124e-005, 0.597805984, 0.597805984, -1.0500086e-006, -0.801640821, -3.22940937e-005, 0.999999999, -2.53924333e-005, 0.0953894775, 0.00387587891, -0.137493848, 0, 0, 0, 0, 0, 0, 0, 0.177850586, 0.0606996582, -0.112797119, 0, 0, 0, 0, 0, 0, 0, 1, 1, 1, 
159.207917, 0.1, 0.1, 0.0966855706, 0.183380459, -0.0199687959, 0.801644592, -3.9102849e-005, 0.597800925, 0.597800925, -8.44447448e-006, -0.801644593, 3.63947021e-005, 0.999999999, 1.6606252e-005, 0.801643972, -3.06693245e-005, 0.597801758, 0.597801756, -4.07713137e-005, -0.801643972, 4.89590421e-005, 0.999999999, -1.43499019e-005, 0.0953894775, 0.00387587891, -0.137493848, 0, 0, 0, 0, 0, 0, 0, 0.177850586, 0.0606996582, -0.112797119, 0, 0, 0, 0, 0, 0, 0, 1, 1, 1, 
159.208619, 0.1, 0.1, 0.0966855619, 0.183380463, -0.0199689311, 0.801647757, 3.03993773e-005, 0.597796682, 0.597796681, 3.40567265e-005, -0.801647757, -4.47285907e-005, 0.999999999, 9.12885153e-006, 0.801647134, 1.88856551e-005, 0.597797518, 0.597797516, 5.23349788e-005, -0.801647133, -4.64253517e-005, 0.999999998, 3.06643881e-005, 0.0953894775, 0.00387587891, -0.137493848, 0, 0, 0, 0, 0, 0, 0, 0.177850586, 0.0606996582, -0.112797119, 0, 0, 0, 0, 0, 0, 0, 1, 1, 1, 
159.209325, 0.1, 0.1, 0.0966855513, 0.183380484, -0.0199692037, 0.801650923, -2.00026002e-005, 0.597792436, 0.597792435, -5.46651251e-005, -0.801650923, 4.87135012e-005, 0.999999998, -3.18649449e-005, 0.801650278, -4.30046639e-006, 0.597793302, 0.597793301, -5.99269438e-005, -0.801650277, 3.92713957e-005, 0.999999998, -4.54696611e-005, 0.0953894775, 0.00387587891, -0.137493848, 0, 0, 0, 0, 0, 0, 0, 0.177850586, 0.0606996582, -0.112797119, 0, 0, 0, 0, 0, 0, 0, 1, 1, 1, 
159.210027, 0.1, 0.1, 0.0966855478, 0.183380492, -0.0199694775, 0.801654064, 1.88388762e-006, 0.597788224, 0.597788223, 5.94543808e-005, -0.801654063, -3.70513549e-005, 0.999999998, 4.65356802e-005, 0.801653437, -1.51748193e-005, 0.597789065, 0.597789065, 4.96125877e-005, -0.801653436, -1.74929164e-005, 0.999999999, 4.88434425e-005, 0.0953894775, 0.00387587891, -0.137493848, 0, 0, 0, 0, 0, 0, 0, 0.177850586, 0.0606996582, -0.112797119, 0, 0, 0, 0, 0, 0, 0, 1, 1, 1, 
159.210732, 0.1, 0.1, 0.0966855347, 0.183380504, -0.0199696995, 0.801657214, 1.2291732e-005, 0.597784001, 0.597784001, -4.62826995e-005, -0.801657212, 1.78133016e-005, 0.999999999, -4.44506606e-005, 0.801656578, 3.13736916e-005, 0.597784852, 0.597784853, -2.2114939e-005, -0.801656578, -1.19309508e-005, 0.999999999, -3.6483304e-005, 0.0953894775, 0.00387587891, -0.137493848, 0, 0, 0, 0, 0, 0, 0, 0.177850586, 0.0606996582, -0.112797119, 0, 0, 0, 0, 0, 0, 0, 1, 1, 1, 
