time, realDorsalTactorPos, realVentralTactorPos, boxPosX, boxPosY, boxPosZ, boxLocalRot_11, boxLocalRot_12, boxLocalRot_13, boxLocalRot_21, boxLocalRot_22, boxLocalRot_23, boxLocalRot_31, boxLocalRot_32, boxLocalRot_33, boxGlobalRot_11, boxGlobalRot_12, boxGlobalRot_13], boxGlobalRot_21, boxGlobalRot_22, boxGlobalRot_23, boxGlobalRot_31, boxGlobalRot_32, boxGlobalRot_33, indexPosX, indexPosY, indexPosZ, indexContact, indexForceX, indexForceY, indexForceZ, indexForceGlobalX, indexForceGlobalY, indexForceGlobalZ, thumbPosX, thumbPosY, thumbPosZ, thumbContact, thumbForceX, thumbForceY, thumbForceZ, thumbForceGlobalX, thumbForceGlobalY, thumbForceGlobalZ, hoopSuccess, targetSuccess, trialSuccess, 
62.3586383, 0.1, 0.1, 0.100136866, 0.191817535, -0.0199729864, 0.570104475, 1.65263e-005, 0.821572204, 0.821572204, -7.41368024e-006, -0.570104475, -3.330844e-006, 1, -1.7804121e-005, 0.570105095, 1.44771403e-005, 0.821571774, 0.821571774, -2.38328321e-005, -0.570105095, 1.13268908e-005, 1, -2.54812288e-005, 0.106361475, 0.0101090332, -0.152401611, 0, 0, 0, 0, 0, 0, 0, 0.168467578, 0.0704180176, -0.134596631, 0, 0, 0, 0, 0, 0, 0, 1, 1, 1, 
62.3814379, 0.1, 0.1, 0.100136716, 0.191817154, -0.0199705783, 0.570083088, -2.00122299e-006, 0.821587045, 0.821587045, 5.03960936e-006, -0.570083088, -2.99961438e-006, 1, 4.51717495e-006, 0.5700831, 8.96675238e-007, 0.821587037, 0.821587037, 9.39418345e-006, -0.5700831, -8.22931874e-006, 1, 4.61876847e-006, 0.1091, -0.0034017334, -0.15293501, 0, 0, 0, 0, 0, 0, 0, 0.169264355, 0.0580089844, -0.134467188, 0, 0, 0, 0, 0, 0, 0, 1, 1, 1, 
62.3821451, 0.1, 0.1, 0.100136712, 0.191817146, -0.0199684117, 0.570083069, 1.12799111e-005, 0.821587058, 0.821587058, 5.46420792e-006, -0.570083069, -1.09198089e-005, 1, -6.15237656e-006, 0.570083053, 1.81278881e-008, 0.821587069, 0.821587069, 7.17020532e-006, -0.570083053, -5.90128238e-006, 1, 4.0727189e-006, 0.1091, -0.0034017334, -0.15293501, 0, 0, 0, 0, 0, 0, 0, 0.169264355, 0.0580089844, -0.134467188, 0, 0, 0, 0, 0, 0, 0, 1, 1, 1, 
62.3828937, 0.1, 0.1, 0.100136707, 0.191817138, -0.0199660665, 0.57008316, 7.96702485e-006, 0.821586995, 0.821586995, 4.06480992e-006, -0.57008316, -7.88146166e-006, 1, -4.22832433e-006, 0.570083157, -1.51210123e-006, 0.821586997, 0.821586997, -1.06419173e-005, -0.570083157, 9.60528429e-006, 1, -4.82445508e-006, 0.1091, -0.0034017334, -0.15293501, 0, 0, 0, 0, 0, 0, 0, 0.169264355, 0.0580089844, -0.134467188, 0, 0, 0, 0, 0, 0, 0, 1, 1, 1, 
62.3836686, 0.1, 0.1, 0.100136703, 0.191817129, -0.0199641507, 0.570083069, -1.11482991e-005, 0.821587059, 0.821587059, -2.18752158e-006, -0.570083069, 8.152696e-006, 1, 7.91222927e-006, 0.570083083, -5.28822314e-006, 0.821587049, 0.821587048, -1.58800618e-005, -0.570083083, 1.60615797e-005, 1, -4.70821897e-006, 0.109382544, -0.00526518555, -0.153123584, 0, 0, 0, 0, 0, 0, 0, 0.169264355, 0.0580089844, -0.134467188, 0, 0, 0, 0, 0, 0, 0, 1, 1, 1, 
62.3843843, 0.1, 0.1, 0.100136699, 0.191817119, -0.0199635501, 0.570083156, -1.29125494e-005, 0.821586998, 0.821586998, -6.20107539e-006, -0.570083156, 1.24559498e-005, 1, 7.07365411e-006, 0.570083135, -1.01738132e-005, 0.821587012, 0.821587012, -1.4830928e-006, -0.570083135, 7.01840911e-006, 1, 7.5131866e-006, 0.109382544, -0.00526518555, -0.153123584, 0, 0, 0, 0, 0, 0, 0, 0.169533838, 0.0560739746, -0.134362354, 0, 0, 0, 0, 0, 0, 0, 1, 1, 1, 
62.3850958, 0.1, 0.1, 0.100136694, 0.19181711, -0.0199645607, 0.570083119, 8.3921642e-007, 0.821587023, 0.821587023, -8.55422801e-006, -0.570083119, 6.54961961e-006, 1, -5.56611031e-006, 0.570083142, 1.40258518e-006, 0.821587008, 0.821587008, 1.2350688e-005, -0.570083142, -1.09467549e-005, 1, 5.88857323e-006, 0.109382544, -0.00526518555, -0.153123584, 0, 0, 0, 0, 0, 0, 0, 0.169533838, 0.0560739746, -0.134362354, 0, 0, 0, 0, 0, 0, 0, 1, 1, 1, 
62.3858379, 0.1, 0.1, 0.100136688, 0.191817101, -0.0199667272, 0.570083127, 1.06653483e-005, 0.821587018, 0.821587018, 4.19268665e-006, -0.570083128, -9.52479203e-006, 1, -6.37233177e-006, 0.570083106, 1.42645691e-005, 0.821587032, 0.821587032, 9.52712739e-006, -0.570083106, -1.59593542e-005, 1, -6.28833064e-006, 0.109382544, -0.00526518555, -0.153123584, 0, 0, 0, 0, 0, 0, 0, 0.169533838, 0.0560739746, -0.134362354, 0, 0, 0, 0, 0, 0, 0, 1, 1, 1, 
62.3865857, 0.1, 0.1, 0.100136685, 0.191817093, -0.0199687768, 0.570083188, 1.29484984e-006, 0.821586976, 0.821586976, 1.05680568e-005, -0.570083188, -9.42074998e-006, 1, 4.96083976e-006, 0.570083197, 6.74735748e-006, 0.821586969, 0.821586969, 1.25925957e-006, -0.570083197, -4.88114638e-006, 1, -4.82565826e-006, 0.10990188, -0.00757854004, -0.153124805, 0, 0, 0, 0, 0, 0, 0, 0.169571289, 0.0539608887, -0.134193799, 0, 0, 0, 0, 0, 0, 0, 1, 1, 1, 
62.3873014, 0.1, 0.1, 0.100136681, 0.191817086, -0.0199705644, 0.570083135, -1.0580999e-007, 0.821587013, 0.821587013, 5.79538362e-006, -0.570083135, -4.70109143e-006, 1, 3.39078258e-006, 0.570083133, -8.92137869e-006, 0.821587014, 0.821587014, -6.00059673e-006, -0.570083133, 1.00159399e-005, 1, 3.9088499e-006, 0.10990188, -0.00757854004, -0.153124805, 0, 0, 0, 0, 0, 0, 0, 0.169571289, 0.0539608887, -0.134193799, 0, 0, 0, 0, 0, 0, 0, 1, 1, 1, 
62.3880126, 0.1, 0.1, 0.100136677, 0.191817079, -0.0199717056, 0.570083218, 1.06097573e-006, 0.821586955, 0.821586955, -9.75314361e-006, -0.570083218, 7.4082111e-006, 1, -6.43178731e-006, 0.570083204, -9.33498735e-006, 0.821586965, 0.821586965, -9.09113159e-006, -0.570083204, 1.27908747e-005, 1, 2.48680249e-006, 0.10990188, -0.00757854004, -0.153124805, 0, 0, 0, 0, 0, 0, 0, 0.169571289, 0.0539608887, -0.134193799, 0, 0, 0, 0, 0, 0, 0, 1, 1, 1, 
62.3887637, 0.1, 0.1, 0.100136672, 0.19181707, -0.0199715675, 0.570083156, -1.67468257e-006, 0.821586998, 0.821586998, -1.18116788e-005, -0.570083156, 1.065903e-005, 1, -5.35774167e-006, 0.570083171, 8.28260831e-007, 0.821586988, 0.821586988, -8.62376292e-006, -0.570083171, 6.61299384e-006, 1, -5.59675043e-006, 0.10990188, -0.00757854004, -0.153124805, 0, 0, 0, 0, 0, 0, 0, 0.169571289, 0.0539608887, -0.134193799, 0, 0, 0, 0, 0, 0, 0, 1, 1, 1, 
62.3894785, 0.1, 0.1, 0.100136667, 0.191817062, -0.0199704851, 0.570083192, -7.06974537e-006, 0.821586973, 0.821586973, -3.11033697e-006, -0.570083192, 6.58575535e-006, 1, 4.03525986e-006, 0.570083173, 8.94805198e-006, 0.821586986, 0.821586986, 3.36371571e-006, -0.570083173, -7.86471892e-006, 1, -5.43400534e-006, 0.10990188, -0.00757854004, -0.153124805, 0, 0, 0, 0, 0, 0, 0, 0.169571289, 0.0539608887, -0.134193799, 0, 0, 0, 0, 0, 0, 0, 1, 1, 1, 
62.3901933, 0.1, 0.1, 0.100136663, 0.191817053, -0.0199689586, 0.570083188, 6.43391116e-007, 0.821586976, 0.821586976, 9.31638803e-006, -0.570083188, -8.02100952e-006, 1, 4.78251443e-006, 0.570083205, 3.85704039e-006, 0.821586964, 0.821586964, 1.41374867e-005, -0.570083205, -1.38140087e-005, 1, 4.89064962e-006, 0.10990188, -0.00757854004, -0.153124805, 0, 0, 0, 0, 0, 0, 0, 0.169571289, 0.0539608887, -0.134193799, 0, 0, 0, 0, 0, 0, 0, 1, 1, 1, 
62.3909485, 0.1, 0.1, 0.100136658, 0.191817045, -0.0199672231, 0.570083155, 1.42407198e-005, 0.821586999, 0.821586999, 7.84802296e-006, -0.570083155, -1.45662281e-005, 1, -7.22596452e-006, 0.570083137, 1.07684012e-006, 0.821587011, 0.821587011, 1.05788245e-005, -0.570083137, -9.30531323e-006, 1, 5.14609162e-006, 0.10990188, -0.00757854004, -0.153124805, 0, 0, 0, 0, 0, 0, 0, 0.169571289, 0.0539608887, -0.134193799, 0, 0, 0, 0, 0, 0, 0, 1, 1, 1, 
62.3916811, 0.1, 0.1, 0.100136654, 0.191817038, -0.0199655315, 0.570083244, 7.9674596e-006, 0.821586937, 0.821586937, 2.32887884e-006, -0.570083244, -6.45549164e-006, 1, -5.21830592e-006, 0.570083242, -1.03686165e-006, 0.821586939, 0.821586938, -1.16080273e-005, -0.570083242, 1.0128101e-005, 1, -5.76566983e-006, 0.110175024, -0.00945151367, -0.153115283, 0, 0, 0, 0, 0, 0, 0, 0.16978584, 0.0520358887, -0.134007178, 0, 0, 0, 0, 0, 0, 0, 1, 1, 1, 
62.3923963, 0.1, 0.1, 0.100136651, 0.191817031, -0.019964995, 0.570083167, -1.10739168e-005, 0.82158699, 0.82158699, -5.12431925e-006, -0.570083167, 1.05231276e-005, 1, 6.1768978e-006, 0.570083179, -5.63434115e-006, 0.821586982, 0.821586982, -1.68454998e-005, -0.570083179, 1.70520865e-005, 1, -4.97423475e-006, 0.110175024, -0.00945151367, -0.153115283, 0, 0, 0, 0, 0, 0, 0, 0.16978584, 0.0520358887, -0.134007178, 0, 0, 0, 0, 0, 0, 0, 1, 1, 1, 
62.393175, 0.1, 0.1, 0.100136646, 0.191817022, -0.0199649063, 0.570083282, -1.02681939e-005, 0.821586911, 0.821586911, -7.2169673e-006, -0.570083282, 1.17830915e-005, 1, 4.32194127e-006, 0.570083255, -7.08241515e-006, 0.821586929, 0.821586929, -1.98711245e-006, -0.570083255, 5.6701519e-006, 1, 4.68600017e-006, 0.110175024, -0.00945151367, -0.153115283, 0, 0, 0, 0, 0, 0, 0, 0.16978584, 0.0520358887, -0.134007178, 0, 0, 0, 0, 0, 0, 0, 1, 1, 1, 
62.3939204, 0.1, 0.1, 0.100136641, 0.191817014, -0.0199655608, 0.570083263, 1.8224625e-006, 0.821586924, 0.821586924, -1.00944987e-005, -0.570083263, 7.25455278e-006, 1, -7.25201613e-006, 0.570083283, 2.96507955e-006, 0.82158691, 0.82158691, 1.06015709e-005, -0.570083283, -1.04004542e-005, 1, 3.60770783e-006, 0.110175024, -0.00945151367, -0.153115283, 0, 0, 0, 0, 0, 0, 0, 0.16978584, 0.0520358887, -0.134007178, 0, 0, 0, 0, 0, 0, 0, 1, 1, 1, 
62.3946519, 0.1, 0.1, 0.100136636, 0.191817006, -0.0199669519, 0.570083284, 9.70710279e-006, 0.821586909, 0.821586909, 2.17290236e-006, -0.570083284, -7.31908517e-006, 1, -6.73649326e-006, 0.570083262, 1.35660152e-005, 0.821586924, 0.821586924, 7.35645147e-006, -0.570083262, -1.37777225e-005, 1, -6.95187084e-006, 0.110175024, -0.00945151367, -0.153115283, 0, 0, 0, 0, 0, 0, 0, 0.16978584, 0.0520358887, -0.134007178, 0, 0, 0, 0, 0, 0, 0, 1, 1, 1, 
62.3953627, 0.1, 0.1, 0.100136633, 0.191817, -0.0199687224, 0.570083346, 9.49826706e-007, 0.821586866, 0.821586866, 9.98181503e-006, -0.570083346, -8.74240852e-006, 1, 4.91010137e-006, 0.570083354, 6.9514982e-006, 0.82158686, 0.821586861, 4.72328233e-007, -0.570083354, -4.35099208e-006, 1, -5.44199312e-006, 0.110175024, -0.00945151367, -0.153115283, 0, 0, 0, 0, 0, 0, 0, 0.16978584, 0.0520358887, -0.134007178, 0, 0, 0, 0, 0, 0, 0, 1, 1, 1, 
62.3961392, 0.1, 0.1, 0.10013663, 0.191816993, -0.0199701118, 0.570083299, -2.43668453e-006, 0.821586899, 0.821586899, 6.96151108e-006, -0.570083299, -4.33037314e-006, 1, 5.97058929e-006, 0.570083293, -1.18876319e-005, 0.821586903, 0.821586903, -6.05454842e-006, -0.570083293, 1.1751278e-005, 1, 6.3151258e-006, 0.110720117, -0.0117424072, -0.153299829, 0, 0, 0, 0, 0, 0, 0, 0.16978584, 0.0520358887, -0.134007178, 0, 0, 0, 0, 0, 0, 0, 1, 1, 1, 
62.3968524, 0.1, 0.1, 0.100136626, 0.191816987, -0.0199705017, 0.5700834, -8.66874664e-007, 0.821586828, 0.821586828, -9.22376034e-006, -0.5700834, 8.07231086e-006, 1, -4.54609985e-006, 0.570083383, -1.18701652e-005, 0.82158684, 0.82158684, -8.48905239e-006, -0.570083383, 1.37414776e-005, 1, 4.91290378e-006, 0.110720117, -0.0117424072, -0.153299829, 0, 0, 0, 0, 0, 0, 0, 0.17007998, 0.0501526367, -0.133884033, 0, 0, 0, 0, 0, 0, 0, 1, 1, 1, 
62.3975705, 0.1, 0.1, 0.100136622, 0.19181698, -0.0199703525, 0.570083359, -3.02037553e-006, 0.821586857, 0.821586857, -1.22504799e-005, -0.570083359, 1.17866991e-005, 1, -4.50229391e-006, 0.57008337, -5.38061011e-007, 0.821586849, 0.821586849, -8.87635467e-006, -0.57008337, 7.5994359e-006, 1, -4.61819833e-006, 0.110720117, -0.0117424072, -0.153299829, 0, 0, 0, 0, 0, 0, 0, 0.17007998, 0.0501526367, -0.133884033, 0, 0, 0, 0, 0, 0, 0, 1, 1, 1, 
62.3983041, 0.1, 0.1, 0.100136618, 0.191816972, -0.0199696283, 0.57008342, -8.80753513e-006, 0.821586815, 0.821586815, -3.50572473e-006, -0.57008342, 7.90128696e-006, 1, 5.23759919e-006, 0.570083393, 8.84020829e-006, 0.821586833, 0.821586833, 3.67552753e-006, -0.570083394, -8.05942096e-006, 1, -5.16764152e-006, 0.110720117, -0.0117424072, -0.153299829, 0, 0, 0, 0, 0, 0, 0, 0.17007998, 0.0501526367, -0.133884033, 0, 0, 0, 0, 0, 0, 0, 1, 1, 1, 
62.3990641, 0.1, 0.1, 0.100136614, 0.191816964, -0.0199679678, 0.570083433, 1.21475277e-006, 0.821586806, 0.821586806, 1.0157831e-005, -0.570083433, -9.03805032e-006, 1, 4.7927863e-006, 0.570083449, 4.38405788e-006, 0.821586795, 0.821586795, 1.50828869e-005, -0.570083449, -1.48911796e-005, 1, 4.99662015e-006, 0.11126936, -0.0140557617, -0.153347925, 0, 0, 0, 0, 0, 0, 0, 0.170430029, 0.0478548828, -0.133562061, 0, 0, 0, 0, 0, 0, 0, 1, 1, 1, 
62.3997754, 0.1, 0.1, 0.100136611, 0.191816958, -0.0199666876, 0.570083403, 1.33993781e-005, 0.821586827, 0.821586827, 8.36203953e-006, -0.570083403, -1.45089046e-005, 1, -6.24169259e-006, 0.570083388, 1.96241563e-006, 0.821586837, 0.821586837, 1.05598058e-005, -0.570083388, -9.794538e-006, 1, 4.40767502e-006, 0.11126936, -0.0140557617, -0.153347925, 0, 0, 0, 0, 0, 0, 0, 0.170430029, 0.0478548828, -0.133562061, 0, 0, 0, 0, 0, 0, 0, 1, 1, 1, 
62.4004921, 0.1, 0.1, 0.100136607, 0.191816952, -0.0199661315, 0.570083481, 9.54768483e-006, 0.821586772, 0.821586772, 3.74183523e-006, -0.570083481, -8.51721974e-006, 1, -5.71109311e-006, 0.570083481, 4.92286112e-007, 0.821586773, 0.821586773, -1.00838493e-005, -0.570083481, 8.00411299e-006, 1, -6.15309164e-006, 0.11126936, -0.0140557617, -0.153347925, 0, 0, 0, 0, 0, 0, 0, 0.170430029, 0.0478548828, -0.133562061, 0, 0, 0, 0, 0, 0, 0, 1, 1, 1, 
62.4012404, 0.1, 0.1, 0.100136604, 0.191816945, -0.0199661273, 0.570083393, -1.01118094e-005, 0.821586834, 0.821586833, -5.8864586e-006, -0.570083393, 1.06008115e-005, 1, 4.95195721e-006, 0.570083406, -4.66287514e-006, 0.821586824, 0.821586824, -1.71104024e-005, -0.570083406, 1.67159089e-005, 1, -5.92339968e-006, 0.11126936, -0.0140557617, -0.153347925, 0, 0, 0, 0, 0, 0, 0, 0.170430029, 0.0478548828, -0.133562061, 0, 0, 0, 0, 0, 0, 0, 1, 1, 1, 
62.4019562, 0.1, 0.1, 0.100136601, 0.191816938, -0.0199667478, 0.570083468, -1.27174835e-005, 0.821586782, 0.821586782, -9.89545011e-006, -0.570083468, 1.53799981e-005, 1, 4.80728385e-006, 0.570083449, -9.92256863e-006, 0.821586794, 0.821586794, -5.9220471e-006, -0.57008345, 1.05221678e-005, 1, 4.77619031e-006, 0.11126936, -0.0140557617, -0.153347925, 0, 0, 0, 0, 0, 0, 0, 0.170430029, 0.0478548828, -0.133562061, 0, 0, 0, 0, 0, 0, 0, 1, 1, 1, 
62.4026744, 0.1, 0.1, 0.100136597, 0.191816932, -0.0199679082, 0.570083431, -1.48185303e-006, 0.821586807, 0.821586807, -9.17118228e-006, -0.570083431, 8.37970222e-006, 1, -4.01086816e-006, 0.570083452, -9.34130931e-007, 0.821586793, 0.821586793, 9.25216143e-006, -0.570083452, -7.06892105e-006, 1, 6.04197376e-006, 0.11126936, -0.0140557617, -0.153347925, 0, 0, 0, 0, 0, 0, 0, 0.170430029, 0.0478548828, -0.133562061, 0, 0, 0, 0, 0, 0, 0, 1, 1, 1, 
62.4034306, 0.1, 0.1, 0.100136593, 0.191816924, -0.0199691158, 0.570083438, 7.09018399e-006, 0.821586803, 0.821586803, 3.72825446e-006, -0.570083438, -7.10508112e-006, 1, -3.69978547e-006, 0.570083416, 1.09320235e-005, 0.821586818, 0.821586818, 8.89664722e-006, -0.570083416, -1.35415334e-005, 1, -3.90977537e-006, 0.11126936, -0.0140557617, -0.153347925, 0, 0, 0, 0, 0, 0, 0, 0.170430029, 0.0478548828, -0.133562061, 0, 0, 0, 0, 0, 0, 0, 1, 1, 1, 
62.4041606, 0.1, 0.1, 0.10013659, 0.191816918, -0.0199695721, 0.570083483, 1.06621037e-006, 0.821586771, 0.821586771, 1.39504988e-005, -0.570083483, -1.20693742e-005, 1, 7.07696463e-006, 0.570083494, 6.47285832e-006, 0.821586763, 0.821586763, 4.4669292e-006, -0.570083494, -7.36003959e-006, 1, -2.7714921e-006, 0.111790894, -0.0159273926, -0.153158618, 0, 0, 0, 0, 0, 0, 0, 0.170722461, 0.0461799805, -0.133213721, 0, 0, 0, 0, 0, 0, 0, 1, 1, 1, 
62.4048727, 0.1, 0.1, 0.100136588, 0.191816912, -0.0199697207, 0.570083424, -1.53080767e-007, 0.821586812, 0.821586812, 1.0057428e-005, -0.570083424, -8.17578137e-006, 1, 5.8593421e-006, 0.570083423, -9.09832583e-006, 0.821586812, 0.821586813, -1.58250782e-006, -0.570083423, 6.48697229e-006, 1, 6.57290304e-006, 0.111790894, -0.0159273926, -0.153158618, 0, 0, 0, 0, 0, 0, 0, 0.170722461, 0.0461799805, -0.133213721, 0, 0, 0, 0, 0, 0, 0, 1, 1, 1, 
62.4055866, 0.1, 0.1, 0.100136584, 0.191816906, -0.0199696183, 0.570083505, 9.01349636e-007, 0.821586756, 0.821586756, -8.82408436e-006, -0.570083505, 6.73590628e-006, 1, -5.77100187e-006, 0.570083493, -1.03878749e-005, 0.821586764, 0.821586764, -7.59813822e-006, -0.570083493, 1.21644858e-005, 1, 4.20296734e-006, 0.111790894, -0.0159273926, -0.153158618, 0, 0, 0, 0, 0, 0, 0, 0.170722461, 0.0461799805, -0.133213721, 0, 0, 0, 0, 0, 0, 0, 1, 1, 1, 
62.4063446, 0.1, 0.1, 0.10013658, 0.191816899, -0.0199688656, 0.570083429, -2.61345337e-006, 0.821586808, 0.821586808, -1.37183614e-005, -0.570083429, 1.27607112e-005, 1, -5.67343168e-006, 0.570083448, 2.85998083e-007, 0.821586796, 0.821586795, -9.46601353e-006, -0.570083448, 7.61410895e-006, 1, -5.63138988e-006, 0.111790894, -0.0159273926, -0.153158618, 0, 0, 0, 0, 0, 0, 0, 0.170722461, 0.0461799805, -0.133213721, 0, 0, 0, 0, 0, 0, 0, 1, 1, 1, 
62.4071772, 0.1, 0.1, 0.100136577, 0.191816892, -0.0199673933, 0.570083484, -2.04283288e-005, 0.82158677, 0.82158677, -1.06981371e-005, -0.570083484, 2.04353008e-005, 1, 1.06848134e-005, 0.570083443, 9.32148139e-006, 0.821586799, 0.821586799, 1.71153091e-006, -0.570083443, -6.72019341e-006, 1, -6.68269062e-006, 0.111790894, -0.0159273926, -0.153158618, 0, 0, 0, 0, 0, 0, 0, 0.170722461, 0.0461799805, -0.133213721, 0, 0, 0, 0, 0, 0, 0, 1, 1, 1, 
62.4079258, 0.1, 0.1, 0.100136575, 0.191816885, -0.0199648519, 0.570083504, 1.58222888e-005, 0.821586756, 0.821586755, 4.01574288e-005, -0.570083504, -4.20128375e-005, 0.999999999, 9.89370485e-006, 0.570083507, 7.05714262e-006, 0.821586755, 0.821586754, 2.76187855e-005, -0.570083507, -2.6714389e-005, 1, 9.94695922e-006, 0.111790894, -0.0159273926, -0.153158618, 0, 0, 0, 0, 0, 0, 0, 0.170722461, 0.0461799805, -0.133213721, 0, 0, 0, 0, 0, 0, 0, 1, 1, 1, 
62.4086817, 0.1, 0.1, 0.100136571, 0.191816877, -0.0199635447, 0.570083524, -2.29284068e-005, 0.821586742, 0.821586741, -3.47125043e-005, -0.570083525, 4.15904403e-005, 0.999999999, -9.51351768e-007, 0.570083556, -2.18881022e-005, 0.82158672, 0.82158672, -1.19544577e-005, -0.570083556, 2.22996708e-005, 1, 1.11679344e-005, 0.112138501, -0.0179821045, -0.153339136, 0, 0, 0, 0, 0, 0, 0, 0.170722461, 0.0461799805, -0.133213721, 0, 0, 0, 0, 0, 0, 0, 1, 1, 1, 
62.4094498, 0.1, 0.1, 0.100136569, 0.191816872, -0.0199633326, 0.570083493, 2.40484273e-005, 0.821586764, 0.821586763, 2.53867876e-005, -0.570083494, -3.45670601e-005, 0.999999999, -5.28528104e-006, 0.570083493, 1.37827856e-005, 0.821586764, 0.821586764, 1.12558741e-005, -0.570083493, -1.71050158e-005, 1, -4.90696615e-006, 0.112138501, -0.0179821045, -0.153339136, 0, 0, 0, 0, 0, 0, 0, 0.171024658, 0.0443118652, -0.13305542, 0, 0, 0, 0, 0, 0, 0, 1, 1, 1, 
62.4101631, 0.1, 0.1, 0.100136566, 0.191816866, -0.0199645201, 0.570083466, -2.35617483e-005, 0.821586782, 0.821586782, -2.80149219e-005, -0.570083467, 3.64488527e-005, 0.999999999, 3.38717715e-006, 0.570083442, -4.82497317e-006, 0.8215868, 0.8215868, -1.98173129e-005, -0.570083442, 1.903228e-005, 1, -7.3333877e-006, 0.112138501, -0.0179821045, -0.153339136, 0, 0, 0, 0, 0, 0, 0, 0.171024658, 0.0443118652, -0.13305542, 0, 0, 0, 0, 0, 0, 0, 1, 1, 1, 
62.4108852, 0.1, 0.1, 0.100136564, 0.191816862, -0.019966944, 0.570083491, 1.3706337e-005, 0.821586765, 0.821586765, 2.45901173e-005, -0.570083491, -2.80166714e-005, 1, 2.75747484e-006, 0.570083491, 4.26112328e-006, 0.821586766, 0.821586766, 1.08486654e-005, -0.570083491, -1.1342316e-005, 1, 2.68376256e-006, 0.112138501, -0.0179821045, -0.153339136, 0, 0, 0, 0, 0, 0, 0, 0.171024658, 0.0443118652, -0.13305542, 0, 0, 0, 0, 0, 0, 0, 1, 1, 1, 
62.4116396, 0.1, 0.1, 0.100136559, 0.191816855, -0.019969403, 0.570083539, -1.23368635e-005, 0.821586732, 0.821586732, -2.86127697e-005, -0.570083539, 3.05409148e-005, 1, -6.17586564e-006, 0.570083556, -1.18942952e-005, 0.82158672, 0.82158672, -1.1631036e-005, -0.570083556, 1.63366468e-005, 1, 3.1415326e-006, 0.112692505, -0.0200592773, -0.153353418, 0, 0, 0, 0, 0, 0, 0, 0.171121436, 0.0420424316, -0.132668506, 0, 0, 0, 0, 0, 0, 0, 1, 1, 1, 
62.4123513, 0.1, 0.1, 0.100136556, 0.191816851, -0.0199713262, 0.570083533, 2.02582532e-005, 0.821586736, 0.821586736, 1.85527769e-005, -0.570083533, -2.6791612e-005, 1, -6.06727955e-006, 0.57008353, 1.19759976e-005, 0.821586738, 0.821586738, 6.77692892e-006, -0.57008353, -1.23951539e-005, 1, -5.97590526e-006, 0.112692505, -0.0200592773, -0.153353418, 0, 0, 0, 0, 0, 0, 0, 0.171121436, 0.0420424316, -0.132668506, 0, 0, 0, 0, 0, 0, 0, 1, 1, 1, 
62.4130636, 0.1, 0.1, 0.100136552, 0.191816844, -0.0199724188, 0.570083519, -1.52217942e-005, 0.821586746, 0.821586746, -1.82916776e-005, -0.570083519, 2.37058939e-005, 1, 2.07824046e-006, 0.570083499, -9.04756556e-007, 0.82158676, 0.82158676, -1.2743748e-005, -0.570083499, 1.09858814e-005, 1, -6.52166442e-006, 0.112692505, -0.0200592773, -0.153353418, 0, 0, 0, 0, 0, 0, 0, 0.171121436, 0.0420424316, -0.132668506, 0, 0, 0, 0, 0, 0, 0, 1, 1, 1, 
62.4137996, 0.1, 0.1, 0.100136549, 0.191816839, -0.0199721952, 0.570083543, 1.57001383e-005, 0.821586729, 0.821586729, 2.77104996e-005, -0.570083543, -3.17169692e-005, 0.999999999, 2.89827453e-006, 0.570083543, 8.69378097e-006, 0.821586729, 0.821586729, 1.68895734e-005, -0.570083543, -1.88324308e-005, 1, 2.48577277e-006, 0.112692505, -0.0200592773, -0.153353418, 0, 0, 0, 0, 0, 0, 0, 0.171121436, 0.0420424316, -0.132668506, 0, 0, 0, 0, 0, 0, 0, 1, 1, 1, 
62.4145206, 0.1, 0.1, 0.100136545, 0.191816832, -0.0199708563, 0.570083563, -1.27623716e-005, 0.821586716, 0.821586715, -2.46421439e-005, -0.570083563, 2.75212764e-005, 1, -3.56268625e-006, 0.570083584, -1.20127464e-005, 0.821586701, 0.821586701, -8.03305703e-006, -0.570083584, 1.34481223e-005, 1, 5.28999873e-006, 0.112692505, -0.0200592773, -0.153353418, 0, 0, 0, 0, 0, 0, 0, 0.171121436, 0.0420424316, -0.132668506, 0, 0, 0, 0, 0, 0, 0, 1, 1, 1, 
62.4152259, 0.1, 0.1, 0.100136543, 0.191816827, -0.0199690851, 0.570083542, 1.95419305e-005, 0.82158673, 0.82158673, 2.32903586e-005, -0.570083542, -3.02755825e-005, 1, -2.77794061e-006, 0.570083542, 1.16298347e-005, 0.82158673, 0.82158673, 1.16821962e-005, -0.570083542, -1.62279148e-005, 1, -2.89509007e-006, 0.112692505, -0.0200592773, -0.153353418, 0, 0, 0, 0, 0, 0, 0, 0.171121436, 0.0420424316, -0.132668506, 0, 0, 0, 0, 0, 0, 0, 1, 1, 1, 
62.4159557, 0.1, 0.1, 0.10013654, 0.191816821, -0.0199673221, 0.570083522, -2.72858745e-005, 0.821586744, 0.821586743, -2.55289749e-005, -0.570083522, 3.65294948e-005, 0.999999999, 7.86406491e-006, 0.570083495, -8.41323712e-006, 0.821586763, 0.821586763, -1.80359673e-005, -0.570083495, 1.96143596e-005, 1, -3.36980304e-006, 0.112692505, -0.0200592773, -0.153353418, 0, 0, 0, 0, 0, 0, 0, 0.171121436, 0.0420424316, -0.132668506, 0, 0, 0, 0, 0, 0, 0, 1, 1, 1, 
62.4166818, 0.1, 0.1, 0.100136539, 0.191816817, -0.0199658197, 0.570083557, 1.18334676e-005, 0.82158672, 0.821586719, 2.94897513e-005, -0.570083557, -3.09744533e-005, 0.999999999, 7.08940251e-006, 0.570083555, 2.43914429e-006, 0.821586721, 0.821586721, 1.58374532e-005, -0.570083555, -1.44023573e-005, 1, 7.02470309e-006, 0.113030713, -0.0219084473, -0.153370386, 0, 0, 0, 0, 0, 0, 0, 0.171165479, 0.0403909668, -0.132713184, 0, 0, 0, 0, 0, 0, 0, 1, 1, 1, 
62.4173843, 0.1, 0.1, 0.100136536, 0.191816811, -0.0199655049, 0.570083594, -1.71789195e-005, 0.821586694, 0.821586693, -2.90000643e-005, -0.570083595, 3.36194871e-005, 0.999999999, -2.41848928e-006, 0.570083615, -1.68578611e-005, 0.821586679, 0.821586679, -9.86154097e-006, -0.570083615, 1.77125011e-005, 1, 8.22829116e-006, 0.113030713, -0.0219084473, -0.153370386, 0, 0, 0, 0, 0, 0, 0, 0.171165479, 0.0403909668, -0.132713184, 0, 0, 0, 0, 0, 0, 0, 1, 1, 1, 
62.4180878, 0.1, 0.1, 0.100136534, 0.191816806, -0.0199663608, 0.570083581, 2.15103433e-005, 0.821586703, 0.821586703, 2.54996602e-005, -0.570083581, -3.32128753e-005, 0.999999999, -3.13567439e-006, 0.570083579, 1.18125128e-005, 0.821586704, 0.821586704, 1.20564586e-005, -0.570083579, -1.66395456e-005, 1, -2.83181436e-006, 0.113030713, -0.0219084473, -0.153370386, 0, 0, 0, 0, 0, 0, 0, 0.171165479, 0.0403909668, -0.132713184, 0, 0, 0, 0, 0, 0, 0, 1, 1, 1, 
62.41882, 0.1, 0.1, 0.100136531, 0.191816799, -0.0199678589, 0.570083556, -2.00133328e-005, 0.82158672, 0.82158672, -2.14494051e-005, -0.570083557, 2.90318183e-005, 1, 4.21473532e-006, 0.570083534, -3.40614148e-006, 0.821586736, 0.821586736, -1.45927293e-005, -0.570083534, 1.3930978e-005, 1, -5.52063404e-006, 0.113030713, -0.0219084473, -0.153370386, 0, 0, 0, 0, 0, 0, 0, 0.171165479, 0.0403909668, -0.132713184, 0, 0, 0, 0, 0, 0, 0, 1, 1, 1, 
62.4195264, 0.1, 0.1, 0.100136528, 0.191816795, -0.0199694944, 0.570083581, 1.43226789e-005, 0.821586703, 0.821586702, 2.70908391e-005, -0.570083582, -3.04225973e-005, 1, 3.67672011e-006, 0.570083581, 5.98178097e-006, 0.821586703, 0.821586703, 1.49243671e-005, -0.570083581, -1.56717767e-005, 1, 3.59358492e-006, 0.113030713, -0.0219084473, -0.153370386, 0, 0, 0, 0, 0, 0, 0, 0.171165479, 0.0403909668, -0.132713184, 0, 0, 0, 0, 0, 0, 0, 1, 1, 1, 
62.4202311, 0.1, 0.1, 0.100136524, 0.191816789, -0.0199709499, 0.570083612, -9.95380253e-006, 0.821586682, 0.821586681, -2.2542354e-005, -0.570083612, 2.41949975e-005, 1, -4.673115e-006, 0.57008363, -9.38588693e-006, 0.821586669, 0.821586669, -6.19750694e-006, -0.57008363, 1.04425296e-005, 1, 4.17822233e-006, 0.113030713, -0.0219084473, -0.153370386, 0, 0, 0, 0, 0, 0, 0, 0.171165479, 0.0403909668, -0.132713184, 0, 0, 0, 0, 0, 0, 0, 1, 1, 1, 
62.4209673, 0.1, 0.1, 0.100136521, 0.191816784, -0.0199716829, 0.570083604, 2.34259473e-005, 0.821586686, 0.821586686, 2.29042012e-005, -0.570083605, -3.21725352e-005, 0.999999999, -6.18913689e-006, 0.570083602, 1.55782638e-005, 0.821586688, 0.821586688, 1.17886959e-005, -0.570083602, -1.85663484e-005, 1, -6.07835192e-006, 0.113409448, -0.0241660156, -0.153320215, 0, 0, 0, 0, 0, 0, 0, 0.171165479, 0.0403909668, -0.132713184, 0, 0, 0, 0, 0, 0, 0, 1, 1, 1, 
62.4216857, 0.1, 0.1, 0.100136518, 0.191816778, -0.0199712337, 0.570083588, -1.63131956e-005, 0.821586698, 0.821586698, -1.98273026e-005, -0.570083588, 2.55897331e-005, 1, 2.09948469e-006, 0.570083568, -1.18885719e-006, 0.821586712, 0.821586712, -1.3439946e-005, -0.570083568, 1.1719829e-005, 1, -6.68514312e-006, 0.113409448, -0.0241660156, -0.153320215, 0, 0, 0, 0, 0, 0, 0, 0.171457666, 0.0382947266, -0.132546338, 0, 0, 0, 0, 0, 0, 0, 1, 1, 1, 
62.422395, 0.1, 0.1, 0.100136515, 0.191816774, -0.0199702047, 0.57008361, 1.42170448e-005, 0.821586682, 0.821586682, 2.52614255e-005, -0.570083611, -2.8859355e-005, 1, 2.72059e-006, 0.57008361, 6.70241132e-006, 0.821586683, 0.821586683, 1.41668855e-005, -0.57008361, -1.54602593e-005, 1, 2.56969736e-006, 0.113409448, -0.0241660156, -0.153320215, 0, 0, 0, 0, 0, 0, 0, 0.171457666, 0.0382947266, -0.132546338, 0, 0, 0, 0, 0, 0, 0, 1, 1, 1, 
62.4230993, 0.1, 0.1, 0.100136512, 0.191816769, -0.0199689583, 0.570083636, -1.45611959e-005, 0.821586665, 0.821586664, -2.99245887e-005, -0.570083636, 3.28867426e-005, 0.999999999, -5.09623397e-006, 0.570083656, -1.3873975e-005, 0.821586651, 0.821586651, -1.24089443e-005, -0.570083657, 1.81043494e-005, 1, 4.32453626e-006, 0.113409448, -0.0241660156, -0.153320215, 0, 0, 0, 0, 0, 0, 0, 0.171457666, 0.0382947266, -0.132546338, 0, 0, 0, 0, 0, 0, 0, 1, 1, 1, 
62.4238486, 0.1, 0.1, 0.10013651, 0.191816764, -0.0199674517, 0.570083628, 2.31196942e-005, 0.82158667, 0.82158667, 2.46487175e-005, -0.570083628, -3.34312169e-005, 0.999999999, -4.94300227e-006, 0.570083624, 1.46989196e-005, 0.821586673, 0.821586673, 1.26033061e-005, -0.570083624, -1.87343217e-005, 1, -4.89149807e-006, 0.114020947, -0.0262132812, -0.153573242, 0, 0, 0, 0, 0, 0, 0, 0.171805518, 0.0360438477, -0.132392188, 0, 0, 0, 0, 0, 0, 0, 1, 1, 1, 
62.4245704, 0.1, 0.1, 0.100136507, 0.191816759, -0.0199663506, 0.570083624, -2.3886452e-005, 0.821586673, 0.821586673, -2.71488686e-005, -0.570083624, 3.59224237e-005, 0.999999999, 4.14766519e-006, 0.570083596, -6.21137923e-006, 0.821586693, 0.821586692, -1.99506628e-005, -0.570083596, 1.99322045e-005, 1, -6.2703591e-006, 0.114020947, -0.0262132812, -0.153573242, 0, 0, 0, 0, 0, 0, 0, 0.171805518, 0.0360438477, -0.132392188, 0, 0, 0, 0, 0, 0, 0, 1, 1, 1, 
62.4252801, 0.1, 0.1, 0.100136505, 0.191816756, -0.0199660682, 0.570083671, 1.35039424e-005, 0.821586641, 0.82158664, 2.75182239e-005, -0.570083671, -3.03069822e-005, 1, 4.59303139e-006, 0.570083666, 4.22905918e-006, 0.821586644, 0.821586644, 1.38589392e-005, -0.570083666, -1.37972369e-005, 1, 4.42621635e-006, 0.114020947, -0.0262132812, -0.153573242, 0, 0, 0, 0, 0, 0, 0, 0.171805518, 0.0360438477, -0.132392188, 0, 0, 0, 0, 0, 0, 0, 1, 1, 1, 
62.4260366, 0.1, 0.1, 0.100136503, 0.191816751, -0.0199664645, 0.570083711, -1.950745e-005, 0.821586612, 0.821586612, -3.55819986e-005, -0.570083712, 4.03545732e-005, 0.999999999, -4.25765805e-006, 0.570083735, -1.93032021e-005, 0.821586596, 0.821586596, -1.68753123e-005, -0.570083736, 2.4868972e-005, 1, 6.23891108e-006, 0.114020947, -0.0262132812, -0.153573242, 0, 0, 0, 0, 0, 0, 0, 0.171805518, 0.0360438477, -0.132392188, 0, 0, 0, 0, 0, 0, 0, 1, 1, 1, 
62.4267446, 0.1, 0.1, 0.100136502, 0.191816748, -0.0199672741, 0.570083684, 1.99131429e-005, 0.821586631, 0.821586631, 2.06955963e-005, -0.570083684, -2.83553831e-005, 1, -4.56215017e-006, 0.570083685, 1.0153362e-005, 0.821586631, 0.821586631, 6.88596706e-006, -0.570083685, -1.14456845e-005, 1, -4.41628898e-006, 0.114020947, -0.0262132812, -0.153573242, 0, 0, 0, 0, 0, 0, 0, 0.171805518, 0.0360438477, -0.132392188, 0, 0, 0, 0, 0, 0, 0, 1, 1, 1, 
62.4274506, 0.1, 0.1, 0.100136498, 0.191816742, -0.019968607, 0.570083651, -1.84771759e-005, 0.821586654, 0.821586654, -1.91727438e-005, -0.570083651, 2.62856063e-005, 1, 4.25053337e-006, 0.570083632, -2.58340631e-006, 0.821586668, 0.821586668, -1.31211138e-005, -0.570083632, 1.22528898e-005, 1, -5.35764005e-006, 0.114020947, -0.0262132812, -0.153573242, 0, 0, 0, 0, 0, 0, 0, 0.171805518, 0.0360438477, -0.132392188, 0, 0, 0, 0, 0, 0, 0, 1, 1, 1, 
62.4281654, 0.1, 0.1, 0.100136496, 0.191816738, -0.0199700277, 0.570083667, 1.62488654e-005, 0.821586644, 0.821586643, 3.11961008e-005, -0.570083667, -3.48935125e-005, 0.999999999, 4.43453677e-006, 0.570083667, 7.58501306e-006, 0.821586643, 0.821586643, 1.83449442e-005, -0.570083667, -1.93960532e-005, 1, 4.22640763e-006, 0.114020947, -0.0262132812, -0.153573242, 0, 0, 0, 0, 0, 0, 0, 0.171805518, 0.0360438477, -0.132392188, 0, 0, 0, 0, 0, 0, 0, 1, 1, 1, 
62.4289137, 0.1, 0.1, 0.100136492, 0.191816731, -0.019970696, 0.570083693, -1.08791777e-005, 0.821586626, 0.821586625, -2.13270053e-005, -0.570083693, 2.37240241e-005, 1, -3.21999099e-006, 0.570083713, -1.04144332e-005, 0.821586611, 0.821586611, -4.99762015e-006, -0.570083713, 1.00430766e-005, 1, 5.70729702e-006, 0.114581665, -0.0280576904, -0.153554932, 0, 0, 0, 0, 0, 0, 0, 0.172072803, 0.0343757812, -0.132206787, 0, 0, 0, 0, 0, 0, 0, 1, 1, 1, 
62.429623, 0.1, 0.1, 0.10013649, 0.191816727, -0.0199706385, 0.57008367, 2.10644817e-005, 0.821586641, 0.821586641, 2.38176177e-005, -0.57008367, -3.15767535e-005, 0.999999999, -3.72826185e-006, 0.57008367, 1.32573567e-005, 0.821586641, 0.821586641, 1.30634415e-005, -0.57008367, -1.82905516e-005, 1, -3.44481251e-006, 0.114581665, -0.0280576904, -0.153554932, 0, 0, 0, 0, 0, 0, 0, 0.172072803, 0.0343757812, -0.132206787, 0, 0, 0, 0, 0, 0, 0, 1, 1, 1, 
62.4303296, 0.1, 0.1, 0.100136487, 0.191816721, -0.0199701682, 0.570083647, -1.90856441e-005, 0.821586657, 0.821586657, -2.11477359e-005, -0.570083648, 2.82551112e-005, 1, 3.62453212e-006, 0.570083627, -3.31138218e-006, 0.821586671, 0.821586671, -1.43467042e-005, -0.570083627, 1.36748257e-005, 1, -5.45823369e-006, 0.114581665, -0.0280576904, -0.153554932, 0, 0, 0, 0, 0, 0, 0, 0.172072803, 0.0343757812, -0.132206787, 0, 0, 0, 0, 0, 0, 0, 1, 1, 1, 
62.4310562, 0.1, 0.1, 0.100136485, 0.191816718, -0.0199693335, 0.570083663, 1.45142323e-005, 0.821586646, 0.821586646, 2.73244122e-005, -0.570083663, -3.07236989e-005, 1, 3.65250159e-006, 0.570083664, 5.99981312e-006, 0.821586646, 0.821586646, 1.50969818e-005, -0.570083664, -1.58238741e-005, 1, 3.67717638e-006, 0.114581665, -0.0280576904, -0.153554932, 0, 0, 0, 0, 0, 0, 0, 0.172072803, 0.0343757812, -0.132206787, 0, 0, 0, 0, 0, 0, 0, 1, 1, 1, 
62.4317639, 0.1, 0.1, 0.100136482, 0.191816713, -0.0199683291, 0.570083688, -1.40568367e-005, 0.821586629, 0.821586629, -2.9395502e-005, -0.570083688, 3.21645247e-005, 0.999999999, -5.20898709e-006, 0.570083709, -1.34329499e-005, 0.821586614, 0.821586614, -1.15459831e-005, -0.570083709, 1.7143931e-005, 1, 4.454155e-006, 0.114581665, -0.0280576904, -0.153554932, 0, 0, 0, 0, 0, 0, 0, 0.172072803, 0.0343757812, -0.132206787, 0, 0, 0, 0, 0, 0, 0, 1, 1, 1, 
62.4324735, 0.1, 0.1, 0.10013648, 0.19181671, -0.0199676693, 0.570083671, 2.1984732e-005, 0.82158664, 0.82158664, 2.09716364e-005, -0.570083672, -2.9763153e-005, 1, -6.10677466e-006, 0.57008367, 1.33175671e-005, 0.821586641, 0.821586641, 8.62437617e-006, -0.57008367, -1.46777998e-005, 1, -6.0249192e-006, 0.114581665, -0.0280576904, -0.153554932, 0, 0, 0, 0, 0, 0, 0, 0.172072803, 0.0343757812, -0.132206787, 0, 0, 0, 0, 0, 0, 0, 1, 1, 1, 
62.4331784, 0.1, 0.1, 0.100136478, 0.191816705, -0.0199674983, 0.570083648, -2.09879129e-005, 0.821586656, 0.821586656, -2.50918929e-005, -0.570083649, 3.25800304e-005, 0.999999999, 2.93891134e-006, 0.570083626, -4.16502328e-006, 0.821586672, 0.821586671, -1.82656194e-005, -0.570083626, 1.7381201e-005, 1, -6.99100293e-006, 0.114581665, -0.0280576904, -0.153554932, 0, 0, 0, 0, 0, 0, 0, 0.172072803, 0.0343757812, -0.132206787, 0, 0, 0, 0, 0, 0, 0, 1, 1, 1, 
62.4339298, 0.1, 0.1, 0.100136476, 0.191816702, -0.0199675538, 0.570083665, 1.61948322e-005, 0.821586645, 0.821586644, 3.00636815e-005, -0.570083665, -3.39323286e-005, 0.999999999, 3.83335589e-006, 0.570083666, 6.88852104e-006, 0.821586644, 0.821586644, 1.62085246e-005, -0.570083666, -1.72437406e-005, 1, 3.58069822e-006, 0.114734351, -0.0298510742, -0.153664893, 0, 0, 0, 0, 0, 0, 0, 0.172072803, 0.0343757812, -0.132206787, 0, 0, 0, 0, 0, 0, 0, 1, 1, 1, 
62.4346413, 0.1, 0.1, 0.100136472, 0.191816696, -0.0199678114, 0.570083688, -1.32411993e-005, 0.821586629, 0.821586629, -2.63397174e-005, -0.570083688, 2.91889513e-005, 1, -4.13705094e-006, 0.57008371, -1.24549819e-005, 0.821586613, 0.821586613, -8.09909098e-006, -0.57008371, 1.3754487e-005, 1, 5.61568657e-006, 0.114734351, -0.0298510742, -0.153664893, 0, 0, 0, 0, 0, 0, 0, 0.172144922, 0.0327377441, -0.132241455, 0, 0, 0, 0, 0, 0, 0, 1, 1, 1, 
62.4353549, 0.1, 0.1, 0.100136471, 0.191816693, -0.0199684515, 0.570083665, 2.08461659e-005, 0.821586645, 0.821586644, 2.32220226e-005, -0.570083665, -3.09629623e-005, 1, -3.88843574e-006, 0.570083666, 1.18899961e-005, 0.821586644, 0.821586644, 1.04415762e-005, -0.570083666, -1.53569521e-005, 1, -3.81608998e-006, 0.114734351, -0.0298510742, -0.153664893, 0, 0, 0, 0, 0, 0, 0, 0.172144922, 0.0327377441, -0.132241455, 0, 0, 0, 0, 0, 0, 0, 1, 1, 1, 
62.4360833, 0.1, 0.1, 0.100136468, 0.191816688, -0.0199690926, 0.570083635, -2.18253419e-005, 0.821586665, 0.821586665, -2.26285253e-005, -0.570083635, 3.10335649e-005, 1, 5.03125792e-006, 0.570083614, -5.36475814e-006, 0.82158668, 0.82158668, -1.58148007e-005, -0.570083614, 1.60515903e-005, 1, -4.60814491e-006, 0.114734351, -0.0298510742, -0.153664893, 0, 0, 0, 0, 0, 0, 0, 0.172144922, 0.0327377441, -0.132241455, 0, 0, 0, 0, 0, 0, 0, 1, 1, 1, 
62.4368235, 0.1, 0.1, 0.100136467, 0.191816685, -0.0199691818, 0.570083654, 1.23870425e-005, 0.821586652, 0.821586652, 2.58252215e-005, -0.570083655, -2.82793077e-005, 1, 4.54550784e-006, 0.570083656, 4.1386937e-006, 0.821586651, 0.821586651, 1.37201583e-005, -0.570083656, -1.36317006e-005, 1, 4.42134252e-006, 0.115338281, -0.0316526367, -0.15381416, 0, 0, 0, 0, 0, 0, 0, 0.172413184, 0.0309382324, -0.132205811, 0, 0, 0, 0, 0, 0, 0, 1, 1, 1, 
62.4375292, 0.1, 0.1, 0.100136465, 0.19181668, -0.0199692409, 0.570083674, -1.43407429e-005, 0.821586639, 0.821586638, -2.71853429e-005, -0.570083674, 3.05105379e-005, 1, -3.71575744e-006, 0.570083695, -1.39208908e-005, 0.821586624, 0.821586624, -1.02303239e-005, -0.570083695, 1.63411702e-005, 1, 5.60507684e-006, 0.115338281, -0.0316526367, -0.15381416, 0, 0, 0, 0, 0, 0, 0, 0.172413184, 0.0309382324, -0.132205811, 0, 0, 0, 0, 0, 0, 0, 1, 1, 1, 
62.4382368, 0.1, 0.1, 0.100136463, 0.191816677, -0.0199692753, 0.57008365, 1.99931881e-005, 0.821586655, 0.821586655, 2.20552499e-005, -0.57008365, -2.95180886e-005, 1, -3.85279922e-006, 0.57008365, 1.14842676e-005, 0.821586655, 0.821586655, 1.00223684e-005, -0.57008365, -1.47812373e-005, 1, -3.72173263e-006, 0.115338281, -0.0316526367, -0.15381416, 0, 0, 0, 0, 0, 0, 0, 0.172413184, 0.0309382324, -0.132205811, 0, 0, 0, 0, 0, 0, 0, 1, 1, 1, 
62.4389657, 0.1, 0.1, 0.100136461, 0.191816672, -0.0199690502, 0.570083615, -2.05475852e-005, 0.821586679, 0.821586679, -2.16064611e-005, -0.570083615, 2.94654223e-005, 1, 4.56413283e-006, 0.570083596, -4.692052e-006, 0.821586693, 0.821586693, -1.52579505e-005, -0.570083596, 1.5210591e-005, 1, -4.84337983e-006, 0.115338281, -0.0316526367, -0.15381416, 0, 0, 0, 0, 0, 0, 0, 0.172413184, 0.0309382324, -0.132205811, 0, 0, 0, 0, 0, 0, 0, 1, 1, 1, 
62.4396782, 0.1, 0.1, 0.100136459, 0.191816669, -0.0199688001, 0.570083623, 1.44522121e-005, 0.821586674, 0.821586673, 2.91020731e-005, -0.570083624, -3.21488449e-005, 0.999999999, 4.71687043e-006, 0.570083626, 6.16074193e-006, 0.821586672, 0.821586671, 1.69913086e-005, -0.570083626, -1.74719708e-005, 1, 4.62488338e-006, 0.115338281, -0.0316526367, -0.15381416, 0, 0, 0, 0, 0, 0, 0, 0.172413184, 0.0309382324, -0.132205811, 0, 0, 0, 0, 0, 0, 0, 1, 1, 1, 
62.4403904, 0.1, 0.1, 0.100136456, 0.191816664, -0.0199686162, 0.570083638, -1.27352547e-005, 0.821586663, 0.821586663, -2.56419717e-005, -0.570083638, 2.83272623e-005, 1, -4.15495308e-006, 0.570083662, -1.21758336e-005, 0.821586647, 0.821586647, -7.71741907e-006, -0.570083662, 1.32817723e-005, 1, 5.60392776e-006, 0.115338281, -0.0316526367, -0.15381416, 0, 0, 0, 0, 0, 0, 0, 0.172413184, 0.0309382324, -0.132205811, 0, 0, 0, 0, 0, 0, 0, 1, 1, 1, 
62.4411163, 0.1, 0.1, 0.100136454, 0.191816661, -0.0199685295, 0.570083611, 2.31602562e-005, 0.821586682, 0.821586682, 2.47897e-005, -0.570083611, -3.35701698e-005, 0.999999999, -4.89595633e-006, 0.570083612, 1.40986548e-005, 0.821586681, 0.821586681, 1.19698483e-005, -0.570083613, -1.787168e-005, 1, -4.75945264e-006, 0.115338281, -0.0316526367, -0.15381416, 0, 0, 0, 0, 0, 0, 0, 0.172413184, 0.0309382324, -0.132205811, 0, 0, 0, 0, 0, 0, 0, 1, 1, 1, 
62.4418482, 0.1, 0.1, 0.100136452, 0.191816655, -0.0199681845, 0.570083569, -2.03623965e-005, 0.821586711, 0.821586711, -2.19126489e-005, -0.570083569, 2.96114089e-005, 1, 4.2374333e-006, 0.57008355, -3.78994188e-006, 0.821586724, 0.821586724, -1.49286523e-005, -0.57008355, 1.44257661e-005, 1, -5.39681318e-006, 0.115505127, -0.0334494385, -0.153954517, 0, 0, 0, 0, 0, 0, 0, 0.172426953, 0.0291069824, -0.132146973, 0, 0, 0, 0, 0, 0, 0, 1, 1, 1, 
62.4425885, 0.1, 0.1, 0.10013645, 0.191816652, -0.0199680574, 0.570083577, 1.55245588e-005, 0.821586706, 0.821586705, 3.00356842e-005, -0.570083577, -3.35272149e-005, 0.999999999, 4.36807914e-006, 0.570083578, 5.3261769e-006, 0.821586705, 0.821586705, 1.51931969e-005, -0.570083578, -1.55188946e-005, 1, 4.2854759e-006, 0.115505127, -0.0334494385, -0.153954517, 0, 0, 0, 0, 0, 0, 0, 0.172426953, 0.0291069824, -0.132146973, 0, 0, 0, 0, 0, 0, 0, 1, 1, 1, 
62.4433068, 0.1, 0.1, 0.100136447, 0.191816648, -0.0199679208, 0.570083599, -1.37601644e-005, 0.82158669, 0.82158669, -2.8751549e-005, -0.570083599, 3.1466334e-005, 0.999999999, -5.08561857e-006, 0.570083624, -1.29533481e-005, 0.821586673, 0.821586673, -9.39262225e-006, -0.570083624, 1.51013449e-005, 1, 5.28771808e-006, 0.115505127, -0.0334494385, -0.153954517, 0, 0, 0, 0, 0, 0, 0, 0.172426953, 0.0291069824, -0.132146973, 0, 0, 0, 0, 0, 0, 0, 1, 1, 1, 
