time, realDorsalTactorPos, realVentralTactorPos, boxPosX, boxPosY, boxPosZ, boxLocalRot_11, boxLocalRot_12, boxLocalRot_13, boxLocalRot_21, boxLocalRot_22, boxLocalRot_23, boxLocalRot_31, boxLocalRot_32, boxLocalRot_33, boxGlobalRot_11, boxGlobalRot_12, boxGlobalRot_13], boxGlobalRot_21, boxGlobalRot_22, boxGlobalRot_23, boxGlobalRot_31, boxGlobalRot_32, boxGlobalRot_33, indexPosX, indexPosY, indexPosZ, indexContact, indexForceX, indexForceY, indexForceZ, indexForceGlobalX, indexForceGlobalY, indexForceGlobalZ, thumbPosX, thumbPosY, thumbPosZ, thumbContact, thumbForceX, thumbForceY, thumbForceZ, thumbForceGlobalX, thumbForceGlobalY, thumbForceGlobalZ, hoopSuccess, targetSuccess, trialSuccess, 
183.67329, 0.1, 0.1, 0.118555189, 0.200289126, -0.0199727805, 0.846095709, 9.1194974e-006, 0.533031004, 0.533031004, -4.32221977e-007, -0.846095709, -7.4855799e-006, 1, -5.22667601e-006, 0.846095713, -4.79207181e-007, 0.533030998, 0.533030998, -7.19839209e-007, -0.846095713, 7.89151753e-007, 1, -3.53620587e-007, 0.0714706055, 0.0393549316, -0.153484009, 0, 0, 0, 0, 0, 0, 0, 0.156255811, 0.0858041992, -0.141019043, 0, 0, 0, 0, 0, 0, 0, 1, 1, 1, 
183.71953, 0.1, 0.1, 0.118554396, 0.200285873, -0.0199703803, 0.846097798, 5.01506582e-006, 0.533027689, 0.533027689, 1.05854322e-005, -0.846097798, -9.88556462e-006, 1, 6.28314195e-006, 0.846097772, 2.09683641e-005, 0.53302773, 0.53302773, 4.14709122e-006, -0.846097772, -1.99518008e-005, 1, -7.66787487e-006, 0.0713358154, 0.00310124512, -0.157964429, 0, 0, 0, 0, 0, 0, 0, 0.155562012, 0.0526162598, -0.145147998, 0, 0, 0, 0, 0, 0, 0, 1, 1, 1, 
183.720238, 0.1, 0.1, 0.118554388, 0.20028584, -0.0199695536, 0.846097782, 1.59692142e-005, 0.533027713, 0.533027713, -2.71501645e-007, -0.846097782, -1.33667989e-005, 1, -8.74175068e-006, 0.846097801, 2.15175081e-006, 0.533027684, 0.533027683, -1.54905474e-005, -0.846097801, 6.43629897e-006, 1, -1.42534608e-005, 0.0713358154, 0.00310124512, -0.157964429, 0, 0, 0, 0, 0, 0, 0, 0.155562012, 0.0526162598, -0.145147998, 0, 0, 0, 0, 0, 0, 0, 1, 1, 1, 
183.720948, 0.1, 0.1, 0.118554379, 0.200285806, -0.0199686298, 0.846097609, -1.03291489e-005, 0.533027987, 0.533027987, -2.25235892e-005, -0.846097609, 2.07451716e-005, 1, -1.35514295e-005, 0.846097644, -4.27576024e-006, 0.533027933, 0.533027933, -1.33797493e-005, -0.846097643, 1.07494908e-005, 1, -9.0414747e-006, 0.0713358154, 0.00310124512, -0.157964429, 0, 0, 0, 0, 0, 0, 0, 0.155562012, 0.0526162598, -0.145147998, 0, 0, 0, 0, 0, 0, 0, 1, 1, 1, 
183.721659, 0.1, 0.1, 0.118554371, 0.200285771, -0.0199678848, 0.846097533, 2.21304677e-005, 0.533028108, 0.533028108, 2.52049842e-006, -0.846097533, -2.00680307e-005, 1, -9.66357386e-006, 0.846097531, 1.51741055e-005, 0.533028112, 0.533028112, 1.62457565e-005, -0.846097531, -2.14982181e-005, 1, 5.65726967e-006, 0.0713358154, 0.00310124512, -0.157964429, 0, 0, 0, 0, 0, 0, 0, 0.155562012, 0.0526162598, -0.145147998, 0, 0, 0, 0, 0, 0, 0, 1, 1, 1, 
183.722364, 0.1, 0.1, 0.118554365, 0.200285739, -0.0199675616, 0.846097667, -1.2423248e-005, 0.533027895, 0.533027895, 5.64746431e-007, -0.846097667, 1.02102556e-005, 1, 7.09976839e-006, 0.84609763, -2.50197688e-005, 0.533027954, 0.533027954, -1.19787643e-006, -0.84609763, 2.18076687e-005, 1, 1.23227158e-005, 0.0713358154, 0.00310124512, -0.157964429, 0, 0, 0, 0, 0, 0, 0, 0.155562012, 0.0526162598, -0.145147998, 0, 0, 0, 0, 0, 0, 0, 1, 1, 1, 
183.723084, 0.1, 0.1, 0.118554355, 0.200285705, -0.0199676898, 0.846097819, -1.79550826e-005, 0.533027655, 0.533027655, 4.18401652e-006, -0.846097819, 1.29615597e-005, 1, 1.31106428e-005, 0.846097804, 3.92232239e-006, 0.533027678, 0.533027678, 1.20883593e-005, -0.846097804, -9.76209846e-006, 1, 8.13722786e-006, 0.0713358154, 0.00310124512, -0.157964429, 0, 0, 0, 0, 0, 0, 0, 0.155562012, 0.0526162598, -0.145147998, 0, 0, 0, 0, 0, 0, 0, 1, 1, 1, 
183.723809, 0.1, 0.1, 0.118554347, 0.200285673, -0.0199679095, 0.846097752, 1.21680592e-005, 0.533027761, 0.533027761, 1.61022706e-005, -0.846097752, -1.88783248e-005, 1, 7.13818157e-006, 0.846097785, 1.21787857e-005, 0.533027708, 0.533027708, -2.18053217e-006, -0.846097785, -9.14215958e-006, 1, -8.3365737e-006, 0.0712515869, 0.000165771485, -0.158064624, 0, 0, 0, 0, 0, 0, 0, 0.155452979, 0.0498361328, -0.144983838, 0, 0, 0, 0, 0, 0, 0, 1, 1, 1, 
183.724518, 0.1, 0.1, 0.118554341, 0.200285642, -0.019968447, 0.846097567, -1.51663839e-005, 0.533028054, 0.533028053, -1.88017764e-005, -0.846097568, 2.28541148e-005, 1, -7.82402922e-006, 0.846097601, -1.32955866e-005, 0.533028001, 0.533028001, -2.36632291e-005, -0.846097601, 2.38625276e-005, 1, -1.29344814e-005, 0.0712515869, 0.000165771485, -0.158064624, 0, 0, 0, 0, 0, 0, 0, 0.155452979, 0.0498361328, -0.144983838, 0, 0, 0, 0, 0, 0, 0, 1, 1, 1, 
183.725226, 0.1, 0.1, 0.118554331, 0.200285609, -0.0199691401, 0.846097521, 1.52505792e-005, 0.533028128, 0.533028128, -7.53210531e-006, -0.846097521, -8.88865326e-006, 1, -1.45018833e-005, 0.846097512, 2.13850915e-005, 0.533028141, 0.533028141, 2.09047145e-006, -0.846097512, -1.92081528e-005, 1, -9.63011286e-006, 0.0712515869, 0.000165771485, -0.158064624, 0, 0, 0, 0, 0, 0, 0, 0.155452979, 0.0498361328, -0.144983838, 0, 0, 0, 0, 0, 0, 0, 1, 1, 1, 
183.725935, 0.1, 0.1, 0.118554325, 0.200285578, -0.0199697634, 0.846097664, 1.65036938e-005, 0.5330279, 0.5330279, -9.45703251e-007, -0.846097664, -1.34596506e-005, 1, -9.59708656e-006, 0.846097629, -8.55724822e-006, 0.533027956, 0.533027956, 3.75711114e-007, -0.846097629, 7.04000291e-006, 1, 4.87914081e-006, 0.0712515869, 0.000165771485, -0.158064624, 0, 0, 0, 0, 0, 0, 0, 0.155452979, 0.0498361328, -0.144983838, 0, 0, 0, 0, 0, 0, 0, 1, 1, 1, 
183.726645, 0.1, 0.1, 0.118554316, 0.200285546, -0.0199701229, 0.846097768, -1.49700622e-005, 0.533027735, 0.533027735, -5.5866527e-006, -0.846097768, 1.56439771e-005, 1, 3.25260398e-006, 0.846097764, -1.01308958e-005, 0.533027742, 0.533027742, 3.97988887e-006, -0.846097764, 6.45033707e-006, 1, 8.76742357e-006, 0.0712515869, 0.000165771485, -0.158064624, 0, 0, 0, 0, 0, 0, 0, 0.155452979, 0.0498361328, -0.144983838, 0, 0, 0, 0, 0, 0, 0, 1, 1, 1, 
183.727356, 0.1, 0.1, 0.118554307, 0.200285515, -0.0199701291, 0.846097673, 1.42291769e-005, 0.533027887, 0.533027886, 1.84367211e-005, -0.846097673, -2.18665599e-005, 1, 8.01471875e-006, 0.846097705, 1.78875847e-005, 0.533027835, 0.533027835, 1.53539557e-005, -0.846097705, -2.33187301e-005, 1, 3.45636615e-006, 0.0712515869, 0.000165771485, -0.158064624, 0, 0, 0, 0, 0, 0, 0, 0.155452979, 0.0498361328, -0.144983838, 0, 0, 0, 0, 0, 0, 0, 1, 1, 1, 
183.728082, 0.1, 0.1, 0.1185543, 0.200285485, -0.0199697197, 0.846097508, -1.11043609e-005, 0.533028148, 0.533028148, 2.99055506e-008, -0.846097509, 9.3794316e-006, 1, 5.94423994e-006, 0.846097536, -1.19077457e-005, 0.533028103, 0.533028103, -1.91412878e-005, -0.846097536, 2.02779587e-005, 1, -9.84823336e-006, 0.0711531982, -0.0027826416, -0.158227197, 0, 0, 0, 0, 0, 0, 0, 0.155452979, 0.0498361328, -0.144983838, 0, 0, 0, 0, 0, 0, 0, 1, 1, 1, 
183.72879, 0.1, 0.1, 0.118554291, 0.200285455, -0.0199690038, 0.846097524, -7.39374176e-006, 0.533028123, 0.533028123, -1.41371335e-005, -0.846097524, 1.37913164e-005, 1, -8.02032138e-006, 0.846097505, 1.2872857e-005, 0.533028153, 0.533028153, -8.23779193e-006, -0.846097505, -6.50071716e-006, 1, -1.38315704e-005, 0.0711531982, -0.0027826416, -0.158227197, 0, 0, 0, 0, 0, 0, 0, 0.155137061, 0.047057959, -0.145047559, 0, 0, 0, 0, 0, 0, 0, 1, 1, 1, 
183.729505, 0.1, 0.1, 0.118554285, 0.200285425, -0.0199683332, 0.846097701, 2.41893447e-005, 0.533027842, 0.533027842, 4.46967766e-007, -0.846097701, -2.07047952e-005, 1, -1.25154158e-005, 0.846097666, 1.34477385e-005, 0.533027897, 0.533027897, -1.16710682e-006, -0.846097666, -1.07559997e-005, 1, -8.15550614e-006, 0.0711531982, -0.0027826416, -0.158227197, 0, 0, 0, 0, 0, 0, 0, 0.155137061, 0.047057959, -0.145047559, 0, 0, 0, 0, 0, 0, 0, 1, 1, 1, 
183.730213, 0.1, 0.1, 0.118554279, 0.200285395, -0.0199678925, 0.846097779, -1.33186623e-005, 0.533027718, 0.533027718, -1.8156726e-005, -0.846097779, 2.09469288e-005, 1, -8.26314935e-006, 0.846097781, -2.23874273e-005, 0.533027714, 0.533027714, -5.65485663e-006, -0.846097782, 2.19561479e-005, 1, 7.14855756e-006, 0.0711531982, -0.0027826416, -0.158227197, 0, 0, 0, 0, 0, 0, 0, 0.155137061, 0.047057959, -0.145047559, 0, 0, 0, 0, 0, 0, 0, 1, 1, 1, 
183.730945, 0.1, 0.1, 0.11855427, 0.200285363, -0.0199675478, 0.846097638, 4.51285119e-006, 0.533027943, 0.533027943, 1.22852273e-005, -0.846097637, -1.03666822e-005, 1, 7.989026e-006, 0.846097675, 1.17252068e-005, 0.533027883, 0.533027883, 2.31184161e-005, -0.846097675, -2.22434306e-005, 1, 1.3310576e-005, 0.0712299561, -0.00552954102, -0.158110986, 0, 0, 0, 0, 0, 0, 0, 0.155003125, 0.0444927734, -0.145083203, 0, 0, 0, 0, 0, 0, 0, 1, 1, 1, 
183.731658, 0.1, 0.1, 0.118554265, 0.200285335, -0.0199676326, 0.84609748, 1.26261223e-006, 0.533028193, 0.533028193, 1.60372631e-005, -0.84609748, -9.61660638e-006, 1, 1.28960799e-005, 0.846097496, -1.40158289e-005, 0.533028168, 0.533028168, 1.11280048e-006, -0.846097496, 1.12656037e-005, 1, 8.41236929e-006, 0.0712299561, -0.00552954102, -0.158110986, 0, 0, 0, 0, 0, 0, 0, 0.155003125, 0.0444927734, -0.145083203, 0, 0, 0, 0, 0, 0, 0, 1, 1, 1, 
183.732366, 0.1, 0.1, 0.118554257, 0.200285307, -0.0199681224, 0.846097533, -2.28946597e-005, 0.533028109, 0.533028109, -6.17359667e-006, -0.846097533, 2.26618156e-005, 1, 6.98003224e-006, 0.846097502, -6.66351008e-006, 0.533028158, 0.533028158, -1.39023071e-005, -0.846097502, 1.30483003e-005, 1, -8.21086878e-006, 0.0712299561, -0.00552954102, -0.158110986, 0, 0, 0, 0, 0, 0, 0, 0.155003125, 0.0444927734, -0.145083203, 0, 0, 0, 0, 0, 0, 0, 1, 1, 1, 
183.733074, 0.1, 0.1, 0.118554249, 0.200285278, -0.0199688759, 0.846097703, 2.12452613e-005, 0.533027838, 0.533027838, 4.27550678e-006, -0.846097703, -2.0254531e-005, 1, -7.70681926e-006, 0.846097673, 2.43664416e-005, 0.533027887, 0.533027887, 1.71756684e-007, -0.846097673, -2.07079406e-005, 1, -1.28426699e-005, 0.0712299561, -0.00552954102, -0.158110986, 0, 0, 0, 0, 0, 0, 0, 0.155003125, 0.0444927734, -0.145083203, 0, 0, 0, 0, 0, 0, 0, 1, 1, 1, 
183.73379, 0.1, 0.1, 0.118554244, 0.20028525, -0.0199695992, 0.846097738, 3.10106151e-007, 0.533027783, 0.533027783, -1.62548399e-005, -0.846097738, 8.40190118e-006, 1, -1.39184785e-005, 0.846097749, -1.14765834e-005, 0.533027765, 0.533027765, -1.79785452e-005, -0.846097749, 1.92933751e-005, 1, -9.094269e-006, 0.0712299561, -0.00552954102, -0.158110986, 0, 0, 0, 0, 0, 0, 0, 0.155003125, 0.0444927734, -0.145083203, 0, 0, 0, 0, 0, 0, 0, 1, 1, 1, 
183.734507, 0.1, 0.1, 0.118554236, 0.200285221, -0.0199700345, 0.846097584, -4.88451235e-006, 0.533028027, 0.533028027, -1.42466445e-005, -0.846097584, 1.17266349e-005, 1, -9.45046948e-006, 0.846097621, 4.43162795e-006, 0.533027968, 0.533027968, 8.57863102e-006, -0.846097621, -8.32224013e-006, 1, 4.89617766e-006, 0.0712299561, -0.00552954102, -0.158110986, 0, 0, 0, 0, 0, 0, 0, 0.155003125, 0.0444927734, -0.145083203, 0, 0, 0, 0, 0, 0, 0, 1, 1, 1, 
183.735227, 0.1, 0.1, 0.118554229, 0.200285193, -0.0199700455, 0.846097474, 1.43963415e-005, 0.533028203, 0.533028203, 1.31663389e-005, -0.846097474, -1.91987382e-005, 1, 3.46635002e-006, 0.84609748, 2.95710339e-006, 0.533028193, 0.533028193, 1.27533313e-005, -0.84609748, -9.29988288e-006, 1, 9.21434202e-006, 0.0712299561, -0.00552954102, -0.158110986, 0, 0, 0, 0, 0, 0, 0, 0.155003125, 0.0444927734, -0.145083203, 0, 0, 0, 0, 0, 0, 0, 1, 1, 1, 
183.735952, 0.1, 0.1, 0.118554223, 0.200285167, -0.0199694406, 0.846097569, -2.20472622e-005, 0.533028052, 0.533028052, -3.24360055e-006, -0.846097569, 2.0383065e-005, 1, 9.00740665e-006, 0.846097536, -2.0471984e-005, 0.533028104, 0.533028104, -8.08281603e-006, -0.846097536, 2.16296633e-005, 1, 4.07329209e-006, 0.0709522705, -0.00867189941, -0.158186768, 0, 0, 0, 0, 0, 0, 0, 0.154695752, 0.0417094727, -0.144919043, 0, 0, 0, 0, 0, 0, 0, 1, 1, 1, 
183.736661, 0.1, 0.1, 0.118554214, 0.200285139, -0.0199687605, 0.846097734, 5.01163648e-006, 0.533027789, 0.533027789, 1.0513075e-005, -0.846097734, -9.8440954e-006, 1, 6.22374743e-006, 0.846097707, 2.22995464e-005, 0.533027833, 0.533027833, 3.62200565e-006, -0.846097707, -2.07982249e-005, 1, -8.8217082e-006, 0.0709522705, -0.00867189941, -0.158186768, 0, 0, 0, 0, 0, 0, 0, 0.154695752, 0.0417094727, -0.144919043, 0, 0, 0, 0, 0, 0, 0, 1, 1, 1, 
183.73737, 0.1, 0.1, 0.118554209, 0.200285114, -0.0199682206, 0.846097721, 1.4736171e-005, 0.53302781, 0.53302781, 8.48593319e-007, -0.846097721, -1.29205645e-005, 1, -7.13679607e-006, 0.84609774, 3.62035964e-007, 0.533027781, 0.533027781, -1.5552127e-005, -0.846097739, 7.98339792e-006, 1, -1.33515947e-005, 0.0709522705, -0.00867189941, -0.158186768, 0, 0, 0, 0, 0, 0, 0, 0.154695752, 0.0417094727, -0.144919043, 0, 0, 0, 0, 0, 0, 0, 1, 1, 1, 
183.738078, 0.1, 0.1, 0.118554202, 0.200285086, -0.0199679673, 0.846097544, -1.27096878e-005, 0.533028092, 0.533028091, -1.98040961e-005, -0.846097544, 2.13097752e-005, 1, -9.98157639e-006, 0.846097579, -6.41535492e-006, 0.533028036, 0.533028036, -1.07068544e-005, -0.846097579, 1.11350698e-005, 1, -5.63947954e-006, 0.0709522705, -0.00867189941, -0.158186768, 0, 0, 0, 0, 0, 0, 0, 0.154695752, 0.0417094727, -0.144919043, 0, 0, 0, 0, 0, 0, 0, 1, 1, 1, 
183.738786, 0.1, 0.1, 0.118554196, 0.200285058, -0.0199680879, 0.846097464, 1.95001541e-005, 0.533028218, 0.533028218, 4.83372209e-006, -0.846097464, -1.90755412e-005, 1, -6.3043324e-006, 0.846097462, 1.21688648e-005, 0.533028221, 0.533028221, 1.87238978e-005, -0.846097462, -2.02764116e-005, 1, 9.35589408e-006, 0.0709522705, -0.00867189941, -0.158186768, 0, 0, 0, 0, 0, 0, 0, 0.154695752, 0.0417094727, -0.144919043, 0, 0, 0, 0, 0, 0, 0, 1, 1, 1, 
183.739495, 0.1, 0.1, 0.118554192, 0.200285033, -0.0199684921, 0.846097595, -1.30944495e-005, 0.533028011, 0.533028011, 1.0288313e-006, -0.846097595, 1.05307863e-005, 1, 7.85020006e-006, 0.846097559, -2.55309965e-005, 0.533028067, 0.533028067, -3.83432262e-007, -0.846097559, 2.18060939e-005, 1, 1.32843166e-005, 0.0709522705, -0.00867189941, -0.158186768, 0, 0, 0, 0, 0, 0, 0, 0.154695752, 0.0417094727, -0.144919043, 0, 0, 0, 0, 0, 0, 0, 1, 1, 1, 
183.740227, 0.1, 0.1, 0.118554184, 0.200285005, -0.0199689405, 0.846097743, -1.71007698e-005, 0.533027775, 0.533027775, 3.6130155e-006, -0.846097743, 1.25430851e-005, 1, 1.21721495e-005, 0.846097728, 3.77229413e-006, 0.533027799, 0.533027799, 1.15319449e-005, -0.846097728, -9.33857671e-006, 1, 7.74641476e-006, 0.0710845703, -0.0116134766, -0.158080078, 0, 0, 0, 0, 0, 0, 0, 0.154695752, 0.0417094727, -0.144919043, 0, 0, 0, 0, 0, 0, 0, 1, 1, 1, 
183.740937, 0.1, 0.1, 0.118554178, 0.200284981, -0.0199691725, 0.846097684, 1.38384731e-005, 0.533027869, 0.533027869, 1.69783988e-005, -0.846097684, -2.07586598e-005, 1, 6.98909202e-006, 0.846097715, 1.35510397e-005, 0.53302782, 0.53302782, -5.60369971e-007, -0.846097715, -1.11668109e-005, 1, -7.69720888e-006, 0.0710845703, -0.0116134766, -0.158080078, 0, 0, 0, 0, 0, 0, 0, 0.154589893, 0.0387146484, -0.144936377, 0, 0, 0, 0, 0, 0, 0, 1, 1, 1, 
183.741647, 0.1, 0.1, 0.118554172, 0.200284956, -0.019969345, 0.846097511, -1.26586012e-005, 0.533028143, 0.533028143, -1.69218734e-005, -0.846097511, 1.97302458e-005, 1, -7.5701643e-006, 0.846097542, -1.07090484e-005, 0.533028094, 0.533028094, -2.17868266e-005, -0.846097542, 2.06738902e-005, 1, -1.27255568e-005, 0.0710845703, -0.0116134766, -0.158080078, 0, 0, 0, 0, 0, 0, 0, 0.154589893, 0.0387146484, -0.144936377, 0, 0, 0, 0, 0, 0, 0, 1, 1, 1, 
183.742357, 0.1, 0.1, 0.118554164, 0.20028493, -0.0199694032, 0.846097472, 1.47503459e-005, 0.533028206, 0.533028206, -6.0547259e-006, -0.846097472, -9.25289068e-006, 1, -1.29852387e-005, 0.846097462, 2.1520467e-005, 0.533028221, 0.533028221, 3.45858847e-006, -0.846097462, -2.00519378e-005, 1, -8.54471332e-006, 0.0710845703, -0.0116134766, -0.158080078, 0, 0, 0, 0, 0, 0, 0, 0.154589893, 0.0387146484, -0.144936377, 0, 0, 0, 0, 0, 0, 0, 1, 1, 1, 
183.743078, 0.1, 0.1, 0.11855416, 0.200284905, -0.0199692457, 0.846097623, 1.37793644e-005, 0.533027966, 0.533027966, 9.69337315e-007, -0.846097623, -1.21753713e-005, 1, -6.52463256e-006, 0.846097587, -1.09339691e-005, 0.533028022, 0.533028022, 2.31346515e-006, -0.846097587, 8.0180631e-006, 1, 7.78552919e-006, 0.0710845703, -0.0116134766, -0.158080078, 0, 0, 0, 0, 0, 0, 0, 0.154434473, 0.0361477539, -0.144923926, 0, 0, 0, 0, 0, 0, 0, 1, 1, 1, 
183.743786, 0.1, 0.1, 0.118554154, 0.20028488, -0.0199689941, 0.84609773, -2.01158063e-005, 0.533027795, 0.533027795, -3.98575037e-006, -0.846097731, 1.91444538e-005, 1, 7.34994953e-006, 0.846097726, -1.50249315e-005, 0.533027802, 0.533027802, 6.00722506e-006, -0.846097726, 9.51054238e-006, 1, 1.30914057e-005, 0.0710845703, -0.0116134766, -0.158080078, 0, 0, 0, 0, 0, 0, 0, 0.154434473, 0.0361477539, -0.144923926, 0, 0, 0, 0, 0, 0, 0, 1, 1, 1, 
183.744507, 0.1, 0.1, 0.118554147, 0.200284854, -0.0199687283, 0.846097627, 1.07360907e-005, 0.53302796, 0.53302796, 2.22139368e-005, -0.846097627, -2.09244303e-005, 1, 1.30725226e-005, 0.846097662, 1.44475449e-005, 0.533027904, 0.533027904, 1.90703813e-005, -0.846097662, -2.23890793e-005, 1, 8.4344605e-006, 0.0710845703, -0.0116134766, -0.158080078, 0, 0, 0, 0, 0, 0, 0, 0.154434473, 0.0361477539, -0.144923926, 0, 0, 0, 0, 0, 0, 0, 1, 1, 1, 
183.745226, 0.1, 0.1, 0.118554143, 0.200284832, -0.019968414, 0.846097451, -1.38626394e-005, 0.533028238, 0.533028238, 2.39979634e-007, -0.846097451, 1.1601228e-005, 1, 7.59222443e-006, 0.84609748, -1.5190559e-005, 0.533028192, 0.533028192, -1.81395527e-005, -0.84609748, 2.25215867e-005, 1, -7.25083361e-006, 0.0711823242, -0.01435354, -0.157923218, 0, 0, 0, 0, 0, 0, 0, 0.154434473, 0.0361477539, -0.144923926, 0, 0, 0, 0, 0, 0, 0, 1, 1, 1, 
183.745942, 0.1, 0.1, 0.118554135, 0.200284807, -0.0199681603, 0.846097463, -6.1255242e-006, 0.53302822, 0.53302822, -1.46413028e-005, -0.846097463, 1.29870181e-005, 1, -9.12289191e-006, 0.846097444, 1.42911037e-005, 0.53302825, 0.53302825, -8.31013024e-006, -0.846097444, -7.66213214e-006, 1, -1.4648742e-005, 0.0711823242, -0.01435354, -0.157923218, 0, 0, 0, 0, 0, 0, 0, 0.154434473, 0.0361477539, -0.144923926, 0, 0, 0, 0, 0, 0, 0, 1, 1, 1, 
183.746651, 0.1, 0.1, 0.11855413, 0.200284784, -0.0199682014, 0.846097639, 2.57744068e-005, 0.533027939, 0.53302794, -7.68507013e-007, -0.84609764, -2.13980291e-005, 1, -1.43887109e-005, 0.846097605, 1.45283227e-005, 0.533027995, 0.533027995, -2.19188989e-006, -0.846097605, -1.11240403e-005, 1, -9.59855548e-006, 0.0711823242, -0.01435354, -0.157923218, 0, 0, 0, 0, 0, 0, 0, 0.154434473, 0.0361477539, -0.144923926, 0, 0, 0, 0, 0, 0, 0, 1, 1, 1, 
183.747375, 0.1, 0.1, 0.118554125, 0.200284761, -0.0199684624, 0.846097719, -9.25588972e-006, 0.533027813, 0.533027813, -2.0253573e-005, -0.846097719, 1.86271049e-005, 1, -1.22028552e-005, 0.846097722, -1.92557167e-005, 0.533027809, 0.533027809, -6.85946204e-006, -0.846097722, 1.99485021e-005, 1, 4.46005729e-006, 0.0711823242, -0.01435354, -0.157923218, 0, 0, 0, 0, 0, 0, 0, 0.154434473, 0.0361477539, -0.144923926, 0, 0, 0, 0, 0, 0, 0, 1, 1, 1, 
183.748095, 0.1, 0.1, 0.118554117, 0.200284736, -0.0199685775, 0.846097586, 7.42616453e-006, 0.533028024, 0.533028024, 9.41277204e-006, -0.846097586, -1.13005312e-005, 1, 4.00576989e-006, 0.846097623, 1.44591263e-005, 0.533027966, 0.533027966, 1.96547583e-005, -0.846097623, -2.27103682e-005, 1, 8.92272561e-006, 0.0711630371, -0.0172406738, -0.157705933, 0, 0, 0, 0, 0, 0, 0, 0.154366943, 0.0334044922, -0.144510156, 0, 0, 0, 0, 0, 0, 0, 1, 1, 1, 
183.748804, 0.1, 0.1, 0.118554113, 0.200284715, -0.0199688332, 0.846097439, 2.65227947e-006, 0.533028258, 0.533028258, 1.49654693e-005, -0.846097439, -1.02211049e-005, 1, 1.12485053e-005, 0.846097453, -1.15064044e-005, 0.533028236, 0.533028236, 3.47312779e-007, -0.846097453, 9.55041191e-006, 1, 6.42709888e-006, 0.0711630371, -0.0172406738, -0.157705933, 0, 0, 0, 0, 0, 0, 0, 0.154366943, 0.0334044922, -0.144510156, 0, 0, 0, 0, 0, 0, 0, 1, 1, 1, 
183.749514, 0.1, 0.1, 0.118554107, 0.200284693, -0.0199691493, 0.846097492, -2.3392498e-005, 0.533028172, 0.533028173, -4.76084975e-006, -0.846097493, 2.2330001e-005, 1, 8.44071744e-006, 0.846097462, -7.33768193e-006, 0.533028221, 0.533028221, -1.26068318e-005, -0.846097462, 1.29281912e-005, 1, -6.75541689e-006, 0.0711630371, -0.0172406738, -0.157705933, 0, 0, 0, 0, 0, 0, 0, 0.154366943, 0.0334044922, -0.144510156, 0, 0, 0, 0, 0, 0, 0, 1, 1, 1, 
183.75022, 0.1, 0.1, 0.118554101, 0.20028467, -0.0199694269, 0.84609766, 1.83630213e-005, 0.533027906, 0.533027906, 6.78515696e-006, -0.84609766, -1.91535874e-005, 1, -4.04709737e-006, 0.84609763, 2.16774036e-005, 0.533027954, 0.533027954, 2.48246638e-006, -0.84609763, -1.96644238e-005, 1, -9.45425315e-006, 0.0711630371, -0.0172406738, -0.157705933, 0, 0, 0, 0, 0, 0, 0, 0.154366943, 0.0334044922, -0.144510156, 0, 0, 0, 0, 0, 0, 0, 1, 1, 1, 
183.750932, 0.1, 0.1, 0.118554098, 0.200284648, -0.0199695708, 0.846097695, -8.49877398e-007, 0.533027852, 0.533027852, -1.30675253e-005, -0.846097695, 7.68443423e-006, 1, -1.06033947e-005, 0.846097705, -1.28509557e-005, 0.533027835, 0.533027835, -1.4854502e-005, -0.846097706, 1.87910272e-005, 1, -5.71844293e-006, 0.0711630371, -0.0172406738, -0.157705933, 0, 0, 0, 0, 0, 0, 0, 0.154366943, 0.0334044922, -0.144510156, 0, 0, 0, 0, 0, 0, 0, 1, 1, 1, 
183.751642, 0.1, 0.1, 0.118554091, 0.200284624, -0.0199695323, 0.846097542, -4.96008403e-006, 0.533028094, 0.533028094, -1.1228006e-005, -0.846097542, 1.01815576e-005, 1, -6.85612417e-006, 0.846097579, 4.33104372e-006, 0.533028036, 0.533028036, 1.20455316e-005, -0.846097579, -1.00850916e-005, 1, 7.88312738e-006, 0.0711630371, -0.0172406738, -0.157705933, 0, 0, 0, 0, 0, 0, 0, 0.154366943, 0.0334044922, -0.144510156, 0, 0, 0, 0, 0, 0, 0, 1, 1, 1, 
183.752376, 0.1, 0.1, 0.118554086, 0.200284602, -0.0199692375, 0.846097433, 1.63923294e-005, 0.533028267, 0.533028267, 1.67909936e-005, -0.846097433, -2.2819582e-005, 1, 5.46924163e-006, 0.846097438, 4.63611936e-006, 0.53302826, 0.53302826, 1.67607928e-005, -0.846097438, -1.28565849e-005, 1, 1.17100812e-005, 0.0713501465, -0.0201502686, -0.157565308, 0, 0, 0, 0, 0, 0, 0, 0.154366943, 0.0334044922, -0.144510156, 0, 0, 0, 0, 0, 0, 0, 1, 1, 1, 
183.753084, 0.1, 0.1, 0.118554081, 0.200284581, -0.0199686987, 0.846097536, -2.23898408e-005, 0.533028104, 0.533028104, -1.05033131e-006, -0.846097536, 1.95038453e-005, 1, 1.10457317e-005, 0.846097501, -2.05569803e-005, 0.533028159, 0.533028159, -5.5155859e-006, -0.846097501, 2.03331722e-005, 1, 6.2907259e-006, 0.0713501465, -0.0201502686, -0.157565308, 0, 0, 0, 0, 0, 0, 0, 0.154310645, 0.030456543, -0.144295947, 0, 0, 0, 0, 0, 0, 0, 1, 1, 1, 
183.753794, 0.1, 0.1, 0.118554073, 0.200284559, -0.019968283, 0.846097709, 4.70945775e-006, 0.533027829, 0.533027829, 1.06913242e-005, -0.846097709, -9.68343476e-006, 1, 6.53563291e-006, 0.84609768, 2.2368616e-005, 0.533027875, 0.533027875, 4.10105068e-006, -0.84609768, -2.11120084e-005, 1, -8.45320639e-006, 0.0713501465, -0.0201502686, -0.157565308, 0, 0, 0, 0, 0, 0, 0, 0.154310645, 0.030456543, -0.144295947, 0, 0, 0, 0, 0, 0, 0, 1, 1, 1, 
183.754502, 0.1, 0.1, 0.11855407, 0.20028454, -0.0199681378, 0.846097702, 1.37235481e-005, 0.533027841, 0.533027841, -1.17583857e-006, -0.846097702, -1.09847078e-005, 1, -8.30990755e-006, 0.846097719, -4.11768323e-007, 0.533027813, 0.533027813, -1.70870807e-005, -0.846097719, 9.45628549e-006, 1, -1.4237856e-005, 0.0713501465, -0.0201502686, -0.157565308, 0, 0, 0, 0, 0, 0, 0, 0.154310645, 0.030456543, -0.144295947, 0, 0, 0, 0, 0, 0, 0, 1, 1, 1, 
183.755208, 0.1, 0.1, 0.118554065, 0.200284518, -0.0199682961, 0.84609753, -1.3312667e-005, 0.533028113, 0.533028113, -2.22877348e-005, -0.84609753, 2.31438038e-005, 1, -1.17615716e-005, 0.846097564, -7.21745377e-006, 0.53302806, 0.53302806, -1.32290059e-005, -0.846097564, 1.31581014e-005, 1, -7.34592429e-006, 0.0713501465, -0.0201502686, -0.157565308, 0, 0, 0, 0, 0, 0, 0, 0.154310645, 0.030456543, -0.144295947, 0, 0, 0, 0, 0, 0, 0, 1, 1, 1, 
183.755919, 0.1, 0.1, 0.11855406, 0.200284497, -0.019968685, 0.846097454, 1.93367979e-005, 0.533028234, 0.533028234, 3.18454498e-006, -0.846097454, -1.80582679e-005, 1, -7.61262384e-006, 0.846097452, 1.19405333e-005, 0.533028238, 0.533028238, 1.6380824e-005, -0.846097452, -1.88342965e-005, 1, 7.49513201e-006, 0.0713501465, -0.0201502686, -0.157565308, 0, 0, 0, 0, 0, 0, 0, 0.154310645, 0.030456543, -0.144295947, 0, 0, 0, 0, 0, 0, 0, 1, 1, 1, 
183.756635, 0.1, 0.1, 0.118554057, 0.200284477, -0.0199691014, 0.846097587, -1.22240745e-005, 0.533028023, 0.533028023, 1.53974272e-006, -0.846097587, 9.52203392e-006, 1, 7.81854686e-006, 0.846097551, -2.4624751e-005, 0.53302808, 0.53302808, -1.35575265e-007, -0.846097551, 2.09072069e-005, 1, 1.30109738e-005, 0.0713501465, -0.0201502686, -0.157565308, 0, 0, 0, 0, 0, 0, 0, 0.154310645, 0.030456543, -0.144295947, 0, 0, 0, 0, 0, 0, 0, 1, 1, 1, 
183.757374, 0.1, 0.1, 0.11855405, 0.200284455, -0.0199692671, 0.846097738, -1.57522544e-005, 0.533027782, 0.533027782, 4.91643791e-006, -0.846097738, 1.07073488e-005, 1, 1.25561762e-005, 0.846097723, 5.13631205e-006, 0.533027806, 0.533027806, 1.27405154e-005, -0.846097723, -1.11368709e-005, 1, 8.04192394e-006, 0.0714851318, -0.0228631104, -0.157152002, 0, 0, 0, 0, 0, 0, 0, 0.154310645, 0.030456543, -0.144295947, 0, 0, 0, 0, 0, 0, 0, 1, 1, 1, 
183.758083, 0.1, 0.1, 0.118554045, 0.200284436, -0.0199691268, 0.846097679, 1.48083449e-005, 0.533027877, 0.533027876, 1.70256782e-005, -0.846097679, -2.16044673e-005, 1, 6.51212616e-006, 0.84609771, 1.46739914e-005, 0.533027827, 0.533027827, -3.12985348e-007, -0.84609771, -1.22488007e-005, 1, -8.08646197e-006, 0.0714851318, -0.0228631104, -0.157152002, 0, 0, 0, 0, 0, 0, 0, 0.154175244, 0.0279179687, -0.144035596, 0, 0, 0, 0, 0, 0, 0, 1, 1, 1, 
183.758792, 0.1, 0.1, 0.118554041, 0.200284417, -0.0199689717, 0.846097507, -1.23993286e-005, 0.53302815, 0.533028149, -1.805961e-005, -0.846097507, 2.01173215e-005, 1, -8.67099979e-006, 0.846097538, -1.03268224e-005, 0.533028101, 0.533028101, -2.27779223e-005, -0.846097538, 2.08787717e-005, 1, -1.37678575e-005, 0.0714851318, -0.0228631104, -0.157152002, 0, 0, 0, 0, 0, 0, 0, 0.154175244, 0.0279179687, -0.144035596, 0, 0, 0, 0, 0, 0, 0, 1, 1, 1, 
183.759507, 0.1, 0.1, 0.118554034, 0.200284396, -0.0199688316, 0.84609747, 1.52732751e-005, 0.533028209, 0.533028209, -8.65437313e-006, -0.84609747, -8.3096544e-006, 1, -1.54635297e-005, 0.84609746, 2.22720595e-005, 0.533028225, 0.533028225, 1.1501889e-006, -0.84609746, -1.94574161e-005, 1, -1.08984644e-005, 0.0714851318, -0.0228631104, -0.157152002, 0, 0, 0, 0, 0, 0, 0, 0.154175244, 0.0279179687, -0.144035596, 0, 0, 0, 0, 0, 0, 0, 1, 1, 1, 
183.760242, 0.1, 0.1, 0.118554032, 0.200284377, -0.0199684164, 0.846097637, 1.24470139e-005, 0.533027943, 0.533027943, -1.4381059e-006, -0.846097637, -9.76483845e-006, 1, -7.85138424e-006, 0.846097598, -1.33429481e-005, 0.533028006, 0.533028006, -1.89324979e-007, -0.846097598, 1.13903518e-005, 1, 6.9519776e-006, 0.071516626, -0.025501123, -0.157123413, 0, 0, 0, 0, 0, 0, 0, 0.154104297, 0.0254379883, -0.143765479, 0, 0, 0, 0, 0, 0, 0, 1, 1, 1, 
183.76095, 0.1, 0.1, 0.118554027, 0.200284357, -0.0199681984, 0.846097755, -2.14204892e-005, 0.533027756, 0.533027756, -5.40851832e-006, -0.846097755, 2.10067182e-005, 1, 6.84158006e-006, 0.846097749, -1.6407016e-005, 0.533027766, 0.533027766, 4.63635724e-006, -0.846097749, 1.14106321e-005, 1, 1.26682065e-005, 0.071516626, -0.025501123, -0.157123413, 0, 0, 0, 0, 0, 0, 0, 0.154104297, 0.0254379883, -0.143765479, 0, 0, 0, 0, 0, 0, 0, 1, 1, 1, 
183.761659, 0.1, 0.1, 0.118554021, 0.200284338, -0.0199682387, 0.846097661, 1.15457703e-005, 0.533027906, 0.533027906, 2.14457729e-005, -0.846097661, -2.12000447e-005, 1, 1.19910005e-005, 0.846097693, 1.49448844e-005, 0.533027854, 0.533027853, 1.79827045e-005, -0.846097694, -2.22301146e-005, 1, 7.24908518e-006, 0.071516626, -0.025501123, -0.157123413, 0, 0, 0, 0, 0, 0, 0, 0.154104297, 0.0254379883, -0.143765479, 0, 0, 0, 0, 0, 0, 0, 1, 1, 1, 
183.762371, 0.1, 0.1, 0.118554018, 0.200284321, -0.0199685239, 0.846097493, -1.21153622e-005, 0.533028172, 0.533028172, 9.87410606e-007, -0.846097493, 9.72445995e-006, 1, 7.29327503e-006, 0.846097521, -1.34840164e-005, 0.533028128, 0.533028127, -1.757755e-005, -0.846097521, 2.07781214e-005, 1, -7.68496147e-006, 0.071516626, -0.025501123, -0.157123413, 0, 0, 0, 0, 0, 0, 0, 0.154104297, 0.0254379883, -0.143765479, 0, 0, 0, 0, 0, 0, 0, 1, 1, 1, 
183.763079, 0.1, 0.1, 0.118554012, 0.200284301, -0.0199689228, 0.846097505, -4.53599302e-006, 0.533028153, 0.533028152, -1.27975581e-005, -0.846097505, 1.06593511e-005, 1, -8.41017002e-006, 0.846097487, 1.53597798e-005, 0.533028182, 0.533028182, -6.72485964e-006, -0.846097487, -9.41133134e-006, 1, -1.38770823e-005, 0.071516626, -0.025501123, -0.157123413, 0, 0, 0, 0, 0, 0, 0, 0.154104297, 0.0254379883, -0.143765479, 0, 0, 0, 0, 0, 0, 0, 1, 1, 1, 
183.763789, 0.1, 0.1, 0.118554008, 0.200284283, -0.0199693247, 0.846097678, 2.54561029e-005, 0.533027878, 0.533027878, 9.50793585e-007, -0.846097678, -2.2045149e-005, 1, -1.27643483e-005, 0.846097644, 1.47957124e-005, 0.533027932, 0.533027932, -3.93625649e-007, -0.846097644, -1.2308804e-005, 1, -8.21957373e-006, 0.071516626, -0.025501123, -0.157123413, 0, 0, 0, 0, 0, 0, 0, 0.154104297, 0.0254379883, -0.143765479, 0, 0, 0, 0, 0, 0, 0, 1, 1, 1, 
183.764499, 0.1, 0.1, 0.118554004, 0.200284265, -0.0199696236, 0.846097758, -9.86953558e-006, 0.533027752, 0.533027751, -1.7572504e-005, -0.846097758, 1.77172242e-005, 1, -9.6073199e-006, 0.846097759, -1.8391956e-005, 0.533027749, 0.533027749, -5.53900609e-006, -0.846097759, 1.85138367e-005, 1, 5.11688226e-006, 0.071516626, -0.025501123, -0.157123413, 0, 0, 0, 0, 0, 0, 0, 0.154104297, 0.0254379883, -0.143765479, 0, 0, 0, 0, 0, 0, 0, 1, 1, 1, 
183.765235, 0.1, 0.1, 0.118553997, 0.200284245, -0.0199694306, 0.846097628, 6.52504004e-006, 0.533027958, 0.533027958, 9.96363676e-006, -0.846097628, -1.08317179e-005, 1, 4.95218066e-006, 0.846097663, 1.3558361e-005, 0.533027902, 0.533027902, 2.05054102e-005, -0.846097663, -2.24016533e-005, 1, 1.01225949e-005, 0.0715278564, -0.0283705566, -0.156667383, 0, 0, 0, 0, 0, 0, 0, 0.153832812, 0.0225635254, -0.143463135, 0, 0, 0, 0, 0, 0, 0, 1, 1, 1, 
183.765941, 0.1, 0.1, 0.118553994, 0.200284229, -0.0199691234, 0.846097484, 2.94993538e-006, 0.533028187, 0.533028187, 1.32704016e-005, -0.846097484, -9.569431e-006, 1, 9.65565467e-006, 0.846097498, -1.13327172e-005, 0.533028165, 0.533028165, -7.30953464e-007, -0.846097498, 9.97820243e-006, 1, 5.42219955e-006, 0.0715278564, -0.0283705566, -0.156667383, 0, 0, 0, 0, 0, 0, 0, 0.153832812, 0.0225635254, -0.143463135, 0, 0, 0, 0, 0, 0, 0, 1, 1, 1, 
183.766647, 0.1, 0.1, 0.118553989, 0.200284212, -0.0199688501, 0.846097538, -2.2038567e-005, 0.533028101, 0.533028101, -8.1225198e-006, -0.846097538, 2.29763086e-005, 1, 4.87473154e-006, 0.846097507, -6.0977965e-006, 0.533028149, 0.533028149, -1.57849783e-005, -0.846097507, 1.35731682e-005, 1, -1.01053336e-005, 0.0715278564, -0.0283705566, -0.156667383, 0, 0, 0, 0, 0, 0, 0, 0.153832812, 0.0225635254, -0.143463135, 0, 0, 0, 0, 0, 0, 0, 1, 1, 1, 
183.767363, 0.1, 0.1, 0.118553984, 0.200284194, -0.0199686576, 0.846097708, 2.10533947e-005, 0.53302783, 0.53302783, 2.88429085e-006, -0.846097709, -1.93506363e-005, 1, -8.78165342e-006, 0.846097677, 2.47050992e-005, 0.53302788, 0.53302788, -1.54382088e-006, -0.846097677, -2.00800274e-005, 1, -1.44747299e-005, 0.0715278564, -0.0283705566, -0.156667383, 0, 0, 0, 0, 0, 0, 0, 0.153832812, 0.0225635254, -0.143463135, 0, 0, 0, 0, 0, 0, 0, 1, 1, 1, 
183.768072, 0.1, 0.1, 0.118553981, 0.200284178, -0.0199685342, 0.846097742, -8.44034982e-008, 0.533027777, 0.533027777, -1.64578822e-005, -0.846097742, 8.84392198e-006, 1, -1.38799876e-005, 0.846097753, -1.20469176e-005, 0.53302776, 0.53302776, -1.8755256e-005, -0.846097753, 2.0189942e-005, 1, -9.44743845e-006, 0.0715278564, -0.0283705566, -0.156667383, 0, 0, 0, 0, 0, 0, 0, 0.153832812, 0.0225635254, -0.143463135, 0, 0, 0, 0, 0, 0, 0, 1, 1, 1, 
183.768781, 0.1, 0.1, 0.118553976, 0.200284159, -0.0199685605, 0.846097583, -5.40722724e-006, 0.53302803, 0.53302803, -1.15002206e-005, -0.846097583, 1.07049818e-005, 1, -6.84810519e-006, 0.846097621, 4.35850999e-006, 0.533027969, 0.533027969, 1.19241561e-005, -0.846097621, -1.00436336e-005, 1, 7.76579238e-006, 0.0715278564, -0.0283705566, -0.156667383, 0, 0, 0, 0, 0, 0, 0, 0.153832812, 0.0225635254, -0.143463135, 0, 0, 0, 0, 0, 0, 0, 1, 1, 1, 
183.769493, 0.1, 0.1, 0.118553973, 0.200284142, -0.0199687206, 0.846097468, 1.3570301e-005, 0.533028212, 0.533028212, 1.8046631e-005, -0.846097468, -2.11011608e-005, 1, 8.03585551e-006, 0.846097473, 2.32168925e-006, 0.533028203, 0.533028203, 1.76386846e-005, -0.846097473, -1.13662917e-005, 1, 1.36865206e-005, 0.0715278564, -0.0283705566, -0.156667383, 0, 0, 0, 0, 0, 0, 0, 0.153832812, 0.0225635254, -0.143463135, 0, 0, 0, 0, 0, 0, 0, 1, 1, 1, 
183.770226, 0.1, 0.1, 0.118553969, 0.200284125, -0.0199687106, 0.846097568, -2.39990051e-005, 0.533028052, 0.533028052, -3.4989018e-007, -0.846097569, 2.04920012e-005, 1, 1.24961017e-005, 0.846097534, -2.25661554e-005, 0.533028106, 0.533028106, -5.0802479e-006, -0.846097535, 2.18010834e-005, 1, 7.73000985e-006, 0.071701416, -0.03060896, -0.156598267, 0, 0, 0, 0, 0, 0, 0, 0.153890625, 0.0202965332, -0.143334717, 0, 0, 0, 0, 0, 0, 0, 1, 1, 1, 
183.770935, 0.1, 0.1, 0.118553963, 0.200284108, -0.0199687507, 0.84609774, 4.89785388e-006, 0.533027779, 0.533027779, 1.26583184e-005, -0.84609774, -1.08912985e-005, 1, 8.09948246e-006, 0.846097711, 2.19576139e-005, 0.533027825, 0.533027825, 5.87448228e-006, -0.846097711, -2.17095494e-005, 1, -6.73363316e-006, 0.071701416, -0.03060896, -0.156598267, 0, 0, 0, 0, 0, 0, 0, 0.153890625, 0.0202965332, -0.143334717, 0, 0, 0, 0, 0, 0, 0, 1, 1, 1, 
183.771657, 0.1, 0.1, 0.11855396, 0.200284092, -0.0199688052, 0.84609773, 1.60047559e-005, 0.533027796, 0.533027797, 4.24131798e-007, -0.84609773, -1.37676616e-005, 1, -8.17212279e-006, 0.846097748, 1.81024882e-006, 0.533027767, 0.533027767, -1.50887794e-005, -0.846097748, 6.51109093e-006, 1, -1.37314951e-005, 0.071701416, -0.03060896, -0.156598267, 0, 0, 0, 0, 0, 0, 0, 0.153890625, 0.0202965332, -0.143334717, 0, 0, 0, 0, 0, 0, 0, 1, 1, 1, 
183.772376, 0.1, 0.1, 0.118553955, 0.200284075, -0.019968776, 0.846097553, -1.12788278e-005, 0.533028076, 0.533028076, -2.37746531e-005, -0.846097553, 2.22155462e-005, 1, -1.4103744e-005, 0.846097588, -5.19498956e-006, 0.533028022, 0.533028022, -1.45558563e-005, -0.846097588, 1.21541474e-005, 1, -9.54659989e-006, 0.0719108643, -0.0332809082, -0.156318115, 0, 0, 0, 0, 0, 0, 0, 0.153890625, 0.0202965332, -0.143334717, 0, 0, 0, 0, 0, 0, 0, 1, 1, 1, 
183.773094, 0.1, 0.1, 0.118553951, 0.200284058, -0.019968603, 0.846097473, 2.05856943e-005, 0.533028204, 0.533028204, 9.23867764e-007, -0.846097473, -1.79099515e-005, 1, -1.01910735e-005, 0.846097471, 1.33666427e-005, 0.533028207, 0.533028207, 1.42096573e-005, -0.846097471, -1.88836307e-005, 1, 4.89795751e-006, 0.0719108643, -0.0332809082, -0.156318115, 0, 0, 0, 0, 0, 0, 0, 0.153826514, 0.0178114258, -0.142859912, 0, 0, 0, 0, 0, 0, 0, 1, 1, 1, 
183.773804, 0.1, 0.1, 0.118553949, 0.200284044, -0.019968588, 0.846097602, -1.1343331e-005, 0.533027999, 0.533027999, -1.37459812e-006, -0.846097602, 1.03302644e-005, 1, 4.88326885e-006, 0.846097566, -2.37828366e-005, 0.533028055, 0.533028055, -3.08986696e-006, -0.846097567, 2.1769586e-005, 1, 1.00625902e-005, 0.0719108643, -0.0332809082, -0.156318115, 0, 0, 0, 0, 0, 0, 0, 0.153826514, 0.0178114258, -0.142859912, 0, 0, 0, 0, 0, 0, 0, 1, 1, 1, 
183.774519, 0.1, 0.1, 0.118553943, 0.200284027, -0.0199686963, 0.846097749, -1.41477436e-005, 0.533027765, 0.533027766, 3.24413203e-006, -0.846097749, 1.02411616e-005, 1, 1.0285993e-005, 0.846097735, 5.0666833e-006, 0.533027788, 0.533027788, 1.0247549e-005, -0.846097735, -9.74913765e-006, 1, 5.96974502e-006, 0.0719108643, -0.0332809082, -0.156318115, 0, 0, 0, 0, 0, 0, 0, 0.153826514, 0.0178114258, -0.142859912, 0, 0, 0, 0, 0, 0, 0, 1, 1, 1, 
183.775224, 0.1, 0.1, 0.118553939, 0.200284013, -0.0199689054, 0.846097694, 1.5408474e-005, 0.533027853, 0.533027853, 1.59671497e-005, -0.846097694, -2.15480098e-005, 1, 5.29662272e-006, 0.846097724, 1.54725824e-005, 0.533027805, 0.533027805, -1.56472139e-006, -0.846097724, -1.22572768e-005, 1, -9.57122386e-006, 0.0719108643, -0.0332809082, -0.156318115, 0, 0, 0, 0, 0, 0, 0, 0.153826514, 0.0178114258, -0.142859912, 0, 0, 0, 0, 0, 0, 0, 1, 1, 1, 
183.775932, 0.1, 0.1, 0.118553936, 0.200283998, -0.0199691519, 0.846097524, -1.27139711e-005, 0.533028123, 0.533028123, -1.82903969e-005, -0.846097524, 2.05065554e-005, 1, -8.69855541e-006, 0.846097554, -1.04733765e-005, 0.533028075, 0.533028075, -2.30679084e-005, -0.846097554, 2.1157341e-005, 1, -1.39350971e-005, 0.0719108643, -0.0332809082, -0.156318115, 0, 0, 0, 0, 0, 0, 0, 0.153826514, 0.0178114258, -0.142859912, 0, 0, 0, 0, 0, 0, 0, 1, 1, 1, 
183.776642, 0.1, 0.1, 0.118553931, 0.200283982, -0.0199693531, 0.846097488, 1.48604909e-005, 0.533028179, 0.53302818, -7.62194267e-006, -0.846097488, -8.51071377e-006, 1, -1.43699669e-005, 0.846097478, 2.14489084e-005, 0.533028196, 0.533028196, 1.98366452e-006, -0.846097478, -1.92052164e-005, 1, -9.75449939e-006, 0.0719108643, -0.0332809082, -0.156318115, 0, 0, 0, 0, 0, 0, 0, 0.153826514, 0.0178114258, -0.142859912, 0, 0, 0, 0, 0, 0, 0, 1, 1, 1, 
183.777357, 0.1, 0.1, 0.118553929, 0.200283967, -0.0199694477, 0.846097642, 1.58743324e-005, 0.533027936, 0.533027936, -1.20777138e-006, -0.846097642, -1.27874594e-005, 1, -9.48335516e-006, 0.846097603, -1.02884955e-005, 0.533027997, 0.533027997, 1.8790151e-007, -0.846097603, 8.60491465e-006, 1, 5.64303919e-006, 0.0719108643, -0.0332809082, -0.156318115, 0, 0, 0, 0, 0, 0, 0, 0.153826514, 0.0178114258, -0.142859912, 0, 0, 0, 0, 0, 0, 0, 1, 1, 1, 
183.778091, 0.1, 0.1, 0.118553924, 0.200283951, -0.0199690828, 0.846097756, -1.88063265e-005, 0.533027754, 0.533027754, -5.56142737e-006, -0.846097756, 1.88763858e-005, 1, 5.31878277e-006, 0.846097751, -1.36968656e-005, 0.533027762, 0.533027762, 4.41066784e-006, -0.846097751, 9.23787882e-006, 1, 1.10326658e-005, 0.0719004883, -0.0361728027, -0.15592312, 0, 0, 0, 0, 0, 0, 0, 0.154079639, 0.0149137695, -0.142427588, 0, 0, 0, 0, 0, 0, 0, 1, 1, 1, 
183.7788, 0.1, 0.1, 0.118553919, 0.200283936, -0.0199686757, 0.846097658, 1.1687055e-005, 0.53302791, 0.53302791, 1.96974331e-005, -0.846097658, -2.03876715e-005, 1, 1.04364256e-005, 0.846097691, 1.54207624e-005, 0.533027857, 0.533027857, 1.64705731e-005, -0.846097691, -2.18267457e-005, 1, 5.71601796e-006, 0.0719004883, -0.0361728027, -0.15592312, 0, 0, 0, 0, 0, 0, 0, 0.154079639, 0.0149137695, -0.142427588, 0, 0, 0, 0, 0, 0, 0, 1, 1, 1, 
183.779513, 0.1, 0.1, 0.118553917, 0.200283923, -0.0199683929, 0.846097487, -1.28494579e-005, 0.533028181, 0.533028181, -1.06825299e-006, -0.846097487, 1.1441303e-005, 1, 5.94527698e-006, 0.846097515, -1.41520205e-005, 0.533028137, 0.533028136, -1.95882483e-005, -0.846097515, 2.24150769e-005, 1, -9.03014311e-006, 0.0719004883, -0.0361728027, -0.15592312, 0, 0, 0, 0, 0, 0, 0, 0.154079639, 0.0149137695, -0.142427588, 0, 0, 0, 0, 0, 0, 0, 1, 1, 1, 
183.780218, 0.1, 0.1, 0.118553912, 0.200283908, -0.0199683287, 0.846097498, -5.9426577e-006, 0.533028164, 0.533028164, -1.52849825e-005, -0.846097498, 1.3175394e-005, 1, -9.76498154e-006, 0.84609748, 1.428305e-005, 0.533028192, 0.533028193, -9.24337459e-006, -0.84609748, -7.15787336e-006, 1, -1.54340643e-005, 0.0719004883, -0.0361728027, -0.15592312, 0, 0, 0, 0, 0, 0, 0, 0.154079639, 0.0149137695, -0.142427588, 0, 0, 0, 0, 0, 0, 0, 1, 1, 1, 
