time, realDorsalTactorPos, realVentralTactorPos, boxPosX, boxPosY, boxPosZ, boxLocalRot_11, boxLocalRot_12, boxLocalRot_13, boxLocalRot_21, boxLocalRot_22, boxLocalRot_23, boxLocalRot_31, boxLocalRot_32, boxLocalRot_33, boxGlobalRot_11, boxGlobalRot_12, boxGlobalRot_13], boxGlobalRot_21, boxGlobalRot_22, boxGlobalRot_23, boxGlobalRot_31, boxGlobalRot_32, boxGlobalRot_33, indexPosX, indexPosY, indexPosZ, indexContact, indexForceX, indexForceY, indexForceZ, indexForceGlobalX, indexForceGlobalY, indexForceGlobalZ, thumbPosX, thumbPosY, thumbPosZ, thumbContact, thumbForceX, thumbForceY, thumbForceZ, thumbForceGlobalX, thumbForceGlobalY, thumbForceGlobalZ, hoopSuccess, targetSuccess, trialSuccess, 
220.837228, 0.1, 0.1, 0.112557964, 0.1731117, -0.0199729738, 0.873738711, 8.57808776e-007, -0.486395585, 0.486395584, 1.38277714e-005, 0.873738711, 7.4752677e-006, -1, 1.16646248e-005, 0.873739069, 7.9924541e-006, -0.486394942, 0.486394942, 1.22426575e-005, 0.873739069, 1.29380861e-005, -1, 6.80939892e-006, 0.103175342, 0.0977747803, -0.13163811, 0, 0, 0, 0, 0, 0, 0, 0.190049609, 0.150417578, -0.093824707, 0, 0, 0, 0, 0, 0, 0, 1, 1, 1, 
220.870309, 0.1, 0.1, 0.112555071, 0.173114575, -0.0199656985, 0.873750763, -2.76825522e-005, -0.486373935, 0.486373935, 1.42808536e-005, 0.873750763, -1.72418161e-005, -1, 2.59419786e-005, 0.873750808, -2.20678759e-005, -0.486373853, 0.486373854, 2.60700782e-005, 0.873750808, -6.60201998e-006, -0.999999999, 3.35119898e-005, 0.111685205, 0.0822633301, -0.143020068, 0, 0, 0, 0, 0, 0, 0, 0.194912793, 0.137275195, -0.103349414, 0, 0, 0, 0, 0, 0, 0, 1, 1, 1, 
220.871028, 0.1, 0.1, 0.11255503, 0.173114618, -0.0199664144, 0.873750409, 3.84902588e-005, -0.486374569, 0.48637457, -1.60669344e-005, 0.873750409, 2.58163311e-005, -0.999999999, -3.27591735e-005, 0.873750494, 4.29638949e-005, -0.486374415, 0.486374417, -2.28184926e-005, 0.873750494, 2.64413934e-005, -0.999999999, -4.08342085e-005, 0.111685205, 0.0822633301, -0.143020068, 0, 0, 0, 0, 0, 0, 0, 0.194912793, 0.137275195, -0.103349414, 0, 0, 0, 0, 0, 0, 0, 1, 1, 1, 
220.871744, 0.1, 0.1, 0.112554981, 0.173114667, -0.0199676584, 0.873750021, -2.26831461e-005, -0.486375267, 0.486375267, 2.26055893e-005, 0.873750021, -8.82459989e-006, -0.999999999, 3.07841553e-005, 0.87375009, -3.44328267e-005, -0.486375143, 0.486375144, 2.33021843e-005, 0.87375009, -1.87520822e-005, -0.999999999, 3.71075566e-005, 0.112431836, 0.0801977539, -0.144253711, 0, 0, 0, 0, 0, 0, 0, 0.195784033, 0.135409521, -0.104196045, 0, 0, 0, 0, 0, 0, 0, 1, 1, 1, 
220.872449, 0.1, 0.1, 0.11255494, 0.17311471, -0.0199692585, 0.873749817, 1.00281406e-006, -0.486375634, 0.486375634, -2.8878095e-005, 0.873749817, -1.31693932e-005, -1, -2.57199746e-005, 0.873749839, 2.14061706e-005, -0.486375595, 0.486375595, -2.44606314e-005, 0.873749838, 6.80658396e-006, -0.999999999, -3.17839117e-005, 0.112431836, 0.0801977539, -0.144253711, 0, 0, 0, 0, 0, 0, 0, 0.195784033, 0.135409521, -0.104196045, 0, 0, 0, 0, 0, 0, 0, 1, 1, 1, 
220.87315, 0.1, 0.1, 0.112554893, 0.173114756, -0.019970777, 0.873749879, 5.06170677e-007, -0.486375523, 0.486375523, 2.97354582e-005, 0.873749878, 1.49048656e-005, -1, 2.5735164e-005, 0.873749848, -1.02559832e-005, -0.486375578, 0.486375578, 3.07530846e-005, 0.873749847, 5.99638556e-006, -0.999999999, 3.18587627e-005, 0.112431836, 0.0801977539, -0.144253711, 0, 0, 0, 0, 0, 0, 0, 0.195784033, 0.135409521, -0.104196045, 0, 0, 0, 0, 0, 0, 0, 1, 1, 1, 
220.873855, 0.1, 0.1, 0.11255485, 0.173114797, -0.0199717744, 0.873750138, -6.42409067e-006, -0.486375057, 0.486375057, -3.17780083e-005, 0.873750138, -2.10690807e-005, -0.999999999, -2.46415216e-005, 0.873750079, -3.96497225e-006, -0.486375164, 0.486375164, -3.72610571e-005, 0.873750078, -2.15872476e-005, -0.999999999, -3.06283875e-005, 0.112431836, 0.0801977539, -0.144253711, 0, 0, 0, 0, 0, 0, 0, 0.195784033, 0.135409521, -0.104196045, 0, 0, 0, 0, 0, 0, 0, 1, 1, 1, 
220.87456, 0.1, 0.1, 0.112554806, 0.173114844, -0.0199719494, 0.873750426, -6.84501127e-006, -0.486374539, 0.486374539, 2.45380478e-005, 0.873750426, 5.95385019e-006, -1, 2.4769369e-005, 0.873750374, -2.06137161e-006, -0.486374633, 0.486374633, 3.41053978e-005, 0.873750374, 1.47868761e-005, -0.999999999, 3.08022029e-005, 0.112431836, 0.0801977539, -0.144253711, 0, 0, 0, 0, 0, 0, 0, 0.195784033, 0.135409521, -0.104196045, 0, 0, 0, 0, 0, 0, 0, 1, 1, 1, 
220.875265, 0.1, 0.1, 0.112554764, 0.173114883, -0.0199713307, 0.873750567, 2.30077407e-005, -0.486374286, 0.486374286, -1.44033175e-005, 0.873750567, 1.30976232e-005, -1, -2.37752803e-005, 0.873750556, 9.41386689e-006, -0.486374306, 0.486374306, -2.93643658e-005, 0.873750556, -6.05670161e-006, -1, -3.02357939e-005, 0.112431836, 0.0801977539, -0.144253711, 0, 0, 0, 0, 0, 0, 0, 0.195784033, 0.135409521, -0.104196045, 0, 0, 0, 0, 0, 0, 0, 1, 1, 1, 
220.875969, 0.1, 0.1, 0.112554721, 0.17311493, -0.0199701442, 0.873750458, -2.65390278e-005, -0.486374481, 0.486374482, 1.49365908e-005, 0.873750458, -1.59237111e-005, -1, 2.5958759e-005, 0.873750498, -2.21687146e-005, -0.486374411, 0.486374411, 2.50193383e-005, 0.873750497, -7.20115948e-006, -0.999999999, 3.26429548e-005, 0.112431836, 0.0801977539, -0.144253711, 0, 0, 0, 0, 0, 0, 0, 0.195784033, 0.135409521, -0.104196045, 0, 0, 0, 0, 0, 0, 0, 1, 1, 1, 
220.876706, 0.1, 0.1, 0.112554682, 0.173114971, -0.0199684632, 0.873750134, 3.66351761e-005, -0.486375064, 0.486375064, -1.22450933e-005, 0.873750134, 2.6054282e-005, -0.999999999, -2.85175881e-005, 0.873750205, 4.11787061e-005, -0.486374934, 0.486374935, -1.85537805e-005, 0.873750206, 2.69558092e-005, -0.999999999, -3.62396601e-005, 0.113624219, 0.0781260742, -0.145715967, 0, 0, 0, 0, 0, 0, 0, 0.196325586, 0.133547021, -0.10543374, 0, 0, 0, 0, 0, 0, 0, 1, 1, 1, 
220.877409, 0.1, 0.1, 0.112554638, 0.173115016, -0.0199670604, 0.873749791, -1.86108157e-005, -0.486375681, 0.486375681, 2.3568061e-005, 0.873749791, -4.79826457e-006, -1, 2.96444365e-005, 0.873749853, -3.09917627e-005, -0.486375569, 0.48637557, 2.45477616e-005, 0.873749852, -1.51396166e-005, -0.999999999, 3.65222393e-005, 0.113624219, 0.0781260742, -0.145715967, 0, 0, 0, 0, 0, 0, 0, 0.196325586, 0.133547021, -0.10543374, 0, 0, 0, 0, 0, 0, 0, 1, 1, 1, 
220.87811, 0.1, 0.1, 0.112554601, 0.173115054, -0.0199664361, 0.873749624, 1.07592267e-006, -0.486375981, 0.486375981, -3.00834894e-005, 0.873749623, -1.36917996e-005, -1, -2.68087405e-005, 0.873749638, 2.42548843e-005, -0.486375956, 0.486375956, -2.58087302e-005, 0.873749637, 8.63995053e-006, -0.999999999, -3.43473612e-005, 0.113624219, 0.0781260742, -0.145715967, 0, 0, 0, 0, 0, 0, 0, 0.196325586, 0.133547021, -0.10543374, 0, 0, 0, 0, 0, 0, 0, 1, 1, 1, 
220.878836, 0.1, 0.1, 0.112554556, 0.1731151, -0.0199665924, 0.873749755, -2.80034105e-007, -0.486375746, 0.486375746, 3.76005624e-005, 0.873749754, 1.80433219e-005, -0.999999999, 3.2989684e-005, 0.873749704, -1.34163503e-005, -0.486375836, 0.486375837, 3.91576321e-005, 0.873749703, 7.32279395e-006, -0.999999999, 4.07393581e-005, 0.113624219, 0.0781260742, -0.145715967, 0, 0, 0, 0, 0, 0, 0, 0.196325586, 0.133547021, -0.10543374, 0, 0, 0, 0, 0, 0, 0, 1, 1, 1, 
220.879559, 0.1, 0.1, 0.112554515, 0.173115137, -0.0199672447, 0.873750113, -1.04016919e-005, -0.486375101, 0.486375101, -3.73045254e-005, 0.873750113, -2.72324718e-005, -0.999999999, -2.75357093e-005, 0.873750035, -7.2859647e-006, -0.486375242, 0.486375241, -4.35352883e-005, 0.873750035, -2.75405983e-005, -0.999999999, -3.44952469e-005, 0.114777417, 0.0762925293, -0.146918481, 0, 0, 0, 0, 0, 0, 0, 0.196862256, 0.131916064, -0.106416699, 0, 0, 0, 0, 0, 0, 0, 1, 1, 1, 
220.880264, 0.1, 0.1, 0.112554474, 0.173115182, -0.0199683549, 0.873750494, -1.14749992e-005, -0.486374417, 0.486374417, 2.8533865e-005, 0.873750494, 3.85185574e-006, -1, 3.05126247e-005, 0.873750425, -6.03484597e-006, -0.486374542, 0.486374541, 3.89362721e-005, 0.873750424, 1.36646622e-005, -0.999999999, 3.69557797e-005, 0.114777417, 0.0762925293, -0.146918481, 0, 0, 0, 0, 0, 0, 0, 0.196862256, 0.131916064, -0.106416699, 0, 0, 0, 0, 0, 0, 0, 1, 1, 1, 
220.880965, 0.1, 0.1, 0.112554434, 0.173115217, -0.0199696821, 0.873750702, 2.05819862e-005, -0.486374043, 0.486374043, -1.62579876e-005, 0.873750702, 1.00760617e-005, -1, -2.4215972e-005, 0.87375068, 6.02434423e-006, -0.486374083, 0.486374083, -3.14157755e-005, 0.87375068, -1.00160441e-005, -0.999999999, -3.03796401e-005, 0.114777417, 0.0762925293, -0.146918481, 0, 0, 0, 0, 0, 0, 0, 0.196862256, 0.131916064, -0.106416699, 0, 0, 0, 0, 0, 0, 0, 1, 1, 1, 
220.881678, 0.1, 0.1, 0.112554394, 0.173115261, -0.0199707588, 0.873750641, -2.77246306e-005, -0.486374153, 0.486374153, 1.65401206e-005, 0.873750641, -1.61797266e-005, -0.999999999, 2.79364847e-005, 0.873750671, -2.34097012e-005, -0.486374098, 0.486374099, 2.62115443e-005, 0.873750671, -7.70562592e-006, -0.999999999, 3.42882268e-005, 0.114777417, 0.0762925293, -0.146918481, 0, 0, 0, 0, 0, 0, 0, 0.196862256, 0.131916064, -0.106416699, 0, 0, 0, 0, 0, 0, 0, 1, 1, 1, 
220.882386, 0.1, 0.1, 0.112554358, 0.173115298, -0.0199712648, 0.873750382, 3.1147746e-005, -0.486374617, 0.486374618, -9.51848023e-006, 0.873750383, 2.25858078e-005, -0.999999999, -2.34662488e-005, 0.873750442, 3.42504006e-005, -0.48637451, 0.486374511, -1.46585118e-005, 0.873750442, 2.27967762e-005, -0.999999999, -2.9466403e-005, 0.114777417, 0.0762925293, -0.146918481, 0, 0, 0, 0, 0, 0, 0, 0.196862256, 0.131916064, -0.106416699, 0, 0, 0, 0, 0, 0, 0, 1, 1, 1, 
220.883087, 0.1, 0.1, 0.112554318, 0.173115339, -0.0199711529, 0.873750093, -1.53490682e-005, -0.486375137, 0.486375137, 2.07768991e-005, 0.873750093, -3.30588265e-006, -1, 2.56192227e-005, 0.873750146, -2.66262432e-005, -0.486375042, 0.486375043, 2.1851853e-005, 0.873750146, -1.2636488e-005, -0.999999999, 3.20434e-005, 0.114777417, 0.0762925293, -0.146918481, 0, 0, 0, 0, 0, 0, 0, 0.196862256, 0.131916064, -0.106416699, 0, 0, 0, 0, 0, 0, 0, 1, 1, 1, 
220.883792, 0.1, 0.1, 0.112554284, 0.173115375, -0.0199704906, 0.873749957, 3.83943253e-006, -0.486375382, 0.486375382, -2.71745613e-005, 0.873749957, -9.86233365e-006, -1, -2.56111773e-005, 0.873749967, 2.39273983e-005, -0.486375364, 0.486375365, -2.34063277e-005, 0.873749967, 9.52230232e-006, -0.999999999, -3.20889752e-005, 0.114777417, 0.0762925293, -0.146918481, 0, 0, 0, 0, 0, 0, 0, 0.196862256, 0.131916064, -0.106416699, 0, 0, 0, 0, 0, 0, 0, 1, 1, 1, 
220.884527, 0.1, 0.1, 0.112554243, 0.173115418, -0.0199691961, 0.873750088, 4.2638911e-006, -0.486375147, 0.486375147, 3.4034641e-005, 0.873750088, 2.02791788e-005, -0.999999999, 2.76639199e-005, 0.873750044, -6.97838178e-006, -0.486375226, 0.486375226, 3.59646757e-005, 0.873750043, 1.13949659e-005, -0.999999999, 3.4818249e-005, 0.115494141, 0.0742643066, -0.148298096, 0, 0, 0, 0, 0, 0, 0, 0.197402344, 0.130058447, -0.107403076, 0, 0, 0, 0, 0, 0, 0, 1, 1, 1, 
220.885231, 0.1, 0.1, 0.112554207, 0.173115451, -0.0199679794, 0.873750419, -6.01222391e-006, -0.486374553, 0.486374552, -3.43562077e-005, 0.873750419, -2.19631683e-005, -0.999999999, -2.70945581e-005, 0.873750344, -2.91173207e-006, -0.486374686, 0.486374686, -4.07254364e-005, 0.873750344, -2.23519483e-005, -0.999999999, -3.41676713e-005, 0.115494141, 0.0742643066, -0.148298096, 0, 0, 0, 0, 0, 0, 0, 0.197402344, 0.130058447, -0.107403076, 0, 0, 0, 0, 0, 0, 0, 1, 1, 1, 
220.885935, 0.1, 0.1, 0.11255417, 0.173115493, -0.0199672129, 0.873750782, -7.95888652e-006, -0.4863739, 0.4863739, 2.95566788e-005, 0.873750782, 7.42151379e-006, -1, 2.96961659e-005, 0.873750716, -2.11522025e-006, -0.486374018, 0.486374018, 4.1175721e-005, 0.873750716, 1.81786257e-005, -0.999999999, 3.70061039e-005, 0.115494141, 0.0742643066, -0.148298096, 0, 0, 0, 0, 0, 0, 0, 0.197402344, 0.130058447, -0.107403076, 0, 0, 0, 0, 0, 0, 0, 1, 1, 1, 
220.88664, 0.1, 0.1, 0.112554134, 0.173115525, -0.0199671333, 0.873750967, 2.5760183e-005, -0.486373568, 0.486373568, -1.85185986e-005, 0.873750967, 1.35010279e-005, -0.999999999, -2.87097155e-005, 0.87375095, 1.0262534e-005, -0.486373599, 0.486373599, -3.50954354e-005, 0.873750949, -8.10259435e-006, -0.999999999, -3.56560956e-005, 0.115494141, 0.0742643066, -0.148298096, 0, 0, 0, 0, 0, 0, 0, 0.197402344, 0.130058447, -0.107403076, 0, 0, 0, 0, 0, 0, 0, 1, 1, 1, 
220.887379, 0.1, 0.1, 0.112554095, 0.173115567, -0.0199673711, 0.873750852, -3.15257242e-005, -0.486373773, 0.486373773, 1.74241904e-005, 0.873750853, -1.90709592e-005, -0.999999999, 3.05576866e-005, 0.873750897, -2.60959561e-005, -0.486373692, 0.486373693, 2.91954556e-005, 0.873750897, -8.6014635e-006, -0.999999999, 3.82019421e-005, 0.116670166, 0.0720067383, -0.149710181, 0, 0, 0, 0, 0, 0, 0, 0.197672559, 0.12819082, -0.108582422, 0, 0, 0, 0, 0, 0, 0, 1, 1, 1, 
220.888078, 0.1, 0.1, 0.112554063, 0.1731156, -0.019968057, 0.873750526, 3.23262208e-005, -0.48637436, 0.48637436, -1.3385798e-005, 0.873750526, 2.17345435e-005, -0.999999999, -2.7418493e-005, 0.873750599, 3.5861194e-005, -0.486374227, 0.486374228, -1.8774494e-005, 0.873750599, 2.22023097e-005, -0.999999999, -3.3846186e-005, 0.116670166, 0.0720067383, -0.149710181, 0, 0, 0, 0, 0, 0, 0, 0.197672559, 0.12819082, -0.108582422, 0, 0, 0, 0, 0, 0, 0, 1, 1, 1, 
220.888782, 0.1, 0.1, 0.112554025, 0.173115638, -0.0199690863, 0.873750167, -2.11931142e-005, -0.486375004, 0.486375004, 2.0016857e-005, 0.873750167, -8.78178821e-006, -1, 2.77975332e-005, 0.873750232, -3.28035965e-005, -0.486374887, 0.486374888, 2.10713552e-005, 0.873750232, -1.8413572e-005, -0.999999999, 3.43659471e-005, 0.116670166, 0.0720067383, -0.149710181, 0, 0, 0, 0, 0, 0, 0, 0.197672559, 0.12819082, -0.108582422, 0, 0, 0, 0, 0, 0, 0, 1, 1, 1, 
220.889487, 0.1, 0.1, 0.112553993, 0.173115671, -0.0199701152, 0.873749978, 2.25110189e-006, -0.486375346, 0.486375345, -3.06517207e-005, 0.873749977, -1.2941341e-005, -1, -2.78768207e-005, 0.873749997, 2.19246014e-005, -0.48637531, 0.486375311, -2.63698258e-005, 0.873749996, 6.33098822e-006, -0.999999999, -3.370422e-005, 0.116670166, 0.0720067383, -0.149710181, 0, 0, 0, 0, 0, 0, 0, 0.197672559, 0.12819082, -0.108582422, 0, 0, 0, 0, 0, 0, 0, 1, 1, 1, 
220.89019, 0.1, 0.1, 0.112553956, 0.173115707, -0.0199708364, 0.873750046, 3.18872519e-006, -0.486375222, 0.486375222, 2.69836263e-005, 0.873750046, 1.5910316e-005, -1, 2.20260278e-005, 0.873750014, -7.71330949e-006, -0.48637528, 0.48637528, 2.81228537e-005, 0.873750014, 6.93875655e-006, -1, 2.83239068e-005, 0.116670166, 0.0720067383, -0.149710181, 0, 0, 0, 0, 0, 0, 0, 0.197672559, 0.12819082, -0.108582422, 0, 0, 0, 0, 0, 0, 0, 1, 1, 1, 
220.890894, 0.1, 0.1, 0.112553923, 0.173115737, -0.0199710572, 0.873750312, -4.24478405e-006, -0.486374745, 0.486374745, -3.41180172e-005, 0.873750311, -2.03030233e-005, -0.999999999, -2.77460724e-005, 0.87375025, -1.59375056e-006, -0.486374856, 0.486374855, -4.01982802e-005, 0.87375025, -2.09439727e-005, -0.999999999, -3.43480972e-005, 0.116670166, 0.0720067383, -0.149710181, 0, 0, 0, 0, 0, 0, 0, 0.197672559, 0.12819082, -0.108582422, 0, 0, 0, 0, 0, 0, 0, 1, 1, 1, 
220.891598, 0.1, 0.1, 0.112553889, 0.173115775, -0.0199707571, 0.873750607, -6.97956978e-006, -0.486374214, 0.486374214, 2.55766287e-005, 0.873750607, 6.34140934e-006, -1, 2.57422776e-005, 0.873750554, -1.50044152e-006, -0.486374309, 0.486374309, 3.52524577e-005, 0.873750554, 1.58348782e-005, -0.999999999, 3.15316307e-005, 0.116670166, 0.0720067383, -0.149710181, 0, 0, 0, 0, 0, 0, 0, 0.197672559, 0.12819082, -0.108582422, 0, 0, 0, 0, 0, 0, 0, 1, 1, 1, 
220.892328, 0.1, 0.1, 0.112553855, 0.173115806, -0.0199697257, 0.873750748, 2.25026184e-005, -0.486373961, 0.486373961, -1.6672006e-005, 0.873750748, 1.15528501e-005, -1, -2.55118653e-005, 0.873750739, 8.54608279e-006, -0.486373978, 0.486373978, -3.30329916e-005, 0.873750738, -8.59924135e-006, -0.999999999, -3.30191931e-005, 0.117577661, 0.0701983398, -0.151088452, 0, 0, 0, 0, 0, 0, 0, 0.198152832, 0.126553027, -0.109755176, 0, 0, 0, 0, 0, 0, 0, 1, 1, 1, 
220.89303, 0.1, 0.1, 0.112553821, 0.173115843, -0.0199686398, 0.873750619, -3.08790893e-005, -0.486374192, 0.486374193, 1.70597161e-005, 0.873750619, -1.86832177e-005, -0.999999999, 2.99247296e-005, 0.873750663, -2.60264624e-005, -0.486374113, 0.486374113, 2.71937779e-005, 0.873750663, -9.51428914e-006, -0.999999999, 3.6419179e-005, 0.117577661, 0.0701983398, -0.151088452, 0, 0, 0, 0, 0, 0, 0, 0.198152832, 0.126553027, -0.109755176, 0, 0, 0, 0, 0, 0, 0, 1, 1, 1, 
220.893737, 0.1, 0.1, 0.112553791, 0.173115874, -0.0199678043, 0.873750286, 3.19150316e-005, -0.48637479, 0.486374791, -9.36806267e-006, 0.873750286, 2.33293785e-005, -0.999999999, -2.37080143e-005, 0.873750361, 3.59955095e-005, -0.486374655, 0.486374656, -1.55856414e-005, 0.873750361, 2.38706285e-005, -0.999999999, -3.11252633e-005, 0.117577661, 0.0701983398, -0.151088452, 0, 0, 0, 0, 0, 0, 0, 0.198152832, 0.126553027, -0.109755176, 0, 0, 0, 0, 0, 0, 0, 1, 1, 1, 
220.894439, 0.1, 0.1, 0.112553755, 0.17311591, -0.0199674846, 0.873749923, -2.27727236e-005, -0.486375444, 0.486375444, 2.60389587e-005, 0.873749922, -7.23295537e-006, -0.999999999, 3.38276316e-005, 0.873749988, -3.51617685e-005, -0.486375325, 0.486375326, 2.72095833e-005, 0.873749988, -1.74885249e-005, -0.999999999, 4.08761897e-005, 0.117577661, 0.0701983398, -0.151088452, 0, 0, 0, 0, 0, 0, 0, 0.198152832, 0.126553027, -0.109755176, 0, 0, 0, 0, 0, 0, 0, 1, 1, 1, 
220.895142, 0.1, 0.1, 0.112553726, 0.173115941, -0.019967754, 0.873749736, 1.11177308e-006, -0.48637578, 0.486375779, -2.86507318e-005, 0.873749736, -1.29636106e-005, -1, -2.55743088e-005, 0.873749753, 2.25658932e-005, -0.486375748, 0.486375748, -2.38291524e-005, 0.873749753, 8.12702183e-006, -0.999999999, -3.17962192e-005, 0.117577661, 0.0701983398, -0.151088452, 0, 0, 0, 0, 0, 0, 0, 0.198152832, 0.126553027, -0.109755176, 0, 0, 0, 0, 0, 0, 0, 1, 1, 1, 
220.895843, 0.1, 0.1, 0.112553692, 0.173115975, -0.0199684758, 0.873749825, 2.47052241e-006, -0.486375619, 0.486375619, 3.2082506e-005, 0.873749825, 1.77627672e-005, -0.999999999, 2.68304821e-005, 0.873749788, -9.47160966e-006, -0.486375687, 0.486375687, 3.36481291e-005, 0.873749787, 8.08981499e-006, -0.999999999, 3.40068063e-005, 0.117577661, 0.0701983398, -0.151088452, 0, 0, 0, 0, 0, 0, 0, 0.198152832, 0.126553027, -0.109755176, 0, 0, 0, 0, 0, 0, 0, 1, 1, 1, 
220.896549, 0.1, 0.1, 0.112553661, 0.173116003, -0.0199694099, 0.873750126, -4.83204016e-006, -0.486375079, 0.486375078, -3.63068456e-005, 0.873750126, -2.18807406e-005, -0.999999999, -2.93729271e-005, 0.873750059, -2.21243574e-006, -0.4863752, 0.486375199, -4.19074689e-005, 0.873750058, -2.23158694e-005, -0.999999999, -3.55405796e-005, 0.117577661, 0.0701983398, -0.151088452, 0, 0, 0, 0, 0, 0, 0, 0.198152832, 0.126553027, -0.109755176, 0, 0, 0, 0, 0, 0, 0, 1, 1, 1, 
220.897285, 0.1, 0.1, 0.112553629, 0.17311604, -0.0199700399, 0.87375047, -7.06325005e-006, -0.486374461, 0.486374461, 2.65180859e-005, 0.87375047, 6.72620166e-006, -1, 2.66055744e-005, 0.873750408, -1.34118609e-006, -0.486374572, 0.486374572, 3.70951291e-005, 0.873750408, 1.68702656e-005, -0.999999999, 3.3064203e-005, 0.118529102, 0.0681905029, -0.152231274, 0, 0, 0, 0, 0, 0, 0, 0.198703174, 0.124680273, -0.110536865, 0, 0, 0, 0, 0, 0, 0, 1, 1, 1, 
220.897989, 0.1, 0.1, 0.112553598, 0.173116067, -0.0199701744, 0.873750637, 2.23389462e-005, -0.48637416, 0.486374161, -1.62386659e-005, 0.873750637, 1.1620601e-005, -1, -2.50536309e-005, 0.873750622, 8.47682645e-006, -0.486374188, 0.486374188, -3.14811755e-005, 0.873750621, -7.90499879e-006, -0.999999999, -3.16296062e-005, 0.118529102, 0.0681905029, -0.152231274, 0, 0, 0, 0, 0, 0, 0, 0.198703174, 0.124680273, -0.110536865, 0, 0, 0, 0, 0, 0, 0, 1, 1, 1, 
220.898695, 0.1, 0.1, 0.112553566, 0.173116102, -0.0199700257, 0.873750544, -2.85588687e-005, -0.486374327, 0.486374328, 1.5104496e-005, 0.873750544, -1.76068879e-005, -0.999999999, 2.70878621e-005, 0.873750581, -2.38246193e-005, -0.486374261, 0.486374261, 2.51717905e-005, 0.873750581, -8.57386399e-006, -0.999999999, 3.35815482e-005, 0.118529102, 0.0681905029, -0.152231274, 0, 0, 0, 0, 0, 0, 0, 0.198703174, 0.124680273, -0.110536865, 0, 0, 0, 0, 0, 0, 0, 1, 1, 1, 
220.899417, 0.1, 0.1, 0.112553539, 0.17311613, -0.0199696151, 0.873750244, 3.01891573e-005, -0.486374867, 0.486374867, -1.04253218e-005, 0.873750244, 2.13071691e-005, -0.999999999, -2.37923748e-005, 0.873750318, 3.44207521e-005, -0.486374733, 0.486374734, -1.66102637e-005, 0.873750318, 2.19963305e-005, -0.999999999, -3.12546074e-005, 0.118529102, 0.0681905029, -0.152231274, 0, 0, 0, 0, 0, 0, 0, 0.198703174, 0.124680273, -0.110536865, 0, 0, 0, 0, 0, 0, 0, 1, 1, 1, 
220.900134, 0.1, 0.1, 0.112553504, 0.173116164, -0.0199688032, 0.873749911, -2.33137088e-005, -0.486375464, 0.486375465, 2.28891456e-005, 0.873749911, -9.23763219e-006, -0.999999999, 3.13386049e-005, 0.87374997, -3.56526624e-005, -0.486375357, 0.486375358, 2.43726104e-005, 0.87374997, -1.92972756e-005, -0.999999999, 3.8636144e-005, 0.119506909, 0.065945874, -0.153414014, 0, 0, 0, 0, 0, 0, 0, 0.19923667, 0.122796045, -0.111524707, 0, 0, 0, 0, 0, 0, 0, 1, 1, 1, 
220.900837, 0.1, 0.1, 0.112553478, 0.173116192, -0.0199681856, 0.873749753, 1.53849506e-007, -0.486375748, 0.486375748, -3.09179902e-005, 0.873749753, -1.49033347e-005, -1, -2.7089415e-005, 0.873749766, 2.11342654e-005, -0.486375725, 0.486375726, -2.63180534e-005, 0.873749766, 5.66559714e-006, -0.999999999, -3.32745867e-005, 0.119506909, 0.065945874, -0.153414014, 0, 0, 0, 0, 0, 0, 0, 0.19923667, 0.122796045, -0.111524707, 0, 0, 0, 0, 0, 0, 0, 1, 1, 1, 
220.901543, 0.1, 0.1, 0.112553446, 0.173116224, -0.0199679462, 0.873749867, 3.54862703e-006, -0.486375544, 0.486375543, 3.05977207e-005, 0.873749867, 1.79825954e-005, -1, 2.5008789e-005, 0.873749825, -8.81858775e-006, -0.48637562, 0.48637562, 3.22964594e-005, 0.873749824, 8.002971e-006, -0.999999999, 3.25081719e-005, 0.119506909, 0.065945874, -0.153414014, 0, 0, 0, 0, 0, 0, 0, 0.19923667, 0.122796045, -0.111524707, 0, 0, 0, 0, 0, 0, 0, 1, 1, 1, 
220.902246, 0.1, 0.1, 0.112553418, 0.173116248, -0.019968135, 0.873750193, -3.88379614e-006, -0.486374958, 0.486374958, -3.84208058e-005, 0.873750193, -2.20803854e-005, -0.999999999, -3.16812053e-005, 0.873750119, -1.10022799e-006, -0.486375092, 0.486375091, -4.47591134e-005, 0.873750118, -2.27310422e-005, -0.999999999, -3.85731571e-005, 0.119506909, 0.065945874, -0.153414014, 0, 0, 0, 0, 0, 0, 0, 0.19923667, 0.122796045, -0.111524707, 0, 0, 0, 0, 0, 0, 0, 1, 1, 1, 
220.902947, 0.1, 0.1, 0.112553389, 0.173116281, -0.0199686726, 0.873750547, -6.34385102e-006, -0.486374322, 0.486374322, 2.6526437e-005, 0.873750547, 7.35883451e-006, -1, 2.62629751e-005, 0.873750484, -4.9930001e-007, -0.486374437, 0.486374436, 3.66954927e-005, 0.873750483, 1.7411486e-005, -0.999999999, 3.23055513e-005, 0.119506909, 0.065945874, -0.153414014, 0, 0, 0, 0, 0, 0, 0, 0.19923667, 0.122796045, -0.111524707, 0, 0, 0, 0, 0, 0, 0, 1, 1, 1, 
220.903648, 0.1, 0.1, 0.112553361, 0.173116305, -0.0199693937, 0.873750731, 2.31225233e-005, -0.486373991, 0.486373991, -1.65280002e-005, 0.873750731, 1.21645322e-005, -1, -2.56875462e-005, 0.873750713, 8.98726832e-006, -0.486374025, 0.486374025, -3.22619141e-005, 0.873750712, -7.83872494e-006, -0.999999999, -3.25600443e-005, 0.119506909, 0.065945874, -0.153414014, 0, 0, 0, 0, 0, 0, 0, 0.19923667, 0.122796045, -0.111524707, 0, 0, 0, 0, 0, 0, 0, 1, 1, 1, 
220.904352, 0.1, 0.1, 0.112553332, 0.173116337, -0.0199700781, 0.873750651, -2.86482538e-005, -0.486374135, 0.486374136, 1.63964816e-005, 0.873750651, -1.70566058e-005, -0.999999999, 2.82602062e-005, 0.873750686, -2.36104232e-005, -0.486374072, 0.486374073, 2.62052287e-005, 0.873750686, -7.88407962e-006, -0.999999999, 3.43803342e-005, 0.119506909, 0.065945874, -0.153414014, 0, 0, 0, 0, 0, 0, 0, 0.19923667, 0.122796045, -0.111524707, 0, 0, 0, 0, 0, 0, 0, 1, 1, 1, 
220.905081, 0.1, 0.1, 0.112553307, 0.173116364, -0.0199701959, 0.873750359, 3.11786327e-005, -0.486374659, 0.48637466, -1.11737735e-005, 0.873750359, 2.18077013e-005, -0.999999999, -2.49275855e-005, 0.873750424, 3.50671192e-005, -0.486374542, 0.486374543, -1.69385883e-005, 0.873750424, 2.24014122e-005, -0.999999999, -3.18558528e-005, 0.120672803, 0.0641517578, -0.154347144, 0, 0, 0, 0, 0, 0, 0, 0.199765283, 0.120916699, -0.112502539, 0, 0, 0, 0, 0, 0, 0, 1, 1, 1, 
220.905786, 0.1, 0.1, 0.112553276, 0.173116395, -0.0199699793, 0.873750042, -2.04081394e-005, -0.48637523, 0.48637523, 2.23340348e-005, 0.873750042, -6.96889135e-006, -1, 2.94403774e-005, 0.873750099, -3.16781928e-005, -0.486375127, 0.486375128, 2.32244866e-005, 0.873750098, -1.63830115e-005, -0.999999999, 3.56998825e-005, 0.120672803, 0.0641517578, -0.154347144, 0, 0, 0, 0, 0, 0, 0, 0.199765283, 0.120916699, -0.112502539, 0, 0, 0, 0, 0, 0, 0, 1, 1, 1, 
220.90649, 0.1, 0.1, 0.112553252, 0.17311642, -0.0199695864, 0.873749888, 2.23679403e-007, -0.486375507, 0.486375507, -2.73239168e-005, 0.873749887, -1.3094244e-005, -1, -2.39830614e-005, 0.8737499, 2.05558196e-005, -0.486375484, 0.486375484, -2.32700513e-005, 0.8737499, 6.64266289e-006, -1, -3.03300517e-005, 0.120672803, 0.0641517578, -0.154347144, 0, 0, 0, 0, 0, 0, 0, 0.199765283, 0.120916699, -0.112502539, 0, 0, 0, 0, 0, 0, 0, 1, 1, 1, 
220.907193, 0.1, 0.1, 0.112553222, 0.17311645, -0.0199691396, 0.873749994, 2.03451893e-006, -0.486375316, 0.486375315, 3.24439954e-005, 0.873749994, 1.75576194e-005, -0.999999999, 2.7358401e-005, 0.873749955, -9.37572992e-006, -0.486375387, 0.486375387, 3.40406434e-005, 0.873749954, 8.36448752e-006, -0.999999999, 3.43031349e-005, 0.120672803, 0.0641517578, -0.154347144, 0, 0, 0, 0, 0, 0, 0, 0.199765283, 0.120916699, -0.112502539, 0, 0, 0, 0, 0, 0, 0, 1, 1, 1, 
220.907893, 0.1, 0.1, 0.112553196, 0.173116473, -0.0199688139, 0.873750304, -6.12769457e-006, -0.486374759, 0.486374759, -3.45723644e-005, 0.873750304, -2.21692004e-005, -0.999999999, -2.7227258e-005, 0.873750234, -3.40632327e-006, -0.486374885, 0.486374885, -4.070744e-005, 0.873750233, -2.27753522e-005, -0.999999999, -3.39113851e-005, 0.120672803, 0.0641517578, -0.154347144, 0, 0, 0, 0, 0, 0, 0, 0.199765283, 0.120916699, -0.112502539, 0, 0, 0, 0, 0, 0, 0, 1, 1, 1, 
220.908605, 0.1, 0.1, 0.112553169, 0.173116504, -0.0199686121, 0.873750648, -6.82582342e-006, -0.48637414, 0.48637414, 2.82181833e-005, 0.873750648, 7.76052702e-006, -1, 2.797556e-005, 0.873750587, -1.44972242e-006, -0.486374251, 0.486374251, 3.90475309e-005, 0.873750586, 1.77250178e-005, -0.999999999, 3.48229107e-005, 0.120672803, 0.0641517578, -0.154347144, 0, 0, 0, 0, 0, 0, 0, 0.199765283, 0.120916699, -0.112502539, 0, 0, 0, 0, 0, 0, 0, 1, 1, 1, 
220.909308, 0.1, 0.1, 0.112553143, 0.173116527, -0.0199686027, 0.873750821, 2.58396889e-005, -0.48637383, 0.48637383, -1.67029793e-005, 0.873750821, 1.44535573e-005, -1, -2.71619903e-005, 0.873750805, 1.09543627e-005, -0.486373858, 0.486373858, -3.26367701e-005, 0.873750805, -6.30228858e-006, -0.999999999, -3.38443198e-005, 0.120672803, 0.0641517578, -0.154347144, 0, 0, 0, 0, 0, 0, 0, 0.199765283, 0.120916699, -0.112502539, 0, 0, 0, 0, 0, 0, 0, 1, 1, 1, 
220.910036, 0.1, 0.1, 0.112553116, 0.173116558, -0.0199685639, 0.873750712, -2.82443837e-005, -0.486374026, 0.486374026, 1.69215035e-005, 0.873750712, -1.64483706e-005, -0.999999999, 2.85225103e-005, 0.873750753, -2.33102437e-005, -0.486373952, 0.486373952, 2.77526079e-005, 0.873750753, -6.86919743e-006, -0.999999999, 3.55863574e-005, 0.121403564, 0.0619444824, -0.155466162, 0, 0, 0, 0, 0, 0, 0, 0.200307324, 0.118785791, -0.113069043, 0, 0, 0, 0, 0, 0, 0, 1, 1, 1, 
220.910739, 0.1, 0.1, 0.112553094, 0.173116582, -0.0199686946, 0.873750396, 3.36845191e-005, -0.486374593, 0.486374594, -1.19300177e-005, 0.873750396, 2.36294044e-005, -0.999999999, -2.6807152e-005, 0.873750467, 3.74296997e-005, -0.486374465, 0.486374465, -1.74569218e-005, 0.873750467, 2.42136166e-005, -0.999999999, -3.34578438e-005, 0.121403564, 0.0619444824, -0.155466162, 0, 0, 0, 0, 0, 0, 0, 0.200307324, 0.118785791, -0.113069043, 0, 0, 0, 0, 0, 0, 0, 1, 1, 1, 
220.91144, 0.1, 0.1, 0.112553066, 0.17311661, -0.0199690064, 0.873750051, -1.91118714e-005, -0.486375214, 0.486375214, 2.11535275e-005, 0.873750051, -6.41044717e-006, -1, 2.77784363e-005, 0.873750113, -3.07936684e-005, -0.4863751, 0.486375101, 2.22281514e-005, 0.873750113, -1.60947519e-005, -0.999999999, 3.43991234e-005, 0.121403564, 0.0619444824, -0.155466162, 0, 0, 0, 0, 0, 0, 0, 0.200307324, 0.118785791, -0.113069043, 0, 0, 0, 0, 0, 0, 0, 1, 1, 1, 
220.912171, 0.1, 0.1, 0.112553043, 0.173116634, -0.0199692931, 0.87374987, -1.07217324e-006, -0.486375539, 0.486375539, -3.07907315e-005, 0.873749869, -1.59126699e-005, -1, -2.63819188e-005, 0.873749887, 2.17146313e-005, -0.486375507, 0.486375508, -2.62838439e-005, 0.873749887, 6.18933868e-006, -0.999999999, -3.35269705e-005, 0.122590942, 0.0597358643, -0.156586523, 0, 0, 0, 0, 0, 0, 0, 0.200307324, 0.118785791, -0.113069043, 0, 0, 0, 0, 0, 0, 0, 1, 1, 1, 
220.912875, 0.1, 0.1, 0.112553015, 0.173116661, -0.0199693228, 0.873749965, -6.11394259e-007, -0.486375369, 0.486375369, 2.98249921e-005, 0.873749964, 1.39719358e-005, -1, 2.63569529e-005, 0.873749927, -1.20095626e-005, -0.486375437, 0.486375437, 3.10915583e-005, 0.873749926, 4.62881577e-006, -0.999999999, 3.3007403e-005, 0.122590942, 0.0597358643, -0.156586523, 0, 0, 0, 0, 0, 0, 0, 0.200814209, 0.11666001, -0.114049805, 0, 0, 0, 0, 0, 0, 0, 1, 1, 1, 
220.913575, 0.1, 0.1, 0.11255299, 0.173116681, -0.0199693964, 0.87375026, -8.71777461e-006, -0.486374837, 0.486374837, -3.48334386e-005, 0.87375026, -2.45592658e-005, -0.999999999, -2.61956198e-005, 0.873750193, -6.08062309e-006, -0.486374958, 0.486374957, -4.10144668e-005, 0.873750193, -2.52613552e-005, -0.999999999, -3.28789355e-005, 0.122590942, 0.0597358643, -0.156586523, 0, 0, 0, 0, 0, 0, 0, 0.200814209, 0.11666001, -0.114049805, 0, 0, 0, 0, 0, 0, 0, 1, 1, 1, 
220.91429, 0.1, 0.1, 0.112552965, 0.17311671, -0.0199694069, 0.873750593, -9.17924046e-006, -0.486374239, 0.486374239, 2.6922052e-005, 0.873750593, 5.07382578e-006, -1, 2.7987705e-005, 0.87375053, -3.73545912e-006, -0.486374353, 0.486374353, 3.78617115e-005, 0.873750529, 1.51511061e-005, -0.999999999, 3.4898522e-005, 0.122590942, 0.0597358643, -0.156586523, 0, 0, 0, 0, 0, 0, 0, 0.200814209, 0.11666001, -0.114049805, 0, 0, 0, 0, 0, 0, 0, 1, 1, 1, 
220.914992, 0.1, 0.1, 0.112552941, 0.173116731, -0.0199693028, 0.873750758, 2.35789021e-005, -0.486373942, 0.486373943, -1.55078959e-005, 0.873750758, 1.30594471e-005, -1, -2.50181994e-005, 0.873750744, 8.94284562e-006, -0.486373969, 0.486373969, -3.12619377e-005, 0.873750743, -7.39117472e-006, -0.999999999, -3.16647087e-005, 0.122590942, 0.0597358643, -0.156586523, 0, 0, 0, 0, 0, 0, 0, 0.200814209, 0.11666001, -0.114049805, 0, 0, 0, 0, 0, 0, 0, 1, 1, 1, 
220.915691, 0.1, 0.1, 0.112552916, 0.173116759, -0.0199692528, 0.873750658, -2.66431775e-005, -0.486374122, 0.486374123, 1.68752129e-005, 0.873750658, -1.5071827e-005, -1, 2.77032804e-005, 0.873750697, -2.20446848e-005, -0.486374053, 0.486374054, 2.70135573e-005, 0.873750696, -6.12286532e-006, -0.999999999, 3.43250772e-005, 0.122590942, 0.0597358643, -0.156586523, 0, 0, 0, 0, 0, 0, 0, 0.200814209, 0.11666001, -0.114049805, 0, 0, 0, 0, 0, 0, 0, 1, 1, 1, 
220.916394, 0.1, 0.1, 0.112552896, 0.173116781, -0.0199692552, 0.873750357, 3.44981304e-005, -0.486374662, 0.486374663, -1.01653227e-005, 0.873750358, 2.51985984e-005, -0.999999999, -2.56609708e-005, 0.873750426, 3.81345296e-005, -0.486374539, 0.48637454, -1.58115637e-005, 0.873750426, 2.56297195e-005, -0.999999999, -3.23630248e-005, 0.122590942, 0.0597358643, -0.156586523, 0, 0, 0, 0, 0, 0, 0, 0.200814209, 0.11666001, -0.114049805, 0, 0, 0, 0, 0, 0, 0, 1, 1, 1, 
220.917111, 0.1, 0.1, 0.11255287, 0.173116808, -0.0199692093, 0.873750019, -1.73321986e-005, -0.486375271, 0.486375271, 2.34169055e-005, 0.873750019, -3.75460512e-006, -1, 2.88904745e-005, 0.87375008, -2.91441343e-005, -0.486375161, 0.486375162, 2.44712722e-005, 0.873750079, -1.35624707e-005, -0.999999999, 3.55567591e-005, 0.12352395, 0.0577423096, -0.157704199, 0, 0, 0, 0, 0, 0, 0, 0.200814209, 0.11666001, -0.114049805, 0, 0, 0, 0, 0, 0, 0, 1, 1, 1, 
220.917827, 0.1, 0.1, 0.11255285, 0.17311683, -0.0199689382, 0.873749848, 3.77651085e-006, -0.486375579, 0.486375579, -2.7703201e-005, 0.873749847, -1.01744346e-005, -1, -2.60424703e-005, 0.873749862, 2.52955582e-005, -0.486375552, 0.486375553, -2.35658285e-005, 0.873749862, 1.06401476e-005, -0.999999999, -3.28937805e-005, 0.12352395, 0.0577423096, -0.157704199, 0, 0, 0, 0, 0, 0, 0, 0.201274707, 0.114742334, -0.115248682, 0, 0, 0, 0, 0, 0, 0, 1, 1, 1, 
220.918531, 0.1, 0.1, 0.112552825, 0.173116856, -0.0199688217, 0.873749952, 2.37498758e-006, -0.486375392, 0.486375392, 3.31182625e-005, 0.873749951, 1.81830532e-005, -0.999999999, 2.77819448e-005, 0.873749912, -8.78210849e-006, -0.486375464, 0.486375464, 3.46336832e-005, 0.873749911, 9.17160721e-006, -0.999999999, 3.45325797e-005, 0.12352395, 0.0577423096, -0.157704199, 0, 0, 0, 0, 0, 0, 0, 0.201274707, 0.114742334, -0.115248682, 0, 0, 0, 0, 0, 0, 0, 1, 1, 1, 
220.919238, 0.1, 0.1, 0.112552803, 0.173116875, -0.0199688509, 0.873750258, -8.34650286e-006, -0.486374842, 0.486374841, -3.42599003e-005, 0.873750258, -2.39559126e-005, -0.999999999, -2.58750678e-005, 0.873750188, -5.16634617e-006, -0.486374967, 0.486374967, -4.03121903e-005, 0.873750188, -2.41209361e-005, -0.999999999, -3.27100024e-005, 0.12352395, 0.0577423096, -0.157704199, 0, 0, 0, 0, 0, 0, 0, 0.201274707, 0.114742334, -0.115248682, 0, 0, 0, 0, 0, 0, 0, 1, 1, 1, 
220.919944, 0.1, 0.1, 0.112552779, 0.173116902, -0.0199689482, 0.873750602, -1.0547649e-005, -0.486374223, 0.486374223, 2.81530996e-005, 0.873750602, 4.47692727e-006, -1, 2.97288923e-005, 0.87375054, -4.9612259e-006, -0.486374335, 0.486374335, 3.89586988e-005, 0.873750539, 1.46136374e-005, -0.999999999, 3.64531971e-005, 0.12352395, 0.0577423096, -0.157704199, 0, 0, 0, 0, 0, 0, 0, 0.201274707, 0.114742334, -0.115248682, 0, 0, 0, 0, 0, 0, 0, 1, 1, 1, 
220.920645, 0.1, 0.1, 0.112552756, 0.17311692, -0.019969151, 0.873750775, 2.11750791e-005, -0.486373913, 0.486373913, -1.66900612e-005, 0.873750775, 1.03841314e-005, -1, -2.48819601e-005, 0.873750759, 6.6561259e-006, -0.486373942, 0.486373942, -3.2158489e-005, 0.873750758, -9.82525598e-006, -0.999999999, -3.13358703e-005, 0.12352395, 0.0577423096, -0.157704199, 0, 0, 0, 0, 0, 0, 0, 0.201274707, 0.114742334, -0.115248682, 0, 0, 0, 0, 0, 0, 0, 1, 1, 1, 
220.92135, 0.1, 0.1, 0.112552733, 0.173116946, -0.0199694007, 0.87375068, -2.94801178e-005, -0.486374082, 0.486374083, 1.50622715e-005, 0.87375068, -1.84323745e-005, -0.999999999, 2.74990352e-005, 0.873750718, -2.48249726e-005, -0.486374015, 0.486374015, 2.53795656e-005, 0.873750718, -9.34687647e-006, -0.999999999, 3.42496352e-005, 0.12352395, 0.0577423096, -0.157704199, 0, 0, 0, 0, 0, 0, 0, 0.201274707, 0.114742334, -0.115248682, 0, 0, 0, 0, 0, 0, 0, 1, 1, 1, 
220.922063, 0.1, 0.1, 0.112552714, 0.173116966, -0.019969603, 0.873750381, 3.09384216e-005, -0.48637462, 0.486374621, -1.15590396e-005, 0.873750381, 2.14104341e-005, -0.999999999, -2.51473783e-005, 0.873750454, 3.46515385e-005, -0.486374488, 0.486374489, -1.75189662e-005, 0.873750454, 2.17560193e-005, -0.999999999, -3.2160829e-005, 0.12352395, 0.0577423096, -0.157704199, 0, 0, 0, 0, 0, 0, 0, 0.201274707, 0.114742334, -0.115248682, 0, 0, 0, 0, 0, 0, 0, 1, 1, 1, 
220.922776, 0.1, 0.1, 0.112552689, 0.173116991, -0.0199694507, 0.873750047, -2.01729748e-005, -0.486375221, 0.486375221, 2.15313256e-005, 0.873750047, -7.15383445e-006, -1, 2.86246318e-005, 0.873750106, -3.21342378e-005, -0.486375114, 0.486375115, 2.27209733e-005, 0.873750106, -1.70263777e-005, -0.999999999, 3.54817464e-005, 0.1242552, 0.0555744629, -0.158549072, 0, 0, 0, 0, 0, 0, 0, 0.201800146, 0.112593115, -0.115809814, 0, 0, 0, 0, 0, 0, 0, 1, 1, 1, 
220.923489, 0.1, 0.1, 0.112552671, 0.173117011, -0.0199692646, 0.873749882, 3.03031147e-007, -0.486375517, 0.486375517, -2.94699259e-005, 0.873749882, -1.4068677e-005, -1, -2.58967312e-005, 0.873749897, 2.20191308e-005, -0.48637549, 0.48637549, -2.50428745e-005, 0.873749897, 7.05897288e-006, -0.999999999, -3.25907745e-005, 0.1242552, 0.0555744629, -0.158549072, 0, 0, 0, 0, 0, 0, 0, 0.201800146, 0.112593115, -0.115809814, 0, 0, 0, 0, 0, 0, 0, 1, 1, 1, 
220.924207, 0.1, 0.1, 0.112552646, 0.173117035, -0.0199688498, 0.87374999, 1.24969212e-006, -0.486375323, 0.486375323, 3.20474281e-005, 0.87374999, 1.66789967e-005, -0.999999999, 2.73936206e-005, 0.873749949, -1.06426589e-005, -0.486375396, 0.486375396, 3.37066526e-005, 0.873749949, 7.09506383e-006, -0.999999999, 3.46275135e-005, 0.1242552, 0.0555744629, -0.158549072, 0, 0, 0, 0, 0, 0, 0, 0.201800146, 0.112593115, -0.115809814, 0, 0, 0, 0, 0, 0, 0, 1, 1, 1, 
220.924942, 0.1, 0.1, 0.112552625, 0.173117052, -0.0199682073, 0.873750325, -5.83868795e-006, -0.486374721, 0.486374721, -3.95746519e-005, 0.873750325, -2.43496658e-005, -0.999999999, -3.17385748e-005, 0.873750253, -3.04406593e-006, -0.486374852, 0.486374851, -4.62759718e-005, 0.873750252, -2.51672223e-005, -0.999999999, -3.8953085e-005, 0.125224585, 0.0533944092, -0.159636841, 0, 0, 0, 0, 0, 0, 0, 0.202106738, 0.110231152, -0.116803271, 0, 0, 0, 0, 0, 0, 0, 1, 1, 1, 
220.925652, 0.1, 0.1, 0.112552603, 0.173117077, -0.0199679065, 0.873750681, -8.69655939e-006, -0.486374082, 0.486374082, 2.70530972e-005, 0.87375068, 5.55930063e-006, -1, 2.78674432e-005, 0.873750616, -2.57946911e-006, -0.486374199, 0.486374198, 3.7674753e-005, 0.873750615, 1.60702151e-005, -0.999999999, 3.41729258e-005, 0.125224585, 0.0533944092, -0.159636841, 0, 0, 0, 0, 0, 0, 0, 0.202106738, 0.110231152, -0.116803271, 0, 0, 0, 0, 0, 0, 0, 1, 1, 1, 
220.926441, 0.1, 0.1, 0.112552581, 0.173117094, -0.0199672777, 0.873750862, 2.82082537e-005, -0.486373755, 0.486373756, -1.94093768e-005, 0.873750862, 1.52067745e-005, -0.999999999, -3.0678714e-005, 0.87375085, 1.31469752e-005, -0.486373778, 0.486373778, -3.74521981e-005, 0.873750849, -6.72858635e-006, -0.999999999, -3.91182339e-005, 0.125224585, 0.0533944092, -0.159636841, 0, 0, 0, 0, 0, 0, 0, 0.202106738, 0.110231152, -0.116803271, 0, 0, 0, 0, 0, 0, 0, 1, 1, 1, 
220.927143, 0.1, 0.1, 0.11255256, 0.173117119, -0.0199668887, 0.873750732, -3.04858606e-005, -0.486373989, 0.48637399, 1.87840603e-005, 0.873750732, -1.75009647e-005, -0.999999999, 3.12401161e-005, 0.873750778, -2.47686438e-005, -0.486373906, 0.486373907, 2.91122499e-005, 0.873750778, -7.4821831e-006, -0.999999999, 3.74836731e-005, 0.125224585, 0.0533944092, -0.159636841, 0, 0, 0, 0, 0, 0, 0, 0.202106738, 0.110231152, -0.116803271, 0, 0, 0, 0, 0, 0, 0, 1, 1, 1, 
220.927848, 0.1, 0.1, 0.112552543, 0.173117137, -0.0199672376, 0.873750387, 3.26771307e-005, -0.486374609, 0.486374609, -8.64756971e-006, 0.873750387, 2.43456972e-005, -0.999999999, -2.3449144e-005, 0.873750465, 3.69105727e-005, -0.486374469, 0.48637447, -1.49222175e-005, 0.873750465, 2.49928444e-005, -0.999999999, -3.09906547e-005, 0.125224585, 0.0533944092, -0.159636841, 0, 0, 0, 0, 0, 0, 0, 0.202106738, 0.110231152, -0.116803271, 0, 0, 0, 0, 0, 0, 0, 1, 1, 1, 
220.928548, 0.1, 0.1, 0.11255252, 0.173117161, -0.0199682114, 0.873750015, -2.47485623e-005, -0.486375277, 0.486375278, 2.37188034e-005, 0.873750015, -1.00878171e-005, -0.999999999, 3.27613937e-005, 0.873750083, -3.61410854e-005, -0.486375154, 0.486375155, 2.52342537e-005, 0.873750083, -1.93049623e-005, -0.999999999, 3.96265573e-005, 0.125224585, 0.0533944092, -0.159636841, 0, 0, 0, 0, 0, 0, 0, 0.202106738, 0.110231152, -0.116803271, 0, 0, 0, 0, 0, 0, 0, 1, 1, 1, 
220.92927, 0.1, 0.1, 0.112552502, 0.173117179, -0.0199694105, 0.873749809, -3.57428834e-006, -0.486375647, 0.486375647, -3.18641281e-005, 0.873749809, -1.86209697e-005, -0.999999999, -2.61028291e-005, 0.87374983, 1.74276227e-005, -0.48637561, 0.48637561, -2.67650855e-005, 0.87374983, 2.20949761e-006, -0.999999999, -3.18623595e-005, 0.126147949, 0.0512183838, -0.160477686, 0, 0, 0, 0, 0, 0, 0, 0.202106738, 0.110231152, -0.116803271, 0, 0, 0, 0, 0, 0, 0, 1, 1, 1, 
