time, realDorsalTactorPos, realVentralTactorPos, boxPosX, boxPosY, boxPosZ, boxLocalRot_11, boxLocalRot_12, boxLocalRot_13, boxLocalRot_21, boxLocalRot_22, boxLocalRot_23, boxLocalRot_31, boxLocalRot_32, boxLocalRot_33, boxGlobalRot_11, boxGlobalRot_12, boxGlobalRot_13], boxGlobalRot_21, boxGlobalRot_22, boxGlobalRot_23, boxGlobalRot_31, boxGlobalRot_32, boxGlobalRot_33, indexPosX, indexPosY, indexPosZ, indexContact, indexForceX, indexForceY, indexForceZ, indexForceGlobalX, indexForceGlobalY, indexForceGlobalZ, thumbPosX, thumbPosY, thumbPosZ, thumbContact, thumbForceX, thumbForceY, thumbForceZ, thumbForceGlobalX, thumbForceGlobalY, thumbForceGlobalZ, hoopSuccess, targetSuccess, trialSuccess, 
178.471816, 0.1, 0.1, 0.116576603, 0.191215337, -0.0199728031, 0.847326039, -6.95057027e-005, -0.531073045, 0.531073045, -9.31472947e-006, 0.847326041, -6.38407937e-005, -0.999999998, 2.90199924e-005, 0.847326112, -4.64799708e-005, -0.531072931, 0.531072932, 6.90322285e-006, 0.847326113, -3.57175782e-005, -0.999999999, 3.05335353e-005, 0.0707655518, 0.0261366211, -0.157116235, 0, 0, 0, 0, 0, 0, 0, 0.162403662, 0.0893942871, -0.13339126, 0, 0, 0, 0, 0, 0, 0, 1, 1, 1, 
178.520291, 0.1, 0.1, 0.116576025, 0.191215354, -0.01996561, 0.84732472, 6.7838223e-006, -0.531075153, 0.531075153, 2.14832727e-005, 0.84732472, 1.71573327e-005, -1, 1.46005886e-005, 0.847324718, 4.40977238e-006, -0.531075157, 0.531075157, 1.41099646e-005, 0.847324718, 1.12299608e-005, -1, 9.61380122e-006, 0.0756176758, -0.00157885742, -0.156337402, 0, 0, 0, 0, 0, 0, 0, 0.164873096, 0.0614175293, -0.133327979, 0, 0, 0, 0, 0, 0, 0, 1, 1, 1, 
178.521095, 0.1, 0.1, 0.116576019, 0.191215354, -0.0199645008, 0.84732473, -1.23032779e-005, -0.531075137, 0.531075138, 9.91386079e-006, 0.84732473, -5.15986663e-006, -1, 1.49342244e-005, 0.847324734, 1.3866251e-006, -0.531075132, 0.531075132, -1.95760973e-006, 0.847324734, 1.35283899e-007, -1, -2.39513325e-006, 0.0756176758, -0.00157885742, -0.156337402, 0, 0, 0, 0, 0, 0, 0, 0.164873096, 0.0614175293, -0.133327979, 0, 0, 0, 0, 0, 0, 0, 1, 1, 1, 
178.521873, 0.1, 0.1, 0.116576013, 0.191215355, -0.019963768, 0.847324739, 5.41634339e-006, -0.531075123, 0.531075123, -4.55381913e-006, 0.847324739, 2.17098169e-006, -1, -6.73504884e-006, 0.847324736, 3.31808848e-006, -0.531075128, 0.531075128, -1.38464563e-005, 0.847324736, -4.54201011e-006, -1, -1.34945992e-005, 0.0760568359, -0.00369714355, -0.156307715, 0, 0, 0, 0, 0, 0, 0, 0.164873096, 0.0614175293, -0.133327979, 0, 0, 0, 0, 0, 0, 0, 1, 1, 1, 
178.522606, 0.1, 0.1, 0.116576006, 0.191215356, -0.0199640106, 0.847324738, 4.58312193e-006, -0.531075125, 0.531075125, -1.32080039e-005, 0.847324738, -3.13104975e-006, -1, -1.36254505e-005, 0.847324735, 5.98095957e-006, -0.531075129, 0.531075129, -5.36709193e-006, 0.847324735, 2.21748595e-006, -1, -7.72400862e-006, 0.0760568359, -0.00369714355, -0.156307715, 0, 0, 0, 0, 0, 0, 0, 0.16491748, 0.0591852051, -0.133037598, 0, 0, 0, 0, 0, 0, 0, 1, 1, 1, 
178.523318, 0.1, 0.1, 0.116576001, 0.191215357, -0.0199656788, 0.847324736, 8.3977921e-006, -0.531075129, 0.531075129, -6.39160517e-006, 0.847324736, 3.72123443e-006, -1, -9.87562368e-006, 0.84732474, -5.63729797e-006, -0.531075122, 0.531075122, 5.17405917e-006, 0.84732474, -2.02880793e-006, -1, 7.37793704e-006, 0.0760568359, -0.00369714355, -0.156307715, 0, 0, 0, 0, 0, 0, 0, 0.16491748, 0.0591852051, -0.133037598, 0, 0, 0, 0, 0, 0, 0, 1, 1, 1, 
178.524023, 0.1, 0.1, 0.116575996, 0.191215358, -0.019968225, 0.847324739, -3.05799266e-006, -0.531075124, 0.531075124, 3.60374016e-006, 0.847324739, -6.7725608e-007, -1, 4.67756202e-006, 0.847324737, -1.82141248e-006, -0.531075127, 0.531075127, 1.08491932e-005, 0.847324737, 4.21840877e-006, -1, 1.01600966e-005, 0.0760568359, -0.00369714355, -0.156307715, 0, 0, 0, 0, 0, 0, 0, 0.16491748, 0.0591852051, -0.133037598, 0, 0, 0, 0, 0, 0, 0, 1, 1, 1, 
178.524788, 0.1, 0.1, 0.116575992, 0.191215357, -0.0199704453, 0.847324722, -1.54017609e-005, -0.53107515, 0.53107515, -2.70155152e-007, 0.847324723, -1.31937654e-005, -1, 7.95058332e-006, 0.847324735, -1.52981574e-006, -0.531075129, 0.531075129, 2.84495106e-006, 0.847324735, 2.14632033e-007, -1, 3.2230445e-006, 0.076065625, -0.00599521484, -0.155998511, 0, 0, 0, 0, 0, 0, 0, 0.164746924, 0.0569562988, -0.132972168, 0, 0, 0, 0, 0, 0, 0, 1, 1, 1, 
178.525497, 0.1, 0.1, 0.116575987, 0.191215357, -0.0199717912, 0.847324582, 1.49241844e-006, -0.531075375, 0.531075374, 8.26913301e-006, 0.847324582, 5.65609574e-006, -1, 6.21405298e-006, 0.84732462, 1.21751491e-005, -0.531075312, 0.531075312, -1.54088774e-006, 0.847324621, 9.49797615e-006, -1, -7.77155323e-006, 0.076065625, -0.00599521484, -0.155998511, 0, 0, 0, 0, 0, 0, 0, 0.164746924, 0.0569562988, -0.132972168, 0, 0, 0, 0, 0, 0, 0, 1, 1, 1, 
178.526202, 0.1, 0.1, 0.116575982, 0.191215357, -0.0199722541, 0.847324307, 1.49279456e-005, -0.531075812, 0.531075812, 3.90304106e-006, 0.847324307, 1.47216219e-005, -1, -4.62072927e-006, 0.847324371, 1.35872519e-005, -0.53107571, 0.53107571, -3.27135908e-006, 0.847324371, 9.7754703e-006, -1, -9.9877617e-006, 0.076065625, -0.00599521484, -0.155998511, 0, 0, 0, 0, 0, 0, 0, 0.164746924, 0.0569562988, -0.132972168, 0, 0, 0, 0, 0, 0, 0, 1, 1, 1, 
178.526942, 0.1, 0.1, 0.116575977, 0.191215359, -0.0199715116, 0.847323897, 1.61755576e-005, -0.531076467, 0.531076467, -1.0257462e-006, 0.847323897, 1.31611869e-005, -1, -9.45959727e-006, 0.847323987, 2.17465203e-006, -0.531076323, 0.531076323, -5.18338174e-006, 0.847323987, -9.1013649e-007, -1, -5.54690988e-006, 0.076065625, -0.00599521484, -0.155998511, 0, 0, 0, 0, 0, 0, 0, 0.164746924, 0.0569562988, -0.132972168, 0, 0, 0, 0, 0, 0, 0, 1, 1, 1, 
178.527653, 0.1, 0.1, 0.116575972, 0.19121536, -0.0199699104, 0.847323398, 3.75656918e-007, -0.531077263, 0.531077263, -7.33641655e-006, 0.847323398, -3.57790113e-006, -1, -6.41582024e-006, 0.847323505, -1.15498273e-005, -0.531077093, 0.531077093, 2.80021438e-006, 0.847323505, -8.29931046e-006, -1, 8.50653618e-006, 0.076065625, -0.00599521484, -0.155998511, 0, 0, 0, 0, 0, 0, 0, 0.164746924, 0.0569562988, -0.132972168, 0, 0, 0, 0, 0, 0, 0, 1, 1, 1, 
178.528362, 0.1, 0.1, 0.116575968, 0.191215362, -0.0199681502, 0.847322795, -1.52263929e-005, -0.531078225, 0.531078225, -1.13648981e-006, 0.847322795, -1.35052348e-005, -1, 7.12343198e-006, 0.847322924, -1.38952288e-005, -0.531078019, 0.531078019, 7.03482519e-006, 0.847322924, -8.03770484e-006, -1, 1.33402192e-005, 0.076065625, -0.00599521484, -0.155998511, 0, 0, 0, 0, 0, 0, 0, 0.164746924, 0.0569562988, -0.132972168, 0, 0, 0, 0, 0, 0, 0, 1, 1, 1, 
178.529081, 0.1, 0.1, 0.116575963, 0.191215362, -0.0199667552, 0.847322087, -1.8048729e-005, -0.531079354, 0.531079354, 3.63212471e-006, 0.847322087, -1.33641403e-005, -1, 1.26628868e-005, 0.847322248, -3.73918204e-007, -0.531079098, 0.531079098, 8.91902897e-006, 0.847322248, 4.41988065e-006, -1, 7.75587181e-006, 0.076065625, -0.00599521484, -0.155998511, 0, 0, 0, 0, 0, 0, 0, 0.164746924, 0.0569562988, -0.132972168, 0, 0, 0, 0, 0, 0, 0, 1, 1, 1, 
178.529829, 0.1, 0.1, 0.116575958, 0.191215361, -0.0199655049, 0.847321246, -8.43425245e-008, -0.531080697, 0.531080697, 7.7751758e-006, 0.847321246, 4.05778057e-006, -1, 6.63286433e-006, 0.84732141, 1.41283254e-005, -0.531080434, 0.531080434, -3.88780329e-006, 0.84732141, 9.90649638e-006, -1, -1.07974962e-005, 0.0765332275, -0.00809177246, -0.155742896, 0, 0, 0, 0, 0, 0, 0, 0.164578076, 0.0549340332, -0.132468555, 0, 0, 0, 0, 0, 0, 0, 1, 1, 1, 
178.530538, 0.1, 0.1, 0.116575953, 0.191215361, -0.0199654109, 0.847320359, 1.48778615e-005, -0.531082112, 0.531082112, 2.18015131e-006, 0.847320359, 1.37641543e-005, -1, -6.0540795e-006, 0.847320542, 1.33626207e-005, -0.531081819, 0.531081819, -6.94210204e-006, 0.847320542, 7.63559883e-006, -1, -1.29788306e-005, 0.0765332275, -0.00809177246, -0.155742896, 0, 0, 0, 0, 0, 0, 0, 0.164578076, 0.0549340332, -0.132468555, 0, 0, 0, 0, 0, 0, 0, 1, 1, 1, 
178.531251, 0.1, 0.1, 0.116575948, 0.191215363, -0.0199663779, 0.847319394, 1.51002756e-005, -0.53108365, 0.53108365, -1.21337835e-006, 0.847319395, 1.2150351e-005, -1, -9.04762849e-006, 0.847319595, -1.93865651e-006, -0.531083331, 0.531083331, -6.25228104e-006, 0.847319595, -4.96314388e-006, -1, -4.26809208e-006, 0.0765332275, -0.00809177246, -0.155742896, 0, 0, 0, 0, 0, 0, 0, 0.164578076, 0.0549340332, -0.132468555, 0, 0, 0, 0, 0, 0, 0, 1, 1, 1, 
178.531984, 0.1, 0.1, 0.116575943, 0.191215365, -0.0199678309, 0.847318338, 5.89374742e-008, -0.531085336, 0.531085336, -5.19068676e-006, 0.847318338, -2.70675882e-006, -1, -4.4294649e-006, 0.847318542, -1.32027816e-005, -0.53108501, 0.53108501, 5.42881485e-006, 0.847318542, -8.30379948e-006, -1, 1.16117349e-005, 0.0765332275, -0.00809177246, -0.155742896, 0, 0, 0, 0, 0, 0, 0, 0.164578076, 0.0549340332, -0.132468555, 0, 0, 0, 0, 0, 0, 0, 1, 1, 1, 
178.532692, 0.1, 0.1, 0.116575939, 0.191215366, -0.0199694543, 0.84731727, -1.08778036e-005, -0.53108704, 0.53108704, 3.23077585e-007, 0.84731727, -9.04536849e-006, -1, 6.05080971e-006, 0.847317484, -9.64371815e-006, -0.531086698, 0.531086698, 8.28032838e-006, 0.847317484, -3.77371875e-006, -1, 1.21377174e-005, 0.0765332275, -0.00809177246, -0.155742896, 0, 0, 0, 0, 0, 0, 0, 0.164578076, 0.0549340332, -0.132468555, 0, 0, 0, 0, 0, 0, 0, 1, 1, 1, 
178.533405, 0.1, 0.1, 0.116575936, 0.191215366, -0.0199708617, 0.847316165, -1.10661787e-005, -0.531088802, 0.531088802, 2.88462614e-006, 0.847316165, -7.84455948e-006, -1, 8.32131396e-006, 0.847316389, 3.59318009e-006, -0.531088446, 0.531088446, 7.42884127e-006, 0.847316389, 6.98993214e-006, -1, 4.38628253e-006, 0.0765332275, -0.00809177246, -0.155742896, 0, 0, 0, 0, 0, 0, 0, 0.164578076, 0.0549340332, -0.132468555, 0, 0, 0, 0, 0, 0, 0, 1, 1, 1, 
178.534155, 0.1, 0.1, 0.116575931, 0.191215366, -0.0199714259, 0.847314983, -2.07671634e-006, -0.531090689, 0.531090689, 6.67477636e-006, 0.847314983, 1.78527871e-006, -1, 6.75856273e-006, 0.847315247, 1.21881064e-005, -0.531090267, 0.531090267, -3.93745944e-006, 0.847315247, 8.23602204e-006, -1, -9.80925412e-006, 0.0765332275, -0.00809177246, -0.155742896, 0, 0, 0, 0, 0, 0, 0, 0.164578076, 0.0549340332, -0.132468555, 0, 0, 0, 0, 0, 0, 0, 1, 1, 1, 
178.534876, 0.1, 0.1, 0.116575926, 0.191215366, -0.0199707173, 0.847313823, 9.66239234e-006, -0.531092539, 0.531092539, -1.18733536e-006, 0.847313823, 7.55649365e-006, -1, -6.13767015e-006, 0.847314049, 8.55454218e-006, -0.531092178, 0.531092178, -8.40173347e-006, 0.847314049, 2.78628884e-006, -1, -1.16621572e-005, 0.0767680664, -0.00996508789, -0.15524231, 0, 0, 0, 0, 0, 0, 0, 0.164409229, 0.0526951172, -0.132173291, 0, 0, 0, 0, 0, 0, 0, 1, 1, 1, 
178.535583, 0.1, 0.1, 0.11657592, 0.191215366, -0.0199695556, 0.84731267, 1.12318671e-005, -0.531094379, 0.531094379, -6.04167854e-006, 0.84731267, 6.30820178e-006, -1, -1.10843722e-005, 0.847312901, -4.02394891e-006, -0.531094011, 0.531094011, -1.05084278e-005, 0.847312901, -8.99050687e-006, -1, -6.76683124e-006, 0.0767680664, -0.00996508789, -0.15524231, 0, 0, 0, 0, 0, 0, 0, 0.164409229, 0.0526951172, -0.132173291, 0, 0, 0, 0, 0, 0, 0, 1, 1, 1, 
178.536291, 0.1, 0.1, 0.116575916, 0.191215367, -0.0199683548, 0.847311496, -5.16122002e-008, -0.531096252, 0.531096252, -9.3647784e-006, 0.847311496, -5.01733032e-006, -1, -7.90747335e-006, 0.84731173, -1.3727818e-005, -0.531095878, 0.531095878, 3.9795003e-007, 0.84731173, -1.14203916e-005, -1, 7.62797531e-006, 0.0767680664, -0.00996508789, -0.15524231, 0, 0, 0, 0, 0, 0, 0, 0.164409229, 0.0526951172, -0.132173291, 0, 0, 0, 0, 0, 0, 0, 1, 1, 1, 
178.537011, 0.1, 0.1, 0.116575912, 0.191215368, -0.0199673265, 0.84731027, -1.25809475e-005, -0.531098208, 0.531098208, 2.16603428e-006, 0.84731027, -9.50958914e-006, -1, 8.51702179e-006, 0.847310513, -1.17405775e-005, -0.531097821, 0.531097821, 9.75333337e-006, 0.847310513, -4.76794065e-006, -1, 1.4499497e-005, 0.076791748, -0.0120195312, -0.154913452, 0, 0, 0, 0, 0, 0, 0, 0.164409229, 0.0526951172, -0.132173291, 0, 0, 0, 0, 0, 0, 0, 1, 1, 1, 
178.537828, 0.1, 0.1, 0.116575909, 0.19121537, -0.0199656824, 0.847308841, -1.22400512e-005, -0.531100488, 0.531100488, 1.35942126e-005, 0.847308841, -3.15121062e-006, -1, 1.80191937e-005, 0.847309092, 4.98295368e-006, -0.531100086, 0.531100086, 1.85827858e-005, 0.847309092, 1.40914211e-005, -1, 1.30989162e-005, 0.076791748, -0.0120195312, -0.154913452, 0, 0, 0, 0, 0, 0, 0, 0.164058643, 0.0504879395, -0.131893164, 0, 0, 0, 0, 0, 0, 0, 1, 1, 1, 
178.538536, 0.1, 0.1, 0.116575906, 0.191215371, -0.0199649073, 0.847307564, 1.31174583e-006, -0.531102525, 0.531102525, 1.39911461e-005, 0.847307564, 8.54218519e-006, -1, 1.11581324e-005, 0.847307816, 1.63133734e-005, -0.531102122, 0.531102122, 4.18981984e-006, 0.847307817, 1.6047671e-005, -1, -5.11400012e-006, 0.076791748, -0.0120195312, -0.154913452, 0, 0, 0, 0, 0, 0, 0, 0.164058643, 0.0504879395, -0.131893164, 0, 0, 0, 0, 0, 0, 0, 1, 1, 1, 
178.53925, 0.1, 0.1, 0.116575901, 0.191215371, -0.0199654134, 0.847306251, 1.25985676e-005, -0.53110462, 0.53110462, -2.83183585e-006, 0.847306251, 9.17084395e-006, -1, -9.09058966e-006, 0.847306518, 1.15247796e-005, -0.531104194, 0.531104194, -9.92830997e-006, 0.847306518, 4.4920538e-006, -1, -1.45331805e-005, 0.076791748, -0.0120195312, -0.154913452, 0, 0, 0, 0, 0, 0, 0, 0.164058643, 0.0504879395, -0.131893164, 0, 0, 0, 0, 0, 0, 0, 1, 1, 1, 
178.53996, 0.1, 0.1, 0.116575895, 0.19121537, -0.0199668811, 0.847304912, 1.00635935e-005, -0.531106756, 0.531106756, -1.22650715e-005, 0.847304912, 2.01286994e-006, -1, -1.57370978e-005, 0.847305178, -6.38309308e-006, -0.531106331, 0.531106331, -1.6324478e-005, 0.847305178, -1.40784614e-005, -1, -1.04417136e-005, 0.076791748, -0.0120195312, -0.154913452, 0, 0, 0, 0, 0, 0, 0, 0.164058643, 0.0504879395, -0.131893164, 0, 0, 0, 0, 0, 0, 0, 1, 1, 1, 
178.540669, 0.1, 0.1, 0.11657589, 0.19121537, -0.019968906, 0.847303573, -2.53543721e-006, -0.531108891, 0.531108891, -1.37396814e-005, 0.847303573, -9.44555199e-006, -1, -1.02950879e-005, 0.847303837, -1.57296705e-005, -0.53110847, 0.53110847, -4.68615907e-006, 0.847303837, -1.5816669e-005, -1, 4.38356068e-006, 0.076791748, -0.0120195312, -0.154913452, 0, 0, 0, 0, 0, 0, 0, 0.164058643, 0.0504879395, -0.131893164, 0, 0, 0, 0, 0, 0, 0, 1, 1, 1, 
178.541376, 0.1, 0.1, 0.116575887, 0.191215371, -0.0199708537, 0.847302235, -1.11796489e-005, -0.531111026, 0.531111026, -2.16893032e-007, 0.847302235, -9.58773577e-006, -1, 5.75386084e-006, 0.847302501, -1.03974303e-005, -0.531110602, 0.531110602, 5.7394191e-006, 0.847302501, -5.76150236e-006, -1, 1.03852096e-005, 0.076791748, -0.0120195312, -0.154913452, 0, 0, 0, 0, 0, 0, 0, 0.164058643, 0.0504879395, -0.131893164, 0, 0, 0, 0, 0, 0, 0, 1, 1, 1, 
178.542092, 0.1, 0.1, 0.116575884, 0.191215372, -0.0199721282, 0.847300894, -1.00634007e-005, -0.531113165, 0.531113165, 9.70579465e-006, 0.847300894, -3.37185313e-006, -1, 1.35685331e-005, 0.847301157, 3.42659644e-006, -0.531112746, 0.531112746, 1.28471042e-005, 0.847301157, 9.72661991e-006, -1, 9.0654572e-006, 0.0768425293, -0.014314917, -0.154651611, 0, 0, 0, 0, 0, 0, 0, 0.164058643, 0.0504879395, -0.131893164, 0, 0, 0, 0, 0, 0, 0, 1, 1, 1, 
178.542814, 0.1, 0.1, 0.11657588, 0.191215373, -0.019972142, 0.847299558, 2.04048682e-006, -0.531115297, 0.531115297, 1.25389199e-005, 0.847299558, 8.38851576e-006, -1, 9.54048755e-006, 0.847299812, 1.35855612e-005, -0.531114891, 0.531114891, 4.23202358e-006, 0.847299813, 1.37587342e-005, -1, -3.62970105e-006, 0.0768425293, -0.014314917, -0.154651611, 0, 0, 0, 0, 0, 0, 0, 0.163957666, 0.0480477539, -0.13140127, 0, 0, 0, 0, 0, 0, 0, 1, 1, 1, 
178.543534, 0.1, 0.1, 0.116575876, 0.191215373, -0.0199711584, 0.847298233, 1.31922045e-005, -0.531117412, 0.531117412, 2.20706226e-006, 0.847298233, 1.23499408e-005, -1, -5.13656956e-006, 0.847298492, 1.26616849e-005, -0.531116998, 0.531116998, -4.19470198e-006, 0.847298492, 8.50034898e-006, -1, -1.02790007e-005, 0.0768425293, -0.014314917, -0.154651611, 0, 0, 0, 0, 0, 0, 0, 0.163957666, 0.0480477539, -0.13140127, 0, 0, 0, 0, 0, 0, 0, 1, 1, 1, 
178.544242, 0.1, 0.1, 0.116575872, 0.191215374, -0.0199695585, 0.847296935, 1.22328722e-005, -0.531119481, 0.531119481, -6.51005452e-006, 0.847296935, 6.90725836e-006, -1, -1.2013066e-005, 0.847297195, -2.30690991e-006, -0.531119068, 0.531119068, -1.03333775e-005, 0.847297195, -7.44289212e-006, -1, -7.53019793e-006, 0.0768425293, -0.014314917, -0.154651611, 0, 0, 0, 0, 0, 0, 0, 0.163957666, 0.0480477539, -0.13140127, 0, 0, 0, 0, 0, 0, 0, 1, 1, 1, 
178.544968, 0.1, 0.1, 0.116575867, 0.191215374, -0.0199677529, 0.8472956, -3.14381621e-006, -0.531121612, 0.531121612, -1.31712386e-005, 0.8472956, -9.65927111e-006, -1, -9.49018377e-006, 0.847295859, -1.65044351e-005, -0.531121198, 0.531121198, -2.80289567e-006, 0.847295859, -1.54728168e-005, -1, 6.39097344e-006, 0.0768425293, -0.014314917, -0.154651611, 0, 0, 0, 0, 0, 0, 0, 0.163772461, 0.0460103516, -0.131101123, 0, 0, 0, 0, 0, 0, 0, 1, 1, 1, 
178.545674, 0.1, 0.1, 0.116575863, 0.191215374, -0.0199664191, 0.847294284, -1.54909348e-005, -0.531123711, 0.531123711, -3.71727902e-006, 0.847294284, -1.50997155e-005, -1, 5.07797352e-006, 0.847294546, -1.48036742e-005, -0.531123292, 0.531123292, 4.20230179e-006, 0.847294546, -1.0311132e-005, -1, 1.14231635e-005, 0.0768425293, -0.014314917, -0.154651611, 0, 0, 0, 0, 0, 0, 0, 0.163772461, 0.0460103516, -0.131101123, 0, 0, 0, 0, 0, 0, 0, 1, 1, 1, 
178.54638, 0.1, 0.1, 0.11657586, 0.191215374, -0.0199660066, 0.847292954, -1.3853173e-005, -0.531125832, 0.531125832, 4.29236795e-006, 0.847292955, -9.45790842e-006, -1, 1.09946712e-005, 0.847293224, 2.67205315e-006, -0.531125402, 0.531125402, 8.67276466e-006, 0.847293224, 6.87033815e-006, -1, 5.92917942e-006, 0.0768425293, -0.014314917, -0.154651611, 0, 0, 0, 0, 0, 0, 0, 0.163772461, 0.0460103516, -0.131101123, 0, 0, 0, 0, 0, 0, 0, 1, 1, 1, 
178.547098, 0.1, 0.1, 0.116575857, 0.191215374, -0.0199665296, 0.847291584, 1.02610826e-006, -0.531128017, 0.531128017, 1.05316909e-005, 0.847291584, 6.46308902e-006, -1, 8.37841824e-006, 0.847291875, 1.58277932e-005, -0.531127554, 0.531127555, -1.09627772e-006, 0.847291875, 1.28284973e-005, -1, -9.33544431e-006, 0.0768425293, -0.014314917, -0.154651611, 0, 0, 0, 0, 0, 0, 0, 0.163772461, 0.0460103516, -0.131101123, 0, 0, 0, 0, 0, 0, 0, 1, 1, 1, 
178.547811, 0.1, 0.1, 0.116575853, 0.191215374, -0.0199676014, 0.84729021, 1.36581175e-005, -0.53113021, 0.53113021, 7.41867564e-007, 0.84729021, 1.19664176e-005, -1, -6.62566172e-006, 0.847290483, 1.22768987e-005, -0.531129775, 0.531129775, -6.9030069e-006, 0.847290483, 6.73570693e-006, -1, -1.23694785e-005, 0.077075293, -0.0164080566, -0.154115747, 0, 0, 0, 0, 0, 0, 0, 0.163772461, 0.0460103516, -0.131101123, 0, 0, 0, 0, 0, 0, 0, 1, 1, 1, 
178.548521, 0.1, 0.1, 0.116575849, 0.191215374, -0.0199690316, 0.847288837, 1.31211702e-005, -0.5311324, 0.5311324, -5.75733881e-006, 0.847288837, 8.0595119e-006, -1, -1.18472075e-005, 0.847289113, -2.16975181e-006, -0.53113196, 0.53113196, -9.93220834e-006, 0.847289113, -7.11372037e-006, -1, -7.26302746e-006, 0.077075293, -0.0164080566, -0.154115747, 0, 0, 0, 0, 0, 0, 0, 0.163772461, 0.0460103516, -0.131101123, 0, 0, 0, 0, 0, 0, 0, 1, 1, 1, 
178.549232, 0.1, 0.1, 0.116575845, 0.191215375, -0.0199703305, 0.847287472, -5.17059775e-007, -0.531134578, 0.531134578, -8.78304079e-006, 0.847287472, -5.10307494e-006, -1, -7.1671321e-006, 0.847287741, -1.27308229e-005, -0.531134149, 0.531134149, 5.31613135e-007, 0.847287741, -1.05043123e-005, -1, 7.21220409e-006, 0.077075293, -0.0164080566, -0.154115747, 0, 0, 0, 0, 0, 0, 0, 0.163772461, 0.0460103516, -0.131101123, 0, 0, 0, 0, 0, 0, 0, 1, 1, 1, 
178.549964, 0.1, 0.1, 0.116575842, 0.191215376, -0.0199709682, 0.847286063, -1.25734108e-005, -0.531136825, 0.531136825, 6.56280595e-007, 0.847286063, -1.0304701e-005, -1, 7.23425892e-006, 0.847286331, -1.15484616e-005, -0.531136398, 0.531136398, 7.3859678e-006, 0.847286331, -5.86189734e-006, -1, 1.23918379e-005, 0.0773148926, -0.0185107178, -0.154075195, 0, 0, 0, 0, 0, 0, 0, 0.163876904, 0.0439963867, -0.130383057, 0, 0, 0, 0, 0, 0, 0, 1, 1, 1, 
178.550674, 0.1, 0.1, 0.116575839, 0.191215377, -0.0199708245, 0.847284713, -1.18817521e-005, -0.531138979, 0.531138979, 6.65534215e-006, 0.847284713, -6.53231525e-006, -1, 1.19498313e-005, 0.84728498, 2.28370786e-006, -0.531138553, 0.531138553, 1.06477635e-005, 0.84728498, 7.59038907e-006, -1, 7.80872479e-006, 0.0773148926, -0.0185107178, -0.154075195, 0, 0, 0, 0, 0, 0, 0, 0.163876904, 0.0439963867, -0.130383057, 0, 0, 0, 0, 0, 0, 0, 1, 1, 1, 
178.551385, 0.1, 0.1, 0.116575836, 0.191215377, -0.0199701575, 0.847283373, 1.56070597e-006, -0.531141117, 0.531141117, 1.02638846e-005, 0.847283373, 6.77393138e-006, -1, 7.86746368e-006, 0.847283634, 1.38879429e-005, -0.5311407, 0.5311407, 1.03862723e-006, 0.847283634, 1.23186839e-005, -1, -6.49643983e-006, 0.0773148926, -0.0185107178, -0.154075195, 0, 0, 0, 0, 0, 0, 0, 0.163876904, 0.0439963867, -0.130383057, 0, 0, 0, 0, 0, 0, 0, 1, 1, 1, 
178.552093, 0.1, 0.1, 0.116575833, 0.191215377, -0.0199692118, 0.847282038, 1.33409034e-005, -0.531143247, 0.531143247, 5.91999774e-007, 0.847282038, 1.16179445e-005, -1, -6.58433998e-006, 0.847282302, 1.25910287e-005, -0.531142825, 0.531142825, -6.53024545e-006, 0.847282302, 7.19966279e-006, -1, -1.2220596e-005, 0.0773148926, -0.0185107178, -0.154075195, 0, 0, 0, 0, 0, 0, 0, 0.163876904, 0.0439963867, -0.130383057, 0, 0, 0, 0, 0, 0, 0, 1, 1, 1, 
178.5528, 0.1, 0.1, 0.116575828, 0.191215377, -0.0199682937, 0.847280705, 1.2546541e-005, -0.531145373, 0.531145373, -7.02649606e-006, 0.847280705, 6.89835121e-006, -1, -1.26174517e-005, 0.847280969, -2.83850713e-006, -0.531144951, 0.531144951, -1.11831409e-005, 0.847280969, -8.34488189e-006, -1, -7.96760371e-006, 0.0773148926, -0.0185107178, -0.154075195, 0, 0, 0, 0, 0, 0, 0, 0.163876904, 0.0439963867, -0.130383057, 0, 0, 0, 0, 0, 0, 0, 1, 1, 1, 
178.55351, 0.1, 0.1, 0.116575824, 0.191215378, -0.0199676533, 0.847279362, -1.67135768e-006, -0.531147515, 0.531147515, -1.16174213e-005, 0.847279362, -7.58667129e-006, -1, -8.95546379e-006, 0.847279627, -1.5154669e-005, -0.531147092, 0.531147092, -1.41194249e-006, 0.847279627, -1.35901914e-005, -1, 6.85304825e-006, 0.0773148926, -0.0185107178, -0.154075195, 0, 0, 0, 0, 0, 0, 0, 0.163876904, 0.0439963867, -0.130383057, 0, 0, 0, 0, 0, 0, 0, 1, 1, 1, 
178.554346, 0.1, 0.1, 0.11657582, 0.191215378, -0.0199669317, 0.84727779, -1.4597847e-005, -0.531150022, 0.531150022, -6.97668112e-006, 0.84727779, -1.60740959e-005, -1, 1.84245979e-006, 0.847278279, -1.31269802e-005, -0.531149242, 0.531149242, 6.3169362e-006, 0.847278279, -7.76696928e-006, -1, 1.23245884e-005, 0.0773148926, -0.0185107178, -0.154075195, 0, 0, 0, 0, 0, 0, 0, 0.163876904, 0.0439963867, -0.130383057, 0, 0, 0, 0, 0, 0, 0, 1, 1, 1, 
178.55508, 0.1, 0.1, 0.116575818, 0.191215377, -0.0199653767, 0.84727633, -1.10803475e-005, -0.531152351, 0.531152352, 3.60306813e-006, 0.84727633, -7.47433807e-006, -1, 8.93814698e-006, 0.847276609, 6.14790671e-006, -0.531151906, 0.531151906, 7.02795113e-006, 0.847276609, 8.94188719e-006, -1, 2.68914624e-006, 0.0777818848, -0.0206385254, -0.153419116, 0, 0, 0, 0, 0, 0, 0, 0.163762988, 0.0417542969, -0.129891406, 0, 0, 0, 0, 0, 0, 0, 1, 1, 1, 
178.555793, 0.1, 0.1, 0.116575816, 0.191215377, -0.0199650682, 0.847274928, 3.07441007e-006, -0.531154589, 0.531154589, 1.42461737e-005, 0.847274928, 1.01717911e-005, -1, 1.04374388e-005, 0.847275208, 1.80322883e-005, -0.531154141, 0.531154141, 2.0653078e-006, 0.847275208, 1.63753076e-005, -1, -7.82804049e-006, 0.0777818848, -0.0206385254, -0.153419116, 0, 0, 0, 0, 0, 0, 0, 0.163762988, 0.0417542969, -0.129891406, 0, 0, 0, 0, 0, 0, 0, 1, 1, 1, 
178.5565, 0.1, 0.1, 0.116575813, 0.191215378, -0.0199659634, 0.847273517, 1.4682443e-005, -0.531156838, 0.531156838, 6.76871875e-006, 0.847273517, 1.60352964e-005, -1, -2.06372384e-006, 0.847273798, 1.38128824e-005, -0.53115639, 0.53115639, -1.29826027e-006, 0.847273798, 1.10137141e-005, -1, -8.43678265e-006, 0.0777818848, -0.0206385254, -0.153419116, 0, 0, 0, 0, 0, 0, 0, 0.163762988, 0.0417542969, -0.129891406, 0, 0, 0, 0, 0, 0, 0, 1, 1, 1, 
178.557233, 0.1, 0.1, 0.116575808, 0.19121538, -0.0199676114, 0.847272049, 1.16000411e-005, -0.53115918, 0.53115918, -1.63582262e-006, 0.847272049, 8.95950835e-006, -1, -7.54745508e-006, 0.847272357, -5.31174988e-006, -0.531158689, 0.531158689, -5.46961893e-006, 0.847272357, -7.40573446e-006, -1, -1.81287482e-006, 0.0777818848, -0.0206385254, -0.153419116, 0, 0, 0, 0, 0, 0, 0, 0.163762988, 0.0417542969, -0.129891406, 0, 0, 0, 0, 0, 0, 0, 1, 1, 1, 
178.557958, 0.1, 0.1, 0.116575804, 0.191215381, -0.0199692002, 0.847270595, -3.39985837e-006, -0.5311615, 0.5311615, -9.39539727e-006, 0.847270595, -7.87107333e-006, -1, -6.15456997e-006, 0.847270876, -1.6016743e-005, -0.531161052, 0.531161052, 1.28807693e-006, 0.847270876, -1.28863436e-005, -1, 9.59882012e-006, 0.0777818848, -0.0206385254, -0.153419116, 0, 0, 0, 0, 0, 0, 0, 0.163824219, 0.0394987793, -0.129378027, 0, 0, 0, 0, 0, 0, 0, 1, 1, 1, 
178.558666, 0.1, 0.1, 0.116575801, 0.191215382, -0.0199706025, 0.847269185, -1.27990318e-005, -0.531163749, 0.531163749, -4.21034318e-006, 0.847269185, -1.30806069e-005, -1, 3.23108768e-006, 0.847269463, -1.216911e-005, -0.531163306, 0.531163306, 3.31171297e-006, 0.847269463, -8.55145487e-006, -1, 9.26969795e-006, 0.0777818848, -0.0206385254, -0.153419116, 0, 0, 0, 0, 0, 0, 0, 0.163824219, 0.0394987793, -0.129378027, 0, 0, 0, 0, 0, 0, 0, 1, 1, 1, 
178.559386, 0.1, 0.1, 0.116575799, 0.191215381, -0.0199714493, 0.847267772, -1.12840806e-005, -0.531166003, 0.531166003, -1.27404813e-007, 0.847267772, -9.62831096e-006, -1, 5.88577402e-006, 0.847268075, 3.63724615e-006, -0.531165519, 0.531165519, 3.96337373e-006, 0.847268075, 5.18693001e-006, -1, 1.42606029e-006, 0.0777818848, -0.0206385254, -0.153419116, 0, 0, 0, 0, 0, 0, 0, 0.163824219, 0.0394987793, -0.129378027, 0, 0, 0, 0, 0, 0, 0, 1, 1, 1, 
178.560148, 0.1, 0.1, 0.116575796, 0.191215381, -0.0199707563, 0.847266355, 6.3437867e-006, -0.531168263, 0.531168263, 2.16572866e-006, 0.847266355, 6.52524336e-006, -1, -1.53466914e-006, 0.847266602, 7.75984442e-006, -0.531167868, 0.531167868, 9.05982719e-006, 0.847266603, 1.13869461e-005, -1, 3.55430899e-006, 0.0780296631, -0.0229787109, -0.152969312, 0, 0, 0, 0, 0, 0, 0, 0.163824219, 0.0394987793, -0.129378027, 0, 0, 0, 0, 0, 0, 0, 1, 1, 1, 
178.560856, 0.1, 0.1, 0.116575792, 0.191215382, -0.0199695595, 0.84726521, 1.07815574e-005, -0.531170089, 0.531170089, 8.61931634e-006, 0.84726521, 1.37131616e-005, -1, 1.57600605e-006, 0.847265428, 9.11179998e-006, -0.531169742, 0.531169742, 2.37323545e-006, 0.847265428, 8.98070397e-006, -1, -2.8291521e-006, 0.0780296631, -0.0229787109, -0.152969312, 0, 0, 0, 0, 0, 0, 0, 0.163824219, 0.0394987793, -0.129378027, 0, 0, 0, 0, 0, 0, 0, 1, 1, 1, 
178.561565, 0.1, 0.1, 0.11657579, 0.191215382, -0.0199683069, 0.847264207, 1.14698382e-005, -0.531171689, 0.531171689, 1.39940118e-006, 0.847264207, 1.04613056e-005, -1, -4.90679079e-006, 0.847264393, -4.5400802e-006, -0.531171392, 0.531171392, -2.36916416e-006, 0.847264393, -5.10508052e-006, -1, 4.04252281e-007, 0.0780296631, -0.0229787109, -0.152969312, 0, 0, 0, 0, 0, 0, 0, 0.163824219, 0.0394987793, -0.129378027, 0, 0, 0, 0, 0, 0, 0, 1, 1, 1, 
178.562354, 0.1, 0.1, 0.116575785, 0.191215383, -0.0199666965, 0.847263135, -1.43678934e-006, -0.531173399, 0.531173399, -1.1618465e-005, 0.847263135, -7.3887582e-006, -1, -9.08071283e-006, 0.847263352, -1.75482719e-005, -0.531173053, 0.531173053, 9.50500432e-007, 0.847263352, -1.43631275e-005, -1, 1.01264934e-005, 0.0780317383, -0.0250888184, -0.15288396, 0, 0, 0, 0, 0, 0, 0, 0.163824219, 0.0394987793, -0.129378027, 0, 0, 0, 0, 0, 0, 0, 1, 1, 1, 
178.563064, 0.1, 0.1, 0.116575783, 0.191215384, -0.0199654909, 0.847262097, -1.27486576e-005, -0.531175055, 0.531175055, -4.6198838e-006, 0.847262097, -1.32554214e-005, -1, 2.85751648e-006, 0.847262309, -1.20343289e-005, -0.531174717, 0.531174717, 4.04616168e-006, 0.847262309, -8.04701452e-006, -1, 9.82049154e-006, 0.0780317383, -0.0250888184, -0.15288396, 0, 0, 0, 0, 0, 0, 0, 0.163620703, 0.0372515625, -0.129037842, 0, 0, 0, 0, 0, 0, 0, 1, 1, 1, 
178.563775, 0.1, 0.1, 0.116575781, 0.191215383, -0.0199653858, 0.847261001, -1.06624681e-005, -0.531176804, 0.531176804, 1.60289031e-006, 0.847261001, -8.18247525e-006, -1, 7.02172219e-006, 0.847261225, 6.3920972e-006, -0.531176447, 0.531176447, 6.333681e-006, 0.847261225, 8.78007827e-006, -1, 1.97095084e-006, 0.0780317383, -0.0250888184, -0.15288396, 0, 0, 0, 0, 0, 0, 0, 0.163620703, 0.0372515625, -0.129037842, 0, 0, 0, 0, 0, 0, 0, 1, 1, 1, 
178.564517, 0.1, 0.1, 0.11657578, 0.191215382, -0.0199662926, 0.847259809, 2.90372809e-006, -0.531178705, 0.531178705, 9.2734174e-006, 0.847259809, 7.38605395e-006, -1, 6.31459533e-006, 0.847260061, 1.8351904e-005, -0.531178303, 0.531178303, -2.74316498e-006, 0.847260061, 1.40917256e-005, -1, -1.20723074e-005, 0.0780317383, -0.0250888184, -0.15288396, 0, 0, 0, 0, 0, 0, 0, 0.163620703, 0.0372515625, -0.129037842, 0, 0, 0, 0, 0, 0, 0, 1, 1, 1, 
178.565265, 0.1, 0.1, 0.116575776, 0.191215382, -0.0199672624, 0.847258548, 1.2361667e-005, -0.531180715, 0.531180715, -7.70448184e-007, 0.847258549, 1.00642809e-005, -1, -7.21904795e-006, 0.847258792, 1.13345909e-005, -0.531180326, 0.531180326, -8.87826088e-006, 0.847258792, 4.88737429e-006, -1, -1.35428963e-005, 0.0780317383, -0.0250888184, -0.15288396, 0, 0, 0, 0, 0, 0, 0, 0.163620703, 0.0372515625, -0.129037842, 0, 0, 0, 0, 0, 0, 0, 1, 1, 1, 
178.565971, 0.1, 0.1, 0.116575772, 0.191215382, -0.0199685684, 0.847257332, 1.03698549e-005, -0.531182655, 0.531182655, -5.89430056e-006, 0.847257332, 5.65498536e-006, -1, -1.05022764e-005, 0.847257575, -4.97038048e-006, -0.531182267, 0.531182267, -1.02669559e-005, 0.847257575, -9.66481743e-006, -1, -6.0585782e-006, 0.0780317383, -0.0250888184, -0.15288396, 0, 0, 0, 0, 0, 0, 0, 0.163620703, 0.0372515625, -0.129037842, 0, 0, 0, 0, 0, 0, 0, 1, 1, 1, 
178.566679, 0.1, 0.1, 0.116575768, 0.191215383, -0.0199699581, 0.8472561, -2.68448852e-006, -0.531184621, 0.531184621, -8.11108859e-006, 0.847256099, -6.58293479e-006, -1, -5.44621026e-006, 0.847256342, -1.51699491e-005, -0.531184234, 0.531184234, 1.10207795e-006, 0.847256343, -1.22674291e-005, -1, 8.99178031e-006, 0.0780317383, -0.0250888184, -0.15288396, 0, 0, 0, 0, 0, 0, 0, 0.163620703, 0.0372515625, -0.129037842, 0, 0, 0, 0, 0, 0, 0, 1, 1, 1, 
178.567448, 0.1, 0.1, 0.116575765, 0.191215385, -0.0199706477, 0.847254744, -1.40100648e-005, -0.531186784, 0.531186784, 1.23820678e-006, 0.847254744, -1.12123748e-005, -1, 8.49103781e-006, 0.847255015, -1.38109096e-005, -0.531186351, 0.531186352, 8.77368375e-006, 0.847255015, -7.04090133e-006, -1, 1.47697142e-005, 0.0780697021, -0.0276495605, -0.152658618, 0, 0, 0, 0, 0, 0, 0, 0.163620703, 0.0372515625, -0.129037842, 0, 0, 0, 0, 0, 0, 0, 1, 1, 1, 
178.568167, 0.1, 0.1, 0.116575764, 0.191215385, -0.0199702072, 0.847253466, -9.21867137e-006, -0.531188822, 0.531188822, 6.6510928e-006, 0.847253466, -4.27756512e-006, -1, 1.05320166e-005, 0.847253716, 4.88673932e-006, -0.531188423, 0.531188423, 1.07001423e-005, 0.847253716, 9.82409977e-006, -1, 6.46995599e-006, 0.0780697021, -0.0276495605, -0.152658618, 0, 0, 0, 0, 0, 0, 0, 0.163231787, 0.0347847656, -0.128714014, 0, 0, 0, 0, 0, 0, 0, 1, 1, 1, 
178.568873, 0.1, 0.1, 0.116575762, 0.191215385, -0.0199694993, 0.84725221, 4.98318248e-006, -0.531190826, 0.531190826, 1.05425277e-005, 0.84725221, 9.82210637e-006, -1, 6.2851591e-006, 0.84725246, 1.76239312e-005, -0.531190425, 0.531190425, 9.7747149e-007, 0.847252461, 1.54511426e-005, -1, -8.53349838e-006, 0.0780697021, -0.0276495605, -0.152658618, 0, 0, 0, 0, 0, 0, 0, 0.163231787, 0.0347847656, -0.128714014, 0, 0, 0, 0, 0, 0, 0, 1, 1, 1, 
178.569965, 0.1, 0.1, 0.116575757, 0.191215385, -0.0199625736, 0.847250254, 7.733569e-006, -0.531193944, 0.531193944, 2.36116334e-005, 0.847250254, 1.9094625e-005, -1, 1.58969374e-005, 0.847250518, 3.86056903e-006, -0.531193525, 0.531193524, 1.60575347e-005, 0.847250517, 1.18005276e-005, -1, 1.15540454e-005, 0.0780697021, -0.0276495605, -0.152658618, 0, 0, 0, 0, 0, 0, 0, 0.163231787, 0.0347847656, -0.128714014, 0, 0, 0, 0, 0, 0, 0, 1, 1, 1, 
178.570691, 0.1, 0.1, 0.116575755, 0.191215384, -0.0199590002, 0.847249085, 9.55412608e-006, -0.53119581, 0.53119581, 1.14109156e-005, 0.847249085, 1.41561551e-005, -1, 4.59277606e-006, 0.847249295, 3.14294312e-006, -0.531195475, 0.531195475, -1.58383285e-005, 0.847249295, -5.75039211e-006, -1, -1.50885298e-005, 0.0782829346, -0.0295602295, -0.152400195, 0, 0, 0, 0, 0, 0, 0, 0.162975293, 0.032720752, -0.128581934, 0, 0, 0, 0, 0, 0, 0, 1, 1, 1, 
178.571496, 0.1, 0.1, 0.116575754, 0.191215385, -0.0199573292, 0.847247964, 1.98065138e-007, -0.531197598, 0.531197598, -1.31919494e-005, 0.847247963, -6.83972154e-006, -1, -1.1282064e-005, 0.847248149, -8.40573616e-007, -0.531197303, 0.531197303, -2.32611861e-005, 0.847248148, -1.30684537e-005, -1, -1.92614864e-005, 0.0782829346, -0.0295602295, -0.152400195, 0, 0, 0, 0, 0, 0, 0, 0.162975293, 0.032720752, -0.128581934, 0, 0, 0, 0, 0, 0, 0, 1, 1, 1, 
178.572204, 0.1, 0.1, 0.116575751, 0.191215386, -0.019959574, 0.847247103, -9.15831506e-006, -0.531198971, 0.531198971, -2.1128945e-005, 0.847247103, -1.89830298e-005, -1, -1.30365499e-005, 0.847247267, -5.90313115e-006, -0.531198709, 0.531198709, -1.23210226e-005, 0.847247267, -1.15463231e-005, -1, -7.30321711e-006, 0.0782829346, -0.0295602295, -0.152400195, 0, 0, 0, 0, 0, 0, 0, 0.162975293, 0.032720752, -0.128581934, 0, 0, 0, 0, 0, 0, 0, 1, 1, 1, 
178.572944, 0.1, 0.1, 0.116575747, 0.191215388, -0.0199642861, 0.847246316, -7.55156455e-006, -0.531200225, 0.531200225, -8.37798944e-006, 0.847246316, -1.08484251e-005, -1, -3.0868279e-006, 0.847246458, -2.45146596e-006, -0.5312, 0.5312, 1.54843268e-005, 0.847246457, 6.14827855e-006, -1, 1.44212597e-005, 0.0782829346, -0.0295602295, -0.152400195, 0, 0, 0, 0, 0, 0, 0, 0.162975293, 0.032720752, -0.128581934, 0, 0, 0, 0, 0, 0, 0, 1, 1, 1, 
178.573653, 0.1, 0.1, 0.116575744, 0.191215389, -0.0199698845, 0.847245653, 1.20571577e-006, -0.531201283, 0.531201283, 9.33041778e-006, 0.847245653, 5.97786734e-006, -1, 7.26467814e-006, 0.847245777, 1.60469491e-006, -0.531201086, 0.531201086, 1.65663647e-005, 0.847245776, 1.01596419e-005, -1, 1.31833669e-005, 0.0782829346, -0.0295602295, -0.152400195, 0, 0, 0, 0, 0, 0, 0, 0.162975293, 0.032720752, -0.128581934, 0, 0, 0, 0, 0, 0, 0, 1, 1, 1, 
178.574365, 0.1, 0.1, 0.116575742, 0.191215388, -0.0199748309, 0.847245074, 5.4898048e-006, -0.531202208, 0.531202208, 8.87308288e-006, 0.847245074, 9.36461129e-006, -1, 4.60147933e-006, 0.847245184, 3.83757494e-006, -0.531202032, 0.531202032, 3.73012309e-006, 0.847245184, 5.23281585e-006, -1, 1.12180121e-006, 0.0782829346, -0.0295602295, -0.152400195, 0, 0, 0, 0, 0, 0, 0, 0.162975293, 0.032720752, -0.128581934, 0, 0, 0, 0, 0, 0, 0, 1, 1, 1, 
178.575128, 0.1, 0.1, 0.11657574, 0.191215387, -0.0199775089, 0.84724453, 3.65581159e-006, -0.531203074, 0.531203074, 3.20856257e-006, 0.84724453, 4.80176467e-006, -1, 7.76458734e-007, 0.847244634, 4.61853473e-007, -0.531202909, 0.531202909, -1.32132638e-005, 0.847244634, -6.6276213e-006, -1, -1.14402048e-005, 0.078323584, -0.0314206055, -0.152314844, 0, 0, 0, 0, 0, 0, 0, 0.162975293, 0.032720752, -0.128581934, 0, 0, 0, 0, 0, 0, 0, 1, 1, 1, 
178.575851, 0.1, 0.1, 0.116575737, 0.191215386, -0.0199768178, 0.847244077, -3.18391133e-006, -0.531203796, 0.531203796, -9.46659376e-006, 0.847244077, -7.72624057e-006, -1, -6.32920971e-006, 0.847244161, -3.60225798e-006, -0.531203663, 0.531203663, -1.57135289e-005, 0.847244161, -1.13990761e-005, -1, -1.1399663e-005, 0.078323584, -0.0314206055, -0.152314844, 0, 0, 0, 0, 0, 0, 0, 0.162692187, 0.0308899902, -0.128413232, 0, 0, 0, 0, 0, 0, 0, 1, 1, 1, 
178.57656, 0.1, 0.1, 0.116575735, 0.191215387, -0.0199738221, 0.847243691, -6.85891989e-006, -0.531204413, 0.531204413, -1.50182329e-005, 0.847243691, -1.37889282e-005, -1, -9.08061457e-006, 0.847243763, -5.6489488e-006, -0.531204297, 0.531204297, -1.02567212e-005, 0.847243763, -1.0234451e-005, -1, -5.68919722e-006, 0.078323584, -0.0314206055, -0.152314844, 0, 0, 0, 0, 0, 0, 0, 0.162692187, 0.0308899902, -0.128413232, 0, 0, 0, 0, 0, 0, 0, 1, 1, 1, 
178.577306, 0.1, 0.1, 0.116575732, 0.191215388, -0.019969214, 0.847243336, -4.01843667e-006, -0.531204978, 0.531204978, -1.3260832e-005, 0.847243336, -1.04488137e-005, -1, -9.10053802e-006, 0.847243406, 3.98514815e-007, -0.531204867, 0.531204867, 9.75798176e-006, 0.847243406, 5.52112645e-006, -1, 8.05569269e-006, 0.078323584, -0.0314206055, -0.152314844, 0, 0, 0, 0, 0, 0, 0, 0.162692187, 0.0308899902, -0.128413232, 0, 0, 0, 0, 0, 0, 0, 1, 1, 1, 
178.578023, 0.1, 0.1, 0.11657573, 0.191215389, -0.0199646461, 0.847243032, 5.48756991e-006, -0.531205463, 0.531205463, 1.02522166e-005, 0.847243032, 1.00953388e-005, -1, 5.77109198e-006, 0.847243089, 7.12811627e-006, -0.531205373, 0.531205372, 1.90078956e-005, 0.847243089, 1.61363435e-005, -1, 1.23178145e-005, 0.078323584, -0.0314206055, -0.152314844, 0, 0, 0, 0, 0, 0, 0, 0.162692187, 0.0308899902, -0.128413232, 0, 0, 0, 0, 0, 0, 0, 1, 1, 1, 
178.578733, 0.1, 0.1, 0.116575728, 0.191215389, -0.0199617076, 0.847242771, 6.73514979e-006, -0.531205879, 0.531205879, 2.22169134e-005, 0.847242771, 1.7508062e-005, -1, 1.52453682e-005, 0.847242821, 5.57500152e-006, -0.531205801, 0.531205801, 1.40268588e-005, 0.847242821, 1.21745288e-005, -1, 8.92268226e-006, 0.078323584, -0.0314206055, -0.152314844, 0, 0, 0, 0, 0, 0, 0, 0.162692187, 0.0308899902, -0.128413232, 0, 0, 0, 0, 0, 0, 0, 1, 1, 1, 
178.579445, 0.1, 0.1, 0.116575725, 0.191215389, -0.0199611197, 0.847242538, 1.25362951e-006, -0.531206252, 0.531206252, 1.57074118e-005, 0.847242538, 9.40600359e-006, -1, 1.26420516e-005, 0.847242581, -4.36852033e-006, -0.531206183, 0.531206183, -1.04533892e-005, 0.847242581, -9.25410143e-006, -1, -6.53597147e-006, 0.078323584, -0.0314206055, -0.152314844, 0, 0, 0, 0, 0, 0, 0, 0.162692187, 0.0308899902, -0.128413232, 0, 0, 0, 0, 0, 0, 0, 1, 1, 1, 
178.580195, 0.1, 0.1, 0.116575723, 0.191215389, -0.0199626774, 0.847242325, -2.80880584e-006, -0.531206592, 0.531206592, -1.0677122e-005, 0.847242325, -8.05149678e-006, -1, -7.55405348e-006, 0.847242364, -5.58960311e-006, -0.531206529, 0.531206529, -1.92547075e-005, 0.847242364, -1.49639749e-005, -1, -1.33441702e-005, 0.0783859619, -0.0337377197, -0.15207937, 0, 0, 0, 0, 0, 0, 0, 0.162692187, 0.0308899902, -0.128413232, 0, 0, 0, 0, 0, 0, 0, 1, 1, 1, 
178.580922, 0.1, 0.1, 0.116575721, 0.191215391, -0.0199655511, 0.847242139, -2.03934063e-006, -0.531206887, 0.531206887, -1.54513238e-005, 0.847242139, -9.93566496e-006, -1, -1.20077009e-005, 0.847242173, -1.8570233e-007, -0.531206833, 0.531206833, -7.75796875e-006, 0.847242173, -4.27842086e-006, -1, -6.47423196e-006, 0.0783859619, -0.0337377197, -0.15207937, 0, 0, 0, 0, 0, 0, 0, 0.162051953, 0.0285980957, -0.128090869, 0, 0, 0, 0, 0, 0, 0, 1, 1, 1, 
178.581628, 0.1, 0.1, 0.116575719, 0.191215393, -0.0199691998, 0.847241982, -2.87136627e-006, -0.531207138, 0.531207138, -7.54840119e-006, 0.847241982, -6.44250665e-006, -1, -4.87003213e-006, 0.847242012, 2.37642862e-006, -0.53120709, 0.53120709, 1.27908492e-005, 0.847242012, 8.80799995e-006, -1, 9.57456909e-006, 0.0783859619, -0.0337377197, -0.15207937, 0, 0, 0, 0, 0, 0, 0, 0.162051953, 0.0285980957, -0.128090869, 0, 0, 0, 0, 0, 0, 0, 1, 1, 1, 
178.58235, 0.1, 0.1, 0.116575717, 0.191215393, -0.0199725939, 0.84724184, 5.72657629e-007, -0.531207365, 0.531207365, 8.91765738e-006, 0.84724184, 5.22230478e-006, -1, 7.2512125e-006, 0.847241867, 1.8470628e-006, -0.531207322, 0.531207322, 1.582578e-005, 0.847241867, 9.97167912e-006, -1, 1.24270901e-005, 0.0783859619, -0.0337377197, -0.15207937, 0, 0, 0, 0, 0, 0, 0, 0.162051953, 0.0285980957, -0.128090869, 0, 0, 0, 0, 0, 0, 0, 1, 1, 1, 
