time, realDorsalTactorPos, realVentralTactorPos, boxPosX, boxPosY, boxPosZ, boxLocalRot_11, boxLocalRot_12, boxLocalRot_13, boxLocalRot_21, boxLocalRot_22, boxLocalRot_23, boxLocalRot_31, boxLocalRot_32, boxLocalRot_33, boxGlobalRot_11, boxGlobalRot_12, boxGlobalRot_13], boxGlobalRot_21, boxGlobalRot_22, boxGlobalRot_23, boxGlobalRot_31, boxGlobalRot_32, boxGlobalRot_33, indexPosX, indexPosY, indexPosZ, indexContact, indexForceX, indexForceY, indexForceZ, indexForceGlobalX, indexForceGlobalY, indexForceGlobalZ, thumbPosX, thumbPosY, thumbPosZ, thumbContact, thumbForceX, thumbForceY, thumbForceZ, thumbForceGlobalX, thumbForceGlobalY, thumbForceGlobalZ, hoopSuccess, targetSuccess, trialSuccess, 
86.9531723, 0.1, 0.1, 0.119620575, 0.179173787, -0.0199580157, -9.81321261e-007, 0.973191171, 0.229997704, -4.14767337e-006, 0.229997704, -0.973191171, -1, -1.90896854e-006, 3.81077747e-006, 3.35488932e-006, 0.973191158, 0.229997759, 3.69136138e-005, 0.229997759, -0.973191158, -0.999999999, 1.17549971e-005, -3.51523856e-005, 0.1431198, -0.153449731, -0.161733813, 0, -0, 0, 0, 0, 0, 0, 0.20214082, -0.103411621, -0.12544668, 0, 0, 0, 0, 0, 0, 0, 1, 1, 1, 
86.9945366, 0.1, 0.1, 0.119620557, 0.179173777, -0.0199650932, -4.92064902e-005, 0.973186603, 0.230017028, -4.71363536e-005, 0.230017026, -0.973186604, -0.999999998, -5.8729261e-005, 3.45541374e-005, -3.93513721e-005, 0.973186642, 0.230016866, -4.4529e-005, 0.230016864, -0.973186642, -0.999999998, -4.85386507e-005, 3.42835487e-005, 0.143790967, -0.157122559, -0.160468066, 0, -0, 0, 0, 0, 0, 0, 0.202088281, -0.107626807, -0.125201318, 0, 0, 0, 0, 0, 0, 0, 1, 1, 1, 
86.9952442, 0.1, 0.1, 0.119620554, 0.17917378, -0.0199649396, 2.93042305e-005, 0.973186469, 0.230017597, 5.8563509e-005, 0.230017595, -0.973186468, -0.999999998, 4.19891182e-005, -5.0252726e-005, 7.87309011e-006, 0.973186484, 0.230017537, 4.80635277e-005, 0.230017536, -0.973186483, -0.999999999, 1.87174391e-005, -4.49638267e-005, 0.143790967, -0.157122559, -0.160468066, 0, -0, 0, 0, 0, 0, 0, 0.202088281, -0.107626807, -0.125201318, 0, 0, 0, 0, 0, 0, 0, 1, 1, 1, 
86.9960408, 0.1, 0.1, 0.11962056, 0.179173782, -0.0199651306, -1.26921295e-005, 0.973186481, 0.23001755, -3.25184034e-005, 0.230017549, -0.973186481, -0.999999999, -1.98316123e-005, 2.87270581e-005, 1.96360313e-005, 0.973186464, 0.230017622, -2.1933182e-005, 0.230017623, -0.973186464, -1, 1.40645015e-005, 2.58617091e-005, 0.143790967, -0.157122559, -0.160468066, 0, -0, 0, 0, 0, 0, 0, 0.202088281, -0.107626807, -0.125201318, 0, 0, 0, 0, 0, 0, 0, 1, 1, 1, 
86.9967457, 0.1, 0.1, 0.119620552, 0.179173783, -0.0199663175, -2.11567357e-005, 0.973186656, 0.230016807, 4.32296852e-005, 0.230016807, -0.973186655, -0.999999999, -1.06458987e-005, -4.69369576e-005, -4.33260429e-005, 0.97318661, 0.230017, 3.37850703e-005, 0.230017001, -0.97318661, -0.999999998, -3.43931843e-005, -4.28449045e-005, 0.143790967, -0.157122559, -0.160468066, 0, -0, 0, 0, 0, 0, 0, 0.202088281, -0.107626807, -0.125201318, 0, 0, 0, 0, 0, 0, 0, 1, 1, 1, 
86.997508, 0.1, 0.1, 0.11962056, 0.179173785, -0.0199682512, 4.29127624e-005, 0.973186995, 0.230015373, -2.22874083e-005, 0.230015374, -0.973186995, -0.999999999, 3.66356958e-005, 3.1560411e-005, 5.56230626e-005, 0.973186911, 0.230015725, -1.2341382e-005, 0.230015726, -0.973186912, -0.999999998, 5.12929247e-005, 2.48046505e-005, 0.143790967, -0.157122559, -0.160468066, 0, -0, 0, 0, 0, 0, 0, 0.202088281, -0.107626807, -0.125201318, 0, 0, 0, 0, 0, 0, 0, 1, 1, 1, 
86.9982508, 0.1, 0.1, 0.119620553, 0.179173784, -0.0199693333, -5.58003198e-005, 0.973187424, 0.230013553, 1.61821831e-005, 0.230013554, -0.973187425, -0.999999998, -5.05820481e-005, -2.85831269e-005, -5.76321211e-005, 0.97318734, 0.230013908, 1.25320591e-005, 0.230013909, -0.973187341, -0.999999998, -5.32043028e-005, -2.54522307e-005, 0.143790967, -0.157122559, -0.160468066, 0, -0, 0, 0, 0, 0, 0, 0.202088281, -0.107626807, -0.125201318, 0, 0, 0, 0, 0, 0, 0, 1, 1, 1, 
86.9989818, 0.1, 0.1, 0.119620556, 0.179173782, -0.0199700057, 5.91520463e-005, 0.97318784, 0.230011793, -2.69193972e-005, 0.230011795, -0.973187841, -0.999999998, 5.13742734e-005, 3.98032984e-005, 4.91956708e-005, 0.973187766, 0.230012109, -2.48239898e-005, 0.230012111, -0.973187766, -0.999999998, 4.21668067e-005, 3.54740032e-005, 0.143927417, -0.158045557, -0.160497119, 0, -0, 0, 0, 0, 0, 0, 0.202052148, -0.108624756, -0.12502251, 0, 0, 0, 0, 0, 0, 0, 1, 1, 1, 
86.99979, 0.1, 0.1, 0.119620556, 0.179173782, -0.019969537, -5.26039896e-005, 0.973188197, 0.230010283, 1.43713492e-005, 0.230010284, -0.973188198, -0.999999999, -4.78880237e-005, -2.6085486e-005, -3.22182846e-005, 0.973188144, 0.230010512, 1.69446882e-005, 0.230010513, -0.973188144, -0.999999999, -2.74569961e-005, -2.39009139e-005, 0.143927417, -0.158045557, -0.160497119, 0, -0, 0, 0, 0, 0, 0, 0.202052148, -0.108624756, -0.12502251, 0, 0, 0, 0, 0, 0, 0, 1, 1, 1, 
87.0005052, 0.1, 0.1, 0.119620552, 0.179173778, -0.0199683332, 3.16281682e-005, 0.973188366, 0.230009571, -3.51036367e-005, 0.230009573, -0.973188366, -0.999999999, 2.27059929e-005, 4.14372323e-005, -1.21853678e-006, 0.973188349, 0.230009646, -3.9917168e-005, 0.230009646, -0.973188348, -0.999999999, -1.03671995e-005, 3.85666476e-005, 0.143927417, -0.158045557, -0.160497119, 0, -0, 0, 0, 0, 0, 0, 0.202052148, -0.108624756, -0.12502251, 0, 0, 0, 0, 0, 0, 0, 1, 1, 1, 
87.00121, 0.1, 0.1, 0.119620559, 0.17917378, -0.0199674575, 9.84666369e-006, 0.973188355, 0.23000962, 3.32362717e-005, 0.23000962, -0.973188355, -0.999999999, 1.72273207e-005, -3.00803252e-005, 3.32163415e-005, 0.973188369, 0.230009559, 3.41272601e-005, 0.230009558, -0.973188369, -0.999999999, 4.01753532e-005, -2.55721765e-005, 0.143927417, -0.158045557, -0.160497119, 0, -0, 0, 0, 0, 0, 0, 0.202052148, -0.108624756, -0.12502251, 0, 0, 0, 0, 0, 0, 0, 1, 1, 1, 
87.0020272, 0.1, 0.1, 0.11962055, 0.179173774, -0.0199658493, -2.48912086e-005, 0.973188148, 0.230010494, -5.44599468e-005, 0.230010492, -0.973188147, -0.999999998, -3.67501884e-005, 4.72745357e-005, -4.15670646e-005, 0.973188194, 0.230010298, -5.53696002e-005, 0.230010295, -0.973188194, -0.999999998, -5.31881548e-005, 4.43241884e-005, 0.143927417, -0.158045557, -0.160497119, 0, -0, 0, 0, 0, 0, 0, 0.202416602, -0.109236279, -0.125015918, 0, 0, 0, 0, 0, 0, 0, 1, 1, 1, 
87.0027398, 0.1, 0.1, 0.119620557, 0.179173776, -0.0199651936, 4.74085711e-005, 0.973187855, 0.230011732, 5.08159299e-005, 0.23001173, -0.973187855, -0.999999998, 5.78257057e-005, -3.85489184e-005, 5.12428795e-005, 0.973187917, 0.230011467, 4.47111374e-005, 0.230011465, -0.973187918, -0.999999998, 6.01530256e-005, -3.17258889e-005, 0.143927417, -0.158045557, -0.160497119, 0, -0, 0, 0, 0, 0, 0, 0.202416602, -0.109236279, -0.125015918, 0, 0, 0, 0, 0, 0, 0, 1, 1, 1, 
87.0034994, 0.1, 0.1, 0.119620554, 0.179173775, -0.0199655997, -4.88236882e-005, 0.973187519, 0.230013153, -3.80684978e-005, 0.230013151, -0.97318752, -0.999999998, -5.62708592e-005, 2.58176966e-005, -3.78147466e-005, 0.973187588, 0.230012862, -3.18053174e-005, 0.230012861, -0.973187589, -0.999999999, -4.41164741e-005, 2.22546621e-005, 0.143927417, -0.158045557, -0.160497119, 0, -0, 0, 0, 0, 0, 0, 0.202416602, -0.109236279, -0.125015918, 0, 0, 0, 0, 0, 0, 0, 1, 1, 1, 
87.0042651, 0.1, 0.1, 0.119620551, 0.179173774, -0.01996585, 4.38074854e-005, 0.973187283, 0.230014153, 3.18772632e-007, 0.230014153, -0.973187284, -0.999999999, 4.27062099e-005, 9.76611619e-006, 1.88101106e-005, 0.97318731, 0.230014041, 9.80522669e-006, 0.230014041, -0.97318731, -1, 2.05611008e-005, -5.21573263e-006, 0.144460913, -0.158771069, -0.160461841, 0, -0, 0, 0, 0, 0, 0, 0.202416602, -0.109236279, -0.125015918, 0, 0, 0, 0, 0, 0, 0, 1, 1, 1, 
87.0049717, 0.1, 0.1, 0.119620556, 0.179173776, -0.0199670597, -2.19575657e-005, 0.973187131, 0.230014801, 3.68770794e-006, 0.230014801, -0.973187131, -1, -2.05205929e-005, -8.639395e-006, 9.10399268e-006, 0.973187169, 0.230014638, 1.68012978e-005, 0.230014638, -0.973187169, -1, 1.27244333e-005, -1.42567559e-005, 0.144460913, -0.158771069, -0.160461841, 0, -0, 0, 0, 0, 0, 0, 0.202416602, -0.109236279, -0.125015918, 0, 0, 0, 0, 0, 0, 0, 1, 1, 1, 
87.0057727, 0.1, 0.1, 0.119620548, 0.179173774, -0.0199684725, -1.1407531e-005, 0.973186901, 0.230015771, 1.4523457e-005, 0.230015771, -0.973186901, -1, -7.76103561e-006, -1.67579502e-005, -3.54028829e-005, 0.973186938, 0.230015614, 4.30358652e-006, 0.230015614, -0.973186938, -0.999999999, -3.34637311e-005, -1.233141e-005, 0.144460913, -0.158771069, -0.160461841, 0, -0, 0, 0, 0, 0, 0, 0.202416602, -0.109236279, -0.125015918, 0, 0, 0, 0, 0, 0, 0, 1, 1, 1, 
87.0065153, 0.1, 0.1, 0.119620557, 0.179173775, -0.0199688476, 3.70780112e-005, 0.973186807, 0.230016169, 1.2966412e-005, 0.230016169, -0.973186807, -0.999999999, 3.90663157e-005, -4.09019904e-006, 5.37428615e-005, 0.973186821, 0.230016105, 3.25457531e-006, 0.230016105, -0.973186823, -0.999999999, 5.30504493e-005, 9.19441385e-006, 0.144409399, -0.159011401, -0.160051245, 0, -0, 0, 0, 0, 0, 0, 0.202124268, -0.109576221, -0.125019092, 0, 0, 0, 0, 0, 0, 0, 1, 1, 1, 
87.0072264, 0.1, 0.1, 0.119620551, 0.179173772, -0.0199691735, -4.27006861e-005, 0.97318666, 0.230016789, -2.79783801e-005, 0.230016788, -0.973186661, -0.999999999, -4.79912353e-005, 1.74063116e-005, -4.29158365e-005, 0.973186691, 0.230016656, -3.19642166e-005, 0.230016655, -0.973186692, -0.999999999, -4.91174232e-005, 2.1235793e-005, 0.144409399, -0.159011401, -0.160051245, 0, -0, 0, 0, 0, 0, 0, 0.202124268, -0.109576221, -0.125019092, 0, 0, 0, 0, 0, 0, 0, 1, 1, 1, 
87.0080432, 0.1, 0.1, 0.119620554, 0.179173779, -0.0199682679, 4.92385556e-005, 0.973186545, 0.230017273, 4.10254611e-005, 0.230017271, -0.973186546, -0.999999998, 5.73548646e-005, -2.85997085e-005, 4.01839705e-005, 0.973186553, 0.230017242, 4.93678492e-005, 0.23001724, -0.973186553, -0.999999998, 5.04619563e-005, -3.8801121e-005, 0.144409399, -0.159011401, -0.160051245, 0, -0, 0, 0, 0, 0, 0, 0.202124268, -0.109576221, -0.125019092, 0, 0, 0, 0, 0, 0, 0, 1, 1, 1, 
87.0087499, 0.1, 0.1, 0.119620556, 0.179173774, -0.0199674677, -3.58584313e-005, 0.973186592, 0.230017078, -4.65626959e-005, 0.230017077, -0.973186592, -0.999999998, -4.56071598e-005, 3.70661397e-005, -1.23078e-005, 0.973186569, 0.230017179, -4.68182211e-005, 0.230017178, -0.973186568, -0.999999999, -2.27467808e-005, 4.27318586e-005, 0.144409399, -0.159011401, -0.160051245, 0, -0, 0, 0, 0, 0, 0, 0.202124268, -0.109576221, -0.125019092, 0, 0, 0, 0, 0, 0, 0, 1, 1, 1, 
87.0095138, 0.1, 0.1, 0.119620549, 0.179173774, -0.0199670484, 1.75761401e-005, 0.973186806, 0.230016174, 1.5136496e-005, 0.230016174, -0.973186806, -1, 2.05865065e-005, -1.06878417e-005, -2.14068268e-005, 0.973186747, 0.230016425, 1.58052629e-005, 0.230016425, -0.973186747, -1, -1.71973701e-005, -2.03053942e-005, 0.144409399, -0.159011401, -0.160051245, 0, -0, 0, 0, 0, 0, 0, 0.202124268, -0.109576221, -0.125019092, 0, 0, 0, 0, 0, 0, 0, 1, 1, 1, 
87.0102626, 0.1, 0.1, 0.119620557, 0.179173775, -0.0199662352, 2.16152806e-006, 0.973187116, 0.230014862, 2.25808003e-005, 0.230014862, -0.973187116, -1, 7.29749095e-006, -2.14781604e-005, 3.35400723e-005, 0.97318706, 0.230015098, 5.46402559e-006, 0.230015098, -0.97318706, -0.999999999, 3.38975727e-005, 2.39720402e-006, 0.144409399, -0.159011401, -0.160051245, 0, -0, 0, 0, 0, 0, 0, 0.202124268, -0.109576221, -0.125019092, 0, 0, 0, 0, 0, 0, 0, 1, 1, 1, 
87.0109903, 0.1, 0.1, 0.119620546, 0.179173775, -0.0199663266, -3.89870777e-005, 0.973187275, 0.230014187, -4.05251773e-005, 0.230014186, -0.973187275, -0.999999998, -4.72630936e-005, 3.04710059e-005, -6.01564321e-005, 0.973187252, 0.230014281, -1.30092024e-005, 0.230014281, -0.973187254, -0.999999998, -6.15357753e-005, -1.17644856e-006, 0.144436377, -0.159236597, -0.160198437, 0, -0, 0, 0, 0, 0, 0, 0.202124268, -0.109576221, -0.125019092, 0, 0, 0, 0, 0, 0, 0, 1, 1, 1, 
87.0117893, 0.1, 0.1, 0.119620554, 0.179173769, -0.0199665859, 4.43020019e-005, 0.973187238, 0.230014344, 1.66398197e-005, 0.230014343, -0.973187239, -0.999999999, 4.69415401e-005, -6.00356426e-006, 5.393782e-005, 0.973187261, 0.230014241, -1.35751173e-005, 0.230014242, -0.973187263, -0.999999998, 4.93691291e-005, 2.56175981e-005, 0.144436377, -0.159236597, -0.160198437, 0, -0, 0, 0, 0, 0, 0, 0.201555225, -0.109849512, -0.125077783, 0, 0, 0, 0, 0, 0, 0, 1, 1, 1, 
87.0124983, 0.1, 0.1, 0.11962055, 0.17917377, -0.019966866, -4.49516715e-005, 0.973187043, 0.230015166, -3.50359416e-005, 0.230015164, -0.973187044, -0.999999998, -5.18051823e-005, 2.37569583e-005, -4.28982751e-005, 0.973187095, 0.230014949, -7.94135379e-006, 0.230014949, -0.973187096, -0.999999999, -4.35746778e-005, -2.13882153e-006, 0.144436377, -0.159236597, -0.160198437, 0, -0, 0, 0, 0, 0, 0, 0.201555225, -0.109849512, -0.125077783, 0, 0, 0, 0, 0, 0, 0, 1, 1, 1, 
87.0132027, 0.1, 0.1, 0.11962055, 0.179173765, -0.0199678516, 3.94733088e-005, 0.97318674, 0.230016451, 1.81795584e-005, 0.230016451, -0.973186741, -0.999999999, 4.25964982e-005, -8.61259483e-006, 2.5525564e-005, 0.973186811, 0.230016152, -1.27479032e-005, 0.230016152, -0.973186811, -1, 2.19089186e-005, 1.82773833e-005, 0.144436377, -0.159236597, -0.160198437, 0, -0, 0, 0, 0, 0, 0, 0.201555225, -0.109849512, -0.125077783, 0, 0, 0, 0, 0, 0, 0, 1, 1, 1, 
87.0140095, 0.1, 0.1, 0.119620555, 0.179173771, -0.0199682725, -1.8639997e-005, 0.973186331, 0.230018185, -1.35471152e-005, 0.230018185, -0.973186331, -1, -2.12562732e-005, 8.89632908e-006, 7.1458465e-006, 0.973186403, 0.23001788, 1.71293389e-005, 0.23001788, -0.973186403, -1, 1.08942949e-005, -1.50263673e-005, 0.144436377, -0.159236597, -0.160198437, 0, -0, 0, 0, 0, 0, 0, 0.201555225, -0.109849512, -0.125077783, 0, 0, 0, 0, 0, 0, 0, 1, 1, 1, 
87.0147133, 0.1, 0.1, 0.119620547, 0.179173767, -0.0199685799, -1.77465491e-005, 0.973186015, 0.23001952, 1.80364156e-005, 0.230019521, -0.973186015, -1, -1.31219658e-005, -2.16348401e-005, -3.42833791e-005, 0.973186072, 0.230019276, -1.12416547e-005, 0.230019276, -0.973186073, -0.999999999, -3.59499044e-005, 3.0543838e-006, 0.144436377, -0.159236597, -0.160198437, 0, -0, 0, 0, 0, 0, 0, 0.201555225, -0.109849512, -0.125077783, 0, 0, 0, 0, 0, 0, 0, 1, 1, 1, 
87.0154647, 0.1, 0.1, 0.119620554, 0.179173773, -0.019968981, 3.36790792e-005, 0.973185822, 0.230020336, -1.01705403e-005, 0.230020336, -0.973185822, -0.999999999, 3.04365713e-005, 1.76446987e-005, 4.22170243e-005, 0.973185858, 0.230020184, 2.51973483e-005, 0.230020183, -0.973185858, -0.999999999, 4.68809097e-005, -1.48109353e-005, 0.144436377, -0.159236597, -0.160198437, 0, -0, 0, 0, 0, 0, 0, 0.201555225, -0.109849512, -0.125077783, 0, 0, 0, 0, 0, 0, 0, 1, 1, 1, 
87.016236, 0.1, 0.1, 0.119620546, 0.179173766, -0.0199681237, -5.88034668e-005, 0.973185807, 0.230020393, -1.37666399e-006, 0.230020394, -0.973185809, -0.999999998, -5.75433602e-005, -1.21862467e-005, -5.68864533e-005, 0.973185797, 0.230020437, -2.78237635e-005, 0.230020436, -0.973185798, -0.999999998, -6.17611227e-005, 1.39926446e-005, 0.143324951, -0.159823315, -0.160363696, 0, -0, 0, 0, 0, 0, 0, 0.20080542, -0.110259375, -0.125581006, 0, 0, 0, 0, 0, 0, 0, 1, 1, 1, 
87.0169369, 0.1, 0.1, 0.119620547, 0.17917377, -0.0199677155, 5.16706676e-005, 0.973185959, 0.230019755, -3.99693243e-006, 0.230019755, -0.97318596, -0.999999999, 4.93657949e-005, 1.57750328e-005, 3.55656071e-005, 0.973185915, 0.230019942, 1.83033133e-005, 0.230019942, -0.973185915, -0.999999999, 3.8822075e-005, -9.63172778e-006, 0.143324951, -0.159823315, -0.160363696, 0, -0, 0, 0, 0, 0, 0, 0.20080542, -0.110259375, -0.125581006, 0, 0, 0, 0, 0, 0, 0, 1, 1, 1, 
87.0177306, 0.1, 0.1, 0.119620548, 0.179173767, -0.0199673449, -5.45389557e-005, 0.973186264, 0.230018462, 1.27407469e-005, 0.230018463, -0.973186265, -0.999999998, -5.01459556e-005, -2.49440866e-005, -2.48536176e-005, 0.973186184, 0.230018805, -1.26638635e-005, 0.230018804, -0.973186184, -1, -2.7100124e-005, 6.60749759e-006, 0.143324951, -0.159823315, -0.160363696, 0, -0, 0, 0, 0, 0, 0, 0.20080542, -0.110259375, -0.125581006, 0, 0, 0, 0, 0, 0, 0, 1, 1, 1, 
87.0184615, 0.1, 0.1, 0.119620541, 0.179173771, -0.0199666349, 2.87571442e-005, 0.973186614, 0.230016987, -2.4761478e-006, 0.230016987, -0.973186614, -1, 2.74165118e-005, 9.02438558e-006, -1.15821678e-005, 0.973186547, 0.230017269, 1.63905401e-005, 0.230017269, -0.973186547, -1, -7.50150257e-006, -1.86151517e-005, 0.142843066, -0.160080371, -0.16109248, 0, -0, 0, 0, 0, 0, 0, 0.200216846, -0.110357764, -0.126101318, 0, 0, 0, 0, 0, 0, 0, 1, 1, 1, 
87.0191638, 0.1, 0.1, 0.119620551, 0.17917377, -0.0199666804, 1.95464753e-005, 0.973186911, 0.23001573, 1.62616416e-005, 0.23001573, -0.973186911, -1, 2.27628073e-005, -1.132962e-005, 4.83091825e-005, 0.973186855, 0.230015964, -1.64770428e-006, 0.230015964, -0.973186856, -0.999999999, 4.66348632e-005, 1.27154073e-005, 0.142843066, -0.160080371, -0.16109248, 0, -0, 0, 0, 0, 0, 0, 0.200216846, -0.110357764, -0.126101318, 0, 0, 0, 0, 0, 0, 0, 1, 1, 1, 
87.0199549, 0.1, 0.1, 0.119620542, 0.179173771, -0.0199667256, -3.43803924e-005, 0.973187083, 0.230014999, -1.83121533e-005, 0.230014999, -0.973187084, -0.999999999, -3.76706238e-005, 9.91314514e-006, -4.90199482e-005, 0.973187063, 0.23001508, -1.42042396e-005, 0.23001508, -0.973187065, -0.999999999, -5.09727688e-005, 2.54805495e-006, 0.142843066, -0.160080371, -0.16109248, 0, -0, 0, 0, 0, 0, 0, 0.200216846, -0.110357764, -0.126101318, 0, 0, 0, 0, 0, 0, 0, 1, 1, 1, 
87.0206561, 0.1, 0.1, 0.119620547, 0.179173772, -0.0199672456, 5.06336394e-005, 0.973187154, 0.230014698, -2.27079809e-006, 0.230014698, -0.973187155, -0.999999999, 4.87536906e-005, 1.38563928e-005, 4.88887236e-005, 0.973187135, 0.230014778, 1.42073521e-005, 0.230014777, -0.973187136, -0.999999999, 5.08457778e-005, -2.5812834e-006, 0.142843066, -0.160080371, -0.16109248, 0, -0, 0, 0, 0, 0, 0, 0.200216846, -0.110357764, -0.126101318, 0, 0, 0, 0, 0, 0, 0, 1, 1, 1, 
87.0213786, 0.1, 0.1, 0.119620544, 0.179173772, -0.0199683881, -5.71860034e-005, 0.973187317, 0.230014007, 2.39519635e-005, 0.230014008, -0.973187318, -0.999999998, -5.01434061e-005, -3.6463329e-005, -4.40428521e-005, 0.973187273, 0.230014193, 1.22475683e-005, 0.230014194, -0.973187274, -0.999999999, -4.00448287e-005, -2.20496587e-005, 0.142843066, -0.160080371, -0.16109248, 0, -0, 0, 0, 0, 0, 0, 0.200216846, -0.110357764, -0.126101318, 0, 0, 0, 0, 0, 0, 0, 1, 1, 1, 
87.0221541, 0.1, 0.1, 0.119620542, 0.179173774, -0.0199687055, 4.88556211e-005, 0.973187539, 0.230013067, -1.660245e-005, 0.230013069, -0.97318754, -0.999999999, 4.37269013e-005, 2.73947288e-005, 2.58136035e-005, 0.973187502, 0.23001323, -6.24074846e-006, 0.23001323, -0.973187502, -1, 2.36860216e-005, 1.20108887e-005, 0.142843066, -0.160080371, -0.16109248, 0, -0, 0, 0, 0, 0, 0, 0.200216846, -0.110357764, -0.126101318, 0, 0, 0, 0, 0, 0, 0, 1, 1, 1, 
87.0228693, 0.1, 0.1, 0.119620547, 0.179173774, -0.0199690349, -2.42110882e-005, 0.973187705, 0.23001237, 1.52525684e-005, 0.230012371, -0.973187705, -1, -2.0053654e-005, -2.04124618e-005, 1.25861472e-005, 0.973187681, 0.230012472, 1.05335409e-005, 0.230012472, -0.973187681, -1, 1.46715292e-005, -7.35614144e-006, 0.142843066, -0.160080371, -0.16109248, 0, -0, 0, 0, 0, 0, 0, 0.200216846, -0.110357764, -0.126101318, 0, 0, 0, 0, 0, 0, 0, 1, 1, 1, 
87.0236395, 0.1, 0.1, 0.119620539, 0.179173773, -0.019968947, -8.47875686e-006, 0.973187745, 0.230012202, -8.72775028e-006, 0.230012202, -0.973187745, -1, -1.02589113e-005, 6.54352208e-006, -3.36056578e-005, 0.973187747, 0.230012191, -1.85688453e-005, 0.230012191, -0.973187747, -0.999999999, -3.69756752e-005, 1.03412618e-005, 0.142953882, -0.160560303, -0.160922827, 0, -0, 0, 0, 0, 0, 0, 0.200386377, -0.110754346, -0.1259396, 0, 0, 0, 0, 0, 0, 0, 1, 1, 1, 
87.0244067, 0.1, 0.1, 0.119620548, 0.179173775, -0.0199677897, 4.07476303e-005, 0.973187748, 0.230012185, -9.16347091e-006, 0.230012185, -0.973187749, -0.999999999, 3.75473847e-005, 1.82902291e-005, 5.3811497e-005, 0.973187739, 0.230012222, -2.51844175e-007, 0.230012222, -0.97318774, -0.999999999, 5.23107619e-005, 1.26223937e-005, 0.142953882, -0.160560303, -0.160922827, 0, -0, 0, 0, 0, 0, 0, 0.200386377, -0.110754346, -0.1259396, 0, 0, 0, 0, 0, 0, 0, 1, 1, 1, 
87.0251152, 0.1, 0.1, 0.119620542, 0.179173772, -0.0199670761, -4.74844445e-005, 0.973187806, 0.230011938, -2.64945175e-005, 0.230011937, -0.973187807, -0.999999999, -5.23053377e-005, 1.48621524e-005, -5.25869122e-005, 0.9731878, 0.230011962, -1.1954534e-005, 0.230011962, -0.973187802, -0.999999999, -5.39266272e-005, -4.61612223e-007, 0.142953882, -0.160560303, -0.160922827, 0, -0, 0, 0, 0, 0, 0, 0.200386377, -0.110754346, -0.1259396, 0, 0, 0, 0, 0, 0, 0, 1, 1, 1, 
87.0259494, 0.1, 0.1, 0.119620547, 0.179173774, -0.0199658092, 6.04440407e-005, 0.973187785, 0.230012026, 2.64340122e-005, 0.230012025, -0.973187786, -0.999999998, 6.49035429e-005, -1.18224016e-005, 5.19205822e-005, 0.973187786, 0.23001202, 2.9511693e-005, 0.230012019, -0.973187788, -0.999999998, 5.73165206e-005, -1.67780612e-005, 0.142953882, -0.160560303, -0.160922827, 0, -0, 0, 0, 0, 0, 0, 0.200386377, -0.110754346, -0.1259396, 0, 0, 0, 0, 0, 0, 0, 1, 1, 1, 
87.0266655, 0.1, 0.1, 0.119620548, 0.179173775, -0.0199651063, -5.20249164e-005, 0.973187828, 0.230011843, 1.219783e-005, 0.230011844, -0.97318783, -0.999999999, -4.78243701e-005, -2.38371266e-005, -2.6826825e-005, 0.973187819, 0.230011886, 1.16022619e-005, 0.230011887, -0.973187819, -1, -2.34388812e-005, -1.74616686e-005, 0.142953882, -0.160560303, -0.160922827, 0, -0, 0, 0, 0, 0, 0, 0.200386377, -0.110754346, -0.1259396, 0, 0, 0, 0, 0, 0, 0, 1, 1, 1, 
87.0273949, 0.1, 0.1, 0.119620542, 0.179173771, -0.0199656989, 2.17163107e-005, 0.973187814, 0.230011911, -2.89437889e-005, 0.230011912, -0.973187813, -0.999999999, 1.44766328e-005, 3.31627528e-005, -1.440776e-005, 0.973187832, 0.230011835, -3.66949941e-005, 0.230011834, -0.973187831, -0.999999999, -2.24617396e-005, 3.23971664e-005, 0.142953882, -0.160560303, -0.160922827, 0, -0, 0, 0, 0, 0, 0, 0.200386377, -0.110754346, -0.1259396, 0, 0, 0, 0, 0, 0, 0, 1, 1, 1, 
87.0281991, 0.1, 0.1, 0.11962055, 0.179173774, -0.0199660354, 9.10762925e-006, 0.973187619, 0.230012737, 4.58252879e-006, 0.230012737, -0.973187619, -1, 9.91747201e-006, -2.36478955e-006, 3.10115182e-005, 0.973187658, 0.230012569, 2.24178322e-005, 0.230012569, -0.973187658, -0.999999999, 3.533641e-005, -1.46837187e-005, 0.14358147, -0.160870825, -0.160378711, 0, -0, 0, 0, 0, 0, 0, 0.200579346, -0.110984326, -0.125429297, 0, 0, 0, 0, 0, 0, 0, 1, 1, 1, 
87.0289041, 0.1, 0.1, 0.119620542, 0.179173767, -0.0199670154, -4.29230946e-005, 0.973187438, 0.230013495, -1.52949557e-005, 0.230013495, -0.973187439, -0.999999999, -4.52902628e-005, 5.01196769e-006, -5.13782898e-005, 0.973187468, 0.230013369, -3.67685593e-005, 0.230013368, -0.973187469, -0.999999998, -5.8457968e-005, 2.39650076e-005, 0.14358147, -0.160870825, -0.160378711, 0, -0, 0, 0, 0, 0, 0, 0.200579346, -0.110984326, -0.125429297, 0, 0, 0, 0, 0, 0, 0, 1, 1, 1, 
87.0297004, 0.1, 0.1, 0.119620546, 0.179173776, -0.0199683244, 4.27588421e-005, 0.973187368, 0.230013794, 3.11049201e-005, 0.230013793, -0.973187369, -0.999999999, 4.87669257e-005, -2.04357919e-005, 3.93344084e-005, 0.973187371, 0.230013781, 4.98235448e-005, 0.230013779, -0.973187371, -0.999999998, 4.97398514e-005, -3.94401886e-005, 0.14358147, -0.160870825, -0.160378711, 0, -0, 0, 0, 0, 0, 0, 0.200579346, -0.110984326, -0.125429297, 0, 0, 0, 0, 0, 0, 0, 1, 1, 1, 
87.0304329, 0.1, 0.1, 0.119620544, 0.179173773, -0.0199687856, -4.4113493e-005, 0.973187447, 0.23001346, -8.35165135e-006, 0.23001346, -0.973187448, -0.999999999, -4.48516899e-005, -2.01897489e-006, -3.15148146e-005, 0.973187417, 0.230013588, -2.42336198e-005, 0.230013588, -0.973187417, -0.999999999, -3.62438829e-005, 1.63350183e-005, 0.14358147, -0.160870825, -0.160378711, 0, -0, 0, 0, 0, 0, 0, 0.200579346, -0.110984326, -0.125429297, 0, 0, 0, 0, 0, 0, 0, 1, 1, 1, 
87.0311366, 0.1, 0.1, 0.119620544, 0.179173773, -0.019969207, 4.43932446e-005, 0.97318758, 0.230012895, 8.68081973e-006, 0.230012895, -0.973187581, -0.999999999, 4.51996548e-005, 1.76295275e-006, 2.67086412e-005, 0.973187564, 0.230012967, -2.90385201e-006, 0.230012967, -0.973187564, -1, 2.53245939e-005, 8.96932647e-006, 0.14358147, -0.160870825, -0.160378711, 0, -0, 0, 0, 0, 0, 0, 0.200599365, -0.112193799, -0.125093408, 0, 0, 0, 0, 0, 0, 0, 1, 1, 1, 
87.0319404, 0.1, 0.1, 0.119620549, 0.179173776, -0.019968718, -1.64646127e-005, 0.97318761, 0.230012771, -2.26047409e-005, 0.23001277, -0.97318761, -1, -2.12225361e-005, 1.82115826e-005, 9.31652747e-006, 0.973187611, 0.23001277, 6.58172622e-006, 0.23001277, -0.973187611, -1, 1.05806102e-005, -4.26233412e-006, 0.14358147, -0.160870825, -0.160378711, 0, -0, 0, 0, 0, 0, 0, 0.200599365, -0.112193799, -0.125093408, 0, 0, 0, 0, 0, 0, 0, 1, 1, 1, 
87.0326581, 0.1, 0.1, 0.119620543, 0.179173772, -0.0199680244, -1.35066601e-005, 0.973187632, 0.230012679, 1.94348591e-005, 0.230012679, -0.973187632, -1, -8.67425059e-006, -2.20204676e-005, -3.18740638e-005, 0.973187625, 0.230012706, -1.44455282e-005, 0.230012706, -0.973187626, -0.999999999, -3.43420995e-005, 6.72676962e-006, 0.14358147, -0.160870825, -0.160378711, 0, -0, 0, 0, 0, 0, 0, 0.200599365, -0.112193799, -0.125093408, 0, 0, 0, 0, 0, 0, 0, 1, 1, 1, 
87.0334006, 0.1, 0.1, 0.11962055, 0.179173778, -0.0199675527, 3.70523966e-005, 0.973187751, 0.230012172, -4.2543515e-006, 0.230012172, -0.973187752, -0.999999999, 3.50803859e-005, 1.2662785e-005, 4.61676328e-005, 0.973187717, 0.230012317, 2.93442195e-005, 0.230012316, -0.973187718, -0.999999999, 5.16793051e-005, -1.79383099e-005, 0.143754541, -0.161547632, -0.159841064, 0, -0, 0, 0, 0, 0, 0, 0.200599365, -0.112193799, -0.125093408, 0, 0, 0, 0, 0, 0, 0, 1, 1, 1, 
87.0341721, 0.1, 0.1, 0.119620542, 0.179173773, -0.0199663979, -6.21323529e-005, 0.97318803, 0.230010987, 5.99902366e-006, 0.230010987, -0.973188032, -0.999999998, -5.90866209e-005, -2.01293019e-005, -6.05446385e-005, 0.97318797, 0.230011243, -2.12845557e-005, 0.230011242, -0.973187972, -0.999999998, -6.38170011e-005, 6.7879261e-006, 0.143754541, -0.161547632, -0.159841064, 0, -0, 0, 0, 0, 0, 0, 0.200599365, -0.112193799, -0.125093408, 0, 0, 0, 0, 0, 0, 0, 1, 1, 1, 
87.0348796, 0.1, 0.1, 0.119620543, 0.179173777, -0.0199661272, 5.69789749e-005, 0.973188423, 0.230009328, 5.68016455e-007, 0.230009328, -0.973188424, -0.999999998, 5.55819279e-005, 1.25529087e-005, 3.9616259e-005, 0.973188333, 0.230009712, 2.47821831e-005, 0.230009711, -0.973188333, -0.999999999, 4.42542239e-005, -1.50056072e-005, 0.143754541, -0.161547632, -0.159841064, 0, -0, 0, 0, 0, 0, 0, 0.200599365, -0.112193799, -0.125093408, 0, 0, 0, 0, 0, 0, 0, 1, 1, 1, 
87.0357061, 0.1, 0.1, 0.119620545, 0.179173774, -0.019966103, -5.46699334e-005, 0.973189001, 0.230006883, 1.26350283e-005, 0.230006884, -0.973189002, -0.999999998, -5.02980344e-005, -2.48707316e-005, -2.26720611e-005, 0.973188862, 0.230007475, -1.39044585e-005, 0.230007475, -0.973188862, -1, -2.52623267e-005, 8.31692059e-006, 0.143585376, -0.16197312, -0.15941814, 0, -0, 0, 0, 0, 0, 0, 0.200407617, -0.11312998, -0.124727734, 0, 0, 0, 0, 0, 0, 0, 1, 1, 1, 
87.0364186, 0.1, 0.1, 0.119620538, 0.179173778, -0.0199660762, 2.90869841e-005, 0.973189545, 0.230004586, -2.60030283e-006, 0.230004586, -0.973189545, -1, 2.77090672e-005, 9.22072725e-006, -1.28954524e-005, 0.97318944, 0.230005029, 1.61192421e-005, 0.230005029, -0.97318944, -1, -8.84221132e-006, -1.86530951e-005, 0.143585376, -0.16197312, -0.15941814, 0, -0, 0, 0, 0, 0, 0, 0.200407617, -0.11312998, -0.124727734, 0, 0, 0, 0, 0, 0, 0, 1, 1, 1, 
87.0371169, 0.1, 0.1, 0.119620549, 0.179173777, -0.0199670367, 2.54183085e-005, 0.973190012, 0.230002609, 1.70088908e-005, 0.230002609, -0.973190012, -1, 2.86489332e-005, -1.07066053e-005, 5.32162148e-005, 0.973189923, 0.23000298, -9.4118678e-007, 0.23000298, -0.973189924, -0.999999999, 5.15730083e-005, 1.31558415e-005, 0.143585376, -0.16197312, -0.15941814, 0, -0, 0, 0, 0, 0, 0, 0.200407617, -0.11312998, -0.124727734, 0, 0, 0, 0, 0, 0, 0, 1, 1, 1, 
87.0379111, 0.1, 0.1, 0.119620542, 0.179173778, -0.0199680579, -2.42163328e-005, 0.97319036, 0.230001135, -1.71708539e-005, 0.230001134, -0.973190361, -1, -2.75164175e-005, 1.11407255e-005, -3.7867728e-005, 0.97319031, 0.230001345, -1.33071798e-005, 0.230001345, -0.973190311, -0.999999999, -3.99131752e-005, 4.24079004e-006, 0.143585376, -0.16197312, -0.15941814, 0, -0, 0, 0, 0, 0, 0, 0.200407617, -0.11312998, -0.124727734, 0, 0, 0, 0, 0, 0, 0, 1, 1, 1, 
87.0386216, 0.1, 0.1, 0.119620548, 0.179173779, -0.0199687803, 5.29267357e-005, 0.973190573, 0.230000229, -1.6125196e-007, 0.230000229, -0.973190575, -0.999999999, 5.14707124e-005, 1.23300902e-005, 5.24402651e-005, 0.973190529, 0.230000417, 1.52604862e-005, 0.230000416, -0.97319053, -0.999999999, 5.45442876e-005, -2.79007786e-006, 0.143585376, -0.16197312, -0.15941814, 0, -0, 0, 0, 0, 0, 0, 0.200407617, -0.11312998, -0.124727734, 0, 0, 0, 0, 0, 0, 0, 1, 1, 1, 
87.0393483, 0.1, 0.1, 0.119620546, 0.179173778, -0.0199695872, -4.84073906e-005, 0.973190826, 0.229999162, -1.21320053e-005, 0.229999162, -0.973190827, -0.999999999, -4.98999795e-005, 6.73096972e-007, -3.85038595e-005, 0.973190776, 0.229999374, -3.92417374e-006, 0.229999374, -0.973190777, -0.999999999, -3.83741585e-005, -5.03689389e-006, 0.143585376, -0.16197312, -0.15941814, 0, -0, 0, 0, 0, 0, 0, 0.200407617, -0.11312998, -0.124727734, 0, 0, 0, 0, 0, 0, 0, 1, 1, 1, 
87.0401523, 0.1, 0.1, 0.119620543, 0.179173777, -0.0199689878, 3.73420636e-005, 0.973191065, 0.22999815, 1.06583173e-005, 0.22999815, -0.973191066, -0.999999999, 3.87923559e-005, -1.78397357e-006, 2.06219367e-005, 0.973191028, 0.229998308, 2.38297893e-006, 0.229998308, -0.973191029, -1, 2.06171649e-005, 2.42391684e-006, 0.142471875, -0.162803223, -0.159876685, 0, -0, 0, 0, 0, 0, 0, 0.199666602, -0.114026367, -0.124851367, 0, 0, 0, 0, 0, 0, 0, 1, 1, 1, 
87.0408538, 0.1, 0.1, 0.119620547, 0.179173778, -0.0199683015, -3.0494196e-005, 0.973191258, 0.229997334, 7.23547659e-006, 0.229997334, -0.973191259, -1, -2.80125447e-005, -1.40550864e-005, 4.39317223e-006, 0.973191218, 0.229997509, 8.63713323e-007, 0.229997509, -0.973191218, -1, 4.47404855e-006, 1.69860448e-007, 0.142471875, -0.162803223, -0.159876685, 0, -0, 0, 0, 0, 0, 0, 0.199666602, -0.114026367, -0.124851367, 0, 0, 0, 0, 0, 0, 0, 1, 1, 1, 
87.041628, 0.1, 0.1, 0.119620538, 0.179173777, -0.0199677192, -1.20882471e-005, 0.973191407, 0.229996707, -4.13637835e-006, 0.229996707, -0.973191407, -1, -1.27155316e-005, 1.24523083e-006, -3.69581702e-005, 0.973191386, 0.229996795, -1.67366001e-005, 0.229996794, -0.973191386, -0.999999999, -3.98167373e-005, 7.78765441e-006, 0.142471875, -0.162803223, -0.159876685, 0, -0, 0, 0, 0, 0, 0, 0.199666602, -0.114026367, -0.124851367, 0, 0, 0, 0, 0, 0, 0, 1, 1, 1, 
87.0423598, 0.1, 0.1, 0.119620546, 0.17917378, -0.0199667378, 4.0667274e-005, 0.973191499, 0.229996314, -1.43156805e-005, 0.229996315, -0.9731915, -0.999999999, 3.62844916e-005, 2.32852218e-005, 4.99138237e-005, 0.973191475, 0.229996412, 1.41247585e-005, 0.229996412, -0.973191477, -0.999999999, 5.18243516e-005, -2.26609416e-006, 0.142471875, -0.162803223, -0.159876685, 0, -0, 0, 0, 0, 0, 0, 0.199666602, -0.114026367, -0.124851367, 0, 0, 0, 0, 0, 0, 0, 1, 1, 1, 
87.0430637, 0.1, 0.1, 0.11962054, 0.179173775, -0.01996656, -5.76439189e-005, 0.973191716, 0.229995394, 7.35557216e-006, 0.229995395, -0.973191717, -0.999999998, -5.44068367e-005, -2.04162178e-005, -5.29855037e-005, 0.973191662, 0.229995624, -2.08928403e-005, 0.229995623, -0.973191663, -0.999999998, -5.63703123e-005, 8.14630399e-006, 0.142471875, -0.162803223, -0.159876685, 0, -0, 0, 0, 0, 0, 0, 0.199666602, -0.114026367, -0.124851367, 0, 0, 0, 0, 0, 0, 0, 1, 1, 1, 
87.0438704, 0.1, 0.1, 0.119620543, 0.179173782, -0.0199665267, 6.25862874e-005, 0.97319214, 0.229993599, 4.72156435e-006, 0.229993599, -0.973192142, -0.999999998, 6.19944126e-005, 9.79945619e-006, 4.7795018e-005, 0.973192047, 0.229993993, 2.90653745e-005, 0.229993992, -0.973192048, -0.999999998, 5.3198593e-005, -1.72936243e-005, 0.142471875, -0.162803223, -0.159876685, 0, -0, 0, 0, 0, 0, 0, 0.199666602, -0.114026367, -0.124851367, 0, 0, 0, 0, 0, 0, 0, 1, 1, 1, 
87.0445735, 0.1, 0.1, 0.119620546, 0.17917378, -0.0199667059, -4.38205911e-005, 0.973192613, 0.229991599, 1.41128915e-005, 0.2299916, -0.973192614, -0.999999999, -3.94000292e-005, -2.38129296e-005, -1.57942955e-005, 0.973192511, 0.229992033, -6.85775156e-006, 0.229992033, -0.973192512, -1, -1.69481183e-005, 3.04135033e-006, 0.142471875, -0.162803223, -0.159876685, 0, -0, 0, 0, 0, 0, 0, 0.199666602, -0.114026367, -0.124851367, 0, 0, 0, 0, 0, 0, 0, 1, 1, 1, 
87.0453238, 0.1, 0.1, 0.119620538, 0.179173785, -0.0199673674, 1.89775049e-005, 0.97319314, 0.229989373, 5.66385638e-007, 0.229989373, -0.97319314, -1, 1.85990402e-005, 3.81342182e-006, -2.1134812e-005, 0.973193034, 0.229989823, 2.09743517e-005, 0.229989824, -0.973193034, -1, -1.57443644e-005, -2.52728847e-005, 0.141815454, -0.163500415, -0.160697852, 0, -0, 0, 0, 0, 0, 0, 0.199531592, -0.114388037, -0.12496377, 0, 0, 0, 0, 0, 0, 0, 1, 1, 1, 
87.0461671, 0.1, 0.1, 0.11962055, 0.179173782, -0.0199666369, 8.22069903e-006, 0.973193675, 0.229987108, 1.48718056e-005, 0.229987108, -0.973193675, -1, 1.14206559e-005, -1.25824923e-005, 3.97225689e-005, 0.973193592, 0.229987458, -3.49979987e-006, 0.229987459, -0.973193593, -0.999999999, 3.78528395e-005, 1.25416755e-005, 0.141815454, -0.163500415, -0.160697852, 0, -0, 0, 0, 0, 0, 0, 0.199531592, -0.114388037, -0.12496377, 0, 0, 0, 0, 0, 0, 0, 1, 1, 1, 
87.0468741, 0.1, 0.1, 0.11962054, 0.179173782, -0.0199665752, -3.96375434e-005, 0.973193963, 0.229985889, -3.58379889e-005, 0.229985888, -0.973193963, -0.999999999, -4.68172497e-005, 2.57612388e-005, -5.81368843e-005, 0.973193915, 0.229986085, -1.20777723e-005, 0.229986085, -0.973193917, -0.999999998, -5.93561818e-005, -1.61665996e-006, 0.141815454, -0.163500415, -0.160697852, 0, -0, 0, 0, 0, 0, 0, 0.199531592, -0.114388037, -0.12496377, 0, 0, 0, 0, 0, 0, 0, 1, 1, 1, 
87.0476985, 0.1, 0.1, 0.119620547, 0.179173778, -0.0199666649, 3.95873492e-005, 0.973194064, 0.229985462, 2.95785697e-005, 0.229985461, -0.973194064, -0.999999999, 4.53288142e-005, -1.96811737e-005, 5.07945129e-005, 0.973194061, 0.229985472, -3.41890615e-006, 0.229985472, -0.973194062, -0.999999999, 4.86466196e-005, 1.50092592e-005, 0.141513477, -0.164227026, -0.160745435, 0, -0, 0, 0, 0, 0, 0, 0.199386816, -0.114806348, -0.124882715, 0, 0, 0, 0, 0, 0, 0, 1, 1, 1, 
87.0484076, 0.1, 0.1, 0.119620542, 0.179173782, -0.0199665903, -4.9504693e-005, 0.973193972, 0.229985849, -2.555559e-005, 0.229985848, -0.973193973, -0.999999998, -5.40550929e-005, 1.34851673e-005, -4.77289419e-005, 0.973194005, 0.22998571, 3.28167785e-006, 0.229985711, -0.973194006, -0.999999999, -4.56947812e-005, -1.41706838e-005, 0.141513477, -0.164227026, -0.160745435, 0, -0, 0, 0, 0, 0, 0, 0.199386816, -0.114806348, -0.124882715, 0, 0, 0, 0, 0, 0, 0, 1, 1, 1, 
87.0491081, 0.1, 0.1, 0.119620542, 0.179173777, -0.0199673606, 4.01083227e-005, 0.97319375, 0.22998679, 1.9619339e-005, 0.229986789, -0.973193751, -0.999999999, 4.35453578e-005, -9.86903379e-006, 2.47557007e-005, 0.973193806, 0.229986554, -9.59856354e-006, 0.229986554, -0.973193806, -1, 2.18845541e-005, 1.50347409e-005, 0.141513477, -0.164227026, -0.160745435, 0, -0, 0, 0, 0, 0, 0, 0.199386816, -0.114806348, -0.124882715, 0, 0, 0, 0, 0, 0, 0, 1, 1, 1, 
87.0499084, 0.1, 0.1, 0.119620547, 0.179173781, -0.0199680281, -1.69683942e-005, 0.973193432, 0.229988138, -2.79351849e-005, 0.229988137, -0.973193432, -0.999999999, -2.29382909e-005, 2.32838091e-005, 8.96055415e-006, 0.97319349, 0.229987892, 4.76878751e-006, 0.229987892, -0.97319349, -1, 9.81711635e-006, -2.58013401e-006, 0.141513477, -0.164227026, -0.160745435, 0, -0, 0, 0, 0, 0, 0, 0.199386816, -0.114806348, -0.124882715, 0, 0, 0, 0, 0, 0, 0, 1, 1, 1, 
87.0506125, 0.1, 0.1, 0.11962054, 0.179173774, -0.0199684404, -1.44136942e-005, 0.973193187, 0.229989175, 3.70137999e-006, 0.229989175, -0.973193187, -1, -1.31760317e-005, -6.91715142e-006, -3.15912757e-005, 0.973193232, 0.229988984, -2.61020218e-005, 0.229988983, -0.973193232, -0.999999999, -3.67475931e-005, 1.81366656e-005, 0.141513477, -0.164227026, -0.160745435, 0, -0, 0, 0, 0, 0, 0, 0.199386816, -0.114806348, -0.124882715, 0, 0, 0, 0, 0, 0, 0, 1, 1, 1, 
87.0513299, 0.1, 0.1, 0.119620548, 0.179173778, -0.0199690902, 4.06061522e-005, 0.973193063, 0.229989697, -1.41011088e-005, 0.229989698, -0.973193063, -0.999999999, 3.62745159e-005, 2.30620979e-005, 4.71877711e-005, 0.973193081, 0.22998962, 1.45394335e-005, 0.229989619, -0.973193082, -0.999999999, 4.92667312e-005, -3.29697862e-006, 0.141513477, -0.164227026, -0.160745435, 0, -0, 0, 0, 0, 0, 0, 0.199386816, -0.114806348, -0.124882715, 0, 0, 0, 0, 0, 0, 0, 1, 1, 1, 
87.0521319, 0.1, 0.1, 0.119620541, 0.179173771, -0.0199686528, -5.25974235e-005, 0.973193107, 0.229989509, 2.5602553e-006, 0.22998951, -0.973193108, -0.999999999, -5.05986182e-005, -1.45884785e-005, -5.04415425e-005, 0.973193085, 0.229989603, -2.62545339e-005, 0.229989602, -0.973193086, -0.999999998, -5.51276302e-005, 1.39497005e-005, 0.143087231, -0.164389014, -0.160339233, 0, -0, 0, 0, 0, 0, 0, 0.199386816, -0.114806348, -0.124882715, 0, 0, 0, 0, 0, 0, 0, 1, 1, 1, 
87.052842, 0.1, 0.1, 0.119620543, 0.179173775, -0.0199680197, 5.52867144e-005, 0.973193306, 0.229988666, 1.94202791e-006, 0.229988666, -0.973193307, -0.999999998, 5.42513048e-005, 1.08253491e-005, 3.99317387e-005, 0.973193254, 0.229988888, 2.39530579e-005, 0.229988887, -0.973193255, -0.999999999, 4.43702359e-005, -1.41270982e-005, 0.143087231, -0.164389014, -0.160339233, 0, -0, 0, 0, 0, 0, 0, 0.199957178, -0.11534624, -0.124747607, 0, 0, 0, 0, 0, 0, 0, 1, 1, 1, 
87.0536133, 0.1, 0.1, 0.119620545, 0.179173774, -0.0199675241, -5.00072318e-005, 0.973193646, 0.229987229, 1.65251956e-005, 0.22998723, -0.973193647, -0.999999999, -4.48661364e-005, -2.758324e-005, -2.08034666e-005, 0.973193561, 0.229987593, -7.44150127e-006, 0.229987593, -0.973193561, -1, -2.19572527e-005, 2.45748191e-006, 0.143087231, -0.164389014, -0.160339233, 0, -0, 0, 0, 0, 0, 0, 0.199957178, -0.11534624, -0.124747607, 0, 0, 0, 0, 0, 0, 0, 1, 1, 1, 
87.0543486, 0.1, 0.1, 0.119620538, 0.179173779, -0.0199666522, 2.64505905e-005, 0.973194029, 0.22998561, 1.1848577e-006, 0.22998561, -0.97319403, -1, 2.60140569e-005, 4.93015873e-006, -1.50075194e-005, 0.973193955, 0.229985926, 2.14394968e-005, 0.229985927, -0.973193955, -1, -9.67444466e-006, -2.43163069e-005, 0.143087231, -0.164389014, -0.160339233, 0, -0, 0, 0, 0, 0, 0, 0.199957178, -0.11534624, -0.124747607, 0, 0, 0, 0, 0, 0, 0, 1, 1, 1, 
87.0550469, 0.1, 0.1, 0.119620547, 0.179173778, -0.0199666726, 1.53571429e-005, 0.973194352, 0.229984245, 1.76984296e-005, 0.229984244, -0.973194352, -1, 1.90158447e-005, -1.36921108e-005, 4.4145452e-005, 0.973194291, 0.2299845, 2.34203293e-007, 0.2299845, -0.973194292, -0.999999999, 4.30159651e-005, 9.92484441e-006, 0.143087231, -0.164389014, -0.160339233, 0, -0, 0, 0, 0, 0, 0, 0.199957178, -0.11534624, -0.124747607, 0, 0, 0, 0, 0, 0, 0, 1, 1, 1, 
87.0558514, 0.1, 0.1, 0.119620537, 0.179173778, -0.0199668434, -3.21345703e-005, 0.973194557, 0.229983376, -2.25272647e-005, 0.229983376, -0.973194557, -0.999999999, -3.64540853e-005, 1.45329944e-005, -4.7311523e-005, 0.973194531, 0.229983485, -1.80091049e-005, 0.229983484, -0.973194532, -0.999999999, -5.01851122e-005, 6.64549351e-006, 0.143087231, -0.164389014, -0.160339233, 0, -0, 0, 0, 0, 0, 0, 0.199957178, -0.11534624, -0.124747607, 0, 0, 0, 0, 0, 0, 0, 1, 1, 1, 
