time, realDorsalTactorPos, realVentralTactorPos, boxPosX, boxPosY, boxPosZ, boxLocalRot_11, boxLocalRot_12, boxLocalRot_13, boxLocalRot_21, boxLocalRot_22, boxLocalRot_23, boxLocalRot_31, boxLocalRot_32, boxLocalRot_33, boxGlobalRot_11, boxGlobalRot_12, boxGlobalRot_13], boxGlobalRot_21, boxGlobalRot_22, boxGlobalRot_23, boxGlobalRot_31, boxGlobalRot_32, boxGlobalRot_33, indexPosX, indexPosY, indexPosZ, indexContact, indexForceX, indexForceY, indexForceZ, indexForceGlobalX, indexForceGlobalY, indexForceGlobalZ, thumbPosX, thumbPosY, thumbPosZ, thumbContact, thumbForceX, thumbForceY, thumbForceZ, thumbForceGlobalX, thumbForceGlobalY, thumbForceGlobalZ, hoopSuccess, targetSuccess, trialSuccess, 
215.816365, 0.1, 0.1, 0.115794019, 0.172786188, -0.0199717933, 0.976845, 0.21394823, 2.19053651e-005, 0.213948231, -0.976844998, -6.19049335e-005, 8.15369537e-006, 6.51581389e-005, -0.999999998, 0.976844902, 0.213948676, 4.37607591e-005, 0.213948678, -0.976844902, -4.09294322e-005, 3.39906766e-005, 4.93442638e-005, -0.999999998, 0.110271069, 0.0173000732, -0.145579297, 0, 0, 0, 0, 0, 0, 0, 0.191230078, 0.0794244629, -0.109469775, 0, 0, 0, 0, 0, 0, 0, 1, 1, 1, 
215.822809, 0.1, 0.1, 0.115793846, 0.172786209, -0.0199766481, 0.976852207, 0.213915322, 9.22669221e-006, 0.213915322, -0.976852207, -5.38183945e-006, 7.86185674e-006, 7.23099257e-006, -1, 0.976852124, 0.213915701, -2.68602178e-005, 0.213915701, -0.976852124, -1.368217e-005, -2.91652918e-005, 7.61963449e-006, -1, 0.111503711, 0.00963271484, -0.147773242, 0, 0, 0, 0, 0, 0, 0, 0.19169458, 0.074153125, -0.111384277, 0, 0, 0, 0, 0, 0, 0, 1, 1, 1, 
215.823523, 0.1, 0.1, 0.115793848, 0.172786216, -0.0199720216, 0.976852558, 0.213913719, 3.61182823e-005, 0.213913719, -0.976852558, 1.04772228e-005, 3.75234582e-005, -2.50850585e-006, -0.999999999, 0.976852488, 0.213914034, 5.11440123e-005, 0.213914034, -0.976852489, 4.41868571e-006, 5.09053746e-005, 6.62401783e-006, -0.999999999, 0.111503711, 0.00963271484, -0.147773242, 0, 0, 0, 0, 0, 0, 0, 0.192200977, 0.071653125, -0.112013135, 0, 0, 0, 0, 0, 0, 0, 1, 1, 1, 
215.82423, 0.1, 0.1, 0.115793835, 0.172786219, -0.0199668797, 0.976852856, 0.213912358, -4.09669919e-005, 0.213912357, -0.976852857, -7.00611152e-006, -4.15174169e-005, -1.91940578e-006, -0.999999999, 0.976852796, 0.213912629, -4.4264177e-005, 0.213912629, -0.976852797, -7.1458786e-006, -4.47681787e-005, -2.48819495e-006, -0.999999999, 0.111503711, 0.00963271484, -0.147773242, 0, 0, 0, 0, 0, 0, 0, 0.192200977, 0.071653125, -0.112013135, 0, 0, 0, 0, 0, 0, 0, 1, 1, 1, 
215.824938, 0.1, 0.1, 0.115793833, 0.172786225, -0.0199627679, 0.976853115, 0.213911167, 6.45509054e-005, 0.213911167, -0.976853117, 6.51587202e-006, 6.4450571e-005, 7.44310963e-006, -0.999999998, 0.976853064, 0.213911404, 5.42016224e-005, 0.213911404, -0.976853065, 1.52327439e-005, 5.62054787e-005, -3.28580744e-006, -0.999999998, 0.111503711, 0.00963271484, -0.147773242, 0, 0, 0, 0, 0, 0, 0, 0.192200977, 0.071653125, -0.112013135, 0, 0, 0, 0, 0, 0, 0, 1, 1, 1, 
215.825655, 0.1, 0.1, 0.115793826, 0.17278623, -0.0199608188, 0.976853343, 0.213910129, -5.59985822e-005, 0.213910129, -0.976853344, -1.82914898e-005, -5.86151372e-005, 5.88943899e-006, -0.999999998, 0.976853303, 0.213910317, -2.99173901e-005, 0.213910316, -0.976853303, -1.27623255e-005, -3.19548945e-005, 6.06728145e-006, -0.999999999, 0.111503711, 0.00963271484, -0.147773242, 0, 0, 0, 0, 0, 0, 0, 0.192200977, 0.071653125, -0.112013135, 0, 0, 0, 0, 0, 0, 0, 1, 1, 1, 
215.826367, 0.1, 0.1, 0.11579381, 0.172786233, -0.0199614844, 0.976853545, 0.213909212, 1.2951099e-005, 0.213909212, -0.976853545, 9.85139273e-006, 1.47586306e-005, -6.85300853e-006, -1, 0.976853514, 0.213909352, -2.37255036e-005, 0.213909352, -0.976853515, -1.11912926e-005, -2.55702638e-005, 5.85714646e-006, -1, 0.111503711, 0.00963271484, -0.147773242, 0, 0, 0, 0, 0, 0, 0, 0.192200977, 0.071653125, -0.112013135, 0, 0, 0, 0, 0, 0, 0, 1, 1, 1, 
215.827073, 0.1, 0.1, 0.115793811, 0.17278624, -0.0199643635, 0.976853726, 0.213908387, 1.1444025e-005, 0.213908387, -0.976853726, 1.07415547e-005, 1.34768471e-005, -8.04495484e-006, -1, 0.976853694, 0.21390853, 3.53316687e-005, 0.21390853, -0.976853695, 1.59163506e-005, 3.79185143e-005, -7.99020061e-006, -0.999999999, 0.111503711, 0.00963271484, -0.147773242, 0, 0, 0, 0, 0, 0, 0, 0.192200977, 0.071653125, -0.112013135, 0, 0, 0, 0, 0, 0, 0, 1, 1, 1, 
215.827806, 0.1, 0.1, 0.115793794, 0.172786244, -0.0199684161, 0.976853887, 0.213907646, -4.18974139e-005, 0.213907645, -0.976853888, -1.24325748e-005, -4.35870745e-005, 3.1826319e-006, -0.999999999, 0.976853854, 0.213907795, -5.59850167e-005, 0.213907795, -0.976853856, -5.36029631e-006, -5.58357886e-005, -6.73940539e-006, -0.999999998, 0.11239436, 0.00678562012, -0.148374365, 0, 0, 0, 0, 0, 0, 0, 0.192695654, 0.069156543, -0.112625146, 0, 0, 0, 0, 0, 0, 0, 1, 1, 1, 
215.828514, 0.1, 0.1, 0.115793791, 0.172786249, -0.0199722316, 0.97685402, 0.213907041, 3.99479283e-005, 0.213907041, -0.976854021, 6.03118281e-006, 4.03134069e-005, 2.65355797e-006, -0.999999999, 0.976853992, 0.21390717, 3.97680776e-005, 0.21390717, -0.976853993, 5.86834534e-006, 4.01028865e-005, 2.77416035e-006, -0.999999999, 0.11239436, 0.00678562012, -0.148374365, 0, 0, 0, 0, 0, 0, 0, 0.192695654, 0.069156543, -0.112625146, 0, 0, 0, 0, 0, 0, 0, 1, 1, 1, 
215.829219, 0.1, 0.1, 0.115793783, 0.172786254, -0.0199749056, 0.976854139, 0.2139065, -3.36551124e-005, 0.2139065, -0.976854139, -2.90861698e-006, -3.34983079e-005, -4.35775275e-006, -0.999999999, 0.976854114, 0.213906612, -2.54701859e-005, 0.213906612, -0.976854115, -8.54681964e-006, -2.67088771e-005, 2.90075476e-006, -1, 0.11239436, 0.00678562012, -0.148374365, 0, 0, 0, 0, 0, 0, 0, 0.192695654, 0.069156543, -0.112625146, 0, 0, 0, 0, 0, 0, 0, 1, 1, 1, 
215.829932, 0.1, 0.1, 0.115793775, 0.172786259, -0.0199756712, 0.976854243, 0.213906023, 3.37567596e-005, 0.213906022, -0.976854244, 1.1112331e-005, 3.53524284e-005, -3.63435349e-006, -0.999999999, 0.976854225, 0.213906107, 1.88551717e-005, 0.213906107, -0.976854225, 7.75123361e-006, 2.00767903e-005, -3.53858893e-006, -1, 0.11239436, 0.00678562012, -0.148374365, 0, 0, 0, 0, 0, 0, 0, 0.192695654, 0.069156543, -0.112625146, 0, 0, 0, 0, 0, 0, 0, 1, 1, 1, 
215.830638, 0.1, 0.1, 0.115793773, 0.172786265, -0.0199744663, 0.976854336, 0.213905601, -1.45402141e-005, 0.2139056, -0.976854336, -6.70360205e-006, -1.56376093e-005, 3.43820949e-006, -1, 0.976854324, 0.213905657, 9.00001036e-006, 0.213905657, -0.976854324, 6.75884855e-006, 1.0237455e-005, -4.6772573e-006, -1, 0.11239436, 0.00678562012, -0.148374365, 0, 0, 0, 0, 0, 0, 0, 0.192695654, 0.069156543, -0.112625146, 0, 0, 0, 0, 0, 0, 0, 1, 1, 1, 
215.831345, 0.1, 0.1, 0.11579376, 0.172786268, -0.0199718086, 0.976854421, 0.213905213, -3.65314562e-006, 0.213905213, -0.976854421, -5.45682965e-006, -4.73583576e-006, 4.54910128e-006, -1, 0.976854407, 0.213905276, -2.35695025e-005, 0.213905275, -0.976854407, -1.00626341e-005, -2.51764229e-005, 4.78808754e-006, -1, 0.11239436, 0.00678562012, -0.148374365, 0, 0, 0, 0, 0, 0, 0, 0.192695654, 0.069156543, -0.112625146, 0, 0, 0, 0, 0, 0, 0, 1, 1, 1, 
215.832052, 0.1, 0.1, 0.115793761, 0.172786275, -0.019968557, 0.976854491, 0.213904893, 2.88463185e-005, 0.213904892, -0.976854491, 1.33624563e-005, 3.10369506e-005, -6.88280681e-006, -0.999999999, 0.976854474, 0.213904968, 4.50562661e-005, 0.213904967, -0.976854475, 6.52548485e-006, 4.54092488e-005, 3.26331008e-006, -0.999999999, 0.11239436, 0.00678562012, -0.148374365, 0, 0, 0, 0, 0, 0, 0, 0.192695654, 0.069156543, -0.112625146, 0, 0, 0, 0, 0, 0, 0, 1, 1, 1, 
215.832785, 0.1, 0.1, 0.115793746, 0.172786278, -0.0199653477, 0.976854541, 0.213904657, -5.803658e-005, 0.213904657, -0.976854543, -8.97248094e-006, -5.86125523e-005, -3.649486e-006, -0.999999998, 0.976854528, 0.213904717, -6.19333392e-005, 0.213904716, -0.97685453, -8.95345123e-006, -6.24150483e-005, -4.50161397e-006, -0.999999998, 0.112853418, 0.00438500977, -0.148753589, 0, 0, 0, 0, 0, 0, 0, 0.193157129, 0.066423291, -0.113227148, 0, 0, 0, 0, 0, 0, 0, 1, 1, 1, 
215.8335, 0.1, 0.1, 0.115793742, 0.172786282, -0.0199635908, 0.976854584, 0.213904463, 5.79155024e-005, 0.213904463, -0.976854585, 4.72177523e-006, 5.75850328e-005, 7.77589667e-006, -0.999999998, 0.976854572, 0.213904517, 4.49786686e-005, 0.213904516, -0.976854573, 1.32493151e-005, 4.67717065e-005, -3.32151367e-006, -0.999999999, 0.112853418, 0.00438500977, -0.148753589, 0, 0, 0, 0, 0, 0, 0, 0.193157129, 0.066423291, -0.113227148, 0, 0, 0, 0, 0, 0, 0, 1, 1, 1, 
215.834207, 0.1, 0.1, 0.115793737, 0.172786286, -0.019963566, 0.976854621, 0.213904295, -4.25315549e-005, 0.213904294, -0.976854622, -1.72907661e-005, -4.52457151e-005, 7.79288255e-006, -0.999999999, 0.976854616, 0.21390432, -1.99903974e-005, 0.21390432, -0.976854617, -1.22002023e-005, -2.2137388e-005, 7.64179161e-006, -1, 0.112853418, 0.00438500977, -0.148753589, 0, 0, 0, 0, 0, 0, 0, 0.193157129, 0.066423291, -0.113227148, 0, 0, 0, 0, 0, 0, 0, 1, 1, 1, 
215.834942, 0.1, 0.1, 0.115793725, 0.172786289, -0.0199650785, 0.976854658, 0.213904129, 2.34755421e-005, 0.213904129, -0.976854658, 7.77575204e-006, 2.45954582e-005, -2.57426422e-006, -1, 0.976854659, 0.213904125, -8.86019442e-006, 0.213904125, -0.976854659, -1.06929001e-005, -1.09423776e-005, 8.55017711e-006, -1, 0.113281836, 0.00180803223, -0.149060913, 0, 0, 0, 0, 0, 0, 0, 0.193660352, 0.0638949707, -0.113645947, 0, 0, 0, 0, 0, 0, 0, 1, 1, 1, 
215.83565, 0.1, 0.1, 0.115793728, 0.172786295, -0.0199675613, 0.976854691, 0.213903979, 1.92136422e-005, 0.213903979, -0.976854691, 8.45624636e-006, 2.05777613e-005, -4.15064941e-006, -1, 0.976854687, 0.213903995, 4.19075706e-005, 0.213903994, -0.976854688, 1.32964212e-005, 4.37817644e-005, -4.02447459e-006, -0.999999999, 0.113281836, 0.00180803223, -0.149060913, 0, 0, 0, 0, 0, 0, 0, 0.193660352, 0.0638949707, -0.113645947, 0, 0, 0, 0, 0, 0, 0, 1, 1, 1, 
215.836356, 0.1, 0.1, 0.115793715, 0.172786298, -0.019970386, 0.976854713, 0.213903877, -3.06027301e-005, 0.213903877, -0.976854714, -1.2712857e-005, -3.26137505e-005, 5.87257164e-006, -0.999999999, 0.976854705, 0.21390391, -4.29124534e-005, 0.21390391, -0.976854706, -6.04639561e-006, -4.32125797e-005, -3.27269155e-006, -0.999999999, 0.113281836, 0.00180803223, -0.149060913, 0, 0, 0, 0, 0, 0, 0, 0.193660352, 0.0638949707, -0.113645947, 0, 0, 0, 0, 0, 0, 0, 1, 1, 1, 
215.837062, 0.1, 0.1, 0.115793713, 0.172786303, -0.019972701, 0.976854728, 0.213903807, 3.91865269e-005, 0.213903807, -0.976854729, 4.82722927e-006, 3.93121068e-005, 3.66664556e-006, -0.999999999, 0.976854722, 0.213903834, 4.09985992e-005, 0.213903834, -0.976854723, 4.67549031e-006, 4.10497806e-005, 4.20248277e-006, -0.999999999, 0.113281836, 0.00180803223, -0.149060913, 0, 0, 0, 0, 0, 0, 0, 0.193660352, 0.0638949707, -0.113645947, 0, 0, 0, 0, 0, 0, 0, 1, 1, 1, 
215.837788, 0.1, 0.1, 0.115793704, 0.172786307, -0.0199737729, 0.976854741, 0.213903748, -4.42579693e-005, 0.213903748, -0.976854742, -4.56122892e-006, -4.42092711e-005, -5.0112874e-006, -0.999999999, 0.976854736, 0.213903772, -3.49412344e-005, 0.213903771, -0.976854737, -1.08890291e-005, -3.64617147e-005, 3.16293778e-006, -0.999999999, 0.113281836, 0.00180803223, -0.149060913, 0, 0, 0, 0, 0, 0, 0, 0.193660352, 0.0638949707, -0.113645947, 0, 0, 0, 0, 0, 0, 0, 1, 1, 1, 
215.838512, 0.1, 0.1, 0.115793696, 0.172786311, -0.0199730827, 0.976854753, 0.213903696, 3.08758978e-005, 0.213903695, -0.976854753, 1.21764165e-005, 3.2765848e-005, -5.29012172e-006, -0.999999999, 0.976854752, 0.213903701, 1.42199938e-005, 0.2139037, -0.976854752, 8.5003313e-006, 1.57091209e-005, -5.26187972e-006, -1, 0.113281836, 0.00180803223, -0.149060913, 0, 0, 0, 0, 0, 0, 0, 0.193660352, 0.0638949707, -0.113645947, 0, 0, 0, 0, 0, 0, 0, 1, 1, 1, 
215.839221, 0.1, 0.1, 0.115793693, 0.172786316, -0.0199712591, 0.976854765, 0.213903641, -2.21581975e-005, 0.213903641, -0.976854765, -8.23351308e-006, -2.34065192e-005, 3.30322737e-006, -1, 0.976854769, 0.213903626, 3.90453389e-006, 0.213903626, -0.976854769, 7.16332436e-006, 5.3464236e-006, -6.16233361e-006, -1, 0.113281836, 0.00180803223, -0.149060913, 0, 0, 0, 0, 0, 0, 0, 0.193660352, 0.0638949707, -0.113645947, 0, 0, 0, 0, 0, 0, 0, 1, 1, 1, 
215.839951, 0.1, 0.1, 0.115793679, 0.172786319, -0.0199686031, 0.976854782, 0.213903562, -8.01779578e-006, 0.213903562, -0.976854782, -6.88561282e-006, -9.30507926e-006, 5.01120873e-006, -1, 0.976854781, 0.213903565, -3.12179274e-005, 0.213903564, -0.976854782, -1.19449181e-005, -3.30504422e-005, 4.99082443e-006, -0.999999999, 0.113708301, -0.000772363281, -0.149578662, 0, 0, 0, 0, 0, 0, 0, 0.193888574, 0.061155127, -0.114247705, 0, 0, 0, 0, 0, 0, 0, 1, 1, 1, 
215.84066, 0.1, 0.1, 0.115793682, 0.172786325, -0.019966387, 0.976854792, 0.213903517, 3.55879843e-005, 0.213903517, -0.976854792, 1.4196049e-005, 3.78008778e-005, -6.25508352e-006, -0.999999999, 0.976854786, 0.213903542, 5.17339976e-005, 0.213903542, -0.976854787, 6.69636025e-006, 5.19689784e-005, 4.52471376e-006, -0.999999999, 0.113708301, -0.000772363281, -0.149578662, 0, 0, 0, 0, 0, 0, 0, 0.193888574, 0.061155127, -0.114247705, 0, 0, 0, 0, 0, 0, 0, 1, 1, 1, 
215.841365, 0.1, 0.1, 0.11579367, 0.172786328, -0.0199651941, 0.976854793, 0.213903506, -4.96053113e-005, 0.213903506, -0.976854795, -6.41508871e-006, -4.98293962e-005, -4.34413986e-006, -0.999999999, 0.976854789, 0.213903525, -5.25301856e-005, 0.213903525, -0.976854791, -6.3453165e-006, -5.2671649e-005, -5.03793907e-006, -0.999999999, 0.113708301, -0.000772363281, -0.149578662, 0, 0, 0, 0, 0, 0, 0, 0.193888574, 0.061155127, -0.114247705, 0, 0, 0, 0, 0, 0, 0, 1, 1, 1, 
215.842074, 0.1, 0.1, 0.115793668, 0.172786332, -0.0199652883, 0.976854794, 0.213903504, 5.84794955e-005, 0.213903504, -0.976854795, 6.31786836e-006, 5.84773898e-005, 6.33732899e-006, -0.999999998, 0.976854791, 0.213903519, 4.65415715e-005, 0.213903519, -0.976854792, 1.43200881e-005, 4.85274744e-005, -4.0332408e-006, -0.999999999, 0.113708301, -0.000772363281, -0.149578662, 0, 0, 0, 0, 0, 0, 0, 0.193888574, 0.061155127, -0.114247705, 0, 0, 0, 0, 0, 0, 0, 1, 1, 1, 
215.842784, 0.1, 0.1, 0.115793664, 0.172786336, -0.0199665262, 0.976854795, 0.213903504, -3.76717095e-005, 0.213903503, -0.976854795, -1.39570407e-005, -3.978525e-005, 5.57589145e-006, -0.999999999, 0.976854796, 0.213903498, -1.56278775e-005, 0.213903498, -0.976854796, -9.03895053e-006, -1.71996302e-005, 5.48688452e-006, -1, 0.113708301, -0.000772363281, -0.149578662, 0, 0, 0, 0, 0, 0, 0, 0.193888574, 0.061155127, -0.114247705, 0, 0, 0, 0, 0, 0, 0, 1, 1, 1, 
215.843493, 0.1, 0.1, 0.115793653, 0.172786339, -0.0199684675, 0.976854799, 0.213903486, 1.5344404e-005, 0.213903486, -0.976854799, 7.37122496e-006, 1.65659854e-005, -3.91839498e-006, -1, 0.976854805, 0.21390346, -1.291378e-005, 0.21390346, -0.976854805, -8.9223207e-006, -1.45234034e-005, 5.95350961e-006, -1, 0.113708301, -0.000772363281, -0.149578662, 0, 0, 0, 0, 0, 0, 0, 0.193888574, 0.061155127, -0.114247705, 0, 0, 0, 0, 0, 0, 0, 1, 1, 1, 
215.84421, 0.1, 0.1, 0.115793654, 0.172786345, -0.0199705305, 0.976854805, 0.213903458, 8.64176077e-006, 0.213903458, -0.976854805, 6.97795175e-006, 9.93435355e-006, -4.96794319e-006, -1, 0.976854806, 0.21390345, 3.08205501e-005, 0.21390345, -0.976854807, 1.18663915e-005, 3.26454646e-005, -4.99911961e-006, -0.999999999, 0.113708301, -0.000772363281, -0.149578662, 0, 0, 0, 0, 0, 0, 0, 0.193888574, 0.061155127, -0.114247705, 0, 0, 0, 0, 0, 0, 0, 1, 1, 1, 
215.844944, 0.1, 0.1, 0.11579364, 0.172786346, -0.0199716365, 0.976854798, 0.213903487, -3.52144509e-005, 0.213903487, -0.976854799, -1.49805132e-005, -3.76037893e-005, 7.10129242e-006, -0.999999999, 0.976854796, 0.213903496, -4.87221893e-005, 0.213903496, -0.976854797, -8.80784784e-006, -4.94785338e-005, -1.81785821e-006, -0.999999999, 0.114337012, -0.00312341309, -0.150086279, 0, 0, 0, 0, 0, 0, 0, 0.194277295, 0.0586414551, -0.114806494, 0, 0, 0, 0, 0, 0, 0, 1, 1, 1, 
215.845653, 0.1, 0.1, 0.115793638, 0.17278635, -0.0199719253, 0.976854789, 0.213903531, 3.96959261e-005, 0.213903531, -0.976854789, 2.79528589e-006, 3.93750771e-005, 5.76051036e-006, -0.999999999, 0.976854787, 0.213903537, 4.08946283e-005, 0.213903537, -0.976854788, 2.56193864e-006, 4.04961212e-005, 6.2448636e-006, -0.999999999, 0.114337012, -0.00312341309, -0.150086279, 0, 0, 0, 0, 0, 0, 0, 0.194277295, 0.0586414551, -0.114806494, 0, 0, 0, 0, 0, 0, 0, 1, 1, 1, 
215.846356, 0.1, 0.1, 0.115793631, 0.172786353, -0.0199714144, 0.976854779, 0.213903572, -4.18941663e-005, 0.213903572, -0.97685478, -5.88693338e-006, -4.21837527e-005, -3.2106328e-006, -0.999999999, 0.976854779, 0.213903576, -3.32640894e-005, 0.213903575, -0.97685478, -1.28562345e-005, -3.52441792e-005, 5.44336645e-006, -0.999999999, 0.114337012, -0.00312341309, -0.150086279, 0, 0, 0, 0, 0, 0, 0, 0.194277295, 0.0586414551, -0.114806494, 0, 0, 0, 0, 0, 0, 0, 1, 1, 1, 
215.847075, 0.1, 0.1, 0.115793625, 0.172786357, -0.0199702252, 0.97685477, 0.213903617, 4.4445021e-005, 0.213903616, -0.976854771, 1.43927304e-005, 4.64949879e-005, -4.55265663e-006, -0.999999999, 0.976854773, 0.213903603, 2.59222593e-005, 0.213903603, -0.976854774, 9.99644843e-006, 2.74605591e-005, -4.22021371e-006, -1, 0.114337012, -0.00312341309, -0.150086279, 0, 0, 0, 0, 0, 0, 0, 0.194435937, 0.0561546387, -0.115320361, 0, 0, 0, 0, 0, 0, 0, 1, 1, 1, 
215.847784, 0.1, 0.1, 0.115793626, 0.172786362, -0.0199687522, 0.976854763, 0.21390365, -1.63374462e-005, 0.21390365, -0.976854763, -6.88180449e-006, -1.74313552e-005, 3.22788413e-006, -1, 0.976854771, 0.213903613, 1.33502641e-005, 0.213903613, -0.976854771, 9.72421178e-006, 1.51213132e-005, -6.64347294e-006, -1, 0.114337012, -0.00312341309, -0.150086279, 0, 0, 0, 0, 0, 0, 0, 0.194435937, 0.0561546387, -0.115320361, 0, 0, 0, 0, 0, 0, 0, 1, 1, 1, 
215.848494, 0.1, 0.1, 0.115793613, 0.172786364, -0.019967517, 0.976854761, 0.213903659, -8.33932811e-006, 0.213903659, -0.976854761, -5.49680581e-006, -9.32209924e-006, 3.58576813e-006, -1, 0.976854764, 0.213903645, -3.09294064e-005, 0.213903645, -0.976854764, -1.07521008e-005, -3.25134516e-005, 3.88732816e-006, -0.999999999, 0.114337012, -0.00312341309, -0.150086279, 0, 0, 0, 0, 0, 0, 0, 0.194435937, 0.0561546387, -0.115320361, 0, 0, 0, 0, 0, 0, 0, 1, 1, 1, 
215.849212, 0.1, 0.1, 0.115793616, 0.172786371, -0.0199668359, 0.976854754, 0.21390369, 3.09832729e-005, 0.213903689, -0.976854755, 1.68032335e-005, 3.38604311e-005, -9.78688218e-006, -0.999999999, 0.976854751, 0.2139037, 4.85101244e-005, 0.2139037, -0.976854752, 8.84385599e-006, 4.92790791e-005, 1.73733236e-006, -0.999999999, 0.114337012, -0.00312341309, -0.150086279, 0, 0, 0, 0, 0, 0, 0, 0.194435937, 0.0561546387, -0.115320361, 0, 0, 0, 0, 0, 0, 0, 1, 1, 1, 
215.849918, 0.1, 0.1, 0.115793603, 0.172786373, -0.0199668, 0.97685474, 0.213903751, -5.46204631e-005, 0.213903751, -0.976854741, -4.66307065e-006, -5.43537067e-005, -7.12837928e-006, -0.999999998, 0.976854739, 0.213903755, -5.69923581e-005, 0.213903755, -0.97685474, -4.34884695e-006, -5.66034898e-005, -7.94268767e-006, -0.999999998, 0.114310645, -0.00561005859, -0.150488794, 0, 0, 0, 0, 0, 0, 0, 0.194435937, 0.0561546387, -0.115320361, 0, 0, 0, 0, 0, 0, 0, 1, 1, 1, 
215.850625, 0.1, 0.1, 0.1157936, 0.172786377, -0.0199675318, 0.976854726, 0.213903816, 4.79448074e-005, 0.213903816, -0.976854727, 6.34441863e-006, 4.81922071e-005, 4.05800194e-006, -0.999999999, 0.976854726, 0.213903818, 3.63761361e-005, 0.213903818, -0.976854726, 1.39404593e-005, 3.8516118e-005, -5.8368092e-006, -0.999999999, 0.114310645, -0.00561005859, -0.150488794, 0, 0, 0, 0, 0, 0, 0, 0.194435937, 0.0561546387, -0.115320361, 0, 0, 0, 0, 0, 0, 0, 1, 1, 1, 
215.851332, 0.1, 0.1, 0.115793596, 0.172786381, -0.0199687555, 0.976854714, 0.213903873, -3.74603764e-005, 0.213903873, -0.976854714, -1.33927177e-005, -3.94580994e-005, 5.06981979e-006, -0.999999999, 0.976854718, 0.213903858, -1.78793509e-005, 0.213903858, -0.976854718, -8.7092291e-006, -1.9328466e-005, 4.68318941e-006, -1, 0.114310645, -0.00561005859, -0.150488794, 0, 0, 0, 0, 0, 0, 0, 0.194435937, 0.0561546387, -0.115320361, 0, 0, 0, 0, 0, 0, 0, 1, 1, 1, 
215.852061, 0.1, 0.1, 0.115793586, 0.172786383, -0.0199698996, 0.976854705, 0.213903917, 1.89519534e-005, 0.213903917, -0.976854705, 6.97211737e-006, 2.00046681e-005, -2.75684859e-006, -1, 0.976854713, 0.21390388, -8.84741044e-006, 0.213903879, -0.976854713, -8.71352919e-006, -1.05064923e-005, 6.61935664e-006, -1, 0.115004297, -0.00815102539, -0.150985547, 0, 0, 0, 0, 0, 0, 0, 0.194639258, 0.0534431152, -0.115870605, 0, 0, 0, 0, 0, 0, 0, 1, 1, 1, 
215.852766, 0.1, 0.1, 0.115793588, 0.172786388, -0.0199706477, 0.976854699, 0.213903942, 1.31367289e-005, 0.213903942, -0.976854699, 6.0216842e-006, 1.41207373e-005, -3.07231241e-006, -1, 0.976854702, 0.213903927, 3.34749535e-005, 0.213903927, -0.976854703, 1.06331911e-005, 3.4974647e-005, -3.2266587e-006, -0.999999999, 0.115004297, -0.00815102539, -0.150985547, 0, 0, 0, 0, 0, 0, 0, 0.194639258, 0.0534431152, -0.115870605, 0, 0, 0, 0, 0, 0, 0, 1, 1, 1, 
215.853474, 0.1, 0.1, 0.115793577, 0.172786389, -0.019970953, 0.976854689, 0.213903988, -2.74048102e-005, 0.213903988, -0.976854689, -1.3891793e-005, -2.97420272e-005, 7.70826494e-006, -1, 0.976854687, 0.213903992, -4.07430805e-005, 0.213903992, -0.976854688, -7.31583291e-006, -4.13649551e-005, -1.56860191e-006, -0.999999999, 0.115004297, -0.00815102539, -0.150985547, 0, 0, 0, 0, 0, 0, 0, 0.194639258, 0.0534431152, -0.115870605, 0, 0, 0, 0, 0, 0, 0, 1, 1, 1, 
215.854182, 0.1, 0.1, 0.115793578, 0.172786393, -0.0199707144, 0.976854673, 0.213904056, 4.42568297e-005, 0.213904056, -0.976854674, 3.46177185e-006, 4.3972978e-005, 6.08506737e-006, -0.999999999, 0.976854673, 0.213904058, 4.68822198e-005, 0.213904058, -0.976854674, 3.40782119e-006, 4.65260624e-005, 6.699351e-006, -0.999999999, 0.115004297, -0.00815102539, -0.150985547, 0, 0, 0, 0, 0, 0, 0, 0.194639258, 0.0534431152, -0.115870605, 0, 0, 0, 0, 0, 0, 0, 1, 1, 1, 
215.854897, 0.1, 0.1, 0.11579357, 0.172786396, -0.0199699516, 0.976854659, 0.21390412, -4.83982008e-005, 0.21390412, -0.97685466, -6.6475816e-006, -4.86999531e-005, -3.85885349e-006, -0.999999999, 0.976854659, 0.213904121, -3.8446451e-005, 0.21390412, -0.97685466, -1.37273266e-005, -4.04929265e-005, 5.18574868e-006, -0.999999999, 0.115004297, -0.00815102539, -0.150985547, 0, 0, 0, 0, 0, 0, 0, 0.194639258, 0.0534431152, -0.115870605, 0, 0, 0, 0, 0, 0, 0, 1, 1, 1, 
215.855604, 0.1, 0.1, 0.115793564, 0.172786399, -0.019969041, 0.976854646, 0.213904181, 3.77173962e-005, 0.213904181, -0.976854647, 1.23527163e-005, 3.94867114e-005, -3.99889962e-006, -0.999999999, 0.97685465, 0.213904165, 1.85615713e-005, 0.213904164, -0.976854651, 8.00776769e-006, 1.98448521e-005, -3.85202771e-006, -1, 0.115004297, -0.00815102539, -0.150985547, 0, 0, 0, 0, 0, 0, 0, 0.194639258, 0.0534431152, -0.115870605, 0, 0, 0, 0, 0, 0, 0, 1, 1, 1, 
215.856313, 0.1, 0.1, 0.115793564, 0.172786403, -0.0199682579, 0.976854638, 0.213904223, -2.07635263e-005, 0.213904222, -0.976854638, -9.57447561e-006, -2.23309677e-005, 4.91146496e-006, -1, 0.976854646, 0.213904185, 8.50596396e-006, 0.213904185, -0.976854646, 7.15885839e-006, 9.84040018e-006, -5.17370278e-006, -1, 0.115004297, -0.00815102539, -0.150985547, 0, 0, 0, 0, 0, 0, 0, 0.194639258, 0.0534431152, -0.115870605, 0, 0, 0, 0, 0, 0, 0, 1, 1, 1, 
215.85704, 0.1, 0.1, 0.115793551, 0.172786405, -0.0199676136, 0.976854635, 0.213904235, -1.10912736e-005, 0.213904235, -0.976854635, -7.73328219e-006, -1.24887439e-005, 5.18182216e-006, -1, 0.976854638, 0.213904221, -3.39075581e-005, 0.21390422, -0.976854638, -1.28686419e-005, -3.58754122e-005, 5.31782279e-006, -0.999999999, 0.115465918, -0.0104613037, -0.151248926, 0, 0, 0, 0, 0, 0, 0, 0.194801318, 0.051176123, -0.116394482, 0, 0, 0, 0, 0, 0, 0, 1, 1, 1, 
215.857746, 0.1, 0.1, 0.115793554, 0.17278641, -0.0199674545, 0.976854626, 0.213904272, 3.42374955e-005, 0.213904272, -0.976854627, 1.4611611e-005, 3.65705419e-005, -6.94987328e-006, -0.999999999, 0.976854624, 0.21390428, 4.93897019e-005, 0.21390428, -0.976854625, 7.2911653e-006, 4.98061702e-005, 3.44226009e-006, -0.999999999, 0.115465918, -0.0104613037, -0.151248926, 0, 0, 0, 0, 0, 0, 0, 0.194801318, 0.051176123, -0.116394482, 0, 0, 0, 0, 0, 0, 0, 1, 1, 1, 
215.858455, 0.1, 0.1, 0.115793544, 0.172786412, -0.0199678635, 0.976854612, 0.213904333, -4.8330097e-005, 0.213904333, -0.976854614, -4.97364964e-006, -4.82753634e-005, -5.47948459e-006, -0.999999999, 0.976854611, 0.213904338, -5.0482942e-005, 0.213904338, -0.976854613, -4.8974364e-006, -5.03620777e-005, -6.01443696e-006, -0.999999999, 0.115465918, -0.0104613037, -0.151248926, 0, 0, 0, 0, 0, 0, 0, 0.194801318, 0.051176123, -0.116394482, 0, 0, 0, 0, 0, 0, 0, 1, 1, 1, 
215.85916, 0.1, 0.1, 0.115793541, 0.172786416, -0.0199686456, 0.9768546, 0.213904392, 4.88349418e-005, 0.213904392, -0.976854601, 6.3624247e-006, 4.90655882e-005, 4.23084471e-006, -0.999999999, 0.9768546, 0.213904394, 3.80431965e-005, 0.213904394, -0.9768546, 1.35192677e-005, 4.00545022e-005, -5.06875193e-006, -0.999999999, 0.115465918, -0.0104613037, -0.151248926, 0, 0, 0, 0, 0, 0, 0, 0.194801318, 0.051176123, -0.116394482, 0, 0, 0, 0, 0, 0, 0, 1, 1, 1, 
215.859885, 0.1, 0.1, 0.115793538, 0.172786419, -0.0199693937, 0.976854589, 0.213904445, -3.718307e-005, 0.213904444, -0.976854589, -1.12970496e-005, -3.87389417e-005, 3.08195085e-006, -0.999999999, 0.976854592, 0.21390443, -1.80552279e-005, 0.21390443, -0.976854593, -6.91466107e-006, -1.91164089e-005, 2.89252519e-006, -1, 0.115465918, -0.0104613037, -0.151248926, 0, 0, 0, 0, 0, 0, 0, 0.19497998, 0.0486893066, -0.116696826, 0, 0, 0, 0, 0, 0, 0, 1, 1, 1, 
215.860592, 0.1, 0.1, 0.115793529, 0.172786422, -0.0199700204, 0.976854582, 0.213904479, 1.67603239e-005, 0.213904479, -0.976854582, 8.86611212e-006, 1.82689003e-005, -5.07579389e-006, -1, 0.976854589, 0.213904445, -1.06213254e-005, 0.213904445, -0.976854589, -6.69302881e-006, -1.18071591e-005, 4.26616719e-006, -1, 0.115465918, -0.0104613037, -0.151248926, 0, 0, 0, 0, 0, 0, 0, 0.19497998, 0.0486893066, -0.116696826, 0, 0, 0, 0, 0, 0, 0, 1, 1, 1, 
215.861297, 0.1, 0.1, 0.115793531, 0.172786427, -0.0199704121, 0.976854579, 0.213904493, 9.98070389e-006, 0.213904493, -0.976854579, 7.77822431e-006, 1.14134934e-005, -5.46327662e-006, -1, 0.976854581, 0.21390448, 3.0861652e-005, 0.213904479, -0.976854582, 1.25575422e-005, 3.28334607e-005, -5.665447e-006, -0.999999999, 0.115465918, -0.0104613037, -0.151248926, 0, 0, 0, 0, 0, 0, 0, 0.19497998, 0.0486893066, -0.116696826, 0, 0, 0, 0, 0, 0, 0, 1, 1, 1, 
215.862016, 0.1, 0.1, 0.115793519, 0.172786428, -0.0199703371, 0.976854571, 0.213904527, -3.08034732e-005, 0.213904527, -0.976854571, -1.20642113e-005, -3.2671103e-005, 5.19597765e-006, -0.999999999, 0.976854569, 0.213904534, -4.47423605e-005, 0.213904534, -0.97685457, -5.37680171e-006, -4.48569016e-005, -4.31824049e-006, -0.999999999, 0.115664868, -0.0127308105, -0.15165144, 0, 0, 0, 0, 0, 0, 0, 0.19497998, 0.0486893066, -0.116696826, 0, 0, 0, 0, 0, 0, 0, 1, 1, 1, 
215.862724, 0.1, 0.1, 0.115793521, 0.172786432, -0.0199698833, 0.976854557, 0.213904585, 4.48413379e-005, 0.213904585, -0.976854558, 5.44635355e-006, 4.49684654e-005, 4.2714725e-006, -0.999999999, 0.976854556, 0.213904589, 4.71985216e-005, 0.213904589, -0.976854558, 5.52288362e-006, 4.72874611e-005, 4.70092635e-006, -0.999999999, 0.115664868, -0.0127308105, -0.15165144, 0, 0, 0, 0, 0, 0, 0, 0.19497998, 0.0486893066, -0.116696826, 0, 0, 0, 0, 0, 0, 0, 1, 1, 1, 
215.863431, 0.1, 0.1, 0.115793514, 0.172786434, -0.0199692934, 0.976854546, 0.213904638, -4.81925889e-005, 0.213904638, -0.976854547, -6.02322384e-006, -4.83655451e-005, -4.42480471e-006, -0.999999999, 0.976854546, 0.213904641, -3.81426425e-005, 0.213904641, -0.976854546, -1.30614453e-005, -4.00537175e-005, 4.60024397e-006, -0.999999999, 0.115664868, -0.0127308105, -0.15165144, 0, 0, 0, 0, 0, 0, 0, 0.19497998, 0.0486893066, -0.116696826, 0, 0, 0, 0, 0, 0, 0, 1, 1, 1, 
215.864149, 0.1, 0.1, 0.115793508, 0.172786437, -0.0199686948, 0.976854535, 0.21390469, 4.08719403e-005, 0.21390469, -0.976854535, 1.27824312e-005, 4.26601623e-005, -3.74387619e-006, -0.999999999, 0.976854538, 0.213904676, 1.95713666e-005, 0.213904676, -0.976854539, 8.07295806e-006, 2.08452218e-005, -3.6996989e-006, -1, 0.115664868, -0.0127308105, -0.15165144, 0, 0, 0, 0, 0, 0, 0, 0.19497998, 0.0486893066, -0.116696826, 0, 0, 0, 0, 0, 0, 0, 1, 1, 1, 
215.865295, 0.1, 0.1, 0.115793505, 0.172786443, -0.0199630089, 0.976854517, 0.213904771, -3.33396408e-005, 0.213904771, -0.976854518, -1.53862444e-005, -3.58591699e-005, 7.89861414e-006, -0.999999999, 0.976854539, 0.213904672, -1.92798115e-005, 0.213904673, -0.976854539, 7.70115425e-006, -1.71862585e-005, -1.16469493e-005, -1, 0.11589104, -0.0150315674, -0.152107544, 0, 0, 0, 0, 0, 0, 0, 0.194946875, 0.0461993164, -0.117225586, 0, 0, 0, 0, 0, 0, 0, 1, 1, 1, 
215.866455, 0.1, 0.1, 0.115793505, 0.172786449, -0.0199514814, 0.976854486, 0.213904911, 4.8567525e-005, 0.213904911, -0.976854487, -9.55499857e-007, 4.72390186e-005, 1.13222165e-005, -0.999999999, 0.976854474, 0.213904964, 5.74734861e-005, 0.213904964, -0.976854476, 3.08327377e-007, 5.62091849e-005, 1.1992673e-005, -0.999999998, 0.11589104, -0.0150315674, -0.152107544, 0, 0, 0, 0, 0, 0, 0, 0.194946875, 0.0461993164, -0.117225586, 0, 0, 0, 0, 0, 0, 0, 1, 1, 1, 
215.867619, 0.1, 0.1, 0.115793484, 0.17278645, -0.019940343, 0.976854411, 0.213905254, -3.59768668e-005, 0.213905255, -0.976854412, 2.14562816e-006, -3.46851999e-005, -9.79160718e-006, -0.999999999, 0.976854439, 0.213905122, -6.60215901e-005, 0.21390512, -0.976854441, -3.38594468e-005, -7.17361926e-005, 1.89533947e-005, -0.999999997, 0.11589104, -0.0150315674, -0.152107544, 0, 0, 0, 0, 0, 0, 0, 0.194946875, 0.0461993164, -0.117225586, 0, 0, 0, 0, 0, 0, 0, 1, 1, 1, 
215.868791, 0.1, 0.1, 0.115793487, 0.172786453, -0.0199344789, 0.97685446, 0.213905029, -4.8189336e-005, 0.213905029, -0.976854461, -8.86147944e-006, -4.89694829e-005, -1.65156561e-006, -0.999999999, 0.976854464, 0.213905015, 2.03206336e-005, 0.213905015, -0.976854464, 9.0865576e-006, 2.17939619e-005, -4.52955892e-006, -1, 0.11589104, -0.0150315674, -0.152107544, 0, 0, 0, 0, 0, 0, 0, 0.194946875, 0.0461993164, -0.117225586, 0, 0, 0, 0, 0, 0, 0, 1, 1, 1, 
215.870006, 0.1, 0.1, 0.115793475, 0.172786454, -0.019935481, 0.976854333, 0.213905605, 6.8271713e-005, 0.213905602, -0.976854335, 4.40228057e-005, 7.61082437e-005, -2.84001666e-005, -0.999999997, 0.976854362, 0.213905479, 4.10257473e-005, 0.213905479, -0.976854363, 7.96533404e-006, 4.17800089e-005, 9.94660817e-007, -0.999999999, 0.116117822, -0.0173275635, -0.152332227, 0, 0, 0, 0, 0, 0, 0, 0.195102344, 0.043709082, -0.117732861, 0, 0, 0, 0, 0, 0, 0, 1, 1, 1, 
215.871171, 0.1, 0.1, 0.115793466, 0.17278646, -0.0199424682, 0.976854317, 0.213905682, -5.88189376e-005, 0.213905682, -0.976854318, 9.24375007e-007, -5.72598041e-005, -1.34846847e-005, -0.999999998, 0.976854298, 0.213905765, -6.07076766e-005, 0.213905765, -0.9768543, 3.03765159e-006, -5.86527838e-005, -1.5953065e-005, -0.999999998, 0.116117822, -0.0173275635, -0.152332227, 0, 0, 0, 0, 0, 0, 0, 0.195102344, 0.043709082, -0.117732861, 0, 0, 0, 0, 0, 0, 0, 1, 1, 1, 
215.872366, 0.1, 0.1, 0.115793471, 0.172786464, -0.0199518077, 0.976854268, 0.21390591, 3.2742336e-005, 0.21390591, -0.976854268, -1.29324758e-005, 2.92181577e-005, 1.96369234e-005, -0.999999999, 0.976854289, 0.21390581, 5.48394811e-005, 0.21390581, -0.97685429, 1.79673688e-005, 5.74135069e-005, -5.82101769e-006, -0.999999998, 0.116117822, -0.0173275635, -0.152332227, 0, 0, 0, 0, 0, 0, 0, 0.195097803, 0.0412239746, -0.117830518, 0, 0, 0, 0, 0, 0, 0, 1, 1, 1, 
215.873534, 0.1, 0.1, 0.115793458, 0.172786463, -0.0199583084, 0.976854306, 0.213905737, 2.48411849e-005, 0.213905738, -0.976854306, -1.25781733e-005, 2.1575675e-005, 1.76007147e-005, -1, 0.976854307, 0.213905732, -1.80765509e-005, 0.213905732, -0.976854307, -2.30244259e-005, -2.25832132e-005, 1.86248317e-005, -1, 0.116117822, -0.0173275635, -0.152332227, 0, 0, 0, 0, 0, 0, 0, 0.195097803, 0.0412239746, -0.117830518, 0, 0, 0, 0, 0, 0, 0, 1, 1, 1, 
215.874719, 0.1, 0.1, 0.115793453, 0.172786466, -0.019959537, 0.97685426, 0.213905942, -4.8418368e-005, 0.213905942, -0.976854261, -3.94084935e-006, -4.81406603e-005, -6.50734114e-006, -0.999999999, 0.97685425, 0.213905991, -2.59731743e-005, 0.21390599, -0.976854251, -2.12458179e-005, -2.99166135e-005, 1.51982499e-005, -0.999999999, 0.116342529, -0.019826416, -0.152755737, 0, 0, 0, 0, 0, 0, 0, 0.195097803, 0.0412239746, -0.117830518, 0, 0, 0, 0, 0, 0, 0, 1, 1, 1, 
215.875885, 0.1, 0.1, 0.115793451, 0.172786472, -0.0199555991, 0.976854252, 0.213905978, 4.35579227e-005, 0.213905977, -0.976854253, 2.49180077e-005, 4.78798528e-005, -1.50239618e-005, -0.999999999, 0.97685427, 0.213905897, 4.75435628e-005, 0.213905896, -0.976854271, 2.50089118e-005, 5.17926861e-005, -1.42602139e-005, -0.999999999, 0.116342529, -0.019826416, -0.152755737, 0, 0, 0, 0, 0, 0, 0, 0.195097803, 0.0412239746, -0.117830518, 0, 0, 0, 0, 0, 0, 0, 1, 1, 1, 
215.877088, 0.1, 0.1, 0.115793436, 0.172786476, -0.0199486402, 0.976854285, 0.213905834, -1.21424745e-005, 0.213905834, -0.976854285, -7.65088584e-006, -1.34979973e-005, 4.87645449e-006, -1, 0.976854263, 0.213905929, -5.31708142e-005, 0.213905929, -0.976854264, 1.18032909e-005, -4.94153427e-005, -2.29036475e-005, -0.999999999, 0.116806958, -0.0221536621, -0.152811499, 0, 0, 0, 0, 0, 0, 0, 0.195097803, 0.0412239746, -0.117830518, 0, 0, 0, 0, 0, 0, 0, 1, 1, 1, 
215.877861, 0.1, 0.1, 0.115793441, 0.17278648, -0.019946741, 0.976854252, 0.213905984, 7.68875794e-006, 0.213905984, -0.976854252, -2.91442223e-005, 1.27667233e-006, 3.01143288e-005, -1, 0.976854261, 0.213905941, 3.64158009e-005, 0.213905941, -0.976854262, 9.38341539e-006, 3.75800986e-005, -1.37667315e-006, -0.999999999, 0.116806958, -0.0221536621, -0.152811499, 0, 0, 0, 0, 0, 0, 0, 0.19533457, 0.0387339844, -0.11815459, 0, 0, 0, 0, 0, 0, 0, 1, 1, 1, 
215.878572, 0.1, 0.1, 0.115793422, 0.172786477, -0.0199521356, 0.97685434, 0.213905572, -7.21993001e-005, 0.213905573, -0.976854342, 1.30881573e-005, -6.772857e-005, -2.8229056e-005, -0.999999997, 0.976854307, 0.213905714, -8.96393352e-005, 0.213905714, -0.976854311, -7.74282868e-006, -8.92208063e-005, -1.16107505e-005, -0.999999996, 0.116806958, -0.0221536621, -0.152811499, 0, 0, 0, 0, 0, 0, 0, 0.19533457, 0.0387339844, -0.11815459, 0, 0, 0, 0, 0, 0, 0, 1, 1, 1, 
215.879275, 0.1, 0.1, 0.115793426, 0.172786481, -0.0199620489, 0.976854585, 0.213904452, 7.77385629e-005, 0.213904453, -0.976854587, -2.52310493e-006, 7.53995684e-005, 1.90933314e-005, -0.999999997, 0.976854533, 0.213904687, 7.25395031e-005, 0.213904688, -0.976854536, -3.52661402e-006, 7.01061833e-005, 1.89615287e-005, -0.999999997, 0.116806958, -0.0221536621, -0.152811499, 0, 0, 0, 0, 0, 0, 0, 0.19533457, 0.0387339844, -0.11815459, 0, 0, 0, 0, 0, 0, 0, 1, 1, 1, 
215.879974, 0.1, 0.1, 0.115793426, 0.172786486, -0.0199731219, 0.976854774, 0.213903595, -4.25900997e-005, 0.213903595, -0.976854775, 2.93350262e-006, -4.09768556e-005, -1.19757815e-005, -0.999999999, 0.976854753, 0.213903694, -1.89326581e-005, 0.213903694, -0.976854753, 1.71439231e-005, -1.48273085e-005, -2.07968883e-005, -1, 0.116806958, -0.0221536621, -0.152811499, 0, 0, 0, 0, 0, 0, 0, 0.19533457, 0.0387339844, -0.11815459, 0, 0, 0, 0, 0, 0, 0, 1, 1, 1, 
215.880679, 0.1, 0.1, 0.115793411, 0.172786483, -0.0199821125, 0.976854838, 0.213903306, -4.32470642e-005, 0.213903306, -0.976854839, -1.16259941e-005, -4.47329425e-005, 2.10621855e-006, -0.999999999, 0.976854827, 0.213903353, -5.46783339e-005, 0.213903352, -0.976854828, -2.30899519e-005, -5.83518126e-005, 1.0859652e-005, -0.999999998, 0.116806958, -0.0221536621, -0.152811499, 0, 0, 0, 0, 0, 0, 0, 0.19533457, 0.0387339844, -0.11815459, 0, 0, 0, 0, 0, 0, 0, 1, 1, 1, 
215.881382, 0.1, 0.1, 0.115793412, 0.172786489, -0.0199865771, 0.976854936, 0.213902853, 5.57458796e-005, 0.213902852, -0.976854938, 2.73895385e-005, 6.03143382e-005, -1.48314033e-005, -0.999999998, 0.976854907, 0.213902988, 3.97738863e-005, 0.213902987, -0.976854908, 2.95567643e-005, 4.51755963e-005, -2.03649171e-005, -0.999999999, 0.116806958, -0.0221536621, -0.152811499, 0, 0, 0, 0, 0, 0, 0, 0.19533457, 0.0387339844, -0.11815459, 0, 0, 0, 0, 0, 0, 0, 1, 1, 1, 
215.882118, 0.1, 0.1, 0.115793423, 0.172786492, -0.0199853537, 0.976855126, 0.213901987, 5.14957653e-005, 0.213901987, -0.976855127, -7.69668156e-006, 4.86575669e-005, 1.85335894e-005, -0.999999999, 0.976855086, 0.213902166, 6.50818959e-005, 0.213902167, -0.976855088, -5.84894145e-006, 6.23244799e-005, 1.96347268e-005, -0.999999998, 0.117217188, -0.0244890869, -0.153049121, 0, 0, 0, 0, 0, 0, 0, 0.195700342, 0.0362103027, -0.118460352, 0, 0, 0, 0, 0, 0, 0, 1, 1, 1, 
215.882821, 0.1, 0.1, 0.115793416, 0.172786495, -0.0199794419, 0.976855335, 0.213901028, -6.19580245e-005, 0.213901029, -0.976855337, 1.38660956e-005, -5.75580548e-005, -2.67980546e-005, -0.999999998, 0.976855299, 0.2139012, -4.89690174e-005, 0.2139012, -0.9768553, 1.3682831e-005, -4.49088702e-005, -2.38406776e-005, -0.999999999, 0.117217188, -0.0244890869, -0.153049121, 0, 0, 0, 0, 0, 0, 0, 0.195700342, 0.0362103027, -0.118460352, 0, 0, 0, 0, 0, 0, 0, 1, 1, 1, 
215.883526, 0.1, 0.1, 0.115793407, 0.172786496, -0.0199711131, 0.976855479, 0.213900379, 1.27026771e-005, 0.213900379, -0.976855479, -1.17021908e-005, 9.90557673e-006, 1.41484566e-005, -1, 0.976855462, 0.213900456, -1.71321323e-005, 0.213900456, -0.976855462, -1.88719914e-005, -2.07723446e-005, 1.4770637e-005, -1, 0.117217188, -0.0244890869, -0.153049121, 0, 0, 0, 0, 0, 0, 0, 0.195700342, 0.0362103027, -0.118460352, 0, 0, 0, 0, 0, 0, 0, 1, 1, 1, 
215.884226, 0.1, 0.1, 0.115793409, 0.172786501, -0.0199631513, 0.97685549, 0.213900332, -6.40436876e-006, 0.213900332, -0.97685549, 5.37629418e-006, -5.10615168e-006, -6.62175909e-006, -1, 0.976855493, 0.213900316, 1.52918244e-005, 0.213900316, -0.976855493, 2.51892104e-005, 2.03258827e-005, -2.13352925e-005, -1, 0.117217188, -0.0244890869, -0.153049121, 0, 0, 0, 0, 0, 0, 0, 0.195700342, 0.0362103027, -0.118460352, 0, 0, 0, 0, 0, 0, 0, 1, 1, 1, 
215.88494, 0.1, 0.1, 0.115793407, 0.172786499, -0.0199574731, 0.976855402, 0.213900733, 2.57002891e-005, 0.213900733, -0.976855402, 1.609715e-005, 2.85486584e-005, -1.02272772e-005, -1, 0.976855427, 0.213900618, 2.19417696e-005, 0.213900618, -0.976855427, -1.26322708e-005, 1.87318862e-005, 1.70332603e-005, -1, 0.117217188, -0.0244890869, -0.153049121, 0, 0, 0, 0, 0, 0, 0, 0.195857764, 0.0339115723, -0.118536279, 0, 0, 0, 0, 0, 0, 0, 1, 1, 1, 
215.885654, 0.1, 0.1, 0.115793402, 0.1727865, -0.0199556362, 0.976855217, 0.213901576, -3.44906065e-005, 0.213901574, -0.976855217, -4.28349787e-005, -4.28547983e-005, 3.44659774e-005, -0.999999998, 0.97685526, 0.213901376, -3.71974955e-005, 0.213901375, -0.976855261, -3.0064849e-005, -4.27674817e-005, 2.14124104e-005, -0.999999999, 0.117217188, -0.0244890869, -0.153049121, 0, 0, 0, 0, 0, 0, 0, 0.195857764, 0.0339115723, -0.118536279, 0, 0, 0, 0, 0, 0, 0, 1, 1, 1, 
215.886355, 0.1, 0.1, 0.115793405, 0.172786503, -0.0199580063, 0.976854986, 0.213902624, 6.40869491e-005, 0.213902621, -0.976854988, 4.06857184e-005, 7.13064378e-005, -2.60356805e-005, -0.999999997, 0.97685503, 0.213902426, 5.54353333e-005, 0.213902424, -0.976855031, 3.72656052e-005, 6.21234876e-005, -2.45453417e-005, -0.999999998, 0.117217188, -0.0244890869, -0.153049121, 0, 0, 0, 0, 0, 0, 0, 0.195857764, 0.0339115723, -0.118536279, 0, 0, 0, 0, 0, 0, 0, 1, 1, 1, 
