time, realDorsalTactorPos, realVentralTactorPos, boxPosX, boxPosY, boxPosZ, boxLocalRot_11, boxLocalRot_12, boxLocalRot_13, boxLocalRot_21, boxLocalRot_22, boxLocalRot_23, boxLocalRot_31, boxLocalRot_32, boxLocalRot_33, boxGlobalRot_11, boxGlobalRot_12, boxGlobalRot_13], boxGlobalRot_21, boxGlobalRot_22, boxGlobalRot_23, boxGlobalRot_31, boxGlobalRot_32, boxGlobalRot_33, indexPosX, indexPosY, indexPosZ, indexContact, indexForceX, indexForceY, indexForceZ, indexForceGlobalX, indexForceGlobalY, indexForceGlobalZ, thumbPosX, thumbPosY, thumbPosZ, thumbContact, thumbForceX, thumbForceY, thumbForceZ, thumbForceGlobalX, thumbForceGlobalY, thumbForceGlobalZ, hoopSuccess, targetSuccess, trialSuccess, 
132.890148, 0.1, 0.1, 0.1128355, 0.171440111, -0.0199645589, 0.813272442, 1.6393339e-006, 0.581883094, 0.581883094, 9.50175102e-006, -0.813272442, -6.86213337e-006, 1, 6.77361158e-006, 0.813272441, -1.18355871e-005, 0.581883095, 0.581883095, 3.4441666e-007, -0.813272441, 9.42514658e-006, 1, 7.16703264e-006, 0.102933008, 0.039015332, -0.154661572, 0, 0, 0, 0, 0, 0, 0, 0.187609766, 0.0738088867, -0.146460156, 0, 0, 0, 0, 0, 0, 0, 1, 1, 1, 
132.912918, 0.1, 0.1, 0.112835318, 0.171439732, -0.0199693924, 0.813266792, 2.24906633e-005, 0.58189099, 0.58189099, -2.01395649e-005, -0.813266792, -6.57187822e-006, 1, -2.94659537e-005, 0.81326693, 3.56182539e-005, 0.581890797, 0.581890798, -3.53581009e-005, -0.813266929, -8.39259447e-006, 0.999999999, -4.94815083e-005, 0.106548706, 0.0231818115, -0.157546045, 0, 0, 0, 0, 0, 0, 0, 0.190701953, 0.0605861816, -0.14721626, 0, 0, 0, 0, 0, 0, 0, 1, 1, 1, 
132.913627, 0.1, 0.1, 0.112835317, 0.17143972, -0.0199662083, 0.813266167, -1.3489593e-005, 0.581891864, 0.581891864, -4.43839529e-007, -0.813266167, 1.12288962e-005, 1, 7.48852474e-006, 0.813266278, -1.23475819e-005, 0.581891709, 0.58189171, 1.88046625e-005, -0.813266277, -9.00405252e-007, 1, 2.24781534e-005, 0.106548706, 0.0231818115, -0.157546045, 0, 0, 0, 0, 0, 0, 0, 0.190701953, 0.0605861816, -0.14721626, 0, 0, 0, 0, 0, 0, 0, 1, 1, 1, 
132.914348, 0.1, 0.1, 0.112835309, 0.171439712, -0.0199640443, 0.813265449, 1.67265277e-005, 0.581892867, 0.581892867, 1.75393863e-005, -0.81326545, -2.38091508e-005, 1, 4.53112974e-006, 0.81326562, 3.39260448e-005, 0.581892628, 0.581892629, 4.09196582e-007, -0.81326562, -2.78289944e-005, 0.999999999, -1.94085299e-005, 0.106548706, 0.0231818115, -0.157546045, 0, 0, 0, 0, 0, 0, 0, 0.190701953, 0.0605861816, -0.14721626, 0, 0, 0, 0, 0, 0, 0, 1, 1, 1, 
132.915069, 0.1, 0.1, 0.112835309, 0.171439703, -0.0199632469, 0.81326453, -2.02680864e-005, 0.581894151, 0.581894151, -5.96801122e-006, -0.813264531, 1.99560666e-005, 1, 6.94030912e-006, 0.813264711, -2.43561126e-005, 0.581893898, 0.581893898, -2.05670297e-005, -0.813264712, 3.1775796e-005, 0.999999999, -2.55376616e-006, 0.107235864, 0.020647168, -0.157999365, 0, 0, 0, 0, 0, 0, 0, 0.191388623, 0.0583804687, -0.147516406, 0, 0, 0, 0, 0, 0, 0, 1, 1, 1, 
132.915782, 0.1, 0.1, 0.112835305, 0.171439694, -0.0199642143, 0.81326381, -2.90583067e-005, 0.581895157, 0.581895157, 1.59178985e-006, -0.813263811, 2.27058144e-005, 1, 1.8203433e-005, 0.813263938, 1.70824811e-006, 0.58189498, 0.58189498, -1.30032406e-006, -0.813263938, -6.32604545e-007, 1, -2.05152766e-006, 0.107235864, 0.020647168, -0.157999365, 0, 0, 0, 0, 0, 0, 0, 0.191388623, 0.0583804687, -0.147516406, 0, 0, 0, 0, 0, 0, 0, 1, 1, 1, 
132.916492, 0.1, 0.1, 0.112835305, 0.171439685, -0.0199665609, 0.813263201, 2.56529656e-005, 0.581896009, 0.58189601, -1.04908459e-005, -0.813263201, -1.47580315e-005, 1, -2.34591773e-005, 0.813263317, 9.19321035e-006, 0.581895848, 0.581895848, -7.95307693e-006, -0.813263317, -2.84863829e-006, 1, -1.18174367e-005, 0.107235864, 0.020647168, -0.157999365, 0, 0, 0, 0, 0, 0, 0, 0.191388623, 0.0583804687, -0.147516406, 0, 0, 0, 0, 0, 0, 0, 1, 1, 1, 
132.917229, 0.1, 0.1, 0.112835302, 0.171439676, -0.0199694011, 0.813262631, -2.52401397e-005, 0.581896805, 0.581896805, 3.99155214e-006, -0.813262632, 1.8204191e-005, 1, 1.79333368e-005, 0.813262735, -2.76470139e-005, 0.58189666, 0.58189666, 2.72488273e-006, -0.813262735, 2.0898686e-005, 1, 1.83037507e-005, 0.107511694, 0.0181288818, -0.158209058, 0, 0, 0, 0, 0, 0, 0, 0.191935303, 0.0561498535, -0.146983887, 0, 0, 0, 0, 0, 0, 0, 1, 1, 1, 
132.917937, 0.1, 0.1, 0.112835295, 0.171439667, -0.0199716712, 0.81326216, 2.15187821e-005, 0.581897464, 0.581897464, 2.15686429e-006, -0.81326216, -1.87554851e-005, 1, -1.07676286e-005, 0.813262251, 3.36912233e-005, 0.581897337, 0.581897337, -1.26389977e-007, -0.813262251, -2.73262541e-005, 0.999999999, -1.97076213e-005, 0.107511694, 0.0181288818, -0.158209058, 0, 0, 0, 0, 0, 0, 0, 0.191935303, 0.0561498535, -0.146983887, 0, 0, 0, 0, 0, 0, 0, 1, 1, 1, 
132.918646, 0.1, 0.1, 0.112835297, 0.17143966, -0.0199730045, 0.813261613, -2.51556447e-005, 0.581898228, 0.581898228, -3.32965455e-005, -0.813261613, 3.9833321e-005, 0.999999999, -1.24407773e-005, 0.813261733, -3.86085848e-005, 0.581898059, 0.581898059, -2.219505e-005, -0.813261734, 4.43141411e-005, 0.999999999, 4.41587568e-006, 0.107511694, 0.0181288818, -0.158209058, 0, 0, 0, 0, 0, 0, 0, 0.191935303, 0.0561498535, -0.146983887, 0, 0, 0, 0, 0, 0, 0, 1, 1, 1, 
132.919352, 0.1, 0.1, 0.11283529, 0.17143965, -0.0199731186, 0.813260871, 3.32200789e-005, 0.581899265, 0.581899264, 4.2934201e-005, -0.813260871, -5.19999703e-005, 0.999999999, 1.55859662e-005, 0.813261031, 3.09216799e-005, 0.581899041, 0.58189904, 3.07333661e-005, -0.813261032, -4.30311136e-005, 0.999999999, 7.0009531e-006, 0.107511694, 0.0181288818, -0.158209058, 0, 0, 0, 0, 0, 0, 0, 0.191935303, 0.0561498535, -0.146983887, 0, 0, 0, 0, 0, 0, 0, 1, 1, 1, 
132.920056, 0.1, 0.1, 0.112835283, 0.17143964, -0.0199721079, 0.813260158, -1.1068362e-005, 0.581900262, 0.581900262, -2.44466372e-005, -0.813260158, 2.32269624e-005, 1, -1.34407933e-005, 0.813260272, 4.39037392e-006, 0.581900103, 0.581900103, -1.60929642e-005, -0.813260272, 5.79398082e-006, 1, -1.56425275e-005, 0.107511694, 0.0181288818, -0.158209058, 0, 0, 0, 0, 0, 0, 0, 0.191935303, 0.0561498535, -0.146983887, 0, 0, 0, 0, 0, 0, 0, 1, 1, 1, 
132.920763, 0.1, 0.1, 0.112835284, 0.17143963, -0.0199703366, 0.81325978, 2.69453179e-006, 0.58190079, 0.58190079, 1.93037173e-005, -0.81325978, -1.34242027e-005, 1, 1.41309867e-005, 0.813259828, -1.17794529e-005, 0.581900723, 0.581900723, 2.19062849e-005, -0.813259828, -3.16752723e-006, 1, 2.46699736e-005, 0.107511694, 0.0181288818, -0.158209058, 0, 0, 0, 0, 0, 0, 0, 0.191935303, 0.0561498535, -0.146983887, 0, 0, 0, 0, 0, 0, 0, 1, 1, 1, 
132.921472, 0.1, 0.1, 0.112835281, 0.171439623, -0.0199683132, 0.813259716, -2.50963287e-005, 0.581900879, 0.581900879, 2.38251555e-006, -0.813259717, 1.90234453e-005, 1, 1.65411797e-005, 0.813259707, -1.56919324e-005, 0.581900892, 0.581900892, -1.56312462e-005, -0.813259708, 2.18574524e-005, 1, -3.58111322e-006, 0.107511694, 0.0181288818, -0.158209058, 0, 0, 0, 0, 0, 0, 0, 0.191935303, 0.0561498535, -0.146983887, 0, 0, 0, 0, 0, 0, 0, 1, 1, 1, 
132.922203, 0.1, 0.1, 0.112835275, 0.17143961, -0.0199663653, 0.813259959, 2.74960382e-005, 0.58190054, 0.58190054, -6.76920477e-006, -0.813259959, -1.8422423e-005, 1, -2.15050827e-005, 0.813259888, 3.04294412e-005, 0.581900639, 0.581900639, 8.58404969e-006, -0.813259889, -2.9742108e-005, 1, -1.0725848e-005, 0.108228638, 0.0151572754, -0.158447925, 0, 0, 0, 0, 0, 0, 0, 0.192395312, 0.0537277344, -0.147045654, 0, 0, 0, 0, 0, 0, 0, 1, 1, 1, 
132.922918, 0.1, 0.1, 0.112835273, 0.171439601, -0.0199652688, 0.813260474, 5.61004746e-006, 0.58189982, 0.58189982, 2.98100383e-005, -0.813260474, -2.19088858e-005, 1, 2.09788403e-005, 0.813260354, -1.3697939e-005, 0.581899988, 0.581899989, 1.83639349e-005, -0.813260354, 4.54017236e-007, 1, 2.29054907e-005, 0.108228638, 0.0151572754, -0.158447925, 0, 0, 0, 0, 0, 0, 0, 0.192395312, 0.0537277344, -0.147045654, 0, 0, 0, 0, 0, 0, 0, 1, 1, 1, 
132.923646, 0.1, 0.1, 0.112835266, 0.171439594, -0.0199653384, 0.813261252, -1.00816178e-005, 0.581898734, 0.581898733, -2.15266268e-005, -0.813261252, 2.0725306e-005, 1, -1.16402909e-005, 0.813261074, 7.08788031e-006, 0.581898982, 0.581898982, -2.48072218e-005, -0.813261074, 8.67099997e-006, 1, -2.42991782e-005, 0.108228638, 0.0151572754, -0.158447925, 0, 0, 0, 0, 0, 0, 0, 0.192395312, 0.0537277344, -0.147045654, 0, 0, 0, 0, 0, 0, 0, 1, 1, 1, 
132.924366, 0.1, 0.1, 0.112835263, 0.171439583, -0.0199663078, 0.813262247, 2.48470739e-005, 0.581897343, 0.581897343, 7.64265627e-007, -0.813262247, -2.06519113e-005, 1, -1.38368979e-005, 0.813262027, 1.3004973e-005, 0.581897651, 0.58189765, 2.03628599e-005, -0.813262027, -2.2425551e-005, 1, 8.99277748e-006, 0.108228638, 0.0151572754, -0.158447925, 0, 0, 0, 0, 0, 0, 0, 0.192395312, 0.0537277344, -0.147045654, 0, 0, 0, 0, 0, 0, 0, 1, 1, 1, 
132.925072, 0.1, 0.1, 0.112835261, 0.171439577, -0.0199679347, 0.813263401, -2.22823506e-005, 0.58189573, 0.58189573, 7.49568471e-006, -0.813263401, 1.37597133e-005, 1, 1.90619707e-005, 0.813263159, -2.50121931e-005, 0.581896068, 0.581896068, -6.92520197e-006, -0.813263159, 2.4371243e-005, 1, 8.92248521e-006, 0.108228638, 0.0151572754, -0.158447925, 0, 0, 0, 0, 0, 0, 0, 0.192395312, 0.0537277344, -0.147045654, 0, 0, 0, 0, 0, 0, 0, 1, 1, 1, 
132.925786, 0.1, 0.1, 0.112835257, 0.171439569, -0.0199697731, 0.813264707, -1.61741846e-007, 0.581893905, 0.581893905, -2.53090007e-005, -0.813264706, 1.48586922e-005, 1, -2.04888005e-005, 0.81326444, 1.63343438e-005, 0.581894278, 0.581894278, -1.47643036e-005, -0.813264439, -4.69287723e-006, 1, -2.15121443e-005, 0.108228638, 0.0151572754, -0.158447925, 0, 0, 0, 0, 0, 0, 0, 0.192395312, 0.0537277344, -0.147045654, 0, 0, 0, 0, 0, 0, 0, 1, 1, 1, 
132.926602, 0.1, 0.1, 0.112835255, 0.171439559, -0.0199707899, 0.813266336, 1.4264917e-005, 0.581891628, 0.581891628, 1.83021923e-005, -0.813266336, -2.22510693e-005, 1, 6.58392107e-006, 0.813265946, -2.95689149e-006, 0.581892174, 0.581892174, 2.24355501e-005, -0.813265945, -1.06503319e-005, 1, 1.99666609e-005, 0.108228638, 0.0151572754, -0.158447925, 0, 0, 0, 0, 0, 0, 0, 0.192395312, 0.0537277344, -0.147045654, 0, 0, 0, 0, 0, 0, 0, 1, 1, 1, 
132.927324, 0.1, 0.1, 0.112835251, 0.171439553, -0.0199701358, 0.813267894, -2.01973522e-005, 0.581889451, 0.581889451, -2.59617375e-006, -0.813267894, 1.79365442e-005, 1, 9.64124142e-006, 0.813267578, -9.11282449e-006, 0.581889893, 0.581889892, -1.94959699e-005, -0.813267578, 1.87556725e-005, 1, -1.05527798e-005, 0.10907605, 0.0128376953, -0.158636011, 0, 0, 0, 0, 0, 0, 0, 0.192999219, 0.0515100586, -0.146852686, 0, 0, 0, 0, 0, 0, 0, 1, 1, 1, 
132.928032, 0.1, 0.1, 0.112835247, 0.171439543, -0.0199692253, 0.813269496, 1.82652185e-005, 0.581887211, 0.581887211, -1.1577273e-005, -0.813269496, -8.11787794e-006, 1, -2.00437401e-005, 0.813269171, 2.22231092e-005, 0.581887666, 0.581887666, 2.35305038e-006, -0.813269171, -1.94425806e-005, 1, -1.10176898e-005, 0.10907605, 0.0128376953, -0.158636011, 0, 0, 0, 0, 0, 0, 0, 0.192999219, 0.0515100586, -0.146852686, 0, 0, 0, 0, 0, 0, 0, 1, 1, 1, 
132.928742, 0.1, 0.1, 0.112835246, 0.171439536, -0.0199683225, 0.813271183, -5.12043635e-006, 0.581884854, 0.581884854, 2.42146239e-005, -0.813271182, -9.92581957e-006, 1, 2.26725602e-005, 0.81327084, -2.23501048e-005, 0.581885333, 0.581885333, 1.30749784e-005, -0.81327084, 1.05685503e-005, 1, 2.36386969e-005, 0.10907605, 0.0128376953, -0.158636011, 0, 0, 0, 0, 0, 0, 0, 0.192999219, 0.0515100586, -0.146852686, 0, 0, 0, 0, 0, 0, 0, 1, 1, 1, 
132.929464, 0.1, 0.1, 0.112835242, 0.171439529, -0.0199676209, 0.813272975, -1.75377798e-005, 0.581882348, 0.581882348, -2.00817231e-005, -0.813272976, 2.59482025e-005, 1, -6.12699822e-006, 0.813272622, -2.89371189e-006, 0.581882842, 0.581882842, -2.37203309e-005, -0.813272622, 1.61558302e-005, 1, -1.76072944e-005, 0.10907605, 0.0128376953, -0.158636011, 0, 0, 0, 0, 0, 0, 0, 0.193403076, 0.0493158203, -0.146876367, 0, 0, 0, 0, 0, 0, 0, 1, 1, 1, 
132.930173, 0.1, 0.1, 0.112835241, 0.171439519, -0.0199673006, 0.81327481, 1.96348088e-005, 0.581879784, 0.581879784, 3.45465372e-006, -0.81327481, -1.79786886e-005, 1, -8.61551547e-006, 0.813274444, 8.01800722e-006, 0.581880296, 0.581880296, 2.11070097e-005, -0.813274444, -1.88025934e-005, 1, 1.25002711e-005, 0.10907605, 0.0128376953, -0.158636011, 0, 0, 0, 0, 0, 0, 0, 0.193403076, 0.0493158203, -0.146876367, 0, 0, 0, 0, 0, 0, 0, 1, 1, 1, 
132.930879, 0.1, 0.1, 0.11283524, 0.171439513, -0.0199675303, 0.813276704, -2.24490998e-005, 0.581877137, 0.581877137, 1.21385144e-005, -0.813276704, 1.11942059e-005, 1, 2.29345889e-005, 0.813276328, -2.62953841e-005, 0.581877663, 0.581877663, -2.50683142e-006, -0.813276328, 2.28440827e-005, 1, 1.326195e-005, 0.10907605, 0.0128376953, -0.158636011, 0, 0, 0, 0, 0, 0, 0, 0.193403076, 0.0493158203, -0.146876367, 0, 0, 0, 0, 0, 0, 0, 1, 1, 1, 
132.931604, 0.1, 0.1, 0.112835234, 0.171439505, -0.0199682056, 0.813278704, 1.91375797e-006, 0.581874342, 0.581874342, -2.40646102e-005, -0.813278704, 1.24461606e-005, 1, -2.06848016e-005, 0.813278275, 2.02518392e-005, 0.581874941, 0.581874942, -1.19646701e-005, -0.813278275, -9.50843919e-006, 1, -2.1514644e-005, 0.10907605, 0.0128376953, -0.158636011, 0, 0, 0, 0, 0, 0, 0, 0.193403076, 0.0493158203, -0.146876367, 0, 0, 0, 0, 0, 0, 0, 1, 1, 1, 
132.932316, 0.1, 0.1, 0.112835233, 0.171439497, -0.0199689306, 0.81328071, 1.28495164e-005, 0.581871538, 0.581871538, 1.88263372e-005, -0.81328071, -2.14047736e-005, 1, 7.83432901e-006, 0.813280302, -1.94743791e-006, 0.581872109, 0.581872109, 2.20482593e-005, -0.813280302, -1.12454542e-005, 1, 1.90645748e-005, 0.109328076, 0.0103418701, -0.158959082, 0, 0, 0, 0, 0, 0, 0, 0.193403076, 0.0493158203, -0.146876367, 0, 0, 0, 0, 0, 0, 0, 1, 1, 1, 
132.933024, 0.1, 0.1, 0.11283523, 0.171439492, -0.0199696238, 0.813282736, -1.90971441e-005, 0.581868706, 0.581868706, -2.83009496e-006, -0.813282736, 1.71781213e-005, 1, 8.81036316e-006, 0.813282331, -8.6007421e-006, 0.581869273, 0.581869272, -1.94591984e-005, -0.813282331, 1.83175412e-005, 1, -1.08213147e-005, 0.109328076, 0.0103418701, -0.158959082, 0, 0, 0, 0, 0, 0, 0, 0.193403076, 0.0493158203, -0.146876367, 0, 0, 0, 0, 0, 0, 0, 1, 1, 1, 
132.933741, 0.1, 0.1, 0.112835225, 0.171439482, -0.0199700488, 0.813284807, 2.22330289e-005, 0.581865811, 0.581865811, -1.06778527e-005, -0.813284807, -1.18687072e-005, 1, -2.16207748e-005, 0.813284397, 2.55679392e-005, 0.581866384, 0.581866384, 2.98947553e-006, -0.813284397, -2.25334814e-005, 1, -1.24458306e-005, 0.109328076, 0.0103418701, -0.158959082, 0, 0, 0, 0, 0, 0, 0, 0.193403076, 0.0493158203, -0.146876367, 0, 0, 0, 0, 0, 0, 0, 1, 1, 1, 
132.934476, 0.1, 0.1, 0.112835224, 0.171439475, -0.019969934, 0.813286954, -3.35204477e-007, 0.58186281, 0.58186281, 2.5024225e-005, -0.813286954, -1.42880485e-005, 1, 2.05469188e-005, 0.813286546, -1.64090834e-005, 0.581863381, 0.581863381, 1.48112757e-005, -0.813286546, 4.72714782e-006, 1, 2.1593656e-005, 0.110040869, 0.0076003418, -0.159382495, 0, 0, 0, 0, 0, 0, 0, 0.193791797, 0.047128418, -0.146648242, 0, 0, 0, 0, 0, 0, 0, 1, 1, 1, 
132.935183, 0.1, 0.1, 0.112835219, 0.171439469, -0.0199694138, 0.813289033, -1.06754552e-005, 0.581859904, 0.581859904, -1.70852564e-005, -0.813289033, 1.86234563e-005, 1, -7.68363228e-006, 0.813288621, 3.41085797e-006, 0.58186048, 0.58186048, -2.02090569e-005, -0.813288621, 8.98483957e-006, 1, -1.84204395e-005, 0.110040869, 0.0076003418, -0.159382495, 0, 0, 0, 0, 0, 0, 0, 0.193791797, 0.047128418, -0.146648242, 0, 0, 0, 0, 0, 0, 0, 1, 1, 1, 
132.9359, 0.1, 0.1, 0.112835217, 0.171439459, -0.0199687155, 0.813291163, 2.18905203e-005, 0.581856928, 0.581856928, 3.96569257e-006, -0.813291163, -2.01108324e-005, 1, -9.51188819e-006, 0.813290745, 1.12241617e-005, 0.581857512, 0.581857511, 2.14450256e-005, -0.813290745, -2.16064561e-005, 1, 1.0910178e-005, 0.110040869, 0.0076003418, -0.159382495, 0, 0, 0, 0, 0, 0, 0, 0.193791797, 0.047128418, -0.146648242, 0, 0, 0, 0, 0, 0, 0, 1, 1, 1, 
132.936605, 0.1, 0.1, 0.112835216, 0.171439454, -0.0199682304, 0.813293275, -2.13950708e-005, 0.581853975, 0.581853976, 1.17333466e-005, -0.813293275, 1.05733729e-005, 1, 2.19914589e-005, 0.813292857, -2.47957127e-005, 0.581854559, 0.581854559, -2.22749778e-006, -0.813292858, 2.14622558e-005, 1, 1.26158905e-005, 0.110040869, 0.0076003418, -0.159382495, 0, 0, 0, 0, 0, 0, 0, 0.193791797, 0.047128418, -0.146648242, 0, 0, 0, 0, 0, 0, 0, 1, 1, 1, 
132.937313, 0.1, 0.1, 0.112835211, 0.171439447, -0.0199680819, 0.813295415, 7.40474901e-007, 0.581850984, 0.581850984, -2.5128816e-005, -0.813295415, 1.40190015e-005, 1, -2.08679969e-005, 0.81329498, 1.83711777e-005, 0.581851592, 0.581851592, -1.35777309e-005, -0.81329498, -7.04096227e-006, 1, -2.17319994e-005, 0.110040869, 0.0076003418, -0.159382495, 0, 0, 0, 0, 0, 0, 0, 0.193791797, 0.047128418, -0.146648242, 0, 0, 0, 0, 0, 0, 0, 1, 1, 1, 
132.938015, 0.1, 0.1, 0.11283521, 0.171439439, -0.019968283, 0.813297557, 1.03677423e-005, 0.581847991, 0.58184799, 1.7007073e-005, -0.813297557, -1.83275907e-005, 1, 7.7993609e-006, 0.813297126, -4.2208637e-006, 0.581848593, 0.581848593, 2.04206968e-005, -0.813297126, -8.44893736e-006, 1, 1.90639976e-005, 0.110040869, 0.0076003418, -0.159382495, 0, 0, 0, 0, 0, 0, 0, 0.193791797, 0.047128418, -0.146648242, 0, 0, 0, 0, 0, 0, 0, 1, 1, 1, 
132.938723, 0.1, 0.1, 0.112835208, 0.171439435, -0.0199687321, 0.813299732, -2.30363521e-005, 0.58184495, 0.58184495, -5.56998082e-006, -0.813299732, 2.19763242e-005, 1, 8.87352125e-006, 0.813299303, -1.23821655e-005, 0.581845549, 0.581845549, -2.25365349e-005, -0.813299303, 2.31831891e-005, 1, -1.11244402e-005, 0.110040869, 0.0076003418, -0.159382495, 0, 0, 0, 0, 0, 0, 0, 0.193791797, 0.047128418, -0.146648242, 0, 0, 0, 0, 0, 0, 0, 1, 1, 1, 
132.939462, 0.1, 0.1, 0.112835203, 0.171439427, -0.0199691603, 0.813302012, 2.04405776e-005, 0.581841762, 0.581841762, -1.64220043e-005, -0.813302012, -7.06935496e-006, 1, -2.52492309e-005, 0.813301537, 2.39534872e-005, 0.581842427, 0.581842427, -1.53485932e-006, -0.813301537, -1.85883617e-005, 1, -1.51854586e-005, 0.110752319, 0.00486015625, -0.159571802, 0, 0, 0, 0, 0, 0, 0, 0.193791797, 0.047128418, -0.146648242, 0, 0, 0, 0, 0, 0, 0, 1, 1, 1, 
132.940167, 0.1, 0.1, 0.112835203, 0.171439421, -0.0199692798, 0.8133042, -1.30113033e-006, 0.581838704, 0.581838704, 1.98676545e-005, -0.8133042, -1.05015556e-005, 1, 1.69154948e-005, 0.813303766, -1.79324008e-005, 0.581839311, 0.581839311, 8.66801688e-006, -0.813303766, 9.54109615e-006, 1, 1.74835065e-005, 0.110752319, 0.00486015625, -0.159571802, 0, 0, 0, 0, 0, 0, 0, 0.194159033, 0.0449292969, -0.146635059, 0, 0, 0, 0, 0, 0, 0, 1, 1, 1, 
132.940873, 0.1, 0.1, 0.112835198, 0.171439416, -0.0199693703, 0.81330639, -1.02862272e-005, 0.581835643, 0.581835643, -1.87441799e-005, -0.81330639, 1.92718862e-005, 1, -9.25986769e-006, 0.813305959, 3.55228677e-006, 0.581836245, 0.581836245, -2.25399245e-005, -0.813305959, 1.02254491e-005, 1, -2.03987041e-005, 0.110752319, 0.00486015625, -0.159571802, 0, 0, 0, 0, 0, 0, 0, 0.194159033, 0.0449292969, -0.146635059, 0, 0, 0, 0, 0, 0, 0, 1, 1, 1, 
132.941581, 0.1, 0.1, 0.112835196, 0.171439407, -0.019969406, 0.813308587, 2.29885669e-005, 0.581832572, 0.581832572, 5.06147172e-006, -0.813308587, -2.1641728e-005, 1, -9.2589586e-006, 0.813308148, 1.24127677e-005, 0.581833185, 0.581833185, 2.14376445e-005, -0.813308149, -2.25685381e-005, 1, 1.02132508e-005, 0.110752319, 0.00486015625, -0.159571802, 0, 0, 0, 0, 0, 0, 0, 0.194159033, 0.0449292969, -0.146635059, 0, 0, 0, 0, 0, 0, 0, 1, 1, 1, 
132.942313, 0.1, 0.1, 0.112835195, 0.171439402, -0.0199690938, 0.813310866, -2.01379902e-005, 0.581829386, 0.581829386, 1.47651144e-005, -0.813310866, 7.7876688e-006, 1, 2.37255024e-005, 0.813310425, -2.35493031e-005, 0.581830002, 0.581830002, 4.00597096e-007, -0.813310425, 1.89198143e-005, 1, 1.40275009e-005, 0.111062573, 0.00236774902, -0.159508691, 0, 0, 0, 0, 0, 0, 0, 0.194506494, 0.0426967285, -0.146423535, 0, 0, 0, 0, 0, 0, 0, 1, 1, 1, 
132.943021, 0.1, 0.1, 0.11283519, 0.171439394, -0.0199687686, 0.813313075, 1.78430943e-006, 0.581826299, 0.581826299, -1.95572613e-005, -0.813313075, 9.92772677e-006, 1, -1.69443345e-005, 0.813312636, 1.87763399e-005, 0.581826912, 0.581826912, -8.68547973e-006, -0.813312636, -1.02175886e-005, 1, -1.79885903e-005, 0.111062573, 0.00236774902, -0.159508691, 0, 0, 0, 0, 0, 0, 0, 0.194506494, 0.0426967285, -0.146423535, 0, 0, 0, 0, 0, 0, 0, 1, 1, 1, 
132.943728, 0.1, 0.1, 0.11283519, 0.171439386, -0.0199685722, 0.813315287, 1.13718691e-005, 0.581823207, 0.581823206, 2.20227979e-005, -0.813315287, -2.20622899e-005, 1, 1.12950609e-005, 0.813314846, -3.08697186e-006, 0.581823824, 0.581823824, 2.56526894e-005, -0.813314845, -1.24146658e-005, 1, 2.26597869e-005, 0.111062573, 0.00236774902, -0.159508691, 0, 0, 0, 0, 0, 0, 0, 0.194506494, 0.0426967285, -0.146423535, 0, 0, 0, 0, 0, 0, 0, 1, 1, 1, 
132.944436, 0.1, 0.1, 0.112835187, 0.171439382, -0.0199685471, 0.81331751, -2.28132384e-005, 0.581820099, 0.581820099, -1.72770107e-006, -0.81331751, 1.95596175e-005, 1, 1.18680311e-005, 0.813317069, -1.19442541e-005, 0.581820715, 0.581820715, -1.8559855e-005, -0.81331707, 2.05129738e-005, 1, -8.14563245e-006, 0.111062573, 0.00236774902, -0.159508691, 0, 0, 0, 0, 0, 0, 0, 0.194506494, 0.0426967285, -0.146423535, 0, 0, 0, 0, 0, 0, 0, 1, 1, 1, 
132.945145, 0.1, 0.1, 0.112835183, 0.171439374, -0.0199686904, 0.813319739, 2.0064223e-005, 0.581816984, 0.581816984, -1.18326298e-005, -0.813319739, -9.4342036e-006, 1, -2.12974171e-005, 0.813319299, 2.33794769e-005, 0.581817598, 0.581817598, 2.5409525e-006, -0.813319299, -2.04933507e-005, 1, -1.15359854e-005, 0.111062573, 0.00236774902, -0.159508691, 0, 0, 0, 0, 0, 0, 0, 0.194506494, 0.0426967285, -0.146423535, 0, 0, 0, 0, 0, 0, 0, 1, 1, 1, 
132.945853, 0.1, 0.1, 0.112835183, 0.171439368, -0.0199689518, 0.81332197, -2.25934946e-006, 0.581813864, 0.581813864, 2.13824942e-005, -0.81332197, -1.0603053e-005, 1, 1.87053731e-005, 0.813321527, -1.91390029e-005, 0.581814484, 0.581814484, 1.06782939e-005, -0.813321527, 9.35337701e-006, 1, 1.98202354e-005, 0.111062573, 0.00236774902, -0.159508691, 0, 0, 0, 0, 0, 0, 0, 0.194506494, 0.0426967285, -0.146423535, 0, 0, 0, 0, 0, 0, 0, 1, 1, 1, 
132.946582, 0.1, 0.1, 0.112835179, 0.171439364, -0.0199691685, 0.813324268, -1.301309e-005, 0.581810652, 0.581810652, -2.10546573e-005, -0.813324268, 2.28336858e-005, 1, -9.55310934e-006, 0.813323782, 2.29055401e-006, 0.581811332, 0.581811332, -2.47179741e-005, -0.813323781, 1.25182354e-005, 1, -2.14363865e-005, 0.111062573, 0.00236774902, -0.159508691, 0, 0, 0, 0, 0, 0, 0, 0.194506494, 0.0426967285, -0.146423535, 0, 0, 0, 0, 0, 0, 0, 1, 1, 1, 
132.947299, 0.1, 0.1, 0.112835177, 0.171439356, -0.0199690384, 0.813326535, 2.09328557e-005, 0.581807483, 0.581807483, 1.87441676e-006, -0.813326535, -1.81157967e-005, 1, -1.06543792e-005, 0.813326087, 9.87218641e-006, 0.581808109, 0.581808109, 1.885908e-005, -0.813326087, -1.90016724e-005, 1, 9.59486367e-006, 0.111634766, -0.000592260742, -0.15957229, 0, 0, 0, 0, 0, 0, 0, 0.194698584, 0.0402279785, -0.146050049, 0, 0, 0, 0, 0, 0, 0, 1, 1, 1, 
132.948004, 0.1, 0.1, 0.112835176, 0.171439352, -0.0199689703, 0.813328765, -1.96960889e-005, 0.581804366, 0.581804366, 1.1124912e-005, -0.813328765, 9.54687325e-006, 1, 2.05074815e-005, 0.813328321, -2.32927124e-005, 0.581804986, 0.581804986, -3.03078298e-006, -0.813328322, 2.07079473e-005, 1, 1.10867946e-005, 0.111634766, -0.000592260742, -0.15957229, 0, 0, 0, 0, 0, 0, 0, 0.194698584, 0.0402279785, -0.146050049, 0, 0, 0, 0, 0, 0, 0, 1, 1, 1, 
132.948714, 0.1, 0.1, 0.112835172, 0.171439345, -0.0199689302, 0.813331009, 3.74518995e-006, 0.581801228, 0.581801228, -2.27506658e-005, -0.813331009, 1.01902862e-005, 1, -2.06827781e-005, 0.813330566, 2.04632811e-005, 0.581801847, 0.581801847, -1.20296539e-005, -0.813330566, -9.64453717e-006, 1, -2.168966e-005, 0.111634766, -0.000592260742, -0.15957229, 0, 0, 0, 0, 0, 0, 0, 0.194698584, 0.0402279785, -0.146050049, 0, 0, 0, 0, 0, 0, 0, 1, 1, 1, 
132.949422, 0.1, 0.1, 0.112835171, 0.171439338, -0.0199689663, 0.813333244, 1.33261541e-005, 0.581798104, 0.581798104, 1.95326361e-005, -0.813333244, -2.22026548e-005, 1, 8.13341104e-006, 0.813332802, -7.68694489e-007, 0.581798722, 0.581798722, 2.28302721e-005, -0.813332802, -1.26574187e-005, 1, 1.90158346e-005, 0.111634766, -0.000592260742, -0.15957229, 0, 0, 0, 0, 0, 0, 0, 0.194698584, 0.0402279785, -0.146050049, 0, 0, 0, 0, 0, 0, 0, 1, 1, 1, 
132.950123, 0.1, 0.1, 0.112835168, 0.171439335, -0.0199690925, 0.81333546, -2.0666379e-005, 0.581795007, 0.581795007, -2.41571451e-006, -0.81333546, 1.82141495e-005, 1, 1.00588098e-005, 0.813335023, -9.9810498e-006, 0.581795618, 0.581795618, -1.89770135e-005, -0.813335023, 1.91586807e-005, 1, -9.62773869e-006, 0.111634766, -0.000592260742, -0.15957229, 0, 0, 0, 0, 0, 0, 0, 0.194698584, 0.0402279785, -0.146050049, 0, 0, 0, 0, 0, 0, 0, 1, 1, 1, 
132.950831, 0.1, 0.1, 0.112835164, 0.171439327, -0.0199692523, 0.813337694, 2.01465977e-005, 0.581791883, 0.581791883, -1.12317048e-005, -0.813337694, -9.85147266e-006, 1, -2.08562959e-005, 0.813337247, 2.36405044e-005, 0.581792508, 0.581792508, 2.89651166e-006, -0.813337247, -2.09128715e-005, 1, -1.13980275e-005, 0.111634766, -0.000592260742, -0.15957229, 0, 0, 0, 0, 0, 0, 0, 0.194698584, 0.0402279785, -0.146050049, 0, 0, 0, 0, 0, 0, 0, 1, 1, 1, 
132.95155, 0.1, 0.1, 0.112835164, 0.171439322, -0.0199693151, 0.81333996, -2.01777233e-006, 0.581788716, 0.581788716, 2.34190838e-005, -0.813339959, -1.19838238e-005, 1, 2.02215939e-005, 0.813339515, -1.85732685e-005, 0.581789337, 0.581789337, 1.2809908e-005, -0.813339515, 7.65370536e-006, 1, 2.1224534e-005, 0.112124316, -0.00312348633, -0.159349658, 0, 0, 0, 0, 0, 0, 0, 0.194698584, 0.0402279785, -0.146050049, 0, 0, 0, 0, 0, 0, 0, 1, 1, 1, 
132.952272, 0.1, 0.1, 0.11283516, 0.171439317, -0.0199690616, 0.813342241, -1.15565305e-005, 0.581785526, 0.581785526, -1.88886681e-005, -0.813342241, 2.03885681e-005, 1, -8.63952943e-006, 0.813341791, 2.96234328e-006, 0.581786156, 0.581786156, -2.22433834e-005, -0.813341791, 1.0531495e-005, 1, -1.98149236e-005, 0.112124316, -0.00312348633, -0.159349658, 0, 0, 0, 0, 0, 0, 0, 0.194811328, 0.0379536621, -0.145861719, 0, 0, 0, 0, 0, 0, 0, 1, 1, 1, 
132.95298, 0.1, 0.1, 0.112835158, 0.171439309, -0.0199688308, 0.813344477, 2.19447405e-005, 0.581782401, 0.581782401, 2.55189016e-006, -0.813344477, -1.93332783e-005, 1, -1.06914981e-005, 0.813344034, 1.13113219e-005, 0.58178302, 0.581783019, 1.95891978e-005, -0.813344034, -2.05966588e-005, 1, 9.35202214e-006, 0.112124316, -0.00312348633, -0.159349658, 0, 0, 0, 0, 0, 0, 0, 0.194811328, 0.0379536621, -0.145861719, 0, 0, 0, 0, 0, 0, 0, 1, 1, 1, 
132.953689, 0.1, 0.1, 0.112835158, 0.171439306, -0.0199686853, 0.813346718, -2.11221876e-005, 0.581779268, 0.581779268, 1.13183036e-005, -0.813346718, 1.05949076e-005, 1, 2.1494156e-005, 0.813346275, -2.44561042e-005, 0.581779886, 0.581779886, -2.83791281e-006, -0.813346275, 2.15423219e-005, 1, 1.19198637e-005, 0.112124316, -0.00312348633, -0.159349658, 0, 0, 0, 0, 0, 0, 0, 0.194811328, 0.0379536621, -0.145861719, 0, 0, 0, 0, 0, 0, 0, 1, 1, 1, 
132.954414, 0.1, 0.1, 0.112835154, 0.1714393, -0.0199686057, 0.813349012, 3.15415276e-007, 0.58177606, 0.58177606, -2.49666655e-005, -0.813349012, 1.42684656e-005, 1, -2.04901138e-005, 0.81334856, 1.75858848e-005, 0.581776692, 0.581776692, -1.39780769e-005, -0.81334856, -6.17133474e-006, 1, -2.16001066e-005, 0.112124316, -0.00312348633, -0.159349658, 0, 0, 0, 0, 0, 0, 0, 0.195168799, 0.0357044922, -0.145658496, 0, 0, 0, 0, 0, 0, 0, 1, 1, 1, 
132.95512, 0.1, 0.1, 0.112835154, 0.171439294, -0.0199685514, 0.813351256, 1.0128748e-005, 0.581772923, 0.581772923, 1.82837281e-005, -0.813351256, -1.88752079e-005, 1, 8.97846185e-006, 0.81335081, -4.35114271e-006, 0.581773547, 0.581773547, 2.15107604e-005, -0.81335081, -8.9753859e-006, 1, 2.00271741e-005, 0.112124316, -0.00312348633, -0.159349658, 0, 0, 0, 0, 0, 0, 0, 0.195168799, 0.0357044922, -0.145658496, 0, 0, 0, 0, 0, 0, 0, 1, 1, 1, 
132.955827, 0.1, 0.1, 0.112835151, 0.171439291, -0.0199686757, 0.813353504, -2.29684758e-005, 0.58176978, 0.58176978, -3.16647807e-006, -0.813353504, 2.05236515e-005, 1, 1.07868991e-005, 0.813353057, -1.22211844e-005, 0.581770405, 0.581770405, -2.04289175e-005, -0.813353057, 2.18250773e-005, 1, -9.50599909e-006, 0.112124316, -0.00312348633, -0.159349658, 0, 0, 0, 0, 0, 0, 0, 0.195168799, 0.0357044922, -0.145658496, 0, 0, 0, 0, 0, 0, 0, 1, 1, 1, 
132.956545, 0.1, 0.1, 0.112835148, 0.171439284, -0.0199689244, 0.813355786, 1.9600389e-005, 0.58176659, 0.581766591, -1.21458606e-005, -0.813355786, -8.87603391e-006, 1, -2.12817575e-005, 0.813355302, 2.30394037e-005, 0.581767267, 0.581767267, 2.91491384e-006, -0.813355302, -2.04350226e-005, 1, -1.10327103e-005, 0.112124316, -0.00312348633, -0.159349658, 0, 0, 0, 0, 0, 0, 0, 0.195168799, 0.0357044922, -0.145658496, 0, 0, 0, 0, 0, 0, 0, 1, 1, 1, 
132.95726, 0.1, 0.1, 0.112835148, 0.171439279, -0.0199690896, 0.813358054, -1.18182908e-006, 0.58176342, 0.581763419, 2.3123502e-005, -0.813358054, -1.24911574e-005, 1, 1.94952315e-005, 0.813357589, -1.87592484e-005, 0.58176407, 0.58176407, 1.17343812e-005, -0.813357589, 8.43133567e-006, 1, 2.04577047e-005, 0.112467041, -0.00582485352, -0.159517847, 0, 0, 0, 0, 0, 0, 0, 0.195168799, 0.0357044922, -0.145658496, 0, 0, 0, 0, 0, 0, 0, 1, 1, 1, 
132.957968, 0.1, 0.1, 0.112835144, 0.171439275, -0.0199691756, 0.81336031, -9.81372364e-006, 0.581760265, 0.581760265, -1.77905259e-005, -0.81336031, 1.83319144e-005, 1, -8.76087316e-006, 0.813359862, 4.2727742e-006, 0.581760891, 0.581760891, -2.12234507e-005, -0.813359862, 8.87167058e-006, 1, -1.97480359e-005, 0.112467041, -0.00582485352, -0.159517847, 0, 0, 0, 0, 0, 0, 0, 0.195168799, 0.0357044922, -0.145658496, 0, 0, 0, 0, 0, 0, 0, 1, 1, 1, 
132.958676, 0.1, 0.1, 0.112835142, 0.171439267, -0.0199692475, 0.813362557, 2.36556144e-005, 0.581757123, 0.581757123, 4.09119012e-006, -0.813362557, -2.162067e-005, 1, -1.04342013e-005, 0.813362109, 1.30231785e-005, 0.581757749, 0.581757749, 2.09225735e-005, -0.813362109, -2.27644292e-005, 1, 9.44129354e-006, 0.112467041, -0.00582485352, -0.159517847, 0, 0, 0, 0, 0, 0, 0, 0.195168799, 0.0357044922, -0.145658496, 0, 0, 0, 0, 0, 0, 0, 1, 1, 1, 
132.959407, 0.1, 0.1, 0.112835141, 0.171439263, -0.0199691619, 0.813364874, -1.9202074e-005, 0.581753884, 0.581753884, 1.44894821e-005, -0.813364874, 7.18897996e-006, 1, 2.29561169e-005, 0.813364388, -2.2785182e-005, 0.581754564, 0.581754564, -6.08799611e-007, -0.813364388, 1.88868275e-005, 1, 1.27602077e-005, 0.113276025, -0.00878962402, -0.159382617, 0, 0, 0, 0, 0, 0, 0, 0.195168799, 0.0357044922, -0.145658496, 0, 0, 0, 0, 0, 0, 0, 1, 1, 1, 
132.960111, 0.1, 0.1, 0.112835137, 0.171439257, -0.019968908, 0.81336711, 2.17092017e-006, 0.581750758, 0.581750758, -2.08626354e-005, -0.81336711, 1.03710989e-005, 1, -1.82319159e-005, 0.813366665, 1.91536682e-005, 0.58175138, 0.58175138, -9.78583704e-006, -0.813366665, -9.88603101e-006, 1, -1.91021465e-005, 0.113276025, -0.00878962402, -0.159382617, 0, 0, 0, 0, 0, 0, 0, 0.195672021, 0.03298125, -0.145353125, 0, 0, 0, 0, 0, 0, 0, 1, 1, 1, 
132.960821, 0.1, 0.1, 0.112835137, 0.171439251, -0.0199687253, 0.813369363, 1.09600391e-005, 0.581747608, 0.581747607, 1.98771047e-005, -0.813369363, -2.04780182e-005, 1, 9.79145149e-006, 0.813368916, -3.3323557e-006, 0.581748233, 0.581748233, 2.36257848e-005, -0.813368916, -1.1033824e-005, 1, 2.1155071e-005, 0.113276025, -0.00878962402, -0.159382617, 0, 0, 0, 0, 0, 0, 0, 0.195672021, 0.03298125, -0.145353125, 0, 0, 0, 0, 0, 0, 0, 1, 1, 1, 
132.961529, 0.1, 0.1, 0.112835135, 0.171439248, -0.0199686766, 0.813371611, -2.34864978e-005, 0.581744464, 0.581744464, -3.70112117e-006, -0.813371611, 2.12563573e-005, 1, 1.06527532e-005, 0.813371164, -1.26168733e-005, 0.581745089, 0.581745089, -2.05261609e-005, -0.813371164, 2.22031943e-005, 1, -9.3555833e-006, 0.113276025, -0.00878962402, -0.159382617, 0, 0, 0, 0, 0, 0, 0, 0.195672021, 0.03298125, -0.145353125, 0, 0, 0, 0, 0, 0, 0, 1, 1, 1, 
132.962236, 0.1, 0.1, 0.112835132, 0.171439242, -0.0199688024, 0.813373849, 1.89245259e-005, 0.581741336, 0.581741336, -1.38648541e-005, -0.813373849, -7.32695567e-006, 1, -2.22864887e-005, 0.813373401, 2.22062674e-005, 0.581741962, 0.581741962, 4.53105874e-007, -0.813373401, -1.83255779e-005, 1, -1.25497733e-005, 0.113276025, -0.00878962402, -0.159382617, 0, 0, 0, 0, 0, 0, 0, 0.195672021, 0.03298125, -0.145353125, 0, 0, 0, 0, 0, 0, 0, 1, 1, 1, 
132.962941, 0.1, 0.1, 0.112835132, 0.171439238, -0.0199690128, 0.813376092, -2.92992049e-006, 0.5817382, 0.5817382, 1.99164171e-005, -0.813376092, -9.20301337e-006, 1, 1.79039842e-005, 0.813375647, -1.982614e-005, 0.581738822, 0.581738822, 9.0511719e-006, -0.813375647, 1.08606814e-005, 1, 1.88956381e-005, 0.113276025, -0.00878962402, -0.159382617, 0, 0, 0, 0, 0, 0, 0, 0.195672021, 0.03298125, -0.145353125, 0, 0, 0, 0, 0, 0, 0, 1, 1, 1, 
132.963651, 0.1, 0.1, 0.112835129, 0.171439235, -0.0199692467, 0.813378343, -1.12831939e-005, 0.581735053, 0.581735052, -2.08866112e-005, -0.813378343, 2.13279794e-005, 1, -1.04248878e-005, 0.813377893, 2.79420588e-006, 0.581735682, 0.581735682, -2.4442652e-005, -0.813377893, 1.19464175e-005, 1, -2.15066021e-005, 0.113276025, -0.00878962402, -0.159382617, 0, 0, 0, 0, 0, 0, 0, 0.195672021, 0.03298125, -0.145353125, 0, 0, 0, 0, 0, 0, 0, 1, 1, 1, 
132.964371, 0.1, 0.1, 0.112835127, 0.171439228, -0.0199693679, 0.813380623, 2.38066149e-005, 0.581731864, 0.581731864, 1.48575162e-006, -0.813380623, -2.02281483e-005, 1, -1.26405849e-005, 0.813380172, 1.30256933e-005, 0.581732495, 0.581732495, 1.81140617e-005, -0.813380172, -2.1132379e-005, 1, 7.15614951e-006, 0.114022021, -0.0113160889, -0.15942522, 0, 0, 0, 0, 0, 0, 0, 0.195672021, 0.03298125, -0.145353125, 0, 0, 0, 0, 0, 0, 0, 1, 1, 1, 
132.965093, 0.1, 0.1, 0.112835126, 0.171439226, -0.0199691279, 0.813382913, -1.82754222e-005, 0.581728663, 0.581728663, 1.13272998e-005, -0.813382913, 8.27550121e-006, 1, 1.9844769e-005, 0.813382465, -2.16082094e-005, 0.581729288, 0.581729288, -3.11510983e-006, -0.813382465, 1.93878892e-005, 1, 1.00363526e-005, 0.114022021, -0.0113160889, -0.15942522, 0, 0, 0, 0, 0, 0, 0, 0.196041211, 0.0308654785, -0.145239258, 0, 0, 0, 0, 0, 0, 0, 1, 1, 1, 
132.965796, 0.1, 0.1, 0.112835122, 0.17143922, -0.0199689187, 0.813385142, 3.36355864e-006, 0.581725546, 0.581725546, -2.11479573e-005, -0.813385141, 9.56643839e-006, 1, -1.91581022e-005, 0.813384701, 2.02483078e-005, 0.581726162, 0.581726162, -1.06849263e-005, -0.813384701, -1.02539626e-005, 1, -2.0469926e-005, 0.114022021, -0.0113160889, -0.15942522, 0, 0, 0, 0, 0, 0, 0, 0.196041211, 0.0308654785, -0.145239258, 0, 0, 0, 0, 0, 0, 0, 1, 1, 1, 
132.966504, 0.1, 0.1, 0.112835122, 0.171439214, -0.0199688274, 0.813387384, 1.21553843e-005, 0.581722411, 0.58172241, 2.15901902e-005, -0.813387384, -2.24465337e-005, 1, 1.04901289e-005, 0.813386936, -2.02031801e-006, 0.581723037, 0.581723037, 2.49238627e-005, -0.813386936, -1.28554848e-005, 1, 2.14480099e-005, 0.114022021, -0.0113160889, -0.15942522, 0, 0, 0, 0, 0, 0, 0, 0.196041211, 0.0308654785, -0.145239258, 0, 0, 0, 0, 0, 0, 0, 1, 1, 1, 
132.967236, 0.1, 0.1, 0.11283512, 0.171439211, -0.0199686837, 0.813389693, -2.3719745e-005, 0.581719183, 0.581719183, 9.14634602e-008, -0.813389693, 1.92401901e-005, 1, 1.38726261e-005, 0.81338921, -1.18533092e-005, 0.581719858, 0.581719858, -1.83547734e-005, -0.81338921, 2.031869e-005, 1, -8.03426926e-006, 0.11458457, -0.0138084961, -0.159613672, 0, 0, 0, 0, 0, 0, 0, 0.196041211, 0.0308654785, -0.145239258, 0, 0, 0, 0, 0, 0, 0, 1, 1, 1, 
132.967945, 0.1, 0.1, 0.112835117, 0.171439204, -0.0199684814, 0.813391961, 1.87085287e-005, 0.581716011, 0.581716011, -9.22612227e-006, -0.813391961, -9.85038378e-006, 1, -1.83875044e-005, 0.813391515, 2.21597938e-005, 0.581716634, 0.581716635, 5.27271972e-006, -0.813391515, -2.1091817e-005, 1, -8.60193518e-006, 0.11458457, -0.0138084961, -0.159613672, 0, 0, 0, 0, 0, 0, 0, 0.196621924, 0.0285481934, -0.145095361, 0, 0, 0, 0, 0, 0, 0, 1, 1, 1, 
132.968652, 0.1, 0.1, 0.112835118, 0.1714392, -0.0199685071, 0.81339421, -3.76152771e-006, 0.581712866, 0.581712866, 2.41948991e-005, -0.81339421, -1.10148792e-005, 1, 2.18681199e-005, 0.813393765, -2.08614391e-005, 0.581713489, 0.581713489, 1.35543337e-005, -0.813393765, 9.08382572e-006, 1, 2.3160391e-005, 0.11458457, -0.0138084961, -0.159613672, 0, 0, 0, 0, 0, 0, 0, 0.196621924, 0.0285481934, -0.145095361, 0, 0, 0, 0, 0, 0, 0, 1, 1, 1, 
132.969364, 0.1, 0.1, 0.112835115, 0.171439197, -0.0199687291, 0.813396479, -1.2941534e-005, 0.581709694, 0.581709694, -1.93394474e-005, -0.813396479, 2.17765422e-005, 1, -8.20242266e-006, 0.813396009, 1.84582904e-006, 0.581710351, 0.581710351, -2.25523343e-005, -0.813396009, 1.16175363e-005, 1, -1.94177166e-005, 0.11458457, -0.0138084961, -0.159613672, 0, 0, 0, 0, 0, 0, 0, 0.196621924, 0.0285481934, -0.145095361, 0, 0, 0, 0, 0, 0, 0, 1, 1, 1, 
132.970071, 0.1, 0.1, 0.112835114, 0.17143919, -0.0199689818, 0.813398733, 2.14660922e-005, 0.581706541, 0.581706541, 1.90830894e-006, -0.813398733, -1.8570568e-005, 1, -1.09347502e-005, 0.813398287, 1.05007611e-005, 0.581707165, 0.581707165, 1.89361768e-005, -0.813398287, -1.95566109e-005, 1, 9.29428581e-006, 0.11458457, -0.0138084961, -0.159613672, 0, 0, 0, 0, 0, 0, 0, 0.196621924, 0.0285481934, -0.145095361, 0, 0, 0, 0, 0, 0, 0, 1, 1, 1, 
132.970779, 0.1, 0.1, 0.112835113, 0.171439188, -0.0199692712, 0.813400986, -1.93074342e-005, 0.581703391, 0.581703391, 9.58374098e-006, -0.813400986, 1.01297914e-005, 1, 1.90266243e-005, 0.813400541, -2.27890689e-005, 0.581704014, 0.581704014, -4.24983882e-006, -0.813400541, 2.10087892e-005, 1, 9.79967165e-006, 0.11458457, -0.0138084961, -0.159613672, 0, 0, 0, 0, 0, 0, 0, 0.196621924, 0.0285481934, -0.145095361, 0, 0, 0, 0, 0, 0, 0, 1, 1, 1, 
132.971489, 0.1, 0.1, 0.112835109, 0.171439184, -0.0199695018, 0.813403241, 3.1155384e-006, 0.581700238, 0.581700238, -2.4257913e-005, -0.813403241, 1.15766447e-005, 1, -2.15437744e-005, 0.81340279, 1.97557759e-005, 0.581700869, 0.58170087, -1.35407328e-005, -0.813402789, -8.19274719e-006, 1, -2.25060219e-005, 0.11458457, -0.0138084961, -0.159613672, 0, 0, 0, 0, 0, 0, 0, 0.196621924, 0.0285481934, -0.145095361, 0, 0, 0, 0, 0, 0, 0, 1, 1, 1, 
132.972209, 0.1, 0.1, 0.112835109, 0.171439179, -0.0199695189, 0.813405519, 1.38588375e-005, 0.581697053, 0.581697052, 1.80812428e-005, -0.813405519, -2.17906605e-005, 1, 6.64573781e-006, 0.813405074, -2.96575212e-008, 0.581697675, 0.581697675, 2.13092197e-005, -0.813405074, -1.23714e-005, 1, 1.73502791e-005, 0.115162744, -0.0167589844, -0.15965481, 0, 0, 0, 0, 0, 0, 0, 0.196621924, 0.0285481934, -0.145095361, 0, 0, 0, 0, 0, 0, 0, 1, 1, 1, 
132.972931, 0.1, 0.1, 0.112835106, 0.171439177, -0.0199691411, 0.813407808, -1.98387104e-005, 0.581693852, 0.581693852, -4.0408045e-006, -0.813407809, 1.84874731e-005, 1, 8.25323394e-006, 0.813407363, -8.93670846e-006, 0.581694475, 0.581694474, -2.11425742e-005, -0.813407363, 1.95677031e-005, 1, -1.19990916e-005, 0.115162744, -0.0167589844, -0.15965481, 0, 0, 0, 0, 0, 0, 0, 0.196885059, 0.0255587402, -0.145033984, 0, 0, 0, 0, 0, 0, 0, 1, 1, 1, 
132.973642, 0.1, 0.1, 0.112835103, 0.171439171, -0.0199687723, 0.813410059, 2.1102102e-005, 0.581690704, 0.581690704, -1.24231017e-005, -0.813410059, -9.93825928e-006, 1, -2.23799725e-005, 0.813409613, 2.48587809e-005, 0.581691328, 0.581691328, 1.59349835e-006, -0.813409613, -2.11472955e-005, 1, -1.31639704e-005, 0.115162744, -0.0167589844, -0.15965481, 0, 0, 0, 0, 0, 0, 0, 0.196885059, 0.0255587402, -0.145033984, 0, 0, 0, 0, 0, 0, 0, 1, 1, 1, 
