time, realDorsalTactorPos, realVentralTactorPos, boxPosX, boxPosY, boxPosZ, boxLocalRot_11, boxLocalRot_12, boxLocalRot_13, boxLocalRot_21, boxLocalRot_22, boxLocalRot_23, boxLocalRot_31, boxLocalRot_32, boxLocalRot_33, boxGlobalRot_11, boxGlobalRot_12, boxGlobalRot_13], boxGlobalRot_21, boxGlobalRot_22, boxGlobalRot_23, boxGlobalRot_31, boxGlobalRot_32, boxGlobalRot_33, indexPosX, indexPosY, indexPosZ, indexContact, indexForceX, indexForceY, indexForceZ, indexForceGlobalX, indexForceGlobalY, indexForceGlobalZ, thumbPosX, thumbPosY, thumbPosZ, thumbContact, thumbForceX, thumbForceY, thumbForceZ, thumbForceGlobalX, thumbForceGlobalY, thumbForceGlobalZ, hoopSuccess, targetSuccess, trialSuccess, 
112.718824, 0.1, 0.1, 0.0952323955, 0.195847508, -0.0199739678, 0.676728611, -1.58296764e-005, 0.736232563, 0.73623256, -8.33530263e-005, -0.676728609, 7.20796071e-005, 0.999999996, -4.47530545e-005, 0.676728765, -2.27023401e-005, 0.736232422, 0.736232418, -8.08248488e-005, -0.676728764, 7.48692007e-005, 0.999999996, -3.79823013e-005, 0.141145874, -0.0744705566, -0.180466162, 0, 0, 0, 0, 0, 0, 0, 0.218651807, -0.020605127, -0.149644189, 0, 0, 0, 0, 0, 0, 0, 1, 1, 1, 
112.728741, 0.1, 0.1, 0.0952324326, 0.195847419, -0.0199584689, 0.676722862, -2.86816052e-005, 0.736237846, 0.736237844, -6.44577625e-005, -0.676722863, 6.68657422e-005, 0.999999998, -2.25035584e-005, 0.676723015, -2.43190287e-005, 0.736237707, 0.736237705, -5.76277961e-005, -0.676723015, 5.88850028e-005, 0.999999998, -2.109347e-005, 0.142571826, -0.0804250977, -0.177421753, 0, 0, 0, 0, 0, 0, 0, 0.218533545, -0.0268475098, -0.146975684, 0, 0, 0, 0, 0, 0, 0, 1, 1, 1, 
112.729442, 0.1, 0.1, 0.0952324362, 0.195847413, -0.0199630049, 0.676722352, 3.8672218e-005, 0.736238315, 0.736238314, 4.65279978e-005, -0.676722353, -6.04260491e-005, 0.999999998, 3.01456748e-006, 0.676722396, 9.33505838e-006, 0.736238276, 0.736238275, 3.55285993e-005, -0.676722396, -3.24747577e-005, 0.999999999, 1.71701715e-005, 0.142571826, -0.0804250977, -0.177421753, 0, 0, 0, 0, 0, 0, 0, 0.218533545, -0.0268475098, -0.146975684, 0, 0, 0, 0, 0, 0, 0, 1, 1, 1, 
112.730145, 0.1, 0.1, 0.0952324267, 0.195847404, -0.0199691815, 0.676722379, 1.84936954e-005, 0.736238291, 0.736238291, 2.9974154e-006, -0.676722379, -1.47219095e-005, 1, -1.15873486e-005, 0.676722353, 5.20032692e-005, 0.736238313, 0.736238314, 1.42474553e-005, -0.676722355, -4.56812973e-005, 0.999999999, -2.86452278e-005, 0.142571826, -0.0804250977, -0.177421753, 0, 0, 0, 0, 0, 0, 0, 0.218533545, -0.0268475098, -0.146975684, 0, 0, 0, 0, 0, 0, 0, 1, 1, 1, 
112.730873, 0.1, 0.1, 0.0952324426, 0.195847404, -0.0199748908, 0.676722476, -7.70535731e-005, 0.736238198, 0.736238198, -3.70689763e-005, -0.676722479, 7.94354814e-005, 0.999999996, 3.16443744e-005, 0.676722469, -8.50766487e-005, 0.736238204, 0.736238204, -3.36750677e-005, -0.676722473, 8.23661514e-005, 0.999999996, 3.98480041e-005, 0.143099829, -0.0820061035, -0.176628613, 0, 0, 0, 0, 0, 0, 0, 0.218465039, -0.0283331055, -0.146580225, 0, 0, 0, 0, 0, 0, 0, 1, 1, 1, 
112.731576, 0.1, 0.1, 0.095232445, 0.195847404, -0.0199783824, 0.676722331, 4.33311713e-005, 0.736238334, 0.736238334, 1.1985184e-005, -0.676722332, -3.81471232e-005, 0.999999999, -2.37914277e-005, 0.676722404, 2.73777823e-005, 0.736238268, 0.736238268, -7.16298994e-006, -0.676722404, -1.32534913e-005, 1, -2.50039268e-005, 0.143099829, -0.0820061035, -0.176628613, 0, 0, 0, 0, 0, 0, 0, 0.218465039, -0.0283331055, -0.146580225, 0, 0, 0, 0, 0, 0, 0, 1, 1, 1, 
112.73228, 0.1, 0.1, 0.095232441, 0.195847389, -0.0199790187, 0.676721767, 3.65314913e-006, 0.736238854, 0.736238853, 5.22265504e-005, -0.676721766, -4.09233811e-005, 0.999999999, 3.26532531e-005, 0.676721904, 1.74809219e-005, 0.736238728, 0.736238726, 5.98948677e-005, -0.676721903, -5.5926644e-005, 0.999999998, 2.76620372e-005, 0.143099829, -0.0820061035, -0.176628613, 0, 0, 0, 0, 0, 0, 0, 0.218465039, -0.0283331055, -0.146580225, 0, 0, 0, 0, 0, 0, 0, 1, 1, 1, 
112.73298, 0.1, 0.1, 0.0952324457, 0.195847387, -0.0199767846, 0.67672089, -5.16676866e-006, 0.73623966, 0.736239659, -5.09513847e-005, -0.676720889, 4.10088904e-005, 0.999999999, -3.06758864e-005, 0.676721088, -1.38191075e-005, 0.736239478, 0.736239477, -3.96045992e-005, -0.676721088, 3.85101509e-005, 0.999999999, -1.6627095e-005, 0.143099829, -0.0820061035, -0.176628613, 0, 0, 0, 0, 0, 0, 0, 0.218465039, -0.0283331055, -0.146580225, 0, 0, 0, 0, 0, 0, 0, 1, 1, 1, 
112.73371, 0.1, 0.1, 0.0952324461, 0.195847386, -0.019972079, 0.676719753, -8.09510348e-006, 0.736240705, 0.736240705, 2.73516757e-005, -0.676719753, -1.46593005e-005, 1, 2.44693639e-005, 0.676719996, 1.08066455e-005, 0.736240482, 0.736240482, 7.24395449e-006, -0.676719996, -1.26463657e-005, 1, -3.05416105e-006, 0.143612207, -0.0833638672, -0.176041748, 0, 0, 0, 0, 0, 0, 0, 0.218594873, -0.0298287109, -0.145938086, 0, 0, 0, 0, 0, 0, 0, 1, 1, 1, 
112.73442, 0.1, 0.1, 0.0952324531, 0.195847377, -0.019966934, 0.676718423, 3.63862928e-006, 0.736241928, 0.736241928, 4.94543434e-006, -0.676718423, -6.10336358e-006, 1, 6.67755093e-007, 0.676718692, -2.54397754e-005, 0.73624168, 0.73624168, 1.1590087e-005, -0.676718692, 8.68246646e-006, 1, 2.65730515e-005, 0.143612207, -0.0833638672, -0.176041748, 0, 0, 0, 0, 0, 0, 0, 0.218594873, -0.0298287109, -0.145938086, 0, 0, 0, 0, 0, 0, 0, 1, 1, 1, 
112.735123, 0.1, 0.1, 0.0952324481, 0.195847381, -0.0199628561, 0.676717482, 2.20471493e-005, 0.736242792, 0.736242792, -4.24433836e-005, -0.676717481, 1.6328944e-005, 0.999999999, -4.49542344e-005, 0.676717636, 3.06453393e-005, 0.73624265, 0.73624265, -5.78265136e-005, -0.676717634, 2.18361041e-005, 0.999999998, -6.16946274e-005, 0.143612207, -0.0833638672, -0.176041748, 0, 0, 0, 0, 0, 0, 0, 0.218594873, -0.0298287109, -0.145938086, 0, 0, 0, 0, 0, 0, 0, 1, 1, 1, 
112.735835, 0.1, 0.1, 0.0952324553, 0.195847371, -0.0199608621, 0.676716622, -4.73940193e-005, 0.736243582, 0.736243583, 3.71451995e-005, -0.676716621, 4.72440591e-006, 0.999999998, 6.00303165e-005, 0.676716794, -4.41576706e-005, 0.736243423, 0.736243424, 4.44195341e-005, -0.676716793, -2.82135258e-006, 0.999999998, 6.25702393e-005, 0.143612207, -0.0833638672, -0.176041748, 0, 0, 0, 0, 0, 0, 0, 0.218594873, -0.0298287109, -0.145938086, 0, 0, 0, 0, 0, 0, 0, 1, 1, 1, 
112.736539, 0.1, 0.1, 0.095232454, 0.195847368, -0.019961591, 0.676715907, 3.61822926e-005, 0.73624424, 0.736244241, -4.62336202e-005, -0.676715905, 9.55410363e-006, 0.999999998, -5.79260308e-005, 0.676715998, 4.18863993e-005, 0.736244155, 0.736244156, -2.43366946e-005, -0.676715998, -1.04274473e-005, 0.999999999, -4.73076473e-005, 0.143612207, -0.0833638672, -0.176041748, 0, 0, 0, 0, 0, 0, 0, 0.218594873, -0.0298287109, -0.145938086, 0, 0, 0, 0, 0, 0, 0, 1, 1, 1, 
112.737239, 0.1, 0.1, 0.0952324553, 0.195847365, -0.0199646029, 0.676715495, -3.64446291e-005, 0.736244618, 0.736244619, 2.95576136e-005, -0.676715494, 2.90101127e-006, 0.999999999, 4.68342572e-005, 0.676715605, -1.36234946e-005, 0.736244518, 0.736244518, 1.8830343e-005, -0.676715604, -4.64450546e-006, 1, 2.27730101e-005, 0.143612207, -0.0833638672, -0.176041748, 0, 0, 0, 0, 0, 0, 0, 0.218594873, -0.0298287109, -0.145938086, 0, 0, 0, 0, 0, 0, 0, 1, 1, 1, 
112.737955, 0.1, 0.1, 0.0952324619, 0.195847356, -0.0199688875, 0.676715002, 1.47886025e-005, 0.736245072, 0.736245072, 3.29412236e-006, -0.676715002, -1.24329505e-005, 1, -8.65885371e-006, 0.676715082, -9.73306751e-006, 0.736244999, 0.736244999, 2.25460562e-005, -0.676715081, -1.00129075e-005, 1, 2.24231785e-005, 0.144167188, -0.0849115479, -0.175653711, 0, 0, 0, 0, 0, 0, 0, 0.218594873, -0.0298287109, -0.145938086, 0, 0, 0, 0, 0, 0, 0, 1, 1, 1, 
112.738672, 0.1, 0.1, 0.0952324599, 0.195847357, -0.0199727706, 0.676714837, 6.70301977e-006, 0.736245224, 0.736245224, -1.20470586e-005, -0.676714837, 4.33355639e-006, 1, -1.30874896e-005, 0.676714854, 1.2897717e-005, 0.736245208, 0.736245208, -3.22466897e-005, -0.676714853, 1.50133941e-005, 0.999999999, -3.13176963e-005, 0.144167188, -0.0849115479, -0.175653711, 0, 0, 0, 0, 0, 0, 0, 0.218506348, -0.0315158203, -0.145495996, 0, 0, 0, 0, 0, 0, 0, 1, 1, 1, 
112.739376, 0.1, 0.1, 0.0952324635, 0.195847346, -0.0199753194, 0.676714741, -1.65513771e-005, 0.736245312, 0.736245312, 2.26880842e-005, -0.67671474, -5.50343478e-006, 1, 2.75392348e-005, 0.676714767, -1.43782744e-005, 0.736245288, 0.736245288, 3.94206515e-005, -0.676714766, -1.92932783e-005, 0.999999999, 3.72624738e-005, 0.144167188, -0.0849115479, -0.175653711, 0, 0, 0, 0, 0, 0, 0, 0.218506348, -0.0315158203, -0.145495996, 0, 0, 0, 0, 0, 0, 0, 1, 1, 1, 
112.740081, 0.1, 0.1, 0.0952324649, 0.195847348, -0.0199758928, 0.676714459, 1.7544121e-005, 0.736245571, 0.736245571, -3.40953578e-005, -0.676714458, 1.32301958e-005, 0.999999999, -3.5989603e-005, 0.676714533, 1.0212862e-005, 0.736245503, 0.736245503, -4.38610408e-005, -0.676714532, 2.53813019e-005, 0.999999999, -3.72005775e-005, 0.144167188, -0.0849115479, -0.175653711, 0, 0, 0, 0, 0, 0, 0, 0.218506348, -0.0315158203, -0.145495996, 0, 0, 0, 0, 0, 0, 0, 1, 1, 1, 
112.740786, 0.1, 0.1, 0.0952324663, 0.195847341, -0.0199744663, 0.676713901, -2.67978372e-005, 0.736246083, 0.736246084, 2.38453366e-005, -0.676713901, 5.78433249e-007, 0.999999999, 3.58662735e-005, 0.676714039, -1.32624483e-005, 0.736245957, 0.736245957, 2.98720198e-005, -0.676714038, -1.30182688e-005, 0.999999999, 2.99792391e-005, 0.144167188, -0.0849115479, -0.175653711, 0, 0, 0, 0, 0, 0, 0, 0.218506348, -0.0315158203, -0.145495996, 0, 0, 0, 0, 0, 0, 0, 1, 1, 1, 
112.741489, 0.1, 0.1, 0.095232467, 0.195847337, -0.0199716382, 0.67671325, 3.52972101e-005, 0.736246681, 0.736246682, -2.66436288e-005, -0.67671325, -4.26980651e-006, 0.999999999, -4.40175505e-005, 0.676713349, 2.72055319e-005, 0.736246591, 0.736246591, -1.03166456e-005, -0.676713349, -1.08147514e-005, 1, -2.70113919e-005, 0.144167188, -0.0849115479, -0.175653711, 0, 0, 0, 0, 0, 0, 0, 0.218506348, -0.0315158203, -0.145495996, 0, 0, 0, 0, 0, 0, 0, 1, 1, 1, 
112.742189, 0.1, 0.1, 0.0952324661, 0.195847337, -0.0199683777, 0.676712902, -1.42990404e-005, 0.736247002, 0.736247002, 1.8779377e-005, -0.676712902, -4.14991491e-006, 1, 2.32358723e-005, 0.676712979, 7.49413568e-006, 0.736246931, 0.736246931, -5.30609251e-006, -0.676712979, -1.16478456e-006, 1, -9.10823607e-006, 0.144167188, -0.0849115479, -0.175653711, 0, 0, 0, 0, 0, 0, 0, 0.218506348, -0.0315158203, -0.145495996, 0, 0, 0, 0, 0, 0, 0, 1, 1, 1, 
112.742915, 0.1, 0.1, 0.0952324736, 0.195847327, -0.0199654082, 0.676712425, -1.63924854e-007, 0.736247441, 0.736247441, 1.53665835e-005, -0.676712425, -1.12026778e-005, 1, 1.05194472e-005, 0.676712521, -2.78057887e-005, 0.736247352, 0.736247352, 2.16865944e-005, -0.676712521, 2.84982769e-006, 0.999999999, 3.51475283e-005, 0.144092969, -0.0866716064, -0.175267627, 0, 0, 0, 0, 0, 0, 0, 0.218199219, -0.0331743652, -0.145035352, 0, 0, 0, 0, 0, 0, 0, 1, 1, 1, 
112.743616, 0.1, 0.1, 0.0952324697, 0.19584733, -0.0199637969, 0.676712268, 1.51380851e-005, 0.736247585, 0.736247585, -3.63794906e-005, -0.676712267, 1.65401842e-005, 0.999999999, -3.57638262e-005, 0.676712273, 2.38905637e-005, 0.73624758, 0.73624758, -5.01119749e-005, -0.676712272, 2.07277826e-005, 0.999999998, -5.15007582e-005, 0.144092969, -0.0866716064, -0.175267627, 0, 0, 0, 0, 0, 0, 0, 0.218199219, -0.0331743652, -0.145035352, 0, 0, 0, 0, 0, 0, 0, 1, 1, 1, 
112.744318, 0.1, 0.1, 0.0952324734, 0.195847317, -0.0199639808, 0.676712279, -2.37687862e-005, 0.736247575, 0.736247574, 6.59254161e-005, -0.676712276, -3.24527983e-005, 0.999999998, 6.21122498e-005, 0.676712286, -1.94840854e-005, 0.736247568, 0.736247568, 7.38789244e-005, -0.676712283, -4.12080586e-005, 0.999999997, 6.43398863e-005, 0.144092969, -0.0866716064, -0.175267627, 0, 0, 0, 0, 0, 0, 0, 0.218199219, -0.0331743652, -0.145035352, 0, 0, 0, 0, 0, 0, 0, 1, 1, 1, 
112.745019, 0.1, 0.1, 0.0952324768, 0.195847317, -0.0199657345, 0.676712072, 1.4561481e-005, 0.736247765, 0.736247764, -5.79610827e-005, -0.676712071, 3.28197876e-005, 0.999999998, -4.99438222e-005, 0.676712145, 2.42190832e-006, 0.736247698, 0.736247697, -5.43626179e-005, -0.676712144, 3.83854175e-005, 0.999999999, -3.85709682e-005, 0.144092969, -0.0866716064, -0.175267627, 0, 0, 0, 0, 0, 0, 0, 0.218199219, -0.0331743652, -0.145035352, 0, 0, 0, 0, 0, 0, 0, 1, 1, 1, 
112.745735, 0.1, 0.1, 0.0952324753, 0.195847312, -0.0199684191, 0.67671148, -1.5155345e-005, 0.736248309, 0.736248309, 3.90744381e-005, -0.676711479, -1.8512693e-005, 0.999999999, 3.7600218e-005, 0.676711634, 4.5813532e-006, 0.736248168, 0.736248167, 3.11510999e-005, -0.676711634, -2.60351952e-005, 1, 1.77072988e-005, 0.144092969, -0.0866716064, -0.175267627, 0, 0, 0, 0, 0, 0, 0, 0.217933594, -0.0348145996, -0.144584961, 0, 0, 0, 0, 0, 0, 0, 1, 1, 1, 
112.746477, 0.1, 0.1, 0.0952324839, 0.19584731, -0.0199710652, 0.676710439, -7.37247599e-006, 0.736249266, 0.736249266, -4.18784355e-005, -0.676710438, 3.58219989e-005, 0.999999999, -2.29115944e-005, 0.676710682, -3.4609509e-005, 0.736249041, 0.736249041, -2.58932666e-005, -0.676710683, 4.24845172e-005, 0.999999999, 7.95896771e-006, 0.144092969, -0.0866716064, -0.175267627, 0, 0, 0, 0, 0, 0, 0, 0.217933594, -0.0348145996, -0.144584961, 0, 0, 0, 0, 0, 0, 0, 1, 1, 1, 
112.747192, 0.1, 0.1, 0.0952324784, 0.19584731, -0.0199725234, 0.676709093, 2.41146625e-005, 0.736250503, 0.736250503, 3.04348862e-006, -0.676709093, -1.85593814e-005, 1, -1.5694876e-005, 0.676709372, 4.19338472e-005, 0.736250246, 0.736250246, -7.90844039e-006, -0.676709372, -2.25544363e-005, 0.999999999, -3.62255211e-005, 0.144092969, -0.0866716064, -0.175267627, 0, 0, 0, 0, 0, 0, 0, 0.217933594, -0.0348145996, -0.144584961, 0, 0, 0, 0, 0, 0, 0, 1, 1, 1, 
112.747927, 0.1, 0.1, 0.0952324874, 0.195847304, -0.0199725812, 0.676707562, -3.83690435e-005, 0.73625191, 0.73625191, 9.32785139e-007, -0.676707562, 2.5277857e-005, 0.999999999, 2.88805043e-005, 0.676707853, -5.07919295e-005, 0.736251641, 0.736251642, 3.96671564e-006, -0.676707854, 3.14507967e-005, 0.999999999, 4.00799491e-005, 0.1438552, -0.0886427002, -0.17447644, 0, 0, 0, 0, 0, 0, 0, 0.217933594, -0.0348145996, -0.144584961, 0, 0, 0, 0, 0, 0, 0, 1, 1, 1, 
112.748642, 0.1, 0.1, 0.0952324823, 0.195847302, -0.0199714297, 0.67670618, 4.86323201e-005, 0.736253179, 0.73625318, -9.39083038e-006, -0.67670618, -2.59957629e-005, 0.999999999, -4.21605333e-005, 0.676706436, 5.4074818e-005, 0.736252944, 0.736252945, -7.88863655e-006, -0.676706436, -3.07847455e-005, 0.999999999, -4.51510351e-005, 0.1438552, -0.0886427002, -0.17447644, 0, 0, 0, 0, 0, 0, 0, 0.217933594, -0.0348145996, -0.144584961, 0, 0, 0, 0, 0, 0, 0, 1, 1, 1, 
112.749367, 0.1, 0.1, 0.095232488, 0.195847297, -0.0199695065, 0.676705102, -4.86935686e-005, 0.73625417, 0.736254171, 2.34296148e-005, -0.676705102, 1.57010347e-005, 0.999999999, 5.17057829e-005, 0.676705282, -4.80603742e-005, 0.736254004, 0.736254005, 1.19223155e-005, -0.676705283, 2.37448566e-005, 0.999999999, 4.34525368e-005, 0.1438552, -0.0886427002, -0.17447644, 0, 0, 0, 0, 0, 0, 0, 0.217933594, -0.0348145996, -0.144584961, 0, 0, 0, 0, 0, 0, 0, 1, 1, 1, 
112.750091, 0.1, 0.1, 0.0952324903, 0.195847293, -0.0199674333, 0.676704464, 2.44773783e-005, 0.736254757, 0.736254758, -4.02551154e-005, -0.676704463, 1.30740691e-005, 0.999999999, -4.52624025e-005, 0.676704587, 9.92588703e-006, 0.736254644, 0.736254644, -2.19878216e-005, -0.676704587, 9.4717425e-006, 1, -2.21872402e-005, 0.1438552, -0.0886427002, -0.17447644, 0, 0, 0, 0, 0, 0, 0, 0.217933594, -0.0348145996, -0.144584961, 0, 0, 0, 0, 0, 0, 0, 1, 1, 1, 
112.750819, 0.1, 0.1, 0.0952324866, 0.195847292, -0.0199656864, 0.676703741, -1.97738145e-005, 0.736255422, 0.736255422, 1.30024682e-005, -0.676703741, 3.80787651e-006, 1, 2.3357397e-005, 0.676703903, 1.71696317e-005, 0.736255273, 0.736255273, 1.35964159e-006, -0.676703903, -1.26198001e-005, 1, -1.17211571e-005, 0.143822363, -0.0903905518, -0.174119531, 0, 0, 0, 0, 0, 0, 0, 0.217461328, -0.0366746582, -0.143919629, 0, 0, 0, 0, 0, 0, 0, 1, 1, 1, 
112.751534, 0.1, 0.1, 0.0952324934, 0.195847282, -0.019965061, 0.676703161, -1.72509901e-006, 0.736255956, 0.736255956, 1.54272557e-005, -0.676703161, -1.01910289e-005, 1, 1.17097871e-005, 0.676703245, -1.63860383e-005, 0.736255878, 0.736255878, 3.8042547e-005, -0.676703244, -1.69205636e-005, 0.999999999, 3.7807832e-005, 0.143822363, -0.0903905518, -0.174119531, 0, 0, 0, 0, 0, 0, 0, 0.217461328, -0.0366746582, -0.143919629, 0, 0, 0, 0, 0, 0, 0, 1, 1, 1, 
112.752248, 0.1, 0.1, 0.0952324882, 0.195847285, -0.0199656234, 0.67670273, 3.75987098e-005, 0.73625635, 0.736256351, -2.16208907e-005, -0.67670273, -9.52463149e-006, 0.999999999, -4.23132047e-005, 0.676702835, 4.53242404e-005, 0.736256253, 0.736256255, -3.39398915e-005, -0.676702835, -5.68258456e-006, 0.999999998, -5.63374763e-005, 0.143822363, -0.0903905518, -0.174119531, 0, 0, 0, 0, 0, 0, 0, 0.217461328, -0.0366746582, -0.143919629, 0, 0, 0, 0, 0, 0, 0, 1, 1, 1, 
112.752962, 0.1, 0.1, 0.0952324953, 0.195847279, -0.0199671397, 0.676702194, -3.84588687e-005, 0.736256843, 0.736256844, 3.0750974e-005, -0.676702193, 3.38458572e-006, 0.999999999, 4.91248569e-005, 0.676702279, -4.91356275e-005, 0.736256765, 0.736256766, 2.15858668e-005, -0.676702279, 1.73574507e-005, 0.999999999, 5.07836434e-005, 0.143822363, -0.0903905518, -0.174119531, 0, 0, 0, 0, 0, 0, 0, 0.217461328, -0.0366746582, -0.143919629, 0, 0, 0, 0, 0, 0, 0, 1, 1, 1, 
112.753679, 0.1, 0.1, 0.0952324916, 0.195847274, -0.0199690799, 0.67670207, 3.96869843e-005, 0.736256957, 0.736256958, -2.90765769e-005, -0.67670207, -5.44843237e-006, 0.999999999, -4.88959982e-005, 0.676702048, 4.55879186e-005, 0.736256977, 0.736256978, -9.26476764e-006, -0.676702048, -2.40281881e-005, 0.999999999, -3.98339105e-005, 0.143822363, -0.0903905518, -0.174119531, 0, 0, 0, 0, 0, 0, 0, 0.217461328, -0.0366746582, -0.143919629, 0, 0, 0, 0, 0, 0, 0, 1, 1, 1, 
112.754394, 0.1, 0.1, 0.0952324961, 0.195847276, -0.0199708225, 0.676702461, -4.15472477e-005, 0.736256598, 0.736256599, 5.47480468e-006, -0.676702461, 2.40842637e-005, 0.999999999, 3.42942491e-005, 0.676702344, -3.76839484e-005, 0.736256706, 0.736256706, -1.8078589e-005, -0.676702344, 3.88112986e-005, 0.999999999, 1.55112361e-005, 0.143822363, -0.0903905518, -0.174119531, 0, 0, 0, 0, 0, 0, 0, 0.217461328, -0.0366746582, -0.143919629, 0, 0, 0, 0, 0, 0, 0, 1, 1, 1, 
112.755121, 0.1, 0.1, 0.0952324947, 0.195847264, -0.0199718345, 0.676703345, 5.57468099e-005, 0.736255785, 0.736255784, 2.84140245e-005, -0.676703346, -5.86440427e-005, 0.999999998, -2.18160459e-005, 0.676703118, 3.43612388e-005, 0.736255994, 0.736255992, 4.97486202e-005, -0.676703119, -5.98800773e-005, 0.999999998, 8.36637848e-006, 0.143822363, -0.0903905518, -0.174119531, 0, 0, 0, 0, 0, 0, 0, 0.217461328, -0.0366746582, -0.143919629, 0, 0, 0, 0, 0, 0, 0, 1, 1, 1, 
112.75585, 0.1, 0.1, 0.0952324896, 0.195847265, -0.0199716087, 0.676704651, -9.1237408e-006, 0.736254586, 0.736254586, -3.0800564e-005, -0.67670465, 2.88511344e-005, 0.999999999, -1.41254889e-005, 0.676704365, 1.22068618e-005, 0.736254849, 0.736254849, -3.8736884e-005, -0.676704364, 2.0259782e-005, 0.999999999, -3.52007796e-005, 0.143978467, -0.092196875, -0.173196655, 0, 0, 0, 0, 0, 0, 0, 0.217496826, -0.038564502, -0.143104053, 0, 0, 0, 0, 0, 0, 0, 1, 1, 1, 
112.756574, 0.1, 0.1, 0.0952324961, 0.195847258, -0.0199704925, 0.67670627, -1.10938384e-005, 0.736253098, 0.736253098, 2.88572885e-005, -0.67670627, -1.3738998e-005, 1, 2.7695781e-005, 0.67670594, -2.02447461e-005, 0.736253401, 0.736253401, 3.7212873e-005, -0.676705939, -1.36983644e-005, 0.999999999, 4.00874354e-005, 0.143978467, -0.092196875, -0.173196655, 0, 0, 0, 0, 0, 0, 0, 0.217496826, -0.038564502, -0.143104053, 0, 0, 0, 0, 0, 0, 0, 1, 1, 1, 
112.757286, 0.1, 0.1, 0.0952324943, 0.195847261, -0.019968946, 0.676707822, 2.82447474e-005, 0.736251671, 0.736251671, -4.0330527e-005, -0.676707821, 1.05799764e-005, 0.999999999, -4.80872256e-005, 0.676707536, 2.34596276e-005, 0.736251934, 0.736251934, -5.0754201e-005, -0.676707534, 2.14925719e-005, 0.999999998, -5.16179464e-005, 0.143978467, -0.092196875, -0.173196655, 0, 0, 0, 0, 0, 0, 0, 0.217496826, -0.038564502, -0.143104053, 0, 0, 0, 0, 0, 0, 0, 1, 1, 1, 
112.758009, 0.1, 0.1, 0.0952324971, 0.195847254, -0.0199674877, 0.676708897, -5.11104228e-005, 0.736250681, 0.736250683, 2.38359744e-005, -0.676708897, 1.70376254e-005, 0.999999998, 5.37600996e-005, 0.676708731, -2.87538277e-005, 0.736250835, 0.736250836, 3.4014705e-005, -0.67670873, -5.58538872e-006, 0.999999999, 4.41880775e-005, 0.143978467, -0.092196875, -0.173196655, 0, 0, 0, 0, 0, 0, 0, 0.217496826, -0.038564502, -0.143104053, 0, 0, 0, 0, 0, 0, 0, 1, 1, 1, 
112.758724, 0.1, 0.1, 0.0952325007, 0.195847251, -0.0199664108, 0.676709487, 4.40393924e-005, 0.73625014, 0.736250141, -1.75911375e-005, -0.676709487, -1.68503972e-005, 0.999999999, -4.43280986e-005, 0.676709383, 2.10189676e-005, 0.736250237, 0.736250237, -1.0633336e-005, -0.676709383, -6.39493644e-006, 1, -2.26708982e-005, 0.143978467, -0.092196875, -0.173196655, 0, 0, 0, 0, 0, 0, 0, 0.217251465, -0.0398249023, -0.1422604, 0, 0, 0, 0, 0, 0, 0, 1, 1, 1, 
112.759441, 0.1, 0.1, 0.0952324989, 0.195847252, -0.0199661825, 0.676710124, -3.02406317e-005, 0.736249555, 0.736249555, 1.0113127e-007, -0.676710124, 2.03896838e-005, 1, 2.23330882e-005, 0.676709967, -6.84584711e-006, 0.7362497, 0.7362497, -2.51886309e-005, -0.676709967, 2.31777749e-005, 1, -1.20051447e-005, 0.143978467, -0.092196875, -0.173196655, 0, 0, 0, 0, 0, 0, 0, 0.217251465, -0.0398249023, -0.1422604, 0, 0, 0, 0, 0, 0, 0, 1, 1, 1, 
112.760165, 0.1, 0.1, 0.0952325038, 0.195847241, -0.0199667826, 0.676711148, 4.29202517e-006, 0.736248615, 0.736248615, 1.84635468e-005, -0.676711148, -1.6498222e-005, 1, 9.33449033e-006, 0.676710913, -8.28347068e-006, 0.73624883, 0.73624883, 4.46846573e-005, -0.676710912, -2.72935117e-005, 0.999999999, 3.63372908e-005, 0.143978467, -0.092196875, -0.173196655, 0, 0, 0, 0, 0, 0, 0, 0.217251465, -0.0398249023, -0.1422604, 0, 0, 0, 0, 0, 0, 0, 1, 1, 1, 
112.760877, 0.1, 0.1, 0.0952324987, 0.195847245, -0.0199678379, 0.676712121, 4.28133445e-005, 0.736247718, 0.736247719, -1.61634467e-005, -0.676712122, -1.70720084e-005, 0.999999999, -4.24592276e-005, 0.676711951, 3.89964962e-005, 0.736247875, 0.736247876, -3.96276336e-005, -0.67671195, 2.78636603e-006, 0.999999998, -5.55275808e-005, 0.144336816, -0.0937847168, -0.172257544, 0, 0, 0, 0, 0, 0, 0, 0.217251465, -0.0398249023, -0.1422604, 0, 0, 0, 0, 0, 0, 0, 1, 1, 1, 
112.761594, 0.1, 0.1, 0.0952325024, 0.195847238, -0.0199691839, 0.676712591, -4.47821771e-005, 0.736247287, 0.736247288, 1.43834124e-005, -0.676712591, 1.97149147e-005, 0.999999999, 4.27041928e-005, 0.676712538, -3.84793467e-005, 0.736247336, 0.736247337, 2.32289482e-005, -0.676712537, 8.93720514e-006, 0.999999999, 4.4049637e-005, 0.144336816, -0.0937847168, -0.172257544, 0, 0, 0, 0, 0, 0, 0, 0.217251465, -0.0398249023, -0.1422604, 0, 0, 0, 0, 0, 0, 0, 1, 1, 1, 
112.762304, 0.1, 0.1, 0.0952325016, 0.195847236, -0.0199703634, 0.676712752, 4.40174128e-005, 0.736247138, 0.73624714, -2.18950278e-005, -0.676712752, -1.3666993e-005, 0.999999999, -4.72243388e-005, 0.676712717, 3.87028476e-005, 0.736247171, 0.736247172, -1.5661943e-005, -0.676712717, -1.46596479e-005, 0.999999999, -3.90934981e-005, 0.144336816, -0.0937847168, -0.172257544, 0, 0, 0, 0, 0, 0, 0, 0.217251465, -0.0398249023, -0.1422604, 0, 0, 0, 0, 0, 0, 0, 1, 1, 1, 
112.763045, 0.1, 0.1, 0.0952325043, 0.195847236, -0.019970798, 0.676713107, -3.93277552e-005, 0.736246813, 0.736246814, 1.83118518e-005, -0.676713107, 1.31315649e-005, 0.999999999, 4.13468046e-005, 0.676713002, -3.29120453e-005, 0.73624691, 0.73624691, -2.71797299e-006, -0.676713002, 2.42731082e-005, 0.999999999, 2.2392104e-005, 0.144493408, -0.0951043945, -0.171883057, 0, 0, 0, 0, 0, 0, 0, 0.216937744, -0.0410003418, -0.142193262, 0, 0, 0, 0, 0, 0, 0, 1, 1, 1, 
112.76376, 0.1, 0.1, 0.0952325083, 0.195847228, -0.0199705291, 0.676713794, 6.10085539e-006, 0.736246183, 0.736246183, -1.79678232e-005, -0.676713794, 9.10020821e-006, 1, -1.66508053e-005, 0.676713644, -4.3232511e-006, 0.73624632, 0.73624632, 1.59175222e-005, -0.676713644, -8.79361415e-006, 1, 1.39545822e-005, 0.144493408, -0.0951043945, -0.171883057, 0, 0, 0, 0, 0, 0, 0, 0.216937744, -0.0410003418, -0.142193262, 0, 0, 0, 0, 0, 0, 0, 1, 1, 1, 
112.764495, 0.1, 0.1, 0.0952325044, 0.195847229, -0.0199696482, 0.676714376, 2.2567093e-005, 0.736245647, 0.736245647, 1.46939099e-005, -0.676714376, -2.60898035e-005, 1, -6.67134396e-006, 0.676714294, 3.27270642e-005, 0.736245722, 0.736245722, -6.91599881e-006, -0.676714295, -1.70549976e-005, 0.999999999, -2.87753162e-005, 0.144493408, -0.0951043945, -0.171883057, 0, 0, 0, 0, 0, 0, 0, 0.216937744, -0.0410003418, -0.142193262, 0, 0, 0, 0, 0, 0, 0, 1, 1, 1, 
112.765212, 0.1, 0.1, 0.0952325116, 0.195847221, -0.0199684324, 0.676714472, -3.50558799e-005, 0.736245558, 0.736245559, 9.97176642e-006, -0.676714472, 1.63811525e-005, 0.999999999, 3.25577745e-005, 0.676714481, -4.60597711e-005, 0.736245549, 0.736245551, 1.94497264e-005, -0.676714481, 1.68495396e-005, 0.999999999, 4.7073213e-005, 0.144493408, -0.0951043945, -0.171883057, 0, 0, 0, 0, 0, 0, 0, 0.216937744, -0.0410003418, -0.142193262, 0, 0, 0, 0, 0, 0, 0, 1, 1, 1, 
112.765926, 0.1, 0.1, 0.0952325054, 0.195847221, -0.0199674286, 0.676714385, 4.96495362e-005, 0.736245637, 0.736245639, -2.84256855e-005, -0.676714385, -1.26702684e-005, 0.999999998, -5.57903247e-005, 0.67671439, 5.85313367e-005, 0.736245632, 0.736245634, -2.207175e-005, -0.67671439, -2.33587683e-005, 0.999999998, -5.80297119e-005, 0.144493408, -0.0951043945, -0.171883057, 0, 0, 0, 0, 0, 0, 0, 0.216937744, -0.0410003418, -0.142193262, 0, 0, 0, 0, 0, 0, 0, 1, 1, 1, 
112.766649, 0.1, 0.1, 0.0952325088, 0.195847217, -0.0199668765, 0.676714628, -2.40323554e-005, 0.736245415, 0.736245415, 4.59048023e-005, -0.676714627, -1.75341538e-005, 0.999999999, 4.87581627e-005, 0.676714535, -3.16568255e-005, 0.7362455, 0.736245501, 2.40025265e-005, -0.676714535, 3.75088177e-006, 0.999999999, 3.95500539e-005, 0.144493408, -0.0951043945, -0.171883057, 0, 0, 0, 0, 0, 0, 0, 0.216937744, -0.0410003418, -0.142193262, 0, 0, 0, 0, 0, 0, 0, 1, 1, 1, 
112.76737, 0.1, 0.1, 0.0952325089, 0.195847212, -0.0199668727, 0.676715192, 2.46588629e-005, 0.736244897, 0.736244898, -4.40466171e-005, -0.67671519, 1.57420699e-005, 0.999999999, -4.79619769e-005, 0.67671508, 1.58370311e-005, 0.736245, 0.736245, -2.15093694e-005, -0.67671508, 5.11900794e-006, 1, -2.62156496e-005, 0.144493408, -0.0951043945, -0.171883057, 0, 0, 0, 0, 0, 0, 0, 0.216937744, -0.0410003418, -0.142193262, 0, 0, 0, 0, 0, 0, 0, 1, 1, 1, 
112.768111, 0.1, 0.1, 0.0952325041, 0.195847213, -0.0199671796, 0.676715581, 1.34133626e-006, 0.73624454, 0.73624454, 2.80552711e-005, -0.67671558, -2.15632433e-005, 1, 1.79978876e-005, 0.676715546, 2.80180053e-005, 0.736244571, 0.736244571, 7.41522291e-006, -0.676715547, -2.44196374e-005, 1, -1.56101077e-005, 0.144447754, -0.0968760498, -0.1715729, 0, 0, 0, 0, 0, 0, 0, 0.216486475, -0.0428350098, -0.141973926, 0, 0, 0, 0, 0, 0, 0, 1, 1, 1, 
112.76883, 0.1, 0.1, 0.0952325132, 0.195847207, -0.0199678861, 0.676715456, -2.21770386e-005, 0.736244655, 0.736244655, -5.1156678e-006, -0.676715456, 1.87739278e-005, 1, 1.28658747e-005, 0.676715503, -4.54309049e-005, 0.73624461, 0.736244611, 3.96433676e-006, -0.676715503, 2.78250761e-005, 0.999999999, 3.6130987e-005, 0.144447754, -0.0968760498, -0.1715729, 0, 0, 0, 0, 0, 0, 0, 0.216486475, -0.0428350098, -0.141973926, 0, 0, 0, 0, 0, 0, 0, 1, 1, 1, 
112.769546, 0.1, 0.1, 0.0952325082, 0.195847209, -0.0199688136, 0.676715267, 2.32333699e-005, 0.736244828, 0.736244828, -2.56974694e-005, -0.676715267, 3.19725279e-006, 0.999999999, -3.44953183e-005, 0.676715286, 3.31484181e-005, 0.73624481, 0.736244811, -3.38180813e-005, -0.676715285, 2.46634564e-006, 0.999999999, -4.72905634e-005, 0.144447754, -0.0968760498, -0.1715729, 0, 0, 0, 0, 0, 0, 0, 0.216486475, -0.0428350098, -0.141973926, 0, 0, 0, 0, 0, 0, 0, 1, 1, 1, 
112.770266, 0.1, 0.1, 0.0952325137, 0.195847202, -0.0199696894, 0.676715093, -3.37683838e-005, 0.736244988, 0.736244989, 3.34942776e-005, -0.676715092, -1.80841909e-006, 0.999999999, 4.75278866e-005, 0.676715132, -4.09972998e-005, 0.736244951, 0.736244952, 2.85156519e-005, -0.676715132, 6.74898835e-006, 0.999999999, 4.94810282e-005, 0.144447754, -0.0968760498, -0.1715729, 0, 0, 0, 0, 0, 0, 0, 0.216486475, -0.0428350098, -0.141973926, 0, 0, 0, 0, 0, 0, 0, 1, 1, 1, 
112.770983, 0.1, 0.1, 0.0952325134, 0.195847201, -0.0199702188, 0.676714857, 4.40358899e-005, 0.736245204, 0.736245205, -1.90329458e-005, -0.676714857, -1.57868259e-005, 0.999999999, -4.530109e-005, 0.676714937, 2.60771248e-005, 0.736245131, 0.736245132, -2.61448022e-005, -0.676714937, 1.60220345e-006, 0.999999999, -3.68917343e-005, 0.144447754, -0.0968760498, -0.1715729, 0, 0, 0, 0, 0, 0, 0, 0.216486475, -0.0428350098, -0.141973926, 0, 0, 0, 0, 0, 0, 0, 1, 1, 1, 
112.771699, 0.1, 0.1, 0.0952325132, 0.195847198, -0.0199702715, 0.676714389, -4.42981514e-005, 0.736245634, 0.736245635, 1.19542614e-005, -0.67671439, 2.11759237e-005, 0.999999999, 4.07039413e-005, 0.676714481, -2.29784464e-005, 0.73624555, 0.736245551, 6.73507176e-006, -0.676714481, 1.05911808e-005, 1, 2.14754995e-005, 0.144447754, -0.0968760498, -0.1715729, 0, 0, 0, 0, 0, 0, 0, 0.216486475, -0.0428350098, -0.141973926, 0, 0, 0, 0, 0, 0, 0, 1, 1, 1, 
112.772433, 0.1, 0.1, 0.0952325182, 0.195847192, -0.0199697848, 0.676714076, 2.13736358e-005, 0.736245923, 0.736245923, -9.51095573e-006, -0.676714076, -7.46143782e-006, 1, -2.21724498e-005, 0.676714101, 6.75603382e-007, 0.7362459, 0.7362459, 1.40675166e-005, -0.676714101, -1.08143418e-005, 1, 9.02227664e-006, 0.144424438, -0.0984197021, -0.171264087, 0, 0, 0, 0, 0, 0, 0, 0.216486475, -0.0428350098, -0.141973926, 0, 0, 0, 0, 0, 0, 0, 1, 1, 1, 
112.773164, 0.1, 0.1, 0.095232513, 0.195847194, -0.0199687173, 0.67671404, 2.16654355e-005, 0.736245956, 0.736245956, 6.65655758e-006, -0.67671404, -1.9562168e-005, 1, -1.14465033e-005, 0.676714067, 3.5308327e-005, 0.73624593, 0.736245931, -1.36235633e-005, -0.676714067, -1.38633485e-005, 0.999999999, -3.5214869e-005, 0.144424438, -0.0984197021, -0.171264087, 0, 0, 0, 0, 0, 0, 0, 0.216230615, -0.0442583496, -0.141726514, 0, 0, 0, 0, 0, 0, 0, 1, 1, 1, 
112.773884, 0.1, 0.1, 0.09523252, 0.195847186, -0.0199677426, 0.676713729, -2.88041701e-005, 0.736246241, 0.736246242, 2.13672767e-005, -0.676713729, 3.76060016e-006, 0.999999999, 3.56664915e-005, 0.676713785, -3.57933555e-005, 0.73624619, 0.736246191, 3.39226663e-005, -0.676713784, -7.53576752e-007, 0.999999999, 4.93086576e-005, 0.144424438, -0.0984197021, -0.171264087, 0, 0, 0, 0, 0, 0, 0, 0.216230615, -0.0442583496, -0.141726514, 0, 0, 0, 0, 0, 0, 0, 1, 1, 1, 
112.774604, 0.1, 0.1, 0.0952325162, 0.195847187, -0.0199671486, 0.676713445, 3.91431304e-005, 0.736246502, 0.736246503, -3.12964599e-005, -0.676713444, -3.44677344e-006, 0.999999999, -4.9997728e-005, 0.676713497, 3.74271996e-005, 0.736246454, 0.736246455, -3.70845488e-005, -0.676713496, 1.97587644e-006, 0.999999999, -5.26512578e-005, 0.144424438, -0.0984197021, -0.171264087, 0, 0, 0, 0, 0, 0, 0, 0.216230615, -0.0442583496, -0.141726514, 0, 0, 0, 0, 0, 0, 0, 1, 1, 1, 
112.775349, 0.1, 0.1, 0.0952325196, 0.195847182, -0.0199667685, 0.67671318, -4.24978858e-005, 0.736246745, 0.736246746, 3.69312384e-005, -0.676713179, 1.56837535e-006, 0.999999998, 5.62807859e-005, 0.676713231, -3.21876378e-005, 0.736246699, 0.7362467, 3.46123196e-005, -0.67671323, -3.70140572e-006, 0.999999999, 4.71206567e-005, 0.144421509, -0.100413257, -0.170552856, 0, 0, 0, 0, 0, 0, 0, 0.216042871, -0.0459049316, -0.14133252, 0, 0, 0, 0, 0, 0, 0, 1, 1, 1, 
112.776068, 0.1, 0.1, 0.0952325218, 0.195847178, -0.0199670175, 0.676712959, 3.29451351e-005, 0.73624695, 0.73624695, -2.64262381e-005, -0.676712958, -2.83816267e-006, 0.999999999, -4.2138733e-005, 0.676713009, 1.32538702e-005, 0.736246904, 0.736246904, -1.48682297e-005, -0.676713008, 1.97762169e-006, 1, -1.98196453e-005, 0.144421509, -0.100413257, -0.170552856, 0, 0, 0, 0, 0, 0, 0, 0.216042871, -0.0459049316, -0.14133252, 0, 0, 0, 0, 0, 0, 0, 1, 1, 1, 
112.776783, 0.1, 0.1, 0.0952325189, 0.195847179, -0.0199678075, 0.676712766, -1.57483446e-005, 0.736247127, 0.736247127, 9.23522856e-006, -0.676712766, 3.85769533e-006, 1, 1.78442705e-005, 0.676712813, 1.17637906e-005, 0.736247084, 0.736247084, -8.59496777e-006, -0.676712813, -1.6326879e-006, 1, -1.44773814e-005, 0.144421509, -0.100413257, -0.170552856, 0, 0, 0, 0, 0, 0, 0, 0.216042871, -0.0459049316, -0.14133252, 0, 0, 0, 0, 0, 0, 0, 1, 1, 1, 
112.777503, 0.1, 0.1, 0.0952325244, 0.195847171, -0.019968873, 0.676712623, 4.70403222e-006, 0.736247259, 0.736247258, 1.98983966e-005, -0.676712623, -1.78334179e-005, 1, 1.00021653e-005, 0.676712635, -1.4379774e-005, 0.736247247, 0.736247247, 3.26574228e-005, -0.676712635, -1.43129629e-005, 0.999999999, 3.26867596e-005, 0.144421509, -0.100413257, -0.170552856, 0, 0, 0, 0, 0, 0, 0, 0.216042871, -0.0459049316, -0.14133252, 0, 0, 0, 0, 0, 0, 0, 1, 1, 1, 
112.778214, 0.1, 0.1, 0.0952325197, 0.195847174, -0.0199698505, 0.676712749, 2.90669487e-005, 0.736247143, 0.736247143, -2.02257678e-005, -0.676712748, -4.77881097e-006, 0.999999999, -3.50874928e-005, 0.676712721, 2.98906137e-005, 0.736247168, 0.736247169, -3.78881542e-005, -0.67671272, 7.66768772e-006, 0.999999999, -4.76462756e-005, 0.144421509, -0.100413257, -0.170552856, 0, 0, 0, 0, 0, 0, 0, 0.216042871, -0.0459049316, -0.14133252, 0, 0, 0, 0, 0, 0, 0, 1, 1, 1, 
112.778922, 0.1, 0.1, 0.0952325259, 0.195847169, -0.0199705601, 0.676712652, -4.47319925e-005, 0.736247231, 0.736247232, 1.73170668e-005, -0.676712652, 1.75210628e-005, 0.999999999, 4.46524839e-005, 0.676712682, -4.82006739e-005, 0.736247203, 0.736247204, 1.59975195e-005, -0.676712682, 2.08398784e-005, 0.999999999, 4.63133357e-005, 0.144421509, -0.100413257, -0.170552856, 0, 0, 0, 0, 0, 0, 0, 0.216042871, -0.0459049316, -0.14133252, 0, 0, 0, 0, 0, 0, 0, 1, 1, 1, 
112.779653, 0.1, 0.1, 0.0952325226, 0.195847166, -0.0199706667, 0.676712646, 4.67571336e-005, 0.736247236, 0.736247238, -1.92090277e-005, -0.676712646, -1.749855e-005, 0.999999999, -4.74238024e-005, 0.676712616, 4.68964338e-005, 0.736247264, 0.736247265, -7.3145281e-006, -0.676712616, -2.63501071e-005, 0.999999999, -3.94772046e-005, 0.144624976, -0.102212134, -0.169890454, 0, 0, 0, 0, 0, 0, 0, 0.216042871, -0.0459049316, -0.14133252, 0, 0, 0, 0, 0, 0, 0, 1, 1, 1, 
112.780378, 0.1, 0.1, 0.0952325229, 0.195847165, -0.01996994, 0.676712962, -2.59206905e-005, 0.736246947, 0.736246947, 3.15308618e-005, -0.676712961, -5.67363349e-006, 0.999999999, 4.04213721e-005, 0.676712897, -1.29195319e-005, 0.736247007, 0.736247007, 1.71627806e-005, -0.676712897, -3.89323197e-006, 1, 2.11262417e-005, 0.144624976, -0.102212134, -0.169890454, 0, 0, 0, 0, 0, 0, 0, 0.215887842, -0.047527832, -0.140941455, 0, 0, 0, 0, 0, 0, 0, 1, 1, 1, 
112.781086, 0.1, 0.1, 0.0952325277, 0.195847159, -0.0199690507, 0.676713179, 1.9238201e-005, 0.736246748, 0.736246748, -7.41129214e-006, -0.676713179, -7.56220442e-006, 1, -1.9179382e-005, 0.676713156, -1.19091772e-005, 0.736246768, 0.736246768, 4.71101087e-006, -0.676713156, 4.59063036e-006, 1, 1.19560963e-005, 0.144624976, -0.102212134, -0.169890454, 0, 0, 0, 0, 0, 0, 0, 0.215887842, -0.047527832, -0.140941455, 0, 0, 0, 0, 0, 0, 0, 1, 1, 1, 
112.781798, 0.1, 0.1, 0.0952325244, 0.195847163, -0.0199682433, 0.676713464, -4.12810526e-006, 0.736246486, 0.736246486, -1.78503771e-005, -0.676713464, 1.59358219e-005, 1, -9.04028756e-006, 0.676713383, 1.0336751e-005, 0.73624656, 0.73624656, -3.67715918e-005, -0.676713382, 2.00779402e-005, 0.999999999, -3.24942257e-005, 0.144624976, -0.102212134, -0.169890454, 0, 0, 0, 0, 0, 0, 0, 0.215887842, -0.047527832, -0.140941455, 0, 0, 0, 0, 0, 0, 0, 1, 1, 1, 
112.782513, 0.1, 0.1, 0.0952325281, 0.195847151, -0.0199676977, 0.676714051, -6.49570191e-006, 0.736245946, 0.736245946, 4.61301989e-005, -0.67671405, -2.95674392e-005, 0.999999999, 3.5999388e-005, 0.676713927, -1.15079036e-005, 0.73624606, 0.736246059, 6.1522546e-005, -0.676713926, -3.75081735e-005, 0.999999998, 5.01058124e-005, 0.144624976, -0.102212134, -0.169890454, 0, 0, 0, 0, 0, 0, 0, 0.215887842, -0.047527832, -0.140941455, 0, 0, 0, 0, 0, 0, 0, 1, 1, 1, 
112.783224, 0.1, 0.1, 0.0952325272, 0.195847156, -0.0199675509, 0.676714649, 1.53905553e-005, 0.736245396, 0.736245395, -6.06980981e-005, -0.676714647, 3.42736811e-005, 0.999999998, -5.24065176e-005, 0.67671454, 1.39174469e-005, 0.736245496, 0.736245495, -6.52694342e-005, -0.676714538, 3.86361883e-005, 0.999999998, -5.44154327e-005, 0.144624976, -0.102212134, -0.169890454, 0, 0, 0, 0, 0, 0, 0, 0.215887842, -0.047527832, -0.140941455, 0, 0, 0, 0, 0, 0, 0, 1, 1, 1, 
112.783933, 0.1, 0.1, 0.0952325288, 0.195847152, -0.0199678688, 0.676715016, -2.83160675e-005, 0.736245059, 0.736245059, 4.06123099e-005, -0.676715015, -1.07387045e-005, 0.999999999, 4.83305248e-005, 0.676714979, -1.61504679e-005, 0.736245093, 0.736245093, 3.99935933e-005, -0.676714978, -1.85158233e-005, 0.999999999, 3.89549664e-005, 0.144624976, -0.102212134, -0.169890454, 0, 0, 0, 0, 0, 0, 0, 0.215887842, -0.047527832, -0.140941455, 0, 0, 0, 0, 0, 0, 0, 1, 1, 1, 
112.784666, 0.1, 0.1, 0.0952325306, 0.195847149, -0.0199684761, 0.67671502, 3.9310467e-005, 0.736245054, 0.736245055, -2.49037589e-005, -0.67671502, -8.26671412e-006, 0.999999999, -4.57948846e-005, 0.676715026, 2.07267782e-005, 0.73624505, 0.73624505, -1.26583611e-005, -0.676715026, -4.70646653e-006, 1, -2.3826091e-005, 0.145161157, -0.103136353, -0.169368652, 0, 0, 0, 0, 0, 0, 0, 0.215887842, -0.047527832, -0.140941455, 0, 0, 0, 0, 0, 0, 0, 1, 1, 1, 
112.785377, 0.1, 0.1, 0.0952325284, 0.195847152, -0.0199690016, 0.676715165, -1.21258455e-005, 0.736244922, 0.736244922, 1.1305556e-005, -0.676715165, -1.17914675e-007, 1, 1.65782333e-005, 0.676715111, 2.13260872e-006, 0.736244972, 0.736244972, -2.14889653e-005, -0.676715111, 1.43779741e-005, 1, -1.611203e-005, 0.145161157, -0.103136353, -0.169368652, 0, 0, 0, 0, 0, 0, 0, 0.216058936, -0.0487896973, -0.140727246, 0, 0, 0, 0, 0, 0, 0, 1, 1, 1, 
112.786087, 0.1, 0.1, 0.0952325344, 0.195847145, -0.0199695364, 0.676715318, -8.19051132e-006, 0.736244782, 0.736244782, 1.16031135e-005, -0.676715318, -3.00008728e-006, 1, 1.38822258e-005, 0.676715298, -2.67446956e-005, 0.7362448, 0.7362448, 2.26076294e-005, -0.676715297, 1.453795e-006, 0.999999999, 3.49895717e-005, 0.145161157, -0.103136353, -0.169368652, 0, 0, 0, 0, 0, 0, 0, 0.216058936, -0.0487896973, -0.140727246, 0, 0, 0, 0, 0, 0, 0, 1, 1, 1, 
112.786798, 0.1, 0.1, 0.0952325305, 0.195847147, -0.0199698968, 0.676715455, 1.81667416e-005, 0.736244655, 0.736244655, -2.26023142e-005, -0.676715455, 4.34711825e-006, 1, -2.86705017e-005, 0.676715434, 3.08325141e-005, 0.736244674, 0.736244675, -2.72731104e-005, -0.676715434, -7.85155887e-007, 0.999999999, -4.11564091e-005, 0.145161157, -0.103136353, -0.169368652, 0, 0, 0, 0, 0, 0, 0, 0.216058936, -0.0487896973, -0.140727246, 0, 0, 0, 0, 0, 0, 0, 1, 1, 1, 
112.787542, 0.1, 0.1, 0.0952325362, 0.195847139, -0.0199697458, 0.676715636, -2.7933977e-005, 0.736244489, 0.736244489, 4.74025995e-005, -0.676715635, -1.59965436e-005, 0.999999998, 5.26443169e-005, 0.676715586, -3.20926154e-005, 0.736244534, 0.736244535, 4.70174967e-005, -0.676715585, -1.28988019e-005, 0.999999998, 5.54454856e-005, 0.145288574, -0.104234131, -0.169179443, 0, 0, 0, 0, 0, 0, 0, 0.215996777, -0.0498183105, -0.140486426, 0, 0, 0, 0, 0, 0, 0, 1, 1, 1, 
