time, realDorsalTactorPos, realVentralTactorPos, boxPosX, boxPosY, boxPosZ, boxLocalRot_11, boxLocalRot_12, boxLocalRot_13, boxLocalRot_21, boxLocalRot_22, boxLocalRot_23, boxLocalRot_31, boxLocalRot_32, boxLocalRot_33, boxGlobalRot_11, boxGlobalRot_12, boxGlobalRot_13], boxGlobalRot_21, boxGlobalRot_22, boxGlobalRot_23, boxGlobalRot_31, boxGlobalRot_32, boxGlobalRot_33, indexPosX, indexPosY, indexPosZ, indexContact, indexForceX, indexForceY, indexForceZ, indexForceGlobalX, indexForceGlobalY, indexForceGlobalZ, thumbPosX, thumbPosY, thumbPosZ, thumbContact, thumbForceX, thumbForceY, thumbForceZ, thumbForceGlobalX, thumbForceGlobalY, thumbForceGlobalZ, hoopSuccess, targetSuccess, trialSuccess, 
143.993523, 0.1, 0.1, 0.0953626174, 0.199224936, -0.0199701502, 0.779876324, 2.21892405e-006, -0.625933638, 0.625933638, -1.25340318e-005, 0.779876324, -6.11498579e-006, -1, -1.11638938e-005, 0.779875904, 1.66120765e-005, -0.625934161, 0.625934161, -8.09790448e-006, 0.779875904, 7.88660316e-006, -1, -1.67134268e-005, 0.0954861084, -0.0154147217, -0.144696411, 0, 0, 0, 0, 0, 0, 0, 0.177611426, 0.0443697266, -0.128197314, 0, 0, 0, 0, 0, 0, 0, 1, 1, 1, 
144.012788, 0.1, 0.1, 0.0953625833, 0.199225284, -0.0199692524, 0.779918081, -2.13099044e-005, -0.625881607, 0.625881607, -3.60198821e-005, 0.779918081, -3.91641615e-005, -0.999999999, -1.47550801e-005, 0.77991752, -8.16322734e-006, -0.625882307, 0.625882306, -4.63668717e-005, 0.779917519, -3.53868487e-005, -0.999999999, -3.10531161e-005, 0.0983134033, -0.0335170166, -0.142824512, 0, 0, 0, 0, 0, 0, 0, 0.179440674, 0.0299117676, -0.128464551, 0, 0, 0, 0, 0, 0, 0, 1, 1, 1, 
144.013502, 0.1, 0.1, 0.0953625813, 0.199225297, -0.0199718277, 0.779920709, 1.94459993e-005, -0.625878332, 0.625878332, 2.22111145e-005, 0.779920709, 2.90677928e-005, -1, 5.15207857e-006, 0.77992019, 6.54312574e-006, -0.62587898, 0.62587898, 3.07076794e-005, 0.779920189, 2.43224069e-005, -1, 1.98543343e-005, 0.0983134033, -0.0335170166, -0.142824512, 0, 0, 0, 0, 0, 0, 0, 0.17965376, 0.026909375, -0.128550732, 0, 0, 0, 0, 0, 0, 0, 1, 1, 1, 
144.014208, 0.1, 0.1, 0.0953625832, 0.199225302, -0.019973407, 0.779923314, -1.12610512e-005, -0.625875087, 0.625875086, -2.69194339e-005, 0.779923314, -2.56309594e-005, -1, -1.39470828e-005, 0.779922796, 2.65142768e-007, -0.625875733, 0.625875732, -3.60891027e-005, 0.779922795, -2.23805027e-005, -0.999999999, -2.83126603e-005, 0.0983134033, -0.0335170166, -0.142824512, 0, 0, 0, 0, 0, 0, 0, 0.17965376, 0.026909375, -0.128550732, 0, 0, 0, 0, 0, 0, 0, 1, 1, 1, 
144.014928, 0.1, 0.1, 0.0953625822, 0.199225316, -0.0199734585, 0.779925961, 2.0030707e-005, -0.625871788, 0.625871788, 2.59045752e-005, 0.779925961, 3.18354112e-005, -0.999999999, 7.66699635e-006, 0.779925451, 9.51515824e-006, -0.625872423, 0.625872423, 3.4469853e-005, 0.779925451, 2.89948445e-005, -0.999999999, 2.09286405e-005, 0.0983134033, -0.0335170166, -0.142824512, 0, 0, 0, 0, 0, 0, 0, 0.17965376, 0.026909375, -0.128550732, 0, 0, 0, 0, 0, 0, 0, 1, 1, 1, 
144.015639, 0.1, 0.1, 0.0953625832, 0.199225323, -0.0199721963, 0.779928553, -1.8881931e-005, -0.625868558, 0.625868557, -2.21085306e-005, 0.779928553, -2.85635913e-005, -1, -5.42546743e-006, 0.779928039, -6.80592795e-006, -0.625869199, 0.625869199, -3.20447224e-005, 0.779928038, -2.53639388e-005, -0.999999999, -2.07329568e-005, 0.0983134033, -0.0335170166, -0.142824512, 0, 0, 0, 0, 0, 0, 0, 0.17965376, 0.026909375, -0.128550732, 0, 0, 0, 0, 0, 0, 0, 1, 1, 1, 
144.016345, 0.1, 0.1, 0.0953625814, 0.199225337, -0.0199701466, 0.779931139, 1.84651095e-005, -0.625865336, 0.625865335, 2.93789947e-005, 0.779931139, 3.27888082e-005, -0.999999999, 1.13569209e-005, 0.77993061, 6.05758819e-006, -0.625865995, 0.625865994, 4.02024248e-005, 0.77993061, 2.9885829e-005, -0.999999999, 2.75638632e-005, 0.0983134033, -0.0335170166, -0.142824512, 0, 0, 0, 0, 0, 0, 0, 0.17965376, 0.026909375, -0.128550732, 0, 0, 0, 0, 0, 0, 0, 1, 1, 1, 
144.017052, 0.1, 0.1, 0.0953625818, 0.199225342, -0.0199679211, 0.779933758, -2.5188456e-005, -0.625862071, 0.62586207, -2.72850096e-005, 0.779933759, -3.67219797e-005, -0.999999999, -5.51600085e-006, 0.779933234, -1.15750788e-005, -0.625862724, 0.625862724, -3.84449617e-005, 0.779933234, -3.30890571e-005, -0.999999999, -2.2740093e-005, 0.0983134033, -0.0335170166, -0.142824512, 0, 0, 0, 0, 0, 0, 0, 0.17965376, 0.026909375, -0.128550732, 0, 0, 0, 0, 0, 0, 0, 1, 1, 1, 
144.017791, 0.1, 0.1, 0.0953625796, 0.199225358, -0.0199659699, 0.779936556, 2.29354211e-005, -0.625858585, 0.625858584, 3.33261348e-005, 0.779936556, 3.87456209e-005, -0.999999999, 1.16379406e-005, 0.779935964, 7.34410578e-006, -0.625859322, 0.625859322, 4.66557005e-005, 0.779935964, 3.49278373e-005, -0.999999999, 3.17920817e-005, 0.0985294434, -0.03685979, -0.142340186, 0, 0, 0, 0, 0, 0, 0, 0.17965376, 0.026909375, -0.128550732, 0, 0, 0, 0, 0, 0, 0, 1, 1, 1, 
144.018507, 0.1, 0.1, 0.0953625806, 0.199225362, -0.0199649074, 0.779939343, -2.51568629e-005, -0.625855111, 0.625855111, -3.25692575e-005, 0.779939343, -4.00044634e-005, -0.999999999, -9.65749411e-006, 0.779938782, -1.00400456e-005, -0.625855811, 0.62585581, -4.42656707e-005, 0.779938782, -3.55345482e-005, -0.999999999, -2.82408924e-005, 0.0985294434, -0.03685979, -0.142340186, 0, 0, 0, 0, 0, 0, 0, 0.180149658, 0.0238955078, -0.12847666, 0, 0, 0, 0, 0, 0, 0, 1, 1, 1, 
144.019213, 0.1, 0.1, 0.095362578, 0.199225377, -0.0199651127, 0.779942159, 2.03627991e-005, -0.625851602, 0.625851602, 3.25618924e-005, 0.779942159, 3.6260718e-005, -0.999999999, 1.26523022e-005, 0.779941595, 5.4514248e-006, -0.625852306, 0.625852305, 4.42535261e-005, 0.779941594, 3.19479643e-005, -0.999999999, 3.11033789e-005, 0.0985294434, -0.03685979, -0.142340186, 0, 0, 0, 0, 0, 0, 0, 0.180149658, 0.0238955078, -0.12847666, 0, 0, 0, 0, 0, 0, 0, 1, 1, 1, 
144.01992, 0.1, 0.1, 0.0953625793, 0.19922538, -0.0199665097, 0.779945035, -2.16917607e-005, -0.625848018, 0.625848017, -3.44999844e-005, 0.779945036, -3.85101279e-005, -0.999999999, -1.33323461e-005, 0.779944466, -7.69187944e-006, -0.625848728, 0.625848727, -4.49777196e-005, 0.779944465, -3.41484874e-005, -0.999999999, -3.02661705e-005, 0.0985294434, -0.03685979, -0.142340186, 0, 0, 0, 0, 0, 0, 0, 0.180149658, 0.0238955078, -0.12847666, 0, 0, 0, 0, 0, 0, 0, 1, 1, 1, 
144.020627, 0.1, 0.1, 0.0953625771, 0.199225393, -0.0199686449, 0.779947935, 1.93844035e-005, -0.625844404, 0.625844404, 2.76712985e-005, 0.779947935, 3.24367528e-005, -0.999999999, 9.45055163e-006, 0.779947353, 5.75383856e-006, -0.62584513, 0.625845129, 3.75374415e-005, 0.779947353, 2.79803161e-005, -0.999999999, 2.56762163e-005, 0.0985294434, -0.03685979, -0.142340186, 0, 0, 0, 0, 0, 0, 0, 0.180149658, 0.0238955078, -0.12847666, 0, 0, 0, 0, 0, 0, 0, 1, 1, 1, 
144.021336, 0.1, 0.1, 0.0953625786, 0.199225398, -0.0199707827, 0.779950846, -1.76411205e-005, -0.625840777, 0.625840776, -2.94593095e-005, 0.779950846, -3.2196044e-005, -0.999999999, -1.19362808e-005, 0.77995026, -4.20753253e-006, -0.625841506, 0.625841506, -3.91111137e-005, 0.77995026, -2.77590244e-005, -0.999999999, -2.78714748e-005, 0.0985294434, -0.03685979, -0.142340186, 0, 0, 0, 0, 0, 0, 0, 0.180149658, 0.0238955078, -0.12847666, 0, 0, 0, 0, 0, 0, 0, 1, 1, 1, 
144.022043, 0.1, 0.1, 0.0953625764, 0.19922541, -0.0199722737, 0.779953733, 1.46840555e-005, -0.625837179, 0.625837178, 2.58954545e-005, 0.779953733, 2.76592221e-005, -1, 1.10074285e-005, 0.779953165, 2.78615007e-006, -0.625837886, 0.625837886, 3.4638895e-005, 0.779953165, 2.38513994e-005, -0.999999999, 2.52730375e-005, 0.0985294434, -0.03685979, -0.142340186, 0, 0, 0, 0, 0, 0, 0, 0.180149658, 0.0238955078, -0.12847666, 0, 0, 0, 0, 0, 0, 0, 1, 1, 1, 
144.022779, 0.1, 0.1, 0.0953625768, 0.199225415, -0.0199725914, 0.779956702, -2.09834721e-005, -0.625833478, 0.625833477, -2.47897065e-005, 0.779956703, -3.1880428e-005, -0.999999999, -6.20273842e-006, 0.779956086, -8.97223447e-006, -0.625834246, 0.625834245, -3.50494301e-005, 0.779956086, -2.89330825e-005, -0.999999999, -2.17218847e-005, 0.0989220947, -0.0395843506, -0.14205957, 0, 0, 0, 0, 0, 0, 0, 0.180149658, 0.0238955078, -0.12847666, 0, 0, 0, 0, 0, 0, 0, 1, 1, 1, 
144.023485, 0.1, 0.1, 0.0953625749, 0.199225428, -0.0199716705, 0.779959519, 1.85131632e-005, -0.625829968, 0.625829967, 2.64279535e-005, 0.779959519, 3.09789231e-005, -0.999999999, 9.0266416e-006, 0.779958961, 6.21411477e-006, -0.625830664, 0.625830663, 3.61180391e-005, 0.77995896, 2.74505309e-005, -0.999999999, 2.42816046e-005, 0.0989220947, -0.0395843506, -0.14205957, 0, 0, 0, 0, 0, 0, 0, 0.180348096, 0.0210729004, -0.128359619, 0, 0, 0, 0, 0, 0, 0, 1, 1, 1, 
144.024193, 0.1, 0.1, 0.0953625761, 0.199225432, -0.0199700527, 0.779962328, -1.8720676e-005, -0.625826467, 0.625826467, -2.6369354e-005, 0.779962328, -3.11040617e-005, -0.999999999, -8.85120822e-006, 0.779961775, -6.63337202e-006, -0.625827156, 0.625827155, -3.68299099e-005, 0.779961775, -2.82229344e-005, -0.999999999, -2.45745776e-005, 0.0989220947, -0.0395843506, -0.14205957, 0, 0, 0, 0, 0, 0, 0, 0.180348096, 0.0210729004, -0.128359619, 0, 0, 0, 0, 0, 0, 0, 1, 1, 1, 
144.024919, 0.1, 0.1, 0.0953625746, 0.199225447, -0.0199679959, 0.779965215, 2.3929025e-005, -0.625822869, 0.625822868, 3.28175901e-005, 0.779965215, 3.92018055e-005, -0.999999999, 1.06212476e-005, 0.77996466, 1.0428785e-005, -0.62582356, 0.625823559, 4.41519342e-005, 0.77996466, 3.57654044e-005, -0.999999999, 2.7910369e-005, 0.0989220947, -0.0395843506, -0.14205957, 0, 0, 0, 0, 0, 0, 0, 0.180348096, 0.0210729004, -0.128359619, 0, 0, 0, 0, 0, 0, 0, 1, 1, 1, 
144.025664, 0.1, 0.1, 0.0953625764, 0.19922545, -0.0199660204, 0.779968221, -2.1755305e-005, -0.625819122, 0.625819122, -3.38513414e-005, 0.779968221, -3.81532633e-005, -0.999999999, -1.27880847e-005, 0.779967649, -7.49482948e-006, -0.625819835, 0.625819835, -4.57005919e-005, 0.779967648, -3.44460614e-005, -0.999999999, -3.09545703e-005, 0.0993621094, -0.0427044922, -0.141769434, 0, 0, 0, 0, 0, 0, 0, 0.180829346, 0.018062207, -0.128034473, 0, 0, 0, 0, 0, 0, 0, 1, 1, 1, 
144.026373, 0.1, 0.1, 0.0953625747, 0.199225463, -0.019965099, 0.779971132, 2.44753553e-005, -0.625815494, 0.625815493, 3.13613036e-005, 0.779971132, 3.87164603e-005, -0.999999999, 9.14385487e-006, 0.779970547, 9.55893907e-006, -0.625816224, 0.625816223, 4.30479362e-005, 0.779970546, 3.43957878e-005, -0.999999999, 2.75939832e-005, 0.0993621094, -0.0427044922, -0.141769434, 0, 0, 0, 0, 0, 0, 0, 0.180829346, 0.018062207, -0.128034473, 0, 0, 0, 0, 0, 0, 0, 1, 1, 1, 
144.027081, 0.1, 0.1, 0.0953625764, 0.199225466, -0.0199654329, 0.779974088, -2.08830596e-005, -0.62581181, 0.62581181, -3.40677943e-005, 0.779974088, -3.76082734e-005, -0.999999999, -1.35031315e-005, 0.7799735, -6.15030931e-006, -0.625812544, 0.625812543, -4.55772191e-005, 0.779973499, -3.33198737e-005, -0.999999999, -3.17000824e-005, 0.0993621094, -0.0427044922, -0.141769434, 0, 0, 0, 0, 0, 0, 0, 0.180829346, 0.018062207, -0.128034473, 0, 0, 0, 0, 0, 0, 0, 1, 1, 1, 
144.027793, 0.1, 0.1, 0.0953625745, 0.199225479, -0.0199668091, 0.779977096, 2.16042252e-005, -0.625808061, 0.62580806, 3.28545456e-005, 0.779977096, 3.74114404e-005, -0.999999999, 1.21056948e-005, 0.779976507, 7.738157e-006, -0.625808795, 0.625808794, 4.31970727e-005, 0.779976507, 3.30686887e-005, -0.999999999, 2.88500952e-005, 0.0993621094, -0.0427044922, -0.141769434, 0, 0, 0, 0, 0, 0, 0, 0.180829346, 0.018062207, -0.128034473, 0, 0, 0, 0, 0, 0, 0, 1, 1, 1, 
144.028507, 0.1, 0.1, 0.095362576, 0.199225483, -0.0199687462, 0.779980124, -1.93581148e-005, -0.625804287, 0.625804286, -2.9163106e-005, 0.779980125, -3.33493416e-005, -0.999999999, -1.06322518e-005, 0.779979528, -5.9432743e-006, -0.62580503, 0.62580503, -3.91429596e-005, 0.779979527, -2.91314933e-005, -0.999999999, -2.68113762e-005, 0.0993621094, -0.0427044922, -0.141769434, 0, 0, 0, 0, 0, 0, 0, 0.180829346, 0.018062207, -0.128034473, 0, 0, 0, 0, 0, 0, 0, 1, 1, 1, 
144.029213, 0.1, 0.1, 0.095362574, 0.199225495, -0.0199706357, 0.779983108, 1.72489062e-005, -0.625800568, 0.625800568, 2.89409619e-005, 0.779983108, 3.15651258e-005, -0.999999999, 1.17790862e-005, 0.779982518, 4.92010871e-006, -0.625801303, 0.625801302, 3.82159541e-005, 0.779982518, 2.77531926e-005, -0.999999999, 2.67287657e-005, 0.0993621094, -0.0427044922, -0.141769434, 0, 0, 0, 0, 0, 0, 0, 0.180829346, 0.018062207, -0.128034473, 0, 0, 0, 0, 0, 0, 0, 1, 1, 1, 
144.029921, 0.1, 0.1, 0.095362575, 0.199225499, -0.0199719626, 0.779986068, -1.8318282e-005, -0.625796878, 0.625796878, -2.53966055e-005, 0.779986068, -3.01811212e-005, -1, -8.34547477e-006, 0.779985484, -6.46864153e-006, -0.625797607, 0.625797607, -3.44635824e-005, 0.779985483, -2.66126739e-005, -0.999999999, -2.28330336e-005, 0.0993621094, -0.0427044922, -0.141769434, 0, 0, 0, 0, 0, 0, 0, 0.180829346, 0.018062207, -0.128034473, 0, 0, 0, 0, 0, 0, 0, 1, 1, 1, 
144.030656, 0.1, 0.1, 0.0953625731, 0.199225512, -0.0199720988, 0.779989101, 1.73944691e-005, -0.625793098, 0.625793098, 2.84403188e-005, 0.779989101, 3.13652515e-005, -0.999999999, 1.12978e-005, 0.779988517, 5.56766204e-006, -0.625793827, 0.625793826, 3.826031e-005, 0.779988517, 2.82857783e-005, -0.999999999, 2.6358394e-005, 0.10002146, -0.0458634521, -0.141183936, 0, 0, 0, 0, 0, 0, 0, 0.181366992, 0.0150366211, -0.127784033, 0, 0, 0, 0, 0, 0, 0, 1, 1, 1, 
144.031367, 0.1, 0.1, 0.0953625739, 0.199225516, -0.019971258, 0.779992004, -2.0071363e-005, -0.62578948, 0.62578948, -2.4848155e-005, 0.779992004, -3.12052166e-005, -0.999999999, -6.82091436e-006, 0.779991419, -7.80346649e-006, -0.625790209, 0.625790208, -3.46070329e-005, 0.779991419, -2.77433793e-005, -0.999999999, -2.21098558e-005, 0.10002146, -0.0458634521, -0.141183936, 0, 0, 0, 0, 0, 0, 0, 0.181366992, 0.0150366211, -0.127784033, 0, 0, 0, 0, 0, 0, 0, 1, 1, 1, 
144.032077, 0.1, 0.1, 0.0953625722, 0.199225528, -0.0199697974, 0.779994883, 1.98840539e-005, -0.625785891, 0.625785891, 2.7273557e-005, 0.779994883, 3.25768675e-005, -0.999999999, 8.83007455e-006, 0.779994312, 7.1356633e-006, -0.625786604, 0.625786603, 3.81826314e-005, 0.779994312, 2.9459956e-005, -0.999999999, 2.53168328e-005, 0.10002146, -0.0458634521, -0.141183936, 0, 0, 0, 0, 0, 0, 0, 0.181366992, 0.0150366211, -0.127784033, 0, 0, 0, 0, 0, 0, 0, 1, 1, 1, 
144.032786, 0.1, 0.1, 0.0953625732, 0.199225531, -0.0199682122, 0.779997757, -2.17801545e-005, -0.625782309, 0.625782308, -3.13684871e-005, 0.779997757, -3.6618316e-005, -0.999999999, -1.08377143e-005, 0.779997191, -8.59713165e-006, -0.625783015, 0.625783014, -4.21187533e-005, 0.77999719, -3.30629389e-005, -0.999999999, -2.74725703e-005, 0.10002146, -0.0458634521, -0.141183936, 0, 0, 0, 0, 0, 0, 0, 0.181366992, 0.0150366211, -0.127784033, 0, 0, 0, 0, 0, 0, 0, 1, 1, 1, 
144.033494, 0.1, 0.1, 0.0953625714, 0.199225543, -0.0199670248, 0.780000644, 2.21625097e-005, -0.62577871, 0.62577871, 2.82416191e-005, 0.780000645, 3.49597759e-005, -0.999999999, 8.1596544e-006, 0.78000007, 8.18650735e-006, -0.625779426, 0.625779426, 3.94962007e-005, 0.78000007, 3.11013861e-005, -0.999999999, 2.56840914e-005, 0.10002146, -0.0458634521, -0.141183936, 0, 0, 0, 0, 0, 0, 0, 0.181366992, 0.0150366211, -0.127784033, 0, 0, 0, 0, 0, 0, 0, 1, 1, 1, 
144.034198, 0.1, 0.1, 0.0953625729, 0.199225545, -0.0199665744, 0.780003543, -2.10434494e-005, -0.625775098, 0.625775097, -3.35697969e-005, 0.780003543, -3.7421108e-005, -0.999999999, -1.30160939e-005, 0.780002968, -7.08784415e-006, -0.625775814, 0.625775814, -4.47582925e-005, 0.780002967, -3.35371964e-005, -0.999999999, -3.04761996e-005, 0.10002146, -0.0458634521, -0.141183936, 0, 0, 0, 0, 0, 0, 0, 0.181366992, 0.0150366211, -0.127784033, 0, 0, 0, 0, 0, 0, 0, 1, 1, 1, 
144.034909, 0.1, 0.1, 0.0953625711, 0.199225557, -0.0199669077, 0.780006495, 2.22349891e-005, -0.625771417, 0.625771417, 3.07107065e-005, 0.780006496, 3.65613183e-005, -0.999999999, 1.00405299e-005, 0.780005908, 8.1463428e-006, -0.62577215, 0.625772149, 4.14596894e-005, 0.780005908, 3.22985145e-005, -0.999999999, 2.72410482e-005, 0.10002146, -0.0458634521, -0.141183936, 0, 0, 0, 0, 0, 0, 0, 0.181366992, 0.0150366211, -0.127784033, 0, 0, 0, 0, 0, 0, 0, 1, 1, 1, 
144.035641, 0.1, 0.1, 0.095362573, 0.199225559, -0.0199676171, 0.780009566, -1.93559742e-005, -0.625767589, 0.625767589, -3.38601517e-005, 0.780009567, -3.62864306e-005, -0.999999999, -1.4298901e-005, 0.780008977, -5.60413388e-006, -0.625768324, 0.625768323, -4.4835819e-005, 0.780008977, -3.24281101e-005, -0.999999999, -3.14654519e-005, 0.100677515, -0.0490237549, -0.14063103, 0, 0, 0, 0, 0, 0, 0, 0.182093213, 0.0119792969, -0.1275104, 0, 0, 0, 0, 0, 0, 0, 1, 1, 1, 
144.036357, 0.1, 0.1, 0.0953625714, 0.19922557, -0.019968693, 0.780012572, 2.12003018e-005, -0.625763842, 0.625763842, 2.80670948e-005, 0.780012573, 3.40998751e-005, -0.999999999, 8.62630451e-006, 0.780011937, 7.03868407e-006, -0.625764634, 0.625764634, 3.84090567e-005, 0.780011937, 2.95252869e-005, -0.999999999, 2.55549632e-005, 0.100677515, -0.0490237549, -0.14063103, 0, 0, 0, 0, 0, 0, 0, 0.182093213, 0.0119792969, -0.1275104, 0, 0, 0, 0, 0, 0, 0, 1, 1, 1, 
144.037066, 0.1, 0.1, 0.095362573, 0.199225573, -0.0199697152, 0.780015555, -1.80769878e-005, -0.625760124, 0.625760124, -2.81166277e-005, 0.780015555, -3.16945961e-005, -0.999999999, -1.06195488e-005, 0.780014966, -5.12094173e-006, -0.625760859, 0.625760859, -3.84644951e-005, 0.780014965, -2.80639867e-005, -0.999999999, -2.67983969e-005, 0.100677515, -0.0490237549, -0.14063103, 0, 0, 0, 0, 0, 0, 0, 0.182093213, 0.0119792969, -0.1275104, 0, 0, 0, 0, 0, 0, 0, 1, 1, 1, 
144.037803, 0.1, 0.1, 0.0953625716, 0.199225585, -0.0199703553, 0.780018637, 2.18556366e-005, -0.625756282, 0.625756282, 3.06706824e-005, 0.780018638, 3.62401761e-005, -0.999999999, 1.0247402e-005, 0.780017993, 8.47012129e-006, -0.625757086, 0.625757086, 4.11519738e-005, 0.780017992, 3.23579862e-005, -0.999999999, 2.67990415e-005, 0.101355664, -0.0523549316, -0.14036189, 0, 0, 0, 0, 0, 0, 0, 0.182093213, 0.0119792969, -0.1275104, 0, 0, 0, 0, 0, 0, 0, 1, 1, 1, 
144.038515, 0.1, 0.1, 0.095362573, 0.199225589, -0.019970339, 0.780021597, -1.87361094e-005, -0.625752593, 0.625752593, -2.36866858e-005, 0.780021597, -2.94365751e-005, -1, -6.75195743e-006, 0.780021007, -5.74452793e-006, -0.625753328, 0.625753328, -3.37835959e-005, 0.780021007, -2.562105e-005, -0.999999999, -2.27572571e-005, 0.101355664, -0.0523549316, -0.14036189, 0, 0, 0, 0, 0, 0, 0, 0.182567627, 0.00900205078, -0.127360156, 0, 0, 0, 0, 0, 0, 0, 1, 1, 1, 
144.039226, 0.1, 0.1, 0.0953625713, 0.199225601, -0.0199699273, 0.78002453, 1.87201416e-005, -0.625748937, 0.625748936, 3.10860263e-005, 0.78002453, 3.40542175e-005, -0.999999999, 1.25337544e-005, 0.780023948, 6.35296992e-006, -0.625749663, 0.625749662, 4.15151372e-005, 0.780023947, 3.09335518e-005, -0.999999999, 2.84074324e-005, 0.101355664, -0.0523549316, -0.14036189, 0, 0, 0, 0, 0, 0, 0, 0.182567627, 0.00900205078, -0.127360156, 0, 0, 0, 0, 0, 0, 0, 1, 1, 1, 
144.039941, 0.1, 0.1, 0.0953625722, 0.199225604, -0.0199691714, 0.780027484, -2.2375566e-005, -0.625745255, 0.625745254, -2.75612791e-005, 0.780027484, -3.46998961e-005, -0.999999999, -7.49715096e-006, 0.780026903, -9.10952775e-006, -0.625745979, 0.625745978, -3.7902601e-005, 0.780026903, -3.08230769e-005, -0.999999999, -2.38647981e-005, 0.101355664, -0.0523549316, -0.14036189, 0, 0, 0, 0, 0, 0, 0, 0.182567627, 0.00900205078, -0.127360156, 0, 0, 0, 0, 0, 0, 0, 1, 1, 1, 
144.040648, 0.1, 0.1, 0.0953625699, 0.199225615, -0.0199684771, 0.780030395, 1.81721079e-005, -0.625741626, 0.625741626, 2.95104922e-005, 0.780030395, 3.26407398e-005, -0.999999999, 1.16480365e-005, 0.780029824, 5.1644114e-006, -0.625742338, 0.625742337, 4.02380274e-005, 0.780029824, 2.92070323e-005, -0.999999999, 2.81552706e-005, 0.101355664, -0.0523549316, -0.14036189, 0, 0, 0, 0, 0, 0, 0, 0.182567627, 0.00900205078, -0.127360156, 0, 0, 0, 0, 0, 0, 0, 1, 1, 1, 
144.041359, 0.1, 0.1, 0.0953625706, 0.199225617, -0.0199680189, 0.780033328, -2.37236166e-005, -0.625737969, 0.625737969, -3.06609718e-005, 0.780033329, -3.76909459e-005, -0.999999999, -9.07181219e-006, 0.780032741, -1.01779046e-005, -0.625738702, 0.625738701, -4.14039236e-005, 0.780032741, -3.38471362e-005, -0.999999999, -2.59277072e-005, 0.101355664, -0.0523549316, -0.14036189, 0, 0, 0, 0, 0, 0, 0, 0.182567627, 0.00900205078, -0.127360156, 0, 0, 0, 0, 0, 0, 0, 1, 1, 1, 
144.042068, 0.1, 0.1, 0.0953625683, 0.199225628, -0.0199678933, 0.780036266, 1.8846493e-005, -0.625734307, 0.625734307, 2.92225455e-005, 0.780036266, 3.29864973e-005, -0.999999999, 1.1001748e-005, 0.780035681, 4.99859172e-006, -0.625735036, 0.625735036, 4.00368346e-005, 0.780035681, 2.89515301e-005, -0.999999999, 2.81023656e-005, 0.101355664, -0.0523549316, -0.14036189, 0, 0, 0, 0, 0, 0, 0, 0.182567627, 0.00900205078, -0.127360156, 0, 0, 0, 0, 0, 0, 0, 1, 1, 1, 
144.042804, 0.1, 0.1, 0.0953625693, 0.199225629, -0.01996789, 0.780039336, -2.31055971e-005, -0.62573048, 0.625730479, -3.44956761e-005, 0.780039336, -3.96082706e-005, -0.999999999, -1.24501079e-005, 0.78003875, -9.97405393e-006, -0.625731211, 0.62573121, -4.54447559e-005, 0.780038749, -3.62163507e-005, -0.999999999, -2.92075937e-005, 0.10197644, -0.0555320801, -0.140138281, 0, 0, 0, 0, 0, 0, 0, 0.183022266, 0.00601967773, -0.12720332, 0, 0, 0, 0, 0, 0, 0, 1, 1, 1, 
144.043517, 0.1, 0.1, 0.0953625672, 0.19922564, -0.0199681312, 0.780042324, 2.08021e-005, -0.625726755, 0.625726754, 2.77452e-005, 0.780042325, 3.35874324e-005, -0.999999999, 8.62599982e-006, 0.780041725, 6.64735769e-006, -0.625727503, 0.625727502, 3.80523284e-005, 0.780041724, 2.89956047e-005, -0.999999999, 2.55229693e-005, 0.10197644, -0.0555320801, -0.140138281, 0, 0, 0, 0, 0, 0, 0, 0.183022266, 0.00601967773, -0.12720332, 0, 0, 0, 0, 0, 0, 0, 1, 1, 1, 
144.044228, 0.1, 0.1, 0.0953625689, 0.199225642, -0.0199686189, 0.780045305, -1.80282116e-005, -0.625723039, 0.625723039, -2.96779426e-005, 0.780045305, -3.26329942e-005, -0.999999999, -1.18694725e-005, 0.780044705, -4.81418947e-006, -0.625723788, 0.625723787, -4.06135493e-005, 0.780044704, -2.91681469e-005, -0.999999999, -2.86680312e-005, 0.10197644, -0.0555320801, -0.140138281, 0, 0, 0, 0, 0, 0, 0, 0.183022266, 0.00601967773, -0.12720332, 0, 0, 0, 0, 0, 0, 0, 1, 1, 1, 
144.044931, 0.1, 0.1, 0.0953625676, 0.199225653, -0.019969225, 0.780048251, 2.21260018e-005, -0.625719366, 0.625719365, 3.04744583e-005, 0.780048252, 3.63278077e-005, -0.999999999, 9.92688007e-006, 0.780047667, 9.05970549e-006, -0.625720095, 0.625720094, 4.02138103e-005, 0.780047667, 3.22295913e-005, -0.999999999, 2.56998491e-005, 0.10197644, -0.0555320801, -0.140138281, 0, 0, 0, 0, 0, 0, 0, 0.183022266, 0.00601967773, -0.12720332, 0, 0, 0, 0, 0, 0, 0, 1, 1, 1, 
144.045718, 0.1, 0.1, 0.0953625685, 0.199225655, -0.0199693125, 0.780051549, -2.46572989e-005, -0.625715255, 0.625715254, -2.83912752e-005, 0.78005155, -3.69988182e-005, -0.999999999, -6.7182102e-006, 0.780050946, -1.19633583e-005, -0.625716007, 0.625716006, -3.9194118e-005, 0.780050946, -3.3856416e-005, -0.999999999, -2.30877441e-005, 0.10197644, -0.0555320801, -0.140138281, 0, 0, 0, 0, 0, 0, 0, 0.183022266, 0.00601967773, -0.12720332, 0, 0, 0, 0, 0, 0, 0, 1, 1, 1, 
144.046433, 0.1, 0.1, 0.0953625663, 0.199225666, -0.0199687462, 0.780054549, 1.94869226e-005, -0.625711515, 0.625711515, 3.03970782e-005, 0.780054549, 3.42206645e-005, -0.999999999, 1.15181873e-005, 0.780053956, 5.71990239e-006, -0.625712254, 0.625712254, 4.09364742e-005, 0.780053956, 3.00762861e-005, -0.999999999, 2.83536457e-005, 0.10197644, -0.0555320801, -0.140138281, 0, 0, 0, 0, 0, 0, 0, 0.183022266, 0.00601967773, -0.12720332, 0, 0, 0, 0, 0, 0, 0, 1, 1, 1, 
144.047155, 0.1, 0.1, 0.0953625676, 0.199225668, -0.0199682284, 0.780057584, -2.05141999e-005, -0.625707732, 0.625707732, -2.75651601e-005, 0.780057584, -3.3249991e-005, -0.999999999, -8.6665187e-006, 0.780056947, -6.55712881e-006, -0.625708526, 0.625708526, -3.91459143e-005, 0.780056946, -2.96088662e-005, -0.999999999, -2.6433191e-005, 0.10197644, -0.0555320801, -0.140138281, 0, 0, 0, 0, 0, 0, 0, 0.183022266, 0.00601967773, -0.12720332, 0, 0, 0, 0, 0, 0, 0, 1, 1, 1, 
144.047887, 0.1, 0.1, 0.0953625658, 0.19922568, -0.0199675875, 0.780060663, 2.25904774e-005, -0.625703893, 0.625703892, 3.47739389e-005, 0.780060663, 3.93801317e-005, -0.999999999, 1.29908322e-005, 0.780060069, 8.5142642e-006, -0.625704633, 0.625704632, 4.6141975e-005, 0.780060069, 3.55128851e-005, -0.999999999, 3.06660977e-005, 0.102580371, -0.0582871582, -0.139709131, 0, 0, 0, 0, 0, 0, 0, 0.183217529, 0.00344521484, -0.127031836, 0, 0, 0, 0, 0, 0, 0, 1, 1, 1, 
144.048601, 0.1, 0.1, 0.0953625676, 0.199225682, -0.0199674191, 0.780063684, -1.93246509e-005, -0.625700126, 0.625700126, -2.95487151e-005, 0.780063684, -3.35630932e-005, -0.999999999, -1.09584431e-005, 0.780063093, -5.84243909e-006, -0.625700863, 0.625700863, -3.98669565e-005, 0.780063093, -2.95022602e-005, -0.999999999, -2.74431223e-005, 0.102580371, -0.0582871582, -0.139709131, 0, 0, 0, 0, 0, 0, 0, 0.183217529, 0.00344521484, -0.127031836, 0, 0, 0, 0, 0, 0, 0, 1, 1, 1, 
144.049309, 0.1, 0.1, 0.0953625662, 0.199225692, -0.0199677724, 0.780066685, 2.31448925e-005, -0.625696385, 0.625696385, 2.92419169e-005, 0.780066685, 3.63511213e-005, -0.999999999, 8.3289696e-006, 0.780066081, 9.30007593e-006, -0.625697138, 0.625697138, 4.03557433e-005, 0.780066081, 3.25051469e-005, -0.999999999, 2.56611156e-005, 0.102580371, -0.0582871582, -0.139709131, 0, 0, 0, 0, 0, 0, 0, 0.183217529, 0.00344521484, -0.127031836, 0, 0, 0, 0, 0, 0, 0, 1, 1, 1, 
144.050032, 0.1, 0.1, 0.095362568, 0.199225693, -0.0199684235, 0.780069758, -1.92647654e-005, -0.625692554, 0.625692554, -3.27416407e-005, 0.780069758, -3.55140617e-005, -0.999999999, -1.34869434e-005, 0.780069149, -5.60862323e-006, -0.625693314, 0.625693313, -4.31254861e-005, 0.780069148, -3.13584423e-005, -0.999999999, -3.01315832e-005, 0.102580371, -0.0582871582, -0.139709131, 0, 0, 0, 0, 0, 0, 0, 0.183386182, 0.000900781249, -0.126813721, 0, 0, 0, 0, 0, 0, 0, 1, 1, 1, 
144.050742, 0.1, 0.1, 0.0953625664, 0.199225703, -0.0199690934, 0.78007277, 2.03958886e-005, -0.625688798, 0.625688798, 2.63642362e-005, 0.780072771, 3.24060846e-005, -0.999999999, 7.80454378e-006, 0.780072177, 7.41992417e-006, -0.625689538, 0.625689537, 3.64678172e-005, 0.780072177, 2.86056081e-005, -0.999999999, 2.38049606e-005, 0.102580371, -0.0582871582, -0.139709131, 0, 0, 0, 0, 0, 0, 0, 0.183386182, 0.000900781249, -0.126813721, 0, 0, 0, 0, 0, 0, 0, 1, 1, 1, 
144.051449, 0.1, 0.1, 0.0953625679, 0.199225704, -0.0199697499, 0.780075758, -1.89199253e-005, -0.625685074, 0.625685073, -3.06703141e-005, 0.780075758, -3.39489328e-005, -0.999999999, -1.20872536e-005, 0.780075165, -6.09258587e-006, -0.625685813, 0.625685812, -4.07422724e-005, 0.780075165, -3.02445367e-005, -0.999999999, -2.79699903e-005, 0.102580371, -0.0582871582, -0.139709131, 0, 0, 0, 0, 0, 0, 0, 0.183386182, 0.000900781249, -0.126813721, 0, 0, 0, 0, 0, 0, 0, 1, 1, 1, 
144.052167, 0.1, 0.1, 0.0953625664, 0.199225714, -0.0199701756, 0.780078767, 2.02530327e-005, -0.625681322, 0.625681321, 2.519245e-005, 0.780078768, 3.15614062e-005, -0.999999999, 6.98015115e-006, 0.780078122, 6.52217219e-006, -0.625682127, 0.625682126, 3.57452526e-005, 0.780078122, 2.74529695e-005, -0.999999999, 2.3803283e-005, 0.102580371, -0.0582871582, -0.139709131, 0, 0, 0, 0, 0, 0, 0, 0.183386182, 0.000900781249, -0.126813721, 0, 0, 0, 0, 0, 0, 0, 1, 1, 1, 
144.052876, 0.1, 0.1, 0.0953625678, 0.199225715, -0.0199701289, 0.780081724, -1.87156268e-005, -0.625677636, 0.625677635, -2.89297614e-005, 0.780081724, -3.27004231e-005, -0.999999999, -1.08576291e-005, 0.780081144, -6.18550285e-006, -0.625678358, 0.625678358, -3.92293224e-005, 0.780081144, -2.93701322e-005, -0.999999999, -2.67319195e-005, 0.102734277, -0.0607931152, -0.139594263, 0, 0, 0, 0, 0, 0, 0, 0.183386182, 0.000900781249, -0.126813721, 0, 0, 0, 0, 0, 0, 0, 1, 1, 1, 
144.053583, 0.1, 0.1, 0.0953625664, 0.199225725, -0.0199698033, 0.780084656, 2.02601195e-005, -0.62567398, 0.62567398, 2.8333047e-005, 0.780084656, 3.35318587e-005, -0.999999999, 9.42594562e-006, 0.780084072, 7.57983753e-006, -0.625674708, 0.625674708, 3.82427391e-005, 0.780084071, 2.98404252e-005, -0.999999999, 2.5090039e-005, 0.102734277, -0.0607931152, -0.139594263, 0, 0, 0, 0, 0, 0, 0, 0.183386182, 0.000900781249, -0.126813721, 0, 0, 0, 0, 0, 0, 0, 1, 1, 1, 
144.054299, 0.1, 0.1, 0.0953625676, 0.199225726, -0.0199692677, 0.780087606, -2.06418518e-005, -0.625670301, 0.625670301, -2.63373653e-005, 0.780087607, -3.25809601e-005, -0.999999999, -7.63045859e-006, 0.780086996, -6.95313636e-006, -0.625671063, 0.625671062, -3.75260091e-005, 0.780086996, -2.89029892e-005, -0.999999999, -2.49231755e-005, 0.102734277, -0.0607931152, -0.139594263, 0, 0, 0, 0, 0, 0, 0, 0.183386182, 0.000900781249, -0.126813721, 0, 0, 0, 0, 0, 0, 0, 1, 1, 1, 
144.055032, 0.1, 0.1, 0.0953625658, 0.199225738, -0.0199683751, 0.780090639, 2.12140981e-005, -0.62566652, 0.625666519, 3.49227489e-005, 0.780090639, 3.83989141e-005, -0.999999999, 1.39699586e-005, 0.780090064, 8.14685641e-006, -0.625667237, 0.625667237, 4.58351193e-005, 0.780090063, 3.50328142e-005, -0.999999999, 3.06583e-005, 0.103323926, -0.0635542969, -0.13911897, 0, 0, 0, 0, 0, 0, 0, 0.183579492, -0.00188007813, -0.126615381, 0, 0, 0, 0, 0, 0, 0, 1, 1, 1, 
144.055741, 0.1, 0.1, 0.0953625671, 0.199225739, -0.0199677332, 0.780093582, -2.18289289e-005, -0.62566285, 0.62566285, -2.66060156e-005, 0.780093583, -3.36750029e-005, -0.999999999, -7.09763217e-006, 0.780092995, -8.01805755e-006, -0.625663583, 0.625663583, -3.70994257e-005, 0.780092995, -2.94665902e-005, -0.999999999, -2.39243955e-005, 0.103323926, -0.0635542969, -0.13911897, 0, 0, 0, 0, 0, 0, 0, 0.183579492, -0.00188007813, -0.126615381, 0, 0, 0, 0, 0, 0, 0, 1, 1, 1, 
144.056449, 0.1, 0.1, 0.0953625652, 0.19922575, -0.0199675514, 0.780096531, 1.9953152e-005, -0.625659174, 0.625659173, 3.16097038e-005, 0.780096531, 3.53422858e-005, -0.999999999, 1.21747477e-005, 0.780095947, 6.3547212e-006, -0.625659903, 0.625659902, 4.29088139e-005, 0.780095946, 3.18036166e-005, -0.999999999, 2.94970975e-005, 0.103323926, -0.0635542969, -0.13911897, 0, 0, 0, 0, 0, 0, 0, 0.183579492, -0.00188007813, -0.126615381, 0, 0, 0, 0, 0, 0, 0, 1, 1, 1, 
144.057157, 0.1, 0.1, 0.0953625664, 0.19922575, -0.0199678496, 0.780099495, -2.19998484e-005, -0.625655478, 0.625655477, -3.17769972e-005, 0.780099496, -3.7043523e-005, -0.999999999, -1.10248938e-005, 0.780098903, -8.31582039e-006, -0.625656216, 0.625656215, -4.2034439e-005, 0.780098903, -3.27862704e-005, -0.999999999, -2.7588175e-005, 0.103323926, -0.0635542969, -0.13911897, 0, 0, 0, 0, 0, 0, 0, 0.183579492, -0.00188007813, -0.126615381, 0, 0, 0, 0, 0, 0, 0, 1, 1, 1, 
144.057868, 0.1, 0.1, 0.0953625644, 0.19922576, -0.019968492, 0.780102473, 1.9007598e-005, -0.625651766, 0.625651765, 2.73403911e-005, 0.780102473, 3.19334381e-005, -0.999999999, 9.43616944e-006, 0.780101886, 5.63087629e-006, -0.625652498, 0.625652497, 3.7849398e-005, 0.780101885, 2.80732276e-005, -0.999999999, 2.6003415e-005, 0.103323926, -0.0635542969, -0.13911897, 0, 0, 0, 0, 0, 0, 0, 0.183579492, -0.00188007813, -0.126615381, 0, 0, 0, 0, 0, 0, 0, 1, 1, 1, 
144.058585, 0.1, 0.1, 0.0953625656, 0.19922576, -0.0199692089, 0.780105482, -2.08278582e-005, -0.625648013, 0.625648012, -3.30567243e-005, 0.780105482, -3.69298003e-005, -0.999999999, -1.27568237e-005, 0.780104893, -8.00233958e-006, -0.625648748, 0.625648747, -4.31950024e-005, 0.780104893, -3.32675634e-005, -0.999999999, -2.8689979e-005, 0.103323926, -0.0635542969, -0.13911897, 0, 0, 0, 0, 0, 0, 0, 0.183579492, -0.00188007813, -0.126615381, 0, 0, 0, 0, 0, 0, 0, 1, 1, 1, 
144.059304, 0.1, 0.1, 0.095362564, 0.199225769, -0.019969793, 0.780108487, 2.0353781e-005, -0.625644267, 0.625644267, 2.41833636e-005, 0.780108487, 3.10083401e-005, -1, 6.13142081e-006, 0.780107848, 6.28104804e-006, -0.625645063, 0.625645063, 3.47004831e-005, 0.780107848, 2.66100808e-005, -0.999999999, 2.31404125e-005, 0.103323926, -0.0635542969, -0.13911897, 0, 0, 0, 0, 0, 0, 0, 0.183579492, -0.00188007813, -0.126615381, 0, 0, 0, 0, 0, 0, 0, 1, 1, 1, 
144.060026, 0.1, 0.1, 0.0953625658, 0.199225769, -0.0199698395, 0.780111496, -1.81783198e-005, -0.625640514, 0.625640514, -3.1775201e-005, 0.780111496, -3.40609694e-005, -0.999999999, -1.34151063e-005, 0.780110911, -4.50018724e-006, -0.625641244, 0.625641243, -4.25826599e-005, 0.780110911, -3.01521135e-005, -0.999999999, -3.04036949e-005, 0.103682275, -0.066321582, -0.138670166, 0, 0, 0, 0, 0, 0, 0, 0.183986523, -0.00421469727, -0.12641582, 0, 0, 0, 0, 0, 0, 0, 1, 1, 1, 
144.060735, 0.1, 0.1, 0.0953625639, 0.199225778, -0.0199696539, 0.780114446, 1.69442254e-005, -0.625636836, 0.625636835, 2.84481324e-005, 0.780114446, 3.10166345e-005, -0.999999999, 1.15918675e-005, 0.780113864, 4.90231002e-006, -0.625637562, 0.625637561, 3.79758696e-005, 0.780113864, 2.75834905e-005, -0.999999999, 2.65584331e-005, 0.103682275, -0.066321582, -0.138670166, 0, 0, 0, 0, 0, 0, 0, 0.183986523, -0.00421469727, -0.12641582, 0, 0, 0, 0, 0, 0, 0, 1, 1, 1, 
144.061443, 0.1, 0.1, 0.0953625643, 0.199225779, -0.0199693467, 0.780117373, -2.56967505e-005, -0.625633186, 0.625633186, -2.52249585e-005, 0.780117373, -3.58280527e-005, -0.999999999, -3.60168847e-006, 0.780116789, -1.23673138e-005, -0.625633915, 0.625633914, -3.6042487e-005, 0.780116789, -3.21973514e-005, -0.999999999, -2.03799383e-005, 0.103682275, -0.066321582, -0.138670166, 0, 0, 0, 0, 0, 0, 0, 0.183986523, -0.00421469727, -0.12641582, 0, 0, 0, 0, 0, 0, 0, 1, 1, 1, 
144.062151, 0.1, 0.1, 0.0953625615, 0.19922579, -0.0199689863, 0.780120299, 1.52574297e-005, -0.625629538, 0.625629538, 3.32865581e-005, 0.780120299, 3.27276846e-005, -0.999999999, 1.64220209e-005, 0.780119716, 1.03832051e-006, -0.625630266, 0.625630265, 4.37810638e-005, 0.780119715, 2.82007729e-005, -0.999999999, 3.35048663e-005, 0.103682275, -0.066321582, -0.138670166, 0, 0, 0, 0, 0, 0, 0, 0.183986523, -0.00421469727, -0.12641582, 0, 0, 0, 0, 0, 0, 0, 1, 1, 1, 
144.06286, 0.1, 0.1, 0.0953625625, 0.199225791, -0.0199686767, 0.780123233, -2.01275161e-005, -0.625625879, 0.625625879, -2.59667267e-005, 0.780123233, -3.19473991e-005, -0.999999999, -7.66495182e-006, 0.780122656, -7.99671666e-006, -0.625626599, 0.625626598, -3.62267907e-005, 0.780122656, -2.89028637e-005, -0.999999999, -2.32583815e-005, 0.103682275, -0.066321582, -0.138670166, 0, 0, 0, 0, 0, 0, 0, 0.183986523, -0.00421469727, -0.12641582, 0, 0, 0, 0, 0, 0, 0, 1, 1, 1, 
144.063569, 0.1, 0.1, 0.0953625615, 0.199225801, -0.0199685371, 0.780126161, 2.50664395e-005, -0.625622228, 0.625622227, 3.14430275e-005, 0.780126162, 3.92264422e-005, -0.999999999, 8.84740661e-006, 0.780125581, 1.11937943e-005, -0.625622952, 0.625622951, 4.22422372e-005, 0.780125581, 3.51602784e-005, -0.999999999, 2.59511552e-005, 0.103682275, -0.066321582, -0.138670166, 0, 0, 0, 0, 0, 0, 0, 0.183986523, -0.00421469727, -0.12641582, 0, 0, 0, 0, 0, 0, 0, 1, 1, 1, 
144.064286, 0.1, 0.1, 0.0953625639, 0.199225801, -0.0199685539, 0.780129129, -1.5910144e-005, -0.625618528, 0.625618527, -2.88139503e-005, 0.780129129, -3.04385079e-005, -0.999999999, -1.2524921e-005, 0.780128543, -1.85516518e-006, -0.625619258, 0.625619257, -3.90990817e-005, 0.780128543, -2.59084058e-005, -0.999999999, -2.93416826e-005, 0.104308545, -0.0692734131, -0.138227466, 0, 0, 0, 0, 0, 0, 0, 0.183986523, -0.00421469727, -0.12641582, 0, 0, 0, 0, 0, 0, 0, 1, 1, 1, 
144.065001, 0.1, 0.1, 0.0953625624, 0.199225811, -0.0199685388, 0.780132106, 2.01320651e-005, -0.625614815, 0.625614815, 3.04373115e-005, 0.780132106, 3.47477034e-005, -0.999999999, 1.11502057e-005, 0.780131529, 7.67841879e-006, -0.625615534, 0.625615533, 4.11457223e-005, 0.780131529, 3.17315796e-005, -0.999999999, 2.72953372e-005, 0.104308545, -0.0692734131, -0.138227466, 0, 0, 0, 0, 0, 0, 0, 0.184239893, -0.00673740234, -0.126019873, 0, 0, 0, 0, 0, 0, 0, 1, 1, 1, 
144.065715, 0.1, 0.1, 0.0953625635, 0.199225811, -0.0199686687, 0.780135073, -2.35320678e-005, -0.625611115, 0.625611115, -3.10049041e-005, 0.780135073, -3.77552041e-005, -0.999999999, -9.46608994e-006, 0.780134492, -9.93088253e-006, -0.62561184, 0.62561184, -4.11193767e-005, 0.780134491, -3.34721929e-005, -0.999999999, -2.58657664e-005, 0.104308545, -0.0692734131, -0.138227466, 0, 0, 0, 0, 0, 0, 0, 0.184239893, -0.00673740234, -0.126019873, 0, 0, 0, 0, 0, 0, 0, 1, 1, 1, 
144.06642, 0.1, 0.1, 0.095362561, 0.19922582, -0.0199689524, 0.780138007, 1.63536991e-005, -0.625607457, 0.625607456, 2.65853834e-005, 0.780138007, 2.93901564e-005, -1, 1.05092719e-005, 0.780137423, 2.47226346e-006, -0.625608185, 0.625608184, 3.70083975e-005, 0.780137423, 2.50814616e-005, -0.999999999, 2.73249676e-005, 0.104308545, -0.0692734131, -0.138227466, 0, 0, 0, 0, 0, 0, 0, 0.184239893, -0.00673740234, -0.126019873, 0, 0, 0, 0, 0, 0, 0, 1, 1, 1, 
144.067153, 0.1, 0.1, 0.0953625621, 0.199225819, -0.0199690436, 0.780141064, -2.10559868e-005, -0.625603645, 0.625603644, -3.46885005e-005, 0.780141064, -3.81278923e-005, -0.999999999, -1.38892216e-005, 0.780140485, -9.0285969e-006, -0.625604366, 0.625604365, -4.5172119e-005, 0.780140485, -3.53034488e-005, -0.999999999, -2.95922692e-005, 0.104897705, -0.072057666, -0.13761377, 0, 0, 0, 0, 0, 0, 0, 0.184979785, -0.00952338867, -0.125250684, 0, 0, 0, 0, 0, 0, 0, 1, 1, 1, 
144.067863, 0.1, 0.1, 0.0953625608, 0.199225827, -0.0199690664, 0.780144016, 2.34650924e-005, -0.625599963, 0.625599962, 2.54244226e-005, 0.780144017, 3.42116693e-005, -0.999999999, 5.15495019e-006, 0.780143431, 9.71344638e-006, -0.625600693, 0.625600693, 3.52449589e-005, 0.780143431, 2.96271521e-005, -0.999999999, 2.14193844e-005, 0.104897705, -0.072057666, -0.13761377, 0, 0, 0, 0, 0, 0, 0, 0.184979785, -0.00952338867, -0.125250684, 0, 0, 0, 0, 0, 0, 0, 1, 1, 1, 
144.068597, 0.1, 0.1, 0.095362563, 0.199225827, -0.0199689332, 0.780147079, -1.79763643e-005, -0.625596144, 0.625596143, -3.0622864e-005, 0.780147079, -3.31817538e-005, -0.999999999, -1.26443937e-005, 0.780146478, -4.02357788e-006, -0.625596893, 0.625596892, -4.20628133e-005, 0.780146478, -2.94533454e-005, -0.999999999, -3.02980179e-005, 0.104897705, -0.072057666, -0.13761377, 0, 0, 0, 0, 0, 0, 0, 0.184979785, -0.00952338867, -0.125250684, 0, 0, 0, 0, 0, 0, 0, 1, 1, 1, 
144.06932, 0.1, 0.1, 0.0953625616, 0.199225836, -0.019968623, 0.780150092, 2.15638649e-005, -0.625592385, 0.625592385, 3.06591962e-005, 0.780150093, 3.60032109e-005, -0.999999999, 1.04285851e-005, 0.78014947, 8.10644202e-006, -0.625593163, 0.625593162, 4.12550051e-005, 0.780149469, 3.21330856e-005, -0.999999999, 2.71137356e-005, 0.104897705, -0.072057666, -0.13761377, 0, 0, 0, 0, 0, 0, 0, 0.184979785, -0.00952338867, -0.125250684, 0, 0, 0, 0, 0, 0, 0, 1, 1, 1, 
144.070029, 0.1, 0.1, 0.095362563, 0.199225837, -0.0199683496, 0.780153055, -2.19786081e-005, -0.625588691, 0.62558869, -2.62348947e-005, 0.780153055, -3.35589317e-005, -0.999999999, -6.71766458e-006, 0.780152463, -8.02792227e-006, -0.625589429, 0.625589429, -3.73165585e-005, 0.780152463, -2.96078478e-005, -0.999999999, -2.40904217e-005, 0.104897705, -0.072057666, -0.13761377, 0, 0, 0, 0, 0, 0, 0, 0.184979785, -0.00952338867, -0.125250684, 0, 0, 0, 0, 0, 0, 0, 1, 1, 1, 
144.070744, 0.1, 0.1, 0.0953625609, 0.199225847, -0.0199683277, 0.780156033, 1.89239193e-005, -0.625584978, 0.625584977, 3.39147606e-005, 0.780156033, 3.59801746e-005, -0.999999999, 1.46202854e-005, 0.780155432, 4.46414136e-006, -0.625585728, 0.625585727, 4.47390066e-005, 0.780155431, 3.14708082e-005, -0.999999999, 3.21106759e-005, 0.104897705, -0.072057666, -0.13761377, 0, 0, 0, 0, 0, 0, 0, 0.184979785, -0.00952338867, -0.125250684, 0, 0, 0, 0, 0, 0, 0, 1, 1, 1, 
