time, realDorsalTactorPos, realVentralTactorPos, boxPosX, boxPosY, boxPosZ, boxLocalRot_11, boxLocalRot_12, boxLocalRot_13, boxLocalRot_21, boxLocalRot_22, boxLocalRot_23, boxLocalRot_31, boxLocalRot_32, boxLocalRot_33, boxGlobalRot_11, boxGlobalRot_12, boxGlobalRot_13], boxGlobalRot_21, boxGlobalRot_22, boxGlobalRot_23, boxGlobalRot_31, boxGlobalRot_32, boxGlobalRot_33, indexPosX, indexPosY, indexPosZ, indexContact, indexForceX, indexForceY, indexForceZ, indexForceGlobalX, indexForceGlobalY, indexForceGlobalZ, thumbPosX, thumbPosY, thumbPosZ, thumbContact, thumbForceX, thumbForceY, thumbForceZ, thumbForceGlobalX, thumbForceGlobalY, thumbForceGlobalZ, hoopSuccess, targetSuccess, trialSuccess, 
198.460953, 0.1, 0.1, 0.115408053, 0.172311107, -0.0199740581, 0.976285804, -1.96218106e-005, 0.216485632, 0.216485632, 2.82870843e-005, -0.976285804, 1.30327478e-005, 0.999999999, 3.18641189e-005, 0.976285802, -2.94994926e-005, 0.216485638, 0.216485638, 8.98218824e-006, -0.976285803, 2.6855421e-005, 1, 1.51553993e-005, 0.104347388, -0.0775010498, -0.150409131, 0, 0, 0, 0, 0, 0, 0, 0.176460645, -0.0184942383, -0.126394043, 0, 0, 0, 0, 0, 0, 0, 1, 1, 1, 
198.497649, 0.1, 0.1, 0.115408122, 0.17231096, -0.0199709892, 0.976284303, -1.31046e-005, 0.2164924, 0.2164924, 3.59633145e-006, -0.976284303, 1.20152368e-005, 1, 6.34808824e-006, 0.976284301, -6.53483527e-006, 0.216492409, 0.216492409, -4.38276091e-006, -0.976284301, 7.32869155e-006, 1, -2.86407844e-006, 0.10852356, -0.107661548, -0.144976562, 0, 0, 0, 0, 0, 0, 0, 0.175879834, -0.0484277344, -0.120088867, 0, 0, 0, 0, 0, 0, 0, 1, 1, 1, 
198.498359, 0.1, 0.1, 0.115408123, 0.172310958, -0.0199742708, 0.976284315, -8.12800245e-006, 0.216492348, 0.216492348, 4.31206389e-006, -0.976284315, 7.00171246e-006, 1, 5.96945068e-006, 0.976284315, 3.78442055e-006, 0.216492345, 0.216492345, 7.28080147e-006, -0.976284315, -5.27090821e-006, 1, 6.28883419e-006, 0.10852356, -0.107661548, -0.144976562, 0, 0, 0, 0, 0, 0, 0, 0.175879834, -0.0484277344, -0.120088867, 0, 0, 0, 0, 0, 0, 0, 1, 1, 1, 
198.499067, 0.1, 0.1, 0.115408125, 0.172310956, -0.0199757655, 0.976284296, 5.64102791e-006, 0.216492435, 0.216492435, -1.66468848e-006, -0.976284296, -5.1468545e-006, 1, -2.84644909e-006, 0.976284299, 7.97892244e-006, 0.216492421, 0.216492421, 6.74326969e-006, -0.976284299, -9.24956347e-006, 1, 4.85597208e-006, 0.10852356, -0.107661548, -0.144976562, 0, 0, 0, 0, 0, 0, 0, 0.175879834, -0.0484277344, -0.120088867, 0, 0, 0, 0, 0, 0, 0, 1, 1, 1, 
198.499775, 0.1, 0.1, 0.115408127, 0.172310955, -0.0199751761, 0.976284306, 1.08839499e-005, 0.216492386, 0.216492386, -7.01691316e-007, -0.976284306, -1.04739186e-005, 1, -3.0413425e-006, 0.976284304, 7.18439594e-006, 0.216492398, 0.216492399, -1.58001388e-006, -0.976284304, -6.671952e-006, 1, -3.09790986e-006, 0.10852356, -0.107661548, -0.144976562, 0, 0, 0, 0, 0, 0, 0, 0.175879834, -0.0484277344, -0.120088867, 0, 0, 0, 0, 0, 0, 0, 1, 1, 1, 
198.500495, 0.1, 0.1, 0.115408129, 0.172310953, -0.0199727353, 0.976284294, 8.50660393e-006, 0.21649244, 0.21649244, 7.41482481e-006, -0.976284294, -9.91011734e-006, 1, 5.39736156e-006, 0.9762843, -3.82871927e-006, 0.216492414, 0.216492414, -4.93179887e-006, -0.9762843, 4.80561555e-006, 1, -3.98594913e-006, 0.10852356, -0.107661548, -0.144976562, 0, 0, 0, 0, 0, 0, 0, 0.175879834, -0.0484277344, -0.120088867, 0, 0, 0, 0, 0, 0, 0, 1, 1, 1, 
198.501222, 0.1, 0.1, 0.11540813, 0.172310951, -0.0199690514, 0.976284294, -5.41361675e-006, 0.216492443, 0.216492443, 4.21315188e-006, -0.976284294, 4.37311346e-006, 1, 5.28524113e-006, 0.976284289, -1.09995709e-005, 0.216492462, 0.216492462, 3.36124178e-006, -0.97628429, 1.00110248e-005, 1, 5.66285173e-006, 0.109338647, -0.110441772, -0.143521289, 0, 0, 0, 0, 0, 0, 0, 0.175878711, -0.0513149414, -0.119072266, 0, 0, 0, 0, 0, 0, 0, 1, 1, 1, 
198.501932, 0.1, 0.1, 0.115408131, 0.17231095, -0.019965582, 0.976284302, -1.0780946e-005, 0.216492406, 0.216492406, -1.00441279e-005, -0.976284302, 1.26997457e-005, 1, -7.47193143e-006, 0.976284306, -8.02705464e-006, 0.216492388, 0.216492388, 2.05054896e-006, -0.976284306, 7.39275923e-006, 1, 3.739715e-006, 0.109338647, -0.110441772, -0.143521289, 0, 0, 0, 0, 0, 0, 0, 0.175878711, -0.0513149414, -0.119072266, 0, 0, 0, 0, 0, 0, 0, 1, 1, 1, 
198.502641, 0.1, 0.1, 0.115408132, 0.172310949, -0.0199634249, 0.976284281, -8.42906149e-006, 0.216492501, 0.216492501, -9.23811263e-006, -0.976284281, 1.02291423e-005, 1, -7.19419554e-006, 0.976284281, 9.35687611e-006, 0.2164925, 0.2164925, -6.01812753e-006, -0.976284281, -7.83209159e-006, 1, -7.90109681e-006, 0.109338647, -0.110441772, -0.143521289, 0, 0, 0, 0, 0, 0, 0, 0.175878711, -0.0513149414, -0.119072266, 0, 0, 0, 0, 0, 0, 0, 1, 1, 1, 
198.503347, 0.1, 0.1, 0.115408133, 0.172310947, -0.0199631107, 0.976284305, 5.57782378e-006, 0.216492394, 0.216492394, 7.42020386e-006, -0.976284305, -7.0519595e-006, 1, 6.03667215e-006, 0.976284301, 1.45431968e-005, 0.21649241, 0.21649241, -2.69709804e-006, -0.976284301, -1.36143935e-005, 1, -5.7816262e-006, 0.109338647, -0.110441772, -0.143521289, 0, 0, 0, 0, 0, 0, 0, 0.175878711, -0.0513149414, -0.119072266, 0, 0, 0, 0, 0, 0, 0, 1, 1, 1, 
198.504057, 0.1, 0.1, 0.115408136, 0.172310946, -0.0199645644, 0.976284283, 1.1000335e-005, 0.21649249, 0.21649249, 8.7813661e-006, -0.976284283, -1.2640554e-005, 1, 6.1916198e-006, 0.976284288, 5.57926279e-006, 0.216492467, 0.216492467, 7.55256884e-006, -0.976284288, -7.08202087e-006, 1, 6.16558592e-006, 0.109338647, -0.110441772, -0.143521289, 0, 0, 0, 0, 0, 0, 0, 0.175878711, -0.0513149414, -0.119072266, 0, 0, 0, 0, 0, 0, 0, 1, 1, 1, 
198.504781, 0.1, 0.1, 0.115408138, 0.172310944, -0.0199671673, 0.976284293, 7.08529639e-006, 0.216492445, 0.216492445, -2.05220433e-006, -0.976284293, -6.47297684e-006, 1, -3.537448e-006, 0.976284287, -1.09730043e-005, 0.216492471, 0.216492472, 4.37071667e-006, -0.976284287, 9.7665444e-006, 1, 6.64263482e-006, 0.109338647, -0.110441772, -0.143521289, 0, 0, 0, 0, 0, 0, 0, 0.175878711, -0.0513149414, -0.119072266, 0, 0, 0, 0, 0, 0, 0, 1, 1, 1, 
198.505514, 0.1, 0.1, 0.11540814, 0.172310943, -0.0199700174, 0.976284293, -5.76257544e-006, 0.216492446, 0.216492446, -4.54588301e-006, -0.976284293, 6.61006122e-006, 1, -3.19052013e-006, 0.976284298, -1.16565301e-005, 0.216492425, 0.216492425, -5.9391735e-006, -0.976284298, 1.26658734e-005, 1, -3.27477137e-006, 0.109546021, -0.113102368, -0.143167554, 0, 0, 0, 0, 0, 0, 0, 0.175878711, -0.0513149414, -0.119072266, 0, 0, 0, 0, 0, 0, 0, 1, 1, 1, 
198.506219, 0.1, 0.1, 0.115408141, 0.172310941, -0.0199721365, 0.976284282, -9.7385088e-006, 0.216492495, 0.216492495, 4.41266088e-006, -0.976284282, 8.55224511e-006, 1, 6.41632552e-006, 0.97628428, -4.03206829e-006, 0.216492506, 0.216492506, -3.31284489e-006, -0.97628428, 4.65365098e-006, 1, -2.36136582e-006, 0.109546021, -0.113102368, -0.143167554, 0, 0, 0, 0, 0, 0, 0, 0.176065674, -0.0541254883, -0.118424268, 0, 0, 0, 0, 0, 0, 0, 1, 1, 1, 
198.506934, 0.1, 0.1, 0.115408141, 0.172310939, -0.0199731461, 0.976284296, -4.63556583e-006, 0.216492431, 0.216492431, 4.1391412e-006, -0.976284296, 3.62953738e-006, 1, 5.04454347e-006, 0.976284296, 8.0286697e-006, 0.216492431, 0.216492431, 7.45535527e-006, -0.976284296, -9.45229214e-006, 1, 5.54040006e-006, 0.109546021, -0.113102368, -0.143167554, 0, 0, 0, 0, 0, 0, 0, 0.176065674, -0.0541254883, -0.118424268, 0, 0, 0, 0, 0, 0, 0, 1, 1, 1, 
198.507642, 0.1, 0.1, 0.115408142, 0.172310937, -0.0199728655, 0.976284277, 8.3529464e-006, 0.216492517, 0.216492517, -3.07393666e-006, -0.976284277, -7.48936596e-006, 1, -4.80938642e-006, 0.97628428, 1.16548387e-005, 0.216492503, 0.216492503, 6.49788657e-006, -0.97628428, -1.27851796e-005, 1, 3.82059931e-006, 0.109546021, -0.113102368, -0.143167554, 0, 0, 0, 0, 0, 0, 0, 0.176065674, -0.0541254883, -0.118424268, 0, 0, 0, 0, 0, 0, 0, 1, 1, 1, 
198.508377, 0.1, 0.1, 0.115408144, 0.172310936, -0.0199711658, 0.976284294, 1.1388711e-005, 0.216492441, 0.216492442, -2.53150714e-006, -0.976284294, -1.05705675e-005, 1, -4.93704051e-006, 0.97628429, 7.53676623e-006, 0.216492459, 0.216492459, -3.53369154e-006, -0.97628429, -6.59300889e-006, 1, -5.0815406e-006, 0.110342065, -0.115630054, -0.142444727, 0, 0, 0, 0, 0, 0, 0, 0.176048437, -0.0573090332, -0.117747461, 0, 0, 0, 0, 0, 0, 0, 1, 1, 1, 
198.509083, 0.1, 0.1, 0.115408146, 0.172310935, -0.0199689605, 0.976284284, 5.40079356e-006, 0.216492485, 0.216492485, 5.48857313e-006, -0.976284284, -6.46094471e-006, 1, 4.18917647e-006, 0.97628429, -7.26468599e-006, 0.216492461, 0.216492461, -7.35464707e-006, -0.97628429, 8.68462445e-006, 1, -5.60747664e-006, 0.110342065, -0.115630054, -0.142444727, 0, 0, 0, 0, 0, 0, 0, 0.176048437, -0.0573090332, -0.117747461, 0, 0, 0, 0, 0, 0, 0, 1, 1, 1, 
198.509789, 0.1, 0.1, 0.115408148, 0.172310934, -0.0199669664, 0.976284286, -8.94718818e-006, 0.21649248, 0.21649248, 2.73196993e-006, -0.976284286, 8.14354828e-006, 1, 4.60417826e-006, 0.976284281, -1.50624883e-005, 0.216492501, 0.216492501, 1.45972218e-006, -0.976284281, 1.43892516e-005, 1, 4.68601958e-006, 0.110342065, -0.115630054, -0.142444727, 0, 0, 0, 0, 0, 0, 0, 0.176048437, -0.0573090332, -0.117747461, 0, 0, 0, 0, 0, 0, 0, 1, 1, 1, 
198.510499, 0.1, 0.1, 0.115408149, 0.172310933, -0.0199657354, 0.976284296, -1.12431098e-005, 0.216492432, 0.216492432, -8.92842155e-006, -0.976284296, 1.29094072e-005, 1, -6.28262957e-006, 0.9762843, -8.94345843e-006, 0.216492416, 0.216492416, 2.69888752e-006, -0.9762843, 8.14706937e-006, 1, 4.57107244e-006, 0.110342065, -0.115630054, -0.142444727, 0, 0, 0, 0, 0, 0, 0, 0.176048437, -0.0573090332, -0.117747461, 0, 0, 0, 0, 0, 0, 0, 1, 1, 1, 
198.511204, 0.1, 0.1, 0.11540815, 0.172310931, -0.0199656122, 0.976284277, -5.4107185e-006, 0.216492517, 0.216492517, -6.76079026e-006, -0.976284277, 6.7460599e-006, 1, -5.42907317e-006, 0.976284277, 1.08071572e-005, 0.216492517, 0.216492517, -3.68026625e-006, -0.976284277, -9.75410759e-006, 1, -5.93265475e-006, 0.110342065, -0.115630054, -0.142444727, 0, 0, 0, 0, 0, 0, 0, 0.176048437, -0.0573090332, -0.117747461, 0, 0, 0, 0, 0, 0, 0, 1, 1, 1, 
198.511912, 0.1, 0.1, 0.11540815, 0.17231093, -0.0199665278, 0.9762843, 7.98650474e-006, 0.216492414, 0.216492414, 7.67906371e-006, -0.9762843, -9.45955823e-006, 1, 5.76793165e-006, 0.976284296, 1.60626914e-005, 0.21649243, 0.21649243, -1.20968009e-006, -0.976284297, -1.54198668e-005, 1, -4.65844278e-006, 0.110342065, -0.115630054, -0.142444727, 0, 0, 0, 0, 0, 0, 0, 0.176048437, -0.0573090332, -0.117747461, 0, 0, 0, 0, 0, 0, 0, 1, 1, 1, 
198.512629, 0.1, 0.1, 0.115408152, 0.172310928, -0.0199681502, 0.976284283, 1.23429475e-005, 0.216492493, 0.216492493, 7.38477059e-006, -0.976284283, -1.36489731e-005, 1, 4.53747998e-006, 0.976284287, 7.27570528e-006, 0.216492473, 0.216492472, 6.45450234e-006, -0.976284287, -8.50050791e-006, 1, 4.72629379e-006, 0.110342065, -0.115630054, -0.142444727, 0, 0, 0, 0, 0, 0, 0, 0.176048437, -0.0573090332, -0.117747461, 0, 0, 0, 0, 0, 0, 0, 1, 1, 1, 
198.513351, 0.1, 0.1, 0.115408154, 0.172310927, -0.0199697162, 0.976284294, 8.02715654e-006, 0.216492443, 0.216492443, -3.75815419e-006, -0.976284294, -7.02317487e-006, 1, -5.40684564e-006, 0.976284288, -8.57301927e-006, 0.216492469, 0.216492469, 2.46347421e-006, -0.976284288, 7.8363804e-006, 1, 4.26104527e-006, 0.111172534, -0.118348389, -0.141688574, 0, 0, 0, 0, 0, 0, 0, 0.176187305, -0.0599212402, -0.117264355, 0, 0, 0, 0, 0, 0, 0, 1, 1, 1, 
198.514058, 0.1, 0.1, 0.115408155, 0.172310927, -0.0199709144, 0.976284296, -5.5586658e-006, 0.216492435, 0.216492435, -6.74576425e-006, -0.976284296, 6.88724505e-006, 1, -5.38237461e-006, 0.976284299, -1.05299273e-005, 0.216492418, 0.216492418, -7.94928019e-006, -0.976284299, 1.20011616e-005, 1, -5.48110801e-006, 0.111172534, -0.118348389, -0.141688574, 0, 0, 0, 0, 0, 0, 0, 0.176187305, -0.0599212402, -0.117264355, 0, 0, 0, 0, 0, 0, 0, 1, 1, 1, 
198.514768, 0.1, 0.1, 0.115408156, 0.172310925, -0.0199714861, 0.976284288, -1.15392696e-005, 0.216492468, 0.216492468, 1.94611975e-006, -0.976284288, 1.08442873e-005, 1, 4.39813109e-006, 0.976284285, -5.52853983e-006, 0.216492483, 0.216492483, -6.09007355e-006, -0.976284285, 6.7158817e-006, 1, -4.74875579e-006, 0.111172534, -0.118348389, -0.141688574, 0, 0, 0, 0, 0, 0, 0, 0.176187305, -0.0599212402, -0.117264355, 0, 0, 0, 0, 0, 0, 0, 1, 1, 1, 
198.515476, 0.1, 0.1, 0.115408157, 0.172310924, -0.0199712939, 0.976284305, -7.13242655e-006, 0.216492391, 0.216492391, 2.70539729e-006, -0.976284305, 6.37757817e-006, 1, 4.18535299e-006, 0.976284305, 6.31091583e-006, 0.216492392, 0.216492392, 6.04082712e-006, -0.976284305, -7.46904118e-006, 1, 4.53129944e-006, 0.111172534, -0.118348389, -0.141688574, 0, 0, 0, 0, 0, 0, 0, 0.176187305, -0.0599212402, -0.117264355, 0, 0, 0, 0, 0, 0, 0, 1, 1, 1, 
198.516184, 0.1, 0.1, 0.115408158, 0.172310922, -0.0199704651, 0.976284287, 8.68532312e-006, 0.216492472, 0.216492472, -3.42348808e-006, -0.976284287, -7.7381851e-006, 1, -5.22260469e-006, 0.97628429, 1.19168636e-005, 0.21649246, 0.21649246, 6.82976578e-006, -0.97628429, -1.31128395e-005, 1, 4.08788192e-006, 0.111172534, -0.118348389, -0.141688574, 0, 0, 0, 0, 0, 0, 0, 0.176187305, -0.0599212402, -0.117264355, 0, 0, 0, 0, 0, 0, 0, 1, 1, 1, 
198.516891, 0.1, 0.1, 0.115408159, 0.172310921, -0.0199692826, 0.976284305, 1.38875147e-005, 0.21649239, 0.21649239, -1.69777208e-006, -0.976284305, -1.31906079e-005, 1, -4.66404949e-006, 0.976284301, 9.5310933e-006, 0.21649241, 0.21649241, -2.90191678e-006, -0.976284301, -8.6768138e-006, 1, -4.89650515e-006, 0.111172534, -0.118348389, -0.141688574, 0, 0, 0, 0, 0, 0, 0, 0.176187305, -0.0599212402, -0.117264355, 0, 0, 0, 0, 0, 0, 0, 1, 1, 1, 
198.517621, 0.1, 0.1, 0.115408161, 0.17231092, -0.0199679399, 0.976284295, 7.89728466e-006, 0.216492438, 0.216492438, 6.55971849e-006, -0.976284295, -9.13012444e-006, 1, 4.69444773e-006, 0.9762843, -5.00275548e-006, 0.216492413, 0.216492413, -6.6693495e-006, -0.9762843, 6.3279752e-006, 1, -5.42812261e-006, 0.111570679, -0.121046338, -0.140889697, 0, 0, 0, 0, 0, 0, 0, 0.176187305, -0.0599212402, -0.117264355, 0, 0, 0, 0, 0, 0, 0, 1, 1, 1, 
198.518344, 0.1, 0.1, 0.115408162, 0.172310919, -0.0199667286, 0.976284295, -7.42114345e-006, 0.216492436, 0.216492436, 3.64083766e-006, -0.976284295, 6.45693199e-006, 1, 5.16111405e-006, 0.97628429, -1.32469715e-005, 0.216492457, 0.216492457, 2.45170385e-006, -0.976284291, 1.24020347e-005, 1, 5.26142936e-006, 0.111570679, -0.121046338, -0.140889697, 0, 0, 0, 0, 0, 0, 0, 0.176387451, -0.0627200684, -0.116586328, 0, 0, 0, 0, 0, 0, 0, 1, 1, 1, 
198.519047, 0.1, 0.1, 0.115408163, 0.172310918, -0.0199663427, 0.976284306, -1.09217076e-005, 0.216492388, 0.216492388, -8.2453625e-006, -0.976284306, 1.24477499e-005, 1, -5.68535145e-006, 0.976284309, -8.28842207e-006, 0.216492373, 0.216492373, 3.18125109e-006, -0.976284309, 7.40313982e-006, 1, 4.90018568e-006, 0.111570679, -0.121046338, -0.140889697, 0, 0, 0, 0, 0, 0, 0, 0.176387451, -0.0627200684, -0.116586328, 0, 0, 0, 0, 0, 0, 0, 1, 1, 1, 
198.519759, 0.1, 0.1, 0.115408163, 0.172310917, -0.0199667794, 0.976284287, -5.85771445e-006, 0.216492471, 0.216492471, -6.00934292e-006, -0.976284287, 7.01977207e-006, 1, -4.59867599e-006, 0.976284287, 9.93353479e-006, 0.216492471, 0.216492471, -2.9071069e-006, -0.976284287, -9.06858718e-006, 1, -4.98869828e-006, 0.111570679, -0.121046338, -0.140889697, 0, 0, 0, 0, 0, 0, 0, 0.176387451, -0.0627200684, -0.116586328, 0, 0, 0, 0, 0, 0, 0, 1, 1, 1, 
198.52048, 0.1, 0.1, 0.115408164, 0.172310915, -0.0199678674, 0.976284309, 5.60758478e-006, 0.216492372, 0.216492372, 8.36912015e-006, -0.976284309, -7.28644771e-006, 1, 6.95664135e-006, 0.976284306, 1.41419923e-005, 0.216492389, 0.216492389, -9.94442047e-007, -0.976284306, -1.3591316e-005, 1, -4.03249186e-006, 0.111570679, -0.121046338, -0.140889697, 0, 0, 0, 0, 0, 0, 0, 0.176387451, -0.0627200684, -0.116586328, 0, 0, 0, 0, 0, 0, 0, 1, 1, 1, 
198.521186, 0.1, 0.1, 0.115408166, 0.172310913, -0.0199690804, 0.976284292, 9.87605827e-006, 0.216492452, 0.216492452, 8.29666473e-006, -0.976284292, -1.14380058e-005, 1, 5.96181138e-006, 0.976284296, 5.34464657e-006, 0.216492433, 0.216492433, 7.50480312e-006, -0.976284296, -6.8426276e-006, 1, 6.16974589e-006, 0.111570679, -0.121046338, -0.140889697, 0, 0, 0, 0, 0, 0, 0, 0.176632764, -0.066096582, -0.115907568, 0, 0, 0, 0, 0, 0, 0, 1, 1, 1, 
198.521896, 0.1, 0.1, 0.115408168, 0.172310912, -0.0199702175, 0.9762843, 7.32725163e-006, 0.216492412, 0.216492412, -2.48538893e-006, -0.9762843, -6.61541288e-006, 1, -4.01274057e-006, 0.976284295, -8.99877312e-006, 0.216492435, 0.216492435, 3.61851276e-006, -0.976284295, 8.00198023e-006, 1, 5.48086348e-006, 0.111570679, -0.121046338, -0.140889697, 0, 0, 0, 0, 0, 0, 0, 0.176632764, -0.066096582, -0.115907568, 0, 0, 0, 0, 0, 0, 0, 1, 1, 1, 
198.522606, 0.1, 0.1, 0.115408169, 0.172310912, -0.0199709315, 0.9762843, -5.4411827e-006, 0.216492415, 0.216492415, -5.97176163e-006, -0.9762843, 6.60498233e-006, 1, -4.65216234e-006, 0.976284304, -1.06088004e-005, 0.216492396, 0.216492396, -7.15741874e-006, -0.976284304, 1.1906732e-005, 1, -4.69095096e-006, 0.111570679, -0.121046338, -0.140889697, 0, 0, 0, 0, 0, 0, 0, 0.176632764, -0.066096582, -0.115907568, 0, 0, 0, 0, 0, 0, 0, 1, 1, 1, 
198.523323, 0.1, 0.1, 0.11540817, 0.17231091, -0.0199709099, 0.97628429, -1.0563329e-005, 0.216492462, 0.216492462, 3.395207e-006, -0.97628429, 9.57777546e-006, 1, 5.60156836e-006, 0.976284287, -4.39787767e-006, 0.216492474, 0.216492474, -4.74179806e-006, -0.976284287, 5.32014246e-006, 1, -3.67723552e-006, 0.112401147, -0.123772852, -0.140172119, 0, 0, 0, 0, 0, 0, 0, 0.176632764, -0.066096582, -0.115907568, 0, 0, 0, 0, 0, 0, 0, 1, 1, 1, 
198.52403, 0.1, 0.1, 0.11540817, 0.172310908, -0.0199703689, 0.976284305, -6.88902041e-006, 0.216492394, 0.216492394, 2.83060943e-006, -0.976284305, 6.11283709e-006, 1, 4.25490008e-006, 0.976284305, 7.29687327e-006, 0.216492393, 0.216492393, 6.57209118e-006, -0.976284305, -8.5466306e-006, 1, 4.83651192e-006, 0.112401147, -0.123772852, -0.140172119, 0, 0, 0, 0, 0, 0, 0, 0.176632764, -0.066096582, -0.115907568, 0, 0, 0, 0, 0, 0, 0, 1, 1, 1, 
198.524738, 0.1, 0.1, 0.115408171, 0.172310908, -0.0199694849, 0.976284284, 8.28979289e-006, 0.216492489, 0.216492489, -4.19690276e-006, -0.976284284, -7.1845966e-006, 1, -5.8920481e-006, 0.976284287, 1.18969751e-005, 0.216492473, 0.216492473, 6.47121382e-006, -0.976284287, -1.30157989e-005, 1, 3.74213881e-006, 0.112401147, -0.123772852, -0.140172119, 0, 0, 0, 0, 0, 0, 0, 0.176632764, -0.066096582, -0.115907568, 0, 0, 0, 0, 0, 0, 0, 1, 1, 1, 
198.525473, 0.1, 0.1, 0.115408172, 0.172310907, -0.0199682878, 0.976284302, 1.37634668e-005, 0.216492403, 0.216492403, -2.67762768e-006, -0.976284303, -1.28573705e-005, 1, -5.59381187e-006, 0.976284298, 9.39963568e-006, 0.216492423, 0.216492423, -3.8766574e-006, -0.976284298, -8.33744976e-006, 1, -5.81966966e-006, 0.113054395, -0.126236084, -0.139031738, 0, 0, 0, 0, 0, 0, 0, 0.176614307, -0.0684403809, -0.115227588, 0, 0, 0, 0, 0, 0, 0, 1, 1, 1, 
198.52618, 0.1, 0.1, 0.115408174, 0.172310906, -0.0199673222, 0.976284293, 6.60162753e-006, 0.216492446, 0.216492446, 6.20135345e-006, -0.976284293, -7.78761144e-006, 1, 4.62508148e-006, 0.976284298, -6.62466923e-006, 0.216492422, 0.216492422, -7.34284829e-006, -0.976284298, 8.05723156e-006, 1, -5.73451681e-006, 0.113054395, -0.126236084, -0.139031738, 0, 0, 0, 0, 0, 0, 0, 0.176614307, -0.0684403809, -0.115227588, 0, 0, 0, 0, 0, 0, 0, 1, 1, 1, 
198.526889, 0.1, 0.1, 0.115408176, 0.172310905, -0.0199669337, 0.976284294, -8.98569633e-006, 0.21649244, 0.21649244, 3.14517656e-006, -0.976284294, 8.09168725e-006, 1, 5.0159218e-006, 0.976284289, -1.47677045e-005, 0.216492462, 0.216492462, 1.96680717e-006, -0.97628429, 1.39916789e-005, 1, 5.11725964e-006, 0.113054395, -0.126236084, -0.139031738, 0, 0, 0, 0, 0, 0, 0, 0.176614307, -0.0684403809, -0.115227588, 0, 0, 0, 0, 0, 0, 0, 1, 1, 1, 
198.527609, 0.1, 0.1, 0.115408177, 0.172310904, -0.0199671249, 0.976284306, -1.21621525e-005, 0.216492389, 0.216492389, -7.94597079e-006, -0.976284306, 1.35939609e-005, 1, -5.12451311e-006, 0.976284309, -9.81556207e-006, 0.216492375, 0.216492375, 3.22898042e-006, -0.976284309, 8.88372959e-006, 1, 5.27739725e-006, 0.113054395, -0.126236084, -0.139031738, 0, 0, 0, 0, 0, 0, 0, 0.176614307, -0.0684403809, -0.115227588, 0, 0, 0, 0, 0, 0, 0, 1, 1, 1, 
198.528318, 0.1, 0.1, 0.115408177, 0.172310903, -0.0199678195, 0.976284288, -6.60136289e-006, 0.216492468, 0.216492468, -6.0889005e-006, -0.976284288, 7.76300797e-006, 1, -4.51535254e-006, 0.976284288, 8.85849163e-006, 0.216492469, 0.216492469, -3.02218467e-006, -0.976284288, -7.99412597e-006, 1, -4.86830813e-006, 0.113054395, -0.126236084, -0.139031738, 0, 0, 0, 0, 0, 0, 0, 0.176614307, -0.0684403809, -0.115227588, 0, 0, 0, 0, 0, 0, 0, 1, 1, 1, 
198.529025, 0.1, 0.1, 0.115408178, 0.172310901, -0.0199688212, 0.97628431, 6.86239235e-006, 0.216492371, 0.216492371, 7.22321774e-006, -0.97628431, -8.26341752e-006, 1, 5.56625855e-006, 0.976284306, 1.40956396e-005, 0.216492386, 0.216492386, -1.05313116e-006, -0.976284306, -1.35333568e-005, 1, -4.07975407e-006, 0.113054395, -0.126236084, -0.139031738, 0, 0, 0, 0, 0, 0, 0, 0.176614307, -0.0684403809, -0.115227588, 0, 0, 0, 0, 0, 0, 0, 1, 1, 1, 
198.52973, 0.1, 0.1, 0.115408179, 0.1723109, -0.0199698578, 0.976284293, 1.18608881e-005, 0.216492444, 0.216492444, 7.37886276e-006, -0.976284294, -1.31770668e-005, 1, 4.63607518e-006, 0.976284297, 7.34102526e-006, 0.216492426, 0.216492426, 6.52845812e-006, -0.976284297, -8.58028943e-006, 1, 4.78435478e-006, 0.113054395, -0.126236084, -0.139031738, 0, 0, 0, 0, 0, 0, 0, 0.176614307, -0.0684403809, -0.115227588, 0, 0, 0, 0, 0, 0, 0, 1, 1, 1, 
198.530466, 0.1, 0.1, 0.115408181, 0.1723109, -0.0199703484, 0.976284305, 8.51458041e-006, 0.216492394, 0.216492394, -3.42553568e-006, -0.976284305, -7.5710488e-006, 1, -5.18763861e-006, 0.976284299, -7.73091726e-006, 0.216492419, 0.216492419, 2.54586226e-006, -0.976284299, 6.99641326e-006, 1, 4.15917033e-006, 0.113136548, -0.128356445, -0.138392993, 0, 0, 0, 0, 0, 0, 0, 0.176565576, -0.0709058594, -0.114684668, 0, 0, 0, 0, 0, 0, 0, 1, 1, 1, 
198.531173, 0.1, 0.1, 0.115408182, 0.172310899, -0.0199703636, 0.976284306, -4.60643994e-006, 0.216492386, 0.216492386, -6.44506521e-006, -0.976284306, 5.89250257e-006, 1, -5.29495684e-006, 0.97628431, -9.83628296e-006, 0.21649237, 0.216492369, -7.77664107e-006, -0.97628431, 1.12865922e-005, 1, -5.46273246e-006, 0.113136548, -0.128356445, -0.138392993, 0, 0, 0, 0, 0, 0, 0, 0.176565576, -0.0709058594, -0.114684668, 0, 0, 0, 0, 0, 0, 0, 1, 1, 1, 
198.531881, 0.1, 0.1, 0.115408182, 0.172310898, -0.0199699877, 0.976284299, -1.13491065e-005, 0.21649242, 0.21649242, 2.66985639e-006, -0.976284299, 1.05019508e-005, 1, 5.0635344e-006, 0.976284295, -5.00189455e-006, 0.216492436, 0.216492436, -5.81333409e-006, -0.976284295, 6.14181395e-006, 1, -4.59259444e-006, 0.113136548, -0.128356445, -0.138392993, 0, 0, 0, 0, 0, 0, 0, 0.176565576, -0.0709058594, -0.114684668, 0, 0, 0, 0, 0, 0, 0, 1, 1, 1, 
198.53259, 0.1, 0.1, 0.115408183, 0.172310896, -0.0199693711, 0.976284317, -7.29182531e-006, 0.21649234, 0.21649234, 3.3955585e-006, -0.976284317, 6.38378229e-006, 1, 4.89365483e-006, 0.976284316, 7.25913321e-006, 0.21649234, 0.21649234, 7.00144863e-006, -0.976284316, -8.6027379e-006, 1, 5.26385775e-006, 0.113136548, -0.128356445, -0.138392993, 0, 0, 0, 0, 0, 0, 0, 0.176565576, -0.0709058594, -0.114684668, 0, 0, 0, 0, 0, 0, 0, 1, 1, 1, 
198.533297, 0.1, 0.1, 0.115408183, 0.172310895, -0.019968719, 0.976284297, 8.89881118e-006, 0.216492428, 0.216492428, -3.48987757e-006, -0.976284297, -7.93223755e-006, 1, -5.33363791e-006, 0.9762843, 1.2370686e-005, 0.216492414, 0.216492414, 7.40030499e-006, -0.9762843, -1.36794165e-005, 1, 4.54664189e-006, 0.113136548, -0.128356445, -0.138392993, 0, 0, 0, 0, 0, 0, 0, 0.176565576, -0.0709058594, -0.114684668, 0, 0, 0, 0, 0, 0, 0, 1, 1, 1, 
198.534002, 0.1, 0.1, 0.115408184, 0.172310895, -0.0199682422, 0.976284315, 1.37398713e-005, 0.216492345, 0.216492345, -1.72916792e-006, -0.976284316, -1.30396692e-005, 1, -4.66273647e-006, 0.976284311, 9.24197072e-006, 0.216492365, 0.216492365, -2.94090174e-006, -0.976284311, -8.38610824e-006, 1, -4.87197232e-006, 0.113136548, -0.128356445, -0.138392993, 0, 0, 0, 0, 0, 0, 0, 0.176565576, -0.0709058594, -0.114684668, 0, 0, 0, 0, 0, 0, 0, 1, 1, 1, 
198.534719, 0.1, 0.1, 0.115408186, 0.172310894, -0.0199679881, 0.976284306, 6.57949522e-006, 0.21649239, 0.21649239, 6.98768576e-006, -0.976284306, -7.9362387e-006, 1, 5.39755729e-006, 0.976284311, -6.57808171e-006, 0.216492365, 0.216492364, -6.38698524e-006, -0.976284311, 7.80481151e-006, 1, -4.81140902e-006, 0.113136548, -0.128356445, -0.138392993, 0, 0, 0, 0, 0, 0, 0, 0.176565576, -0.0709058594, -0.114684668, 0, 0, 0, 0, 0, 0, 0, 1, 1, 1, 
198.535454, 0.1, 0.1, 0.115408187, 0.172310893, -0.0199677209, 0.976284306, -8.33410171e-006, 0.216492386, 0.216492386, 3.2577442e-006, -0.976284306, 7.43117589e-006, 1, 4.9847541e-006, 0.976284301, -1.39815148e-005, 0.216492408, 0.216492408, 2.11650559e-006, -0.976284302, 1.3191726e-005, 1, 5.09320298e-006, 0.113431812, -0.130703467, -0.13754187, 0, 0, 0, 0, 0, 0, 0, 0.176525879, -0.0737177246, -0.114093164, 0, 0, 0, 0, 0, 0, 0, 1, 1, 1, 
198.536162, 0.1, 0.1, 0.115408188, 0.172310892, -0.0199678392, 0.976284317, -1.0571509e-005, 0.216492335, 0.216492335, -8.26387808e-006, -0.976284318, 1.21098647e-005, 1, -5.7792439e-006, 0.976284321, -8.20322807e-006, 0.216492322, 0.216492322, 2.69477311e-006, -0.976284321, 7.42528526e-006, 1, 4.40680063e-006, 0.113431812, -0.130703467, -0.13754187, 0, 0, 0, 0, 0, 0, 0, 0.176525879, -0.0737177246, -0.114093164, 0, 0, 0, 0, 0, 0, 0, 1, 1, 1, 
198.536866, 0.1, 0.1, 0.115408188, 0.172310891, -0.0199683565, 0.976284301, -5.65180331e-006, 0.216492409, 0.216492409, -6.63244405e-006, -0.976284301, 6.95364064e-006, 1, -5.25157848e-006, 0.976284301, 9.30682946e-006, 0.21649241, 0.21649241, -3.7241242e-006, -0.976284301, -8.27986687e-006, 1, -5.65066193e-006, 0.113431812, -0.130703467, -0.13754187, 0, 0, 0, 0, 0, 0, 0, 0.176525879, -0.0737177246, -0.114093164, 0, 0, 0, 0, 0, 0, 0, 1, 1, 1, 
198.537596, 0.1, 0.1, 0.115408188, 0.17231089, -0.0199689592, 0.976284324, 8.0090951e-006, 0.216492308, 0.216492308, 6.53897391e-006, -0.976284324, -9.23479155e-006, 1, 4.64999023e-006, 0.97628432, 1.55816764e-005, 0.216492324, 0.216492324, -1.81178894e-006, -0.97628432, -1.48199079e-005, 1, -5.14213446e-006, 0.113725732, -0.133057935, -0.136913989, 0, 0, 0, 0, 0, 0, 0, 0.176525879, -0.0737177246, -0.114093164, 0, 0, 0, 0, 0, 0, 0, 1, 1, 1, 
198.538318, 0.1, 0.1, 0.115408189, 0.172310889, -0.019969231, 0.976284306, 1.14644586e-005, 0.216492389, 0.216492389, 6.91078012e-006, -0.976284306, -1.26887023e-005, 1, 4.26491815e-006, 0.97628431, 6.91288296e-006, 0.216492369, 0.216492369, 6.03369901e-006, -0.97628431, -8.05518897e-006, 1, 4.39401927e-006, 0.113725732, -0.133057935, -0.136913989, 0, 0, 0, 0, 0, 0, 0, 0.17646543, -0.0759399414, -0.113731982, 0, 0, 0, 0, 0, 0, 0, 1, 1, 1, 
198.539023, 0.1, 0.1, 0.115408191, 0.172310888, -0.0199694508, 0.976284315, 8.97350665e-006, 0.216492349, 0.216492349, -3.27505146e-006, -0.976284315, -8.05167021e-006, 1, -5.1400769e-006, 0.976284309, -7.59968023e-006, 0.216492372, 0.216492372, 2.89157052e-006, -0.976284309, 6.79344561e-006, 1, 4.46826773e-006, 0.113725732, -0.133057935, -0.136913989, 0, 0, 0, 0, 0, 0, 0, 0.17646543, -0.0759399414, -0.113731982, 0, 0, 0, 0, 0, 0, 0, 1, 1, 1, 
198.539731, 0.1, 0.1, 0.115408192, 0.172310888, -0.0199695591, 0.976284314, -5.27753765e-006, 0.216492353, 0.216492353, -6.34777843e-006, -0.976284314, 6.52662271e-006, 1, -5.05468996e-006, 0.976284318, -1.04985677e-005, 0.216492334, 0.216492334, -7.66434778e-006, -0.976284318, 1.19088596e-005, 1, -5.20972311e-006, 0.113725732, -0.133057935, -0.136913989, 0, 0, 0, 0, 0, 0, 0, 0.17646543, -0.0759399414, -0.113731982, 0, 0, 0, 0, 0, 0, 0, 1, 1, 1, 
198.540445, 0.1, 0.1, 0.115408192, 0.172310887, -0.0199694832, 0.976284304, -1.26321511e-005, 0.216492398, 0.216492398, 2.73696235e-006, -0.976284304, 1.17400393e-005, 1, 5.40681808e-006, 0.9762843, -6.10423753e-006, 0.216492412, 0.216492412, -5.89128078e-006, -0.9762843, 7.23488885e-006, 1, -4.43004383e-006, 0.113725732, -0.133057935, -0.136913989, 0, 0, 0, 0, 0, 0, 0, 0.17646543, -0.0759399414, -0.113731982, 0, 0, 0, 0, 0, 0, 0, 1, 1, 1, 
198.54115, 0.1, 0.1, 0.115408193, 0.172310885, -0.0199692777, 0.97628432, -8.08683194e-006, 0.216492324, 0.216492324, 3.44187422e-006, -0.97628432, 7.14990787e-006, 1, 5.11098488e-006, 0.97628432, 6.34408206e-006, 0.216492323, 0.216492323, 7.01371151e-006, -0.97628432, -7.71204254e-006, 1, 5.47393151e-006, 0.113725732, -0.133057935, -0.136913989, 0, 0, 0, 0, 0, 0, 0, 0.17646543, -0.0759399414, -0.113731982, 0, 0, 0, 0, 0, 0, 0, 1, 1, 1, 
198.541858, 0.1, 0.1, 0.115408193, 0.172310885, -0.019969044, 0.976284299, 8.52036891e-006, 0.216492418, 0.216492418, -3.34834205e-006, -0.976284299, -7.59341173e-006, 1, -5.11352903e-006, 0.976284302, 1.17863687e-005, 0.216492403, 0.216492403, 7.29771173e-006, -0.976284303, -1.30867459e-005, 1, 4.57298212e-006, 0.113725732, -0.133057935, -0.136913989, 0, 0, 0, 0, 0, 0, 0, 0.17646543, -0.0759399414, -0.113731982, 0, 0, 0, 0, 0, 0, 0, 1, 1, 1, 
198.542591, 0.1, 0.1, 0.115408194, 0.172310884, -0.0199687199, 0.976284317, 1.53418948e-005, 0.216492336, 0.216492336, -1.8957597e-006, -0.976284318, -1.45676339e-005, 1, -5.17220311e-006, 0.976284313, 1.0500585e-005, 0.216492356, 0.216492356, -3.1971051e-006, -0.976284313, -9.55940763e-006, 1, -5.39457995e-006, 0.114255103, -0.135404956, -0.136096069, 0, 0, 0, 0, 0, 0, 0, 0.17646543, -0.0759399414, -0.113731982, 0, 0, 0, 0, 0, 0, 0, 1, 1, 1, 
198.543299, 0.1, 0.1, 0.115408195, 0.172310883, -0.0199683158, 0.976284307, 8.15860942e-006, 0.216492381, 0.216492381, 6.71556528e-006, -0.976284307, -9.41899107e-006, 1, 4.79002422e-006, 0.976284313, -4.58896545e-006, 0.216492356, 0.216492356, -6.39476031e-006, -0.976284313, 5.86455171e-006, 1, -5.24962823e-006, 0.114255103, -0.135404956, -0.136096069, 0, 0, 0, 0, 0, 0, 0, 0.176706104, -0.0783636719, -0.113005859, 0, 0, 0, 0, 0, 0, 0, 1, 1, 1, 
198.544008, 0.1, 0.1, 0.115408196, 0.172310882, -0.0199681667, 0.976284308, -7.43294066e-006, 0.21649238, 0.21649238, 3.65348146e-006, -0.976284308, 6.46571243e-006, 1, 5.17601163e-006, 0.976284303, -1.28177695e-005, 0.2164924, 0.2164924, 2.55589452e-006, -0.976284303, 1.19604554e-005, 1, 5.27022937e-006, 0.114255103, -0.135404956, -0.136096069, 0, 0, 0, 0, 0, 0, 0, 0.176706104, -0.0783636719, -0.113005859, 0, 0, 0, 0, 0, 0, 0, 1, 1, 1, 
198.544716, 0.1, 0.1, 0.115408197, 0.172310881, -0.0199683056, 0.976284318, -1.07645874e-005, 0.216492335, 0.216492335, -7.90037543e-006, -0.976284318, 1.22196686e-005, 1, -5.38256198e-006, 0.976284321, -8.22163208e-006, 0.21649232, 0.21649232, 3.0312377e-006, -0.976284321, 7.37041081e-006, 1, 4.73927004e-006, 0.114255103, -0.135404956, -0.136096069, 0, 0, 0, 0, 0, 0, 0, 0.176706104, -0.0783636719, -0.113005859, 0, 0, 0, 0, 0, 0, 0, 1, 1, 1, 
198.545423, 0.1, 0.1, 0.115408197, 0.172310881, -0.0199686854, 0.9762843, -6.66046635e-006, 0.216492412, 0.216492412, -6.64624356e-006, -0.9762843, 7.94137003e-006, 1, -5.04668282e-006, 0.9762843, 8.24215099e-006, 0.216492413, 0.216492413, -3.73364033e-006, -0.9762843, -7.23837781e-006, 1, -5.4294576e-006, 0.114255103, -0.135404956, -0.136096069, 0, 0, 0, 0, 0, 0, 0, 0.176706104, -0.0783636719, -0.113005859, 0, 0, 0, 0, 0, 0, 0, 1, 1, 1, 
198.546129, 0.1, 0.1, 0.115408198, 0.17231088, -0.0199691803, 0.976284321, 5.62865045e-006, 0.21649232, 0.21649232, 6.47231526e-006, -0.976284321, -6.89636973e-006, 1, 5.10026031e-006, 0.976284318, 1.30706217e-005, 0.216492334, 0.216492334, -1.84684521e-006, -0.976284318, -1.23608152e-005, 1, -4.63273542e-006, 0.114255103, -0.135404956, -0.136096069, 0, 0, 0, 0, 0, 0, 0, 0.176706104, -0.0783636719, -0.113005859, 0, 0, 0, 0, 0, 0, 0, 1, 1, 1, 
198.546835, 0.1, 0.1, 0.115408199, 0.172310879, -0.0199695993, 0.976284304, 1.0553621e-005, 0.216492397, 0.216492397, 7.02804388e-006, -0.976284304, -1.18248526e-005, 1, 4.57659023e-006, 0.976284308, 6.0489062e-006, 0.216492378, 0.216492378, 6.16465198e-006, -0.976284308, -7.24005238e-006, 1, 4.7089109e-006, 0.114255103, -0.135404956, -0.136096069, 0, 0, 0, 0, 0, 0, 0, 0.176706104, -0.0783636719, -0.113005859, 0, 0, 0, 0, 0, 0, 0, 1, 1, 1, 
198.547572, 0.1, 0.1, 0.1154082, 0.172310878, -0.0199697474, 0.976284315, 1.06691122e-005, 0.216492348, 0.216492349, -3.1348412e-006, -0.976284315, -9.73741778e-006, 1, -5.37027746e-006, 0.976284309, -7.28297196e-006, 0.216492375, 0.216492375, 3.53633864e-006, -0.976284309, 6.34466089e-006, 1, 5.02917982e-006, 0.114935449, -0.137840967, -0.134911743, 0, 0, 0, 0, 0, 0, 0, 0.176706104, -0.0783636719, -0.113005859, 0, 0, 0, 0, 0, 0, 0, 1, 1, 1, 
198.548283, 0.1, 0.1, 0.115408201, 0.172310878, -0.0199694188, 0.976284315, -3.60018871e-006, 0.216492347, 0.216492347, -6.48034006e-006, -0.976284315, 4.91775179e-006, 1, -5.54724106e-006, 0.976284319, -8.90246011e-006, 0.216492328, 0.216492328, -7.81085354e-006, -0.976284319, 1.03823221e-005, 1, -5.69829952e-006, 0.114935449, -0.137840967, -0.134911743, 0, 0, 0, 0, 0, 0, 0, 0.177019287, -0.0810121094, -0.112129004, 0, 0, 0, 0, 0, 0, 0, 1, 1, 1, 
198.548989, 0.1, 0.1, 0.115408201, 0.172310877, -0.0199689986, 0.976284306, -1.21733006e-005, 0.216492387, 0.216492387, 2.94493711e-006, -0.976284306, 1.12470458e-005, 1, 5.51052278e-006, 0.976284303, -5.3265971e-006, 0.216492402, 0.216492402, -5.77326884e-006, -0.976284303, 6.45014197e-006, 1, -4.48318394e-006, 0.114935449, -0.137840967, -0.134911743, 0, 0, 0, 0, 0, 0, 0, 0.177019287, -0.0810121094, -0.112129004, 0, 0, 0, 0, 0, 0, 0, 1, 1, 1, 
198.549702, 0.1, 0.1, 0.115408201, 0.172310875, -0.0199685972, 0.976284324, -8.60288419e-006, 0.216492308, 0.216492308, 3.5768489e-006, -0.976284324, 7.6245007e-006, 1, 5.35447976e-006, 0.976284324, 6.5896825e-006, 0.216492307, 0.216492307, 7.23824135e-006, -0.976284324, -8.00042729e-006, 1, 5.63996599e-006, 0.114935449, -0.137840967, -0.134911743, 0, 0, 0, 0, 0, 0, 0, 0.177019287, -0.0810121094, -0.112129004, 0, 0, 0, 0, 0, 0, 0, 1, 1, 1, 
198.55044, 0.1, 0.1, 0.115408202, 0.172310875, -0.0199680372, 0.9762843, 8.3895548e-006, 0.216492414, 0.216492414, -2.94459437e-006, -0.9762843, -7.55310829e-006, 1, -4.69103623e-006, 0.976284304, 1.20354457e-005, 0.216492397, 0.216492397, 8.15683415e-006, -0.976284304, -1.35159093e-005, 1, 5.35780665e-006, 0.115845142, -0.140047632, -0.133745728, 0, 0, 0, 0, 0, 0, 0, 0.177309766, -0.0834939453, -0.111240674, 0, 0, 0, 0, 0, 0, 0, 1, 1, 1, 
198.55115, 0.1, 0.1, 0.115408203, 0.172310874, -0.0199677447, 0.976284317, 1.31190817e-005, 0.216492339, 0.216492339, -1.01611758e-006, -0.976284317, -1.25879721e-005, 1, -3.83220035e-006, 0.976284313, 8.51959265e-006, 0.216492357, 0.216492357, -2.27498476e-006, -0.976284313, -7.82502784e-006, 1, -4.06545862e-006, 0.115845142, -0.140047632, -0.133745728, 0, 0, 0, 0, 0, 0, 0, 0.177309766, -0.0834939453, -0.111240674, 0, 0, 0, 0, 0, 0, 0, 1, 1, 1, 
198.551863, 0.1, 0.1, 0.115408205, 0.172310873, -0.0199678248, 0.976284305, 6.09129556e-006, 0.216492391, 0.216492391, 7.78943261e-006, -0.976284305, -7.63318914e-006, 1, 6.28598167e-006, 0.976284311, -7.10574464e-006, 0.216492364, 0.216492364, -5.61793395e-006, -0.976284311, 8.15346682e-006, 1, -3.94636132e-006, 0.115845142, -0.140047632, -0.133745728, 0, 0, 0, 0, 0, 0, 0, 0.177309766, -0.0834939453, -0.111240674, 0, 0, 0, 0, 0, 0, 0, 1, 1, 1, 
198.552574, 0.1, 0.1, 0.115408206, 0.172310872, -0.0199682203, 0.976284304, -8.70292408e-006, 0.216492396, 0.216492396, 4.45301979e-006, -0.976284304, 7.53248326e-006, 1, 6.23153022e-006, 0.9762843, -1.43110237e-005, 0.216492415, 0.216492415, 3.34585396e-006, -0.9762843, 1.32472757e-005, 1, 6.36473277e-006, 0.115845142, -0.140047632, -0.133745728, 0, 0, 0, 0, 0, 0, 0, 0.177309766, -0.0834939453, -0.111240674, 0, 0, 0, 0, 0, 0, 0, 1, 1, 1, 
198.553284, 0.1, 0.1, 0.115408206, 0.172310871, -0.0199688324, 0.976284313, -1.04501053e-005, 0.216492355, 0.216492355, -7.03914426e-006, -0.976284313, 1.17261948e-005, 1, -4.60983822e-006, 0.976284317, -8.19519701e-006, 0.21649234, 0.21649234, 3.80793617e-006, -0.976284317, 7.1764533e-006, 1, 5.49182574e-006, 0.115845142, -0.140047632, -0.133745728, 0, 0, 0, 0, 0, 0, 0, 0.177309766, -0.0834939453, -0.111240674, 0, 0, 0, 0, 0, 0, 0, 1, 1, 1, 
198.55399, 0.1, 0.1, 0.115408206, 0.172310871, -0.0199694684, 0.976284295, -5.21246577e-006, 0.216492436, 0.216492436, -5.64512983e-006, -0.976284295, 6.31097637e-006, 1, -4.38279219e-006, 0.976284295, 9.16948021e-006, 0.216492435, 0.216492435, -2.7729338e-006, -0.976284295, -8.35170034e-006, 1, -4.69229482e-006, 0.115845142, -0.140047632, -0.133745728, 0, 0, 0, 0, 0, 0, 0, 0.177309766, -0.0834939453, -0.111240674, 0, 0, 0, 0, 0, 0, 0, 1, 1, 1, 
198.554702, 0.1, 0.1, 0.115408207, 0.172310869, -0.0199699199, 0.976284315, 7.12757011e-006, 0.216492349, 0.216492349, 6.88295016e-006, -0.976284315, -8.44864095e-006, 1, 5.17665189e-006, 0.976284312, 1.43474723e-005, 0.216492362, 0.216492362, -1.07742452e-006, -0.976284312, -1.37739579e-005, 1, -4.15799083e-006, 0.115845142, -0.140047632, -0.133745728, 0, 0, 0, 0, 0, 0, 0, 0.177309766, -0.0834939453, -0.111240674, 0, 0, 0, 0, 0, 0, 0, 1, 1, 1, 
198.555435, 0.1, 0.1, 0.115408208, 0.172310869, -0.0199697963, 0.976284295, 1.11123563e-005, 0.216492439, 0.216492439, 6.20631225e-006, -0.976284295, -1.21924386e-005, 1, 3.65338405e-006, 0.976284299, 6.59038575e-006, 0.216492418, 0.216492418, 5.40398134e-006, -0.976284299, -7.60401111e-006, 1, 3.84905359e-006, 0.116568701, -0.142195825, -0.132903516, 0, 0, 0, 0, 0, 0, 0, 0.17757998, -0.0858942383, -0.110514307, 0, 0, 0, 0, 0, 0, 0, 1, 1, 1, 
198.55614, 0.1, 0.1, 0.115408209, 0.172310869, -0.0199694487, 0.976284302, 9.21961398e-006, 0.216492407, 0.216492407, -3.80895478e-006, -0.976284302, -8.1763546e-006, 1, -5.71459918e-006, 0.976284297, -7.32134889e-006, 0.216492429, 0.216492429, 2.3185128e-006, -0.976284297, 6.64577749e-006, 1, 3.84854424e-006, 0.116568701, -0.142195825, -0.132903516, 0, 0, 0, 0, 0, 0, 0, 0.17757998, -0.0858942383, -0.110514307, 0, 0, 0, 0, 0, 0, 0, 1, 1, 1, 
198.556849, 0.1, 0.1, 0.11540821, 0.172310868, -0.0199690266, 0.976284299, -4.64468395e-006, 0.21649242, 0.21649242, -7.06515556e-006, -0.976284299, 6.06408464e-006, 1, -5.89206157e-006, 0.976284303, -1.00797083e-005, 0.216492399, 0.216492399, -8.44415847e-006, -0.976284304, 1.16687571e-005, 1, -6.06171916e-006, 0.116568701, -0.142195825, -0.132903516, 0, 0, 0, 0, 0, 0, 0, 0.17757998, -0.0858942383, -0.110514307, 0, 0, 0, 0, 0, 0, 0, 1, 1, 1, 
198.557557, 0.1, 0.1, 0.11540821, 0.172310867, -0.0199686334, 0.976284287, -1.19950322e-005, 0.216492474, 0.216492474, 1.99473232e-006, -0.976284287, 1.12787169e-005, 1, 4.54426002e-006, 0.976284284, -5.44759504e-006, 0.216492486, 0.216492486, -6.69141405e-006, -0.976284284, 6.76704229e-006, 1, -5.35335898e-006, 0.116568701, -0.142195825, -0.132903516, 0, 0, 0, 0, 0, 0, 0, 0.17757998, -0.0858942383, -0.110514307, 0, 0, 0, 0, 0, 0, 0, 1, 1, 1, 
198.558271, 0.1, 0.1, 0.11540821, 0.172310866, -0.0199684027, 0.976284302, -8.18170417e-006, 0.216492406, 0.216492406, 2.72912214e-006, -0.976284302, 7.39683513e-006, 1, 4.43567593e-006, 0.976284303, 7.34578991e-006, 0.216492403, 0.216492403, 6.52670275e-006, -0.976284303, -8.58456094e-006, 1, 4.78160973e-006, 0.116568701, -0.142195825, -0.132903516, 0, 0, 0, 0, 0, 0, 0, 0.17757998, -0.0858942383, -0.110514307, 0, 0, 0, 0, 0, 0, 0, 1, 1, 1, 
