time, realDorsalTactorPos, realVentralTactorPos, boxPosX, boxPosY, boxPosZ, boxLocalRot_11, boxLocalRot_12, boxLocalRot_13, boxLocalRot_21, boxLocalRot_22, boxLocalRot_23, boxLocalRot_31, boxLocalRot_32, boxLocalRot_33, boxGlobalRot_11, boxGlobalRot_12, boxGlobalRot_13], boxGlobalRot_21, boxGlobalRot_22, boxGlobalRot_23, boxGlobalRot_31, boxGlobalRot_32, boxGlobalRot_33, indexPosX, indexPosY, indexPosZ, indexContact, indexForceX, indexForceY, indexForceZ, indexForceGlobalX, indexForceGlobalY, indexForceGlobalZ, thumbPosX, thumbPosY, thumbPosZ, thumbContact, thumbForceX, thumbForceY, thumbForceZ, thumbForceGlobalX, thumbForceGlobalY, thumbForceGlobalZ, hoopSuccess, targetSuccess, trialSuccess, 
210.463362, 0.1, 0.1, 0.111744902, 0.174666115, -0.0199738954, 0.886757619, 5.32711611e-006, -0.462234708, 0.462234708, 4.44391955e-007, 0.886757619, 4.92927419e-006, -1, -2.06831001e-006, 0.886757636, 3.19036833e-006, -0.462234675, 0.462234675, -7.99914144e-006, 0.886757636, -8.68397068e-007, -1, -8.56799862e-006, 0.0986456299, 0.041763916, -0.145092627, 0, 0, 0, 0, 0, 0, 0, 0.177043652, 0.101945459, -0.113611816, 0, 0, 0, 0, 0, 0, 0, 1, 1, 1, 
210.473316, 0.1, 0.1, 0.11174475, 0.174666379, -0.019956758, 0.886763829, 1.72005442e-005, -0.462222795, 0.462222794, 2.21107308e-005, 0.886763829, 2.54729042e-005, -1, 1.16565127e-005, 0.886763729, 1.52947174e-005, -0.462222986, 0.462222986, 5.32549954e-006, 0.886763729, 1.60243689e-005, -1, -2.34711012e-006, 0.101367725, 0.0342025879, -0.147213989, 0, 0, 0, 0, 0, 0, 0, 0.179633789, 0.0948995117, -0.115643408, 0, 0, 0, 0, 0, 0, 0, 1, 1, 1, 
210.474021, 0.1, 0.1, 0.111744741, 0.174666389, -0.0199626129, 0.886764286, -3.41915704e-005, -0.462221917, 0.462221916, -2.89291904e-005, 0.886764286, -4.36915693e-005, -0.999999999, -9.84927964e-006, 0.886764201, -3.16627112e-005, -0.462222079, 0.462222078, -2.84498327e-005, 0.886764202, -4.12274996e-005, -0.999999999, -1.0593089e-005, 0.101367725, 0.0342025879, -0.147213989, 0, 0, 0, 0, 0, 0, 0, 0.179633789, 0.0948995117, -0.115643408, 0, 0, 0, 0, 0, 0, 0, 1, 1, 1, 
210.474748, 0.1, 0.1, 0.111744737, 0.174666402, -0.0199700595, 0.886764738, 3.84577202e-005, -0.462221048, 0.462221047, 2.33883839e-005, 0.886764739, 4.49135536e-005, -0.999999999, 2.96402637e-006, 0.886764655, 3.55302524e-005, -0.462221208, 0.462221208, 1.07274152e-005, 0.886764656, 3.64654109e-005, -0.999999999, -6.91014349e-006, 0.101367725, 0.0342025879, -0.147213989, 0, 0, 0, 0, 0, 0, 0, 0.179633789, 0.0948995117, -0.115643408, 0, 0, 0, 0, 0, 0, 0, 1, 1, 1, 
210.475472, 0.1, 0.1, 0.111744732, 0.174666414, -0.0199762647, 0.886765128, -3.12273223e-005, -0.462220301, 0.462220301, -1.23095575e-005, 0.886765129, -3.33810279e-005, -0.999999999, 3.51821596e-006, 0.886765055, -1.52489996e-005, -0.462220443, 0.462220443, -4.69827915e-006, 0.886765055, -1.56939206e-005, -1, 2.88212958e-006, 0.101993994, 0.0317156738, -0.147867969, 0, 0, 0, 0, 0, 0, 0, 0.180464746, 0.0926481445, -0.11610249, 0, 0, 0, 0, 0, 0, 0, 1, 1, 1, 
210.476178, 0.1, 0.1, 0.111744721, 0.174666422, -0.0199797778, 0.886765461, -4.76862777e-006, -0.462219663, 0.462219663, -3.23651578e-006, 0.886765461, -5.72463564e-006, -1, -6.65876892e-007, 0.88676539, -2.43010415e-005, -0.462219799, 0.462219799, -6.87576682e-006, 0.88676539, -2.47274381e-005, -1, 5.13523047e-006, 0.101993994, 0.0317156738, -0.147867969, 0, 0, 0, 0, 0, 0, 0, 0.180464746, 0.0926481445, -0.11610249, 0, 0, 0, 0, 0, 0, 0, 1, 1, 1, 
210.476887, 0.1, 0.1, 0.111744722, 0.174666436, -0.0199799364, 0.886765758, 3.71021238e-005, -0.462219092, 0.462219091, 2.24315142e-005, 0.886765759, 4.3269167e-005, -0.999999999, 2.74218873e-006, 0.886765706, 4.18506832e-005, -0.462219191, 0.462219191, 2.44479987e-005, 0.886765707, 4.84120848e-005, -0.999999999, 2.33545791e-006, 0.101993994, 0.0317156738, -0.147867969, 0, 0, 0, 0, 0, 0, 0, 0.180464746, 0.0926481445, -0.11610249, 0, 0, 0, 0, 0, 0, 0, 1, 1, 1, 
210.477592, 0.1, 0.1, 0.111744716, 0.174666446, -0.0199769354, 0.886766018, -3.28014402e-005, -0.462218594, 0.462218593, -1.74363253e-005, 0.886766019, -3.71465963e-005, -0.999999999, -3.00505193e-007, 0.886765974, -2.86031107e-005, -0.462218678, 0.462218678, -8.08116666e-006, 0.886765975, -2.90995315e-005, -1, 6.05478839e-006, 0.101993994, 0.0317156738, -0.147867969, 0, 0, 0, 0, 0, 0, 0, 0.180464746, 0.0926481445, -0.11610249, 0, 0, 0, 0, 0, 0, 0, 1, 1, 1, 
210.478299, 0.1, 0.1, 0.111744709, 0.174666456, -0.0199718621, 0.886766204, 2.23207846e-005, -0.462218238, 0.462218237, 2.0149706e-005, 0.886766204, 2.9106879e-005, -1, 7.55100459e-006, 0.88676617, 9.54646046e-006, -0.462218303, 0.462218303, 1.20941455e-005, 0.88676617, 1.40556136e-005, -1, 6.31213029e-006, 0.101993994, 0.0317156738, -0.147867969, 0, 0, 0, 0, 0, 0, 0, 0.180464746, 0.0926481445, -0.11610249, 0, 0, 0, 0, 0, 0, 0, 1, 1, 1, 
210.479003, 0.1, 0.1, 0.111744705, 0.174666468, -0.0199663854, 0.886766417, -2.7734807e-005, -0.462217829, 0.462217829, -4.32262052e-006, 0.886766417, -2.65922877e-005, -1, 8.98636757e-006, 0.886766362, -9.70293145e-006, -0.462217935, 0.462217935, -9.36682105e-006, 0.886766362, -1.29337459e-005, -1, -3.82131289e-006, 0.101993994, 0.0317156738, -0.147867969, 0, 0, 0, 0, 0, 0, 0, 0.180464746, 0.0926481445, -0.11610249, 0, 0, 0, 0, 0, 0, 0, 1, 1, 1, 
210.479723, 0.1, 0.1, 0.111744699, 0.174666476, -0.01996201, 0.886766679, 1.7387277e-005, -0.462217326, 0.462217327, -1.48727696e-005, 0.886766679, 8.54400607e-006, -1, -2.12253772e-005, 0.886766627, 2.29219444e-005, -0.462217426, 0.462217427, -1.82237329e-005, 0.886766627, 1.19030884e-005, -1, -2.67551203e-005, 0.101993994, 0.0317156738, -0.147867969, 0, 0, 0, 0, 0, 0, 0, 0.180464746, 0.0926481445, -0.11610249, 0, 0, 0, 0, 0, 0, 0, 1, 1, 1, 
210.480443, 0.1, 0.1, 0.111744691, 0.174666491, -0.0199597831, 0.886766982, -6.24103261e-006, -0.462216746, 0.462216746, 3.00385008e-005, 0.886766981, 8.34995645e-006, -1, 2.95218605e-005, 0.88676692, -2.10069345e-005, -0.462216863, 0.462216864, 3.64494186e-005, 0.886766919, -1.78071868e-006, -0.999999999, 4.20318981e-005, 0.102834106, 0.0289959961, -0.148326538, 0, 0, 0, 0, 0, 0, 0, 0.181269092, 0.0901718262, -0.116529834, 0, 0, 0, 0, 0, 0, 0, 1, 1, 1, 
210.481149, 0.1, 0.1, 0.111744689, 0.174666494, -0.0199605805, 0.886767309, 4.15107719e-005, -0.462216115, 0.462216117, -4.11110028e-005, 0.886767309, 1.78082275e-005, -0.999999998, -5.56428411e-005, 0.886767259, 2.58022675e-005, -0.462216213, 0.462216214, -5.63996449e-005, 0.886767257, -3.1882243e-006, -0.999999998, -6.19395849e-005, 0.102834106, 0.0289959961, -0.148326538, 0, 0, 0, 0, 0, 0, 0, 0.181269092, 0.0901718262, -0.116529834, 0, 0, 0, 0, 0, 0, 0, 1, 1, 1, 
210.481864, 0.1, 0.1, 0.111744681, 0.174666509, -0.0199638261, 0.886767351, -6.76906711e-005, -0.462216032, 0.462216036, 5.22543642e-005, 0.88676735, -3.58730722e-005, -0.999999996, 7.76251778e-005, 0.886767367, -4.80509767e-005, -0.462216005, 0.462216007, 4.70282736e-005, 0.886767366, -2.08728173e-005, -0.999999998, 6.39130689e-005, 0.102834106, 0.0289959961, -0.148326538, 0, 0, 0, 0, 0, 0, 0, 0.181269092, 0.0901718262, -0.116529834, 0, 0, 0, 0, 0, 0, 0, 1, 1, 1, 
210.482595, 0.1, 0.1, 0.111744672, 0.174666524, -0.0199685001, 0.886767276, 4.31941989e-005, -0.462216179, 0.46221618, -2.01138721e-005, 0.886767277, 2.9006245e-005, -0.999999999, -3.78013812e-005, 0.886767272, 8.40491812e-006, -0.46221619, 0.46221619, 1.20408761e-005, 0.886767272, 1.30186942e-005, -1, 6.79256558e-006, 0.103882568, 0.0267071777, -0.1487729, 0, 0, 0, 0, 0, 0, 0, 0.181269092, 0.0901718262, -0.116529834, 0, 0, 0, 0, 0, 0, 0, 1, 1, 1, 
210.483302, 0.1, 0.1, 0.111744676, 0.174666521, -0.0199727544, 0.886767442, 2.07517555e-005, -0.462215862, 0.462215862, -6.93116382e-005, 0.88676744, -1.36349575e-005, -0.999999997, -7.10550947e-005, 0.886767392, 3.75994065e-005, -0.462215958, 0.462215959, -7.72023019e-005, 0.886767388, -2.34220842e-006, -0.999999996, -8.58395296e-005, 0.103882568, 0.0267071777, -0.1487729, 0, 0, 0, 0, 0, 0, 0, 0.182045361, 0.0876837891, -0.116943994, 0, 0, 0, 0, 0, 0, 0, 1, 1, 1, 
210.484005, 0.1, 0.1, 0.111744669, 0.174666533, -0.0199757182, 0.886767784, -2.78788466e-005, -0.462215205, 0.462215206, 6.45896354e-005, 0.886767782, 5.13224861e-006, -0.999999998, 7.01620347e-005, 0.886767727, -1.73847407e-005, -0.462215315, 0.462215316, 4.88318174e-005, 0.886767726, 7.15458691e-006, -0.999999999, 5.13379732e-005, 0.103882568, 0.0267071777, -0.1487729, 0, 0, 0, 0, 0, 0, 0, 0.182045361, 0.0876837891, -0.116943994, 0, 0, 0, 0, 0, 0, 0, 1, 1, 1, 
210.48471, 0.1, 0.1, 0.111744659, 0.174666554, -0.019976694, 0.886768012, -2.93004117e-008, -0.462214769, 0.462214769, 3.42964661e-005, 0.886768012, 1.58263505e-005, -0.999999999, 3.04265521e-005, 0.886767961, -1.50728912e-005, -0.462214867, 0.462214867, 5.38837401e-005, 0.886767959, 1.15397088e-005, -0.999999998, 5.47492887e-005, 0.103882568, 0.0267071777, -0.1487729, 0, 0, 0, 0, 0, 0, 0, 0.182045361, 0.0876837891, -0.116943994, 0, 0, 0, 0, 0, 0, 0, 1, 1, 1, 
210.485424, 0.1, 0.1, 0.111744655, 0.174666558, -0.0199753642, 0.886768427, -5.02015506e-006, -0.462213973, 0.462213973, -4.64631673e-005, 0.886768426, -2.59276402e-005, -0.999999999, -3.8881684e-005, 0.886768338, -2.14464376e-006, -0.462214144, 0.462214143, -4.94312472e-005, 0.886768337, -2.47496238e-005, -0.999999999, -4.28427803e-005, 0.103882568, 0.0267071777, -0.1487729, 0, 0, 0, 0, 0, 0, 0, 0.182045361, 0.0876837891, -0.116943994, 0, 0, 0, 0, 0, 0, 0, 1, 1, 1, 
210.486129, 0.1, 0.1, 0.111744651, 0.174666571, -0.0199722706, 0.886768866, 8.0353676e-006, -0.462213131, 0.46221313, 5.91227037e-005, 0.886768865, 3.44528038e-005, -0.999999998, 4.87141205e-005, 0.886768784, 8.15412348e-006, -0.462213287, 0.462213286, 5.03529235e-005, 0.886768784, 3.05046124e-005, -0.999999999, 4.08824565e-005, 0.103882568, 0.0267071777, -0.1487729, 0, 0, 0, 0, 0, 0, 0, 0.182045361, 0.0876837891, -0.116943994, 0, 0, 0, 0, 0, 0, 0, 1, 1, 1, 
210.486834, 0.1, 0.1, 0.111744645, 0.174666582, -0.0199684868, 0.886769192, -2.79784182e-007, -0.462212506, 0.462212506, -4.33057742e-005, 0.886769191, -2.02645744e-005, -0.999999999, -3.82729066e-005, 0.886769149, -7.66754742e-006, -0.462212588, 0.462212588, -2.54423627e-005, 0.886769149, -1.85591248e-005, -1, -1.90174654e-005, 0.103882568, 0.0267071777, -0.1487729, 0, 0, 0, 0, 0, 0, 0, 0.182045361, 0.0876837891, -0.116943994, 0, 0, 0, 0, 0, 0, 0, 1, 1, 1, 
210.487564, 0.1, 0.1, 0.111744643, 0.174666588, -0.0199649241, 0.886769267, -1.28720951e-005, -0.462212361, 0.462212361, 1.05904032e-005, 0.886769267, -6.51956312e-006, -1, 1.53408855e-005, 0.886769276, 6.66996784e-006, -0.462212344, 0.462212344, 5.6212805e-006, 0.886769276, 8.51294779e-006, -1, 1.90183737e-006, 0.104263135, 0.024022168, -0.149122949, 0, 0, 0, 0, 0, 0, 0, 0.182618408, 0.085195752, -0.117378174, 0, 0, 0, 0, 0, 0, 0, 1, 1, 1, 
210.488269, 0.1, 0.1, 0.11174464, 0.174666597, -0.0199628512, 0.886769218, 2.47207458e-005, -0.462212454, 0.462212454, -9.27962255e-006, 0.886769218, 1.76324393e-005, -1, -1.96551202e-005, 0.886769227, 3.11641412e-005, -0.462212438, 0.462212438, -9.90231347e-006, 0.886769227, 2.3058429e-005, -0.999999999, -2.31855206e-005, 0.104263135, 0.024022168, -0.149122949, 0, 0, 0, 0, 0, 0, 0, 0.182618408, 0.085195752, -0.117378174, 0, 0, 0, 0, 0, 0, 0, 1, 1, 1, 
210.488973, 0.1, 0.1, 0.111744628, 0.174666608, -0.0199627836, 0.886769185, -4.11864408e-005, -0.462212517, 0.462212518, 1.1006555e-005, 0.886769185, -3.14354991e-005, -0.999999999, 2.87971623e-005, 0.88676919, -5.56646028e-005, -0.462212506, 0.462212508, 1.4352289e-005, 0.886769191, -4.27278473e-005, -0.999999998, 3.84560434e-005, 0.104263135, 0.024022168, -0.149122949, 0, 0, 0, 0, 0, 0, 0, 0.182618408, 0.085195752, -0.117378174, 0, 0, 0, 0, 0, 0, 0, 1, 1, 1, 
210.489685, 0.1, 0.1, 0.111744633, 0.174666614, -0.0199645792, 0.886769166, 6.65241257e-005, -0.462212551, 0.462212553, -1.85860583e-005, 0.886769167, 5.04008341e-005, -0.999999998, -4.72298294e-005, 0.886769168, 7.28883517e-005, -0.462212545, 0.462212547, -1.98285834e-005, 0.88676917, 5.54701231e-005, -0.999999997, -5.12732871e-005, 0.104263135, 0.024022168, -0.149122949, 0, 0, 0, 0, 0, 0, 0, 0.182618408, 0.085195752, -0.117378174, 0, 0, 0, 0, 0, 0, 0, 1, 1, 1, 
210.490392, 0.1, 0.1, 0.111744622, 0.174666625, -0.0199675732, 0.886769162, -9.01269375e-005, -0.462212554, 0.462212558, 2.35778906e-005, 0.886769164, -6.9023792e-005, -0.999999996, 6.25659485e-005, 0.886769163, -7.32384016e-005, -0.462212555, 0.462212557, 1.84218941e-005, 0.886769165, -5.64307254e-005, -0.999999997, 5.01876765e-005, 0.104263135, 0.024022168, -0.149122949, 0, 0, 0, 0, 0, 0, 0, 0.182618408, 0.085195752, -0.117378174, 0, 0, 0, 0, 0, 0, 0, 1, 1, 1, 
210.491098, 0.1, 0.1, 0.111744609, 0.174666636, -0.019970798, 0.886769181, 3.63057225e-005, -0.462212524, 0.462212525, -5.11146387e-006, 0.886769182, 2.98322132e-005, -0.999999999, -2.13136483e-005, 0.886769176, -1.2730629e-005, -0.462212536, 0.462212536, 8.32248102e-006, 0.886769176, -7.44237436e-006, -1, 1.3264376e-005, 0.104263135, 0.024022168, -0.149122949, 0, 0, 0, 0, 0, 0, 0, 0.182618408, 0.085195752, -0.117378174, 0, 0, 0, 0, 0, 0, 0, 1, 1, 1, 
210.491806, 0.1, 0.1, 0.111744623, 0.174666641, -0.019973332, 0.886769211, 7.63790884e-005, -0.462212462, 0.462212465, -2.32120602e-005, 0.886769213, 5.70017205e-005, -0.999999997, -5.58871071e-005, 0.886769201, 9.48722961e-005, -0.462212478, 0.462212482, -2.53962142e-005, 0.886769204, 7.23913834e-005, -0.999999995, -6.637174e-005, 0.104263135, 0.024022168, -0.149122949, 0, 0, 0, 0, 0, 0, 0, 0.182618408, 0.085195752, -0.117378174, 0, 0, 0, 0, 0, 0, 0, 1, 1, 1, 
210.492542, 0.1, 0.1, 0.111744613, 0.174666652, -0.0199742126, 0.88676938, -6.98743737e-005, -0.46221214, 0.462212143, 3.79213312e-005, 0.88676938, -4.44347554e-005, -0.999999997, 6.59242594e-005, 0.886769332, -5.9564185e-005, -0.462212233, 0.462212235, 2.843201e-005, 0.886769332, -3.96780697e-005, -0.999999998, 5.27439296e-005, 0.105352124, 0.021319458, -0.149572607, 0, 0, 0, 0, 0, 0, 0, 0.183447656, 0.082704541, -0.117828711, 0, 0, 0, 0, 0, 0, 0, 1, 1, 1, 
210.493245, 0.1, 0.1, 0.111744604, 0.174666666, -0.0199734358, 0.886769651, 3.11725787e-005, -0.462211624, 0.462211624, 5.45698497e-006, 0.886769651, 3.01651786e-005, -0.999999999, -9.56923958e-006, 0.88676958, 1.79178811e-006, -0.46221176, 0.46221176, 2.6378361e-005, 0.88676958, 1.37812919e-005, -1, 2.25633426e-005, 0.105352124, 0.021319458, -0.149572607, 0, 0, 0, 0, 0, 0, 0, 0.183447656, 0.082704541, -0.117828711, 0, 0, 0, 0, 0, 0, 0, 1, 1, 1, 
210.493944, 0.1, 0.1, 0.111744606, 0.174666669, -0.0199715384, 0.886770072, -8.29382825e-006, -0.462210816, 0.462210816, -3.21347234e-005, 0.886770072, -2.22077354e-005, -0.999999999, -2.46626138e-005, 0.886769982, 2.31097769e-005, -0.462210989, 0.46221099, -3.43600666e-005, 0.886769981, 4.61145607e-006, -0.999999999, -4.11510685e-005, 0.105352124, 0.021319458, -0.149572607, 0, 0, 0, 0, 0, 0, 0, 0.183447656, 0.082704541, -0.117828711, 0, 0, 0, 0, 0, 0, 0, 1, 1, 1, 
210.494647, 0.1, 0.1, 0.111744594, 0.174666677, -0.0199691583, 0.886770631, -5.28304446e-006, -0.462209745, 0.462209745, 2.64965744e-006, 0.886770631, -3.46015118e-006, -1, 4.79151303e-006, 0.886770516, -3.23981047e-005, -0.462209964, 0.462209964, 3.50910556e-006, 0.886770517, -2.71077405e-005, -0.999999999, 1.80864982e-005, 0.105352124, 0.021319458, -0.149572607, 0, 0, 0, 0, 0, 0, 0, 0.183447656, 0.082704541, -0.117828711, 0, 0, 0, 0, 0, 0, 0, 1, 1, 1, 
210.495359, 0.1, 0.1, 0.111744601, 0.174666686, -0.0199668314, 0.886771166, 4.32181045e-005, -0.462208716, 0.462208716, 1.27112932e-005, 0.886771167, 4.41998395e-005, -0.999999999, -8.70377622e-006, 0.88677107, 6.44740241e-005, -0.462208898, 0.462208899, 3.62367787e-006, 0.886771072, 5.88485956e-005, -0.999999998, -2.6587095e-005, 0.105352124, 0.021319458, -0.149572607, 0, 0, 0, 0, 0, 0, 0, 0.184205859, 0.0804062988, -0.11803623, 0, 0, 0, 0, 0, 0, 0, 1, 1, 1, 
210.496061, 0.1, 0.1, 0.11174459, 0.174666696, -0.0199654775, 0.886771468, -4.77588898e-005, -0.462208136, 0.462208136, -1.03041012e-005, 0.886771469, -4.71138603e-005, -0.999999999, 1.29371645e-005, 0.886771429, -5.76826182e-005, -0.462208209, 0.46220821, 4.28244993e-006, 0.886771431, -4.91719144e-005, -0.999999998, 3.0458934e-005, 0.105352124, 0.021319458, -0.149572607, 0, 0, 0, 0, 0, 0, 0, 0.184205859, 0.0804062988, -0.11803623, 0, 0, 0, 0, 0, 0, 0, 1, 1, 1, 
210.496764, 0.1, 0.1, 0.111744591, 0.174666702, -0.0199653728, 0.886771456, 5.30949172e-005, -0.462208158, 0.462208157, 1.99712495e-005, 0.886771458, 5.63139316e-005, -0.999999998, -6.83096989e-006, 0.886771488, 5.35519695e-005, -0.462208098, 0.462208099, -4.30638039e-007, 0.886771489, 4.72893154e-005, -0.999999999, -2.51340316e-005, 0.105352124, 0.021319458, -0.149572607, 0, 0, 0, 0, 0, 0, 0, 0.184205859, 0.0804062988, -0.11803623, 0, 0, 0, 0, 0, 0, 0, 1, 1, 1, 
210.49748, 0.1, 0.1, 0.111744585, 0.174666717, -0.0199663492, 0.886771115, -4.57859431e-005, -0.462208813, 0.462208813, -4.78809182e-006, 0.886771116, -4.28147501e-005, -0.999999999, 1.69167249e-005, 0.886771209, -3.50021643e-005, -0.462208634, 0.462208634, 2.15715681e-005, 0.886771209, -2.10683466e-005, -0.999999999, 3.53073481e-005, 0.106159644, 0.0190354004, -0.149770581, 0, 0, 0, 0, 0, 0, 0, 0.184205859, 0.0804062988, -0.11803623, 0, 0, 0, 0, 0, 0, 0, 1, 1, 1, 
210.498181, 0.1, 0.1, 0.111744578, 0.174666718, -0.0199681187, 0.886770515, 2.20195069e-005, -0.462209967, 0.462209968, -5.27353571e-006, 0.886770515, 1.70887687e-005, -1, -1.48540516e-005, 0.886770644, 6.71895919e-007, -0.462209719, 0.462209719, -3.30142914e-005, 0.886770644, -1.46637088e-005, -0.999999999, -2.95866613e-005, 0.106159644, 0.0190354004, -0.149770581, 0, 0, 0, 0, 0, 0, 0, 0.184205859, 0.0804062988, -0.11803623, 0, 0, 0, 0, 0, 0, 0, 1, 1, 1, 
210.498884, 0.1, 0.1, 0.111744579, 0.174666732, -0.0199701451, 0.886769786, 8.95404487e-006, -0.462211367, 0.462211366, 1.1692116e-005, 0.886769786, 1.33444054e-005, -1, 6.22955387e-006, 0.886769927, 2.08565523e-005, -0.462211095, 0.462211095, 3.4441185e-005, 0.886769927, 3.44140612e-005, -0.999999999, 2.09012772e-005, 0.106159644, 0.0190354004, -0.149770581, 0, 0, 0, 0, 0, 0, 0, 0.184205859, 0.0804062988, -0.11803623, 0, 0, 0, 0, 0, 0, 0, 1, 1, 1, 
210.49961, 0.1, 0.1, 0.111744571, 0.174666732, -0.0199717784, 0.886769111, -2.26989149e-005, -0.462212661, 0.46221266, -2.83622924e-005, 0.886769111, -3.32381073e-005, -0.999999999, -1.4659079e-005, 0.886769241, -2.63048817e-005, -0.462212412, 0.46221241, -4.66315709e-005, 0.88676924, -4.48800508e-005, -0.999999999, -2.91929999e-005, 0.106785791, 0.0163578369, -0.150150415, 0, 0, 0, 0, 0, 0, 0, 0.184205859, 0.0804062988, -0.11803623, 0, 0, 0, 0, 0, 0, 0, 1, 1, 1, 
210.500312, 0.1, 0.1, 0.111744569, 0.174666744, -0.0199723521, 0.886768666, 3.34977243e-005, -0.462213514, 0.462213513, 1.86681916e-005, 0.886768667, 3.83334228e-005, -0.999999999, 1.07126655e-006, 0.886768735, 2.85834246e-005, -0.462213381, 0.46221338, 3.21104257e-005, 0.886768736, 4.01887557e-005, -0.999999999, 1.52628803e-005, 0.106785791, 0.0163578369, -0.150150415, 0, 0, 0, 0, 0, 0, 0, 0.185013867, 0.077908252, -0.118258887, 0, 0, 0, 0, 0, 0, 0, 1, 1, 1, 
210.501014, 0.1, 0.1, 0.111744566, 0.174666745, -0.0199720091, 0.886768496, -3.31062342e-005, -0.462213839, 0.462213838, -3.32958662e-005, 0.886768497, -4.47473756e-005, -0.999999999, -1.42235657e-005, 0.886768505, -1.97808976e-005, -0.462213822, 0.462213821, -4.33641092e-005, 0.886768505, -3.75845677e-005, -0.999999999, -2.93109221e-005, 0.106785791, 0.0163578369, -0.150150415, 0, 0, 0, 0, 0, 0, 0, 0.185013867, 0.077908252, -0.118258887, 0, 0, 0, 0, 0, 0, 0, 1, 1, 1, 
210.501717, 0.1, 0.1, 0.111744559, 0.174666756, -0.0199709253, 0.886768616, 3.2038407e-005, -0.46221361, 0.462213609, 2.32201525e-005, 0.886768616, 3.91433243e-005, -0.999999999, 5.78231479e-006, 0.886768568, 8.31557104e-006, -0.462213703, 0.462213703, 2.78558728e-005, 0.886768567, 2.02493531e-005, -1, 2.08581415e-005, 0.106785791, 0.0163578369, -0.150150415, 0, 0, 0, 0, 0, 0, 0, 0.185013867, 0.077908252, -0.118258887, 0, 0, 0, 0, 0, 0, 0, 1, 1, 1, 
210.502431, 0.1, 0.1, 0.111744562, 0.174666761, -0.0199693893, 0.886768985, -1.41983353e-005, -0.462212903, 0.462212902, -1.77516631e-005, 0.886768985, -2.07956911e-005, -1, -9.17897048e-006, 0.886768902, 2.067544e-005, -0.462213062, 0.462213062, -1.90399142e-005, 0.886768902, 9.53384016e-006, -1, -2.64404623e-005, 0.106785791, 0.0163578369, -0.150150415, 0, 0, 0, 0, 0, 0, 0, 0.185013867, 0.077908252, -0.118258887, 0, 0, 0, 0, 0, 0, 0, 1, 1, 1, 
210.503143, 0.1, 0.1, 0.111744549, 0.17466677, -0.0199677687, 0.886769509, -1.10811314e-005, -0.462211897, 0.462211898, 1.19696898e-005, 0.886769509, -4.29387645e-006, -1, 1.57361867e-005, 0.886769402, -4.00686493e-005, -0.462212101, 0.462212102, 1.51286389e-005, 0.886769402, -2.85390122e-005, -0.999999999, 3.19358287e-005, 0.106785791, 0.0163578369, -0.150150415, 0, 0, 0, 0, 0, 0, 0, 0.185013867, 0.077908252, -0.118258887, 0, 0, 0, 0, 0, 0, 0, 1, 1, 1, 
210.503863, 0.1, 0.1, 0.111744556, 0.174666779, -0.0199665241, 0.886770006, 4.28301224e-005, -0.462210942, 0.462210942, 1.1672628e-005, 0.886770007, 4.33756843e-005, -0.999999999, -9.44561483e-006, 0.886769915, 6.34488026e-005, -0.462211115, 0.462211115, 4.28319655e-006, 0.886769916, 5.82442304e-005, -0.999999998, -2.5528532e-005, 0.106785791, 0.0163578369, -0.150150415, 0, 0, 0, 0, 0, 0, 0, 0.185013867, 0.077908252, -0.118258887, 0, 0, 0, 0, 0, 0, 0, 1, 1, 1, 
210.50461, 0.1, 0.1, 0.111744544, 0.174666787, -0.0199658218, 0.886770292, -4.97783601e-005, -0.462210392, 0.462210392, -2.06874439e-005, 0.886770293, -5.37039225e-005, -0.999999999, 4.66306468e-006, 0.886770261, -6.02976754e-005, -0.462210451, 0.462210451, -5.14093753e-006, 0.886770263, -5.58463805e-005, -0.999999998, 2.33113852e-005, 0.107862573, 0.0136598877, -0.150348389, 0, 0, 0, 0, 0, 0, 0, 0.185808447, 0.0754219238, -0.118456396, 0, 0, 0, 0, 0, 0, 0, 1, 1, 1, 
210.50532, 0.1, 0.1, 0.111744545, 0.17466679, -0.0199659646, 0.886770238, 5.3976828e-005, -0.462210496, 0.462210496, 6.70206654e-006, 0.886770239, 5.09628102e-005, -0.999999999, -1.90054633e-005, 0.886770278, 5.37878509e-005, -0.462210419, 0.46221042, -1.35636186e-005, 0.886770279, 4.14282218e-005, -0.999999998, -3.6889119e-005, 0.107862573, 0.0136598877, -0.150348389, 0, 0, 0, 0, 0, 0, 0, 0.185808447, 0.0754219238, -0.118456396, 0, 0, 0, 0, 0, 0, 0, 1, 1, 1, 
210.50603, 0.1, 0.1, 0.111744541, 0.174666801, -0.0199670202, 0.886769866, -4.27161342e-005, -0.462211211, 0.462211211, -1.51340929e-005, 0.886769867, -4.4874528e-005, -0.999999999, 6.32341858e-006, 0.886769966, -3.14844499e-005, -0.462211018, 0.462211019, 9.34456145e-006, 0.886769967, -2.36003053e-005, -0.999999999, 2.28389361e-005, 0.107862573, 0.0136598877, -0.150348389, 0, 0, 0, 0, 0, 0, 0, 0.185808447, 0.0754219238, -0.118456396, 0, 0, 0, 0, 0, 0, 0, 1, 1, 1, 
210.506739, 0.1, 0.1, 0.111744535, 0.1746668, -0.0199686326, 0.886769246, 2.26307139e-005, -0.462212401, 0.462212401, -6.4883216e-006, 0.886769246, 1.70692384e-005, -1, -1.62138407e-005, 0.886769379, 1.64127897e-006, -0.462212146, 0.462212146, -3.59476682e-005, 0.886769379, -1.5160013e-005, -0.999999999, -3.26359105e-005, 0.107862573, 0.0136598877, -0.150348389, 0, 0, 0, 0, 0, 0, 0, 0.185808447, 0.0754219238, -0.118456396, 0, 0, 0, 0, 0, 0, 0, 1, 1, 1, 
210.507451, 0.1, 0.1, 0.111744535, 0.174666814, -0.0199702721, 0.886768496, 6.90384364e-006, -0.462213841, 0.462213841, 1.58597345e-005, 0.886768496, 1.34526998e-005, -1, 1.08728608e-005, 0.886768644, 1.94500808e-005, -0.462213557, 0.462213556, 3.79162541e-005, 0.886768644, 3.47731284e-005, -0.999999999, 2.46328543e-005, 0.107862573, 0.0136598877, -0.150348389, 0, 0, 0, 0, 0, 0, 0, 0.185808447, 0.0754219238, -0.118456396, 0, 0, 0, 0, 0, 0, 0, 1, 1, 1, 
210.50816, 0.1, 0.1, 0.111744527, 0.174666814, -0.0199714162, 0.886767817, -2.44279761e-005, -0.462215142, 0.462215142, -2.11406936e-005, 0.886767817, -3.14334917e-005, -0.999999999, -7.45590627e-006, 0.886767942, -2.80594202e-005, -0.462214903, 0.462214902, -3.93062108e-005, 0.886767942, -4.30501108e-005, -0.999999999, -2.18860055e-005, 0.107862573, 0.0136598877, -0.150348389, 0, 0, 0, 0, 0, 0, 0, 0.185808447, 0.0754219238, -0.118456396, 0, 0, 0, 0, 0, 0, 0, 1, 1, 1, 
210.508871, 0.1, 0.1, 0.111744527, 0.174666828, -0.0199717559, 0.886767354, 3.36594085e-005, -0.462216031, 0.462216031, 2.85774308e-005, 0.886767354, 4.30570113e-005, -0.999999999, 9.78361444e-006, 0.886767425, 2.87872514e-005, -0.462215894, 0.462215893, 4.2635145e-005, 0.886767425, 4.52342385e-005, -0.999999999, 2.45015326e-005, 0.107862573, 0.0136598877, -0.150348389, 0, 0, 0, 0, 0, 0, 0, 0.185808447, 0.0754219238, -0.118456396, 0, 0, 0, 0, 0, 0, 0, 1, 1, 1, 
210.509608, 0.1, 0.1, 0.111744522, 0.17466683, -0.0199709691, 0.886767179, -3.80850094e-005, -0.462216366, 0.462216366, -3.01046922e-005, 0.886767179, -4.76874178e-005, -0.999999999, -9.09233832e-006, 0.886767185, -2.41682121e-005, -0.462216355, 0.462216354, -4.0459961e-005, 0.886767185, -4.01328331e-005, -0.999999999, -2.47076228e-005, 0.108697803, 0.0111729736, -0.15053208, 0, 0, 0, 0, 0, 0, 0, 0.186788184, 0.0728938477, -0.118880322, 0, 0, 0, 0, 0, 0, 0, 1, 1, 1, 
210.510324, 0.1, 0.1, 0.111744516, 0.17466684, -0.0199696119, 0.88676732, 3.2583428e-005, -0.462216095, 0.462216094, 2.74727908e-005, 0.886767321, 4.15922852e-005, -0.999999999, 9.30138826e-006, 0.886767265, 6.87100506e-006, -0.462216202, 0.462216201, 3.29478121e-005, 0.886767265, 2.13219949e-005, -0.999999999, 2.60411514e-005, 0.108697803, 0.0111729736, -0.15053208, 0, 0, 0, 0, 0, 0, 0, 0.186788184, 0.0728938477, -0.118880322, 0, 0, 0, 0, 0, 0, 0, 1, 1, 1, 
210.511035, 0.1, 0.1, 0.111744519, 0.174666845, -0.0199681362, 0.886767723, -1.29514475e-005, -0.462215323, 0.462215323, -1.82069762e-005, 0.886767723, -1.9900469e-005, -1, -1.01590013e-005, 0.886767633, 2.30286345e-005, -0.462215496, 0.462215496, -1.90742975e-005, 0.886767633, 1.16046118e-005, -1, -2.75586613e-005, 0.108697803, 0.0111729736, -0.15053208, 0, 0, 0, 0, 0, 0, 0, 0.186788184, 0.0728938477, -0.118880322, 0, 0, 0, 0, 0, 0, 0, 1, 1, 1, 
210.511812, 0.1, 0.1, 0.111744506, 0.174666854, -0.0199663455, 0.886768355, -8.47808029e-006, -0.462214111, 0.462214112, 1.30743171e-005, 0.886768355, -1.47495944e-006, -1, 1.5512579e-005, 0.886768226, -4.15925856e-005, -0.462214356, 0.462214357, 1.71533795e-005, 0.886768227, -2.89544451e-005, -0.999999999, 3.44357622e-005, 0.10930686, 0.00852189941, -0.15082915, 0, 0, 0, 0, 0, 0, 0, 0.186788184, 0.0728938477, -0.118880322, 0, 0, 0, 0, 0, 0, 0, 1, 1, 1, 
210.51253, 0.1, 0.1, 0.111744514, 0.174666862, -0.0199652408, 0.886768901, 4.60758063e-005, -0.462213061, 0.462213061, 1.1114018e-005, 0.886768902, 4.59956364e-005, -0.999999999, -1.14412739e-005, 0.886768798, 6.76654081e-005, -0.462213256, 0.462213257, 3.76766624e-006, 0.8867688, 6.1745038e-005, -0.999999998, -2.79347998e-005, 0.10930686, 0.00852189941, -0.15082915, 0, 0, 0, 0, 0, 0, 0, 0.187309717, 0.0701525391, -0.119059277, 0, 0, 0, 0, 0, 0, 0, 1, 1, 1, 
210.513239, 0.1, 0.1, 0.111744503, 0.174666869, -0.0199653219, 0.886769221, -4.90691008e-005, -0.462212448, 0.462212448, -2.06549883e-005, 0.886769222, -5.30599611e-005, -0.999999999, 4.36414128e-006, 0.886769181, -5.86237141e-005, -0.462212523, 0.462212524, -4.41025534e-006, 0.886769182, -5.40241782e-005, -0.999999998, 2.31857363e-005, 0.10930686, 0.00852189941, -0.15082915, 0, 0, 0, 0, 0, 0, 0, 0.187309717, 0.0701525391, -0.119059277, 0, 0, 0, 0, 0, 0, 0, 1, 1, 1, 
210.513943, 0.1, 0.1, 0.111744505, 0.17466687, -0.0199665537, 0.88676921, 5.05681512e-005, -0.462212468, 0.462212468, 4.17913217e-006, 0.886769211, 4.67739266e-005, -0.999999999, -1.96673042e-005, 0.886769241, 5.0214553e-005, -0.462212408, 0.462212409, -1.66866622e-005, 0.886769242, 3.68159388e-005, -0.999999999, -3.80070083e-005, 0.10930686, 0.00852189941, -0.15082915, 0, 0, 0, 0, 0, 0, 0, 0.187309717, 0.0701525391, -0.119059277, 0, 0, 0, 0, 0, 0, 0, 1, 1, 1, 
210.514657, 0.1, 0.1, 0.1117445, 0.174666881, -0.019968474, 0.886768876, -4.31994154e-005, -0.46221311, 0.46221311, -1.11214718e-005, 0.886768877, -4.34483872e-005, -0.999999999, 1.01051611e-005, 0.886768968, -3.21675235e-005, -0.462212934, 0.462212935, 1.20565595e-005, 0.886768968, -2.29524639e-005, -0.999999999, 2.55596283e-005, 0.10930686, 0.00852189941, -0.15082915, 0, 0, 0, 0, 0, 0, 0, 0.187309717, 0.0701525391, -0.119059277, 0, 0, 0, 0, 0, 0, 0, 1, 1, 1, 
210.515367, 0.1, 0.1, 0.111744494, 0.17466688, -0.0199704464, 0.886768302, 1.77774661e-005, -0.462214212, 0.462214212, -3.21128862e-006, 0.886768303, 1.42801902e-005, -1, -1.10646664e-005, 0.886768428, -2.29470923e-006, -0.462213972, 0.462213972, -3.13185269e-005, 0.886768427, -1.65107364e-005, -1, -2.67116342e-005, 0.10930686, 0.00852189941, -0.15082915, 0, 0, 0, 0, 0, 0, 0, 0.187309717, 0.0701525391, -0.119059277, 0, 0, 0, 0, 0, 0, 0, 1, 1, 1, 
210.516079, 0.1, 0.1, 0.111744494, 0.174666894, -0.0199718487, 0.886767607, 3.23597461e-006, -0.462215547, 0.462215547, 1.69518583e-005, 0.886767606, 1.07049699e-005, -1, 1.3536641e-005, 0.886767744, 1.4994684e-005, -0.462215283, 0.462215282, 3.80583979e-005, 0.886767744, 3.08879752e-005, -0.999999999, 2.68181875e-005, 0.10930686, 0.00852189941, -0.15082915, 0, 0, 0, 0, 0, 0, 0, 0.187309717, 0.0701525391, -0.119059277, 0, 0, 0, 0, 0, 0, 0, 1, 1, 1, 
210.516816, 0.1, 0.1, 0.111744486, 0.174666894, -0.0199721467, 0.886766953, -2.34942995e-005, -0.462216801, 0.4622168, -1.76452882e-005, 0.886766953, -2.89899171e-005, -1, -4.7877985e-006, 0.886767079, -2.80788303e-005, -0.462216558, 0.462216557, -3.67778525e-005, 0.886767079, -4.18987148e-005, -0.999999999, -1.96348886e-005, 0.1101427, 0.00583347168, -0.150974878, 0, 0, 0, 0, 0, 0, 0, 0.187309717, 0.0701525391, -0.119059277, 0, 0, 0, 0, 0, 0, 0, 1, 1, 1, 
210.517529, 0.1, 0.1, 0.111744486, 0.174666906, -0.0199712738, 0.886766527, 3.60627429e-005, -0.462217617, 0.462217616, 2.7522243e-005, 0.886766528, 4.47004989e-005, -0.999999999, 7.73696881e-006, 0.886766591, 3.10880633e-005, -0.462217494, 0.462217493, 4.25873318e-005, 0.886766591, 4.72524657e-005, -0.999999999, 2.33955764e-005, 0.1101427, 0.00583347168, -0.150974878, 0, 0, 0, 0, 0, 0, 0, 0.188016162, 0.0676461914, -0.119408008, 0, 0, 0, 0, 0, 0, 0, 1, 1, 1, 
210.51824, 0.1, 0.1, 0.111744483, 0.174666907, -0.0199697976, 0.886766397, -3.67975256e-005, -0.462217867, 0.462217866, -3.05776761e-005, 0.886766398, -4.67643574e-005, -0.999999999, -1.01067819e-005, 0.886766396, -2.21906491e-005, -0.462217869, 0.462217868, -4.10867407e-005, 0.886766396, -3.86689477e-005, -0.999999999, -2.61774265e-005, 0.1101427, 0.00583347168, -0.150974878, 0, 0, 0, 0, 0, 0, 0, 0.188016162, 0.0676461914, -0.119408008, 0, 0, 0, 0, 0, 0, 0, 1, 1, 1, 
210.518948, 0.1, 0.1, 0.111744477, 0.174666917, -0.0199681876, 0.886766573, 3.52537537e-005, -0.462217529, 0.462217528, 2.77261626e-005, 0.886766573, 4.40773687e-005, -0.999999999, 8.29173125e-006, 0.886766513, 9.45497371e-006, -0.462217646, 0.462217645, 3.3641281e-005, 0.886766512, 2.39339478e-005, -0.999999999, 2.54617058e-005, 0.1101427, 0.00583347168, -0.150974878, 0, 0, 0, 0, 0, 0, 0, 0.188016162, 0.0676461914, -0.119408008, 0, 0, 0, 0, 0, 0, 0, 1, 1, 1, 
210.51966, 0.1, 0.1, 0.111744481, 0.17466692, -0.019966964, 0.88676702, -1.23471024e-005, -0.462216673, 0.462216673, -2.19111585e-005, 0.88676702, -2.10767059e-005, -1, -1.37230561e-005, 0.886766921, 2.46380887e-005, -0.462216861, 0.462216862, -2.24927549e-005, 0.886766921, 1.14517115e-005, -0.999999999, -3.1333971e-005, 0.1101427, 0.00583347168, -0.150974878, 0, 0, 0, 0, 0, 0, 0, 0.188016162, 0.0676461914, -0.119408008, 0, 0, 0, 0, 0, 0, 0, 1, 1, 1, 
210.520374, 0.1, 0.1, 0.111744469, 0.174666927, -0.0199664081, 0.88676763, -1.2023784e-005, -0.462215502, 0.462215502, 8.44507868e-006, 0.88676763, -6.75885614e-006, -1, 1.30464018e-005, 0.886767506, -4.22530832e-005, -0.462215738, 0.462215739, 1.09690425e-005, 0.886767506, -3.23985971e-005, -0.999999999, 2.92570306e-005, 0.1101427, 0.00583347168, -0.150974878, 0, 0, 0, 0, 0, 0, 0, 0.188016162, 0.0676461914, -0.119408008, 0, 0, 0, 0, 0, 0, 0, 1, 1, 1, 
210.521082, 0.1, 0.1, 0.111744477, 0.174666934, -0.0199666861, 0.886768193, 4.5070032e-005, -0.46221442, 0.46221442, 1.14768647e-005, 0.886768194, 4.52714432e-005, -0.999999999, -1.06547002e-005, 0.886768089, 6.47007237e-005, -0.462214616, 0.462214617, 3.55240039e-006, 0.886768091, 5.90165086e-005, -0.999999998, -2.67554649e-005, 0.1101427, 0.00583347168, -0.150974878, 0, 0, 0, 0, 0, 0, 0, 0.188016162, 0.0676461914, -0.119408008, 0, 0, 0, 0, 0, 0, 0, 1, 1, 1, 
210.521816, 0.1, 0.1, 0.111744467, 0.174666941, -0.0199675718, 0.88676854, -4.54381506e-005, -0.462213755, 0.462213754, -1.56452726e-005, 0.886768541, -4.75245827e-005, -0.999999999, 7.12840259e-006, 0.886768491, -5.52269443e-005, -0.462213847, 0.462213848, 1.71243494e-007, 0.886768492, -4.8894363e-005, -0.999999998, 2.56785117e-005, 0.110734302, 0.00313894043, -0.151099609, 0, 0, 0, 0, 0, 0, 0, 0.188016162, 0.0676461914, -0.119408008, 0, 0, 0, 0, 0, 0, 0, 1, 1, 1, 
210.522529, 0.1, 0.1, 0.111744468, 0.174666943, -0.0199686267, 0.886768563, 4.8270133e-005, -0.46221371, 0.46221371, 9.84332582e-006, 0.886768564, 4.73541567e-005, -0.999999999, -1.35823654e-005, 0.886768586, 4.84606721e-005, -0.462213666, 0.462213667, -8.90495292e-006, 0.886768586, 3.88574108e-005, -0.999999999, -3.02958175e-005, 0.110734302, 0.00313894043, -0.151099609, 0, 0, 0, 0, 0, 0, 0, 0.188448096, 0.0651164062, -0.119728662, 0, 0, 0, 0, 0, 0, 0, 1, 1, 1, 
210.523243, 0.1, 0.1, 0.111744464, 0.174666953, -0.0199697254, 0.886768283, -4.22518539e-005, -0.462214248, 0.462214248, -1.12492697e-005, 0.886768284, -4.26671767e-005, -0.999999999, 9.55391334e-006, 0.886768365, -3.14598439e-005, -0.462214092, 0.462214092, 1.21389381e-005, 0.886768365, -2.22868061e-005, -0.999999999, 2.53056094e-005, 0.110734302, 0.00313894043, -0.151099609, 0, 0, 0, 0, 0, 0, 0, 0.188448096, 0.0651164062, -0.119728662, 0, 0, 0, 0, 0, 0, 0, 1, 1, 1, 
210.52395, 0.1, 0.1, 0.111744458, 0.174666951, -0.0199705203, 0.886767758, 1.71317647e-005, -0.462215255, 0.462215256, -6.17696463e-006, 0.886767758, 1.23368093e-005, -1, -1.33960961e-005, 0.886767871, -2.23031502e-006, -0.462215039, 0.462215039, -3.32409515e-005, 0.886767871, -1.73422394e-005, -0.999999999, -2.84461226e-005, 0.110734302, 0.00313894043, -0.151099609, 0, 0, 0, 0, 0, 0, 0, 0.188448096, 0.0651164062, -0.119728662, 0, 0, 0, 0, 0, 0, 0, 1, 1, 1, 
210.524695, 0.1, 0.1, 0.111744459, 0.174666965, -0.0199704359, 0.886767062, 1.15185433e-006, -0.462216592, 0.462216592, 1.57928376e-005, 0.886767062, 8.32113804e-006, -1, 1.3472162e-005, 0.886767193, 1.36243443e-005, -0.462216339, 0.462216339, 3.85954224e-005, 0.886767193, 2.99210564e-005, -0.999999999, 2.79277599e-005, 0.1113021, 0.000677172852, -0.151159888, 0, 0, 0, 0, 0, 0, 0, 0.188868555, 0.0625631836, -0.119837549, 0, 0, 0, 0, 0, 0, 0, 1, 1, 1, 
210.525403, 0.1, 0.1, 0.111744451, 0.174666963, -0.0199699099, 0.886766457, -2.62494605e-005, -0.462217752, 0.462217752, -2.21628965e-005, 0.886766457, -3.35212253e-005, -0.999999999, -7.52034661e-006, 0.886766568, -3.10236125e-005, -0.462217539, 0.462217538, -4.10202951e-005, 0.886766568, -4.64710023e-005, -0.999999999, -2.20357685e-005, 0.1113021, 0.000677172852, -0.151159888, 0, 0, 0, 0, 0, 0, 0, 0.188868555, 0.0625631836, -0.119837549, 0, 0, 0, 0, 0, 0, 0, 1, 1, 1, 
210.526114, 0.1, 0.1, 0.111744451, 0.174666975, -0.0199691525, 0.886766061, 3.95010427e-005, -0.462218511, 0.462218511, 2.76568589e-005, 0.886766061, 4.78116962e-005, -0.999999999, 6.26705066e-006, 0.886766118, 3.38160368e-005, -0.462218403, 0.462218401, 4.35780847e-005, 0.886766118, 5.01295084e-005, -0.999999998, 2.30131746e-005, 0.1113021, 0.000677172852, -0.151159888, 0, 0, 0, 0, 0, 0, 0, 0.188868555, 0.0625631836, -0.119837549, 0, 0, 0, 0, 0, 0, 0, 1, 1, 1, 
210.526821, 0.1, 0.1, 0.111744449, 0.174666974, -0.0199684573, 0.886765973, -3.5945531e-005, -0.462218679, 0.462218678, -3.4867013e-005, 0.886765974, -4.79914585e-005, -0.999999999, -1.43041849e-005, 0.886765963, -2.0798281e-005, -0.462218699, 0.462218698, -4.55194554e-005, 0.886765963, -3.94831511e-005, -0.999999999, -3.07517494e-005, 0.1113021, 0.000677172852, -0.151159888, 0, 0, 0, 0, 0, 0, 0, 0.188868555, 0.0625631836, -0.119837549, 0, 0, 0, 0, 0, 0, 0, 1, 1, 1, 
210.527531, 0.1, 0.1, 0.111744444, 0.174666983, -0.0199680162, 0.886766198, 3.57816716e-005, -0.462218248, 0.462218247, 2.65990693e-005, 0.886766199, 4.40245521e-005, -0.999999999, 7.04821402e-006, 0.886766128, 1.03132426e-005, -0.462218383, 0.462218383, 3.18355901e-005, 0.886766128, 2.38604291e-005, -0.999999999, 2.34637527e-005, 0.1113021, 0.000677172852, -0.151159888, 0, 0, 0, 0, 0, 0, 0, 0.188868555, 0.0625631836, -0.119837549, 0, 0, 0, 0, 0, 0, 0, 1, 1, 1, 
210.528242, 0.1, 0.1, 0.111744448, 0.174666986, -0.0199679284, 0.886766682, -1.25721889e-005, -0.46221732, 0.46221732, -2.00368437e-005, 0.886766682, -2.04099744e-005, -1, -1.1956922e-005, 0.886766575, 2.48111665e-005, -0.462217526, 0.462217527, -2.08925353e-005, 0.886766574, 1.23448172e-005, -0.999999999, -2.9994958e-005, 0.1113021, 0.000677172852, -0.151159888, 0, 0, 0, 0, 0, 0, 0, 0.188868555, 0.0625631836, -0.119837549, 0, 0, 0, 0, 0, 0, 0, 1, 1, 1, 
210.528961, 0.1, 0.1, 0.111744436, 0.174666993, -0.0199681596, 0.886767325, -1.43889771e-005, -0.462216087, 0.462216087, 1.04853335e-005, 0.886767325, -7.9131849e-006, -1, 1.59488678e-005, 0.886767186, -4.44705715e-005, -0.462216352, 0.462216353, 1.26022143e-005, 0.886767186, -3.3610094e-005, -0.999999999, 3.17302555e-005, 0.1113021, 0.000677172852, -0.151159888, 0, 0, 0, 0, 0, 0, 0, 0.188868555, 0.0625631836, -0.119837549, 0, 0, 0, 0, 0, 0, 0, 1, 1, 1, 
210.529681, 0.1, 0.1, 0.111744443, 0.174666999, -0.0199684224, 0.886767921, 3.95595288e-005, -0.462214943, 0.462214943, 1.4638946e-005, 0.886767921, 4.18464607e-005, -0.999999999, -5.30365763e-006, 0.886767812, 5.86018761e-005, -0.462215148, 0.462215149, 6.82452108e-006, 0.886767814, 5.51206546e-005, -0.999999998, -2.10349092e-005, 0.112104126, -0.00204250488, -0.151095923, 0, 0, 0, 0, 0, 0, 0, 0.189282422, 0.0602131836, -0.119964746, 0, 0, 0, 0, 0, 0, 0, 1, 1, 1, 
210.530386, 0.1, 0.1, 0.111744434, 0.174667006, -0.0199688568, 0.886768283, -4.46554978e-005, -0.462214247, 0.462214247, -1.15821527e-005, 0.886768284, -4.49525151e-005, -0.999999999, 1.03697216e-005, 0.886768235, -5.31414137e-005, -0.462214339, 0.462214339, 2.98745719e-006, 0.886768236, -4.57432722e-005, -0.999999999, 2.72119056e-005, 0.112104126, -0.00204250488, -0.151095923, 0, 0, 0, 0, 0, 0, 0, 0.189282422, 0.0602131836, -0.119964746, 0, 0, 0, 0, 0, 0, 0, 1, 1, 1, 
210.531093, 0.1, 0.1, 0.111744436, 0.174667008, -0.0199693988, 0.886768338, 4.59394582e-005, -0.462214141, 0.462214141, 7.07544526e-006, 0.886768339, 4.4008028e-005, -0.999999999, -1.49595864e-005, 0.886768353, 4.61353882e-005, -0.462214113, 0.462214113, -9.86486962e-006, 0.886768354, 3.63517202e-005, -0.999999999, -3.00722817e-005, 0.112104126, -0.00204250488, -0.151095923, 0, 0, 0, 0, 0, 0, 0, 0.189282422, 0.0602131836, -0.119964746, 0, 0, 0, 0, 0, 0, 0, 1, 1, 1, 
210.531798, 0.1, 0.1, 0.111744432, 0.174667015, -0.0199698627, 0.886768106, -4.15297066e-005, -0.462214588, 0.462214588, -1.76934228e-005, 0.886768106, -4.50053774e-005, -0.999999999, 3.50567323e-006, 0.886768178, -3.14010825e-005, -0.462214451, 0.462214451, 5.42299329e-006, 0.886768178, -2.53388949e-005, -0.999999999, 1.9322972e-005, 0.112104126, -0.00204250488, -0.151095923, 0, 0, 0, 0, 0, 0, 0, 0.189282422, 0.0602131836, -0.119964746, 0, 0, 0, 0, 0, 0, 0, 1, 1, 1, 
