time, realDorsalTactorPos, realVentralTactorPos, boxPosX, boxPosY, boxPosZ, boxLocalRot_11, boxLocalRot_12, boxLocalRot_13, boxLocalRot_21, boxLocalRot_22, boxLocalRot_23, boxLocalRot_31, boxLocalRot_32, boxLocalRot_33, boxGlobalRot_11, boxGlobalRot_12, boxGlobalRot_13], boxGlobalRot_21, boxGlobalRot_22, boxGlobalRot_23, boxGlobalRot_31, boxGlobalRot_32, boxGlobalRot_33, indexPosX, indexPosY, indexPosZ, indexContact, indexForceX, indexForceY, indexForceZ, indexForceGlobalX, indexForceGlobalY, indexForceGlobalZ, thumbPosX, thumbPosY, thumbPosZ, thumbContact, thumbForceX, thumbForceY, thumbForceZ, thumbForceGlobalX, thumbForceGlobalY, thumbForceGlobalZ, hoopSuccess, targetSuccess, trialSuccess, 
66.5633732, 0.1, 0.1, 0.106361899, 0.184855728, -0.0199680192, 0.867615742, -0.49723528, -2.42828059e-006, 0.49723528, 0.867615742, 1.25768282e-005, -4.1468282e-006, -1.21192809e-005, 1, 0.867615406, -0.497235867, -1.81539236e-005, 0.497235867, 0.867615406, 9.53351881e-006, 1.10102163e-005, -1.72982098e-005, 1, 0.145555542, -0.0850469971, -0.15739668, 0, 0, 0, 0, 0, 0, 0, 0.191446436, -0.037888916, -0.135847314, 0, 0, 0, 0, 0, 0, 0, 1, 1, 1, 
66.6128592, 0.1, 0.1, 0.106361949, 0.184855599, -0.0199650766, 0.86763319, -0.497204833, -3.94953355e-005, 0.497204833, 0.867633191, -7.41810869e-006, 3.79557835e-005, -1.32010744e-005, 0.999999999, 0.867633098, -0.497204994, -3.95517252e-005, 0.497204994, 0.867633099, -1.79437802e-005, 4.32381231e-005, -4.09669768e-006, 0.999999999, 0.151544507, -0.116206616, -0.150134229, 0, 0, 0, 0, 0, 0, 0, 0.193524463, -0.0688974609, -0.12757251, 0, 0, 0, 0, 0, 0, 0, 1, 1, 1, 
66.6136183, 0.1, 0.1, 0.106361947, 0.184855595, -0.0199639018, 0.867633679, -0.497203982, 1.58153607e-005, 0.497203981, 0.867633679, 1.32967904e-005, -2.03331567e-005, -3.67328286e-006, 1, 0.867633601, -0.497204117, 2.28129692e-005, 0.497204117, 0.867633601, 1.96780281e-005, -2.95772952e-005, -5.73061618e-006, 1, 0.151544507, -0.116206616, -0.150134229, 0, 0, 0, 0, 0, 0, 0, 0.193524463, -0.0688974609, -0.12757251, 0, 0, 0, 0, 0, 0, 0, 1, 1, 1, 
66.6143217, 0.1, 0.1, 0.106361948, 0.184855593, -0.0199642001, 0.867634044, -0.497203344, -4.45016046e-006, 0.497203344, 0.867634044, 3.00645922e-005, -1.10871051e-005, -2.82976984e-005, 1, 0.867633973, -0.497203468, -2.6347083e-006, 0.497203468, 0.867633973, 2.11891013e-005, -8.24933221e-006, -1.96943702e-005, 1, 0.151544507, -0.116206616, -0.150134229, 0, 0, 0, 0, 0, 0, 0, 0.193524463, -0.0688974609, -0.12757251, 0, 0, 0, 0, 0, 0, 0, 1, 1, 1, 
66.6150548, 0.1, 0.1, 0.10636195, 0.184855594, -0.0199657894, 0.86763429, -0.497202915, 1.21452131e-005, 0.497202915, 0.867634289, -3.01914182e-005, 4.47365784e-006, 3.2233745e-005, 0.999999999, 0.867634264, -0.49720296, -1.59519208e-006, 0.497202959, 0.867634264, -3.68698907e-005, 1.97158621e-005, 3.11964463e-005, 0.999999999, 0.15201355, -0.118504468, -0.1496698, 0, 0, 0, 0, 0, 0, 0, 0.19354751, -0.0708913086, -0.127012012, 0, 0, 0, 0, 0, 0, 0, 1, 1, 1, 
66.6157629, 0.1, 0.1, 0.106361949, 0.184855586, -0.0199681186, 0.867634224, -0.49720303, -1.86071103e-005, 0.49720303, 0.867634223, 5.05239834e-005, -8.97651192e-006, -5.30878487e-005, 0.999999999, 0.867634265, -0.49720296, 7.02038054e-007, 0.497202959, 0.867634263, 5.39967968e-005, -2.74564794e-005, -4.65004157e-005, 0.999999999, 0.15201355, -0.118504468, -0.1496698, 0, 0, 0, 0, 0, 0, 0, 0.19354751, -0.0708913086, -0.127012012, 0, 0, 0, 0, 0, 0, 0, 1, 1, 1, 
66.6164731, 0.1, 0.1, 0.106361955, 0.184855587, -0.0199705953, 0.867633837, -0.497203705, 4.13281206e-006, 0.497203705, 0.867633836, -4.77077954e-005, 2.01347251e-005, 4.34477471e-005, 0.999999999, 0.867633941, -0.497203523, -1.92729997e-005, 0.497203522, 0.867633941, -3.6639108e-005, 3.49390023e-005, 2.22067303e-005, 0.999999999, 0.15201355, -0.118504468, -0.1496698, 0, 0, 0, 0, 0, 0, 0, 0.19354751, -0.0708913086, -0.127012012, 0, 0, 0, 0, 0, 0, 0, 1, 1, 1, 
66.6171814, 0.1, 0.1, 0.10636195, 0.184855591, -0.0199724787, 0.867633206, -0.497204807, 1.84288525e-006, 0.497204807, 0.867633206, 3.43342842e-006, -3.30606555e-006, -2.0626651e-006, 1, 0.86763334, -0.497204572, 2.68346421e-005, 0.497204573, 0.86763334, -1.38930141e-005, -1.637496e-005, 2.5396349e-005, 1, 0.15201355, -0.118504468, -0.1496698, 0, 0, 0, 0, 0, 0, 0, 0.19354751, -0.0708913086, -0.127012012, 0, 0, 0, 0, 0, 0, 0, 1, 1, 1, 
66.6178918, 0.1, 0.1, 0.106361956, 0.184855588, -0.0199732235, 0.867632478, -0.497206078, -8.02022673e-006, 0.497206078, 0.867632478, -3.11446339e-006, 8.50713932e-006, -1.28549589e-006, 1, 0.867632617, -0.497205833, -3.03772611e-005, 0.497205833, 0.867632618, 3.76528199e-006, 2.44841824e-005, -1.83706329e-005, 1, 0.15201355, -0.118504468, -0.1496698, 0, 0, 0, 0, 0, 0, 0, 0.19354751, -0.0708913086, -0.127012012, 0, 0, 0, 0, 0, 0, 0, 1, 1, 1, 
66.6186018, 0.1, 0.1, 0.106361949, 0.18485559, -0.0199726492, 0.867631824, -0.497207217, 3.13480787e-005, 0.497207218, 0.867631824, -1.07416217e-005, -2.18577789e-005, 2.49062638e-005, 0.999999999, 0.867631948, -0.497206999, 4.81570385e-005, 0.497207001, 0.867631949, -1.72522262e-005, -3.32046575e-005, 3.89125993e-005, 0.999999999, 0.15201355, -0.118504468, -0.1496698, 0, 0, 0, 0, 0, 0, 0, 0.19354751, -0.0708913086, -0.127012012, 0, 0, 0, 0, 0, 0, 0, 1, 1, 1, 
66.6193304, 0.1, 0.1, 0.106361959, 0.184855585, -0.0199709294, 0.867631219, -0.497208269, -7.15652886e-005, 0.497208272, 0.86763122, 2.3243051e-005, 5.05356415e-005, -5.57492502e-005, 0.999999997, 0.867631346, -0.497208047, -7.35695655e-005, 0.49720805, 0.867631347, 2.43464e-005, 5.17260352e-005, -5.770308e-005, 0.999999997, 0.15201355, -0.118504468, -0.1496698, 0, 0, 0, 0, 0, 0, 0, 0.19354751, -0.0708913086, -0.127012012, 0, 0, 0, 0, 0, 0, 0, 1, 1, 1, 
66.6200618, 0.1, 0.1, 0.106361959, 0.184855584, -0.0199682424, 0.867630672, -0.497209225, 5.09948156e-005, 0.497209227, 0.867630673, -1.78301936e-005, -3.53793294e-005, 4.08251157e-005, 0.999999999, 0.867630772, -0.497209053, 4.05502974e-005, 0.497209054, 0.867630772, -1.42588826e-005, -2.80930403e-005, 3.25334203e-005, 0.999999999, 0.152292554, -0.120790723, -0.148985547, 0, 0, 0, 0, 0, 0, 0, 0.193840186, -0.0730983887, -0.126258301, 0, 0, 0, 0, 0, 0, 0, 1, 1, 1, 
66.6207703, 0.1, 0.1, 0.106361958, 0.184855583, -0.019966052, 0.867630209, -0.497210036, -2.15533745e-005, 0.497210036, 0.867630209, 6.16054558e-006, 1.56372738e-005, -1.60616296e-005, 1, 0.867630295, -0.497209886, -2.04240269e-005, 0.497209887, 0.867630295, 4.52906786e-006, 1.54686072e-005, -1.40845846e-005, 1, 0.152292554, -0.120790723, -0.148985547, 0, 0, 0, 0, 0, 0, 0, 0.193840186, -0.0730983887, -0.126258301, 0, 0, 0, 0, 0, 0, 0, 1, 1, 1, 
66.6214761, 0.1, 0.1, 0.106361956, 0.184855582, -0.0199649504, 0.867629812, -0.49721073, 8.5148461e-006, 0.49721073, 0.867629812, -6.33603408e-008, -7.35623087e-006, 4.28864616e-006, 1, 0.867629887, -0.497210598, 2.78419067e-005, 0.497210598, 0.867629887, -4.93531278e-006, -2.17025805e-005, 1.81253159e-005, 1, 0.152292554, -0.120790723, -0.148985547, 0, 0, 0, 0, 0, 0, 0, 0.193840186, -0.0730983887, -0.126258301, 0, 0, 0, 0, 0, 0, 0, 1, 1, 1, 
66.6222089, 0.1, 0.1, 0.106361962, 0.184855579, -0.0199649361, 0.867629446, -0.497211368, -1.49218481e-007, 0.497211368, 0.867629446, -1.53403064e-006, 8.92203822e-007, 1.25677703e-006, 1, 0.867629514, -0.497211249, -2.96968697e-005, 0.49721125, 0.867629514, 6.7575382e-006, 2.24059566e-005, -2.06286573e-005, 1, 0.152777222, -0.123093335, -0.148128223, 0, 0, 0, 0, 0, 0, 0, 0.193892529, -0.0754703613, -0.125477734, 0, 0, 0, 0, 0, 0, 0, 1, 1, 1, 
66.6229183, 0.1, 0.1, 0.106361955, 0.184855575, -0.0199660254, 0.867628957, -0.49721222, 3.22649134e-005, 0.49721222, 0.867628958, 9.52375568e-006, -3.27293009e-005, 7.77942301e-006, 0.999999999, 0.867629059, -0.497212042, 4.23660395e-005, 0.497212041, 0.86762906, 2.64028515e-005, -4.98858227e-005, -1.84297621e-006, 0.999999999, 0.152777222, -0.123093335, -0.148128223, 0, 0, 0, 0, 0, 0, 0, 0.193892529, -0.0754703613, -0.125477734, 0, 0, 0, 0, 0, 0, 0, 1, 1, 1, 
66.6236302, 0.1, 0.1, 0.106361963, 0.184855578, -0.0199679798, 0.867628537, -0.497212951, -6.04504568e-005, 0.497212949, 0.867628539, -3.45806705e-005, 6.96424988e-005, -5.3573344e-008, 0.999999998, 0.867628623, -0.497212801, -5.93359712e-005, 0.4972128, 0.867628625, -3.57955622e-005, 6.92795989e-005, 1.55464998e-006, 0.999999998, 0.152777222, -0.123093335, -0.148128223, 0, 0, 0, 0, 0, 0, 0, 0.193892529, -0.0754703613, -0.125477734, 0, 0, 0, 0, 0, 0, 0, 1, 1, 1, 
66.6243524, 0.1, 0.1, 0.106361964, 0.184855577, -0.0199701747, 0.867628132, -0.497213657, 5.38641764e-005, 0.497213656, 0.867628134, 2.88778083e-005, -6.10925155e-005, 1.72680518e-006, 0.999999998, 0.867628193, -0.497213555, 2.42443344e-005, 0.497213554, 0.867628193, 2.14861469e-005, -3.17182716e-005, -6.58737512e-006, 0.999999999, 0.152777222, -0.123093335, -0.148128223, 0, 0, 0, 0, 0, 0, 0, 0.193892529, -0.0754703613, -0.125477734, 0, 0, 0, 0, 0, 0, 0, 1, 1, 1, 
66.6250654, 0.1, 0.1, 0.106361953, 0.184855568, -0.0199717781, 0.867627788, -0.49721426, 3.57296827e-005, 0.49721426, 0.867627789, 5.00824371e-006, -3.34902358e-005, 1.34200164e-005, 0.999999999, 0.867627861, -0.497214131, 4.99892339e-005, 0.49721413, 0.867627863, 3.15670009e-005, -5.90676111e-005, -2.53305604e-006, 0.999999998, 0.152777222, -0.123093335, -0.148128223, 0, 0, 0, 0, 0, 0, 0, 0.193892529, -0.0754703613, -0.125477734, 0, 0, 0, 0, 0, 0, 0, 1, 1, 1, 
66.625775, 0.1, 0.1, 0.106361958, 0.18485557, -0.019972502, 0.867627656, -0.49721449, -4.22840115e-005, 0.49721449, 0.867627657, 1.23020654e-006, 3.60751013e-005, -2.20915844e-005, 0.999999999, 0.86762766, -0.497214482, -4.26206663e-005, 0.497214482, 0.867627661, -9.99412949e-006, 4.19480949e-005, -1.25204293e-005, 0.999999999, 0.152777222, -0.123093335, -0.148128223, 0, 0, 0, 0, 0, 0, 0, 0.193892529, -0.0754703613, -0.125477734, 0, 0, 0, 0, 0, 0, 0, 1, 1, 1, 
66.626486, 0.1, 0.1, 0.106361958, 0.184855568, -0.0199721515, 0.867627751, -0.497214325, 1.66807487e-005, 0.497214325, 0.867627752, -1.28085786e-006, -1.38358196e-005, 9.40521504e-006, 1, 0.867627723, -0.497214374, 2.19505512e-005, 0.497214374, 0.867627723, 3.77233622e-007, -1.92324727e-005, 1.05868312e-005, 1, 0.152777222, -0.123093335, -0.148128223, 0, 0, 0, 0, 0, 0, 0, 0.193892529, -0.0754703613, -0.125477734, 0, 0, 0, 0, 0, 0, 0, 1, 1, 1, 
66.6272175, 0.1, 0.1, 0.106361958, 0.184855566, -0.0199705829, 0.867627866, -0.497214125, 9.49962605e-006, 0.497214125, 0.867627866, 1.19899249e-005, -1.42037003e-005, -5.67944469e-006, 1, 0.867627856, -0.497214143, 1.16427611e-005, 0.497214143, 0.867627856, 1.44858085e-006, -1.08218387e-005, 4.53211637e-006, 1, 0.153255786, -0.12539729, -0.147252588, 0, 0, 0, 0, 0, 0, 0, 0.194148584, -0.0778889648, -0.124677393, 0, 0, 0, 0, 0, 0, 0, 1, 1, 1, 
66.6279275, 0.1, 0.1, 0.10636196, 0.184855565, -0.0199686684, 0.867627906, -0.497214054, 7.49878033e-007, 0.497214054, 0.867627906, 1.08020297e-005, -6.0215361e-006, -8.99929254e-006, 1, 0.867627891, -0.497214081, -1.16519536e-005, 0.497214081, 0.867627891, 3.70576462e-006, 8.26700154e-006, -9.00874012e-006, 1, 0.153255786, -0.12539729, -0.147252588, 0, 0, 0, 0, 0, 0, 0, 0.194148584, -0.0778889648, -0.124677393, 0, 0, 0, 0, 0, 0, 0, 1, 1, 1, 
66.6286372, 0.1, 0.1, 0.106361962, 0.184855564, -0.0199669995, 0.867628026, -0.497213846, -1.05449089e-005, 0.497213846, 0.867628026, -6.69389686e-006, 1.24773567e-005, 5.64737821e-007, 1, 0.867628005, -0.497213882, -2.06246735e-005, 0.497213883, 0.867628005, -6.38509828e-007, 1.82120203e-005, -9.700885e-006, 1, 0.153255786, -0.12539729, -0.147252588, 0, 0, 0, 0, 0, 0, 0, 0.194148584, -0.0778889648, -0.124677393, 0, 0, 0, 0, 0, 0, 0, 1, 1, 1, 
66.6293444, 0.1, 0.1, 0.106361963, 0.184855562, -0.019966067, 0.867628045, -0.497213813, -1.48343091e-005, 0.497213813, 0.867628045, -9.69831191e-006, 1.76927972e-005, 1.03870403e-006, 1, 0.867628043, -0.497213815, -1.09435822e-005, 0.497213815, 0.867628043, -7.148466e-006, 1.30492749e-005, 7.60909304e-007, 1, 0.153255786, -0.12539729, -0.147252588, 0, 0, 0, 0, 0, 0, 0, 0.194148584, -0.0778889648, -0.124677393, 0, 0, 0, 0, 0, 0, 0, 1, 1, 1, 
66.6300528, 0.1, 0.1, 0.106361964, 0.18485556, -0.0199660926, 0.867628124, -0.497213675, -1.13501255e-005, 0.497213675, 0.867628124, 1.10941608e-006, 9.29607125e-006, -6.60599821e-006, 1, 0.8676281, -0.497213717, 7.35383444e-006, 0.497213717, 0.8676281, 2.23787644e-007, -6.49166368e-006, 3.46226291e-006, 1, 0.153255786, -0.12539729, -0.147252588, 0, 0, 0, 0, 0, 0, 0, 0.194148584, -0.0778889648, -0.124677393, 0, 0, 0, 0, 0, 0, 0, 1, 1, 1, 
66.6307608, 0.1, 0.1, 0.106361964, 0.184855559, -0.0199670131, 0.867628172, -0.497213592, 6.59950483e-006, 0.497213591, 0.867628172, 8.12785732e-006, -9.76719744e-006, -3.77059449e-006, 1, 0.867628173, -0.497213589, 1.0875613e-005, 0.497213589, 0.867628173, 1.12588328e-005, -1.50340329e-005, -4.36097794e-006, 1, 0.153255786, -0.12539729, -0.147252588, 0, 0, 0, 0, 0, 0, 0, 0.194148584, -0.0778889648, -0.124677393, 0, 0, 0, 0, 0, 0, 0, 1, 1, 1, 
66.6314819, 0.1, 0.1, 0.106361964, 0.184855558, -0.0199684841, 0.867628193, -0.497213554, 1.80791438e-005, 0.497213554, 0.867628193, -2.65946487e-007, -1.55537426e-005, 9.21993798e-006, 1, 0.867628176, -0.497213584, 8.05532304e-006, 0.497213584, 0.867628176, 6.78351314e-006, -1.03618801e-005, -1.88035109e-006, 1, 0.153255786, -0.12539729, -0.147252588, 0, 0, 0, 0, 0, 0, 0, 0.194148584, -0.0778889648, -0.124677393, 0, 0, 0, 0, 0, 0, 0, 1, 1, 1, 
66.6322042, 0.1, 0.1, 0.106361964, 0.184855558, -0.0199697167, 0.867628277, -0.497213408, 1.19231847e-005, 0.497213409, 0.867628277, -3.36402228e-006, -8.67225523e-006, 8.84708818e-006, 1, 0.867628269, -0.497213422, -1.23139242e-007, 0.497213422, 0.867628269, -1.08372387e-005, 5.49525964e-006, 9.34146818e-006, 1, 0.153508911, -0.127665845, -0.147119287, 0, 0, 0, 0, 0, 0, 0, 0.194363135, -0.0800594238, -0.124263721, 0, 0, 0, 0, 0, 0, 0, 1, 1, 1, 
66.6329146, 0.1, 0.1, 0.106361964, 0.184855557, -0.0199706387, 0.867628268, -0.497213424, -7.83404614e-006, 0.497213424, 0.867628268, -5.88107112e-007, 7.08945463e-006, -3.38493455e-006, 1, 0.867628268, -0.497213424, -7.11169163e-006, 0.497213424, 0.867628268, -1.14970716e-005, 1.1886803e-005, 6.43915574e-006, 1, 0.153508911, -0.127665845, -0.147119287, 0, 0, 0, 0, 0, 0, 0, 0.194363135, -0.0800594238, -0.124263721, 0, 0, 0, 0, 0, 0, 0, 1, 1, 1, 
66.6336236, 0.1, 0.1, 0.106361965, 0.184855556, -0.019971019, 0.867628337, -0.497213302, -1.46965369e-005, 0.497213302, 0.867628337, -2.04665471e-006, 1.37687558e-005, -5.53157804e-006, 1, 0.867628322, -0.497213329, -1.05452191e-005, 0.497213329, 0.867628322, -5.52899767e-008, 9.17682165e-006, -5.19525233e-006, 1, 0.153508911, -0.127665845, -0.147119287, 0, 0, 0, 0, 0, 0, 0, 0.194363135, -0.0800594238, -0.124263721, 0, 0, 0, 0, 0, 0, 0, 1, 1, 1, 
66.6343507, 0.1, 0.1, 0.106361965, 0.184855555, -0.019970696, 0.867628344, -0.497213291, -8.88490889e-006, 0.49721329, 0.867628344, -7.58738529e-006, 1.14813476e-005, 2.16533575e-006, 1, 0.867628351, -0.497213279, -7.25319646e-007, 0.497213279, 0.867628351, 8.09915637e-006, -3.39770021e-006, -7.38769625e-006, 1, 0.153508911, -0.127665845, -0.147119287, 0, 0, 0, 0, 0, 0, 0, 0.194387158, -0.0824362793, -0.123648047, 0, 0, 0, 0, 0, 0, 0, 1, 1, 1, 
66.6350601, 0.1, 0.1, 0.106361966, 0.184855554, -0.0199697459, 0.86762837, -0.497213246, 4.83400554e-006, 0.497213246, 0.86762837, 8.10226991e-008, -4.2344059e-006, 2.33323399e-006, 1, 0.867628355, -0.497213271, 9.20493702e-006, 0.497213271, 0.867628356, 2.50345281e-006, -9.23121433e-006, 2.4047502e-006, 1, 0.153508911, -0.127665845, -0.147119287, 0, 0, 0, 0, 0, 0, 0, 0.194387158, -0.0824362793, -0.123648047, 0, 0, 0, 0, 0, 0, 0, 1, 1, 1, 
66.6357702, 0.1, 0.1, 0.106361968, 0.184855552, -0.019968634, 0.867628413, -0.497213171, 7.18513168e-006, 0.497213171, 0.867628413, 1.26257786e-005, -1.25117278e-005, -7.38194212e-006, 1, 0.867628417, -0.497213164, 7.70216851e-006, 0.497213164, 0.867628417, 1.58771557e-006, -7.47205335e-006, 2.45207243e-006, 1, 0.153508911, -0.127665845, -0.147119287, 0, 0, 0, 0, 0, 0, 0, 0.194387158, -0.0824362793, -0.123648047, 0, 0, 0, 0, 0, 0, 0, 1, 1, 1, 
66.6364911, 0.1, 0.1, 0.106361969, 0.184855551, -0.0199676789, 0.867628393, -0.497213206, 6.53709852e-006, 0.497213206, 0.867628393, 1.07710022e-005, -1.10272568e-005, -6.09489565e-006, 1, 0.867628388, -0.497213214, -8.7818035e-006, 0.497213214, 0.867628388, 2.8961468e-006, 6.17933956e-006, -6.87920793e-006, 1, 0.153508911, -0.127665845, -0.147119287, 0, 0, 0, 0, 0, 0, 0, 0.194387158, -0.0824362793, -0.123648047, 0, 0, 0, 0, 0, 0, 0, 1, 1, 1, 
66.6372015, 0.1, 0.1, 0.106361969, 0.18485555, -0.0199670782, 0.867628463, -0.497213084, -1.42040547e-006, 0.497213084, 0.867628463, -8.05260856e-006, 5.23624655e-006, 6.2804282e-006, 1, 0.867628451, -0.497213103, -1.17119756e-005, 0.497213103, 0.867628451, -1.58320809e-006, 1.09488351e-005, -4.44971137e-006, 1, 0.153770825, -0.12993916, -0.147015771, 0, 0, 0, 0, 0, 0, 0, 0.194387158, -0.0824362793, -0.123648047, 0, 0, 0, 0, 0, 0, 0, 1, 1, 1, 
66.6379086, 0.1, 0.1, 0.106361968, 0.184855549, -0.0199671032, 0.867628438, -0.497213127, -8.10506654e-006, 0.497213127, 0.867628438, -1.17216351e-005, 1.28603371e-005, 6.14007846e-006, 1, 0.867628445, -0.497213115, -3.34867e-006, 0.497213115, 0.867628445, -9.10935411e-006, 7.43469168e-006, 6.23853209e-006, 1, 0.153770825, -0.12993916, -0.147015771, 0, 0, 0, 0, 0, 0, 0, 0.194387158, -0.0824362793, -0.123648047, 0, 0, 0, 0, 0, 0, 0, 1, 1, 1, 
66.6386164, 0.1, 0.1, 0.106361968, 0.184855548, -0.0199677374, 0.867628476, -0.49721306, -1.03708705e-005, 0.49721306, 0.867628476, -1.50463483e-006, 9.74618669e-006, -3.85106826e-006, 1, 0.86762846, -0.497213088, 8.55972617e-006, 0.497213088, 0.86762846, -2.55736557e-006, -6.15510641e-006, 6.47485103e-006, 1, 0.153770825, -0.12993916, -0.147015771, 0, 0, 0, 0, 0, 0, 0, 0.194387158, -0.0824362793, -0.123648047, 0, 0, 0, 0, 0, 0, 0, 1, 1, 1, 
66.6393551, 0.1, 0.1, 0.106361969, 0.184855547, -0.0199685107, 0.867628488, -0.49721304, 3.06422052e-006, 0.49721304, 0.867628488, 6.71888328e-006, -5.9993214e-006, -4.30592414e-006, 1, 0.867628496, -0.497213025, 8.22100569e-006, 0.497213025, 0.867628496, 9.57027545e-006, -1.18912444e-005, -4.21585259e-006, 1, 0.154255493, -0.132013037, -0.146524976, 0, 0, 0, 0, 0, 0, 0, 0.194446582, -0.0844083984, -0.123090967, 0, 0, 0, 0, 0, 0, 0, 1, 1, 1, 
66.6400613, 0.1, 0.1, 0.10636197, 0.184855546, -0.0199692158, 0.867628472, -0.497213067, 1.12805928e-005, 0.497213067, 0.867628472, 4.59807211e-007, -1.00159857e-005, 5.20991633e-006, 1, 0.867628464, -0.497213082, 2.54879771e-006, 0.497213082, 0.867628464, 6.54871121e-006, -5.46751433e-006, -4.41455268e-006, 1, 0.154255493, -0.132013037, -0.146524976, 0, 0, 0, 0, 0, 0, 0, 0.194446582, -0.0844083984, -0.123090967, 0, 0, 0, 0, 0, 0, 0, 1, 1, 1, 
66.6407681, 0.1, 0.1, 0.106361971, 0.184855546, -0.0199698561, 0.867628517, -0.49721299, 6.6337586e-006, 0.49721299, 0.867628517, -3.25734029e-008, -5.73944222e-006, 3.32665256e-006, 1, 0.867628515, -0.497212992, -5.94078045e-006, 0.497212992, 0.867628515, -7.89570326e-006, 9.08023677e-006, 3.89670408e-006, 1, 0.154255493, -0.132013037, -0.146524976, 0, 0, 0, 0, 0, 0, 0, 0.194446582, -0.0844083984, -0.123090967, 0, 0, 0, 0, 0, 0, 0, 1, 1, 1, 
66.6414787, 0.1, 0.1, 0.106361972, 0.184855544, -0.0199702247, 0.867628476, -0.49721306, -9.45796372e-006, 0.49721306, 0.867628476, 2.62694777e-006, 6.89984591e-006, -6.98183778e-006, 1, 0.867628482, -0.497213049, -9.70031245e-006, 0.497213049, 0.867628483, -8.30239719e-006, 1.25443276e-005, 2.38027435e-006, 1, 0.154255493, -0.132013037, -0.146524976, 0, 0, 0, 0, 0, 0, 0, 0.194446582, -0.0844083984, -0.123090967, 0, 0, 0, 0, 0, 0, 0, 1, 1, 1, 
66.6421882, 0.1, 0.1, 0.106361972, 0.184855543, -0.0199701977, 0.867628519, -0.497212986, -1.24744861e-005, 0.497212986, 0.867628519, -9.99164651e-007, 1.13200175e-005, -5.33557273e-006, 1, 0.867628509, -0.497213003, -8.8727777e-006, 0.497213003, 0.867628509, 1.50284994e-006, 6.95103835e-006, -5.7155759e-006, 1, 0.154255493, -0.132013037, -0.146524976, 0, 0, 0, 0, 0, 0, 0, 0.194446582, -0.0844083984, -0.123090967, 0, 0, 0, 0, 0, 0, 0, 1, 1, 1, 
66.6429001, 0.1, 0.1, 0.106361972, 0.184855542, -0.0199697947, 0.867628501, -0.497213017, -3.60665756e-006, 0.497213017, 0.867628501, -8.03545287e-006, 7.12457066e-006, 5.17851084e-006, 1, 0.867628512, -0.497212998, 4.39695113e-006, 0.497212998, 0.867628512, 7.80804755e-006, -7.69718289e-006, -4.58826342e-006, 1, 0.154255493, -0.132013037, -0.146524976, 0, 0, 0, 0, 0, 0, 0, 0.194446582, -0.0844083984, -0.123090967, 0, 0, 0, 0, 0, 0, 0, 1, 1, 1, 
66.6436188, 0.1, 0.1, 0.106361972, 0.184855541, -0.0199691676, 0.867628507, -0.497213007, 8.74846071e-006, 0.497213007, 0.867628507, -1.95211333e-006, -6.61979777e-006, 6.04355763e-006, 1, 0.867628495, -0.497213028, 1.40781845e-005, 0.497213028, 0.867628495, 1.03696376e-006, -1.27302259e-005, 6.10015742e-006, 1, 0.154255493, -0.132013037, -0.146524976, 0, 0, 0, 0, 0, 0, 0, 0.194446582, -0.0844083984, -0.123090967, 0, 0, 0, 0, 0, 0, 0, 1, 1, 1, 
66.6443431, 0.1, 0.1, 0.106361973, 0.18485554, -0.0199682877, 0.867628532, -0.497212963, 7.93873136e-006, 0.497212963, 0.867628532, 9.47200327e-006, -1.15974726e-005, -4.27094015e-006, 1, 0.867628539, -0.49721295, 9.00505267e-006, 0.49721295, 0.867628539, -1.72698846e-006, -6.95435967e-006, 5.97581328e-006, 1, 0.154611035, -0.134035156, -0.14598877, 0, 0, 0, 0, 0, 0, 0, 0.19447915, -0.086513916, -0.122690967, 0, 0, 0, 0, 0, 0, 0, 1, 1, 1, 
66.6450476, 0.1, 0.1, 0.106361974, 0.18485554, -0.0199676926, 0.867628494, -0.49721303, 4.23228387e-006, 0.49721303, 0.867628494, 6.70569732e-006, -7.00621016e-006, -3.71370738e-006, 1, 0.867628493, -0.497213031, -9.60826418e-006, 0.497213031, 0.867628493, -7.45527417e-007, 8.70708972e-006, -4.13051332e-006, 1, 0.154611035, -0.134035156, -0.14598877, 0, 0, 0, 0, 0, 0, 0, 0.19447915, -0.086513916, -0.122690967, 0, 0, 0, 0, 0, 0, 0, 1, 1, 1, 
66.6459567, 0.1, 0.1, 0.106361977, 0.184855539, -0.0199653832, 0.867628574, -0.497212889, -1.77516504e-005, 0.497212889, 0.867628574, -9.70843104e-006, 2.02289962e-005, -4.03037222e-007, 1, 0.867628562, -0.497212909, -2.9902206e-005, 0.497212909, 0.867628563, -4.02247679e-006, 2.79440354e-005, -1.13777471e-005, 1, 0.154611035, -0.134035156, -0.14598877, 0, 0, 0, 0, 0, 0, 0, 0.19447915, -0.086513916, -0.122690967, 0, 0, 0, 0, 0, 0, 0, 1, 1, 1, 
66.6466673, 0.1, 0.1, 0.106361971, 0.184855538, -0.0199638527, 0.867628493, -0.49721303, 2.75588665e-005, 0.497213029, 0.867628493, 2.96794509e-005, -3.86678676e-005, -1.20481097e-005, 0.999999999, 0.867628527, -0.49721297, 4.77365382e-005, 0.49721297, 0.867628528, 1.2780555e-005, -4.77722401e-005, 1.26464519e-005, 0.999999999, 0.154611035, -0.134035156, -0.14598877, 0, 0, 0, 0, 0, 0, 0, 0.19447915, -0.086513916, -0.122690967, 0, 0, 0, 0, 0, 0, 0, 1, 1, 1, 
66.6473768, 0.1, 0.1, 0.106361975, 0.184855538, -0.0199639835, 0.867628115, -0.497213691, -1.68147078e-005, 0.49721369, 0.867628114, -3.2659484e-005, 3.08276558e-005, 1.99757836e-005, 0.999999999, 0.86762821, -0.497213523, -2.7725371e-005, 0.497213523, 0.867628211, -2.68490287e-005, 3.74050142e-005, 9.50954531e-006, 0.999999999, 0.154611035, -0.134035156, -0.14598877, 0, 0, 0, 0, 0, 0, 0, 0.19447915, -0.086513916, -0.122690967, 0, 0, 0, 0, 0, 0, 0, 1, 1, 1, 
66.6480812, 0.1, 0.1, 0.106361973, 0.184855534, -0.0199656526, 0.867627536, -0.4972147, 9.58047476e-006, 0.497214699, 0.867627536, 3.77084962e-005, -2.70615023e-005, -2.79533768e-005, 0.999999999, 0.86762766, -0.497214485, 1.64899679e-005, 0.497214484, 0.867627659, 4.14802003e-005, -3.49317087e-005, -2.77903182e-005, 0.999999999, 0.154611035, -0.134035156, -0.14598877, 0, 0, 0, 0, 0, 0, 0, 0.19447915, -0.086513916, -0.122690967, 0, 0, 0, 0, 0, 0, 0, 1, 1, 1, 
66.6488155, 0.1, 0.1, 0.106361977, 0.184855536, -0.0199682104, 0.867626923, -0.497215771, -2.67102263e-005, 0.49721577, 0.867626923, -2.33030892e-005, 3.47611749e-005, 6.9376418e-006, 0.999999999, 0.86762704, -0.497215565, -2.7649024e-005, 0.497215564, 0.867627041, -3.55898911e-005, 4.16848887e-005, 1.71312268e-005, 0.999999999, 0.155156738, -0.136324829, -0.145390698, 0, 0, 0, 0, 0, 0, 0, 0.19447915, -0.086513916, -0.122690967, 0, 0, 0, 0, 0, 0, 0, 1, 1, 1, 
66.6495257, 0.1, 0.1, 0.106361976, 0.184855533, -0.0199705915, 0.867626534, -0.497216449, 2.61352327e-005, 0.497216449, 0.867626534, 8.2326803e-007, -2.30849638e-005, 1.22805784e-005, 1, 0.86762659, -0.497216351, 2.09214791e-005, 0.497216351, 0.86762659, 2.04356225e-005, -2.83129573e-005, -7.32798798e-006, 1, 0.155156738, -0.136324829, -0.145390698, 0, 0, 0, 0, 0, 0, 0, 0.194595215, -0.0890256348, -0.122176367, 0, 0, 0, 0, 0, 0, 0, 1, 1, 1, 
66.6502337, 0.1, 0.1, 0.106361979, 0.184855535, -0.0199723629, 0.867626434, -0.497216623, -2.68308612e-005, 0.497216623, 0.867626435, -4.5339943e-007, 2.35046022e-005, -1.29473689e-005, 1, 0.867626434, -0.497216622, -2.81736667e-005, 0.497216622, 0.867626435, -1.07164925e-005, 2.97726362e-005, -4.71050328e-006, 1, 0.155156738, -0.136324829, -0.145390698, 0, 0, 0, 0, 0, 0, 0, 0.194595215, -0.0890256348, -0.122176367, 0, 0, 0, 0, 0, 0, 0, 1, 1, 1, 
66.6509412, 0.1, 0.1, 0.106361975, 0.184855534, -0.0199730486, 0.867626545, -0.49721643, 3.34502296e-005, 0.49721643, 0.867626545, -6.35946271e-006, -2.58602778e-005, 2.21496424e-005, 0.999999999, 0.867626513, -0.497216485, 3.85475803e-005, 0.497216485, 0.867626514, -3.92529628e-006, -3.14931807e-005, 2.25721835e-005, 0.999999999, 0.155156738, -0.136324829, -0.145390698, 0, 0, 0, 0, 0, 0, 0, 0.194595215, -0.0890256348, -0.122176367, 0, 0, 0, 0, 0, 0, 0, 1, 1, 1, 
66.651675, 0.1, 0.1, 0.106361979, 0.184855533, -0.0199722329, 0.867626711, -0.49721614, -2.22065808e-005, 0.49721614, 0.867626711, -7.61239884e-006, 2.30520302e-005, -4.43674984e-006, 1, 0.867626683, -0.497216188, -3.22449418e-005, 0.497216188, 0.867626684, -2.9494178e-006, 2.94430702e-005, -1.34737135e-005, 0.999999999, 0.155753955, -0.138167285, -0.144388867, 0, 0, 0, 0, 0, 0, 0, 0.19470542, -0.0911675293, -0.121442187, 0, 0, 0, 0, 0, 0, 0, 1, 1, 1, 
66.6523826, 0.1, 0.1, 0.106361975, 0.184855532, -0.0199705089, 0.867626732, -0.497216103, 1.66691407e-005, 0.497216103, 0.867626732, 2.35182745e-005, -2.61562569e-005, -1.21169185e-005, 1, 0.867626743, -0.497216083, 3.23801935e-005, 0.497216083, 0.867626744, 9.89825861e-006, -3.30154953e-005, 7.5119591e-006, 0.999999999, 0.155753955, -0.138167285, -0.144388867, 0, 0, 0, 0, 0, 0, 0, 0.19470542, -0.0911675293, -0.121442187, 0, 0, 0, 0, 0, 0, 0, 1, 1, 1, 
66.6530911, 0.1, 0.1, 0.106361979, 0.184855533, -0.0199684955, 0.867626503, -0.497216503, -1.28418282e-005, 0.497216502, 0.867626503, -2.94085755e-005, 2.57643396e-005, 1.91304906e-005, 0.999999999, 0.867626567, -0.49721639, -2.37886343e-005, 0.49721639, 0.867626568, -2.48787968e-005, 3.30097967e-005, 9.75740616e-006, 0.999999999, 0.155753955, -0.138167285, -0.144388867, 0, 0, 0, 0, 0, 0, 0, 0.19470542, -0.0911675293, -0.121442187, 0, 0, 0, 0, 0, 0, 0, 1, 1, 1, 
66.6537997, 0.1, 0.1, 0.106361976, 0.184855528, -0.0199667986, 0.867626074, -0.497217251, 1.34519389e-005, 0.497217251, 0.867626074, 3.5026117e-005, -2.90868426e-005, -2.37010363e-005, 0.999999999, 0.867626169, -0.497217087, 1.99744757e-005, 0.497217086, 0.867626168, 3.95324525e-005, -3.69865887e-005, -2.43677397e-005, 0.999999999, 0.155753955, -0.138167285, -0.144388867, 0, 0, 0, 0, 0, 0, 0, 0.19470542, -0.0911675293, -0.121442187, 0, 0, 0, 0, 0, 0, 0, 1, 1, 1, 
66.6545161, 0.1, 0.1, 0.10636198, 0.184855531, -0.0199658468, 0.867625614, -0.497218055, -2.40053909e-005, 0.497218054, 0.867625614, -2.27745681e-005, 3.21516185e-005, 7.82388483e-006, 0.999999999, 0.867625696, -0.497217911, -2.48741445e-005, 0.49721791, 0.867625696, -3.60243843e-005, 3.9493416e-005, 1.88878114e-005, 0.999999999, 0.155753955, -0.138167285, -0.144388867, 0, 0, 0, 0, 0, 0, 0, 0.19470542, -0.0911675293, -0.121442187, 0, 0, 0, 0, 0, 0, 0, 1, 1, 1, 
66.6552352, 0.1, 0.1, 0.106361978, 0.184855527, -0.0199658709, 0.867625359, -0.497218499, 3.19854377e-005, 0.497218499, 0.867625359, 1.128223e-006, -2.83123502e-005, 1.49248764e-005, 0.999999999, 0.867625388, -0.497218448, 2.71002935e-005, 0.497218447, 0.867625389, 2.45113046e-005, -3.57003755e-005, -7.79186427e-006, 0.999999999, 0.155753955, -0.138167285, -0.144388867, 0, 0, 0, 0, 0, 0, 0, 0.19470542, -0.0911675293, -0.121442187, 0, 0, 0, 0, 0, 0, 0, 1, 1, 1, 
66.6559577, 0.1, 0.1, 0.106361981, 0.18485553, -0.0199665899, 0.867625427, -0.497218379, -3.72072935e-005, 0.49721838, 0.867625428, -2.0732424e-006, 3.33128482e-005, -1.67013524e-005, 0.999999999, 0.867625391, -0.497218442, -3.84108882e-005, 0.497218442, 0.867625392, -1.46425103e-005, 4.06067881e-005, -6.39438832e-006, 0.999999999, 0.155753955, -0.138167285, -0.144388867, 0, 0, 0, 0, 0, 0, 0, 0.19470542, -0.0911675293, -0.121442187, 0, 0, 0, 0, 0, 0, 0, 1, 1, 1, 
66.6566978, 0.1, 0.1, 0.106361977, 0.184855529, -0.0199676983, 0.867625753, -0.497217811, 3.93622232e-005, 0.497217812, 0.867625753, -8.82243548e-006, -2.97650065e-005, 2.72261707e-005, 0.999999999, 0.86762568, -0.497217937, 4.55950367e-005, 0.497217938, 0.867625681, -5.98806897e-006, -3.65820495e-005, 2.78660725e-005, 0.999999999, 0.15633689, -0.140439258, -0.143788721, 0, 0, 0, 0, 0, 0, 0, 0.195038867, -0.0930778809, -0.121136182, 0, 0, 0, 0, 0, 0, 0, 1, 1, 1, 
66.6574096, 0.1, 0.1, 0.106361981, 0.184855529, -0.019969013, 0.867626107, -0.497217195, -2.6553824e-005, 0.497217195, 0.867626107, -9.60310347e-006, 2.78136191e-005, -4.87111461e-006, 1, 0.867626042, -0.497217306, -3.66646063e-005, 0.497217306, 0.867626043, -4.49221311e-006, 3.40447734e-005, -1.43327157e-005, 0.999999999, 0.15633689, -0.140439258, -0.143788721, 0, 0, 0, 0, 0, 0, 0, 0.195038867, -0.0930778809, -0.121136182, 0, 0, 0, 0, 0, 0, 0, 1, 1, 1, 
66.658119, 0.1, 0.1, 0.106361977, 0.184855528, -0.0199702242, 0.867626288, -0.497216879, 1.60972106e-005, 0.497216878, 0.867626288, 2.30759122e-005, -2.54400961e-005, -1.20174632e-005, 1, 0.86762627, -0.497216909, 3.15512241e-005, 0.497216909, 0.867626271, 8.9311453e-006, -3.18153874e-005, 7.93890586e-006, 0.999999999, 0.15633689, -0.140439258, -0.143788721, 0, 0, 0, 0, 0, 0, 0, 0.195038867, -0.0930778809, -0.121136182, 0, 0, 0, 0, 0, 0, 0, 1, 1, 1, 
66.6588327, 0.1, 0.1, 0.106361982, 0.184855528, -0.0199709583, 0.867626196, -0.497217038, -1.65777497e-005, 0.497217038, 0.867626196, -2.52311493e-005, 2.69286472e-005, 1.36484665e-005, 1, 0.867626233, -0.497216974, -2.6155437e-005, 0.497216973, 0.867626233, -2.0917846e-005, 3.30938514e-005, 5.14394471e-006, 0.999999999, 0.15633689, -0.140439258, -0.143788721, 0, 0, 0, 0, 0, 0, 0, 0.195038867, -0.0930778809, -0.121136182, 0, 0, 0, 0, 0, 0, 0, 1, 1, 1, 
66.6595448, 0.1, 0.1, 0.10636198, 0.184855524, -0.0199710595, 0.867625907, -0.497217544, 7.87501119e-006, 0.497217543, 0.867625906, 3.33463678e-005, -2.34129628e-005, -2.50165789e-005, 0.999999999, 0.867625973, -0.497217429, 1.32405402e-005, 0.497217428, 0.867625972, 3.69234221e-005, -2.98468056e-005, -2.54522926e-005, 0.999999999, 0.15633689, -0.140439258, -0.143788721, 0, 0, 0, 0, 0, 0, 0, 0.195038867, -0.0930778809, -0.121136182, 0, 0, 0, 0, 0, 0, 0, 1, 1, 1, 
66.6602572, 0.1, 0.1, 0.106361983, 0.184855526, -0.019970549, 0.867625586, -0.497218103, -1.93654369e-005, 0.497218103, 0.867625586, -1.66167137e-005, 2.50640794e-005, 4.78824011e-006, 1, 0.867625646, -0.497217999, -2.09547783e-005, 0.497217998, 0.867625646, -2.81120783e-005, 3.21587344e-005, 1.39716672e-005, 0.999999999, 0.15633689, -0.140439258, -0.143788721, 0, 0, 0, 0, 0, 0, 0, 0.195038867, -0.0930778809, -0.121136182, 0, 0, 0, 0, 0, 0, 0, 1, 1, 1, 
66.6609686, 0.1, 0.1, 0.106361981, 0.184855521, -0.0199695585, 0.867625425, -0.497218383, 3.19581259e-005, 0.497218383, 0.867625426, 1.87443742e-006, -2.86596873e-005, 1.42638581e-005, 0.999999999, 0.867625438, -0.49721836, 2.74965068e-005, 0.49721836, 0.867625439, 2.3183849e-005, -3.53841041e-005, -6.4431291e-006, 0.999999999, 0.15633689, -0.140439258, -0.143788721, 0, 0, 0, 0, 0, 0, 0, 0.195038867, -0.0930778809, -0.121136182, 0, 0, 0, 0, 0, 0, 0, 1, 1, 1, 
66.661706, 0.1, 0.1, 0.106361984, 0.184855524, -0.0199682309, 0.867625556, -0.497218155, -3.17654501e-005, 0.497218155, 0.867625556, 1.59829033e-006, 2.67658173e-005, -1.7181076e-005, 0.999999999, 0.86762551, -0.497218235, -3.36210512e-005, 0.497218235, 0.867625511, -1.00174117e-005, 3.41513215e-005, -8.02563781e-006, 0.999999999, 0.156838647, -0.142314429, -0.143019653, 0, 0, 0, 0, 0, 0, 0, 0.195196924, -0.095464502, -0.120469629, 0, 0, 0, 0, 0, 0, 0, 1, 1, 1, 
66.6624209, 0.1, 0.1, 0.106361979, 0.184855523, -0.0199671171, 0.867625902, -0.497217551, 3.90254666e-005, 0.497217552, 0.867625902, -8.75879042e-006, -2.95044814e-005, 2.70035004e-005, 0.999999999, 0.867625823, -0.497217689, 4.58048838e-005, 0.497217689, 0.867625823, -5.37648661e-006, -3.70682158e-005, 2.74397771e-005, 0.999999999, 0.156838647, -0.142314429, -0.143019653, 0, 0, 0, 0, 0, 0, 0, 0.195196924, -0.095464502, -0.120469629, 0, 0, 0, 0, 0, 0, 0, 1, 1, 1, 
66.6631296, 0.1, 0.1, 0.106361984, 0.184855523, -0.0199666164, 0.867626282, -0.497216889, -2.82556143e-005, 0.497216889, 0.867626282, -1.16205613e-005, 3.02932529e-005, -3.96686427e-006, 1, 0.867626213, -0.497217008, -3.97517882e-005, 0.497217008, 0.867626214, -5.8086599e-006, 3.7377858e-005, -1.47255196e-005, 0.999999999, 0.156838647, -0.142314429, -0.143019653, 0, 0, 0, 0, 0, 0, 0, 0.195196924, -0.095464502, -0.120469629, 0, 0, 0, 0, 0, 0, 0, 1, 1, 1, 
66.6638658, 0.1, 0.1, 0.106361979, 0.184855523, -0.0199666933, 0.867626478, -0.497216546, 1.91680682e-005, 0.497216546, 0.867626478, 2.48120357e-005, -2.89676783e-005, -1.19968985e-005, 1, 0.867626459, -0.497216578, 3.84315158e-005, 0.497216578, 0.86762646, 7.66776788e-006, -3.71567413e-005, 1.24560285e-005, 0.999999999, 0.156838647, -0.142314429, -0.143019653, 0, 0, 0, 0, 0, 0, 0, 0.195196924, -0.095464502, -0.120469629, 0, 0, 0, 0, 0, 0, 0, 1, 1, 1, 
66.6645945, 0.1, 0.1, 0.106361984, 0.184855523, -0.0199671611, 0.867626354, -0.497216763, -1.88124996e-005, 0.497216762, 0.867626354, -3.29352773e-005, 3.26981924e-005, 1.92216244e-005, 0.999999999, 0.8676264, -0.497216683, -2.97993462e-005, 0.497216682, 0.8676264, -2.79587616e-005, 3.97562622e-005, 9.44102758e-006, 0.999999999, 0.157396558, -0.144173242, -0.14203064, 0, 0, 0, 0, 0, 0, 0, 0.19557041, -0.0974595703, -0.119788184, 0, 0, 0, 0, 0, 0, 0, 1, 1, 1, 
66.6653102, 0.1, 0.1, 0.106361982, 0.18485552, -0.0199680813, 0.867626007, -0.497217369, 9.64157442e-006, 0.497217368, 0.867626007, 3.31973913e-005, -2.48716003e-005, -2.40089618e-005, 0.999999999, 0.867626088, -0.497217227, 1.55182263e-005, 0.497217226, 0.867626088, 3.67646057e-005, -3.17440133e-005, -2.41820016e-005, 0.999999999, 0.157396558, -0.144173242, -0.14203064, 0, 0, 0, 0, 0, 0, 0, 0.19557041, -0.0974595703, -0.119788184, 0, 0, 0, 0, 0, 0, 0, 1, 1, 1, 
66.6660186, 0.1, 0.1, 0.106361986, 0.184855522, -0.0199691534, 0.867625629, -0.497218028, -2.35373319e-005, 0.497218028, 0.867625629, -2.01073473e-005, 3.0419328e-005, 5.7424641e-006, 1, 0.867625697, -0.497217909, -2.45037944e-005, 0.497217908, 0.867625697, -3.19793035e-005, 3.71608041e-005, 1.55623401e-005, 0.999999999, 0.157396558, -0.144173242, -0.14203064, 0, 0, 0, 0, 0, 0, 0, 0.19557041, -0.0974595703, -0.119788184, 0, 0, 0, 0, 0, 0, 0, 1, 1, 1, 
66.6667402, 0.1, 0.1, 0.106361984, 0.184855518, -0.0199700396, 0.867625427, -0.497218381, 2.86453713e-005, 0.497218381, 0.867625427, 3.64013958e-006, -2.66633968e-005, 1.10847275e-005, 1, 0.867625447, -0.497218346, 2.40582612e-005, 0.497218345, 0.867625447, 2.39478962e-005, -3.2780893e-005, -8.81559529e-006, 0.999999999, 0.157396558, -0.144173242, -0.14203064, 0, 0, 0, 0, 0, 0, 0, 0.19557041, -0.0974595703, -0.119788184, 0, 0, 0, 0, 0, 0, 0, 1, 1, 1, 
66.6674604, 0.1, 0.1, 0.106361987, 0.18485552, -0.0199704714, 0.867625506, -0.497218242, -3.00270816e-005, 0.497218243, 0.867625506, 3.77313623e-006, 2.41761897e-005, -1.8203682e-005, 1, 0.867625471, -0.497218303, -3.13539058e-005, 0.497218303, 0.867625472, -7.04658853e-006, 3.07071401e-005, -9.47593615e-006, 0.999999999, 0.157396558, -0.144173242, -0.14203064, 0, 0, 0, 0, 0, 0, 0, 0.19557041, -0.0974595703, -0.119788184, 0, 0, 0, 0, 0, 0, 0, 1, 1, 1, 
66.6681637, 0.1, 0.1, 0.106361983, 0.184855518, -0.019970418, 0.867625784, -0.497217757, 3.36370828e-005, 0.497217757, 0.867625785, -4.86264772e-006, -2.67666055e-005, 2.09439134e-005, 0.999999999, 0.86762572, -0.497217869, 3.94960794e-005, 0.497217869, 0.86762572, -1.8518098e-006, -3.33470614e-005, 2.12448343e-005, 0.999999999, 0.157396558, -0.144173242, -0.14203064, 0, 0, 0, 0, 0, 0, 0, 0.19557041, -0.0974595703, -0.119788184, 0, 0, 0, 0, 0, 0, 0, 1, 1, 1, 
66.6689023, 0.1, 0.1, 0.106361988, 0.184855518, -0.0199697892, 0.867626113, -0.497217183, -2.57225991e-005, 0.497217183, 0.867626114, -8.45879417e-006, 2.65234565e-005, -5.45064757e-006, 1, 0.867626051, -0.49721729, -3.7423153e-005, 0.49721729, 0.867626052, -2.636132e-006, 3.37800329e-005, -1.63202619e-005, 0.999999999, 0.157834741, -0.146182422, -0.141791528, 0, 0, 0, 0, 0, 0, 0, 0.19557041, -0.0974595703, -0.119788184, 0, 0, 0, 0, 0, 0, 0, 1, 1, 1, 
66.6696214, 0.1, 0.1, 0.106361983, 0.184855517, -0.0199687121, 0.867626261, -0.497216926, 1.74198491e-005, 0.497216925, 0.867626261, 2.44959827e-005, -2.72937357e-005, -1.25919141e-005, 1, 0.86762625, -0.497216944, 3.40337147e-005, 0.497216944, 0.86762625, 1.00877611e-005, -3.454435e-005, 8.16973332e-006, 0.999999999, 0.157834741, -0.146182422, -0.141791528, 0, 0, 0, 0, 0, 0, 0, 0.195908496, -0.0995282227, -0.119687354, 0, 0, 0, 0, 0, 0, 0, 1, 1, 1, 
66.6703365, 0.1, 0.1, 0.106361988, 0.184855517, -0.0199677647, 0.867626123, -0.497217166, -1.44944645e-005, 0.497217165, 0.867626123, -3.12883157e-005, 2.81328637e-005, 1.99396635e-005, 0.999999999, 0.867626172, -0.49721708, -2.58303071e-005, 0.497217079, 0.867626173, -2.62020497e-005, 3.54391572e-005, 9.89031427e-006, 0.999999999, 0.157834741, -0.146182422, -0.141791528, 0, 0, 0, 0, 0, 0, 0, 0.195908496, -0.0995282227, -0.119687354, 0, 0, 0, 0, 0, 0, 0, 1, 1, 1, 
66.6710434, 0.1, 0.1, 0.106361985, 0.184855514, -0.0199672341, 0.867625772, -0.497217779, 1.26058738e-005, 0.497217779, 0.867625771, 3.34612418e-005, -2.75747053e-005, -2.27639712e-005, 0.999999999, 0.867625851, -0.49721764, 1.88430449e-005, 0.497217639, 0.867625851, 3.76263981e-005, -3.50572218e-005, -2.32765414e-005, 0.999999999, 0.157834741, -0.146182422, -0.141791528, 0, 0, 0, 0, 0, 0, 0, 0.195908496, -0.0995282227, -0.119687354, 0, 0, 0, 0, 0, 0, 0, 1, 1, 1, 
66.6717563, 0.1, 0.1, 0.106361988, 0.184855517, -0.0199672512, 0.867625382, -0.49721846, -2.3647886e-005, 0.497218459, 0.867625382, -2.37176289e-005, 3.2310349e-005, 8.81985137e-006, 0.999999999, 0.867625451, -0.497218338, -2.45236314e-005, 0.497218337, 0.867625451, -3.63259517e-005, 3.93392561e-005, 1.9323721e-005, 0.999999999, 0.157834741, -0.146182422, -0.141791528, 0, 0, 0, 0, 0, 0, 0, 0.195908496, -0.0995282227, -0.119687354, 0, 0, 0, 0, 0, 0, 0, 1, 1, 1, 
66.6724678, 0.1, 0.1, 0.106361987, 0.184855513, -0.0199678035, 0.86762518, -0.49721881, 3.06181681e-005, 0.497218811, 0.867625181, 1.64232379e-006, -2.73816879e-005, 1.37990077e-005, 1, 0.8676252, -0.497218776, 2.57262617e-005, 0.497218775, 0.867625201, 2.30106754e-005, -3.37620929e-005, -7.1730615e-006, 0.999999999, 0.157834741, -0.146182422, -0.141791528, 0, 0, 0, 0, 0, 0, 0, 0.195908496, -0.0995282227, -0.119687354, 0, 0, 0, 0, 0, 0, 0, 1, 1, 1, 
66.6731782, 0.1, 0.1, 0.106361989, 0.184855515, -0.0199686636, 0.867625269, -0.497218655, -3.20793954e-005, 0.497218655, 0.86762527, 2.11577564e-006, 2.6780891e-005, -1.77861742e-005, 0.999999999, 0.867625231, -0.497218721, -3.32602543e-005, 0.497218721, 0.867625232, -9.7732937e-006, 3.37169004e-005, -8.05806489e-006, 0.999999999, 0.157834741, -0.146182422, -0.141791528, 0, 0, 0, 0, 0, 0, 0, 0.195908496, -0.0995282227, -0.119687354, 0, 0, 0, 0, 0, 0, 0, 1, 1, 1, 
