time, realDorsalTactorPos, realVentralTactorPos, boxPosX, boxPosY, boxPosZ, boxLocalRot_11, boxLocalRot_12, boxLocalRot_13, boxLocalRot_21, boxLocalRot_22, boxLocalRot_23, boxLocalRot_31, boxLocalRot_32, boxLocalRot_33, boxGlobalRot_11, boxGlobalRot_12, boxGlobalRot_13], boxGlobalRot_21, boxGlobalRot_22, boxGlobalRot_23, boxGlobalRot_31, boxGlobalRot_32, boxGlobalRot_33, indexPosX, indexPosY, indexPosZ, indexContact, indexForceX, indexForceY, indexForceZ, indexForceGlobalX, indexForceGlobalY, indexForceGlobalZ, thumbPosX, thumbPosY, thumbPosZ, thumbContact, thumbForceX, thumbForceY, thumbForceZ, thumbForceGlobalX, thumbForceGlobalY, thumbForceGlobalZ, hoopSuccess, targetSuccess, trialSuccess, 
218.252343, 0.1, 0.1, 0.10927586, 0.188227694, -0.0199719049, 0.955952244, -5.71739197e-006, -0.293522244, 0.293522243, -4.6224622e-005, 0.955952243, -1.90335084e-005, -0.999999999, -4.25103494e-005, 0.955952283, 1.37085537e-005, -0.293522116, 0.293522117, -6.6163621e-005, 0.955952281, -6.3157629e-006, -0.999999998, -6.72730283e-005, 0.0946024658, 0.0824239014, -0.153594434, 0, 0, 0, 0, 0, 0, 0, 0.170840283, 0.132342334, -0.108884424, 0, 0, 0, 0, 0, 0, 0, 1, 1, 1, 
218.270416, 0.1, 0.1, 0.109271826, 0.188228145, -0.0199604428, 0.955954925, -9.99119158e-006, -0.29351351, 0.29351351, -5.33436476e-007, 0.955954925, -9.70769961e-006, -1, 2.42260848e-006, 0.955954946, -1.00042404e-005, -0.293513443, 0.293513444, 1.21215159e-005, 0.955954946, -6.00577524e-006, -1, 1.45240022e-005, 0.0977106201, 0.0700976807, -0.162520435, 0, 0, 0, 0, 0, 0, 0, 0.172848389, 0.121847559, -0.117901758, 0, 0, 0, 0, 0, 0, 0, 1, 1, 1, 
218.271126, 0.1, 0.1, 0.1092717, 0.188228155, -0.019960105, 0.955954753, 5.66003453e-007, -0.29351407, 0.29351407, 1.71255491e-005, 0.955954753, 5.5676633e-006, -1, 1.62051201e-005, 0.955954793, 2.58830609e-005, -0.293513939, 0.293513939, -4.53861327e-006, 0.955954794, 2.34108899e-005, -1, -1.19357483e-005, 0.0977106201, 0.0700976807, -0.162520435, 0, 0, 0, 0, 0, 0, 0, 0.172848389, 0.121847559, -0.117901758, 0, 0, 0, 0, 0, 0, 0, 1, 1, 1, 
218.272073, 0.1, 0.1, 0.109271518, 0.18822817, -0.019960708, 0.955954345, 2.28103989e-006, -0.293515402, 0.293515402, -3.07283575e-005, 0.955954344, -6.8386762e-006, -1, -3.00444272e-005, 0.955954417, -2.38521374e-005, -0.293515164, 0.293515163, -2.91225237e-005, 0.955954417, -3.13494584e-005, -0.999999999, -2.08388412e-005, 0.097919458, 0.0673603027, -0.164202026, 0, 0, 0, 0, 0, 0, 0, 0.173175244, 0.119483887, -0.119494775, 0, 0, 0, 0, 0, 0, 0, 1, 1, 1, 
218.272787, 0.1, 0.1, 0.109271397, 0.188228187, -0.0199623796, 0.95595387, 2.0093815e-005, -0.293516946, 0.293516945, 4.17039373e-005, 0.95595387, 3.14495725e-005, -0.999999999, 3.3969165e-005, 0.955953973, 3.87952318e-005, -0.29351661, 0.293516608, 4.54528486e-005, 0.955953973, 5.0427622e-005, -0.999999998, 3.20637863e-005, 0.097919458, 0.0673603027, -0.164202026, 0, 0, 0, 0, 0, 0, 0, 0.173175244, 0.119483887, -0.119494775, 0, 0, 0, 0, 0, 0, 0, 1, 1, 1, 
218.273499, 0.1, 0.1, 0.109271262, 0.188228191, -0.0199658988, 0.955953287, -5.68144478e-005, -0.293518839, 0.293518835, -8.01957099e-005, 0.955953287, -7.78509098e-005, -0.999999995, -5.9987242e-005, 0.955953408, -5.93967959e-005, -0.293518445, 0.293518441, -7.18587554e-005, 0.955953409, -7.78724396e-005, -0.999999996, -5.12595673e-005, 0.097919458, 0.0673603027, -0.164202026, 0, 0, 0, 0, 0, 0, 0, 0.173175244, 0.119483887, -0.119494775, 0, 0, 0, 0, 0, 0, 0, 1, 1, 1, 
218.274265, 0.1, 0.1, 0.109271129, 0.188228201, -0.0199699935, 0.955952631, 5.6843138e-005, -0.293520978, 0.293520975, 5.78066408e-005, 0.955952632, 7.13068091e-005, -0.999999997, 3.8575757e-005, 0.955952755, 3.48268664e-005, -0.293520576, 0.293520576, 2.75617785e-005, 0.955952756, 4.13827881e-005, -0.999999999, 1.61253562e-005, 0.097919458, 0.0673603027, -0.164202026, 0, 0, 0, 0, 0, 0, 0, 0.173175244, 0.119483887, -0.119494775, 0, 0, 0, 0, 0, 0, 0, 1, 1, 1, 
218.274973, 0.1, 0.1, 0.109271018, 0.188228225, -0.0199729458, 0.955952102, 4.060748e-005, -0.293522701, 0.293522701, 2.40911135e-005, 0.955952103, 4.58900947e-005, -0.999999999, 1.11107334e-005, 0.955952201, 5.858608e-005, -0.293522378, 0.293522375, 5.24137873e-005, 0.955952202, 7.13901116e-005, -0.999999997, 3.290875e-005, 0.097919458, 0.0673603027, -0.164202026, 0, 0, 0, 0, 0, 0, 0, 0.173175244, 0.119483887, -0.119494775, 0, 0, 0, 0, 0, 0, 0, 1, 1, 1, 
218.275687, 0.1, 0.1, 0.109270888, 0.188228226, -0.0199745239, 0.955951726, -7.35931966e-005, -0.293523921, 0.293523916, -6.78637558e-005, 0.955951728, -9.02711792e-005, -0.999999995, -4.32731112e-005, 0.955951785, -6.28019955e-005, -0.293523732, 0.293523728, -7.11234776e-005, 0.955951786, -8.09121083e-005, -0.999999995, -4.95567395e-005, 0.097919458, 0.0673603027, -0.164202026, 0, 0, 0, 0, 0, 0, 0, 0.173175244, 0.119483887, -0.119494775, 0, 0, 0, 0, 0, 0, 0, 1, 1, 1, 
218.276472, 0.1, 0.1, 0.109270745, 0.188228239, -0.0199740414, 0.955951528, 2.86171965e-006, -0.293524575, 0.293524575, 5.30250672e-005, 0.955951527, 1.82998256e-005, -0.999999999, 4.98494089e-005, 0.955951544, -3.73193137e-005, -0.293524521, 0.293524523, 2.96503061e-005, 0.955951544, -2.69723636e-005, -0.999999999, 3.92983896e-005, 0.097919458, 0.0673603027, -0.164202026, 0, 0, 0, 0, 0, 0, 0, 0.173175244, 0.119483887, -0.119494775, 0, 0, 0, 0, 0, 0, 0, 1, 1, 1, 
218.277197, 0.1, 0.1, 0.109270632, 0.188228258, -0.0199712465, 0.95595159, 5.05651119e-005, -0.293524369, 0.29352437, -1.01197267e-005, 0.955951591, 4.53674127e-005, -0.999999999, -2.45160614e-005, 0.955951561, 6.0918265e-005, -0.293524461, 0.29352446, 1.04330412e-005, 0.955951563, 6.12972635e-005, -0.999999998, -7.90751881e-006, 0.0985857666, 0.0645977783, -0.165954907, 0, 0, 0, 0, 0, 0, 0, 0.173525049, 0.117127051, -0.121330566, 0, 0, 0, 0, 0, 0, 0, 1, 1, 1, 
218.277911, 0.1, 0.1, 0.109270508, 0.188228266, -0.0199680152, 0.955951852, -5.17833901e-005, -0.293523515, 0.293523516, 5.85816291e-006, 0.955951853, -4.77829192e-005, -0.999999999, 2.07997644e-005, 0.955951789, -4.86963468e-005, -0.293523722, 0.293523723, -5.73983354e-006, 0.95595179, -4.82361372e-005, -0.999999999, 8.80652884e-006, 0.0985857666, 0.0645977783, -0.165954907, 0, 0, 0, 0, 0, 0, 0, 0.173525049, 0.117127051, -0.121330566, 0, 0, 0, 0, 0, 0, 0, 1, 1, 1, 
218.278631, 0.1, 0.1, 0.109270391, 0.188228278, -0.0199653273, 0.955952189, 4.73725574e-005, -0.293522417, 0.293522417, 3.27612786e-006, 0.955952191, 4.6247517e-005, -0.999999999, -1.0773086e-005, 0.955952124, 4.05653793e-005, -0.293522631, 0.293522631, -2.10505557e-006, 0.955952125, 3.81606791e-005, -0.999999999, -1.39191892e-005, 0.0985857666, 0.0645977783, -0.165954907, 0, 0, 0, 0, 0, 0, 0, 0.173525049, 0.117127051, -0.121330566, 0, 0, 0, 0, 0, 0, 0, 1, 1, 1, 
218.279382, 0.1, 0.1, 0.109270269, 0.188228291, -0.0199632698, 0.955952448, -2.59320552e-005, -0.293521578, 0.293521578, 5.76066099e-006, 0.955952448, -2.30989333e-005, -1, 1.31185357e-005, 0.955952399, -1.97714489e-005, -0.293521737, 0.293521737, -6.23256177e-006, 0.955952399, -2.07299563e-005, -1, -1.5468237e-007, 0.0985857666, 0.0645977783, -0.165954907, 0, 0, 0, 0, 0, 0, 0, 0.173525049, 0.117127051, -0.121330566, 0, 0, 0, 0, 0, 0, 0, 1, 1, 1, 
218.280091, 0.1, 0.1, 0.109270155, 0.1882283, -0.0199631674, 0.95595274, 3.67448701e-006, -0.293520628, 0.293520628, -2.31391674e-005, 0.95595274, -3.279187e-006, -1, -2.31984882e-005, 0.955952675, 1.91888598e-005, -0.29352084, 0.29352084, -2.22155436e-005, 0.955952675, 1.18229168e-005, -1, -2.68693385e-005, 0.0985857666, 0.0645977783, -0.165954907, 0, 0, 0, 0, 0, 0, 0, 0.173525049, 0.117127051, -0.121330566, 0, 0, 0, 0, 0, 0, 0, 1, 1, 1, 
218.280802, 0.1, 0.1, 0.109270039, 0.188228314, -0.0199647767, 0.955953057, -2.12535465e-005, -0.293519594, 0.293519595, 1.74325456e-005, 0.955953057, -1.5200599e-005, -1, 2.29030276e-005, 0.955953004, -2.25084834e-005, -0.293519768, 0.293519769, 2.80399373e-005, 0.955953003, -1.32867764e-005, -0.999999999, 3.34115471e-005, 0.0985857666, 0.0645977783, -0.165954907, 0, 0, 0, 0, 0, 0, 0, 0.173525049, 0.117127051, -0.121330566, 0, 0, 0, 0, 0, 0, 0, 1, 1, 1, 
218.281591, 0.1, 0.1, 0.10926992, 0.188228317, -0.0199671756, 0.95595332, 2.88488492e-005, -0.293518738, 0.293518739, -5.2757304e-005, 0.955953318, 1.20928958e-005, -0.999999998, -5.89011978e-005, 0.955953271, 4.18466437e-005, -0.293518895, 0.293518897, -5.46520059e-005, 0.95595327, 2.39620395e-005, -0.999999998, -6.45275445e-005, 0.0992006836, 0.0622783203, -0.16764895, 0, 0, 0, 0, 0, 0, 0, 0.174025342, 0.114963184, -0.12311167, 0, 0, 0, 0, 0, 0, 0, 1, 1, 1, 
218.282305, 0.1, 0.1, 0.109269806, 0.18822833, -0.019969333, 0.955953649, -7.12658225e-006, -0.293517667, 0.293517667, 5.64873532e-005, 0.955953647, 9.76735384e-006, -0.999999998, 5.60910692e-005, 0.955953566, -2.18095213e-005, -0.293517937, 0.293517937, 3.91723684e-005, 0.955953565, -9.35109694e-006, -0.999999999, 4.3848451e-005, 0.0992006836, 0.0622783203, -0.16764895, 0, 0, 0, 0, 0, 0, 0, 0.174025342, 0.114963184, -0.12311167, 0, 0, 0, 0, 0, 0, 0, 1, 1, 1, 
218.283013, 0.1, 0.1, 0.109269695, 0.188228344, -0.0199712508, 0.955954055, -6.72115911e-006, -0.293516344, 0.293516344, -3.84985112e-005, 0.955954055, -1.77250616e-005, -0.999999999, -3.48300379e-005, 0.955953985, -9.35468257e-006, -0.293516573, 0.293516573, -2.08614932e-006, 0.955953985, -9.55496548e-006, -1, 7.51491609e-007, 0.0992006836, 0.0622783203, -0.16764895, 0, 0, 0, 0, 0, 0, 0, 0.174025342, 0.114963184, -0.12311167, 0, 0, 0, 0, 0, 0, 0, 1, 1, 1, 
218.283791, 0.1, 0.1, 0.109269581, 0.188228342, -0.0199720934, 0.955954298, 3.267909e-005, -0.293515553, 0.293515554, -4.08617769e-005, 0.955954297, 1.92461495e-005, -0.999999999, -4.86538124e-005, 0.955954265, 3.92915824e-005, -0.29351566, 0.293515662, -5.83844467e-005, 0.955954263, 2.04242063e-005, -0.999999998, -6.73455556e-005, 0.0996518066, 0.0595538818, -0.169317114, 0, 0, 0, 0, 0, 0, 0, 0.174025342, 0.114963184, -0.12311167, 0, 0, 0, 0, 0, 0, 0, 1, 1, 1, 
218.284518, 0.1, 0.1, 0.109269467, 0.188228358, -0.0199712708, 0.95595442, -2.51070306e-005, -0.293515153, 0.293515154, 4.93153881e-005, 0.955954419, -9.52636315e-006, -0.999999998, 5.45125572e-005, 0.955954391, -3.30382053e-005, -0.293515249, 0.29351525, 4.42862661e-005, 0.95595439, -1.8584323e-005, -0.999999998, 5.20328676e-005, 0.0996518066, 0.0595538818, -0.169317114, 0, 0, 0, 0, 0, 0, 0, 0.174617187, 0.11259292, -0.124280176, 0, 0, 0, 0, 0, 0, 0, 1, 1, 1, 
218.285229, 0.1, 0.1, 0.109269361, 0.188228368, -0.0199698536, 0.955954647, -1.61618285e-006, -0.293514417, 0.293514417, -5.84713147e-005, 0.955954645, -1.87071714e-005, -0.999999998, -5.5421552e-005, 0.955954585, 1.10658411e-005, -0.293514619, 0.293514619, -3.03029645e-005, 0.955954584, 1.68407841e-006, -0.999999999, -3.2216244e-005, 0.0996518066, 0.0595538818, -0.169317114, 0, 0, 0, 0, 0, 0, 0, 0.174617187, 0.11259292, -0.124280176, 0, 0, 0, 0, 0, 0, 0, 1, 1, 1, 
218.285979, 0.1, 0.1, 0.10926925, 0.188228369, -0.0199680735, 0.955954951, 2.90409661e-005, -0.293513425, 0.293513424, 1.38267907e-005, 0.955954952, 3.1820204e-005, -0.999999999, 4.69387558e-006, 0.955954885, 8.85148537e-006, -0.293513642, 0.293513642, -3.14016009e-005, 0.955954884, -7.55177573e-007, -0.999999999, -3.26165455e-005, 0.0996518066, 0.0595538818, -0.169317114, 0, 0, 0, 0, 0, 0, 0, 0.174617187, 0.11259292, -0.124280176, 0, 0, 0, 0, 0, 0, 0, 1, 1, 1, 
218.286815, 0.1, 0.1, 0.109269131, 0.188228387, -0.0199654293, 0.955955229, -2.0459482e-005, -0.293512522, 0.293512521, -2.21176536e-005, 0.955955229, -2.60501571e-005, -1, -1.51383725e-005, 0.955955157, 1.78726637e-005, -0.293512754, 0.293512753, 3.02570865e-005, 0.955955157, 2.59663058e-005, -0.999999999, 2.36785631e-005, 0.0996518066, 0.0595538818, -0.169317114, 0, 0, 0, 0, 0, 0, 0, 0.174617187, 0.11259292, -0.124280176, 0, 0, 0, 0, 0, 0, 0, 1, 1, 1, 
218.287534, 0.1, 0.1, 0.109269021, 0.188228394, -0.019963251, 0.955955446, 6.71776914e-006, -0.293511814, 0.293511814, 2.49742202e-005, 0.955955446, 1.37521167e-005, -1, 2.19024972e-005, 0.955955395, -2.01003492e-005, -0.29351198, 0.29351198, 5.95132571e-006, 0.955955395, -1.74682519e-005, -1, 1.15888952e-005, 0.0996518066, 0.0595538818, -0.169317114, 0, 0, 0, 0, 0, 0, 0, 0.174617187, 0.11259292, -0.124280176, 0, 0, 0, 0, 0, 0, 0, 1, 1, 1, 
218.288261, 0.1, 0.1, 0.109268921, 0.188228403, -0.0199628809, 0.955955788, -1.28841302e-005, -0.2935107, 0.293510699, -3.25109987e-005, 0.955955788, -2.18589848e-005, -0.999999999, -2.72974473e-005, 0.9559557, 1.93355958e-005, -0.293510986, 0.293510987, -2.41912861e-005, 0.9559557, 1.13835647e-005, -1, -2.88010076e-005, 0.0996518066, 0.0595538818, -0.169317114, 0, 0, 0, 0, 0, 0, 0, 0.174617187, 0.11259292, -0.124280176, 0, 0, 0, 0, 0, 0, 0, 1, 1, 1, 
218.289033, 0.1, 0.1, 0.109268804, 0.188228415, -0.0199636169, 0.955956314, 1.12307837e-005, -0.293508988, 0.293508988, 2.02368021e-005, 0.955956314, 1.66758219e-005, -1, 1.60491628e-005, 0.95595621, -2.2055462e-005, -0.293509326, 0.293509327, 2.3205278e-005, 0.955956209, -1.42730903e-005, -0.999999999, 2.86567134e-005, 0.100544775, 0.0570445068, -0.171000293, 0, 0, 0, 0, 0, 0, 0, 0.175145557, 0.110230957, -0.125818018, 0, 0, 0, 0, 0, 0, 0, 1, 1, 1, 
218.289764, 0.1, 0.1, 0.109268706, 0.188228425, -0.0199655142, 0.955956893, -1.53031498e-005, -0.293507102, 0.293507102, 7.95478346e-006, 0.955956893, -1.2294366e-005, -1, 1.20960132e-005, 0.955956783, 1.82997701e-005, -0.29350746, 0.293507461, -4.13706821e-006, 0.955956783, 1.62795289e-005, -1, -9.32597745e-006, 0.100544775, 0.0570445068, -0.171000293, 0, 0, 0, 0, 0, 0, 0, 0.175145557, 0.110230957, -0.125818018, 0, 0, 0, 0, 0, 0, 0, 1, 1, 1, 
218.290477, 0.1, 0.1, 0.109268603, 0.188228434, -0.0199682143, 0.955957376, 2.06287089e-005, -0.293505529, 0.293505529, -1.3678924e-005, 0.955957376, 1.57053266e-005, -1, -1.91311084e-005, 0.955957295, -7.12523248e-006, -0.293505791, 0.293505791, -1.23366534e-005, 0.955957295, -1.04322972e-005, -1, -9.70201681e-006, 0.100544775, 0.0570445068, -0.171000293, 0, 0, 0, 0, 0, 0, 0, 0.175145557, 0.110230957, -0.125818018, 0, 0, 0, 0, 0, 0, 0, 1, 1, 1, 
218.291247, 0.1, 0.1, 0.1092685, 0.188228447, -0.0199706733, 0.955957697, -1.83352191e-005, -0.293504482, 0.293504482, 1.95412464e-005, 0.955957697, -1.17922504e-005, -1, 2.40620738e-005, 0.955957652, 4.63060137e-006, -0.293504628, 0.293504628, 2.80349896e-005, 0.955957652, 1.2655058e-005, -1, 2.54411599e-005, 0.100544775, 0.0570445068, -0.171000293, 0, 0, 0, 0, 0, 0, 0, 0.175145557, 0.110230957, -0.125818018, 0, 0, 0, 0, 0, 0, 0, 1, 1, 1, 
218.291957, 0.1, 0.1, 0.109268401, 0.188228455, -0.0199719696, 0.955957811, 1.58883356e-005, -0.29350411, 0.29350411, -2.12408675e-006, 0.955957811, 1.45651503e-005, -1, -6.69382912e-006, 0.9559578, -3.62542368e-006, -0.293504149, 0.293504148, -1.75129147e-005, 0.9559578, -8.60586515e-006, -1, -1.56775305e-005, 0.100544775, 0.0570445068, -0.171000293, 0, 0, 0, 0, 0, 0, 0, 0.175145557, 0.110230957, -0.125818018, 0, 0, 0, 0, 0, 0, 0, 1, 1, 1, 
218.292673, 0.1, 0.1, 0.109268306, 0.188228467, -0.0199722582, 0.955957811, -1.02046192e-005, -0.293504113, 0.293504113, -1.36781742e-005, 0.955957811, -1.37697858e-005, -1, -1.00806597e-005, 0.955957813, 6.94174959e-006, -0.293504105, 0.293504105, 1.0449069e-005, 0.955957813, 9.7028644e-006, -1, 7.95143715e-006, 0.100544775, 0.0570445068, -0.171000293, 0, 0, 0, 0, 0, 0, 0, 0.175145557, 0.110230957, -0.125818018, 0, 0, 0, 0, 0, 0, 0, 1, 1, 1, 
218.293419, 0.1, 0.1, 0.109268204, 0.188228475, -0.0199712968, 0.95595782, 1.13076966e-005, -0.293504084, 0.293504083, 2.20631818e-005, 0.955957819, 1.72853149e-005, -1, 1.7772616e-005, 0.955957809, -1.07478517e-005, -0.29350412, 0.29350412, 7.01313205e-006, 0.955957809, -8.21610963e-006, -1, 9.8587971e-006, 0.100544775, 0.0570445068, -0.171000293, 0, 0, 0, 0, 0, 0, 0, 0.175145557, 0.110230957, -0.125818018, 0, 0, 0, 0, 0, 0, 0, 1, 1, 1, 
218.294158, 0.1, 0.1, 0.10926811, 0.188228483, -0.0199690945, 0.95595795, -7.9668134e-006, -0.293503659, 0.293503659, -2.99967712e-005, 0.95595795, -1.64201007e-005, -1, -2.6337363e-005, 0.955957913, 1.74618464e-005, -0.29350378, 0.29350378, -2.33296718e-005, 0.955957912, 9.84544334e-006, -1, -2.74273023e-005, 0.101183374, 0.0545303711, -0.172441309, 0, 0, 0, 0, 0, 0, 0, 0.175407715, 0.108072217, -0.127539307, 0, 0, 0, 0, 0, 0, 0, 1, 1, 1, 
218.294869, 0.1, 0.1, 0.109268013, 0.188228492, -0.019967036, 0.955958214, 1.37806985e-005, -0.293502797, 0.293502797, 7.65716493e-006, 0.955958215, 1.54211713e-005, -1, 3.27525615e-006, 0.955958155, -1.52814006e-005, -0.293502992, 0.293502992, 1.07617098e-005, 0.955958155, -1.14497855e-005, -1, 1.47728811e-005, 0.101183374, 0.0545303711, -0.172441309, 0, 0, 0, 0, 0, 0, 0, 0.175407715, 0.108072217, -0.127539307, 0, 0, 0, 0, 0, 0, 0, 1, 1, 1, 
218.295595, 0.1, 0.1, 0.109267922, 0.188228499, -0.0199656485, 0.955958572, -2.53071067e-005, -0.293501632, 0.293501633, 2.56942059e-006, 0.955958572, -2.34384164e-005, -1, 9.88393677e-006, 0.955958497, 1.14397069e-005, -0.293501878, 0.293501878, -1.2201774e-005, 0.955958497, 7.35464145e-006, -1, -1.50219649e-005, 0.101183374, 0.0545303711, -0.172441309, 0, 0, 0, 0, 0, 0, 0, 0.175407715, 0.108072217, -0.127539307, 0, 0, 0, 0, 0, 0, 0, 1, 1, 1, 
218.296369, 0.1, 0.1, 0.109267818, 0.188228507, -0.0199647359, 0.955958898, 2.5896606e-005, -0.293500569, 0.293500569, -1.55468476e-005, 0.955958899, 2.01930823e-005, -1, -2.24628158e-005, 0.955958848, -7.95805365e-006, -0.293500733, 0.293500732, -1.629008e-005, 0.955958848, -1.23887222e-005, -1, -1.32369515e-005, 0.101374634, 0.0518215576, -0.174030859, 0, 0, 0, 0, 0, 0, 0, 0.175407715, 0.108072217, -0.127539307, 0, 0, 0, 0, 0, 0, 0, 1, 1, 1, 
218.297074, 0.1, 0.1, 0.109267732, 0.18822852, -0.0199648491, 0.955959018, -2.08837387e-005, -0.293500178, 0.293500179, 2.61099206e-005, 0.955959018, -1.2300732e-005, -0.999999999, 3.10893952e-005, 0.955959011, 6.58250576e-006, -0.293500204, 0.293500204, 3.46096752e-005, 0.95595901, 1.64505524e-005, -0.999999999, 3.11534641e-005, 0.101374634, 0.0518215576, -0.174030859, 0, 0, 0, 0, 0, 0, 0, 0.175953174, 0.105910059, -0.128667773, 0, 0, 0, 0, 0, 0, 0, 1, 1, 1, 
218.297793, 0.1, 0.1, 0.109267639, 0.188228527, -0.0199661705, 0.955958953, 1.78464157e-005, -0.293500393, 0.293500393, 4.99393054e-006, 0.955958953, 1.85261614e-005, -1, -4.63937408e-007, 0.955958976, -5.29453336e-006, -0.293500317, 0.293500317, -1.46332919e-005, 0.955958976, -9.3562325e-006, -1, -1.24348795e-005, 0.101374634, 0.0518215576, -0.174030859, 0, 0, 0, 0, 0, 0, 0, 0.175953174, 0.105910059, -0.128667773, 0, 0, 0, 0, 0, 0, 0, 1, 1, 1, 
218.298541, 0.1, 0.1, 0.109267548, 0.188228541, -0.0199681544, 0.955958766, -1.53365649e-005, -0.293501002, 0.293501002, -9.02298292e-006, 0.955958766, -1.73093782e-005, -1, -4.12430245e-006, 0.955958808, 6.5054646e-006, -0.293500864, 0.293500864, 2.31870981e-005, 0.955958808, 1.30243895e-005, -1, 2.02565511e-005, 0.101374634, 0.0518215576, -0.174030859, 0, 0, 0, 0, 0, 0, 0, 0.175953174, 0.105910059, -0.128667773, 0, 0, 0, 0, 0, 0, 0, 1, 1, 1, 
218.299263, 0.1, 0.1, 0.109267455, 0.188228548, -0.0199697062, 0.955958612, 5.24269771e-006, -0.293501504, 0.293501504, 2.08750629e-005, 0.955958611, 1.11386644e-005, -1, 1.84169565e-005, 0.955958632, -1.70317848e-005, -0.293501438, 0.293501438, 5.89687288e-006, 0.955958632, -1.4550941e-005, -1, 1.06360199e-005, 0.101374634, 0.0518215576, -0.174030859, 0, 0, 0, 0, 0, 0, 0, 0.175953174, 0.105910059, -0.128667773, 0, 0, 0, 0, 0, 0, 0, 1, 1, 1, 
218.29997, 0.1, 0.1, 0.109267372, 0.188228555, -0.0199709445, 0.955958597, -3.7769732e-006, -0.293501551, 0.293501551, -2.64147561e-005, 0.955958597, -1.13634019e-005, -1, -2.41428657e-005, 0.955958588, 1.81874322e-005, -0.293501582, 0.293501582, -2.00250797e-005, 0.955958588, 1.15090394e-005, -1, -2.44811871e-005, 0.101374634, 0.0518215576, -0.174030859, 0, 0, 0, 0, 0, 0, 0, 0.175953174, 0.105910059, -0.128667773, 0, 0, 0, 0, 0, 0, 0, 1, 1, 1, 
218.300694, 0.1, 0.1, 0.109267284, 0.188228563, -0.0199715384, 0.955958722, 1.63566226e-005, -0.293501143, 0.293501142, 7.28482859e-006, 0.955958723, 1.77743616e-005, -1, 2.16330801e-006, 0.95595869, -8.9457983e-006, -0.293501248, 0.293501248, 9.78663334e-006, 0.95595869, -5.67942453e-006, -1, 1.19812202e-005, 0.101374634, 0.0518215576, -0.174030859, 0, 0, 0, 0, 0, 0, 0, 0.175953174, 0.105910059, -0.128667773, 0, 0, 0, 0, 0, 0, 0, 1, 1, 1, 
218.301471, 0.1, 0.1, 0.109267195, 0.18822857, -0.019970553, 0.955958967, -1.42993618e-005, -0.293500346, 0.293500346, -1.30981291e-006, 0.955958967, -1.40540336e-005, -1, 2.94474022e-006, 0.955958922, 1.50441658e-005, -0.293500492, 0.293500492, -1.23935314e-005, 0.955958922, 1.0744097e-005, -1, -1.6263177e-005, 0.102241235, 0.0493074219, -0.175463086, 0, 0, 0, 0, 0, 0, 0, 0.176488135, 0.103309961, -0.13018877, 0, 0, 0, 0, 0, 0, 0, 1, 1, 1, 
218.302178, 0.1, 0.1, 0.109267109, 0.188228576, -0.0199689683, 0.955959152, 2.21505542e-005, -0.293499742, 0.293499743, -1.81276104e-005, 0.955959152, 1.58545761e-005, -1, -2.3830437e-005, 0.955959126, -4.20425884e-006, -0.293499827, 0.293499827, -1.81135191e-005, 0.955959126, -9.33541433e-006, -1, -1.60818347e-005, 0.102241235, 0.0493074219, -0.175463086, 0, 0, 0, 0, 0, 0, 0, 0.176488135, 0.103309961, -0.13018877, 0, 0, 0, 0, 0, 0, 0, 1, 1, 1, 
218.30289, 0.1, 0.1, 0.109267028, 0.188228587, -0.019967488, 0.955959195, -2.38175499e-005, -0.293499604, 0.293499604, 1.70235687e-005, 0.955959195, -1.77721952e-005, -1, 2.32642785e-005, 0.9559592, 1.58160957e-006, -0.293499586, 0.293499586, 2.54395994e-005, 0.9559592, 8.97846611e-006, -1, 2.38550173e-005, 0.102241235, 0.0493074219, -0.175463086, 0, 0, 0, 0, 0, 0, 0, 0.176488135, 0.103309961, -0.13018877, 0, 0, 0, 0, 0, 0, 0, 1, 1, 1, 
218.303746, 0.1, 0.1, 0.109266926, 0.188228592, -0.0199650951, 0.95595903, 2.6506321e-005, -0.293500139, 0.293500139, 4.47119337e-007, 0.955959031, 2.54701866e-005, -1, -7.35218114e-006, 0.955959072, 2.0105857e-006, -0.293500006, 0.293500006, -2.31053313e-005, 0.955959071, -4.85937723e-006, -1, -2.26778579e-005, 0.102241235, 0.0493074219, -0.175463086, 0, 0, 0, 0, 0, 0, 0, 0.176488135, 0.103309961, -0.13018877, 0, 0, 0, 0, 0, 0, 0, 1, 1, 1, 
218.304543, 0.1, 0.1, 0.109266839, 0.188228607, -0.0199625113, 0.95595874, -2.09719039e-005, -0.293501085, 0.293501084, -9.80666899e-006, 0.95595874, -2.29265428e-005, -1, -3.2194944e-006, 0.955958794, 2.84660268e-006, -0.293500909, 0.293500909, 2.30492014e-005, 0.955958794, 9.48619642e-006, -1, 2.11986063e-005, 0.102241235, 0.0493074219, -0.175463086, 0, 0, 0, 0, 0, 0, 0, 0.176488135, 0.103309961, -0.13018877, 0, 0, 0, 0, 0, 0, 0, 1, 1, 1, 
218.305254, 0.1, 0.1, 0.109266753, 0.188228614, -0.019962038, 0.955958519, 2.15861774e-006, -0.293501807, 0.293501807, 3.17268826e-005, 0.955958518, 1.13754464e-005, -0.999999999, 2.96960255e-005, 0.955958549, -2.47029231e-005, -0.293501705, 0.293501706, 1.33666253e-005, 0.95595855, -1.96918432e-005, -1, 2.00282898e-005, 0.102241235, 0.0493074219, -0.175463086, 0, 0, 0, 0, 0, 0, 0, 0.176488135, 0.103309961, -0.13018877, 0, 0, 0, 0, 0, 0, 0, 1, 1, 1, 
218.306018, 0.1, 0.1, 0.10926667, 0.188228621, -0.0199635028, 0.955958477, -1.97644604e-005, -0.293501941, 0.29350194, -3.51929192e-005, 0.955958477, -2.92231936e-005, -0.999999999, -2.7842062e-005, 0.955958466, 1.36359329e-005, -0.293501979, 0.293501979, -2.49495576e-005, 0.955958465, 5.71264099e-006, -1, -2.78529141e-005, 0.102241235, 0.0493074219, -0.175463086, 0, 0, 0, 0, 0, 0, 0, 0.176488135, 0.103309961, -0.13018877, 0, 0, 0, 0, 0, 0, 0, 1, 1, 1, 
218.30677, 0.1, 0.1, 0.109266579, 0.188228628, -0.0199656015, 0.955958638, 4.51926417e-006, -0.293501418, 0.293501418, 6.67389793e-006, 0.955958638, 6.27902813e-006, -1, 5.05355993e-006, 0.955958597, -2.84072047e-005, -0.293501551, 0.293501551, 9.51326635e-006, 0.955958597, -2.43639532e-005, -1, 1.74318474e-005, 0.102896802, 0.0465795654, -0.176892627, 0, 0, 0, 0, 0, 0, 0, 0.176975244, 0.101151221, -0.131661914, 0, 0, 0, 0, 0, 0, 0, 1, 1, 1, 
218.307479, 0.1, 0.1, 0.109266506, 0.188228633, -0.0199684563, 0.955958897, -1.05357204e-005, -0.293500574, 0.293500574, -1.16280714e-006, 0.955958897, -1.04130002e-005, -1, 1.98064415e-006, 0.955958846, 1.78783816e-005, -0.29350074, 0.29350074, -1.36869976e-005, 0.955958846, 1.30738531e-005, -1, -1.83315246e-005, 0.102896802, 0.0465795654, -0.176892627, 0, 0, 0, 0, 0, 0, 0, 0.176975244, 0.101151221, -0.131661914, 0, 0, 0, 0, 0, 0, 0, 1, 1, 1, 
218.3082, 0.1, 0.1, 0.109266428, 0.18822864, -0.01997129, 0.955959118, 2.84674722e-005, -0.293499854, 0.293499855, -1.35242054e-005, 0.955959118, 2.32443873e-005, -1, -2.12837864e-005, 0.955959084, 2.43515895e-006, -0.293499964, 0.293499964, -1.36296841e-005, 0.955959084, -1.67239948e-006, -1, -1.37441394e-005, 0.102896802, 0.0465795654, -0.176892627, 0, 0, 0, 0, 0, 0, 0, 0.176975244, 0.101151221, -0.131661914, 0, 0, 0, 0, 0, 0, 0, 1, 1, 1, 
218.308983, 0.1, 0.1, 0.109266348, 0.188228651, -0.019972622, 0.955959207, -6.65395622e-006, -0.293499566, 0.293499566, 2.04291053e-005, 0.955959206, -3.64977163e-007, -1, 2.14823246e-005, 0.955959204, 1.50199634e-005, -0.293499574, 0.293499574, 2.7723673e-005, 0.955959204, 2.24953585e-005, -1, 2.20943476e-005, 0.103299097, 0.0441035156, -0.17822915, 0, 0, 0, 0, 0, 0, 0, 0.177313818, 0.0990359375, -0.132718848, 0, 0, 0, 0, 0, 0, 0, 1, 1, 1, 
218.309692, 0.1, 0.1, 0.109266272, 0.188228657, -0.0199723514, 0.955959138, 4.88673693e-006, -0.293499789, 0.293499789, -1.299954e-006, 0.955959138, 4.2899846e-006, -1, -2.67695917e-006, 0.95595916, 3.80095302e-006, -0.293499719, 0.293499719, -1.18889403e-005, 0.95595916, 1.44155222e-007, -1, -1.248092e-005, 0.103299097, 0.0441035156, -0.17822915, 0, 0, 0, 0, 0, 0, 0, 0.177313818, 0.0990359375, -0.132718848, 0, 0, 0, 0, 0, 0, 0, 1, 1, 1, 
218.310409, 0.1, 0.1, 0.109266196, 0.188228667, -0.0199710694, 0.95595903, -4.24892679e-007, -0.293500142, 0.293500142, -8.1824665e-006, 0.95595903, -2.80773508e-006, -1, -7.69739668e-006, 0.955959047, -1.22848404e-006, -0.293500085, 0.293500085, 1.22535364e-005, 0.955959047, 2.42203356e-006, -1, 1.20744392e-005, 0.103299097, 0.0441035156, -0.17822915, 0, 0, 0, 0, 0, 0, 0, 0.177313818, 0.0990359375, -0.132718848, 0, 0, 0, 0, 0, 0, 0, 1, 1, 1, 
218.311169, 0.1, 0.1, 0.109266116, 0.188228675, -0.0199688284, 0.955958927, -8.43264416e-006, -0.293500478, 0.293500478, 2.51722796e-005, 0.955958926, -6.73185364e-007, -1, 2.65386505e-005, 0.955958945, -1.02134557e-005, -0.293500418, 0.293500418, 1.47917181e-005, 0.955958945, -5.42226885e-006, -1, 1.71379288e-005, 0.103299097, 0.0441035156, -0.17822915, 0, 0, 0, 0, 0, 0, 0, 0.177313818, 0.0990359375, -0.132718848, 0, 0, 0, 0, 0, 0, 0, 1, 1, 1, 
218.311879, 0.1, 0.1, 0.109266044, 0.188228681, -0.0199665183, 0.955958916, -7.68495503e-006, -0.293500512, 0.293500512, -2.41558209e-005, 0.955958916, -1.44362471e-005, -1, -2.08364341e-005, 0.955958909, -1.35620818e-006, -0.293500536, 0.293500536, -2.27864959e-005, 0.955958909, -7.98432804e-006, -1, -2.13849059e-005, 0.103299097, 0.0441035156, -0.17822915, 0, 0, 0, 0, 0, 0, 0, 0.177313818, 0.0990359375, -0.132718848, 0, 0, 0, 0, 0, 0, 0, 1, 1, 1, 
218.312587, 0.1, 0.1, 0.109265971, 0.18822869, -0.0199651526, 0.955958957, -1.66143776e-005, -0.293500378, 0.293500378, 2.97131499e-006, 0.955958957, -1.5010581e-005, -1, 7.71678127e-006, 0.955958951, -3.89775381e-006, -0.293500397, 0.293500398, 2.0479728e-005, 0.955958951, 2.28471568e-006, -1, 2.07217716e-005, 0.103299097, 0.0441035156, -0.17822915, 0, 0, 0, 0, 0, 0, 0, 0.177313818, 0.0990359375, -0.132718848, 0, 0, 0, 0, 0, 0, 0, 1, 1, 1, 
218.313313, 0.1, 0.1, 0.109265898, 0.188228694, -0.019964982, 0.955958891, -1.60256518e-006, -0.293500594, 0.293500594, 9.71911424e-006, 0.955958891, 1.32057937e-006, -1, 9.76142751e-006, 0.955958916, 1.18761929e-005, -0.293500513, 0.293500513, -1.19741687e-005, 0.955958916, 7.83872783e-006, -1, -1.49324821e-005, 0.103299097, 0.0441035156, -0.17822915, 0, 0, 0, 0, 0, 0, 0, 0.177313818, 0.0990359375, -0.132718848, 0, 0, 0, 0, 0, 0, 0, 1, 1, 1, 
218.314088, 0.1, 0.1, 0.109265818, 0.188228701, -0.0199652158, 0.955958716, 1.59762852e-005, -0.293501164, 0.293501165, -2.23135937e-005, 0.955958716, 8.72360335e-006, -1, -2.60199327e-005, 0.955958747, 6.82793862e-006, -0.293501063, 0.293501064, -1.43471463e-005, 0.955958747, 2.31632495e-006, -1, -1.57192872e-005, 0.103942456, 0.0413756592, -0.179647827, 0, 0, 0, 0, 0, 0, 0, 0.177941309, 0.0962680176, -0.134001465, 0, 0, 0, 0, 0, 0, 0, 1, 1, 1, 
218.3148, 0.1, 0.1, 0.109265747, 0.188228709, -0.0199663809, 0.955958615, 3.47926101e-006, -0.293501494, 0.293501494, 2.44079817e-005, 0.955958614, 1.04898086e-005, -1, 2.2311852e-005, 0.955958623, -1.32571329e-005, -0.293501467, 0.293501467, 1.93806785e-005, 0.955958623, -6.98501295e-006, -1, 2.24181147e-005, 0.103942456, 0.0413756592, -0.179647827, 0, 0, 0, 0, 0, 0, 0, 0.177941309, 0.0962680176, -0.134001465, 0, 0, 0, 0, 0, 0, 0, 1, 1, 1, 
218.315512, 0.1, 0.1, 0.109265679, 0.188228714, -0.0199682293, 0.955958646, 9.1650231e-007, -0.293501393, 0.293501393, -6.45665711e-006, 0.955958646, -1.01889955e-006, -1, -6.44129189e-006, 0.955958634, -1.22845049e-006, -0.293501431, 0.29350143, -1.90177867e-005, 0.955958634, -6.75609545e-006, -1, -1.78196654e-005, 0.103942456, 0.0413756592, -0.179647827, 0, 0, 0, 0, 0, 0, 0, 0.177941309, 0.0962680176, -0.134001465, 0, 0, 0, 0, 0, 0, 0, 1, 1, 1, 
218.316279, 0.1, 0.1, 0.109265605, 0.188228725, -0.0199698733, 0.955958694, -2.01415891e-006, -0.293501237, 0.293501237, -8.01048559e-006, 0.955958694, -4.27654015e-006, -1, -7.06653521e-006, 0.955958692, -4.2914588e-006, -0.293501242, 0.293501242, 1.25623212e-005, 0.955958692, -4.15400461e-007, -1, 1.32686087e-005, 0.103942456, 0.0413756592, -0.179647827, 0, 0, 0, 0, 0, 0, 0, 0.177941309, 0.0962680176, -0.134001465, 0, 0, 0, 0, 0, 0, 0, 1, 1, 1, 
218.31699, 0.1, 0.1, 0.109265538, 0.188228731, -0.019970701, 0.95595868, -2.12084934e-006, -0.293501282, 0.293501282, 2.22206435e-005, 0.95595868, 4.494343e-006, -1, 2.1864489e-005, 0.955958681, -4.49082415e-006, -0.293501277, 0.293501277, 1.23828416e-005, 0.955958681, -6.58662509e-007, -1, 1.31555475e-005, 0.103942456, 0.0413756592, -0.179647827, 0, 0, 0, 0, 0, 0, 0, 0.177941309, 0.0962680176, -0.134001465, 0, 0, 0, 0, 0, 0, 0, 1, 1, 1, 
218.317701, 0.1, 0.1, 0.109265469, 0.188228737, -0.0199709707, 0.955958636, 1.15877446e-005, -0.293501423, 0.293501423, -1.49848196e-005, 0.955958636, 6.67933863e-006, -1, -1.77258872e-005, 0.955958654, -2.78810025e-006, -0.293501366, 0.293501366, -2.00717542e-005, 0.955958654, -8.55639585e-006, -1, -1.83694559e-005, 0.103942456, 0.0413756592, -0.179647827, 0, 0, 0, 0, 0, 0, 0, 0.177941309, 0.0962680176, -0.134001465, 0, 0, 0, 0, 0, 0, 0, 1, 1, 1, 
218.31846, 0.1, 0.1, 0.109265399, 0.188228745, -0.0199704298, 0.955958485, -2.99960172e-006, -0.293501916, 0.293501916, 4.62776622e-006, 0.955958485, -1.50923646e-006, -1, 5.30434124e-006, 0.955958521, -1.31281811e-005, -0.293501797, 0.293501798, 1.44765918e-005, 0.955958521, -8.30109091e-006, -1, 1.76921661e-005, 0.103942456, 0.0413756592, -0.179647827, 0, 0, 0, 0, 0, 0, 0, 0.177941309, 0.0962680176, -0.134001465, 0, 0, 0, 0, 0, 0, 0, 1, 1, 1, 
218.319209, 0.1, 0.1, 0.109265332, 0.188228749, -0.0199684778, 0.955958324, -1.90845883e-005, -0.29350244, 0.29350244, -1.01303501e-006, 0.955958324, -1.85413993e-005, -1, 4.63295397e-006, 0.955958351, 9.42592857e-006, -0.293502353, 0.293502353, -1.47668348e-005, 0.955958351, 4.67669437e-006, -1, -1.68830113e-005, 0.104549927, 0.0388615234, -0.180814819, 0, 0, 0, 0, 0, 0, 0, 0.178244727, 0.0941495605, -0.135219629, 0, 0, 0, 0, 0, 0, 0, 1, 1, 1, 
218.31993, 0.1, 0.1, 0.109265263, 0.188228755, -0.0199667602, 0.955958184, 3.19000254e-005, -0.293502894, 0.293502894, -1.05917281e-005, 0.955958185, 2.73863875e-005, -0.999999999, -1.9487999e-005, 0.95595822, 1.19630493e-006, -0.29350278, 0.29350278, -1.18595672e-005, 0.95595822, -2.33719842e-006, -1, -1.16883696e-005, 0.104549927, 0.0388615234, -0.180814819, 0, 0, 0, 0, 0, 0, 0, 0.178244727, 0.0941495605, -0.135219629, 0, 0, 0, 0, 0, 0, 0, 1, 1, 1, 
218.320746, 0.1, 0.1, 0.109265197, 0.188228767, -0.0199644011, 0.955957883, -9.77054597e-006, -0.293503877, 0.293503878, 3.00657077e-005, 0.955957882, -5.15828656e-007, -1, 3.16092434e-005, 0.955957954, 2.08303276e-005, -0.293503645, 0.293503644, 4.09960582e-005, 0.955957954, 3.19454099e-005, -0.999999999, 3.30767308e-005, 0.104549927, 0.0388615234, -0.180814819, 0, 0, 0, 0, 0, 0, 0, 0.178244727, 0.0941495605, -0.135219629, 0, 0, 0, 0, 0, 0, 0, 1, 1, 1, 
218.321522, 0.1, 0.1, 0.109265126, 0.188228771, -0.019963046, 0.955957419, 1.04738406e-005, -0.293505388, 0.293505388, -4.7747708e-006, 0.955957419, 8.6111247e-006, -1, -7.63860623e-006, 0.955957512, 8.5186616e-006, -0.293505085, 0.293505085, -1.9310842e-005, 0.955957512, 2.47564821e-006, -1, -2.0960615e-005, 0.104714087, 0.036168335, -0.1821229, 0, 0, 0, 0, 0, 0, 0, 0.178864404, 0.0918295898, -0.136261426, 0, 0, 0, 0, 0, 0, 0, 1, 1, 1, 
218.322236, 0.1, 0.1, 0.10926506, 0.18822878, -0.0199634104, 0.955956918, 7.88543931e-006, -0.293507021, 0.293507021, -8.8540007e-006, 0.955956918, 4.93942889e-006, -1, -1.0778475e-005, 0.955957017, -1.64614717e-005, -0.293506698, 0.293506698, 9.37697302e-006, 0.955957017, -1.2984255e-005, -1, 1.37955354e-005, 0.104714087, 0.036168335, -0.1821229, 0, 0, 0, 0, 0, 0, 0, 0.178864404, 0.0918295898, -0.136261426, 0, 0, 0, 0, 0, 0, 0, 1, 1, 1, 
218.322949, 0.1, 0.1, 0.109264997, 0.188228784, -0.0199653633, 0.955956491, -1.39152747e-005, -0.293508411, 0.293508411, 1.83848387e-005, 0.955956491, -7.90629241e-006, -1, 2.16593561e-005, 0.955956561, -1.73110561e-005, -0.293508182, 0.293508182, 6.22407575e-006, 0.955956561, -1.47218005e-005, -1, 1.10308827e-005, 0.104714087, 0.036168335, -0.1821229, 0, 0, 0, 0, 0, 0, 0, 0.178864404, 0.0918295898, -0.136261426, 0, 0, 0, 0, 0, 0, 0, 1, 1, 1, 
218.323726, 0.1, 0.1, 0.10926493, 0.188228789, -0.0199680311, 0.955956224, -3.09617877e-006, -0.293509281, 0.29350928, -2.81175947e-005, 0.955956224, -1.12125864e-005, -1, -2.59704325e-005, 0.955956265, 1.86562367e-006, -0.293509147, 0.293509147, -2.77729207e-005, 0.955956265, -6.36815162e-006, -1, -2.70972751e-005, 0.104714087, 0.036168335, -0.1821229, 0, 0, 0, 0, 0, 0, 0, 0.178864404, 0.0918295898, -0.136261426, 0, 0, 0, 0, 0, 0, 0, 1, 1, 1, 
218.324438, 0.1, 0.1, 0.10926487, 0.188228797, -0.0199701545, 0.955956057, -6.27259981e-006, -0.293509824, 0.293509824, 6.67517631e-006, 0.955956057, -4.03709995e-006, -1, 8.2222449e-006, 0.95595609, 4.15180565e-006, -0.293509717, 0.293509716, 1.97735663e-005, 0.95595609, 9.77267773e-006, -1, 1.76840658e-005, 0.104714087, 0.036168335, -0.1821229, 0, 0, 0, 0, 0, 0, 0, 0.178864404, 0.0918295898, -0.136261426, 0, 0, 0, 0, 0, 0, 0, 1, 1, 1, 
218.32515, 0.1, 0.1, 0.10926481, 0.188228801, -0.0199717855, 0.95595583, 5.6577847e-006, -0.293510564, 0.293510564, 1.45960211e-005, 0.95595583, 9.69267867e-006, -1, 1.22925319e-005, 0.955955881, 1.6167149e-005, -0.293510397, 0.293510397, -2.01123712e-006, 0.955955881, 1.48647621e-005, -1, -6.66788026e-006, 0.104714087, 0.036168335, -0.1821229, 0, 0, 0, 0, 0, 0, 0, 0.178864404, 0.0918295898, -0.136261426, 0, 0, 0, 0, 0, 0, 0, 1, 1, 1, 
218.325885, 0.1, 0.1, 0.109264749, 0.188228808, -0.0199723815, 0.955955544, 1.72219595e-005, -0.293511495, 0.293511495, -1.19022861e-005, 0.955955544, 1.29699699e-005, -1, -1.64328995e-005, 0.955955599, 1.1190969e-005, -0.293511317, 0.293511317, -4.51383937e-006, 0.955955599, 9.37320654e-006, -1, -7.59970608e-006, 0.104714087, 0.036168335, -0.1821229, 0, 0, 0, 0, 0, 0, 0, 0.178864404, 0.0918295898, -0.136261426, 0, 0, 0, 0, 0, 0, 0, 1, 1, 1, 
218.326652, 0.1, 0.1, 0.109264683, 0.188228816, -0.0199709958, 0.955955317, -7.22621285e-007, -0.293512233, 0.293512233, 2.25040743e-005, 0.955955317, 5.91442744e-006, -1, 2.17249877e-005, 0.955955348, -1.44515928e-005, -0.293512135, 0.293512135, 2.02714243e-005, 0.955955347, -7.86516845e-006, -1, 2.36202943e-005, 0.105561768, 0.0336603027, -0.183312964, 0, 0, 0, 0, 0, 0, 0, 0.179465527, 0.0895181641, -0.137494482, 0, 0, 0, 0, 0, 0, 0, 1, 1, 1, 
218.327365, 0.1, 0.1, 0.109264624, 0.188228819, -0.0199690522, 0.955955242, -6.19023235e-006, -0.293512478, 0.293512478, -1.13289853e-005, 0.955955242, -9.24278361e-006, -1, -9.01309245e-006, 0.955955251, -8.22935377e-006, -0.29351245, 0.29351245, -2.31486135e-005, 0.955955251, -1.46613002e-005, -1, -1.97136208e-005, 0.105561768, 0.0336603027, -0.183312964, 0, 0, 0, 0, 0, 0, 0, 0.179465527, 0.0895181641, -0.137494482, 0, 0, 0, 0, 0, 0, 0, 1, 1, 1, 
218.328075, 0.1, 0.1, 0.109264565, 0.188228826, -0.01996721, 0.955955193, -8.27389184e-006, -0.293512637, 0.293512637, -1.89395886e-005, 0.955955193, -1.34684785e-005, -1, -1.56769063e-005, 0.95595521, -1.08979089e-005, -0.293512584, 0.293512584, 3.17221779e-006, 0.95595521, -9.48682693e-006, -1, 6.23117152e-006, 0.105561768, 0.0336603027, -0.183312964, 0, 0, 0, 0, 0, 0, 0, 0.179465527, 0.0895181641, -0.137494482, 0, 0, 0, 0, 0, 0, 0, 1, 1, 1, 
218.328843, 0.1, 0.1, 0.109264505, 0.188228831, -0.0199654004, 0.955955025, -1.36080005e-005, -0.293513187, 0.293513187, 2.0571117e-005, 0.955955024, -6.97074236e-006, -1, 2.36591903e-005, 0.955955067, 5.3273801e-006, -0.293513049, 0.293513049, 1.5754439e-005, 0.955955067, 9.71686944e-006, -1, 1.34968803e-005, 0.105561768, 0.0336603027, -0.183312964, 0, 0, 0, 0, 0, 0, 0, 0.179465527, 0.0895181641, -0.137494482, 0, 0, 0, 0, 0, 0, 0, 1, 1, 1, 
218.329564, 0.1, 0.1, 0.109264448, 0.188228835, -0.0199645572, 0.955954806, 1.76047449e-005, -0.293513898, 0.293513898, -2.2063529e-005, 0.955954806, 1.03533881e-005, -1, -2.62589739e-005, 0.955954845, 2.36062565e-005, -0.293513769, 0.29351377, -2.11337576e-005, 0.955954845, 1.63634665e-005, -0.999999999, -2.71316793e-005, 0.105561768, 0.0336603027, -0.183312964, 0, 0, 0, 0, 0, 0, 0, 0.179465527, 0.0895181641, -0.137494482, 0, 0, 0, 0, 0, 0, 0, 1, 1, 1, 
218.330274, 0.1, 0.1, 0.109264392, 0.188228843, -0.0199650772, 0.95595469, 1.41634923e-005, -0.293514278, 0.293514278, 1.30516554e-005, 0.95595469, 1.73705041e-005, -1, 8.31960397e-006, 0.955954701, 5.520162e-006, -0.293514242, 0.293514242, 2.29045438e-005, 0.955954701, 1.19998346e-005, -1, 2.02754601e-005, 0.105561768, 0.0336603027, -0.183312964, 0, 0, 0, 0, 0, 0, 0, 0.179465527, 0.0895181641, -0.137494482, 0, 0, 0, 0, 0, 0, 0, 1, 1, 1, 
218.331022, 0.1, 0.1, 0.109264334, 0.188228846, -0.0199666593, 0.955954705, 7.76664665e-006, -0.293514229, 0.293514228, 1.94271896e-005, 0.955954705, 1.3126719e-005, -1, 1.6291892e-005, 0.955954696, -1.93148472e-006, -0.293514258, 0.293514258, -1.07877595e-005, 0.955954696, -5.01277312e-006, -1, -9.74569106e-006, 0.105561768, 0.0336603027, -0.183312964, 0, 0, 0, 0, 0, 0, 0, 0.179465527, 0.0895181641, -0.137494482, 0, 0, 0, 0, 0, 0, 0, 1, 1, 1, 
218.331774, 0.1, 0.1, 0.109264275, 0.188228855, -0.0199679837, 0.955954705, 2.4402913e-006, -0.293514227, 0.293514227, -1.42130902e-005, 0.955954705, -1.83893623e-006, -1, -1.43033306e-005, 0.955954715, -5.97526243e-006, -0.293514197, 0.293514197, -5.85539034e-006, 0.955954715, -7.43072048e-006, -1, -3.84366365e-006, 0.10615166, 0.0311366455, -0.184260132, 0, 0, 0, 0, 0, 0, 0, 0.18001709, 0.087399707, -0.138489404, 0, 0, 0, 0, 0, 0, 0, 1, 1, 1, 
218.332489, 0.1, 0.1, 0.109264221, 0.188228862, -0.0199693851, 0.955954594, -1.42674713e-005, -0.29351459, 0.29351459, 1.98355524e-005, 0.955954594, -7.81703072e-006, -1, 2.31495985e-005, 0.955954623, -9.97154916e-006, -0.293514495, 0.293514495, 2.29257763e-005, 0.955954623, -2.80330087e-006, -1, 2.4842796e-005, 0.10615166, 0.0311366455, -0.184260132, 0, 0, 0, 0, 0, 0, 0, 0.18001709, 0.087399707, -0.138489404, 0, 0, 0, 0, 0, 0, 0, 1, 1, 1, 
