time, realDorsalTactorPos, realVentralTactorPos, boxPosX, boxPosY, boxPosZ, boxLocalRot_11, boxLocalRot_12, boxLocalRot_13, boxLocalRot_21, boxLocalRot_22, boxLocalRot_23, boxLocalRot_31, boxLocalRot_32, boxLocalRot_33, boxGlobalRot_11, boxGlobalRot_12, boxGlobalRot_13], boxGlobalRot_21, boxGlobalRot_22, boxGlobalRot_23, boxGlobalRot_31, boxGlobalRot_32, boxGlobalRot_33, indexPosX, indexPosY, indexPosZ, indexContact, indexForceX, indexForceY, indexForceZ, indexForceGlobalX, indexForceGlobalY, indexForceGlobalZ, thumbPosX, thumbPosY, thumbPosZ, thumbContact, thumbForceX, thumbForceY, thumbForceZ, thumbForceGlobalX, thumbForceGlobalY, thumbForceGlobalZ, hoopSuccess, targetSuccess, trialSuccess, 
193.547738, 0.1, 0.1, 0.115154595, 0.18926716, -0.0199641676, 0.900215611, -8.76647707e-006, 0.435444433, 0.435444433, 2.8642734e-006, -0.900215611, 6.64448761e-006, 1, 6.39577726e-006, 0.900215616, -9.47538619e-006, 0.435444421, 0.435444421, -8.89757596e-006, -0.900215616, 1.24042904e-005, 1, -3.88373277e-006, 0.0890968262, 0.0111029053, -0.170757349, 0, 0, 0, 0, 0, 0, 0, 0.156796533, 0.0512618652, -0.143184961, 0, 0, 0, 0, 0, 0, 0, 1, 1, 1, 
193.5563, 0.1, 0.1, 0.11515415, 0.189266062, -0.019957611, 0.900213965, -4.57665457e-005, 0.435447833, 0.435447833, -1.39572686e-005, -0.900213966, 4.7277346e-005, 0.999999999, 7.36441502e-006, 0.900214034, -2.6990913e-005, 0.435447691, 0.435447691, -1.37355612e-005, -0.900214035, 3.02787171e-005, 1, -6.11814202e-007, 0.0889470215, -0.000536328125, -0.170734595, 0, 0, 0, 0, 0, 0, 0, 0.156422559, 0.042507666, -0.143661377, 0, 0, 0, 0, 0, 0, 0, 1, 1, 1, 
193.557011, 0.1, 0.1, 0.115154122, 0.189265992, -0.019957388, 0.900213548, 4.34426836e-005, 0.435448696, 0.435448695, 3.23579183e-005, -0.900213549, -5.31979057e-005, 0.999999999, 1.02119765e-005, 0.900213655, 3.24079446e-005, 0.435448475, 0.435448475, 2.41970323e-006, -0.900213656, -3.02277304e-005, 0.999999999, -1.19337402e-005, 0.0889470215, -0.000536328125, -0.170734595, 0, 0, 0, 0, 0, 0, 0, 0.156422559, 0.042507666, -0.143661377, 0, 0, 0, 0, 0, 0, 0, 1, 1, 1, 
193.557726, 0.1, 0.1, 0.115154092, 0.189265917, -0.0199606916, 0.900213082, -3.85404742e-005, 0.43544966, 0.435449659, -1.54588285e-005, -0.900213083, 4.14261807e-005, 0.999999999, 2.86619669e-006, 0.900213148, 3.92675912e-006, 0.435449525, 0.435449525, -4.97324239e-006, -0.900213148, -1.36932415e-006, 1, -6.18688358e-006, 0.0889470215, -0.000536328125, -0.170734595, 0, 0, 0, 0, 0, 0, 0, 0.156422559, 0.042507666, -0.143661377, 0, 0, 0, 0, 0, 0, 0, 1, 1, 1, 
193.558436, 0.1, 0.1, 0.115154078, 0.189265854, -0.0199662894, 0.900212653, -5.03748342e-005, 0.435450545, 0.435450545, -1.22568586e-005, -0.900212654, 5.06853189e-005, 0.999999999, 1.09019698e-005, 0.900212739, -6.33452143e-005, 0.435450365, 0.435450364, -3.87174705e-005, -0.900212741, 7.38837057e-005, 0.999999997, -7.27026357e-006, 0.0889470215, -0.000536328125, -0.170734595, 0, 0, 0, 0, 0, 0, 0, 0.156422559, 0.042507666, -0.143661377, 0, 0, 0, 0, 0, 0, 0, 1, 1, 1, 
193.559142, 0.1, 0.1, 0.115154044, 0.189265782, -0.0199723611, 0.900212483, 8.38859529e-005, 0.435450891, 0.435450892, 9.06479577e-006, -0.900212486, -7.94624556e-005, 0.999999996, -2.83679707e-005, 0.900212493, 7.22324429e-005, 0.435450872, 0.435450872, 1.57676213e-005, -0.900212496, -7.18905722e-005, 0.999999997, -1.72594705e-005, 0.0889470215, -0.000536328125, -0.170734595, 0, 0, 0, 0, 0, 0, 0, 0.156422559, 0.042507666, -0.143661377, 0, 0, 0, 0, 0, 0, 0, 1, 1, 1, 
193.559848, 0.1, 0.1, 0.11515401, 0.189265712, -0.0199771324, 0.90021247, -2.16904798e-005, 0.435450926, 0.435450926, 6.76872301e-006, -0.90021247, 1.65785937e-005, 1, 1.55384284e-005, 0.900212483, 1.32733656e-005, 0.435450898, 0.435450898, 1.16479141e-005, -0.900212484, -1.7020944e-005, 1, 4.70569869e-006, 0.0889470215, -0.000536328125, -0.170734595, 0, 0, 0, 0, 0, 0, 0, 0.156422559, 0.042507666, -0.143661377, 0, 0, 0, 0, 0, 0, 0, 1, 1, 1, 
193.560553, 0.1, 0.1, 0.115153996, 0.189265648, -0.0199792976, 0.900212281, -4.66915262e-005, 0.435451314, 0.435451312, -3.89436077e-005, -0.900212282, 5.89903304e-005, 0.999999998, -1.47256276e-005, 0.90021233, -5.70100392e-005, 0.435451212, 0.43545121, -3.52576085e-005, -0.900212332, 6.66741086e-005, 0.999999998, -6.91424338e-006, 0.0889470215, -0.000536328125, -0.170734595, 0, 0, 0, 0, 0, 0, 0, 0.156422559, 0.042507666, -0.143661377, 0, 0, 0, 0, 0, 0, 0, 1, 1, 1, 
193.561285, 0.1, 0.1, 0.115153969, 0.189265579, -0.0199781344, 0.900211975, 3.47245999e-005, 0.435451949, 0.435451948, 2.10551967e-005, -0.900211975, -4.04280271e-005, 0.999999999, 3.8332455e-006, 0.900212027, 2.32312092e-005, 0.435451841, 0.435451841, 1.79131364e-005, -0.900212027, -2.87133222e-005, 1, 6.00954802e-006, 0.0893450439, -0.0036746582, -0.170483032, 0, 0, 0, 0, 0, 0, 0, 0.156386768, 0.0393700195, -0.143802734, 0, 0, 0, 0, 0, 0, 0, 1, 1, 1, 
193.561992, 0.1, 0.1, 0.11515394, 0.18926551, -0.0199743185, 0.900211778, -2.74472956e-005, 0.435452356, 0.435452356, 5.61318991e-006, -0.900211778, 2.2264102e-005, 1, 1.70050492e-005, 0.900211823, -5.84413827e-007, 0.435452264, 0.435452264, 1.37215689e-005, -0.900211822, -5.44899201e-006, 1, 1.26068029e-005, 0.0893450439, -0.0036746582, -0.170483032, 0, 0, 0, 0, 0, 0, 0, 0.156386768, 0.0393700195, -0.143802734, 0, 0, 0, 0, 0, 0, 0, 1, 1, 1, 
193.5627, 0.1, 0.1, 0.115153921, 0.18926545, -0.0199692347, 0.900211438, 4.29158565e-006, 0.43545306, 0.43545306, -3.08580851e-005, -0.900211437, 9.57391308e-006, 1, -2.96475852e-005, 0.90021152, -1.60792344e-005, 0.435452889, 0.435452888, -4.06182096e-005, -0.90021152, 3.21620288e-005, 0.999999999, -2.95632312e-005, 0.0893450439, -0.0036746582, -0.170483032, 0, 0, 0, 0, 0, 0, 0, 0.156386768, 0.0393700195, -0.143802734, 0, 0, 0, 0, 0, 0, 0, 1, 1, 1, 
193.563414, 0.1, 0.1, 0.115153889, 0.189265381, -0.0199644239, 0.90021093, 2.66823592e-005, 0.435454109, 0.435454109, 8.50551637e-006, -0.90021093, -2.77235134e-005, 1, -3.96218416e-006, 0.900211032, 3.62721131e-005, 0.435453897, 0.435453897, 2.74095154e-005, -0.900211033, -4.45881367e-005, 0.999999999, 8.87951518e-006, 0.0893450439, -0.0036746582, -0.170483032, 0, 0, 0, 0, 0, 0, 0, 0.156386768, 0.0393700195, -0.143802734, 0, 0, 0, 0, 0, 0, 0, 1, 1, 1, 
193.56412, 0.1, 0.1, 0.115153865, 0.189265317, -0.0199613576, 0.900210548, 1.6013347e-005, 0.435454898, 0.435454898, -1.83063144e-006, -0.900210549, -1.36182265e-005, 1, -8.62104413e-006, 0.900210627, -3.43171633e-006, 0.435454735, 0.435454735, -1.1006139e-005, -0.900210627, 7.88194285e-006, 1, -8.41348615e-006, 0.0893450439, -0.0036746582, -0.170483032, 0, 0, 0, 0, 0, 0, 0, 0.156386768, 0.0393700195, -0.143802734, 0, 0, 0, 0, 0, 0, 0, 1, 1, 1, 
193.564833, 0.1, 0.1, 0.115153842, 0.189265253, -0.019960755, 0.900210159, -3.92888776e-005, 0.435455701, 0.435455701, -1.66094232e-005, -0.90021016, 4.26009149e-005, 0.999999999, 2.15659429e-006, 0.900210217, -2.10082345e-005, 0.435455584, 0.435455583, -2.12055177e-005, -0.900210217, 2.81458885e-005, 1, -9.94127066e-006, 0.0893450439, -0.0036746582, -0.170483032, 0, 0, 0, 0, 0, 0, 0, 0.156386768, 0.0393700195, -0.143802734, 0, 0, 0, 0, 0, 0, 0, 1, 1, 1, 
193.565543, 0.1, 0.1, 0.115153818, 0.18926519, -0.0199627079, 0.900209844, 4.20093419e-005, 0.435456353, 0.435456352, 2.44100116e-005, -0.900209845, -4.84467178e-005, 0.999999999, 3.68089796e-006, 0.900209908, 2.30833304e-005, 0.435456223, 0.435456222, 1.44222857e-005, -0.900209908, -2.70601167e-005, 1, 2.93130464e-006, 0.0893450439, -0.0036746582, -0.170483032, 0, 0, 0, 0, 0, 0, 0, 0.156386768, 0.0393700195, -0.143802734, 0, 0, 0, 0, 0, 0, 0, 1, 1, 1, 
193.566279, 0.1, 0.1, 0.115153789, 0.189265123, -0.0199663326, 0.900209566, -2.54428403e-005, 0.435456929, 0.435456929, -1.54969557e-005, -0.900209566, 2.96521449e-005, 1, -2.87124664e-006, 0.900209632, 2.61442045e-006, 0.435456793, 0.435456793, 9.60884453e-006, -0.900209632, -6.53776309e-006, 1, 7.51150725e-006, 0.0894717285, -0.00659316406, -0.170175928, 0, 0, 0, 0, 0, 0, 0, 0.156304834, 0.0366603027, -0.143692773, 0, 0, 0, 0, 0, 0, 0, 1, 1, 1, 
193.566988, 0.1, 0.1, 0.115153775, 0.189265066, -0.0199703493, 0.900209334, -3.09735884e-005, 0.435457409, 0.435457408, -1.86645556e-005, -0.900209334, 3.60103324e-005, 0.999999999, -3.31432868e-006, 0.900209383, -4.91468191e-005, 0.435457305, 0.435457304, -2.744821e-005, -0.900209384, 5.61949513e-005, 0.999999998, -3.30779482e-006, 0.0894717285, -0.00659316406, -0.170175928, 0, 0, 0, 0, 0, 0, 0, 0.156304834, 0.0366603027, -0.143692773, 0, 0, 0, 0, 0, 0, 0, 1, 1, 1, 
193.567704, 0.1, 0.1, 0.115153743, 0.189264999, -0.0199737121, 0.900209144, 6.87206373e-005, 0.435457795, 0.435457794, 3.73650591e-005, -0.900209147, -7.81338526e-005, 0.999999997, 3.7114308e-006, 0.900209178, 6.74353748e-005, 0.435457727, 0.435457726, 2.86147735e-005, -0.90020918, -7.31664677e-005, 0.999999997, -3.60597325e-006, 0.0894717285, -0.00659316406, -0.170175928, 0, 0, 0, 0, 0, 0, 0, 0.156304834, 0.0366603027, -0.143692773, 0, 0, 0, 0, 0, 0, 0, 1, 1, 1, 
193.568439, 0.1, 0.1, 0.115153714, 0.189264933, -0.0199754002, 0.900209003, -3.05730838e-005, 0.435458093, 0.435458093, -1.23784366e-005, -0.900209003, 3.29124557e-005, 0.999999999, 2.17011668e-006, 0.900209036, 4.28878892e-006, 0.435458025, 0.435458025, 5.20366596e-006, -0.900209036, -6.12678464e-006, 1, 2.81679956e-006, 0.0896856934, -0.00946809082, -0.169838916, 0, 0, 0, 0, 0, 0, 0, 0.156304834, 0.0366603027, -0.143692773, 0, 0, 0, 0, 0, 0, 0, 1, 1, 1, 
193.569143, 0.1, 0.1, 0.115153705, 0.18926488, -0.0199749702, 0.900208836, -5.61953995e-005, 0.435458435, 0.435458433, -3.56860891e-005, -0.900208838, 6.61274038e-005, 0.999999998, -7.65417213e-006, 0.900208861, -7.06302199e-005, 0.435458381, 0.43545838, -3.39134647e-005, -0.900208864, 7.83498524e-005, 0.999999997, 2.27319672e-007, 0.0896856934, -0.00946809082, -0.169838916, 0, 0, 0, 0, 0, 0, 0, 0.156260986, 0.0335275391, -0.143602832, 0, 0, 0, 0, 0, 0, 0, 1, 1, 1, 
193.569863, 0.1, 0.1, 0.115153679, 0.189264819, -0.0199727504, 0.900208696, 6.04521791e-005, 0.435458724, 0.435458724, 1.97063246e-005, -0.900208698, -6.30008683e-005, 0.999999998, -8.58462404e-006, 0.900208714, 4.66398172e-005, 0.435458687, 0.435458687, 1.31191834e-005, -0.900208716, -4.76984323e-005, 0.999999999, -8.49971034e-006, 0.0896856934, -0.00946809082, -0.169838916, 0, 0, 0, 0, 0, 0, 0, 0.156260986, 0.0335275391, -0.143602832, 0, 0, 0, 0, 0, 0, 0, 1, 1, 1, 
193.57057, 0.1, 0.1, 0.115153651, 0.189264755, -0.0199696813, 0.900208516, -1.51210205e-005, 0.435459099, 0.435459099, 1.24808307e-006, -0.900208516, 1.30685823e-005, 1, 7.70812099e-006, 0.900208569, 1.02483075e-005, 0.435458991, 0.43545899, 2.71673833e-005, -0.900208569, -2.10558956e-005, 1, 1.99935936e-005, 0.0896856934, -0.00946809082, -0.169838916, 0, 0, 0, 0, 0, 0, 0, 0.156260986, 0.0335275391, -0.143602832, 0, 0, 0, 0, 0, 0, 0, 1, 1, 1, 
193.571277, 0.1, 0.1, 0.115153634, 0.189264702, -0.0199667126, 0.900208172, -1.36668765e-005, 0.43545981, 0.43545981, -1.39097395e-006, -0.900208172, 1.29087472e-005, 1, 4.69920933e-006, 0.90020824, -2.52692367e-005, 0.435459669, 0.435459669, -2.90681101e-005, -0.90020824, 3.54055648e-005, 0.999999999, -1.51636188e-005, 0.0896856934, -0.00946809082, -0.169838916, 0, 0, 0, 0, 0, 0, 0, 0.156260986, 0.0335275391, -0.143602832, 0, 0, 0, 0, 0, 0, 0, 1, 1, 1, 
193.571983, 0.1, 0.1, 0.115153606, 0.189264641, -0.0199646799, 0.900208015, 2.05072756e-005, 0.435460136, 0.435460135, 1.47960023e-005, -0.900208015, -2.4903883e-005, 1, 4.38937882e-006, 0.900208033, 3.92795126e-005, 0.435460096, 0.435460096, 1.38805927e-005, -0.900208034, -4.1404177e-005, 0.999999999, -4.60923928e-006, 0.0896856934, -0.00946809082, -0.169838916, 0, 0, 0, 0, 0, 0, 0, 0.156260986, 0.0335275391, -0.143602832, 0, 0, 0, 0, 0, 0, 0, 1, 1, 1, 
193.572689, 0.1, 0.1, 0.115153586, 0.189264585, -0.0199641385, 0.900207826, -5.46077664e-009, 0.435460527, 0.435460527, 1.83917938e-005, -0.900207826, -8.00398437e-006, 1, 1.65588146e-005, 0.900207863, -9.18918141e-006, 0.435460449, 0.435460449, -8.54501922e-006, -0.900207863, 1.19931913e-005, 1, -3.69076844e-006, 0.0896856934, -0.00946809082, -0.169838916, 0, 0, 0, 0, 0, 0, 0, 0.156260986, 0.0335275391, -0.143602832, 0, 0, 0, 0, 0, 0, 0, 1, 1, 1, 
193.573421, 0.1, 0.1, 0.115153563, 0.189264526, -0.0199650905, 0.900207607, 2.12504256e-005, 0.435460979, 0.435460979, -3.01296607e-005, -0.900207606, -6.00950323e-006, 0.999999999, -3.63766809e-005, 0.900207668, 6.7256703e-006, 0.435460852, 0.435460852, -2.11183551e-005, -0.900207668, 3.14171693e-006, 1, -2.19396713e-005, 0.0901047119, -0.0123607178, -0.169537915, 0, 0, 0, 0, 0, 0, 0, 0.156260986, 0.0335275391, -0.143602832, 0, 0, 0, 0, 0, 0, 0, 1, 1, 1, 
193.574126, 0.1, 0.1, 0.115153542, 0.18926447, -0.0199669219, 0.900207426, -3.91882871e-006, 0.435461354, 0.435461354, 4.49316419e-005, -0.900207425, -1.60382349e-005, 0.999999999, 4.21542961e-005, 0.900207437, -1.26198371e-005, 0.435461329, 0.43546133, 2.06150173e-005, -0.900207437, 2.38342837e-006, 1, 2.40532429e-005, 0.0901047119, -0.0123607178, -0.169537915, 0, 0, 0, 0, 0, 0, 0, 0.156218604, 0.0306148437, -0.143272803, 0, 0, 0, 0, 0, 0, 0, 1, 1, 1, 
193.574833, 0.1, 0.1, 0.115153522, 0.189264411, -0.0199693352, 0.900207366, -6.04304598e-006, 0.435461477, 0.435461476, -3.52985961e-005, -0.900207366, 2.08111733e-005, 0.999999999, -2.91445425e-005, 0.900207391, -1.14010218e-005, 0.435461425, 0.435461425, -7.83915994e-007, -0.900207391, 1.06046493e-005, 1, 4.25901825e-006, 0.0901047119, -0.0123607178, -0.169537915, 0, 0, 0, 0, 0, 0, 0, 0.156218604, 0.0306148437, -0.143272803, 0, 0, 0, 0, 0, 0, 0, 1, 1, 1, 
193.575541, 0.1, 0.1, 0.115153497, 0.189264365, -0.0199715642, 0.900207131, 2.23737855e-005, 0.435461962, 0.435461963, -2.45147992e-005, -0.900207131, -9.46577868e-006, 0.999999999, -3.18113296e-005, 0.900207191, 3.2395785e-005, 0.435461839, 0.43546184, -4.15286783e-005, -0.90020719, -1.1078764e-005, 0.999999999, -5.1491543e-005, 0.0901047119, -0.0123607178, -0.169537915, 0, 0, 0, 0, 0, 0, 0, 0.156218604, 0.0306148437, -0.143272803, 0, 0, 0, 0, 0, 0, 0, 1, 1, 1, 
193.576248, 0.1, 0.1, 0.115153481, 0.189264303, -0.0199729657, 0.900206901, -3.73499987e-005, 0.435462436, 0.435462438, 6.58542145e-005, -0.900206899, 4.94568981e-006, 0.999999997, 7.55469398e-005, 0.900206945, -2.75074903e-005, 0.435462347, 0.435462348, 6.62210646e-005, -0.900206942, -4.07434651e-006, 0.999999997, 7.15911385e-005, 0.0901047119, -0.0123607178, -0.169537915, 0, 0, 0, 0, 0, 0, 0, 0.156218604, 0.0306148437, -0.143272803, 0, 0, 0, 0, 0, 0, 0, 1, 1, 1, 
193.576953, 0.1, 0.1, 0.115153463, 0.189264245, -0.0199732359, 0.900206708, 1.86432043e-006, 0.435462838, 0.435462838, -2.53808803e-005, -0.900206707, 9.37415642e-006, 1, -2.3659881e-005, 0.900206742, -7.15273524e-006, 0.435462766, 0.435462766, -5.25929646e-006, -0.900206742, 8.72916828e-006, 1, -1.61970426e-006, 0.0901047119, -0.0123607178, -0.169537915, 0, 0, 0, 0, 0, 0, 0, 0.156218604, 0.0306148437, -0.143272803, 0, 0, 0, 0, 0, 0, 0, 1, 1, 1, 
193.577668, 0.1, 0.1, 0.115153439, 0.189264194, -0.0199722507, 0.900206438, 2.70328607e-006, 0.435463395, 0.435463395, 9.00159125e-006, -0.900206438, -6.35337902e-006, 1, 6.92610826e-006, 0.900206499, 2.34230464e-005, 0.435463268, 0.435463268, -7.20369395e-006, -0.900206499, -1.79486345e-005, 1, -1.66846884e-005, 0.0901047119, -0.0123607178, -0.169537915, 0, 0, 0, 0, 0, 0, 0, 0.156218604, 0.0306148437, -0.143272803, 0, 0, 0, 0, 0, 0, 0, 1, 1, 1, 
193.578387, 0.1, 0.1, 0.115153422, 0.18926414, -0.0199702762, 0.900206046, 1.25469101e-005, 0.435464205, 0.435464205, -1.72171114e-005, -0.900206046, -3.79736862e-006, 1, -2.0962678e-005, 0.900206125, -1.416569e-005, 0.435464043, 0.435464043, -4.15127852e-006, -0.900206125, 1.45597734e-005, 1, 2.43164228e-006, 0.0905040771, -0.0150362061, -0.168980469, 0, 0, 0, 0, 0, 0, 0, 0.156218604, 0.0306148437, -0.143272803, 0, 0, 0, 0, 0, 0, 0, 1, 1, 1, 
193.579105, 0.1, 0.1, 0.115153401, 0.189264091, -0.0199678733, 0.900205715, -3.32435557e-005, 0.435464889, 0.43546489, 4.58570746e-006, -0.900205715, 2.79291242e-005, 0.999999999, 1.86044814e-005, 0.900205763, -1.31518202e-005, 0.435464792, 0.435464792, -1.67557939e-005, -0.900205763, 1.91359026e-005, 1, -9.35650758e-006, 0.0905040771, -0.0150362061, -0.168980469, 0, 0, 0, 0, 0, 0, 0, 0.156336719, 0.0276652832, -0.143344336, 0, 0, 0, 0, 0, 0, 0, 1, 1, 1, 
193.579812, 0.1, 0.1, 0.115153384, 0.189264035, -0.019966064, 0.900205615, 2.0725123e-005, 0.435465096, 0.435465096, -1.83531215e-006, -0.900205615, -1.78576577e-005, 1, -1.0677226e-005, 0.900205614, 9.75992005e-006, 0.4354651, 0.435465099, 2.31770961e-005, -0.900205614, -1.88787513e-005, 1, 1.66140475e-005, 0.0905040771, -0.0150362061, -0.168980469, 0, 0, 0, 0, 0, 0, 0, 0.156336719, 0.0276652832, -0.143344336, 0, 0, 0, 0, 0, 0, 0, 1, 1, 1, 
193.58052, 0.1, 0.1, 0.115153366, 0.189263987, -0.0199653035, 0.900205769, -2.12723361e-005, 0.435464777, 0.435464778, 1.73064525e-005, -0.900205769, 1.16131292e-005, 1, 2.48427215e-005, 0.900205725, -2.06842882e-005, 0.435464869, 0.435464869, -1.37541346e-005, -0.900205725, 2.46095571e-005, 1, -3.37426989e-006, 0.0905040771, -0.0150362061, -0.168980469, 0, 0, 0, 0, 0, 0, 0, 0.156336719, 0.0276652832, -0.143344336, 0, 0, 0, 0, 0, 0, 0, 1, 1, 1, 
193.581253, 0.1, 0.1, 0.115153346, 0.189263928, -0.0199654769, 0.900206112, 6.60236832e-007, 0.435464071, 0.435464071, -1.49138239e-005, -0.900206111, 5.90008525e-006, 1, -1.37130249e-005, 0.900206041, 6.40634638e-006, 0.435464216, 0.435464216, 2.13015591e-005, -0.900206041, -1.50430985e-005, 1, 1.63860576e-005, 0.0907357422, -0.0181296143, -0.168430469, 0, 0, 0, 0, 0, 0, 0, 0.1563146, 0.0244875977, -0.142834521, 0, 0, 0, 0, 0, 0, 0, 1, 1, 1, 
193.581957, 0.1, 0.1, 0.115153325, 0.189263882, -0.0199666752, 0.900206382, 2.05124035e-005, 0.435463512, 0.435463511, 2.10360234e-005, -0.900206382, -2.76258171e-005, 1, 1.00043592e-005, 0.900206346, 2.32635685e-005, 0.435463586, 0.435463586, -6.53039178e-006, -0.900206346, -1.80982642e-005, 1, -1.60091371e-005, 0.0907357422, -0.0181296143, -0.168430469, 0, 0, 0, 0, 0, 0, 0, 0.1563146, 0.0244875977, -0.142834521, 0, 0, 0, 0, 0, 0, 0, 1, 1, 1, 
193.582663, 0.1, 0.1, 0.115153307, 0.189263831, -0.0199685729, 0.900206434, -7.7854223e-006, 0.435463404, 0.435463404, -2.57267694e-005, -0.900206434, 1.82115538e-005, 1, -1.97691368e-005, 0.900206444, -1.8923259e-005, 0.435463382, 0.435463382, -2.69308125e-006, -0.900206445, 1.8207578e-005, 1, 5.81605726e-006, 0.0907357422, -0.0181296143, -0.168430469, 0, 0, 0, 0, 0, 0, 0, 0.1563146, 0.0244875977, -0.142834521, 0, 0, 0, 0, 0, 0, 0, 1, 1, 1, 
193.583373, 0.1, 0.1, 0.115153285, 0.189263785, -0.0199705178, 0.90020626, 1.05728728e-006, 0.435463764, 0.435463764, 1.14503266e-005, -0.90020626, -5.93797896e-006, 1, 9.84724541e-006, 0.900206306, 2.19011111e-005, 0.435463669, 0.435463669, -6.31806786e-006, -0.900206306, -1.69642293e-005, 1, -1.52247027e-005, 0.0907357422, -0.0181296143, -0.168430469, 0, 0, 0, 0, 0, 0, 0, 0.1563146, 0.0244875977, -0.142834521, 0, 0, 0, 0, 0, 0, 0, 1, 1, 1, 
193.58408, 0.1, 0.1, 0.115153271, 0.189263735, -0.0199719089, 0.900205952, 7.93775482e-006, 0.435464401, 0.435464401, -9.78870969e-006, -0.900205951, -2.88297953e-006, 1, -1.22684644e-005, 0.900206014, -1.76517427e-005, 0.435464271, 0.435464271, 2.29158053e-006, -0.900206014, 1.48923035e-005, 1, 9.74959786e-006, 0.0907357422, -0.0181296143, -0.168430469, 0, 0, 0, 0, 0, 0, 0, 0.1563146, 0.0244875977, -0.142834521, 0, 0, 0, 0, 0, 0, 0, 1, 1, 1, 
193.584792, 0.1, 0.1, 0.115153252, 0.189263689, -0.0199723221, 0.90020569, -2.6980181e-005, 0.435464942, 0.435464942, 6.39221348e-006, -0.90020569, 2.15041276e-005, 1, 1.75032299e-005, 0.900205726, -1.05166476e-005, 0.435464866, 0.435464866, -1.12281706e-005, -0.900205727, 1.43566202e-005, 1, -5.52803293e-006, 0.0907357422, -0.0181296143, -0.168430469, 0, 0, 0, 0, 0, 0, 0, 0.1563146, 0.0244875977, -0.142834521, 0, 0, 0, 0, 0, 0, 0, 1, 1, 1, 
193.585503, 0.1, 0.1, 0.115153235, 0.189263637, -0.0199717435, 0.900205618, 2.00332592e-005, 0.435465089, 0.435465089, 1.68678994e-007, -0.900205619, -1.81075063e-005, 1, -8.57193923e-006, 0.900205615, 1.05823335e-005, 0.435465098, 0.435465098, 2.12131368e-005, -0.900205614, -1.87638567e-005, 1, 1.4487948e-005, 0.0907357422, -0.0181296143, -0.168430469, 0, 0, 0, 0, 0, 0, 0, 0.1563146, 0.0244875977, -0.142834521, 0, 0, 0, 0, 0, 0, 0, 1, 1, 1, 
193.586232, 0.1, 0.1, 0.115153218, 0.189263591, -0.0199701254, 0.90020577, -1.53641862e-005, 0.435464777, 0.435464777, 1.47950157e-005, -0.900205769, 7.38822086e-006, 1, 2.00091204e-005, 0.900205729, -1.52200956e-005, 0.435464861, 0.435464861, -1.18355364e-005, -0.900205729, 1.88551775e-005, 1, -4.02660083e-006, 0.0909714355, -0.0209963623, -0.168079297, 0, 0, 0, 0, 0, 0, 0, 0.156210693, 0.0213716797, -0.142639355, 0, 0, 0, 0, 0, 0, 0, 1, 1, 1, 
193.586942, 0.1, 0.1, 0.115153199, 0.18926354, -0.019968314, 0.900206063, 2.15459495e-006, 0.435464171, 0.435464171, -1.84107326e-005, -0.900206063, 6.07763495e-006, 1, -1.7511702e-005, 0.900206001, 8.01876342e-006, 0.435464299, 0.435464299, 1.47810575e-005, -0.900206001, -1.36551618e-005, 1, 9.81411149e-006, 0.0909714355, -0.0209963623, -0.168079297, 0, 0, 0, 0, 0, 0, 0, 0.156210693, 0.0213716797, -0.142639355, 0, 0, 0, 0, 0, 0, 0, 1, 1, 1, 
193.587656, 0.1, 0.1, 0.115153179, 0.189263497, -0.0199668114, 0.900206307, 1.89628975e-005, 0.435463667, 0.435463666, 2.3687378e-005, -0.900206307, -2.73855124e-005, 1, 1.30658742e-005, 0.900206276, 2.25037549e-005, 0.43546373, 0.43546373, -4.10798682e-006, -0.900206276, -1.84691422e-005, 1, -1.34976046e-005, 0.0909714355, -0.0209963623, -0.168079297, 0, 0, 0, 0, 0, 0, 0, 0.156210693, 0.0213716797, -0.142639355, 0, 0, 0, 0, 0, 0, 0, 1, 1, 1, 
193.588363, 0.1, 0.1, 0.115153164, 0.189263449, -0.0199661005, 0.900206332, -7.8820214e-006, 0.435463615, 0.435463615, -2.84326442e-005, -0.900206332, 1.94768276e-005, 1, -2.21629128e-005, 0.900206349, -2.09251897e-005, 0.43546358, 0.43546358, -3.15428321e-006, -0.900206349, 2.02105641e-005, 1, 6.27265223e-006, 0.0909714355, -0.0209963623, -0.168079297, 0, 0, 0, 0, 0, 0, 0, 0.156210693, 0.0213716797, -0.142639355, 0, 0, 0, 0, 0, 0, 0, 1, 1, 1, 
193.589071, 0.1, 0.1, 0.115153143, 0.189263407, -0.0199663306, 0.900206113, 2.37746875e-006, 0.435464068, 0.435464068, 1.53527981e-005, -0.900206113, -8.82580382e-006, 1, 1.27853805e-005, 0.900206169, 2.58607561e-005, 0.435463952, 0.435463952, -4.8075389e-006, -0.900206169, -2.11865023e-005, 1, -1.55892032e-005, 0.0909714355, -0.0209963623, -0.168079297, 0, 0, 0, 0, 0, 0, 0, 0.156210693, 0.0213716797, -0.142639355, 0, 0, 0, 0, 0, 0, 0, 1, 1, 1, 
193.589778, 0.1, 0.1, 0.11515313, 0.18926336, -0.0199673728, 0.90020574, 1.15759744e-005, 0.435464838, 0.435464838, -1.18627896e-005, -0.90020574, -5.25493082e-006, 1, -1.57198811e-005, 0.900205816, -1.80193782e-005, 0.435464681, 0.435464681, 3.14378681e-006, -0.900205816, 1.48521409e-005, 1, 1.06768579e-005, 0.0909714355, -0.0209963623, -0.168079297, 0, 0, 0, 0, 0, 0, 0, 0.156210693, 0.0213716797, -0.142639355, 0, 0, 0, 0, 0, 0, 0, 1, 1, 1, 
193.590498, 0.1, 0.1, 0.115153112, 0.189263318, -0.0199688842, 0.900205425, -2.96684311e-005, 0.435465488, 0.435465488, 4.08122474e-006, -0.900205426, 2.49304501e-005, 1, 1.65935185e-005, 0.900205473, -9.23527637e-006, 0.435465391, 0.435465391, -1.69377621e-005, -0.900205473, 1.56894555e-005, 1, -1.12258229e-005, 0.0909714355, -0.0209963623, -0.168079297, 0, 0, 0, 0, 0, 0, 0, 0.156210693, 0.0213716797, -0.142639355, 0, 0, 0, 0, 0, 0, 0, 1, 1, 1, 
193.591215, 0.1, 0.1, 0.115153097, 0.18926327, -0.019970103, 0.90020533, 1.93304285e-005, 0.435465685, 0.435465685, -8.6542466e-007, -0.90020533, -1.70244921e-005, 1, -9.1967982e-006, 0.900205329, 9.10829952e-006, 0.435465688, 0.435465687, 2.1364066e-005, -0.900205329, -1.75026575e-005, 1, 1.52656942e-005, 0.0913484619, -0.0236541504, -0.167431763, 0, 0, 0, 0, 0, 0, 0, 0.156254346, 0.0184187012, -0.14239292, 0, 0, 0, 0, 0, 0, 0, 1, 1, 1, 
193.591923, 0.1, 0.1, 0.115153081, 0.189263229, -0.0199709541, 0.900205464, -1.54764142e-005, 0.43546541, 0.43546541, 1.11113409e-005, -0.900205464, 9.093348e-006, 1, 1.67419329e-005, 0.900205426, -1.45524984e-005, 0.435465489, 0.435465488, -1.4527867e-005, -0.900205426, 1.94266227e-005, 1, -6.74095386e-006, 0.0913484619, -0.0236541504, -0.167431763, 0, 0, 0, 0, 0, 0, 0, 0.156254346, 0.0184187012, -0.14239292, 0, 0, 0, 0, 0, 0, 0, 1, 1, 1, 
193.592631, 0.1, 0.1, 0.115153064, 0.189263182, -0.0199712052, 0.900205735, -7.84409728e-007, 0.43546485, 0.43546485, -1.6387448e-005, -0.900205734, 7.84228771e-006, 1, -1.44104918e-005, 0.900205678, 4.49213769e-006, 0.435464967, 0.435464967, 1.34937119e-005, -0.900205678, -9.91988668e-006, 1, 1.01909475e-005, 0.0913484619, -0.0236541504, -0.167431763, 0, 0, 0, 0, 0, 0, 0, 0.156254346, 0.0184187012, -0.14239292, 0, 0, 0, 0, 0, 0, 0, 1, 1, 1, 
193.593353, 0.1, 0.1, 0.115153047, 0.189263142, -0.0199707375, 0.900205961, 1.46761304e-005, 0.435464382, 0.435464382, 2.09600286e-005, -0.900205961, -2.2338886e-005, 1, 1.24774107e-005, 0.900205932, 1.77560034e-005, 0.435464442, 0.435464442, -3.88153469e-006, -0.900205932, -1.42937893e-005, 1, -1.12262887e-005, 0.0913484619, -0.0236541504, -0.167431763, 0, 0, 0, 0, 0, 0, 0, 0.156352686, 0.0156940918, -0.141971582, 0, 0, 0, 0, 0, 0, 0, 1, 1, 1, 
193.594058, 0.1, 0.1, 0.115153032, 0.189263098, -0.0199697521, 0.900205991, -8.2430009e-006, 0.43546432, 0.43546432, -2.56503735e-005, -0.90020599, 1.85902212e-005, 1, -1.95010871e-005, 0.900206004, -1.98782248e-005, 0.435464293, 0.435464293, -3.66640853e-006, -0.900206004, 1.94910873e-005, 1, 5.35573416e-006, 0.0913484619, -0.0236541504, -0.167431763, 0, 0, 0, 0, 0, 0, 0, 0.156352686, 0.0156940918, -0.141971582, 0, 0, 0, 0, 0, 0, 0, 1, 1, 1, 
193.594764, 0.1, 0.1, 0.115153013, 0.189263059, -0.019968663, 0.900205801, 3.95553932e-007, 0.435464712, 0.435464712, 1.53646942e-005, -0.900205801, -7.04686209e-006, 1, 1.36591371e-005, 0.90020585, 2.22397356e-005, 0.43546461, 0.43546461, -3.31543321e-006, -0.900205851, -1.85765863e-005, 1, -1.26691901e-005, 0.0913484619, -0.0236541504, -0.167431763, 0, 0, 0, 0, 0, 0, 0, 0.156352686, 0.0156940918, -0.141971582, 0, 0, 0, 0, 0, 0, 0, 1, 1, 1, 
193.595486, 0.1, 0.1, 0.115153001, 0.189263016, -0.0199677092, 0.900205459, 1.53601825e-005, 0.435465419, 0.435465419, -1.40253275e-005, -0.900205459, -7.71977497e-006, 1, -1.93145047e-005, 0.900205529, -1.43780057e-005, 0.435465275, 0.435465276, 9.81156376e-007, -0.900205529, 1.25159007e-005, 1, 7.14436459e-006, 0.0917925049, -0.0262860596, -0.166990503, 0, 0, 0, 0, 0, 0, 0, 0.156352686, 0.0156940918, -0.141971582, 0, 0, 0, 0, 0, 0, 0, 1, 1, 1, 
193.596188, 0.1, 0.1, 0.115152984, 0.189262978, -0.0199672072, 0.90020518, -2.75734664e-005, 0.435465995, 0.435465995, 3.40772931e-006, -0.90020518, 2.33378271e-005, 1, 1.50749626e-005, 0.900205219, -7.60587659e-006, 0.435465916, 0.435465916, -1.74535255e-005, -0.900205219, 1.44472653e-005, 1, -1.23996547e-005, 0.0917925049, -0.0262860596, -0.166990503, 0, 0, 0, 0, 0, 0, 0, 0.156352686, 0.0156940918, -0.141971582, 0, 0, 0, 0, 0, 0, 0, 1, 1, 1, 
193.596894, 0.1, 0.1, 0.11515297, 0.189262934, -0.0199673353, 0.900205118, 2.56387138e-005, 0.435466123, 0.435466124, -2.75558421e-006, -0.900205118, -2.18801378e-005, 1, -1.36453823e-005, 0.90020511, 1.49051957e-005, 0.43546614, 0.43546614, 2.11343681e-005, -0.90020511, -2.26210351e-005, 1, 1.25345581e-005, 0.0917925049, -0.0262860596, -0.166990503, 0, 0, 0, 0, 0, 0, 0, 0.156352686, 0.0156940918, -0.141971582, 0, 0, 0, 0, 0, 0, 0, 1, 1, 1, 
193.597608, 0.1, 0.1, 0.115152955, 0.189262897, -0.019967981, 0.900205301, -1.55586542e-005, 0.435465747, 0.435465747, 1.26289729e-005, -0.9002053, 8.5064979e-006, 1, 1.81439293e-005, 0.900205252, -1.40995869e-005, 0.435465848, 0.435465848, -1.59374605e-005, -0.900205252, 1.96327419e-005, 1, -8.2070971e-006, 0.0917925049, -0.0262860596, -0.166990503, 0, 0, 0, 0, 0, 0, 0, 0.156352686, 0.0156940918, -0.141971582, 0, 0, 0, 0, 0, 0, 0, 1, 1, 1, 
193.598342, 0.1, 0.1, 0.115152938, 0.189262851, -0.0199686096, 0.900205649, 4.00693855e-007, 0.435465027, 0.435465027, -1.39636905e-005, -0.900205649, 5.71999198e-006, 1, -1.27446812e-005, 0.900205578, 6.52726792e-006, 0.435465173, 0.435465173, 1.92229638e-005, -0.900205578, -1.42468143e-005, 1, 1.44622214e-005, 0.092217627, -0.0291541504, -0.166570972, 0, 0, 0, 0, 0, 0, 0, 0.156220703, 0.0125681641, -0.141508252, 0, 0, 0, 0, 0, 0, 0, 1, 1, 1, 
193.599048, 0.1, 0.1, 0.115152922, 0.189262815, -0.0199692837, 0.900205927, 1.52109104e-005, 0.435464452, 0.435464452, 2.03648189e-005, -0.900205927, -2.25611064e-005, 1, 1.17087199e-005, 0.900205888, 1.83499352e-005, 0.435464532, 0.435464532, -5.03483685e-006, -0.900205888, -1.43262268e-005, 1, -1.25231357e-005, 0.092217627, -0.0291541504, -0.166570972, 0, 0, 0, 0, 0, 0, 0, 0.156220703, 0.0125681641, -0.141508252, 0, 0, 0, 0, 0, 0, 0, 1, 1, 1, 
193.599762, 0.1, 0.1, 0.115152909, 0.189262774, -0.0199698237, 0.900206002, -1.01365708e-005, 0.435464298, 0.435464298, -2.54335942e-005, -0.900206001, 2.02004241e-005, 1, -1.84813595e-005, 0.900206007, -2.14941482e-005, 0.435464287, 0.435464287, -3.40048357e-006, -0.900206007, 2.08299505e-005, 1, 6.29879818e-006, 0.092217627, -0.0291541504, -0.166570972, 0, 0, 0, 0, 0, 0, 0, 0.156220703, 0.0125681641, -0.141508252, 0, 0, 0, 0, 0, 0, 0, 1, 1, 1, 
193.60047, 0.1, 0.1, 0.115152891, 0.189262738, -0.0199701155, 0.900205848, 2.26362364e-006, 0.435464615, 0.435464615, 1.18011202e-005, -0.900205848, -7.17669752e-006, 1, 9.63770945e-006, 0.90020589, 2.24213276e-005, 0.435464528, 0.435464528, -5.80817899e-006, -0.90020589, -1.76545553e-005, 1, -1.49922498e-005, 0.092217627, -0.0291541504, -0.166570972, 0, 0, 0, 0, 0, 0, 0, 0.156220703, 0.0125681641, -0.141508252, 0, 0, 0, 0, 0, 0, 0, 1, 1, 1, 
193.601175, 0.1, 0.1, 0.11515288, 0.189262699, -0.01997011, 0.900205557, 1.52014479e-005, 0.435465217, 0.435465218, -1.39319305e-005, -0.900205557, -7.61755669e-006, 1, -1.9161303e-005, 0.900205616, -1.22100368e-005, 0.435465094, 0.435465094, -2.93935976e-007, -0.900205616, 1.11195426e-005, 1, 5.05244202e-006, 0.092217627, -0.0291541504, -0.166570972, 0, 0, 0, 0, 0, 0, 0, 0.156220703, 0.0125681641, -0.141508252, 0, 0, 0, 0, 0, 0, 0, 1, 1, 1, 
193.601882, 0.1, 0.1, 0.115152864, 0.189262665, -0.0199698332, 0.900205313, -2.30846998e-005, 0.435465721, 0.435465721, 2.5684216e-006, -0.900205313, 1.96625099e-005, 1, 1.23647022e-005, 0.900205346, -4.58431229e-006, 0.435465654, 0.435465654, -1.68764107e-005, -0.900205346, 1.14759196e-005, 1, -1.31959245e-005, 0.092217627, -0.0291541504, -0.166570972, 0, 0, 0, 0, 0, 0, 0, 0.156220703, 0.0125681641, -0.141508252, 0, 0, 0, 0, 0, 0, 0, 1, 1, 1, 
193.602599, 0.1, 0.1, 0.11515285, 0.189262624, -0.0199693635, 0.900205272, 2.64349421e-005, 0.435465806, 0.435465807, -4.78699768e-006, -0.900205272, -2.17123004e-005, 1, -1.58207939e-005, 0.90020526, 1.59864065e-005, 0.435465831, 0.435465831, 1.92674868e-005, -0.90020526, -2.27813794e-005, 1, 1.03831592e-005, 0.092217627, -0.0291541504, -0.166570972, 0, 0, 0, 0, 0, 0, 0, 0.156220703, 0.0125681641, -0.141508252, 0, 0, 0, 0, 0, 0, 0, 1, 1, 1, 
193.603319, 0.1, 0.1, 0.115152836, 0.18926259, -0.0199685955, 0.900205464, -1.49217465e-005, 0.435465409, 0.435465409, 1.29220973e-005, -0.900205464, 7.80551138e-006, 1, 1.81304471e-005, 0.900205413, -1.32457452e-005, 0.435465515, 0.435465514, -1.59478584e-005, -0.900205413, 1.88686339e-005, 1, -8.5882832e-006, 0.0926320068, -0.0315757568, -0.165702393, 0, 0, 0, 0, 0, 0, 0, 0.156045996, 0.00984526367, -0.141235205, 0, 0, 0, 0, 0, 0, 0, 1, 1, 1, 
193.604024, 0.1, 0.1, 0.115152822, 0.189262549, -0.0199680696, 0.900205799, -2.18511095e-006, 0.435464717, 0.435464717, -1.52122808e-005, -0.900205799, 8.5914611e-006, 1, -1.27426447e-005, 0.90020573, 4.20425881e-006, 0.435464859, 0.435464859, 1.74177465e-005, -0.90020573, -1.13695144e-005, 1, 1.38487482e-005, 0.0926320068, -0.0315757568, -0.165702393, 0, 0, 0, 0, 0, 0, 0, 0.156045996, 0.00984526367, -0.141235205, 0, 0, 0, 0, 0, 0, 0, 1, 1, 1, 
193.604728, 0.1, 0.1, 0.115152807, 0.189262516, -0.0199679386, 0.900206075, 1.23083989e-005, 0.435464146, 0.435464146, 2.44288496e-005, -0.900206075, -2.17179835e-005, 1, 1.66311324e-005, 0.900206036, 1.57089686e-005, 0.435464226, 0.435464226, -2.90655496e-006, -0.900206036, -1.28756076e-005, 1, -9.45719216e-006, 0.0926320068, -0.0315757568, -0.165702393, 0, 0, 0, 0, 0, 0, 0, 0.156045996, 0.00984526367, -0.141235205, 0, 0, 0, 0, 0, 0, 0, 1, 1, 1, 
193.605433, 0.1, 0.1, 0.115152796, 0.189262477, -0.019968223, 0.90020614, -1.29866959e-005, 0.435464012, 0.435464012, -2.28584037e-005, -0.90020614, 2.16447156e-005, 1, -1.49220367e-005, 0.900206147, -2.51366979e-005, 0.435463996, 0.435463996, 2.71870132e-007, -0.900206147, 2.25098203e-005, 1, 1.11908661e-005, 0.0926320068, -0.0315757568, -0.165702393, 0, 0, 0, 0, 0, 0, 0, 0.156045996, 0.00984526367, -0.141235205, 0, 0, 0, 0, 0, 0, 0, 1, 1, 1, 
193.606137, 0.1, 0.1, 0.11515278, 0.189262444, -0.0199687982, 0.900205969, 1.52175588e-006, 0.435464365, 0.435464365, 1.55919068e-005, -0.900205969, -8.15961351e-006, 1, 1.33732571e-005, 0.900206015, 2.22340745e-005, 0.435464269, 0.43546427, -2.64530637e-006, -0.900206015, -1.88633112e-005, 1, -1.20634657e-005, 0.0926320068, -0.0315757568, -0.165702393, 0, 0, 0, 0, 0, 0, 0, 0.156045996, 0.00984526367, -0.141235205, 0, 0, 0, 0, 0, 0, 0, 1, 1, 1, 
193.606845, 0.1, 0.1, 0.11515277, 0.189262407, -0.0199694435, 0.900205653, 1.482661e-005, 0.435465018, 0.435465019, -1.17229135e-005, -0.900205653, -8.24207935e-006, 1, -1.7009503e-005, 0.900205718, -1.37217177e-005, 0.435464884, 0.435464884, 2.69071363e-006, -0.900205718, 1.11806575e-005, 1, 8.397522e-006, 0.0926320068, -0.0315757568, -0.165702393, 0, 0, 0, 0, 0, 0, 0, 0.156045996, 0.00984526367, -0.141235205, 0, 0, 0, 0, 0, 0, 0, 1, 1, 1, 
193.60758, 0.1, 0.1, 0.115152754, 0.189262374, -0.0199698473, 0.900205382, -2.50786812e-005, 0.435465577, 0.435465578, 4.46125944e-006, -0.900205382, 2.06332389e-005, 1, 1.49369522e-005, 0.90020542, -5.36406799e-006, 0.435465499, 0.435465499, -1.61491198e-005, -0.90020542, 1.18611476e-005, 1, -1.22016587e-005, 0.093109375, -0.0344213867, -0.165061816, 0, 0, 0, 0, 0, 0, 0, 0.156045996, 0.00984526367, -0.141235205, 0, 0, 0, 0, 0, 0, 0, 1, 1, 1, 
193.608293, 0.1, 0.1, 0.115152742, 0.189262336, -0.0199697805, 0.900205328, 2.52176837e-005, 0.435465691, 0.435465691, -3.74150097e-006, -0.900205328, -2.10717979e-005, 1, -1.43495552e-005, 0.900205319, 1.47385455e-005, 0.435465709, 0.435465709, 1.9757574e-005, -0.900205319, -2.18714631e-005, 1, 1.1367742e-005, 0.093109375, -0.0344213867, -0.165061816, 0, 0, 0, 0, 0, 0, 0, 0.156194141, 0.00668759766, -0.140380811, 0, 0, 0, 0, 0, 0, 0, 1, 1, 1, 
193.609003, 0.1, 0.1, 0.115152729, 0.189262305, -0.019969443, 0.900205501, -1.31605776e-005, 0.435465333, 0.435465334, 1.17633998e-005, -0.9002055, 6.72467157e-006, 1, 1.63204525e-005, 0.900205454, -1.18287345e-005, 0.43546543, 0.43546543, -1.56894461e-005, -0.900205454, 1.74805027e-005, 1, -8.97271999e-006, 0.093109375, -0.0344213867, -0.165061816, 0, 0, 0, 0, 0, 0, 0, 0.156194141, 0.00668759766, -0.140380811, 0, 0, 0, 0, 0, 0, 0, 1, 1, 1, 
193.609709, 0.1, 0.1, 0.115152716, 0.189262267, -0.0199690326, 0.900205813, -1.89323658e-007, 0.435464687, 0.435464687, -1.70108621e-005, -0.900205813, 7.57805999e-006, 1, -1.52308332e-005, 0.900205749, 6.30669508e-006, 0.43546482, 0.43546482, 1.48511115e-005, -0.900205749, -1.21444597e-005, 1, 1.06227121e-005, 0.093109375, -0.0344213867, -0.165061816, 0, 0, 0, 0, 0, 0, 0, 0.156194141, 0.00668759766, -0.140380811, 0, 0, 0, 0, 0, 0, 0, 1, 1, 1, 
193.610437, 0.1, 0.1, 0.115152701, 0.189262237, -0.0199684278, 0.900206082, 1.24173931e-005, 0.435464132, 0.435464131, 2.12585376e-005, -0.900206082, -2.04355434e-005, 1, 1.37297355e-005, 0.900206047, 1.61694485e-005, 0.435464204, 0.435464204, -5.40095743e-006, -0.900206047, -1.22039117e-005, 1, -1.19031906e-005, 0.0936050537, -0.0372717773, -0.164247437, 0, 0, 0, 0, 0, 0, 0, 0.156130273, 0.00355019531, -0.139752588, 0, 0, 0, 0, 0, 0, 0, 1, 1, 1, 
193.611143, 0.1, 0.1, 0.115152692, 0.189262202, -0.0199680999, 0.900206132, -1.43648337e-005, 0.435464027, 0.435464027, -2.55400089e-005, -0.900206132, 2.40530665e-005, 1, -1.67359043e-005, 0.900206143, -2.63393156e-005, 0.435464006, 0.435464006, -2.60871196e-006, -0.900206143, 2.48468138e-005, 1, 9.12144533e-006, 0.0936050537, -0.0372717773, -0.164247437, 0, 0, 0, 0, 0, 0, 0, 0.156130273, 0.00355019531, -0.139752588, 0, 0, 0, 0, 0, 0, 0, 1, 1, 1, 
193.611849, 0.1, 0.1, 0.115152677, 0.189262172, -0.0199681025, 0.900205948, -7.75534145e-007, 0.435464409, 0.435464409, 1.54379441e-005, -0.900205948, -6.02453477e-006, 1, 1.42350467e-005, 0.900205996, 2.03594871e-005, 0.435464309, 0.435464309, -3.28479651e-006, -0.900205996, -1.68973207e-005, 1, -1.18228235e-005, 0.0936050537, -0.0372717773, -0.164247437, 0, 0, 0, 0, 0, 0, 0, 0.156130273, 0.00355019531, -0.139752588, 0, 0, 0, 0, 0, 0, 0, 1, 1, 1, 
193.612557, 0.1, 0.1, 0.115152668, 0.189262138, -0.0199684382, 0.900205616, 1.28187596e-005, 0.435465096, 0.435465096, -1.15858583e-005, -0.900205615, -6.49428243e-006, 1, -1.60117771e-005, 0.900205683, -1.65219072e-005, 0.435464955, 0.435464956, 3.01869103e-006, -0.900205683, 1.35585806e-005, 1, 9.91215439e-006, 0.0936050537, -0.0372717773, -0.164247437, 0, 0, 0, 0, 0, 0, 0, 0.156130273, 0.00355019531, -0.139752588, 0, 0, 0, 0, 0, 0, 0, 1, 1, 1, 
193.613263, 0.1, 0.1, 0.115152655, 0.189262109, -0.0199689885, 0.900205339, -2.41797558e-005, 0.435465667, 0.435465668, 3.11427062e-006, -0.900205339, 2.04105873e-005, 1, 1.33329365e-005, 0.900205378, -5.86944836e-006, 0.435465588, 0.435465587, -1.62443481e-005, -0.900205378, 1.23575636e-005, 1, -1.20673068e-005, 0.0936050537, -0.0372717773, -0.164247437, 0, 0, 0, 0, 0, 0, 0, 0.156130273, 0.00355019531, -0.139752588, 0, 0, 0, 0, 0, 0, 0, 1, 1, 1, 
193.613968, 0.1, 0.1, 0.115152643, 0.189262074, -0.019969563, 0.900205268, 2.67191996e-005, 0.435465813, 0.435465814, -2.86084259e-006, -0.900205268, -2.28069651e-005, 1, -1.42106435e-005, 0.900205263, 1.64107231e-005, 0.435465825, 0.435465825, 1.95610325e-005, -0.900205263, -2.32911805e-005, 1, 1.04626353e-005, 0.0936050537, -0.0372717773, -0.164247437, 0, 0, 0, 0, 0, 0, 0, 0.156130273, 0.00355019531, -0.139752588, 0, 0, 0, 0, 0, 0, 0, 1, 1, 1, 
193.614692, 0.1, 0.1, 0.11515263, 0.189262045, -0.0199699514, 0.900205431, -1.08655866e-005, 0.435465478, 0.435465478, 1.39167666e-005, -0.900205431, 3.72098863e-006, 1, 1.72595367e-005, 0.900205383, -9.47766512e-006, 0.435465577, 0.435465576, -1.52181564e-005, -0.900205383, 1.51588284e-005, 1, -9.57226941e-006, 0.0936050537, -0.0372717773, -0.164247437, 0, 0, 0, 0, 0, 0, 0, 0.156130273, 0.00355019531, -0.139752588, 0, 0, 0, 0, 0, 0, 0, 1, 1, 1, 
193.615409, 0.1, 0.1, 0.115152617, 0.189262008, -0.0199697732, 0.90020574, 2.91076404e-006, 0.435464839, 0.435464839, -1.36560769e-005, -0.90020574, 3.32645481e-006, 1, -1.35608142e-005, 0.900205677, 9.25199062e-006, 0.435464968, 0.435464968, 1.76790575e-005, -0.900205677, -1.60273047e-005, 1, 1.18858701e-005, 0.0940390869, -0.0396899658, -0.163370068, 0, 0, 0, 0, 0, 0, 0, 0.156217139, 0.000800683593, -0.139069678, 0, 0, 0, 0, 0, 0, 0, 1, 1, 1, 
193.616112, 0.1, 0.1, 0.115152604, 0.189261981, -0.0199694839, 0.900205993, 1.47620946e-005, 0.435464316, 0.435464315, 2.21645848e-005, -0.900205993, -2.29408118e-005, 1, 1.35243266e-005, 0.900205957, 1.84997982e-005, 0.435464389, 0.435464389, -3.5535535e-006, -0.900205957, -1.51061826e-005, 1, -1.12549334e-005, 0.0940390869, -0.0396899658, -0.163370068, 0, 0, 0, 0, 0, 0, 0, 0.156217139, 0.000800683593, -0.139069678, 0, 0, 0, 0, 0, 0, 0, 1, 1, 1, 
