time, realDorsalTactorPos, realVentralTactorPos, boxPosX, boxPosY, boxPosZ, boxLocalRot_11, boxLocalRot_12, boxLocalRot_13, boxLocalRot_21, boxLocalRot_22, boxLocalRot_23, boxLocalRot_31, boxLocalRot_32, boxLocalRot_33, boxGlobalRot_11, boxGlobalRot_12, boxGlobalRot_13], boxGlobalRot_21, boxGlobalRot_22, boxGlobalRot_23, boxGlobalRot_31, boxGlobalRot_32, boxGlobalRot_33, indexPosX, indexPosY, indexPosZ, indexContact, indexForceX, indexForceY, indexForceZ, indexForceGlobalX, indexForceGlobalY, indexForceGlobalZ, thumbPosX, thumbPosY, thumbPosZ, thumbContact, thumbForceX, thumbForceY, thumbForceZ, thumbForceGlobalX, thumbForceGlobalY, thumbForceGlobalZ, hoopSuccess, targetSuccess, trialSuccess, 
170.87869, 0.1, 0.1, 0.10575287, 0.18819992, -0.0199665778, 0.896366023, 2.00376562e-005, 0.443314733, 0.443314733, 2.44928283e-005, -0.896366023, -2.88191059e-005, 0.999999999, 1.30715509e-005, 0.896366114, 1.59253997e-005, 0.44331455, 0.44331455, -3.06754872e-007, -0.896366114, -1.41389998e-005, 1, -7.33492609e-006, 0.0839608643, 0.0406851074, -0.139807861, 0, 0, 0, 0, 0, 0, 0, 0.158637549, 0.0834683594, -0.106522559, 0, 0, 0, 0, 0, 0, 0, 1, 1, 1, 
170.926233, 0.1, 0.1, 0.105752407, 0.188199728, -0.0199677363, 0.896363167, 1.1843627e-005, 0.443320508, 0.443320508, -4.431686e-006, -0.896363167, -8.65153374e-006, 1, -9.22292285e-006, 0.896363153, 9.7073637e-006, 0.443320536, 0.443320536, -2.83174848e-005, -0.896363153, 3.85239939e-006, 1, -2.96862236e-005, 0.0891179199, 0.00873151855, -0.140396655, 0, 0, 0, 0, 0, 0, 0, 0.161680078, 0.0532554199, -0.108446338, 0, 0, 0, 0, 0, 0, 0, 1, 1, 1, 
170.926945, 0.1, 0.1, 0.105752404, 0.18819972, -0.0199660997, 0.896363125, 1.45956256e-006, 0.443320592, 0.443320592, 1.54184141e-005, -0.896363125, -8.14359855e-006, 1, 1.31734438e-005, 0.896363128, -6.61439624e-006, 0.443320588, 0.443320588, 3.27422736e-005, -0.896363127, -8.58642306e-006, 0.999999999, 3.22812648e-005, 0.0891179199, 0.00873151855, -0.140396655, 0, 0, 0, 0, 0, 0, 0, 0.161680078, 0.0532554199, -0.108446338, 0, 0, 0, 0, 0, 0, 0, 1, 1, 1, 
170.927687, 0.1, 0.1, 0.105752397, 0.188199724, -0.0199651694, 0.896363098, 2.01682015e-006, 0.443320647, 0.443320647, -1.70387334e-005, -0.896363098, 5.74581916e-006, 1, -1.61669899e-005, 0.896363112, 2.06143187e-005, 0.443320619, 0.443320619, -2.85449613e-005, -0.896363112, -5.823345e-006, 0.999999999, -3.47254029e-005, 0.0895600098, 0.00607910156, -0.140292651, 0, 0, 0, 0, 0, 0, 0, 0.162030713, 0.0506570312, -0.108388135, 0, 0, 0, 0, 0, 0, 0, 1, 1, 1, 
170.928406, 0.1, 0.1, 0.105752395, 0.188199718, -0.0199654032, 0.896363126, -1.00983821e-005, 0.44332059, 0.44332059, 3.67705849e-006, -0.896363126, 7.42170159e-006, 1, 7.77280035e-006, 0.896363127, -1.83356554e-005, 0.443320588, 0.443320588, 2.00296084e-005, -0.896363127, 7.55586768e-006, 1, 2.6082376e-005, 0.0895600098, 0.00607910156, -0.140292651, 0, 0, 0, 0, 0, 0, 0, 0.162030713, 0.0506570312, -0.108388135, 0, 0, 0, 0, 0, 0, 0, 1, 1, 1, 
170.929114, 0.1, 0.1, 0.105752388, 0.188199722, -0.0199666688, 0.89636314, 1.157794e-005, 0.443320563, 0.443320563, -1.19562463e-005, -0.89636314, -5.07758877e-006, 1, -1.58498774e-005, 0.896363129, 9.8628619e-006, 0.443320585, 0.443320585, -3.2974476e-005, -0.896363128, 5.77755826e-006, 0.999999999, -3.39295142e-005, 0.0895600098, 0.00607910156, -0.140292651, 0, 0, 0, 0, 0, 0, 0, 0.162030713, 0.0506570312, -0.108388135, 0, 0, 0, 0, 0, 0, 0, 1, 1, 1, 
170.929843, 0.1, 0.1, 0.105752385, 0.188199715, -0.0199683775, 0.896363095, -1.57169459e-006, 0.443320653, 0.443320653, 1.44627914e-005, -0.896363095, -5.00284509e-006, 1, 1.36606771e-005, 0.896363098, -8.68376207e-006, 0.443320647, 0.443320647, 2.92325097e-005, -0.896363098, -5.17557123e-006, 1, 3.0052634e-005, 0.0895600098, 0.00607910156, -0.140292651, 0, 0, 0, 0, 0, 0, 0, 0.162030713, 0.0506570312, -0.108388135, 0, 0, 0, 0, 0, 0, 0, 1, 1, 1, 
170.930561, 0.1, 0.1, 0.105752379, 0.188199718, -0.0199700941, 0.896363064, -5.35103936e-007, 0.443320717, 0.443320717, -1.10750415e-005, -0.896363064, 5.38944275e-006, 1, -9.69003549e-006, 0.896363077, 1.50058675e-005, 0.44332069, 0.44332069, -2.076312e-005, -0.896363077, -4.24598487e-006, 1, -2.52637057e-005, 0.0895600098, 0.00607910156, -0.140292651, 0, 0, 0, 0, 0, 0, 0, 0.162030713, 0.0506570312, -0.108388135, 0, 0, 0, 0, 0, 0, 0, 1, 1, 1, 
170.931301, 0.1, 0.1, 0.105752377, 0.188199712, -0.019971288, 0.896363077, -8.34942855e-006, 0.44332069, 0.44332069, 4.62305389e-006, -0.896363077, 5.43462402e-006, 1, 7.84540924e-006, 0.896363081, -1.68840983e-005, 0.443320682, 0.443320682, 2.11509374e-005, -0.896363081, 5.75763441e-006, 1, 2.64439894e-005, 0.0895600098, 0.00607910156, -0.140292651, 0, 0, 0, 0, 0, 0, 0, 0.162030713, 0.0506570312, -0.108388135, 0, 0, 0, 0, 0, 0, 0, 1, 1, 1, 
170.93202, 0.1, 0.1, 0.10575237, 0.188199715, -0.019971375, 0.896363075, 1.06082918e-005, 0.443320693, 0.443320694, -6.35223049e-006, -0.896363075, -6.69280583e-006, 1, -1.03967801e-005, 0.896363068, 8.92609176e-006, 0.443320708, 0.443320708, -2.58465859e-005, -0.896363067, 3.45730779e-006, 1, -2.71250464e-005, 0.0895600098, 0.00607910156, -0.140292651, 0, 0, 0, 0, 0, 0, 0, 0.162030713, 0.0506570312, -0.108388135, 0, 0, 0, 0, 0, 0, 0, 1, 1, 1, 
170.932758, 0.1, 0.1, 0.105752368, 0.188199708, -0.0199703359, 0.89636302, 1.97357645e-007, 0.443320805, 0.443320805, 1.22828579e-005, -0.89636302, -5.62215052e-006, 1, 1.09224068e-005, 0.896363025, -6.66745448e-006, 0.443320794, 0.443320794, 2.66551554e-005, -0.896363025, -5.84032501e-006, 1, 2.6848517e-005, 0.09003396, 0.00319794922, -0.140041943, 0, 0, 0, 0, 0, 0, 0, 0.162225977, 0.0480737793, -0.10838291, 0, 0, 0, 0, 0, 0, 0, 1, 1, 1, 
170.933481, 0.1, 0.1, 0.105752362, 0.188199711, -0.019968864, 0.896362979, -1.18334871e-006, 0.443320889, 0.443320889, -1.04835528e-005, -0.896362979, 5.7082879e-006, 1, -8.87246538e-006, 0.896362994, 1.53040416e-005, 0.443320858, 0.443320858, -2.08975191e-005, -0.896362994, -4.45367045e-006, 1, -2.55163637e-005, 0.09003396, 0.00319794922, -0.140041943, 0, 0, 0, 0, 0, 0, 0, 0.162225977, 0.0480737793, -0.10838291, 0, 0, 0, 0, 0, 0, 0, 1, 1, 1, 
170.934184, 0.1, 0.1, 0.10575236, 0.188199705, -0.0199675566, 0.89636299, -9.77431425e-006, 0.443320867, 0.443320867, 6.55752726e-006, -0.89636299, 5.85424488e-006, 1, 1.02110822e-005, 0.896362993, -1.78696656e-005, 0.44332086, 0.44332086, 2.22158554e-005, -0.896362993, 6.16895486e-006, 1, 2.78354662e-005, 0.09003396, 0.00319794922, -0.140041943, 0, 0, 0, 0, 0, 0, 0, 0.162225977, 0.0480737793, -0.10838291, 0, 0, 0, 0, 0, 0, 0, 1, 1, 1, 
170.934923, 0.1, 0.1, 0.105752352, 0.188199709, -0.0199664129, 0.896362982, 1.49587359e-005, 0.443320881, 0.443320881, -1.09218511e-005, -0.896362982, -8.56657246e-006, 1, -1.6421463e-005, 0.896362975, 1.33412844e-005, 0.443320896, 0.443320896, -3.2210268e-005, -0.896362974, 2.3208515e-006, 0.999999999, -3.47865618e-005, 0.09003396, 0.00319794922, -0.140041943, 0, 0, 0, 0, 0, 0, 0, 0.162225977, 0.0480737793, -0.10838291, 0, 0, 0, 0, 0, 0, 0, 1, 1, 1, 
170.935641, 0.1, 0.1, 0.105752349, 0.188199703, -0.019966133, 0.896362927, 3.50167703e-006, 0.443320994, 0.443320994, 1.25232205e-005, -0.896362927, -8.69058004e-006, 1, 9.67298366e-006, 0.896362931, -4.02116743e-006, 0.443320984, 0.443320984, 2.85073295e-005, -0.896362931, -9.03347195e-006, 1, 2.73355813e-005, 0.09003396, 0.00319794922, -0.140041943, 0, 0, 0, 0, 0, 0, 0, 0.162225977, 0.0480737793, -0.10838291, 0, 0, 0, 0, 0, 0, 0, 1, 1, 1, 
170.936366, 0.1, 0.1, 0.105752343, 0.188199706, -0.0199666898, 0.896362886, -6.88489791e-007, 0.443321075, 0.443321075, -1.17495829e-005, -0.896362886, 5.82597444e-006, 1, -1.0226668e-005, 0.896362904, 1.92464071e-005, 0.443321039, 0.44332104, -2.44869281e-005, -0.896362904, -6.39619495e-006, 1, -3.04815112e-005, 0.09003396, 0.00319794922, -0.140041943, 0, 0, 0, 0, 0, 0, 0, 0.162225977, 0.0480737793, -0.10838291, 0, 0, 0, 0, 0, 0, 0, 1, 1, 1, 
170.937086, 0.1, 0.1, 0.105752342, 0.188199699, -0.0199677772, 0.896362899, -1.18481867e-005, 0.443321049, 0.44332105, 9.24306022e-006, -0.896362899, 6.52263184e-006, 1, 1.35376868e-005, 0.896362903, -2.01608422e-005, 0.443321041, 0.443321041, 2.56885179e-005, -0.896362903, 6.68317053e-006, 0.999999999, 3.196396e-005, 0.09003396, 0.00319794922, -0.140041943, 0, 0, 0, 0, 0, 0, 0, 0.162225977, 0.0480737793, -0.10838291, 0, 0, 0, 0, 0, 0, 0, 1, 1, 1, 
170.937812, 0.1, 0.1, 0.105752336, 0.188199702, -0.019968873, 0.896362901, 9.48037004e-006, 0.443321045, 0.443321045, -8.12755308e-006, -0.896362901, -4.89473667e-006, 1, -1.14880846e-005, 0.896362893, 7.81000244e-006, 0.443321062, 0.443321062, -2.72489705e-005, -0.896362893, 5.07944616e-006, 1, -2.78873046e-005, 0.0904483398, 0.000962109375, -0.139749976, 0, 0, 0, 0, 0, 0, 0, 0.162565137, 0.0454453613, -0.10856626, 0, 0, 0, 0, 0, 0, 0, 1, 1, 1, 
170.938533, 0.1, 0.1, 0.105752334, 0.188199696, -0.0199698387, 0.896362858, -6.37102365e-007, 0.443321133, 0.443321133, 1.26092004e-005, -0.896362858, -5.01885011e-006, 1, 1.15848599e-005, 0.896362861, -7.48705937e-006, 0.443321127, 0.443321127, 2.69721179e-005, -0.896362861, -5.24618774e-006, 1, 2.74959764e-005, 0.0904483398, 0.000962109375, -0.139749976, 0, 0, 0, 0, 0, 0, 0, 0.162565137, 0.0454453613, -0.10856626, 0, 0, 0, 0, 0, 0, 0, 1, 1, 1, 
170.939251, 0.1, 0.1, 0.105752328, 0.188199699, -0.0199704631, 0.896362829, -2.23421194e-006, 0.443321192, 0.443321192, -1.0677991e-005, -0.896362828, 6.73644422e-006, 1, -8.58088067e-006, 0.896362842, 1.43926785e-005, 0.443321165, 0.443321165, -2.10812322e-005, -0.896362842, -3.55530585e-006, 1, -2.52770122e-005, 0.0904483398, 0.000962109375, -0.139749976, 0, 0, 0, 0, 0, 0, 0, 0.162565137, 0.0454453613, -0.10856626, 0, 0, 0, 0, 0, 0, 0, 1, 1, 1, 
170.939985, 0.1, 0.1, 0.105752327, 0.188199693, -0.0199703747, 0.896362847, -1.04123948e-005, 0.443321155, 0.443321155, 5.81877224e-006, -0.896362847, 6.75369899e-006, 1, 9.83176614e-006, 0.896362849, -1.84639406e-005, 0.443321151, 0.443321151, 2.12734614e-005, -0.896362849, 7.11941503e-006, 1, 2.72541959e-005, 0.0909351074, -0.00166650391, -0.139641211, 0, 0, 0, 0, 0, 0, 0, 0.162565137, 0.0454453613, -0.10856626, 0, 0, 0, 0, 0, 0, 0, 1, 1, 1, 
170.940702, 0.1, 0.1, 0.105752321, 0.188199696, -0.0199696517, 0.896362854, 9.50286832e-006, 0.44332114, 0.44332114, -8.28158796e-006, -0.896362854, -4.84661515e-006, 1, -1.16361302e-005, 0.896362845, 7.7362635e-006, 0.443321158, 0.443321158, -2.71759262e-005, -0.896362845, 5.11316392e-006, 1, -2.77891399e-005, 0.0909351074, -0.00166650391, -0.139641211, 0, 0, 0, 0, 0, 0, 0, 0.162697656, 0.0430501953, -0.108299707, 0, 0, 0, 0, 0, 0, 0, 1, 1, 1, 
170.941442, 0.1, 0.1, 0.105752319, 0.18819969, -0.0199686013, 0.896362814, 4.10364145e-006, 0.443321221, 0.443321221, 9.37287964e-006, -0.896362814, -7.83354805e-006, 1, 6.58226943e-006, 0.896362816, -3.18586239e-006, 0.443321218, 0.443321218, 2.47315281e-005, -0.896362816, -8.10832258e-006, 1, 2.35807826e-005, 0.0909351074, -0.00166650391, -0.139641211, 0, 0, 0, 0, 0, 0, 0, 0.162697656, 0.0430501953, -0.108299707, 0, 0, 0, 0, 0, 0, 0, 1, 1, 1, 
170.94215, 0.1, 0.1, 0.105752313, 0.188199694, -0.0199675835, 0.896362791, 5.69653132e-007, 0.443321269, 0.443321269, -1.35268743e-005, -0.896362791, 5.48613519e-006, 1, -1.23775261e-005, 0.896362803, 1.82862741e-005, 0.443321243, 0.443321244, -2.48934674e-005, -0.896362803, -5.35533299e-006, 1, -3.0420272e-005, 0.0909351074, -0.00166650391, -0.139641211, 0, 0, 0, 0, 0, 0, 0, 0.162697656, 0.0430501953, -0.108299707, 0, 0, 0, 0, 0, 0, 0, 1, 1, 1, 
170.942876, 0.1, 0.1, 0.105752312, 0.188199687, -0.0199668666, 0.896362828, -1.19355196e-005, 0.443321192, 0.443321192, 9.97183861e-006, -0.896362828, 6.27782873e-006, 1, 1.42296542e-005, 0.896362827, -1.99226253e-005, 0.443321195, 0.443321195, 2.58337982e-005, -0.896362827, 6.40523046e-006, 0.999999999, 3.19885785e-005, 0.0909351074, -0.00166650391, -0.139641211, 0, 0, 0, 0, 0, 0, 0, 0.162697656, 0.0430501953, -0.108299707, 0, 0, 0, 0, 0, 0, 0, 1, 1, 1, 
170.943593, 0.1, 0.1, 0.105752306, 0.18819969, -0.0199668488, 0.896362853, 8.66388111e-006, 0.443321142, 0.443321142, -6.52611149e-006, -0.896362853, -4.87281799e-006, 1, -9.69064559e-006, 0.89636284, 6.82614398e-006, 0.443321168, 0.443321168, -2.69908207e-005, -0.89636284, 5.84690039e-006, 1, -2.72197429e-005, 0.0909351074, -0.00166650391, -0.139641211, 0, 0, 0, 0, 0, 0, 0, 0.162697656, 0.0430501953, -0.108299707, 0, 0, 0, 0, 0, 0, 0, 1, 1, 1, 
170.944309, 0.1, 0.1, 0.105752305, 0.188199684, -0.0199674761, 0.896362828, -8.30515194e-007, 0.443321194, 0.443321194, 1.22489258e-005, -0.896362828, -4.68576548e-006, 1, 1.13476668e-005, 0.896362827, -8.87130657e-006, 0.443321196, 0.443321196, 2.91967417e-005, -0.896362826, -4.99162501e-006, 1, 3.01037121e-005, 0.0909351074, -0.00166650391, -0.139641211, 0, 0, 0, 0, 0, 0, 0, 0.162697656, 0.0430501953, -0.108299707, 0, 0, 0, 0, 0, 0, 0, 1, 1, 1, 
170.945028, 0.1, 0.1, 0.105752299, 0.188199687, -0.0199684167, 0.896362816, -1.19161094e-006, 0.443321217, 0.443321217, -1.49639876e-005, -0.896362816, 7.70196894e-006, 1, -1.28848957e-005, 0.896362826, 1.52589089e-005, 0.443321197, 0.443321197, -2.51755105e-005, -0.896362826, -2.51668122e-006, 1, -2.93309895e-005, 0.0914117432, -0.00408408203, -0.139299072, 0, 0, 0, 0, 0, 0, 0, 0.162697656, 0.0430501953, -0.108299707, 0, 0, 0, 0, 0, 0, 0, 1, 1, 1, 
170.945756, 0.1, 0.1, 0.105752298, 0.188199682, -0.0199691896, 0.896362862, -1.15451032e-005, 0.443321125, 0.443321125, 7.39340894e-006, -0.896362862, 7.07094736e-006, 1, 1.17453653e-005, 0.896362858, -1.9053837e-005, 0.443321132, 0.443321132, 2.20217765e-005, -0.896362858, 7.3164329e-006, 1, 2.81864711e-005, 0.0914117432, -0.00408408203, -0.139299072, 0, 0, 0, 0, 0, 0, 0, 0.162600098, 0.0404452148, -0.1084396, 0, 0, 0, 0, 0, 0, 0, 1, 1, 1, 
170.946476, 0.1, 0.1, 0.105752293, 0.188199684, -0.0199698545, 0.896362894, 9.0726844e-006, 0.44332106, 0.44332106, -7.56394347e-006, -0.896362894, -4.77916221e-006, 1, -1.08021503e-005, 0.896362881, 7.12299922e-006, 0.443321087, 0.443321087, -2.62149515e-005, -0.89636288, 5.23684871e-006, 1, -2.66558852e-005, 0.0914117432, -0.00408408203, -0.139299072, 0, 0, 0, 0, 0, 0, 0, 0.162600098, 0.0404452148, -0.1084396, 0, 0, 0, 0, 0, 0, 0, 1, 1, 1, 
170.947187, 0.1, 0.1, 0.105752291, 0.188199679, -0.0199701118, 0.896362877, 8.91904754e-007, 0.443321095, 0.443321095, 1.00062795e-005, -0.896362876, -5.23546509e-006, 1, 8.57385726e-006, 0.896362875, -6.19962491e-006, 0.443321099, 0.443321099, 2.47388539e-005, -0.896362874, -5.4101423e-006, 1, 2.49234147e-005, 0.0914117432, -0.00408408203, -0.139299072, 0, 0, 0, 0, 0, 0, 0, 0.162600098, 0.0404452148, -0.1084396, 0, 0, 0, 0, 0, 0, 0, 1, 1, 1, 
170.947919, 0.1, 0.1, 0.105752286, 0.188199683, -0.0199698749, 0.896362871, -9.18242272e-007, 0.443321106, 0.443321106, -1.46249614e-005, -0.896362871, 7.30663235e-006, 1, -1.27021962e-005, 0.896362881, 1.63314806e-005, 0.443321087, 0.443321087, -2.56626674e-005, -0.89636288, -3.26213138e-006, 1, -3.02431522e-005, 0.0914117432, -0.00408408203, -0.139299072, 0, 0, 0, 0, 0, 0, 0, 0.162600098, 0.0404452148, -0.1084396, 0, 0, 0, 0, 0, 0, 0, 1, 1, 1, 
170.948642, 0.1, 0.1, 0.105752285, 0.188199678, -0.0199691954, 0.896362912, -1.02310236e-005, 0.443321024, 0.443321024, 4.27923133e-006, -0.896362912, 7.27363689e-006, 1, 8.37137212e-006, 0.896362909, -1.77807026e-005, 0.443321028, 0.443321029, 1.87168311e-005, -0.896362909, 7.64039748e-006, 1, 2.46596326e-005, 0.0914117432, -0.00408408203, -0.139299072, 0, 0, 0, 0, 0, 0, 0, 0.162649854, 0.038229834, -0.108321582, 0, 0, 0, 0, 0, 0, 0, 1, 1, 1, 
170.949373, 0.1, 0.1, 0.105752279, 0.188199681, -0.0199684143, 0.89636294, 9.96307118e-006, 0.443320967, 0.443320967, -4.52441864e-006, -0.89636294, -6.92475813e-006, 1, -8.47235955e-006, 0.896362925, 7.92884864e-006, 0.443320997, 0.443320997, -2.78812657e-005, -0.896362925, 5.25322455e-006, 1, -2.85067579e-005, 0.0914117432, -0.00408408203, -0.139299072, 0, 0, 0, 0, 0, 0, 0, 0.162649854, 0.038229834, -0.108321582, 0, 0, 0, 0, 0, 0, 0, 1, 1, 1, 
170.950096, 0.1, 0.1, 0.105752277, 0.188199674, -0.0199676106, 0.896362916, 1.4289716e-006, 0.443321015, 0.443321015, 1.34824975e-005, -0.896362916, -7.25795163e-006, 1, 1.14517176e-005, 0.896362915, -6.79465825e-006, 0.443321018, 0.443321018, 3.07734415e-005, -0.896362914, -7.55203377e-006, 1, 3.05963866e-005, 0.0914117432, -0.00408408203, -0.139299072, 0, 0, 0, 0, 0, 0, 0, 0.162649854, 0.038229834, -0.108321582, 0, 0, 0, 0, 0, 0, 0, 1, 1, 1, 
170.950809, 0.1, 0.1, 0.105752272, 0.188199678, -0.0199671238, 0.896362909, 5.70895419e-007, 0.44332103, 0.44332103, -1.36900865e-005, -0.896362909, 5.55737379e-006, 1, -1.25243757e-005, 0.896362918, 1.78934208e-005, 0.443321011, 0.443321011, -2.46588894e-005, -0.896362918, -5.10719509e-006, 1, -3.00358435e-005, 0.0918389404, -0.00651252441, -0.138921045, 0, 0, 0, 0, 0, 0, 0, 0.162649854, 0.038229834, -0.108321582, 0, 0, 0, 0, 0, 0, 0, 1, 1, 1, 
170.95155, 0.1, 0.1, 0.105752271, 0.188199672, -0.0199670519, 0.896362953, -1.06055969e-005, 0.443320941, 0.443320941, 7.02962829e-006, -0.896362953, 6.39008272e-006, 1, 1.10027816e-005, 0.896362951, -1.86034525e-005, 0.443320945, 0.443320945, 2.26520513e-005, -0.89636295, 6.63331682e-006, 1, 2.85517597e-005, 0.0918389404, -0.00651252441, -0.138921045, 0, 0, 0, 0, 0, 0, 0, 0.162649854, 0.038229834, -0.108321582, 0, 0, 0, 0, 0, 0, 0, 1, 1, 1, 
170.952267, 0.1, 0.1, 0.105752265, 0.188199675, -0.0199674307, 0.89636298, 1.09524485e-005, 0.443320887, 0.443320887, -7.1708976e-006, -0.89636298, -6.63836071e-006, 1, -1.12831763e-005, 0.896362966, 9.04263416e-006, 0.443320915, 0.443320915, -2.86683733e-005, -0.896362965, 4.60380709e-006, 1, -2.97060569e-005, 0.0918389404, -0.00651252441, -0.138921045, 0, 0, 0, 0, 0, 0, 0, 0.162649854, 0.038229834, -0.108321582, 0, 0, 0, 0, 0, 0, 0, 1, 1, 1, 
170.953002, 0.1, 0.1, 0.105752264, 0.188199669, -0.0199679775, 0.89636295, -4.88102208e-007, 0.443320948, 0.443320948, 1.43928112e-005, -0.89636295, -5.94311794e-006, 1, 1.31175686e-005, 0.89636295, -7.97287728e-006, 0.443320947, 0.443320947, 3.00442972e-005, -0.896362949, -6.17267449e-006, 1, 3.04651383e-005, 0.0923297363, -0.00867963867, -0.138729639, 0, 0, 0, 0, 0, 0, 0, 0.162989258, 0.0358246582, -0.108233838, 0, 0, 0, 0, 0, 0, 0, 1, 1, 1, 
170.953725, 0.1, 0.1, 0.105752259, 0.188199672, -0.0199685618, 0.896362931, 3.18921976e-007, 0.443320985, 0.443320985, -1.3740295e-005, -0.896362931, 5.80549129e-006, 1, -1.24576759e-005, 0.896362942, 1.67822608e-005, 0.443320962, 0.443320962, -2.40453317e-005, -0.896362942, -4.38319707e-006, 1, -2.89932722e-005, 0.0923297363, -0.00867963867, -0.138729639, 0, 0, 0, 0, 0, 0, 0, 0.162989258, 0.0358246582, -0.108233838, 0, 0, 0, 0, 0, 0, 0, 1, 1, 1, 
170.954443, 0.1, 0.1, 0.105752258, 0.188199667, -0.019969199, 0.896362962, -1.00381132e-005, 0.443320923, 0.443320923, 5.54599617e-006, -0.896362962, 6.53913674e-006, 1, 9.42133116e-006, 0.896362961, -1.74892539e-005, 0.443320924, 0.443320924, 2.00282106e-005, -0.896362961, 6.79779457e-006, 1, 2.57058983e-005, 0.0923297363, -0.00867963867, -0.138729639, 0, 0, 0, 0, 0, 0, 0, 0.162989258, 0.0358246582, -0.108233838, 0, 0, 0, 0, 0, 0, 0, 1, 1, 1, 
170.955147, 0.1, 0.1, 0.105752253, 0.18819967, -0.0199697402, 0.896362978, 1.00450844e-005, 0.44332089, 0.44332089, -8.66135179e-006, -0.896362978, -5.16428359e-006, 1, -1.22169108e-005, 0.896362968, 8.34654776e-006, 0.443320911, 0.443320911, -2.73464582e-005, -0.896362967, 4.64172044e-006, 1, -2.82125516e-005, 0.0923297363, -0.00867963867, -0.138729639, 0, 0, 0, 0, 0, 0, 0, 0.162989258, 0.0358246582, -0.108233838, 0, 0, 0, 0, 0, 0, 0, 1, 1, 1, 
170.955867, 0.1, 0.1, 0.105752252, 0.188199665, -0.019969927, 0.896362942, -1.1315691e-007, 0.443320963, 0.443320963, 1.26039639e-005, -0.896362942, -5.48617177e-006, 1, 1.1347891e-005, 0.896362944, -7.04388818e-006, 0.44332096, 0.44332096, 2.70543828e-005, -0.896362943, -5.6798946e-006, 1, 2.73732495e-005, 0.0923297363, -0.00867963867, -0.138729639, 0, 0, 0, 0, 0, 0, 0, 0.162989258, 0.0358246582, -0.108233838, 0, 0, 0, 0, 0, 0, 0, 1, 1, 1, 
170.956586, 0.1, 0.1, 0.105752247, 0.188199668, -0.0199697908, 0.896362918, -1.29251456e-007, 0.443321012, 0.443321012, -1.19167392e-005, -0.896362918, 5.39879709e-006, 1, -1.06244232e-005, 0.89636293, 1.5713549e-005, 0.443320988, 0.443320988, -2.1903982e-005, -0.896362929, -4.3745479e-006, 1, -2.66000636e-005, 0.0923297363, -0.00867963867, -0.138729639, 0, 0, 0, 0, 0, 0, 0, 0.162989258, 0.0358246582, -0.108233838, 0, 0, 0, 0, 0, 0, 0, 1, 1, 1, 
170.957304, 0.1, 0.1, 0.105752246, 0.188199663, -0.0199694186, 0.896362941, -8.66356615e-006, 0.443320966, 0.443320966, 4.81897204e-006, -0.896362941, 5.6293483e-006, 1, 8.16028846e-006, 0.896362942, -1.67055283e-005, 0.443320963, 0.443320963, 2.03641172e-005, -0.896362942, 5.94637649e-006, 1, 2.56595509e-005, 0.0923297363, -0.00867963867, -0.138729639, 0, 0, 0, 0, 0, 0, 0, 0.162989258, 0.0358246582, -0.108233838, 0, 0, 0, 0, 0, 0, 0, 1, 1, 1, 
170.958033, 0.1, 0.1, 0.105752241, 0.188199666, -0.0199687694, 0.896362953, 1.06079686e-005, 0.44332094, 0.44332094, -6.92384562e-006, -0.896362953, -6.43910434e-006, 1, -1.09090133e-005, 0.896362942, 8.7785166e-006, 0.443320962, 0.443320962, -2.81803207e-005, -0.896362942, 4.62418991e-006, 1, -2.91514956e-005, 0.0928273682, -0.011304834, -0.138162915, 0, 0, 0, 0, 0, 0, 0, 0.162989258, 0.0358246582, -0.108233838, 0, 0, 0, 0, 0, 0, 0, 1, 1, 1, 
170.958748, 0.1, 0.1, 0.10575224, 0.18819966, -0.0199680439, 0.896362915, 9.83672113e-007, 0.443321018, 0.443321018, 1.29700319e-005, -0.896362915, -6.63161495e-006, 1, 1.11897731e-005, 0.896362917, -6.34133849e-006, 0.443321014, 0.443321014, 2.83184006e-005, -0.896362916, -6.87000141e-006, 1, 2.81948127e-005, 0.0928273682, -0.011304834, -0.138162915, 0, 0, 0, 0, 0, 0, 0, 0.163179639, 0.0332365234, -0.108180518, 0, 0, 0, 0, 0, 0, 0, 1, 1, 1, 
170.959467, 0.1, 0.1, 0.105752234, 0.188199664, -0.019967641, 0.896362888, -1.95229547e-007, 0.443321072, 0.443321072, -1.18773614e-005, -0.896362888, 5.44048112e-006, 1, -1.05598766e-005, 0.896362901, 1.68483757e-005, 0.443321046, 0.443321046, -2.25966721e-005, -0.896362901, -5.0846786e-006, 1, -2.77240581e-005, 0.0928273682, -0.011304834, -0.138162915, 0, 0, 0, 0, 0, 0, 0, 0.163179639, 0.0332365234, -0.108180518, 0, 0, 0, 0, 0, 0, 0, 1, 1, 1, 
170.960171, 0.1, 0.1, 0.105752234, 0.188199658, -0.0199676723, 0.896362913, -1.00961039e-005, 0.443321022, 0.443321022, 7.45567735e-006, -0.896362913, 5.74451461e-006, 1, 1.11588078e-005, 0.896362914, -1.79905176e-005, 0.44332102, 0.44332102, 2.29003006e-005, -0.896362913, 5.97384813e-006, 1, 2.85025548e-005, 0.0928273682, -0.011304834, -0.138162915, 0, 0, 0, 0, 0, 0, 0, 0.163179639, 0.0332365234, -0.108180518, 0, 0, 0, 0, 0, 0, 0, 1, 1, 1, 
170.960917, 0.1, 0.1, 0.105752228, 0.188199662, -0.0199677798, 0.896362926, 1.24367291e-005, 0.443320995, 0.443320995, -1.09030521e-005, -0.896362926, -6.31427095e-006, 1, -1.52865548e-005, 0.896362915, 1.07785173e-005, 0.443321017, 0.443321017, -3.09997147e-005, -0.896362915, 4.0813619e-006, 0.999999999, -3.25653379e-005, 0.0935482422, -0.0137020264, -0.137819434, 0, 0, 0, 0, 0, 0, 0, 0.163313867, 0.0308364746, -0.107882471, 0, 0, 0, 0, 0, 0, 0, 1, 1, 1, 
170.961632, 0.1, 0.1, 0.105752227, 0.188199657, -0.0199681475, 0.896362892, 1.69505319e-006, 0.443321064, 0.443321064, 1.13892452e-005, -0.896362892, -6.56847509e-006, 1, 9.45744398e-006, 0.896362893, -5.38214153e-006, 0.443321062, 0.443321062, 2.62459603e-005, -0.896362892, -6.81103506e-006, 1, 2.59119216e-005, 0.0935482422, -0.0137020264, -0.137819434, 0, 0, 0, 0, 0, 0, 0, 0.163313867, 0.0308364746, -0.107882471, 0, 0, 0, 0, 0, 0, 0, 1, 1, 1, 
170.962371, 0.1, 0.1, 0.105752222, 0.18819966, -0.019968683, 0.896362869, -3.34410191e-006, 0.443321111, 0.443321111, -1.0388939e-005, -0.896362869, 7.60316478e-006, 1, -7.82974822e-006, 0.896362883, 1.67468063e-005, 0.443321082, 0.443321082, -2.32578674e-005, -0.896362883, -4.70051267e-006, 1, -2.82717014e-005, 0.0935482422, -0.0137020264, -0.137819434, 0, 0, 0, 0, 0, 0, 0, 0.163313867, 0.0308364746, -0.107882471, 0, 0, 0, 0, 0, 0, 0, 1, 1, 1, 
170.963075, 0.1, 0.1, 0.105752222, 0.188199655, -0.0199690212, 0.896362895, -1.32018076e-005, 0.443321057, 0.443321057, 9.83273523e-006, -0.896362895, 7.47455194e-006, 1, 1.46663383e-005, 0.896362895, -2.07782189e-005, 0.443321057, 0.443321057, 2.44622741e-005, -0.896362895, 7.78018329e-006, 0.999999999, 3.11384968e-005, 0.0935482422, -0.0137020264, -0.137819434, 0, 0, 0, 0, 0, 0, 0, 0.163313867, 0.0308364746, -0.107882471, 0, 0, 0, 0, 0, 0, 0, 1, 1, 1, 
170.963791, 0.1, 0.1, 0.105752218, 0.188199657, -0.0199693239, 0.896362912, 8.15841038e-006, 0.443321023, 0.443321023, -6.91586273e-006, -0.896362912, -4.24694915e-006, 1, -9.8159177e-006, 0.896362902, 6.24021451e-006, 0.443321044, 0.443321044, -2.55272355e-005, -0.896362902, 5.72326391e-006, 1, -2.56480853e-005, 0.0935482422, -0.0137020264, -0.137819434, 0, 0, 0, 0, 0, 0, 0, 0.163313867, 0.0308364746, -0.107882471, 0, 0, 0, 0, 0, 0, 0, 1, 1, 1, 
170.964516, 0.1, 0.1, 0.105752217, 0.188199652, -0.0199694563, 0.896362881, 1.40952786e-006, 0.443321085, 0.443321085, 1.06930043e-005, -0.896362881, -6.00388273e-006, 1, 8.95993875e-006, 0.896362882, -5.76105442e-006, 0.443321084, 0.443321084, 2.56141237e-005, -0.896362882, -6.19128577e-006, 1, 2.55135467e-005, 0.0935482422, -0.0137020264, -0.137819434, 0, 0, 0, 0, 0, 0, 0, 0.163313867, 0.0308364746, -0.107882471, 0, 0, 0, 0, 0, 0, 0, 1, 1, 1, 
170.965233, 0.1, 0.1, 0.105752212, 0.188199656, -0.0199693618, 0.896362865, 9.27231215e-007, 0.443321119, 0.443321119, -1.42552547e-005, -0.896362865, 5.48851982e-006, 1, -1.31889421e-005, 0.896362875, 1.70943288e-005, 0.443321097, 0.443321098, -2.44873168e-005, -0.896362875, -4.46697759e-006, 1, -2.95277983e-005, 0.0935482422, -0.0137020264, -0.137819434, 0, 0, 0, 0, 0, 0, 0, 0.163313867, 0.0308364746, -0.107882471, 0, 0, 0, 0, 0, 0, 0, 1, 1, 1, 
170.965969, 0.1, 0.1, 0.105752212, 0.18819965, -0.0199687837, 0.896362907, -9.91530882e-006, 0.443321034, 0.443321034, 7.83784478e-006, -0.896362907, 5.41303359e-006, 1, 1.14212183e-005, 0.896362905, -1.76782452e-005, 0.443321038, 0.443321039, 2.28510727e-005, -0.896362904, 5.71576196e-006, 1, 2.83199919e-005, 0.0938469238, -0.0160781006, -0.137408813, 0, 0, 0, 0, 0, 0, 0, 0.163727734, 0.028469873, -0.10760127, 0, 0, 0, 0, 0, 0, 0, 1, 1, 1, 
170.966682, 0.1, 0.1, 0.105752207, 0.188199653, -0.0199682675, 0.896362935, 1.11437631e-005, 0.443320976, 0.443320976, -7.97702275e-006, -0.896362935, -6.45247471e-006, 1, -1.20905715e-005, 0.896362922, 9.32731807e-006, 0.443321002, 0.443321003, -2.75118048e-005, -0.896362922, 3.83589881e-006, 1, -2.87955578e-005, 0.0938469238, -0.0160781006, -0.137408813, 0, 0, 0, 0, 0, 0, 0, 0.163727734, 0.028469873, -0.10760127, 0, 0, 0, 0, 0, 0, 0, 1, 1, 1, 
170.967402, 0.1, 0.1, 0.105752206, 0.188199648, -0.0199679989, 0.896362913, 2.80171802e-006, 0.443321022, 0.443321022, 1.08478341e-005, -0.896362913, -7.32042903e-006, 1, 8.48153568e-006, 0.896362911, -4.66973735e-006, 0.443321025, 0.443321025, 2.66211872e-005, -0.896362911, -7.61595261e-006, 1, 2.59324376e-005, 0.0938469238, -0.0160781006, -0.137408813, 0, 0, 0, 0, 0, 0, 0, 0.163727734, 0.028469873, -0.10760127, 0, 0, 0, 0, 0, 0, 0, 1, 1, 1, 
170.968104, 0.1, 0.1, 0.105752201, 0.188199652, -0.0199680491, 0.896362903, 1.50495443e-006, 0.443321042, 0.443321042, -1.43915997e-005, -0.896362903, 5.03111366e-006, 1, -1.35672741e-005, 0.896362912, 1.83978768e-005, 0.443321022, 0.443321023, -2.5080053e-005, -0.896362912, -5.37265965e-006, 1, -3.06369949e-005, 0.0938469238, -0.0160781006, -0.137408813, 0, 0, 0, 0, 0, 0, 0, 0.163727734, 0.028469873, -0.10760127, 0, 0, 0, 0, 0, 0, 0, 1, 1, 1, 
170.96882, 0.1, 0.1, 0.105752201, 0.188199646, -0.0199683875, 0.896362945, -9.80143997e-006, 0.443320957, 0.443320957, 7.07660063e-006, -0.896362945, 5.64844224e-006, 1, 1.06883863e-005, 0.896362943, -1.73685307e-005, 0.443320962, 0.443320962, 2.20171672e-005, -0.896362942, 5.80783553e-006, 1, 2.74352065e-005, 0.0938469238, -0.0160781006, -0.137408813, 0, 0, 0, 0, 0, 0, 0, 0.163727734, 0.028469873, -0.10760127, 0, 0, 0, 0, 0, 0, 0, 1, 1, 1, 
170.969536, 0.1, 0.1, 0.105752196, 0.18819965, -0.0199688621, 0.896362974, 9.75036371e-006, 0.443320899, 0.443320899, -7.71165549e-006, -0.896362974, -5.32112697e-006, 1, -1.12349825e-005, 0.896362961, 8.09912846e-006, 0.443320925, 0.443320925, -2.70406e-005, -0.89636296, 4.72790503e-006, 1, -2.78287054e-005, 0.0938469238, -0.0160781006, -0.137408813, 0, 0, 0, 0, 0, 0, 0, 0.163727734, 0.028469873, -0.10760127, 0, 0, 0, 0, 0, 0, 0, 1, 1, 1, 
170.970247, 0.1, 0.1, 0.105752195, 0.188199644, -0.0199693637, 0.896362954, 1.03163717e-007, 0.443320938, 0.443320938, 1.1718175e-005, -0.896362954, -5.28738448e-006, 1, 1.04580033e-005, 0.896362953, -7.1007855e-006, 0.443320942, 0.443320942, 2.68686429e-005, -0.896362952, -5.54655102e-006, 1, 2.7231983e-005, 0.0938469238, -0.0160781006, -0.137408813, 0, 0, 0, 0, 0, 0, 0, 0.163727734, 0.028469873, -0.10760127, 0, 0, 0, 0, 0, 0, 0, 1, 1, 1, 
170.970978, 0.1, 0.1, 0.105752191, 0.188199648, -0.0199695193, 0.89636295, -1.39169879e-006, 0.443320948, 0.443320948, -1.35733555e-005, -0.896362949, 7.26482005e-006, 1, -1.15496837e-005, 0.896362958, 1.47866307e-005, 0.44332093, 0.44332093, -2.3937449e-005, -0.896362958, -2.6422159e-006, 1, -2.80118655e-005, 0.0943466309, -0.0184813965, -0.136845508, 0, 0, 0, 0, 0, 0, 0, 0.163967676, 0.0257053711, -0.107321289, 0, 0, 0, 0, 0, 0, 0, 1, 1, 1, 
170.971702, 0.1, 0.1, 0.105752191, 0.188199643, -0.0199693101, 0.896362995, -1.10565887e-005, 0.443320855, 0.443320855, 7.23942363e-006, -0.896362995, 6.70132946e-006, 1, 1.13907678e-005, 0.896362992, -1.84831944e-005, 0.443320862, 0.443320862, 2.16448003e-005, -0.896362992, 6.97205996e-006, 1, 2.75955837e-005, 0.0943466309, -0.0184813965, -0.136845508, 0, 0, 0, 0, 0, 0, 0, 0.163967676, 0.0257053711, -0.107321289, 0, 0, 0, 0, 0, 0, 0, 1, 1, 1, 
170.972416, 0.1, 0.1, 0.105752187, 0.188199646, -0.0199689892, 0.896363027, 8.74357666e-006, 0.44332079, 0.44332079, -6.15578247e-006, -0.896363027, -5.1084325e-006, 1, -9.39402513e-006, 0.896363014, 6.97304073e-006, 0.443320818, 0.443320818, -2.54833437e-005, -0.896363014, 5.04692098e-006, 1, -2.59336209e-005, 0.0943466309, -0.0184813965, -0.136845508, 0, 0, 0, 0, 0, 0, 0, 0.163967676, 0.0257053711, -0.107321289, 0, 0, 0, 0, 0, 0, 0, 1, 1, 1, 
170.973135, 0.1, 0.1, 0.105752186, 0.188199641, -0.0199686299, 0.896363009, 9.33419512e-007, 0.443320828, 0.443320828, 1.21985278e-005, -0.896363008, -6.24454416e-006, 1, 1.05205048e-005, 0.896363007, -6.38255066e-006, 0.443320832, 0.443320832, 2.75376937e-005, -0.896363006, -6.486951e-006, 1, 2.75132876e-005, 0.0948415771, -0.0208846924, -0.136269995, 0, 0, 0, 0, 0, 0, 0, 0.163967676, 0.0257053711, -0.107321289, 0, 0, 0, 0, 0, 0, 0, 1, 1, 1, 
170.973889, 0.1, 0.1, 0.105752182, 0.188199646, -0.0199677538, 0.896363015, -4.23052917e-007, 0.443320815, 0.443320815, -1.91452439e-005, -0.896363015, 8.86669412e-006, 1, -1.69735404e-005, 0.896363023, 1.68781753e-005, 0.443320799, 0.443320799, -3.06424533e-005, -0.896363022, -1.54453534e-006, 0.999999999, -3.49492082e-005, 0.0948415771, -0.0208846924, -0.136269995, 0, 0, 0, 0, 0, 0, 0, 0.164138281, 0.023322168, -0.107006641, 0, 0, 0, 0, 0, 0, 0, 1, 1, 1, 
170.974611, 0.1, 0.1, 0.105752182, 0.188199642, -0.0199673048, 0.896363068, -1.20221242e-005, 0.443320708, 0.443320708, 4.8823951e-006, -0.896363068, 8.61172125e-006, 1, 9.70605525e-006, 0.896363064, -1.97478572e-005, 0.443320716, 0.443320717, 1.96130011e-005, -0.896363064, 9.00640014e-006, 1, 2.63350039e-005, 0.0948415771, -0.0208846924, -0.136269995, 0, 0, 0, 0, 0, 0, 0, 0.164138281, 0.023322168, -0.107006641, 0, 0, 0, 0, 0, 0, 0, 1, 1, 1, 
170.975327, 0.1, 0.1, 0.105752178, 0.188199645, -0.0199673783, 0.896363106, 8.33840372e-006, 0.443320632, 0.443320632, -5.14351899e-006, -0.896363106, -5.19400937e-006, 1, -8.30704706e-006, 0.89636309, 6.50749958e-006, 0.443320665, 0.443320665, -2.75191752e-005, -0.896363089, 6.3667366e-006, 1, -2.75520819e-005, 0.0948415771, -0.0208846924, -0.136269995, 0, 0, 0, 0, 0, 0, 0, 0.164138281, 0.023322168, -0.107006641, 0, 0, 0, 0, 0, 0, 0, 1, 1, 1, 
170.97603, 0.1, 0.1, 0.105752178, 0.188199639, -0.0199678969, 0.896363089, -2.05986392e-006, 0.443320666, 0.443320666, 1.75682013e-005, -0.896363089, -5.94196069e-006, 1, 1.66606674e-005, 0.896363087, -9.40373784e-006, 0.44332067, 0.44332067, 3.26107079e-005, -0.896363086, -6.02783742e-006, 0.999999999, 3.33999062e-005, 0.0948415771, -0.0208846924, -0.136269995, 0, 0, 0, 0, 0, 0, 0, 0.164138281, 0.023322168, -0.107006641, 0, 0, 0, 0, 0, 0, 0, 1, 1, 1, 
170.976744, 0.1, 0.1, 0.105752174, 0.188199642, -0.0199687428, 0.896363082, -6.56371702e-007, 0.44332068, 0.44332068, -9.75822187e-006, -0.896363082, 4.91436892e-006, 1, -8.45592668e-006, 0.896363091, 1.53952256e-005, 0.443320662, 0.443320662, -1.97654918e-005, -0.896363091, -5.03726112e-006, 1, -2.45420789e-005, 0.0948415771, -0.0208846924, -0.136269995, 0, 0, 0, 0, 0, 0, 0, 0.164138281, 0.023322168, -0.107006641, 0, 0, 0, 0, 0, 0, 0, 1, 1, 1, 
170.977465, 0.1, 0.1, 0.105752174, 0.188199636, -0.0199696046, 0.896363121, -9.75485134e-006, 0.443320601, 0.443320601, 7.30812956e-006, -0.896363121, 5.5040446e-006, 1, 1.08752644e-005, 0.896363119, -1.74312553e-005, 0.443320605, 0.443320605, 2.20441751e-005, -0.896363119, 5.85209735e-006, 1, 2.74872202e-005, 0.0948415771, -0.0208846924, -0.136269995, 0, 0, 0, 0, 0, 0, 0, 0.164138281, 0.023322168, -0.107006641, 0, 0, 0, 0, 0, 0, 0, 1, 1, 1, 
170.978182, 0.1, 0.1, 0.105752169, 0.188199639, -0.0199701605, 0.896363146, 1.12338892e-005, 0.44332055, 0.44332055, -6.67665268e-006, -0.896363146, -7.10974693e-006, 1, -1.09649193e-005, 0.896363133, 9.17911276e-006, 0.443320576, 0.443320576, -2.64186561e-005, -0.896363133, 3.48411556e-006, 1, -2.77499989e-005, 0.0948415771, -0.0208846924, -0.136269995, 0, 0, 0, 0, 0, 0, 0, 0.164138281, 0.023322168, -0.107006641, 0, 0, 0, 0, 0, 0, 0, 1, 1, 1, 
170.978913, 0.1, 0.1, 0.105752169, 0.188199634, -0.0199699743, 0.896363116, 2.00514632e-006, 0.443320612, 0.443320612, 1.26902233e-005, -0.896363116, -7.42317678e-006, 1, 1.04861254e-005, 0.896363116, -5.11386676e-006, 0.44332061, 0.44332061, 2.77048571e-005, -0.896363116, -7.69825261e-006, 1, 2.71006946e-005, 0.0953208984, -0.023513916, -0.135882446, 0, 0, 0, 0, 0, 0, 0, 0.164578516, 0.0207757812, -0.106680518, 0, 0, 0, 0, 0, 0, 0, 1, 1, 1, 
170.979641, 0.1, 0.1, 0.105752164, 0.188199637, -0.0199693801, 0.896363094, 2.91971711e-006, 0.443320655, 0.443320655, -1.27671209e-005, -0.896363094, 3.04280176e-006, 1, -1.27383469e-005, 0.896363105, 1.89362509e-005, 0.443320632, 0.443320633, -2.25945712e-005, -0.896363105, -6.95711709e-006, 1, -2.86477707e-005, 0.0953208984, -0.023513916, -0.135882446, 0, 0, 0, 0, 0, 0, 0, 0.164578516, 0.0207757812, -0.106680518, 0, 0, 0, 0, 0, 0, 0, 1, 1, 1, 
170.980358, 0.1, 0.1, 0.105752163, 0.188199633, -0.0199686566, 0.89636312, -6.12431423e-006, 0.443320603, 0.443320603, 3.07503718e-006, -0.89636312, 4.12638207e-006, 1, 5.4713846e-006, 0.896363121, -1.42834386e-005, 0.443320601, 0.443320601, 1.92568419e-005, -0.896363121, 4.26619287e-006, 1, 2.35932654e-005, 0.0953208984, -0.023513916, -0.135882446, 0, 0, 0, 0, 0, 0, 0, 0.164578516, 0.0207757812, -0.106680518, 0, 0, 0, 0, 0, 0, 0, 1, 1, 1, 
170.981063, 0.1, 0.1, 0.105752158, 0.188199637, -0.0199680644, 0.896363131, 1.32087431e-005, 0.44332058, 0.44332058, -1.01562708e-005, -0.896363131, -7.33734643e-006, 1, -1.49594143e-005, 0.896363121, 1.17639664e-005, 0.443320601, 0.443320601, -3.02183911e-005, -0.896363121, 2.85164972e-006, 0.999999999, -3.230186e-005, 0.0953208984, -0.023513916, -0.135882446, 0, 0, 0, 0, 0, 0, 0, 0.164578516, 0.0207757812, -0.106680518, 0, 0, 0, 0, 0, 0, 0, 1, 1, 1, 
170.981774, 0.1, 0.1, 0.105752158, 0.188199632, -0.0199678194, 0.896363091, 1.39365787e-006, 0.443320662, 0.443320662, 1.20715532e-005, -0.896363091, -6.60079243e-006, 1, 1.02026574e-005, 0.896363093, -5.58385212e-006, 0.443320657, 0.443320657, 2.69583315e-005, -0.896363093, -6.94602626e-006, 1, 2.66398904e-005, 0.0953208984, -0.023513916, -0.135882446, 0, 0, 0, 0, 0, 0, 0, 0.164578516, 0.0207757812, -0.106680518, 0, 0, 0, 0, 0, 0, 0, 1, 1, 1, 
170.982493, 0.1, 0.1, 0.105752154, 0.188199635, -0.019967965, 0.896363062, -1.43595316e-006, 0.44332072, 0.44332072, -1.12981799e-005, -0.896363062, 6.29585261e-006, 1, -9.4906833e-006, 0.896363075, 1.59649645e-005, 0.443320693, 0.443320693, -2.23548472e-005, -0.896363075, -4.40003829e-006, 1, -2.71156587e-005, 0.0953208984, -0.023513916, -0.135882446, 0, 0, 0, 0, 0, 0, 0, 0.164578516, 0.0207757812, -0.106680518, 0, 0, 0, 0, 0, 0, 0, 1, 1, 1, 
170.983233, 0.1, 0.1, 0.105752154, 0.18819963, -0.0199683489, 0.896363083, -1.13777267e-005, 0.443320677, 0.443320677, 7.59591927e-006, -0.896363083, 6.83114616e-006, 1, 1.18526831e-005, 0.896363085, -1.97633967e-005, 0.443320672, 0.443320673, 2.40514765e-005, -0.896363085, 7.05266256e-006, 1, 3.0320378e-005, 0.0953208984, -0.023513916, -0.135882446, 0, 0, 0, 0, 0, 0, 0, 0.164578516, 0.0207757812, -0.106680518, 0, 0, 0, 0, 0, 0, 0, 1, 1, 1, 
170.983957, 0.1, 0.1, 0.105752149, 0.188199634, -0.0199683233, 0.896363079, 1.32595016e-005, 0.443320686, 0.443320686, -1.0283331e-005, -0.896363079, -7.32651435e-006, 1, -1.50958096e-005, 0.896363071, 1.18673196e-005, 0.443320701, 0.443320701, -3.02170768e-005, -0.896363071, 2.75842865e-006, 0.999999999, -3.23465002e-005, 0.0960127197, -0.0259362549, -0.135331348, 0, 0, 0, 0, 0, 0, 0, 0.16482334, 0.018257959, -0.106352441, 0, 0, 0, 0, 0, 0, 0, 1, 1, 1, 
170.984679, 0.1, 0.1, 0.105752149, 0.188199629, -0.0199684463, 0.896363026, 6.56595721e-007, 0.443320794, 0.443320794, 1.31127589e-005, -0.896363026, -6.40170683e-006, 1, 1.14627097e-005, 0.89636303, -6.26625546e-006, 0.443320784, 0.443320784, 2.77722167e-005, -0.89636303, -6.69516118e-006, 1, 2.76719496e-005, 0.0960127197, -0.0259362549, -0.135331348, 0, 0, 0, 0, 0, 0, 0, 0.16482334, 0.018257959, -0.106352441, 0, 0, 0, 0, 0, 0, 0, 1, 1, 1, 
170.985394, 0.1, 0.1, 0.105752145, 0.188199632, -0.0199687165, 0.896362987, -1.82202269e-006, 0.443320872, 0.443320872, -9.83912994e-006, -0.896362987, 5.99508536e-006, 1, -8.01169122e-006, 0.896363002, 1.51852495e-005, 0.443320841, 0.443320841, -2.0681659e-005, -0.896363002, -4.44288538e-006, 1, -2.52702116e-005, 0.0960127197, -0.0259362549, -0.135331348, 0, 0, 0, 0, 0, 0, 0, 0.16482334, 0.018257959, -0.106352441, 0, 0, 0, 0, 0, 0, 0, 1, 1, 1, 
170.986127, 0.1, 0.1, 0.105752146, 0.188199626, -0.0199687918, 0.896363006, -1.19629729e-005, 0.443320834, 0.443320834, 1.13514277e-005, -0.896363006, 5.69084201e-006, 1, 1.5478435e-005, 0.896363008, -1.95625157e-005, 0.44332083, 0.44332083, 2.62834265e-005, -0.896363007, 5.88312493e-006, 0.999999999, 3.22319619e-005, 0.0964467529, -0.0283755615, -0.134522461, 0, 0, 0, 0, 0, 0, 0, 0.165200586, 0.0158947754, -0.105986279, 0, 0, 0, 0, 0, 0, 0, 1, 1, 1, 
170.986845, 0.1, 0.1, 0.105752141, 0.188199629, -0.01996877, 0.89636301, 9.80174706e-006, 0.443320825, 0.443320825, -6.00116176e-006, -0.89636301, -6.12548352e-006, 1, -9.72453801e-006, 0.896363002, 7.99778782e-006, 0.443320842, 0.443320842, -2.49242834e-005, -0.896363001, 3.8805332e-006, 1, -2.58867915e-005, 0.0964467529, -0.0283755615, -0.134522461, 0, 0, 0, 0, 0, 0, 0, 0.165200586, 0.0158947754, -0.105986279, 0, 0, 0, 0, 0, 0, 0, 1, 1, 1, 
170.987563, 0.1, 0.1, 0.105752141, 0.188199624, -0.0199688056, 0.896362969, 1.1114485e-006, 0.443320908, 0.443320908, 1.17037428e-005, -0.896362969, -6.18477518e-006, 1, 9.99807331e-006, 0.896362971, -6.0513404e-006, 0.443320904, 0.443320904, 2.6920663e-005, -0.896362971, -6.51029521e-006, 1, 2.68133712e-005, 0.0964467529, -0.0283755615, -0.134522461, 0, 0, 0, 0, 0, 0, 0, 0.165200586, 0.0158947754, -0.105986279, 0, 0, 0, 0, 0, 0, 0, 1, 1, 1, 
