time, realDorsalTactorPos, realVentralTactorPos, boxPosX, boxPosY, boxPosZ, boxLocalRot_11, boxLocalRot_12, boxLocalRot_13, boxLocalRot_21, boxLocalRot_22, boxLocalRot_23, boxLocalRot_31, boxLocalRot_32, boxLocalRot_33, boxGlobalRot_11, boxGlobalRot_12, boxGlobalRot_13], boxGlobalRot_21, boxGlobalRot_22, boxGlobalRot_23, boxGlobalRot_31, boxGlobalRot_32, boxGlobalRot_33, indexPosX, indexPosY, indexPosZ, indexContact, indexForceX, indexForceY, indexForceZ, indexForceGlobalX, indexForceGlobalY, indexForceGlobalZ, thumbPosX, thumbPosY, thumbPosZ, thumbContact, thumbForceX, thumbForceY, thumbForceZ, thumbForceGlobalX, thumbForceGlobalY, thumbForceGlobalZ, hoopSuccess, targetSuccess, trialSuccess, 
202.356839, 0.1, 0.1, 0.109566681, 0.200272019, -0.0199683601, 0.893149005, 4.28583339e-006, -0.449760887, 0.449760887, -1.85820124e-006, 0.893149005, 2.99214159e-006, -1, -3.58725081e-006, 0.893149005, 4.67430982e-006, -0.449760887, 0.449760887, -1.61935694e-006, 0.893149005, 3.44653175e-006, -1, -3.54864877e-006, 0.0965071289, 0.0380449707, -0.148669971, 0, 0, 0, 0, 0, 0, 0, 0.183543604, 0.07690625, -0.124598926, 0, 0, 0, 0, 0, 0, 0, 1, 1, 1, 
202.368757, 0.1, 0.1, 0.109565369, 0.200271503, -0.0199668322, 0.893149363, 4.46202544e-005, -0.449760174, 0.449760173, 2.6741823e-005, 0.893149364, 5.18799588e-005, -0.999999999, 3.81602881e-006, 0.893149384, 5.80462368e-005, -0.44976013, 0.44976013, 9.12198431e-006, 0.893149386, 5.59466656e-005, -0.999999998, -1.79595884e-005, 0.097288623, 0.0242713135, -0.15008374, 0, 0, 0, 0, 0, 0, 0, 0.183729492, 0.0674285156, -0.126202832, 0, 0, 0, 0, 0, 0, 0, 1, 1, 1, 
202.369517, 0.1, 0.1, 0.109565296, 0.200271472, -0.0199708913, 0.893149078, -4.15402193e-005, -0.449760738, 0.449760736, -4.9888282e-005, 0.893149079, -5.95393991e-005, -0.999999998, -2.58745135e-005, 0.893149147, -3.65331197e-005, -0.449760603, 0.449760602, -3.66651599e-005, 0.893149148, -4.91200691e-005, -0.999999999, -1.63162984e-005, 0.0974376465, 0.0206735596, -0.150480298, 0, 0, 0, 0, 0, 0, 0, 0.183598486, 0.0641352539, -0.126860498, 0, 0, 0, 0, 0, 0, 0, 1, 1, 1, 
202.370225, 0.1, 0.1, 0.109565228, 0.200271444, -0.0199737158, 0.893148765, 1.22217356e-005, -0.449761363, 0.449761362, 4.52349122e-005, 0.893148764, 3.12607438e-005, -0.999999999, 3.49046415e-005, 0.89314881, -1.20550593e-005, -0.449761274, 0.449761275, 1.75308077e-005, 0.893148809, -2.88228344e-006, -1, 2.10795189e-005, 0.0974376465, 0.0206735596, -0.150480298, 0, 0, 0, 0, 0, 0, 0, 0.183598486, 0.0641352539, -0.126860498, 0, 0, 0, 0, 0, 0, 0, 1, 1, 1, 
202.370931, 0.1, 0.1, 0.109565175, 0.200271427, -0.0199750211, 0.893148672, 5.72578987e-005, -0.449761544, 0.449761544, 1.02040701e-005, 0.893148674, 5.57292147e-005, -0.999999998, -1.66386493e-005, 0.893148677, 5.90474011e-005, -0.449761534, 0.449761532, 3.84964594e-005, 0.893148679, 7.00523349e-005, -0.999999998, 7.82581219e-006, 0.0974376465, 0.0206735596, -0.150480298, 0, 0, 0, 0, 0, 0, 0, 0.183598486, 0.0641352539, -0.126860498, 0, 0, 0, 0, 0, 0, 0, 1, 1, 1, 
202.371693, 0.1, 0.1, 0.109565108, 0.200271392, -0.0199739462, 0.893148879, -3.07759472e-005, -0.449761135, 0.449761134, -2.50114474e-005, 0.89314888, -3.87366798e-005, -0.999999999, -8.49712126e-006, 0.893148822, -2.07904041e-005, -0.44976125, 0.449761249, -4.1041986e-005, 0.893148821, -3.70280198e-005, -0.999999999, -2.73058833e-005, 0.0974376465, 0.0206735596, -0.150480298, 0, 0, 0, 0, 0, 0, 0, 0.183598486, 0.0641352539, -0.126860498, 0, 0, 0, 0, 0, 0, 0, 1, 1, 1, 
202.3724, 0.1, 0.1, 0.109565043, 0.200271372, -0.0199714324, 0.89314931, 1.3715642e-005, -0.449760281, 0.449760281, 3.46141358e-005, 0.893149309, 2.78181797e-005, -0.999999999, 2.47468405e-005, 0.893149208, 3.64012753e-006, -0.449760483, 0.449760482, 4.39488547e-005, 0.893149207, 2.30176351e-005, -0.999999999, 3.76156993e-005, 0.0974376465, 0.0206735596, -0.150480298, 0, 0, 0, 0, 0, 0, 0, 0.183598486, 0.0641352539, -0.126860498, 0, 0, 0, 0, 0, 0, 0, 1, 1, 1, 
202.373107, 0.1, 0.1, 0.109564983, 0.20027134, -0.0199684008, 0.893149904, -6.95959699e-006, -0.449759101, 0.4497591, -5.72978439e-005, 0.893149903, -3.19861901e-005, -0.999999998, -4.80454217e-005, 0.893149781, -2.5614573e-006, -0.449759345, 0.449759344, -5.98002539e-005, 0.89314978, -2.9183488e-005, -0.999999998, -5.22585443e-005, 0.0974376465, 0.0206735596, -0.150480298, 0, 0, 0, 0, 0, 0, 0, 0.183598486, 0.0641352539, -0.126860498, 0, 0, 0, 0, 0, 0, 0, 1, 1, 1, 
202.374027, 0.1, 0.1, 0.109564906, 0.200271321, -0.019963211, 0.893150684, 1.42508793e-005, -0.449757552, 0.449757548, 0.000106831259, 0.89315068, 6.07763479e-005, -0.999999994, 8.90069713e-005, 0.893150571, 1.47596417e-005, -0.449757777, 0.449757774, 9.91714235e-005, 0.893150567, 5.77857013e-005, -0.999999995, 8.19367499e-005, 0.0975297852, 0.0174992188, -0.150589893, 0, 0, 0, 0, 0, 0, 0, 0.183621143, 0.0608283203, -0.127263428, 0, 0, 0, 0, 0, 0, 0, 1, 1, 1, 
202.374742, 0.1, 0.1, 0.109564845, 0.200271301, -0.0199597722, 0.893151144, 1.07489128e-006, -0.449756639, 0.449756638, -5.42254237e-005, 0.893151143, -2.34282039e-005, -0.999999999, -4.89149387e-005, 0.893151085, -8.71362738e-006, -0.449756756, 0.449756756, -2.54078024e-005, 0.893151085, -1.92099165e-005, -1, -1.87739935e-005, 0.0975297852, 0.0174992188, -0.150589893, 0, 0, 0, 0, 0, 0, 0, 0.183621143, 0.0608283203, -0.127263428, 0, 0, 0, 0, 0, 0, 0, 1, 1, 1, 
202.375567, 0.1, 0.1, 0.109564779, 0.200271266, -0.019958711, 0.893151269, -3.31164955e-005, -0.449756389, 0.449756389, 2.2916854e-005, 0.893151269, -1.92710385e-005, -0.999999999, 3.53625727e-005, 0.893151272, 2.07570622e-005, -0.449756385, 0.449756385, -1.80351426e-005, 0.893151271, 1.04277759e-005, -1, -2.54437318e-005, 0.0975297852, 0.0174992188, -0.150589893, 0, 0, 0, 0, 0, 0, 0, 0.183621143, 0.0608283203, -0.127263428, 0, 0, 0, 0, 0, 0, 0, 1, 1, 1, 
202.376335, 0.1, 0.1, 0.10956471, 0.200271249, -0.0199596113, 0.893151403, 1.75824557e-006, -0.449756123, 0.449756123, 8.49596137e-006, 0.893151403, 5.39149015e-006, -1, 6.79739812e-006, 0.893151358, -6.77373894e-006, -0.449756215, 0.449756214, 4.07837021e-005, 0.893151357, 1.22927494e-005, -0.999999999, 3.94725501e-005, 0.0975297852, 0.0174992188, -0.150589893, 0, 0, 0, 0, 0, 0, 0, 0.183621143, 0.0608283203, -0.127263428, 0, 0, 0, 0, 0, 0, 0, 1, 1, 1, 
202.377042, 0.1, 0.1, 0.109564656, 0.200271212, -0.0199629396, 0.893151581, 3.54677733e-005, -0.44975577, 0.449755771, -5.83026795e-005, 0.893151579, 5.45613123e-006, -0.999999998, -6.80249661e-005, 0.893151564, 3.70580376e-005, -0.449755802, 0.449755804, -7.18006423e-005, 0.893151561, 8.05688639e-007, -0.999999997, -8.07959235e-005, 0.0975297852, 0.0174992188, -0.150589893, 0, 0, 0, 0, 0, 0, 0, 0.183621143, 0.0608283203, -0.127263428, 0, 0, 0, 0, 0, 0, 0, 1, 1, 1, 
202.377748, 0.1, 0.1, 0.109564596, 0.200271194, -0.0199679809, 0.89315164, -4.38861271e-005, -0.449755652, 0.449755654, 7.62859365e-005, 0.893151636, -4.88693508e-006, -0.999999996, 8.78729431e-005, 0.893151632, -3.01562916e-005, -0.449755669, 0.44975567, 6.18686292e-005, 0.89315163, 8.91625672e-007, -0.999999998, 6.88210303e-005, 0.0975297852, 0.0174992188, -0.150589893, 0, 0, 0, 0, 0, 0, 0, 0.183621143, 0.0608283203, -0.127263428, 0, 0, 0, 0, 0, 0, 0, 1, 1, 1, 
202.378509, 0.1, 0.1, 0.10956453, 0.200271181, -0.0199732557, 0.893151782, -1.24247867e-005, -0.449755371, 0.449755371, 4.51023912e-006, 0.893151783, -9.06871616e-006, -1, 9.61644268e-006, 0.893151732, -1.52714711e-005, -0.449755471, 0.449755472, 4.58386365e-005, 0.89315173, 6.97643672e-006, -0.999999999, 4.78092853e-005, 0.0975297852, 0.0174992188, -0.150589893, 0, 0, 0, 0, 0, 0, 0, 0.183621143, 0.0608283203, -0.127263428, 0, 0, 0, 0, 0, 0, 0, 1, 1, 1, 
202.379247, 0.1, 0.1, 0.109564479, 0.200271143, -0.0199760175, 0.893151754, 6.26050887e-005, -0.449755424, 0.449755427, -6.98661438e-005, 0.893151751, 2.44931675e-005, -0.999999996, -9.05580473e-005, 0.893151779, 5.50446714e-005, -0.449755374, 0.449755377, -7.50919959e-005, 0.893151776, 1.53902172e-005, -0.999999996, -9.18251867e-005, 0.0974155273, 0.0141328857, -0.150893555, 0, 0, 0, 0, 0, 0, 0, 0.183483789, 0.0575165039, -0.127481689, 0, 0, 0, 0, 0, 0, 0, 1, 1, 1, 
202.379957, 0.1, 0.1, 0.109564426, 0.200271115, -0.019976419, 0.893151572, -3.69324829e-005, -0.449755788, 0.449755789, 2.49008138e-005, 0.893151572, -2.178702e-005, -0.999999999, 3.88507989e-005, 0.893151596, -1.00010972e-005, -0.449755741, 0.449755741, -5.09456743e-006, 0.893151596, -1.12238069e-005, -1, -5.21701659e-008, 0.0974155273, 0.0141328857, -0.150893555, 0, 0, 0, 0, 0, 0, 0, 0.183483789, 0.0575165039, -0.127481689, 0, 0, 0, 0, 0, 0, 0, 1, 1, 1, 
202.380687, 0.1, 0.1, 0.10956436, 0.200271107, -0.019974531, 0.893151615, -2.12419952e-005, -0.449755703, 0.449755704, 8.30979276e-005, 0.893151611, 1.84014446e-005, -0.999999996, 8.37727567e-005, 0.893151585, -3.63828648e-005, -0.449755762, 0.449755764, 8.92048644e-005, 0.89315158, 7.62498861e-006, -0.999999995, 9.60368691e-005, 0.0974155273, 0.0141328857, -0.150893555, 0, 0, 0, 0, 0, 0, 0, 0.183483789, 0.0575165039, -0.127481689, 0, 0, 0, 0, 0, 0, 0, 1, 1, 1, 
202.381445, 0.1, 0.1, 0.109564302, 0.200271083, -0.0199704048, 0.893151846, 1.63369551e-005, -0.449755245, 0.449755245, -5.01978272e-005, 0.893151844, -7.98535447e-006, -0.999999999, -5.21819133e-005, 0.893151812, 7.02899389e-006, -0.449755312, 0.449755312, -3.80918971e-005, 0.893151811, -1.08540744e-005, -0.999999999, -3.71831743e-005, 0.0974155273, 0.0141328857, -0.150893555, 0, 0, 0, 0, 0, 0, 0, 0.183551123, 0.0542198242, -0.127887793, 0, 0, 0, 0, 0, 0, 0, 1, 1, 1, 
202.382151, 0.1, 0.1, 0.10956425, 0.200271057, -0.0199662843, 0.893151943, -2.14708767e-005, -0.449755052, 0.449755053, 2.65611714e-005, 0.893151942, -7.23073421e-006, -0.999999999, 3.33797971e-005, 0.893151931, 2.77028629e-006, -0.449755075, 0.449755075, -3.18368492e-006, 0.893151931, 1.04240809e-006, -1, -4.08946465e-006, 0.0974155273, 0.0141328857, -0.150893555, 0, 0, 0, 0, 0, 0, 0, 0.183551123, 0.0542198242, -0.127887793, 0, 0, 0, 0, 0, 0, 0, 1, 1, 1, 
202.382857, 0.1, 0.1, 0.109564192, 0.200271045, -0.019963361, 0.893152111, -3.00634977e-005, -0.449754718, 0.449754719, 1.55324339e-005, 0.893152111, -1.9865491e-005, -0.999999999, 2.7394026e-005, 0.893152072, -2.37495242e-005, -0.449754795, 0.449754796, 4.80204615e-005, 0.893152071, 3.85496086e-007, -0.999999999, 5.35710372e-005, 0.0974155273, 0.0141328857, -0.150893555, 0, 0, 0, 0, 0, 0, 0, 0.183551123, 0.0542198242, -0.127887793, 0, 0, 0, 0, 0, 0, 0, 1, 1, 1, 
202.383628, 0.1, 0.1, 0.109564138, 0.200271015, -0.0199619666, 0.893152053, 4.90981903e-005, -0.44975483, 0.449754831, -4.04323099e-006, 0.893152054, 4.20336869e-005, -0.999999999, -2.56933683e-005, 0.893152094, 4.34301654e-005, -0.449754751, 0.449754752, -2.56730157e-005, 0.893152094, 2.72431823e-005, -0.999999999, -4.2462831e-005, 0.0977559326, 0.0105229248, -0.151019385, 0, 0, 0, 0, 0, 0, 0, 0.183551123, 0.0542198242, -0.127887793, 0, 0, 0, 0, 0, 0, 0, 1, 1, 1, 
202.384337, 0.1, 0.1, 0.109564085, 0.200270994, -0.0199624145, 0.893151707, -3.77991911e-005, -0.44975552, 0.449755519, -3.80904946e-005, 0.893151707, -5.08918223e-005, -0.999999999, -1.70201955e-005, 0.893151802, -2.86884943e-005, -0.449755331, 0.44975533, -8.53184782e-006, 0.893151803, -2.94604244e-005, -1, 5.28256797e-006, 0.0977559326, 0.0105229248, -0.151019385, 0, 0, 0, 0, 0, 0, 0, 0.183551123, 0.0542198242, -0.127887793, 0, 0, 0, 0, 0, 0, 0, 1, 1, 1, 
202.385044, 0.1, 0.1, 0.109564029, 0.200270969, -0.0199648274, 0.893151267, 1.71042462e-005, -0.449756394, 0.449756394, 3.33259443e-005, 0.893151267, 3.02652357e-005, -0.999999999, 2.20723653e-005, 0.893151334, -1.16526148e-005, -0.44975626, 0.449756261, 6.59826958e-006, 0.893151334, -7.43993543e-006, -1, 1.11340898e-005, 0.0977559326, 0.0105229248, -0.151019385, 0, 0, 0, 0, 0, 0, 0, 0.183551123, 0.0542198242, -0.127887793, 0, 0, 0, 0, 0, 0, 0, 1, 1, 1, 
202.385799, 0.1, 0.1, 0.109563986, 0.200270951, -0.0199684359, 0.893151097, 3.4869807e-005, -0.449756731, 0.449756731, -2.32915848e-007, 0.893151097, 3.10392509e-005, -0.999999999, -1.58909595e-005, 0.893151109, 5.81877524e-005, -0.449756705, 0.449756706, 9.92507121e-006, 0.89315111, 5.6434323e-005, -0.999999998, -1.73057435e-005, 0.0977559326, 0.0105229248, -0.151019385, 0, 0, 0, 0, 0, 0, 0, 0.183551123, 0.0542198242, -0.127887793, 0, 0, 0, 0, 0, 0, 0, 1, 1, 1, 
202.386546, 0.1, 0.1, 0.109563925, 0.20027093, -0.019971053, 0.893151177, -3.06054662e-005, -0.449756572, 0.449756572, 6.52803695e-006, 0.893151178, -2.43992806e-005, -1, 1.95955334e-005, 0.893151156, -4.44973441e-005, -0.449756612, 0.449756613, 9.40937064e-006, 0.893151157, -3.55109277e-005, -0.999999999, 2.8416965e-005, 0.0978135254, 0.00712058105, -0.150871191, 0, 0, 0, 0, 0, 0, 0, 0.183542529, 0.0511292969, -0.128012793, 0, 0, 0, 0, 0, 0, 0, 1, 1, 1, 
202.38725, 0.1, 0.1, 0.109563884, 0.200270906, -0.0199727822, 0.89315128, 6.23908461e-005, -0.449756365, 0.449756366, -1.81754304e-005, 0.893151281, 4.75499486e-005, -0.999999998, -4.42940892e-005, 0.893151261, 6.51723776e-005, -0.449756402, 0.449756404, -1.88099295e-005, 0.893151262, 4.9748905e-005, -0.999999998, -4.61118065e-005, 0.0978135254, 0.00712058105, -0.150871191, 0, 0, 0, 0, 0, 0, 0, 0.183542529, 0.0511292969, -0.128012793, 0, 0, 0, 0, 0, 0, 0, 1, 1, 1, 
202.387967, 0.1, 0.1, 0.109563832, 0.200270886, -0.0199733126, 0.893151375, -5.13540799e-005, -0.449756176, 0.449756178, 1.36287109e-005, 0.893151376, -3.97373702e-005, -0.999999999, 3.52693166e-005, 0.893151358, -3.99821173e-005, -0.449756213, 0.449756213, 1.03146136e-005, 0.893151358, -3.10710208e-005, -0.999999999, 2.71947168e-005, 0.0978135254, 0.00712058105, -0.150871191, 0, 0, 0, 0, 0, 0, 0, 0.183542529, 0.0511292969, -0.128012793, 0, 0, 0, 0, 0, 0, 0, 1, 1, 1, 
202.388713, 0.1, 0.1, 0.109563779, 0.200270865, -0.0199719988, 0.893151478, 4.98388185e-005, -0.449755973, 0.449755974, -1.42226389e-005, 0.893151479, 3.81168976e-005, -0.999999999, -3.51182773e-005, 0.89315146, 2.76606671e-005, -0.449756011, 0.449756011, -7.92053054e-006, 0.89315146, 2.11428589e-005, -1, -1.95147847e-005, 0.0978135254, 0.00712058105, -0.150871191, 0, 0, 0, 0, 0, 0, 0, 0.183542529, 0.0511292969, -0.128012793, 0, 0, 0, 0, 0, 0, 0, 1, 1, 1, 
202.389434, 0.1, 0.1, 0.109563734, 0.200270842, -0.0199697053, 0.89315157, -3.88429273e-005, -0.449755791, 0.449755791, 1.00582457e-005, 0.893151571, -3.01688672e-005, -0.999999999, 2.64533695e-005, 0.893151552, 3.88522912e-006, -0.449755829, 0.449755829, -2.45538932e-006, 0.893151552, 2.36577276e-006, -1, -3.94043922e-006, 0.0978135254, 0.00712058105, -0.150871191, 0, 0, 0, 0, 0, 0, 0, 0.183542529, 0.0511292969, -0.128012793, 0, 0, 0, 0, 0, 0, 0, 1, 1, 1, 
202.390141, 0.1, 0.1, 0.109563673, 0.200270826, -0.0199673291, 0.893151663, -2.45271316e-005, -0.449755608, 0.449755609, 1.04476114e-005, 0.893151663, -1.72075765e-005, -1, 2.03625165e-005, 0.893151641, -5.64251939e-005, -0.449755647, 0.449755649, 1.82056237e-005, 0.893151642, -4.22081725e-005, -0.999999998, 4.16379324e-005, 0.0978135254, 0.00712058105, -0.150871191, 0, 0, 0, 0, 0, 0, 0, 0.183542529, 0.0511292969, -0.128012793, 0, 0, 0, 0, 0, 0, 0, 1, 1, 1, 
202.391063, 0.1, 0.1, 0.109563634, 0.200270795, -0.0199621773, 0.893151802, 7.41938908e-005, -0.449755326, 0.449755329, -2.20615981e-005, 0.893151803, 5.63440861e-005, -0.999999997, -5.30734539e-005, 0.893151778, 9.99855583e-005, -0.449755369, 0.449755373, -2.73691001e-005, 0.893151781, 7.69928797e-005, -0.999999995, -6.94138025e-005, 0.0977080566, 0.00376584473, -0.150904858, 0, 0, 0, 0, 0, 0, 0, 0.183363672, 0.0478624023, -0.128349561, 0, 0, 0, 0, 0, 0, 0, 1, 1, 1, 
202.39177, 0.1, 0.1, 0.109563578, 0.200270777, -0.0199601989, 0.893151916, -8.36773288e-005, -0.449755098, 0.4497551, 1.74276476e-005, 0.893151918, -6.68983933e-005, -0.999999996, 5.31998423e-005, 0.893151895, -8.33741826e-005, -0.449755139, 0.449755142, 1.77777408e-005, 0.893151898, -6.64701791e-005, -0.999999996, 5.33761902e-005, 0.0977080566, 0.00376584473, -0.150904858, 0, 0, 0, 0, 0, 0, 0, 0.183363672, 0.0478624023, -0.128349561, 0, 0, 0, 0, 0, 0, 0, 1, 1, 1, 
202.392479, 0.1, 0.1, 0.109563533, 0.200270756, -0.0199610173, 0.893152024, 6.66060858e-005, -0.449754885, 0.449754888, -2.21777525e-005, 0.893152025, 4.95148079e-005, -0.999999998, -4.97645172e-005, 0.893152007, 5.2510816e-005, -0.449754922, 0.449754924, -2.05111756e-005, 0.893152007, 3.76751385e-005, -0.999999998, -4.19365956e-005, 0.0977080566, 0.00376584473, -0.150904858, 0, 0, 0, 0, 0, 0, 0, 0.183363672, 0.0478624023, -0.128349561, 0, 0, 0, 0, 0, 0, 0, 1, 1, 1, 
202.39324, 0.1, 0.1, 0.109563483, 0.200270734, -0.0199641235, 0.893152021, -6.3871407e-005, -0.449754893, 0.449754894, -3.54385326e-006, 0.893152023, -5.86407417e-005, -0.999999998, 2.55612781e-005, 0.893152048, -4.03902235e-005, -0.449754841, 0.449754842, 3.79269754e-006, 0.893152049, -3.43688268e-005, -0.999999999, 2.15531541e-005, 0.0977080566, 0.00376584473, -0.150904858, 0, 0, 0, 0, 0, 0, 0, 0.183363672, 0.0478624023, -0.128349561, 0, 0, 0, 0, 0, 0, 0, 1, 1, 1, 
202.393945, 0.1, 0.1, 0.109563432, 0.200270709, -0.0199679108, 0.893151788, 2.87326492e-005, -0.449755358, 0.449755359, -3.46228079e-005, 0.893151788, 1.00908236e-005, -0.999999999, -4.38460858e-005, 0.89315186, -3.30040056e-006, -0.449755216, 0.449755215, -4.68494994e-005, 0.893151859, -2.40185656e-005, -0.999999999, -4.03593452e-005, 0.0977080566, 0.00376584473, -0.150904858, 0, 0, 0, 0, 0, 0, 0, 0.183363672, 0.0478624023, -0.128349561, 0, 0, 0, 0, 0, 0, 0, 1, 1, 1, 
202.394654, 0.1, 0.1, 0.109563393, 0.200270694, -0.0199718689, 0.893151265, 9.18137761e-006, -0.449756398, 0.449756397, 3.47461836e-005, 0.893151265, 2.38276774e-005, -0.999999999, 2.69042146e-005, 0.893151385, 2.69788392e-005, -0.44975616, 0.449756159, 3.70260026e-005, 0.893151385, 4.07488604e-005, -0.999999999, 2.09359264e-005, 0.0977080566, 0.00376584473, -0.150904858, 0, 0, 0, 0, 0, 0, 0, 0.183363672, 0.0478624023, -0.128349561, 0, 0, 0, 0, 0, 0, 0, 1, 1, 1, 
202.395394, 0.1, 0.1, 0.109563344, 0.200270672, -0.0199747161, 0.893150526, 2.28998404e-006, -0.449757866, 0.449757866, -2.42365169e-005, 0.893150526, -8.85526368e-006, -1, -2.26767962e-005, 0.893150695, -9.55458544e-006, -0.449757531, 0.449757531, -2.71736555e-005, 0.893150694, -2.07552409e-005, -1, -1.99729226e-005, 0.0977080566, 0.00376584473, -0.150904858, 0, 0, 0, 0, 0, 0, 0, 0.183363672, 0.0478624023, -0.128349561, 0, 0, 0, 0, 0, 0, 0, 1, 1, 1, 
202.396142, 0.1, 0.1, 0.109563299, 0.200270657, -0.0199748998, 0.893149657, -1.59524725e-005, -0.449759592, 0.449759592, 3.19647549e-005, 0.893149656, 1.2850979e-007, -0.999999999, 3.57240874e-005, 0.893149829, -1.21419839e-006, -0.44975925, 0.449759249, 3.60795384e-005, 0.893149829, 1.51426451e-005, -0.999999999, 3.27705306e-005, 0.0978658691, -5.03906247e-005, -0.150835889, 0, 0, 0, 0, 0, 0, 0, 0.183229248, 0.0443793457, -0.128474316, 0, 0, 0, 0, 0, 0, 0, 1, 1, 1, 
202.396852, 0.1, 0.1, 0.109563249, 0.200270636, -0.0199732544, 0.893148712, -7.95781109e-006, -0.449761468, 0.449761467, -2.85269127e-005, 0.893148712, -1.99378149e-005, -1, -2.18996586e-005, 0.893148908, -2.22578259e-005, -0.449761077, 0.449761077, -3.16391658e-005, 0.893148909, -3.41096182e-005, -0.999999999, -1.82477827e-005, 0.0978658691, -5.03906247e-005, -0.150835889, 0, 0, 0, 0, 0, 0, 0, 0.183229248, 0.0443793457, -0.128474316, 0, 0, 0, 0, 0, 0, 0, 1, 1, 1, 
202.397559, 0.1, 0.1, 0.109563206, 0.200270621, -0.0199705091, 0.893147661, -1.84406215e-005, -0.449763554, 0.449763555, 2.84462102e-005, 0.893147661, -3.67612937e-006, -0.999999999, 3.37005855e-005, 0.893147878, -4.28190667e-006, -0.449763124, 0.449763123, 3.3970404e-005, 0.893147878, 1.14542591e-005, -0.999999999, 3.2266438e-005, 0.0978658691, -5.03906247e-005, -0.150835889, 0, 0, 0, 0, 0, 0, 0, 0.183229248, 0.0443793457, -0.128474316, 0, 0, 0, 0, 0, 0, 0, 1, 1, 1, 
202.398336, 0.1, 0.1, 0.109563162, 0.200270598, -0.0199667059, 0.893146493, 3.34271936e-005, -0.449765873, 0.449765874, -3.97089157e-005, 0.893146492, 1.19956656e-005, -0.999999999, -5.05002897e-005, 0.893146694, 3.76860573e-005, -0.449765475, 0.449765476, -3.36474319e-005, 0.893146693, 1.85257243e-005, -0.999999999, -4.700198e-005, 0.0981453613, -0.0032355957, -0.150904834, 0, 0, 0, 0, 0, 0, 0, 0.183222363, 0.0415520996, -0.128761279, 0, 0, 0, 0, 0, 0, 0, 1, 1, 1, 
202.399044, 0.1, 0.1, 0.10956312, 0.200270581, -0.019963824, 0.893145696, 2.27525443e-006, -0.449767457, 0.449767457, 3.50155527e-005, 0.893145696, 1.77809898e-005, -0.999999999, 3.02506548e-005, 0.89314583, 8.48951703e-008, -0.449767191, 0.449767191, 2.8358343e-005, 0.89314583, 1.2830476e-005, -1, 2.52899527e-005, 0.0981453613, -0.0032355957, -0.150904834, 0, 0, 0, 0, 0, 0, 0, 0.183222363, 0.0415520996, -0.128761279, 0, 0, 0, 0, 0, 0, 0, 1, 1, 1, 
202.399754, 0.1, 0.1, 0.10956308, 0.20027056, -0.0199626939, 0.893145002, 3.07546137e-005, -0.449768835, 0.449768836, -3.52129279e-005, 0.893145001, 1.16306519e-005, -0.999999999, -4.52827173e-005, 0.893145152, 1.38109377e-005, -0.449768537, 0.449768537, -4.03684141e-005, 0.893145151, -5.82127048e-006, -0.999999999, -4.22665787e-005, 0.0981453613, -0.0032355957, -0.150904834, 0, 0, 0, 0, 0, 0, 0, 0.183222363, 0.0415520996, -0.128761279, 0, 0, 0, 0, 0, 0, 0, 1, 1, 1, 
202.400507, 0.1, 0.1, 0.109563033, 0.200270545, -0.0199633578, 0.893144192, -3.19326314e-005, -0.449770442, 0.449770443, 4.03186835e-005, 0.893144192, -1.03862921e-005, -0.999999999, 5.03727518e-005, 0.893144335, -3.42271961e-005, -0.44977016, 0.449770161, 3.23428239e-005, 0.893144334, -1.60229892e-005, -0.999999999, 4.42811814e-005, 0.0981453613, -0.0032355957, -0.150904834, 0, 0, 0, 0, 0, 0, 0, 0.183222363, 0.0415520996, -0.128761279, 0, 0, 0, 0, 0, 0, 0, 1, 1, 1, 
202.401227, 0.1, 0.1, 0.109562991, 0.200270528, -0.0199651867, 0.893143661, -4.16251993e-006, -0.449771499, 0.449771499, -3.16991752e-005, 0.89314366, -1.79751138e-005, -0.999999999, -2.64397345e-005, 0.893143743, -1.00603814e-006, -0.449771336, 0.449771336, -2.45836609e-005, 0.893143742, -1.19555627e-005, -1, -2.15042558e-005, 0.0981453613, -0.0032355957, -0.150904834, 0, 0, 0, 0, 0, 0, 0, 0.183222363, 0.0415520996, -0.128761279, 0, 0, 0, 0, 0, 0, 0, 1, 1, 1, 
202.401934, 0.1, 0.1, 0.109562948, 0.200270514, -0.0199680519, 0.893143227, -1.57803097e-005, -0.44977236, 0.44977236, 3.97224235e-005, 0.893143226, 3.77197145e-006, -0.999999999, 4.25753607e-005, 0.893143317, -1.75274208e-005, -0.449772182, 0.449772182, 3.47058275e-005, 0.893143316, -4.47829289e-008, -0.999999999, 3.88806241e-005, 0.0981453613, -0.0032355957, -0.150904834, 0, 0, 0, 0, 0, 0, 0, 0.183222363, 0.0415520996, -0.128761279, 0, 0, 0, 0, 0, 0, 0, 1, 1, 1, 
202.402656, 0.1, 0.1, 0.109562908, 0.200270497, -0.0199710988, 0.893142784, 2.40561009e-005, -0.449773239, 0.449773239, -1.9806897e-005, 0.893142784, 1.25769207e-005, -1, -2.85101775e-005, 0.893142884, 9.74898363e-006, -0.449773041, 0.449773042, -2.05961093e-005, 0.893142884, -5.56339359e-007, -1, -2.27800984e-005, 0.0981453613, -0.0032355957, -0.150904834, 0, 0, 0, 0, 0, 0, 0, 0.183222363, 0.0415520996, -0.128761279, 0, 0, 0, 0, 0, 0, 0, 1, 1, 1, 
202.403434, 0.1, 0.1, 0.109562862, 0.20027048, -0.0199727284, 0.893142276, -2.52750731e-005, -0.449774248, 0.449774249, 2.31439667e-005, 0.893142276, -1.21646761e-005, -0.999999999, 3.20389321e-005, 0.893142361, -2.71289225e-005, -0.449774079, 0.449774079, 2.00872449e-005, 0.893142361, -1.51952679e-005, -0.999999999, 3.01426555e-005, 0.0982462891, -0.00661547852, -0.150744434, 0, 0, 0, 0, 0, 0, 0, 0.183305078, 0.038518457, -0.12864375, 0, 0, 0, 0, 0, 0, 0, 1, 1, 1, 
202.404145, 0.1, 0.1, 0.109562827, 0.200270464, -0.0199726783, 0.893141955, 3.25043023e-005, -0.449774884, 0.449774885, -2.16485656e-005, 0.893141955, 1.9293975e-005, -0.999999999, -3.3954861e-005, 0.893142001, 3.80606143e-005, -0.449774794, 0.449774794, -1.39413236e-005, 0.893142001, 2.77230773e-005, -0.999999999, -2.95702866e-005, 0.0982462891, -0.00661547852, -0.150744434, 0, 0, 0, 0, 0, 0, 0, 0.183305078, 0.038518457, -0.12864375, 0, 0, 0, 0, 0, 0, 0, 1, 1, 1, 
202.404857, 0.1, 0.1, 0.109562782, 0.200270446, -0.0199714976, 0.893141841, -4.15626722e-005, -0.44977511, 0.449775111, 5.73688797e-006, 0.893141842, -3.45410522e-005, -0.999999999, 2.38177102e-005, 0.893141849, -4.53010063e-005, -0.449775094, 0.449775095, 8.98403361e-008, 0.89314185, -4.04198166e-005, -0.999999999, 2.04555046e-005, 0.0982462891, -0.00661547852, -0.150744434, 0, 0, 0, 0, 0, 0, 0, 0.183305078, 0.038518457, -0.12864375, 0, 0, 0, 0, 0, 0, 0, 1, 1, 1, 
202.405617, 0.1, 0.1, 0.109562745, 0.200270426, -0.0199692728, 0.893141918, 3.39234824e-005, -0.449774958, 0.449774959, -2.53448877e-005, 0.893141918, 1.88989884e-005, -0.999999999, -3.78945145e-005, 0.893141889, 3.88998712e-005, -0.449775015, 0.449775016, -2.13164546e-005, 0.893141889, 2.51554958e-005, -0.999999999, -3.65348087e-005, 0.0982462891, -0.00661547852, -0.150744434, 0, 0, 0, 0, 0, 0, 0, 0.183305078, 0.038518457, -0.12864375, 0, 0, 0, 0, 0, 0, 0, 1, 1, 1, 
202.406323, 0.1, 0.1, 0.109562701, 0.200270411, -0.0199669037, 0.893142132, -4.20074508e-005, -0.449774534, 0.449774535, 2.61438232e-005, 0.893142132, -2.57597983e-005, -0.999999999, 4.22440316e-005, 0.893142073, -4.76132835e-005, -0.449774648, 0.44977465, 1.73341773e-005, 0.893142074, -3.47289533e-005, -0.999999999, 3.68971309e-005, 0.0982462891, -0.00661547852, -0.150744434, 0, 0, 0, 0, 0, 0, 0, 0.183305078, 0.038518457, -0.12864375, 0, 0, 0, 0, 0, 0, 0, 1, 1, 1, 
202.407128, 0.1, 0.1, 0.109562664, 0.200270395, -0.0199647961, 0.893142586, 3.9713821e-005, -0.449773631, 0.449773632, -1.46369644e-005, 0.893142586, 2.88867841e-005, -0.999999999, -3.09351258e-005, 0.89314243, 4.86225737e-005, -0.44977394, 0.44977394, -2.81525144e-006, 0.893142431, 4.21606569e-005, -0.999999999, -2.43835871e-005, 0.0982462891, -0.00661547852, -0.150744434, 0, 0, 0, 0, 0, 0, 0, 0.183305078, 0.038518457, -0.12864375, 0, 0, 0, 0, 0, 0, 0, 1, 1, 1, 
202.407872, 0.1, 0.1, 0.109562618, 0.20027038, -0.0199631637, 0.893143163, -5.01499177e-005, -0.449772485, 0.449772487, 3.19091137e-005, 0.893143163, -3.04392148e-005, -0.999999998, 5.10554599e-005, 0.89314303, -5.62612703e-005, -0.449772749, 0.44977275, 2.40282453e-005, 0.89314303, -3.94421115e-005, -0.999999998, 4.67654461e-005, 0.0982462891, -0.00661547852, -0.150744434, 0, 0, 0, 0, 0, 0, 0, 0.183305078, 0.038518457, -0.12864375, 0, 0, 0, 0, 0, 0, 0, 1, 1, 1, 
202.408631, 0.1, 0.1, 0.109562584, 0.200270365, -0.0199625236, 0.893143902, 5.22468589e-005, -0.449771017, 0.449771019, -2.05846572e-005, 0.893143902, 3.74055813e-005, -0.999999998, -4.1884184e-005, 0.893143752, 5.80713417e-005, -0.449771314, 0.449771315, -1.05080186e-005, 0.893143753, 4.71398507e-005, -0.999999998, -3.55039948e-005, 0.0986070801, -0.0104494141, -0.150705981, 0, 0, 0, 0, 0, 0, 0, 0.183260498, 0.0350488281, -0.128588965, 0, 0, 0, 0, 0, 0, 0, 1, 1, 1, 
202.409337, 0.1, 0.1, 0.109562543, 0.200270349, -0.0199639285, 0.893144729, -4.56013451e-005, -0.449769375, 0.449769376, 1.67703129e-005, 0.89314473, -3.31858279e-005, -0.999999999, 3.54884051e-005, 0.893144553, -4.8922888e-005, -0.449769724, 0.449769725, 9.04946303e-006, 0.893144554, -3.96250365e-005, -0.999999999, 3.00865125e-005, 0.0986070801, -0.0104494141, -0.150705981, 0, 0, 0, 0, 0, 0, 0, 0.183260498, 0.0350488281, -0.128588965, 0, 0, 0, 0, 0, 0, 0, 1, 1, 1, 
202.410044, 0.1, 0.1, 0.10956251, 0.200270334, -0.0199667676, 0.893145648, 3.769337e-005, -0.449767552, 0.449767553, -2.41128174e-005, 0.893145648, 2.28205065e-005, -0.999999999, -3.84895127e-005, 0.893145458, 4.18863115e-005, -0.449767927, 0.449767928, -1.6912666e-005, 0.893145459, 2.98037942e-005, -0.999999999, -3.39445903e-005, 0.0986070801, -0.0104494141, -0.150705981, 0, 0, 0, 0, 0, 0, 0, 0.183260498, 0.0350488281, -0.128588965, 0, 0, 0, 0, 0, 0, 0, 1, 1, 1, 
202.410818, 0.1, 0.1, 0.109562465, 0.200270316, -0.0199698043, 0.893146732, -4.99211214e-005, -0.449765398, 0.449765399, 1.80439741e-005, 0.893146732, -3.64713312e-005, -0.999999999, 3.85687096e-005, 0.893146527, -5.39183506e-005, -0.449765804, 0.449765805, 1.01761955e-005, 0.893146528, -4.35800828e-005, -0.999999998, 3.3339464e-005, 0.0986539307, -0.0136550049, -0.150371167, 0, 0, 0, 0, 0, 0, 0, 0.183330029, 0.0319768555, -0.128704443, 0, 0, 0, 0, 0, 0, 0, 1, 1, 1, 
202.411534, 0.1, 0.1, 0.10956243, 0.200270302, -0.0199718708, 0.893147799, 2.77287885e-005, -0.449763281, 0.449763282, -1.32615682e-005, 0.893147799, 1.880134e-005, -1, -2.43159313e-005, 0.893147587, 3.00105811e-005, -0.449763702, 0.449763702, -7.08929058e-006, 0.893147587, 2.36153725e-005, -1, -1.98294528e-005, 0.0986539307, -0.0136550049, -0.150371167, 0, 0, 0, 0, 0, 0, 0, 0.183330029, 0.0319768555, -0.128704443, 0, 0, 0, 0, 0, 0, 0, 1, 1, 1, 
202.412241, 0.1, 0.1, 0.109562391, 0.200270288, -0.0199729369, 0.893148869, -3.33827716e-005, -0.449761156, 0.449761156, 1.8525924e-005, 0.893148869, -2.14835437e-005, -0.999999999, 3.1560682e-005, 0.893148649, -3.84088628e-005, -0.449761592, 0.449761592, 1.21892489e-005, 0.893148649, -2.88225679e-005, -0.999999999, 2.81616425e-005, 0.0986539307, -0.0136550049, -0.150371167, 0, 0, 0, 0, 0, 0, 0, 0.183330029, 0.0319768555, -0.128704443, 0, 0, 0, 0, 0, 0, 0, 1, 1, 1, 
202.412976, 0.1, 0.1, 0.10956236, 0.200270274, -0.0199726518, 0.893150006, 3.79902148e-005, -0.449758898, 0.449758899, -1.46113935e-005, 0.893150006, 2.73593563e-005, -0.999999999, -3.01366033e-005, 0.893149762, 4.1752933e-005, -0.449759381, 0.449759381, -7.70680774e-006, 0.893149763, 3.38254131e-005, -0.999999999, -2.56621068e-005, 0.0986539307, -0.0136550049, -0.150371167, 0, 0, 0, 0, 0, 0, 0, 0.183330029, 0.0319768555, -0.128704443, 0, 0, 0, 0, 0, 0, 0, 1, 1, 1, 
202.41369, 0.1, 0.1, 0.109562322, 0.20027026, -0.0199710363, 0.893151135, -2.88490477e-005, -0.449756656, 0.449756656, 1.771545e-005, 0.893151135, -1.77989182e-005, -0.999999999, 2.87976255e-005, 0.893150909, -3.37052871e-005, -0.449757104, 0.449757105, 1.22960408e-005, 0.893150909, -2.45736761e-005, -0.999999999, 2.61414124e-005, 0.0986539307, -0.0136550049, -0.150371167, 0, 0, 0, 0, 0, 0, 0, 0.183330029, 0.0319768555, -0.128704443, 0, 0, 0, 0, 0, 0, 0, 1, 1, 1, 
202.414398, 0.1, 0.1, 0.109562294, 0.200270245, -0.0199689474, 0.893152274, 4.44510325e-005, -0.449754393, 0.449754394, -2.26747794e-005, 0.893152274, 2.95034591e-005, -0.999999999, -4.0244078e-005, 0.893152045, 4.98140135e-005, -0.449754846, 0.449754847, -1.50130305e-005, 0.893152046, 3.77393049e-005, -0.999999999, -3.5813013e-005, 0.0986539307, -0.0136550049, -0.150371167, 0, 0, 0, 0, 0, 0, 0, 0.183330029, 0.0319768555, -0.128704443, 0, 0, 0, 0, 0, 0, 0, 1, 1, 1, 
202.415102, 0.1, 0.1, 0.109562256, 0.20027023, -0.0199670991, 0.893153449, -3.82557008e-005, -0.44975206, 0.449752061, 1.40876258e-005, 0.893153449, -2.78322724e-005, -0.999999999, 2.97879919e-005, 0.893153212, -4.23532856e-005, -0.44975253, 0.44975253, 6.88929435e-006, 0.893153213, -3.47294956e-005, -0.999999999, 2.52016928e-005, 0.0986539307, -0.0136550049, -0.150371167, 0, 0, 0, 0, 0, 0, 0, 0.183330029, 0.0319768555, -0.128704443, 0, 0, 0, 0, 0, 0, 0, 1, 1, 1, 
202.415861, 0.1, 0.1, 0.109562226, 0.200270214, -0.0199653042, 0.893154763, 4.78620469e-005, -0.449749449, 0.44974945, -2.62965449e-005, 0.893154763, 3.09213586e-005, -0.999999999, -4.50128136e-005, 0.893154516, 5.4226543e-005, -0.44974994, 0.449749941, -1.99487065e-005, 0.893154516, 3.94607523e-005, -0.999999998, -4.22056618e-005, 0.0990126465, -0.0170179199, -0.150447559, 0, 0, 0, 0, 0, 0, 0, 0.183692383, 0.0289617676, -0.128605225, 0, 0, 0, 0, 0, 0, 0, 1, 1, 1, 
202.416567, 0.1, 0.1, 0.109562189, 0.2002702, -0.0199648035, 0.893156028, -4.51830052e-005, -0.449746938, 0.449746939, 2.30883642e-005, 0.893156028, -2.99715523e-005, -0.999999999, 4.09424299e-005, 0.893155771, -4.91836019e-005, -0.449747447, 0.449747448, 1.35698241e-005, 0.893155772, -3.78256241e-005, -0.999999999, 3.42401661e-005, 0.0990126465, -0.0170179199, -0.150447559, 0, 0, 0, 0, 0, 0, 0, 0.183692383, 0.0289617676, -0.128605225, 0, 0, 0, 0, 0, 0, 0, 1, 1, 1, 
202.417275, 0.1, 0.1, 0.10956216, 0.200270188, -0.0199656489, 0.893157345, 3.99161388e-005, -0.449744323, 0.449744323, -1.24472354e-005, 0.893157345, 3.00533191e-005, -0.999999999, -2.90693966e-005, 0.893157078, 4.4560445e-005, -0.449744853, 0.449744853, -5.12854326e-006, 0.893157078, 3.74929409e-005, -0.999999999, -2.46214255e-005, 0.0990126465, -0.0170179199, -0.150447559, 0, 0, 0, 0, 0, 0, 0, 0.183692383, 0.0289617676, -0.128605225, 0, 0, 0, 0, 0, 0, 0, 1, 1, 1, 
202.418005, 0.1, 0.1, 0.109562121, 0.200270175, -0.0199673563, 0.893158734, -4.91807997e-005, -0.449741563, 0.449741564, 2.33242428e-005, 0.893158735, -3.34363794e-005, -0.999999999, 4.2950901e-005, 0.893158463, -5.28533859e-005, -0.449742101, 0.449742102, 1.74636545e-005, 0.893158464, -3.93523083e-005, -0.999999998, 3.93682037e-005, 0.0990126465, -0.0170179199, -0.150447559, 0, 0, 0, 0, 0, 0, 0, 0.183692383, 0.0289617676, -0.128605225, 0, 0, 0, 0, 0, 0, 0, 1, 1, 1, 
202.41871, 0.1, 0.1, 0.109562091, 0.200270162, -0.0199692904, 0.893160084, 3.09380769e-005, -0.449738884, 0.449738884, -2.08481021e-005, 0.893160084, 1.82564532e-005, -0.999999999, -3.25347489e-005, 0.893159816, 3.39299582e-005, -0.449739416, 0.449739417, -1.29671422e-005, 0.893159816, 2.44730403e-005, -0.999999999, -2.68413699e-005, 0.0990126465, -0.0170179199, -0.150447559, 0, 0, 0, 0, 0, 0, 0, 0.183692383, 0.0289617676, -0.128605225, 0, 0, 0, 0, 0, 0, 0, 1, 1, 1, 
202.419424, 0.1, 0.1, 0.109562054, 0.200270147, -0.0199710721, 0.893161453, -3.87454458e-005, -0.449736165, 0.449736166, 9.93406034e-006, 0.893161453, -3.01382325e-005, -0.999999999, 2.6297948e-005, 0.893161179, -4.34918727e-005, -0.449736708, 0.449736708, 3.57795255e-006, 0.89316118, -3.72361157e-005, -0.999999999, 2.275558e-005, 0.0990126465, -0.0170179199, -0.150447559, 0, 0, 0, 0, 0, 0, 0, 0.183692383, 0.0289617676, -0.128605225, 0, 0, 0, 0, 0, 0, 0, 1, 1, 1, 
202.420172, 0.1, 0.1, 0.109562025, 0.200270133, -0.0199719615, 0.893162886, 3.83012743e-005, -0.449733318, 0.449733319, -1.98845462e-005, 0.893162886, 2.52665338e-005, -0.999999999, -3.4985498e-005, 0.893162569, 4.12327294e-005, -0.449733948, 0.449733949, -1.43674065e-005, 0.893162569, 3.03660201e-005, -0.999999999, -3.13761879e-005, 0.0990126465, -0.0170179199, -0.150447559, 0, 0, 0, 0, 0, 0, 0, 0.183692383, 0.0289617676, -0.128605225, 0, 0, 0, 0, 0, 0, 0, 1, 1, 1, 
202.420897, 0.1, 0.1, 0.109561991, 0.20027012, -0.0199713347, 0.893164257, -2.79402228e-005, -0.449730597, 0.449730598, 2.07811643e-005, 0.893164256, -1.56092829e-005, -0.999999999, 3.11265663e-005, 0.893163987, -3.27617472e-005, -0.449731131, 0.449731132, 1.36958691e-005, 0.893163988, -2.3102154e-005, -0.999999999, 2.69666347e-005, 0.0989682129, -0.020823291, -0.150381274, 0, 0, 0, 0, 0, 0, 0, 0.183657568, 0.0253057617, -0.128725342, 0, 0, 0, 0, 0, 0, 0, 1, 1, 1, 
202.421603, 0.1, 0.1, 0.10956196, 0.200270106, -0.0199701135, 0.8931656, 3.62253135e-006, -0.449727929, 0.449727929, -3.0916041e-005, 0.8931656, -1.06682867e-005, -1, -2.92422978e-005, 0.893165335, 4.53228945e-006, -0.449728457, 0.449728457, -2.73401754e-005, 0.893165334, -8.2475711e-006, -1, -2.64575965e-005, 0.0989682129, -0.020823291, -0.150381274, 0, 0, 0, 0, 0, 0, 0, 0.183657568, 0.0253057617, -0.128725342, 0, 0, 0, 0, 0, 0, 0, 1, 1, 1, 
202.422335, 0.1, 0.1, 0.10956193, 0.200270096, -0.0199686239, 0.893166791, -1.82428504e-005, -0.449725564, 0.449725564, 3.45758895e-005, 0.893166791, -7.44246721e-007, -0.999999999, 3.90863124e-005, 0.893166574, -3.7480028e-006, -0.449725995, 0.449725995, 3.80225344e-005, 0.893166573, 1.37521313e-005, -0.999999999, 3.56460311e-005, 0.0989682129, -0.020823291, -0.150381274, 0, 0, 0, 0, 0, 0, 0, 0.183657568, 0.0253057617, -0.128725342, 0, 0, 0, 0, 0, 0, 0, 1, 1, 1, 
202.423059, 0.1, 0.1, 0.109561899, 0.200270082, -0.0199669237, 0.893167749, 1.69090349e-005, -0.449723661, 0.449723661, -3.11539252e-005, 0.893167749, 1.09194733e-006, -0.999999999, -3.54300743e-005, 0.893167576, 1.8699255e-005, -0.449724005, 0.449724006, -2.57760637e-005, 0.893167576, 5.10945363e-006, -0.999999999, -3.14318482e-005, 0.0989682129, -0.020823291, -0.150381274, 0, 0, 0, 0, 0, 0, 0, 0.183657568, 0.0253057617, -0.128725342, 0, 0, 0, 0, 0, 0, 0, 1, 1, 1, 
202.423855, 0.1, 0.1, 0.109561864, 0.200270071, -0.0199655895, 0.893168777, 1.24048982e-006, -0.449721621, 0.44972162, 4.38978192e-005, 0.893168776, 2.08497652e-005, -0.999999999, 3.86502864e-005, 0.893168474, -6.01233974e-006, -0.449722223, 0.449722223, 3.40226891e-005, 0.893168473, 9.93072705e-006, -0.999999999, 3.30918761e-005, 0.0989682129, -0.020823291, -0.150381274, 0, 0, 0, 0, 0, 0, 0, 0.183657568, 0.0253057617, -0.128725342, 0, 0, 0, 0, 0, 0, 0, 1, 1, 1, 
202.424569, 0.1, 0.1, 0.109561832, 0.200270055, -0.0199646336, 0.893169677, -1.49779481e-005, -0.449719833, 0.449719832, -5.60924532e-005, 0.893169676, -3.86037377e-005, -0.999999998, -4.3364198e-005, 0.89316951, -1.60927777e-005, -0.449720165, 0.449720164, -5.08089041e-005, 0.893169509, -3.72233671e-005, -0.999999999, -3.81437174e-005, 0.0989682129, -0.020823291, -0.150381274, 0, 0, 0, 0, 0, 0, 0, 0.183657568, 0.0253057617, -0.128725342, 0, 0, 0, 0, 0, 0, 0, 1, 1, 1, 
202.42533, 0.1, 0.1, 0.109561804, 0.200270046, -0.0199646702, 0.893170496, 2.76295593e-005, -0.449718206, 0.449718204, 6.14288238e-005, 0.893170495, 5.23035676e-005, -0.999999998, 4.24408972e-005, 0.89317035, 2.58043498e-005, -0.449718496, 0.449718494, 5.40327875e-005, 0.893170349, 4.7347224e-005, -0.999999998, 3.66557904e-005, 0.0992741943, -0.0239989746, -0.15024126, 0, 0, 0, 0, 0, 0, 0, 0.183713672, 0.0222589355, -0.128790771, 0, 0, 0, 0, 0, 0, 0, 1, 1, 1, 
202.426037, 0.1, 0.1, 0.109561775, 0.200270034, -0.0199656927, 0.893171153, -1.48390484e-005, -0.449716902, 0.449716901, -3.35832767e-005, 0.893171152, -2.83567771e-005, -0.999999999, -2.33222431e-005, 0.893171028, -1.0864281e-005, -0.44971715, 0.44971715, -2.77838975e-005, 0.893171028, -2.21985562e-005, -1, -1.99299188e-005, 0.0992741943, -0.0239989746, -0.15024126, 0, 0, 0, 0, 0, 0, 0, 0.183713672, 0.0222589355, -0.128790771, 0, 0, 0, 0, 0, 0, 0, 1, 1, 1, 
202.426748, 0.1, 0.1, 0.109561749, 0.200270023, -0.0199676578, 0.893171807, 3.66578468e-005, -0.449715602, 0.449715602, 7.64969265e-006, 0.893171807, 3.61819414e-005, -0.999999999, -9.65311581e-006, 0.893171667, 2.80454457e-005, -0.449715881, 0.44971588, 1.86259018e-005, 0.893171667, 3.34257613e-005, -0.999999999, 4.0236454e-006, 0.0992741943, -0.0239989746, -0.15024126, 0, 0, 0, 0, 0, 0, 0, 0.183713672, 0.0222589355, -0.128790771, 0, 0, 0, 0, 0, 0, 0, 1, 1, 1, 
202.427493, 0.1, 0.1, 0.109561716, 0.20027001, -0.0199698889, 0.893172534, -4.18148897e-005, -0.449714156, 0.449714157, -7.39778463e-006, 0.893172535, -4.06747995e-005, -0.999999999, 1.21972498e-005, 0.893172384, -3.79237845e-005, -0.449714456, 0.449714456, -1.03397711e-006, 0.893172384, -3.43374715e-005, -0.999999999, 1.61313543e-005, 0.0992741943, -0.0239989746, -0.15024126, 0, 0, 0, 0, 0, 0, 0, 0.183713672, 0.0222589355, -0.128790771, 0, 0, 0, 0, 0, 0, 0, 1, 1, 1, 
202.428217, 0.1, 0.1, 0.109561687, 0.200269998, -0.0199711575, 0.893173079, 1.50240092e-005, -0.449713076, 0.449713076, 1.43075354e-005, 0.893173079, 1.98533264e-005, -1, 6.02261207e-006, 0.893172983, 1.47268316e-005, -0.449713268, 0.449713267, 7.08621335e-006, 0.893172983, 1.63403723e-005, -1, -2.93637246e-007, 0.0994205322, -0.0273523682, -0.150084277, 0, 0, 0, 0, 0, 0, 0, 0.183824707, 0.0189722656, -0.128683008, 0, 0, 0, 0, 0, 0, 0, 1, 1, 1, 
202.428926, 0.1, 0.1, 0.10956166, 0.200269987, -0.0199716691, 0.893173525, 2.74462927e-006, -0.44971219, 0.449712189, 1.50053267e-005, 0.893173525, 9.19950852e-006, -1, 1.21680673e-005, 0.893173439, -1.18145981e-006, -0.44971236, 0.44971236, -4.48906469e-006, 0.893173439, -3.0740364e-006, -1, -3.47819627e-006, 0.0994205322, -0.0273523682, -0.150084277, 0, 0, 0, 0, 0, 0, 0, 0.183824707, 0.0189722656, -0.128683008, 0, 0, 0, 0, 0, 0, 0, 1, 1, 1, 
