time, realDorsalTactorPos, realVentralTactorPos, boxPosX, boxPosY, boxPosZ, boxLocalRot_11, boxLocalRot_12, boxLocalRot_13, boxLocalRot_21, boxLocalRot_22, boxLocalRot_23, boxLocalRot_31, boxLocalRot_32, boxLocalRot_33, boxGlobalRot_11, boxGlobalRot_12, boxGlobalRot_13], boxGlobalRot_21, boxGlobalRot_22, boxGlobalRot_23, boxGlobalRot_31, boxGlobalRot_32, boxGlobalRot_33, indexPosX, indexPosY, indexPosZ, indexContact, indexForceX, indexForceY, indexForceZ, indexForceGlobalX, indexForceGlobalY, indexForceGlobalZ, thumbPosX, thumbPosY, thumbPosZ, thumbContact, thumbForceX, thumbForceY, thumbForceZ, thumbForceGlobalX, thumbForceGlobalY, thumbForceGlobalZ, hoopSuccess, targetSuccess, trialSuccess, 
181.206434, 0.1, 0.1, 0.0861728159, 0.191574428, -0.0199727441, 0.910304569, 0.413939115, 5.38861888e-006, 0.413939115, -0.910304569, 1.41148238e-005, 1.07479621e-005, -1.06182285e-005, -1, 0.91030457, 0.413939113, 3.7730933e-006, 0.413939113, -0.91030457, 9.18449177e-006, 7.23648445e-006, -6.79885394e-006, -1, 0.104662622, 0.0072064209, -0.197339136, 0, 0, 0, 0, 0, 0, 0, 0.174816602, 0.0701257812, -0.153463232, 0, 0, 0, 0, 0, 0, 0, 1, 1, 1, 
181.223392, 0.1, 0.1, 0.0861739474, 0.191571517, -0.0199621879, 0.910304559, 0.413939138, -1.19638288e-005, 0.413939137, -0.910304559, -2.98143224e-005, -2.32320428e-005, 2.21878166e-005, -0.999999999, 0.910304558, 0.41393914, -1.35793882e-005, 0.413939139, -0.910304558, -3.09955742e-005, -2.51916603e-005, 2.25943722e-005, -0.999999999, 0.108354712, -0.00418432617, -0.198962036, 0, 0, 0, 0, 0, 0, 0, 0.178369385, 0.0591522949, -0.155801465, 0, 0, 0, 0, 0, 0, 0, 1, 1, 1, 
181.224121, 0.1, 0.1, 0.0861739893, 0.19157142, -0.0199623134, 0.91030456, 0.413939136, 9.10678005e-006, 0.413939136, -0.91030456, 1.59365981e-005, 1.48867251e-005, -1.07375053e-005, -1, 0.91030456, 0.413939135, 1.61228248e-005, 0.413939134, -0.91030456, 3.40437515e-005, 2.8768722e-005, -2.43163141e-005, -0.999999999, 0.108988794, -0.00688166504, -0.199389844, 0, 0, 0, 0, 0, 0, 0, 0.178369385, 0.0591522949, -0.155801465, 0, 0, 0, 0, 0, 0, 0, 1, 1, 1, 
181.224831, 0.1, 0.1, 0.0861740266, 0.191571319, -0.0199641646, 0.910304564, 0.413939127, 3.72662703e-006, 0.413939127, -0.910304564, 1.53085956e-005, 9.7291923e-006, -1.23928877e-005, -1, 0.910304561, 0.413939134, -6.51289792e-006, 0.413939134, -0.910304561, -1.52905641e-005, -1.22580835e-005, 1.12231269e-005, -1, 0.108988794, -0.00688166504, -0.199389844, 0, 0, 0, 0, 0, 0, 0, 0.179160303, 0.0562833008, -0.156240527, 0, 0, 0, 0, 0, 0, 0, 1, 1, 1, 
181.225533, 0.1, 0.1, 0.0861740641, 0.191571226, -0.0199674201, 0.910304569, 0.413939116, -1.24766571e-005, 0.413939115, -0.910304569, -2.61783933e-005, -2.21938189e-005, 1.86657347e-005, -1, 0.910304568, 0.413939117, -7.84428628e-006, 0.413939117, -0.910304568, -1.25453593e-005, -1.23337046e-005, 8.17304094e-006, -1, 0.108988794, -0.00688166504, -0.199389844, 0, 0, 0, 0, 0, 0, 0, 0.179160303, 0.0562833008, -0.156240527, 0, 0, 0, 0, 0, 0, 0, 1, 1, 1, 
181.226233, 0.1, 0.1, 0.0861741016, 0.191571132, -0.0199710237, 0.91030457, 0.413939113, 1.1267889e-005, 0.413939113, -0.91030457, 2.30531996e-005, 1.97998319e-005, -1.6321213e-005, -1, 0.91030457, 0.413939113, 1.07514436e-005, 0.413939113, -0.91030457, 2.35581971e-005, 1.95387475e-005, -1.69946915e-005, -1, 0.108988794, -0.00688166504, -0.199389844, 0, 0, 0, 0, 0, 0, 0, 0.179160303, 0.0562833008, -0.156240527, 0, 0, 0, 0, 0, 0, 0, 1, 1, 1, 
181.226935, 0.1, 0.1, 0.0861741382, 0.191571036, -0.0199739113, 0.910304572, 0.413939109, -2.52844233e-006, 0.413939109, -0.910304572, -1.15396737e-005, -7.07837485e-006, 9.45799653e-006, -1, 0.910304571, 0.413939112, -6.14406108e-006, 0.413939112, -0.91030457, -2.32275412e-005, -1.52077546e-005, 1.86008697e-005, -1, 0.108988794, -0.00688166504, -0.199389844, 0, 0, 0, 0, 0, 0, 0, 0.179160303, 0.0562833008, -0.156240527, 0, 0, 0, 0, 0, 0, 0, 1, 1, 1, 
181.227639, 0.1, 0.1, 0.0861741755, 0.191570946, -0.019975232, 0.910304576, 0.4139391, -5.28058125e-006, 0.4139391, -0.910304576, -1.05751393e-005, -9.18440092e-006, 7.44075865e-006, -1, 0.910304577, 0.413939099, 2.68429017e-006, 0.413939099, -0.910304576, 1.02199696e-005, 6.67396664e-006, -8.19215245e-006, -1, 0.108988794, -0.00688166504, -0.199389844, 0, 0, 0, 0, 0, 0, 0, 0.179160303, 0.0562833008, -0.156240527, 0, 0, 0, 0, 0, 0, 0, 1, 1, 1, 
181.228342, 0.1, 0.1, 0.0861742114, 0.191570854, -0.0199747195, 0.910304576, 0.4139391, 9.21178392e-006, 0.413939099, -0.910304576, 2.23797309e-005, 1.76493747e-005, -1.65592539e-005, -1, 0.910304576, 0.4139391, 5.01829808e-006, 0.4139391, -0.910304576, 1.25147216e-005, 9.74851228e-006, -9.31493853e-006, -1, 0.108988794, -0.00688166504, -0.199389844, 0, 0, 0, 0, 0, 0, 0, 0.179160303, 0.0562833008, -0.156240527, 0, 0, 0, 0, 0, 0, 0, 1, 1, 1, 
181.229073, 0.1, 0.1, 0.0861742482, 0.191570758, -0.019972365, 0.910304573, 0.413939107, -9.27551405e-006, 0.413939106, -0.910304573, -2.43612716e-005, -1.85276259e-005, 1.83366789e-005, -1, 0.910304573, 0.413939106, -9.80728935e-006, 0.413939106, -0.910304573, -2.61045891e-005, -1.97333306e-005, 1.97035063e-005, -1, 0.110038477, -0.00938762207, -0.199390332, 0, 0, 0, 0, 0, 0, 0, 0.179160303, 0.0562833008, -0.156240527, 0, 0, 0, 0, 0, 0, 0, 1, 1, 1, 
181.22978, 0.1, 0.1, 0.0861742848, 0.19157067, -0.0199690929, 0.910304572, 0.413939109, 3.36236591e-006, 0.413939109, -0.910304572, 1.0412499e-005, 7.37091762e-006, -8.08673069e-006, -1, 0.910304573, 0.413939107, 8.90473422e-006, 0.413939107, -0.910304573, 2.49069632e-005, 1.84159864e-005, -1.89869048e-005, -1, 0.110038477, -0.00938762207, -0.199390332, 0, 0, 0, 0, 0, 0, 0, 0.180126611, 0.0536390137, -0.156639795, 0, 0, 0, 0, 0, 0, 0, 1, 1, 1, 
181.230482, 0.1, 0.1, 0.0861743189, 0.191570578, -0.0199660999, 0.910304567, 0.41393912, 7.02721805e-006, 0.41393912, -0.910304567, 1.64727801e-005, 1.32156368e-005, -1.20864065e-005, -1, 0.910304568, 0.413939119, -4.0029903e-006, 0.413939119, -0.910304567, -1.27504532e-005, -8.92185173e-006, 9.94980154e-006, -1, 0.110038477, -0.00938762207, -0.199390332, 0, 0, 0, 0, 0, 0, 0, 0.180126611, 0.0536390137, -0.156639795, 0, 0, 0, 0, 0, 0, 0, 1, 1, 1, 
181.231184, 0.1, 0.1, 0.0861743538, 0.191570492, -0.0199642612, 0.910304556, 0.413939144, -1.34266689e-005, 0.413939144, -0.910304556, -3.03357084e-005, -2.47794951e-005, 2.20569097e-005, -0.999999999, 0.910304559, 0.413939139, -7.66084312e-006, 0.413939138, -0.910304559, -1.61289818e-005, -1.36501173e-005, 1.15111629e-005, -1, 0.110038477, -0.00938762207, -0.199390332, 0, 0, 0, 0, 0, 0, 0, 0.180126611, 0.0536390137, -0.156639795, 0, 0, 0, 0, 0, 0, 0, 1, 1, 1, 
181.231917, 0.1, 0.1, 0.0861743903, 0.191570403, -0.0199636986, 0.910304546, 0.413939165, 1.3190763e-005, 0.413939165, -0.910304546, 3.39019299e-005, 2.60409481e-005, -2.54009075e-005, -0.999999999, 0.910304548, 0.413939162, 1.33247401e-005, 0.413939161, -0.910304548, 3.52973278e-005, 2.67405178e-005, -2.66156863e-005, -0.999999999, 0.111125391, -0.0123217529, -0.199419263, 0, 0, 0, 0, 0, 0, 0, 0.181104639, 0.0510230469, -0.157022705, 0, 0, 0, 0, 0, 0, 0, 1, 1, 1, 
181.232629, 0.1, 0.1, 0.0861744237, 0.191570313, -0.0199647135, 0.910304537, 0.413939187, -5.19456309e-006, 0.413939187, -0.910304537, -1.32272843e-005, -1.02039257e-005, 9.89062371e-006, -1, 0.910304538, 0.413939184, -1.12469689e-005, 0.413939184, -0.910304538, -2.84670348e-005, -2.20217879e-005, 2.12581098e-005, -1, 0.111125391, -0.0123217529, -0.199419263, 0, 0, 0, 0, 0, 0, 0, 0.181104639, 0.0510230469, -0.157022705, 0, 0, 0, 0, 0, 0, 0, 1, 1, 1, 
181.233333, 0.1, 0.1, 0.0861744586, 0.19157023, -0.0199669421, 0.910304527, 0.413939208, -5.68513005e-006, 0.413939208, -0.910304527, -1.35096158e-005, -1.07673593e-005, 9.94456617e-006, -1, 0.91030453, 0.413939202, 5.29509556e-006, 0.413939202, -0.91030453, 1.48035571e-005, 1.09479221e-005, -1.12838975e-005, -1, 0.111125391, -0.0123217529, -0.199419263, 0, 0, 0, 0, 0, 0, 0, 0.181104639, 0.0510230469, -0.157022705, 0, 0, 0, 0, 0, 0, 0, 1, 1, 1, 
181.234032, 0.1, 0.1, 0.0861744913, 0.191570145, -0.0199697188, 0.910304516, 0.413939232, 9.45945482e-006, 0.413939232, -0.910304516, 2.31929761e-005, 1.82114671e-005, -1.71970314e-005, -1, 0.910304518, 0.413939228, 4.69952174e-006, 0.413939227, -0.910304518, 1.11075435e-005, 8.87584387e-006, -8.16593067e-006, -1, 0.111125391, -0.0123217529, -0.199419263, 0, 0, 0, 0, 0, 0, 0, 0.181104639, 0.0510230469, -0.157022705, 0, 0, 0, 0, 0, 0, 0, 1, 1, 1, 
181.234737, 0.1, 0.1, 0.0861745239, 0.19157006, -0.0199721985, 0.910304501, 0.413939265, -1.01672045e-005, 0.413939265, -0.910304501, -2.55963096e-005, -1.98505696e-005, 1.90918306e-005, -1, 0.910304504, 0.41393926, -1.04119759e-005, 0.413939259, -0.910304503, -2.60385545e-005, -2.02564485e-005, 1.93930878e-005, -1, 0.111125391, -0.0123217529, -0.199419263, 0, 0, 0, 0, 0, 0, 0, 0.181104639, 0.0510230469, -0.157022705, 0, 0, 0, 0, 0, 0, 0, 1, 1, 1, 
181.235443, 0.1, 0.1, 0.0861745575, 0.191569978, -0.0199736346, 0.910304488, 0.413939295, 3.66936928e-006, 0.413939295, -0.910304488, 7.27527438e-006, 6.35176527e-006, -5.10381878e-006, -1, 0.910304491, 0.413939288, 8.22479623e-006, 0.413939288, -0.910304491, 1.90389736e-005, 1.53680481e-005, -1.39266969e-005, -1, 0.111125391, -0.0123217529, -0.199419263, 0, 0, 0, 0, 0, 0, 0, 0.181104639, 0.0510230469, -0.157022705, 0, 0, 0, 0, 0, 0, 0, 1, 1, 1, 
181.236144, 0.1, 0.1, 0.0861745888, 0.191569894, -0.0199736591, 0.910304477, 0.413939319, 2.83412465e-006, 0.413939319, -0.910304477, 1.07247281e-005, 7.01930301e-006, -8.58961239e-006, -1, 0.910304478, 0.413939317, -5.41171136e-006, 0.413939317, -0.910304478, -1.18393219e-005, -9.82706589e-006, 8.5372676e-006, -1, 0.111125391, -0.0123217529, -0.199419263, 0, 0, 0, 0, 0, 0, 0, 0.181104639, 0.0510230469, -0.157022705, 0, 0, 0, 0, 0, 0, 0, 1, 1, 1, 
181.236876, 0.1, 0.1, 0.0861746223, 0.19156981, -0.0199720875, 0.910304469, 0.413939335, -9.35584762e-006, 0.413939335, -0.910304469, -2.68926639e-005, -1.96486013e-005, 2.06077588e-005, -1, 0.910304471, 0.413939332, -5.6722769e-006, 0.413939332, -0.910304471, -1.60251065e-005, -1.17969209e-005, 1.22397475e-005, -1, 0.111529395, -0.0149701416, -0.199528369, 0, 0, 0, 0, 0, 0, 0, 0.181607617, 0.0484388184, -0.157145752, 0, 0, 0, 0, 0, 0, 0, 1, 1, 1, 
181.23758, 0.1, 0.1, 0.0861746545, 0.191569731, -0.0199697193, 0.910304468, 0.413939339, 9.32497675e-006, 0.413939338, -0.910304468, 2.56974653e-005, 1.91257598e-005, -1.95325428e-005, -1, 0.910304468, 0.413939338, 9.63136815e-006, 0.413939337, -0.910304468, 2.68389466e-005, 1.98771732e-005, -2.04448109e-005, -1, 0.111529395, -0.0149701416, -0.199528369, 0, 0, 0, 0, 0, 0, 0, 0.181607617, 0.0484388184, -0.157145752, 0, 0, 0, 0, 0, 0, 0, 1, 1, 1, 
181.238284, 0.1, 0.1, 0.086174685, 0.191569648, -0.019967381, 0.910304467, 0.41393934, -4.29599529e-006, 0.41393934, -0.910304467, -1.02564804e-005, -8.15622444e-006, 7.5582385e-006, -1, 0.910304466, 0.413939342, -9.51024478e-006, 0.413939341, -0.910304466, -2.59767266e-005, -1.94100074e-005, 1.97100658e-005, -1, 0.111529395, -0.0149701416, -0.199528369, 0, 0, 0, 0, 0, 0, 0, 0.181607617, 0.0484388184, -0.157145752, 0, 0, 0, 0, 0, 0, 0, 1, 1, 1, 
181.238986, 0.1, 0.1, 0.0861747172, 0.191569573, -0.0199657554, 0.910304472, 0.413939329, -4.52720947e-006, 0.413939329, -0.910304472, -1.41201421e-005, -9.96602115e-006, 1.09796384e-005, -1, 0.910304471, 0.413939331, 5.61358086e-006, 0.413939331, -0.910304471, 1.53257512e-005, 1.1453999e-005, -1.16274179e-005, -1, 0.111529395, -0.0149701416, -0.199528369, 0, 0, 0, 0, 0, 0, 0, 0.181607617, 0.0484388184, -0.157145752, 0, 0, 0, 0, 0, 0, 0, 1, 1, 1, 
181.239886, 0.1, 0.1, 0.0861747576, 0.191569477, -0.0199638015, 0.910304481, 0.413939308, 2.16332842e-005, 0.413939306, -0.910304481, 5.79379351e-005, 4.36756643e-005, -4.37862953e-005, -0.999999998, 0.91030448, 0.413939311, 1.56875963e-005, 0.413939311, -0.91030448, 3.91133418e-005, 3.0471039e-005, -2.91113375e-005, -0.999999999, 0.111529395, -0.0149701416, -0.199528369, 0, 0, 0, 0, 0, 0, 0, 0.181607617, 0.0484388184, -0.157145752, 0, 0, 0, 0, 0, 0, 0, 1, 1, 1, 
181.24098, 0.1, 0.1, 0.0861748026, 0.191569353, -0.0199574455, 0.910304477, 0.413939317, -2.09692041e-005, 0.413939315, -0.910304476, -5.72146664e-005, -4.27717603e-005, 4.3402789e-005, -0.999999998, 0.910304479, 0.413939313, -2.38247176e-005, 0.413939311, -0.910304478, -6.05708131e-005, -4.67603879e-005, 4.52758953e-005, -0.999999998, 0.111529395, -0.0149701416, -0.199528369, 0, 0, 0, 0, 0, 0, 0, 0.181607617, 0.0484388184, -0.157145752, 0, 0, 0, 0, 0, 0, 0, 1, 1, 1, 
181.241998, 0.1, 0.1, 0.0861748516, 0.191569257, -0.0199493518, 0.910304472, 0.41393933, 2.04306462e-005, 0.413939328, -0.910304471, 5.17445794e-005, 4.00172251e-005, -3.8646274e-005, -0.999999998, 0.910304472, 0.413939328, 2.93244193e-005, 0.413939325, -0.910304471, 7.93349151e-005, 5.95339914e-005, -6.00803977e-005, -0.999999996, 0.112612891, -0.0176762695, -0.199532886, 0, 0, 0, 0, 0, 0, 0, 0.182386816, 0.0456098633, -0.15753501, 0, 0, 0, 0, 0, 0, 0, 1, 1, 1, 
181.242711, 0.1, 0.1, 0.0861748753, 0.191569164, -0.0199492064, 0.91030447, 0.41393933, -4.65946321e-005, 0.413939322, -0.910304467, -0.000123559488, -9.35614335e-005, 9.31894039e-005, -0.999999991, 0.910304469, 0.413939334, -4.82225674e-005, 0.413939325, -0.910304465, -0.000128139999, -9.69394044e-005, 9.66851971e-005, -0.999999991, 0.112612891, -0.0176762695, -0.199532886, 0, 0, 0, 0, 0, 0, 0, 0.182386816, 0.0456098633, -0.15753501, 0, 0, 0, 0, 0, 0, 0, 1, 1, 1, 
181.243432, 0.1, 0.1, 0.0861749056, 0.191569089, -0.0199549634, 0.910304475, 0.41393932, 3.09084114e-005, 0.413939317, -0.910304474, 8.54273117e-005, 6.34977885e-005, -6.49706575e-005, -0.999999996, 0.910304476, 0.413939319, 2.33543052e-005, 0.413939317, -0.910304475, 6.09770451e-005, 4.65003251e-005, -4.5840412e-005, -0.999999998, 0.112612891, -0.0176762695, -0.199532886, 0, 0, 0, 0, 0, 0, 0, 0.182386816, 0.0456098633, -0.15753501, 0, 0, 0, 0, 0, 0, 0, 1, 1, 1, 
181.244161, 0.1, 0.1, 0.0861749374, 0.19156902, -0.0199643337, 0.910304476, 0.41393932, -1.16041672e-005, 0.413939319, -0.910304476, -4.23598245e-005, -2.80977223e-005, 3.37569168e-005, -0.999999999, 0.910304476, 0.413939321, -1.3300654e-006, 0.413939321, -0.910304476, -1.21176754e-005, -6.22674679e-006, 1.04802077e-005, -1, 0.113472412, -0.0203823975, -0.199086157, 0, 0, 0, 0, 0, 0, 0, 0.183157959, 0.0430090332, -0.157682959, 0, 0, 0, 0, 0, 0, 0, 1, 1, 1, 
181.244865, 0.1, 0.1, 0.0861749624, 0.191568945, -0.0199737432, 0.910304488, 0.413939295, 4.5591215e-006, 0.413939295, -0.910304487, 1.48324719e-005, 1.02899317e-005, -1.16148662e-005, -1, 0.910304483, 0.413939305, -6.49836181e-006, 0.413939305, -0.910304483, -2.02012914e-005, -1.42775964e-005, 1.56993988e-005, -1, 0.113472412, -0.0203823975, -0.199086157, 0, 0, 0, 0, 0, 0, 0, 0.183157959, 0.0430090332, -0.157682959, 0, 0, 0, 0, 0, 0, 0, 1, 1, 1, 
181.245579, 0.1, 0.1, 0.0861749913, 0.191568887, -0.0199809563, 0.910304499, 0.413939271, 9.40111129e-006, 0.41393927, -0.910304498, 3.18115947e-005, 2.17259422e-005, -2.50667486e-005, -0.999999999, 0.910304496, 0.413939275, 1.38863772e-005, 0.413939274, -0.910304496, 4.68692261e-005, 3.20418451e-005, -3.69171504e-005, -0.999999999, 0.113472412, -0.0203823975, -0.199086157, 0, 0, 0, 0, 0, 0, 0, 0.183157959, 0.0430090332, -0.157682959, 0, 0, 0, 0, 0, 0, 0, 1, 1, 1, 
181.246284, 0.1, 0.1, 0.0861750145, 0.191568816, -0.0199840116, 0.910304512, 0.413939241, -1.92939397e-005, 0.413939239, -0.910304511, -5.7890223e-005, -4.15263953e-005, 4.47112124e-005, -0.999999998, 0.910304509, 0.413939247, -1.73602277e-005, 0.413939246, -0.910304508, -5.319968e-005, -3.7824529e-005, 4.1241829e-005, -0.999999998, 0.113472412, -0.0203823975, -0.199086157, 0, 0, 0, 0, 0, 0, 0, 0.183157959, 0.0430090332, -0.157682959, 0, 0, 0, 0, 0, 0, 0, 1, 1, 1, 
181.246991, 0.1, 0.1, 0.086175038, 0.191568747, -0.0199824412, 0.910304538, 0.413939184, 7.79483949e-006, 0.413939184, -0.910304538, 2.70369234e-005, 1.82873198e-005, -2.13852446e-005, -1, 0.910304532, 0.413939198, -3.11611729e-006, 0.413939198, -0.910304532, -3.26765259e-006, -4.18922518e-006, 1.68467587e-006, -1, 0.113472412, -0.0203823975, -0.199086157, 0, 0, 0, 0, 0, 0, 0, 0.183157959, 0.0430090332, -0.157682959, 0, 0, 0, 0, 0, 0, 0, 1, 1, 1, 
181.2477, 0.1, 0.1, 0.0861750669, 0.191568694, -0.019977003, 0.910304569, 0.413939115, 1.64785746e-005, 0.413939114, -0.910304569, 3.46509919e-005, 2.93439226e-005, -2.47218297e-005, -0.999999999, 0.910304562, 0.413939131, 2.18942768e-005, 0.413939129, -0.910304561, 5.28052923e-005, 4.17886368e-005, -3.90060006e-005, -0.999999998, 0.113472412, -0.0203823975, -0.199086157, 0, 0, 0, 0, 0, 0, 0, 0.183157959, 0.0430090332, -0.157682959, 0, 0, 0, 0, 0, 0, 0, 1, 1, 1, 
181.248408, 0.1, 0.1, 0.086175089, 0.191568623, -0.0199696104, 0.910304607, 0.413939032, -2.14307716e-005, 0.41393903, -0.910304606, -6.39018431e-005, -4.59599972e-005, 4.92991094e-005, -0.999999998, 0.910304598, 0.413939051, -2.10429557e-005, 0.413939049, -0.910304597, -6.73665658e-005, -4.70411516e-005, 5.26135935e-005, -0.999999998, 0.113472412, -0.0203823975, -0.199086157, 0, 0, 0, 0, 0, 0, 0, 0.183157959, 0.0430090332, -0.157682959, 0, 0, 0, 0, 0, 0, 0, 1, 1, 1, 
181.249139, 0.1, 0.1, 0.0861751145, 0.191568566, -0.0199623542, 0.910304663, 0.413938908, 2.31722042e-005, 0.413938905, -0.910304662, 7.3255697e-005, 5.14171487e-005, -5.70931257e-005, -0.999999997, 0.910304653, 0.41393893, 1.94765695e-005, 0.413938928, -0.910304652, 6.37190853e-005, 4.41054219e-005, -4.99416695e-005, -0.999999998, 0.114108569, -0.0230572754, -0.199037085, 0, 0, 0, 0, 0, 0, 0, 0.183935449, 0.040226709, -0.157814307, 0, 0, 0, 0, 0, 0, 0, 1, 1, 1, 
181.249845, 0.1, 0.1, 0.0861751386, 0.19156851, -0.0199577998, 0.910304718, 0.413938787, -5.52232289e-006, 0.413938787, -0.910304718, -2.98465209e-005, -1.73816293e-005, 2.48835252e-005, -1, 0.910304709, 0.413938808, -5.68932456e-006, 0.413938808, -0.910304709, -2.53938361e-005, -1.56905132e-005, 2.07610964e-005, -1, 0.114108569, -0.0230572754, -0.199037085, 0, 0, 0, 0, 0, 0, 0, 0.183935449, 0.040226709, -0.157814307, 0, 0, 0, 0, 0, 0, 0, 1, 1, 1, 
181.250553, 0.1, 0.1, 0.0861751639, 0.191568454, -0.0199569163, 0.910304759, 0.413938697, 7.29551609e-006, 0.413938697, -0.910304759, -2.08439561e-006, 5.77833102e-006, 4.91733167e-006, -1, 0.910304752, 0.413938713, 1.66647238e-005, 0.413938712, -0.910304752, 2.17224945e-005, 2.41617586e-005, -1.28759156e-005, -1, 0.114108569, -0.0230572754, -0.199037085, 0, 0, 0, 0, 0, 0, 0, 0.183935449, 0.040226709, -0.157814307, 0, 0, 0, 0, 0, 0, 0, 1, 1, 1, 
181.251262, 0.1, 0.1, 0.0861751812, 0.191568394, -0.0199597507, 0.910304904, 0.41393838, -6.84955406e-006, 0.41393838, -0.910304904, -7.61177928e-007, -6.55026341e-006, -2.14238931e-006, -1, 0.910304868, 0.413938458, -3.10842616e-005, 0.413938458, -0.910304868, -7.51649228e-006, -3.14075199e-005, -6.0246718e-006, -0.999999999, 0.114108569, -0.0230572754, -0.199037085, 0, 0, 0, 0, 0, 0, 0, 0.183935449, 0.040226709, -0.157814307, 0, 0, 0, 0, 0, 0, 0, 1, 1, 1, 
181.251965, 0.1, 0.1, 0.0861752125, 0.19156834, -0.0199651762, 0.910305038, 0.413938084, 3.08309163e-005, 0.413938084, -0.910305038, 2.94918419e-005, 4.0273335e-005, -1.40844819e-005, -0.999999999, 0.910305027, 0.413938106, 4.79763389e-005, 0.413938105, -0.910305028, 2.99345047e-005, 5.60641347e-005, -7.39029531e-006, -0.999999998, 0.114108569, -0.0230572754, -0.199037085, 0, 0, 0, 0, 0, 0, 0, 0.183935449, 0.040226709, -0.157814307, 0, 0, 0, 0, 0, 0, 0, 1, 1, 1, 
181.252672, 0.1, 0.1, 0.0861752281, 0.191568281, -0.0199715187, 0.910305047, 0.413938061, -6.09708038e-005, 0.413938061, -0.910305049, -1.63914498e-005, -6.22870755e-005, -1.03169168e-005, -0.999999998, 0.910305034, 0.413938091, -5.32808222e-005, 0.41393809, -0.910305035, -2.72695594e-005, -5.97897101e-005, 2.76865545e-006, -0.999999998, 0.114108569, -0.0230572754, -0.199037085, 0, 0, 0, 0, 0, 0, 0, 0.183935449, 0.040226709, -0.157814307, 0, 0, 0, 0, 0, 0, 0, 1, 1, 1, 
181.25339, 0.1, 0.1, 0.0861752489, 0.191568223, -0.019976827, 0.91030518, 0.41393777, 4.81102664e-005, 0.413937771, -0.91030518, -9.86037572e-006, 3.97134428e-005, 2.88906075e-005, -0.999999999, 0.910305152, 0.413937834, 2.13877456e-005, 0.413937834, -0.910305152, -9.96360027e-006, 1.53450639e-005, 1.79231138e-005, -1, 0.114108569, -0.0230572754, -0.199037085, 0, 0, 0, 0, 0, 0, 0, 0.183935449, 0.040226709, -0.157814307, 0, 0, 0, 0, 0, 0, 0, 1, 1, 1, 
181.254108, 0.1, 0.1, 0.0861752811, 0.191568169, -0.0199792753, 0.91030525, 0.413937618, 1.70143048e-005, 0.413937618, -0.91030525, 2.92953319e-005, 2.76146509e-005, -1.96248336e-005, -0.999999999, 0.910305241, 0.413937636, 4.18548612e-005, 0.413937635, -0.910305242, 1.70950226e-005, 4.51769728e-005, 1.76361358e-006, -0.999999999, 0.115183276, -0.0257586426, -0.198794678, 0, 0, 0, 0, 0, 0, 0, 0.184751514, 0.0376275879, -0.15776416, 0, 0, 0, 0, 0, 0, 0, 1, 1, 1, 
181.254829, 0.1, 0.1, 0.0861752927, 0.191568116, -0.0199783362, 0.910305094, 0.413937957, -6.76407465e-005, 0.413937957, -0.910305096, -1.11399967e-005, -6.61849837e-005, -1.78582767e-005, -0.999999998, 0.910305139, 0.413937856, -6.99674116e-005, 0.413937857, -0.910305141, 2.98767716e-006, -6.24549818e-005, -3.16818583e-005, -0.999999998, 0.115183276, -0.0257586426, -0.198794678, 0, 0, 0, 0, 0, 0, 0, 0.184751514, 0.0376275879, -0.15776416, 0, 0, 0, 0, 0, 0, 0, 1, 1, 1, 
181.255532, 0.1, 0.1, 0.0861753109, 0.191568059, -0.0199748159, 0.910304757, 0.4139387, 3.22395065e-005, 0.4139387, -0.910304758, 9.94170574e-006, 3.34630329e-005, 4.29519738e-006, -0.999999999, 0.91030484, 0.413938519, 6.04891797e-006, 0.413938519, -0.91030484, -1.44738622e-005, -4.84929776e-007, 1.5679507e-005, -1, 0.115183276, -0.0257586426, -0.198794678, 0, 0, 0, 0, 0, 0, 0, 0.184751514, 0.0376275879, -0.15776416, 0, 0, 0, 0, 0, 0, 0, 1, 1, 1, 
181.256249, 0.1, 0.1, 0.0861753426, 0.191568013, -0.0199698262, 0.91030428, 0.413939749, 4.18077775e-005, 0.413939749, -0.910304281, 1.91705564e-005, 4.59932541e-005, -1.45138611e-007, -0.999999999, 0.910304377, 0.413939536, 5.25803601e-005, 0.413939534, -0.910304378, 4.37944059e-005, 6.5992368e-005, -1.81011496e-005, -0.999999998, 0.115183276, -0.0257586426, -0.198794678, 0, 0, 0, 0, 0, 0, 0, 0.184751514, 0.0376275879, -0.15776416, 0, 0, 0, 0, 0, 0, 0, 1, 1, 1, 
181.256952, 0.1, 0.1, 0.08617536, 0.191567952, -0.0199649805, 0.910303987, 0.413940393, -4.60981644e-005, 0.413940391, -0.910303988, -3.6396892e-005, -5.70294867e-005, 1.40503437e-005, -0.999999998, 0.910304023, 0.413940315, -3.85938809e-005, 0.413940312, -0.910304023, -5.3768043e-005, -5.73889257e-005, 3.29697027e-005, -0.999999998, 0.115183276, -0.0257586426, -0.198794678, 0, 0, 0, 0, 0, 0, 0, 0.185534619, 0.0350050293, -0.157702295, 0, 0, 0, 0, 0, 0, 0, 1, 1, 1, 
181.257657, 0.1, 0.1, 0.0861753799, 0.191567905, -0.0199617658, 0.910304004, 0.413940357, 3.8031683e-005, 0.413940357, -0.910304004, 2.36596841e-005, 4.44140914e-005, -5.79465669e-006, -0.999999999, 0.910303975, 0.413940422, 2.2496407e-005, 0.413940421, -0.910303975, 3.89226614e-005, 3.65902316e-005, -2.61192812e-005, -0.999999999, 0.115183276, -0.0257586426, -0.198794678, 0, 0, 0, 0, 0, 0, 0, 0.185534619, 0.0350050293, -0.157702295, 0, 0, 0, 0, 0, 0, 0, 1, 1, 1, 
181.258363, 0.1, 0.1, 0.0861754032, 0.191567847, -0.0199610128, 0.910304319, 0.413939666, -1.79616072e-005, 0.413939666, -0.910304319, -2.66282037e-005, -2.73729984e-005, 1.68047472e-005, -0.999999999, 0.910304235, 0.413939851, -5.88042391e-006, 0.41393985, -0.910304234, -4.5311855e-005, -2.41093573e-005, 3.88134317e-005, -0.999999999, 0.115183276, -0.0257586426, -0.198794678, 0, 0, 0, 0, 0, 0, 0, 0.185534619, 0.0350050293, -0.157702295, 0, 0, 0, 0, 0, 0, 0, 1, 1, 1, 
181.259077, 0.1, 0.1, 0.0861754213, 0.191567801, -0.0199626103, 0.910304829, 0.413938544, -1.11914942e-005, 0.413938544, -0.910304829, 1.29651374e-005, -4.82090111e-006, -1.6434818e-005, -1, 0.910304728, 0.413938766, -5.95914907e-006, 0.413938766, -0.910304727, 3.66260899e-005, 9.73631691e-006, -3.58076256e-005, -0.999999999, 0.11620647, -0.0282503174, -0.198521753, 0, 0, 0, 0, 0, 0, 0, 0.185534619, 0.0350050293, -0.157702295, 0, 0, 0, 0, 0, 0, 0, 1, 1, 1, 
181.259781, 0.1, 0.1, 0.0861754435, 0.191567746, -0.0199661091, 0.910305197, 0.413937736, 9.41409503e-006, 0.413937736, -0.910305197, -1.06828128e-005, 4.14768029e-006, 1.36214692e-005, -1, 0.910305134, 0.413937873, 1.88926383e-005, 0.413937874, -0.910305133, -2.51814192e-005, 6.7745225e-006, 3.07431537e-005, -1, 0.11620647, -0.0282503174, -0.198521753, 0, 0, 0, 0, 0, 0, 0, 0.185534619, 0.0350050293, -0.157702295, 0, 0, 0, 0, 0, 0, 0, 1, 1, 1, 
181.260485, 0.1, 0.1, 0.0861754615, 0.1915677, -0.0199703371, 0.910305513, 0.41393704, 1.07941149e-005, 0.413937039, -0.910305513, 1.96454303e-005, 1.79579135e-005, -1.34152595e-005, -1, 0.910305441, 0.413937199, -1.07945232e-006, 0.413937198, -0.91030544, 3.07844368e-005, 1.17601922e-005, -2.84700658e-005, -1, 0.11620647, -0.0282503174, -0.198521753, 0, 0, 0, 0, 0, 0, 0, 0.185534619, 0.0350050293, -0.157702295, 0, 0, 0, 0, 0, 0, 0, 1, 1, 1, 
181.261212, 0.1, 0.1, 0.0861754808, 0.191567644, -0.0199739329, 0.910305994, 0.413935981, -2.52496164e-005, 0.413935981, -0.910305994, -2.2913411e-005, -3.24695625e-005, 1.04064907e-005, -0.999999999, 0.910305891, 0.413936208, -1.86409423e-005, 0.413936207, -0.910305891, -3.37266654e-005, -3.09296476e-005, 2.29854213e-005, -0.999999999, 0.117047559, -0.0306876709, -0.198417139, 0, 0, 0, 0, 0, 0, 0, 0.186290869, 0.0321909668, -0.157613818, 0, 0, 0, 0, 0, 0, 0, 1, 1, 1, 
181.261915, 0.1, 0.1, 0.0861755, 0.191567599, -0.0199756583, 0.910306594, 0.413934663, 2.48713976e-005, 0.413934662, -0.910306594, 1.75543518e-005, 2.9906952e-005, -5.68470864e-006, -1, 0.910306465, 0.413934946, 1.53134918e-005, 0.413934946, -0.910306465, 2.71390963e-005, 2.51737909e-005, -1.83661055e-005, -1, 0.117047559, -0.0306876709, -0.198417139, 0, 0, 0, 0, 0, 0, 0, 0.186290869, 0.0321909668, -0.157613818, 0, 0, 0, 0, 0, 0, 0, 1, 1, 1, 
181.262622, 0.1, 0.1, 0.0861755212, 0.191567546, -0.0199753899, 0.91030731, 0.413933088, -1.06253007e-005, 0.413933088, -0.91030731, -1.51290095e-005, -1.59346865e-005, 9.3738844e-006, -1, 0.910307161, 0.413933416, -3.21900507e-006, 0.413933416, -0.910307161, -2.64325034e-005, -1.38715798e-005, 2.27292434e-005, -1, 0.117047559, -0.0306876709, -0.198417139, 0, 0, 0, 0, 0, 0, 0, 0.186290869, 0.0321909668, -0.157613818, 0, 0, 0, 0, 0, 0, 0, 1, 1, 1, 
181.263324, 0.1, 0.1, 0.0861755389, 0.191567502, -0.0199733588, 0.910308076, 0.413931402, -6.38086901e-006, 0.413931402, -0.910308076, 2.28442446e-006, -4.86296157e-006, -4.7207721e-006, -1, 0.910307926, 0.413931733, -2.30109713e-006, 0.413931733, -0.910307926, 2.0231694e-005, 6.27983322e-006, -1.93695686e-005, -1, 0.117047559, -0.0306876709, -0.198417139, 0, 0, 0, 0, 0, 0, 0, 0.186290869, 0.0321909668, -0.157613818, 0, 0, 0, 0, 0, 0, 0, 1, 1, 1, 
181.264025, 0.1, 0.1, 0.0861755611, 0.191567451, -0.0199702929, 0.910308656, 0.413930128, 1.79432728e-005, 0.413930128, -0.910308656, -1.48780529e-006, 1.57180691e-005, 8.78162324e-006, -1, 0.910308558, 0.413930342, 2.86375652e-005, 0.413930342, -0.910308558, -1.50487772e-005, 1.98398752e-005, 2.55529878e-005, -0.999999999, 0.117047559, -0.0306876709, -0.198417139, 0, 0, 0, 0, 0, 0, 0, 0.186290869, 0.0321909668, -0.157613818, 0, 0, 0, 0, 0, 0, 0, 1, 1, 1, 
181.264727, 0.1, 0.1, 0.0861755735, 0.191567406, -0.0199671613, 0.910309006, 0.413929356, -2.6931882e-005, 0.413929356, -0.910309007, -1.1369196e-006, -2.49869392e-005, -1.01129484e-005, -1, 0.910308949, 0.413929481, -4.27965487e-005, 0.413929482, -0.91030895, 1.06315305e-005, -3.45573774e-005, -2.73927306e-005, -0.999999999, 0.117047559, -0.0306876709, -0.198417139, 0, 0, 0, 0, 0, 0, 0, 0.186290869, 0.0321909668, -0.157613818, 0, 0, 0, 0, 0, 0, 0, 1, 1, 1, 
181.265438, 0.1, 0.1, 0.0861755998, 0.191567357, -0.0199648269, 0.910309157, 0.413929024, 4.14113126e-005, 0.413929024, -0.910309158, 9.14847495e-006, 4.14839165e-005, 8.81340368e-006, -0.999999999, 0.910309142, 0.413929056, 5.55655187e-005, 0.413929057, -0.910309143, -4.78725484e-006, 4.86002158e-005, 2.73580646e-005, -0.999999998, 0.117047559, -0.0306876709, -0.198417139, 0, 0, 0, 0, 0, 0, 0, 0.186290869, 0.0321909668, -0.157613818, 0, 0, 0, 0, 0, 0, 0, 1, 1, 1, 
181.266166, 0.1, 0.1, 0.0861756137, 0.191567314, -0.0199636423, 0.910309101, 0.413929149, -2.6331129e-005, 0.413929149, -0.910309101, -7.37989307e-008, -2.40000139e-005, -1.0832042e-005, -1, 0.910309125, 0.413929095, -4.11048636e-005, 0.413929096, -0.910309125, 1.60612958e-005, -3.07698948e-005, -3.16352432e-005, -0.999999999, 0.117885962, -0.0333591309, -0.198108936, 0, 0, 0, 0, 0, 0, 0, 0.187040771, 0.029578418, -0.157512158, 0, 0, 0, 0, 0, 0, 0, 1, 1, 1, 
181.266866, 0.1, 0.1, 0.0861756394, 0.191567265, -0.0199642075, 0.910308863, 0.413929671, 4.18070399e-005, 0.413929672, -0.910308863, -3.70889125e-006, 3.65220989e-005, 2.06814109e-005, -0.999999999, 0.910308919, 0.413929546, 5.61321551e-005, 0.413929547, -0.91030892, -1.64788186e-005, 4.42765316e-005, 3.82355732e-005, -0.999999998, 0.117885962, -0.0333591309, -0.198108936, 0, 0, 0, 0, 0, 0, 0, 0.187040771, 0.029578418, -0.157512158, 0, 0, 0, 0, 0, 0, 0, 1, 1, 1, 
181.267568, 0.1, 0.1, 0.0861756524, 0.191567221, -0.019966301, 0.910308478, 0.413930518, -2.92181433e-005, 0.413930518, -0.910308479, -8.94185522e-006, -3.02988303e-005, -3.95443456e-006, -1, 0.910308563, 0.413930331, -4.14114212e-005, 0.413930331, -0.910308564, 3.81426536e-006, -3.61183312e-005, -2.06136017e-005, -0.999999999, 0.117885962, -0.0333591309, -0.198108936, 0, 0, 0, 0, 0, 0, 0, 0.187040771, 0.029578418, -0.157512158, 0, 0, 0, 0, 0, 0, 0, 1, 1, 1, 
181.268273, 0.1, 0.1, 0.0861756756, 0.191567173, -0.0199691545, 0.910307972, 0.413931631, 3.04645915e-005, 0.413931631, -0.910307972, -2.7218723e-006, 2.66054915e-005, 1.50880001e-005, -1, 0.91030808, 0.413931392, 4.24452216e-005, 0.413931393, -0.910308081, -1.65672837e-005, 3.17805094e-005, 3.26507419e-005, -0.999999999, 0.117885962, -0.0333591309, -0.198108936, 0, 0, 0, 0, 0, 0, 0, 0.187040771, 0.029578418, -0.157512158, 0, 0, 0, 0, 0, 0, 0, 1, 1, 1, 
181.268975, 0.1, 0.1, 0.0861756882, 0.191567131, -0.0199718517, 0.910307367, 0.413932961, -2.82569706e-005, 0.413932961, -0.910307368, 3.48739316e-006, -2.42789815e-005, -1.48710912e-005, -1, 0.91030749, 0.413932691, -3.85373173e-005, 0.413932692, -0.91030749, 1.29568401e-005, -2.97175489e-005, -2.77465641e-005, -0.999999999, 0.117885962, -0.0333591309, -0.198108936, 0, 0, 0, 0, 0, 0, 0, 0.187040771, 0.029578418, -0.157512158, 0, 0, 0, 0, 0, 0, 0, 1, 1, 1, 
181.269683, 0.1, 0.1, 0.0861757098, 0.191567086, -0.0199735976, 0.910306697, 0.413934434, 2.34531037e-005, 0.413934434, -0.910306698, 9.25201747e-006, 2.5179246e-005, 1.28587376e-006, -1, 0.910306832, 0.413934138, 3.38914187e-005, 0.413934138, -0.910306833, -8.9393753e-007, 3.04815588e-005, 1.48425726e-005, -0.999999999, 0.117885962, -0.0333591309, -0.198108936, 0, 0, 0, 0, 0, 0, 0, 0.187040771, 0.029578418, -0.157512158, 0, 0, 0, 0, 0, 0, 0, 1, 1, 1, 
181.270388, 0.1, 0.1, 0.0861757223, 0.191567046, -0.0199739199, 0.910305975, 0.413936023, -2.51422079e-005, 0.413936023, -0.910305975, 2.82065836e-006, -2.171953e-005, -1.29749277e-005, -1, 0.910306122, 0.413935699, -3.54691664e-005, 0.413935699, -0.910306123, 1.46123152e-005, -2.62392404e-005, -2.79836342e-005, -0.999999999, 0.117885962, -0.0333591309, -0.198108936, 0, 0, 0, 0, 0, 0, 0, 0.187040771, 0.029578418, -0.157512158, 0, 0, 0, 0, 0, 0, 0, 1, 1, 1, 
181.271116, 0.1, 0.1, 0.0861757445, 0.191567, -0.0199725624, 0.910305179, 0.413937774, 2.3332464e-005, 0.413937774, -0.910305179, 5.17763942e-007, 2.14539849e-005, 9.18686502e-006, -1, 0.910305332, 0.413937436, 3.51769178e-005, 0.413937436, -0.910305333, -9.24417292e-006, 2.81952266e-005, 2.29760631e-005, -0.999999999, 0.118517358, -0.0362429687, -0.197795972, 0, 0, 0, 0, 0, 0, 0, 0.187787256, 0.0267443359, -0.157413672, 0, 0, 0, 0, 0, 0, 0, 1, 1, 1, 
181.271818, 0.1, 0.1, 0.0861757558, 0.191566959, -0.0199703237, 0.910304369, 0.413939554, -2.74650285e-005, 0.413939554, -0.91030437, -8.29137315e-006, -2.84336628e-005, -3.82118846e-006, -1, 0.910304531, 0.413939196, -4.02026487e-005, 0.413939197, -0.910304532, 3.33785248e-006, -3.52149854e-005, -1.96799144e-005, -0.999999999, 0.118517358, -0.0362429687, -0.197795972, 0, 0, 0, 0, 0, 0, 0, 0.187787256, 0.0267443359, -0.157413672, 0, 0, 0, 0, 0, 0, 0, 1, 1, 1, 
181.272522, 0.1, 0.1, 0.0861757778, 0.191566913, -0.0199679438, 0.910303504, 0.413941456, 2.80132672e-005, 0.413941456, -0.910303505, 3.85456635e-007, 2.56601318e-005, 1.12449701e-005, -1, 0.910303679, 0.41394107, 4.14738239e-005, 0.413941071, -0.91030368, -1.29206929e-005, 3.2405369e-005, 2.89294733e-005, -0.999999999, 0.118517358, -0.0362429687, -0.197795972, 0, 0, 0, 0, 0, 0, 0, 0.187787256, 0.0267443359, -0.157413672, 0, 0, 0, 0, 0, 0, 0, 1, 1, 1, 
181.273238, 0.1, 0.1, 0.0861757884, 0.191566873, -0.0199660445, 0.910302562, 0.413943529, -3.10635179e-005, 0.413943529, -0.910302562, -4.65757966e-006, -3.02051749e-005, -8.61873552e-006, -1, 0.910302748, 0.413943118, -4.52975657e-005, 0.413943119, -0.910302749, 8.43762655e-006, -3.77418011e-005, -2.64314102e-005, -0.999999999, 0.11911543, -0.0388831787, -0.197859668, 0, 0, 0, 0, 0, 0, 0, 0.187787256, 0.0267443359, -0.157413672, 0, 0, 0, 0, 0, 0, 0, 1, 1, 1, 
181.273952, 0.1, 0.1, 0.0861758116, 0.191566828, -0.0199649739, 0.910301561, 0.41394573, 3.53989604e-005, 0.41394573, -0.910301561, 2.25280195e-006, 3.31562666e-005, 1.26025193e-005, -0.999999999, 0.910301757, 0.413945296, 4.96494325e-005, 0.413945297, -0.910301758, -1.21014439e-005, 4.01866299e-005, 3.15681148e-005, -0.999999999, 0.11911543, -0.0388831787, -0.197859668, 0, 0, 0, 0, 0, 0, 0, 0.188212354, 0.0241417969, -0.157461768, 0, 0, 0, 0, 0, 0, 0, 1, 1, 1, 
181.274661, 0.1, 0.1, 0.086175822, 0.19156679, -0.0199652712, 0.910300503, 0.413948056, -3.2284052e-005, 0.413948057, -0.910300503, -1.51874804e-007, -2.9451057e-005, -1.32256689e-005, -0.999999999, 0.910300713, 0.413947592, -4.58662364e-005, 0.413947593, -0.910300714, 1.31967588e-005, -3.62893012e-005, -3.09992371e-005, -0.999999999, 0.11911543, -0.0388831787, -0.197859668, 0, 0, 0, 0, 0, 0, 0, 0.188212354, 0.0241417969, -0.157461768, 0, 0, 0, 0, 0, 0, 0, 1, 1, 1, 
181.275371, 0.1, 0.1, 0.0861758439, 0.191566747, -0.0199667036, 0.910299401, 0.413950479, 3.13306136e-005, 0.413950479, -0.910299402, 5.33599094e-006, 3.07290749e-005, 8.11197316e-006, -0.999999999, 0.91029963, 0.413949974, 4.50407398e-005, 0.413949975, -0.910299631, -8.55213105e-006, 3.74604144e-005, 2.64296148e-005, -0.999999999, 0.11911543, -0.0388831787, -0.197859668, 0, 0, 0, 0, 0, 0, 0, 0.188212354, 0.0241417969, -0.157461768, 0, 0, 0, 0, 0, 0, 0, 1, 1, 1, 
181.276075, 0.1, 0.1, 0.0861758541, 0.19156671, -0.0199687219, 0.910298268, 0.413952972, -3.17840862e-005, 0.413952972, -0.910298268, 2.75595804e-006, -2.77921616e-005, -1.56658608e-005, -0.999999999, 0.910298492, 0.413952478, -4.37348899e-005, 0.413952479, -0.910298492, 1.50820265e-005, -3.35685621e-005, -3.18333121e-005, -0.999999999, 0.11911543, -0.0388831787, -0.197859668, 0, 0, 0, 0, 0, 0, 0, 0.188212354, 0.0241417969, -0.157461768, 0, 0, 0, 0, 0, 0, 0, 1, 1, 1, 
181.276778, 0.1, 0.1, 0.0861758744, 0.191566669, -0.0199707685, 0.91029712, 0.413955497, 2.81495337e-005, 0.413955497, -0.91029712, 3.4002392e-006, 2.70319872e-005, 8.55742627e-006, -1, 0.910297345, 0.413955, 3.89042951e-005, 0.413955, -0.910297346, -7.51404817e-006, 3.23039988e-005, 2.29446456e-005, -0.999999999, 0.11911543, -0.0388831787, -0.197859668, 0, 0, 0, 0, 0, 0, 0, 0.188212354, 0.0241417969, -0.157461768, 0, 0, 0, 0, 0, 0, 0, 1, 1, 1, 
181.277483, 0.1, 0.1, 0.0861758855, 0.191566632, -0.0199722515, 0.910295961, 0.413958044, -2.41376282e-005, 0.413958045, -0.910295961, -1.46281299e-006, -2.25779287e-005, -8.66037262e-006, -1, 0.910296188, 0.413957545, -3.5231571e-005, 0.413957545, -0.910296188, 9.76237449e-006, -2.80299562e-005, -2.34710269e-005, -0.999999999, 0.11911543, -0.0388831787, -0.197859668, 0, 0, 0, 0, 0, 0, 0, 0.188212354, 0.0241417969, -0.157461768, 0, 0, 0, 0, 0, 0, 0, 1, 1, 1, 
181.278185, 0.1, 0.1, 0.0861759058, 0.191566591, -0.0199727634, 0.910294809, 0.413960578, 2.75309748e-005, 0.413960578, -0.910294809, 3.38369526e-007, 2.52013751e-005, 1.10887222e-005, -1, 0.910295035, 0.41396008, 3.82862485e-005, 0.413960081, -0.910295035, -1.00453463e-005, 3.06934096e-005, 2.49932073e-005, -0.999999999, 0.11911543, -0.0388831787, -0.197859668, 0, 0, 0, 0, 0, 0, 0, 0.188212354, 0.0241417969, -0.157461768, 0, 0, 0, 0, 0, 0, 0, 1, 1, 1, 
181.278913, 0.1, 0.1, 0.0861759167, 0.191566553, -0.0199719446, 0.910293615, 0.413963203, -2.45822512e-005, 0.413963203, -0.910293615, -4.600968e-006, -2.42816977e-005, -5.98791565e-006, -1, 0.910293841, 0.413962706, -3.62961848e-005, 0.413962707, -0.910293841, 6.66263854e-006, -3.02821096e-005, -2.10902258e-005, -0.999999999, 0.119696777, -0.0415573242, -0.197506787, 0, 0, 0, 0, 0, 0, 0, 0.18865625, 0.0215058105, -0.157543311, 0, 0, 0, 0, 0, 0, 0, 1, 1, 1, 
181.279615, 0.1, 0.1, 0.0861759369, 0.191566513, -0.0199703913, 0.910292464, 0.413965735, 2.7347037e-005, 0.413965735, -0.910292464, 5.6714841e-007, 2.51285817e-005, 1.08044653e-005, -1, 0.91029269, 0.413965235, 3.95994598e-005, 0.413965236, -0.910292691, -1.11508212e-005, 3.14310465e-005, 2.65433108e-005, -0.999999999, 0.119696777, -0.0415573242, -0.197506787, 0, 0, 0, 0, 0, 0, 0, 0.18865625, 0.0215058105, -0.157543311, 0, 0, 0, 0, 0, 0, 0, 1, 1, 1, 
181.280316, 0.1, 0.1, 0.0861759465, 0.191566477, -0.0199686529, 0.9102913, 0.413968295, -2.70017473e-005, 0.413968295, -0.9102913, -5.20243384e-006, -2.67330984e-005, -6.44213704e-006, -1, 0.910291533, 0.413967781, -4.02279988e-005, 0.413967782, -0.910291533, 7.3496907e-006, -3.35766715e-005, -2.33434566e-005, -0.999999999, 0.119696777, -0.0415573242, -0.197506787, 0, 0, 0, 0, 0, 0, 0, 0.18865625, 0.0215058105, -0.157543311, 0, 0, 0, 0, 0, 0, 0, 1, 1, 1, 
181.281019, 0.1, 0.1, 0.0861759671, 0.191566437, -0.0199672277, 0.910290118, 0.413970894, 3.10101553e-005, 0.413970894, -0.910290118, 1.5520216e-006, 2.88707297e-005, 1.14245118e-005, -1, 0.910290352, 0.413970378, 4.46138973e-005, 0.413970379, -0.910290352, -1.16767917e-005, 3.57777544e-005, 2.90981028e-005, -0.999999999, 0.119696777, -0.0415573242, -0.197506787, 0, 0, 0, 0, 0, 0, 0, 0.18865625, 0.0215058105, -0.157543311, 0, 0, 0, 0, 0, 0, 0, 1, 1, 1, 
181.281736, 0.1, 0.1, 0.0861759757, 0.191566402, -0.0199663662, 0.910288882, 0.413973611, -3.31914699e-005, 0.413973611, -0.910288882, -2.99620901e-006, -3.14541775e-005, -1.10129769e-005, -0.999999999, 0.910289122, 0.413973081, -4.69375846e-005, 0.413973082, -0.910289123, 1.02165082e-005, -3.84974134e-005, -2.87308728e-005, -0.999999999, 0.119696777, -0.0415573242, -0.197506787, 0, 0, 0, 0, 0, 0, 0, 0.189103564, 0.0188698242, -0.157388428, 0, 0, 0, 0, 0, 0, 0, 1, 1, 1, 
181.282443, 0.1, 0.1, 0.0861759958, 0.191566362, -0.0199664031, 0.910287639, 0.413976345, 3.04401632e-005, 0.413976345, -0.910287639, 2.79965558e-006, 2.88682955e-005, 1.00530156e-005, -1, 0.910287885, 0.413975802, 4.37663645e-005, 0.413975803, -0.910287886, -1.06477691e-005, 3.54320726e-005, 2.78107511e-005, -0.999999999, 0.119696777, -0.0415573242, -0.197506787, 0, 0, 0, 0, 0, 0, 0, 0.189103564, 0.0188698242, -0.157388428, 0, 0, 0, 0, 0, 0, 0, 1, 1, 1, 
181.283149, 0.1, 0.1, 0.0861760042, 0.191566329, -0.0199672373, 0.910286377, 0.413979119, -3.20854222e-005, 0.413979119, -0.910286377, -6.81108573e-007, -2.94888875e-005, -1.2662691e-005, -0.999999999, 0.910286625, 0.413978573, -4.51383006e-005, 0.413978573, -0.910286626, 1.21845119e-005, -3.60446645e-005, -2.97776875e-005, -0.999999999, 0.119696777, -0.0415573242, -0.197506787, 0, 0, 0, 0, 0, 0, 0, 0.189103564, 0.0188698242, -0.157388428, 0, 0, 0, 0, 0, 0, 0, 1, 1, 1, 
