time, realDorsalTactorPos, realVentralTactorPos, boxPosX, boxPosY, boxPosZ, boxLocalRot_11, boxLocalRot_12, boxLocalRot_13, boxLocalRot_21, boxLocalRot_22, boxLocalRot_23, boxLocalRot_31, boxLocalRot_32, boxLocalRot_33, boxGlobalRot_11, boxGlobalRot_12, boxGlobalRot_13], boxGlobalRot_21, boxGlobalRot_22, boxGlobalRot_23, boxGlobalRot_31, boxGlobalRot_32, boxGlobalRot_33, indexPosX, indexPosY, indexPosZ, indexContact, indexForceX, indexForceY, indexForceZ, indexForceGlobalX, indexForceGlobalY, indexForceGlobalZ, thumbPosX, thumbPosY, thumbPosZ, thumbContact, thumbForceX, thumbForceY, thumbForceZ, thumbForceGlobalX, thumbForceGlobalY, thumbForceGlobalZ, hoopSuccess, targetSuccess, trialSuccess, 
71.115939, 0.1, 0.1, 0.0919453554, 0.177178035, -0.0199658396, 0.844471877, 1.39042883e-005, -0.535599896, 0.535599895, 2.45238356e-005, 0.844471877, 2.48767442e-005, -1, 1.32625542e-005, 0.84447181, 1.69159598e-006, -0.535600002, 0.535600001, 4.00524146e-005, 0.84447181, 2.28805784e-005, -0.999999999, 3.29171162e-005, 0.142537402, -0.0664716553, -0.121607275, 0, 0, 0, 0, 0, 0, 0, 0.19029248, -0.0214659668, -0.0927879883, 0, 0, 0, 0, 0, 0, 0, 1, 1, 1, 
71.1443128, 0.1, 0.1, 0.091945347, 0.177178021, -0.0199726957, 0.84446591, -2.81800608e-005, -0.535609304, 0.535609304, -1.1861374e-006, 0.84446591, -2.44324069e-005, -1, 1.40918502e-005, 0.844465998, -2.24369577e-005, -0.535609166, 0.535609166, 1.39540494e-005, 0.844465998, -1.14733311e-005, -1, 2.38011604e-005, 0.144735913, -0.0877232666, -0.116751147, 0, 0, 0, 0, 0, 0, 0, 0.191044531, -0.0419813965, -0.0878460449, 0, 0, 0, 0, 0, 0, 0, 1, 1, 1, 
71.1450175, 0.1, 0.1, 0.0919453461, 0.177178021, -0.0199731037, 0.844465372, 1.5027333e-005, -0.535610153, 0.535610152, 2.537042e-005, 0.844465372, 2.62787169e-005, -1, 1.33756491e-005, 0.844465494, 1.35641027e-005, -0.535609959, 0.535609959, 4.7332066e-006, 0.844465494, 1.39895693e-005, -1, -3.26803885e-006, 0.144735913, -0.0877232666, -0.116751147, 0, 0, 0, 0, 0, 0, 0, 0.191044531, -0.0419813965, -0.0878460449, 0, 0, 0, 0, 0, 0, 0, 1, 1, 1, 
71.1457251, 0.1, 0.1, 0.0919453454, 0.177178024, -0.0199723201, 0.844464764, -1.52607047e-005, -0.535611111, 0.535611111, -2.81226639e-005, 0.844464764, -2.79499387e-005, -0.999999999, -1.55747958e-005, 0.844464881, -8.77960372e-006, -0.535610927, 0.535610927, -1.36105517e-005, 0.844464881, -1.47040272e-005, -1, -6.79118122e-006, 0.144735913, -0.0877232666, -0.116751147, 0, 0, 0, 0, 0, 0, 0, 0.191044531, -0.0419813965, -0.0878460449, 0, 0, 0, 0, 0, 0, 0, 1, 1, 1, 
71.1464526, 0.1, 0.1, 0.0919453436, 0.177178026, -0.01997053, 0.844464276, 1.77071653e-005, -0.53561188, 0.53561188, 2.98222861e-005, 0.844464276, 3.09262392e-005, -0.999999999, 1.56996872e-005, 0.844464353, 3.86207127e-006, -0.535611759, 0.535611759, 2.43646162e-005, 0.844464353, 1.63113565e-005, -1, 1.85064791e-005, 0.145069849, -0.0904506348, -0.115763477, 0, 0, 0, 0, 0, 0, 0, 0.191044531, -0.0419813965, -0.0878460449, 0, 0, 0, 0, 0, 0, 0, 1, 1, 1, 
71.1471537, 0.1, 0.1, 0.0919453454, 0.177178025, -0.0199683567, 0.844464093, -1.84150322e-005, -0.535612169, 0.535612168, -2.88643504e-005, 0.844464093, -3.10109308e-005, -0.999999999, -1.45115922e-005, 0.844464102, 3.69051916e-008, -0.535612156, 0.535612155, -3.01820362e-005, 0.844464101, -1.61347004e-005, -1, -2.5507413e-005, 0.145069849, -0.0904506348, -0.115763477, 0, 0, 0, 0, 0, 0, 0, 0.1909, -0.0445138672, -0.0869743164, 0, 0, 0, 0, 0, 0, 0, 1, 1, 1, 
71.1478583, 0.1, 0.1, 0.0919453433, 0.177178027, -0.019966613, 0.844464212, 3.62720147e-005, -0.535611981, 0.535611981, 2.06215324e-006, 0.844464212, 3.17349323e-005, -0.999999999, -1.7686311e-005, 0.844464163, 1.1927862e-005, -0.535612058, 0.535612058, 1.19893646e-005, 0.844464164, 1.64943002e-005, -1, 3.73588206e-006, 0.145069849, -0.0904506348, -0.115763477, 0, 0, 0, 0, 0, 0, 0, 0.1909, -0.0445138672, -0.0869743164, 0, 0, 0, 0, 0, 0, 0, 1, 1, 1, 
71.1485585, 0.1, 0.1, 0.0919453442, 0.177178027, -0.0199658309, 0.844464483, -3.95571797e-005, -0.535611553, 0.535611553, -5.46364351e-006, 0.844464483, -3.63310239e-005, -0.999999999, 1.65734296e-005, 0.84446443, -1.99475631e-005, -0.535611638, 0.535611638, -5.58662953e-006, 0.84446443, -1.98372713e-005, -1, 5.96643701e-006, 0.145069849, -0.0904506348, -0.115763477, 0, 0, 0, 0, 0, 0, 0, 0.1909, -0.0445138672, -0.0869743164, 0, 0, 0, 0, 0, 0, 0, 1, 1, 1, 
71.1492674, 0.1, 0.1, 0.0919453427, 0.177178025, -0.0199661238, 0.84446466, 3.64229791e-005, -0.535611274, 0.535611274, -2.8203876e-006, 0.84446466, 2.92472873e-005, -0.999999999, -2.18902759e-005, 0.844464648, 2.34672845e-005, -0.535611294, 0.535611294, -1.35972109e-005, 0.844464648, 1.25344724e-005, -1, -2.40517066e-005, 0.145069849, -0.0904506348, -0.115763477, 0, 0, 0, 0, 0, 0, 0, 0.1909, -0.0445138672, -0.0869743164, 0, 0, 0, 0, 0, 0, 0, 1, 1, 1, 
71.1499768, 0.1, 0.1, 0.0919453415, 0.17717803, -0.0199672533, 0.844464555, -3.32798333e-005, -0.535611439, 0.535611439, -6.29456116e-006, 0.844464556, -3.14750786e-005, -0.999999999, 1.25095256e-005, 0.844464603, -2.63141346e-005, -0.535611365, 0.535611365, 1.12203877e-005, 0.844464603, -1.62115881e-005, -1, 2.35693698e-005, 0.145069849, -0.0904506348, -0.115763477, 0, 0, 0, 0, 0, 0, 0, 0.1909, -0.0445138672, -0.0869743164, 0, 0, 0, 0, 0, 0, 0, 1, 1, 1, 
71.150684, 0.1, 0.1, 0.0919453406, 0.177178029, -0.0199688803, 0.844464178, 1.82389267e-005, -0.535612034, 0.535612034, 2.71112582e-005, 0.844464178, 2.99232364e-005, -0.999999999, 1.31254978e-005, 0.844464275, 1.62254223e-005, -0.535611882, 0.535611882, 2.34672147e-006, 0.844464275, 1.49587214e-005, -1, -6.70880654e-006, 0.145069849, -0.0904506348, -0.115763477, 0, 0, 0, 0, 0, 0, 0, 0.1909, -0.0445138672, -0.0869743164, 0, 0, 0, 0, 0, 0, 0, 1, 1, 1, 
71.1514179, 0.1, 0.1, 0.0919453402, 0.177178032, -0.0199703442, 0.84446367, -1.61532538e-005, -0.535612835, 0.535612834, -3.10605168e-005, 0.84446367, -3.02772475e-005, -0.999999999, -1.75775879e-005, 0.844463765, -9.16680346e-006, -0.535612687, 0.535612686, -1.59780551e-005, 0.844463765, -1.62990824e-005, -1, -8.58303237e-006, 0.145553174, -0.0927465332, -0.114736499, 0, 0, 0, 0, 0, 0, 0, 0.191139453, -0.0466882324, -0.0863109375, 0, 0, 0, 0, 0, 0, 0, 1, 1, 1, 
71.1521201, 0.1, 0.1, 0.0919453379, 0.177178033, -0.0199711579, 0.844463296, 1.3485793e-005, -0.535613425, 0.535613425, 2.77522386e-005, 0.844463296, 2.62527288e-005, -1, 1.62125751e-005, 0.844463349, 6.52403562e-007, -0.535613342, 0.535613342, 2.13872243e-005, 0.844463349, 1.20062136e-005, -1, 1.7711291e-005, 0.145553174, -0.0927465332, -0.114736499, 0, 0, 0, 0, 0, 0, 0, 0.191139453, -0.0466882324, -0.0863109375, 0, 0, 0, 0, 0, 0, 0, 1, 1, 1, 
71.1528239, 0.1, 0.1, 0.0919453395, 0.177178033, -0.0199713946, 0.844463185, -1.56788865e-005, -0.5356136, 0.5356136, -2.23156911e-005, 0.844463185, -2.51928301e-005, -1, -1.04469548e-005, 0.844463183, 7.65685772e-007, -0.535613604, 0.535613603, -2.39388434e-005, 0.844463183, -1.21753767e-005, -1, -2.06255836e-005, 0.145553174, -0.0927465332, -0.114736499, 0, 0, 0, 0, 0, 0, 0, 0.191139453, -0.0466882324, -0.0863109375, 0, 0, 0, 0, 0, 0, 0, 1, 1, 1, 
71.1535406, 0.1, 0.1, 0.091945338, 0.177178035, -0.0199709454, 0.844463343, 3.4424252e-005, -0.53561335, 0.53561335, 6.42262073e-006, 0.844463344, 3.25100603e-005, -0.999999999, -1.30144211e-005, 0.844463286, 1.14100871e-005, -0.535613442, 0.535613442, 1.53890922e-005, 0.844463286, 1.78780043e-005, -1, 6.88412733e-006, 0.145553174, -0.0927465332, -0.114736499, 0, 0, 0, 0, 0, 0, 0, 0.191139453, -0.0466882324, -0.0863109375, 0, 0, 0, 0, 0, 0, 0, 1, 1, 1, 
71.1542595, 0.1, 0.1, 0.0919453395, 0.177178036, -0.0199697532, 0.844463637, -3.24027675e-005, -0.535612887, 0.535612887, -7.67312193e-007, 0.844463638, -2.77739412e-005, -0.999999999, 1.67073726e-005, 0.84446358, -1.45824629e-005, -0.535612977, 0.535612977, -4.70463563e-007, 0.84446358, -1.25663452e-005, -1, 7.41326702e-006, 0.145841577, -0.0950089844, -0.114470166, 0, 0, 0, 0, 0, 0, 0, 0.191168848, -0.0490575195, -0.085636084, 0, 0, 0, 0, 0, 0, 0, 1, 1, 1, 
71.1549666, 0.1, 0.1, 0.0919453387, 0.177178036, -0.019968451, 0.84446383, 3.55807711e-005, -0.535612583, 0.535612583, -2.37616685e-007, 0.84446383, 2.99194037e-005, -0.999999999, -1.92581674e-005, 0.844463813, 2.46927988e-005, -0.53561261, 0.535612611, -9.80414679e-006, 0.844463813, 1.56009504e-005, -1, -2.15050216e-005, 0.145841577, -0.0950089844, -0.114470166, 0, 0, 0, 0, 0, 0, 0, 0.191168848, -0.0490575195, -0.085636084, 0, 0, 0, 0, 0, 0, 0, 1, 1, 1, 
71.1556736, 0.1, 0.1, 0.0919453371, 0.177178039, -0.0199674519, 0.844463758, -3.60425283e-005, -0.535612695, 0.535612695, -8.23942425e-006, 0.844463759, -3.48497492e-005, -0.999999999, 1.23469406e-005, 0.8444638, -2.88901199e-005, -0.535612631, 0.535612631, 9.77613739e-006, 0.8444638, -1.91604377e-005, -1, 2.37295072e-005, 0.145841577, -0.0950089844, -0.114470166, 0, 0, 0, 0, 0, 0, 0, 0.191168848, -0.0490575195, -0.085636084, 0, 0, 0, 0, 0, 0, 0, 1, 1, 1, 
71.1563788, 0.1, 0.1, 0.0919453358, 0.177178038, -0.0199670632, 0.844463408, 1.57141257e-005, -0.535613249, 0.535613249, 2.69619644e-005, 0.844463408, 2.77111896e-005, -1, 1.43516984e-005, 0.844463501, 1.40556759e-005, -0.535613103, 0.535613103, 9.6090313e-007, 0.844463501, 1.23841776e-005, -1, -6.71695657e-006, 0.145841577, -0.0950089844, -0.114470166, 0, 0, 0, 0, 0, 0, 0, 0.191168848, -0.0490575195, -0.085636084, 0, 0, 0, 0, 0, 0, 0, 1, 1, 1, 
71.1570821, 0.1, 0.1, 0.0919453347, 0.177178041, -0.0199673553, 0.844462936, -2.05620004e-005, -0.535613992, 0.535613992, -3.41645245e-005, 0.844462936, -3.56628445e-005, -0.999999999, -1.78373796e-005, 0.844463027, -1.29427721e-005, -0.53561385, 0.53561385, -1.74370955e-005, 0.844463027, -2.02692424e-005, -1, -7.79265446e-006, 0.145841577, -0.0950089844, -0.114470166, 0, 0, 0, 0, 0, 0, 0, 0.191168848, -0.0490575195, -0.085636084, 0, 0, 0, 0, 0, 0, 0, 1, 1, 1, 
71.157788, 0.1, 0.1, 0.0919453318, 0.177178042, -0.019968195, 0.844462579, 1.29848334e-005, -0.535614555, 0.535614555, 3.03626789e-005, 0.844462579, 2.72278986e-005, -0.999999999, 1.86852804e-005, 0.844462627, -1.54224669e-006, -0.53561448, 0.53561448, 2.33518775e-005, 0.844462627, 1.12052341e-005, -1, 2.05458375e-005, 0.145841577, -0.0950089844, -0.114470166, 0, 0, 0, 0, 0, 0, 0, 0.191168848, -0.0490575195, -0.085636084, 0, 0, 0, 0, 0, 0, 0, 1, 1, 1, 
71.158518, 0.1, 0.1, 0.0919453333, 0.177178041, -0.0199692189, 0.844462512, -2.00752904e-005, -0.535614661, 0.53561466, -2.60317498e-005, 0.844462512, -3.0895817e-005, -0.999999999, -1.1230217e-005, 0.844462497, -1.16950917e-006, -0.535614685, 0.535614684, -2.76430793e-005, 0.844462497, -1.57936458e-005, -1, -2.27171375e-005, 0.146163794, -0.0974830811, -0.114408032, 0, 0, 0, 0, 0, 0, 0, 0.191168848, -0.0490575195, -0.085636084, 0, 0, 0, 0, 0, 0, 0, 1, 1, 1, 
71.1592216, 0.1, 0.1, 0.091945331, 0.177178043, -0.0199699497, 0.844462726, 3.15455999e-005, -0.535614323, 0.535614323, 5.69653006e-006, 0.844462727, 2.96902264e-005, -0.999999999, -1.20857678e-005, 0.844462662, 9.18083746e-006, -0.535614425, 0.535614425, 1.39368197e-005, 0.844462662, 1.52176361e-005, -1, 6.85173486e-006, 0.146163794, -0.0974830811, -0.114408032, 0, 0, 0, 0, 0, 0, 0, 0.191409521, -0.0513584473, -0.0848914063, 0, 0, 0, 0, 0, 0, 0, 1, 1, 1, 
71.1599291, 0.1, 0.1, 0.0919453324, 0.177178044, -0.0199704046, 0.844463067, -3.05179006e-005, -0.535613785, 0.535613785, -8.09854099e-007, 0.844463068, -2.6205009e-005, -1, 1.56619164e-005, 0.844463002, -1.39647355e-005, -0.535613889, 0.535613889, -6.13453041e-007, 0.844463002, -1.21212764e-005, -1, 6.96166789e-006, 0.146163794, -0.0974830811, -0.114408032, 0, 0, 0, 0, 0, 0, 0, 0.191409521, -0.0513584473, -0.0848914063, 0, 0, 0, 0, 0, 0, 0, 1, 1, 1, 
71.1606431, 0.1, 0.1, 0.0919453322, 0.177178043, -0.0199704209, 0.84446331, 3.67645728e-005, -0.535613402, 0.535613402, -8.38802539e-007, 0.844463311, 3.0597059e-005, -0.999999999, -2.03999359e-005, 0.844463284, 2.6213197e-005, -0.535613445, 0.535613445, -9.79878673e-006, 0.844463284, 1.68877205e-005, -1, -2.23148564e-005, 0.146163794, -0.0974830811, -0.114408032, 0, 0, 0, 0, 0, 0, 0, 0.191409521, -0.0513584473, -0.0848914063, 0, 0, 0, 0, 0, 0, 0, 1, 1, 1, 
71.1613492, 0.1, 0.1, 0.0919453316, 0.177178047, -0.019970021, 0.844463296, -2.82507472e-005, -0.535613425, 0.535613425, -7.67284069e-006, 0.844463296, -2.79663956e-005, -1, 8.65204715e-006, 0.844463324, -2.16216011e-005, -0.535613381, 0.535613381, 8.81308916e-006, 0.844463324, -1.35382406e-005, -1, 1.90231494e-005, 0.146163794, -0.0974830811, -0.114408032, 0, 0, 0, 0, 0, 0, 0, 0.191409521, -0.0513584473, -0.0848914063, 0, 0, 0, 0, 0, 0, 0, 1, 1, 1, 
71.1620567, 0.1, 0.1, 0.0919453313, 0.177178046, -0.0199694049, 0.844463019, 1.84578167e-005, -0.535613862, 0.535613862, 2.52261133e-005, 0.844463019, 2.90983996e-005, -1, 1.14162573e-005, 0.844463095, 1.7362604e-005, -0.535613742, 0.535613742, 1.25604863e-006, 0.844463095, 1.53348352e-005, -1, -8.23896258e-006, 0.146163794, -0.0974830811, -0.114408032, 0, 0, 0, 0, 0, 0, 0, 0.191409521, -0.0513584473, -0.0848914063, 0, 0, 0, 0, 0, 0, 0, 1, 1, 1, 
71.1627597, 0.1, 0.1, 0.0919453307, 0.177178048, -0.0199687883, 0.844462621, -1.80989224e-005, -0.535614489, 0.535614488, -3.33283797e-005, 0.844462621, -3.31350265e-005, -0.999999999, -1.84505258e-005, 0.844462698, -1.04704066e-005, -0.535614368, 0.535614368, -1.75040325e-005, 0.844462698, -1.82172791e-005, -1, -9.17340235e-006, 0.146163794, -0.0974830811, -0.114408032, 0, 0, 0, 0, 0, 0, 0, 0.191409521, -0.0513584473, -0.0848914063, 0, 0, 0, 0, 0, 0, 0, 1, 1, 1, 
71.163492, 0.1, 0.1, 0.0919453283, 0.17717805, -0.0199681618, 0.844462325, 1.55772046e-005, -0.535614957, 0.535614956, 3.36671165e-005, 0.844462324, 3.11869736e-005, -0.999999999, 2.00872277e-005, 0.844462359, 1.6619816e-006, -0.535614904, 0.535614903, 2.76098883e-005, 0.844462358, 1.61917486e-005, -1, 2.24253293e-005, 0.146445483, -0.0999660889, -0.113913818, 0, 0, 0, 0, 0, 0, 0, 0.191618945, -0.053930957, -0.0843433594, 0, 0, 0, 0, 0, 0, 0, 1, 1, 1, 
71.1641965, 0.1, 0.1, 0.09194533, 0.177178049, -0.0199677535, 0.844462322, -2.02544072e-005, -0.535614962, 0.535614961, -2.7111105e-005, 0.844462322, -3.16251972e-005, -0.999999999, -1.20457432e-005, 0.844462295, -1.37449634e-006, -0.535615003, 0.535615003, -2.81781645e-005, 0.844462295, -1.6253358e-005, -1, -2.30591966e-005, 0.146445483, -0.0999660889, -0.113913818, 0, 0, 0, 0, 0, 0, 0, 0.191618945, -0.053930957, -0.0843433594, 0, 0, 0, 0, 0, 0, 0, 1, 1, 1, 
71.1649007, 0.1, 0.1, 0.0919453275, 0.177178051, -0.0199678194, 0.844462601, 3.21152643e-005, -0.53561452, 0.535614521, 3.9024177e-006, 0.844462602, 2.92103312e-005, -0.999999999, -1.39059561e-005, 0.844462524, 8.69184882e-006, -0.535614643, 0.535614643, 1.32427202e-005, 0.844462524, 1.44329354e-005, -1, 6.52749941e-006, 0.146445483, -0.0999660889, -0.113913818, 0, 0, 0, 0, 0, 0, 0, 0.191618945, -0.053930957, -0.0843433594, 0, 0, 0, 0, 0, 0, 0, 1, 1, 1, 
71.165606, 0.1, 0.1, 0.0919453284, 0.177178051, -0.0199683156, 0.844463009, -3.68092251e-005, -0.535613877, 0.535613877, -3.61778328e-006, 0.84446301, -3.30217639e-005, -0.999999999, 1.66604476e-005, 0.844462931, -1.89422602e-005, -0.535614, 0.535614, -3.65177975e-006, 0.844462931, -1.7951981e-005, -1, 7.06194715e-006, 0.146445483, -0.0999660889, -0.113913818, 0, 0, 0, 0, 0, 0, 0, 0.191618945, -0.053930957, -0.0843433594, 0, 0, 0, 0, 0, 0, 0, 1, 1, 1, 
71.1663247, 0.1, 0.1, 0.091945327, 0.17717805, -0.0199689357, 0.844463315, 3.33593126e-005, -0.535613394, 0.535613394, -1.95147564e-006, 0.844463316, 2.71254793e-005, -0.999999999, -1.95156443e-005, 0.844463278, 2.18171357e-005, -0.535613454, 0.535613454, -1.1843916e-005, 0.844463278, 1.20800091e-005, -1, -2.16873036e-005, 0.146445483, -0.0999660889, -0.113913818, 0, 0, 0, 0, 0, 0, 0, 0.191606836, -0.056075293, -0.0835820801, 0, 0, 0, 0, 0, 0, 0, 1, 1, 1, 
71.1670293, 0.1, 0.1, 0.0919453259, 0.177178053, -0.0199695653, 0.844463342, -3.1982247e-005, -0.535613352, 0.535613352, -6.14491314e-006, 0.844463342, -3.02991327e-005, -0.999999999, 1.19409647e-005, 0.844463362, -2.54361469e-005, -0.53561332, 0.535613321, 1.01137405e-005, 0.844463363, -1.606284e-005, -1, 2.21646224e-005, 0.146445483, -0.0999660889, -0.113913818, 0, 0, 0, 0, 0, 0, 0, 0.191606836, -0.056075293, -0.0835820801, 0, 0, 0, 0, 0, 0, 0, 1, 1, 1, 
71.1677317, 0.1, 0.1, 0.0919453249, 0.177178053, -0.0199700708, 0.844463102, 1.58099412e-005, -0.535613731, 0.535613731, 2.62373296e-005, 0.844463102, 2.7403986e-005, -1, 1.36884351e-005, 0.844463171, 1.41737271e-005, -0.535613623, 0.535613623, 2.73530727e-006, 0.844463171, 1.34342584e-005, -1, -5.28177508e-006, 0.146445483, -0.0999660889, -0.113913818, 0, 0, 0, 0, 0, 0, 0, 0.191606836, -0.056075293, -0.0835820801, 0, 0, 0, 0, 0, 0, 0, 1, 1, 1, 
71.1684513, 0.1, 0.1, 0.0919453242, 0.177178055, -0.0199702093, 0.844462732, -1.78382922e-005, -0.535614315, 0.535614314, -3.01250434e-005, 0.844462732, -3.11991774e-005, -0.999999999, -1.58850318e-005, 0.844462802, -1.09372354e-005, -0.535614205, 0.535614205, -1.51825734e-005, 0.844462802, -1.73680905e-005, -1, -6.96297982e-006, 0.146727173, -0.102453857, -0.113636743, 0, 0, 0, 0, 0, 0, 0, 0.191606836, -0.056075293, -0.0835820801, 0, 0, 0, 0, 0, 0, 0, 1, 1, 1, 
71.169153, 0.1, 0.1, 0.0919453219, 0.177178056, -0.0199700107, 0.844462469, 1.34000475e-005, -0.53561473, 0.535614729, 3.0050658e-005, 0.844462469, 2.74114122e-005, -0.999999999, 1.819939e-005, 0.844462501, 3.7724739e-008, -0.53561468, 0.53561468, 2.40124276e-005, 0.8444625, 1.28932658e-005, -1, 2.02573887e-005, 0.146727173, -0.102453857, -0.113636743, 0, 0, 0, 0, 0, 0, 0, 0.191606836, -0.056075293, -0.0835820801, 0, 0, 0, 0, 0, 0, 0, 1, 1, 1, 
71.1698677, 0.1, 0.1, 0.0919453237, 0.177178056, -0.0199694881, 0.844462467, -1.81689844e-005, -0.535614733, 0.535614732, -2.59786164e-005, 0.844462467, -2.9257555e-005, -0.999999999, -1.22063907e-005, 0.844462442, -6.66438587e-007, -0.535614772, 0.535614772, -2.7450773e-005, 0.844462442, -1.52658219e-005, -1, -2.28241925e-005, 0.146727173, -0.102453857, -0.113636743, 0, 0, 0, 0, 0, 0, 0, 0.191606836, -0.056075293, -0.0835820801, 0, 0, 0, 0, 0, 0, 0, 1, 1, 1, 
71.1705868, 0.1, 0.1, 0.0919453221, 0.177178057, -0.019968847, 0.844462741, 3.67545713e-005, -0.535614299, 0.535614299, 5.22297749e-006, 0.844462742, 3.38353675e-005, -0.999999999, -1.52756641e-005, 0.844462666, 1.40241819e-005, -0.535614419, 0.535614419, 1.41827346e-005, 0.844462666, 1.94393752e-005, -1, 4.46523585e-006, 0.146956738, -0.104738159, -0.112941016, 0, 0, 0, 0, 0, 0, 0, 0.191606836, -0.056075293, -0.0835820801, 0, 0, 0, 0, 0, 0, 0, 1, 1, 1, 
71.1713111, 0.1, 0.1, 0.091945324, 0.177178058, -0.0199680892, 0.844463148, -3.3967986e-005, -0.535613658, 0.535613658, -2.16471145e-006, 0.844463148, -2.98441614e-005, -0.999999999, 1.63656982e-005, 0.844463068, -1.46035237e-005, -0.535613785, 0.535613785, -2.22747145e-006, 0.844463068, -1.35252009e-005, -1, 5.94083126e-006, 0.146956738, -0.104738159, -0.112941016, 0, 0, 0, 0, 0, 0, 0, 0.191639404, -0.0586561035, -0.0828803711, 0, 0, 0, 0, 0, 0, 0, 1, 1, 1, 
71.1720141, 0.1, 0.1, 0.0919453232, 0.177178057, -0.0199676853, 0.844463435, 3.5950873e-005, -0.535613205, 0.535613206, -2.50311469e-007, 0.844463436, 3.02251276e-005, -0.999999999, -1.94671412e-005, 0.844463401, 2.45237172e-005, -0.53561326, 0.535613261, -1.03264668e-005, 0.844463401, 1.51783891e-005, -1, -2.18555514e-005, 0.146956738, -0.104738159, -0.112941016, 0, 0, 0, 0, 0, 0, 0, 0.191639404, -0.0586561035, -0.0828803711, 0, 0, 0, 0, 0, 0, 0, 1, 1, 1, 
71.1727136, 0.1, 0.1, 0.091945322, 0.177178061, -0.0199678197, 0.844463444, -3.44247095e-005, -0.535613192, 0.535613192, -5.70251913e-006, 0.844463444, -3.21247533e-005, -0.999999999, 1.36227596e-005, 0.844463469, -2.72700256e-005, -0.535613152, 0.535613153, 1.15889065e-005, 0.844463469, -1.68213697e-005, -1, 2.43925926e-005, 0.146956738, -0.104738159, -0.112941016, 0, 0, 0, 0, 0, 0, 0, 0.191639404, -0.0586561035, -0.0828803711, 0, 0, 0, 0, 0, 0, 0, 1, 1, 1, 
71.1734192, 0.1, 0.1, 0.0919453209, 0.17717806, -0.0199684126, 0.84446317, 1.52606729e-005, -0.535613623, 0.535613623, 2.78618677e-005, 0.84446317, 2.78102721e-005, -0.999999999, 1.53544969e-005, 0.844463247, 1.36693177e-005, -0.535613503, 0.535613503, 3.04753917e-006, 0.844463247, 1.31755395e-005, -1, -4.7479363e-006, 0.146956738, -0.104738159, -0.112941016, 0, 0, 0, 0, 0, 0, 0, 0.191639404, -0.0586561035, -0.0828803711, 0, 0, 0, 0, 0, 0, 0, 1, 1, 1, 
71.1741216, 0.1, 0.1, 0.09194532, 0.177178063, -0.0199692209, 0.844462774, -1.9382683e-005, -0.535614248, 0.535614247, -2.93868458e-005, 0.844462774, -3.21079676e-005, -0.999999999, -1.44344561e-005, 0.84446285, -1.20781675e-005, -0.535614128, 0.535614128, -1.35691537e-005, 0.84446285, -1.74673942e-005, -1, -4.98940907e-006, 0.146956738, -0.104738159, -0.112941016, 0, 0, 0, 0, 0, 0, 0, 0.191639404, -0.0586561035, -0.0828803711, 0, 0, 0, 0, 0, 0, 0, 1, 1, 1, 
71.1748257, 0.1, 0.1, 0.0919453173, 0.177178064, -0.0199699976, 0.844462479, 1.08555235e-005, -0.535614713, 0.535614712, 2.96337789e-005, 0.844462479, 2.50393703e-005, -1, 1.92102363e-005, 0.844462517, -2.32851454e-006, -0.535614655, 0.535614654, 2.38346449e-005, 0.844462516, 1.07998418e-005, -1, 2.13746507e-005, 0.146956738, -0.104738159, -0.112941016, 0, 0, 0, 0, 0, 0, 0, 0.191639404, -0.0586561035, -0.0828803711, 0, 0, 0, 0, 0, 0, 0, 1, 1, 1, 
71.175555, 0.1, 0.1, 0.0919453184, 0.177178063, -0.0199704104, 0.844462455, -2.12714012e-005, -0.535614752, 0.535614751, -2.70193529e-005, 0.844462455, -3.24348637e-005, -0.999999999, -1.14235528e-005, 0.844462432, -3.00607642e-006, -0.535614787, 0.535614787, -2.82283166e-005, 0.844462432, -1.76580224e-005, -1, -2.22276539e-005, 0.147230493, -0.107251807, -0.112096143, 0, 0, 0, 0, 0, 0, 0, 0.191639404, -0.0586561035, -0.0828803711, 0, 0, 0, 0, 0, 0, 0, 1, 1, 1, 
71.1762597, 0.1, 0.1, 0.0919453161, 0.177178064, -0.0199702658, 0.844462695, 3.01523375e-005, -0.535614372, 0.535614372, 2.11999467e-006, 0.844462695, 2.65980238e-005, -1, -1.43597689e-005, 0.844462626, 8.00509944e-006, -0.535614481, 0.535614481, 1.05957803e-005, 0.844462626, 1.24352607e-005, -1, 4.66009329e-006, 0.147230493, -0.107251807, -0.112096143, 0, 0, 0, 0, 0, 0, 0, 0.191670752, -0.0608370605, -0.0819957031, 0, 0, 0, 0, 0, 0, 0, 1, 1, 1, 
71.1769595, 0.1, 0.1, 0.0919453172, 0.177178064, -0.0199698663, 0.844463054, -3.23816035e-005, -0.535613807, 0.535613807, -3.73589656e-006, 0.844463054, -2.93460656e-005, -0.999999999, 1.41892073e-005, 0.844462985, -1.58812579e-005, -0.535613916, 0.535613916, -3.97014397e-006, 0.844462985, -1.55375988e-005, -1, 5.1535831e-006, 0.147230493, -0.107251807, -0.112096143, 0, 0, 0, 0, 0, 0, 0, 0.191670752, -0.0608370605, -0.0819957031, 0, 0, 0, 0, 0, 0, 0, 1, 1, 1, 
71.1776633, 0.1, 0.1, 0.091945317, 0.177178063, -0.0199693601, 0.844463315, 3.69982044e-005, -0.535613395, 0.535613395, -8.91574494e-007, 0.844463315, 3.07660871e-005, -0.999999999, -2.05696358e-005, 0.844463284, 2.56981823e-005, -0.535613444, 0.535613444, -1.07197274e-005, 0.844463284, 1.59595414e-005, -1, -2.28167081e-005, 0.147230493, -0.107251807, -0.112096143, 0, 0, 0, 0, 0, 0, 0, 0.191670752, -0.0608370605, -0.0819957031, 0, 0, 0, 0, 0, 0, 0, 1, 1, 1, 
71.1783697, 0.1, 0.1, 0.0919453164, 0.177178066, -0.01996884, 0.844463309, -2.9660213e-005, -0.535613404, 0.535613404, -6.48946023e-006, 0.84446331, -2.85228036e-005, -1, 1.04062966e-005, 0.844463336, -2.30654412e-005, -0.535613362, 0.535613362, 1.0249823e-005, 0.844463336, -1.39879773e-005, -1, 2.10097583e-005, 0.147230493, -0.107251807, -0.112096143, 0, 0, 0, 0, 0, 0, 0, 0.191670752, -0.0608370605, -0.0819957031, 0, 0, 0, 0, 0, 0, 0, 1, 1, 1, 
71.1790747, 0.1, 0.1, 0.0919453163, 0.177178066, -0.0199684795, 0.844463032, 1.97212112e-005, -0.535613842, 0.535613841, 2.83603032e-005, 0.844463032, 3.18440048e-005, -0.999999999, 1.33862739e-005, 0.844463109, 1.83122348e-005, -0.53561372, 0.53561372, 3.51176803e-006, 0.844463109, 1.73449579e-005, -1, -6.84272565e-006, 0.147230493, -0.107251807, -0.112096143, 0, 0, 0, 0, 0, 0, 0, 0.191670752, -0.0608370605, -0.0819957031, 0, 0, 0, 0, 0, 0, 0, 1, 1, 1, 
71.1797799, 0.1, 0.1, 0.0919453161, 0.177178068, -0.0199683678, 0.844462628, -1.70232077e-005, -0.535614478, 0.535614478, -3.04882111e-005, 0.844462628, -3.070539e-005, -0.999999999, -1.66282784e-005, 0.844462707, -9.13073723e-006, -0.535614354, 0.535614354, -1.40721454e-005, 0.844462707, -1.52478102e-005, -1, -6.99284809e-006, 0.147230493, -0.107251807, -0.112096143, 0, 0, 0, 0, 0, 0, 0, 0.191670752, -0.0608370605, -0.0819957031, 0, 0, 0, 0, 0, 0, 0, 1, 1, 1, 
71.1805103, 0.1, 0.1, 0.0919453139, 0.17717807, -0.019968325, 0.844462328, 1.52042045e-005, -0.535614952, 0.535614951, 3.45974629e-005, 0.844462328, 3.13702963e-005, -0.999999999, 2.10726548e-005, 0.844462362, 1.60070403e-006, -0.535614898, 0.535614897, 2.86543452e-005, 0.844462362, 1.66994285e-005, -1, 2.33401551e-005, 0.147305908, -0.109724561, -0.111770361, 0, 0, 0, 0, 0, 0, 0, 0.191638867, -0.0629813965, -0.0814195801, 0, 0, 0, 0, 0, 0, 0, 1, 1, 1, 
71.181213, 0.1, 0.1, 0.0919453157, 0.177178069, -0.0199684589, 0.844462318, -1.99539126e-005, -0.535614967, 0.535614966, -2.57934172e-005, 0.844462318, -3.06656676e-005, -0.999999999, -1.10939547e-005, 0.844462294, -1.41887565e-006, -0.535615006, 0.535615006, -2.65918541e-005, 0.844462293, -1.54411831e-005, -1, -2.1695847e-005, 0.147305908, -0.109724561, -0.111770361, 0, 0, 0, 0, 0, 0, 0, 0.191638867, -0.0629813965, -0.0814195801, 0, 0, 0, 0, 0, 0, 0, 1, 1, 1, 
71.1819206, 0.1, 0.1, 0.0919453132, 0.177178071, -0.0199687959, 0.844462587, 3.02418205e-005, -0.535614543, 0.535614543, 3.65918228e-006, 0.844462587, 2.74979972e-005, -1, -1.31079163e-005, 0.844462512, 7.40897006e-006, -0.535614662, 0.535614662, 1.29426906e-005, 0.844462512, 1.31888923e-005, -1, 6.96126401e-006, 0.147305908, -0.109724561, -0.111770361, 0, 0, 0, 0, 0, 0, 0, 0.191638867, -0.0629813965, -0.0814195801, 0, 0, 0, 0, 0, 0, 0, 1, 1, 1, 
71.1826621, 0.1, 0.1, 0.0919453133, 0.177178071, -0.0199690744, 0.844463, -4.22805899e-005, -0.53561389, 0.53561389, -3.90550763e-006, 0.844463001, -3.7796238e-005, -0.999999999, 1.93480145e-005, 0.844462917, -2.33458908e-005, -0.535614022, 0.535614022, -3.89131704e-006, 0.844462918, -2.17989831e-005, -1, 9.21831356e-006, 0.14778728, -0.112236865, -0.111137134, 0, 0, 0, 0, 0, 0, 0, 0.191638867, -0.0629813965, -0.0814195801, 0, 0, 0, 0, 0, 0, 0, 1, 1, 1, 
71.1833665, 0.1, 0.1, 0.0919453113, 0.17717807, -0.0199691, 0.844463289, 2.99290384e-005, -0.535613436, 0.535613436, -1.27024865e-006, 0.844463289, 2.4593612e-005, -1, -1.71030735e-005, 0.844463254, 1.75277803e-005, -0.535613492, 0.535613492, -1.10588785e-005, 0.844463254, 8.87828189e-006, -1, -1.87269321e-005, 0.14778728, -0.112236865, -0.111137134, 0, 0, 0, 0, 0, 0, 0, 0.191742725, -0.0655736816, -0.0808157715, 0, 0, 0, 0, 0, 0, 0, 1, 1, 1, 
71.1840704, 0.1, 0.1, 0.0919453102, 0.177178073, -0.0199691712, 0.844463307, -3.08521117e-005, -0.535613408, 0.535613408, -5.7192372e-006, 0.844463307, -2.91167764e-005, -1, 1.16951188e-005, 0.844463328, -2.52710692e-005, -0.535613374, 0.535613375, 1.07397416e-005, 0.844463328, -1.55881419e-005, -1, 2.26048406e-005, 0.14778728, -0.112236865, -0.111137134, 0, 0, 0, 0, 0, 0, 0, 0.191742725, -0.0655736816, -0.0808157715, 0, 0, 0, 0, 0, 0, 0, 1, 1, 1, 
71.1847816, 0.1, 0.1, 0.0919453103, 0.177178072, -0.0199692177, 0.84446305, 2.23414599e-005, -0.535613813, 0.535613813, 2.79988888e-005, 0.84446305, 3.3863129e-005, -0.999999999, 1.16776325e-005, 0.844463123, 2.01994003e-005, -0.535613698, 0.535613698, 3.81081926e-006, 0.844463123, 1.90987757e-005, -1, -7.60097917e-006, 0.14778728, -0.112236865, -0.111137134, 0, 0, 0, 0, 0, 0, 0, 0.191742725, -0.0655736816, -0.0808157715, 0, 0, 0, 0, 0, 0, 0, 1, 1, 1, 
71.1854821, 0.1, 0.1, 0.0919453111, 0.177178075, -0.0199693024, 0.844462673, -1.16052892e-005, -0.535614407, 0.535614407, -2.88819785e-005, 0.844462673, -2.52698373e-005, -1, -1.81737927e-005, 0.844462746, -3.89943826e-006, -0.535614292, 0.535614292, -1.31647556e-005, 0.844462746, -1.03441616e-005, -1, -9.02855083e-006, 0.14778728, -0.112236865, -0.111137134, 0, 0, 0, 0, 0, 0, 0, 0.191742725, -0.0655736816, -0.0808157715, 0, 0, 0, 0, 0, 0, 0, 1, 1, 1, 
71.1861846, 0.1, 0.1, 0.0919453098, 0.177178076, -0.0199693907, 0.844462403, 1.65229303e-005, -0.535614834, 0.535614833, 3.18948545e-005, 0.844462403, 3.10363506e-005, -0.999999999, 1.80840789e-005, 0.844462435, 3.80203908e-006, -0.535614783, 0.535614783, 2.59483549e-005, 0.844462435, 1.71090017e-005, -1, 1.98759826e-005, 0.14778728, -0.112236865, -0.111137134, 0, 0, 0, 0, 0, 0, 0, 0.191742725, -0.0655736816, -0.0808157715, 0, 0, 0, 0, 0, 0, 0, 1, 1, 1, 
71.1868865, 0.1, 0.1, 0.0919453118, 0.177178076, -0.0199694581, 0.844462393, -1.85749793e-005, -0.535614849, 0.535614849, -2.5053642e-005, 0.844462393, -2.91049742e-005, -1, -1.12078238e-005, 0.84446237, -5.43524062e-007, -0.535614886, 0.535614886, -2.61042886e-005, 0.844462369, -1.44408312e-005, -1, -2.17529698e-005, 0.14778728, -0.112236865, -0.111137134, 0, 0, 0, 0, 0, 0, 0, 0.191742725, -0.0655736816, -0.0808157715, 0, 0, 0, 0, 0, 0, 0, 1, 1, 1, 
71.1876159, 0.1, 0.1, 0.0919453099, 0.177178077, -0.019969345, 0.844462665, 3.32181308e-005, -0.535614419, 0.53561442, 4.94641582e-006, 0.844462666, 3.07008429e-005, -0.999999999, -1.36150464e-005, 0.844462591, 1.12046458e-005, -0.535614537, 0.535614537, 1.40483308e-005, 0.844462591, 1.69863945e-005, -1, 5.86191864e-006, 0.148039307, -0.114524585, -0.110491699, 0, 0, 0, 0, 0, 0, 0, 0.191817041, -0.0677578125, -0.0799821289, 0, 0, 0, 0, 0, 0, 0, 1, 1, 1, 
71.1883206, 0.1, 0.1, 0.0919453109, 0.177178077, -0.0199690549, 0.844463053, -3.67439934e-005, -0.535613807, 0.535613807, -2.60154151e-006, 0.844463054, -3.24223664e-005, -0.999999999, 1.74836845e-005, 0.844462978, -1.85243969e-005, -0.535613927, 0.535613927, -2.54927009e-006, 0.844462978, -1.70085919e-005, -1, 7.76916076e-006, 0.148039307, -0.114524585, -0.110491699, 0, 0, 0, 0, 0, 0, 0, 0.191817041, -0.0677578125, -0.0799821289, 0, 0, 0, 0, 0, 0, 0, 1, 1, 1, 
71.1890207, 0.1, 0.1, 0.0919453094, 0.177178076, -0.0199688627, 0.844463334, 3.08546776e-005, -0.535613364, 0.535613364, -9.71161394e-007, 0.844463335, 2.55354769e-005, -1, -1.73462879e-005, 0.844463301, 1.95480782e-005, -0.535613418, 0.535613418, -1.04382158e-005, 0.844463301, 1.09167862e-005, -1, -1.92849031e-005, 0.148039307, -0.114524585, -0.110491699, 0, 0, 0, 0, 0, 0, 0, 0.191817041, -0.0677578125, -0.0799821289, 0, 0, 0, 0, 0, 0, 0, 1, 1, 1, 
71.1897275, 0.1, 0.1, 0.0919453078, 0.17717808, -0.0199688239, 0.844463347, -3.49048468e-005, -0.535613345, 0.535613345, -6.45549737e-006, 0.844463347, -3.29335143e-005, -0.999999999, 1.32440708e-005, 0.84446337, -2.86180477e-005, -0.535613308, 0.535613308, 1.03641286e-005, 0.84446337, -1.86157278e-005, -1, 2.40803342e-005, 0.148039307, -0.114524585, -0.110491699, 0, 0, 0, 0, 0, 0, 0, 0.191817041, -0.0677578125, -0.0799821289, 0, 0, 0, 0, 0, 0, 0, 1, 1, 1, 
71.1904297, 0.1, 0.1, 0.0919453069, 0.177178079, -0.0199689427, 0.844463085, 1.6297428e-005, -0.535613758, 0.535613757, 2.70441169e-005, 0.844463085, 2.82477774e-005, -1, 1.41086318e-005, 0.84446316, 1.4276326e-005, -0.53561364, 0.53561364, 2.616531e-006, 0.84446316, 1.3457281e-005, -1, -5.4370309e-006, 0.148039307, -0.114524585, -0.110491699, 0, 0, 0, 0, 0, 0, 0, 0.191817041, -0.0677578125, -0.0799821289, 0, 0, 0, 0, 0, 0, 0, 1, 1, 1, 
71.1911328, 0.1, 0.1, 0.0919453066, 0.177178081, -0.0199691741, 0.844462701, -1.64492573e-005, -0.535614363, 0.535614363, -3.03156373e-005, 0.844462701, -3.0128275e-005, -0.999999999, -1.67899665e-005, 0.844462775, -9.42663199e-006, -0.535614247, 0.535614246, -1.45471676e-005, 0.844462775, -1.575211e-005, -1, -7.23550312e-006, 0.148039307, -0.114524585, -0.110491699, 0, 0, 0, 0, 0, 0, 0, 0.191817041, -0.0677578125, -0.0799821289, 0, 0, 0, 0, 0, 0, 0, 1, 1, 1, 
71.1918372, 0.1, 0.1, 0.0919453049, 0.177178082, -0.0199694304, 0.844462419, 1.57317788e-005, -0.535614808, 0.535614808, 3.05464814e-005, 0.844462419, 2.96460438e-005, -0.999999999, 1.73691819e-005, 0.844462454, 2.01966044e-006, -0.535614753, 0.535614753, 2.44304731e-005, 0.844462454, 1.47908493e-005, -1, 1.95488574e-005, 0.148039307, -0.114524585, -0.110491699, 0, 0, 0, 0, 0, 0, 0, 0.191817041, -0.0677578125, -0.0799821289, 0, 0, 0, 0, 0, 0, 0, 1, 1, 1, 
71.1925672, 0.1, 0.1, 0.0919453074, 0.177178081, -0.0199693639, 0.844462408, -1.62494188e-005, -0.535614825, 0.535614824, -2.89278378e-005, 0.844462408, -2.92162021e-005, -0.999999999, -1.5725042e-005, 0.844462385, 1.3091181e-006, -0.535614863, 0.535614862, -3.03827785e-005, 0.844462384, -1.51679667e-005, -1, -2.63582967e-005, 0.148313672, -0.116808154, -0.110045093, 0, 0, 0, 0, 0, 0, 0, 0.191631494, -0.0699253418, -0.0795202637, 0, 0, 0, 0, 0, 0, 0, 1, 1, 1, 
71.193273, 0.1, 0.1, 0.0919453059, 0.177178082, -0.019969225, 0.844462671, 3.43337568e-005, -0.53561441, 0.53561441, 2.27775863e-006, 0.844462671, 3.02135763e-005, -0.999999999, -1.64661728e-005, 0.844462597, 1.1719861e-005, -0.535614528, 0.535614528, 1.0909193e-005, 0.844462597, 1.57401065e-005, -1, 2.93507761e-006, 0.148313672, -0.116808154, -0.110045093, 0, 0, 0, 0, 0, 0, 0, 0.191631494, -0.0699253418, -0.0795202637, 0, 0, 0, 0, 0, 0, 0, 1, 1, 1, 
71.1939788, 0.1, 0.1, 0.0919453076, 0.177178081, -0.0199690436, 0.844463059, -3.30568692e-005, -0.535613799, 0.535613799, -3.38434899e-006, 0.844463059, -2.97280089e-005, -0.999999999, 1.48477576e-005, 0.844462986, -1.55167151e-005, -0.535613915, 0.535613915, -3.7257651e-006, 0.844462986, -1.50988632e-005, -1, 5.16469778e-006, 0.148313672, -0.116808154, -0.110045093, 0, 0, 0, 0, 0, 0, 0, 0.191631494, -0.0699253418, -0.0795202637, 0, 0, 0, 0, 0, 0, 0, 1, 1, 1, 
71.194682, 0.1, 0.1, 0.091945307, 0.17717808, -0.0199689578, 0.844463341, 3.43206501e-005, -0.535613353, 0.535613353, -3.86326276e-007, 0.844463342, 2.87756094e-005, -0.999999999, -1.87088369e-005, 0.844463307, 2.33045546e-005, -0.535613408, 0.535613408, -1.02779133e-005, 0.844463307, 1.41748531e-005, -1, -2.11615525e-005, 0.148313672, -0.116808154, -0.110045093, 0, 0, 0, 0, 0, 0, 0, 0.191631494, -0.0699253418, -0.0795202637, 0, 0, 0, 0, 0, 0, 0, 1, 1, 1, 
71.1953862, 0.1, 0.1, 0.091945306, 0.177178084, -0.0199689906, 0.844463354, -3.29151082e-005, -0.535613334, 0.535613334, -4.84859664e-006, 0.844463354, -3.03925757e-005, -0.999999999, 1.35353087e-005, 0.844463378, -2.6057876e-005, -0.535613296, 0.535613297, 1.18589521e-005, 0.844463378, -1.56531096e-005, -1, 2.39713956e-005, 0.148313672, -0.116808154, -0.110045093, 0, 0, 0, 0, 0, 0, 0, 0.191631494, -0.0699253418, -0.0795202637, 0, 0, 0, 0, 0, 0, 0, 1, 1, 1, 
71.1960888, 0.1, 0.1, 0.0919453051, 0.177178083, -0.0199691242, 0.844463095, 1.54209301e-005, -0.535613742, 0.535613741, 2.85147054e-005, 0.844463095, 2.82952744e-005, -0.999999999, 1.58199543e-005, 0.844463168, 1.39198016e-005, -0.535613628, 0.535613628, 4.42376278e-006, 0.844463168, 1.41241874e-005, -1, -3.71993069e-006, 0.148313672, -0.116808154, -0.110045093, 0, 0, 0, 0, 0, 0, 0, 0.191631494, -0.0699253418, -0.0795202637, 0, 0, 0, 0, 0, 0, 0, 1, 1, 1, 
71.1967956, 0.1, 0.1, 0.0919453046, 0.177178086, -0.0199692787, 0.844462714, -1.68816775e-005, -0.535614343, 0.535614342, -2.90347415e-005, 0.844462714, -2.98073712e-005, -0.999999999, -1.5476688e-005, 0.844462787, -1.03632999e-005, -0.535614228, 0.535614228, -1.32454586e-005, 0.844462787, -1.58458772e-005, -1, -5.63456599e-006, 0.148313672, -0.116808154, -0.110045093, 0, 0, 0, 0, 0, 0, 0, 0.191631494, -0.0699253418, -0.0795202637, 0, 0, 0, 0, 0, 0, 0, 1, 1, 1, 
71.1975264, 0.1, 0.1, 0.0919453029, 0.177178087, -0.0199691416, 0.844462422, 1.74647367e-005, -0.535614803, 0.535614802, 3.19222282e-005, 0.844462422, 3.18463318e-005, -0.999999999, 1.76027506e-005, 0.844462456, 3.38022002e-006, -0.535614749, 0.535614749, 2.6127959e-005, 0.844462456, 1.68489891e-005, -1, 2.02535847e-005, 0.148793701, -0.119101978, -0.109416626, 0, 0, 0, 0, 0, 0, 0, 0.191737061, -0.0723109863, -0.0789328125, 0, 0, 0, 0, 0, 0, 0, 1, 1, 1, 
71.1982304, 0.1, 0.1, 0.0919453056, 0.177178086, -0.0199689982, 0.844462416, -1.43588287e-005, -0.535614813, 0.535614813, -2.7024021e-005, 0.844462416, -2.65999571e-005, -1, -1.51299688e-005, 0.844462392, 3.32383325e-006, -0.535614851, 0.535614851, -2.7987587e-005, 0.844462391, -1.21837151e-005, -1, -2.54147591e-005, 0.148793701, -0.119101978, -0.109416626, 0, 0, 0, 0, 0, 0, 0, 0.191737061, -0.0723109863, -0.0789328125, 0, 0, 0, 0, 0, 0, 0, 1, 1, 1, 
71.1989321, 0.1, 0.1, 0.0919453046, 0.177178087, -0.0199689871, 0.844462678, 3.65615669e-005, -0.535614399, 0.535614399, 2.14589129e-006, 0.844462678, 3.2024249e-005, -0.999999999, -1.77707766e-005, 0.844462605, 1.40853831e-005, -0.535614515, 0.535614515, 1.11983079e-005, 0.844462605, 1.78925556e-005, -1, 1.9122166e-006, 0.148793701, -0.119101978, -0.109416626, 0, 0, 0, 0, 0, 0, 0, 0.191737061, -0.0723109863, -0.0789328125, 0, 0, 0, 0, 0, 0, 0, 1, 1, 1, 
71.1996681, 0.1, 0.1, 0.0919453061, 0.177178086, -0.0199688376, 0.844463085, -3.69698796e-005, -0.535613757, 0.535613757, -5.35597259e-006, 0.844463086, -3.40884312e-005, -0.999999999, 1.5278655e-005, 0.84446301, -1.92323805e-005, -0.535613877, 0.535613877, -5.36347781e-006, 0.84446301, -1.91137871e-005, -1, 5.77187128e-006, 0.149184253, -0.12095957, -0.10894353, 0, 0, 0, 0, 0, 0, 0, 0.191962354, -0.0744234863, -0.0783089844, 0, 0, 0, 0, 0, 0, 0, 1, 1, 1, 
71.2003746, 0.1, 0.1, 0.091945305, 0.177178085, -0.0199686436, 0.844463371, 3.36545713e-005, -0.535613306, 0.535613306, -3.1376141e-006, 0.844463372, 2.67395049e-005, -0.999999999, -2.06754364e-005, 0.844463337, 2.17167443e-005, -0.535613361, 0.535613361, -1.30778091e-005, 0.844463337, 1.13343451e-005, -1, -2.26755087e-005, 0.149184253, -0.12095957, -0.10894353, 0, 0, 0, 0, 0, 0, 0, 0.191962354, -0.0744234863, -0.0783089844, 0, 0, 0, 0, 0, 0, 0, 1, 1, 1, 
71.2010785, 0.1, 0.1, 0.0919453041, 0.177178088, -0.0199686607, 0.844463383, -3.12898654e-005, -0.535613288, 0.535613288, -8.22181439e-006, 0.844463383, -3.08268586e-005, -0.999999999, 9.81624648e-006, 0.844463407, -2.48242197e-005, -0.53561325, 0.53561325, 8.78883496e-006, 0.844463407, -1.62557287e-005, -1, 2.07180305e-005, 0.149184253, -0.12095957, -0.10894353, 0, 0, 0, 0, 0, 0, 0, 0.191962354, -0.0744234863, -0.0783089844, 0, 0, 0, 0, 0, 0, 0, 1, 1, 1, 
71.2017806, 0.1, 0.1, 0.0919453039, 0.177178086, -0.0199688828, 0.844463122, 1.93179299e-005, -0.5356137, 0.5356137, 2.65578394e-005, 0.844463122, 3.0538022e-005, -0.999999999, 1.2080168e-005, 0.844463197, 1.74585745e-005, -0.535613581, 0.535613581, 1.60010778e-006, 0.844463197, 1.56001631e-005, -1, -7.99981749e-006, 0.149184253, -0.12095957, -0.10894353, 0, 0, 0, 0, 0, 0, 0, 0.191962354, -0.0744234863, -0.0783089844, 0, 0, 0, 0, 0, 0, 0, 1, 1, 1, 
71.2024821, 0.1, 0.1, 0.0919453041, 0.177178089, -0.0199692229, 0.844462736, -1.5388689e-005, -0.535614309, 0.535614308, -2.94206846e-005, 0.844462736, -2.8753314e-005, -0.999999999, -1.66022698e-005, 0.84446281, -7.81094718e-006, -0.535614193, 0.535614192, -1.41211123e-005, 0.84446281, -1.41595226e-005, -1, -7.74110004e-006, 0.149184253, -0.12095957, -0.10894353, 0, 0, 0, 0, 0, 0, 0, 0.191962354, -0.0744234863, -0.0783089844, 0, 0, 0, 0, 0, 0, 0, 1, 1, 1, 
71.2031859, 0.1, 0.1, 0.0919453021, 0.17717809, -0.0199695739, 0.844462456, 1.33005743e-005, -0.53561475, 0.535614749, 3.18110714e-005, 0.844462456, 2.82703147e-005, -0.999999999, 1.97392717e-005, 0.84446249, 3.25645825e-007, -0.535614696, 0.535614696, 2.56779599e-005, 0.84446249, 1.40284884e-005, -1, 2.15096532e-005, 0.149184253, -0.12095957, -0.10894353, 0, 0, 0, 0, 0, 0, 0, 0.191962354, -0.0744234863, -0.0783089844, 0, 0, 0, 0, 0, 0, 0, 1, 1, 1, 
