time, realDorsalTactorPos, realVentralTactorPos, boxPosX, boxPosY, boxPosZ, boxLocalRot_11, boxLocalRot_12, boxLocalRot_13, boxLocalRot_21, boxLocalRot_22, boxLocalRot_23, boxLocalRot_31, boxLocalRot_32, boxLocalRot_33, boxGlobalRot_11, boxGlobalRot_12, boxGlobalRot_13], boxGlobalRot_21, boxGlobalRot_22, boxGlobalRot_23, boxGlobalRot_31, boxGlobalRot_32, boxGlobalRot_33, indexPosX, indexPosY, indexPosZ, indexContact, indexForceX, indexForceY, indexForceZ, indexForceGlobalX, indexForceGlobalY, indexForceGlobalZ, thumbPosX, thumbPosY, thumbPosZ, thumbContact, thumbForceX, thumbForceY, thumbForceZ, thumbForceGlobalX, thumbForceGlobalY, thumbForceGlobalZ, hoopSuccess, targetSuccess, trialSuccess, 
191.162253, 0.1, 0.1, 0.131970149, 0.185218195, -0.0199731295, 0.941865396, 6.87848769e-005, 0.335990432, 0.335990435, -3.4805871e-005, -0.941865397, -5.30916557e-005, 0.999999997, -5.58935062e-005, 0.941865391, 9.50552315e-005, 0.335990441, 0.335990446, -4.49689154e-005, -0.941865393, -7.44201072e-005, 0.999999994, -7.42923147e-005, 0.0889322021, -0.0645768555, -0.167582446, 0, 0, 0, 0, 0, 0, 0, 0.16373877, 0.0114000488, -0.124202002, 0, 0, 0, 0, 0, 0, 0, 1, 1, 1, 
191.212715, 0.1, 0.1, 0.131969771, 0.185218465, -0.0199681108, 0.941878166, 3.79409177e-005, 0.335954637, 0.335954637, -4.01515036e-006, -0.941878167, -3.43868136e-005, 0.999999999, -1.65282097e-005, 0.941878153, 2.06779117e-005, 0.335954677, 0.335954677, -1.81235243e-005, -0.941878153, -1.33873905e-005, 1, -2.40169927e-005, 0.0912591797, -0.102405127, -0.162918848, 0, 0, 0, 0, 0, 0, 0, 0.163387549, -0.0265252441, -0.121042969, 0, 0, 0, 0, 0, 0, 0, 1, 1, 1, 
191.213426, 0.1, 0.1, 0.131969763, 0.185218467, -0.0199680636, 0.941878174, -1.8929265e-005, 0.335954617, 0.335954617, -1.9593849e-005, -0.941878174, 2.44117056e-005, 1, -1.20956448e-005, 0.941878167, 9.80655306e-006, 0.335954636, 0.335954636, -6.79376707e-006, -0.941878167, -6.95418069e-006, 1, -9.69345784e-006, 0.0912591797, -0.102405127, -0.162918848, 0, 0, 0, 0, 0, 0, 0, 0.163387549, -0.0265252441, -0.121042969, 0, 0, 0, 0, 0, 0, 0, 1, 1, 1, 
191.214146, 0.1, 0.1, 0.131969766, 0.185218471, -0.0199682964, 0.941878305, -9.33124916e-006, 0.335954251, 0.335954251, -2.75170345e-006, -0.941878305, 9.71334761e-006, 1, 5.43103041e-007, 0.94187827, -3.80994823e-005, 0.335954346, 0.335954347, 2.05714664e-006, -0.941878271, 3.51939672e-005, 0.999999999, 1.47372684e-005, 0.0912591797, -0.102405127, -0.162918848, 0, 0, 0, 0, 0, 0, 0, 0.163387549, -0.0265252441, -0.121042969, 0, 0, 0, 0, 0, 0, 0, 1, 1, 1, 
191.21487, 0.1, 0.1, 0.131969751, 0.185218476, -0.0199684575, 0.941878453, 4.60752704e-005, 0.335953832, 0.335953832, 8.12420016e-007, -0.941878454, -4.36702401e-005, 0.999999999, -1.47139628e-005, 0.941878429, 6.41906578e-005, 0.335953897, 0.335953899, -1.08834311e-005, -0.941878431, -5.68034649e-005, 0.999999998, -3.18159708e-005, 0.0912591797, -0.102405127, -0.162918848, 0, 0, 0, 0, 0, 0, 0, 0.163387549, -0.0265252441, -0.121042969, 0, 0, 0, 0, 0, 0, 0, 1, 1, 1, 
191.215582, 0.1, 0.1, 0.131969752, 0.185218477, -0.0199687721, 0.941878466, -4.48670362e-005, 0.335953798, 0.335953798, -3.81706489e-006, -0.941878467, 4.35416527e-005, 0.999999999, 1.147804e-005, 0.941878475, -5.09516955e-005, 0.335953769, 0.33595377, 9.65400532e-006, -0.941878476, 4.47470059e-005, 0.999999999, 2.6210314e-005, 0.0912591797, -0.102405127, -0.162918848, 0, 0, 0, 0, 0, 0, 0, 0.163387549, -0.0265252441, -0.121042969, 0, 0, 0, 0, 0, 0, 0, 1, 1, 1, 
191.216294, 0.1, 0.1, 0.131969745, 0.185218482, -0.0199691522, 0.941878295, 4.56725434e-005, 0.335954275, 0.335954274, 1.35803963e-005, -0.941878296, -4.75803696e-005, 0.999999999, -2.5528057e-006, 0.941878348, 4.39801001e-005, 0.335954128, 0.335954129, -5.60952333e-006, -0.941878348, -3.95393616e-005, 0.999999999, -2.00587848e-005, 0.0912591797, -0.102405127, -0.162918848, 0, 0, 0, 0, 0, 0, 0, 0.163387549, -0.0265252441, -0.121042969, 0, 0, 0, 0, 0, 0, 0, 1, 1, 1, 
191.217037, 0.1, 0.1, 0.131969742, 0.185218478, -0.0199692213, 0.941877909, -5.03727224e-005, 0.335955357, 0.335955358, 1.91144718e-006, -0.94187791, 4.68027935e-005, 0.999999999, 1.87233358e-005, 0.941878001, -3.754248e-005, 0.335955102, 0.335955103, 2.46319126e-005, -0.941878001, 2.70852193e-005, 0.999999999, 3.58128444e-005, 0.091378418, -0.105337183, -0.162525073, 0, 0, 0, 0, 0, 0, 0, 0.163387549, -0.0265252441, -0.121042969, 0, 0, 0, 0, 0, 0, 0, 1, 1, 1, 
191.217759, 0.1, 0.1, 0.131969743, 0.185218487, -0.019968903, 0.941877362, 1.87266201e-005, 0.335956895, 0.335956895, -3.3221772e-006, -0.941877362, -1.65220712e-005, 1, -9.42042065e-006, 0.941877476, -6.58723035e-006, 0.335956575, 0.335956574, -2.85977383e-005, -0.941877476, 1.58119621e-005, 1, -2.47225422e-005, 0.091378418, -0.105337183, -0.162525073, 0, 0, 0, 0, 0, 0, 0, 0.163588184, -0.0291661133, -0.120641406, 0, 0, 0, 0, 0, 0, 0, 1, 1, 1, 
191.21847, 0.1, 0.1, 0.131969734, 0.185218483, -0.0199686589, 0.941876741, 6.26934045e-006, 0.335958636, 0.335958636, 1.24003542e-005, -0.941876741, -1.0070952e-005, 1, 9.57336616e-006, 0.941876861, 2.21229446e-005, 0.335958297, 0.335958297, 3.50932746e-005, -0.941876861, -3.26269664e-005, 0.999999999, 2.56211566e-005, 0.091378418, -0.105337183, -0.162525073, 0, 0, 0, 0, 0, 0, 0, 0.163588184, -0.0291661133, -0.120641406, 0, 0, 0, 0, 0, 0, 0, 1, 1, 1, 
191.219201, 0.1, 0.1, 0.131969736, 0.185218494, -0.0199683602, 0.941876164, -2.84694177e-005, 0.335960251, 0.33596025, -2.63731253e-005, -0.941876165, 3.56749877e-005, 0.999999999, -1.52756254e-005, 0.941876269, -3.651451e-005, 0.335959956, 0.335959955, -4.55305467e-005, -0.941876269, 4.96885909e-005, 0.999999998, -3.06167284e-005, 0.091378418, -0.105337183, -0.162525073, 0, 0, 0, 0, 0, 0, 0, 0.163588184, -0.0291661133, -0.120641406, 0, 0, 0, 0, 0, 0, 0, 1, 1, 1, 
191.21996, 0.1, 0.1, 0.131969726, 0.18521849, -0.0199676689, 0.941875751, 5.22027282e-005, 0.335961406, 0.335961405, 2.08958451e-005, -0.941875753, -5.61886814e-005, 0.999999998, 2.14318788e-006, 0.94187581, 4.87308184e-005, 0.335961241, 0.33596124, 3.83258288e-005, -0.941875811, -5.87743722e-005, 0.999999998, 1.97265048e-005, 0.0917776611, -0.108418506, -0.16190061, 0, 0, 0, 0, 0, 0, 0, 0.16362002, -0.0321750977, -0.120446729, 0, 0, 0, 0, 0, 0, 0, 1, 1, 1, 
191.220676, 0.1, 0.1, 0.131969721, 0.1852185, -0.0199672898, 0.941875616, -3.79669938e-005, 0.335961788, 0.335961787, -3.35273868e-005, -0.941875616, 4.70241065e-005, 0.999999999, -1.88231689e-005, 0.941875621, -2.30853049e-005, 0.335961775, 0.335961774, -4.68779489e-005, -0.94187562, 3.74926848e-005, 0.999999999, -3.63974173e-005, 0.0917776611, -0.108418506, -0.16190061, 0, 0, 0, 0, 0, 0, 0, 0.16362002, -0.0321750977, -0.120446729, 0, 0, 0, 0, 0, 0, 0, 1, 1, 1, 
191.221408, 0.1, 0.1, 0.131969718, 0.1852185, -0.0199673754, 0.941875737, 4.38036745e-005, 0.335961448, 0.335961447, 1.93975557e-005, -0.941875738, -4.77744491e-005, 0.999999999, 3.5537412e-006, 0.941875688, 1.63130089e-005, 0.335961586, 0.335961586, 2.89716957e-005, -0.941875688, -2.50982033e-005, 0.999999999, 2.18071915e-005, 0.0917776611, -0.108418506, -0.16190061, 0, 0, 0, 0, 0, 0, 0, 0.16362002, -0.0321750977, -0.120446729, 0, 0, 0, 0, 0, 0, 0, 1, 1, 1, 
191.222115, 0.1, 0.1, 0.131969707, 0.185218506, -0.0199677588, 0.941876052, -1.27214567e-005, 0.335960567, 0.335960567, -1.97610158e-005, -0.941876052, 1.86209575e-005, 1, -1.43385198e-005, 0.941875982, 2.41793224e-005, 0.335960762, 0.335960762, -2.58949846e-005, -0.941875982, -1.40742243e-005, 0.999999999, -3.25131676e-005, 0.0917776611, -0.108418506, -0.16190061, 0, 0, 0, 0, 0, 0, 0, 0.16362002, -0.0321750977, -0.120446729, 0, 0, 0, 0, 0, 0, 0, 1, 1, 1, 
191.222823, 0.1, 0.1, 0.131969712, 0.185218506, -0.0199685077, 0.941876484, -1.83129546e-005, 0.335959356, 0.335959356, 1.35021958e-005, -0.941876484, 1.27123523e-005, 1, 1.88698092e-005, 0.941876398, -4.41098979e-005, 0.335959596, 0.335959597, 1.87219419e-005, -0.941876398, 3.52562557e-005, 0.999999999, 3.24528987e-005, 0.0917776611, -0.108418506, -0.16190061, 0, 0, 0, 0, 0, 0, 0, 0.16362002, -0.0321750977, -0.120446729, 0, 0, 0, 0, 0, 0, 0, 1, 1, 1, 
191.223533, 0.1, 0.1, 0.131969701, 0.185218508, -0.0199694153, 0.941876884, 3.31100662e-005, 0.335958232, 0.335958232, 1.1969173e-005, -0.941876885, -3.52067482e-005, 0.999999999, 1.49888103e-007, 0.941876811, 4.99315947e-005, 0.335958435, 0.335958436, 1.59945069e-006, -0.941876812, -4.75667602e-005, 0.999999999, -1.52684549e-005, 0.0917776611, -0.108418506, -0.16190061, 0, 0, 0, 0, 0, 0, 0, 0.16362002, -0.0321750977, -0.120446729, 0, 0, 0, 0, 0, 0, 0, 1, 1, 1, 
191.224259, 0.1, 0.1, 0.131969702, 0.185218514, -0.0199700439, 0.941877117, -3.92444278e-005, 0.335957579, 0.335957578, -2.5117082e-005, -0.941877118, 4.54017026e-005, 0.999999999, -1.04727419e-005, 0.941877078, -3.94366206e-005, 0.335957688, 0.335957687, -3.12188764e-005, -0.941877079, 4.76326705e-005, 0.999999999, -1.61553082e-005, 0.0917776611, -0.108418506, -0.16190061, 0, 0, 0, 0, 0, 0, 0, 0.16362002, -0.0321750977, -0.120446729, 0, 0, 0, 0, 0, 0, 0, 1, 1, 1, 
191.224993, 0.1, 0.1, 0.131969695, 0.185218516, -0.0199701079, 0.941877393, 5.31686553e-005, 0.335956804, 0.335956805, 2.45506179e-006, -0.941877394, -5.09031492e-005, 0.999999999, -1.55500043e-005, 0.941877332, 4.41346107e-005, 0.335956976, 0.335956977, 3.61898917e-006, -0.941877333, -4.27852141e-005, 0.999999999, -1.14186865e-005, 0.0921561523, -0.111581982, -0.161379175, 0, 0, 0, 0, 0, 0, 0, 0.163906348, -0.0351672363, -0.120060059, 0, 0, 0, 0, 0, 0, 0, 1, 1, 1, 
191.225704, 0.1, 0.1, 0.13196969, 0.185218518, -0.0199697143, 0.941877621, -3.13520308e-005, 0.335956167, 0.335956166, -2.38738721e-005, -0.941877621, 3.75503508e-005, 0.999999999, -1.19533577e-005, 0.941877597, -1.76128857e-005, 0.335956236, 0.335956236, -3.63757177e-006, -0.941877597, 1.78112474e-005, 1, 2.49101143e-006, 0.0921561523, -0.111581982, -0.161379175, 0, 0, 0, 0, 0, 0, 0, 0.163906348, -0.0351672363, -0.120060059, 0, 0, 0, 0, 0, 0, 0, 1, 1, 1, 
191.22641, 0.1, 0.1, 0.13196969, 0.185218522, -0.0199692095, 0.941877773, 1.93673394e-005, 0.335955743, 0.335955743, 6.75884055e-006, -0.941877773, -2.05123378e-005, 1, -1.40567215e-007, 0.941877732, -1.17115335e-005, 0.335955858, 0.335955858, 2.03810411e-006, -0.941877732, 1.03461196e-005, 1, 5.85420317e-006, 0.0921561523, -0.111581982, -0.161379175, 0, 0, 0, 0, 0, 0, 0, 0.163906348, -0.0351672363, -0.120060059, 0, 0, 0, 0, 0, 0, 0, 1, 1, 1, 
191.227121, 0.1, 0.1, 0.13196968, 0.185218522, -0.0199687187, 0.941877945, 1.00025569e-005, 0.335955261, 0.335955261, 2.95485871e-006, -0.941877945, -1.04138881e-005, 1, -5.77295365e-007, 0.941877908, 3.2800841e-005, 0.335955363, 0.335955363, 6.86144017e-006, -0.941877908, -3.31995251e-005, 0.999999999, -4.55697953e-006, 0.0921561523, -0.111581982, -0.161379175, 0, 0, 0, 0, 0, 0, 0, 0.163906348, -0.0351672363, -0.120060059, 0, 0, 0, 0, 0, 0, 0, 1, 1, 1, 
191.227842, 0.1, 0.1, 0.131969685, 0.185218527, -0.0199682565, 0.941878096, -3.20684049e-005, 0.335954835, 0.335954834, -2.12537939e-005, -0.941878097, 3.7344843e-005, 0.999999999, -9.24494728e-006, 0.941878078, -4.63204993e-005, 0.335954883, 0.335954882, -2.08831531e-005, -0.941878079, 5.06440602e-005, 0.999999999, -4.10778619e-006, 0.0921561523, -0.111581982, -0.161379175, 0, 0, 0, 0, 0, 0, 0, 0.164139941, -0.0379979004, -0.119640186, 0, 0, 0, 0, 0, 0, 0, 1, 1, 1, 
191.228545, 0.1, 0.1, 0.131969677, 0.185218526, -0.0199681365, 0.941878152, 4.60870516e-005, 0.335954677, 0.335954677, 1.08760959e-005, -0.941878153, -4.70622623e-005, 0.999999999, -5.23920342e-006, 0.941878134, 4.30187963e-005, 0.335954728, 0.335954727, 2.53824467e-005, -0.941878135, -4.90458166e-005, 0.999999999, 9.45480354e-006, 0.0921561523, -0.111581982, -0.161379175, 0, 0, 0, 0, 0, 0, 0, 0.164139941, -0.0379979004, -0.119640186, 0, 0, 0, 0, 0, 0, 0, 1, 1, 1, 
191.229259, 0.1, 0.1, 0.131969676, 0.185218528, -0.0199683645, 0.941878288, -5.05802367e-005, 0.335954294, 0.335954294, -6.2504009e-006, -0.94187829, 4.97402759e-005, 0.999999999, 1.11055308e-005, 0.941878266, -4.37392929e-005, 0.335954358, 0.335954359, 1.42161814e-006, -0.941878266, 4.07194905e-005, 0.999999999, 1.60333973e-005, 0.0921561523, -0.111581982, -0.161379175, 0, 0, 0, 0, 0, 0, 0, 0.164139941, -0.0379979004, -0.119640186, 0, 0, 0, 0, 0, 0, 0, 1, 1, 1, 
191.229979, 0.1, 0.1, 0.131969674, 0.18521853, -0.0199686663, 0.941878328, 3.36032262e-005, 0.335954186, 0.335954185, 3.32894572e-005, -0.941878328, -4.28338829e-005, 0.999999999, 2.00654738e-005, 0.941878324, 1.6333632e-005, 0.335954198, 0.335954197, 2.13929565e-005, -0.941878324, -2.25713475e-005, 1, 1.46622098e-005, 0.0925791992, -0.114921216, -0.16042334, 0, 0, 0, 0, 0, 0, 0, 0.164139941, -0.0379979004, -0.119640186, 0, 0, 0, 0, 0, 0, 0, 1, 1, 1, 
191.230685, 0.1, 0.1, 0.131969665, 0.185218533, -0.019969051, 0.941878426, -4.81780573e-006, 0.335953913, 0.335953912, -3.64501197e-005, -0.941878425, 1.67833476e-005, 0.999999999, -3.27130206e-005, 0.94187839, 2.39670961e-005, 0.335954012, 0.335954012, -2.5363763e-005, -0.94187839, -1.40530319e-005, 0.999999999, -3.19414224e-005, 0.0925791992, -0.114921216, -0.16042334, 0, 0, 0, 0, 0, 0, 0, 0.164139941, -0.0379979004, -0.119640186, 0, 0, 0, 0, 0, 0, 0, 1, 1, 1, 
191.231406, 0.1, 0.1, 0.131969669, 0.185218535, -0.0199694178, 0.941878736, -2.44600307e-005, 0.335953042, 0.335953043, 3.82496229e-005, -0.941878735, 1.01883056e-005, 0.999999999, 4.42439282e-005, 0.941878657, -4.32696616e-005, 0.335953262, 0.335953263, 2.61024026e-005, -0.941878657, 3.19855835e-005, 0.999999999, 3.91218799e-005, 0.0925791992, -0.114921216, -0.16042334, 0, 0, 0, 0, 0, 0, 0, 0.164139941, -0.0379979004, -0.119640186, 0, 0, 0, 0, 0, 0, 0, 1, 1, 1, 
191.23211, 0.1, 0.1, 0.13196966, 0.185218534, -0.0199696072, 0.941879217, 3.48973365e-005, 0.335951693, 0.335951694, -8.44305611e-006, -0.941879217, -3.00326169e-005, 0.999999999, -1.96761584e-005, 0.941879111, 4.58293497e-005, 0.335951988, 0.335951988, -1.5302967e-007, -0.941879112, -4.31142966e-005, 0.999999999, -1.55405966e-005, 0.0925791992, -0.114921216, -0.16042334, 0, 0, 0, 0, 0, 0, 0, 0.164139941, -0.0379979004, -0.119640186, 0, 0, 0, 0, 0, 0, 0, 1, 1, 1, 
191.232844, 0.1, 0.1, 0.131969663, 0.185218539, -0.019969409, 0.941879752, -4.79770244e-005, 0.335950189, 0.335950188, -2.72024521e-005, -0.941879754, 5.43272568e-005, 0.999999998, -9.50354845e-006, 0.941879661, -5.46272512e-005, 0.335950446, 0.335950446, -1.57267765e-005, -0.941879662, 5.67357145e-005, 0.999999998, 3.53931843e-006, 0.0922767334, -0.11775415, -0.160128052, 0, 0, 0, 0, 0, 0, 0, 0.164098779, -0.0408285645, -0.119386914, 0, 0, 0, 0, 0, 0, 0, 1, 1, 1, 
191.233549, 0.1, 0.1, 0.131969659, 0.18521854, -0.0199691483, 0.941880126, 3.64146297e-005, 0.335949142, 0.335949141, 2.56135319e-005, -0.941880127, -4.29030601e-005, 0.999999999, 1.18914131e-005, 0.941880053, 2.6425445e-005, 0.335949348, 0.335949347, 2.60501692e-005, -0.941880054, -3.36411369e-005, 0.999999999, 1.56585237e-005, 0.0922767334, -0.11775415, -0.160128052, 0, 0, 0, 0, 0, 0, 0, 0.164098779, -0.0408285645, -0.119386914, 0, 0, 0, 0, 0, 0, 0, 1, 1, 1, 
191.234259, 0.1, 0.1, 0.131969655, 0.185218542, -0.0199689238, 0.941880514, -4.09279116e-005, 0.335948054, 0.335948054, -9.40675912e-006, -0.941880515, 4.17093849e-005, 0.999999999, 4.88960916e-006, 0.941880437, -2.08513391e-005, 0.335948273, 0.335948272, -8.77421004e-006, -0.941880437, 2.25871491e-005, 1, -1.25928543e-006, 0.0922767334, -0.11775415, -0.160128052, 0, 0, 0, 0, 0, 0, 0, 0.164098779, -0.0408285645, -0.119386914, 0, 0, 0, 0, 0, 0, 0, 1, 1, 1, 
191.234966, 0.1, 0.1, 0.131969656, 0.185218546, -0.0199688094, 0.941880812, 1.85122938e-005, 0.335947221, 0.33594722, 1.71437162e-005, -0.941880812, -2.31957581e-005, 1, 9.92818369e-006, 0.941880767, -6.53274866e-006, 0.335947349, 0.335947349, -9.60693153e-006, -0.941880767, 9.3804935e-006, 1, -6.85392444e-006, 0.0922767334, -0.11775415, -0.160128052, 0, 0, 0, 0, 0, 0, 0, 0.164098779, -0.0408285645, -0.119386914, 0, 0, 0, 0, 0, 0, 0, 1, 1, 1, 
191.235673, 0.1, 0.1, 0.131969645, 0.185218546, -0.0199688236, 0.941881091, 2.69494921e-005, 0.335946439, 0.335946439, -2.31806784e-005, -0.941881091, -1.75957507e-005, 0.999999999, -3.08870286e-005, 0.941881026, 4.42660893e-005, 0.33594662, 0.335946621, -5.75882061e-006, -0.941881026, -3.97587334e-005, 0.999999999, -2.0295167e-005, 0.0922767334, -0.11775415, -0.160128052, 0, 0, 0, 0, 0, 0, 0, 0.164098779, -0.0408285645, -0.119386914, 0, 0, 0, 0, 0, 0, 0, 1, 1, 1, 
191.236384, 0.1, 0.1, 0.131969648, 0.18521855, -0.0199689226, 0.941881542, -4.16113757e-005, 0.335945172, 0.335945173, 3.27300844e-005, -0.941881542, 2.81974729e-005, 0.999999999, 4.48070032e-005, 0.941881438, -4.78148169e-005, 0.335945464, 0.335945465, 1.22027426e-005, -0.941881438, 4.09364324e-005, 0.999999999, 2.75567077e-005, 0.0922767334, -0.11775415, -0.160128052, 0, 0, 0, 0, 0, 0, 0, 0.164098779, -0.0408285645, -0.119386914, 0, 0, 0, 0, 0, 0, 0, 1, 1, 1, 
191.237091, 0.1, 0.1, 0.131969641, 0.185218546, -0.0199690819, 0.941882165, 5.3557456e-005, 0.335943425, 0.335943426, -9.48255029e-006, -0.941882166, -4.72592122e-005, 0.999999999, -2.69237203e-005, 0.941882026, 4.58725377e-005, 0.335943814, 0.335943813, 2.24422053e-005, -0.941882028, -5.07458389e-005, 0.999999999, 5.72731457e-006, 0.0922767334, -0.11775415, -0.160128052, 0, 0, 0, 0, 0, 0, 0, 0.164098779, -0.0408285645, -0.119386914, 0, 0, 0, 0, 0, 0, 0, 1, 1, 1, 
191.237827, 0.1, 0.1, 0.131969637, 0.185218558, -0.0199690732, 0.941883004, -4.2834276e-005, 0.335941072, 0.335941071, -3.98491586e-005, -0.941883005, 5.37318457e-005, 0.999999998, -2.31434527e-005, 0.94188283, -2.64983849e-005, 0.335941563, 0.335941561, -5.75806891e-005, -0.941882829, 4.43021204e-005, 0.999999998, -4.53323537e-005, 0.0926272705, -0.120652271, -0.159453418, 0, 0, 0, 0, 0, 0, 0, 0.164080566, -0.0438573242, -0.11913999, 0, 0, 0, 0, 0, 0, 0, 1, 1, 1, 
191.238698, 0.1, 0.1, 0.131969635, 0.185218555, -0.019967996, 0.941884201, 4.98982612e-005, 0.335937718, 0.335937716, 3.47145621e-005, -0.941884202, -5.86603147e-005, 0.999999998, 1.59343897e-005, 0.941883877, 1.6140699e-005, 0.335938628, 0.335938627, 4.26789442e-005, -0.941883876, -2.95401701e-005, 0.999999999, 3.47763252e-005, 0.0926272705, -0.120652271, -0.159453418, 0, 0, 0, 0, 0, 0, 0, 0.164080566, -0.0438573242, -0.11913999, 0, 0, 0, 0, 0, 0, 0, 1, 1, 1, 
191.239739, 0.1, 0.1, 0.131969623, 0.185218558, -0.0199619294, 0.941885858, -3.77877027e-005, 0.335933072, 0.335933072, 1.44941394e-005, -0.941885859, 3.0722642e-005, 0.999999999, 2.6345964e-005, 0.941885499, -4.04648735e-006, 0.335934081, 0.335934081, -1.17165605e-005, -0.941885499, 7.74731973e-006, 1, -9.67630541e-006, 0.0926272705, -0.120652271, -0.159453418, 0, 0, 0, 0, 0, 0, 0, 0.164080566, -0.0438573242, -0.11913999, 0, 0, 0, 0, 0, 0, 0, 1, 1, 1, 
191.240828, 0.1, 0.1, 0.131969616, 0.185218555, -0.0199517355, 0.941887616, 3.17153715e-005, 0.335928144, 0.335928143, 1.86689415e-005, -0.941887617, -3.61437385e-005, 0.999999999, 6.92995894e-006, 0.941887378, 4.4588892e-005, 0.335928811, 0.335928811, 9.66114637e-006, -0.941887379, -4.5243172e-005, 0.999999999, -5.87898166e-006, 0.0931030273, -0.122744214, -0.159162402, 0, 0, 0, 0, 0, 0, 0, 0.164407031, -0.0461217773, -0.118850342, 0, 0, 0, 0, 0, 0, 0, 1, 1, 1, 
191.241547, 0.1, 0.1, 0.131969619, 0.185218561, -0.0199489698, 0.941888592, -4.18629363e-005, 0.335925407, 0.335925407, 4.11255502e-006, -0.941888593, 3.80487104e-005, 0.999999999, 1.79363926e-005, 0.941888405, -4.61382357e-005, 0.335925931, 0.33592593, -2.61245103e-005, -0.941888406, 5.22329697e-005, 0.999999999, -9.10734361e-006, 0.0931030273, -0.122744214, -0.159162402, 0, 0, 0, 0, 0, 0, 0, 0.164407031, -0.0461217773, -0.118850342, 0, 0, 0, 0, 0, 0, 0, 1, 1, 1, 
191.242252, 0.1, 0.1, 0.131969608, 0.185218561, -0.0199524077, 0.941889658, 7.75462523e-005, 0.335922411, 0.335922414, -2.8406224e-005, -0.94188966, -6.34977259e-005, 0.999999997, -5.28050529e-005, 0.94188943, 7.86233454e-005, 0.33592305, 0.335923051, -7.74240085e-006, -0.941889433, -7.14536473e-005, 0.999999997, -3.37038796e-005, 0.0931030273, -0.122744214, -0.159162402, 0, 0, 0, 0, 0, 0, 0, 0.164407031, -0.0461217773, -0.118850342, 0, 0, 0, 0, 0, 0, 0, 1, 1, 1, 
191.242961, 0.1, 0.1, 0.131969611, 0.185218568, -0.0199606029, 0.941890861, -0.000101439238, 0.335919032, 0.335919034, 7.35299778e-006, -0.941890865, 9.30746801e-005, 0.999999995, 4.10010924e-005, 0.941890614, -7.74983888e-005, 0.33591973, 0.33591973, -9.24072728e-006, -0.941890617, 7.60991478e-005, 0.999999997, 1.73294836e-005, 0.0931030273, -0.122744214, -0.159162402, 0, 0, 0, 0, 0, 0, 0, 0.164407031, -0.0461217773, -0.118850342, 0, 0, 0, 0, 0, 0, 0, 1, 1, 1, 
191.24367, 0.1, 0.1, 0.13196962, 0.185218567, -0.0199705099, 0.941892071, 1.08857087e-005, 0.335915653, 0.335915653, -6.54938698e-007, -0.941892071, -1.00331585e-005, 1, -4.2735615e-006, 0.941891836, -3.6890443e-005, 0.335916311, 0.335916311, 1.17308548e-005, -0.941891836, 3.08062216e-005, 0.999999999, 2.34412979e-005, 0.0931030273, -0.122744214, -0.159162402, 0, 0, 0, 0, 0, 0, 0, 0.164407031, -0.0461217773, -0.118850342, 0, 0, 0, 0, 0, 0, 0, 1, 1, 1, 
191.244388, 0.1, 0.1, 0.131969603, 0.18521857, -0.0199791024, 0.94189313, 7.14415299e-005, 0.335912678, 0.335912679, 3.99455363e-006, -0.941893132, -6.86321076e-005, 0.999999997, -2.02356731e-005, 0.941892924, 8.1205628e-005, 0.335913251, 0.335913252, -4.10036725e-006, -0.941892927, -7.5109639e-005, 0.999999997, -3.11401535e-005, 0.0931030273, -0.122744214, -0.159162402, 0, 0, 0, 0, 0, 0, 0, 0.164407031, -0.0461217773, -0.118850342, 0, 0, 0, 0, 0, 0, 0, 1, 1, 1, 
191.245112, 0.1, 0.1, 0.131969601, 0.185218566, -0.0199838122, 0.94189397, -5.48272875e-005, 0.335910324, 0.335910326, 2.40728987e-005, -0.941893971, 4.35551564e-005, 0.999999998, 4.10911702e-005, 0.941893835, -3.30623569e-005, 0.335910706, 0.335910707, 3.02441659e-005, -0.941893835, 2.0981891e-005, 0.999999999, 3.95927931e-005, 0.0934210938, -0.124741797, -0.158841602, 0, 0, 0, 0, 0, 0, 0, 0.164407031, -0.0461217773, -0.118850342, 0, 0, 0, 0, 0, 0, 0, 1, 1, 1, 
191.245837, 0.1, 0.1, 0.131969612, 0.185218569, -0.0199835192, 0.941894537, -4.58107492e-005, 0.335908735, 0.335908733, -3.69535112e-005, -0.941894538, 5.55619017e-005, 0.999999998, -1.94180796e-005, 0.94189444, -6.32061282e-005, 0.335909007, 0.335909006, -2.14357533e-005, -0.941894442, 6.67339634e-005, 0.999999998, 1.04129087e-006, 0.0934210938, -0.124741797, -0.158841602, 0, 0, 0, 0, 0, 0, 0, 0.164518311, -0.0483078613, -0.118730957, 0, 0, 0, 0, 0, 0, 0, 1, 1, 1, 
191.246544, 0.1, 0.1, 0.131969606, 0.185218577, -0.0199789586, 0.941894842, 4.99840084e-005, 0.335907881, 0.335907882, -6.76688688e-006, -0.941894843, -4.48066291e-005, 0.999999999, -2.31637182e-005, 0.941894803, 4.25631941e-005, 0.33590799, 0.335907991, -2.35011364e-005, -0.941894804, -3.21958319e-005, 0.999999999, -3.64329153e-005, 0.0934210938, -0.124741797, -0.158841602, 0, 0, 0, 0, 0, 0, 0, 0.164518311, -0.0483078613, -0.118730957, 0, 0, 0, 0, 0, 0, 0, 1, 1, 1, 
191.247251, 0.1, 0.1, 0.131969601, 0.185218572, -0.0199718634, 0.941894903, -3.12076973e-005, 0.335907711, 0.335907712, 3.47184221e-005, -0.941894903, 1.77321853e-005, 0.999999999, 4.3184011e-005, 0.94189491, -5.65246662e-006, 0.335907694, 0.335907694, 4.73517397e-005, -0.941894909, -1.05817842e-005, 0.999999999, 4.64990696e-005, 0.0934210938, -0.124741797, -0.158841602, 0, 0, 0, 0, 0, 0, 0, 0.164518311, -0.0483078613, -0.118730957, 0, 0, 0, 0, 0, 0, 0, 1, 1, 1, 
191.247952, 0.1, 0.1, 0.131969603, 0.185218578, -0.019964769, 0.941894729, 2.00746064e-005, 0.3359082, 0.335908201, -4.44437891e-005, -0.941894728, -3.97913272e-006, 0.999999999, -4.86045956e-005, 0.941894783, -6.41762581e-006, 0.33590805, 0.335908049, -4.71031489e-005, -0.941894782, 2.18670551e-005, 0.999999999, -4.2210478e-005, 0.0934210938, -0.124741797, -0.158841602, 0, 0, 0, 0, 0, 0, 0, 0.164518311, -0.0483078613, -0.118730957, 0, 0, 0, 0, 0, 0, 0, 1, 1, 1, 
191.248663, 0.1, 0.1, 0.1319696, 0.18521858, -0.0199594464, 0.941894368, -3.03618061e-005, 0.335909212, 0.335909213, 1.64559214e-005, -0.941894368, 2.30699186e-005, 0.999999999, 2.56985501e-005, 0.941894449, -2.07973979e-005, 0.335908985, 0.335908985, 1.70041264e-005, -0.941894449, 1.38771148e-005, 1, 2.30021251e-005, 0.0934210938, -0.124741797, -0.158841602, 0, 0, 0, 0, 0, 0, 0, 0.164518311, -0.0483078613, -0.118730957, 0, 0, 0, 0, 0, 0, 0, 1, 1, 1, 
191.249368, 0.1, 0.1, 0.131969594, 0.185218581, -0.0199574153, 0.941893916, 3.83512774e-005, 0.33591048, 0.335910479, 1.80057752e-005, -0.941893916, -4.21711635e-005, 0.999999999, 4.07693413e-006, 0.941894015, 4.43973738e-005, 0.3359102, 0.3359102, 1.82986022e-006, -0.941894016, -4.24322894e-005, 0.999999999, -1.31899963e-005, 0.0934210938, -0.124741797, -0.158841602, 0, 0, 0, 0, 0, 0, 0, 0.164518311, -0.0483078613, -0.118730957, 0, 0, 0, 0, 0, 0, 0, 1, 1, 1, 
191.250085, 0.1, 0.1, 0.131969597, 0.185218585, -0.0199590494, 0.941893411, -6.65529275e-005, 0.335911889, 0.335911888, -2.68278714e-005, -0.941893414, 7.1697565e-005, 0.999999997, -2.91307583e-006, 0.941893513, -5.60598457e-005, 0.335911607, 0.335911606, -2.75156499e-005, -0.941893514, 6.20452313e-005, 0.999999998, -7.08565932e-006, 0.0934210938, -0.124741797, -0.158841602, 0, 0, 0, 0, 0, 0, 0, 0.164518311, -0.0483078613, -0.118730957, 0, 0, 0, 0, 0, 0, 0, 1, 1, 1, 
191.250799, 0.1, 0.1, 0.131969597, 0.185218587, -0.0199634168, 0.941893051, 5.67325752e-005, 0.335912901, 0.335912902, -2.16077491e-006, -0.941893053, -5.27101862e-005, 0.999999998, -2.10924228e-005, 0.941893116, 2.77704238e-005, 0.335912723, 0.335912724, -3.46466134e-006, -0.941893116, -2.49929472e-005, 1, -1.25917794e-005, 0.0941580566, -0.12681543, -0.158590625, 0, 0, 0, 0, 0, 0, 0, 0.164652783, -0.0505205566, -0.118426416, 0, 0, 0, 0, 0, 0, 0, 1, 1, 1, 
191.251512, 0.1, 0.1, 0.131969586, 0.185218583, -0.0199692314, 0.941892662, -1.64403062e-006, 0.335913996, 0.335913996, 3.01097471e-005, -0.941892662, -8.5657851e-006, 1, 2.89124028e-005, 0.941892752, 2.67404509e-005, 0.335913743, 0.335913742, 3.89707522e-005, -0.941892752, -3.82774482e-005, 0.999999999, 2.77237841e-005, 0.0941580566, -0.12681543, -0.158590625, 0, 0, 0, 0, 0, 0, 0, 0.164652783, -0.0505205566, -0.118426416, 0, 0, 0, 0, 0, 0, 0, 1, 1, 1, 
191.25222, 0.1, 0.1, 0.131969594, 0.185218592, -0.0199745633, 0.941892087, -5.39898701e-005, 0.335915604, 0.3359156, -6.58429185e-005, -0.941892088, 7.29702952e-005, 0.999999996, -4.38808843e-005, 0.941892208, -6.03608959e-005, 0.335915265, 0.335915262, -6.05772478e-005, -0.941892209, 7.72022798e-005, 0.999999996, -3.67810916e-005, 0.0941580566, -0.12681543, -0.158590625, 0, 0, 0, 0, 0, 0, 0, 0.164652783, -0.0505205566, -0.118426416, 0, 0, 0, 0, 0, 0, 0, 1, 1, 1, 
191.25295, 0.1, 0.1, 0.131969591, 0.185218597, -0.019977943, 0.941891445, 4.60513818e-005, 0.335917405, 0.335917403, 3.64943631e-005, -0.941891446, -5.56344944e-005, 0.999999998, 1.89042678e-005, 0.941891576, 2.51067293e-005, 0.335917041, 0.335917041, 1.23737064e-005, -0.941891576, -2.78043557e-005, 1, 3.22091161e-006, 0.0943529785, -0.129203955, -0.157494531, 0, 0, 0, 0, 0, 0, 0, 0.164652783, -0.0505205566, -0.118426416, 0, 0, 0, 0, 0, 0, 0, 1, 1, 1, 
191.253655, 0.1, 0.1, 0.131969577, 0.18521859, -0.0199782749, 0.941890921, 5.28477588e-005, 0.335918873, 0.335918873, 1.07952546e-005, -0.941890923, -5.3403154e-005, 0.999999999, -7.58460731e-006, 0.941891017, 6.28606154e-005, 0.335918602, 0.335918601, 3.2976332e-005, -0.941891019, -7.02852125e-005, 0.999999997, 9.94406087e-006, 0.0943529785, -0.129203955, -0.157494531, 0, 0, 0, 0, 0, 0, 0, 0.164628467, -0.0529047363, -0.117935254, 0, 0, 0, 0, 0, 0, 0, 1, 1, 1, 
191.254359, 0.1, 0.1, 0.131969577, 0.185218595, -0.019975972, 0.941890619, -4.38754744e-005, 0.335919721, 0.335919722, -8.58634052e-007, -0.94189062, 4.16143299e-005, 0.999999999, 1.39298978e-005, 0.94189066, -3.33532212e-005, 0.335919608, 0.335919608, -1.66604134e-005, -0.941890661, 3.70116471e-005, 0.999999999, -4.48828682e-006, 0.0943529785, -0.129203955, -0.157494531, 0, 0, 0, 0, 0, 0, 0, 0.164628467, -0.0529047363, -0.117935254, 0, 0, 0, 0, 0, 0, 0, 1, 1, 1, 
191.25506, 0.1, 0.1, 0.131969575, 0.185218594, -0.0199718931, 0.941890508, 4.5091318e-005, 0.335920032, 0.335920033, -6.38047108e-006, -0.941890509, -4.03277565e-005, 0.999999999, -2.11567822e-005, 0.941890514, 2.08670804e-005, 0.335920019, 0.335920019, 1.01019437e-005, -0.941890514, -2.30479502e-005, 1, 2.50525487e-006, 0.0943529785, -0.129203955, -0.157494531, 0, 0, 0, 0, 0, 0, 0, 0.164628467, -0.0529047363, -0.117935254, 0, 0, 0, 0, 0, 0, 0, 1, 1, 1, 
191.255765, 0.1, 0.1, 0.131969568, 0.185218599, -0.0199673101, 0.941890523, -2.84352149e-005, 0.335919993, 0.335919993, -8.35309779e-007, -0.941890523, 2.70634567e-005, 1, 8.76518683e-006, 0.941890516, 1.12965553e-005, 0.335920014, 0.335920014, -1.45759157e-005, -0.941890516, -5.74377648e-006, 1, -1.75236558e-005, 0.0943529785, -0.129203955, -0.157494531, 0, 0, 0, 0, 0, 0, 0, 0.164628467, -0.0529047363, -0.117935254, 0, 0, 0, 0, 0, 0, 0, 1, 1, 1, 
191.256469, 0.1, 0.1, 0.131969574, 0.185218601, -0.0199636266, 0.941890542, 9.04685477e-007, 0.335919942, 0.335919942, -2.53366875e-005, -0.941890541, 7.65898391e-006, 1, -2.41682882e-005, 0.941890538, -3.44747017e-005, 0.33591995, 0.33591995, -8.41613932e-006, -0.941890539, 3.52985444e-005, 0.999999999, 3.65365805e-006, 0.0943529785, -0.129203955, -0.157494531, 0, 0, 0, 0, 0, 0, 0, 0.164628467, -0.0529047363, -0.117935254, 0, 0, 0, 0, 0, 0, 0, 1, 1, 1, 
191.257171, 0.1, 0.1, 0.131969561, 0.185218602, -0.0199619066, 0.941890402, 3.76550908e-005, 0.335920331, 0.335920329, 3.55902831e-005, -0.941890403, -4.74224683e-005, 0.999999999, 2.08730355e-005, 0.941890439, 6.33805677e-005, 0.335920223, 0.335920223, 1.1329194e-005, -0.941890441, -6.35032563e-005, 0.999999998, -1.06199549e-005, 0.0943529785, -0.129203955, -0.157494531, 0, 0, 0, 0, 0, 0, 0, 0.164628467, -0.0529047363, -0.117935254, 0, 0, 0, 0, 0, 0, 0, 1, 1, 1, 
191.257891, 0.1, 0.1, 0.131969566, 0.185218601, -0.0199624861, 0.941890022, -4.56046974e-005, 0.335921395, 0.335921394, -3.24043105e-005, -0.941890023, 5.38399107e-005, 0.999999998, -1.52017033e-005, 0.941890122, -5.87420484e-005, 0.335921114, 0.335921115, -2.7014476e-006, -0.941890123, 5.62360285e-005, 0.999999998, 1.71882276e-005, 0.0943529785, -0.129203955, -0.157494531, 0, 0, 0, 0, 0, 0, 0, 0.164628467, -0.0529047363, -0.117935254, 0, 0, 0, 0, 0, 0, 0, 1, 1, 1, 
191.258605, 0.1, 0.1, 0.13196956, 0.185218605, -0.0199648184, 0.941889428, 4.9422545e-005, 0.335923061, 0.335923059, 3.54610241e-005, -0.941889429, -5.84627485e-005, 0.999999998, 1.67981912e-005, 0.941889563, 4.92572473e-005, 0.335922682, 0.335922682, 5.28802368e-006, -0.941889564, -4.81712543e-005, 0.999999999, -1.15658923e-005, 0.0941458496, -0.131234106, -0.156932666, 0, 0, 0, 0, 0, 0, 0, 0.164595605, -0.0554455078, -0.117835889, 0, 0, 0, 0, 0, 0, 0, 1, 1, 1, 
191.259316, 0.1, 0.1, 0.131969557, 0.185218601, -0.0199683196, 0.941888691, -3.20674156e-005, 0.335925131, 0.33592513, -1.85298245e-005, -0.941888691, 3.64285698e-005, 0.999999999, -6.68078135e-006, 0.941888858, -1.9420053e-005, 0.335924664, 0.335924664, 1.3684594e-005, -0.941888858, 1.36945389e-005, 1, 1.94130414e-005, 0.0941458496, -0.131234106, -0.156932666, 0, 0, 0, 0, 0, 0, 0, 0.164595605, -0.0554455078, -0.117835889, 0, 0, 0, 0, 0, 0, 0, 1, 1, 1, 
191.260018, 0.1, 0.1, 0.131969559, 0.185218607, -0.0199717952, 0.94188793, 5.6334333e-006, 0.335927264, 0.335927264, 1.53982101e-005, -0.94188793, -1.04787414e-005, 1, 1.26109644e-005, 0.941888077, -1.3317139e-005, 0.335926852, 0.335926852, -1.38820999e-005, -0.941888077, 1.72066245e-005, 1, -8.60179981e-006, 0.0941458496, -0.131234106, -0.156932666, 0, 0, 0, 0, 0, 0, 0, 0.164595605, -0.0554455078, -0.117835889, 0, 0, 0, 0, 0, 0, 0, 1, 1, 1, 
191.260735, 0.1, 0.1, 0.131969553, 0.185218604, -0.0199743024, 0.941887255, 1.14277028e-005, 0.335929157, 0.335929157, -8.9115782e-006, -0.941887255, -7.76994864e-006, 1, -1.22326005e-005, 0.941887388, 2.23513629e-005, 0.335928783, 0.335928783, 1.82950211e-005, -0.941887388, -2.7198291e-005, 1, 9.72338348e-006, 0.0941458496, -0.131234106, -0.156932666, 0, 0, 0, 0, 0, 0, 0, 0.164595605, -0.0554455078, -0.117835889, 0, 0, 0, 0, 0, 0, 0, 1, 1, 1, 
191.261445, 0.1, 0.1, 0.131969556, 0.18521861, -0.0199749633, 0.941886778, -3.02290764e-005, 0.335930495, 0.335930495, 2.11623371e-006, -0.941886778, 2.77614599e-005, 1, 1.21481211e-005, 0.941886859, -3.36084177e-005, 0.335930266, 0.335930265, -1.99002634e-005, -0.94188686, 3.83404277e-005, 0.999999999, -7.45371192e-006, 0.0941458496, -0.131234106, -0.156932666, 0, 0, 0, 0, 0, 0, 0, 0.16440542, -0.0579577148, -0.117564307, 0, 0, 0, 0, 0, 0, 0, 1, 1, 1, 
191.262149, 0.1, 0.1, 0.131969551, 0.185218607, -0.0199738614, 0.941886521, 4.03207186e-005, 0.335931214, 0.335931214, -1.8368356e-006, -0.941886521, -3.7360491e-005, 0.999999999, -1.52750787e-005, 0.941886555, 3.54812977e-005, 0.335931118, 0.335931118, 1.8764051e-005, -0.941886556, -3.97227859e-005, 0.999999999, 5.75433532e-006, 0.0941458496, -0.131234106, -0.156932666, 0, 0, 0, 0, 0, 0, 0, 0.16440542, -0.0579577148, -0.117564307, 0, 0, 0, 0, 0, 0, 0, 1, 1, 1, 
191.262853, 0.1, 0.1, 0.13196955, 0.185218612, -0.019971476, 0.941886476, -4.54625241e-005, 0.335931339, 0.335931339, 3.34928126e-007, -0.941886477, 4.27080238e-005, 0.999999999, 1.55877509e-005, 0.941886466, -3.18676104e-005, 0.335931367, 0.335931367, -1.94570447e-005, -0.941886467, 3.65519026e-005, 0.999999999, -7.62099721e-006, 0.0941458496, -0.131234106, -0.156932666, 0, 0, 0, 0, 0, 0, 0, 0.16440542, -0.0579577148, -0.117564307, 0, 0, 0, 0, 0, 0, 0, 1, 1, 1, 
191.263572, 0.1, 0.1, 0.131969549, 0.18521861, -0.0199684534, 0.941886618, 5.07396239e-005, 0.33593094, 0.33593094, 2.73180083e-006, -0.941886619, -4.87086692e-005, 0.999999999, -1.44719629e-005, 0.941886574, 2.4360674e-005, 0.335931065, 0.335931065, 2.00877574e-005, -0.941886575, -2.96930935e-005, 1, 1.07368819e-005, 0.0944035156, -0.13396731, -0.156458081, 0, 0, 0, 0, 0, 0, 0, 0.16440542, -0.0579577148, -0.117564307, 0, 0, 0, 0, 0, 0, 0, 1, 1, 1, 
191.264275, 0.1, 0.1, 0.131969541, 0.185218613, -0.019965935, 0.941886867, -2.96439514e-005, 0.335930244, 0.335930245, 7.15917222e-006, -0.941886867, 2.5516266e-005, 1, 1.67014301e-005, 0.941886813, 1.37707947e-005, 0.335930396, 0.335930396, -6.0771975e-006, -0.941886813, -1.09290146e-005, 1, -1.03500607e-005, 0.0944035156, -0.13396731, -0.156458081, 0, 0, 0, 0, 0, 0, 0, 0.16440542, -0.0579577148, -0.117564307, 0, 0, 0, 0, 0, 0, 0, 1, 1, 1, 
191.264977, 0.1, 0.1, 0.131969549, 0.185218613, -0.0199645632, 0.941887085, -1.18603983e-005, 0.335929634, 0.335929634, -2.06089779e-005, -0.941887085, 1.80943224e-005, 1, -1.54270709e-005, 0.941887046, -4.48490826e-005, 0.335929742, 0.335929742, -3.50431127e-006, -0.941887047, 4.34199723e-005, 0.999999999, 1.17654754e-005, 0.0944035156, -0.13396731, -0.156458081, 0, 0, 0, 0, 0, 0, 0, 0.16440542, -0.0579577148, -0.117564307, 0, 0, 0, 0, 0, 0, 0, 1, 1, 1, 
191.265706, 0.1, 0.1, 0.131969538, 0.185218615, -0.0199645823, 0.941887122, 2.61485158e-005, 0.33592953, 0.335929529, 3.39088727e-005, -0.941887122, -3.6019942e-005, 0.999999999, 2.31542719e-005, 0.941887126, 5.09464957e-005, 0.335929517, 0.335929516, 1.02899724e-005, -0.941887127, -5.14425539e-005, 0.999999999, -7.42243916e-006, 0.0944337891, -0.1362323, -0.1559177, 0, 0, 0, 0, 0, 0, 0, 0.16440542, -0.0579577148, -0.117564307, 0, 0, 0, 0, 0, 0, 0, 1, 1, 1, 
191.26641, 0.1, 0.1, 0.131969545, 0.185218614, -0.0199658259, 0.941886929, -4.70695669e-005, 0.335930068, 0.335930066, -2.86420639e-005, -0.94188693, 5.39559403e-005, 0.999999998, -1.11655029e-005, 0.941886984, -5.87371045e-005, 0.335929913, 0.335929913, -3.45906435e-006, -0.941886985, 5.64857174e-005, 0.999999998, 1.64735027e-005, 0.0944337891, -0.1362323, -0.1559177, 0, 0, 0, 0, 0, 0, 0, 0.164607275, -0.0605233887, -0.117262939, 0, 0, 0, 0, 0, 0, 0, 1, 1, 1, 
191.267109, 0.1, 0.1, 0.13196954, 0.185218617, -0.0199680677, 0.941886526, 4.15980177e-005, 0.335931199, 0.335931198, 2.9462725e-005, -0.941886527, -4.90780609e-005, 0.999999999, 1.37764718e-005, 0.941886625, 4.04347827e-005, 0.335930921, 0.335930921, 2.52384308e-006, -0.941886626, -3.8932818e-005, 0.999999999, -1.12061198e-005, 0.0944337891, -0.1362323, -0.1559177, 0, 0, 0, 0, 0, 0, 0, 0.164607275, -0.0605233887, -0.117262939, 0, 0, 0, 0, 0, 0, 0, 1, 1, 1, 
191.267816, 0.1, 0.1, 0.131969537, 0.185218614, -0.0199705408, 0.941885978, -2.69406765e-005, 0.335932736, 0.335932736, -2.03210428e-005, -0.941885979, 3.22015489e-005, 0.999999999, -1.00898501e-005, 0.941886098, -1.73484601e-005, 0.335932402, 0.335932402, 7.60228465e-006, -0.941886098, 1.37864197e-005, 1, 1.29883961e-005, 0.0944337891, -0.1362323, -0.1559177, 0, 0, 0, 0, 0, 0, 0, 0.164607275, -0.0605233887, -0.117262939, 0, 0, 0, 0, 0, 0, 0, 1, 1, 1, 
191.268521, 0.1, 0.1, 0.131969538, 0.18521862, -0.0199724775, 0.941885388, 1.53548362e-005, 0.335934391, 0.335934391, 1.6863788e-005, -0.941885388, -2.01276222e-005, 1, 1.0725538e-005, 0.941885504, -3.55689122e-006, 0.335934068, 0.335934068, -1.24822602e-005, -0.941885504, 7.54340071e-006, 1, -1.0561979e-005, 0.0944337891, -0.1362323, -0.1559177, 0, 0, 0, 0, 0, 0, 0, 0.164607275, -0.0605233887, -0.117262939, 0, 0, 0, 0, 0, 0, 0, 1, 1, 1, 
191.269221, 0.1, 0.1, 0.131969531, 0.185218616, -0.0199733706, 0.941884873, 1.70361689e-005, 0.335935836, 0.335935836, -5.53567327e-006, -0.941884873, -1.41864788e-005, 1, -1.09370266e-005, 0.941884969, 2.84775227e-005, 0.335935566, 0.335935566, 2.00584655e-005, -0.941884969, -3.35609026e-005, 0.999999999, 9.32615448e-006, 0.0944337891, -0.1362323, -0.1559177, 0, 0, 0, 0, 0, 0, 0, 0.164607275, -0.0605233887, -0.117262939, 0, 0, 0, 0, 0, 0, 0, 1, 1, 1, 
191.269928, 0.1, 0.1, 0.131969534, 0.185218621, -0.0199729863, 0.94188453, -3.17367912e-005, 0.335936797, 0.335936797, 7.14191978e-006, -0.94188453, 2.7493159e-005, 0.999999999, 1.73884197e-005, 0.941884585, -3.4573012e-005, 0.33593664, 0.33593664, -1.68698484e-005, -0.941884586, 3.82309873e-005, 0.999999999, -4.27510866e-006, 0.0944337891, -0.1362323, -0.1559177, 0, 0, 0, 0, 0, 0, 0, 0.164607275, -0.0605233887, -0.117262939, 0, 0, 0, 0, 0, 0, 0, 1, 1, 1, 
191.270645, 0.1, 0.1, 0.131969528, 0.185218617, -0.019971446, 0.941884402, 4.19033008e-005, 0.335937155, 0.335937155, 4.23932201e-008, -0.941884403, -3.94823069e-005, 0.999999999, -1.40369461e-005, 0.941884411, 3.74175035e-005, 0.335937131, 0.33593713, 2.2902368e-005, -0.941884411, -4.2936719e-005, 0.999999999, 9.0014546e-006, 0.0943355469, -0.138854175, -0.154982349, 0, 0, 0, 0, 0, 0, 0, 0.164607275, -0.0605233887, -0.117262939, 0, 0, 0, 0, 0, 0, 0, 1, 1, 1, 
191.271361, 0.1, 0.1, 0.131969529, 0.185218623, -0.0199691282, 0.941884493, -5.40756372e-005, 0.335936898, 0.335936899, -3.42254203e-007, -0.941884494, 5.104798e-005, 0.999999999, 1.78436379e-005, 0.941884456, -3.90580808e-005, 0.335937004, 0.335937004, -2.17036349e-005, -0.941884456, 4.40792533e-005, 0.999999999, -7.32126169e-006, 0.0943355469, -0.138854175, -0.154982349, 0, 0, 0, 0, 0, 0, 0, 0.164400732, -0.0630573242, -0.116750049, 0, 0, 0, 0, 0, 0, 0, 1, 1, 1, 
191.272062, 0.1, 0.1, 0.131969529, 0.185218621, -0.0199670907, 0.941884761, 4.72609885e-005, 0.335936146, 0.335936147, 1.13097953e-006, -0.941884762, -4.48943418e-005, 0.999999999, -1.4811422e-005, 0.941884693, 1.89686617e-005, 0.335936342, 0.335936341, 1.93189657e-005, -0.941884693, -2.43562348e-005, 1, 1.18239753e-005, 0.0943355469, -0.138854175, -0.154982349, 0, 0, 0, 0, 0, 0, 0, 0.164400732, -0.0630573242, -0.116750049, 0, 0, 0, 0, 0, 0, 0, 1, 1, 1, 
