time, realDorsalTactorPos, realVentralTactorPos, boxPosX, boxPosY, boxPosZ, boxLocalRot_11, boxLocalRot_12, boxLocalRot_13, boxLocalRot_21, boxLocalRot_22, boxLocalRot_23, boxLocalRot_31, boxLocalRot_32, boxLocalRot_33, boxGlobalRot_11, boxGlobalRot_12, boxGlobalRot_13], boxGlobalRot_21, boxGlobalRot_22, boxGlobalRot_23, boxGlobalRot_31, boxGlobalRot_32, boxGlobalRot_33, indexPosX, indexPosY, indexPosZ, indexContact, indexForceX, indexForceY, indexForceZ, indexForceGlobalX, indexForceGlobalY, indexForceGlobalZ, thumbPosX, thumbPosY, thumbPosZ, thumbContact, thumbForceX, thumbForceY, thumbForceZ, thumbForceGlobalX, thumbForceGlobalY, thumbForceGlobalZ, hoopSuccess, targetSuccess, trialSuccess, 
186.177328, 0.1, 0.1, 0.104120841, 0.18910817, -0.0199741273, 0.612670601, -1.67676149e-006, 0.790338368, 0.790338367, 1.19161737e-005, -0.612670601, -8.39050683e-006, 1, 8.62589826e-006, 0.612670601, -8.22190594e-007, 0.790338367, 0.790338367, 6.62854886e-006, -0.612670601, -4.73506448e-006, 1, 4.71092579e-006, 0.0921291992, -0.00637536621, -0.151328198, 0, 0, 0, 0, 0, 0, 0, 0.16954126, 0.045430127, -0.129033008, 0, 0, 0, 0, 0, 0, 0, 1, 1, 1, 
186.217884, 0.1, 0.1, 0.10412245, 0.189109129, -0.0199681652, 0.612670806, -1.5852084e-006, 0.790338208, 0.790338208, 1.04933055e-005, -0.612670806, -7.32204935e-006, 1, 7.6817927e-006, 0.612670806, -2.02661219e-006, 0.790338208, 0.790338208, 1.82218891e-005, -0.612670806, -1.31598091e-005, 1, 1.27657285e-005, 0.100084351, -0.0394060791, -0.149286987, 0, 0, 0, 0, 0, 0, 0, 0.174631592, 0.0128271484, -0.129589551, 0, 0, 0, 0, 0, 0, 0, 1, 1, 1, 
186.218607, 0.1, 0.1, 0.10412247, 0.189109141, -0.0199678378, 0.612670803, -2.8144721e-006, 0.790338211, 0.790338211, 2.01276635e-005, -0.612670803, -1.41833167e-005, 1, 1.45560166e-005, 0.612670803, -2.30156252e-006, 0.79033821, 0.79033821, 1.3361806e-005, -0.612670803, -9.15024566e-006, 1, 1.00054012e-005, 0.100915552, -0.0425744385, -0.148674512, 0, 0, 0, 0, 0, 0, 0, 0.174631592, 0.0128271484, -0.129589551, 0, 0, 0, 0, 0, 0, 0, 1, 1, 1, 
186.219331, 0.1, 0.1, 0.10412249, 0.189109154, -0.019967645, 0.612670806, -8.04359627e-007, 0.790338209, 0.790338209, 1.34274839e-005, -0.612670805, -1.01194459e-005, 1, 8.8623435e-006, 0.612670805, 2.19762398e-006, 0.790338209, 0.790338209, -9.23516229e-006, -0.612670805, 5.95248157e-006, 1, -7.39498052e-006, 0.100915552, -0.0425744385, -0.148674512, 0, 0, 0, 0, 0, 0, 0, 0.175166162, 0.0100441895, -0.129303711, 0, 0, 0, 0, 0, 0, 0, 1, 1, 1, 
186.220036, 0.1, 0.1, 0.10412251, 0.189109165, -0.0199678717, 0.612670804, -3.1707529e-007, 0.79033821, 0.79033821, -8.64402034e-006, -0.612670804, 7.02596233e-006, 1, -5.04534218e-006, 0.612670804, 9.19248857e-007, 0.79033821, 0.790338209, -1.62006648e-005, -0.612670804, 1.22408075e-005, 1, -1.06521918e-005, 0.100915552, -0.0425744385, -0.148674512, 0, 0, 0, 0, 0, 0, 0, 0.175166162, 0.0100441895, -0.129303711, 0, 0, 0, 0, 0, 0, 0, 1, 1, 1, 
186.220745, 0.1, 0.1, 0.10412253, 0.189109175, -0.019968442, 0.612670806, 1.91907555e-006, 0.790338208, 0.790338208, -1.63982777e-005, -0.612670806, 1.17844239e-005, 1, -1.15634648e-005, 0.612670806, 4.82496856e-007, 0.790338209, 0.790338209, -9.54629953e-006, -0.612670805, 7.24919353e-006, 1, -6.23007472e-006, 0.100915552, -0.0425744385, -0.148674512, 0, 0, 0, 0, 0, 0, 0, 0.175166162, 0.0100441895, -0.129303711, 0, 0, 0, 0, 0, 0, 0, 1, 1, 1, 
186.221482, 0.1, 0.1, 0.10412255, 0.189109186, -0.0199689577, 0.612670801, 2.87006119e-006, 0.790338212, 0.790338212, -9.89797995e-006, -0.612670801, 6.06434908e-006, 1, -8.33252234e-006, 0.612670802, 2.44766444e-007, 0.790338212, 0.790338212, 1.15109703e-005, -0.612670802, -9.24752091e-006, 1, 6.85898711e-006, 0.101589063, -0.0456992187, -0.148145508, 0, 0, 0, 0, 0, 0, 0, 0.175325293, 0.00711977539, -0.128999805, 0, 0, 0, 0, 0, 0, 0, 1, 1, 1, 
186.22219, 0.1, 0.1, 0.104122569, 0.189109196, -0.0199692859, 0.6126708, -1.863276e-006, 0.790338213, 0.790338213, 9.01278199e-006, -0.6126708, -5.98157122e-006, 1, 6.99448658e-006, 0.612670801, -2.41702146e-006, 0.790338212, 0.790338212, 1.67133764e-005, -0.612670801, -1.17283815e-005, 1, 1.21500621e-005, 0.101589063, -0.0456992187, -0.148145508, 0, 0, 0, 0, 0, 0, 0, 0.175325293, 0.00711977539, -0.128999805, 0, 0, 0, 0, 0, 0, 0, 1, 1, 1, 
186.222898, 0.1, 0.1, 0.104122588, 0.189109208, -0.0199695254, 0.612670796, -2.10914109e-006, 0.790338216, 0.790338216, 1.47401207e-005, -0.612670796, -1.03574715e-005, 1, 1.06977763e-005, 0.612670796, -1.71691721e-006, 0.790338216, 0.790338216, 8.43982249e-006, -0.612670796, -5.61840921e-006, 1, 6.52777805e-006, 0.101589063, -0.0456992187, -0.148145508, 0, 0, 0, 0, 0, 0, 0, 0.175325293, 0.00711977539, -0.128999805, 0, 0, 0, 0, 0, 0, 0, 1, 1, 1, 
186.223606, 0.1, 0.1, 0.104122607, 0.18910922, -0.0199696085, 0.612670797, -1.97680468e-007, 0.790338215, 0.790338215, 8.16373739e-006, -0.612670797, -6.33100059e-006, 1, 5.15791792e-006, 0.612670797, 2.57936661e-006, 0.790338215, 0.790338215, -1.22729862e-005, -0.612670797, 8.11950745e-006, 1, -9.55787226e-006, 0.101589063, -0.0456992187, -0.148145508, 0, 0, 0, 0, 0, 0, 0, 0.175325293, 0.00711977539, -0.128999805, 0, 0, 0, 0, 0, 0, 0, 1, 1, 1, 
186.224318, 0.1, 0.1, 0.104122625, 0.189109232, -0.0199695256, 0.612670794, 5.56917673e-007, 0.790338217, 0.790338217, -1.14485094e-005, -0.612670794, 8.70698731e-006, 1, -7.45432066e-006, 0.612670795, 1.62641295e-006, 0.790338217, 0.790338217, -1.92536668e-005, -0.612670795, 1.4220453e-005, 1, -1.30815757e-005, 0.101589063, -0.0456992187, -0.148145508, 0, 0, 0, 0, 0, 0, 0, 0.175325293, 0.00711977539, -0.128999805, 0, 0, 0, 0, 0, 0, 0, 1, 1, 1, 
186.225025, 0.1, 0.1, 0.104122644, 0.189109242, -0.0199692795, 0.612670794, 2.8519669e-006, 0.790338217, 0.790338217, -1.75209771e-005, -0.612670794, 1.2100181e-005, 1, -1.29886094e-005, 0.612670794, 1.74053509e-006, 0.790338218, 0.790338218, -1.13536076e-005, -0.612670794, 7.90681497e-006, 1, -8.33163518e-006, 0.101589063, -0.0456992187, -0.148145508, 0, 0, 0, 0, 0, 0, 0, 0.175325293, 0.00711977539, -0.128999805, 0, 0, 0, 0, 0, 0, 0, 1, 1, 1, 
186.225741, 0.1, 0.1, 0.104122662, 0.189109252, -0.0199688911, 0.612670793, 5.87737501e-007, 0.790338219, 0.790338219, -9.11644767e-006, -0.612670793, 6.84498741e-006, 1, -6.04989263e-006, 0.612670794, -1.4870734e-006, 0.790338218, 0.790338218, 1.17788836e-005, -0.612670793, -8.39821544e-006, 1, 8.39186891e-006, 0.101589063, -0.0456992187, -0.148145508, 0, 0, 0, 0, 0, 0, 0, 0.175325293, 0.00711977539, -0.128999805, 0, 0, 0, 0, 0, 0, 0, 1, 1, 1, 
186.226477, 0.1, 0.1, 0.104122681, 0.189109261, -0.0199683928, 0.612670791, -2.33787707e-006, 0.79033822, 0.79033822, 1.28843794e-005, -0.612670791, -8.75066849e-006, 1, 9.74159652e-006, 0.61267079, -3.86177885e-006, 0.79033822, 0.79033822, 2.14142409e-005, -0.61267079, -1.45584939e-005, 1, 1.61719913e-005, 0.102174683, -0.0486578857, -0.14749104, 0, 0, 0, 0, 0, 0, 0, 0.175325293, 0.00711977539, -0.128999805, 0, 0, 0, 0, 0, 0, 0, 1, 1, 1, 
186.22718, 0.1, 0.1, 0.104122699, 0.189109272, -0.0199679749, 0.612670791, -1.19634972e-006, 0.79033822, 0.79033822, 1.94054012e-005, -0.612670791, -1.46038617e-005, 1, 1.28346434e-005, 0.612670791, -4.61923395e-007, 0.79033822, 0.79033822, 1.29453541e-005, -0.612670791, -9.94820116e-006, 1, 8.29631607e-006, 0.102174683, -0.0486578857, -0.14749104, 0, 0, 0, 0, 0, 0, 0, 0.175717432, 0.00397895508, -0.12846582, 0, 0, 0, 0, 0, 0, 0, 1, 1, 1, 
186.227894, 0.1, 0.1, 0.104122717, 0.189109283, -0.0199678592, 0.61267079, -2.18601195e-006, 0.790338221, 0.790338221, 1.05564978e-005, -0.61267079, -7.00389802e-006, 1, 8.19534664e-006, 0.61267079, 1.00489557e-006, 0.790338221, 0.790338221, -1.07789084e-005, -0.61267079, 7.90331316e-006, 1, -7.39812972e-006, 0.102174683, -0.0486578857, -0.14749104, 0, 0, 0, 0, 0, 0, 0, 0.175717432, 0.00397895508, -0.12846582, 0, 0, 0, 0, 0, 0, 0, 1, 1, 1, 
186.228604, 0.1, 0.1, 0.104122734, 0.189109293, -0.0199680998, 0.612670792, 1.00031697e-006, 0.790338219, 0.790338219, -1.18799086e-005, -0.612670792, 8.77628079e-006, 1, -8.06906172e-006, 0.612670792, 1.5015036e-006, 0.790338219, 0.790338219, -1.95449875e-005, -0.612670792, 1.45272232e-005, 1, -1.31613386e-005, 0.102174683, -0.0486578857, -0.14749104, 0, 0, 0, 0, 0, 0, 0, 0.175717432, 0.00397895508, -0.12846582, 0, 0, 0, 0, 0, 0, 0, 1, 1, 1, 
186.229313, 0.1, 0.1, 0.104122751, 0.189109303, -0.0199686003, 0.61267079, 3.11262416e-006, 0.790338221, 0.790338221, -1.88308203e-005, -0.612670789, 1.29757031e-005, 1, -1.39971194e-005, 0.61267079, 2.36074413e-006, 0.790338221, 0.790338221, -1.21305725e-005, -0.612670789, 8.14089614e-006, 1, -9.29783376e-006, 0.102174683, -0.0486578857, -0.14749104, 0, 0, 0, 0, 0, 0, 0, 0.175717432, 0.00397895508, -0.12846582, 0, 0, 0, 0, 0, 0, 0, 1, 1, 1, 
186.23002, 0.1, 0.1, 0.104122769, 0.189109313, -0.0199692045, 0.612670792, 1.04849686e-006, 0.790338219, 0.790338219, -1.21045083e-005, -0.612670792, 8.92427216e-006, 1, -8.24474584e-006, 0.612670791, -1.58241311e-006, 0.79033822, 0.79033822, 8.5397537e-006, -0.612670791, -5.77979545e-006, 1, 6.48269921e-006, 0.102174683, -0.0486578857, -0.14749104, 0, 0, 0, 0, 0, 0, 0, 0.175717432, 0.00397895508, -0.12846582, 0, 0, 0, 0, 0, 0, 0, 1, 1, 1, 
186.230729, 0.1, 0.1, 0.104122786, 0.189109322, -0.0199697045, 0.612670789, -8.17649505e-007, 0.790338221, 0.790338221, 9.02780894e-006, -0.612670789, -6.63407249e-006, 1, 6.17729449e-006, 0.61267079, -1.61675158e-006, 0.790338221, 0.790338221, 1.62175793e-005, -0.61267079, -1.18268363e-005, 1, 1.12138177e-005, 0.102174683, -0.0486578857, -0.14749104, 0, 0, 0, 0, 0, 0, 0, 0.175717432, 0.00397895508, -0.12846582, 0, 0, 0, 0, 0, 0, 0, 1, 1, 1, 
186.231452, 0.1, 0.1, 0.104122803, 0.189109333, -0.0199698944, 0.612670787, -2.50152717e-006, 0.790338223, 0.790338223, 1.83923017e-005, -0.612670787, -1.30035264e-005, 1, 1.32454785e-005, 0.612670787, -1.8747178e-006, 0.790338223, 0.790338223, 1.20308424e-005, -0.612670787, -8.35984974e-006, 1, 8.85260679e-006, 0.102791431, -0.0520413086, -0.146618701, 0, 0, 0, 0, 0, 0, 0, 0.175717432, 0.00397895508, -0.12846582, 0, 0, 0, 0, 0, 0, 0, 1, 1, 1, 
186.232172, 0.1, 0.1, 0.10412282, 0.189109343, -0.0199695416, 0.612670791, -1.19093477e-006, 0.79033822, 0.79033822, 1.16753685e-005, -0.612670791, -8.49783899e-006, 1, 8.0943985e-006, 0.61267079, 1.63320312e-006, 0.790338221, 0.790338221, -8.84363088e-006, -0.61267079, 5.98884365e-006, 1, -6.70901716e-006, 0.102791431, -0.0520413086, -0.146618701, 0, 0, 0, 0, 0, 0, 0, 0.176083203, 0.00104794922, -0.128123584, 0, 0, 0, 0, 0, 0, 0, 1, 1, 1, 
186.232878, 0.1, 0.1, 0.104122836, 0.189109352, -0.019969087, 0.612670792, 1.44109425e-006, 0.790338219, 0.790338219, -8.93599919e-006, -0.612670792, 6.17954533e-006, 1, -6.61377756e-006, 0.612670792, 2.04530437e-006, 0.790338219, 0.790338219, -1.64231925e-005, -0.612670792, 1.17267784e-005, 1, -1.16784926e-005, 0.102791431, -0.0520413086, -0.146618701, 0, 0, 0, 0, 0, 0, 0, 0.176083203, 0.00104794922, -0.128123584, 0, 0, 0, 0, 0, 0, 0, 1, 1, 1, 
186.233592, 0.1, 0.1, 0.104122852, 0.189109361, -0.0199686253, 0.612670789, 1.68604796e-006, 0.790338221, 0.790338221, -1.68547382e-005, -0.612670789, 1.22879515e-005, 1, -1.16589539e-005, 0.612670789, 1.28829914e-006, 0.790338221, 0.790338221, -1.01042074e-005, -0.612670789, 7.19643809e-006, 1, -7.2087448e-006, 0.102791431, -0.0520413086, -0.146618701, 0, 0, 0, 0, 0, 0, 0, 0.176083203, 0.00104794922, -0.128123584, 0, 0, 0, 0, 0, 0, 0, 1, 1, 1, 
186.234335, 0.1, 0.1, 0.10412287, 0.18910937, -0.0199680294, 0.61267079, 1.66087576e-006, 0.790338221, 0.790338221, -1.10722111e-005, -0.61267079, 7.73322154e-006, 1, -8.0962739e-006, 0.612670789, -1.7354326e-006, 0.790338222, 0.790338222, 1.16782333e-005, -0.612670789, -8.16650524e-006, 1, 8.52649109e-006, 0.10319165, -0.0551933105, -0.145924805, 0, 0, 0, 0, 0, 0, 0, 0.176555176, -0.00208286133, -0.12721001, 0, 0, 0, 0, 0, 0, 0, 1, 1, 1, 
186.235044, 0.1, 0.1, 0.104122885, 0.189109379, -0.0199675914, 0.612670792, -1.26998969e-006, 0.790338219, 0.790338219, 9.71961331e-006, -0.612670792, -6.90369629e-006, 1, 6.95864458e-006, 0.612670792, -1.87058968e-006, 0.790338219, 0.790338219, 1.78518392e-005, -0.612670792, -1.29629351e-005, 1, 1.2415699e-005, 0.10319165, -0.0551933105, -0.145924805, 0, 0, 0, 0, 0, 0, 0, 0.176555176, -0.00208286133, -0.12721001, 0, 0, 0, 0, 0, 0, 0, 1, 1, 1, 
186.235757, 0.1, 0.1, 0.104122901, 0.189109389, -0.0199675505, 0.612670789, -1.91122389e-006, 0.790338221, 0.790338221, 1.64332979e-005, -0.612670789, -1.18169124e-005, 1, 1.15787149e-005, 0.61267079, -1.21528078e-006, 0.790338221, 0.790338221, 9.65687937e-006, -0.61267079, -6.88763382e-006, 1, 6.87697076e-006, 0.10319165, -0.0551933105, -0.145924805, 0, 0, 0, 0, 0, 0, 0, 0.176555176, -0.00208286133, -0.12721001, 0, 0, 0, 0, 0, 0, 0, 1, 1, 1, 
186.236467, 0.1, 0.1, 0.104122917, 0.189109399, -0.0199679373, 0.612670784, -8.11971448e-007, 0.790338225, 0.790338225, 9.24452866e-006, -0.612670784, -6.80883319e-006, 1, 6.3055847e-006, 0.612670786, 1.83868197e-006, 0.790338224, 0.790338224, -1.24958596e-005, -0.612670786, 8.74944875e-006, 1, -9.10902876e-006, 0.10319165, -0.0551933105, -0.145924805, 0, 0, 0, 0, 0, 0, 0, 0.176555176, -0.00208286133, -0.12721001, 0, 0, 0, 0, 0, 0, 0, 1, 1, 1, 
186.237174, 0.1, 0.1, 0.104122932, 0.189109408, -0.0199686367, 0.612670777, 1.15235373e-006, 0.79033823, 0.79033823, -1.12735125e-005, -0.612670777, 8.20387446e-006, 1, -7.81770088e-006, 0.612670779, 2.03244804e-006, 0.790338229, 0.790338229, -1.89792346e-005, -0.612670779, 1.37547931e-005, 1, -1.32343438e-005, 0.10319165, -0.0551933105, -0.145924805, 0, 0, 0, 0, 0, 0, 0, 0.176555176, -0.00208286133, -0.12721001, 0, 0, 0, 0, 0, 0, 0, 1, 1, 1, 
186.237884, 0.1, 0.1, 0.104122947, 0.189109417, -0.0199693963, 0.612670771, 2.38867211e-006, 0.790338236, 0.790338235, -1.67809244e-005, -0.612670771, 1.17991366e-005, 1, -1.21690408e-005, 0.612670772, 1.74402924e-006, 0.790338235, 0.790338235, -1.04604841e-005, -0.612670772, 7.19880481e-006, 1, -7.78720587e-006, 0.10319165, -0.0551933105, -0.145924805, 0, 0, 0, 0, 0, 0, 0, 0.176555176, -0.00208286133, -0.12721001, 0, 0, 0, 0, 0, 0, 0, 1, 1, 1, 
186.238599, 0.1, 0.1, 0.104122963, 0.189109425, -0.0199699505, 0.612670769, 1.23460152e-006, 0.790338237, 0.790338237, -9.43428665e-006, -0.612670769, 6.69987321e-006, 1, -6.75586445e-006, 0.612670769, -1.61071926e-006, 0.790338237, 0.790338237, 1.07464095e-005, -0.612670769, -7.50645771e-006, 1, 7.85702397e-006, 0.10319165, -0.0551933105, -0.145924805, 0, 0, 0, 0, 0, 0, 0, 0.176555176, -0.00208286133, -0.12721001, 0, 0, 0, 0, 0, 0, 0, 1, 1, 1, 
186.239333, 0.1, 0.1, 0.104122979, 0.189109433, -0.0199699123, 0.61267077, -1.28536098e-006, 0.790338236, 0.790338236, 1.1841468e-005, -0.61267077, -8.5712618e-006, 1, 8.27079123e-006, 0.612670769, -2.47341261e-006, 0.790338237, 0.790338237, 1.92922037e-005, -0.612670769, -1.37319786e-005, 1, 1.37746018e-005, 0.104132446, -0.058208374, -0.144836182, 0, 0, 0, 0, 0, 0, 0, 0.177172754, -0.00501557617, -0.12644668, 0, 0, 0, 0, 0, 0, 0, 1, 1, 1, 
186.240039, 0.1, 0.1, 0.104122993, 0.189109442, -0.0199695374, 0.612670774, -2.78972122e-006, 0.790338233, 0.790338233, 1.8203129e-005, -0.612670774, -1.26774482e-005, 1, 1.33573485e-005, 0.612670773, -1.8451197e-006, 0.790338234, 0.790338234, 1.20279002e-005, -0.612670773, -8.37565848e-006, 1, 8.82741155e-006, 0.104132446, -0.058208374, -0.144836182, 0, 0, 0, 0, 0, 0, 0, 0.177172754, -0.00501557617, -0.12644668, 0, 0, 0, 0, 0, 0, 0, 1, 1, 1, 
186.24075, 0.1, 0.1, 0.104123008, 0.189109451, -0.0199690241, 0.612670779, -1.12033926e-006, 0.790338229, 0.790338229, 1.06033816e-005, -0.612670779, -7.69385871e-006, 1, 7.38182901e-006, 0.612670778, 1.53034443e-006, 0.79033823, 0.79033823, -1.00659281e-005, -0.612670778, 7.01789051e-006, 1, -7.37658974e-006, 0.104132446, -0.058208374, -0.144836182, 0, 0, 0, 0, 0, 0, 0, 0.177172754, -0.00501557617, -0.12644668, 0, 0, 0, 0, 0, 0, 0, 1, 1, 1, 
186.241462, 0.1, 0.1, 0.104123023, 0.18910946, -0.0199685279, 0.612670779, 9.57454689e-007, 0.790338229, 0.790338229, -1.11394704e-005, -0.612670779, 8.21734481e-006, 1, -7.58154106e-006, 0.61267078, 1.75009591e-006, 0.790338229, 0.790338229, -1.87953499e-005, -0.612670779, 1.37824509e-005, 1, -1.28985294e-005, 0.104132446, -0.058208374, -0.144836182, 0, 0, 0, 0, 0, 0, 0, 0.177172754, -0.00501557617, -0.12644668, 0, 0, 0, 0, 0, 0, 0, 1, 1, 1, 
186.242168, 0.1, 0.1, 0.104123037, 0.189109468, -0.0199682106, 0.612670779, 2.75977291e-006, 0.790338229, 0.790338229, -1.82954466e-005, -0.612670779, 1.27687586e-005, 1, -1.33902395e-005, 0.612670779, 2.02655297e-006, 0.79033823, 0.79033823, -1.17056259e-005, -0.612670778, 8.00979384e-006, 1, -8.7733572e-006, 0.104132446, -0.058208374, -0.144836182, 0, 0, 0, 0, 0, 0, 0, 0.177172754, -0.00501557617, -0.12644668, 0, 0, 0, 0, 0, 0, 0, 1, 1, 1, 
186.242879, 0.1, 0.1, 0.104123051, 0.189109475, -0.0199681535, 0.612670783, 9.00622582e-007, 0.790338226, 0.790338226, -1.15216177e-005, -0.612670783, 8.55418972e-006, 1, -7.77075496e-006, 0.612670782, -1.94637898e-006, 0.790338227, 0.790338227, 1.01388849e-005, -0.612670782, -6.82065875e-006, 1, 7.75009622e-006, 0.104132446, -0.058208374, -0.144836182, 0, 0, 0, 0, 0, 0, 0, 0.177172754, -0.00501557617, -0.12644668, 0, 0, 0, 0, 0, 0, 0, 1, 1, 1, 
186.243591, 0.1, 0.1, 0.104123066, 0.189109483, -0.0199683275, 0.612670782, -7.65086209e-007, 0.790338227, 0.790338227, 1.03058768e-005, -0.612670782, -7.6763824e-006, 1, 6.91878646e-006, 0.612670782, -1.64290738e-006, 0.790338227, 0.790338227, 1.7948504e-005, -0.612670782, -1.31788274e-005, 1, 1.22949765e-005, 0.104132446, -0.058208374, -0.144836182, 0, 0, 0, 0, 0, 0, 0, 0.177172754, -0.00501557617, -0.12644668, 0, 0, 0, 0, 0, 0, 0, 1, 1, 1, 
186.244324, 0.1, 0.1, 0.10412308, 0.189109493, -0.0199683993, 0.612670781, -1.94829297e-006, 0.790338227, 0.790338227, 1.54634261e-005, -0.612670781, -1.10276746e-005, 1, 1.10137998e-005, 0.612670781, -1.24885538e-006, 0.790338227, 0.790338227, 8.58706602e-006, -0.612670781, -6.02154934e-006, 1, 6.24806259e-006, 0.105075928, -0.0614514404, -0.143524316, 0, 0, 0, 0, 0, 0, 0, 0.177988672, -0.00797490234, -0.125440088, 0, 0, 0, 0, 0, 0, 0, 1, 1, 1, 
186.245034, 0.1, 0.1, 0.104123094, 0.189109502, -0.0199686059, 0.612670782, -1.15293454e-006, 0.790338227, 0.790338227, 9.73762495e-006, -0.612670782, -6.98964793e-006, 1, 6.87716653e-006, 0.612670782, 1.56559014e-006, 0.790338227, 0.790338227, -1.16679915e-005, -0.612670782, 8.26246841e-006, 1, -8.38598324e-006, 0.105075928, -0.0614514404, -0.143524316, 0, 0, 0, 0, 0, 0, 0, 0.177988672, -0.00797490234, -0.125440088, 0, 0, 0, 0, 0, 0, 0, 1, 1, 1, 
186.245744, 0.1, 0.1, 0.104123107, 0.18910951, -0.0199689149, 0.612670782, 1.23458778e-006, 0.790338227, 0.790338226, -9.8681577e-006, -0.612670782, 7.04278639e-006, 1, -7.02167382e-006, 0.612670783, 2.33935578e-006, 0.790338226, 0.790338226, -1.76457214e-005, -0.612670782, 1.25128333e-005, 1, -1.26599003e-005, 0.105075928, -0.0614514404, -0.143524316, 0, 0, 0, 0, 0, 0, 0, 0.177988672, -0.00797490234, -0.125440088, 0, 0, 0, 0, 0, 0, 0, 1, 1, 1, 
186.246489, 0.1, 0.1, 0.104123122, 0.189109518, -0.0199689982, 0.612670783, 2.25817274e-006, 0.790338226, 0.790338226, -1.96280581e-005, -0.612670783, 1.41292882e-005, 1, -1.3810258e-005, 0.612670783, 1.51583585e-006, 0.790338226, 0.790338226, -1.35049486e-005, -0.612670783, 9.74476877e-006, 1, -9.47211043e-006, 0.10582522, -0.0644501465, -0.142360376, 0, 0, 0, 0, 0, 0, 0, 0.178419385, -0.0108758789, -0.1242354, 0, 0, 0, 0, 0, 0, 0, 1, 1, 1, 
186.247199, 0.1, 0.1, 0.104123135, 0.189109525, -0.0199688173, 0.61267078, 1.74790455e-006, 0.790338229, 0.790338229, -1.09124226e-005, -0.61267078, 7.55361468e-006, 1, -8.06715823e-006, 0.61267078, -7.11369661e-007, 0.790338228, 0.790338228, 9.71186753e-006, -0.61267078, -7.23982477e-006, 1, 6.5124001e-006, 0.10582522, -0.0644501465, -0.142360376, 0, 0, 0, 0, 0, 0, 0, 0.178419385, -0.0108758789, -0.1242354, 0, 0, 0, 0, 0, 0, 0, 1, 1, 1, 
186.247905, 0.1, 0.1, 0.104123149, 0.189109532, -0.0199687345, 0.612670781, -2.26831931e-006, 0.790338228, 0.790338228, 1.12484142e-005, -0.612670781, -7.50031879e-006, 1, 8.68431418e-006, 0.61267078, -3.27950716e-006, 0.790338228, 0.790338228, 1.85699043e-005, -0.61267078, -1.2667247e-005, 1, 1.39691576e-005, 0.10582522, -0.0644501465, -0.142360376, 0, 0, 0, 0, 0, 0, 0, 0.178419385, -0.0108758789, -0.1242354, 0, 0, 0, 0, 0, 0, 0, 1, 1, 1, 
186.248616, 0.1, 0.1, 0.104123162, 0.18910954, -0.0199687377, 0.612670781, -1.54068859e-006, 0.790338228, 0.790338228, 1.94745024e-005, -0.61267078, -1.44475089e-005, 1, 1.31491237e-005, 0.612670781, -9.06734358e-007, 0.790338228, 0.790338228, 1.27354779e-005, -0.612670781, -9.50980539e-006, 1, 8.51928203e-006, 0.10582522, -0.0644501465, -0.142360376, 0, 0, 0, 0, 0, 0, 0, 0.178419385, -0.0108758789, -0.1242354, 0, 0, 0, 0, 0, 0, 0, 1, 1, 1, 
186.249334, 0.1, 0.1, 0.104123175, 0.189109548, -0.0199687902, 0.61267078, -2.3036699e-006, 0.790338229, 0.790338228, 1.39201218e-005, -0.61267078, -9.59021316e-006, 1, 1.03491303e-005, 0.612670779, 9.14803933e-007, 0.790338229, 0.790338229, -8.36648586e-006, -0.612670779, 6.05187998e-006, 1, -5.84890594e-006, 0.10582522, -0.0644501465, -0.142360376, 0, 0, 0, 0, 0, 0, 0, 0.178419385, -0.0108758789, -0.1242354, 0, 0, 0, 0, 0, 0, 0, 1, 1, 1, 
186.250044, 0.1, 0.1, 0.104123188, 0.189109555, -0.0199688096, 0.612670783, 1.12551375e-006, 0.790338226, 0.790338226, -7.61598882e-006, -0.612670782, 5.32963771e-006, 1, -5.55563038e-006, 0.612670782, 1.90854458e-006, 0.790338227, 0.790338227, -1.50066134e-005, -0.612670782, 1.06909907e-005, 1, -1.07025093e-005, 0.10582522, -0.0644501465, -0.142360376, 0, 0, 0, 0, 0, 0, 0, 0.178419385, -0.0108758789, -0.1242354, 0, 0, 0, 0, 0, 0, 0, 1, 1, 1, 
186.250752, 0.1, 0.1, 0.104123201, 0.189109561, -0.0199688976, 0.612670781, 1.45872512e-006, 0.790338227, 0.790338227, -1.59353158e-005, -0.612670781, 1.1700571e-005, 1, -1.09159886e-005, 0.612670782, 6.62968733e-007, 0.790338227, 0.790338227, -9.09273939e-006, -0.612670782, 6.78015796e-006, 1, -6.09482528e-006, 0.10582522, -0.0644501465, -0.142360376, 0, 0, 0, 0, 0, 0, 0, 0.178419385, -0.0108758789, -0.1242354, 0, 0, 0, 0, 0, 0, 0, 1, 1, 1, 
186.251488, 0.1, 0.1, 0.104123214, 0.189109568, -0.0199687425, 0.612670778, 1.57856122e-006, 0.79033823, 0.79033823, -9.91777281e-006, -0.612670778, 6.87125667e-006, 1, -7.32392687e-006, 0.612670778, -1.10926591e-006, 0.79033823, 0.79033823, 1.16180414e-005, -0.612670778, -8.50256749e-006, 1, 7.99472975e-006, 0.106534595, -0.0672473389, -0.141184961, 0, 0, 0, 0, 0, 0, 0, 0.178768555, -0.0139617676, -0.123102588, 0, 0, 0, 0, 0, 0, 0, 1, 1, 1, 
186.252195, 0.1, 0.1, 0.104123226, 0.189109575, -0.0199686294, 0.61267078, -1.55144252e-006, 0.790338229, 0.790338229, 9.33379982e-006, -0.61267078, -6.42633532e-006, 1, 6.94471075e-006, 0.612670779, -2.70539624e-006, 0.790338229, 0.790338229, 1.72493128e-005, -0.612670779, -1.19752741e-005, 1, 1.2706328e-005, 0.106534595, -0.0672473389, -0.141184961, 0, 0, 0, 0, 0, 0, 0, 0.178768555, -0.0139617676, -0.123102588, 0, 0, 0, 0, 0, 0, 0, 1, 1, 1, 
186.25291, 0.1, 0.1, 0.104123239, 0.189109583, -0.0199685665, 0.612670782, -1.5488814e-006, 0.790338227, 0.790338227, 1.46547596e-005, -0.612670782, -1.06332624e-005, 1, 1.02026832e-005, 0.612670782, -5.8675783e-007, 0.790338227, 0.790338227, 8.15945174e-006, -0.612670782, -6.08923724e-006, 1, 5.46279482e-006, 0.106534595, -0.0672473389, -0.141184961, 0, 0, 0, 0, 0, 0, 0, 0.178768555, -0.0139617676, -0.123102588, 0, 0, 0, 0, 0, 0, 0, 1, 1, 1, 
186.25362, 0.1, 0.1, 0.104123251, 0.189109591, -0.0199686409, 0.612670779, -6.39109243e-007, 0.790338229, 0.790338229, 8.05574991e-006, -0.612670779, -5.97520356e-006, 1, 5.44063504e-006, 0.61267078, 1.67638911e-006, 0.790338228, 0.790338228, -1.33867459e-005, -0.61267078, 9.5529824e-006, 1, -9.52658244e-006, 0.106534595, -0.0672473389, -0.141184961, 0, 0, 0, 0, 0, 0, 0, 0.178768555, -0.0139617676, -0.123102588, 0, 0, 0, 0, 0, 0, 0, 1, 1, 1, 
186.254327, 0.1, 0.1, 0.104123263, 0.189109599, -0.0199688449, 0.612670776, 1.51004462e-006, 0.790338231, 0.790338231, -1.1896177e-005, -0.612670776, 8.47684325e-006, 1, -8.48188597e-006, 0.612670776, 2.95232217e-006, 0.790338231, 0.790338231, -1.96526208e-005, -0.612670776, 1.3723416e-005, 1, -1.43739195e-005, 0.106534595, -0.0672473389, -0.141184961, 0, 0, 0, 0, 0, 0, 0, 0.178768555, -0.0139617676, -0.123102588, 0, 0, 0, 0, 0, 0, 0, 1, 1, 1, 
186.255037, 0.1, 0.1, 0.104123275, 0.189109606, -0.019969077, 0.612670777, 1.12814318e-006, 0.790338231, 0.790338231, -1.77587609e-005, -0.612670777, 1.33442473e-005, 1, -1.17718885e-005, 0.612670777, 2.09976702e-007, 0.790338231, 0.790338231, -1.1444481e-005, -0.612670777, 8.91636424e-006, 1, -7.17765166e-006, 0.106534595, -0.0672473389, -0.141184961, 0, 0, 0, 0, 0, 0, 0, 0.178768555, -0.0139617676, -0.123102588, 0, 0, 0, 0, 0, 0, 0, 1, 1, 1, 
186.25576, 0.1, 0.1, 0.104123287, 0.189109612, -0.0199692162, 0.612670775, 2.22355937e-006, 0.790338232, 0.790338232, -1.1367718e-005, -0.612670775, 7.62203231e-006, 1, -8.72203259e-006, 0.612670775, -7.90021003e-007, 0.790338232, 0.790338232, 1.10407835e-005, -0.612670775, -8.24193055e-006, 1, 7.38874919e-006, 0.106534595, -0.0672473389, -0.141184961, 0, 0, 0, 0, 0, 0, 0, 0.178768555, -0.0139617676, -0.123102588, 0, 0, 0, 0, 0, 0, 0, 1, 1, 1, 
186.256484, 0.1, 0.1, 0.104123299, 0.189109619, -0.0199689669, 0.612670777, -1.776145e-006, 0.790338231, 0.790338231, 9.65747308e-006, -0.612670777, -6.54447805e-006, 1, 7.32060683e-006, 0.612670777, -2.47248475e-006, 0.790338231, 0.790338231, 1.70835066e-005, -0.612670777, -1.19869292e-005, 1, 1.24206645e-005, 0.107029517, -0.0702677734, -0.139781543, 0, 0, 0, 0, 0, 0, 0, 0.179094775, -0.0166246094, -0.122183252, 0, 0, 0, 0, 0, 0, 0, 1, 1, 1, 
186.257194, 0.1, 0.1, 0.104123311, 0.189109626, -0.019968733, 0.612670774, -1.92908304e-006, 0.790338233, 0.790338233, 1.79092293e-005, -0.612670774, -1.29724558e-005, 1, 1.24970895e-005, 0.612670775, -1.31235326e-006, 0.790338232, 0.790338232, 1.10938314e-005, -0.612670775, -7.96383858e-006, 1, 7.83406922e-006, 0.107029517, -0.0702677734, -0.139781543, 0, 0, 0, 0, 0, 0, 0, 0.179094775, -0.0166246094, -0.122183252, 0, 0, 0, 0, 0, 0, 0, 1, 1, 1, 
186.257912, 0.1, 0.1, 0.104123322, 0.189109633, -0.0199684766, 0.612670772, -1.44339678e-006, 0.790338235, 0.790338235, 1.1630064e-005, -0.612670772, -8.30735726e-006, 1, 8.26617197e-006, 0.612670773, 1.16837838e-006, 0.790338234, 0.790338234, -9.75635515e-006, -0.612670773, 6.99498922e-006, 1, -6.90084776e-006, 0.107029517, -0.0702677734, -0.139781543, 0, 0, 0, 0, 0, 0, 0, 0.179094775, -0.0166246094, -0.122183252, 0, 0, 0, 0, 0, 0, 0, 1, 1, 1, 
186.258638, 0.1, 0.1, 0.104123334, 0.18910964, -0.0199683073, 0.612670771, 9.57028607e-007, 0.790338235, 0.790338235, -9.46141993e-006, -0.612670771, 6.89137848e-006, 1, -6.55311174e-006, 0.612670771, 2.27380904e-006, 0.790338235, 0.790338235, -1.73572899e-005, -0.612670771, 1.23250336e-005, 1, -1.24313824e-005, 0.107029517, -0.0702677734, -0.139781543, 0, 0, 0, 0, 0, 0, 0, 0.179250488, -0.0194105957, -0.120776172, 0, 0, 0, 0, 0, 0, 0, 1, 1, 1, 
186.259347, 0.1, 0.1, 0.104123345, 0.189109646, -0.0199682482, 0.612670774, 2.50003062e-006, 0.790338233, 0.790338233, -1.63480901e-005, -0.612670774, 1.1388825e-005, 1, -1.19918668e-005, 0.612670774, 1.41923116e-006, 0.790338233, 0.790338233, -9.69352777e-006, -0.612670774, 6.79164416e-006, 1, -7.06061381e-006, 0.107029517, -0.0702677734, -0.139781543, 0, 0, 0, 0, 0, 0, 0, 0.179250488, -0.0194105957, -0.120776172, 0, 0, 0, 0, 0, 0, 0, 1, 1, 1, 
186.260059, 0.1, 0.1, 0.104123357, 0.189109651, -0.0199683896, 0.612670776, 4.94805992e-007, 0.790338232, 0.790338231, -9.71631312e-006, -0.612670776, 7.37602056e-006, 1, -6.34396519e-006, 0.612670776, -1.93948568e-006, 0.790338231, 0.790338231, 1.20399567e-005, -0.612670776, -8.32737187e-006, 1, 8.90937928e-006, 0.107029517, -0.0702677734, -0.139781543, 0, 0, 0, 0, 0, 0, 0, 0.179250488, -0.0194105957, -0.120776172, 0, 0, 0, 0, 0, 0, 0, 1, 1, 1, 
186.260781, 0.1, 0.1, 0.104123368, 0.189109657, -0.0199686502, 0.612670775, -1.09535511e-006, 0.790338232, 0.790338232, 1.05289827e-005, -0.612670775, -7.65036552e-006, 1, 7.31650103e-006, 0.612670775, -2.73736395e-006, 0.790338232, 0.790338232, 1.88083661e-005, -0.612670775, -1.31878679e-005, 1, 1.36867796e-005, 0.107029517, -0.0702677734, -0.139781543, 0, 0, 0, 0, 0, 0, 0, 0.179250488, -0.0194105957, -0.120776172, 0, 0, 0, 0, 0, 0, 0, 1, 1, 1, 
186.261493, 0.1, 0.1, 0.104123379, 0.189109664, -0.0199688565, 0.61267078, -1.84417433e-006, 0.790338229, 0.790338229, 1.72561412e-005, -0.612670779, -1.25083163e-005, 1, 1.2029855e-005, 0.612670779, -7.1554645e-007, 0.790338229, 0.790338229, 1.07789626e-005, -0.612670779, -8.0806318e-006, 1, 7.16947911e-006, 0.107357959, -0.0732432861, -0.138703882, 0, 0, 0, 0, 0, 0, 0, 0.179250488, -0.0194105957, -0.120776172, 0, 0, 0, 0, 0, 0, 0, 1, 1, 1, 
186.262202, 0.1, 0.1, 0.10412339, 0.189109671, -0.019969082, 0.612670778, -1.79126024e-006, 0.79033823, 0.79033823, 1.02098986e-005, -0.612670778, -6.97182036e-006, 1, 7.67100796e-006, 0.612670779, 6.76270928e-007, 0.790338229, 0.790338229, -1.07783455e-005, -0.612670779, 8.10420702e-006, 1, -7.13806007e-006, 0.107357959, -0.0732432861, -0.138703882, 0, 0, 0, 0, 0, 0, 0, 0.179250488, -0.0194105957, -0.120776172, 0, 0, 0, 0, 0, 0, 0, 1, 1, 1, 
186.262914, 0.1, 0.1, 0.1041234, 0.189109678, -0.0199692409, 0.612670781, 2.15441731e-006, 0.790338228, 0.790338228, -1.03227035e-005, -0.612670781, 6.83847865e-006, 1, -8.02713717e-006, 0.612670781, 3.154677e-006, 0.790338228, 0.790338228, -1.78126146e-005, -0.61267078, 1.21452118e-005, 1, -1.34065303e-005, 0.107357959, -0.0732432861, -0.138703882, 0, 0, 0, 0, 0, 0, 0, 0.179250488, -0.0194105957, -0.120776172, 0, 0, 0, 0, 0, 0, 0, 1, 1, 1, 
186.263652, 0.1, 0.1, 0.104123412, 0.189109684, -0.0199690383, 0.612670782, 1.35165424e-006, 0.790338227, 0.790338227, -1.78361101e-005, -0.612670781, 1.32684405e-005, 1, -1.19959275e-005, 0.612670782, 7.428057e-007, 0.790338227, 0.790338227, -1.12808958e-005, -0.612670782, 8.46062783e-006, 1, -7.49854299e-006, 0.108077466, -0.0762650635, -0.137282153, 0, 0, 0, 0, 0, 0, 0, 0.17961626, -0.0219933594, -0.119600635, 0, 0, 0, 0, 0, 0, 0, 1, 1, 1, 
186.264369, 0.1, 0.1, 0.104123422, 0.189109689, -0.019968705, 0.612670782, 1.98732968e-006, 0.790338227, 0.790338227, -1.21178702e-005, -0.612670782, 8.35963726e-006, 1, -8.99492764e-006, 0.612670781, -1.1811222e-006, 0.790338228, 0.790338228, 9.96703782e-006, -0.612670781, -7.15369195e-006, 1, 7.03999887e-006, 0.108077466, -0.0762650635, -0.137282153, 0, 0, 0, 0, 0, 0, 0, 0.17961626, -0.0219933594, -0.119600635, 0, 0, 0, 0, 0, 0, 0, 1, 1, 1, 
186.265079, 0.1, 0.1, 0.104123433, 0.189109695, -0.0199683913, 0.612670784, -1.69859065e-006, 0.790338225, 0.790338225, 9.26647192e-006, -0.612670784, -6.28297011e-006, 1, 7.01975773e-006, 0.612670784, -2.1369761e-006, 0.790338225, 0.790338225, 1.69297897e-005, -0.612670784, -1.20709971e-005, 1, 1.20613214e-005, 0.108077466, -0.0762650635, -0.137282153, 0, 0, 0, 0, 0, 0, 0, 0.17961626, -0.0219933594, -0.119600635, 0, 0, 0, 0, 0, 0, 0, 1, 1, 1, 
186.26579, 0.1, 0.1, 0.104123443, 0.189109702, -0.0199682705, 0.612670782, -2.7076774e-006, 0.790338227, 0.790338227, 1.73888306e-005, -0.612670782, -1.20841427e-005, 1, 1.27936094e-005, 0.612670782, -2.19394662e-006, 0.790338227, 0.790338227, 1.06398008e-005, -0.612670782, -7.06487432e-006, 1, 8.25265496e-006, 0.108077466, -0.0762650635, -0.137282153, 0, 0, 0, 0, 0, 0, 0, 0.17961626, -0.0219933594, -0.119600635, 0, 0, 0, 0, 0, 0, 0, 1, 1, 1, 
186.2665, 0.1, 0.1, 0.104123453, 0.189109708, -0.019968355, 0.612670785, -8.8786552e-007, 0.790338225, 0.790338225, 1.10579324e-005, -0.612670785, -8.19553743e-006, 1, 7.47658621e-006, 0.612670784, 1.9915151e-006, 0.790338225, 0.790338225, -1.0414995e-005, -0.612670784, 7.01122556e-006, 1, -7.95493368e-006, 0.108077466, -0.0762650635, -0.137282153, 0, 0, 0, 0, 0, 0, 0, 0.17961626, -0.0219933594, -0.119600635, 0, 0, 0, 0, 0, 0, 0, 1, 1, 1, 
186.267209, 0.1, 0.1, 0.104123463, 0.189109714, -0.0199686442, 0.612670784, 4.41027345e-007, 0.790338225, 0.790338225, -9.749475e-006, -0.612670784, 7.4351782e-006, 1, -6.32177926e-006, 0.612670784, 1.36962883e-006, 0.790338225, 0.790338225, -1.74558204e-005, -0.612670784, 1.29568706e-005, 1, -1.17771412e-005, 0.108077466, -0.0762650635, -0.137282153, 0, 0, 0, 0, 0, 0, 0, 0.17961626, -0.0219933594, -0.119600635, 0, 0, 0, 0, 0, 0, 0, 1, 1, 1, 
186.267926, 0.1, 0.1, 0.104123474, 0.189109719, -0.0199689187, 0.612670785, 2.88694642e-006, 0.790338224, 0.790338224, -1.53901363e-005, -0.612670785, 1.03946653e-005, 1, -1.1710751e-005, 0.612670784, 1.81278632e-006, 0.790338225, 0.790338225, -8.84564294e-006, -0.612670784, 5.88040852e-006, 1, -6.85218133e-006, 0.108077466, -0.0762650635, -0.137282153, 0, 0, 0, 0, 0, 0, 0, 0.17961626, -0.0219933594, -0.119600635, 0, 0, 0, 0, 0, 0, 0, 1, 1, 1, 
186.268663, 0.1, 0.1, 0.104123484, 0.189109724, -0.0199689389, 0.612670785, 2.88721627e-007, 0.790338225, 0.790338225, -7.41643181e-006, -0.612670785, 5.68459824e-006, 1, -4.77201884e-006, 0.612670786, -1.72319168e-006, 0.790338224, 0.790338224, 1.38649039e-005, -0.612670786, -9.90221433e-006, 1, 9.85652582e-006, 0.108596802, -0.0790479736, -0.135669775, 0, 0, 0, 0, 0, 0, 0, 0.179798584, -0.0247710449, -0.118218701, 0, 0, 0, 0, 0, 0, 0, 1, 1, 1, 
186.269371, 0.1, 0.1, 0.104123494, 0.189109728, -0.0199688849, 0.612670785, -2.95813351e-006, 0.790338224, 0.790338224, 1.14997377e-005, -0.612670785, -7.2763203e-006, 1, 9.38347931e-006, 0.612670785, -4.22428563e-006, 0.790338225, 0.790338225, 1.94365679e-005, -0.612670784, -1.27733662e-005, 1, 1.52468317e-005, 0.108596802, -0.0790479736, -0.135669775, 0, 0, 0, 0, 0, 0, 0, 0.179798584, -0.0247710449, -0.118218701, 0, 0, 0, 0, 0, 0, 0, 1, 1, 1, 
186.270078, 0.1, 0.1, 0.104123504, 0.189109734, -0.0199689009, 0.612670784, -9.6775855e-007, 0.790338225, 0.790338225, 1.66049409e-005, -0.612670784, -1.25306021e-005, 1, 1.09382187e-005, 0.612670785, -5.78704674e-007, 0.790338225, 0.790338225, 1.03822444e-005, -0.612670785, -7.85092912e-006, 1, 6.81827022e-006, 0.108596802, -0.0790479736, -0.135669775, 0, 0, 0, 0, 0, 0, 0, 0.179798584, -0.0247710449, -0.118218701, 0, 0, 0, 0, 0, 0, 0, 1, 1, 1, 
186.270783, 0.1, 0.1, 0.104123513, 0.189109741, -0.019968985, 0.612670784, -7.98114658e-007, 0.790338225, 0.790338225, 8.06631313e-006, -0.612670784, -5.88613407e-006, 1, 5.57277491e-006, 0.612670783, 2.35480474e-006, 0.790338226, 0.790338226, -1.24862888e-005, -0.612670783, 8.42567127e-006, 1, -9.51107654e-006, 0.108596802, -0.0790479736, -0.135669775, 0, 0, 0, 0, 0, 0, 0, 0.179798584, -0.0247710449, -0.118218701, 0, 0, 0, 0, 0, 0, 0, 1, 1, 1, 
186.271503, 0.1, 0.1, 0.104123523, 0.189109748, -0.0199689914, 0.612670782, 6.92265328e-007, 0.790338227, 0.790338227, -1.38320775e-005, -0.612670782, 1.05078889e-005, 1, -9.02163351e-006, 0.612670783, 1.45642432e-006, 0.790338226, 0.790338226, -2.14193004e-005, -0.612670782, 1.60361833e-005, 1, -1.42740474e-005, 0.108596802, -0.0790479736, -0.135669775, 0, 0, 0, 0, 0, 0, 0, 0.179998975, -0.0275069824, -0.116582031, 0, 0, 0, 0, 0, 0, 0, 1, 1, 1, 
186.272207, 0.1, 0.1, 0.104123532, 0.189109753, -0.0199690131, 0.612670781, 3.65392943e-006, 0.790338228, 0.790338228, -1.96554336e-005, -0.61267078, 1.32957848e-005, 1, -1.493015e-005, 0.61267078, 2.58102004e-006, 0.790338228, 0.790338228, -1.34536131e-005, -0.61267078, 9.05158916e-006, 1, -1.02825144e-005, 0.108596802, -0.0790479736, -0.135669775, 0, 0, 0, 0, 0, 0, 0, 0.179998975, -0.0275069824, -0.116582031, 0, 0, 0, 0, 0, 0, 0, 1, 1, 1, 
186.272916, 0.1, 0.1, 0.104123541, 0.189109758, -0.0199690676, 0.61267078, 1.24480947e-006, 0.790338229, 0.790338229, -1.19633585e-005, -0.61267078, 8.69244119e-006, 1, -8.31342069e-006, 0.612670781, -8.17374491e-007, 0.790338228, 0.790338228, 8.71437423e-006, -0.612670781, -6.38652162e-006, 1, 5.98504477e-006, 0.108596802, -0.0790479736, -0.135669775, 0, 0, 0, 0, 0, 0, 0, 0.179998975, -0.0275069824, -0.116582031, 0, 0, 0, 0, 0, 0, 0, 1, 1, 1, 
186.273635, 0.1, 0.1, 0.104123551, 0.189109763, -0.0199690328, 0.612670778, -1.6477827e-006, 0.79033823, 0.79033823, 1.1996926e-005, -0.612670778, -8.47208097e-006, 1, 8.65247166e-006, 0.612670778, -3.00490875e-006, 0.79033823, 0.79033823, 1.93159679e-005, -0.612670777, -1.34251281e-005, 1, 1.42092233e-005, 0.109146533, -0.0818023193, -0.134227051, 0, 0, 0, 0, 0, 0, 0, 0.179998975, -0.0275069824, -0.116582031, 0, 0, 0, 0, 0, 0, 0, 1, 1, 1, 
186.274346, 0.1, 0.1, 0.10412356, 0.189109768, -0.0199689178, 0.612670779, -1.53692297e-006, 0.790338229, 0.790338229, 1.97719882e-005, -0.612670779, -1.46849303e-005, 1, 1.33284084e-005, 0.612670779, -5.77428412e-007, 0.790338229, 0.790338229, 1.31811001e-005, -0.612670779, -1.00637538e-005, 1, 8.5320386e-006, 0.109146533, -0.0818023193, -0.134227051, 0, 0, 0, 0, 0, 0, 0, 0.179998975, -0.0275069824, -0.116582031, 0, 0, 0, 0, 0, 0, 0, 1, 1, 1, 
186.275056, 0.1, 0.1, 0.104123569, 0.189109774, -0.0199688205, 0.612670778, -2.7599861e-006, 0.79033823, 0.79033823, 1.27600293e-005, -0.612670778, -8.39377613e-006, 1, 9.9990196e-006, 0.612670778, 1.50680281e-007, 0.79033823, 0.79033823, -8.32873389e-006, -0.612670778, 6.4901994e-006, 1, -5.22186026e-006, 0.109146533, -0.0818023193, -0.134227051, 0, 0, 0, 0, 0, 0, 0, 0.179998975, -0.0275069824, -0.116582031, 0, 0, 0, 0, 0, 0, 0, 1, 1, 1, 
186.275789, 0.1, 0.1, 0.104123578, 0.189109779, -0.0199686895, 0.61267078, 1.65987222e-006, 0.790338229, 0.790338229, -8.50429107e-006, -0.61267078, 5.70431114e-006, 1, -6.52219111e-006, 0.61267078, 1.99881333e-006, 0.790338228, 0.790338228, -1.6772452e-005, -0.61267078, 1.20312954e-005, 1, -1.18557298e-005, 0.109516357, -0.0849821533, -0.132860132, 0, 0, 0, 0, 0, 0, 0, 0.179998975, -0.0275069824, -0.116582031, 0, 0, 0, 0, 0, 0, 0, 1, 1, 1, 
186.276501, 0.1, 0.1, 0.104123587, 0.189109784, -0.0199684158, 0.612670776, 3.10330088e-006, 0.790338232, 0.790338232, -1.66806674e-005, -0.612670776, 1.12820674e-005, 1, -1.26724147e-005, 0.612670776, 2.50999177e-006, 0.790338231, 0.790338231, -9.7774138e-006, -0.612670776, 6.18966532e-006, 1, -7.97407816e-006, 0.109516357, -0.0849821533, -0.132860132, 0, 0, 0, 0, 0, 0, 0, 0.179995898, -0.0304527344, -0.11519668, 0, 0, 0, 0, 0, 0, 0, 1, 1, 1, 
186.27721, 0.1, 0.1, 0.104123595, 0.189109788, -0.0199683433, 0.612670777, 7.80936151e-007, 0.790338231, 0.790338231, -1.1278899e-005, -0.612670777, 8.43568833e-006, 1, -7.52745551e-006, 0.612670777, -1.96906906e-006, 0.790338231, 0.790338231, 1.04480127e-005, -0.612670777, -7.05107277e-006, 1, 7.95742259e-006, 0.109516357, -0.0849821533, -0.132860132, 0, 0, 0, 0, 0, 0, 0, 0.179995898, -0.0304527344, -0.11519668, 0, 0, 0, 0, 0, 0, 0, 1, 1, 1, 
186.277924, 0.1, 0.1, 0.104123604, 0.189109793, -0.0199683975, 0.612670774, -2.8322777e-007, 0.790338233, 0.790338233, 8.78818517e-006, -0.612670774, -6.77211336e-006, 1, 5.60810995e-006, 0.612670774, -1.38461146e-006, 0.790338233, 0.790338233, 1.66207365e-005, -0.612670774, -1.22876925e-005, 1, 1.12773509e-005, 0.109516357, -0.0849821533, -0.132860132, 0, 0, 0, 0, 0, 0, 0, 0.179995898, -0.0304527344, -0.11519668, 0, 0, 0, 0, 0, 0, 0, 1, 1, 1, 
186.278632, 0.1, 0.1, 0.104123613, 0.189109799, -0.0199686504, 0.612670774, -2.77014496e-006, 0.790338233, 0.790338233, 1.55146141e-005, -0.612670774, -1.05646058e-005, 1, 1.16947021e-005, 0.612670774, -1.51259815e-006, 0.790338233, 0.790338233, 8.94472333e-006, -0.612670774, -6.14263215e-006, 1, 6.67563471e-006, 0.109516357, -0.0849821533, -0.132860132, 0, 0, 0, 0, 0, 0, 0, 0.179995898, -0.0304527344, -0.11519668, 0, 0, 0, 0, 0, 0, 0, 1, 1, 1, 
