time, realDorsalTactorPos, realVentralTactorPos, boxPosX, boxPosY, boxPosZ, boxLocalRot_11, boxLocalRot_12, boxLocalRot_13, boxLocalRot_21, boxLocalRot_22, boxLocalRot_23, boxLocalRot_31, boxLocalRot_32, boxLocalRot_33, boxGlobalRot_11, boxGlobalRot_12, boxGlobalRot_13], boxGlobalRot_21, boxGlobalRot_22, boxGlobalRot_23, boxGlobalRot_31, boxGlobalRot_32, boxGlobalRot_33, indexPosX, indexPosY, indexPosZ, indexContact, indexForceX, indexForceY, indexForceZ, indexForceGlobalX, indexForceGlobalY, indexForceGlobalZ, thumbPosX, thumbPosY, thumbPosZ, thumbContact, thumbForceX, thumbForceY, thumbForceZ, thumbForceGlobalX, thumbForceGlobalY, thumbForceGlobalZ, hoopSuccess, targetSuccess, trialSuccess, 
168.32813, 0.1, 0.1, 0.0895117528, 0.183308374, -0.0199747668, 0.939315133, -2.15569115e-005, 0.343055506, 0.343055505, -2.29900123e-005, -0.939315133, 2.81355835e-005, 1, -1.41996493e-005, 0.93931515, -2.18310079e-005, 0.34305546, 0.34305546, -7.6348581e-006, -0.93931515, 2.31253762e-005, 1, 3.17708572e-007, 0.09346604, -0.00782636719, -0.156741431, 0, 0, 0, 0, 0, 0, 0, 0.173768994, 0.0423546875, -0.137474902, 0, 0, 0, 0, 0, 0, 0, 1, 1, 1, 
168.377678, 0.1, 0.1, 0.0895105188, 0.183307923, -0.019968027, 0.939262766, 1.92263266e-006, 0.343198858, 0.343198858, -3.13472585e-005, -0.939262766, 8.95248606e-006, 1, -3.01031581e-005, 0.939263078, -1.93176477e-005, 0.343198004, 0.343198003, -2.39023007e-005, -0.939263078, 2.63475751e-005, 1, -1.58207705e-005, 0.0970008545, -0.0407728271, -0.155326611, 0, 0, 0, 0, 0, 0, 0, 0.17211167, 0.0126462891, -0.134267676, 0, 0, 0, 0, 0, 0, 0, 1, 1, 1, 
168.378464, 0.1, 0.1, 0.0895105011, 0.183307916, -0.0199681504, 0.939261003, -8.59162309e-006, 0.343203684, 0.343203684, 3.91110844e-005, -0.939261002, -5.35329172e-006, 0.999999999, 3.9684193e-005, 0.939261495, 2.3151996e-005, 0.343202335, 0.343202335, 2.67888392e-005, -0.939261495, -3.09397705e-005, 0.999999999, 1.72159061e-005, 0.0970008545, -0.0407728271, -0.155326611, 0, 0, 0, 0, 0, 0, 0, 0.17211167, 0.0126462891, -0.134267676, 0, 0, 0, 0, 0, 0, 0, 1, 1, 1, 
168.379197, 0.1, 0.1, 0.0895104956, 0.183307912, -0.0199675575, 0.939259321, -4.05400139e-006, 0.343208286, 0.343208286, -2.90965029e-005, -0.939259321, 1.37939195e-005, 1, -2.59377947e-005, 0.939259644, -2.66549079e-005, 0.343207402, 0.343207402, -2.10761877e-005, -0.939259644, 3.22693829e-005, 0.999999999, -1.06478509e-005, 0.0968774414, -0.0434508789, -0.155078564, 0, 0, 0, 0, 0, 0, 0, 0.171801611, 0.0103558594, -0.133540088, 0, 0, 0, 0, 0, 0, 0, 1, 1, 1, 
168.37991, 0.1, 0.1, 0.089510479, 0.183307906, -0.019967321, 0.939257677, 1.12845912e-006, 0.343212785, 0.343212784, 3.68255893e-005, -0.939257677, -1.36989269e-005, 0.999999999, 3.42014159e-005, 0.939257998, 2.18464468e-005, 0.343211905, 0.343211905, 2.89170325e-005, -0.939257998, -3.04441197e-005, 0.999999999, 1.96625934e-005, 0.0968774414, -0.0434508789, -0.155078564, 0, 0, 0, 0, 0, 0, 0, 0.171801611, 0.0103558594, -0.133540088, 0, 0, 0, 0, 0, 0, 0, 1, 1, 1, 
168.380619, 0.1, 0.1, 0.089510472, 0.183307902, -0.0199676591, 0.939256034, 3.18245089e-006, 0.343217281, 0.343217281, -3.34999206e-005, -0.939256034, 8.50861546e-006, 0.999999999, -3.25572747e-005, 0.939256361, -1.8312167e-005, 0.343216387, 0.343216387, -2.41979218e-005, -0.939256361, 2.55049426e-005, 1, -1.64430162e-005, 0.0968774414, -0.0434508789, -0.155078564, 0, 0, 0, 0, 0, 0, 0, 0.171801611, 0.0103558594, -0.133540088, 0, 0, 0, 0, 0, 0, 0, 1, 1, 1, 
168.381331, 0.1, 0.1, 0.089510455, 0.183307898, -0.0199683986, 0.939254384, 3.39804299e-006, 0.343221798, 0.343221798, 2.62766492e-005, -0.939254383, -1.22103456e-005, 1, 2.35141755e-005, 0.939254719, 2.49718729e-005, 0.34322088, 0.34322088, 1.88690729e-005, -0.939254719, -2.99312093e-005, 1, 9.1519976e-006, 0.0968774414, -0.0434508789, -0.155078564, 0, 0, 0, 0, 0, 0, 0, 0.171801611, 0.0103558594, -0.133540088, 0, 0, 0, 0, 0, 0, 0, 1, 1, 1, 
168.382033, 0.1, 0.1, 0.0895104481, 0.183307896, -0.0199693104, 0.939252755, 1.35514025e-006, 0.343226255, 0.343226254, -3.84273851e-005, -0.939252754, 1.19164683e-005, 0.999999999, -3.6558147e-005, 0.939253078, -1.84833693e-005, 0.343225372, 0.343225371, -3.0340494e-005, -0.939253078, 2.77741888e-005, 0.999999999, -2.2153441e-005, 0.0968774414, -0.0434508789, -0.155078564, 0, 0, 0, 0, 0, 0, 0, 0.171801611, 0.0103558594, -0.133540088, 0, 0, 0, 0, 0, 0, 0, 1, 1, 1, 
168.382742, 0.1, 0.1, 0.089510432, 0.183307892, -0.0199701207, 0.939251117, 2.43267494e-006, 0.343230738, 0.343230738, 2.48479107e-005, -0.939251117, -1.08134594e-005, 1, 2.25034591e-005, 0.939251437, 2.18296722e-005, 0.34322986, 0.34322986, 1.64657163e-005, -0.939251438, -2.61550765e-005, 1, 7.97285238e-006, 0.0968774414, -0.0434508789, -0.155078564, 0, 0, 0, 0, 0, 0, 0, 0.171801611, 0.0103558594, -0.133540088, 0, 0, 0, 0, 0, 0, 0, 1, 1, 1, 
168.383454, 0.1, 0.1, 0.089510425, 0.183307889, -0.0199705909, 0.939249486, 2.86243599e-006, 0.3432352, 0.3432352, -3.04327688e-005, -0.939249486, 7.75705595e-006, 1, -2.95664512e-005, 0.939249808, -1.65100795e-005, 0.34323432, 0.34323432, -2.40003536e-005, -0.939249808, 2.3744834e-005, 1, -1.68755016e-005, 0.0968774414, -0.0434508789, -0.155078564, 0, 0, 0, 0, 0, 0, 0, 0.171801611, 0.0103558594, -0.133540088, 0, 0, 0, 0, 0, 0, 0, 1, 1, 1, 
168.384185, 0.1, 0.1, 0.0895104087, 0.183307884, -0.0199703507, 0.939247826, 1.10921577e-006, 0.343239745, 0.343239744, 3.50326723e-005, -0.939247825, -1.3066434e-005, 0.999999999, 3.25236343e-005, 0.939248145, 2.11555032e-005, 0.343238868, 0.343238868, 2.72070053e-005, -0.939248145, -2.92087688e-005, 0.999999999, 1.82927383e-005, 0.0971674316, -0.0459329102, -0.154656836, 0, 0, 0, 0, 0, 0, 0, 0.171719678, 0.00806884766, -0.132810791, 0, 0, 0, 0, 0, 0, 0, 1, 1, 1, 
168.384902, 0.1, 0.1, 0.0895104026, 0.18330788, -0.0199695499, 0.939246194, -8.16525907e-007, 0.343244209, 0.343244209, -2.76579676e-005, -0.939246194, 1.0260356e-005, 1, -2.5697373e-005, 0.939246514, -2.06410808e-005, 0.343243333, 0.343243332, -1.95601717e-005, -0.939246514, 2.61009617e-005, 1, -1.12869097e-005, 0.0971674316, -0.0459329102, -0.154656836, 0, 0, 0, 0, 0, 0, 0, 0.171719678, 0.00806884766, -0.132810791, 0, 0, 0, 0, 0, 0, 0, 1, 1, 1, 
168.38561, 0.1, 0.1, 0.0895103879, 0.183307875, -0.019968706, 0.939244592, -4.8212548e-006, 0.343248593, 0.343248593, 3.25030488e-005, -0.939244591, -6.62828825e-006, 0.999999999, 3.21832017e-005, 0.939244907, 1.6060835e-005, 0.343247731, 0.34324773, 2.54982669e-005, -0.939244907, -2.38372797e-005, 1, 1.84362721e-005, 0.0971674316, -0.0459329102, -0.154656836, 0, 0, 0, 0, 0, 0, 0, 0.171719678, 0.00806884766, -0.132810791, 0, 0, 0, 0, 0, 0, 0, 1, 1, 1, 
168.386332, 0.1, 0.1, 0.0895103827, 0.183307872, -0.0199680042, 0.939242954, -8.49278014e-007, 0.343253074, 0.343253074, -3.55514328e-005, -0.939242954, 1.3000817e-005, 0.999999999, -3.30999155e-005, 0.93924331, -2.45503258e-005, 0.3432521, 0.343252099, -2.63724397e-005, -0.93924331, 3.21111246e-005, 0.999999999, -1.63431867e-005, 0.0971674316, -0.0459329102, -0.154656836, 0, 0, 0, 0, 0, 0, 0, 0.171719678, 0.00806884766, -0.132810791, 0, 0, 0, 0, 0, 0, 0, 1, 1, 1, 
168.387049, 0.1, 0.1, 0.0895103673, 0.183307868, -0.0199674192, 0.939241316, -8.45384426e-007, 0.343257558, 0.343257558, 2.97451886e-005, -0.939241315, -9.41624082e-006, 1, 2.82280947e-005, 0.939241634, 2.06197154e-005, 0.343256687, 0.343256687, 2.19503414e-005, -0.939241634, -2.69014967e-005, 1, 1.35388193e-005, 0.0973781982, -0.0482073242, -0.15417688, 0, 0, 0, 0, 0, 0, 0, 0.171591846, 0.00596137695, -0.132053662, 0, 0, 0, 0, 0, 0, 0, 1, 1, 1, 
168.387759, 0.1, 0.1, 0.0895103621, 0.183307866, -0.0199673734, 0.939239685, -7.28964164e-007, 0.34326202, 0.34326202, -3.69995194e-005, -0.939239684, 1.33852019e-005, 0.999999999, -3.45011913e-005, 0.939240007, -2.2370002e-005, 0.343261138, 0.343261137, -2.88830053e-005, -0.939240007, 3.09252141e-005, 0.999999999, -1.94493217e-005, 0.0973781982, -0.0482073242, -0.15417688, 0, 0, 0, 0, 0, 0, 0, 0.171591846, 0.00596137695, -0.132053662, 0, 0, 0, 0, 0, 0, 0, 1, 1, 1, 
168.388468, 0.1, 0.1, 0.089510347, 0.183307862, -0.0199678748, 0.939238046, 3.13255801e-007, 0.343266504, 0.343266504, 3.26218155e-005, -0.939238046, -1.14921983e-005, 0.999999999, 3.05321201e-005, 0.939238372, 2.112909e-005, 0.343265611, 0.34326561, 2.34115462e-005, -0.939238372, -2.78816308e-005, 1, 1.47361326e-005, 0.0973781982, -0.0482073242, -0.15417688, 0, 0, 0, 0, 0, 0, 0, 0.171591846, 0.00596137695, -0.132053662, 0, 0, 0, 0, 0, 0, 0, 1, 1, 1, 
168.389172, 0.1, 0.1, 0.0895103416, 0.183307858, -0.0199687209, 0.939236418, 1.482367e-006, 0.343270957, 0.343270957, -2.65232908e-005, -0.939236418, 7.71238237e-006, 1, -2.54204942e-005, 0.939236742, -1.94025899e-005, 0.343270071, 0.343270071, -1.93095578e-005, -0.939236742, 2.48520187e-005, 1, -1.14759178e-005, 0.0973781982, -0.0482073242, -0.15417688, 0, 0, 0, 0, 0, 0, 0, 0.171591846, 0.00596137695, -0.132053662, 0, 0, 0, 0, 0, 0, 0, 1, 1, 1, 
168.389889, 0.1, 0.1, 0.0895103257, 0.183307852, -0.0199695279, 0.939234762, 5.0483224e-006, 0.343275489, 0.343275489, 3.7678295e-005, -0.939234761, -1.7675595e-005, 0.999999999, 3.36557991e-005, 0.939235085, 2.51993705e-005, 0.343274606, 0.343274605, 2.97835323e-005, -0.939235085, -3.38920632e-005, 0.999999999, 1.93234345e-005, 0.0973781982, -0.0482073242, -0.15417688, 0, 0, 0, 0, 0, 0, 0, 0.171591846, 0.00596137695, -0.132053662, 0, 0, 0, 0, 0, 0, 0, 1, 1, 1, 
168.390601, 0.1, 0.1, 0.0895103195, 0.183307848, -0.0199701807, 0.939233122, 3.20945558e-006, 0.343279976, 0.343279976, -2.62405005e-005, -0.939233122, 5.9934114e-006, 1, -2.57476891e-005, 0.939233449, -1.59476414e-005, 0.343279081, 0.343279081, -1.7723888e-005, -0.939233449, 2.10627983e-005, 1, -1.11723767e-005, 0.0973781982, -0.0482073242, -0.15417688, 0, 0, 0, 0, 0, 0, 0, 0.171591846, 0.00596137695, -0.132053662, 0, 0, 0, 0, 0, 0, 0, 1, 1, 1, 
168.391326, 0.1, 0.1, 0.0895103049, 0.183307843, -0.0199703922, 0.939231469, -2.79421175e-006, 0.3432845, 0.3432845, 2.9510484e-005, -0.939231468, -7.50608015e-006, 1, 2.86763848e-005, 0.939231828, 1.98454918e-005, 0.343283516, 0.343283515, 2.2279618e-005, -0.939231828, -2.62877432e-005, 1, 1.41130962e-005, 0.0973781982, -0.0482073242, -0.15417688, 0, 0, 0, 0, 0, 0, 0, 0.171591846, 0.00596137695, -0.132053662, 0, 0, 0, 0, 0, 0, 0, 1, 1, 1, 
168.392046, 0.1, 0.1, 0.0895103006, 0.183307841, -0.019969912, 0.939229826, -4.06300628e-006, 0.343288993, 0.343288993, -3.53478294e-005, -0.939229826, 1.59506174e-005, 0.999999999, -3.18049503e-005, 0.939230147, -2.40594362e-005, 0.343288115, 0.343288114, -2.74524337e-005, -0.939230148, 3.2021442e-005, 0.999999999, -1.75248348e-005, 0.0976349854, -0.0504667236, -0.153889648, 0, 0, 0, 0, 0, 0, 0, 0.17157168, 0.00392080078, -0.131131885, 0, 0, 0, 0, 0, 0, 0, 1, 1, 1, 
168.392755, 0.1, 0.1, 0.0895102872, 0.183307838, -0.0199691874, 0.939228214, -3.96655558e-006, 0.343293406, 0.343293406, 2.78111792e-005, -0.939228213, -5.82189353e-006, 1, 2.74827366e-005, 0.939228533, 1.60392299e-005, 0.343292533, 0.343292532, 1.96158152e-005, -0.939228533, -2.17984652e-005, 1, 1.29175855e-005, 0.0976349854, -0.0504667236, -0.153889648, 0, 0, 0, 0, 0, 0, 0, 0.17157168, 0.00392080078, -0.131131885, 0, 0, 0, 0, 0, 0, 0, 1, 1, 1, 
168.393466, 0.1, 0.1, 0.0895102826, 0.183307835, -0.0199685159, 0.939226602, 9.1278522e-007, 0.343297816, 0.343297816, -3.29402478e-005, -0.939226601, 1.0451003e-005, 0.999999999, -3.12517141e-005, 0.939226921, -2.05973558e-005, 0.343296941, 0.343296941, -2.58455005e-005, -0.939226921, 2.82182723e-005, 0.999999999, -1.72037807e-005, 0.0976349854, -0.0504667236, -0.153889648, 0, 0, 0, 0, 0, 0, 0, 0.17157168, 0.00392080078, -0.131131885, 0, 0, 0, 0, 0, 0, 0, 1, 1, 1, 
168.394172, 0.1, 0.1, 0.0895102682, 0.183307831, -0.0199680668, 0.939224997, 1.22241776e-006, 0.343302208, 0.343302208, 3.47099572e-005, -0.939224996, -1.30641303e-005, 0.999999999, 3.21808008e-005, 0.939225317, 2.22042749e-005, 0.343301331, 0.34330133, 2.6255172e-005, -0.939225317, -2.98682526e-005, 0.999999999, 1.70367652e-005, 0.0976349854, -0.0504667236, -0.153889648, 0, 0, 0, 0, 0, 0, 0, 0.17157168, 0.00392080078, -0.131131885, 0, 0, 0, 0, 0, 0, 0, 1, 1, 1, 
168.394883, 0.1, 0.1, 0.0895102635, 0.183307828, -0.0199679228, 0.939223371, 1.17141954e-006, 0.343306656, 0.343306656, -3.13516766e-005, -0.93922337, 9.66301465e-006, 1, -2.98483835e-005, 0.939223691, -1.98225484e-005, 0.343305779, 0.343305778, -2.28275236e-005, -0.939223691, 2.64546278e-005, 1, -1.46349556e-005, 0.0976349854, -0.0504667236, -0.153889648, 0, 0, 0, 0, 0, 0, 0, 0.17157168, 0.00392080078, -0.131131885, 0, 0, 0, 0, 0, 0, 0, 1, 1, 1, 
168.395593, 0.1, 0.1, 0.0895102493, 0.183307824, -0.0199681471, 0.939221744, -1.24445778e-007, 0.343311105, 0.343311105, 3.1267003e-005, -0.939221744, -1.06174272e-005, 1, 2.94093727e-005, 0.939222065, 2.10998971e-005, 0.343310227, 0.343310226, 2.3756009e-005, -0.939222065, -2.79731698e-005, 0.999999999, 1.50683574e-005, 0.0976349854, -0.0504667236, -0.153889648, 0, 0, 0, 0, 0, 0, 0, 0.17157168, 0.00392080078, -0.131131885, 0, 0, 0, 0, 0, 0, 0, 1, 1, 1, 
168.396314, 0.1, 0.1, 0.0895102448, 0.183307821, -0.019968632, 0.93922009, 1.27910659e-006, 0.343315631, 0.343315631, -3.50085836e-005, -0.939220089, 1.08176314e-005, 0.999999999, -3.33199023e-005, 0.939220451, -2.16799581e-005, 0.343314642, 0.343314642, -2.58790544e-005, -0.939220451, 2.92469183e-005, 0.999999999, -1.68630901e-005, 0.0976349854, -0.0504667236, -0.153889648, 0, 0, 0, 0, 0, 0, 0, 0.17157168, 0.00392080078, -0.131131885, 0, 0, 0, 0, 0, 0, 0, 1, 1, 1, 
168.397033, 0.1, 0.1, 0.0895102305, 0.183307818, -0.0199689629, 0.939218437, 1.19066469e-006, 0.343320153, 0.343320153, 2.78002015e-005, -0.939218437, -1.06626637e-005, 1, 2.57016826e-005, 0.939218759, 2.19729734e-005, 0.343319271, 0.343319271, 2.01712564e-005, -0.939218759, -2.75626098e-005, 1, 1.14014772e-005, 0.0979039795, -0.0529609619, -0.15345437, 0, 0, 0, 0, 0, 0, 0, 0.171566162, 0.00168383789, -0.130183252, 0, 0, 0, 0, 0, 0, 0, 1, 1, 1, 
168.397746, 0.1, 0.1, 0.0895102263, 0.183307816, -0.0199692568, 0.939216798, -5.88545095e-007, 0.343324638, 0.343324637, -3.48787003e-005, -0.939216797, 1.25274886e-005, 0.999999999, -3.25565992e-005, 0.939217119, -2.06654228e-005, 0.343323757, 0.343323756, -2.73179674e-005, -0.939217119, 2.8788226e-005, 0.999999999, -1.8562572e-005, 0.0979039795, -0.0529609619, -0.15345437, 0, 0, 0, 0, 0, 0, 0, 0.171566162, 0.00168383789, -0.130183252, 0, 0, 0, 0, 0, 0, 0, 1, 1, 1, 
168.398455, 0.1, 0.1, 0.089510213, 0.183307813, -0.0199694838, 0.939215173, -9.51706299e-007, 0.343329084, 0.343329083, 3.0983473e-005, -0.939215172, -9.74367041e-006, 1, 2.94268964e-005, 0.939215494, 1.90065134e-005, 0.343328203, 0.343328202, 2.23069938e-005, -0.939215494, -2.55098319e-005, 1, 1.44256022e-005, 0.0979039795, -0.0529609619, -0.15345437, 0, 0, 0, 0, 0, 0, 0, 0.171566162, 0.00168383789, -0.130183252, 0, 0, 0, 0, 0, 0, 0, 1, 1, 1, 
168.399185, 0.1, 0.1, 0.0895102087, 0.18330781, -0.0199694296, 0.939213503, 2.08616638e-006, 0.343333652, 0.343333652, -2.881183e-005, -0.939213502, 7.93271516e-006, 1, -2.77767109e-005, 0.939213822, -1.82293346e-005, 0.343332778, 0.343332777, -2.21758085e-005, -0.939213822, 2.4734925e-005, 1, -1.45690977e-005, 0.0981485596, -0.0550087158, -0.152994678, 0, 0, 0, 0, 0, 0, 0, 0.171787305, -0.000325000001, -0.129253174, 0, 0, 0, 0, 0, 0, 0, 1, 1, 1, 
168.399906, 0.1, 0.1, 0.0895101943, 0.183307805, -0.0199689657, 0.939211856, 2.92337017e-006, 0.343338156, 0.343338155, 3.76867675e-005, -0.939211856, -1.56849692e-005, 0.999999999, 3.43921544e-005, 0.939212174, 2.36450092e-005, 0.343337286, 0.343337285, 2.96337299e-005, -0.939212174, -3.23820448e-005, 0.999999999, 1.97141466e-005, 0.0981485596, -0.0550087158, -0.152994678, 0, 0, 0, 0, 0, 0, 0, 0.171787305, -0.000325000001, -0.129253174, 0, 0, 0, 0, 0, 0, 0, 1, 1, 1, 
168.400617, 0.1, 0.1, 0.0895101901, 0.183307801, -0.0199685869, 0.939210228, 1.3128882e-006, 0.34334261, 0.34334261, -2.79195101e-005, -0.939210228, 8.35287945e-006, 1, -2.66730599e-005, 0.939210549, -1.87649741e-005, 0.343341731, 0.343341731, -1.94133372e-005, -0.939210549, 2.42896704e-005, 1, -1.17904124e-005, 0.0981485596, -0.0550087158, -0.152994678, 0, 0, 0, 0, 0, 0, 0, 0.171787305, -0.000325000001, -0.129253174, 0, 0, 0, 0, 0, 0, 0, 1, 1, 1, 
168.40133, 0.1, 0.1, 0.089510177, 0.183307797, -0.0199683814, 0.939208599, -3.41452712e-006, 0.343347065, 0.343347065, 3.2697751e-005, -0.939208599, -8.01972362e-006, 0.999999999, 3.18823768e-005, 0.939208928, 1.86184435e-005, 0.343346164, 0.343346164, 2.53988439e-005, -0.939208928, -2.6207204e-005, 1, 1.74622498e-005, 0.0981485596, -0.0550087158, -0.152994678, 0, 0, 0, 0, 0, 0, 0, 0.171787305, -0.000325000001, -0.129253174, 0, 0, 0, 0, 0, 0, 0, 1, 1, 1, 
168.402035, 0.1, 0.1, 0.0895101744, 0.183307795, -0.0199683648, 0.93920698, -4.75783766e-006, 0.343351493, 0.343351493, -3.45371629e-005, -0.93920698, 1.63269808e-005, 0.999999999, -3.08039338e-005, 0.939207299, -2.54407389e-005, 0.343350621, 0.34335062, -2.61954997e-005, -0.939207299, 3.28883688e-005, 0.999999999, -1.58679111e-005, 0.0981485596, -0.0550087158, -0.152994678, 0, 0, 0, 0, 0, 0, 0, 0.171787305, -0.000325000001, -0.129253174, 0, 0, 0, 0, 0, 0, 0, 1, 1, 1, 
168.402745, 0.1, 0.1, 0.089510162, 0.183307791, -0.0199685758, 0.939205349, -2.82344589e-006, 0.343355955, 0.343355954, 2.9959969e-005, -0.939205349, -7.63513827e-006, 1, 2.91080101e-005, 0.939205671, 1.73396737e-005, 0.343355076, 0.343355075, 2.16106517e-005, -0.939205671, -2.37056468e-005, 1, 1.43431817e-005, 0.0981485596, -0.0550087158, -0.152994678, 0, 0, 0, 0, 0, 0, 0, 0.171787305, -0.000325000001, -0.129253174, 0, 0, 0, 0, 0, 0, 0, 1, 1, 1, 
168.403458, 0.1, 0.1, 0.0895101587, 0.183307789, -0.0199689346, 0.939203715, 3.55948451e-007, 0.343360426, 0.343360426, -3.13135858e-005, -0.939203714, 1.04175381e-005, 1, -2.95320547e-005, 0.939204038, -2.07761232e-005, 0.343359542, 0.343359541, -2.39889345e-005, -0.939204038, 2.77498483e-005, 0.999999999, -1.53968241e-005, 0.0981485596, -0.0550087158, -0.152994678, 0, 0, 0, 0, 0, 0, 0, 0.171787305, -0.000325000001, -0.129253174, 0, 0, 0, 0, 0, 0, 0, 1, 1, 1, 
168.404187, 0.1, 0.1, 0.0895101453, 0.183307785, -0.0199691751, 0.939202044, 3.04135026e-007, 0.343364997, 0.343364997, 3.59595656e-005, -0.939202043, -1.26329004e-005, 0.999999999, 3.36688681e-005, 0.939202368, 2.04557163e-005, 0.34336411, 0.343364109, 2.8019734e-005, -0.939202368, -2.88330282e-005, 0.999999999, 1.92924417e-005, 0.0980291748, -0.057459375, -0.152456982, 0, 0, 0, 0, 0, 0, 0, 0.171558545, -0.0025253418, -0.128278174, 0, 0, 0, 0, 0, 0, 0, 1, 1, 1, 
168.404898, 0.1, 0.1, 0.0895101418, 0.183307782, -0.0199691855, 0.939200413, 8.47110384e-007, 0.343369457, 0.343369457, -2.90082635e-005, -0.939200413, 9.16494524e-006, 1, -2.75354449e-005, 0.939200736, -1.95511288e-005, 0.343368573, 0.343368573, -2.04293916e-005, -0.939200736, 2.53772456e-005, 1, -1.24740564e-005, 0.0980291748, -0.057459375, -0.152456982, 0, 0, 0, 0, 0, 0, 0, 0.171558545, -0.0025253418, -0.128278174, 0, 0, 0, 0, 0, 0, 0, 1, 1, 1, 
168.405605, 0.1, 0.1, 0.0895101291, 0.183307778, -0.019969195, 0.939198794, 9.39523382e-008, 0.343373885, 0.343373884, 2.92714156e-005, -0.939198794, -1.01392796e-005, 1, 2.74594175e-005, 0.939199113, 2.04572626e-005, 0.343373012, 0.343373011, 2.2404041e-005, -0.939199113, -2.69063859e-005, 1, 1.40173836e-005, 0.0980291748, -0.057459375, -0.152456982, 0, 0, 0, 0, 0, 0, 0, 0.171558545, -0.0025253418, -0.128278174, 0, 0, 0, 0, 0, 0, 0, 1, 1, 1, 
168.406314, 0.1, 0.1, 0.0895101257, 0.183307776, -0.0199692231, 0.939197179, 1.18683218e-006, 0.343378302, 0.343378302, -3.57956049e-005, -0.939197179, 1.11767646e-005, 0.999999999, -3.40266635e-005, 0.939197514, -2.00298273e-005, 0.343377387, 0.343377386, -2.73042258e-005, -0.939197514, 2.81876177e-005, 0.999999999, -1.87662712e-005, 0.0980291748, -0.057459375, -0.152456982, 0, 0, 0, 0, 0, 0, 0, 0.171558545, -0.0025253418, -0.128278174, 0, 0, 0, 0, 0, 0, 0, 1, 1, 1, 
168.407019, 0.1, 0.1, 0.0895101131, 0.183307774, -0.0199692324, 0.93919557, 8.67575537e-007, 0.343382704, 0.343382704, 2.78084459e-005, -0.93919557, -1.03637624e-005, 1, 2.58196587e-005, 0.939195894, 2.1211916e-005, 0.343381816, 0.343381815, 1.93270087e-005, -0.939195895, -2.65586878e-005, 1, 1.0868061e-005, 0.0980291748, -0.057459375, -0.152456982, 0, 0, 0, 0, 0, 0, 0, 0.171558545, -0.0025253418, -0.128278174, 0, 0, 0, 0, 0, 0, 0, 1, 1, 1, 
168.407729, 0.1, 0.1, 0.0895101098, 0.183307772, -0.0199691793, 0.939193953, 2.12473523e-006, 0.343387126, 0.343387126, -3.1090171e-005, -0.939193953, 8.68042599e-006, 1, -2.99293074e-005, 0.939194271, -1.83535571e-005, 0.343386258, 0.343386257, -2.41586432e-005, -0.939194271, 2.55333017e-005, 1, -1.63873e-005, 0.0980291748, -0.057459375, -0.152456982, 0, 0, 0, 0, 0, 0, 0, 0.171558545, -0.0025253418, -0.128278174, 0, 0, 0, 0, 0, 0, 0, 1, 1, 1, 
168.408438, 0.1, 0.1, 0.0895100971, 0.183307768, -0.0199691365, 0.939192344, 1.20073608e-006, 0.343391527, 0.343391527, 3.45485667e-005, -0.939192344, -1.29914072e-005, 0.999999999, 3.20354267e-005, 0.939192666, 2.18297072e-005, 0.343390647, 0.343390646, 2.63454454e-005, -0.939192666, -2.95490805e-005, 0.999999999, 1.72473319e-005, 0.0980291748, -0.057459375, -0.152456982, 0, 0, 0, 0, 0, 0, 0, 0.171558545, -0.0025253418, -0.128278174, 0, 0, 0, 0, 0, 0, 0, 1, 1, 1, 
168.409174, 0.1, 0.1, 0.0895100938, 0.183307765, -0.0199688868, 0.939190668, 2.45378776e-006, 0.34339611, 0.34339611, -3.25994772e-005, -0.939190668, 8.88995909e-006, 0.999999999, -3.1459746e-005, 0.939190994, -1.80350023e-005, 0.343395219, 0.343395218, -2.4330362e-005, -0.939190994, 2.52932417e-005, 1, -1.66577233e-005, 0.0983258789, -0.0597105957, -0.152187329, 0, 0, 0, 0, 0, 0, 0, 0.171306592, -0.00451245117, -0.127278271, 0, 0, 0, 0, 0, 0, 0, 1, 1, 1, 
168.409882, 0.1, 0.1, 0.0895100813, 0.183307762, -0.0199685217, 0.939189053, -3.85940609e-007, 0.343400527, 0.343400527, 2.91740169e-005, -0.939189053, -9.65590158e-006, 1, 2.75324495e-005, 0.939189372, 2.09629559e-005, 0.343399656, 0.343399655, 2.1689206e-005, -0.939189372, -2.71362513e-005, 1, 1.31715999e-005, 0.0983258789, -0.0597105957, -0.152187329, 0, 0, 0, 0, 0, 0, 0, 0.171306592, -0.00451245117, -0.127278271, 0, 0, 0, 0, 0, 0, 0, 1, 1, 1, 
168.410598, 0.1, 0.1, 0.0895100789, 0.183307761, -0.0199683408, 0.939187419, -1.47103867e-006, 0.343404998, 0.343404997, -3.65331385e-005, -0.939187418, 1.39272434e-005, 0.999999999, -3.3806302e-005, 0.939187742, -2.22319878e-005, 0.343404114, 0.343404114, -2.86208783e-005, -0.939187742, 3.07085378e-005, 0.999999999, -1.92458219e-005, 0.0983258789, -0.0597105957, -0.152187329, 0, 0, 0, 0, 0, 0, 0, 0.171306592, -0.00451245117, -0.127278271, 0, 0, 0, 0, 0, 0, 0, 1, 1, 1, 
168.411324, 0.1, 0.1, 0.0895100671, 0.183307758, -0.0199683223, 0.939185758, -4.80535157e-006, 0.343409541, 0.343409541, 3.21461539e-005, -0.939185757, -6.5261782e-006, 0.999999999, 3.18414135e-005, 0.939186122, 1.85303231e-005, 0.343408543, 0.343408543, 2.21209648e-005, -0.939186122, -2.49999506e-005, 1, 1.44122319e-005, 0.0983258789, -0.0597105957, -0.152187329, 0, 0, 0, 0, 0, 0, 0, 0.171306592, -0.00451245117, -0.127278271, 0, 0, 0, 0, 0, 0, 0, 1, 1, 1, 
168.412039, 0.1, 0.1, 0.0895100654, 0.183307755, -0.0199682844, 0.93918411, -2.83108729e-006, 0.343414047, 0.343414047, -2.82037593e-005, -0.939184109, 1.23444793e-005, 1, -2.55162875e-005, 0.939184433, -2.44526045e-005, 0.343413161, 0.343413161, -2.10966909e-005, -0.939184434, 3.02103868e-005, 0.999999999, -1.14163374e-005, 0.0983878662, -0.0617446777, -0.151462402, 0, 0, 0, 0, 0, 0, 0, 0.171256641, -0.00651469727, -0.126501855, 0, 0, 0, 0, 0, 0, 0, 1, 1, 1, 
168.41275, 0.1, 0.1, 0.0895100536, 0.183307751, -0.0199684577, 0.939182472, -1.48789345e-007, 0.343418526, 0.343418526, 3.90845322e-005, -0.939182471, -1.32826121e-005, 0.999999999, 3.67586046e-005, 0.939182793, 2.00733112e-005, 0.343417649, 0.343417648, 3.08741403e-005, -0.939182793, -2.94552331e-005, 0.999999999, 2.2102932e-005, 0.0983878662, -0.0617446777, -0.151462402, 0, 0, 0, 0, 0, 0, 0, 0.171256641, -0.00651469727, -0.126501855, 0, 0, 0, 0, 0, 0, 0, 1, 1, 1, 
168.413465, 0.1, 0.1, 0.0895100509, 0.183307747, -0.0199688185, 0.939180826, 2.22433642e-006, 0.343423028, 0.343423028, -2.77295103e-005, -0.939180825, 7.43389828e-006, 1, -2.68069127e-005, 0.939181155, -1.86158865e-005, 0.343422127, 0.343422127, -1.88762433e-005, -0.939181155, 2.39662094e-005, 1, -1.13351047e-005, 0.0983878662, -0.0617446777, -0.151462402, 0, 0, 0, 0, 0, 0, 0, 0.171256641, -0.00651469727, -0.126501855, 0, 0, 0, 0, 0, 0, 0, 1, 1, 1, 
168.414169, 0.1, 0.1, 0.0895100388, 0.183307744, -0.0199692025, 0.939179205, 1.69703957e-006, 0.34342746, 0.34342746, 3.00966671e-005, -0.939179205, -1.19298462e-005, 1, 2.76833539e-005, 0.939179525, 2.2102481e-005, 0.343426585, 0.343426584, 2.32563061e-005, -0.939179525, -2.87450313e-005, 0.999999999, 1.4251267e-005, 0.0983878662, -0.0617446777, -0.151462402, 0, 0, 0, 0, 0, 0, 0, 0.171256641, -0.00651469727, -0.126501855, 0, 0, 0, 0, 0, 0, 0, 1, 1, 1, 
168.414882, 0.1, 0.1, 0.0895100365, 0.183307743, -0.0199694674, 0.939177567, -6.74391049e-007, 0.343431941, 0.343431941, -3.52320523e-005, -0.939177566, 1.2733185e-005, 0.999999999, -3.28575457e-005, 0.939177885, -2.05867372e-005, 0.34343107, 0.34343107, -2.71597072e-005, -0.939177885, 2.86620956e-005, 0.999999999, -1.84376712e-005, 0.0983878662, -0.0617446777, -0.151462402, 0, 0, 0, 0, 0, 0, 0, 0.171256641, -0.00651469727, -0.126501855, 0, 0, 0, 0, 0, 0, 0, 1, 1, 1, 
168.415594, 0.1, 0.1, 0.0895100249, 0.18330774, -0.0199696188, 0.939175937, 5.81801274e-008, 0.343436398, 0.343436398, 2.77357558e-005, -0.939175936, -9.58010947e-006, 1, 2.60287733e-005, 0.939176257, 1.97020338e-005, 0.343435523, 0.343435523, 1.96105042e-005, -0.939176257, -2.52386261e-005, 1, 1.16513417e-005, 0.0983878662, -0.0617446777, -0.151462402, 0, 0, 0, 0, 0, 0, 0, 0.171256641, -0.00651469727, -0.126501855, 0, 0, 0, 0, 0, 0, 0, 1, 1, 1, 
168.416321, 0.1, 0.1, 0.0895100222, 0.183307739, -0.0199695351, 0.939174279, 4.27868645e-006, 0.343440931, 0.343440931, -3.14220244e-005, -0.939174279, 6.77317707e-006, 0.999999999, -3.09802332e-005, 0.939174641, -1.86929906e-005, 0.343439941, 0.343439941, -2.3610902e-005, -0.939174641, 2.56649095e-005, 1, -1.57548408e-005, 0.0983878662, -0.0617446777, -0.151462402, 0, 0, 0, 0, 0, 0, 0, 0.171256641, -0.00651469727, -0.126501855, 0, 0, 0, 0, 0, 0, 0, 1, 1, 1, 
168.417039, 0.1, 0.1, 0.0895100096, 0.183307735, -0.019969044, 0.93917264, 3.88867159e-006, 0.343445414, 0.343445414, 3.41485697e-005, -0.939172639, -1.53803036e-005, 0.999999999, 3.07358559e-005, 0.939172958, 2.45836436e-005, 0.343444544, 0.343444544, 2.62499444e-005, -0.939172958, -3.21036935e-005, 0.999999999, 1.62101197e-005, 0.0982881348, -0.0637473877, -0.151104614, 0, 0, 0, 0, 0, 0, 0, 0.171000049, -0.00851694336, -0.125513916, 0, 0, 0, 0, 0, 0, 0, 1, 1, 1, 
168.417747, 0.1, 0.1, 0.0895100071, 0.183307733, -0.0199685924, 0.939171019, 1.70400534e-006, 0.343449846, 0.343449846, -3.07289898e-005, -0.939171019, 8.95351436e-006, 1, -2.9445017e-005, 0.939171339, -1.83448345e-005, 0.343448971, 0.343448971, -2.23488881e-005, -0.939171339, 2.49046454e-005, 1, -1.46889206e-005, 0.0982881348, -0.0637473877, -0.151104614, 0, 0, 0, 0, 0, 0, 0, 0.171000049, -0.00851694336, -0.125513916, 0, 0, 0, 0, 0, 0, 0, 1, 1, 1, 
168.41846, 0.1, 0.1, 0.0895099958, 0.18330773, -0.0199683382, 0.939169392, -3.2554315e-006, 0.343454297, 0.343454297, 3.11681559e-005, -0.939169391, -7.64743546e-006, 1, 3.039027e-005, 0.939169715, 1.8501816e-005, 0.343453411, 0.34345341, 2.37823567e-005, -0.939169716, -2.55444768e-005, 1, 1.59811574e-005, 0.0982881348, -0.0637473877, -0.151104614, 0, 0, 0, 0, 0, 0, 0, 0.171000049, -0.00851694336, -0.125513916, 0, 0, 0, 0, 0, 0, 0, 1, 1, 1, 
168.419164, 0.1, 0.1, 0.0895099949, 0.183307728, -0.0199683229, 0.93916778, -4.41454234e-006, 0.343458703, 0.343458703, -3.48577025e-005, -0.93916778, 1.61181772e-005, 0.999999999, -3.12210181e-005, 0.939168102, -2.52836703e-005, 0.343457823, 0.343457822, -2.66147394e-005, -0.939168102, 3.28866571e-005, 0.999999999, -1.63118399e-005, 0.0982881348, -0.0637473877, -0.151104614, 0, 0, 0, 0, 0, 0, 0, 0.171000049, -0.00851694336, -0.125513916, 0, 0, 0, 0, 0, 0, 0, 1, 1, 1, 
168.419875, 0.1, 0.1, 0.0895099842, 0.183307726, -0.0199685225, 0.939166147, -2.5972745e-006, 0.343463169, 0.343463169, 3.06900648e-005, -0.939166146, -8.10163462e-006, 1, 2.9715138e-005, 0.939166469, 1.77546201e-005, 0.343462289, 0.343462288, 2.21314444e-005, -0.939166469, -2.42758604e-005, 1, 1.46870681e-005, 0.0982881348, -0.0637473877, -0.151104614, 0, 0, 0, 0, 0, 0, 0, 0.171000049, -0.00851694336, -0.125513916, 0, 0, 0, 0, 0, 0, 0, 1, 1, 1, 
168.420592, 0.1, 0.1, 0.0895099828, 0.183307724, -0.0199688393, 0.939164504, -4.32419096e-007, 0.343467663, 0.343467663, -3.04463339e-005, -0.939164503, 1.08634438e-005, 1, -2.84455941e-005, 0.93916482, -2.1118715e-005, 0.343466797, 0.343466797, -2.338642e-005, -0.93916482, 2.7866413e-005, 1, -1.47101255e-005, 0.0982881348, -0.0637473877, -0.151104614, 0, 0, 0, 0, 0, 0, 0, 0.171000049, -0.00851694336, -0.125513916, 0, 0, 0, 0, 0, 0, 0, 1, 1, 1, 
168.421314, 0.1, 0.1, 0.0895099716, 0.18330772, -0.0199691602, 0.939162847, -8.07747606e-007, 0.343472192, 0.343472192, 3.52990923e-005, -0.939162847, -1.13656501e-005, 0.999999999, 3.34290349e-005, 0.939163207, 2.15209486e-005, 0.343471208, 0.343471207, 2.62950529e-005, -0.939163207, -2.92432767e-005, 0.999999999, 1.73035201e-005, 0.0982881348, -0.0637473877, -0.151104614, 0, 0, 0, 0, 0, 0, 0, 0.171000049, -0.00851694336, -0.125513916, 0, 0, 0, 0, 0, 0, 0, 1, 1, 1, 
168.422035, 0.1, 0.1, 0.08950997, 0.183307718, -0.0199691503, 0.93916119, 6.88775871e-007, 0.343476723, 0.343476723, -2.71551977e-005, -0.93916119, 8.68030674e-006, 1, -2.57396862e-005, 0.939161509, -1.99570765e-005, 0.34347585, 0.34347585, -1.97317984e-005, -0.939161509, 2.55203143e-005, 1, -1.16765717e-005, 0.0984184814, -0.0662048828, -0.150430469, 0, 0, 0, 0, 0, 0, 0, 0.1707896, -0.0107304688, -0.124567236, 0, 0, 0, 0, 0, 0, 0, 1, 1, 1, 
168.422743, 0.1, 0.1, 0.0895099587, 0.183307714, -0.0199691075, 0.939159569, 1.71845741e-006, 0.343481156, 0.343481156, 3.5420616e-005, -0.939159568, -1.37802198e-005, 0.999999999, 3.26753527e-005, 0.939159889, 2.19558189e-005, 0.343480279, 0.343480278, 2.78496859e-005, -0.939159889, -3.01858423e-005, 0.999999999, 1.86139172e-005, 0.0984184814, -0.0662048828, -0.150430469, 0, 0, 0, 0, 0, 0, 0, 0.1707896, -0.0107304688, -0.124567236, 0, 0, 0, 0, 0, 0, 0, 1, 1, 1, 
168.423456, 0.1, 0.1, 0.0895099567, 0.183307712, -0.0199690606, 0.939157938, 2.44950953e-006, 0.343485615, 0.343485614, -3.15829157e-005, -0.939157938, 8.54780089e-006, 0.999999999, -3.05027173e-005, 0.93915826, -1.77507931e-005, 0.343484734, 0.343484734, -2.28595809e-005, -0.93915826, 2.4522721e-005, 1, -1.53716378e-005, 0.0984184814, -0.0662048828, -0.150430469, 0, 0, 0, 0, 0, 0, 0, 0.1707896, -0.0107304688, -0.124567236, 0, 0, 0, 0, 0, 0, 0, 1, 1, 1, 
168.424185, 0.1, 0.1, 0.0895099455, 0.183307709, -0.0199688626, 0.939156271, -1.55335382e-006, 0.343490173, 0.343490173, 2.95739108e-005, -0.93915627, -8.69950575e-006, 1, 2.83080855e-005, 0.93915659, 1.92481487e-005, 0.343489301, 0.3434893, 2.27945711e-005, -0.93915659, -2.5906717e-005, 1, 1.47961385e-005, 0.0985568848, -0.0682172363, -0.149949658, 0, 0, 0, 0, 0, 0, 0, 0.170533008, -0.012764209, -0.123595654, 0, 0, 0, 0, 0, 0, 0, 1, 1, 1, 
168.424898, 0.1, 0.1, 0.0895099446, 0.183307708, -0.0199685575, 0.93915464, -2.07129525e-006, 0.343494631, 0.34349463, -3.75723746e-005, -0.93915464, 1.48511755e-005, 0.999999999, -3.45747911e-005, 0.939154961, -2.29276007e-005, 0.343493753, 0.343493752, -2.93037172e-005, -0.939154961, 3.15982138e-005, 0.999999999, -1.96452438e-005, 0.0985568848, -0.0682172363, -0.149949658, 0, 0, 0, 0, 0, 0, 0, 0.170533008, -0.012764209, -0.123595654, 0, 0, 0, 0, 0, 0, 0, 1, 1, 1, 
168.425604, 0.1, 0.1, 0.0895099343, 0.183307706, -0.0199684832, 0.939153019, -1.58896441e-006, 0.343499064, 0.343499064, 2.8131621e-005, -0.939153019, -8.17090476e-006, 1, 2.69657046e-005, 0.93915334, 1.86360693e-005, 0.343498187, 0.343498186, 1.95908671e-005, -0.93915334, -2.4231554e-005, 1, 1.19973722e-005, 0.0985568848, -0.0682172363, -0.149949658, 0, 0, 0, 0, 0, 0, 0, 0.170533008, -0.012764209, -0.123595654, 0, 0, 0, 0, 0, 0, 0, 1, 1, 1, 
168.426315, 0.1, 0.1, 0.0895099331, 0.183307705, -0.019968615, 0.939151393, 1.7533803e-006, 0.343503509, 0.343503509, -3.17698527e-005, -0.939151393, 9.26636634e-006, 0.999999999, -3.04389937e-005, 0.939151725, -2.01697953e-005, 0.3435026, 0.3435026, -2.43904549e-005, -0.939151725, 2.73206828e-005, 0.999999999, -1.59779607e-005, 0.0985568848, -0.0682172363, -0.149949658, 0, 0, 0, 0, 0, 0, 0, 0.170533008, -0.012764209, -0.123595654, 0, 0, 0, 0, 0, 0, 0, 1, 1, 1, 
168.427018, 0.1, 0.1, 0.0895099219, 0.183307702, -0.0199688883, 0.939149779, 3.23266164e-006, 0.343507921, 0.343507921, 3.41069086e-005, -0.939149779, -1.47519467e-005, 0.999999999, 3.09210508e-005, 0.939150098, 2.34909404e-005, 0.343507049, 0.343507048, 2.58842686e-005, -0.939150098, -3.09529477e-005, 0.999999999, 1.62399098e-005, 0.0985568848, -0.0682172363, -0.149949658, 0, 0, 0, 0, 0, 0, 0, 0.170533008, -0.012764209, -0.123595654, 0, 0, 0, 0, 0, 0, 0, 1, 1, 1, 
168.42773, 0.1, 0.1, 0.0895099202, 0.1833077, -0.0199692145, 0.939148147, 2.13133613e-006, 0.343512385, 0.343512384, -2.94089926e-005, -0.939148146, 8.1007128e-006, 1, -2.83515413e-005, 0.93914847, -1.79110792e-005, 0.3435115, 0.343511499, -2.11364271e-005, -0.93914847, 2.40817684e-005, 1, -1.36975815e-005, 0.0985568848, -0.0682172363, -0.149949658, 0, 0, 0, 0, 0, 0, 0, 0.170533008, -0.012764209, -0.123595654, 0, 0, 0, 0, 0, 0, 0, 1, 1, 1, 
168.42844, 0.1, 0.1, 0.0895099097, 0.183307697, -0.0199694795, 0.939146526, -4.14689306e-007, 0.343516817, 0.343516816, 3.03078639e-005, -0.939146525, -1.00218069e-005, 1, 2.86059778e-005, 0.939146845, 2.01405892e-005, 0.343515942, 0.343515941, 2.31784489e-005, -0.939146846, -2.68771375e-005, 1, 1.48493537e-005, 0.0985568848, -0.0682172363, -0.149949658, 0, 0, 0, 0, 0, 0, 0, 0.170533008, -0.012764209, -0.123595654, 0, 0, 0, 0, 0, 0, 0, 1, 1, 1, 
168.429171, 0.1, 0.1, 0.0895099087, 0.183307696, -0.0199694485, 0.939144857, 8.70718904e-008, 0.343521378, 0.343521378, -3.61772272e-005, -0.939144857, 1.23458778e-005, 0.999999999, -3.4005568e-005, 0.939145177, -1.98686935e-005, 0.343520503, 0.343520502, -2.84755657e-005, -0.939145177, 2.84415283e-005, 0.999999999, -1.99173866e-005, 0.0985065918, -0.0704398926, -0.14925647, 0, 0, 0, 0, 0, 0, 0, 0.170319629, -0.015037793, -0.122465771, 0, 0, 0, 0, 0, 0, 0, 1, 1, 1, 
168.429888, 0.1, 0.1, 0.0895098981, 0.183307694, -0.0199690642, 0.939143222, -7.18391283e-008, 0.343525849, 0.343525849, 2.93455899e-005, -0.939143221, -1.00135015e-005, 1, 2.75843904e-005, 0.939143545, 2.06128219e-005, 0.343524964, 0.343524963, 2.0676233e-005, -0.939143546, -2.64612008e-005, 1, 1.23369319e-005, 0.0985065918, -0.0704398926, -0.14925647, 0, 0, 0, 0, 0, 0, 0, 0.170319629, -0.015037793, -0.122465771, 0, 0, 0, 0, 0, 0, 0, 1, 1, 1, 
168.430603, 0.1, 0.1, 0.0895098971, 0.183307693, -0.019968687, 0.939141589, 1.5996668e-006, 0.343530313, 0.343530312, -3.04685809e-005, -0.939141589, 8.9645675e-006, 1, -2.91638455e-005, 0.939141909, -1.91379343e-005, 0.343529438, 0.343529438, -2.35811318e-005, -0.939141909, 2.60740491e-005, 1, -1.55715853e-005, 0.0985065918, -0.0704398926, -0.14925647, 0, 0, 0, 0, 0, 0, 0, 0.170319629, -0.015037793, -0.122465771, 0, 0, 0, 0, 0, 0, 0, 1, 1, 1, 
168.43131, 0.1, 0.1, 0.0895098866, 0.183307689, -0.0199684475, 0.939139979, 1.64626412e-007, 0.343534714, 0.343534714, 3.64834749e-005, -0.939139978, -1.26879474e-005, 0.999999999, 3.4206535e-005, 0.939140304, 2.15490196e-005, 0.343533824, 0.343533823, 2.79719523e-005, -0.939140304, -2.98468646e-005, 0.999999999, 1.88667707e-005, 0.0985065918, -0.0704398926, -0.14925647, 0, 0, 0, 0, 0, 0, 0, 0.170319629, -0.015037793, -0.122465771, 0, 0, 0, 0, 0, 0, 0, 1, 1, 1, 
168.432012, 0.1, 0.1, 0.089509886, 0.183307687, -0.0199684864, 0.93913837, -9.38054731e-007, 0.343539112, 0.343539112, -2.82741388e-005, -0.93913837, 1.05942357e-005, 1, -2.62310701e-005, 0.939138692, -2.13176809e-005, 0.343538232, 0.343538232, -1.97177542e-005, -0.939138692, 2.67940614e-005, 1, -1.11942675e-005, 0.0985065918, -0.0704398926, -0.14925647, 0, 0, 0, 0, 0, 0, 0, 0.170319629, -0.015037793, -0.122465771, 0, 0, 0, 0, 0, 0, 0, 1, 1, 1, 
168.432719, 0.1, 0.1, 0.0895098762, 0.183307684, -0.0199687407, 0.939136754, -2.64465544e-006, 0.34354353, 0.34354353, 3.1635108e-005, -0.939136754, -8.38434355e-006, 0.999999999, 3.06182469e-005, 0.939137074, 1.82458388e-005, 0.343542656, 0.343542656, 2.44708587e-005, -0.939137074, -2.55421274e-005, 1, 1.67132667e-005, 0.0985065918, -0.0704398926, -0.14925647, 0, 0, 0, 0, 0, 0, 0, 0.170319629, -0.015037793, -0.122465771, 0, 0, 0, 0, 0, 0, 0, 1, 1, 1, 
168.433422, 0.1, 0.1, 0.0895098761, 0.183307683, -0.0199691579, 0.939135148, -3.12854121e-006, 0.34354792, 0.343547919, -3.3524261e-005, -0.939135148, 1.44553131e-005, 0.999999999, -3.0409008e-005, 0.939135467, -2.33977912e-005, 0.343547047, 0.343547046, -2.53607666e-005, -0.939135468, 3.06863121e-005, 0.999999999, -1.57789533e-005, 0.0985065918, -0.0704398926, -0.14925647, 0, 0, 0, 0, 0, 0, 0, 0.170319629, -0.015037793, -0.122465771, 0, 0, 0, 0, 0, 0, 0, 1, 1, 1, 
168.434134, 0.1, 0.1, 0.0895098667, 0.183307681, -0.0199695682, 0.939133524, -2.76709418e-006, 0.34355236, 0.34355236, 3.01118156e-005, -0.939133524, -7.7463144e-006, 1, 2.92296572e-005, 0.939133843, 1.67357477e-005, 0.343551486, 0.343551486, 2.1992157e-005, -0.939133844, -2.32725453e-005, 1, 1.49039879e-005, 0.0986525635, -0.0726823242, -0.148393628, 0, 0, 0, 0, 0, 0, 0, 0.170319629, -0.015037793, -0.122465771, 0, 0, 0, 0, 0, 0, 0, 1, 1, 1, 
168.434854, 0.1, 0.1, 0.0895098667, 0.183307679, -0.0199696073, 0.939131886, -1.37373547e-006, 0.343556839, 0.343556838, -2.91737748e-005, -0.939131885, 1.13129686e-005, 1, -2.69260659e-005, 0.939132202, -2.20751249e-005, 0.343555973, 0.343555972, -2.21503017e-005, -0.939132202, 2.83413291e-005, 1, -1.32180206e-005, 0.0986525635, -0.0726823242, -0.148393628, 0, 0, 0, 0, 0, 0, 0, 0.169928906, -0.0174743164, -0.1213271, 0, 0, 0, 0, 0, 0, 0, 1, 1, 1, 
168.435557, 0.1, 0.1, 0.0895098568, 0.183307676, -0.0199695562, 0.939130288, 1.28913264e-006, 0.343561207, 0.343561207, 3.38305428e-005, -0.939130287, -1.28335256e-005, 0.999999999, 3.13283914e-005, 0.939130604, 2.0802592e-005, 0.343560341, 0.34356034, 2.60469635e-005, -0.939130604, -2.84850545e-005, 0.999999999, 1.73145549e-005, 0.0986525635, -0.0726823242, -0.148393628, 0, 0, 0, 0, 0, 0, 0, 0.169928906, -0.0174743164, -0.1213271, 0, 0, 0, 0, 0, 0, 0, 1, 1, 1, 
168.436262, 0.1, 0.1, 0.0895098557, 0.183307674, -0.0199694388, 0.93912869, 3.2685441e-006, 0.343565574, 0.343565574, -2.96392248e-005, -0.939128689, 7.11343374e-006, 1, -2.89580056e-005, 0.939129009, -1.69946161e-005, 0.343564702, 0.343564701, -2.13032385e-005, -0.939129009, 2.32791778e-005, 1, -1.41677391e-005, 0.0986525635, -0.0726823242, -0.148393628, 0, 0, 0, 0, 0, 0, 0, 0.169928906, -0.0174743164, -0.1213271, 0, 0, 0, 0, 0, 0, 0, 1, 1, 1, 
168.436993, 0.1, 0.1, 0.0895098451, 0.183307671, -0.0199690621, 0.939127037, 9.34381127e-007, 0.343570093, 0.343570093, 3.13510721e-005, -0.939127036, -1.16487933e-005, 1, 2.91216141e-005, 0.939127356, 2.18234223e-005, 0.34356922, 0.343569219, 2.4474943e-005, -0.939127356, -2.89038099e-005, 0.999999999, 1.54872324e-005, 0.09894646, -0.074721167, -0.147674683, 0, 0, 0, 0, 0, 0, 0, 0.169839404, -0.0193697754, -0.120585107, 0, 0, 0, 0, 0, 0, 0, 1, 1, 1, 
