time, realDorsalTactorPos, realVentralTactorPos, boxPosX, boxPosY, boxPosZ, boxLocalRot_11, boxLocalRot_12, boxLocalRot_13, boxLocalRot_21, boxLocalRot_22, boxLocalRot_23, boxLocalRot_31, boxLocalRot_32, boxLocalRot_33, boxGlobalRot_11, boxGlobalRot_12, boxGlobalRot_13], boxGlobalRot_21, boxGlobalRot_22, boxGlobalRot_23, boxGlobalRot_31, boxGlobalRot_32, boxGlobalRot_33, indexPosX, indexPosY, indexPosZ, indexContact, indexForceX, indexForceY, indexForceZ, indexForceGlobalX, indexForceGlobalY, indexForceGlobalZ, thumbPosX, thumbPosY, thumbPosZ, thumbContact, thumbForceX, thumbForceY, thumbForceZ, thumbForceGlobalX, thumbForceGlobalY, thumbForceGlobalZ, hoopSuccess, targetSuccess, trialSuccess, 
154.218506, 0.1, 0.1, 0.170105546, 0.183171659, -0.0199707263, -1.39040551e-005, -0.822918095, 0.56816002, 6.81490682e-005, 0.568160018, 0.822918094, -0.999999998, 5.01614745e-005, 4.81813732e-005, -1.42042468e-005, -0.822918106, 0.568160005, 7.90907303e-005, 0.568160002, 0.822918104, -0.999999997, 5.66251215e-005, 5.70149091e-005, 0.140061206, -0.207102344, -0.131068774, 0, 0, -0, 0, 0, 0, 0, 0.196278662, -0.133653271, -0.0972776855, 0, 0, 0, 0, 0, 0, 0, 1, 1, 1, 
154.260701, 0.1, 0.1, 0.170105577, 0.183171591, -0.0199656001, 2.90744671e-006, -0.822936867, 0.56813283, -1.33369396e-005, 0.56813283, 0.822936867, -1, -9.96979831e-006, -9.32364332e-006, 6.43482065e-006, -0.822936908, 0.568132771, -2.94479063e-005, 0.568132771, 0.822936908, -1, -2.2025772e-005, -2.05779364e-005, 0.146447559, -0.217898682, -0.119715869, 0, 0, -0, 0, 0, 0, 0, 0.201003125, -0.144606934, -0.0885067871, 0, 0, 0, 0, 0, 0, 0, 1, 1, 1, 
154.261405, 0.1, 0.1, 0.170105576, 0.183171594, -0.019966637, 2.71098812e-006, -0.822936672, 0.568133113, -1.34852178e-005, 0.568133113, 0.822936672, -1, -9.89237029e-006, -9.55727809e-006, -3.30011636e-006, -0.822936709, 0.568133059, 1.61094239e-005, 0.568133058, 0.822936709, -1, 1.18680832e-005, 1.13821311e-005, 0.146447559, -0.217898682, -0.119715869, 0, 0, -0, 0, 0, 0, 0, 0.201003125, -0.144606934, -0.0885067871, 0, 0, 0, 0, 0, 0, 0, 1, 1, 1, 
154.26211, 0.1, 0.1, 0.170105577, 0.183171593, -0.0199683694, -5.78237678e-006, -0.822936494, 0.568133371, 2.89245458e-005, 0.56813337, 0.822936494, -1, 2.11915286e-005, 2.05179031e-005, -3.05914746e-006, -0.822936528, 0.568133322, 1.55587766e-005, 0.568133322, 0.822936528, -1, 1.13569436e-005, 1.1065882e-005, 0.146447559, -0.217898682, -0.119715869, 0, 0, -0, 0, 0, 0, 0, 0.201003125, -0.144606934, -0.0885067871, 0, 0, 0, 0, 0, 0, 0, 1, 1, 1, 
154.262816, 0.1, 0.1, 0.170105577, 0.183171592, -0.0199702281, 4.97152064e-006, -0.82293633, 0.568133608, -2.61547286e-005, 0.568133607, 0.82293633, -1, -1.89506253e-005, -1.86991884e-005, 5.33469802e-006, -0.822936361, 0.568133563, -2.66708613e-005, 0.568133562, 0.822936361, -1, -1.95427284e-005, -1.89176006e-005, 0.146447559, -0.217898682, -0.119715869, 0, 0, -0, 0, 0, 0, 0, 0.201003125, -0.144606934, -0.0885067871, 0, 0, 0, 0, 0, 0, 0, 1, 1, 1, 
154.263537, 0.1, 0.1, 0.170105577, 0.183171594, -0.0199716129, -2.30069881e-006, -0.822936175, 0.568133833, 1.06109257e-005, 0.568133833, 0.822936175, -1, 7.9217542e-006, 7.42500981e-006, -5.47251021e-006, -0.822936207, 0.568133787, 2.50814408e-005, 0.568133786, 0.822936207, -1, 1.87531407e-005, 1.75313078e-005, 0.146447559, -0.217898682, -0.119715869, 0, 0, -0, 0, 0, 0, 0, 0.201003125, -0.144606934, -0.0885067871, 0, 0, 0, 0, 0, 0, 0, 1, 1, 1, 
154.264255, 0.1, 0.1, 0.170105578, 0.183171591, -0.0199719096, -2.3532567e-006, -0.822936031, 0.568134041, 1.14144744e-005, 0.568134041, 0.822936031, -1, 8.42153119e-006, 8.05641702e-006, 2.82127737e-006, -0.822936059, 0.568134001, -1.39172594e-005, 0.568134001, 0.822936059, -1, -1.02285991e-005, -9.85015102e-006, 0.147771509, -0.219065918, -0.118460278, 0, 0, -0, 0, 0, 0, 0, 0.201660889, -0.145453271, -0.0875754883, 0, 0, 0, 0, 0, 0, 0, 1, 1, 1, 
154.264959, 0.1, 0.1, 0.170105578, 0.183171591, -0.0199713508, 5.24929241e-006, -0.822935903, 0.568134227, -2.77279e-005, 0.568134226, 0.822935903, -1, -2.00730002e-005, -1.98359818e-005, 2.88533677e-006, -0.822935928, 0.568134191, -1.57509727e-005, 0.568134191, 0.822935928, -1, -1.13231134e-005, -1.13227829e-005, 0.147771509, -0.219065918, -0.118460278, 0, 0, -0, 0, 0, 0, 0, 0.201660889, -0.145453271, -0.0875754883, 0, 0, 0, 0, 0, 0, 0, 1, 1, 1, 
154.265671, 0.1, 0.1, 0.170105578, 0.183171592, -0.0199701137, -4.7286613e-006, -0.822935787, 0.568134394, 2.62579203e-005, 0.568134394, 0.822935787, -1, 1.88094123e-005, 1.89220672e-005, -5.09730599e-006, -0.822935809, 0.568134362, 2.73796906e-005, 0.568134362, 0.822935809, -1, 1.97500987e-005, 1.96357731e-005, 0.147771509, -0.219065918, -0.118460278, 0, 0, -0, 0, 0, 0, 0, 0.201660889, -0.145453271, -0.0875754883, 0, 0, 0, 0, 0, 0, 0, 1, 1, 1, 
154.266377, 0.1, 0.1, 0.170105578, 0.183171589, -0.0199686602, 2.15543562e-006, -0.822935686, 0.568134541, -1.16019961e-005, 0.568134541, 0.822935686, -1, -8.3652796e-006, -8.32311916e-006, 4.83297559e-006, -0.822935705, 0.568134513, -2.71207941e-005, 0.568134513, 0.822935705, -1, -1.93854873e-005, -1.95728896e-005, 0.147771509, -0.219065918, -0.118460278, 0, 0, -0, 0, 0, 0, 0, 0.201660889, -0.145453271, -0.0875754883, 0, 0, 0, 0, 0, 0, 0, 1, 1, 1, 
154.267082, 0.1, 0.1, 0.170105578, 0.183171592, -0.0199674505, 2.63273071e-006, -0.822935597, 0.568134669, -1.53605951e-005, 0.568134669, 0.822935597, -1, -1.08934545e-005, -1.11450349e-005, -2.71351705e-006, -0.822935614, 0.568134645, 1.38449062e-005, 0.568134645, 0.822935614, -1, 1.00988207e-005, 9.85182337e-006, 0.147771509, -0.219065918, -0.118460278, 0, 0, -0, 0, 0, 0, 0, 0.201660889, -0.145453271, -0.0875754883, 0, 0, 0, 0, 0, 0, 0, 1, 1, 1, 
154.267786, 0.1, 0.1, 0.170105578, 0.183171591, -0.019966829, -5.32258878e-006, -0.822935519, 0.568134783, 3.12617917e-005, 0.568134782, 0.822935519, -0.999999999, 2.21410586e-005, 2.2702491e-005, -2.83813446e-006, -0.822935534, 0.568134761, 1.72368145e-005, 0.568134761, 0.822935534, -1, 1.21284352e-005, 1.25723443e-005, 0.147771509, -0.219065918, -0.118460278, 0, 0, -0, 0, 0, 0, 0, 0.201660889, -0.145453271, -0.0875754883, 0, 0, 0, 0, 0, 0, 0, 1, 1, 1, 
154.268506, 0.1, 0.1, 0.170105579, 0.18317159, -0.0199669227, 4.17185166e-006, -0.822935452, 0.56813488, -2.89712917e-005, 0.568134879, 0.822935452, -1, -1.98927659e-005, -2.14713286e-005, 4.18729712e-006, -0.822935466, 0.56813486, -3.00637796e-005, 0.56813486, 0.822935465, -1, -2.05261565e-005, -2.2361601e-005, 0.147771509, -0.219065918, -0.118460278, 0, 0, -0, 0, 0, 0, 0, 0.201660889, -0.145453271, -0.0875754883, 0, 0, 0, 0, 0, 0, 0, 1, 1, 1, 
154.269222, 0.1, 0.1, 0.170105578, 0.183171593, -0.0199674173, -2.81576997e-006, -0.822935397, 0.568134959, 1.58858319e-005, 0.568134959, 0.822935397, -1, 1.13424932e-005, 1.1473276e-005, -5.25301382e-006, -0.822935407, 0.568134945, 3.15751049e-005, 0.568134944, 0.822935407, -0.999999999, 2.22618115e-005, 2.29998511e-005, 0.148222998, -0.219898584, -0.117362354, 0, 0, -0, 0, 0, 0, 0, 0.201988965, -0.14650625, -0.0867209473, 0, 0, 0, 0, 0, 0, 0, 1, 1, 1, 
154.26993, 0.1, 0.1, 0.170105579, 0.18317159, -0.0199683135, -2.5689642e-006, -0.822935352, 0.568135025, 1.41136178e-005, 0.568135025, 0.822935352, -1, 1.0132532e-005, 1.01550765e-005, 2.02804762e-006, -0.82293536, 0.568135013, -1.40071196e-005, 0.568135013, 0.82293536, -1, -9.62688716e-006, -1.03747491e-005, 0.148222998, -0.219898584, -0.117362354, 0, 0, -0, 0, 0, 0, 0, 0.201988965, -0.14650625, -0.0867209473, 0, 0, 0, 0, 0, 0, 0, 1, 1, 1, 
154.270635, 0.1, 0.1, 0.170105579, 0.18317159, -0.0199694487, 5.15978371e-006, -0.822935314, 0.56813508, -2.9220436e-005, 0.56813508, 0.822935314, -1, -2.0847323e-005, -2.11150745e-005, 2.69278581e-006, -0.822935321, 0.56813507, -1.58553641e-005, 0.56813507, 0.822935321, -1, -1.12239769e-005, -1.15180731e-005, 0.148222998, -0.219898584, -0.117362354, 0, 0, -0, 0, 0, 0, 0, 0.201988965, -0.14650625, -0.0867209473, 0, 0, 0, 0, 0, 0, 0, 1, 1, 1, 
154.271366, 0.1, 0.1, 0.170105579, 0.183171591, -0.0199702434, -5.32587529e-006, -0.822935281, 0.568135128, 2.74144231e-005, 0.568135127, 0.822935281, -1, 1.99579475e-005, 1.95344792e-005, -5.55183248e-006, -0.822935287, 0.568135119, 2.84685883e-005, 0.568135119, 0.822935287, -1, 2.07428036e-005, 2.02736148e-005, 0.148201392, -0.22030564, -0.11716311, 0, 0, -0, 0, 0, 0, 0, 0.202262354, -0.147344287, -0.0862230469, 0, 0, 0, 0, 0, 0, 0, 1, 1, 1, 
154.272071, 0.1, 0.1, 0.17010558, 0.183171589, -0.019970487, 2.12700975e-006, -0.822935251, 0.568135172, -1.17669527e-005, 0.568135172, 0.822935251, -1, -8.43561097e-006, -8.47501108e-006, 4.66444556e-006, -0.822935257, 0.568135163, -2.56485758e-005, 0.568135163, 0.822935256, -1, -1.84103945e-005, -1.84570818e-005, 0.148201392, -0.22030564, -0.11716311, 0, 0, -0, 0, 0, 0, 0, 0.202262354, -0.147344287, -0.0862230469, 0, 0, 0, 0, 0, 0, 0, 1, 1, 1, 
154.272777, 0.1, 0.1, 0.170105579, 0.183171591, -0.0199703318, 2.51706967e-006, -0.822935224, 0.568135211, -1.50149789e-005, 0.56813521, 0.822935224, -1, -1.06019235e-005, -1.09263191e-005, -2.5161023e-006, -0.822935229, 0.568135203, 1.18358043e-005, 0.568135203, 0.822935229, -1, 8.7949263e-006, 8.31061403e-006, 0.148201392, -0.22030564, -0.11716311, 0, 0, -0, 0, 0, 0, 0, 0.202262354, -0.147344287, -0.0862230469, 0, 0, 0, 0, 0, 0, 0, 1, 1, 1, 
154.273482, 0.1, 0.1, 0.17010558, 0.18317159, -0.0199698378, -5.52255788e-006, -0.8229352, 0.568135245, 2.65943175e-005, 0.568135245, 0.8229352, -1, 1.96538764e-005, 1.87478402e-005, -3.15979636e-006, -0.822935205, 0.568135238, 1.38429847e-005, 0.568135238, 0.822935205, -1, 1.04649951e-005, 9.59668779e-006, 0.148201392, -0.22030564, -0.11716311, 0, 0, -0, 0, 0, 0, 0, 0.202262354, -0.147344287, -0.0862230469, 0, 0, 0, 0, 0, 0, 0, 1, 1, 1, 
154.274187, 0.1, 0.1, 0.17010558, 0.183171588, -0.0199691845, 5.95437891e-006, -0.822935173, 0.568135284, -2.80004493e-005, 0.568135283, 0.822935173, -1, -2.08081111e-005, -1.96596619e-005, 6.33556439e-006, -0.822935179, 0.568135276, -2.9142488e-005, 0.568135276, 0.822935178, -1, -2.17706343e-005, -2.0382921e-005, 0.148201392, -0.22030564, -0.11716311, 0, 0, -0, 0, 0, 0, 0, 0.202262354, -0.147344287, -0.0862230469, 0, 0, 0, 0, 0, 0, 0, 1, 1, 1, 
154.274892, 0.1, 0.1, 0.17010558, 0.183171591, -0.0199685812, -2.7777386e-006, -0.822935145, 0.568135325, 1.19446923e-005, 0.568135325, 0.822935145, -1, 9.07210037e-006, 8.25157569e-006, -5.82438902e-006, -0.82293515, 0.568135317, 2.69347166e-005, 0.568135317, 0.82293515, -1, 2.00956582e-005, 1.88564839e-005, 0.148201392, -0.22030564, -0.11716311, 0, 0, -0, 0, 0, 0, 0, 0.202262354, -0.147344287, -0.0862230469, 0, 0, 0, 0, 0, 0, 0, 1, 1, 1, 
154.275606, 0.1, 0.1, 0.170105581, 0.183171587, -0.0199681086, -2.51320291e-006, -0.822935118, 0.568135363, 1.50048639e-005, 0.568135363, 0.822935118, -1, 1.05929967e-005, 1.092019e-005, 3.05465231e-006, -0.822935124, 0.568135356, -1.35536236e-005, 0.568135356, 0.822935124, -1, -1.02140734e-005, -9.41829691e-006, 0.148201392, -0.22030564, -0.11716311, 0, 0, -0, 0, 0, 0, 0, 0.202262354, -0.147344287, -0.0862230469, 0, 0, 0, 0, 0, 0, 0, 1, 1, 1, 
154.276334, 0.1, 0.1, 0.170105581, 0.183171588, -0.0199677835, 6.26436457e-006, -0.822935095, 0.568135397, -3.21316764e-005, 0.568135396, 0.822935095, -0.999999999, -2.34103082e-005, -2.28832769e-005, 3.64255362e-006, -0.8229351, 0.56813539, -1.85377739e-005, 0.56813539, 0.8229351, -1, -1.35295506e-005, -1.31859212e-005, 0.148904077, -0.221474683, -0.117527881, 0, 0, -0, 0, 0, 0, 0, 0.202490576, -0.148085889, -0.0860822754, 0, 0, 0, 0, 0, 0, 0, 1, 1, 1, 
154.277036, 0.1, 0.1, 0.170105581, 0.183171589, -0.0199677933, -5.98596955e-006, -0.822935071, 0.568135432, 2.68161982e-005, 0.568135432, 0.82293507, -1, 2.01612966e-005, 1.86671485e-005, -6.26808461e-006, -0.822935075, 0.568135425, 2.75164999e-005, 0.568135425, 0.822935075, -1, 2.0791325e-005, 1.9083172e-005, 0.148904077, -0.221474683, -0.117527881, 0, 0, -0, 0, 0, 0, 0, 0.202490576, -0.148085889, -0.0860822754, 0, 0, 0, 0, 0, 0, 0, 1, 1, 1, 
154.277738, 0.1, 0.1, 0.170105581, 0.183171585, -0.0199682491, 2.54580866e-006, -0.822935044, 0.568135471, -1.34684794e-005, 0.568135471, 0.822935044, -1, -9.74695602e-006, -9.63731946e-006, 5.69638162e-006, -0.822935049, 0.568135463, -2.86068801e-005, 0.568135463, 0.822935049, -1, -2.09403352e-005, -2.03052879e-005, 0.148904077, -0.221474683, -0.117527881, 0, 0, -0, 0, 0, 0, 0, 0.202490576, -0.148085889, -0.0860822754, 0, 0, 0, 0, 0, 0, 0, 1, 1, 1, 
154.278446, 0.1, 0.1, 0.170105581, 0.183171588, -0.0199689489, 2.84726316e-006, -0.822935017, 0.568135511, -1.31256429e-005, 0.568135511, 0.822935016, -1, -9.80025638e-006, -9.18391985e-006, -2.8246656e-006, -0.822935022, 0.568135502, 1.43700767e-005, 0.568135502, 0.822935022, -1, 1.0488667e-005, 1.02208466e-005, 0.148904077, -0.221474683, -0.117527881, 0, 0, -0, 0, 0, 0, 0, 0.202490576, -0.148085889, -0.0860822754, 0, 0, 0, 0, 0, 0, 0, 1, 1, 1, 
154.279149, 0.1, 0.1, 0.170105581, 0.183171587, -0.0199696687, -5.63619508e-006, -0.82293499, 0.568135549, 2.90113598e-005, 0.568135549, 0.82293499, -1, 2.1120607e-005, 2.06723403e-005, -2.67918675e-006, -0.822934995, 0.568135542, 1.60981849e-005, 0.568135542, 0.822934995, -1, 1.13507476e-005, 1.17256185e-005, 0.148904077, -0.221474683, -0.117527881, 0, 0, -0, 0, 0, 0, 0, 0.202490576, -0.148085889, -0.0860822754, 0, 0, 0, 0, 0, 0, 0, 1, 1, 1, 
154.279854, 0.1, 0.1, 0.170105582, 0.183171586, -0.0199702153, 4.49122755e-006, -0.822934966, 0.568135584, -2.43611308e-005, 0.568135583, 0.822934966, -1, -1.75364135e-005, -1.74960002e-005, 4.81082688e-006, -0.822934971, 0.568135577, -2.5261559e-005, 0.568135577, 0.822934971, -1, -1.83109881e-005, -1.80554184e-005, 0.148904077, -0.221474683, -0.117527881, 0, 0, -0, 0, 0, 0, 0, 0.202490576, -0.148085889, -0.0860822754, 0, 0, 0, 0, 0, 0, 0, 1, 1, 1, 
154.280555, 0.1, 0.1, 0.170105581, 0.183171589, -0.019970462, -2.333564e-006, -0.822934941, 0.568135621, 1.34288675e-005, 0.568135621, 0.822934941, -1, 9.5497893e-006, 9.72530341e-006, -5.53050797e-006, -0.822934946, 0.568135613, 2.73830884e-005, 0.568135612, 0.822934946, -1, 2.0108556e-005, 1.93924218e-005, 0.148904077, -0.221474683, -0.117527881, 0, 0, -0, 0, 0, 0, 0, 0.202490576, -0.148085889, -0.0860822754, 0, 0, 0, 0, 0, 0, 0, 1, 1, 1, 
154.281285, 0.1, 0.1, 0.170105582, 0.183171586, -0.019970073, -3.12963332e-006, -0.822934911, 0.568135664, 1.40661456e-005, 0.568135664, 0.822934911, -1, 1.05669635e-005, 9.79746595e-006, 2.46395141e-006, -0.822934917, 0.568135655, -1.28534975e-005, 0.568135655, 0.822934917, -1, -9.33020188e-006, -9.17773327e-006, 0.149388403, -0.222226416, -0.117963818, 0, 0, -0, 0, 0, 0, 0, 0.202993799, -0.148855811, -0.0855699707, 0, 0, 0, 0, 0, 0, 0, 1, 1, 1, 
154.281988, 0.1, 0.1, 0.170105582, 0.183171587, -0.0199693853, 5.41783862e-006, -0.822934883, 0.568135704, -2.82593797e-005, 0.568135704, 0.822934883, -1, -2.0513691e-005, -2.01775618e-005, 2.49356098e-006, -0.822934888, 0.568135697, -1.55722602e-005, 0.568135697, 0.822934888, -1, -1.08991953e-005, -1.13982752e-005, 0.149388403, -0.222226416, -0.117963818, 0, 0, -0, 0, 0, 0, 0, 0.202993799, -0.148855811, -0.0855699707, 0, 0, 0, 0, 0, 0, 0, 1, 1, 1, 
154.282692, 0.1, 0.1, 0.170105582, 0.183171588, -0.019968716, -5.59256524e-006, -0.822934859, 0.568135739, 2.76503471e-005, 0.568135739, 0.822934859, -1, 2.03114673e-005, 1.95770983e-005, -5.72679091e-006, -0.822934863, 0.568135733, 2.8831573e-005, 0.568135732, 0.822934863, -1, 2.10930227e-005, 2.0472912e-005, 0.149388403, -0.222226416, -0.117963818, 0, 0, -0, 0, 0, 0, 0, 0.202993799, -0.148855811, -0.0855699707, 0, 0, 0, 0, 0, 0, 0, 1, 1, 1, 
154.283395, 0.1, 0.1, 0.170105583, 0.183171585, -0.0199682424, 2.03754052e-006, -0.822934835, 0.568135773, -1.2995304e-005, 0.568135773, 0.822934835, -1, -9.05986018e-006, -9.53668874e-006, 5.32737508e-006, -0.82293484, 0.568135766, -2.80347662e-005, 0.568135766, 0.82293484, -1, -2.0311636e-005, -2.00441136e-005, 0.149388403, -0.222226416, -0.117963818, 0, 0, -0, 0, 0, 0, 0, 0.202993799, -0.148855811, -0.0855699707, 0, 0, 0, 0, 0, 0, 0, 1, 1, 1, 
154.284112, 0.1, 0.1, 0.170105582, 0.183171588, -0.0199679282, 3.17563127e-006, -0.822934808, 0.568135813, -1.31862588e-005, 0.568135813, 0.822934808, -1, -1.01049234e-005, -9.04724152e-006, -2.55035048e-006, -0.822934814, 0.568135804, 1.54034638e-005, 0.568135804, 0.822934814, -1, 1.08500315e-005, 1.12271012e-005, 0.149388403, -0.222226416, -0.117963818, 0, 0, -0, 0, 0, 0, 0, 0.203311865, -0.149615723, -0.0848976562, 0, 0, 0, 0, 0, 0, 0, 1, 1, 1, 
154.284824, 0.1, 0.1, 0.170105583, 0.183171587, -0.0199679629, -5.91904725e-006, -0.822934779, 0.568135854, 3.02126456e-005, 0.568135854, 0.822934779, -1, 2.2035877e-005, 2.15002139e-005, -3.12601886e-006, -0.822934785, 0.568135846, 1.68019086e-005, 0.568135846, 0.822934785, -1, 1.21182762e-005, 1.20508716e-005, 0.149388403, -0.222226416, -0.117963818, 0, 0, -0, 0, 0, 0, 0, 0.203311865, -0.149615723, -0.0848976562, 0, 0, 0, 0, 0, 0, 0, 1, 1, 1, 
154.285533, 0.1, 0.1, 0.170105583, 0.183171586, -0.0199683212, 5.27014315e-006, -0.82293475, 0.568135896, -2.84480958e-005, 0.568135896, 0.82293475, -1, -2.04993684e-005, -2.04167692e-005, 5.74024376e-006, -0.822934756, 0.568135888, -2.91358533e-005, 0.568135887, 0.822934756, -1, -2.127697e-005, -2.07156678e-005, 0.149388403, -0.222226416, -0.117963818, 0, 0, -0, 0, 0, 0, 0, 0.203311865, -0.149615723, -0.0848976562, 0, 0, 0, 0, 0, 0, 0, 1, 1, 1, 
154.286252, 0.1, 0.1, 0.170105582, 0.183171589, -0.0199687304, -3.176746e-006, -0.822934718, 0.568135944, 1.38536613e-005, 0.568135944, 0.822934718, -1, 1.04850175e-005, 9.59583526e-006, -6.49801548e-006, -0.822934724, 0.568135934, 2.88841698e-005, 0.568135934, 0.822934724, -1, 2.17575774e-005, 2.00780302e-005, 0.149921069, -0.223144629, -0.116268677, 0, 0, -0, 0, 0, 0, 0, 0.203311865, -0.149615723, -0.0848976562, 0, 0, 0, 0, 0, 0, 0, 1, 1, 1, 
154.286957, 0.1, 0.1, 0.170105583, 0.183171586, -0.0199691995, -2.45642363e-006, -0.822934685, 0.568135991, 1.36016784e-005, 0.568135991, 0.822934685, -1, 9.74907923e-006, 9.79771024e-006, 2.86814409e-006, -0.822934691, 0.568135982, -1.32165447e-005, 0.568135982, 0.822934691, -1, -9.86908985e-006, -9.24685724e-006, 0.149921069, -0.223144629, -0.116268677, 0, 0, -0, 0, 0, 0, 0, 0.203311865, -0.149615723, -0.0848976562, 0, 0, 0, 0, 0, 0, 0, 1, 1, 1, 
154.287663, 0.1, 0.1, 0.170105583, 0.183171586, -0.0199696445, 5.60130556e-006, -0.822934656, 0.568136032, -2.97672169e-005, 0.568136032, 0.822934656, -1, -2.1521337e-005, -2.13141709e-005, 2.7276856e-006, -0.822934662, 0.568136025, -1.6690156e-005, 0.568136025, 0.822934662, -1, -1.17269859e-005, -1.21852114e-005, 0.149921069, -0.223144629, -0.116268677, 0, 0, -0, 0, 0, 0, 0, 0.203311865, -0.149615723, -0.0848976562, 0, 0, 0, 0, 0, 0, 0, 1, 1, 1, 
154.288394, 0.1, 0.1, 0.170105583, 0.183171587, -0.0199697739, -4.40766655e-006, -0.822934629, 0.568136072, 2.62397459e-005, 0.568136071, 0.822934629, -1, 1.85349676e-005, 1.90894412e-005, -5.10146274e-006, -0.822934635, 0.568136063, 2.73997853e-005, 0.568136063, 0.822934635, -1, 1.97649765e-005, 1.96499074e-005, 0.150815259, -0.223140601, -0.114418896, 0, 0, -0, 0, 0, 0, 0, 0.203311865, -0.149615723, -0.0848976562, 0, 0, 0, 0, 0, 0, 0, 1, 1, 1, 
154.2891, 0.1, 0.1, 0.170105584, 0.183171584, -0.0199695074, 1.71679351e-006, -0.822934602, 0.568136112, -1.32608363e-005, 0.568136112, 0.822934602, -1, -8.94676875e-006, -9.93742865e-006, 4.65032857e-006, -0.822934608, 0.568136103, -2.79190916e-005, 0.568136103, 0.822934607, -1, -1.96887602e-005, -2.03335672e-005, 0.150815259, -0.223140601, -0.114418896, 0, 0, -0, 0, 0, 0, 0, 0.203670703, -0.150108838, -0.0838833496, 0, 0, 0, 0, 0, 0, 0, 1, 1, 1, 
154.289803, 0.1, 0.1, 0.170105584, 0.183171586, -0.0199691722, 4.06574399e-006, -0.822934571, 0.568136156, -1.52505704e-005, 0.568136156, 0.822934571, -1, -1.20102417e-005, -1.02403254e-005, -1.55167993e-006, -0.822934578, 0.568136146, 1.20928119e-005, 0.568136146, 0.822934578, -1, 8.14729462e-006, 9.0700276e-006, 0.150815259, -0.223140601, -0.114418896, 0, 0, -0, 0, 0, 0, 0, 0.203670703, -0.150108838, -0.0838833496, 0, 0, 0, 0, 0, 0, 0, 1, 1, 1, 
154.290508, 0.1, 0.1, 0.170105584, 0.183171585, -0.0199688839, -5.25375965e-006, -0.822934539, 0.568136202, 2.82177897e-005, 0.568136202, 0.822934539, -1, 2.03550481e-005, 2.02365427e-005, -2.11968865e-006, -0.822934545, 0.568136194, 1.51149394e-005, 0.568136194, 0.822934545, -1, 1.03317091e-005, 1.12343339e-005, 0.150815259, -0.223140601, -0.114418896, 0, 0, -0, 0, 0, 0, 0, 0.203670703, -0.150108838, -0.0838833496, 0, 0, 0, 0, 0, 0, 0, 1, 1, 1, 
154.29121, 0.1, 0.1, 0.170105584, 0.183171584, -0.0199687248, 5.19147524e-006, -0.822934512, 0.568136241, -2.76609744e-005, 0.568136241, 0.822934512, -1, -1.99874462e-005, -1.98137053e-005, 5.40695272e-006, -0.822934517, 0.568136234, -2.87640192e-005, 0.568136234, 0.822934517, -1, -2.07914496e-005, -2.05990185e-005, 0.150815259, -0.223140601, -0.114418896, 0, 0, -0, 0, 0, 0, 0, 0.203670703, -0.150108838, -0.0838833496, 0, 0, 0, 0, 0, 0, 0, 1, 1, 1, 
154.291916, 0.1, 0.1, 0.170105584, 0.183171587, -0.019968704, -1.74320458e-006, -0.822934485, 0.568136281, 1.33805654e-005, 0.568136281, 0.822934485, -1, 9.03652783e-006, 1.00209509e-005, -5.16136953e-006, -0.822934491, 0.568136272, 2.80324553e-005, 0.568136272, 0.822934491, -1, 2.01737236e-005, 2.0136513e-005, 0.150815259, -0.223140601, -0.114418896, 0, 0, -0, 0, 0, 0, 0, 0.203670703, -0.150108838, -0.0838833496, 0, 0, 0, 0, 0, 0, 0, 1, 1, 1, 
154.29262, 0.1, 0.1, 0.170105585, 0.183171584, -0.0199688453, -2.38954997e-006, -0.822934455, 0.568136324, 1.49370267e-005, 0.568136324, 0.822934455, -1, 1.04527105e-005, 1.09346038e-005, 3.27882512e-006, -0.822934461, 0.568136315, -1.26507054e-005, 0.568136315, 0.822934461, -1, -9.88558333e-006, -8.54788181e-006, 0.150815259, -0.223140601, -0.114418896, 0, 0, -0, 0, 0, 0, 0, 0.203670703, -0.150108838, -0.0838833496, 0, 0, 0, 0, 0, 0, 0, 1, 1, 1, 
154.293349, 0.1, 0.1, 0.170105585, 0.183171584, -0.0199689698, 5.26448758e-006, -0.822934428, 0.568136363, -3.04492737e-005, 0.568136363, 0.822934428, -1, -2.16316677e-005, -2.20668088e-005, 2.29009492e-006, -0.822934433, 0.568136356, -1.62905691e-005, 0.568136355, 0.822934433, -1, -1.11398625e-005, -1.2104984e-005, 0.15111394, -0.223646265, -0.112307788, 0, 0, -0, 0, 0, 0, 0, 0.203670703, -0.150108838, -0.0838833496, 0, 0, 0, 0, 0, 0, 0, 1, 1, 1, 
154.294053, 0.1, 0.1, 0.170105585, 0.183171585, -0.0199689655, -4.4988424e-006, -0.822934411, 0.568136388, 2.63475229e-005, 0.568136388, 0.822934411, -1, 1.86712387e-005, 1.91263272e-005, -4.24047402e-006, -0.822934414, 0.568136384, 2.7275528e-005, 0.568136384, 0.822934414, -1, 1.89858518e-005, 2.0036803e-005, 0.15111394, -0.223646265, -0.112307788, 0, 0, -0, 0, 0, 0, 0, 0.2040625, -0.150565332, -0.0829039551, 0, 0, 0, 0, 0, 0, 0, 1, 1, 1, 
154.294757, 0.1, 0.1, 0.170105585, 0.183171582, -0.019969041, 1.59510611e-006, -0.822934402, 0.568136401, -1.31803854e-005, 0.568136401, 0.822934402, -1, -8.80092439e-006, -9.94035469e-006, 3.88651086e-006, -0.822934403, 0.568136399, -2.80965399e-005, 0.568136399, 0.822934403, -1, -1.91610105e-005, -2.0913541e-005, 0.15111394, -0.223646265, -0.112307788, 0, 0, -0, 0, 0, 0, 0, 0.2040625, -0.150565332, -0.0829039551, 0, 0, 0, 0, 0, 0, 0, 1, 1, 1, 
154.295462, 0.1, 0.1, 0.170105585, 0.183171585, -0.0199691673, 3.26437718e-006, -0.822934394, 0.568136412, -1.4062426e-005, 0.568136412, 0.822934394, -1, -1.06757445e-005, -9.71784248e-006, -1.60817914e-006, -0.822934396, 0.56813641, 1.36351067e-005, 0.56813641, 0.822934396, -1, 9.07002647e-006, 1.03071331e-005, 0.15111394, -0.223646265, -0.112307788, 0, 0, -0, 0, 0, 0, 0, 0.2040625, -0.150565332, -0.0829039551, 0, 0, 0, 0, 0, 0, 0, 1, 1, 1, 
154.296176, 0.1, 0.1, 0.170105585, 0.183171584, -0.0199691865, -6.39863548e-006, -0.822934382, 0.56813643, 2.97979696e-005, 0.568136429, 0.822934382, -1, 2.21949692e-005, 2.08864758e-005, -4.11310631e-006, -0.822934385, 0.568136426, 1.70745631e-005, 0.568136426, 0.822934385, -1, 1.30854979e-005, 1.17144396e-005, 0.15111394, -0.223646265, -0.112307788, 0, 0, -0, 0, 0, 0, 0, 0.204136328, -0.150962012, -0.0824316895, 0, 0, 0, 0, 0, 0, 0, 1, 1, 1, 
154.296888, 0.1, 0.1, 0.170105586, 0.183171583, -0.0199690998, 5.93385475e-006, -0.822934364, 0.568136455, -2.56909539e-005, 0.568136455, 0.822934364, -1, -1.94791404e-005, -1.77707296e-005, 6.13116588e-006, -0.822934368, 0.56813645, -2.66767794e-005, 0.56813645, 0.822934368, -1, -2.02015979e-005, -1.84698998e-005, 0.15111394, -0.223646265, -0.112307788, 0, 0, -0, 0, 0, 0, 0, 0.204136328, -0.150962012, -0.0824316895, 0, 0, 0, 0, 0, 0, 0, 1, 1, 1, 
154.297597, 0.1, 0.1, 0.170105585, 0.183171586, -0.0199690189, -2.92682653e-006, -0.822934347, 0.56813648, 1.34449226e-005, 0.56813648, 0.822934347, -1, 1.00471371e-005, 9.40145168e-006, -5.78316564e-006, -0.82293435, 0.568136476, 2.84210331e-005, 0.568136476, 0.82293435, -1, 2.09061913e-005, 2.01030171e-005, 0.15111394, -0.223646265, -0.112307788, 0, 0, -0, 0, 0, 0, 0, 0.204136328, -0.150962012, -0.0824316895, 0, 0, 0, 0, 0, 0, 0, 1, 1, 1, 
154.298315, 0.1, 0.1, 0.170105586, 0.183171583, -0.019968897, -3.33378887e-006, -0.822934332, 0.568136503, 1.62995122e-005, 0.568136502, 0.822934332, -1, 1.20038372e-005, 1.1519381e-005, 2.16388292e-006, -0.822934335, 0.568136498, -1.14679325e-005, 0.568136498, 0.822934335, -1, -8.29608455e-006, -8.20797451e-006, 0.150944165, -0.223711304, -0.111457861, 0, 0, -0, 0, 0, 0, 0, 0.204136328, -0.150962012, -0.0824316895, 0, 0, 0, 0, 0, 0, 0, 1, 1, 1, 
154.299016, 0.1, 0.1, 0.170105586, 0.183171584, -0.0199688087, 5.9103968e-006, -0.822934315, 0.568136527, -2.8059812e-005, 0.568136526, 0.822934315, -1, -2.08056725e-005, -1.97334699e-005, 3.27513751e-006, -0.822934319, 0.568136522, -1.45352113e-005, 0.568136521, 0.822934319, -1, -1.09532074e-005, -1.01007989e-005, 0.150944165, -0.223711304, -0.111457861, 0, 0, -0, 0, 0, 0, 0, 0.204136328, -0.150962012, -0.0824316895, 0, 0, 0, 0, 0, 0, 0, 1, 1, 1, 
154.29973, 0.1, 0.1, 0.170105586, 0.183171585, -0.0199687632, -5.42691509e-006, -0.822934295, 0.568136556, 2.77004225e-005, 0.568136555, 0.822934295, -1, 2.02036172e-005, 1.97123988e-005, -5.88520997e-006, -0.822934299, 0.56813655, 2.89593034e-005, 0.568136549, 0.822934299, -1, 2.12959799e-005, 2.04880012e-005, 0.150944165, -0.223711304, -0.111457861, 0, 0, -0, 0, 0, 0, 0, 0.204136328, -0.150962012, -0.0824316895, 0, 0, 0, 0, 0, 0, 0, 1, 1, 1, 
154.300441, 0.1, 0.1, 0.170105587, 0.183171582, -0.0199687983, 2.44020281e-006, -0.822934272, 0.568136589, -1.35112392e-005, 0.568136589, 0.822934272, -1, -9.68435587e-006, -9.73249328e-006, 5.68359783e-006, -0.822934277, 0.568136582, -2.80618746e-005, 0.568136582, 0.822934277, -1, -2.0620205e-005, -1.98640186e-005, 0.150944165, -0.223711304, -0.111457861, 0, 0, -0, 0, 0, 0, 0, 0.204136328, -0.150962012, -0.0824316895, 0, 0, 0, 0, 0, 0, 0, 1, 1, 1, 
154.30117, 0.1, 0.1, 0.170105586, 0.183171585, -0.0199686283, 3.45265767e-006, -0.822934245, 0.568136628, -1.48368451e-005, 0.568136628, 0.822934245, -1, -1.12706654e-005, -1.02481667e-005, -2.15699088e-006, -0.822934251, 0.56813662, 1.35274486e-005, 0.56813662, 0.822934251, -1, 9.46050059e-006, 9.90673528e-006, 0.151294482, -0.224539795, -0.111037329, 0, 0, -0, 0, 0, 0, 0, 0.204487598, -0.151771729, -0.0820270508, 0, 0, 0, 0, 0, 0, 0, 1, 1, 1, 
154.301875, 0.1, 0.1, 0.170105587, 0.183171584, -0.0199685699, -5.97814634e-006, -0.822934218, 0.568136668, 2.72675895e-005, 0.568136667, 0.822934218, -1, 2.04113386e-005, 1.90430283e-005, -3.1157186e-006, -0.822934223, 0.56813666, 1.4235914e-005, 0.56813666, 0.822934223, -1, 1.06519761e-005, 9.94506689e-006, 0.151294482, -0.224539795, -0.111037329, 0, 0, -0, 0, 0, 0, 0, 0.204487598, -0.151771729, -0.0820270508, 0, 0, 0, 0, 0, 0, 0, 1, 1, 1, 
154.302578, 0.1, 0.1, 0.170105587, 0.183171582, -0.0199687259, 5.76693952e-006, -0.822934192, 0.568136706, -2.96128211e-005, 0.568136705, 0.822934191, -1, -2.15699423e-005, -2.1092993e-005, 5.76832055e-006, -0.822934196, 0.568136699, -3.05944483e-005, 0.568136698, 0.822934196, -1, -2.21287771e-005, -2.19000231e-005, 0.151294482, -0.224539795, -0.111037329, 0, 0, -0, 0, 0, 0, 0, 0.204487598, -0.151771729, -0.0820270508, 0, 0, 0, 0, 0, 0, 0, 1, 1, 1, 
154.303282, 0.1, 0.1, 0.170105587, 0.183171584, -0.0199690293, -1.8437032e-006, -0.822934167, 0.568136741, 1.11248246e-005, 0.568136741, 0.822934167, -1, 7.83766795e-006, 8.10752272e-006, -4.97130292e-006, -0.822934172, 0.568136734, 2.55822162e-005, 0.568136734, 0.822934172, -1, 1.86252518e-005, 1.82281001e-005, 0.151294482, -0.224539795, -0.111037329, 0, 0, -0, 0, 0, 0, 0, 0.204487598, -0.151771729, -0.0820270508, 0, 0, 0, 0, 0, 0, 0, 1, 1, 1, 
154.303983, 0.1, 0.1, 0.170105587, 0.183171581, -0.0199693959, -3.21814157e-006, -0.82293414, 0.56813678, 1.30604327e-005, 0.56813678, 0.82293414, -1, 1.00684307e-005, 8.91953135e-006, 2.22698789e-006, -0.822934146, 0.568136772, -1.42238405e-005, 0.568136772, 0.822934146, -1, -9.9137512e-006, -1.04400503e-005, 0.151294482, -0.224539795, -0.111037329, 0, 0, -0, 0, 0, 0, 0, 0.204487598, -0.151771729, -0.0820270508, 0, 0, 0, 0, 0, 0, 0, 1, 1, 1, 
154.304682, 0.1, 0.1, 0.170105587, 0.183171582, -0.0199697328, 5.42699406e-006, -0.822934112, 0.568136821, -2.74306986e-005, 0.568136821, 0.822934112, -1, -2.00504485e-005, -1.94903825e-005, 2.77541874e-006, -0.822934117, 0.568136813, -1.49061557e-005, 0.568136813, 0.822934117, -1, -1.07527225e-005, -1.06899665e-005, 0.151294482, -0.224539795, -0.111037329, 0, 0, -0, 0, 0, 0, 0, 0.204487598, -0.151771729, -0.0820270508, 0, 0, 0, 0, 0, 0, 0, 1, 1, 1, 
154.305389, 0.1, 0.1, 0.170105587, 0.183171583, -0.0199699229, -5.57713281e-006, -0.822934083, 0.568136863, 2.73254164e-005, 0.568136862, 0.822934083, -1, 2.0114189e-005, 1.93184418e-005, -5.86240511e-006, -0.822934089, 0.568136855, 2.82042677e-005, 0.568136854, 0.822934089, -1, 2.0848257e-005, 1.9879605e-005, 0.151294482, -0.224539795, -0.111037329, 0, 0, -0, 0, 0, 0, 0, 0.204487598, -0.151771729, -0.0820270508, 0, 0, 0, 0, 0, 0, 0, 1, 1, 1, 
154.306118, 0.1, 0.1, 0.170105588, 0.18317158, -0.0199696022, 2.87296192e-006, -0.822934053, 0.568136907, -1.27865119e-005, 0.568136907, 0.822934052, -1, -9.6287475e-006, -8.89022033e-006, 5.95085171e-006, -0.822934058, 0.568136899, -2.74651936e-005, 0.568136898, 0.822934058, -1, -2.05011484e-005, -1.92211448e-005, 0.151412646, -0.224722241, -0.110711255, 0, 0, -0, 0, 0, 0, 0, 0.204615869, -0.152388232, -0.0814257812, 0, 0, 0, 0, 0, 0, 0, 1, 1, 1, 
154.306821, 0.1, 0.1, 0.170105587, 0.183171583, -0.0199691283, 2.95861805e-006, -0.822934023, 0.56813695, -1.40116787e-005, 0.56813695, 0.822934023, -1, -1.03952998e-005, -9.84978685e-006, -2.33007754e-006, -0.822934029, 0.568136942, 1.35769838e-005, 0.568136942, 0.822934029, -1, 9.63108616e-006, 9.84915886e-006, 0.151412646, -0.224722241, -0.110711255, 0, 0, -0, 0, 0, 0, 0, 0.204615869, -0.152388232, -0.0814257812, 0, 0, 0, 0, 0, 0, 0, 1, 1, 1, 
154.307533, 0.1, 0.1, 0.170105587, 0.183171582, -0.0199687025, -6.92024502e-006, -0.822933991, 0.568136996, 3.12739683e-005, 0.568136996, 0.822933991, -0.999999999, 2.34628033e-005, 2.18047644e-005, -4.29955909e-006, -0.822933997, 0.568136987, 1.80223849e-005, 0.568136987, 0.822933997, -1, 1.37774368e-005, 1.23884947e-005, 0.151412646, -0.224722241, -0.110711255, 0, 0, -0, 0, 0, 0, 0, 0.204615869, -0.152388232, -0.0814257812, 0, 0, 0, 0, 0, 0, 0, 1, 1, 1, 
154.308238, 0.1, 0.1, 0.170105588, 0.183171581, -0.0199683932, 5.91344931e-006, -0.822933958, 0.568137044, -2.57392832e-005, 0.568137044, 0.822933957, -1, -1.94898185e-005, -1.78220806e-005, 5.90468423e-006, -0.822933964, 0.568137035, -2.67082332e-005, 0.568137035, 0.822933964, -1, -2.00331016e-005, -1.86244424e-005, 0.151412646, -0.224722241, -0.110711255, 0, 0, -0, 0, 0, 0, 0, 0.204615869, -0.152388232, -0.0814257812, 0, 0, 0, 0, 0, 0, 0, 1, 1, 1, 
154.30895, 0.1, 0.1, 0.170105587, 0.183171585, -0.0199682523, -4.0835209e-006, -0.822933929, 0.568137086, 1.55555392e-005, 0.568137086, 0.822933929, -1, 1.21981466e-005, 1.04811813e-005, -6.43833946e-006, -0.822933933, 0.56813708, 3.10177862e-005, 0.568137079, 0.822933933, -0.999999999, 2.29206825e-005, 2.18677295e-005, 0.151412646, -0.224722241, -0.110711255, 0, 0, -0, 0, 0, 0, 0, 0.205235547, -0.153064551, -0.0804458984, 0, 0, 0, 0, 0, 0, 0, 1, 1, 1, 
154.309653, 0.1, 0.1, 0.170105588, 0.183171582, -0.0199684156, -2.67041488e-006, -0.822933911, 0.568137112, 1.60169333e-005, 0.568137112, 0.822933911, -1, 1.12973892e-005, 1.16637158e-005, 1.69650475e-006, -0.822933914, 0.568137108, -1.21777997e-005, 0.568137108, 0.822933914, -1, -8.31477121e-006, -9.05767709e-006, 0.151412646, -0.224722241, -0.110711255, 0, 0, -0, 0, 0, 0, 0, 0.205235547, -0.153064551, -0.0804458984, 0, 0, 0, 0, 0, 0, 0, 1, 1, 1, 
154.310357, 0.1, 0.1, 0.170105588, 0.183171583, -0.0199688172, 5.13760667e-006, -0.822933898, 0.568137131, -2.93035908e-005, 0.568137131, 0.822933897, -1, -2.08763687e-005, -2.11960531e-005, 3.17751279e-006, -0.8229339, 0.568137127, -1.54677561e-005, 0.568137127, 0.8229339, -1, -1.14026895e-005, -1.09236779e-005, 0.151412646, -0.224722241, -0.110711255, 0, 0, -0, 0, 0, 0, 0, 0.205235547, -0.153064551, -0.0804458984, 0, 0, 0, 0, 0, 0, 0, 1, 1, 1, 
154.311077, 0.1, 0.1, 0.170105588, 0.183171584, -0.0199691501, -4.68910339e-006, -0.822933885, 0.568137149, 2.62932609e-005, 0.568137149, 0.822933885, -1, 1.87970004e-005, 1.89735615e-005, -4.72610738e-006, -0.822933887, 0.568137146, 2.76242953e-005, 0.568137146, 0.822933887, -1, 1.95836622e-005, 2.00478915e-005, 0.151535083, -0.225130127, -0.10947356, 0, 0, -0, 0, 0, 0, 0, 0.205235547, -0.153064551, -0.0804458984, 0, 0, 0, 0, 0, 0, 0, 1, 1, 1, 
154.311826, 0.1, 0.1, 0.170105589, 0.183171579, -0.0199689533, 4.43936785e-006, -0.82293388, 0.568137157, -2.15259786e-005, 0.568137157, 0.82293388, -1, -1.58830145e-005, -1.51922873e-005, 6.31479016e-006, -0.82293388, 0.568137157, -3.678746e-005, 0.568137156, 0.82293388, -0.999999999, -2.60969777e-005, -2.66859803e-005, 0.151535083, -0.225130127, -0.10947356, 0, 0, -0, 0, 0, 0, 0, 0.205235547, -0.153064551, -0.0804458984, 0, 0, 0, 0, 0, 0, 0, 1, 1, 1, 
154.312532, 0.1, 0.1, 0.170105589, 0.18317158, -0.0199687186, 5.13380339e-006, -0.822933881, 0.568137156, -2.0627935e-005, 0.568137156, 0.822933881, -1, -1.5944277e-005, -1.40587221e-005, 3.80617555e-007, -0.822933881, 0.568137156, 6.56445616e-006, 0.568137156, 0.822933881, -1, 3.41628837e-006, 5.61835636e-006, 0.151535083, -0.225130127, -0.10947356, 0, 0, -0, 0, 0, 0, 0, 0.205235547, -0.153064551, -0.0804458984, 0, 0, 0, 0, 0, 0, 0, 1, 1, 1, 
154.313268, 0.1, 0.1, 0.170105589, 0.183171579, -0.0199684973, -6.47660295e-006, -0.822933875, 0.568137164, 3.10218056e-005, 0.568137163, 0.822933875, -0.999999999, 2.29544566e-005, 2.18492958e-005, -3.64855832e-006, -0.822933877, 0.568137161, 1.5621422e-005, 0.568137161, 0.822933877, -1, 1.18776326e-005, 1.07825158e-005, 0.152458081, -0.225064331, -0.107887769, 0, 0, -0, 0, 0, 0, 0, 0.205235547, -0.153064551, -0.0804458984, 0, 0, 0, 0, 0, 0, 0, 1, 1, 1, 
154.313973, 0.1, 0.1, 0.170105589, 0.183171578, -0.0199682422, 5.54155494e-006, -0.822933864, 0.568137179, -2.33520672e-005, 0.568137179, 0.822933864, -1, -1.78275108e-005, -1.60688435e-005, 5.80421666e-006, -0.822933867, 0.568137176, -2.47632044e-005, 0.568137176, 0.822933867, -1, -1.88453835e-005, -1.70808883e-005, 0.152458081, -0.225064331, -0.107887769, 0, 0, -0, 0, 0, 0, 0, 0.205652734, -0.153652393, -0.0793257812, 0, 0, 0, 0, 0, 0, 0, 1, 1, 1, 
154.314683, 0.1, 0.1, 0.170105589, 0.183171582, -0.0199682303, -3.60887847e-006, -0.822933853, 0.568137196, 1.91836377e-005, 0.568137196, 0.822933853, -1, 1.38688064e-005, 1.37365268e-005, -6.646913e-006, -0.822933855, 0.568137193, 3.43680283e-005, 0.568137192, 0.822933855, -0.999999999, 2.49957249e-005, 2.45062556e-005, 0.152458081, -0.225064331, -0.107887769, 0, 0, -0, 0, 0, 0, 0, 0.205652734, -0.153652393, -0.0793257812, 0, 0, 0, 0, 0, 0, 0, 1, 1, 1, 
154.315385, 0.1, 0.1, 0.170105589, 0.18317158, -0.0199684963, -3.42630439e-006, -0.822933842, 0.568137212, 1.88616518e-005, 0.568137212, 0.822933842, -1, 1.35356281e-005, 1.35752805e-005, 2.01928551e-006, -0.822933844, 0.568137209, -8.67112895e-006, 0.568137209, 0.822933844, -1, -6.58812938e-006, -5.98853425e-006, 0.152458081, -0.225064331, -0.107887769, 0, 0, -0, 0, 0, 0, 0, 0.205652734, -0.153652393, -0.0793257812, 0, 0, 0, 0, 0, 0, 0, 1, 1, 1, 
154.316092, 0.1, 0.1, 0.170105589, 0.183171582, -0.0199689658, 5.30979438e-006, -0.822933832, 0.568137226, -2.6653985e-005, 0.568137226, 0.822933832, -1, -1.95127305e-005, -1.89177741e-005, 2.27723298e-006, -0.822933834, 0.568137224, -1.31725265e-005, 0.568137224, 0.822933834, -1, -9.35781471e-006, -9.54633693e-006, 0.152458081, -0.225064331, -0.107887769, 0, 0, -0, 0, 0, 0, 0, 0.205652734, -0.153652393, -0.0793257812, 0, 0, 0, 0, 0, 0, 0, 1, 1, 1, 
154.316796, 0.1, 0.1, 0.170105589, 0.183171583, -0.019969467, -5.14603956e-006, -0.822933825, 0.568137237, 2.59662174e-005, 0.568137237, 0.822933824, -1, 1.8987225e-005, 1.84448219e-005, -5.2943703e-006, -0.822933826, 0.568137235, 2.73221115e-005, 0.568137235, 0.822933826, -1, 1.98796253e-005, 1.94763608e-005, 0.152458081, -0.225064331, -0.107887769, 0, 0, -0, 0, 0, 0, 0, 0.205652734, -0.153652393, -0.0793257812, 0, 0, 0, 0, 0, 0, 0, 1, 1, 1, 
154.31751, 0.1, 0.1, 0.17010559, 0.18317158, -0.0199698083, 2.23611338e-006, -0.822933816, 0.56813725, -1.52136823e-005, 0.56813725, 0.822933816, -1, -1.04836329e-005, -1.12494343e-005, 5.42389113e-006, -0.822933818, 0.568137247, -2.9210359e-005, 0.568137246, 0.822933818, -1, -2.10589964e-005, -2.09566777e-005, 0.152458081, -0.225064331, -0.107887769, 0, 0, -0, 0, 0, 0, 0, 0.205652734, -0.153652393, -0.0793257812, 0, 0, 0, 0, 0, 0, 0, 1, 1, 1, 
154.318228, 0.1, 0.1, 0.170105589, 0.183171581, -0.0199698447, 3.67225008e-006, -0.822933803, 0.568137269, -1.99906461e-005, 0.568137269, 0.822933803, -1, -1.43794498e-005, -1.43646363e-005, -2.29548218e-006, -0.822933806, 0.568137264, 9.33467651e-006, 0.568137264, 0.822933806, -1, 7.19240746e-006, 6.3776719e-006, 0.152458081, -0.225064331, -0.107887769, 0, 0, -0, 0, 0, 0, 0, 0.205652734, -0.153652393, -0.0793257812, 0, 0, 0, 0, 0, 0, 0, 1, 1, 1, 
154.318946, 0.1, 0.1, 0.17010559, 0.183171579, -0.019969413, -5.26355552e-006, -0.822933787, 0.568137292, 2.36159167e-005, 0.568137291, 0.822933787, -1, 1.77486406e-005, 1.64439136e-005, -2.68633406e-006, -0.82293379, 0.568137287, 1.04086697e-005, 0.568137287, 0.82293379, -1, 8.12422844e-006, 7.03943948e-006, 0.152765308, -0.224666772, -0.106241553, 0, 0, -0, 0, 0, 0, 0, 0.206281201, -0.154203613, -0.078398877, 0, 0, 0, 0, 0, 0, 0, 1, 1, 1, 
154.319651, 0.1, 0.1, 0.17010559, 0.183171577, -0.0199689159, 5.84049266e-006, -0.822933769, 0.568137318, -2.98543843e-005, 0.568137317, 0.822933769, -1, -2.17677285e-005, -2.12499792e-005, 6.27240787e-006, -0.822933773, 0.568137312, -3.14386224e-005, 0.568137312, 0.822933772, -0.999999999, -2.30232307e-005, -2.23083152e-005, 0.152765308, -0.224666772, -0.106241553, 0, 0, -0, 0, 0, 0, 0, 0.206281201, -0.154203613, -0.078398877, 0, 0, 0, 0, 0, 0, 0, 1, 1, 1, 
154.320356, 0.1, 0.1, 0.17010559, 0.18317158, -0.0199685302, -2.09004666e-006, -0.822933749, 0.568137347, 1.29477164e-005, 0.568137347, 0.822933749, -1, 9.07605118e-006, 9.46767923e-006, -5.34565353e-006, -0.822933753, 0.568137341, 2.74244547e-005, 0.568137341, 0.822933753, -1, 1.99799755e-005, 1.9531444e-005, 0.152765308, -0.224666772, -0.106241553, 0, 0, -0, 0, 0, 0, 0, 0.206281201, -0.154203613, -0.078398877, 0, 0, 0, 0, 0, 0, 0, 1, 1, 1, 
154.321072, 0.1, 0.1, 0.17010559, 0.183171577, -0.019968308, -3.90800355e-006, -0.822933725, 0.568137382, 1.83944767e-005, 0.568137382, 0.822933724, -1, 1.36666177e-005, 1.29171523e-005, 1.95957908e-006, -0.82293373, 0.568137375, -1.01539486e-005, 0.568137375, 0.82293373, -1, -7.38144141e-006, -7.24271667e-006, 0.153547461, -0.224906348, -0.104821997, 0, 0, -0, 0, 0, 0, 0, 0.206281201, -0.154203613, -0.078398877, 0, 0, 0, 0, 0, 0, 0, 1, 1, 1, 
