time, realDorsalTactorPos, realVentralTactorPos, boxPosX, boxPosY, boxPosZ, boxLocalRot_11, boxLocalRot_12, boxLocalRot_13, boxLocalRot_21, boxLocalRot_22, boxLocalRot_23, boxLocalRot_31, boxLocalRot_32, boxLocalRot_33, boxGlobalRot_11, boxGlobalRot_12, boxGlobalRot_13], boxGlobalRot_21, boxGlobalRot_22, boxGlobalRot_23, boxGlobalRot_31, boxGlobalRot_32, boxGlobalRot_33, indexPosX, indexPosY, indexPosZ, indexContact, indexForceX, indexForceY, indexForceZ, indexForceGlobalX, indexForceGlobalY, indexForceGlobalZ, thumbPosX, thumbPosY, thumbPosZ, thumbContact, thumbForceX, thumbForceY, thumbForceZ, thumbForceGlobalX, thumbForceGlobalY, thumbForceGlobalZ, hoopSuccess, targetSuccess, trialSuccess, 
204.741142, 0.1, 0.1, 0.114694215, 0.17679375, -0.0199708068, 0.874191264, -0.485581748, 8.36077933e-006, 0.485581748, 0.874191264, -2.56704449e-006, -6.06241029e-006, 6.30392971e-006, 1, 0.874191276, -0.485581726, -2.18893656e-005, 0.485581727, 0.874191276, 7.38840592e-006, 1.55478176e-005, -1.7087956e-005, 1, 0.100415308, -0.00529855957, -0.146306079, 0, 0, 0, 0, 0, 0, 0, 0.161866064, 0.0437299805, -0.100117383, 0, 0, 0, 0, 0, 0, 0, 1, 1, 1, 
204.764321, 0.1, 0.1, 0.114693812, 0.176793483, -0.0199524766, 0.874186225, -0.485590818, -3.26827477e-005, 0.485590816, 0.874186212, 0.000162534542, -5.03544738e-005, -0.0001579559, 0.999999986, 0.874186227, -0.485590815, -2.29665607e-005, 0.485590811, 0.87418621, 0.000184104097, -6.93222077e-005, -0.000172093616, 0.999999983, 0.105302612, -0.0229782227, -0.143675415, 0, 0, 0, 0, 0, 0, 0, 0.165566797, 0.0256599121, -0.0993907715, 0, 0, 0, 0, 0, 0, 0, 1, 1, 1, 
204.765026, 0.1, 0.1, 0.11469381, 0.176793482, -0.0199463836, 0.874185986, -0.485591249, 1.17737708e-005, 0.485591246, 0.874185979, -0.000128898121, 5.22993344e-005, 0.000118398171, 0.999999992, 0.874186098, -0.485591048, -2.460659e-005, 0.485591044, 0.874186096, -8.40847303e-005, 6.23415312e-005, 6.15569625e-005, 0.999999996, 0.105302612, -0.0229782227, -0.143675415, 0, 0, 0, 0, 0, 0, 0, 0.166212207, 0.0228104492, -0.0992856934, 0, 0, 0, 0, 0, 0, 0, 1, 1, 1, 
204.76573, 0.1, 0.1, 0.114693783, 0.176793502, -0.0199476809, 0.87418513, -0.485592785, 7.39794092e-005, 0.48559279, 0.874185128, -6.46993339e-005, -3.32541695e-005, 9.24830633e-005, 0.999999995, 0.874185324, -0.485592431, 0.000103783019, 0.48559244, 0.874185319, -9.78826508e-005, -4.31945176e-005, 0.000135963826, 0.99999999, 0.105302612, -0.0229782227, -0.143675415, 0, 0, 0, 0, 0, 0, 0, 0.166212207, 0.0228104492, -0.0992856934, 0, 0, 0, 0, 0, 0, 0, 1, 1, 1, 
204.766435, 0.1, 0.1, 0.114693788, 0.176793489, -0.019955329, 0.874184155, -0.48559453, -0.000125764909, 0.485594542, 0.874184151, 0.000101020476, 6.08867e-005, -0.000149381253, 0.999999987, 0.874184318, -0.485594237, -0.000121317581, 0.485594248, 0.874184316, 8.3606315e-005, 6.54551819e-005, -0.000131998449, 0.999999989, 0.105302612, -0.0229782227, -0.143675415, 0, 0, 0, 0, 0, 0, 0, 0.166212207, 0.0228104492, -0.0992856934, 0, 0, 0, 0, 0, 0, 0, 1, 1, 1, 
204.76715, 0.1, 0.1, 0.114693785, 0.176793468, -0.0199664587, 0.87418355, -0.485595632, 4.87673604e-005, 0.485595631, 0.874183551, 4.31882232e-005, -6.36036368e-005, -1.40732171e-005, 0.999999998, 0.874183617, -0.485595515, 1.22901699e-005, 0.485595513, 0.874183614, 8.04243245e-005, -4.97975564e-005, -6.43375755e-005, 0.999999997, 0.106015063, -0.0257668457, -0.143396362, 0, 0, 0, 0, 0, 0, 0, 0.166212207, 0.0228104492, -0.0992856934, 0, 0, 0, 0, 0, 0, 0, 1, 1, 1, 
204.76786, 0.1, 0.1, 0.114693758, 0.176793483, -0.0199772309, 0.874183621, -0.485595503, 7.16674123e-005, 0.485595508, 0.874183609, -0.000142658887, 6.62403689e-006, 0.000159511436, 0.999999987, 0.874183564, -0.485595601, 8.96511681e-005, 0.485595609, 0.874183556, -0.000119957831, -2.01205821e-005, 0.000148399378, 0.999999989, 0.106015063, -0.0257668457, -0.143396362, 0, 0, 0, 0, 0, 0, 0, 0.166212207, 0.0228104492, -0.0992856934, 0, 0, 0, 0, 0, 0, 0, 1, 1, 1, 
204.768565, 0.1, 0.1, 0.114693745, 0.176793507, -0.0199847456, 0.87418404, -0.485594754, -4.94692226e-006, 0.485594751, 0.874184035, -0.000100999426, 5.33693118e-005, 8.58898866e-005, 0.999999995, 0.874183935, -0.485594942, 8.35823665e-006, 0.485594939, 0.874183928, -0.000126655545, 5.41966557e-005, 0.00011477896, 0.999999992, 0.106015063, -0.0257668457, -0.143396362, 0, 0, 0, 0, 0, 0, 0, 0.166212207, 0.0228104492, -0.0992856934, 0, 0, 0, 0, 0, 0, 0, 1, 1, 1, 
204.769282, 0.1, 0.1, 0.114693743, 0.176793501, -0.0199870918, 0.874184775, -0.485593429, -3.14810422e-005, 0.48559343, 0.874184771, 8.60845389e-005, -1.42818388e-005, -9.05407805e-005, 0.999999996, 0.874184579, -0.485593781, -3.6115921e-005, 0.485593782, 0.874184578, 4.95820326e-005, 7.49525449e-006, -6.0881515e-005, 0.999999998, 0.106015063, -0.0257668457, -0.143396362, 0, 0, 0, 0, 0, 0, 0, 0.166212207, 0.0228104492, -0.0992856934, 0, 0, 0, 0, 0, 0, 0, 1, 1, 1, 
204.769999, 0.1, 0.1, 0.114693739, 0.176793472, -0.019983838, 0.874185616, -0.485591916, -1.43438029e-005, 0.485591914, 0.874185608, 0.000127805365, -4.95221059e-005, -0.000118690846, 0.999999992, 0.874185455, -0.485592205, -1.71041168e-005, 0.485592202, 0.874185446, 0.00013755407, -5.18430139e-005, -0.000128553393, 0.99999999, 0.106968457, -0.0288025146, -0.142990991, 0, 0, 0, 0, 0, 0, 0, 0.166923291, 0.0195896973, -0.0991718262, 0, 0, 0, 0, 0, 0, 0, 1, 1, 1, 
204.770707, 0.1, 0.1, 0.114693734, 0.176793461, -0.0199765551, 0.874186413, -0.485590481, -7.0103849e-006, 0.48559048, 0.874186412, -4.67257225e-005, 2.88179493e-005, 3.74428156e-005, 0.999999999, 0.874186278, -0.485590724, -1.47390852e-005, 0.485590724, 0.874186278, -8.93123327e-007, 1.33183985e-005, -6.37640691e-006, 1, 0.106968457, -0.0288025146, -0.142990991, 0, 0, 0, 0, 0, 0, 0, 0.166923291, 0.0195896973, -0.0991718262, 0, 0, 0, 0, 0, 0, 0, 1, 1, 1, 
204.771421, 0.1, 0.1, 0.11469372, 0.176793476, -0.0199677447, 0.874186893, -0.485589613, 5.98590023e-005, 0.485589617, 0.874186891, -6.52100643e-005, -2.06626252e-005, 8.60726934e-005, 0.999999996, 0.874186818, -0.485589749, 4.30880526e-005, 0.485589751, 0.874186814, -9.10167019e-005, 6.52977002e-006, 0.000100488718, 0.999999995, 0.106968457, -0.0288025146, -0.142990991, 0, 0, 0, 0, 0, 0, 0, 0.166923291, 0.0195896973, -0.0991718262, 0, 0, 0, 0, 0, 0, 0, 1, 1, 1, 
204.772144, 0.1, 0.1, 0.114693712, 0.176793467, -0.019960094, 0.874186929, -0.485589549, -6.02878342e-005, 0.485589552, 0.874186927, 5.4916697e-005, 2.60358625e-005, -7.72826011e-005, 0.999999997, 0.874186974, -0.485589471, -2.05407419e-005, 0.485589471, 0.874186972, 5.5191068e-005, -8.84375253e-006, -5.82216807e-005, 0.999999998, 0.106968457, -0.0288025146, -0.142990991, 0, 0, 0, 0, 0, 0, 0, 0.166923291, 0.0195896973, -0.0991718262, 0, 0, 0, 0, 0, 0, 0, 1, 1, 1, 
204.772853, 0.1, 0.1, 0.114693713, 0.176793462, -0.0199556916, 0.874186616, -0.485590113, 4.05558574e-005, 0.485590115, 0.874186616, -3.68250878e-005, -1.75714892e-005, 5.18855223e-005, 0.999999998, 0.874186693, -0.485589977, -1.66068359e-005, 0.485589977, 0.874186693, -8.22762127e-006, 1.85127254e-005, -8.71636042e-007, 1, 0.106968457, -0.0288025146, -0.142990991, 0, 0, 0, 0, 0, 0, 0, 0.167589941, 0.0167753906, -0.0988266602, 0, 0, 0, 0, 0, 0, 0, 1, 1, 1, 
204.773561, 0.1, 0.1, 0.114693693, 0.176793472, -0.0199556502, 0.874186336, -0.485590619, 1.64091485e-005, 0.485590619, 0.874186334, -6.15095459e-005, 1.55238051e-005, 6.17389331e-005, 0.999999998, 0.874186384, -0.48559053, 6.03519974e-005, 0.485590533, 0.874186381, -7.1964455e-005, -1.78136364e-005, 9.22167052e-005, 0.999999996, 0.106968457, -0.0288025146, -0.142990991, 0, 0, 0, 0, 0, 0, 0, 0.167589941, 0.0167753906, -0.0988266602, 0, 0, 0, 0, 0, 0, 0, 1, 1, 1, 
204.774273, 0.1, 0.1, 0.114693695, 0.176793459, -0.0199596848, 0.874186499, -0.485590326, -2.476049e-005, 0.485590326, 0.874186493, 0.000105917597, -2.97872748e-005, -0.000104615188, 0.999999994, 0.874186421, -0.485590463, -5.13614418e-005, 0.485590466, 0.874186417, 8.30406519e-005, 4.5757262e-006, -9.75336367e-005, 0.999999995, 0.106968457, -0.0288025146, -0.142990991, 0, 0, 0, 0, 0, 0, 0, 0.167589941, 0.0167753906, -0.0988266602, 0, 0, 0, 0, 0, 0, 0, 1, 1, 1, 
204.774991, 0.1, 0.1, 0.114693684, 0.176793445, -0.0199661845, 0.874187065, -0.485589307, 2.48196069e-005, 0.485589308, 0.874187065, -2.10329035e-005, -1.14836262e-005, 3.04388279e-005, 0.999999999, 0.87418692, -0.485589568, 3.3488406e-005, 0.485589567, 0.87418692, 1.85907749e-005, -3.83026128e-005, 9.80834379e-009, 0.999999999, 0.107727661, -0.0315932129, -0.142139746, 0, 0, 0, 0, 0, 0, 0, 0.167589941, 0.0167753906, -0.0988266602, 0, 0, 0, 0, 0, 0, 0, 1, 1, 1, 
204.775691, 0.1, 0.1, 0.114693683, 0.176793455, -0.0199730156, 0.87418793, -0.485587748, -4.25045553e-005, 0.485587746, 0.874187931, -4.80285295e-005, 6.04790347e-005, 2.13462696e-005, 0.999999998, 0.874187758, -0.485588058, -3.88886173e-005, 0.485588054, 0.874187758, -6.77040872e-005, 6.68722494e-005, 4.03022362e-005, 0.999999997, 0.107727661, -0.0315932129, -0.142139746, 0, 0, 0, 0, 0, 0, 0, 0.167589941, 0.0167753906, -0.0988266602, 0, 0, 0, 0, 0, 0, 0, 1, 1, 1, 
204.776398, 0.1, 0.1, 0.114693679, 0.176793447, -0.0199783998, 0.874188952, -0.485585909, 2.43145409e-005, 0.485585908, 0.874188952, 4.62272144e-005, -4.3702787e-005, -2.86045217e-005, 0.999999999, 0.874188733, -0.485586305, 9.17299637e-006, 0.485586304, 0.874188732, 4.46572032e-005, -2.97038564e-005, -3.45845425e-005, 0.999999999, 0.107727661, -0.0315932129, -0.142139746, 0, 0, 0, 0, 0, 0, 0, 0.167589941, 0.0167753906, -0.0988266602, 0, 0, 0, 0, 0, 0, 0, 1, 1, 1, 
204.777113, 0.1, 0.1, 0.114693666, 0.176793441, -0.0199807014, 0.874190106, -0.485583833, 8.2248949e-006, 0.485583833, 0.874190106, -1.16981295e-005, -1.50969918e-006, 1.42202651e-005, 1, 0.874189852, -0.485584288, 2.89532336e-005, 0.485584289, 0.874189853, -2.40440049e-006, -2.41430839e-005, 1.61611379e-005, 1, 0.107727661, -0.0315932129, -0.142139746, 0, 0, 0, 0, 0, 0, 0, 0.167589941, 0.0167753906, -0.0988266602, 0, 0, 0, 0, 0, 0, 0, 1, 1, 1, 
204.777832, 0.1, 0.1, 0.114693669, 0.176793441, -0.0199792019, 0.874191313, -0.485581657, -5.16380359e-005, 0.485581657, 0.874191314, -1.57347486e-005, 5.27820278e-005, -1.13193025e-005, 0.999999999, 0.874191088, -0.485582061, -5.88009098e-005, 0.485582062, 0.87419109, -1.35078771e-005, 5.79624142e-005, -1.67442013e-005, 0.999999998, 0.108537646, -0.0345772461, -0.141511743, 0, 0, 0, 0, 0, 0, 0, 0.168311279, 0.0137678711, -0.0983, 0, 0, 0, 0, 0, 0, 0, 1, 1, 1, 
204.77854, 0.1, 0.1, 0.114693663, 0.176793438, -0.0199748582, 0.874192266, -0.485579944, 2.39879817e-005, 0.485579944, 0.874192266, 2.53298545e-005, -3.32697774e-005, -1.04950801e-005, 0.999999999, 0.874192098, -0.485580246, 1.74182469e-005, 0.485580245, 0.874192098, 1.91916534e-005, -2.45459816e-005, -8.31923519e-006, 1, 0.108537646, -0.0345772461, -0.141511743, 0, 0, 0, 0, 0, 0, 0, 0.168311279, 0.0137678711, -0.0983, 0, 0, 0, 0, 0, 0, 0, 1, 1, 1, 
204.779243, 0.1, 0.1, 0.114693657, 0.176793435, -0.0199691819, 0.874193126, -0.485578395, -3.61557095e-005, 0.485578395, 0.874193126, -1.35772439e-005, 3.8199889e-005, -5.68729805e-006, 0.999999999, 0.874192941, -0.485578728, -1.55052527e-005, 0.485578728, 0.874192941, -1.85418278e-005, 2.25580996e-005, 8.68011415e-006, 1, 0.108537646, -0.0345772461, -0.141511743, 0, 0, 0, 0, 0, 0, 0, 0.168311279, 0.0137678711, -0.0983, 0, 0, 0, 0, 0, 0, 0, 1, 1, 1, 
204.779943, 0.1, 0.1, 0.114693652, 0.176793434, -0.0199639974, 0.874193944, -0.485576921, 2.77254043e-005, 0.485576922, 0.874193945, 3.88688978e-006, -2.61247645e-005, 1.0064921e-005, 1, 0.874193808, -0.485577167, 1.71203279e-005, 0.485577168, 0.874193808, -9.91418549e-006, -1.01523825e-005, 1.69801599e-005, 1, 0.108537646, -0.0345772461, -0.141511743, 0, 0, 0, 0, 0, 0, 0, 0.168311279, 0.0137678711, -0.0983, 0, 0, 0, 0, 0, 0, 0, 1, 1, 1, 
204.780647, 0.1, 0.1, 0.114693645, 0.176793431, -0.0199607367, 0.874194456, -0.485576002, 4.3211517e-006, 0.485576002, 0.874194456, -1.62753257e-005, 4.12538072e-006, 1.63260471e-005, 1, 0.874194375, -0.485576146, -2.02359906e-006, 0.485576146, 0.874194375, -1.39498697e-005, 8.54274291e-006, 1.12122862e-005, 1, 0.108537646, -0.0345772461, -0.141511743, 0, 0, 0, 0, 0, 0, 0, 0.168311279, 0.0137678711, -0.0983, 0, 0, 0, 0, 0, 0, 0, 1, 1, 1, 
204.781362, 0.1, 0.1, 0.11469364, 0.176793427, -0.0199601764, 0.874194721, -0.485575523, -1.66774528e-005, 0.485575523, 0.874194722, -1.89953146e-005, 2.3803001e-005, 8.5074409e-006, 1, 0.874194691, -0.485575579, -1.88923023e-005, 0.485575579, 0.874194691, 2.24743123e-006, 1.54242527e-005, -1.11383331e-005, 1, 0.108537646, -0.0345772461, -0.141511743, 0, 0, 0, 0, 0, 0, 0, 0.168311279, 0.0137678711, -0.0983, 0, 0, 0, 0, 0, 0, 0, 1, 1, 1, 
204.782069, 0.1, 0.1, 0.114693631, 0.176793421, -0.0199622234, 0.874194809, -0.485575365, 3.31776288e-005, 0.485575364, 0.874194809, 3.29867559e-005, -4.50212669e-005, -1.27266115e-005, 0.999999999, 0.87419479, -0.485575399, 2.89263141e-005, 0.485575398, 0.87419479, 3.66507365e-005, -4.30839291e-005, -1.79939764e-005, 0.999999999, 0.108537646, -0.0345772461, -0.141511743, 0, 0, 0, 0, 0, 0, 0, 0.168311279, 0.0137678711, -0.0983, 0, 0, 0, 0, 0, 0, 0, 1, 1, 1, 
204.782801, 0.1, 0.1, 0.114693628, 0.176793419, -0.0199660671, 0.874195039, -0.485574949, -5.43287729e-005, 0.48557495, 0.87419504, -6.45812388e-006, 5.0629847e-005, -2.07350313e-005, 0.999999999, 0.874194978, -0.485575059, -4.48558703e-005, 0.485575059, 0.874194979, -8.21804424e-006, 4.32032539e-005, -1.45967189e-005, 0.999999999, 0.10953584, -0.0373822266, -0.140298853, 0, 0, 0, 0, 0, 0, 0, 0.169089014, 0.0105388184, -0.0978429199, 0, 0, 0, 0, 0, 0, 0, 1, 1, 1, 
204.783507, 0.1, 0.1, 0.114693621, 0.176793419, -0.0199704258, 0.874195271, -0.48557453, 5.91034105e-005, 0.485574531, 0.874195273, -5.76225022e-006, -4.88699201e-005, 3.37364427e-005, 0.999999998, 0.874195249, -0.485574572, 3.86971788e-005, 0.485574573, 0.874195249, -1.52025681e-005, -2.64469093e-005, 3.20803789e-005, 0.999999999, 0.10953584, -0.0373822266, -0.140298853, 0, 0, 0, 0, 0, 0, 0, 0.169089014, 0.0105388184, -0.0978429199, 0, 0, 0, 0, 0, 0, 0, 1, 1, 1, 
204.78421, 0.1, 0.1, 0.114693608, 0.176793411, -0.0199741528, 0.874195245, -0.485574582, -5.83418345e-006, 0.485574582, 0.874195244, 3.08400672e-005, -9.87493733e-006, -2.97931713e-005, 1, 0.874195274, -0.485574528, 1.86646879e-005, 0.485574527, 0.874195274, 3.88066623e-005, -3.51601087e-005, -2.48615038e-005, 0.999999999, 0.10953584, -0.0373822266, -0.140298853, 0, 0, 0, 0, 0, 0, 0, 0.169089014, 0.0105388184, -0.0978429199, 0, 0, 0, 0, 0, 0, 0, 1, 1, 1, 
204.784929, 0.1, 0.1, 0.114693612, 0.176793413, -0.0199761857, 0.874194907, -0.485575188, -4.30369291e-005, 0.485575186, 0.874194908, -4.51111815e-005, 5.95275347e-005, 1.85383003e-005, 0.999999998, 0.87419499, -0.485575038, -4.88450437e-005, 0.485575036, 0.874194991, -4.4481567e-005, 6.42992311e-005, 1.51676291e-005, 0.999999998, 0.10953584, -0.0373822266, -0.140298853, 0, 0, 0, 0, 0, 0, 0, 0.169089014, 0.0105388184, -0.0978429199, 0, 0, 0, 0, 0, 0, 0, 1, 1, 1, 
204.785647, 0.1, 0.1, 0.114693607, 0.176793408, -0.0199758018, 0.874194505, -0.485575913, 1.60676421e-005, 0.485575912, 0.874194504, 4.01008467e-005, -3.35182497e-005, -2.72538798e-005, 0.999999999, 0.874194576, -0.485575786, 7.26276953e-006, 0.485575785, 0.874194575, 3.3707918e-005, -2.27168225e-005, -2.59406541e-005, 0.999999999, 0.110502173, -0.0402041748, -0.139272583, 0, 0, 0, 0, 0, 0, 0, 0.169785937, 0.00789941406, -0.0971362305, 0, 0, 0, 0, 0, 0, 0, 1, 1, 1, 
204.786351, 0.1, 0.1, 0.114693599, 0.176793406, -0.0199734825, 0.874194253, -0.485576366, -5.89190453e-006, 0.485576366, 0.874194253, -3.53389647e-005, 2.23104351e-005, 2.80321503e-005, 0.999999999, 0.874194285, -0.485576309, 4.74305266e-006, 0.485576309, 0.874194285, -2.63328093e-005, 8.6402388e-006, 2.53231054e-005, 1, 0.110502173, -0.0402041748, -0.139272583, 0, 0, 0, 0, 0, 0, 0, 0.169785937, 0.00789941406, -0.0971362305, 0, 0, 0, 0, 0, 0, 0, 1, 1, 1, 
204.787053, 0.1, 0.1, 0.114693595, 0.176793402, -0.0199701069, 0.874194202, -0.485576459, 8.47606396e-006, 0.485576459, 0.874194201, 3.96193335e-005, -2.66479416e-005, -3.05192145e-005, 0.999999999, 0.874194195, -0.485576471, -1.24131818e-006, 0.485576471, 0.874194194, 3.17917753e-005, -1.43521849e-005, -2.83949403e-005, 0.999999999, 0.110502173, -0.0402041748, -0.139272583, 0, 0, 0, 0, 0, 0, 0, 0.169785937, 0.00789941406, -0.0971362305, 0, 0, 0, 0, 0, 0, 0, 1, 1, 1, 
204.787758, 0.1, 0.1, 0.114693589, 0.176793402, -0.0199667088, 0.874194333, -0.485576223, -1.67788641e-005, 0.485576221, 0.874194332, -5.48798575e-005, 4.13163418e-005, 3.9828243e-005, 0.999999998, 0.874194288, -0.485576303, -4.17468453e-006, 0.485576303, 0.874194288, -4.42503425e-005, 2.51364031e-005, 3.66562688e-005, 0.999999999, 0.110502173, -0.0402041748, -0.139272583, 0, 0, 0, 0, 0, 0, 0, 0.169785937, 0.00789941406, -0.0971362305, 0, 0, 0, 0, 0, 0, 0, 1, 1, 1, 
204.788462, 0.1, 0.1, 0.114693586, 0.1767934, -0.0199642859, 0.874194646, -0.485575658, 1.05488273e-005, 0.485575658, 0.874194646, 4.22214954e-005, -2.97234588e-005, -3.17875515e-005, 0.999999999, 0.874194566, -0.485575802, -3.26550512e-006, 0.485575802, 0.874194566, 3.08262672e-005, -1.21138026e-005, -2.85338055e-005, 1, 0.110502173, -0.0402041748, -0.139272583, 0, 0, 0, 0, 0, 0, 0, 0.169785937, 0.00789941406, -0.0971362305, 0, 0, 0, 0, 0, 0, 0, 1, 1, 1, 
204.789167, 0.1, 0.1, 0.114693579, 0.1767934, -0.019963508, 0.874195144, -0.485574763, -7.15491524e-006, 0.485574762, 0.874195142, -5.77530019e-005, 3.42981924e-005, 4.70131475e-005, 0.999999998, 0.874195029, -0.48557497, 5.14931916e-006, 0.485574969, 0.874195028, -4.66079847e-005, 1.81301615e-005, 4.3244849e-005, 0.999999999, 0.110502173, -0.0402041748, -0.139272583, 0, 0, 0, 0, 0, 0, 0, 0.169785937, 0.00789941406, -0.0971362305, 0, 0, 0, 0, 0, 0, 0, 1, 1, 1, 
204.789884, 0.1, 0.1, 0.114693574, 0.176793397, -0.0199643588, 0.874195809, -0.485573565, 1.60044506e-005, 0.485573564, 0.874195809, 4.78802548e-005, -3.72404097e-005, -3.40853799e-005, 0.999999999, 0.874195664, -0.485573826, 2.86073193e-006, 0.485573826, 0.874195664, 3.51504649e-005, -1.95689852e-005, -2.93392875e-005, 0.999999999, 0.110502173, -0.0402041748, -0.139272583, 0, 0, 0, 0, 0, 0, 0, 0.169785937, 0.00789941406, -0.0971362305, 0, 0, 0, 0, 0, 0, 0, 1, 1, 1, 
204.790611, 0.1, 0.1, 0.114693566, 0.176793395, -0.0199663843, 0.874196615, -0.485572114, -7.0418148e-006, 0.485572113, 0.874196615, -4.41355478e-005, 2.75869219e-005, 3.51638376e-005, 0.999999999, 0.874196449, -0.485572414, 5.85192339e-006, 0.485572414, 0.874196448, -3.38720448e-005, 1.13315999e-005, 3.24523539e-005, 0.999999999, 0.111259302, -0.0427444092, -0.138541553, 0, 0, 0, 0, 0, 0, 0, 0.170457715, 0.00506679687, -0.0967878906, 0, 0, 0, 0, 0, 0, 0, 1, 1, 1, 
204.791323, 0.1, 0.1, 0.114693563, 0.17679339, -0.0199690444, 0.874197518, -0.485570488, 6.33569898e-006, 0.485570487, 0.874197518, 4.83676557e-005, -2.90245585e-005, -3.92064562e-005, 0.999999999, 0.87419732, -0.485570846, -4.58503173e-006, 0.485570846, 0.874197319, 3.64089976e-005, -1.36709253e-005, -3.40550058e-005, 0.999999999, 0.111259302, -0.0427444092, -0.138541553, 0, 0, 0, 0, 0, 0, 0, 0.170457715, 0.00506679687, -0.0967878906, 0, 0, 0, 0, 0, 0, 0, 1, 1, 1, 
204.792029, 0.1, 0.1, 0.114693557, 0.176793387, -0.0199714682, 0.874198485, -0.485568747, -1.22243316e-005, 0.485568747, 0.874198485, -3.04910992e-005, 2.5492017e-005, 2.07195194e-005, 0.999999999, 0.874198287, -0.485569104, -1.64221097e-006, 0.485569104, 0.874198287, -2.07487682e-005, 1.15105788e-005, 1.73411307e-005, 1, 0.111259302, -0.0427444092, -0.138541553, 0, 0, 0, 0, 0, 0, 0, 0.170457715, 0.00506679687, -0.0967878906, 0, 0, 0, 0, 0, 0, 0, 1, 1, 1, 
204.792729, 0.1, 0.1, 0.114693554, 0.176793383, -0.0199731021, 0.874199488, -0.485566941, 4.68876332e-006, 0.485566941, 0.874199488, 4.04512117e-005, -2.37406856e-005, -3.30857201e-005, 0.999999999, 0.874199282, -0.485567313, -5.27737565e-006, 0.485567313, 0.874199282, 3.23444387e-005, -1.10919242e-005, -3.08380062e-005, 0.999999999, 0.111259302, -0.0427444092, -0.138541553, 0, 0, 0, 0, 0, 0, 0, 0.170457715, 0.00506679687, -0.0967878906, 0, 0, 0, 0, 0, 0, 0, 1, 1, 1, 
204.793444, 0.1, 0.1, 0.114693548, 0.176793381, -0.0199734182, 0.874200556, -0.48556502, -8.38014077e-006, 0.485565019, 0.874200555, -3.69644728e-005, 2.52745787e-005, 2.82452595e-005, 0.999999999, 0.874200343, -0.485565403, 5.62605073e-007, 0.485565403, 0.874200343, -2.80108479e-005, 1.31092691e-005, 2.47602744e-005, 1, 0.111259302, -0.0427444092, -0.138541553, 0, 0, 0, 0, 0, 0, 0, 0.171202002, 0.00208442383, -0.0962441406, 0, 0, 0, 0, 0, 0, 0, 1, 1, 1, 
204.794148, 0.1, 0.1, 0.114693544, 0.176793377, -0.0199724472, 0.874201634, -0.485563078, 1.01937962e-005, 0.485563077, 0.874201634, 3.54423596e-005, -2.61209345e-005, -2.60340376e-005, 0.999999999, 0.874201416, -0.485563471, 1.38646957e-007, 0.48556347, 0.874201416, 2.74423556e-005, -1.34462108e-005, -2.39228242e-005, 1, 0.111259302, -0.0427444092, -0.138541553, 0, 0, 0, 0, 0, 0, 0, 0.171202002, 0.00208442383, -0.0962441406, 0, 0, 0, 0, 0, 0, 0, 1, 1, 1, 
204.794852, 0.1, 0.1, 0.114693538, 0.176793377, -0.0199705966, 0.874202741, -0.485561085, -1.06238666e-005, 0.485561084, 0.874202741, -4.43711809e-005, 3.08323321e-005, 3.36308718e-005, 0.999999999, 0.874202517, -0.485561489, 3.02368953e-007, 0.485561489, 0.874202516, -3.55141811e-005, 1.6979987e-005, 3.11934052e-005, 0.999999999, 0.111259302, -0.0427444092, -0.138541553, 0, 0, 0, 0, 0, 0, 0, 0.171202002, 0.00208442383, -0.0962441406, 0, 0, 0, 0, 0, 0, 0, 1, 1, 1, 
204.79557, 0.1, 0.1, 0.114693535, 0.176793373, -0.0199683749, 0.874203923, -0.485558957, 8.61718827e-006, 0.485558956, 0.874203923, 4.46799533e-005, -2.92279313e-005, -3.48752375e-005, 0.999999999, 0.874203685, -0.485559386, -2.4230487e-006, 0.485559386, 0.874203684, 3.49671518e-005, -1.48603906e-005, -3.1744947e-005, 0.999999999, 0.112033398, -0.0455296143, -0.137668579, 0, 0, 0, 0, 0, 0, 0, 0.171202002, 0.00208442383, -0.0962441406, 0, 0, 0, 0, 0, 0, 0, 1, 1, 1, 
204.796275, 0.1, 0.1, 0.114693529, 0.176793372, -0.019966506, 0.874205133, -0.485556778, -1.33529505e-005, 0.485556777, 0.874205133, -4.77930135e-005, 3.48794395e-005, 3.52972821e-005, 0.999999999, 0.874204883, -0.485557228, -1.10124226e-006, 0.485557228, 0.874204883, -3.71862217e-005, 1.90187501e-005, 3.19736604e-005, 0.999999999, 0.112033398, -0.0455296143, -0.137668579, 0, 0, 0, 0, 0, 0, 0, 0.171202002, 0.00208442383, -0.0962441406, 0, 0, 0, 0, 0, 0, 0, 1, 1, 1, 
204.796978, 0.1, 0.1, 0.114693527, 0.176793369, -0.0199655757, 0.874206396, -0.485554506, 7.30671398e-006, 0.485554505, 0.874206395, 4.78849867e-005, -2.96383471e-005, -3.83135537e-005, 0.999999999, 0.874206138, -0.485554969, -5.03750808e-006, 0.485554969, 0.874206137, 3.68997438e-005, -1.35130335e-005, -3.47039696e-005, 0.999999999, 0.112033398, -0.0455296143, -0.137668579, 0, 0, 0, 0, 0, 0, 0, 0.171202002, 0.00208442383, -0.0962441406, 0, 0, 0, 0, 0, 0, 0, 1, 1, 1, 
204.797685, 0.1, 0.1, 0.11469352, 0.176793367, -0.01996579, 0.874207716, -0.485552129, -1.20933022e-005, 0.485552128, 0.874207715, -4.83442633e-005, 3.40457181e-005, 3.63909994e-005, 0.999999999, 0.874207448, -0.485552611, -5.94459726e-008, 0.485552611, 0.874207447, -3.71275407e-005, 1.80793424e-005, 3.24283084e-005, 0.999999999, 0.112033398, -0.0455296143, -0.137668579, 0, 0, 0, 0, 0, 0, 0, 0.171202002, 0.00208442383, -0.0962441406, 0, 0, 0, 0, 0, 0, 0, 1, 1, 1, 
204.798415, 0.1, 0.1, 0.114693518, 0.176793364, -0.0199668439, 0.874209128, -0.485549585, 9.31359742e-006, 0.485549584, 0.874209128, 4.82139094e-005, -3.15522756e-005, -3.76268264e-005, 0.999999999, 0.874208852, -0.485550083, -2.70074623e-006, 0.485550083, 0.874208851, 3.74660462e-005, -1.58306256e-005, -3.40644968e-005, 0.999999999, 0.112817627, -0.0480732666, -0.136550635, 0, 0, 0, 0, 0, 0, 0, 0.171652002, -0.000754785157, -0.0958953125, 0, 0, 0, 0, 0, 0, 0, 1, 1, 1, 
204.79912, 0.1, 0.1, 0.114693511, 0.176793362, -0.0199683628, 0.87421053, -0.485547062, -7.52326602e-006, 0.485547061, 0.874210529, -4.17560358e-005, 2.68514389e-005, 3.28506665e-005, 0.999999999, 0.874210247, -0.485547571, 3.6229454e-006, 0.48554757, 0.874210247, -3.09070729e-005, 1.18396382e-005, 2.87783922e-005, 1, 0.112817627, -0.0480732666, -0.136550635, 0, 0, 0, 0, 0, 0, 0, 0.171652002, -0.000754785157, -0.0958953125, 0, 0, 0, 0, 0, 0, 0, 1, 1, 1, 
204.799824, 0.1, 0.1, 0.114693508, 0.176793359, -0.0199700613, 0.874211945, -0.485544515, 9.65369584e-006, 0.485544514, 0.874211944, 4.06911399e-005, -2.8196736e-005, -3.08853815e-005, 0.999999999, 0.87421166, -0.485545027, -1.02007926e-006, 0.485545026, 0.87421166, 3.09791465e-005, -1.41500053e-005, -2.75776255e-005, 1, 0.112817627, -0.0480732666, -0.136550635, 0, 0, 0, 0, 0, 0, 0, 0.171652002, -0.000754785157, -0.0958953125, 0, 0, 0, 0, 0, 0, 0, 1, 1, 1, 
204.800585, 0.1, 0.1, 0.114693502, 0.176793358, -0.019971133, 0.874213491, -0.485541731, -1.15577943e-005, 0.48554173, 0.87421349, -4.79287078e-005, 3.33753674e-005, 3.62881316e-005, 0.999999999, 0.874213199, -0.485542257, -1.30035057e-006, 0.485542256, 0.874213198, -3.88501081e-005, 2.00001528e-005, 3.33319021e-005, 0.999999999, 0.112817627, -0.0480732666, -0.136550635, 0, 0, 0, 0, 0, 0, 0, 0.171652002, -0.000754785157, -0.0958953125, 0, 0, 0, 0, 0, 0, 0, 1, 1, 1, 
204.801294, 0.1, 0.1, 0.114693499, 0.176793357, -0.0199711103, 0.874214943, -0.485539117, 6.87302127e-006, 0.485539116, 0.874214942, 3.52026652e-005, -2.31007689e-005, -2.74375752e-005, 0.999999999, 0.874214645, -0.485539653, -4.04411066e-006, 0.485539653, 0.874214645, 2.4703202e-005, -8.45896337e-006, -2.35594771e-005, 1, 0.112817627, -0.0480732666, -0.136550635, 0, 0, 0, 0, 0, 0, 0, 0.171652002, -0.000754785157, -0.0958953125, 0, 0, 0, 0, 0, 0, 0, 1, 1, 1, 
204.801995, 0.1, 0.1, 0.114693493, 0.176793356, -0.0199705209, 0.87421638, -0.485536529, -8.94952725e-006, 0.485536528, 0.87421638, -4.02948785e-005, 2.73884587e-005, 3.08811204e-005, 0.999999999, 0.874216094, -0.485537044, 1.12539293e-006, 0.485537043, 0.874216094, -3.20741528e-005, 1.45893527e-005, 2.85861605e-005, 0.999999999, 0.112817627, -0.0480732666, -0.136550635, 0, 0, 0, 0, 0, 0, 0, 0.171652002, -0.000754785157, -0.0958953125, 0, 0, 0, 0, 0, 0, 0, 1, 1, 1, 
204.802698, 0.1, 0.1, 0.11469349, 0.176793352, -0.0199696319, 0.874217817, -0.485533941, 1.08365139e-005, 0.48553394, 0.874217817, 4.71288797e-005, -3.23561442e-005, -3.59394111e-005, 0.999999999, 0.874217528, -0.485534462, -2.42148527e-007, 0.485534461, 0.874217528, 3.69369465e-005, -1.77224699e-005, -3.24084975e-005, 0.999999999, 0.112817627, -0.0480732666, -0.136550635, 0, 0, 0, 0, 0, 0, 0, 0.171652002, -0.000754785157, -0.0958953125, 0, 0, 0, 0, 0, 0, 0, 1, 1, 1, 
204.803411, 0.1, 0.1, 0.114693484, 0.176793349, -0.0199686203, 0.874219283, -0.485531302, -7.62636577e-006, 0.485531302, 0.874219282, -3.89525452e-005, 2.5579796e-005, 3.03502268e-005, 0.999999999, 0.874218993, -0.485531825, 3.45575303e-006, 0.485531825, 0.874218992, -2.945303e-005, 1.12792985e-005, 2.74262763e-005, 1, 0.113433423, -0.0508047607, -0.13583645, 0, 0, 0, 0, 0, 0, 0, 0.171652002, -0.000754785157, -0.0958953125, 0, 0, 0, 0, 0, 0, 0, 1, 1, 1, 
204.804126, 0.1, 0.1, 0.114693481, 0.176793345, -0.0199676744, 0.874220766, -0.485528632, 1.15192435e-005, 0.485528631, 0.874220765, 5.11985312e-005, -3.49287147e-005, -3.91658966e-005, 0.999999999, 0.874220475, -0.485529155, 9.45178528e-008, 0.485529155, 0.874220475, 4.11304803e-005, -2.00526768e-005, -3.59112169e-005, 0.999999999, 0.113433423, -0.0508047607, -0.13583645, 0, 0, 0, 0, 0, 0, 0, 0.172343311, -0.00375888672, -0.0952685547, 0, 0, 0, 0, 0, 0, 0, 1, 1, 1, 
204.804832, 0.1, 0.1, 0.114693475, 0.176793343, -0.0199672532, 0.874222248, -0.485525964, -8.3606586e-006, 0.485525963, 0.874222247, -4.17239693e-005, 2.75671442e-005, 3.24167054e-005, 0.999999999, 0.874221952, -0.485526497, 3.50754187e-006, 0.485526497, 0.874221951, -3.04460941e-005, 1.17160153e-005, 2.83196483e-005, 1, 0.113433423, -0.0508047607, -0.13583645, 0, 0, 0, 0, 0, 0, 0, 0.172343311, -0.00375888672, -0.0952685547, 0, 0, 0, 0, 0, 0, 0, 1, 1, 1, 
204.805536, 0.1, 0.1, 0.114693472, 0.17679334, -0.0199674842, 0.87422374, -0.485523276, 9.47287047e-006, 0.485523275, 0.87422374, 4.49654264e-005, -3.01131694e-005, -3.47105441e-005, 0.999999999, 0.874223442, -0.485523814, -1.83402725e-006, 0.485523814, 0.874223441, 3.52020989e-005, -1.54881077e-005, -3.16649639e-005, 0.999999999, 0.113433423, -0.0508047607, -0.13583645, 0, 0, 0, 0, 0, 0, 0, 0.172343311, -0.00375888672, -0.0952685547, 0, 0, 0, 0, 0, 0, 0, 1, 1, 1, 
204.806264, 0.1, 0.1, 0.114693466, 0.176793339, -0.0199680655, 0.874225297, -0.485520473, -1.11166136e-005, 0.485520471, 0.874225297, -5.03496667e-005, 3.41642189e-005, 3.86196089e-005, 0.999999999, 0.874224992, -0.485521022, 4.96136531e-007, 0.485521022, 0.874224991, -3.95309158e-005, 1.87593557e-005, 3.47997993e-005, 0.999999999, 0.114470801, -0.053588623, -0.134571924, 0, 0, 0, 0, 0, 0, 0, 0.173094189, -0.00676787109, -0.0947428711, 0, 0, 0, 0, 0, 0, 0, 1, 1, 1, 
204.806965, 0.1, 0.1, 0.114693464, 0.176793338, -0.0199688414, 0.87422681, -0.485517749, 6.64193668e-006, 0.485517748, 0.87422681, 3.66419798e-005, -2.35968907e-005, -2.8808623e-005, 0.999999999, 0.874226507, -0.485518294, -4.52444682e-006, 0.485518294, 0.874226507, 2.59457005e-005, -8.6417209e-006, -2.48791208e-005, 1, 0.114470801, -0.053588623, -0.134571924, 0, 0, 0, 0, 0, 0, 0, 0.173094189, -0.00676787109, -0.0947428711, 0, 0, 0, 0, 0, 0, 0, 1, 1, 1, 
204.807665, 0.1, 0.1, 0.114693459, 0.176793337, -0.0199697514, 0.874228316, -0.485515037, -9.52902555e-006, 0.485515036, 0.874228316, -4.37713877e-005, 2.95822109e-005, 3.36397013e-005, 0.999999999, 0.874228014, -0.485515581, 1.00166964e-006, 0.485515581, 0.874228013, -3.45588326e-005, 1.5903164e-005, 3.06986258e-005, 0.999999999, 0.114470801, -0.053588623, -0.134571924, 0, 0, 0, 0, 0, 0, 0, 0.173094189, -0.00676787109, -0.0947428711, 0, 0, 0, 0, 0, 0, 0, 1, 1, 1, 
204.808366, 0.1, 0.1, 0.114693456, 0.176793334, -0.0199705294, 0.874229817, -0.485512334, 8.50365172e-006, 0.485512334, 0.874229817, 4.08552354e-005, -2.72698666e-005, -3.15882372e-005, 0.999999999, 0.874229511, -0.485512885, -2.32770043e-006, 0.485512885, 0.874229511, 3.04949144e-005, -1.27707294e-005, -2.77896827e-005, 1, 0.114470801, -0.053588623, -0.134571924, 0, 0, 0, 0, 0, 0, 0, 0.173094189, -0.00676787109, -0.0947428711, 0, 0, 0, 0, 0, 0, 0, 1, 1, 1, 
204.809067, 0.1, 0.1, 0.114693451, 0.176793333, -0.0199708982, 0.874231311, -0.485509644, -7.44166612e-006, 0.485509643, 0.874231311, -3.65330334e-005, 2.42428776e-005, 2.83253211e-005, 0.999999999, 0.874231015, -0.485510178, 2.66628424e-006, 0.485510178, 0.874231014, -2.76872021e-005, 1.111147e-005, 2.54995189e-005, 1, 0.114470801, -0.053588623, -0.134571924, 0, 0, 0, 0, 0, 0, 0, 0.173094189, -0.00676787109, -0.0947428711, 0, 0, 0, 0, 0, 0, 0, 1, 1, 1, 
204.809769, 0.1, 0.1, 0.114693448, 0.176793329, -0.0199707986, 0.874232795, -0.485506972, 1.01027221e-005, 0.485506971, 0.874232795, 4.51442362e-005, -3.07499724e-005, -3.45616297e-005, 0.999999999, 0.874232501, -0.485507502, -2.38894348e-007, 0.485507502, 0.8742325, 3.58590582e-005, -1.72009926e-005, -3.14651392e-005, 0.999999999, 0.114470801, -0.053588623, -0.134571924, 0, 0, 0, 0, 0, 0, 0, 0.173094189, -0.00676787109, -0.0947428711, 0, 0, 0, 0, 0, 0, 0, 1, 1, 1, 
204.810471, 0.1, 0.1, 0.114693442, 0.176793327, -0.0199702947, 0.87423427, -0.485504316, -8.00261906e-006, 0.485504316, 0.874234269, -3.75582721e-005, 2.5230867e-005, 2.89494225e-005, 0.999999999, 0.874233976, -0.485504845, 2.61780335e-006, 0.485504845, 0.874233976, -2.77087794e-005, 1.1164174e-005, 2.54949126e-005, 1, 0.114470801, -0.053588623, -0.134571924, 0, 0, 0, 0, 0, 0, 0, 0.173094189, -0.00676787109, -0.0947428711, 0, 0, 0, 0, 0, 0, 0, 1, 1, 1, 
204.811194, 0.1, 0.1, 0.11469344, 0.176793323, -0.0199694266, 0.874235789, -0.485501582, 1.05395568e-005, 0.485501581, 0.874235788, 4.55516835e-005, -3.13294721e-005, -3.47059405e-005, 0.999999999, 0.874235467, -0.48550216, -1.04637093e-006, 0.48550216, 0.874235467, 3.59779898e-005, -1.65526172e-005, -3.19612501e-005, 0.999999999, 0.115504761, -0.0561336182, -0.133280908, 0, 0, 0, 0, 0, 0, 0, 0.173094189, -0.00676787109, -0.0947428711, 0, 0, 0, 0, 0, 0, 0, 1, 1, 1, 
204.811896, 0.1, 0.1, 0.114693434, 0.176793322, -0.019968444, 0.874237267, -0.485498919, -9.6377622e-006, 0.485498919, 0.874237266, -4.47957397e-005, 3.01739741e-005, 3.44829819e-005, 0.999999999, 0.874236969, -0.485499456, 1.86466229e-006, 0.485499456, 0.874236969, -3.41423736e-005, 1.49459471e-005, 3.07538178e-005, 0.999999999, 0.115504761, -0.0561336182, -0.133280908, 0, 0, 0, 0, 0, 0, 0, 0.17378916, -0.00961538086, -0.0941991211, 0, 0, 0, 0, 0, 0, 0, 1, 1, 1, 
204.812607, 0.1, 0.1, 0.114693432, 0.176793319, -0.0199677331, 0.874238771, -0.485496212, 9.03708094e-006, 0.485496211, 0.87423877, 4.31655555e-005, -2.88572802e-005, -3.33495336e-005, 0.999999999, 0.874238473, -0.485496748, -2.26101577e-006, 0.485496748, 0.874238472, 3.35065471e-005, -1.42906527e-005, -3.03904283e-005, 0.999999999, 0.115504761, -0.0561336182, -0.133280908, 0, 0, 0, 0, 0, 0, 0, 0.17378916, -0.00961538086, -0.0941991211, 0, 0, 0, 0, 0, 0, 0, 1, 1, 1, 
204.813309, 0.1, 0.1, 0.114693427, 0.176793319, -0.0199675179, 0.874240268, -0.485493515, -1.08447696e-005, 0.485493514, 0.874240268, -4.89365667e-005, 3.323932e-005, 3.75172519e-005, 0.999999999, 0.874239964, -0.485494063, 9.40243072e-007, 0.485494063, 0.874239963, -3.80415638e-005, 1.76469553e-005, 3.37139378e-005, 0.999999999, 0.115504761, -0.0561336182, -0.133280908, 0, 0, 0, 0, 0, 0, 0, 0.17378916, -0.00961538086, -0.0941991211, 0, 0, 0, 0, 0, 0, 0, 1, 1, 1, 
204.814039, 0.1, 0.1, 0.114693425, 0.176793317, -0.0199676641, 0.874241837, -0.48549069, 9.3864434e-006, 0.485490689, 0.874241837, 4.45225246e-005, -2.98212927e-005, -3.43664228e-005, 0.999999999, 0.874241534, -0.485491235, -2.05722066e-006, 0.485491235, 0.874241534, 3.4447533e-005, -1.49254676e-005, -3.11142267e-005, 0.999999999, 0.116315356, -0.0586649414, -0.132546338, 0, 0, 0, 0, 0, 0, 0, 0.17421084, -0.0124411621, -0.0937604492, 0, 0, 0, 0, 0, 0, 0, 1, 1, 1, 
204.814743, 0.1, 0.1, 0.11469342, 0.176793316, -0.0199681163, 0.874243365, -0.485487939, -9.02478678e-006, 0.485487938, 0.874243364, -4.563305e-005, 3.00441554e-005, 3.55129661e-005, 0.999999999, 0.874243058, -0.485488492, 2.37402299e-006, 0.485488491, 0.874243057, -3.50190177e-005, 1.4925857e-005, 3.1767694e-005, 0.999999999, 0.116315356, -0.0586649414, -0.132546338, 0, 0, 0, 0, 0, 0, 0, 0.17421084, -0.0124411621, -0.0937604492, 0, 0, 0, 0, 0, 0, 0, 1, 1, 1, 
204.815445, 0.1, 0.1, 0.114693418, 0.176793314, -0.0199689037, 0.87424489, -0.485485193, 8.85098088e-006, 0.485485192, 0.874244889, 4.03408985e-005, -2.73228337e-005, -3.09708042e-005, 0.999999999, 0.874244586, -0.485485741, -2.12402039e-006, 0.485485741, 0.874244585, 3.02593623e-005, -1.28335756e-005, -2.74852653e-005, 1, 0.116315356, -0.0586649414, -0.132546338, 0, 0, 0, 0, 0, 0, 0, 0.17421084, -0.0124411621, -0.0937604492, 0, 0, 0, 0, 0, 0, 0, 1, 1, 1, 
204.816144, 0.1, 0.1, 0.114693412, 0.176793313, -0.0199698013, 0.874246405, -0.485482465, -8.43896397e-006, 0.485482464, 0.874246404, -4.29914812e-005, 2.82493442e-005, 3.34881788e-005, 0.999999999, 0.874246101, -0.485483012, 2.27528065e-006, 0.485483012, 0.8742461, -3.32242718e-005, 1.41406643e-005, 3.01508002e-005, 0.999999999, 0.116315356, -0.0586649414, -0.132546338, 0, 0, 0, 0, 0, 0, 0, 0.17421084, -0.0124411621, -0.0937604492, 0, 0, 0, 0, 0, 0, 0, 1, 1, 1, 
204.816846, 0.1, 0.1, 0.114693411, 0.176793311, -0.0199705182, 0.874247919, -0.485479739, 8.30539421e-006, 0.485479738, 0.874247918, 3.90945643e-005, -2.62405925e-005, -3.01462409e-005, 0.999999999, 0.874247618, -0.485480281, -2.09967957e-006, 0.485480281, 0.874247617, 2.94396807e-005, -1.24567446e-005, -2.67569237e-005, 1, 0.116315356, -0.0586649414, -0.132546338, 0, 0, 0, 0, 0, 0, 0, 0.17421084, -0.0124411621, -0.0937604492, 0, 0, 0, 0, 0, 0, 0, 1, 1, 1, 
204.817544, 0.1, 0.1, 0.114693405, 0.17679331, -0.0199708848, 0.874249413, -0.485477047, -8.55489875e-006, 0.485477046, 0.874249413, -4.0194786e-005, 2.69927612e-005, 3.09870611e-005, 0.999999999, 0.874249117, -0.485477581, 1.64082318e-006, 0.485477581, 0.874249116, -3.11343134e-005, 1.36805229e-005, 2.80157289e-005, 1, 0.116315356, -0.0586649414, -0.132546338, 0, 0, 0, 0, 0, 0, 0, 0.17421084, -0.0124411621, -0.0937604492, 0, 0, 0, 0, 0, 0, 0, 1, 1, 1, 
204.818245, 0.1, 0.1, 0.114693404, 0.176793307, -0.0199708276, 0.8742509, -0.48547437, 8.71969344e-006, 0.485474369, 0.8742509, 4.04309828e-005, -2.72514057e-005, -3.11136354e-005, 0.999999999, 0.874250597, -0.485474916, -1.8177081e-006, 0.485474915, 0.874250597, 3.0854263e-005, -1.33898383e-005, -2.78568095e-005, 1, 0.116315356, -0.0586649414, -0.132546338, 0, 0, 0, 0, 0, 0, 0, 0.17421084, -0.0124411621, -0.0937604492, 0, 0, 0, 0, 0, 0, 0, 1, 1, 1, 
204.818957, 0.1, 0.1, 0.114693399, 0.176793306, -0.0199702735, 0.874252406, -0.485471658, -1.01209201e-005, 0.485471658, 0.874252405, -4.19017195e-005, 2.9190336e-005, 3.17192592e-005, 0.999999999, 0.874252111, -0.485472189, 2.98756752e-007, 0.485472189, 0.874252111, -3.28807264e-005, 1.57014895e-005, 2.88910826e-005, 0.999999999, 0.117157813, -0.0614154785, -0.131447925, 0, 0, 0, 0, 0, 0, 0, 0.17421084, -0.0124411621, -0.0937604492, 0, 0, 0, 0, 0, 0, 0, 1, 1, 1, 
204.819674, 0.1, 0.1, 0.114693397, 0.176793304, -0.0199692126, 0.874253923, -0.485468926, 8.25726381e-006, 0.485468925, 0.874253922, 4.40103182e-005, -2.85845872e-005, -3.44675484e-005, 0.999999999, 0.874253625, -0.485469463, -2.84568456e-006, 0.485469463, 0.874253624, 3.42786346e-005, -1.41533803e-005, -3.13497135e-005, 0.999999999, 0.117157813, -0.0614154785, -0.131447925, 0, 0, 0, 0, 0, 0, 0, 0.174901904, -0.0154501465, -0.0935696777, 0, 0, 0, 0, 0, 0, 0, 1, 1, 1, 
204.820376, 0.1, 0.1, 0.114693392, 0.176793303, -0.0199682945, 0.87425541, -0.485466248, -1.02197281e-005, 0.485466248, 0.874255409, -4.29214538e-005, 2.97715698e-005, 3.25629801e-005, 0.999999999, 0.874255108, -0.485466792, 1.03473456e-006, 0.485466792, 0.874255108, -3.27901817e-005, 1.50139223e-005, 2.91693131e-005, 0.999999999, 0.117157813, -0.0614154785, -0.131447925, 0, 0, 0, 0, 0, 0, 0, 0.174901904, -0.0154501465, -0.0935696777, 0, 0, 0, 0, 0, 0, 0, 1, 1, 1, 
204.821074, 0.1, 0.1, 0.11469339, 0.1767933, -0.0199677746, 0.874256895, -0.485463574, 9.62559286e-006, 0.485463573, 0.874256894, 4.54575994e-005, -3.04832496e-005, -3.5068745e-005, 0.999999999, 0.874256598, -0.485464108, -1.87454612e-006, 0.485464108, 0.874256598, 3.53319569e-005, -1.55135626e-005, -3.17992213e-005, 0.999999999, 0.117157813, -0.0614154785, -0.131447925, 0, 0, 0, 0, 0, 0, 0, 0.174901904, -0.0154501465, -0.0935696777, 0, 0, 0, 0, 0, 0, 0, 1, 1, 1, 
204.821777, 0.1, 0.1, 0.114693385, 0.176793299, -0.0199677741, 0.874258397, -0.485460869, -8.58775066e-006, 0.485460868, 0.874258397, -4.44364434e-005, 2.90800675e-005, 3.46799169e-005, 0.999999999, 0.874258098, -0.485461408, 2.71545023e-006, 0.485461408, 0.874258097, -3.40385116e-005, 1.41503794e-005, 3.10766907e-005, 0.999999999, 0.117157813, -0.0614154785, -0.131447925, 0, 0, 0, 0, 0, 0, 0, 0.174901904, -0.0154501465, -0.0935696777, 0, 0, 0, 0, 0, 0, 0, 1, 1, 1, 
204.822477, 0.1, 0.1, 0.114693384, 0.176793296, -0.019968278, 0.874259903, -0.485458157, 1.02264464e-005, 0.485458157, 0.874259902, 4.35034027e-005, -3.00596538e-005, -3.30687687e-005, 0.999999999, 0.8742596, -0.485458702, -1.05549867e-006, 0.485458702, 0.8742596, 3.32076648e-005, -1.519817e-005, -2.95445207e-005, 0.999999999, 0.117157813, -0.0614154785, -0.131447925, 0, 0, 0, 0, 0, 0, 0, 0.174901904, -0.0154501465, -0.0935696777, 0, 0, 0, 0, 0, 0, 0, 1, 1, 1, 
