time, realDorsalTactorPos, realVentralTactorPos, boxPosX, boxPosY, boxPosZ, boxLocalRot_11, boxLocalRot_12, boxLocalRot_13, boxLocalRot_21, boxLocalRot_22, boxLocalRot_23, boxLocalRot_31, boxLocalRot_32, boxLocalRot_33, boxGlobalRot_11, boxGlobalRot_12, boxGlobalRot_13], boxGlobalRot_21, boxGlobalRot_22, boxGlobalRot_23, boxGlobalRot_31, boxGlobalRot_32, boxGlobalRot_33, indexPosX, indexPosY, indexPosZ, indexContact, indexForceX, indexForceY, indexForceZ, indexForceGlobalX, indexForceGlobalY, indexForceGlobalZ, thumbPosX, thumbPosY, thumbPosZ, thumbContact, thumbForceX, thumbForceY, thumbForceZ, thumbForceGlobalX, thumbForceGlobalY, thumbForceGlobalZ, hoopSuccess, targetSuccess, trialSuccess, 
188.760383, 0.1, 0.1, 0.100350281, 0.178059967, -0.0199697406, 0.943306671, -0.331922468, 3.52640993e-006, 0.331922468, 0.943306671, 1.52456632e-005, -8.38686417e-006, -1.32108411e-005, 1, 0.943306616, -0.331922623, -2.02739603e-005, 0.331922623, 0.943306616, 1.54675569e-005, 1.39905288e-005, -2.13200348e-005, 1, 0.095590918, -0.0332155029, -0.168329858, 0, 0, 0, 0, 0, 0, 0, 0.169047754, 0.0285191895, -0.14052124, 0, 0, 0, 0, 0, 0, 0, 1, 1, 1, 
188.766778, 0.1, 0.1, 0.100350279, 0.178059977, -0.0199765237, 0.943316074, -0.331895743, 1.85524426e-005, 0.331895743, 0.943316074, 4.1490479e-006, -1.88778687e-005, 2.24361314e-006, 1, 0.943315944, -0.331896112, -9.30245861e-006, 0.331896112, 0.943315944, 2.48533443e-005, 5.26429196e-007, -2.65320058e-005, 1, 0.096296875, -0.037995752, -0.168231543, 0, 0, 0, 0, 0, 0, 0, 0.169359668, 0.0235371094, -0.140229395, 0, 0, 0, 0, 0, 0, 0, 1, 1, 1, 
188.767495, 0.1, 0.1, 0.100350275, 0.178059978, -0.0199711785, 0.943316731, -0.331893877, -9.42055616e-006, 0.331893877, 0.943316731, -1.46701841e-005, 1.37555125e-005, 1.07120052e-005, 1, 0.943316604, -0.331894237, 1.78311639e-005, 0.331894237, 0.943316604, -2.30444116e-005, -9.17212558e-006, 2.76562366e-005, 1, 0.0966793945, -0.0402647949, -0.167814209, 0, 0, 0, 0, 0, 0, 0, 0.169359668, 0.0235371094, -0.140229395, 0, 0, 0, 0, 0, 0, 0, 1, 1, 1, 
188.768213, 0.1, 0.1, 0.100350281, 0.178059972, -0.0199653212, 0.943317436, -0.33189187, 2.31107872e-005, 0.33189187, 0.943317437, 1.66285448e-005, -2.73196874e-005, -8.01571385e-006, 1, 0.943317299, -0.331892261, -1.03012476e-005, 0.331892261, 0.943317299, 2.54210447e-005, 1.28029707e-006, -2.73990156e-005, 1, 0.0966793945, -0.0402647949, -0.167814209, 0, 0, 0, 0, 0, 0, 0, 0.169520752, 0.0211592773, -0.140188623, 0, 0, 0, 0, 0, 0, 0, 1, 1, 1, 
188.768923, 0.1, 0.1, 0.100350276, 0.178059974, -0.0199610776, 0.943318199, -0.331889704, -1.27374568e-005, 0.331889704, 0.943318199, -1.90799525e-005, 1.83479146e-005, 1.37710357e-005, 1, 0.943318047, -0.331890136, 2.52372783e-005, 0.331890136, 0.943318046, -2.83733831e-005, -1.43899341e-005, 3.51411281e-005, 0.999999999, 0.0966793945, -0.0402647949, -0.167814209, 0, 0, 0, 0, 0, 0, 0, 0.169520752, 0.0211592773, -0.140188623, 0, 0, 0, 0, 0, 0, 0, 1, 1, 1, 
188.769652, 0.1, 0.1, 0.100350283, 0.178059968, -0.019959373, 0.943319055, -0.331887269, 1.88159057e-005, 0.331887269, 0.943319056, 2.01051423e-005, -2.44220431e-005, -1.27208043e-005, 1, 0.943318877, -0.331887775, -2.21981902e-005, 0.331887776, 0.943318877, 3.02818764e-005, 1.08897872e-005, -3.59327736e-005, 0.999999999, 0.0966793945, -0.0402647949, -0.167814209, 0, 0, 0, 0, 0, 0, 0, 0.169520752, 0.0211592773, -0.140188623, 0, 0, 0, 0, 0, 0, 0, 1, 1, 1, 
188.770384, 0.1, 0.1, 0.100350278, 0.17805997, -0.019960449, 0.943319991, -0.331884611, -1.31128267e-005, 0.331884611, 0.943319991, -2.28936111e-005, 1.99676288e-005, 1.72440557e-005, 1, 0.943319811, -0.331885122, 2.48019222e-005, 0.331885122, 0.94331981, -3.16341895e-005, -1.28972277e-005, 3.80725466e-005, 0.999999999, 0.096892749, -0.0426918945, -0.167577393, 0, 0, 0, 0, 0, 0, 0, 0.16969502, 0.0188031738, -0.139926318, 0, 0, 0, 0, 0, 0, 0, 1, 1, 1, 
188.771123, 0.1, 0.1, 0.100350288, 0.178059964, -0.0199635989, 0.943320996, -0.331881754, 3.04590005e-006, 0.331881754, 0.943320996, 2.13481163e-005, -9.95831174e-006, -1.91272477e-005, 1, 0.943320806, -0.331882292, -3.07527593e-005, 0.331882293, 0.943320806, 2.92987816e-005, 1.92859709e-005, -3.78444466e-005, 0.999999999, 0.096892749, -0.0426918945, -0.167577393, 0, 0, 0, 0, 0, 0, 0, 0.16969502, 0.0188031738, -0.139926318, 0, 0, 0, 0, 0, 0, 0, 1, 1, 1, 
188.771831, 0.1, 0.1, 0.100350285, 0.178059965, -0.0199679822, 0.943321991, -0.331878926, -1.03371211e-005, 0.331878926, 0.943321991, -1.81528799e-005, 1.5775792e-005, 1.36933381e-005, 1, 0.943321797, -0.331879476, 1.86865074e-005, 0.331879476, 0.943321797, -2.44121424e-005, -9.52550071e-006, 2.92301744e-005, 1, 0.096892749, -0.0426918945, -0.167577393, 0, 0, 0, 0, 0, 0, 0, 0.16969502, 0.0188031738, -0.139926318, 0, 0, 0, 0, 0, 0, 0, 1, 1, 1, 
188.772536, 0.1, 0.1, 0.100350292, 0.17805996, -0.0199724215, 0.943322989, -0.331876089, 4.72307868e-006, 0.331876089, 0.943322989, 1.33156472e-005, -8.8745336e-006, -1.09934792e-005, 1, 0.943322796, -0.331876636, -2.09179304e-005, 0.331876637, 0.943322796, 1.9113784e-005, 1.33889422e-005, -2.49726405e-005, 1, 0.096892749, -0.0426918945, -0.167577393, 0, 0, 0, 0, 0, 0, 0, 0.16969502, 0.0188031738, -0.139926318, 0, 0, 0, 0, 0, 0, 0, 1, 1, 1, 
188.773242, 0.1, 0.1, 0.100350289, 0.178059961, -0.0199756161, 0.943323977, -0.33187328, -3.75784005e-006, 0.33187328, 0.943323977, -1.54214074e-005, 8.66281367e-006, 1.33002567e-005, 1, 0.943323787, -0.331873822, 1.79151391e-005, 0.331873822, 0.943323786, -2.04151497e-005, -1.01245231e-005, 2.5203662e-005, 1, 0.096892749, -0.0426918945, -0.167577393, 0, 0, 0, 0, 0, 0, 0, 0.16969502, 0.0188031738, -0.139926318, 0, 0, 0, 0, 0, 0, 0, 1, 1, 1, 
188.773948, 0.1, 0.1, 0.100350293, 0.178059958, -0.0199766871, 0.943324944, -0.331870532, 1.2118793e-005, 0.331870532, 0.943324944, 8.77514515e-006, -1.43441718e-005, -4.25594302e-006, 1, 0.943324757, -0.331871062, -9.71631727e-006, 0.331871062, 0.943324757, 1.38229555e-005, 4.57820371e-006, -1.62641007e-005, 1, 0.096892749, -0.0426918945, -0.167577393, 0, 0, 0, 0, 0, 0, 0, 0.16969502, 0.0188031738, -0.139926318, 0, 0, 0, 0, 0, 0, 0, 1, 1, 1, 
188.774656, 0.1, 0.1, 0.100350291, 0.178059959, -0.0199754532, 0.943325891, -0.331867839, -7.69917767e-006, 0.331867839, 0.943325891, -1.24895824e-005, 1.14077244e-005, 9.22663697e-006, 1, 0.943325709, -0.331868357, 1.5563852e-005, 0.331868357, 0.943325709, -1.85586778e-005, -8.52274377e-006, 2.26720279e-005, 1, 0.096892749, -0.0426918945, -0.167577393, 0, 0, 0, 0, 0, 0, 0, 0.16969502, 0.0188031738, -0.139926318, 0, 0, 0, 0, 0, 0, 0, 1, 1, 1, 
188.775386, 0.1, 0.1, 0.100350296, 0.178059953, -0.0199721008, 0.943326859, -0.331865088, 1.60888563e-005, 0.331865088, 0.943326859, 1.33048698e-005, -1.95924721e-005, -7.21151129e-006, 1, 0.943326677, -0.331865606, -1.05659376e-005, 0.331865606, 0.943326677, 2.00561303e-005, 3.31119099e-006, -2.2425954e-005, 1, 0.0971089111, -0.0453593262, -0.167022144, 0, 0, 0, 0, 0, 0, 0, 0.169713672, 0.0160091309, -0.139493506, 0, 0, 0, 0, 0, 0, 0, 1, 1, 1, 
188.776092, 0.1, 0.1, 0.100350293, 0.178059955, -0.0199681476, 0.943327799, -0.331862416, -1.3881903e-005, 0.331862416, 0.943327799, -1.34261208e-005, 1.75508099e-005, 8.05835115e-006, 1, 0.943327615, -0.331862939, 1.70024432e-005, 0.331862939, 0.943327615, -2.12720135e-005, -8.97948129e-006, 2.57089586e-005, 1, 0.0971089111, -0.0453593262, -0.167022144, 0, 0, 0, 0, 0, 0, 0, 0.169713672, 0.0160091309, -0.139493506, 0, 0, 0, 0, 0, 0, 0, 1, 1, 1, 
188.776799, 0.1, 0.1, 0.1003503, 0.178059949, -0.0199647518, 0.943328761, -0.331859682, 1.50498448e-005, 0.331859682, 0.943328761, 1.82193415e-005, -2.02432163e-005, -1.21923921e-005, 1, 0.943328573, -0.331860215, -1.83602252e-005, 0.331860216, 0.943328573, 2.66793043e-005, 8.46592537e-006, -3.12603784e-005, 0.999999999, 0.0971089111, -0.0453593262, -0.167022144, 0, 0, 0, 0, 0, 0, 0, 0.169713672, 0.0160091309, -0.139493506, 0, 0, 0, 0, 0, 0, 0, 1, 1, 1, 
188.777502, 0.1, 0.1, 0.100350296, 0.178059951, -0.0199629453, 0.943329745, -0.331856884, -1.47718853e-005, 0.331856884, 0.943329745, -1.76072314e-005, 1.97778397e-005, 1.17072733e-005, 1, 0.943329552, -0.331857433, 2.04436354e-005, 0.331857434, 0.943329552, -2.60291137e-005, -1.06471306e-005, 3.13384045e-005, 0.999999999, 0.0971089111, -0.0453593262, -0.167022144, 0, 0, 0, 0, 0, 0, 0, 0.169713672, 0.0160091309, -0.139493506, 0, 0, 0, 0, 0, 0, 0, 1, 1, 1, 
188.778207, 0.1, 0.1, 0.100350303, 0.178059945, -0.0199631304, 0.943330767, -0.33185398, 9.93725638e-006, 0.33185398, 0.943330767, 1.97306638e-005, -1.5921819e-005, -1.53148242e-005, 1, 0.943330567, -0.331854548, -2.46704169e-005, 0.331854549, 0.943330566, 2.81061572e-005, 1.39452022e-005, -3.47003872e-005, 0.999999999, 0.0971089111, -0.0453593262, -0.167022144, 0, 0, 0, 0, 0, 0, 0, 0.169713672, 0.0160091309, -0.139493506, 0, 0, 0, 0, 0, 0, 0, 1, 1, 1, 
188.778912, 0.1, 0.1, 0.100350299, 0.178059947, -0.0199650928, 0.943331818, -0.331850991, -1.07354441e-005, 0.331850991, 0.943331818, -1.90850227e-005, 1.64604697e-005, 1.44409414e-005, 1, 0.943331614, -0.331851571, 2.16624157e-005, 0.331851572, 0.943331614, -2.65076415e-005, -1.16382391e-005, 3.21942029e-005, 0.999999999, 0.0971089111, -0.0453593262, -0.167022144, 0, 0, 0, 0, 0, 0, 0, 0.169713672, 0.0160091309, -0.139493506, 0, 0, 0, 0, 0, 0, 0, 1, 1, 1, 
188.779632, 0.1, 0.1, 0.100350306, 0.178059941, -0.0199681909, 0.943332904, -0.331847905, 1.00574743e-005, 0.331847905, 0.943332904, 1.56767713e-005, -1.46898502e-005, -1.14508624e-005, 1, 0.943332677, -0.33184855, -2.22591374e-005, 0.33184855, 0.943332677, 2.30967512e-005, 1.33331483e-005, -2.91745826e-005, 0.999999999, 0.0971089111, -0.0453593262, -0.167022144, 0, 0, 0, 0, 0, 0, 0, 0.169713672, 0.0160091309, -0.139493506, 0, 0, 0, 0, 0, 0, 0, 1, 1, 1, 
188.780355, 0.1, 0.1, 0.100350303, 0.178059943, -0.0199710903, 0.943333995, -0.331844803, -5.95844139e-006, 0.331844803, 0.943333995, -1.73146598e-005, 1.13665802e-005, 1.43562294e-005, 1, 0.943333783, -0.331845405, 2.15621042e-005, 0.331845405, 0.943333783, -2.37694194e-005, -1.24524887e-005, 2.95777815e-005, 0.999999999, 0.0975009521, -0.0476195801, -0.166420874, 0, 0, 0, 0, 0, 0, 0, 0.169666406, 0.0136098145, -0.139255859, 0, 0, 0, 0, 0, 0, 0, 1, 1, 1, 
188.781061, 0.1, 0.1, 0.100350308, 0.178059939, -0.0199731011, 0.943335052, -0.3318418, 7.55542624e-006, 0.3318418, 0.943335052, 1.32406095e-005, -1.15210861e-005, -9.98312479e-006, 1, 0.943334846, -0.331842385, -1.71847219e-005, 0.331842385, 0.943334846, 1.88248904e-005, 9.96405045e-006, -2.34607942e-005, 1, 0.0975009521, -0.0476195801, -0.166420874, 0, 0, 0, 0, 0, 0, 0, 0.169666406, 0.0136098145, -0.139255859, 0, 0, 0, 0, 0, 0, 0, 1, 1, 1, 
188.781768, 0.1, 0.1, 0.100350306, 0.17805994, -0.0199738132, 0.943336088, -0.331838854, -1.1916015e-005, 0.331838854, 0.943336088, -1.17748653e-005, 1.51481647e-005, 7.15345859e-006, 1, 0.943335888, -0.331839422, 1.28387222e-005, 0.331839422, 0.943335888, -1.78775105e-005, -6.17876463e-006, 2.11248914e-005, 1, 0.0975009521, -0.0476195801, -0.166420874, 0, 0, 0, 0, 0, 0, 0, 0.169666406, 0.0136098145, -0.139255859, 0, 0, 0, 0, 0, 0, 0, 1, 1, 1, 
188.782483, 0.1, 0.1, 0.100350312, 0.178059935, -0.0199730763, 0.943337117, -0.331835929, 1.01439296e-005, 0.331835929, 0.943337117, 1.3756774e-005, -1.41341372e-005, -9.61115519e-006, 1, 0.943336902, -0.331836539, -1.73930974e-005, 0.33183654, 0.943336902, 2.04653611e-005, 9.61639602e-006, -2.50773956e-005, 1, 0.0975009521, -0.0476195801, -0.166420874, 0, 0, 0, 0, 0, 0, 0, 0.169666406, 0.0136098145, -0.139255859, 0, 0, 0, 0, 0, 0, 0, 1, 1, 1, 
188.783189, 0.1, 0.1, 0.100350309, 0.178059936, -0.0199711348, 0.943338121, -0.331833075, -1.38891844e-005, 0.331833075, 0.943338121, -1.20821253e-005, 1.71114459e-005, 6.78863865e-006, 1, 0.943337926, -0.33183363, 1.3676868e-005, 0.33183363, 0.943337925, -1.89746166e-005, -6.60549237e-006, 2.24379203e-005, 1, 0.0975009521, -0.0476195801, -0.166420874, 0, 0, 0, 0, 0, 0, 0, 0.16984873, 0.0112771484, -0.138961816, 0, 0, 0, 0, 0, 0, 0, 1, 1, 1, 
188.783895, 0.1, 0.1, 0.100350316, 0.17805993, -0.0199687592, 0.943339123, -0.331830227, 1.17347123e-005, 0.331830227, 0.943339123, 1.62789448e-005, -1.64716592e-005, -1.14626333e-005, 1, 0.943338927, -0.331830784, -1.81591735e-005, 0.331830784, 0.943338926, 2.37986107e-005, 9.23314358e-006, -2.84759287e-005, 1, 0.0975009521, -0.0476195801, -0.166420874, 0, 0, 0, 0, 0, 0, 0, 0.16984873, 0.0112771484, -0.138961816, 0, 0, 0, 0, 0, 0, 0, 1, 1, 1, 
188.784622, 0.1, 0.1, 0.100350313, 0.178059932, -0.0199664598, 0.943340166, -0.33182726, -1.65418186e-005, 0.33182726, 0.943340166, -1.56273927e-005, 2.07901568e-005, 9.25292085e-006, 1, 0.943339968, -0.331827825, 1.53567079e-005, 0.331827825, 0.943339967, -2.34854908e-005, -6.693457e-006, 2.72505851e-005, 1, 0.0975009521, -0.0476195801, -0.166420874, 0, 0, 0, 0, 0, 0, 0, 0.16984873, 0.0112771484, -0.138961816, 0, 0, 0, 0, 0, 0, 0, 1, 1, 1, 
188.785342, 0.1, 0.1, 0.10035032, 0.178059926, -0.0199648653, 0.943341221, -0.331824261, 1.11205264e-005, 0.33182426, 0.943341221, 1.90671533e-005, -1.6817395e-005, -1.42967713e-005, 1, 0.943341018, -0.331824837, -2.28320875e-005, 0.331824838, 0.943341018, 2.74732532e-005, 1.24221369e-005, -3.34929004e-005, 0.999999999, 0.0977379883, -0.0498125732, -0.166416089, 0, 0, 0, 0, 0, 0, 0, 0.16984873, 0.0112771484, -0.138961816, 0, 0, 0, 0, 0, 0, 0, 1, 1, 1, 
188.78605, 0.1, 0.1, 0.100350316, 0.178059928, -0.0199646654, 0.943342281, -0.331821249, -1.14507109e-005, 0.331821249, 0.943342281, -1.79425001e-005, 1.67556426e-005, 1.31263298e-005, 1, 0.943342074, -0.331821837, 2.14920455e-005, 0.331821837, 0.943342074, -2.57223387e-005, -1.17391171e-005, 3.13964944e-005, 0.999999999, 0.0977379883, -0.0498125732, -0.166416089, 0, 0, 0, 0, 0, 0, 0, 0.16984873, 0.0112771484, -0.138961816, 0, 0, 0, 0, 0, 0, 0, 1, 1, 1, 
188.786759, 0.1, 0.1, 0.100350323, 0.178059923, -0.0199657989, 0.943343357, -0.331818188, 1.25450394e-005, 0.331818188, 0.943343357, 1.73523984e-005, -1.75921209e-005, -1.22065975e-005, 1, 0.943343147, -0.331818785, -1.99651592e-005, 0.331818786, 0.943343147, 2.50851162e-005, 1.05102833e-005, -3.02886874e-005, 0.999999999, 0.0977379883, -0.0498125732, -0.166416089, 0, 0, 0, 0, 0, 0, 0, 0.16984873, 0.0112771484, -0.138961816, 0, 0, 0, 0, 0, 0, 0, 1, 1, 1, 
188.787495, 0.1, 0.1, 0.100350318, 0.178059925, -0.0199677973, 0.943344487, -0.331814978, -1.05338875e-005, 0.331814978, 0.943344487, -1.76290624e-005, 1.57866717e-005, 1.31349772e-005, 1, 0.943344254, -0.331815638, 2.22704212e-005, 0.331815638, 0.943344254, -2.52456841e-005, -1.26317611e-005, 3.12050451e-005, 0.999999999, 0.0979824707, -0.052217334, -0.166003394, 0, 0, 0, 0, 0, 0, 0, 0.16984873, 0.0112771484, -0.138961816, 0, 0, 0, 0, 0, 0, 0, 1, 1, 1, 
188.788201, 0.1, 0.1, 0.100350324, 0.178059921, -0.0199697493, 0.943345572, -0.331811893, 9.29967477e-006, 0.331811893, 0.943345572, 1.45501952e-005, -1.36007348e-005, -1.06401195e-005, 1, 0.94334536, -0.331812495, -1.92952499e-005, 0.331812495, 0.94334536, 2.11988603e-005, 1.11680377e-005, -2.64002515e-005, 1, 0.0979824707, -0.052217334, -0.166003394, 0, 0, 0, 0, 0, 0, 0, 0.16962583, 0.00873295898, -0.138933984, 0, 0, 0, 0, 0, 0, 0, 1, 1, 1, 
188.78891, 0.1, 0.1, 0.100350321, 0.178059922, -0.0199713795, 0.943346653, -0.33180882, -7.53368952e-006, 0.33180882, 0.943346653, -1.58890368e-005, 1.23790034e-005, 1.24891251e-005, 1, 0.943346443, -0.331809415, 1.90853643e-005, 0.331809415, 0.943346443, -2.22471216e-005, -1.06223061e-005, 2.73194466e-005, 1, 0.0979824707, -0.052217334, -0.166003394, 0, 0, 0, 0, 0, 0, 0, 0.16962583, 0.00873295898, -0.138933984, 0, 0, 0, 0, 0, 0, 0, 1, 1, 1, 
188.789619, 0.1, 0.1, 0.100350326, 0.178059918, -0.0199722223, 0.943347719, -0.331805787, 1.0175287e-005, 0.331805787, 0.943347719, 1.35893945e-005, -1.41078735e-005, -9.44330516e-006, 1, 0.943347511, -0.331806379, -1.58677202e-005, 0.33180638, 0.943347511, 1.96403526e-005, 8.45198008e-006, -2.37926885e-005, 1, 0.0979824707, -0.052217334, -0.166003394, 0, 0, 0, 0, 0, 0, 0, 0.16962583, 0.00873295898, -0.138933984, 0, 0, 0, 0, 0, 0, 0, 1, 1, 1, 
188.790329, 0.1, 0.1, 0.100350324, 0.178059919, -0.0199720535, 0.943348772, -0.331802795, -1.16989191e-005, 0.331802795, 0.943348772, -1.27003589e-005, 1.52501755e-005, 8.09913393e-006, 1, 0.943348566, -0.331803381, 1.52616662e-005, 0.331803381, 0.943348565, -1.93788297e-005, -7.96710967e-006, 2.33448636e-005, 1, 0.0979824707, -0.052217334, -0.166003394, 0, 0, 0, 0, 0, 0, 0, 0.16962583, 0.00873295898, -0.138933984, 0, 0, 0, 0, 0, 0, 0, 1, 1, 1, 
188.791038, 0.1, 0.1, 0.100350329, 0.178059914, -0.0199709956, 0.943349811, -0.331799841, 9.96575861e-006, 0.331799841, 0.943349811, 1.5441412e-005, -1.45246546e-005, -1.1260016e-005, 1, 0.943349609, -0.331800416, -1.75394334e-005, 0.331800416, 0.943349608, 2.21880017e-005, 9.18382943e-006, -2.6750634e-005, 1, 0.0979824707, -0.052217334, -0.166003394, 0, 0, 0, 0, 0, 0, 0, 0.16962583, 0.00873295898, -0.138933984, 0, 0, 0, 0, 0, 0, 0, 1, 1, 1, 
188.791751, 0.1, 0.1, 0.100350327, 0.178059916, -0.0199693845, 0.943350851, -0.331796882, -1.44057843e-005, 0.331796882, 0.943350851, -1.34061551e-005, 1.80378294e-005, 7.86691352e-006, 1, 0.943350649, -0.331797456, 1.49040857e-005, 0.331797457, 0.943350649, -2.06390767e-005, -7.21178575e-006, 2.44150241e-005, 1, 0.0979824707, -0.052217334, -0.166003394, 0, 0, 0, 0, 0, 0, 0, 0.16962583, 0.00873295898, -0.138933984, 0, 0, 0, 0, 0, 0, 0, 1, 1, 1, 
188.792484, 0.1, 0.1, 0.100350333, 0.17805991, -0.0199676324, 0.943351923, -0.331793835, 1.5654883e-005, 0.331793835, 0.943351923, 1.60951487e-005, -2.01083351e-005, -9.9891958e-006, 1, 0.943351705, -0.331794456, -1.76399158e-005, 0.331794457, 0.943351704, 2.43839439e-005, 8.5501872e-006, -2.88554613e-005, 1, 0.098197168, -0.0544259521, -0.165987744, 0, 0, 0, 0, 0, 0, 0, 0.16962583, 0.00873295898, -0.138933984, 0, 0, 0, 0, 0, 0, 0, 1, 1, 1, 
188.793195, 0.1, 0.1, 0.100350328, 0.178059912, -0.0199662474, 0.943352973, -0.33179085, -1.15074431e-005, 0.331790849, 0.943352973, -1.67110614e-005, 1.6400158e-005, 1.19463652e-005, 1, 0.943352768, -0.331791433, 2.09766806e-005, 0.331791434, 0.943352768, -2.45711476e-005, -1.16359134e-005, 3.01391431e-005, 0.999999999, 0.098197168, -0.0544259521, -0.165987744, 0, 0, 0, 0, 0, 0, 0, 0.169790088, 0.00635366211, -0.138869775, 0, 0, 0, 0, 0, 0, 0, 1, 1, 1, 
188.793905, 0.1, 0.1, 0.100350335, 0.178059907, -0.0199657707, 0.943354038, -0.331787822, 1.20878112e-005, 0.331787822, 0.943354038, 1.75248113e-005, -1.72176045e-005, -1.25215129e-005, 1, 0.94335383, -0.331788414, -2.03610401e-005, 0.331788415, 0.943353829, 2.54395111e-005, 1.07671301e-005, -3.07540175e-005, 0.999999999, 0.098197168, -0.0544259521, -0.165987744, 0, 0, 0, 0, 0, 0, 0, 0.169790088, 0.00635366211, -0.138869775, 0, 0, 0, 0, 0, 0, 0, 1, 1, 1, 
188.794617, 0.1, 0.1, 0.100350331, 0.178059909, -0.0199662772, 0.943355118, -0.33178475, -1.15916328e-005, 0.33178475, 0.943355118, -1.78290626e-005, 1.68504372e-005, 1.29732105e-005, 1, 0.943354909, -0.331785345, 2.03617135e-005, 0.331785346, 0.943354909, -2.53749058e-005, -1.07893005e-005, 3.06932601e-005, 0.999999999, 0.098197168, -0.0544259521, -0.165987744, 0, 0, 0, 0, 0, 0, 0, 0.169790088, 0.00635366211, -0.138869775, 0, 0, 0, 0, 0, 0, 0, 1, 1, 1, 
188.795359, 0.1, 0.1, 0.100350337, 0.178059904, -0.0199674161, 0.943356255, -0.331781518, 1.19318131e-005, 0.331781518, 0.943356255, 1.69353718e-005, -1.68747939e-005, -1.20173338e-005, 1, 0.943356035, -0.331782143, -1.97010391e-005, 0.331782143, 0.943356035, 2.44770712e-005, 1.0464039e-005, -2.96270458e-005, 1, 0.0984674072, -0.0568164307, -0.165572363, 0, 0, 0, 0, 0, 0, 0, 0.170029053, 0.00399609375, -0.138425732, 0, 0, 0, 0, 0, 0, 0, 1, 1, 1, 
188.796067, 0.1, 0.1, 0.100350334, 0.178059906, -0.0199687059, 0.943357343, -0.331778425, -9.6162546e-006, 0.331778425, 0.943357343, -1.60618432e-005, 1.44005374e-005, 1.19615919e-005, 1, 0.94335713, -0.33177903, 2.01959519e-005, 0.331779031, 0.94335713, -2.30346897e-005, -1.14095682e-005, 2.84305322e-005, 1, 0.0984674072, -0.0568164307, -0.165572363, 0, 0, 0, 0, 0, 0, 0, 0.170029053, 0.00399609375, -0.138425732, 0, 0, 0, 0, 0, 0, 0, 1, 1, 1, 
188.796775, 0.1, 0.1, 0.10035034, 0.178059901, -0.0199700081, 0.943358429, -0.331775338, 7.83821875e-006, 0.331775338, 0.943358429, 1.58346435e-005, -1.26477939e-005, -1.23372168e-005, 1, 0.94335822, -0.331775931, -1.98829342e-005, 0.331775932, 0.94335822, 2.24576861e-005, 1.13058097e-005, -2.77823218e-005, 1, 0.0984674072, -0.0568164307, -0.165572363, 0, 0, 0, 0, 0, 0, 0, 0.170029053, 0.00399609375, -0.138425732, 0, 0, 0, 0, 0, 0, 0, 1, 1, 1, 
188.797488, 0.1, 0.1, 0.100350337, 0.178059903, -0.0199709425, 0.943359511, -0.33177226, -1.1988443e-005, 0.331772259, 0.943359511, -1.44904546e-005, 1.61169426e-005, 9.6922754e-006, 1, 0.943359303, -0.331772853, 1.53199218e-005, 0.331772853, 0.943359302, -2.09414476e-005, -7.50438692e-006, 2.48380435e-005, 1, 0.0984674072, -0.0568164307, -0.165572363, 0, 0, 0, 0, 0, 0, 0, 0.170029053, 0.00399609375, -0.138425732, 0, 0, 0, 0, 0, 0, 0, 1, 1, 1, 
188.798195, 0.1, 0.1, 0.100350343, 0.178059899, -0.0199712452, 0.943360575, -0.331769235, 8.45798166e-006, 0.331769235, 0.943360575, 1.42128048e-005, -1.26942978e-005, -1.06017016e-005, 1, 0.943360368, -0.331769823, -1.88204917e-005, 0.331769824, 0.943360368, 2.08062712e-005, 1.08516131e-005, -2.58718828e-005, 1, 0.0984674072, -0.0568164307, -0.165572363, 0, 0, 0, 0, 0, 0, 0, 0.170029053, 0.00399609375, -0.138425732, 0, 0, 0, 0, 0, 0, 0, 1, 1, 1, 
188.798905, 0.1, 0.1, 0.10035034, 0.1780599, -0.0199708664, 0.943361633, -0.331766227, -1.19005996e-005, 0.331766227, 0.943361633, -1.461304e-005, 1.60746823e-005, 9.83716428e-006, 1, 0.943361429, -0.331766808, 1.54553637e-005, 0.331766808, 0.943361428, -2.1301537e-005, -7.51285105e-006, 2.5222625e-005, 1, 0.0984674072, -0.0568164307, -0.165572363, 0, 0, 0, 0, 0, 0, 0, 0.170029053, 0.00399609375, -0.138425732, 0, 0, 0, 0, 0, 0, 0, 1, 1, 1, 
188.79962, 0.1, 0.1, 0.100350345, 0.178059896, -0.0199699305, 0.943362689, -0.331763223, 1.22394822e-005, 0.331763223, 0.943362689, 1.44211537e-005, -1.63306793e-005, -9.54376824e-006, 1, 0.943362486, -0.331763801, -1.64253129e-005, 0.331763801, 0.943362486, 2.14106721e-005, 8.39173809e-006, -2.56473491e-005, 1, 0.0984674072, -0.0568164307, -0.165572363, 0, 0, 0, 0, 0, 0, 0, 0.170029053, 0.00399609375, -0.138425732, 0, 0, 0, 0, 0, 0, 0, 1, 1, 1, 
188.800351, 0.1, 0.1, 0.100350341, 0.178059898, -0.0199685483, 0.943363769, -0.331760154, -1.17867724e-005, 0.331760154, 0.943363769, -1.638954e-005, 1.65566103e-005, 1.15509168e-005, 1, 0.943363564, -0.331760737, 1.82347996e-005, 0.331760737, 0.943363563, -2.39209337e-005, -9.26601892e-006, 2.86157278e-005, 1, 0.098937207, -0.0589972168, -0.165144165, 0, 0, 0, 0, 0, 0, 0, 0.170009619, 0.0014519043, -0.138354932, 0, 0, 0, 0, 0, 0, 0, 1, 1, 1, 
188.801059, 0.1, 0.1, 0.100350347, 0.178059893, -0.0199673473, 0.943364821, -0.331757161, 1.32505392e-005, 0.331757161, 0.943364821, 1.59489106e-005, -1.77912578e-005, -1.06496799e-005, 1, 0.943364617, -0.331757742, -1.77620037e-005, 0.331757742, 0.943364617, 2.33959836e-005, 8.99424715e-006, -2.79636253e-005, 1, 0.098937207, -0.0589972168, -0.165144165, 0, 0, 0, 0, 0, 0, 0, 0.170009619, 0.0014519043, -0.138354932, 0, 0, 0, 0, 0, 0, 0, 1, 1, 1, 
188.801767, 0.1, 0.1, 0.100350343, 0.178059896, -0.0199667676, 0.94336588, -0.331754151, -1.08058236e-005, 0.331754151, 0.94336588, -1.6547379e-005, 1.5683507e-005, 1.2025356e-005, 1, 0.943365674, -0.331754737, 2.06455388e-005, 0.331754737, 0.943365673, -2.42513659e-005, -1.14307871e-005, 2.97271615e-005, 0.999999999, 0.098937207, -0.0589972168, -0.165144165, 0, 0, 0, 0, 0, 0, 0, 0.170009619, 0.0014519043, -0.138354932, 0, 0, 0, 0, 0, 0, 0, 1, 1, 1, 
188.802474, 0.1, 0.1, 0.100350349, 0.178059891, -0.0199669463, 0.943366945, -0.331751121, 1.23102023e-005, 0.33175112, 0.943366945, 1.72810371e-005, -1.73460414e-005, -1.22184358e-005, 1, 0.943366738, -0.331751711, -1.8792638e-005, 0.331751712, 0.943366737, 2.46669647e-005, 9.54504189e-006, -2.95044838e-005, 1, 0.098937207, -0.0589972168, -0.165144165, 0, 0, 0, 0, 0, 0, 0, 0.170009619, 0.0014519043, -0.138354932, 0, 0, 0, 0, 0, 0, 0, 1, 1, 1, 
188.803182, 0.1, 0.1, 0.100350345, 0.178059893, -0.019967737, 0.943368021, -0.331748061, -9.4075903e-006, 0.331748061, 0.943368021, -1.62590002e-005, 1.42687116e-005, 1.2217271e-005, 1, 0.943367813, -0.331748653, 2.09423311e-005, 0.331748653, 0.943367813, -2.34789458e-005, -1.19672125e-005, 2.90968719e-005, 1, 0.098937207, -0.0589972168, -0.165144165, 0, 0, 0, 0, 0, 0, 0, 0.170009619, 0.0014519043, -0.138354932, 0, 0, 0, 0, 0, 0, 0, 1, 1, 1, 
188.803891, 0.1, 0.1, 0.100350351, 0.178059888, -0.0199688575, 0.943369102, -0.331744989, 9.28440585e-006, 0.331744989, 0.943369102, 1.69858025e-005, -1.43935765e-005, -1.29438261e-005, 1, 0.943368893, -0.331745581, -1.96531795e-005, 0.331745581, 0.943368893, 2.38809856e-005, 1.06177868e-005, -2.90484344e-005, 1, 0.098937207, -0.0589972168, -0.165144165, 0, 0, 0, 0, 0, 0, 0, 0.170009619, 0.0014519043, -0.138354932, 0, 0, 0, 0, 0, 0, 0, 1, 1, 1, 
188.804603, 0.1, 0.1, 0.100350347, 0.17805989, -0.0199699829, 0.943370181, -0.331741919, -1.09897659e-005, 0.331741919, 0.943370181, -1.46147448e-005, 1.5215741e-005, 1.01413484e-005, 1, 0.94336997, -0.331742519, 1.75304428e-005, 0.331742519, 0.94336997, -2.12969114e-005, -9.47260223e-006, 2.59064599e-005, 1, 0.098937207, -0.0589972168, -0.165144165, 0, 0, 0, 0, 0, 0, 0, 0.170009619, 0.0014519043, -0.138354932, 0, 0, 0, 0, 0, 0, 0, 1, 1, 1, 
188.805361, 0.1, 0.1, 0.100350353, 0.178059885, -0.0199704565, 0.943371321, -0.331738679, 1.21527843e-005, 0.331738679, 0.943371321, 1.57064527e-005, -1.66750261e-005, -1.07854685e-005, 1, 0.943371081, -0.331739362, -1.99435126e-005, 0.331739362, 0.94337108, 2.36499624e-005, 1.09685095e-005, -2.89267388e-005, 1, 0.0991898682, -0.0614039307, -0.164925659, 0, 0, 0, 0, 0, 0, 0, 0.170182178, -0.000907373048, -0.138047705, 0, 0, 0, 0, 0, 0, 0, 1, 1, 1, 
188.806071, 0.1, 0.1, 0.100350349, 0.178059887, -0.0199700863, 0.943372404, -0.3317356, -8.81972988e-006, 0.331735599, 0.943372404, -1.56950104e-005, 1.35268835e-005, 1.18804213e-005, 1, 0.943372196, -0.331736189, 1.96359466e-005, 0.331736189, 0.943372196, -2.24954181e-005, -1.10614618e-005, 2.77355061e-005, 1, 0.0991898682, -0.0614039307, -0.164925659, 0, 0, 0, 0, 0, 0, 0, 0.170182178, -0.000907373048, -0.138047705, 0, 0, 0, 0, 0, 0, 0, 1, 1, 1, 
188.806776, 0.1, 0.1, 0.100350355, 0.178059883, -0.0199694924, 0.943373463, -0.331732588, 1.21143391e-005, 0.331732587, 0.943373463, 1.39285196e-005, -1.60488899e-005, -9.12107473e-006, 1, 0.943373257, -0.331733171, -1.63291703e-005, 0.331733172, 0.943373257, 2.09073726e-005, 8.46883354e-006, -2.51403836e-005, 1, 0.0991898682, -0.0614039307, -0.164925659, 0, 0, 0, 0, 0, 0, 0, 0.170182178, -0.000907373048, -0.138047705, 0, 0, 0, 0, 0, 0, 0, 1, 1, 1, 
188.807491, 0.1, 0.1, 0.100350351, 0.178059885, -0.0199688452, 0.943374533, -0.331729545, -1.47774707e-005, 0.331729545, 0.943374533, -1.54879202e-005, 1.90784902e-005, 9.70878583e-006, 1, 0.94337431, -0.331730179, 1.73112828e-005, 0.331730179, 0.943374309, -2.32836228e-005, -8.60713909e-006, 2.77078465e-005, 1, 0.0991898682, -0.0614039307, -0.164925659, 0, 0, 0, 0, 0, 0, 0, 0.170182178, -0.000907373048, -0.138047705, 0, 0, 0, 0, 0, 0, 0, 1, 1, 1, 
188.80821, 0.1, 0.1, 0.100350358, 0.17805988, -0.0199681066, 0.943375609, -0.331726483, 8.39667124e-006, 0.331726483, 0.943375609, 1.65617773e-005, -1.3415195e-005, -1.28385785e-005, 1, 0.943375402, -0.331727071, -2.19774384e-005, 0.331727072, 0.943375402, 2.40096263e-005, 1.27683318e-005, -2.99406021e-005, 0.999999999, 0.0994309326, -0.0635853271, -0.16440188, 0, 0, 0, 0, 0, 0, 0, 0.170153223, -0.00349819336, -0.137553857, 0, 0, 0, 0, 0, 0, 0, 1, 1, 1, 
188.808916, 0.1, 0.1, 0.100350354, 0.178059882, -0.0199677039, 0.943376673, -0.331723459, -1.36476829e-005, 0.331723459, 0.943376673, -1.59840438e-005, 1.8177188e-005, 1.05517175e-005, 1, 0.943376467, -0.331724044, 1.64729664e-005, 0.331724045, 0.943376467, -2.32330814e-005, -7.83323713e-006, 2.73820213e-005, 1, 0.0994309326, -0.0635853271, -0.16440188, 0, 0, 0, 0, 0, 0, 0, 0.170153223, -0.00349819336, -0.137553857, 0, 0, 0, 0, 0, 0, 0, 1, 1, 1, 
188.809629, 0.1, 0.1, 0.100350361, 0.178059878, -0.0199677716, 0.943377748, -0.331720402, 1.19057386e-005, 0.331720401, 0.943377748, 1.57770847e-005, -1.64651897e-005, -1.09343743e-005, 1, 0.943377529, -0.331721023, -2.03422113e-005, 0.331721024, 0.943377529, 2.35166402e-005, 1.13894211e-005, -2.89330091e-005, 1, 0.0994309326, -0.0635853271, -0.16440188, 0, 0, 0, 0, 0, 0, 0, 0.170153223, -0.00349819336, -0.137553857, 0, 0, 0, 0, 0, 0, 0, 1, 1, 1, 
188.810338, 0.1, 0.1, 0.100350356, 0.17805988, -0.0199681593, 0.943378823, -0.331717344, -9.08407529e-006, 0.331717344, 0.943378823, -1.70054652e-005, 1.4210732e-005, 1.30292504e-005, 1, 0.943378613, -0.33171794, 2.09424105e-005, 0.331717941, 0.943378613, -2.42317776e-005, -1.17185068e-005, 2.9806714e-005, 0.999999999, 0.0994309326, -0.0635853271, -0.16440188, 0, 0, 0, 0, 0, 0, 0, 0.170153223, -0.00349819336, -0.137553857, 0, 0, 0, 0, 0, 0, 0, 1, 1, 1, 
188.811053, 0.1, 0.1, 0.100350362, 0.178059876, -0.0199687506, 0.943379908, -0.331714257, 1.28154988e-005, 0.331714257, 0.943379908, 1.53903854e-005, -1.71950944e-005, -1.02678967e-005, 1, 0.943379696, -0.33171486, -1.70229401e-005, 0.33171486, 0.943379696, 2.24740477e-005, 8.60412048e-006, -2.68483224e-005, 1, 0.0994309326, -0.0635853271, -0.16440188, 0, 0, 0, 0, 0, 0, 0, 0.170153223, -0.00349819336, -0.137553857, 0, 0, 0, 0, 0, 0, 0, 1, 1, 1, 
188.811762, 0.1, 0.1, 0.100350358, 0.178059878, -0.0199693545, 0.94338098, -0.331711209, -8.53611975e-006, 0.331711208, 0.94338098, -1.58617556e-005, 1.33143351e-005, 1.2132152e-005, 1, 0.943380772, -0.331711801, 2.04830735e-005, 0.331711801, 0.943380772, -2.28272608e-005, -1.17512659e-005, 2.83292761e-005, 1, 0.0994309326, -0.0635853271, -0.16440188, 0, 0, 0, 0, 0, 0, 0, 0.170153223, -0.00349819336, -0.137553857, 0, 0, 0, 0, 0, 0, 0, 1, 1, 1, 
188.812482, 0.1, 0.1, 0.100350363, 0.178059873, -0.0199697875, 0.943382066, -0.33170812, 1.28840649e-005, 0.33170812, 0.943382066, 1.49974092e-005, -1.71293581e-005, -9.874538e-006, 1, 0.943381858, -0.331708713, -1.54510852e-005, 0.331708713, 0.943381858, 2.17693642e-005, 7.35518571e-006, -2.56620829e-005, 1, 0.100101636, -0.0657952881, -0.163956714, 0, 0, 0, 0, 0, 0, 0, 0.170153223, -0.00349819336, -0.137553857, 0, 0, 0, 0, 0, 0, 0, 1, 1, 1, 
188.813204, 0.1, 0.1, 0.100350358, 0.178059876, -0.0199696881, 0.943383156, -0.33170502, -8.74277521e-006, 0.33170502, 0.943383156, -1.64081746e-005, 1.36904608e-005, 1.25791732e-005, 1, 0.943382949, -0.33170561, 2.04156376e-005, 0.33170561, 0.943382949, -2.35608153e-005, -1.14445098e-005, 2.89988529e-005, 1, 0.100101636, -0.0657952881, -0.163956714, 0, 0, 0, 0, 0, 0, 0, 0.170357275, -0.00585576172, -0.137276416, 0, 0, 0, 0, 0, 0, 0, 1, 1, 1, 
188.813909, 0.1, 0.1, 0.100350364, 0.178059872, -0.0199694515, 0.943384217, -0.331702002, 1.02655565e-005, 0.331702002, 0.943384217, 1.50771944e-005, -1.46854996e-005, -1.08184816e-005, 1, 0.943384011, -0.331702588, -1.80213363e-005, 0.331702588, 0.943384011, 2.18291217e-005, 9.76026439e-006, -2.65709683e-005, 1, 0.100101636, -0.0657952881, -0.163956714, 0, 0, 0, 0, 0, 0, 0, 0.170357275, -0.00585576172, -0.137276416, 0, 0, 0, 0, 0, 0, 0, 1, 1, 1, 
188.814626, 0.1, 0.1, 0.10035036, 0.178059874, -0.0199690814, 0.943385291, -0.331698948, -1.42894457e-005, 0.331698948, 0.943385291, -1.48558616e-005, 1.84081266e-005, 9.27500718e-006, 1, 0.943385085, -0.331699534, 1.51918244e-005, 0.331699534, 0.943385085, -2.20921814e-005, -7.00377431e-006, 2.58805555e-005, 1, 0.100101636, -0.0657952881, -0.163956714, 0, 0, 0, 0, 0, 0, 0, 0.170357275, -0.00585576172, -0.137276416, 0, 0, 0, 0, 0, 0, 0, 1, 1, 1, 
188.815342, 0.1, 0.1, 0.100350367, 0.178059869, -0.0199686956, 0.943386362, -0.331695902, 9.68976665e-006, 0.331695902, 0.943386362, 1.62546079e-005, -1.45327805e-005, -1.21203196e-005, 1, 0.943386142, -0.331696527, -2.17587549e-005, 0.331696527, 0.943386142, 2.38216101e-005, 1.26253626e-005, -2.96902803e-005, 0.999999999, 0.100101636, -0.0657952881, -0.163956714, 0, 0, 0, 0, 0, 0, 0, 0.170357275, -0.00585576172, -0.137276416, 0, 0, 0, 0, 0, 0, 0, 1, 1, 1, 
188.816042, 0.1, 0.1, 0.100350363, 0.178059871, -0.0199684387, 0.943387414, -0.331692911, -1.29492954e-005, 0.331692911, 0.943387414, -1.46451242e-005, 1.70738861e-005, 9.52083635e-006, 1, 0.943387209, -0.331693494, 1.66811488e-005, 0.331693494, 0.943387209, -2.17987437e-005, -8.50628097e-006, 2.60976845e-005, 1, 0.100101636, -0.0657952881, -0.163956714, 0, 0, 0, 0, 0, 0, 0, 0.170357275, -0.00585576172, -0.137276416, 0, 0, 0, 0, 0, 0, 0, 1, 1, 1, 
188.816748, 0.1, 0.1, 0.100350369, 0.178059867, -0.0199684298, 0.943388475, -0.331689893, 9.57935378e-006, 0.331689893, 0.943388475, 1.70281089e-005, -1.46851036e-005, -1.28867468e-005, 1, 0.943388269, -0.331690479, -2.0298505e-005, 0.33169048, 0.943388268, 2.42687298e-005, 1.10996648e-005, -2.96276558e-005, 0.999999999, 0.100101636, -0.0657952881, -0.163956714, 0, 0, 0, 0, 0, 0, 0, 0.170357275, -0.00585576172, -0.137276416, 0, 0, 0, 0, 0, 0, 0, 1, 1, 1, 
188.817476, 0.1, 0.1, 0.100350366, 0.178059869, -0.0199685991, 0.943389567, -0.331686787, -1.56842348e-005, 0.331686786, 0.943389567, -1.41357361e-005, 1.94849804e-005, 8.13325252e-006, 1, 0.943389343, -0.331687425, 1.60827948e-005, 0.331687426, 0.943389342, -2.16632359e-005, -7.98691423e-006, 2.57713267e-005, 1, 0.100769653, -0.0677894531, -0.16327207, 0, 0, 0, 0, 0, 0, 0, 0.170357275, -0.00585576172, -0.137276416, 0, 0, 0, 0, 0, 0, 0, 1, 1, 1, 
188.818177, 0.1, 0.1, 0.100350372, 0.178059864, -0.0199687571, 0.94339062, -0.331683792, 8.47678272e-006, 0.331683792, 0.94339062, 1.62076942e-005, -1.33727468e-005, -1.24785753e-005, 1, 0.943390415, -0.331684374, -2.12317108e-005, 0.331684375, 0.943390415, 2.34227731e-005, 1.22608246e-005, -2.91390463e-005, 1, 0.100769653, -0.0677894531, -0.16327207, 0, 0, 0, 0, 0, 0, 0, 0.170765039, -0.00825166016, -0.136769385, 0, 0, 0, 0, 0, 0, 0, 1, 1, 1, 
188.818877, 0.1, 0.1, 0.100350368, 0.178059866, -0.0199690835, 0.943391672, -0.331680801, -9.41860968e-006, 0.3316808, 0.943391672, -1.61097844e-005, 1.42287441e-005, 1.20738644e-005, 1, 0.94339147, -0.331681375, 1.85858138e-005, 0.331681375, 0.94339147, -2.27799034e-005, -9.97802849e-006, 2.76549348e-005, 1, 0.100769653, -0.0677894531, -0.16327207, 0, 0, 0, 0, 0, 0, 0, 0.170765039, -0.00825166016, -0.136769385, 0, 0, 0, 0, 0, 0, 0, 1, 1, 1, 
188.819588, 0.1, 0.1, 0.100350373, 0.178059862, -0.0199694396, 0.943392737, -0.331677772, 1.36570415e-005, 0.331677772, 0.943392737, 1.44157524e-005, -1.76653384e-005, -9.06997902e-006, 1, 0.943392533, -0.331678351, -1.50434278e-005, 0.331678351, 0.943392533, 2.12955336e-005, 7.12858997e-006, -2.50796267e-005, 1, 0.100769653, -0.0677894531, -0.16327207, 0, 0, 0, 0, 0, 0, 0, 0.170765039, -0.00825166016, -0.136769385, 0, 0, 0, 0, 0, 0, 0, 1, 1, 1, 
188.820307, 0.1, 0.1, 0.100350369, 0.178059865, -0.0199695881, 0.943393809, -0.331674722, -8.03264065e-006, 0.331674721, 0.943393809, -1.65024234e-005, 1.30513802e-005, 1.29040602e-005, 1, 0.943393601, -0.331675313, 2.09496169e-005, 0.331675314, 0.943393601, -2.35386617e-005, -1.19565415e-005, 2.91546936e-005, 1, 0.100769653, -0.0677894531, -0.16327207, 0, 0, 0, 0, 0, 0, 0, 0.170704346, -0.0105643066, -0.136402588, 0, 0, 0, 0, 0, 0, 0, 1, 1, 1, 
188.821009, 0.1, 0.1, 0.100350374, 0.178059861, -0.0199695517, 0.943394856, -0.331671744, 1.32645776e-005, 0.331671743, 0.943394856, 1.40228932e-005, -1.71647317e-005, -8.82963969e-006, 1, 0.943394654, -0.331672319, -1.50564277e-005, 0.331672319, 0.943394653, 2.0769018e-005, 7.31564501e-006, -2.45871809e-005, 1, 0.100769653, -0.0677894531, -0.16327207, 0, 0, 0, 0, 0, 0, 0, 0.170704346, -0.0105643066, -0.136402588, 0, 0, 0, 0, 0, 0, 0, 1, 1, 1, 
188.821711, 0.1, 0.1, 0.10035037, 0.178059863, -0.0199694542, 0.943395898, -0.331668779, -9.11188434e-006, 0.331668778, 0.943395898, -1.57655004e-005, 1.38250386e-005, 1.18509808e-005, 1, 0.943395696, -0.331669353, 1.96470043e-005, 0.331669354, 0.943395696, -2.27913899e-005, -1.09756938e-005, 2.80176084e-005, 1, 0.100769653, -0.0677894531, -0.16327207, 0, 0, 0, 0, 0, 0, 0, 0.170704346, -0.0105643066, -0.136402588, 0, 0, 0, 0, 0, 0, 0, 1, 1, 1, 
188.822426, 0.1, 0.1, 0.100350375, 0.178059859, -0.0199692836, 0.943396956, -0.331665771, 1.31958156e-005, 0.331665771, 0.943396956, 1.49534668e-005, -1.74084454e-005, -9.73045471e-006, 1, 0.943396753, -0.331666347, -1.53072824e-005, 0.331666347, 0.943396753, 2.17656691e-005, 7.22190052e-006, -2.5610572e-005, 1, 0.101099341, -0.0698852783, -0.162942358, 0, 0, 0, 0, 0, 0, 0, 0.170704346, -0.0105643066, -0.136402588, 0, 0, 0, 0, 0, 0, 0, 1, 1, 1, 
188.823123, 0.1, 0.1, 0.100350371, 0.178059861, -0.0199690838, 0.943397988, -0.331662836, -1.06696935e-005, 0.331662835, 0.943397988, -1.47389558e-005, 1.49541312e-005, 1.03659604e-005, 1, 0.943397786, -0.331663408, 1.86131996e-005, 0.331663408, 0.943397786, -2.18278458e-005, -1.03201536e-005, 2.67656587e-005, 1, 0.101099341, -0.0698852783, -0.162942358, 0, 0, 0, 0, 0, 0, 0, 0.170704346, -0.0105643066, -0.136402588, 0, 0, 0, 0, 0, 0, 0, 1, 1, 1, 
188.823827, 0.1, 0.1, 0.100350376, 0.178059857, -0.0199689875, 0.943399029, -0.331659875, 9.48632366e-006, 0.331659875, 0.943399029, 1.65182277e-005, -1.44278219e-005, -1.2437047e-005, 1, 0.943398826, -0.331660451, -1.93778585e-005, 0.331660452, 0.943398826, 2.35189731e-005, 1.04807357e-005, -2.86146409e-005, 1, 0.101099341, -0.0698852783, -0.162942358, 0, 0, 0, 0, 0, 0, 0, 0.170704346, -0.0105643066, -0.136402588, 0, 0, 0, 0, 0, 0, 0, 1, 1, 1, 
188.824532, 0.1, 0.1, 0.100350373, 0.178059859, -0.0199689812, 0.943400072, -0.331656907, -1.33685387e-005, 0.331656907, 0.943400072, -1.44722089e-005, 1.74116884e-005, 9.21931473e-006, 1, 0.94339987, -0.331657481, 1.57854083e-005, 0.331657481, 0.94339987, -2.14192828e-005, -7.78808675e-006, 2.54422974e-005, 1, 0.101099341, -0.0698852783, -0.162942358, 0, 0, 0, 0, 0, 0, 0, 0.170704346, -0.0105643066, -0.136402588, 0, 0, 0, 0, 0, 0, 0, 1, 1, 1, 
188.825261, 0.1, 0.1, 0.100350379, 0.178059854, -0.0199687837, 0.943401156, -0.331653823, 7.38733465e-006, 0.331653823, 0.943401156, 1.81034853e-005, -1.29733102e-005, -1.46288112e-005, 1, 0.943400949, -0.331654411, -2.26318636e-005, 0.331654412, 0.943400949, 2.5598163e-005, 1.28611779e-005, -3.16552887e-005, 0.999999999, 0.101627979, -0.0717944824, -0.162407104, 0, 0, 0, 0, 0, 0, 0, 0.170665137, -0.0128735352, -0.136058984, 0, 0, 0, 0, 0, 0, 0, 1, 1, 1, 
188.825962, 0.1, 0.1, 0.100350376, 0.178059856, -0.0199687234, 0.943402202, -0.331650849, -1.10581965e-005, 0.331650849, 0.943402202, -1.54381635e-005, 1.5552407e-005, 1.08969372e-005, 1, 0.943401998, -0.331651427, 1.75296266e-005, 0.331651427, 0.943401998, -2.20230744e-005, -9.23350072e-006, 2.65903381e-005, 1, 0.101627979, -0.0717944824, -0.162407104, 0, 0, 0, 0, 0, 0, 0, 0.170665137, -0.0128735352, -0.136058984, 0, 0, 0, 0, 0, 0, 0, 1, 1, 1, 
188.82667, 0.1, 0.1, 0.100350381, 0.178059852, -0.0199688259, 0.943403255, -0.331647852, 1.36562976e-005, 0.331647852, 0.943403255, 1.39926434e-005, -1.75240257e-005, -8.67162354e-006, 1, 0.943403051, -0.331648434, -1.62193785e-005, 0.331648434, 0.94340305, 2.13715915e-005, 8.2135563e-006, -2.55411561e-005, 1, 0.101627979, -0.0717944824, -0.162407104, 0, 0, 0, 0, 0, 0, 0, 0.170665137, -0.0128735352, -0.136058984, 0, 0, 0, 0, 0, 0, 0, 1, 1, 1, 
