time, realDorsalTactorPos, realVentralTactorPos, boxPosX, boxPosY, boxPosZ, boxLocalRot_11, boxLocalRot_12, boxLocalRot_13, boxLocalRot_21, boxLocalRot_22, boxLocalRot_23, boxLocalRot_31, boxLocalRot_32, boxLocalRot_33, boxGlobalRot_11, boxGlobalRot_12, boxGlobalRot_13], boxGlobalRot_21, boxGlobalRot_22, boxGlobalRot_23, boxGlobalRot_31, boxGlobalRot_32, boxGlobalRot_33, indexPosX, indexPosY, indexPosZ, indexContact, indexForceX, indexForceY, indexForceZ, indexForceGlobalX, indexForceGlobalY, indexForceGlobalZ, thumbPosX, thumbPosY, thumbPosZ, thumbContact, thumbForceX, thumbForceY, thumbForceZ, thumbForceGlobalX, thumbForceGlobalY, thumbForceGlobalZ, hoopSuccess, targetSuccess, trialSuccess, 
104.043735, 0.1, 0.1, 0.0934505322, 0.182597086, -0.0199654209, 0.853715411, 5.9811515e-006, 0.520739855, 0.520739855, 8.37091978e-007, -0.853715411, -5.54210837e-006, 1, -2.39998564e-006, 0.853715425, 8.96053447e-006, 0.520739833, 0.520739833, -4.13157049e-006, -0.853715425, -5.49827316e-006, 1, -8.19329268e-006, 0.117645996, -0.0723734375, -0.147216455, 0, 0, 0, 0, 0, 0, 0, 0.189332861, -0.016451709, -0.123338818, 0, 0, 0, 0, 0, 0, 0, 1, 1, 1, 
104.066342, 0.1, 0.1, 0.0934506711, 0.182597144, -0.019971254, 0.853709099, 5.93575127e-006, 0.520750203, 0.520750203, -1.80559199e-005, -0.853709099, 4.33521908e-006, 1, -1.85055468e-005, 0.853709169, 1.49835568e-005, 0.520750088, 0.520750088, -1.4224587e-005, -0.853709169, -5.3841449e-006, 1, -1.99463489e-005, 0.118502148, -0.0858029297, -0.145607446, 0, 0, 0, 0, 0, 0, 0, 0.188826904, -0.0290030273, -0.121337939, 0, 0, 0, 0, 0, 0, 0, 1, 1, 1, 
104.067056, 0.1, 0.1, 0.0934506745, 0.182597144, -0.0199680757, 0.853708818, -6.26082001e-006, 0.520750664, 0.520750664, 7.44906401e-006, -0.853708818, 1.46581223e-006, 1, 9.61965781e-006, 0.853708878, -1.30071355e-005, 0.520750565, 0.520750565, 1.70210864e-005, -0.853708878, 2.24056674e-006, 1, 2.13045257e-005, 0.118786768, -0.0879213623, -0.14507832, 0, 0, 0, 0, 0, 0, 0, 0.189058057, -0.0304563965, -0.120710205, 0, 0, 0, 0, 0, 0, 0, 1, 1, 1, 
104.06776, 0.1, 0.1, 0.0934506754, 0.182597148, -0.0199654839, 0.85370855, -1.47151765e-005, 0.520751104, 0.520751104, 6.63719896e-006, -0.85370855, 9.10614328e-006, 1, 1.33291779e-005, 0.853708599, 5.37839795e-006, 0.520751023, 0.520751023, -7.3454404e-006, -0.853708599, -7.66438982e-007, 1, -9.07167187e-006, 0.118786768, -0.0879213623, -0.14507832, 0, 0, 0, 0, 0, 0, 0, 0.189058057, -0.0304563965, -0.120710205, 0, 0, 0, 0, 0, 0, 0, 1, 1, 1, 
104.068463, 0.1, 0.1, 0.0934506785, 0.182597149, -0.0199642146, 0.853708397, 8.00497986e-006, 0.520751354, 0.520751354, -2.40704431e-005, -0.853708397, 5.70079732e-006, 1, -2.47177435e-005, 0.853708423, 1.67107628e-006, 0.520751312, 0.520751312, -1.50199219e-005, -0.853708423, 6.39503212e-006, 1, -1.3692849e-005, 0.118786768, -0.0879213623, -0.14507832, 0, 0, 0, 0, 0, 0, 0, 0.189058057, -0.0304563965, -0.120710205, 0, 0, 0, 0, 0, 0, 0, 1, 1, 1, 
104.069163, 0.1, 0.1, 0.0934506809, 0.18259715, -0.0199645799, 0.853708224, -5.70555289e-006, 0.520751638, 0.520751638, 2.1958567e-005, -0.853708224, -6.56408232e-006, 1, 2.17173853e-005, 0.853708253, -1.55964791e-005, 0.52075159, 0.520751591, 1.69343737e-005, -0.853708253, 4.49624089e-006, 1, 2.25789059e-005, 0.118786768, -0.0879213623, -0.14507832, 0, 0, 0, 0, 0, 0, 0, 0.189058057, -0.0304563965, -0.120710205, 0, 0, 0, 0, 0, 0, 0, 1, 1, 1, 
104.069869, 0.1, 0.1, 0.0934506816, 0.182597155, -0.0199663149, 0.853708112, 1.03029659e-005, 0.520751822, 0.520751822, -7.50974168e-006, -0.853708112, -4.88501392e-006, 1, -1.17764157e-005, 0.853708141, 1.67338164e-005, 0.520751773, 0.520751774, -1.7085081e-005, -0.853708141, -5.38870906e-006, 1, -2.32998373e-005, 0.118786768, -0.0879213623, -0.14507832, 0, 0, 0, 0, 0, 0, 0, 0.189058057, -0.0304563965, -0.120710205, 0, 0, 0, 0, 0, 0, 0, 1, 1, 1, 
104.070623, 0.1, 0.1, 0.0934506854, 0.182597155, -0.0199686211, 0.853707992, 5.71084063e-007, 0.520752019, 0.520752019, -1.41306975e-005, -0.853707992, 6.87105022e-006, 1, -1.23608826e-005, 0.853708002, -9.11869837e-007, 0.520752002, 0.520752002, 8.37571213e-006, -0.853708002, -3.58319828e-006, 1, 7.62527051e-006, 0.118786768, -0.0879213623, -0.14507832, 0, 0, 0, 0, 0, 0, 0, 0.189058057, -0.0304563965, -0.120710205, 0, 0, 0, 0, 0, 0, 0, 1, 1, 1, 
104.071341, 0.1, 0.1, 0.0934506882, 0.182597159, -0.0199705057, 0.853707884, -1.89947699e-005, 0.520752195, 0.520752195, 1.17302604e-005, -0.853707884, 1.0107426e-005, 1, 1.99057839e-005, 0.853707907, -1.309285e-005, 0.520752157, 0.520752157, 2.88703635e-006, -0.853707907, 9.67403919e-006, 1, 9.28281565e-006, 0.118786768, -0.0879213623, -0.14507832, 0, 0, 0, 0, 0, 0, 0, 0.189058057, -0.0304563965, -0.120710205, 0, 0, 0, 0, 0, 0, 0, 1, 1, 1, 
104.072053, 0.1, 0.1, 0.0934506877, 0.182597159, -0.0199716494, 0.853707874, 1.68970467e-005, 0.520752211, 0.520752211, -8.72562124e-006, -0.853707874, -9.88125528e-006, 1, -1.6248306e-005, 0.853707862, 2.71673546e-005, 0.520752231, 0.520752231, -3.28879288e-006, -0.853707862, -2.14803379e-005, 1, -1.69551288e-005, 0.119699243, -0.0900725098, -0.144432397, 0, 0, 0, 0, 0, 0, 0, 0.189588379, -0.0323210938, -0.119936865, 0, 0, 0, 0, 0, 0, 0, 1, 1, 1, 
104.072754, 0.1, 0.1, 0.0934506931, 0.182597161, -0.0199720132, 0.853708036, -1.76244459e-006, 0.520751946, 0.520751946, 1.12352055e-005, -0.853708036, -4.34614202e-006, 1, 1.05093817e-005, 0.853707995, -2.11108018e-005, 0.520752013, 0.520752013, 1.06303378e-005, -0.853707995, 1.24866905e-005, 1, 2.00686968e-005, 0.119699243, -0.0900725098, -0.144432397, 0, 0, 0, 0, 0, 0, 0, 0.189588379, -0.0323210938, -0.119936865, 0, 0, 0, 0, 0, 0, 0, 1, 1, 1, 
104.073462, 0.1, 0.1, 0.0934506937, 0.182597163, -0.0199715392, 0.853708343, -1.6223554e-006, 0.520751443, 0.520751443, 1.44710743e-005, -0.853708343, -6.1508145e-006, 1, 1.31989208e-005, 0.853708275, 1.3339295e-006, 0.520751555, 0.520751555, -5.08840653e-006, -0.853708275, 1.51100896e-006, 1, -5.03866063e-006, 0.119699243, -0.0900725098, -0.144432397, 0, 0, 0, 0, 0, 0, 0, 0.189588379, -0.0323210938, -0.119936865, 0, 0, 0, 0, 0, 0, 0, 1, 1, 1, 
104.074184, 0.1, 0.1, 0.0934506965, 0.182597165, -0.0199702777, 0.853708602, 1.17196789e-005, 0.520751018, 0.520751018, -1.63127369e-005, -0.853708602, -1.51031633e-006, 1, -2.00293585e-005, 0.853708553, 7.3492532e-006, 0.520751098, 0.520751098, -7.31706374e-006, -0.853708553, -2.46375133e-006, 1, -1.00737716e-005, 0.120251904, -0.0921626221, -0.143626221, 0, 0, 0, 0, 0, 0, 0, 0.189588379, -0.0323210938, -0.119936865, 0, 0, 0, 0, 0, 0, 0, 1, 1, 1, 
104.074887, 0.1, 0.1, 0.0934506999, 0.182597166, -0.0199687179, 0.853708859, -1.76140019e-005, 0.520750597, 0.520750597, 1.10210174e-005, -0.853708859, 9.29802805e-006, 1, 1.85812422e-005, 0.853708813, -1.00384974e-005, 0.520750672, 0.520750672, 1.72973531e-005, -0.853708813, -4.37654576e-007, 1, 1.99944571e-005, 0.120251904, -0.0921626221, -0.143626221, 0, 0, 0, 0, 0, 0, 0, 0.189688574, -0.0343755859, -0.118936865, 0, 0, 0, 0, 0, 0, 0, 1, 1, 1, 
104.07559, 0.1, 0.1, 0.0934507013, 0.182597171, -0.0199674457, 0.853709049, 3.77191625e-007, 0.520750285, 0.520750285, -1.28936574e-005, -0.853709049, 6.39236384e-006, 1, -1.12038546e-005, 0.853709005, 5.60426392e-006, 0.520750357, 0.520750357, -2.32542224e-005, -0.853709005, 7.32523406e-006, 1, -2.27707615e-005, 0.120251904, -0.0921626221, -0.143626221, 0, 0, 0, 0, 0, 0, 0, 0.189688574, -0.0343755859, -0.118936865, 0, 0, 0, 0, 0, 0, 0, 1, 1, 1, 
104.07629, 0.1, 0.1, 0.0934507039, 0.182597171, -0.0199668535, 0.853709231, 1.40103123e-005, 0.520749987, 0.520749987, -6.83137035e-006, -0.853709231, -8.40329694e-006, 1, -1.31278739e-005, 0.853709207, -6.96589718e-006, 0.520750027, 0.520750027, 5.63132656e-006, -0.853709207, 3.0143371e-006, 1, 8.43500648e-006, 0.120251904, -0.0921626221, -0.143626221, 0, 0, 0, 0, 0, 0, 0, 0.189688574, -0.0343755859, -0.118936865, 0, 0, 0, 0, 0, 0, 0, 1, 1, 1, 
104.076991, 0.1, 0.1, 0.0934507056, 0.182597174, -0.0199670417, 0.853709392, -1.72616864e-005, 0.520749723, 0.520749723, 1.45385831e-005, -0.853709392, 7.16550068e-006, 1, 2.14007433e-005, 0.853709358, -1.29756601e-005, 0.520749779, 0.520749779, 5.11663219e-006, -0.853709358, 8.41295737e-006, 1, 1.11251889e-005, 0.120251904, -0.0921626221, -0.143626221, 0, 0, 0, 0, 0, 0, 0, 0.189688574, -0.0343755859, -0.118936865, 0, 0, 0, 0, 0, 0, 0, 1, 1, 1, 
104.077691, 0.1, 0.1, 0.0934507069, 0.182597176, -0.0199679331, 0.853709602, 1.63341457e-005, 0.520749378, 0.520749378, -1.33186571e-005, -0.853709602, -7.00893468e-006, 1, -1.98762617e-005, 0.853709566, 7.87242844e-006, 0.520749437, 0.520749437, -1.95369944e-005, -0.853709566, 3.45311134e-006, 1, -2.07784817e-005, 0.120251904, -0.0921626221, -0.143626221, 0, 0, 0, 0, 0, 0, 0, 0.189688574, -0.0343755859, -0.118936865, 0, 0, 0, 0, 0, 0, 0, 1, 1, 1, 
104.078392, 0.1, 0.1, 0.0934507094, 0.182597175, -0.0199692165, 0.853709749, 1.08794234e-006, 0.520749137, 0.520749137, 1.3069779e-005, -0.853709749, -7.73486312e-006, 1, 1.05912527e-005, 0.853709714, -4.2544157e-006, 0.520749196, 0.520749196, 2.20482332e-005, -0.853709713, -7.8495637e-006, 1, 2.10382744e-005, 0.120251904, -0.0921626221, -0.143626221, 0, 0, 0, 0, 0, 0, 0, 0.189688574, -0.0343755859, -0.118936865, 0, 0, 0, 0, 0, 0, 0, 1, 1, 1, 
104.079119, 0.1, 0.1, 0.0934507105, 0.182597179, -0.0199704148, 0.853709898, -1.04721426e-005, 0.520748894, 0.520748894, 9.50510301e-006, -0.853709897, 3.99039989e-006, 1, 1.35679572e-005, 0.853709879, 9.29507222e-006, 0.520748925, 0.520748925, -2.72493362e-006, -0.853709879, -6.51628872e-006, 1, -7.16670162e-006, 0.120387622, -0.094008252, -0.14327749, 0, 0, 0, 0, 0, 0, 0, 0.189688574, -0.0343755859, -0.118936865, 0, 0, 0, 0, 0, 0, 0, 1, 1, 1, 
104.079829, 0.1, 0.1, 0.0934507135, 0.182597179, -0.0199708598, 0.853710036, 3.54339261e-006, 0.520748668, 0.520748668, -1.75383384e-005, -0.853710036, 6.10803651e-006, 1, -1.68178724e-005, 0.853710008, -9.18090682e-007, 0.520748713, 0.520748713, -9.43030565e-006, -0.853710008, 5.69460274e-006, 1, -7.57265177e-006, 0.120387622, -0.094008252, -0.14327749, 0, 0, 0, 0, 0, 0, 0, 0.18975874, -0.0361985352, -0.118531641, 0, 0, 0, 0, 0, 0, 0, 1, 1, 1, 
104.080539, 0.1, 0.1, 0.0934507164, 0.18259718, -0.0199707745, 0.853710127, -1.00953636e-005, 0.520748518, 0.520748519, 1.61467996e-005, -0.853710127, 2.1009214e-007, 1, 1.90418319e-005, 0.853710107, -1.79819075e-005, 0.52074855, 0.520748551, 1.30386828e-005, -0.853710107, 8.56146098e-006, 1, 2.04953076e-005, 0.120387622, -0.094008252, -0.14327749, 0, 0, 0, 0, 0, 0, 0, 0.18975874, -0.0361985352, -0.118531641, 0, 0, 0, 0, 0, 0, 0, 1, 1, 1, 
104.08124, 0.1, 0.1, 0.0934507153, 0.182597183, -0.0199702667, 0.853710321, -5.05607802e-006, 0.520748201, 0.520748201, -1.46597981e-005, -0.85371032, 1.19504895e-005, 1, -9.88227737e-006, 0.853710271, 1.79755882e-005, 0.520748282, 0.520748282, -1.2683385e-005, -0.853710271, -8.74109333e-006, 1, -2.01886927e-005, 0.120387622, -0.094008252, -0.14327749, 0, 0, 0, 0, 0, 0, 0, 0.18975874, -0.0361985352, -0.118531641, 0, 0, 0, 0, 0, 0, 0, 1, 1, 1, 
104.081945, 0.1, 0.1, 0.0934507193, 0.182597184, -0.0199694949, 0.853710681, 1.86920317e-005, 0.52074761, 0.52074761, -3.08829321e-006, -0.853710681, -1.43493658e-005, 1, -1.23703398e-005, 0.853710596, 1.19394676e-006, 0.52074775, 0.52074775, 9.36161869e-006, -0.853710596, -5.89432687e-006, 1, 7.37036798e-006, 0.120387622, -0.094008252, -0.14327749, 0, 0, 0, 0, 0, 0, 0, 0.18975874, -0.0361985352, -0.118531641, 0, 0, 0, 0, 0, 0, 0, 1, 1, 1, 
104.082643, 0.1, 0.1, 0.0934507227, 0.182597188, -0.0199687614, 0.853711168, -3.24493533e-005, 0.520746811, 0.520746811, 3.40401353e-006, -0.853711168, 2.59297461e-005, 0.999999999, 1.98039416e-005, 0.85371106, -2.86573627e-005, 0.520746987, 0.520746987, -5.50604121e-006, -0.853711061, 2.73323619e-005, 1, 1.0222667e-005, 0.120387622, -0.094008252, -0.14327749, 0, 0, 0, 0, 0, 0, 0, 0.18975874, -0.0361985352, -0.118531641, 0, 0, 0, 0, 0, 0, 0, 1, 1, 1, 
104.08334, 0.1, 0.1, 0.093450723, 0.182597189, -0.0199683196, 0.853711778, 1.49866317e-005, 0.520745811, 0.520745812, -1.30548248e-005, -0.853711778, -5.99601867e-006, 1, -1.89492834e-005, 0.853711648, 2.42046691e-005, 0.520746024, 0.520746025, -8.84270017e-006, -0.853711648, -1.6059007e-005, 1, -2.01536013e-005, 0.120387622, -0.094008252, -0.14327749, 0, 0, 0, 0, 0, 0, 0, 0.18975874, -0.0361985352, -0.118531641, 0, 0, 0, 0, 0, 0, 0, 1, 1, 1, 
104.084069, 0.1, 0.1, 0.0934507279, 0.18259719, -0.0199681076, 0.853712522, 8.3508396e-006, 0.520744592, 0.520744592, 1.70225587e-005, -0.853712522, -1.59936217e-005, 1, 1.0183717e-005, 0.853712359, -1.76892996e-005, 0.520744858, 0.520744858, 1.5485759e-005, -0.853712359, 7.03744433e-006, 1, 2.24319957e-005, 0.120729004, -0.0960954346, -0.142933521, 0, 0, 0, 0, 0, 0, 0, 0.18975874, -0.0361985352, -0.118531641, 0, 0, 0, 0, 0, 0, 0, 1, 1, 1, 
104.084775, 0.1, 0.1, 0.0934507272, 0.182597192, -0.0199680228, 0.853713357, -2.00850164e-005, 0.520743222, 0.520743222, 8.56132922e-007, -0.853713357, 1.67010213e-005, 1, 1.11900283e-005, 0.853713182, -1.13673818e-006, 0.52074351, 0.52074351, -1.14401251e-005, -0.853713182, 6.92781928e-006, 1, -9.17463659e-006, 0.120729004, -0.0960954346, -0.142933521, 0, 0, 0, 0, 0, 0, 0, 0.189835254, -0.0381946777, -0.117863135, 0, 0, 0, 0, 0, 0, 0, 1, 1, 1, 
104.085474, 0.1, 0.1, 0.0934507281, 0.182597193, -0.0199683374, 0.853714263, 2.95069694e-005, 0.520741737, 0.520741737, -7.38672322e-006, -0.853714263, -2.13439455e-005, 1, -2.16716614e-005, 0.853714078, 2.5897061e-005, 0.520742041, 0.520742041, 1.88153628e-006, -0.853714078, -2.30884806e-005, 1, -1.18793944e-005, 0.120729004, -0.0960954346, -0.142933521, 0, 0, 0, 0, 0, 0, 0, 0.189835254, -0.0381946777, -0.117863135, 0, 0, 0, 0, 0, 0, 0, 1, 1, 1, 
104.086173, 0.1, 0.1, 0.093450732, 0.182597195, -0.01996897, 0.853715241, -1.77653246e-005, 0.520740134, 0.520740134, 1.16989365e-005, -0.853715241, 9.07442261e-006, 1, 1.92386779e-005, 0.853715042, -2.70116659e-005, 0.52074046, 0.520740461, 6.44563791e-006, -0.853715042, 1.97037611e-005, 1, 1.95688054e-005, 0.120729004, -0.0960954346, -0.142933521, 0, 0, 0, 0, 0, 0, 0, 0.189835254, -0.0381946777, -0.117863135, 0, 0, 0, 0, 0, 0, 0, 1, 1, 1, 
104.086903, 0.1, 0.1, 0.0934507307, 0.182597197, -0.0199694554, 0.853716325, -3.83437953e-006, 0.520738357, 0.520738357, -1.35178133e-005, -0.853716325, 1.03127163e-005, 1, -9.54366936e-006, 0.853716116, 1.8778767e-005, 0.5207387, 0.5207387, -1.29956099e-005, -0.853716116, -9.26441899e-006, 1, -2.08733923e-005, 0.120650269, -0.0979410645, -0.142810718, 0, 0, 0, 0, 0, 0, 0, 0.190072266, -0.0400276367, -0.117384668, 0, 0, 0, 0, 0, 0, 0, 1, 1, 1, 
104.087605, 0.1, 0.1, 0.0934507341, 0.182597197, -0.019969751, 0.853717428, 2.1672901e-005, 0.520736548, 0.520736548, 3.17461288e-006, -0.853717428, -2.01556702e-005, 1, -8.5756493e-006, 0.853717204, 4.36976317e-006, 0.520736916, 0.520736916, 1.48096433e-005, -0.853717204, -1.144247e-005, 1, 1.03677503e-005, 0.120650269, -0.0979410645, -0.142810718, 0, 0, 0, 0, 0, 0, 0, 0.190072266, -0.0400276367, -0.117384668, 0, 0, 0, 0, 0, 0, 0, 1, 1, 1, 
104.088307, 0.1, 0.1, 0.0934507365, 0.1825972, -0.0199699263, 0.85371857, -2.83710196e-005, 0.520734676, 0.520734676, 7.99664506e-006, -0.85371857, 2.00567359e-005, 1, 2.16006581e-005, 0.853718335, -2.42044704e-005, 0.520735061, 0.520735061, -3.24416897e-007, -0.853718335, 2.08327354e-005, 1, 1.23271557e-005, 0.120650269, -0.0979410645, -0.142810718, 0, 0, 0, 0, 0, 0, 0, 0.190072266, -0.0400276367, -0.117384668, 0, 0, 0, 0, 0, 0, 0, 1, 1, 1, 
104.089006, 0.1, 0.1, 0.0934507366, 0.182597201, -0.0199699298, 0.853719739, 1.48731837e-005, 0.520732759, 0.52073276, -1.3428079e-005, -0.853719739, -5.70508981e-006, 1, -1.92087701e-005, 0.853719505, 2.399726e-005, 0.520733143, 0.520733144, -8.39563235e-006, -0.853719505, -1.61150449e-005, 1, -1.96636837e-005, 0.120650269, -0.0979410645, -0.142810718, 0, 0, 0, 0, 0, 0, 0, 0.190072266, -0.0400276367, -0.117384668, 0, 0, 0, 0, 0, 0, 0, 1, 1, 1, 
104.089711, 0.1, 0.1, 0.0934507413, 0.182597202, -0.0199697598, 0.853720948, 4.18103147e-006, 0.520730778, 0.520730778, 1.17251451e-005, -0.853720948, -9.67507808e-006, 1, 7.83281021e-006, 0.853720708, -1.84013191e-005, 0.520731171, 0.520731172, 1.04096157e-005, -0.853720708, 1.02889758e-005, 1, 1.8469045e-005, 0.120650269, -0.0979410645, -0.142810718, 0, 0, 0, 0, 0, 0, 0, 0.190072266, -0.0400276367, -0.117384668, 0, 0, 0, 0, 0, 0, 0, 1, 1, 1, 
104.090416, 0.1, 0.1, 0.0934507413, 0.182597205, -0.0199694401, 0.853722193, -2.16985719e-005, 0.520728736, 0.520728736, -8.38602004e-007, -0.853722194, 1.89612366e-005, 1, 1.05831368e-005, 0.853721942, -4.19636398e-006, 0.520729149, 0.520729149, -1.34089084e-005, -0.853721942, 1.05649375e-005, 1, -9.26231028e-006, 0.120650269, -0.0979410645, -0.142810718, 0, 0, 0, 0, 0, 0, 0, 0.190072266, -0.0400276367, -0.117384668, 0, 0, 0, 0, 0, 0, 0, 1, 1, 1, 
104.091118, 0.1, 0.1, 0.0934507422, 0.182597205, -0.0199691046, 0.853723459, 2.94479248e-005, 0.52072666, 0.52072666, -5.81469499e-006, -0.853723459, -2.21125175e-005, 1, -2.0298461e-005, 0.853723204, 2.54236418e-005, 0.520727079, 0.520727079, 2.78007224e-006, -0.853723204, -2.31524118e-005, 1, -1.08653665e-005, 0.120650269, -0.0979410645, -0.142810718, 0, 0, 0, 0, 0, 0, 0, 0.190072266, -0.0400276367, -0.117384668, 0, 0, 0, 0, 0, 0, 0, 1, 1, 1, 
104.091848, 0.1, 0.1, 0.0934507463, 0.182597207, -0.019968559, 0.853724805, -1.91082975e-005, 0.520724454, 0.520724454, 1.28130043e-005, -0.853724805, 9.6411829e-006, 1, 2.08889374e-005, 0.85372455, -2.89733274e-005, 0.520724872, 0.520724873, 8.45718564e-006, -0.85372455, 2.0331374e-005, 1, 2.23072392e-005, 0.120827979, -0.0997602051, -0.142246191, 0, 0, 0, 0, 0, 0, 0, 0.190100928, -0.041848877, -0.116909619, 0, 0, 0, 0, 0, 0, 0, 1, 1, 1, 
104.09255, 0.1, 0.1, 0.0934507453, 0.18259721, -0.0199682373, 0.853726123, -5.64642297e-006, 0.520722294, 0.520722294, -1.56541097e-005, -0.853726123, 1.29719427e-005, 1, -1.04241041e-005, 0.853725861, 1.74419461e-005, 0.520722723, 0.520722723, -1.43551955e-005, -0.853725861, -7.41556399e-006, 1, -2.13378193e-005, 0.120827979, -0.0997602051, -0.142246191, 0, 0, 0, 0, 0, 0, 0, 0.190100928, -0.041848877, -0.116909619, 0, 0, 0, 0, 0, 0, 0, 1, 1, 1, 
104.09325, 0.1, 0.1, 0.0934507486, 0.18259721, -0.0199682688, 0.853727469, 2.39901452e-005, 0.520720086, 0.520720086, 5.01167305e-007, -0.85372747, -2.07420138e-005, 1, -1.20642902e-005, 0.853727195, 5.04334636e-006, 0.520720536, 0.520720536, 1.26508966e-005, -0.853727195, -1.08932236e-005, 1, 8.17424048e-006, 0.120827979, -0.0997602051, -0.142246191, 0, 0, 0, 0, 0, 0, 0, 0.190100928, -0.041848877, -0.116909619, 0, 0, 0, 0, 0, 0, 0, 1, 1, 1, 
104.093963, 0.1, 0.1, 0.0934507504, 0.182597213, -0.0199685234, 0.853728858, -2.61808182e-005, 0.520717809, 0.520717809, 8.57815679e-006, -0.853728858, 1.7884521e-005, 1, 2.09562383e-005, 0.853728583, -2.24354946e-005, 0.520718259, 0.520718259, -7.98484404e-007, -0.853728584, 1.95696084e-005, 1, 1.10008827e-005, 0.120827979, -0.0997602051, -0.142246191, 0, 0, 0, 0, 0, 0, 0, 0.190100928, -0.041848877, -0.116909619, 0, 0, 0, 0, 0, 0, 0, 1, 1, 1, 
104.094671, 0.1, 0.1, 0.0934507493, 0.182597214, -0.0199689368, 0.853730252, 2.03902605e-005, 0.520715523, 0.520715523, -1.10601637e-005, -0.853730252, -1.16485833e-005, 1, -2.00599215e-005, 0.853729974, 3.01446178e-005, 0.520715979, 0.520715979, -5.70848238e-006, -0.853729974, -2.27628658e-005, 1, -2.05702867e-005, 0.120827979, -0.0997602051, -0.142246191, 0, 0, 0, 0, 0, 0, 0, 0.190100928, -0.041848877, -0.116909619, 0, 0, 0, 0, 0, 0, 0, 1, 1, 1, 
104.095376, 0.1, 0.1, 0.0934507532, 0.182597214, -0.0199694182, 0.85373165, 5.90416332e-006, 0.520713232, 0.520713232, 1.28194104e-005, -0.85373165, -1.17158077e-005, 1, 7.86996044e-006, 0.853731367, -1.65254107e-005, 0.520713696, 0.520713696, 1.20974919e-005, -0.853731367, 7.80893176e-006, 1, 1.8933016e-005, 0.120827979, -0.0997602051, -0.142246191, 0, 0, 0, 0, 0, 0, 0, 0.190100928, -0.041848877, -0.116909619, 0, 0, 0, 0, 0, 0, 0, 1, 1, 1, 
104.096075, 0.1, 0.1, 0.0934507532, 0.182597217, -0.0199698282, 0.853733049, -2.30140209e-005, 0.520710937, 0.520710937, -2.95664782e-006, -0.85373305, 2.11873891e-005, 1, 9.45946441e-006, 0.853732767, -5.01863963e-006, 0.520711401, 0.520711401, -1.47280987e-005, -0.853732767, 1.1953666e-005, 1, -9.96059756e-006, 0.120827979, -0.0997602051, -0.142246191, 0, 0, 0, 0, 0, 0, 0, 0.190100928, -0.041848877, -0.116909619, 0, 0, 0, 0, 0, 0, 0, 1, 1, 1, 
104.09681, 0.1, 0.1, 0.0934507544, 0.182597218, -0.01996982, 0.853734529, 2.69755986e-005, 0.520708511, 0.520708511, -7.66204232e-006, -0.853734529, -1.90403094e-005, 1, -2.05877739e-005, 0.853734244, 2.34844098e-005, 0.520708978, 0.520708979, 5.1942933e-007, -0.853734244, -2.03199164e-005, 1, -1.17850884e-005, 0.120976636, -0.101821021, -0.1415479, 0, 0, 0, 0, 0, 0, 0, 0.190193799, -0.0438315918, -0.116455811, 0, 0, 0, 0, 0, 0, 0, 1, 1, 1, 
104.097511, 0.1, 0.1, 0.0934507581, 0.182597219, -0.0199695307, 0.853735942, -1.78630782e-005, 0.520706195, 0.520706195, 1.41954146e-005, -0.853735942, 7.85871156e-006, 1, 2.14205511e-005, 0.853735659, -2.71553245e-005, 0.520706657, 0.520706658, 9.1154271e-006, -0.85373566, 1.84370053e-005, 1, 2.19221234e-005, 0.120976636, -0.101821021, -0.1415479, 0, 0, 0, 0, 0, 0, 0, 0.190193799, -0.0438315918, -0.116455811, 0, 0, 0, 0, 0, 0, 0, 1, 1, 1, 
104.098212, 0.1, 0.1, 0.0934507572, 0.182597221, -0.0199691999, 0.853737358, -6.67679445e-006, 0.520703873, 0.520703873, -1.14919577e-005, -0.853737358, 1.16841357e-005, 1, -6.3344809e-006, 0.85373708, 1.60917515e-005, 0.52070433, 0.52070433, -1.00814816e-005, -0.85373708, -8.4886538e-006, 1, -1.69859793e-005, 0.120976636, -0.101821021, -0.1415479, 0, 0, 0, 0, 0, 0, 0, 0.190193799, -0.0438315918, -0.116455811, 0, 0, 0, 0, 0, 0, 0, 1, 1, 1, 
104.098929, 0.1, 0.1, 0.0934507607, 0.182597221, -0.0199688835, 0.85373882, 2.17696668e-005, 0.520701476, 0.520701476, -1.75453653e-007, -0.85373882, -1.84942507e-005, 1, -1.14852892e-005, 0.853738506, 1.93024586e-006, 0.520701991, 0.520701991, 1.38818542e-005, -0.853738506, -8.87623435e-006, 1, 1.08463906e-005, 0.120976636, -0.101821021, -0.1415479, 0, 0, 0, 0, 0, 0, 0, 0.190193799, -0.0438315918, -0.116455811, 0, 0, 0, 0, 0, 0, 0, 1, 1, 1, 
104.099644, 0.1, 0.1, 0.0934507628, 0.182597224, -0.0199684403, 0.853740291, -2.85806907e-005, 0.520699063, 0.520699063, 3.80117776e-006, -0.853740291, 2.24212175e-005, 1, 1.81271575e-005, 0.853740004, -2.48764754e-005, 0.520699534, 0.520699534, -4.92941245e-006, -0.853740005, 2.3804785e-005, 1, 8.74473255e-006, 0.121135425, -0.103434009, -0.140840088, 0, 0, 0, 0, 0, 0, 0, 0.189999219, -0.0452080566, -0.115768994, 0, 0, 0, 0, 0, 0, 0, 1, 1, 1, 
104.100351, 0.1, 0.1, 0.093450762, 0.182597225, -0.0199682913, 0.85374175, 1.89399813e-005, 0.520696671, 0.520696672, -1.41306118e-005, -0.85374175, -8.81209025e-006, 1, -2.19258785e-005, 0.853741452, 2.87719649e-005, 0.520697159, 0.52069716, -9.60063277e-006, -0.853741453, -1.95647969e-005, 1, -2.31779386e-005, 0.121135425, -0.103434009, -0.140840088, 0, 0, 0, 0, 0, 0, 0, 0.189999219, -0.0452080566, -0.115768994, 0, 0, 0, 0, 0, 0, 0, 1, 1, 1, 
104.10105, 0.1, 0.1, 0.0934507658, 0.182597226, -0.0199684528, 0.853743196, 7.2456673e-006, 0.5206943, 0.5206943, 1.4818429e-005, -0.853743196, -1.39018107e-005, 1, 8.87835529e-006, 0.85374291, -1.58979799e-005, 0.52069477, 0.52069477, 1.33324874e-005, -0.85374291, 6.63063116e-006, 1, 1.96605116e-005, 0.121135425, -0.103434009, -0.140840088, 0, 0, 0, 0, 0, 0, 0, 0.189999219, -0.0452080566, -0.115768994, 0, 0, 0, 0, 0, 0, 0, 1, 1, 1, 
104.10177, 0.1, 0.1, 0.093450765, 0.182597228, -0.0199686898, 0.853744703, -2.08254701e-005, 0.520691831, 0.520691831, -1.32836896e-006, -0.853744703, 1.84713057e-005, 1, 9.70956421e-006, 0.853744408, -2.09498345e-006, 0.520692315, 0.520692315, -1.35347945e-005, -0.853744408, 8.83604386e-006, 1, -1.04644133e-005, 0.121135425, -0.103434009, -0.140840088, 0, 0, 0, 0, 0, 0, 0, 0.189999219, -0.0452080566, -0.115768994, 0, 0, 0, 0, 0, 0, 0, 1, 1, 1, 
104.10248, 0.1, 0.1, 0.0934507658, 0.182597229, -0.0199690116, 0.853746187, 2.75912841e-005, 0.520689396, 0.520689396, -8.58263355e-006, -0.853746187, -1.90870673e-005, 1, -2.16938797e-005, 0.853745893, 2.41432039e-005, 0.520689879, 0.520689879, 3.85694498e-007, -0.853745893, -2.08129884e-005, 1, -1.22418368e-005, 0.121135425, -0.103434009, -0.140840088, 0, 0, 0, 0, 0, 0, 0, 0.189999219, -0.0452080566, -0.115768994, 0, 0, 0, 0, 0, 0, 0, 1, 1, 1, 
104.103181, 0.1, 0.1, 0.0934507695, 0.182597231, -0.0199693702, 0.853747655, -1.90229511e-005, 0.52068699, 0.52068699, 1.16775163e-005, -0.853747655, 1.0160469e-005, 1, 1.98746553e-005, 0.853747363, -2.82589243e-005, 0.520687468, 0.520687469, 6.23367085e-006, -0.853747363, 2.08801878e-005, 1, 2.00360478e-005, 0.121135425, -0.103434009, -0.140840088, 0, 0, 0, 0, 0, 0, 0, 0.189999219, -0.0452080566, -0.115768994, 0, 0, 0, 0, 0, 0, 0, 1, 1, 1, 
104.1039, 0.1, 0.1, 0.0934507687, 0.182597232, -0.0199696083, 0.853749155, -8.29152197e-006, 0.520684531, 0.52068453, -1.09907009e-005, -0.853749155, 1.28015678e-005, 1, -5.0660344e-006, 0.853748842, 1.59180121e-005, 0.520685044, 0.520685044, -1.04495194e-005, -0.853748842, -8.14907594e-006, 1, -1.72095359e-005, 0.121135425, -0.103434009, -0.140840088, 0, 0, 0, 0, 0, 0, 0, 0.189999219, -0.0452080566, -0.115768994, 0, 0, 0, 0, 0, 0, 0, 1, 1, 1, 
104.104619, 0.1, 0.1, 0.0934507725, 0.182597231, -0.0199694563, 0.853750662, 1.98925599e-005, 0.520682059, 0.520682059, 5.6255564e-006, -0.853750662, -1.99124124e-005, 1, -5.55487654e-006, 0.853750368, 1.71309587e-006, 0.520682542, 0.520682542, 1.77444596e-005, -0.853750368, -1.07017866e-005, 1, 1.42573598e-005, 0.121101978, -0.105026489, -0.140666382, 0, 0, 0, 0, 0, 0, 0, 0.189991016, -0.0467577148, -0.115622266, 0, 0, 0, 0, 0, 0, 0, 1, 1, 1, 
104.105323, 0.1, 0.1, 0.0934507747, 0.182597233, -0.0199692486, 0.853752135, -2.80545876e-005, 0.520679644, 0.520679644, 9.16022143e-006, -0.853752135, 1.91821232e-005, 1, 2.24280113e-005, 0.853751837, -2.45085309e-005, 0.520680133, 0.520680133, 9.85027341e-007, -0.853751837, 2.04113191e-005, 1, 1.3602074e-005, 0.121101978, -0.105026489, -0.140666382, 0, 0, 0, 0, 0, 0, 0, 0.189991016, -0.0467577148, -0.115622266, 0, 0, 0, 0, 0, 0, 0, 1, 1, 1, 
104.106022, 0.1, 0.1, 0.0934507738, 0.182597234, -0.0199690701, 0.853753593, 1.82370448e-005, 0.520677253, 0.520677253, -1.41783025e-005, -0.853753593, -8.18762294e-006, 1, -2.16003911e-005, 0.853753305, 2.74841654e-005, 0.520677726, 0.520677726, -8.81976368e-006, -0.853753305, -1.88724425e-005, 1, -2.18402951e-005, 0.121101978, -0.105026489, -0.140666382, 0, 0, 0, 0, 0, 0, 0, 0.189991016, -0.0467577148, -0.115622266, 0, 0, 0, 0, 0, 0, 0, 1, 1, 1, 
104.106724, 0.1, 0.1, 0.0934507776, 0.182597235, -0.0199690081, 0.85375506, 6.92791062e-006, 0.520674849, 0.520674849, 1.09821433e-005, -0.85375506, -1.16328646e-005, 1, 5.76887162e-006, 0.85375477, -1.61310194e-005, 0.520675323, 0.520675324, 9.73790612e-006, -0.85375477, 8.70164737e-006, 1, 1.67128076e-005, 0.121101978, -0.105026489, -0.140666382, 0, 0, 0, 0, 0, 0, 0, 0.189991016, -0.0467577148, -0.115622266, 0, 0, 0, 0, 0, 0, 0, 1, 1, 1, 
104.107429, 0.1, 0.1, 0.0934507769, 0.182597238, -0.0199690526, 0.853756537, -2.05879495e-005, 0.520672425, 0.520672425, -1.97787066e-006, -0.853756538, 1.86069192e-005, 1, 9.03095757e-006, 0.853756239, -2.21921793e-006, 0.520672915, 0.520672915, -1.48330369e-005, -0.853756239, 9.61783173e-006, 1, -1.15083111e-005, 0.121101978, -0.105026489, -0.140666382, 0, 0, 0, 0, 0, 0, 0, 0.189991016, -0.0467577148, -0.115622266, 0, 0, 0, 0, 0, 0, 0, 1, 1, 1, 
104.108132, 0.1, 0.1, 0.0934507774, 0.182597238, -0.0199691294, 0.853758013, 2.83652487e-005, 0.520670006, 0.520670006, -6.09726147e-006, -0.853758013, -2.10423972e-005, 1, -1.99745201e-005, 0.853757721, 2.47232126e-005, 0.520670485, 0.520670485, 2.31803889e-006, -0.853757721, -2.23145681e-005, 1, -1.08936035e-005, 0.121101978, -0.105026489, -0.140666382, 0, 0, 0, 0, 0, 0, 0, 0.189991016, -0.0467577148, -0.115622266, 0, 0, 0, 0, 0, 0, 0, 1, 1, 1, 
104.108837, 0.1, 0.1, 0.0934507809, 0.182597239, -0.0199692428, 0.85375949, -1.83536506e-005, 0.520667583, 0.520667584, 1.19905306e-005, -0.85375949, 9.42652282e-006, 1, 1.97931802e-005, 0.853759197, -2.7588358e-005, 0.520668064, 0.520668064, 7.51176482e-006, -0.853759197, 1.96426783e-005, 1, 2.07776153e-005, 0.121101978, -0.105026489, -0.140666382, 0, 0, 0, 0, 0, 0, 0, 0.189991016, -0.0467577148, -0.115622266, 0, 0, 0, 0, 0, 0, 0, 1, 1, 1, 
104.109574, 0.1, 0.1, 0.0934507794, 0.182597242, -0.0199690362, 0.853761031, -5.41508319e-006, 0.520665058, 0.520665058, -1.6217361e-005, -0.853761031, 1.30670002e-005, 1, -1.10263062e-005, 0.853760742, 1.75378396e-005, 0.520665532, 0.520665532, -1.51767832e-005, -0.853760742, -7.07109101e-006, 1, -2.20886902e-005, 0.121048267, -0.106633984, -0.140563843, 0, 0, 0, 0, 0, 0, 0, 0.189818896, -0.0484871582, -0.115300146, 0, 0, 0, 0, 0, 0, 0, 1, 1, 1, 
104.11028, 0.1, 0.1, 0.0934507824, 0.182597242, -0.019968834, 0.853762517, 2.2683393e-005, 0.52066262, 0.52066262, 2.23147994e-008, -0.853762518, -1.93778492e-005, 1, -1.17913433e-005, 0.853762209, 3.94788579e-006, 0.520663125, 0.520663125, 1.21487999e-005, -0.853762209, -9.69598781e-006, 1, 8.31666767e-006, 0.121048267, -0.106633984, -0.140563843, 0, 0, 0, 0, 0, 0, 0, 0.189818896, -0.0484871582, -0.115300146, 0, 0, 0, 0, 0, 0, 0, 1, 1, 1, 
104.110981, 0.1, 0.1, 0.0934507842, 0.182597244, -0.0199687574, 0.853763994, -2.80287485e-005, 0.520660199, 0.520660199, 9.42263241e-006, -0.853763994, 1.90239466e-005, 1, 2.2638158e-005, 0.8537637, -2.40732525e-005, 0.520660681, 0.520660681, 1.98543243e-008, -0.8537637, 2.05425317e-005, 1, 1.25509469e-005, 0.121048267, -0.106633984, -0.140563843, 0, 0, 0, 0, 0, 0, 0, 0.189818896, -0.0484871582, -0.115300146, 0, 0, 0, 0, 0, 0, 0, 1, 1, 1, 
104.111744, 0.1, 0.1, 0.0934507824, 0.182597245, -0.0199683894, 0.853765613, 2.0687001e-005, 0.520657543, 0.520657544, -1.26919376e-005, -0.853765613, -1.1053697e-005, 1, -2.16067831e-005, 0.853765284, 3.23007975e-005, 0.520658082, 0.520658082, -6.88557716e-006, -0.853765285, -2.39922682e-005, 0.999999999, -2.2696338e-005, 0.121188013, -0.108252344, -0.140223169, 0, 0, 0, 0, 0, 0, 0, 0.189818896, -0.0484871582, -0.115300146, 0, 0, 0, 0, 0, 0, 0, 1, 1, 1, 
104.112447, 0.1, 0.1, 0.0934507863, 0.182597245, -0.0199680081, 0.853767109, 5.30423442e-006, 0.520655091, 0.520655091, 1.25712719e-005, -0.853767109, -1.10738776e-005, 1, 7.97126178e-006, 0.853766815, -1.74813016e-005, 0.520655572, 0.520655573, 1.18103262e-005, -0.853766815, 8.77584302e-006, 1, 1.91850017e-005, 0.121188013, -0.108252344, -0.140223169, 0, 0, 0, 0, 0, 0, 0, 0.189615771, -0.049821875, -0.115203223, 0, 0, 0, 0, 0, 0, 0, 1, 1, 1, 
104.113144, 0.1, 0.1, 0.093450786, 0.182597248, -0.0199680703, 0.853768602, -2.52929163e-005, 0.520652642, 0.520652642, -3.39590063e-006, -0.853768603, 2.33623824e-005, 1, 1.02695103e-005, 0.853768298, -6.09738502e-006, 0.520653142, 0.520653142, -1.60570093e-005, -0.853768297, 1.35658864e-005, 1, -1.05343429e-005, 0.121188013, -0.108252344, -0.140223169, 0, 0, 0, 0, 0, 0, 0, 0.189615771, -0.049821875, -0.115203223, 0, 0, 0, 0, 0, 0, 0, 1, 1, 1, 
104.113847, 0.1, 0.1, 0.0934507873, 0.182597248, -0.0199685376, 0.853770109, 2.55825757e-005, 0.520650171, 0.520650171, -7.19382516e-006, -0.853770109, -1.80961721e-005, 1, -1.94614453e-005, 0.853769807, 2.12326312e-005, 0.520650666, 0.520650666, 1.27259398e-006, -0.853769807, -1.87903564e-005, 1, -9.96828129e-006, 0.121188013, -0.108252344, -0.140223169, 0, 0, 0, 0, 0, 0, 0, 0.189615771, -0.049821875, -0.115203223, 0, 0, 0, 0, 0, 0, 0, 1, 1, 1, 
104.114548, 0.1, 0.1, 0.093450791, 0.182597249, -0.019969207, 0.853771607, -1.84655169e-005, 0.520647714, 0.520647714, 1.47630367e-005, -0.853771607, 8.07899269e-006, 1, 2.22182908e-005, 0.853771314, -2.80686342e-005, 0.520648195, 0.520648196, 9.70153843e-006, -0.853771314, 1.89131062e-005, 1, 2.2896779e-005, 0.121188013, -0.108252344, -0.140223169, 0, 0, 0, 0, 0, 0, 0, 0.189615771, -0.049821875, -0.115203223, 0, 0, 0, 0, 0, 0, 0, 1, 1, 1, 
104.115252, 0.1, 0.1, 0.0934507895, 0.18259725, -0.0199698734, 0.853773104, -4.23517887e-006, 0.52064526, 0.52064526, -1.10158246e-005, -0.853773104, 9.35121868e-006, 1, -7.19998895e-006, 0.853772808, 1.77166354e-005, 0.520645745, 0.520645745, -9.49406805e-006, -0.853772808, -1.01829355e-005, 1, -1.7329868e-005, 0.121188013, -0.108252344, -0.140223169, 0, 0, 0, 0, 0, 0, 0, 0.189615771, -0.049821875, -0.115203223, 0, 0, 0, 0, 0, 0, 0, 1, 1, 1, 
104.115955, 0.1, 0.1, 0.0934507923, 0.18259725, -0.0199703132, 0.853774598, 2.18085033e-005, 0.52064281, 0.52064281, 1.08659397e-006, -0.853774598, -1.91852734e-005, 1, -1.04267341e-005, 0.853774301, 4.54547512e-006, 0.520643298, 0.520643298, 1.32888598e-005, -0.853774301, -1.07995657e-005, 1, 8.97911586e-006, 0.121188013, -0.108252344, -0.140223169, 0, 0, 0, 0, 0, 0, 0, 0.189615771, -0.049821875, -0.115203223, 0, 0, 0, 0, 0, 0, 0, 1, 1, 1, 
104.116669, 0.1, 0.1, 0.093450794, 0.182597252, -0.0199704044, 0.853776106, -2.61448575e-005, 0.520640337, 0.520640337, 5.61477523e-006, -0.853776106, 1.93985761e-005, 1, 1.84058283e-005, 0.853775789, -2.22527425e-005, 0.520640857, 0.520640857, -3.05181095e-006, -0.853775789, 2.05877502e-005, 1, 8.9801246e-006, 0.121188013, -0.108252344, -0.140223169, 0, 0, 0, 0, 0, 0, 0, 0.189615771, -0.049821875, -0.115203223, 0, 0, 0, 0, 0, 0, 0, 1, 1, 1, 
104.117381, 0.1, 0.1, 0.0934507927, 0.182597253, -0.019969963, 0.853777598, 1.89536086e-005, 0.520637891, 0.520637891, -1.21312827e-005, -0.853777598, -9.86616099e-006, 1, -2.02253842e-005, 0.853777306, 2.83044199e-005, 0.520638368, 0.520638369, -7.80068152e-006, -0.853777306, -2.01043373e-005, 1, -2.13964119e-005, 0.121185083, -0.110052441, -0.140084741, 0, 0, 0, 0, 0, 0, 0, 0.189668848, -0.0513231934, -0.115099951, 0, 0, 0, 0, 0, 0, 0, 1, 1, 1, 
104.118082, 0.1, 0.1, 0.0934507961, 0.182597253, -0.0199693594, 0.853779059, 7.12944475e-006, 0.520635494, 0.520635494, 1.46107125e-005, -0.853779059, -1.36938261e-005, 1, 8.76247837e-006, 0.853778768, -1.54999007e-005, 0.520635972, 0.520635972, 1.34593794e-005, -0.853778768, 6.22604908e-006, 1, 1.95611382e-005, 0.121185083, -0.110052441, -0.140084741, 0, 0, 0, 0, 0, 0, 0, 0.189668848, -0.0513231934, -0.115099951, 0, 0, 0, 0, 0, 0, 0, 1, 1, 1, 
104.118784, 0.1, 0.1, 0.0934507954, 0.182597256, -0.0199688045, 0.853780531, -2.24657841e-005, 0.520633081, 0.520633081, -1.08771295e-006, -0.853780531, 1.97471484e-005, 1, 1.07677622e-005, 0.853780233, -3.90774402e-006, 0.520633569, 0.520633569, -1.30651489e-005, -0.853780233, 1.01385097e-005, 1, -9.12026313e-006, 0.121185083, -0.110052441, -0.140084741, 0, 0, 0, 0, 0, 0, 0, 0.189668848, -0.0513231934, -0.115099951, 0, 0, 0, 0, 0, 0, 0, 1, 1, 1, 
104.119483, 0.1, 0.1, 0.0934507961, 0.182597256, -0.0199684712, 0.853781995, 2.70364588e-005, 0.520630679, 0.52063068, -9.78196647e-006, -0.853781995, -1.79904499e-005, 1, -2.24276768e-005, 0.853781704, 2.33645053e-005, 0.520631157, 0.520631157, -5.24844173e-007, -0.853781704, -1.9674937e-005, 1, -1.26123918e-005, 0.121185083, -0.110052441, -0.140084741, 0, 0, 0, 0, 0, 0, 0, 0.189668848, -0.0513231934, -0.115099951, 0, 0, 0, 0, 0, 0, 0, 1, 1, 1, 
104.120194, 0.1, 0.1, 0.0934508001, 0.182597258, -0.0199683278, 0.853783487, -2.09479827e-005, 0.520628233, 0.520628233, 1.01565343e-005, -0.853783487, 1.25972632e-005, 1, 1.95775925e-005, 0.853783195, -3.09385767e-005, 0.520628711, 0.520628711, 4.65671438e-006, -0.853783196, 2.39904177e-005, 1, 2.00833358e-005, 0.121185083, -0.110052441, -0.140084741, 0, 0, 0, 0, 0, 0, 0, 0.18980127, -0.0530309082, -0.114654443, 0, 0, 0, 0, 0, 0, 0, 1, 1, 1, 
104.120896, 0.1, 0.1, 0.0934507988, 0.182597259, -0.0199684854, 0.853784962, -6.07372708e-006, 0.520625815, 0.520625815, -1.34381536e-005, -0.853784962, 1.21819065e-005, 1, -8.31115432e-006, 0.853784672, 1.65675311e-005, 0.520626289, 0.520626289, -1.29426429e-005, -0.853784672, -7.40682396e-006, 1, -1.96757224e-005, 0.121185083, -0.110052441, -0.140084741, 0, 0, 0, 0, 0, 0, 0, 0.18980127, -0.0530309082, -0.114654443, 0, 0, 0, 0, 0, 0, 0, 1, 1, 1, 
104.121604, 0.1, 0.1, 0.0934508016, 0.182597259, -0.019968836, 0.853786459, 2.32421453e-005, 0.520623359, 0.520623359, 4.25606902e-006, -0.853786459, -2.20596379e-005, 1, -8.46662967e-006, 0.853786164, 5.05331793e-006, 0.520623843, 0.520623843, 1.61538187e-005, -0.853786164, -1.27245161e-005, 1, 1.11610291e-005, 0.121185083, -0.110052441, -0.140084741, 0, 0, 0, 0, 0, 0, 0, 0.18980127, -0.0530309082, -0.114654443, 0, 0, 0, 0, 0, 0, 0, 1, 1, 1, 
104.122317, 0.1, 0.1, 0.0934508033, 0.18259726, -0.0199692338, 0.853787965, -2.8047048e-005, 0.520620889, 0.520620889, 8.88755038e-006, -0.853787965, 1.93191876e-005, 1, 2.21899626e-005, 0.853787667, -2.41807378e-005, 0.520621377, 0.520621377, 5.26883572e-007, -0.853787668, 2.03709089e-005, 1, 1.30388557e-005, 0.121596899, -0.111636255, -0.139832202, 0, 0, 0, 0, 0, 0, 0, 0.18980127, -0.0530309082, -0.114654443, 0, 0, 0, 0, 0, 0, 0, 1, 1, 1, 
104.123018, 0.1, 0.1, 0.0934508023, 0.182597261, -0.0199695545, 0.853789441, 1.71294075e-005, 0.520618469, 0.520618469, -1.30778255e-005, -0.853789441, -7.81634973e-006, 1, -2.00835952e-005, 0.853789151, 2.6333073e-005, 0.520618944, 0.520618945, -7.98858293e-006, -0.853789151, -1.83238844e-005, 1, -2.05300621e-005, 0.121596899, -0.111636255, -0.139832202, 0, 0, 0, 0, 0, 0, 0, 0.18980127, -0.0530309082, -0.114654443, 0, 0, 0, 0, 0, 0, 0, 1, 1, 1, 
104.123719, 0.1, 0.1, 0.093450806, 0.182597262, -0.0199698143, 0.853790913, 5.14466307e-006, 0.520616056, 0.520616055, 1.18969008e-005, -0.853790913, -1.05861841e-005, 1, 7.47907159e-006, 0.85379062, -1.72829526e-005, 0.520616535, 0.520616535, 1.05566397e-005, -0.85379062, 9.26006168e-006, 1, 1.80109509e-005, 0.121596899, -0.111636255, -0.139832202, 0, 0, 0, 0, 0, 0, 0, 0.18980127, -0.0530309082, -0.114654443, 0, 0, 0, 0, 0, 0, 0, 1, 1, 1, 
104.124423, 0.1, 0.1, 0.0934508054, 0.182597264, -0.0199699387, 0.853792389, -2.16468587e-005, 0.520613635, 0.520613635, -5.6014746e-007, -0.853792389, 1.87735436e-005, 1, 1.07914002e-005, 0.853792094, -4.33474204e-006, 0.520614119, 0.520614119, -1.2832378e-005, -0.853792094, 1.03816856e-005, 1, -8.69945493e-006, 0.121596899, -0.111636255, -0.139832202, 0, 0, 0, 0, 0, 0, 0, 0.18980127, -0.0530309082, -0.114654443, 0, 0, 0, 0, 0, 0, 0, 1, 1, 1, 
104.125147, 0.1, 0.1, 0.0934508058, 0.182597263, -0.0199696088, 0.853793903, 2.93251369e-005, 0.520611151, 0.520611151, -5.0166098e-006, -0.853793903, -2.24259201e-005, 1, -1.95501442e-005, 0.853793611, 2.55856621e-005, 0.520611629, 0.520611629, 3.50576707e-006, -0.853793612, -2.36700179e-005, 1, -1.03269917e-005, 0.121803784, -0.113667896, -0.139368628, 0, 0, 0, 0, 0, 0, 0, 0.189695557, -0.0545253906, -0.114417285, 0, 0, 0, 0, 0, 0, 0, 1, 1, 1, 
104.125846, 0.1, 0.1, 0.0934508086, 0.182597264, -0.019969204, 0.853795364, -1.60842143e-005, 0.520608755, 0.520608755, 1.20189172e-005, -0.853795364, 7.47547412e-006, 1, 1.86352785e-005, 0.853795076, -2.53681313e-005, 0.520609227, 0.520609227, 7.82186771e-006, -0.853795076, 1.75870491e-005, 1, 1.98851554e-005, 0.121803784, -0.113667896, -0.139368628, 0, 0, 0, 0, 0, 0, 0, 0.189695557, -0.0545253906, -0.114417285, 0, 0, 0, 0, 0, 0, 0, 1, 1, 1, 
104.12655, 0.1, 0.1, 0.0934508068, 0.182597266, -0.0199688743, 0.853796827, -4.91804007e-006, 0.520606356, 0.520606355, -1.60841849e-005, -0.853796827, 1.25725359e-005, 1, -1.11722632e-005, 0.85379654, 1.80590676e-005, 0.520606827, 0.520606827, -1.48360378e-005, -0.85379654, -7.69502685e-006, 1, -2.20686316e-005, 0.121803784, -0.113667896, -0.139368628, 0, 0, 0, 0, 0, 0, 0, 0.189695557, -0.0545253906, -0.114417285, 0, 0, 0, 0, 0, 0, 0, 1, 1, 1, 
