time, realDorsalTactorPos, realVentralTactorPos, boxPosX, boxPosY, boxPosZ, boxLocalRot_11, boxLocalRot_12, boxLocalRot_13, boxLocalRot_21, boxLocalRot_22, boxLocalRot_23, boxLocalRot_31, boxLocalRot_32, boxLocalRot_33, boxGlobalRot_11, boxGlobalRot_12, boxGlobalRot_13], boxGlobalRot_21, boxGlobalRot_22, boxGlobalRot_23, boxGlobalRot_31, boxGlobalRot_32, boxGlobalRot_33, indexPosX, indexPosY, indexPosZ, indexContact, indexForceX, indexForceY, indexForceZ, indexForceGlobalX, indexForceGlobalY, indexForceGlobalZ, thumbPosX, thumbPosY, thumbPosZ, thumbContact, thumbForceX, thumbForceY, thumbForceZ, thumbForceGlobalX, thumbForceGlobalY, thumbForceGlobalZ, hoopSuccess, targetSuccess, trialSuccess, 
100.459856, 0.1, 0.1, 0.128033584, 0.186741593, -0.0199746079, 0.951364551, 2.86984644e-005, -0.308067347, 0.308067348, -5.36017103e-005, 0.95136455, 1.0789765e-005, -0.999999998, -5.98358268e-005, 0.951364586, 4.05543241e-005, -0.308067237, 0.308067239, -7.00442327e-005, 0.951364584, 1.70036144e-005, -0.999999997, -7.91310611e-005, 0.125017627, -0.0398369385, -0.164907397, 0, 0, 0, 0, 0, 0, 0, 0.189730225, 0.00783867187, -0.129184131, 0, 0, 0, 0, 0, 0, 0, 1, 1, 1, 
100.499308, 0.1, 0.1, 0.128033542, 0.186741595, -0.0199681873, 0.951379735, -2.63605966e-005, -0.308020452, 0.308020452, -5.61232234e-006, 0.951379736, -2.68076475e-005, -1, 2.78015314e-006, 0.951379696, -3.60301721e-005, -0.308020571, 0.308020571, 1.93889387e-006, 0.951379697, -3.3681155e-005, -0.999999999, 1.29426585e-005, 0.133677539, -0.0711830566, -0.156990625, 0, 0, 0, 0, 0, 0, 0, 0.190712549, -0.0248632324, -0.122154346, 0, 0, 0, 0, 0, 0, 0, 1, 1, 1, 
100.500018, 0.1, 0.1, 0.128033546, 0.186741593, -0.0199671981, 0.951379839, 2.25424594e-005, -0.308020131, 0.308020131, 2.0230574e-005, 0.951379839, 2.76778654e-005, -1, 1.2303429e-005, 0.95137983, 3.67556508e-005, -0.308020158, 0.308020158, 1.39966e-006, 0.951379831, 3.53997083e-005, -0.999999999, -9.98987306e-006, 0.133677539, -0.0711830566, -0.156990625, 0, 0, 0, 0, 0, 0, 0, 0.190712549, -0.0248632324, -0.122154346, 0, 0, 0, 0, 0, 0, 0, 1, 1, 1, 
100.500738, 0.1, 0.1, 0.128033541, 0.186741593, -0.0199667254, 0.951379756, -2.57825277e-005, -0.308020389, 0.308020388, -2.77037668e-005, 0.951379756, -3.30623e-005, -0.999999999, -1.84152587e-005, 0.951379785, -3.5560159e-005, -0.308020298, 0.308020298, -2.07479792e-005, 0.951379785, -4.02220152e-005, -0.999999999, -8.78595728e-006, 0.133677539, -0.0711830566, -0.156990625, 0, 0, 0, 0, 0, 0, 0, 0.190712549, -0.0248632324, -0.122154346, 0, 0, 0, 0, 0, 0, 0, 1, 1, 1, 
100.50145, 0.1, 0.1, 0.128033544, 0.186741595, -0.0199669609, 0.951379534, 1.61156536e-005, -0.308021074, 0.308021074, 3.3305031e-005, 0.951379534, 2.55907544e-005, -0.999999999, 2.67217639e-005, 0.951379584, 2.27645138e-005, -0.308020919, 0.308020919, 3.56964906e-005, 0.951379584, 3.26529595e-005, -0.999999999, 2.69489659e-005, 0.133677539, -0.0711830566, -0.156990625, 0, 0, 0, 0, 0, 0, 0, 0.190712549, -0.0248632324, -0.122154346, 0, 0, 0, 0, 0, 0, 0, 1, 1, 1, 
100.502182, 0.1, 0.1, 0.12803354, 0.186741592, -0.0199677183, 0.951379286, -2.56681673e-005, -0.30802184, 0.30802184, -1.46279644e-005, 0.951379286, -2.89258952e-005, -1, -6.01038617e-006, 0.951379333, -3.00876828e-005, -0.308021693, 0.308021692, -2.72142995e-005, 0.951379334, -3.70073942e-005, -0.999999999, -1.66234632e-005, 0.134324536, -0.073776416, -0.155953979, 0, 0, 0, 0, 0, 0, 0, 0.190712549, -0.0248632324, -0.122154346, 0, 0, 0, 0, 0, 0, 0, 1, 1, 1, 
100.502891, 0.1, 0.1, 0.128033544, 0.186741595, -0.0199685821, 0.951379156, 3.31401694e-005, -0.308022241, 0.308022241, -3.88102642e-006, 0.951379156, 3.03334239e-005, -0.999999999, -1.39002369e-005, 0.951379169, 3.25370741e-005, -0.3080222, 0.3080222, 1.82356747e-005, 0.951379169, 3.65720872e-005, -0.999999999, 7.32689986e-006, 0.134324536, -0.073776416, -0.155953979, 0, 0, 0, 0, 0, 0, 0, 0.191110547, -0.0274859375, -0.121697021, 0, 0, 0, 0, 0, 0, 0, 1, 1, 1, 
100.503601, 0.1, 0.1, 0.128033541, 0.186741592, -0.0199695494, 0.951379205, -2.60758336e-005, -0.30802209, 0.30802209, 5.95227355e-006, 0.951379205, -2.29745741e-005, -1, 1.36948021e-005, 0.951379183, -2.94830371e-005, -0.308022157, 0.308022157, -4.51597241e-006, 0.951379183, -2.94405673e-005, -1, 4.78502654e-006, 0.134324536, -0.073776416, -0.155953979, 0, 0, 0, 0, 0, 0, 0, 0.191110547, -0.0274859375, -0.121697021, 0, 0, 0, 0, 0, 0, 0, 1, 1, 1, 
100.50431, 0.1, 0.1, 0.128033546, 0.186741591, -0.0199703091, 0.951379381, 3.55774751e-005, -0.308021543, 0.308021544, -1.58403428e-005, 0.951379382, 2.89685094e-005, -0.999999999, -2.60288043e-005, 0.95137934, 4.21176613e-005, -0.308021671, 0.308021672, -1.40310796e-005, 0.951379341, 3.57479963e-005, -0.999999999, -2.63220317e-005, 0.134324536, -0.073776416, -0.155953979, 0, 0, 0, 0, 0, 0, 0, 0.191110547, -0.0274859375, -0.121697021, 0, 0, 0, 0, 0, 0, 0, 1, 1, 1, 
100.505047, 0.1, 0.1, 0.128033542, 0.18674159, -0.0199703454, 0.951379591, -2.84519988e-005, -0.308020896, 0.308020896, -4.79768956e-006, 0.951379592, -2.85464396e-005, -1, 4.19938622e-006, 0.951379555, -3.74378364e-005, -0.308021008, 0.308021008, 2.40308361e-006, 0.951379555, -3.48773919e-005, -0.999999999, 1.38178847e-005, 0.134849121, -0.0765446777, -0.155507715, 0, 0, 0, 0, 0, 0, 0, 0.191349756, -0.0302435059, -0.120778564, 0, 0, 0, 0, 0, 0, 0, 1, 1, 1, 
100.505758, 0.1, 0.1, 0.128033546, 0.186741589, -0.0199699208, 0.95137969, 1.8822486e-005, -0.308020592, 0.308020591, 1.79117291e-005, 0.95137969, 2.34245123e-005, -1, 1.1243142e-005, 0.951379681, 3.14394669e-005, -0.308020618, 0.308020618, 8.14631911e-007, 0.951379682, 3.01617935e-005, -1, -8.90897978e-006, 0.134849121, -0.0765446777, -0.155507715, 0, 0, 0, 0, 0, 0, 0, 0.191349756, -0.0302435059, -0.120778564, 0, 0, 0, 0, 0, 0, 0, 1, 1, 1, 
100.506472, 0.1, 0.1, 0.128033542, 0.186741588, -0.0199692388, 0.951379619, -2.18727575e-005, -0.308020811, 0.308020811, -2.62940237e-005, 0.951379619, -2.89084022e-005, -0.999999999, -1.82783337e-005, 0.951379645, -3.13924168e-005, -0.30802073, 0.308020729, -1.97899109e-005, 0.951379646, -3.59618092e-005, -0.999999999, -9.15820326e-006, 0.134849121, -0.0765446777, -0.155507715, 0, 0, 0, 0, 0, 0, 0, 0.191349756, -0.0302435059, -0.120778564, 0, 0, 0, 0, 0, 0, 0, 1, 1, 1, 
100.507174, 0.1, 0.1, 0.128033545, 0.18674159, -0.0199686034, 0.951379422, 1.68975304e-005, -0.30802142, 0.308021419, 2.96659294e-005, 0.951379422, 2.52137044e-005, -0.999999999, 2.30187535e-005, 0.951379467, 2.32498643e-005, -0.308021281, 0.30802128, 3.21545922e-005, 0.951379467, 3.20237421e-005, -0.999999999, 2.34297658e-005, 0.134849121, -0.0765446777, -0.155507715, 0, 0, 0, 0, 0, 0, 0, 0.191349756, -0.0302435059, -0.120778564, 0, 0, 0, 0, 0, 0, 0, 1, 1, 1, 
100.50788, 0.1, 0.1, 0.128033541, 0.186741587, -0.0199681765, 0.951379203, -2.63400746e-005, -0.308022097, 0.308022097, -1.50480289e-005, 0.951379203, -2.96945246e-005, -1, -6.20305673e-006, 0.951379242, -2.99762752e-005, -0.308021975, 0.308021974, -2.70252682e-005, 0.951379242, -3.68431824e-005, -0.999999999, -1.64779277e-005, 0.134849121, -0.0765446777, -0.155507715, 0, 0, 0, 0, 0, 0, 0, 0.191349756, -0.0302435059, -0.120778564, 0, 0, 0, 0, 0, 0, 0, 1, 1, 1, 
100.50859, 0.1, 0.1, 0.128033544, 0.18674159, -0.0199680715, 0.951379093, 3.05432622e-005, -0.308022436, 0.308022437, -3.54325021e-006, 0.951379093, 2.79668206e-005, -1, -1.27789842e-005, 0.951379102, 3.04267358e-005, -0.308022406, 0.308022406, 1.85274061e-005, 0.951379103, 3.46542168e-005, -0.999999999, 8.25447062e-006, 0.134849121, -0.0765446777, -0.155507715, 0, 0, 0, 0, 0, 0, 0, 0.191349756, -0.0302435059, -0.120778564, 0, 0, 0, 0, 0, 0, 0, 1, 1, 1, 
100.50932, 0.1, 0.1, 0.128033541, 0.186741588, -0.0199682124, 0.951379165, -3.06141359e-005, -0.308022212, 0.308022213, 1.02652913e-005, 0.951379165, -2.59637133e-005, -0.999999999, 1.91960182e-005, 0.951379134, -3.47965481e-005, -0.308022307, 0.308022307, -2.49451409e-006, 0.951379135, -3.38730758e-005, -0.999999999, 8.34488436e-006, 0.134849121, -0.0765446777, -0.155507715, 0, 0, 0, 0, 0, 0, 0, 0.191349756, -0.0302435059, -0.120778564, 0, 0, 0, 0, 0, 0, 0, 1, 1, 1, 
100.510039, 0.1, 0.1, 0.128033545, 0.186741587, -0.0199682534, 0.951379374, 3.57249177e-005, -0.308021568, 0.308021568, -1.21583766e-005, 0.951379374, 3.02429076e-005, -0.999999999, -2.25712739e-005, 0.951379327, 4.273041e-005, -0.308021712, 0.308021713, -1.03046139e-005, 0.951379327, 3.74787839e-005, -0.999999999, -2.29654907e-005, 0.135585596, -0.0797556396, -0.154806128, 0, 0, 0, 0, 0, 0, 0, 0.191440674, -0.0335440918, -0.120280957, 0, 0, 0, 0, 0, 0, 0, 1, 1, 1, 
100.510757, 0.1, 0.1, 0.128033541, 0.186741587, -0.0199684762, 0.951379605, -3.09853389e-005, -0.308020854, 0.308020854, -2.74098156e-006, 0.951379605, -3.0323099e-005, -1, 6.9364166e-006, 0.951379564, -4.0169655e-005, -0.30802098, 0.308020981, 5.28148019e-006, 0.951379564, -3.65897822e-005, -0.999999999, 1.73977888e-005, 0.135585596, -0.0797556396, -0.154806128, 0, 0, 0, 0, 0, 0, 0, 0.191440674, -0.0335440918, -0.120280957, 0, 0, 0, 0, 0, 0, 0, 1, 1, 1, 
100.511467, 0.1, 0.1, 0.128033545, 0.186741586, -0.0199688336, 0.951379721, 1.99853294e-005, -0.308020496, 0.308020496, 1.78932169e-005, 0.951379721, 2.45251147e-005, -1, 1.08673526e-005, 0.951379709, 3.25759139e-005, -0.308020532, 0.308020532, 6.95504924e-007, 0.95137971, 3.12062933e-005, -0.999999999, -9.37236107e-006, 0.135585596, -0.0797556396, -0.154806128, 0, 0, 0, 0, 0, 0, 0, 0.191440674, -0.0335440918, -0.120280957, 0, 0, 0, 0, 0, 0, 0, 1, 1, 1, 
100.512175, 0.1, 0.1, 0.128033541, 0.186741585, -0.0199692381, 0.951379664, -2.1105441e-005, -0.308020671, 0.308020671, -2.8427753e-005, 0.951379664, -2.88356229e-005, -0.999999999, -2.0544674e-005, 0.951379688, -3.04781613e-005, -0.308020598, 0.308020598, -2.1443812e-005, 0.951379688, -3.56014394e-005, -0.999999999, -1.10133058e-005, 0.135585596, -0.0797556396, -0.154806128, 0, 0, 0, 0, 0, 0, 0, 0.191440674, -0.0335440918, -0.120280957, 0, 0, 0, 0, 0, 0, 0, 1, 1, 1, 
100.512887, 0.1, 0.1, 0.128033544, 0.186741587, -0.0199695542, 0.951379476, 1.85226249e-005, -0.308021254, 0.308021254, 2.55028557e-005, 0.951379476, 2.54774667e-005, -1, 1.85575313e-005, 0.951379519, 2.45983601e-005, -0.30802112, 0.308021119, 2.80224571e-005, 0.951379519, 3.20338847e-005, -0.999999999, 1.90831774e-005, 0.135585596, -0.0797556396, -0.154806128, 0, 0, 0, 0, 0, 0, 0, 0.191440674, -0.0335440918, -0.120280957, 0, 0, 0, 0, 0, 0, 0, 1, 1, 1, 
100.513599, 0.1, 0.1, 0.128033541, 0.186741583, -0.0199696621, 0.951379266, -2.41357651e-005, -0.3080219, 0.3080219, -1.75999393e-005, 0.951379267, -2.83834333e-005, -1, -9.30987312e-006, 0.951379304, -2.73718646e-005, -0.308021785, 0.308021784, -2.91497809e-005, 0.951379304, -3.5019793e-005, -0.999999999, -1.93013677e-005, 0.135585596, -0.0797556396, -0.154806128, 0, 0, 0, 0, 0, 0, 0, 0.191440674, -0.0335440918, -0.120280957, 0, 0, 0, 0, 0, 0, 0, 1, 1, 1, 
100.514335, 0.1, 0.1, 0.128033544, 0.186741586, -0.0199693906, 0.951379163, 3.10584339e-005, -0.308022218, 0.308022218, -5.50451808e-006, 0.951379164, 2.7852833e-005, -1, -1.48035715e-005, 0.951379172, 3.11606265e-005, -0.308022192, 0.308022192, 1.54351719e-005, 0.951379172, 3.43999466e-005, -0.999999999, 5.08653659e-006, 0.136048047, -0.0825567383, -0.15385896, 0, 0, 0, 0, 0, 0, 0, 0.191861377, -0.0360850098, -0.119747217, 0, 0, 0, 0, 0, 0, 0, 1, 1, 1, 
100.515041, 0.1, 0.1, 0.128033541, 0.186741583, -0.0199689076, 0.951379233, -2.9052945e-005, -0.308022002, 0.308022002, 1.00221082e-005, 0.951379234, -2.45533387e-005, -1, 1.84837719e-005, 0.951379207, -3.25999974e-005, -0.308022083, 0.308022083, -1.39693576e-006, 0.951379208, -3.14452468e-005, -0.999999999, 8.71250346e-006, 0.136048047, -0.0825567383, -0.15385896, 0, 0, 0, 0, 0, 0, 0, 0.191861377, -0.0360850098, -0.119747217, 0, 0, 0, 0, 0, 0, 0, 1, 1, 1, 
100.515749, 0.1, 0.1, 0.128033546, 0.186741583, -0.0199685272, 0.951379435, 3.44224404e-005, -0.308021378, 0.308021379, -1.03273773e-005, 0.951379435, 2.95677489e-005, -0.999999999, -2.04281019e-005, 0.951379389, 4.15259826e-005, -0.308021519, 0.30802152, -8.96259458e-006, 0.95137939, 3.67462919e-005, -0.999999999, -2.1317724e-005, 0.136048047, -0.0825567383, -0.15385896, 0, 0, 0, 0, 0, 0, 0, 0.191861377, -0.0360850098, -0.119747217, 0, 0, 0, 0, 0, 0, 0, 1, 1, 1, 
100.516459, 0.1, 0.1, 0.128033542, 0.186741584, -0.0199683549, 0.951379657, -3.02081692e-005, -0.308020693, 0.308020693, 1.43820039e-007, 0.951379658, -2.86951381e-005, -1, 9.44156865e-006, 0.951379617, -3.94578981e-005, -0.308020816, 0.308020816, 7.93433993e-006, 0.951379618, -3.50954981e-005, -0.999999999, 1.97024233e-005, 0.136048047, -0.0825567383, -0.15385896, 0, 0, 0, 0, 0, 0, 0, 0.191861377, -0.0360850098, -0.119747217, 0, 0, 0, 0, 0, 0, 0, 1, 1, 1, 
100.517165, 0.1, 0.1, 0.128033546, 0.186741583, -0.0199684227, 0.951379767, 2.0250791e-005, -0.308020353, 0.308020352, 2.19016271e-005, 0.951379768, 2.60123397e-005, -1, 1.45991092e-005, 0.951379757, 3.30343227e-005, -0.308020385, 0.308020385, 4.56449236e-006, 0.951379757, 3.28341427e-005, -0.999999999, -5.83267918e-006, 0.136048047, -0.0825567383, -0.15385896, 0, 0, 0, 0, 0, 0, 0, 0.191861377, -0.0360850098, -0.119747217, 0, 0, 0, 0, 0, 0, 0, 1, 1, 1, 
100.517875, 0.1, 0.1, 0.128033541, 0.186741583, -0.0199686732, 0.951379703, -2.23665e-005, -0.308020551, 0.30802055, -2.56559501e-005, 0.951379703, -2.91815941e-005, -0.999999999, -1.75192086e-005, 0.951379728, -3.18147612e-005, -0.308020473, 0.308020472, -1.84699412e-005, 0.951379729, -3.59570389e-005, -0.999999999, -7.77232983e-006, 0.136048047, -0.0825567383, -0.15385896, 0, 0, 0, 0, 0, 0, 0, 0.191861377, -0.0360850098, -0.119747217, 0, 0, 0, 0, 0, 0, 0, 1, 1, 1, 
100.518582, 0.1, 0.1, 0.128033544, 0.186741585, -0.0199690594, 0.951379507, 1.76586996e-005, -0.308021158, 0.308021158, 2.83590302e-005, 0.951379507, 2.55353062e-005, -0.999999999, 2.15409471e-005, 0.951379551, 2.37286229e-005, -0.30802102, 0.30802102, 3.10694009e-005, 0.951379551, 3.21449551e-005, -0.999999999, 2.22498781e-005, 0.136048047, -0.0825567383, -0.15385896, 0, 0, 0, 0, 0, 0, 0, 0.191861377, -0.0360850098, -0.119747217, 0, 0, 0, 0, 0, 0, 0, 1, 1, 1, 
100.519318, 0.1, 0.1, 0.12803354, 0.186741581, -0.0199692054, 0.951379281, -2.62672767e-005, -0.308021854, 0.308021854, -1.98655393e-005, 0.951379281, -3.11091631e-005, -0.999999999, -1.08087673e-005, 0.951379321, -3.00851927e-005, -0.308021731, 0.30802173, -3.15407894e-005, 0.951379321, -3.83376787e-005, -0.999999999, -2.07403618e-005, 0.136295068, -0.0851391113, -0.153810962, 0, 0, 0, 0, 0, 0, 0, 0.191837061, -0.0385841797, -0.119398633, 0, 0, 0, 0, 0, 0, 0, 1, 1, 1, 
100.520024, 0.1, 0.1, 0.128033543, 0.186741583, -0.0199691982, 0.951379171, 3.01678744e-005, -0.308022194, 0.308022194, -7.34429748e-006, 0.951379171, 2.64388807e-005, -1, -1.62795865e-005, 0.951379181, 2.95855189e-005, -0.308022163, 0.308022162, 1.36412294e-005, 0.951379182, 3.23488477e-005, -0.999999999, 3.86498617e-006, 0.136295068, -0.0851391113, -0.153810962, 0, 0, 0, 0, 0, 0, 0, 0.191837061, -0.0385841797, -0.119398633, 0, 0, 0, 0, 0, 0, 0, 1, 1, 1, 
100.52074, 0.1, 0.1, 0.128033541, 0.18674158, -0.0199691117, 0.951379233, -2.83371901e-005, -0.308022003, 0.308022004, 7.19204169e-006, 0.951379233, -2.47441071e-005, -1, 1.55708372e-005, 0.951379208, -3.23770227e-005, -0.30802208, 0.30802208, -4.31781893e-006, 0.951379208, -3.21328098e-005, -0.999999999, 5.86495473e-006, 0.136295068, -0.0851391113, -0.153810962, 0, 0, 0, 0, 0, 0, 0, 0.191837061, -0.0385841797, -0.119398633, 0, 0, 0, 0, 0, 0, 0, 1, 1, 1, 
100.521472, 0.1, 0.1, 0.128033546, 0.186741579, -0.0199688795, 0.951379437, 3.720429e-005, -0.308021373, 0.308021374, -1.36814899e-005, 0.951379437, 3.11812052e-005, -0.999999999, -2.44760047e-005, 0.951379388, 4.455714e-005, -0.308021523, 0.308021524, -1.23574781e-005, 0.951379388, 3.85843753e-005, -0.999999999, -2.54812082e-005, 0.136966357, -0.0879510742, -0.153475781, 0, 0, 0, 0, 0, 0, 0, 0.191837061, -0.0385841797, -0.119398633, 0, 0, 0, 0, 0, 0, 0, 1, 1, 1, 
100.522179, 0.1, 0.1, 0.128033542, 0.186741579, -0.0199685505, 0.951379655, -2.66314374e-005, -0.3080207, 0.3080207, -2.73972947e-006, 0.951379655, -2.61805011e-005, -1, 5.59651112e-006, 0.951379615, -3.5778429e-005, -0.308020821, 0.308020821, 4.92633524e-006, 0.951379616, -3.25214542e-005, -0.999999999, 1.5707316e-005, 0.136966357, -0.0879510742, -0.153475781, 0, 0, 0, 0, 0, 0, 0, 0.192112402, -0.0415997559, -0.119006104, 0, 0, 0, 0, 0, 0, 0, 1, 1, 1, 
100.522888, 0.1, 0.1, 0.128033547, 0.186741578, -0.0199684125, 0.951379764, 2.16802603e-005, -0.308020364, 0.308020364, 2.00792741e-005, 0.951379764, 2.68109862e-005, -1, 1.24250534e-005, 0.951379753, 3.51271601e-005, -0.308020395, 0.308020395, 2.39647471e-006, 0.951379754, 3.4157432e-005, -0.999999999, -8.53992421e-006, 0.136966357, -0.0879510742, -0.153475781, 0, 0, 0, 0, 0, 0, 0, 0.192112402, -0.0415997559, -0.119006104, 0, 0, 0, 0, 0, 0, 0, 1, 1, 1, 
100.523595, 0.1, 0.1, 0.128033542, 0.186741578, -0.019968511, 0.951379697, -2.33297349e-005, -0.308020571, 0.30802057, -2.59744681e-005, 0.951379697, -3.01961066e-005, -0.999999999, -1.75255434e-005, 0.951379722, -3.23543563e-005, -0.308020492, 0.308020491, -1.90670248e-005, 0.951379723, -3.66543129e-005, -0.999999999, -8.17417605e-006, 0.136966357, -0.0879510742, -0.153475781, 0, 0, 0, 0, 0, 0, 0, 0.192112402, -0.0415997559, -0.119006104, 0, 0, 0, 0, 0, 0, 0, 1, 1, 1, 
100.52431, 0.1, 0.1, 0.128033545, 0.18674158, -0.0199687681, 0.951379496, 1.52509256e-005, -0.308021191, 0.30802119, 2.97928671e-005, 0.951379496, 2.36862523e-005, -0.999999999, 2.36467146e-005, 0.951379544, 2.20014126e-005, -0.308021044, 0.308021043, 3.24511125e-005, 0.951379543, 3.09273194e-005, -0.999999999, 2.40964265e-005, 0.136966357, -0.0879510742, -0.153475781, 0, 0, 0, 0, 0, 0, 0, 0.192112402, -0.0415997559, -0.119006104, 0, 0, 0, 0, 0, 0, 0, 1, 1, 1, 
100.525018, 0.1, 0.1, 0.128033541, 0.186741577, -0.0199690351, 0.951379275, -2.8273383e-005, -0.308021873, 0.308021872, -1.55909003e-005, 0.951379276, -3.17010489e-005, -0.999999999, -6.12403903e-006, 0.951379315, -3.17157234e-005, -0.308021749, 0.308021748, -2.70787243e-005, 0.951379315, -3.85145193e-005, -0.999999999, -1.59930057e-005, 0.136966357, -0.0879510742, -0.153475781, 0, 0, 0, 0, 0, 0, 0, 0.192112402, -0.0415997559, -0.119006104, 0, 0, 0, 0, 0, 0, 0, 1, 1, 1, 
100.525729, 0.1, 0.1, 0.128033544, 0.18674158, -0.0199693015, 0.951379163, 2.78519041e-005, -0.308022219, 0.308022219, -3.24808609e-006, 0.951379164, 2.54972385e-005, -1, -1.16691667e-005, 0.951379174, 2.73904934e-005, -0.308022187, 0.308022186, 1.77340561e-005, 0.951379174, 3.15212277e-005, -0.999999999, 8.43493195e-006, 0.136966357, -0.0879510742, -0.153475781, 0, 0, 0, 0, 0, 0, 0, 0.192112402, -0.0415997559, -0.119006104, 0, 0, 0, 0, 0, 0, 0, 1, 1, 1, 
100.526466, 0.1, 0.1, 0.12803354, 0.186741578, -0.0199692979, 0.951379229, -3.15726222e-005, -0.308022016, 0.308022017, 1.18693768e-005, 0.951379229, -2.63815076e-005, -0.999999999, 2.10173413e-005, 0.951379203, -3.57092313e-005, -0.308022094, 0.308022094, 8.80245437e-007, 0.951379204, -3.3701885e-005, -0.999999999, 1.18366794e-005, 0.137409644, -0.0903226562, -0.152905151, 0, 0, 0, 0, 0, 0, 0, 0.192275928, -0.0436241211, -0.118575732, 0, 0, 0, 0, 0, 0, 0, 1, 1, 1, 
100.52717, 0.1, 0.1, 0.128033544, 0.186741578, -0.0199690811, 0.951379422, 3.36659427e-005, -0.308021418, 0.308021418, -9.89911719e-006, 0.951379423, 2.89799451e-005, -0.999999999, -1.97876478e-005, 0.951379378, 3.99469561e-005, -0.308021554, 0.308021554, -8.16043112e-006, 0.951379379, 3.54911216e-005, -0.999999999, -2.00681894e-005, 0.137409644, -0.0903226562, -0.152905151, 0, 0, 0, 0, 0, 0, 0, 0.192275928, -0.0436241211, -0.118575732, 0, 0, 0, 0, 0, 0, 0, 1, 1, 1, 
100.527878, 0.1, 0.1, 0.12803354, 0.186741579, -0.0199689058, 0.951379638, -2.73040816e-005, -0.308020751, 0.308020751, -1.27237165e-006, 0.951379639, -2.63684641e-005, -1, 7.19971523e-006, 0.9513796, -3.67973973e-005, -0.308020869, 0.30802087, 6.664243e-006, 0.9513796, -3.29555672e-005, -0.999999999, 1.76745912e-005, 0.137409644, -0.0903226562, -0.152905151, 0, 0, 0, 0, 0, 0, 0, 0.192275928, -0.0436241211, -0.118575732, 0, 0, 0, 0, 0, 0, 0, 1, 1, 1, 
100.528585, 0.1, 0.1, 0.128033545, 0.186741578, -0.0199688355, 0.951379745, 2.22919471e-005, -0.308020422, 0.308020422, 1.94654762e-005, 0.951379745, 2.72038711e-005, -1, 1.16526848e-005, 0.951379735, 3.51493819e-005, -0.308020453, 0.308020453, 2.29504997e-006, 0.951379735, 3.4147332e-005, -0.999999999, -8.64326451e-006, 0.137409644, -0.0903226562, -0.152905151, 0, 0, 0, 0, 0, 0, 0, 0.192275928, -0.0436241211, -0.118575732, 0, 0, 0, 0, 0, 0, 0, 1, 1, 1, 
100.529294, 0.1, 0.1, 0.128033541, 0.186741577, -0.0199688553, 0.95137968, -1.99895607e-005, -0.308020623, 0.308020622, -2.76277205e-005, 0.95137968, -2.75275696e-005, -0.999999999, -2.0127255e-005, 0.951379705, -2.93250886e-005, -0.308020544, 0.308020543, -2.04828811e-005, 0.951379706, -3.42084424e-005, -0.999999999, -1.04542677e-005, 0.137409644, -0.0903226562, -0.152905151, 0, 0, 0, 0, 0, 0, 0, 0.192275928, -0.0436241211, -0.118575732, 0, 0, 0, 0, 0, 0, 0, 1, 1, 1, 
100.530002, 0.1, 0.1, 0.128033544, 0.186741579, -0.0199689463, 0.951379484, 1.87793393e-005, -0.30802123, 0.308021229, 2.69169643e-005, 0.951379484, 2.61572746e-005, -0.999999999, 1.98238124e-005, 0.951379528, 2.51699091e-005, -0.308021092, 0.308021091, 2.95927602e-005, 0.951379528, 3.30613306e-005, -0.999999999, 2.04010833e-005, 0.137409644, -0.0903226562, -0.152905151, 0, 0, 0, 0, 0, 0, 0, 0.192275928, -0.0436241211, -0.118575732, 0, 0, 0, 0, 0, 0, 0, 1, 1, 1, 
100.53071, 0.1, 0.1, 0.128033541, 0.186741575, -0.0199690687, 0.951379266, -2.50520866e-005, -0.3080219, 0.3080219, -1.86515961e-005, 0.951379267, -2.95791359e-005, -1, -1.00281505e-005, 0.951379305, -2.83417641e-005, -0.30802178, 0.308021779, -3.00646788e-005, 0.951379305, -3.62243437e-005, -0.999999999, -1.98730326e-005, 0.137409644, -0.0903226562, -0.152905151, 0, 0, 0, 0, 0, 0, 0, 0.192275928, -0.0436241211, -0.118575732, 0, 0, 0, 0, 0, 0, 0, 1, 1, 1, 
100.531448, 0.1, 0.1, 0.128033544, 0.186741578, -0.0199690209, 0.951379155, 3.15506292e-005, -0.308022242, 0.308022243, -7.31097195e-006, 0.951379156, 2.7764669e-005, -0.999999999, -1.66738019e-005, 0.951379165, 3.1516027e-005, -0.308022213, 0.308022213, 1.38531555e-005, 0.951379165, 3.42507711e-005, -0.999999999, 3.47196715e-006, 0.137951807, -0.0926357666, -0.152310107, 0, 0, 0, 0, 0, 0, 0, 0.192517578, -0.0458583008, -0.117987061, 0, 0, 0, 0, 0, 0, 0, 1, 1, 1, 
100.532153, 0.1, 0.1, 0.128033542, 0.186741575, -0.0199688381, 0.951379221, -2.84453089e-005, -0.30802204, 0.30802204, 7.75341853e-006, 0.951379221, -2.46740521e-005, -1, 1.61382234e-005, 0.951379195, -3.19584293e-005, -0.308022119, 0.308022119, -3.73193435e-006, 0.951379196, -3.15541031e-005, -0.999999999, 6.2934184e-006, 0.137951807, -0.0926357666, -0.152310107, 0, 0, 0, 0, 0, 0, 0, 0.192517578, -0.0458583008, -0.117987061, 0, 0, 0, 0, 0, 0, 0, 1, 1, 1, 
100.532865, 0.1, 0.1, 0.128033547, 0.186741575, -0.0199687234, 0.95137942, 3.50442545e-005, -0.308021423, 0.308021424, -1.20399886e-005, 0.951379421, 2.96318081e-005, -0.999999999, -2.22489786e-005, 0.951379375, 4.21214284e-005, -0.308021563, 0.308021563, -1.07451961e-005, 0.951379376, 3.67637062e-005, -0.999999999, -2.31970662e-005, 0.137951807, -0.0926357666, -0.152310107, 0, 0, 0, 0, 0, 0, 0, 0.192517578, -0.0458583008, -0.117987061, 0, 0, 0, 0, 0, 0, 0, 1, 1, 1, 
100.533591, 0.1, 0.1, 0.128033542, 0.186741575, -0.0199686554, 0.951379644, -2.91352667e-005, -0.308020735, 0.308020735, -1.69558948e-006, 0.951379644, -2.82409764e-005, -1, 7.36111695e-006, 0.951379601, -3.90065833e-005, -0.308020866, 0.308020867, 6.58324449e-006, 0.951379601, -3.5082291e-005, -0.999999999, 1.82780061e-005, 0.137951807, -0.0926357666, -0.152310107, 0, 0, 0, 0, 0, 0, 0, 0.192517578, -0.0458583008, -0.117987061, 0, 0, 0, 0, 0, 0, 0, 1, 1, 1, 
100.534311, 0.1, 0.1, 0.128033547, 0.186741574, -0.019968447, 0.951379751, 2.07173227e-005, -0.308020402, 0.308020402, 2.1466793e-005, 0.951379752, 2.63222516e-005, -1, 1.40417141e-005, 0.951379742, 3.43248666e-005, -0.308020431, 0.308020431, 3.61355357e-006, 0.951379742, 3.3769031e-005, -0.999999999, -7.13489854e-006, 0.138458936, -0.0954119629, -0.151476709, 0, 0, 0, 0, 0, 0, 0, 0.192632666, -0.0486589355, -0.117464063, 0, 0, 0, 0, 0, 0, 0, 1, 1, 1, 
100.535016, 0.1, 0.1, 0.128033542, 0.186741574, -0.019968448, 0.951379681, -2.41272741e-005, -0.30802062, 0.308020619, -2.45937339e-005, 0.951379681, -3.05295755e-005, -0.999999999, -1.59662809e-005, 0.951379707, -3.32570471e-005, -0.308020538, 0.308020537, -1.75814554e-005, 0.951379708, -3.70555291e-005, -0.999999999, -6.48278637e-006, 0.138458936, -0.0954119629, -0.151476709, 0, 0, 0, 0, 0, 0, 0, 0.192632666, -0.0486589355, -0.117464063, 0, 0, 0, 0, 0, 0, 0, 1, 1, 1, 
100.535727, 0.1, 0.1, 0.128033545, 0.186741577, -0.0199686563, 0.951379479, 1.47666626e-005, -0.308021245, 0.308021245, 3.09683953e-005, 0.951379478, 2.35876234e-005, -0.999999999, 2.491425e-005, 0.951379525, 2.12637024e-005, -0.308021102, 0.308021101, 3.36437279e-005, 0.951379525, 3.05928293e-005, -0.999999999, 2.54582849e-005, 0.138458936, -0.0954119629, -0.151476709, 0, 0, 0, 0, 0, 0, 0, 0.192632666, -0.0486589355, -0.117464063, 0, 0, 0, 0, 0, 0, 0, 1, 1, 1, 
100.536436, 0.1, 0.1, 0.128033541, 0.186741574, -0.019968957, 0.951379257, -2.54294681e-005, -0.308021929, 0.308021929, -1.67806146e-005, 0.951379257, -2.93618658e-005, -1, -8.13189485e-006, 0.951379297, -2.93833098e-005, -0.308021805, 0.308021805, -2.77517586e-005, 0.951379297, -3.65028194e-005, -0.999999999, -1.73517484e-005, 0.138458936, -0.0954119629, -0.151476709, 0, 0, 0, 0, 0, 0, 0, 0.192632666, -0.0486589355, -0.117464063, 0, 0, 0, 0, 0, 0, 0, 1, 1, 1, 
100.537143, 0.1, 0.1, 0.128033544, 0.186741576, -0.0199692912, 0.951379141, 3.21422043e-005, -0.308022286, 0.308022286, -6.12269355e-006, 0.951379142, 2.86934967e-005, -0.999999999, -1.57255182e-005, 0.951379152, 3.1427297e-005, -0.308022252, 0.308022252, 1.51595244e-005, 0.951379153, 3.45687461e-005, -0.999999999, 4.7421487e-006, 0.138458936, -0.0954119629, -0.151476709, 0, 0, 0, 0, 0, 0, 0, 0.192632666, -0.0486589355, -0.117464063, 0, 0, 0, 0, 0, 0, 0, 1, 1, 1, 
100.537852, 0.1, 0.1, 0.128033542, 0.186741573, -0.0199695525, 0.951379198, -2.51126708e-005, -0.308022111, 0.308022111, 5.8688695e-006, 0.951379198, -2.20839311e-005, -1, 1.33187782e-005, 0.951379175, -2.88480948e-005, -0.308022183, 0.308022183, -4.94709957e-006, 0.951379175, -2.8969293e-005, -1, 4.1792856e-006, 0.138458936, -0.0954119629, -0.151476709, 0, 0, 0, 0, 0, 0, 0, 0.192632666, -0.0486589355, -0.117464063, 0, 0, 0, 0, 0, 0, 0, 1, 1, 1, 
100.538562, 0.1, 0.1, 0.128033547, 0.186741572, -0.0199696688, 0.951379384, 3.76527539e-005, -0.308021535, 0.308021536, -1.51225932e-005, 0.951379385, 3.11639695e-005, -0.999999999, -2.59851825e-005, 0.951379341, 4.43536541e-005, -0.308021666, 0.308021667, -1.361473e-005, 0.951379342, 3.80035185e-005, -0.999999999, -2.66146594e-005, 0.138458936, -0.0954119629, -0.151476709, 0, 0, 0, 0, 0, 0, 0, 0.192632666, -0.0486589355, -0.117464063, 0, 0, 0, 0, 0, 0, 0, 1, 1, 1, 
100.53931, 0.1, 0.1, 0.128033543, 0.186741572, -0.0199692252, 0.951379605, -2.75688077e-005, -0.308020854, 0.308020855, -3.27580865e-006, 0.951379605, -2.72374188e-005, -1, 5.37523018e-006, 0.951379564, -3.75805474e-005, -0.308020979, 0.30802098, 4.58282033e-006, 0.951379565, -3.434176e-005, -0.999999999, 1.59355986e-005, 0.139001953, -0.0979452637, -0.150442407, 0, 0, 0, 0, 0, 0, 0, 0.192931689, -0.0508481934, -0.116689746, 0, 0, 0, 0, 0, 0, 0, 1, 1, 1, 
100.540015, 0.1, 0.1, 0.128033547, 0.186741571, -0.0199686518, 0.951379708, 2.10145091e-005, -0.308020537, 0.308020537, 2.03751981e-005, 0.951379708, 2.6268757e-005, -1, 1.29116497e-005, 0.951379698, 3.4156626e-005, -0.308020565, 0.308020565, 2.69125306e-006, 0.951379699, 3.33248818e-005, -0.999999999, -7.96053969e-006, 0.139001953, -0.0979452637, -0.150442407, 0, 0, 0, 0, 0, 0, 0, 0.192931689, -0.0508481934, -0.116689746, 0, 0, 0, 0, 0, 0, 0, 1, 1, 1, 
100.54073, 0.1, 0.1, 0.128033543, 0.186741571, -0.0199682225, 0.951379634, -2.28387026e-005, -0.308020764, 0.308020764, -2.57817208e-005, 0.951379634, -2.96695819e-005, -0.999999999, -1.74934095e-005, 0.951379661, -3.247477e-005, -0.30802068, 0.308020679, -1.89006485e-005, 0.951379662, -3.67176263e-005, -0.999999999, -7.97879183e-006, 0.139001953, -0.0979452637, -0.150442407, 0, 0, 0, 0, 0, 0, 0, 0.192931689, -0.0508481934, -0.116689746, 0, 0, 0, 0, 0, 0, 0, 1, 1, 1, 
100.541439, 0.1, 0.1, 0.128033546, 0.186741574, -0.0199680634, 0.951379428, 1.70995579e-005, -0.3080214, 0.3080214, 3.15679208e-005, 0.951379428, 2.59917628e-005, -0.999999999, 2.47660407e-005, 0.951379475, 2.36345681e-005, -0.308021256, 0.308021255, 3.4144258e-005, 0.951379475, 3.30026002e-005, -0.999999999, 2.5204197e-005, 0.139001953, -0.0979452637, -0.150442407, 0, 0, 0, 0, 0, 0, 0, 0.192931689, -0.0508481934, -0.116689746, 0, 0, 0, 0, 0, 0, 0, 1, 1, 1, 
100.542149, 0.1, 0.1, 0.128033542, 0.186741571, -0.0199682009, 0.9513792, -2.75144538e-005, -0.308022103, 0.308022103, -1.49468959e-005, 0.951379201, -3.07806534e-005, -1, -5.74510598e-006, 0.951379241, -3.09809766e-005, -0.308021977, 0.308021976, -2.6678579e-005, 0.951379242, -3.76922466e-005, -0.999999999, -1.58386246e-005, 0.139001953, -0.0979452637, -0.150442407, 0, 0, 0, 0, 0, 0, 0, 0.192931689, -0.0508481934, -0.116689746, 0, 0, 0, 0, 0, 0, 0, 1, 1, 1, 
100.54286, 0.1, 0.1, 0.128033545, 0.186741574, -0.0199685375, 0.951379082, 2.87895945e-005, -0.308022469, 0.30802247, -2.88539069e-006, 0.951379082, 2.65010528e-005, -1, -1.16129423e-005, 0.951379093, 2.8594802e-005, -0.308022435, 0.308022434, 1.89818768e-005, 0.951379094, 3.30513407e-005, -0.999999999, 9.25112017e-006, 0.139001953, -0.0979452637, -0.150442407, 0, 0, 0, 0, 0, 0, 0, 0.192931689, -0.0508481934, -0.116689746, 0, 0, 0, 0, 0, 0, 0, 1, 1, 1, 
100.54357, 0.1, 0.1, 0.128033541, 0.186741572, -0.0199690485, 0.951379141, -3.1314774e-005, -0.308022287, 0.308022288, 8.10731695e-006, 0.951379141, -2.72949885e-005, -0.999999999, 1.73587806e-005, 0.951379117, -3.49359048e-005, -0.308022362, 0.308022362, -2.71730704e-006, 0.951379117, -3.40742816e-005, -0.999999999, 8.17585072e-006, 0.139001953, -0.0979452637, -0.150442407, 0, 0, 0, 0, 0, 0, 0, 0.192931689, -0.0508481934, -0.116689746, 0, 0, 0, 0, 0, 0, 0, 1, 1, 1, 
100.544343, 0.1, 0.1, 0.128033546, 0.186741571, -0.0199692075, 0.95137935, 3.34142426e-005, -0.308021641, 0.308021641, -1.54017897e-005, 0.95137935, 2.70455358e-005, -0.999999999, -2.49452545e-005, 0.951379295, 4.16374831e-005, -0.30802181, 0.308021811, -1.32968421e-005, 0.951379295, 3.5517322e-005, -0.999999999, -2.54755932e-005, 0.139392041, -0.100658228, -0.149763037, 0, 0, 0, 0, 0, 0, 0, 0.19325708, -0.0534421875, -0.116127197, 0, 0, 0, 0, 0, 0, 0, 1, 1, 1, 
100.545321, 0.1, 0.1, 0.128033545, 0.186741576, -0.0199652509, 0.951379763, 1.20317173e-005, -0.308020366, 0.308020365, 1.9425033e-005, 0.951379763, 1.74300381e-005, -1, 1.47745693e-005, 0.951379694, 4.22404596e-006, -0.308020579, 0.308020579, 3.3088267e-005, 0.951379694, 1.42105387e-005, -0.999999999, 3.01784122e-005, 0.139392041, -0.100658228, -0.149763037, 0, 0, 0, 0, 0, 0, 0, 0.19325708, -0.0534421875, -0.116127197, 0, 0, 0, 0, 0, 0, 0, 1, 1, 1, 
100.54603, 0.1, 0.1, 0.128033545, 0.186741573, -0.0199627822, 0.951380158, -1.09948273e-007, -0.308019148, 0.308019148, 9.85763042e-006, 0.951380158, 2.93173632e-006, -1, 9.41222016e-006, 0.951380078, -8.32056999e-006, -0.308019394, 0.308019394, -1.68538325e-005, 0.951380078, -1.31073318e-005, -1, -1.34715036e-005, 0.139392041, -0.100658228, -0.149763037, 0, 0, 0, 0, 0, 0, 0, 0.19325708, -0.0534421875, -0.116127197, 0, 0, 0, 0, 0, 0, 0, 1, 1, 1, 
100.546762, 0.1, 0.1, 0.128033545, 0.186741572, -0.0199621489, 0.951380523, 9.2499866e-006, -0.308018019, 0.30801802, -3.58071408e-005, 0.951380522, -2.2289875e-006, -0.999999999, -3.69153789e-005, 0.951380459, 1.76156658e-006, -0.308018218, 0.308018218, -2.54711809e-005, 0.951380459, -6.16966772e-006, -1, -2.47753784e-005, 0.140353101, -0.103430273, -0.148888989, 0, 0, 0, 0, 0, 0, 0, 0.193625195, -0.0560012695, -0.115387549, 0, 0, 0, 0, 0, 0, 0, 1, 1, 1, 
100.547475, 0.1, 0.1, 0.128033546, 0.186741571, -0.019963522, 0.951380747, -2.35071705e-005, -0.308017327, 0.308017328, 7.18372172e-006, 0.951380747, -2.01515586e-005, -1, 1.40750704e-005, 0.951380716, -1.61323923e-005, -0.308017424, 0.308017424, 9.58272744e-006, 0.951380716, -1.23964e-005, -1, 1.408588e-005, 0.140353101, -0.103430273, -0.148888989, 0, 0, 0, 0, 0, 0, 0, 0.193625195, -0.0560012695, -0.115387549, 0, 0, 0, 0, 0, 0, 0, 1, 1, 1, 
100.548183, 0.1, 0.1, 0.12803355, 0.186741568, -0.0199664266, 0.951380828, 4.3046297e-005, -0.308017074, 0.308017074, -5.66227169e-007, 0.951380829, 4.07790141e-005, -0.999999999, -1.37976921e-005, 0.951380824, 4.51128105e-005, -0.308017087, 0.308017088, -1.28433249e-005, 0.951380825, 3.89634993e-005, -0.999999999, -2.61144095e-005, 0.140353101, -0.103430273, -0.148888989, 0, 0, 0, 0, 0, 0, 0, 0.193625195, -0.0560012695, -0.115387549, 0, 0, 0, 0, 0, 0, 0, 1, 1, 1, 
100.548896, 0.1, 0.1, 0.128033548, 0.18674157, -0.0199699182, 0.951380743, -3.68613201e-005, -0.308017338, 0.308017337, -2.05132564e-005, 0.951380744, -4.13875887e-005, -0.999999999, -8.16199146e-006, 0.951380776, -3.61950341e-005, -0.308017236, 0.308017236, -8.86247371e-007, 0.951380777, -3.47082391e-005, -0.999999999, 1.03055357e-005, 0.140353101, -0.103430273, -0.148888989, 0, 0, 0, 0, 0, 0, 0, 0.193625195, -0.0560012695, -0.115387549, 0, 0, 0, 0, 0, 0, 0, 1, 1, 1, 
100.549607, 0.1, 0.1, 0.128033548, 0.186741569, -0.019972902, 0.951380541, 3.79542152e-005, -0.308017961, 0.30801796, 3.30771941e-005, 0.951380542, 4.62972717e-005, -0.999999999, 1.97784189e-005, 0.951380582, 2.22531132e-005, -0.308017837, 0.308017837, 1.86226275e-005, 0.951380582, 2.69072812e-005, -1, 1.08628504e-005, 0.140353101, -0.103430273, -0.148888989, 0, 0, 0, 0, 0, 0, 0, 0.193625195, -0.0560012695, -0.115387549, 0, 0, 0, 0, 0, 0, 0, 1, 1, 1, 
100.550358, 0.1, 0.1, 0.128033555, 0.186741572, -0.019974499, 0.951380404, -2.03251185e-006, -0.308018387, 0.308018387, -7.08048432e-006, 0.951380404, -4.11461131e-006, -1, -6.11018301e-006, 0.951380419, 2.90778912e-005, -0.308018338, 0.308018339, 6.74730254e-007, 0.95138042, 2.78719657e-005, -1, -8.3145986e-006, 0.140353101, -0.103430273, -0.148888989, 0, 0, 0, 0, 0, 0, 0, 0.193625195, -0.0560012695, -0.115387549, 0, 0, 0, 0, 0, 0, 0, 1, 1, 1, 
100.551328, 0.1, 0.1, 0.128033547, 0.18674157, -0.0199704706, 0.951380386, 2.73372509e-006, -0.308018443, 0.308018443, -5.88937316e-006, 0.951380386, 7.86776879e-007, -1, -6.44507186e-006, 0.951380388, -2.07481205e-005, -0.308018435, 0.308018435, -5.39710042e-006, 0.951380389, -2.14017614e-005, -1, 1.25610812e-006, 0.140353101, -0.103430273, -0.148888989, 0, 0, 0, 0, 0, 0, 0, 0.193625195, -0.0560012695, -0.115387549, 0, 0, 0, 0, 0, 0, 0, 1, 1, 1, 
100.552061, 0.1, 0.1, 0.128033547, 0.186741571, -0.0199660164, 0.95138032, -2.25627139e-005, -0.308018646, 0.308018646, -6.08261013e-006, 0.95138032, -2.33392793e-005, -1, 1.16286101e-006, 0.951380334, -1.47069133e-005, -0.308018603, 0.308018603, -4.99288421e-006, 0.951380334, -1.55297693e-005, -1, -2.20128962e-007, 0.141108374, -0.105529175, -0.147961963, 0, 0, 0, 0, 0, 0, 0, 0.193920557, -0.0584103516, -0.114816211, 0, 0, 0, 0, 0, 0, 0, 1, 1, 1, 
100.553122, 0.1, 0.1, 0.128033546, 0.186741572, -0.0199581467, 0.951380115, -6.68117692e-007, -0.308019281, 0.308019281, -2.1106173e-006, 0.951380115, -1.28574471e-006, -1, -1.80220619e-006, 0.951380174, -1.30308867e-005, -0.308019096, 0.308019096, 1.6258517e-005, 0.951380174, -7.38939359e-006, -1, 1.94817927e-005, 0.141108374, -0.105529175, -0.147961963, 0, 0, 0, 0, 0, 0, 0, 0.193920557, -0.0584103516, -0.114816211, 0, 0, 0, 0, 0, 0, 0, 1, 1, 1, 
100.554305, 0.1, 0.1, 0.128033543, 0.186741572, -0.0199462399, 0.951379851, -6.49514717e-005, -0.308020087, 0.308020088, 1.84777108e-006, 0.951379853, -6.1224371e-005, -0.999999998, 2.17642902e-005, 0.951379896, -4.66428843e-005, -0.308019952, 0.308019953, 3.89746383e-006, 0.951379897, -4.31746059e-005, -0.999999999, 1.80749078e-005, 0.141108374, -0.105529175, -0.147961963, 0, 0, 0, 0, 0, 0, 0, 0.193920557, -0.0584103516, -0.114816211, 0, 0, 0, 0, 0, 0, 0, 1, 1, 1, 
100.555502, 0.1, 0.1, 0.128033556, 0.186741582, -0.0199362683, 0.951379531, 9.45000502e-005, -0.308021068, 0.308021065, 4.55118076e-005, 0.951379536, 0.000103924009, -0.999999994, 1.41909961e-005, 0.951379582, 8.92579734e-005, -0.308020912, 0.308020906, 7.28496258e-005, 0.951379586, 0.000107357422, -0.999999993, 4.18143247e-005, 0.141108374, -0.105529175, -0.147961963, 0, 0, 0, 0, 0, 0, 0, 0.194210791, -0.0607994141, -0.114226563, 0, 0, 0, 0, 0, 0, 0, 1, 1, 1, 
100.556672, 0.1, 0.1, 0.128033556, 0.186741571, -0.0199336147, 0.95137968, -1.32137466e-005, -0.308020624, 0.308020624, 1.11021919e-005, 0.95137968, -9.15158598e-006, -1, 1.46325063e-005, 0.951379597, -4.22409148e-005, -0.308020877, 0.308020877, -1.26956167e-005, 0.951379598, -4.40976596e-005, -0.999999999, 9.32732868e-007, 0.141108374, -0.105529175, -0.147961963, 0, 0, 0, 0, 0, 0, 0, 0.194210791, -0.0607994141, -0.114226563, 0, 0, 0, 0, 0, 0, 0, 1, 1, 1, 
100.557865, 0.1, 0.1, 0.128033572, 0.186741576, -0.0199380276, 0.951380173, -4.57583867e-005, -0.308019099, 0.3080191, 2.39145199e-005, 0.951380173, -3.6167493e-005, -0.999999999, 3.68462572e-005, 0.951380062, 3.77717381e-005, -0.308019442, 0.308019442, 5.7028275e-006, 0.951380063, 3.76918603e-005, -0.999999999, -6.20887331e-006, 0.14129939, -0.107564722, -0.14730918, 0, 0, 0, 0, 0, 0, 0, 0.194210791, -0.0607994141, -0.114226563, 0, 0, 0, 0, 0, 0, 0, 1, 1, 1, 
100.559033, 0.1, 0.1, 0.12803356, 0.186741572, -0.0199471418, 0.951380442, 3.27875048e-005, -0.308018267, 0.308018268, -1.68649093e-005, 0.951380442, 2.59986907e-005, -0.999999999, -2.61440954e-005, 0.951380436, 1.21608965e-005, -0.308018289, 0.308018289, -3.5725015e-005, 0.951380435, 5.65681025e-007, -0.999999999, -3.77338589e-005, 0.14129939, -0.107564722, -0.14730918, 0, 0, 0, 0, 0, 0, 0, 0.194210791, -0.0607994141, -0.114226563, 0, 0, 0, 0, 0, 0, 0, 1, 1, 1, 
100.560244, 0.1, 0.1, 0.128033563, 0.186741571, -0.0199557571, 0.951380267, 2.37053893e-005, -0.30801881, 0.308018811, -3.49760945e-005, 0.951380266, 1.17795446e-005, -0.999999999, -4.05772719e-005, 0.951380306, 2.16541869e-005, -0.308018691, 0.308018691, -2.33008344e-005, 0.951380305, 1.34242744e-005, -0.999999999, -2.88378492e-005, 0.141763696, -0.110017578, -0.146893799, 0, 0, 0, 0, 0, 0, 0, 0.194499805, -0.0634867676, -0.113740283, 0, 0, 0, 0, 0, 0, 0, 1, 1, 1, 
100.561416, 0.1, 0.1, 0.128033561, 0.186741568, -0.0199596534, 0.951380242, -5.9202678e-006, -0.308018888, 0.308018888, -2.86872395e-005, 0.951380242, -1.44686374e-005, -1, -2.54689186e-005, 0.95138023, 5.3772491e-006, -0.308018925, 0.308018925, 7.59885969e-006, 0.95138023, 7.45640108e-006, -1, 5.57311039e-006, 0.141763696, -0.110017578, -0.146893799, 0, 0, 0, 0, 0, 0, 0, 0.194499805, -0.0634867676, -0.113740283, 0, 0, 0, 0, 0, 0, 0, 1, 1, 1, 
100.562585, 0.1, 0.1, 0.128033558, 0.186741567, -0.0199580723, 0.951380181, -2.33811165e-005, -0.308019076, 0.308019076, 7.54655605e-006, 0.951380181, -1.99198477e-005, -1, 1.43814738e-005, 0.951380214, -2.70306467e-005, -0.308018973, 0.308018973, 1.86084506e-005, 0.951380214, -1.99846666e-005, -0.999999999, 2.60296638e-005, 0.141763696, -0.110017578, -0.146893799, 0, 0, 0, 0, 0, 0, 0, 0.194499805, -0.0634867676, -0.113740283, 0, 0, 0, 0, 0, 0, 0, 1, 1, 1, 
