time, trialNum, realDorsalTactorPos, realVentralTactorPos, boxPosX, boxPosY, boxPosZ, boxLocalRot_11, boxLocalRot_12, boxLocalRot_13, boxLocalRot_21, boxLocalRot_22, boxLocalRot_23, boxLocalRot_31, boxLocalRot_32, boxLocalRot_33, boxGlobalRot_11, boxGlobalRot_12, boxGlobalRot_13, boxGlobalRot_21, boxGlobalRot_22, boxGlobalRot_23, boxGlobalRot_31, boxGlobalRot_32, boxGlobalRot_33, indexForceX, indexForceY, indexForceZ, indexForceGlobalX, indexForceGlobalY, indexForceGlobalZ, indexContact, indexPosX, indexPosY, indexPosZ, indexRot_11, indexRot_12, indexRot_13, indexRot_21, indexRot_22, indexRot_23, indexRot_31, indexRot_32, indexRot_33, thumbForceX, thumbForceY, thumbForceZ, thumbForceGlobalX, thumbForceGlobalY, thumbForceGlobalZ, thumbContact, thumbPosX, thumbPosY, thumbPosZ, thumbRot_11, thumbRot_12, thumbRot_13, thumbRot_21, thumbRot_22, thumbRot_23, thumbRot_31, thumbRot_32, thumbRot_33, manipForceTooHigh, cceExpType, mapping, trialSuccess, 
477.341828, 60, 0.1, 0.1, 0.0154340466, 0.377785161, -0.0349692916, 0.948784923, 4.19610528e-006, 0.315922726, 0.315922726, 7.0541789e-006, -0.948784923, -6.20977686e-006, 1, 5.36725357e-006, 0.948784928, -4.25241846e-006, 0.315922712, 0.315922712, 1.03905573e-006, -0.948784928, 3.70636924e-006, 1, 2.32927599e-006, 0, 0, 0, 0, 0, 0, 0, 0.245368823, -0.0457875, -0.219695386, -0.208589776, 0.72917631, -0.651767965, -0.865966797, 0.171875, 0.469482422, 0.454362279, 0.662397453, 0.595743763, 0, 0, -0, 0, 0, 0, 0, 0.321185986, -0.0107788086, -0.179331738, 0.163044069, 0.517425464, -0.840033239, 0.274658203, -0.841430664, -0.465087891, -0.947498335, -0.15476997, -0.279278708, 0, 2, 3, 1, 
477.366871, 60, 0.1, 0.1, 0.0154338056, 0.377785883, -0.0349640484, 0.94877989, -3.76992437e-006, 0.315937841, 0.315937841, -4.73681915e-006, -0.94877989, 5.07336884e-006, 1, -3.30313699e-006, 0.948779886, -8.95398021e-006, 0.315937853, 0.315937853, -9.91224063e-006, -0.948779886, 1.16270084e-005, 1, -6.57563326e-006, 0, 0, 0, 0, 0, 0, 0, 0.251926147, -0.0566145996, -0.213460376, -0.219327007, 0.721984944, -0.656281378, -0.869750977, 0.16003418, 0.466674805, 0.441973409, 0.673176624, 0.592998043, 0, 0, -0, 0, 0, 0, 0, 0.327155615, -0.0213710449, -0.174044775, 0.154156966, 0.506700178, -0.848090221, 0.29296875, -0.843261719, -0.450561523, -0.943522699, -0.17885013, -0.278529875, 0, 2, 3, 1, 
477.367562, 60, 0.1, 0.1, 0.0154337986, 0.377785897, -0.0349657335, 0.948779916, -4.63807385e-006, 0.315937765, 0.315937765, -7.4770685e-006, -0.948779916, 6.76279963e-006, 1, -5.62874973e-006, 0.948779906, 6.6296722e-006, 0.315937794, 0.315937794, -8.48485001e-007, -0.948779906, -6.02203129e-006, 1, -2.89958953e-006, 0, 0, 0, 0, 0, 0, 0, 0.251926147, -0.0566145996, -0.213460376, -0.219327007, 0.721984944, -0.656281378, -0.869750977, 0.16003418, 0.466674805, 0.441973409, 0.673176624, 0.592998043, 0, 0, -0, 0, 0, 0, 0, 0.327155615, -0.0213710449, -0.174044775, 0.154156966, 0.506700178, -0.848090221, 0.29296875, -0.843261719, -0.450561523, -0.943522699, -0.17885013, -0.278529875, 0, 2, 3, 1, 
477.368279, 60, 0.1, 0.1, 0.0154337954, 0.377785912, -0.0349683624, 0.948780006, 9.78417289e-006, 0.315937495, 0.315937495, 1.2031204e-006, -0.948780006, -9.66313845e-006, 1, -1.9496905e-006, 0.948779983, 2.10717467e-006, 0.315937564, 0.315937564, 7.7889398e-006, -0.948779983, -4.46006381e-006, 1, 6.72425454e-006, 0, 0, 0, 0, 0, 0, 0, 0.252336011, -0.0582289307, -0.212835937, -0.220050412, 0.720912942, -0.657094271, -0.869506836, 0.16027832, 0.467041016, 0.442087985, 0.674211556, 0.591767281, 0, 0, -0, 0, 0, 0, 0, 0.327543994, -0.023143457, -0.173462451, 0.153307155, 0.504048299, -0.84982156, 0.293334961, -0.844482422, -0.447998047, -0.943612018, -0.180479023, -0.277238934, 0, 2, 3, 1, 
477.368972, 60, 0.1, 0.1, 0.0154337921, 0.377785927, -0.0349710667, 0.948780123, -1.37002336e-005, 0.315937142, 0.315937142, -1.89430287e-007, -0.948780123, 1.30583574e-005, 1, 4.14868495e-006, 0.948780102, -1.48290384e-005, 0.315937206, 0.315937206, 2.4732635e-006, -0.948780102, 1.32881006e-005, 1, 7.03162816e-006, 0, 0, 0, 0, 0, 0, 0, 0.252336011, -0.0582289307, -0.212835937, -0.220050412, 0.720912942, -0.657094271, -0.869506836, 0.16027832, 0.467041016, 0.442087985, 0.674211556, 0.591767281, 0, 0, -0, 0, 0, 0, 0, 0.327543994, -0.023143457, -0.173462451, 0.153307155, 0.504048299, -0.84982156, 0.293334961, -0.844482422, -0.447998047, -0.943612018, -0.180479023, -0.277238934, 0, 2, 3, 1, 
477.369665, 60, 0.1, 0.1, 0.0154337863, 0.377785942, -0.0349732226, 0.948780192, 8.4663922e-007, 0.315936934, 0.315936934, 6.09967979e-006, -0.948780192, -2.73038866e-006, 1, 5.51977077e-006, 0.948780184, 6.17206397e-006, 0.315936959, 0.315936959, 5.63708745e-006, -0.948780184, -7.63689626e-006, 1, 3.39837375e-006, 0, 0, 0, 0, 0, 0, 0, 0.252336011, -0.0582289307, -0.212835937, -0.220050412, 0.720912942, -0.657094271, -0.869506836, 0.16027832, 0.467041016, 0.442087985, 0.674211556, 0.591767281, 0, 0, -0, 0, 0, 0, 0, 0.327543994, -0.023143457, -0.173462451, 0.153307155, 0.504048299, -0.84982156, 0.293334961, -0.844482422, -0.447998047, -0.943612018, -0.180479023, -0.277238934, 0, 2, 3, 1, 
477.370357, 60, 0.1, 0.1, 0.0154337831, 0.377785957, -0.0349742179, 0.948780202, 4.11129907e-006, 0.315936906, 0.315936906, 3.64240802e-006, -0.948780202, -5.05149029e-006, 1, 2.15693351e-006, 0.948780203, -3.07366598e-006, 0.315936904, 0.315936904, -5.77541805e-006, -0.948780203, 4.74090113e-006, 1, -4.50851779e-006, 0, 0, 0, 0, 0, 0, 0, 0.252336011, -0.0582289307, -0.212835937, -0.220050412, 0.720912942, -0.657094271, -0.869506836, 0.16027832, 0.467041016, 0.442087985, 0.674211556, 0.591767281, 0, 0, -0, 0, 0, 0, 0, 0.327543994, -0.023143457, -0.173462451, 0.153307155, 0.504048299, -0.84982156, 0.293334961, -0.844482422, -0.447998047, -0.943612018, -0.180479023, -0.277238934, 0, 2, 3, 1, 
477.371062, 60, 0.1, 0.1, 0.015433777, 0.377785973, -0.0349737268, 0.948780217, -6.17903959e-006, 0.31593686, 0.31593686, -6.71201902e-006, -0.948780217, 7.98312474e-006, 1, -4.41604449e-006, 0.94878021, -1.39055935e-006, 0.315936881, 0.315936881, -8.13218615e-006, -0.94878021, 3.88859272e-006, 1, -7.27632831e-006, 0, 0, 0, 0, 0, 0, 0, 0.252336011, -0.0582289307, -0.212835937, -0.220050412, 0.720912942, -0.657094271, -0.869506836, 0.16027832, 0.467041016, 0.442087985, 0.674211556, 0.591767281, 0, 0, -0, 0, 0, 0, 0, 0.327543994, -0.023143457, -0.173462451, 0.153307155, 0.504048299, -0.84982156, 0.293334961, -0.844482422, -0.447998047, -0.943612018, -0.180479023, -0.277238934, 0, 2, 3, 1, 
477.371757, 60, 0.1, 0.1, 0.0154337707, 0.377785986, -0.0349720759, 0.948780284, 1.4043194e-005, 0.315936658, 0.315936658, -2.19856348e-006, -0.948780285, -1.26292988e-005, 1, -6.52271345e-006, 0.948780267, 1.39818465e-005, 0.315936709, 0.315936709, 1.08544893e-008, -0.948780268, -1.32691294e-005, 1, -4.40708004e-006, 0, 0, 0, 0, 0, 0, 0, 0.252336011, -0.0582289307, -0.212835937, -0.220050412, 0.720912942, -0.657094271, -0.869506836, 0.16027832, 0.467041016, 0.442087985, 0.674211556, 0.591767281, 0, 0, -0, 0, 0, 0, 0, 0.327543994, -0.023143457, -0.173462451, 0.153307155, 0.504048299, -0.84982156, 0.293334961, -0.844482422, -0.447998047, -0.943612018, -0.180479023, -0.277238934, 0, 2, 3, 1, 
477.372446, 60, 0.1, 0.1, 0.0154337674, 0.377786001, -0.0349698927, 0.948780366, -1.63981486e-006, 0.315936412, 0.315936412, -5.05180405e-006, -0.948780366, 3.15187299e-006, 1, -4.27497527e-006, 0.948780352, -9.58698032e-006, 0.315936455, 0.315936455, 6.50701305e-007, -0.948780352, 8.8903583e-006, 1, 3.64624919e-006, 0, 0, 0, 0, 0, 0, 0, 0.252336011, -0.0582289307, -0.212835937, -0.220050412, 0.720912942, -0.657094271, -0.869506836, 0.16027832, 0.467041016, 0.442087985, 0.674211556, 0.591767281, 0, 0, -0, 0, 0, 0, 0, 0.327543994, -0.023143457, -0.173462451, 0.153307155, 0.504048299, -0.84982156, 0.293334961, -0.844482422, -0.447998047, -0.943612018, -0.180479023, -0.277238934, 0, 2, 3, 1, 
477.373163, 60, 0.1, 0.1, 0.0154337605, 0.377786014, -0.0349675013, 0.948780387, -8.33314251e-006, 0.315936349, 0.315936349, 2.73103154e-006, -0.948780387, 7.04349005e-006, 1, 5.22389178e-006, 0.948780389, 2.19651845e-006, 0.315936343, 0.315936343, 9.76481584e-006, -0.948780389, -5.16907384e-006, 1, 8.57070577e-006, 0, 0, 0, 0, 0, 0, 0, 0.253138281, -0.0598236084, -0.212176343, -0.221745469, 0.720221738, -0.657272127, -0.869750977, 0.158569336, 0.467163086, 0.44074976, 0.675309768, 0.591424675, 0, 0, -0, 0, 0, 0, 0, 0.328344189, -0.0244383789, -0.17286377, 0.151799296, 0.502265188, -0.851124894, 0.295166016, -0.844848633, -0.445922852, -0.943279529, -0.183366775, -0.276516721, 0, 2, 3, 1, 
477.373853, 60, 0.1, 0.1, 0.015433757, 0.377786028, -0.0349659857, 0.94878035, 8.35523324e-006, 0.315936462, 0.315936462, 1.13093214e-005, -0.94878035, -1.15003081e-005, 1, 8.09033906e-006, 0.948780357, 3.88551607e-006, 0.31593644, 0.31593644, 7.02401378e-006, -0.948780357, -5.90564323e-006, 1, 5.43667018e-006, 0, 0, 0, 0, 0, 0, 0, 0.253138281, -0.0598236084, -0.212176343, -0.221745469, 0.720221738, -0.657272127, -0.869750977, 0.158569336, 0.467163086, 0.44074976, 0.675309768, 0.591424675, 0, 0, -0, 0, 0, 0, 0, 0.328344189, -0.0244383789, -0.17286377, 0.151799296, 0.502265188, -0.851124894, 0.295166016, -0.844848633, -0.445922852, -0.943279529, -0.183366775, -0.276516721, 0, 2, 3, 1, 
477.374544, 60, 0.1, 0.1, 0.0154337539, 0.377786043, -0.034965702, 0.948780342, -1.50192171e-005, 0.315936484, 0.315936485, 8.62305742e-007, -0.948780342, 1.39775041e-005, 1, 5.56325739e-006, 0.948780338, -1.27387534e-005, 0.315936498, 0.315936498, -8.06057466e-006, -0.948780338, 1.46329085e-005, 1, -3.62307761e-006, 0, 0, 0, 0, 0, 0, 0, 0.253138281, -0.0598236084, -0.212176343, -0.221745469, 0.720221738, -0.657272127, -0.869750977, 0.158569336, 0.467163086, 0.44074976, 0.675309768, 0.591424675, 0, 0, -0, 0, 0, 0, 0, 0.328344189, -0.0244383789, -0.17286377, 0.151799296, 0.502265188, -0.851124894, 0.295166016, -0.844848633, -0.445922852, -0.943279529, -0.183366775, -0.276516721, 0, 2, 3, 1, 
477.375261, 60, 0.1, 0.1, 0.0154337475, 0.377786057, -0.0349665802, 0.948780408, 4.76547249e-006, 0.315936288, 0.315936288, -2.7962444e-006, -0.948780408, -3.63795186e-006, 1, -4.15860759e-006, 0.94878039, 1.25213655e-005, 0.31593634, 0.31593634, -3.64903002e-006, -0.94878039, -1.07271649e-005, 1, -7.41808251e-006, 0, 0, 0, 0, 0, 0, 0, 0.253975098, -0.0614087646, -0.211521509, -0.222780401, 0.719733476, -0.657551454, -0.869995117, 0.157470703, 0.467163086, 0.439677758, 0.676128652, 0.591221732, 0, 0, -0, 0, 0, 0, 0, 0.328344189, -0.0244383789, -0.17286377, 0.150777044, 0.500673841, -0.852281308, 0.296630859, -0.845336914, -0.444213867, -0.942896001, -0.185743401, -0.276024551, 0, 2, 3, 1, 
477.375951, 60, 0.1, 0.1, 0.0154337458, 0.37778607, -0.0349680726, 0.948780475, 6.48529414e-006, 0.315936086, 0.315936086, -4.45338411e-006, -0.948780475, -4.74613571e-006, 1, -6.27422234e-006, 0.948780467, -5.55084783e-006, 0.315936111, 0.315936111, -5.84785077e-006, -0.948780467, 7.11408323e-006, 1, -3.79461331e-006, 0, 0, 0, 0, 0, 0, 0, 0.253975098, -0.0614087646, -0.211521509, -0.222780401, 0.719733476, -0.657551454, -0.869995117, 0.157470703, 0.467163086, 0.439677758, 0.676128652, 0.591221732, 0, 0, -0, 0, 0, 0, 0, 0.328954346, -0.0257098633, -0.172260205, 0.150777044, 0.500673841, -0.852281308, 0.296630859, -0.845336914, -0.444213867, -0.942896001, -0.185743401, -0.276024551, 0, 2, 3, 1, 
477.37664, 60, 0.1, 0.1, 0.0154337409, 0.377786083, -0.0349700001, 0.948780474, -8.51402663e-006, 0.315936088, 0.315936088, -5.81651936e-006, -0.948780474, 9.91559059e-006, 1, -2.82871173e-006, 0.948780481, -6.5186646e-006, 0.315936069, 0.315936069, 3.20717108e-006, -0.948780481, 5.1715207e-006, 1, 5.10238258e-006, 0, 0, 0, 0, 0, 0, 0, 0.253975098, -0.0614087646, -0.211521509, -0.222780401, 0.719733476, -0.657551454, -0.869995117, 0.157470703, 0.467163086, 0.439677758, 0.676128652, 0.591221732, 0, 0, -0, 0, 0, 0, 0, 0.328954346, -0.0257098633, -0.172260205, 0.150777044, 0.500673841, -0.852281308, 0.296630859, -0.845336914, -0.444213867, -0.942896001, -0.185743401, -0.276024551, 0, 2, 3, 1, 
477.377331, 60, 0.1, 0.1, 0.0154337354, 0.377786095, -0.0349717622, 0.948780436, 1.06822598e-005, 0.315936203, 0.315936202, 8.46667626e-006, -0.948780436, -1.28100487e-005, 1, 4.6581042e-006, 0.948780443, 9.98041019e-006, 0.315936183, 0.315936182, 1.09004283e-005, -0.948780443, -1.29130577e-005, 1, 7.18894047e-006, 0, 0, 0, 0, 0, 0, 0, 0.253975098, -0.0614087646, -0.211521509, -0.222780401, 0.719733476, -0.657551454, -0.869995117, 0.157470703, 0.467163086, 0.439677758, 0.676128652, 0.591221732, 0, 0, -0, 0, 0, 0, 0, 0.328954346, -0.0257098633, -0.172260205, 0.150777044, 0.500673841, -0.852281308, 0.296630859, -0.845336914, -0.444213867, -0.942896001, -0.185743401, -0.276024551, 0, 2, 3, 1, 
477.378023, 60, 0.1, 0.1, 0.0154337319, 0.377786108, -0.0349728602, 0.948780436, -4.10105879e-006, 0.315936204, 0.315936204, 6.63987817e-006, -0.948780436, 1.79322644e-006, 1, 7.59545945e-006, 0.948780431, -8.24999693e-006, 0.315936218, 0.315936218, 2.81709532e-006, -0.948780431, 6.9374132e-006, 1, 5.27927775e-006, 0, 0, 0, 0, 0, 0, 0, 0.253975098, -0.0614087646, -0.211521509, -0.222780401, 0.719733476, -0.657551454, -0.869995117, 0.157470703, 0.467163086, 0.439677758, 0.676128652, 0.591221732, 0, 0, -0, 0, 0, 0, 0, 0.328954346, -0.0257098633, -0.172260205, 0.150777044, 0.500673841, -0.852281308, 0.296630859, -0.845336914, -0.444213867, -0.942896001, -0.185743401, -0.276024551, 0, 2, 3, 1, 
477.378721, 60, 0.1, 0.1, 0.0154337255, 0.377786121, -0.0349729811, 0.948780488, -6.07910911e-006, 0.315936047, 0.315936047, 3.52285635e-006, -0.948780488, 4.65474279e-006, 1, 5.26302707e-006, 0.948780475, 5.99809372e-006, 0.315936084, 0.315936084, -3.560628e-008, -0.948780476, -5.6796249e-006, 1, -1.92879679e-006, 0, 0, 0, 0, 0, 0, 0, 0.253975098, -0.0614087646, -0.211521509, -0.222780401, 0.719733476, -0.657551454, -0.869995117, 0.157470703, 0.467163086, 0.439677758, 0.676128652, 0.591221732, 0, 0, -0, 0, 0, 0, 0, 0.328954346, -0.0257098633, -0.172260205, 0.150777044, 0.500673841, -0.852281308, 0.296630859, -0.845336914, -0.444213867, -0.942896001, -0.185743401, -0.276024551, 0, 2, 3, 1, 
477.379409, 60, 0.1, 0.1, 0.0154337221, 0.377786133, -0.0349721504, 0.948780525, 9.59973245e-006, 0.315935935, 0.315935935, 8.45368335e-007, -0.948780525, -9.37512143e-006, 1, -2.23083143e-006, 0.948780523, 6.24087356e-006, 0.315935943, 0.315935943, -3.1688569e-006, -0.948780523, -4.92006348e-006, 1, -4.97826597e-006, 0, 0, 0, 0, 0, 0, 0, 0.253975098, -0.0614087646, -0.211521509, -0.222780401, 0.719733476, -0.657551454, -0.869995117, 0.157470703, 0.467163086, 0.439677758, 0.676128652, 0.591221732, 0, 0, -0, 0, 0, 0, 0, 0.328954346, -0.0257098633, -0.172260205, 0.150777044, 0.500673841, -0.852281308, 0.296630859, -0.845336914, -0.444213867, -0.942896001, -0.185743401, -0.276024551, 0, 2, 3, 1, 
477.380111, 60, 0.1, 0.1, 0.0154337195, 0.377786146, -0.0349706524, 0.948780501, -9.49740282e-006, 0.315936006, 0.315936006, -9.49154443e-006, -0.948780501, 1.20096713e-005, 1, -6.00482077e-006, 0.948780511, -1.10154384e-005, 0.315935977, 0.315935977, -7.09925391e-006, -0.948780511, 1.2694143e-005, 1, -3.25546046e-006, 0, 0, 0, 0, 0, 0, 0, 0.253975098, -0.0614087646, -0.211521509, -0.224431275, 0.719606918, -0.656954608, -0.870483398, 0.154785156, 0.467041016, 0.437838168, 0.676890249, 0.591868753, 0, 0, -0, 0, 0, 0, 0, 0.328954346, -0.0257098633, -0.172260205, 0.150777044, 0.500673841, -0.852281308, 0.296630859, -0.845336914, -0.444213867, -0.942896001, -0.185743401, -0.276024551, 0, 2, 3, 1, 
477.380816, 60, 0.1, 0.1, 0.0154337137, 0.377786158, -0.0349687554, 0.948780454, 5.74521186e-006, 0.315936147, 0.315936147, -2.1171322e-006, -0.948780454, -4.78206613e-006, 1, -3.82381376e-006, 0.948780462, 9.01497908e-006, 0.315936125, 0.315936125, 7.7856861e-006, -0.948780462, -1.10130155e-005, 1, 4.5387493e-006, 0, 0, 0, 0, 0, 0, 0, 0.254778101, -0.0627523682, -0.210819312, -0.224431275, 0.719606918, -0.656954608, -0.870483398, 0.154785156, 0.467041016, 0.437838168, 0.676890249, 0.591868753, 0, 0, -0, 0, 0, 0, 0, 0.32978457, -0.0269652344, -0.171425342, 0.149595111, 0.499695698, -0.853131119, 0.299560547, -0.845092773, -0.442504883, -0.942161028, -0.189283004, -0.27611387, 0, 2, 3, 1, 
477.381505, 60, 0.1, 0.1, 0.0154337117, 0.377786171, -0.0349673143, 0.948780465, 5.02724898e-006, 0.315936115, 0.315936115, 6.02602362e-006, -0.948780465, -6.67359412e-006, 1, 4.12908399e-006, 0.948780458, -7.35730655e-006, 0.315936137, 0.315936137, 5.59275215e-006, -0.948780458, 5.21351617e-006, 1, 7.63073295e-006, 0, 0, 0, 0, 0, 0, 0, 0.254778101, -0.0627523682, -0.210819312, -0.224431275, 0.719606918, -0.656954608, -0.870483398, 0.154785156, 0.467041016, 0.437838168, 0.676890249, 0.591868753, 0, 0, -0, 0, 0, 0, 0, 0.32978457, -0.0269652344, -0.171425342, 0.149595111, 0.499695698, -0.853131119, 0.299560547, -0.845092773, -0.442504883, -0.942161028, -0.189283004, -0.27611387, 0, 2, 3, 1, 
477.382197, 60, 0.1, 0.1, 0.0154337068, 0.377786183, -0.0349667037, 0.94878053, -1.42110635e-005, 0.31593592, 0.31593592, 1.96218571e-006, -0.94878053, 1.28632554e-005, 1, 6.35146901e-006, 0.948780517, -7.89255912e-006, 0.315935958, 0.315935958, 1.2161025e-006, -0.948780517, 7.10409582e-006, 1, 3.64735759e-006, 0, 0, 0, 0, 0, 0, 0, 0.254778101, -0.0627523682, -0.210819312, -0.224431275, 0.719606918, -0.656954608, -0.870483398, 0.154785156, 0.467041016, 0.437838168, 0.676890249, 0.591868753, 0, 0, -0, 0, 0, 0, 0, 0.32978457, -0.0269652344, -0.171425342, 0.149595111, 0.499695698, -0.853131119, 0.299560547, -0.845092773, -0.442504883, -0.942161028, -0.189283004, -0.27611387, 0, 2, 3, 1, 
477.382885, 60, 0.1, 0.1, 0.0154337018, 0.377786196, -0.034967062, 0.948780562, 9.98336331e-006, 0.315935826, 0.315935825, 7.68308664e-006, -0.948780562, -1.18993834e-005, 1, 4.13546113e-006, 0.948780561, 1.31087318e-005, 0.315935826, 0.315935826, -5.90019163e-007, -0.948780561, -1.22509017e-005, 1, -4.70131673e-006, 0, 0, 0, 0, 0, 0, 0, 0.254778101, -0.0627523682, -0.210819312, -0.224431275, 0.719606918, -0.656954608, -0.870483398, 0.154785156, 0.467041016, 0.437838168, 0.676890249, 0.591868753, 0, 0, -0, 0, 0, 0, 0, 0.32978457, -0.0269652344, -0.171425342, 0.149595111, 0.499695698, -0.853131119, 0.299560547, -0.845092773, -0.442504883, -0.942161028, -0.189283004, -0.27611387, 0, 2, 3, 1, 
477.383579, 60, 0.1, 0.1, 0.0154336995, 0.377786209, -0.0349682139, 0.948780523, -2.81502146e-006, 0.315935942, 0.315935942, -5.20954962e-006, -0.948780523, 4.3167215e-006, 1, -4.05335276e-006, 0.948780534, -7.95498216e-006, 0.315935909, 0.315935909, -1.00819373e-005, -0.948780534, 1.07327782e-005, 1, -7.0522813e-006, 0, 0, 0, 0, 0, 0, 0, 0.254778101, -0.0627523682, -0.210819312, -0.224431275, 0.719606918, -0.656954608, -0.870483398, 0.154785156, 0.467041016, 0.437838168, 0.676890249, 0.591868753, 0, 0, -0, 0, 0, 0, 0, 0.32978457, -0.0269652344, -0.171425342, 0.149595111, 0.499695698, -0.853131119, 0.299560547, -0.845092773, -0.442504883, -0.942161028, -0.189283004, -0.27611387, 0, 2, 3, 1, 
477.384268, 60, 0.1, 0.1, 0.0154336933, 0.37778622, -0.0349697526, 0.948780478, -1.60240628e-006, 0.315936076, 0.315936076, -6.47853577e-006, -0.948780478, 3.56713496e-006, 1, -5.64045032e-006, 0.948780483, 8.02323649e-006, 0.315936063, 0.315936063, -8.79544534e-007, -0.948780483, -7.33441035e-006, 1, -3.36932444e-006, 0, 0, 0, 0, 0, 0, 0, 0.254778101, -0.0627523682, -0.210819312, -0.224431275, 0.719606918, -0.656954608, -0.870483398, 0.154785156, 0.467041016, 0.437838168, 0.676890249, 0.591868753, 0, 0, -0, 0, 0, 0, 0, 0.32978457, -0.0269652344, -0.171425342, 0.149595111, 0.499695698, -0.853131119, 0.299560547, -0.845092773, -0.442504883, -0.942161028, -0.189283004, -0.27611387, 0, 2, 3, 1, 
477.384959, 60, 0.1, 0.1, 0.0154336899, 0.377786231, -0.0349712407, 0.948780496, 1.18957588e-005, 0.315936024, 0.315936024, 1.62375871e-006, -0.948780496, -1.17994678e-005, 1, -2.21770814e-006, 0.948780486, 5.027666e-006, 0.315936052, 0.315936052, 7.36177224e-006, -0.948780486, -7.09600065e-006, 1, 5.3962849e-006, 0, 0, 0, 0, 0, 0, 0, 0.254778101, -0.0627523682, -0.210819312, -0.224431275, 0.719606918, -0.656954608, -0.870483398, 0.154785156, 0.467041016, 0.437838168, 0.676890249, 0.591868753, 0, 0, -0, 0, 0, 0, 0, 0.32978457, -0.0269652344, -0.171425342, 0.149595111, 0.499695698, -0.853131119, 0.299560547, -0.845092773, -0.442504883, -0.942161028, -0.189283004, -0.27611387, 0, 2, 3, 1, 
477.385678, 60, 0.1, 0.1, 0.0154336869, 0.377786242, -0.0349719786, 0.94878055, -1.22764118e-005, 0.315935861, 0.315935861, 1.74379595e-006, -0.94878055, 1.1096693e-005, 1, 5.53303841e-006, 0.94878054, -1.3320068e-005, 0.315935889, 0.315935889, 4.1655095e-006, -0.94878054, 1.13217873e-005, 1, 8.16044187e-006, 0, 0, 0, 0, 0, 0, 0, 0.25564812, -0.0647758301, -0.209937207, -0.224825178, 0.719302503, -0.657176647, -0.870849609, 0.154052734, 0.466674805, 0.436911821, 0.677309239, 0.592027512, 0, 0, -0, 0, 0, 0, 0, 0.330409619, -0.0286963867, -0.170600244, 0.148828422, 0.497836028, -0.854274773, 0.30090332, -0.845703125, -0.440429687, -0.941873383, -0.191442347, -0.275743102, 0, 2, 3, 1, 
477.386367, 60, 0.1, 0.1, 0.015433682, 0.377786253, -0.0349719586, 0.948780562, 6.40146481e-008, 0.315935823, 0.315935823, 8.70820744e-006, -0.948780562, -2.81197054e-006, 1, 8.24195344e-006, 0.948780565, 6.0766505e-006, 0.315935816, 0.315935816, 8.36009869e-006, -0.948780565, -8.40666249e-006, 1, 6.01206762e-006, 0, 0, 0, 0, 0, 0, 0, 0.25564812, -0.0647758301, -0.209937207, -0.224825178, 0.719302503, -0.657176647, -0.870849609, 0.154052734, 0.466674805, 0.436911821, 0.677309239, 0.592027512, 0, 0, -0, 0, 0, 0, 0, 0.330409619, -0.0286963867, -0.170600244, 0.148828422, 0.497836028, -0.854274773, 0.30090332, -0.845703125, -0.440429687, -0.941873383, -0.191442347, -0.275743102, 0, 2, 3, 1, 
477.387105, 60, 0.1, 0.1, 0.0154336805, 0.377786267, -0.0349707737, 0.948780511, 3.06100878e-006, 0.315935976, 0.315935976, 4.04040734e-006, -0.948780511, -4.18073551e-006, 1, 2.86637694e-006, 0.948780523, -4.99600828e-006, 0.315935941, 0.315935941, -6.72610237e-006, -0.948780523, 6.86513283e-006, 1, -4.80317634e-006, 0, 0, 0, 0, 0, 0, 0, 0.25564812, -0.0647758301, -0.209937207, -0.224825178, 0.719302503, -0.657176647, -0.870849609, 0.154052734, 0.466674805, 0.436911821, 0.677309239, 0.592027512, 0, 0, -0, 0, 0, 0, 0, 0.330409619, -0.0286963867, -0.170600244, 0.148828422, 0.497836028, -0.854274773, 0.30090332, -0.845703125, -0.440429687, -0.941873383, -0.191442347, -0.275743102, 0, 2, 3, 1, 
477.387813, 60, 0.1, 0.1, 0.0154336763, 0.37778628, -0.0349692326, 0.948780477, -1.03542482e-005, 0.315936081, 0.315936081, -8.2577275e-006, -0.948780477, 1.24328226e-005, 1, -4.56349003e-006, 0.948780478, -4.68652951e-006, 0.315936077, 0.315936077, -1.00038909e-005, -0.948780478, 7.60707777e-006, 1, -8.01085269e-006, 0, 0, 0, 0, 0, 0, 0, 0.256256323, -0.06659375, -0.209065234, -0.225936494, 0.718611299, -0.657576541, -0.871337891, 0.152587891, 0.466186523, 0.435357549, 0.67840745, 0.591843665, 0, 0, -0, 0, 0, 0, 0, 0.330409619, -0.0286963867, -0.170600244, 0.148828422, 0.497836028, -0.854274773, 0.30090332, -0.845703125, -0.440429687, -0.941873383, -0.191442347, -0.275743102, 0, 2, 3, 1, 
477.388516, 60, 0.1, 0.1, 0.0154336716, 0.37778629, -0.0349677128, 0.948780511, 1.40332846e-005, 0.315935976, 0.315935976, -1.91207234e-006, -0.948780512, -1.27104145e-005, 1, -6.24775644e-006, 0.9487805, 1.36041922e-005, 0.315936011, 0.315936011, 6.17413195e-007, -0.9487805, -1.31024553e-005, 1, -3.7122646e-006, 0, 0, 0, 0, 0, 0, 0, 0.256256323, -0.06659375, -0.209065234, -0.225936494, 0.718611299, -0.657576541, -0.871337891, 0.152587891, 0.466186523, 0.435357549, 0.67840745, 0.591843665, 0, 0, -0, 0, 0, 0, 0, 0.331014893, -0.030287793, -0.169813232, 0.147659248, 0.495132744, -0.856050954, 0.303222656, -0.846557617, -0.43737793, -0.941259811, -0.194917784, -0.27519333, 0, 2, 3, 1, 
477.389201, 60, 0.1, 0.1, 0.0154336698, 0.377786301, -0.0349669832, 0.948780568, -2.85937862e-006, 0.315935806, 0.315935806, -4.70690555e-006, -0.948780568, 4.20000287e-006, 1, -3.56244044e-006, 0.948780559, -1.16916659e-005, 0.315935834, 0.315935834, 1.50318334e-006, -0.948780559, 1.06179158e-005, 1, 5.12000734e-006, 0, 0, 0, 0, 0, 0, 0, 0.256256323, -0.06659375, -0.209065234, -0.225936494, 0.718611299, -0.657576541, -0.871337891, 0.152587891, 0.466186523, 0.435357549, 0.67840745, 0.591843665, 0, 0, -0, 0, 0, 0, 0, 0.331014893, -0.030287793, -0.169813232, 0.147659248, 0.495132744, -0.856050954, 0.303222656, -0.846557617, -0.43737793, -0.941259811, -0.194917784, -0.27519333, 0, 2, 3, 1, 
477.389889, 60, 0.1, 0.1, 0.0154336642, 0.377786311, -0.034967186, 0.948780565, -6.90252698e-006, 0.315935815, 0.315935815, 2.88180496e-006, -0.948780565, 5.63851805e-006, 1, 4.91495603e-006, 0.948780571, 3.29445305e-006, 0.315935797, 0.315935797, 9.84991154e-006, -0.948780571, -6.2376527e-006, 1, 8.30456904e-006, 0, 0, 0, 0, 0, 0, 0, 0.256256323, -0.06659375, -0.209065234, -0.225936494, 0.718611299, -0.657576541, -0.871337891, 0.152587891, 0.466186523, 0.435357549, 0.67840745, 0.591843665, 0, 0, -0, 0, 0, 0, 0, 0.331014893, -0.030287793, -0.169813232, 0.147659248, 0.495132744, -0.856050954, 0.303222656, -0.846557617, -0.43737793, -0.941259811, -0.194917784, -0.27519333, 0, 2, 3, 1, 
477.390574, 60, 0.1, 0.1, 0.015433661, 0.377786322, -0.0349682161, 0.948780508, 9.63177109e-006, 0.315935985, 0.315935985, 1.00632305e-005, -0.948780509, -1.23177733e-005, 1, 6.50477391e-006, 0.94878052, 5.16100214e-006, 0.315935951, 0.315935951, 5.95499267e-006, -0.94878052, -6.77805457e-006, 1, 4.01943492e-006, 0, 0, 0, 0, 0, 0, 0, 0.256256323, -0.06659375, -0.209065234, -0.225936494, 0.718611299, -0.657576541, -0.871337891, 0.152587891, 0.466186523, 0.435357549, 0.67840745, 0.591843665, 0, 0, -0, 0, 0, 0, 0, 0.331014893, -0.030287793, -0.169813232, 0.147659248, 0.495132744, -0.856050954, 0.303222656, -0.846557617, -0.43737793, -0.941259811, -0.194917784, -0.27519333, 0, 2, 3, 1, 
477.39126, 60, 0.1, 0.1, 0.0154336579, 0.377786334, -0.0349697111, 0.948780482, -1.12306392e-005, 0.315936063, 0.315936063, 1.85835745e-007, -0.948780482, 1.05966991e-005, 1, 3.72448127e-006, 0.948780482, -8.93321822e-006, 0.315936064, 0.315936064, -7.44888329e-006, -0.948780482, 1.0829034e-005, 1, -4.24502927e-006, 0, 0, 0, 0, 0, 0, 0, 0.256256323, -0.06659375, -0.209065234, -0.225936494, 0.718611299, -0.657576541, -0.871337891, 0.152587891, 0.466186523, 0.435357549, 0.67840745, 0.591843665, 0, 0, -0, 0, 0, 0, 0, 0.331014893, -0.030287793, -0.169813232, 0.147659248, 0.495132744, -0.856050954, 0.303222656, -0.846557617, -0.43737793, -0.941259811, -0.194917784, -0.27519333, 0, 2, 3, 1, 
477.391947, 60, 0.1, 0.1, 0.0154336527, 0.377786344, -0.0349711938, 0.948780519, 5.14072801e-006, 0.315935952, 0.315935952, -2.75049192e-006, -0.948780519, -4.00844331e-006, 1, -4.23375396e-006, 0.948780509, 1.1392796e-005, 0.315935983, 0.315935983, -3.39290554e-006, -0.948780509, -9.73732184e-006, 1, -6.81851685e-006, 0, 0, 0, 0, 0, 0, 0, 0.256256323, -0.06659375, -0.209065234, -0.225936494, 0.718611299, -0.657576541, -0.871337891, 0.152587891, 0.466186523, 0.435357549, 0.67840745, 0.591843665, 0, 0, -0, 0, 0, 0, 0, 0.331014893, -0.030287793, -0.169813232, 0.147659248, 0.495132744, -0.856050954, 0.303222656, -0.846557617, -0.43737793, -0.941259811, -0.194917784, -0.27519333, 0, 2, 3, 1, 
477.392646, 60, 0.1, 0.1, 0.0154336512, 0.377786356, -0.0349722295, 0.948780562, 6.32548178e-006, 0.315935825, 0.315935825, -4.00550602e-006, -0.948780562, -4.73601132e-006, 1, -5.79879255e-006, 0.948780558, -4.76027256e-006, 0.315935838, 0.315935838, -5.37439159e-006, -0.948780558, 6.21441696e-006, 1, -3.59517755e-006, 0, 0, 0, 0, 0, 0, 0, 0.256256323, -0.06659375, -0.209065234, -0.227581376, 0.718180326, -0.657601628, -0.872192383, 0.149780273, 0.465454102, 0.432775458, 0.679588037, 0.592465598, 0, 0, -0, 0, 0, 0, 0, 0.331014893, -0.030287793, -0.169813232, 0.147659248, 0.495132744, -0.856050954, 0.303222656, -0.846557617, -0.43737793, -0.941259811, -0.194917784, -0.27519333, 0, 2, 3, 1, 
477.393344, 60, 0.1, 0.1, 0.0154336474, 0.377786365, -0.034972279, 0.948780545, -8.86483741e-006, 0.315935876, 0.315935876, -5.47496571e-006, -0.948780545, 1.01405234e-005, 1, -2.39382077e-006, 0.948780554, -6.87060102e-006, 0.31593585, 0.31593585, 2.79007883e-006, -0.948780554, 5.63720671e-006, 1, 4.81784171e-006, 0, 0, 0, 0, 0, 0, 0, 0.257057373, -0.0681748779, -0.207948413, -0.227581376, 0.718180326, -0.657601628, -0.872192383, 0.149780273, 0.465454102, 0.432775458, 0.679588037, 0.592465598, 0, 0, -0, 0, 0, 0, 0, 0.331848535, -0.0318730957, -0.16879834, 0.146451796, 0.492934022, -0.857495013, 0.307128906, -0.846679688, -0.434204102, -0.940282035, -0.199690359, -0.27546785, 0, 2, 3, 1, 
477.394034, 60, 0.1, 0.1, 0.0154336433, 0.377786375, -0.0349716393, 0.948780495, 8.79040747e-006, 0.315936026, 0.315936026, 8.45995144e-006, -0.948780495, -1.10129706e-005, 1, 5.24943052e-006, 0.948780504, 8.40324466e-006, 0.315935999, 0.315935999, 1.11042243e-005, -0.948780504, -1.14810589e-005, 1, 7.88058399e-006, 0, 0, 0, 0, 0, 0, 0, 0.257057373, -0.0681748779, -0.207948413, -0.227581376, 0.718180326, -0.657601628, -0.872192383, 0.149780273, 0.465454102, 0.432775458, 0.679588037, 0.592465598, 0, 0, -0, 0, 0, 0, 0, 0.331848535, -0.0318730957, -0.16879834, 0.146451796, 0.492934022, -0.857495013, 0.307128906, -0.846679688, -0.434204102, -0.940282035, -0.199690359, -0.27546785, 0, 2, 3, 1, 
477.394722, 60, 0.1, 0.1, 0.0154336415, 0.377786385, -0.0349705765, 0.948780485, -6.17269839e-006, 0.315936056, 0.315936056, 7.05482931e-006, -0.948780485, 3.62766082e-006, 1, 8.64366236e-006, 0.948780482, -1.09428036e-005, 0.315936066, 0.315936066, 2.99874331e-006, -0.948780482, 9.4349073e-006, 1, 6.30237544e-006, 0, 0, 0, 0, 0, 0, 0, 0.257057373, -0.0681748779, -0.207948413, -0.227581376, 0.718180326, -0.657601628, -0.872192383, 0.149780273, 0.465454102, 0.432775458, 0.679588037, 0.592465598, 0, 0, -0, 0, 0, 0, 0, 0.331848535, -0.0318730957, -0.16879834, 0.146451796, 0.492934022, -0.857495013, 0.307128906, -0.846679688, -0.434204102, -0.940282035, -0.199690359, -0.27546785, 0, 2, 3, 1, 
477.395407, 60, 0.1, 0.1, 0.0154336363, 0.377786395, -0.0349694319, 0.948780532, -7.55377556e-006, 0.315935915, 0.315935915, 3.32603353e-006, -0.948780532, 6.11606175e-006, 1, 5.54218486e-006, 0.94878052, 5.76524119e-006, 0.31593595, 0.31593595, -6.21899948e-007, -0.94878052, -5.27346798e-006, 1, -2.41149351e-006, 0, 0, 0, 0, 0, 0, 0, 0.257057373, -0.0681748779, -0.207948413, -0.227581376, 0.718180326, -0.657601628, -0.872192383, 0.149780273, 0.465454102, 0.432775458, 0.679588037, 0.592465598, 0, 0, -0, 0, 0, 0, 0, 0.331848535, -0.0318730957, -0.16879834, 0.146451796, 0.492934022, -0.857495013, 0.307128906, -0.846679688, -0.434204102, -0.940282035, -0.199690359, -0.27546785, 0, 2, 3, 1, 
477.396092, 60, 0.1, 0.1, 0.0154336338, 0.377786405, -0.0349685626, 0.948780565, 1.14196961e-005, 0.315935815, 0.315935815, 7.8738938e-007, -0.948780565, -1.10835502e-005, 1, -2.86083125e-006, 0.948780564, 7.42594168e-006, 0.315935819, 0.315935819, -3.68354797e-006, -0.948780564, -5.88182439e-006, 1, -5.84099968e-006, 0, 0, 0, 0, 0, 0, 0, 0.257057373, -0.0681748779, -0.207948413, -0.227581376, 0.718180326, -0.657601628, -0.872192383, 0.149780273, 0.465454102, 0.432775458, 0.679588037, 0.592465598, 0, 0, -0, 0, 0, 0, 0, 0.331848535, -0.0318730957, -0.16879834, 0.146451796, 0.492934022, -0.857495013, 0.307128906, -0.846679688, -0.434204102, -0.940282035, -0.199690359, -0.27546785, 0, 2, 3, 1, 
477.396779, 60, 0.1, 0.1, 0.0154336318, 0.377786415, -0.0349681848, 0.948780533, -9.3447854e-006, 0.315935912, 0.315935912, -1.03487313e-005, -0.948780533, 1.21356863e-005, 1, -6.86632146e-006, 0.948780544, -1.08038361e-005, 0.315935878, 0.315935878, -7.79160481e-006, -0.948780544, 1.2712117e-005, 1, -3.97920361e-006, 0, 0, 0, 0, 0, 0, 0, 0.257057373, -0.0681748779, -0.207948413, -0.227581376, 0.718180326, -0.657601628, -0.872192383, 0.149780273, 0.465454102, 0.432775458, 0.679588037, 0.592465598, 0, 0, -0, 0, 0, 0, 0, 0.331848535, -0.0318730957, -0.16879834, 0.146451796, 0.492934022, -0.857495013, 0.307128906, -0.846679688, -0.434204102, -0.940282035, -0.199690359, -0.27546785, 0, 2, 3, 1, 
477.397477, 60, 0.1, 0.1, 0.0154336268, 0.377786424, -0.0349683321, 0.948780477, 6.25635375e-006, 0.315936081, 0.315936081, -3.95177808e-006, -0.948780477, -4.68739701e-006, 1, -5.72597777e-006, 0.948780487, 9.61624425e-006, 0.315936051, 0.315936051, 6.81536979e-006, -0.948780487, -1.12769259e-005, 1, 3.42817163e-006, 0, 0, 0, 0, 0, 0, 0, 0.257057373, -0.0681748779, -0.207948413, -0.229149874, 0.717387651, -0.6577031, -0.872924805, 0.147460937, 0.46496582, 0.430675637, 0.680825912, 0.592605262, 0, 0, -0, 0, 0, 0, 0, 0.331848535, -0.0318730957, -0.16879834, 0.146451796, 0.492934022, -0.857495013, 0.307128906, -0.846679688, -0.434204102, -0.940282035, -0.199690359, -0.27546785, 0, 2, 3, 1, 
477.398178, 60, 0.1, 0.1, 0.0154336258, 0.377786435, -0.0349686645, 0.948780481, 3.92871421e-006, 0.315936068, 0.315936068, 4.82089963e-006, -0.948780481, -5.25058343e-006, 1, 3.33275295e-006, 0.948780475, -7.78770156e-006, 0.315936086, 0.315936087, 4.01565023e-006, -0.948780475, 6.12013036e-006, 1, 6.27038648e-006, 0, 0, 0, 0, 0, 0, 0, 0.257640552, -0.0697743164, -0.207060205, -0.229149874, 0.717387651, -0.6577031, -0.872924805, 0.147460937, 0.46496582, 0.430675637, 0.680825912, 0.592605262, 0, 0, -0, 0, 0, 0, 0, 0.332468945, -0.0332483398, -0.167566797, 0.145352985, 0.490466977, -0.859073234, 0.310668945, -0.847045898, -0.431030273, -0.939170098, -0.204245651, -0.275633727, 0, 2, 3, 1, 
477.398867, 60, 0.1, 0.1, 0.0154336219, 0.377786445, -0.0349693535, 0.948780537, -1.3123115e-005, 0.3159359, 0.3159359, 2.48079782e-006, -0.948780537, 1.1667183e-005, 1, 6.49979585e-006, 0.948780526, -7.35390049e-006, 0.315935933, 0.315935933, 1.50969423e-006, -0.948780526, 6.50027092e-006, 1, 3.75572989e-006, 0, 0, 0, 0, 0, 0, 0, 0.257640552, -0.0697743164, -0.207060205, -0.229149874, 0.717387651, -0.6577031, -0.872924805, 0.147460937, 0.46496582, 0.430675637, 0.680825912, 0.592605262, 0, 0, -0, 0, 0, 0, 0, 0.332468945, -0.0332483398, -0.167566797, 0.145352985, 0.490466977, -0.859073234, 0.310668945, -0.847045898, -0.431030273, -0.939170098, -0.204245651, -0.275633727, 0, 2, 3, 1, 
477.399552, 60, 0.1, 0.1, 0.0154336179, 0.377786454, -0.0349702014, 0.948780564, 8.79469037e-006, 0.315935819, 0.315935819, 8.68872851e-006, -0.948780564, -1.10893118e-005, 1, 5.46513903e-006, 0.948780564, 1.15665625e-005, 0.315935819, 0.315935819, 1.05543996e-006, -0.948780564, -1.1307581e-005, 1, -2.65291047e-006, 0, 0, 0, 0, 0, 0, 0, 0.257640552, -0.0697743164, -0.207060205, -0.229149874, 0.717387651, -0.6577031, -0.872924805, 0.147460937, 0.46496582, 0.430675637, 0.680825912, 0.592605262, 0, 0, -0, 0, 0, 0, 0, 0.332468945, -0.0332483398, -0.167566797, 0.145352985, 0.490466977, -0.859073234, 0.310668945, -0.847045898, -0.431030273, -0.939170098, -0.204245651, -0.275633727, 0, 2, 3, 1, 
477.400261, 60, 0.1, 0.1, 0.0154336163, 0.377786465, -0.034970864, 0.948780525, -2.20352465e-006, 0.315935936, 0.315935936, -3.08327309e-006, -0.948780525, 3.06477804e-006, 1, -2.22917684e-006, 0.948780536, -7.28211553e-006, 0.315935901, 0.315935901, -7.91453731e-006, -0.948780536, 9.40961596e-006, 1, -5.20847722e-006, 0, 0, 0, 0, 0, 0, 0, 0.257889893, -0.0713459229, -0.206560132, -0.23293277, 0.717159621, -0.656637089, -0.872436523, 0.144042969, 0.466796875, 0.42942091, 0.681727172, 0.59231283, 0, 0, -0, 0, 0, 0, 0, 0.332468945, -0.0332483398, -0.167566797, 0.141404334, 0.488511059, -0.860957691, 0.313354492, -0.847045898, -0.429199219, -0.938971404, -0.208992706, -0.272885967, 0, 2, 3, 1, 
477.400947, 60, 0.1, 0.1, 0.0154336111, 0.377786472, -0.0349710445, 0.948780482, -2.21767538e-006, 0.315936065, 0.315936065, -5.29994302e-006, -0.948780482, 3.77853026e-006, 1, -4.32783886e-006, 0.948780486, 7.11039072e-006, 0.315936052, 0.315936052, 1.09359039e-007, -0.948780486, -6.78075043e-006, 1, -2.14267105e-006, 0, 0, 0, 0, 0, 0, 0, 0.257889893, -0.0713459229, -0.206560132, -0.23293277, 0.717159621, -0.656637089, -0.872436523, 0.144042969, 0.466796875, 0.42942091, 0.681727172, 0.59231283, 0, 0, -0, 0, 0, 0, 0, 0.332435107, -0.0345937988, -0.167410449, 0.141404334, 0.488511059, -0.860957691, 0.313354492, -0.847045898, -0.429199219, -0.938971404, -0.208992706, -0.272885967, 0, 2, 3, 1, 
477.401632, 60, 0.1, 0.1, 0.0154336086, 0.377786481, -0.0349709459, 0.948780498, 1.14045766e-005, 0.315936016, 0.315936016, 1.80941356e-006, -0.948780498, -1.13920988e-005, 1, -1.88638019e-006, 0.948780489, 4.57447192e-006, 0.315936043, 0.315936043, 7.76855802e-006, -0.948780489, -6.79453719e-006, 1, 5.92541573e-006, 0, 0, 0, 0, 0, 0, 0, 0.257889893, -0.0713459229, -0.206560132, -0.23293277, 0.717159621, -0.656637089, -0.872436523, 0.144042969, 0.466796875, 0.42942091, 0.681727172, 0.59231283, 0, 0, -0, 0, 0, 0, 0, 0.332435107, -0.0345937988, -0.167410449, 0.141404334, 0.488511059, -0.860957691, 0.313354492, -0.847045898, -0.429199219, -0.938971404, -0.208992706, -0.272885967, 0, 2, 3, 1, 
477.402316, 60, 0.1, 0.1, 0.0154336068, 0.377786489, -0.0349706359, 0.948780548, -1.25277332e-005, 0.315935865, 0.315935865, 1.42653503e-006, -0.948780549, 1.1435376e-005, 1, 5.31142891e-006, 0.948780539, -1.36304845e-005, 0.315935892, 0.315935892, 4.02882547e-006, -0.94878054, 1.16594878e-005, 1, 8.12883047e-006, 0, 0, 0, 0, 0, 0, 0, 0.257889893, -0.0713459229, -0.206560132, -0.23293277, 0.717159621, -0.656637089, -0.872436523, 0.144042969, 0.466796875, 0.42942091, 0.681727172, 0.59231283, 0, 0, -0, 0, 0, 0, 0, 0.332435107, -0.0345937988, -0.167410449, 0.141404334, 0.488511059, -0.860957691, 0.313354492, -0.847045898, -0.429199219, -0.938971404, -0.208992706, -0.272885967, 0, 2, 3, 1, 
477.403022, 60, 0.1, 0.1, 0.0154336022, 0.377786498, -0.0349699717, 0.948780557, 1.1447841e-006, 0.31593584, 0.31593584, 8.77695476e-006, -0.948780557, -3.85910347e-006, 1, 7.9657257e-006, 0.948780561, 7.74373516e-006, 0.315935829, 0.315935828, 8.48772458e-006, -0.948780561, -1.00286817e-005, 1, 5.6064647e-006, 0, 0, 0, 0, 0, 0, 0, 0.257889893, -0.0713459229, -0.206560132, -0.23293277, 0.717159621, -0.656637089, -0.872436523, 0.144042969, 0.466796875, 0.42942091, 0.681727172, 0.59231283, 0, 0, -0, 0, 0, 0, 0, 0.332435107, -0.0345937988, -0.167410449, 0.141404334, 0.488511059, -0.860957691, 0.313354492, -0.847045898, -0.429199219, -0.938971404, -0.208992706, -0.272885967, 0, 2, 3, 1, 
477.403712, 60, 0.1, 0.1, 0.0154336013, 0.377786508, -0.0349693031, 0.948780506, 3.46687884e-006, 0.315935994, 0.315935994, 5.90595255e-006, -0.948780506, -5.15521005e-006, 1, 4.50814084e-006, 0.948780518, -4.65341603e-006, 0.315935957, 0.315935957, -5.11876478e-006, -0.948780518, 6.03227232e-006, 1, -3.38640286e-006, 0, 0, 0, 0, 0, 0, 0, 0.257889893, -0.0713459229, -0.206560132, -0.23293277, 0.717159621, -0.656637089, -0.872436523, 0.144042969, 0.466796875, 0.42942091, 0.681727172, 0.59231283, 0, 0, -0, 0, 0, 0, 0, 0.332435107, -0.0345937988, -0.167410449, 0.141404334, 0.488511059, -0.860957691, 0.313354492, -0.847045898, -0.429199219, -0.938971404, -0.208992706, -0.272885967, 0, 2, 3, 1, 
