time, trialNum, realDorsalTactorPos, realVentralTactorPos, boxPosX, boxPosY, boxPosZ, boxLocalRot_11, boxLocalRot_12, boxLocalRot_13, boxLocalRot_21, boxLocalRot_22, boxLocalRot_23, boxLocalRot_31, boxLocalRot_32, boxLocalRot_33, boxGlobalRot_11, boxGlobalRot_12, boxGlobalRot_13, boxGlobalRot_21, boxGlobalRot_22, boxGlobalRot_23, boxGlobalRot_31, boxGlobalRot_32, boxGlobalRot_33, indexForceX, indexForceY, indexForceZ, indexForceGlobalX, indexForceGlobalY, indexForceGlobalZ, indexContact, indexPosX, indexPosY, indexPosZ, indexRot_11, indexRot_12, indexRot_13, indexRot_21, indexRot_22, indexRot_23, indexRot_31, indexRot_32, indexRot_33, thumbForceX, thumbForceY, thumbForceZ, thumbForceGlobalX, thumbForceGlobalY, thumbForceGlobalZ, thumbContact, thumbPosX, thumbPosY, thumbPosZ, thumbRot_11, thumbRot_12, thumbRot_13, thumbRot_21, thumbRot_22, thumbRot_23, thumbRot_31, thumbRot_32, thumbRot_33, manipForceTooHigh, cceExpType, mapping, trialSuccess, 
825.988326, 61, 0.1, 0.1, 0.0223895159, 0.362791045, -0.0199668027, 0.956560986, -0.291532297, -7.1533616e-006, 0.291532297, 0.956560986, -1.90269152e-005, 1.23895869e-005, 1.61149688e-005, 1, 0.956560799, -0.291532912, 5.55658894e-006, 0.291532912, 0.956560798, -1.0893662e-005, -2.13935416e-006, 1.20403785e-005, 1, 0, -0, 0, 0, 0, 0, 0, 0.374430615, -0.193648242, -0.163282788, -0.0443694502, 0.484518695, -0.873637394, -0.984863281, -0.167358398, -0.0428466797, -0.166990013, 0.858603536, 0.484798762, 0, 0, -0, 0, 0, 0, 0, 0.396255859, -0.142540088, -0.138139502, 0.129332373, 0.0593490062, -0.989825181, 0.387084961, -0.921875, -0.00463867186, -0.912868594, -0.38248833, -0.142207801, 0, 2, 5, 1, 
826.036621, 61, 0.1, 0.1, 0.0223895214, 0.362790967, -0.0199682998, 0.956568987, -0.291506044, -1.24726425e-006, 0.291506044, 0.956568987, -6.07100905e-007, 1.37006788e-006, 2.1714883e-007, 1, 0.956569065, -0.291505785, 2.45791716e-005, 0.291505785, 0.956569065, -1.98152775e-005, -1.77354072e-005, 2.61196522e-005, 1, 0, 0, 0, 0, 0, 0, 0, 0.369420776, -0.196550781, -0.161422021, -0.0904512937, 0.480190251, -0.872404389, -0.983032227, -0.182983398, 0.00122070313, -0.159073406, 0.857805991, 0.488682007, 0, 0, -0, 0, 0, 0, 0, 0.392683691, -0.144995361, -0.134931299, 0.0860707603, 0.0561108736, -0.99469397, 0.418334961, -0.908081055, -0.0150146484, -0.90415936, -0.414741776, -0.101723467, 0, 2, 5, 1, 
826.037308, 61, 0.1, 0.1, 0.0223895257, 0.362790956, -0.0199688006, 0.956568721, -0.291506914, -2.36710361e-005, 0.291506915, 0.95656872, 5.33851194e-005, 7.08084127e-006, -5.79668061e-005, 0.999999998, 0.956568768, -0.291506762, -1.87393397e-005, 0.291506762, 0.956568766, 6.62240804e-005, -1.37930014e-006, -6.88105312e-005, 0.999999998, 0, 0, 0, 0, 0, 0, 0, 0.369420776, -0.196550781, -0.161422021, -0.0904512937, 0.480190251, -0.872404389, -0.983032227, -0.182983398, 0.00122070313, -0.159073406, 0.857805991, 0.488682007, 0, 0, -0, 0, 0, 0, 0, 0.392683691, -0.144995361, -0.134931299, 0.0860707603, 0.0561108736, -0.99469397, 0.418334961, -0.908081055, -0.0150146484, -0.90415936, -0.414741776, -0.101723467, 0, 2, 5, 1, 
826.038019, 61, 0.1, 0.1, 0.0223895242, 0.362790961, -0.0199696053, 0.956568497, -0.29150765, 1.92774703e-005, 0.291507651, 0.956568494, -7.3012101e-005, 2.84336531e-006, 7.54606058e-005, 0.999999997, 0.956568537, -0.291507519, 1.36945014e-005, 0.29150752, 0.956568535, -5.70871606e-005, 3.54160746e-006, 5.85998318e-005, 0.999999998, 0, 0, 0, 0, 0, 0, 0, 0.369420776, -0.196550781, -0.161422021, -0.0904512937, 0.480190251, -0.872404389, -0.983032227, -0.182983398, 0.00122070313, -0.159073406, 0.857805991, 0.488682007, 0, 0, -0, 0, 0, 0, 0, 0.392683691, -0.144995361, -0.134931299, 0.0860707603, 0.0561108736, -0.99469397, 0.418334961, -0.908081055, -0.0150146484, -0.90415936, -0.414741776, -0.101723467, 0, 2, 5, 1, 
826.038771, 61, 0.1, 0.1, 0.0223895205, 0.362790969, -0.019969775, 0.956568297, -0.291508308, 5.53994678e-006, 0.291508308, 0.956568297, 1.20297594e-005, -8.80611226e-006, -9.89234597e-006, 1, 0.956568322, -0.291508226, 6.29334072e-006, 0.291508226, 0.956568322, -2.39015817e-005, 9.47497299e-007, 2.46980565e-005, 1, 0, 0, 0, 0, 0, 0, 0, 0.369017114, -0.196485596, -0.161584473, -0.0940301245, 0.481522484, -0.871337256, -0.982788086, -0.184082031, 0.00427246095, -0.158259391, 0.856853435, 0.490737644, 0, 0, -0, 0, 0, 0, 0, 0.392241455, -0.144608057, -0.135118896, 0.0827546377, 0.0587368661, -0.994776725, 0.419067383, -0.907714844, -0.0186767578, -0.904139671, -0.41520223, -0.0997682813, 0, 2, 5, 1, 
826.039529, 61, 0.1, 0.1, 0.0223895249, 0.362790962, -0.019969597, 0.956568075, -0.291509034, -2.46277608e-005, 0.291509034, 0.956568075, 1.20545491e-005, 2.00441198e-005, -1.87102116e-005, 1, 0.956568142, -0.291508812, -3.45801446e-005, 0.291508813, 0.956568142, 3.3998637e-005, 2.31673623e-005, -4.26024299e-005, 0.999999999, 0, 0, 0, 0, 0, 0, 0, 0.369017114, -0.196485596, -0.161584473, -0.0940301245, 0.481522484, -0.871337256, -0.982788086, -0.184082031, 0.00427246095, -0.158259391, 0.856853435, 0.490737644, 0, 0, -0, 0, 0, 0, 0, 0.392241455, -0.144608057, -0.135118896, 0.0827546377, 0.0587368661, -0.994776725, 0.419067383, -0.907714844, -0.0186767578, -0.904139671, -0.41520223, -0.0997682813, 0, 2, 5, 1, 
826.040622, 61, 0.1, 0.1, 0.0223895208, 0.362790972, -0.0199633758, 0.956567726, -0.29151018, 1.75852358e-005, 0.291510181, 0.956567726, -1.00517208e-005, -1.38912901e-005, 1.47414269e-005, 1, 0.956567761, -0.291510065, 9.74814263e-006, 0.291510065, 0.956567761, -3.53760719e-005, 9.87722051e-007, 3.66812916e-005, 0.999999999, 0, 0, 0, 0, 0, 0, 0, 0.369017114, -0.196485596, -0.161584473, -0.0940301245, 0.481522484, -0.871337256, -0.982788086, -0.184082031, 0.00427246095, -0.158259391, 0.856853435, 0.490737644, 0, 0, -0, 0, 0, 0, 0, 0.392241455, -0.144608057, -0.135118896, 0.0827546377, 0.0587368661, -0.994776725, 0.419067383, -0.907714844, -0.0186767578, -0.904139671, -0.41520223, -0.0997682813, 0, 2, 5, 1, 
826.041336, 61, 0.1, 0.1, 0.0223895241, 0.362790966, -0.0199594823, 0.956567444, -0.291511104, -2.36670318e-005, 0.291511104, 0.956567445, 6.45091866e-006, 2.07585977e-005, -1.30699414e-005, 1, 0.956567507, -0.291510899, -3.42621453e-005, 0.2915109, 0.956567507, 2.52826691e-005, 2.54038813e-005, -3.41723686e-005, 0.999999999, 0, 0, 0, 0, 0, 0, 0, 0.369086426, -0.196226343, -0.161545288, -0.0970634061, 0.482270976, -0.870644931, -0.982543945, -0.185180664, 0.00695800782, -0.157902559, 0.856116926, 0.491987502, 0, 0, -0, 0, 0, 0, 0, 0.391510791, -0.144889502, -0.135741016, 0.0788249438, 0.0606220558, -0.9949488, 0.417114258, -0.908447266, -0.0222167969, -0.905289154, -0.41328569, -0.0969632847, 0, 2, 5, 1, 
826.042035, 61, 0.1, 0.1, 0.0223895167, 0.36279097, -0.0199587703, 0.956567055, -0.291512382, 3.66253043e-005, 0.291512382, 0.956567055, -4.30975313e-006, -3.37782131e-005, 1.47992976e-005, 0.999999999, 0.956567134, -0.291512117, 5.38469881e-005, 0.291512119, 0.956567135, -2.15081018e-005, -4.52383869e-005, 3.62709929e-005, 0.999999998, 0, 0, 0, 0, 0, 0, 0, 0.369086426, -0.196226343, -0.161545288, -0.0970634061, 0.482270976, -0.870644931, -0.982543945, -0.185180664, 0.00695800782, -0.157902559, 0.856116926, 0.491987502, 0, 0, -0, 0, 0, 0, 0, 0.391510791, -0.144889502, -0.135741016, 0.0788249438, 0.0606220558, -0.9949488, 0.417114258, -0.908447266, -0.0222167969, -0.905289154, -0.41328569, -0.0969632847, 0, 2, 5, 1, 
826.042722, 61, 0.1, 0.1, 0.0223895249, 0.362790966, -0.0199613967, 0.956566584, -0.291513924, -5.37645957e-005, 0.291513924, 0.956566585, 2.89298018e-006, 5.05860717e-005, -1.84404564e-005, 0.999999999, 0.956566682, -0.2915136, -6.40909771e-005, 0.291513601, 0.956566683, 1.83826877e-005, 5.594849e-005, -3.62676581e-005, 0.999999998, 0, 0, 0, 0, 0, 0, 0, 0.369086426, -0.196226343, -0.161545288, -0.0970634061, 0.482270976, -0.870644931, -0.982543945, -0.185180664, 0.00695800782, -0.157902559, 0.856116926, 0.491987502, 0, 0, -0, 0, 0, 0, 0, 0.391510791, -0.144889502, -0.135741016, 0.0788249438, 0.0606220558, -0.9949488, 0.417114258, -0.908447266, -0.0222167969, -0.905289154, -0.41328569, -0.0969632847, 0, 2, 5, 1, 
826.043409, 61, 0.1, 0.1, 0.022389519, 0.362790967, -0.0199663483, 0.956565999, -0.291515838, 7.07064232e-005, 0.291515838, 0.956566002, 1.25842e-005, -7.13038541e-005, 8.57442433e-006, 0.999999997, 0.956566128, -0.291515416, 6.34071352e-005, 0.291515417, 0.95656613, -6.294995e-006, -5.88180299e-005, 2.45057365e-005, 0.999999998, 0, 0, 0, 0, 0, 0, 0, 0.369086426, -0.196226343, -0.161545288, -0.0970634061, 0.482270976, -0.870644931, -0.982543945, -0.185180664, 0.00695800782, -0.157902559, 0.856116926, 0.491987502, 0, 0, -0, 0, 0, 0, 0, 0.391510791, -0.144889502, -0.135741016, 0.0788249438, 0.0606220558, -0.9949488, 0.417114258, -0.908447266, -0.0222167969, -0.905289154, -0.41328569, -0.0969632847, 0, 2, 5, 1, 
826.044097, 61, 0.1, 0.1, 0.0223895142, 0.36279096, -0.019972099, 0.956565298, -0.291518148, -2.67545591e-005, 0.291518148, 0.956565298, 1.15428405e-005, 2.22275354e-005, -1.88409202e-005, 1, 0.956565445, -0.291517666, 3.77981231e-006, 0.291517665, 0.956565444, 3.4728329e-005, -1.37395592e-005, -3.21180374e-005, 0.999999999, 0, 0, 0, 0, 0, 0, 0, 0.369086426, -0.196226343, -0.161545288, -0.0970634061, 0.482270976, -0.870644931, -0.982543945, -0.185180664, 0.00695800782, -0.157902559, 0.856116926, 0.491987502, 0, 0, -0, 0, 0, 0, 0, 0.391510791, -0.144889502, -0.135741016, 0.0788249438, 0.0606220558, -0.9949488, 0.417114258, -0.908447266, -0.0222167969, -0.905289154, -0.41328569, -0.0969632847, 0, 2, 5, 1, 
826.044785, 61, 0.1, 0.1, 0.0223895252, 0.362790965, -0.0199768987, 0.956564557, -0.291520573, -5.36528853e-005, 0.291520572, 0.956564559, -2.44133555e-005, 5.8439444e-005, 7.71203076e-006, 0.999999998, 0.956564695, -0.291520121, -6.09291951e-005, 0.29152012, 0.956564697, -3.58992536e-005, 6.87480718e-005, 1.65778723e-005, 0.999999997, 0, 0, 0, 0, 0, 0, 0, 0.369086426, -0.196226343, -0.161545288, -0.0970634061, 0.482270976, -0.870644931, -0.982543945, -0.185180664, 0.00695800782, -0.157902559, 0.856116926, 0.491987502, 0, 0, -0, 0, 0, 0, 0, 0.391510791, -0.144889502, -0.135741016, 0.0788249438, 0.0606220558, -0.9949488, 0.417114258, -0.908447266, -0.0222167969, -0.905289154, -0.41328569, -0.0969632847, 0, 2, 5, 1, 
826.045477, 61, 0.1, 0.1, 0.0223895241, 0.362790962, -0.0199794125, 0.956563985, -0.291522451, 4.90132266e-005, 0.291522451, 0.956563987, 1.3957453e-005, -5.09531984e-005, 9.37259115e-007, 0.999999999, 0.956564079, -0.291522147, 3.18281494e-005, 0.291522147, 0.956564079, 2.09471884e-005, -3.65522338e-005, -1.07587176e-005, 0.999999999, 0, 0, 0, 0, 0, 0, 0, 0.369086426, -0.196226343, -0.161545288, -0.0970634061, 0.482270976, -0.870644931, -0.982543945, -0.185180664, 0.00695800782, -0.157902559, 0.856116926, 0.491987502, 0, 0, -0, 0, 0, 0, 0, 0.391510791, -0.144889502, -0.135741016, 0.0788249438, 0.0606220558, -0.9949488, 0.417114258, -0.908447266, -0.0222167969, -0.905289154, -0.41328569, -0.0969632847, 0, 2, 5, 1, 
826.046193, 61, 0.1, 0.1, 0.0223895157, 0.36279096, -0.0199787862, 0.956563526, -0.291523961, 1.23025629e-005, 0.291523961, 0.956563527, -5.48788196e-007, -1.1608198e-005, 4.11144263e-006, 1, 0.956563616, -0.291523664, 3.11341312e-005, 0.291523664, 0.956563617, 1.14777371e-005, -3.31278091e-005, -1.90284975e-006, 0.999999999, 0, 0, 0, 0, 0, 0, 0, 0.368314648, -0.196656592, -0.161072437, -0.0992575853, 0.482569399, -0.870168652, -0.982910156, -0.183349609, 0.0103759766, -0.154588828, 0.856440436, 0.492653618, 0, 0, -0, 0, 0, 0, 0, 0.390531982, -0.144957715, -0.136133057, 0.0745310452, 0.0623986037, -0.995171913, 0.415527344, -0.909179688, -0.0258789062, -0.906476918, -0.411503312, -0.0936726817, 0, 2, 5, 1, 
826.046888, 61, 0.1, 0.1, 0.0223895231, 0.362790961, -0.0199755187, 0.956563155, -0.291525176, -4.09740175e-005, 0.291525176, 0.956563156, -1.2927529e-005, 4.29629357e-005, 4.21040296e-007, 0.999999999, 0.956563226, -0.291524942, -4.67271352e-005, 0.291524941, 0.956563228, -1.56707906e-005, 4.92658856e-005, 1.36797669e-006, 0.999999999, 0, 0, 0, 0, 0, 0, 0, 0.368314648, -0.196656592, -0.161072437, -0.0992575853, 0.482569399, -0.870168652, -0.982910156, -0.183349609, 0.0103759766, -0.154588828, 0.856440436, 0.492653618, 0, 0, -0, 0, 0, 0, 0, 0.390531982, -0.144957715, -0.136133057, 0.0745310452, 0.0623986037, -0.995171913, 0.415527344, -0.909179688, -0.0258789062, -0.906476918, -0.411503312, -0.0936726817, 0, 2, 5, 1, 
826.047572, 61, 0.1, 0.1, 0.0223895202, 0.362790959, -0.0199709693, 0.956562841, -0.291526206, 4.75070769e-005, 0.291526205, 0.956562842, 2.31379355e-005, -5.21888191e-005, -8.28333153e-006, 0.999999999, 0.956562904, -0.291526001, 4.14023187e-005, 0.291526001, 0.956562905, 1.24779383e-005, -4.32415657e-005, 1.33919469e-007, 0.999999999, 0, 0, 0, 0, 0, 0, 0, 0.368314648, -0.196656592, -0.161072437, -0.0992575853, 0.482569399, -0.870168652, -0.982910156, -0.183349609, 0.0103759766, -0.154588828, 0.856440436, 0.492653618, 0, 0, -0, 0, 0, 0, 0, 0.390531982, -0.144957715, -0.136133057, 0.0745310452, 0.0623986037, -0.995171913, 0.415527344, -0.909179688, -0.0258789062, -0.906476918, -0.411503312, -0.0936726817, 0, 2, 5, 1, 
826.048256, 61, 0.1, 0.1, 0.0223895181, 0.362790957, -0.0199665468, 0.95656257, -0.291527097, -3.28255899e-005, 0.291527097, 0.956562571, -1.65460327e-006, 3.18820923e-005, -7.98681736e-006, 0.999999999, 0.956562621, -0.291526932, -1.46015848e-005, 0.291526932, 0.956562621, 4.1459423e-006, 1.27586763e-005, -8.22260864e-006, 1, 0, 0, 0, 0, 0, 0, 0, 0.368314648, -0.196656592, -0.161072437, -0.0992575853, 0.482569399, -0.870168652, -0.982910156, -0.183349609, 0.0103759766, -0.154588828, 0.856440436, 0.492653618, 0, 0, -0, 0, 0, 0, 0, 0.390531982, -0.144957715, -0.136133057, 0.0745310452, 0.0623986037, -0.995171913, 0.415527344, -0.909179688, -0.0258789062, -0.906476918, -0.411503312, -0.0936726817, 0, 2, 5, 1, 
826.048941, 61, 0.1, 0.1, 0.0223895208, 0.362790957, -0.0199634447, 0.956562326, -0.291527899, 2.0178688e-005, 0.291527899, 0.956562326, 3.18655323e-006, -2.02311419e-005, 2.83451375e-006, 1, 0.956562363, -0.291527779, 3.63872061e-006, 0.291527779, 0.956562363, 1.00650548e-005, -6.41490626e-006, -8.56706444e-006, 1, 0, 0, 0, 0, 0, 0, 0, 0.368314648, -0.196656592, -0.161072437, -0.0992575853, 0.482569399, -0.870168652, -0.982910156, -0.183349609, 0.0103759766, -0.154588828, 0.856440436, 0.492653618, 0, 0, -0, 0, 0, 0, 0, 0.390531982, -0.144957715, -0.136133057, 0.0745310452, 0.0623986037, -0.995171913, 0.415527344, -0.909179688, -0.0258789062, -0.906476918, -0.411503312, -0.0936726817, 0, 2, 5, 1, 
826.049627, 61, 0.1, 0.1, 0.0223895211, 0.362790956, -0.0199624819, 0.956562122, -0.291528569, -1.18964546e-005, 0.291528568, 0.956562122, -8.39042987e-006, 1.38257478e-005, 4.55781103e-006, 1, 0.956562167, -0.29152842, -1.52135697e-005, 0.29152842, 0.956562167, -9.22198904e-006, 1.72411971e-005, 4.38621788e-006, 1, 0, 0, 0, 0, 0, 0, 0, 0.368314648, -0.196656592, -0.161072437, -0.0992575853, 0.482569399, -0.870168652, -0.982910156, -0.183349609, 0.0103759766, -0.154588828, 0.856440436, 0.492653618, 0, 0, -0, 0, 0, 0, 0, 0.390531982, -0.144957715, -0.136133057, 0.0745310452, 0.0623986037, -0.995171913, 0.415527344, -0.909179688, -0.0258789062, -0.906476918, -0.411503312, -0.0936726817, 0, 2, 5, 1, 
826.050315, 61, 0.1, 0.1, 0.0223895206, 0.362790955, -0.0199637496, 0.956561911, -0.291529262, 1.13429182e-005, 0.291529262, 0.956561911, 8.6170547e-006, -1.33623271e-005, -4.93595375e-006, 1, 0.956561951, -0.29152913, 1.29120828e-006, 0.29152913, 0.956561951, -5.65928838e-006, 4.14726702e-007, 5.78988476e-006, 1, 0, 0, 0, 0, 0, 0, 0, 0.368314648, -0.196656592, -0.161072437, -0.0992575853, 0.482569399, -0.870168652, -0.982910156, -0.183349609, 0.0103759766, -0.154588828, 0.856440436, 0.492653618, 0, 0, -0, 0, 0, 0, 0, 0.390531982, -0.144957715, -0.136133057, 0.0745310452, 0.0623986037, -0.995171913, 0.415527344, -0.909179688, -0.0258789062, -0.906476918, -0.411503312, -0.0936726817, 0, 2, 5, 1, 
826.051032, 61, 0.1, 0.1, 0.0223895215, 0.362790955, -0.0199664896, 0.956561747, -0.291529799, -1.70443625e-005, 0.291529799, 0.956561747, -1.69133644e-006, 1.67970602e-005, -3.35107185e-006, 1, 0.95656177, -0.291529723, -2.01965171e-005, 0.291529723, 0.95656177, -2.71405875e-006, 2.0110445e-005, -3.29172021e-006, 1, 0, 0, 0, 0, 0, 0, 0, 0.367332446, -0.196835767, -0.161033252, -0.101235717, 0.483432467, -0.869476327, -0.983276367, -0.181030273, 0.0137939453, -0.150691357, 0.856427331, 0.493903476, 0, 0, -0, 0, 0, 0, 0, 0.389894336, -0.145085742, -0.135880762, 0.0719240092, 0.0633381002, -0.99538883, 0.41394043, -0.909790039, -0.0279541016, -0.907364642, -0.409931655, -0.0916088545, 0, 2, 5, 1, 
826.051767, 61, 0.1, 0.1, 0.0223895173, 0.362790954, -0.0199700164, 0.956561592, -0.291530307, 2.27097433e-005, 0.291530307, 0.956561592, -6.70896665e-007, -2.15276815e-005, 7.26233241e-006, 1, 0.956561633, -0.291530174, 2.99839014e-005, 0.291530173, 0.956561633, 1.33101341e-005, -3.25617554e-005, -3.99075161e-006, 0.999999999, 0, 0, 0, 0, 0, 0, 0, 0.367332446, -0.196835767, -0.161033252, -0.101235717, 0.483432467, -0.869476327, -0.983276367, -0.181030273, 0.0137939453, -0.150691357, 0.856427331, 0.493903476, 0, 0, -0, 0, 0, 0, 0, 0.389894336, -0.145085742, -0.135880762, 0.0719240092, 0.0633381002, -0.99538883, 0.41394043, -0.909790039, -0.0279541016, -0.907364642, -0.409931655, -0.0916088545, 0, 2, 5, 1, 
826.052465, 61, 0.1, 0.1, 0.0223895225, 0.362790955, -0.0199726335, 0.956561469, -0.291530711, -3.69712778e-005, 0.291530711, 0.956561469, -1.32680615e-005, 3.92333472e-005, 1.91345348e-006, 0.999999999, 0.956561495, -0.291530623, -4.03594885e-005, 0.291530623, 0.956561496, -1.5470766e-005, 4.31165348e-005, 3.03271223e-006, 0.999999999, 0, 0, 0, 0, 0, 0, 0, 0.367332446, -0.196835767, -0.161033252, -0.101235717, 0.483432467, -0.869476327, -0.983276367, -0.181030273, 0.0137939453, -0.150691357, 0.856427331, 0.493903476, 0, 0, -0, 0, 0, 0, 0, 0.389894336, -0.145085742, -0.135880762, 0.0719240092, 0.0633381002, -0.99538883, 0.41394043, -0.909790039, -0.0279541016, -0.907364642, -0.409931655, -0.0916088545, 0, 2, 5, 1, 
826.05317, 61, 0.1, 0.1, 0.0223895191, 0.362790954, -0.0199742291, 0.956561397, -0.291530944, 5.40895027e-005, 0.291530945, 0.956561398, -6.66913581e-006, -4.97956709e-005, 2.21482017e-005, 0.999999999, 0.956561403, -0.291530927, 4.26521753e-005, 0.291530927, 0.956561403, -2.39408459e-006, -4.0101475e-005, 1.47245171e-005, 0.999999999, 0, 0, 0, 0, 0, 0, 0, 0.367332446, -0.196835767, -0.161033252, -0.101235717, 0.483432467, -0.869476327, -0.983276367, -0.181030273, 0.0137939453, -0.150691357, 0.856427331, 0.493903476, 0, 0, -0, 0, 0, 0, 0, 0.389894336, -0.145085742, -0.135880762, 0.0700260597, 0.0627252622, -0.995471586, 0.410400391, -0.911376953, -0.0285644531, -0.909159779, -0.406436528, -0.0896536691, 0, 2, 5, 1, 
826.053862, 61, 0.1, 0.1, 0.0223895155, 0.362790953, -0.0199743057, 0.956561354, -0.291531089, -2.00616075e-005, 0.291531089, 0.956561354, 4.88702815e-006, 1.77654378e-005, -1.05233246e-005, 1, 0.956561372, -0.291531031, -4.85222815e-006, 0.291531031, 0.956561372, 1.01961549e-005, 1.66895846e-006, -1.1167823e-005, 1, 0, 0, 0, 0, 0, 0, 0, 0.367332446, -0.196835767, -0.161033252, -0.101235717, 0.483432467, -0.869476327, -0.983276367, -0.181030273, 0.0137939453, -0.150691357, 0.856427331, 0.493903476, 0, 0, -0, 0, 0, 0, 0, 0.389284521, -0.14572251, -0.135621875, 0.0700260597, 0.0627252622, -0.995471586, 0.410400391, -0.911376953, -0.0285644531, -0.909159779, -0.406436528, -0.0896536691, 0, 2, 5, 1, 
826.054605, 61, 0.1, 0.1, 0.022389516, 0.362790955, -0.0199727329, 0.956561191, -0.291531622, 1.98383479e-005, 0.291531623, 0.956561191, -8.71950067e-007, -1.87223927e-005, 6.61757935e-006, 1, 0.956561235, -0.29153148, 1.42000275e-005, 0.291531481, 0.956561235, -1.45905729e-005, -9.32958448e-006, 1.80965315e-005, 1, 0, 0, 0, 0, 0, 0, 0, 0.367332446, -0.196835767, -0.161033252, -0.101235717, 0.483432467, -0.869476327, -0.983276367, -0.181030273, 0.0137939453, -0.150691357, 0.856427331, 0.493903476, 0, 0, -0, 0, 0, 0, 0, 0.389284521, -0.14572251, -0.135621875, 0.0700260597, 0.0627252622, -0.995471586, 0.410400391, -0.911376953, -0.0285644531, -0.909159779, -0.406436528, -0.0896536691, 0, 2, 5, 1, 
826.055302, 61, 0.1, 0.1, 0.0223895174, 0.362790953, -0.0199700242, 0.956560933, -0.291532471, -1.34407173e-005, 0.291532471, 0.956560933, -1.25172e-005, 1.65060353e-005, 8.05505897e-006, 1, 0.956560991, -0.291532278, -2.0532641e-005, 0.291532278, 0.956560992, 4.9702289e-006, 1.81917412e-005, -1.07402547e-005, 1, 0, 0, 0, 0, 0, 0, 0, 0.367332446, -0.196835767, -0.161033252, -0.101235717, 0.483432467, -0.869476327, -0.983276367, -0.181030273, 0.0137939453, -0.150691357, 0.856427331, 0.493903476, 0, 0, -0, 0, 0, 0, 0, 0.389284521, -0.14572251, -0.135621875, 0.0700260597, 0.0627252622, -0.995471586, 0.410400391, -0.911376953, -0.0285644531, -0.909159779, -0.406436528, -0.0896536691, 0, 2, 5, 1, 
826.056018, 61, 0.1, 0.1, 0.0223895146, 0.362790952, -0.0199670621, 0.956560564, -0.291533682, 4.22772928e-006, 0.291533681, 0.956560564, 2.77202171e-005, -1.21254561e-005, -2.5283541e-005, 1, 0.956560643, -0.291533423, 1.86451368e-005, 0.291533422, 0.956560643, 2.20162318e-005, -2.42536715e-005, -1.56241803e-005, 1, 0, 0, 0, 0, 0, 0, 0, 0.366199756, -0.198389795, -0.161250391, -0.102044123, 0.483521955, -0.869355759, -0.984375, -0.174316406, 0.0185546875, -0.142529842, 0.857772669, 0.49388438, 0, 0, -0, 0, 0, 0, 0, 0.389284521, -0.14572251, -0.135621875, 0.0700260597, 0.0627252622, -0.995471586, 0.410400391, -0.911376953, -0.0285644531, -0.909159779, -0.406436528, -0.0896536691, 0, 2, 5, 1, 
826.056748, 61, 0.1, 0.1, 0.0223895161, 0.362790953, -0.0199647904, 0.956560078, -0.291535274, 2.11495455e-005, 0.291535274, 0.956560078, -1.95534916e-005, -1.45302784e-005, 2.4869928e-005, 1, 0.956560178, -0.291534947, 5.44878726e-007, 0.291534947, 0.956560178, -2.73188097e-005, 7.44317847e-006, 2.62909367e-005, 1, 0, 0, 0, 0, 0, 0, 0, 0.366199756, -0.198389795, -0.161250391, -0.102044123, 0.483521955, -0.869355759, -0.984375, -0.174316406, 0.0185546875, -0.142529842, 0.857772669, 0.49388438, 0, 0, -0, 0, 0, 0, 0, 0.389284521, -0.14572251, -0.135621875, 0.0700260597, 0.0627252622, -0.995471586, 0.410400391, -0.911376953, -0.0285644531, -0.909159779, -0.406436528, -0.0896536691, 0, 2, 5, 1, 
826.057448, 61, 0.1, 0.1, 0.022389516, 0.36279095, -0.0199640554, 0.956559514, -0.291537126, -2.57648002e-005, 0.291537127, 0.956559514, -7.5783871e-008, 2.46676586e-005, -7.43890405e-006, 1, 0.956559641, -0.291536709, -1.80626694e-005, 0.29153671, 0.956559641, 1.59037332e-005, 1.26414985e-005, -2.04788005e-005, 1, 0, 0, 0, 0, 0, 0, 0, 0.366199756, -0.198389795, -0.161250391, -0.102044123, 0.483521955, -0.869355759, -0.984375, -0.174316406, 0.0185546875, -0.142529842, 0.857772669, 0.49388438, 0, 0, -0, 0, 0, 0, 0, 0.389284521, -0.14572251, -0.135621875, 0.0700260597, 0.0627252622, -0.995471586, 0.410400391, -0.911376953, -0.0285644531, -0.909159779, -0.406436528, -0.0896536691, 0, 2, 5, 1, 
826.058166, 61, 0.1, 0.1, 0.0223895143, 0.362790952, -0.0199647987, 0.956558844, -0.291539325, 1.84567214e-005, 0.291539325, 0.956558844, 1.7222701e-005, -2.26760347e-005, -1.10936668e-005, 1, 0.956558977, -0.291538889, 2.61418727e-005, 0.291538889, 0.956558977, -3.63290518e-006, -2.39471098e-005, 1.10964606e-005, 1, 0, 0, 0, 0, 0, 0, 0, 0.366611182, -0.197429565, -0.161836987, -0.107101963, 0.484917468, -0.867869636, -0.983886719, -0.176757813, 0.0225830078, -0.142470311, 0.856439314, 0.496244432, 0, 0, -0, 0, 0, 0, 0, 0.389823145, -0.145684424, -0.135376416, 0.0680708743, 0.0633577898, -0.995637463, 0.410522461, -0.911254883, -0.0299072266, -0.909242535, -0.406615532, -0.0880754483, 0, 2, 5, 1, 
826.058866, 61, 0.1, 0.1, 0.022389517, 0.362790951, -0.0199667062, 0.956558116, -0.291541714, -5.79128196e-006, 0.291541714, 0.956558116, -2.31225291e-005, 1.22808795e-005, 2.04296426e-005, 1, 0.956558264, -0.291541226, -1.93381951e-005, 0.291541226, 0.956558264, -1.67480789e-005, 2.33808658e-005, 1.03826322e-005, 1, 0, 0, 0, 0, 0, 0, 0, 0.366611182, -0.197429565, -0.161836987, -0.107101963, 0.484917468, -0.867869636, -0.983886719, -0.176757813, 0.0225830078, -0.142470311, 0.856439314, 0.496244432, 0, 0, -0, 0, 0, 0, 0, 0.389823145, -0.145684424, -0.135376416, 0.0680708743, 0.0633577898, -0.995637463, 0.410522461, -0.911254883, -0.0299072266, -0.909242535, -0.406615532, -0.0880754483, 0, 2, 5, 1, 
826.059568, 61, 0.1, 0.1, 0.0223895159, 0.36279095, -0.0199693508, 0.956557335, -0.291544276, -1.85239482e-005, 0.291544277, 0.956557335, 1.63683611e-005, 1.29471165e-005, -2.1057827e-005, 1, 0.956557495, -0.291543752, 2.09473264e-008, 0.291543752, 0.956557494, 2.25473672e-005, -6.59358136e-006, -2.1561746e-005, 1, 0, 0, 0, 0, 0, 0, 0, 0.366611182, -0.197429565, -0.161836987, -0.107101963, 0.484917468, -0.867869636, -0.983886719, -0.176757813, 0.0225830078, -0.142470311, 0.856439314, 0.496244432, 0, 0, -0, 0, 0, 0, 0, 0.389823145, -0.145684424, -0.135376416, 0.0680708743, 0.0633577898, -0.995637463, 0.410522461, -0.911254883, -0.0299072266, -0.909242535, -0.406615532, -0.0880754483, 0, 2, 5, 1, 
826.060257, 61, 0.1, 0.1, 0.0223895169, 0.362790951, -0.0199718457, 0.956556532, -0.29154691, 1.61228613e-005, 0.29154691, 0.956556532, -1.88767804e-006, -1.48720816e-005, 6.50624116e-006, 1, 0.956556692, -0.291546385, 1.0546044e-005, 0.291546385, 0.956556692, -1.32706472e-005, -6.2188798e-006, 1.57687874e-005, 1, 0, 0, 0, 0, 0, 0, 0, 0.366611182, -0.197429565, -0.161836987, -0.107101963, 0.484917468, -0.867869636, -0.983886719, -0.176757813, 0.0225830078, -0.142470311, 0.856439314, 0.496244432, 0, 0, -0, 0, 0, 0, 0, 0.389823145, -0.145684424, -0.135376416, 0.0680708743, 0.0633577898, -0.995637463, 0.410522461, -0.911254883, -0.0299072266, -0.909242535, -0.406615532, -0.0880754483, 0, 2, 5, 1, 
826.060958, 61, 0.1, 0.1, 0.0223895187, 0.362790948, -0.0199735265, 0.956555696, -0.291549653, -1.54409789e-005, 0.291549653, 0.956555696, -1.13007335e-005, 1.80648812e-005, 6.30796893e-006, 1, 0.956555862, -0.291549109, -2.13526995e-005, 0.291549109, 0.956555862, 4.51694121e-006, 1.91081397e-005, -1.05460671e-005, 1, 0, 0, 0, 0, 0, 0, 0, 0.366611182, -0.197429565, -0.161836987, -0.107101963, 0.484917468, -0.867869636, -0.983886719, -0.176757813, 0.0225830078, -0.142470311, 0.856439314, 0.496244432, 0, 0, -0, 0, 0, 0, 0, 0.389823145, -0.145684424, -0.135376416, 0.0680708743, 0.0633577898, -0.995637463, 0.410522461, -0.911254883, -0.0299072266, -0.909242535, -0.406615532, -0.0880754483, 0, 2, 5, 1, 
826.061658, 61, 0.1, 0.1, 0.0223895173, 0.362790948, -0.0199739547, 0.95655485, -0.291552431, 7.61108502e-007, 0.291552431, 0.956554849, 2.04754196e-005, -6.69770038e-006, -1.93639589e-005, 1, 0.956555017, -0.29155188, 1.12903187e-005, 0.29155188, 0.956555017, 1.58449496e-005, -1.54194358e-005, -1.18648524e-005, 1, 0, 0, 0, 0, 0, 0, 0, 0.366611182, -0.197429565, -0.161836987, -0.107101963, 0.484917468, -0.867869636, -0.983886719, -0.176757813, 0.0225830078, -0.142470311, 0.856439314, 0.496244432, 0, 0, -0, 0, 0, 0, 0, 0.389823145, -0.145684424, -0.135376416, 0.0680708743, 0.0633577898, -0.995637463, 0.410522461, -0.911254883, -0.0299072266, -0.909242535, -0.406615532, -0.0880754483, 0, 2, 5, 1, 
826.062347, 61, 0.1, 0.1, 0.0223895186, 0.362790948, -0.019973106, 0.956554008, -0.29155519, 1.49609436e-005, 0.29155519, 0.956554008, -1.17848177e-005, -1.08750258e-005, 1.56347554e-005, 1, 0.956554179, -0.291554631, -1.51113939e-006, 0.291554631, 0.956554179, -1.75453402e-005, 6.56091189e-006, 1.63424888e-005, 1, 0, 0, 0, 0, 0, 0, 0, 0.366611182, -0.197429565, -0.161836987, -0.107101963, 0.484917468, -0.867869636, -0.983886719, -0.176757813, 0.0225830078, -0.142470311, 0.856439314, 0.496244432, 0, 0, -0, 0, 0, 0, 0, 0.389823145, -0.145684424, -0.135376416, 0.0680708743, 0.0633577898, -0.995637463, 0.410522461, -0.911254883, -0.0299072266, -0.909242535, -0.406615532, -0.0880754483, 0, 2, 5, 1, 
826.063071, 61, 0.1, 0.1, 0.0223895186, 0.362790945, -0.019970996, 0.956553109, -0.291558141, -2.05646403e-005, 0.291558141, 0.956553109, 2.22826775e-006, 1.9021501e-005, -8.12724472e-006, 1, 0.956553281, -0.291557578, -1.57097534e-005, 0.291557578, 0.95655328, 1.49279183e-005, 1.06748684e-005, -1.88596469e-005, 1, 0, 0, 0, 0, 0, 0, 0, 0.367870068, -0.196506689, -0.161138208, -0.108619165, 0.485545392, -0.867355166, -0.983642578, -0.178344727, 0.0233154297, -0.143465929, 0.855721901, 0.497151683, 0, 0, -0, 0, 0, 0, 0, 0.390186621, -0.14564292, -0.134909668, 0.0668568583, 0.0639647978, -0.995605381, 0.410522461, -0.911254883, -0.0308837891, -0.909370133, -0.406551733, -0.0872128773, 0, 2, 5, 1, 
826.063767, 61, 0.1, 0.1, 0.0223895168, 0.362790946, -0.0199686027, 0.956552221, -0.291561053, 1.77041599e-005, 0.291561053, 0.956552221, 1.64064509e-005, -2.17184356e-005, -1.05317835e-005, 1, 0.956552397, -0.291560477, 2.46065483e-005, 0.291560478, 0.956552397, -1.77757641e-006, -2.30191818e-005, 8.87464195e-006, 1, 0, 0, 0, 0, 0, 0, 0, 0.367870068, -0.196506689, -0.161138208, -0.108619165, 0.485545392, -0.867355166, -0.983642578, -0.178344727, 0.0233154297, -0.143465929, 0.855721901, 0.497151683, 0, 0, -0, 0, 0, 0, 0, 0.390186621, -0.14564292, -0.134909668, 0.0668568583, 0.0639647978, -0.995605381, 0.410522461, -0.911254883, -0.0308837891, -0.909370133, -0.406551733, -0.0872128773, 0, 2, 5, 1, 
826.064468, 61, 0.1, 0.1, 0.0223895185, 0.362790946, -0.0199667014, 0.956551303, -0.291564065, 1.53067268e-006, 0.291564065, 0.956551303, -2.60071625e-005, 6.11858706e-006, 2.53234743e-005, 1, 0.956551503, -0.29156341, -1.36667265e-005, 0.29156341, 0.956551503, -1.91531203e-005, 1.86572769e-005, 1.43362287e-005, 1, 0, 0, 0, 0, 0, 0, 0, 0.367870068, -0.196506689, -0.161138208, -0.108619165, 0.485545392, -0.867355166, -0.983642578, -0.178344727, 0.0233154297, -0.143465929, 0.855721901, 0.497151683, 0, 0, -0, 0, 0, 0, 0, 0.390186621, -0.14564292, -0.134909668, 0.0668568583, 0.0639647978, -0.995605381, 0.410522461, -0.911254883, -0.0308837891, -0.909370133, -0.406551733, -0.0872128773, 0, 2, 5, 1, 
826.065156, 61, 0.1, 0.1, 0.0223895162, 0.362790945, -0.0199657569, 0.956550366, -0.291567141, -1.46238123e-005, 0.291567141, 0.956550366, 1.45216566e-005, 9.75437508e-006, -1.8154519e-005, 1, 0.956550554, -0.291566525, 5.91937188e-006, 0.291566524, 0.956550553, 2.18959198e-005, -1.20462957e-005, -1.92186636e-005, 1, 0, 0, 0, 0, 0, 0, 0, 0.367870068, -0.196506689, -0.161138208, -0.108619165, 0.485545392, -0.867355166, -0.983642578, -0.178344727, 0.0233154297, -0.143465929, 0.855721901, 0.497151683, 0, 0, -0, 0, 0, 0, 0, 0.390186621, -0.14564292, -0.134909668, 0.0668568583, 0.0639647978, -0.995605381, 0.410522461, -0.911254883, -0.0308837891, -0.909370133, -0.406551733, -0.0872128773, 0, 2, 5, 1, 
826.065853, 61, 0.1, 0.1, 0.0223895159, 0.362790947, -0.0199660199, 0.956549385, -0.291570357, 2.54819975e-005, 0.291570357, 0.956549385, -6.18946864e-006, -2.25701234e-005, 1.33503275e-005, 1, 0.956549581, -0.291569715, 1.93882338e-005, 0.291569715, 0.956549581, -2.05745964e-005, -1.25468777e-005, 2.53336434e-005, 1, 0, 0, 0, 0, 0, 0, 0, 0.367870068, -0.196506689, -0.161138208, -0.108619165, 0.485545392, -0.867355166, -0.983642578, -0.178344727, 0.0233154297, -0.143465929, 0.855721901, 0.497151683, 0, 0, -0, 0, 0, 0, 0, 0.390186621, -0.14564292, -0.134909668, 0.0668568583, 0.0639647978, -0.995605381, 0.410522461, -0.911254883, -0.0308837891, -0.909370133, -0.406551733, -0.0872128773, 0, 2, 5, 1, 
826.066554, 61, 0.1, 0.1, 0.0223895174, 0.362790946, -0.0199673457, 0.956548376, -0.291573669, -1.70388234e-005, 0.291573668, 0.956548376, -1.8642311e-005, 2.17340659e-005, 1.28642001e-005, 1, 0.956548579, -0.291573001, -2.35511809e-005, 0.291573002, 0.956548579, 7.33289853e-007, 2.23140411e-005, -7.56831587e-006, 1, 0, 0, 0, 0, 0, 0, 0, 0.367870068, -0.196506689, -0.161138208, -0.108619165, 0.485545392, -0.867355166, -0.983642578, -0.178344727, 0.0233154297, -0.143465929, 0.855721901, 0.497151683, 0, 0, -0, 0, 0, 0, 0, 0.390186621, -0.14564292, -0.134909668, 0.0668568583, 0.0639647978, -0.995605381, 0.410522461, -0.911254883, -0.0308837891, -0.909370133, -0.406551733, -0.0872128773, 0, 2, 5, 1, 
826.067239, 61, 0.1, 0.1, 0.0223895158, 0.362790946, -0.0199692523, 0.956547372, -0.291576962, 1.06970988e-006, 0.291576962, 0.956547372, 2.04437804e-005, -6.98416354e-006, -1.92435416e-005, 1, 0.956547572, -0.291576305, 1.37791448e-005, 0.291576305, 0.956547572, 1.41616326e-005, -1.7309604e-005, -9.52860312e-006, 1, 0, 0, 0, 0, 0, 0, 0, 0.367870068, -0.196506689, -0.161138208, -0.108619165, 0.485545392, -0.867355166, -0.983642578, -0.178344727, 0.0233154297, -0.143465929, 0.855721901, 0.497151683, 0, 0, -0, 0, 0, 0, 0, 0.390186621, -0.14564292, -0.134909668, 0.0668568583, 0.0639647978, -0.995605381, 0.410522461, -0.911254883, -0.0308837891, -0.909370133, -0.406551733, -0.0872128773, 0, 2, 5, 1, 
826.067965, 61, 0.1, 0.1, 0.0223895182, 0.362790947, -0.019970989, 0.956546302, -0.291580472, 1.10934055e-005, 0.291580472, 0.956546302, -1.68038663e-005, -5.71167677e-006, 1.93082966e-005, 1, 0.956546502, -0.291579817, -5.80097456e-006, 0.291579817, 0.956546502, -2.32852554e-005, 1.23384124e-005, 2.05819825e-005, 1, 0, 0, 0, 0, 0, 0, 0, 0.369049121, -0.195068726, -0.160605908, -0.111609385, 0.487587925, -0.865830851, -0.982910156, -0.182250977, 0.0240478516, -0.145958531, 0.8537917, 0.49975287, 0, 0, -0, 0, 0, 0, 0, 0.390817041, -0.144921191, -0.134459766, 0.0658666891, 0.0655936913, -0.9956309, 0.413208008, -0.909912109, -0.0325927734, -0.908124034, -0.409203612, -0.0869700741, 0, 2, 5, 1, 
826.068793, 61, 0.1, 0.1, 0.0223895183, 0.362790943, -0.0199709764, 0.956545079, -0.291584485, 5.85206153e-007, 0.291584485, 0.956545079, 1.54242478e-005, -5.05724742e-006, -1.45833513e-005, 1, 0.956545282, -0.291583818, -1.06566291e-005, 0.291583818, 0.956545282, 2.28365972e-005, 3.5347661e-006, -2.49515399e-005, 1, 0, 0, 0, 0, 0, 0, 0, 0.369049121, -0.195068726, -0.160605908, -0.111609385, 0.487587925, -0.865830851, -0.982910156, -0.182250977, 0.0240478516, -0.145958531, 0.8537917, 0.49975287, 0, 0, -0, 0, 0, 0, 0, 0.390817041, -0.144921191, -0.134459766, 0.0658666891, 0.0655936913, -0.9956309, 0.413208008, -0.909912109, -0.0325927734, -0.908124034, -0.409203612, -0.0869700741, 0, 2, 5, 1, 
826.069497, 61, 0.1, 0.1, 0.0223895182, 0.362790943, -0.0199699694, 0.956544165, -0.291587483, -2.86789337e-006, 0.291587483, 0.956544165, 1.71495504e-005, -2.25732755e-006, -1.72405442e-005, 1, 0.956544359, -0.291586847, 4.04161213e-006, 0.291586847, 0.956544359, -2.31422347e-006, -3.19118416e-006, 3.39213835e-006, 1, 0, 0, 0, 0, 0, 0, 0, 0.369049121, -0.195068726, -0.160605908, -0.111609385, 0.487587925, -0.865830851, -0.982910156, -0.182250977, 0.0240478516, -0.145958531, 0.8537917, 0.49975287, 0, 0, -0, 0, 0, 0, 0, 0.390817041, -0.144921191, -0.134459766, 0.0658666891, 0.0655936913, -0.9956309, 0.413208008, -0.909912109, -0.0325927734, -0.908124034, -0.409203612, -0.0869700741, 0, 2, 5, 1, 
826.070216, 61, 0.1, 0.1, 0.0223895189, 0.362790941, -0.0199685692, 0.956543294, -0.291590339, 1.37886527e-005, 0.291590339, 0.956543294, -1.70219586e-005, -8.22600461e-006, 2.03028783e-005, 1, 0.956543452, -0.291589823, 2.64586141e-006, 0.291589823, 0.956543452, -9.8379692e-006, 3.37770287e-007, 1.01819513e-005, 1, 0, 0, 0, 0, 0, 0, 0, 0.368661108, -0.195918359, -0.159470776, -0.110744074, 0.48840681, -0.865494236, -0.983642578, -0.177612305, 0.0255126953, -0.141275497, 0.854279962, 0.500317515, 0, 0, -0, 0, 0, 0, 0, 0.390817041, -0.144921191, -0.134459766, 0.0658666891, 0.0655936913, -0.9956309, 0.413208008, -0.909912109, -0.0325927734, -0.908124034, -0.409203612, -0.0869700741, 0, 2, 5, 1, 
826.070915, 61, 0.1, 0.1, 0.0223895188, 0.362790941, -0.0199674357, 0.956542575, -0.291592698, -1.82898987e-006, 0.291592698, 0.956542575, 1.75853499e-005, -3.37825293e-006, -1.73544559e-005, 1, 0.956542703, -0.29159228, -1.34236929e-006, 0.29159228, 0.956542702, 1.93966957e-005, -4.37189317e-006, -1.89451922e-005, 1, 0, 0, 0, 0, 0, 0, 0, 0.368661108, -0.195918359, -0.159470776, -0.110744074, 0.48840681, -0.865494236, -0.983642578, -0.177612305, 0.0255126953, -0.141275497, 0.854279962, 0.500317515, 0, 0, -0, 0, 0, 0, 0, 0.390536914, -0.145963428, -0.133786621, 0.0653745195, 0.0659582627, -0.99565642, 0.410888672, -0.911010742, -0.0333251953, -0.909280448, -0.406833182, -0.0867272709, 0, 2, 5, 1, 
826.071607, 61, 0.1, 0.1, 0.0223895187, 0.362790943, -0.0199671475, 0.956541937, -0.291594791, -4.62284895e-006, 0.291594791, 0.956541937, -1.56149794e-005, 8.97519555e-006, 1.3588384e-005, 1, 0.956542062, -0.291594381, 8.48375587e-006, 0.291594381, 0.956542062, -2.32965516e-005, -1.32192579e-006, 2.4757947e-005, 1, 0, 0, 0, 0, 0, 0, 0, 0.368661108, -0.195918359, -0.159470776, -0.110744074, 0.48840681, -0.865494236, -0.983642578, -0.177612305, 0.0255126953, -0.141275497, 0.854279962, 0.500317515, 0, 0, -0, 0, 0, 0, 0, 0.390536914, -0.145963428, -0.133786621, 0.0653745195, 0.0659582627, -0.99565642, 0.410888672, -0.911010742, -0.0333251953, -0.909280448, -0.406833182, -0.0867272709, 0, 2, 5, 1, 
826.072295, 61, 0.1, 0.1, 0.02238952, 0.362790942, -0.0199676735, 0.956541396, -0.291596567, -3.99476508e-006, 0.291596567, 0.956541396, -1.49492441e-005, 8.18030642e-006, 1.3134711e-005, 1, 0.956541503, -0.291596217, -1.04236306e-005, 0.291596217, 0.956541503, 3.90497649e-006, 8.83195893e-006, -6.77476334e-006, 1, 0, 0, 0, 0, 0, 0, 0, 0.368661108, -0.195918359, -0.159470776, -0.110744074, 0.48840681, -0.865494236, -0.983642578, -0.177612305, 0.0255126953, -0.141275497, 0.854279962, 0.500317515, 0, 0, -0, 0, 0, 0, 0, 0.390536914, -0.145963428, -0.133786621, 0.0653745195, 0.0659582627, -0.99565642, 0.410888672, -0.911010742, -0.0333251953, -0.909280448, -0.406833182, -0.0867272709, 0, 2, 5, 1, 
826.072983, 61, 0.1, 0.1, 0.0223895198, 0.362790942, -0.0199688278, 0.956540887, -0.291598235, -2.02142089e-006, 0.291598235, 0.956540887, 2.08615662e-005, -4.14962416e-006, -2.05443838e-005, 1, 0.956540975, -0.291597946, -8.59795015e-006, 0.291597946, 0.956540975, 8.47917984e-006, 5.75178019e-006, -1.06178276e-005, 1, 0, 0, 0, 0, 0, 0, 0, 0.368661108, -0.195918359, -0.159470776, -0.110744074, 0.48840681, -0.865494236, -0.983642578, -0.177612305, 0.0255126953, -0.141275497, 0.854279962, 0.500317515, 0, 0, -0, 0, 0, 0, 0, 0.390536914, -0.145963428, -0.133786621, 0.0653745195, 0.0659582627, -0.99565642, 0.410888672, -0.911010742, -0.0333251953, -0.909280448, -0.406833182, -0.0867272709, 0, 2, 5, 1, 
826.073671, 61, 0.1, 0.1, 0.0223895194, 0.362790942, -0.0199702524, 0.956540445, -0.291599687, 1.07438712e-005, 0.291599687, 0.956540445, -1.33834135e-005, -6.37434817e-006, 1.59346858e-005, 1, 0.956540533, -0.291599398, 1.06873126e-005, 0.291599398, 0.956540533, -1.44623565e-005, -6.0056332e-006, 1.69502441e-005, 1, 0, 0, 0, 0, 0, 0, 0, 0.368661108, -0.195918359, -0.159470776, -0.110744074, 0.48840681, -0.865494236, -0.983642578, -0.177612305, 0.0255126953, -0.141275497, 0.854279962, 0.500317515, 0, 0, -0, 0, 0, 0, 0, 0.390536914, -0.145963428, -0.133786621, 0.0653745195, 0.0659582627, -0.99565642, 0.410888672, -0.911010742, -0.0333251953, -0.909280448, -0.406833182, -0.0867272709, 0, 2, 5, 1, 
