time, trialNum, realDorsalTactorPos, realVentralTactorPos, boxPosX, boxPosY, boxPosZ, boxLocalRot_11, boxLocalRot_12, boxLocalRot_13, boxLocalRot_21, boxLocalRot_22, boxLocalRot_23, boxLocalRot_31, boxLocalRot_32, boxLocalRot_33, boxGlobalRot_11, boxGlobalRot_12, boxGlobalRot_13, boxGlobalRot_21, boxGlobalRot_22, boxGlobalRot_23, boxGlobalRot_31, boxGlobalRot_32, boxGlobalRot_33, indexForceX, indexForceY, indexForceZ, indexForceGlobalX, indexForceGlobalY, indexForceGlobalZ, indexContact, indexPosX, indexPosY, indexPosZ, indexRot_11, indexRot_12, indexRot_13, indexRot_21, indexRot_22, indexRot_23, indexRot_31, indexRot_32, indexRot_33, thumbForceX, thumbForceY, thumbForceZ, thumbForceGlobalX, thumbForceGlobalY, thumbForceGlobalZ, thumbContact, thumbPosX, thumbPosY, thumbPosZ, thumbRot_11, thumbRot_12, thumbRot_13, thumbRot_21, thumbRot_22, thumbRot_23, thumbRot_31, thumbRot_32, thumbRot_33, manipForceTooHigh, cceExpType, mapping, trialSuccess, 
807.264683, 57, 0.1, 0.1, 0.00990853052, 0.384445968, -0.0199724795, 0.997545717, -2.60944458e-006, 0.0700181588, -0.0700181588, -2.80108603e-006, 0.997545717, -2.40691338e-006, -1, -2.97691988e-006, 0.997545712, -2.7798045e-005, 0.0700182272, -0.0700182264, 3.02383337e-005, 0.997545712, -2.98470551e-005, -0.999999999, 2.82177503e-005, 0, -0, 0, 0, 0, 0, 0, 0.321273462, -0.162636377, -0.197679297, 0.079213945, 0.237206404, -0.968244835, -0.995483398, -0.0299072266, -0.0887451172, -0.0499946124, 0.97094038, 0.233936858, 0, 0, -0, 0, 0, 0, 0, 0.347351465, -0.101884863, -0.182336865, 0.136090348, -0.0737445515, -0.987891483, 0.216674805, -0.970825195, 0.102294922, -0.966656066, -0.227951286, -0.116228593, 0, 2, 5, 1, 
807.281392, 57, 0.1, 0.1, 0.00990854248, 0.384445958, -0.0199885156, 0.997548128, -2.87171593e-005, 0.0699837944, -0.0699837955, -4.20726208e-005, 0.997548127, -2.57023468e-005, -0.999999999, -4.39791999e-005, 0.99754813, -4.07808972e-005, 0.0699837578, -0.06998376, -5.4773561e-005, 0.997548129, -3.68476481e-005, -0.999999998, -5.74932638e-005, 0, -0, 0, 0, 0, 0, 0, 0.325994629, -0.164814453, -0.198466235, 0.0599946968, 0.287219424, -0.955929392, -0.994628906, -0.0626220703, -0.0812988281, -0.0831630193, 0.955850764, 0.282041016, 0, 0, -0, 0, 0, 0, 0, 0.35050752, -0.105586523, -0.182139355, 0.121440134, -0.0703752253, -0.990099665, 0.245849609, -0.964111328, 0.0987548828, -0.961567759, -0.255337008, -0.099890416, 0, 2, 5, 1, 
807.282094, 57, 0.1, 0.1, 0.00990854431, 0.384445963, -0.0199823341, 0.997548123, 3.34707563e-005, 0.0699838608, -0.0699838624, 5.08923535e-005, 0.997548122, 2.98270467e-005, -0.999999998, 5.31099845e-005, 0.997548122, 3.10477322e-005, 0.0699838773, -0.0699838785, 3.94403637e-005, 0.997548122, 2.82114173e-005, -0.999999999, 4.15165015e-005, 0, -0, 0, 0, 0, 0, 0, 0.325994629, -0.164814453, -0.198466235, 0.0599946968, 0.287219424, -0.955929392, -0.994628906, -0.0626220703, -0.0812988281, -0.0831630193, 0.955850764, 0.282041016, 0, 0, -0, 0, 0, 0, 0, 0.35092251, -0.10719585, -0.181227832, 0.120941768, -0.0709439538, -0.990054823, 0.24621582, -0.963989258, 0.0992431641, -0.961497397, -0.255765012, -0.0991492466, 0, 2, 5, 1, 
807.282785, 57, 0.1, 0.1, 0.00990854408, 0.38444597, -0.0199732584, 0.99754814, -1.01980904e-005, 0.0699836289, -0.0699836289, -4.45496264e-006, 0.99754814, -9.86131165e-006, -1, -5.15773907e-006, 0.997548134, -8.38577437e-006, 0.0699837135, -0.0699837133, 2.26583784e-005, 0.997548134, -9.95093103e-006, -1, 2.20159554e-005, 0, -0, 0, 0, 0, 0, 0, 0.325994629, -0.164814453, -0.198466235, 0.0599946968, 0.287219424, -0.955929392, -0.994628906, -0.0626220703, -0.0812988281, -0.0831630193, 0.955850764, 0.282041016, 0, 0, -0, 0, 0, 0, 0, 0.35092251, -0.10719585, -0.181227832, 0.120941768, -0.0709439538, -0.990054823, 0.24621582, -0.963989258, 0.0992431641, -0.961497397, -0.255765012, -0.0991492466, 0, 2, 5, 1, 
807.283503, 57, 0.1, 0.1, 0.00990854501, 0.384445968, -0.0199636391, 0.99754819, 5.16020092e-006, 0.0699829224, -0.0699829224, 1.68770445e-005, 0.997548189, 3.96644419e-006, -1, 1.71967912e-005, 0.997548178, 1.96584035e-005, 0.0699830858, -0.0699830855, -1.13391277e-005, 0.997548178, 2.04037517e-005, -1, -9.93557049e-006, 0, -0, 0, 0, 0, 0, 0, 0.325994629, -0.164814453, -0.198466235, 0.0599946968, 0.287219424, -0.955929392, -0.994628906, -0.0626220703, -0.0812988281, -0.0831630193, 0.955850764, 0.282041016, 0, 0, -0, 0, 0, 0, 0, 0.35092251, -0.10719585, -0.181227832, 0.120941768, -0.0709439538, -0.990054823, 0.24621582, -0.963989258, 0.0992431641, -0.961497397, -0.255765012, -0.0991492466, 0, 2, 5, 1, 
807.284207, 57, 0.1, 0.1, 0.00990853919, 0.38444597, -0.019956549, 0.997548264, 4.6993918e-006, 0.0699818605, -0.0699818604, -2.19707131e-005, 0.997548264, 6.22542151e-006, -1, -2.15879745e-005, 0.997548247, -2.20836531e-005, 0.0699821009, -0.0699821011, -8.78642939e-006, 0.997548247, -2.14146166e-005, -1, -1.03103477e-005, 0, -0, 0, 0, 0, 0, 0, 0.32638374, -0.16639895, -0.197869482, 0.0590099396, 0.295690223, -0.953488468, -0.994506836, -0.0643310547, -0.0815429687, -0.0854788878, 0.95314961, 0.290429439, 0, 0, -0, 0, 0, 0, 0, 0.35092251, -0.10719585, -0.181227832, 0.120941768, -0.0709439538, -0.990054823, 0.24621582, -0.963989258, 0.0992431641, -0.961497397, -0.255765012, -0.0991492466, 0, 2, 5, 1, 
807.284899, 57, 0.1, 0.1, 0.00990853712, 0.384445974, -0.0199539709, 0.997548361, -3.73982219e-005, 0.0699804696, -0.069980468, 4.23268067e-005, 0.997548361, -4.02685848e-005, -0.999999998, 3.96058915e-005, 0.99754834, -2.36696481e-005, 0.0699807739, -0.0699807729, 4.29424001e-005, 0.997548339, -2.66167605e-005, -0.999999999, 4.11806997e-005, 0, -0, 0, 0, 0, 0, 0, 0.32638374, -0.16639895, -0.197869482, 0.0590099396, 0.295690223, -0.953488468, -0.994506836, -0.0643310547, -0.0815429687, -0.0854788878, 0.95314961, 0.290429439, 0, 0, -0, 0, 0, 0, 0, 0.35092251, -0.10719585, -0.181227832, 0.120941768, -0.0709439538, -0.990054823, 0.24621582, -0.963989258, 0.0992431641, -0.961497397, -0.255765012, -0.0991492466, 0, 2, 5, 1, 
807.285591, 57, 0.1, 0.1, 0.00990853556, 0.384445974, -0.019956198, 0.997548482, 2.33710015e-005, 0.0699787562, -0.0699787561, -5.49184988e-006, 0.997548482, 2.36980199e-005, -1, -3.84291289e-006, 0.997548456, 2.17329647e-005, 0.0699791216, -0.0699791211, -1.93782428e-005, 0.997548456, 2.30357578e-005, -1, -1.78098824e-005, 0, -0, 0, 0, 0, 0, 0, 0.32638374, -0.16639895, -0.197869482, 0.0590099396, 0.295690223, -0.953488468, -0.994506836, -0.0643310547, -0.0815429687, -0.0854788878, 0.95314961, 0.290429439, 0, 0, -0, 0, 0, 0, 0, 0.35092251, -0.10719585, -0.181227832, 0.120941768, -0.0709439538, -0.990054823, 0.24621582, -0.963989258, 0.0992431641, -0.961497397, -0.255765012, -0.0991492466, 0, 2, 5, 1, 
807.286309, 57, 0.1, 0.1, 0.00990853187, 0.384445979, -0.0199623941, 0.997548625, -1.15557712e-005, 0.0699767156, -0.0699767157, -8.68573179e-006, 0.997548625, -1.09196447e-005, -1, -9.47307472e-006, 0.997548593, -2.37116366e-005, 0.0699771622, -0.0699771617, 1.97175001e-005, 0.997548594, -2.50332844e-005, -1, 1.80098914e-005, 0, -0, 0, 0, 0, 0, 0, 0.327625415, -0.167204468, -0.197442627, 0.0573830315, 0.306356322, -0.950120076, -0.994140625, -0.0684814453, -0.0821533203, -0.0902884802, 0.949482795, 0.300772029, 0, 0, -0, 0, 0, 0, 0, 0.35092251, -0.10719585, -0.181227832, 0.120769327, -0.070362832, -0.990080342, 0.248413086, -0.963500977, 0.0987548828, -0.96102455, -0.25779056, -0.0989064434, 0, 2, 5, 1, 
807.287008, 57, 0.1, 0.1, 0.00990853354, 0.384445977, -0.0199697884, 0.997548778, -1.68723513e-006, 0.069974541, -0.069974541, 1.13659214e-005, 0.997548777, -2.47842448e-006, -1, 1.12199974e-005, 0.997548746, 1.64284662e-005, 0.0699749839, -0.0699749839, 1.93067562e-006, 0.997548746, 1.62530969e-005, -1, 3.0755247e-006, 0, -0, 0, 0, 0, 0, 0, 0.327625415, -0.167204468, -0.197442627, 0.0573830315, 0.306356322, -0.950120076, -0.994140625, -0.0684814453, -0.0821533203, -0.0902884802, 0.949482795, 0.300772029, 0, 0, -0, 0, 0, 0, 0, 0.352037256, -0.108539453, -0.180108203, 0.120769327, -0.070362832, -0.990080342, 0.248413086, -0.963500977, 0.0987548828, -0.96102455, -0.25779056, -0.0989064434, 0, 2, 5, 1, 
807.287703, 57, 0.1, 0.1, 0.00990853216, 0.384445976, -0.0199764028, 0.997548932, 1.64219521e-005, 0.069972337, -0.0699723365, -2.54555492e-005, 0.997548932, 1.81628851e-005, -1, -2.42440736e-005, 0.997548901, 9.13302635e-006, 0.0699727744, -0.0699727742, -2.47414319e-005, 0.997548901, 1.0841867e-005, -1, -2.40417251e-005, 0, -0, 0, 0, 0, 0, 0, 0.327625415, -0.167204468, -0.197442627, 0.0573830315, 0.306356322, -0.950120076, -0.994140625, -0.0684814453, -0.0821533203, -0.0902884802, 0.949482795, 0.300772029, 0, 0, -0, 0, 0, 0, 0, 0.352037256, -0.108539453, -0.180108203, 0.120769327, -0.070362832, -0.990080342, 0.248413086, -0.963500977, 0.0987548828, -0.96102455, -0.25779056, -0.0989064434, 0, 2, 5, 1, 
807.288396, 57, 0.1, 0.1, 0.00990853146, 0.384445978, -0.019980639, 0.99754908, -6.61968426e-006, 0.0699702313, -0.069970231, 3.31759138e-005, 0.997549079, -8.9247863e-006, -0.999999999, 3.26314214e-005, 0.997549052, -6.27425192e-006, 0.0699706256, -0.0699706254, 2.80510173e-005, 0.997549052, -8.22162128e-006, -1, 2.75432524e-005, 0, -0, 0, 0, 0, 0, 0, 0.327625415, -0.167204468, -0.197442627, 0.0573830315, 0.306356322, -0.950120076, -0.994140625, -0.0684814453, -0.0821533203, -0.0902884802, 0.949482795, 0.300772029, 0, 0, -0, 0, 0, 0, 0, 0.352037256, -0.108539453, -0.180108203, 0.120769327, -0.070362832, -0.990080342, 0.248413086, -0.963500977, 0.0987548828, -0.96102455, -0.25779056, -0.0989064434, 0, 2, 5, 1, 
807.289083, 57, 0.1, 0.1, 0.00990853122, 0.38444598, -0.0199814668, 0.997549199, -3.66180745e-007, 0.0699685348, -0.0699685348, -1.99984617e-005, 0.997549199, 1.03397975e-006, -1, -1.99750705e-005, 0.997549179, 7.98168886e-006, 0.0699688231, -0.069968823, -8.63986279e-006, 0.997549179, 8.56664819e-006, -1, -8.06021866e-006, 0, -0, 0, 0, 0, 0, 0, 0.327625415, -0.167204468, -0.197442627, 0.0573830315, 0.306356322, -0.950120076, -0.994140625, -0.0684814453, -0.0821533203, -0.0902884802, 0.949482795, 0.300772029, 0, 0, -0, 0, 0, 0, 0, 0.352037256, -0.108539453, -0.180108203, 0.120769327, -0.070362832, -0.990080342, 0.248413086, -0.963500977, 0.0987548828, -0.96102455, -0.25779056, -0.0989064434, 0, 2, 5, 1, 
807.289785, 57, 0.1, 0.1, 0.00990852727, 0.384445979, -0.0199787404, 0.997549284, 1.41670303e-006, 0.069967326, -0.069967326, 1.65252067e-005, 0.997549284, 2.57006564e-007, -1, 1.6583831e-005, 0.997549269, -1.28548706e-005, 0.069967533, -0.069967533, -1.76951344e-006, 0.997549269, -1.26995583e-005, -1, -2.66460042e-006, 0, -0, 0, 0, 0, 0, 0, 0.327625415, -0.167204468, -0.197442627, 0.0573830315, 0.306356322, -0.950120076, -0.994140625, -0.0684814453, -0.0821533203, -0.0902884802, 0.949482795, 0.300772029, 0, 0, -0, 0, 0, 0, 0, 0.352037256, -0.108539453, -0.180108203, 0.120769327, -0.070362832, -0.990080342, 0.248413086, -0.963500977, 0.0987548828, -0.96102455, -0.25779056, -0.0989064434, 0, 2, 5, 1, 
807.290471, 57, 0.1, 0.1, 0.00990852678, 0.384445983, -0.0199737126, 0.997549358, 4.36054931e-006, 0.0699662653, -0.0699662652, -5.01139e-006, 0.997549358, 4.7004914e-006, -1, -4.69401753e-006, 0.997549343, -1.932983e-006, 0.0699664848, -0.0699664848, 1.56026295e-005, 0.997549343, -3.01990706e-006, -1, 1.54291488e-005, 0, -0, 0, 0, 0, 0, 0, 0.327625415, -0.167204468, -0.197442627, 0.0573830315, 0.306356322, -0.950120076, -0.994140625, -0.0684814453, -0.0821533203, -0.0902884802, 0.949482795, 0.300772029, 0, 0, -0, 0, 0, 0, 0, 0.352037256, -0.108539453, -0.180108203, 0.120769327, -0.070362832, -0.990080342, 0.248413086, -0.963500977, 0.0987548828, -0.96102455, -0.25779056, -0.0989064434, 0, 2, 5, 1, 
807.291186, 57, 0.1, 0.1, 0.00990852546, 0.384445983, -0.0199675784, 0.997549423, 4.22798629e-006, 0.0699653376, -0.0699653377, 1.54438442e-005, 0.997549423, 3.13709151e-006, -1, 1.57018104e-005, 0.997549411, 4.41212036e-006, 0.0699655168, -0.0699655168, 8.29919148e-006, 0.99754941, 3.82065085e-006, -1, 8.58754985e-006, 0, -0, 0, 0, 0, 0, 0, 0.330159546, -0.167245898, -0.197201904, 0.0550877632, 0.318938396, -0.946122638, -0.993408203, -0.0767822266, -0.0837402344, -0.0993179324, 0.944647376, 0.312745274, 0, 0, -0, 0, 0, 0, 0, 0.352037256, -0.108539453, -0.180108203, 0.12078865, -0.069142986, -0.990188984, 0.251831055, -0.962646484, 0.0979003906, -0.960040577, -0.261221887, -0.0990406048, 0, 2, 5, 1, 
807.291883, 57, 0.1, 0.1, 0.00990852361, 0.384445984, -0.0199624459, 0.997549488, -8.70407451e-006, 0.06996441, -0.0699644101, -1.31345361e-006, 0.997549488, -8.59085007e-006, -1, -1.91921042e-006, 0.997549475, 3.31367181e-006, 0.0699646018, -0.0699646018, 1.5881573e-006, 0.997549475, 3.19443678e-006, -1, 1.81610521e-006, 0, -0, 0, 0, 0, 0, 0, 0.330159546, -0.167245898, -0.197201904, 0.0550877632, 0.318938396, -0.946122638, -0.993408203, -0.0767822266, -0.0837402344, -0.0993179324, 0.944647376, 0.312745274, 0, 0, -0, 0, 0, 0, 0, 0.353621924, -0.109647119, -0.179225244, 0.12078865, -0.069142986, -0.990188984, 0.251831055, -0.962646484, 0.0979003906, -0.960040577, -0.261221887, -0.0990406048, 0, 2, 5, 1, 
807.292659, 57, 0.1, 0.1, 0.00990852141, 0.384445982, -0.0199587581, 0.997549545, -1.03578852e-005, 0.0699636054, -0.0699636055, -1.39057037e-005, 0.997549544, -9.35961048e-006, -1, -1.45963034e-005, 0.997549537, -1.148949e-005, 0.069963715, -0.0699637152, -2.47314958e-005, 0.997549537, -9.73102808e-006, -1, -2.54747396e-005, 0, -0, 0, 0, 0, 0, 0, 0.330159546, -0.167245898, -0.197201904, 0.0550877632, 0.318938396, -0.946122638, -0.993408203, -0.0767822266, -0.0837402344, -0.0993179324, 0.944647376, 0.312745274, 0, 0, -0, 0, 0, 0, 0, 0.353621924, -0.109647119, -0.179225244, 0.12078865, -0.069142986, -0.990188984, 0.251831055, -0.962646484, 0.0979003906, -0.960040577, -0.261221887, -0.0990406048, 0, 2, 5, 1, 
807.293348, 57, 0.1, 0.1, 0.00990852027, 0.384445983, -0.0199584815, 0.997549584, 4.9670783e-006, 0.0699630501, -0.0699630501, -6.23555197e-006, 0.997549584, 5.39116513e-006, -1, -5.87276032e-006, 0.997549574, -8.06224002e-006, 0.0699631838, -0.0699631838, -1.70579305e-006, 0.997549574, -7.92314139e-006, -1, -2.26567311e-006, 0, -0, 0, 0, 0, 0, 0, 0.330159546, -0.167245898, -0.197201904, 0.0550877632, 0.318938396, -0.946122638, -0.993408203, -0.0767822266, -0.0837402344, -0.0993179324, 0.944647376, 0.312745274, 0, 0, -0, 0, 0, 0, 0, 0.353621924, -0.109647119, -0.179225244, 0.12078865, -0.069142986, -0.990188984, 0.251831055, -0.962646484, 0.0979003906, -0.960040577, -0.261221887, -0.0990406048, 0, 2, 5, 1, 
807.294036, 57, 0.1, 0.1, 0.00990851937, 0.384445984, -0.0199615303, 0.997549628, 5.38283253e-006, 0.0699624111, -0.0699624111, -1.11165431e-005, 0.997549628, 6.14738275e-006, -1, -1.07127075e-005, 0.997549621, 6.42532011e-006, 0.0699625135, -0.0699625135, 4.11805533e-006, 0.997549621, 6.12146614e-006, -1, 4.55749608e-006, 0, -0, 0, 0, 0, 0, 0, 0.330159546, -0.167245898, -0.197201904, 0.0550877632, 0.318938396, -0.946122638, -0.993408203, -0.0767822266, -0.0837402344, -0.0993179324, 0.944647376, 0.312745274, 0, 0, -0, 0, 0, 0, 0, 0.353621924, -0.109647119, -0.179225244, 0.12078865, -0.069142986, -0.990188984, 0.251831055, -0.962646484, 0.0979003906, -0.960040577, -0.261221887, -0.0990406048, 0, 2, 5, 1, 
807.294727, 57, 0.1, 0.1, 0.00990851827, 0.384445986, -0.019966827, 0.997549655, -2.04801186e-006, 0.069962034, -0.069962034, 1.77993457e-005, 0.997549655, -3.28827195e-006, -1, 1.76124481e-005, 0.99754965, 7.69553739e-006, 0.069962109, -0.0699621091, 2.04185455e-005, 0.997549649, 6.24815611e-006, -1, 2.0906909e-005, 0, -0, 0, 0, 0, 0, 0, 0.330159546, -0.167245898, -0.197201904, 0.0550877632, 0.318938396, -0.946122638, -0.993408203, -0.0767822266, -0.0837402344, -0.0993179324, 0.944647376, 0.312745274, 0, 0, -0, 0, 0, 0, 0, 0.353621924, -0.109647119, -0.179225244, 0.12078865, -0.069142986, -0.990188984, 0.251831055, -0.962646484, 0.0979003906, -0.960040577, -0.261221887, -0.0990406048, 0, 2, 5, 1, 
807.295418, 57, 0.1, 0.1, 0.00990851737, 0.384445982, -0.0199726533, 0.997549683, -1.27801438e-006, 0.0699616314, -0.0699616314, -2.47951237e-005, 0.997549683, 4.5982447e-007, -1, -2.48237798e-005, 0.997549679, -2.35527938e-006, 0.0699616952, -0.0699616952, -3.15977353e-005, 0.997549678, -1.38877066e-007, -0.999999999, -3.168509e-005, 0, -0, 0, 0, 0, 0, 0, 0.330159546, -0.167245898, -0.197201904, 0.0550877632, 0.318938396, -0.946122638, -0.993408203, -0.0767822266, -0.0837402344, -0.0993179324, 0.944647376, 0.312745274, 0, 0, -0, 0, 0, 0, 0, 0.353621924, -0.109647119, -0.179225244, 0.12078865, -0.069142986, -0.990188984, 0.251831055, -0.962646484, 0.0979003906, -0.960040577, -0.261221887, -0.0990406048, 0, 2, 5, 1, 
807.296137, 57, 0.1, 0.1, 0.0099085161, 0.384445987, -0.0199772868, 0.997549697, -6.7142161e-007, 0.069961428, -0.0699614279, 3.12142247e-005, 0.997549697, -2.85356816e-006, -1, 3.10907668e-005, 0.997549695, 5.49766133e-006, 0.0699614577, -0.0699614578, 3.31532901e-005, 0.997549695, 3.16473788e-006, -0.999999999, 3.34566789e-005, 0, -0, 0, 0, 0, 0, 0, 0.331969019, -0.167037598, -0.196940918, 0.0517073881, 0.332066019, -0.941769488, -0.992675781, -0.0850830078, -0.0844726562, -0.108175521, 0.939354774, 0.325403732, 0, 0, -0, 0, 0, 0, 0, 0.354825635, -0.110281934, -0.178986133, 0.118501342, -0.0673864943, -0.990674224, 0.256103516, -0.961791992, 0.0960693359, -0.959299041, -0.265087782, -0.0967594941, 0, 2, 5, 1, 
807.296835, 57, 0.1, 0.1, 0.00990851518, 0.384445985, -0.0199791151, 0.997549706, -2.56191313e-006, 0.0699613068, -0.0699613068, -3.77137897e-005, 0.997549705, 8.28703202e-008, -0.999999999, -3.78006146e-005, 0.997549705, -2.49821302e-006, 0.0699613168, -0.0699613169, -3.08485774e-005, 0.997549705, -3.33884563e-007, -1, -3.09477675e-005, 0, -0, 0, 0, 0, 0, 0, 0.331969019, -0.167037598, -0.196940918, 0.0517073881, 0.332066019, -0.941769488, -0.992675781, -0.0850830078, -0.0844726562, -0.108175521, 0.939354774, 0.325403732, 0, 0, -0, 0, 0, 0, 0, 0.354825635, -0.110281934, -0.178986133, 0.118501342, -0.0673864943, -0.990674224, 0.256103516, -0.961791992, 0.0960693359, -0.959299041, -0.265087782, -0.0967594941, 0, 2, 5, 1, 
807.297531, 57, 0.1, 0.1, 0.00990851353, 0.384445983, -0.0199780391, 0.997549708, -2.61757839e-006, 0.0699612752, -0.0699612752, 1.88355655e-005, 0.997549708, -3.92892474e-006, -1, 1.86062838e-005, 0.997549706, 2.74809505e-006, 0.0699613038, -0.0699613038, 5.69823161e-006, 0.997549706, 2.3427057e-006, -1, 5.87652958e-006, 0, -0, 0, 0, 0, 0, 0, 0.331969019, -0.167037598, -0.196940918, 0.0517073881, 0.332066019, -0.941769488, -0.992675781, -0.0850830078, -0.0844726562, -0.108175521, 0.939354774, 0.325403732, 0, 0, -0, 0, 0, 0, 0, 0.354825635, -0.110281934, -0.178986133, 0.118501342, -0.0673864943, -0.990674224, 0.256103516, -0.961791992, 0.0960693359, -0.959299041, -0.265087782, -0.0967594941, 0, 2, 5, 1, 
807.298234, 57, 0.1, 0.1, 0.00990851247, 0.384445985, -0.0199745774, 0.997549712, -4.06149306e-006, 0.069961223, -0.0699612231, -1.55304598e-005, 0.997549712, -2.96501126e-006, -1, -1.57765528e-005, 0.997549711, -3.88125723e-006, 0.0699612309, -0.069961231, -5.8382607e-006, 0.997549711, -3.46329512e-006, -1, -6.09549281e-006, 0, -0, 0, 0, 0, 0, 0, 0.331969019, -0.167037598, -0.196940918, 0.047330273, 0.347008144, -0.936647629, -0.991821289, -0.0943603516, -0.0850830078, -0.117863976, 0.933033232, 0.339794317, 0, 0, -0, 0, 0, 0, 0, 0.354825635, -0.110281934, -0.178986133, 0.118501342, -0.0673864943, -0.990674224, 0.256103516, -0.961791992, 0.0960693359, -0.959299041, -0.265087782, -0.0967594941, 0, 2, 5, 1, 
807.298936, 57, 0.1, 0.1, 0.00990851203, 0.384445986, -0.0199696781, 0.997549719, 7.58127919e-006, 0.0699611113, -0.0699611114, 1.42073465e-005, 0.997549719, 6.56874118e-006, -1, 1.47029292e-005, 0.997549718, -1.39832999e-006, 0.0699611273, -0.0699611272, 1.73938066e-005, 0.997549718, -2.611794e-006, -1, 1.72533581e-005, 0, -0, 0, 0, 0, 0, 0, 0.334171509, -0.166293213, -0.196635376, 0.047330273, 0.347008144, -0.936647629, -0.991821289, -0.0943603516, -0.0850830078, -0.117863976, 0.933033232, 0.339794317, 0, 0, -0, 0, 0, 0, 0, 0.356327539, -0.110920654, -0.17852915, 0.117121449, -0.0652340815, -0.990935984, 0.26184082, -0.960449219, 0.0941162109, -0.957848419, -0.270384976, -0.0954368363, 0, 2, 5, 1, 
807.299622, 57, 0.1, 0.1, 0.00990851094, 0.384445983, -0.0199653126, 0.997549722, 2.58884758e-006, 0.0699610776, -0.0699610775, -1.66106848e-005, 0.997549722, 3.74460558e-006, -1, -1.63888654e-005, 0.99754972, 2.75133085e-006, 0.0699610993, -0.0699610992, -2.86776645e-005, 0.99754972, 4.75091025e-006, -1, -2.841491e-005, 0, -0, 0, 0, 0, 0, 0, 0.334171509, -0.166293213, -0.196635376, 0.047330273, 0.347008144, -0.936647629, -0.991821289, -0.0943603516, -0.0850830078, -0.117863976, 0.933033232, 0.339794317, 0, 0, -0, 0, 0, 0, 0, 0.356327539, -0.110920654, -0.17852915, 0.117121449, -0.0652340815, -0.990935984, 0.26184082, -0.960449219, 0.0941162109, -0.957848419, -0.270384976, -0.0954368363, 0, 2, 5, 1, 
807.300314, 57, 0.1, 0.1, 0.009908509, 0.384445984, -0.0199625643, 0.997549726, -1.25158413e-005, 0.0699610236, -0.0699610239, -1.89909015e-005, 0.997549725, -1.11565511e-005, -1, -1.98199896e-005, 0.997549726, 1.57135261e-006, 0.0699610121, -0.0699610121, 3.94588302e-006, 0.997549726, 1.2914444e-006, -1, 4.04614795e-006, 0, -0, 0, 0, 0, 0, 0, 0.334171509, -0.166293213, -0.196635376, 0.047330273, 0.347008144, -0.936647629, -0.991821289, -0.0943603516, -0.0850830078, -0.117863976, 0.933033232, 0.339794317, 0, 0, -0, 0, 0, 0, 0, 0.356327539, -0.110920654, -0.17852915, 0.117121449, -0.0652340815, -0.990935984, 0.26184082, -0.960449219, 0.0941162109, -0.957848419, -0.270384976, -0.0954368363, 0, 2, 5, 1, 
807.300999, 57, 0.1, 0.1, 0.00990851032, 0.384445983, -0.0199621468, 0.997549734, 2.74665391e-005, 0.069960897, -0.0699608975, 1.96404546e-005, 0.997549734, 2.6025175e-005, -0.999999999, 2.1513914e-005, 0.99754973, 3.00687457e-005, 0.0699609571, -0.0699609573, 7.17296367e-006, 0.99754973, 2.94932418e-005, -1, 9.25902621e-006, 0, -0, 0, 0, 0, 0, 0, 0.334171509, -0.166293213, -0.196635376, 0.047330273, 0.347008144, -0.936647629, -0.991821289, -0.0943603516, -0.0850830078, -0.117863976, 0.933033232, 0.339794317, 0, 0, -0, 0, 0, 0, 0, 0.356327539, -0.110920654, -0.17852915, 0.117121449, -0.0652340815, -0.990935984, 0.26184082, -0.960449219, 0.0941162109, -0.957848419, -0.270384976, -0.0954368363, 0, 2, 5, 1, 
807.301685, 57, 0.1, 0.1, 0.0099085061, 0.384445983, -0.0199640745, 0.997549772, -2.0492649e-005, 0.0699603662, -0.0699603665, -1.89832396e-005, 0.997549772, -1.91143629e-005, -1, -2.03703995e-005, 0.997549762, -3.0914218e-005, 0.0699604952, -0.0699604958, -1.93135268e-005, 0.997549762, -2.94872869e-005, -0.999999999, -2.14289781e-005, 0, -0, 0, 0, 0, 0, 0, 0.334171509, -0.166293213, -0.196635376, 0.047330273, 0.347008144, -0.936647629, -0.991821289, -0.0943603516, -0.0850830078, -0.117863976, 0.933033232, 0.339794317, 0, 0, -0, 0, 0, 0, 0, 0.356327539, -0.110920654, -0.17852915, 0.117121449, -0.0652340815, -0.990935984, 0.26184082, -0.960449219, 0.0941162109, -0.957848419, -0.270384976, -0.0954368363, 0, 2, 5, 1, 
807.30237, 57, 0.1, 0.1, 0.00990850605, 0.384445986, -0.0199676208, 0.997549829, -1.1437474e-006, 0.0699595452, -0.0699595452, 1.4455262e-005, 0.997549829, -2.15222858e-006, -1, 1.43398281e-005, 0.997549817, 5.50035783e-007, 0.0699597278, -0.0699597278, 2.48277879e-005, 0.997549816, -1.18825719e-006, -1, 2.48054356e-005, 0, -0, 0, 0, 0, 0, 0, 0.334171509, -0.166293213, -0.196635376, 0.047330273, 0.347008144, -0.936647629, -0.991821289, -0.0943603516, -0.0850830078, -0.117863976, 0.933033232, 0.339794317, 0, 0, -0, 0, 0, 0, 0, 0.356327539, -0.110920654, -0.17852915, 0.117121449, -0.0652340815, -0.990935984, 0.26184082, -0.960449219, 0.0941162109, -0.957848419, -0.270384976, -0.0954368363, 0, 2, 5, 1, 
807.303073, 57, 0.1, 0.1, 0.00990850525, 0.384445985, -0.0199716707, 0.997549887, 4.34662195e-006, 0.0699587289, -0.069958729, 1.23408014e-005, 0.997549887, 3.47262546e-006, -1, 1.26146491e-005, 0.997549876, -5.56155836e-006, 0.0699588728, -0.0699588728, -6.11061483e-006, 0.997549876, -5.12044013e-006, -1, -6.48472342e-006, 0, -0, 0, 0, 0, 0, 0, 0.334171509, -0.166293213, -0.196635376, 0.0434676282, 0.361226865, -0.931481586, -0.990844727, -0.102539063, -0.0860595703, -0.12664518, 0.926826266, 0.353683536, 0, 0, -0, 0, 0, 0, 0, 0.356327539, -0.110920654, -0.17852915, 0.117121449, -0.0652340815, -0.990935984, 0.26184082, -0.960449219, 0.0941162109, -0.957848419, -0.270384976, -0.0954368363, 0, 2, 5, 1, 
807.303779, 57, 0.1, 0.1, 0.00990850407, 0.384445987, -0.0199746006, 0.997549938, -2.54907766e-007, 0.06995799, -0.0699579899, -1.28369056e-005, 0.997549938, 6.43760888e-007, -1, -1.28232872e-005, 0.997549929, 6.71312987e-007, 0.0699581285, -0.0699581285, -4.61944194e-006, 0.997549929, 9.92835735e-007, -1, -4.56116018e-006, 0, -0, 0, 0, 0, 0, 0, 0.335510083, -0.165138965, -0.196105859, 0.0434676282, 0.361226865, -0.931481586, -0.990844727, -0.102539063, -0.0860595703, -0.12664518, 0.926826266, 0.353683536, 0, 0, -0, 0, 0, 0, 0, 0.357184619, -0.110425098, -0.177865771, 0.11610576, -0.0626664246, -0.991255346, 0.267822266, -0.958984375, 0.0920410156, -0.956359517, -0.276129498, -0.0947339464, 0, 2, 5, 1, 
807.304466, 57, 0.1, 0.1, 0.00990850233, 0.384445989, -0.0199759186, 0.997549979, -5.78947357e-006, 0.0699574072, -0.0699574071, 1.45938238e-005, 0.997549979, -6.79623531e-006, -1, 1.4153052e-005, 0.997549971, 1.28527101e-006, 0.0699575198, -0.0699575198, 1.54295187e-005, 0.997549971, 2.02711205e-007, -1, 1.54816303e-005, 0, -0, 0, 0, 0, 0, 0, 0.335510083, -0.165138965, -0.196105859, 0.0434676282, 0.361226865, -0.931481586, -0.990844727, -0.102539063, -0.0860595703, -0.12664518, 0.926826266, 0.353683536, 0, 0, -0, 0, 0, 0, 0, 0.357184619, -0.110425098, -0.177865771, 0.11610576, -0.0626664246, -0.991255346, 0.267822266, -0.958984375, 0.0920410156, -0.956359517, -0.276129498, -0.0947339464, 0, 2, 5, 1, 
807.305153, 57, 0.1, 0.1, 0.00990850083, 0.384445987, -0.0199754615, 0.997550018, -4.53853011e-006, 0.0699568493, -0.0699568493, -9.36305004e-006, 0.997550018, -3.87240132e-006, -1, -9.657612e-006, 0.997550012, -5.94149733e-006, 0.0699569433, -0.0699569434, -1.73880512e-005, 0.997550012, -4.71052582e-006, -1, -1.77610997e-005, 0, -0, 0, 0, 0, 0, 0, 0.335510083, -0.165138965, -0.196105859, 0.0434676282, 0.361226865, -0.931481586, -0.990844727, -0.102539063, -0.0860595703, -0.12664518, 0.926826266, 0.353683536, 0, 0, -0, 0, 0, 0, 0, 0.357184619, -0.110425098, -0.177865771, 0.11610576, -0.0626664246, -0.991255346, 0.267822266, -0.958984375, 0.0920410156, -0.956359517, -0.276129498, -0.0947339464, 0, 2, 5, 1, 
807.305921, 57, 0.1, 0.1, 0.00990849948, 0.38444599, -0.0199723242, 0.997550054, -2.11179056e-005, 0.069956333, -0.0699563332, -9.2078614e-006, 0.997550055, -2.04220196e-005, -1, -1.06626339e-005, 0.997550046, -1.38480541e-005, 0.0699564489, -0.0699564487, 8.88630099e-006, 0.997550046, -1.44357811e-005, -1, 7.89576928e-006, 0, -0, 0, 0, 0, 0, 0, 0.335510083, -0.165138965, -0.196105859, 0.0434676282, 0.361226865, -0.931481586, -0.990844727, -0.102539063, -0.0860595703, -0.12664518, 0.926826266, 0.353683536, 0, 0, -0, 0, 0, 0, 0, 0.357184619, -0.110425098, -0.177865771, 0.11610576, -0.0626664246, -0.991255346, 0.267822266, -0.958984375, 0.0920410156, -0.956359517, -0.276129498, -0.0947339464, 0, 2, 5, 1, 
807.306619, 57, 0.1, 0.1, 0.00990850027, 0.384445989, -0.0199687624, 0.997550106, 2.66756446e-005, 0.0699555988, -0.0699555993, 1.74954697e-005, 0.997550106, 2.5386386e-005, -0.999999999, 1.93187184e-005, 0.997550094, 2.65229215e-005, 0.0699557679, -0.0699557681, 8.59722837e-006, 0.997550094, 2.58565171e-005, -1, 1.04315973e-005, 0, -0, 0, 0, 0, 0, 0, 0.335510083, -0.165138965, -0.196105859, 0.0434676282, 0.361226865, -0.931481586, -0.990844727, -0.102539063, -0.0860595703, -0.12664518, 0.926826266, 0.353683536, 0, 0, -0, 0, 0, 0, 0, 0.357184619, -0.110425098, -0.177865771, 0.11610576, -0.0626664246, -0.991255346, 0.267822266, -0.958984375, 0.0920410156, -0.956359517, -0.276129498, -0.0947339464, 0, 2, 5, 1, 
807.307325, 57, 0.1, 0.1, 0.00990849837, 0.384445988, -0.0199656249, 0.997550176, -2.88723104e-006, 0.0699546005, -0.0699546006, -2.31558564e-005, 0.997550176, -1.26029915e-006, -1, -2.33011038e-005, 0.99755016, -1.55308171e-005, 0.0699548282, -0.0699548285, -2.40738963e-005, 0.99755016, -1.38086838e-005, -1, -2.51013748e-005, 0, -0, 0, 0, 0, 0, 0, 0.335510083, -0.165138965, -0.196105859, 0.0434676282, 0.361226865, -0.931481586, -0.990844727, -0.102539063, -0.0860595703, -0.12664518, 0.926826266, 0.353683536, 0, 0, -0, 0, 0, 0, 0, 0.357184619, -0.110425098, -0.177865771, 0.11610576, -0.0626664246, -0.991255346, 0.267822266, -0.958984375, 0.0920410156, -0.956359517, -0.276129498, -0.0947339464, 0, 2, 5, 1, 
807.308047, 57, 0.1, 0.1, 0.00990850076, 0.384445991, -0.0199636491, 0.997550267, -1.25807932e-005, 0.0699533088, -0.0699533087, 1.10701343e-005, 0.997550267, -1.33243662e-005, -1, 1.01629473e-005, 0.997550246, 1.49031533e-005, 0.0699535993, -0.0699535996, 2.2447877e-005, 0.997550246, 1.32963344e-005, -1, 2.34354144e-005, 0, -0, 0, 0, 0, 0, 0, 0.336343823, -0.16371936, -0.195765771, 0.0384375012, 0.376314646, -0.925699602, -0.989990234, -0.110839844, -0.0861816406, -0.13499429, 0.919863695, 0.368340343, 0, 0, -0, 0, 0, 0, 0, 0.357184619, -0.110425098, -0.177865771, 0.111652547, -0.0594279607, -0.991931983, 0.274780273, -0.957275391, 0.0883789063, -0.954863685, -0.282417228, -0.0906318117, 0, 2, 5, 1, 
807.308743, 57, 0.1, 0.1, 0.00990849842, 0.384445989, -0.0199633429, 0.997550373, 2.18261304e-005, 0.0699517854, -0.0699517856, 1.22966609e-005, 0.997550373, 2.09124912e-005, -1, 1.37933155e-005, 0.997550351, 9.77140869e-006, 0.0699521109, -0.0699521108, -1.03476284e-005, 0.997550351, 1.04713106e-005, -1, -9.63874967e-006, 0, -0, 0, 0, 0, 0, 0, 0.336343823, -0.16371936, -0.195765771, 0.0384375012, 0.376314646, -0.925699602, -0.989990234, -0.110839844, -0.0861816406, -0.13499429, 0.919863695, 0.368340343, 0, 0, -0, 0, 0, 0, 0, 0.357591162, -0.109896582, -0.178270752, 0.111652547, -0.0594279607, -0.991931983, 0.274780273, -0.957275391, 0.0883789063, -0.954863685, -0.282417228, -0.0906318117, 0, 2, 5, 1, 
807.309441, 57, 0.1, 0.1, 0.00990849603, 0.384445991, -0.0199648977, 0.997550495, -2.65210384e-005, 0.0699500523, -0.0699500528, -1.91134081e-005, 0.997550495, -2.51190911e-005, -0.999999999, -2.09217377e-005, 0.997550469, -2.6884275e-005, 0.0699504139, -0.0699504142, -8.14292555e-006, 0.99755047, -2.62488201e-005, -1, -1.00035454e-005, 0, -0, 0, 0, 0, 0, 0, 0.336343823, -0.16371936, -0.195765771, 0.0384375012, 0.376314646, -0.925699602, -0.989990234, -0.110839844, -0.0861816406, -0.13499429, 0.919863695, 0.368340343, 0, 0, -0, 0, 0, 0, 0, 0.357591162, -0.109896582, -0.178270752, 0.111652547, -0.0594279607, -0.991931983, 0.274780273, -0.957275391, 0.0883789063, -0.954863685, -0.282417228, -0.0906318117, 0, 2, 5, 1, 
807.310137, 57, 0.1, 0.1, 0.00990849704, 0.384445992, -0.0199677252, 0.997550628, 1.1690634e-005, 0.0699481523, -0.0699481525, 1.97386614e-005, 0.997550628, 1.02813164e-005, -1, 2.05080523e-005, 0.997550601, 2.15990024e-005, 0.0699485399, -0.0699485403, 1.9751187e-005, 0.997550601, 2.01645311e-005, -1, 2.12136271e-005, 0, -0, 0, 0, 0, 0, 0, 0.336343823, -0.16371936, -0.195765771, 0.0384375012, 0.376314646, -0.925699602, -0.989990234, -0.110839844, -0.0861816406, -0.13499429, 0.919863695, 0.368340343, 0, 0, -0, 0, 0, 0, 0, 0.357591162, -0.109896582, -0.178270752, 0.111652547, -0.0594279607, -0.991931983, 0.274780273, -0.957275391, 0.0883789063, -0.954863685, -0.282417228, -0.0906318117, 0, 2, 5, 1, 
807.310842, 57, 0.1, 0.1, 0.00990849463, 0.384445991, -0.0199709062, 0.997550771, 1.27664283e-005, 0.0699461229, -0.0699461227, -1.10375675e-005, 0.997550771, 1.35071954e-005, -1, -1.01175718e-005, 0.997550743, -6.35355811e-006, 0.069946519, -0.0699465191, -1.9195712e-005, 0.997550743, -4.99532338e-006, -1, -1.9593106e-005, 0, -0, 0, 0, 0, 0, 0, 0.336343823, -0.16371936, -0.195765771, 0.0384375012, 0.376314646, -0.925699602, -0.989990234, -0.110839844, -0.0861816406, -0.13499429, 0.919863695, 0.368340343, 0, 0, -0, 0, 0, 0, 0, 0.357604199, -0.109677246, -0.178454443, 0.108087424, -0.0577483945, -0.992410659, 0.280639648, -0.955810547, 0.0863037109, -0.953642739, -0.287886863, -0.0872453267, 0, 2, 5, 1, 
807.311536, 57, 0.1, 0.1, 0.00990849547, 0.384445993, -0.0199734165, 0.997550917, -1.3083752e-005, 0.0699440376, -0.0699440378, -8.31326379e-006, 0.997550917, -1.24702455e-005, -1, -9.20803435e-006, 0.997550887, -3.67393788e-006, 0.0699444647, -0.0699444647, 7.80104547e-006, 0.997550887, -4.21057994e-006, -1, 7.52496821e-006, 0, -0, 0, 0, 0, 0, 0, 0.336343823, -0.16371936, -0.195765771, 0.0384375012, 0.376314646, -0.925699602, -0.989990234, -0.110839844, -0.0861816406, -0.13499429, 0.919863695, 0.368340343, 0, 0, -0, 0, 0, 0, 0, 0.357604199, -0.109677246, -0.178454443, 0.108087424, -0.0577483945, -0.992410659, 0.280639648, -0.955810547, 0.0863037109, -0.953642739, -0.287886863, -0.0872453267, 0, 2, 5, 1, 
807.312231, 57, 0.1, 0.1, 0.00990849573, 0.384445992, -0.0199746693, 0.997551065, 1.79652909e-005, 0.0699419243, -0.0699419246, 1.49111762e-005, 0.997551065, 1.68783787e-005, -1, 1.61311867e-005, 0.997551035, 1.89243177e-005, 0.0699423481, -0.0699423483, 7.00135442e-006, 0.997551035, 1.83882815e-005, -1, 8.30781956e-006, 0, -0, 0, 0, 0, 0, 0, 0.336343823, -0.16371936, -0.195765771, 0.0384375012, 0.376314646, -0.925699602, -0.989990234, -0.110839844, -0.0861816406, -0.13499429, 0.919863695, 0.368340343, 0, 0, -0, 0, 0, 0, 0, 0.357604199, -0.109677246, -0.178454443, 0.108087424, -0.0577483945, -0.992410659, 0.280639648, -0.955810547, 0.0863037109, -0.953642739, -0.287886863, -0.0872453267, 0, 2, 5, 1, 
807.312938, 57, 0.1, 0.1, 0.00990849293, 0.384445992, -0.0199742928, 0.997551218, -9.85869549e-006, 0.069939748, -0.0699397481, -1.45258505e-005, 0.997551217, -8.81861937e-006, -1, -1.51797945e-005, 0.997551188, -1.84162027e-005, 0.0699401692, -0.0699401695, -1.48423336e-005, 0.997551188, -1.73330296e-005, -1, -1.60940199e-005, 0, -0, 0, 0, 0, 0, 0, 0.336887671, -0.162708887, -0.195837744, 0.0319867743, 0.392170014, -0.919326763, -0.989379883, -0.117675781, -0.0845947266, -0.141388111, 0.912285182, 0.384386672, 0, 0, -0, 0, 0, 0, 0, 0.357604199, -0.109677246, -0.178454443, 0.108087424, -0.0577483945, -0.992410659, 0.280639648, -0.955810547, 0.0863037109, -0.953642739, -0.287886863, -0.0872453267, 0, 2, 5, 1, 
807.313632, 57, 0.1, 0.1, 0.00990849323, 0.384445994, -0.0199725055, 0.997551368, -1.31548237e-005, 0.0699375997, -0.0699375996, 9.09458036e-006, 0.997551368, -1.37586655e-005, -1, 8.15229428e-006, 0.997551339, 5.00526021e-006, 0.0699380218, -0.0699380219, 1.76873304e-005, 0.997551338, 3.75598712e-006, -1, 1.79940781e-005, 0, -0, 0, 0, 0, 0, 0, 0.336887671, -0.162708887, -0.195837744, 0.0319867743, 0.392170014, -0.919326763, -0.989379883, -0.117675781, -0.0845947266, -0.141388111, 0.912285182, 0.384386672, 0, 0, -0, 0, 0, 0, 0, 0.357604199, -0.109677246, -0.178454443, 0.108087424, -0.0577483945, -0.992410659, 0.280639648, -0.955810547, 0.0863037109, -0.953642739, -0.287886863, -0.0872453267, 0, 2, 5, 1, 
807.31433, 57, 0.1, 0.1, 0.00990849132, 0.384445993, -0.0199699936, 0.997551524, 1.94106368e-005, 0.0699353776, -0.0699353778, 9.7689042e-006, 0.997551524, 1.86799183e-005, -1, 1.11024755e-005, 0.997551492, 9.07726885e-006, 0.069935833, -0.0699358329, -8.53215871e-006, 0.997551492, 9.65174671e-006, -1, -7.87644129e-006, 0, -0, 0, 0, 0, 0, 0, 0.336887671, -0.162708887, -0.195837744, 0.0319867743, 0.392170014, -0.919326763, -0.989379883, -0.117675781, -0.0845947266, -0.141388111, 0.912285182, 0.384386672, 0, 0, -0, 0, 0, 0, 0, 0.357604199, -0.109677246, -0.178454443, 0.108087424, -0.0577483945, -0.992410659, 0.280639648, -0.955810547, 0.0863037109, -0.953642739, -0.287886863, -0.0872453267, 0, 2, 5, 1, 
807.315026, 57, 0.1, 0.1, 0.00990848941, 0.384445994, -0.0199675228, 0.997551683, -2.09537229e-005, 0.0699331043, -0.0699331048, -2.28345622e-005, 0.997551683, -1.93055297e-005, -1, -2.42440148e-005, 0.997551651, -2.22406264e-005, 0.069933563, -0.0699335633, -1.26417303e-005, 0.997551651, -2.13020923e-005, -1, -1.41661452e-005, 0, -0, 0, 0, 0, 0, 0, 0.336887671, -0.162708887, -0.195837744, 0.0319867743, 0.392170014, -0.919326763, -0.989379883, -0.117675781, -0.0845947266, -0.141388111, 0.912285182, 0.384386672, 0, 0, -0, 0, 0, 0, 0, 0.357604199, -0.109677246, -0.178454443, 0.108087424, -0.0577483945, -0.992410659, 0.280639648, -0.955810547, 0.0863037109, -0.953642739, -0.287886863, -0.0872453267, 0, 2, 5, 1, 
807.315745, 57, 0.1, 0.1, 0.0099084915, 0.384445995, -0.0199655217, 0.997551854, 1.37780443e-005, 0.0699306618, -0.0699306621, 2.02657809e-005, 0.997551854, 1.23271142e-005, -1, 2.11796751e-005, 0.997551821, 2.62995986e-005, 0.0699311368, -0.0699311373, 2.02109444e-005, 0.997551821, 2.48218381e-005, -0.999999999, 2.20006253e-005, 0, -0, 0, 0, 0, 0, 0, 0.33682124, -0.162414282, -0.195691113, 0.026584084, 0.407099035, -0.912986125, -0.988891602, -0.122558594, -0.0834960937, -0.145846862, 0.905100572, 0.399449365, 0, 0, -0, 0, 0, 0, 0, 0.357365674, -0.109921973, -0.178631299, 0.104183617, -0.0568544738, -0.992940375, 0.28503418, -0.954711914, 0.0845947266, -0.952702876, -0.291720675, -0.0833732354, 0, 2, 5, 1, 
807.316442, 57, 0.1, 0.1, 0.00990848859, 0.384445993, -0.0199648854, 0.997552027, 1.2165211e-005, 0.0699282051, -0.069928205, -1.05038596e-005, 0.997552027, 1.2869947e-005, -1, -9.62745505e-006, 0.997551993, -1.03523477e-005, 0.0699286912, -0.0699286914, -2.14753061e-005, 0.997551992, -8.82526498e-006, -1, -2.21466605e-005, 0, -0, 0, 0, 0, 0, 0, 0.33682124, -0.162414282, -0.195691113, 0.026584084, 0.407099035, -0.912986125, -0.988891602, -0.122558594, -0.0834960937, -0.145846862, 0.905100572, 0.399449365, 0, 0, -0, 0, 0, 0, 0, 0.357365674, -0.109921973, -0.178631299, 0.104183617, -0.0568544738, -0.992940375, 0.28503418, -0.954711914, 0.0845947266, -0.952702876, -0.291720675, -0.0833732354, 0, 2, 5, 1, 
807.317135, 57, 0.1, 0.1, 0.00990848859, 0.384445996, -0.0199656786, 0.997552205, -2.43018729e-005, 0.0699256615, -0.0699256617, -7.73536822e-006, 0.997552205, -2.37014861e-005, -1, -9.41575817e-006, 0.997552169, -1.24687561e-005, 0.0699261781, -0.0699261779, 1.3016752e-005, 0.997552169, -1.33484464e-005, -1, 1.21129967e-005, 0, -0, 0, 0, 0, 0, 0, 0.33682124, -0.162414282, -0.195691113, 0.026584084, 0.407099035, -0.912986125, -0.988891602, -0.122558594, -0.0834960937, -0.145846862, 0.905100572, 0.399449365, 0, 0, -0, 0, 0, 0, 0, 0.357365674, -0.109921973, -0.178631299, 0.104183617, -0.0568544738, -0.992940375, 0.28503418, -0.954711914, 0.0845947266, -0.952702876, -0.291720675, -0.0833732354, 0, 2, 5, 1, 
807.317833, 57, 0.1, 0.1, 0.00990848822, 0.384445996, -0.0199675841, 0.997552389, 2.03015839e-005, 0.069923041, -0.0699230414, 1.95686194e-005, 0.997552389, 1.88835961e-005, -1, 2.09402715e-005, 0.997552352, 2.03566865e-005, 0.0699235679, -0.0699235681, 9.81029631e-006, 0.997552352, 1.96208896e-005, -1, 1.12096963e-005, 0, -0, 0, 0, 0, 0, 0, 0.33682124, -0.162414282, -0.195691113, 0.026584084, 0.407099035, -0.912986125, -0.988891602, -0.122558594, -0.0834960937, -0.145846862, 0.905100572, 0.399449365, 0, 0, -0, 0, 0, 0, 0, 0.357365674, -0.109921973, -0.178631299, 0.104183617, -0.0568544738, -0.992940375, 0.28503418, -0.954711914, 0.0845947266, -0.952702876, -0.291720675, -0.0833732354, 0, 2, 5, 1, 
