time, trialNum, realDorsalTactorPos, realVentralTactorPos, boxPosX, boxPosY, boxPosZ, boxLocalRot_11, boxLocalRot_12, boxLocalRot_13, boxLocalRot_21, boxLocalRot_22, boxLocalRot_23, boxLocalRot_31, boxLocalRot_32, boxLocalRot_33, boxGlobalRot_11, boxGlobalRot_12, boxGlobalRot_13, boxGlobalRot_21, boxGlobalRot_22, boxGlobalRot_23, boxGlobalRot_31, boxGlobalRot_32, boxGlobalRot_33, indexForceX, indexForceY, indexForceZ, indexForceGlobalX, indexForceGlobalY, indexForceGlobalZ, indexContact, indexPosX, indexPosY, indexPosZ, indexRot_11, indexRot_12, indexRot_13, indexRot_21, indexRot_22, indexRot_23, indexRot_31, indexRot_32, indexRot_33, thumbForceX, thumbForceY, thumbForceZ, thumbForceGlobalX, thumbForceGlobalY, thumbForceGlobalZ, thumbContact, thumbPosX, thumbPosY, thumbPosZ, thumbRot_11, thumbRot_12, thumbRot_13, thumbRot_21, thumbRot_22, thumbRot_23, thumbRot_31, thumbRot_32, thumbRot_33, manipForceTooHigh, cceExpType, mapping, trialSuccess, 
870.310923, 59, 0.1, 0.1, -0.0148797874, 0.348335443, -0.0199682147, 0.993551226, -4.71171102e-005, 0.113384122, 0.113384121, -9.93321538e-006, -0.993551227, 4.79395316e-005, 0.999999999, -4.52682617e-006, 0.993551233, -2.84941811e-005, 0.113384069, 0.113384069, -6.98077313e-006, -0.993551233, 2.91019373e-005, 1, -3.70496956e-006, 0, 0, 0, 0, 0, 0, 0, 0.351924683, -0.163626514, -0.179481689, -0.128176175, 0.392292086, -0.910849616, -0.981811523, -0.1796875, 0.0607910156, -0.139750443, 0.902131309, 0.408256778, 0, 0, -0, 0, 0, 0, 0, 0.363323975, -0.1086646, -0.144606006, 0.0151854085, 0.0954252466, -0.995248472, 0.906738281, -0.420654297, -0.0264892578, -0.421252585, -0.90207148, -0.0929442721, 0, 2, 5, 1, 
870.350529, 59, 0.1, 0.1, -0.0148798029, 0.348335467, -0.0199867241, 0.993560006, -4.27932486e-005, 0.113307161, 0.11330716, -3.45401781e-005, -0.993560006, 4.64313099e-005, 0.999999998, -2.94689581e-005, 0.993559965, -4.50923978e-005, 0.113307519, 0.113307517, -5.39353001e-005, -0.993559965, 5.09132763e-005, 0.999999998, -4.84786472e-005, 0, 0, 0, 0, 0, 0, 0, 0.352454419, -0.171504102, -0.178556738, -0.147897554, 0.386719775, -0.910158412, -0.977783203, -0.194946289, 0.0760498047, -0.147997342, 0.901283589, 0.407158567, 0, 0, -0, 0, 0, 0, 0, 0.360720752, -0.115702197, -0.1431375, -0.0380285336, 0.099433297, -0.994211261, 0.93347168, -0.351318359, -0.0708007812, -0.35639128, -0.930862982, -0.0794563014, 0, 2, 5, 1, 
870.351221, 59, 0.1, 0.1, -0.0148798026, 0.348335462, -0.0199779679, 0.993560224, 3.67382123e-005, 0.113305251, 0.113305249, 5.84472361e-005, -0.993560223, -4.31240052e-005, 0.999999998, 5.39082167e-005, 0.993560178, 1.94873861e-005, 0.113305656, 0.113305655, 5.32032448e-005, -0.993560177, -2.53901193e-005, 0.999999998, 5.06525944e-005, 0, 0, 0, 0, 0, 0, 0, 0.352454419, -0.171504102, -0.178556738, -0.147897554, 0.386719775, -0.910158412, -0.977783203, -0.194946289, 0.0760498047, -0.147997342, 0.901283589, 0.407158567, 0, 0, -0, 0, 0, 0, 0, 0.360720752, -0.115702197, -0.1431375, -0.0380285336, 0.099433297, -0.994211261, 0.93347168, -0.351318359, -0.0708007812, -0.35639128, -0.930862982, -0.0794563014, 0, 2, 5, 1, 
870.351932, 59, 0.1, 0.1, -0.0148798088, 0.34833546, -0.0199673703, 0.993560474, -2.9480599e-006, 0.113303062, 0.113303061, -3.68358872e-005, -0.993560474, 7.10269458e-006, 0.999999999, -3.62646573e-005, 0.993560422, 2.43517674e-005, 0.113303517, 0.113303518, -1.53121649e-005, -0.993560422, -2.24600302e-005, 1, -1.7972702e-005, 0, 0, 0, 0, 0, 0, 0, 0.352454419, -0.171504102, -0.178556738, -0.147897554, 0.386719775, -0.910158412, -0.977783203, -0.194946289, 0.0760498047, -0.147997342, 0.901283589, 0.407158567, 0, 0, -0, 0, 0, 0, 0, 0.360720752, -0.115702197, -0.1431375, -0.0380285336, 0.099433297, -0.994211261, 0.93347168, -0.351318359, -0.0708007812, -0.35639128, -0.930862982, -0.0794563014, 0, 2, 5, 1, 
870.352627, 59, 0.1, 0.1, -0.0148798063, 0.348335464, -0.019958618, 0.993560738, 2.05951841e-005, 0.113300745, 0.113300744, 3.00553172e-005, -0.993560738, -2.38678561e-005, 0.999999999, 2.75283335e-005, 0.993560684, -7.36666414e-006, 0.113301222, 0.113301222, 1.15649743e-005, -0.993560684, 6.00890215e-006, 1, 1.23251558e-005, 0, 0, 0, 0, 0, 0, 0, 0.352454419, -0.171504102, -0.178556738, -0.147897554, 0.386719775, -0.910158412, -0.977783203, -0.194946289, 0.0760498047, -0.147997342, 0.901283589, 0.407158567, 0, 0, -0, 0, 0, 0, 0, 0.360720752, -0.115702197, -0.1431375, -0.0380285336, 0.099433297, -0.994211261, 0.93347168, -0.351318359, -0.0708007812, -0.35639128, -0.930862982, -0.0794563014, 0, 2, 5, 1, 
870.353337, 59, 0.1, 0.1, -0.0148798096, 0.348335464, -0.0199537704, 0.993561031, -1.29845619e-005, 0.113298178, 0.113298177, -1.52178149e-005, -0.993561031, 1.46251054e-005, 1, -1.36487007e-005, 0.993560968, 5.50612631e-007, 0.113298736, 0.113298736, -1.87653735e-005, -0.993560967, 1.57902588e-006, 1, -1.87069264e-005, 0, 0, 0, 0, 0, 0, 0, 0.352922754, -0.172330566, -0.17752561, -0.147384205, 0.383579031, -0.911638544, -0.977661133, -0.195800781, 0.0756835938, -0.149438159, 0.902522586, 0.404056014, 0, 0, -0, 0, 0, 0, 0, 0.360720752, -0.115702197, -0.1431375, -0.0427241834, 0.0984938005, -0.994185375, 0.934814453, -0.347167969, -0.0745849609, -0.352588818, -0.932434639, -0.0773669546, 0, 2, 5, 1, 
870.354033, 59, 0.1, 0.1, -0.0148798092, 0.348335465, -0.019953736, 0.993561329, -5.50125035e-008, 0.113295564, 0.113295564, -8.58446007e-006, -0.993561329, 1.02723954e-006, 1, -8.52295489e-006, 0.993561272, -3.88191051e-006, 0.113296065, 0.113296065, 1.62614681e-006, -0.993561272, 3.67267991e-006, 1, 2.05548167e-006, 0, 0, 0, 0, 0, 0, 0, 0.352922754, -0.172330566, -0.17752561, -0.147384205, 0.383579031, -0.911638544, -0.977661133, -0.195800781, 0.0756835938, -0.149438159, 0.902522586, 0.404056014, 0, 0, -0, 0, 0, 0, 0, 0.360266797, -0.116690381, -0.142645361, -0.0427241834, 0.0984938005, -0.994185375, 0.934814453, -0.347167969, -0.0745849609, -0.352588818, -0.932434639, -0.0773669546, 0, 2, 5, 1, 
870.354723, 59, 0.1, 0.1, -0.0148798084, 0.348335465, -0.0199584099, 0.993561566, -2.81979942e-005, 0.113293485, 0.113293485, -1.97479312e-005, -0.993561566, 3.02537552e-005, 0.999999999, -1.64261364e-005, 0.993561526, -2.04887513e-005, 0.113293834, 0.113293834, 3.40050518e-006, -0.993561527, 1.99715787e-005, 1, 5.6998603e-006, 0, 0, 0, 0, 0, 0, 0, 0.352922754, -0.172330566, -0.17752561, -0.147384205, 0.383579031, -0.911638544, -0.977661133, -0.195800781, 0.0756835938, -0.149438159, 0.902522586, 0.404056014, 0, 0, -0, 0, 0, 0, 0, 0.360266797, -0.116690381, -0.142645361, -0.0427241834, 0.0984938005, -0.994185375, 0.934814453, -0.347167969, -0.0745849609, -0.352588818, -0.932434639, -0.0773669546, 0, 2, 5, 1, 
870.355412, 59, 0.1, 0.1, -0.0148798092, 0.348335466, -0.0199660126, 0.993561726, 2.4724488e-005, 0.113292081, 0.11329208, 3.25536417e-005, -0.993561726, -2.82533748e-005, 0.999999999, 2.95429637e-005, 0.9935617, 2.41661683e-005, 0.113292307, 0.113292306, 1.91275603e-005, -0.993561701, -2.61775847e-005, 1, 1.62665704e-005, 0, 0, 0, 0, 0, 0, 0, 0.352922754, -0.172330566, -0.17752561, -0.147384205, 0.383579031, -0.911638544, -0.977661133, -0.195800781, 0.0756835938, -0.149438159, 0.902522586, 0.404056014, 0, 0, -0, 0, 0, 0, 0, 0.360266797, -0.116690381, -0.142645361, -0.0427241834, 0.0984938005, -0.994185375, 0.934814453, -0.347167969, -0.0745849609, -0.352588818, -0.932434639, -0.0773669546, 0, 2, 5, 1, 
870.356116, 59, 0.1, 0.1, -0.0148798058, 0.348335467, -0.0199740841, 0.993561827, -3.82373477e-005, 0.113291192, 0.113291191, -3.82767294e-005, -0.993561827, 4.23275854e-005, 0.999999999, -3.36983425e-005, 0.993561813, -3.45142774e-005, 0.113291319, 0.113291318, -2.25678388e-005, -0.993561813, 3.68488083e-005, 0.999999999, -1.85123748e-005, 0, 0, 0, 0, 0, 0, 0, 0.352922754, -0.172330566, -0.17752561, -0.147384205, 0.383579031, -0.911638544, -0.977661133, -0.195800781, 0.0756835938, -0.149438159, 0.902522586, 0.404056014, 0, 0, -0, 0, 0, 0, 0, 0.359781348, -0.117688574, -0.142138086, -0.0479181993, 0.0974456622, -0.994089126, 0.935913086, -0.343139648, -0.0787353516, -0.348715993, -0.934140458, -0.0747792416, 0, 2, 5, 1, 
870.356808, 59, 0.1, 0.1, -0.0148798042, 0.348335473, -0.019979983, 0.993561878, 2.2210126e-005, 0.113290746, 0.113290746, 7.22345357e-006, -0.993561879, -2.28854849e-005, 1, 4.66074635e-006, 0.993561873, 1.00089061e-005, 0.113290794, 0.113290794, -1.53533688e-005, -0.993561873, -8.20507211e-006, 1, -1.63884388e-005, 0, 0, 0, 0, 0, 0, 0, 0.352922754, -0.172330566, -0.17752561, -0.147384205, 0.383579031, -0.911638544, -0.977661133, -0.195800781, 0.0756835938, -0.149438159, 0.902522586, 0.404056014, 0, 0, -0, 0, 0, 0, 0, 0.359781348, -0.117688574, -0.142138086, -0.0479181993, 0.0974456622, -0.994089126, 0.935913086, -0.343139648, -0.0787353516, -0.348715993, -0.934140458, -0.0747792416, 0, 2, 5, 1, 
870.357499, 59, 0.1, 0.1, -0.0148798079, 0.348335468, -0.0199825449, 0.993561893, 2.76075448e-007, 0.113290621, 0.113290621, 1.68744364e-005, -0.993561893, -2.18601342e-006, 1, 1.67345202e-005, 0.993561892, 1.41981695e-005, 0.113290633, 0.113290633, 2.81684243e-005, -0.993561891, -1.72979788e-005, 1, 2.63785533e-005, 0, 0, 0, 0, 0, 0, 0, 0.352922754, -0.172330566, -0.17752561, -0.147384205, 0.383579031, -0.911638544, -0.977661133, -0.195800781, 0.0756835938, -0.149438159, 0.902522586, 0.404056014, 0, 0, -0, 0, 0, 0, 0, 0.359781348, -0.117688574, -0.142138086, -0.0479181993, 0.0974456622, -0.994089126, 0.935913086, -0.343139648, -0.0787353516, -0.348715993, -0.934140458, -0.0747792416, 0, 2, 5, 1, 
870.3582, 59, 0.1, 0.1, -0.0148798023, 0.348335475, -0.0199811849, 0.993561878, -2.58404893e-005, 0.113290753, 0.113290752, -4.12810104e-005, -0.993561877, 3.03508818e-005, 0.999999999, -3.80877498e-005, 0.993561883, -3.22400856e-005, 0.113290706, 0.113290705, -4.17796017e-005, -0.993561883, 3.67657607e-005, 0.999999999, -3.78581177e-005, 0, 0, 0, 0, 0, 0, 0, 0.352922754, -0.172330566, -0.17752561, -0.147230316, 0.379404476, -0.913449299, -0.978149414, -0.192260742, 0.0777587891, -0.146125551, 0.905037649, 0.399646316, 0, 0, -0, 0, 0, 0, 0, 0.359781348, -0.117688574, -0.142138086, -0.0479181993, 0.0974456622, -0.994089126, 0.935913086, -0.343139648, -0.0787353516, -0.348715993, -0.934140458, -0.0747792416, 0, 2, 5, 1, 
870.358891, 59, 0.1, 0.1, -0.0148798054, 0.348335475, -0.0199765212, 0.99356185, 4.07857484e-005, 0.11329099, 0.113290989, 2.40999059e-005, -0.993561851, -4.32534659e-005, 0.999999999, 1.93240894e-005, 0.993561855, 3.49911403e-005, 0.113290946, 0.113290945, 1.85587671e-005, -0.993561856, -3.68684026e-005, 0.999999999, 1.44751037e-005, 0, 0, 0, 0, 0, 0, 0, 0.352270972, -0.174322192, -0.176292114, -0.147230316, 0.379404476, -0.913449299, -0.978149414, -0.192260742, 0.0777587891, -0.146125551, 0.905037649, 0.399646316, 0, 0, -0, 0, 0, 0, 0, 0.359781348, -0.117688574, -0.142138086, -0.0479181993, 0.0974456622, -0.994089126, 0.935913086, -0.343139648, -0.0787353516, -0.348715993, -0.934140458, -0.0747792416, 0, 2, 5, 1, 
870.359584, 59, 0.1, 0.1, -0.0148798066, 0.348335477, -0.0199702437, 0.993561836, -3.17714083e-005, 0.113291113, 0.113291112, -2.26366829e-005, -0.993561837, 3.41313938e-005, 0.999999999, -1.88915261e-005, 0.993561835, -1.46241353e-005, 0.113291124, 0.113291124, -2.21548318e-005, -0.993561835, 1.70399285e-005, 1, -2.03554106e-005, 0, 0, 0, 0, 0, 0, 0, 0.352270972, -0.174322192, -0.176292114, -0.147230316, 0.379404476, -0.913449299, -0.978149414, -0.192260742, 0.0777587891, -0.146125551, 0.905037649, 0.399646316, 0, 0, -0, 0, 0, 0, 0, 0.359781348, -0.117688574, -0.142138086, -0.0479181993, 0.0974456622, -0.994089126, 0.935913086, -0.343139648, -0.0787353516, -0.348715993, -0.934140458, -0.0747792416, 0, 2, 5, 1, 
870.360271, 59, 0.1, 0.1, -0.0148798035, 0.348335476, -0.0199643209, 0.993561874, 1.79733016e-005, 0.113290789, 0.113290789, 6.67930882e-006, -0.993561874, -1.86142914e-005, 1, 4.60009707e-006, 0.993561862, 3.19840461e-006, 0.113290896, 0.113290896, 1.85286597e-005, -0.993561862, -5.27694129e-006, 1, 1.80470195e-005, 0, 0, 0, 0, 0, 0, 0, 0.352270972, -0.174322192, -0.176292114, -0.147230316, 0.379404476, -0.913449299, -0.978149414, -0.192260742, 0.0777587891, -0.146125551, 0.905037649, 0.399646316, 0, 0, -0, 0, 0, 0, 0, 0.359781348, -0.117688574, -0.142138086, -0.0479181993, 0.0974456622, -0.994089126, 0.935913086, -0.343139648, -0.0787353516, -0.348715993, -0.934140458, -0.0747792416, 0, 2, 5, 1, 
870.360996, 59, 0.1, 0.1, -0.0148798028, 0.348335481, -0.0199599196, 0.993561973, -1.87221408e-005, 0.113289914, 0.113289914, 8.55652218e-006, -0.993561974, 1.76322395e-005, 1, 1.06224648e-005, 0.993561951, -2.05206772e-005, 0.113290112, 0.113290112, -1.74112005e-005, -0.993561951, 2.23610809e-005, 1, -1.49743165e-005, 0, 0, 0, 0, 0, 0, 0, 0.35156084, -0.176074951, -0.175927905, -0.148243908, 0.375553432, -0.914821967, -0.978515625, -0.188964844, 0.0810546875, -0.142380847, 0.90725429, 0.3956616, 0, 0, -0, 0, 0, 0, 0, 0.35950083, -0.118685059, -0.142070703, -0.0533422586, 0.0963847641, -0.993858716, 0.937133789, -0.338989258, -0.0831298828, -0.34499009, -0.935724876, -0.0723001703, 0, 2, 5, 1, 
870.361687, 59, 0.1, 0.1, -0.0148798082, 0.34833548, -0.0199587733, 0.993562124, 3.27294523e-005, 0.113288588, 0.113288589, -2.437275e-005, -0.993562124, -2.97575897e-005, 0.999999999, -2.79237147e-005, 0.993562089, 4.44652865e-005, 0.11328889, 0.113288891, -1.12672158e-005, -0.99356209, -4.29025726e-005, 0.999999999, -1.62321015e-005, 0, 0, 0, 0, 0, 0, 0, 0.35156084, -0.176074951, -0.175927905, -0.148243908, 0.375553432, -0.914821967, -0.978515625, -0.188964844, 0.0810546875, -0.142380847, 0.90725429, 0.3956616, 0, 0, -0, 0, 0, 0, 0, 0.35950083, -0.118685059, -0.142070703, -0.0533422586, 0.0963847641, -0.993858716, 0.937133789, -0.338989258, -0.0831298828, -0.34499009, -0.935724876, -0.0723001703, 0, 2, 5, 1, 
870.362375, 59, 0.1, 0.1, -0.0148798, 0.348335481, -0.0199609383, 0.993562321, -6.09170668e-005, 0.113286853, 0.113286855, 2.01571472e-005, -0.993562322, 5.82413625e-005, 0.999999998, 2.69284849e-005, 0.99356228, -6.59076566e-005, 0.11328721, 0.113287211, 1.87922934e-005, -0.993562282, 6.33544351e-005, 0.999999998, 2.61378085e-005, 0, 0, 0, 0, 0, 0, 0, 0.35156084, -0.176074951, -0.175927905, -0.148243908, 0.375553432, -0.914821967, -0.978515625, -0.188964844, 0.0810546875, -0.142380847, 0.90725429, 0.3956616, 0, 0, -0, 0, 0, 0, 0, 0.35950083, -0.118685059, -0.142070703, -0.0533422586, 0.0963847641, -0.993858716, 0.937133789, -0.338989258, -0.0831298828, -0.34499009, -0.935724876, -0.0723001703, 0, 2, 5, 1, 
870.363069, 59, 0.1, 0.1, -0.0148798039, 0.348335482, -0.0199655641, 0.993562494, 6.82446981e-005, 0.113285325, 0.113285325, 4.93397105e-006, -0.993562497, -6.83643191e-005, 0.999999998, -2.82891423e-006, 0.993562469, 5.6293826e-005, 0.113285556, 0.113285557, -7.74018682e-006, -0.99356247, -5.50545815e-005, 0.999999998, -1.40676366e-005, 0, 0, 0, 0, 0, 0, 0, 0.35156084, -0.176074951, -0.175927905, -0.148243908, 0.375553432, -0.914821967, -0.978515625, -0.188964844, 0.0810546875, -0.142380847, 0.90725429, 0.3956616, 0, 0, -0, 0, 0, 0, 0, 0.35950083, -0.118685059, -0.142070703, -0.0533422586, 0.0963847641, -0.993858716, 0.937133789, -0.338989258, -0.0831298828, -0.34499009, -0.935724876, -0.0723001703, 0, 2, 5, 1, 
870.363768, 59, 0.1, 0.1, -0.0148798095, 0.348335478, -0.0199711834, 0.993562588, -2.59786749e-005, 0.11328452, 0.11328452, -3.78810474e-007, -0.993562589, 2.58543528e-005, 1, 2.56660981e-006, 0.993562576, 8.23309082e-006, 0.113284632, 0.113284632, 2.13307204e-005, -0.993562576, -1.05965337e-005, 1, 2.02607228e-005, 0, 0, 0, 0, 0, 0, 0, 0.35156084, -0.176074951, -0.175927905, -0.148243908, 0.375553432, -0.914821967, -0.978515625, -0.188964844, 0.0810546875, -0.142380847, 0.90725429, 0.3956616, 0, 0, -0, 0, 0, 0, 0, 0.35950083, -0.118685059, -0.142070703, -0.0533422586, 0.0963847641, -0.993858716, 0.937133789, -0.338989258, -0.0831298828, -0.34499009, -0.935724876, -0.0723001703, 0, 2, 5, 1, 
870.364456, 59, 0.1, 0.1, -0.0148797978, 0.348335487, -0.0199759867, 0.993562617, -5.27631254e-005, 0.113284262, 0.113284259, -4.5896877e-005, -0.993562617, 5.76228628e-005, 0.999999998, -3.96241897e-005, 0.993562611, -6.41902616e-005, 0.113284305, 0.113284301, -5.43079281e-005, -0.993562612, 6.99292799e-005, 0.999999996, -4.6686578e-005, 0, 0, 0, 0, 0, 0, 0, 0.35156084, -0.176074951, -0.175927905, -0.148243908, 0.375553432, -0.914821967, -0.978515625, -0.188964844, 0.0810546875, -0.142380847, 0.90725429, 0.3956616, 0, 0, -0, 0, 0, 0, 0, 0.35950083, -0.118685059, -0.142070703, -0.0533422586, 0.0963847641, -0.993858716, 0.937133789, -0.338989258, -0.0831298828, -0.34499009, -0.935724876, -0.0723001703, 0, 2, 5, 1, 
870.365145, 59, 0.1, 0.1, -0.0148798007, 0.348335484, -0.0199787267, 0.993562632, 5.67741112e-005, 0.113284126, 0.113284123, 5.71523617e-005, -0.993562632, -6.28830907e-005, 0.999999997, 5.03528455e-005, 0.993562629, 4.1986665e-005, 0.113284155, 0.113284153, 4.37379816e-005, -0.99356263, -4.66712015e-005, 0.999999998, 3.87000002e-005, 0, 0, 0, 0, 0, 0, 0, 0.35156084, -0.176074951, -0.175927905, -0.148243908, 0.375553432, -0.914821967, -0.978515625, -0.188964844, 0.0810546875, -0.142380847, 0.90725429, 0.3956616, 0, 0, -0, 0, 0, 0, 0, 0.35950083, -0.118685059, -0.142070703, -0.0533422586, 0.0963847641, -0.993858716, 0.937133789, -0.338989258, -0.0831298828, -0.34499009, -0.935724876, -0.0723001703, 0, 2, 5, 1, 
870.365863, 59, 0.1, 0.1, -0.0148798106, 0.348335476, -0.0199784836, 0.99356265, 2.01603089e-005, 0.113283979, 0.113283979, 1.3651063e-005, -0.99356265, -2.15769767e-005, 1, 1.12793463e-005, 0.993562647, 4.0569967e-005, 0.113284002, 0.113284, 3.57853774e-005, -0.993562647, -4.43627146e-005, 0.999999999, 3.09590861e-005, 0, 0, 0, 0, 0, 0, 0, 0.351940063, -0.177356079, -0.175101709, -0.149639421, 0.37222884, -0.915940397, -0.978515625, -0.187866211, 0.0834960938, -0.141047493, 0.908893181, 0.39250176, 0, 0, -0, 0, 0, 0, 0, 0.359256689, -0.119942871, -0.141558301, -0.0581210305, 0.0946913383, -0.993800747, 0.937988281, -0.335449219, -0.0866699219, -0.341564593, -0.937130289, -0.0693482525, 0, 2, 5, 1, 
870.366559, 59, 0.1, 0.1, -0.0148798043, 0.348335484, -0.0199756038, 0.993562663, -4.03583841e-005, 0.113283858, 0.113283856, -4.36880578e-005, -0.993562663, 4.50477353e-005, 0.999999998, -3.88348697e-005, 0.99356266, -4.36779628e-005, 0.113283887, 0.113283885, -4.987652e-005, -0.99356266, 4.90469989e-005, 0.999999998, -4.46074386e-005, 0, 0, 0, 0, 0, 0, 0, 0.351940063, -0.177356079, -0.175101709, -0.149639421, 0.37222884, -0.915940397, -0.978515625, -0.187866211, 0.0834960938, -0.141047493, 0.908893181, 0.39250176, 0, 0, -0, 0, 0, 0, 0, 0.359256689, -0.119942871, -0.141558301, -0.0581210305, 0.0946913383, -0.993800747, 0.937988281, -0.335449219, -0.0866699219, -0.341564593, -0.937130289, -0.0693482525, 0, 2, 5, 1, 
870.367245, 59, 0.1, 0.1, -0.0148798058, 0.348335481, -0.0199712747, 0.993562679, 3.90911684e-005, 0.113283722, 0.11328372, 5.27179775e-005, -0.993562678, -4.48116147e-005, 0.999999998, 4.7950222e-005, 0.993562676, 3.05610954e-005, 0.113283749, 0.113283748, 4.41705076e-005, -0.993562676, -3.53681644e-005, 0.999999999, 4.04240923e-005, 0, 0, 0, 0, 0, 0, 0, 0.351940063, -0.177356079, -0.175101709, -0.149639421, 0.37222884, -0.915940397, -0.978515625, -0.187866211, 0.0834960938, -0.141047493, 0.908893181, 0.39250176, 0, 0, -0, 0, 0, 0, 0, 0.359256689, -0.119942871, -0.141558301, -0.0581210305, 0.0946913383, -0.993800747, 0.937988281, -0.335449219, -0.0866699219, -0.341564593, -0.937130289, -0.0693482525, 0, 2, 5, 1, 
870.367931, 59, 0.1, 0.1, -0.0148798078, 0.34833548, -0.0199668657, 0.993562698, -2.48637335e-005, 0.113283555, 0.113283553, -4.34869284e-005, -0.993562698, 2.9630032e-005, 0.999999999, -4.03903379e-005, 0.993562695, -9.59492055e-006, 0.113283587, 0.113283587, -2.23576268e-005, -0.993562695, 1.20659073e-005, 1, -2.11267569e-005, 0, 0, 0, 0, 0, 0, 0, 0.351940063, -0.177356079, -0.175101709, -0.149639421, 0.37222884, -0.915940397, -0.978515625, -0.187866211, 0.0834960938, -0.141047493, 0.908893181, 0.39250176, 0, 0, -0, 0, 0, 0, 0, 0.359256689, -0.119942871, -0.141558301, -0.0581210305, 0.0946913383, -0.993800747, 0.937988281, -0.335449219, -0.0866699219, -0.341564593, -0.937130289, -0.0693482525, 0, 2, 5, 1, 
870.368623, 59, 0.1, 0.1, -0.0148798056, 0.348335485, -0.0199636347, 0.993562712, 1.47974919e-005, 0.113283437, 0.113283436, 3.79775813e-005, -0.993562711, -1.90044671e-005, 0.999999999, 3.60567979e-005, 0.993562714, 6.70751038e-006, 0.113283422, 0.113283422, 2.28821249e-007, -0.993562714, -6.69025387e-006, 1, -5.32501471e-007, 0, 0, 0, 0, 0, 0, 0, 0.351940063, -0.177356079, -0.175101709, -0.149639421, 0.37222884, -0.915940397, -0.978515625, -0.187866211, 0.0834960938, -0.141047493, 0.908893181, 0.39250176, 0, 0, -0, 0, 0, 0, 0, 0.359256689, -0.119942871, -0.141558301, -0.0581210305, 0.0946913383, -0.993800747, 0.937988281, -0.335449219, -0.0866699219, -0.341564593, -0.937130289, -0.0693482525, 0, 2, 5, 1, 
870.369308, 59, 0.1, 0.1, -0.0148798038, 0.348335475, -0.0199624976, 0.993562671, -1.80614008e-005, 0.113283793, 0.113283794, 2.09621066e-005, -0.993562671, 1.55704667e-005, 1, 2.28732307e-005, 0.993562684, -2.42000312e-005, 0.113283682, 0.113283683, 4.77635013e-005, -0.993562683, 1.86334226e-005, 0.999999999, 5.01975012e-005, 0, 0, 0, 0, 0, 0, 0, 0.351940063, -0.177356079, -0.175101709, -0.149639421, 0.37222884, -0.915940397, -0.978515625, -0.187866211, 0.0834960938, -0.141047493, 0.908893181, 0.39250176, 0, 0, -0, 0, 0, 0, 0, 0.359256689, -0.119942871, -0.141558301, -0.0581210305, 0.0946913383, -0.993800747, 0.937988281, -0.335449219, -0.0866699219, -0.341564593, -0.937130289, -0.0693482525, 0, 2, 5, 1, 
870.369998, 59, 0.1, 0.1, -0.0148798095, 0.348335483, -0.0199636066, 0.993562576, 3.29424074e-005, 0.113284622, 0.113284623, -3.60789409e-005, -0.993562576, -2.86431539e-005, 0.999999999, -3.95785537e-005, 0.993562595, 4.40867383e-005, 0.113284452, 0.113284454, -4.7978979e-005, -0.993562595, -3.83676617e-005, 0.999999998, -5.2664461e-005, 0, 0, 0, 0, 0, 0, 0, 0.351940063, -0.177356079, -0.175101709, -0.149639421, 0.37222884, -0.915940397, -0.978515625, -0.187866211, 0.0834960938, -0.141047493, 0.908893181, 0.39250176, 0, 0, -0, 0, 0, 0, 0, 0.359256689, -0.119942871, -0.141558301, -0.0581210305, 0.0946913383, -0.993800747, 0.937988281, -0.335449219, -0.0866699219, -0.341564593, -0.937130289, -0.0693482525, 0, 2, 5, 1, 
870.370711, 59, 0.1, 0.1, -0.0148798022, 0.348335477, -0.0199662999, 0.99356248, -5.36277416e-005, 0.113285457, 0.11328546, 4.9805639e-005, -0.99356248, 4.76402573e-005, 0.999999997, 5.55602576e-005, 0.993562497, -5.71544579e-005, 0.113285311, 0.113285314, 5.10803142e-005, -0.993562497, 5.09998766e-005, 0.999999997, 5.72262452e-005, 0, 0, 0, 0, 0, 0, 0, 0.352660059, -0.178422754, -0.174930347, -0.153078588, 0.36874549, -0.916779499, -0.978149414, -0.188110352, 0.0876464844, -0.140132006, 0.910310033, 0.389544862, 0, 0, -0, 0, 0, 0, 0, 0.35940459, -0.120792529, -0.141467236, -0.0639603339, 0.0925505857, -0.993563774, 0.939208984, -0.331054688, -0.0911865234, -0.337391362, -0.938950946, -0.065763807, 0, 2, 5, 1, 
870.371392, 59, 0.1, 0.1, -0.0148798045, 0.348335479, -0.0199697565, 0.993562403, 5.32972183e-005, 0.113286138, 0.11328614, -4.01590604e-005, -0.993562403, -4.84046475e-005, 0.999999998, -4.59383687e-005, 0.993562418, 4.25668132e-005, 0.113286012, 0.113286013, -2.94740809e-005, -0.993562418, -3.89537848e-005, 0.999999999, -3.41065636e-005, 0, 0, 0, 0, 0, 0, 0, 0.352660059, -0.178422754, -0.174930347, -0.153078588, 0.36874549, -0.916779499, -0.978149414, -0.188110352, 0.0876464844, -0.140132006, 0.910310033, 0.389544862, 0, 0, -0, 0, 0, 0, 0, 0.35940459, -0.120792529, -0.141467236, -0.0639603339, 0.0925505857, -0.993563774, 0.939208984, -0.331054688, -0.0911865234, -0.337391362, -0.938950946, -0.065763807, 0, 2, 5, 1, 
870.372079, 59, 0.1, 0.1, -0.014879808, 0.348335482, -0.0199731021, 0.993562345, -2.35609915e-005, 0.113286657, 0.113286658, 2.88618768e-005, -0.993562344, 2.01396484e-005, 0.999999999, 3.134522e-005, 0.993562352, -4.3796575e-006, 0.113286598, 0.113286598, -6.92060393e-007, -0.993562352, 4.42986397e-006, 1, -1.91448653e-007, 0, 0, 0, 0, 0, 0, 0, 0.352660059, -0.178422754, -0.174930347, -0.153078588, 0.36874549, -0.916779499, -0.978149414, -0.188110352, 0.0876464844, -0.140132006, 0.910310033, 0.389544862, 0, 0, -0, 0, 0, 0, 0, 0.35940459, -0.120792529, -0.141467236, -0.0639603339, 0.0925505857, -0.993563774, 0.939208984, -0.331054688, -0.0911865234, -0.337391362, -0.938950946, -0.065763807, 0, 2, 5, 1, 
870.372781, 59, 0.1, 0.1, -0.0148798042, 0.348335472, -0.0199753678, 0.993562331, 1.27983587e-005, 0.113286775, 0.113286774, 4.7320825e-005, -0.993562331, -1.80767907e-005, 0.999999999, 4.55663044e-005, 0.993562332, -1.21060124e-005, 0.113286767, 0.113286768, 6.0965492e-005, -0.99356233, 5.12149442e-006, 0.999999998, 6.19444674e-005, 0, 0, 0, 0, 0, 0, 0, 0.352660059, -0.178422754, -0.174930347, -0.15550791, 0.367051554, -0.917110122, -0.978149414, -0.186401367, 0.0911865234, -0.137522584, 0.911319878, 0.388237716, 0, 0, -0, 0, 0, 0, 0, 0.35940459, -0.120792529, -0.141467236, -0.0639603339, 0.0925505857, -0.993563774, 0.939208984, -0.331054688, -0.0911865234, -0.337391362, -0.938950946, -0.065763807, 0, 2, 5, 1, 
870.373486, 59, 0.1, 0.1, -0.0148798094, 0.348335476, -0.0199756487, 0.993562379, 6.74881521e-006, 0.113286357, 0.113286357, -4.32340958e-005, -0.993562378, -1.80753567e-006, 0.999999999, -4.37203198e-005, 0.993562364, 2.53375068e-005, 0.113286486, 0.113286487, -3.77224411e-005, -0.993562364, -2.09009504e-005, 0.999999999, -4.03499949e-005, 0, 0, 0, 0, 0, 0, 0, 0.35276709, -0.179399219, -0.174281494, -0.15550791, 0.367051554, -0.917110122, -0.978149414, -0.186401367, 0.0911865234, -0.137522584, 0.911319878, 0.388237716, 0, 0, -0, 0, 0, 0, 0, 0.359155566, -0.121613867, -0.140723291, -0.068886027, 0.0907485181, -0.993384403, 0.940185547, -0.327148438, -0.0949707031, -0.333735822, -0.940490521, -0.0627991293, 0, 2, 5, 1, 
870.374173, 59, 0.1, 0.1, -0.0148798019, 0.348335477, -0.0199742408, 0.993562484, -3.89723801e-005, 0.113285429, 0.113285431, 3.48583879e-005, -0.993562484, 3.47725474e-005, 0.999999999, 3.90489893e-005, 0.993562458, -4.7307386e-005, 0.113285656, 0.113285656, 1.61108228e-005, -0.993562459, 4.51777176e-005, 0.999999999, 2.13663569e-005, 0, 0, 0, 0, 0, 0, 0, 0.35276709, -0.179399219, -0.174281494, -0.15550791, 0.367051554, -0.917110122, -0.978149414, -0.186401367, 0.0911865234, -0.137522584, 0.911319878, 0.388237716, 0, 0, -0, 0, 0, 0, 0, 0.359155566, -0.121613867, -0.140723291, -0.068886027, 0.0907485181, -0.993384403, 0.940185547, -0.327148438, -0.0949707031, -0.333735822, -0.940490521, -0.0627991293, 0, 2, 5, 1, 
870.374861, 59, 0.1, 0.1, -0.0148798041, 0.348335472, -0.0199717269, 0.993562646, 2.92006654e-005, 0.113284015, 0.113284016, -6.85608855e-006, -0.993562646, -2.82360052e-005, 1, -1.01199221e-005, 0.993562609, 2.90678356e-005, 0.113284333, 0.113284333, 2.01927983e-005, -0.99356261, -3.11682423e-005, 0.999999999, 1.6769879e-005, 0, 0, 0, 0, 0, 0, 0, 0.35276709, -0.179399219, -0.174281494, -0.15550791, 0.367051554, -0.917110122, -0.978149414, -0.186401367, 0.0911865234, -0.137522584, 0.911319878, 0.388237716, 0, 0, -0, 0, 0, 0, 0, 0.359155566, -0.121613867, -0.140723291, -0.068886027, 0.0907485181, -0.993384403, 0.940185547, -0.327148438, -0.0949707031, -0.333735822, -0.940490521, -0.0627991293, 0, 2, 5, 1, 
870.375555, 59, 0.1, 0.1, -0.0148798036, 0.348335477, -0.019968878, 0.993562851, -6.48649352e-006, 0.113282222, 0.113282222, 5.69451939e-006, -0.993562851, 5.79965119e-006, 1, 6.39266731e-006, 0.993562806, -1.30956113e-005, 0.113282615, 0.113282614, -1.92074789e-005, -0.993562806, 1.51871857e-005, 1, -1.76003315e-005, 0, 0, 0, 0, 0, 0, 0, 0.35276709, -0.179399219, -0.174281494, -0.15550791, 0.367051554, -0.917110122, -0.978149414, -0.186401367, 0.0911865234, -0.137522584, 0.911319878, 0.388237716, 0, 0, -0, 0, 0, 0, 0, 0.359155566, -0.121613867, -0.140723291, -0.068886027, 0.0907485181, -0.993384403, 0.940185547, -0.327148438, -0.0949707031, -0.333735822, -0.940490521, -0.0627991293, 0, 2, 5, 1, 
870.376237, 59, 0.1, 0.1, -0.0148798046, 0.348335477, -0.0199665195, 0.993563067, -1.78938738e-005, 0.113280321, 0.113280321, -1.75451996e-005, -0.993563067, 1.9766218e-005, 1, -1.54052386e-005, 0.993563023, 3.91254419e-006, 0.113280707, 0.113280707, -7.71611697e-006, -0.993563023, -3.01327205e-006, 1, -8.10966428e-006, 0, 0, 0, 0, 0, 0, 0, 0.35276709, -0.179399219, -0.174281494, -0.15550791, 0.367051554, -0.917110122, -0.978149414, -0.186401367, 0.0911865234, -0.137522584, 0.911319878, 0.388237716, 0, 0, -0, 0, 0, 0, 0, 0.359155566, -0.121613867, -0.140723291, -0.068886027, 0.0907485181, -0.993384403, 0.940185547, -0.327148438, -0.0949707031, -0.333735822, -0.940490521, -0.0627991293, 0, 2, 5, 1, 
870.376923, 59, 0.1, 0.1, -0.0148798018, 0.348335478, -0.0199653501, 0.993563293, 1.09888404e-005, 0.113278341, 0.113278341, -1.25767961e-006, -0.993563293, -1.07756406e-005, 1, -2.4943819e-006, 0.99356325, 1.39214123e-006, 0.113278717, 0.113278717, -4.87865334e-006, -0.99356325, -8.30532773e-007, 1, -5.00495064e-006, 0, 0, 0, 0, 0, 0, 0, 0.35276709, -0.179399219, -0.174281494, -0.15550791, 0.367051554, -0.917110122, -0.978149414, -0.186401367, 0.0911865234, -0.137522584, 0.911319878, 0.388237716, 0, 0, -0, 0, 0, 0, 0, 0.359155566, -0.121613867, -0.140723291, -0.068886027, 0.0907485181, -0.993384403, 0.940185547, -0.327148438, -0.0949707031, -0.333735822, -0.940490521, -0.0627991293, 0, 2, 5, 1, 
870.377645, 59, 0.1, 0.1, -0.0148798027, 0.34833548, -0.019965502, 0.993563487, 1.11166654e-005, 0.113276642, 0.113276642, -2.65453129e-005, -0.993563486, -8.03814893e-006, 1, -2.76337122e-005, 0.993563449, 1.09503354e-005, 0.113276974, 0.113276974, -1.80549451e-005, -0.993563449, -8.83464346e-006, 1, -1.91791544e-005, 0, 0, 0, 0, 0, 0, 0, 0.352588989, -0.180510059, -0.174246948, -0.159256362, 0.367127938, -0.916449997, -0.978149414, -0.183837891, 0.0963134766, -0.133097538, 0.911802147, 0.388503939, 0, 0, -0, 0, 0, 0, 0, 0.359155566, -0.121613867, -0.140723291, -0.075121618, 0.0896621004, -0.993058111, 0.940795898, -0.323730469, -0.100341797, -0.330463442, -0.941832135, -0.0600644951, 0, 2, 5, 1, 
870.37833, 59, 0.1, 0.1, -0.0148798026, 0.348335479, -0.0199666503, 0.993563656, -6.83754839e-006, 0.113275156, 0.113275156, 2.75663204e-005, -0.993563656, 3.67096032e-006, 1, 2.81634184e-005, 0.993563625, 3.30988033e-006, 0.113275426, 0.113275426, 2.72651316e-005, -0.993563625, -6.3770461e-006, 1, 2.67147149e-005, 0, 0, 0, 0, 0, 0, 0, 0.352588989, -0.180510059, -0.174246948, -0.159256362, 0.367127938, -0.916449997, -0.978149414, -0.183837891, 0.0963134766, -0.133097538, 0.911802147, 0.388503939, 0, 0, -0, 0, 0, 0, 0, 0.358588574, -0.122606934, -0.140420947, -0.075121618, 0.0896621004, -0.993058111, 0.940795898, -0.323730469, -0.100341797, -0.330463442, -0.941832135, -0.0600644951, 0, 2, 5, 1, 
870.379018, 59, 0.1, 0.1, -0.0148798025, 0.348335479, -0.0199687078, 0.993563798, -4.11462221e-006, 0.11327391, 0.11327391, 3.81014082e-006, -0.993563798, 3.65655012e-006, 1, 4.25169733e-006, 0.99356377, -2.97079818e-006, 0.113274156, 0.113274156, -7.15741358e-006, -0.99356377, 3.76242742e-006, 1, -6.77483216e-006, 0, 0, 0, 0, 0, 0, 0, 0.352588989, -0.180510059, -0.174246948, -0.159256362, 0.367127938, -0.916449997, -0.978149414, -0.183837891, 0.0963134766, -0.133097538, 0.911802147, 0.388503939, 0, 0, -0, 0, 0, 0, 0, 0.358588574, -0.122606934, -0.140420947, -0.075121618, 0.0896621004, -0.993058111, 0.940795898, -0.323730469, -0.100341797, -0.330463442, -0.941832135, -0.0600644951, 0, 2, 5, 1, 
870.379875, 59, 0.1, 0.1, -0.0148798028, 0.348335478, -0.0199705164, 0.993563983, 7.84681915e-006, 0.113272294, 0.113272294, 1.67628806e-005, -0.993563982, -9.69508683e-006, 1, 1.57661672e-005, 0.993563934, -5.68840235e-006, 0.11327272, 0.11327272, 1.45102982e-005, -0.993563934, 4.00817048e-006, 1, 1.50612497e-005, 0, 0, 0, 0, 0, 0, 0, 0.352588989, -0.180510059, -0.174246948, -0.159256362, 0.367127938, -0.916449997, -0.978149414, -0.183837891, 0.0963134766, -0.133097538, 0.911802147, 0.388503939, 0, 0, -0, 0, 0, 0, 0, 0.358588574, -0.122606934, -0.140420947, -0.075121618, 0.0896621004, -0.993058111, 0.940795898, -0.323730469, -0.100341797, -0.330463442, -0.941832135, -0.0600644951, 0, 2, 5, 1, 
870.380703, 59, 0.1, 0.1, -0.0148798032, 0.348335483, -0.0199685845, 0.993564166, 2.7642938e-006, 0.113270688, 0.113270689, -1.42175519e-005, -0.993564165, -1.13607137e-006, 1, -1.44391635e-005, 0.993564139, 5.28505932e-006, 0.113270921, 0.113270921, -2.71708979e-005, -0.993564139, -2.17337277e-006, 1, -2.75946734e-005, 0, 0, 0, 0, 0, 0, 0, 0.352588989, -0.180510059, -0.174246948, -0.159256362, 0.367127938, -0.916449997, -0.978149414, -0.183837891, 0.0963134766, -0.133097538, 0.911802147, 0.388503939, 0, 0, -0, 0, 0, 0, 0, 0.358588574, -0.122606934, -0.140420947, -0.075121618, 0.0896621004, -0.993058111, 0.940795898, -0.323730469, -0.100341797, -0.330463442, -0.941832135, -0.0600644951, 0, 2, 5, 1, 
870.381391, 59, 0.1, 0.1, -0.0148798037, 0.348335481, -0.0199672877, 0.993564296, 2.56154873e-005, 0.113269545, 0.113269545, -2.9113008e-006, -0.993564296, -2.51208719e-005, 1, -5.79401912e-006, 0.993564268, 1.61088447e-005, 0.113269792, 0.113269792, 1.46435845e-005, -0.993564268, -1.76638482e-005, 1, 1.27246968e-005, 0, 0, 0, 0, 0, 0, 0, 0.352588989, -0.180510059, -0.174246948, -0.159256362, 0.367127938, -0.916449997, -0.978149414, -0.183837891, 0.0963134766, -0.133097538, 0.911802147, 0.388503939, 0, 0, -0, 0, 0, 0, 0, 0.358588574, -0.122606934, -0.140420947, -0.075121618, 0.0896621004, -0.993058111, 0.940795898, -0.323730469, -0.100341797, -0.330463442, -0.941832135, -0.0600644951, 0, 2, 5, 1, 
870.382085, 59, 0.1, 0.1, -0.0148798022, 0.348335483, -0.0199667807, 0.99356444, -2.65084856e-005, 0.11326828, 0.11326828, -7.59637763e-006, -0.99356444, 2.71983173e-005, 1, -4.54492013e-006, 0.993564414, -2.66940241e-005, 0.11326851, 0.11326851, 5.92089792e-008, -0.993564414, 2.65155259e-005, 1, 3.08242027e-006, 0, 0, 0, 0, 0, 0, 0, 0.352588989, -0.180510059, -0.174246948, -0.159256362, 0.367127938, -0.916449997, -0.978149414, -0.183837891, 0.0963134766, -0.133097538, 0.911802147, 0.388503939, 0, 0, -0, 0, 0, 0, 0, 0.358588574, -0.122606934, -0.140420947, -0.075121618, 0.0896621004, -0.993058111, 0.940795898, -0.323730469, -0.100341797, -0.330463442, -0.941832135, -0.0600644951, 0, 2, 5, 1, 
870.382808, 59, 0.1, 0.1, -0.0148798027, 0.348335483, -0.0199669925, 0.993564566, 1.82966049e-006, 0.113267179, 0.11326718, -1.29737555e-005, -0.993564566, -3.48385131e-007, 1, -1.30975043e-005, 0.993564542, 1.17334223e-005, 0.113267388, 0.113267388, 6.20718799e-006, -0.993564542, -1.23609844e-005, 1, 4.83822778e-006, 0, 0, 0, 0, 0, 0, 0, 0.352601294, -0.180037085, -0.174411353, -0.163438029, 0.367673488, -0.915376873, -0.977539062, -0.184814453, 0.100341797, -0.132188043, 0.911344965, 0.389817076, 0, 0, -0, 0, 0, 0, 0, 0.358793604, -0.122437646, -0.140147412, -0.0806539525, 0.0895148125, -0.992700103, 0.942382813, -0.317504883, -0.105102539, -0.32453955, -0.943934242, -0.0587994398, 0, 2, 5, 1, 
870.383495, 59, 0.1, 0.1, -0.0148797987, 0.348335484, -0.019967879, 0.993564706, -1.0202327e-006, 0.113265952, 0.113265952, 2.92190162e-005, -0.993564705, -2.29585247e-006, 1, 2.91465409e-005, 0.993564674, -2.07558049e-005, 0.113266224, 0.113266224, 1.55691093e-005, -0.993564674, 1.88587803e-005, 1, 1.78198486e-005, 0, 0, 0, 0, 0, 0, 0, 0.352601294, -0.180037085, -0.174411353, -0.163438029, 0.367673488, -0.915376873, -0.977539062, -0.184814453, 0.100341797, -0.132188043, 0.911344965, 0.389817076, 0, 0, -0, 0, 0, 0, 0, 0.358793604, -0.122437646, -0.140147412, -0.0806539525, 0.0895148125, -0.992700103, 0.942382813, -0.317504883, -0.105102539, -0.32453955, -0.943934242, -0.0587994398, 0, 2, 5, 1, 
870.384179, 59, 0.1, 0.1, -0.0148797986, 0.348335485, -0.0199693527, 0.993564862, -1.59373881e-005, 0.113264578, 0.113264577, -4.45269451e-005, -0.993564861, 2.08781545e-005, 0.999999999, -4.24352665e-005, 0.993564832, -9.80929299e-006, 0.113264839, 0.113264839, -2.73484272e-005, -0.993564832, 1.28437837e-005, 1, -2.60613875e-005, 0, 0, 0, 0, 0, 0, 0, 0.352601294, -0.180037085, -0.174411353, -0.163438029, 0.367673488, -0.915376873, -0.977539062, -0.184814453, 0.100341797, -0.132188043, 0.911344965, 0.389817076, 0, 0, -0, 0, 0, 0, 0, 0.358793604, -0.122437646, -0.140147412, -0.0806539525, 0.0895148125, -0.992700103, 0.942382813, -0.317504883, -0.105102539, -0.32453955, -0.943934242, -0.0587994398, 0, 2, 5, 1, 
870.384869, 59, 0.1, 0.1, -0.0148797995, 0.34833549, -0.0199709598, 0.993564986, 1.32868123e-005, 0.113263492, 0.113263492, 2.54023995e-005, -0.993564986, -1.6078476e-005, 1, 2.37340239e-005, 0.993564967, 1.77831317e-005, 0.113263655, 0.113263655, -5.39306335e-006, -0.993564967, -1.70578586e-005, 1, -7.37254132e-006, 0, 0, 0, 0, 0, 0, 0, 0.352601294, -0.180037085, -0.174411353, -0.163438029, 0.367673488, -0.915376873, -0.977539062, -0.184814453, 0.100341797, -0.132188043, 0.911344965, 0.389817076, 0, 0, -0, 0, 0, 0, 0, 0.358793604, -0.122437646, -0.140147412, -0.0806539525, 0.0895148125, -0.992700103, 0.942382813, -0.317504883, -0.105102539, -0.32453955, -0.943934242, -0.0587994398, 0, 2, 5, 1, 
870.385574, 59, 0.1, 0.1, -0.0148797961, 0.348335481, -0.0199720416, 0.993565038, -1.44319223e-005, 0.113263038, 0.113263039, 2.44576502e-005, -0.993565037, 1.15689057e-005, 1, 2.59348696e-005, 0.993565031, -2.53102548e-005, 0.113263098, 0.113263099, 4.21824143e-005, -0.99356503, 2.03696731e-005, 0.999999999, 4.47776897e-005, 0, 0, 0, 0, 0, 0, 0, 0.352601294, -0.180037085, -0.174411353, -0.163438029, 0.367673488, -0.915376873, -0.977539062, -0.184814453, 0.100341797, -0.132188043, 0.911344965, 0.389817076, 0, 0, -0, 0, 0, 0, 0, 0.358349512, -0.12215874, -0.14096543, -0.0890744058, 0.0909329857, -0.991792689, 0.943481445, -0.311401367, -0.11315918, -0.319164697, -0.945749069, -0.0580903532, 0, 2, 5, 1, 
870.386257, 59, 0.1, 0.1, -0.0148797974, 0.348335485, -0.01997243, 0.993565073, -1.06537193e-005, 0.113262725, 0.113262725, -1.78536093e-005, -0.993565073, 1.26073118e-005, 1, -1.65320534e-005, 0.993565065, 7.0132355e-006, 0.113262799, 0.113262799, -2.58129747e-005, -0.993565065, -4.04445604e-006, 1, -2.64412085e-005, 0, 0, 0, 0, 0, 0, 0, 0.352601294, -0.180037085, -0.174411353, -0.163438029, 0.367673488, -0.915376873, -0.977539062, -0.184814453, 0.100341797, -0.132188043, 0.911344965, 0.389817076, 0, 0, -0, 0, 0, 0, 0, 0.358349512, -0.12215874, -0.14096543, -0.0890744058, 0.0909329857, -0.991792689, 0.943481445, -0.311401367, -0.11315918, -0.319164697, -0.945749069, -0.0580903532, 0, 2, 5, 1, 
870.386948, 59, 0.1, 0.1, -0.0148797963, 0.348335485, -0.0199720978, 0.99356514, 1.87183782e-005, 0.113262141, 0.113262141, -1.08621801e-005, -0.99356514, -1.73676543e-005, 1, -1.29123671e-005, 0.993565124, 8.24459197e-006, 0.113262284, 0.113262284, 4.57635439e-006, -0.993565124, -8.70986739e-006, 1, 3.6131048e-006, 0, 0, 0, 0, 0, 0, 0, 0.352601294, -0.180037085, -0.174411353, -0.163438029, 0.367673488, -0.915376873, -0.977539062, -0.184814453, 0.100341797, -0.132188043, 0.911344965, 0.389817076, 0, 0, -0, 0, 0, 0, 0, 0.358349512, -0.12215874, -0.14096543, -0.0890744058, 0.0909329857, -0.991792689, 0.943481445, -0.311401367, -0.11315918, -0.319164697, -0.945749069, -0.0580903532, 0, 2, 5, 1, 
