time, trialNum, realDorsalTactorPos, realVentralTactorPos, boxPosX, boxPosY, boxPosZ, boxLocalRot_11, boxLocalRot_12, boxLocalRot_13, boxLocalRot_21, boxLocalRot_22, boxLocalRot_23, boxLocalRot_31, boxLocalRot_32, boxLocalRot_33, boxGlobalRot_11, boxGlobalRot_12, boxGlobalRot_13, boxGlobalRot_21, boxGlobalRot_22, boxGlobalRot_23, boxGlobalRot_31, boxGlobalRot_32, boxGlobalRot_33, indexForceX, indexForceY, indexForceZ, indexForceGlobalX, indexForceGlobalY, indexForceGlobalZ, indexContact, indexPosX, indexPosY, indexPosZ, indexRot_11, indexRot_12, indexRot_13, indexRot_21, indexRot_22, indexRot_23, indexRot_31, indexRot_32, indexRot_33, thumbForceX, thumbForceY, thumbForceZ, thumbForceGlobalX, thumbForceGlobalY, thumbForceGlobalZ, thumbContact, thumbPosX, thumbPosY, thumbPosZ, thumbRot_11, thumbRot_12, thumbRot_13, thumbRot_21, thumbRot_22, thumbRot_23, thumbRot_31, thumbRot_32, thumbRot_33, manipForceTooHigh, cceExpType, mapping, trialSuccess, 
346.283078, 24, 0.1, 0.1, 0.00484952121, 0.358367088, -0.0199684343, 0.998005022, -8.22445253e-006, 0.0631345854, 0.0631345856, 2.10168178e-005, -0.998005022, 6.88115685e-006, 1, 2.14941371e-005, 0.998005029, 4.27070411e-007, 0.0631344774, 0.0631344774, 1.33221991e-005, -0.998005029, -1.2673085e-006, 1, 1.32686589e-005, 0, 0, 0, 0, 0, 0, 0, 0.384772437, -0.190564697, -0.172199023, -0.427667111, 0.446841031, -0.785704479, -0.889282227, -0.363647461, 0.27722168, -0.161774406, 0.817358973, 0.553060192, 0, 0, 0, 0, 0, 0, 0, 0.408849072, -0.11875, -0.134639307, -0.1961085, 0.392032466, -0.89877124, 0.214233398, -0.877197266, -0.429321289, -0.956770482, -0.276699346, 0.0880537458, 0, 2, 1, 1, 
346.328495, 24, 0.1, 0.1, 0.00484951558, 0.358367078, -0.0199710861, 0.998008846, 1.777195e-005, 0.0630740998, 0.0630741, -8.58161951e-006, -0.998008847, -1.71952853e-005, 1, -9.68548194e-006, 0.998008803, 1.74862916e-005, 0.0630747832, 0.0630747831, 9.70049608e-006, -0.998008803, -1.80633296e-005, 1, 8.57823644e-006, 0, 0, 0, 0, 0, 0, 0, 0.391897412, -0.190113574, -0.164019971, -0.466738809, 0.447987556, -0.76240353, -0.867431641, -0.399658203, 0.296142578, -0.172023784, 0.799627327, 0.575323991, 0, 0, 0, 0, 0, 0, 0, 0.413516064, -0.121907178, -0.125773584, -0.231011992, 0.396703661, -0.888289857, 0.237426758, -0.862426758, -0.446899414, -0.943500493, -0.314135881, 0.105111936, 0, 2, 1, 1, 
346.329188, 24, 0.1, 0.1, 0.00484951749, 0.358367079, -0.0199695391, 0.998009065, -9.19395584e-006, 0.0630706394, 0.0630706395, 2.03040784e-005, -0.998009065, 7.89506007e-006, 1, 2.0843523e-005, 0.998009022, -1.95708282e-005, 0.0630713278, 0.063071328, 1.06102458e-005, -0.998009022, 1.88626608e-005, 1, 1.18234792e-005, 0, 0, 0, 0, 0, 0, 0, 0.391897412, -0.190113574, -0.164019971, -0.466738809, 0.447987556, -0.76240353, -0.867431641, -0.399658203, 0.296142578, -0.172023784, 0.799627327, 0.575323991, 0, 0, 0, 0, 0, 0, 0, 0.413516064, -0.121907178, -0.125773584, -0.231011992, 0.396703661, -0.888289857, 0.237426758, -0.862426758, -0.446899414, -0.943500493, -0.314135881, 0.105111936, 0, 2, 1, 1, 
346.329877, 24, 0.1, 0.1, 0.00484951521, 0.358367079, -0.0199681935, 0.998009284, -8.29096145e-006, 0.0630671745, 0.0630671743, -2.0257598e-005, -0.998009284, 9.55204597e-006, 1, -1.96943834e-005, 0.998009241, 1.14418822e-005, 0.0630678567, 0.0630678569, -2.01070568e-005, -0.998009241, -1.01509952e-005, 1, -2.07886435e-005, 0, 0, 0, 0, 0, 0, 0, 0.391897412, -0.190113574, -0.164019971, -0.466738809, 0.447987556, -0.76240353, -0.867431641, -0.399658203, 0.296142578, -0.172023784, 0.799627327, 0.575323991, 0, 0, 0, 0, 0, 0, 0, 0.413516064, -0.121907178, -0.125773584, -0.231011992, 0.396703661, -0.888289857, 0.237426758, -0.862426758, -0.446899414, -0.943500493, -0.314135881, 0.105111936, 0, 2, 1, 1, 
346.330598, 24, 0.1, 0.1, 0.00484951564, 0.358367077, -0.0199671147, 0.998009516, 2.3724255e-005, 0.0630634993, 0.063063499, 1.23302457e-005, -0.998009516, -2.44546207e-005, 1, 1.0809568e-005, 0.998009472, 1.31940275e-005, 0.0630642022, 0.0630642018, 2.33466612e-005, -0.998009472, -1.4640103e-005, 1, 2.24681182e-005, 0, 0, 0, 0, 0, 0, 0, 0.391872607, -0.18873042, -0.164049731, -0.471549523, 0.449014253, -0.758841552, -0.864624023, -0.404174805, 0.298095703, -0.172744945, 0.796745692, 0.579085547, 0, 0, 0, 0, 0, 0, 0, 0.41355083, -0.121297266, -0.12523042, -0.234372591, 0.397150255, -0.88717792, 0.240356445, -0.860595703, -0.448852539, -0.941889823, -0.318384937, 0.106210747, 0, 2, 1, 1, 
346.331291, 24, 0.1, 0.1, 0.00484951595, 0.358367079, -0.0199668661, 0.998009743, -1.92696701e-005, 0.0630599097, 0.0630599099, 1.07278799e-005, -0.998009743, 1.85548194e-005, 1, 1.19216723e-005, 0.998009697, -1.88228501e-005, 0.0630606362, 0.063060636, -1.02677216e-005, -0.998009697, 1.94328759e-005, 1, -9.0603048e-006, 0, 0, 0, 0, 0, 0, 0, 0.391872607, -0.18873042, -0.164049731, -0.471549523, 0.449014253, -0.758841552, -0.864624023, -0.404174805, 0.298095703, -0.172744945, 0.796745692, 0.579085547, 0, 0, 0, 0, 0, 0, 0, 0.41355083, -0.121297266, -0.12523042, -0.234372591, 0.397150255, -0.88717792, 0.240356445, -0.860595703, -0.448852539, -0.941889823, -0.318384937, 0.106210747, 0, 2, 1, 1, 
346.331982, 24, 0.1, 0.1, 0.00484951356, 0.358367078, -0.0199674817, 0.998009972, 1.20011583e-005, 0.0630562902, 0.0630562905, -2.08913092e-005, -0.998009972, -1.06599472e-005, 1, -2.16064835e-005, 0.998009926, 2.26913971e-005, 0.0630570132, 0.0630570135, -1.01132745e-005, -0.998009926, -2.20085266e-005, 1, -1.15240001e-005, 0, 0, 0, 0, 0, 0, 0, 0.391872607, -0.18873042, -0.164049731, -0.471549523, 0.449014253, -0.758841552, -0.864624023, -0.404174805, 0.298095703, -0.172744945, 0.796745692, 0.579085547, 0, 0, 0, 0, 0, 0, 0, 0.41355083, -0.121297266, -0.12523042, -0.234372591, 0.397150255, -0.88717792, 0.240356445, -0.860595703, -0.448852539, -0.941889823, -0.318384937, 0.106210747, 0, 2, 1, 1, 
346.332674, 24, 0.1, 0.1, 0.00484951549, 0.358367077, -0.019968742, 0.998010203, 8.8178894e-006, 0.0630526404, 0.0630526402, 1.90254996e-005, -0.998010202, -9.99995157e-006, 1, 1.84316515e-005, 0.998010157, -1.05702862e-005, 0.0630533642, 0.0630533644, 1.87435068e-005, -0.998010157, 9.36741187e-006, 1, 1.93727023e-005, 0, 0, 0, 0, 0, 0, 0, 0.391872607, -0.18873042, -0.164049731, -0.471549523, 0.449014253, -0.758841552, -0.864624023, -0.404174805, 0.298095703, -0.172744945, 0.796745692, 0.579085547, 0, 0, 0, 0, 0, 0, 0, 0.41355083, -0.121297266, -0.12523042, -0.234372591, 0.397150255, -0.88717792, 0.240356445, -0.860595703, -0.448852539, -0.941889823, -0.318384937, 0.106210747, 0, 2, 1, 1, 
346.333365, 24, 0.1, 0.1, 0.00484951474, 0.358367079, -0.0199702516, 0.998010433, -1.93253306e-005, 0.063048996, 0.0630489958, -1.13255148e-005, -0.998010433, 2.00009439e-005, 1, -1.00845392e-005, 0.998010386, -9.38273293e-006, 0.0630497307, 0.0630497305, -2.08869372e-005, -0.998010386, 1.06809807e-005, 1, -2.02538014e-005, 0, 0, 0, 0, 0, 0, 0, 0.391872607, -0.18873042, -0.164049731, -0.471549523, 0.449014253, -0.758841552, -0.864624023, -0.404174805, 0.298095703, -0.172744945, 0.796745692, 0.579085547, 0, 0, 0, 0, 0, 0, 0, 0.41355083, -0.121297266, -0.12523042, -0.234372591, 0.397150255, -0.88717792, 0.240356445, -0.860595703, -0.448852539, -0.941889823, -0.318384937, 0.106210747, 0, 2, 1, 1, 
346.334054, 24, 0.1, 0.1, 0.00484951435, 0.358367078, -0.0199715371, 0.998010661, 1.67558482e-005, 0.0630453755, 0.0630453757, -9.11843183e-006, -0.998010662, -1.61476402e-005, 1, -1.01566709e-005, 0.998010617, 1.64585198e-005, 0.0630460831, 0.0630460829, 8.46314278e-006, -0.998010617, -1.69593455e-005, 1, 7.40866114e-006, 0, 0, 0, 0, 0, 0, 0, 0.391872607, -0.18873042, -0.164049731, -0.471549523, 0.449014253, -0.758841552, -0.864624023, -0.404174805, 0.298095703, -0.172744945, 0.796745692, 0.579085547, 0, 0, 0, 0, 0, 0, 0, 0.41355083, -0.121297266, -0.12523042, -0.234372591, 0.397150255, -0.88717792, 0.240356445, -0.860595703, -0.448852539, -0.941889823, -0.318384937, 0.106210747, 0, 2, 1, 1, 
346.334744, 24, 0.1, 0.1, 0.00484951633, 0.358367078, -0.0199722811, 0.998010888, -1.06283196e-005, 0.063041785, 0.0630417852, 1.6699191e-005, -0.998010888, 9.55443183e-006, 1, 1.73360027e-005, 0.998010843, -1.96065688e-005, 0.0630424934, 0.0630424936, 7.78572655e-006, -0.998010844, 1.90767367e-005, 1, 9.00628651e-006, 0, 0, 0, 0, 0, 0, 0, 0.391872607, -0.18873042, -0.164049731, -0.471549523, 0.449014253, -0.758841552, -0.864624023, -0.404174805, 0.298095703, -0.172744945, 0.796745692, 0.579085547, 0, 0, 0, 0, 0, 0, 0, 0.41355083, -0.121297266, -0.12523042, -0.234372591, 0.397150255, -0.88717792, 0.240356445, -0.860595703, -0.448852539, -0.941889823, -0.318384937, 0.106210747, 0, 2, 1, 1, 
346.335488, 24, 0.1, 0.1, 0.00484951481, 0.35836708, -0.0199718997, 0.998011131, -1.19928575e-005, 0.0630379498, 0.0630379495, -2.08341368e-005, -0.99801113, 1.32823465e-005, 1, -2.00366953e-005, 0.998011085, 5.80906686e-006, 0.0630386674, 0.0630386675, -2.10419618e-005, -0.998011085, -4.4710559e-006, 1, -2.13663069e-005, 0, 0, 0, 0, 0, 0, 0, 0.391613696, -0.187335059, -0.1640646, -0.476582276, 0.450282085, -0.755000246, -0.861816406, -0.408691406, 0.300170898, -0.173307347, 0.793825864, 0.583050045, 0, 0, 0, 0, 0, 0, 0, 0.413592187, -0.120627539, -0.124897314, -0.237599028, 0.3984339, -0.88579766, 0.243041992, -0.858520508, -0.451293945, -0.940387795, -0.322423273, 0.107092274, 0, 2, 1, 1, 
346.336175, 24, 0.1, 0.1, 0.00484951584, 0.358367078, -0.0199706822, 0.998011354, 1.71396654e-005, 0.063034416, 0.0630344159, 7.92431623e-006, -0.998011354, -1.76050854e-005, 1, 6.82816877e-006, 0.99801131, 7.55021249e-006, 0.0630351175, 0.0630351174, 1.72182569e-005, -0.998011309, -8.62055231e-006, 1, 1.67080866e-005, 0, 0, 0, 0, 0, 0, 0, 0.391613696, -0.187335059, -0.1640646, -0.476582276, 0.450282085, -0.755000246, -0.861816406, -0.408691406, 0.300170898, -0.173307347, 0.793825864, 0.583050045, 0, 0, 0, 0, 0, 0, 0, 0.413592187, -0.120627539, -0.124897314, -0.237599028, 0.3984339, -0.88579766, 0.243041992, -0.858520508, -0.451293945, -0.940387795, -0.322423273, 0.107092274, 0, 2, 1, 1, 
346.336872, 24, 0.1, 0.1, 0.00484951672, 0.35836708, -0.0199692251, 0.99801158, -1.9901455e-005, 0.0630308397, 0.0630308399, 9.5194427e-006, -0.99801158, 1.9261864e-005, 1, 1.07549195e-005, 0.998011535, -2.01529618e-005, 0.063031541, 0.0630315408, -1.02955702e-005, -0.998011535, 2.0761834e-005, 1, -9.00482559e-006, 0, 0, 0, 0, 0, 0, 0, 0.391613696, -0.187335059, -0.1640646, -0.476582276, 0.450282085, -0.755000246, -0.861816406, -0.408691406, 0.300170898, -0.173307347, 0.793825864, 0.583050045, 0, 0, 0, 0, 0, 0, 0, 0.413592187, -0.120627539, -0.124897314, -0.237599028, 0.3984339, -0.88579766, 0.243041992, -0.858520508, -0.451293945, -0.940387795, -0.322423273, 0.107092274, 0, 2, 1, 1, 
346.337568, 24, 0.1, 0.1, 0.00484951446, 0.358367079, -0.0199680512, 0.998011806, 1.13303666e-005, 0.0630272509, 0.0630272511, -1.97567613e-005, -0.998011806, -1.00626253e-005, 1, -2.04316029e-005, 0.998011761, 2.17725985e-005, 0.0630279703, 0.0630279705, -9.73961382e-006, -0.998011761, -2.11154413e-005, 1, -1.10925318e-005, 0, 0, 0, 0, 0, 0, 0, 0.391613696, -0.187335059, -0.1640646, -0.476582276, 0.450282085, -0.755000246, -0.861816406, -0.408691406, 0.300170898, -0.173307347, 0.793825864, 0.583050045, 0, 0, 0, 0, 0, 0, 0, 0.413592187, -0.120627539, -0.124897314, -0.237599028, 0.3984339, -0.88579766, 0.243041992, -0.858520508, -0.451293945, -0.940387795, -0.322423273, 0.107092274, 0, 2, 1, 1, 
346.338261, 24, 0.1, 0.1, 0.00484951617, 0.358367078, -0.0199674354, 0.998012034, 1.18261921e-005, 0.0630236507, 0.0630236504, 2.3218116e-005, -0.998012033, -1.32659724e-005, 1, 2.24266294e-005, 0.998011988, -8.89393773e-006, 0.0630243692, 0.0630243693, 2.28115733e-005, -0.998011988, 7.43857146e-006, 1, 2.33267584e-005, 0, 0, 0, 0, 0, 0, 0, 0.391613696, -0.187335059, -0.1640646, -0.476582276, 0.450282085, -0.755000246, -0.861816406, -0.408691406, 0.300170898, -0.173307347, 0.793825864, 0.583050045, 0, 0, 0, 0, 0, 0, 0, 0.413592187, -0.120627539, -0.124897314, -0.237599028, 0.3984339, -0.88579766, 0.243041992, -0.858520508, -0.451293945, -0.940387795, -0.322423273, 0.107092274, 0, 2, 1, 1, 
346.338953, 24, 0.1, 0.1, 0.00484951486, 0.35836708, -0.0199675299, 0.998012263, -1.84651932e-005, 0.063020011, 0.0630200108, -8.51855069e-006, -0.998012264, 1.89653284e-005, 1, -7.33794137e-006, 0.998012218, -8.05422876e-006, 0.0630207283, 0.0630207281, -1.89530384e-005, -0.998012218, 9.23265299e-006, 1, -1.84077805e-005, 0, 0, 0, 0, 0, 0, 0, 0.391613696, -0.187335059, -0.1640646, -0.476582276, 0.450282085, -0.755000246, -0.861816406, -0.408691406, 0.300170898, -0.173307347, 0.793825864, 0.583050045, 0, 0, 0, 0, 0, 0, 0, 0.413592187, -0.120627539, -0.124897314, -0.237599028, 0.3984339, -0.88579766, 0.243041992, -0.858520508, -0.451293945, -0.940387795, -0.322423273, 0.107092274, 0, 2, 1, 1, 
346.339648, 24, 0.1, 0.1, 0.00484951367, 0.358367077, -0.0199682856, 0.998012495, 2.24074268e-005, 0.0630163377, 0.0630163379, -7.31286417e-006, -0.998012495, -2.1902062e-005, 1, -8.7103638e-006, 0.998012449, 2.2202817e-005, 0.0630170632, 0.0630170629, 1.26521782e-005, -0.99801245, -2.29559909e-005, 1, 1.12278751e-005, 0, 0, 0, 0, 0, 0, 0, 0.391613696, -0.187335059, -0.1640646, -0.476582276, 0.450282085, -0.755000246, -0.861816406, -0.408691406, 0.300170898, -0.173307347, 0.793825864, 0.583050045, 0, 0, 0, 0, 0, 0, 0, 0.413592187, -0.120627539, -0.124897314, -0.237599028, 0.3984339, -0.88579766, 0.243041992, -0.858520508, -0.451293945, -0.940387795, -0.322423273, 0.107092274, 0, 2, 1, 1, 
346.340353, 24, 0.1, 0.1, 0.00484951534, 0.358367077, -0.0199693698, 0.998012732, -9.2521343e-006, 0.0630125963, 0.0630125965, 2.21115048e-005, -0.998012731, 7.8404445e-006, 1, 2.26505643e-005, 0.998012685, -1.88792029e-005, 0.0630133275, 0.0630133277, 1.24017126e-005, -0.998012685, 1.80602108e-005, 1, 1.35667079e-005, 0, 0, 0, 0, 0, 0, 0, 0.391435107, -0.187021484, -0.164328345, -0.480236369, 0.452140771, -0.751591036, -0.860229492, -0.409545898, 0.303344727, -0.170627532, 0.792295558, 0.585847061, 0, 0, 0, 0, 0, 0, 0, 0.413592187, -0.120627539, -0.124897314, -0.237599028, 0.3984339, -0.88579766, 0.243041992, -0.858520508, -0.451293945, -0.940387795, -0.322423273, 0.107092274, 0, 2, 1, 1, 
346.341055, 24, 0.1, 0.1, 0.00484951299, 0.358367077, -0.0199702661, 0.998012967, -7.57893177e-006, 0.0630088648, 0.0630088646, -1.74640714e-005, -0.998012967, 8.6642635e-006, 1, -1.69518299e-005, 0.998012921, 1.1585097e-005, 0.0630095989, 0.0630095991, -1.68059422e-005, -0.998012921, -1.05031408e-005, 1, -1.75025198e-005, 0, 0, 0, 0, 0, 0, 0, 0.391435107, -0.187021484, -0.164328345, -0.480236369, 0.452140771, -0.751591036, -0.860229492, -0.409545898, 0.303344727, -0.170627532, 0.792295558, 0.585847061, 0, 0, 0, 0, 0, 0, 0, 0.4139625, -0.121046191, -0.124614014, -0.238864083, 0.399142986, -0.885145809, 0.243164063, -0.857910156, -0.452514648, -0.940029786, -0.323330686, 0.107897243, 0, 2, 1, 1, 
346.341748, 24, 0.1, 0.1, 0.00484951366, 0.358367075, -0.019970973, 0.998013198, 1.79759625e-005, 0.0630052041, 0.0630052039, 9.31919008e-006, -0.998013198, -1.85274053e-005, 1, 8.16809551e-006, 0.998013152, 8.73007051e-006, 0.0630059422, 0.063005942, 1.91943285e-005, -0.998013152, -9.92208193e-006, 1, 1.8606146e-005, 0, 0, 0, 0, 0, 0, 0, 0.391435107, -0.187021484, -0.164328345, -0.480236369, 0.452140771, -0.751591036, -0.860229492, -0.409545898, 0.303344727, -0.170627532, 0.792295558, 0.585847061, 0, 0, 0, 0, 0, 0, 0, 0.4139625, -0.121046191, -0.124614014, -0.238864083, 0.399142986, -0.885145809, 0.243164063, -0.857910156, -0.452514648, -0.940029786, -0.323330686, 0.107897243, 0, 2, 1, 1, 
346.342439, 24, 0.1, 0.1, 0.00484951451, 0.358367077, -0.0199712958, 0.998013427, -1.98334827e-005, 0.0630015867, 0.0630015868, 7.31492178e-006, -0.998013427, 1.93332304e-005, 1, 8.54993104e-006, 0.998013381, -1.94263158e-005, 0.0630023032, 0.063002303, -1.05059013e-005, -0.998013382, 2.00496191e-005, 1, -9.2611274e-006, 0, 0, 0, 0, 0, 0, 0, 0.391435107, -0.187021484, -0.164328345, -0.480236369, 0.452140771, -0.751591036, -0.860229492, -0.409545898, 0.303344727, -0.170627532, 0.792295558, 0.585847061, 0, 0, 0, 0, 0, 0, 0, 0.4139625, -0.121046191, -0.124614014, -0.238864083, 0.399142986, -0.885145809, 0.243164063, -0.857910156, -0.452514648, -0.940029786, -0.323330686, 0.107897243, 0, 2, 1, 1, 
346.343155, 24, 0.1, 0.1, 0.00484951261, 0.358367077, -0.0199709394, 0.998013663, 9.25347379e-006, 0.0629978503, 0.0629978505, -2.15915434e-005, -0.998013662, -7.87487245e-006, 1, -2.21316043e-005, 0.998013618, 1.89571829e-005, 0.0629985609, 0.0629985611, -1.2331804e-005, -0.998013618, -1.81426407e-005, 1, -1.35015836e-005, 0, 0, 0, 0, 0, 0, 0, 0.390642578, -0.188219946, -0.164591968, -0.483063343, 0.454888734, -0.748112555, -0.860107422, -0.40612793, 0.308349609, -0.163505819, 0.792478283, 0.587520779, 0, 0, 0, 0, 0, 0, 0, 0.413834814, -0.121694189, -0.124078662, -0.240844788, 0.39934751, -0.884525675, 0.241821289, -0.857910156, -0.453125, -0.939869739, -0.322940962, 0.11017179, 0, 2, 1, 1, 
346.343848, 24, 0.1, 0.1, 0.00484951462, 0.358367077, -0.0199701716, 0.99801389, 8.17491793e-006, 0.062994248, 0.0629942479, 1.67624607e-005, -0.99801389, -9.21462025e-006, 1, 1.62141958e-005, 0.998013845, -1.04769619e-005, 0.0629949571, 0.0629949572, 1.65080779e-005, -0.998013845, 9.41622733e-006, 1, 1.7135286e-005, 0, 0, 0, 0, 0, 0, 0, 0.390642578, -0.188219946, -0.164591968, -0.483063343, 0.454888734, -0.748112555, -0.860107422, -0.40612793, 0.308349609, -0.163505819, 0.792478283, 0.587520779, 0, 0, 0, 0, 0, 0, 0, 0.413834814, -0.121694189, -0.124078662, -0.240844788, 0.39934751, -0.884525675, 0.241821289, -0.857910156, -0.453125, -0.939869739, -0.322940962, 0.11017179, 0, 2, 1, 1, 
346.344545, 24, 0.1, 0.1, 0.00484951424, 0.358367079, -0.0199693368, 0.998014118, -2.18202842e-005, 0.0629906364, 0.0629906361, -1.11625229e-005, -0.998014118, 2.24800861e-005, 1, -9.7658819e-006, 0.998014073, -1.19266323e-005, 0.0629913552, 0.0629913549, -2.1577622e-005, -0.998014072, 1.32621505e-005, 1, -2.07834957e-005, 0, 0, 0, 0, 0, 0, 0, 0.390642578, -0.188219946, -0.164591968, -0.483063343, 0.454888734, -0.748112555, -0.860107422, -0.40612793, 0.308349609, -0.163505819, 0.792478283, 0.587520779, 0, 0, 0, 0, 0, 0, 0, 0.413834814, -0.121694189, -0.124078662, -0.240844788, 0.39934751, -0.884525675, 0.241821289, -0.857910156, -0.453125, -0.939869739, -0.322940962, 0.11017179, 0, 2, 1, 1, 
346.345234, 24, 0.1, 0.1, 0.00484951379, 0.358367077, -0.0199687076, 0.998014344, 1.84128625e-005, 0.0629870578, 0.062987058, -9.90368964e-006, -0.998014344, -1.77524966e-005, 1, -1.10437964e-005, 0.998014299, 1.8108232e-005, 0.0629877697, 0.0629877695, 9.53519837e-006, -0.998014299, -1.86728754e-005, 1, 8.37566717e-006, 0, 0, 0, 0, 0, 0, 0, 0.390642578, -0.188219946, -0.164591968, -0.483063343, 0.454888734, -0.748112555, -0.860107422, -0.40612793, 0.308349609, -0.163505819, 0.792478283, 0.587520779, 0, 0, 0, 0, 0, 0, 0, 0.413834814, -0.121694189, -0.124078662, -0.240844788, 0.39934751, -0.884525675, 0.241821289, -0.857910156, -0.453125, -0.939869739, -0.322940962, 0.11017179, 0, 2, 1, 1, 
346.345927, 24, 0.1, 0.1, 0.00484951605, 0.358367078, -0.0199684254, 0.998014573, -1.13838662e-005, 0.0629834281, 0.0629834284, 2.10150292e-005, -0.998014573, 1.00376658e-005, 1, 2.16903004e-005, 0.998014527, -2.19370213e-005, 0.0629841512, 0.0629841515, 1.05999051e-005, -0.998014527, 2.12258399e-005, 1, 1.1960544e-005, 0, 0, 0, 0, 0, 0, 0, 0.390642578, -0.188219946, -0.164591968, -0.483063343, 0.454888734, -0.748112555, -0.860107422, -0.40612793, 0.308349609, -0.163505819, 0.792478283, 0.587520779, 0, 0, 0, 0, 0, 0, 0, 0.413834814, -0.121694189, -0.124078662, -0.240844788, 0.39934751, -0.884525675, 0.241821289, -0.857910156, -0.453125, -0.939869739, -0.322940962, 0.11017179, 0, 2, 1, 1, 
346.346624, 24, 0.1, 0.1, 0.00484951407, 0.358367078, -0.0199685374, 0.998014804, -9.6827928e-006, 0.0629797732, 0.062979773, -1.915691e-005, -0.998014803, 1.08700684e-005, 1, -1.85090597e-005, 0.998014758, 1.01016099e-005, 0.0629805003, 0.0629805004, -1.89869304e-005, -0.998014758, -8.88574934e-006, 1, -1.95854412e-005, 0, 0, 0, 0, 0, 0, 0, 0.390642578, -0.188219946, -0.164591968, -0.483063343, 0.454888734, -0.748112555, -0.860107422, -0.40612793, 0.308349609, -0.163505819, 0.792478283, 0.587520779, 0, 0, 0, 0, 0, 0, 0, 0.413834814, -0.121694189, -0.124078662, -0.240844788, 0.39934751, -0.884525675, 0.241821289, -0.857910156, -0.453125, -0.939869739, -0.322940962, 0.11017179, 0, 2, 1, 1, 
346.347318, 24, 0.1, 0.1, 0.00484951478, 0.358367076, -0.0199689802, 0.998015034, 2.02425785e-005, 0.0629761187, 0.0629761185, 1.16474943e-005, -0.998015034, -2.09359117e-005, 1, 1.03495754e-005, 0.998014988, 9.91123619e-006, 0.0629768547, 0.0629768545, 2.18180468e-005, -0.998014988, -1.12655942e-005, 1, 2.11505593e-005, 0, 0, 0, 0, 0, 0, 0, 0.390642578, -0.188219946, -0.164591968, -0.483063343, 0.454888734, -0.748112555, -0.860107422, -0.40612793, 0.308349609, -0.163505819, 0.792478283, 0.587520779, 0, 0, 0, 0, 0, 0, 0, 0.413834814, -0.121694189, -0.124078662, -0.240844788, 0.39934751, -0.884525675, 0.241821289, -0.857910156, -0.453125, -0.939869739, -0.322940962, 0.11017179, 0, 2, 1, 1, 
346.348036, 24, 0.1, 0.1, 0.00484951556, 0.358367078, -0.0199693897, 0.998015274, -2.06504827e-005, 0.0629723207, 0.0629723209, 9.4559225e-006, -0.998015274, 2.00140357e-005, 1, 1.07375639e-005, 0.998015228, -2.060219e-005, 0.062973047, 0.0629730468, -9.84932342e-006, -0.998015228, 2.11815413e-005, 1, -8.53239209e-006, 0, 0, 0, 0, 0, 0, 0, 0.390680786, -0.190208984, -0.163261182, -0.482553742, 0.455175174, -0.748202044, -0.861083984, -0.40222168, 0.310668945, -0.159507998, 0.794286794, 0.586175441, 0, 0, 0, 0, 0, 0, 0, 0.414248096, -0.122631836, -0.123182031, -0.241330395, 0.398580821, -0.884736395, 0.241333008, -0.858276367, -0.452514648, -0.939920778, -0.322653316, 0.111008842, 0, 2, 1, 1, 
346.348733, 24, 0.1, 0.1, 0.00484951359, 0.358367077, -0.0199697461, 0.998015507, 1.04722921e-005, 0.0629686306, 0.0629686307, -1.88635308e-005, -0.998015506, -9.26369921e-006, 1, -1.94855222e-005, 0.99801546, 2.01361341e-005, 0.0629693605, 0.0629693607, -9.07293216e-006, -0.998015461, -1.95248564e-005, 1, -1.03228861e-005, 0, 0, 0, 0, 0, 0, 0, 0.390680786, -0.190208984, -0.163261182, -0.482553742, 0.455175174, -0.748202044, -0.861083984, -0.40222168, 0.310668945, -0.159507998, 0.794286794, 0.586175441, 0, 0, 0, 0, 0, 0, 0, 0.414248096, -0.122631836, -0.123182031, -0.241330395, 0.398580821, -0.884736395, 0.241333008, -0.858276367, -0.452514648, -0.939920778, -0.322653316, 0.111008842, 0, 2, 1, 1, 
346.349428, 24, 0.1, 0.1, 0.00484951523, 0.358367076, -0.0199700778, 0.998015738, 1.05982e-005, 0.062964966, 0.0629649658, 1.95715719e-005, -0.998015738, -1.18094938e-005, 1, 1.88654215e-005, 0.998015692, -8.56138364e-006, 0.0629656986, 0.0629656987, 1.93256588e-005, -0.998015691, 7.32754161e-006, 1, 1.98263842e-005, 0, 0, 0, 0, 0, 0, 0, 0.390680786, -0.190208984, -0.163261182, -0.482553742, 0.455175174, -0.748202044, -0.861083984, -0.40222168, 0.310668945, -0.159507998, 0.794286794, 0.586175441, 0, 0, 0, 0, 0, 0, 0, 0.414248096, -0.122631836, -0.123182031, -0.241330395, 0.398580821, -0.884736395, 0.241333008, -0.858276367, -0.452514648, -0.939920778, -0.322653316, 0.111008842, 0, 2, 1, 1, 
346.350121, 24, 0.1, 0.1, 0.00484951413, 0.358367078, -0.019970268, 0.998015968, -1.73751911e-005, 0.0629613168, 0.0629613166, -9.62762859e-006, -0.998015968, 1.79468864e-005, 1, -8.51456215e-006, 0.998015923, -7.85879293e-006, 0.0629620347, 0.0629620345, -1.92080178e-005, -0.998015923, 9.05257636e-006, 1, -1.8675102e-005, 0, 0, 0, 0, 0, 0, 0, 0.390680786, -0.190208984, -0.163261182, -0.482553742, 0.455175174, -0.748202044, -0.861083984, -0.40222168, 0.310668945, -0.159507998, 0.794286794, 0.586175441, 0, 0, 0, 0, 0, 0, 0, 0.414248096, -0.122631836, -0.123182031, -0.241330395, 0.398580821, -0.884736395, 0.241333008, -0.858276367, -0.452514648, -0.939920778, -0.322653316, 0.111008842, 0, 2, 1, 1, 
346.350815, 24, 0.1, 0.1, 0.00484951312, 0.358367076, -0.0199702892, 0.998016197, 2.02509556e-005, 0.0629576806, 0.0629576808, -8.96646692e-006, -0.998016197, -1.96462738e-005, 1, -1.02236324e-005, 0.998016152, 2.01320652e-005, 0.0629583999, 0.0629583997, 9.81113412e-006, -0.998016152, -2.07098195e-005, 1, 8.52418772e-006, 0, 0, 0, 0, 0, 0, 0, 0.390680786, -0.190208984, -0.163261182, -0.482553742, 0.455175174, -0.748202044, -0.861083984, -0.40222168, 0.310668945, -0.159507998, 0.794286794, 0.586175441, 0, 0, 0, 0, 0, 0, 0, 0.414248096, -0.122631836, -0.123182031, -0.241330395, 0.398580821, -0.884736395, 0.241333008, -0.858276367, -0.452514648, -0.939920778, -0.322653316, 0.111008842, 0, 2, 1, 1, 
346.351566, 24, 0.1, 0.1, 0.00484951502, 0.358367076, -0.0199698299, 0.998016446, -7.97405438e-006, 0.0629537477, 0.0629537479, 2.56263438e-005, -0.998016445, 6.34496302e-006, 1, 2.60775092e-005, 0.998016395, -1.87663682e-005, 0.0629545419, 0.0629545422, 1.53927283e-005, -0.998016395, 1.7760101e-005, 1, 1.65436234e-005, 0, 0, 0, 0, 0, 0, 0, 0.390680786, -0.190208984, -0.163261182, -0.482553742, 0.455175174, -0.748202044, -0.861083984, -0.40222168, 0.310668945, -0.159507998, 0.794286794, 0.586175441, 0, 0, 0, 0, 0, 0, 0, 0.414248096, -0.122631836, -0.123182031, -0.241330395, 0.398580821, -0.884736395, 0.241333008, -0.858276367, -0.452514648, -0.939920778, -0.322653316, 0.111008842, 0, 2, 1, 1, 
346.352256, 24, 0.1, 0.1, 0.00484951279, 0.358367076, -0.0199689914, 0.998016675, -8.86120136e-006, 0.0629501171, 0.0629501169, -1.6170353e-005, -0.998016674, 9.86155233e-006, 1, -1.55804683e-005, 0.998016629, 1.10525789e-005, 0.0629508441, 0.0629508443, -1.54365422e-005, -0.998016629, -1.00589142e-005, 1, -1.6101695e-005, 0, 0, 0, 0, 0, 0, 0, 0.390680786, -0.190208984, -0.163261182, -0.482553742, 0.455175174, -0.748202044, -0.861083984, -0.40222168, 0.310668945, -0.159507998, 0.794286794, 0.586175441, 0, 0, 0, 0, 0, 0, 0, 0.414248096, -0.122631836, -0.123182031, -0.241330395, 0.398580821, -0.884736395, 0.241333008, -0.858276367, -0.452514648, -0.939920778, -0.322653316, 0.111008842, 0, 2, 1, 1, 
346.352974, 24, 0.1, 0.1, 0.00484951357, 0.358367073, -0.0199681716, 0.998016914, 2.07060703e-005, 0.0629463245, 0.0629463243, 1.20665201e-005, -0.998016914, -2.14245515e-005, 1, 1.07392201e-005, 0.998016868, 1.05993791e-005, 0.0629470548, 0.0629470546, 2.33282912e-005, -0.998016867, -1.20468063e-005, 1, 2.26148285e-005, 0, 0, 0, 0, 0, 0, 0, 0.391105908, -0.191514624, -0.161885107, -0.483161449, 0.455791116, -0.747478639, -0.861328125, -0.400024414, 0.312866211, -0.156321949, 0.795054382, 0.586060865, 0, 0, 0, 0, 0, 0, 0, 0.414732275, -0.123275439, -0.122613477, -0.244346112, 0.399302668, -0.883630654, 0.240722656, -0.857666016, -0.454223633, -0.939255801, -0.323682131, 0.113334428, 0, 2, 1, 1, 
346.353664, 24, 0.1, 0.1, 0.00484951435, 0.358367075, -0.0199678631, 0.998017145, -2.11764069e-005, 0.0629426585, 0.0629426587, 8.0100162e-006, -0.998017145, 2.06302455e-005, 1, 9.32703285e-006, 0.998017099, -2.07995942e-005, 0.0629433855, 0.0629433853, -1.15477514e-005, -0.998017099, 2.14852052e-005, 1, -1.02156564e-005, 0, 0, 0, 0, 0, 0, 0, 0.391105908, -0.191514624, -0.161885107, -0.483161449, 0.455791116, -0.747478639, -0.861328125, -0.400024414, 0.312866211, -0.156321949, 0.795054382, 0.586060865, 0, 0, 0, 0, 0, 0, 0, 0.414732275, -0.123275439, -0.122613477, -0.244346112, 0.399302668, -0.883630654, 0.240722656, -0.857666016, -0.454223633, -0.939255801, -0.323682131, 0.113334428, 0, 2, 1, 1, 
346.354358, 24, 0.1, 0.1, 0.00484951239, 0.358367075, -0.0199681306, 0.998017379, 9.8989826e-006, 0.0629389521, 0.0629389523, -2.42502299e-005, -0.998017378, -8.3530726e-006, 1, -2.48251825e-005, 0.998017332, 2.03054535e-005, 0.0629396868, 0.0629396871, -1.35980995e-005, -0.998017332, -1.94093344e-005, 1, -1.48491579e-005, 0, 0, 0, 0, 0, 0, 0, 0.391105908, -0.191514624, -0.161885107, -0.483161449, 0.455791116, -0.747478639, -0.861328125, -0.400024414, 0.312866211, -0.156321949, 0.795054382, 0.586060865, 0, 0, 0, 0, 0, 0, 0, 0.414732275, -0.123275439, -0.122613477, -0.244346112, 0.399302668, -0.883630654, 0.240722656, -0.857666016, -0.454223633, -0.939255801, -0.323682131, 0.113334428, 0, 2, 1, 1, 
346.355063, 24, 0.1, 0.1, 0.00484951444, 0.358367075, -0.0199688487, 0.998017617, 9.97634799e-006, 0.0629351804, 0.0629351803, 1.51594112e-005, -0.998017617, -1.09106313e-005, 1, 1.45014962e-005, 0.998017566, -1.14330772e-005, 0.0629359872, 0.0629359874, 1.48065417e-005, -0.998017566, 1.04785476e-005, 1, 1.54967407e-005, 0, 0, 0, 0, 0, 0, 0, 0.391105908, -0.191514624, -0.161885107, -0.484130858, 0.45628649, -0.746533196, -0.861450195, -0.397827148, 0.315429688, -0.153078611, 0.795841066, 0.58578753, 0, 0, 0, 0, 0, 0, 0, 0.414732275, -0.123275439, -0.122613477, -0.244346112, 0.399302668, -0.883630654, 0.240722656, -0.857666016, -0.454223633, -0.939255801, -0.323682131, 0.113334428, 0, 2, 1, 1, 
346.355768, 24, 0.1, 0.1, 0.00484951341, 0.358367078, -0.0199695115, 0.998017855, -1.88990935e-005, 0.0629313969, 0.0629313966, -1.62659102e-005, -0.998017855, 1.98852692e-005, 1, -1.50443225e-005, 0.99801781, -9.17388406e-006, 0.062932115, 0.0629321147, -2.6280818e-005, -0.99801781, 1.08096071e-005, 1, -2.56513925e-005, 0, 0, 0, 0, 0, 0, 0, 0.39151272, -0.193049609, -0.160498169, -0.484130858, 0.45628649, -0.746533196, -0.861450195, -0.397827148, 0.315429688, -0.153078611, 0.795841066, 0.58578753, 0, 0, 0, 0, 0, 0, 0, 0.41496001, -0.124150342, -0.122236182, -0.247847435, 0.399717912, -0.882396949, 0.239379883, -0.857299805, -0.455566406, -0.938641863, -0.324129458, 0.116778149, 0, 2, 1, 1, 
346.356468, 24, 0.1, 0.1, 0.00484951267, 0.358367077, -0.0199701412, 0.998018091, 1.91974615e-005, 0.0629276537, 0.0629276539, -1.22684917e-005, -0.998018091, -1.83873865e-005, 1, -1.34522279e-005, 0.998018044, 1.89834529e-005, 0.0629283955, 0.0629283954, 6.14343428e-006, -0.998018044, -1.9332425e-005, 1, 4.93666004e-006, 0, 0, 0, 0, 0, 0, 0, 0.39151272, -0.193049609, -0.160498169, -0.484130858, 0.45628649, -0.746533196, -0.861450195, -0.397827148, 0.315429688, -0.153078611, 0.795841066, 0.58578753, 0, 0, 0, 0, 0, 0, 0, 0.41496001, -0.124150342, -0.122236182, -0.247847435, 0.399717912, -0.882396949, 0.239379883, -0.857299805, -0.455566406, -0.938641863, -0.324129458, 0.116778149, 0, 2, 1, 1, 
346.357157, 24, 0.1, 0.1, 0.00484951451, 0.358367078, -0.0199706149, 0.998018322, -9.94620093e-006, 0.0629239876, 0.0629239878, 1.80780053e-005, -0.998018322, 8.78895058e-006, 1, 1.86680351e-005, 0.998018276, -1.93681744e-005, 0.0629247163, 0.0629247165, 8.04352207e-006, -0.998018276, 1.88236557e-005, 1, 9.24631891e-006, 0, 0, 0, 0, 0, 0, 0, 0.39151272, -0.193049609, -0.160498169, -0.484130858, 0.45628649, -0.746533196, -0.861450195, -0.397827148, 0.315429688, -0.153078611, 0.795841066, 0.58578753, 0, 0, 0, 0, 0, 0, 0, 0.41496001, -0.124150342, -0.122236182, -0.247847435, 0.399717912, -0.882396949, 0.239379883, -0.857299805, -0.455566406, -0.938641863, -0.324129458, 0.116778149, 0, 2, 1, 1, 
346.357857, 24, 0.1, 0.1, 0.00484951266, 0.358367079, -0.0199707812, 0.998018556, -9.58578645e-006, 0.0629202872, 0.062920287, -1.67704995e-005, -0.998018556, 1.06219974e-005, 1, -1.61341292e-005, 0.998018509, 9.29597163e-006, 0.0629210263, 0.0629210264, -1.70073055e-005, -0.998018509, -8.20743462e-006, 1, -1.75585178e-005, 0, 0, 0, 0, 0, 0, 0, 0.39151272, -0.193049609, -0.160498169, -0.484130858, 0.45628649, -0.746533196, -0.861450195, -0.397827148, 0.315429688, -0.153078611, 0.795841066, 0.58578753, 0, 0, 0, 0, 0, 0, 0, 0.41496001, -0.124150342, -0.122236182, -0.247847435, 0.399717912, -0.882396949, 0.239379883, -0.857299805, -0.455566406, -0.938641863, -0.324129458, 0.116778149, 0, 2, 1, 1, 
346.358568, 24, 0.1, 0.1, 0.0048495133, 0.358367076, -0.0199705368, 0.998018791, 1.97143132e-005, 0.0629165491, 0.0629165489, 1.20531396e-005, -0.998018791, -2.0433597e-005, 1, 1.07889033e-005, 0.998018742, 9.5673626e-006, 0.062917333, 0.0629173328, 2.2279124e-005, -0.998018742, -1.09501503e-005, 1, 2.16330304e-005, 0, 0, 0, 0, 0, 0, 0, 0.39151272, -0.193049609, -0.160498169, -0.484130858, 0.45628649, -0.746533196, -0.861450195, -0.397827148, 0.315429688, -0.153078611, 0.795841066, 0.58578753, 0, 0, 0, 0, 0, 0, 0, 0.41496001, -0.124150342, -0.122236182, -0.247847435, 0.399717912, -0.882396949, 0.239379883, -0.857299805, -0.455566406, -0.938641863, -0.324129458, 0.116778149, 0, 2, 1, 1, 
346.359266, 24, 0.1, 0.1, 0.00484951388, 0.358367077, -0.0199698801, 0.998019021, -1.88248686e-005, 0.0629129064, 0.0629129066, 1.17731931e-005, -0.998019021, 1.80468911e-005, 1, 1.29341978e-005, 0.998018975, -1.85523805e-005, 0.0629136264, 0.0629136263, -7.38485196e-006, -0.998018976, 1.89802356e-005, 1, -6.20302485e-006, 0, 0, 0, 0, 0, 0, 0, 0.39151272, -0.193049609, -0.160498169, -0.484130858, 0.45628649, -0.746533196, -0.861450195, -0.397827148, 0.315429688, -0.153078611, 0.795841066, 0.58578753, 0, 0, 0, 0, 0, 0, 0, 0.41496001, -0.124150342, -0.122236182, -0.247847435, 0.399717912, -0.882396949, 0.239379883, -0.857299805, -0.455566406, -0.938641863, -0.324129458, 0.116778149, 0, 2, 1, 1, 
346.359971, 24, 0.1, 0.1, 0.00484951184, 0.358367076, -0.0199691673, 0.998019256, 9.1457784e-006, 0.0629091841, 0.0629091842, -1.80258333e-005, -0.998019255, -7.99367248e-006, 1, -1.85654822e-005, 0.998019206, 2.02526966e-005, 0.0629099677, 0.0629099679, -7.29781336e-006, -0.998019206, -1.9753475e-005, 1, -8.55745438e-006, 0, 0, 0, 0, 0, 0, 0, 0.39151272, -0.193049609, -0.160498169, -0.486368099, 0.459865321, -0.742882851, -0.861328125, -0.395263672, 0.319091797, -0.146915446, 0.795027051, 0.588546354, 0, 0, 0, 0, 0, 0, 0, 0.41496001, -0.124150342, -0.122236182, -0.247847435, 0.399717912, -0.882396949, 0.239379883, -0.857299805, -0.455566406, -0.938641863, -0.324129458, 0.116778149, 0, 2, 1, 1, 
346.360678, 24, 0.1, 0.1, 0.00484951423, 0.358367075, -0.0199684157, 0.99801949, 8.02886408e-006, 0.0629054575, 0.0629054573, 2.27948705e-005, -0.99801949, -9.44688459e-006, 1, 2.22446657e-005, 0.998019445, -1.19497563e-005, 0.0629061802, 0.0629061805, 2.28301698e-005, -0.998019445, 1.04899304e-005, 1, 2.35366669e-005, 0, 0, 0, 0, 0, 0, 0, 0.390970654, -0.194208643, -0.160303223, -0.486368099, 0.459865321, -0.742882851, -0.861328125, -0.395263672, 0.319091797, -0.146915446, 0.795027051, 0.588546354, 0, 0, 0, 0, 0, 0, 0, 0.414483105, -0.124707275, -0.122028906, -0.251821605, 0.401443054, -0.880460353, 0.237060547, -0.856445313, -0.458374023, -0.938200366, -0.324193624, 0.120541232, 0, 2, 1, 1, 
346.361373, 24, 0.1, 0.1, 0.00484951373, 0.358367077, -0.0199680902, 0.998019722, -2.17514504e-005, 0.0629017807, 0.0629017805, -9.19933296e-006, -0.998019722, 2.22870309e-005, 1, -7.81291076e-006, 0.998019676, -1.14664919e-005, 0.06290252, 0.0629025198, -1.94786793e-005, -0.998019675, 1.26690426e-005, 1, -1.8718834e-005, 0, 0, 0, 0, 0, 0, 0, 0.390970654, -0.194208643, -0.160303223, -0.486368099, 0.459865321, -0.742882851, -0.861328125, -0.395263672, 0.319091797, -0.146915446, 0.795027051, 0.588546354, 0, 0, 0, 0, 0, 0, 0, 0.414483105, -0.124707275, -0.122028906, -0.251821605, 0.401443054, -0.880460353, 0.237060547, -0.856445313, -0.458374023, -0.938200366, -0.324193624, 0.120541232, 0, 2, 1, 1, 
346.362062, 24, 0.1, 0.1, 0.00484951311, 0.358367075, -0.0199683141, 0.998019953, 1.98203857e-005, 0.0628981173, 0.0628981175, -1.00026138e-005, -0.998019953, -1.91519948e-005, 1, -1.12294731e-005, 0.998019906, 1.93498524e-005, 0.0628988582, 0.062898858, 1.04465716e-005, -0.998019906, -1.99686153e-005, 1, 9.20880278e-006, 0, 0, 0, 0, 0, 0, 0, 0.390970654, -0.194208643, -0.160303223, -0.486368099, 0.459865321, -0.742882851, -0.861328125, -0.395263672, 0.319091797, -0.146915446, 0.795027051, 0.588546354, 0, 0, 0, 0, 0, 0, 0, 0.414483105, -0.124707275, -0.122028906, -0.251821605, 0.401443054, -0.880460353, 0.237060547, -0.856445313, -0.458374023, -0.938200366, -0.324193624, 0.120541232, 0, 2, 1, 1, 
346.362758, 24, 0.1, 0.1, 0.0048495151, 0.358367076, -0.0199689303, 0.998020187, -1.02915925e-005, 0.0628944074, 0.0628944076, 1.87148384e-005, -0.998020187, 9.09415836e-006, 1, 1.93250701e-005, 0.998020141, -2.04152968e-005, 0.0628951363, 0.0628951365, 8.87638019e-006, -0.998020141, 1.98165962e-005, 1, 1.01428291e-005, 0, 0, 0, 0, 0, 0, 0, 0.390970654, -0.194208643, -0.160303223, -0.486368099, 0.459865321, -0.742882851, -0.861328125, -0.395263672, 0.319091797, -0.146915446, 0.795027051, 0.588546354, 0, 0, 0, 0, 0, 0, 0, 0.414483105, -0.124707275, -0.122028906, -0.251821605, 0.401443054, -0.880460353, 0.237060547, -0.856445313, -0.458374023, -0.938200366, -0.324193624, 0.120541232, 0, 2, 1, 1, 
346.363454, 24, 0.1, 0.1, 0.00484951298, 0.358367076, -0.0199697054, 0.998020421, -8.23064237e-006, 0.0628906956, 0.0628906954, -2.10316354e-005, -0.998020421, 9.53704334e-006, 1, -2.04723708e-005, 0.998020374, 1.08768481e-005, 0.0628914332, 0.0628914334, -2.06591263e-005, -0.998020374, -9.5560339e-006, 1, -2.13022896e-005, 0, 0, 0, 0, 0, 0, 0, 0.390970654, -0.194208643, -0.160303223, -0.486368099, 0.459865321, -0.742882851, -0.861328125, -0.395263672, 0.319091797, -0.146915446, 0.795027051, 0.588546354, 0, 0, 0, 0, 0, 0, 0, 0.414483105, -0.124707275, -0.122028906, -0.251821605, 0.401443054, -0.880460353, 0.237060547, -0.856445313, -0.458374023, -0.938200366, -0.324193624, 0.120541232, 0, 2, 1, 1, 
346.364147, 24, 0.1, 0.1, 0.00484951356, 0.358367075, -0.019970433, 0.998020652, 1.95975363e-005, 0.0628870162, 0.062887016, 8.30443927e-006, -0.998020653, -2.00809874e-005, 1, 7.05557132e-006, 0.998020606, 9.95610662e-006, 0.0628877501, 0.0628877499, 1.78538613e-005, -0.998020606, -1.10591887e-005, 1, 1.71924043e-005, 0, 0, 0, 0, 0, 0, 0, 0.390970654, -0.194208643, -0.160303223, -0.486368099, 0.459865321, -0.742882851, -0.861328125, -0.395263672, 0.319091797, -0.146915446, 0.795027051, 0.588546354, 0, 0, 0, 0, 0, 0, 0, 0.414483105, -0.124707275, -0.122028906, -0.251821605, 0.401443054, -0.880460353, 0.237060547, -0.856445313, -0.458374023, -0.938200366, -0.324193624, 0.120541232, 0, 2, 1, 1, 
346.364854, 24, 0.1, 0.1, 0.00484951406, 0.358367077, -0.0199708881, 0.998020888, -1.75887232e-005, 0.0628832856, 0.0628832858, 9.47679282e-006, -0.998020888, 1.69579812e-005, 1, 1.05640739e-005, 0.998020837, -1.73001428e-005, 0.0628840867, 0.0628840865, -1.08617587e-005, -0.998020837, 1.79489348e-005, 1, -9.75235781e-006, 0, 0, 0, 0, 0, 0, 0, 0.390970654, -0.194208643, -0.160303223, -0.488949067, 0.462847306, -0.739333977, -0.860473633, -0.394897461, 0.321899414, -0.142922494, 0.793566016, 0.591444842, 0, 0, 0, 0, 0, 0, 0, 0.414483105, -0.124707275, -0.122028906, -0.251821605, 0.401443054, -0.880460353, 0.237060547, -0.856445313, -0.458374023, -0.938200366, -0.324193624, 0.120541232, 0, 2, 1, 1, 
346.365561, 24, 0.1, 0.1, 0.0048495117, 0.358367076, -0.0199706936, 0.998021123, 1.16928854e-005, 0.0628795587, 0.0628795589, -1.80766846e-005, -0.998021122, -1.05330927e-005, 1, -1.87761566e-005, 0.998021077, 2.15097968e-005, 0.0628802814, 0.0628802816, -8.67528226e-006, -0.998021077, -2.09217263e-005, 1, -1.00106566e-005, 0, 0, 0, 0, 0, 0, 0, 0.390627661, -0.194953662, -0.159889795, -0.488949067, 0.462847306, -0.739333977, -0.860473633, -0.394897461, 0.321899414, -0.142922494, 0.793566016, 0.591444842, 0, 0, 0, 0, 0, 0, 0, 0.414540576, -0.125550439, -0.121681885, -0.254434837, 0.402171463, -0.879367372, 0.235595703, -0.856079102, -0.459716797, -0.937861315, -0.324117065, 0.122988221, 0, 2, 1, 1, 
