time, trialNum, realDorsalTactorPos, realVentralTactorPos, boxPosX, boxPosY, boxPosZ, boxLocalRot_11, boxLocalRot_12, boxLocalRot_13, boxLocalRot_21, boxLocalRot_22, boxLocalRot_23, boxLocalRot_31, boxLocalRot_32, boxLocalRot_33, boxGlobalRot_11, boxGlobalRot_12, boxGlobalRot_13, boxGlobalRot_21, boxGlobalRot_22, boxGlobalRot_23, boxGlobalRot_31, boxGlobalRot_32, boxGlobalRot_33, indexForceX, indexForceY, indexForceZ, indexForceGlobalX, indexForceGlobalY, indexForceGlobalZ, indexContact, indexPosX, indexPosY, indexPosZ, indexRot_11, indexRot_12, indexRot_13, indexRot_21, indexRot_22, indexRot_23, indexRot_31, indexRot_32, indexRot_33, thumbForceX, thumbForceY, thumbForceZ, thumbForceGlobalX, thumbForceGlobalY, thumbForceGlobalZ, thumbContact, thumbPosX, thumbPosY, thumbPosZ, thumbRot_11, thumbRot_12, thumbRot_13, thumbRot_21, thumbRot_22, thumbRot_23, thumbRot_31, thumbRot_32, thumbRot_33, manipForceTooHigh, cceExpType, mapping, trialSuccess, 
864.901104, 58, 0.1, 0.1, -0.0169992289, 0.385403239, -0.0199729912, 0.968432729, -1.89288185e-006, 0.249275049, 0.249275049, -1.22617726e-005, -0.968432729, 4.8896827e-006, 1, -1.14028537e-005, 0.968432712, -6.16054159e-006, 0.249275115, 0.249275115, -1.35130568e-005, -0.968432712, 9.33453879e-006, 1, -1.15508165e-005, 0, 0, 0, 0, 0, 0, 0, 0.216011426, -0.0795775879, -0.187178638, -0.569972491, 0.282135374, -0.771706804, -0.782470703, 0.100097656, 0.614624023, 0.250697105, 0.95418416, 0.163876832, 0, 0, -0, 0, 0, 0, 0, 0.281503857, -0.0272957031, -0.166581982, -0.11690161, 0.207972367, -0.971039579, 0.670166016, -0.705078125, -0.231689453, -0.732909304, -0.67777467, -0.0570137978, 0, 2, 5, 1, 
864.948029, 58, 0.1, 0.1, -0.0169992466, 0.385403242, -0.0199685121, 0.968440095, -9.00336104e-006, 0.249246427, 0.249246428, 1.9499026e-005, -0.968440095, 3.85915325e-006, 1, 2.11276942e-005, 0.968440108, -1.42446208e-005, 0.249246378, 0.249246378, 1.90903646e-005, -0.968440108, 9.0368579e-006, 1, 2.20382949e-005, 0, 0, 0, 0, 0, 0, 0, 0.230882568, -0.107753638, -0.17783728, -0.597032752, 0.272205784, -0.754606447, -0.766357422, 0.0838623047, 0.63671875, 0.236691423, 0.958599467, 0.158696563, 0, 0, -0, 0, 0, 0, 0, 0.295097949, -0.0559478027, -0.158932861, -0.143049227, 0.172819107, -0.974446085, 0.694580078, -0.68371582, -0.223266602, -0.704849109, -0.708841051, -0.022267421, 0, 2, 5, 1, 
864.948716, 58, 0.1, 0.1, -0.0169992475, 0.385403244, -0.0199682248, 0.968440083, -9.16279684e-006, 0.249246475, 0.249246475, -1.015644e-005, -0.968440083, 1.14050766e-005, 1, -7.55210878e-006, 0.968440078, -1.48889606e-006, 0.249246497, 0.249246497, -1.9401936e-005, -0.968440077, 6.2777712e-006, 1, -1.84185103e-005, 0, 0, 0, 0, 0, 0, 0, 0.230882568, -0.107753638, -0.17783728, -0.597032752, 0.272205784, -0.754606447, -0.766357422, 0.0838623047, 0.63671875, 0.236691423, 0.958599467, 0.158696563, 0, 0, -0, 0, 0, 0, 0, 0.295097949, -0.0559478027, -0.158932861, -0.143049227, 0.172819107, -0.974446085, 0.694580078, -0.68371582, -0.223266602, -0.704849109, -0.708841051, -0.022267421, 0, 2, 5, 1, 
864.949401, 58, 0.1, 0.1, -0.0169992473, 0.385403242, -0.0199684818, 0.968440156, -4.84960605e-006, 0.249246192, 0.249246192, -1.21039992e-005, -0.968440156, 7.71342895e-006, 1, -1.0513253e-005, 0.968440139, 4.3429266e-006, 0.249246259, 0.249246259, 1.11840294e-005, -0.968440139, -6.99344192e-006, 1, 9.74860476e-006, 0, 0, 0, 0, 0, 0, 0, 0.230882568, -0.107753638, -0.17783728, -0.597032752, 0.272205784, -0.754606447, -0.766357422, 0.0838623047, 0.63671875, 0.236691423, 0.958599467, 0.158696563, 0, 0, -0, 0, 0, 0, 0, 0.295097949, -0.0559478027, -0.158932861, -0.143049227, 0.172819107, -0.974446085, 0.694580078, -0.68371582, -0.223266602, -0.704849109, -0.708841051, -0.022267421, 0, 2, 5, 1, 
864.950086, 58, 0.1, 0.1, -0.0169992472, 0.385403243, -0.0199692021, 0.968440209, -7.67416872e-007, 0.249245985, 0.249245985, 1.84624609e-005, -0.968440209, -3.8584969e-006, 1, 1.80710651e-005, 0.968440206, 7.03669409e-006, 0.249245998, 0.249245997, 1.10232018e-005, -0.968440206, -9.5621064e-006, 1, 8.921444e-006, 0, 0, 0, 0, 0, 0, 0, 0.230882568, -0.107753638, -0.17783728, -0.597032752, 0.272205784, -0.754606447, -0.766357422, 0.0838623047, 0.63671875, 0.236691423, 0.958599467, 0.158696563, 0, 0, -0, 0, 0, 0, 0, 0.295097949, -0.0559478027, -0.158932861, -0.143049227, 0.172819107, -0.974446085, 0.694580078, -0.68371582, -0.223266602, -0.704849109, -0.708841051, -0.022267421, 0, 2, 5, 1, 
864.950768, 58, 0.1, 0.1, -0.0169992462, 0.385403245, -0.0199701629, 0.968440173, 1.15332737e-005, 0.249246124, 0.249246124, -1.71506622e-005, -0.968440173, -6.8945495e-006, 1, -1.94840141e-005, 0.968440187, 7.6509371e-006, 0.249246073, 0.249246073, -1.91236214e-005, -0.968440186, -2.64298742e-006, 1, -2.04270495e-005, 0, 0, 0, 0, 0, 0, 0, 0.230882568, -0.107753638, -0.17783728, -0.597032752, 0.272205784, -0.754606447, -0.766357422, 0.0838623047, 0.63671875, 0.236691423, 0.958599467, 0.158696563, 0, 0, -0, 0, 0, 0, 0, 0.295097949, -0.0559478027, -0.158932861, -0.143049227, 0.172819107, -0.974446085, 0.694580078, -0.68371582, -0.223266602, -0.704849109, -0.708841051, -0.022267421, 0, 2, 5, 1, 
864.951478, 58, 0.1, 0.1, -0.0169992439, 0.385403243, -0.0199707865, 0.968440104, -1.77982648e-006, 0.249246393, 0.249246393, 1.16833912e-005, -0.968440104, -1.18838779e-006, 1, 1.175828e-005, 0.968440115, -1.7249477e-005, 0.249246351, 0.249246351, 1.76968684e-005, -0.968440115, 1.22942056e-005, 1, 2.14377264e-005, 0, 0, 0, 0, 0, 0, 0, 0.231834717, -0.109472437, -0.177454858, -0.600243889, 0.273532026, -0.751566052, -0.763916016, 0.0819091797, 0.640014648, 0.236705649, 0.958389411, 0.159945299, 0, 0, -0, 0, 0, 0, 0, 0.296045703, -0.0576274414, -0.158642236, -0.146192542, 0.171675087, -0.974215675, 0.695922852, -0.682006836, -0.224609375, -0.702970116, -0.710802433, -0.0197883498, 0, 2, 5, 1, 
864.952161, 58, 0.1, 0.1, -0.0169992428, 0.385403245, -0.0199711477, 0.96844011, -1.31349106e-005, 0.249246371, 0.249246371, 9.87827823e-006, -0.96844011, 1.02582493e-005, 1, 1.28403497e-005, 0.968440103, -1.39727322e-005, 0.249246399, 0.249246399, -8.63239662e-006, -0.968440103, 1.5683348e-005, 1, -4.87730588e-006, 0, 0, 0, 0, 0, 0, 0, 0.231834717, -0.109472437, -0.177454858, -0.600243889, 0.273532026, -0.751566052, -0.763916016, 0.0819091797, 0.640014648, 0.236705649, 0.958389411, 0.159945299, 0, 0, -0, 0, 0, 0, 0, 0.296045703, -0.0576274414, -0.158642236, -0.146192542, 0.171675087, -0.974215675, 0.695922852, -0.682006836, -0.224609375, -0.702970116, -0.710802433, -0.0197883498, 0, 2, 5, 1, 
864.952843, 58, 0.1, 0.1, -0.0169992423, 0.385403244, -0.0199712329, 0.96844018, -6.89300091e-006, 0.249246098, 0.249246098, -2.00468446e-005, -0.96844018, 1.16720568e-005, 1, -1.76961162e-005, 0.968440166, -5.70852682e-006, 0.249246152, 0.249246152, -1.03723212e-005, -0.968440166, 8.1136278e-006, 1, -8.62214408e-006, 0, 0, 0, 0, 0, 0, 0, 0.231834717, -0.109472437, -0.177454858, -0.600243889, 0.273532026, -0.751566052, -0.763916016, 0.0819091797, 0.640014648, 0.236705649, 0.958389411, 0.159945299, 0, 0, -0, 0, 0, 0, 0, 0.296045703, -0.0576274414, -0.158642236, -0.146192542, 0.171675087, -0.974215675, 0.695922852, -0.682006836, -0.224609375, -0.702970116, -0.710802433, -0.0197883498, 0, 2, 5, 1, 
864.953526, 58, 0.1, 0.1, -0.0169992424, 0.385403243, -0.0199710087, 0.968440211, -1.05341117e-005, 0.249245977, 0.249245977, 1.50693468e-005, -0.968440211, 6.44568328e-006, 1, 1.72193463e-005, 0.968440212, 2.03158498e-006, 0.249245975, 0.249245975, 1.94440465e-005, -0.968440212, -6.8138189e-006, 1, 1.83240321e-005, 0, 0, 0, 0, 0, 0, 0, 0.231834717, -0.109472437, -0.177454858, -0.600243889, 0.273532026, -0.751566052, -0.763916016, 0.0819091797, 0.640014648, 0.236705649, 0.958389411, 0.159945299, 0, 0, -0, 0, 0, 0, 0, 0.296045703, -0.0576274414, -0.158642236, -0.146192542, 0.171675087, -0.974215675, 0.695922852, -0.682006836, -0.224609375, -0.702970116, -0.710802433, -0.0197883498, 0, 2, 5, 1, 
864.954208, 58, 0.1, 0.1, -0.0169992433, 0.385403245, -0.0199705693, 0.96844016, 1.02777711e-005, 0.249246176, 0.249246176, -6.42689573e-006, -0.96844016, -8.35152712e-006, 1, -8.78575908e-006, 0.968440174, 1.717548e-005, 0.249246121, 0.249246121, -1.50487506e-005, -0.968440174, -1.28825821e-005, 1, -1.88547364e-005, 0, 0, 0, 0, 0, 0, 0, 0.231834717, -0.109472437, -0.177454858, -0.600243889, 0.273532026, -0.751566052, -0.763916016, 0.0819091797, 0.640014648, 0.236705649, 0.958389411, 0.159945299, 0, 0, -0, 0, 0, 0, 0, 0.296045703, -0.0576274414, -0.158642236, -0.146192542, 0.171675087, -0.974215675, 0.695922852, -0.682006836, -0.224609375, -0.702970116, -0.710802433, -0.0197883498, 0, 2, 5, 1, 
864.95489, 58, 0.1, 0.1, -0.0169992428, 0.385403244, -0.0199700692, 0.968440102, 1.52071171e-005, 0.249246402, 0.249246402, -6.14734909e-006, -0.968440102, -1.31949774e-005, 1, -9.7436586e-006, 0.968440107, 6.89142399e-006, 0.249246381, 0.249246381, 1.08506319e-005, -0.968440107, -9.37841212e-006, 1, 8.79052465e-006, 0, 0, 0, 0, 0, 0, 0, 0.231834717, -0.109472437, -0.177454858, -0.600243889, 0.273532026, -0.751566052, -0.763916016, 0.0819091797, 0.640014648, 0.236705649, 0.958389411, 0.159945299, 0, 0, -0, 0, 0, 0, 0, 0.296045703, -0.0576274414, -0.158642236, -0.146192542, 0.171675087, -0.974215675, 0.695922852, -0.682006836, -0.224609375, -0.702970116, -0.710802433, -0.0197883498, 0, 2, 5, 1, 
864.955573, 58, 0.1, 0.1, -0.0169992423, 0.385403244, -0.019969628, 0.968440128, 1.86437716e-006, 0.249246301, 0.249246301, 2.1618489e-005, -0.968440128, -7.19386606e-006, 1, 2.04715231e-005, 0.968440115, -9.28940253e-006, 0.249246353, 0.249246353, 9.61820836e-006, -0.968440115, 6.59892669e-006, 1, 1.16300085e-005, 0, 0, 0, 0, 0, 0, 0, 0.231834717, -0.109472437, -0.177454858, -0.600243889, 0.273532026, -0.751566052, -0.763916016, 0.0819091797, 0.640014648, 0.236705649, 0.958389411, 0.159945299, 0, 0, -0, 0, 0, 0, 0, 0.296045703, -0.0576274414, -0.158642236, -0.146192542, 0.171675087, -0.974215675, 0.695922852, -0.682006836, -0.224609375, -0.702970116, -0.710802433, -0.0197883498, 0, 2, 5, 1, 
864.956282, 58, 0.1, 0.1, -0.016999242, 0.385403246, -0.0199690759, 0.968440206, -2.62958815e-006, 0.249245998, 0.249245998, -2.17818896e-005, -0.968440206, 7.97564771e-006, 1, -2.04390434e-005, 0.968440193, -7.05937579e-006, 0.24924605, 0.24924605, -2.37613166e-005, -0.968440192, 1.27589976e-005, 1, -2.12518925e-005, 0, 0, 0, 0, 0, 0, 0, 0.232828247, -0.111016821, -0.176904004, -0.60263015, 0.273893728, -0.749541494, -0.762084961, 0.0806884766, 0.642333984, 0.236465636, 0.958332123, 0.1602426, 0, 0, -0, 0, 0, 0, 0, 0.297008105, -0.0597848145, -0.158131543, -0.148895094, 0.1698475, -0.974144946, 0.696655273, -0.681152344, -0.225219727, -0.701781253, -0.712099204, -0.0169578335, 0, 2, 5, 1, 
864.956962, 58, 0.1, 0.1, -0.0169992413, 0.385403244, -0.019968901, 0.968440223, -1.64567987e-005, 0.249245933, 0.249245933, 4.07015678e-006, -0.968440223, 1.49229557e-005, 1, 8.04349367e-006, 0.968440227, -1.44251566e-005, 0.249245916, 0.249245916, 1.52844625e-005, -0.968440227, 1.01603121e-005, 1, 1.83974997e-005, 0, 0, 0, 0, 0, 0, 0, 0.232828247, -0.111016821, -0.176904004, -0.60263015, 0.273893728, -0.749541494, -0.762084961, 0.0806884766, 0.642333984, 0.236465636, 0.958332123, 0.1602426, 0, 0, -0, 0, 0, 0, 0, 0.297008105, -0.0597848145, -0.158131543, -0.148895094, 0.1698475, -0.974144946, 0.696655273, -0.681152344, -0.225219727, -0.701781253, -0.712099204, -0.0169578335, 0, 2, 5, 1, 
864.957645, 58, 0.1, 0.1, -0.0169992415, 0.385403246, -0.0199691256, 0.968440157, -1.30873734e-005, 0.249246189, 0.249246189, 8.76693066e-006, -0.968440157, 1.04892139e-005, 1, 1.17522257e-005, 0.968440173, 5.71874865e-006, 0.249246126, 0.249246126, -7.09133003e-006, -0.968440173, -3.77077939e-006, 1, -8.29290483e-006, 0, 0, 0, 0, 0, 0, 0, 0.232828247, -0.111016821, -0.176904004, -0.60263015, 0.273893728, -0.749541494, -0.762084961, 0.0806884766, 0.642333984, 0.236465636, 0.958332123, 0.1602426, 0, 0, -0, 0, 0, 0, 0, 0.297008105, -0.0597848145, -0.158131543, -0.148895094, 0.1698475, -0.974144946, 0.696655273, -0.681152344, -0.225219727, -0.701781253, -0.712099204, -0.0169578335, 0, 2, 5, 1, 
864.958356, 58, 0.1, 0.1, -0.0169992408, 0.385403246, -0.0199695251, 0.968440109, 7.8319762e-006, 0.249246376, 0.249246376, -1.74835421e-005, -0.968440108, -3.22709037e-006, 1, -1.88838551e-005, 0.968440111, 1.09859417e-005, 0.249246368, 0.249246368, -6.62633324e-006, -0.968440111, -8.98763711e-006, 1, -9.15541297e-006, 0, 0, 0, 0, 0, 0, 0, 0.233608667, -0.112778345, -0.176129907, -0.604838556, 0.274375998, -0.747516935, -0.760375977, 0.0798339844, 0.64453125, 0.236568229, 0.958255739, 0.160539901, 0, 0, -0, 0, 0, 0, 0, 0.297008105, -0.0597848145, -0.158131543, -0.151565562, 0.168339275, -0.973914536, 0.698120117, -0.679321289, -0.226074219, -0.699729819, -0.714098866, -0.0144787623, 0, 2, 5, 1, 
864.959038, 58, 0.1, 0.1, -0.0169992395, 0.385403245, -0.0199698762, 0.96844015, 3.5471732e-006, 0.249246215, 0.249246215, 2.12938798e-005, -0.96844015, -8.74264389e-006, 1, 1.97377287e-005, 0.968440136, -1.13972707e-006, 0.249246271, 0.249246271, 2.09494359e-005, -0.968440136, -4.11781134e-006, 1, 2.05723473e-005, 0, 0, 0, 0, 0, 0, 0, 0.233608667, -0.112778345, -0.176129907, -0.604838556, 0.274375998, -0.747516935, -0.760375977, 0.0798339844, 0.64453125, 0.236568229, 0.958255739, 0.160539901, 0, 0, -0, 0, 0, 0, 0, 0.297990771, -0.0614893555, -0.157617676, -0.151565562, 0.168339275, -0.973914536, 0.698120117, -0.679321289, -0.226074219, -0.699729819, -0.714098866, -0.0144787623, 0, 2, 5, 1, 
864.959722, 58, 0.1, 0.1, -0.016999239, 0.385403247, -0.019970291, 0.968440222, 7.4057007e-006, 0.249245936, 0.249245936, -6.46954714e-006, -0.968440222, -5.5594701e-006, 1, -8.11121048e-006, 0.96844021, -3.44541274e-006, 0.249245983, 0.249245983, -1.96070937e-005, -0.96844021, 8.22366556e-006, 1, -1.81295426e-005, 0, 0, 0, 0, 0, 0, 0, 0.233608667, -0.112778345, -0.176129907, -0.604838556, 0.274375998, -0.747516935, -0.760375977, 0.0798339844, 0.64453125, 0.236568229, 0.958255739, 0.160539901, 0, 0, -0, 0, 0, 0, 0, 0.297990771, -0.0614893555, -0.157617676, -0.151565562, 0.168339275, -0.973914536, 0.698120117, -0.679321289, -0.226074219, -0.699729819, -0.714098866, -0.0144787623, 0, 2, 5, 1, 
864.96041, 58, 0.1, 0.1, -0.0169992379, 0.385403246, -0.0199706071, 0.96844022, -4.59075282e-006, 0.249245945, 0.249245945, -1.18072921e-005, -0.96844022, 7.38878933e-006, 1, -1.029043e-005, 0.968440226, -1.44565733e-005, 0.249245918, 0.249245918, 4.71835559e-006, -0.968440226, 1.28242962e-005, 1, 8.17268723e-006, 0, 0, 0, 0, 0, 0, 0, 0.233608667, -0.112778345, -0.176129907, -0.604838556, 0.274375998, -0.747516935, -0.760375977, 0.0798339844, 0.64453125, 0.236568229, 0.958255739, 0.160539901, 0, 0, -0, 0, 0, 0, 0, 0.297990771, -0.0614893555, -0.157617676, -0.151565562, 0.168339275, -0.973914536, 0.698120117, -0.679321289, -0.226074219, -0.699729819, -0.714098866, -0.0144787623, 0, 2, 5, 1, 
864.961123, 58, 0.1, 0.1, -0.0169992381, 0.385403246, -0.0199706811, 0.968440149, -1.55013422e-005, 0.24924622, 0.249246221, 1.78505856e-005, -0.968440148, 1.05629312e-005, 1, 2.11508747e-005, 0.968440165, -8.29154891e-006, 0.249246157, 0.249246157, 8.51221923e-006, -0.968440165, 5.90823106e-006, 1, 1.03102117e-005, 0, 0, 0, 0, 0, 0, 0, 0.233608667, -0.112778345, -0.176129907, -0.604838556, 0.274375998, -0.747516935, -0.760375977, 0.0798339844, 0.64453125, 0.236568229, 0.958255739, 0.160539901, 0, 0, -0, 0, 0, 0, 0, 0.297990771, -0.0614893555, -0.157617676, -0.151565562, 0.168339275, -0.973914536, 0.698120117, -0.679321289, -0.226074219, -0.699729819, -0.714098866, -0.0144787623, 0, 2, 5, 1, 
864.961806, 58, 0.1, 0.1, -0.0169992387, 0.385403247, -0.0199702863, 0.968440121, -1.88210498e-006, 0.24924633, 0.24924633, -1.76277299e-005, -0.96844012, 6.21635295e-006, 1, -1.66022931e-005, 0.968440119, 1.1564588e-005, 0.249246336, 0.249246336, -1.48621933e-005, -0.968440119, -7.49526379e-006, 1, -1.72755754e-005, 0, 0, 0, 0, 0, 0, 0, 0.233608667, -0.112778345, -0.176129907, -0.604838556, 0.274375998, -0.747516935, -0.760375977, 0.0798339844, 0.64453125, 0.236568229, 0.958255739, 0.160539901, 0, 0, -0, 0, 0, 0, 0, 0.297990771, -0.0614893555, -0.157617676, -0.151565562, 0.168339275, -0.973914536, 0.698120117, -0.679321289, -0.226074219, -0.699729819, -0.714098866, -0.0144787623, 0, 2, 5, 1, 
864.962491, 58, 0.1, 0.1, -0.0169992385, 0.385403245, -0.0199698816, 0.968440177, 5.87224249e-006, 0.249246109, 0.249246109, 1.00945021e-005, -0.968440177, -8.20293092e-006, 1, 8.31228779e-006, 0.968440162, 7.87671647e-006, 0.24924617, 0.249246169, 2.1807178e-005, -0.968440162, -1.30634842e-005, 1, 1.91557056e-005, 0, 0, 0, 0, 0, 0, 0, 0.233608667, -0.112778345, -0.176129907, -0.604838556, 0.274375998, -0.747516935, -0.760375977, 0.0798339844, 0.64453125, 0.236568229, 0.958255739, 0.160539901, 0, 0, -0, 0, 0, 0, 0, 0.297990771, -0.0614893555, -0.157617676, -0.151565562, 0.168339275, -0.973914536, 0.698120117, -0.679321289, -0.226074219, -0.699729819, -0.714098866, -0.0144787623, 0, 2, 5, 1, 
864.963208, 58, 0.1, 0.1, -0.0169992391, 0.385403247, -0.0199693648, 0.968440243, 1.16661016e-005, 0.249245854, 0.249245853, 1.25543774e-005, -0.968440243, -1.44270488e-005, 1, 9.25043681e-006, 0.968440237, 1.28102055e-005, 0.249245878, 0.249245878, -6.80541664e-006, -0.968440237, -1.07096964e-005, 1, -9.7835302e-006, 0, 0, 0, 0, 0, 0, 0, 0.234640161, -0.114569043, -0.1751698, -0.606482316, 0.274274526, -0.746190693, -0.759033203, 0.0791015625, 0.646118164, 0.236334208, 0.958395402, 0.160329845, 0, 0, -0, 0, 0, 0, 0, 0.299021533, -0.0632187988, -0.156910596, -0.153494862, 0.166466845, -0.974010052, 0.699707031, -0.677612305, -0.226074219, -0.697723228, -0.716136807, -0.0124021753, 0, 2, 5, 1, 
864.963907, 58, 0.1, 0.1, -0.0169992387, 0.385403247, -0.0199688245, 0.968440216, 1.35547641e-005, 0.249245957, 0.249245957, -2.21251316e-005, -0.968440216, -7.61237904e-006, 1, -2.48053374e-005, 0.96844023, -2.34825607e-006, 0.249245903, 0.249245903, -1.66847163e-005, -0.96844023, 6.43274281e-006, 1, -1.55728573e-005, 0, 0, 0, 0, 0, 0, 0, 0.234640161, -0.114569043, -0.1751698, -0.606482316, 0.274274526, -0.746190693, -0.759033203, 0.0791015625, 0.646118164, 0.236334208, 0.958395402, 0.160329845, 0, 0, -0, 0, 0, 0, 0, 0.299021533, -0.0632187988, -0.156910596, -0.153494862, 0.166466845, -0.974010052, 0.699707031, -0.677612305, -0.226074219, -0.697723228, -0.716136807, -0.0124021753, 0, 2, 5, 1, 
864.9646, 58, 0.1, 0.1, -0.016999238, 0.385403247, -0.0199685109, 0.968440139, -1.23030409e-005, 0.249246258, 0.249246258, 1.49995998e-005, -0.968440139, 8.17616447e-006, 1, 1.75927015e-005, 0.968440153, -1.72423741e-005, 0.249246205, 0.249246205, 1.40255501e-005, -0.968440152, 1.32023923e-005, 1, 1.78805022e-005, 0, 0, 0, 0, 0, 0, 0, 0.234640161, -0.114569043, -0.1751698, -0.606482316, 0.274274526, -0.746190693, -0.759033203, 0.0791015625, 0.646118164, 0.236334208, 0.958395402, 0.160329845, 0, 0, -0, 0, 0, 0, 0, 0.299021533, -0.0632187988, -0.156910596, -0.153494862, 0.166466845, -0.974010052, 0.699707031, -0.677612305, -0.226074219, -0.697723228, -0.716136807, -0.0124021753, 0, 2, 5, 1, 
864.965342, 58, 0.1, 0.1, -0.0169992383, 0.38540325, -0.0199681994, 0.968440126, -1.33953311e-005, 0.24924631, 0.24924631, -1.41108988e-005, -0.968440126, 1.64896656e-005, 1, -1.03268238e-005, 0.96844012, -6.13186199e-006, 0.249246332, 0.249246332, -2.44051721e-005, -0.96844012, 1.20212408e-005, 1, -2.21066037e-005, 0, 0, 0, 0, 0, 0, 0, 0.234640161, -0.114569043, -0.1751698, -0.606482316, 0.274274526, -0.746190693, -0.759033203, 0.0791015625, 0.646118164, 0.236334208, 0.958395402, 0.160329845, 0, 0, -0, 0, 0, 0, 0, 0.299021533, -0.0632187988, -0.156910596, -0.153494862, 0.166466845, -0.974010052, 0.699707031, -0.677612305, -0.226074219, -0.697723228, -0.716136807, -0.0124021753, 0, 2, 5, 1, 
864.966031, 58, 0.1, 0.1, -0.0169992376, 0.385403248, -0.0199681796, 0.968440201, -7.07795526e-006, 0.249246017, 0.249246017, -1.20401599e-005, -0.968440201, 9.85553831e-006, 1, -9.89602269e-006, 0.968440183, 1.97823402e-006, 0.249246088, 0.249246088, 1.11814162e-005, -0.968440183, -4.70272556e-006, 1, 1.03354656e-005, 0, 0, 0, 0, 0, 0, 0, 0.234640161, -0.114569043, -0.1751698, -0.606482316, 0.274274526, -0.746190693, -0.759033203, 0.0791015625, 0.646118164, 0.236334208, 0.958395402, 0.160329845, 0, 0, -0, 0, 0, 0, 0, 0.299021533, -0.0632187988, -0.156910596, -0.153494862, 0.166466845, -0.974010052, 0.699707031, -0.677612305, -0.226074219, -0.697723228, -0.716136807, -0.0124021753, 0, 2, 5, 1, 
864.96672, 58, 0.1, 0.1, -0.0169992375, 0.385403249, -0.0199686807, 0.968440256, -2.36474721e-007, 0.249245804, 0.249245803, 2.35342367e-005, -0.968440256, -5.63679811e-006, 1, 2.28504426e-005, 0.968440253, 7.09055222e-006, 0.249245817, 0.249245817, 1.5395219e-005, -0.968440252, -1.07039701e-005, 1, 1.31420593e-005, 0, 0, 0, 0, 0, 0, 0, 0.234640161, -0.114569043, -0.1751698, -0.606482316, 0.274274526, -0.746190693, -0.759033203, 0.0791015625, 0.646118164, 0.236334208, 0.958395402, 0.160329845, 0, 0, -0, 0, 0, 0, 0, 0.299021533, -0.0632187988, -0.156910596, -0.153494862, 0.166466845, -0.974010052, 0.699707031, -0.677612305, -0.226074219, -0.697723228, -0.716136807, -0.0124021753, 0, 2, 5, 1, 
864.967409, 58, 0.1, 0.1, -0.0169992371, 0.385403249, -0.0199694832, 0.96844022, 1.5850771e-005, 0.249245944, 0.249245944, -1.24215672e-005, -0.96844022, -1.22544989e-005, 1, -1.59802856e-005, 0.968440233, 1.12220358e-005, 0.249245891, 0.249245891, -1.4506192e-005, -0.968440233, -7.25226222e-006, 1, -1.68454263e-005, 0, 0, 0, 0, 0, 0, 0, 0.234640161, -0.114569043, -0.1751698, -0.606482316, 0.274274526, -0.746190693, -0.759033203, 0.0791015625, 0.646118164, 0.236334208, 0.958395402, 0.160329845, 0, 0, -0, 0, 0, 0, 0, 0.299021533, -0.0632187988, -0.156910596, -0.153494862, 0.166466845, -0.974010052, 0.699707031, -0.677612305, -0.226074219, -0.697723228, -0.716136807, -0.0124021753, 0, 2, 5, 1, 
864.968126, 58, 0.1, 0.1, -0.0169992357, 0.385403247, -0.0199701415, 0.968440148, 3.54338486e-006, 0.249246222, 0.249246222, 1.48447396e-005, -0.968440148, -7.13155143e-006, 1, 1.34930666e-005, 0.96844016, -1.24335199e-005, 0.249246177, 0.249246177, 2.16859501e-005, -0.96844016, 6.63597983e-006, 1, 2.41005523e-005, 0, 0, 0, 0, 0, 0, 0, 0.235890869, -0.116365845, -0.173989868, -0.608183365, 0.274052487, -0.744946827, -0.75793457, 0.078125, 0.647583008, 0.235738484, 0.958554162, 0.16038002, 0, 0, -0, 0, 0, 0, 0, 0.29996416, -0.0651314453, -0.156161768, -0.156599897, 0.165028982, -0.97368376, 0.700439453, -0.676391602, -0.227294922, -0.69620844, -0.717638102, -0.00966754098, 0, 2, 5, 1, 
864.968814, 58, 0.1, 0.1, -0.0169992356, 0.385403248, -0.0199705833, 0.968440155, -9.20994021e-006, 0.249246194, 0.249246194, 9.43856287e-006, -0.968440155, 6.56675006e-006, 1, 1.14362258e-005, 0.968440147, -9.71962796e-006, 0.249246225, 0.249246225, -9.23370551e-006, -0.968440147, 1.17143442e-005, 1, -6.51971055e-006, 0, 0, 0, 0, 0, 0, 0, 0.235890869, -0.116365845, -0.173989868, -0.608183365, 0.274052487, -0.744946827, -0.75793457, 0.078125, 0.647583008, 0.235738484, 0.958554162, 0.16038002, 0, 0, -0, 0, 0, 0, 0, 0.29996416, -0.0651314453, -0.156161768, -0.156599897, 0.165028982, -0.97368376, 0.700439453, -0.676391602, -0.227294922, -0.69620844, -0.717638102, -0.00966754098, 0, 2, 5, 1, 
864.969503, 58, 0.1, 0.1, -0.0169992358, 0.385403248, -0.0199707921, 0.968440229, -5.21376038e-006, 0.249245909, 0.249245909, -2.38338561e-005, -0.968440229, 1.09897064e-005, 1, -2.17821566e-005, 0.968440215, -3.36219598e-006, 0.249245965, 0.249245965, -1.37533281e-005, -0.968440214, 6.68404732e-006, 1, -1.24812622e-005, 0, 0, 0, 0, 0, 0, 0, 0.235890869, -0.116365845, -0.173989868, -0.608183365, 0.274052487, -0.744946827, -0.75793457, 0.078125, 0.647583008, 0.235738484, 0.958554162, 0.16038002, 0, 0, -0, 0, 0, 0, 0, 0.29996416, -0.0651314453, -0.156161768, -0.156599897, 0.165028982, -0.97368376, 0.700439453, -0.676391602, -0.227294922, -0.69620844, -0.717638102, -0.00966754098, 0, 2, 5, 1, 
864.970193, 58, 0.1, 0.1, -0.0169992359, 0.385403248, -0.0199707425, 0.968440263, -1.21645699e-005, 0.249245775, 0.249245775, 1.11021459e-005, -0.968440263, 9.01349634e-006, 1, 1.37837327e-005, 0.968440264, 1.18365203e-006, 0.249245774, 0.249245774, 1.55638392e-005, -0.968440264, -5.02551743e-006, 1, 1.47776283e-005, 0, 0, 0, 0, 0, 0, 0, 0.235890869, -0.116365845, -0.173989868, -0.608183365, 0.274052487, -0.744946827, -0.75793457, 0.078125, 0.647583008, 0.235738484, 0.958554162, 0.16038002, 0, 0, -0, 0, 0, 0, 0, 0.29996416, -0.0651314453, -0.156161768, -0.156599897, 0.165028982, -0.97368376, 0.700439453, -0.676391602, -0.227294922, -0.69620844, -0.717638102, -0.00966754098, 0, 2, 5, 1, 
864.970876, 58, 0.1, 0.1, -0.0169992362, 0.385403251, -0.0199705048, 0.968440213, 6.5271539e-006, 0.249245971, 0.249245971, -1.00902728e-005, -0.968440213, -3.80619847e-006, 1, -1.13986927e-005, 0.968440227, 1.38278866e-005, 0.249245917, 0.249245917, -1.89582753e-005, -0.968440227, -8.66620891e-006, 1, -2.18065007e-005, 0, 0, 0, 0, 0, 0, 0, 0.235890869, -0.116365845, -0.173989868, -0.608183365, 0.274052487, -0.744946827, -0.75793457, 0.078125, 0.647583008, 0.235738484, 0.958554162, 0.16038002, 0, 0, -0, 0, 0, 0, 0, 0.29996416, -0.0651314453, -0.156161768, -0.156599897, 0.165028982, -0.97368376, 0.700439453, -0.676391602, -0.227294922, -0.69620844, -0.717638102, -0.00966754098, 0, 2, 5, 1, 
864.971566, 58, 0.1, 0.1, -0.0169992349, 0.38540325, -0.0199701483, 0.968440156, 1.09802489e-005, 0.249246192, 0.249246192, -7.66312855e-006, -0.968440156, -8.7237084e-006, 1, -1.01580666e-005, 0.968440161, 2.29990724e-006, 0.249246172, 0.249246172, 9.23578375e-006, -0.968440161, -4.52930629e-006, 1, 8.37106083e-006, 0, 0, 0, 0, 0, 0, 0, 0.235890869, -0.116365845, -0.173989868, -0.608183365, 0.274052487, -0.744946827, -0.75793457, 0.078125, 0.647583008, 0.235738484, 0.958554162, 0.16038002, 0, 0, -0, 0, 0, 0, 0, 0.29996416, -0.0651314453, -0.156161768, -0.156599897, 0.165028982, -0.97368376, 0.700439453, -0.676391602, -0.227294922, -0.69620844, -0.717638102, -0.00966754098, 0, 2, 5, 1, 
864.972253, 58, 0.1, 0.1, -0.0169992341, 0.38540325, -0.0199697672, 0.968440183, 2.47170265e-007, 0.249246087, 0.249246087, 2.35700305e-005, -0.968440183, -6.11410748e-006, 1, 2.27645584e-005, 0.968440169, -1.13298095e-005, 0.24924614, 0.24924614, 1.11595378e-005, -0.968440169, 8.19077094e-006, 1, 1.3631256e-005, 0, 0, 0, 0, 0, 0, 0, 0.235890869, -0.116365845, -0.173989868, -0.608183365, 0.274052487, -0.744946827, -0.75793457, 0.078125, 0.647583008, 0.235738484, 0.958554162, 0.16038002, 0, 0, -0, 0, 0, 0, 0, 0.29996416, -0.0651314453, -0.156161768, -0.156599897, 0.165028982, -0.97368376, 0.700439453, -0.676391602, -0.227294922, -0.69620844, -0.717638102, -0.00966754098, 0, 2, 5, 1, 
864.972963, 58, 0.1, 0.1, -0.0169992336, 0.385403251, -0.0199692408, 0.968440263, -2.83251376e-006, 0.249245776, 0.249245776, -2.00279985e-005, -0.968440263, 7.73501439e-006, 1, -1.8689928e-005, 0.968440249, -7.7502186e-006, 0.249245829, 0.249245828, -2.23123409e-005, -0.968440249, 1.30668815e-005, 1, -1.96764594e-005, 0, 0, 0, 0, 0, 0, 0, 0.23688916, -0.11816875, -0.17278479, -0.610468155, 0.273709881, -0.743176507, -0.756225586, 0.0772705078, 0.649658203, 0.235358807, 0.958732017, 0.159852445, 0, 0, -0, 0, 0, 0, 0, 0.30089873, -0.0666144531, -0.155644482, -0.160011535, 0.163533517, -0.97347887, 0.701782227, -0.674560547, -0.228637695, -0.694112163, -0.719759165, -0.00694566653, 0, 2, 5, 1, 
864.973655, 58, 0.1, 0.1, -0.0169992332, 0.385403249, -0.0199688561, 0.968440281, -1.38865784e-005, 0.249245704, 0.249245704, 5.85355358e-006, -0.968440282, 1.19893488e-005, 1, 9.12998709e-006, 0.968440286, -1.24520502e-005, 0.249245689, 0.249245689, 1.74595876e-005, -0.968440285, 7.70734009e-006, 1, 2.00121878e-005, 0, 0, 0, 0, 0, 0, 0, 0.23688916, -0.11816875, -0.17278479, -0.610468155, 0.273709881, -0.743176507, -0.756225586, 0.0772705078, 0.649658203, 0.235358807, 0.958732017, 0.159852445, 0, 0, -0, 0, 0, 0, 0, 0.30089873, -0.0666144531, -0.155644482, -0.160011535, 0.163533517, -0.97347887, 0.701782227, -0.674560547, -0.228637695, -0.694112163, -0.719759165, -0.00694566653, 0, 2, 5, 1, 
864.974345, 58, 0.1, 0.1, -0.0169992344, 0.385403251, -0.0199688063, 0.968440215, -8.02669289e-006, 0.249245961, 0.249245961, 9.32283773e-006, -0.968440215, 5.44969254e-006, 1, 1.10292318e-005, 0.968440231, 1.05454579e-005, 0.249245899, 0.249245899, -6.3912876e-006, -0.968440231, -8.61964343e-006, 1, -8.81799217e-006, 0, 0, 0, 0, 0, 0, 0, 0.23688916, -0.11816875, -0.17278479, -0.610468155, 0.273709881, -0.743176507, -0.756225586, 0.0772705078, 0.649658203, 0.235358807, 0.958732017, 0.159852445, 0, 0, -0, 0, 0, 0, 0, 0.30089873, -0.0666144531, -0.155644482, -0.160011535, 0.163533517, -0.97347887, 0.701782227, -0.674560547, -0.228637695, -0.694112163, -0.719759165, -0.00694566653, 0, 2, 5, 1, 
864.975066, 58, 0.1, 0.1, -0.0169992348, 0.38540325, -0.0199689883, 0.968440169, 1.26271809e-005, 0.249246142, 0.249246142, -1.94975592e-005, -0.968440169, -7.36897781e-006, 1, -2.20294957e-005, 0.96844017, 1.64438862e-005, 0.249246137, 0.249246137, -7.67595717e-006, -0.96844017, -1.40117173e-005, 1, -1.15322804e-005, 0, 0, 0, 0, 0, 0, 0, 0.237410938, -0.11984751, -0.172174365, -0.61345014, 0.275841903, -0.740034641, -0.753295898, 0.0765380859, 0.653076172, 0.236819843, 0.958147154, 0.160961517, 0, 0, -0, 0, 0, 0, 0, 0.30089873, -0.0666144531, -0.155644482, -0.163333855, 0.163539714, -0.972833216, 0.702270508, -0.673217773, -0.230957031, -0.692865698, -0.720985941, -0.00491392219, 0, 2, 5, 1, 
864.975753, 58, 0.1, 0.1, -0.0169992342, 0.38540325, -0.0199691389, 0.968440217, 6.17782795e-006, 0.249245954, 0.249245953, 2.04168659e-005, -0.968440217, -1.10716783e-005, 1, 1.82327154e-005, 0.968440202, 1.82066862e-006, 0.249246014, 0.249246014, 2.00902723e-005, -0.968440202, -6.77062897e-006, 1, 1.90024329e-005, 0, 0, 0, 0, 0, 0, 0, 0.237410938, -0.11984751, -0.172174365, -0.61345014, 0.275841903, -0.740034641, -0.753295898, 0.0765380859, 0.653076172, 0.236819843, 0.958147154, 0.160961517, 0, 0, -0, 0, 0, 0, 0, 0.301598096, -0.0682025391, -0.155112549, -0.163333855, 0.163539714, -0.972833216, 0.702270508, -0.673217773, -0.230957031, -0.692865698, -0.720985941, -0.00491392219, 0, 2, 5, 1, 
864.976442, 58, 0.1, 0.1, -0.0169992339, 0.385403252, -0.0199695088, 0.968440296, 7.6123565e-006, 0.249245648, 0.249245648, -8.43563911e-006, -0.968440296, -5.26956645e-006, 1, -1.00667596e-005, 0.968440283, -2.98179409e-006, 0.2492457, 0.249245699, -2.19174364e-005, -0.968440283, 8.35051629e-006, 1, -2.0482529e-005, 0, 0, 0, 0, 0, 0, 0, 0.237410938, -0.11984751, -0.172174365, -0.61345014, 0.275841903, -0.740034641, -0.753295898, 0.0765380859, 0.653076172, 0.236819843, 0.958147154, 0.160961517, 0, 0, -0, 0, 0, 0, 0, 0.301598096, -0.0682025391, -0.155112549, -0.163333855, 0.163539714, -0.972833216, 0.702270508, -0.673217773, -0.230957031, -0.692865698, -0.720985941, -0.00491392219, 0, 2, 5, 1, 
864.977149, 58, 0.1, 0.1, -0.0169992327, 0.385403251, -0.0199699404, 0.968440296, -5.22252896e-006, 0.249245646, 0.249245646, -1.43646611e-005, -0.968440296, 8.63803673e-006, 1, -1.2609624e-005, 0.968440304, -1.60158707e-005, 0.249245617, 0.249245617, 4.19838172e-006, -0.968440304, 1.44639865e-005, 1, 8.05776765e-006, 0, 0, 0, 0, 0, 0, 0, 0.237410938, -0.11984751, -0.172174365, -0.61345014, 0.275841903, -0.740034641, -0.753295898, 0.0765380859, 0.653076172, 0.236819843, 0.958147154, 0.160961517, 0, 0, -0, 0, 0, 0, 0, 0.301598096, -0.0682025391, -0.155112549, -0.163333855, 0.163539714, -0.972833216, 0.702270508, -0.673217773, -0.230957031, -0.692865698, -0.720985941, -0.00491392219, 0, 2, 5, 1, 
864.977854, 58, 0.1, 0.1, -0.0169992332, 0.385403252, -0.0199699606, 0.968440222, -1.53255458e-005, 0.249245935, 0.249245936, 1.58263039e-005, -0.968440222, 1.0897233e-005, 1, 1.91466593e-005, 0.968440236, -8.78040972e-006, 0.249245879, 0.24924588, 7.49987985e-006, -0.968440236, 6.63398791e-006, 1, 9.45166636e-006, 0, 0, 0, 0, 0, 0, 0, 0.237410938, -0.11984751, -0.172174365, -0.61345014, 0.275841903, -0.740034641, -0.753295898, 0.0765380859, 0.653076172, 0.236819843, 0.958147154, 0.160961517, 0, 0, -0, 0, 0, 0, 0, 0.301598096, -0.0682025391, -0.155112549, -0.163333855, 0.163539714, -0.972833216, 0.702270508, -0.673217773, -0.230957031, -0.692865698, -0.720985941, -0.00491392219, 0, 2, 5, 1, 
864.97854, 58, 0.1, 0.1, -0.0169992338, 0.385403253, -0.0199699796, 0.96844019, -2.90373603e-006, 0.249246061, 0.249246061, -1.7986025e-005, -0.968440189, 7.29504056e-006, 1, -1.66946447e-005, 0.968440189, 1.09419697e-005, 0.249246064, 0.249246065, -1.56125719e-005, -0.968440189, -6.70527108e-006, 1, -1.7847085e-005, 0, 0, 0, 0, 0, 0, 0, 0.237410938, -0.11984751, -0.172174365, -0.61345014, 0.275841903, -0.740034641, -0.753295898, 0.0765380859, 0.653076172, 0.236819843, 0.958147154, 0.160961517, 0, 0, -0, 0, 0, 0, 0, 0.301598096, -0.0682025391, -0.155112549, -0.163333855, 0.163539714, -0.972833216, 0.702270508, -0.673217773, -0.230957031, -0.692865698, -0.720985941, -0.00491392219, 0, 2, 5, 1, 
864.979229, 58, 0.1, 0.1, -0.0169992333, 0.385403251, -0.0199700174, 0.968440244, 3.3926978e-006, 0.24924585, 0.24924585, 1.17752541e-005, -0.968440244, -6.22055831e-006, 1, 1.05580141e-005, 0.968440229, 5.57974986e-006, 0.249245908, 0.249245908, 2.30570078e-005, -0.968440229, -1.11505191e-005, 1, 2.09386041e-005, 0, 0, 0, 0, 0, 0, 0, 0.237410938, -0.11984751, -0.172174365, -0.61345014, 0.275841903, -0.740034641, -0.753295898, 0.0765380859, 0.653076172, 0.236819843, 0.958147154, 0.160961517, 0, 0, -0, 0, 0, 0, 0, 0.301598096, -0.0682025391, -0.155112549, -0.163333855, 0.163539714, -0.972833216, 0.702270508, -0.673217773, -0.230957031, -0.692865698, -0.720985941, -0.00491392219, 0, 2, 5, 1, 
864.979931, 58, 0.1, 0.1, -0.0169992333, 0.385403253, -0.0199699541, 0.968440307, 7.89588683e-006, 0.249245607, 0.249245607, 1.40097633e-005, -0.968440306, -1.1138567e-005, 1, 1.15996043e-005, 0.968440301, 8.92772319e-006, 0.24924563, 0.24924563, -5.03877217e-006, -0.968440301, -7.39007499e-006, 1, -7.10494603e-006, 0, 0, 0, 0, 0, 0, 0, 0.238632959, -0.121561548, -0.171373169, -0.615829288, 0.277269616, -0.737489621, -0.750976562, 0.0762939453, 0.655883789, 0.238185398, 0.957797435, 0.161423569, 0, 0, -0, 0, 0, 0, 0, 0.301598096, -0.0682025391, -0.155112549, -0.163333855, 0.163539714, -0.972833216, 0.702270508, -0.673217773, -0.230957031, -0.692865698, -0.720985941, -0.00491392219, 0, 2, 5, 1, 
864.980638, 58, 0.1, 0.1, -0.0169992323, 0.385403252, -0.0199696044, 0.968440281, 1.12175784e-005, 0.249245707, 0.249245708, -1.8561207e-005, -0.96844028, -6.23725365e-006, 1, -2.07713538e-005, 0.968440295, -5.08208537e-006, 0.249245653, 0.249245653, -1.29765767e-005, -0.968440295, 8.15605159e-006, 1, -1.13003521e-005, 0, 0, 0, 0, 0, 0, 0, 0.238632959, -0.121561548, -0.171373169, -0.615829288, 0.277269616, -0.737489621, -0.750976562, 0.0762939453, 0.655883789, 0.238185398, 0.957797435, 0.161423569, 0, 0, -0, 0, 0, 0, 0, 0.302528516, -0.0702698242, -0.15436543, -0.166164371, 0.162689902, -0.972494164, 0.701782227, -0.673339844, -0.232421875, -0.692794969, -0.72107526, -0.00230068951, 0, 2, 5, 1, 
864.981327, 58, 0.1, 0.1, -0.0169992316, 0.385403252, -0.0199693503, 0.968440205, -1.19173458e-005, 0.249246002, 0.249246002, 1.54488606e-005, -0.968440205, 7.69067007e-006, 1, 1.79316485e-005, 0.968440218, -1.70728032e-005, 0.249245949, 0.249245949, 1.51096694e-005, -0.968440218, 1.27679654e-005, 1, 1.88881386e-005, 0, 0, 0, 0, 0, 0, 0, 0.238632959, -0.121561548, -0.171373169, -0.615829288, 0.277269616, -0.737489621, -0.750976562, 0.0762939453, 0.655883789, 0.238185398, 0.957797435, 0.161423569, 0, 0, -0, 0, 0, 0, 0, 0.302528516, -0.0702698242, -0.15436543, -0.166164371, 0.162689902, -0.972494164, 0.701782227, -0.673339844, -0.232421875, -0.692794969, -0.72107526, -0.00230068951, 0, 2, 5, 1, 
864.982017, 58, 0.1, 0.1, -0.0169992322, 0.385403254, -0.0199692795, 0.968440188, -9.97551803e-006, 0.249246066, 0.249246066, -1.27776788e-005, -0.968440188, 1.28454787e-005, 1, -9.88805902e-006, 0.968440184, -3.03422041e-006, 0.249246083, 0.249246083, -2.21242732e-005, -0.968440184, 8.45284941e-006, 1, -2.06697676e-005, 0, 0, 0, 0, 0, 0, 0, 0.238632959, -0.121561548, -0.171373169, -0.615829288, 0.277269616, -0.737489621, -0.750976562, 0.0762939453, 0.655883789, 0.238185398, 0.957797435, 0.161423569, 0, 0, -0, 0, 0, 0, 0, 0.302528516, -0.0702698242, -0.15436543, -0.166164371, 0.162689902, -0.972494164, 0.701782227, -0.673339844, -0.232421875, -0.692794969, -0.72107526, -0.00230068951, 0, 2, 5, 1, 
864.982703, 58, 0.1, 0.1, -0.0169992321, 0.385403252, -0.0199693984, 0.968440254, -3.4812164e-006, 0.24924581, 0.24924581, -1.30713332e-005, -0.968440254, 6.62932514e-006, 1, -1.17911267e-005, 0.968440238, 4.9974737e-006, 0.249245872, 0.249245872, 9.07501691e-006, -0.968440238, -7.10166512e-006, 1, 7.54301185e-006, 0, 0, 0, 0, 0, 0, 0, 0.238632959, -0.121561548, -0.171373169, -0.615829288, 0.277269616, -0.737489621, -0.750976562, 0.0762939453, 0.655883789, 0.238185398, 0.957797435, 0.161423569, 0, 0, -0, 0, 0, 0, 0, 0.302528516, -0.0702698242, -0.15436543, -0.166164371, 0.162689902, -0.972494164, 0.701782227, -0.673339844, -0.232421875, -0.692794969, -0.72107526, -0.00230068951, 0, 2, 5, 1, 
864.98339, 58, 0.1, 0.1, -0.0169992327, 0.385403253, -0.0199697016, 0.968440302, 2.23692219e-006, 0.249245625, 0.249245625, 1.92313777e-005, -0.968440302, -6.95966235e-006, 1, 1.80668982e-005, 0.9684403, 9.75260785e-006, 0.249245634, 0.249245633, 1.1532062e-005, -0.9684403, -1.23191346e-005, 1, 8.73731867e-006, 0, 0, 0, 0, 0, 0, 0, 0.238632959, -0.121561548, -0.171373169, -0.615829288, 0.277269616, -0.737489621, -0.750976562, 0.0762939453, 0.655883789, 0.238185398, 0.957797435, 0.161423569, 0, 0, -0, 0, 0, 0, 0, 0.302528516, -0.0702698242, -0.15436543, -0.166164371, 0.162689902, -0.972494164, 0.701782227, -0.673339844, -0.232421875, -0.692794969, -0.72107526, -0.00230068951, 0, 2, 5, 1, 
864.984081, 58, 0.1, 0.1, -0.0169992325, 0.385403255, -0.0199700649, 0.968440261, 1.56666811e-005, 0.249245784, 0.249245784, -1.50508171e-005, -0.968440261, -1.14208921e-005, 1, -1.84806715e-005, 0.968440275, 1.16927479e-005, 0.249245728, 0.249245729, -1.73797481e-005, -0.968440275, -6.99190004e-006, 1, -1.97456155e-005, 0, 0, 0, 0, 0, 0, 0, 0.238632959, -0.121561548, -0.171373169, -0.615829288, 0.277269616, -0.737489621, -0.750976562, 0.0762939453, 0.655883789, 0.238185398, 0.957797435, 0.161423569, 0, 0, -0, 0, 0, 0, 0, 0.302528516, -0.0702698242, -0.15436543, -0.166164371, 0.162689902, -0.972494164, 0.701782227, -0.673339844, -0.232421875, -0.692794969, -0.72107526, -0.00230068951, 0, 2, 5, 1, 
864.984778, 58, 0.1, 0.1, -0.0169992314, 0.385403253, -0.0199703158, 0.968440189, 4.12381976e-006, 0.249246063, 0.249246062, 1.22971467e-005, -0.968440189, -7.05868818e-006, 1, 1.08812052e-005, 0.968440201, -1.12660727e-005, 0.249246017, 0.249246017, 1.84150619e-005, -0.968440201, 6.32063683e-006, 1, 2.064191e-005, 0, 0, 0, 0, 0, 0, 0, 0.239661523, -0.123029272, -0.170360937, -0.617649782, 0.279160503, -0.735185735, -0.748901367, 0.0764160156, 0.658203125, 0.239956839, 0.957250764, 0.161923813, 0, 0, -0, 0, 0, 0, 0, 0.302528516, -0.0702698242, -0.15436543, -0.166164371, 0.162689902, -0.972494164, 0.701782227, -0.673339844, -0.232421875, -0.692794969, -0.72107526, -0.00230068951, 0, 2, 5, 1, 
