time, trialNum, realDorsalTactorPos, realVentralTactorPos, boxPosX, boxPosY, boxPosZ, boxLocalRot_11, boxLocalRot_12, boxLocalRot_13, boxLocalRot_21, boxLocalRot_22, boxLocalRot_23, boxLocalRot_31, boxLocalRot_32, boxLocalRot_33, boxGlobalRot_11, boxGlobalRot_12, boxGlobalRot_13, boxGlobalRot_21, boxGlobalRot_22, boxGlobalRot_23, boxGlobalRot_31, boxGlobalRot_32, boxGlobalRot_33, indexForceX, indexForceY, indexForceZ, indexForceGlobalX, indexForceGlobalY, indexForceGlobalZ, indexContact, indexPosX, indexPosY, indexPosZ, indexRot_11, indexRot_12, indexRot_13, indexRot_21, indexRot_22, indexRot_23, indexRot_31, indexRot_32, indexRot_33, thumbForceX, thumbForceY, thumbForceZ, thumbForceGlobalX, thumbForceGlobalY, thumbForceGlobalZ, thumbContact, thumbPosX, thumbPosY, thumbPosZ, thumbRot_11, thumbRot_12, thumbRot_13, thumbRot_21, thumbRot_22, thumbRot_23, thumbRot_31, thumbRot_32, thumbRot_33, manipForceTooHigh, cceExpType, mapping, trialSuccess, 
357.558423, 26, 0.1, 0.1, -0.00392389358, 0.378795228, -0.0199764006, 0.888255174, -2.17444936e-005, -0.459350351, 0.459350352, 4.51701889e-005, 0.888255173, 1.43428325e-006, -0.999999999, 5.01109948e-005, 0.888255087, -2.75531523e-005, -0.459350519, 0.459350519, 2.60337304e-005, 0.888255087, -1.25156201e-005, -0.999999999, 3.57811483e-005, 0, 0, 0, 0, 0, 0, 0, 0.451097876, -0.00765949707, -0.284738525, 0.516126072, 0.528785423, -0.67363605, -0.80859375, 0.559936523, -0.180175781, 0.28173754, 0.637901921, 0.716743256, 0, -0, 0, 0, 0, 0, 0, 0.501627686, -0.024760791, -0.214762061, 0.739688435, 0.0396856737, -0.671594412, -0.653930664, -0.192138672, -0.731567383, -0.158044358, 0.98058939, -0.116124962, 0, 2, 1, 1, 
357.581362, 26, 0.1, 0.1, -0.00392389529, 0.378795224, -0.0199710616, 0.888261846, 2.83968677e-006, -0.45933745, 0.45933745, -1.00272187e-006, 0.888261846, 2.06179771e-006, -1, -2.19505405e-006, 0.888261842, 1.52445462e-005, -0.459337458, 0.459337458, 1.82440639e-005, 0.888261842, 2.19213306e-005, -1, 9.20311468e-006, 0, 0, 0, 0, 0, 0, 0, 0.454337598, -0.0117728027, -0.283343433, 0.510389393, 0.530643727, -0.676627392, -0.816650391, 0.545288086, -0.188354492, 0.268927436, 0.648854461, 0.711902585, 0, -0, 0, 0, 0, 0, 0, 0.505695508, -0.0291690918, -0.211459766, 0.745904337, 0.04438169, -0.664496249, -0.645141602, -0.198486328, -0.737670898, -0.164632861, 0.979119078, -0.119429425, 0, 2, 1, 1, 
357.582051, 26, 0.1, 0.1, -0.00392390137, 0.378795219, -0.0199673807, 0.888261949, -2.16841585e-005, -0.45933725, 0.45933725, -2.47144096e-005, 0.888261949, -3.06134619e-005, -0.999999999, -1.1992528e-005, 0.888261936, -3.57422849e-005, -0.459337274, 0.459337273, -3.05376656e-005, 0.888261937, -4.57755993e-005, -0.999999999, -1.07076823e-005, 0, 0, 0, 0, 0, 0, 0, 0.454337598, -0.0117728027, -0.283343433, 0.510389393, 0.530643727, -0.676627392, -0.816650391, 0.545288086, -0.188354492, 0.268927436, 0.648854461, 0.711902585, 0, -0, 0, 0, 0, 0, 0, 0.505695508, -0.0291690918, -0.211459766, 0.745904337, 0.04438169, -0.664496249, -0.645141602, -0.198486328, -0.737670898, -0.164632861, 0.979119078, -0.119429425, 0, 2, 1, 1, 
357.582738, 26, 0.1, 0.1, -0.00392389528, 0.378795225, -0.0199647218, 0.888261976, 4.85325974e-005, -0.459337197, 0.459337196, 3.4810082e-005, 0.888261977, 5.90992264e-005, -0.999999998, 8.62764498e-006, 0.888261963, 4.50729862e-005, -0.459337222, 0.45933722, 4.73933612e-005, 0.888261964, 6.18061541e-005, -0.999999998, 2.13940198e-005, 0, 0, 0, 0, 0, 0, 0, 0.454337598, -0.0117728027, -0.283343433, 0.510389393, 0.530643727, -0.676627392, -0.816650391, 0.545288086, -0.188354492, 0.268927436, 0.648854461, 0.711902585, 0, -0, 0, 0, 0, 0, 0, 0.505695508, -0.0291690918, -0.211459766, 0.745904337, 0.04438169, -0.664496249, -0.645141602, -0.198486328, -0.737670898, -0.164632861, 0.979119078, -0.119429425, 0, 2, 1, 1, 
357.583423, 26, 0.1, 0.1, -0.00392389508, 0.378795221, -0.0199638281, 0.888262206, -4.82995627e-005, -0.459336752, 0.459336752, -1.43704615e-005, 0.888262207, -4.95035573e-005, -0.999999999, 9.42102639e-006, 0.888262133, -2.91511902e-005, -0.459336894, 0.459336894, -2.94836975e-005, 0.888262133, -3.94368485e-005, -0.999999999, -1.27990349e-005, 0, 0, 0, 0, 0, 0, 0, 0.454337598, -0.0117728027, -0.283343433, 0.510389393, 0.530643727, -0.676627392, -0.816650391, 0.545288086, -0.188354492, 0.268927436, 0.648854461, 0.711902585, 0, -0, 0, 0, 0, 0, 0, 0.505695508, -0.0291690918, -0.211459766, 0.745904337, 0.04438169, -0.664496249, -0.645141602, -0.198486328, -0.737670898, -0.164632861, 0.979119078, -0.119429425, 0, 2, 1, 1, 
357.584112, 26, 0.1, 0.1, -0.00392389549, 0.378795221, -0.0199648309, 0.888262625, 5.33371641e-005, -0.45933594, 0.459335941, 1.42416491e-006, 0.888262626, 4.80315796e-005, -0.999999999, -2.3234644e-005, 0.888262543, 2.83552657e-005, -0.459336102, 0.459336102, 4.44737384e-007, 0.888262543, 2.53912043e-005, -1, -1.26295536e-005, 0, 0, 0, 0, 0, 0, 0, 0.454337598, -0.0117728027, -0.283343433, 0.510389393, 0.530643727, -0.676627392, -0.816650391, 0.545288086, -0.188354492, 0.268927436, 0.648854461, 0.711902585, 0, -0, 0, 0, 0, 0, 0, 0.505695508, -0.0291690918, -0.211459766, 0.745904337, 0.04438169, -0.664496249, -0.645141602, -0.198486328, -0.737670898, -0.164632861, 0.979119078, -0.119429425, 0, 2, 1, 1, 
357.584822, 26, 0.1, 0.1, -0.00392388968, 0.378795224, -0.0199672143, 0.888262925, -2.21165827e-005, -0.459335363, 0.459335363, 6.53415113e-006, 0.888262925, -1.66439737e-005, -1, 1.59629727e-005, 0.888262892, 6.19277675e-006, -0.459335426, 0.459335426, 2.31997776e-005, 0.888262892, 1.61572935e-005, -1, 1.77629399e-005, 0, 0, 0, 0, 0, 0, 0, 0.455077393, -0.0131537598, -0.28265332, 0.511892368, 0.52974958, -0.67620241, -0.81640625, 0.544677734, -0.19140625, 0.266711917, 0.650231999, 0.711464499, 0, -0, 0, 0, 0, 0, 0, 0.505695508, -0.0291690918, -0.211459766, 0.745904337, 0.04438169, -0.664496249, -0.645141602, -0.198486328, -0.737670898, -0.164632861, 0.979119078, -0.119429425, 0, 2, 1, 1, 
357.585529, 26, 0.1, 0.1, -0.00392389477, 0.378795217, -0.0199698744, 0.888262916, -6.57928109e-006, -0.459335381, 0.459335381, -2.45100049e-005, 0.888262916, -1.71024438e-005, -1, -1.87492318e-005, 0.88826293, -2.09572007e-005, -0.459335354, 0.459335353, -4.17756339e-005, 0.88826293, -3.780453e-005, -0.999999999, -2.74813638e-005, 0, 0, 0, 0, 0, 0, 0, 0.455077393, -0.0131537598, -0.28265332, 0.511892368, 0.52974958, -0.67620241, -0.81640625, 0.544677734, -0.19140625, 0.266711917, 0.650231999, 0.711464499, 0, -0, 0, 0, 0, 0, 0, 0.506155176, -0.0301052734, -0.211235303, 0.74617266, 0.0437874418, -0.664138608, -0.644775391, -0.199462891, -0.737670898, -0.164850144, 0.978933877, -0.12049652, 0, 2, 1, 1, 
357.586228, 26, 0.1, 0.1, -0.00392389177, 0.378795225, -0.0199722714, 0.888262728, 7.69145164e-006, -0.459335744, 0.459335743, 5.43989365e-005, 0.888262727, 3.18194058e-005, -0.999999998, 4.47875891e-005, 0.888262772, 1.35026536e-005, -0.459335659, 0.459335658, 6.17056305e-005, 0.888262771, 4.0337501e-005, -0.999999998, 4.86085641e-005, 0, 0, 0, 0, 0, 0, 0, 0.455077393, -0.0131537598, -0.28265332, 0.511892368, 0.52974958, -0.67620241, -0.81640625, 0.544677734, -0.19140625, 0.266711917, 0.650231999, 0.711464499, 0, -0, 0, 0, 0, 0, 0, 0.506155176, -0.0301052734, -0.211235303, 0.74617266, 0.0437874418, -0.664138608, -0.644775391, -0.199462891, -0.737670898, -0.164850144, 0.978933877, -0.12049652, 0, 2, 1, 1, 
357.58697, 26, 0.1, 0.1, -0.00392389265, 0.37879522, -0.019973627, 0.888262412, 6.8503166e-007, -0.459336356, 0.459336355, -5.84698617e-005, 0.88826241, -2.62488453e-005, -0.999999998, -5.22512404e-005, 0.888262504, -7.71617939e-006, -0.459336178, 0.459336178, -4.88879575e-005, 0.888262503, -2.93100004e-005, -0.999999999, -3.98810191e-005, 0, 0, 0, 0, 0, 0, 0, 0.455077393, -0.0131537598, -0.28265332, 0.511892368, 0.52974958, -0.67620241, -0.81640625, 0.544677734, -0.19140625, 0.266711917, 0.650231999, 0.711464499, 0, -0, 0, 0, 0, 0, 0, 0.506155176, -0.0301052734, -0.211235303, 0.74617266, 0.0437874418, -0.664138608, -0.644775391, -0.199462891, -0.737670898, -0.164850144, 0.978933877, -0.12049652, 0, 2, 1, 1, 
357.587754, 26, 0.1, 0.1, -0.00392388939, 0.378795217, -0.0199724024, 0.888261888, -5.42149293e-006, -0.459337368, 0.459337368, 2.61075664e-005, 0.888261888, 7.1764753e-006, -1, 2.56806505e-005, 0.888262001, 9.85838592e-006, -0.459337151, 0.45933715, 1.60915617e-005, 0.888262001, 1.61482817e-005, -1, 9.76519992e-006, 0, 0, 0, 0, 0, 0, 0, 0.455077393, -0.0131537598, -0.28265332, 0.511892368, 0.52974958, -0.67620241, -0.81640625, 0.544677734, -0.19140625, 0.266711917, 0.650231999, 0.711464499, 0, -0, 0, 0, 0, 0, 0, 0.506155176, -0.0301052734, -0.211235303, 0.74617266, 0.0437874418, -0.664138608, -0.644775391, -0.199462891, -0.737670898, -0.164850144, 0.978933877, -0.12049652, 0, 2, 1, 1, 
357.588456, 26, 0.1, 0.1, -0.0039238913, 0.378795218, -0.0199700746, 0.888261256, 2.05245142e-005, -0.45933859, 0.45933859, -9.04499054e-006, 0.888261256, 1.40764175e-005, -1, -1.74620161e-005, 0.888261391, -1.94603235e-006, -0.45933833, 0.45933833, -8.18781683e-006, 0.888261391, -5.4895635e-006, -1, -6.37903431e-006, 0, 0, 0, 0, 0, 0, 0, 0.455077393, -0.0131537598, -0.28265332, 0.511892368, 0.52974958, -0.67620241, -0.81640625, 0.544677734, -0.19140625, 0.266711917, 0.650231999, 0.711464499, 0, -0, 0, 0, 0, 0, 0, 0.506155176, -0.0301052734, -0.211235303, 0.74617266, 0.0437874418, -0.664138608, -0.644775391, -0.199462891, -0.737670898, -0.164850144, 0.978933877, -0.12049652, 0, 2, 1, 1, 
357.589145, 26, 0.1, 0.1, -0.00392388982, 0.378795219, -0.0199678379, 0.888260563, -2.0695943e-005, -0.45933993, 0.459339931, 1.69677069e-006, 0.888260563, -1.76039954e-005, -1, 1.10136475e-005, 0.888260707, -1.36176215e-005, -0.459339652, 0.459339652, 9.01858688e-006, 0.888260707, -7.95340355e-006, -1, 1.42659699e-005, 0, 0, 0, 0, 0, 0, 0, 0.455077393, -0.0131537598, -0.28265332, 0.511892368, 0.52974958, -0.67620241, -0.81640625, 0.544677734, -0.19140625, 0.266711917, 0.650231999, 0.711464499, 0, -0, 0, 0, 0, 0, 0, 0.506155176, -0.0301052734, -0.211235303, 0.74617266, 0.0437874418, -0.664138608, -0.644775391, -0.199462891, -0.737670898, -0.164850144, 0.978933877, -0.12049652, 0, 2, 1, 1, 
357.589862, 26, 0.1, 0.1, -0.0039238874, 0.378795219, -0.0199661802, 0.888259811, 2.80810798e-005, -0.459341385, 0.459341385, 8.32118986e-007, 0.888259811, 2.53255214e-005, -1, -1.21596642e-005, 0.888259957, 2.34364924e-005, -0.459341102, 0.459341102, 1.38290883e-005, 0.888259958, 2.71699664e-005, -1, 1.5184811e-006, 0, 0, 0, 0, 0, 0, 0, 0.456628857, -0.0140496582, -0.282222339, 0.511833958, 0.529572847, -0.67645665, -0.817382813, 0.542358398, -0.193969727, 0.264002146, 0.652237462, 0.710639623, 0, -0, 0, 0, 0, 0, 0, 0.506155176, -0.0301052734, -0.211235303, 0.745974333, 0.0442026859, -0.664362455, -0.64453125, -0.201538086, -0.737304687, -0.166466645, 0.97848655, -0.121870217, 0, 2, 1, 1, 
357.590556, 26, 0.1, 0.1, -0.00392388935, 0.378795219, -0.0199655525, 0.888259293, -1.62663739e-005, -0.459342386, 0.459342386, 1.34328977e-005, 0.888259293, -8.27845852e-006, -1, 1.94037312e-005, 0.88825938, -2.76601716e-005, -0.459342219, 0.459342219, 1.13760208e-005, 0.88825938, -1.93439202e-005, -1, 2.28103418e-005, 0, 0, 0, 0, 0, 0, 0, 0.456628857, -0.0140496582, -0.282222339, 0.511833958, 0.529572847, -0.67645665, -0.817382813, 0.542358398, -0.193969727, 0.264002146, 0.652237462, 0.710639623, 0, -0, 0, 0, 0, 0, 0, 0.507224268, -0.0307569336, -0.211279004, 0.745974333, 0.0442026859, -0.664362455, -0.64453125, -0.201538086, -0.737304687, -0.166466645, 0.97848655, -0.121870217, 0, 2, 1, 1, 
357.591247, 26, 0.1, 0.1, -0.00392388539, 0.378795216, -0.0199661562, 0.888259001, -1.33094621e-006, -0.459342951, 0.45934295, -2.60117459e-005, 0.888259001, -1.3130537e-005, -1, -2.24938066e-005, 0.888259043, 2.23421743e-005, -0.45934287, 0.459342871, -2.50740263e-005, 0.888259043, 8.32806312e-006, -0.999999999, -3.2534949e-005, 0, 0, 0, 0, 0, 0, 0, 0.456628857, -0.0140496582, -0.282222339, 0.511833958, 0.529572847, -0.67645665, -0.817382813, 0.542358398, -0.193969727, 0.264002146, 0.652237462, 0.710639623, 0, -0, 0, 0, 0, 0, 0, 0.507224268, -0.0307569336, -0.211279004, 0.745974333, 0.0442026859, -0.664362455, -0.64453125, -0.201538086, -0.737304687, -0.166466645, 0.97848655, -0.121870217, 0, 2, 1, 1, 
357.591936, 26, 0.1, 0.1, -0.00392388938, 0.378795221, -0.0199678324, 0.888258988, -6.80286035e-006, -0.459342977, 0.459342977, 4.75642044e-005, 0.888258987, 1.58055814e-005, -0.999999999, 4.53741782e-005, 0.888258971, -1.7340391e-005, -0.459343009, 0.45934301, 4.77707009e-005, 0.88825897, 6.54037962e-006, -0.999999999, 5.0397941e-005, 0, 0, 0, 0, 0, 0, 0, 0.456628857, -0.0140496582, -0.282222339, 0.511833958, 0.529572847, -0.67645665, -0.817382813, 0.542358398, -0.193969727, 0.264002146, 0.652237462, 0.710639623, 0, -0, 0, 0, 0, 0, 0, 0.507224268, -0.0307569336, -0.211279004, 0.745974333, 0.0442026859, -0.664362455, -0.64453125, -0.201538086, -0.737304687, -0.166466645, 0.97848655, -0.121870217, 0, 2, 1, 1, 
357.592657, 26, 0.1, 0.1, -0.00392388866, 0.378795215, -0.0199698998, 0.888259134, 6.2143876e-006, -0.459342694, 0.459342693, -7.16735078e-005, 0.888259132, -2.74027156e-005, -0.999999997, -6.65191815e-005, 0.888259111, 1.60917645e-006, -0.459342739, 0.459342738, -6.20294647e-005, 0.888259109, -2.70634185e-005, -0.999999998, -5.58374007e-005, 0, 0, 0, 0, 0, 0, 0, 0.457170532, -0.0149177246, -0.283193799, 0.509371313, 0.529960758, -0.677910572, -0.819091797, 0.539794922, -0.193481445, 0.263279863, 0.65390631, 0.709263207, 0, -0, 0, 0, 0, 0, 0, 0.50756748, -0.0316367187, -0.211815088, 0.744728234, 0.0444710088, -0.665710632, -0.645751953, -0.202270508, -0.736083984, -0.167456814, 0.978269266, -0.121889173, 0, 2, 1, 1, 
357.593349, 26, 0.1, 0.1, -0.00392388304, 0.378795211, -0.019971569, 0.888259151, 2.43361667e-005, -0.45934266, 0.459342659, 4.41985126e-005, 0.888259151, 4.19190852e-005, -0.999999999, 2.80810938e-005, 0.888259175, 3.65619023e-005, -0.459342614, 0.459342613, 1.06912221e-005, 0.888259176, 3.73873791e-005, -0.999999999, -7.29786367e-006, 0, 0, 0, 0, 0, 0, 0, 0.457170532, -0.0149177246, -0.283193799, 0.509371313, 0.529960758, -0.677910572, -0.819091797, 0.539794922, -0.193481445, 0.263279863, 0.65390631, 0.709263207, 0, -0, 0, 0, 0, 0, 0, 0.50756748, -0.0316367187, -0.211815088, 0.744728234, 0.0444710088, -0.665710632, -0.645751953, -0.202270508, -0.736083984, -0.167456814, 0.978269266, -0.121889173, 0, 2, 1, 1, 
357.594045, 26, 0.1, 0.1, -0.00392388862, 0.378795222, -0.0199726306, 0.888258854, -6.23345619e-005, -0.459343231, 0.459343234, 2.79062739e-005, 0.888258855, -4.25506685e-005, -0.999999998, 5.34209541e-005, 0.888258934, -5.32048524e-005, -0.459343078, 0.45934308, 4.93633447e-005, 0.888258933, -2.45849748e-005, -0.999999997, 6.82867128e-005, 0, 0, 0, 0, 0, 0, 0, 0.457170532, -0.0149177246, -0.283193799, 0.509371313, 0.529960758, -0.677910572, -0.819091797, 0.539794922, -0.193481445, 0.263279863, 0.65390631, 0.709263207, 0, -0, 0, 0, 0, 0, 0, 0.50756748, -0.0316367187, -0.211815088, 0.744728234, 0.0444710088, -0.665710632, -0.645751953, -0.202270508, -0.736083984, -0.167456814, 0.978269266, -0.121889173, 0, 2, 1, 1, 
357.594735, 26, 0.1, 0.1, -0.00392389275, 0.378795216, -0.0199728479, 0.888258279, 2.01514257e-005, -0.459344348, 0.459344348, -3.27364505e-005, 0.888258278, 2.86236713e-006, -0.999999999, -3.83348667e-005, 0.888258414, -3.89559968e-006, -0.459344086, 0.459344086, -4.20915842e-005, 0.888258413, -2.27948195e-005, -0.999999999, -3.55987832e-005, 0, 0, 0, 0, 0, 0, 0, 0.457170532, -0.0149177246, -0.283193799, 0.509371313, 0.529960758, -0.677910572, -0.819091797, 0.539794922, -0.193481445, 0.263279863, 0.65390631, 0.709263207, 0, -0, 0, 0, 0, 0, 0, 0.50756748, -0.0316367187, -0.211815088, 0.744728234, 0.0444710088, -0.665710632, -0.645751953, -0.202270508, -0.736083984, -0.167456814, 0.978269266, -0.121889173, 0, 2, 1, 1, 
357.595429, 26, 0.1, 0.1, -0.00392388935, 0.378795217, -0.0199721874, 0.888257495, -1.31053657e-005, -0.459345863, 0.459345863, 1.84963274e-005, 0.888257495, -3.14472783e-006, -1, 2.2449397e-005, 0.888257663, 4.95456844e-006, -0.459345539, 0.459345539, 2.37029475e-005, 0.888257663, 1.52887766e-005, -1, 1.87784658e-005, 0, 0, 0, 0, 0, 0, 0, 0.457170532, -0.0149177246, -0.283193799, 0.509371313, 0.529960758, -0.677910572, -0.819091797, 0.539794922, -0.193481445, 0.263279863, 0.65390631, 0.709263207, 0, -0, 0, 0, 0, 0, 0, 0.50756748, -0.0316367187, -0.211815088, 0.744728234, 0.0444710088, -0.665710632, -0.645751953, -0.202270508, -0.736083984, -0.167456814, 0.978269266, -0.121889173, 0, 2, 1, 1, 
357.59612, 26, 0.1, 0.1, -0.0039238877, 0.378795215, -0.0199708829, 0.888256613, 3.36482087e-005, -0.459347568, 0.459347569, -2.00792317e-005, 0.888256613, 2.06648977e-005, -0.999999999, -3.32917332e-005, 0.888256793, 2.59859065e-005, -0.459347221, 0.459347222, -2.17765588e-005, 0.888256792, 1.30791562e-005, -0.999999999, -3.12797302e-005, 0, 0, 0, 0, 0, 0, 0, 0.457170532, -0.0149177246, -0.283193799, 0.509371313, 0.529960758, -0.677910572, -0.819091797, 0.539794922, -0.193481445, 0.263279863, 0.65390631, 0.709263207, 0, -0, 0, 0, 0, 0, 0, 0.50756748, -0.0316367187, -0.211815088, 0.744728234, 0.0444710088, -0.665710632, -0.645751953, -0.202270508, -0.736083984, -0.167456814, 0.978269266, -0.121889173, 0, 2, 1, 1, 
357.596819, 26, 0.1, 0.1, -0.00392388931, 0.378795216, -0.0199693082, 0.888255743, -3.59688565e-005, -0.459349251, 0.459349252, 2.29938426e-005, 0.888255743, -2.1387339e-005, -0.999999999, 3.69466801e-005, 0.888255908, -3.3835524e-005, -0.459348932, 0.459348932, 1.91615913e-005, 0.888255908, -2.12527476e-005, -0.999999999, 3.25627085e-005, 0, 0, 0, 0, 0, 0, 0, 0.457170532, -0.0149177246, -0.283193799, 0.509371313, 0.529960758, -0.677910572, -0.819091797, 0.539794922, -0.193481445, 0.263279863, 0.65390631, 0.709263207, 0, -0, 0, 0, 0, 0, 0, 0.50756748, -0.0316367187, -0.211815088, 0.744728234, 0.0444710088, -0.665710632, -0.645751953, -0.202270508, -0.736083984, -0.167456814, 0.978269266, -0.121889173, 0, 2, 1, 1, 
357.597541, 26, 0.1, 0.1, -0.00392388739, 0.378795215, -0.0199676536, 0.888255041, 1.56422177e-005, -0.459350608, 0.459350609, -2.79383468e-005, 0.888255041, 1.06078213e-006, -0.999999999, -3.20016397e-005, 0.88825515, 2.48052025e-005, -0.459350397, 0.459350397, -1.94622711e-005, 0.88825515, 1.30933469e-005, -1, -2.86817421e-005, 0, 0, 0, 0, 0, 0, 0, 0.457905664, -0.0152857178, -0.283923096, 0.506350014, 0.531414681, -0.679027879, -0.821411133, 0.536865234, -0.192382812, 0.262151694, 0.655282726, 0.708451435, 0, -0, 0, 0, 0, 0, 0, 0.507910693, -0.0322766602, -0.212349463, 0.743482135, 0.0449821348, -0.667071569, -0.646972656, -0.20300293, -0.734863281, -0.168446983, 0.978077502, -0.121786728, 0, 2, 1, 1, 
357.598242, 26, 0.1, 0.1, -0.00392389185, 0.378795215, -0.0199665586, 0.888254674, -1.66525812e-005, -0.459351319, 0.45935132, 3.6552884e-005, 0.888254673, 1.99888246e-006, -0.999999999, 4.01176552e-005, 0.888254718, -3.37732278e-005, -0.459351232, 0.459351232, 2.34523641e-005, 0.888254718, -1.92263566e-005, -0.999999999, 3.63454468e-005, 0, 0, 0, 0, 0, 0, 0, 0.457905664, -0.0152857178, -0.283923096, 0.506350014, 0.531414681, -0.679027879, -0.821411133, 0.536865234, -0.192382812, 0.262151694, 0.655282726, 0.708451435, 0, -0, 0, 0, 0, 0, 0, 0.507910693, -0.0322766602, -0.212349463, 0.743482135, 0.0449821348, -0.667071569, -0.646972656, -0.20300293, -0.734863281, -0.168446983, 0.978077502, -0.121786728, 0, 2, 1, 1, 
357.598933, 26, 0.1, 0.1, -0.00392389176, 0.378795214, -0.0199664831, 0.88825459, -9.95224612e-006, -0.459351481, 0.45935148, -4.207243e-005, 0.888254589, -2.81661613e-005, -0.999999999, -3.27994501e-005, 0.88825459, -3.68035578e-006, -0.459351482, 0.459351481, -3.37211212e-005, 0.888254589, -1.87589399e-005, -0.999999999, -2.82623638e-005, 0, 0, 0, 0, 0, 0, 0, 0.457905664, -0.0152857178, -0.283923096, 0.506350014, 0.531414681, -0.679027879, -0.821411133, 0.536865234, -0.192382812, 0.262151694, 0.655282726, 0.708451435, 0, -0, 0, 0, 0, 0, 0, 0.507910693, -0.0322766602, -0.212349463, 0.743482135, 0.0449821348, -0.667071569, -0.646972656, -0.20300293, -0.734863281, -0.168446983, 0.978077502, -0.121786728, 0, 2, 1, 1, 
357.599625, 26, 0.1, 0.1, -0.00392389215, 0.378795215, -0.0199673915, 0.888254612, 1.21611586e-006, -0.459351438, 0.459351438, 3.89084428e-005, 0.888254612, 1.89528697e-005, -0.999999999, 3.40019792e-005, 0.888254609, 1.9189073e-006, -0.459351445, 0.459351445, 3.54570048e-005, 0.888254608, 1.79917046e-005, -0.999999999, 3.06133951e-005, 0, 0, 0, 0, 0, 0, 0, 0.457905664, -0.0152857178, -0.283923096, 0.506350014, 0.531414681, -0.679027879, -0.821411133, 0.536865234, -0.192382812, 0.262151694, 0.655282726, 0.708451435, 0, -0, 0, 0, 0, 0, 0, 0.507910693, -0.0322766602, -0.212349463, 0.743482135, 0.0449821348, -0.667071569, -0.646972656, -0.20300293, -0.734863281, -0.168446983, 0.978077502, -0.121786728, 0, 2, 1, 1, 
357.600322, 26, 0.1, 0.1, -0.00392389193, 0.378795212, -0.0199689124, 0.888254557, 1.50261599e-005, -0.459351544, 0.459351544, -3.40457131e-005, 0.888254557, -2.29189584e-006, -0.999999999, -3.71435496e-005, 0.888254584, 2.83188846e-006, -0.459351492, 0.459351492, -3.55003916e-005, 0.888254584, -1.37917199e-005, -0.999999999, -3.28342177e-005, 0, 0, 0, 0, 0, 0, 0, 0.457905664, -0.0152857178, -0.283923096, 0.506350014, 0.531414681, -0.679027879, -0.821411133, 0.536865234, -0.192382812, 0.262151694, 0.655282726, 0.708451435, 0, -0, 0, 0, 0, 0, 0, 0.507910693, -0.0322766602, -0.212349463, 0.743482135, 0.0449821348, -0.667071569, -0.646972656, -0.20300293, -0.734863281, -0.168446983, 0.978077502, -0.121786728, 0, 2, 1, 1, 
357.601023, 26, 0.1, 0.1, -0.00392388849, 0.378795214, -0.0199705296, 0.888254291, -1.24235824e-005, -0.459352059, 0.459352059, 2.40228363e-005, 0.888254291, -3.61061236e-010, -1, 2.70451856e-005, 0.888254362, 5.35613254e-006, -0.459351923, 0.459351923, 2.90027891e-005, 0.888254361, 1.8080095e-005, -1, 2.33015041e-005, 0, 0, 0, 0, 0, 0, 0, 0.457905664, -0.0152857178, -0.283923096, 0.506350014, 0.531414681, -0.679027879, -0.821411133, 0.536865234, -0.192382812, 0.262151694, 0.655282726, 0.708451435, 0, -0, 0, 0, 0, 0, 0, 0.507910693, -0.0322766602, -0.212349463, 0.743482135, 0.0449821348, -0.667071569, -0.646972656, -0.20300293, -0.734863281, -0.168446983, 0.978077502, -0.121786728, 0, 2, 1, 1, 
357.601711, 26, 0.1, 0.1, -0.00392388802, 0.378795212, -0.0199717942, 0.888253906, 9.21932168e-006, -0.459352803, 0.459352803, -3.09964078e-005, 0.888253906, -6.04918833e-006, -0.999999999, -3.17676016e-005, 0.888253975, 1.46019112e-005, -0.459352669, 0.45935267, -2.46505708e-005, 0.888253975, 1.6469002e-006, -1, -2.86033944e-005, 0, 0, 0, 0, 0, 0, 0, 0.457905664, -0.0152857178, -0.283923096, 0.506350014, 0.531414681, -0.679027879, -0.821411133, 0.536865234, -0.192382812, 0.262151694, 0.655282726, 0.708451435, 0, -0, 0, 0, 0, 0, 0, 0.507910693, -0.0322766602, -0.212349463, 0.743482135, 0.0449821348, -0.667071569, -0.646972656, -0.20300293, -0.734863281, -0.168446983, 0.978077502, -0.121786728, 0, 2, 1, 1, 
357.602435, 26, 0.1, 0.1, -0.00392388857, 0.378795213, -0.0199722318, 0.888253536, -1.76784617e-005, -0.45935352, 0.45935352, 2.69905612e-005, 0.888253535, -3.30474687e-006, -0.999999999, 3.2095125e-005, 0.888253611, -1.67131094e-005, -0.459353374, 0.459353374, 2.360686e-005, 0.888253611, -4.00158901e-006, -1, 2.86461018e-005, 0, 0, 0, 0, 0, 0, 0, 0.458031372, -0.0158972168, -0.284398022, 0.504490206, 0.532512892, -0.679567437, -0.822753906, 0.534912109, -0.191772461, 0.261333932, 0.65597393, 0.708166117, 0, -0, 0, 0, 0, 0, 0, 0.508092676, -0.0334226562, -0.212627393, 0.742689926, 0.0444710088, -0.6679469, -0.647949219, -0.202514648, -0.734130859, -0.167916534, 0.978269266, -0.121633244, 0, 2, 1, 1, 
357.603138, 26, 0.1, 0.1, -0.00392388725, 0.378795212, -0.0199716759, 0.888253214, 1.86024194e-005, -0.459354141, 0.459354142, -2.26309224e-005, 0.888253214, 6.12805091e-006, -1, -2.86470879e-005, 0.888253278, 9.34241651e-006, -0.459354018, 0.459354018, -2.37619257e-005, 0.888253278, -2.61670396e-006, -1, -2.5398085e-005, 0, 0, 0, 0, 0, 0, 0, 0.458031372, -0.0158972168, -0.284398022, 0.504490206, 0.532512892, -0.679567437, -0.822753906, 0.534912109, -0.191772461, 0.261333932, 0.65597393, 0.708166117, 0, -0, 0, 0, 0, 0, 0, 0.508092676, -0.0334226562, -0.212627393, 0.742689926, 0.0444710088, -0.6679469, -0.647949219, -0.202514648, -0.734130859, -0.167916534, 0.978269266, -0.121633244, 0, 2, 1, 1, 
357.603843, 26, 0.1, 0.1, -0.00392388746, 0.378795214, -0.0199704319, 0.888252936, -1.00042734e-005, -0.459354679, 0.459354679, 3.21216278e-005, 0.888252936, 5.86889482e-006, -0.999999999, 3.312764e-005, 0.88825298, -8.53523064e-006, -0.459354595, 0.459354595, 2.95003494e-005, 0.888252979, 5.96967702e-006, -1, 3.01244707e-005, 0, 0, 0, 0, 0, 0, 0, 0.458031372, -0.0158972168, -0.284398022, 0.504490206, 0.532512892, -0.679567437, -0.822753906, 0.534912109, -0.191772461, 0.261333932, 0.65597393, 0.708166117, 0, -0, 0, 0, 0, 0, 0, 0.508092676, -0.0334226562, -0.212627393, 0.742689926, 0.0444710088, -0.6679469, -0.647949219, -0.202514648, -0.734130859, -0.167916534, 0.978269266, -0.121633244, 0, 2, 1, 1, 
357.60454, 26, 0.1, 0.1, -0.00392388614, 0.378795212, -0.0199690425, 0.888252701, 1.3775363e-005, -0.459355134, 0.459355134, -3.07959209e-005, 0.8882527, -1.910261e-006, -0.999999999, -3.36823436e-005, 0.888252741, 2.01058103e-005, -0.459355057, 0.459355057, -2.33723863e-005, 0.888252741, 7.12281723e-006, -1, -2.99962918e-005, 0, 0, 0, 0, 0, 0, 0, 0.458031372, -0.0158972168, -0.284398022, 0.504490206, 0.532512892, -0.679567437, -0.822753906, 0.534912109, -0.191772461, 0.261333932, 0.65597393, 0.708166117, 0, -0, 0, 0, 0, 0, 0, 0.508092676, -0.0334226562, -0.212627393, 0.742689926, 0.0444710088, -0.6679469, -0.647949219, -0.202514648, -0.734130859, -0.167916534, 0.978269266, -0.121633244, 0, 2, 1, 1, 
357.605279, 26, 0.1, 0.1, -0.00392388625, 0.378795214, -0.0199674485, 0.888252468, -1.81566846e-005, -0.459355585, 0.459355585, 3.43643927e-005, 0.888252467, -3.42244143e-007, -0.999999999, 3.88646311e-005, 0.888252519, -1.69645572e-005, -0.459355485, 0.459355486, 3.19221239e-005, 0.888252519, -4.05207948e-007, -0.999999999, 3.61476694e-005, 0, 0, 0, 0, 0, 0, 0, 0.458126074, -0.0162577637, -0.284198462, 0.502121919, 0.534106478, -0.680005523, -0.824951172, 0.531494141, -0.191772461, 0.258866417, 0.657451818, 0.707741135, 0, -0, 0, 0, 0, 0, 0, 0.508235596, -0.0340992187, -0.212487646, 0.742005993, 0.0445220481, -0.668790515, -0.64831543, -0.204711914, -0.733154297, -0.169584073, 0.97778366, -0.122949338, 0, 2, 1, 1, 
357.605978, 26, 0.1, 0.1, -0.00392388431, 0.378795213, -0.019966508, 0.888252262, 2.4037732e-005, -0.459355983, 0.459355983, -3.00236903e-005, 0.888252261, 7.56000805e-006, -0.999999999, -3.77104869e-005, 0.888252305, 1.33131064e-005, -0.459355899, 0.459355899, -3.00438431e-005, 0.888252305, -1.9754191e-006, -0.999999999, -3.28019668e-005, 0, 0, 0, 0, 0, 0, 0, 0.458126074, -0.0162577637, -0.284198462, 0.502121919, 0.534106478, -0.680005523, -0.824951172, 0.531494141, -0.191772461, 0.258866417, 0.657451818, 0.707741135, 0, -0, 0, 0, 0, 0, 0, 0.508235596, -0.0340992187, -0.212487646, 0.742005993, 0.0445220481, -0.668790515, -0.64831543, -0.204711914, -0.733154297, -0.169584073, 0.97778366, -0.122949338, 0, 2, 1, 1, 
357.606673, 26, 0.1, 0.1, -0.00392388419, 0.378795213, -0.0199665669, 0.888252093, -1.01763781e-005, -0.45935631, 0.45935631, 2.94483144e-005, 0.888252093, 4.48807983e-006, -1, 3.08321104e-005, 0.888252115, -7.92963199e-006, -0.459356267, 0.459356267, 2.64980416e-005, 0.888252115, 5.12852909e-006, -1, 2.71794677e-005, 0, 0, 0, 0, 0, 0, 0, 0.458126074, -0.0162577637, -0.284198462, 0.502121919, 0.534106478, -0.680005523, -0.824951172, 0.531494141, -0.191772461, 0.258866417, 0.657451818, 0.707741135, 0, -0, 0, 0, 0, 0, 0, 0.508235596, -0.0340992187, -0.212487646, 0.742005993, 0.0445220481, -0.668790515, -0.64831543, -0.204711914, -0.733154297, -0.169584073, 0.97778366, -0.122949338, 0, 2, 1, 1, 
357.607368, 26, 0.1, 0.1, -0.00392388304, 0.378795211, -0.0199675375, 0.888251948, 1.36887948e-005, -0.45935659, 0.45935659, -3.84938974e-005, 0.888251947, -5.52332685e-006, -0.999999999, -4.04803175e-005, 0.888251971, 2.02503706e-005, -0.459356546, 0.459356546, -3.05981115e-005, 0.88825197, 3.93198879e-006, -0.999999999, -3.64809731e-005, 0, 0, 0, 0, 0, 0, 0, 0.458126074, -0.0162577637, -0.284198462, 0.502121919, 0.534106478, -0.680005523, -0.824951172, 0.531494141, -0.191772461, 0.258866417, 0.657451818, 0.707741135, 0, -0, 0, 0, 0, 0, 0, 0.508235596, -0.0340992187, -0.212487646, 0.742005993, 0.0445220481, -0.668790515, -0.64831543, -0.204711914, -0.733154297, -0.169584073, 0.97778366, -0.122949338, 0, 2, 1, 1, 
357.608065, 26, 0.1, 0.1, -0.00392388308, 0.378795211, -0.0199690881, 0.888251814, -1.69204283e-005, -0.459356849, 0.45935685, 2.36545868e-005, 0.888251814, -4.16370466e-006, -1, 2.87837443e-005, 0.888251848, -1.49900164e-005, -0.459356783, 0.459356783, 1.94310543e-005, 0.888251848, -4.38912321e-006, -1, 2.41454356e-005, 0, 0, 0, 0, 0, 0, 0, 0.458126074, -0.0162577637, -0.284198462, 0.502121919, 0.534106478, -0.680005523, -0.824951172, 0.531494141, -0.191772461, 0.258866417, 0.657451818, 0.707741135, 0, -0, 0, 0, 0, 0, 0, 0.508235596, -0.0340992187, -0.212487646, 0.742005993, 0.0445220481, -0.668790515, -0.64831543, -0.204711914, -0.733154297, -0.169584073, 0.97778366, -0.122949338, 0, 2, 1, 1, 
357.608761, 26, 0.1, 0.1, -0.00392388177, 0.378795209, -0.019970722, 0.888251691, 1.82813533e-005, -0.459357087, 0.459357088, -2.64821622e-005, 0.88825169, 4.0736741e-006, -0.999999999, -3.19204946e-005, 0.888251718, 9.22816515e-006, -0.459357035, 0.459357035, -2.75803832e-005, 0.888251717, -4.4723095e-006, -1, -2.87373453e-005, 0, 0, 0, 0, 0, 0, 0, 0.458126074, -0.0162577637, -0.284198462, 0.502121919, 0.534106478, -0.680005523, -0.824951172, 0.531494141, -0.191772461, 0.258866417, 0.657451818, 0.707741135, 0, -0, 0, 0, 0, 0, 0, 0.508235596, -0.0340992187, -0.212487646, 0.742005993, 0.0445220481, -0.668790515, -0.64831543, -0.204711914, -0.733154297, -0.169584073, 0.97778366, -0.122949338, 0, 2, 1, 1, 
357.609456, 26, 0.1, 0.1, -0.00392388223, 0.37879521, -0.0199719404, 0.888251589, -1.20105243e-005, -0.459357285, 0.459357285, 2.88265778e-005, 0.888251588, 2.57333119e-006, -1, 3.11223753e-005, 0.8882516, -9.95152508e-006, -0.459357263, 0.459357263, 2.53962619e-005, 0.888251599, 2.82649929e-006, -1, 2.71295756e-005, 0, 0, 0, 0, 0, 0, 0, 0.458126074, -0.0162577637, -0.284198462, 0.502121919, 0.534106478, -0.680005523, -0.824951172, 0.531494141, -0.191772461, 0.258866417, 0.657451818, 0.707741135, 0, -0, 0, 0, 0, 0, 0, 0.508235596, -0.0340992187, -0.212487646, 0.742005993, 0.0445220481, -0.668790515, -0.64831543, -0.204711914, -0.733154297, -0.169584073, 0.97778366, -0.122949338, 0, 2, 1, 1, 
357.610177, 26, 0.1, 0.1, -0.00392388165, 0.378795208, -0.0199722716, 0.8882515, 9.29943031e-006, -0.459357457, 0.459357457, -2.78724362e-005, 0.888251499, -4.54317851e-006, -1, -2.90294959e-005, 0.888251512, 1.52387919e-005, -0.459357433, 0.459357433, -2.15228635e-005, 0.888251512, 3.64919262e-006, -1, -2.61177684e-005, 0, 0, 0, 0, 0, 0, 0, 0.458277051, -0.0169094238, -0.283795923, 0.500857835, 0.534329638, -0.68079932, -0.826538086, 0.528442383, -0.193237305, 0.256347606, 0.659641128, 0.706630941, 0, -0, 0, 0, 0, 0, 0, 0.508432715, -0.0344580566, -0.212021875, 0.742567792, 0.046068186, -0.668017629, -0.646850586, -0.207885742, -0.733520508, -0.172593594, 0.977086967, -0.12446376, 0, 2, 1, 1, 
357.610872, 26, 0.1, 0.1, -0.00392388224, 0.378795209, -0.0199716732, 0.888251419, -1.7515552e-005, -0.459357613, 0.459357614, 2.64473655e-005, 0.888251418, -3.40941518e-006, -0.999999999, 3.15378121e-005, 0.888251442, -1.62303437e-005, -0.459357568, 0.459357568, 2.33024482e-005, 0.888251442, -3.71247022e-006, -1, 2.81539645e-005, 0, 0, 0, 0, 0, 0, 0, 0.458277051, -0.0169094238, -0.283795923, 0.500857835, 0.534329638, -0.68079932, -0.826538086, 0.528442383, -0.193237305, 0.256347606, 0.659641128, 0.706630941, 0, -0, 0, 0, 0, 0, 0, 0.508432715, -0.0344580566, -0.212021875, 0.742567792, 0.046068186, -0.668017629, -0.646850586, -0.207885742, -0.733520508, -0.172593594, 0.977086967, -0.12446376, 0, 2, 1, 1, 
357.611566, 26, 0.1, 0.1, -0.00392388107, 0.378795208, -0.0199705615, 0.888251344, 1.79799129e-005, -0.459357758, 0.459357759, -2.44070056e-005, 0.888251343, 4.75913435e-006, -1, -2.9938768e-005, 0.888251362, 8.70981188e-006, -0.459357723, 0.459357723, -2.55038816e-005, 0.888251362, -3.97890275e-006, -1, -2.6654777e-005, 0, 0, 0, 0, 0, 0, 0, 0.458277051, -0.0169094238, -0.283795923, 0.500857835, 0.534329638, -0.68079932, -0.826538086, 0.528442383, -0.193237305, 0.256347606, 0.659641128, 0.706630941, 0, -0, 0, 0, 0, 0, 0, 0.508432715, -0.0344580566, -0.212021875, 0.742567792, 0.046068186, -0.668017629, -0.646850586, -0.207885742, -0.733520508, -0.172593594, 0.977086967, -0.12446376, 0, 2, 1, 1, 
357.612262, 26, 0.1, 0.1, -0.00392388169, 0.37879521, -0.0199692603, 0.888251286, -1.25585842e-005, -0.459357871, 0.459357871, 3.19549684e-005, 0.888251285, 3.5235877e-006, -0.999999999, 3.41529262e-005, 0.888251288, -1.07612383e-005, -0.459357867, 0.459357867, 2.92276821e-005, 0.888251287, 3.86728192e-006, -1, 3.09047858e-005, 0, 0, 0, 0, 0, 0, 0, 0.458277051, -0.0169094238, -0.283795923, 0.500857835, 0.534329638, -0.68079932, -0.826538086, 0.528442383, -0.193237305, 0.256347606, 0.659641128, 0.706630941, 0, -0, 0, 0, 0, 0, 0, 0.508432715, -0.0344580566, -0.212021875, 0.742567792, 0.046068186, -0.668017629, -0.646850586, -0.207885742, -0.733520508, -0.172593594, 0.977086967, -0.12446376, 0, 2, 1, 1, 
357.61296, 26, 0.1, 0.1, -0.00392388096, 0.378795208, -0.0199681718, 0.888251239, 1.11960359e-005, -0.45935796, 0.45935796, -3.32993848e-005, 0.888251239, -5.35144472e-006, -0.999999999, -3.47212081e-005, 0.888251244, 1.77864688e-005, -0.459357952, 0.459357952, -2.55184727e-005, 0.888251243, 4.07673966e-006, -1, -3.0837171e-005, 0, 0, 0, 0, 0, 0, 0, 0.458277051, -0.0169094238, -0.283795923, 0.500857835, 0.534329638, -0.68079932, -0.826538086, 0.528442383, -0.193237305, 0.256347606, 0.659641128, 0.706630941, 0, -0, 0, 0, 0, 0, 0, 0.508432715, -0.0344580566, -0.212021875, 0.742567792, 0.046068186, -0.668017629, -0.646850586, -0.207885742, -0.733520508, -0.172593594, 0.977086967, -0.12446376, 0, 2, 1, 1, 
357.613656, 26, 0.1, 0.1, -0.00392388145, 0.378795209, -0.0199675811, 0.888251191, -1.87956088e-005, -0.459358053, 0.459358053, 2.8145079e-005, 0.888251191, -3.76655323e-006, -0.999999999, 3.36338143e-005, 0.88825121, -1.73905208e-005, -0.459358018, 0.459358018, 2.46828832e-005, 0.888251209, -4.10887088e-006, -1, 2.9913076e-005, 0, 0, 0, 0, 0, 0, 0, 0.458277051, -0.0169094238, -0.283795923, 0.500857835, 0.534329638, -0.68079932, -0.826538086, 0.528442383, -0.193237305, 0.256347606, 0.659641128, 0.706630941, 0, -0, 0, 0, 0, 0, 0, 0.508432715, -0.0344580566, -0.212021875, 0.742567792, 0.046068186, -0.668017629, -0.646850586, -0.207885742, -0.733520508, -0.172593594, 0.977086967, -0.12446376, 0, 2, 1, 1, 
357.614348, 26, 0.1, 0.1, -0.00392387994, 0.378795207, -0.0199676873, 0.888251144, 2.1406728e-005, -0.459358145, 0.459358145, -2.93258869e-005, 0.888251143, 5.54346564e-006, -0.999999999, -3.58821074e-005, 0.888251157, 1.1114483e-005, -0.459358119, 0.459358119, -3.00602465e-005, 0.888251157, -3.93596589e-006, -0.999999999, -3.18065767e-005, 0, 0, 0, 0, 0, 0, 0, 0.458277051, -0.0169094238, -0.283795923, 0.500857835, 0.534329638, -0.68079932, -0.826538086, 0.528442383, -0.193237305, 0.256347606, 0.659641128, 0.706630941, 0, -0, 0, 0, 0, 0, 0, 0.508432715, -0.0344580566, -0.212021875, 0.742567792, 0.046068186, -0.668017629, -0.646850586, -0.207885742, -0.733520508, -0.172593594, 0.977086967, -0.12446376, 0, 2, 1, 1, 
357.615069, 26, 0.1, 0.1, -0.00392388038, 0.378795208, -0.0199683108, 0.888251114, -1.2382582e-005, -0.459358204, 0.459358204, 3.28156536e-005, 0.888251113, 4.07529742e-006, -0.999999999, 3.48365815e-005, 0.888251109, -1.01317041e-005, -0.459358212, 0.459358212, 2.92136517e-005, 0.888251109, 4.42003338e-006, -1, 3.060314e-005, 0, 0, 0, 0, 0, 0, 0, 0.458587061, -0.0160961426, -0.283329785, 0.498444243, 0.537046523, -0.680418522, -0.829345703, 0.523803711, -0.194091797, 0.252033388, 0.661188286, 0.70669422, 0, -0, 0, 0, 0, 0, 0, 0.508432715, -0.0344580566, -0.212021875, 0.743493429, 0.0503489582, -0.666643932, -0.64440918, -0.211303711, -0.734741211, -0.177896985, 0.976063981, -0.124687607, 0, 2, 1, 1, 
357.615766, 26, 0.1, 0.1, -0.00392387975, 0.378795207, -0.0199690755, 0.888251094, 1.07472738e-005, -0.459358241, 0.459358241, -3.14645662e-005, 0.888251094, -4.90723003e-006, -0.999999999, -3.28852841e-005, 0.888251093, 1.70134413e-005, -0.459358243, 0.459358243, -2.35948619e-005, 0.888251093, 4.27371357e-006, -1, -2.87734264e-005, 0, 0, 0, 0, 0, 0, 0, 0.458587061, -0.0160961426, -0.283329785, 0.498444243, 0.537046523, -0.680418522, -0.829345703, 0.523803711, -0.194091797, 0.252033388, 0.661188286, 0.70669422, 0, -0, 0, 0, 0, 0, 0, 0.509275391, -0.0335266113, -0.211265967, 0.743493429, 0.0503489582, -0.666643932, -0.64440918, -0.211303711, -0.734741211, -0.177896985, 0.976063981, -0.124687607, 0, 2, 1, 1, 
357.616464, 26, 0.1, 0.1, -0.00392388012, 0.378795208, -0.019969896, 0.888251072, -1.72518259e-005, -0.459358284, 0.459358285, 2.60082833e-005, 0.888251071, -3.37683243e-006, -1, 3.10266546e-005, 0.888251084, -1.58182554e-005, -0.45935826, 0.45935826, 2.26769628e-005, 0.888251084, -3.6337323e-006, -1, 2.74090831e-005, 0, 0, 0, 0, 0, 0, 0, 0.458587061, -0.0160961426, -0.283329785, 0.498444243, 0.537046523, -0.680418522, -0.829345703, 0.523803711, -0.194091797, 0.252033388, 0.661188286, 0.70669422, 0, -0, 0, 0, 0, 0, 0, 0.509275391, -0.0335266113, -0.211265967, 0.743493429, 0.0503489582, -0.666643932, -0.64440918, -0.211303711, -0.734741211, -0.177896985, 0.976063981, -0.124687607, 0, 2, 1, 1, 
357.617158, 26, 0.1, 0.1, -0.00392387877, 0.378795206, -0.019970651, 0.888251046, 1.92526278e-005, -0.459358333, 0.459358333, -2.66698671e-005, 0.888251046, 4.85014112e-006, -0.999999999, -3.25333924e-005, 0.888251055, 9.90183889e-006, -0.459358316, 0.459358316, -2.72972588e-005, 0.888251055, -3.743904e-006, -1, -2.8795311e-005, 0, 0, 0, 0, 0, 0, 0, 0.458587061, -0.0160961426, -0.283329785, 0.498444243, 0.537046523, -0.680418522, -0.829345703, 0.523803711, -0.194091797, 0.252033388, 0.661188286, 0.70669422, 0, -0, 0, 0, 0, 0, 0, 0.509275391, -0.0335266113, -0.211265967, 0.743493429, 0.0503489582, -0.666643932, -0.64440918, -0.211303711, -0.734741211, -0.177896985, 0.976063981, -0.124687607, 0, 2, 1, 1, 
357.617892, 26, 0.1, 0.1, -0.0039238792, 0.378795207, -0.0199707924, 0.888251033, -1.17021679e-005, -0.459358359, 0.459358359, 3.00480691e-005, 0.888251033, 3.40836901e-006, -0.999999999, 3.2065717e-005, 0.888251026, -9.81221747e-006, -0.459358372, 0.459358372, 2.71320423e-005, 0.888251026, 3.74761853e-006, -1, 2.86073886e-005, 0, 0, 0, 0, 0, 0, 0, 0.459191357, -0.015776709, -0.283515796, 0.49734491, 0.538887235, -0.679720205, -0.830932617, 0.520996094, -0.194946289, 0.248994115, 0.661885482, 0.707201578, 0, -0, 0, 0, 0, 0, 0, 0.510101953, -0.032819873, -0.211424023, 0.743805861, 0.0544572895, -0.666030361, -0.642944336, -0.213134766, -0.735473633, -0.182037399, 0.975513843, -0.123518433, 0, 2, 1, 1, 
