time, trialNum, realDorsalTactorPos, realVentralTactorPos, boxPosX, boxPosY, boxPosZ, boxLocalRot_11, boxLocalRot_12, boxLocalRot_13, boxLocalRot_21, boxLocalRot_22, boxLocalRot_23, boxLocalRot_31, boxLocalRot_32, boxLocalRot_33, boxGlobalRot_11, boxGlobalRot_12, boxGlobalRot_13, boxGlobalRot_21, boxGlobalRot_22, boxGlobalRot_23, boxGlobalRot_31, boxGlobalRot_32, boxGlobalRot_33, indexForceX, indexForceY, indexForceZ, indexForceGlobalX, indexForceGlobalY, indexForceGlobalZ, indexContact, indexPosX, indexPosY, indexPosZ, indexRot_11, indexRot_12, indexRot_13, indexRot_21, indexRot_22, indexRot_23, indexRot_31, indexRot_32, indexRot_33, thumbForceX, thumbForceY, thumbForceZ, thumbForceGlobalX, thumbForceGlobalY, thumbForceGlobalZ, thumbContact, thumbPosX, thumbPosY, thumbPosZ, thumbRot_11, thumbRot_12, thumbRot_13, thumbRot_21, thumbRot_22, thumbRot_23, thumbRot_31, thumbRot_32, thumbRot_33, manipForceTooHigh, cceExpType, mapping, trialSuccess, 
417.945494, 26, 0.1, 0.1, 0.00277543371, 0.382953531, -0.0199730791, 0.998606333, -1.07525122e-005, 0.0527767999, -0.0527768001, -2.40409396e-005, 0.998606333, -9.46872293e-006, -1, -2.45749177e-005, 0.998606311, -2.40354551e-005, 0.0527772208, -0.0527772215, -2.9634111e-005, 0.998606311, -2.24379512e-005, -0.999999999, -3.08613348e-005, 0, 0, 0, 0, 0, 0, 0, 0.344797705, -0.150899854, -0.179530884, -0.0917681279, 0.353041028, -0.931070091, -0.968261719, -0.249633789, 0.000732421885, -0.232154857, 0.901674101, 0.364865228, -0, 0, 0, 0, 0, 0, 0, 0.353604102, -0.0930625, -0.155906543, -0.0178715951, -0.0103949819, -0.999696849, 0.443115234, -0.896362305, 0.00134277345, -0.896181765, -0.442966312, 0.0206161621, 0, 2, 1, 1, 
417.986696, 26, 0.1, 0.1, 0.00277544627, 0.382953565, -0.0199660746, 0.99860257, -3.33128311e-005, 0.0528479447, -0.0528479436, 3.2710186e-005, 0.99860257, -3.49949449e-005, -0.999999999, 3.09039612e-005, 0.998602601, -2.96097826e-005, 0.0528473674, -0.0528473669, 1.79491103e-005, 0.998602601, -3.05169692e-005, -0.999999999, 1.63592292e-005, 0, 0, 0, 0, 0, 0, 0, 0.347558008, -0.151667383, -0.176150073, -0.135697324, 0.370056026, -0.919062045, -0.951782227, -0.305786133, 0.0173339844, -0.27463393, 0.87722701, 0.393861324, 0, 0, 0, 0, 0, 0, 0, 0.353761279, -0.0952452637, -0.151102002, -0.0294648803, 0.000620078976, -0.999466073, 0.485717773, -0.873901367, -0.0147705078, -0.87346544, -0.485873216, 0.0254273834, 0, 2, 1, 1, 
417.987384, 26, 0.1, 0.1, 0.00277544706, 0.382953565, -0.019966644, 0.998602417, 2.99038118e-005, 0.0528508471, -0.052850846, -3.5416107e-005, 0.998602417, 3.173379e-005, -0.999999999, -3.37861683e-005, 0.998602448, 2.75372764e-005, 0.0528502549, -0.0528502544, -1.89992977e-005, 0.998602449, 2.85029094e-005, -0.999999999, -1.75173931e-005, 0, 0, 0, 0, 0, 0, 0, 0.347558008, -0.151667383, -0.176150073, -0.135697324, 0.370056026, -0.919062045, -0.951782227, -0.305786133, 0.0173339844, -0.27463393, 0.87722701, 0.393861324, 0, 0, 0, 0, 0, 0, 0, 0.353761279, -0.0952452637, -0.151102002, -0.0294648803, 0.000620078976, -0.999466073, 0.485717773, -0.873901367, -0.0147705078, -0.87346544, -0.485873216, 0.0254273834, 0, 2, 1, 1, 
417.988069, 26, 0.1, 0.1, 0.00277544458, 0.382953564, -0.0199681561, 0.998602262, -3.30393307e-005, 0.0528537628, -0.0528537619, 2.65449593e-005, 0.998602263, -3.43961514e-005, -0.999999999, 2.47616035e-005, 0.998602293, -3.04493589e-005, 0.0528531797, -0.0528531794, 1.1513421e-005, 0.998602294, -3.10153206e-005, -0.999999999, 9.88798318e-006, 0, 0, 0, 0, 0, 0, 0, 0.347558008, -0.151667383, -0.176150073, -0.135697324, 0.370056026, -0.919062045, -0.951782227, -0.305786133, 0.0173339844, -0.27463393, 0.87722701, 0.393861324, 0, 0, 0, 0, 0, 0, 0, 0.353761279, -0.0952452637, -0.151102002, -0.0294648803, 0.000620078976, -0.999466073, 0.485717773, -0.873901367, -0.0147705078, -0.87346544, -0.485873216, 0.0254273834, 0, 2, 1, 1, 
417.988767, 26, 0.1, 0.1, 0.0027754454, 0.382953564, -0.0199701575, 0.998602104, 2.95796852e-005, 0.0528567568, -0.0528567559, -3.00939262e-005, 0.998602104, 3.11290032e-005, -0.999999999, -2.84883719e-005, 0.998602139, 2.60833299e-005, 0.052856109, -0.0528561086, -1.51387074e-005, 0.998602139, 2.68470422e-005, -1, -1.37388822e-005, 0, 0, 0, 0, 0, 0, 0, 0.347558008, -0.151667383, -0.176150073, -0.138839191, 0.371311875, -0.91795672, -0.951049805, -0.308105469, 0.0191650391, -0.275743002, 0.875792184, 0.396158096, 0, 0, 0, 0, 0, 0, 0, 0.353761279, -0.0952452637, -0.151102002, -0.0294648803, 0.000620078976, -0.999466073, 0.485717773, -0.873901367, -0.0147705078, -0.87346544, -0.485873216, 0.0254273834, 0, 2, 1, 1, 
417.989464, 26, 0.1, 0.1, 0.00277544384, 0.382953563, -0.0199717153, 0.998601947, -2.6318096e-005, 0.0528597314, -0.0528597308, 2.55067736e-005, 0.998601947, -2.76295831e-005, -0.999999999, 2.40799463e-005, 0.998601978, -2.3842162e-005, 0.0528591508, -0.0528591505, 1.18344355e-005, 0.998601978, -2.44343883e-005, -1, 1.05576143e-005, 0, 0, 0, 0, 0, 0, 0, 0.347170825, -0.151607568, -0.176309839, -0.138839191, 0.371311875, -0.91795672, -0.951049805, -0.308105469, 0.0191650391, -0.275743002, 0.875792184, 0.396158096, 0, 0, 0, 0, 0, 0, 0, 0.353179297, -0.0952164551, -0.151063184, -0.0319373884, 0.00187200785, -0.999389147, 0.48815918, -0.872436523, -0.0172119141, -0.872129656, -0.488441972, 0.0270311238, 0, 2, 1, 1, 
417.990148, 26, 0.1, 0.1, 0.00277544489, 0.382953564, -0.0199726875, 0.998601793, 2.78337092e-005, 0.0528626266, -0.052862626, -2.32504564e-005, 0.998601794, 2.90238721e-005, -0.999999999, -2.17465845e-005, 0.998601824, 2.55767224e-005, 0.0528620526, -0.0528620523, -1.12592804e-005, 0.998601824, 2.61361503e-005, -1, -9.89149994e-006, 0, 0, 0, 0, 0, 0, 0, 0.347170825, -0.151607568, -0.176309839, -0.138839191, 0.371311875, -0.91795672, -0.951049805, -0.308105469, 0.0191650391, -0.275743002, 0.875792184, 0.396158096, 0, 0, 0, 0, 0, 0, 0, 0.353179297, -0.0952164551, -0.151063184, -0.0319373884, 0.00187200785, -0.999389147, 0.48815918, -0.872436523, -0.0172119141, -0.872129656, -0.488441972, 0.0270311238, 0, 2, 1, 1, 
417.990832, 26, 0.1, 0.1, 0.00277544317, 0.382953563, -0.0199728764, 0.998601642, -2.58163157e-005, 0.0528654815, -0.0528654807, 3.00725295e-005, 0.998601642, -2.73700141e-005, -0.999999999, 2.86656854e-005, 0.998601673, -2.35511416e-005, 0.0528649119, -0.0528649115, 1.74443281e-005, 0.998601673, -2.44404022e-005, -1, 1.61749062e-005, 0, 0, 0, 0, 0, 0, 0, 0.347170825, -0.151607568, -0.176309839, -0.138839191, 0.371311875, -0.91795672, -0.951049805, -0.308105469, 0.0191650391, -0.275743002, 0.875792184, 0.396158096, 0, 0, 0, 0, 0, 0, 0, 0.353179297, -0.0952164551, -0.151063184, -0.0319373884, 0.00187200785, -0.999389147, 0.48815918, -0.872436523, -0.0172119141, -0.872129656, -0.488441972, 0.0270311238, 0, 2, 1, 1, 
417.991516, 26, 0.1, 0.1, 0.00277544387, 0.382953565, -0.0199722582, 0.998601494, 2.42882889e-005, 0.0528682915, -0.0528682909, -2.51279901e-005, 0.998601494, 2.55827955e-005, -0.999999999, -2.38087681e-005, 0.998601523, 2.28751501e-005, 0.052867732, -0.0528677317, -1.21039315e-005, 0.998601524, 2.34830672e-005, -1, -1.08776472e-005, 0, 0, 0, 0, 0, 0, 0, 0.347170825, -0.151607568, -0.176309839, -0.138839191, 0.371311875, -0.91795672, -0.951049805, -0.308105469, 0.0191650391, -0.275743002, 0.875792184, 0.396158096, 0, 0, 0, 0, 0, 0, 0, 0.353179297, -0.0952164551, -0.151063184, -0.0319373884, 0.00187200785, -0.999389147, 0.48815918, -0.872436523, -0.0172119141, -0.872129656, -0.488441972, 0.0270311238, 0, 2, 1, 1, 
417.992207, 26, 0.1, 0.1, 0.0027754408, 0.382953564, -0.019971018, 0.998601344, -3.42281123e-005, 0.0528711196, -0.0528711187, 2.82673045e-005, 0.998601344, -3.5674763e-005, -0.999999999, 2.64180896e-005, 0.998601374, -3.19058227e-005, 0.0528705537, -0.0528705532, 1.55120013e-005, 0.998601374, -3.26813265e-005, -0.999999999, 1.38034273e-005, 0, 0, 0, 0, 0, 0, 0, 0.347170825, -0.151607568, -0.176309839, -0.138839191, 0.371311875, -0.91795672, -0.951049805, -0.308105469, 0.0191650391, -0.275743002, 0.875792184, 0.396158096, 0, 0, 0, 0, 0, 0, 0, 0.353179297, -0.0952164551, -0.151063184, -0.0319373884, 0.00187200785, -0.999389147, 0.48815918, -0.872436523, -0.0172119141, -0.872129656, -0.488441972, 0.0270311238, 0, 2, 1, 1, 
417.992896, 26, 0.1, 0.1, 0.00277544101, 0.382953564, -0.0199695329, 0.998601195, 2.51970968e-005, 0.0528739377, -0.0528739369, -3.24134029e-005, 0.998601195, 2.68756752e-005, -0.999999999, -3.10357932e-005, 0.998601225, 2.28435894e-005, 0.0528733749, -0.0528733745, -1.81995395e-005, 0.998601225, 2.37739074e-005, -1, -1.69662648e-005, 0, 0, 0, 0, 0, 0, 0, 0.347170825, -0.151607568, -0.176309839, -0.138839191, 0.371311875, -0.91795672, -0.951049805, -0.308105469, 0.0191650391, -0.275743002, 0.875792184, 0.396158096, 0, 0, 0, 0, 0, 0, 0, 0.353179297, -0.0952164551, -0.151063184, -0.0319373884, 0.00187200785, -0.999389147, 0.48815918, -0.872436523, -0.0172119141, -0.872129656, -0.488441972, 0.0270311238, 0, 2, 1, 1, 
417.99358, 26, 0.1, 0.1, 0.00277543829, 0.382953563, -0.0199683161, 0.998601046, -3.22059569e-005, 0.052876741, -0.05287674, 3.02512697e-005, 0.998601046, -3.37604908e-005, -0.999999999, 2.85060035e-005, 0.998601076, -3.07114133e-005, 0.0528761779, -0.0528761774, 1.54820028e-005, 0.998601076, -3.14870795e-005, -0.999999999, 1.38364425e-005, 0, 0, 0, 0, 0, 0, 0, 0.347170825, -0.151607568, -0.176309839, -0.138839191, 0.371311875, -0.91795672, -0.951049805, -0.308105469, 0.0191650391, -0.275743002, 0.875792184, 0.396158096, 0, 0, 0, 0, 0, 0, 0, 0.353179297, -0.0952164551, -0.151063184, -0.0319373884, 0.00187200785, -0.999389147, 0.48815918, -0.872436523, -0.0172119141, -0.872129656, -0.488441972, 0.0270311238, 0, 2, 1, 1, 
417.994298, 26, 0.1, 0.1, 0.00277544035, 0.382953564, -0.0199674441, 0.998600889, 3.81805764e-005, 0.0528796998, -0.0528796986, -3.25265838e-005, 0.998600889, 3.98471535e-005, -0.999999999, -3.04620981e-005, 0.99860092, 3.5093565e-005, 0.0528791116, -0.052879111, -1.75725931e-005, 0.998600921, 3.59736895e-005, -0.999999999, -1.56922911e-005, 0, 0, 0, 0, 0, 0, 0, 0.346840649, -0.151300098, -0.176030566, -0.140832671, 0.373049994, -0.916991059, -0.950317383, -0.310424805, 0.01953125, -0.277404737, 0.874280973, 0.398353397, 0, 0, 0, 0, 0, 0, 0, 0.352870605, -0.0949514648, -0.151044629, -0.0338666876, 0.00357746028, -0.999344305, 0.491577148, -0.870483398, -0.0197753906, -0.870123064, -0.491822261, 0.0277722932, 0, 2, 1, 1, 
417.995033, 26, 0.1, 0.1, 0.00277543919, 0.382953562, -0.0199665308, 0.998600724, -2.91663243e-005, 0.0528828341, -0.0528828332, 3.19825631e-005, 0.998600723, -3.08168411e-005, -0.999999999, 3.03954128e-005, 0.998600754, -2.68116576e-005, 0.0528822602, -0.0528822597, 1.64813781e-005, 0.998600754, -2.7645714e-005, -1, 1.50404556e-005, 0, 0, 0, 0, 0, 0, 0, 0.346840649, -0.151300098, -0.176030566, -0.140832671, 0.373049994, -0.916991059, -0.950317383, -0.310424805, 0.01953125, -0.277404737, 0.874280973, 0.398353397, 0, 0, 0, 0, 0, 0, 0, 0.352870605, -0.0949514648, -0.151044629, -0.0338666876, 0.00357746028, -0.999344305, 0.491577148, -0.870483398, -0.0197753906, -0.870123064, -0.491822261, 0.0277722932, 0, 2, 1, 1, 
417.995714, 26, 0.1, 0.1, 0.00277544134, 0.382953564, -0.0199668598, 0.998600569, 3.77142277e-005, 0.0528857497, -0.0528857486, -3.01112599e-005, 0.998600569, 3.92539058e-005, -0.999999999, -2.80745761e-005, 0.9986006, 3.48849891e-005, 0.0528851667, -0.0528851662, -1.51950375e-005, 0.9986006, 3.56397632e-005, -0.999999999, -1.33288751e-005, 0, 0, 0, 0, 0, 0, 0, 0.346840649, -0.151300098, -0.176030566, -0.140832671, 0.373049994, -0.916991059, -0.950317383, -0.310424805, 0.01953125, -0.277404737, 0.874280973, 0.398353397, 0, 0, 0, 0, 0, 0, 0, 0.352870605, -0.0949514648, -0.151044629, -0.0338666876, 0.00357746028, -0.999344305, 0.491577148, -0.870483398, -0.0197753906, -0.870123064, -0.491822261, 0.0277722932, 0, 2, 1, 1, 
417.996408, 26, 0.1, 0.1, 0.00277544014, 0.382953563, -0.0199681557, 0.998600411, -2.740341e-005, 0.052888745, -0.052888744, 3.28343386e-005, 0.99860041, -2.91016234e-005, -0.999999999, 3.13390521e-005, 0.998600445, -2.38039093e-005, 0.0528880905, -0.0528880901, 1.63093558e-005, 0.998600445, -2.46331651e-005, -1, 1.50275867e-005, 0, 0, 0, 0, 0, 0, 0, 0.346840649, -0.151300098, -0.176030566, -0.143036207, 0.373322208, -0.91657806, -0.94909668, -0.314086914, 0.0201416016, -0.280392713, 0.872878348, 0.399400312, 0, 0, 0, 0, 0, 0, 0, 0.352870605, -0.0949514648, -0.151044629, -0.0338666876, 0.00357746028, -0.999344305, 0.491577148, -0.870483398, -0.0197753906, -0.870123064, -0.491822261, 0.0277722932, 0, 2, 1, 1, 
417.997103, 26, 0.1, 0.1, 0.00277544134, 0.382953564, -0.019969725, 0.998600252, 2.90511285e-005, 0.052891738, -0.0528917372, -2.80246881e-005, 0.998600252, 3.04927387e-005, -0.999999999, -2.64488959e-005, 0.998600283, 2.73725482e-005, 0.0528911462, -0.0528911458, -1.34585052e-005, 0.998600284, 2.80460702e-005, -1, -1.19919017e-005, 0, 0, 0, 0, 0, 0, 0, 0.34716543, -0.151290454, -0.176006274, -0.143036207, 0.373322208, -0.91657806, -0.94909668, -0.314086914, 0.0201416016, -0.280392713, 0.872878348, 0.399400312, 0, 0, 0, 0, 0, 0, 0, 0.353073096, -0.0949446289, -0.150598145, -0.0348120141, 0.00481006613, -0.999344305, 0.494995117, -0.868530273, -0.0213623047, -0.868135796, -0.49537499, 0.0277722932, 0, 2, 1, 1, 
417.997796, 26, 0.1, 0.1, 0.00277543875, 0.382953563, -0.0199711918, 0.998600093, -3.38336449e-005, 0.0528947297, -0.0528947288, 2.50625326e-005, 0.998600094, -3.51119569e-005, -0.999999999, 2.32378259e-005, 0.998600125, -3.05751899e-005, 0.0528941346, -0.0528941342, 1.19653978e-005, 0.998600125, -3.11652878e-005, -0.999999999, 1.03313995e-005, 0, 0, 0, 0, 0, 0, 0, 0.34716543, -0.151290454, -0.176006274, -0.143036207, 0.373322208, -0.91657806, -0.94909668, -0.314086914, 0.0201416016, -0.280392713, 0.872878348, 0.399400312, 0, 0, 0, 0, 0, 0, 0, 0.353073096, -0.0949446289, -0.150598145, -0.0348120141, 0.00481006613, -0.999344305, 0.494995117, -0.868530273, -0.0213623047, -0.868135796, -0.49537499, 0.0277722932, 0, 2, 1, 1, 
417.99848, 26, 0.1, 0.1, 0.00277543857, 0.382953563, -0.0199722222, 0.998599939, 2.25743064e-005, 0.0528976556, -0.0528976549, -2.71750565e-005, 0.998599939, 2.39801977e-005, -0.999999999, -2.59428819e-005, 0.99859997, 1.95778403e-005, 0.0528970733, -0.052897073, -1.45492311e-005, 0.99859997, 2.03200425e-005, -1, -1.34932513e-005, 0, 0, 0, 0, 0, 0, 0, 0.34716543, -0.151290454, -0.176006274, -0.143036207, 0.373322208, -0.91657806, -0.94909668, -0.314086914, 0.0201416016, -0.280392713, 0.872878348, 0.399400312, 0, 0, 0, 0, 0, 0, 0, 0.353073096, -0.0949446289, -0.150598145, -0.0348120141, 0.00481006613, -0.999344305, 0.494995117, -0.868530273, -0.0213623047, -0.868135796, -0.49537499, 0.0277722932, 0, 2, 1, 1, 
417.999162, 26, 0.1, 0.1, 0.00277543662, 0.382953563, -0.0199726096, 0.998599787, -2.49848788e-005, 0.0529005143, -0.0529005136, 2.7858538e-005, 0.998599787, -2.64236256e-005, -0.999999999, 2.64978172e-005, 0.998599818, -2.38549416e-005, 0.0528999381, -0.0528999377, 1.46923109e-005, 0.998599818, -2.45987627e-005, -1, 1.3409814e-005, 0, 0, 0, 0, 0, 0, 0, 0.34716543, -0.151290454, -0.176006274, -0.143036207, 0.373322208, -0.91657806, -0.94909668, -0.314086914, 0.0201416016, -0.280392713, 0.872878348, 0.399400312, 0, 0, 0, 0, 0, 0, 0, 0.353073096, -0.0949446289, -0.150598145, -0.0348120141, 0.00481006613, -0.999344305, 0.494995117, -0.868530273, -0.0213623047, -0.868135796, -0.49537499, 0.0277722932, 0, 2, 1, 1, 
417.999845, 26, 0.1, 0.1, 0.00277543818, 0.382953564, -0.0199722767, 0.998599637, 3.02789039e-005, 0.0529033484, -0.0529033476, -2.53028467e-005, 0.998599637, 3.15751077e-005, -0.999999999, -2.36655581e-005, 0.998599667, 2.80023381e-005, 0.0529027818, -0.0529027814, -1.25690222e-005, 0.998599667, 2.86280617e-005, -1, -1.10700198e-005, 0, 0, 0, 0, 0, 0, 0, 0.34716543, -0.151290454, -0.176006274, -0.143036207, 0.373322208, -0.91657806, -0.94909668, -0.314086914, 0.0201416016, -0.280392713, 0.872878348, 0.399400312, 0, 0, 0, 0, 0, 0, 0, 0.353073096, -0.0949446289, -0.150598145, -0.0348120141, 0.00481006613, -0.999344305, 0.494995117, -0.868530273, -0.0213623047, -0.868135796, -0.49537499, 0.0277722932, 0, 2, 1, 1, 
418.000528, 26, 0.1, 0.1, 0.00277543678, 0.382953563, -0.019971383, 0.998599488, -2.50185634e-005, 0.0529061618, -0.0529061611, 2.87444509e-005, 0.998599488, -2.65042832e-005, -0.999999999, 2.73805578e-005, 0.998599518, -2.28485583e-005, 0.0529055989, -0.0529055986, 1.59311559e-005, 0.998599518, -2.36594067e-005, -1, 1.47000279e-005, 0, 0, 0, 0, 0, 0, 0, 0.34716543, -0.151290454, -0.176006274, -0.143036207, 0.373322208, -0.91657806, -0.94909668, -0.314086914, 0.0201416016, -0.280392713, 0.872878348, 0.399400312, 0, 0, 0, 0, 0, 0, 0, 0.353073096, -0.0949446289, -0.150598145, -0.0348120141, 0.00481006613, -0.999344305, 0.494995117, -0.868530273, -0.0213623047, -0.868135796, -0.49537499, 0.0277722932, 0, 2, 1, 1, 
418.001219, 26, 0.1, 0.1, 0.00277543827, 0.382953564, -0.0199701864, 0.998599338, 2.8908587e-005, 0.0529089832, -0.0529089822, -3.25618314e-005, 0.998599338, 3.05909092e-005, -0.999999999, -3.09866994e-005, 0.998599371, 2.7251177e-005, 0.0529083717, -0.0529083713, -1.71928191e-005, 0.998599371, 2.81226522e-005, -0.999999999, -1.57269229e-005, 0, 0, 0, 0, 0, 0, 0, 0.34716543, -0.151290454, -0.176006274, -0.144116444, 0.372344564, -0.916794108, -0.947998047, -0.317260742, 0.0201416016, -0.283311419, 0.872168048, 0.398816571, 0, 0, 0, 0, 0, 0, 0, 0.353073096, -0.0949446289, -0.150598145, -0.0348120141, 0.00481006613, -0.999344305, 0.494995117, -0.868530273, -0.0213623047, -0.868135796, -0.49537499, 0.0277722932, 0, 2, 1, 1, 
418.001915, 26, 0.1, 0.1, 0.00277543585, 0.382953562, -0.0199688203, 0.998599187, -3.20885973e-005, 0.0529118334, -0.0529118325, 2.90286117e-005, 0.998599187, -3.35796043e-005, -0.999999999, 2.72900816e-005, 0.998599217, -3.00496178e-005, 0.0529112737, -0.0529112733, 1.47047722e-005, 0.998599217, -3.07855731e-005, -0.999999999, 1.30942105e-005, 0, 0, 0, 0, 0, 0, 0, 0.347547827, -0.151342578, -0.175349365, -0.144116444, 0.372344564, -0.916794108, -0.947998047, -0.317260742, 0.0201416016, -0.283311419, 0.872168048, 0.398816571, 0, 0, 0, 0, 0, 0, 0, 0.352842041, -0.095188623, -0.150371484, -0.0353038172, 0.00514838471, -0.999369824, 0.496948242, -0.867431641, -0.0220947266, -0.866960059, -0.497426057, 0.0280150964, 0, 2, 1, 1, 
418.002603, 26, 0.1, 0.1, 0.00277543726, 0.382953563, -0.0199678941, 0.998599036, 3.28726268e-005, 0.0529146813, -0.0529146803, -3.20130821e-005, 0.998599036, 3.45205355e-005, -0.999999999, -3.02287883e-005, 0.998599067, 3.01519574e-005, 0.0529141093, -0.0529141088, -1.74983429e-005, 0.998599067, 3.10356258e-005, -0.999999999, -1.58783649e-005, 0, 0, 0, 0, 0, 0, 0, 0.347547827, -0.151342578, -0.175349365, -0.144116444, 0.372344564, -0.916794108, -0.947998047, -0.317260742, 0.0201416016, -0.283311419, 0.872168048, 0.398816571, 0, 0, 0, 0, 0, 0, 0, 0.352842041, -0.095188623, -0.150371484, -0.0353038172, 0.00514838471, -0.999369824, 0.496948242, -0.867431641, -0.0220947266, -0.866960059, -0.497426057, 0.0280150964, 0, 2, 1, 1, 
418.003287, 26, 0.1, 0.1, 0.00277543542, 0.382953562, -0.019967671, 0.998598885, -3.03481804e-005, 0.0529175343, -0.0529175334, 3.1133021e-005, 0.998598885, -3.19531418e-005, -0.999999999, 2.94834492e-005, 0.998598916, -2.7702828e-005, 0.0529169538, -0.0529169533, 1.58509375e-005, 0.998598916, -2.85027974e-005, -0.999999999, 1.43627798e-005, 0, 0, 0, 0, 0, 0, 0, 0.347547827, -0.151342578, -0.175349365, -0.144116444, 0.372344564, -0.916794108, -0.947998047, -0.317260742, 0.0201416016, -0.283311419, 0.872168048, 0.398816571, 0, 0, 0, 0, 0, 0, 0, 0.352842041, -0.095188623, -0.150371484, -0.0353038172, 0.00514838471, -0.999369824, 0.496948242, -0.867431641, -0.0220947266, -0.866960059, -0.497426057, 0.0280150964, 0, 2, 1, 1, 
418.003968, 26, 0.1, 0.1, 0.0027754369, 0.382953563, -0.0199681979, 0.998598733, 3.28225742e-005, 0.0529204063, -0.0529204053, -2.84992919e-005, 0.998598733, 3.42847751e-005, -0.999999999, -2.67223728e-005, 0.998598764, 3.01018458e-005, 0.0529198279, -0.0529198275, -1.39656733e-005, 0.998598764, 3.07987271e-005, -0.999999999, -1.23531197e-005, 0, 0, 0, 0, 0, 0, 0, 0.347547827, -0.151342578, -0.175349365, -0.144116444, 0.372344564, -0.916794108, -0.947998047, -0.317260742, 0.0201416016, -0.283311419, 0.872168048, 0.398816571, 0, 0, 0, 0, 0, 0, 0, 0.352842041, -0.095188623, -0.150371484, -0.0353038172, 0.00514838471, -0.999369824, 0.496948242, -0.867431641, -0.0220947266, -0.866960059, -0.497426057, 0.0280150964, 0, 2, 1, 1, 
418.004648, 26, 0.1, 0.1, 0.00277543525, 0.382953562, -0.0199693094, 0.99859858, -2.90942159e-005, 0.0529232919, -0.052923291, 3.06326494e-005, 0.99859858, -3.06746233e-005, -0.999999999, 2.90499586e-005, 0.998598611, -2.61998414e-005, 0.0529227088, -0.0529227084, 1.6296362e-005, 0.998598611, -2.70255728e-005, -1, 1.48869579e-005, 0, 0, 0, 0, 0, 0, 0, 0.347547827, -0.151342578, -0.175349365, -0.144116444, 0.372344564, -0.916794108, -0.947998047, -0.317260742, 0.0201416016, -0.283311419, 0.872168048, 0.398816571, 0, 0, 0, 0, 0, 0, 0, 0.352842041, -0.095188623, -0.150371484, -0.0353038172, 0.00514838471, -0.999369824, 0.496948242, -0.867431641, -0.0220947266, -0.866960059, -0.497426057, 0.0280150964, 0, 2, 1, 1, 
418.00533, 26, 0.1, 0.1, 0.00277543629, 0.382953564, -0.0199706255, 0.998598427, 2.86386036e-005, 0.0529261756, -0.0529261749, -2.52057516e-005, 0.998598427, 2.99325086e-005, -0.999999999, -2.36546921e-005, 0.998598458, 2.61213661e-005, 0.0529255919, -0.0529255916, -1.14430139e-005, 0.998598459, 2.66903842e-005, -1, -1.00444872e-005, 0, 0, 0, 0, 0, 0, 0, 0.347547827, -0.151342578, -0.175349365, -0.144116444, 0.372344564, -0.916794108, -0.947998047, -0.317260742, 0.0201416016, -0.283311419, 0.872168048, 0.398816571, 0, 0, 0, 0, 0, 0, 0, 0.352842041, -0.095188623, -0.150371484, -0.0353038172, 0.00514838471, -0.999369824, 0.496948242, -0.867431641, -0.0220947266, -0.866960059, -0.497426057, 0.0280150964, 0, 2, 1, 1, 
418.006068, 26, 0.1, 0.1, 0.002775434, 0.382953564, -0.0199716504, 0.998598264, -2.88412722e-005, 0.0529292644, -0.0529292635, 3.23122332e-005, 0.998598264, -3.05111071e-005, -0.999999999, 3.07403927e-005, 0.998598306, -2.53023813e-005, 0.0529284646, -0.0529284642, 1.46516125e-005, 0.998598306, -2.60424025e-005, -1, 1.32918593e-005, 0, 0, 0, 0, 0, 0, 0, 0.347547827, -0.151342578, -0.175349365, -0.145989356, 0.370821371, -0.917149819, -0.947265625, -0.319458008, 0.0216064453, -0.28499225, 0.87191493, 0.398131358, 0, 0, 0, 0, 0, 0, 0, 0.352842041, -0.095188623, -0.150371484, -0.0353038172, 0.00514838471, -0.999369824, 0.496948242, -0.867431641, -0.0220947266, -0.866960059, -0.497426057, 0.0280150964, 0, 2, 1, 1, 
418.006784, 26, 0.1, 0.1, 0.00277543456, 0.382953565, -0.0199712361, 0.998598104, 2.48734523e-005, 0.0529322792, -0.0529322785, -2.80033649e-005, 0.998598104, 2.63208643e-005, -0.999999999, -2.66474986e-005, 0.998598134, 2.35043943e-005, 0.0529317041, -0.0529317038, -1.39442248e-005, 0.998598135, 2.42095359e-005, -1, -1.26805492e-005, 0, 0, 0, 0, 0, 0, 0, 0.347670239, -0.151644434, -0.174923145, -0.145989356, 0.370821371, -0.917149819, -0.947265625, -0.319458008, 0.0216064453, -0.28499225, 0.87191493, 0.398131358, 0, 0, 0, 0, 0, 0, 0, 0.352789551, -0.0952376953, -0.149894727, -0.0365623092, 0.00514801813, -0.9992291, 0.499389648, -0.865966797, -0.0227050781, -0.865496677, -0.499758207, 0.0290118289, 0, 2, 1, 1, 
418.00748, 26, 0.1, 0.1, 0.00277543165, 0.382953564, -0.0199704125, 0.99859795, -3.35266423e-005, 0.0529351803, -0.0529351794, 2.90794682e-005, 0.99859795, -3.50189632e-005, -0.999999999, 2.72639585e-005, 0.998597981, -3.14610711e-005, 0.0529346028, -0.0529346023, 1.57603986e-005, 0.998597981, -3.22512325e-005, -0.999999999, 1.40729229e-005, 0, 0, 0, 0, 0, 0, 0, 0.347670239, -0.151644434, -0.174923145, -0.145989356, 0.370821371, -0.917149819, -0.947265625, -0.319458008, 0.0216064453, -0.28499225, 0.87191493, 0.398131358, 0, 0, 0, 0, 0, 0, 0, 0.352789551, -0.0952376953, -0.149894727, -0.0365623092, 0.00514801813, -0.9992291, 0.499389648, -0.865966797, -0.0227050781, -0.865496677, -0.499758207, 0.0290118289, 0, 2, 1, 1, 
418.008171, 26, 0.1, 0.1, 0.00277543237, 0.382953565, -0.0199694191, 0.998597797, 2.82367348e-005, 0.0529380709, -0.05293807, -3.12431245e-005, 0.998597797, 2.98510919e-005, -0.999999999, -2.97045171e-005, 0.998597827, 2.56073371e-005, 0.0529374954, -0.052937495, -1.70564404e-005, 0.998597828, 2.64743565e-005, -1, -1.5676936e-005, 0, 0, 0, 0, 0, 0, 0, 0.347670239, -0.151644434, -0.174923145, -0.145989356, 0.370821371, -0.917149819, -0.947265625, -0.319458008, 0.0216064453, -0.28499225, 0.87191493, 0.398131358, 0, 0, 0, 0, 0, 0, 0, 0.352789551, -0.0952376953, -0.149894727, -0.0365623092, 0.00514801813, -0.9992291, 0.499389648, -0.865966797, -0.0227050781, -0.865496677, -0.499758207, 0.0290118289, 0, 2, 1, 1, 
418.008888, 26, 0.1, 0.1, 0.0027754298, 0.382953563, -0.0199682623, 0.998597637, -3.35656685e-005, 0.0529410804, -0.0529410794, 2.89069098e-005, 0.998597637, -3.50489603e-005, -0.999999999, 2.70893691e-005, 0.998597668, -3.16655134e-005, 0.0529405033, -0.0529405029, 1.45234535e-005, 0.998597668, -3.23899867e-005, -0.999999999, 1.28266986e-005, 0, 0, 0, 0, 0, 0, 0, 0.347670239, -0.151644434, -0.174923145, -0.145989356, 0.370821371, -0.917149819, -0.947265625, -0.319458008, 0.0216064453, -0.28499225, 0.87191493, 0.398131358, 0, 0, 0, 0, 0, 0, 0, 0.352789551, -0.0952376953, -0.149894727, -0.0365623092, 0.00514801813, -0.9992291, 0.499389648, -0.865966797, -0.0227050781, -0.865496677, -0.499758207, 0.0290118289, 0, 2, 1, 1, 
418.00959, 26, 0.1, 0.1, 0.00277543144, 0.382953564, -0.0199676091, 0.998597479, 3.49736423e-005, 0.0529440581, -0.0529440569, -3.52622658e-005, 0.998597479, 3.67915185e-005, -0.999999999, -3.33611632e-005, 0.998597511, 3.20306957e-005, 0.052943467, -0.0529434664, -2.03156927e-005, 0.998597511, 3.30613562e-005, -0.999999999, -1.85913841e-005, 0, 0, 0, 0, 0, 0, 0, 0.347670239, -0.151644434, -0.174923145, -0.145989356, 0.370821371, -0.917149819, -0.947265625, -0.319458008, 0.0216064453, -0.28499225, 0.87191493, 0.398131358, 0, 0, 0, 0, 0, 0, 0, 0.352789551, -0.0952376953, -0.149894727, -0.0365623092, 0.00514801813, -0.9992291, 0.499389648, -0.865966797, -0.0227050781, -0.865496677, -0.499758207, 0.0290118289, 0, 2, 1, 1, 
418.01033, 26, 0.1, 0.1, 0.00277542949, 0.382953563, -0.0199675039, 0.998597313, -3.02797778e-005, 0.0529472009, -0.0529471998, 3.40552325e-005, 0.998597313, -3.2040434e-005, -0.999999999, 3.24042342e-005, 0.998597355, -2.64312223e-005, 0.0529464089, -0.0529464086, 1.35044923e-005, 0.998597355, -2.71091631e-005, -1, 1.2086112e-005, 0, 0, 0, 0, 0, 0, 0, 0.347670239, -0.151644434, -0.174923145, -0.145989356, 0.370821371, -0.917149819, -0.947265625, -0.319458008, 0.0216064453, -0.28499225, 0.87191493, 0.398131358, 0, 0, 0, 0, 0, 0, 0, 0.352789551, -0.0952376953, -0.149894727, -0.0365623092, 0.00514801813, -0.9992291, 0.499389648, -0.865966797, -0.0227050781, -0.865496677, -0.499758207, 0.0290118289, 0, 2, 1, 1, 
418.011035, 26, 0.1, 0.1, 0.00277543074, 0.382953564, -0.0199674986, 0.99859715, 3.01785529e-005, 0.0529502748, -0.0529502738, -3.15059294e-005, 0.99859715, 3.18044645e-005, -0.999999999, -2.98637686e-005, 0.998597184, 2.82329655e-005, 0.0529496274, -0.052949627, -1.48308273e-005, 0.998597184, 2.89786466e-005, -0.999999999, -1.33150974e-005, 0, 0, 0, 0, 0, 0, 0, 0.347670239, -0.151644434, -0.174923145, -0.146637499, 0.369234898, -0.917620105, -0.946655273, -0.321289063, 0.0219726563, -0.286743473, 0.872042611, 0.396722741, 0, 0, 0, 0, 0, 0, 0, 0.352789551, -0.0952376953, -0.149894727, -0.0365623092, 0.00514801813, -0.9992291, 0.499389648, -0.865966797, -0.0227050781, -0.865496677, -0.499758207, 0.0290118289, 0, 2, 1, 1, 
418.011742, 26, 0.1, 0.1, 0.00277542766, 0.382953562, -0.019967877, 0.998596986, -3.8843525e-005, 0.0529533639, -0.0529533628, 2.87307722e-005, 0.998596986, -4.0310418e-005, -0.999999999, 2.66335672e-005, 0.998597018, -3.57073429e-005, 0.0529527593, -0.0529527588, 1.40130516e-005, 0.998597018, -3.63992759e-005, -0.999999999, 1.21025893e-005, 0, 0, 0, 0, 0, 0, 0, 0.348078271, -0.152171606, -0.174281738, -0.146637499, 0.369234898, -0.917620105, -0.946655273, -0.321289063, 0.0219726563, -0.286743473, 0.872042611, 0.396722741, 0, 0, 0, 0, 0, 0, 0, 0.353008398, -0.0955283203, -0.149441406, -0.0370796319, 0.00491760818, -0.999280139, 0.501831055, -0.864624023, -0.0228271484, -0.864078137, -0.502237278, 0.0294974352, 0, 2, 1, 1, 
418.012448, 26, 0.1, 0.1, 0.00277542798, 0.382953563, -0.0199687807, 0.998596821, 2.85058506e-005, 0.0529564771, -0.0529564761, -3.33442301e-005, 0.998596821, 3.02316447e-005, -0.999999999, -3.17878727e-005, 0.998596854, 2.48164688e-005, 0.0529558604, -0.0529558599, -1.90355896e-005, 0.998596854, 2.57896937e-005, -1, -1.76947024e-005, 0, 0, 0, 0, 0, 0, 0, 0.348078271, -0.152171606, -0.174281738, -0.146637499, 0.369234898, -0.917620105, -0.946655273, -0.321289063, 0.0219726563, -0.286743473, 0.872042611, 0.396722741, 0, 0, 0, 0, 0, 0, 0, 0.353008398, -0.0955283203, -0.149441406, -0.0370796319, 0.00491760818, -0.999280139, 0.501831055, -0.864624023, -0.0228271484, -0.864078137, -0.502237278, 0.0294974352, 0, 2, 1, 1, 
418.013132, 26, 0.1, 0.1, 0.00277542663, 0.382953561, -0.0199698163, 0.998596662, -2.43385198e-005, 0.0529594718, -0.0529594711, 2.94867518e-005, 0.998596662, -2.58659674e-005, -0.999999999, 2.81564168e-005, 0.998596694, -2.29446786e-005, 0.0529588688, -0.0529588684, 1.4439338e-005, 0.998596694, -2.36771712e-005, -1, 1.3203951e-005, 0, 0, 0, 0, 0, 0, 0, 0.348078271, -0.152171606, -0.174281738, -0.146637499, 0.369234898, -0.917620105, -0.946655273, -0.321289063, 0.0219726563, -0.286743473, 0.872042611, 0.396722741, 0, 0, 0, 0, 0, 0, 0, 0.353008398, -0.0955283203, -0.149441406, -0.0370796319, 0.00491760818, -0.999280139, 0.501831055, -0.864624023, -0.0228271484, -0.864078137, -0.502237278, 0.0294974352, 0, 2, 1, 1, 
418.013862, 26, 0.1, 0.1, 0.00277542956, 0.382953563, -0.0199705847, 0.998596493, 3.86941197e-005, 0.0529626582, -0.0529626571, -2.782754e-005, 0.998596493, 4.01136328e-005, -0.999999999, -2.57391405e-005, 0.998596528, 3.61213416e-005, 0.0529619972, -0.0529619968, -1.3251801e-005, 0.998596528, 3.67724882e-005, -0.999999999, -1.13201441e-005, 0, 0, 0, 0, 0, 0, 0, 0.348239258, -0.152687915, -0.173858203, -0.147792998, 0.367870464, -0.918014008, -0.946166992, -0.322753906, 0.0229492188, -0.287796379, 0.872011532, 0.395796394, 0, 0, 0, 0, 0, 0, 0, 0.353008398, -0.0955283203, -0.149441406, -0.0374627931, 0.00455303681, -0.999209777, 0.504150391, -0.86328125, -0.0228271484, -0.862768239, -0.504607708, 0.0299958015, 0, 2, 1, 1, 
418.014558, 26, 0.1, 0.1, 0.00277542884, 0.382953562, -0.019970822, 0.998596332, -2.58679852e-005, 0.0529656965, -0.0529656957, 2.86356978e-005, 0.998596332, -2.73483848e-005, -0.999999999, 2.72253869e-005, 0.998596364, -2.21408551e-005, 0.0529651001, -0.0529650997, 1.53909449e-005, 0.998596364, -2.29249603e-005, -1, 1.4196649e-005, 0, 0, 0, 0, 0, 0, 0, 0.348239258, -0.152687915, -0.173858203, -0.147792998, 0.367870464, -0.918014008, -0.946166992, -0.322753906, 0.0229492188, -0.287796379, 0.872011532, 0.395796394, 0, 0, 0, 0, 0, 0, 0, 0.353010596, -0.0956022949, -0.148756543, -0.0374627931, 0.00455303681, -0.999209777, 0.504150391, -0.86328125, -0.0228271484, -0.862768239, -0.504607708, 0.0299958015, 0, 2, 1, 1, 
418.015252, 26, 0.1, 0.1, 0.00277542984, 0.382953563, -0.0199707473, 0.998596175, 2.57959574e-005, 0.052968656, -0.0529686553, -2.80245535e-005, 0.998596175, 2.72441674e-005, -0.999999999, -2.66188347e-005, 0.998596206, 2.45591116e-005, 0.0529680672, -0.0529680669, -1.45246087e-005, 0.998596207, 2.52939761e-005, -1, -1.32033705e-005, 0, 0, 0, 0, 0, 0, 0, 0.348239258, -0.152687915, -0.173858203, -0.147792998, 0.367870464, -0.918014008, -0.946166992, -0.322753906, 0.0229492188, -0.287796379, 0.872011532, 0.395796394, 0, 0, 0, 0, 0, 0, 0, 0.353010596, -0.0956022949, -0.148756543, -0.0374627931, 0.00455303681, -0.999209777, 0.504150391, -0.86328125, -0.0228271484, -0.862768239, -0.504607708, 0.0299958015, 0, 2, 1, 1, 
418.015942, 26, 0.1, 0.1, 0.00277542668, 0.382953562, -0.0199703734, 0.998596016, -3.68340933e-005, 0.0529716477, -0.0529716466, 2.82889729e-005, 0.998596016, -3.82808924e-005, -0.999999999, 2.6298093e-005, 0.998596048, -3.39543907e-005, 0.0529710515, -0.052971051, 1.46777407e-005, 0.998596048, -3.46842157e-005, -0.999999999, 1.2858534e-005, 0, 0, 0, 0, 0, 0, 0, 0.348239258, -0.152687915, -0.173858203, -0.147792998, 0.367870464, -0.918014008, -0.946166992, -0.322753906, 0.0229492188, -0.287796379, 0.872011532, 0.395796394, 0, 0, 0, 0, 0, 0, 0, 0.353010596, -0.0956022949, -0.148756543, -0.0374627931, 0.00455303681, -0.999209777, 0.504150391, -0.86328125, -0.0228271484, -0.862768239, -0.504607708, 0.0299958015, 0, 2, 1, 1, 
418.016635, 26, 0.1, 0.1, 0.00277542678, 0.382953562, -0.0199698601, 0.998595858, 2.53891187e-005, 0.0529746249, -0.0529746242, -2.83459276e-005, 0.998595858, 2.68550837e-005, -0.999999999, -2.69611469e-005, 0.99859589, 2.24492287e-005, 0.0529740383, -0.0529740379, -1.5116547e-005, 0.99859589, 2.3218492e-005, -1, -1.39060954e-005, 0, 0, 0, 0, 0, 0, 0, 0.348239258, -0.152687915, -0.173858203, -0.147792998, 0.367870464, -0.918014008, -0.946166992, -0.322753906, 0.0229492188, -0.287796379, 0.872011532, 0.395796394, 0, 0, 0, 0, 0, 0, 0, 0.353010596, -0.0956022949, -0.148756543, -0.0374627931, 0.00455303681, -0.999209777, 0.504150391, -0.86328125, -0.0228271484, -0.862768239, -0.504607708, 0.0299958015, 0, 2, 1, 1, 
418.017329, 26, 0.1, 0.1, 0.00277542456, 0.382953562, -0.0199693968, 0.998595702, -2.87605074e-005, 0.0529775683, -0.0529775673, 3.5921735e-005, 0.998595702, -3.06231652e-005, -0.999999999, 3.43476285e-005, 0.998595735, -2.73415777e-005, 0.0529769423, -0.0529769418, 2.00846771e-005, 0.998595736, -2.83672077e-005, -0.999999999, 1.86079997e-005, 0, 0, 0, 0, 0, 0, 0, 0.348239258, -0.152687915, -0.173858203, -0.147792998, 0.367870464, -0.918014008, -0.946166992, -0.322753906, 0.0229492188, -0.287796379, 0.872011532, 0.395796394, 0, 0, 0, 0, 0, 0, 0, 0.353010596, -0.0956022949, -0.148756543, -0.0374627931, 0.00455303681, -0.999209777, 0.504150391, -0.86328125, -0.0228271484, -0.862768239, -0.504607708, 0.0299958015, 0, 2, 1, 1, 
418.018015, 26, 0.1, 0.1, 0.00277542627, 0.382953564, -0.0199690552, 0.998595547, 3.29899536e-005, 0.0529804918, -0.052980491, -2.43898075e-005, 0.998595547, 3.42358047e-005, -0.999999999, -2.26077292e-005, 0.998595578, 3.0470629e-005, 0.0529799072, -0.052979907, -9.86855244e-006, 0.998595578, 3.09506704e-005, -0.999999999, -8.24036174e-006, 0, 0, 0, 0, 0, 0, 0, 0.348239258, -0.152687915, -0.173858203, -0.147792998, 0.367870464, -0.918014008, -0.946166992, -0.322753906, 0.0229492188, -0.287796379, 0.872011532, 0.395796394, 0, 0, 0, 0, 0, 0, 0, 0.353010596, -0.0956022949, -0.148756543, -0.0374627931, 0.00455303681, -0.999209777, 0.504150391, -0.86328125, -0.0228271484, -0.862768239, -0.504607708, 0.0299958015, 0, 2, 1, 1, 
418.018746, 26, 0.1, 0.1, 0.00277542398, 0.382953565, -0.0199687476, 0.998595381, -3.26565713e-005, 0.0529836166, -0.0529836153, 3.73990157e-005, 0.998595381, -3.45922364e-005, -0.999999999, 3.56162211e-005, 0.998595416, -3.00415775e-005, 0.0529829613, -0.0529829606, 2.22075733e-005, 0.998595416, -3.11760046e-005, -0.999999999, 2.05846892e-005, 0, 0, 0, 0, 0, 0, 0, 0.348239258, -0.152687915, -0.173858203, -0.148459115, 0.366157433, -0.918585767, -0.946166992, -0.322387695, 0.0244140625, -0.287320101, 0.872900809, 0.39452744, 0, 0, 0, 0, 0, 0, 0, 0.353010596, -0.0956022949, -0.148756543, -0.0374627931, 0.00455303681, -0.999209777, 0.504150391, -0.86328125, -0.0228271484, -0.862768239, -0.504607708, 0.0299958015, 0, 2, 1, 1, 
418.019456, 26, 0.1, 0.1, 0.00277542495, 0.382953566, -0.0199683717, 0.99859522, 2.8799559e-005, 0.0529866517, -0.0529866508, -3.33516656e-005, 0.99859522, 3.05262951e-005, -0.999999999, -3.17788216e-005, 0.998595252, 2.68644222e-005, 0.0529860559, -0.0529860554, -1.73667712e-005, 0.998595252, 2.77468812e-005, -0.999999999, -1.59189355e-005, 0, 0, 0, 0, 0, 0, 0, 0.347983423, -0.153665723, -0.173221558, -0.148459115, 0.366157433, -0.918585767, -0.946166992, -0.322387695, 0.0244140625, -0.287320101, 0.872900809, 0.39452744, 0, 0, 0, 0, 0, 0, 0, 0.352734619, -0.0963704102, -0.14828125, -0.0385360845, 0.00345385923, -0.999241493, 0.505371094, -0.862548828, -0.0224609375, -0.861899105, -0.50582792, 0.0314653805, 0, 2, 1, 1, 
418.02014, 26, 0.1, 0.1, 0.00277542259, 0.382953564, -0.019968426, 0.998595064, -3.2645428e-005, 0.0529896018, -0.052989601, 2.5418264e-005, 0.998595064, -3.3946467e-005, -0.999999999, 2.36526848e-005, 0.998595095, -3.02904003e-005, 0.0529890068, -0.0529890065, 1.10563595e-005, 0.998595096, -3.08337107e-005, -0.999999999, 9.43576819e-006, 0, 0, 0, 0, 0, 0, 0, 0.347983423, -0.153665723, -0.173221558, -0.148459115, 0.366157433, -0.918585767, -0.946166992, -0.322387695, 0.0244140625, -0.287320101, 0.872900809, 0.39452744, 0, 0, 0, 0, 0, 0, 0, 0.352734619, -0.0963704102, -0.14828125, -0.0385360845, 0.00345385923, -0.999241493, 0.505371094, -0.862548828, -0.0224609375, -0.861899105, -0.50582792, 0.0314653805, 0, 2, 1, 1, 
418.020837, 26, 0.1, 0.1, 0.00277542379, 0.382953564, -0.0199688409, 0.998594904, 3.14951949e-005, 0.0529926128, -0.0529926117, -3.47999404e-005, 0.998594904, 3.32950809e-005, -0.999999999, -3.30820305e-005, 0.998594936, 2.85795614e-005, 0.0529920171, -0.0529920166, -2.03804889e-005, 0.998594936, 2.96194085e-005, -0.999999999, -1.88373644e-005, 0, 0, 0, 0, 0, 0, 0, 0.347983423, -0.153665723, -0.173221558, -0.148459115, 0.366157433, -0.918585767, -0.946166992, -0.322387695, 0.0244140625, -0.287320101, 0.872900809, 0.39452744, 0, 0, 0, 0, 0, 0, 0, 0.352734619, -0.0963704102, -0.14828125, -0.0385360845, 0.00345385923, -0.999241493, 0.505371094, -0.862548828, -0.0224609375, -0.861899105, -0.50582792, 0.0314653805, 0, 2, 1, 1, 
418.021546, 26, 0.1, 0.1, 0.00277542188, 0.382953562, -0.0199694984, 0.998594741, -3.00505164e-005, 0.0529956857, -0.0529956849, 2.80736789e-005, 0.998594741, -3.14960715e-005, -0.999999999, 2.64416804e-005, 0.998594776, -2.70725085e-005, 0.0529950288, -0.0529950285, 1.19984522e-005, 0.998594776, -2.76703239e-005, -1, 1.05468833e-005, 0, 0, 0, 0, 0, 0, 0, 0.347983423, -0.153665723, -0.173221558, -0.150457464, 0.36547222, -0.918604863, -0.946289062, -0.322021484, 0.0269775391, -0.285891266, 0.87325652, 0.394406873, 0, 0, 0, 0, 0, 0, 0, 0.352734619, -0.0963704102, -0.14828125, -0.0385360845, 0.00345385923, -0.999241493, 0.505371094, -0.862548828, -0.0224609375, -0.861899105, -0.50582792, 0.0314653805, 0, 2, 1, 1, 
418.022252, 26, 0.1, 0.1, 0.00277542317, 0.382953563, -0.0199699343, 0.99859458, 3.01849693e-005, 0.0529987226, -0.0529987218, -2.7467152e-005, 0.99859458, 3.15982707e-005, -0.999999999, -2.58287844e-005, 0.998594611, 2.78335294e-005, 0.0529981247, -0.0529981244, -1.40091849e-005, 0.998594612, 2.85368731e-005, -1, -1.25143717e-005, 0, 0, 0, 0, 0, 0, 0, 0.34743916, -0.154369385, -0.172999658, -0.150457464, 0.36547222, -0.918604863, -0.946289062, -0.322021484, 0.0269775391, -0.285891266, 0.87325652, 0.394406873, 0, 0, 0, 0, 0, 0, 0, 0.352400537, -0.0969086914, -0.148004053, -0.0404591871, 0.00248884306, -0.999094205, 0.506713867, -0.861694336, -0.0227050781, -0.86111929, -0.507156775, 0.0335674871, 0, 2, 1, 1, 
