time, trialNum, realDorsalTactorPos, realVentralTactorPos, boxPosX, boxPosY, boxPosZ, boxLocalRot_11, boxLocalRot_12, boxLocalRot_13, boxLocalRot_21, boxLocalRot_22, boxLocalRot_23, boxLocalRot_31, boxLocalRot_32, boxLocalRot_33, boxGlobalRot_11, boxGlobalRot_12, boxGlobalRot_13, boxGlobalRot_21, boxGlobalRot_22, boxGlobalRot_23, boxGlobalRot_31, boxGlobalRot_32, boxGlobalRot_33, indexForceX, indexForceY, indexForceZ, indexForceGlobalX, indexForceGlobalY, indexForceGlobalZ, indexContact, indexPosX, indexPosY, indexPosZ, indexRot_11, indexRot_12, indexRot_13, indexRot_21, indexRot_22, indexRot_23, indexRot_31, indexRot_32, indexRot_33, thumbForceX, thumbForceY, thumbForceZ, thumbForceGlobalX, thumbForceGlobalY, thumbForceGlobalZ, thumbContact, thumbPosX, thumbPosY, thumbPosZ, thumbRot_11, thumbRot_12, thumbRot_13, thumbRot_21, thumbRot_22, thumbRot_23, thumbRot_31, thumbRot_32, thumbRot_33, manipForceTooHigh, cceExpType, mapping, trialSuccess, 
802.208584, 56, 0.1, 0.1, -0.00417524135, 0.380876862, -0.019973832, 0.934476956, -0.35602362, 2.41828545e-006, 0.35602362, 0.934476956, 7.68450501e-006, -4.99569732e-006, -6.32002611e-006, 1, 0.934476956, -0.356023621, 4.97132568e-006, 0.356023621, 0.934476956, 1.32716738e-005, -9.37061864e-006, -1.0632164e-005, 1, 0, 0, 0, 0, 0, 0, 0, 0.273276123, -0.116385791, -0.222745532, 0.148918617, 0.377618809, -0.913855184, -0.973510742, 0.217895508, -0.0686035156, 0.173171968, 0.900006018, 0.40020497, 0, 0, -0, 0, 0, 0, 0, 0.320157471, -0.0613522949, -0.191283105, 0.244915387, 0.16663332, -0.955077443, 0.0639648437, -0.985595703, -0.155517578, -0.967369621, -0.0228684839, -0.252092674, 0, 2, 5, 1, 
802.236271, 56, 0.1, 0.1, -0.00417526653, 0.380876864, -0.0199724747, 0.934460227, -0.356067527, -2.02120663e-005, 0.356067527, 0.934460227, -1.59822808e-005, 2.45781433e-005, 7.73794526e-006, 1, 0.934460513, -0.356066776, -3.25355668e-005, 0.356066777, 0.934460513, 2.09941922e-006, 2.9655669e-005, -1.35466588e-005, 0.999999999, 0, 0, 0, 0, 0, 0, 0, 0.290216992, -0.138751514, -0.214286768, 0.125758478, 0.375981779, -0.918086645, -0.985473633, 0.153198242, -0.0721435547, 0.113561103, 0.913860411, 0.389875485, 0, 0, -0, 0, 0, 0, 0, 0.332366748, -0.082645166, -0.184909082, 0.216955106, 0.135804907, -0.966600733, 0.127929687, -0.985595703, -0.109741211, -0.967608026, -0.0997543066, -0.231210132, 0, 2, 5, 1, 
802.236962, 56, 0.1, 0.1, -0.00417527103, 0.380876864, -0.0199743225, 0.934458767, -0.356071359, 1.397379e-005, 0.356071358, 0.934458767, 2.001896e-005, -2.01861088e-005, -1.37312263e-005, 1, 0.934459051, -0.356070613, 2.59249166e-005, 0.356070613, 0.934459051, 3.55980518e-006, -2.5493315e-005, 5.90460876e-006, 1, 0, 0, 0, 0, 0, 0, 0, 0.290216992, -0.138751514, -0.214286768, 0.125758478, 0.375981779, -0.918086645, -0.985473633, 0.153198242, -0.0721435547, 0.113561103, 0.913860411, 0.389875485, 0, 0, -0, 0, 0, 0, 0, 0.332366748, -0.082645166, -0.184909082, 0.216955106, 0.135804907, -0.966600733, 0.127929687, -0.985595703, -0.109741211, -0.967608026, -0.0997543066, -0.231210132, 0, 2, 5, 1, 
802.23765, 56, 0.1, 0.1, -0.00417526843, 0.380876861, -0.0199748012, 0.934457338, -0.356075108, -1.633793e-005, 0.356075108, 0.934457338, -1.86500733e-005, 2.19079254e-005, 1.16101676e-005, 1, 0.934457629, -0.356074345, -2.89521749e-005, 0.356074345, 0.934457629, -1.35834112e-006, 2.75382511e-005, -9.03981447e-006, 1, 0, 0, 0, 0, 0, 0, 0, 0.290216992, -0.138751514, -0.214286768, 0.125758478, 0.375981779, -0.918086645, -0.985473633, 0.153198242, -0.0721435547, 0.113561103, 0.913860411, 0.389875485, 0, 0, -0, 0, 0, 0, 0, 0.332366748, -0.082645166, -0.184909082, 0.216955106, 0.135804907, -0.966600733, 0.127929687, -0.985595703, -0.109741211, -0.967608026, -0.0997543066, -0.231210132, 0, 2, 5, 1, 
802.238347, 56, 0.1, 0.1, -0.00417527327, 0.380876861, -0.0199737858, 0.934455904, -0.356078872, 1.39545579e-005, 0.356078872, 0.934455904, 2.02462363e-005, -2.0249176e-005, -1.39502918e-005, 1, 0.934456181, -0.356078144, 2.66906289e-005, 0.356078144, 0.934456182, 3.39709106e-006, -2.61508531e-005, 6.32951685e-006, 1, 0, 0, 0, 0, 0, 0, 0, 0.292047827, -0.141150293, -0.213614355, 0.122614369, 0.377060894, -0.918048453, -0.986450195, 0.146850586, -0.0715332031, 0.107755892, 0.914431047, 0.39011662, 0, 0, -0, 0, 0, 0, 0, 0.332366748, -0.082645166, -0.184909082, 0.216955106, 0.135804907, -0.966600733, 0.127929687, -0.985595703, -0.109741211, -0.967608026, -0.0997543066, -0.231210132, 0, 2, 5, 1, 
802.239119, 56, 0.1, 0.1, -0.00417526821, 0.380876859, -0.0199705316, 0.934454309, -0.356083056, -2.41234777e-005, 0.356083056, 0.93445431, -2.84826177e-005, 3.26844652e-005, 1.80257432e-005, 0.999999999, 0.934454589, -0.356082322, -4.00803749e-005, 0.356082322, 0.93445459, -9.32828379e-006, 4.07749272e-005, -5.55505535e-006, 0.999999999, 0, 0, 0, 0, 0, 0, 0, 0.292047827, -0.141150293, -0.213614355, 0.122614369, 0.377060894, -0.918048453, -0.986450195, 0.146850586, -0.0715332031, 0.107755892, 0.914431047, 0.39011662, 0, 0, -0, 0, 0, 0, 0, 0.33403501, -0.0850920898, -0.183603809, 0.215083043, 0.131554751, -0.967629182, 0.134033203, -0.985351563, -0.104125977, -0.967313817, -0.10719735, -0.229599829, 0, 2, 5, 1, 
802.239804, 56, 0.1, 0.1, -0.00417527354, 0.38087686, -0.0199674958, 0.934452875, -0.356086822, 1.79857129e-005, 0.356086822, 0.934452875, 2.40621047e-005, -2.53749995e-005, -1.60804275e-005, 1, 0.93445316, -0.356086073, 3.26269268e-005, 0.356086073, 0.93445316, 1.76066626e-006, -3.11152836e-005, 9.97273411e-006, 0.999999999, 0, 0, 0, 0, 0, 0, 0, 0.292047827, -0.141150293, -0.213614355, 0.122614369, 0.377060894, -0.918048453, -0.986450195, 0.146850586, -0.0715332031, 0.107755892, 0.914431047, 0.39011662, 0, 0, -0, 0, 0, 0, 0, 0.33403501, -0.0850920898, -0.183603809, 0.215083043, 0.131554751, -0.967629182, 0.134033203, -0.985351563, -0.104125977, -0.967313817, -0.10719735, -0.229599829, 0, 2, 5, 1, 
802.240487, 56, 0.1, 0.1, -0.0041752703, 0.380876857, -0.0199654314, 0.934451416, -0.356090649, -1.58222903e-005, 0.356090649, 0.934451416, -2.3484715e-005, 2.3147849e-005, 1.63111555e-005, 1, 0.934451705, -0.356089891, -3.37957453e-005, 0.356089891, 0.934451705, -1.64360543e-006, 3.21657631e-005, -1.04984534e-005, 0.999999999, 0, 0, 0, 0, 0, 0, 0, 0.292047827, -0.141150293, -0.213614355, 0.122614369, 0.377060894, -0.918048453, -0.986450195, 0.146850586, -0.0715332031, 0.107755892, 0.914431047, 0.39011662, 0, 0, -0, 0, 0, 0, 0, 0.33403501, -0.0850920898, -0.183603809, 0.215083043, 0.131554751, -0.967629182, 0.134033203, -0.985351563, -0.104125977, -0.967313817, -0.10719735, -0.229599829, 0, 2, 5, 1, 
802.241172, 56, 0.1, 0.1, -0.00417527837, 0.380876857, -0.01996486, 0.934449917, -0.356094581, 3.19791059e-005, 0.35609458, 0.934449918, 3.18486079e-005, -4.12239896e-005, -1.83733427e-005, 0.999999999, 0.934450214, -0.3560938, 4.8253028e-005, 0.3560938, 0.934450215, 8.54419419e-006, -4.8132587e-005, 9.19848003e-006, 0.999999999, 0, 0, 0, 0, 0, 0, 0, 0.292047827, -0.141150293, -0.213614355, 0.122614369, 0.377060894, -0.918048453, -0.986450195, 0.146850586, -0.0715332031, 0.107755892, 0.914431047, 0.39011662, 0, 0, -0, 0, 0, 0, 0, 0.33403501, -0.0850920898, -0.183603809, 0.215083043, 0.131554751, -0.967629182, 0.134033203, -0.985351563, -0.104125977, -0.967313817, -0.10719735, -0.229599829, 0, 2, 5, 1, 
802.241861, 56, 0.1, 0.1, -0.00417527647, 0.380876853, -0.0199658655, 0.934448376, -0.356098627, -1.32627254e-005, 0.356098627, 0.934448376, -2.01641684e-005, 1.95737649e-005, 1.41195361e-005, 1, 0.934448685, -0.356097817, -2.8862583e-005, 0.356097817, 0.934448685, 3.40498804e-006, 2.57580939e-005, -1.34596894e-005, 1, 0, 0, 0, 0, 0, 0, 0, 0.292047827, -0.141150293, -0.213614355, 0.122614369, 0.377060894, -0.918048453, -0.986450195, 0.146850586, -0.0715332031, 0.107755892, 0.914431047, 0.39011662, 0, 0, -0, 0, 0, 0, 0, 0.33403501, -0.0850920898, -0.183603809, 0.215083043, 0.131554751, -0.967629182, 0.134033203, -0.985351563, -0.104125977, -0.967313817, -0.10719735, -0.229599829, 0, 2, 5, 1, 
802.242545, 56, 0.1, 0.1, -0.00417528371, 0.380876853, -0.0199680067, 0.93444682, -0.35610271, 2.68842781e-005, 0.35610271, 0.93444682, 2.18272535e-005, -3.28946723e-005, -1.08228434e-005, 0.999999999, 0.934447124, -0.356101909, 4.24152893e-005, 0.35610191, 0.934447125, 1.85545264e-006, -4.02955753e-005, 1.33703431e-005, 0.999999999, 0, 0, 0, 0, 0, 0, 0, 0.292047827, -0.141150293, -0.213614355, 0.122614369, 0.377060894, -0.918048453, -0.986450195, 0.146850586, -0.0715332031, 0.107755892, 0.914431047, 0.39011662, 0, 0, -0, 0, 0, 0, 0, 0.33403501, -0.0850920898, -0.183603809, 0.215083043, 0.131554751, -0.967629182, 0.134033203, -0.985351563, -0.104125977, -0.967313817, -0.10719735, -0.229599829, 0, 2, 5, 1, 
802.243263, 56, 0.1, 0.1, -0.00417528095, 0.380876851, -0.0199705568, 0.934445181, -0.35610701, -1.84560725e-005, 0.35610701, 0.934445181, -2.72573963e-005, 2.69527379e-005, 1.88982059e-005, 0.999999999, 0.934445518, -0.356106125, -3.21671952e-005, 0.356106125, 0.934445519, -5.71399585e-006, 3.20932803e-005, -6.11551741e-006, 0.999999999, 0, 0, 0, 0, 0, 0, 0, 0.294382886, -0.143524658, -0.212470435, 0.120662828, 0.378622279, -0.917553078, -0.987426758, 0.139770508, -0.072265625, 0.100896654, 0.9149253, 0.390903304, 0, 0, -0, 0, 0, 0, 0, 0.33403501, -0.0850920898, -0.183603809, 0.213536905, 0.127841241, -0.968497949, 0.14074707, -0.984985352, -0.0989990234, -0.966617123, -0.115074961, -0.22834097, 0, 2, 5, 1, 
802.243955, 56, 0.1, 0.1, -0.00417528587, 0.380876853, -0.0199724626, 0.934443609, -0.356111137, 1.55072882e-005, 0.356111137, 0.934443609, 1.33477971e-005, -1.92439856e-005, -6.95044568e-006, 1, 0.934443915, -0.356110331, 2.87283096e-005, 0.356110332, 0.934443916, -5.37308524e-006, -2.49315829e-005, 1.52512947e-005, 1, 0, 0, 0, 0, 0, 0, 0, 0.294382886, -0.143524658, -0.212470435, 0.120662828, 0.378622279, -0.917553078, -0.987426758, 0.139770508, -0.072265625, 0.100896654, 0.9149253, 0.390903304, 0, 0, -0, 0, 0, 0, 0, 0.335733301, -0.0875126465, -0.182518604, 0.213536905, 0.127841241, -0.968497949, 0.14074707, -0.984985352, -0.0989990234, -0.966617123, -0.115074961, -0.22834097, 0, 2, 5, 1, 
802.24464, 56, 0.1, 0.1, -0.00417528271, 0.380876851, -0.019973512, 0.93444207, -0.356115174, -1.99982912e-005, 0.356115173, 0.93444207, -2.10371746e-005, 2.61789017e-005, 1.25363261e-005, 1, 0.93444237, -0.356114386, -3.22802499e-005, 0.356114386, 0.934442371, -4.655512e-006, 3.18219281e-005, -7.14515373e-006, 0.999999999, 0, 0, 0, 0, 0, 0, 0, 0.294382886, -0.143524658, -0.212470435, 0.120662828, 0.378622279, -0.917553078, -0.987426758, 0.139770508, -0.072265625, 0.100896654, 0.9149253, 0.390903304, 0, 0, -0, 0, 0, 0, 0, 0.335733301, -0.0875126465, -0.182518604, 0.213536905, 0.127841241, -0.968497949, 0.14074707, -0.984985352, -0.0989990234, -0.966617123, -0.115074961, -0.22834097, 0, 2, 5, 1, 
802.24532, 56, 0.1, 0.1, -0.00417528683, 0.380876851, -0.0199735704, 0.934440573, -0.356119104, 1.21012181e-005, 0.356119103, 0.934440573, 2.13085621e-005, -1.88962552e-005, -1.560211e-005, 1, 0.934440867, -0.35611833, 2.46053369e-005, 0.35611833, 0.934440868, 3.46676725e-006, -2.42268117e-005, 5.52292248e-006, 1, 0, 0, 0, 0, 0, 0, 0, 0.294382886, -0.143524658, -0.212470435, 0.120662828, 0.378622279, -0.917553078, -0.987426758, 0.139770508, -0.072265625, 0.100896654, 0.9149253, 0.390903304, 0, 0, -0, 0, 0, 0, 0, 0.335733301, -0.0875126465, -0.182518604, 0.213536905, 0.127841241, -0.968497949, 0.14074707, -0.984985352, -0.0989990234, -0.966617123, -0.115074961, -0.22834097, 0, 2, 5, 1, 
802.246008, 56, 0.1, 0.1, -0.00417528343, 0.380876848, -0.0199726283, 0.934439076, -0.35612303, -1.89784229e-005, 0.356123029, 0.934439076, -1.66238426e-005, 2.36543132e-005, 8.77531461e-006, 1, 0.934439365, -0.35612227, -3.25324316e-005, 0.356122271, 0.934439366, 5.40461873e-007, 3.02071142e-005, -1.20905523e-005, 0.999999999, 0, 0, 0, 0, 0, 0, 0, 0.294382886, -0.143524658, -0.212470435, 0.120662828, 0.378622279, -0.917553078, -0.987426758, 0.139770508, -0.072265625, 0.100896654, 0.9149253, 0.390903304, 0, 0, -0, 0, 0, 0, 0, 0.335733301, -0.0875126465, -0.182518604, 0.213536905, 0.127841241, -0.968497949, 0.14074707, -0.984985352, -0.0989990234, -0.966617123, -0.115074961, -0.22834097, 0, 2, 5, 1, 
802.246693, 56, 0.1, 0.1, -0.00417528839, 0.380876847, -0.0199710381, 0.9344376, -0.356126905, 1.57325479e-005, 0.356126904, 0.934437599, 2.83860434e-005, -2.48101181e-005, -2.09222026e-005, 0.999999999, 0.934437893, -0.356126133, 2.96855772e-005, 0.356126133, 0.934437894, 9.1528012e-006, -3.09988799e-005, 2.01908553e-006, 1, 0, 0, 0, 0, 0, 0, 0, 0.294382886, -0.143524658, -0.212470435, 0.120662828, 0.378622279, -0.917553078, -0.987426758, 0.139770508, -0.072265625, 0.100896654, 0.9149253, 0.390903304, 0, 0, -0, 0, 0, 0, 0, 0.335733301, -0.0875126465, -0.182518604, 0.213536905, 0.127841241, -0.968497949, 0.14074707, -0.984985352, -0.0989990234, -0.966617123, -0.115074961, -0.22834097, 0, 2, 5, 1, 
802.247371, 56, 0.1, 0.1, -0.00417528508, 0.380876844, -0.0199693436, 0.934436135, -0.356130748, -1.83953392e-005, 0.356130748, 0.934436135, -1.93608941e-005, 2.40842794e-005, 1.15403731e-005, 1, 0.934436423, -0.356129991, -3.32212142e-005, 0.356129991, 0.934436423, 1.42014941e-006, 3.05373547e-005, -1.315811e-005, 0.999999999, 0, 0, 0, 0, 0, 0, 0, 0.294382886, -0.143524658, -0.212470435, 0.120662828, 0.378622279, -0.917553078, -0.987426758, 0.139770508, -0.072265625, 0.100896654, 0.9149253, 0.390903304, 0, 0, -0, 0, 0, 0, 0, 0.335733301, -0.0875126465, -0.182518604, 0.213536905, 0.127841241, -0.968497949, 0.14074707, -0.984985352, -0.0989990234, -0.966617123, -0.115074961, -0.22834097, 0, 2, 5, 1, 
802.248087, 56, 0.1, 0.1, -0.00417529115, 0.380876844, -0.0199678147, 0.934434577, -0.356134836, 1.801244e-005, 0.356134836, 0.934434577, 2.73787822e-005, -2.65819849e-005, -1.91688234e-005, 0.999999999, 0.934434901, -0.356133985, 3.52663146e-005, 0.356133985, 0.934434901, 5.43183157e-006, -3.4888535e-005, 7.48384015e-006, 0.999999999, 0, 0, 0, 0, 0, 0, 0, 0.295708887, -0.145361597, -0.212202026, 0.116351236, 0.382017263, -0.916809456, -0.988525391, 0.133422852, -0.0698242187, 0.095523538, 0.914511179, 0.393257365, 0, 0, -0, 0, 0, 0, 0, 0.335733301, -0.0875126465, -0.182518604, 0.209006766, 0.124964783, -0.969794354, 0.147094727, -0.984375, -0.0950927734, -0.966725032, -0.122741852, -0.224181233, 0, 2, 5, 1, 
802.248771, 56, 0.1, 0.1, -0.00417528713, 0.380876841, -0.019966868, 0.93443307, -0.356138789, -2.19962341e-005, 0.356138788, 0.93443307, -2.72421796e-005, 3.02560054e-005, 1.76222813e-005, 0.999999999, 0.934433368, -0.356138007, -3.80023515e-005, 0.356138007, 0.934433368, -4.73747856e-006, 3.71978615e-005, -9.10722369e-006, 0.999999999, 0, 0, 0, 0, 0, 0, 0, 0.295708887, -0.145361597, -0.212202026, 0.116351236, 0.382017263, -0.916809456, -0.988525391, 0.133422852, -0.0698242187, 0.095523538, 0.914511179, 0.393257365, 0, 0, -0, 0, 0, 0, 0, 0.336993994, -0.0898733887, -0.182293652, 0.209006766, 0.124964783, -0.969794354, 0.147094727, -0.984375, -0.0950927734, -0.966725032, -0.122741852, -0.224181233, 0, 2, 5, 1, 
802.249463, 56, 0.1, 0.1, -0.00417529313, 0.380876843, -0.0199669017, 0.934431518, -0.35614286, 2.1790294e-005, 0.35614286, 0.934431519, 2.08218587e-005, -2.77770939e-005, -1.16961434e-005, 1, 0.934431826, -0.356142053, 3.71650783e-005, 0.356142053, 0.934431826, -1.38688093e-006, -3.42343053e-005, 1.4531993e-005, 0.999999999, 0, 0, 0, 0, 0, 0, 0, 0.295708887, -0.145361597, -0.212202026, 0.116351236, 0.382017263, -0.916809456, -0.988525391, 0.133422852, -0.0698242187, 0.095523538, 0.914511179, 0.393257365, 0, 0, -0, 0, 0, 0, 0, 0.336993994, -0.0898733887, -0.182293652, 0.209006766, 0.124964783, -0.969794354, 0.147094727, -0.984375, -0.0950927734, -0.966725032, -0.122741852, -0.224181233, 0, 2, 5, 1, 
802.25015, 56, 0.1, 0.1, -0.00417528988, 0.38087684, -0.0199678145, 0.934429963, -0.356146942, -1.83190034e-005, 0.356146942, 0.934429963, -2.48821087e-005, 2.59795126e-005, 1.67263309e-005, 1, 0.934430271, -0.356146132, -3.38768737e-005, 0.356146132, 0.934430272, -3.9650047e-006, 3.30676974e-005, -8.36009713e-006, 0.999999999, 0, 0, 0, 0, 0, 0, 0, 0.295708887, -0.145361597, -0.212202026, 0.116351236, 0.382017263, -0.916809456, -0.988525391, 0.133422852, -0.0698242187, 0.095523538, 0.914511179, 0.393257365, 0, 0, -0, 0, 0, 0, 0, 0.336993994, -0.0898733887, -0.182293652, 0.209006766, 0.124964783, -0.969794354, 0.147094727, -0.984375, -0.0950927734, -0.966725032, -0.122741852, -0.224181233, 0, 2, 5, 1, 
802.250865, 56, 0.1, 0.1, -0.00417529674, 0.380876841, -0.0199690986, 0.934428329, -0.356151228, 2.57193996e-005, 0.356151227, 0.934428329, 2.26912526e-005, -3.21144531e-005, -1.20433535e-005, 0.999999999, 0.934428641, -0.356150407, 4.04531084e-005, 0.356150407, 0.934428642, 2.02644178e-006, -3.85222612e-005, 1.25138258e-005, 0.999999999, 0, 0, 0, 0, 0, 0, 0, 0.297757715, -0.147249438, -0.211496533, 0.113200013, 0.384384428, -0.916199506, -0.989624023, 0.125366211, -0.0697021484, 0.0881127589, 0.914630625, 0.394767453, 0, 0, -0, 0, 0, 0, 0, 0.338557764, -0.0920675293, -0.181635889, 0.205530963, 0.121410954, -0.970988681, 0.154174805, -0.983764648, -0.0903320312, -0.966353897, -0.130970908, -0.220992709, 0, 2, 5, 1, 
802.251547, 56, 0.1, 0.1, -0.00417529453, 0.380876838, -0.0199704855, 0.934426769, -0.356155323, -1.50539817e-005, 0.356155322, 0.934426769, -2.09060637e-005, 2.15126493e-005, 1.41736298e-005, 1, 0.934427078, -0.356154509, -2.81592093e-005, 0.356154509, 0.934427079, -9.41508752e-007, 2.66480502e-005, -9.14925808e-006, 1, 0, 0, 0, 0, 0, 0, 0, 0.297757715, -0.147249438, -0.211496533, 0.113200013, 0.384384428, -0.916199506, -0.989624023, 0.125366211, -0.0697021484, 0.0881127589, 0.914630625, 0.394767453, 0, 0, -0, 0, 0, 0, 0, 0.338557764, -0.0920675293, -0.181635889, 0.205530963, 0.121410954, -0.970988681, 0.154174805, -0.983764648, -0.0903320312, -0.966353897, -0.130970908, -0.220992709, 0, 2, 5, 1, 
802.252256, 56, 0.1, 0.1, -0.00417530053, 0.38087684, -0.0199714345, 0.934425153, -0.356159562, 2.03454589e-005, 0.356159562, 0.934425153, 1.72010829e-005, -2.51376387e-005, -8.8268948e-006, 1, 0.934425458, -0.356158761, 3.47313093e-005, 0.356158761, 0.934425458, -9.94116285e-007, -3.20997564e-005, 1.32987877e-005, 0.999999999, 0, 0, 0, 0, 0, 0, 0, 0.297757715, -0.147249438, -0.211496533, 0.113200013, 0.384384428, -0.916199506, -0.989624023, 0.125366211, -0.0697021484, 0.0881127589, 0.914630625, 0.394767453, 0, 0, -0, 0, 0, 0, 0, 0.338557764, -0.0920675293, -0.181635889, 0.205530963, 0.121410954, -0.970988681, 0.154174805, -0.983764648, -0.0903320312, -0.966353897, -0.130970908, -0.220992709, 0, 2, 5, 1, 
802.25294, 56, 0.1, 0.1, -0.00417529746, 0.380876838, -0.0199719251, 0.934423609, -0.356163611, -1.95645804e-005, 0.356163611, 0.934423609, -2.5134658e-005, 2.72336564e-005, 1.65182263e-005, 0.999999999, 0.934423912, -0.356162815, -3.20490288e-005, 0.356162815, 0.934423913, -6.77893855e-006, 3.23617847e-005, -5.08027002e-006, 0.999999999, 0, 0, 0, 0, 0, 0, 0, 0.297757715, -0.147249438, -0.211496533, 0.113200013, 0.384384428, -0.916199506, -0.989624023, 0.125366211, -0.0697021484, 0.0881127589, 0.914630625, 0.394767453, 0, 0, -0, 0, 0, 0, 0, 0.338557764, -0.0920675293, -0.181635889, 0.205530963, 0.121410954, -0.970988681, 0.154174805, -0.983764648, -0.0903320312, -0.966353897, -0.130970908, -0.220992709, 0, 2, 5, 1, 
802.253621, 56, 0.1, 0.1, -0.00417530162, 0.380876839, -0.0199719197, 0.934422089, -0.356167599, 1.23317878e-005, 0.356167599, 0.934422089, 1.78174439e-005, -1.78690912e-005, -1.22568299e-005, 1, 0.934422391, -0.356166807, 2.59454855e-005, 0.356166808, 0.934422391, -1.42414283e-006, -2.37368102e-005, 1.05716717e-005, 1, 0, 0, 0, 0, 0, 0, 0, 0.297757715, -0.147249438, -0.211496533, 0.113200013, 0.384384428, -0.916199506, -0.989624023, 0.125366211, -0.0697021484, 0.0881127589, 0.914630625, 0.394767453, 0, 0, -0, 0, 0, 0, 0, 0.338557764, -0.0920675293, -0.181635889, 0.205530963, 0.121410954, -0.970988681, 0.154174805, -0.983764648, -0.0903320312, -0.966353897, -0.130970908, -0.220992709, 0, 2, 5, 1, 
802.254302, 56, 0.1, 0.1, -0.00417529761, 0.380876837, -0.0199714373, 0.934420579, -0.356171561, -2.19376969e-005, 0.356171561, 0.934420579, -2.00041396e-005, 2.7623941e-005, 1.08786959e-005, 1, 0.934420873, -0.356170788, -3.57691614e-005, 0.356170788, 0.934420874, -2.36558374e-006, 3.42660029e-005, -1.05294796e-005, 0.999999999, 0, 0, 0, 0, 0, 0, 0, 0.297757715, -0.147249438, -0.211496533, 0.113200013, 0.384384428, -0.916199506, -0.989624023, 0.125366211, -0.0697021484, 0.0881127589, 0.914630625, 0.394767453, 0, 0, -0, 0, 0, 0, 0, 0.338557764, -0.0920675293, -0.181635889, 0.205530963, 0.121410954, -0.970988681, 0.154174805, -0.983764648, -0.0903320312, -0.966353897, -0.130970908, -0.220992709, 0, 2, 5, 1, 
802.254987, 56, 0.1, 0.1, -0.00417530212, 0.380876837, -0.0199706349, 0.934419071, -0.356175518, 1.48729927e-005, 0.356175517, 0.934419071, 2.69001564e-005, -2.34787851e-005, -1.98386233e-005, 1, 0.934419367, -0.356174739, 2.86718486e-005, 0.356174739, 0.934419368, 7.23946935e-006, -2.93700467e-005, 3.44748781e-006, 1, 0, 0, 0, 0, 0, 0, 0, 0.297757715, -0.147249438, -0.211496533, 0.113200013, 0.384384428, -0.916199506, -0.989624023, 0.125366211, -0.0697021484, 0.0881127589, 0.914630625, 0.394767453, 0, 0, -0, 0, 0, 0, 0, 0.338557764, -0.0920675293, -0.181635889, 0.205530963, 0.121410954, -0.970988681, 0.154174805, -0.983764648, -0.0903320312, -0.966353897, -0.130970908, -0.220992709, 0, 2, 5, 1, 
802.255694, 56, 0.1, 0.1, -0.00417529776, 0.380876833, -0.0199694619, 0.93441751, -0.356179614, -2.25115879e-005, 0.356179613, 0.93441751, -1.89201309e-005, 2.77741868e-005, 9.66113289e-006, 1, 0.934417808, -0.35617883, -3.7680583e-005, 0.356178831, 0.934417808, 1.76037148e-006, 3.45824007e-005, -1.50659484e-005, 0.999999999, 0, 0, 0, 0, 0, 0, 0, 0.299675342, -0.149416797, -0.210360059, 0.111762943, 0.385647391, -0.915843795, -0.990234375, 0.119506836, -0.0705566406, 0.0821607717, 0.914801367, 0.395452666, 0, 0, -0, 0, 0, 0, 0, 0.339906592, -0.0940450195, -0.180978125, 0.202176561, 0.117722963, -0.972183007, 0.161010742, -0.983154297, -0.0855712891, -0.965970003, -0.139091322, -0.217804184, 0, 2, 5, 1, 
802.256374, 56, 0.1, 0.1, -0.00417530269, 0.380876833, -0.0199686312, 0.934416, -0.356183573, 1.71298589e-005, 0.356183573, 0.934416, 2.39731009e-005, -2.4545239e-005, -1.62994747e-005, 1, 0.9344163, -0.356182787, 3.17748092e-005, 0.356182787, 0.9344163, 4.17210065e-006, -3.11769301e-005, 7.41916125e-006, 0.999999999, 0, 0, 0, 0, 0, 0, 0, 0.299675342, -0.149416797, -0.210360059, 0.111762943, 0.385647391, -0.915843795, -0.990234375, 0.119506836, -0.0705566406, 0.0821607717, 0.914801367, 0.395452666, 0, 0, -0, 0, 0, 0, 0, 0.339906592, -0.0940450195, -0.180978125, 0.202176561, 0.117722963, -0.972183007, 0.161010742, -0.983154297, -0.0855712891, -0.965970003, -0.139091322, -0.217804184, 0, 2, 5, 1, 
802.257057, 56, 0.1, 0.1, -0.00417529896, 0.380876831, -0.0199683354, 0.934414483, -0.356187555, -1.95325733e-005, 0.356187554, 0.934414483, -2.61563096e-005, 2.75680713e-005, 1.7483575e-005, 0.999999999, 0.934414783, -0.356186766, -3.5067223e-005, 0.356186766, 0.934414783, -4.96343085e-006, 3.453524e-005, -7.85257761e-006, 0.999999999, 0, 0, 0, 0, 0, 0, 0, 0.299675342, -0.149416797, -0.210360059, 0.111762943, 0.385647391, -0.915843795, -0.990234375, 0.119506836, -0.0705566406, 0.0821607717, 0.914801367, 0.395452666, 0, 0, -0, 0, 0, 0, 0, 0.339906592, -0.0940450195, -0.180978125, 0.202176561, 0.117722963, -0.972183007, 0.161010742, -0.983154297, -0.0855712891, -0.965970003, -0.139091322, -0.217804184, 0, 2, 5, 1, 
802.257741, 56, 0.1, 0.1, -0.00417530481, 0.380876833, -0.0199686065, 0.934412947, -0.356191584, 2.25839132e-005, 0.356191583, 0.934412947, 2.0416211e-005, -2.83747834e-005, -1.10329721e-005, 1, 0.934413253, -0.35619078, 3.6904713e-005, 0.35619078, 0.934413253, -8.51560397e-007, -3.41809349e-005, 1.39408278e-005, 0.999999999, 0, 0, 0, 0, 0, 0, 0, 0.299675342, -0.149416797, -0.210360059, 0.111762943, 0.385647391, -0.915843795, -0.990234375, 0.119506836, -0.0705566406, 0.0821607717, 0.914801367, 0.395452666, 0, 0, -0, 0, 0, 0, 0, 0.339906592, -0.0940450195, -0.180978125, 0.202176561, 0.117722963, -0.972183007, 0.161010742, -0.983154297, -0.0855712891, -0.965970003, -0.139091322, -0.217804184, 0, 2, 5, 1, 
802.258421, 56, 0.1, 0.1, -0.00417530222, 0.38087683, -0.0199693306, 0.934411417, -0.356195598, -1.44317384e-005, 0.356195598, 0.934411417, -2.1560611e-005, 2.11649758e-005, 1.50059594e-005, 1, 0.934411719, -0.356194804, -2.91375252e-005, 0.356194804, 0.934411719, -2.01267435e-006, 2.79433492e-005, -8.49796858e-006, 1, 0, 0, 0, 0, 0, 0, 0, 0.299675342, -0.149416797, -0.210360059, 0.111762943, 0.385647391, -0.915843795, -0.990234375, 0.119506836, -0.0705566406, 0.0821607717, 0.914801367, 0.395452666, 0, 0, -0, 0, 0, 0, 0, 0.339906592, -0.0940450195, -0.180978125, 0.202176561, 0.117722963, -0.972183007, 0.161010742, -0.983154297, -0.0855712891, -0.965970003, -0.139091322, -0.217804184, 0, 2, 5, 1, 
802.259104, 56, 0.1, 0.1, -0.00417530849, 0.380876831, -0.0199702972, 0.934409882, -0.356199622, 2.44004766e-005, 0.356199622, 0.934409883, 2.38625188e-005, -3.12998667e-005, -1.36059328e-005, 0.999999999, 0.934410185, -0.356198827, 3.83964121e-005, 0.356198827, 0.934410186, 4.23682939e-006, -3.73871522e-005, 9.71782044e-006, 0.999999999, 0, 0, 0, 0, 0, 0, 0, 0.299675342, -0.149416797, -0.210360059, 0.111762943, 0.385647391, -0.915843795, -0.990234375, 0.119506836, -0.0705566406, 0.0821607717, 0.914801367, 0.395452666, 0, 0, -0, 0, 0, 0, 0, 0.339906592, -0.0940450195, -0.180978125, 0.202176561, 0.117722963, -0.972183007, 0.161010742, -0.983154297, -0.0855712891, -0.965970003, -0.139091322, -0.217804184, 0, 2, 5, 1, 
802.259785, 56, 0.1, 0.1, -0.00417530629, 0.380876828, -0.0199712036, 0.934408356, -0.356203628, -1.4129352e-005, 0.356203628, 0.934408356, -1.89514452e-005, 1.99531581e-005, 1.26754623e-005, 1, 0.934408659, -0.356202832, -2.70434924e-005, 0.356202832, 0.934408659, 5.50013654e-007, 2.5073757e-005, -1.01469061e-005, 1, 0, 0, 0, 0, 0, 0, 0, 0.299675342, -0.149416797, -0.210360059, 0.111762943, 0.385647391, -0.915843795, -0.990234375, 0.119506836, -0.0705566406, 0.0821607717, 0.914801367, 0.395452666, 0, 0, -0, 0, 0, 0, 0, 0.339906592, -0.0940450195, -0.180978125, 0.202176561, 0.117722963, -0.972183007, 0.161010742, -0.983154297, -0.0855712891, -0.965970003, -0.139091322, -0.217804184, 0, 2, 5, 1, 
802.260491, 56, 0.1, 0.1, -0.00417531222, 0.380876828, -0.0199715241, 0.934406779, -0.356207763, 2.05206304e-005, 0.356207763, 0.934406779, 1.94208131e-005, -2.60924605e-005, -1.08373316e-005, 1, 0.934407078, -0.356206979, 3.49748612e-005, 0.356206979, 0.934407078, 1.47853746e-006, -3.32074233e-005, 1.10767338e-005, 0.999999999, 0, 0, 0, 0, 0, 0, 0, 0.301591016, -0.151827783, -0.208783813, 0.110331865, 0.386485371, -0.915583564, -0.990966797, 0.112792969, -0.0718994141, 0.0754662839, 0.915410196, 0.395535041, 0, 0, -0, 0, 0, 0, 0, 0.340975781, -0.0960376465, -0.180306689, 0.197959587, 0.113964611, -0.973479412, 0.168212891, -0.982299805, -0.0806884766, -0.965554026, -0.147710102, -0.213644447, 0, 2, 5, 1, 
802.261172, 56, 0.1, 0.1, -0.00417530908, 0.380876827, -0.0199714197, 0.934405268, -0.356211727, -1.90375e-005, 0.356211727, 0.934405268, -2.4758448e-005, 2.66079898e-005, 1.63530435e-005, 1, 0.934405565, -0.356210948, -3.181567e-005, 0.356210948, 0.934405565, -5.92891124e-006, 3.18406822e-005, -5.79308234e-006, 0.999999999, 0, 0, 0, 0, 0, 0, 0, 0.301591016, -0.151827783, -0.208783813, 0.110331865, 0.386485371, -0.915583564, -0.990966797, 0.112792969, -0.0718994141, 0.0754662839, 0.915410196, 0.395535041, 0, 0, -0, 0, 0, 0, 0, 0.340975781, -0.0960376465, -0.180306689, 0.197959587, 0.113964611, -0.973479412, 0.168212891, -0.982299805, -0.0806884766, -0.965554026, -0.147710102, -0.213644447, 0, 2, 5, 1, 
802.261856, 56, 0.1, 0.1, -0.00417531342, 0.380876828, -0.0199710025, 0.934403763, -0.356215677, 1.33947163e-005, 0.356215676, 0.934403763, 1.89141237e-005, -1.92535807e-005, -1.29020204e-005, 1, 0.93440406, -0.356214896, 2.75364585e-005, 0.356214896, 0.93440406, -7.02653499e-007, -2.5479883e-005, 1.0465459e-005, 1, 0, 0, 0, 0, 0, 0, 0, 0.301591016, -0.151827783, -0.208783813, 0.110331865, 0.386485371, -0.915583564, -0.990966797, 0.112792969, -0.0718994141, 0.0754662839, 0.915410196, 0.395535041, 0, 0, -0, 0, 0, 0, 0, 0.340975781, -0.0960376465, -0.180306689, 0.197959587, 0.113964611, -0.973479412, 0.168212891, -0.982299805, -0.0806884766, -0.965554026, -0.147710102, -0.213644447, 0, 2, 5, 1, 
802.262536, 56, 0.1, 0.1, -0.00417530923, 0.380876826, -0.0199703958, 0.934402266, -0.356219601, -2.21920736e-005, 0.356219601, 0.934402266, -2.15576436e-005, 2.84155791e-005, 1.22382594e-005, 1, 0.934402561, -0.356218827, -3.65635108e-005, 0.356218827, 0.934402562, -2.92560374e-006, 3.52071932e-005, -1.02909193e-005, 0.999999999, 0, 0, 0, 0, 0, 0, 0, 0.301591016, -0.151827783, -0.208783813, 0.110331865, 0.386485371, -0.915583564, -0.990966797, 0.112792969, -0.0718994141, 0.0754662839, 0.915410196, 0.395535041, 0, 0, -0, 0, 0, 0, 0, 0.340975781, -0.0960376465, -0.180306689, 0.197959587, 0.113964611, -0.973479412, 0.168212891, -0.982299805, -0.0806884766, -0.965554026, -0.147710102, -0.213644447, 0, 2, 5, 1, 
802.263235, 56, 0.1, 0.1, -0.00417531413, 0.380876826, -0.0199696054, 0.93440073, -0.35622363, 1.6901736e-005, 0.35622363, 0.93440073, 2.59396832e-005, -2.50333226e-005, -1.82172612e-005, 1, 0.934401029, -0.356222847, 3.14543955e-005, 0.356222847, 0.934401029, 5.5442689e-006, -3.13660147e-005, 6.02420375e-006, 0.999999999, 0, 0, 0, 0, 0, 0, 0, 0.301591016, -0.151827783, -0.208783813, 0.110331865, 0.386485371, -0.915583564, -0.990966797, 0.112792969, -0.0718994141, 0.0754662839, 0.915410196, 0.395535041, 0, 0, -0, 0, 0, 0, 0, 0.341846631, -0.0983064941, -0.179646973, 0.194106819, 0.109318167, -0.974871699, 0.175170898, -0.981567383, -0.0751953125, -0.965099769, -0.156053997, -0.209740273, 0, 2, 5, 1, 
802.263916, 56, 0.1, 0.1, -0.00417531026, 0.380876823, -0.0199690707, 0.934399225, -0.35622758, -2.06832772e-005, 0.356227579, 0.934399225, -2.01470109e-005, 2.65033591e-005, 1.14573976e-005, 1, 0.934399521, -0.356226802, -3.52695324e-005, 0.356226802, 0.934399521, 5.20223919e-007, 3.27705165e-005, -1.30500497e-005, 0.999999999, 0, 0, 0, 0, 0, 0, 0, 0.301591016, -0.151827783, -0.208783813, 0.110331865, 0.386485371, -0.915583564, -0.990966797, 0.112792969, -0.0718994141, 0.0754662839, 0.915410196, 0.395535041, 0, 0, -0, 0, 0, 0, 0, 0.341846631, -0.0983064941, -0.179646973, 0.194106819, 0.109318167, -0.974871699, 0.175170898, -0.981567383, -0.0751953125, -0.965099769, -0.156053997, -0.209740273, 0, 2, 5, 1, 
802.264599, 56, 0.1, 0.1, -0.0041753152, 0.380876824, -0.0199689286, 0.934397712, -0.356231547, 1.726674e-005, 0.356231547, 0.934397712, 2.28100948e-005, -2.42596777e-005, -1.51627429e-005, 1, 0.934398012, -0.35623076, 3.21311796e-005, 0.35623076, 0.934398012, 3.0167558e-006, -3.10979716e-005, 8.62726392e-006, 0.999999999, 0, 0, 0, 0, 0, 0, 0, 0.301591016, -0.151827783, -0.208783813, 0.110331865, 0.386485371, -0.915583564, -0.990966797, 0.112792969, -0.0718994141, 0.0754662839, 0.915410196, 0.395535041, 0, 0, -0, 0, 0, 0, 0, 0.341846631, -0.0983064941, -0.179646973, 0.194106819, 0.109318167, -0.974871699, 0.175170898, -0.981567383, -0.0751953125, -0.965099769, -0.156053997, -0.209740273, 0, 2, 5, 1, 
802.265298, 56, 0.1, 0.1, -0.00417531066, 0.380876822, -0.0199689843, 0.93439615, -0.356235644, -2.36776886e-005, 0.356235643, 0.93439615, -2.57926113e-005, 3.13125886e-005, 1.56656801e-005, 0.999999999, 0.93439645, -0.356234856, -3.87096267e-005, 0.356234856, 0.934396451, -5.28235833e-006, 3.8051898e-005, -8.85390143e-006, 0.999999999, 0, 0, 0, 0, 0, 0, 0, 0.303282837, -0.154010767, -0.207212329, 0.108925874, 0.387424823, -0.915424804, -0.991577148, 0.10559082, -0.0733642578, 0.068149863, 0.915879361, 0.39575708, 0, 0, -0, 0, 0, 0, 0, 0.341846631, -0.0983064941, -0.179646973, 0.194106819, 0.109318167, -0.974871699, 0.175170898, -0.981567383, -0.0751953125, -0.965099769, -0.156053997, -0.209740273, 0, 2, 5, 1, 
802.265988, 56, 0.1, 0.1, -0.00417531548, 0.380876823, -0.0199693295, 0.934394604, -0.356239701, 1.79996439e-005, 0.3562397, 0.934394604, 2.0641724e-005, -2.41721717e-005, -1.28753278e-005, 1, 0.93439491, -0.356238895, 3.19172446e-005, 0.356238895, 0.934394911, -3.02159921e-007, -2.97156698e-005, 1.16525007e-005, 0.999999999, 0, 0, 0, 0, 0, 0, 0, 0.303282837, -0.154010767, -0.207212329, 0.108925874, 0.387424823, -0.915424804, -0.991577148, 0.10559082, -0.0733642578, 0.068149863, 0.915879361, 0.39575708, 0, 0, -0, 0, 0, 0, 0, 0.341846631, -0.0983064941, -0.179646973, 0.194106819, 0.109318167, -0.974871699, 0.175170898, -0.981567383, -0.0751953125, -0.965099769, -0.156053997, -0.209740273, 0, 2, 5, 1, 
802.266685, 56, 0.1, 0.1, -0.00417531218, 0.380876821, -0.01996984, 0.934393042, -0.356243798, -1.54834797e-005, 0.356243798, 0.934393042, -2.22819991e-005, 2.24054797e-005, 1.53042513e-005, 1, 0.934393372, -0.35624293, -3.17379579e-005, 0.35624293, 0.934393373, -1.36480312e-006, 3.0141939e-005, -1.00311601e-005, 0.999999999, 0, 0, 0, 0, 0, 0, 0, 0.303282837, -0.154010767, -0.207212329, 0.108925874, 0.387424823, -0.915424804, -0.991577148, 0.10559082, -0.0733642578, 0.068149863, 0.915879361, 0.39575708, 0, 0, -0, 0, 0, 0, 0, 0.341846631, -0.0983064941, -0.179646973, 0.194106819, 0.109318167, -0.974871699, 0.175170898, -0.981567383, -0.0751953125, -0.965099769, -0.156053997, -0.209740273, 0, 2, 5, 1, 
802.267395, 56, 0.1, 0.1, -0.00417531836, 0.380876821, -0.0199702056, 0.934391448, -0.356247977, 2.21150129e-005, 0.356247977, 0.934391448, 2.74962664e-005, -3.04595682e-005, -1.78138476e-005, 0.999999999, 0.934391784, -0.356247094, 3.75233234e-005, 0.356247094, 0.934391785, 5.6566668e-006, -3.70766562e-005, 8.08203193e-006, 0.999999999, 0, 0, 0, 0, 0, 0, 0, 0.305153345, -0.155482642, -0.205843823, 0.106751173, 0.389189151, -0.914910334, -0.992431641, 0.0963134766, -0.0747070312, 0.0591013148, 0.916094286, 0.396664331, 0, 0, -0, 0, 0, 0, 0, 0.341846631, -0.0983064941, -0.179646973, 0.190458575, 0.105661893, -0.975982903, 0.18359375, -0.98034668, -0.0703125, -0.964255788, -0.16564399, -0.206174784, 0, 2, 5, 1, 
802.268335, 56, 0.1, 0.1, -0.00417531351, 0.38087682, -0.019968256, 0.934389342, -0.356253502, -1.05597251e-005, 0.356253501, 0.934389341, -4.1004073e-005, 2.44747391e-005, 3.45518298e-005, 0.999999999, 0.934389809, -0.356252276, -3.47075836e-005, 0.356252276, 0.934389809, -1.18126335e-005, 3.663869e-005, -1.32705134e-006, 0.999999999, 0, 0, 0, 0, 0, 0, 0, 0.305153345, -0.155482642, -0.205843823, 0.106751173, 0.389189151, -0.914910334, -0.992431641, 0.0963134766, -0.0747070312, 0.0591013148, 0.916094286, 0.396664331, 0, 0, -0, 0, 0, 0, 0, 0.342739209, -0.0998663086, -0.178752539, 0.190458575, 0.105661893, -0.975982903, 0.18359375, -0.98034668, -0.0703125, -0.964255788, -0.16564399, -0.206174784, 0, 2, 5, 1, 
802.269416, 56, 0.1, 0.1, -0.00417531647, 0.380876826, -0.0199600627, 0.934386914, -0.35625987, -2.82417982e-005, 0.35625987, 0.934386914, 8.85495655e-006, 2.3234101e-005, -1.83353749e-005, 1, 0.934387356, -0.356258711, -1.86350265e-005, 0.356258711, 0.934387356, -4.34012432e-006, 1.89585403e-005, -2.58353325e-006, 1, 0, 0, 0, 0, 0, 0, 0, 0.305153345, -0.155482642, -0.205843823, 0.106751173, 0.389189151, -0.914910334, -0.992431641, 0.0963134766, -0.0747070312, 0.0591013148, 0.916094286, 0.396664331, 0, 0, -0, 0, 0, 0, 0, 0.342739209, -0.0998663086, -0.178752539, 0.190458575, 0.105661893, -0.975982903, 0.18359375, -0.98034668, -0.0703125, -0.964255788, -0.16564399, -0.206174784, 0, 2, 5, 1, 
802.270174, 56, 0.1, 0.1, -0.00417531898, 0.380876823, -0.019954435, 0.934385419, -0.356263791, -1.23518258e-006, 0.356263792, 0.934385419, 2.83175872e-006, 1.45283496e-007, -3.08600489e-006, 1, 0.934385674, -0.356263121, 1.61489344e-005, 0.356263121, 0.934385674, 1.26556589e-005, -1.95980775e-005, -6.07199654e-006, 1, 0, 0, 0, 0, 0, 0, 0, 0.305153345, -0.155482642, -0.205843823, 0.106751173, 0.389189151, -0.914910334, -0.992431641, 0.0963134766, -0.0747070312, 0.0591013148, 0.916094286, 0.396664331, 0, 0, -0, 0, 0, 0, 0, 0.342739209, -0.0998663086, -0.178752539, 0.190458575, 0.105661893, -0.975982903, 0.18359375, -0.98034668, -0.0703125, -0.964255788, -0.16564399, -0.206174784, 0, 2, 5, 1, 
802.27086, 56, 0.1, 0.1, -0.00417531965, 0.380876821, -0.0199544538, 0.934384172, -0.356267062, -9.93633501e-006, 0.356267062, 0.934384171, 3.21058694e-005, -2.15390962e-006, -3.35392051e-005, 0.999999999, 0.934384413, -0.356266429, -1.33779421e-006, 0.356266429, 0.934384413, 2.38536766e-005, -7.24825013e-006, -2.27651148e-005, 1, 0, 0, 0, 0, 0, 0, 0, 0.305153345, -0.155482642, -0.205843823, 0.106751173, 0.389189151, -0.914910334, -0.992431641, 0.0963134766, -0.0747070312, 0.0591013148, 0.916094286, 0.396664331, 0, 0, -0, 0, 0, 0, 0, 0.342739209, -0.0998663086, -0.178752539, 0.190458575, 0.105661893, -0.975982903, 0.18359375, -0.98034668, -0.0703125, -0.964255788, -0.16564399, -0.206174784, 0, 2, 5, 1, 
802.271551, 56, 0.1, 0.1, -0.0041753205, 0.380876822, -0.0199589329, 0.934382957, -0.356270246, 3.13523522e-005, 0.356270247, 0.934382957, -2.68188537e-005, -1.9740344e-005, 3.62289901e-005, 0.999999999, 0.934383199, -0.356269612, 2.25043126e-005, 0.356269613, 0.934383199, -2.81586451e-005, -1.0995582e-005, 3.43285676e-005, 0.999999999, 0, 0, 0, 0, 0, 0, 0, 0.305153345, -0.155482642, -0.205843823, 0.106751173, 0.389189151, -0.914910334, -0.992431641, 0.0963134766, -0.0747070312, 0.0591013148, 0.916094286, 0.396664331, 0, 0, -0, 0, 0, 0, 0, 0.342739209, -0.0998663086, -0.178752539, 0.190458575, 0.105661893, -0.975982903, 0.18359375, -0.98034668, -0.0703125, -0.964255788, -0.16564399, -0.206174784, 0, 2, 5, 1, 
802.27227, 56, 0.1, 0.1, -0.00417531574, 0.380876818, -0.0199663613, 0.934381751, -0.356273406, -6.43215088e-005, 0.356273409, 0.934381751, 4.27928174e-005, 4.48549011e-005, -6.29008708e-005, 0.999999997, 0.934381988, -0.356272785, -5.76919583e-005, 0.356272788, 0.934381988, 3.60066924e-005, 4.10781221e-005, -5.41980797e-005, 0.999999998, 0, 0, 0, 0, 0, 0, 0, 0.307021045, -0.15691582, -0.204459814, 0.104469009, 0.391740163, -0.914141624, -0.993164063, 0.0882568359, -0.0756835937, 0.0509349306, 0.915813838, 0.398396459, 0, 0, -0, 0, 0, 0, 0, 0.342739209, -0.0998663086, -0.178752539, 0.188509952, 0.1019163, -0.976698186, 0.191162109, -0.979248047, -0.0653076172, -0.963233169, -0.174384172, -0.204040594, 0, 2, 5, 1, 
802.272959, 56, 0.1, 0.1, -0.00417531632, 0.380876814, -0.019973607, 0.93438075, -0.35627603, 5.88373414e-005, 0.356276032, 0.934380752, -1.04423593e-005, -5.1256117e-005, 3.0719474e-005, 0.999999998, 0.93438094, -0.356275537, 3.13740129e-005, 0.356275537, 0.93438094, 2.7681633e-006, -3.03015085e-005, 8.59127426e-006, 1, 0, 0, 0, 0, 0, 0, 0, 0.307021045, -0.15691582, -0.204459814, 0.104469009, 0.391740163, -0.914141624, -0.993164063, 0.0882568359, -0.0756835937, 0.0509349306, 0.915813838, 0.398396459, 0, 0, -0, 0, 0, 0, 0, 0.344194482, -0.10141416, -0.17763877, 0.188509952, 0.1019163, -0.976698186, 0.191162109, -0.979248047, -0.0653076172, -0.963233169, -0.174384172, -0.204040594, 0, 2, 5, 1, 
