time, trialNum, realDorsalTactorPos, realVentralTactorPos, boxPosX, boxPosY, boxPosZ, boxLocalRot_11, boxLocalRot_12, boxLocalRot_13, boxLocalRot_21, boxLocalRot_22, boxLocalRot_23, boxLocalRot_31, boxLocalRot_32, boxLocalRot_33, boxGlobalRot_11, boxGlobalRot_12, boxGlobalRot_13, boxGlobalRot_21, boxGlobalRot_22, boxGlobalRot_23, boxGlobalRot_31, boxGlobalRot_32, boxGlobalRot_33, indexForceX, indexForceY, indexForceZ, indexForceGlobalX, indexForceGlobalY, indexForceGlobalZ, indexContact, indexPosX, indexPosY, indexPosZ, indexRot_11, indexRot_12, indexRot_13, indexRot_21, indexRot_22, indexRot_23, indexRot_31, indexRot_32, indexRot_33, thumbForceX, thumbForceY, thumbForceZ, thumbForceGlobalX, thumbForceGlobalY, thumbForceGlobalZ, thumbContact, thumbPosX, thumbPosY, thumbPosZ, thumbRot_11, thumbRot_12, thumbRot_13, thumbRot_21, thumbRot_22, thumbRot_23, thumbRot_31, thumbRot_32, thumbRot_33, manipForceTooHigh, cceExpType, mapping, trialSuccess, 
712.567863, 61, 0.1, 0.1, 0.0203889515, 0.350885927, -0.0199687, 0.994752204, -3.97952205e-006, 0.102313499, 0.102313499, -2.06746874e-005, -0.994752204, 6.07393795e-006, 1, -2.0159032e-005, 0.994752236, -1.38004262e-005, 0.102313191, 0.102313191, -2.15233003e-005, -0.994752236, 1.59301224e-005, 1, -1.99983854e-005, 0, 0, 0, 0, 0, 0, 0, 0.292614307, -0.0766641357, -0.163474023, -0.236266642, 0.796817286, -0.555988478, -0.922363281, -0.00402832032, 0.386108398, 0.305368273, 0.60410128, 0.736176027, 0, -0, 0, 0, 0, 0, 0, 0.340610889, -0.039009375, -0.140516553, -0.0615644753, 0.37802414, -0.9236475, -0.494262695, -0.815429688, -0.30078125, -0.867019826, 0.438154775, 0.237149135, 0, 2, 5, 1, 
712.585305, 61, 0.1, 0.1, 0.0203889167, 0.350885909, -0.019961599, 0.994752492, -1.21955779e-005, 0.102310702, 0.102310702, 2.74879535e-006, -0.994752492, 1.18503503e-005, 1, 3.98210915e-006, 0.994752494, 1.2520874e-005, 0.102310684, 0.102310684, 4.66539128e-006, -0.994752494, -1.293249e-005, 1, 3.35989043e-006, 0, 0, 0, 0, 0, 0, 0, 0.303718091, -0.0932855469, -0.161693506, -0.25347594, 0.785242431, -0.564677568, -0.925292969, -0.0268554688, 0.378051758, 0.281768876, 0.618417342, 0.733597302, 0, -0, 0, 0, 0, 0, 0, 0.349175293, -0.0548009277, -0.139204639, -0.0683400112, 0.361030081, -0.929994299, -0.461547852, -0.837768555, -0.291381836, -0.88430223, 0.409487973, 0.223962303, 0, 2, 5, 1, 
712.586001, 61, 0.1, 0.1, 0.0203889188, 0.350885909, -0.0199648061, 0.994752479, 2.17076382e-005, 0.10231083, 0.10231083, -1.71571922e-006, -0.994752479, -2.14181903e-005, 1, -3.92764244e-006, 0.994752478, 1.01235242e-005, 0.102310836, 0.102310836, 7.15009166e-006, -0.994752478, -1.08019327e-005, 1, 6.07682517e-006, 0, 0, 0, 0, 0, 0, 0, 0.303718091, -0.0932855469, -0.161693506, -0.25347594, 0.785242431, -0.564677568, -0.925292969, -0.0268554688, 0.378051758, 0.281768876, 0.618417342, 0.733597302, 0, -0, 0, 0, 0, 0, 0, 0.349175293, -0.0548009277, -0.139204639, -0.0683400112, 0.361030081, -0.929994299, -0.461547852, -0.837768555, -0.291381836, -0.88430223, 0.409487973, 0.223962303, 0, 2, 5, 1, 
712.586695, 61, 0.1, 0.1, 0.0203889207, 0.350885909, -0.0199692403, 0.994752472, -2.07965245e-005, 0.102310898, 0.102310898, -3.22811758e-006, -0.994752472, 2.10176658e-005, 1, -1.08346683e-006, 0.994752475, -2.093264e-005, 0.102310866, 0.102310866, -3.57598677e-006, -0.994752475, 2.11886578e-005, 1, -1.41558515e-006, 0, 0, 0, 0, 0, 0, 0, 0.303718091, -0.0932855469, -0.161693506, -0.25347594, 0.785242431, -0.564677568, -0.925292969, -0.0268554688, 0.378051758, 0.281768876, 0.618417342, 0.733597302, 0, -0, 0, 0, 0, 0, 0, 0.349175293, -0.0548009277, -0.139204639, -0.0683400112, 0.361030081, -0.929994299, -0.461547852, -0.837768555, -0.291381836, -0.88430223, 0.409487973, 0.223962303, 0, 2, 5, 1, 
712.587394, 61, 0.1, 0.1, 0.0203889201, 0.35088591, -0.0199735138, 0.994752473, 9.9742174e-006, 0.102310887, 0.102310887, -2.3080643e-005, -0.994752473, -7.56047636e-006, 1, -2.39799977e-005, 0.994752469, 1.77882817e-005, 0.102310923, 0.102310923, -1.44545987e-005, -0.994752469, -1.62160738e-005, 1, -1.61986833e-005, 0, 0, 0, 0, 0, 0, 0, 0.303718091, -0.0932855469, -0.161693506, -0.25347594, 0.785242431, -0.564677568, -0.925292969, -0.0268554688, 0.378051758, 0.281768876, 0.618417342, 0.733597302, 0, -0, 0, 0, 0, 0, 0, 0.349175293, -0.0548009277, -0.139204639, -0.0683400112, 0.361030081, -0.929994299, -0.461547852, -0.837768555, -0.291381836, -0.88430223, 0.409487973, 0.223962303, 0, 2, 5, 1, 
712.588117, 61, 0.1, 0.1, 0.0203889228, 0.350885911, -0.0199762183, 0.994752515, 6.50853738e-006, 0.102310477, 0.102310477, 1.29458672e-005, -0.994752515, -7.79888177e-006, 1, 1.22120424e-005, 0.994752504, -8.54069477e-006, 0.102310584, 0.102310584, 1.12394801e-005, -0.994752504, 7.34595974e-006, 1, 1.20543044e-005, 0, 0, 0, 0, 0, 0, 0, 0.305957935, -0.0958343506, -0.161531909, -0.257456908, 0.783276282, -0.565858155, -0.925415039, -0.0314941406, 0.377319336, 0.277702906, 0.620829812, 0.733166329, 0, -0, 0, 0, 0, 0, 0, 0.351038721, -0.0573080078, -0.138853613, -0.0694523152, 0.358863075, -0.930748595, -0.454956055, -0.841674805, -0.290649414, -0.887733191, 0.403245819, 0.221796397, 0, 2, 5, 1, 
712.588808, 61, 0.1, 0.1, 0.020388923, 0.350885912, -0.0199766359, 0.994752586, -1.39388531e-005, 0.102309788, 0.102309788, -6.26296653e-006, -0.994752586, 1.4506473e-005, 1, -4.80402104e-006, 0.99475257, -6.26448042e-006, 0.102309947, 0.102309947, -1.42943785e-005, -0.99475257, 7.6940651e-006, 1, -1.35784511e-005, 0, 0, 0, 0, 0, 0, 0, 0.305957935, -0.0958343506, -0.161531909, -0.257456908, 0.783276282, -0.565858155, -0.925415039, -0.0314941406, 0.377319336, 0.277702906, 0.620829812, 0.733166329, 0, -0, 0, 0, 0, 0, 0, 0.351038721, -0.0573080078, -0.138853613, -0.0694523152, 0.358863075, -0.930748595, -0.454956055, -0.841674805, -0.290649414, -0.887733191, 0.403245819, 0.221796397, 0, 2, 5, 1, 
712.589499, 61, 0.1, 0.1, 0.0203889232, 0.35088591, -0.0199750395, 0.994752683, 1.6936999e-005, 0.102308839, 0.102308839, -4.04982851e-006, -0.994752684, -1.64337919e-005, 1, -5.76138248e-006, 0.994752662, 1.64724252e-005, 0.102309048, 0.102309047, 1.14854413e-005, -0.994752662, -1.75610534e-005, 1, 9.73989517e-006, 0, 0, 0, 0, 0, 0, 0, 0.305957935, -0.0958343506, -0.161531909, -0.257456908, 0.783276282, -0.565858155, -0.925415039, -0.0314941406, 0.377319336, 0.277702906, 0.620829812, 0.733166329, 0, -0, 0, 0, 0, 0, 0, 0.351038721, -0.0573080078, -0.138853613, -0.0694523152, 0.358863075, -0.930748595, -0.454956055, -0.841674805, -0.290649414, -0.887733191, 0.403245819, 0.221796397, 0, 2, 5, 1, 
712.590193, 61, 0.1, 0.1, 0.0203889258, 0.35088591, -0.0199720119, 0.994752807, -8.37423478e-006, 0.102307637, 0.102307637, 2.34103904e-005, -0.994752807, 5.93523184e-006, 1, 2.41442997e-005, 0.994752781, -1.75260471e-005, 0.102307895, 0.102307895, 1.42511104e-005, -0.994752781, 1.5976083e-005, 1, 1.59693847e-005, 0, 0, 0, 0, 0, 0, 0, 0.305957935, -0.0958343506, -0.161531909, -0.257456908, 0.783276282, -0.565858155, -0.925415039, -0.0314941406, 0.377319336, 0.277702906, 0.620829812, 0.733166329, 0, -0, 0, 0, 0, 0, 0, 0.351038721, -0.0573080078, -0.138853613, -0.0694523152, 0.358863075, -0.930748595, -0.454956055, -0.841674805, -0.290649414, -0.887733191, 0.403245819, 0.221796397, 0, 2, 5, 1, 
712.59089, 61, 0.1, 0.1, 0.0203889247, 0.35088591, -0.0199685134, 0.99475296, -1.09394023e-005, 0.102306154, 0.102306154, -1.62664811e-005, -0.99475296, 1.25461639e-005, 1, -1.50619621e-005, 0.994752925, 1.03975433e-005, 0.102306488, 0.102306488, -1.53899621e-005, -0.994752925, -8.76849364e-006, 1, -1.63729459e-005, 0, 0, 0, 0, 0, 0, 0, 0.305957935, -0.0958343506, -0.161531909, -0.257456908, 0.783276282, -0.565858155, -0.925415039, -0.0314941406, 0.377319336, 0.277702906, 0.620829812, 0.733166329, 0, -0, 0, 0, 0, 0, 0, 0.351038721, -0.0573080078, -0.138853613, -0.0694523152, 0.358863075, -0.930748595, -0.454956055, -0.841674805, -0.290649414, -0.887733191, 0.403245819, 0.221796397, 0, 2, 5, 1, 
712.591579, 61, 0.1, 0.1, 0.0203889266, 0.350885907, -0.0199656098, 0.994753139, 2.13673693e-005, 0.102304406, 0.102304406, 1.42353983e-005, -0.994753139, -2.27116017e-005, 1, 1.19747311e-005, 0.994753101, 9.89393489e-006, 0.102304778, 0.102304777, 2.57097201e-005, -0.994753101, -1.24722496e-005, 1, 2.4562627e-005, 0, 0, 0, 0, 0, 0, 0, 0.305957935, -0.0958343506, -0.161531909, -0.257456908, 0.783276282, -0.565858155, -0.925415039, -0.0314941406, 0.377319336, 0.277702906, 0.620829812, 0.733166329, 0, -0, 0, 0, 0, 0, 0, 0.351038721, -0.0573080078, -0.138853613, -0.0694523152, 0.358863075, -0.930748595, -0.454956055, -0.841674805, -0.290649414, -0.887733191, 0.403245819, 0.221796397, 0, 2, 5, 1, 
712.592271, 61, 0.1, 0.1, 0.0203889285, 0.35088591, -0.0199641547, 0.994753349, -2.4184114e-005, 0.102302362, 0.102302363, 1.10959219e-005, -0.99475335, 2.29220894e-005, 1, 1.35117975e-005, 0.994753305, -2.3156947e-005, 0.102302793, 0.102302793, -1.13238314e-005, -0.994753305, 2.41939092e-005, 1, -8.89539834e-006, 0, 0, 0, 0, 0, 0, 0, 0.305957935, -0.0958343506, -0.161531909, -0.257456908, 0.783276282, -0.565858155, -0.925415039, -0.0314941406, 0.377319336, 0.277702906, 0.620829812, 0.733166329, 0, -0, 0, 0, 0, 0, 0, 0.351038721, -0.0573080078, -0.138853613, -0.0694523152, 0.358863075, -0.930748595, -0.454956055, -0.841674805, -0.290649414, -0.887733191, 0.403245819, 0.221796397, 0, 2, 5, 1, 
712.59299, 61, 0.1, 0.1, 0.020388927, 0.350885909, -0.0199643179, 0.994753598, 1.26725837e-005, 0.102299948, 0.102299948, -2.55106647e-005, -0.994753598, -9.99635851e-006, 1, -2.66732301e-005, 0.994753543, 2.47974441e-005, 0.102300481, 0.102300482, -1.19911647e-005, -0.994753543, -2.34406435e-005, 1, -1.4465044e-005, 0, 0, 0, 0, 0, 0, 0, 0.307321411, -0.0982913574, -0.161884888, -0.261303083, 0.783257186, -0.564055635, -0.924560547, -0.0355224609, 0.37902832, 0.276828977, 0.620709245, 0.73362239, 0, -0, 0, 0, 0, 0, 0, 0.351038721, -0.0573080078, -0.138853613, -0.0732161314, 0.357462759, -0.930933796, -0.448852539, -0.845336914, -0.289306641, -0.890460895, 0.396716019, 0.222390645, 0, 2, 5, 1, 
712.593688, 61, 0.1, 0.1, 0.0203889301, 0.350885909, -0.0199658417, 0.994753864, 9.521788e-006, 0.102297362, 0.102297362, 1.89621386e-005, -0.994753864, -1.14116122e-005, 1, 1.78886068e-005, 0.994753808, -1.26115065e-005, 0.102297904, 0.102297904, 1.75042633e-005, -0.994753808, 1.07546946e-005, 1, 1.87025632e-005, 0, 0, 0, 0, 0, 0, 0, 0.307321411, -0.0982913574, -0.161884888, -0.261303083, 0.783257186, -0.564055635, -0.924560547, -0.0355224609, 0.37902832, 0.276828977, 0.620709245, 0.73362239, 0, -0, 0, 0, 0, 0, 0, 0.352518262, -0.0597704102, -0.139076611, -0.0732161314, 0.357462759, -0.930933796, -0.448852539, -0.845336914, -0.289306641, -0.890460895, 0.396716019, 0.222390645, 0, 2, 5, 1, 
712.594387, 61, 0.1, 0.1, 0.0203889298, 0.350885912, -0.0199683082, 0.994754149, -1.82186527e-005, 0.102294589, 0.102294589, -1.50662844e-005, -0.994754149, 1.96642797e-005, 1, -1.31235793e-005, 0.994754092, -7.42210768e-006, 0.102295147, 0.102295146, -2.48793588e-005, -0.994754091, 9.92820964e-006, 1, -2.39895984e-005, 0, 0, 0, 0, 0, 0, 0, 0.307321411, -0.0982913574, -0.161884888, -0.261303083, 0.783257186, -0.564055635, -0.924560547, -0.0355224609, 0.37902832, 0.276828977, 0.620709245, 0.73362239, 0, -0, 0, 0, 0, 0, 0, 0.352518262, -0.0597704102, -0.139076611, -0.0732161314, 0.357462759, -0.930933796, -0.448852539, -0.845336914, -0.289306641, -0.890460895, 0.396716019, 0.222390645, 0, 2, 5, 1, 
712.595081, 61, 0.1, 0.1, 0.02038893, 0.35088591, -0.0199710061, 0.994754444, 1.96829381e-005, 0.102291717, 0.102291717, -9.02801019e-006, -0.994754444, -1.86561995e-005, 1, -1.09940548e-005, 0.994754385, 1.84645164e-005, 0.102292297, 0.102292297, 8.83754558e-006, -0.994754385, -1.92716715e-005, 1, 6.90240942e-006, 0, 0, 0, 0, 0, 0, 0, 0.307321411, -0.0982913574, -0.161884888, -0.261303083, 0.783257186, -0.564055635, -0.924560547, -0.0355224609, 0.37902832, 0.276828977, 0.620709245, 0.73362239, 0, -0, 0, 0, 0, 0, 0, 0.352518262, -0.0597704102, -0.139076611, -0.0732161314, 0.357462759, -0.930933796, -0.448852539, -0.845336914, -0.289306641, -0.890460895, 0.396716019, 0.222390645, 0, 2, 5, 1, 
712.595799, 61, 0.1, 0.1, 0.0203889326, 0.350885912, -0.0199729571, 0.994754757, -1.04345609e-005, 0.10228868, 0.10228868, 1.60190183e-005, -0.994754757, 8.7412648e-006, 1, 1.70023321e-005, 0.994754696, -1.86854818e-005, 0.102289265, 0.102289265, 6.63046806e-006, -0.994754696, 1.79092451e-005, 1, 8.50701345e-006, 0, 0, 0, 0, 0, 0, 0, 0.309316772, -0.100760571, -0.162233838, -0.265822488, 0.782996955, -0.562195827, -0.923950195, -0.0406494141, 0.380126953, 0.274825758, 0.62062687, 0.734440152, 0, -0, 0, 0, 0, 0, 0, 0.353969238, -0.0620334961, -0.139303027, -0.0771334319, 0.35624108, -0.931093477, -0.441040039, -0.849731445, -0.288574219, -0.89406393, 0.388486597, 0.22274209, 0, 2, 5, 1, 
712.596489, 61, 0.1, 0.1, 0.0203889318, 0.350885912, -0.0199737372, 0.994755062, -7.57609112e-006, 0.102285715, 0.102285715, -1.59634447e-005, -0.994755061, 9.16918734e-006, 1, -1.51047915e-005, 0.994755001, 8.73923263e-006, 0.102286299, 0.102286299, -1.53736743e-005, -0.994755001, -7.12087911e-006, 1, -1.61869431e-005, 0, 0, 0, 0, 0, 0, 0, 0.309316772, -0.100760571, -0.162233838, -0.265822488, 0.782996955, -0.562195827, -0.923950195, -0.0406494141, 0.380126953, 0.274825758, 0.62062687, 0.734440152, 0, -0, 0, 0, 0, 0, 0, 0.353969238, -0.0620334961, -0.139303027, -0.0771334319, 0.35624108, -0.931093477, -0.441040039, -0.849731445, -0.288574219, -0.89406393, 0.388486597, 0.22274209, 0, 2, 5, 1, 
712.597192, 61, 0.1, 0.1, 0.0203889333, 0.35088591, -0.0199732571, 0.994755373, 1.74824165e-005, 0.102282684, 0.102282684, 1.12005599e-005, -0.994755373, -1.8536351e-005, 1, 9.35366867e-006, 0.994755311, 8.52650357e-006, 0.102283287, 0.102283287, 1.97195735e-005, -0.994755311, -1.04987675e-005, 1, 1.87440317e-005, 0, 0, 0, 0, 0, 0, 0, 0.309316772, -0.100760571, -0.162233838, -0.265822488, 0.782996955, -0.562195827, -0.923950195, -0.0406494141, 0.380126953, 0.274825758, 0.62062687, 0.734440152, 0, -0, 0, 0, 0, 0, 0, 0.353969238, -0.0620334961, -0.139303027, -0.0771334319, 0.35624108, -0.931093477, -0.441040039, -0.849731445, -0.288574219, -0.89406393, 0.388486597, 0.22274209, 0, 2, 5, 1, 
712.59788, 61, 0.1, 0.1, 0.0203889347, 0.350885912, -0.0199717756, 0.994755681, -1.77093104e-005, 0.102279688, 0.102279688, 1.06681613e-005, -0.994755681, 1.65253009e-005, 1, 1.24235168e-005, 0.994755619, -1.69631277e-005, 0.102280288, 0.102280288, -7.21192784e-006, -0.99475562, 1.76118046e-005, 1, -5.43911216e-006, 0, 0, 0, 0, 0, 0, 0, 0.309316772, -0.100760571, -0.162233838, -0.265822488, 0.782996955, -0.562195827, -0.923950195, -0.0406494141, 0.380126953, 0.274825758, 0.62062687, 0.734440152, 0, -0, 0, 0, 0, 0, 0, 0.353969238, -0.0620334961, -0.139303027, -0.0771334319, 0.35624108, -0.931093477, -0.441040039, -0.849731445, -0.288574219, -0.89406393, 0.388486597, 0.22274209, 0, 2, 5, 1, 
712.598574, 61, 0.1, 0.1, 0.0203889334, 0.350885911, -0.0199698072, 0.994755997, 1.06737908e-005, 0.10227662, 0.102276621, -1.77448588e-005, -0.994755997, -8.80293319e-006, 1, -1.8743484e-005, 0.994755934, 2.04781678e-005, 0.102277232, 0.102277232, -7.64477016e-006, -0.994755934, -1.9588893e-005, 1, -9.69913079e-006, 0, 0, 0, 0, 0, 0, 0, 0.309316772, -0.100760571, -0.162233838, -0.265822488, 0.782996955, -0.562195827, -0.923950195, -0.0406494141, 0.380126953, 0.274825758, 0.62062687, 0.734440152, 0, -0, 0, 0, 0, 0, 0, 0.353969238, -0.0620334961, -0.139303027, -0.0771334319, 0.35624108, -0.931093477, -0.441040039, -0.849731445, -0.288574219, -0.89406393, 0.388486597, 0.22274209, 0, 2, 5, 1, 
712.599265, 61, 0.1, 0.1, 0.0203889363, 0.35088591, -0.0199679852, 0.994756317, 9.36175301e-006, 0.102273501, 0.102273501, 2.18331292e-005, -0.994756317, -1.15456135e-005, 1, 2.0761184e-005, 0.994756253, -1.07540649e-005, 0.102274123, 0.102274124, 2.1177191e-005, -0.994756253, 8.53179465e-006, 1, 2.21660057e-005, 0, 0, 0, 0, 0, 0, 0, 0.309316772, -0.100760571, -0.162233838, -0.265822488, 0.782996955, -0.562195827, -0.923950195, -0.0406494141, 0.380126953, 0.274825758, 0.62062687, 0.734440152, 0, -0, 0, 0, 0, 0, 0, 0.353969238, -0.0620334961, -0.139303027, -0.0771334319, 0.35624108, -0.931093477, -0.441040039, -0.849731445, -0.288574219, -0.89406393, 0.388486597, 0.22274209, 0, 2, 5, 1, 
712.599959, 61, 0.1, 0.1, 0.0203889363, 0.350885912, -0.0199668196, 0.994756648, -2.19338822e-005, 0.102270279, 0.102270278, -1.16324477e-005, -0.994756649, 2.30085288e-005, 1, -9.32827047e-006, 0.994756582, -1.08416685e-005, 0.102270923, 0.102270923, -2.19350069e-005, -0.994756582, 1.30281345e-005, 1, -2.0711205e-005, 0, 0, 0, 0, 0, 0, 0, 0.309316772, -0.100760571, -0.162233838, -0.265822488, 0.782996955, -0.562195827, -0.923950195, -0.0406494141, 0.380126953, 0.274825758, 0.62062687, 0.734440152, 0, -0, 0, 0, 0, 0, 0, 0.353969238, -0.0620334961, -0.139303027, -0.0771334319, 0.35624108, -0.931093477, -0.441040039, -0.849731445, -0.288574219, -0.89406393, 0.388486597, 0.22274209, 0, 2, 5, 1, 
712.60068, 61, 0.1, 0.1, 0.0203889363, 0.35088591, -0.0199663363, 0.994757003, 2.31837687e-005, 0.102266829, 0.102266829, -1.01568767e-005, -0.994757003, -2.20235047e-005, 1, -1.24745547e-005, 0.994756935, 2.22085828e-005, 0.102267492, 0.102267491, 1.11523323e-005, -0.994756935, -2.32326628e-005, 1, 8.82264384e-006, 0, 0, 0, 0, 0, 0, 0, 0.311081567, -0.102327295, -0.16212959, -0.270412285, 0.782939667, -0.560240539, -0.923583984, -0.0467529297, 0.380371094, 0.271597769, 0.620265167, 0.735860752, 0, -0, 0, 0, 0, 0, 0, 0.355393359, -0.0631845215, -0.13951626, -0.0812169768, 0.355600523, -0.930984835, -0.431396484, -0.854492188, -0.288818359, -0.898420895, 0.378231626, 0.222876252, 0, 2, 5, 1, 
712.601376, 61, 0.1, 0.1, 0.0203889391, 0.350885911, -0.0199667616, 0.994757355, -1.15574782e-005, 0.102263405, 0.102263406, 1.95077538e-005, -0.994757355, 9.50195713e-006, 1, 2.05873886e-005, 0.994757284, -2.18360091e-005, 0.102264096, 0.102264096, 8.25574634e-006, -0.994757284, 2.08772627e-005, 1, 1.04455035e-005, 0, 0, 0, 0, 0, 0, 0, 0.311081567, -0.102327295, -0.16212959, -0.270412285, 0.782939667, -0.560240539, -0.923583984, -0.0467529297, 0.380371094, 0.271597769, 0.620265167, 0.735860752, 0, -0, 0, 0, 0, 0, 0, 0.355393359, -0.0631845215, -0.13951626, -0.0812169768, 0.355600523, -0.930984835, -0.431396484, -0.854492188, -0.288818359, -0.898420895, 0.378231626, 0.222876252, 0, 2, 5, 1, 
712.602068, 61, 0.1, 0.1, 0.0203889378, 0.350885912, -0.0199680333, 0.994757711, -8.75957452e-006, 0.102259942, 0.102259942, -2.23409362e-005, -0.994757711, 1.09982371e-005, 1, -2.1328065e-005, 0.99475764, 1.13887602e-005, 0.102260634, 0.102260634, -2.11110718e-005, -0.99475764, -9.17022461e-006, 1, -2.21650218e-005, 0, 0, 0, 0, 0, 0, 0, 0.311081567, -0.102327295, -0.16212959, -0.270412285, 0.782939667, -0.560240539, -0.923583984, -0.0467529297, 0.380371094, 0.271597769, 0.620265167, 0.735860752, 0, -0, 0, 0, 0, 0, 0, 0.355393359, -0.0631845215, -0.13951626, -0.0812169768, 0.355600523, -0.930984835, -0.431396484, -0.854492188, -0.288818359, -0.898420895, 0.378231626, 0.222876252, 0, 2, 5, 1, 
712.602767, 61, 0.1, 0.1, 0.0203889396, 0.350885911, -0.0199697248, 0.994758072, 1.77407211e-005, 0.102256428, 0.102256427, 9.88845229e-006, -0.994758073, -1.86588833e-005, 1, 8.02251498e-006, 0.994758, 7.41533915e-006, 0.102257136, 0.102257136, 1.91796423e-005, -0.994758, -9.33772323e-006, 1, 1.83208313e-005, 0, 0, 0, 0, 0, 0, 0, 0.311081567, -0.102327295, -0.16212959, -0.270412285, 0.782939667, -0.560240539, -0.923583984, -0.0467529297, 0.380371094, 0.271597769, 0.620265167, 0.735860752, 0, -0, 0, 0, 0, 0, 0, 0.355393359, -0.0631845215, -0.13951626, -0.0812169768, 0.355600523, -0.930984835, -0.431396484, -0.854492188, -0.288818359, -0.898420895, 0.378231626, 0.222876252, 0, 2, 5, 1, 
712.603472, 61, 0.1, 0.1, 0.0203889412, 0.350885913, -0.0199712122, 0.994758442, -2.01274844e-005, 0.102252829, 0.102252829, 7.33522971e-006, -0.994758443, 1.9271937e-005, 1, 9.3548739e-006, 0.99475837, -1.90788473e-005, 0.102253529, 0.102253529, -1.08972991e-005, -0.99475837, 2.00931303e-005, 1, -8.88930002e-006, 0, 0, 0, 0, 0, 0, 0, 0.311081567, -0.102327295, -0.16212959, -0.270412285, 0.782939667, -0.560240539, -0.923583984, -0.0467529297, 0.380371094, 0.271597769, 0.620265167, 0.735860752, 0, -0, 0, 0, 0, 0, 0, 0.356532959, -0.0643074707, -0.139912451, -0.0863100139, 0.355483851, -0.930626827, -0.42175293, -0.85925293, -0.2890625, -0.902515733, 0.367663491, 0.224141307, 0, 2, 5, 1, 
712.60416, 61, 0.1, 0.1, 0.0203889405, 0.350885912, -0.0199720858, 0.9947588, 8.90369261e-006, 0.102249353, 0.102249353, -1.67480362e-005, -0.9947588, -7.14455071e-006, 1, -1.75706532e-005, 0.99475873, 1.73068311e-005, 0.102250034, 0.102250034, -7.65826658e-006, -0.99475873, -1.64330633e-005, 1, -9.38775161e-006, 0, 0, 0, 0, 0, 0, 0, 0.311081567, -0.102327295, -0.16212959, -0.270412285, 0.782939667, -0.560240539, -0.923583984, -0.0467529297, 0.380371094, 0.271597769, 0.620265167, 0.735860752, 0, -0, 0, 0, 0, 0, 0, 0.356532959, -0.0643074707, -0.139912451, -0.0863100139, 0.355483851, -0.930626827, -0.42175293, -0.85925293, -0.2890625, -0.902515733, 0.367663491, 0.224141307, 0, 2, 5, 1, 
712.604853, 61, 0.1, 0.1, 0.0203889431, 0.350885912, -0.0199722787, 0.994759157, 7.73227238e-006, 0.102245877, 0.102245877, 1.86550307e-005, -0.994759157, -9.59914873e-006, 1, 1.77666697e-005, 0.994759085, -1.01885282e-005, 0.102246578, 0.102246578, 1.77329518e-005, -0.994759085, 8.3219974e-006, 1, 1.8681757e-005, 0, 0, 0, 0, 0, 0, 0, 0.311081567, -0.102327295, -0.16212959, -0.270412285, 0.782939667, -0.560240539, -0.923583984, -0.0467529297, 0.380371094, 0.271597769, 0.620265167, 0.735860752, 0, -0, 0, 0, 0, 0, 0, 0.356532959, -0.0643074707, -0.139912451, -0.0863100139, 0.355483851, -0.930626827, -0.42175293, -0.85925293, -0.2890625, -0.902515733, 0.367663491, 0.224141307, 0, 2, 5, 1, 
712.605543, 61, 0.1, 0.1, 0.0203889431, 0.350885913, -0.0199717315, 0.994759511, -1.73180578e-005, 0.102242437, 0.102242436, -9.09830013e-006, -0.994759511, 1.81575351e-005, 1, -7.27998016e-006, 0.994759441, -8.12339321e-006, 0.102243112, 0.102243112, -1.79433341e-005, -0.994759441, 9.91540442e-006, 1, -1.701874e-005, 0, 0, 0, 0, 0, 0, 0, 0.311081567, -0.102327295, -0.16212959, -0.270412285, 0.782939667, -0.560240539, -0.923583984, -0.0467529297, 0.380371094, 0.271597769, 0.620265167, 0.735860752, 0, -0, 0, 0, 0, 0, 0, 0.356532959, -0.0643074707, -0.139912451, -0.0863100139, 0.355483851, -0.930626827, -0.42175293, -0.85925293, -0.2890625, -0.902515733, 0.367663491, 0.224141307, 0, 2, 5, 1, 
712.606257, 61, 0.1, 0.1, 0.020388943, 0.350885911, -0.0199703924, 0.994759876, 2.06541e-005, 0.102238878, 0.102238878, -6.78138773e-006, -0.994759876, -1.98525485e-005, 1, -8.85750442e-006, 0.994759806, 1.99018555e-005, 0.102239563, 0.102239563, 1.21956138e-005, -0.994759806, -2.10444401e-005, 1, 1.00969494e-005, 0, 0, 0, 0, 0, 0, 0, 0.312622388, -0.103879736, -0.162214038, -0.275046265, 0.783186794, -0.557625126, -0.922973633, -0.0529785156, 0.380981445, 0.268871145, 0.619484475, 0.737547574, 0, -0, 0, 0, 0, 0, 0, 0.356532959, -0.0643074707, -0.139912451, -0.0863100139, 0.355483851, -0.930626827, -0.42175293, -0.85925293, -0.2890625, -0.902515733, 0.367663491, 0.224141307, 0, 2, 5, 1, 
712.606943, 61, 0.1, 0.1, 0.0203889454, 0.350885912, -0.0199690489, 0.994760229, -9.22373985e-006, 0.102235447, 0.102235447, 2.0378208e-005, -0.994760229, 7.09203437e-006, 1, 2.1214424e-005, 0.994760158, -1.90015237e-005, 0.102236138, 0.102236138, 1.02977214e-005, -0.994760158, 1.78491595e-005, 1, 1.21864053e-005, 0, 0, 0, 0, 0, 0, 0, 0.312622388, -0.103879736, -0.162214038, -0.275046265, 0.783186794, -0.557625126, -0.922973633, -0.0529785156, 0.380981445, 0.268871145, 0.619484475, 0.737547574, 0, -0, 0, 0, 0, 0, 0, 0.356532959, -0.0643074707, -0.139912451, -0.0863100139, 0.355483851, -0.930626827, -0.42175293, -0.85925293, -0.2890625, -0.902515733, 0.367663491, 0.224141307, 0, 2, 5, 1, 
712.607636, 61, 0.1, 0.1, 0.0203889439, 0.350885912, -0.0199680255, 0.994760587, -8.48098038e-006, 0.102231963, 0.102231963, -2.14672255e-005, -0.994760587, 1.06311816e-005, 1, -2.04877226e-005, 0.994760516, 1.18431699e-005, 0.102232656, 0.102232656, -2.03224988e-005, -0.994760516, -9.70349472e-006, 1, -2.14267781e-005, 0, 0, 0, 0, 0, 0, 0, 0.312622388, -0.103879736, -0.162214038, -0.275046265, 0.783186794, -0.557625126, -0.922973633, -0.0529785156, 0.380981445, 0.268871145, 0.619484475, 0.737547574, 0, -0, 0, 0, 0, 0, 0, 0.356532959, -0.0643074707, -0.139912451, -0.0863100139, 0.355483851, -0.930626827, -0.42175293, -0.85925293, -0.2890625, -0.902515733, 0.367663491, 0.224141307, 0, 2, 5, 1, 
712.608357, 61, 0.1, 0.1, 0.0203889452, 0.35088591, -0.0199674027, 0.994760966, 2.22444481e-005, 0.102228279, 0.102228278, 1.02004073e-005, -0.994760966, -2.31706787e-005, 1, 7.87295539e-006, 0.994760886, 1.05455965e-005, 0.102229055, 0.102229055, 2.16698721e-005, -0.994760886, -1.27056375e-005, 1, 2.04782748e-005, 0, 0, 0, 0, 0, 0, 0, 0.314397314, -0.105447803, -0.16209624, -0.279458207, 0.78311041, -0.555409607, -0.922485352, -0.0587158203, 0.381347656, 0.265985762, 0.619002205, 0.73905055, 0, -0, 0, 0, 0, 0, 0, 0.356532959, -0.0643074707, -0.139912451, -0.0902911135, 0.354236653, -0.930703386, -0.414306641, -0.86315918, -0.288330078, -0.905511761, 0.359676871, 0.224869717, 0, 2, 5, 1, 
712.609056, 61, 0.1, 0.1, 0.0203889466, 0.350885913, -0.0199672739, 0.994761337, -2.1916847e-005, 0.102224661, 0.102224661, 7.04163079e-006, -0.994761338, 2.10822037e-005, 1, 9.24518431e-006, 0.994761264, -2.06051803e-005, 0.102225372, 0.102225372, -1.34425663e-005, -0.994761264, 2.18714065e-005, 1, -1.12657721e-005, 0, 0, 0, 0, 0, 0, 0, 0.314397314, -0.105447803, -0.16209624, -0.279458207, 0.78311041, -0.555409607, -0.922485352, -0.0587158203, 0.381347656, 0.265985762, 0.619002205, 0.73905055, 0, -0, 0, 0, 0, 0, 0, 0.357769238, -0.0661206543, -0.140348682, -0.0902911135, 0.354236653, -0.930703386, -0.414306641, -0.86315918, -0.288330078, -0.905511761, 0.359676871, 0.224869717, 0, 2, 5, 1, 
712.609751, 61, 0.1, 0.1, 0.0203889455, 0.350885913, -0.0199678605, 0.994761711, 1.02676916e-005, 0.102221027, 0.102221028, -2.17861495e-005, -0.994761711, -7.98690389e-006, 1, -2.27216014e-005, 0.994761636, 2.03890541e-005, 0.102221752, 0.102221752, -1.10088146e-005, -0.994761636, -1.91569085e-005, 1, -1.30353513e-005, 0, 0, 0, 0, 0, 0, 0, 0.314397314, -0.105447803, -0.16209624, -0.279458207, 0.78311041, -0.555409607, -0.922485352, -0.0587158203, 0.381347656, 0.265985762, 0.619002205, 0.73905055, 0, -0, 0, 0, 0, 0, 0, 0.357769238, -0.0661206543, -0.140348682, -0.0902911135, 0.354236653, -0.930703386, -0.414306641, -0.86315918, -0.288330078, -0.905511761, 0.359676871, 0.224869717, 0, 2, 5, 1, 
712.610453, 61, 0.1, 0.1, 0.0203889487, 0.350885912, -0.0199688833, 0.994762091, 6.39422496e-006, 0.102217326, 0.102217325, 1.98501108e-005, -0.994762091, -8.38975784e-006, 1, 1.90925372e-005, 0.994762017, -1.31895791e-005, 0.102218052, 0.102218053, 1.85754188e-005, -0.994762016, 1.12217492e-005, 1, 1.98263341e-005, 0, 0, 0, 0, 0, 0, 0, 0.314397314, -0.105447803, -0.16209624, -0.279458207, 0.78311041, -0.555409607, -0.922485352, -0.0587158203, 0.381347656, 0.265985762, 0.619002205, 0.73905055, 0, -0, 0, 0, 0, 0, 0, 0.357769238, -0.0661206543, -0.140348682, -0.0902911135, 0.354236653, -0.930703386, -0.414306641, -0.86315918, -0.288330078, -0.905511761, 0.359676871, 0.224869717, 0, 2, 5, 1, 
712.611151, 61, 0.1, 0.1, 0.0203889488, 0.350885914, -0.0199700139, 0.994762469, -2.00733069e-005, 0.102213648, 0.102213647, -1.08354604e-005, -0.994762469, 2.10757042e-005, 1, -8.72694346e-006, 0.994762394, -9.97411927e-006, 0.102214379, 0.102214379, -2.02963064e-005, -0.994762394, 1.19964531e-005, 1, -1.91705039e-005, 0, 0, 0, 0, 0, 0, 0, 0.314397314, -0.105447803, -0.16209624, -0.279458207, 0.78311041, -0.555409607, -0.922485352, -0.0587158203, 0.381347656, 0.265985762, 0.619002205, 0.73905055, 0, -0, 0, 0, 0, 0, 0, 0.357769238, -0.0661206543, -0.140348682, -0.0902911135, 0.354236653, -0.930703386, -0.414306641, -0.86315918, -0.288330078, -0.905511761, 0.359676871, 0.224869717, 0, 2, 5, 1, 
712.611844, 61, 0.1, 0.1, 0.0203889492, 0.350885912, -0.019970969, 0.994762844, 1.79174839e-005, 0.102210004, 0.102210004, -7.29350819e-006, -0.994762844, -1.70781777e-005, 1, -9.08665705e-006, 0.994762769, 1.67226508e-005, 0.10221073, 0.102210729, 1.09753138e-005, -0.994762769, -1.77568652e-005, 1, 9.20859921e-006, 0, 0, 0, 0, 0, 0, 0, 0.314397314, -0.105447803, -0.16209624, -0.279458207, 0.78311041, -0.555409607, -0.922485352, -0.0587158203, 0.381347656, 0.265985762, 0.619002205, 0.73905055, 0, -0, 0, 0, 0, 0, 0, 0.357769238, -0.0661206543, -0.140348682, -0.0902911135, 0.354236653, -0.930703386, -0.414306641, -0.86315918, -0.288330078, -0.905511761, 0.359676871, 0.224869717, 0, 2, 5, 1, 
712.612537, 61, 0.1, 0.1, 0.0203889518, 0.350885913, -0.0199715035, 0.994763215, -1.03742003e-005, 0.102206391, 0.102206391, 1.83465433e-005, -0.994763215, 8.44473887e-006, 1, 1.9310776e-005, 0.994763142, -1.93695856e-005, 0.102207102, 0.102207102, 8.83420422e-006, -0.994763142, 1.83652314e-005, 1, 1.076765e-005, 0, 0, 0, 0, 0, 0, 0, 0.314397314, -0.105447803, -0.16209624, -0.279458207, 0.78311041, -0.555409607, -0.922485352, -0.0587158203, 0.381347656, 0.265985762, 0.619002205, 0.73905055, 0, -0, 0, 0, 0, 0, 0, 0.357769238, -0.0661206543, -0.140348682, -0.0902911135, 0.354236653, -0.930703386, -0.414306641, -0.86315918, -0.288330078, -0.905511761, 0.359676871, 0.224869717, 0, 2, 5, 1, 
712.613276, 61, 0.1, 0.1, 0.0203889506, 0.350885914, -0.0199711944, 0.994763609, -9.7912643e-006, 0.102202556, 0.102202556, -2.00422502e-005, -0.994763609, 1.17883626e-005, 1, -1.89366089e-005, 0.994763528, 1.00566672e-005, 0.102203342, 0.102203342, -1.93213687e-005, -0.994763528, -8.02929733e-006, 1, -2.02480179e-005, 0, 0, 0, 0, 0, 0, 0, 0.315593213, -0.107451489, -0.161784985, -0.282175092, 0.783256064, -0.553752742, -0.922119141, -0.0623779297, 0.381591797, 0.264438603, 0.618361176, 0.740147639, 0, -0, 0, 0, 0, 0, 0, 0.357769238, -0.0661206543, -0.140348682, -0.0944318943, 0.352804254, -0.930792705, -0.407592773, -0.866699219, -0.287231445, -0.908156343, 0.3522845, 0.225719528, 0, 2, 5, 1, 
712.613972, 61, 0.1, 0.1, 0.0203889521, 0.350885912, -0.0199701937, 0.994763979, 1.89201458e-005, 0.102198955, 0.102198955, 9.9476897e-006, -0.994763979, -1.9837723e-005, 1, 7.96198426e-006, 0.994763906, 8.8563827e-006, 0.102199665, 0.102199665, 1.92282001e-005, -0.994763906, -1.07751255e-005, 1, 1.82224001e-005, 0, 0, 0, 0, 0, 0, 0, 0.315593213, -0.107451489, -0.161784985, -0.282175092, 0.783256064, -0.553752742, -0.922119141, -0.0623779297, 0.381591797, 0.264438603, 0.618361176, 0.740147639, 0, -0, 0, 0, 0, 0, 0, 0.358332617, -0.0679335937, -0.140559961, -0.0944318943, 0.352804254, -0.930792705, -0.407592773, -0.866699219, -0.287231445, -0.908156343, 0.3522845, 0.225719528, 0, 2, 5, 1, 
712.614665, 61, 0.1, 0.1, 0.0203889534, 0.350885915, -0.0199691043, 0.994764347, -1.95459194e-005, 0.102195366, 0.102195366, 9.33524062e-006, -0.994764348, 1.84895654e-005, 1, 1.12838669e-005, 0.994764274, -1.88044279e-005, 0.102196077, 0.102196077, -1.03841958e-005, -0.994764274, 1.97671971e-005, 1, -8.40808821e-006, 0, 0, 0, 0, 0, 0, 0, 0.315593213, -0.107451489, -0.161784985, -0.282175092, 0.783256064, -0.553752742, -0.922119141, -0.0623779297, 0.381591797, 0.264438603, 0.618361176, 0.740147639, 0, -0, 0, 0, 0, 0, 0, 0.358332617, -0.0679335937, -0.140559961, -0.0944318943, 0.352804254, -0.930792705, -0.407592773, -0.866699219, -0.287231445, -0.908156343, 0.3522845, 0.225719528, 0, 2, 5, 1, 
712.615365, 61, 0.1, 0.1, 0.0203889518, 0.350885914, -0.0199682313, 0.994764721, 1.23895354e-005, 0.102191733, 0.102191733, -1.92535582e-005, -0.994764721, -1.03571183e-005, 1, -2.04188685e-005, 0.994764646, 2.25364494e-005, 0.102192459, 0.102192459, -8.60058971e-006, -0.994764646, -2.15395477e-005, 1, -1.08586178e-005, 0, 0, 0, 0, 0, 0, 0, 0.315593213, -0.107451489, -0.161784985, -0.282175092, 0.783256064, -0.553752742, -0.922119141, -0.0623779297, 0.381591797, 0.264438603, 0.618361176, 0.740147639, 0, -0, 0, 0, 0, 0, 0, 0.358332617, -0.0679335937, -0.140559961, -0.0944318943, 0.352804254, -0.930792705, -0.407592773, -0.866699219, -0.287231445, -0.908156343, 0.3522845, 0.225719528, 0, 2, 5, 1, 
712.616073, 61, 0.1, 0.1, 0.0203889542, 0.350885913, -0.0199677497, 0.994765102, 1.11205286e-005, 0.102188026, 0.102188026, 2.35550015e-005, -0.994765101, -1.34693529e-005, 1, 2.22953086e-005, 0.994765028, -8.99837056e-006, 0.102188742, 0.102188742, 2.26076182e-005, -0.994765028, 6.64102028e-006, 1, 2.34088001e-005, 0, 0, 0, 0, 0, 0, 0, 0.315593213, -0.107451489, -0.161784985, -0.282175092, 0.783256064, -0.553752742, -0.922119141, -0.0623779297, 0.381591797, 0.264438603, 0.618361176, 0.740147639, 0, -0, 0, 0, 0, 0, 0, 0.359236914, -0.0699746582, -0.140381885, -0.0967006118, 0.351224933, -0.931188992, -0.400390625, -0.870239258, -0.286621094, -0.911095135, 0.345122173, 0.224818677, 0, 2, 5, 1, 
712.616766, 61, 0.1, 0.1, 0.0203889537, 0.350885914, -0.0199678007, 0.994765477, -1.88524257e-005, 0.102184369, 0.102184369, -9.73355351e-006, -0.994765477, 1.97483593e-005, 1, -7.75617977e-006, 0.994765402, -7.81183755e-006, 0.102185103, 0.102185102, -1.96521833e-005, -0.994765402, 9.77910608e-006, 1, -1.87510586e-005, 0, 0, 0, 0, 0, 0, 0, 0.315593213, -0.107451489, -0.161784985, -0.282175092, 0.783256064, -0.553752742, -0.922119141, -0.0623779297, 0.381591797, 0.264438603, 0.618361176, 0.740147639, 0, -0, 0, 0, 0, 0, 0, 0.359236914, -0.0699746582, -0.140381885, -0.0967006118, 0.351224933, -0.931188992, -0.400390625, -0.870239258, -0.286621094, -0.911095135, 0.345122173, 0.224818677, 0, 2, 5, 1, 
712.617456, 61, 0.1, 0.1, 0.0203889536, 0.350885912, -0.0199684341, 0.994765853, 2.07165031e-005, 0.102180711, 0.102180712, -7.64438732e-006, -0.994765853, -1.98269609e-005, 1, -9.72120249e-006, 0.994765778, 1.97503565e-005, 0.102181437, 0.102181437, 1.23135214e-005, -0.994765778, -2.09051921e-005, 1, 1.02309499e-005, 0, 0, 0, 0, 0, 0, 0, 0.315593213, -0.107451489, -0.161784985, -0.282175092, 0.783256064, -0.553752742, -0.922119141, -0.0623779297, 0.381591797, 0.264438603, 0.618361176, 0.740147639, 0, -0, 0, 0, 0, 0, 0, 0.359236914, -0.0699746582, -0.140381885, -0.0967006118, 0.351224933, -0.931188992, -0.400390625, -0.870239258, -0.286621094, -0.911095135, 0.345122173, 0.224818677, 0, 2, 5, 1, 
712.618161, 61, 0.1, 0.1, 0.0203889562, 0.350885913, -0.0199694296, 0.994766237, -1.09170235e-005, 0.102176967, 0.102176967, 1.93908539e-005, -0.994766237, 8.87858778e-006, 1, 2.04048351e-005, 0.994766155, -2.10541945e-005, 0.102177765, 0.102177766, 8.42221215e-006, -0.994766156, 2.00834373e-005, 1, 1.05294021e-005, 0, 0, 0, 0, 0, 0, 0, 0.315593213, -0.107451489, -0.161784985, -0.284498073, 0.784353154, -0.551156425, -0.921630859, -0.0655517578, 0.382324219, 0.263817792, 0.616704311, 0.741713894, 0, -0, 0, 0, 0, 0, 0, 0.359236914, -0.0699746582, -0.140381885, -0.0967006118, 0.351224933, -0.931188992, -0.400390625, -0.870239258, -0.286621094, -0.911095135, 0.345122173, 0.224818677, 0, 2, 5, 1, 
712.61885, 61, 0.1, 0.1, 0.020388955, 0.350885914, -0.0199703589, 0.994766613, -8.87190312e-006, 0.10217331, 0.10217331, -1.9639286e-005, -0.994766613, 1.08320839e-005, 1, -1.86300344e-005, 0.994766537, 1.00996473e-005, 0.102174048, 0.102174048, -1.83504343e-005, -0.994766537, -8.17185305e-006, 1, -1.92863198e-005, 0, 0, 0, 0, 0, 0, 0, 0.316812061, -0.109409644, -0.161647534, -0.284498073, 0.784353154, -0.551156425, -0.921630859, -0.0655517578, 0.382324219, 0.263817792, 0.616704311, 0.741713894, 0, -0, 0, 0, 0, 0, 0, 0.359236914, -0.0699746582, -0.140381885, -0.0967006118, 0.351224933, -0.931188992, -0.400390625, -0.870239258, -0.286621094, -0.911095135, 0.345122173, 0.224818677, 0, 2, 5, 1, 
712.619542, 61, 0.1, 0.1, 0.0203889567, 0.350885912, -0.019971063, 0.994766988, 1.64956911e-005, 0.102169663, 0.102169663, 9.15895257e-006, -0.994766988, -1.7345136e-005, 1, 7.42566447e-006, 0.994766914, 6.8199403e-006, 0.102170386, 0.102170385, 1.82581291e-005, -0.994766913, -8.64969105e-006, 1, 1.74657868e-005, 0, 0, 0, 0, 0, 0, 0, 0.316812061, -0.109409644, -0.161647534, -0.284498073, 0.784353154, -0.551156425, -0.921630859, -0.0655517578, 0.382324219, 0.263817792, 0.616704311, 0.741713894, 0, -0, 0, 0, 0, 0, 0, 0.359236914, -0.0699746582, -0.140381885, -0.0967006118, 0.351224933, -0.931188992, -0.400390625, -0.870239258, -0.286621094, -0.911095135, 0.345122173, 0.224818677, 0, 2, 5, 1, 
712.620237, 61, 0.1, 0.1, 0.0203889582, 0.350885914, -0.0199713306, 0.994767361, -1.99195832e-005, 0.102166024, 0.102166025, 6.32412865e-006, -0.994767361, 1.91692402e-005, 1, 8.3261414e-006, 0.994767288, -1.90796786e-005, 0.102166743, 0.102166742, -1.1749418e-005, -0.994767288, 2.01802399e-005, 1, -9.7386281e-006, 0, 0, 0, 0, 0, 0, 0, 0.316812061, -0.109409644, -0.161647534, -0.284498073, 0.784353154, -0.551156425, -0.921630859, -0.0655517578, 0.382324219, 0.263817792, 0.616704311, 0.741713894, 0, -0, 0, 0, 0, 0, 0, 0.359236914, -0.0699746582, -0.140381885, -0.0967006118, 0.351224933, -0.931188992, -0.400390625, -0.870239258, -0.286621094, -0.911095135, 0.345122173, 0.224818677, 0, 2, 5, 1, 
712.620964, 61, 0.1, 0.1, 0.0203889568, 0.350885914, -0.0199708423, 0.99476775, 1.10564244e-005, 0.102162244, 0.102162244, -2.16011484e-005, -0.994767749, -8.79175263e-006, 1, -2.26176749e-005, 0.994767675, 2.04363811e-005, 0.102162967, 0.102162967, -1.19712447e-005, -0.994767675, -1.91064334e-005, 1, -1.39964486e-005, 0, 0, 0, 0, 0, 0, 0, 0.318512061, -0.111625708, -0.161348486, -0.286091659, 0.784720848, -0.549740694, -0.921508789, -0.0682373047, 0.382080078, 0.262339904, 0.615904522, 0.742849176, 0, -0, 0, 0, 0, 0, 0, 0.360415967, -0.0720501465, -0.139799072, -0.0982536795, 0.348802365, -0.932007087, -0.393798828, -0.873657227, -0.285522461, -0.913835965, 0.3389759, 0.22325978, 0, 2, 5, 1, 
712.621651, 61, 0.1, 0.1, 0.0203889591, 0.350885914, -0.0199699791, 0.994768116, 9.33636844e-006, 0.102158678, 0.102158678, 1.75748475e-005, -0.994768116, -1.10829448e-005, 1, 1.65291069e-005, 0.994768044, -9.27995613e-006, 0.10215938, 0.10215938, 1.64218683e-005, -0.994768044, 7.55375593e-006, 1, 1.72839843e-005, 0, 0, 0, 0, 0, 0, 0, 0.318512061, -0.111625708, -0.161348486, -0.286091659, 0.784720848, -0.549740694, -0.921508789, -0.0682373047, 0.382080078, 0.262339904, 0.615904522, 0.742849176, 0, -0, 0, 0, 0, 0, 0, 0.360415967, -0.0720501465, -0.139799072, -0.0982536795, 0.348802365, -0.932007087, -0.393798828, -0.873657227, -0.285522461, -0.913835965, 0.3389759, 0.22325978, 0, 2, 5, 1, 
712.622346, 61, 0.1, 0.1, 0.0203889588, 0.350885916, -0.019969099, 0.994768486, -1.90275139e-005, 0.102155072, 0.102155072, -1.13651537e-005, -0.994768486, 2.00889793e-005, 1, -9.36193966e-006, 0.994768412, -8.51980406e-006, 0.102155792, 0.102155792, -2.15846569e-005, -0.994768412, 1.06802297e-005, 1, -2.06013876e-005, 0, 0, 0, 0, 0, 0, 0, 0.318512061, -0.111625708, -0.161348486, -0.286091659, 0.784720848, -0.549740694, -0.921508789, -0.0682373047, 0.382080078, 0.262339904, 0.615904522, 0.742849176, 0, -0, 0, 0, 0, 0, 0, 0.360415967, -0.0720501465, -0.139799072, -0.0982536795, 0.348802365, -0.932007087, -0.393798828, -0.873657227, -0.285522461, -0.913835965, 0.3389759, 0.22325978, 0, 2, 5, 1, 
