time, trialNum, realDorsalTactorPos, realVentralTactorPos, boxPosX, boxPosY, boxPosZ, boxLocalRot_11, boxLocalRot_12, boxLocalRot_13, boxLocalRot_21, boxLocalRot_22, boxLocalRot_23, boxLocalRot_31, boxLocalRot_32, boxLocalRot_33, boxGlobalRot_11, boxGlobalRot_12, boxGlobalRot_13, boxGlobalRot_21, boxGlobalRot_22, boxGlobalRot_23, boxGlobalRot_31, boxGlobalRot_32, boxGlobalRot_33, indexForceX, indexForceY, indexForceZ, indexForceGlobalX, indexForceGlobalY, indexForceGlobalZ, indexContact, indexPosX, indexPosY, indexPosZ, indexRot_11, indexRot_12, indexRot_13, indexRot_21, indexRot_22, indexRot_23, indexRot_31, indexRot_32, indexRot_33, thumbForceX, thumbForceY, thumbForceZ, thumbForceGlobalX, thumbForceGlobalY, thumbForceGlobalZ, thumbContact, thumbPosX, thumbPosY, thumbPosZ, thumbRot_11, thumbRot_12, thumbRot_13, thumbRot_21, thumbRot_22, thumbRot_23, thumbRot_31, thumbRot_32, thumbRot_33, manipForceTooHigh, cceExpType, mapping, trialSuccess, 
341.565068, 23, 0.1, 0.1, -0.0027298827, 0.377403748, -0.0199675872, 0.955804841, 0.294001881, 4.24148434e-006, 0.294001881, -0.955804841, 1.41193505e-005, 8.20514686e-006, -1.22483392e-005, -1, 0.955805039, 0.294001237, 1.38386967e-005, 0.294001237, -0.955805039, 1.06990036e-006, 1.35416481e-005, 3.0459778e-006, -1, 0, 0, 0, 0, 0, 0, 0, 0.281964673, -0.0933220215, -0.18813374, -0.431953079, 0.627513955, -0.64762788, -0.88659668, -0.163818359, 0.432495117, 0.165434315, 0.7610586, 0.627345532, 0, -0, 0, 0, 0, 0, 0, 0.322217529, -0.0366597656, -0.15484209, -0.264796285, 0.457043695, -0.849089429, -0.00231933593, -0.880737305, -0.473388672, -0.964235345, -0.123311595, 0.234306888, 0, 2, 1, 1, 
341.594601, 23, 0.1, 0.1, -0.00272989791, 0.377403742, -0.0199669769, 0.955814043, 0.293971961, 1.83387565e-005, 0.293971961, -0.955814044, 1.96842985e-006, 1.81071042e-005, 3.50962732e-006, -1, 0.955814015, 0.293972055, 7.79003963e-006, 0.293972055, -0.955814015, 6.71881493e-006, 9.42097288e-006, -4.13188351e-006, -1, 0, 0, 0, 0, 0, 0, 0, 0.296986353, -0.112971338, -0.186868311, -0.47210425, 0.609929085, -0.636454806, -0.872314453, -0.218994141, 0.437133789, 0.127300539, 0.761619115, 0.635463246, 0, 0, 0, 0, 0, 0, 0, 0.333918701, -0.0554290527, -0.15126543, -0.293413147, 0.444664694, -0.846207507, 0.0479736328, -0.877075195, -0.477661133, -0.954723342, -0.180706099, 0.236082703, 0, 2, 1, 1, 
341.595653, 23, 0.1, 0.1, -0.00272989712, 0.377403742, -0.0199694453, 0.955814166, 0.293971563, 1.76359271e-005, 0.293971563, -0.955814166, 7.93514425e-006, 1.91893757e-005, -2.40006223e-006, -1, 0.955814146, 0.293971628, -3.37218304e-006, 0.293971628, -0.955814146, -6.56981001e-006, -5.154518e-006, 5.28819121e-006, -1, 0, 0, 0, 0, 0, 0, 0, 0.296986353, -0.112971338, -0.186868311, -0.47210425, 0.609929085, -0.636454806, -0.872314453, -0.218994141, 0.437133789, 0.127300539, 0.761619115, 0.635463246, 0, 0, 0, 0, 0, 0, 0, 0.333918701, -0.0554290527, -0.15126543, -0.293413147, 0.444664694, -0.846207507, 0.0479736328, -0.877075195, -0.477661133, -0.954723342, -0.180706099, 0.236082703, 0, 2, 1, 1, 
341.596729, 23, 0.1, 0.1, -0.00272989582, 0.377403741, -0.0199646556, 0.955814277, 0.293971203, -3.57645646e-006, 0.293971203, -0.955814277, -7.23339738e-006, -5.54483868e-006, 5.86240928e-006, -1, 0.955814254, 0.293971275, -1.60181268e-005, 0.293971275, -0.955814255, -2.08559517e-006, -1.5923459e-005, -2.71542759e-006, -1, 0, 0, 0, 0, 0, 0, 0, 0.299041772, -0.11533938, -0.18575625, -0.475229263, 0.607257506, -0.636581364, -0.871337891, -0.224853516, 0.435913086, 0.121615896, 0.76191866, 0.636224843, 0, 0, 0, 0, 0, 0, 0, 0.335522754, -0.0570756348, -0.150386133, -0.296639584, 0.442740125, -0.846105428, 0.0560302734, -0.876220703, -0.478271484, -0.953221313, -0.189254883, 0.23511149, 0, 2, 1, 1, 
341.597766, 23, 0.1, 0.1, -0.00272989398, 0.377403742, -0.019955927, 0.95581436, 0.293970931, -2.54519542e-005, 0.293970931, -0.95581436, -1.94852898e-006, -2.49001542e-005, -5.61970271e-006, -1, 0.955814341, 0.293970993, -1.33094966e-005, 0.293970993, -0.955814342, -9.1994141e-006, -1.54257686e-005, 4.88032601e-006, -1, 0, 0, 0, 0, 0, 0, 0, 0.299041772, -0.11533938, -0.18575625, -0.475229263, 0.607257506, -0.636581364, -0.871337891, -0.224853516, 0.435913086, 0.121615896, 0.76191866, 0.636224843, 0, 0, 0, 0, 0, 0, 0, 0.335522754, -0.0570756348, -0.150386133, -0.296639584, 0.442740125, -0.846105428, 0.0560302734, -0.876220703, -0.478271484, -0.953221313, -0.189254883, 0.23511149, 0, 2, 1, 1, 
341.598823, 23, 0.1, 0.1, -0.00272989209, 0.377403742, -0.0199473604, 0.955814429, 0.293970707, -2.46260767e-005, 0.293970706, -0.955814429, -1.37620401e-005, -2.75835961e-005, 5.9146113e-006, -1, 0.955814424, 0.293970725, 1.24811538e-005, 0.293970724, -0.955814424, 1.19719425e-005, 1.54490674e-005, -7.7738615e-006, -1, 0, 0, 0, 0, 0, 0, 0, 0.299041772, -0.11533938, -0.18575625, -0.480599753, 0.605879968, -0.633965951, -0.868896484, -0.231567383, 0.43737793, 0.118140781, 0.761024513, 0.637911665, 0, 0, 0, 0, 0, 0, 0, 0.335522754, -0.0570756348, -0.150386133, -0.296639584, 0.442740125, -0.846105428, 0.0560302734, -0.876220703, -0.478271484, -0.953221313, -0.189254883, 0.23511149, 0, 2, 1, 1, 
341.599876, 23, 0.1, 0.1, -0.00272989255, 0.377403743, -0.0199421391, 0.9558145, 0.293970479, 1.0071101e-005, 0.293970479, -0.9558145, 1.22043837e-005, 1.32138329e-005, -8.70452053e-006, -1, 0.955814483, 0.29397053, 2.86272638e-005, 0.29397053, -0.955814484, 3.55990175e-006, 2.84088596e-005, 5.01296625e-006, -1, 0, 0, 0, 0, 0, 0, 0, 0.300319434, -0.11742168, -0.185617456, -0.480599753, 0.605879968, -0.633965951, -0.868896484, -0.231567383, 0.43737793, 0.118140781, 0.761024513, 0.637911665, 0, 0, 0, 0, 0, 0, 0, 0.33659585, -0.058907373, -0.150081348, -0.301252478, 0.441448084, -0.845063853, 0.0632324219, -0.875, -0.479736328, -0.951374037, -0.197982672, 0.235711935, 0, 2, 1, 1, 
341.60091, 23, 0.1, 0.1, -0.00272989431, 0.377403742, -0.0199429326, 0.955814545, 0.29397033, 3.23505633e-005, 0.29397033, -0.955814545, 4.00030575e-006, 3.20971101e-005, 5.68655534e-006, -0.999999999, 0.955814532, 0.293970372, 1.55153688e-005, 0.293970372, -0.955814532, 1.23534067e-005, 1.84613505e-005, -7.24650693e-006, -1, 0, 0, 0, 0, 0, 0, 0, 0.300319434, -0.11742168, -0.185617456, -0.480599753, 0.605879968, -0.633965951, -0.868896484, -0.231567383, 0.43737793, 0.118140781, 0.761024513, 0.637911665, 0, 0, 0, 0, 0, 0, 0, 0.33659585, -0.058907373, -0.150081348, -0.301252478, 0.441448084, -0.845063853, 0.0632324219, -0.875, -0.479736328, -0.951374037, -0.197982672, 0.235711935, 0, 2, 1, 1, 
341.601941, 23, 0.1, 0.1, -0.00272989563, 0.377403742, -0.0199486251, 0.955814584, 0.293970204, 1.69845324e-005, 0.293970203, -0.955814584, 1.14698166e-005, 1.96058481e-005, -5.97007158e-006, -1, 0.955814583, 0.293970206, -1.45091033e-005, 0.293970206, -0.955814583, -1.01856565e-005, -1.68622921e-005, 5.47035489e-006, -1, 0, 0, 0, 0, 0, 0, 0, 0.300319434, -0.11742168, -0.185617456, -0.480599753, 0.605879968, -0.633965951, -0.868896484, -0.231567383, 0.43737793, 0.118140781, 0.761024513, 0.637911665, 0, 0, 0, 0, 0, 0, 0, 0.33659585, -0.058907373, -0.150081348, -0.301252478, 0.441448084, -0.845063853, 0.0632324219, -0.875, -0.479736328, -0.951374037, -0.197982672, 0.235711935, 0, 2, 1, 1, 
341.602949, 23, 0.1, 0.1, -0.00272989443, 0.377403742, -0.0199565219, 0.955814625, 0.293970072, -8.25599951e-006, 0.293970072, -0.955814625, -7.67170415e-006, -1.01464565e-005, 4.90571026e-006, -1, 0.955814615, 0.293970101, -2.09164993e-005, 0.293970101, -0.955814616, -1.45597097e-006, -2.04203077e-005, -4.7571871e-006, -1, 0, 0, 0, 0, 0, 0, 0, 0.300319434, -0.11742168, -0.185617456, -0.480599753, 0.605879968, -0.633965951, -0.868896484, -0.231567383, 0.43737793, 0.118140781, 0.761024513, 0.637911665, 0, 0, 0, 0, 0, 0, 0, 0.33659585, -0.058907373, -0.150081348, -0.301252478, 0.441448084, -0.845063853, 0.0632324219, -0.875, -0.479736328, -0.951374037, -0.197982672, 0.235711935, 0, 2, 1, 1, 
341.604004, 23, 0.1, 0.1, -0.00272989203, 0.377403743, -0.0199632507, 0.955814648, 0.293969995, -1.93326929e-005, 0.293969995, -0.955814648, -1.38608397e-006, -1.88859382e-005, -4.35839227e-006, -1, 0.955814642, 0.293970016, -9.16037183e-006, 0.293970016, -0.955814642, -6.51412972e-006, -1.06705763e-005, 3.53342592e-006, -1, 0, 0, 0, 0, 0, 0, 0, 0.301852197, -0.119752368, -0.18530144, -0.48534831, 0.603975976, -0.632207615, -0.866699219, -0.237548828, 0.438476563, 0.114690752, 0.760708116, 0.638869091, 0, 0, 0, 0, 0, 0, 0, 0.33769873, -0.0609098633, -0.14978291, -0.305354246, 0.44013089, -0.84434164, 0.0681152344, -0.874267578, -0.48034668, -0.949718524, -0.204135508, 0.23701527, 0, 2, 1, 1, 
341.605015, 23, 0.1, 0.1, -0.00272989026, 0.377403743, -0.019965686, 0.955814666, 0.293969938, -1.06391342e-005, 0.293969938, -0.955814666, -7.02066229e-006, -1.22329041e-005, 3.58286636e-006, -1, 0.955814667, 0.293969936, 9.9094509e-006, 0.293969936, -0.955814667, 7.31588123e-006, 1.16222476e-005, -4.07954594e-006, -1, 0, 0, 0, 0, 0, 0, 0, 0.301852197, -0.119752368, -0.18530144, -0.48534831, 0.603975976, -0.632207615, -0.866699219, -0.237548828, 0.438476563, 0.114690752, 0.760708116, 0.638869091, 0, 0, 0, 0, 0, 0, 0, 0.33769873, -0.0609098633, -0.14978291, -0.305354246, 0.44013089, -0.84434164, 0.0681152344, -0.874267578, -0.48034668, -0.949718524, -0.204135508, 0.23701527, 0, 2, 1, 1, 
341.606036, 23, 0.1, 0.1, -0.00272988926, 0.377403744, -0.0199637505, 0.955814687, 0.293969869, 8.03351276e-006, 0.293969869, -0.955814687, 7.46401918e-006, 9.87274623e-006, -4.77260846e-006, -1, 0.955814681, 0.293969888, 2.03860913e-005, 0.293969888, -0.955814681, 2.4005225e-006, 2.01910067e-005, 3.69844235e-006, -1, 0, 0, 0, 0, 0, 0, 0, 0.301852197, -0.119752368, -0.18530144, -0.48534831, 0.603975976, -0.632207615, -0.866699219, -0.237548828, 0.438476563, 0.114690752, 0.760708116, 0.638869091, 0, 0, 0, 0, 0, 0, 0, 0.33769873, -0.0609098633, -0.14978291, -0.305354246, 0.44013089, -0.84434164, 0.0681152344, -0.874267578, -0.48034668, -0.949718524, -0.204135508, 0.23701527, 0, 2, 1, 1, 
341.607053, 23, 0.1, 0.1, -0.00272988984, 0.377403743, -0.0199585265, 0.955814695, 0.293969841, 2.32583042e-005, 0.293969841, -0.955814696, 2.40205214e-006, 2.29367598e-005, 4.54132326e-006, -1, 0.955814692, 0.293969854, 1.29137512e-005, 0.293969854, -0.955814692, 8.78799457e-006, 1.49265586e-005, -4.60344077e-006, -1, 0, 0, 0, 0, 0, 0, 0, 0.301852197, -0.119752368, -0.18530144, -0.48534831, 0.603975976, -0.632207615, -0.866699219, -0.237548828, 0.438476563, 0.114690752, 0.760708116, 0.638869091, 0, 0, 0, 0, 0, 0, 0, 0.33769873, -0.0609098633, -0.14978291, -0.305354246, 0.44013089, -0.84434164, 0.0681152344, -0.874267578, -0.48034668, -0.949718524, -0.204135508, 0.23701527, 0, 2, 1, 1, 
341.608049, 23, 0.1, 0.1, -0.00272989135, 0.377403743, -0.0199529815, 0.9558147, 0.293969825, 1.52319699e-005, 0.293969825, -0.955814701, 1.03109617e-005, 1.75900524e-005, -5.37762925e-006, -1, 0.955814705, 0.29396981, -1.32561646e-005, 0.29396981, -0.955814705, -9.61507565e-006, -1.5496979e-005, 5.29331851e-006, -1, 0, 0, 0, 0, 0, 0, 0, 0.301852197, -0.119752368, -0.18530144, -0.48534831, 0.603975976, -0.632207615, -0.866699219, -0.237548828, 0.438476563, 0.114690752, 0.760708116, 0.638869091, 0, 0, 0, 0, 0, 0, 0, 0.33769873, -0.0609098633, -0.14978291, -0.305354246, 0.44013089, -0.84434164, 0.0681152344, -0.874267578, -0.48034668, -0.949718524, -0.204135508, 0.23701527, 0, 2, 1, 1, 
341.609084, 23, 0.1, 0.1, -0.00272989196, 0.377403742, -0.0199485486, 0.955814718, 0.29396977, -1.49952334e-005, 0.293969769, -0.955814718, -1.11235265e-005, -1.76026453e-005, 6.22388503e-006, -1, 0.955814712, 0.293969786, -3.11229747e-005, 0.293969786, -0.955814713, -4.03955124e-006, -3.09353031e-005, -5.28815171e-006, -1, 0, 0, 0, 0, 0, 0, 0, 0.303497974, -0.120786938, -0.185158618, -0.492103451, 0.6012531, -0.629534914, -0.863647461, -0.246948242, 0.439208984, 0.108715921, 0.759903458, 0.640917615, 0, 0, 0, 0, 0, 0, 0, 0.338938916, -0.0619038086, -0.149461279, -0.311014912, 0.438333919, -0.843242462, 0.0759277344, -0.872802734, -0.481811523, -0.947244916, -0.213898308, 0.238235482, 0, 2, 1, 1, 
341.610089, 23, 0.1, 0.1, -0.00272989027, 0.377403743, -0.0199477457, 0.955814717, 0.293969772, -2.90625798e-005, 0.293969772, -0.955814717, -2.10713255e-006, -2.83978747e-005, -6.52949165e-006, -1, 0.955814713, 0.293969783, -1.52133242e-005, 0.293969783, -0.955814714, -9.57859665e-006, -1.73569371e-005, 4.683106e-006, -1, 0, 0, 0, 0, 0, 0, 0, 0.303497974, -0.120786938, -0.185158618, -0.492103451, 0.6012531, -0.629534914, -0.863647461, -0.246948242, 0.439208984, 0.108715921, 0.759903458, 0.640917615, 0, 0, 0, 0, 0, 0, 0, 0.338938916, -0.0619038086, -0.149461279, -0.311014912, 0.438333919, -0.843242462, 0.0759277344, -0.872802734, -0.481811523, -0.947244916, -0.213898308, 0.238235482, 0, 2, 1, 1, 
341.610996, 23, 0.1, 0.1, -0.00272988786, 0.377403743, -0.0199508579, 0.955814714, 0.293969781, -8.50923998e-006, 0.293969781, -0.955814714, -8.0856945e-006, -1.05102066e-005, 5.22696637e-006, -1, 0.955814719, 0.293969764, 1.75513016e-005, 0.293969764, -0.955814719, 9.95968833e-006, 1.97036397e-005, -4.36006471e-006, -1, 0, 0, 0, 0, 0, 0, 0, 0.303497974, -0.120786938, -0.185158618, -0.492103451, 0.6012531, -0.629534914, -0.863647461, -0.246948242, 0.439208984, 0.108715921, 0.759903458, 0.640917615, 0, 0, 0, 0, 0, 0, 0, 0.338938916, -0.0619038086, -0.149461279, -0.315908889, 0.438511457, -0.841216915, 0.0826416016, -0.870605469, -0.484863281, -0.945058954, -0.222594381, 0.238816604, 0, 2, 1, 1, 
341.611794, 23, 0.1, 0.1, -0.00272988703, 0.377403744, -0.0199578311, 0.955814715, 0.293969779, 1.03137596e-005, 0.293969779, -0.955814715, 6.55164764e-006, 1.17840296e-005, -3.2302276e-006, -1, 0.955814713, 0.293969783, 2.02185674e-005, 0.293969783, -0.955814714, 1.83474826e-006, 1.98645648e-005, 4.18996849e-006, -1, 0, 0, 0, 0, 0, 0, 0, 0.303497974, -0.120786938, -0.185158618, -0.492103451, 0.6012531, -0.629534914, -0.863647461, -0.246948242, 0.439208984, 0.108715921, 0.759903458, 0.640917615, 0, 0, 0, 0, 0, 0, 0, 0.340000537, -0.0629679199, -0.149091797, -0.315908889, 0.438511457, -0.841216915, 0.0826416016, -0.870605469, -0.484863281, -0.945058954, -0.222594381, 0.238816604, 0, 2, 1, 1, 
341.612563, 23, 0.1, 0.1, -0.00272988778, 0.377403743, -0.0199664878, 0.95581471, 0.293969796, 1.10562489e-005, 0.293969796, -0.95581471, 6.55879364e-007, 1.07605341e-005, 2.6233041e-006, -1, 0.955814709, 0.293969798, 3.79812108e-006, 0.293969798, -0.955814709, 4.30469893e-006, 4.89575146e-006, -2.99796167e-006, -1, 0, 0, 0, 0, 0, 0, 0, 0.303497974, -0.120786938, -0.185158618, -0.492103451, 0.6012531, -0.629534914, -0.863647461, -0.246948242, 0.439208984, 0.108715921, 0.759903458, 0.640917615, 0, 0, 0, 0, 0, 0, 0, 0.340000537, -0.0629679199, -0.149091797, -0.315908889, 0.438511457, -0.841216915, 0.0826416016, -0.870605469, -0.484863281, -0.945058954, -0.222594381, 0.238816604, 0, 2, 1, 1, 
341.613362, 23, 0.1, 0.1, -0.00272988874, 0.377403743, -0.0199743472, 0.955814705, 0.29396981, 2.7844606e-006, 0.29396981, -0.955814705, 3.64003192e-006, 3.73148788e-006, -2.66064869e-006, -1, 0.955814708, 0.2939698, -9.95951069e-006, 0.2939698, -0.955814708, -5.16336294e-006, -1.10373196e-005, 2.00742288e-006, -1, 0, 0, 0, 0, 0, 0, 0, 0.303497974, -0.120786938, -0.185158618, -0.497747276, 0.600427102, -0.625808184, -0.860961914, -0.255249023, 0.439819336, 0.104295362, 0.757809628, 0.644158709, 0, 0, 0, 0, 0, 0, 0, 0.340000537, -0.0629679199, -0.149091797, -0.315908889, 0.438511457, -0.841216915, 0.0826416016, -0.870605469, -0.484863281, -0.945058954, -0.222594381, 0.238816604, 0, 2, 1, 1, 
341.614129, 23, 0.1, 0.1, -0.00272988868, 0.377403743, -0.0199785765, 0.955814705, 0.293969812, -4.16689511e-006, 0.293969812, -0.955814705, -2.87166121e-006, -4.82696132e-006, 1.51983463e-006, -1, 0.955814704, 0.293969813, -9.37126659e-006, 0.293969813, -0.955814704, -4.52529404e-007, -9.09022439e-006, -2.32233523e-006, -1, 0, 0, 0, 0, 0, 0, 0, 0.305205273, -0.121951733, -0.185181543, -0.497747276, 0.600427102, -0.625808184, -0.860961914, -0.255249023, 0.439819336, 0.104295362, 0.757809628, 0.644158709, 0, 0, 0, 0, 0, 0, 0, 0.340000537, -0.0629679199, -0.149091797, -0.315908889, 0.438511457, -0.841216915, 0.0826416016, -0.870605469, -0.484863281, -0.945058954, -0.222594381, 0.238816604, 0, 2, 1, 1, 
341.614923, 23, 0.1, 0.1, -0.00272988794, 0.377403743, -0.0199784163, 0.955814701, 0.293969824, -8.40275071e-006, 0.293969824, -0.955814701, -4.14117094e-007, -8.15321058e-006, -2.07433594e-006, -1, 0.955814701, 0.293969825, -4.22819697e-006, 0.293969825, -0.955814701, -2.98562208e-006, -4.91905562e-006, 1.61073915e-006, -1, 0, 0, 0, 0, 0, 0, 0, 0.305205273, -0.121951733, -0.185181543, -0.497747276, 0.600427102, -0.625808184, -0.860961914, -0.255249023, 0.439819336, 0.104295362, 0.757809628, 0.644158709, 0, 0, 0, 0, 0, 0, 0, 0.340000537, -0.0629679199, -0.149091797, -0.315908889, 0.438511457, -0.841216915, 0.0826416016, -0.870605469, -0.484863281, -0.945058954, -0.222594381, 0.238816604, 0, 2, 1, 1, 
341.615701, 23, 0.1, 0.1, -0.00272988693, 0.377403743, -0.0199742129, 0.955814696, 0.293969841, -6.72398444e-006, 0.293969841, -0.955814696, -4.78855841e-006, -7.8345749e-006, 2.60032586e-006, -1, 0.955814699, 0.29396983, 6.43145978e-006, 0.29396983, -0.955814699, 4.60225942e-006, 7.50020921e-006, -2.50825206e-006, -1, 0, 0, 0, 0, 0, 0, 0, 0.305205273, -0.121951733, -0.185181543, -0.502179436, 0.598307064, -0.624277878, -0.859008789, -0.262573242, 0.439331055, 0.0989413425, 0.75690949, 0.646017395, 0, 0, 0, 0, 0, 0, 0, 0.340000537, -0.0629679199, -0.149091797, -0.315908889, 0.438511457, -0.841216915, 0.0826416016, -0.870605469, -0.484863281, -0.945058954, -0.222594381, 0.238816604, 0, 2, 1, 1, 
341.616503, 23, 0.1, 0.1, -0.00272988606, 0.377403744, -0.0199671116, 0.955814695, 0.293969845, 6.90552225e-006, 0.293969844, -0.955814695, 5.65581076e-006, 8.26303745e-006, -3.37589173e-006, -1, 0.955814694, 0.293969847, 1.56144043e-005, 0.293969847, -0.955814694, 2.01221676e-006, 1.55160081e-005, 2.66685771e-006, -1, 0, 0, 0, 0, 0, 0, 0, 0.307194897, -0.123402271, -0.184651196, -0.502179436, 0.598307064, -0.624277878, -0.859008789, -0.262573242, 0.439331055, 0.0989413425, 0.75690949, 0.646017395, 0, 0, 0, 0, 0, 0, 0, 0.341349854, -0.0646624512, -0.148990234, -0.319633692, 0.438395519, -0.839958056, 0.0869140625, -0.869140625, -0.486694336, -0.943486563, -0.228498216, 0.239685372, 0, 2, 1, 1, 
341.617271, 23, 0.1, 0.1, -0.00272988615, 0.377403743, -0.0199604898, 0.955814689, 0.293969861, 1.73101952e-005, 0.293969861, -0.955814689, 2.36248722e-006, 1.72398389e-005, 2.8305757e-006, -1, 0.955814689, 0.293969864, 9.18755998e-006, 0.293969864, -0.955814689, 7.22872172e-006, 1.09066311e-005, -4.20845264e-006, -1, 0, 0, 0, 0, 0, 0, 0, 0.307194897, -0.123402271, -0.184651196, -0.502179436, 0.598307064, -0.624277878, -0.859008789, -0.262573242, 0.439331055, 0.0989413425, 0.75690949, 0.646017395, 0, 0, 0, 0, 0, 0, 0, 0.341349854, -0.0646624512, -0.148990234, -0.319633692, 0.438395519, -0.839958056, 0.0869140625, -0.869140625, -0.486694336, -0.943486563, -0.228498216, 0.239685372, 0, 2, 1, 1, 
341.618076, 23, 0.1, 0.1, -0.00272988728, 0.377403743, -0.0199557918, 0.955814684, 0.293969879, 9.9068917e-006, 0.293969878, -0.955814684, 8.01119565e-006, 1.18242028e-005, -4.7448907e-006, -1, 0.955814688, 0.293969865, -1.12732155e-005, 0.293969865, -0.955814688, -6.72805968e-006, -1.27529517e-005, 3.11679263e-006, -1, 0, 0, 0, 0, 0, 0, 0, 0.307194897, -0.123402271, -0.184651196, -0.502179436, 0.598307064, -0.624277878, -0.859008789, -0.262573242, 0.439331055, 0.0989413425, 0.75690949, 0.646017395, 0, 0, 0, 0, 0, 0, 0, 0.341349854, -0.0646624512, -0.148990234, -0.319633692, 0.438395519, -0.839958056, 0.0869140625, -0.869140625, -0.486694336, -0.943486563, -0.228498216, 0.239685372, 0, 2, 1, 1, 
341.618837, 23, 0.1, 0.1, -0.00272988723, 0.377403743, -0.0199549784, 0.955814687, 0.29396987, -7.44018377e-006, 0.29396987, -0.955814687, -5.09380498e-006, -8.60886211e-006, 2.68154375e-006, -1, 0.955814685, 0.293969876, -1.83426037e-005, 0.293969876, -0.955814685, 3.73832683e-008, -1.75211404e-005, -5.42790442e-006, -1, 0, 0, 0, 0, 0, 0, 0, 0.307194897, -0.123402271, -0.184651196, -0.502179436, 0.598307064, -0.624277878, -0.859008789, -0.262573242, 0.439331055, 0.0989413425, 0.75690949, 0.646017395, 0, 0, 0, 0, 0, 0, 0, 0.341349854, -0.0646624512, -0.148990234, -0.319633692, 0.438395519, -0.839958056, 0.0869140625, -0.869140625, -0.486694336, -0.943486563, -0.228498216, 0.239685372, 0, 2, 1, 1, 
341.619629, 23, 0.1, 0.1, -0.00272988589, 0.377403744, -0.0199578293, 0.955814683, 0.293969881, -1.71629039e-005, 0.293969881, -0.955814683, 1.01279719e-007, -1.63747824e-005, -5.14218147e-006, -1, 0.955814682, 0.293969886, -7.7078643e-006, 0.293969886, -0.955814682, -4.59194865e-006, -8.71718448e-006, 2.12317195e-006, -1, 0, 0, 0, 0, 0, 0, 0, 0.307194897, -0.123402271, -0.184651196, -0.502179436, 0.598307064, -0.624277878, -0.859008789, -0.262573242, 0.439331055, 0.0989413425, 0.75690949, 0.646017395, 0, 0, 0, 0, 0, 0, 0, 0.341349854, -0.0646624512, -0.148990234, -0.319633692, 0.438395519, -0.839958056, 0.0869140625, -0.869140625, -0.486694336, -0.943486563, -0.228498216, 0.239685372, 0, 2, 1, 1, 
341.6204, 23, 0.1, 0.1, -0.00272988492, 0.377403745, -0.019963053, 0.955814678, 0.293969898, -9.60302242e-006, 0.293969898, -0.955814678, -4.97018978e-006, -1.0639796e-005, 1.92758083e-006, -1, 0.955814682, 0.293969884, 8.6523477e-006, 0.293969884, -0.955814682, 7.88258435e-006, 1.05872834e-005, -4.9907602e-006, -1, 0, 0, 0, 0, 0, 0, 0, 0.307194897, -0.123402271, -0.184651196, -0.507093865, 0.595964986, -0.622525533, -0.856689453, -0.270141602, 0.439208984, 0.0936637069, 0.756168111, 0.647717322, 0, 0, 0, 0, 0, 0, 0, 0.341349854, -0.0646624512, -0.148990234, -0.319633692, 0.438395519, -0.839958056, 0.0869140625, -0.869140625, -0.486694336, -0.943486563, -0.228498216, 0.239685372, 0, 2, 1, 1, 
341.621184, 23, 0.1, 0.1, -0.00272988497, 0.377403745, -0.0199688325, 0.955814676, 0.293969907, 4.70864969e-006, 0.293969907, -0.955814676, 4.20941251e-006, 5.73803708e-006, -2.63921694e-006, -1, 0.955814675, 0.293969907, 1.16167883e-005, 0.293969907, -0.955814675, 9.25379644e-007, 1.13755305e-005, 2.53049474e-006, -1, 0, 0, 0, 0, 0, 0, 0, 0.30938335, -0.124863672, -0.184333228, -0.507093865, 0.595964986, -0.622525533, -0.856689453, -0.270141602, 0.439208984, 0.0936637069, 0.756168111, 0.647717322, 0, 0, 0, 0, 0, 0, 0, 0.342940723, -0.0661291016, -0.148667383, -0.323128453, 0.438611703, -0.838501237, 0.0921630859, -0.8671875, -0.489135742, -0.941767251, -0.235226344, 0.23983849, 0, 2, 1, 1, 
341.621954, 23, 0.1, 0.1, -0.0027298856, 0.377403744, -0.019973323, 0.955814669, 0.293969929, 9.18460314e-006, 0.293969929, -0.955814669, -2.48711936e-007, 8.70566458e-006, 2.93771965e-006, -1, 0.955814669, 0.293969929, 3.17503319e-006, 0.293969929, -0.955814669, 2.86798253e-006, 3.87784392e-006, -1.80789549e-006, -1, 0, 0, 0, 0, 0, 0, 0, 0.30938335, -0.124863672, -0.184333228, -0.507093865, 0.595964986, -0.622525533, -0.856689453, -0.270141602, 0.439208984, 0.0936637069, 0.756168111, 0.647717322, 0, 0, 0, 0, 0, 0, 0, 0.342940723, -0.0661291016, -0.148667383, -0.323128453, 0.438611703, -0.838501237, 0.0921630859, -0.8671875, -0.489135742, -0.941767251, -0.235226344, 0.23983849, 0, 2, 1, 1, 
341.622748, 23, 0.1, 0.1, -0.00272988619, 0.377403744, -0.0199750731, 0.955814662, 0.293969949, 5.36357257e-006, 0.293969949, -0.955814662, 2.89581177e-006, 5.97786295e-006, -1.19113019e-006, -1, 0.955814666, 0.293969939, -6.71435983e-006, 0.293969939, -0.955814666, -5.40116338e-006, -8.00546327e-006, 3.18869122e-006, -1, 0, 0, 0, 0, 0, 0, 0, 0.30938335, -0.124863672, -0.184333228, -0.507093865, 0.595964986, -0.622525533, -0.856689453, -0.270141602, 0.439208984, 0.0936637069, 0.756168111, 0.647717322, 0, 0, 0, 0, 0, 0, 0, 0.342940723, -0.0661291016, -0.148667383, -0.323128453, 0.438611703, -0.838501237, 0.0921630859, -0.8671875, -0.489135742, -0.941767251, -0.235226344, 0.23983849, 0, 2, 1, 1, 
341.623526, 23, 0.1, 0.1, -0.0027298862, 0.377403743, -0.0199737014, 0.955814659, 0.29396996, -4.02866003e-006, 0.29396996, -0.955814659, -5.09069167e-006, -5.34716274e-006, 3.6814527e-006, -1, 0.955814659, 0.293969961, -1.11090097e-005, 0.293969961, -0.955814659, -2.19097648e-006, -1.12622356e-005, -1.1715477e-006, -1, 0, 0, 0, 0, 0, 0, 0, 0.30938335, -0.124863672, -0.184333228, -0.507093865, 0.595964986, -0.622525533, -0.856689453, -0.270141602, 0.439208984, 0.0936637069, 0.756168111, 0.647717322, 0, 0, 0, 0, 0, 0, 0, 0.342940723, -0.0661291016, -0.148667383, -0.323128453, 0.438611703, -0.838501237, 0.0921630859, -0.8671875, -0.489135742, -0.941767251, -0.235226344, 0.23983849, 0, 2, 1, 1, 
341.624307, 23, 0.1, 0.1, -0.00272988511, 0.377403743, -0.0199697833, 0.955814652, 0.293969982, -1.07960035e-005, 0.293969982, -0.955814652, -1.19382572e-006, -1.06699273e-005, -2.03262483e-006, -1, 0.955814652, 0.293969982, -5.02150397e-006, 0.293969982, -0.955814652, -4.77637644e-006, -6.20373836e-006, 3.08915915e-006, -1, 0, 0, 0, 0, 0, 0, 0, 0.30938335, -0.124863672, -0.184333228, -0.507093865, 0.595964986, -0.622525533, -0.856689453, -0.270141602, 0.439208984, 0.0936637069, 0.756168111, 0.647717322, 0, 0, 0, 0, 0, 0, 0, 0.342940723, -0.0661291016, -0.148667383, -0.323128453, 0.438611703, -0.838501237, 0.0921630859, -0.8671875, -0.489135742, -0.941767251, -0.235226344, 0.23983849, 0, 2, 1, 1, 
341.625101, 23, 0.1, 0.1, -0.00272988341, 0.377403744, -0.0199647323, 0.955814645, 0.293970005, -7.29911218e-006, 0.293970005, -0.955814645, -5.58996209e-006, -8.6198795e-006, 3.19724758e-006, -1, 0.955814649, 0.293969992, 9.8779621e-006, 0.293969992, -0.955814649, 6.17415311e-006, 1.12565166e-005, -2.99752155e-006, -1, 0, 0, 0, 0, 0, 0, 0, 0.30938335, -0.124863672, -0.184333228, -0.507093865, 0.595964986, -0.622525533, -0.856689453, -0.270141602, 0.439208984, 0.0936637069, 0.756168111, 0.647717322, 0, 0, 0, 0, 0, 0, 0, 0.342940723, -0.0661291016, -0.148667383, -0.323128453, 0.438611703, -0.838501237, 0.0921630859, -0.8671875, -0.489135742, -0.941767251, -0.235226344, 0.23983849, 0, 2, 1, 1, 
341.625921, 23, 0.1, 0.1, -0.00272988226, 0.377403744, -0.0199599792, 0.955814645, 0.293970004, 8.74700258e-006, 0.293970004, -0.955814645, 5.95815554e-006, 1.01120322e-005, -3.12353593e-006, -1, 0.955814644, 0.29397001, 1.9535099e-005, 0.29397001, -0.955814644, 1.4875329e-006, 1.91092237e-005, 4.32092751e-006, -1, 0, 0, 0, 0, 0, 0, 0, 0.311121289, -0.126115381, -0.183576221, -0.512065582, 0.593362677, -0.620912851, -0.854370117, -0.277832031, 0.439086914, 0.0880243689, 0.755344357, 0.649315778, 0, 0, 0, 0, 0, 0, 0, 0.344637549, -0.0676355469, -0.147560205, -0.324847031, 0.438208119, -0.838067036, 0.0985107422, -0.865600586, -0.490844727, -0.940597711, -0.241896868, 0.238042985, 0, 2, 1, 1, 
341.6267, 23, 0.1, 0.1, -0.00272988289, 0.377403743, -0.0199573755, 0.955814641, 0.29397002, 1.66572612e-005, 0.29397002, -0.955814641, 1.28699903e-006, 1.62995933e-005, 3.6666029e-006, -1, 0.95581464, 0.293970022, 8.51189447e-006, 0.293970022, -0.95581464, 6.01367629e-006, 9.9036339e-006, -3.24571804e-006, -1, 0, 0, 0, 0, 0, 0, 0, 0.311121289, -0.126115381, -0.183576221, -0.512065582, 0.593362677, -0.620912851, -0.854370117, -0.277832031, 0.439086914, 0.0880243689, 0.755344357, 0.649315778, 0, 0, 0, 0, 0, 0, 0, 0.344637549, -0.0676355469, -0.147560205, -0.324847031, 0.438208119, -0.838067036, 0.0985107422, -0.865600586, -0.490844727, -0.940597711, -0.241896868, 0.238042985, 0, 2, 1, 1, 
341.627495, 23, 0.1, 0.1, -0.00272988433, 0.377403743, -0.0199578104, 0.955814635, 0.29397004, 7.06612743e-006, 0.29397004, -0.955814635, 5.85864173e-006, 8.47617315e-006, -3.52254575e-006, -1, 0.955814639, 0.293970026, -1.27294783e-005, 0.293970026, -0.955814639, -8.0787461e-006, -1.45419309e-005, 3.97969873e-006, -1, 0, 0, 0, 0, 0, 0, 0, 0.311121289, -0.126115381, -0.183576221, -0.512065582, 0.593362677, -0.620912851, -0.854370117, -0.277832031, 0.439086914, 0.0880243689, 0.755344357, 0.649315778, 0, 0, 0, 0, 0, 0, 0, 0.344637549, -0.0676355469, -0.147560205, -0.324847031, 0.438208119, -0.838067036, 0.0985107422, -0.865600586, -0.490844727, -0.940597711, -0.241896868, 0.238042985, 0, 2, 1, 1, 
341.628315, 23, 0.1, 0.1, -0.00272988507, 0.377403742, -0.0199604907, 0.955814633, 0.293970044, -1.12338959e-005, 0.293970044, -0.955814633, -8.30485959e-006, -1.31789021e-005, 4.63547745e-006, -1, 0.955814632, 0.293970046, -2.1351896e-005, 0.293970046, -0.955814633, -3.83588018e-006, -2.15360885e-005, -2.61042746e-006, -1, 0, 0, 0, 0, 0, 0, 0, 0.313504663, -0.127168262, -0.182828735, -0.517450298, 0.590278099, -0.619503112, -0.851806641, -0.286499023, 0.438476563, 0.0813381162, 0.754596987, 0.65119356, 0, 0, 0, 0, 0, 0, 0, 0.346762793, -0.0689658691, -0.146236621, -0.326980854, 0.437606208, -0.837581797, 0.106445313, -0.863525391, -0.492675781, -0.938980845, -0.250183893, 0.235761875, 0, 2, 1, 1, 
341.629109, 23, 0.1, 0.1, -0.00272988445, 0.377403742, -0.019964325, 0.955814625, 0.293970069, -1.57623302e-005, 0.293970069, -0.955814626, -2.63142012e-006, -1.58394245e-005, -2.11850346e-006, -1, 0.955814626, 0.293970069, -8.7573198e-006, 0.293970069, -0.955814626, -6.7632696e-006, -1.03585732e-005, 3.8900421e-006, -1, 0, 0, 0, 0, 0, 0, 0, 0.313504663, -0.127168262, -0.182828735, -0.517450298, 0.590278099, -0.619503112, -0.851806641, -0.286499023, 0.438476563, 0.0813381162, 0.754596987, 0.65119356, 0, 0, 0, 0, 0, 0, 0, 0.346762793, -0.0689658691, -0.146236621, -0.326980854, 0.437606208, -0.837581797, 0.106445313, -0.863525391, -0.492675781, -0.938980845, -0.250183893, 0.235761875, 0, 2, 1, 1, 
341.629895, 23, 0.1, 0.1, -0.00272988343, 0.377403742, -0.0199682954, 0.95581462, 0.293970089, -6.2950115e-006, 0.293970088, -0.95581462, -5.76739288e-006, -7.71230501e-006, 3.66201335e-006, -1, 0.955814623, 0.293970077, 8.07054077e-006, 0.293970077, -0.955814623, 4.40967056e-006, 9.01025207e-006, -1.84233011e-006, -1, 0, 0, 0, 0, 0, 0, 0, 0.313504663, -0.127168262, -0.182828735, -0.517450298, 0.590278099, -0.619503112, -0.851806641, -0.286499023, 0.438476563, 0.0813381162, 0.754596987, 0.65119356, 0, 0, 0, 0, 0, 0, 0, 0.346762793, -0.0689658691, -0.146236621, -0.326980854, 0.437606208, -0.837581797, 0.106445313, -0.863525391, -0.492675781, -0.938980845, -0.250183893, 0.235761875, 0, 2, 1, 1, 
341.63069, 23, 0.1, 0.1, -0.00272988249, 0.377403742, -0.0199709784, 0.955814617, 0.293970097, 8.8532845e-006, 0.293970097, -0.955814617, 5.20602724e-006, 9.99251506e-006, -2.37339603e-006, -1, 0.955814617, 0.293970097, 1.5558203e-005, 0.293970097, -0.955814617, 1.79860953e-006, 1.53994953e-005, 2.85450918e-006, -1, 0, 0, 0, 0, 0, 0, 0, 0.313504663, -0.127168262, -0.182828735, -0.517450298, 0.590278099, -0.619503112, -0.851806641, -0.286499023, 0.438476563, 0.0813381162, 0.754596987, 0.65119356, 0, 0, 0, 0, 0, 0, 0, 0.346762793, -0.0689658691, -0.146236621, -0.326980854, 0.437606208, -0.837581797, 0.106445313, -0.863525391, -0.492675781, -0.938980845, -0.250183893, 0.235761875, 0, 2, 1, 1, 
341.631485, 23, 0.1, 0.1, -0.0027298818, 0.377403743, -0.0199717253, 0.955814612, 0.293970112, 1.57898965e-005, 0.293970112, -0.955814612, 2.99163394e-006, 1.59716648e-005, 1.78231021e-006, -1, 0.955814612, 0.293970113, 9.99385027e-006, 0.293970113, -0.955814612, 6.38430448e-006, 1.14290628e-005, -3.16431822e-006, -1, 0, 0, 0, 0, 0, 0, 0, 0.313504663, -0.127168262, -0.182828735, -0.517450298, 0.590278099, -0.619503112, -0.851806641, -0.286499023, 0.438476563, 0.0813381162, 0.754596987, 0.65119356, 0, 0, 0, 0, 0, 0, 0, 0.346762793, -0.0689658691, -0.146236621, -0.326980854, 0.437606208, -0.837581797, 0.106445313, -0.863525391, -0.492675781, -0.938980845, -0.250183893, 0.235761875, 0, 2, 1, 1, 
341.63226, 23, 0.1, 0.1, -0.00272988187, 0.377403743, -0.0199703535, 0.955814608, 0.293970126, 7.70004715e-006, 0.293970125, -0.955814608, 6.92382907e-006, 9.39521646e-006, -4.35431314e-006, -1, 0.955814611, 0.293970116, -5.59660224e-006, 0.293970116, -0.955814611, -2.67626664e-006, -6.13605661e-006, 9.12780944e-007, -1, 0, 0, 0, 0, 0, 0, 0, 0.313504663, -0.127168262, -0.182828735, -0.517450298, 0.590278099, -0.619503112, -0.851806641, -0.286499023, 0.438476563, 0.0813381162, 0.754596987, 0.65119356, 0, 0, 0, 0, 0, 0, 0, 0.346762793, -0.0689658691, -0.146236621, -0.326980854, 0.437606208, -0.837581797, 0.106445313, -0.863525391, -0.492675781, -0.938980845, -0.250183893, 0.235761875, 0, 2, 1, 1, 
341.633082, 23, 0.1, 0.1, -0.00272988254, 0.377403743, -0.0199672566, 0.955814607, 0.293970131, -9.00509054e-006, 0.293970131, -0.955814607, -5.23579702e-006, -1.0146365e-005, 2.35722363e-006, -1, 0.955814606, 0.293970132, -1.77827157e-005, 0.293970132, -0.955814606, -1.25902553e-006, -1.73670953e-005, -4.02419232e-006, -1, 0, 0, 0, 0, 0, 0, 0, 0.315315723, -0.128856323, -0.181668579, -0.521044477, 0.587853646, -0.618709315, -0.849975586, -0.292480469, 0.437988281, 0.076592925, 0.754115839, 0.652303754, 0, 0, 0, 0, 0, 0, 0, 0.346762793, -0.0689658691, -0.146236621, -0.328335228, 0.436857742, -0.837294517, 0.111938477, -0.862182617, -0.493774414, -0.937773025, -0.255908725, 0.234196414, 0, 2, 1, 1, 
341.633852, 23, 0.1, 0.1, -0.00272988268, 0.377403743, -0.0199639885, 0.955814599, 0.293970154, -1.92154898e-005, 0.293970154, -0.955814599, -2.07843293e-006, -1.89774429e-005, -3.66218396e-006, -1, 0.955814599, 0.293970154, -1.19931916e-005, 0.293970154, -0.955814599, -6.40050678e-006, -1.33448256e-005, 2.59205745e-006, -1, 0, 0, 0, 0, 0, 0, 0, 0.315315723, -0.128856323, -0.181668579, -0.521044477, 0.587853646, -0.618709315, -0.849975586, -0.292480469, 0.437988281, 0.076592925, 0.754115839, 0.652303754, 0, 0, 0, 0, 0, 0, 0, 0.348261279, -0.0709217285, -0.144687842, -0.328335228, 0.436857742, -0.837294517, 0.111938477, -0.862182617, -0.493774414, -0.937773025, -0.255908725, 0.234196414, 0, 2, 1, 1, 
341.634642, 23, 0.1, 0.1, -0.00272988198, 0.377403743, -0.0199614607, 0.955814592, 0.29397018, -1.10237421e-005, 0.29397018, -0.955814592, -6.8318972e-006, -1.25450276e-005, 3.28937559e-006, -1, 0.955814596, 0.293970166, 6.96676028e-006, 0.293970166, -0.955814596, 6.06756914e-006, 8.44261546e-006, -3.75145147e-006, -1, 0, 0, 0, 0, 0, 0, 0, 0.315315723, -0.128856323, -0.181668579, -0.521044477, 0.587853646, -0.618709315, -0.849975586, -0.292480469, 0.437988281, 0.076592925, 0.754115839, 0.652303754, 0, 0, 0, 0, 0, 0, 0, 0.348261279, -0.0709217285, -0.144687842, -0.328335228, 0.436857742, -0.837294517, 0.111938477, -0.862182617, -0.493774414, -0.937773025, -0.255908725, 0.234196414, 0, 2, 1, 1, 
341.63542, 23, 0.1, 0.1, -0.00272988111, 0.377403743, -0.0199606847, 0.955814586, 0.293970197, 9.57341589e-006, 0.293970197, -0.955814586, 5.84203185e-006, 1.08677938e-005, -2.7696003e-006, -1, 0.955814586, 0.293970197, 1.8899756e-005, 0.293970197, -0.955814586, 1.42364949e-006, 1.8483173e-005, 4.19522004e-006, -1, 0, 0, 0, 0, 0, 0, 0, 0.315315723, -0.128856323, -0.181668579, -0.521044477, 0.587853646, -0.618709315, -0.849975586, -0.292480469, 0.437988281, 0.076592925, 0.754115839, 0.652303754, 0, 0, 0, 0, 0, 0, 0, 0.348261279, -0.0709217285, -0.144687842, -0.328335228, 0.436857742, -0.837294517, 0.111938477, -0.862182617, -0.493774414, -0.937773025, -0.255908725, 0.234196414, 0, 2, 1, 1, 
341.636191, 23, 0.1, 0.1, -0.0027298814, 0.377403743, -0.0199615212, 0.955814576, 0.293970228, 1.67424095e-005, 0.293970228, -0.955814577, 6.20537426e-007, 1.61850585e-005, 4.32865122e-006, -1, 0.955814577, 0.293970228, 8.90978163e-006, 0.293970228, -0.955814577, 4.70475581e-006, 9.8991573e-006, -1.87766365e-006, -1, 0, 0, 0, 0, 0, 0, 0, 0.315315723, -0.128856323, -0.181668579, -0.521044477, 0.587853646, -0.618709315, -0.849975586, -0.292480469, 0.437988281, 0.076592925, 0.754115839, 0.652303754, 0, 0, 0, 0, 0, 0, 0, 0.348261279, -0.0709217285, -0.144687842, -0.328335228, 0.436857742, -0.837294517, 0.111938477, -0.862182617, -0.493774414, -0.937773025, -0.255908725, 0.234196414, 0, 2, 1, 1, 
341.636987, 23, 0.1, 0.1, -0.00272988204, 0.377403742, -0.0199638223, 0.955814567, 0.293970259, 8.59322495e-006, 0.293970259, -0.955814567, 5.25592685e-006, 9.75861577e-006, -2.49753888e-006, -1, 0.955814572, 0.293970244, -8.72845798e-006, 0.293970244, -0.955814572, -6.82720694e-006, -1.0349783e-005, 3.95963695e-006, -1, 0, 0, 0, 0, 0, 0, 0, 0.315315723, -0.128856323, -0.181668579, -0.521044477, 0.587853646, -0.618709315, -0.849975586, -0.292480469, 0.437988281, 0.076592925, 0.754115839, 0.652303754, 0, 0, 0, 0, 0, 0, 0, 0.348261279, -0.0709217285, -0.144687842, -0.328335228, 0.436857742, -0.837294517, 0.111938477, -0.862182617, -0.493774414, -0.937773025, -0.255908725, 0.234196414, 0, 2, 1, 1, 
341.637796, 23, 0.1, 0.1, -0.0027298817, 0.377403742, -0.0199665154, 0.955814565, 0.293970265, -4.29011223e-006, 0.293970265, -0.955814565, -4.72001943e-006, -5.48809712e-006, 3.25029789e-006, -1, 0.955814564, 0.293970268, -1.3084048e-005, 0.293970268, -0.955814564, -5.52780017e-007, -1.26684245e-005, -3.31796591e-006, -1, 0, 0, 0, 0, 0, 0, 0, 0.316600708, -0.130464917, -0.181470215, -0.526344574, 0.58706584, -0.614976595, -0.846923828, -0.298950195, 0.439575195, 0.0743425796, 0.752263144, 0.654802347, 0, 0, 0, 0, 0, 0, 0, 0.348261279, -0.0709217285, -0.144687842, -0.332596678, 0.436767323, -0.835709733, 0.116210938, -0.860351563, -0.49597168, -0.935766067, -0.262055364, 0.235467665, 0, 2, 1, 1, 
341.638584, 23, 0.1, 0.1, -0.00272988045, 0.377403743, -0.0199683863, 0.95581456, 0.293970282, -1.17737662e-005, 0.293970282, -0.95581456, -4.98283778e-007, -1.14000177e-005, -2.98487047e-006, -1, 0.95581456, 0.293970284, -4.74258621e-006, 0.293970283, -0.95581456, -4.16184606e-006, -5.75649201e-006, 2.58377364e-006, -1, 0, 0, 0, 0, 0, 0, 0, 0.316600708, -0.130464917, -0.181470215, -0.526344574, 0.58706584, -0.614976595, -0.846923828, -0.298950195, 0.439575195, 0.0743425796, 0.752263144, 0.654802347, 0, 0, 0, 0, 0, 0, 0, 0.349360986, -0.0728429199, -0.14455625, -0.332596678, 0.436767323, -0.835709733, 0.116210938, -0.860351563, -0.49597168, -0.935766067, -0.262055364, 0.235467665, 0, 2, 1, 1, 
341.639357, 23, 0.1, 0.1, -0.00272987943, 0.377403743, -0.0199693786, 0.955814556, 0.293970297, -7.55872051e-006, 0.293970297, -0.955814556, -4.09959916e-006, -8.42989547e-006, 1.69641724e-006, -1, 0.955814559, 0.293970287, 6.95995665e-006, 0.293970287, -0.955814559, 5.99638711e-006, 8.41518753e-006, -3.68541365e-006, -1, 0, 0, 0, 0, 0, 0, 0, 0.316600708, -0.130464917, -0.181470215, -0.526344574, 0.58706584, -0.614976595, -0.846923828, -0.298950195, 0.439575195, 0.0743425796, 0.752263144, 0.654802347, 0, 0, 0, 0, 0, 0, 0, 0.349360986, -0.0728429199, -0.14455625, -0.332596678, 0.436767323, -0.835709733, 0.116210938, -0.860351563, -0.49597168, -0.935766067, -0.262055364, 0.235467665, 0, 2, 1, 1, 
341.640136, 23, 0.1, 0.1, -0.00272987911, 0.377403743, -0.0199690787, 0.955814554, 0.293970301, 5.35470884e-006, 0.293970301, -0.955814554, 5.53864003e-006, 6.74630432e-006, -3.71978738e-006, -1, 0.955814554, 0.293970302, 1.28286397e-005, 0.293970302, -0.955814554, 2.31761296e-006, 1.29431099e-005, 1.5560309e-006, -1, 0, 0, 0, 0, 0, 0, 0, 0.316600708, -0.130464917, -0.181470215, -0.531118218, 0.585732485, -0.612100951, -0.844116211, -0.304931641, 0.440795898, 0.0715144844, 0.750867632, 0.656571545, 0, 0, 0, 0, 0, 0, 0, 0.349360986, -0.0728429199, -0.14455625, -0.332596678, 0.436767323, -0.835709733, 0.116210938, -0.860351563, -0.49597168, -0.935766067, -0.262055364, 0.235467665, 0, 2, 1, 1, 
