time, trialNum, realDorsalTactorPos, realVentralTactorPos, boxPosX, boxPosY, boxPosZ, boxLocalRot_11, boxLocalRot_12, boxLocalRot_13, boxLocalRot_21, boxLocalRot_22, boxLocalRot_23, boxLocalRot_31, boxLocalRot_32, boxLocalRot_33, boxGlobalRot_11, boxGlobalRot_12, boxGlobalRot_13, boxGlobalRot_21, boxGlobalRot_22, boxGlobalRot_23, boxGlobalRot_31, boxGlobalRot_32, boxGlobalRot_33, indexForceX, indexForceY, indexForceZ, indexForceGlobalX, indexForceGlobalY, indexForceGlobalZ, indexContact, indexPosX, indexPosY, indexPosZ, indexRot_11, indexRot_12, indexRot_13, indexRot_21, indexRot_22, indexRot_23, indexRot_31, indexRot_32, indexRot_33, thumbForceX, thumbForceY, thumbForceZ, thumbForceGlobalX, thumbForceGlobalY, thumbForceGlobalZ, thumbContact, thumbPosX, thumbPosY, thumbPosZ, thumbRot_11, thumbRot_12, thumbRot_13, thumbRot_21, thumbRot_22, thumbRot_23, thumbRot_31, thumbRot_32, thumbRot_33, manipForceTooHigh, cceExpType, mapping, trialSuccess, 
396.760351, 22, 0.1, 0.1, -0.00511905609, 0.368087663, -0.0199670889, 0.997250407, 0.0741055021, 2.10389733e-005, 0.0741055024, -0.997250407, -1.48829196e-005, 1.98782185e-005, 1.64011013e-005, -1, 0.997250408, 0.0741054952, -2.14217761e-006, 0.0741054952, -0.997250408, 5.2241432e-006, -1.74914978e-006, -5.36852607e-006, -1, 0, 0, 0, 0, 0, 0, 0, 0.283171802, -0.145219971, -0.163885376, -0.0142762879, 0.828406385, -0.559845514, -0.895996094, 0.237792969, 0.374755859, 0.443607939, 0.507022067, 0.739135169, 0, 0, 0, 0, 0, 0, 0, 0.323228516, -0.113456934, -0.143703955, -0.166762129, 0.280263173, -0.945228673, 0.228149414, -0.921630859, -0.313598633, -0.959209476, -0.267825997, 0.0897989791, 0, 2, 1, 1, 
396.787835, 22, 0.1, 0.1, -0.00511903064, 0.368087644, -0.0199726003, 0.997248543, 0.0741305793, -2.77937025e-005, 0.0741305796, -0.997248543, 9.14893599e-006, -2.70390134e-005, -1.11841264e-005, -1, 0.997248548, 0.0741305082, -3.1935787e-005, 0.074130508, -0.997248549, -9.020014e-006, -3.25165755e-005, 6.62777976e-006, -0.999999999, 0, 0, 0, 0, 0, 0, 0, 0.298928589, -0.154419409, -0.157927075, -0.0615693893, 0.849663322, -0.523545006, -0.914306641, 0.162353516, 0.37097168, 0.400178554, 0.501554236, 0.767002739, 0, 0, 0, 0, 0, 0, 0, 0.334792187, -0.123500732, -0.138321729, -0.192201027, 0.2568213, -0.947061357, 0.299804688, -0.903564453, -0.305786133, -0.934388845, -0.342585293, 0.0967254334, 0, 2, 1, 1, 
396.78856, 22, 0.1, 0.1, -0.0051190277, 0.368087646, -0.0199727614, 0.997248542, 0.0741305992, 2.31391791e-005, 0.0741305995, -0.997248542, -1.24288588e-005, 2.21541539e-005, 1.41099825e-005, -1, 0.997248539, 0.0741306317, 2.8419584e-005, 0.0741306319, -0.997248539, -4.41858971e-006, 2.80138357e-005, 6.51319385e-006, -1, 0, 0, 0, 0, 0, 0, 0, 0.301034277, -0.15610769, -0.157719922, -0.0681335705, 0.8515924, -0.519653526, -0.915893555, 0.153076172, 0.37097168, 0.395409397, 0.5012487, 0.769723371, 0, 0, 0, 0, 0, 0, 0, 0.336468262, -0.125175391, -0.137651758, -0.194864932, 0.254372846, -0.947246558, 0.307617188, -0.901123047, -0.305297852, -0.931232037, -0.350820912, 0.0973196816, 0, 2, 1, 1, 
396.789254, 22, 0.1, 0.1, -0.00511903123, 0.368087647, -0.0199719582, 0.997248569, 0.0741302345, -2.44748695e-005, 0.074130235, -0.997248569, 2.00105127e-005, -2.29241445e-005, -2.17697829e-005, -1, 0.997248561, 0.0741303305, -3.11816387e-005, 0.0741303312, -0.997248562, 1.99449063e-005, -2.96173219e-005, -2.22015343e-005, -0.999999999, 0, 0, 0, 0, 0, 0, 0, 0.301034277, -0.15610769, -0.157719922, -0.0681335705, 0.8515924, -0.519653526, -0.915893555, 0.153076172, 0.37097168, 0.395409397, 0.5012487, 0.769723371, 0, 0, 0, 0, 0, 0, 0, 0.336468262, -0.125175391, -0.137651758, -0.194864932, 0.254372846, -0.947246558, 0.307617188, -0.901123047, -0.305297852, -0.931232037, -0.350820912, 0.0973196816, 0, 2, 1, 1, 
396.78994, 22, 0.1, 0.1, -0.00511902746, 0.368087646, -0.0199705642, 0.997248602, 0.0741297913, 2.60800602e-005, 0.0741297913, -0.997248602, -1.5874019e-006, 2.58906298e-005, 3.51634374e-006, -1, 0.997248596, 0.0741298693, 3.31931344e-005, 0.0741298697, -0.997248596, -1.04760046e-005, 3.23252218e-005, 1.29077836e-005, -0.999999999, 0, 0, 0, 0, 0, 0, 0, 0.301034277, -0.15610769, -0.157719922, -0.0681335705, 0.8515924, -0.519653526, -0.915893555, 0.153076172, 0.37097168, 0.395409397, 0.5012487, 0.769723371, 0, 0, 0, 0, 0, 0, 0, 0.336468262, -0.125175391, -0.137651758, -0.194864932, 0.254372846, -0.947246558, 0.307617188, -0.901123047, -0.305297852, -0.931232037, -0.350820912, 0.0973196816, 0, 2, 1, 1, 
396.790642, 22, 0.1, 0.1, -0.00511903154, 0.368087648, -0.0199689392, 0.997248612, 0.0741296481, -2.60847146e-005, 0.0741296478, -0.997248613, -1.24214829e-005, -2.69337456e-005, 1.04536559e-005, -1, 0.997248612, 0.0741296426, -3.4530724e-005, 0.0741296428, -0.997248613, 6.95691999e-006, -3.39200026e-005, -9.49752904e-006, -0.999999999, 0, 0, 0, 0, 0, 0, 0, 0.301034277, -0.15610769, -0.157719922, -0.0681335705, 0.8515924, -0.519653526, -0.915893555, 0.153076172, 0.37097168, 0.395409397, 0.5012487, 0.769723371, 0, 0, 0, 0, 0, 0, 0, 0.336468262, -0.125175391, -0.137651758, -0.194864932, 0.254372846, -0.947246558, 0.307617188, -0.901123047, -0.305297852, -0.931232037, -0.350820912, 0.0973196816, 0, 2, 1, 1, 
396.791341, 22, 0.1, 0.1, -0.00511902759, 0.368087648, -0.019967667, 0.997248584, 0.0741300347, 2.56969927e-005, 0.0741300341, -0.997248584, 2.29522883e-005, 2.73277435e-005, -2.0984218e-005, -0.999999999, 0.997248592, 0.0741299195, 3.33352539e-005, 0.0741299191, -0.997248592, 1.41763709e-005, 3.42944283e-005, -1.16662262e-005, -0.999999999, 0, 0, 0, 0, 0, 0, 0, 0.301034277, -0.15610769, -0.157719922, -0.0681335705, 0.8515924, -0.519653526, -0.915893555, 0.153076172, 0.37097168, 0.395409397, 0.5012487, 0.769723371, 0, 0, 0, 0, 0, 0, 0, 0.336468262, -0.125175391, -0.137651758, -0.194864932, 0.254372846, -0.947246558, 0.307617188, -0.901123047, -0.305297852, -0.931232037, -0.350820912, 0.0973196816, 0, 2, 1, 1, 
396.792025, 22, 0.1, 0.1, -0.00511903129, 0.368087646, -0.0199670902, 0.997248526, 0.0741308028, -2.54285035e-005, 0.0741308022, -0.997248526, -2.38522227e-005, -2.7126722e-005, 2.19015585e-005, -0.999999999, 0.997248539, 0.0741306344, -3.25113387e-005, 0.0741306336, -0.997248539, -2.4571364e-005, -3.42433758e-005, 2.20936707e-005, -0.999999999, 0, 0, 0, 0, 0, 0, 0, 0.301034277, -0.15610769, -0.157719922, -0.0681335705, 0.8515924, -0.519653526, -0.915893555, 0.153076172, 0.37097168, 0.395409397, 0.5012487, 0.769723371, 0, 0, 0, 0, 0, 0, 0, 0.336468262, -0.125175391, -0.137651758, -0.194864932, 0.254372846, -0.947246558, 0.307617188, -0.901123047, -0.305297852, -0.931232037, -0.350820912, 0.0973196816, 0, 2, 1, 1, 
396.792722, 22, 0.1, 0.1, -0.00511902695, 0.368087648, -0.0199673094, 0.997248464, 0.0741316461, 3.1245882e-005, 0.0741316458, -0.997248464, 1.03259744e-005, 3.19253893e-005, -7.98125344e-006, -0.999999999, 0.997248474, 0.0741314967, 3.71575396e-005, 0.0741314959, -0.997248475, 2.11301179e-005, 3.8621707e-005, -1.83174339e-005, -0.999999999, 0, 0, 0, 0, 0, 0, 0, 0.301034277, -0.15610769, -0.157719922, -0.0681335705, 0.8515924, -0.519653526, -0.915893555, 0.153076172, 0.37097168, 0.395409397, 0.5012487, 0.769723371, 0, 0, 0, 0, 0, 0, 0, 0.336468262, -0.125175391, -0.137651758, -0.194864932, 0.254372846, -0.947246558, 0.307617188, -0.901123047, -0.305297852, -0.931232037, -0.350820912, 0.0973196816, 0, 2, 1, 1, 
396.793447, 22, 0.1, 0.1, -0.00511903047, 0.368087645, -0.0199680389, 0.997248427, 0.0741321335, -2.80699508e-005, 0.0741321339, -0.997248428, 1.02712541e-005, -2.72312843e-005, -1.23238773e-005, -1, 0.997248431, 0.0741320809, -3.30409557e-005, 0.0741320806, -0.997248432, -1.05844437e-005, -3.37346881e-005, 8.10592508e-006, -0.999999999, 0, 0, 0, 0, 0, 0, 0, 0.302716431, -0.157763257, -0.157438916, -0.0743038487, 0.854256866, -0.514340324, -0.916992187, 0.144042969, 0.371704102, 0.391566588, 0.499343587, 0.772836785, 0, 0, 0, 0, 0, 0, 0, 0.337585059, -0.12653208, -0.137343066, -0.199253979, 0.253234289, -0.946600904, 0.314575195, -0.89831543, -0.306518555, -0.928011063, -0.35867337, 0.0993514259, 0, 2, 1, 1, 
396.794132, 22, 0.1, 0.1, -0.00511902706, 0.368087647, -0.019969114, 0.997248435, 0.0741320365, 2.74458032e-005, 0.0741320369, -0.997248435, -1.48264818e-005, 2.6271167e-005, 1.68202991e-005, -1, 0.99724843, 0.0741320944, 3.29549162e-005, 0.0741320946, -0.997248431, -5.17277275e-006, 3.248077e-005, 7.60155648e-006, -0.999999999, 0, 0, 0, 0, 0, 0, 0, 0.302716431, -0.157763257, -0.157438916, -0.0743038487, 0.854256866, -0.514340324, -0.916992187, 0.144042969, 0.371704102, 0.391566588, 0.499343587, 0.772836785, 0, 0, 0, 0, 0, 0, 0, 0.337585059, -0.12653208, -0.137343066, -0.199253979, 0.253234289, -0.946600904, 0.314575195, -0.89831543, -0.306518555, -0.928011063, -0.35867337, 0.0993514259, 0, 2, 1, 1, 
396.794827, 22, 0.1, 0.1, -0.00511903075, 0.368087647, -0.0199703165, 0.997248473, 0.0741315257, -2.75982019e-005, 0.0741315262, -0.997248473, 1.86361688e-005, -2.61407371e-005, -2.06307877e-005, -0.999999999, 0.997248464, 0.0741316437, -3.37949975e-005, 0.0741316443, -0.997248464, 1.85704801e-005, -3.23253491e-005, -2.10246615e-005, -0.999999999, 0, 0, 0, 0, 0, 0, 0, 0.302716431, -0.157763257, -0.157438916, -0.0743038487, 0.854256866, -0.514340324, -0.916992187, 0.144042969, 0.371704102, 0.391566588, 0.499343587, 0.772836785, 0, 0, 0, 0, 0, 0, 0, 0.337585059, -0.12653208, -0.137343066, -0.199253979, 0.253234289, -0.946600904, 0.314575195, -0.89831543, -0.306518555, -0.928011063, -0.35867337, 0.0993514259, 0, 2, 1, 1, 
396.795533, 22, 0.1, 0.1, -0.005119027, 0.368087646, -0.0199712442, 0.997248516, 0.074130936, 2.69680859e-005, 0.0741309362, -0.997248517, -5.43110774e-006, 2.64912705e-005, 7.41533359e-006, -1, 0.997248509, 0.0741310393, 3.33684581e-005, 0.0741310397, -0.997248509, -1.38394756e-005, 3.22507104e-005, 1.62750349e-005, -0.999999999, 0, 0, 0, 0, 0, 0, 0, 0.302716431, -0.157763257, -0.157438916, -0.0743038487, 0.854256866, -0.514340324, -0.916992187, 0.144042969, 0.371704102, 0.391566588, 0.499343587, 0.772836785, 0, 0, 0, 0, 0, 0, 0, 0.337585059, -0.12653208, -0.137343066, -0.199253979, 0.253234289, -0.946600904, 0.314575195, -0.89831543, -0.306518555, -0.928011063, -0.35867337, 0.0993514259, 0, 2, 1, 1, 
396.796229, 22, 0.1, 0.1, -0.00511903011, 0.368087647, -0.0199716062, 0.997248537, 0.074130661, -2.13617414e-005, 0.0741306607, -0.997248537, -1.47557043e-005, -2.23968155e-005, 1.31315445e-005, -1, 0.997248535, 0.0741306842, -2.88379021e-005, 0.0741306844, -0.997248536, 3.93492801e-006, -2.84668568e-005, -6.06187462e-006, -1, 0, 0, 0, 0, 0, 0, 0, 0.302716431, -0.157763257, -0.157438916, -0.0743038487, 0.854256866, -0.514340324, -0.916992187, 0.144042969, 0.371704102, 0.391566588, 0.499343587, 0.772836785, 0, 0, 0, 0, 0, 0, 0, 0.337585059, -0.12653208, -0.137343066, -0.199253979, 0.253234289, -0.946600904, 0.314575195, -0.89831543, -0.306518555, -0.928011063, -0.35867337, 0.0993514259, 0, 2, 1, 1, 
396.796915, 22, 0.1, 0.1, -0.00511902659, 0.368087646, -0.0199714035, 0.997248522, 0.0741308646, 2.28854146e-005, 0.0741308643, -0.997248522, 1.64320283e-005, 2.40405664e-005, -1.46903004e-005, -1, 0.997248527, 0.0741307898, 2.98097747e-005, 0.0741307895, -0.997248528, 8.3715436e-006, 3.0348343e-005, -6.1386874e-006, -1, 0, 0, 0, 0, 0, 0, 0, 0.302716431, -0.157763257, -0.157438916, -0.0743038487, 0.854256866, -0.514340324, -0.916992187, 0.144042969, 0.371704102, 0.391566588, 0.499343587, 0.772836785, 0, 0, 0, 0, 0, 0, 0, 0.337585059, -0.12653208, -0.137343066, -0.199253979, 0.253234289, -0.946600904, 0.314575195, -0.89831543, -0.306518555, -0.928011063, -0.35867337, 0.0993514259, 0, 2, 1, 1, 
396.797694, 22, 0.1, 0.1, -0.00511903203, 0.368087643, -0.019969945, 0.997248471, 0.0741315432, -2.99873089e-005, 0.0741315424, -0.997248471, -2.84010288e-005, -3.20102101e-005, 2.6099877e-005, -0.999999999, 0.997248483, 0.0741313867, -3.83432768e-005, 0.0741313856, -0.997248483, -3.03297396e-005, -4.04861603e-005, 2.74038465e-005, -0.999999999, 0, 0, 0, 0, 0, 0, 0, 0.302716431, -0.157763257, -0.157438916, -0.0814087094, 0.855596213, -0.510975297, -0.919555664, 0.133178711, 0.369384766, 0.384164044, 0.499996599, 0.776135167, 0, 0, 0, 0, 0, 0, 0, 0.337585059, -0.12653208, -0.137343066, -0.199253979, 0.253234289, -0.946600904, 0.314575195, -0.89831543, -0.306518555, -0.928011063, -0.35867337, 0.0993514259, 0, 2, 1, 1, 
396.798412, 22, 0.1, 0.1, -0.00511902837, 0.368087644, -0.0199680182, 0.997248419, 0.0741322509, 2.72156041e-005, 0.0741322507, -0.997248419, 7.96684564e-006, 2.77313184e-005, -5.92737023e-006, -1, 0.997248428, 0.0741321288, 3.2839127e-005, 0.0741321283, -0.997248428, 1.82566912e-005, 3.41021751e-005, -1.57720222e-005, -0.999999999, 0, 0, 0, 0, 0, 0, 0, 0.305009717, -0.159032275, -0.156587183, -0.0814087094, 0.855596213, -0.510975297, -0.919555664, 0.133178711, 0.369384766, 0.384164044, 0.499996599, 0.776135167, 0, 0, 0, 0, 0, 0, 0, 0.338991504, -0.127958594, -0.13685459, -0.202671814, 0.251150039, -0.946364298, 0.322021484, -0.895629883, -0.306640625, -0.924688011, -0.36687071, 0.100603721, 0, 2, 1, 1, 
396.799102, 22, 0.1, 0.1, -0.00511903181, 0.368087642, -0.0199666876, 0.997248394, 0.0741325849, -2.61759131e-005, 0.0741325852, -0.997248394, 1.34269814e-005, -2.51085105e-005, -1.53305237e-005, -1, 0.997248396, 0.0741325557, -3.2235428e-005, 0.0741325554, -0.997248396, -8.8113655e-006, -3.27999379e-005, 6.39742546e-006, -0.999999999, 0, 0, 0, 0, 0, 0, 0, 0.305009717, -0.159032275, -0.156587183, -0.0814087094, 0.855596213, -0.510975297, -0.919555664, 0.133178711, 0.369384766, 0.384164044, 0.499996599, 0.776135167, 0, 0, 0, 0, 0, 0, 0, 0.338991504, -0.127958594, -0.13685459, -0.202671814, 0.251150039, -0.946364298, 0.322021484, -0.895629883, -0.306640625, -0.924688011, -0.36687071, 0.100603721, 0, 2, 1, 1, 
396.799806, 22, 0.1, 0.1, -0.00511902679, 0.368087644, -0.0199662344, 0.997248412, 0.0741323341, 3.62004731e-005, 0.0741323346, -0.997248413, -1.26649435e-005, 3.51619825e-005, 1.53137203e-005, -0.999999999, 0.997248405, 0.0741324248, 4.24691719e-005, 0.0741324249, -0.997248406, -2.33209135e-006, 4.21794304e-005, 5.47401708e-006, -0.999999999, 0, 0, 0, 0, 0, 0, 0, 0.305009717, -0.159032275, -0.156587183, -0.0814087094, 0.855596213, -0.510975297, -0.919555664, 0.133178711, 0.369384766, 0.384164044, 0.499996599, 0.776135167, 0, 0, 0, 0, 0, 0, 0, 0.338991504, -0.127958594, -0.13685459, -0.202671814, 0.251150039, -0.946364298, 0.322021484, -0.895629883, -0.306640625, -0.924688011, -0.36687071, 0.100603721, 0, 2, 1, 1, 
396.80052, 22, 0.1, 0.1, -0.00511903042, 0.368087646, -0.0199667099, 0.997248466, 0.0741316083, -2.89396108e-005, 0.0741316091, -0.997248466, 2.66436283e-005, -2.68848475e-005, -2.87156573e-005, -0.999999999, 0.997248454, 0.0741317666, -3.55792125e-005, 0.0741317676, -0.997248455, 2.70567441e-005, -3.34755504e-005, -2.96198461e-005, -0.999999999, 0, 0, 0, 0, 0, 0, 0, 0.305009717, -0.159032275, -0.156587183, -0.0814087094, 0.855596213, -0.510975297, -0.919555664, 0.133178711, 0.369384766, 0.384164044, 0.499996599, 0.776135167, 0, 0, 0, 0, 0, 0, 0, 0.338991504, -0.127958594, -0.13685459, -0.202671814, 0.251150039, -0.946364298, 0.322021484, -0.895629883, -0.306640625, -0.924688011, -0.36687071, 0.100603721, 0, 2, 1, 1, 
396.801224, 22, 0.1, 0.1, -0.00511902657, 0.368087645, -0.0199679298, 0.997248524, 0.0741308392, 2.62700895e-005, 0.0741308393, -0.997248524, -5.1859106e-006, 2.5813372e-005, 7.11906547e-006, -1, 0.997248512, 0.0741309915, 3.46988916e-005, 0.074130992, -0.997248513, -1.41636203e-005, 3.35534548e-005, 1.66969126e-005, -0.999999999, 0, 0, 0, 0, 0, 0, 0, 0.305009717, -0.159032275, -0.156587183, -0.0814087094, 0.855596213, -0.510975297, -0.919555664, 0.133178711, 0.369384766, 0.384164044, 0.499996599, 0.776135167, 0, 0, 0, 0, 0, 0, 0, 0.338991504, -0.127958594, -0.13685459, -0.202671814, 0.251150039, -0.946364298, 0.322021484, -0.895629883, -0.306640625, -0.924688011, -0.36687071, 0.100603721, 0, 2, 1, 1, 
396.801913, 22, 0.1, 0.1, -0.00511903097, 0.368087646, -0.0199694797, 0.997248555, 0.0741304115, -3.00493358e-005, 0.074130411, -0.997248556, -1.83050409e-005, -3.13236169e-005, 1.60271059e-005, -0.999999999, 0.997248552, 0.0741304575, -3.72729511e-005, 0.0741304576, -0.997248552, 1.51968266e-006, -3.70577418e-005, -4.27856225e-006, -0.999999999, 0, 0, 0, 0, 0, 0, 0, 0.305009717, -0.159032275, -0.156587183, -0.0814087094, 0.855596213, -0.510975297, -0.919555664, 0.133178711, 0.369384766, 0.384164044, 0.499996599, 0.776135167, 0, 0, 0, 0, 0, 0, 0, 0.338991504, -0.127958594, -0.13685459, -0.202671814, 0.251150039, -0.946364298, 0.322021484, -0.895629883, -0.306640625, -0.924688011, -0.36687071, 0.100603721, 0, 2, 1, 1, 
396.802646, 22, 0.1, 0.1, -0.00511902778, 0.368087644, -0.0199708161, 0.997248545, 0.0741305574, 1.9929271e-005, 0.0741305568, -0.997248545, 2.99260722e-005, 2.20928729e-005, -2.8366364e-005, -0.999999999, 0.99724855, 0.0741304797, 2.91204839e-005, 0.0741304797, -0.997248551, 1.86322986e-006, 2.91784825e-005, 3.0061217e-007, -1, 0, 0, 0, 0, 0, 0, 0, 0.305009717, -0.159032275, -0.156587183, -0.0913450306, 0.857233982, -0.50661353, -0.922607422, 0.118408203, 0.366821289, 0.374490936, 0.500973121, 0.780264416, 0, 0, 0, 0, 0, 0, 0, 0.338991504, -0.127958594, -0.13685459, -0.202671814, 0.251150039, -0.946364298, 0.322021484, -0.895629883, -0.306640625, -0.924688011, -0.36687071, 0.100603721, 0, 2, 1, 1, 
396.80336, 22, 0.1, 0.1, -0.00511903232, 0.368087651, -0.0199713376, 0.997248493, 0.0741312565, -2.76568628e-005, 0.0741312566, -0.997248493, 3.29645671e-006, -2.73363943e-005, -5.33762448e-006, -1, 0.997248505, 0.0741310897, -3.53987387e-005, 0.0741310906, -0.997248505, 2.56564865e-005, -3.33993959e-005, -2.82100399e-005, -0.999999999, 0, 0, 0, 0, 0, 0, 0, 0.307374634, -0.158945605, -0.155681982, -0.0913450306, 0.857233982, -0.50661353, -0.922607422, 0.118408203, 0.366821289, 0.374490936, 0.500973121, 0.780264416, 0, 0, 0, 0, 0, 0, 0, 0.340850049, -0.127875391, -0.136603027, -0.20649833, 0.249461344, -0.946025612, 0.333374023, -0.891113281, -0.307739258, -0.919812257, -0.378831499, 0.100884804, 0, 2, 1, 1, 
396.804049, 22, 0.1, 0.1, -0.00511902861, 0.368087642, -0.0199713098, 0.997248416, 0.074132281, 2.80439654e-005, 0.0741322822, -0.997248416, -4.15519416e-005, 2.48864599e-005, 4.35165711e-005, -0.999999999, 0.997248432, 0.0741320696, 3.30665767e-005, 0.0741320713, -0.997248431, -5.1757805e-005, 2.91386785e-005, 5.40666837e-005, -0.999999998, 0, 0, 0, 0, 0, 0, 0, 0.307374634, -0.158945605, -0.155681982, -0.0913450306, 0.857233982, -0.50661353, -0.922607422, 0.118408203, 0.366821289, 0.374490936, 0.500973121, 0.780264416, 0, 0, 0, 0, 0, 0, 0, 0.340850049, -0.127875391, -0.136603027, -0.20649833, 0.249461344, -0.946025612, 0.333374023, -0.891113281, -0.307739258, -0.919812257, -0.378831499, 0.100884804, 0, 2, 1, 1, 
396.804744, 22, 0.1, 0.1, -0.00511903111, 0.368087645, -0.0199708336, 0.997248341, 0.0741332989, -1.87223041e-005, 0.0741332994, -0.997248341, 2.95989195e-005, -1.64765212e-005, -3.09054195e-005, -0.999999999, 0.997248354, 0.0741331169, -2.55071415e-005, 0.0741331177, -0.997248354, 3.06824321e-005, -2.31623706e-005, -3.24889289e-005, -0.999999999, 0, 0, 0, 0, 0, 0, 0, 0.307374634, -0.158945605, -0.155681982, -0.0913450306, 0.857233982, -0.50661353, -0.922607422, 0.118408203, 0.366821289, 0.374490936, 0.500973121, 0.780264416, 0, 0, 0, 0, 0, 0, 0, 0.340850049, -0.127875391, -0.136603027, -0.20649833, 0.249461344, -0.946025612, 0.333374023, -0.891113281, -0.307739258, -0.919812257, -0.378831499, 0.100884804, 0, 2, 1, 1, 
396.805462, 22, 0.1, 0.1, -0.00511902528, 0.368087644, -0.0199698531, 0.997248277, 0.0741341573, 3.53002588e-005, 0.0741341576, -0.997248277, -4.79296576e-006, 3.48477998e-005, 7.39673179e-006, -0.999999999, 0.997248288, 0.0741340028, 4.31827281e-005, 0.0741340034, -0.997248289, -1.20429297e-005, 4.21711111e-005, 1.52110995e-005, -0.999999999, 0, 0, 0, 0, 0, 0, 0, 0.309419873, -0.158392676, -0.155589062, -0.103260605, 0.85932182, -0.500665291, -0.924682617, 0.102539062, 0.366577148, 0.366367231, 0.500889624, 0.784265985, 0, 0, 0, 0, 0, 0, 0, 0.34269541, -0.127768994, -0.136111621, -0.210593168, 0.248149613, -0.945444124, 0.344482422, -0.886230469, -0.309326172, -0.91471922, -0.39087541, 0.101191406, 0, 2, 1, 1, 
396.806156, 22, 0.1, 0.1, -0.00511902796, 0.368087645, -0.0199689235, 0.997248207, 0.0741351035, -2.18526286e-005, 0.074135103, -0.997248207, -2.18407083e-005, -2.34116579e-005, 2.01605603e-005, -1, 0.997248223, 0.0741348884, -2.86803231e-005, 0.0741348884, -0.997248223, -1.30260041e-006, -2.86979694e-005, -8.27196609e-007, -1, 0, 0, 0, 0, 0, 0, 0, 0.309419873, -0.158392676, -0.155589062, -0.103260605, 0.85932182, -0.500665291, -0.924682617, 0.102539062, 0.366577148, 0.366367231, 0.500889624, 0.784265985, 0, 0, 0, 0, 0, 0, 0, 0.34269541, -0.127768994, -0.136111621, -0.210593168, 0.248149613, -0.945444124, 0.344482422, -0.886230469, -0.309326172, -0.91471922, -0.39087541, 0.101191406, 0, 2, 1, 1, 
396.806842, 22, 0.1, 0.1, -0.00511902426, 0.368087642, -0.0199682866, 0.997248107, 0.074136444, 2.14236146e-005, 0.0741364434, -0.997248107, 2.71155971e-005, 2.3374913e-005, -2.54527073e-005, -0.999999999, 0.997248128, 0.0741361533, 3.15373112e-005, 0.0741361533, -0.997248129, 1.6288233e-007, 3.14626e-005, 2.17562084e-006, -1, 0, 0, 0, 0, 0, 0, 0, 0.309419873, -0.158392676, -0.155589062, -0.103260605, 0.85932182, -0.500665291, -0.924682617, 0.102539062, 0.366577148, 0.366367231, 0.500889624, 0.784265985, 0, 0, 0, 0, 0, 0, 0, 0.34269541, -0.127768994, -0.136111621, -0.210593168, 0.248149613, -0.945444124, 0.344482422, -0.886230469, -0.309326172, -0.91471922, -0.39087541, 0.101191406, 0, 2, 1, 1, 
396.807534, 22, 0.1, 0.1, -0.00511902971, 0.368087648, -0.0199682108, 0.997247976, 0.074138208, -3.5044148e-005, 0.074138208, -0.997247976, -1.43374815e-006, -3.50540012e-005, -1.16830789e-006, -0.999999999, 0.997248003, 0.0741378364, -4.2693256e-005, 0.0741378374, -0.997248004, 2.2609845e-005, -4.08995193e-005, -2.57128085e-005, -0.999999999, 0, 0, 0, 0, 0, 0, 0, 0.309419873, -0.158392676, -0.155589062, -0.103260605, 0.85932182, -0.500665291, -0.924682617, 0.102539062, 0.366577148, 0.366367231, 0.500889624, 0.784265985, 0, 0, 0, 0, 0, 0, 0, 0.34269541, -0.127768994, -0.136111621, -0.210593168, 0.248149613, -0.945444124, 0.344482422, -0.886230469, -0.309326172, -0.91471922, -0.39087541, 0.101191406, 0, 2, 1, 1, 
396.808227, 22, 0.1, 0.1, -0.00511902686, 0.368087638, -0.0199686458, 0.997247825, 0.0741402349, 2.3568412e-005, 0.074140236, -0.997247824, -4.84073669e-005, 1.9914614e-005, 5.0021509e-005, -0.999999999, 0.997247856, 0.074139816, 2.9566986e-005, 0.0741398177, -0.997247855, -6.04912399e-005, 2.50008039e-005, 6.25168502e-005, -0.999999998, 0, 0, 0, 0, 0, 0, 0, 0.309419873, -0.158392676, -0.155589062, -0.103260605, 0.85932182, -0.500665291, -0.924682617, 0.102539062, 0.366577148, 0.366367231, 0.500889624, 0.784265985, 0, 0, 0, 0, 0, 0, 0, 0.34269541, -0.127768994, -0.136111621, -0.210593168, 0.248149613, -0.945444124, 0.344482422, -0.886230469, -0.309326172, -0.91471922, -0.39087541, 0.101191406, 0, 2, 1, 1, 
396.808912, 22, 0.1, 0.1, -0.00511903087, 0.36808764, -0.0199694202, 0.997247686, 0.0741421118, -2.68187216e-005, 0.0741421126, -0.997247685, 3.24794535e-005, -2.43368128e-005, -3.43784565e-005, -0.999999999, 0.997247711, 0.0741417709, -3.40265306e-005, 0.074141772, -0.997247711, 3.19486397e-005, -3.1564151e-005, -3.43834951e-005, -0.999999999, 0, 0, 0, 0, 0, 0, 0, 0.309419873, -0.158392676, -0.155589062, -0.103260605, 0.85932182, -0.500665291, -0.924682617, 0.102539062, 0.366577148, 0.366367231, 0.500889624, 0.784265985, 0, 0, 0, 0, 0, 0, 0, 0.34269541, -0.127768994, -0.136111621, -0.210593168, 0.248149613, -0.945444124, 0.344482422, -0.886230469, -0.309326172, -0.91471922, -0.39087541, 0.101191406, 0, 2, 1, 1, 
396.809612, 22, 0.1, 0.1, -0.00511902621, 0.368087637, -0.0199702345, 0.99724758, 0.074143529, 3.44675956e-005, 0.0741435305, -0.997247579, -4.58113511e-005, 3.09761111e-005, 4.82408082e-005, -0.999999998, 0.997247597, 0.0741433019, 3.93018374e-005, 0.0741433034, -0.997247597, -3.89008738e-005, 3.63094236e-005, 4.1707771e-005, -0.999999998, 0, 0, 0, 0, 0, 0, 0, 0.309419873, -0.158392676, -0.155589062, -0.103260605, 0.85932182, -0.500665291, -0.924682617, 0.102539062, 0.366577148, 0.366367231, 0.500889624, 0.784265985, 0, 0, 0, 0, 0, 0, 0, 0.34269541, -0.127768994, -0.136111621, -0.210593168, 0.248149613, -0.945444124, 0.344482422, -0.886230469, -0.309326172, -0.91471922, -0.39087541, 0.101191406, 0, 2, 1, 1, 
396.810337, 22, 0.1, 0.1, -0.00511902833, 0.368087636, -0.0199705691, 0.997247519, 0.0741443546, -1.98594695e-005, 0.0741443555, -0.997247518, 4.3881322e-005, -1.65512544e-005, -4.52330071e-005, -0.999999999, 0.997247526, 0.0741442631, -2.50159147e-005, 0.0741442637, -0.997247526, 2.3921506e-005, -2.31734166e-005, -2.57104493e-005, -0.999999999, 0, 0, 0, 0, 0, 0, 0, 0.311754761, -0.158106445, -0.155352124, -0.113894122, 0.860521503, -0.496215157, -0.926513672, 0.0882568359, 0.365722656, 0.358534836, 0.501441164, 0.787392503, 0, 0, 0, 0, 0, 0, 0, 0.344330469, -0.128099805, -0.135851514, -0.214234483, 0.246218481, -0.945169238, 0.353515625, -0.882446289, -0.310058594, -0.910437715, -0.400529569, 0.102079497, 0, 2, 1, 1, 
396.811019, 22, 0.1, 0.1, -0.00511902407, 0.368087642, -0.0199706231, 0.997247512, 0.0741444518, 3.19612355e-005, 0.0741444521, -0.997247512, -5.83943142e-006, 3.14403011e-005, 8.19310674e-006, -0.999999999, 0.997247509, 0.0741444784, 3.6147872e-005, 0.0741444776, -0.99724751, 2.28560347e-005, 3.77430241e-005, -2.01129586e-005, -0.999999999, 0, 0, 0, 0, 0, 0, 0, 0.311754761, -0.158106445, -0.155352124, -0.113894122, 0.860521503, -0.496215157, -0.926513672, 0.0882568359, 0.365722656, 0.358534836, 0.501441164, 0.787392503, 0, 0, 0, 0, 0, 0, 0, 0.344330469, -0.128099805, -0.135851514, -0.214234483, 0.246218481, -0.945169238, 0.353515625, -0.882446289, -0.310058594, -0.910437715, -0.400529569, 0.102079497, 0, 2, 1, 1, 
396.811715, 22, 0.1, 0.1, -0.00511902631, 0.368087637, -0.0199704665, 0.997247549, 0.0741439509, -2.13774653e-005, 0.0741439508, -0.997247549, -5.19939937e-006, -2.17041289e-005, 3.60007854e-006, -1, 0.997247539, 0.0741440781, -2.54760042e-005, 0.0741440775, -0.99724754, -2.5252126e-005, -2.72781781e-005, 2.32937257e-005, -0.999999999, 0, 0, 0, 0, 0, 0, 0, 0.311754761, -0.158106445, -0.155352124, -0.113894122, 0.860521503, -0.496215157, -0.926513672, 0.0882568359, 0.365722656, 0.358534836, 0.501441164, 0.787392503, 0, 0, 0, 0, 0, 0, 0, 0.344330469, -0.128099805, -0.135851514, -0.214234483, 0.246218481, -0.945169238, 0.353515625, -0.882446289, -0.310058594, -0.910437715, -0.400529569, 0.102079497, 0, 2, 1, 1, 
396.812407, 22, 0.1, 0.1, -0.00511902296, 0.368087645, -0.0199701469, 0.997247611, 0.07414311, 2.55363877e-005, 0.0741431092, -0.997247611, 3.24179755e-005, 2.78696711e-005, -3.04354014e-005, -0.999999999, 0.997247598, 0.0741432877, 2.99201236e-005, 0.0741432863, -0.997247598, 4.63114445e-005, 3.32714542e-005, -4.39656005e-005, -0.999999998, 0, 0, 0, 0, 0, 0, 0, 0.311754761, -0.158106445, -0.155352124, -0.113894122, 0.860521503, -0.496215157, -0.926513672, 0.0882568359, 0.365722656, 0.358534836, 0.501441164, 0.787392503, 0, 0, 0, 0, 0, 0, 0, 0.344330469, -0.128099805, -0.135851514, -0.214234483, 0.246218481, -0.945169238, 0.353515625, -0.882446289, -0.310058594, -0.910437715, -0.400529569, 0.102079497, 0, 2, 1, 1, 
396.813097, 22, 0.1, 0.1, -0.00511902534, 0.368087638, -0.0199697549, 0.997247677, 0.0741422371, -1.86671162e-005, 0.074142236, -0.997247675, -5.44091485e-005, -2.26497543e-005, 5.28753752e-005, -0.999999998, 0.997247665, 0.0741423948, -2.37187996e-005, 0.0741423934, -0.997247663, -5.60665259e-005, -2.7810424e-005, 5.41536434e-005, -0.999999998, 0, 0, 0, 0, 0, 0, 0, 0.311754761, -0.158106445, -0.155352124, -0.113894122, 0.860521503, -0.496215157, -0.926513672, 0.0882568359, 0.365722656, 0.358534836, 0.501441164, 0.787392503, 0, 0, 0, 0, 0, 0, 0, 0.344330469, -0.128099805, -0.135851514, -0.214234483, 0.246218481, -0.945169238, 0.353515625, -0.882446289, -0.310058594, -0.910437715, -0.400529569, 0.102079497, 0, 2, 1, 1, 
396.813836, 22, 0.1, 0.1, -0.00511902144, 0.368087639, -0.0199687779, 0.997247721, 0.0741416359, 2.11524847e-005, 0.074141635, -0.997247721, 4.23439185e-005, 2.42337146e-005, -4.06590964e-005, -0.999999999, 0.997247716, 0.0741416995, 2.97915408e-005, 0.0741416985, -0.997247716, 3.51351001e-005, 3.23145221e-005, -3.28296029e-005, -0.999999999, 0, 0, 0, 0, 0, 0, 0, 0.311754761, -0.158106445, -0.155352124, -0.113894122, 0.860521503, -0.496215157, -0.926513672, 0.0882568359, 0.365722656, 0.358534836, 0.501441164, 0.787392503, 0, 0, 0, 0, 0, 0, 0, 0.344330469, -0.128099805, -0.135851514, -0.214234483, 0.246218481, -0.945169238, 0.353515625, -0.882446289, -0.310058594, -0.910437715, -0.400529569, 0.102079497, 0, 2, 1, 1, 
396.81455, 22, 0.1, 0.1, -0.00511902636, 0.368087637, -0.0199681434, 0.997247718, 0.0741416697, -2.83853885e-005, 0.0741416681, -0.997247717, -5.51044351e-005, -3.23927987e-005, 5.28482321e-005, -0.999999998, 0.997247724, 0.0741415967, -3.71594573e-005, 0.0741415954, -0.997247724, -3.37762574e-005, -3.95614099e-005, 3.09282344e-005, -0.999999999, 0, 0, 0, 0, 0, 0, 0, 0.311754761, -0.158106445, -0.155352124, -0.119658515, 0.861181628, -0.493821783, -0.927368164, 0.0804443359, 0.365112305, 0.354133373, 0.501707387, 0.789238085, 0, 0, 0, 0, 0, 0, 0, 0.344330469, -0.128099805, -0.135851514, -0.214234483, 0.246218481, -0.945169238, 0.353515625, -0.882446289, -0.310058594, -0.910437715, -0.400529569, 0.102079497, 0, 2, 1, 1, 
396.81526, 22, 0.1, 0.1, -0.00511902326, 0.368087631, -0.0199677555, 0.997247668, 0.0741423515, 1.91316411e-005, 0.0741423512, -0.997247668, 1.53612916e-005, 2.02179068e-005, -1.39005474e-005, -1, 0.997247682, 0.074142165, 2.91958664e-005, 0.0741421655, -0.997247682, -1.813089e-005, 2.77712466e-005, 2.02456328e-005, -0.999999999, 0, 0, 0, 0, 0, 0, 0, 0.313009473, -0.15918811, -0.15477771, -0.119658515, 0.861181628, -0.493821783, -0.927368164, 0.0804443359, 0.365112305, 0.354133373, 0.501707387, 0.789238085, 0, 0, 0, 0, 0, 0, 0, 0.34507207, -0.129041016, -0.135359619, -0.217505396, 0.244211156, -0.944958151, 0.35949707, -0.880004883, -0.310180664, -0.907344706, -0.407123168, 0.103574596, 0, 2, 1, 1, 
396.815947, 22, 0.1, 0.1, -0.00511902907, 0.368087637, -0.0199679648, 0.997247576, 0.0741435765, -3.68250048e-005, 0.0741435769, -0.997247577, 9.34050756e-006, -3.60311082e-005, -1.20451361e-005, -0.999999999, 0.997247596, 0.0741433121, -4.46282748e-005, 0.0741433135, -0.997247596, 2.9575472e-005, -4.23126163e-005, -3.28029565e-005, -0.999999999, 0, 0, 0, 0, 0, 0, 0, 0.313009473, -0.15918811, -0.15477771, -0.119658515, 0.861181628, -0.493821783, -0.927368164, 0.0804443359, 0.365112305, 0.354133373, 0.501707387, 0.789238085, 0, 0, 0, 0, 0, 0, 0, 0.34507207, -0.129041016, -0.135359619, -0.217505396, 0.244211156, -0.944958151, 0.35949707, -0.880004883, -0.310180664, -0.907344706, -0.407123168, 0.103574596, 0, 2, 1, 1, 
396.816644, 22, 0.1, 0.1, -0.005119026, 0.36808763, -0.0199686959, 0.997247463, 0.0741451113, 2.65010352e-005, 0.074145112, -0.997247463, -2.69581426e-005, 2.44292756e-005, 2.88488616e-005, -0.999999999, 0.997247486, 0.0741447998, 3.18188991e-005, 0.0741448011, -0.997247485, -4.00072354e-005, 2.87649886e-005, 4.22563208e-005, -0.999999999, 0, 0, 0, 0, 0, 0, 0, 0.313009473, -0.15918811, -0.15477771, -0.119658515, 0.861181628, -0.493821783, -0.927368164, 0.0804443359, 0.365112305, 0.354133373, 0.501707387, 0.789238085, 0, 0, 0, 0, 0, 0, 0, 0.34507207, -0.129041016, -0.135359619, -0.217505396, 0.244211156, -0.944958151, 0.35949707, -0.880004883, -0.310180664, -0.907344706, -0.407123168, 0.103574596, 0, 2, 1, 1, 
396.817384, 22, 0.1, 0.1, -0.0051190301, 0.368087638, -0.0199695315, 0.997247345, 0.0741466926, -2.66735973e-005, 0.0741466939, -0.997247344, 5.43763566e-005, -2.25683471e-005, -5.62044363e-005, -0.999999998, 0.997247367, 0.0741463938, -3.33212928e-005, 0.0741463955, -0.997247366, 5.56230922e-005, -2.91053198e-005, -5.7940636e-005, -0.999999998, 0, 0, 0, 0, 0, 0, 0, 0.314014453, -0.160266357, -0.154402124, -0.125968456, 0.861924129, -0.490946139, -0.928100586, 0.072265625, 0.364990234, 0.350189092, 0.501713378, 0.791007282, 0, 0, 0, 0, 0, 0, 0, 0.34507207, -0.129041016, -0.135359619, -0.220277943, 0.242433875, -0.944708785, 0.365356445, -0.877441406, -0.310424805, -0.904322059, -0.413569846, 0.10470549, 0, 2, 1, 1, 
396.818082, 22, 0.1, 0.1, -0.00511902639, 0.368087638, -0.0199699636, 0.997247265, 0.0741477671, 2.70001137e-005, 0.0741477681, -0.997247265, -3.69248741e-005, 2.41878926e-005, 3.88252279e-005, -0.999999999, 0.997247277, 0.0741476069, 3.32810931e-005, 0.0741476078, -0.997247277, -2.64346186e-005, 3.12294158e-005, 2.88295648e-005, -0.999999999, 0, 0, 0, 0, 0, 0, 0, 0.314014453, -0.160266357, -0.154402124, -0.125968456, 0.861924129, -0.490946139, -0.928100586, 0.072265625, 0.364990234, 0.350189092, 0.501713378, 0.791007282, 0, 0, 0, 0, 0, 0, 0, 0.345845166, -0.129963916, -0.134649609, -0.220277943, 0.242433875, -0.944708785, 0.365356445, -0.877441406, -0.310424805, -0.904322059, -0.413569846, 0.10470549, 0, 2, 1, 1, 
396.818786, 22, 0.1, 0.1, -0.00511903045, 0.368087636, -0.0199701031, 0.997247231, 0.0741482187, -3.10462722e-005, 0.0741482198, -0.997247231, 3.43565332e-005, -2.84133333e-005, -3.65639834e-005, -0.999999999, 0.997247234, 0.0741481888, -3.61476576e-005, 0.0741481894, -0.997247234, 1.66456821e-005, -3.48139044e-005, -1.92801437e-005, -0.999999999, 0, 0, 0, 0, 0, 0, 0, 0.314014453, -0.160266357, -0.154402124, -0.125968456, 0.861924129, -0.490946139, -0.928100586, 0.072265625, 0.364990234, 0.350189092, 0.501713378, 0.791007282, 0, 0, 0, 0, 0, 0, 0, 0.345845166, -0.129963916, -0.134649609, -0.220277943, 0.242433875, -0.944708785, 0.365356445, -0.877441406, -0.310424805, -0.904322059, -0.413569846, 0.10470549, 0, 2, 1, 1, 
396.819491, 22, 0.1, 0.1, -0.00511902783, 0.36808764, -0.0199701134, 0.997247246, 0.0741480238, 2.34681173e-005, 0.0741480244, -0.997247246, -2.62276149e-005, 2.14587896e-005, 2.78955313e-005, -0.999999999, 0.997247239, 0.0741481137, 2.77038679e-005, 0.0741481136, -0.99724724, 5.92287174e-006, 2.80667756e-005, -3.85237795e-006, -1, 0, 0, 0, 0, 0, 0, 0, 0.314014453, -0.160266357, -0.154402124, -0.125968456, 0.861924129, -0.490946139, -0.928100586, 0.072265625, 0.364990234, 0.350189092, 0.501713378, 0.791007282, 0, 0, 0, 0, 0, 0, 0, 0.345845166, -0.129963916, -0.134649609, -0.220277943, 0.242433875, -0.944708785, 0.365356445, -0.877441406, -0.310424805, -0.904322059, -0.413569846, 0.10470549, 0, 2, 1, 1, 
396.820182, 22, 0.1, 0.1, -0.00511903115, 0.368087631, -0.0199699847, 0.997247303, 0.0741472607, -2.59955525e-005, 0.0741472602, -0.997247303, -2.06330855e-005, -2.74538814e-005, 1.86487899e-005, -0.999999999, 0.997247289, 0.0741474452, -3.01995437e-005, 0.0741474439, -0.997247289, -4.35866197e-005, -3.33482495e-005, 4.12274194e-005, -0.999999999, 0, 0, 0, 0, 0, 0, 0, 0.314014453, -0.160266357, -0.154402124, -0.125968456, 0.861924129, -0.490946139, -0.928100586, 0.072265625, 0.364990234, 0.350189092, 0.501713378, 0.791007282, 0, 0, 0, 0, 0, 0, 0, 0.345845166, -0.129963916, -0.134649609, -0.220277943, 0.242433875, -0.944708785, 0.365356445, -0.877441406, -0.310424805, -0.904322059, -0.413569846, 0.10470549, 0, 2, 1, 1, 
396.820871, 22, 0.1, 0.1, -0.00511902847, 0.368087637, -0.0199698185, 0.997247384, 0.0741461733, 2.23818542e-005, 0.0741461726, -0.997247384, 2.88670243e-005, 2.44606249e-005, -2.71280356e-005, -0.999999999, 0.997247367, 0.0741463977, 2.67056117e-005, 0.0741463966, -0.997247367, 4.07847387e-005, 2.96561424e-005, -3.86923484e-005, -0.999999999, 0, 0, 0, 0, 0, 0, 0, 0.314014453, -0.160266357, -0.154402124, -0.125968456, 0.861924129, -0.490946139, -0.928100586, 0.072265625, 0.364990234, 0.350189092, 0.501713378, 0.791007282, 0, 0, 0, 0, 0, 0, 0, 0.345845166, -0.129963916, -0.134649609, -0.220277943, 0.242433875, -0.944708785, 0.365356445, -0.877441406, -0.310424805, -0.904322059, -0.413569846, 0.10470549, 0, 2, 1, 1, 
396.821567, 22, 0.1, 0.1, -0.00511903146, 0.368087631, -0.0199696543, 0.997247464, 0.074145092, -2.16345114e-005, 0.0741450909, -0.997247463, -4.93535467e-005, -2.52342849e-005, 4.76136065e-005, -0.999999999, 0.997247449, 0.0741452893, -2.6976208e-005, 0.0741452878, -0.997247448, -5.27761547e-005, -3.08150578e-005, 5.06307269e-005, -0.999999998, 0, 0, 0, 0, 0, 0, 0, 0.314014453, -0.160266357, -0.154402124, -0.125968456, 0.861924129, -0.490946139, -0.928100586, 0.072265625, 0.364990234, 0.350189092, 0.501713378, 0.791007282, 0, 0, 0, 0, 0, 0, 0, 0.345845166, -0.129963916, -0.134649609, -0.220277943, 0.242433875, -0.944708785, 0.365356445, -0.877441406, -0.310424805, -0.904322059, -0.413569846, 0.10470549, 0, 2, 1, 1, 
396.822287, 22, 0.1, 0.1, -0.00511902847, 0.368087634, -0.0199693836, 0.99724752, 0.0741443446, 1.6639532e-005, 0.0741443436, -0.997247519, 5.44867671e-005, 2.06336176e-005, -5.31030662e-005, -0.999999998, 0.997247512, 0.0741444429, 2.47132016e-005, 0.0741444418, -0.997247512, 4.55603617e-005, 2.80232264e-005, -4.36026108e-005, -0.999999999, 0, 0, 0, 0, 0, 0, 0, 0.315333374, -0.16203606, -0.154092212, -0.130583341, 0.862222552, -0.48930837, -0.928466797, 0.0666503906, 0.365234375, 0.347583036, 0.502036888, 0.791983804, 0, 0, 0, 0, 0, 0, 0, 0.346589697, -0.13149917, -0.134374121, -0.223203975, 0.240778362, -0.944548737, 0.368774414, -0.875976563, -0.310546875, -0.902174743, -0.417671614, 0.106686195, 0, 2, 1, 1, 
396.822971, 22, 0.1, 0.1, -0.0051190331, 0.368087636, -0.0199691228, 0.99724753, 0.0741442071, -2.72310898e-005, 0.0741442062, -0.99724753, -3.32512623e-005, -2.96215255e-005, 3.11407116e-005, -0.999999999, 0.997247532, 0.0741441775, -3.5571048e-005, 0.074144177, -0.997247532, -1.45561054e-005, -3.65523903e-005, 1.18786541e-005, -0.999999999, 0, 0, 0, 0, 0, 0, 0, 0.315333374, -0.16203606, -0.154092212, -0.130583341, 0.862222552, -0.48930837, -0.928466797, 0.0666503906, 0.365234375, 0.347583036, 0.502036888, 0.791983804, 0, 0, 0, 0, 0, 0, 0, 0.346589697, -0.13149917, -0.134374121, -0.223203975, 0.240778362, -0.944548737, 0.368774414, -0.875976563, -0.310546875, -0.902174743, -0.417671614, 0.106686195, 0, 2, 1, 1, 
396.823669, 22, 0.1, 0.1, -0.00511902967, 0.368087633, -0.0199690563, 0.997247494, 0.0741446948, 2.16789738e-005, 0.0741446942, -0.997247494, 2.62177428e-005, 2.35632088e-005, -2.45381974e-005, -0.999999999, 0.997247504, 0.0741445578, 3.06427847e-005, 0.0741445579, -0.997247504, -2.28532618e-006, 3.03889961e-005, 4.55103155e-006, -1, 0, 0, 0, 0, 0, 0, 0, 0.315333374, -0.16203606, -0.154092212, -0.130583341, 0.862222552, -0.48930837, -0.928466797, 0.0666503906, 0.365234375, 0.347583036, 0.502036888, 0.791983804, 0, 0, 0, 0, 0, 0, 0, 0.346589697, -0.13149917, -0.134374121, -0.223203975, 0.240778362, -0.944548737, 0.368774414, -0.875976563, -0.310546875, -0.902174743, -0.417671614, 0.106686195, 0, 2, 1, 1, 
396.824367, 22, 0.1, 0.1, -0.0051190343, 0.36808764, -0.0199692188, 0.997247417, 0.0741457245, -2.92721266e-005, 0.0741457247, -0.997247417, 7.12400889e-006, -2.86633379e-005, -9.27480251e-006, -1, 0.997247434, 0.0741454955, -3.72534546e-005, 0.0741454966, -0.997247434, 2.903637e-005, -3.4997996e-005, -3.17186214e-005, -0.999999999, 0, 0, 0, 0, 0, 0, 0, 0.315333374, -0.16203606, -0.154092212, -0.130583341, 0.862222552, -0.48930837, -0.928466797, 0.0666503906, 0.365234375, 0.347583036, 0.502036888, 0.791983804, 0, 0, 0, 0, 0, 0, 0, 0.346589697, -0.13149917, -0.134374121, -0.223203975, 0.240778362, -0.944548737, 0.368774414, -0.875976563, -0.310546875, -0.902174743, -0.417671614, 0.106686195, 0, 2, 1, 1, 
