time, trialNum, realDorsalTactorPos, realVentralTactorPos, boxPosX, boxPosY, boxPosZ, boxLocalRot_11, boxLocalRot_12, boxLocalRot_13, boxLocalRot_21, boxLocalRot_22, boxLocalRot_23, boxLocalRot_31, boxLocalRot_32, boxLocalRot_33, boxGlobalRot_11, boxGlobalRot_12, boxGlobalRot_13, boxGlobalRot_21, boxGlobalRot_22, boxGlobalRot_23, boxGlobalRot_31, boxGlobalRot_32, boxGlobalRot_33, indexForceX, indexForceY, indexForceZ, indexForceGlobalX, indexForceGlobalY, indexForceGlobalZ, indexContact, indexPosX, indexPosY, indexPosZ, indexRot_11, indexRot_12, indexRot_13, indexRot_21, indexRot_22, indexRot_23, indexRot_31, indexRot_32, indexRot_33, thumbForceX, thumbForceY, thumbForceZ, thumbForceGlobalX, thumbForceGlobalY, thumbForceGlobalZ, thumbContact, thumbPosX, thumbPosY, thumbPosZ, thumbRot_11, thumbRot_12, thumbRot_13, thumbRot_21, thumbRot_22, thumbRot_23, thumbRot_31, thumbRot_32, thumbRot_33, manipForceTooHigh, cceExpType, mapping, trialSuccess, 
331.621855, 21, 0.1, 0.1, -0.00856155378, 0.373034253, -0.0199781695, 0.996586661, 0.0825531788, 2.33179167e-006, 0.0825531788, -0.99658666, -3.42097668e-005, -5.00292516e-007, 3.42854941e-005, -0.999999999, 0.996586664, 0.0825531363, -4.53192813e-006, 0.082553136, -0.996586663, -5.5390913e-005, -9.08915273e-006, 5.48277203e-005, -0.999999998, 0, 0, 0, 0, 0, 0, 0, 0.338129224, -0.126134814, -0.187725073, -0.442151085, 0.680421383, -0.584436017, -0.892700195, -0.271118164, 0.359619141, 0.0862203955, 0.680748381, 0.727457338, 0, 0, 0, 0, 0, 0, 0, 0.375603027, -0.0714166016, -0.145196826, -0.214825502, 0.530567418, -0.819875125, 0.100830078, -0.822875977, -0.558959961, -0.971380218, -0.202731264, 0.123349458, 0, 2, 1, 1, 
331.666242, 21, 0.1, 0.1, -0.00856155623, 0.373034296, -0.0199757142, 0.996582472, 0.0826037263, 1.61807456e-005, 0.0826037259, -0.996582472, 2.26886018e-005, 1.79996105e-005, -2.1274473e-005, -1, 0.996582455, 0.0826039309, 1.93729934e-005, 0.0826039303, -0.996582455, 3.25430203e-005, 2.19949667e-005, -3.08315177e-005, -0.999999999, 0, 0, 0, 0, 0, 0, 0, 0.345308887, -0.131444727, -0.182458472, -0.500810107, 0.669653455, -0.548346686, -0.863647461, -0.345581055, 0.366699219, 0.0560852449, 0.657241099, 0.751650598, 0, 0, 0, 0, 0, 0, 0, 0.380216846, -0.076381543, -0.138946533, -0.262302621, 0.532166358, -0.804916476, 0.151855469, -0.80090332, -0.578979492, -0.952926406, -0.273999466, 0.129340413, 0, 2, 1, 1, 
331.666933, 21, 0.1, 0.1, -0.00856155926, 0.37303429, -0.0199746514, 0.996582553, 0.082602754, -1.64645691e-005, 0.0826027533, -0.996582552, -3.96955653e-005, -1.96872653e-005, 3.81998891e-005, -0.999999999, 0.996582538, 0.0826029319, -2.13891367e-005, 0.0826029309, -0.996582537, -4.2924812e-005, -2.48617554e-005, 4.10113127e-005, -0.999999999, 0, 0, 0, 0, 0, 0, 0, 0.345308887, -0.131444727, -0.182458472, -0.500810107, 0.669653455, -0.548346686, -0.863647461, -0.345581055, 0.366699219, 0.0560852449, 0.657241099, 0.751650598, 0, 0, 0, 0, 0, 0, 0, 0.380216846, -0.076381543, -0.138946533, -0.262302621, 0.532166358, -0.804916476, 0.151855469, -0.80090332, -0.578979492, -0.952926406, -0.273999466, 0.129340413, 0, 2, 1, 1, 
331.667642, 21, 0.1, 0.1, -0.00856155673, 0.373034293, -0.0199720034, 0.996582611, 0.0826020573, 1.71754274e-005, 0.0826020564, -0.99658261, 4.77091624e-005, 2.10576072e-005, -4.6127396e-005, -0.999999999, 0.996582603, 0.0826021483, 2.46391455e-005, 0.0826021473, -0.996582602, 4.12657146e-005, 2.79635805e-005, -3.90894469e-005, -0.999999999, 0, 0, 0, 0, 0, 0, 0, 0.345308887, -0.131444727, -0.182458472, -0.500810107, 0.669653455, -0.548346686, -0.863647461, -0.345581055, 0.366699219, 0.0560852449, 0.657241099, 0.751650598, 0, 0, 0, 0, 0, 0, 0, 0.380216846, -0.076381543, -0.138946533, -0.262302621, 0.532166358, -0.804916476, 0.151855469, -0.80090332, -0.578979492, -0.952926406, -0.273999466, 0.129340413, 0, 2, 1, 1, 
331.668332, 21, 0.1, 0.1, -0.00856156141, 0.373034293, -0.0199689872, 0.996582622, 0.082601914, -2.27374736e-005, 0.082601913, -0.996582622, -4.22132138e-005, -2.61466633e-005, 4.01907965e-005, -0.999999999, 0.996582625, 0.0826018858, -3.17037949e-005, 0.0826018851, -0.996582625, -2.39525405e-005, -3.35739762e-005, 2.12518925e-005, -0.999999999, 0, 0, 0, 0, 0, 0, 0, 0.345308887, -0.131444727, -0.182458472, -0.500810107, 0.669653455, -0.548346686, -0.863647461, -0.345581055, 0.366699219, 0.0560852449, 0.657241099, 0.751650598, 0, 0, 0, 0, 0, 0, 0, 0.380216846, -0.076381543, -0.138946533, -0.262302621, 0.532166358, -0.804916476, 0.151855469, -0.80090332, -0.578979492, -0.952926406, -0.273999466, 0.129340413, 0, 2, 1, 1, 
331.669021, 21, 0.1, 0.1, -0.00856155785, 0.373034289, -0.0199664898, 0.996582582, 0.0826023993, 2.43554152e-005, 0.0826023985, -0.996582582, 2.86005525e-005, 2.66346568e-005, -2.64909967e-005, -0.999999999, 0.996582594, 0.0826022534, 3.46209511e-005, 0.0826022536, -0.996582595, -4.18380052e-006, 3.41570459e-005, 7.02927136e-006, -0.999999999, 0, 0, 0, 0, 0, 0, 0, 0.345308887, -0.131444727, -0.182458472, -0.500810107, 0.669653455, -0.548346686, -0.863647461, -0.345581055, 0.366699219, 0.0560852449, 0.657241099, 0.751650598, 0, 0, 0, 0, 0, 0, 0, 0.380216846, -0.076381543, -0.138946533, -0.262302621, 0.532166358, -0.804916476, 0.151855469, -0.80090332, -0.578979492, -0.952926406, -0.273999466, 0.129340413, 0, 2, 1, 1, 
331.66971, 21, 0.1, 0.1, -0.0085615637, 0.373034297, -0.0199651299, 0.996582491, 0.082603495, -3.41390822e-005, 0.0826034954, -0.996582492, 1.19597396e-005, -3.30344953e-005, -1.47388746e-005, -0.999999999, 0.996582511, 0.0826032475, -4.24880735e-005, 0.082603249, -0.996582511, 3.67630678e-005, -3.93061222e-005, -4.01470834e-005, -0.999999998, 0, 0, 0, 0, 0, 0, 0, 0.345308887, -0.131444727, -0.182458472, -0.500810107, 0.669653455, -0.548346686, -0.863647461, -0.345581055, 0.366699219, 0.0560852449, 0.657241099, 0.751650598, 0, 0, 0, 0, 0, 0, 0, 0.380216846, -0.076381543, -0.138946533, -0.262302621, 0.532166358, -0.804916476, 0.151855469, -0.80090332, -0.578979492, -0.952926406, -0.273999466, 0.129340413, 0, 2, 1, 1, 
331.67043, 21, 0.1, 0.1, -0.00856155947, 0.373034287, -0.0199649331, 0.996582363, 0.0826050357, 3.36558508e-005, 0.0826050369, -0.996582363, -3.86048047e-005, 3.0351876e-005, 4.12530103e-005, -0.999999999, 0.996582388, 0.0826047318, 4.11788356e-005, 0.0826047339, -0.996582388, -5.24680305e-005, 3.67039947e-005, 5.56902819e-005, -0.999999998, 0, 0, 0, 0, 0, 0, 0, 0.346239063, -0.132216748, -0.181077759, -0.504232422, 0.667692176, -0.547591081, -0.861938477, -0.350585938, 0.365966797, 0.0524251605, 0.656562999, 0.752519657, 0, 0, 0, 0, 0, 0, 0, 0.380961133, -0.0768010742, -0.138271924, -0.265043452, 0.530881246, -0.804769555, 0.15625, -0.799926758, -0.579223633, -0.951373339, -0.279289731, 0.129110369, 0, 2, 1, 1, 
331.671122, 21, 0.1, 0.1, -0.00856156406, 0.373034292, -0.0199661856, 0.996582244, 0.0826064823, -3.15328818e-005, 0.0826064838, -0.996582243, 5.01453785e-005, -2.72827767e-005, -5.25788143e-005, -0.999999998, 0.996582266, 0.0826062104, -3.74747481e-005, 0.0826062123, -0.996582265, 5.06901043e-005, -3.31593519e-005, -5.3612506e-005, -0.999999998, 0, 0, 0, 0, 0, 0, 0, 0.346239063, -0.132216748, -0.181077759, -0.504232422, 0.667692176, -0.547591081, -0.861938477, -0.350585938, 0.365966797, 0.0524251605, 0.656562999, 0.752519657, 0, 0, 0, 0, 0, 0, 0, 0.380961133, -0.0768010742, -0.138271924, -0.265043452, 0.530881246, -0.804769555, 0.15625, -0.799926758, -0.579223633, -0.951373339, -0.279289731, 0.129110369, 0, 2, 1, 1, 
331.671808, 21, 0.1, 0.1, -0.00856156134, 0.373034291, -0.019968421, 0.996582159, 0.0826075054, 2.67635692e-005, 0.0826075065, -0.996582158, -4.21723818e-005, 2.31883403e-005, 4.4239115e-005, -0.999999999, 0.996582171, 0.0826073535, 3.24312514e-005, 0.0826073545, -0.996582171, -3.21223059e-005, 2.96668682e-005, 3.46915772e-005, -0.999999999, 0, 0, 0, 0, 0, 0, 0, 0.346239063, -0.132216748, -0.181077759, -0.504232422, 0.667692176, -0.547591081, -0.861938477, -0.350585938, 0.365966797, 0.0524251605, 0.656562999, 0.752519657, 0, 0, 0, 0, 0, 0, 0, 0.380961133, -0.0768010742, -0.138271924, -0.265043452, 0.530881246, -0.804769555, 0.15625, -0.799926758, -0.579223633, -0.951373339, -0.279289731, 0.129110369, 0, 2, 1, 1, 
331.672499, 21, 0.1, 0.1, -0.00856156583, 0.373034289, -0.0199709645, 0.996582124, 0.0826079256, -3.13002129e-005, 0.0826079267, -0.996582124, 3.28745361e-005, -2.84775354e-005, -3.53478207e-005, -0.999999999, 0.996582126, 0.0826079005, -3.57470963e-005, 0.0826079011, -0.996582126, 1.41726075e-005, -3.44541479e-005, -1.70771599e-005, -0.999999999, 0, 0, 0, 0, 0, 0, 0, 0.346239063, -0.132216748, -0.181077759, -0.504232422, 0.667692176, -0.547591081, -0.861938477, -0.350585938, 0.365966797, 0.0524251605, 0.656562999, 0.752519657, 0, 0, 0, 0, 0, 0, 0, 0.380961133, -0.0768010742, -0.138271924, -0.265043452, 0.530881246, -0.804769555, 0.15625, -0.799926758, -0.579223633, -0.951373339, -0.279289731, 0.129110369, 0, 2, 1, 1, 
331.673196, 21, 0.1, 0.1, -0.00856156434, 0.373034293, -0.0199730406, 0.996582141, 0.0826077269, 2.12752686e-005, 0.0826077272, -0.996582141, -1.31124903e-005, 2.01193597e-005, 1.48251752e-005, -1, 0.996582134, 0.0826078085, 2.41170411e-005, 0.0826078082, -0.996582134, 1.37280005e-005, 2.51686523e-005, -1.16888241e-005, -1, 0, 0, 0, 0, 0, 0, 0, 0.346239063, -0.132216748, -0.181077759, -0.504232422, 0.667692176, -0.547591081, -0.861938477, -0.350585938, 0.365966797, 0.0524251605, 0.656562999, 0.752519657, 0, 0, 0, 0, 0, 0, 0, 0.380961133, -0.0768010742, -0.138271924, -0.265043452, 0.530881246, -0.804769555, 0.15625, -0.799926758, -0.579223633, -0.951373339, -0.279289731, 0.129110369, 0, 2, 1, 1, 
331.673879, 21, 0.1, 0.1, -0.00856156764, 0.373034287, -0.0199740624, 0.996582198, 0.082607036, -2.30077743e-005, 0.0826070357, -0.996582198, -1.29602818e-005, -2.39997488e-005, 1.1015382e-005, -1, 0.996582185, 0.0826071936, -2.61151577e-005, 0.0826071928, -0.996582185, -3.09961302e-005, -2.85864043e-005, 2.87328913e-005, -0.999999999, 0, 0, 0, 0, 0, 0, 0, 0.346239063, -0.132216748, -0.181077759, -0.504232422, 0.667692176, -0.547591081, -0.861938477, -0.350585938, 0.365966797, 0.0524251605, 0.656562999, 0.752519657, 0, 0, 0, 0, 0, 0, 0, 0.380961133, -0.0768010742, -0.138271924, -0.265043452, 0.530881246, -0.804769555, 0.15625, -0.799926758, -0.579223633, -0.951373339, -0.279289731, 0.129110369, 0, 2, 1, 1, 
331.674587, 21, 0.1, 0.1, -0.00856156603, 0.373034292, -0.0199737532, 0.99658228, 0.0826060416, 1.74414286e-005, 0.0826060412, -0.99658228, 2.50769828e-005, 1.94533289e-005, -2.35505094e-005, -1, 0.996582262, 0.0826062611, 2.16762512e-005, 0.0826062603, -0.996582262, 3.74163394e-005, 2.46929914e-005, -3.54978661e-005, -0.999999999, 0, 0, 0, 0, 0, 0, 0, 0.346239063, -0.132216748, -0.181077759, -0.508200286, 0.665508857, -0.546632533, -0.859741211, -0.355712891, 0.366088867, 0.0492222585, 0.656043659, 0.753109389, 0, 0, 0, 0, 0, 0, 0, 0.380961133, -0.0768010742, -0.138271924, -0.265043452, 0.530881246, -0.804769555, 0.15625, -0.799926758, -0.579223633, -0.951373339, -0.279289731, 0.129110369, 0, 2, 1, 1, 
331.675292, 21, 0.1, 0.1, -0.00856156961, 0.373034285, -0.0199720327, 0.996582362, 0.0826050568, -2.04283123e-005, 0.0826050558, -0.996582361, -4.64931846e-005, -2.41990679e-005, 4.46468059e-005, -0.999999999, 0.996582347, 0.0826052333, -2.57039604e-005, 0.082605232, -0.996582346, -4.99803109e-005, -2.97447484e-005, 4.76862139e-005, -0.999999998, 0, 0, 0, 0, 0, 0, 0, 0.347365991, -0.132999634, -0.179910767, -0.508200286, 0.665508857, -0.546632533, -0.859741211, -0.355712891, 0.366088867, 0.0492222585, 0.656043659, 0.753109389, 0, 0, 0, 0, 0, 0, 0, 0.381649023, -0.0774719238, -0.137811768, -0.268646854, 0.529072249, -0.804871633, 0.16003418, -0.799316406, -0.578979492, -0.949788188, -0.28426683, 0.130081582, 0, 2, 1, 1, 
331.675977, 21, 0.1, 0.1, -0.00856156761, 0.373034287, -0.0199698594, 0.996582416, 0.082604409, 1.43989015e-005, 0.0826044083, -0.996582415, 4.73764779e-005, 1.8263198e-005, -4.60251521e-005, -0.999999999, 0.996582409, 0.0826044932, 2.21885684e-005, 0.0826044923, -0.996582408, 3.97107446e-005, 2.53930228e-005, -3.77421541e-005, -0.999999999, 0, 0, 0, 0, 0, 0, 0, 0.347365991, -0.132999634, -0.179910767, -0.508200286, 0.665508857, -0.546632533, -0.859741211, -0.355712891, 0.366088867, 0.0492222585, 0.656043659, 0.753109389, 0, 0, 0, 0, 0, 0, 0, 0.381649023, -0.0774719238, -0.137811768, -0.268646854, 0.529072249, -0.804871633, 0.16003418, -0.799316406, -0.578979492, -0.949788188, -0.28426683, 0.130081582, 0, 2, 1, 1, 
331.676671, 21, 0.1, 0.1, -0.00856157326, 0.373034287, -0.0199678148, 0.996582423, 0.0826043128, -2.84087189e-005, 0.0826043115, -0.996582423, -4.35755564e-005, -3.19111588e-005, 4.1079951e-005, -0.999999999, 0.996582426, 0.0826042731, -3.78790234e-005, 0.0826042722, -0.996582427, -2.45453679e-005, -3.97771214e-005, 2.13325131e-005, -0.999999999, 0, 0, 0, 0, 0, 0, 0, 0.347365991, -0.132999634, -0.179910767, -0.508200286, 0.665508857, -0.546632533, -0.859741211, -0.355712891, 0.366088867, 0.0492222585, 0.656043659, 0.753109389, 0, 0, 0, 0, 0, 0, 0, 0.381649023, -0.0774719238, -0.137811768, -0.268646854, 0.529072249, -0.804871633, 0.16003418, -0.799316406, -0.578979492, -0.949788188, -0.28426683, 0.130081582, 0, 2, 1, 1, 
331.677365, 21, 0.1, 0.1, -0.00856157018, 0.373034283, -0.0199665113, 0.996582378, 0.0826048678, 2.28082041e-005, 0.0826048671, -0.996582377, 2.82045949e-005, 2.50600911e-005, -2.62241336e-005, -0.999999999, 0.99658239, 0.0826047111, 3.22465517e-005, 0.0826047113, -0.996582391, -4.07953671e-006, 3.17993566e-005, 6.72931154e-006, -0.999999999, 0, 0, 0, 0, 0, 0, 0, 0.347365991, -0.132999634, -0.179910767, -0.508200286, 0.665508857, -0.546632533, -0.859741211, -0.355712891, 0.366088867, 0.0492222585, 0.656043659, 0.753109389, 0, 0, 0, 0, 0, 0, 0, 0.381649023, -0.0774719238, -0.137811768, -0.268646854, 0.529072249, -0.804871633, 0.16003418, -0.799316406, -0.578979492, -0.949788188, -0.28426683, 0.130081582, 0, 2, 1, 1, 
331.678119, 21, 0.1, 0.1, -0.00856157581, 0.37303429, -0.019966097, 0.996582273, 0.0826061236, -2.67337094e-005, 0.0826061237, -0.996582274, 2.58919409e-006, -2.64284576e-005, -4.78871304e-006, -1, 0.996582304, 0.0826057523, -3.91385111e-005, 0.0826057537, -0.996582304, 3.65487525e-005, -3.59856103e-005, -3.96569062e-005, -0.999999999, 0, 0, 0, 0, 0, 0, 0, 0.347365991, -0.132999634, -0.179910767, -0.508200286, 0.665508857, -0.546632533, -0.859741211, -0.355712891, 0.366088867, 0.0492222585, 0.656043659, 0.753109389, 0, 0, 0, 0, 0, 0, 0, 0.381649023, -0.0774719238, -0.137811768, -0.268646854, 0.529072249, -0.804871633, 0.16003418, -0.799316406, -0.578979492, -0.949788188, -0.28426683, 0.130081582, 0, 2, 1, 1, 
331.678812, 21, 0.1, 0.1, -0.00856157069, 0.37303428, -0.0199661404, 0.996582146, 0.0826076555, 3.78579378e-005, 0.0826076571, -0.996582146, -4.20914042e-005, 3.42514727e-005, 4.50748975e-005, -0.999999998, 0.996582171, 0.082607348, 4.46585564e-005, 0.0826073505, -0.99658217, -5.59623528e-005, 3.98830195e-005, 5.94602081e-005, -0.999999997, 0, 0, 0, 0, 0, 0, 0, 0.347365991, -0.132999634, -0.179910767, -0.508200286, 0.665508857, -0.546632533, -0.859741211, -0.355712891, 0.366088867, 0.0492222585, 0.656043659, 0.753109389, 0, 0, 0, 0, 0, 0, 0, 0.381649023, -0.0774719238, -0.137811768, -0.268646854, 0.529072249, -0.804871633, 0.16003418, -0.799316406, -0.578979492, -0.949788188, -0.28426683, 0.130081582, 0, 2, 1, 1, 
331.679517, 21, 0.1, 0.1, -0.00856157395, 0.373034285, -0.019967279, 0.996582022, 0.082609159, -2.38208249e-005, 0.08260916, -0.996582021, 4.844359e-005, -1.97375216e-005, -5.02458292e-005, -0.999999999, 0.996582046, 0.0826088675, -3.01533433e-005, 0.0826088689, -0.996582045, 4.80895651e-005, -2.60776561e-005, -5.04161307e-005, -0.999999998, 0, 0, 0, 0, 0, 0, 0, 0.347365991, -0.132999634, -0.179910767, -0.512344883, 0.664740148, -0.543655417, -0.857421875, -0.360473633, 0.36706543, 0.0480248192, 0.654311532, 0.754738924, 0, 0, 0, 0, 0, 0, 0, 0.381649023, -0.0774719238, -0.137811768, -0.268646854, 0.529072249, -0.804871633, 0.16003418, -0.799316406, -0.578979492, -0.949788188, -0.28426683, 0.130081582, 0, 2, 1, 1, 
331.68022, 21, 0.1, 0.1, -0.00856156971, 0.373034284, -0.0199688272, 0.996581933, 0.0826102278, 3.17069593e-005, 0.082610229, -0.996581933, -3.83038746e-005, 2.8434291e-005, 4.07922685e-005, -0.999999999, 0.996581946, 0.082610071, 3.89609749e-005, 0.0826100722, -0.996581946, -2.88131989e-005, 3.64475438e-005, 3.19332827e-005, -0.999999999, 0, 0, 0, 0, 0, 0, 0, 0.348043506, -0.133713916, -0.17953042, -0.512344883, 0.664740148, -0.543655417, -0.857421875, -0.360473633, 0.36706543, 0.0480248192, 0.654311532, 0.754738924, 0, 0, 0, 0, 0, 0, 0, 0.382136865, -0.0780878418, -0.137098584, -0.271873291, 0.527953382, -0.804462586, 0.163452148, -0.798461914, -0.579223633, -0.94828616, -0.288803165, 0.130861031, 0, 2, 1, 1, 
331.680905, 21, 0.1, 0.1, -0.00856157376, 0.373034283, -0.0199705921, 0.996581898, 0.0826106479, -3.1868326e-005, 0.0826106491, -0.996581898, 3.81962685e-005, -2.86039783e-005, -4.06983729e-005, -0.999999999, 0.9965819, 0.0826106225, -3.52802147e-005, 0.0826106232, -0.996581901, 1.8992761e-005, -3.35906196e-005, -2.18423624e-005, -0.999999999, 0, 0, 0, 0, 0, 0, 0, 0.348043506, -0.133713916, -0.17953042, -0.512344883, 0.664740148, -0.543655417, -0.857421875, -0.360473633, 0.36706543, 0.0480248192, 0.654311532, 0.754738924, 0, 0, 0, 0, 0, 0, 0, 0.382136865, -0.0780878418, -0.137098584, -0.271873291, 0.527953382, -0.804462586, 0.163452148, -0.798461914, -0.579223633, -0.94828616, -0.288803165, 0.130861031, 0, 2, 1, 1, 
331.681604, 21, 0.1, 0.1, -0.00856157275, 0.373034289, -0.0199720078, 0.996581914, 0.0826104565, 1.67478078e-005, 0.0826104567, -0.996581915, -9.8211819e-006, 1.587923e-005, 1.11711563e-005, -1, 0.996581908, 0.0826105356, 2.07872603e-005, 0.0826105352, -0.996581908, 1.81353027e-005, 2.22143746e-005, -1.63560679e-005, -1, 0, 0, 0, 0, 0, 0, 0, 0.348043506, -0.133713916, -0.17953042, -0.512344883, 0.664740148, -0.543655417, -0.857421875, -0.360473633, 0.36706543, 0.0480248192, 0.654311532, 0.754738924, 0, 0, 0, 0, 0, 0, 0, 0.382136865, -0.0780878418, -0.137098584, -0.271873291, 0.527953382, -0.804462586, 0.163452148, -0.798461914, -0.579223633, -0.94828616, -0.288803165, 0.130861031, 0, 2, 1, 1, 
331.682323, 21, 0.1, 0.1, -0.00856157825, 0.373034282, -0.0199724821, 0.996581977, 0.0826097008, -3.35204322e-005, 0.0826097004, -0.996581977, -1.32485441e-005, -3.45003169e-005, 1.04341474e-005, -0.999999999, 0.996581963, 0.0826098667, -3.84485973e-005, 0.0826098655, -0.996581963, -3.10675916e-005, -4.08836682e-005, 2.7785168e-005, -0.999999999, 0, 0, 0, 0, 0, 0, 0, 0.349190698, -0.134694897, -0.178778784, -0.515957037, 0.663083282, -0.54211912, -0.85534668, -0.365234375, 0.3671875, 0.0455071297, 0.653214442, 0.755855109, 0, 0, 0, 0, 0, 0, 0, 0.382628125, -0.0785190918, -0.136408838, -0.275125248, 0.526572388, -0.804245302, 0.167724609, -0.797363281, -0.579467773, -0.946541328, -0.294348992, 0.131129354, 0, 2, 1, 1, 
331.683015, 21, 0.1, 0.1, -0.00856157721, 0.373034287, -0.0199720533, 0.99658206, 0.0826086943, 1.84427087e-005, 0.0826086939, -0.99658206, 2.15067797e-005, 2.01563197e-005, -1.99097427e-005, -1, 0.996582043, 0.0826089075, 2.08682852e-005, 0.0826089068, -0.996582042, 3.43442633e-005, 2.36341003e-005, -3.25029698e-005, -0.999999999, 0, 0, 0, 0, 0, 0, 0, 0.349190698, -0.134694897, -0.178778784, -0.515957037, 0.663083282, -0.54211912, -0.85534668, -0.365234375, 0.3671875, 0.0455071297, 0.653214442, 0.755855109, 0, 0, 0, 0, 0, 0, 0, 0.382628125, -0.0785190918, -0.136408838, -0.275125248, 0.526572388, -0.804245302, 0.167724609, -0.797363281, -0.579467773, -0.946541328, -0.294348992, 0.131129354, 0, 2, 1, 1, 
331.684092, 21, 0.1, 0.1, -0.00856157782, 0.37303428, -0.0199655413, 0.996582187, 0.0826071728, 3.36662418e-006, 0.0826071728, -0.996582187, 8.08263311e-006, 4.02280115e-006, -7.77690088e-006, -1, 0.996582171, 0.0826073668, -1.96940547e-006, 0.0826073668, -0.996582171, -1.54162616e-005, -3.23617116e-006, 1.52008841e-005, -1, 0, 0, 0, 0, 0, 0, 0, 0.349190698, -0.134694897, -0.178778784, -0.515957037, 0.663083282, -0.54211912, -0.85534668, -0.365234375, 0.3671875, 0.0455071297, 0.653214442, 0.755855109, 0, 0, 0, 0, 0, 0, 0, 0.382628125, -0.0785190918, -0.136408838, -0.275125248, 0.526572388, -0.804245302, 0.167724609, -0.797363281, -0.579467773, -0.946541328, -0.294348992, 0.131129354, 0, 2, 1, 1, 
331.68478, 21, 0.1, 0.1, -0.00856157908, 0.373034279, -0.0199613192, 0.996582255, 0.0826063454, -1.52693976e-005, 0.0826063448, -0.996582255, -3.59862789e-005, -1.81899057e-005, 3.46019379e-005, -0.999999999, 0.996582242, 0.0826065037, -1.23234579e-005, 0.0826065034, -0.996582242, -2.42359891e-005, -1.42833896e-005, 2.31351586e-005, -1, 0, 0, 0, 0, 0, 0, 0, 0.349190698, -0.134694897, -0.178778784, -0.515957037, 0.663083282, -0.54211912, -0.85534668, -0.365234375, 0.3671875, 0.0455071297, 0.653214442, 0.755855109, 0, 0, 0, 0, 0, 0, 0, 0.382628125, -0.0785190918, -0.136408838, -0.275125248, 0.526572388, -0.804245302, 0.167724609, -0.797363281, -0.579467773, -0.946541328, -0.294348992, 0.131129354, 0, 2, 1, 1, 
331.685475, 21, 0.1, 0.1, -0.00856157864, 0.373034278, -0.0199598235, 0.996582301, 0.082605793, -8.92823228e-006, 0.0826057931, -0.996582301, 1.96979037e-005, -7.27055732e-006, -2.03681059e-005, -1, 0.996582296, 0.082605858, 8.93035276e-006, 0.0826058578, -0.996582296, 2.15577369e-005, 1.06806268e-005, -2.07463594e-005, -1, 0, 0, 0, 0, 0, 0, 0, 0.349190698, -0.134694897, -0.178778784, -0.515957037, 0.663083282, -0.54211912, -0.85534668, -0.365234375, 0.3671875, 0.0455071297, 0.653214442, 0.755855109, 0, 0, 0, 0, 0, 0, 0, 0.382628125, -0.0785190918, -0.136408838, -0.275125248, 0.526572388, -0.804245302, 0.167724609, -0.797363281, -0.579467773, -0.946541328, -0.294348992, 0.131129354, 0, 2, 1, 1, 
331.68617, 21, 0.1, 0.1, -0.00856157747, 0.373034275, -0.0199613551, 0.996582305, 0.0826057496, 1.62034063e-005, 0.0826057498, -0.996582305, -1.02198105e-005, 1.53038129e-005, 1.15233768e-005, -1, 0.996582306, 0.0826057306, 2.29023036e-005, 0.0826057312, -0.996582306, -2.40754118e-005, 2.08352635e-005, 2.5884991e-005, -0.999999999, 0, 0, 0, 0, 0, 0, 0, 0.349190698, -0.134694897, -0.178778784, -0.515957037, 0.663083282, -0.54211912, -0.85534668, -0.365234375, 0.3671875, 0.0455071297, 0.653214442, 0.755855109, 0, 0, 0, 0, 0, 0, 0, 0.382628125, -0.0785190918, -0.136408838, -0.275125248, 0.526572388, -0.804245302, 0.167724609, -0.797363281, -0.579467773, -0.946541328, -0.294348992, 0.131129354, 0, 2, 1, 1, 
331.68687, 21, 0.1, 0.1, -0.00856157718, 0.373034278, -0.0199652586, 0.996582301, 0.0826057897, 2.0136578e-005, 0.0826057899, -0.996582301, -5.56900489e-006, 1.96077252e-005, 7.21336965e-006, -1, 0.996582299, 0.082605813, 1.2880702e-005, 0.0826058128, -0.996582299, 1.71476268e-005, 1.42531732e-005, -1.60250005e-005, -1, 0, 0, 0, 0, 0, 0, 0, 0.349190698, -0.134694897, -0.178778784, -0.518051988, 0.662245302, -0.541160572, -0.854125977, -0.368041992, 0.3671875, 0.0439850584, 0.652605614, 0.756444842, 0, 0, 0, 0, 0, 0, 0, 0.382628125, -0.0785190918, -0.136408838, -0.275125248, 0.526572388, -0.804245302, 0.167724609, -0.797363281, -0.579467773, -0.946541328, -0.294348992, 0.131129354, 0, 2, 1, 1, 
331.687578, 21, 0.1, 0.1, -0.00856157725, 0.373034277, -0.0199700277, 0.996582329, 0.0826054528, 7.85379343e-006, 0.0826054526, -0.996582329, 2.28671292e-005, 9.71590132e-006, -2.21402108e-005, -1, 0.996582321, 0.082605552, -4.9186591e-006, 0.0826055521, -0.996582321, 1.25100067e-005, -3.8684527e-006, -1.287356e-005, -1, 0, 0, 0, 0, 0, 0, 0, 0.34974873, -0.135855786, -0.177835034, -0.518051988, 0.662245302, -0.541160572, -0.854125977, -0.368041992, 0.3671875, 0.0439850584, 0.652605614, 0.756444842, 0, 0, 0, 0, 0, 0, 0, 0.383028467, -0.0797327148, -0.135537842, -0.276064378, 0.526016053, -0.804264625, 0.170654297, -0.796630859, -0.579589844, -0.945780836, -0.297230548, 0.130145381, 0, 2, 1, 1, 
331.688268, 21, 0.1, 0.1, -0.00856157727, 0.373034277, -0.0199742878, 0.996582371, 0.0826049558, -2.34801989e-006, 0.0826049558, -0.99658237, -1.44584352e-005, -3.53433363e-006, 1.42150635e-005, -1, 0.996582363, 0.0826050464, -6.04146148e-006, 0.0826050463, -0.996582363, -1.44293704e-005, -7.21275277e-006, 1.38810008e-005, -1, 0, 0, 0, 0, 0, 0, 0, 0.34974873, -0.135855786, -0.177835034, -0.518051988, 0.662245302, -0.541160572, -0.854125977, -0.368041992, 0.3671875, 0.0439850584, 0.652605614, 0.756444842, 0, 0, 0, 0, 0, 0, 0, 0.383028467, -0.0797327148, -0.135537842, -0.276064378, 0.526016053, -0.804264625, 0.170654297, -0.796630859, -0.579589844, -0.945780836, -0.297230548, 0.130145381, 0, 2, 1, 1, 
331.688954, 21, 0.1, 0.1, -0.00856157735, 0.373034278, -0.0199769854, 0.996582393, 0.0826046793, -9.47461914e-006, 0.0826046794, -0.996582393, 4.88776558e-006, -9.03848631e-006, -5.653709e-006, -1, 0.996582391, 0.0826047083, -6.23107895e-006, 0.0826047084, -0.996582391, 1.3247009e-005, -5.11551825e-006, -1.37164524e-005, -1, 0, 0, 0, 0, 0, 0, 0, 0.34974873, -0.135855786, -0.177835034, -0.518051988, 0.662245302, -0.541160572, -0.854125977, -0.368041992, 0.3671875, 0.0439850584, 0.652605614, 0.756444842, 0, 0, 0, 0, 0, 0, 0, 0.383028467, -0.0797327148, -0.135537842, -0.276064378, 0.526016053, -0.804264625, 0.170654297, -0.796630859, -0.579589844, -0.945780836, -0.297230548, 0.130145381, 0, 2, 1, 1, 
331.689645, 21, 0.1, 0.1, -0.00856157754, 0.373034276, -0.0199774557, 0.996582393, 0.0826046797, -8.01428948e-006, 0.0826046798, -0.996582393, 5.00058106e-006, -7.5738284e-006, -5.64550886e-006, -1, 0.996582394, 0.0826046702, 3.85718881e-006, 0.0826046702, -0.996582394, -8.32672181e-006, 3.15618035e-006, 8.61688617e-006, -1, 0, 0, 0, 0, 0, 0, 0, 0.34974873, -0.135855786, -0.177835034, -0.518051988, 0.662245302, -0.541160572, -0.854125977, -0.368041992, 0.3671875, 0.0439850584, 0.652605614, 0.756444842, 0, 0, 0, 0, 0, 0, 0, 0.383028467, -0.0797327148, -0.135537842, -0.276064378, 0.526016053, -0.804264625, 0.170654297, -0.796630859, -0.579589844, -0.945780836, -0.297230548, 0.130145381, 0, 2, 1, 1, 
331.690339, 21, 0.1, 0.1, -0.00856157812, 0.373034276, -0.0199756763, 0.996582396, 0.0826046433, 3.65504759e-006, 0.0826046434, -0.996582396, -1.77349739e-005, 2.1775649e-006, 1.79762867e-005, -1, 0.996582394, 0.0826046711, 7.67715381e-006, 0.0826046712, -0.996582394, -1.07211871e-005, 6.76529619e-006, 1.13187151e-005, -1, 0, 0, 0, 0, 0, 0, 0, 0.34974873, -0.135855786, -0.177835034, -0.518051988, 0.662245302, -0.541160572, -0.854125977, -0.368041992, 0.3671875, 0.0439850584, 0.652605614, 0.756444842, 0, 0, 0, 0, 0, 0, 0, 0.383028467, -0.0797327148, -0.135537842, -0.276064378, 0.526016053, -0.804264625, 0.170654297, -0.796630859, -0.579589844, -0.945780836, -0.297230548, 0.130145381, 0, 2, 1, 1, 
331.691027, 21, 0.1, 0.1, -0.00856157933, 0.373034276, -0.019972358, 0.996582421, 0.0826043409, 6.66204234e-006, 0.0826043408, -0.996582421, 1.75915968e-005, 8.09241654e-006, -1.69811625e-005, -1, 0.996582415, 0.082604422, 2.6003964e-006, 0.0826044219, -0.996582415, 1.83613331e-005, 4.10823663e-006, -1.80837774e-005, -1, 0, 0, 0, 0, 0, 0, 0, 0.34974873, -0.135855786, -0.177835034, -0.518051988, 0.662245302, -0.541160572, -0.854125977, -0.368041992, 0.3671875, 0.0439850584, 0.652605614, 0.756444842, 0, 0, 0, 0, 0, 0, 0, 0.383028467, -0.0797327148, -0.135537842, -0.276064378, 0.526016053, -0.804264625, 0.170654297, -0.796630859, -0.579589844, -0.945780836, -0.297230548, 0.130145381, 0, 2, 1, 1, 
331.691714, 21, 0.1, 0.1, -0.00856158049, 0.373034274, -0.0199685594, 0.996582454, 0.0826039464, 6.36558237e-006, 0.0826039464, -0.996582454, -6.8935308e-006, 5.77439486e-006, 7.39579407e-006, -1, 0.996582448, 0.0826040157, -7.3898849e-006, 0.0826040156, -0.996582448, -1.96092142e-005, -8.98442943e-006, 1.89317645e-005, -1, 0, 0, 0, 0, 0, 0, 0, 0.34974873, -0.135855786, -0.177835034, -0.518051988, 0.662245302, -0.541160572, -0.854125977, -0.368041992, 0.3671875, 0.0439850584, 0.652605614, 0.756444842, 0, 0, 0, 0, 0, 0, 0, 0.383028467, -0.0797327148, -0.135537842, -0.276064378, 0.526016053, -0.804264625, 0.170654297, -0.796630859, -0.579589844, -0.945780836, -0.297230548, 0.130145381, 0, 2, 1, 1, 
331.692437, 21, 0.1, 0.1, -0.00856158211, 0.373034276, -0.0199649089, 0.996582458, 0.0826039023, -9.95325494e-006, 0.0826039022, -0.996582458, -1.13791718e-005, -1.08592033e-005, 1.05181053e-005, -1, 0.99658246, 0.0826038782, -1.84639126e-005, 0.0826038784, -0.99658246, 1.04312601e-005, -1.75391489e-005, -1.19208016e-005, -1, 0, 0, 0, 0, 0, 0, 0, 0.349774585, -0.136762793, -0.177653516, -0.521973425, 0.662079429, -0.537701187, -0.85168457, -0.371337891, 0.369384766, 0.0449769288, 0.650778006, 0.757997992, 0, 0, 0, 0, 0, 0, 0, 0.3830896, -0.0804866699, -0.135241113, -0.278888331, 0.525728041, -0.803529652, 0.172363281, -0.795654297, -0.580566406, -0.944604733, -0.300329387, 0.131327314, 0, 2, 1, 1, 
331.693134, 21, 0.1, 0.1, -0.00856158233, 0.373034276, -0.019962999, 0.996582433, 0.0826042047, -1.64978373e-005, 0.0826042051, -0.996582432, 2.55826562e-005, -1.43282199e-005, -2.68580165e-005, -1, 0.996582438, 0.0826041432, -1.07052346e-005, 0.0826041434, -0.996582438, 1.48236278e-005, -9.44415575e-006, -1.56572639e-005, -1, 0, 0, 0, 0, 0, 0, 0, 0.349774585, -0.136762793, -0.177653516, -0.521973425, 0.662079429, -0.537701187, -0.85168457, -0.371337891, 0.369384766, 0.0449769288, 0.650778006, 0.757997992, 0, 0, 0, 0, 0, 0, 0, 0.3830896, -0.0804866699, -0.135241113, -0.278888331, 0.525728041, -0.803529652, 0.172363281, -0.795654297, -0.580566406, -0.944604733, -0.300329387, 0.131327314, 0, 2, 1, 1, 
331.693825, 21, 0.1, 0.1, -0.00856158189, 0.373034275, -0.019963167, 0.996582424, 0.0826043081, -6.21200004e-006, 0.0826043079, -0.996582424, -2.39034325e-005, -8.16529656e-006, 2.33086027e-005, -1, 0.996582423, 0.0826043247, 1.10739998e-005, 0.0826043249, -0.996582423, -2.27678219e-005, 9.15543301e-006, 2.36047714e-005, -1, 0, 0, 0, 0, 0, 0, 0, 0.349774585, -0.136762793, -0.177653516, -0.521973425, 0.662079429, -0.537701187, -0.85168457, -0.371337891, 0.369384766, 0.0449769288, 0.650778006, 0.757997992, 0, 0, 0, 0, 0, 0, 0, 0.3830896, -0.0804866699, -0.135241113, -0.278888331, 0.525728041, -0.803529652, 0.172363281, -0.795654297, -0.580566406, -0.944604733, -0.300329387, 0.131327314, 0, 2, 1, 1, 
331.694535, 21, 0.1, 0.1, -0.00856158184, 0.373034277, -0.0199652209, 0.996582451, 0.0826039809, 8.96627158e-006, 0.0826039809, -0.996582451, 7.59604468e-006, 9.56309244e-006, -6.8294351e-006, -1, 0.996582444, 0.0826040725, 1.36192808e-005, 0.0826040722, -0.996582444, 2.15268754e-005, 1.53509437e-005, -2.0328298e-005, -1, 0, 0, 0, 0, 0, 0, 0, 0.349774585, -0.136762793, -0.177653516, -0.52553316, 0.661951749, -0.534419657, -0.849487305, -0.374389648, 0.371582031, 0.0459115112, 0.649191534, 0.759208536, 0, 0, 0, 0, 0, 0, 0, 0.3830896, -0.0804866699, -0.135241113, -0.278888331, 0.525728041, -0.803529652, 0.172363281, -0.795654297, -0.580566406, -0.944604733, -0.300329387, 0.131327314, 0, 2, 1, 1, 
331.695237, 21, 0.1, 0.1, -0.00856158215, 0.373034273, -0.0199682238, 0.996582481, 0.082603623, 1.18184144e-005, 0.082603623, -0.996582481, 4.51871353e-006, 1.21512869e-005, -3.52702689e-006, -1, 0.996582478, 0.0826036647, 9.25581462e-006, 0.0826036648, -0.996582477, -1.5722137e-005, 7.92547653e-006, 1.64329704e-005, -1, 0, 0, 0, 0, 0, 0, 0, 0.34981875, -0.137667114, -0.177705371, -0.52553316, 0.661951749, -0.534419657, -0.849487305, -0.374389648, 0.371582031, 0.0459115112, 0.649191534, 0.759208536, 0, 0, 0, 0, 0, 0, 0, 0.382920898, -0.0814790039, -0.135162744, -0.281846446, 0.525369666, -0.802647758, 0.174560547, -0.794555664, -0.581420898, -0.943319988, -0.303926592, 0.132279204, 0, 2, 1, 1, 
331.695929, 21, 0.1, 0.1, -0.00856158317, 0.373034273, -0.0199714143, 0.99658248, 0.08260364, 6.50554203e-006, 0.0826036401, -0.996582479, -2.11682175e-005, 4.73473739e-006, 2.16332561e-005, -1, 0.996582483, 0.0826036044, -7.11317112e-006, 0.0826036043, -0.996582482, -1.42053046e-005, -8.26227109e-006, 1.35691842e-005, -1, 0, 0, 0, 0, 0, 0, 0, 0.34981875, -0.137667114, -0.177705371, -0.52553316, 0.661951749, -0.534419657, -0.849487305, -0.374389648, 0.371582031, 0.0459115112, 0.649191534, 0.759208536, 0, 0, 0, 0, 0, 0, 0, 0.382920898, -0.0814790039, -0.135162744, -0.281846446, 0.525369666, -0.802647758, 0.174560547, -0.794555664, -0.581420898, -0.943319988, -0.303926592, 0.132279204, 0, 2, 1, 1, 
331.696633, 21, 0.1, 0.1, -0.00856158399, 0.373034273, -0.0199738239, 0.996582461, 0.0826038586, -8.6792015e-006, 0.0826038587, -0.996582461, 1.63447469e-005, -7.29940083e-006, -1.70058237e-005, -1, 0.996582464, 0.082603822, -1.28494508e-005, 0.0826038222, -0.996582464, 1.5604192e-005, -1.15165714e-005, -1.66122779e-005, -1, 0, 0, 0, 0, 0, 0, 0, 0.34981875, -0.137667114, -0.177705371, -0.52553316, 0.661951749, -0.534419657, -0.849487305, -0.374389648, 0.371582031, 0.0459115112, 0.649191534, 0.759208536, 0, 0, 0, 0, 0, 0, 0, 0.382920898, -0.0814790039, -0.135162744, -0.281846446, 0.525369666, -0.802647758, 0.174560547, -0.794555664, -0.581420898, -0.943319988, -0.303926592, 0.132279204, 0, 2, 1, 1, 
331.697328, 21, 0.1, 0.1, -0.00856158428, 0.373034271, -0.0199748294, 0.99658246, 0.0826038752, -1.11251923e-005, 0.0826038752, -0.99658246, -4.46442514e-006, -1.14559503e-005, 3.5301838e-006, -1, 0.996582458, 0.0826038964, -6.76742823e-006, 0.0826038963, -0.996582458, -1.31001159e-005, -7.82642088e-006, 1.24963298e-005, -1, 0, 0, 0, 0, 0, 0, 0, 0.34981875, -0.137667114, -0.177705371, -0.52553316, 0.661951749, -0.534419657, -0.849487305, -0.374389648, 0.371582031, 0.0459115112, 0.649191534, 0.759208536, 0, 0, 0, 0, 0, 0, 0, 0.382920898, -0.0814790039, -0.135162744, -0.281846446, 0.525369666, -0.802647758, 0.174560547, -0.794555664, -0.581420898, -0.943319988, -0.303926592, 0.132279204, 0, 2, 1, 1, 
331.698026, 21, 0.1, 0.1, -0.00856158468, 0.373034273, -0.0199742982, 0.996582481, 0.0826036203, -7.1328408e-006, 0.0826036202, -0.996582481, -6.86365022e-006, -7.67542654e-006, 6.25099509e-006, -1, 0.996582476, 0.082603682, 3.5338419e-006, 0.082603682, -0.996582476, 1.11266275e-005, 4.44086531e-006, -1.07966937e-005, -1, 0, 0, 0, 0, 0, 0, 0, 0.34981875, -0.137667114, -0.177705371, -0.52553316, 0.661951749, -0.534419657, -0.849487305, -0.374389648, 0.371582031, 0.0459115112, 0.649191534, 0.759208536, 0, 0, 0, 0, 0, 0, 0, 0.382920898, -0.0814790039, -0.135162744, -0.281846446, 0.525369666, -0.802647758, 0.174560547, -0.794555664, -0.581420898, -0.943319988, -0.303926592, 0.132279204, 0, 2, 1, 1, 
331.69872, 21, 0.1, 0.1, -0.00856158488, 0.373034273, -0.0199723882, 0.996582496, 0.0826034388, 3.49290188e-006, 0.0826034387, -0.996582496, 1.96028912e-005, 5.10023109e-006, -1.92473725e-005, -1, 0.996582495, 0.0826034488, 8.92602941e-006, 0.0826034487, -0.996582495, 1.24054557e-005, 9.92025809e-006, -1.16257392e-005, -1, 0, 0, 0, 0, 0, 0, 0, 0.34981875, -0.137667114, -0.177705371, -0.52553316, 0.661951749, -0.534419657, -0.849487305, -0.374389648, 0.371582031, 0.0459115112, 0.649191534, 0.759208536, 0, 0, 0, 0, 0, 0, 0, 0.382920898, -0.0814790039, -0.135162744, -0.281846446, 0.525369666, -0.802647758, 0.174560547, -0.794555664, -0.581420898, -0.943319988, -0.303926592, 0.132279204, 0, 2, 1, 1, 
331.699437, 21, 0.1, 0.1, -0.00856158529, 0.373034271, -0.0199696243, 0.996582483, 0.0826036003, 1.48589507e-005, 0.0826036006, -0.996582483, -1.99849115e-005, 1.31573444e-005, 2.11440156e-005, -1, 0.996582488, 0.0826035391, 9.9736913e-006, 0.0826035393, -0.996582488, -2.16187856e-005, 8.15381789e-006, 2.23687653e-005, -1, 0, 0, 0, 0, 0, 0, 0, 0.34981875, -0.137667114, -0.177705371, -0.53287092, 0.659748212, -0.52976658, -0.845092773, -0.383422852, 0.372314453, 0.0425007967, 0.646203558, 0.762055727, 0, 0, 0, 0, 0, 0, 0, 0.382920898, -0.0814790039, -0.135162744, -0.281846446, 0.525369666, -0.802647758, 0.174560547, -0.794555664, -0.581420898, -0.943319988, -0.303926592, 0.132279204, 0, 2, 1, 1, 
331.700146, 21, 0.1, 0.1, -0.00856158615, 0.373034273, -0.0199667924, 0.996582458, 0.0826038946, 8.93084201e-006, 0.0826038945, -0.996582458, 9.2386254e-006, 9.66346692e-006, -8.46932968e-006, -1, 0.996582463, 0.0826038454, -8.08542053e-006, 0.0826038456, -0.996582462, 2.00654673e-005, -6.40030354e-006, -2.06647796e-005, -1, 0, 0, 0, 0, 0, 0, 0, 0.350549585, -0.136672607, -0.177905396, -0.53287092, 0.659748212, -0.52976658, -0.845092773, -0.383422852, 0.372314453, 0.0425007967, 0.646203558, 0.762055727, 0, 0, 0, 0, 0, 0, 0, 0.383076367, -0.0814693848, -0.135066064, -0.287008745, 0.524397353, -0.801535821, 0.179321289, -0.792480469, -0.582763672, -0.940916742, -0.311025121, 0.133378015, 0, 2, 1, 1, 
331.700835, 21, 0.1, 0.1, -0.0085615866, 0.373034271, -0.019965057, 0.996582463, 0.08260384, -8.84200828e-006, 0.08260384, -0.996582463, 1.1378543e-005, -7.87187905e-006, -1.20700402e-005, -1, 0.996582459, 0.0826038826, -1.30219277e-005, 0.0826038824, -0.996582459, -1.13568508e-005, -1.39155447e-005, 1.02423765e-005, -1, 0, 0, 0, 0, 0, 0, 0, 0.350549585, -0.136672607, -0.177905396, -0.53287092, 0.659748212, -0.52976658, -0.845092773, -0.383422852, 0.372314453, 0.0425007967, 0.646203558, 0.762055727, 0, 0, 0, 0, 0, 0, 0, 0.383076367, -0.0814693848, -0.135066064, -0.287008745, 0.524397353, -0.801535821, 0.179321289, -0.792480469, -0.582763672, -0.940916742, -0.311025121, 0.133378015, 0, 2, 1, 1, 
331.701526, 21, 0.1, 0.1, -0.00856158661, 0.373034271, -0.0199647999, 0.996582494, 0.0826034681, -1.16398706e-005, 0.0826034677, -0.996582494, -2.60446733e-005, -1.37514716e-005, 2.49941718e-005, -1, 0.996582488, 0.0826035401, -7.37295574e-006, 0.08260354, -0.996582488, -1.4813021e-005, -8.57136655e-006, 1.41533651e-005, -1, 0, 0, 0, 0, 0, 0, 0, 0.350549585, -0.136672607, -0.177905396, -0.53287092, 0.659748212, -0.52976658, -0.845092773, -0.383422852, 0.372314453, 0.0425007967, 0.646203558, 0.762055727, 0, 0, 0, 0, 0, 0, 0, 0.383076367, -0.0814693848, -0.135066064, -0.287008745, 0.524397353, -0.801535821, 0.179321289, -0.792480469, -0.582763672, -0.940916742, -0.311025121, 0.133378015, 0, 2, 1, 1, 
331.70222, 21, 0.1, 0.1, -0.00856158669, 0.373034271, -0.0199660496, 0.996582509, 0.082603287, -1.21006063e-005, 0.0826032872, -0.996582509, 1.84148716e-005, -1.05381236e-005, -1.93514888e-005, -1, 0.996582509, 0.0826032881, 4.03118194e-006, 0.082603288, -0.996582509, 2.03658375e-005, 5.69969055e-006, -1.99632485e-005, -1, 0, 0, 0, 0, 0, 0, 0, 0.350549585, -0.136672607, -0.177905396, -0.53287092, 0.659748212, -0.52976658, -0.845092773, -0.383422852, 0.372314453, 0.0425007967, 0.646203558, 0.762055727, 0, 0, 0, 0, 0, 0, 0, 0.383076367, -0.0814693848, -0.135066064, -0.287008745, 0.524397353, -0.801535821, 0.179321289, -0.792480469, -0.582763672, -0.940916742, -0.311025121, 0.133378015, 0, 2, 1, 1, 
331.702908, 21, 0.1, 0.1, -0.00856158718, 0.373034269, -0.019968304, 0.996582491, 0.0826035018, 4.79107979e-006, 0.0826035018, -0.996582491, -9.36391038e-006, 4.00121444e-006, 9.7276691e-006, -1, 0.996582496, 0.0826034408, 1.06924618e-005, 0.082603441, -0.996582496, -1.98715605e-005, 9.014461e-006, 2.06868835e-005, -1, 0, 0, 0, 0, 0, 0, 0, 0.350549585, -0.136672607, -0.177905396, -0.53287092, 0.659748212, -0.52976658, -0.845092773, -0.383422852, 0.372314453, 0.0425007967, 0.646203558, 0.762055727, 0, 0, 0, 0, 0, 0, 0, 0.383076367, -0.0814693848, -0.135066064, -0.287008745, 0.524397353, -0.801535821, 0.179321289, -0.792480469, -0.582763672, -0.940916742, -0.311025121, 0.133378015, 0, 2, 1, 1, 
