time, trialNum, realDorsalTactorPos, realVentralTactorPos, boxPosX, boxPosY, boxPosZ, boxLocalRot_11, boxLocalRot_12, boxLocalRot_13, boxLocalRot_21, boxLocalRot_22, boxLocalRot_23, boxLocalRot_31, boxLocalRot_32, boxLocalRot_33, boxGlobalRot_11, boxGlobalRot_12, boxGlobalRot_13, boxGlobalRot_21, boxGlobalRot_22, boxGlobalRot_23, boxGlobalRot_31, boxGlobalRot_32, boxGlobalRot_33, indexForceX, indexForceY, indexForceZ, indexForceGlobalX, indexForceGlobalY, indexForceGlobalZ, indexContact, indexPosX, indexPosY, indexPosZ, indexRot_11, indexRot_12, indexRot_13, indexRot_21, indexRot_22, indexRot_23, indexRot_31, indexRot_32, indexRot_33, thumbForceX, thumbForceY, thumbForceZ, thumbForceGlobalX, thumbForceGlobalY, thumbForceGlobalZ, thumbContact, thumbPosX, thumbPosY, thumbPosZ, thumbRot_11, thumbRot_12, thumbRot_13, thumbRot_21, thumbRot_22, thumbRot_23, thumbRot_31, thumbRot_32, thumbRot_33, manipForceTooHigh, cceExpType, mapping, trialSuccess, 
351.904234, 25, 0.1, 0.1, 0.00636440635, 0.382403517, -0.0199794701, 0.966833179, 2.0023015e-005, 0.255408698, 0.255408697, 3.39672654e-005, -0.966833179, -2.80344502e-005, 0.999999999, 2.7726627e-005, 0.966833343, 1.77790218e-005, 0.25540808, 0.255408079, 2.15142344e-005, -0.966833343, -2.26842604e-005, 1, 1.62597734e-005, 0, 0, 0, 0, 0, 0, 0, 0.306218726, -0.103163403, -0.179216626, -0.326393711, 0.686247908, -0.649934034, -0.923583984, -0.0855712891, 0.373413086, 0.200623966, 0.722217583, 0.661945757, 0, 0, 0, 0, 0, 0, 0, 0.338614404, -0.0520049316, -0.144950732, -0.214978253, 0.447451066, -0.868044574, 0.132080078, -0.8671875, -0.479858398, -0.967591248, -0.217727023, 0.127369605, 0, 2, 1, 1, 
351.930785, 25, 0.1, 0.1, 0.00636440983, 0.382403496, -0.0199673237, 0.966816122, 9.82227987e-006, 0.25547326, 0.25547326, 6.87458775e-006, -0.966816122, -1.12526119e-005, 1, 4.13713242e-006, 0.966816088, 1.40050507e-005, 0.255473387, 0.255473387, 3.43931429e-005, -0.966816088, -2.2326841e-005, 0.999999999, 2.96739262e-005, 0, 0, 0, 0, 0, 0, 0, 0.315114233, -0.117249121, -0.175922412, -0.372742542, 0.667300466, -0.644764219, -0.897827148, -0.0841064453, 0.432128906, 0.23416639, 0.739926004, 0.630599731, 0, 0, 0, 0, 0, 0, 0, 0.347519678, -0.0675796875, -0.14145542, -0.253874872, 0.440574516, -0.860936916, 0.167358398, -0.856689453, -0.487792969, -0.952531585, -0.26791509, 0.143827717, 0, 2, 1, 1, 
351.931488, 25, 0.1, 0.1, 0.00636440926, 0.382403507, -0.0199694811, 0.966816273, 1.76399443e-005, 0.255472686, 0.255472687, -5.16928572e-005, -0.966816272, -3.84847206e-006, 0.999999999, -5.44840195e-005, 0.966816249, 3.91097311e-006, 0.255472779, 0.255472779, -6.6472837e-005, -0.966816247, 1.32008081e-005, 0.999999998, -6.52661661e-005, 0, 0, 0, 0, 0, 0, 0, 0.315114233, -0.117249121, -0.175922412, -0.372742542, 0.667300466, -0.644764219, -0.897827148, -0.0841064453, 0.432128906, 0.23416639, 0.739926004, 0.630599731, 0, 0, 0, 0, 0, 0, 0, 0.347519678, -0.0675796875, -0.14145542, -0.253874872, 0.440574516, -0.860936916, 0.167358398, -0.856689453, -0.487792969, -0.952531585, -0.26791509, 0.143827717, 0, 2, 1, 1, 
351.932199, 25, 0.1, 0.1, 0.00636440989, 0.382403501, -0.0199714719, 0.966816326, -1.84772584e-005, 0.255472486, 0.255472486, 7.33654975e-005, -0.966816323, -8.78750985e-007, 0.999999997, 7.56513919e-005, 0.966816312, -2.03101632e-005, 0.25547254, 0.255472541, 5.70837419e-005, -0.96681631, 5.05286847e-006, 0.999999998, 6.03781818e-005, 0, 0, 0, 0, 0, 0, 0, 0.316547632, -0.118982959, -0.175015527, -0.379647085, 0.663786036, -0.644296175, -0.894897461, -0.0871582031, 0.4375, 0.234271227, 0.742707289, 0.62731221, 0, 0, 0, 0, 0, 0, 0, 0.347519678, -0.0675796875, -0.14145542, -0.253874872, 0.440574516, -0.860936916, 0.167358398, -0.856689453, -0.487792969, -0.952531585, -0.26791509, 0.143827717, 0, 2, 1, 1, 
351.932919, 25, 0.1, 0.1, 0.00636441311, 0.382403491, -0.0199724569, 0.966816391, -1.2090225e-005, 0.255472239, 0.255472239, -6.17708181e-007, -0.966816392, 1.1846835e-005, 1, 2.49150645e-006, 0.966816383, -1.84761905e-005, 0.25547227, 0.255472271, 3.10327172e-005, -0.966816383, 9.93508491e-006, 0.999999999, 3.47230937e-005, 0, 0, 0, 0, 0, 0, 0, 0.316547632, -0.118982959, -0.175015527, -0.379647085, 0.663786036, -0.644296175, -0.894897461, -0.0871582031, 0.4375, 0.234271227, 0.742707289, 0.62731221, 0, 0, 0, 0, 0, 0, 0, 0.348763281, -0.0690030273, -0.140482129, -0.259561057, 0.438649947, -0.860252983, 0.174194336, -0.854858398, -0.48840332, -0.949815174, -0.276463874, 0.145495257, 0, 2, 1, 1, 
351.93361, 25, 0.1, 0.1, 0.00636440772, 0.382403505, -0.0199726046, 0.966816363, 2.66493454e-005, 0.255472345, 0.255472346, -8.35803854e-005, -0.96681636, -4.41254604e-006, 0.999999996, -8.76150551e-005, 0.966816367, 3.68291145e-005, 0.25547233, 0.255472332, -8.43329972e-005, -0.966816363, -1.40622433e-005, 0.999999996, -9.09433418e-005, 0, 0, 0, 0, 0, 0, 0, 0.316547632, -0.118982959, -0.175015527, -0.379647085, 0.663786036, -0.644296175, -0.894897461, -0.0871582031, 0.4375, 0.234271227, 0.742707289, 0.62731221, 0, 0, 0, 0, 0, 0, 0, 0.348763281, -0.0690030273, -0.140482129, -0.259561057, 0.438649947, -0.860252983, 0.174194336, -0.854858398, -0.48840332, -0.949815174, -0.276463874, 0.145495257, 0, 2, 1, 1, 
351.934301, 25, 0.1, 0.1, 0.00636440902, 0.382403508, -0.0199720287, 0.966816427, -5.82249552e-006, 0.255472106, 0.255472106, 4.45724348e-005, -0.966816426, -5.75772949e-006, 0.999999999, 4.45808474e-005, 0.966816397, -1.56173017e-005, 0.255472219, 0.255472219, 1.36828032e-005, -0.966816397, 1.16034872e-005, 1, 1.72185452e-005, 0, 0, 0, 0, 0, 0, 0, 0.316547632, -0.118982959, -0.175015527, -0.379647085, 0.663786036, -0.644296175, -0.894897461, -0.0871582031, 0.4375, 0.234271227, 0.742707289, 0.62731221, 0, 0, 0, 0, 0, 0, 0, 0.348763281, -0.0690030273, -0.140482129, -0.259561057, 0.438649947, -0.860252983, 0.174194336, -0.854858398, -0.48840332, -0.949815174, -0.276463874, 0.145495257, 0, 2, 1, 1, 
351.934993, 25, 0.1, 0.1, 0.00636441135, 0.382403498, -0.0199709009, 0.966816538, -2.44120823e-005, 0.255471685, 0.255471686, 2.24023991e-005, -0.966816537, 1.78788262e-005, 0.999999999, 2.78956058e-005, 0.966816524, -2.33410343e-005, 0.255471737, 0.255471738, 4.63874921e-005, -0.966816523, 1.07158045e-005, 0.999999999, 5.08111685e-005, 0, 0, 0, 0, 0, 0, 0, 0.316547632, -0.118982959, -0.175015527, -0.379647085, 0.663786036, -0.644296175, -0.894897461, -0.0871582031, 0.4375, 0.234271227, 0.742707289, 0.62731221, 0, 0, 0, 0, 0, 0, 0, 0.348763281, -0.0690030273, -0.140482129, -0.259561057, 0.438649947, -0.860252983, 0.174194336, -0.854858398, -0.48840332, -0.949815174, -0.276463874, 0.145495257, 0, 2, 1, 1, 
351.935688, 25, 0.1, 0.1, 0.00636440812, 0.382403502, -0.0199695301, 0.966816504, 3.14679476e-005, 0.255471811, 0.255471811, -1.97827171e-005, -0.966816504, -2.53698046e-005, 0.999999999, -2.7165431e-005, 0.966816518, 3.38296111e-005, 0.255471757, 0.255471758, -2.92093559e-005, -0.966816518, -2.52448613e-005, 0.999999999, -3.6882598e-005, 0, 0, 0, 0, 0, 0, 0, 0.316547632, -0.118982959, -0.175015527, -0.379647085, 0.663786036, -0.644296175, -0.894897461, -0.0871582031, 0.4375, 0.234271227, 0.742707289, 0.62731221, 0, 0, 0, 0, 0, 0, 0, 0.348763281, -0.0690030273, -0.140482129, -0.259561057, 0.438649947, -0.860252983, 0.174194336, -0.854858398, -0.48840332, -0.949815174, -0.276463874, 0.145495257, 0, 2, 1, 1, 
351.936382, 25, 0.1, 0.1, 0.00636440976, 0.382403497, -0.0199683156, 0.966816427, -1.08997026e-005, 0.255472105, 0.255472105, 3.79583142e-005, -0.966816426, 8.40721138e-007, 0.999999999, 3.94832917e-005, 0.966816439, -2.20914329e-005, 0.255472058, 0.255472059, 3.99550933e-005, -0.966816438, 1.11509505e-005, 0.999999999, 4.42729849e-005, 0, 0, 0, 0, 0, 0, 0, 0.316547632, -0.118982959, -0.175015527, -0.379647085, 0.663786036, -0.644296175, -0.894897461, -0.0871582031, 0.4375, 0.234271227, 0.742707289, 0.62731221, 0, 0, 0, 0, 0, 0, 0, 0.348763281, -0.0690030273, -0.140482129, -0.259561057, 0.438649947, -0.860252983, 0.174194336, -0.854858398, -0.48840332, -0.949815174, -0.276463874, 0.145495257, 0, 2, 1, 1, 
351.937104, 25, 0.1, 0.1, 0.00636440645, 0.382403497, -0.0199674938, 0.966816433, -7.41051944e-006, 0.255472083, 0.255472083, -1.33193916e-005, -0.966816433, 1.05673447e-005, 1, -1.09842258e-005, 0.966816422, 1.73510683e-005, 0.255472124, 0.255472124, -1.47426393e-005, -0.966816422, -1.30089644e-005, 1, -1.868614e-005, 0, 0, 0, 0, 0, 0, 0, 0.317887402, -0.119451318, -0.173694141, -0.388051978, 0.658780614, -0.644519336, -0.892700195, -0.0950927734, 0.440307617, 0.228804874, 0.746219093, 0.6251229, 0, 0, 0, 0, 0, 0, 0, 0.348763281, -0.0690030273, -0.140482129, -0.264627475, 0.436227012, -0.859907734, 0.181152344, -0.853393555, -0.488647461, -0.947156366, -0.284942297, 0.146881713, 0, 2, 1, 1, 
351.937801, 25, 0.1, 0.1, 0.00636440726, 0.382403497, -0.0199671418, 0.966816526, 2.19234441e-005, 0.255471731, 0.255471731, -3.71700848e-006, -0.966816526, -2.02463575e-005, 1, -9.19448545e-006, 0.966816508, 1.18193002e-005, 0.2554718, 0.2554718, -2.78399365e-006, -0.966816508, -1.07158627e-005, 1, -5.71110893e-006, 0, 0, 0, 0, 0, 0, 0, 0.317887402, -0.119451318, -0.173694141, -0.388051978, 0.658780614, -0.644519336, -0.892700195, -0.0950927734, 0.440307617, 0.228804874, 0.746219093, 0.6251229, 0, 0, 0, 0, 0, 0, 0, 0.35004668, -0.0704578613, -0.139313916, -0.264627475, 0.436227012, -0.859907734, 0.181152344, -0.853393555, -0.488647461, -0.947156366, -0.284942297, 0.146881713, 0, 2, 1, 1, 
351.938492, 25, 0.1, 0.1, 0.00636440884, 0.382403496, -0.019967566, 0.96681657, -2.21779532e-005, 0.255471565, 0.255471564, -7.00519801e-006, -0.96681657, 2.32316415e-005, 1, -1.10690511e-006, 0.966816569, -2.65504363e-005, 0.255471566, 0.255471566, 7.02256618e-006, -0.966816569, 2.38753358e-005, 1, 1.35724149e-005, 0, 0, 0, 0, 0, 0, 0, 0.317887402, -0.119451318, -0.173694141, -0.388051978, 0.658780614, -0.644519336, -0.892700195, -0.0950927734, 0.440307617, 0.228804874, 0.746219093, 0.6251229, 0, 0, 0, 0, 0, 0, 0, 0.35004668, -0.0704578613, -0.139313916, -0.264627475, 0.436227012, -0.859907734, 0.181152344, -0.853393555, -0.488647461, -0.947156366, -0.284942297, 0.146881713, 0, 2, 1, 1, 
351.939187, 25, 0.1, 0.1, 0.00636440769, 0.382403494, -0.0199686105, 0.966816516, 2.83432881e-006, 0.255471766, 0.255471766, 1.4718475e-005, -0.966816516, -6.50043071e-006, 1, 1.35059737e-005, 0.966816532, 1.14569421e-005, 0.255471709, 0.255471709, 2.28446723e-005, -0.966816531, -1.69129285e-005, 1, 1.91596822e-005, 0, 0, 0, 0, 0, 0, 0, 0.317887402, -0.119451318, -0.173694141, -0.388051978, 0.658780614, -0.644519336, -0.892700195, -0.0950927734, 0.440307617, 0.228804874, 0.746219093, 0.6251229, 0, 0, 0, 0, 0, 0, 0, 0.35004668, -0.0704578613, -0.139313916, -0.264627475, 0.436227012, -0.859907734, 0.181152344, -0.853393555, -0.488647461, -0.947156366, -0.284942297, 0.146881713, 0, 2, 1, 1, 
351.939878, 25, 0.1, 0.1, 0.00636440987, 0.382403494, -0.0199698961, 0.966816454, 5.46871296e-006, 0.255472003, 0.255472002, 1.464683e-005, -0.966816454, -9.02909665e-006, 1, 1.27636932e-005, 0.96681646, -1.25881094e-005, 0.255471979, 0.255471979, 6.4994815e-006, -0.96681646, 1.0509956e-005, 1, 9.49971491e-006, 0, 0, 0, 0, 0, 0, 0, 0.317887402, -0.119451318, -0.173694141, -0.388051978, 0.658780614, -0.644519336, -0.892700195, -0.0950927734, 0.440307617, 0.228804874, 0.746219093, 0.6251229, 0, 0, 0, 0, 0, 0, 0, 0.35004668, -0.0704578613, -0.139313916, -0.264627475, 0.436227012, -0.859907734, 0.181152344, -0.853393555, -0.488647461, -0.947156366, -0.284942297, 0.146881713, 0, 2, 1, 1, 
351.940571, 25, 0.1, 0.1, 0.00636440857, 0.382403494, -0.0199710949, 0.96681648, -1.6436855e-005, 0.255471903, 0.255471903, -2.68845856e-007, -0.96681648, 1.59601049e-005, 1, 3.93923003e-006, 0.966816467, -5.18687273e-006, 0.255471954, 0.255471954, -1.08227385e-005, -0.966816467, 7.77966011e-006, 1, -9.13850125e-006, 0, 0, 0, 0, 0, 0, 0, 0.317887402, -0.119451318, -0.173694141, -0.388051978, 0.658780614, -0.644519336, -0.892700195, -0.0950927734, 0.440307617, 0.228804874, 0.746219093, 0.6251229, 0, 0, 0, 0, 0, 0, 0, 0.35004668, -0.0704578613, -0.139313916, -0.264627475, 0.436227012, -0.859907734, 0.181152344, -0.853393555, -0.488647461, -0.947156366, -0.284942297, 0.146881713, 0, 2, 1, 1, 
351.941263, 25, 0.1, 0.1, 0.00636440672, 0.382403495, -0.019971836, 0.966816554, 2.39751279e-005, 0.255471623, 0.255471623, -4.81789922e-006, -0.966816554, -2.1948714e-005, 1, -1.07829896e-005, 0.966816541, 2.55740685e-005, 0.255471674, 0.255471674, -8.7226055e-006, -0.966816541, -2.24970538e-005, 1, -1.49666094e-005, 0, 0, 0, 0, 0, 0, 0, 0.317887402, -0.119451318, -0.173694141, -0.388051978, 0.658780614, -0.644519336, -0.892700195, -0.0950927734, 0.440307617, 0.228804874, 0.746219093, 0.6251229, 0, 0, 0, 0, 0, 0, 0, 0.35004668, -0.0704578613, -0.139313916, -0.264627475, 0.436227012, -0.859907734, 0.181152344, -0.853393555, -0.488647461, -0.947156366, -0.284942297, 0.146881713, 0, 2, 1, 1, 
351.941986, 25, 0.1, 0.1, 0.00636440733, 0.382403496, -0.0199717777, 0.966816572, 1.34339963e-006, 0.255471558, 0.255471558, -1.84154337e-005, -0.966816571, 3.40579851e-006, 1, -1.81475468e-005, 0.966816576, -9.70705689e-006, 0.255471541, 0.255471541, -1.69434627e-005, -0.966816576, 1.3713516e-005, 1, -1.39013438e-005, 0, 0, 0, 0, 0, 0, 0, 0.318879688, -0.120127295, -0.171729517, -0.394508697, 0.654098702, -0.645288046, -0.891357422, -0.101806641, 0.44152832, 0.223153554, 0.749432474, 0.623390773, 0, 0, 0, 0, 0, 0, 0, 0.35004668, -0.0704578613, -0.139313916, -0.270109137, 0.433637833, -0.859562486, 0.188598633, -0.8515625, -0.489013672, -0.94405023, -0.294174648, 0.14826817, 0, 2, 1, 1, 
351.942681, 25, 0.1, 0.1, 0.00636440485, 0.382403496, -0.0199708808, 0.966816507, -6.79288109e-006, 0.2554718, 0.2554718, -1.38897517e-005, -0.966816507, 1.01159095e-005, 1, -1.16934517e-005, 0.966816524, 8.87408852e-006, 0.255471739, 0.255471739, 3.84399721e-006, -0.966816524, -9.56164806e-006, 1, 1.44936119e-006, 0, 0, 0, 0, 0, 0, 0, 0.318879688, -0.120127295, -0.171729517, -0.394508697, 0.654098702, -0.645288046, -0.891357422, -0.101806641, 0.44152832, 0.223153554, 0.749432474, 0.623390773, 0, 0, 0, 0, 0, 0, 0, 0.35108877, -0.0712698242, -0.138145703, -0.270109137, 0.433637833, -0.859562486, 0.188598633, -0.8515625, -0.489013672, -0.94405023, -0.294174648, 0.14826817, 0, 2, 1, 1, 
351.943374, 25, 0.1, 0.1, 0.00636440569, 0.382403497, -0.0199697258, 0.966816464, 1.46873291e-005, 0.255471964, 0.255471964, 8.6874556e-006, -0.966816464, -1.6419353e-005, 1, 4.64697429e-006, 0.966816465, 5.20490983e-006, 0.255471959, 0.255471959, 1.12693029e-005, -0.966816465, -7.91118342e-006, 1, 9.56563913e-006, 0, 0, 0, 0, 0, 0, 0, 0.318879688, -0.120127295, -0.171729517, -0.394508697, 0.654098702, -0.645288046, -0.891357422, -0.101806641, 0.44152832, 0.223153554, 0.749432474, 0.623390773, 0, 0, 0, 0, 0, 0, 0, 0.35108877, -0.0712698242, -0.138145703, -0.270109137, 0.433637833, -0.859562486, 0.188598633, -0.8515625, -0.489013672, -0.94405023, -0.294174648, 0.14826817, 0, 2, 1, 1, 
351.944068, 25, 0.1, 0.1, 0.00636440727, 0.382403498, -0.0199686336, 0.966816512, -2.69853122e-005, 0.255471783, 0.255471783, 5.94372861e-006, -0.966816512, 2.45713905e-005, 1, 1.26404808e-005, 0.966816496, -2.67576806e-005, 0.255471844, 0.255471844, 7.14976858e-007, -0.966816496, 2.56871105e-005, 1, 7.52708543e-006, 0, 0, 0, 0, 0, 0, 0, 0.318879688, -0.120127295, -0.171729517, -0.394508697, 0.654098702, -0.645288046, -0.891357422, -0.101806641, 0.44152832, 0.223153554, 0.749432474, 0.623390773, 0, 0, 0, 0, 0, 0, 0, 0.35108877, -0.0712698242, -0.138145703, -0.270109137, 0.433637833, -0.859562486, 0.188598633, -0.8515625, -0.489013672, -0.94405023, -0.294174648, 0.14826817, 0, 2, 1, 1, 
351.944778, 25, 0.1, 0.1, 0.00636440569, 0.382403497, -0.0199678378, 0.966816595, 3.07503061e-006, 0.255471471, 0.255471471, 1.25953159e-005, -0.966816594, -6.1907345e-006, 1, 1.13917778e-005, 0.966816581, 1.75667675e-005, 0.255471522, 0.255471522, 3.7142697e-007, -0.966816581, -1.70787311e-005, 1, -4.12870706e-006, 0, 0, 0, 0, 0, 0, 0, 0.318879688, -0.120127295, -0.171729517, -0.394508697, 0.654098702, -0.645288046, -0.891357422, -0.101806641, 0.44152832, 0.223153554, 0.749432474, 0.623390773, 0, 0, 0, 0, 0, 0, 0, 0.351910791, -0.0723686035, -0.137362695, -0.275431117, 0.433157323, -0.858207745, 0.194946289, -0.848876953, -0.491088867, -0.94129554, -0.302448913, 0.149392501, 0, 2, 1, 1, 
351.94547, 25, 0.1, 0.1, 0.00636440788, 0.382403498, -0.0199675497, 0.966816589, 1.17342631e-005, 0.255471491, 0.255471491, -1.89843647e-006, -0.966816589, -1.08598838e-005, 1, -4.83320956e-006, 0.966816598, -7.39339012e-006, 0.255471458, 0.255471458, -1.23808498e-005, -0.966816598, 1.0311006e-005, 1, -1.0081211e-005, 0, 0, 0, 0, 0, 0, 0, 0.318879688, -0.120127295, -0.171729517, -0.394508697, 0.654098702, -0.645288046, -0.891357422, -0.101806641, 0.44152832, 0.223153554, 0.749432474, 0.623390773, 0, 0, 0, 0, 0, 0, 0, 0.351910791, -0.0723686035, -0.137362695, -0.275431117, 0.433157323, -0.858207745, 0.194946289, -0.848876953, -0.491088867, -0.94129554, -0.302448913, 0.149392501, 0, 2, 1, 1, 
351.946161, 25, 0.1, 0.1, 0.00636440703, 0.382403497, -0.0199679526, 0.966816508, -1.6141877e-005, 0.255471799, 0.255471799, -1.58346616e-005, -0.966816508, 1.96515426e-005, 1, -1.11854178e-005, 0.966816524, -8.12219168e-006, 0.255471738, 0.255471738, -8.54135699e-006, -0.966816524, 1.00347444e-005, 1, -6.18293464e-006, 0, 0, 0, 0, 0, 0, 0, 0.318879688, -0.120127295, -0.171729517, -0.394508697, 0.654098702, -0.645288046, -0.891357422, -0.101806641, 0.44152832, 0.223153554, 0.749432474, 0.623390773, 0, 0, 0, 0, 0, 0, 0, 0.351910791, -0.0723686035, -0.137362695, -0.275431117, 0.433157323, -0.858207745, 0.194946289, -0.848876953, -0.491088867, -0.94129554, -0.302448913, 0.149392501, 0, 2, 1, 1, 
351.946874, 25, 0.1, 0.1, 0.00636440583, 0.382403496, -0.019968709, 0.966816469, 2.31870442e-005, 0.255471944, 0.255471945, -3.39027752e-006, -0.966816469, -2.15514954e-005, 1, -9.20141542e-006, 0.966816468, 2.04055201e-005, 0.255471947, 0.255471947, 1.12634354e-005, -0.966816469, -2.26058846e-005, 1, 5.67663693e-006, 0, 0, 0, 0, 0, 0, 0, 0.320314185, -0.120953149, -0.171012915, -0.401161245, 0.65093287, -0.644317515, -0.889282227, -0.108398438, 0.444213867, 0.219387128, 0.751293403, 0.622495504, 0, 0, 0, 0, 0, 0, 0, 0.351910791, -0.0723686035, -0.137362695, -0.275431117, 0.433157323, -0.858207745, 0.194946289, -0.848876953, -0.491088867, -0.94129554, -0.302448913, 0.149392501, 0, 2, 1, 1, 
351.947567, 25, 0.1, 0.1, 0.00636440725, 0.382403497, -0.0199696286, 0.966816527, -8.26498429e-006, 0.255471726, 0.255471726, 2.23989211e-006, -0.966816527, 7.41849431e-006, 1, 4.27703451e-006, 0.966816511, -1.96145884e-005, 0.255471786, 0.255471786, 4.5052568e-006, -0.966816511, 1.7812742e-005, 1, 9.3667306e-006, 0, 0, 0, 0, 0, 0, 0, 0.320314185, -0.120953149, -0.171012915, -0.401161245, 0.65093287, -0.644317515, -0.889282227, -0.108398438, 0.444213867, 0.219387128, 0.751293403, 0.622495504, 0, 0, 0, 0, 0, 0, 0, 0.351910791, -0.0723686035, -0.137362695, -0.275431117, 0.433157323, -0.858207745, 0.194946289, -0.848876953, -0.491088867, -0.94129554, -0.302448913, 0.149392501, 0, 2, 1, 1, 
351.94826, 25, 0.1, 0.1, 0.00636440477, 0.382403497, -0.0199705209, 0.966816592, -1.05001176e-005, 0.255471479, 0.255471479, 4.99404717e-006, -0.966816592, 8.87585129e-006, 1, 7.51080823e-006, 0.966816586, 8.95610457e-006, 0.255471504, 0.255471504, 6.0561323e-006, -0.966816586, -1.02060797e-005, 1, 3.56713965e-006, 0, 0, 0, 0, 0, 0, 0, 0.320314185, -0.120953149, -0.171012915, -0.401161245, 0.65093287, -0.644317515, -0.889282227, -0.108398438, 0.444213867, 0.219387128, 0.751293403, 0.622495504, 0, 0, 0, 0, 0, 0, 0, 0.351910791, -0.0723686035, -0.137362695, -0.275431117, 0.433157323, -0.858207745, 0.194946289, -0.848876953, -0.491088867, -0.94129554, -0.302448913, 0.149392501, 0, 2, 1, 1, 
351.94898, 25, 0.1, 0.1, 0.00636440519, 0.382403499, -0.0199708281, 0.966816568, 1.68418744e-005, 0.25547157, 0.25547157, 7.89393344e-006, -0.966816568, -1.82996788e-005, 1, 3.32936553e-006, 0.966816582, 1.20849486e-005, 0.25547152, 0.25547152, -8.09648451e-006, -0.966816582, -9.61550746e-006, 1, -1.09151757e-005, 0, 0, 0, 0, 0, 0, 0, 0.320314185, -0.120953149, -0.171012915, -0.401161245, 0.65093287, -0.644317515, -0.889282227, -0.108398438, 0.444213867, 0.219387128, 0.751293403, 0.622495504, 0, 0, 0, 0, 0, 0, 0, 0.351910791, -0.0723686035, -0.137362695, -0.275431117, 0.433157323, -0.858207745, 0.194946289, -0.848876953, -0.491088867, -0.94129554, -0.302448913, 0.149392501, 0, 2, 1, 1, 
351.949703, 25, 0.1, 0.1, 0.00636440623, 0.3824035, -0.019970481, 0.966816488, -1.9045128e-005, 0.255471872, 0.255471871, -1.45887348e-005, -0.966816489, 2.21401552e-005, 1, -9.23913485e-006, 0.966816502, -1.88063114e-005, 0.25547182, 0.25547182, -2.01285817e-005, -0.966816502, 2.33245376e-005, 1, -1.46561624e-005, 0, 0, 0, 0, 0, 0, 0, 0.321586475, -0.122271021, -0.169945288, -0.406608118, 0.646815604, -0.645143513, -0.887817383, -0.11328125, 0.446044922, 0.215429743, 0.754170169, 0.620401675, 0, 0, 0, 0, 0, 0, 0, 0.353013916, -0.0736781738, -0.13637793, -0.279718086, 0.432217093, -0.857242729, 0.199462891, -0.847167969, -0.49230957, -0.939045779, -0.308684871, 0.150721355, 0, 2, 1, 1, 
351.950395, 25, 0.1, 0.1, 0.00636440463, 0.382403499, -0.019969869, 0.966816473, 1.02104527e-005, 0.255471932, 0.255471932, -1.07839882e-005, -0.966816473, -7.11662753e-006, 1, -1.30346215e-005, 0.966816468, 1.88296627e-005, 0.255471949, 0.255471949, -4.2565572e-006, -0.966816468, -1.7117397e-005, 1, -8.92576022e-006, 0, 0, 0, 0, 0, 0, 0, 0.321586475, -0.122271021, -0.169945288, -0.406608118, 0.646815604, -0.645143513, -0.887817383, -0.11328125, 0.446044922, 0.215429743, 0.754170169, 0.620401675, 0, 0, 0, 0, 0, 0, 0, 0.353013916, -0.0736781738, -0.13637793, -0.279718086, 0.432217093, -0.857242729, 0.199462891, -0.847167969, -0.49230957, -0.939045779, -0.308684871, 0.150721355, 0, 2, 1, 1, 
351.951085, 25, 0.1, 0.1, 0.00636440634, 0.382403499, -0.0199692741, 0.96681654, 1.43644796e-005, 0.255471677, 0.255471677, -3.15065187e-006, -0.96681654, -1.30829141e-005, 1, -6.71582003e-006, 0.966816523, -8.69997591e-006, 0.25547174, 0.25547174, 5.27843389e-006, -0.966816523, 7.06278977e-006, 1, 7.32587509e-006, 0, 0, 0, 0, 0, 0, 0, 0.321586475, -0.122271021, -0.169945288, -0.406608118, 0.646815604, -0.645143513, -0.887817383, -0.11328125, 0.446044922, 0.215429743, 0.754170169, 0.620401675, 0, 0, 0, 0, 0, 0, 0, 0.353013916, -0.0736781738, -0.13637793, -0.279718086, 0.432217093, -0.857242729, 0.199462891, -0.847167969, -0.49230957, -0.939045779, -0.308684871, 0.150721355, 0, 2, 1, 1, 
351.951776, 25, 0.1, 0.1, 0.00636440497, 0.382403499, -0.0199688845, 0.966816589, -1.76219748e-005, 0.255471493, 0.255471493, 2.63764119e-006, -0.966816589, 1.63633754e-005, 1, 7.05202747e-006, 0.966816587, -1.00913619e-005, 0.255471501, 0.255471501, 1.0416954e-005, -0.966816587, 7.09526117e-006, 1, 1.26493393e-005, 0, 0, 0, 0, 0, 0, 0, 0.321586475, -0.122271021, -0.169945288, -0.406608118, 0.646815604, -0.645143513, -0.887817383, -0.11328125, 0.446044922, 0.215429743, 0.754170169, 0.620401675, 0, 0, 0, 0, 0, 0, 0, 0.353013916, -0.0736781738, -0.13637793, -0.279718086, 0.432217093, -0.857242729, 0.199462891, -0.847167969, -0.49230957, -0.939045779, -0.308684871, 0.150721355, 0, 2, 1, 1, 
351.95247, 25, 0.1, 0.1, 0.00636440322, 0.382403498, -0.0199687913, 0.966816543, 1.86264514e-005, 0.255471666, 0.255471665, 1.68127856e-005, -0.966816543, -2.23035517e-005, 1, 1.14963487e-005, 0.966816559, 2.11099289e-005, 0.255471606, 0.255471606, 1.27113991e-005, -0.966816559, -2.36568304e-005, 1, 6.89660373e-006, 0, 0, 0, 0, 0, 0, 0, 0.321586475, -0.122271021, -0.169945288, -0.406608118, 0.646815604, -0.645143513, -0.887817383, -0.11328125, 0.446044922, 0.215429743, 0.754170169, 0.620401675, 0, 0, 0, 0, 0, 0, 0, 0.353013916, -0.0736781738, -0.13637793, -0.279718086, 0.432217093, -0.857242729, 0.199462891, -0.847167969, -0.49230957, -0.939045779, -0.308684871, 0.150721355, 0, 2, 1, 1, 
351.953159, 25, 0.1, 0.1, 0.00636440471, 0.382403499, -0.0199689954, 0.966816466, -1.06399996e-005, 0.255471959, 0.255471959, 3.93315016e-006, -0.966816466, 9.28211723e-006, 1, 6.52085588e-006, 0.966816478, -1.67449742e-005, 0.255471911, 0.25547191, -1.22493574e-005, -0.966816478, 1.93186837e-005, 1, -7.56501007e-006, 0, 0, 0, 0, 0, 0, 0, 0.321586475, -0.122271021, -0.169945288, -0.406608118, 0.646815604, -0.645143513, -0.887817383, -0.11328125, 0.446044922, 0.215429743, 0.754170169, 0.620401675, 0, 0, 0, 0, 0, 0, 0, 0.353013916, -0.0736781738, -0.13637793, -0.279718086, 0.432217093, -0.857242729, 0.199462891, -0.847167969, -0.49230957, -0.939045779, -0.308684871, 0.150721355, 0, 2, 1, 1, 
351.953849, 25, 0.1, 0.1, 0.00636440278, 0.3824035, -0.0199694645, 0.966816468, -9.17690287e-006, 0.255471948, 0.255471948, -1.1491245e-005, -0.966816468, 1.18080716e-005, 1, -8.76548361e-006, 0.966816461, 1.09510209e-005, 0.255471977, 0.255471977, -1.15743652e-005, -0.966816461, -7.63070132e-006, 1, -1.39879658e-005, 0, 0, 0, 0, 0, 0, 0, 0.321586475, -0.122271021, -0.169945288, -0.406608118, 0.646815604, -0.645143513, -0.887817383, -0.11328125, 0.446044922, 0.215429743, 0.754170169, 0.620401675, 0, 0, 0, 0, 0, 0, 0, 0.353013916, -0.0736781738, -0.13637793, -0.279718086, 0.432217093, -0.857242729, 0.199462891, -0.847167969, -0.49230957, -0.939045779, -0.308684871, 0.150721355, 0, 2, 1, 1, 
351.954567, 25, 0.1, 0.1, 0.00636440388, 0.3824035, -0.019969726, 0.966816549, 2.10978835e-005, 0.255471641, 0.255471642, -6.47613441e-006, -0.966816549, -1.87433142e-005, 1, -1.16511449e-005, 0.966816534, 1.08801259e-005, 0.2554717, 0.2554717, -4.63864509e-006, -0.966816534, -9.33404309e-006, 1, -7.26428303e-006, 0, 0, 0, 0, 0, 0, 0, 0.322510913, -0.124913452, -0.168694946, -0.41031463, 0.642977664, -0.646680932, -0.886230469, -0.114257813, 0.448730469, 0.214657285, 0.757249878, 0.61693742, 0, 0, 0, 0, 0, 0, 0, 0.353686914, -0.0756201172, -0.135389502, -0.283577051, 0.431181348, -0.856488433, 0.202026367, -0.846191406, -0.492919922, -0.937364746, -0.312844242, 0.152887261, 0, 2, 1, 1, 
351.955256, 25, 0.1, 0.1, 0.00636440473, 0.382403499, -0.0199699809, 0.966816585, -1.61420108e-005, 0.255471507, 0.255471507, -1.32071306e-005, -0.966816585, 1.89804093e-005, 1, -8.64504906e-006, 0.966816585, -2.06521726e-005, 0.255471505, 0.255471505, 1.75166579e-007, -0.966816586, 1.99221129e-005, 1, 5.44539556e-006, 0, 0, 0, 0, 0, 0, 0, 0.322510913, -0.124913452, -0.168694946, -0.41031463, 0.642977664, -0.646680932, -0.886230469, -0.114257813, 0.448730469, 0.214657285, 0.757249878, 0.61693742, 0, 0, 0, 0, 0, 0, 0, 0.353686914, -0.0756201172, -0.135389502, -0.283577051, 0.431181348, -0.856488433, 0.202026367, -0.846191406, -0.492919922, -0.937364746, -0.312844242, 0.152887261, 0, 2, 1, 1, 
351.955951, 25, 0.1, 0.1, 0.00636440277, 0.382403499, -0.0199701594, 0.96681653, 6.43099777e-006, 0.255471715, 0.255471715, 6.8258718e-006, -0.96681653, -7.96141212e-006, 1, 4.95642767e-006, 0.966816545, 1.53401706e-005, 0.255471657, 0.255471656, 1.43307083e-005, -0.966816545, -1.84922206e-005, 1, 9.93618707e-006, 0, 0, 0, 0, 0, 0, 0, 0.322510913, -0.124913452, -0.168694946, -0.41031463, 0.642977664, -0.646680932, -0.886230469, -0.114257813, 0.448730469, 0.214657285, 0.757249878, 0.61693742, 0, 0, 0, 0, 0, 0, 0, 0.353686914, -0.0756201172, -0.135389502, -0.283577051, 0.431181348, -0.856488433, 0.202026367, -0.846191406, -0.492919922, -0.937364746, -0.312844242, 0.152887261, 0, 2, 1, 1, 
351.956646, 25, 0.1, 0.1, 0.00636440456, 0.3824035, -0.0199701755, 0.966816468, 6.34159476e-006, 0.255471951, 0.255471951, 1.08935931e-005, -0.966816468, -8.91416573e-006, 1, 8.91200561e-006, 0.966816474, -1.09827259e-005, 0.255471929, 0.255471929, 2.22748284e-006, -0.966816474, 1.0049221e-005, 1, 4.95934528e-006, 0, 0, 0, 0, 0, 0, 0, 0.322510913, -0.124913452, -0.168694946, -0.41031463, 0.642977664, -0.646680932, -0.886230469, -0.114257813, 0.448730469, 0.214657285, 0.757249878, 0.61693742, 0, 0, 0, 0, 0, 0, 0, 0.353686914, -0.0756201172, -0.135389502, -0.283577051, 0.431181348, -0.856488433, 0.202026367, -0.846191406, -0.492919922, -0.937364746, -0.312844242, 0.152887261, 0, 2, 1, 1, 
351.957338, 25, 0.1, 0.1, 0.00636440386, 0.382403501, -0.0199700833, 0.966816492, -2.14512315e-005, 0.255471858, 0.255471858, -3.19349899e-007, -0.966816492, 2.08209893e-005, 1, 5.17143321e-006, 0.966816479, -9.41541448e-006, 0.255471909, 0.255471908, -1.18727936e-005, -0.966816479, 1.21361431e-005, 1, -9.07343856e-006, 0, 0, 0, 0, 0, 0, 0, 0.322510913, -0.124913452, -0.168694946, -0.41031463, 0.642977664, -0.646680932, -0.886230469, -0.114257813, 0.448730469, 0.214657285, 0.757249878, 0.61693742, 0, 0, 0, 0, 0, 0, 0, 0.353686914, -0.0756201172, -0.135389502, -0.283577051, 0.431181348, -0.856488433, 0.202026367, -0.846191406, -0.492919922, -0.937364746, -0.312844242, 0.152887261, 0, 2, 1, 1, 
351.958028, 25, 0.1, 0.1, 0.00636440284, 0.382403501, -0.0199699183, 0.966816568, 2.05062271e-005, 0.255471572, 0.255471572, -2.18832988e-006, -0.966816568, -1.9266704e-005, 1, -7.35447165e-006, 0.966816554, 2.23585247e-005, 0.255471623, 0.255471623, -7.04435528e-006, -0.966816554, -1.9816959e-005, 1, -1.25225679e-005, 0, 0, 0, 0, 0, 0, 0, 0.322510913, -0.124913452, -0.168694946, -0.41031463, 0.642977664, -0.646680932, -0.886230469, -0.114257813, 0.448730469, 0.214657285, 0.757249878, 0.61693742, 0, 0, 0, 0, 0, 0, 0, 0.353686914, -0.0756201172, -0.135389502, -0.283577051, 0.431181348, -0.856488433, 0.202026367, -0.846191406, -0.492919922, -0.937364746, -0.312844242, 0.152887261, 0, 2, 1, 1, 
351.958734, 25, 0.1, 0.1, 0.0063644045, 0.382403502, -0.0199696811, 0.966816582, -3.27833475e-006, 0.255471518, 0.255471517, -1.43946345e-005, -0.966816582, 6.84696752e-006, 1, -1.30794502e-005, 0.966816588, -1.54644956e-005, 0.255471497, 0.255471497, -1.2687005e-005, -0.966816588, 1.8192499e-005, 1, -8.31526906e-006, 0, 0, 0, 0, 0, 0, 0, 0.322510913, -0.124913452, -0.168694946, -0.414204988, 0.639361763, -0.647736082, -0.884521484, -0.115234375, 0.451904297, 0.214284722, 0.760170827, 0.613396781, 0, 0, 0, 0, 0, 0, 0, 0.353686914, -0.0756201172, -0.135389502, -0.283577051, 0.431181348, -0.856488433, 0.202026367, -0.846191406, -0.492919922, -0.937364746, -0.312844242, 0.152887261, 0, 2, 1, 1, 
351.959437, 25, 0.1, 0.1, 0.00636440237, 0.3824035, -0.0199692698, 0.966816508, -8.40691412e-006, 0.255471799, 0.255471798, -9.39186799e-006, -0.966816508, 1.05273008e-005, 1, -6.93248354e-006, 0.966816526, 7.69992325e-006, 0.25547173, 0.25547173, 9.80101694e-006, -0.966816526, -9.94829581e-006, 1, 7.50867243e-006, 0, 0, 0, 0, 0, 0, 0, 0.323203931, -0.127321777, -0.167643433, -0.414204988, 0.639361763, -0.647736082, -0.884521484, -0.115234375, 0.451904297, 0.214284722, 0.760170827, 0.613396781, 0, 0, 0, 0, 0, 0, 0, 0.354406299, -0.0777452637, -0.134198096, -0.286682087, 0.43058017, -0.85576622, 0.204467773, -0.845092773, -0.493774414, -0.935849958, -0.316466967, 0.154190596, 0, 2, 1, 1, 
351.960125, 25, 0.1, 0.1, 0.00636440322, 0.3824035, -0.0199690294, 0.966816455, 1.6327314e-005, 0.255472, 0.255472, 1.09021485e-005, -0.966816455, -1.85707095e-005, 1, 6.36920499e-006, 0.966816458, 6.04863022e-006, 0.255471989, 0.255471989, 1.39531174e-005, -0.966816458, -9.41254591e-006, 1, 1.1944848e-005, 0, 0, 0, 0, 0, 0, 0, 0.323203931, -0.127321777, -0.167643433, -0.414204988, 0.639361763, -0.647736082, -0.884521484, -0.115234375, 0.451904297, 0.214284722, 0.760170827, 0.613396781, 0, 0, 0, 0, 0, 0, 0, 0.354406299, -0.0777452637, -0.134198096, -0.286682087, 0.43058017, -0.85576622, 0.204467773, -0.845092773, -0.493774414, -0.935849958, -0.316466967, 0.154190596, 0, 2, 1, 1, 
351.960813, 25, 0.1, 0.1, 0.00636440417, 0.382403501, -0.019969092, 0.966816495, -2.28688297e-005, 0.255471848, 0.255471848, 5.31767789e-006, -0.966816495, 2.07514448e-005, 1, 1.09835609e-005, 0.96681648, -2.28038909e-005, 0.255471902, 0.255471902, 7.34708159e-007, -0.966816481, 2.18594802e-005, 1, 6.53608133e-006, 0, 0, 0, 0, 0, 0, 0, 0.323203931, -0.127321777, -0.167643433, -0.414204988, 0.639361763, -0.647736082, -0.884521484, -0.115234375, 0.451904297, 0.214284722, 0.760170827, 0.613396781, 0, 0, 0, 0, 0, 0, 0, 0.354406299, -0.0777452637, -0.134198096, -0.286682087, 0.43058017, -0.85576622, 0.204467773, -0.845092773, -0.493774414, -0.935849958, -0.316466967, 0.154190596, 0, 2, 1, 1, 
351.961539, 25, 0.1, 0.1, 0.00636440173, 0.382403501, -0.0199691719, 0.96681657, 7.66941698e-006, 0.255471563, 0.255471563, 9.06750396e-006, -0.96681657, -9.73140882e-006, 1, 6.80729514e-006, 0.966816558, 2.14149914e-005, 0.255471608, 0.255471608, -2.01601729e-006, -0.966816558, -2.01893331e-005, 1, -7.42004118e-006, 0, 0, 0, 0, 0, 0, 0, 0.323844092, -0.12971106, -0.166538452, -0.419117174, 0.636151748, -0.647794492, -0.882324219, -0.117431641, 0.455566406, 0.213703225, 0.762533123, 0.61068701, 0, 0, 0, 0, 0, 0, 0, 0.355104199, -0.0796608398, -0.132765137, -0.290176847, 0.430081071, -0.854813964, 0.207519531, -0.84362793, -0.494995117, -0.934130646, -0.321060904, 0.155640852, 0, 2, 1, 1, 
351.96223, 25, 0.1, 0.1, 0.00636440314, 0.382403502, -0.0199692053, 0.966816561, 1.34974839e-005, 0.255471597, 0.255471597, -5.56407371e-006, -0.966816561, -1.16281282e-005, 1, -8.82766238e-006, 0.96681657, -3.78022265e-006, 0.255471563, 0.255471563, -1.55385705e-005, -0.96681657, 7.6244448e-006, 1, -1.40572081e-005, 0, 0, 0, 0, 0, 0, 0, 0.323844092, -0.12971106, -0.166538452, -0.419117174, 0.636151748, -0.647794492, -0.882324219, -0.117431641, 0.455566406, 0.213703225, 0.762533123, 0.61068701, 0, 0, 0, 0, 0, 0, 0, 0.355104199, -0.0796608398, -0.132765137, -0.290176847, 0.430081071, -0.854813964, 0.207519531, -0.84362793, -0.494995117, -0.934130646, -0.321060904, 0.155640852, 0, 2, 1, 1, 
351.962921, 25, 0.1, 0.1, 0.00636440233, 0.382403502, -0.0199694137, 0.96681648, -1.64194368e-005, 0.255471903, 0.255471903, -1.80546655e-005, -0.96681648, 2.04870419e-005, 1, -1.32608434e-005, 0.966816496, -8.28348551e-006, 0.255471843, 0.255471843, -1.13345804e-005, -0.966816496, 1.09042766e-005, 1, -8.84226195e-006, 0, 0, 0, 0, 0, 0, 0, 0.323844092, -0.12971106, -0.166538452, -0.419117174, 0.636151748, -0.647794492, -0.882324219, -0.117431641, 0.455566406, 0.213703225, 0.762533123, 0.61068701, 0, 0, 0, 0, 0, 0, 0, 0.355104199, -0.0796608398, -0.132765137, -0.290176847, 0.430081071, -0.854813964, 0.207519531, -0.84362793, -0.494995117, -0.934130646, -0.321060904, 0.155640852, 0, 2, 1, 1, 
351.963615, 25, 0.1, 0.1, 0.00636440164, 0.382403501, -0.0199697228, 0.966816442, 1.9796681e-005, 0.255472047, 0.255472047, -5.05358037e-006, -0.966816442, -1.78487082e-005, 1, -9.94338323e-006, 0.966816442, 1.69727917e-005, 0.255472048, 0.255472048, 9.03197972e-006, -0.966816442, -1.87169924e-005, 1, 4.39619264e-006, 0, 0, 0, 0, 0, 0, 0, 0.323844092, -0.12971106, -0.166538452, -0.419117174, 0.636151748, -0.647794492, -0.882324219, -0.117431641, 0.455566406, 0.213703225, 0.762533123, 0.61068701, 0, 0, 0, 0, 0, 0, 0, 0.355104199, -0.0796608398, -0.132765137, -0.290176847, 0.430081071, -0.854813964, 0.207519531, -0.84362793, -0.494995117, -0.934130646, -0.321060904, 0.155640852, 0, 2, 1, 1, 
351.964305, 25, 0.1, 0.1, 0.00636440347, 0.382403502, -0.0199700502, 0.966816495, -9.53447959e-006, 0.255471847, 0.255471847, 1.83397699e-006, -0.966816495, 8.74956266e-006, 1, 4.20891032e-006, 0.96681648, -2.09484167e-005, 0.255471904, 0.255471904, 3.80344834e-006, -0.96681648, 1.92816003e-005, 1, 9.02896843e-006, 0, 0, 0, 0, 0, 0, 0, 0.323844092, -0.12971106, -0.166538452, -0.419117174, 0.636151748, -0.647794492, -0.882324219, -0.117431641, 0.455566406, 0.213703225, 0.762533123, 0.61068701, 0, 0, 0, 0, 0, 0, 0, 0.355104199, -0.0796608398, -0.132765137, -0.290176847, 0.430081071, -0.854813964, 0.207519531, -0.84362793, -0.494995117, -0.934130646, -0.321060904, 0.155640852, 0, 2, 1, 1, 
351.965016, 25, 0.1, 0.1, 0.0063644007, 0.382403503, -0.0199700773, 0.966816559, -9.66180281e-006, 0.255471606, 0.255471606, 5.35943956e-006, -0.966816559, 7.97200632e-006, 1, 7.64991119e-006, 0.966816553, 9.96715437e-006, 0.255471627, 0.255471627, 6.27796495e-006, -0.966816553, -1.12402518e-005, 1, 3.52331529e-006, 0, 0, 0, 0, 0, 0, 0, 0.323844092, -0.12971106, -0.166538452, -0.419117174, 0.636151748, -0.647794492, -0.882324219, -0.117431641, 0.455566406, 0.213703225, 0.762533123, 0.61068701, 0, 0, 0, 0, 0, 0, 0, 0.355104199, -0.0796608398, -0.132765137, -0.290176847, 0.430081071, -0.854813964, 0.207519531, -0.84362793, -0.494995117, -0.934130646, -0.321060904, 0.155640852, 0, 2, 1, 1, 
351.965709, 25, 0.1, 0.1, 0.00636440053, 0.382403504, -0.0199699864, 0.966816533, 1.95472435e-005, 0.255471704, 0.255471704, 9.74189146e-006, -0.966816533, -2.13873758e-005, 1, 4.42485412e-006, 0.966816547, 1.49372338e-005, 0.255471652, 0.255471652, -6.33697283e-006, -0.966816547, -1.28226479e-005, 1, -9.94272999e-006, 0, 0, 0, 0, 0, 0, 0, 0.323844092, -0.12971106, -0.166538452, -0.419117174, 0.636151748, -0.647794492, -0.882324219, -0.117431641, 0.455566406, 0.213703225, 0.762533123, 0.61068701, 0, 0, 0, 0, 0, 0, 0, 0.355104199, -0.0796608398, -0.132765137, -0.290176847, 0.430081071, -0.854813964, 0.207519531, -0.84362793, -0.494995117, -0.934130646, -0.321060904, 0.155640852, 0, 2, 1, 1, 
351.966433, 25, 0.1, 0.1, 0.00636440138, 0.382403505, -0.0199695433, 0.966816451, -1.90532815e-005, 0.255472014, 0.255472014, -1.4598717e-005, -0.966816451, 2.21505896e-005, 1, -9.24669954e-006, 0.966816465, -1.8408853e-005, 0.255471961, 0.25547196, -2.00531539e-005, -0.966816465, 2.29210008e-005, 1, -1.46847736e-005, 0, 0, 0, 0, 0, 0, 0, 0.325457153, -0.131035645, -0.165827222, -0.426607702, 0.631939001, -0.646900345, -0.879882812, -0.124511719, 0.458496094, 0.209327971, 0.764807051, 0.609309472, 0, 0, 0, 0, 0, 0, 0, 0.356433984, -0.0809523438, -0.131547363, -0.294489335, 0.429556086, -0.853555105, 0.212646484, -0.841308594, -0.496704102, -0.931638082, -0.327744189, 0.156509619, 0, 2, 1, 1, 
351.967127, 25, 0.1, 0.1, 0.00636439982, 0.382403504, -0.0199690796, 0.966816435, 9.88004053e-006, 0.255472076, 0.255472076, -1.20626269e-005, -0.966816435, -6.47052122e-006, 1, -1.41864204e-005, 0.96681643, 1.88370895e-005, 0.255472093, 0.255472093, -5.26616716e-006, -0.96681643, -1.68666489e-005, 1, -9.90376762e-006, 0, 0, 0, 0, 0, 0, 0, 0.325457153, -0.131035645, -0.165827222, -0.426607702, 0.631939001, -0.646900345, -0.879882812, -0.124511719, 0.458496094, 0.209327971, 0.764807051, 0.609309472, 0, 0, 0, 0, 0, 0, 0, 0.356433984, -0.0809523438, -0.131547363, -0.294489335, 0.429556086, -0.853555105, 0.212646484, -0.841308594, -0.496704102, -0.931638082, -0.327744189, 0.156509619, 0, 2, 1, 1, 
351.967823, 25, 0.1, 0.1, 0.00636440197, 0.382403505, -0.0199687974, 0.966816505, 1.25088874e-005, 0.255471808, 0.255471808, -4.49321439e-006, -0.966816506, -1.09459092e-005, 1, -7.53978192e-006, 0.966816488, -1.09696763e-005, 0.255471873, 0.255471873, 3.9615227e-006, -0.966816488, 9.59360628e-006, 1, 6.63250921e-006, 0, 0, 0, 0, 0, 0, 0, 0.325457153, -0.131035645, -0.165827222, -0.426607702, 0.631939001, -0.646900345, -0.879882812, -0.124511719, 0.458496094, 0.209327971, 0.764807051, 0.609309472, 0, 0, 0, 0, 0, 0, 0, 0.356433984, -0.0809523438, -0.131547363, -0.294489335, 0.429556086, -0.853555105, 0.212646484, -0.841308594, -0.496704102, -0.931638082, -0.327744189, 0.156509619, 0, 2, 1, 1, 
