time, trialNum, realDorsalTactorPos, realVentralTactorPos, boxPosX, boxPosY, boxPosZ, boxLocalRot_11, boxLocalRot_12, boxLocalRot_13, boxLocalRot_21, boxLocalRot_22, boxLocalRot_23, boxLocalRot_31, boxLocalRot_32, boxLocalRot_33, boxGlobalRot_11, boxGlobalRot_12, boxGlobalRot_13, boxGlobalRot_21, boxGlobalRot_22, boxGlobalRot_23, boxGlobalRot_31, boxGlobalRot_32, boxGlobalRot_33, indexForceX, indexForceY, indexForceZ, indexForceGlobalX, indexForceGlobalY, indexForceGlobalZ, indexContact, indexPosX, indexPosY, indexPosZ, indexRot_11, indexRot_12, indexRot_13, indexRot_21, indexRot_22, indexRot_23, indexRot_31, indexRot_32, indexRot_33, thumbForceX, thumbForceY, thumbForceZ, thumbForceGlobalX, thumbForceGlobalY, thumbForceGlobalZ, thumbContact, thumbPosX, thumbPosY, thumbPosZ, thumbRot_11, thumbRot_12, thumbRot_13, thumbRot_21, thumbRot_22, thumbRot_23, thumbRot_31, thumbRot_32, thumbRot_33, manipForceTooHigh, cceExpType, mapping, trialSuccess, 
407.933739, 24, 0.1, 0.1, 0.0077515398, 0.368782093, -0.0199766655, 0.999960216, 1.70709612e-005, 0.00892002781, 0.00892002745, 2.13324151e-005, -0.999960216, -1.72605678e-005, 1, 2.1179293e-005, 0.999960216, 6.34250143e-006, 0.00892002193, 0.00892002187, 8.98075321e-006, -0.999960216, -6.42235762e-006, 1, 8.92382067e-006, 0, 0, 0, 0, 0, 0, 0, 0.423892578, -0.143345605, -0.219739795, 0.604634213, 0.455635033, -0.653175511, -0.770996094, 0.540283203, -0.336914062, 0.199125704, 0.707452422, 0.678155332, 0, -0, 0, 0, 0, 0, 0, 0.45805166, -0.132508887, -0.173795117, 0.491737807, -0.165290918, -0.854878692, -0.522460938, -0.841308594, -0.137939453, -0.696310348, 0.514594129, -0.500057508, 0, 2, 1, 1, 
407.9499, 24, 0.1, 0.1, 0.0077515489, 0.368782051, -0.0199646755, 0.999960069, 5.6488313e-006, 0.0089364104, 0.00893641049, -1.58348236e-005, -0.999960069, -5.50709926e-006, 1, -1.58846716e-005, 0.999960073, -1.07947765e-005, 0.00893604426, 0.00893604414, -1.11023213e-005, -0.999960073, 1.08935564e-005, 1, -1.10054155e-005, 0, 0, 0, 0, 0, 0, 0, 0.422277148, -0.144997803, -0.220677856, 0.581662001, 0.471417383, -0.662834009, -0.788085938, 0.527954102, -0.316162109, 0.200786674, 0.706435846, 0.678819945, 0, -0, 0, 0, 0, 0, 0, 0.457650684, -0.134079102, -0.174569238, 0.478476581, -0.154264895, -0.864352014, -0.5078125, -0.8515625, -0.129150391, -0.716115566, 0.5007784, -0.485833098, 0, 2, 1, 1, 
407.950751, 24, 0.1, 0.1, 0.00775155115, 0.36878205, -0.0199599092, 0.999960048, -8.79966367e-006, 0.00893876973, 0.0089387695, -2.59152762e-005, -0.999960048, 9.0309628e-006, 1, -2.58355827e-005, 0.999960054, -2.1557398e-005, 0.00893814742, 0.00893814748, 2.83271564e-006, -0.999960054, 2.15312177e-005, 1, 3.02528569e-006, 0, 0, 0, 0, 0, 0, 0, 0.422277148, -0.144997803, -0.220677856, 0.581662001, 0.471417383, -0.662834009, -0.788085938, 0.527954102, -0.316162109, 0.200786674, 0.706435846, 0.678819945, 0, -0, 0, 0, 0, 0, 0, 0.457650684, -0.134079102, -0.174569238, 0.478476581, -0.154264895, -0.864352014, -0.5078125, -0.8515625, -0.129150391, -0.716115566, 0.5007784, -0.485833098, 0, 2, 1, 1, 
407.951454, 24, 0.1, 0.1, 0.00775155048, 0.368782047, -0.0199575286, 0.999960029, -1.3516108e-005, 0.0089409158, 0.00894091651, 5.29103974e-005, -0.999960028, 1.30425003e-005, 0.999999999, 5.30291289e-005, 0.999960033, -6.71703692e-006, 0.00894049157, 0.00894049179, 3.3040616e-005, -0.999960032, 6.42136911e-006, 0.999999999, 3.30993491e-005, 0, 0, 0, 0, 0, 0, 0, 0.422277148, -0.144997803, -0.220677856, 0.581662001, 0.471417383, -0.662834009, -0.788085938, 0.527954102, -0.316162109, 0.200786674, 0.706435846, 0.678819945, 0, -0, 0, 0, 0, 0, 0, 0.457650684, -0.134079102, -0.174569238, 0.478476581, -0.154264895, -0.864352014, -0.5078125, -0.8515625, -0.129150391, -0.716115566, 0.5007784, -0.485833098, 0, 2, 1, 1, 
407.952157, 24, 0.1, 0.1, 0.00775154993, 0.368782043, -0.0199589063, 0.999960015, -1.03203746e-005, 0.0089425398, 0.00894253944, -3.46208523e-005, -0.999960014, 1.06295603e-005, 0.999999999, -3.45271776e-005, 0.999960017, 1.05939195e-005, 0.00894228206, 0.00894228218, -1.15362761e-005, -0.999960017, -1.04903353e-005, 1, -1.16305486e-005, 0, 0, 0, 0, 0, 0, 0, 0.422277148, -0.144997803, -0.220677856, 0.57570777, 0.478410294, -0.662890176, -0.793334961, 0.522949219, -0.311523437, 0.197527606, 0.705328278, 0.680806311, 0, -0, 0, 0, 0, 0, 0, 0.457650684, -0.134079102, -0.174569238, 0.478476581, -0.154264895, -0.864352014, -0.5078125, -0.8515625, -0.129150391, -0.716115566, 0.5007784, -0.485833098, 0, 2, 1, 1, 
407.952874, 24, 0.1, 0.1, 0.00775155066, 0.368782044, -0.0199631048, 0.999960004, 3.91719755e-006, 0.00894376946, 0.00894376935, 2.83519996e-005, -0.999960003, -4.17061463e-006, 1, 2.83158311e-005, 0.999960006, 1.06495441e-005, 0.00894350789, 0.00894350777, 1.20665762e-005, -0.999960006, -1.07570357e-005, 1, 1.19708494e-005, 0, 0, 0, 0, 0, 0, 0, 0.422186182, -0.143974072, -0.220897925, 0.57570777, 0.478410294, -0.662890176, -0.793334961, 0.522949219, -0.311523437, 0.197527606, 0.705328278, 0.680806311, 0, -0, 0, 0, 0, 0, 0, 0.457657617, -0.133232373, -0.17462124, 0.476974186, -0.149901733, -0.865980908, -0.501464844, -0.85546875, -0.128173828, -0.721674153, 0.49546808, -0.483181219, 0, 2, 1, 1, 
407.953571, 24, 0.1, 0.1, 0.00775155251, 0.368782042, -0.0199688287, 0.999959991, 6.20020901e-006, 0.00894519391, 0.00894519413, -3.5343604e-005, -0.99995999, -5.88380555e-006, 0.999999999, -3.5397652e-005, 0.999959993, 1.11819092e-006, 0.00894491725, 0.00894491727, -1.94516166e-005, -0.999959993, -9.44153083e-007, 1, -1.94608405e-005, 0, 0, 0, 0, 0, 0, 0, 0.422186182, -0.143974072, -0.220897925, 0.57570777, 0.478410294, -0.662890176, -0.793334961, 0.522949219, -0.311523437, 0.197527606, 0.705328278, 0.680806311, 0, -0, 0, 0, 0, 0, 0, 0.457657617, -0.133232373, -0.17462124, 0.476974186, -0.149901733, -0.865980908, -0.501464844, -0.85546875, -0.128173828, -0.721674153, 0.49546808, -0.483181219, 0, 2, 1, 1, 
407.954261, 24, 0.1, 0.1, 0.00775155402, 0.368782044, -0.0199743846, 0.999959981, 2.35021934e-006, 0.00894629177, 0.00894629171, 2.59450653e-005, -0.999959981, -2.58223741e-006, 1, 2.59230013e-005, 0.999959983, -9.79791889e-006, 0.00894611609, 0.00894611607, -2.01083699e-006, -0.999959983, 9.81551598e-006, 1, -1.9231032e-006, 0, 0, 0, 0, 0, 0, 0, 0.422186182, -0.143974072, -0.220897925, 0.57570777, 0.478410294, -0.662890176, -0.793334961, 0.522949219, -0.311523437, 0.197527606, 0.705328278, 0.680806311, 0, -0, 0, 0, 0, 0, 0, 0.457657617, -0.133232373, -0.17462124, 0.476974186, -0.149901733, -0.865980908, -0.501464844, -0.85546875, -0.128173828, -0.721674153, 0.49546808, -0.483181219, 0, 2, 1, 1, 
407.954989, 24, 0.1, 0.1, 0.00775155445, 0.368782032, -0.0199781778, 0.999959972, -2.26791647e-006, 0.00894734565, 0.00894734574, 3.91546093e-005, -0.999959971, 1.91749586e-006, 0.999999999, 3.91733339e-005, 0.999959974, -7.04900649e-006, 0.00894713649, 0.00894713685, 5.27038775e-005, -0.999959972, 6.57717555e-006, 0.999999999, 5.27648364e-005, 0, 0, 0, 0, 0, 0, 0, 0.421530957, -0.144282983, -0.220982642, 0.571658652, 0.481075882, -0.664533936, -0.796386719, 0.519897461, -0.30859375, 0.196933003, 0.705771234, 0.68057229, 0, -0, 0, 0, 0, 0, 0, 0.457155811, -0.133446826, -0.174914795, 0.473919456, -0.148867088, -0.867839845, -0.499023438, -0.857299805, -0.125488281, -0.725309271, 0.492631, -0.480676262, 0, 2, 1, 1, 
407.95569, 24, 0.1, 0.1, 0.00775155391, 0.368782035, -0.0199789478, 0.999959965, -1.3485515e-005, 0.00894813669, 0.00894813612, -4.13121344e-005, -0.999959964, 1.38546417e-005, 0.999999999, -4.11898102e-005, 0.999959966, 1.12788402e-006, 0.00894802909, 0.00894802913, -3.7900168e-005, -0.999959965, -7.8870706e-007, 0.999999999, -3.7908743e-005, 0, 0, 0, 0, 0, 0, 0, 0.421530957, -0.144282983, -0.220982642, 0.571658652, 0.481075882, -0.664533936, -0.796386719, 0.519897461, -0.30859375, 0.196933003, 0.705771234, 0.68057229, 0, -0, 0, 0, 0, 0, 0, 0.457155811, -0.133446826, -0.174914795, 0.473919456, -0.148867088, -0.867839845, -0.499023438, -0.857299805, -0.125488281, -0.725309271, 0.492631, -0.480676262, 0, 2, 1, 1, 
407.95638, 24, 0.1, 0.1, 0.00775155612, 0.368782035, -0.0199769737, 0.999959962, 1.52272883e-005, 0.00894844241, 0.00894844192, 3.20732199e-005, -0.999959961, -1.5513684e-005, 0.999999999, 3.19356753e-005, 0.999959962, -3.69235556e-006, 0.00894842538, 0.00894842544, 1.6405252e-005, -0.999959962, 3.54540655e-006, 1, 1.6437636e-005, 0, 0, 0, 0, 0, 0, 0, 0.421530957, -0.144282983, -0.220982642, 0.571658652, 0.481075882, -0.664533936, -0.796386719, 0.519897461, -0.30859375, 0.196933003, 0.705771234, 0.68057229, 0, -0, 0, 0, 0, 0, 0, 0.457155811, -0.133446826, -0.174914795, 0.473919456, -0.148867088, -0.867839845, -0.499023438, -0.857299805, -0.125488281, -0.725309271, 0.492631, -0.480676262, 0, 2, 1, 1, 
407.957076, 24, 0.1, 0.1, 0.00775155262, 0.36878203, -0.0199729828, 0.999959962, -5.20067842e-006, 0.00894844879, 0.00894844871, -1.52610691e-005, -0.999959962, 5.33703309e-006, 1, -1.521392e-005, 0.999959962, 1.46672395e-005, 0.00894845844, 0.00894845828, 1.03051069e-005, -0.999959962, -1.47588671e-005, 1, 1.01734451e-005, 0, 0, 0, 0, 0, 0, 0, 0.421530957, -0.144282983, -0.220982642, 0.571658652, 0.481075882, -0.664533936, -0.796386719, 0.519897461, -0.30859375, 0.196933003, 0.705771234, 0.68057229, 0, -0, 0, 0, 0, 0, 0, 0.457155811, -0.133446826, -0.174914795, 0.473919456, -0.148867088, -0.867839845, -0.499023438, -0.857299805, -0.125488281, -0.725309271, 0.492631, -0.480676262, 0, 2, 1, 1, 
407.957779, 24, 0.1, 0.1, 0.00775155418, 0.368782033, -0.0199682268, 0.999959962, 1.03430636e-005, 0.00894847969, 0.00894847963, 5.51734279e-006, -0.999959962, -1.03920213e-005, 1, 5.42456719e-006, 0.999959962, 4.90910417e-006, 0.00894844755, 0.00894844764, -1.8305969e-005, -0.999959962, -4.74509762e-006, 1, -1.83491649e-005, 0, 0, 0, 0, 0, 0, 0, 0.421530957, -0.144282983, -0.220982642, 0.571658652, 0.481075882, -0.664533936, -0.796386719, 0.519897461, -0.30859375, 0.196933003, 0.705771234, 0.68057229, 0, -0, 0, 0, 0, 0, 0, 0.457155811, -0.133446826, -0.174914795, 0.473919456, -0.148867088, -0.867839845, -0.499023438, -0.857299805, -0.125488281, -0.725309271, 0.492631, -0.480676262, 0, 2, 1, 1, 
407.958481, 24, 0.1, 0.1, 0.00775155467, 0.368782031, -0.0199641817, 0.999959958, 1.45416881e-005, 0.00894886492, 0.00894886516, -1.70441765e-005, -0.999959958, -1.43885798e-005, 1, -1.71736256e-005, 0.999959959, -4.72027808e-006, 0.00894875044, 0.00894875039, -9.12664129e-006, -0.999959959, 4.80176111e-006, 1, -9.08403526e-006, 0, 0, 0, 0, 0, 0, 0, 0.421530957, -0.144282983, -0.220982642, 0.571658652, 0.481075882, -0.664533936, -0.796386719, 0.519897461, -0.30859375, 0.196933003, 0.705771234, 0.68057229, 0, -0, 0, 0, 0, 0, 0, 0.457155811, -0.133446826, -0.174914795, 0.473919456, -0.148867088, -0.867839845, -0.499023438, -0.857299805, -0.125488281, -0.725309271, 0.492631, -0.480676262, 0, 2, 1, 1, 
407.959171, 24, 0.1, 0.1, 0.00775155385, 0.36878203, -0.0199619946, 0.999959952, 1.17818629e-007, 0.00894953938, 0.00894953938, -2.35726385e-008, -0.999959952, -1.17602947e-007, 1, -2.46261169e-008, 0.999959953, -6.78064671e-006, 0.00894939219, 0.00894939216, -3.43536718e-006, -0.999959953, 6.81111962e-006, 1, -3.37454694e-006, 0, 0, 0, 0, 0, 0, 0, 0.421530957, -0.144282983, -0.220982642, 0.571658652, 0.481075882, -0.664533936, -0.796386719, 0.519897461, -0.30859375, 0.196933003, 0.705771234, 0.68057229, 0, -0, 0, 0, 0, 0, 0, 0.457155811, -0.133446826, -0.174914795, 0.473919456, -0.148867088, -0.867839845, -0.499023438, -0.857299805, -0.125488281, -0.725309271, 0.492631, -0.480676262, 0, 2, 1, 1, 
407.959904, 24, 0.1, 0.1, 0.00775155445, 0.368782029, -0.0199617846, 0.999959945, -1.77244219e-006, 0.00895028242, 0.00895028238, -2.17540061e-005, -0.999959945, 1.9670757e-006, 1, -2.17372709e-005, 0.999959947, 3.04571701e-006, 0.00895015732, 0.00895015736, -1.32158929e-005, -0.999959946, -2.9273107e-006, 1, -1.32426232e-005, 0, 0, 0, 0, 0, 0, 0, 0.420417651, -0.143945239, -0.220867798, 0.567343312, 0.483278296, -0.666615783, -0.799438477, 0.517089844, -0.305541992, 0.196998527, 0.706411141, 0.679913286, 0, -0, 0, 0, 0, 0, 0, 0.455757861, -0.133684229, -0.174983398, 0.470705046, -0.148394608, -0.869711541, -0.497436523, -0.858642578, -0.122680664, -0.728592944, 0.490471291, -0.478049903, 0, 2, 1, 1, 
407.960606, 24, 0.1, 0.1, 0.00775155484, 0.368782024, -0.0199638714, 0.99995994, -1.41849177e-005, 0.00895092849, 0.00895092903, 3.85497696e-005, -0.999959939, 1.38392932e-005, 0.999999999, 3.86751934e-005, 0.999959941, 1.1017695e-006, 0.00895078835, 0.00895078831, 3.76428314e-005, -0.99995994, -1.43865838e-006, 0.999999999, 3.76314618e-005, 0, 0, 0, 0, 0, 0, 0, 0.420417651, -0.143945239, -0.220867798, 0.567343312, 0.483278296, -0.666615783, -0.799438477, 0.517089844, -0.305541992, 0.196998527, 0.706411141, 0.679913286, 0, -0, 0, 0, 0, 0, 0, 0.455757861, -0.133684229, -0.174983398, 0.470705046, -0.148394608, -0.869711541, -0.497436523, -0.858642578, -0.122680664, -0.728592944, 0.490471291, -0.478049903, 0, 2, 1, 1, 
407.9613, 24, 0.1, 0.1, 0.00775155497, 0.368782027, -0.0199674283, 0.999959933, 1.10733205e-005, 0.00895170218, 0.00895170273, -5.04752573e-005, -0.999959931, -1.06210373e-005, 0.999999999, -5.057236e-005, 0.999959934, 1.40488257e-005, 0.0089515637, 0.00895156429, -4.30597363e-005, -0.999959933, -1.36628109e-005, 0.999999999, -4.31837701e-005, 0, 0, 0, 0, 0, 0, 0, 0.420417651, -0.143945239, -0.220867798, 0.567343312, 0.483278296, -0.666615783, -0.799438477, 0.517089844, -0.305541992, 0.196998527, 0.706411141, 0.679913286, 0, -0, 0, 0, 0, 0, 0, 0.455757861, -0.133684229, -0.174983398, 0.470705046, -0.148394608, -0.869711541, -0.497436523, -0.858642578, -0.122680664, -0.728592944, 0.490471291, -0.478049903, 0, 2, 1, 1, 
407.96202, 24, 0.1, 0.1, 0.00775155568, 0.368782027, -0.019971231, 0.999959928, 3.02008302e-006, 0.00895224139, 0.00895224125, 4.16558101e-005, -0.999959927, -3.39287487e-006, 0.999999999, 4.16271043e-005, 0.999959929, -2.7193837e-006, 0.0089521581, 0.00895215816, 2.11480603e-005, -0.999959928, 2.52995395e-006, 1, 2.11715572e-005, 0, 0, 0, 0, 0, 0, 0, 0.420417651, -0.143945239, -0.220867798, 0.567343312, 0.483278296, -0.666615783, -0.799438477, 0.517089844, -0.305541992, 0.196998527, 0.706411141, 0.679913286, 0, -0, 0, 0, 0, 0, 0, 0.455757861, -0.133684229, -0.174983398, 0.470705046, -0.148394608, -0.869711541, -0.497436523, -0.858642578, -0.122680664, -0.728592944, 0.490471291, -0.478049903, 0, 2, 1, 1, 
407.962721, 24, 0.1, 0.1, 0.00775155673, 0.368782019, -0.0199742606, 0.999959923, 7.87281059e-006, 0.0089528017, 0.00895280168, 1.88970203e-006, -0.999959923, -7.8894132e-006, 1, 1.81914259e-006, 0.999959924, -5.73257108e-006, 0.008952676, 0.00895267615, 2.62230782e-005, -0.999959924, 5.49757462e-006, 1, 2.62733491e-005, 0, 0, 0, 0, 0, 0, 0, 0.420417651, -0.143945239, -0.220867798, 0.567343312, 0.483278296, -0.666615783, -0.799438477, 0.517089844, -0.305541992, 0.196998527, 0.706411141, 0.679913286, 0, -0, 0, 0, 0, 0, 0, 0.455757861, -0.133684229, -0.174983398, 0.470705046, -0.148394608, -0.869711541, -0.497436523, -0.858642578, -0.122680664, -0.728592944, 0.490471291, -0.478049903, 0, 2, 1, 1, 
407.963417, 24, 0.1, 0.1, 0.00775155746, 0.368782029, -0.0199757364, 0.999959921, -2.33777842e-005, 0.00895301567, 0.00895301423, -6.12403572e-005, -0.999959919, 2.3925133e-005, 0.999999998, -6.10286011e-005, 0.999959921, -1.49480651e-005, 0.00895301059, 0.00895300957, -6.68351647e-005, -0.999959919, 1.55458419e-005, 0.999999998, -6.66986558e-005, 0, 0, 0, 0, 0, 0, 0, 0.420417651, -0.143945239, -0.220867798, 0.567343312, 0.483278296, -0.666615783, -0.799438477, 0.517089844, -0.305541992, 0.196998527, 0.706411141, 0.679913286, 0, -0, 0, 0, 0, 0, 0, 0.455757861, -0.133684229, -0.174983398, 0.470705046, -0.148394608, -0.869711541, -0.497436523, -0.858642578, -0.122680664, -0.728592944, 0.490471291, -0.478049903, 0, 2, 1, 1, 
407.964123, 24, 0.1, 0.1, 0.00775155781, 0.368782028, -0.0199753004, 0.999959923, 2.85031344e-005, 0.00895277567, 0.00895277461, 3.70425042e-005, -0.999959922, -2.88336252e-005, 0.999999999, 3.67858375e-005, 0.999959922, 1.52938359e-005, 0.00895285977, 0.00895285939, 2.47105403e-005, -0.999959922, -1.5514453e-005, 1, 2.45726264e-005, 0, 0, 0, 0, 0, 0, 0, 0.420417651, -0.143945239, -0.220867798, 0.565165986, 0.484433795, -0.667713994, -0.801269531, 0.514648437, -0.30480957, 0.195736686, 0.707464048, 0.679222082, 0, -0, 0, 0, 0, 0, 0, 0.455757861, -0.133684229, -0.174983398, 0.470705046, -0.148394608, -0.869711541, -0.497436523, -0.858642578, -0.122680664, -0.728592944, 0.490471291, -0.478049903, 0, 2, 1, 1, 
407.964834, 24, 0.1, 0.1, 0.0077515555, 0.368782024, -0.0199729598, 0.999959927, -1.34743598e-005, 0.00895237287, 0.00895237261, -1.93594003e-005, -0.999959927, 1.36471324e-005, 1, -1.9237997e-005, 0.999959926, -2.87068724e-006, 0.00895244822, 0.0089524482, -6.06645571e-006, -0.999959926, 2.92488183e-006, 1, -6.04051293e-006, 0, 0, 0, 0, 0, 0, 0, 0.420079297, -0.144106226, -0.220033057, 0.565165986, 0.484433795, -0.667713994, -0.801269531, 0.514648437, -0.30480957, 0.195736686, 0.707464048, 0.679222082, 0, -0, 0, 0, 0, 0, 0, 0.45517124, -0.134172949, -0.174563037, 0.469184061, -0.148446014, -0.870433388, -0.49609375, -0.859741211, -0.120849609, -0.730471204, 0.488624748, -0.477021087, 0, 2, 1, 1, 
407.965584, 24, 0.1, 0.1, 0.00775155576, 0.368782022, -0.0199694225, 0.999959929, 5.56397015e-006, 0.00895210794, 0.00895210773, 3.59550918e-005, -0.999959928, -5.88562106e-006, 0.999999999, 3.59038418e-005, 0.999959929, 1.12769848e-005, 0.0089521285, 0.00895212829, 1.92656469e-005, -0.999959929, -1.14490015e-005, 1, 1.91639219e-005, 0, 0, 0, 0, 0, 0, 0, 0.420079297, -0.144106226, -0.220033057, 0.565165986, 0.484433795, -0.667713994, -0.801269531, 0.514648437, -0.30480957, 0.195736686, 0.707464048, 0.679222082, 0, -0, 0, 0, 0, 0, 0, 0.45517124, -0.134172949, -0.174563037, 0.469184061, -0.148446014, -0.870433388, -0.49609375, -0.859741211, -0.120849609, -0.730471204, 0.488624748, -0.477021087, 0, 2, 1, 1, 
407.966272, 24, 0.1, 0.1, 0.00775155571, 0.36878202, -0.0199658847, 0.999959928, 1.95582493e-005, 0.00895220364, 0.00895220436, -3.73959995e-005, -0.999959928, -1.9222689e-005, 0.999999999, -3.75695904e-005, 0.999959928, 1.31712509e-005, 0.00895218014, 0.00895218041, -2.04582634e-005, -0.999959928, -1.2987577e-005, 1, -2.0575355e-005, 0, 0, 0, 0, 0, 0, 0, 0.420079297, -0.144106226, -0.220033057, 0.565165986, 0.484433795, -0.667713994, -0.801269531, 0.514648437, -0.30480957, 0.195736686, 0.707464048, 0.679222082, 0, -0, 0, 0, 0, 0, 0, 0.45517124, -0.134172949, -0.174563037, 0.469184061, -0.148446014, -0.870433388, -0.49609375, -0.859741211, -0.120849609, -0.730471204, 0.488624748, -0.477021087, 0, 2, 1, 1, 
407.966962, 24, 0.1, 0.1, 0.0077515553, 0.368782022, -0.0199638042, 0.999959929, 6.58363932e-007, 0.00895216079, 0.00895216077, 2.56092268e-005, -0.999959928, -8.87595466e-007, 1, 2.56023068e-005, 0.999959928, 4.1187607e-006, 0.00895217565, 0.00895217561, 9.90668396e-006, -0.999959928, -4.20728202e-006, 1, 9.86941511e-006, 0, 0, 0, 0, 0, 0, 0, 0.420079297, -0.144106226, -0.220033057, 0.565165986, 0.484433795, -0.667713994, -0.801269531, 0.514648437, -0.30480957, 0.195736686, 0.707464048, 0.679222082, 0, -0, 0, 0, 0, 0, 0, 0.45517124, -0.134172949, -0.174563037, 0.469184061, -0.148446014, -0.870433388, -0.49609375, -0.859741211, -0.120849609, -0.730471204, 0.488624748, -0.477021087, 0, 2, 1, 1, 
407.96765, 24, 0.1, 0.1, 0.00775155566, 0.368782021, -0.0199636886, 0.999959928, 2.11189689e-005, 0.00895225323, 0.00895225415, -4.40650771e-005, -0.999959927, -2.07236409e-005, 0.999999999, -4.42523737e-005, 0.999959928, 1.27789364e-005, 0.00895223081, 0.00895223115, -2.71948373e-005, -0.999959928, -1.25349698e-005, 1, -2.73081476e-005, 0, 0, 0, 0, 0, 0, 0, 0.420079297, -0.144106226, -0.220033057, 0.565165986, 0.484433795, -0.667713994, -0.801269531, 0.514648437, -0.30480957, 0.195736686, 0.707464048, 0.679222082, 0, -0, 0, 0, 0, 0, 0, 0.45517124, -0.134172949, -0.174563037, 0.469184061, -0.148446014, -0.870433388, -0.49609375, -0.859741211, -0.120849609, -0.730471204, 0.488624748, -0.477021087, 0, 2, 1, 1, 
407.968335, 24, 0.1, 0.1, 0.0077515581, 0.368782024, -0.0199654129, 0.999959928, -3.1053348e-005, 0.00895219912, 0.00895219986, 2.39715446e-005, -0.999959928, 3.08375056e-005, 0.999999999, 2.42485798e-005, 0.999959927, -3.05328227e-005, 0.00895224942, 0.00895224962, 6.35355097e-006, -0.999959928, 3.04747206e-005, 1, 6.62663381e-006, 0, 0, 0, 0, 0, 0, 0, 0.420079297, -0.144106226, -0.220033057, 0.565165986, 0.484433795, -0.667713994, -0.801269531, 0.514648437, -0.30480957, 0.195736686, 0.707464048, 0.679222082, 0, -0, 0, 0, 0, 0, 0, 0.45517124, -0.134172949, -0.174563037, 0.469184061, -0.148446014, -0.870433388, -0.49609375, -0.859741211, -0.120849609, -0.730471204, 0.488624748, -0.477021087, 0, 2, 1, 1, 
407.969037, 24, 0.1, 0.1, 0.00775155846, 0.368782021, -0.0199683799, 0.999959933, -1.24132043e-006, 0.0089516737, 0.00895167366, -2.70977851e-005, -0.999959933, 1.48384122e-006, 1, -2.70855875e-005, 0.999959932, 8.79368135e-006, 0.00895181591, 0.00895181604, -1.40102413e-005, -0.999959932, -8.6679119e-006, 1, -1.40883993e-005, 0, 0, 0, 0, 0, 0, 0, 0.419936475, -0.143996484, -0.219174634, 0.562493284, 0.486534738, -0.66837412, -0.803588867, 0.511474609, -0.304077148, 0.193688162, 0.708243618, 0.67895586, 0, -0, 0, 0, 0, 0, 0, 0.45517124, -0.134172949, -0.174563037, 0.469184061, -0.148446014, -0.870433388, -0.49609375, -0.859741211, -0.120849609, -0.730471204, 0.488624748, -0.477021087, 0, 2, 1, 1, 
407.969737, 24, 0.1, 0.1, 0.00775155869, 0.368782021, -0.0199713479, 0.999959938, -5.61001082e-006, 0.0089510733, 0.00895107347, 3.24261922e-005, -0.999959938, 5.31953684e-006, 0.999999999, 3.24751088e-005, 0.999959937, -4.56730839e-006, 0.00895117847, 0.00895117855, 1.80212677e-005, -0.999959937, 4.40581382e-006, 1, 1.80614286e-005, 0, 0, 0, 0, 0, 0, 0, 0.419936475, -0.143996484, -0.219174634, 0.562493284, 0.486534738, -0.66837412, -0.803588867, 0.511474609, -0.304077148, 0.193688162, 0.708243618, 0.67895586, 0, -0, 0, 0, 0, 0, 0, 0.454835937, -0.134177344, -0.173922852, 0.468186962, -0.147679691, -0.871129714, -0.493652344, -0.861328125, -0.119384766, -0.73266263, 0.486004952, -0.476235075, 0, 2, 1, 1, 
407.970427, 24, 0.1, 0.1, 0.00775155951, 0.368782017, -0.0199737195, 0.999959943, -1.01342782e-006, 0.0089505563, 0.00895055629, -1.28264001e-005, -0.999959943, 1.12819064e-006, 1, -1.28168155e-005, 0.999959942, -8.50787015e-006, 0.00895062786, 0.00895062785, -9.06624375e-007, -0.999959942, 8.5156442e-006, 1, -8.30437278e-007, 0, 0, 0, 0, 0, 0, 0, 0.419936475, -0.143996484, -0.219174634, 0.562493284, 0.486534738, -0.66837412, -0.803588867, 0.511474609, -0.304077148, 0.193688162, 0.708243618, 0.67895586, 0, -0, 0, 0, 0, 0, 0, 0.454835937, -0.134177344, -0.173922852, 0.468186962, -0.147679691, -0.871129714, -0.493652344, -0.861328125, -0.119384766, -0.73266263, 0.486004952, -0.476235075, 0, 2, 1, 1, 
407.971112, 24, 0.1, 0.1, 0.00775155763, 0.368782017, -0.0199748597, 0.999959944, -8.40829299e-006, 0.00895041981, 0.00895041981, 8.93265419e-007, -0.999959944, 8.39996109e-006, 1, 9.68487391e-007, 0.999959944, 8.753641e-006, 0.00895042076, 0.00895042071, 4.71804635e-006, -0.999959944, -8.79551887e-006, 1, 4.6395086e-006, 0, 0, 0, 0, 0, 0, 0, 0.419936475, -0.143996484, -0.219174634, 0.562493284, 0.486534738, -0.66837412, -0.803588867, 0.511474609, -0.304077148, 0.193688162, 0.708243618, 0.67895586, 0, -0, 0, 0, 0, 0, 0, 0.454835937, -0.134177344, -0.173922852, 0.468186962, -0.147679691, -0.871129714, -0.493652344, -0.861328125, -0.119384766, -0.73266263, 0.486004952, -0.476235075, 0, 2, 1, 1, 
407.971826, 24, 0.1, 0.1, 0.00775155897, 0.368782017, -0.0199742866, 0.999959943, 1.26815487e-005, 0.00895053516, 0.00895053506, 8.36794241e-006, -0.999959943, -1.27559383e-005, 1, 8.25410057e-006, 0.999959943, 5.91036737e-006, 0.00895051274, 0.00895051272, 4.15559118e-006, -0.999959943, -5.94732529e-006, 1, 4.1025239e-006, 0, 0, 0, 0, 0, 0, 0, 0.41959458, -0.145093164, -0.218601709, 0.560164311, 0.486846266, -0.670189744, -0.805297852, 0.509521484, -0.302978516, 0.193809851, 0.709430197, 0.677636732, 0, -0, 0, 0, 0, 0, 0, 0.454688965, -0.134661426, -0.173510791, 0.466717016, -0.147398975, -0.871972962, -0.491455078, -0.862792969, -0.1171875, -0.735026496, 0.483334116, -0.47521902, 0, 2, 1, 1, 
407.972511, 24, 0.1, 0.1, 0.00775156112, 0.368782016, -0.0199724454, 0.999959943, -2.28830043e-005, 0.00895052801, 0.0089505282, 8.34851693e-006, -0.999959943, 2.2807364e-005, 1, 8.55299749e-006, 0.999959943, -2.38652217e-005, 0.0089505549, 0.00895055478, -5.00999142e-006, -0.999959943, 2.39091079e-005, 1, -4.79618376e-006, 0, 0, 0, 0, 0, 0, 0, 0.41959458, -0.145093164, -0.218601709, 0.560164311, 0.486846266, -0.670189744, -0.805297852, 0.509521484, -0.302978516, 0.193809851, 0.709430197, 0.677636732, 0, -0, 0, 0, 0, 0, 0, 0.454688965, -0.134661426, -0.173510791, 0.466717016, -0.147398975, -0.871972962, -0.491455078, -0.862792969, -0.1171875, -0.735026496, 0.483334116, -0.47521902, 0, 2, 1, 1, 
407.973195, 24, 0.1, 0.1, 0.00775156049, 0.368782015, -0.0199700647, 0.999959946, 2.68643561e-006, 0.00895021165, 0.00895021167, -4.26411579e-006, -0.999959946, -2.64816327e-006, 1, -4.28798916e-006, 0.999959945, 1.29670395e-005, 0.00895028957, 0.00895028969, -9.29285952e-006, -0.999959945, -1.28833463e-005, 1, -9.40854606e-006, 0, 0, 0, 0, 0, 0, 0, 0.41959458, -0.145093164, -0.218601709, 0.560164311, 0.486846266, -0.670189744, -0.805297852, 0.509521484, -0.302978516, 0.193809851, 0.709430197, 0.677636732, 0, -0, 0, 0, 0, 0, 0, 0.454688965, -0.134661426, -0.173510791, 0.466717016, -0.147398975, -0.871972962, -0.491455078, -0.862792969, -0.1171875, -0.735026496, 0.483334116, -0.47521902, 0, 2, 1, 1, 
407.973889, 24, 0.1, 0.1, 0.00775156334, 0.368782013, -0.0199677823, 0.999959949, 1.03466883e-005, 0.00894987924, 0.00894987933, -8.8587302e-006, -0.999959949, -1.02669894e-005, 1, -8.95097701e-006, 0.999959949, -1.17730644e-005, 0.0089499189, 0.00894991885, -4.86373133e-006, -0.999959949, 1.18161229e-005, 1, -4.75816856e-006, 0, 0, 0, 0, 0, 0, 0, 0.41959458, -0.145093164, -0.218601709, 0.560164311, 0.486846266, -0.670189744, -0.805297852, 0.509521484, -0.302978516, 0.193809851, 0.709430197, 0.677636732, 0, -0, 0, 0, 0, 0, 0, 0.454688965, -0.134661426, -0.173510791, 0.466717016, -0.147398975, -0.871972962, -0.491455078, -0.862792969, -0.1171875, -0.735026496, 0.483334116, -0.47521902, 0, 2, 1, 1, 
407.97458, 24, 0.1, 0.1, 0.00775156281, 0.368782011, -0.0199662095, 0.999959948, -2.07696129e-005, 0.00894993194, 0.00894993184, -4.89792331e-006, -0.999959949, 2.08126171e-005, 1, -4.71184052e-006, 0.999959949, -1.16765456e-005, 0.00894988446, 0.00894988459, 1.11472022e-005, -0.999959949, 1.15763118e-005, 1, 1.12512595e-005, 0, 0, 0, 0, 0, 0, 0, 0.41959458, -0.145093164, -0.218601709, 0.560164311, 0.486846266, -0.670189744, -0.805297852, 0.509521484, -0.302978516, 0.193809851, 0.709430197, 0.677636732, 0, -0, 0, 0, 0, 0, 0, 0.454688965, -0.134661426, -0.173510791, 0.466717016, -0.147398975, -0.871972962, -0.491455078, -0.862792969, -0.1171875, -0.735026496, 0.483334116, -0.47521902, 0, 2, 1, 1, 
407.975266, 24, 0.1, 0.1, 0.00775156136, 0.368782009, -0.0199658353, 0.999959946, 2.60286631e-005, 0.00895021351, 0.00895021324, 1.0432273e-005, -0.999959946, -2.61209916e-005, 1, 1.01988931e-005, 0.999959946, 2.64748808e-005, 0.0089501644, 0.00895016398, 1.60353574e-005, -0.999959946, -2.66173395e-005, 1, 1.57977606e-005, 0, 0, 0, 0, 0, 0, 0, 0.41959458, -0.145093164, -0.218601709, 0.560164311, 0.486846266, -0.670189744, -0.805297852, 0.509521484, -0.302978516, 0.193809851, 0.709430197, 0.677636732, 0, -0, 0, 0, 0, 0, 0, 0.454688965, -0.134661426, -0.173510791, 0.466717016, -0.147398975, -0.871972962, -0.491455078, -0.862792969, -0.1171875, -0.735026496, 0.483334116, -0.47521902, 0, 2, 1, 1, 
407.975959, 24, 0.1, 0.1, 0.00775156283, 0.368782008, -0.0199666799, 0.999959946, -5.74524723e-006, 0.00895023598, 0.00895023607, 1.58600849e-005, -0.999959946, 5.60306561e-006, 1, 1.5910871e-005, 0.999959945, -1.68870009e-005, 0.00895026483, 0.00895026502, 1.07902963e-005, -0.999959946, 1.67897485e-005, 1, 1.09410072e-005, 0, 0, 0, 0, 0, 0, 0, 0.41959458, -0.145093164, -0.218601709, 0.560164311, 0.486846266, -0.670189744, -0.805297852, 0.509521484, -0.302978516, 0.193809851, 0.709430197, 0.677636732, 0, -0, 0, 0, 0, 0, 0, 0.454688965, -0.134661426, -0.173510791, 0.466717016, -0.147398975, -0.871972962, -0.491455078, -0.862792969, -0.1171875, -0.735026496, 0.483334116, -0.47521902, 0, 2, 1, 1, 
407.976681, 24, 0.1, 0.1, 0.00775155988, 0.368782007, -0.0199681194, 0.999959949, -7.79617378e-006, 0.00894988022, 0.00894988029, 8.38984201e-006, -0.999959949, 7.72077345e-006, 1, 8.45928081e-006, 0.999959948, 1.32925023e-005, 0.0089499609, 0.00894996098, -5.80418033e-006, -0.999959948, -1.32400227e-005, 1, -5.92291524e-006, 0, 0, 0, 0, 0, 0, 0, 0.419285156, -0.146436768, -0.21778186, 0.558432184, 0.486719707, -0.671567282, -0.806274414, 0.508666992, -0.301757812, 0.194578561, 0.710191793, 0.676742585, 0, -0, 0, 0, 0, 0, 0, 0.454362207, -0.135315039, -0.172867188, 0.465656118, -0.146785771, -0.872694809, -0.490234375, -0.863647461, -0.116333008, -0.736610913, 0.48217114, -0.474190205, 0, 2, 1, 1, 
407.977369, 24, 0.1, 0.1, 0.00775156097, 0.368782007, -0.0199698289, 0.999959951, 1.70460917e-005, 0.00894962532, 0.00894962543, -6.43792037e-006, -0.999959951, -1.6987792e-005, 1, -6.59021867e-006, 0.999959951, 8.71687012e-006, 0.00894964633, 0.00894964642, -1.14599448e-005, -0.999959951, -8.61395856e-006, 1, -1.15374987e-005, 0, 0, 0, 0, 0, 0, 0, 0.419285156, -0.146436768, -0.21778186, 0.558432184, 0.486719707, -0.671567282, -0.806274414, 0.508666992, -0.301757812, 0.194578561, 0.710191793, 0.676742585, 0, -0, 0, 0, 0, 0, 0, 0.454362207, -0.135315039, -0.172867188, 0.465656118, -0.146785771, -0.872694809, -0.490234375, -0.863647461, -0.116333008, -0.736610913, 0.48217114, -0.474190205, 0, 2, 1, 1, 
407.978059, 24, 0.1, 0.1, 0.00775156256, 0.368782006, -0.0199714665, 0.99995995, -2.15555383e-005, 0.0089497264, 0.00894972616, -1.11869181e-005, -0.99995995, 2.16547949e-005, 1, -1.09935539e-005, 0.999959951, -2.20801419e-005, 0.00894968206, 0.00894968191, -6.7783388e-006, -0.999959951, 2.21399216e-005, 1, -6.58045709e-006, 0, 0, 0, 0, 0, 0, 0, 0.419285156, -0.146436768, -0.21778186, 0.558432184, 0.486719707, -0.671567282, -0.806274414, 0.508666992, -0.301757812, 0.194578561, 0.710191793, 0.676742585, 0, -0, 0, 0, 0, 0, 0, 0.454362207, -0.135315039, -0.172867188, 0.465656118, -0.146785771, -0.872694809, -0.490234375, -0.863647461, -0.116333008, -0.736610913, 0.48217114, -0.474190205, 0, 2, 1, 1, 
407.978748, 24, 0.1, 0.1, 0.00775156166, 0.368782005, -0.0199725418, 0.999959948, 5.57970015e-006, 0.00894994919, 0.00894994924, -7.71750902e-006, -0.999959948, -5.51040536e-006, 1, -7.76713796e-006, 0.999959949, 1.43135972e-005, 0.00894991424, 0.00894991417, 5.07197949e-006, -0.999959949, -1.43584177e-005, 1, 4.94367089e-006, 0, 0, 0, 0, 0, 0, 0, 0.419285156, -0.146436768, -0.21778186, 0.558432184, 0.486719707, -0.671567282, -0.806274414, 0.508666992, -0.301757812, 0.194578561, 0.710191793, 0.676742585, 0, -0, 0, 0, 0, 0, 0, 0.454362207, -0.135315039, -0.172867188, 0.465656118, -0.146785771, -0.872694809, -0.490234375, -0.863647461, -0.116333008, -0.736610913, 0.48217114, -0.474190205, 0, 2, 1, 1, 
407.979432, 24, 0.1, 0.1, 0.00775156374, 0.368782004, -0.0199728407, 0.999959949, 8.75895774e-006, 0.00894989983, 0.00894989978, 5.13591216e-006, -0.999959949, -8.80457284e-006, 1, 5.05731466e-006, 0.999959949, -8.62205729e-006, 0.00894993369, 0.00894993377, 9.63811569e-006, -0.999959948, 8.53545147e-006, 1, 9.71489651e-006, 0, 0, 0, 0, 0, 0, 0, 0.419285156, -0.146436768, -0.21778186, 0.558432184, 0.486719707, -0.671567282, -0.806274414, 0.508666992, -0.301757812, 0.194578561, 0.710191793, 0.676742585, 0, -0, 0, 0, 0, 0, 0, 0.454362207, -0.135315039, -0.172867188, 0.465656118, -0.146785771, -0.872694809, -0.490234375, -0.863647461, -0.116333008, -0.736610913, 0.48217114, -0.474190205, 0, 2, 1, 1, 
407.980115, 24, 0.1, 0.1, 0.00775156337, 0.368782003, -0.0199723345, 0.999959951, -1.8040045e-005, 0.00894960839, 0.00894960856, 9.09021897e-006, -0.999959951, 1.79579686e-005, 1, 9.25130626e-006, 0.999959951, -9.84069181e-006, 0.00894966562, 0.00894966567, 5.20659222e-006, -0.999959951, 9.79370044e-006, 1, 5.2944546e-006, 0, 0, 0, 0, 0, 0, 0, 0.419285156, -0.146436768, -0.21778186, 0.558432184, 0.486719707, -0.671567282, -0.806274414, 0.508666992, -0.301757812, 0.194578561, 0.710191793, 0.676742585, 0, -0, 0, 0, 0, 0, 0, 0.454362207, -0.135315039, -0.172867188, 0.465656118, -0.146785771, -0.872694809, -0.490234375, -0.863647461, -0.116333008, -0.736610913, 0.48217114, -0.474190205, 0, 2, 1, 1, 
407.980835, 24, 0.1, 0.1, 0.00775156212, 0.368782003, -0.0199708998, 0.999959952, 2.09180265e-005, 0.00894947478, 0.00894947463, 7.17914371e-006, -0.999959953, -2.09814384e-005, 1, 6.99165085e-006, 0.999959952, 2.26607147e-005, 0.00894947104, 0.00894947119, -6.56281215e-006, -0.999959953, -2.26010735e-005, 1, -6.76535074e-006, 0, 0, 0, 0, 0, 0, 0, 0.419285156, -0.146436768, -0.21778186, 0.558432184, 0.486719707, -0.671567282, -0.806274414, 0.508666992, -0.301757812, 0.194578561, 0.710191793, 0.676742585, 0, -0, 0, 0, 0, 0, 0, 0.454362207, -0.135315039, -0.172867188, 0.465656118, -0.146785771, -0.872694809, -0.490234375, -0.863647461, -0.116333008, -0.736610913, 0.48217114, -0.474190205, 0, 2, 1, 1, 
407.981552, 24, 0.1, 0.1, 0.00775156434, 0.368782003, -0.0199688393, 0.99995995, -8.61698965e-006, 0.0089497204, 0.00894972034, -7.53318005e-006, -0.99995995, 8.6840644e-006, 1, -7.45575871e-006, 0.999959951, -1.95774617e-005, 0.00894965459, 0.00894965433, -1.30968897e-005, -0.999959951, 1.96938903e-005, 1, -1.29211537e-005, 0, 0, 0, 0, 0, 0, 0, 0.41870354, -0.147502075, -0.21741875, 0.555666246, 0.487747526, -0.673191947, -0.807617188, 0.508422852, -0.298339844, 0.196623337, 0.709658227, 0.676629131, 0, -0, 0, 0, 0, 0, 0, 0.453930713, -0.135913721, -0.172464404, 0.46317668, -0.145482436, -0.874202301, -0.489379883, -0.864257812, -0.115600586, -0.738712653, 0.481448927, -0.471525566, 0, 2, 1, 1, 
407.982239, 24, 0.1, 0.1, 0.00775156256, 0.368782002, -0.0199672476, 0.999959948, -1.20074839e-005, 0.00894998677, 0.00894998663, -1.20927255e-005, -0.999959948, 1.21152327e-005, 1, -1.19847743e-005, 0.999959948, 8.82925455e-006, 0.00894996056, 0.00894996063, -7.75217222e-006, -0.999959948, -8.75951929e-006, 1, -7.83088321e-006, 0, 0, 0, 0, 0, 0, 0, 0.41870354, -0.147502075, -0.21741875, 0.555666246, 0.487747526, -0.673191947, -0.807617188, 0.508422852, -0.298339844, 0.196623337, 0.709658227, 0.676629131, 0, -0, 0, 0, 0, 0, 0, 0.453930713, -0.135913721, -0.172464404, 0.46317668, -0.145482436, -0.874202301, -0.489379883, -0.864257812, -0.115600586, -0.738712653, 0.481448927, -0.471525566, 0, 2, 1, 1, 
407.982928, 24, 0.1, 0.1, 0.00775156356, 0.368782, -0.0199665411, 0.999959949, 2.13194056e-005, 0.00894988057, 0.00894988071, -6.77736581e-006, -0.999959949, -2.12578951e-005, 1, -6.9679005e-006, 0.999959948, 1.14064389e-005, 0.00894993857, 0.00894993847, 8.75365525e-006, -0.999959948, -1.14843267e-005, 1, 8.65121772e-006, 0, 0, 0, 0, 0, 0, 0, 0.41870354, -0.147502075, -0.21741875, 0.555666246, 0.487747526, -0.673191947, -0.807617188, 0.508422852, -0.298339844, 0.196623337, 0.709658227, 0.676629131, 0, -0, 0, 0, 0, 0, 0, 0.453930713, -0.135913721, -0.172464404, 0.46317668, -0.145482436, -0.874202301, -0.489379883, -0.864257812, -0.115600586, -0.738712653, 0.481448927, -0.471525566, 0, 2, 1, 1, 
407.983614, 24, 0.1, 0.1, 0.00775156488, 0.368781999, -0.0199668986, 0.999959952, -2.24910125e-005, 0.00894955662, 0.00894955679, 7.66378608e-006, -0.999959952, 2.24215243e-005, 1, 7.86476375e-006, 0.999959951, -2.31952006e-005, 0.00894961418, 0.00894961448, 1.30118026e-005, -0.999959951, 2.3077821e-005, 1, 1.32188696e-005, 0, 0, 0, 0, 0, 0, 0, 0.41870354, -0.147502075, -0.21741875, 0.555666246, 0.487747526, -0.673191947, -0.807617188, 0.508422852, -0.298339844, 0.196623337, 0.709658227, 0.676629131, 0, -0, 0, 0, 0, 0, 0, 0.453930713, -0.135913721, -0.172464404, 0.46317668, -0.145482436, -0.874202301, -0.489379883, -0.864257812, -0.115600586, -0.738712653, 0.481448927, -0.471525566, 0, 2, 1, 1, 
407.984325, 24, 0.1, 0.1, 0.00775156284, 0.368781999, -0.0199678786, 0.999959952, 1.06797735e-005, 0.0089494889, 0.00894948877, 1.23670557e-005, -0.999959952, -1.07900247e-005, 1, 1.2270982e-005, 0.999959952, 2.14644024e-005, 0.00894946839, 0.00894946823, 7.51751981e-006, -0.999959953, -2.15308206e-005, 1, 7.32512376e-006, 0, 0, 0, 0, 0, 0, 0, 0.419146216, -0.147977832, -0.217681421, 0.551255426, 0.491586587, -0.674022814, -0.810791016, 0.505737305, -0.294311523, 0.196086023, 0.708926587, 0.677625871, 0, -0, 0, 0, 0, 0, 0, 0.454165283, -0.136231543, -0.172283154, 0.460907963, -0.142958889, -0.875722552, -0.486938477, -0.865722656, -0.114990234, -0.741651445, 0.479627536, -0.468739526, 0, 2, 1, 1, 
407.985011, 24, 0.1, 0.1, 0.00775156466, 0.368781998, -0.0199693716, 0.99995995, 1.18795716e-005, 0.00894977326, 0.00894977317, 7.30240335e-006, -0.99995995, -1.19444507e-005, 1, 7.19579142e-006, 0.999959951, -7.38236993e-006, 0.00894970598, 0.00894970593, -6.91433146e-006, -0.999959951, 7.44395551e-006, 1, -6.84798451e-006, 0, 0, 0, 0, 0, 0, 0, 0.419146216, -0.147977832, -0.217681421, 0.551255426, 0.491586587, -0.674022814, -0.810791016, 0.505737305, -0.294311523, 0.196086023, 0.708926587, 0.677625871, 0, -0, 0, 0, 0, 0, 0, 0.454165283, -0.136231543, -0.172283154, 0.460907963, -0.142958889, -0.875722552, -0.486938477, -0.865722656, -0.114990234, -0.741651445, 0.479627536, -0.468739526, 0, 2, 1, 1, 
407.985701, 24, 0.1, 0.1, 0.00775156365, 0.368781998, -0.0199709466, 0.999959948, -1.64550529e-005, 0.00894998529, 0.00894998521, -4.80025447e-006, -0.999959948, 1.6497356e-005, 1, -4.65278973e-006, 0.999959948, -7.42155157e-006, 0.00894997183, 0.00894997176, -9.97758423e-006, -0.999959948, 7.51055342e-006, 1, -9.91076193e-006, 0, 0, 0, 0, 0, 0, 0, 0.419146216, -0.147977832, -0.217681421, 0.551255426, 0.491586587, -0.674022814, -0.810791016, 0.505737305, -0.294311523, 0.196086023, 0.708926587, 0.677625871, 0, -0, 0, 0, 0, 0, 0, 0.454165283, -0.136231543, -0.172283154, 0.460907963, -0.142958889, -0.875722552, -0.486938477, -0.865722656, -0.114990234, -0.741651445, 0.479627536, -0.468739526, 0, 2, 1, 1, 
407.986387, 24, 0.1, 0.1, 0.00775156293, 0.368781996, -0.0199721288, 0.999959949, 1.74854885e-005, 0.00894985422, 0.00894985436, -7.55911652e-006, -0.999959949, -1.74171352e-005, 1, -7.71530635e-006, 0.999959949, 1.85551159e-005, 0.00894990247, 0.00894990254, -3.57489708e-006, -0.999959949, -1.85223778e-005, 1, -3.74082038e-006, 0, 0, 0, 0, 0, 0, 0, 0.419146216, -0.147977832, -0.217681421, 0.551255426, 0.491586587, -0.674022814, -0.810791016, 0.505737305, -0.294311523, 0.196086023, 0.708926587, 0.677625871, 0, -0, 0, 0, 0, 0, 0, 0.454165283, -0.136231543, -0.172283154, 0.460907963, -0.142958889, -0.875722552, -0.486938477, -0.865722656, -0.114990234, -0.741651445, 0.479627536, -0.468739526, 0, 2, 1, 1, 
