time, trialNum, realDorsalTactorPos, realVentralTactorPos, boxPosX, boxPosY, boxPosZ, boxLocalRot_11, boxLocalRot_12, boxLocalRot_13, boxLocalRot_21, boxLocalRot_22, boxLocalRot_23, boxLocalRot_31, boxLocalRot_32, boxLocalRot_33, boxGlobalRot_11, boxGlobalRot_12, boxGlobalRot_13, boxGlobalRot_21, boxGlobalRot_22, boxGlobalRot_23, boxGlobalRot_31, boxGlobalRot_32, boxGlobalRot_33, indexForceX, indexForceY, indexForceZ, indexForceGlobalX, indexForceGlobalY, indexForceGlobalZ, indexContact, indexPosX, indexPosY, indexPosZ, indexRot_11, indexRot_12, indexRot_13, indexRot_21, indexRot_22, indexRot_23, indexRot_31, indexRot_32, indexRot_33, thumbForceX, thumbForceY, thumbForceZ, thumbForceGlobalX, thumbForceGlobalY, thumbForceGlobalZ, thumbContact, thumbPosX, thumbPosY, thumbPosZ, thumbRot_11, thumbRot_12, thumbRot_13, thumbRot_21, thumbRot_22, thumbRot_23, thumbRot_31, thumbRot_32, thumbRot_33, manipForceTooHigh, cceExpType, mapping, trialSuccess, 
675.146125, 53, 0.1, 0.1, -0.00664082684, 0.371332691, -0.0199713235, 0.95517436, -0.296043817, 6.41021195e-006, 0.296043817, 0.95517436, -1.45518336e-006, -5.69207206e-006, 3.28765745e-006, 1, 0.95517436, -0.296043816, -5.79857383e-006, 0.296043816, 0.95517436, -5.48099388e-006, 7.16126339e-006, 3.5186729e-006, 1, 0, 0, 0, 0, 0, 0, 0, 0.199210083, 0.0201406982, -0.262859497, 0.061625788, 0.799901915, -0.596751129, -0.910522461, 0.289916992, 0.294555664, 0.408598132, 0.525255436, 0.746463547, 0, -0, 0, 0, 0, 0, 0, 0.251002637, 0.0613375977, -0.22173374, 0.0371575762, 0.655864152, -0.753879959, -0.398193359, -0.682128906, -0.613037109, -0.91641942, 0.32301151, 0.23584456, 0, 2, 5, 1, 
675.17862, 53, 0.1, 0.1, -0.00664083287, 0.371332744, -0.0199791043, 0.95517165, -0.296052556, 5.12411848e-005, 0.296052556, 0.955171652, 3.69119723e-007, -4.9053406e-005, 1.48175111e-005, 0.999999999, 0.955171672, -0.296052485, 4.87281506e-005, 0.296052485, 0.955171674, 6.21854765e-006, -4.83847657e-005, 8.48630953e-006, 0.999999999, 0, 0, 0, 0, 0, 0, 0, 0.227442261, -0.00748337402, -0.245272363, 0.108051691, 0.846723327, -0.520919114, -0.875976563, 0.328857422, 0.352783203, 0.469962106, 0.418224554, 0.777339337, 0, -0, 0, 0, 0, 0, 0, 0.274290088, 0.0255984863, -0.212391992, 0.00198792574, 0.600214078, -0.799771596, -0.367919922, -0.743164063, -0.55871582, -0.929812574, 0.295436992, 0.219360597, 0, 2, 5, 1, 
675.179312, 53, 0.1, 0.1, -0.0066408343, 0.371332744, -0.0199808198, 0.955171551, -0.296052878, -3.08765332e-005, 0.296052878, 0.955171552, -3.07545737e-006, 3.04028842e-005, -6.20349715e-006, 1, 0.955171578, -0.296052792, -1.48323158e-005, 0.296052792, 0.955171578, 2.77986226e-006, 1.33444205e-005, -7.04639393e-006, 1, 0, 0, 0, 0, 0, 0, 0, 0.227442261, -0.00748337402, -0.245272363, 0.108051691, 0.846723327, -0.520919114, -0.875976563, 0.328857422, 0.352783203, 0.469962106, 0.418224554, 0.777339337, 0, -0, 0, 0, 0, 0, 0, 0.274290088, 0.0255984863, -0.212391992, 0.00198792574, 0.600214078, -0.799771596, -0.367919922, -0.743164063, -0.55871582, -0.929812574, 0.295436992, 0.219360597, 0, 2, 5, 1, 
675.180008, 53, 0.1, 0.1, -0.00664082785, 0.371332747, -0.0199792039, 0.955171413, -0.296053324, -9.82333446e-006, 0.296053324, 0.955171414, -7.08784979e-006, 1.14813498e-005, 3.86188069e-006, 1, 0.955171434, -0.296053255, -2.83654501e-005, 0.296053255, 0.955171435, -5.34368488e-006, 2.8675883e-005, -3.29354869e-006, 1, 0, 0, 0, 0, 0, 0, 0, 0.227442261, -0.00748337402, -0.245272363, 0.108051691, 0.846723327, -0.520919114, -0.875976563, 0.328857422, 0.352783203, 0.469962106, 0.418224554, 0.777339337, 0, -0, 0, 0, 0, 0, 0, 0.274290088, 0.0255984863, -0.212391992, 0.00198792574, 0.600214078, -0.799771596, -0.367919922, -0.743164063, -0.55871582, -0.929812574, 0.295436992, 0.219360597, 0, 2, 5, 1, 
675.180718, 53, 0.1, 0.1, -0.006640833, 0.371332747, -0.0199747612, 0.955171266, -0.296053798, 2.46786717e-005, 0.296053798, 0.955171267, 3.67190541e-007, -2.36810663e-005, 6.95548464e-006, 1, 0.95517129, -0.29605372, 3.39239896e-005, 0.296053721, 0.955171291, 3.16036123e-006, -3.33388576e-005, 7.02463702e-006, 0.999999999, 0, 0, 0, 0, 0, 0, 0, 0.227442261, -0.00748337402, -0.245272363, 0.108051691, 0.846723327, -0.520919114, -0.875976563, 0.328857422, 0.352783203, 0.469962106, 0.418224554, 0.777339337, 0, -0, 0, 0, 0, 0, 0, 0.275860205, 0.0224070313, -0.211458154, -0.00116851582, 0.596322664, -0.802627632, -0.366821289, -0.746826172, -0.554443359, -0.930144329, 0.293923303, 0.219674129, 0, 2, 5, 1, 
675.181414, 53, 0.1, 0.1, -0.00664082838, 0.37133275, -0.0199691502, 0.955171124, -0.296054256, -3.26716115e-005, 0.296054256, 0.955171125, -8.70775384e-006, 3.37849475e-005, -1.35517461e-006, 0.999999999, 0.955171155, -0.296054157, -3.53398184e-005, 0.296054156, 0.955171155, -1.98091205e-005, 3.96201476e-005, 8.45860035e-006, 0.999999999, 0, 0, 0, 0, 0, 0, 0, 0.227442261, -0.00748337402, -0.245272363, 0.108051691, 0.846723327, -0.520919114, -0.875976563, 0.328857422, 0.352783203, 0.469962106, 0.418224554, 0.777339337, 0, -0, 0, 0, 0, 0, 0, 0.275860205, 0.0224070313, -0.211458154, -0.00116851582, 0.596322664, -0.802627632, -0.366821289, -0.746826172, -0.554443359, -0.930144329, 0.293923303, 0.219674129, 0, 2, 5, 1, 
675.182102, 53, 0.1, 0.1, -0.00664083034, 0.371332751, -0.0199641161, 0.955171006, -0.296054637, 1.42207052e-005, 0.296054637, 0.955171007, 4.09379852e-006, -1.47951934e-005, 2.9982808e-007, 1, 0.955171033, -0.29605455, 2.26906514e-005, 0.29605455, 0.955171033, 7.35350267e-006, -2.38504909e-005, -3.06182143e-007, 1, 0, 0, 0, 0, 0, 0, 0, 0.227442261, -0.00748337402, -0.245272363, 0.108051691, 0.846723327, -0.520919114, -0.875976563, 0.328857422, 0.352783203, 0.469962106, 0.418224554, 0.777339337, 0, -0, 0, 0, 0, 0, 0, 0.275860205, 0.0224070313, -0.211458154, -0.00116851582, 0.596322664, -0.802627632, -0.366821289, -0.746826172, -0.554443359, -0.930144329, 0.293923303, 0.219674129, 0, 2, 5, 1, 
675.182809, 53, 0.1, 0.1, -0.0066408294, 0.371332751, -0.0199609925, 0.955170857, -0.296055118, 6.43368263e-006, 0.296055118, 0.955170857, 1.03045252e-005, -9.19597358e-006, -7.9378575e-006, 1, 0.955170896, -0.296054993, 6.73847271e-006, 0.296054994, 0.955170896, -2.40301193e-006, -5.72496934e-006, 4.29024555e-006, 1, 0, 0, 0, 0, 0, 0, 0, 0.227442261, -0.00748337402, -0.245272363, 0.110915353, 0.852416588, -0.51073791, -0.873779297, 0.328369141, 0.358398438, 0.473216305, 0.406570332, 0.781535614, 0, -0, 0, 0, 0, 0, 0, 0.275860205, 0.0224070313, -0.211458154, -0.00116851582, 0.596322664, -0.802627632, -0.366821289, -0.746826172, -0.554443359, -0.930144329, 0.293923303, 0.219674129, 0, 2, 5, 1, 
675.183502, 53, 0.1, 0.1, -0.00664082959, 0.371332752, -0.0199605675, 0.955170687, -0.296055669, 1.17092207e-005, 0.296055669, 0.955170687, 7.89617678e-006, -1.35220123e-005, -4.07561542e-006, 1, 0.955170713, -0.296055583, -3.14031715e-006, 0.296055583, 0.955170713, 4.31224051e-006, 1.72287609e-006, -5.04863427e-006, 1, 0, 0, 0, 0, 0, 0, 0, 0.229830933, -0.00946030273, -0.243846313, 0.110915353, 0.852416588, -0.51073791, -0.873779297, 0.328369141, 0.358398438, 0.473216305, 0.406570332, 0.781535614, 0, -0, 0, 0, 0, 0, 0, 0.275860205, 0.0224070313, -0.211458154, -0.00116851582, 0.596322664, -0.802627632, -0.366821289, -0.746826172, -0.554443359, -0.930144329, 0.293923303, 0.219674129, 0, 2, 5, 1, 
675.184189, 53, 0.1, 0.1, -0.00664082855, 0.371332754, -0.0199628381, 0.955170596, -0.296055963, -1.5204316e-005, 0.296055963, 0.955170596, -1.44421911e-005, 1.87984124e-005, 9.29342791e-006, 1, 0.955170614, -0.296055903, -2.20162403e-005, 0.296055903, 0.955170614, -4.90364569e-006, 2.2481019e-005, -1.83421963e-006, 1, 0, 0, 0, 0, 0, 0, 0, 0.229830933, -0.00946030273, -0.243846313, 0.110915353, 0.852416588, -0.51073791, -0.873779297, 0.328369141, 0.358398438, 0.473216305, 0.406570332, 0.781535614, 0, -0, 0, 0, 0, 0, 0, 0.275860205, 0.0224070313, -0.211458154, -0.00116851582, 0.596322664, -0.802627632, -0.366821289, -0.746826172, -0.554443359, -0.930144329, 0.293923303, 0.219674129, 0, 2, 5, 1, 
675.184883, 53, 0.1, 0.1, -0.00664083308, 0.371332754, -0.0199670132, 0.95517049, -0.296056304, 2.85451021e-005, 0.296056304, 0.95517049, 2.54153281e-006, -2.8017876e-005, 6.02336027e-006, 1, 0.955170505, -0.296056255, 3.73499008e-005, 0.296056255, 0.955170505, 4.54963286e-006, -3.70224709e-005, 6.71199663e-006, 0.999999999, 0, 0, 0, 0, 0, 0, 0, 0.229830933, -0.00946030273, -0.243846313, 0.110915353, 0.852416588, -0.51073791, -0.873779297, 0.328369141, 0.358398438, 0.473216305, 0.406570332, 0.781535614, 0, -0, 0, 0, 0, 0, 0, 0.275860205, 0.0224070313, -0.211458154, -0.00116851582, 0.596322664, -0.802627632, -0.366821289, -0.746826172, -0.554443359, -0.930144329, 0.293923303, 0.219674129, 0, 2, 5, 1, 
675.185602, 53, 0.1, 0.1, -0.0066408275, 0.371332756, -0.0199717884, 0.955170376, -0.296056669, -4.12473274e-005, 0.296056669, 0.955170377, -7.22483233e-006, 4.1537185e-005, -5.31060053e-006, 0.999999999, 0.955170401, -0.296056589, -4.14890059e-005, 0.296056589, 0.955170402, -1.72121572e-005, 4.4724843e-005, 4.15744953e-006, 0.999999999, 0, 0, 0, 0, 0, 0, 0, 0.232256348, -0.0114739746, -0.241808154, 0.114571689, 0.857317173, -0.501680005, -0.872192383, 0.328491211, 0.362060547, 0.475232629, 0.396153985, 0.785662619, 0, -0, 0, 0, 0, 0, 0, 0.275860205, 0.0224070313, -0.211458154, -0.00398007561, 0.59285269, -0.805209148, -0.363647461, -0.750854492, -0.551147461, -0.931421777, 0.290735512, 0.218543602, 0, 2, 5, 1, 
675.18629, 53, 0.1, 0.1, -0.00664082934, 0.371332756, -0.0199753667, 0.955170268, -0.296057019, 4.02382284e-005, 0.296057018, 0.955170268, 1.90054753e-005, -4.40610638e-005, -6.24065504e-006, 0.999999999, 0.955170294, -0.296056936, 3.14927519e-005, 0.296056936, 0.955170294, 1.59984823e-005, -3.48174027e-005, -5.95762741e-006, 0.999999999, 0, 0, 0, 0, 0, 0, 0, 0.232256348, -0.0114739746, -0.241808154, 0.114571689, 0.857317173, -0.501680005, -0.872192383, 0.328491211, 0.362060547, 0.475232629, 0.396153985, 0.785662619, 0, -0, 0, 0, 0, 0, 0, 0.277879736, 0.0194314941, -0.210090039, -0.00398007561, 0.59285269, -0.805209148, -0.363647461, -0.750854492, -0.551147461, -0.931421777, 0.290735512, 0.218543602, 0, 2, 5, 1, 
675.186979, 53, 0.1, 0.1, -0.00664083206, 0.371332755, -0.0199771672, 0.955170157, -0.296057376, -2.51245883e-005, 0.296057375, 0.955170158, -7.85000732e-006, 2.63223096e-005, 5.97730456e-008, 1, 0.955170186, -0.296057286, -1.18510507e-006, 0.296057286, 0.955170186, 7.01378473e-006, -9.44505038e-007, -7.05021705e-006, 1, 0, 0, 0, 0, 0, 0, 0, 0.232256348, -0.0114739746, -0.241808154, 0.114571689, 0.857317173, -0.501680005, -0.872192383, 0.328491211, 0.362060547, 0.475232629, 0.396153985, 0.785662619, 0, -0, 0, 0, 0, 0, 0, 0.277879736, 0.0194314941, -0.210090039, -0.00398007561, 0.59285269, -0.805209148, -0.363647461, -0.750854492, -0.551147461, -0.931421777, 0.290735512, 0.218543602, 0, 2, 5, 1, 
675.187672, 53, 0.1, 0.1, -0.00664082235, 0.371332759, -0.0199767747, 0.955170064, -0.296057676, -3.63005614e-005, 0.296057676, 0.955170065, -1.35465036e-005, 3.8683756e-005, 2.19215489e-006, 0.999999999, 0.955170084, -0.296057611, -4.95227177e-005, 0.29605761, 0.955170085, -1.7506073e-005, 5.24854246e-005, 2.05969981e-006, 0.999999999, 0, 0, 0, 0, 0, 0, 0, 0.232256348, -0.0114739746, -0.241808154, 0.114571689, 0.857317173, -0.501680005, -0.872192383, 0.328491211, 0.362060547, 0.475232629, 0.396153985, 0.785662619, 0, -0, 0, 0, 0, 0, 0, 0.277879736, 0.0194314941, -0.210090039, -0.00398007561, 0.59285269, -0.805209148, -0.363647461, -0.750854492, -0.551147461, -0.931421777, 0.290735512, 0.218543602, 0, 2, 5, 1, 
675.18836, 53, 0.1, 0.1, -0.00664082604, 0.371332758, -0.0199744748, 0.955169994, -0.296057901, 3.7621863e-005, 0.296057901, 0.955169995, 1.5077026e-005, -4.03989473e-005, -3.26287304e-006, 0.999999999, 0.955170007, -0.296057861, 3.87185478e-005, 0.296057861, 0.955170007, 7.72306013e-006, -3.92692682e-005, 4.08609505e-006, 0.999999999, 0, 0, 0, 0, 0, 0, 0, 0.232256348, -0.0114739746, -0.241808154, 0.114571689, 0.857317173, -0.501680005, -0.872192383, 0.328491211, 0.362060547, 0.475232629, 0.396153985, 0.785662619, 0, -0, 0, 0, 0, 0, 0, 0.277879736, 0.0194314941, -0.210090039, -0.00398007561, 0.59285269, -0.805209148, -0.363647461, -0.750854492, -0.551147461, -0.931421777, 0.290735512, 0.218543602, 0, 2, 5, 1, 
675.189042, 53, 0.1, 0.1, -0.00664082591, 0.371332759, -0.0199711135, 0.955169952, -0.296058039, -2.48111797e-005, 0.296058039, 0.955169952, -6.14524316e-006, 2.5518242e-005, -1.4757976e-006, 1, 0.955169955, -0.296058029, -2.06995794e-005, 0.296058029, 0.955169955, -4.31198357e-006, 2.10482137e-005, -2.00959952e-006, 1, 0, 0, 0, 0, 0, 0, 0, 0.232256348, -0.0114739746, -0.241808154, 0.114571689, 0.857317173, -0.501680005, -0.872192383, 0.328491211, 0.362060547, 0.475232629, 0.396153985, 0.785662619, 0, -0, 0, 0, 0, 0, 0, 0.277879736, 0.0194314941, -0.210090039, -0.00398007561, 0.59285269, -0.805209148, -0.363647461, -0.750854492, -0.551147461, -0.931421777, 0.290735512, 0.218543602, 0, 2, 5, 1, 
675.190097, 53, 0.1, 0.1, -0.00664083434, 0.371332758, -0.0199630278, 0.955169882, -0.29605826, 5.38027181e-005, 0.29605826, 0.955169884, 6.56464673e-006, -5.33342538e-005, 9.65838626e-006, 0.999999999, 0.955169891, -0.296058231, 5.10318614e-005, 0.29605823, 0.955169893, 2.61637919e-005, -5.64901036e-005, -9.88246374e-006, 0.999999998, 0, 0, 0, 0, 0, 0, 0, 0.232256348, -0.0114739746, -0.241808154, 0.114571689, 0.857317173, -0.501680005, -0.872192383, 0.328491211, 0.362060547, 0.475232629, 0.396153985, 0.785662619, 0, -0, 0, 0, 0, 0, 0, 0.277879736, 0.0194314941, -0.210090039, -0.00398007561, 0.59285269, -0.805209148, -0.363647461, -0.750854492, -0.551147461, -0.931421777, 0.290735512, 0.218543602, 0, 2, 5, 1, 
675.190833, 53, 0.1, 0.1, -0.0066408298, 0.37133276, -0.0199561544, 0.955169852, -0.296058354, -6.28560357e-005, 0.296058353, 0.955169854, -2.40740228e-005, 6.7165506e-005, 4.3857264e-006, 0.999999998, 0.955169866, -0.296058311, -5.54856739e-005, 0.29605831, 0.955169868, -2.25085519e-005, 5.96620877e-005, 5.07249566e-006, 0.999999998, 0, 0, 0, 0, 0, 0, 0, 0.234434717, -0.0137360352, -0.240034497, 0.117720668, 0.861691305, -0.493377705, -0.870361328, 0.328735352, 0.366455078, 0.47794727, 0.386315387, 0.788920566, 0, -0, 0, 0, 0, 0, 0, 0.279899268, 0.016454248, -0.208711914, -0.0067916354, 0.589395476, -0.807682023, -0.360351562, -0.754882813, -0.547851562, -0.932699226, 0.287426319, 0.217547236, 0, 2, 5, 1, 
675.191523, 53, 0.1, 0.1, -0.00664083023, 0.37133276, -0.0199545366, 0.9551698, -0.296058521, 7.10166685e-005, 0.29605852, 0.955169803, 3.2592651e-005, -7.74823093e-005, -1.01064262e-005, 0.999999997, 0.955169826, -0.296058442, 4.54844097e-005, 0.296058442, 0.955169827, 1.00951379e-005, -4.64340866e-005, 3.82347229e-006, 0.999999999, 0, 0, 0, 0, 0, 0, 0, 0.234434717, -0.0137360352, -0.240034497, 0.117720668, 0.861691305, -0.493377705, -0.870361328, 0.328735352, 0.366455078, 0.47794727, 0.386315387, 0.788920566, 0, -0, 0, 0, 0, 0, 0, 0.279899268, 0.016454248, -0.208711914, -0.0067916354, 0.589395476, -0.807682023, -0.360351562, -0.754882813, -0.547851562, -0.932699226, 0.287426319, 0.217547236, 0, 2, 5, 1, 
675.19221, 53, 0.1, 0.1, -0.00664084103, 0.371332756, -0.0199575941, 0.955169731, -0.296058752, -1.02344437e-006, 0.296058752, 0.955169731, 1.22499566e-005, -2.64914379e-006, -1.20037874e-005, 1, 0.955169748, -0.296058694, 3.94097628e-005, 0.296058693, 0.955169749, 2.47928845e-005, -4.49831623e-005, -1.20138104e-005, 0.999999999, 0, 0, 0, 0, 0, 0, 0, 0.234434717, -0.0137360352, -0.240034497, 0.117720668, 0.861691305, -0.493377705, -0.870361328, 0.328735352, 0.366455078, 0.47794727, 0.386315387, 0.788920566, 0, -0, 0, 0, 0, 0, 0, 0.279899268, 0.016454248, -0.208711914, -0.0067916354, 0.589395476, -0.807682023, -0.360351562, -0.754882813, -0.547851562, -0.932699226, 0.287426319, 0.217547236, 0, 2, 5, 1, 
675.192963, 53, 0.1, 0.1, -0.00664081876, 0.371332763, -0.0199640469, 0.955169635, -0.296059039, -0.000118462098, 0.296059036, 0.955169642, -4.34231481e-005, 0.000126007215, 6.40469801e-006, 0.999999992, 0.955169646, -0.296058998, -0.000128203491, 0.296058996, 0.955169655, -3.3852332e-005, 0.000132478372, -5.62107678e-006, 0.999999991, 0, 0, 0, 0, 0, 0, 0, 0.234434717, -0.0137360352, -0.240034497, 0.117720668, 0.861691305, -0.493377705, -0.870361328, 0.328735352, 0.366455078, 0.47794727, 0.386315387, 0.788920566, 0, -0, 0, 0, 0, 0, 0, 0.279899268, 0.016454248, -0.208711914, -0.0067916354, 0.589395476, -0.807682023, -0.360351562, -0.754882813, -0.547851562, -0.932699226, 0.287426319, 0.217547236, 0, 2, 5, 1, 
675.193669, 53, 0.1, 0.1, -0.00664081261, 0.371332767, -0.0199711023, 0.955169577, -0.296059245, 4.85599745e-005, 0.296059245, 0.955169578, 3.71177242e-006, -4.74819149e-005, 1.08312573e-005, 0.999999999, 0.955169588, -0.296059213, 1.37031441e-005, 0.296059213, 0.955169588, -5.82061438e-006, -1.136558e-005, 9.61661589e-006, 1, 0, 0, 0, 0, 0, 0, 0, 0.234434717, -0.0137360352, -0.240034497, 0.117720668, 0.861691305, -0.493377705, -0.870361328, 0.328735352, 0.366455078, 0.47794727, 0.386315387, 0.788920566, 0, -0, 0, 0, 0, 0, 0, 0.281645996, 0.0134987305, -0.207744873, -0.0105168055, 0.586142786, -0.810052452, -0.358154297, -0.758422852, -0.544311523, -0.933458985, 0.28450685, 0.217911807, 0, 2, 5, 1, 
675.194366, 53, 0.1, 0.1, -0.00664082822, 0.371332761, -0.0199772016, 0.955169445, -0.296059667, 7.20054294e-005, 0.296059666, 0.955169447, 3.06212979e-005, -7.78431175e-005, -7.93062471e-006, 0.999999997, 0.955169473, -0.296059574, 8.19488341e-005, 0.296059572, 0.955169476, 4.15033728e-005, -9.05624958e-005, -1.53810179e-005, 0.999999996, 0, 0, 0, 0, 0, 0, 0, 0.234434717, -0.0137360352, -0.240034497, 0.117720668, 0.861691305, -0.493377705, -0.870361328, 0.328735352, 0.366455078, 0.47794727, 0.386315387, 0.788920566, 0, -0, 0, 0, 0, 0, 0, 0.281645996, 0.0134987305, -0.207744873, -0.0105168055, 0.586142786, -0.810052452, -0.358154297, -0.758422852, -0.544311523, -0.933458985, 0.28450685, 0.217911807, 0, 2, 5, 1, 
675.19507, 53, 0.1, 0.1, -0.00664082894, 0.371332763, -0.0199807697, 0.955169397, -0.296059828, -4.48109062e-005, 0.296059828, 0.955169398, -7.29325212e-006, 4.49612453e-005, -6.30041795e-006, 0.999999999, 0.955169388, -0.296059859, -2.29036692e-005, 0.296059859, 0.955169388, -1.34805791e-005, 2.5867942e-005, 6.09537947e-006, 1, 0, 0, 0, 0, 0, 0, 0, 0.234434717, -0.0137360352, -0.240034497, 0.117720668, 0.861691305, -0.493377705, -0.870361328, 0.328735352, 0.366455078, 0.47794727, 0.386315387, 0.788920566, 0, -0, 0, 0, 0, 0, 0, 0.281645996, 0.0134987305, -0.207744873, -0.0105168055, 0.586142786, -0.810052452, -0.358154297, -0.758422852, -0.544311523, -0.933458985, 0.28450685, 0.217911807, 0, 2, 5, 1, 
675.195815, 53, 0.1, 0.1, -0.00664081855, 0.371332766, -0.0199802579, 0.955169421, -0.29605975, -2.3072358e-005, 0.29605975, 0.955169422, -1.73412681e-005, 2.71720623e-005, 9.73305249e-006, 1, 0.955169422, -0.296059745, -4.12119807e-005, 0.296059745, 0.955169423, -1.7853491e-005, 4.46501238e-005, 4.85190021e-006, 0.999999999, 0, 0, 0, 0, 0, 0, 0, 0.236783594, -0.0159839355, -0.238244604, 0.119917091, 0.86630058, -0.484776982, -0.869262695, 0.327392578, 0.370117188, 0.479329678, 0.377181098, 0.792502023, 0, -0, 0, 0, 0, 0, 0, 0.281645996, 0.0134987305, -0.207744873, -0.0105168055, 0.586142786, -0.810052452, -0.358154297, -0.758422852, -0.544311523, -0.933458985, 0.28450685, 0.217911807, 0, 2, 5, 1, 
675.196547, 53, 0.1, 0.1, -0.00664082663, 0.371332764, -0.0199762135, 0.955169385, -0.296059863, 6.19531615e-005, 0.296059863, 0.955169387, 1.64078163e-005, -6.40334592e-005, 2.66960068e-006, 0.999999998, 0.955169388, -0.296059853, 5.97071445e-005, 0.296059853, 0.95516939, 1.35110524e-005, -6.1030517e-005, 4.77154475e-006, 0.999999998, 0, 0, 0, 0, 0, 0, 0, 0.236783594, -0.0159839355, -0.238244604, 0.119917091, 0.86630058, -0.484776982, -0.869262695, 0.327392578, 0.370117188, 0.479329678, 0.377181098, 0.792502023, 0, -0, 0, 0, 0, 0, 0, 0.281645996, 0.0134987305, -0.207744873, -0.0105168055, 0.586142786, -0.810052452, -0.358154297, -0.758422852, -0.544311523, -0.933458985, 0.28450685, 0.217911807, 0, 2, 5, 1, 
675.197237, 53, 0.1, 0.1, -0.00664082971, 0.371332765, -0.0199705885, 0.955169332, -0.296060038, -2.47759395e-005, 0.296060038, 0.955169332, -2.90562899e-005, 3.22676239e-005, 2.04185114e-005, 0.999999999, 0.955169345, -0.296059999, -6.19177481e-006, 0.296059999, 0.955169345, -1.72776053e-005, 1.10294013e-005, 1.46699021e-005, 1, 0, 0, 0, 0, 0, 0, 0, 0.236783594, -0.0159839355, -0.238244604, 0.119917091, 0.86630058, -0.484776982, -0.869262695, 0.327392578, 0.370117188, 0.479329678, 0.377181098, 0.792502023, 0, -0, 0, 0, 0, 0, 0, 0.281645996, 0.0134987305, -0.207744873, -0.0105168055, 0.586142786, -0.810052452, -0.358154297, -0.758422852, -0.544311523, -0.933458985, 0.28450685, 0.217911807, 0, 2, 5, 1, 
675.198017, 53, 0.1, 0.1, -0.00664082479, 0.371332763, -0.0199636693, 0.955169353, -0.296059973, 1.88224511e-005, 0.296059972, 0.955169352, 4.4428706e-005, -3.11321899e-005, -3.6864364e-005, 0.999999999, 0.955169333, -0.296060035, -1.27937974e-005, 0.296060035, 0.955169333, 3.71540665e-005, 1.22040867e-006, -3.92761571e-005, 0.999999999, 0, 0, 0, 0, 0, 0, 0, 0.239196924, -0.0185284424, -0.236121387, 0.123401564, 0.869393776, -0.478359578, -0.868286133, 0.32800293, 0.372070313, 0.480260895, 0.36939926, 0.795564139, 0, -0, 0, 0, 0, 0, 0, 0.283410791, 0.0105263672, -0.206341602, -0.0138267315, 0.582832493, -0.812346323, -0.354980469, -0.762329102, -0.540893555, -0.934666071, 0.280967614, 0.217547969, 0, 2, 5, 1, 
675.198709, 53, 0.1, 0.1, -0.00664083167, 0.371332762, -0.019959343, 0.955169558, -0.296059309, -2.86676476e-006, 0.296059309, 0.955169558, -4.14058858e-006, 3.96410622e-006, 3.10623177e-006, 1, 0.955169507, -0.296059473, 3.16407449e-005, 0.296059473, 0.955169508, -6.51133059e-006, -2.82945336e-005, 1.55869667e-005, 0.999999999, 0, 0, 0, 0, 0, 0, 0, 0.239196924, -0.0185284424, -0.236121387, 0.123401564, 0.869393776, -0.478359578, -0.868286133, 0.32800293, 0.372070313, 0.480260895, 0.36939926, 0.795564139, 0, -0, 0, 0, 0, 0, 0, 0.283410791, 0.0105263672, -0.206341602, -0.0138267315, 0.582832493, -0.812346323, -0.354980469, -0.762329102, -0.540893555, -0.934666071, 0.280967614, 0.217547969, 0, 2, 5, 1, 
675.199402, 53, 0.1, 0.1, -0.00664082829, 0.371332761, -0.0199583622, 0.955169882, -0.296058266, 1.21519567e-005, 0.296058267, 0.955169882, -1.21804199e-005, -8.00106906e-006, 1.52320575e-005, 1, 0.95516981, -0.296058498, -3.06090268e-006, 0.296058498, 0.95516981, 1.32110143e-005, -9.87551219e-007, -1.35249683e-005, 1, 0, 0, 0, 0, 0, 0, 0, 0.239196924, -0.0185284424, -0.236121387, 0.123401564, 0.869393776, -0.478359578, -0.868286133, 0.32800293, 0.372070313, 0.480260895, 0.36939926, 0.795564139, 0, -0, 0, 0, 0, 0, 0, 0.283410791, 0.0105263672, -0.206341602, -0.0138267315, 0.582832493, -0.812346323, -0.354980469, -0.762329102, -0.540893555, -0.934666071, 0.280967614, 0.217547969, 0, 2, 5, 1, 
675.200134, 53, 0.1, 0.1, -0.00664082736, 0.371332763, -0.0199607425, 0.95517032, -0.296056854, 3.69860374e-006, 0.296056854, 0.955170319, 2.29292438e-005, -1.03211563e-005, -2.08063361e-005, 1, 0.955170219, -0.296057179, -1.36147321e-005, 0.296057179, 0.955170219, 5.28679158e-006, 1.1439194e-005, -9.08052504e-006, 1, 0, 0, 0, 0, 0, 0, 0, 0.239196924, -0.0185284424, -0.236121387, 0.123401564, 0.869393776, -0.478359578, -0.868286133, 0.32800293, 0.372070313, 0.480260895, 0.36939926, 0.795564139, 0, -0, 0, 0, 0, 0, 0, 0.283410791, 0.0105263672, -0.206341602, -0.0138267315, 0.582832493, -0.812346323, -0.354980469, -0.762329102, -0.540893555, -0.934666071, 0.280967614, 0.217547969, 0, 2, 5, 1, 
675.200866, 53, 0.1, 0.1, -0.00664082899, 0.371332766, -0.0199648918, 0.955170801, -0.296055299, 9.24714586e-006, 0.2960553, 0.955170801, -3.2162969e-005, 6.89413704e-007, 3.34587954e-005, 0.999999999, 0.955170717, -0.296055571, 3.31662734e-006, 0.296055571, 0.955170717, -3.39690676e-005, 6.88878638e-006, 3.34281646e-005, 0.999999999, 0, 0, 0, 0, 0, 0, 0, 0.239196924, -0.0185284424, -0.236121387, 0.123401564, 0.869393776, -0.478359578, -0.868286133, 0.32800293, 0.372070313, 0.480260895, 0.36939926, 0.795564139, 0, -0, 0, 0, 0, 0, 0, 0.283410791, 0.0105263672, -0.206341602, -0.0138267315, 0.582832493, -0.812346323, -0.354980469, -0.762329102, -0.540893555, -0.934666071, 0.280967614, 0.217547969, 0, 2, 5, 1, 
675.201561, 53, 0.1, 0.1, -0.00664082898, 0.371332762, -0.0199699369, 0.955171111, -0.296054297, -3.56732369e-005, 0.296054298, 0.955171111, 4.60580034e-005, 2.04383755e-005, -5.45544894e-005, 0.999999998, 0.95517107, -0.296054431, -1.2184089e-005, 0.296054431, 0.955171069, 4.55214173e-005, -1.83892797e-006, -4.70878945e-005, 0.999999999, 0, 0, 0, 0, 0, 0, 0, 0.239196924, -0.0185284424, -0.236121387, 0.123401564, 0.869393776, -0.478359578, -0.868286133, 0.32800293, 0.372070313, 0.480260895, 0.36939926, 0.795564139, 0, -0, 0, 0, 0, 0, 0, 0.283410791, 0.0105263672, -0.206341602, -0.0138267315, 0.582832493, -0.812346323, -0.354980469, -0.762329102, -0.540893555, -0.934666071, 0.280967614, 0.217547969, 0, 2, 5, 1, 
675.202254, 53, 0.1, 0.1, -0.00664082342, 0.371332762, -0.0199745915, 0.955171232, -0.296053911, 9.38732224e-006, 0.296053911, 0.955171231, -2.6023219e-005, -1.26222438e-006, 2.76357836e-005, 1, 0.955171223, -0.296053937, -1.58989476e-005, 0.296053937, 0.955171224, -1.41596449e-005, 1.93782358e-005, 8.81793933e-006, 1, 0, 0, 0, 0, 0, 0, 0, 0.239196924, -0.0185284424, -0.236121387, 0.123401564, 0.869393776, -0.478359578, -0.868286133, 0.32800293, 0.372070313, 0.480260895, 0.36939926, 0.795564139, 0, -0, 0, 0, 0, 0, 0, 0.283410791, 0.0105263672, -0.206341602, -0.0138267315, 0.582832493, -0.812346323, -0.354980469, -0.762329102, -0.540893555, -0.934666071, 0.280967614, 0.217547969, 0, 2, 5, 1, 
675.203028, 53, 0.1, 0.1, -0.00664082784, 0.371332768, -0.019977058, 0.955171255, -0.296053836, -6.55489759e-006, 0.296053836, 0.955171255, -5.78162359e-007, 6.43221694e-006, -1.38835851e-006, 1, 0.955171254, -0.296053839, 1.43549742e-005, 0.29605384, 0.955171254, -1.54489897e-005, -9.13772597e-006, 1.90062761e-005, 1, 0, 0, 0, 0, 0, 0, 0, 0.241243945, -0.0203694092, -0.234196265, 0.124074794, 0.873102913, -0.47141572, -0.867553711, 0.326049805, 0.375366211, 0.481390185, 0.36238501, 0.798048506, 0, -0, 0, 0, 0, 0, 0, 0.285353906, 0.00800830078, -0.204913428, -0.0177181458, 0.580014004, -0.814275989, -0.350830078, -0.766235352, -0.538208008, -0.93617976, 0.276252641, 0.21722241, 0, 2, 5, 1, 
675.20372, 53, 0.1, 0.1, -0.00664082612, 0.371332766, -0.0199766941, 0.955171283, -0.296053744, 1.10703184e-005, 0.296053744, 0.955171283, -4.5753895e-006, -9.21948902e-006, 7.64768986e-006, 1, 0.955171271, -0.296053782, 1.06477714e-006, 0.296053782, 0.955171271, 9.46785427e-006, -3.82003861e-006, -8.7281911e-006, 1, 0, 0, 0, 0, 0, 0, 0, 0.241243945, -0.0203694092, -0.234196265, 0.124074794, 0.873102913, -0.47141572, -0.867553711, 0.326049805, 0.375366211, 0.481390185, 0.36238501, 0.798048506, 0, -0, 0, 0, 0, 0, 0, 0.285353906, 0.00800830078, -0.204913428, -0.0177181458, 0.580014004, -0.814275989, -0.350830078, -0.766235352, -0.538208008, -0.93617976, 0.276252641, 0.21722241, 0, 2, 5, 1, 
675.20441, 53, 0.1, 0.1, -0.0066408265, 0.371332768, -0.0199743887, 0.955171374, -0.296053451, -2.89175603e-006, 0.296053451, 0.955171374, 1.13891134e-005, -6.0966374e-007, -1.17346694e-005, 1, 0.955171356, -0.296053511, 6.99577673e-007, 0.296053511, 0.955171356, 5.81980235e-006, -2.39118947e-006, -5.35179608e-006, 1, 0, 0, 0, 0, 0, 0, 0, 0.241243945, -0.0203694092, -0.234196265, 0.124074794, 0.873102913, -0.47141572, -0.867553711, 0.326049805, 0.375366211, 0.481390185, 0.36238501, 0.798048506, 0, -0, 0, 0, 0, 0, 0, 0.285353906, 0.00800830078, -0.204913428, -0.0177181458, 0.580014004, -0.814275989, -0.350830078, -0.766235352, -0.538208008, -0.93617976, 0.276252641, 0.21722241, 0, 2, 5, 1, 
675.205139, 53, 0.1, 0.1, -0.00664082703, 0.371332768, -0.0199705272, 0.955171426, -0.296053282, 2.04984498e-005, 0.296053282, 0.955171427, 9.93345316e-006, -2.2520365e-005, -3.41951727e-006, 1, 0.955171418, -0.29605331, 1.36327991e-005, 0.29605331, 0.955171418, 9.91932682e-006, -1.59583096e-005, -5.43862217e-006, 1, 0, 0, 0, 0, 0, 0, 0, 0.241243945, -0.0203694092, -0.234196265, 0.124074794, 0.873102913, -0.47141572, -0.867553711, 0.326049805, 0.375366211, 0.481390185, 0.36238501, 0.798048506, 0, -0, 0, 0, 0, 0, 0, 0.285353906, 0.00800830078, -0.204913428, -0.0177181458, 0.580014004, -0.814275989, -0.350830078, -0.766235352, -0.538208008, -0.93617976, 0.276252641, 0.21722241, 0, 2, 5, 1, 
675.20587, 53, 0.1, 0.1, -0.00664082457, 0.37133277, -0.0199659959, 0.9551715, -0.296053045, -2.94962559e-005, 0.296053044, 0.9551715, -2.0030064e-005, 3.41039445e-005, 1.03996899e-005, 0.999999999, 0.955171489, -0.29605308, -3.28632186e-005, 0.29605308, 0.955171489, -9.6492629e-006, 3.42467034e-005, -5.12556264e-007, 0.999999999, 0, 0, 0, 0, 0, 0, 0, 0.241243945, -0.0203694092, -0.234196265, 0.124074794, 0.873102913, -0.47141572, -0.867553711, 0.326049805, 0.375366211, 0.481390185, 0.36238501, 0.798048506, 0, -0, 0, 0, 0, 0, 0, 0.286817578, 0.00552026367, -0.203891455, -0.0222803673, 0.57752144, -0.815956288, -0.34777832, -0.76953125, -0.53527832, -0.93715024, 0.271940153, 0.218027745, 0, 2, 5, 1, 
675.206562, 53, 0.1, 0.1, -0.00664082881, 0.371332769, -0.0199630252, 0.955171533, -0.296052934, 5.19505191e-005, 0.296052933, 0.955171534, 2.47328898e-005, -5.69439017e-005, -8.24404868e-006, 0.999999998, 0.955171527, -0.296052953, 4.57386101e-005, 0.296052953, 0.955171528, 2.42527599e-005, -5.08683193e-005, -9.62449517e-006, 0.999999999, 0, 0, 0, 0, 0, 0, 0, 0.241243945, -0.0203694092, -0.234196265, 0.124074794, 0.873102913, -0.47141572, -0.867553711, 0.326049805, 0.375366211, 0.481390185, 0.36238501, 0.798048506, 0, -0, 0, 0, 0, 0, 0, 0.286817578, 0.00552026367, -0.203891455, -0.0222803673, 0.57752144, -0.815956288, -0.34777832, -0.76953125, -0.53527832, -0.93715024, 0.271940153, 0.218027745, 0, 2, 5, 1, 
675.207257, 53, 0.1, 0.1, -0.00664082802, 0.37133277, -0.0199622136, 0.955171572, -0.296052805, -5.99536664e-005, 0.296052804, 0.955171574, -2.71557523e-005, 6.53055746e-005, 8.18895153e-006, 0.999999998, 0.955171579, -0.296052789, -3.83621103e-005, 0.296052789, 0.955171579, -7.353198e-006, 3.88193322e-005, -4.33364399e-006, 0.999999999, 0, 0, 0, 0, 0, 0, 0, 0.241243945, -0.0203694092, -0.234196265, 0.124074794, 0.873102913, -0.47141572, -0.867553711, 0.326049805, 0.375366211, 0.481390185, 0.36238501, 0.798048506, 0, -0, 0, 0, 0, 0, 0, 0.286817578, 0.00552026367, -0.203891455, -0.0222803673, 0.57752144, -0.815956288, -0.34777832, -0.76953125, -0.53527832, -0.93715024, 0.271940153, 0.218027745, 0, 2, 5, 1, 
675.208031, 53, 0.1, 0.1, -0.00664081807, 0.371332776, -0.0199631957, 0.955171593, -0.296052744, 9.80799078e-006, 0.296052744, 0.955171593, -1.17665712e-005, -5.88478851e-006, 1.41427771e-005, 1, 0.955171594, -0.296052742, -2.52216478e-005, 0.296052741, 0.955171594, -2.21239759e-005, 3.06408653e-005, 1.36652554e-005, 0.999999999, 0, 0, 0, 0, 0, 0, 0, 0.243434253, -0.0219743164, -0.232474731, 0.123205734, 0.877028098, -0.464091064, -0.86730957, 0.322387695, 0.37902832, 0.48214579, 0.3559545, 0.800596153, 0, -0, 0, 0, 0, 0, 0, 0.286817578, 0.00552026367, -0.203891455, -0.0222803673, 0.57752144, -0.815956288, -0.34777832, -0.76953125, -0.53527832, -0.93715024, 0.271940153, 0.218027745, 0, 2, 5, 1, 
675.208724, 53, 0.1, 0.1, -0.00664082244, 0.371332772, -0.0199655422, 0.955171488, -0.296053084, -4.88040889e-007, 0.296053084, 0.955171488, 1.40459725e-005, -3.69219074e-006, -1.35607985e-005, 1, 0.955171515, -0.296052996, 1.81520299e-005, 0.296052995, 0.955171515, 3.24980639e-005, -2.69594511e-005, -2.56672621e-005, 0.999999999, 0, 0, 0, 0, 0, 0, 0, 0.243434253, -0.0219743164, -0.232474731, 0.123205734, 0.877028098, -0.464091064, -0.86730957, 0.322387695, 0.37902832, 0.48214579, 0.3559545, 0.800596153, 0, -0, 0, 0, 0, 0, 0, 0.286817578, 0.00552026367, -0.203891455, -0.0222803673, 0.57752144, -0.815956288, -0.34777832, -0.76953125, -0.53527832, -0.93715024, 0.271940153, 0.218027745, 0, 2, 5, 1, 
675.209416, 53, 0.1, 0.1, -0.00664081417, 0.371332777, -0.0199689924, 0.955171365, -0.296053478, -4.27000965e-005, 0.296053478, 0.955171366, -1.06592855e-005, 4.39416281e-005, -2.4600678e-006, 0.999999999, 0.955171384, -0.296053414, -5.00431726e-005, 0.296053413, 0.955171386, -3.06995422e-005, 5.68885107e-005, 1.45078722e-005, 0.999999998, 0, 0, 0, 0, 0, 0, 0, 0.243434253, -0.0219743164, -0.232474731, 0.123205734, 0.877028098, -0.464091064, -0.86730957, 0.322387695, 0.37902832, 0.48214579, 0.3559545, 0.800596153, 0, -0, 0, 0, 0, 0, 0, 0.286817578, 0.00552026367, -0.203891455, -0.0222803673, 0.57752144, -0.815956288, -0.34777832, -0.76953125, -0.53527832, -0.93715024, 0.271940153, 0.218027745, 0, 2, 5, 1, 
675.210148, 53, 0.1, 0.1, -0.00664081831, 0.371332776, -0.0199725229, 0.955171365, -0.296053479, 3.95771287e-005, 0.296053479, 0.955171365, 1.37610599e-005, -4.18769498e-005, -1.42722376e-006, 0.999999999, 0.955171363, -0.296053485, 4.08073887e-005, 0.296053485, 0.955171364, 6.55242861e-006, -4.09179184e-005, 5.82247747e-006, 0.999999999, 0, 0, 0, 0, 0, 0, 0, 0.243434253, -0.0219743164, -0.232474731, 0.123205734, 0.877028098, -0.464091064, -0.86730957, 0.322387695, 0.37902832, 0.48214579, 0.3559545, 0.800596153, 0, -0, 0, 0, 0, 0, 0, 0.286817578, 0.00552026367, -0.203891455, -0.0222803673, 0.57752144, -0.815956288, -0.34777832, -0.76953125, -0.53527832, -0.93715024, 0.271940153, 0.218027745, 0, 2, 5, 1, 
675.21088, 53, 0.1, 0.1, -0.006640818, 0.371332777, -0.019974162, 0.955171344, -0.296053546, -2.65465819e-005, 0.296053546, 0.955171345, -1.75690863e-005, 3.05579247e-005, 8.92227808e-006, 0.999999999, 0.955171354, -0.296053517, -2.15287579e-005, 0.296053517, 0.955171354, -1.39844533e-005, 2.47037994e-005, 6.98388473e-006, 1, 0, 0, 0, 0, 0, 0, 0, 0.245676807, -0.0240746582, -0.230637012, 0.12338359, 0.879919473, -0.458829159, -0.86706543, 0.32043457, 0.381347656, 0.482488396, 0.350800058, 0.802605364, 0, -0, 0, 0, 0, 0, 0, 0.288254639, 0.00303540039, -0.202622803, -0.0271940337, 0.575188557, -0.817444824, -0.344604492, -0.772949219, -0.532470703, -0.9382804, 0.26727622, 0.219344206, 0, 2, 5, 1, 
675.211583, 53, 0.1, 0.1, -0.00664081706, 0.371332777, -0.019974254, 0.955171341, -0.296053559, 1.36187128e-005, 0.296053559, 0.955171341, 4.68749963e-006, -1.43959551e-005, -4.45496909e-007, 1, 0.955171333, -0.296053584, 8.87794396e-006, 0.296053583, 0.955171333, 1.47914309e-005, -1.28590137e-005, -1.15000036e-005, 1, 0, 0, 0, 0, 0, 0, 0, 0.245676807, -0.0240746582, -0.230637012, 0.12338359, 0.879919473, -0.458829159, -0.86706543, 0.32043457, 0.381347656, 0.482488396, 0.350800058, 0.802605364, 0, -0, 0, 0, 0, 0, 0, 0.288254639, 0.00303540039, -0.202622803, -0.0271940337, 0.575188557, -0.817444824, -0.344604492, -0.772949219, -0.532470703, -0.9382804, 0.26727622, 0.219344206, 0, 2, 5, 1, 
675.21229, 53, 0.1, 0.1, -0.00664081737, 0.371332781, -0.0199729575, 0.955171428, -0.296053278, 1.16471682e-006, 0.296053278, 0.955171428, -2.40129224e-006, -4.01593791e-007, 2.63846397e-006, 1, 0.955171407, -0.296053345, -4.04958429e-006, 0.296053345, 0.955171407, -2.16213258e-005, 1.02691129e-005, 1.94531792e-005, 1, 0, 0, 0, 0, 0, 0, 0, 0.245676807, -0.0240746582, -0.230637012, 0.12338359, 0.879919473, -0.458829159, -0.86706543, 0.32043457, 0.381347656, 0.482488396, 0.350800058, 0.802605364, 0, -0, 0, 0, 0, 0, 0, 0.288254639, 0.00303540039, -0.202622803, -0.0271940337, 0.575188557, -0.817444824, -0.344604492, -0.772949219, -0.532470703, -0.9382804, 0.26727622, 0.219344206, 0, 2, 5, 1, 
675.213024, 53, 0.1, 0.1, -0.00664081538, 0.371332774, -0.0199700578, 0.95517147, -0.296053144, 3.94132966e-007, 0.296053143, 0.955171469, 2.75018372e-005, -8.51846991e-006, -2.61522859e-005, 1, 0.955171458, -0.29605318, -5.42256786e-006, 0.29605318, 0.955171457, 4.21934216e-005, -7.31201459e-006, -4.19073205e-005, 0.999999999, 0, 0, 0, 0, 0, 0, 0, 0.245676807, -0.0240746582, -0.230637012, 0.12338359, 0.879919473, -0.458829159, -0.86706543, 0.32043457, 0.381347656, 0.482488396, 0.350800058, 0.802605364, 0, -0, 0, 0, 0, 0, 0, 0.288254639, 0.00303540039, -0.202622803, -0.0271940337, 0.575188557, -0.817444824, -0.344604492, -0.772949219, -0.532470703, -0.9382804, 0.26727622, 0.219344206, 0, 2, 5, 1, 
675.213717, 53, 0.1, 0.1, -0.00664081509, 0.371332783, -0.0199673825, 0.955171542, -0.29605291, 8.58052016e-006, 0.296052909, 0.95517154, -6.3216361e-005, 1.0519519e-005, 6.2922757e-005, 0.999999998, 0.955171534, -0.296052937, -2.26731719e-006, 0.296052936, 0.955171531, -6.84883462e-005, 2.24418529e-005, 6.47468727e-005, 0.999999998, 0, 0, 0, 0, 0, 0, 0, 0.245676807, -0.0240746582, -0.230637012, 0.12338359, 0.879919473, -0.458829159, -0.86706543, 0.32043457, 0.381347656, 0.482488396, 0.350800058, 0.802605364, 0, -0, 0, 0, 0, 0, 0, 0.288254639, 0.00303540039, -0.202622803, -0.0271940337, 0.575188557, -0.817444824, -0.344604492, -0.772949219, -0.532470703, -0.9382804, 0.26727622, 0.219344206, 0, 2, 5, 1, 
675.214412, 53, 0.1, 0.1, -0.00664081709, 0.371332783, -0.019965614, 0.955171476, -0.296053121, -2.25440849e-005, 0.296053122, 0.955171476, 3.40045275e-005, 1.14663203e-005, -3.91544014e-005, 0.999999999, 0.955171508, -0.29605302, 6.97853453e-007, 0.29605302, 0.955171507, 3.09739245e-005, -9.83649362e-006, -2.93788085e-005, 1, 0, 0, 0, 0, 0, 0, 0, 0.245676807, -0.0240746582, -0.230637012, 0.12338359, 0.879919473, -0.458829159, -0.86706543, 0.32043457, 0.381347656, 0.482488396, 0.350800058, 0.802605364, 0, -0, 0, 0, 0, 0, 0, 0.288254639, 0.00303540039, -0.202622803, -0.0271940337, 0.575188557, -0.817444824, -0.344604492, -0.772949219, -0.532470703, -0.9382804, 0.26727622, 0.219344206, 0, 2, 5, 1, 
675.215193, 53, 0.1, 0.1, -0.00664081753, 0.371332783, -0.0199645518, 0.955171231, -0.296053912, 3.71589063e-005, 0.296053912, 0.955171231, -9.42777577e-006, -3.27019884e-005, 2.00061798e-005, 0.999999999, 0.955171291, -0.296053718, 2.63133417e-005, 0.296053718, 0.955171291, -1.19442251e-005, -2.15976163e-005, 1.91989435e-005, 1, 0, 0, 0, 0, 0, 0, 0, 0.247620068, -0.0261852539, -0.228822241, 0.122007173, 0.882563721, -0.453961157, -0.866455078, 0.317871094, 0.384765625, 0.483942319, 0.346426309, 0.803688227, 0, -0, 0, 0, 0, 0, 0, 0.288254639, 0.00303540039, -0.202622803, -0.0332003145, 0.573264354, -0.818607434, -0.340332031, -0.776489258, -0.530029297, -0.939525399, 0.261059585, 0.221063152, 0, 2, 5, 1, 
675.215887, 53, 0.1, 0.1, -0.00664081709, 0.371332782, -0.0199645537, 0.955170926, -0.296054897, -2.05702221e-005, 0.296054897, 0.955170926, -3.276936e-006, 2.0618231e-005, -2.95988098e-006, 1, 0.955170994, -0.296054678, -2.39453507e-005, 0.296054678, 0.955170994, 9.80251696e-006, 1.99698234e-005, -1.64522129e-005, 1, 0, 0, 0, 0, 0, 0, 0, 0.247620068, -0.0261852539, -0.228822241, 0.122007173, 0.882563721, -0.453961157, -0.866455078, 0.317871094, 0.384765625, 0.483942319, 0.346426309, 0.803688227, 0, -0, 0, 0, 0, 0, 0, 0.289840234, 0.000768164063, -0.201547363, -0.0332003145, 0.573264354, -0.818607434, -0.340332031, -0.776489258, -0.530029297, -0.939525399, 0.261059585, 0.221063152, 0, 2, 5, 1, 
675.21658, 53, 0.1, 0.1, -0.00664082016, 0.371332786, -0.0199660664, 0.955170541, -0.29605614, 6.86516562e-006, 0.29605614, 0.955170541, 2.6652596e-006, -7.34647043e-006, -5.13303015e-007, 1, 0.95517062, -0.296055885, 2.44234143e-005, 0.296055885, 0.95517062, -1.44611964e-005, -1.90472054e-005, 2.10436055e-005, 1, 0, 0, 0, 0, 0, 0, 0, 0.247620068, -0.0261852539, -0.228822241, 0.122007173, 0.882563721, -0.453961157, -0.866455078, 0.317871094, 0.384765625, 0.483942319, 0.346426309, 0.803688227, 0, -0, 0, 0, 0, 0, 0, 0.289840234, 0.000768164063, -0.201547363, -0.0332003145, 0.573264354, -0.818607434, -0.340332031, -0.776489258, -0.530029297, -0.939525399, 0.261059585, 0.221063152, 0, 2, 5, 1, 
