time, trialNum, realDorsalTactorPos, realVentralTactorPos, boxPosX, boxPosY, boxPosZ, boxLocalRot_11, boxLocalRot_12, boxLocalRot_13, boxLocalRot_21, boxLocalRot_22, boxLocalRot_23, boxLocalRot_31, boxLocalRot_32, boxLocalRot_33, boxGlobalRot_11, boxGlobalRot_12, boxGlobalRot_13, boxGlobalRot_21, boxGlobalRot_22, boxGlobalRot_23, boxGlobalRot_31, boxGlobalRot_32, boxGlobalRot_33, indexForceX, indexForceY, indexForceZ, indexForceGlobalX, indexForceGlobalY, indexForceGlobalZ, indexContact, indexPosX, indexPosY, indexPosZ, indexRot_11, indexRot_12, indexRot_13, indexRot_21, indexRot_22, indexRot_23, indexRot_31, indexRot_32, indexRot_33, thumbForceX, thumbForceY, thumbForceZ, thumbForceGlobalX, thumbForceGlobalY, thumbForceGlobalZ, thumbContact, thumbPosX, thumbPosY, thumbPosZ, thumbRot_11, thumbRot_12, thumbRot_13, thumbRot_21, thumbRot_22, thumbRot_23, thumbRot_31, thumbRot_32, thumbRot_33, manipForceTooHigh, cceExpType, mapping, trialSuccess, 
704.593514, 59, 0.1, 0.1, 0.00290369192, 0.377583259, -0.0199666782, 0.980000093, 7.64755513e-006, 0.198997029, 0.198997029, -1.04091208e-005, -0.980000093, -5.42322063e-006, 1, -1.17227801e-005, 0.980000103, 9.94494794e-006, 0.198996982, 0.198996982, 2.37783454e-006, -0.980000103, -1.02192319e-005, 1, 3.51263466e-007, 0, 0, 0, 0, 0, 0, 0, 0.334329419, -0.104920752, -0.217717554, -0.189160218, 0.69134881, -0.697231674, -0.977661133, -0.0668945313, 0.198852539, 0.0908908589, 0.719308617, 0.688717309, 0, -0, 0, 0, 0, 0, 0, 0.370873535, -0.0504196777, -0.187843408, 0.0473355857, 0.355098787, -0.933592378, -0.277099609, -0.893188477, -0.353759766, -0.959537044, 0.275565986, 0.0561630734, 0, 2, 5, 1, 
704.5984, 59, 0.1, 0.1, 0.00290370128, 0.377583261, -0.0199894311, 0.979999801, -9.69181954e-005, 0.198998444, 0.19899844, -4.99247702e-005, -0.979999805, 0.000104914764, 0.999999994, -2.96396951e-005, 0.979999811, -7.92211103e-005, 0.198998401, 0.198998398, -4.6452026e-005, -0.979999814, 8.68805523e-005, 0.999999996, -2.97581026e-005, 0, 0, 0, 0, 0, 0, 0, 0.337610278, -0.108801782, -0.21703291, -0.194582004, 0.694247298, -0.692831715, -0.977050781, -0.0749511719, 0.19921875, 0.0863115403, 0.715759743, 0.693087693, 0, -0, 0, 0, 0, 0, 0, 0.375192578, -0.0557591309, -0.187757617, 0.0396548356, 0.349876319, -0.935866926, -0.264038086, -0.899536133, -0.34753418, -0.963535634, 0.261024414, 0.0567832078, 0, 2, 5, 1, 
704.599116, 59, 0.1, 0.1, 0.0029037241, 0.377583268, -0.019987329, 0.979999788, -0.000103543314, 0.198998503, 0.198998503, -9.05336567e-006, -0.979999794, 0.000103274032, 0.999999995, 1.1732668e-005, 0.979999788, -0.000113505659, 0.1989985, 0.198998498, -2.58161732e-005, -0.979999794, 0.000116372902, 0.999999993, -2.71238864e-006, 0, 0, 0, 0, 0, 0, 0, 0.339372534, -0.111674023, -0.216546509, -0.195020091, 0.694875222, -0.692095206, -0.976928711, -0.0758056641, 0.19909668, 0.0858865587, 0.71504233, 0.693836185, 0, -0, 0, 0, 0, 0, 0, 0.375192578, -0.0557591309, -0.187757617, 0.0378976107, 0.347971806, -0.936620855, -0.261474609, -0.901123047, -0.345458984, -0.964334039, 0.258123902, 0.056949452, 0, 2, 5, 1, 
704.59981, 59, 0.1, 0.1, 0.00290373069, 0.377583266, -0.0199802767, 0.97999987, 2.4477902e-005, 0.198998127, 0.198998127, 9.85847439e-006, -0.97999987, -2.59501587e-005, 1, 4.79024698e-006, 0.979999844, -3.09691339e-006, 0.198998257, 0.198998257, 1.69148138e-005, -0.979999844, -3.31043817e-007, 1, 1.71927952e-005, 0, 0, 0, 0, 0, 0, 0, 0.339372534, -0.111674023, -0.216546509, -0.195020091, 0.694875222, -0.692095206, -0.976928711, -0.0758056641, 0.19909668, 0.0858865587, 0.71504233, 0.693836185, 0, -0, 0, 0, 0, 0, 0, 0.376622217, -0.0579553223, -0.18735752, 0.0378976107, 0.347971806, -0.936620855, -0.261474609, -0.901123047, -0.345458984, -0.964334039, 0.258123902, 0.056949452, 0, 2, 5, 1, 
704.600501, 59, 0.1, 0.1, 0.00290372146, 0.377583268, -0.0199709584, 0.980000034, 2.54948704e-005, 0.198997316, 0.198997317, -2.84169557e-006, -0.980000035, -2.4419484e-005, 1, -7.85827255e-006, 0.980000001, 4.68800265e-005, 0.198997476, 0.198997477, -1.28971685e-005, -0.980000002, -4.33759221e-005, 0.999999999, -2.19682321e-005, 0, 0, 0, 0, 0, 0, 0, 0.339372534, -0.111674023, -0.216546509, -0.195020091, 0.694875222, -0.692095206, -0.976928711, -0.0758056641, 0.19909668, 0.0858865587, 0.71504233, 0.693836185, 0, -0, 0, 0, 0, 0, 0, 0.376622217, -0.0579553223, -0.18735752, 0.0378976107, 0.347971806, -0.936620855, -0.261474609, -0.901123047, -0.345458984, -0.964334039, 0.258123902, 0.056949452, 0, 2, 5, 1, 
704.601191, 59, 0.1, 0.1, 0.00290372535, 0.377583266, -0.01996229, 0.98000018, -4.24872816e-006, 0.198996599, 0.198996599, -6.71164923e-006, -0.98000018, 5.49934973e-006, 1, -5.731935e-006, 0.980000155, -2.52578294e-005, 0.198996723, 0.198996723, 1.1646794e-005, -0.980000155, 2.24350029e-005, 1, 1.64400852e-005, 0, 0, 0, 0, 0, 0, 0, 0.339372534, -0.111674023, -0.216546509, -0.195020091, 0.694875222, -0.692095206, -0.976928711, -0.0758056641, 0.19909668, 0.0858865587, 0.71504233, 0.693836185, 0, -0, 0, 0, 0, 0, 0, 0.376622217, -0.0579553223, -0.18735752, 0.0378976107, 0.347971806, -0.936620855, -0.261474609, -0.901123047, -0.345458984, -0.964334039, 0.258123902, 0.056949452, 0, 2, 5, 1, 
704.601881, 59, 0.1, 0.1, 0.00290372057, 0.377583266, -0.0199565925, 0.980000232, -1.17838739e-006, 0.198996346, 0.198996346, -5.46944439e-006, -0.980000232, 2.24321936e-006, 1, -5.12556199e-006, 0.980000228, 2.25213654e-005, 0.198996363, 0.198996363, 1.06306e-005, -0.980000228, -2.41863939e-005, 1, 5.93632063e-006, 0, 0, 0, 0, 0, 0, 0, 0.339372534, -0.111674023, -0.216546509, -0.195020091, 0.694875222, -0.692095206, -0.976928711, -0.0758056641, 0.19909668, 0.0858865587, 0.71504233, 0.693836185, 0, -0, 0, 0, 0, 0, 0, 0.376622217, -0.0579553223, -0.18735752, 0.0378976107, 0.347971806, -0.936620855, -0.261474609, -0.901123047, -0.345458984, -0.964334039, 0.258123902, 0.056949452, 0, 2, 5, 1, 
704.602572, 59, 0.1, 0.1, 0.00290372177, 0.377583266, -0.0199551213, 0.98000029, -2.96913042e-006, 0.198996058, 0.198996058, -2.40597998e-005, -0.98000029, 7.69755398e-006, 1, -2.29877655e-005, 0.980000274, 4.0811425e-006, 0.198996139, 0.198996139, 3.4484987e-006, -0.980000274, -4.68575869e-006, 1, 2.56739807e-006, 0, 0, 0, 0, 0, 0, 0, 0.339372534, -0.111674023, -0.216546509, -0.195020091, 0.694875222, -0.692095206, -0.976928711, -0.0758056641, 0.19909668, 0.0858865587, 0.71504233, 0.693836185, 0, -0, 0, 0, 0, 0, 0, 0.376622217, -0.0579553223, -0.18735752, 0.0378976107, 0.347971806, -0.936620855, -0.261474609, -0.901123047, -0.345458984, -0.964334039, 0.258123902, 0.056949452, 0, 2, 5, 1, 
704.603261, 59, 0.1, 0.1, 0.00290372145, 0.377583268, -0.0199580692, 0.980000334, -9.19165803e-006, 0.198995841, 0.198995842, 3.1708034e-005, -0.980000334, 2.69806102e-006, 0.999999999, 3.29029857e-005, 0.980000327, -6.69020595e-006, 0.198995876, 0.198995876, 1.63310922e-005, -0.980000327, 3.30658402e-006, 1, 1.73357991e-005, 0, 0, 0, 0, 0, 0, 0, 0.339372534, -0.111674023, -0.216546509, -0.195020091, 0.694875222, -0.692095206, -0.976928711, -0.0758056641, 0.19909668, 0.0858865587, 0.71504233, 0.693836185, 0, -0, 0, 0, 0, 0, 0, 0.376622217, -0.0579553223, -0.18735752, 0.0378976107, 0.347971806, -0.936620855, -0.261474609, -0.901123047, -0.345458984, -0.964334039, 0.258123902, 0.056949452, 0, 2, 5, 1, 
704.60398, 59, 0.1, 0.1, 0.0029037207, 0.377583266, -0.0199643874, 0.980000392, 1.21140122e-005, 0.198995555, 0.198995555, -6.76432765e-006, -0.980000392, -1.05256656e-005, 1, -9.03967835e-006, 0.980000382, 6.20422103e-007, 0.198995604, 0.198995604, -1.04538707e-005, -0.980000382, 1.47226041e-006, 1, -1.03682585e-005, 0, 0, 0, 0, 0, 0, 0, 0.340941455, -0.114307397, -0.216048633, -0.194830252, 0.695826657, -0.691161745, -0.977050781, -0.0767822266, 0.197998047, 0.0847441638, 0.714026494, 0.695047851, 0, -0, 0, 0, 0, 0, 0, 0.376622217, -0.0579553223, -0.18735752, 0.0373288822, 0.34629114, -0.937298225, -0.259887695, -0.90222168, -0.34375, -0.964762043, 0.256597087, 0.0563872867, 0, 2, 5, 1, 
704.60467, 59, 0.1, 0.1, 0.0029037233, 0.377583267, -0.01997135, 0.980000414, -2.82804955e-005, 0.198995447, 0.198995447, -1.14515016e-006, -0.980000414, 2.79427769e-005, 1, 4.50544221e-006, 0.980000409, -2.70092112e-005, 0.198995473, 0.198995473, -1.00790615e-005, -0.980000409, 2.84747257e-005, 1, -4.50277362e-006, 0, 0, 0, 0, 0, 0, 0, 0.340941455, -0.114307397, -0.216048633, -0.194830252, 0.695826657, -0.691161745, -0.977050781, -0.0767822266, 0.197998047, 0.0847441638, 0.714026494, 0.695047851, 0, -0, 0, 0, 0, 0, 0, 0.377915039, -0.0605542969, -0.186744434, 0.0373288822, 0.34629114, -0.937298225, -0.259887695, -0.90222168, -0.34375, -0.964762043, 0.256597087, 0.0563872867, 0, 2, 5, 1, 
704.605362, 59, 0.1, 0.1, 0.00290372014, 0.377583266, -0.0199773485, 0.980000434, 4.268039e-005, 0.198995344, 0.198995343, 1.525404e-005, -0.980000435, -4.48622838e-005, 0.999999999, 6.45576698e-006, 0.980000434, 3.58596531e-005, 0.198995348, 0.198995348, 1.32214036e-005, -0.980000434, -3.77734735e-005, 0.999999999, 5.82107713e-006, 0, 0, 0, 0, 0, 0, 0, 0.340941455, -0.114307397, -0.216048633, -0.194830252, 0.695826657, -0.691161745, -0.977050781, -0.0767822266, 0.197998047, 0.0847441638, 0.714026494, 0.695047851, 0, -0, 0, 0, 0, 0, 0, 0.377915039, -0.0605542969, -0.186744434, 0.0373288822, 0.34629114, -0.937298225, -0.259887695, -0.90222168, -0.34375, -0.964762043, 0.256597087, 0.0563872867, 0, 2, 5, 1, 
704.606049, 59, 0.1, 0.1, 0.00290371665, 0.377583267, -0.0199807974, 0.980000468, -2.07434944e-005, 0.198995183, 0.198995183, -1.15964633e-005, -0.980000468, 2.26362746e-005, 1, -7.23668396e-006, 0.980000455, 5.09839269e-006, 0.198995245, 0.198995245, -1.38498368e-005, -0.980000455, -2.24037548e-006, 1, -1.45874023e-005, 0, 0, 0, 0, 0, 0, 0, 0.340941455, -0.114307397, -0.216048633, -0.194830252, 0.695826657, -0.691161745, -0.977050781, -0.0767822266, 0.197998047, 0.0847441638, 0.714026494, 0.695047851, 0, -0, 0, 0, 0, 0, 0, 0.377915039, -0.0605542969, -0.186744434, 0.0373288822, 0.34629114, -0.937298225, -0.259887695, -0.90222168, -0.34375, -0.964762043, 0.256597087, 0.0563872867, 0, 2, 5, 1, 
704.606752, 59, 0.1, 0.1, 0.00290372645, 0.377583268, -0.0199808159, 0.980000552, -4.00735983e-005, 0.198994764, 0.198994764, -9.49480095e-006, -0.980000553, 4.11615642e-005, 0.999999999, -1.33047393e-006, 0.980000536, -5.22503856e-005, 0.198994841, 0.198994841, -1.64963835e-006, -0.980000537, 5.15336755e-005, 0.999999999, 8.7809107e-006, 0, 0, 0, 0, 0, 0, 0, 0.340941455, -0.114307397, -0.216048633, -0.194830252, 0.695826657, -0.691161745, -0.977050781, -0.0767822266, 0.197998047, 0.0847441638, 0.714026494, 0.695047851, 0, -0, 0, 0, 0, 0, 0, 0.378961182, -0.0630567383, -0.185734912, 0.0365683897, 0.343172612, -0.938518805, -0.256713867, -0.904296875, -0.340698242, -0.965701173, 0.253568977, 0.0551543143, 0, 2, 5, 1, 
704.607441, 59, 0.1, 0.1, 0.00290372268, 0.377583267, -0.0199776392, 0.980000587, 5.42752636e-005, 0.198994587, 0.198994586, 1.55174027e-005, -0.980000589, -5.62776695e-005, 0.999999998, 4.40658013e-006, 0.980000579, 4.27389989e-005, 0.198994631, 0.19899463, 1.74815478e-005, -0.98000058, -4.53629778e-005, 0.999999999, 8.62709573e-006, 0, 0, 0, 0, 0, 0, 0, 0.340941455, -0.114307397, -0.216048633, -0.194830252, 0.695826657, -0.691161745, -0.977050781, -0.0767822266, 0.197998047, 0.0847441638, 0.714026494, 0.695047851, 0, -0, 0, 0, 0, 0, 0, 0.378961182, -0.0630567383, -0.185734912, 0.0365683897, 0.343172612, -0.938518805, -0.256713867, -0.904296875, -0.340698242, -0.965701173, 0.253568977, 0.0551543143, 0, 2, 5, 1, 
704.60813, 59, 0.1, 0.1, 0.0029037169, 0.377583266, -0.019972497, 0.980000654, -1.66302894e-005, 0.198994268, 0.198994268, 6.54480984e-006, -0.980000654, 1.49953149e-005, 1, 9.7232502e-006, 0.980000644, 1.35690723e-005, 0.198994314, 0.198994314, 9.47758461e-006, -0.980000644, -1.51836851e-005, 1, 6.58787078e-006, 0, 0, 0, 0, 0, 0, 0, 0.340941455, -0.114307397, -0.216048633, -0.194830252, 0.695826657, -0.691161745, -0.977050781, -0.0767822266, 0.197998047, 0.0847441638, 0.714026494, 0.695047851, 0, -0, 0, 0, 0, 0, 0, 0.378961182, -0.0630567383, -0.185734912, 0.0365683897, 0.343172612, -0.938518805, -0.256713867, -0.904296875, -0.340698242, -0.965701173, 0.253568977, 0.0551543143, 0, 2, 5, 1, 
704.608847, 59, 0.1, 0.1, 0.00290372349, 0.377583269, -0.019966548, 0.980000646, -1.02317719e-005, 0.198994304, 0.198994304, 4.42430209e-006, -0.980000646, 9.14673214e-006, 1, 6.37188323e-006, 0.980000651, -2.91827884e-005, 0.198994281, 0.198994281, -1.54127418e-005, -0.980000651, 3.16661991e-005, 0.999999999, -9.29728898e-006, 0, 0, 0, 0, 0, 0, 0, 0.342162622, -0.116347095, -0.214929736, -0.196951413, 0.69522382, -0.691123553, -0.976928711, -0.0805664063, 0.197387695, 0.0814959566, 0.714121974, 0.695288986, 0, -0, 0, 0, 0, 0, 0, 0.378961182, -0.0630567383, -0.185734912, 0.0365683897, 0.343172612, -0.938518805, -0.256713867, -0.904296875, -0.340698242, -0.965701173, 0.253568977, 0.0551543143, 0, 2, 5, 1, 
704.609539, 59, 0.1, 0.1, 0.00290371611, 0.377583268, -0.019962034, 0.980000698, 2.7642662e-005, 0.198994047, 0.198994047, -6.05294099e-006, -0.980000698, -2.58853288e-005, 1, -1.14326116e-005, 0.980000682, 4.65910546e-005, 0.198994124, 0.198994125, -8.81147165e-006, -0.980000683, -4.39058342e-005, 0.999999999, -1.79065944e-005, 0, 0, 0, 0, 0, 0, 0, 0.342162622, -0.116347095, -0.214929736, -0.196951413, 0.69522382, -0.691123553, -0.976928711, -0.0805664063, 0.197387695, 0.0814959566, 0.714121974, 0.695288986, 0, -0, 0, 0, 0, 0, 0, 0.378961182, -0.0630567383, -0.185734912, 0.0365683897, 0.343172612, -0.938518805, -0.256713867, -0.904296875, -0.340698242, -0.965701173, 0.253568977, 0.0551543143, 0, 2, 5, 1, 
704.610231, 59, 0.1, 0.1, 0.00290371848, 0.377583269, -0.0199601004, 0.98000076, 9.30229736e-006, 0.198993742, 0.198993742, -1.65290123e-005, -0.98000076, -5.82708848e-006, 1, -1.80495435e-005, 0.980000755, -1.26643943e-005, 0.198993768, 0.198993768, -1.5438587e-005, -0.980000755, 1.54832986e-005, 1, -1.26096914e-005, 0, 0, 0, 0, 0, 0, 0, 0.342162622, -0.116347095, -0.214929736, -0.196951413, 0.69522382, -0.691123553, -0.976928711, -0.0805664063, 0.197387695, 0.0814959566, 0.714121974, 0.695288986, 0, -0, 0, 0, 0, 0, 0, 0.378961182, -0.0630567383, -0.185734912, 0.0365683897, 0.343172612, -0.938518805, -0.256713867, -0.904296875, -0.340698242, -0.965701173, 0.253568977, 0.0551543143, 0, 2, 5, 1, 
704.610926, 59, 0.1, 0.1, 0.00290371838, 0.377583269, -0.019961108, 0.98000074, 6.8536128e-008, 0.198993842, 0.198993842, -1.02386401e-005, -0.98000074, 1.97026087e-006, 1, -1.00475131e-005, 0.980000749, -1.1659507e-005, 0.198993799, 0.198993799, 5.60146093e-006, -0.980000749, 1.03116696e-005, 1, 7.80960549e-006, 0, 0, 0, 0, 0, 0, 0, 0.342162622, -0.116347095, -0.214929736, -0.196951413, 0.69522382, -0.691123553, -0.976928711, -0.0805664063, 0.197387695, 0.0814959566, 0.714121974, 0.695288986, 0, -0, 0, 0, 0, 0, 0, 0.378961182, -0.0630567383, -0.185734912, 0.0365683897, 0.343172612, -0.938518805, -0.256713867, -0.904296875, -0.340698242, -0.965701173, 0.253568977, 0.0551543143, 0, 2, 5, 1, 
704.611652, 59, 0.1, 0.1, 0.00290371625, 0.377583269, -0.019964314, 0.980000639, -2.28895321e-005, 0.198994337, 0.198994337, 4.08113979e-006, -0.98000064, 2.16196324e-005, 1, 8.55440687e-006, 0.980000665, 1.94567594e-006, 0.198994212, 0.198994212, 1.52801171e-005, -0.980000665, -4.94741858e-006, 1, 1.45873467e-005, 0, 0, 0, 0, 0, 0, 0, 0.344468506, -0.117740137, -0.213164185, -0.199486694, 0.694157809, -0.691548535, -0.976928711, -0.0869140625, 0.194580078, 0.0748527654, 0.714414406, 0.695727072, 0, -0, 0, 0, 0, 0, 0, 0.380931543, -0.064917041, -0.18406958, 0.0364914642, 0.340443441, -0.939452105, -0.250732422, -0.906860352, -0.338378906, -0.967304913, 0.248004193, 0.0523558809, 0, 2, 5, 1, 
704.612338, 59, 0.1, 0.1, 0.00290372027, 0.37758327, -0.0199687647, 0.980000494, 1.1661618e-005, 0.198995054, 0.198995054, 1.23093099e-005, -0.980000494, -1.38778832e-005, 1, 9.74252552e-006, 0.980000518, -1.41858388e-005, 0.198994937, 0.198994937, 2.8860956e-006, -0.980000518, 1.3327811e-005, 1, 5.65128528e-006, 0, 0, 0, 0, 0, 0, 0, 0.344468506, -0.117740137, -0.213164185, -0.199486694, 0.694157809, -0.691548535, -0.976928711, -0.0869140625, 0.194580078, 0.0748527654, 0.714414406, 0.695727072, 0, -0, 0, 0, 0, 0, 0, 0.380931543, -0.064917041, -0.18406958, 0.0364914642, 0.340443441, -0.939452105, -0.250732422, -0.906860352, -0.338378906, -0.967304913, 0.248004193, 0.0523558809, 0, 2, 5, 1, 
704.613029, 59, 0.1, 0.1, 0.00290371538, 0.37758327, -0.0199732775, 0.980000429, 5.68801845e-007, 0.198995375, 0.198995375, 2.41234402e-006, -0.980000429, -1.03747135e-006, 1, 2.25090923e-006, 0.980000437, 2.26955251e-005, 0.198995333, 0.198995333, -5.1357472e-006, -0.980000437, -2.12196348e-005, 1, -9.54933807e-006, 0, 0, 0, 0, 0, 0, 0, 0.344468506, -0.117740137, -0.213164185, -0.199486694, 0.694157809, -0.691548535, -0.976928711, -0.0869140625, 0.194580078, 0.0748527654, 0.714414406, 0.695727072, 0, -0, 0, 0, 0, 0, 0, 0.380931543, -0.064917041, -0.18406958, 0.0364914642, 0.340443441, -0.939452105, -0.250732422, -0.906860352, -0.338378906, -0.967304913, 0.248004193, 0.0523558809, 0, 2, 5, 1, 
704.613722, 59, 0.1, 0.1, 0.00290372397, 0.377583273, -0.0199765211, 0.980000329, -4.32341459e-005, 0.198995864, 0.198995863, -1.89350674e-005, -0.98000033, 4.61374773e-005, 0.999999999, -9.95295607e-006, 0.98000035, -5.02941329e-005, 0.198995755, 0.198995754, -2.38381901e-005, -0.980000352, 5.40319666e-005, 0.999999998, -1.33531158e-005, 0, 0, 0, 0, 0, 0, 0, 0.344468506, -0.117740137, -0.213164185, -0.199486694, 0.694157809, -0.691548535, -0.976928711, -0.0869140625, 0.194580078, 0.0748527654, 0.714414406, 0.695727072, 0, -0, 0, 0, 0, 0, 0, 0.380931543, -0.064917041, -0.18406958, 0.0364914642, 0.340443441, -0.939452105, -0.250732422, -0.906860352, -0.338378906, -0.967304913, 0.248004193, 0.0523558809, 0, 2, 5, 1, 
704.614412, 59, 0.1, 0.1, 0.0029037212, 0.377583273, -0.0199776479, 0.980000247, 5.1118245e-005, 0.198996265, 0.198996265, 7.62880973e-006, -0.980000248, -5.16139974e-005, 0.999999999, -2.69610442e-006, 0.98000026, 3.88060753e-005, 0.198996202, 0.198996202, 9.35112998e-006, -0.980000261, -3.98908032e-005, 0.999999999, 1.44184823e-006, 0, 0, 0, 0, 0, 0, 0, 0.344468506, -0.117740137, -0.213164185, -0.199486694, 0.694157809, -0.691548535, -0.976928711, -0.0869140625, 0.194580078, 0.0748527654, 0.714414406, 0.695727072, 0, -0, 0, 0, 0, 0, 0, 0.380931543, -0.064917041, -0.18406958, 0.0364914642, 0.340443441, -0.939452105, -0.250732422, -0.906860352, -0.338378906, -0.967304913, 0.248004193, 0.0523558809, 0, 2, 5, 1, 
704.615098, 59, 0.1, 0.1, 0.00290371546, 0.377583271, -0.0199765376, 0.980000165, -5.9368394e-006, 0.198996675, 0.198996675, -7.9332402e-006, -0.980000165, 7.39679202e-006, 1, -6.59316541e-006, 0.980000186, 1.73107182e-005, 0.198996572, 0.198996572, 9.12754701e-006, -0.980000186, -1.87808577e-005, 1, 5.50022417e-006, 0, 0, 0, 0, 0, 0, 0, 0.344468506, -0.117740137, -0.213164185, -0.199486694, 0.694157809, -0.691548535, -0.976928711, -0.0869140625, 0.194580078, 0.0748527654, 0.714414406, 0.695727072, 0, -0, 0, 0, 0, 0, 0, 0.380931543, -0.064917041, -0.18406958, 0.0364914642, 0.340443441, -0.939452105, -0.250732422, -0.906860352, -0.338378906, -0.967304913, 0.248004193, 0.0523558809, 0, 2, 5, 1, 
704.615791, 59, 0.1, 0.1, 0.00290372059, 0.377583273, -0.0199735752, 0.980000101, -1.01189785e-005, 0.198996991, 0.198996991, -3.71801592e-006, -0.980000101, 1.06564739e-005, 1, -1.63000971e-006, 0.980000108, -2.72793933e-005, 0.198996952, 0.198996952, -1.19248125e-006, -0.980000109, 2.69711085e-005, 1, 4.25988436e-006, 0, 0, 0, 0, 0, 0, 0, 0.344468506, -0.117740137, -0.213164185, -0.199486694, 0.694157809, -0.691548535, -0.976928711, -0.0869140625, 0.194580078, 0.0748527654, 0.714414406, 0.695727072, 0, -0, 0, 0, 0, 0, 0, 0.380931543, -0.064917041, -0.18406958, 0.0364914642, 0.340443441, -0.939452105, -0.250732422, -0.906860352, -0.338378906, -0.967304913, 0.248004193, 0.0523558809, 0, 2, 5, 1, 
704.616507, 59, 0.1, 0.1, 0.00290371569, 0.377583271, -0.0199693475, 0.980000047, 1.19231435e-005, 0.198997258, 0.198997258, 1.51246208e-005, -0.980000047, -1.46944393e-005, 1, 1.24494562e-005, 0.980000059, 2.72559211e-005, 0.198997195, 0.198997194, 1.61327546e-005, -0.980000059, -2.99211772e-005, 0.999999999, 1.03862486e-005, 0, 0, 0, 0, 0, 0, 0, 0.347075366, -0.118011475, -0.211560962, -0.204732869, 0.693237453, -0.690837113, -0.9765625, -0.0970458984, 0.191894531, 0.065919915, 0.714065808, 0.697097497, 0, -0, 0, 0, 0, 0, 0, 0.382863574, -0.0658868164, -0.182620898, 0.0359672118, 0.338282632, -0.940251243, -0.242797852, -0.909667969, -0.336669922, -0.969323898, 0.240535263, 0.0494488057, 0, 2, 5, 1, 
704.617198, 59, 0.1, 0.1, 0.00290371851, 0.377583273, -0.0199656586, 0.979999942, 7.04909041e-007, 0.198997774, 0.198997774, -2.21488829e-007, -0.979999942, -6.46735035e-007, 1, -3.57334369e-007, 0.979999964, -1.50832403e-005, 0.198997663, 0.198997663, -1.82413218e-005, -0.979999964, 1.84115553e-005, 1, -1.48749651e-005, 0, 0, 0, 0, 0, 0, 0, 0.347075366, -0.118011475, -0.211560962, -0.204732869, 0.693237453, -0.690837113, -0.9765625, -0.0970458984, 0.191894531, 0.065919915, 0.714065808, 0.697097497, 0, -0, 0, 0, 0, 0, 0, 0.382863574, -0.0658868164, -0.182620898, 0.0359672118, 0.338282632, -0.940251243, -0.242797852, -0.909667969, -0.336669922, -0.969323898, 0.240535263, 0.0494488057, 0, 2, 5, 1, 
704.617888, 59, 0.1, 0.1, 0.00290371995, 0.377583269, -0.0199634526, 0.97999978, -3.20614659e-006, 0.198998571, 0.198998571, 1.28263889e-006, -0.97999978, 2.88677965e-006, 1, 1.89500442e-006, 0.979999816, -1.62446796e-005, 0.198998393, 0.198998394, 2.19027752e-005, -0.979999816, 1.15611659e-005, 1, 2.46973808e-005, 0, 0, 0, 0, 0, 0, 0, 0.347075366, -0.118011475, -0.211560962, -0.204732869, 0.693237453, -0.690837113, -0.9765625, -0.0970458984, 0.191894531, 0.065919915, 0.714065808, 0.697097497, 0, -0, 0, 0, 0, 0, 0, 0.382863574, -0.0658868164, -0.182620898, 0.0359672118, 0.338282632, -0.940251243, -0.242797852, -0.909667969, -0.336669922, -0.969323898, 0.240535263, 0.0494488057, 0, 2, 5, 1, 
704.618575, 59, 0.1, 0.1, 0.00290371608, 0.377583277, -0.019963296, 0.979999619, -9.05493857e-006, 0.198999365, 0.198999365, -3.76843302e-005, -0.979999618, 1.63729941e-005, 0.999999999, -3.51287022e-005, 0.979999646, 1.80364134e-005, 0.198999231, 0.198999232, -5.01230153e-005, -0.979999644, -7.70123723e-006, 0.999999999, -5.27097696e-005, 0, 0, 0, 0, 0, 0, 0, 0.347075366, -0.118011475, -0.211560962, -0.204732869, 0.693237453, -0.690837113, -0.9765625, -0.0970458984, 0.191894531, 0.065919915, 0.714065808, 0.697097497, 0, -0, 0, 0, 0, 0, 0, 0.382863574, -0.0658868164, -0.182620898, 0.0359672118, 0.338282632, -0.940251243, -0.242797852, -0.909667969, -0.336669922, -0.969323898, 0.240535263, 0.0494488057, 0, 2, 5, 1, 
704.619264, 59, 0.1, 0.1, 0.00290372035, 0.377583269, -0.0199651172, 0.979999593, -2.57991172e-006, 0.198999492, 0.198999492, 7.02345222e-005, -0.97999959, -1.14483218e-005, 0.999999998, 6.93432043e-005, 0.979999588, -1.18933563e-005, 0.198999515, 0.198999515, 6.85886388e-005, -0.979999586, -1.99362154e-006, 0.999999998, 6.95836099e-005, 0, 0, 0, 0, 0, 0, 0, 0.347075366, -0.118011475, -0.211560962, -0.204732869, 0.693237453, -0.690837113, -0.9765625, -0.0970458984, 0.191894531, 0.065919915, 0.714065808, 0.697097497, 0, -0, 0, 0, 0, 0, 0, 0.382863574, -0.0658868164, -0.182620898, 0.0359672118, 0.338282632, -0.940251243, -0.242797852, -0.909667969, -0.336669922, -0.969323898, 0.240535263, 0.0494488057, 0, 2, 5, 1, 
704.619955, 59, 0.1, 0.1, 0.00290371934, 0.37758327, -0.0199682522, 0.979999609, 2.17156494e-005, 0.19899941, 0.198999411, -6.43182332e-005, -0.979999607, -8.48203738e-006, 0.999999998, -6.73532449e-005, 0.979999608, 1.60980247e-005, 0.19899942, 0.19899942, -3.63429852e-005, -0.979999607, -8.54382489e-006, 0.999999999, -3.88196088e-005, 0, 0, 0, 0, 0, 0, 0, 0.347075366, -0.118011475, -0.211560962, -0.204732869, 0.693237453, -0.690837113, -0.9765625, -0.0970458984, 0.191894531, 0.065919915, 0.714065808, 0.697097497, 0, -0, 0, 0, 0, 0, 0, 0.382863574, -0.0658868164, -0.182620898, 0.0359672118, 0.338282632, -0.940251243, -0.242797852, -0.909667969, -0.336669922, -0.969323898, 0.240535263, 0.0494488057, 0, 2, 5, 1, 
704.620661, 59, 0.1, 0.1, 0.00290371601, 0.377583284, -0.019971781, 0.979999627, 6.72660014e-006, 0.198999323, 0.198999323, -4.19184499e-005, -0.979999626, 1.74967753e-006, 0.999999999, -4.24186542e-005, 0.979999629, 2.1322399e-005, 0.198999313, 0.198999314, -6.65596618e-005, -0.979999627, -7.65061607e-006, 0.999999998, -6.94715867e-005, 0, 0, 0, 0, 0, 0, 0, 0.347075366, -0.118011475, -0.211560962, -0.209367971, 0.694905179, -0.687871981, -0.975830078, -0.104736328, 0.191162109, 0.0608452222, 0.711329827, 0.700212032, 0, -0, 0, 0, 0, 0, 0, 0.382863574, -0.0658868164, -0.182620898, 0.0359672118, 0.338282632, -0.940251243, -0.242797852, -0.909667969, -0.336669922, -0.969323898, 0.240535263, 0.0494488057, 0, 2, 5, 1, 
704.621365, 59, 0.1, 0.1, 0.00290371806, 0.377583274, -0.0199742893, 0.979999647, -3.05550474e-005, 0.198999224, 0.198999226, 8.64493813e-005, -0.979999643, 1.27405757e-005, 0.999999996, 9.08007939e-005, 0.979999651, -1.50262399e-005, 0.198999206, 0.198999207, 8.06302544e-005, -0.979999648, -1.3196468e-006, 0.999999997, 8.2007831e-005, 0, 0, 0, 0, 0, 0, 0, 0.349278711, -0.118381055, -0.211176709, -0.209367971, 0.694905179, -0.687871981, -0.975830078, -0.104736328, 0.191162109, 0.0608452222, 0.711329827, 0.700212032, 0, -0, 0, 0, 0, 0, 0, 0.384459814, -0.0670933594, -0.182159277, 0.0335326166, 0.338773702, -0.940180881, -0.237548828, -0.911010742, -0.336669922, -0.970684469, 0.234695226, 0.0499471719, 0, 2, 5, 1, 
704.622053, 59, 0.1, 0.1, 0.00290372118, 0.377583264, -0.0199753779, 0.979999613, 1.34829308e-005, 0.198999394, 0.198999394, 2.956818e-006, -0.979999613, -1.3801672e-005, 1, 2.14585432e-007, 0.979999615, -4.04036048e-007, 0.198999382, 0.198999381, 3.4396057e-005, -0.979999615, -6.44883889e-006, 0.999999999, 3.37885255e-005, 0, 0, 0, 0, 0, 0, 0, 0.349278711, -0.118381055, -0.211176709, -0.209367971, 0.694905179, -0.687871981, -0.975830078, -0.104736328, 0.191162109, 0.0608452222, 0.711329827, 0.700212032, 0, -0, 0, 0, 0, 0, 0, 0.384459814, -0.0670933594, -0.182159277, 0.0335326166, 0.338773702, -0.940180881, -0.237548828, -0.911010742, -0.336669922, -0.970684469, 0.234695226, 0.0499471719, 0, 2, 5, 1, 
704.622746, 59, 0.1, 0.1, 0.00290371903, 0.37758328, -0.0199748496, 0.979999685, 4.01142605e-006, 0.19899904, 0.19899904, -0.000100222077, -0.97999968, 1.60129009e-005, 0.999999995, -9.90158737e-005, 0.979999667, 3.63273256e-006, 0.198999127, 0.198999126, -0.000100716551, -0.979999662, 1.64824291e-005, 0.999999995, -9.94250974e-005, 0, 0, 0, 0, 0, 0, 0, 0.349278711, -0.118381055, -0.211176709, -0.209367971, 0.694905179, -0.687871981, -0.975830078, -0.104736328, 0.191162109, 0.0608452222, 0.711329827, 0.700212032, 0, -0, 0, 0, 0, 0, 0, 0.384459814, -0.0670933594, -0.182159277, 0.0335326166, 0.338773702, -0.940180881, -0.237548828, -0.911010742, -0.336669922, -0.970684469, 0.234695226, 0.0499471719, 0, 2, 5, 1, 
704.623467, 59, 0.1, 0.1, 0.00290371675, 0.377583286, -0.0199727087, 0.979999733, -7.49358107e-006, 0.198998802, 0.198998802, 4.1020929e-005, -0.979999732, -8.19408283e-007, 0.999999999, 4.16917131e-005, 0.979999736, 1.1426683e-005, 0.198998787, 0.198998787, 1.98341862e-006, -0.979999736, -1.15928443e-005, 1, -3.30146338e-007, 0, 0, 0, 0, 0, 0, 0, 0.35084895, -0.118999023, -0.210606445, -0.213279669, 0.696046452, -0.685605165, -0.975341797, -0.111694336, 0.190063477, 0.0556559534, 0.709171597, 0.70281921, 0, -0, 0, 0, 0, 0, 0, 0.385616162, -0.0683199219, -0.181709375, 0.0312321829, 0.339047488, -0.9402064, -0.231933594, -0.912475586, -0.336791992, -0.972153681, 0.228586867, 0.0501899751, 0, 2, 5, 1, 
704.624157, 59, 0.1, 0.1, 0.00290372395, 0.37758327, -0.0199698683, 0.979999686, -1.98776021e-005, 0.198999031, 0.198999032, 8.07193164e-005, -0.979999683, 3.41697804e-006, 0.999999997, 8.30605283e-005, 0.979999693, -3.86768067e-005, 0.198998995, 0.198998998, 9.13957489e-005, -0.979999689, 1.97155963e-005, 0.999999995, 9.72644517e-005, 0, 0, 0, 0, 0, 0, 0, 0.35084895, -0.118999023, -0.210606445, -0.213279669, 0.696046452, -0.685605165, -0.975341797, -0.111694336, 0.190063477, 0.0556559534, 0.709171597, 0.70281921, 0, -0, 0, 0, 0, 0, 0, 0.385616162, -0.0683199219, -0.181709375, 0.0312321829, 0.339047488, -0.9402064, -0.231933594, -0.912475586, -0.336791992, -0.972153681, 0.228586867, 0.0501899751, 0, 2, 5, 1, 
704.624864, 59, 0.1, 0.1, 0.00290371762, 0.377583271, -0.0199670611, 0.97999974, 2.87708123e-005, 0.198998767, 0.198998769, -6.64900315e-005, -0.979999738, -1.49639542e-005, 0.999999997, -7.08855698e-005, 0.979999714, 4.21662075e-005, 0.198998894, 0.198998895, -4.52947551e-005, -0.979999713, -3.23092651e-005, 0.999999998, -5.27798757e-005, 0, 0, 0, 0, 0, 0, 0, 0.35084895, -0.118999023, -0.210606445, -0.213279669, 0.696046452, -0.685605165, -0.975341797, -0.111694336, 0.190063477, 0.0556559534, 0.709171597, 0.70281921, 0, -0, 0, 0, 0, 0, 0, 0.385616162, -0.0683199219, -0.181709375, 0.0312321829, 0.339047488, -0.9402064, -0.231933594, -0.912475586, -0.336791992, -0.972153681, 0.228586867, 0.0501899751, 0, 2, 5, 1, 
704.625563, 59, 0.1, 0.1, 0.00290371999, 0.37758328, -0.0199652924, 0.979999933, -1.03033047e-005, 0.198997816, 0.198997816, 1.39016054e-005, -0.979999933, 7.3308488e-006, 1, 1.56739075e-005, 0.979999886, -2.0193778e-005, 0.198998047, 0.198998046, -2.86781183e-005, -0.979999886, 2.54967897e-005, 0.999999999, -2.40860303e-005, 0, 0, 0, 0, 0, 0, 0, 0.35084895, -0.118999023, -0.210606445, -0.213279669, 0.696046452, -0.685605165, -0.975341797, -0.111694336, 0.190063477, 0.0556559534, 0.709171597, 0.70281921, 0, -0, 0, 0, 0, 0, 0, 0.385616162, -0.0683199219, -0.181709375, 0.0312321829, 0.339047488, -0.9402064, -0.231933594, -0.912475586, -0.336791992, -0.972153681, 0.228586867, 0.0501899751, 0, 2, 5, 1, 
704.626255, 59, 0.1, 0.1, 0.00290371605, 0.377583271, -0.0199649124, 0.980000198, 1.18977477e-005, 0.198996511, 0.19899651, 2.32459333e-005, -0.980000198, -1.62856547e-005, 1, 2.0413409e-005, 0.980000146, 2.40848012e-005, 0.198996767, 0.198996766, 4.90117833e-005, -0.980000145, -3.33562951e-005, 0.999999999, 4.32387572e-005, 0, 0, 0, 0, 0, 0, 0, 0.35084895, -0.118999023, -0.210606445, -0.213279669, 0.696046452, -0.685605165, -0.975341797, -0.111694336, 0.190063477, 0.0556559534, 0.709171597, 0.70281921, 0, -0, 0, 0, 0, 0, 0, 0.385616162, -0.0683199219, -0.181709375, 0.0312321829, 0.339047488, -0.9402064, -0.231933594, -0.912475586, -0.336791992, -0.972153681, 0.228586867, 0.0501899751, 0, 2, 5, 1, 
704.626946, 59, 0.1, 0.1, 0.00290371893, 0.377583278, -0.0199659743, 0.980000437, -4.27498035e-006, 0.198995333, 0.198995333, -2.74824192e-005, -0.980000437, 9.65835577e-006, 1, -2.60820817e-005, 0.980000394, -1.70256488e-005, 0.198995547, 0.198995546, -4.43485081e-005, -0.980000393, 2.55102982e-005, 0.999999999, -4.00735271e-005, 0, 0, 0, 0, 0, 0, 0, 0.35084895, -0.118999023, -0.210606445, -0.213279669, 0.696046452, -0.685605165, -0.975341797, -0.111694336, 0.190063477, 0.0556559534, 0.709171597, 0.70281921, 0, -0, 0, 0, 0, 0, 0, 0.385616162, -0.0683199219, -0.181709375, 0.0312321829, 0.339047488, -0.9402064, -0.231933594, -0.912475586, -0.336791992, -0.972153681, 0.228586867, 0.0501899751, 0, 2, 5, 1, 
704.627643, 59, 0.1, 0.1, 0.0029037158, 0.377583269, -0.0199680739, 0.980000588, 2.5353169e-007, 0.198994592, 0.198994592, 6.24399895e-005, -0.980000586, -1.26736815e-005, 0.999999998, 6.1140775e-005, 0.980000566, 1.49946731e-005, 0.198994698, 0.198994696, 6.773525e-005, -0.980000564, -2.81737437e-005, 0.999999998, 6.3396723e-005, 0, 0, 0, 0, 0, 0, 0, 0.35084895, -0.118999023, -0.210606445, -0.213279669, 0.696046452, -0.685605165, -0.975341797, -0.111694336, 0.190063477, 0.0556559534, 0.709171597, 0.70281921, 0, -0, 0, 0, 0, 0, 0, 0.385616162, -0.0683199219, -0.181709375, 0.0312321829, 0.339047488, -0.9402064, -0.231933594, -0.912475586, -0.336791992, -0.972153681, 0.228586867, 0.0501899751, 0, 2, 5, 1, 
704.628362, 59, 0.1, 0.1, 0.00290371987, 0.37758327, -0.0199703704, 0.980000611, -7.04967696e-008, 0.198994478, 0.198994478, -4.16328683e-005, -0.98000061, 8.35379777e-006, 0.999999999, -4.07862079e-005, 0.980000618, -1.68762433e-005, 0.198994442, 0.198994441, -3.51250287e-005, -0.980000618, 2.35284143e-005, 0.999999999, -3.10642712e-005, 0, 0, 0, 0, 0, 0, 0, 0.352036304, -0.120299658, -0.209837964, -0.216016771, 0.696902407, -0.683795532, -0.974975586, -0.116943359, 0.188842773, 0.0516401582, 0.707552924, 0.704880839, 0, -0, 0, 0, 0, 0, 0, 0.386530957, -0.0688655273, -0.181019629, 0.0287017057, 0.339787558, -0.939989117, -0.225341797, -0.91394043, -0.337280273, -0.973769815, 0.221545574, 0.050458298, 0, 2, 5, 1, 
704.629051, 59, 0.1, 0.1, 0.00290371502, 0.37758327, -0.0199722022, 0.980000511, 7.58005328e-006, 0.198994969, 0.198994968, 3.34517386e-005, -0.980000511, -1.40851838e-005, 0.999999999, 3.12743284e-005, 0.98000054, 2.43245204e-005, 0.198994829, 0.198994828, 1.99117137e-005, -0.98000054, -2.78003712e-005, 1, 1.46730364e-005, 0, 0, 0, 0, 0, 0, 0, 0.352036304, -0.120299658, -0.209837964, -0.216016771, 0.696902407, -0.683795532, -0.974975586, -0.116943359, 0.188842773, 0.0516401582, 0.707552924, 0.704880839, 0, -0, 0, 0, 0, 0, 0, 0.386530957, -0.0688655273, -0.181019629, 0.0287017057, 0.339787558, -0.939989117, -0.225341797, -0.91394043, -0.337280273, -0.973769815, 0.221545574, 0.050458298, 0, 2, 5, 1, 
704.629746, 59, 0.1, 0.1, 0.00290371882, 0.377583268, -0.019973225, 0.980000321, -2.49910451e-006, 0.198995905, 0.198995905, -2.17123276e-005, -0.980000321, 6.76978749e-006, 1, -2.07807764e-005, 0.980000363, -2.07076199e-005, 0.198995701, 0.198995701, 1.83749649e-006, -0.980000363, 1.99278211e-005, 1, 5.92147456e-006, 0, 0, 0, 0, 0, 0, 0, 0.352036304, -0.120299658, -0.209837964, -0.216016771, 0.696902407, -0.683795532, -0.974975586, -0.116943359, 0.188842773, 0.0516401582, 0.707552924, 0.704880839, 0, -0, 0, 0, 0, 0, 0, 0.386530957, -0.0688655273, -0.181019629, 0.0287017057, 0.339787558, -0.939989117, -0.225341797, -0.91394043, -0.337280273, -0.973769815, 0.221545574, 0.050458298, 0, 2, 5, 1, 
704.630445, 59, 0.1, 0.1, 0.00290371335, 0.377583274, -0.0199731346, 0.980000081, 1.36858154e-005, 0.198997086, 0.198997086, -1.05030987e-005, -0.980000081, -1.13220141e-005, 1, -1.3016475e-005, 0.980000128, 3.03457754e-005, 0.198996853, 0.198996854, -2.70364656e-005, -0.980000128, -2.43586922e-005, 0.999999999, -3.25344536e-005, 0, 0, 0, 0, 0, 0, 0, 0.352036304, -0.120299658, -0.209837964, -0.216016771, 0.696902407, -0.683795532, -0.974975586, -0.116943359, 0.188842773, 0.0516401582, 0.707552924, 0.704880839, 0, -0, 0, 0, 0, 0, 0, 0.386530957, -0.0688655273, -0.181019629, 0.0287017057, 0.339787558, -0.939989117, -0.225341797, -0.91394043, -0.337280273, -0.973769815, 0.221545574, 0.050458298, 0, 2, 5, 1, 
704.631145, 59, 0.1, 0.1, 0.00290371784, 0.377583269, -0.0199719977, 0.979999863, -1.10381564e-005, 0.198998164, 0.198998164, 2.55150253e-005, -0.979999862, 5.73994856e-006, 1, 2.72012941e-005, 0.979999903, -2.71473973e-005, 0.198997961, 0.198997962, 3.40798322e-005, -0.979999903, 1.98226297e-005, 0.999999999, 3.8800509e-005, 0, 0, 0, 0, 0, 0, 0, 0.352036304, -0.120299658, -0.209837964, -0.216016771, 0.696902407, -0.683795532, -0.974975586, -0.116943359, 0.188842773, 0.0516401582, 0.707552924, 0.704880839, 0, -0, 0, 0, 0, 0, 0, 0.386530957, -0.0688655273, -0.181019629, 0.0287017057, 0.339787558, -0.939989117, -0.225341797, -0.91394043, -0.337280273, -0.973769815, 0.221545574, 0.050458298, 0, 2, 5, 1, 
704.631837, 59, 0.1, 0.1, 0.00290371286, 0.377583273, -0.0199702625, 0.979999726, 1.43080623e-005, 0.198998835, 0.198998835, -4.02441672e-005, -0.979999726, -6.0133547e-006, 0.999999999, -4.22865606e-005, 0.979999745, 3.04297645e-005, 0.198998739, 0.19899874, -4.0274225e-005, -0.979999745, -2.18066414e-005, 0.999999999, -4.55242151e-005, 0, 0, 0, 0, 0, 0, 0, 0.352036304, -0.120299658, -0.209837964, -0.216016771, 0.696902407, -0.683795532, -0.974975586, -0.116943359, 0.188842773, 0.0516401582, 0.707552924, 0.704880839, 0, -0, 0, 0, 0, 0, 0, 0.386530957, -0.0688655273, -0.181019629, 0.0287017057, 0.339787558, -0.939989117, -0.225341797, -0.91394043, -0.337280273, -0.973769815, 0.221545574, 0.050458298, 0, 2, 5, 1, 
704.632537, 59, 0.1, 0.1, 0.00290371856, 0.377583271, -0.0199684545, 0.979999709, -2.20497243e-005, 0.198998921, 0.198998921, 5.00300514e-005, -0.979999708, 1.16527971e-005, 0.999999999, 5.34173071e-005, 0.9799997, -3.67777871e-005, 0.19899896, 0.198998961, 3.82837731e-005, -0.9799997, 2.84237893e-005, 0.999999999, 4.48368276e-005, 0, 0, 0, 0, 0, 0, 0, 0.352036304, -0.120299658, -0.209837964, -0.216016771, 0.696902407, -0.683795532, -0.974975586, -0.116943359, 0.188842773, 0.0516401582, 0.707552924, 0.704880839, 0, -0, 0, 0, 0, 0, 0, 0.386530957, -0.0688655273, -0.181019629, 0.0287017057, 0.339787558, -0.939989117, -0.225341797, -0.91394043, -0.337280273, -0.973769815, 0.221545574, 0.050458298, 0, 2, 5, 1, 
704.633264, 59, 0.1, 0.1, 0.00290371411, 0.377583269, -0.0199667566, 0.979999829, 1.7794869e-005, 0.198998328, 0.198998329, -4.13020266e-005, -0.979999828, -9.2199343e-006, 0.999999999, -4.40171282e-005, 0.979999794, 3.10376737e-005, 0.198998498, 0.198998498, -1.727392e-005, -0.979999795, -2.69794298e-005, 0.999999999, -2.31048885e-005, 0, 0, 0, 0, 0, 0, 0, 0.352857959, -0.120929834, -0.209915698, -0.221590204, 0.697802545, -0.681084639, -0.973876953, -0.123657227, 0.190063477, 0.0484443693, 0.705432885, 0.707170499, 0, -0, 0, 0, 0, 0, 0, 0.387587695, -0.0691864258, -0.180977637, 0.0249444528, 0.340700068, -0.93975251, -0.21875, -0.915405273, -0.337646484, -0.975392145, 0.214031435, 0.0517105934, 0, 2, 5, 1, 
704.633961, 59, 0.1, 0.1, 0.00290371839, 0.377583275, -0.0199659973, 0.980000058, -1.76715408e-005, 0.198997201, 0.198997202, 1.84186693e-005, -0.980000058, 1.36528473e-005, 1, 2.15668842e-005, 0.980000007, -2.86462708e-005, 0.198997449, 0.198997449, -1.80496264e-005, -0.980000008, 3.16651752e-005, 0.999999999, -1.19880992e-005, 0, 0, 0, 0, 0, 0, 0, 0.352857959, -0.120929834, -0.209915698, -0.221590204, 0.697802545, -0.681084639, -0.973876953, -0.123657227, 0.190063477, 0.0484443693, 0.705432885, 0.707170499, 0, -0, 0, 0, 0, 0, 0, 0.387587695, -0.0691864258, -0.180977637, 0.0249444528, 0.340700068, -0.93975251, -0.21875, -0.915405273, -0.337646484, -0.975392145, 0.214031435, 0.0517105934, 0, 2, 5, 1, 
704.634655, 59, 0.1, 0.1, 0.00290371511, 0.377583267, -0.0199663503, 0.98000035, 1.20489491e-005, 0.198995765, 0.198995765, 1.22185732e-005, -0.98000035, -1.42394187e-005, 1, 9.57651621e-006, 0.980000291, 2.22992349e-005, 0.198996051, 0.19899605, 3.94085863e-005, -0.980000291, -2.96954097e-005, 0.999999999, 3.41829665e-005, 0, 0, 0, 0, 0, 0, 0, 0.352857959, -0.120929834, -0.209915698, -0.221590204, 0.697802545, -0.681084639, -0.973876953, -0.123657227, 0.190063477, 0.0484443693, 0.705432885, 0.707170499, 0, -0, 0, 0, 0, 0, 0, 0.387587695, -0.0691864258, -0.180977637, 0.0249444528, 0.340700068, -0.93975251, -0.21875, -0.915405273, -0.337646484, -0.975392145, 0.214031435, 0.0517105934, 0, 2, 5, 1, 
