time, trialNum, realDorsalTactorPos, realVentralTactorPos, boxPosX, boxPosY, boxPosZ, boxLocalRot_11, boxLocalRot_12, boxLocalRot_13, boxLocalRot_21, boxLocalRot_22, boxLocalRot_23, boxLocalRot_31, boxLocalRot_32, boxLocalRot_33, boxGlobalRot_11, boxGlobalRot_12, boxGlobalRot_13, boxGlobalRot_21, boxGlobalRot_22, boxGlobalRot_23, boxGlobalRot_31, boxGlobalRot_32, boxGlobalRot_33, indexForceX, indexForceY, indexForceZ, indexForceGlobalX, indexForceGlobalY, indexForceGlobalZ, indexContact, indexPosX, indexPosY, indexPosZ, indexRot_11, indexRot_12, indexRot_13, indexRot_21, indexRot_22, indexRot_23, indexRot_31, indexRot_32, indexRot_33, thumbForceX, thumbForceY, thumbForceZ, thumbForceGlobalX, thumbForceGlobalY, thumbForceGlobalZ, thumbContact, thumbPosX, thumbPosY, thumbPosZ, thumbRot_11, thumbRot_12, thumbRot_13, thumbRot_21, thumbRot_22, thumbRot_23, thumbRot_31, thumbRot_32, thumbRot_33, manipForceTooHigh, cceExpType, mapping, trialSuccess, 
860.167369, 57, 0.1, 0.1, -0.0142392648, 0.376309869, -0.0199752852, 0.953177582, -1.82168587e-005, 0.30241114, 0.30241114, -1.86389262e-006, -0.953177582, 1.79275632e-005, 1, 3.73236033e-006, 0.953177735, 8.40490337e-006, 0.302410658, 0.302410658, 2.9367158e-005, -0.953177734, -1.68923083e-005, 1, 2.54503888e-005, 0, 0, 0, 0, 0, 0, 0, 0.316630005, -0.16945188, -0.144451416, -0.487595315, 0.581793049, -0.650897401, -0.856933594, -0.176513672, 0.484130859, 0.166831663, 0.793883611, 0.584853381, 0, 0, -0, 0, 0, 0, 0, 0.3576396, -0.124106885, -0.111145703, -0.20246734, 0.271505741, -0.940820479, 0.804199219, -0.502075195, -0.317871094, -0.558770502, -0.820965892, -0.116804653, 0, 2, 5, 1, 
860.206966, 57, 0.1, 0.1, -0.0142392509, 0.37630984, -0.0199682075, 0.953139406, 2.40374575e-005, 0.302531441, 0.302531441, 1.51074958e-005, -0.953139406, -2.74815404e-005, 1, 7.1274629e-006, 0.953139414, 1.06688498e-005, 0.302531415, 0.302531415, 5.92012746e-006, -0.953139414, -1.19599258e-005, 1, 2.41504459e-006, 0, 0, 0, 0, 0, 0, 0, 0.317910986, -0.16994292, -0.146459131, -0.488089185, 0.581024339, -0.651180476, -0.858642578, -0.186523438, 0.477294922, 0.155910203, 0.792151483, 0.590089076, 0, 0, -0, 0, 0, 0, 0, 0.358607568, -0.123554834, -0.11245918, -0.198842416, 0.272200969, -0.941364787, 0.814208984, -0.488647461, -0.313232422, -0.54537878, -0.828748354, -0.12447191, 0, 2, 5, 1, 
860.207655, 57, 0.1, 0.1, -0.0142392524, 0.376309839, -0.019967424, 0.953139427, -2.95835232e-005, 0.302531372, 0.302531373, -3.31361302e-006, -0.953139428, 2.91996942e-005, 1, 5.79160866e-006, 0.95313941, -1.1541e-005, 0.302531427, 0.302531427, -1.42158722e-005, -0.95313941, 1.53009301e-005, 1, -1.00581929e-005, 0, 0, 0, 0, 0, 0, 0, 0.317910986, -0.16994292, -0.146459131, -0.488089185, 0.581024339, -0.651180476, -0.858642578, -0.186523438, 0.477294922, 0.155910203, 0.792151483, 0.590089076, 0, 0, -0, 0, 0, 0, 0, 0.358607568, -0.123554834, -0.11245918, -0.198842416, 0.272200969, -0.941364787, 0.814208984, -0.488647461, -0.313232422, -0.54537878, -0.828748354, -0.12447191, 0, 2, 5, 1, 
860.208349, 57, 0.1, 0.1, -0.0142392523, 0.376309837, -0.0199673876, 0.953139496, 3.48567217e-005, 0.302531157, 0.302531157, 6.90730952e-006, -0.953139496, -3.53129945e-005, 0.999999999, -3.96161482e-006, 0.953139493, 2.21221337e-005, 0.302531166, 0.302531166, -3.90156643e-006, -0.953139493, -1.99051338e-005, 1, -1.04113719e-005, 0, 0, 0, 0, 0, 0, 0, 0.317910986, -0.16994292, -0.146459131, -0.488089185, 0.581024339, -0.651180476, -0.858642578, -0.186523438, 0.477294922, 0.155910203, 0.792151483, 0.590089076, 0, 0, -0, 0, 0, 0, 0, 0.358607568, -0.123554834, -0.11245918, -0.198842416, 0.272200969, -0.941364787, 0.814208984, -0.488647461, -0.313232422, -0.54537878, -0.828748354, -0.12447191, 0, 2, 5, 1, 
860.209043, 57, 0.1, 0.1, -0.0142392541, 0.376309834, -0.0199680772, 0.953139452, -2.27878423e-005, 0.302531294, 0.302531294, -1.30235866e-005, -0.953139453, 2.5660034e-005, 1, -5.5192588e-006, 0.953139462, -9.68012153e-006, 0.302531263, 0.302531263, -4.60531345e-006, -0.953139462, 1.06197571e-005, 1, -1.4609666e-006, 0, 0, 0, 0, 0, 0, 0, 0.317910986, -0.16994292, -0.146459131, -0.488089185, 0.581024339, -0.651180476, -0.858642578, -0.186523438, 0.477294922, 0.155910203, 0.792151483, 0.590089076, 0, 0, -0, 0, 0, 0, 0, 0.358607568, -0.123554834, -0.11245918, -0.198842416, 0.272200969, -0.941364787, 0.814208984, -0.488647461, -0.313232422, -0.54537878, -0.828748354, -0.12447191, 0, 2, 5, 1, 
860.209736, 57, 0.1, 0.1, -0.0142392536, 0.376309832, -0.0199692096, 0.95313942, 2.70248778e-005, 0.302531395, 0.302531395, 1.10187054e-005, -0.95313942, -2.90919807e-005, 1, 2.3264885e-006, 0.953139428, 1.54488856e-005, 0.30253137, 0.30253137, 2.03218772e-006, -0.953139429, -1.53397425e-005, 1, -2.73681427e-006, 0, 0, 0, 0, 0, 0, 0, 0.317910986, -0.16994292, -0.146459131, -0.488089185, 0.581024339, -0.651180476, -0.858642578, -0.186523438, 0.477294922, 0.155910203, 0.792151483, 0.590089076, 0, 0, -0, 0, 0, 0, 0, 0.358607568, -0.123554834, -0.11245918, -0.198842416, 0.272200969, -0.941364787, 0.814208984, -0.488647461, -0.313232422, -0.54537878, -0.828748354, -0.12447191, 0, 2, 5, 1, 
860.210437, 57, 0.1, 0.1, -0.0142392548, 0.37630983, -0.0199703885, 0.953139391, -2.74469016e-005, 0.302531486, 0.302531486, -8.72221963e-006, -0.953139392, 2.87994692e-005, 1, -9.93918923e-009, 0.953139399, -1.52390249e-005, 0.302531463, 0.302531463, -7.22222282e-007, -0.953139399, 1.474341e-005, 1, 3.92190599e-006, 0, 0, 0, 0, 0, 0, 0, 0.317910986, -0.16994292, -0.146459131, -0.488089185, 0.581024339, -0.651180476, -0.858642578, -0.186523438, 0.477294922, 0.155910203, 0.792151483, 0.590089076, 0, 0, -0, 0, 0, 0, 0, 0.358607568, -0.123554834, -0.11245918, -0.198842416, 0.272200969, -0.941364787, 0.814208984, -0.488647461, -0.313232422, -0.54537878, -0.828748354, -0.12447191, 0, 2, 5, 1, 
860.21116, 57, 0.1, 0.1, -0.014239254, 0.37630983, -0.0199710552, 0.953139353, 2.72313176e-005, 0.302531608, 0.302531608, -1.71808477e-006, -0.953139353, -2.54354655e-005, 1, -9.87590851e-006, 0.953139369, 1.67370429e-005, 0.302531558, 0.302531558, -1.17160305e-005, -0.953139369, -1.24082655e-005, 1, -1.62304936e-005, 0, 0, 0, 0, 0, 0, 0, 0.318290698, -0.169271729, -0.146849585, -0.489207614, 0.581112706, -0.650214815, -0.858642578, -0.190429688, 0.475830078, 0.152750362, 0.791148752, 0.592284377, 0, 0, -0, 0, 0, 0, 0, 0.358848389, -0.123112256, -0.112687793, -0.199340416, 0.27259689, -0.941141307, 0.815673828, -0.486083984, -0.313476562, -0.542976267, -0.830179654, -0.125430363, 0, 2, 5, 1, 
860.211851, 57, 0.1, 0.1, -0.0142392546, 0.376309828, -0.0199711988, 0.953139226, -2.56360381e-005, 0.302532006, 0.302532006, -1.67645924e-005, -0.953139227, 2.95065393e-005, 1, -8.22326862e-006, 0.953139252, -1.38066619e-005, 0.302531926, 0.302531926, -9.71312494e-006, -0.953139252, 1.60982018e-005, 1, -5.08100464e-006, 0, 0, 0, 0, 0, 0, 0, 0.318290698, -0.169271729, -0.146849585, -0.489207614, 0.581112706, -0.650214815, -0.858642578, -0.190429688, 0.475830078, 0.152750362, 0.791148752, 0.592284377, 0, 0, -0, 0, 0, 0, 0, 0.358848389, -0.123112256, -0.112687793, -0.199340416, 0.27259689, -0.941141307, 0.815673828, -0.486083984, -0.313476562, -0.542976267, -0.830179654, -0.125430363, 0, 2, 5, 1, 
860.212537, 57, 0.1, 0.1, -0.014239253, 0.376309826, -0.019970969, 0.953139165, 2.34644799e-005, 0.302532201, 0.302532201, 4.88951751e-006, -0.953139165, -2.38441513e-005, 1, -2.43837011e-006, 0.953139164, 6.9695778e-006, 0.302532203, 0.302532202, 1.37085074e-005, -0.953139164, -1.07902425e-005, 1, 1.09575935e-005, 0, 0, 0, 0, 0, 0, 0, 0.318290698, -0.169271729, -0.146849585, -0.489207614, 0.581112706, -0.650214815, -0.858642578, -0.190429688, 0.475830078, 0.152750362, 0.791148752, 0.592284377, 0, 0, -0, 0, 0, 0, 0, 0.358848389, -0.123112256, -0.112687793, -0.199340416, 0.27259689, -0.941141307, 0.815673828, -0.486083984, -0.313476562, -0.542976267, -0.830179654, -0.125430363, 0, 2, 5, 1, 
860.213225, 57, 0.1, 0.1, -0.0142392533, 0.376309824, -0.0199705015, 0.953139152, -3.08796866e-005, 0.302532239, 0.30253224, -9.05392551e-007, -0.953139153, 2.97065488e-005, 1, 8.47913567e-006, 0.953139163, -2.02822375e-005, 0.302532205, 0.302532205, 8.36241475e-006, -0.953139163, 1.68018951e-005, 1, 1.4106575e-005, 0, 0, 0, 0, 0, 0, 0, 0.318290698, -0.169271729, -0.146849585, -0.489207614, 0.581112706, -0.650214815, -0.858642578, -0.190429688, 0.475830078, 0.152750362, 0.791148752, 0.592284377, 0, 0, -0, 0, 0, 0, 0, 0.358848389, -0.123112256, -0.112687793, -0.199340416, 0.27259689, -0.941141307, 0.815673828, -0.486083984, -0.313476562, -0.542976267, -0.830179654, -0.125430363, 0, 2, 5, 1, 
860.213918, 57, 0.1, 0.1, -0.0142392527, 0.376309823, -0.0199699025, 0.953139049, 2.54285823e-005, 0.302532565, 0.302532564, 2.01221592e-005, -0.953139049, -3.03245832e-005, 0.999999999, 1.14862415e-005, 0.953139071, 1.26543272e-005, 0.302532497, 0.302532497, 1.17915915e-005, -0.953139071, -1.56286733e-005, 1, 7.41068132e-006, 0, 0, 0, 0, 0, 0, 0, 0.318290698, -0.169271729, -0.146849585, -0.489207614, 0.581112706, -0.650214815, -0.858642578, -0.190429688, 0.475830078, 0.152750362, 0.791148752, 0.592284377, 0, 0, -0, 0, 0, 0, 0, 0.358848389, -0.123112256, -0.112687793, -0.199340416, 0.27259689, -0.941141307, 0.815673828, -0.486083984, -0.313476562, -0.542976267, -0.830179654, -0.125430363, 0, 2, 5, 1, 
860.214603, 57, 0.1, 0.1, -0.0142392546, 0.376309821, -0.019969355, 0.95313901, -2.61392202e-005, 0.302532688, 0.302532688, -3.57019972e-007, -0.95313901, 2.50223206e-005, 1, 7.56767889e-006, 0.953139005, -8.86855628e-006, 0.302532705, 0.302532705, -9.64257173e-006, -0.953139005, 1.13701602e-005, 1, -6.5076829e-006, 0, 0, 0, 0, 0, 0, 0, 0.318290698, -0.169271729, -0.146849585, -0.489207614, 0.581112706, -0.650214815, -0.858642578, -0.190429688, 0.475830078, 0.152750362, 0.791148752, 0.592284377, 0, 0, -0, 0, 0, 0, 0, 0.358848389, -0.123112256, -0.112687793, -0.199340416, 0.27259689, -0.941141307, 0.815673828, -0.486083984, -0.313476562, -0.542976267, -0.830179654, -0.125430363, 0, 2, 5, 1, 
860.215345, 57, 0.1, 0.1, -0.0142392548, 0.37630982, -0.0199684323, 0.95313902, 3.58815125e-005, 0.302532655, 0.302532655, 4.0476918e-006, -0.953139021, -3.54246286e-005, 0.999999999, -6.99731623e-006, 0.953139028, 2.44467971e-005, 0.30253263, 0.30253263, -5.60057025e-006, -0.953139028, -2.16068412e-005, 1, -1.27340759e-005, 0, 0, 0, 0, 0, 0, 0, 0.318290698, -0.169271729, -0.146849585, -0.489207614, 0.581112706, -0.650214815, -0.858642578, -0.190429688, 0.475830078, 0.152750362, 0.791148752, 0.592284377, 0, 0, -0, 0, 0, 0, 0, 0.358848389, -0.123112256, -0.112687793, -0.199340416, 0.27259689, -0.941141307, 0.815673828, -0.486083984, -0.313476562, -0.542976267, -0.830179654, -0.125430363, 0, 2, 5, 1, 
860.216067, 57, 0.1, 0.1, -0.0142392565, 0.376309817, -0.0199675565, 0.953138922, -2.60789745e-005, 0.302532964, 0.302532963, -1.85864661e-005, -0.953138923, 3.04799043e-005, 0.999999999, -9.82573489e-006, 0.953138942, -1.2450851e-005, 0.302532902, 0.302532902, -9.34830684e-006, -0.953138942, 1.46955613e-005, 1, -5.14344322e-006, 0, 0, 0, 0, 0, 0, 0, 0.318388818, -0.168595776, -0.147417871, -0.491493526, 0.581302544, -0.64836699, -0.857788086, -0.194946289, 0.475463867, 0.150022617, 0.790006357, 0.594587141, 0, 0, -0, 0, 0, 0, 0, 0.358764648, -0.122386621, -0.113776172, -0.201282475, 0.273829862, -0.940432221, 0.81652832, -0.483276367, -0.315429687, -0.540848274, -0.831400233, -0.126337776, 0, 2, 5, 1, 
860.216755, 57, 0.1, 0.1, -0.0142392549, 0.376309815, -0.019967442, 0.953138892, 2.74504426e-005, 0.302533059, 0.30253306, 5.96339047e-007, -0.953138892, -2.63444967e-005, 1, -7.73627243e-006, 0.953138885, 9.34563819e-006, 0.302533083, 0.302533083, 1.12677959e-005, -0.953138885, -1.23165722e-005, 1, 7.91240964e-006, 0, 0, 0, 0, 0, 0, 0, 0.318388818, -0.168595776, -0.147417871, -0.491493526, 0.581302544, -0.64836699, -0.857788086, -0.194946289, 0.475463867, 0.150022617, 0.790006357, 0.594587141, 0, 0, -0, 0, 0, 0, 0, 0.358764648, -0.122386621, -0.113776172, -0.201282475, 0.273829862, -0.940432221, 0.81652832, -0.483276367, -0.315429687, -0.540848274, -0.831400233, -0.126337776, 0, 2, 5, 1, 
860.217448, 57, 0.1, 0.1, -0.0142392552, 0.376309814, -0.0199680283, 0.953138913, -3.52693523e-005, 0.302532991, 0.302532991, -8.26626751e-006, -0.953138914, 3.61174108e-005, 0.999999999, 2.79124141e-006, 0.953138919, -2.29179318e-005, 0.302532973, 0.302532973, 2.04104461e-006, -0.95313892, 2.12264894e-005, 1, 8.87882909e-006, 0, 0, 0, 0, 0, 0, 0, 0.318388818, -0.168595776, -0.147417871, -0.491493526, 0.581302544, -0.64836699, -0.857788086, -0.194946289, 0.475463867, 0.150022617, 0.790006357, 0.594587141, 0, 0, -0, 0, 0, 0, 0, 0.358764648, -0.122386621, -0.113776172, -0.201282475, 0.273829862, -0.940432221, 0.81652832, -0.483276367, -0.315429687, -0.540848274, -0.831400233, -0.126337776, 0, 2, 5, 1, 
860.218153, 57, 0.1, 0.1, -0.0142392539, 0.376309815, -0.0199690764, 0.95313883, 2.26316765e-005, 0.302533254, 0.302533254, 1.31247288e-005, -0.95313883, -2.55417965e-005, 1, 5.66285394e-006, 0.953138848, 9.43615258e-006, 0.302533199, 0.302533199, 4.57460967e-006, -0.953138848, -1.03779349e-005, 1, 1.50548876e-006, 0, 0, 0, 0, 0, 0, 0, 0.318388818, -0.168595776, -0.147417871, -0.491493526, 0.581302544, -0.64836699, -0.857788086, -0.194946289, 0.475463867, 0.150022617, 0.790006357, 0.594587141, 0, 0, -0, 0, 0, 0, 0, 0.358764648, -0.122386621, -0.113776172, -0.201282475, 0.273829862, -0.940432221, 0.81652832, -0.483276367, -0.315429687, -0.540848274, -0.831400233, -0.126337776, 0, 2, 5, 1, 
860.218856, 57, 0.1, 0.1, -0.0142392551, 0.376309813, -0.0199700426, 0.953138764, -2.47158801e-005, 0.302533463, 0.302533463, -9.81588448e-006, -0.953138764, 2.6527297e-005, 1, -1.8785192e-006, 0.953138778, -1.36061708e-005, 0.302533418, 0.302533418, -1.25440561e-006, -0.953138778, 1.33480687e-005, 1, 2.92069874e-006, 0, 0, 0, 0, 0, 0, 0, 0.318388818, -0.168595776, -0.147417871, -0.491493526, 0.581302544, -0.64836699, -0.857788086, -0.194946289, 0.475463867, 0.150022617, 0.790006357, 0.594587141, 0, 0, -0, 0, 0, 0, 0, 0.358735352, -0.121927197, -0.114429541, -0.202164002, 0.274283386, -0.940004217, 0.817260742, -0.481567383, -0.31628418, -0.539468014, -0.832211765, -0.126906505, 0, 2, 5, 1, 
860.219543, 57, 0.1, 0.1, -0.0142392547, 0.376309812, -0.0199709221, 0.953138707, 2.78474232e-005, 0.302533642, 0.302533642, 9.72195185e-006, -0.953138707, -2.94836745e-005, 1, 8.41586226e-007, 0.95313872, 1.60703693e-005, 0.302533603, 0.302533603, 1.89732025e-006, -0.95313872, -1.58912944e-005, 1, -3.05341734e-006, 0, 0, 0, 0, 0, 0, 0, 0.318388818, -0.168595776, -0.147417871, -0.491493526, 0.581302544, -0.64836699, -0.857788086, -0.194946289, 0.475463867, 0.150022617, 0.790006357, 0.594587141, 0, 0, -0, 0, 0, 0, 0, 0.358735352, -0.121927197, -0.114429541, -0.202164002, 0.274283386, -0.940004217, 0.817260742, -0.481567383, -0.31628418, -0.539468014, -0.832211765, -0.126906505, 0, 2, 5, 1, 
860.220236, 57, 0.1, 0.1, -0.0142392561, 0.376309808, -0.0199714767, 0.953138642, -2.52903528e-005, 0.302533846, 0.302533846, 1.94715136e-006, -0.953138643, 2.35161334e-005, 1, 9.50709291e-006, 0.953138664, -1.42769821e-005, 0.302533779, 0.302533779, 1.16474483e-005, -0.953138664, 1.00841971e-005, 1, 1.54209027e-005, 0, 0, 0, 0, 0, 0, 0, 0.318388818, -0.168595776, -0.147417871, -0.491493526, 0.581302544, -0.64836699, -0.857788086, -0.194946289, 0.475463867, 0.150022617, 0.790006357, 0.594587141, 0, 0, -0, 0, 0, 0, 0, 0.358735352, -0.121927197, -0.114429541, -0.202164002, 0.274283386, -0.940004217, 0.817260742, -0.481567383, -0.31628418, -0.539468014, -0.832211765, -0.126906505, 0, 2, 5, 1, 
860.220944, 57, 0.1, 0.1, -0.014239256, 0.376309807, -0.01997138, 0.95313849, 2.50735822e-005, 0.302534326, 0.302534326, 1.78935595e-005, -0.95313849, -2.93120122e-005, 1, 9.46942097e-006, 0.953138521, 1.3418214e-005, 0.302534229, 0.302534229, 1.04198649e-005, -0.953138521, -1.59417824e-005, 1, 5.87210564e-006, 0, 0, 0, 0, 0, 0, 0, 0.318972729, -0.167944971, -0.14804707, -0.493017841, 0.580965929, -0.647655568, -0.857421875, -0.198242188, 0.474853516, 0.14742143, 0.789441712, 0.595957566, 0, 0, -0, 0, 0, 0, 0, 0.358735352, -0.121927197, -0.114429541, -0.202164002, 0.274283386, -0.940004217, 0.817260742, -0.481567383, -0.31628418, -0.539468014, -0.832211765, -0.126906505, 0, 2, 5, 1, 
860.221636, 57, 0.1, 0.1, -0.0142392575, 0.376309807, -0.0199707446, 0.953138408, -2.71096389e-005, 0.302534585, 0.302534585, -3.38289779e-006, -0.953138408, 2.68626816e-005, 1, 4.97723353e-006, 0.953138411, -1.00356935e-005, 0.302534576, 0.302534576, -1.23842123e-005, -0.953138411, 1.33120574e-005, 1, -8.76772419e-006, 0, 0, 0, 0, 0, 0, 0, 0.318972729, -0.167944971, -0.14804707, -0.493017841, 0.580965929, -0.647655568, -0.857421875, -0.198242188, 0.474853516, 0.14742143, 0.789441712, 0.595957566, 0, 0, -0, 0, 0, 0, 0, 0.358735352, -0.121927197, -0.114429541, -0.202164002, 0.274283386, -0.940004217, 0.817260742, -0.481567383, -0.31628418, -0.539468014, -0.832211765, -0.126906505, 0, 2, 5, 1, 
860.222327, 57, 0.1, 0.1, -0.0142392572, 0.376309806, -0.0199699191, 0.953138377, 2.97333126e-005, 0.302534681, 0.302534681, 2.18275622e-006, -0.953138378, -2.90003208e-005, 1, -6.91488951e-006, 0.953138392, 1.85053742e-005, 0.302534634, 0.302534634, -7.1076975e-006, -0.953138392, -1.5487858e-005, 1, -1.2373136e-005, 0, 0, 0, 0, 0, 0, 0, 0.318972729, -0.167944971, -0.14804707, -0.493017841, 0.580965929, -0.647655568, -0.857421875, -0.198242188, 0.474853516, 0.14742143, 0.789441712, 0.595957566, 0, 0, -0, 0, 0, 0, 0, 0.358735352, -0.121927197, -0.114429541, -0.202164002, 0.274283386, -0.940004217, 0.817260742, -0.481567383, -0.31628418, -0.539468014, -0.832211765, -0.126906505, 0, 2, 5, 1, 
860.223043, 57, 0.1, 0.1, -0.0142392577, 0.376309804, -0.0199690119, 0.953138252, -2.86047636e-005, 0.302535076, 0.302535075, -2.29012944e-005, -0.953138252, 3.41927392e-005, 0.999999999, -1.31741554e-005, 0.953138279, -1.49770176e-005, 0.302534991, 0.302534991, -1.35410319e-005, -0.953138279, 1.83718048e-005, 1, -8.37540399e-006, 0, 0, 0, 0, 0, 0, 0, 0.318745581, -0.167716235, -0.148252124, -0.493005858, 0.581111584, -0.647363136, -0.857666016, -0.199829102, 0.473754883, 0.145936429, 0.788800683, 0.597023577, 0, 0, -0, 0, 0, 0, 0, 0.358735352, -0.121927197, -0.114429541, -0.202508884, 0.275196996, -0.939793496, 0.817871094, -0.480224609, -0.316772461, -0.538522321, -0.832729454, -0.127743556, 0, 2, 5, 1, 
860.223728, 57, 0.1, 0.1, -0.0142392561, 0.376309804, -0.0199682646, 0.953138198, 2.79380609e-005, 0.302535245, 0.302535245, -1.72501523e-006, -0.953138199, -2.61069551e-005, 1, -1.0096426e-005, 0.953138195, 9.6313375e-006, 0.302535255, 0.302535255, 7.8191475e-006, -0.953138195, -1.15455634e-005, 1, 4.538909e-006, 0, 0, 0, 0, 0, 0, 0, 0.318745581, -0.167716235, -0.148252124, -0.493005858, 0.581111584, -0.647363136, -0.857666016, -0.199829102, 0.473754883, 0.145936429, 0.788800683, 0.597023577, 0, 0, -0, 0, 0, 0, 0, 0.35850918, -0.121431152, -0.11510293, -0.202508884, 0.275196996, -0.939793496, 0.817871094, -0.480224609, -0.316772461, -0.538522321, -0.832729454, -0.127743556, 0, 2, 5, 1, 
860.224417, 57, 0.1, 0.1, -0.0142392569, 0.376309803, -0.019968067, 0.953138195, -3.10517606e-005, 0.302535255, 0.302535255, -7.08816613e-006, -0.953138195, 3.17410392e-005, 0.999999999, 2.63825044e-006, 0.953138205, -1.92380863e-005, 0.302535223, 0.302535223, 2.53418277e-006, -0.953138206, 1.75698755e-005, 1, 8.23562515e-006, 0, 0, 0, 0, 0, 0, 0, 0.318745581, -0.167716235, -0.148252124, -0.493005858, 0.581111584, -0.647363136, -0.857666016, -0.199829102, 0.473754883, 0.145936429, 0.788800683, 0.597023577, 0, 0, -0, 0, 0, 0, 0, 0.35850918, -0.121431152, -0.11510293, -0.202508884, 0.275196996, -0.939793496, 0.817871094, -0.480224609, -0.316772461, -0.538522321, -0.832729454, -0.127743556, 0, 2, 5, 1, 
860.225104, 57, 0.1, 0.1, -0.0142392564, 0.376309803, -0.0199684719, 0.953138095, 2.6012139e-005, 0.30253557, 0.30253557, 1.67860157e-005, -0.953138095, -2.98715275e-005, 1, 8.12979372e-006, 0.953138116, 1.3412019e-005, 0.302535506, 0.302535506, 7.68119371e-006, -0.953138116, -1.51073403e-005, 1, 3.26362656e-006, 0, 0, 0, 0, 0, 0, 0, 0.318745581, -0.167716235, -0.148252124, -0.493005858, 0.581111584, -0.647363136, -0.857666016, -0.199829102, 0.473754883, 0.145936429, 0.788800683, 0.597023577, 0, 0, -0, 0, 0, 0, 0, 0.35850918, -0.121431152, -0.11510293, -0.202508884, 0.275196996, -0.939793496, 0.817871094, -0.480224609, -0.316772461, -0.538522321, -0.832729454, -0.127743556, 0, 2, 5, 1, 
860.22579, 57, 0.1, 0.1, -0.0142392583, 0.376309802, -0.019969309, 0.953138055, -2.6170083e-005, 0.302535695, 0.302535695, -6.01354501e-007, -0.953138056, 2.51256332e-005, 1, 7.34421037e-006, 0.953138051, -8.77403407e-006, 0.302535711, 0.302535711, -1.07313307e-005, -0.953138051, 1.16094765e-005, 1, -7.57398098e-006, 0, 0, 0, 0, 0, 0, 0, 0.318745581, -0.167716235, -0.148252124, -0.493005858, 0.581111584, -0.647363136, -0.857666016, -0.199829102, 0.473754883, 0.145936429, 0.788800683, 0.597023577, 0, 0, -0, 0, 0, 0, 0, 0.35850918, -0.121431152, -0.11510293, -0.202508884, 0.275196996, -0.939793496, 0.817871094, -0.480224609, -0.316772461, -0.538522321, -0.832729454, -0.127743556, 0, 2, 5, 1, 
860.22648, 57, 0.1, 0.1, -0.0142392579, 0.3763098, -0.0199702953, 0.953138066, 3.02592559e-005, 0.30253566, 0.30253566, 8.63856197e-006, -0.953138067, -3.14547217e-005, 1, -9.20761689e-007, 0.953138074, 1.88612833e-005, 0.302535638, 0.302535638, -1.05953929e-006, -0.953138074, -1.76568589e-005, 1, -6.71609763e-006, 0, 0, 0, 0, 0, 0, 0, 0.318745581, -0.167716235, -0.148252124, -0.493005858, 0.581111584, -0.647363136, -0.857666016, -0.199829102, 0.473754883, 0.145936429, 0.788800683, 0.597023577, 0, 0, -0, 0, 0, 0, 0, 0.35850918, -0.121431152, -0.11510293, -0.202508884, 0.275196996, -0.939793496, 0.817871094, -0.480224609, -0.316772461, -0.538522321, -0.832729454, -0.127743556, 0, 2, 5, 1, 
860.227178, 57, 0.1, 0.1, -0.0142392595, 0.376309797, -0.0199710592, 0.953137969, -1.59659371e-005, 0.302535968, 0.302535968, -2.60594398e-005, -0.953137969, 2.31016587e-005, 1, -2.00079713e-005, 0.953138, -9.61446865e-006, 0.302535872, 0.302535872, -1.55541315e-006, -0.953138, 9.63448369e-006, 1, 1.42619828e-006, 0, 0, 0, 0, 0, 0, 0, 0.318745581, -0.167716235, -0.148252124, -0.493005858, 0.581111584, -0.647363136, -0.857666016, -0.199829102, 0.473754883, 0.145936429, 0.788800683, 0.597023577, 0, 0, -0, 0, 0, 0, 0, 0.35850918, -0.121431152, -0.11510293, -0.202508884, 0.275196996, -0.939793496, 0.817871094, -0.480224609, -0.316772461, -0.538522321, -0.832729454, -0.127743556, 0, 2, 5, 1, 
860.227893, 57, 0.1, 0.1, -0.0142392603, 0.376309799, -0.0199713052, 0.953137781, 2.08474135e-005, 0.30253656, 0.30253656, 2.68937036e-005, -0.953137781, -2.8006786e-005, 0.999999999, 1.93263002e-005, 0.953137831, 1.69449708e-005, 0.302536402, 0.302536402, -2.79514771e-006, -0.953137831, -1.53052588e-005, 1, -7.79063153e-006, 0, 0, 0, 0, 0, 0, 0, 0.319170703, -0.16735459, -0.148101392, -0.493242123, 0.579398553, -0.648765762, -0.858032227, -0.201538086, 0.472290039, 0.142884051, 0.78968996, 0.596751364, 0, 0, -0, 0, 0, 0, 0, 0.35850918, -0.121431152, -0.11510293, -0.20024673, 0.273829495, -0.94068815, 0.819580078, -0.479125977, -0.313964844, -0.536688904, -0.833732383, -0.128574044, 0, 2, 5, 1, 
860.228575, 57, 0.1, 0.1, -0.0142392596, 0.376309793, -0.0199709596, 0.953137516, -2.62220338e-005, 0.302537394, 0.302537394, -1.19644755e-005, -0.953137517, 2.86129054e-005, 1, -3.47064468e-006, 0.953137579, -2.04119126e-005, 0.302537198, 0.302537198, 1.39203158e-005, -0.953137579, 1.52439476e-005, 1, 1.9443339e-005, 0, 0, 0, 0, 0, 0, 0, 0.319170703, -0.16735459, -0.148101392, -0.493242123, 0.579398553, -0.648765762, -0.858032227, -0.201538086, 0.472290039, 0.142884051, 0.78968996, 0.596751364, 0, 0, -0, 0, 0, 0, 0, 0.358920654, -0.121319482, -0.114509863, -0.20024673, 0.273829495, -0.94068815, 0.819580078, -0.479125977, -0.313964844, -0.536688904, -0.833732383, -0.128574044, 0, 2, 5, 1, 
860.229265, 57, 0.1, 0.1, -0.014239259, 0.376309794, -0.019970362, 0.953137175, 1.8440038e-005, 0.302538468, 0.302538467, 2.71310043e-005, -0.953137175, -2.57840581e-005, 0.999999999, 2.02807479e-005, 0.953137251, 1.26299795e-005, 0.302538229, 0.302538229, 1.89380165e-006, -0.953137251, -1.26110513e-005, 1, -2.01599872e-006, 0, 0, 0, 0, 0, 0, 0, 0.319170703, -0.16735459, -0.148101392, -0.493242123, 0.579398553, -0.648765762, -0.858032227, -0.201538086, 0.472290039, 0.142884051, 0.78968996, 0.596751364, 0, 0, -0, 0, 0, 0, 0, 0.358920654, -0.121319482, -0.114509863, -0.20024673, 0.273829495, -0.94068815, 0.819580078, -0.479125977, -0.313964844, -0.536688904, -0.833732383, -0.128574044, 0, 2, 5, 1, 
860.229954, 57, 0.1, 0.1, -0.0142392588, 0.376309789, -0.0199696908, 0.953136778, -2.13910541e-005, 0.302539719, 0.302539719, -2.32321108e-005, -0.953136778, 2.74172367e-005, 1, -1.56717358e-005, 0.953136865, -1.71596805e-005, 0.302539446, 0.302539446, 5.06999198e-006, -0.953136865, 1.48216515e-005, 1, 1.00238765e-005, 0, 0, 0, 0, 0, 0, 0, 0.319170703, -0.16735459, -0.148101392, -0.493242123, 0.579398553, -0.648765762, -0.858032227, -0.201538086, 0.472290039, 0.142884051, 0.78968996, 0.596751364, 0, 0, -0, 0, 0, 0, 0, 0.358920654, -0.121319482, -0.114509863, -0.20024673, 0.273829495, -0.94068815, 0.819580078, -0.479125977, -0.313964844, -0.536688904, -0.833732383, -0.128574044, 0, 2, 5, 1, 
860.230642, 57, 0.1, 0.1, -0.0142392597, 0.376309792, -0.0199691137, 0.95313632, 2.66354854e-005, 0.302541162, 0.302541162, 1.70213693e-005, -0.95313632, -3.05369134e-005, 1, 8.16535462e-006, 0.953136417, 2.11206459e-005, 0.302540856, 0.302540857, -9.448704e-006, -0.953136417, -1.72722378e-005, 1, -1.53957622e-005, 0, 0, 0, 0, 0, 0, 0, 0.319170703, -0.16735459, -0.148101392, -0.493242123, 0.579398553, -0.648765762, -0.858032227, -0.201538086, 0.472290039, 0.142884051, 0.78968996, 0.596751364, 0, 0, -0, 0, 0, 0, 0, 0.358920654, -0.121319482, -0.114509863, -0.20024673, 0.273829495, -0.94068815, 0.819580078, -0.479125977, -0.313964844, -0.536688904, -0.833732383, -0.128574044, 0, 2, 5, 1, 
860.231332, 57, 0.1, 0.1, -0.0142392601, 0.376309788, -0.0199688353, 0.953135805, -2.34109372e-005, 0.302542786, 0.302542785, -2.76711551e-005, -0.953135805, 3.06855108e-005, 0.999999999, -1.92915585e-005, 0.953135915, -1.67907116e-005, 0.30254244, 0.30254244, -3.57853159e-007, -0.953135915, 1.6112096e-005, 1, 4.73882016e-006, 0, 0, 0, 0, 0, 0, 0, 0.319170703, -0.16735459, -0.148101392, -0.493242123, 0.579398553, -0.648765762, -0.858032227, -0.201538086, 0.472290039, 0.142884051, 0.78968996, 0.596751364, 0, 0, -0, 0, 0, 0, 0, 0.358920654, -0.121319482, -0.114509863, -0.20024673, 0.273829495, -0.94068815, 0.819580078, -0.479125977, -0.313964844, -0.536688904, -0.833732383, -0.128574044, 0, 2, 5, 1, 
860.232022, 57, 0.1, 0.1, -0.01423926, 0.376309791, -0.0199688866, 0.953135245, 2.01047002e-005, 0.30254455, 0.30254455, 1.87278466e-005, -0.953135245, -2.48285063e-005, 1, 1.17676032e-005, 0.953135363, 1.48064756e-005, 0.302544178, 0.302544178, -9.78402086e-006, -0.953135363, -1.1152477e-005, 1, -1.38051093e-005, 0, 0, 0, 0, 0, 0, 0, 0.319170703, -0.16735459, -0.148101392, -0.493242123, 0.579398553, -0.648765762, -0.858032227, -0.201538086, 0.472290039, 0.142884051, 0.78968996, 0.596751364, 0, 0, -0, 0, 0, 0, 0, 0.358920654, -0.121319482, -0.114509863, -0.20024673, 0.273829495, -0.94068815, 0.819580078, -0.479125977, -0.313964844, -0.536688904, -0.833732383, -0.128574044, 0, 2, 5, 1, 
860.232737, 57, 0.1, 0.1, -0.014239259, 0.376309787, -0.0199691153, 0.953134614, -2.91513508e-005, 0.302546538, 0.302546537, -2.39027689e-005, -0.953134614, 3.50168615e-005, 0.999999999, -1.39629162e-005, 0.953134755, -2.28583435e-005, 0.302546093, 0.302546093, 5.24640834e-006, -0.953134755, 2.01998013e-005, 1, 1.19162367e-005, 0, 0, 0, 0, 0, 0, 0, 0.319390771, -0.167188354, -0.148155591, -0.493185957, 0.578250167, -0.649806686, -0.858398437, -0.202636719, 0.471191406, 0.140897684, 0.790242622, 0.596421862, 0, 0, -0, 0, 0, 0, 0, 0.358920654, -0.121319482, -0.114509863, -0.198368103, 0.272896562, -0.941256879, 0.820556641, -0.478881836, -0.311767578, -0.535877739, -0.834198666, -0.129002048, 0, 2, 5, 1, 
860.233429, 57, 0.1, 0.1, -0.0142392582, 0.376309789, -0.0199693293, 0.953133964, 1.84892623e-005, 0.302548584, 0.302548583, 2.39035161e-005, -0.953133964, -2.48547188e-005, 1, 1.71893529e-005, 0.9531341, 1.2422723e-005, 0.302548157, 0.302548157, -4.35201923e-006, -0.9531341, -1.05238255e-005, 1, -7.90652987e-006, 0, 0, 0, 0, 0, 0, 0, 0.319390771, -0.167188354, -0.148155591, -0.493185957, 0.578250167, -0.649806686, -0.858398437, -0.202636719, 0.471191406, 0.140897684, 0.790242622, 0.596421862, 0, 0, -0, 0, 0, 0, 0, 0.359062012, -0.121391016, -0.11411001, -0.198368103, 0.272896562, -0.941256879, 0.820556641, -0.478881836, -0.311767578, -0.535877739, -0.834198666, -0.129002048, 0, 2, 5, 1, 
860.234129, 57, 0.1, 0.1, -0.0142392579, 0.376309784, -0.0199696568, 0.95313328, -2.27617772e-005, 0.302550738, 0.302550738, -1.89856258e-005, -0.953133281, 2.74391224e-005, 1, -1.12092393e-005, 0.953133421, -1.84373442e-005, 0.302550296, 0.302550296, 8.02757595e-006, -0.953133421, 1.51445034e-005, 1, 1.32295749e-005, 0, 0, 0, 0, 0, 0, 0, 0.319390771, -0.167188354, -0.148155591, -0.493185957, 0.578250167, -0.649806686, -0.858398437, -0.202636719, 0.471191406, 0.140897684, 0.790242622, 0.596421862, 0, 0, -0, 0, 0, 0, 0, 0.359062012, -0.121391016, -0.11411001, -0.198368103, 0.272896562, -0.941256879, 0.820556641, -0.478881836, -0.311767578, -0.535877739, -0.834198666, -0.129002048, 0, 2, 5, 1, 
860.234815, 57, 0.1, 0.1, -0.0142392587, 0.376309786, -0.0199699529, 0.95313258, 2.77051789e-005, 0.302552944, 0.302552943, 2.31416557e-005, -0.953132581, -3.34082847e-005, 0.999999999, 1.36747826e-005, 0.953132725, 2.12506335e-005, 0.302552489, 0.30255249, -3.32574815e-006, -0.953132725, -1.92484608e-005, 1, -9.59931146e-006, 0, 0, 0, 0, 0, 0, 0, 0.319390771, -0.167188354, -0.148155591, -0.493185957, 0.578250167, -0.649806686, -0.858398437, -0.202636719, 0.471191406, 0.140897684, 0.790242622, 0.596421862, 0, 0, -0, 0, 0, 0, 0, 0.359062012, -0.121391016, -0.11411001, -0.198368103, 0.272896562, -0.941256879, 0.820556641, -0.478881836, -0.311767578, -0.535877739, -0.834198666, -0.129002048, 0, 2, 5, 1, 
860.23553, 57, 0.1, 0.1, -0.0142392603, 0.376309781, -0.0199699689, 0.953131829, -1.49914067e-005, 0.302555312, 0.302555312, -1.83834938e-005, -0.953131829, 1.98508106e-005, 1, -1.29861634e-005, 0.953131977, -9.82815546e-006, 0.302554845, 0.302554845, 8.68717553e-006, -0.953131977, 6.7391822e-006, 1, 1.12535808e-005, 0, 0, 0, 0, 0, 0, 0, 0.318925244, -0.16767561, -0.148182568, -0.493591843, 0.577400203, -0.650257876, -0.858032227, -0.201782227, 0.472167969, 0.141456338, 0.791118795, 0.595133812, 0, 0, -0, 0, 0, 0, 0, 0.35913501, -0.121697266, -0.113919727, -0.197262729, 0.271682546, -0.941927686, 0.820922852, -0.479370117, -0.310180664, -0.535884302, -0.834326264, -0.128458839, 0, 2, 5, 1, 
860.236225, 57, 0.1, 0.1, -0.0142392619, 0.376309782, -0.0199699058, 0.953131081, 2.7971113e-005, 0.302557667, 0.302557666, 2.39576167e-005, -0.953131081, -3.39086978e-005, 0.999999999, 1.43718744e-005, 0.953131233, 2.32633278e-005, 0.302557187, 0.302557187, -2.60551357e-006, -0.953131234, -2.13846875e-005, 1, -9.5218834e-006, 0, 0, 0, 0, 0, 0, 0, 0.318925244, -0.16767561, -0.148182568, -0.493591843, 0.577400203, -0.650257876, -0.858032227, -0.201782227, 0.472167969, 0.141456338, 0.791118795, 0.595133812, 0, 0, -0, 0, 0, 0, 0, 0.35913501, -0.121697266, -0.113919727, -0.197262729, 0.271682546, -0.941927686, 0.820922852, -0.479370117, -0.310180664, -0.535884302, -0.834326264, -0.128458839, 0, 2, 5, 1, 
860.236912, 57, 0.1, 0.1, -0.0142392624, 0.376309778, -0.0199698475, 0.953130324, -2.19855499e-005, 0.302560053, 0.302560053, -2.05372591e-005, -0.953130324, 2.71688485e-005, 1, -1.29227353e-005, 0.95313048, -1.55603775e-005, 0.30255956, 0.302559561, 6.59799051e-006, -0.95313048, 1.2834785e-005, 1, 1.09966868e-005, 0, 0, 0, 0, 0, 0, 0, 0.318925244, -0.16767561, -0.148182568, -0.493591843, 0.577400203, -0.650257876, -0.858032227, -0.201782227, 0.472167969, 0.141456338, 0.791118795, 0.595133812, 0, 0, -0, 0, 0, 0, 0, 0.35913501, -0.121697266, -0.113919727, -0.197262729, 0.271682546, -0.941927686, 0.820922852, -0.479370117, -0.310180664, -0.535884302, -0.834326264, -0.128458839, 0, 2, 5, 1, 
860.237599, 57, 0.1, 0.1, -0.0142392623, 0.37630978, -0.019969832, 0.953129552, 1.95787175e-005, 0.302562484, 0.302562484, 2.04732134e-005, -0.953129552, -2.48554805e-005, 1, 1.35898394e-005, 0.953129708, 1.4754895e-005, 0.302561993, 0.302561993, -5.72480742e-006, -0.953129708, -1.23312196e-005, 1, -9.92075447e-006, 0, 0, 0, 0, 0, 0, 0, 0.318925244, -0.16767561, -0.148182568, -0.493591843, 0.577400203, -0.650257876, -0.858032227, -0.201782227, 0.472167969, 0.141456338, 0.791118795, 0.595133812, 0, 0, -0, 0, 0, 0, 0, 0.35913501, -0.121697266, -0.113919727, -0.197262729, 0.271682546, -0.941927686, 0.820922852, -0.479370117, -0.310180664, -0.535884302, -0.834326264, -0.128458839, 0, 2, 5, 1, 
860.238281, 57, 0.1, 0.1, -0.0142392618, 0.376309776, -0.0199698975, 0.953128776, -2.46232697e-005, 0.302564928, 0.302564928, -2.3977685e-005, -0.953128776, 3.07239535e-005, 0.999999999, -1.54036837e-005, 0.953128933, -1.94931007e-005, 0.302564433, 0.302564433, 2.79385548e-006, -0.953128933, 1.7734117e-005, 1, 8.56082346e-006, 0, 0, 0, 0, 0, 0, 0, 0.318925244, -0.16767561, -0.148182568, -0.493591843, 0.577400203, -0.650257876, -0.858032227, -0.201782227, 0.472167969, 0.141456338, 0.791118795, 0.595133812, 0, 0, -0, 0, 0, 0, 0, 0.35913501, -0.121697266, -0.113919727, -0.197262729, 0.271682546, -0.941927686, 0.820922852, -0.479370117, -0.310180664, -0.535884302, -0.834326264, -0.128458839, 0, 2, 5, 1, 
860.238966, 57, 0.1, 0.1, -0.0142392619, 0.376309779, -0.0199700594, 0.953127984, 2.22919193e-005, 0.302567422, 0.302567422, 1.71149443e-005, -0.953127985, -2.64254767e-005, 1, 9.5679238e-006, 0.953128148, 1.62201388e-005, 0.302566907, 0.302566907, -9.77049132e-006, -0.953128148, -1.25036435e-005, 1, -1.42202075e-005, 0, 0, 0, 0, 0, 0, 0, 0.318925244, -0.16767561, -0.148182568, -0.493591843, 0.577400203, -0.650257876, -0.858032227, -0.201782227, 0.472167969, 0.141456338, 0.791118795, 0.595133812, 0, 0, -0, 0, 0, 0, 0, 0.35913501, -0.121697266, -0.113919727, -0.197262729, 0.271682546, -0.941927686, 0.820922852, -0.479370117, -0.310180664, -0.535884302, -0.834326264, -0.128458839, 0, 2, 5, 1, 
860.23965, 57, 0.1, 0.1, -0.0142392622, 0.376309775, -0.0199702319, 0.953127185, -2.00340144e-005, 0.30256994, 0.30256994, -2.34489615e-005, -0.953127185, 2.61899146e-005, 1, -1.62881521e-005, 0.953127348, -1.49362662e-005, 0.302569427, 0.302569427, 2.48052862e-006, -0.953127348, 1.34856316e-005, 1, 6.88351716e-006, 0, 0, 0, 0, 0, 0, 0, 0.318925244, -0.16767561, -0.148182568, -0.493591843, 0.577400203, -0.650257876, -0.858032227, -0.201782227, 0.472167969, 0.141456338, 0.791118795, 0.595133812, 0, 0, -0, 0, 0, 0, 0, 0.35913501, -0.121697266, -0.113919727, -0.197262729, 0.271682546, -0.941927686, 0.820922852, -0.479370117, -0.310180664, -0.535884302, -0.834326264, -0.128458839, 0, 2, 5, 1, 
860.240366, 57, 0.1, 0.1, -0.0142392628, 0.376309778, -0.0199700319, 0.953126343, 2.34410838e-005, 0.302572592, 0.302572591, 2.17482384e-005, -0.953126343, -2.89227353e-005, 0.999999999, 1.36361894e-005, 0.953126509, 1.86434795e-005, 0.30257207, 0.30257207, -5.7456838e-006, -0.953126509, -1.60311111e-005, 1, -1.11173597e-005, 0, 0, 0, 0, 0, 0, 0, 0.318363916, -0.168105859, -0.147805176, -0.491509996, 0.577698626, -0.651578127, -0.859130859, -0.199584961, 0.471069336, 0.142115341, 0.791442305, 0.594601368, 0, 0, -0, 0, 0, 0, 0, 0.359052637, -0.122146924, -0.113525, -0.195013701, 0.271522865, -0.942458135, 0.821166992, -0.480224609, -0.308227539, -0.536261633, -0.833974819, -0.129251048, 0, 2, 5, 1, 
860.241056, 57, 0.1, 0.1, -0.0142392625, 0.376309773, -0.0199697745, 0.953125521, -2.53322901e-005, 0.302575182, 0.302575182, -1.82697832e-005, -0.953125521, 2.96728352e-005, 1, -9.7484743e-006, 0.953125686, -1.94192429e-005, 0.302574662, 0.302574662, 7.6253248e-006, -0.953125686, 1.62017491e-005, 1, 1.31436638e-005, 0, 0, 0, 0, 0, 0, 0, 0.318363916, -0.168105859, -0.147805176, -0.491509996, 0.577698626, -0.651578127, -0.859130859, -0.199584961, 0.471069336, 0.142115341, 0.791442305, 0.594601368, 0, 0, -0, 0, 0, 0, 0, 0.359052637, -0.122146924, -0.113525, -0.195013701, 0.271522865, -0.942458135, 0.821166992, -0.480224609, -0.308227539, -0.536261633, -0.833974819, -0.129251048, 0, 2, 5, 1, 
860.241741, 57, 0.1, 0.1, -0.0142392621, 0.376309775, -0.0199696189, 0.953124698, 1.86684143e-005, 0.302577776, 0.302577775, 2.67593799e-005, -0.953124698, -2.58901204e-005, 0.999999999, 1.98563786e-005, 0.953124867, 1.31975547e-005, 0.302577242, 0.302577242, -6.16168935e-007, -0.953124867, -1.23924789e-005, 1, -4.58056564e-006, 0, 0, 0, 0, 0, 0, 0, 0.318363916, -0.168105859, -0.147805176, -0.491509996, 0.577698626, -0.651578127, -0.859130859, -0.199584961, 0.471069336, 0.142115341, 0.791442305, 0.594601368, 0, 0, -0, 0, 0, 0, 0, 0.359052637, -0.122146924, -0.113525, -0.195013701, 0.271522865, -0.942458135, 0.821166992, -0.480224609, -0.308227539, -0.536261633, -0.833974819, -0.129251048, 0, 2, 5, 1, 
860.242427, 57, 0.1, 0.1, -0.0142392616, 0.376309769, -0.0199695781, 0.953123869, -2.36434038e-005, 0.302580386, 0.302580385, -1.77079155e-005, -0.953123869, 2.78931605e-005, 1, -9.7238067e-006, 0.953124036, -1.88005063e-005, 0.30257986, 0.30257986, 9.90933328e-006, -0.953124036, 1.49208498e-005, 1, 1.51334783e-005, 0, 0, 0, 0, 0, 0, 0, 0.318363916, -0.168105859, -0.147805176, -0.491509996, 0.577698626, -0.651578127, -0.859130859, -0.199584961, 0.471069336, 0.142115341, 0.791442305, 0.594601368, 0, 0, -0, 0, 0, 0, 0, 0.359052637, -0.122146924, -0.113525, -0.195013701, 0.271522865, -0.942458135, 0.821166992, -0.480224609, -0.308227539, -0.536261633, -0.833974819, -0.129251048, 0, 2, 5, 1, 
860.243114, 57, 0.1, 0.1, -0.0142392621, 0.376309772, -0.0199697095, 0.953123031, 2.49226365e-005, 0.302583026, 0.302583025, 2.07976679e-005, -0.953123031, -3.00473601e-005, 0.999999999, 1.22815695e-005, 0.953123201, 1.88735761e-005, 0.302582489, 0.302582489, -5.06314228e-006, -0.953123202, -1.64568251e-005, 1, -1.0536612e-005, 0, 0, 0, 0, 0, 0, 0, 0.318363916, -0.168105859, -0.147805176, -0.491509996, 0.577698626, -0.651578127, -0.859130859, -0.199584961, 0.471069336, 0.142115341, 0.791442305, 0.594601368, 0, 0, -0, 0, 0, 0, 0, 0.359052637, -0.122146924, -0.113525, -0.195013701, 0.271522865, -0.942458135, 0.821166992, -0.480224609, -0.308227539, -0.536261633, -0.833974819, -0.129251048, 0, 2, 5, 1, 
860.243805, 57, 0.1, 0.1, -0.0142392628, 0.376309768, -0.0199698633, 0.953122184, -1.87815349e-005, 0.302585692, 0.302585692, -2.47335487e-005, -0.953122184, 2.53851155e-005, 1, -1.78910702e-005, 0.953122355, -1.34484138e-005, 0.302585157, 0.302585157, 2.44537618e-006, -0.953122355, 1.20780493e-005, 1, 6.4000331e-006, 0, 0, 0, 0, 0, 0, 0, 0.318363916, -0.168105859, -0.147805176, -0.491509996, 0.577698626, -0.651578127, -0.859130859, -0.199584961, 0.471069336, 0.142115341, 0.791442305, 0.594601368, 0, 0, -0, 0, 0, 0, 0, 0.359052637, -0.122146924, -0.113525, -0.195013701, 0.271522865, -0.942458135, 0.821166992, -0.480224609, -0.308227539, -0.536261633, -0.833974819, -0.129251048, 0, 2, 5, 1, 
