time, trialNum, realDorsalTactorPos, realVentralTactorPos, boxPosX, boxPosY, boxPosZ, boxLocalRot_11, boxLocalRot_12, boxLocalRot_13, boxLocalRot_21, boxLocalRot_22, boxLocalRot_23, boxLocalRot_31, boxLocalRot_32, boxLocalRot_33, boxGlobalRot_11, boxGlobalRot_12, boxGlobalRot_13, boxGlobalRot_21, boxGlobalRot_22, boxGlobalRot_23, boxGlobalRot_31, boxGlobalRot_32, boxGlobalRot_33, indexForceX, indexForceY, indexForceZ, indexForceGlobalX, indexForceGlobalY, indexForceGlobalZ, indexContact, indexPosX, indexPosY, indexPosZ, indexRot_11, indexRot_12, indexRot_13, indexRot_21, indexRot_22, indexRot_23, indexRot_31, indexRot_32, indexRot_33, thumbForceX, thumbForceY, thumbForceZ, thumbForceGlobalX, thumbForceGlobalY, thumbForceGlobalZ, thumbContact, thumbPosX, thumbPosY, thumbPosZ, thumbRot_11, thumbRot_12, thumbRot_13, thumbRot_21, thumbRot_22, thumbRot_23, thumbRot_31, thumbRot_32, thumbRot_33, manipForceTooHigh, cceExpType, mapping, trialSuccess, 
538.70494, 34, 0.1, 0.1, 0.00572760076, 0.369418395, -0.0199738269, 0.988067644, 0.15402055, 1.99020172e-005, 0.154020549, -0.988067644, 2.41821715e-005, 2.33890906e-005, -2.08283016e-005, -1, 0.988067602, 0.154020824, 1.76556316e-005, 0.154020824, -0.988067601, 3.35428427e-005, 2.26112539e-005, -3.04232612e-005, -0.999999999, 0, 0, 0, 0, 0, 0, 0, 0.235188818, -0.0962689453, -0.188597681, 0.133039335, 0.534000952, -0.834909781, -0.712768555, 0.63684082, 0.293823242, 0.688593526, 0.556123145, 0.465564165, 0, 0, -0, 0, 0, 0, 0, 0.283093994, -0.0892460938, -0.173065674, 0.144605217, -0.244939325, -0.958664681, 0.127685547, -0.956054687, 0.263671875, -0.981103956, -0.160515656, -0.107019596, 0, 3, 1, 1, 
538.720987, 34, 0.1, 0.1, 0.00572760592, 0.369418371, -0.0199687176, 0.988064484, 0.154040826, 1.87494988e-006, 0.154040826, -0.988064484, -6.97133362e-006, 7.78701399e-007, 7.17694599e-006, -1, 0.988064505, 0.154040692, -4.66941058e-006, 0.154040691, -0.988064504, -2.72934225e-005, -8.81797653e-006, 2.62483827e-005, -1, 0, 0, 0, 0, 0, 0, 0, 0.242444897, -0.103895898, -0.188163501, 0.140344156, 0.537328909, -0.831470996, -0.723144531, 0.629272461, 0.284545898, 0.67618969, 0.561528462, 0.477131525, 0, 0, -0, 0, 0, 0, 0, 0.289059131, -0.0957739746, -0.172003174, 0.156374975, -0.246537969, -0.956429879, 0.13269043, -0.954223633, 0.267700195, -0.978639477, -0.168661956, -0.116604126, 0, 3, 1, 1, 
538.721789, 34, 0.1, 0.1, 0.00572760406, 0.369418378, -0.0199643814, 0.988064371, 0.154041547, -1.40490983e-005, 0.154041547, -0.988064371, 4.68223214e-006, -1.31601552e-005, -6.7904916e-006, -1, 0.988064396, 0.154041389, -1.59979757e-005, 0.15404139, -0.988064395, 2.82778352e-005, -1.14510732e-005, -3.04046725e-005, -0.999999999, 0, 0, 0, 0, 0, 0, 0, 0.242444897, -0.103895898, -0.188163501, 0.140344156, 0.537328909, -0.831470996, -0.723144531, 0.629272461, 0.284545898, 0.67618969, 0.561528462, 0.477131525, 0, 0, -0, 0, 0, 0, 0, 0.289059131, -0.0957739746, -0.172003174, 0.156374975, -0.246537969, -0.956429879, 0.13269043, -0.954223633, 0.267700195, -0.978639477, -0.168661956, -0.116604126, 0, 3, 1, 1, 
538.722597, 34, 0.1, 0.1, 0.00572760957, 0.36941837, -0.0199605884, 0.988064201, 0.154042641, 1.32591136e-005, 0.154042641, -0.988064201, -1.57128376e-005, 1.06804085e-005, 1.75677612e-005, -1, 0.988064236, 0.15404241, 3.50895513e-005, 0.154042411, -0.988064236, -3.80501357e-005, 2.88093961e-005, 4.30012574e-005, -0.999999999, 0, 0, 0, 0, 0, 0, 0, 0.242444897, -0.103895898, -0.188163501, 0.140344156, 0.537328909, -0.831470996, -0.723144531, 0.629272461, 0.284545898, 0.67618969, 0.561528462, 0.477131525, 0, 0, -0, 0, 0, 0, 0, 0.289059131, -0.0957739746, -0.172003174, 0.156374975, -0.246537969, -0.956429879, 0.13269043, -0.954223633, 0.267700195, -0.978639477, -0.168661956, -0.116604126, 0, 3, 1, 1, 
538.723423, 34, 0.1, 0.1, 0.00572760138, 0.369418379, -0.0199580486, 0.98806403, 0.154043736, -4.12873518e-006, 0.154043736, -0.98806403, 1.74118328e-005, -1.39727094e-006, -1.78400115e-005, -1, 0.988064059, 0.154043545, -3.55929272e-005, 0.154043546, -0.988064059, 3.92716317e-005, -2.91185508e-005, -4.42857485e-005, -0.999999999, 0, 0, 0, 0, 0, 0, 0, 0.24359541, -0.104715869, -0.187883618, 0.141237181, 0.538637176, -0.830530423, -0.72644043, 0.626342773, 0.282714844, 0.672464083, 0.563545907, 0.479948759, 0, 0, -0, 0, 0, 0, 0, 0.290476123, -0.0965218262, -0.171574512, 0.160547472, -0.246321418, -0.955746679, 0.135986328, -0.953491211, 0.268554688, -0.977464474, -0.173057933, -0.119600887, 0, 3, 1, 1, 
538.724219, 34, 0.1, 0.1, 0.00572761479, 0.369418372, -0.0199582123, 0.988063896, 0.154044592, 3.86171376e-005, 0.154044593, -0.988063896, -2.38367673e-005, 3.44842743e-005, 2.95010104e-005, -0.999999999, 0.988063919, 0.154044435, 6.79514012e-005, 0.154044438, -0.98806392, -4.03660775e-005, 6.09221582e-005, 5.03518001e-005, -0.999999997, 0, 0, 0, 0, 0, 0, 0, 0.24359541, -0.104715869, -0.187883618, 0.141237181, 0.538637176, -0.830530423, -0.72644043, 0.626342773, 0.282714844, 0.672464083, 0.563545907, 0.479948759, 0, 0, -0, 0, 0, 0, 0, 0.290476123, -0.0965218262, -0.171574512, 0.160547472, -0.246321418, -0.955746679, 0.135986328, -0.953491211, 0.268554688, -0.977464474, -0.173057933, -0.119600887, 0, 3, 1, 1, 
538.725011, 34, 0.1, 0.1, 0.00572760882, 0.369418374, -0.0199606985, 0.988063784, 0.154045312, -9.52023309e-006, 0.154045312, -0.988063784, -7.62315991e-006, -1.05809096e-005, 6.06562095e-006, -1, 0.988063806, 0.154045169, -3.41532133e-005, 0.154045169, -0.988063807, 1.22325786e-005, -3.18611843e-005, -1.73477057e-005, -0.999999999, 0, 0, 0, 0, 0, 0, 0, 0.24359541, -0.104715869, -0.187883618, 0.141237181, 0.538637176, -0.830530423, -0.72644043, 0.626342773, 0.282714844, 0.672464083, 0.563545907, 0.479948759, 0, 0, -0, 0, 0, 0, 0, 0.290476123, -0.0965218262, -0.171574512, 0.160547472, -0.246321418, -0.955746679, 0.135986328, -0.953491211, 0.268554688, -0.977464474, -0.173057933, -0.119600887, 0, 3, 1, 1, 
538.725805, 34, 0.1, 0.1, 0.00572761606, 0.369418375, -0.0199645206, 0.988063612, 0.154046415, 1.40340774e-005, 0.154046415, -0.988063612, 3.62903946e-006, 1.44256017e-005, -1.42382254e-006, -1, 0.988063649, 0.154046173, 3.49388718e-005, 0.154046172, -0.98806365, 1.55195997e-005, 3.69125642e-005, -9.95215283e-006, -0.999999999, 0, 0, 0, 0, 0, 0, 0, 0.24359541, -0.104715869, -0.187883618, 0.141237181, 0.538637176, -0.830530423, -0.72644043, 0.626342773, 0.282714844, 0.672464083, 0.563545907, 0.479948759, 0, 0, -0, 0, 0, 0, 0, 0.290476123, -0.0965218262, -0.171574512, 0.160547472, -0.246321418, -0.955746679, 0.135986328, -0.953491211, 0.268554688, -0.977464474, -0.173057933, -0.119600887, 0, 3, 1, 1, 
538.726606, 34, 0.1, 0.1, 0.00572760836, 0.369418372, -0.0199683577, 0.988063441, 0.154047514, -2.65258135e-005, 0.154047515, -0.988063441, 1.22082175e-005, -2.4328541e-005, -1.6148729e-005, -1, 0.988063469, 0.154047328, -4.02161876e-005, 0.154047327, -0.98806347, -1.51444206e-005, -4.20691034e-005, 8.76845258e-006, -0.999999999, 0, 0, 0, 0, 0, 0, 0, 0.24359541, -0.104715869, -0.187883618, 0.141237181, 0.538637176, -0.830530423, -0.72644043, 0.626342773, 0.282714844, 0.672464083, 0.563545907, 0.479948759, 0, 0, -0, 0, 0, 0, 0, 0.290476123, -0.0965218262, -0.171574512, 0.160547472, -0.246321418, -0.955746679, 0.135986328, -0.953491211, 0.268554688, -0.977464474, -0.173057933, -0.119600887, 0, 3, 1, 1, 
538.727415, 34, 0.1, 0.1, 0.00572761117, 0.369418376, -0.0199707741, 0.988063368, 0.154047982, 5.24979696e-006, 0.154047982, -0.988063368, -8.3376997e-006, 3.90272625e-006, 9.04689627e-006, -1, 0.988063375, 0.154047937, 2.01789327e-005, 0.154047937, -0.988063375, 3.02715554e-006, 2.04043914e-005, 1.17501445e-007, -1, 0, 0, 0, 0, 0, 0, 0, 0.24359541, -0.104715869, -0.187883618, 0.141237181, 0.538637176, -0.830530423, -0.72644043, 0.626342773, 0.282714844, 0.672464083, 0.563545907, 0.479948759, 0, 0, -0, 0, 0, 0, 0, 0.290476123, -0.0965218262, -0.171574512, 0.160547472, -0.246321418, -0.955746679, 0.135986328, -0.953491211, 0.268554688, -0.977464474, -0.173057933, -0.119600887, 0, 3, 1, 1, 
538.728258, 34, 0.1, 0.1, 0.00572760409, 0.369418376, -0.0199706472, 0.988063372, 0.154047958, -1.13970201e-005, 0.154047958, -0.988063372, -8.52849738e-007, -1.13923579e-005, -9.13018095e-007, -1, 0.988063372, 0.154047952, -3.03196148e-005, 0.154047952, -0.988063373, -5.7194365e-006, -3.08387683e-005, 9.80491161e-007, -1, 0, 0, 0, 0, 0, 0, 0, 0.244639355, -0.105027588, -0.188252344, 0.139973097, 0.541195301, -0.829120684, -0.729003906, 0.622924805, 0.283569336, 0.669945271, 0.564871027, 0.481826541, 0, 0, -0, 0, 0, 0, 0, 0.291502148, -0.0967685059, -0.1718146, 0.162304697, -0.245229537, -0.955804281, 0.140258789, -0.95300293, 0.268432617, -0.976666068, -0.177607395, -0.120220654, 0, 3, 1, 1, 
538.729073, 34, 0.1, 0.1, 0.00572761098, 0.369418377, -0.0199682477, 0.988063361, 0.154048026, 1.59539709e-005, 0.154048026, -0.988063361, -1.29427382e-006, 1.55641538e-005, 3.73650227e-006, -1, 0.988063367, 0.154047986, 3.36015737e-005, 0.154047986, -0.988063367, 1.17016068e-005, 3.5003093e-005, -6.38567427e-006, -0.999999999, 0, 0, 0, 0, 0, 0, 0, 0.244639355, -0.105027588, -0.188252344, 0.139973097, 0.541195301, -0.829120684, -0.729003906, 0.622924805, 0.283569336, 0.669945271, 0.564871027, 0.481826541, 0, 0, -0, 0, 0, 0, 0, 0.291502148, -0.0967685059, -0.1718146, 0.162304697, -0.245229537, -0.955804281, 0.140258789, -0.95300293, 0.268432617, -0.976666068, -0.177607395, -0.120220654, 0, 3, 1, 1, 
538.729877, 34, 0.1, 0.1, 0.00572760578, 0.369418377, -0.0199649658, 0.988063375, 0.154047938, 1.22326299e-007, 0.154047938, -0.988063375, -2.16016852e-005, -3.20682892e-006, 2.13626781e-005, -1, 0.988063371, 0.154047959, -2.52900791e-005, 0.154047959, -0.988063372, -2.55819634e-006, -2.53822858e-005, -1.36822496e-006, -1, 0, 0, 0, 0, 0, 0, 0, 0.244639355, -0.105027588, -0.188252344, 0.139973097, 0.541195301, -0.829120684, -0.729003906, 0.622924805, 0.283569336, 0.669945271, 0.564871027, 0.481826541, 0, 0, -0, 0, 0, 0, 0, 0.291502148, -0.0967685059, -0.1718146, 0.162304697, -0.245229537, -0.955804281, 0.140258789, -0.95300293, 0.268432617, -0.976666068, -0.177607395, -0.120220654, 0, 3, 1, 1, 
538.730729, 34, 0.1, 0.1, 0.00572761598, 0.369418378, -0.0199612032, 0.988063306, 0.154048381, 1.26555133e-005, 0.154048381, -0.988063305, 3.83692574e-005, 1.84151703e-005, -3.5961694e-005, -0.999999999, 0.988063329, 0.154048227, 4.28862412e-005, 0.154048226, -0.98806333, 2.7268223e-005, 4.65749437e-005, -2.03361818e-005, -0.999999999, 0, 0, 0, 0, 0, 0, 0, 0.2457198, -0.106099854, -0.188899121, 0.139363147, 0.541989099, -0.828726781, -0.73059082, 0.62121582, 0.283325195, 0.668435183, 0.565981221, 0.482752889, 0, 0, -0, 0, 0, 0, 0, 0.292460059, -0.0977256836, -0.172246191, 0.163103469, -0.245300266, -0.955548718, 0.142944336, -0.952392578, 0.268920898, -0.976091143, -0.180437911, -0.120316536, 0, 3, 1, 1, 
538.73153, 34, 0.1, 0.1, 0.00572760783, 0.369418377, -0.0199590938, 0.988063113, 0.154049616, -1.462141e-005, 0.154049615, -0.988063113, -2.46995095e-005, -1.82518258e-005, 2.21522516e-005, -1, 0.988063158, 0.154049327, -3.76856064e-005, 0.154049326, -0.988063158, -2.98767907e-005, -4.18382588e-005, 2.37147139e-005, -0.999999999, 0, 0, 0, 0, 0, 0, 0, 0.2457198, -0.106099854, -0.188899121, 0.139363147, 0.541989099, -0.828726781, -0.73059082, 0.62121582, 0.283325195, 0.668435183, 0.565981221, 0.482752889, 0, 0, -0, 0, 0, 0, 0, 0.292460059, -0.0977256836, -0.172246191, 0.163103469, -0.245300266, -0.955548718, 0.142944336, -0.952392578, 0.268920898, -0.976091143, -0.180437911, -0.120316536, 0, 3, 1, 1, 
538.73234, 34, 0.1, 0.1, 0.00572761353, 0.369418384, -0.0199590437, 0.988062837, 0.154051388, 4.09292326e-006, 0.154051388, -0.988062837, 2.38214668e-005, 7.71379539e-006, -2.29065856e-005, -1, 0.988062895, 0.154051016, 2.7475729e-005, 0.154051014, -0.988062894, 4.42568232e-005, 3.39655569e-005, -3.94958609e-005, -0.999999999, 0, 0, 0, 0, 0, 0, 0, 0.2457198, -0.106099854, -0.188899121, 0.139363147, 0.541989099, -0.828726781, -0.73059082, 0.62121582, 0.283325195, 0.668435183, 0.565981221, 0.482752889, 0, 0, -0, 0, 0, 0, 0, 0.292460059, -0.0977256836, -0.172246191, 0.163103469, -0.245300266, -0.955548718, 0.142944336, -0.952392578, 0.268920898, -0.976091143, -0.180437911, -0.120316536, 0, 3, 1, 1, 
538.733139, 34, 0.1, 0.1, 0.00572760369, 0.36941838, -0.0199609689, 0.988062576, 0.154053056, -2.84943653e-005, 0.154053056, -0.988062577, 9.44894553e-006, -2.66985771e-005, -1.37257935e-005, -1, 0.988062623, 0.154052754, -4.80064019e-005, 0.154052754, -0.988062624, -1.91371423e-005, -5.03814609e-005, 1.15131766e-005, -0.999999999, 0, 0, 0, 0, 0, 0, 0, 0.2457198, -0.106099854, -0.188899121, 0.139363147, 0.541989099, -0.828726781, -0.73059082, 0.62121582, 0.283325195, 0.668435183, 0.565981221, 0.482752889, 0, 0, -0, 0, 0, 0, 0, 0.292460059, -0.0977256836, -0.172246191, 0.163103469, -0.245300266, -0.955548718, 0.142944336, -0.952392578, 0.268920898, -0.976091143, -0.180437911, -0.120316536, 0, 3, 1, 1, 
538.73395, 34, 0.1, 0.1, 0.00572760982, 0.369418381, -0.019964087, 0.988062436, 0.154053958, 1.97161468e-005, 0.154053959, -0.988062436, -3.35615816e-005, 1.43104895e-005, 3.61982886e-005, -0.999999999, 0.988062452, 0.154053851, 3.74053526e-005, 0.154053852, -0.988062453, -1.67622893e-005, 3.43765292e-005, 2.23246273e-005, -0.999999999, 0, 0, 0, 0, 0, 0, 0, 0.2457198, -0.106099854, -0.188899121, 0.139363147, 0.541989099, -0.828726781, -0.73059082, 0.62121582, 0.283325195, 0.668435183, 0.565981221, 0.482752889, 0, 0, -0, 0, 0, 0, 0, 0.292460059, -0.0977256836, -0.172246191, 0.163103469, -0.245300266, -0.955548718, 0.142944336, -0.952392578, 0.268920898, -0.976091143, -0.180437911, -0.120316536, 0, 3, 1, 1, 
538.734751, 34, 0.1, 0.1, 0.0057276039, 0.369418379, -0.0199672537, 0.98806243, 0.154053996, -1.23097635e-005, 0.154053996, -0.98806243, 1.08189951e-005, -1.04961054e-005, -1.25862109e-005, -1, 0.988062423, 0.15405404, -3.22587651e-005, 0.15405404, -0.988062423, 8.1692524e-006, -3.06151673e-005, -1.30413244e-005, -0.999999999, 0, 0, 0, 0, 0, 0, 0, 0.2457198, -0.106099854, -0.188899121, 0.138537149, 0.543201886, -0.828053551, -0.732543945, 0.618774414, 0.283447266, 0.666341353, 0.56739583, 0.483882179, 0, 0, -0, 0, 0, 0, 0, 0.292460059, -0.0977256836, -0.172246191, 0.163103469, -0.245300266, -0.955548718, 0.142944336, -0.952392578, 0.268920898, -0.976091143, -0.180437911, -0.120316536, 0, 3, 1, 1, 
538.735588, 34, 0.1, 0.1, 0.00572761214, 0.369418381, -0.0199690678, 0.988062458, 0.154053815, 2.27747755e-005, 0.154053816, -0.988062459, -2.12354169e-006, 2.2175761e-005, 5.60673289e-006, -1, 0.988062456, 0.154053826, 3.92520923e-005, 0.154053826, -0.988062457, 1.22588412e-005, 4.06720402e-005, -6.06556575e-006, -0.999999999, 0, 0, 0, 0, 0, 0, 0, 0.246787427, -0.106703296, -0.189307764, 0.138537149, 0.543201886, -0.828053551, -0.732543945, 0.618774414, 0.283447266, 0.666341353, 0.56739583, 0.483882179, 0, 0, -0, 0, 0, 0, 0, 0.293417969, -0.0982383301, -0.172459424, 0.163902241, -0.245173034, -0.955440076, 0.146362305, -0.951782227, 0.269287109, -0.975516218, -0.183984077, -0.120182375, 0, 3, 1, 1, 
538.736725, 34, 0.1, 0.1, 0.00572760675, 0.369418379, -0.0199659809, 0.988062519, 0.154053426, 1.15219927e-005, 0.154053426, -0.988062519, -1.22686296e-005, 9.49442472e-006, 1.38971755e-005, -1, 0.988062513, 0.154053464, -1.9980791e-005, 0.154053464, -0.988062513, -1.79610003e-005, -2.25092249e-005, 1.46684811e-005, -1, 0, 0, 0, 0, 0, 0, 0, 0.246787427, -0.106703296, -0.189307764, 0.138537149, 0.543201886, -0.828053551, -0.732543945, 0.618774414, 0.283447266, 0.666341353, 0.56739583, 0.483882179, 0, 0, -0, 0, 0, 0, 0, 0.293417969, -0.0982383301, -0.172459424, 0.163902241, -0.245173034, -0.955440076, 0.146362305, -0.951782227, 0.269287109, -0.975516218, -0.183984077, -0.120182375, 0, 3, 1, 1, 
538.737996, 34, 0.1, 0.1, 0.00572760278, 0.369418378, -0.0199526989, 0.988062491, 0.154053608, -1.72352726e-005, 0.154053608, -0.988062491, 7.53559734e-006, -1.58686405e-005, -1.0100797e-005, -1, 0.988062494, 0.154053581, -3.34000179e-005, 0.154053581, -0.988062495, -2.26405025e-005, -3.64891555e-005, 1.72248391e-005, -0.999999999, 0, 0, 0, 0, 0, 0, 0, 0.246787427, -0.106703296, -0.189307764, 0.138537149, 0.543201886, -0.828053551, -0.732543945, 0.618774414, 0.283447266, 0.666341353, 0.56739583, 0.483882179, 0, 0, -0, 0, 0, 0, 0, 0.293417969, -0.0982383301, -0.172459424, 0.163902241, -0.245173034, -0.955440076, 0.146362305, -0.951782227, 0.269287109, -0.975516218, -0.183984077, -0.120182375, 0, 3, 1, 1, 
538.739276, 34, 0.1, 0.1, 0.00572760553, 0.369418377, -0.0199369497, 0.988062601, 0.154052896, -4.37932666e-005, 0.154052897, -0.988062602, 2.86861092e-006, -4.28285711e-005, -9.58084673e-006, -0.999999999, 0.988062577, 0.154053053, -2.93699451e-005, 0.154053054, -0.988062577, 6.43970189e-006, -2.80272879e-005, -1.08873582e-005, -1, 0, 0, 0, 0, 0, 0, 0, 0.246787427, -0.106703296, -0.189307764, 0.138537149, 0.543201886, -0.828053551, -0.732543945, 0.618774414, 0.283447266, 0.666341353, 0.56739583, 0.483882179, 0, 0, -0, 0, 0, 0, 0, 0.293417969, -0.0982383301, -0.172459424, 0.163902241, -0.245173034, -0.955440076, 0.146362305, -0.951782227, 0.269287109, -0.975516218, -0.183984077, -0.120182375, 0, 3, 1, 1, 
538.740619, 34, 0.1, 0.1, 0.00572761297, 0.369418377, -0.0199257137, 0.988062557, 0.154053181, -3.37285303e-005, 0.154053181, -0.988062557, -2.59828035e-005, -3.73286314e-005, 2.04766479e-005, -0.999999999, 0.988062588, 0.154052982, 3.18836807e-005, 0.154052981, -0.988062588, 2.83435881e-005, 3.58694863e-005, -2.3093463e-005, -0.999999999, 0, 0, 0, 0, 0, 0, 0, 0.247969556, -0.107535229, -0.189468872, 0.139913565, 0.54440756, -0.826967322, -0.733642578, 0.617919922, 0.282714844, 0.664887431, 0.56720487, 0.486058384, 0, 0, -0, 0, 0, 0, 0, 0.294423975, -0.0988821777, -0.172484814, 0.165442182, -0.244265987, -0.95543388, 0.147705078, -0.951660156, 0.268920898, -0.974986136, -0.185607141, -0.121409151, 0, 3, 1, 1, 
538.741905, 34, 0.1, 0.1, 0.00572761274, 0.369418378, -0.0199248669, 0.988062566, 0.154053122, 2.48710606e-005, 0.154053123, -0.988062566, -1.43924789e-005, 2.23569576e-005, 1.80521342e-005, -1, 0.98806254, 0.154053282, 4.98697549e-005, 0.154053283, -0.988062541, -1.14569164e-005, 4.75094612e-005, 1.90027494e-005, -0.999999999, 0, 0, 0, 0, 0, 0, 0, 0.247969556, -0.107535229, -0.189468872, 0.139913565, 0.54440756, -0.826967322, -0.733642578, 0.617919922, 0.282714844, 0.664887431, 0.56720487, 0.486058384, 0, 0, -0, 0, 0, 0, 0, 0.294423975, -0.0988821777, -0.172484814, 0.165442182, -0.244265987, -0.95543388, 0.147705078, -0.951660156, 0.268920898, -0.974986136, -0.185607141, -0.121409151, 0, 3, 1, 1, 
538.743242, 34, 0.1, 0.1, 0.00572760338, 0.36941838, -0.0199333694, 0.988062637, 0.154052666, 3.04661912e-005, 0.154052665, -0.988062637, 2.88510739e-005, 3.45470901e-005, -2.38132702e-005, -0.999999999, 0.988062651, 0.154052583, 1.80456411e-005, 0.154052583, -0.988062651, -1.16943545e-005, 1.60286785e-005, 1.43347325e-005, -1, 0, 0, 0, 0, 0, 0, 0, 0.249155225, -0.108120972, -0.189397339, 0.141441628, 0.546007137, -0.825747422, -0.735839844, 0.615844727, 0.28125, 0.662049979, 0.567940257, 0.489078561, 0, 0, -0, 0, 0, 0, 0, 0.295221631, -0.0995492188, -0.172505322, 0.167237687, -0.243735905, -0.955280762, 0.148803711, -0.951538086, 0.268798828, -0.974551935, -0.187147082, -0.12286597, 0, 3, 1, 1, 
538.744525, 34, 0.1, 0.1, 0.00572759641, 0.369418383, -0.0199456416, 0.988062563, 0.154053148, 1.32899441e-005, 0.154053147, -0.988062562, 2.09432696e-005, 1.63576729e-005, -1.86459029e-005, -1, 0.988062563, 0.154053142, -3.55045575e-005, 0.154053142, -0.988062563, 1.49731673e-005, -3.27740607e-005, -2.02640147e-005, -0.999999999, 0, 0, 0, 0, 0, 0, 0, 0.249155225, -0.108120972, -0.189397339, 0.141441628, 0.546007137, -0.825747422, -0.735839844, 0.615844727, 0.28125, 0.662049979, 0.567940257, 0.489078561, 0, 0, -0, 0, 0, 0, 0, 0.295221631, -0.0995492188, -0.172505322, 0.167237687, -0.243735905, -0.955280762, 0.148803711, -0.951538086, 0.268798828, -0.974551935, -0.187147082, -0.12286597, 0, 3, 1, 1, 
538.74581, 34, 0.1, 0.1, 0.00572759649, 0.369418382, -0.0199556015, 0.988062639, 0.15405266, -9.79572917e-006, 0.154052659, -0.988062639, -1.71786121e-005, -1.23252049e-005, 1.54644867e-005, -1, 0.988062626, 0.154052737, -2.91054557e-005, 0.154052737, -0.988062627, 5.43393744e-006, -2.79209001e-005, -9.85284561e-006, -1, 0, 0, 0, 0, 0, 0, 0, 0.249155225, -0.108120972, -0.189397339, 0.141441628, 0.546007137, -0.825747422, -0.735839844, 0.615844727, 0.28125, 0.662049979, 0.567940257, 0.489078561, 0, 0, -0, 0, 0, 0, 0, 0.295221631, -0.0995492188, -0.172505322, 0.167237687, -0.243735905, -0.955280762, 0.148803711, -0.951538086, 0.268798828, -0.974551935, -0.187147082, -0.12286597, 0, 3, 1, 1, 
538.74716, 34, 0.1, 0.1, 0.00572760123, 0.369418381, -0.0199576129, 0.988062586, 0.154052996, -2.22807518e-005, 0.154052996, -0.988062586, -1.76844666e-005, -2.47391223e-005, 1.40409433e-005, -1, 0.988062599, 0.154052911, -9.17583647e-006, 0.154052911, -0.988062599, -1.71135251e-005, -1.17026892e-005, 1.54956698e-005, -1, 0, 0, 0, 0, 0, 0, 0, 0.249155225, -0.108120972, -0.189397339, 0.143598737, 0.546229176, -0.825219847, -0.736572266, 0.615844727, 0.279541016, 0.660843183, 0.567781498, 0.49084888, 0, 0, -0, 0, 0, 0, 0, 0.295221631, -0.0995492188, -0.172505322, 0.167237687, -0.243735905, -0.955280762, 0.148803711, -0.951538086, 0.268798828, -0.974551935, -0.187147082, -0.12286597, 0, 3, 1, 1, 
538.748159, 34, 0.1, 0.1, 0.00572760438, 0.369418384, -0.0199546316, 0.9880626, 0.154052911, -6.17480209e-006, 0.154052911, -0.9880626, 9.38021322e-006, -4.65604185e-006, -1.02194841e-005, -1, 0.988062591, 0.154052966, 2.2931723e-005, 0.154052967, -0.988062591, -2.19028644e-006, 2.23205576e-005, 5.69684006e-006, -1, 0, 0, 0, 0, 0, 0, 0, 0.250154761, -0.109449561, -0.18936499, 0.143598737, 0.546229176, -0.825219847, -0.736572266, 0.615844727, 0.279541016, 0.660843183, 0.567781498, 0.49084888, 0, 0, -0, 0, 0, 0, 0, 0.29623252, -0.100880371, -0.172522656, 0.168924549, -0.243614503, -0.954967963, 0.14831543, -0.951538086, 0.269042969, -0.974251896, -0.187134322, -0.124674234, 0, 3, 1, 1, 
538.748961, 34, 0.1, 0.1, 0.00572760527, 0.369418385, -0.0199556674, 0.988062604, 0.154052884, 8.56561098e-006, 0.154052884, -0.988062604, 8.36366665e-006, 9.75180686e-006, -6.94426917e-006, -1, 0.988062608, 0.154052854, 1.9043503e-005, 0.154052854, -0.988062608, 1.04788672e-005, 2.04304726e-005, -7.42007084e-006, -1, 0, 0, 0, 0, 0, 0, 0, 0.250154761, -0.109449561, -0.18936499, 0.143598737, 0.546229176, -0.825219847, -0.736572266, 0.615844727, 0.279541016, 0.660843183, 0.567781498, 0.49084888, 0, 0, -0, 0, 0, 0, 0, 0.29623252, -0.100880371, -0.172522656, 0.168924549, -0.243614503, -0.954967963, 0.14831543, -0.951538086, 0.269042969, -0.974251896, -0.187134322, -0.124674234, 0, 3, 1, 1, 
538.749755, 34, 0.1, 0.1, 0.00572760297, 0.369418384, -0.0199598028, 0.988062593, 0.15405295, 8.7981844e-006, 0.15405295, -0.988062593, -9.10415939e-006, 7.29063428e-006, 1.03508656e-005, -1, 0.98806259, 0.154052974, 7.35481197e-007, 0.154052974, -0.98806259, 4.42134956e-006, 1.40782351e-006, -4.25526703e-006, -1, 0, 0, 0, 0, 0, 0, 0, 0.250154761, -0.109449561, -0.18936499, 0.143598737, 0.546229176, -0.825219847, -0.736572266, 0.615844727, 0.279541016, 0.660843183, 0.567781498, 0.49084888, 0, 0, -0, 0, 0, 0, 0, 0.29623252, -0.100880371, -0.172522656, 0.168924549, -0.243614503, -0.954967963, 0.14831543, -0.951538086, 0.269042969, -0.974251896, -0.187134322, -0.124674234, 0, 3, 1, 1, 
538.750549, 34, 0.1, 0.1, 0.00572760311, 0.369418383, -0.0199654651, 0.988062618, 0.154052792, -2.41587727e-006, 0.154052792, -0.988062618, -1.00365066e-005, -3.93318988e-006, 9.54452432e-006, -1, 0.988062614, 0.154052821, 4.26685479e-006, 0.154052821, -0.988062613, -9.30205602e-006, 2.78291172e-006, 9.8483348e-006, -1, 0, 0, 0, 0, 0, 0, 0, 0.250154761, -0.109449561, -0.18936499, 0.143598737, 0.546229176, -0.825219847, -0.736572266, 0.615844727, 0.279541016, 0.660843183, 0.567781498, 0.49084888, 0, 0, -0, 0, 0, 0, 0, 0.29623252, -0.100880371, -0.172522656, 0.168924549, -0.243614503, -0.954967963, 0.14831543, -0.951538086, 0.269042969, -0.974251896, -0.187134322, -0.124674234, 0, 3, 1, 1, 
538.751338, 34, 0.1, 0.1, 0.00572760268, 0.369418383, -0.0199706596, 0.98806264, 0.154052649, -1.17666686e-006, 0.154052649, -0.98806264, 3.68361939e-006, -5.95149245e-007, -3.82091534e-006, -1, 0.988062635, 0.154052681, -4.29634783e-006, 0.154052681, -0.988062635, -7.72076692e-006, -5.4344656e-006, 6.96673741e-006, -1, 0, 0, 0, 0, 0, 0, 0, 0.250154761, -0.109449561, -0.18936499, 0.143598737, 0.546229176, -0.825219847, -0.736572266, 0.615844727, 0.279541016, 0.660843183, 0.567781498, 0.49084888, 0, 0, -0, 0, 0, 0, 0, 0.29623252, -0.100880371, -0.172522656, 0.168924549, -0.243614503, -0.954967963, 0.14831543, -0.951538086, 0.269042969, -0.974251896, -0.187134322, -0.124674234, 0, 3, 1, 1, 
538.752189, 34, 0.1, 0.1, 0.0057276044, 0.369418384, -0.0199733214, 0.988062694, 0.154052303, -1.03933638e-005, 0.154052303, -0.988062694, 5.11627422e-006, -9.4811212e-006, -6.65632132e-006, -1, 0.988062684, 0.154052369, -4.64184713e-006, 0.154052369, -0.988062684, 5.85559778e-006, -3.68436722e-006, -6.50078521e-006, -1, 0, 0, 0, 0, 0, 0, 0, 0.251078491, -0.110800732, -0.189140527, 0.144340116, 0.545893683, -0.825270022, -0.738525391, 0.614379883, 0.27734375, 0.658501105, 0.569564922, 0.492092746, 0, 0, -0, 0, 0, 0, 0, 0.297111475, -0.102289893, -0.172088867, 0.171946829, -0.244374995, -0.954323042, 0.1484375, -0.951171875, 0.270385742, -0.973811499, -0.188073452, -0.12730679, 0, 3, 1, 1, 
538.752982, 34, 0.1, 0.1, 0.00572760452, 0.369418385, -0.0199727434, 0.988062719, 0.154052142, -1.13140124e-005, 0.154052142, -0.988062719, -3.59645331e-006, -1.17329952e-005, 1.81057359e-006, -1, 0.988062718, 0.154052154, 2.90554543e-006, 0.154052154, -0.988062717, 8.50566818e-006, 4.18117762e-006, -7.95652809e-006, -1, 0, 0, 0, 0, 0, 0, 0, 0.251078491, -0.110800732, -0.189140527, 0.144340116, 0.545893683, -0.825270022, -0.738525391, 0.614379883, 0.27734375, 0.658501105, 0.569564922, 0.492092746, 0, 0, -0, 0, 0, 0, 0, 0.297111475, -0.102289893, -0.172088867, 0.171946829, -0.244374995, -0.954323042, 0.1484375, -0.951171875, 0.270385742, -0.973811499, -0.188073452, -0.12730679, 0, 3, 1, 1, 
538.753776, 34, 0.1, 0.1, 0.00572760361, 0.369418386, -0.0199697779, 0.988062749, 0.15405195, 1.36253915e-006, 0.15405195, -0.988062749, -3.20557804e-006, 8.52448631e-007, 3.37721407e-006, -1, 0.98806274, 0.15405201, 7.89778687e-006, 0.15405201, -0.98806274, -2.18540329e-006, 7.46684316e-006, 3.3759855e-006, -1, 0, 0, 0, 0, 0, 0, 0, 0.251078491, -0.110800732, -0.189140527, 0.144340116, 0.545893683, -0.825270022, -0.738525391, 0.614379883, 0.27734375, 0.658501105, 0.569564922, 0.492092746, 0, 0, -0, 0, 0, 0, 0, 0.297111475, -0.102289893, -0.172088867, 0.171946829, -0.244374995, -0.954323042, 0.1484375, -0.951171875, 0.270385742, -0.973811499, -0.188073452, -0.12730679, 0, 3, 1, 1, 
538.75457, 34, 0.1, 0.1, 0.00572760183, 0.369418387, -0.0199655785, 0.988062782, 0.154051739, 9.21540083e-006, 0.154051738, -0.988062782, 1.00139233e-005, 1.06480569e-005, -8.47473642e-006, -1, 0.988062781, 0.154051747, 5.29837819e-006, 0.154051747, -0.988062781, -3.27549601e-006, 4.73053441e-006, 4.05262011e-006, -1, 0, 0, 0, 0, 0, 0, 0, 0.251078491, -0.110800732, -0.189140527, 0.144340116, 0.545893683, -0.825270022, -0.738525391, 0.614379883, 0.27734375, 0.658501105, 0.569564922, 0.492092746, 0, 0, -0, 0, 0, 0, 0, 0.297111475, -0.102289893, -0.172088867, 0.171946829, -0.244374995, -0.954323042, 0.1484375, -0.951171875, 0.270385742, -0.973811499, -0.188073452, -0.12730679, 0, 3, 1, 1, 
538.755376, 34, 0.1, 0.1, 0.00572760001, 0.369418387, -0.019961341, 0.988062786, 0.154051716, 7.97534746e-006, 0.154051715, -0.988062786, 7.70228118e-006, 9.06669366e-006, -6.38172144e-006, -1, 0.988062782, 0.154051742, -1.38392392e-005, 0.154051742, -0.988062782, 5.377268e-006, -1.28456597e-005, -7.44503729e-006, -1, 0, 0, 0, 0, 0, 0, 0, 0.251078491, -0.110800732, -0.189140527, 0.144340116, 0.545893683, -0.825270022, -0.738525391, 0.614379883, 0.27734375, 0.658501105, 0.569564922, 0.492092746, 0, 0, -0, 0, 0, 0, 0, 0.298501855, -0.103198975, -0.171670215, 0.175767881, -0.243704555, -0.953748484, 0.150390625, -0.950805664, 0.270751953, -0.972796176, -0.190948811, -0.130437712, 0, 3, 1, 1, 
538.756169, 34, 0.1, 0.1, 0.00572759946, 0.369418387, -0.0199588489, 0.988062829, 0.154051439, -7.76379867e-006, 0.154051439, -0.988062829, -1.13585398e-005, -9.42092028e-006, 1.00269266e-005, -1, 0.988062821, 0.154051486, -1.89367989e-005, 0.154051486, -0.988062822, 1.84720762e-006, -1.84261818e-005, -4.74239919e-006, -1, 0, 0, 0, 0, 0, 0, 0, 0.251078491, -0.110800732, -0.189140527, 0.144340116, 0.545893683, -0.825270022, -0.738525391, 0.614379883, 0.27734375, 0.658501105, 0.569564922, 0.492092746, 0, 0, -0, 0, 0, 0, 0, 0.298501855, -0.103198975, -0.171670215, 0.175767881, -0.243704555, -0.953748484, 0.150390625, -0.950805664, 0.270751953, -0.972796176, -0.190948811, -0.130437712, 0, 3, 1, 1, 
538.756978, 34, 0.1, 0.1, 0.00572760045, 0.369418386, -0.0199586608, 0.988062824, 0.154051468, -1.56190536e-005, 0.154051467, -0.988062825, -1.12961523e-005, -1.71727951e-005, 8.75517001e-006, -1, 0.988062827, 0.154051455, -8.08637651e-006, 0.154051455, -0.988062827, -1.0505423e-005, -9.60822374e-006, 9.13429992e-006, -1, 0, 0, 0, 0, 0, 0, 0, 0.251078491, -0.110800732, -0.189140527, 0.144364081, 0.546922624, -0.824621879, -0.741210938, 0.611816406, 0.276000977, 0.655531103, 0.571379425, 0.49384397, 0, 0, -0, 0, 0, 0, 0, 0.298501855, -0.103198975, -0.171670215, 0.175767881, -0.243704555, -0.953748484, 0.150390625, -0.950805664, 0.270751953, -0.972796176, -0.190948811, -0.130437712, 0, 3, 1, 1, 
538.757768, 34, 0.1, 0.1, 0.00572760158, 0.369418387, -0.0199605387, 0.98806285, 0.154051305, -1.02545048e-005, 0.154051305, -0.98806285, 4.04446002e-006, -9.5090409e-006, -5.57590054e-006, -1, 0.988062841, 0.154051361, 1.29826521e-005, 0.154051361, -0.988062841, -6.33779363e-006, 1.18513304e-005, 8.2621336e-006, -1, 0, 0, 0, 0, 0, 0, 0, 0.252410132, -0.111858838, -0.188878833, 0.144364081, 0.546922624, -0.824621879, -0.741210938, 0.611816406, 0.276000977, 0.655531103, 0.571379425, 0.49384397, 0, 0, -0, 0, 0, 0, 0, 0.298501855, -0.103198975, -0.171670215, 0.175767881, -0.243704555, -0.953748484, 0.150390625, -0.950805664, 0.270751953, -0.972796176, -0.190948811, -0.130437712, 0, 3, 1, 1, 
538.758562, 34, 0.1, 0.1, 0.00572760196, 0.369418387, -0.0199639185, 0.988062864, 0.154051218, 8.10264467e-006, 0.154051217, -0.988062864, 7.62651169e-006, 9.1807957e-006, -6.28725071e-006, -1, 0.988062865, 0.154051205, 1.52420134e-005, 0.154051205, -0.988062866, 8.64507541e-006, 1.63918517e-005, -6.19382745e-006, -1, 0, 0, 0, 0, 0, 0, 0, 0.252410132, -0.111858838, -0.188878833, 0.144364081, 0.546922624, -0.824621879, -0.741210938, 0.611816406, 0.276000977, 0.655531103, 0.571379425, 0.49384397, 0, 0, -0, 0, 0, 0, 0, 0.298501855, -0.103198975, -0.171670215, 0.175767881, -0.243704555, -0.953748484, 0.150390625, -0.950805664, 0.270751953, -0.972796176, -0.190948811, -0.130437712, 0, 3, 1, 1, 
538.759373, 34, 0.1, 0.1, 0.00572760121, 0.369418387, -0.0199674878, 0.988062865, 0.154051208, 1.38263131e-005, 0.154051208, -0.988062865, -5.02299092e-006, 1.28874687e-005, 7.09299103e-006, -1, 0.988062859, 0.154051244, 6.02645229e-006, 0.154051244, -0.988062859, 6.49662876e-006, 6.95532743e-006, -5.49069511e-006, -1, 0, 0, 0, 0, 0, 0, 0, 0.252410132, -0.111858838, -0.188878833, 0.14459099, 0.54797066, -0.823795882, -0.744018555, 0.609130859, 0.274536133, 0.652281774, 0.573314495, 0.495937799, 0, 0, -0, 0, 0, 0, 0, 0.298501855, -0.103198975, -0.171670215, 0.175767881, -0.243704555, -0.953748484, 0.150390625, -0.950805664, 0.270751953, -0.972796176, -0.190948811, -0.130437712, 0, 3, 1, 1, 
538.760191, 34, 0.1, 0.1, 0.00572760011, 0.369418387, -0.0199695322, 0.988062893, 0.154051029, 6.94663938e-006, 0.154051029, -0.988062893, -3.86250833e-006, 6.26869322e-006, 4.8865381e-006, -1, 0.988062891, 0.154051043, -9.34335177e-006, 0.154051043, -0.988062891, -7.09657863e-006, -1.03250545e-005, 5.57251291e-006, -1, 0, 0, 0, 0, 0, 0, 0, 0.253528052, -0.112469116, -0.188607007, 0.14459099, 0.54797066, -0.823795882, -0.744018555, 0.609130859, 0.274536133, 0.652281774, 0.573314495, 0.495937799, 0, 0, -0, 0, 0, 0, 0, 0.299892236, -0.103894824, -0.171030029, 0.179588933, -0.243142756, -0.953161165, 0.15234375, -0.950317383, 0.271118164, -0.971780854, -0.193958331, -0.133690035, 0, 3, 1, 1, 
538.760999, 34, 0.1, 0.1, 0.00572759928, 0.369418388, -0.0199698365, 0.988062885, 0.154051079, -9.46215411e-006, 0.154051079, -0.988062885, 5.27672982e-006, -8.53631737e-006, -6.67139595e-006, -1, 0.988062886, 0.154051073, -1.42897176e-005, 0.154051073, -0.988062886, -6.1885961e-006, -1.50724995e-005, 3.91337579e-006, -1, 0, 0, 0, 0, 0, 0, 0, 0.253528052, -0.112469116, -0.188607007, 0.14459099, 0.54797066, -0.823795882, -0.744018555, 0.609130859, 0.274536133, 0.652281774, 0.573314495, 0.495937799, 0, 0, -0, 0, 0, 0, 0, 0.299892236, -0.103894824, -0.171030029, 0.179588933, -0.243142756, -0.953161165, 0.15234375, -0.950317383, 0.271118164, -0.971780854, -0.193958331, -0.133690035, 0, 3, 1, 1, 
538.761798, 34, 0.1, 0.1, 0.00572759958, 0.369418389, -0.0199685259, 0.988062909, 0.154050924, -1.44069133e-005, 0.154050924, -0.988062909, 4.19732113e-006, -1.35883355e-005, -6.36661563e-006, -1, 0.988062904, 0.154050958, -9.7146062e-006, 0.154050958, -0.988062904, 5.21927132e-006, -8.79460826e-006, -6.65351277e-006, -1, 0, 0, 0, 0, 0, 0, 0, 0.253528052, -0.112469116, -0.188607007, 0.14459099, 0.54797066, -0.823795882, -0.744018555, 0.609130859, 0.274536133, 0.652281774, 0.573314495, 0.495937799, 0, 0, -0, 0, 0, 0, 0, 0.299892236, -0.103894824, -0.171030029, 0.179588933, -0.243142756, -0.953161165, 0.15234375, -0.950317383, 0.271118164, -0.971780854, -0.193958331, -0.133690035, 0, 3, 1, 1, 
538.762586, 34, 0.1, 0.1, 0.00572760058, 0.369418389, -0.0199662829, 0.988062907, 0.154050937, -7.42322225e-006, 0.154050937, -0.988062907, -6.41926293e-006, -8.32350402e-006, 5.19908125e-006, -1, 0.988062911, 0.154050914, 8.75702081e-006, 0.154050913, -0.988062911, 8.16284473e-006, 9.90998116e-006, -6.71637707e-006, -1, 0, 0, 0, 0, 0, 0, 0, 0.253528052, -0.112469116, -0.188607007, 0.14459099, 0.54797066, -0.823795882, -0.744018555, 0.609130859, 0.274536133, 0.652281774, 0.573314495, 0.495937799, 0, 0, -0, 0, 0, 0, 0, 0.299892236, -0.103894824, -0.171030029, 0.179588933, -0.243142756, -0.953161165, 0.15234375, -0.950317383, 0.271118164, -0.971780854, -0.193958331, -0.133690035, 0, 3, 1, 1, 
538.763384, 34, 0.1, 0.1, 0.00572760142, 0.369418389, -0.01996391, 0.988062915, 0.154050887, 1.06764258e-005, 0.154050887, -0.988062915, -4.80704936e-006, 9.80845019e-006, 6.39438007e-006, -1, 0.988062909, 0.154050925, 1.84673122e-005, 0.154050925, -0.988062909, -3.6296606e-006, 1.76877136e-005, 6.43123954e-006, -1, 0, 0, 0, 0, 0, 0, 0, 0.253528052, -0.112469116, -0.188607007, 0.14459099, 0.54797066, -0.823795882, -0.744018555, 0.609130859, 0.274536133, 0.652281774, 0.573314495, 0.495937799, 0, 0, -0, 0, 0, 0, 0, 0.299892236, -0.103894824, -0.171030029, 0.179588933, -0.243142756, -0.953161165, 0.15234375, -0.950317383, 0.271118164, -0.971780854, -0.193958331, -0.133690035, 0, 3, 1, 1, 
538.764191, 34, 0.1, 0.1, 0.00572760077, 0.36941839, -0.0199620683, 0.988062931, 0.154050785, 1.47637168e-005, 0.154050785, -0.988062931, 1.04917753e-005, 1.62037475e-005, -8.09217208e-006, -1, 0.988062934, 0.154050767, 1.07257378e-005, 0.154050767, -0.988062934, -4.89492675e-006, 9.84363669e-006, 6.4888038e-006, -1, 0, 0, 0, 0, 0, 0, 0, 0.253528052, -0.112469116, -0.188607007, 0.143682617, 0.550293642, -0.822405239, -0.745849609, 0.606445312, 0.275512695, 0.650448175, 0.573935306, 0.497695014, 0, 0, -0, 0, 0, 0, 0, 0.299892236, -0.103894824, -0.171030029, 0.179588933, -0.243142756, -0.953161165, 0.15234375, -0.950317383, 0.271118164, -0.971780854, -0.193958331, -0.133690035, 0, 3, 1, 1, 
538.765001, 34, 0.1, 0.1, 0.00572759939, 0.36941839, -0.0199610876, 0.988062915, 0.154050885, 8.13597412e-006, 0.154050885, -0.988062915, 6.7756222e-006, 9.08264491e-006, -5.44138701e-006, -1, 0.988062915, 0.15405089, -1.33010962e-005, 0.15405089, -0.988062915, 4.42482841e-006, -1.24606711e-005, -6.42105457e-006, -1, 0, 0, 0, 0, 0, 0, 0, 0.254369019, -0.113241479, -0.189200317, 0.143682617, 0.550293642, -0.822405239, -0.745849609, 0.606445312, 0.275512695, 0.650448175, 0.573935306, 0.497695014, 0, 0, -0, 0, 0, 0, 0, 0.300909961, -0.1047375, -0.171285254, 0.181224757, -0.241501103, -0.95328913, 0.155029297, -0.950195312, 0.270263672, -0.970995209, -0.196731612, -0.134808169, 0, 3, 1, 1, 
538.7658, 34, 0.1, 0.1, 0.00572759861, 0.369418389, -0.0199615475, 0.988062942, 0.154050713, -9.87358503e-006, 0.154050713, -0.988062942, -1.07792993e-005, -1.14162822e-005, 9.12959335e-006, -1, 0.988062938, 0.154050741, -1.97988448e-005, 0.154050741, -0.988062938, 1.28817066e-006, -1.93640611e-005, -4.3228204e-006, -1, 0, 0, 0, 0, 0, 0, 0, 0.254369019, -0.113241479, -0.189200317, 0.143682617, 0.550293642, -0.822405239, -0.745849609, 0.606445312, 0.275512695, 0.650448175, 0.573935306, 0.497695014, 0, 0, -0, 0, 0, 0, 0, 0.300909961, -0.1047375, -0.171285254, 0.181224757, -0.241501103, -0.95328913, 0.155029297, -0.950195312, 0.270263672, -0.970995209, -0.196731612, -0.134808169, 0, 3, 1, 1, 
538.766591, 34, 0.1, 0.1, 0.00572759916, 0.369418389, -0.0199632381, 0.988062927, 0.154050809, -1.47669426e-005, 0.154050809, -0.988062927, -1.05811405e-005, -1.62207018e-005, 8.17997323e-006, -1, 0.988062931, 0.154050784, -8.77211287e-006, 0.154050784, -0.988062931, -9.8751853e-006, -1.01886796e-005, 8.40595367e-006, -1, 0, 0, 0, 0, 0, 0, 0, 0.254369019, -0.113241479, -0.189200317, 0.143682617, 0.550293642, -0.822405239, -0.745849609, 0.606445312, 0.275512695, 0.650448175, 0.573935306, 0.497695014, 0, 0, -0, 0, 0, 0, 0, 0.300909961, -0.1047375, -0.171285254, 0.181224757, -0.241501103, -0.95328913, 0.155029297, -0.950195312, 0.270263672, -0.970995209, -0.196731612, -0.134808169, 0, 3, 1, 1, 
538.767386, 34, 0.1, 0.1, 0.0057276001, 0.36941839, -0.0199654914, 0.988062939, 0.154050731, -8.67467958e-006, 0.154050732, -0.988062939, 3.13975684e-006, -8.08744756e-006, -4.43861811e-006, -1, 0.988062934, 0.154050768, 1.15172684e-005, 0.154050769, -0.988062934, -5.98727697e-006, 1.04574414e-005, 7.69005049e-006, -1, 0, 0, 0, 0, 0, 0, 0, 0.254369019, -0.113241479, -0.189200317, 0.143682617, 0.550293642, -0.822405239, -0.745849609, 0.606445312, 0.275512695, 0.650448175, 0.573935306, 0.497695014, 0, 0, -0, 0, 0, 0, 0, 0.300909961, -0.1047375, -0.171285254, 0.181224757, -0.241501103, -0.95328913, 0.155029297, -0.950195312, 0.270263672, -0.970995209, -0.196731612, -0.134808169, 0, 3, 1, 1, 
538.768237, 34, 0.1, 0.1, 0.005727601, 0.36941839, -0.0199670516, 0.98806294, 0.154050727, 1.04605024e-005, 0.154050727, -0.98806294, 7.63167746e-006, 1.15113002e-005, -5.92912966e-006, -1, 0.988062944, 0.154050699, 1.72897664e-005, 0.154050699, -0.988062944, 8.72404865e-006, 1.84273233e-005, -5.95640859e-006, -1, 0, 0, 0, 0, 0, 0, 0, 0.254369019, -0.113241479, -0.189200317, 0.143682617, 0.550293642, -0.822405239, -0.745849609, 0.606445312, 0.275512695, 0.650448175, 0.573935306, 0.497695014, 0, 0, -0, 0, 0, 0, 0, 0.300909961, -0.1047375, -0.171285254, 0.181224757, -0.241501103, -0.95328913, 0.155029297, -0.950195312, 0.270263672, -0.970995209, -0.196731612, -0.134808169, 0, 3, 1, 1, 
