time, trialNum, realDorsalTactorPos, realVentralTactorPos, boxPosX, boxPosY, boxPosZ, boxLocalRot_11, boxLocalRot_12, boxLocalRot_13, boxLocalRot_21, boxLocalRot_22, boxLocalRot_23, boxLocalRot_31, boxLocalRot_32, boxLocalRot_33, boxGlobalRot_11, boxGlobalRot_12, boxGlobalRot_13, boxGlobalRot_21, boxGlobalRot_22, boxGlobalRot_23, boxGlobalRot_31, boxGlobalRot_32, boxGlobalRot_33, indexForceX, indexForceY, indexForceZ, indexForceGlobalX, indexForceGlobalY, indexForceGlobalZ, indexContact, indexPosX, indexPosY, indexPosZ, indexRot_11, indexRot_12, indexRot_13, indexRot_21, indexRot_22, indexRot_23, indexRot_31, indexRot_32, indexRot_33, thumbForceX, thumbForceY, thumbForceZ, thumbForceGlobalX, thumbForceGlobalY, thumbForceGlobalZ, thumbContact, thumbPosX, thumbPosY, thumbPosZ, thumbRot_11, thumbRot_12, thumbRot_13, thumbRot_21, thumbRot_22, thumbRot_23, thumbRot_31, thumbRot_32, thumbRot_33, manipForceTooHigh, cceExpType, mapping, trialSuccess, 
936.170633, 66, 0.1, 0.1, 0.225, -0.11500002, -0.0199756194, 0.707106779, -0.707106783, -8.29077949e-007, 0.707106783, 0.707106779, 3.7456511e-005, -2.58995063e-005, -2.70719995e-005, 0.999999999, 0.70710678, -0.707106782, -8.41526926e-007, 0.707106781, 0.707106779, 5.33013717e-005, -3.7094712e-005, -3.82848107e-005, 0.999999999, 0, 0, 0, 0, 0, 0, 0, 0.118462646, -0.119612549, -0.138752222, -0.523113906, 0.547842088, -0.652699311, -0.636352539, 0.258178711, 0.726806641, 0.566839118, 0.795676748, 0.213745012, 0, 0, 0, 0, 0, 0, 0, 0.180328516, -0.0782077148, -0.126184521, -0.199517903, 0.284882489, -0.937572378, 0.387939453, -0.85559082, -0.342529297, -0.89980798, -0.432061204, 0.0601634961, 1, 3, 5, 0, 
936.17147, 66, 0.1, 0.1, 0.225, -0.115000008, -0.0199582606, 0.707106784, -0.707106778, -6.55723452e-007, 0.707106777, 0.707106783, -5.62818991e-005, 4.02609789e-005, 3.93336462e-005, 0.999999998, 0.707106782, -0.70710678, -6.86270881e-007, 0.707106778, 0.70710678, -7.51410934e-005, 5.36180434e-005, 5.264751e-005, 0.999999997, 0, 0, 0, 0, 0, 0, 0, 0.118462646, -0.119612549, -0.138752222, -0.523113906, 0.547842088, -0.652699311, -0.636352539, 0.258178711, 0.726806641, 0.566839118, 0.795676748, 0.213745012, 0, 0, 0, 0, 0, 0, 0, 0.180328516, -0.0782077148, -0.126184521, -0.199517903, 0.284882489, -0.937572378, 0.387939453, -0.85559082, -0.342529297, -0.89980798, -0.432061204, 0.0601634961, 1, 3, 5, 0, 
936.172292, 66, 0.1, 0.1, 0.225, -0.115000021, -0.0199452204, 0.707106781, -0.707106781, -7.6059235e-007, 0.707106779, 0.70710678, 6.88181985e-005, -4.81239948e-005, -4.91996349e-005, 0.999999998, 0.707106783, -0.707106779, -8.09193025e-007, 0.707106776, 0.70710678, 9.24266542e-005, -6.47833279e-005, -6.59277e-005, 0.999999996, 0, 0, 0, 0, 0, 0, 0, 0.119240039, -0.119761084, -0.138544727, -0.521076242, 0.549377264, -0.653092092, -0.636962891, 0.258789062, 0.726074219, 0.567999487, 0.794444865, 0.215166734, 0, 0, 0, 0, 0, 0, 0, 0.180328516, -0.0782077148, -0.126184521, -0.197984525, 0.285604702, -0.937687583, 0.387207031, -0.855957031, -0.342407227, -0.900383271, -0.430757869, 0.0589239605, 1, 3, 5, 0, 
936.17313, 66, 0.1, 0.1, 0.225, -0.115000004, -0.019939894, 0.707106787, -0.707106775, -8.94712676e-007, 0.707106772, 0.707106784, -9.27279622e-005, 6.62012277e-005, 6.49359141e-005, 0.999999996, 0.707106785, -0.707106777, -1.0422528e-006, 0.707106773, 0.70710678, -0.000114303719, 8.15619184e-005, 8.00879513e-005, 0.999999993, 0, 0, 0, 0, 0, 0, 0, 0.119240039, -0.119761084, -0.138544727, -0.521076242, 0.549377264, -0.653092092, -0.636962891, 0.258789062, 0.726074219, 0.567999487, 0.794444865, 0.215166734, 0, 0, 0, 0, 0, 0, 0, 0.181087598, -0.0785790039, -0.125994971, -0.197984525, 0.285604702, -0.937687583, 0.387207031, -0.855957031, -0.342407227, -0.900383271, -0.430757869, 0.0589239605, 1, 3, 5, 0, 
936.17396, 66, 0.1, 0.1, 0.225, -0.115000019, -0.0199425284, 0.70710678, -0.707106783, -2.42139705e-006, 0.70710678, 0.707106776, 9.58096207e-005, -6.60354464e-005, -6.94598186e-005, 0.999999995, 0.707106785, -0.707106778, 4.38230882e-007, 0.707106773, 0.70710678, 0.000113142566, -8.03137513e-005, -7.9694e-005, 0.999999994, 0, 0, 0, 0, 0, 0, 0, 0.119240039, -0.119761084, -0.138544727, -0.521076242, 0.549377264, -0.653092092, -0.636962891, 0.258789062, 0.726074219, 0.567999487, 0.794444865, 0.215166734, 0, 0, 0, 0, 0, 0, 0, 0.181087598, -0.0785790039, -0.125994971, -0.197984525, 0.285604702, -0.937687583, 0.387207031, -0.855957031, -0.342407227, -0.900383271, -0.430757869, 0.0589239605, 1, 3, 5, 0, 
936.17478, 66, 0.1, 0.1, 0.225000001, -0.115000009, -0.0199525116, 0.707106741, -0.707106821, -1.50809912e-006, 0.70710682, 0.707106739, -7.13417748e-005, 5.15126427e-005, 4.93798627e-005, 0.999999997, 0.707106751, -0.707106811, -3.64721943e-006, 0.707106808, 0.707106749, -8.20409627e-005, 6.0590697e-005, 5.54327449e-005, 0.999999997, 0, 0, 0, 0, 0, 0, 0, 0.119784668, -0.119875684, -0.138521899, -0.519241522, 0.551597653, -0.65276746, -0.637207031, 0.258911133, 0.725830078, 0.569439183, 0.792857271, 0.21721638, 0, 0, 0, 0, 0, 0, 0, 0.181087598, -0.0785790039, -0.125994971, -0.196451147, 0.286256553, -0.937777269, 0.38684082, -0.856079102, -0.342407227, -0.900958563, -0.429952901, 0.0574416216, 1, 3, 5, 0, 
936.175572, 66, 0.1, 0.1, 0.225, -0.115000015, -0.0199650618, 0.70710668, -0.707106883, 6.49265737e-006, 0.707106882, 0.707106679, 4.79286108e-005, -3.84816519e-005, -2.92996381e-005, 0.999999999, 0.70710669, -0.707106872, 6.3836935e-006, 0.707106871, 0.707106689, 5.55885382e-005, -4.38209898e-005, -3.47930738e-005, 0.999999998, 0, 0, 0, 0, 0, 0, 0, 0.119784668, -0.119875684, -0.138521899, -0.519241522, 0.551597653, -0.65276746, -0.637207031, 0.258911133, 0.725830078, 0.569439183, 0.792857271, 0.21721638, 0, 0, 0, 0, 0, 0, 0, 0.181623437, -0.0787421875, -0.125808838, -0.196451147, 0.286256553, -0.937777269, 0.38684082, -0.856079102, -0.342407227, -0.900958563, -0.429952901, 0.0574416216, 1, 3, 5, 0, 
936.176363, 66, 0.1, 0.1, 0.224999999, -0.115000009, -0.0199763889, 0.707106634, -0.707106929, -3.75135374e-007, 0.707106928, 0.707106633, -4.19177899e-005, 2.99056204e-005, 2.93750864e-005, 0.999999999, 0.707106639, -0.707106924, 1.90546845e-006, 0.707106923, 0.707106638, -4.559942e-005, 3.08962962e-005, 3.35910225e-005, 0.999999999, 0, 0, 0, 0, 0, 0, 0, 0.119784668, -0.119875684, -0.138521899, -0.519241522, 0.551597653, -0.65276746, -0.637207031, 0.258911133, 0.725830078, 0.569439183, 0.792857271, 0.21721638, 0, 0, 0, 0, 0, 0, 0, 0.181623437, -0.0787421875, -0.125808838, -0.196451147, 0.286256553, -0.937777269, 0.38684082, -0.856079102, -0.342407227, -0.900958563, -0.429952901, 0.0574416216, 1, 3, 5, 0, 
936.177153, 66, 0.1, 0.1, 0.224999998, -0.115000012, -0.0199829997, 0.707106721, -0.707106841, 1.90115451e-005, 0.70710684, 0.707106722, 3.80961044e-005, -4.03812073e-005, -1.34948179e-005, 0.999999999, 0.707106684, -0.707106878, 1.26758576e-005, 0.707106877, 0.707106684, 3.41413072e-005, -3.31047368e-005, -1.51783604e-005, 0.999999999, 0, 0, 0, 0, 0, 0, 0, 0.119784668, -0.119875684, -0.138521899, -0.519241522, 0.551597653, -0.65276746, -0.637207031, 0.258911133, 0.725830078, 0.569439183, 0.792857271, 0.21721638, 0, 0, 0, 0, 0, 0, 0, 0.181623437, -0.0787421875, -0.125808838, -0.196451147, 0.286256553, -0.937777269, 0.38684082, -0.856079102, -0.342407227, -0.900958563, -0.429952901, 0.0574416216, 1, 3, 5, 0, 
936.177944, 66, 0.1, 0.1, 0.224999994, -0.115000014, -0.0199833812, 0.707107027, -0.707106535, -8.49996681e-006, 0.707106535, 0.707107027, -1.67778241e-005, 1.78740954e-005, 5.85333527e-006, 1, 0.707106943, -0.70710662, 1.20009127e-005, 0.70710662, 0.707106943, -4.89461095e-006, -5.02491688e-006, 1.19469382e-005, 1, 0, 0, 0, 0, 0, 0, 0, 0.119784668, -0.119875684, -0.138521899, -0.519241522, 0.551597653, -0.65276746, -0.637207031, 0.258911133, 0.725830078, 0.569439183, 0.792857271, 0.21721638, 0, 0, 0, 0, 0, 0, 0, 0.181623437, -0.0787421875, -0.125808838, -0.196451147, 0.286256553, -0.937777269, 0.38684082, -0.856079102, -0.342407227, -0.900958563, -0.429952901, 0.0574416216, 1, 3, 5, 0, 
936.178732, 66, 0.1, 0.1, 0.225, -0.115000009, -0.019977903, 0.707107505, -0.707106057, 6.85923876e-007, 0.707106057, 0.707107505, -2.12742197e-005, 1.45581077e-005, 1.55281813e-005, 1, 0.707107415, -0.707106147, -2.23104024e-005, 0.707106147, 0.707107415, -2.18603601e-005, 3.1233446e-005, -3.18199931e-007, 1, 0, 0, 0, 0, 0, 0, 0, 0.119784668, -0.119875684, -0.138521899, -0.519241522, 0.551597653, -0.65276746, -0.637207031, 0.258911133, 0.725830078, 0.569439183, 0.792857271, 0.21721638, 0, 0, 0, 0, 0, 0, 0, 0.181623437, -0.0787421875, -0.125808838, -0.196451147, 0.286256553, -0.937777269, 0.38684082, -0.856079102, -0.342407227, -0.900958563, -0.429952901, 0.0574416216, 1, 3, 5, 0, 
936.179551, 66, 0.1, 0.1, 0.224999997, -0.115000012, -0.0199683965, 0.70710767, -0.707105892, -2.08550558e-005, 0.707105892, 0.70710767, 1.95151114e-005, 9.47519656e-007, -2.85460178e-005, 1, 0.707107675, -0.707105888, 1.19989947e-006, 0.707105888, 0.707107674, 2.63638341e-005, -1.94904805e-005, -1.77936135e-005, 1, 0, 0, 0, 0, 0, 0, 0, 0.120526172, -0.120221704, -0.138478076, -0.517883079, 0.553634194, -0.652042934, -0.637573242, 0.258178711, 0.725708008, 0.570212762, 0.791669571, 0.219449873, 0, 0, 0, 0, 0, 0, 0, 0.181623437, -0.0787421875, -0.125808838, -0.194566324, 0.287055325, -0.937828674, 0.38684082, -0.856201172, -0.342285156, -0.901374174, -0.429377975, 0.055595078, 1, 3, 5, 0, 
936.180342, 66, 0.1, 0.1, 0.224999995, -0.115000012, -0.0199589826, 0.707107582, -0.70710598, 2.90741422e-005, 0.707105981, 0.707107582, -1.10682217e-005, -1.27321406e-005, 2.83849233e-005, 1, 0.707107594, -0.707105967, 3.78553733e-005, 0.707105968, 0.707107594, -6.18750507e-006, -2.23926002e-005, 3.11429922e-005, 0.999999999, 0, 0, 0, 0, 0, 0, 0, 0.120526172, -0.120221704, -0.138478076, -0.517883079, 0.553634194, -0.652042934, -0.637573242, 0.258178711, 0.725708008, 0.570212762, 0.791669571, 0.219449873, 0, 0, 0, 0, 0, 0, 0, 0.182632373, -0.0791237305, -0.125627832, -0.194566324, 0.287055325, -0.937828674, 0.38684082, -0.856201172, -0.342285156, -0.901374174, -0.429377975, 0.055595078, 1, 3, 5, 0, 
936.18113, 66, 0.1, 0.1, 0.224999998, -0.115000015, -0.0199526864, 0.707107771, -0.707105791, 4.41907823e-006, 0.707105791, 0.707107771, 2.49403435e-005, -2.07602259e-005, -1.45107549e-005, 1, 0.707107695, -0.707105867, -1.43765985e-005, 0.707105867, 0.707107695, 3.42464028e-005, -1.40500289e-005, -3.43816721e-005, 0.999999999, 0, 0, 0, 0, 0, 0, 0, 0.120526172, -0.120221704, -0.138478076, -0.517883079, 0.553634194, -0.652042934, -0.637573242, 0.258178711, 0.725708008, 0.570212762, 0.791669571, 0.219449873, 0, 0, 0, 0, 0, 0, 0, 0.182632373, -0.0791237305, -0.125627832, -0.194566324, 0.287055325, -0.937828674, 0.38684082, -0.856201172, -0.342285156, -0.901374174, -0.429377975, 0.055595078, 1, 3, 5, 0, 
936.181922, 66, 0.1, 0.1, 0.224999997, -0.11500001, -0.0199510909, 0.707108404, -0.707105158, -8.46385307e-006, 0.707105158, 0.707108404, 1.91195727e-005, -7.53468685e-006, -1.95044447e-005, 1, 0.707108262, -0.707105301, -1.13093569e-006, 0.7071053, 0.707108262, -2.46585811e-005, 1.82359073e-005, 1.66365958e-005, 1, 0, 0, 0, 0, 0, 0, 0, 0.120526172, -0.120221704, -0.138478076, -0.517883079, 0.553634194, -0.652042934, -0.637573242, 0.258178711, 0.725708008, 0.570212762, 0.791669571, 0.219449873, 0, 0, 0, 0, 0, 0, 0, 0.182632373, -0.0791237305, -0.125627832, -0.194566324, 0.287055325, -0.937828674, 0.38684082, -0.856201172, -0.342285156, -0.901374174, -0.429377975, 0.055595078, 1, 3, 5, 0, 
936.182713, 66, 0.1, 0.1, 0.225, -0.11500001, -0.0199543756, 0.707108905, -0.707104658, 1.26506514e-005, 0.707104657, 0.707108904, -3.40943491e-005, 1.51628848e-005, 3.30537524e-005, 0.999999999, 0.707108849, -0.707104714, -5.96215741e-006, 0.707104713, 0.707108849, -2.92833132e-005, 2.4922263e-005, 1.64906202e-005, 1, 0, 0, 0, 0, 0, 0, 0, 0.120526172, -0.120221704, -0.138478076, -0.517883079, 0.553634194, -0.652042934, -0.637573242, 0.258178711, 0.725708008, 0.570212762, 0.791669571, 0.219449873, 0, 0, 0, 0, 0, 0, 0, 0.182632373, -0.0791237305, -0.125627832, -0.194566324, 0.287055325, -0.937828674, 0.38684082, -0.856201172, -0.342285156, -0.901374174, -0.429377975, 0.055595078, 1, 3, 5, 0, 
936.183504, 66, 0.1, 0.1, 0.225, -0.115000011, -0.0199610381, 0.707108883, -0.707104679, -3.01839835e-005, 0.70710468, 0.707108883, 8.08340606e-006, 1.56275486e-005, -2.70590842e-005, 1, 0.707108919, -0.707104643, -2.60819431e-005, 0.707104644, 0.707108919, 1.29224466e-005, 9.30525256e-006, -2.75802403e-005, 1, 0, 0, 0, 0, 0, 0, 0, 0.120526172, -0.120221704, -0.138478076, -0.517883079, 0.553634194, -0.652042934, -0.637573242, 0.258178711, 0.725708008, 0.570212762, 0.791669571, 0.219449873, 0, 0, 0, 0, 0, 0, 0, 0.182632373, -0.0791237305, -0.125627832, -0.194566324, 0.287055325, -0.937828674, 0.38684082, -0.856201172, -0.342285156, -0.901374174, -0.429377975, 0.055595078, 1, 3, 5, 0, 
936.184325, 66, 0.1, 0.1, 0.224999997, -0.11500001, -0.0199688073, 0.707108687, -0.707104875, 6.78410933e-006, 0.707104875, 0.707108687, -1.43027549e-005, 5.31644509e-006, 1.4910679e-005, 1, 0.707108719, -0.707104843, 2.72736837e-005, 0.707104843, 0.707108719, -1.09586437e-005, -1.15365495e-005, 2.70343063e-005, 1, 0, 0, 0, 0, 0, 0, 0, 0.121450269, -0.1203479, -0.138640527, -0.51730533, 0.55558836, -0.650975801, -0.637695312, 0.256958008, 0.726196289, 0.570739215, 0.790742101, 0.221505511, 0, 0, 0, 0, 0, 0, 0, 0.182632373, -0.0791237305, -0.125627832, -0.193326788, 0.28739401, -0.938052521, 0.387084961, -0.856079102, -0.342163086, -0.901489379, -0.429096893, 0.054221381, 1, 3, 5, 0, 
936.185115, 66, 0.1, 0.1, 0.224999998, -0.115000012, -0.019974366, 0.707108766, -0.707104796, 1.59948651e-005, 0.707104796, 0.707108766, 5.86327557e-007, -1.17247043e-005, 1.08954484e-005, 1, 0.707108728, -0.707104834, 6.393624e-006, 0.707104834, 0.707108728, 1.64799418e-005, -1.61740339e-005, -7.13214826e-006, 1, 0, 0, 0, 0, 0, 0, 0, 0.121450269, -0.1203479, -0.138640527, -0.51730533, 0.55558836, -0.650975801, -0.637695312, 0.256958008, 0.726196289, 0.570739215, 0.790742101, 0.221505511, 0, 0, 0, 0, 0, 0, 0, 0.183604932, -0.0793186523, -0.125671533, -0.193326788, 0.28739401, -0.938052521, 0.387084961, -0.856079102, -0.342163086, -0.901489379, -0.429096893, 0.054221381, 1, 3, 5, 0, 
936.185945, 66, 0.1, 0.1, 0.224999997, -0.115000011, -0.0199764981, 0.707109065, -0.707104498, -2.29344688e-006, 0.707104498, 0.707109064, 2.29210484e-005, -1.45858593e-005, -1.78293877e-005, 1, 0.707108998, -0.707104565, 2.07374816e-006, 0.707104564, 0.707108998, 1.28677969e-005, -1.05652439e-005, -7.63257818e-006, 1, 0, 0, 0, 0, 0, 0, 0, 0.121450269, -0.1203479, -0.138640527, -0.51730533, 0.55558836, -0.650975801, -0.637695312, 0.256958008, 0.726196289, 0.570739215, 0.790742101, 0.221505511, 0, 0, 0, 0, 0, 0, 0, 0.183604932, -0.0793186523, -0.125671533, -0.193326788, 0.28739401, -0.938052521, 0.387084961, -0.856079102, -0.342163086, -0.901489379, -0.429096893, 0.054221381, 1, 3, 5, 0, 
936.18683, 66, 0.1, 0.1, 0.224999996, -0.11500001, -0.019973227, 0.707109214, -0.707104348, 2.21288883e-005, 0.707104348, 0.707109214, -7.21490788e-006, -1.05458481e-005, 2.07491609e-005, 1, 0.707109213, -0.70710435, 1.34578776e-005, 0.70710435, 0.707109212, -2.00443034e-005, 4.65722489e-006, 2.36896354e-005, 1, 0, 0, 0, 0, 0, 0, 0, 0.121450269, -0.1203479, -0.138640527, -0.51730533, 0.55558836, -0.650975801, -0.637695312, 0.256958008, 0.726196289, 0.570739215, 0.790742101, 0.221505511, 0, 0, 0, 0, 0, 0, 0, 0.183604932, -0.0793186523, -0.125671533, -0.193326788, 0.28739401, -0.938052521, 0.387084961, -0.856079102, -0.342163086, -0.901489379, -0.429096893, 0.054221381, 1, 3, 5, 0, 
936.187635, 66, 0.1, 0.1, 0.224999998, -0.115000012, -0.0199671249, 0.707109026, -0.707104537, -1.33331021e-005, 0.707104537, 0.707109026, 1.69053499e-006, 8.23257187e-006, -1.06232895e-005, 1, 0.70710908, -0.707104482, -2.74804846e-005, 0.707104482, 0.70710908, 7.02245923e-006, 1.44660878e-005, -2.43972185e-005, 1, 0, 0, 0, 0, 0, 0, 0, 0.121450269, -0.1203479, -0.138640527, -0.51730533, 0.55558836, -0.650975801, -0.637695312, 0.256958008, 0.726196289, 0.570739215, 0.790742101, 0.221505511, 0, 0, 0, 0, 0, 0, 0, 0.184835645, -0.0795487305, -0.12550542, -0.191614406, 0.287445049, -0.93835949, 0.388061523, -0.855957031, -0.341430664, -0.901432143, -0.429582499, 0.0524707193, 1, 3, 5, 0, 
936.188424, 66, 0.1, 0.1, 0.224999997, -0.11500001, -0.0199610837, 0.707108811, -0.707104751, -2.79863706e-005, 0.707104751, 0.707108811, 1.10368667e-006, 1.90089871e-005, -2.05697222e-005, 1, 0.707108825, -0.707104737, -3.47857468e-006, 0.707104737, 0.707108825, -1.53531376e-005, 1.33160072e-005, 8.39662244e-006, 1, 0, 0, 0, 0, 0, 0, 0, 0.121450269, -0.1203479, -0.138640527, -0.51730533, 0.55558836, -0.650975801, -0.637695312, 0.256958008, 0.726196289, 0.570739215, 0.790742101, 0.221505511, 0, 0, 0, 0, 0, 0, 0, 0.184835645, -0.0795487305, -0.12550542, -0.191614406, 0.287445049, -0.93835949, 0.388061523, -0.855957031, -0.341430664, -0.901432143, -0.429582499, 0.0524707193, 1, 3, 5, 0, 
936.189231, 66, 0.1, 0.1, 0.224999998, -0.115000011, -0.0199568183, 0.70710902, -0.707104543, 1.24381408e-005, 0.707104543, 0.707109019, -3.61484868e-005, 1.67656377e-005, 3.4355987e-005, 0.999999999, 0.707108926, -0.707104636, 1.92658074e-005, 0.707104636, 0.707108926, -6.74432181e-006, -8.85408317e-006, 1.83919119e-005, 1, 0, 0, 0, 0, 0, 0, 0, 0.121450269, -0.1203479, -0.138640527, -0.516797973, 0.556432332, -0.650511505, -0.638671875, 0.255249023, 0.725830078, 0.570040898, 0.790608429, 0.223656629, 0, 0, 0, 0, 0, 0, 0, 0.184835645, -0.0795487305, -0.12550542, -0.191614406, 0.287445049, -0.93835949, 0.388061523, -0.855957031, -0.341430664, -0.901432143, -0.429582499, 0.0524707193, 1, 3, 5, 0, 
936.190024, 66, 0.1, 0.1, 0.224999999, -0.115000012, -0.0199555988, 0.707109486, -0.707104076, -1.7434799e-005, 0.707104076, 0.707109486, 2.84997004e-005, -7.82394256e-006, -3.24806259e-005, 0.999999999, 0.707109402, -0.70710416, -1.28793762e-005, 0.70710416, 0.707109401, 3.51531633e-005, -1.57498201e-005, -3.39641928e-005, 0.999999999, 0, 0, 0, 0, 0, 0, 0, 0.122590283, -0.120528418, -0.138610254, -0.516797973, 0.556432332, -0.650511505, -0.638671875, 0.255249023, 0.725830078, 0.570040898, 0.790608429, 0.223656629, 0, 0, 0, 0, 0, 0, 0, 0.184835645, -0.0795487305, -0.12550542, -0.191614406, 0.287445049, -0.93835949, 0.388061523, -0.855957031, -0.341430664, -0.901432143, -0.429582499, 0.0524707193, 1, 3, 5, 0, 
936.190812, 66, 0.1, 0.1, 0.224999997, -0.115000009, -0.0199577326, 0.707109631, -0.707103931, 2.56344275e-005, 0.707103931, 0.707109631, 4.02576197e-006, -2.09729827e-005, 1.52795494e-005, 1, 0.707109644, -0.707103918, 3.11383661e-005, 0.707103919, 0.707109644, -1.30825933e-005, -1.27674859e-005, 3.12688886e-005, 0.999999999, 0, 0, 0, 0, 0, 0, 0, 0.122590283, -0.120528418, -0.138610254, -0.516797973, 0.556432332, -0.650511505, -0.638671875, 0.255249023, 0.725830078, 0.570040898, 0.790608429, 0.223656629, 0, 0, 0, 0, 0, 0, 0, 0.184835645, -0.0795487305, -0.12550542, -0.191614406, 0.287445049, -0.93835949, 0.388061523, -0.855957031, -0.341430664, -0.901432143, -0.429582499, 0.0524707193, 1, 3, 5, 0, 
936.191617, 66, 0.1, 0.1, 0.224999999, -0.115000011, -0.0199623385, 0.707109338, -0.707104224, 2.40861778e-005, 0.707104224, 0.707109338, -5.71716963e-007, -1.66272977e-005, 1.74357044e-005, 1, 0.707109416, -0.707104146, -1.32177876e-005, 0.707104146, 0.707109416, 5.30575739e-006, 5.59469905e-006, -1.30981035e-005, 1, 0, 0, 0, 0, 0, 0, 0, 0.122590283, -0.120528418, -0.138610254, -0.515655578, 0.557580719, -0.6504662, -0.639526367, 0.254638672, 0.725341797, 0.570230736, 0.790055767, 0.225503332, 0, 0, 0, 0, 0, 0, 0, 0.184835645, -0.0795487305, -0.12550542, -0.191614406, 0.287445049, -0.93835949, 0.388061523, -0.855957031, -0.341430664, -0.901432143, -0.429582499, 0.0524707193, 1, 3, 5, 0, 
936.19242, 66, 0.1, 0.1, 0.224999998, -0.115000008, -0.0199672304, 0.707109062, -0.707104499, -4.21384471e-005, 0.707104499, 0.707109063, -1.68847791e-005, 4.17357811e-005, -1.78569052e-005, 0.999999999, 0.707109111, -0.707104451, -2.26559623e-005, 0.707104451, 0.707109111, -1.50855848e-005, 2.66873216e-005, -5.3529773e-006, 1, 0, 0, 0, 0, 0, 0, 0, 0.123542212, -0.120471411, -0.138379077, -0.515655578, 0.557580719, -0.6504662, -0.639526367, 0.254638672, 0.725341797, 0.570230736, 0.790055767, 0.225503332, 0, 0, 0, 0, 0, 0, 0, 0.185818213, -0.0797885742, -0.125332471, -0.190266229, 0.287202246, -0.938717498, 0.388671875, -0.855957031, -0.340698242, -0.901413186, -0.429608019, 0.051205664, 1, 3, 5, 0, 
936.19321, 66, 0.1, 0.1, 0.225, -0.115000006, -0.0199711738, 0.707108761, -0.707104801, 3.40504925e-005, 0.707104801, 0.707108761, 1.28626108e-005, -3.31726154e-005, 1.4982002e-005, 0.999999999, 0.707108848, -0.707104714, 2.29107119e-005, 0.707104714, 0.707108848, -1.89166828e-006, -1.48627595e-005, 1.75378877e-005, 1, 0, 0, 0, 0, 0, 0, 0, 0.123542212, -0.120471411, -0.138379077, -0.515655578, 0.557580719, -0.6504662, -0.639526367, 0.254638672, 0.725341797, 0.570230736, 0.790055767, 0.225503332, 0, 0, 0, 0, 0, 0, 0, 0.185818213, -0.0797885742, -0.125332471, -0.190266229, 0.287202246, -0.938717498, 0.388671875, -0.855957031, -0.340698242, -0.901413186, -0.429608019, 0.051205664, 1, 3, 5, 0, 
936.194003, 66, 0.1, 0.1, 0.225, -0.115000012, -0.0199729632, 0.70710812, -0.707105442, -2.1782506e-005, 0.707105442, 0.70710812, 3.71405666e-006, 1.27763572e-005, -1.80287682e-005, 1, 0.707108276, -0.707105286, -2.0167306e-005, 0.707105286, 0.707108276, 1.97034812e-005, 3.28033249e-007, -2.81929033e-005, 1, 0, 0, 0, 0, 0, 0, 0, 0.123542212, -0.120471411, -0.138379077, -0.515655578, 0.557580719, -0.6504662, -0.639526367, 0.254638672, 0.725341797, 0.570230736, 0.790055767, 0.225503332, 0, 0, 0, 0, 0, 0, 0, 0.185818213, -0.0797885742, -0.125332471, -0.190266229, 0.287202246, -0.938717498, 0.388671875, -0.855957031, -0.340698242, -0.901413186, -0.429608019, 0.051205664, 1, 3, 5, 0, 
936.194796, 66, 0.1, 0.1, 0.224999999, -0.115000012, -0.0199721374, 0.707107196, -0.707106367, 6.45227557e-006, 0.707106367, 0.707107196, 8.04876461e-006, -1.02537832e-005, -1.12889424e-006, 1, 0.707107387, -0.707106175, 9.83791989e-006, 0.707106175, 0.707107387, 1.05523776e-005, -1.44181172e-005, -5.05210215e-007, 1, 0, 0, 0, 0, 0, 0, 0, 0.123542212, -0.120471411, -0.138379077, -0.515655578, 0.557580719, -0.6504662, -0.639526367, 0.254638672, 0.725341797, 0.570230736, 0.790055767, 0.225503332, 0, 0, 0, 0, 0, 0, 0, 0.185818213, -0.0797885742, -0.125332471, -0.190266229, 0.287202246, -0.938717498, 0.388671875, -0.855957031, -0.340698242, -0.901413186, -0.429608019, 0.051205664, 1, 3, 5, 0, 
936.195584, 66, 0.1, 0.1, 0.224999998, -0.115000012, -0.0199691902, 0.707106349, -0.707107213, 1.92670433e-005, 0.707107213, 0.707106349, 1.17599729e-005, -2.19394103e-005, 5.30831373e-006, 1, 0.707106488, -0.707107074, 8.32341346e-006, 0.707107074, 0.707106488, 1.5194474e-005, -1.66296597e-005, -4.85856659e-006, 1, 0, 0, 0, 0, 0, 0, 0, 0.123542212, -0.120471411, -0.138379077, -0.515655578, 0.557580719, -0.6504662, -0.639526367, 0.254638672, 0.725341797, 0.570230736, 0.790055767, 0.225503332, 0, 0, 0, 0, 0, 0, 0, 0.185818213, -0.0797885742, -0.125332471, -0.190266229, 0.287202246, -0.938717498, 0.388671875, -0.855957031, -0.340698242, -0.901413186, -0.429608019, 0.051205664, 1, 3, 5, 0, 
936.19639, 66, 0.1, 0.1, 0.224999998, -0.115000013, -0.0199651454, 0.707105691, -0.707107871, 1.52924714e-005, 0.707107871, 0.707105691, 1.17124353e-005, -1.90953488e-005, 2.53149722e-006, 1, 0.707105841, -0.707107721, 1.81846045e-006, 0.707107721, 0.707105841, -3.24533498e-006, 1.00895741e-006, 3.58064274e-006, 1, 0, 0, 0, 0, 0, 0, 0, 0.123542212, -0.120471411, -0.138379077, -0.514671942, 0.558729105, -0.650319424, -0.640258789, 0.25390625, 0.724975586, 0.570198536, 0.789503105, 0.227210372, 0, 0, 0, 0, 0, 0, 0, 0.185818213, -0.0797885742, -0.125332471, -0.190266229, 0.287202246, -0.938717498, 0.388671875, -0.855957031, -0.340698242, -0.901413186, -0.429608019, 0.051205664, 1, 3, 5, 0, 
936.197195, 66, 0.1, 0.1, 0.224999999, -0.115000014, -0.0199611147, 0.707104939, -0.707108624, -1.46720242e-005, 0.707108624, 0.707104939, 3.4187465e-006, 7.95723566e-006, -1.27921274e-005, 1, 0.707105072, -0.70710849, -9.60054418e-006, 0.70710849, 0.707105072, -1.09074365e-005, 1.45013344e-005, 9.2407736e-007, 1, 0, 0, 0, 0, 0, 0, 0, 0.124485352, -0.120637646, -0.13814314, -0.514671942, 0.558729105, -0.650319424, -0.640258789, 0.25390625, 0.724975586, 0.570198536, 0.789503105, 0.227210372, 0, 0, 0, 0, 0, 0, 0, 0.186544336, -0.0800135254, -0.125137793, -0.189403658, 0.287215006, -0.938870983, 0.389038086, -0.855957031, -0.340332031, -0.901445269, -0.42972942, 0.0503303332, 1, 3, 5, 0, 
936.197987, 66, 0.1, 0.1, 0.225, -0.115000015, -0.0199588977, 0.707104475, -0.707109087, -2.51283422e-005, 0.707109087, 0.707104475, -9.64600447e-006, 2.45891406e-005, -1.09477462e-005, 1, 0.707104557, -0.707109005, -1.97638238e-005, 0.707109005, 0.707104558, -3.53883495e-006, 1.64774319e-005, -1.14728514e-005, 1, 0, 0, 0, 0, 0, 0, 0, 0.124485352, -0.120637646, -0.13814314, -0.514671942, 0.558729105, -0.650319424, -0.640258789, 0.25390625, 0.724975586, 0.570198536, 0.789503105, 0.227210372, 0, 0, 0, 0, 0, 0, 0, 0.186544336, -0.0800135254, -0.125137793, -0.189403658, 0.287215006, -0.938870983, 0.389038086, -0.855957031, -0.340332031, -0.901445269, -0.42972942, 0.0503303332, 1, 3, 5, 0, 
936.198777, 66, 0.1, 0.1, 0.225000001, -0.115000014, -0.0199590168, 0.70710394, -0.707109623, -1.05184606e-005, 0.707109622, 0.70710394, -1.81886933e-005, 2.0299045e-005, 5.42359201e-006, 1, 0.707104058, -0.707109504, -5.57730294e-006, 0.707109504, 0.707104058, 8.14165804e-006, -1.81331024e-006, -9.70076336e-006, 1, 0, 0, 0, 0, 0, 0, 0, 0.124485352, -0.120637646, -0.13814314, -0.514671942, 0.558729105, -0.650319424, -0.640258789, 0.25390625, 0.724975586, 0.570198536, 0.789503105, 0.227210372, 0, 0, 0, 0, 0, 0, 0, 0.186544336, -0.0800135254, -0.125137793, -0.189403658, 0.287215006, -0.938870983, 0.389038086, -0.855957031, -0.340332031, -0.901445269, -0.42972942, 0.0503303332, 1, 3, 5, 0, 
936.199568, 66, 0.1, 0.1, 0.225000002, -0.115000013, -0.0199612446, 0.707103513, -0.70711005, 9.1672818e-006, 0.70711005, 0.707103513, -3.98828671e-006, -3.66205954e-006, 9.30240864e-006, 1, 0.70710357, -0.707109992, 1.32933791e-005, 0.707109992, 0.70710357, 1.19317658e-006, -1.02435029e-005, 8.55618175e-006, 1, 0, 0, 0, 0, 0, 0, 0, 0.124485352, -0.120637646, -0.13814314, -0.514671942, 0.558729105, -0.650319424, -0.640258789, 0.25390625, 0.724975586, 0.570198536, 0.789503105, 0.227210372, 0, 0, 0, 0, 0, 0, 0, 0.186544336, -0.0800135254, -0.125137793, -0.189403658, 0.287215006, -0.938870983, 0.389038086, -0.855957031, -0.340332031, -0.901445269, -0.42972942, 0.0503303332, 1, 3, 5, 0, 
936.20036, 66, 0.1, 0.1, 0.225000003, -0.115000012, -0.0199647074, 0.707103193, -0.707110369, 8.64666132e-006, 0.707110369, 0.707103194, 1.17218249e-005, -1.44027057e-005, -2.17439593e-006, 1, 0.707103278, -0.707110284, 1.21635193e-005, 0.707110285, 0.707103278, -2.13078013e-006, -7.09416782e-006, 1.01076312e-005, 1, 0, 0, 0, 0, 0, 0, 0, 0.124485352, -0.120637646, -0.13814314, -0.514671942, 0.558729105, -0.650319424, -0.640258789, 0.25390625, 0.724975586, 0.570198536, 0.789503105, 0.227210372, 0, 0, 0, 0, 0, 0, 0, 0.186544336, -0.0800135254, -0.125137793, -0.189403658, 0.287215006, -0.938870983, 0.389038086, -0.855957031, -0.340332031, -0.901445269, -0.42972942, 0.0503303332, 1, 3, 5, 0, 
936.201169, 66, 0.1, 0.1, 0.225000002, -0.115000011, -0.0199681779, 0.707102792, -0.70711077, 8.39383971e-006, 0.70711077, 0.707102792, 1.15226397e-005, -1.40830901e-005, -2.21231626e-006, 1, 0.707102857, -0.707110705, -5.50469382e-006, 0.707110705, 0.707102857, -2.29762892e-006, 5.51706273e-006, -2.26776796e-006, 1, 0, 0, 0, 0, 0, 0, 0, 0.124485352, -0.120637646, -0.13814314, -0.513516443, 0.560403944, -0.649747665, -0.640136719, 0.25390625, 0.724975586, 0.571251442, 0.788372693, 0.228479326, 0, 0, 0, 0, 0, 0, 0, 0.186544336, -0.0800135254, -0.125137793, -0.189403658, 0.287215006, -0.938870983, 0.389038086, -0.855957031, -0.340332031, -0.901445269, -0.42972942, 0.0503303332, 1, 3, 5, 0, 
936.202064, 66, 0.1, 0.1, 0.225000001, -0.115000011, -0.0199698393, 0.707102574, -0.707110988, 1.04903786e-005, 0.707110989, 0.707102574, -8.16972226e-006, -1.6408733e-006, 1.31946936e-005, 1, 0.707102636, -0.707110926, -6.91213727e-006, 0.707110926, 0.707102636, -3.27385404e-006, 7.20256845e-006, -2.57269696e-006, 1, 0, 0, 0, 0, 0, 0, 0, 0.125217334, -0.120778735, -0.138110059, -0.513516443, 0.560403944, -0.649747665, -0.640136719, 0.25390625, 0.724975586, 0.571251442, 0.788372693, 0.228479326, 0, 0, 0, 0, 0, 0, 0, 0.187463672, -0.0801999023, -0.12514292, -0.188867012, 0.287489892, -0.938832703, 0.388427734, -0.856201172, -0.340332031, -0.901879836, -0.42884133, 0.0499661284, 1, 3, 5, 0, 
936.202967, 66, 0.1, 0.1, 0.225, -0.11500001, -0.0199674033, 0.707102381, -0.707111181, 3.95416591e-006, 0.707111181, 0.707102381, -6.904247e-006, 2.08607012e-006, 7.67804443e-006, 1, 0.707102414, -0.707111148, 8.69740833e-006, 0.707111148, 0.707102414, -4.13719128e-006, -3.22450435e-006, 9.07545233e-006, 1, 0, 0, 0, 0, 0, 0, 0, 0.125217334, -0.120778735, -0.138110059, -0.513516443, 0.560403944, -0.649747665, -0.640136719, 0.25390625, 0.724975586, 0.571251442, 0.788372693, 0.228479326, 0, 0, 0, 0, 0, 0, 0, 0.187463672, -0.0801999023, -0.12514292, -0.188867012, 0.287489892, -0.938832703, 0.388427734, -0.856201172, -0.340332031, -0.901879836, -0.42884133, 0.0499661284, 1, 3, 5, 0, 
936.203793, 66, 0.1, 0.1, 0.225, -0.115000011, -0.0199640145, 0.707102235, -0.707111327, -2.71112769e-006, 0.707111327, 0.707102235, 1.31094903e-005, -7.35282464e-006, -1.1186819e-005, 1, 0.707102259, -0.707111303, 2.58695332e-006, 0.707111303, 0.707102259, -3.17313616e-006, 4.14519913e-007, 4.07299568e-006, 1, 0, 0, 0, 0, 0, 0, 0, 0.126104932, -0.1207177, -0.138265063, -0.513592827, 0.561609618, -0.648540869, -0.640625, 0.251708984, 0.725341797, 0.570769172, 0.788181733, 0.230636435, 0, 0, 0, 0, 0, 0, 0, 0.187463672, -0.0801999023, -0.12514292, -0.188636969, 0.288026538, -0.938781664, 0.388793945, -0.855957031, -0.340698242, -0.901732915, -0.429275897, 0.049480522, 1, 3, 5, 0, 
936.204581, 66, 0.1, 0.1, 0.225000003, -0.11500001, -0.0199611811, 0.70710213, -0.707111432, -1.15483158e-007, 0.707111432, 0.70710213, 1.52861635e-005, -1.07273626e-005, -1.08905382e-005, 1, 0.707102133, -0.707111429, -1.68067757e-005, 0.707111429, 0.707102133, -3.74238526e-007, 1.21487353e-005, -1.16196384e-005, 1, 0, 0, 0, 0, 0, 0, 0, 0.126104932, -0.1207177, -0.138265063, -0.513592827, 0.561609618, -0.648540869, -0.640625, 0.251708984, 0.725341797, 0.570769172, 0.788181733, 0.230636435, 0, 0, 0, 0, 0, 0, 0, 0.188374951, -0.0801735352, -0.125149756, -0.188636969, 0.288026538, -0.938781664, 0.388793945, -0.855957031, -0.340698242, -0.901732915, -0.429275897, 0.049480522, 1, 3, 5, 0, 
936.20537, 66, 0.1, 0.1, 0.225000003, -0.115000011, -0.0199599776, 0.707102222, -0.707111341, 2.11252248e-006, 0.707111341, 0.707102222, -6.73090013e-006, 3.26572648e-006, 6.25322304e-006, 1, 0.707102208, -0.707111354, -1.46440277e-005, 0.707111354, 0.707102208, -2.76043776e-006, 1.23067612e-005, -8.40304663e-006, 1, 0, 0, 0, 0, 0, 0, 0, 0.126104932, -0.1207177, -0.138265063, -0.513592827, 0.561609618, -0.648540869, -0.640625, 0.251708984, 0.725341797, 0.570769172, 0.788181733, 0.230636435, 0, 0, 0, 0, 0, 0, 0, 0.188374951, -0.0801735352, -0.125149756, -0.188636969, 0.288026538, -0.938781664, 0.388793945, -0.855957031, -0.340698242, -0.901732915, -0.429275897, 0.049480522, 1, 3, 5, 0, 
936.206171, 66, 0.1, 0.1, 0.225000001, -0.115000012, -0.0199606566, 0.707102113, -0.707111449, -1.37827292e-006, 0.707111449, 0.707102113, -1.25772554e-005, 9.86810099e-006, 7.9188113e-006, 1, 0.707102138, -0.707111424, 3.61026129e-006, 0.707111424, 0.707102138, -7.62210279e-006, 2.83685248e-006, 7.94246218e-006, 1, 0, 0, 0, 0, 0, 0, 0, 0.126104932, -0.1207177, -0.138265063, -0.513592827, 0.561609618, -0.648540869, -0.640625, 0.251708984, 0.725341797, 0.570769172, 0.788181733, 0.230636435, 0, 0, 0, 0, 0, 0, 0, 0.188374951, -0.0801735352, -0.125149756, -0.188636969, 0.288026538, -0.938781664, 0.388793945, -0.855957031, -0.340698242, -0.901732915, -0.429275897, 0.049480522, 1, 3, 5, 0, 
936.206962, 66, 0.1, 0.1, 0.225, -0.115000013, -0.0199627707, 0.707102146, -0.707111416, -6.78457723e-006, 0.707111416, 0.707102146, -1.37554627e-006, 5.77005359e-006, -3.82480029e-006, 1, 0.707102122, -0.70711144, 1.70861603e-005, 0.70711144, 0.707102122, 4.4619888e-006, -1.52367836e-005, 8.9267377e-006, 1, 0, 0, 0, 0, 0, 0, 0, 0.126104932, -0.1207177, -0.138265063, -0.513592827, 0.561609618, -0.648540869, -0.640625, 0.251708984, 0.725341797, 0.570769172, 0.788181733, 0.230636435, 0, 0, 0, 0, 0, 0, 0, 0.188374951, -0.0801735352, -0.125149756, -0.188636969, 0.288026538, -0.938781664, 0.388793945, -0.855957031, -0.340698242, -0.901732915, -0.429275897, 0.049480522, 1, 3, 5, 0, 
936.207747, 66, 0.1, 0.1, 0.224999999, -0.115000013, -0.0199656402, 0.707102139, -0.707111423, 2.31904753e-006, 0.707111423, 0.707102139, 7.37462699e-006, -6.85448646e-006, -3.57478953e-006, 1, 0.70710216, -0.707111402, 7.85745759e-006, 0.707111402, 0.70710216, 1.28237856e-005, -1.46238703e-005, -3.51162865e-006, 1, 0, 0, 0, 0, 0, 0, 0, 0.126104932, -0.1207177, -0.138265063, -0.513592827, 0.561609618, -0.648540869, -0.640625, 0.251708984, 0.725341797, 0.570769172, 0.788181733, 0.230636435, 0, 0, 0, 0, 0, 0, 0, 0.188374951, -0.0801735352, -0.125149756, -0.188636969, 0.288026538, -0.938781664, 0.388793945, -0.855957031, -0.340698242, -0.901732915, -0.429275897, 0.049480522, 1, 3, 5, 0, 
936.208548, 66, 0.1, 0.1, 0.225, -0.115000012, -0.019968256, 0.707102087, -0.707111475, 1.17100076e-005, 0.707111475, 0.707102087, -1.91153771e-007, -8.14500377e-006, 8.41544596e-006, 1, 0.707102076, -0.707111487, 5.80399158e-007, 0.707111487, 0.707102076, 4.33049914e-006, -3.47254713e-006, -2.65169802e-006, 1, 0, 0, 0, 0, 0, 0, 0, 0.127241528, -0.120647144, -0.138215137, -0.513167845, 0.563018236, -0.647695775, -0.641235352, 0.25, 0.725463867, 0.570331086, 0.787711446, 0.232850832, 0, 0, 0, 0, 0, 0, 0, 0.188374951, -0.0801735352, -0.125149756, -0.188636969, 0.288026538, -0.938781664, 0.388793945, -0.855957031, -0.340698242, -0.901732915, -0.429275897, 0.049480522, 1, 3, 5, 0, 
936.209351, 66, 0.1, 0.1, 0.225000001, -0.11500001, -0.0199695009, 0.707102153, -0.707111409, 5.41622518e-006, 0.707111409, 0.707102153, -1.85736854e-006, -2.516458e-006, 5.14322391e-006, 1, 0.707102153, -0.707111409, -5.8081425e-006, 0.707111409, 0.707102153, -1.44427555e-005, 1.43195872e-005, 6.10549967e-006, 1, 0, 0, 0, 0, 0, 0, 0, 0.127241528, -0.120647144, -0.138215137, -0.513167845, 0.563018236, -0.647695775, -0.641235352, 0.25, 0.725463867, 0.570331086, 0.787711446, 0.232850832, 0, 0, 0, 0, 0, 0, 0, 0.18934751, -0.0803635742, -0.124961914, -0.187397433, 0.288512144, -0.938884109, 0.389160156, -0.855712891, -0.340698242, -0.90184812, -0.429224858, 0.0481195848, 1, 3, 5, 0, 
936.210169, 66, 0.1, 0.1, 0.225000003, -0.115000009, -0.0199690307, 0.70710206, -0.707111502, -1.35013972e-005, 0.707111502, 0.70710206, -3.58271764e-006, 1.20802467e-005, -7.01364626e-006, 1, 0.707102075, -0.707111488, -1.0787534e-005, 0.707111487, 0.707102075, -1.66241345e-005, 1.93830042e-005, 4.12697077e-006, 1, 0, 0, 0, 0, 0, 0, 0, 0.127241528, -0.120647144, -0.138215137, -0.513167845, 0.563018236, -0.647695775, -0.641235352, 0.25, 0.725463867, 0.570331086, 0.787711446, 0.232850832, 0, 0, 0, 0, 0, 0, 0, 0.18934751, -0.0803635742, -0.124961914, -0.187397433, 0.288512144, -0.938884109, 0.389160156, -0.855712891, -0.340698242, -0.90184812, -0.429224858, 0.0481195848, 1, 3, 5, 0, 
936.210961, 66, 0.1, 0.1, 0.225000003, -0.115000009, -0.0199672967, 0.707102128, -0.707111434, -1.44906786e-005, 0.707111434, 0.707102128, -4.41653377e-006, 1.33693712e-005, -7.1235841e-006, 1, 0.707102111, -0.707111451, -1.16588922e-005, 0.707111451, 0.707102111, -1.22176545e-006, 9.1079516e-006, -7.38022323e-006, 1, 0, 0, 0, 0, 0, 0, 0, 0.127241528, -0.120647144, -0.138215137, -0.513167845, 0.563018236, -0.647695775, -0.641235352, 0.25, 0.725463867, 0.570331086, 0.787711446, 0.232850832, 0, 0, 0, 0, 0, 0, 0, 0.18934751, -0.0803635742, -0.124961914, -0.187397433, 0.288512144, -0.938884109, 0.389160156, -0.855712891, -0.340698242, -0.90184812, -0.429224858, 0.0481195848, 1, 3, 5, 0, 
936.211748, 66, 0.1, 0.1, 0.225000002, -0.11500001, -0.0199650966, 0.707102078, -0.707111485, -1.35818993e-007, 0.707111485, 0.707102078, -6.77020749e-006, 4.88332936e-006, 4.69118861e-006, 1, 0.707102103, -0.70711146, 4.25940851e-006, 0.70711146, 0.707102102, 1.49382199e-005, -1.35748232e-005, -7.55097016e-006, 1, 0, 0, 0, 0, 0, 0, 0, 0.127241528, -0.120647144, -0.138215137, -0.513167845, 0.563018236, -0.647695775, -0.641235352, 0.25, 0.725463867, 0.570331086, 0.787711446, 0.232850832, 0, 0, 0, 0, 0, 0, 0, 0.18934751, -0.0803635742, -0.124961914, -0.187397433, 0.288512144, -0.938884109, 0.389160156, -0.855712891, -0.340698242, -0.90184812, -0.429224858, 0.0481195848, 1, 3, 5, 0, 
936.212541, 66, 0.1, 0.1, 0.225000001, -0.115000012, -0.0199631836, 0.707102078, -0.707111485, 1.39021307e-005, 0.707111485, 0.707102078, 6.26153972e-006, -1.42578321e-005, 5.40280852e-006, 1, 0.707102057, -0.707111505, 1.95171523e-005, 0.707111505, 0.707102057, 1.17557901e-005, -2.2113273e-005, 5.48825957e-006, 1, 0, 0, 0, 0, 0, 0, 0, 0.127241528, -0.120647144, -0.138215137, -0.513167845, 0.563018236, -0.647695775, -0.641235352, 0.25, 0.725463867, 0.570331086, 0.787711446, 0.232850832, 0, 0, 0, 0, 0, 0, 0, 0.18934751, -0.0803635742, -0.124961914, -0.187397433, 0.288512144, -0.938884109, 0.389160156, -0.855712891, -0.340698242, -0.90184812, -0.429224858, 0.0481195848, 1, 3, 5, 0, 
936.213349, 66, 0.1, 0.1, 0.225000002, -0.115000012, -0.019962099, 0.707102117, -0.707111446, 7.51789544e-006, 0.707111446, 0.707102117, 1.89304217e-005, -1.87018377e-005, -8.06975136e-006, 1, 0.707102136, -0.707111426, 1.35892126e-005, 0.707111426, 0.707102136, 4.6398403e-006, -1.28898454e-005, 6.32824654e-006, 1, 0, 0, 0, 0, 0, 0, 0, 0.127241528, -0.120647144, -0.138215137, -0.512704672, 0.564306285, -0.646971249, -0.641967773, 0.248413086, 0.725341797, 0.570134135, 0.787260255, 0.235084325, 0, 0, 0, 0, 0, 0, 0, 0.18934751, -0.0803635742, -0.124961914, -0.187397433, 0.288512144, -0.938884109, 0.389160156, -0.855712891, -0.340698242, -0.90184812, -0.429224858, 0.0481195848, 1, 3, 5, 0, 
936.214158, 66, 0.1, 0.1, 0.225000003, -0.115000011, -0.0199618031, 0.707102016, -0.707111547, 1.64822207e-006, 0.707111547, 0.707102016, 9.4522395e-006, -7.84924884e-006, -5.51822075e-006, 1, 0.707102018, -0.707111544, -1.3458388e-005, 0.707111544, 0.707102018, -4.37240611e-006, 1.26082322e-005, -6.42484437e-006, 1, 0, 0, 0, 0, 0, 0, 0, 0.128380811, -0.12058269, -0.138394556, -0.512704672, 0.564306285, -0.646971249, -0.641967773, 0.248413086, 0.725341797, 0.570134135, 0.787260255, 0.235084325, 0, 0, 0, 0, 0, 0, 0, 0.190286865, -0.0802871582, -0.124968994, -0.186643504, 0.289591999, -0.938647869, 0.389160156, -0.85546875, -0.341308594, -0.902014364, -0.428988618, 0.0470397302, 1, 3, 5, 0, 
