time, trialNum, realDorsalTactorPos, realVentralTactorPos, boxPosX, boxPosY, boxPosZ, boxLocalRot_11, boxLocalRot_12, boxLocalRot_13, boxLocalRot_21, boxLocalRot_22, boxLocalRot_23, boxLocalRot_31, boxLocalRot_32, boxLocalRot_33, boxGlobalRot_11, boxGlobalRot_12, boxGlobalRot_13, boxGlobalRot_21, boxGlobalRot_22, boxGlobalRot_23, boxGlobalRot_31, boxGlobalRot_32, boxGlobalRot_33, indexForceX, indexForceY, indexForceZ, indexForceGlobalX, indexForceGlobalY, indexForceGlobalZ, indexContact, indexPosX, indexPosY, indexPosZ, indexRot_11, indexRot_12, indexRot_13, indexRot_21, indexRot_22, indexRot_23, indexRot_31, indexRot_32, indexRot_33, thumbForceX, thumbForceY, thumbForceZ, thumbForceGlobalX, thumbForceGlobalY, thumbForceGlobalZ, thumbContact, thumbPosX, thumbPosY, thumbPosZ, thumbRot_11, thumbRot_12, thumbRot_13, thumbRot_21, thumbRot_22, thumbRot_23, thumbRot_31, thumbRot_32, thumbRot_33, manipForceTooHigh, cceExpType, mapping, trialSuccess, 
953.469883, 70, 0.1, 0.1, 0.225, -0.11500002, -0.0199753731, 0.707106783, -0.707106779, 8.80258532e-007, 0.707106779, 0.707106783, 3.69368431e-005, -2.6740729e-005, -2.54958556e-005, 0.999999999, 0.707106782, -0.70710678, 8.90406233e-007, 0.707106779, 0.707106781, 5.29713009e-005, -3.80859783e-005, -3.68267538e-005, 0.999999999, 0, 0, 0, 0, 0, 0, 0, 0.104998218, -0.0122571289, -0.162784497, -0.311338894, 0.577352781, -0.754632631, -0.509521484, 0.568847656, 0.645507813, 0.802109708, 0.585592919, 0.11717382, 0, -0, 0, 0, 0, 0, 0, 0.183321533, 0.00626704102, -0.150094775, 0.0257074761, 0.251201063, -0.9675765, -0.0335693359, -0.967041016, -0.251953125, -0.999001291, 0.0390447948, -0.0163902047, 1, 3, 5, 0, 
953.470702, 70, 0.1, 0.1, 0.225, -0.11500001, -0.0199586285, 0.70710678, -0.707106782, 5.17804072e-007, 0.707106781, 0.707106779, -4.96036372e-005, 3.47089255e-005, 3.5441211e-005, 0.999999999, 0.707106782, -0.707106781, 6.37273053e-007, 0.707106779, 0.70710678, -6.88294287e-005, 4.82191356e-005, 4.91203759e-005, 0.999999998, 0, 0, 0, 0, 0, 0, 0, 0.104998218, -0.0122571289, -0.162784497, -0.311338894, 0.577352781, -0.754632631, -0.509521484, 0.568847656, 0.645507813, 0.802109708, 0.585592919, 0.11717382, 0, -0, 0, 0, 0, 0, 0, 0.183321533, 0.00626704102, -0.150094775, 0.0257074761, 0.251201063, -0.9675765, -0.0335693359, -0.967041016, -0.251953125, -0.999001291, 0.0390447948, -0.0163902047, 1, 3, 5, 0, 
953.471618, 70, 0.1, 0.1, 0.225, -0.115000026, -0.0199435522, 0.707106789, -0.707106773, 1.0785046e-006, 0.707106772, 0.707106787, 6.62513545e-005, -4.76093995e-005, -4.60841647e-005, 0.999999998, 0.707106785, -0.707106777, 1.12225122e-006, 0.707106774, 0.707106782, 9.71585113e-005, -6.94949932e-005, -6.79078911e-005, 0.999999995, 0, 0, 0, 0, 0, 0, 0, 0.104998218, -0.0122571289, -0.162784497, -0.311338894, 0.577352781, -0.754632631, -0.509521484, 0.568847656, 0.645507813, 0.802109708, 0.585592919, 0.11717382, 0, -0, 0, 0, 0, 0, 0, 0.183321533, 0.00626704102, -0.150094775, 0.0257074761, 0.251201063, -0.9675765, -0.0335693359, -0.967041016, -0.251953125, -0.999001291, 0.0390447948, -0.0163902047, 1, 3, 5, 0, 
953.472413, 70, 0.1, 0.1, 0.225, -0.115000006, -0.0199376548, 0.707106789, -0.707106773, 3.85945082e-007, 0.707106769, 0.707106785, -0.000110678308, 7.7988477e-005, 7.85342875e-005, 0.999999994, 0.70710679, -0.707106772, 6.55019484e-007, 0.707106766, 0.707106784, -0.000130906529, 9.21017241e-005, 9.30280639e-005, 0.999999991, 0, 0, 0, 0, 0, 0, 0, 0.104998218, -0.0122571289, -0.162784497, -0.311338894, 0.577352781, -0.754632631, -0.509521484, 0.568847656, 0.645507813, 0.802109708, 0.585592919, 0.11717382, 0, -0, 0, 0, 0, 0, 0, 0.183321533, 0.00626704102, -0.150094775, 0.0257074761, 0.251201063, -0.9675765, -0.0335693359, -0.967041016, -0.251953125, -0.999001291, 0.0390447948, -0.0163902047, 1, 3, 5, 0, 
953.473238, 70, 0.1, 0.1, 0.225, -0.115000017, -0.0199409803, 0.707106802, -0.70710676, 8.88840273e-009, 0.707106758, 0.7071068, 7.99304182e-005, -5.65256241e-005, -5.65130574e-005, 0.999999997, 0.707106797, -0.707106765, -2.13448139e-006, 0.707106762, 0.707106794, 9.66317031e-005, -6.68196247e-005, -6.98382403e-005, 0.999999995, 0, 0, 0, 0, 0, 0, 0, 0.106197192, -0.012936377, -0.162826733, -0.309689142, 0.577149838, -0.755570961, -0.511230469, 0.568847656, 0.644165039, 0.801601229, 0.585872246, 0.119052724, 0, -0, 0, 0, 0, 0, 0, 0.184567139, 0.00531914062, -0.149918896, 0.0276754213, 0.250510933, -0.967589627, -0.0325927734, -0.967285156, -0.251342773, -0.999039937, 0.038604031, -0.0186009531, 1, 3, 5, 0, 
953.474036, 70, 0.1, 0.1, 0.225, -0.115000004, -0.0199518984, 0.707106836, -0.707106727, 5.79563333e-008, 0.707106724, 0.707106833, -8.3633789e-005, 5.90970334e-005, 5.91790052e-005, 0.999999997, 0.707106828, -0.707106734, -4.45620447e-008, 0.707106731, 0.707106825, -9.48338017e-005, 6.708913e-005, 6.70261186e-005, 0.999999996, 0, 0, 0, 0, 0, 0, 0, 0.106197192, -0.012936377, -0.162826733, -0.309689142, 0.577149838, -0.755570961, -0.511230469, 0.568847656, 0.644165039, 0.801601229, 0.585872246, 0.119052724, 0, -0, 0, 0, 0, 0, 0, 0.184567139, 0.00531914062, -0.149918896, 0.0276754213, 0.250510933, -0.967589627, -0.0325927734, -0.967285156, -0.251342773, -0.999039937, 0.038604031, -0.0186009531, 1, 3, 5, 0, 
953.474833, 70, 0.1, 0.1, 0.225, -0.115000009, -0.0199659701, 0.707106878, -0.707106685, -1.01332668e-007, 0.707106684, 0.707106877, 4.68641544e-005, -3.30663038e-005, -3.32096189e-005, 0.999999999, 0.707106869, -0.707106694, -1.17739281e-006, 0.707106693, 0.707106868, 5.18307628e-005, -3.58173367e-005, -3.74824307e-005, 0.999999999, 0, 0, 0, 0, 0, 0, 0, 0.106197192, -0.012936377, -0.162826733, -0.309689142, 0.577149838, -0.755570961, -0.511230469, 0.568847656, 0.644165039, 0.801601229, 0.585872246, 0.119052724, 0, -0, 0, 0, 0, 0, 0, 0.184567139, 0.00531914062, -0.149918896, 0.0276754213, 0.250510933, -0.967589627, -0.0325927734, -0.967285156, -0.251342773, -0.999039937, 0.038604031, -0.0186009531, 1, 3, 5, 0, 
953.475626, 70, 0.1, 0.1, 0.225, -0.115000005, -0.0199782518, 0.70710693, -0.707106632, 4.16772265e-006, 0.707106632, 0.70710693, -3.14211595e-005, 1.92710847e-005, 2.5165144e-005, 0.999999999, 0.707106921, -0.707106642, 4.25892748e-006, 0.707106641, 0.70710692, -3.56414424e-005, 2.21907836e-005, 2.82138265e-005, 0.999999999, 0, 0, 0, 0, 0, 0, 0, 0.106197192, -0.012936377, -0.162826733, -0.309689142, 0.577149838, -0.755570961, -0.511230469, 0.568847656, 0.644165039, 0.801601229, 0.585872246, 0.119052724, 0, -0, 0, 0, 0, 0, 0, 0.184567139, 0.00531914062, -0.149918896, 0.0276754213, 0.250510933, -0.967589627, -0.0325927734, -0.967285156, -0.251342773, -0.999039937, 0.038604031, -0.0186009531, 1, 3, 5, 0, 
953.47642, 70, 0.1, 0.1, 0.224999999, -0.115000007, -0.0199850466, 0.707106974, -0.707106588, -7.28431141e-007, 0.707106588, 0.707106974, 2.16463475e-005, -1.47911962e-005, -1.58213617e-005, 1, 0.707106968, -0.707106594, 7.07582669e-007, 0.707106594, 0.707106968, 2.44978786e-005, -1.78229481e-005, -1.68222843e-005, 1, 0, 0, 0, 0, 0, 0, 0, 0.106197192, -0.012936377, -0.162826733, -0.309689142, 0.577149838, -0.755570961, -0.511230469, 0.568847656, 0.644165039, 0.801601229, 0.585872246, 0.119052724, 0, -0, 0, 0, 0, 0, 0, 0.184567139, 0.00531914062, -0.149918896, 0.0276754213, 0.250510933, -0.967589627, -0.0325927734, -0.967285156, -0.251342773, -0.999039937, 0.038604031, -0.0186009531, 1, 3, 5, 0, 
953.477215, 70, 0.1, 0.1, 0.225, -0.115000006, -0.0199847723, 0.707106996, -0.707106567, -3.74264502e-006, 0.707106567, 0.707106996, -9.55054807e-006, 9.39970573e-006, 4.10681048e-006, 1, 0.707106991, -0.707106571, -3.64887475e-006, 0.707106571, 0.707106991, -1.60339199e-005, 1.3917835e-005, 8.75755353e-006, 1, 0, 0, 0, 0, 0, 0, 0, 0.106197192, -0.012936377, -0.162826733, -0.309689142, 0.577149838, -0.755570961, -0.511230469, 0.568847656, 0.644165039, 0.801601229, 0.585872246, 0.119052724, 0, -0, 0, 0, 0, 0, 0, 0.184567139, 0.00531914062, -0.149918896, 0.0276754213, 0.250510933, -0.967589627, -0.0325927734, -0.967285156, -0.251342773, -0.999039937, 0.038604031, -0.0186009531, 1, 3, 5, 0, 
953.478044, 70, 0.1, 0.1, 0.225000001, -0.115000006, -0.0199774676, 0.70710702, -0.707106542, -1.73543177e-006, 0.707106542, 0.70710702, -1.13107589e-005, 9.22504759e-006, 6.77078186e-006, 1, 0.707107016, -0.707106546, -2.40272925e-006, 0.707106546, 0.707107016, -8.11238861e-006, 7.4353098e-006, 4.03734132e-006, 1, 0, 0, 0, 0, 0, 0, 0, 0.107379199, -0.0138266602, -0.162847241, -0.308381996, 0.57718803, -0.756065214, -0.512573242, 0.568725586, 0.643188477, 0.801270606, 0.586113381, 0.120614109, 0, -0, 0, 0, 0, 0, 0, 0.185533105, 0.004609375, -0.149731055, 0.0287807955, 0.250076366, -0.967692072, -0.0317382813, -0.967407227, -0.250976562, -0.9990465, 0.0380673854, -0.0199618904, 1, 3, 5, 0, 
953.478839, 70, 0.1, 0.1, 0.225000001, -0.115000009, -0.0199670502, 0.707107039, -0.707106524, 1.82144561e-006, 0.707106524, 0.707107038, -8.04863505e-006, 4.40328534e-006, 6.97920257e-006, 1, 0.707107034, -0.707106528, 1.5156271e-006, 0.707106528, 0.707107034, 1.77845711e-005, -1.36472969e-005, -1.15038855e-005, 1, 0, 0, 0, 0, 0, 0, 0, 0.107379199, -0.0138266602, -0.162847241, -0.308381996, 0.57718803, -0.756065214, -0.512573242, 0.568725586, 0.643188477, 0.801270606, 0.586113381, 0.120614109, 0, -0, 0, 0, 0, 0, 0, 0.185533105, 0.004609375, -0.149731055, 0.0287807955, 0.250076366, -0.967692072, -0.0317382813, -0.967407227, -0.250976562, -0.9990465, 0.0380673854, -0.0199618904, 1, 3, 5, 0, 
953.479638, 70, 0.1, 0.1, 0.225, -0.115000012, -0.0199570971, 0.707107057, -0.707106506, 1.05279211e-007, 0.707106506, 0.707107056, 2.41098207e-005, -1.71226547e-005, -1.69737807e-005, 1, 0.707107054, -0.707106508, 1.17143319e-006, 0.707106507, 0.707107054, 3.71807712e-005, -2.71190939e-005, -2.54624575e-005, 0.999999999, 0, 0, 0, 0, 0, 0, 0, 0.107379199, -0.0138266602, -0.162847241, -0.308381996, 0.57718803, -0.756065214, -0.512573242, 0.568725586, 0.643188477, 0.801270606, 0.586113381, 0.120614109, 0, -0, 0, 0, 0, 0, 0, 0.185533105, 0.004609375, -0.149731055, 0.0287807955, 0.250076366, -0.967692072, -0.0317382813, -0.967407227, -0.250976562, -0.9990465, 0.0380673854, -0.0199618904, 1, 3, 5, 0, 
953.480448, 70, 0.1, 0.1, 0.225000001, -0.115000013, -0.0199505713, 0.707107067, -0.707106495, -3.59065121e-006, 0.707106495, 0.707107067, 4.04245385e-005, -2.60454789e-005, -3.11234497e-005, 0.999999999, 0.707107064, -0.707106498, -3.5758391e-006, 0.707106498, 0.707107064, 2.93573008e-005, -1.82302371e-005, -2.32872539e-005, 1, 0, 0, 0, 0, 0, 0, 0, 0.107379199, -0.0138266602, -0.162847241, -0.308381996, 0.57718803, -0.756065214, -0.512573242, 0.568725586, 0.643188477, 0.801270606, 0.586113381, 0.120614109, 0, -0, 0, 0, 0, 0, 0, 0.186738916, 0.00390595703, -0.149546631, 0.0301289729, 0.249961161, -0.967768997, -0.0301513672, -0.967407227, -0.250854492, -0.999027544, 0.0368278497, -0.0215656308, 1, 3, 5, 0, 
953.481258, 70, 0.1, 0.1, 0.225000001, -0.115000012, -0.019949246, 0.70710708, -0.707106482, 1.82182722e-006, 0.707106482, 0.70710708, 2.33753172e-005, -1.78170652e-005, -1.52406265e-005, 1, 0.70710708, -0.707106482, 6.24648823e-007, 0.707106482, 0.70710708, -1.52740795e-005, 1.0358707e-005, 1.1242103e-005, 1, 0, 0, 0, 0, 0, 0, 0, 0.107379199, -0.0138266602, -0.162847241, -0.308381996, 0.57718803, -0.756065214, -0.512573242, 0.568725586, 0.643188477, 0.801270606, 0.586113381, 0.120614109, 0, -0, 0, 0, 0, 0, 0, 0.186738916, 0.00390595703, -0.149546631, 0.0301289729, 0.249961161, -0.967768997, -0.0301513672, -0.967407227, -0.250854492, -0.999027544, 0.0368278497, -0.0215656308, 1, 3, 5, 0, 
953.482053, 70, 0.1, 0.1, 0.225000001, -0.115000012, -0.0199532979, 0.707107086, -0.707106476, 1.50665927e-006, 0.707106476, 0.707107086, -1.7867474e-005, 1.15688371e-005, 1.3699586e-005, 1, 0.707107084, -0.707106478, 2.30475568e-006, 0.707106478, 0.707107084, -2.9141091e-005, 1.89761452e-005, 2.22355796e-005, 1, 0, 0, 0, 0, 0, 0, 0, 0.107379199, -0.0138266602, -0.162847241, -0.308381996, 0.57718803, -0.756065214, -0.512573242, 0.568725586, 0.643188477, 0.801270606, 0.586113381, 0.120614109, 0, -0, 0, 0, 0, 0, 0, 0.186738916, 0.00390595703, -0.149546631, 0.0301289729, 0.249961161, -0.967768997, -0.0301513672, -0.967407227, -0.250854492, -0.999027544, 0.0368278497, -0.0215656308, 1, 3, 5, 0, 
953.482865, 70, 0.1, 0.1, 0.225000001, -0.115000012, -0.0199609482, 0.707107093, -0.707106469, -2.25410428e-006, 0.707106469, 0.707107093, -2.51787074e-005, 1.939792e-005, 1.62101509e-005, 1, 0.707107093, -0.707106469, -2.05966198e-006, 0.707106469, 0.707107093, -1.47689043e-005, 1.18995894e-005, 8.98679667e-006, 1, 0, 0, 0, 0, 0, 0, 0, 0.108557178, -0.0144910156, -0.162645239, -0.307132138, 0.577264414, -0.75660365, -0.514404297, 0.568115234, 0.642333984, 0.80057828, 0.58659565, 0.12267686, 0, -0, 0, 0, 0, 0, 0, 0.186738916, 0.00390595703, -0.149546631, 0.0301289729, 0.249961161, -0.967768997, -0.0301513672, -0.967407227, -0.250854492, -0.999027544, 0.0368278497, -0.0215656308, 1, 3, 5, 0, 
953.48366, 70, 0.1, 0.1, 0.225000001, -0.115000013, -0.0199690574, 0.707107097, -0.707106465, 6.52418783e-007, 0.707106465, 0.707107097, -1.3856699e-005, 9.33683152e-006, 1.02594998e-005, 1, 0.707107095, -0.707106467, -2.53444531e-007, 0.707106467, 0.707107095, 9.7043267e-006, -6.68277975e-006, -7.04121053e-006, 1, 0, 0, 0, 0, 0, 0, 0, 0.108557178, -0.0144910156, -0.162645239, -0.307132138, 0.577264414, -0.75660365, -0.514404297, 0.568115234, 0.642333984, 0.80057828, 0.58659565, 0.12267686, 0, -0, 0, 0, 0, 0, 0, 0.186738916, 0.00390595703, -0.149546631, 0.0301289729, 0.249961161, -0.967768997, -0.0301513672, -0.967407227, -0.250854492, -0.999027544, 0.0368278497, -0.0215656308, 1, 3, 5, 0, 
953.48446, 70, 0.1, 0.1, 0.225000001, -0.115000012, -0.0199751601, 0.707107103, -0.70710646, 1.40382186e-006, 0.70710646, 0.707107103, 4.87987244e-006, -4.44324174e-006, -2.45794096e-006, 1, 0.707107102, -0.70710646, 1.62374244e-006, 0.70710646, 0.707107102, 1.11901923e-005, -9.06081711e-006, -6.76450571e-006, 1, 0, 0, 0, 0, 0, 0, 0, 0.108557178, -0.0144910156, -0.162645239, -0.307132138, 0.577264414, -0.75660365, -0.514404297, 0.568115234, 0.642333984, 0.80057828, 0.58659565, 0.12267686, 0, -0, 0, 0, 0, 0, 0, 0.186738916, 0.00390595703, -0.149546631, 0.0301289729, 0.249961161, -0.967768997, -0.0301513672, -0.967407227, -0.250854492, -0.999027544, 0.0368278497, -0.0215656308, 1, 3, 5, 0, 
953.485341, 70, 0.1, 0.1, 0.225000001, -0.11500001, -0.0199769137, 0.707107111, -0.707106451, -1.25373132e-006, 0.707106451, 0.707107111, 1.48122979e-005, -9.58734905e-006, -1.13604027e-005, 1, 0.707107109, -0.707106453, -8.99543152e-007, 0.707106453, 0.707107109, 9.34057551e-006, -5.96870786e-006, -7.24086012e-006, 1, 0, 0, 0, 0, 0, 0, 0, 0.109757495, -0.0153826416, -0.162452026, -0.305463291, 0.57728351, -0.757300845, -0.516113281, 0.567993164, 0.641113281, 0.800190369, 0.586716218, 0.124517572, 0, -0, 0, 0, 0, 0, 0, 0.187729785, 0.00319619141, -0.149363916, 0.0315985519, 0.249526594, -0.967833163, -0.0291748047, -0.967651367, -0.250366211, -0.998995827, 0.0362912041, -0.0232907728, 1, 3, 5, 0, 
953.486166, 70, 0.1, 0.1, 0.225000001, -0.115000009, -0.0199736045, 0.707107118, -0.707106444, -1.18635626e-007, 0.707106444, 0.707107118, 1.21508137e-005, -8.50803058e-006, -8.67581488e-006, 1, 0.707107118, -0.707106445, -6.60894939e-007, 0.707106445, 0.707107118, -8.71141381e-006, 6.62722036e-006, 5.69257964e-006, 1, 0, 0, 0, 0, 0, 0, 0, 0.109757495, -0.0153826416, -0.162452026, -0.305463291, 0.57728351, -0.757300845, -0.516113281, 0.567993164, 0.641113281, 0.800190369, 0.586716218, 0.124517572, 0, -0, 0, 0, 0, 0, 0, 0.187729785, 0.00319619141, -0.149363916, 0.0315985519, 0.249526594, -0.967833163, -0.0291748047, -0.967651367, -0.250366211, -0.998995827, 0.0362912041, -0.0232907728, 1, 3, 5, 0, 
953.487055, 70, 0.1, 0.1, 0.225000001, -0.115000007, -0.0199662668, 0.707107128, -0.707106435, 6.84238932e-007, 0.707106435, 0.707107128, -1.47619075e-005, 9.95440959e-006, 1.09220798e-005, 1, 0.707107125, -0.707106437, 1.13160422e-006, 0.707106437, 0.707107125, -2.62733348e-005, 1.77778788e-005, 1.93782269e-005, 1, 0, 0, 0, 0, 0, 0, 0, 0.109757495, -0.0153826416, -0.162452026, -0.305463291, 0.57728351, -0.757300845, -0.516113281, 0.567993164, 0.641113281, 0.800190369, 0.586716218, 0.124517572, 0, -0, 0, 0, 0, 0, 0, 0.187729785, 0.00319619141, -0.149363916, 0.0315985519, 0.249526594, -0.967833163, -0.0291748047, -0.967651367, -0.250366211, -0.998995827, 0.0362912041, -0.0232907728, 1, 3, 5, 0, 
953.487881, 70, 0.1, 0.1, 0.225000001, -0.115000007, -0.0199586512, 0.707107136, -0.707106426, -1.34754107e-006, 0.707106426, 0.707107136, -2.90426522e-005, 2.14891019e-005, 1.95834117e-005, 1, 0.707107135, -0.707106427, -1.44860698e-006, 0.707106427, 0.707107135, -2.0561122e-005, 1.55632218e-005, 1.35145968e-005, 1, 0, 0, 0, 0, 0, 0, 0, 0.109757495, -0.0153826416, -0.162452026, -0.305463291, 0.57728351, -0.757300845, -0.516113281, 0.567993164, 0.641113281, 0.800190369, 0.586716218, 0.124517572, 0, -0, 0, 0, 0, 0, 0, 0.187729785, 0.00319619141, -0.149363916, 0.0315985519, 0.249526594, -0.967833163, -0.0291748047, -0.967651367, -0.250366211, -0.998995827, 0.0362912041, -0.0232907728, 1, 3, 5, 0, 
953.488766, 70, 0.1, 0.1, 0.225000001, -0.11500001, -0.019952436, 0.70710714, -0.707106422, 1.72201519e-006, 0.707106422, 0.70710714, -1.38988503e-005, 8.61031709e-006, 1.10456243e-005, 1, 0.707107139, -0.707106423, 1.70580358e-006, 0.707106423, 0.707107139, 2.32097906e-005, -1.76179779e-005, -1.5205624e-005, 1, 0, 0, 0, 0, 0, 0, 0, 0.109757495, -0.0153826416, -0.162452026, -0.305463291, 0.57728351, -0.757300845, -0.516113281, 0.567993164, 0.641113281, 0.800190369, 0.586716218, 0.124517572, 0, -0, 0, 0, 0, 0, 0, 0.187729785, 0.00319619141, -0.149363916, 0.0315985519, 0.249526594, -0.967833163, -0.0291748047, -0.967651367, -0.250366211, -0.998995827, 0.0362912041, -0.0232907728, 1, 3, 5, 0, 
953.489579, 70, 0.1, 0.1, 0.225000001, -0.115000012, -0.0199509737, 0.70710715, -0.707106412, -1.28768363e-006, 0.707106412, 0.70710715, 2.15327858e-005, -1.43154406e-005, -1.61365162e-005, 1, 0.707107149, -0.707106414, -7.90481791e-007, 0.707106413, 0.707107148, 3.66929328e-005, -2.53868528e-005, -2.65047898e-005, 0.999999999, 0, 0, 0, 0, 0, 0, 0, 0.109757495, -0.0153826416, -0.162452026, -0.304372192, 0.576814345, -0.75799804, -0.518188477, 0.567382812, 0.639892578, 0.799276004, 0.58765567, 0.126358284, 0, -0, 0, 0, 0, 0, 0, 0.187729785, 0.00319619141, -0.149363916, 0.0315985519, 0.249526594, -0.967833163, -0.0291748047, -0.967651367, -0.250366211, -0.998995827, 0.0362912041, -0.0232907728, 1, 3, 5, 0, 
953.490388, 70, 0.1, 0.1, 0.225000001, -0.115000011, -0.0199539358, 0.70710715, -0.707106412, 9.67954451e-007, 0.707106412, 0.70710715, 2.62540127e-005, -1.92488282e-005, -1.78799533e-005, 1, 0.70710715, -0.707106412, 3.28210731e-007, 0.707106412, 0.70710715, 1.50644616e-005, -1.08842576e-005, -1.04201086e-005, 1, 0, 0, 0, 0, 0, 0, 0, 0.110926685, -0.0160734863, -0.162258813, -0.304372192, 0.576814345, -0.75799804, -0.518188477, 0.567382812, 0.639892578, 0.799276004, 0.58765567, 0.126358284, 0, -0, 0, 0, 0, 0, 0, 0.188760449, 0.00241806641, -0.148986523, 0.0336878988, 0.248318775, -0.968050813, -0.02734375, -0.967895508, -0.249267578, -0.999021714, 0.03493683, -0.0258912457, 1, 3, 5, 0, 
953.491186, 70, 0.1, 0.1, 0.225000001, -0.115000008, -0.0199604175, 0.707107153, -0.707106409, -6.46639074e-007, 0.707106409, 0.707107153, 1.06353366e-005, -7.06307153e-006, -7.97756519e-006, 1, 0.707107151, -0.707106411, 2.67168273e-007, 0.707106411, 0.707107151, -1.92403459e-005, 1.34160554e-005, 1.37939026e-005, 1, 0, 0, 0, 0, 0, 0, 0, 0.110926685, -0.0160734863, -0.162258813, -0.304372192, 0.576814345, -0.75799804, -0.518188477, 0.567382812, 0.639892578, 0.799276004, 0.58765567, 0.126358284, 0, -0, 0, 0, 0, 0, 0, 0.188760449, 0.00241806641, -0.148986523, 0.0336878988, 0.248318775, -0.968050813, -0.02734375, -0.967895508, -0.249267578, -0.999021714, 0.03493683, -0.0258912457, 1, 3, 5, 0, 
953.491988, 70, 0.1, 0.1, 0.225000001, -0.115000008, -0.0199679745, 0.707107156, -0.707106406, -1.42884279e-006, 0.707106406, 0.707107156, -1.40869118e-005, 1.09712906e-005, 8.95061226e-006, 1, 0.707107156, -0.707106406, -1.83103247e-006, 0.707106406, 0.707107156, -2.22885526e-005, 1.70551145e-005, 1.44656603e-005, 1, 0, 0, 0, 0, 0, 0, 0, 0.110926685, -0.0160734863, -0.162258813, -0.304372192, 0.576814345, -0.75799804, -0.518188477, 0.567382812, 0.639892578, 0.799276004, 0.58765567, 0.126358284, 0, -0, 0, 0, 0, 0, 0, 0.188760449, 0.00241806641, -0.148986523, 0.0336878988, 0.248318775, -0.968050813, -0.02734375, -0.967895508, -0.249267578, -0.999021714, 0.03493683, -0.0258912457, 1, 3, 5, 0, 
953.492787, 70, 0.1, 0.1, 0.225000001, -0.115000008, -0.0199739598, 0.707107159, -0.707106403, 2.01137259e-006, 0.707106403, 0.707107159, -1.56026133e-005, 9.61045182e-006, 1.2454974e-005, 1, 0.707107158, -0.707106404, 1.49457773e-006, 0.707106404, 0.707107158, -9.39920952e-006, 5.58941463e-006, 7.70307382e-006, 1, 0, 0, 0, 0, 0, 0, 0, 0.110926685, -0.0160734863, -0.162258813, -0.304372192, 0.576814345, -0.75799804, -0.518188477, 0.567382812, 0.639892578, 0.799276004, 0.58765567, 0.126358284, 0, -0, 0, 0, 0, 0, 0, 0.188760449, 0.00241806641, -0.148986523, 0.0336878988, 0.248318775, -0.968050813, -0.02734375, -0.967895508, -0.249267578, -0.999021714, 0.03493683, -0.0258912457, 1, 3, 5, 0, 
953.493585, 70, 0.1, 0.1, 0.225000001, -0.115000009, -0.0199765472, 0.707107162, -0.707106401, 1.40238002e-006, 0.707106401, 0.707107162, -7.72448754e-006, 4.47040162e-006, 6.45367235e-006, 1, 0.707107162, -0.7071064, 1.89674897e-006, 0.7071064, 0.707107162, 1.00118036e-005, -8.42061518e-006, -5.73821468e-006, 1, 0, 0, 0, 0, 0, 0, 0, 0.110926685, -0.0160734863, -0.162258813, -0.304372192, 0.576814345, -0.75799804, -0.518188477, 0.567382812, 0.639892578, 0.799276004, 0.58765567, 0.126358284, 0, -0, 0, 0, 0, 0, 0, 0.188760449, 0.00241806641, -0.148986523, 0.0336878988, 0.248318775, -0.968050813, -0.02734375, -0.967895508, -0.249267578, -0.999021714, 0.03493683, -0.0258912457, 1, 3, 5, 0, 
953.494398, 70, 0.1, 0.1, 0.225000001, -0.11500001, -0.0199750298, 0.707107168, -0.707106394, -1.68012333e-006, 0.707106394, 0.707107168, 1.03946402e-005, -6.16208933e-006, -8.53815057e-006, 1, 0.707107167, -0.707106395, -1.3923884e-006, 0.707106395, 0.707107167, 1.7912819e-005, -1.1681701e-005, -1.36508494e-005, 1, 0, 0, 0, 0, 0, 0, 0, 0.112099292, -0.0167690918, -0.162076465, -0.303198719, 0.576243709, -0.758917274, -0.520629883, 0.566772461, 0.638427734, 0.798101409, 0.588734785, 0.128357755, 0, -0, 0, 0, 0, 0, 0, 0.188760449, 0.00241806641, -0.148986523, 0.0336878988, 0.248318775, -0.968050813, -0.02734375, -0.967895508, -0.249267578, -0.999021714, 0.03493683, -0.0258912457, 1, 3, 5, 0, 
953.495207, 70, 0.1, 0.1, 0.225000001, -0.115000009, -0.0199700027, 0.70710717, -0.707106393, -1.86590958e-007, 0.707106392, 0.70710717, 1.91863651e-005, -1.34348616e-005, -1.3698756e-005, 1, 0.707107169, -0.707106393, -8.44290705e-007, 0.707106393, 0.707107169, 1.25326984e-005, -8.26494717e-006, -9.45896427e-006, 1, 0, 0, 0, 0, 0, 0, 0, 0.112099292, -0.0167690918, -0.162076465, -0.303198719, 0.576243709, -0.758917274, -0.520629883, 0.566772461, 0.638427734, 0.798101409, 0.588734785, 0.128357755, 0, -0, 0, 0, 0, 0, 0, 0.190055859, 0.00162333984, -0.148401025, 0.0363842536, 0.246868152, -0.968338826, -0.0252685547, -0.968383789, -0.247924805, -0.998983801, 0.0335569363, -0.0289900847, 1, 3, 5, 0, 
953.496013, 70, 0.1, 0.1, 0.225000001, -0.115000008, -0.0199637046, 0.707107178, -0.707106384, 1.77918894e-006, 0.707106384, 0.707107178, 1.62795502e-005, -1.27694511e-005, -1.02533109e-005, 1, 0.707107177, -0.707106386, 1.92421877e-006, 0.707106386, 0.707107177, -1.2476656e-005, 7.46169424e-006, 1.01829604e-005, 1, 0, 0, 0, 0, 0, 0, 0, 0.112099292, -0.0167690918, -0.162076465, -0.303198719, 0.576243709, -0.758917274, -0.520629883, 0.566772461, 0.638427734, 0.798101409, 0.588734785, 0.128357755, 0, -0, 0, 0, 0, 0, 0, 0.190055859, 0.00162333984, -0.148401025, 0.0363842536, 0.246868152, -0.968338826, -0.0252685547, -0.968383789, -0.247924805, -0.998983801, 0.0335569363, -0.0289900847, 1, 3, 5, 0, 
953.496823, 70, 0.1, 0.1, 0.225000001, -0.115000007, -0.0199582742, 0.70710718, -0.707106383, -1.04696048e-006, 0.707106383, 0.70710718, -1.27576197e-005, 9.76130759e-006, 8.28069205e-006, 1, 0.707107179, -0.707106383, -8.28175551e-007, 0.707106383, 0.707107179, -2.61036933e-005, 1.9043697e-005, 1.78725007e-005, 1, 0, 0, 0, 0, 0, 0, 0, 0.112099292, -0.0167690918, -0.162076465, -0.302063437, 0.575850928, -0.759677749, -0.52331543, 0.565795898, 0.637084961, 0.796685678, 0.590156507, 0.130579266, 0, -0, 0, 0, 0, 0, 0, 0.190055859, 0.00162333984, -0.148401025, 0.0363842536, 0.246868152, -0.968338826, -0.0252685547, -0.968383789, -0.247924805, -0.998983801, 0.0335569363, -0.0289900847, 1, 3, 5, 0, 
953.497634, 70, 0.1, 0.1, 0.225000001, -0.115000009, -0.0199551769, 0.707107186, -0.707106377, 8.29108763e-007, 0.707106376, 0.707107185, -2.43437872e-005, 1.66273784e-005, 1.7799935e-005, 1, 0.707107184, -0.707106378, 5.72126456e-007, 0.707106378, 0.707107184, -1.33043662e-005, 9.00304747e-006, 9.81216719e-006, 1, 0, 0, 0, 0, 0, 0, 0, 0.113269214, -0.0174545654, -0.161885327, -0.302063437, 0.575850928, -0.759677749, -0.52331543, 0.565795898, 0.637084961, 0.796685678, 0.590156507, 0.130579266, 0, -0, 0, 0, 0, 0, 0, 0.191336377, 0.000823242187, -0.148030469, 0.0388250454, 0.24564101, -0.968505436, -0.0223388672, -0.96875, -0.246704102, -0.998850006, 0.0312185897, -0.032076164, 1, 3, 5, 0, 
953.498427, 70, 0.1, 0.1, 0.225000001, -0.115000011, -0.0199557328, 0.707107193, -0.707106369, -3.63542068e-008, 0.707106369, 0.707107193, -1.48874506e-005, 1.05527175e-005, 1.05013171e-005, 1, 0.707107192, -0.70710637, -2.16248908e-007, 0.70710637, 0.707107192, 1.93723825e-005, -1.35454239e-005, -1.3851262e-005, 1, 0, 0, 0, 0, 0, 0, 0, 0.113269214, -0.0174545654, -0.161885327, -0.302063437, 0.575850928, -0.759677749, -0.52331543, 0.565795898, 0.637084961, 0.796685678, 0.590156507, 0.130579266, 0, -0, 0, 0, 0, 0, 0, 0.191336377, 0.000823242187, -0.148030469, 0.0388250454, 0.24564101, -0.968505436, -0.0223388672, -0.96875, -0.246704102, -0.998850006, 0.0312185897, -0.032076164, 1, 3, 5, 0, 
953.499226, 70, 0.1, 0.1, 0.225000001, -0.115000011, -0.0199593717, 0.707107197, -0.707106365, -3.9102279e-007, 0.707106365, 0.707107197, 1.50427133e-005, -1.03603033e-005, -1.09133055e-005, 1, 0.707107197, -0.707106366, -3.35151696e-007, 0.707106365, 0.707107197, 2.62007635e-005, -1.82897385e-005, -1.87637363e-005, 1, 0, 0, 0, 0, 0, 0, 0, 0.113269214, -0.0174545654, -0.161885327, -0.302063437, 0.575850928, -0.759677749, -0.52331543, 0.565795898, 0.637084961, 0.796685678, 0.590156507, 0.130579266, 0, -0, 0, 0, 0, 0, 0, 0.191336377, 0.000823242187, -0.148030469, 0.0388250454, 0.24564101, -0.968505436, -0.0223388672, -0.96875, -0.246704102, -0.998850006, 0.0312185897, -0.032076164, 1, 3, 5, 0, 
953.500018, 70, 0.1, 0.1, 0.225000001, -0.11500001, -0.0199646472, 0.707107199, -0.707106363, -1.68131117e-007, 0.707106363, 0.707107199, 1.87784058e-005, -1.31594435e-005, -1.33972325e-005, 1, 0.707107199, -0.707106363, -9.01740931e-008, 0.707106363, 0.707107199, 1.02710628e-005, -7.19897112e-006, -7.32650513e-006, 1, 0, 0, 0, 0, 0, 0, 0, 0.113269214, -0.0174545654, -0.161885327, -0.302063437, 0.575850928, -0.759677749, -0.52331543, 0.565795898, 0.637084961, 0.796685678, 0.590156507, 0.130579266, 0, -0, 0, 0, 0, 0, 0, 0.191336377, 0.000823242187, -0.148030469, 0.0388250454, 0.24564101, -0.968505436, -0.0223388672, -0.96875, -0.246704102, -0.998850006, 0.0312185897, -0.032076164, 1, 3, 5, 0, 
953.500814, 70, 0.1, 0.1, 0.225000001, -0.115000008, -0.0199697696, 0.707107203, -0.70710636, 3.03771827e-009, 0.70710636, 0.707107203, 7.38033882e-006, -5.22083251e-006, -5.21654275e-006, 1, 0.707107202, -0.70710636, 5.97310548e-008, 0.70710636, 0.707107202, -1.51526278e-005, 1.06722833e-005, 1.07567685e-005, 1, 0, 0, 0, 0, 0, 0, 0, 0.113269214, -0.0174545654, -0.161885327, -0.302063437, 0.575850928, -0.759677749, -0.52331543, 0.565795898, 0.637084961, 0.796685678, 0.590156507, 0.130579266, 0, -0, 0, 0, 0, 0, 0, 0.191336377, 0.000823242187, -0.148030469, 0.0388250454, 0.24564101, -0.968505436, -0.0223388672, -0.96875, -0.246704102, -0.998850006, 0.0312185897, -0.032076164, 1, 3, 5, 0, 
953.501622, 70, 0.1, 0.1, 0.225000001, -0.115000007, -0.0199730008, 0.707107206, -0.707106356, -3.05673906e-007, 0.707106356, 0.707107206, -1.15945456e-005, 8.4147211e-006, 7.98244276e-006, 1, 0.707107205, -0.707106357, 2.77380106e-008, 0.707106357, 0.707107205, -1.97320082e-005, 1.39330147e-005, 1.39722589e-005, 1, 0, 0, 0, 0, 0, 0, 0, 0.113269214, -0.0174545654, -0.161885327, -0.300534253, 0.576231726, -0.759936858, -0.525024414, 0.565185547, 0.636230469, 0.796196295, 0.590219786, 0.132844959, 0, -0, 0, 0, 0, 0, 0, 0.191336377, 0.000823242187, -0.148030469, 0.0388250454, 0.24564101, -0.968505436, -0.0223388672, -0.96875, -0.246704102, -0.998850006, 0.0312185897, -0.032076164, 1, 3, 5, 0, 
953.502511, 70, 0.1, 0.1, 0.225000001, -0.115000008, -0.0199721159, 0.707107215, -0.707106347, 4.15040647e-007, 0.707106347, 0.707107215, -1.57295565e-005, 1.0828991e-005, 1.14159608e-005, 1, 0.707107213, -0.707106349, 3.45155692e-007, 0.707106349, 0.707107213, -9.02127271e-006, 6.13493713e-006, 6.62306878e-006, 1, 0, 0, 0, 0, 0, 0, 0, 0.114462085, -0.0181046387, -0.161891675, -0.300534253, 0.576231726, -0.759936858, -0.525024414, 0.565185547, 0.636230469, 0.796196295, 0.590219786, 0.132844959, 0, -0, 0, 0, 0, 0, 0, 0.192342139, 0.000324755859, -0.147631348, 0.0405501874, 0.245295761, -0.968518563, -0.0203857422, -0.96887207, -0.24621582, -0.998914172, 0.0298321328, -0.0342869124, 1, 3, 5, 0, 
953.503315, 70, 0.1, 0.1, 0.225000001, -0.115000009, -0.0199686204, 0.707107226, -0.707106336, 3.27932249e-007, 0.707106336, 0.707107226, -1.22848903e-005, 8.45484053e-006, 8.9186177e-006, 1, 0.707107224, -0.707106338, 2.41631647e-007, 0.707106338, 0.707107224, 1.23648664e-005, -8.91413486e-006, -8.57242706e-006, 1, 0, 0, 0, 0, 0, 0, 0, 0.114462085, -0.0181046387, -0.161891675, -0.300534253, 0.576231726, -0.759936858, -0.525024414, 0.565185547, 0.636230469, 0.796196295, 0.590219786, 0.132844959, 0, -0, 0, 0, 0, 0, 0, 0.192342139, 0.000324755859, -0.147631348, 0.0405501874, 0.245295761, -0.968518563, -0.0203857422, -0.96887207, -0.24621582, -0.998914172, 0.0298321328, -0.0342869124, 1, 3, 5, 0, 
953.504112, 70, 0.1, 0.1, 0.225000001, -0.11500001, -0.0199642696, 0.707107241, -0.707106321, 3.78857992e-008, 0.707106321, 0.707107241, 1.23621551e-005, -8.76814736e-006, -8.71458012e-006, 1, 0.707107238, -0.707106325, -3.07269836e-007, 0.707106324, 0.707107238, 2.30287078e-005, -1.60664722e-005, -1.65010384e-005, 1, 0, 0, 0, 0, 0, 0, 0, 0.114462085, -0.0181046387, -0.161891675, -0.300534253, 0.576231726, -0.759936858, -0.525024414, 0.565185547, 0.636230469, 0.796196295, 0.590219786, 0.132844959, 0, -0, 0, 0, 0, 0, 0, 0.192342139, 0.000324755859, -0.147631348, 0.0405501874, 0.245295761, -0.968518563, -0.0203857422, -0.96887207, -0.24621582, -0.998914172, 0.0298321328, -0.0342869124, 1, 3, 5, 0, 
953.504989, 70, 0.1, 0.1, 0.225000001, -0.11500001, -0.0199594462, 0.707107262, -0.7071063, -7.14172021e-007, 0.7071063, 0.707107262, 3.16448235e-005, -2.18712579e-005, -2.288128e-005, 0.999999999, 0.707107258, -0.707106305, -7.88363487e-007, 0.707106304, 0.707107258, 2.27819875e-005, -1.55518295e-005, -1.66667655e-005, 1, 0, 0, 0, 0, 0, 0, 0, 0.114462085, -0.0181046387, -0.161891675, -0.300534253, 0.576231726, -0.759936858, -0.525024414, 0.565185547, 0.636230469, 0.796196295, 0.590219786, 0.132844959, 0, -0, 0, 0, 0, 0, 0, 0.192342139, 0.000324755859, -0.147631348, 0.0405501874, 0.245295761, -0.968518563, -0.0203857422, -0.96887207, -0.24621582, -0.998914172, 0.0298321328, -0.0342869124, 1, 3, 5, 0, 
953.505786, 70, 0.1, 0.1, 0.225000001, -0.115000009, -0.0199567891, 0.707107285, -0.707106277, 1.10181655e-006, 0.707106277, 0.707107285, 1.88546792e-005, -1.41113645e-005, -1.25531796e-005, 1, 0.707107281, -0.707106281, 1.18841255e-006, 0.707106281, 0.707107281, -1.3278932e-005, 8.54928108e-006, 1.02299635e-005, 1, 0, 0, 0, 0, 0, 0, 0, 0.114462085, -0.0181046387, -0.161891675, -0.300534253, 0.576231726, -0.759936858, -0.525024414, 0.565185547, 0.636230469, 0.796196295, 0.590219786, 0.132844959, 0, -0, 0, 0, 0, 0, 0, 0.192342139, 0.000324755859, -0.147631348, 0.0405501874, 0.245295761, -0.968518563, -0.0203857422, -0.96887207, -0.24621582, -0.998914172, 0.0298321328, -0.0342869124, 1, 3, 5, 0, 
953.506613, 70, 0.1, 0.1, 0.225000001, -0.115000008, -0.0199570543, 0.7071073, -0.707106263, -4.72282523e-007, 0.707106263, 0.707107299, -1.72095346e-005, 1.25029241e-005, 1.18350336e-005, 1, 0.707107297, -0.707106265, -7.15468936e-007, 0.707106265, 0.707107297, -2.95447314e-005, 2.13971779e-005, 2.03853826e-005, 1, 0, 0, 0, 0, 0, 0, 0, 0.115675952, -0.0189962646, -0.161697119, -0.298605174, 0.576250822, -0.760614958, -0.526611328, 0.565185547, 0.635009766, 0.795890759, 0.590340354, 0.134806239, 0, -0, 0, 0, 0, 0, 0, 0.192342139, 0.000324755859, -0.147631348, 0.0420197664, 0.24447147, -0.96871689, -0.0197753906, -0.969116211, -0.245483398, -0.998882455, 0.0295000109, -0.0359034127, 1, 3, 5, 0, 
953.507402, 70, 0.1, 0.1, 0.225000001, -0.115000008, -0.0199596946, 0.707107311, -0.707106252, 6.88305236e-007, 0.707106251, 0.70710731, -2.8141016e-005, 1.94119827e-005, 2.03854231e-005, 1, 0.707107308, -0.707106254, 9.07754942e-007, 0.707106254, 0.707107308, -1.79728107e-005, 1.20668067e-005, 1.3350585e-005, 1, 0, 0, 0, 0, 0, 0, 0, 0.115675952, -0.0189962646, -0.161697119, -0.298605174, 0.576250822, -0.760614958, -0.526611328, 0.565185547, 0.635009766, 0.795890759, 0.590340354, 0.134806239, 0, -0, 0, 0, 0, 0, 0, 0.19355625, -0.000629736328, -0.147455225, 0.0420197664, 0.24447147, -0.96871689, -0.0197753906, -0.969116211, -0.245483398, -0.998882455, 0.0295000109, -0.0359034127, 1, 3, 5, 0, 
953.508195, 70, 0.1, 0.1, 0.225000001, -0.115000008, -0.0199639852, 0.707107327, -0.707106235, -1.72010025e-006, 0.707106235, 0.707107327, -1.61492724e-005, 1.26355467e-005, 1.02029753e-005, 1, 0.707107324, -0.707106238, -1.6324557e-006, 0.707106238, 0.707107324, 1.08859713e-005, -6.54321687e-006, -8.85186968e-006, 1, 0, 0, 0, 0, 0, 0, 0, 0.115675952, -0.0189962646, -0.161697119, -0.298605174, 0.576250822, -0.760614958, -0.526611328, 0.565185547, 0.635009766, 0.795890759, 0.590340354, 0.134806239, 0, -0, 0, 0, 0, 0, 0, 0.19355625, -0.000629736328, -0.147455225, 0.0420197664, 0.24447147, -0.96871689, -0.0197753906, -0.969116211, -0.245483398, -0.998882455, 0.0295000109, -0.0359034127, 1, 3, 5, 0, 
953.50899, 70, 0.1, 0.1, 0.225000001, -0.115000008, -0.0199684258, 0.707107336, -0.707106226, 1.05265766e-006, 0.707106226, 0.707107336, 8.74607569e-006, -6.92874653e-006, -5.4400735e-006, 1, 0.707107334, -0.707106228, 5.13260154e-007, 0.707106228, 0.707107334, 1.6863585e-005, -1.2287276e-005, -1.15614352e-005, 1, 0, 0, 0, 0, 0, 0, 0, 0.115675952, -0.0189962646, -0.161697119, -0.298605174, 0.576250822, -0.760614958, -0.526611328, 0.565185547, 0.635009766, 0.795890759, 0.590340354, 0.134806239, 0, -0, 0, 0, 0, 0, 0, 0.19355625, -0.000629736328, -0.147455225, 0.0420197664, 0.24447147, -0.96871689, -0.0197753906, -0.969116211, -0.245483398, -0.998882455, 0.0295000109, -0.0359034127, 1, 3, 5, 0, 
953.509788, 70, 0.1, 0.1, 0.225000001, -0.115000006, -0.0199714565, 0.70710735, -0.707106212, 4.35199297e-007, 0.707106212, 0.70710735, 1.55046603e-005, -1.12711742e-005, -1.06557271e-005, 1, 0.707107348, -0.707106215, 9.45505719e-007, 0.707106215, 0.707107348, 8.44236893e-006, -6.63822558e-006, -5.30108813e-006, 1, 0, 0, 0, 0, 0, 0, 0, 0.115675952, -0.0189962646, -0.161697119, -0.298605174, 0.576250822, -0.760614958, -0.526611328, 0.565185547, 0.635009766, 0.795890759, 0.590340354, 0.134806239, 0, -0, 0, 0, 0, 0, 0, 0.19355625, -0.000629736328, -0.147455225, 0.0420197664, 0.24447147, -0.96871689, -0.0197753906, -0.969116211, -0.245483398, -0.998882455, 0.0295000109, -0.0359034127, 1, 3, 5, 0, 
953.510591, 70, 0.1, 0.1, 0.225000001, -0.115000005, -0.019972131, 0.707107356, -0.707106206, -1.07040495e-006, 0.707106206, 0.707107356, 1.09826041e-005, -7.00897631e-006, -8.52277014e-006, 1, 0.707107355, -0.707106207, -1.22131721e-006, 0.707106207, 0.707107355, -1.14978789e-005, 8.9938239e-006, 7.26663372e-006, 1, 0, 0, 0, 0, 0, 0, 0, 0.115675952, -0.0189962646, -0.161697119, -0.298605174, 0.576250822, -0.760614958, -0.526611328, 0.565185547, 0.635009766, 0.795890759, 0.590340354, 0.134806239, 0, -0, 0, 0, 0, 0, 0, 0.19355625, -0.000629736328, -0.147455225, 0.0420197664, 0.24447147, -0.96871689, -0.0197753906, -0.969116211, -0.245483398, -0.998882455, 0.0295000109, -0.0359034127, 1, 3, 5, 0, 
953.511418, 70, 0.1, 0.1, 0.225000001, -0.115000005, -0.0199701705, 0.707107366, -0.707106196, 1.15583732e-006, 0.707106196, 0.707107366, -8.11644209e-006, 4.92188541e-006, 6.55649572e-006, 1, 0.707107364, -0.707106198, 9.55965272e-007, 0.707106198, 0.707107364, -1.80682447e-005, 1.21001977e-005, 1.34521579e-005, 1, 0, 0, 0, 0, 0, 0, 0, 0.116898608, -0.0198932617, -0.161517456, -0.296517336, 0.576193534, -0.761572384, -0.527954102, 0.565551758, 0.633544922, 0.795807262, 0.589978651, 0.136564575, 0, -0, 0, 0, 0, 0, 0, 0.19355625, -0.000629736328, -0.147455225, 0.043355184, 0.243538536, -0.968806575, -0.0190429688, -0.969360352, -0.244506836, -0.998742097, 0.0290337275, -0.0373857515, 1, 3, 5, 0, 
953.512209, 70, 0.1, 0.1, 0.225000001, -0.115000006, -0.0199665466, 0.70710737, -0.707106192, -7.4043638e-007, 0.707106192, 0.70710737, -1.81337679e-005, 1.33460676e-005, 1.22989538e-005, 1, 0.70710737, -0.707106193, -2.26616634e-007, 0.707106193, 0.70710737, -1.06361407e-005, 7.68112321e-006, 7.36065141e-006, 1, 0, 0, 0, 0, 0, 0, 0, 0.116898608, -0.0198932617, -0.161517456, -0.296517336, 0.576193534, -0.761572384, -0.527954102, 0.565551758, 0.633544922, 0.795807262, 0.589978651, 0.136564575, 0, -0, 0, 0, 0, 0, 0, 0.19476377, -0.00137099609, -0.147269092, 0.043355184, 0.243538536, -0.968806575, -0.0190429688, -0.969360352, -0.244506836, -0.998742097, 0.0290337275, -0.0373857515, 1, 3, 5, 0, 
953.513007, 70, 0.1, 0.1, 0.225000001, -0.115000008, -0.0199627352, 0.707107377, -0.707106186, 4.30305574e-007, 0.707106186, 0.707107377, -1.25640522e-005, 8.57984677e-006, 9.18840571e-006, 1, 0.707107374, -0.707106188, -3.19682643e-007, 0.707106188, 0.707107374, 1.61871679e-005, -1.12199966e-005, -1.16721154e-005, 1, 0, 0, 0, 0, 0, 0, 0, 0.116898608, -0.0198932617, -0.161517456, -0.296517336, 0.576193534, -0.761572384, -0.527954102, 0.565551758, 0.633544922, 0.795807262, 0.589978651, 0.136564575, 0, -0, 0, 0, 0, 0, 0, 0.19476377, -0.00137099609, -0.147269092, 0.043355184, 0.243538536, -0.968806575, -0.0190429688, -0.969360352, -0.244506836, -0.998742097, 0.0290337275, -0.0373857515, 1, 3, 5, 0, 
953.513834, 70, 0.1, 0.1, 0.225000001, -0.115000009, -0.0199598117, 0.707107383, -0.70710618, 2.0890754e-007, 0.707106179, 0.707107383, 1.50710651e-005, -1.08045633e-005, -1.05091416e-005, 1, 0.707107383, -0.70710618, 9.17182354e-007, 0.70710618, 0.707107382, 2.81742667e-005, -2.05707445e-005, -1.92736867e-005, 1, 0, 0, 0, 0, 0, 0, 0, 0.118094165, -0.020792334, -0.161320825, -0.294949959, 0.576072966, -0.762187204, -0.529174805, 0.565673828, 0.632446289, 0.795559014, 0.589997747, 0.138145056, 0, -0, 0, 0, 0, 0, 0, 0.19476377, -0.00137099609, -0.147269092, 0.0449461646, 0.242484202, -0.969113544, -0.0180664063, -0.969604492, -0.243408203, -0.998697621, 0.0285546843, -0.0391364132, 1, 3, 5, 0, 
