time, trialNum, realDorsalTactorPos, realVentralTactorPos, boxPosX, boxPosY, boxPosZ, boxLocalRot_11, boxLocalRot_12, boxLocalRot_13, boxLocalRot_21, boxLocalRot_22, boxLocalRot_23, boxLocalRot_31, boxLocalRot_32, boxLocalRot_33, boxGlobalRot_11, boxGlobalRot_12, boxGlobalRot_13, boxGlobalRot_21, boxGlobalRot_22, boxGlobalRot_23, boxGlobalRot_31, boxGlobalRot_32, boxGlobalRot_33, indexForceX, indexForceY, indexForceZ, indexForceGlobalX, indexForceGlobalY, indexForceGlobalZ, indexContact, indexPosX, indexPosY, indexPosZ, indexRot_11, indexRot_12, indexRot_13, indexRot_21, indexRot_22, indexRot_23, indexRot_31, indexRot_32, indexRot_33, thumbForceX, thumbForceY, thumbForceZ, thumbForceGlobalX, thumbForceGlobalY, thumbForceGlobalZ, thumbContact, thumbPosX, thumbPosY, thumbPosZ, thumbRot_11, thumbRot_12, thumbRot_13, thumbRot_21, thumbRot_22, thumbRot_23, thumbRot_31, thumbRot_32, thumbRot_33, manipForceTooHigh, cceExpType, mapping, trialSuccess, 
932.967142, 65, 0.1, 0.1, 0.0228482729, 0.363257454, -0.0199664779, 0.979450422, -0.201685075, -2.19950126e-005, 0.201685075, 0.979450422, -2.98076371e-005, 2.75547799e-005, 2.4759037e-005, 0.999999999, 0.979450519, -0.201684608, -2.64908834e-005, 0.201684608, 0.979450519, -4.94483851e-007, 2.60462393e-005, -4.85848097e-006, 1, 0, 0, 0, 0, 0, 0, 0, 0.233435889, -0.0756358398, -0.155217358, 0.22232827, 0.874254333, -0.431312481, -0.866333008, 0.380126953, 0.323730469, 0.447042389, 0.301766187, 0.842122287, 0, 0, -0, 0, 0, 0, 0, 0.276307275, -0.0481445801, -0.136398437, 0.0720501059, 0.229859289, -0.97053362, 0.274536133, -0.939941406, -0.202270508, -0.958780584, -0.25188917, -0.130728988, 0, 3, 5, 1, 
933.006393, 65, 0.1, 0.1, 0.0228484608, 0.363256716, -0.0199714746, 0.979435802, -0.201756067, 8.47536332e-006, 0.201756067, 0.979435802, 7.5748095e-006, -9.82933804e-006, -5.70908364e-006, 1, 0.979435928, -0.201755455, 1.76399351e-005, 0.201755455, 0.979435928, -6.4028388e-006, -1.59853785e-005, 9.83012348e-006, 1, 0, 0, 0, 0, 0, 0, 0, 0.245256055, -0.095269458, -0.150389404, 0.143269744, 0.890260201, -0.432194262, -0.881103516, 0.313598633, 0.353759766, 0.450418226, 0.330252682, 0.829531978, 0, 0, -0, 0, 0, 0, 0, 0.286638623, -0.0660461426, -0.131371387, 0.0434602303, 0.22388722, -0.973598177, 0.337524414, -0.920410156, -0.196533203, -0.940182784, -0.32002535, -0.115585505, 0, 3, 5, 1, 
933.007183, 65, 0.1, 0.1, 0.0228484636, 0.363256706, -0.0199687628, 0.979435168, -0.201759142, 1.60921622e-005, 0.201759143, 0.979435168, -5.16048025e-006, -1.47200555e-005, 8.30109668e-006, 1, 0.979435296, -0.201758521, 1.30267471e-005, 0.201758521, 0.979435296, -1.31023139e-005, -1.01153525e-005, 1.54611259e-005, 1, 0, 0, 0, 0, 0, 0, 0, 0.245256055, -0.095269458, -0.150389404, 0.143269744, 0.890260201, -0.432194262, -0.881103516, 0.313598633, 0.353759766, 0.450418226, 0.330252682, 0.829531978, 0, 0, -0, 0, 0, 0, 0, 0.286638623, -0.0660461426, -0.131371387, 0.0434602303, 0.22388722, -0.973598177, 0.337524414, -0.920410156, -0.196533203, -0.940182784, -0.32002535, -0.115585505, 0, 3, 5, 1, 
933.00797, 65, 0.1, 0.1, 0.0228484675, 0.363256696, -0.0199651738, 0.979434536, -0.201762209, 1.15182721e-005, 0.201762209, 0.979434536, -1.288712e-005, -8.68125967e-006, 1.49460424e-005, 1, 0.979434662, -0.201761601, -7.32711324e-006, 0.201761601, 0.979434662, -1.17020823e-005, 9.53745955e-006, 9.98309494e-006, 1, 0, 0, 0, 0, 0, 0, 0, 0.245256055, -0.095269458, -0.150389404, 0.143269744, 0.890260201, -0.432194262, -0.881103516, 0.313598633, 0.353759766, 0.450418226, 0.330252682, 0.829531978, 0, 0, -0, 0, 0, 0, 0, 0.286638623, -0.0660461426, -0.131371387, 0.0434602303, 0.22388722, -0.973598177, 0.337524414, -0.920410156, -0.196533203, -0.940182784, -0.32002535, -0.115585505, 0, 3, 5, 1, 
933.008761, 65, 0.1, 0.1, 0.0228484719, 0.363256685, -0.0199619582, 0.979433894, -0.201765327, -1.04364991e-005, 0.201765327, 0.979433894, -1.14338248e-005, 1.25288103e-005, 9.09295187e-006, 1, 0.979434022, -0.201764707, -2.22292304e-005, 0.201764707, 0.979434022, 7.14623517e-006, 2.03302065e-005, -1.148434e-005, 1, 0, 0, 0, 0, 0, 0, 0, 0.245256055, -0.095269458, -0.150389404, 0.143269744, 0.890260201, -0.432194262, -0.881103516, 0.313598633, 0.353759766, 0.450418226, 0.330252682, 0.829531978, 0, 0, -0, 0, 0, 0, 0, 0.286638623, -0.0660461426, -0.131371387, 0.0434602303, 0.22388722, -0.973598177, 0.337524414, -0.920410156, -0.196533203, -0.940182784, -0.32002535, -0.115585505, 0, 3, 5, 1, 
933.009554, 65, 0.1, 0.1, 0.0228484751, 0.363256674, -0.0199601457, 0.979433232, -0.201768539, -2.19043137e-005, 0.201768539, 0.979433232, 7.14829586e-006, 2.00115115e-005, -1.14208799e-005, 1, 0.979433365, -0.201767892, -1.74468e-005, 0.201767892, 0.979433365, 1.68660959e-005, 1.36849414e-005, -2.00394212e-005, 1, 0, 0, 0, 0, 0, 0, 0, 0.245256055, -0.095269458, -0.150389404, 0.143269744, 0.890260201, -0.432194262, -0.881103516, 0.313598633, 0.353759766, 0.450418226, 0.330252682, 0.829531978, 0, 0, -0, 0, 0, 0, 0, 0.286638623, -0.0660461426, -0.131371387, 0.0434602303, 0.22388722, -0.973598177, 0.337524414, -0.920410156, -0.196533203, -0.940182784, -0.32002535, -0.115585505, 0, 3, 5, 1, 
933.010348, 65, 0.1, 0.1, 0.0228484772, 0.363256665, -0.0199601903, 0.979432553, -0.201771834, -1.36658863e-005, 0.201771835, 0.979432553, 1.42414155e-005, 1.05112974e-005, -1.67058969e-005, 1, 0.979432691, -0.201771165, 7.98926454e-006, 0.201771165, 0.979432691, 1.26950494e-005, -1.03864418e-005, -1.08219432e-005, 1, 0, 0, 0, 0, 0, 0, 0, 0.245256055, -0.095269458, -0.150389404, 0.143269744, 0.890260201, -0.432194262, -0.881103516, 0.313598633, 0.353759766, 0.450418226, 0.330252682, 0.829531978, 0, 0, -0, 0, 0, 0, 0, 0.286638623, -0.0660461426, -0.131371387, 0.0434602303, 0.22388722, -0.973598177, 0.337524414, -0.920410156, -0.196533203, -0.940182784, -0.32002535, -0.115585505, 0, 3, 5, 1, 
933.011165, 65, 0.1, 0.1, 0.0228484785, 0.363256657, -0.0199617212, 0.97943184, -0.201775296, 1.34670053e-005, 0.201775296, 0.97943184, 8.31750404e-006, -1.48682806e-005, -5.42911931e-006, 1, 0.979431977, -0.20177463, 2.47080598e-005, 0.201774631, 0.979431977, -1.00926962e-005, -2.21634139e-005, 1.4870569e-005, 1, 0, 0, 0, 0, 0, 0, 0, 0.246010815, -0.0967993164, -0.150245264, 0.13613717, 0.890693417, -0.433623097, -0.881713867, 0.30847168, 0.356689453, 0.451424323, 0.333768233, 0.827533628, 0, 0, -0, 0, 0, 0, 0, 0.287436133, -0.067310791, -0.131144482, 0.0414222894, 0.223528479, -0.973808898, 0.343139648, -0.918457031, -0.196289062, -0.938310354, -0.325954705, -0.114748453, 0, 3, 5, 1, 
933.011952, 65, 0.1, 0.1, 0.0228484807, 0.363256648, -0.0199642091, 0.979431139, -0.2017787, 2.08326852e-005, 0.2017787, 0.979431139, -8.25909707e-006, -1.87376708e-005, 1.2292809e-005, 1, 0.979431278, -0.201778026, 1.66422977e-005, 0.201778026, 0.979431278, -1.66864765e-005, -1.29330226e-005, 1.9701307e-005, 1, 0, 0, 0, 0, 0, 0, 0, 0.246010815, -0.0967993164, -0.150245264, 0.13613717, 0.890693417, -0.433623097, -0.881713867, 0.30847168, 0.356689453, 0.451424323, 0.333768233, 0.827533628, 0, 0, -0, 0, 0, 0, 0, 0.287436133, -0.067310791, -0.131144482, 0.0414222894, 0.223528479, -0.973808898, 0.343139648, -0.918457031, -0.196289062, -0.938310354, -0.325954705, -0.114748453, 0, 3, 5, 1, 
933.012747, 65, 0.1, 0.1, 0.0228484841, 0.363256639, -0.0199669261, 0.979430432, -0.20178213, 1.10796015e-005, 0.20178213, 0.979430432, -1.20032484e-005, -8.42965786e-006, 1.39920124e-005, 1, 0.979430572, -0.201781451, -6.54279464e-006, 0.201781451, 0.979430572, -1.0796284e-005, 8.58670294e-006, 9.25399598e-006, 1, 0, 0, 0, 0, 0, 0, 0, 0.246010815, -0.0967993164, -0.150245264, 0.13613717, 0.890693417, -0.433623097, -0.881713867, 0.30847168, 0.356689453, 0.451424323, 0.333768233, 0.827533628, 0, 0, -0, 0, 0, 0, 0, 0.287436133, -0.067310791, -0.131144482, 0.0414222894, 0.223528479, -0.973808898, 0.343139648, -0.918457031, -0.196289062, -0.938310354, -0.325954705, -0.114748453, 0, 3, 5, 1, 
933.013572, 65, 0.1, 0.1, 0.0228484884, 0.363256628, -0.0199687459, 0.979429706, -0.201785657, -1.12653531e-005, 0.201785657, 0.979429706, -8.13110493e-006, 1.26743618e-005, 5.69065903e-006, 1, 0.979429842, -0.201784993, -2.04390153e-005, 0.201784994, 0.979429842, 6.61732823e-006, 1.8683304e-005, -1.06054953e-005, 1, 0, 0, 0, 0, 0, 0, 0, 0.247051807, -0.0985897705, -0.150156665, 0.130204279, 0.890359046, -0.436111952, -0.881835938, 0.305053711, 0.359375, 0.45298196, 0.337899726, 0.825085209, 0, 0, -0, 0, 0, 0, 0, 0.288443457, -0.0690297363, -0.1306875, 0.0393012263, 0.222677934, -0.974070657, 0.34753418, -0.916992188, -0.195678711, -0.936814889, -0.330708324, -0.113425795, 0, 3, 5, 1, 
933.014363, 65, 0.1, 0.1, 0.0228484919, 0.363256618, -0.0199690593, 0.979429014, -0.201789012, -1.95858283e-005, 0.201789012, 0.979429015, 6.91657889e-006, 1.77872389e-005, -1.0726503e-005, 1, 0.97942915, -0.201788353, -1.6215485e-005, 0.201788353, 0.97942915, 1.41915394e-005, 1.30182313e-005, -1.71717033e-005, 1, 0, 0, 0, 0, 0, 0, 0, 0.247051807, -0.0985897705, -0.150156665, 0.130204279, 0.890359046, -0.436111952, -0.881835938, 0.305053711, 0.359375, 0.45298196, 0.337899726, 0.825085209, 0, 0, -0, 0, 0, 0, 0, 0.288443457, -0.0690297363, -0.1306875, 0.0393012263, 0.222677934, -0.974070657, 0.34753418, -0.916992188, -0.195678711, -0.936814889, -0.330708324, -0.113425795, 0, 3, 5, 1, 
933.015153, 65, 0.1, 0.1, 0.0228484945, 0.363256609, -0.0199681832, 0.979428336, -0.201792304, -1.30619843e-005, 0.201792305, 0.979428336, 1.29976182e-005, 1.01704582e-005, -1.53660435e-005, 1, 0.979428472, -0.201791645, 4.0095998e-006, 0.201791645, 0.979428472, 1.18868848e-005, -6.32579023e-006, -1.08332496e-005, 1, 0, 0, 0, 0, 0, 0, 0, 0.247051807, -0.0985897705, -0.150156665, 0.130204279, 0.890359046, -0.436111952, -0.881835938, 0.305053711, 0.359375, 0.45298196, 0.337899726, 0.825085209, 0, 0, -0, 0, 0, 0, 0, 0.288443457, -0.0690297363, -0.1306875, 0.0393012263, 0.222677934, -0.974070657, 0.34753418, -0.916992188, -0.195678711, -0.936814889, -0.330708324, -0.113425795, 0, 3, 5, 1, 
933.015943, 65, 0.1, 0.1, 0.0228484964, 0.3632566, -0.0199664608, 0.979427659, -0.20179559, 7.77756855e-006, 0.201795589, 0.979427659, 1.10313419e-005, -9.84364191e-006, -9.23492237e-006, 1, 0.979427794, -0.201794936, 1.77499434e-005, 0.201794936, 0.979427794, -5.28811012e-006, -1.6317674e-005, 8.76117071e-006, 1, 0, 0, 0, 0, 0, 0, 0, 0.247051807, -0.0985897705, -0.150156665, 0.130204279, 0.890359046, -0.436111952, -0.881835938, 0.305053711, 0.359375, 0.45298196, 0.337899726, 0.825085209, 0, 0, -0, 0, 0, 0, 0, 0.288443457, -0.0690297363, -0.1306875, 0.0393012263, 0.222677934, -0.974070657, 0.34753418, -0.916992188, -0.195678711, -0.936814889, -0.330708324, -0.113425795, 0, 3, 5, 1, 
933.016735, 65, 0.1, 0.1, 0.0228484988, 0.363256592, -0.0199645212, 0.979426981, -0.201798882, 1.98708056e-005, 0.201798882, 0.979426981, -6.05797443e-006, -1.82395106e-005, 9.94324995e-006, 1, 0.979427116, -0.201798228, 1.55649608e-005, 0.201798228, 0.979427116, -1.45136685e-005, -1.23159121e-005, 1.73560619e-005, 1, 0, 0, 0, 0, 0, 0, 0, 0.247051807, -0.0985897705, -0.150156665, 0.130204279, 0.890359046, -0.436111952, -0.881835938, 0.305053711, 0.359375, 0.45298196, 0.337899726, 0.825085209, 0, 0, -0, 0, 0, 0, 0, 0.288443457, -0.0690297363, -0.1306875, 0.0393012263, 0.222677934, -0.974070657, 0.34753418, -0.916992188, -0.195678711, -0.936814889, -0.330708324, -0.113425795, 0, 3, 5, 1, 
933.017524, 65, 0.1, 0.1, 0.0228485018, 0.363256583, -0.0199630481, 0.979426301, -0.201802183, 1.47207571e-005, 0.201802183, 0.979426301, -1.39646391e-005, -1.1599802e-005, 1.66480158e-005, 1, 0.979426436, -0.201801525, -5.41817729e-006, 0.201801525, 0.979426436, -1.25226072e-005, 7.83378732e-006, 1.11715761e-005, 1, 0, 0, 0, 0, 0, 0, 0, 0.247051807, -0.0985897705, -0.150156665, 0.130204279, 0.890359046, -0.436111952, -0.881835938, 0.305053711, 0.359375, 0.45298196, 0.337899726, 0.825085209, 0, 0, -0, 0, 0, 0, 0, 0.288443457, -0.0690297363, -0.1306875, 0.0393012263, 0.222677934, -0.974070657, 0.34753418, -0.916992188, -0.195678711, -0.936814889, -0.330708324, -0.113425795, 0, 3, 5, 1, 
933.018344, 65, 0.1, 0.1, 0.0228485055, 0.363256573, -0.0199622662, 0.979425586, -0.201805653, -9.3704361e-006, 0.201805653, 0.979425586, -1.25223563e-005, 1.17047272e-005, 1.03737092e-005, 1, 0.979425724, -0.201804984, -2.09589361e-005, 0.201804984, 0.979425724, 5.86108364e-006, 1.93449253e-005, -9.97011385e-006, 1, 0, 0, 0, 0, 0, 0, 0, 0.247650342, -0.100393774, -0.14986106, 0.124328676, 0.889764444, -0.438899229, -0.881713867, 0.302001953, 0.362304688, 0.4549013, 0.341948844, 0.822313281, 0, 0, -0, 0, 0, 0, 0, 0.289219238, -0.0707535645, -0.130450342, 0.0370587616, 0.221680469, -0.974357936, 0.3515625, -0.915527344, -0.194946289, -0.935332183, -0.335231899, -0.111860334, 0, 3, 5, 1, 
933.019131, 65, 0.1, 0.1, 0.0228485079, 0.363256564, -0.0199624199, 0.979424889, -0.201809037, -1.90126891e-005, 0.201809037, 0.979424889, 5.69949092e-006, 1.74712921e-005, -9.41915573e-006, 1, 0.979425027, -0.201808365, -1.4714804e-005, 0.201808366, 0.979425027, 1.43981419e-005, 1.15063818e-005, -1.7071471e-005, 1, 0, 0, 0, 0, 0, 0, 0, 0.247650342, -0.100393774, -0.14986106, 0.124328676, 0.889764444, -0.438899229, -0.881713867, 0.302001953, 0.362304688, 0.4549013, 0.341948844, 0.822313281, 0, 0, -0, 0, 0, 0, 0, 0.289219238, -0.0707535645, -0.130450342, 0.0370587616, 0.221680469, -0.974357936, 0.3515625, -0.915527344, -0.194946289, -0.935332183, -0.335231899, -0.111860334, 0, 3, 5, 1, 
933.019925, 65, 0.1, 0.1, 0.0228485094, 0.363256556, -0.0199635279, 0.97942418, -0.201812474, -1.21978311e-005, 0.201812474, 0.97942418, 1.31395985e-005, 9.29511588e-006, -1.5330915e-005, 1, 0.979424321, -0.201811793, 7.99103076e-006, 0.201811793, 0.979424321, 1.11036156e-005, -1.00674505e-005, -9.26246694e-006, 1, 0, 0, 0, 0, 0, 0, 0, 0.247650342, -0.100393774, -0.14986106, 0.124328676, 0.889764444, -0.438899229, -0.881713867, 0.302001953, 0.362304688, 0.4549013, 0.341948844, 0.822313281, 0, 0, -0, 0, 0, 0, 0, 0.289219238, -0.0707535645, -0.130450342, 0.0370587616, 0.221680469, -0.974357936, 0.3515625, -0.915527344, -0.194946289, -0.935332183, -0.335231899, -0.111860334, 0, 3, 5, 1, 
933.020765, 65, 0.1, 0.1, 0.0228485107, 0.363256549, -0.0199647391, 0.979423429, -0.201816121, 1.00740074e-005, 0.201816121, 0.979423429, 8.61300599e-006, -1.16049623e-005, -6.40268277e-006, 1, 0.97942357, -0.201815437, 2.12234272e-005, 0.201815437, 0.97942357, -9.14366571e-006, -1.89413919e-005, 1.32387369e-005, 1, 0, 0, 0, 0, 0, 0, 0, 0.247650342, -0.100393774, -0.14986106, 0.124328676, 0.889764444, -0.438899229, -0.881713867, 0.302001953, 0.362304688, 0.4549013, 0.341948844, 0.822313281, 0, 0, -0, 0, 0, 0, 0, 0.289219238, -0.0707535645, -0.130450342, 0.0370587616, 0.221680469, -0.974357936, 0.3515625, -0.915527344, -0.194946289, -0.935332183, -0.335231899, -0.111860334, 0, 3, 5, 1, 
933.021571, 65, 0.1, 0.1, 0.0228485133, 0.363256541, -0.0199657295, 0.979422703, -0.201819646, 1.67694973e-005, 0.201819646, 0.979422703, -5.78345596e-006, -1.52572114e-005, 9.04886208e-006, 1, 0.979422844, -0.20181896, 1.3233991e-005, 0.20181896, 0.979422844, -1.44921424e-005, -1.0036884e-005, 1.68648057e-005, 1, 0, 0, 0, 0, 0, 0, 0, 0.247650342, -0.100393774, -0.14986106, 0.124328676, 0.889764444, -0.438899229, -0.881713867, 0.302001953, 0.362304688, 0.4549013, 0.341948844, 0.822313281, 0, 0, -0, 0, 0, 0, 0, 0.289219238, -0.0707535645, -0.130450342, 0.0370587616, 0.221680469, -0.974357936, 0.3515625, -0.915527344, -0.194946289, -0.935332183, -0.335231899, -0.111860334, 0, 3, 5, 1, 
933.022361, 65, 0.1, 0.1, 0.0228485168, 0.363256532, -0.0199664689, 0.979421997, -0.20182307, 9.61003348e-006, 0.20182307, 0.979421997, -9.91477709e-006, -7.41124743e-006, 1.16502772e-005, 1, 0.979422138, -0.201822386, -8.82456491e-006, 0.201822386, 0.979422138, -8.65705093e-006, 1.03901609e-005, 6.69791258e-006, 1, 0, 0, 0, 0, 0, 0, 0, 0.247650342, -0.100393774, -0.14986106, 0.124328676, 0.889764444, -0.438899229, -0.881713867, 0.302001953, 0.362304688, 0.4549013, 0.341948844, 0.822313281, 0, 0, -0, 0, 0, 0, 0, 0.289219238, -0.0707535645, -0.130450342, 0.0370587616, 0.221680469, -0.974357936, 0.3515625, -0.915527344, -0.194946289, -0.935332183, -0.335231899, -0.111860334, 0, 3, 5, 1, 
933.023185, 65, 0.1, 0.1, 0.0228485208, 0.363256522, -0.0199665814, 0.979421265, -0.201826624, -1.07407435e-005, 0.201826624, 0.979421265, -8.24827238e-006, 1.21844336e-005, 5.91076537e-006, 1, 0.979421404, -0.201825946, -2.12575872e-005, 0.201825946, 0.979421404, 8.07167021e-006, 1.91910635e-005, -1.21958992e-005, 1, 0, 0, 0, 0, 0, 0, 0, 0.248115845, -0.102426392, -0.149338184, 0.120242488, 0.889093458, -0.441629218, -0.881469727, 0.300170898, 0.364379883, 0.456413632, 0.345515692, 0.819903054, 0, 0, -0, 0, 0, 0, 0, 0.289861377, -0.0724656738, -0.129570557, 0.0361644743, 0.220778885, -0.974626259, 0.35559082, -0.91418457, -0.193847656, -0.933830522, -0.339499912, -0.111643051, 0, 3, 5, 1, 
933.023974, 65, 0.1, 0.1, 0.0228485234, 0.363256513, -0.0199660944, 0.979420564, -0.201830024, -1.80452888e-005, 0.201830024, 0.979420564, 6.80310712e-006, 1.63008557e-005, -1.03051841e-005, 1, 0.979420703, -0.201829351, -1.45444615e-005, 0.201829351, 0.979420703, 1.5029308e-005, 1.12117912e-005, -1.76555146e-005, 1, 0, 0, 0, 0, 0, 0, 0, 0.248115845, -0.102426392, -0.149338184, 0.120242488, 0.889093458, -0.441629218, -0.881469727, 0.300170898, 0.364379883, 0.456413632, 0.345515692, 0.819903054, 0, 0, -0, 0, 0, 0, 0, 0.289861377, -0.0724656738, -0.129570557, 0.0361644743, 0.220778885, -0.974626259, 0.35559082, -0.91418457, -0.193847656, -0.933830522, -0.339499912, -0.111643051, 0, 3, 5, 1, 
933.024767, 65, 0.1, 0.1, 0.0228485248, 0.363256505, -0.0199654029, 0.979419864, -0.201833423, -1.14377632e-005, 0.201833423, 0.979419864, 1.32197866e-005, 8.5341777e-006, -1.52562445e-005, 1, 0.979420003, -0.201832745, 7.75035861e-006, 0.201832745, 0.979420003, 1.16778358e-005, -9.9478259e-006, -9.8732298e-006, 1, 0, 0, 0, 0, 0, 0, 0, 0.248115845, -0.102426392, -0.149338184, 0.120242488, 0.889093458, -0.441629218, -0.881469727, 0.300170898, 0.364379883, 0.456413632, 0.345515692, 0.819903054, 0, 0, -0, 0, 0, 0, 0, 0.289861377, -0.0724656738, -0.129570557, 0.0361644743, 0.220778885, -0.974626259, 0.35559082, -0.91418457, -0.193847656, -0.933830522, -0.339499912, -0.111643051, 0, 3, 5, 1, 
933.025575, 65, 0.1, 0.1, 0.0228485261, 0.363256498, -0.0199646971, 0.979419151, -0.20183688, 7.54158623e-006, 0.20183688, 0.979419151, 1.2987673e-005, -1.00077654e-005, -1.11982055e-005, 1, 0.979419302, -0.20183615, 1.94020625e-005, 0.20183615, 0.979419302, -5.75046629e-006, -1.78421025e-005, 9.54815527e-006, 1, 0, 0, 0, 0, 0, 0, 0, 0.248115845, -0.102426392, -0.149338184, 0.120242488, 0.889093458, -0.441629218, -0.881469727, 0.300170898, 0.364379883, 0.456413632, 0.345515692, 0.819903054, 0, 0, -0, 0, 0, 0, 0, 0.289861377, -0.0724656738, -0.129570557, 0.0356726713, 0.219289617, -0.974920102, 0.358764648, -0.913330078, -0.192260742, -0.932654785, -0.342847751, -0.111182964, 0, 3, 5, 1, 
933.026365, 65, 0.1, 0.1, 0.0228485284, 0.363256491, -0.0199641529, 0.979418451, -0.201840278, 1.85675648e-005, 0.201840278, 0.979418451, -4.83949255e-006, -1.72086111e-005, 8.48757075e-006, 1, 0.979418589, -0.201839606, 1.42781024e-005, 0.201839606, 0.979418589, -1.305752e-005, -1.13487142e-005, 1.56706644e-005, 1, 0, 0, 0, 0, 0, 0, 0, 0.248115845, -0.102426392, -0.149338184, 0.120242488, 0.889093458, -0.441629218, -0.881469727, 0.300170898, 0.364379883, 0.456413632, 0.345515692, 0.819903054, 0, 0, -0, 0, 0, 0, 0, 0.290746533, -0.0741973145, -0.128687354, 0.0356726713, 0.219289617, -0.974920102, 0.358764648, -0.913330078, -0.192260742, -0.932654785, -0.342847751, -0.111182964, 0, 3, 5, 1, 
933.027154, 65, 0.1, 0.1, 0.0228485313, 0.363256483, -0.0199641059, 0.979417752, -0.201843669, 1.36449299e-005, 0.201843669, 0.979417752, -1.35405966e-005, -1.06310029e-005, 1.60160434e-005, 1, 0.979417892, -0.201842992, -6.1238526e-006, 0.201842992, 0.979417892, -1.1709464e-005, 8.36128404e-006, 1.02324018e-005, 1, 0, 0, 0, 0, 0, 0, 0, 0.248115845, -0.102426392, -0.149338184, 0.120242488, 0.889093458, -0.441629218, -0.881469727, 0.300170898, 0.364379883, 0.456413632, 0.345515692, 0.819903054, 0, 0, -0, 0, 0, 0, 0, 0.290746533, -0.0741973145, -0.128687354, 0.0356726713, 0.219289617, -0.974920102, 0.358764648, -0.913330078, -0.192260742, -0.932654785, -0.342847751, -0.111182964, 0, 3, 5, 1, 
933.027958, 65, 0.1, 0.1, 0.0228485341, 0.363256474, -0.0199644505, 0.979417037, -0.201847139, -6.52824577e-006, 0.201847138, 0.979417037, -1.28672434e-005, 8.99109139e-006, 1.12846897e-005, 1, 0.979417176, -0.201846463, -1.73348842e-005, 0.201846463, 0.979417176, 4.54470048e-006, 1.60607517e-005, -7.95014278e-006, 1, 0, 0, 0, 0, 0, 0, 0, 0.249441968, -0.104261035, -0.148414966, 0.115628725, 0.887826748, -0.445285554, -0.882324219, 0.297729492, 0.364379883, 0.456155645, 0.350783588, 0.81788673, 0, 0, -0, 0, 0, 0, 0, 0.290746533, -0.0741973145, -0.128687354, 0.0356726713, 0.219289617, -0.974920102, 0.358764648, -0.913330078, -0.192260742, -0.932654785, -0.342847751, -0.111182964, 0, 3, 5, 1, 
933.028748, 65, 0.1, 0.1, 0.0228485358, 0.363256466, -0.0199649818, 0.979416331, -0.201850563, -1.74926603e-005, 0.201850563, 0.979416331, 4.56994288e-006, 1.62101516e-005, -8.00678003e-006, 1, 0.979416472, -0.201849879, -1.28063772e-005, 0.201849879, 0.979416472, 1.25105155e-005, 1.00175307e-005, -1.48379707e-005, 1, 0, 0, 0, 0, 0, 0, 0, 0.249441968, -0.104261035, -0.148414966, 0.115628725, 0.887826748, -0.445285554, -0.882324219, 0.297729492, 0.364379883, 0.456155645, 0.350783588, 0.81788673, 0, 0, -0, 0, 0, 0, 0, 0.290746533, -0.0741973145, -0.128687354, 0.0356726713, 0.219289617, -0.974920102, 0.358764648, -0.913330078, -0.192260742, -0.932654785, -0.342847751, -0.111182964, 0, 3, 5, 1, 
933.029543, 65, 0.1, 0.1, 0.0228485375, 0.363256459, -0.019965593, 0.979415624, -0.201853994, -1.42791897e-005, 0.201853994, 0.979415624, 1.32599493e-005, 1.13086878e-005, -1.5869313e-005, 1, 0.979415765, -0.20185331, 5.1342727e-006, 0.20185331, 0.979415765, 1.13750098e-005, -7.32467099e-006, -1.0104494e-005, 1, 0, 0, 0, 0, 0, 0, 0, 0.249441968, -0.104261035, -0.148414966, 0.115628725, 0.887826748, -0.445285554, -0.882324219, 0.297729492, 0.364379883, 0.456155645, 0.350783588, 0.81788673, 0, 0, -0, 0, 0, 0, 0, 0.290746533, -0.0741973145, -0.128687354, 0.0356726713, 0.219289617, -0.974920102, 0.358764648, -0.913330078, -0.192260742, -0.932654785, -0.342847751, -0.111182964, 0, 3, 5, 1, 
933.030365, 65, 0.1, 0.1, 0.0228485395, 0.363256452, -0.0199659588, 0.979414895, -0.201857531, 3.87101661e-006, 0.201857531, 0.979414895, 1.4148581e-005, -6.64732895e-006, -1.30759371e-005, 1, 0.979415049, -0.201856785, 1.51919861e-005, 0.201856785, 0.979415049, -4.10784519e-006, -1.40500634e-005, 7.08989087e-006, 1, 0, 0, 0, 0, 0, 0, 0, 0.250736353, -0.105635645, -0.147466724, 0.1104623, 0.886820269, -0.448484709, -0.883666992, 0.294067383, 0.364013672, 0.454749271, 0.35613386, 0.816415955, 0, 0, -0, 0, 0, 0, 0, 0.290746533, -0.0741973145, -0.128687354, 0.0352129511, 0.218502871, -0.975124626, 0.364013672, -0.911499023, -0.191162109, -0.930616478, -0.348208378, -0.111572689, 0, 3, 5, 1, 
933.031155, 65, 0.1, 0.1, 0.0228485423, 0.363256445, -0.0199658215, 0.979414195, -0.201860926, 1.57615555e-005, 0.201860926, 0.979414196, -3.8596579e-006, -1.46579771e-005, 6.96184593e-006, 1, 0.979414334, -0.201860253, 1.10423241e-005, 0.201860253, 0.979414334, -1.13400567e-005, -8.52590382e-006, 1.33356204e-005, 1, 0, 0, 0, 0, 0, 0, 0, 0.250736353, -0.105635645, -0.147466724, 0.1104623, 0.886820269, -0.448484709, -0.883666992, 0.294067383, 0.364013672, 0.454749271, 0.35613386, 0.816415955, 0, 0, -0, 0, 0, 0, 0, 0.292098437, -0.0754783203, -0.127816113, 0.0352129511, 0.218502871, -0.975124626, 0.364013672, -0.911499023, -0.191162109, -0.930616478, -0.348208378, -0.111572689, 0, 3, 5, 1, 
933.031948, 65, 0.1, 0.1, 0.022848545, 0.363256437, -0.0199655627, 0.979413494, -0.201864329, 1.43743013e-005, 0.201864329, 0.979413494, -1.3620519e-005, -1.13288878e-005, 1.62417788e-005, 1, 0.979413636, -0.201863642, -5.57214308e-006, 0.201863642, 0.979413636, -1.1564942e-005, 7.79197423e-006, 1.02020488e-005, 1, 0, 0, 0, 0, 0, 0, 0, 0.250736353, -0.105635645, -0.147466724, 0.1104623, 0.886820269, -0.448484709, -0.883666992, 0.294067383, 0.364013672, 0.454749271, 0.35613386, 0.816415955, 0, 0, -0, 0, 0, 0, 0, 0.292098437, -0.0754783203, -0.127816113, 0.0352129511, 0.218502871, -0.975124626, 0.364013672, -0.911499023, -0.191162109, -0.930616478, -0.348208378, -0.111572689, 0, 3, 5, 1, 
933.032738, 65, 0.1, 0.1, 0.0228485471, 0.36325643, -0.0199652708, 0.979412798, -0.201867707, -4.03087697e-006, 0.201867706, 0.979412798, -1.27648215e-005, 6.52469773e-006, 1.16883257e-005, 1, 0.979412935, -0.201867042, -1.46113849e-005, 0.201867042, 0.979412935, 4.22057928e-006, 1.34585835e-005, -7.083247e-006, 1, 0, 0, 0, 0, 0, 0, 0, 0.250736353, -0.105635645, -0.147466724, 0.1104623, 0.886820269, -0.448484709, -0.883666992, 0.294067383, 0.364013672, 0.454749271, 0.35613386, 0.816415955, 0, 0, -0, 0, 0, 0, 0, 0.292098437, -0.0754783203, -0.127816113, 0.0352129511, 0.218502871, -0.975124626, 0.364013672, -0.911499023, -0.191162109, -0.930616478, -0.348208378, -0.111572689, 0, 3, 5, 1, 
933.03353, 65, 0.1, 0.1, 0.0228485483, 0.363256423, -0.0199650822, 0.979412099, -0.201871098, -1.56442621e-005, 0.201871098, 0.979412099, 4.19829247e-006, 1.44746657e-005, -7.26998281e-006, 1, 0.979412239, -0.201870417, -1.09113354e-005, 0.201870417, 0.979412239, 1.22368374e-005, 8.21643993e-006, -1.41875841e-005, 1, 0, 0, 0, 0, 0, 0, 0, 0.250736353, -0.105635645, -0.147466724, 0.1104623, 0.886820269, -0.448484709, -0.883666992, 0.294067383, 0.364013672, 0.454749271, 0.35613386, 0.816415955, 0, 0, -0, 0, 0, 0, 0, 0.292098437, -0.0754783203, -0.127816113, 0.0352129511, 0.218502871, -0.975124626, 0.364013672, -0.911499023, -0.191162109, -0.930616478, -0.348208378, -0.111572689, 0, 3, 5, 1, 
933.034322, 65, 0.1, 0.1, 0.0228485496, 0.363256416, -0.0199650221, 0.9794114, -0.201874487, -1.39663915e-005, 0.201874488, 0.9794114, 1.31277816e-005, 1.10286789e-005, -1.56769571e-005, 1, 0.979411543, -0.201873798, 6.25521526e-006, 0.201873798, 0.979411543, 1.12443324e-005, -8.39636611e-006, -9.75006485e-006, 1, 0, 0, 0, 0, 0, 0, 0, 0.250736353, -0.105635645, -0.147466724, 0.1104623, 0.886820269, -0.448484709, -0.883666992, 0.294067383, 0.364013672, 0.454749271, 0.35613386, 0.816415955, 0, 0, -0, 0, 0, 0, 0, 0.292098437, -0.0754783203, -0.127816113, 0.0352129511, 0.218502871, -0.975124626, 0.364013672, -0.911499023, -0.191162109, -0.930616478, -0.348208378, -0.111572689, 0, 3, 5, 1, 
933.035127, 65, 0.1, 0.1, 0.0228485513, 0.36325641, -0.0199650245, 0.979410692, -0.201877925, 4.91233915e-006, 0.201877925, 0.979410692, 1.26420448e-005, -7.36334726e-006, -1.1390061e-005, 1, 0.979410831, -0.201877249, 1.56859341e-005, 0.201877249, 0.979410831, -4.5348448e-006, -1.44474918e-005, 7.60810934e-006, 1, 0, 0, 0, 0, 0, 0, 0, 0.251510645, -0.106725732, -0.147532886, 0.103641254, 0.887158005, -0.449628225, -0.883422852, 0.289794922, 0.368164063, 0.456941946, 0.359046574, 0.813878048, 0, 0, -0, 0, 0, 0, 0, 0.292098437, -0.0754783203, -0.127816113, 0.0320951556, 0.219147426, -0.9750477, 0.368530273, -0.909423828, -0.192260742, -0.928980288, -0.353173083, -0.109968948, 0, 3, 5, 1, 
933.035931, 65, 0.1, 0.1, 0.0228485544, 0.363256403, -0.0199648123, 0.979409977, -0.201881393, 1.5025929e-005, 0.201881394, 0.979409977, -5.37970419e-006, -1.36304826e-005, 8.30239144e-006, 1, 0.979410116, -0.20188072, 1.01562956e-005, 0.20188072, 0.979410116, -1.3182293e-005, -7.28592785e-006, 1.49612313e-005, 1, 0, 0, 0, 0, 0, 0, 0, 0.251510645, -0.106725732, -0.147532886, 0.103641254, 0.887158005, -0.449628225, -0.883422852, 0.289794922, 0.368164063, 0.456941946, 0.359046574, 0.813878048, 0, 0, -0, 0, 0, 0, 0, 0.292819531, -0.0764330566, -0.127554053, 0.0320951556, 0.219147426, -0.9750477, 0.368530273, -0.909423828, -0.192260742, -0.928980288, -0.353173083, -0.109968948, 0, 3, 5, 1, 
933.036746, 65, 0.1, 0.1, 0.0228485578, 0.363256396, -0.0199645706, 0.979409252, -0.201884912, 1.19849771e-005, 0.201884912, 0.979409252, -1.52414132e-005, -8.66118608e-006, 1.73471671e-005, 1, 0.979409392, -0.201884229, -8.77896911e-006, 0.201884229, 0.979409392, -1.30966549e-005, 1.12422129e-005, 1.10546514e-005, 1, 0, 0, 0, 0, 0, 0, 0, 0.251510645, -0.106725732, -0.147532886, 0.103641254, 0.887158005, -0.449628225, -0.883422852, 0.289794922, 0.368164063, 0.456941946, 0.359046574, 0.813878048, 0, 0, -0, 0, 0, 0, 0, 0.292819531, -0.0764330566, -0.127554053, 0.0320951556, 0.219147426, -0.9750477, 0.368530273, -0.909423828, -0.192260742, -0.928980288, -0.353173083, -0.109968948, 0, 3, 5, 1, 
933.037536, 65, 0.1, 0.1, 0.0228485599, 0.363256389, -0.0199645789, 0.979408548, -0.201888324, -3.91265772e-006, 0.201888324, 0.979408548, -1.45245771e-005, 6.76443294e-006, 1.3435575e-005, 1, 0.979408687, -0.20188765, -1.52814526e-005, 0.20188765, 0.979408687, 2.8453009e-006, 1.43923563e-005, -5.87184898e-006, 1, 0, 0, 0, 0, 0, 0, 0, 0.251510645, -0.106725732, -0.147532886, 0.103641254, 0.887158005, -0.449628225, -0.883422852, 0.289794922, 0.368164063, 0.456941946, 0.359046574, 0.813878048, 0, 0, -0, 0, 0, 0, 0, 0.292819531, -0.0764330566, -0.127554053, 0.0320951556, 0.219147426, -0.9750477, 0.368530273, -0.909423828, -0.192260742, -0.928980288, -0.353173083, -0.109968948, 0, 3, 5, 1, 
933.038329, 65, 0.1, 0.1, 0.0228485606, 0.363256383, -0.0199648809, 0.97940784, -0.201891761, -1.30866326e-005, 0.201891761, 0.97940784, 3.24561041e-006, 1.21618885e-005, -5.82085957e-006, 1, 0.979407982, -0.201891074, -8.66399609e-006, 0.201891074, 0.979407982, 1.11511605e-005, 6.23426716e-006, -1.2670719e-005, 1, 0, 0, 0, 0, 0, 0, 0, 0.251510645, -0.106725732, -0.147532886, 0.103641254, 0.887158005, -0.449628225, -0.883422852, 0.289794922, 0.368164063, 0.456941946, 0.359046574, 0.813878048, 0, 0, -0, 0, 0, 0, 0, 0.292819531, -0.0764330566, -0.127554053, 0.0320951556, 0.219147426, -0.9750477, 0.368530273, -0.909423828, -0.192260742, -0.928980288, -0.353173083, -0.109968948, 0, 3, 5, 1, 
933.039119, 65, 0.1, 0.1, 0.0228485608, 0.363256377, -0.01996533, 0.979407136, -0.201895177, -9.72453759e-006, 0.201895178, 0.979407136, 1.26614072e-005, 6.96800446e-006, -1.43640098e-005, 1, 0.979407275, -0.2018945, 1.00225502e-005, 0.201894499, 0.979407275, 1.04901077e-005, -1.19340536e-005, -8.25059002e-006, 1, 0, 0, 0, 0, 0, 0, 0, 0.251510645, -0.106725732, -0.147532886, 0.103641254, 0.887158005, -0.449628225, -0.883422852, 0.289794922, 0.368164063, 0.456941946, 0.359046574, 0.813878048, 0, 0, -0, 0, 0, 0, 0, 0.292819531, -0.0764330566, -0.127554053, 0.0320951556, 0.219147426, -0.9750477, 0.368530273, -0.909423828, -0.192260742, -0.928980288, -0.353173083, -0.109968948, 0, 3, 5, 1, 
933.039926, 65, 0.1, 0.1, 0.022848562, 0.363256371, -0.0199657331, 0.979406419, -0.201898652, 4.91847531e-006, 0.201898652, 0.979406419, 1.44532183e-005, -7.73527159e-006, -1.31625413e-005, 1, 0.979406571, -0.201897918, 1.69703e-005, 0.201897918, 0.979406571, -4.1879448e-006, -1.5775286e-005, 7.5279689e-006, 1, 0, 0, 0, 0, 0, 0, 0, 0.251510645, -0.106725732, -0.147532886, 0.0969527575, 0.886538316, -0.45211708, -0.883789063, 0.285644531, 0.370483398, 0.457630524, 0.363717625, 0.811429629, 0, 0, -0, 0, 0, 0, 0, 0.292819531, -0.0764330566, -0.127554053, 0.0320951556, 0.219147426, -0.9750477, 0.368530273, -0.909423828, -0.192260742, -0.928980288, -0.353173083, -0.109968948, 0, 3, 5, 1, 
933.040732, 65, 0.1, 0.1, 0.0228485652, 0.363256364, -0.0199656442, 0.9794057, -0.20190214, 1.25662305e-005, 0.20190214, 0.9794057, -1.76875449e-006, -1.19503224e-005, 4.26947705e-006, 1, 0.97940584, -0.201901464, 8.30406772e-006, 0.201901464, 0.97940584, -9.57216962e-006, -6.20041736e-006, 1.10516423e-005, 1, 0, 0, 0, 0, 0, 0, 0, 0.252510376, -0.107859399, -0.147444287, 0.0969527575, 0.886538316, -0.45211708, -0.883789063, 0.285644531, 0.370483398, 0.457630524, 0.363717625, 0.811429629, 0, 0, -0, 0, 0, 0, 0, 0.293795361, -0.0776457031, -0.127308594, 0.0294757263, 0.219133933, -0.975213578, 0.372680664, -0.907592773, -0.192749023, -0.92741446, -0.357715982, -0.108390727, 0, 3, 5, 1, 
933.041521, 65, 0.1, 0.1, 0.0228485685, 0.363256357, -0.0199655225, 0.979405001, -0.201905534, 1.0181681e-005, 0.201905534, 0.979405001, -1.10287455e-005, -7.74522455e-006, 1.28573462e-005, 1, 0.979405141, -0.201904853, -9.69299475e-006, 0.201904853, 0.979405141, -8.92822059e-006, 1.129602e-005, 6.78728247e-006, 1, 0, 0, 0, 0, 0, 0, 0, 0.252510376, -0.107859399, -0.147444287, 0.0969527575, 0.886538316, -0.45211708, -0.883789063, 0.285644531, 0.370483398, 0.457630524, 0.363717625, 0.811429629, 0, 0, -0, 0, 0, 0, 0, 0.293795361, -0.0776457031, -0.127308594, 0.0294757263, 0.219133933, -0.975213578, 0.372680664, -0.907592773, -0.192749023, -0.92741446, -0.357715982, -0.108390727, 0, 3, 5, 1, 
933.042332, 65, 0.1, 0.1, 0.0228485711, 0.36325635, -0.0199653115, 0.979404284, -0.20190901, -4.91878625e-006, 0.20190901, 0.979404284, -1.37180376e-005, 7.58727572e-006, 1.24423575e-005, 1, 0.979404436, -0.20190827, -1.73540816e-005, 0.20190827, 0.979404437, 5.43665635e-006, 1.58989586e-005, -8.82861795e-006, 1, 0, 0, 0, 0, 0, 0, 0, 0.252510376, -0.107859399, -0.147444287, 0.0910891371, 0.885778963, -0.454827973, -0.884155273, 0.282104492, 0.372192383, 0.458064863, 0.368287204, 0.80913997, 0, 0, -0, 0, 0, 0, 0, 0.293795361, -0.0776457031, -0.127308594, 0.0294757263, 0.219133933, -0.975213578, 0.372680664, -0.907592773, -0.192749023, -0.92741446, -0.357715982, -0.108390727, 0, 3, 5, 1, 
933.043138, 65, 0.1, 0.1, 0.0228485717, 0.363256344, -0.0199647646, 0.979403567, -0.201912487, -1.37192988e-005, 0.201912487, 0.979403567, 3.04057184e-006, 1.28228007e-005, -5.74804464e-006, 1, 0.979403706, -0.201911815, -9.48085225e-006, 0.201911815, 0.979403706, 1.1218672e-005, 7.02039941e-006, -1.2901905e-005, 1, 0, 0, 0, 0, 0, 0, 0, 0.253328247, -0.109000513, -0.147143311, 0.0910891371, 0.885778963, -0.454827973, -0.884155273, 0.282104492, 0.372192383, 0.458064863, 0.368287204, 0.80913997, 0, 0, -0, 0, 0, 0, 0, 0.294551367, -0.0784038086, -0.127058252, 0.0268307774, 0.219427042, -0.975232534, 0.377319336, -0.905517578, -0.193359375, -0.925605829, -0.362840369, -0.10704255, 0, 3, 5, 1, 
933.043931, 65, 0.1, 0.1, 0.0228485719, 0.363256339, -0.0199644382, 0.979402863, -0.201915905, -1.05583152e-005, 0.201915905, 0.979402863, 1.1350189e-005, 8.04906048e-006, -1.32482994e-005, 1, 0.979403005, -0.201915213, 1.00956805e-005, 0.201915213, 0.979403005, 9.31360148e-006, -1.17682976e-005, -7.08329781e-006, 1, 0, 0, 0, 0, 0, 0, 0, 0.253328247, -0.109000513, -0.147143311, 0.0910891371, 0.885778963, -0.454827973, -0.884155273, 0.282104492, 0.372192383, 0.458064863, 0.368287204, 0.80913997, 0, 0, -0, 0, 0, 0, 0, 0.294551367, -0.0784038086, -0.127058252, 0.0268307774, 0.219427042, -0.975232534, 0.377319336, -0.905517578, -0.193359375, -0.925605829, -0.362840369, -0.10704255, 0, 3, 5, 1, 
933.044725, 65, 0.1, 0.1, 0.0228485728, 0.363256334, -0.0199644294, 0.979402157, -0.201919328, 6.34327848e-006, 0.201919328, 0.979402157, 1.12291907e-005, -8.48001127e-006, -9.7170631e-006, 1, 0.979402296, -0.201918652, 1.78151147e-005, 0.201918652, 0.979402296, -6.59576915e-006, -1.61163554e-005, 1.00571154e-005, 1, 0, 0, 0, 0, 0, 0, 0, 0.253328247, -0.109000513, -0.147143311, 0.0910891371, 0.885778963, -0.454827973, -0.884155273, 0.282104492, 0.372192383, 0.458064863, 0.368287204, 0.80913997, 0, 0, -0, 0, 0, 0, 0, 0.294551367, -0.0784038086, -0.127058252, 0.0268307774, 0.219427042, -0.975232534, 0.377319336, -0.905517578, -0.193359375, -0.925605829, -0.362840369, -0.10704255, 0, 3, 5, 1, 
933.04552, 65, 0.1, 0.1, 0.0228485753, 0.363256328, -0.0199647239, 0.979401447, -0.201922771, 1.50840174e-005, 0.201922771, 0.979401447, -4.70207121e-006, -1.38238532e-005, 7.65102193e-006, 1, 0.979401589, -0.201922084, 1.07801074e-005, 0.201922084, 0.979401589, -1.31040461e-005, -7.912058e-006, 1.50108653e-005, 1, 0, 0, 0, 0, 0, 0, 0, 0.253328247, -0.109000513, -0.147143311, 0.0910891371, 0.885778963, -0.454827973, -0.884155273, 0.282104492, 0.372192383, 0.458064863, 0.368287204, 0.80913997, 0, 0, -0, 0, 0, 0, 0, 0.294551367, -0.0784038086, -0.127058252, 0.0268307774, 0.219427042, -0.975232534, 0.377319336, -0.905517578, -0.193359375, -0.925605829, -0.362840369, -0.10704255, 0, 3, 5, 1, 
933.046315, 65, 0.1, 0.1, 0.0228485783, 0.363256322, -0.019965188, 0.979400739, -0.201926207, 1.09031989e-005, 0.201926207, 0.979400739, -1.23314346e-005, -8.18856121e-006, 1.42790577e-005, 1, 0.979400881, -0.201925519, -8.99748454e-006, 0.201925518, 0.979400881, -1.05246018e-005, 1.093733e-005, 8.49098254e-006, 1, 0, 0, 0, 0, 0, 0, 0, 0.253328247, -0.109000513, -0.147143311, 0.0910891371, 0.885778963, -0.454827973, -0.884155273, 0.282104492, 0.372192383, 0.458064863, 0.368287204, 0.80913997, 0, 0, -0, 0, 0, 0, 0, 0.294551367, -0.0784038086, -0.127058252, 0.0268307774, 0.219427042, -0.975232534, 0.377319336, -0.905517578, -0.193359375, -0.925605829, -0.362840369, -0.10704255, 0, 3, 5, 1, 
933.047105, 65, 0.1, 0.1, 0.0228485806, 0.363256315, -0.019965677, 0.979400037, -0.201929611, -6.26613948e-006, 0.201929611, 0.979400037, -1.09894976e-005, 8.35616221e-006, 9.49779524e-006, 1, 0.979400174, -0.201928945, -1.70192419e-005, 0.201928945, 0.979400174, 5.72336434e-006, 1.55129355e-005, -9.04214159e-006, 1, 0, 0, 0, 0, 0, 0, 0, 0.253328247, -0.109000513, -0.147143311, 0.0910891371, 0.885778963, -0.454827973, -0.884155273, 0.282104492, 0.372192383, 0.458064863, 0.368287204, 0.80913997, 0, 0, -0, 0, 0, 0, 0, 0.294551367, -0.0784038086, -0.127058252, 0.0268307774, 0.219427042, -0.975232534, 0.377319336, -0.905517578, -0.193359375, -0.925605829, -0.362840369, -0.10704255, 0, 3, 5, 1, 
933.047925, 65, 0.1, 0.1, 0.0228485813, 0.363256309, -0.0199657258, 0.979399305, -0.20193316, -1.48116291e-005, 0.201933161, 0.979399305, 6.51870011e-006, 1.31901576e-005, -9.37536944e-006, 1, 0.979399445, -0.201932482, -1.04888902e-005, 0.201932482, 0.979399445, 1.45102432e-005, 7.34272386e-006, -1.63293718e-005, 1, 0, 0, 0, 0, 0, 0, 0, 0.254362524, -0.110133447, -0.147049951, 0.0850607659, 0.885203457, -0.457215356, -0.884277344, 0.278564453, 0.374755859, 0.459019663, 0.372456889, 0.806551888, 0, 0, -0, 0, 0, 0, 0, 0.295299072, -0.0793468262, -0.126801318, 0.0240644268, 0.220167478, -0.975117329, 0.381835937, -0.903442383, -0.194580078, -0.923809958, -0.367549511, -0.105803014, 0, 3, 5, 1, 
933.048716, 65, 0.1, 0.1, 0.0228485818, 0.363256303, -0.0199656075, 0.979398603, -0.201936564, -1.14850129e-005, 0.201936564, 0.979398603, 1.39193935e-005, 8.43757113e-006, -1.59518786e-005, 1, 0.979398745, -0.201935879, 8.03352834e-006, 0.201935879, 0.979398745, 1.23941658e-005, -1.03708543e-005, -1.05165728e-005, 1, 0, 0, 0, 0, 0, 0, 0, 0.254362524, -0.110133447, -0.147049951, 0.0850607659, 0.885203457, -0.457215356, -0.884277344, 0.278564453, 0.374755859, 0.459019663, 0.372456889, 0.806551888, 0, 0, -0, 0, 0, 0, 0, 0.295299072, -0.0793468262, -0.126801318, 0.0240644268, 0.220167478, -0.975117329, 0.381835937, -0.903442383, -0.194580078, -0.923809958, -0.367549511, -0.105803014, 0, 3, 5, 1, 
