time, trialNum, realDorsalTactorPos, realVentralTactorPos, boxPosX, boxPosY, boxPosZ, boxLocalRot_11, boxLocalRot_12, boxLocalRot_13, boxLocalRot_21, boxLocalRot_22, boxLocalRot_23, boxLocalRot_31, boxLocalRot_32, boxLocalRot_33, boxGlobalRot_11, boxGlobalRot_12, boxGlobalRot_13, boxGlobalRot_21, boxGlobalRot_22, boxGlobalRot_23, boxGlobalRot_31, boxGlobalRot_32, boxGlobalRot_33, indexForceX, indexForceY, indexForceZ, indexForceGlobalX, indexForceGlobalY, indexForceGlobalZ, indexContact, indexPosX, indexPosY, indexPosZ, indexRot_11, indexRot_12, indexRot_13, indexRot_21, indexRot_22, indexRot_23, indexRot_31, indexRot_32, indexRot_33, thumbForceX, thumbForceY, thumbForceZ, thumbForceGlobalX, thumbForceGlobalY, thumbForceGlobalZ, thumbContact, thumbPosX, thumbPosY, thumbPosZ, thumbRot_11, thumbRot_12, thumbRot_13, thumbRot_21, thumbRot_22, thumbRot_23, thumbRot_31, thumbRot_32, thumbRot_33, manipForceTooHigh, cceExpType, mapping, trialSuccess, 
958.456335, 71, 0.1, 0.1, 0.00846848171, 0.361983673, -0.0199686962, 0.997886333, -1.33536951e-005, 0.0649835801, 0.0649835804, 2.24045091e-005, -0.997886333, 1.18695446e-005, 1, 2.32249243e-005, 0.99788638, 9.22952264e-006, 0.0649828696, 0.0649828694, 1.44657385e-005, -0.99788638, -1.01500401e-005, 1, 1.38354026e-005, 0, 0, 0, 0, 0, 0, 0, 0.322707983, -0.201120288, -0.160816406, -0.291232997, 0.356344637, -0.887738787, -0.920410156, 0.148193359, 0.361450195, 0.260311597, 0.922532266, 0.28495939, 0, 0, -0, 0, 0, 0, 0, 0.378596436, -0.158077783, -0.131117334, 0.239410877, 0.00817902576, -0.970763001, 0.51159668, -0.850830078, 0.119018555, -0.825075654, -0.525092862, -0.207958261, 0, 3, 5, 1, 
958.489066, 71, 0.1, 0.1, 0.00846847358, 0.361983666, -0.0199667392, 0.997886919, 3.14421897e-005, 0.0649745818, 0.0649745819, -4.46376271e-006, -0.997886919, -3.10857187e-005, 0.999999999, -6.49727354e-006, 0.99788691, 4.12649737e-005, 0.0649747053, 0.0649747057, -9.90779553e-006, -0.997886911, -4.05340211e-005, 0.999999999, -1.2568039e-005, 0, 0, 0, 0, 0, 0, 0, 0.327161035, -0.203392505, -0.156596021, -0.303187503, 0.355305957, -0.88415659, -0.922851562, 0.121337891, 0.365234375, 0.237115842, 0.926898902, 0.291189582, 0, 0, -0, 0, 0, 0, 0, 0.382285986, -0.160490918, -0.126285107, 0.237432005, 0.0210319028, -0.971089293, 0.53112793, -0.83984375, 0.111694336, -0.813254857, -0.542276119, -0.210692896, 0, 3, 5, 1, 
958.489856, 71, 0.1, 0.1, 0.00846847936, 0.361983665, -0.0199643795, 0.997886937, -3.45735266e-005, 0.0649743005, 0.0649742998, -1.99923663e-005, -0.997886937, 3.57994606e-005, 0.999999999, -1.77037305e-005, 0.997886936, -4.43391755e-005, 0.064974304, 0.0649743034, -1.43279548e-005, -0.997886937, 4.51764329e-005, 0.999999999, -1.14167719e-005, 0, 0, 0, 0, 0, 0, 0, 0.327161035, -0.203392505, -0.156596021, -0.303187503, 0.355305957, -0.88415659, -0.922851562, 0.121337891, 0.365234375, 0.237115842, 0.926898902, 0.291189582, 0, 0, -0, 0, 0, 0, 0, 0.382285986, -0.160490918, -0.126285107, 0.237432005, 0.0210319028, -0.971089293, 0.53112793, -0.83984375, 0.111694336, -0.813254857, -0.542276119, -0.210692896, 0, 3, 5, 1, 
958.490649, 71, 0.1, 0.1, 0.00846847296, 0.361983664, -0.0199625757, 0.997886933, 3.80898746e-005, 0.0649743553, 0.0649743557, -1.03779643e-005, -0.997886934, -3.73350866e-005, 0.999999999, -1.28309e-005, 0.997886932, 4.62274557e-005, 0.064974365, 0.0649743646, 9.86674987e-006, -0.997886933, -4.67708598e-005, 0.999999999, 6.84230121e-006, 0, 0, 0, 0, 0, 0, 0, 0.327161035, -0.203392505, -0.156596021, -0.303187503, 0.355305957, -0.88415659, -0.922851562, 0.121337891, 0.365234375, 0.237115842, 0.926898902, 0.291189582, 0, 0, -0, 0, 0, 0, 0, 0.382285986, -0.160490918, -0.126285107, 0.237432005, 0.0210319028, -0.971089293, 0.53112793, -0.83984375, 0.111694336, -0.813254857, -0.542276119, -0.210692896, 0, 3, 5, 1, 
958.491447, 71, 0.1, 0.1, 0.00846847847, 0.361983663, -0.0199618375, 0.997886964, -3.59466855e-005, 0.0649738925, 0.0649738929, 1.00497518e-005, -0.997886964, 3.52177574e-005, 0.999999999, 1.23641124e-005, 0.997886956, -4.63172548e-005, 0.0649740083, 0.0649740091, 1.57951444e-005, -0.997886956, 4.51931106e-005, 0.999999999, 1.87711863e-005, 0, 0, 0, 0, 0, 0, 0, 0.327161035, -0.203392505, -0.156596021, -0.303187503, 0.355305957, -0.88415659, -0.922851562, 0.121337891, 0.365234375, 0.237115842, 0.926898902, 0.291189582, 0, 0, -0, 0, 0, 0, 0, 0.382285986, -0.160490918, -0.126285107, 0.237432005, 0.0210319028, -0.971089293, 0.53112793, -0.83984375, 0.111694336, -0.813254857, -0.542276119, -0.210692896, 0, 3, 5, 1, 
958.492288, 71, 0.1, 0.1, 0.00846847057, 0.361983661, -0.0199620706, 0.997886977, 4.04182862e-005, 0.0649736907, 0.0649736896, 2.95117307e-005, -0.997886977, -4.22503675e-005, 0.999999999, 2.68232465e-005, 0.997886977, 5.12423932e-005, 0.0649736688, 0.0649736677, 2.28818693e-005, -0.997886979, -5.26208359e-005, 0.999999998, 1.95041132e-005, 0, 0, 0, 0, 0, 0, 0, 0.327262817, -0.204309888, -0.156794727, -0.305623939, 0.354823687, -0.88360505, -0.921875, 0.121826172, 0.367797852, 0.238119696, 0.926975286, 0.2899899, 0, 0, -0, 0, 0, 0, 0, 0.382285986, -0.160490918, -0.126285107, 0.232952905, 0.0222841982, -0.972162218, 0.532104492, -0.839599609, 0.108276367, -0.813848372, -0.542512726, -0.207491612, 0, 3, 5, 1, 
958.493084, 71, 0.1, 0.1, 0.00846847528, 0.36198366, -0.0199629445, 0.997886966, -3.43408049e-005, 0.0649738512, 0.0649738518, 1.54841853e-005, -0.997886967, 3.32621745e-005, 0.999999999, 1.76827211e-005, 0.997886967, -4.17527853e-005, 0.0649738402, 0.0649738401, -3.86243825e-006, -0.997886968, 4.19155177e-005, 0.999999999, -1.141438e-006, 0, 0, 0, 0, 0, 0, 0, 0.327262817, -0.204309888, -0.156794727, -0.305623939, 0.354823687, -0.88360505, -0.921875, 0.121826172, 0.367797852, 0.238119696, 0.926975286, 0.2899899, 0, 0, -0, 0, 0, 0, 0, 0.381753906, -0.161082764, -0.127181738, 0.232952905, 0.0222841982, -0.972162218, 0.532104492, -0.839599609, 0.108276367, -0.813848372, -0.542512726, -0.207491612, 0, 3, 5, 1, 
958.493873, 71, 0.1, 0.1, 0.00846846913, 0.361983659, -0.0199645657, 0.997886988, 3.61308339e-005, 0.0649735176, 0.0649735179, -7.24058069e-006, -0.997886989, -3.5584043e-005, 0.999999999, -9.57282864e-006, 0.997886982, 4.54765194e-005, 0.0649736092, 0.0649736098, -1.14351684e-005, -0.997886983, -4.46374426e-005, 0.999999999, -1.43657794e-005, 0, 0, 0, 0, 0, 0, 0, 0.327262817, -0.204309888, -0.156794727, -0.305623939, 0.354823687, -0.88360505, -0.921875, 0.121826172, 0.367797852, 0.238119696, 0.926975286, 0.2899899, 0, 0, -0, 0, 0, 0, 0, 0.381753906, -0.161082764, -0.127181738, 0.232952905, 0.0222841982, -0.972162218, 0.532104492, -0.839599609, 0.108276367, -0.813848372, -0.542512726, -0.207491612, 0, 3, 5, 1, 
958.49467, 71, 0.1, 0.1, 0.0084684746, 0.361983659, -0.0199663468, 0.997886997, -3.58810421e-005, 0.0649733816, 0.0649733807, -2.52658058e-005, -0.997886997, 3.74468302e-005, 0.999999999, -2.28811064e-005, 0.997886998, -4.37238953e-005, 0.0649733574, 0.0649733566, -1.8943415e-005, -0.997886999, 4.48623239e-005, 0.999999999, -1.60624993e-005, 0, 0, 0, 0, 0, 0, 0, 0.327262817, -0.204309888, -0.156794727, -0.305623939, 0.354823687, -0.88360505, -0.921875, 0.121826172, 0.367797852, 0.238119696, 0.926975286, 0.2899899, 0, 0, -0, 0, 0, 0, 0, 0.381753906, -0.161082764, -0.127181738, 0.232952905, 0.0222841982, -0.972162218, 0.532104492, -0.839599609, 0.108276367, -0.813848372, -0.542512726, -0.207491612, 0, 3, 5, 1, 
958.495484, 71, 0.1, 0.1, 0.00846847026, 0.361983654, -0.019967441, 0.997886968, 2.60036096e-005, 0.064973826, 0.0649738247, 4.62835119e-005, -0.997886968, -2.895588e-005, 0.999999999, 4.44961594e-005, 0.997886976, 3.34150158e-005, 0.0649737053, 0.0649737038, 4.50849017e-005, -0.997886975, -3.62737421e-005, 0.999999998, 4.28185389e-005, 0, 0, 0, 0, 0, 0, 0, 0.327262817, -0.204309888, -0.156794727, -0.305623939, 0.354823687, -0.88360505, -0.921875, 0.121826172, 0.367797852, 0.238119696, 0.926975286, 0.2899899, 0, 0, -0, 0, 0, 0, 0, 0.381644141, -0.160094824, -0.128304785, 0.227553999, 0.0246925406, -0.973394824, 0.536254883, -0.837524414, 0.104125977, -0.812697422, -0.545573652, -0.203938882, 0, 3, 5, 1, 
958.496276, 71, 0.1, 0.1, 0.00846847442, 0.361983657, -0.0199677313, 0.997886914, -2.42799816e-005, 0.064974659, 0.0649746578, -4.99379336e-005, -0.997886913, 2.74733761e-005, 0.999999998, -4.82548269e-005, 0.997886927, -3.30457714e-005, 0.0649744548, 0.0649744533, -4.37809357e-005, -0.997886927, 3.58205857e-005, 0.999999998, -4.15412925e-005, 0, 0, 0, 0, 0, 0, 0, 0.327262817, -0.204309888, -0.156794727, -0.305623939, 0.354823687, -0.88360505, -0.921875, 0.121826172, 0.367797852, 0.238119696, 0.926975286, 0.2899899, 0, 0, -0, 0, 0, 0, 0, 0.381644141, -0.160094824, -0.128304785, 0.227553999, 0.0246925406, -0.973394824, 0.536254883, -0.837524414, 0.104125977, -0.812697422, -0.545573652, -0.203938882, 0, 3, 5, 1, 
958.497082, 71, 0.1, 0.1, 0.00846846848, 0.361983657, -0.0199672022, 0.99788683, 2.97132736e-005, 0.0649759399, 0.064975939, 2.85847525e-005, -0.997886831, -3.15078056e-005, 0.999999999, 2.65937003e-005, 0.99788685, 3.96546631e-005, 0.0649756269, 0.064975626, 2.40135764e-005, -0.997886851, -4.11311641e-005, 0.999999999, 2.13862456e-005, 0, 0, 0, 0, 0, 0, 0, 0.327262817, -0.204309888, -0.156794727, -0.309622882, 0.354176667, -0.882437568, -0.921020508, 0.118896484, 0.370849609, 0.236281227, 0.927572132, 0.289557805, 0, 0, -0, 0, 0, 0, 0, 0.381644141, -0.160094824, -0.128304785, 0.227553999, 0.0246925406, -0.973394824, 0.536254883, -0.837524414, 0.104125977, -0.812697422, -0.545573652, -0.203938882, 0, 3, 5, 1, 
958.49787, 71, 0.1, 0.1, 0.00846847343, 0.361983661, -0.0199660023, 0.997886725, -3.12775587e-005, 0.0649775521, 0.0649775505, -4.99109684e-005, -0.997886725, 3.44545532e-005, 0.999999998, -4.77731537e-005, 0.997886748, -3.91003003e-005, 0.0649772079, 0.064977206, -4.77230179e-005, -0.997886747, 4.21185799e-005, 0.999999998, -4.50815388e-005, 0, 0, 0, 0, 0, 0, 0, 0.327276099, -0.203671411, -0.157182861, -0.309622882, 0.354176667, -0.882437568, -0.921020508, 0.118896484, 0.370849609, 0.236281227, 0.927572132, 0.289557805, 0, 0, -0, 0, 0, 0, 0, 0.381644141, -0.160094824, -0.128304785, 0.227553999, 0.0246925406, -0.973394824, 0.536254883, -0.837524414, 0.104125977, -0.812697422, -0.545573652, -0.203938882, 0, 3, 5, 1, 
958.498658, 71, 0.1, 0.1, 0.00846846924, 0.361983658, -0.0199647445, 0.997886603, 2.19633989e-005, 0.0649794413, 0.0649794402, 4.82540418e-005, -0.997886602, -2.50525021e-005, 0.999999999, 4.67248925e-005, 0.997886629, 3.17602683e-005, 0.0649790397, 0.0649790383, 4.27821529e-005, -0.997886628, -3.44730902e-005, 0.999999999, 4.06279866e-005, 0, 0, 0, 0, 0, 0, 0, 0.327276099, -0.203671411, -0.157182861, -0.309622882, 0.354176667, -0.882437568, -0.921020508, 0.118896484, 0.370849609, 0.236281227, 0.927572132, 0.289557805, 0, 0, -0, 0, 0, 0, 0, 0.381644141, -0.160094824, -0.128304785, 0.227553999, 0.0246925406, -0.973394824, 0.536254883, -0.837524414, 0.104125977, -0.812697422, -0.545573652, -0.203938882, 0, 3, 5, 1, 
958.499468, 71, 0.1, 0.1, 0.00846847633, 0.361983659, -0.019963776, 0.997886454, -3.67860001e-005, 0.0649817192, 0.0649817176, -4.06249381e-005, -0.997886454, 3.93481295e-005, 0.999999998, -3.81486579e-005, 0.997886487, -4.84833079e-005, 0.0649812065, 0.0649812048, -3.59741276e-005, -0.997886487, 5.07184801e-005, 0.999999998, -3.2747592e-005, 0, 0, 0, 0, 0, 0, 0, 0.327276099, -0.203671411, -0.157182861, -0.311501786, 0.354436898, -0.881637779, -0.920532227, 0.1171875, 0.372436523, 0.235342897, 0.927654507, 0.289925498, 0, 0, -0, 0, 0, 0, 0, 0.381644141, -0.160094824, -0.128304785, 0.227553999, 0.0246925406, -0.973394824, 0.536254883, -0.837524414, 0.104125977, -0.812697422, -0.545573652, -0.203938882, 0, 3, 5, 1, 
958.500277, 71, 0.1, 0.1, 0.0084684701, 0.361983655, -0.0199630257, 0.997886285, 3.60552745e-005, 0.0649843169, 0.064984315, 5.13861236e-005, -0.997886284, -3.93183561e-005, 0.999999998, 4.89344806e-005, 0.997886318, 4.49904311e-005, 0.0649837937, 0.0649837916, 4.69687056e-005, -0.997886318, -4.79475403e-005, 0.999999998, 4.39457799e-005, 0, 0, 0, 0, 0, 0, 0, 0.327623706, -0.202988135, -0.156917627, -0.311501786, 0.354436898, -0.881637779, -0.920532227, 0.1171875, 0.372436523, 0.235342897, 0.927654507, 0.289925498, 0, 0, -0, 0, 0, 0, 0, 0.381814893, -0.159328174, -0.127871484, 0.226295507, 0.0269029225, -0.973663146, 0.53894043, -0.8359375, 0.102294922, -0.811234039, -0.547918928, -0.203721599, 0, 3, 5, 1, 
958.501069, 71, 0.1, 0.1, 0.00846847392, 0.361983657, -0.0199631438, 0.997886104, -2.54556448e-005, 0.0649870917, 0.0649870904, -4.69073754e-005, -0.997886104, 2.84502081e-005, 0.999999999, -4.51539299e-005, 0.997886142, -3.46732858e-005, 0.0649865097, 0.0649865083, -4.14140848e-005, -0.997886142, 3.72913482e-005, 0.999999999, -3.90732456e-005, 0, 0, 0, 0, 0, 0, 0, 0.327623706, -0.202988135, -0.156917627, -0.311501786, 0.354436898, -0.881637779, -0.920532227, 0.1171875, 0.372436523, 0.235342897, 0.927654507, 0.289925498, 0, 0, -0, 0, 0, 0, 0, 0.381814893, -0.159328174, -0.127871484, 0.226295507, 0.0269029225, -0.973663146, 0.53894043, -0.8359375, 0.102294922, -0.811234039, -0.547918928, -0.203721599, 0, 3, 5, 1, 
958.501859, 71, 0.1, 0.1, 0.00846846734, 0.361983654, -0.019964, 0.99788591, 3.36021966e-005, 0.064990079, 0.0649900774, 4.49563718e-005, -0.997885909, -3.64528766e-005, 0.999999998, 4.26775206e-005, 0.997885949, 4.42180473e-005, 0.0649894697, 0.064989468, 3.9840034e-005, -0.997885949, -4.67137507e-005, 0.999999998, 3.68821028e-005, 0, 0, 0, 0, 0, 0, 0, 0.327623706, -0.202988135, -0.156917627, -0.311501786, 0.354436898, -0.881637779, -0.920532227, 0.1171875, 0.372436523, 0.235342897, 0.927654507, 0.289925498, 0, 0, -0, 0, 0, 0, 0, 0.381814893, -0.159328174, -0.127871484, 0.226295507, 0.0269029225, -0.973663146, 0.53894043, -0.8359375, 0.102294922, -0.811234039, -0.547918928, -0.203721599, 0, 3, 5, 1, 
958.50265, 71, 0.1, 0.1, 0.00846847242, 0.361983656, -0.0199653093, 0.997885703, -3.29657461e-005, 0.0649932564, 0.0649932549, -4.52738782e-005, -0.997885702, 3.58385434e-005, 0.999999998, -4.30356047e-005, 0.997885744, -4.13399575e-005, 0.0649926107, 0.064992609, -3.99670206e-005, -0.997885745, 4.38501152e-005, 0.999999998, -3.71957284e-005, 0, 0, 0, 0, 0, 0, 0, 0.327623706, -0.202988135, -0.156917627, -0.311501786, 0.354436898, -0.881637779, -0.920532227, 0.1171875, 0.372436523, 0.235342897, 0.927654507, 0.289925498, 0, 0, -0, 0, 0, 0, 0, 0.381814893, -0.159328174, -0.127871484, 0.226295507, 0.0269029225, -0.973663146, 0.53894043, -0.8359375, 0.102294922, -0.811234039, -0.547918928, -0.203721599, 0, 3, 5, 1, 
958.503441, 71, 0.1, 0.1, 0.00846846816, 0.361983654, -0.019966579, 0.997885488, 2.45475426e-005, 0.0649965632, 0.0649965621, 4.1675969e-005, -0.997885487, -2.72044312e-005, 0.999999999, 3.99923388e-005, 0.997885531, 3.34524354e-005, 0.0649958941, 0.0649958929, 3.64153155e-005, -0.997885531, -3.57485473e-005, 0.999999999, 3.41640456e-005, 0, 0, 0, 0, 0, 0, 0, 0.327623706, -0.202988135, -0.156917627, -0.311501786, 0.354436898, -0.881637779, -0.920532227, 0.1171875, 0.372436523, 0.235342897, 0.927654507, 0.289925498, 0, 0, -0, 0, 0, 0, 0, 0.381814893, -0.159328174, -0.127871484, 0.226295507, 0.0269029225, -0.973663146, 0.53894043, -0.8359375, 0.102294922, -0.811234039, -0.547918928, -0.203721599, 0, 3, 5, 1, 
958.504242, 71, 0.1, 0.1, 0.00846847365, 0.361983656, -0.019967385, 0.997885262, -3.07909244e-005, 0.0650000206, 0.0650000194, -3.96043635e-005, -0.997885262, 3.33000941e-005, 0.999999999, -3.75192e-005, 0.99788531, -4.05843455e-005, 0.0649992763, 0.0649992749, -3.49400549e-005, -0.997885311, 4.27696005e-005, 0.999999999, -3.22282145e-005, 0, 0, 0, 0, 0, 0, 0, 0.327623706, -0.202988135, -0.156917627, -0.313266114, 0.354455994, -0.881034942, -0.920043945, 0.116333008, 0.373901367, 0.235127971, 0.927775075, 0.289830018, 0, 0, -0, 0, 0, 0, 0, 0.381814893, -0.159328174, -0.127871484, 0.226295507, 0.0269029225, -0.973663146, 0.53894043, -0.8359375, 0.102294922, -0.811234039, -0.547918928, -0.203721599, 0, 3, 5, 1, 
958.505051, 71, 0.1, 0.1, 0.00846846862, 0.361983652, -0.0199671307, 0.99788503, 2.76821392e-005, 0.0650035915, 0.0650035902, 4.47700444e-005, -0.997885029, -3.05338059e-005, 0.999999999, 4.28759186e-005, 0.997885075, 3.67155719e-005, 0.0650028892, 0.0650028877, 4.03357479e-005, -0.997885075, -3.92598614e-005, 0.999999999, 3.78638226e-005, 0, 0, 0, 0, 0, 0, 0, 0.327086401, -0.20276355, -0.156663867, -0.313266114, 0.354455994, -0.881034942, -0.920043945, 0.116333008, 0.373901367, 0.235127971, 0.927775075, 0.289830018, 0, 0, -0, 0, 0, 0, 0, 0.381300781, -0.159012646, -0.127659717, 0.224966653, 0.0287811823, -0.973944229, 0.541015625, -0.834838867, 0.100341797, -0.810269023, -0.549439913, -0.203382914, 0, 3, 5, 1, 
958.505841, 71, 0.1, 0.1, 0.00846847341, 0.361983654, -0.0199663433, 0.997884797, -2.82332541e-005, 0.0650071603, 0.0650071591, -4.01763919e-005, -0.997884797, 3.07852881e-005, 0.999999999, -3.8256047e-005, 0.997884843, -3.77770716e-005, 0.0650064442, 0.0650064429, -3.56425578e-005, -0.997884844, 4.00141631e-005, 0.999999999, -3.31114151e-005, 0, 0, 0, 0, 0, 0, 0, 0.327086401, -0.20276355, -0.156663867, -0.313266114, 0.354455994, -0.881034942, -0.920043945, 0.116333008, 0.373901367, 0.235127971, 0.927775075, 0.289830018, 0, 0, -0, 0, 0, 0, 0, 0.381300781, -0.159012646, -0.127659717, 0.224966653, 0.0287811823, -0.973944229, 0.541015625, -0.834838867, 0.100341797, -0.810269023, -0.549439913, -0.203382914, 0, 3, 5, 1, 
958.506636, 71, 0.1, 0.1, 0.00846846756, 0.36198365, -0.0199652834, 0.997884558, 3.10888194e-005, 0.0650108262, 0.0650108247, 4.64939052e-005, -0.997884558, -3.404566e-005, 0.999999998, 4.43744402e-005, 0.997884605, 4.08753149e-005, 0.0650100964, 0.0650100947, 4.22174248e-005, -0.997884605, -4.35334064e-005, 0.999999998, 3.94708102e-005, 0, 0, 0, 0, 0, 0, 0, 0.327086401, -0.20276355, -0.156663867, -0.313266114, 0.354455994, -0.881034942, -0.920043945, 0.116333008, 0.373901367, 0.235127971, 0.927775075, 0.289830018, 0, 0, -0, 0, 0, 0, 0, 0.381300781, -0.159012646, -0.127659717, 0.224966653, 0.0287811823, -0.973944229, 0.541015625, -0.834838867, 0.100341797, -0.810269023, -0.549439913, -0.203382914, 0, 3, 5, 1, 
958.507469, 71, 0.1, 0.1, 0.0084684731, 0.361983653, -0.0199639966, 0.997884301, -3.07321091e-005, 0.065014778, 0.0650147763, -5.11393038e-005, -0.9978843, 3.39918997e-005, 0.999999998, -4.90330672e-005, 0.99788435, -4.11194195e-005, 0.0650140146, 0.0650140126, -4.64578045e-005, -0.99788435, 4.40528336e-005, 0.999999998, -4.36861776e-005, 0, 0, 0, 0, 0, 0, 0, 0.327086401, -0.20276355, -0.156663867, -0.313266114, 0.354455994, -0.881034942, -0.920043945, 0.116333008, 0.373901367, 0.235127971, 0.927775075, 0.289830018, 0, 0, -0, 0, 0, 0, 0, 0.381300781, -0.159012646, -0.127659717, 0.224966653, 0.0287811823, -0.973944229, 0.541015625, -0.834838867, 0.100341797, -0.810269023, -0.549439913, -0.203382914, 0, 3, 5, 1, 
958.508261, 71, 0.1, 0.1, 0.00846846718, 0.361983651, -0.0199630567, 0.997884049, 3.2023756e-005, 0.065018638, 0.0650186366, 4.38281837e-005, -0.997884049, -3.48056441e-005, 0.999999999, 4.16533044e-005, 0.997884099, 4.22609531e-005, 0.0650178608, 0.0650178592, 3.85104736e-005, -0.9978841, -4.46754018e-005, 0.999999998, 3.56812725e-005, 0, 0, 0, 0, 0, 0, 0, 0.327086401, -0.20276355, -0.156663867, -0.313266114, 0.354455994, -0.881034942, -0.920043945, 0.116333008, 0.373901367, 0.235127971, 0.927775075, 0.289830018, 0, 0, -0, 0, 0, 0, 0, 0.381300781, -0.159012646, -0.127659717, 0.224966653, 0.0287811823, -0.973944229, 0.541015625, -0.834838867, 0.100341797, -0.810269023, -0.549439913, -0.203382914, 0, 3, 5, 1, 
958.509066, 71, 0.1, 0.1, 0.00846847258, 0.361983654, -0.0199629498, 0.997883787, -3.10941179e-005, 0.0650226632, 0.0650226616, -4.93664261e-005, -0.997883786, 3.42382526e-005, 0.999999998, -4.72401339e-005, 0.997883843, -4.21101717e-005, 0.0650217935, 0.0650217917, -4.40591491e-005, -0.997883843, 4.48858649e-005, 0.999999998, -4.12278342e-005, 0, 0, 0, 0, 0, 0, 0, 0.327086401, -0.20276355, -0.156663867, -0.314039693, 0.354678033, -0.88060996, -0.919433594, 0.117431641, 0.37512207, 0.236486414, 0.927616315, 0.289391932, 0, 0, -0, 0, 0, 0, 0, 0.381300781, -0.159012646, -0.127659717, 0.224966653, 0.0287811823, -0.973944229, 0.541015625, -0.834838867, 0.100341797, -0.810269023, -0.549439913, -0.203382914, 0, 3, 5, 1, 
958.509874, 71, 0.1, 0.1, 0.00846846624, 0.361983651, -0.0199632748, 0.997883518, 3.41758022e-005, 0.0650267835, 0.0650267818, 4.75044767e-005, -0.997883518, -3.7192533e-005, 0.999999998, 4.5181592e-005, 0.997883571, 4.43933032e-005, 0.0650259774, 0.0650259755, 4.19655373e-005, -0.997883571, -4.7028198e-005, 0.999999998, 3.89900023e-005, 0, 0, 0, 0, 0, 0, 0, 0.326604517, -0.203645654, -0.156420239, -0.314039693, 0.354678033, -0.88060996, -0.919433594, 0.117431641, 0.37512207, 0.236486414, 0.927616315, 0.289391932, 0, 0, -0, 0, 0, 0, 0, 0.380979395, -0.159847266, -0.127212988, 0.223682274, 0.0294457928, -0.97412943, 0.540527344, -0.835327148, 0.0988769531, -0.810894988, -0.548756346, -0.202788665, 0, 3, 5, 1, 
958.510664, 71, 0.1, 0.1, 0.00846847114, 0.361983653, -0.0199643068, 0.997883251, -3.11683327e-005, 0.0650308869, 0.0650308855, -4.39207129e-005, -0.997883251, 3.39585601e-005, 0.999999999, -4.18008395e-005, 0.997883304, -4.02753394e-005, 0.0650300693, 0.0650300678, -3.87770873e-005, -0.997883304, 4.27117654e-005, 0.999999998, -3.60758999e-005, 0, 0, 0, 0, 0, 0, 0, 0.326604517, -0.203645654, -0.156420239, -0.314039693, 0.354678033, -0.88060996, -0.919433594, 0.117431641, 0.37512207, 0.236486414, 0.927616315, 0.289391932, 0, 0, -0, 0, 0, 0, 0, 0.380979395, -0.159847266, -0.127212988, 0.223682274, 0.0294457928, -0.97412943, 0.540527344, -0.835327148, 0.0988769531, -0.810894988, -0.548756346, -0.202788665, 0, 3, 5, 1, 
958.511469, 71, 0.1, 0.1, 0.00846846599, 0.36198365, -0.0199656565, 0.997882977, 2.76948952e-005, 0.0650350906, 0.0650350893, 4.53169714e-005, -0.997882977, -3.05834578e-005, 0.999999999, 4.34198944e-005, 0.997883036, 3.78137391e-005, 0.0650341867, 0.0650341852, 3.97417515e-005, -0.997883036, -4.03182613e-005, 0.999999998, 3.71984339e-005, 0, 0, 0, 0, 0, 0, 0, 0.326604517, -0.203645654, -0.156420239, -0.316323361, 0.355826419, -0.879366094, -0.91809082, 0.118164062, 0.378051758, 0.238454806, 0.927063653, 0.289442107, 0, 0, -0, 0, 0, 0, 0, 0.380979395, -0.159847266, -0.127212988, 0.223682274, 0.0294457928, -0.97412943, 0.540527344, -0.835327148, 0.0988769531, -0.810894988, -0.548756346, -0.202788665, 0, 3, 5, 1, 
958.512277, 71, 0.1, 0.1, 0.00846847156, 0.361983651, -0.019966437, 0.9978827, -3.23767175e-005, 0.0650393382, 0.0650393369, -4.09854468e-005, -0.9978827, 3.49738326e-005, 0.999999999, -3.87929081e-005, 0.997882754, -4.16904177e-005, 0.0650385103, 0.0650385088, -3.62323062e-005, -0.997882754, 4.39586441e-005, 0.999999998, -3.34441109e-005, 0, 0, 0, 0, 0, 0, 0, 0.326270557, -0.204704858, -0.157249487, -0.316323361, 0.355826419, -0.879366094, -0.91809082, 0.118164062, 0.378051758, 0.238454806, 0.927063653, 0.289442107, 0, 0, -0, 0, 0, 0, 0, 0.380389844, -0.160841895, -0.127227637, 0.221816408, 0.030921935, -0.974570193, 0.539916992, -0.83605957, 0.0964355469, -0.811827554, -0.547619256, -0.202098535, 0, 3, 5, 1, 
958.513069, 71, 0.1, 0.1, 0.00846846695, 0.361983648, -0.0199668264, 0.99788243, 2.66986182e-005, 0.0650434936, 0.0650434924, 4.31749253e-005, -0.997882429, -2.945033e-005, 0.999999999, 4.1346928e-005, 0.997882483, 3.53933405e-005, 0.0650426622, 0.0650426608, 3.85252228e-005, -0.997882483, -3.78241776e-005, 0.999999999, 3.6141568e-005, 0, 0, 0, 0, 0, 0, 0, 0.326270557, -0.204704858, -0.157249487, -0.316323361, 0.355826419, -0.879366094, -0.91809082, 0.118164062, 0.378051758, 0.238454806, 0.927063653, 0.289442107, 0, 0, -0, 0, 0, 0, 0, 0.380389844, -0.160841895, -0.127227637, 0.221816408, 0.030921935, -0.974570193, 0.539916992, -0.83605957, 0.0964355469, -0.811827554, -0.547619256, -0.202098535, 0, 3, 5, 1, 
958.513858, 71, 0.1, 0.1, 0.00846847179, 0.36198365, -0.0199667331, 0.99788216, -2.83006883e-005, 0.0650476222, 0.065047621, -4.07624034e-005, -0.99788216, 3.08922494e-005, 0.999999999, -3.88351827e-005, 0.997882213, -3.77920496e-005, 0.065046806, 0.0650468046, -3.62390347e-005, -0.997882213, 4.00692476e-005, 0.999999999, -3.37040361e-005, 0, 0, 0, 0, 0, 0, 0, 0.326270557, -0.204704858, -0.157249487, -0.316323361, 0.355826419, -0.879366094, -0.91809082, 0.118164062, 0.378051758, 0.238454806, 0.927063653, 0.289442107, 0, 0, -0, 0, 0, 0, 0, 0.380389844, -0.160841895, -0.127227637, 0.221816408, 0.030921935, -0.974570193, 0.539916992, -0.83605957, 0.0964355469, -0.811827554, -0.547619256, -0.202098535, 0, 3, 5, 1, 
958.514653, 71, 0.1, 0.1, 0.00846846606, 0.361983647, -0.0199662154, 0.997881889, 3.11590744e-005, 0.0650517854, 0.065051784, 4.42822738e-005, -0.997881889, -3.39737169e-005, 0.999999999, 4.21615257e-005, 0.997881942, 4.03959268e-005, 0.0650509625, 0.0650509609, 3.99029297e-005, -0.997881942, -4.29060899e-005, 0.999999998, 3.71906191e-005, 0, 0, 0, 0, 0, 0, 0, 0.326270557, -0.204704858, -0.157249487, -0.316323361, 0.355826419, -0.879366094, -0.91809082, 0.118164062, 0.378051758, 0.238454806, 0.927063653, 0.289442107, 0, 0, -0, 0, 0, 0, 0, 0.380389844, -0.160841895, -0.127227637, 0.221816408, 0.030921935, -0.974570193, 0.539916992, -0.83605957, 0.0964355469, -0.811827554, -0.547619256, -0.202098535, 0, 3, 5, 1, 
958.515448, 71, 0.1, 0.1, 0.00846847052, 0.361983649, -0.0199654544, 0.997881618, -2.69762429e-005, 0.0650559493, 0.0650559481, -4.39974902e-005, -0.997881617, 2.97813954e-005, 0.999999999, -4.21493217e-005, 0.997881671, -3.66890527e-005, 0.0650551178, 0.0650551163, -3.92365445e-005, -0.997881671, 3.91638712e-005, 0.999999999, -3.6766618e-005, 0, 0, 0, 0, 0, 0, 0, 0.326270557, -0.204704858, -0.157249487, -0.316323361, 0.355826419, -0.879366094, -0.91809082, 0.118164062, 0.378051758, 0.238454806, 0.927063653, 0.289442107, 0, 0, -0, 0, 0, 0, 0, 0.380389844, -0.160841895, -0.127227637, 0.221816408, 0.030921935, -0.974570193, 0.539916992, -0.83605957, 0.0964355469, -0.811827554, -0.547619256, -0.202098535, 0, 3, 5, 1, 
958.516256, 71, 0.1, 0.1, 0.0084684643, 0.361983645, -0.0199646587, 0.99788134, 3.13735762e-005, 0.0650602096, 0.0650602082, 4.50208927e-005, -0.997881339, -3.4236175e-005, 0.999999998, 4.28843373e-005, 0.997881399, 4.23655995e-005, 0.0650592957, 0.065059294, 4.00041497e-005, -0.997881399, -4.48784855e-005, 0.999999998, 3.71631208e-005, 0, 0, 0, 0, 0, 0, 0, 0.326270557, -0.204704858, -0.157249487, -0.318646342, 0.356429256, -0.878267883, -0.917480469, 0.116455078, 0.380249023, 0.237833995, 0.926968173, 0.290133311, 0, 0, -0, 0, 0, 0, 0, 0.380389844, -0.160841895, -0.127227637, 0.221816408, 0.030921935, -0.974570193, 0.539916992, -0.83605957, 0.0964355469, -0.811827554, -0.547619256, -0.202098535, 0, 3, 5, 1, 
958.51706, 71, 0.1, 0.1, 0.00846846968, 0.361983648, -0.0199638321, 0.997881061, -3.17288351e-005, 0.0650644769, 0.0650644753, -4.74752373e-005, -0.997881061, 3.47505551e-005, 0.999999998, -4.53102202e-005, 0.997881116, -4.18635018e-005, 0.0650636342, 0.0650636325, -4.25201116e-005, -0.997881116, 4.45413109e-005, 0.999999998, -3.97062249e-005, 0, 0, 0, 0, 0, 0, 0, 0.326373193, -0.205344067, -0.157637744, -0.318646342, 0.356429256, -0.878267883, -0.917480469, 0.116455078, 0.380249023, 0.237833995, 0.926968173, 0.290133311, 0, 0, -0, 0, 0, 0, 0, 0.380530322, -0.161382471, -0.127244238, 0.220417191, 0.033075081, -0.974812997, 0.541137695, -0.835571289, 0.0939941406, -0.811360904, -0.54825215, -0.202124055, 0, 3, 5, 1, 
958.51785, 71, 0.1, 0.1, 0.00846846405, 0.361983645, -0.0199636352, 0.997880786, 3.13009602e-005, 0.0650687049, 0.0650687035, 4.53507029e-005, -0.997880785, -3.41855382e-005, 0.999999998, 4.32178822e-005, 0.99788084, 4.11754961e-005, 0.0650678618, 0.0650678602, 4.02064113e-005, -0.997880841, -4.37043839e-005, 0.999999998, 3.74420061e-005, 0, 0, 0, 0, 0, 0, 0, 0.326373193, -0.205344067, -0.157637744, -0.318646342, 0.356429256, -0.878267883, -0.917480469, 0.116455078, 0.380249023, 0.237833995, 0.926968173, 0.290133311, 0, 0, -0, 0, 0, 0, 0, 0.380530322, -0.161382471, -0.127244238, 0.220417191, 0.033075081, -0.974812997, 0.541137695, -0.835571289, 0.0939941406, -0.811360904, -0.54825215, -0.202124055, 0, 3, 5, 1, 
958.518641, 71, 0.1, 0.1, 0.00846846933, 0.361983648, -0.0199640637, 0.997880508, -3.18594582e-005, 0.0650729714, 0.0650729699, -4.6482803e-005, -0.997880507, 3.48167064e-005, 0.999999998, -4.43110935e-005, 0.997880563, -4.16033728e-005, 0.0650721234, 0.0650721217, -4.1428068e-005, -0.997880563, 4.42110094e-005, 0.999999998, -3.8633044e-005, 0, 0, 0, 0, 0, 0, 0, 0.326373193, -0.205344067, -0.157637744, -0.318646342, 0.356429256, -0.878267883, -0.917480469, 0.116455078, 0.380249023, 0.237833995, 0.926968173, 0.290133311, 0, 0, -0, 0, 0, 0, 0, 0.380530322, -0.161382471, -0.127244238, 0.220417191, 0.033075081, -0.974812997, 0.541137695, -0.835571289, 0.0939941406, -0.811360904, -0.54825215, -0.202124055, 0, 3, 5, 1, 
958.519433, 71, 0.1, 0.1, 0.00846846392, 0.361983645, -0.0199649406, 0.997880227, 3.04649977e-005, 0.0650772678, 0.0650772664, 4.44638783e-005, -0.997880227, -3.32940065e-005, 0.999999999, 4.23870463e-005, 0.997880283, 3.98328212e-005, 0.0650764058, 0.0650764043, 3.9180552e-005, -0.997880283, -4.22981164e-005, 0.999999998, 3.65053235e-005, 0, 0, 0, 0, 0, 0, 0, 0.326373193, -0.205344067, -0.157637744, -0.318646342, 0.356429256, -0.878267883, -0.917480469, 0.116455078, 0.380249023, 0.237833995, 0.926968173, 0.290133311, 0, 0, -0, 0, 0, 0, 0, 0.380530322, -0.161382471, -0.127244238, 0.220417191, 0.033075081, -0.974812997, 0.541137695, -0.835571289, 0.0939941406, -0.811360904, -0.54825215, -0.202124055, 0, 3, 5, 1, 
958.520226, 71, 0.1, 0.1, 0.00846846874, 0.361983647, -0.0199659097, 0.997879947, -2.93965754e-005, 0.0650815672, 0.0650815659, -4.27647539e-005, -0.997879947, 3.21174503e-005, 0.999999999, -4.07609152e-005, 0.997880003, -3.86133386e-005, 0.065080711, 0.0650807095, -3.79014829e-005, -0.997880003, 4.09981339e-005, 0.999999999, -3.53081483e-005, 0, 0, 0, 0, 0, 0, 0, 0.326373193, -0.205344067, -0.157637744, -0.318646342, 0.356429256, -0.878267883, -0.917480469, 0.116455078, 0.380249023, 0.237833995, 0.926968173, 0.290133311, 0, 0, -0, 0, 0, 0, 0, 0.380530322, -0.161382471, -0.127244238, 0.220417191, 0.033075081, -0.974812997, 0.541137695, -0.835571289, 0.0939941406, -0.811360904, -0.54825215, -0.202124055, 0, 3, 5, 1, 
958.521016, 71, 0.1, 0.1, 0.00846846351, 0.361983644, -0.0199666567, 0.997879668, 2.92110035e-005, 0.0650858423, 0.065085841, 4.26826815e-005, -0.997879668, -3.19271047e-005, 0.999999999, 4.06909573e-005, 0.997879724, 3.82316975e-005, 0.0650849872, 0.0650849858, 3.78522144e-005, -0.997879724, -4.06142467e-005, 0.999999999, 3.52836478e-005, 0, 0, 0, 0, 0, 0, 0, 0.326373193, -0.205344067, -0.157637744, -0.318646342, 0.356429256, -0.878267883, -0.917480469, 0.116455078, 0.380249023, 0.237833995, 0.926968173, 0.290133311, 0, 0, -0, 0, 0, 0, 0, 0.380530322, -0.161382471, -0.127244238, 0.220417191, 0.033075081, -0.974812997, 0.541137695, -0.835571289, 0.0939941406, -0.811360904, -0.54825215, -0.202124055, 0, 3, 5, 1, 
958.521846, 71, 0.1, 0.1, 0.00846846909, 0.361983647, -0.0199664781, 0.997879377, -3.15854451e-005, 0.0650903098, 0.0650903084, -4.39528454e-005, -0.997879376, 3.43793686e-005, 0.999999999, -4.18037316e-005, 0.997879432, -4.14341743e-005, 0.0650894548, 0.0650894532, -3.96287057e-005, -0.997879432, 4.39257212e-005, 0.999999998, -3.68477426e-005, 0, 0, 0, 0, 0, 0, 0, 0.326857983, -0.205534106, -0.158454175, -0.322188103, 0.357070285, -0.876807969, -0.916625977, 0.113647461, 0.383056641, 0.236541076, 0.927113828, 0.290767227, 0, 0, -0, 0, 0, 0, 0, 0.380667627, -0.161691748, -0.127259131, 0.218858293, 0.0355348292, -0.97506856, 0.54309082, -0.834594727, 0.0915527344, -0.810542809, -0.549466533, -0.202028173, 0, 3, 5, 1, 
958.522743, 71, 0.1, 0.1, 0.00846846179, 0.361983641, -0.019964917, 0.99787906, 3.48260622e-005, 0.0650951651, 0.0650951631, 5.40769189e-005, -0.997879059, -3.82723441e-005, 0.999999998, 5.16952168e-005, 0.99787912, 4.45009746e-005, 0.0650942385, 0.0650942362, 5.11654851e-005, -0.99787912, -4.77371716e-005, 0.999999998, 4.81602123e-005, 0, 0, 0, 0, 0, 0, 0, 0.326857983, -0.205534106, -0.158454175, -0.322188103, 0.357070285, -0.876807969, -0.916625977, 0.113647461, 0.383056641, 0.236541076, 0.927113828, 0.290767227, 0, 0, -0, 0, 0, 0, 0, 0.380667627, -0.161691748, -0.127259131, 0.218858293, 0.0355348292, -0.97506856, 0.54309082, -0.834594727, 0.0915527344, -0.810542809, -0.549466533, -0.202028173, 0, 3, 5, 1, 
958.523538, 71, 0.1, 0.1, 0.00846846573, 0.361983643, -0.019963044, 0.997878779, -2.49660768e-005, 0.0650994755, 0.0650994742, -4.86186571e-005, -0.997878778, 2.80781673e-005, 0.999999999, -4.68902477e-005, 0.997878835, -3.45409614e-005, 0.0650986204, 0.0650986189, -4.2782858e-005, -0.997878834, 3.72527993e-005, 0.999999998, -4.04435396e-005, 0, 0, 0, 0, 0, 0, 0, 0.326857983, -0.205534106, -0.158454175, -0.322188103, 0.357070285, -0.876807969, -0.916625977, 0.113647461, 0.383056641, 0.236541076, 0.927113828, 0.290767227, 0, 0, -0, 0, 0, 0, 0, 0.380667627, -0.161691748, -0.127259131, 0.218858293, 0.0355348292, -0.97506856, 0.54309082, -0.834594727, 0.0915527344, -0.810542809, -0.549466533, -0.202028173, 0, 3, 5, 1, 
958.524329, 71, 0.1, 0.1, 0.0084684589, 0.361983641, -0.0199621555, 0.997878497, 3.45063226e-005, 0.0651037996, 0.0651037981, 4.31303077e-005, -0.997878496, -3.72410642e-005, 0.999999998, 4.07923139e-005, 0.997878553, 4.59732546e-005, 0.0651029346, 0.0651029329, 3.86874068e-005, -0.997878553, -4.83943885e-005, 0.999999998, 3.56123398e-005, 0, 0, 0, 0, 0, 0, 0, 0.326857983, -0.205534106, -0.158454175, -0.322188103, 0.357070285, -0.876807969, -0.916625977, 0.113647461, 0.383056641, 0.236541076, 0.927113828, 0.290767227, 0, 0, -0, 0, 0, 0, 0, 0.380667627, -0.161691748, -0.127259131, 0.218858293, 0.0355348292, -0.97506856, 0.54309082, -0.834594727, 0.0915527344, -0.810542809, -0.549466533, -0.202028173, 0, 3, 5, 1, 
958.525123, 71, 0.1, 0.1, 0.00846846472, 0.361983645, -0.0199624065, 0.99787821, -3.60262275e-005, 0.0651081916, 0.0651081895, -5.61787222e-005, -0.997878209, 3.96074824e-005, 0.999999998, -5.37139203e-005, 0.997878267, -4.55330908e-005, 0.0651073101, 0.0651073078, -5.03675734e-005, -0.997878267, 4.87157789e-005, 0.999999998, -4.72961699e-005, 0, 0, 0, 0, 0, 0, 0, 0.326857983, -0.205534106, -0.158454175, -0.322188103, 0.357070285, -0.876807969, -0.916625977, 0.113647461, 0.383056641, 0.236541076, 0.927113828, 0.290767227, 0, 0, -0, 0, 0, 0, 0, 0.380667627, -0.161691748, -0.127259131, 0.218858293, 0.0355348292, -0.97506856, 0.54309082, -0.834594727, 0.0915527344, -0.810542809, -0.549466533, -0.202028173, 0, 3, 5, 1, 
958.525929, 71, 0.1, 0.1, 0.00846845996, 0.361983644, -0.0199635968, 0.997877917, 2.70620943e-005, 0.065112688, 0.0651126869, 4.0981977e-005, -0.997877917, -2.96731129e-005, 0.999999999, 3.91329242e-005, 0.997877979, 3.7336992e-005, 0.0651117297, 0.0651117284, 3.43045692e-005, -0.997877979, -3.9491392e-005, 0.999999999, 3.18006981e-005, 0, 0, 0, 0, 0, 0, 0, 0.326857983, -0.205534106, -0.158454175, -0.321821531, 0.354652945, -0.877861997, -0.917480469, 0.111694336, 0.381591797, 0.233393218, 0.928238248, 0.289574657, 0, 0, -0, 0, 0, 0, 0, 0.380667627, -0.161691748, -0.127259131, 0.218858293, 0.0355348292, -0.97506856, 0.54309082, -0.834594727, 0.0915527344, -0.810542809, -0.549466533, -0.202028173, 0, 3, 5, 1, 
958.526738, 71, 0.1, 0.1, 0.0084684663, 0.361983647, -0.0199649121, 0.997877621, -3.58940507e-005, 0.0651172145, 0.0651172128, -4.56725237e-005, -0.997877621, 3.87919374e-005, 0.999999998, -4.32382688e-005, 0.997877679, -4.58807883e-005, 0.0651163316, 0.0651163297, -4.1355777e-005, -0.997877679, 4.8476351e-005, 0.999999998, -3.82804182e-005, 0, 0, 0, 0, 0, 0, 0, 0.327313623, -0.205877466, -0.15650249, -0.321821531, 0.354652945, -0.877861997, -0.917480469, 0.111694336, 0.381591797, 0.233393218, 0.928238248, 0.289574657, 0, 0, -0, 0, 0, 0, 0, 0.381214453, -0.162192432, -0.125693262, 0.21975951, 0.0355727421, -0.974908879, 0.545654297, -0.832763672, 0.0926513672, -0.808606947, -0.552162887, -0.202379618, 0, 3, 5, 1, 
958.527532, 71, 0.1, 0.1, 0.00846846171, 0.361983643, -0.019966274, 0.997877332, 2.81492604e-005, 0.0651216455, 0.0651216442, 4.60308959e-005, -0.997877332, -3.10871165e-005, 0.999999999, 4.41000615e-005, 0.99787739, 3.64038608e-005, 0.065120765, 0.0651207636, 4.02636313e-005, -0.99787739, -3.8948588e-005, 0.999999999, 3.78075201e-005, 0, 0, 0, 0, 0, 0, 0, 0.327313623, -0.205877466, -0.15650249, -0.321821531, 0.354652945, -0.877861997, -0.917480469, 0.111694336, 0.381591797, 0.233393218, 0.928238248, 0.289574657, 0, 0, -0, 0, 0, 0, 0, 0.381214453, -0.162192432, -0.125693262, 0.21975951, 0.0355727421, -0.974908879, 0.545654297, -0.832763672, 0.0926513672, -0.808606947, -0.552162887, -0.202379618, 0, 3, 5, 1, 
958.528345, 71, 0.1, 0.1, 0.00846846637, 0.361983645, -0.0199671482, 0.997877039, -2.60529086e-005, 0.0651261484, 0.0651261474, -3.61731713e-005, -0.997877038, 2.83534186e-005, 0.999999999, -3.43996515e-005, 0.9978771, -3.63991459e-005, 0.0651251955, 0.0651251943, -3.15789154e-005, -0.997877101, 3.83784572e-005, 0.999999999, -2.91413751e-005, 0, 0, 0, 0, 0, 0, 0, 0.327313623, -0.205877466, -0.15650249, -0.321463194, 0.351144507, -0.879321911, -0.919433594, 0.106079102, 0.378540039, 0.226291723, 0.930277034, 0.288940741, 0, 0, -0, 0, 0, 0, 0, 0.381214453, -0.162192432, -0.125693262, 0.21975951, 0.0355727421, -0.974908879, 0.545654297, -0.832763672, 0.0926513672, -0.808606947, -0.552162887, -0.202379618, 0, 3, 5, 1, 
958.529148, 71, 0.1, 0.1, 0.00846846021, 0.361983641, -0.0199670305, 0.99787675, 3.30747745e-005, 0.0651305634, 0.0651305617, 4.77770956e-005, -0.99787675, -3.61162976e-005, 0.999999998, 4.55214743e-005, 0.997876807, 4.22253245e-005, 0.0651296927, 0.0651296909, 4.33031613e-005, -0.997876807, -4.49559936e-005, 0.999999998, 4.0461098e-005, 0, 0, 0, 0, 0, 0, 0, 0.328426538, -0.205157593, -0.154569849, -0.321463194, 0.351144507, -0.879321911, -0.919433594, 0.106079102, 0.378540039, 0.226291723, 0.930277034, 0.288940741, 0, 0, -0, 0, 0, 0, 0, 0.382351318, -0.161846045, -0.123896338, 0.222156193, 0.0357699695, -0.974257395, 0.55065918, -0.829223633, 0.0950927734, -0.804550022, -0.557542837, -0.203906799, 0, 3, 5, 1, 
958.529939, 71, 0.1, 0.1, 0.00846846403, 0.361983642, -0.0199664068, 0.997876469, -2.50353749e-005, 0.0651348741, 0.0651348731, -3.95139515e-005, -0.997876469, 2.75559477e-005, 0.999999999, -3.77993664e-005, 0.997876525, -3.38118642e-005, 0.065134018, 0.0651340169, -3.42998738e-005, -0.997876525, 3.59741542e-005, 0.999999999, -3.20247364e-005, 0, 0, 0, 0, 0, 0, 0, 0.328426538, -0.205157593, -0.154569849, -0.321463194, 0.351144507, -0.879321911, -0.919433594, 0.106079102, 0.378540039, 0.226291723, 0.930277034, 0.288940741, 0, 0, -0, 0, 0, 0, 0, 0.382351318, -0.161846045, -0.123896338, 0.222156193, 0.0357699695, -0.974257395, 0.55065918, -0.829223633, 0.0950927734, -0.804550022, -0.557542837, -0.203906799, 0, 3, 5, 1, 
958.530736, 71, 0.1, 0.1, 0.00846845807, 0.361983639, -0.01996546, 0.997876187, 3.05764841e-005, 0.0651392007, 0.0651391994, 4.35004344e-005, -0.997876186, -3.33451289e-005, 0.999999999, 4.14163199e-005, 0.997876242, 4.0957599e-005, 0.0651383472, 0.0651383455, 3.97606646e-005, -0.997876242, -4.34605589e-005, 0.999999998, 3.70083123e-005, 0, 0, 0, 0, 0, 0, 0, 0.328426538, -0.205157593, -0.154569849, -0.321463194, 0.351144507, -0.879321911, -0.919433594, 0.106079102, 0.378540039, 0.226291723, 0.930277034, 0.288940741, 0, 0, -0, 0, 0, 0, 0, 0.382351318, -0.161846045, -0.123896338, 0.222156193, 0.0357699695, -0.974257395, 0.55065918, -0.829223633, 0.0950927734, -0.804550022, -0.557542837, -0.203906799, 0, 3, 5, 1, 
