time, trialNum, realDorsalTactorPos, realVentralTactorPos, boxPosX, boxPosY, boxPosZ, boxLocalRot_11, boxLocalRot_12, boxLocalRot_13, boxLocalRot_21, boxLocalRot_22, boxLocalRot_23, boxLocalRot_31, boxLocalRot_32, boxLocalRot_33, boxGlobalRot_11, boxGlobalRot_12, boxGlobalRot_13, boxGlobalRot_21, boxGlobalRot_22, boxGlobalRot_23, boxGlobalRot_31, boxGlobalRot_32, boxGlobalRot_33, indexForceX, indexForceY, indexForceZ, indexForceGlobalX, indexForceGlobalY, indexForceGlobalZ, indexContact, indexPosX, indexPosY, indexPosZ, indexRot_11, indexRot_12, indexRot_13, indexRot_21, indexRot_22, indexRot_23, indexRot_31, indexRot_32, indexRot_33, thumbForceX, thumbForceY, thumbForceZ, thumbForceGlobalX, thumbForceGlobalY, thumbForceGlobalZ, thumbContact, thumbPosX, thumbPosY, thumbPosZ, thumbRot_11, thumbRot_12, thumbRot_13, thumbRot_21, thumbRot_22, thumbRot_23, thumbRot_31, thumbRot_32, thumbRot_33, manipForceTooHigh, cceExpType, mapping, trialSuccess, 
962.943343, 72, 0.1, 0.1, 0.225, -0.115000016, -0.0199821153, 0.707106781, -0.707106781, 5.24275786e-015, 0.70710678, 0.70710678, 5.64003829e-005, -3.98810932e-005, -3.98810932e-005, 0.999999998, 0.707106781, -0.707106781, 0, 0.707106781, 0.707106781, 0, 0, 0, 1, 0, 0, 0, 0, 0, 0, 0, 0.105447412, -0.0193608154, -0.204009424, -0.592417969, 0.407558844, -0.694869431, -0.700073242, 0.166137695, 0.694458008, 0.398483907, 0.897859413, 0.187054281, 0, 0, -0, 0, 0, 0, 0, 0.171579639, 0.0337912109, -0.182993408, -0.109256382, 0.386984533, -0.915477393, 0.389892578, -0.830566406, -0.397583008, -0.91425594, -0.400340843, -0.0601341946, 1, 3, 5, 0, 
962.944141, 72, 0.1, 0.1, 0.225, -0.115000016, -0.0199656905, 0.70710678, -0.707106783, 3.46520689e-007, 0.707106781, 0.707106778, -6.15875859e-005, 4.33039726e-005, 4.37940267e-005, 0.999999998, 0.707106779, -0.707106783, 2.85442853e-007, 0.707106783, 0.707106779, -3.70618425e-005, 2.60048417e-005, 2.64085187e-005, 0.999999999, 0, 0, 0, 0, 0, 0, 0, 0.119989624, -0.0331555908, -0.207514722, -0.592417969, 0.407558844, -0.694869431, -0.700073242, 0.166137695, 0.694458008, 0.398483907, 0.897859413, 0.187054281, 0, 0, -0, 0, 0, 0, 0, 0.184880518, 0.0207441895, -0.186188574, -0.109256382, 0.386984533, -0.915477393, 0.389892578, -0.830566406, -0.397583008, -0.91425594, -0.400340843, -0.0601341946, 1, 3, 5, 0, 
962.944966, 72, 0.1, 0.1, 0.225, -0.115000017, -0.019950345, 0.70710678, -0.707106782, 1.12771626e-006, 0.707106779, 0.707106778, 8.99154357e-005, -6.43772302e-005, -6.27823984e-005, 0.999999996, 0.707106781, -0.707106781, 1.25704482e-006, 0.70710678, 0.70710678, 5.64945614e-005, -4.08365524e-005, -3.90588226e-005, 0.999999998, 0, 0, 0, 0, 0, 0, 0, 0.121652905, -0.0344102295, -0.207685498, -0.590312157, 0.404779801, -0.698176048, -0.703125, 0.166625977, 0.691162109, 0.396172908, 0.899041122, 0.18646567, 0, 0, -0, 0, 0, 0, 0, 0.186211328, 0.019551416, -0.186360449, -0.106457582, 0.383354878, -0.917311543, 0.393920898, -0.830810547, -0.392944336, -0.91285709, -0.40317719, -0.0625363403, 1, 3, 5, 0, 
962.945767, 72, 0.1, 0.1, 0.225, -0.115000017, -0.0199418665, 0.707106774, -0.707106789, 1.19561904e-006, 0.707106785, 0.70710677, -0.000102505715, 7.16370565e-005, 7.33279156e-005, 0.999999995, 0.707106774, -0.707106789, 1.37348853e-006, 0.707106787, 0.707106773, -5.53409292e-005, 3.81607437e-005, 4.0103149e-005, 0.999999998, 0, 0, 0, 0, 0, 0, 0, 0.121652905, -0.0344102295, -0.207685498, -0.590312157, 0.404779801, -0.698176048, -0.703125, 0.166625977, 0.691162109, 0.396172908, 0.899041122, 0.18646567, 0, 0, -0, 0, 0, 0, 0, 0.186211328, 0.019551416, -0.186360449, -0.106457582, 0.383354878, -0.917311543, 0.393920898, -0.830810547, -0.392944336, -0.91285709, -0.40317719, -0.0625363403, 1, 3, 5, 0, 
962.946554, 72, 0.1, 0.1, 0.225, -0.115000009, -0.0199418581, 0.707106775, -0.707106788, 1.95994333e-006, 0.707106786, 0.707106773, 7.1361702e-005, -5.1846233e-005, -4.90744537e-005, 0.999999997, 0.707106775, -0.707106787, 1.7322674e-006, 0.707106787, 0.707106775, 2.71459114e-005, -2.04199562e-005, -1.79701598e-005, 1, 0, 0, 0, 0, 0, 0, 0, 0.121652905, -0.0344102295, -0.207685498, -0.590312157, 0.404779801, -0.698176048, -0.703125, 0.166625977, 0.691162109, 0.396172908, 0.899041122, 0.18646567, 0, 0, -0, 0, 0, 0, 0, 0.186211328, 0.019551416, -0.186360449, -0.106457582, 0.383354878, -0.917311543, 0.393920898, -0.830810547, -0.392944336, -0.91285709, -0.40317719, -0.0625363403, 1, 3, 5, 0, 
962.947356, 72, 0.1, 0.1, 0.225, -0.115000011, -0.0199496524, 0.707106755, -0.707106807, -1.80115121e-006, 0.707106805, 0.707106753, -8.37740331e-005, 6.05107953e-005, 5.79635785e-005, 0.999999996, 0.70710676, -0.707106802, -2.0562962e-006, 0.707106801, 0.70710676, -4.51008988e-005, 3.33451733e-005, 3.04371294e-005, 0.999999999, 0, 0, 0, 0, 0, 0, 0, 0.121652905, -0.0344102295, -0.207685498, -0.590312157, 0.404779801, -0.698176048, -0.703125, 0.166625977, 0.691162109, 0.396172908, 0.899041122, 0.18646567, 0, 0, -0, 0, 0, 0, 0, 0.187482324, 0.0183969727, -0.18672041, -0.104495834, 0.380172551, -0.918858048, 0.397216797, -0.831054688, -0.389038086, -0.91166896, -0.405598292, -0.064171797, 1, 3, 5, 0, 
962.948142, 72, 0.1, 0.1, 0.225, -0.115000003, -0.0199615089, 0.707106654, -0.707106908, -1.38980945e-005, 0.707106907, 0.707106653, 4.99366478e-005, -2.54831135e-005, -4.51379746e-005, 0.999999999, 0.707106718, -0.707106844, 4.15685562e-006, 0.707106844, 0.707106718, 7.24859006e-007, -3.4518933e-006, 2.42678838e-006, 1, 0, 0, 0, 0, 0, 0, 0, 0.121652905, -0.0344102295, -0.207685498, -0.590312157, 0.404779801, -0.698176048, -0.703125, 0.166625977, 0.691162109, 0.396172908, 0.899041122, 0.18646567, 0, 0, -0, 0, 0, 0, 0, 0.187482324, 0.0183969727, -0.18672041, -0.104495834, 0.380172551, -0.918858048, 0.397216797, -0.831054688, -0.389038086, -0.91166896, -0.405598292, -0.064171797, 1, 3, 5, 0, 
962.948942, 72, 0.1, 0.1, 0.225000012, -0.115000019, -0.0199736009, 0.707106116, -0.707107443, -6.05956483e-005, 0.707107446, 0.707106115, 4.36896911e-005, 1.19542477e-005, -7.37408819e-005, 0.999999997, 0.70710625, -0.707107309, -6.57735171e-005, 0.707107313, 0.707106247, 6.4662295e-005, 7.8568337e-007, -9.22320479e-005, 0.999999996, 0, 0, 0, 0, 0, 0, 0, 0.121652905, -0.0344102295, -0.207685498, -0.590312157, 0.404779801, -0.698176048, -0.703125, 0.166625977, 0.691162109, 0.396172908, 0.899041122, 0.18646567, 0, 0, -0, 0, 0, 0, 0, 0.187482324, 0.0183969727, -0.18672041, -0.104495834, 0.380172551, -0.918858048, 0.397216797, -0.831054688, -0.389038086, -0.91166896, -0.405598292, -0.064171797, 1, 3, 5, 0, 
962.94975, 72, 0.1, 0.1, 0.225000007, -0.115000014, -0.0199816925, 0.707105255, -0.707108304, 6.97621347e-005, 0.707108307, 0.707105253, -5.59975643e-005, -9.73282921e-006, 8.8925557e-005, 0.999999996, 0.707105402, -0.707108159, 5.39988496e-005, 0.707108161, 0.707105401, -3.98245385e-005, -1.00226221e-005, 6.63431735e-005, 0.999999998, 0, 0, 0, 0, 0, 0, 0, 0.122826245, -0.0356173828, -0.208243799, -0.5890945, 0.402946203, -0.700340271, -0.705200195, 0.166748047, 0.689086914, 0.394496947, 0.899949495, 0.186066898, 0, 0, -0, 0, 0, 0, 0, 0.187482324, 0.0183969727, -0.18672041, -0.104495834, 0.380172551, -0.918858048, 0.397216797, -0.831054688, -0.389038086, -0.91166896, -0.405598292, -0.064171797, 1, 3, 5, 0, 
962.950538, 72, 0.1, 0.1, 0.224999992, -0.114999997, -0.0199837069, 0.707104743, -0.707108818, 4.98706832e-005, 0.707108819, 0.707104741, -5.78184577e-005, 5.62014471e-006, 7.61477056e-005, 0.999999997, 0.707104821, -0.707108739, 5.86223834e-005, 0.707108742, 0.707104817, -7.4227766e-005, 1.10349323e-005, 9.39392109e-005, 0.999999996, 0, 0, 0, 0, 0, 0, 0, 0.122826245, -0.0356173828, -0.208243799, -0.5890945, 0.402946203, -0.700340271, -0.705200195, 0.166748047, 0.689086914, 0.394496947, 0.899949495, 0.186066898, 0, 0, -0, 0, 0, 0, 0, 0.187482324, 0.0183969727, -0.18672041, -0.104495834, 0.380172551, -0.918858048, 0.397216797, -0.831054688, -0.389038086, -0.91166896, -0.405598292, -0.064171797, 1, 3, 5, 0, 
962.951328, 72, 0.1, 0.1, 0.224999992, -0.114999999, -0.0199796896, 0.707104209, -0.707109352, -4.48419539e-005, 0.707109354, 0.707104208, 4.09397957e-005, 2.75902189e-006, -6.06568669e-005, 0.999999998, 0.707104332, -0.70710923, -3.1019834e-005, 0.707109231, 0.707104331, 2.9352232e-005, 1.17902478e-006, -4.26895014e-005, 0.999999999, 0, 0, 0, 0, 0, 0, 0, 0.122826245, -0.0356173828, -0.208243799, -0.5890945, 0.402946203, -0.700340271, -0.705200195, 0.166748047, 0.689086914, 0.394496947, 0.899949495, 0.186066898, 0, 0, -0, 0, 0, 0, 0, 0.187482324, 0.0183969727, -0.18672041, -0.104495834, 0.380172551, -0.918858048, 0.397216797, -0.831054688, -0.389038086, -0.91166896, -0.405598292, -0.064171797, 1, 3, 5, 0, 
962.952147, 72, 0.1, 0.1, 0.225, -0.115000005, -0.0199709325, 0.707103616, -0.707109947, -9.67120875e-007, 0.707109947, 0.707103616, -2.2824626e-006, 2.29780668e-006, 9.3007677e-007, 1, 0.70710375, -0.707109812, -3.02405586e-005, 0.707109812, 0.70710375, 1.35025451e-005, 1.18354303e-005, -3.0931096e-005, 0.999999999, 0, 0, 0, 0, 0, 0, 0, 0.124233691, -0.036850293, -0.208825781, -0.587654804, 0.400611238, -0.702942579, -0.707397461, 0.167114258, 0.686767578, 0.392662226, 0.900813685, 0.185243144, 0, 0, -0, 0, 0, 0, 0, 0.188528369, 0.0172359375, -0.187085254, -0.102521325, 0.376856061, -0.920551474, 0.400268555, -0.831542969, -0.385009766, -0.910602232, -0.407910752, -0.0655772103, 1, 3, 5, 0, 
962.953004, 72, 0.1, 0.1, 0.224999996, -0.115000004, -0.0199601917, 0.707102775, -0.707110788, -1.64769642e-005, 0.707110788, 0.707102775, 3.21164702e-006, 9.37991684e-006, -1.39220036e-005, 1, 0.707102924, -0.707110638, -1.0402425e-005, 0.707110638, 0.707102924, 1.96980546e-006, 5.96271476e-006, -8.74852059e-006, 1, 0, 0, 0, 0, 0, 0, 0, 0.124233691, -0.036850293, -0.208825781, -0.587654804, 0.400611238, -0.702942579, -0.707397461, 0.167114258, 0.686767578, 0.392662226, 0.900813685, 0.185243144, 0, 0, -0, 0, 0, 0, 0, 0.188528369, 0.0172359375, -0.187085254, -0.102521325, 0.376856061, -0.920551474, 0.400268555, -0.831542969, -0.385009766, -0.910602232, -0.407910752, -0.0655772103, 1, 3, 5, 0, 
962.953796, 72, 0.1, 0.1, 0.224999994, -0.115000002, -0.0199523903, 0.707102105, -0.707111457, -1.76725144e-005, 0.707111457, 0.707102105, -7.67902501e-006, 1.79261987e-005, -7.0665827e-006, 1, 0.707102238, -0.707111324, 1.61507795e-005, 0.707111324, 0.707102238, -1.08726001e-005, -3.73211369e-006, 1.91084389e-005, 1, 0, 0, 0, 0, 0, 0, 0, 0.124233691, -0.036850293, -0.208825781, -0.587654804, 0.400611238, -0.702942579, -0.707397461, 0.167114258, 0.686767578, 0.392662226, 0.900813685, 0.185243144, 0, 0, -0, 0, 0, 0, 0, 0.188528369, 0.0172359375, -0.187085254, -0.102521325, 0.376856061, -0.920551474, 0.400268555, -0.831542969, -0.385009766, -0.910602232, -0.407910752, -0.0655772103, 1, 3, 5, 0, 
962.954585, 72, 0.1, 0.1, 0.22499999, -0.115000002, -0.0199495621, 0.707101523, -0.707112039, 3.34131084e-005, 0.707112039, 0.707101524, 7.85591952e-006, -2.91814751e-005, 1.80718786e-005, 0.999999999, 0.707101633, -0.707111928, 4.5275964e-005, 0.707111928, 0.707101634, 5.82386903e-006, -3.61328354e-005, 2.78971069e-005, 0.999999999, 0, 0, 0, 0, 0, 0, 0, 0.124233691, -0.036850293, -0.208825781, -0.587654804, 0.400611238, -0.702942579, -0.707397461, 0.167114258, 0.686767578, 0.392662226, 0.900813685, 0.185243144, 0, 0, -0, 0, 0, 0, 0, 0.188528369, 0.0172359375, -0.187085254, -0.102521325, 0.376856061, -0.920551474, 0.400268555, -0.831542969, -0.385009766, -0.910602232, -0.407910752, -0.0655772103, 1, 3, 5, 0, 
962.955372, 72, 0.1, 0.1, 0.224999996, -0.114999995, -0.0199521952, 0.707100729, -0.707112833, -1.42050789e-005, 0.707112832, 0.707100729, -4.86371694e-005, 4.44363883e-005, 2.43467844e-005, 0.999999999, 0.707100921, -0.707112641, -3.07957399e-005, 0.707112639, 0.707100922, -5.43355907e-005, 6.0197079e-005, 1.66446893e-005, 0.999999998, 0, 0, 0, 0, 0, 0, 0, 0.124233691, -0.036850293, -0.208825781, -0.587654804, 0.400611238, -0.702942579, -0.707397461, 0.167114258, 0.686767578, 0.392662226, 0.900813685, 0.185243144, 0, 0, -0, 0, 0, 0, 0, 0.188528369, 0.0172359375, -0.187085254, -0.102521325, 0.376856061, -0.920551474, 0.400268555, -0.831542969, -0.385009766, -0.910602232, -0.407910752, -0.0655772103, 1, 3, 5, 0, 
962.95616, 72, 0.1, 0.1, 0.224999989, -0.115000002, -0.0199590935, 0.707099749, -0.707113811, 5.44023016e-005, 0.707113809, 0.707099752, 4.54721391e-005, -7.06218315e-005, 6.31528054e-006, 0.999999997, 0.707099913, -0.707113648, 4.45764864e-005, 0.707113645, 0.707099914, 6.2319514e-005, -7.55870086e-005, -1.25454812e-005, 0.999999997, 0, 0, 0, 0, 0, 0, 0, 0.124233691, -0.036850293, -0.208825781, -0.587654804, 0.400611238, -0.702942579, -0.707397461, 0.167114258, 0.686767578, 0.392662226, 0.900813685, 0.185243144, 0, 0, -0, 0, 0, 0, 0, 0.188528369, 0.0172359375, -0.187085254, -0.102521325, 0.376856061, -0.920551474, 0.400268555, -0.831542969, -0.385009766, -0.910602232, -0.407910752, -0.0655772103, 1, 3, 5, 0, 
962.95698, 72, 0.1, 0.1, 0.224999994, -0.115, -0.0199675924, 0.707099144, -0.707114415, -7.23209303e-005, 0.707114414, 0.707099147, -3.8811796e-005, 7.85824486e-005, -2.36953845e-005, 0.999999997, 0.707099265, -0.707114294, -6.36555116e-005, 0.707114294, 0.707099267, -2.55518988e-005, 6.30788785e-005, -2.69439933e-005, 0.999999998, 0, 0, 0, 0, 0, 0, 0, 0.125663477, -0.0383064453, -0.209196729, -0.585796117, 0.398276274, -0.705786022, -0.709838867, 0.16809082, 0.684082031, 0.39113192, 0.901677874, 0.184457582, 0, 0, -0, 0, 0, 0, 0, 0.189822559, 0.0160949219, -0.187446924, -0.100182612, 0.373756856, -0.922085218, 0.403320313, -0.83190918, -0.381103516, -0.909497224, -0.40995489, -0.0673340686, 1, 3, 5, 0, 
962.957769, 72, 0.1, 0.1, 0.224999998, -0.11499999, -0.019974271, 0.70709834, -0.707115222, 2.46532235e-005, 0.707115222, 0.70709834, -1.45310578e-006, -1.64047402e-005, 1.84601583e-005, 1, 0.707098541, -0.707115022, 3.52630166e-006, 0.707115021, 0.70709854, -3.36069579e-005, 2.1270542e-005, 2.62569317e-005, 0.999999999, 0, 0, 0, 0, 0, 0, 0, 0.125663477, -0.0383064453, -0.209196729, -0.585796117, 0.398276274, -0.705786022, -0.709838867, 0.16809082, 0.684082031, 0.39113192, 0.901677874, 0.184457582, 0, 0, -0, 0, 0, 0, 0, 0.189822559, 0.0160949219, -0.187446924, -0.100182612, 0.373756856, -0.922085218, 0.403320313, -0.83190918, -0.381103516, -0.909497224, -0.40995489, -0.0673340686, 1, 3, 5, 0, 
962.958553, 72, 0.1, 0.1, 0.224999993, -0.115000003, -0.019977645, 0.707097107, -0.707116455, 7.87473723e-006, 0.707116453, 0.707097106, 6.37252029e-005, -5.06293435e-005, -3.94915504e-005, 0.999999998, 0.707097361, -0.707116201, 1.54025516e-005, 0.707116199, 0.70709736, 7.36600025e-005, -6.29772847e-005, -4.11933997e-005, 0.999999997, 0, 0, 0, 0, 0, 0, 0, 0.125663477, -0.0383064453, -0.209196729, -0.585796117, 0.398276274, -0.705786022, -0.709838867, 0.16809082, 0.684082031, 0.39113192, 0.901677874, 0.184457582, 0, 0, -0, 0, 0, 0, 0, 0.189822559, 0.0160949219, -0.187446924, -0.100182612, 0.373756856, -0.922085218, 0.403320313, -0.83190918, -0.381103516, -0.909497224, -0.40995489, -0.0673340686, 1, 3, 5, 0, 
962.959342, 72, 0.1, 0.1, 0.224999995, -0.114999997, -0.0199768255, 0.707095849, -0.707117712, -2.36453839e-005, 0.707117709, 0.707095849, -7.55706831e-005, 7.01569214e-005, 3.67156466e-005, 0.999999997, 0.707096082, -0.70711748, -1.95419919e-005, 0.707117478, 0.707096082, -6.03489179e-005, 5.64918406e-005, 2.88539994e-005, 0.999999998, 0, 0, 0, 0, 0, 0, 0, 0.125663477, -0.0383064453, -0.209196729, -0.585796117, 0.398276274, -0.705786022, -0.709838867, 0.16809082, 0.684082031, 0.39113192, 0.901677874, 0.184457582, 0, 0, -0, 0, 0, 0, 0, 0.189822559, 0.0160949219, -0.187446924, -0.100182612, 0.373756856, -0.922085218, 0.403320313, -0.83190918, -0.381103516, -0.909497224, -0.40995489, -0.0673340686, 1, 3, 5, 0, 
962.960137, 72, 0.1, 0.1, 0.225, -0.11499999, -0.0199723267, 0.707094808, -0.707118754, -1.05316481e-005, 0.707118754, 0.707094808, 3.13262192e-005, -1.47044834e-005, -2.95977328e-005, 0.999999999, 0.707094971, -0.70711859, -2.57068164e-005, 0.707118591, 0.707094972, -4.18559076e-006, 2.11368697e-005, -1.52181576e-005, 1, 0, 0, 0, 0, 0, 0, 0, 0.125663477, -0.0383064453, -0.209196729, -0.585796117, 0.398276274, -0.705786022, -0.709838867, 0.16809082, 0.684082031, 0.39113192, 0.901677874, 0.184457582, 0, 0, -0, 0, 0, 0, 0, 0.189822559, 0.0160949219, -0.187446924, -0.100182612, 0.373756856, -0.922085218, 0.403320313, -0.83190918, -0.381103516, -0.909497224, -0.40995489, -0.0673340686, 1, 3, 5, 0, 
962.960937, 72, 0.1, 0.1, 0.224999994, -0.114999995, -0.0199658154, 0.707094274, -0.707119287, 3.28440084e-005, 0.707119288, 0.707094274, -1.836001e-005, -1.02410931e-005, 3.62068898e-005, 0.999999999, 0.707094332, -0.707119229, 4.0574298e-005, 0.707119229, 0.707094333, 1.02276492e-005, -3.59220236e-005, 2.14589535e-005, 0.999999999, 0, 0, 0, 0, 0, 0, 0, 0.125663477, -0.0383064453, -0.209196729, -0.585796117, 0.398276274, -0.705786022, -0.709838867, 0.16809082, 0.684082031, 0.39113192, 0.901677874, 0.184457582, 0, 0, -0, 0, 0, 0, 0, 0.189822559, 0.0160949219, -0.187446924, -0.100182612, 0.373756856, -0.922085218, 0.403320313, -0.83190918, -0.381103516, -0.909497224, -0.40995489, -0.0673340686, 1, 3, 5, 0, 
962.961759, 72, 0.1, 0.1, 0.224999999, -0.114999987, -0.0199592383, 0.707094388, -0.707119174, -2.50791876e-005, 0.707119174, 0.707094388, -8.57423008e-006, 2.37963553e-005, -1.16711844e-005, 1, 0.707094328, -0.707119233, -4.43274819e-005, 0.707119233, 0.707094329, -2.22882496e-005, 4.71041611e-005, -1.55849201e-005, 0.999999999, 0, 0, 0, 0, 0, 0, 0, 0.127070313, -0.0395658447, -0.209345776, -0.584331334, 0.39539576, -0.708648562, -0.712402344, 0.168212891, 0.681274414, 0.388675266, 0.902999247, 0.183551452, 0, 0, -0, 0, 0, 0, 0, 0.191128467, 0.0149121582, -0.187373828, -0.0977480169, 0.370235843, -0.923714845, 0.406860352, -0.83215332, -0.376586914, -0.908136654, -0.412657075, -0.0693464899, 1, 3, 5, 0, 
962.962545, 72, 0.1, 0.1, 0.224999995, -0.11499999, -0.0199553091, 0.707094645, -0.707118917, -8.27624437e-006, 0.707118917, 0.707094645, 6.03367109e-006, 1.58556511e-006, -1.01186655e-005, 1, 0.707094598, -0.707118964, 1.99739967e-005, 0.707118964, 0.707094598, 1.73509686e-005, -2.63927042e-005, 1.85521571e-006, 1, 0, 0, 0, 0, 0, 0, 0, 0.127070313, -0.0395658447, -0.209345776, -0.584331334, 0.39539576, -0.708648562, -0.712402344, 0.168212891, 0.681274414, 0.388675266, 0.902999247, 0.183551452, 0, 0, -0, 0, 0, 0, 0, 0.191128467, 0.0149121582, -0.187373828, -0.0977480169, 0.370235843, -0.923714845, 0.406860352, -0.83215332, -0.376586914, -0.908136654, -0.412657075, -0.0693464899, 1, 3, 5, 0, 
962.963329, 72, 0.1, 0.1, 0.224999994, -0.11499999, -0.0199551151, 0.707094669, -0.707118893, -1.4235717e-005, 0.707118893, 0.707094669, 2.11540955e-005, -4.89246095e-006, -2.50242926e-005, 1, 0.707094692, -0.70711887, 1.42257673e-005, 0.70711887, 0.707094693, 9.76449354e-006, -1.69636222e-005, 3.15488693e-006, 1, 0, 0, 0, 0, 0, 0, 0, 0.127070313, -0.0395658447, -0.209345776, -0.584331334, 0.39539576, -0.708648562, -0.712402344, 0.168212891, 0.681274414, 0.388675266, 0.902999247, 0.183551452, 0, 0, -0, 0, 0, 0, 0, 0.191128467, 0.0149121582, -0.187373828, -0.0977480169, 0.370235843, -0.923714845, 0.406860352, -0.83215332, -0.376586914, -0.908136654, -0.412657075, -0.0693464899, 1, 3, 5, 0, 
962.964157, 72, 0.1, 0.1, 0.224999995, -0.114999988, -0.019958294, 0.707094247, -0.707119313, 5.54399038e-005, 0.707119315, 0.707094248, -8.70578842e-006, -3.30452059e-005, 4.53584397e-005, 0.999999998, 0.707094383, -0.707119179, 1.60415287e-005, 0.70711918, 0.707094382, -2.18930568e-005, 4.1381255e-006, 2.68237301e-005, 1, 0, 0, 0, 0, 0, 0, 0, 0.128468481, -0.0405823486, -0.209476025, -0.58295604, 0.392896045, -0.711243757, -0.715576172, 0.166381836, 0.678466797, 0.384873275, 0.904383898, 0.184333266, 0, 0, -0, 0, 0, 0, 0, 0.191128467, 0.0149121582, -0.187373828, -0.0954858626, 0.367411157, -0.925063389, 0.411376953, -0.831665039, -0.372802734, -0.906303236, -0.416145272, -0.0716975964, 1, 3, 5, 0, 
962.964946, 72, 0.1, 0.1, 0.22499999, -0.114999991, -0.0199631661, 0.707093469, -0.707120091, -5.01630999e-005, 0.707120093, 0.707093469, 2.06209018e-005, 2.08885464e-005, -5.00522408e-005, 0.999999999, 0.707093663, -0.707119899, -8.88092098e-006, 0.707119899, 0.707093663, 3.14822789e-005, -1.5982103e-005, -2.85407959e-005, 0.999999999, 0, 0, 0, 0, 0, 0, 0, 0.128468481, -0.0405823486, -0.209476025, -0.58295604, 0.392896045, -0.711243757, -0.715576172, 0.166381836, 0.678466797, 0.384873275, 0.904383898, 0.184333266, 0, 0, -0, 0, 0, 0, 0, 0.19243291, 0.0139821777, -0.1875125, -0.0954858626, 0.367411157, -0.925063389, 0.411376953, -0.831665039, -0.372802734, -0.906303236, -0.416145272, -0.0716975964, 1, 3, 5, 0, 
962.965732, 72, 0.1, 0.1, 0.225, -0.114999988, -0.019968503, 0.707092394, -0.707121168, 1.4665542e-005, 0.707121168, 0.707092394, -2.89155049e-005, 1.00768724e-005, 3.08162487e-005, 0.999999999, 0.707092617, -0.707120945, -3.06247329e-005, 0.707120945, 0.707092617, -2.14492797e-005, 3.68217574e-005, -6.48876278e-006, 0.999999999, 0, 0, 0, 0, 0, 0, 0, 0.128468481, -0.0405823486, -0.209476025, -0.58295604, 0.392896045, -0.711243757, -0.715576172, 0.166381836, 0.678466797, 0.384873275, 0.904383898, 0.184333266, 0, 0, -0, 0, 0, 0, 0, 0.19243291, 0.0139821777, -0.1875125, -0.0954858626, 0.367411157, -0.925063389, 0.411376953, -0.831665039, -0.372802734, -0.906303236, -0.416145272, -0.0716975964, 1, 3, 5, 0, 
962.96652, 72, 0.1, 0.1, 0.224999982, -0.114999987, -0.0199725131, 0.707091032, -0.707122527, 6.54066101e-005, 0.707122527, 0.707091035, 1.67046514e-005, -5.80606629e-005, 3.44387782e-005, 0.999999998, 0.707091307, -0.70712225, 8.59633327e-005, 0.707122252, 0.70709131, 8.19316568e-006, -6.65774953e-005, 5.49932692e-005, 0.999999996, 0, 0, 0, 0, 0, 0, 0, 0.128468481, -0.0405823486, -0.209476025, -0.58295604, 0.392896045, -0.711243757, -0.715576172, 0.166381836, 0.678466797, 0.384873275, 0.904383898, 0.184333266, 0, 0, -0, 0, 0, 0, 0, 0.19243291, 0.0139821777, -0.1875125, -0.0954858626, 0.367411157, -0.925063389, 0.411376953, -0.831665039, -0.372802734, -0.906303236, -0.416145272, -0.0716975964, 1, 3, 5, 0, 
962.967309, 72, 0.1, 0.1, 0.224999992, -0.114999991, -0.0199739505, 0.707089512, -0.707124043, -9.93528598e-005, 0.707124047, 0.707089515, 4.50921204e-006, 6.70627932e-005, -7.34432128e-005, 0.999999995, 0.70708983, -0.707123727, -8.67785171e-005, 0.70712373, 0.707089832, 1.36683708e-005, 5.16949777e-005, -7.10279147e-005, 0.999999996, 0, 0, 0, 0, 0, 0, 0, 0.128468481, -0.0405823486, -0.209476025, -0.58295604, 0.392896045, -0.711243757, -0.715576172, 0.166381836, 0.678466797, 0.384873275, 0.904383898, 0.184333266, 0, 0, -0, 0, 0, 0, 0, 0.19243291, 0.0139821777, -0.1875125, -0.0954858626, 0.367411157, -0.925063389, 0.411376953, -0.831665039, -0.372802734, -0.906303236, -0.416145272, -0.0716975964, 1, 3, 5, 0, 
962.968098, 72, 0.1, 0.1, 0.225000001, -0.114999987, -0.0199725465, 0.707087858, -0.707125703, 3.18949394e-005, 0.707125704, 0.707087858, -1.70051697e-005, -1.05277318e-005, 3.45778805e-005, 0.999999999, 0.707088215, -0.707125347, -8.7933589e-006, 0.707125347, 0.707088215, -2.58738016e-005, 2.45137014e-005, 1.20770532e-005, 1, 0, 0, 0, 0, 0, 0, 0, 0.128468481, -0.0405823486, -0.209476025, -0.58295604, 0.392896045, -0.711243757, -0.715576172, 0.166381836, 0.678466797, 0.384873275, 0.904383898, 0.184333266, 0, 0, -0, 0, 0, 0, 0, 0.19243291, 0.0139821777, -0.1875125, -0.0954858626, 0.367411157, -0.925063389, 0.411376953, -0.831665039, -0.372802734, -0.906303236, -0.416145272, -0.0716975964, 1, 3, 5, 0, 
962.968946, 72, 0.1, 0.1, 0.224999991, -0.114999989, -0.0199683543, 0.707085934, -0.707127628, -9.88931176e-006, 0.707127628, 0.707085933, 2.42619508e-005, -1.01637025e-005, -2.41482897e-005, 1, 0.707086337, -0.707127224, 3.26496301e-005, 0.707127224, 0.707086338, 1.79198048e-005, -3.57576892e-005, 1.04165931e-005, 0.999999999, 0, 0, 0, 0, 0, 0, 0, 0.12992207, -0.0418200195, -0.209413428, -0.580589996, 0.390459609, -0.714372519, -0.71862793, 0.166503906, 0.675170898, 0.382644651, 0.905387751, 0.184087262, 0, 0, -0, 0, 0, 0, 0, 0.19243291, 0.0139821777, -0.1875125, -0.0929426257, 0.364279868, -0.926533334, 0.415283203, -0.831542969, -0.368530273, -0.904808504, -0.41905198, -0.0740614627, 1, 3, 5, 0, 
962.969733, 72, 0.1, 0.1, 0.225, -0.114999986, -0.0199633034, 0.707083986, -0.707129576, -7.0656104e-007, 0.707129576, 0.707083985, -2.85986257e-005, 2.07225321e-005, 1.9722e-005, 1, 0.707084375, -0.707129185, -3.92734141e-005, 0.707129185, 0.707084376, -1.99000605e-005, 4.18415311e-005, -1.37003555e-005, 0.999999999, 0, 0, 0, 0, 0, 0, 0, 0.12992207, -0.0418200195, -0.209413428, -0.580589996, 0.390459609, -0.714372519, -0.71862793, 0.166503906, 0.675170898, 0.382644651, 0.905387751, 0.184087262, 0, 0, -0, 0, 0, 0, 0, 0.193525586, 0.0128208984, -0.18743623, -0.0929426257, 0.364279868, -0.926533334, 0.415283203, -0.831542969, -0.368530273, -0.904808504, -0.41905198, -0.0740614627, 1, 3, 5, 0, 
962.970519, 72, 0.1, 0.1, 0.224999993, -0.114999986, -0.0199594317, 0.707081876, -0.707131686, -2.04994742e-005, 0.707131686, 0.707081875, 2.21239998e-005, -1.1497746e-006, -3.01393071e-005, 1, 0.707082297, -0.707131265, 2.36646049e-005, 0.707131264, 0.707082297, 1.34261113e-005, -2.62268463e-005, 7.24061638e-006, 1, 0, 0, 0, 0, 0, 0, 0, 0.12992207, -0.0418200195, -0.209413428, -0.580589996, 0.390459609, -0.714372519, -0.71862793, 0.166503906, 0.675170898, 0.382644651, 0.905387751, 0.184087262, 0, 0, -0, 0, 0, 0, 0, 0.193525586, 0.0128208984, -0.18743623, -0.0929426257, 0.364279868, -0.926533334, 0.415283203, -0.831542969, -0.368530273, -0.904808504, -0.41905198, -0.0740614627, 1, 3, 5, 0, 
962.971308, 72, 0.1, 0.1, 0.225000005, -0.114999983, -0.0199578688, 0.707079589, -0.707133972, -5.91539041e-006, 0.707133972, 0.707079589, -2.97073192e-005, 2.51897065e-005, 1.68224655e-005, 1, 0.707080036, -0.707133524, -5.16186524e-005, 0.707133524, 0.707080037, -2.23664965e-005, 5.23146181e-005, -2.06863764e-005, 0.999999998, 0, 0, 0, 0, 0, 0, 0, 0.12992207, -0.0418200195, -0.209413428, -0.580589996, 0.390459609, -0.714372519, -0.71862793, 0.166503906, 0.675170898, 0.382644651, 0.905387751, 0.184087262, 0, 0, -0, 0, 0, 0, 0, 0.193525586, 0.0128208984, -0.18743623, -0.0929426257, 0.364279868, -0.926533334, 0.415283203, -0.831542969, -0.368530273, -0.904808504, -0.41905198, -0.0740614627, 1, 3, 5, 0, 
962.972097, 72, 0.1, 0.1, 0.224999996, -0.114999985, -0.0199589814, 0.707077114, -0.707136447, -4.52121036e-006, 0.707136447, 0.707077114, 3.58182562e-005, -2.213155e-005, -2.85233818e-005, 0.999999999, 0.707077603, -0.707135957, 3.69313606e-005, 0.707135957, 0.707077604, 2.50554987e-005, -4.3830982e-005, 8.39931103e-006, 0.999999999, 0, 0, 0, 0, 0, 0, 0, 0.12992207, -0.0418200195, -0.209413428, -0.580589996, 0.390459609, -0.714372519, -0.71862793, 0.166503906, 0.675170898, 0.382644651, 0.905387751, 0.184087262, 0, 0, -0, 0, 0, 0, 0, 0.193525586, 0.0128208984, -0.18743623, -0.0929426257, 0.364279868, -0.926533334, 0.415283203, -0.831542969, -0.368530273, -0.904808504, -0.41905198, -0.0740614627, 1, 3, 5, 0, 
962.972882, 72, 0.1, 0.1, 0.225000004, -0.114999986, -0.0199622199, 0.707074513, -0.707139048, 6.02946439e-006, 0.707139048, 0.707074512, -1.63453581e-005, 7.2951604e-006, 1.58210558e-005, 1, 0.707075026, -0.707138534, -3.4815612e-005, 0.707138534, 0.707075027, -6.41944835e-006, 2.91566891e-005, -2.00804292e-005, 0.999999999, 0, 0, 0, 0, 0, 0, 0, 0.12992207, -0.0418200195, -0.209413428, -0.580589996, 0.390459609, -0.714372519, -0.71862793, 0.166503906, 0.675170898, 0.382644651, 0.905387751, 0.184087262, 0, 0, -0, 0, 0, 0, 0, 0.193525586, 0.0128208984, -0.18743623, -0.0929426257, 0.364279868, -0.926533334, 0.415283203, -0.831542969, -0.368530273, -0.904808504, -0.41905198, -0.0740614627, 1, 3, 5, 0, 
962.973702, 72, 0.1, 0.1, 0.224999993, -0.114999988, -0.0199663461, 0.707071724, -0.707141836, 6.80655061e-006, 0.707141836, 0.707071724, 2.14862104e-005, -2.00065178e-005, -1.03790951e-005, 1, 0.707072299, -0.70714126, 4.46242242e-005, 0.707141261, 0.7070723, 1.59379335e-005, -4.28229232e-005, 2.02863588e-005, 0.999999999, 0, 0, 0, 0, 0, 0, 0, 0.130658325, -0.0431995117, -0.209941943, -0.579238667, 0.389653829, -0.715978087, -0.720092773, 0.166748047, 0.673461914, 0.381812662, 0.905762558, 0.184094375, 0, 0, -0, 0, 0, 0, 0, 0.193525586, 0.0128208984, -0.18743623, -0.0912236803, 0.361934592, -0.927728394, 0.418212891, -0.831542969, -0.365478516, -0.903645894, -0.421262362, -0.0755372383, 1, 3, 5, 0, 
962.97449, 72, 0.1, 0.1, 0.224999999, -0.114999985, -0.0199694658, 0.707069028, -0.707144532, 7.70468257e-006, 0.707144532, 0.707069028, -2.89347679e-005, 1.50133205e-005, 2.59072024e-005, 1, 0.707069555, -0.707144005, -2.38386725e-005, 0.707144005, 0.707069555, -2.10600666e-005, 3.17480994e-005, -1.96644247e-006, 0.999999999, 0, 0, 0, 0, 0, 0, 0, 0.130658325, -0.0431995117, -0.209941943, -0.579238667, 0.389653829, -0.715978087, -0.720092773, 0.166748047, 0.673461914, 0.381812662, 0.905762558, 0.184094375, 0, 0, -0, 0, 0, 0, 0, 0.194333496, 0.0117262695, -0.18776958, -0.0912236803, 0.361934592, -0.927728394, 0.418212891, -0.831542969, -0.365478516, -0.903645894, -0.421262362, -0.0755372383, 1, 3, 5, 0, 
962.975275, 72, 0.1, 0.1, 0.22499999, -0.114999983, -0.0199711252, 0.707066337, -0.707147224, 1.23081016e-006, 0.707147223, 0.707066336, 1.12667328e-005, -8.83750325e-006, -7.09596349e-006, 1, 0.707066861, -0.707146699, 3.20985216e-005, 0.707146699, 0.707066861, 3.57946654e-006, -2.52270089e-005, 2.01674414e-005, 0.999999999, 0, 0, 0, 0, 0, 0, 0, 0.130658325, -0.0431995117, -0.209941943, -0.579238667, 0.389653829, -0.715978087, -0.720092773, 0.166748047, 0.673461914, 0.381812662, 0.905762558, 0.184094375, 0, 0, -0, 0, 0, 0, 0, 0.194333496, 0.0117262695, -0.18776958, -0.0912236803, 0.361934592, -0.927728394, 0.418212891, -0.831542969, -0.365478516, -0.903645894, -0.421262362, -0.0755372383, 1, 3, 5, 0, 
962.976067, 72, 0.1, 0.1, 0.224999996, -0.114999981, -0.0199708335, 0.707063656, -0.707149904, 4.51900436e-006, 0.707149904, 0.707063656, -1.77574937e-005, 9.3619862e-006, 1.57512919e-005, 1, 0.707064163, -0.707149396, -2.52297967e-005, 0.707149396, 0.707064164, -1.36669701e-005, 2.75036748e-005, -8.17781069e-006, 1, 0, 0, 0, 0, 0, 0, 0, 0.130658325, -0.0431995117, -0.209941943, -0.579238667, 0.389653829, -0.715978087, -0.720092773, 0.166748047, 0.673461914, 0.381812662, 0.905762558, 0.184094375, 0, 0, -0, 0, 0, 0, 0, 0.194333496, 0.0117262695, -0.18776958, -0.0912236803, 0.361934592, -0.927728394, 0.418212891, -0.831542969, -0.365478516, -0.903645894, -0.421262362, -0.0755372383, 1, 3, 5, 0, 
962.976855, 72, 0.1, 0.1, 0.22499999, -0.114999983, -0.0199688309, 0.707061018, -0.707152541, -1.21455208e-005, 0.707152541, 0.707061018, 2.87427157e-005, -1.17378602e-005, -2.89115897e-005, 1, 0.707061532, -0.707152028, 2.197181e-005, 0.707152027, 0.707061532, 2.1582614e-005, -3.07976109e-005, 2.77173812e-007, 1, 0, 0, 0, 0, 0, 0, 0, 0.130658325, -0.0431995117, -0.209941943, -0.579238667, 0.389653829, -0.715978087, -0.720092773, 0.166748047, 0.673461914, 0.381812662, 0.905762558, 0.184094375, 0, 0, -0, 0, 0, 0, 0, 0.194333496, 0.0117262695, -0.18776958, -0.0912236803, 0.361934592, -0.927728394, 0.418212891, -0.831542969, -0.365478516, -0.903645894, -0.421262362, -0.0755372383, 1, 3, 5, 0, 
962.977642, 72, 0.1, 0.1, 0.224999998, -0.114999983, -0.0199659457, 0.707058354, -0.707155205, 1.75433075e-006, 0.707155205, 0.707058354, -1.89329364e-005, 1.21481103e-005, 1.4627275e-005, 1, 0.707058879, -0.707154679, -3.51618203e-005, 0.70715468, 0.707058879, -9.92730965e-006, 3.18816207e-005, -1.78456533e-005, 0.999999999, 0, 0, 0, 0, 0, 0, 0, 0.130658325, -0.0431995117, -0.209941943, -0.579238667, 0.389653829, -0.715978087, -0.720092773, 0.166748047, 0.673461914, 0.381812662, 0.905762558, 0.184094375, 0, 0, -0, 0, 0, 0, 0, 0.194333496, 0.0117262695, -0.18776958, -0.0912236803, 0.361934592, -0.927728394, 0.418212891, -0.831542969, -0.365478516, -0.903645894, -0.421262362, -0.0755372383, 1, 3, 5, 0, 
962.978465, 72, 0.1, 0.1, 0.224999991, -0.114999984, -0.019962852, 0.707055522, -0.707158036, -1.84217783e-005, 0.707158036, 0.707055522, 2.41128102e-005, -4.02634741e-006, -3.00762042e-005, 1, 0.707056105, -0.707157453, 2.52080431e-005, 0.707157453, 0.707056105, 1.6618713e-005, -2.95755475e-005, 6.07569304e-006, 1, 0, 0, 0, 0, 0, 0, 0, 0.131869507, -0.0446291748, -0.210074023, -0.57734778, 0.387864414, -0.71849802, -0.721923828, 0.168212891, 0.671142578, 0.381265991, 0.906169566, 0.18301039, 0, 0, -0, 0, 0, 0, 0, 0.194333496, 0.0117262695, -0.18776958, -0.0891022506, 0.358784347, -0.929083135, 0.420410156, -0.83203125, -0.361572266, -0.902809209, -0.422820893, -0.076661569, 1, 3, 5, 0, 
962.979255, 72, 0.1, 0.1, 0.225000001, -0.114999981, -0.0199606725, 0.707052748, -0.70716081, 4.63405335e-007, 0.70716081, 0.707052748, -2.91282027e-005, 2.02706714e-005, 2.09228778e-005, 1, 0.707053292, -0.707160265, -4.3124239e-005, 0.707160265, 0.707053293, -2.12352245e-005, 4.55078422e-005, -1.54813129e-005, 0.999999999, 0, 0, 0, 0, 0, 0, 0, 0.131869507, -0.0446291748, -0.210074023, -0.57734778, 0.387864414, -0.71849802, -0.721923828, 0.168212891, 0.671142578, 0.381265991, 0.906169566, 0.18301039, 0, 0, -0, 0, 0, 0, 0, 0.195161182, 0.0103688477, -0.188106104, -0.0891022506, 0.358784347, -0.929083135, 0.420410156, -0.83203125, -0.361572266, -0.902809209, -0.422820893, -0.076661569, 1, 3, 5, 0, 
962.980058, 72, 0.1, 0.1, 0.224999992, -0.114999982, -0.0199601598, 0.707049828, -0.70716373, -5.43467535e-006, 0.70716373, 0.707049828, 3.00760351e-005, -1.74260949e-005, -2.51084608e-005, 1, 0.707050394, -0.707163163, 3.60952758e-005, 0.707163163, 0.707050395, 2.04183651e-005, -3.99602947e-005, 1.10884363e-005, 0.999999999, 0, 0, 0, 0, 0, 0, 0, 0.131869507, -0.0446291748, -0.210074023, -0.57734778, 0.387864414, -0.71849802, -0.721923828, 0.168212891, 0.671142578, 0.381265991, 0.906169566, 0.18301039, 0, 0, -0, 0, 0, 0, 0, 0.195161182, 0.0103688477, -0.188106104, -0.0891022506, 0.358784347, -0.929083135, 0.420410156, -0.83203125, -0.361572266, -0.902809209, -0.422820893, -0.076661569, 1, 3, 5, 0, 
962.980879, 72, 0.1, 0.1, 0.225, -0.114999981, -0.0199612795, 0.707046758, -0.707166799, 1.28033468e-005, 0.7071668, 0.707046757, -2.34818885e-005, 7.55304708e-006, 2.5656895e-005, 1, 0.707047396, -0.707166161, -3.33025408e-005, 0.707166161, 0.707047396, -1.39319601e-005, 3.33986855e-005, -1.36998738e-005, 0.999999999, 0, 0, 0, 0, 0, 0, 0, 0.133059082, -0.0458376709, -0.210411768, -0.5758317, 0.386011719, -0.720700435, -0.723876953, 0.168945312, 0.668823242, 0.37991354, 0.906957371, 0.182370483, 0, 0, -0, 0, 0, 0, 0, 0.195161182, 0.0103688477, -0.188106104, -0.0871277422, 0.355940704, -0.930399596, 0.423339844, -0.83215332, -0.358032227, -0.901742481, -0.424960913, -0.0781501044, 1, 3, 5, 0, 
962.981667, 72, 0.1, 0.1, 0.224999988, -0.114999983, -0.0199633631, 0.707043751, -0.707169805, 9.75745671e-006, 0.707169805, 0.707043751, 2.83394651e-005, -2.69397628e-005, -1.31370629e-005, 1, 0.707044341, -0.707169215, 4.86397009e-005, 0.707169215, 0.707044342, 1.99429277e-005, -4.84934499e-005, 2.02959649e-005, 0.999999999, 0, 0, 0, 0, 0, 0, 0, 0.133059082, -0.0458376709, -0.210411768, -0.5758317, 0.386011719, -0.720700435, -0.723876953, 0.168945312, 0.668823242, 0.37991354, 0.906957371, 0.182370483, 0, 0, -0, 0, 0, 0, 0, 0.196430469, 0.00924272461, -0.188447754, -0.0871277422, 0.355940704, -0.930399596, 0.423339844, -0.83215332, -0.358032227, -0.901742481, -0.424960913, -0.0781501044, 1, 3, 5, 0, 
962.982455, 72, 0.1, 0.1, 0.224999994, -0.114999982, -0.0199660432, 0.707040713, -0.707172844, 5.91347251e-006, 0.707172844, 0.707040712, -1.95244238e-005, 9.62607648e-006, 1.79864097e-005, 1, 0.7070413, -0.707172256, -2.80800245e-005, 0.707172256, 0.7070413, -1.15084644e-005, 2.79922037e-005, -1.17204547e-005, 1, 0, 0, 0, 0, 0, 0, 0, 0.133059082, -0.0458376709, -0.210411768, -0.5758317, 0.386011719, -0.720700435, -0.723876953, 0.168945312, 0.668823242, 0.37991354, 0.906957371, 0.182370483, 0, 0, -0, 0, 0, 0, 0, 0.196430469, 0.00924272461, -0.188447754, -0.0871277422, 0.355940704, -0.930399596, 0.423339844, -0.83215332, -0.358032227, -0.901742481, -0.424960913, -0.0781501044, 1, 3, 5, 0, 
962.98324, 72, 0.1, 0.1, 0.224999986, -0.114999983, -0.0199683947, 0.707037703, -0.707175852, -2.80067714e-006, 0.707175852, 0.707037703, 2.27443955e-005, -1.4104103e-005, -1.80617164e-005, 1, 0.707038284, -0.707175272, 3.11886015e-005, 0.707175271, 0.707038284, 1.58533925e-005, -3.32626625e-005, 1.08468523e-005, 0.999999999, 0, 0, 0, 0, 0, 0, 0, 0.133059082, -0.0458376709, -0.210411768, -0.5758317, 0.386011719, -0.720700435, -0.723876953, 0.168945312, 0.668823242, 0.37991354, 0.906957371, 0.182370483, 0, 0, -0, 0, 0, 0, 0, 0.196430469, 0.00924272461, -0.188447754, -0.0871277422, 0.355940704, -0.930399596, 0.423339844, -0.83215332, -0.358032227, -0.901742481, -0.424960913, -0.0781501044, 1, 3, 5, 0, 
962.984033, 72, 0.1, 0.1, 0.224999994, -0.114999982, -0.0199696581, 0.7070347, -0.707178855, -1.9654675e-006, 0.707178855, 0.7070347, -2.02817624e-005, 1.57324872e-005, 1.29499727e-005, 1, 0.707035277, -0.707178277, -3.3086975e-005, 0.707178277, 0.707035278, -1.3252932e-005, 3.27658442e-005, -1.40280995e-005, 0.999999999, 0, 0, 0, 0, 0, 0, 0, 0.133059082, -0.0458376709, -0.210411768, -0.5758317, 0.386011719, -0.720700435, -0.723876953, 0.168945312, 0.668823242, 0.37991354, 0.906957371, 0.182370483, 0, 0, -0, 0, 0, 0, 0, 0.196430469, 0.00924272461, -0.188447754, -0.0871277422, 0.355940704, -0.930399596, 0.423339844, -0.83215332, -0.358032227, -0.901742481, -0.424960913, -0.0781501044, 1, 3, 5, 0, 
962.984819, 72, 0.1, 0.1, 0.224999988, -0.114999982, -0.0199694791, 0.707031762, -0.707181792, -1.02204779e-005, 0.707181792, 0.707031762, 1.93280874e-005, -6.44226898e-006, -2.08933076e-005, 1, 0.707032333, -0.707181221, 2.21064571e-005, 0.707181221, 0.707032334, 1.26734852e-005, -2.45924307e-005, 6.67270755e-006, 1, 0, 0, 0, 0, 0, 0, 0, 0.133059082, -0.0458376709, -0.210411768, -0.5758317, 0.386011719, -0.720700435, -0.723876953, 0.168945312, 0.668823242, 0.37991354, 0.906957371, 0.182370483, 0, 0, -0, 0, 0, 0, 0, 0.196430469, 0.00924272461, -0.188447754, -0.0871277422, 0.355940704, -0.930399596, 0.423339844, -0.83215332, -0.358032227, -0.901742481, -0.424960913, -0.0781501044, 1, 3, 5, 0, 
962.985619, 72, 0.1, 0.1, 0.224999995, -0.11499998, -0.0199679668, 0.707028811, -0.707184742, 4.89100828e-006, 0.707184742, 0.707028811, -2.41045877e-005, 1.35883129e-005, 2.05014844e-005, 1, 0.707029379, -0.707184175, -2.9971345e-005, 0.707184174, 0.707029379, -1.70541617e-005, 3.32510547e-005, -9.13746758e-006, 0.999999999, 0, 0, 0, 0, 0, 0, 0, 0.134266968, -0.047282959, -0.210770508, -0.573953918, 0.383898793, -0.723302743, -0.726074219, 0.169555664, 0.666259766, 0.378503801, 0.907662802, 0.181546729, 0, 0, -0, 0, 0, 0, 0, 0.196430469, 0.00924272461, -0.188447754, -0.0871277422, 0.355940704, -0.930399596, 0.423339844, -0.83215332, -0.358032227, -0.901742481, -0.424960913, -0.0781501044, 1, 3, 5, 0, 
962.986421, 72, 0.1, 0.1, 0.224999987, -0.114999981, -0.0199654561, 0.707025838, -0.707187715, -5.46568973e-006, 0.707187715, 0.707025838, 2.27736053e-005, -1.224083e-005, -1.9966796e-005, 1, 0.707026406, -0.707187147, 3.17956595e-005, 0.707187147, 0.707026406, 1.51508504e-005, -3.31948576e-005, 1.17734304e-005, 0.999999999, 0, 0, 0, 0, 0, 0, 0, 0.134266968, -0.047282959, -0.210770508, -0.573953918, 0.383898793, -0.723302743, -0.726074219, 0.169555664, 0.666259766, 0.378503801, 0.907662802, 0.181546729, 0, 0, -0, 0, 0, 0, 0, 0.197526318, 0.00812001953, -0.188574707, -0.0844248242, 0.353071542, -0.931652258, 0.426147461, -0.832397461, -0.354125977, -0.900599194, -0.426858129, -0.0802456478, 1, 3, 5, 0, 
