time, trialNum, realDorsalTactorPos, realVentralTactorPos, boxPosX, boxPosY, boxPosZ, boxLocalRot_11, boxLocalRot_12, boxLocalRot_13, boxLocalRot_21, boxLocalRot_22, boxLocalRot_23, boxLocalRot_31, boxLocalRot_32, boxLocalRot_33, boxGlobalRot_11, boxGlobalRot_12, boxGlobalRot_13, boxGlobalRot_21, boxGlobalRot_22, boxGlobalRot_23, boxGlobalRot_31, boxGlobalRot_32, boxGlobalRot_33, indexForceX, indexForceY, indexForceZ, indexForceGlobalX, indexForceGlobalY, indexForceGlobalZ, indexContact, indexPosX, indexPosY, indexPosZ, indexRot_11, indexRot_12, indexRot_13, indexRot_21, indexRot_22, indexRot_23, indexRot_31, indexRot_32, indexRot_33, thumbForceX, thumbForceY, thumbForceZ, thumbForceGlobalX, thumbForceGlobalY, thumbForceGlobalZ, thumbContact, thumbPosX, thumbPosY, thumbPosZ, thumbRot_11, thumbRot_12, thumbRot_13, thumbRot_21, thumbRot_22, thumbRot_23, thumbRot_31, thumbRot_32, thumbRot_33, manipForceTooHigh, cceExpType, mapping, trialSuccess, 
573.832777, 61, 0.1, 0.1, 0.0153476477, 0.364374669, -0.0349757715, 0.933888156, -0.357565257, -5.70979097e-006, 0.357565257, 0.933888156, 3.68243238e-006, 4.01559628e-006, -5.48060286e-006, 1, 0.933888176, -0.357565204, -6.70952911e-006, 0.357565205, 0.933888175, 1.915229e-005, -5.82242602e-007, -2.02851914e-005, 1, 0, 0, 0, 0, 0, 0, 0, 0.370793921, -0.139834106, -0.208734937, -0.20732712, 0.498884575, -0.841433119, -0.914306641, 0.206787109, 0.348022461, 0.347626046, 0.841620764, 0.413452829, 0, 0, -0, 0, 0, 0, 0, 0.435544531, -0.094969873, -0.173660205, 0.137232204, 0.242997979, -0.960162416, 0.318725586, -0.928588867, -0.189453125, -0.937814258, -0.279966488, -0.204880212, 0, 2, 5, 1, 
573.852972, 61, 0.1, 0.1, 0.0153476349, 0.364374679, -0.0349758594, 0.933885312, -0.357572683, -1.55757997e-006, 0.357572683, 0.933885312, 2.29256859e-005, -6.74299797e-006, -2.19669094e-005, 1, 0.933885328, -0.357572642, 2.10952509e-006, 0.357572642, 0.933885328, 2.46205121e-005, -1.07736761e-005, -2.22384266e-005, 1, 0, 0, 0, 0, 0, 0, 0, 0.368620874, -0.143030176, -0.207521924, -0.219383862, 0.497406688, -0.839246053, -0.910766602, 0.203735352, 0.358886719, 0.349535647, 0.84321435, 0.40853353, 0, 0, -0, 0, 0, 0, 0, 0.433967725, -0.0988007813, -0.172471973, 0.127117592, 0.240530934, -0.962167174, 0.320800781, -0.927856445, -0.189575195, -0.938509118, -0.28452178, -0.195148761, 0, 2, 5, 1, 
573.853666, 61, 0.1, 0.1, 0.0153476359, 0.364374678, -0.0349777453, 0.933885197, -0.357572984, 6.29205561e-006, 0.357572984, 0.933885197, -1.51490063e-005, -4.5918222e-007, 1.63973018e-005, 1, 0.933885223, -0.357572916, 4.59056032e-006, 0.357572916, 0.933885223, -1.19097071e-005, -2.84677605e-008, 1.27637595e-005, 1, 0, 0, 0, 0, 0, 0, 0, 0.368620874, -0.143030176, -0.207521924, -0.219383862, 0.497406688, -0.839246053, -0.910766602, 0.203735352, 0.358886719, 0.349535647, 0.84321435, 0.40853353, 0, 0, -0, 0, 0, 0, 0, 0.433967725, -0.0988007813, -0.172471973, 0.127117592, 0.240530934, -0.962167174, 0.320800781, -0.927856445, -0.189575195, -0.938509118, -0.28452178, -0.195148761, 0, 2, 5, 1, 
573.854355, 61, 0.1, 0.1, 0.0153476365, 0.364374676, -0.0349772241, 0.933885079, -0.357573292, -7.37306178e-006, 0.357573293, 0.933885079, 1.5794352e-005, 1.23795392e-006, -1.73865197e-005, 1, 0.933885106, -0.357573221, -1.32123647e-006, 0.357573221, 0.933885106, 9.99159289e-006, -2.33884299e-006, -9.80343856e-006, 1, 0, 0, 0, 0, 0, 0, 0, 0.368620874, -0.143030176, -0.207521924, -0.219383862, 0.497406688, -0.839246053, -0.910766602, 0.203735352, 0.358886719, 0.349535647, 0.84321435, 0.40853353, 0, 0, -0, 0, 0, 0, 0, 0.433967725, -0.0988007813, -0.172471973, 0.127117592, 0.240530934, -0.962167174, 0.320800781, -0.927856445, -0.189575195, -0.938509118, -0.28452178, -0.195148761, 0, 2, 5, 1, 
573.855077, 61, 0.1, 0.1, 0.0153476376, 0.364374672, -0.0349742326, 0.933884963, -0.357573594, 5.20242029e-006, 0.357573594, 0.933884963, -1.26292138e-005, -3.42588691e-007, 1.3654481e-005, 1, 0.933884986, -0.357573535, -4.88327511e-007, 0.357573535, 0.933884986, 9.75652149e-007, 1.07174343e-007, -1.08575989e-006, 1, 0, 0, 0, 0, 0, 0, 0, 0.368113354, -0.143492285, -0.207294531, -0.220589536, 0.497083177, -0.839119494, -0.910400391, 0.203491211, 0.359985352, 0.349726607, 0.843512773, 0.407771933, 0, 0, -0, 0, 0, 0, 0, 0.433610205, -0.0986231934, -0.172456348, 0.125002725, 0.240505048, -0.962467213, 0.322509766, -0.927246094, -0.189819336, -0.938240429, -0.286611127, -0.193461898, 0, 2, 5, 1, 
573.855774, 61, 0.1, 0.1, 0.015347636, 0.364374677, -0.0349701264, 0.933884863, -0.357573855, -5.00093877e-007, 0.357573855, 0.933884863, -4.62202006e-006, 2.11974363e-006, 4.13761408e-006, 1, 0.933884887, -0.357573793, 8.69885755e-006, 0.357573794, 0.933884887, -1.4797852e-005, -2.83240753e-006, 1.69299738e-005, 1, 0, 0, 0, 0, 0, 0, 0, 0.368113354, -0.143492285, -0.207294531, -0.220589536, 0.497083177, -0.839119494, -0.910400391, 0.203491211, 0.359985352, 0.349726607, 0.843512773, 0.407771933, 0, 0, -0, 0, 0, 0, 0, 0.433610205, -0.0986231934, -0.172456348, 0.125002725, 0.240505048, -0.962467213, 0.322509766, -0.927246094, -0.189819336, -0.938240429, -0.286611127, -0.193461898, 0, 2, 5, 1, 
573.856491, 61, 0.1, 0.1, 0.0153476389, 0.364374667, -0.0349660438, 0.933884795, -0.357574034, -5.81019937e-006, 0.357574034, 0.933884795, 1.68118267e-005, -5.85415837e-007, -1.77778857e-005, 1, 0.933884812, -0.357573989, -1.00072929e-005, 0.357573989, 0.933884812, 2.54816831e-005, 2.34071771e-007, -2.73753044e-005, 1, 0, 0, 0, 0, 0, 0, 0, 0.368113354, -0.143492285, -0.207294531, -0.220589536, 0.497083177, -0.839119494, -0.910400391, 0.203491211, 0.359985352, 0.349726607, 0.843512773, 0.407771933, 0, 0, -0, 0, 0, 0, 0, 0.433610205, -0.0986231934, -0.172456348, 0.125002725, 0.240505048, -0.962467213, 0.322509766, -0.927246094, -0.189819336, -0.938240429, -0.286611127, -0.193461898, 0, 2, 5, 1, 
573.857213, 61, 0.1, 0.1, 0.0153476365, 0.364374674, -0.0349629126, 0.933884693, -0.357574301, 1.09795095e-005, 0.357574301, 0.933884692, -3.13786382e-005, 9.66598774e-007, 3.32300203e-005, 0.999999999, 0.933884716, -0.357574241, 1.75547843e-005, 0.357574241, 0.933884715, -3.17622872e-005, -5.03676897e-006, 3.59394532e-005, 0.999999999, 0, 0, 0, 0, 0, 0, 0, 0.367391504, -0.143529639, -0.206862207, -0.22156718, 0.496315589, -0.839354638, -0.910522461, 0.202758789, 0.360229492, 0.349016307, 0.844128715, 0.407067625, 0, 0, -0, 0, 0, 0, 0, 0.433610205, -0.0986231934, -0.172456348, 0.123577989, 0.240287398, -0.962677934, 0.324829102, -0.926513672, -0.189575195, -0.937530975, -0.2892116, -0.192624847, 0, 2, 5, 1, 
573.857908, 61, 0.1, 0.1, 0.0153476382, 0.364374669, -0.0349619309, 0.93388463, -0.357574465, -7.77592696e-006, 0.357574465, 0.933884629, 3.52433312e-005, -5.34029663e-006, -3.56936782e-005, 0.999999999, 0.933884636, -0.357574448, -6.53817679e-006, 0.357574448, 0.933884636, 2.87817452e-005, -4.1857138e-006, -2.92167146e-005, 1, 0, 0, 0, 0, 0, 0, 0, 0.367391504, -0.143529639, -0.206862207, -0.22156718, 0.496315589, -0.839354638, -0.910522461, 0.202758789, 0.360229492, 0.349016307, 0.844128715, 0.407067625, 0, 0, -0, 0, 0, 0, 0, 0.432861133, -0.0982458008, -0.172229443, 0.123577989, 0.240287398, -0.962677934, 0.324829102, -0.926513672, -0.189575195, -0.937530975, -0.2892116, -0.192624847, 0, 2, 5, 1, 
573.858599, 61, 0.1, 0.1, 0.0153476398, 0.364374665, -0.0349633832, 0.933884572, -0.357574615, 1.31533836e-005, 0.357574615, 0.933884572, -1.92267422e-005, -5.40874712e-006, 2.2658874e-005, 1, 0.933884593, -0.357574563, 1.1289804e-006, 0.357574563, 0.933884593, -9.41807654e-006, 2.3133272e-006, 9.19909124e-006, 1, 0, 0, 0, 0, 0, 0, 0, 0.367391504, -0.143529639, -0.206862207, -0.22156718, 0.496315589, -0.839354638, -0.910522461, 0.202758789, 0.360229492, 0.349016307, 0.844128715, 0.407067625, 0, 0, -0, 0, 0, 0, 0, 0.432861133, -0.0982458008, -0.172229443, 0.123577989, 0.240287398, -0.962677934, 0.324829102, -0.926513672, -0.189575195, -0.937530975, -0.2892116, -0.192624847, 0, 2, 5, 1, 
573.859288, 61, 0.1, 0.1, 0.01534764, 0.364374669, -0.0349666544, 0.933884513, -0.357574769, -1.36818136e-005, 0.357574769, 0.933884513, 6.4716738e-006, 1.04631266e-005, -1.09360673e-005, 1, 0.933884516, -0.357574763, -9.16406163e-006, 0.357574763, 0.933884516, -1.14329578e-005, 1.26463124e-005, 7.40022507e-006, 1, 0, 0, 0, 0, 0, 0, 0, 0.367391504, -0.143529639, -0.206862207, -0.22156718, 0.496315589, -0.839354638, -0.910522461, 0.202758789, 0.360229492, 0.349016307, 0.844128715, 0.407067625, 0, 0, -0, 0, 0, 0, 0, 0.432861133, -0.0982458008, -0.172229443, 0.123577989, 0.240287398, -0.962677934, 0.324829102, -0.926513672, -0.189575195, -0.937530975, -0.2892116, -0.192624847, 0, 2, 5, 1, 
573.859978, 61, 0.1, 0.1, 0.0153476396, 0.364374659, -0.0349706765, 0.933884576, -0.357574605, 1.01454188e-005, 0.357574605, 0.933884576, 1.38305196e-005, -1.44200927e-005, -9.28836479e-006, 1, 0.933884558, -0.357574653, 9.443021e-006, 0.357574652, 0.933884558, 2.62366549e-005, -1.82002542e-005, -2.11254219e-005, 1, 0, 0, 0, 0, 0, 0, 0, 0.367391504, -0.143529639, -0.206862207, -0.22156718, 0.496315589, -0.839354638, -0.910522461, 0.202758789, 0.360229492, 0.349016307, 0.844128715, 0.407067625, 0, 0, -0, 0, 0, 0, 0, 0.432861133, -0.0982458008, -0.172229443, 0.123577989, 0.240287398, -0.962677934, 0.324829102, -0.926513672, -0.189575195, -0.937530975, -0.2892116, -0.192624847, 0, 2, 5, 1, 
573.860682, 61, 0.1, 0.1, 0.0153476418, 0.364374665, -0.0349741772, 0.933884715, -0.357574244, -1.10396115e-005, 0.357574243, 0.933884714, -2.35396531e-005, 1.87268981e-005, 1.80358415e-005, 1, 0.933884685, -0.357574322, -1.04244432e-005, 0.357574321, 0.933884684, -2.8906876e-005, 2.00715845e-005, 2.32681756e-005, 1, 0, 0, 0, 0, 0, 0, 0, 0.367391504, -0.143529639, -0.206862207, -0.22156718, 0.496315589, -0.839354638, -0.910522461, 0.202758789, 0.360229492, 0.349016307, 0.844128715, 0.407067625, 0, 0, -0, 0, 0, 0, 0, 0.432861133, -0.0982458008, -0.172229443, 0.123577989, 0.240287398, -0.962677934, 0.324829102, -0.926513672, -0.189575195, -0.937530975, -0.2892116, -0.192624847, 0, 2, 5, 1, 
573.861382, 61, 0.1, 0.1, 0.0153476403, 0.36437466, -0.0349760157, 0.933884892, -0.357573779, 1.91843439e-005, 0.357573778, 0.933884892, 2.47377128e-005, -2.67615264e-005, -1.62423579e-005, 1, 0.933884852, -0.357573884, 1.46974917e-005, 0.357573883, 0.933884852, 2.38127016e-005, -2.2240565e-005, -1.69828821e-005, 1, 0, 0, 0, 0, 0, 0, 0, 0.367391504, -0.143529639, -0.206862207, -0.22156718, 0.496315589, -0.839354638, -0.910522461, 0.202758789, 0.360229492, 0.349016307, 0.844128715, 0.407067625, 0, 0, -0, 0, 0, 0, 0, 0.432861133, -0.0982458008, -0.172229443, 0.123577989, 0.240287398, -0.962677934, 0.324829102, -0.926513672, -0.189575195, -0.937530975, -0.2892116, -0.192624847, 0, 2, 5, 1, 
573.8621, 61, 0.1, 0.1, 0.0153476372, 0.36437466, -0.0349756628, 0.933885116, -0.357573195, -4.13375468e-006, 0.357573195, 0.933885116, -2.41876368e-005, 1.25093025e-005, 2.11103541e-005, 1, 0.933885069, -0.357573318, 2.92565306e-006, 0.357573318, 0.933885069, -1.89342421e-005, 4.03815607e-006, 1.87285415e-005, 1, 0, 0, 0, 0, 0, 0, 0, 0.366850171, -0.143801099, -0.206427808, -0.223388796, 0.495325962, -0.839526502, -0.91027832, 0.201782227, 0.361328125, 0.348439679, 0.844903416, 0.405982518, 0, 0, -0, 0, 0, 0, 0, 0.432358496, -0.0980833496, -0.172005957, 0.122530217, 0.240191149, -0.962863134, 0.327148437, -0.92578125, -0.189208984, -0.936904644, -0.291799313, -0.192030599, 0, 2, 5, 1, 
573.862791, 61, 0.1, 0.1, 0.0153476399, 0.364374659, -0.0349735156, 0.933885375, -0.35757252, 3.60591747e-006, 0.357572519, 0.933885374, 2.75528953e-005, -1.32196718e-005, -2.44418689e-005, 1, 0.933885317, -0.357572669, -5.92019604e-006, 0.35757267, 0.933885317, 1.36981756e-005, 6.30690944e-007, -1.49094254e-005, 1, 0, 0, 0, 0, 0, 0, 0, 0.366850171, -0.143801099, -0.206427808, -0.223388796, 0.495325962, -0.839526502, -0.91027832, 0.201782227, 0.361328125, 0.348439679, 0.844903416, 0.405982518, 0, 0, -0, 0, 0, 0, 0, 0.432358496, -0.0980833496, -0.172005957, 0.122530217, 0.240191149, -0.962863134, 0.327148437, -0.92578125, -0.189208984, -0.936904644, -0.291799313, -0.192030599, 0, 2, 5, 1, 
573.86348, 61, 0.1, 0.1, 0.0153476363, 0.36437465, -0.0349704768, 0.933885668, -0.357571754, 7.58754164e-006, 0.357571754, 0.933885668, -5.66247333e-006, -5.06115587e-006, 8.00119326e-006, 1, 0.933885609, -0.357571907, 1.32203432e-005, 0.357571907, 0.933885609, 1.39908495e-005, -1.7349023e-005, -8.33862966e-006, 1, 0, 0, 0, 0, 0, 0, 0, 0.366850171, -0.143801099, -0.206427808, -0.223388796, 0.495325962, -0.839526502, -0.91027832, 0.201782227, 0.361328125, 0.348439679, 0.844903416, 0.405982518, 0, 0, -0, 0, 0, 0, 0, 0.432358496, -0.0980833496, -0.172005957, 0.122530217, 0.240191149, -0.962863134, 0.327148437, -0.92578125, -0.189208984, -0.936904644, -0.291799313, -0.192030599, 0, 2, 5, 1, 
573.864172, 61, 0.1, 0.1, 0.0153476419, 0.364374657, -0.0349674466, 0.933886008, -0.357570866, -1.58481236e-005, 0.357570866, 0.933886008, -7.8819665e-006, 1.76187025e-005, 1.69403096e-006, 1, 0.93388594, -0.357571042, -1.90248214e-005, 0.357571041, 0.933885941, -2.21835496e-005, 2.56992081e-005, 1.39141799e-005, 1, 0, 0, 0, 0, 0, 0, 0, 0.366850171, -0.143801099, -0.206427808, -0.223388796, 0.495325962, -0.839526502, -0.91027832, 0.201782227, 0.361328125, 0.348439679, 0.844903416, 0.405982518, 0, 0, -0, 0, 0, 0, 0, 0.432358496, -0.0980833496, -0.172005957, 0.122530217, 0.240191149, -0.962863134, 0.327148437, -0.92578125, -0.189208984, -0.936904644, -0.291799313, -0.192030599, 0, 2, 5, 1, 
573.864861, 61, 0.1, 0.1, 0.0153476384, 0.364374645, -0.0349653214, 0.933886384, -0.357569882, 2.41449249e-005, 0.357569882, 0.933886384, 2.88460117e-005, -3.28630817e-005, -1.83053996e-005, 0.999999999, 0.933886307, -0.357570085, 2.20537734e-005, 0.357570084, 0.933886306, 3.75509776e-005, -3.40228232e-005, -2.71825742e-005, 0.999999999, 0, 0, 0, 0, 0, 0, 0, 0.366850171, -0.143801099, -0.206427808, -0.223388796, 0.495325962, -0.839526502, -0.91027832, 0.201782227, 0.361328125, 0.348439679, 0.844903416, 0.405982518, 0, 0, -0, 0, 0, 0, 0, 0.432358496, -0.0980833496, -0.172005957, 0.122530217, 0.240191149, -0.962863134, 0.327148437, -0.92578125, -0.189208984, -0.936904644, -0.291799313, -0.192030599, 0, 2, 5, 1, 
573.865555, 61, 0.1, 0.1, 0.015347638, 0.364374652, -0.0349646736, 0.933886811, -0.357568767, -1.48621155e-005, 0.357568767, 0.933886811, -4.10805357e-005, 2.85686502e-005, 3.30503422e-005, 0.999999999, 0.933886721, -0.357569003, -8.31567415e-006, 0.357569002, 0.933886721, -4.03329521e-005, 2.21877111e-005, 3.46929811e-005, 0.999999999, 0, 0, 0, 0, 0, 0, 0, 0.366850171, -0.143801099, -0.206427808, -0.223388796, 0.495325962, -0.839526502, -0.91027832, 0.201782227, 0.361328125, 0.348439679, 0.844903416, 0.405982518, 0, 0, -0, 0, 0, 0, 0, 0.432358496, -0.0980833496, -0.172005957, 0.122530217, 0.240191149, -0.962863134, 0.327148437, -0.92578125, -0.189208984, -0.936904644, -0.291799313, -0.192030599, 0, 2, 5, 1, 
573.866246, 61, 0.1, 0.1, 0.0153476407, 0.36437465, -0.034965572, 0.933887278, -0.357567548, 1.10690864e-005, 0.357567547, 0.933887278, 3.35114688e-005, -2.23198927e-005, -2.73379884e-005, 0.999999999, 0.933887181, -0.357567802, 1.94161059e-006, 0.357567802, 0.933887181, 2.40730547e-005, -1.04209945e-005, -2.17872597e-005, 1, 0, 0, 0, 0, 0, 0, 0, 0.366850171, -0.143801099, -0.206427808, -0.223388796, 0.495325962, -0.839526502, -0.91027832, 0.201782227, 0.361328125, 0.348439679, 0.844903416, 0.405982518, 0, 0, -0, 0, 0, 0, 0, 0.432358496, -0.0980833496, -0.172005957, 0.122530217, 0.240191149, -0.962863134, 0.327148437, -0.92578125, -0.189208984, -0.936904644, -0.291799313, -0.192030599, 0, 2, 5, 1, 
573.866965, 61, 0.1, 0.1, 0.0153476374, 0.364374646, -0.0349675055, 0.933887792, -0.357566208, -4.49800534e-006, 0.357566207, 0.933887791, -2.7037265e-005, 1.38682446e-005, 2.3641437e-005, 1, 0.933887688, -0.357566479, 8.85251202e-006, 0.357566479, 0.933887687, -1.03474997e-005, -4.56733294e-006, 1.28287641e-005, 1, 0, 0, 0, 0, 0, 0, 0, 0.366631689, -0.144504761, -0.206000244, -0.223287325, 0.49464075, -0.839863117, -0.91027832, 0.202026367, 0.361083984, 0.348300016, 0.845259127, 0.405417873, 0, 0, -0, 0, 0, 0, 0, 0.432201904, -0.0981055664, -0.171351611, 0.123316229, 0.240357027, -0.962748296, 0.328979492, -0.925170898, -0.188842773, -0.936208318, -0.293377533, -0.193123213, 0, 2, 5, 1, 
573.867671, 61, 0.1, 0.1, 0.0153476449, 0.364374653, -0.0349696658, 0.933888321, -0.357564825, -1.7023461e-005, 0.357564825, 0.933888321, 4.21515082e-006, 1.43908218e-005, -1.0023471e-005, 1, 0.933888218, -0.357565092, -2.22666204e-005, 0.357565092, 0.933888219, -1.59084407e-005, 2.64828376e-005, 6.89493918e-006, 1, 0, 0, 0, 0, 0, 0, 0, 0.366631689, -0.144504761, -0.206000244, -0.223287325, 0.49464075, -0.839863117, -0.91027832, 0.202026367, 0.361083984, 0.348300016, 0.845259127, 0.405417873, 0, 0, -0, 0, 0, 0, 0, 0.432201904, -0.0981055664, -0.171351611, 0.123316229, 0.240357027, -0.962748296, 0.328979492, -0.925170898, -0.188842773, -0.936208318, -0.293377533, -0.193123213, 0, 2, 5, 1, 
573.86836, 61, 0.1, 0.1, 0.0153476432, 0.364374643, -0.0349716991, 0.933888862, -0.357563411, 1.17854624e-005, 0.35756341, 0.933888862, 1.34513029e-005, -1.58160058e-005, -8.34797179e-006, 1, 0.933888756, -0.357563688, 1.24068252e-005, 0.357563687, 0.933888756, 2.52276872e-005, -2.06070995e-005, -1.91236233e-005, 1, 0, 0, 0, 0, 0, 0, 0, 0.366631689, -0.144504761, -0.206000244, -0.223287325, 0.49464075, -0.839863117, -0.91027832, 0.202026367, 0.361083984, 0.348300016, 0.845259127, 0.405417873, 0, 0, -0, 0, 0, 0, 0, 0.432201904, -0.0981055664, -0.171351611, 0.123316229, 0.240357027, -0.962748296, 0.328979492, -0.925170898, -0.188842773, -0.936208318, -0.293377533, -0.193123213, 0, 2, 5, 1, 
573.869054, 61, 0.1, 0.1, 0.0153476458, 0.364374649, -0.0349730504, 0.933889413, -0.357561973, -1.35725799e-005, 0.357561972, 0.933889413, -2.03747938e-005, 1.99605401e-005, 1.41747658e-005, 1, 0.933889304, -0.357562257, -1.29005417e-005, 0.357562256, 0.933889304, -2.63696551e-005, 2.14764713e-005, 2.0013592e-005, 1, 0, 0, 0, 0, 0, 0, 0, 0.366631689, -0.144504761, -0.206000244, -0.223287325, 0.49464075, -0.839863117, -0.91027832, 0.202026367, 0.361083984, 0.348300016, 0.845259127, 0.405417873, 0, 0, -0, 0, 0, 0, 0, 0.432201904, -0.0981055664, -0.171351611, 0.123316229, 0.240357027, -0.962748296, 0.328979492, -0.925170898, -0.188842773, -0.936208318, -0.293377533, -0.193123213, 0, 2, 5, 1, 
573.869747, 61, 0.1, 0.1, 0.0153476448, 0.364374642, -0.0349733566, 0.933889959, -0.357560547, 1.83795685e-005, 0.357560546, 0.933889959, 3.05251763e-005, -2.80790932e-005, -2.19353471e-005, 0.999999999, 0.93388985, -0.357560832, 1.37732822e-005, 0.357560831, 0.93388985, 3.0046056e-005, -2.36060212e-005, -2.31349205e-005, 0.999999999, 0, 0, 0, 0, 0, 0, 0, 0.366631689, -0.144504761, -0.206000244, -0.223287325, 0.49464075, -0.839863117, -0.91027832, 0.202026367, 0.361083984, 0.348300016, 0.845259127, 0.405417873, 0, 0, -0, 0, 0, 0, 0, 0.432201904, -0.0981055664, -0.171351611, 0.123316229, 0.240357027, -0.962748296, 0.328979492, -0.925170898, -0.188842773, -0.936208318, -0.293377533, -0.193123213, 0, 2, 5, 1, 
573.870442, 61, 0.1, 0.1, 0.0153476426, 0.364374641, -0.0349726076, 0.933890506, -0.357559118, -7.95114842e-006, 0.357559118, 0.933890506, -2.54967558e-005, 1.65420995e-005, 2.09681725e-005, 1, 0.933890392, -0.357559415, 5.84213668e-007, 0.357559415, 0.933890392, -1.83554244e-005, 6.01756326e-006, 1.73508455e-005, 1, 0, 0, 0, 0, 0, 0, 0, 0.366631689, -0.144504761, -0.206000244, -0.223287325, 0.49464075, -0.839863117, -0.91027832, 0.202026367, 0.361083984, 0.348300016, 0.845259127, 0.405417873, 0, 0, -0, 0, 0, 0, 0, 0.432201904, -0.0981055664, -0.171351611, 0.123316229, 0.240357027, -0.962748296, 0.328979492, -0.925170898, -0.188842773, -0.936208318, -0.293377533, -0.193123213, 0, 2, 5, 1, 
573.871133, 61, 0.1, 0.1, 0.0153476464, 0.364374641, -0.0349710702, 0.933891056, -0.357557681, 1.9792345e-006, 0.357557681, 0.933891056, 2.63227151e-005, -1.12602784e-005, -2.38748577e-005, 1, 0.933890943, -0.357557976, -9.02991622e-006, 0.357557976, 0.933890943, 1.18253956e-005, 4.20469246e-006, -1.42723484e-005, 1, 0, 0, 0, 0, 0, 0, 0, 0.366631689, -0.144504761, -0.206000244, -0.223287325, 0.49464075, -0.839863117, -0.91027832, 0.202026367, 0.361083984, 0.348300016, 0.845259127, 0.405417873, 0, 0, -0, 0, 0, 0, 0, 0.432201904, -0.0981055664, -0.171351611, 0.123316229, 0.240357027, -0.962748296, 0.328979492, -0.925170898, -0.188842773, -0.936208318, -0.293377533, -0.193123213, 0, 2, 5, 1, 
573.871848, 61, 0.1, 0.1, 0.0153476425, 0.364374633, -0.0349690146, 0.933891632, -0.357556177, 7.52782215e-006, 0.357556177, 0.933891632, -1.0101488e-005, -3.41832067e-006, 1.21253145e-005, 1, 0.933891524, -0.35755646, 1.36142666e-005, 0.35755646, 0.933891524, 1.05765621e-005, -1.64959663e-005, -5.0094927e-006, 1, 0, 0, 0, 0, 0, 0, 0, 0.367092456, -0.144989941, -0.205362988, -0.222982911, 0.493854066, -0.840459962, -0.910522461, 0.202148437, 0.360351563, 0.347881025, 0.845754501, 0.404770852, 0, 0, -0, 0, 0, 0, 0, 0.432250244, -0.0981192383, -0.170470605, 0.123872198, 0.240459106, -0.962658977, 0.330078125, -0.924804688, -0.188476562, -0.935658912, -0.294348746, -0.193973024, 0, 2, 5, 1, 
573.872656, 61, 0.1, 0.1, 0.0153476497, 0.364374641, -0.0349666477, 0.933892293, -0.35755445, -1.86391031e-005, 0.35755445, 0.933892293, -2.20947914e-006, 1.81969239e-005, -4.60107872e-006, 1, 0.933892095, -0.357554966, -2.2756209e-005, 0.357554965, 0.933892095, -2.75496894e-005, 3.11023719e-005, 1.75918417e-005, 0.999999999, 0, 0, 0, 0, 0, 0, 0, 0.367092456, -0.144989941, -0.205362988, -0.222982911, 0.493854066, -0.840459962, -0.910522461, 0.202148437, 0.360351563, 0.347881025, 0.845754501, 0.404770852, 0, 0, -0, 0, 0, 0, 0, 0.432250244, -0.0981192383, -0.170470605, 0.123872198, 0.240459106, -0.962658977, 0.330078125, -0.924804688, -0.188476562, -0.935658912, -0.294348746, -0.193973024, 0, 2, 5, 1, 
573.873769, 61, 0.1, 0.1, 0.0153476491, 0.36437464, -0.0349585635, 0.933893296, -0.357551829, -1.17002586e-005, 0.357551829, 0.933893296, -3.38179148e-005, 2.30184504e-005, 2.7398875e-005, 0.999999999, 0.933893091, -0.357552367, 6.93456499e-006, 0.357552367, 0.93389309, -1.797559e-005, -4.89275901e-008, 1.92667494e-005, 1, 0, 0, 0, 0, 0, 0, 0, 0.367092456, -0.144989941, -0.205362988, -0.222982911, 0.493854066, -0.840459962, -0.910522461, 0.202148437, 0.360351563, 0.347881025, 0.845754501, 0.404770852, 0, 0, -0, 0, 0, 0, 0, 0.432250244, -0.0981192383, -0.170470605, 0.123872198, 0.240459106, -0.962658977, 0.330078125, -0.924804688, -0.188476562, -0.935658912, -0.294348746, -0.193973024, 0, 2, 5, 1, 
573.874933, 61, 0.1, 0.1, 0.0153476551, 0.364374631, -0.0349469756, 0.933894451, -0.357548812, 2.1957326e-005, 0.357548811, 0.933894451, 4.78888236e-005, -3.76284169e-005, -3.68722908e-005, 0.999999999, 0.933894213, -0.357549435, 5.71049971e-006, 0.357549434, 0.933894213, 4.5240271e-005, -2.15086359e-005, -4.02078413e-005, 0.999999999, 0, 0, 0, 0, 0, 0, 0, 0.36709978, -0.146171948, -0.20473916, -0.222912518, 0.49254692, -0.841247768, -0.91015625, 0.203857422, 0.360595703, 0.349105796, 0.846085124, 0.402918158, 0, 0, -0, 0, 0, 0, 0, 0.43206167, -0.0997444336, -0.169815771, 0.124530245, 0.239091972, -0.96291454, 0.328613281, -0.925537109, -0.18737793, -0.93608072, -0.293019525, -0.193877142, 0, 2, 5, 1, 
573.876084, 61, 0.1, 0.1, 0.0153476573, 0.364374638, -0.0349384002, 0.933895771, -0.357545366, -2.94003066e-005, 0.357545366, 0.933895771, -1.84202131e-005, 3.40428839e-005, 6.69061572e-006, 0.999999999, 0.933895501, -0.357546072, -2.52613834e-005, 0.357546071, 0.9338955, -3.90819196e-005, 3.75650791e-005, 2.74663205e-005, 0.999999999, 0, 0, 0, 0, 0, 0, 0, 0.36709978, -0.146171948, -0.20473916, -0.222912518, 0.49254692, -0.841247768, -0.91015625, 0.203857422, 0.360595703, 0.349105796, 0.846085124, 0.402918158, 0, 0, -0, 0, 0, 0, 0, 0.43206167, -0.0997444336, -0.169815771, 0.124530245, 0.239091972, -0.96291454, 0.328613281, -0.925537109, -0.18737793, -0.93608072, -0.293019525, -0.193877142, 0, 2, 5, 1, 
573.877202, 61, 0.1, 0.1, 0.0153476498, 0.364374619, -0.0349364654, 0.933897227, -0.357541562, 2.57897371e-005, 0.357541563, 0.933897227, -8.20352849e-006, -2.11518616e-005, 1.68821554e-005, 1, 0.933896928, -0.357542342, 3.22922986e-005, 0.357542341, 0.933896929, 3.47671203e-005, -4.25883961e-005, -2.09230428e-005, 0.999999999, 0, 0, 0, 0, 0, 0, 0, 0.36709978, -0.146171948, -0.20473916, -0.222912518, 0.49254692, -0.841247768, -0.91015625, 0.203857422, 0.360595703, 0.349105796, 0.846085124, 0.402918158, 0, 0, -0, 0, 0, 0, 0, 0.43206167, -0.0997444336, -0.169815771, 0.124530245, 0.239091972, -0.96291454, 0.328613281, -0.925537109, -0.18737793, -0.93608072, -0.293019525, -0.193877142, 0, 2, 5, 1, 
573.878331, 61, 0.1, 0.1, 0.0153476589, 0.364374625, -0.0349411847, 0.933898885, -0.357537231, 2.98493252e-006, 0.357537231, 0.933898885, 3.67467459e-005, -1.59259549e-005, -3.32505205e-005, 0.999999999, 0.933898546, -0.357538117, -2.35411472e-005, 0.357538117, 0.933898546, 1.03873702e-005, 1.82711623e-005, -1.81176074e-005, 1, 0, 0, 0, 0, 0, 0, 0, 0.36709978, -0.146171948, -0.20473916, -0.222912518, 0.49254692, -0.841247768, -0.91015625, 0.203857422, 0.360595703, 0.349105796, 0.846085124, 0.402918158, 0, 0, -0, 0, 0, 0, 0, 0.43206167, -0.0997444336, -0.169815771, 0.124530245, 0.239091972, -0.96291454, 0.328613281, -0.925537109, -0.18737793, -0.93608072, -0.293019525, -0.193877142, 0, 2, 5, 1, 
573.879488, 61, 0.1, 0.1, 0.0153476547, 0.364374627, -0.0349497714, 0.93390069, -0.357532517, -1.90564329e-005, 0.357532516, 0.93390069, -4.33541951e-005, 3.32973503e-005, 3.36752184e-005, 0.999999999, 0.933900333, -0.357533451, -4.8327354e-006, 0.35753345, 0.933900332, -3.96399177e-005, 1.86858898e-005, 3.52918678e-005, 0.999999999, 0, 0, 0, 0, 0, 0, 0, 0.366881909, -0.147392651, -0.203691187, -0.222836134, 0.490453091, -0.842454564, -0.909912109, 0.205200195, 0.360107422, 0.349588065, 0.846911122, 0.400761049, 0, 0, -0, 0, 0, 0, 0, 0.432098047, -0.101196436, -0.168944287, 0.125175533, 0.237181629, -0.963304265, 0.327758789, -0.926269531, -0.185424805, -0.936381125, -0.292361111, -0.193672619, 0, 2, 5, 1, 
573.880592, 61, 0.1, 0.1, 0.015347658, 0.36437462, -0.0349574715, 0.933902463, -0.357527885, 1.35643148e-005, 0.357527885, 0.933902463, 1.87952815e-005, -1.93875843e-005, -1.27033389e-005, 1, 0.933902108, -0.357528812, 8.75139117e-006, 0.357528812, 0.933902108, 2.99441931e-005, -1.88788545e-005, -2.48360706e-005, 1, 0, 0, 0, 0, 0, 0, 0, 0.366881909, -0.147392651, -0.203691187, -0.222836134, 0.490453091, -0.842454564, -0.909912109, 0.205200195, 0.360107422, 0.349588065, 0.846911122, 0.400761049, 0, 0, -0, 0, 0, 0, 0, 0.432098047, -0.101196436, -0.168944287, 0.125175533, 0.237181629, -0.963304265, 0.327758789, -0.926269531, -0.185424805, -0.936381125, -0.292361111, -0.193672619, 0, 2, 5, 1, 
573.88173, 61, 0.1, 0.1, 0.0153476637, 0.364374625, -0.0349616282, 0.933904267, -0.357523173, -1.45412895e-005, 0.357523173, 0.933904267, 1.2726235e-005, 9.03024837e-006, -1.70839332e-005, 1, 0.933903918, -0.357524086, -1.93223274e-005, 0.357524085, 0.933903918, -1.32929415e-005, 2.27977441e-005, 5.50613274e-006, 1, 0, 0, 0, 0, 0, 0, 0, 0.366881909, -0.147392651, -0.203691187, -0.222836134, 0.490453091, -0.842454564, -0.909912109, 0.205200195, 0.360107422, 0.349588065, 0.846911122, 0.400761049, 0, 0, -0, 0, 0, 0, 0, 0.432098047, -0.101196436, -0.168944287, 0.125175533, 0.237181629, -0.963304265, 0.327758789, -0.926269531, -0.185424805, -0.936381125, -0.292361111, -0.193672619, 0, 2, 5, 1, 
573.882861, 61, 0.1, 0.1, 0.0153476579, 0.364374617, -0.0349601396, 0.933906058, -0.357518497, -2.26208967e-006, 0.357518497, 0.933906057, -2.3317119e-005, 1.04488806e-005, 2.09672597e-005, 1, 0.933905706, -0.357519415, 1.59759121e-005, 0.357519415, 0.933905706, -5.37960656e-006, -1.29966817e-005, 1.0735744e-005, 1, 0, 0, 0, 0, 0, 0, 0, 0.366881909, -0.147392651, -0.203691187, -0.222836134, 0.490453091, -0.842454564, -0.909912109, 0.205200195, 0.360107422, 0.349588065, 0.846911122, 0.400761049, 0, 0, -0, 0, 0, 0, 0, 0.432098047, -0.101196436, -0.168944287, 0.125175533, 0.237181629, -0.963304265, 0.327758789, -0.926269531, -0.185424805, -0.936381125, -0.292361111, -0.193672619, 0, 2, 5, 1, 
573.883997, 61, 0.1, 0.1, 0.0153476593, 0.36437461, -0.034954517, 0.933907835, -0.357513853, 2.13546724e-005, 0.357513852, 0.933907835, 3.52830995e-005, -3.25574927e-005, -2.53165719e-005, 0.999999999, 0.933907447, -0.357514866, 7.64728139e-006, 0.357514866, 0.933907447, 3.45215081e-005, -1.94838054e-005, -2.95058767e-005, 0.999999999, 0, 0, 0, 0, 0, 0, 0, 0.366881909, -0.147392651, -0.203691187, -0.224251864, 0.489945734, -0.842410381, -0.91003418, 0.203735352, 0.360839844, 0.348452784, 0.847609439, 0.400259683, 0, 0, -0, 0, 0, 0, 0, 0.432098047, -0.101196436, -0.168944287, 0.125175533, 0.237181629, -0.963304265, 0.327758789, -0.926269531, -0.185424805, -0.936381125, -0.292361111, -0.193672619, 0, 2, 5, 1, 
573.885132, 61, 0.1, 0.1, 0.0153476601, 0.36437462, -0.0349472831, 0.933909636, -0.357509147, -2.42129289e-005, 0.357509147, 0.933909637, -2.42470909e-005, 3.12812444e-005, 1.39882482e-005, 0.999999999, 0.933909286, -0.357510063, -2.00000435e-005, 0.357510062, 0.933909286, -4.1504141e-005, 3.35163744e-005, 3.16108859e-005, 0.999999999, 0, 0, 0, 0, 0, 0, 0, 0.366806104, -0.147862939, -0.202797485, -0.224251864, 0.489945734, -0.842410381, -0.91003418, 0.203735352, 0.360839844, 0.348452784, 0.847609439, 0.400259683, 0, 0, -0, 0, 0, 0, 0, 0.432283447, -0.101670508, -0.168272852, 0.124357804, 0.237570987, -0.963317025, 0.330078125, -0.925415039, -0.185668945, -0.935607873, -0.294897785, -0.193551217, 0, 2, 5, 1, 
573.886254, 61, 0.1, 0.1, 0.0153476541, 0.364374608, -0.0349427426, 0.933911471, -0.357504355, 1.99769779e-005, 0.357504356, 0.933911471, -1.75589925e-005, -1.23793125e-005, 2.35404012e-005, 1, 0.933911104, -0.357505312, 2.65483363e-005, 0.357505312, 0.933911105, 2.10954488e-005, -3.23355211e-005, -1.02101026e-005, 0.999999999, 0, 0, 0, 0, 0, 0, 0, 0.366806104, -0.147862939, -0.202797485, -0.224251864, 0.489945734, -0.842410381, -0.91003418, 0.203735352, 0.360839844, 0.348452784, 0.847609439, 0.400259683, 0, 0, -0, 0, 0, 0, 0, 0.432283447, -0.101670508, -0.168272852, 0.124357804, 0.237570987, -0.963317025, 0.330078125, -0.925415039, -0.185668945, -0.935607873, -0.294897785, -0.193551217, 0, 2, 5, 1, 
573.887418, 61, 0.1, 0.1, 0.0153476657, 0.364374616, -0.0349415385, 0.933913484, -0.357499097, 9.7102551e-007, 0.357499097, 0.933913483, 3.7083932e-005, -1.4164326e-005, -3.42860434e-005, 0.999999999, 0.933913089, -0.357500128, -2.66982124e-005, 0.357500129, 0.933913089, 9.15205294e-006, 2.16619499e-005, -1.80918364e-005, 1, 0, 0, 0, 0, 0, 0, 0, 0.366962451, -0.147874536, -0.201894385, -0.225439564, 0.489679511, -0.842232525, -0.910522461, 0.201538086, 0.360961914, 0.346416242, 0.848269564, 0.400602289, 0, 0, -0, 0, 0, 0, 0, 0.432462256, -0.101686621, -0.167603125, 0.123405915, 0.238241427, -0.963317025, 0.333129883, -0.924316406, -0.185913086, -0.934725979, -0.297773144, -0.193551217, 0, 2, 5, 1, 
573.888112, 61, 0.1, 0.1, 0.0153476621, 0.364374615, -0.0349467226, 0.93391473, -0.357495842, -8.43605409e-006, 0.357495841, 0.933914729, -5.26126918e-005, 2.66873737e-005, 4.61199136e-005, 0.999999999, 0.933914485, -0.357496482, 1.03091495e-005, 0.357496482, 0.933914485, -2.59846691e-005, -3.38436282e-007, 2.79529435e-005, 1, 0, 0, 0, 0, 0, 0, 0, 0.366962451, -0.147874536, -0.201894385, -0.225439564, 0.489679511, -0.842232525, -0.910522461, 0.201538086, 0.360961914, 0.346416242, 0.848269564, 0.400602289, 0, 0, -0, 0, 0, 0, 0, 0.432462256, -0.101686621, -0.167603125, 0.123405915, 0.238241427, -0.963317025, 0.333129883, -0.924316406, -0.185913086, -0.934725979, -0.297773144, -0.193551217, 0, 2, 5, 1, 
573.888798, 61, 0.1, 0.1, 0.0153476712, 0.36437463, -0.0349581098, 0.933915914, -0.357492749, -2.08820575e-005, 0.357492749, 0.933915914, -8.83782424e-006, 2.26615439e-005, 7.88600567e-007, 1, 0.933915687, -0.357493341, -2.91682308e-005, 0.35749334, 0.933915687, -3.71302029e-005, 4.05144686e-005, 2.42490307e-005, 0.999999999, 0, 0, 0, 0, 0, 0, 0, 0.366962451, -0.147874536, -0.201894385, -0.225439564, 0.489679511, -0.842232525, -0.910522461, 0.201538086, 0.360961914, 0.346416242, 0.848269564, 0.400602289, 0, 0, -0, 0, 0, 0, 0, 0.432462256, -0.101686621, -0.167603125, 0.123405915, 0.238241427, -0.963317025, 0.333129883, -0.924316406, -0.185913086, -0.934725979, -0.297773144, -0.193551217, 0, 2, 5, 1, 
573.889483, 61, 0.1, 0.1, 0.0153476695, 0.364374607, -0.0349718163, 0.933916975, -0.357489977, 1.02004488e-005, 0.357489975, 0.933916973, 8.03639371e-005, -3.82556742e-005, -7.14066869e-005, 0.999999997, 0.933916773, -0.357490504, 9.25197639e-006, 0.357490502, 0.933916771, 7.98088429e-005, -3.71714794e-005, -7.12273233e-005, 0.999999997, 0, 0, 0, 0, 0, 0, 0, 0.366962451, -0.147874536, -0.201894385, -0.225439564, 0.489679511, -0.842232525, -0.910522461, 0.201538086, 0.360961914, 0.346416242, 0.848269564, 0.400602289, 0, 0, -0, 0, 0, 0, 0, 0.432462256, -0.101686621, -0.167603125, 0.123405915, 0.238241427, -0.963317025, 0.333129883, -0.924316406, -0.185913086, -0.934725979, -0.297773144, -0.193551217, 0, 2, 5, 1, 
573.890162, 61, 0.1, 0.1, 0.0153476689, 0.364374593, -0.0349837418, 0.933917938, -0.357487461, -8.41164341e-006, 0.357487461, 0.933917938, -2.11970914e-006, 8.61355411e-006, -1.02742265e-006, 1, 0.933917753, -0.357487944, -2.11530857e-006, 0.357487944, 0.933917753, 2.23916353e-005, -6.02921544e-006, -2.16681431e-005, 1, 0, 0, 0, 0, 0, 0, 0, 0.366962451, -0.147874536, -0.201894385, -0.225439564, 0.489679511, -0.842232525, -0.910522461, 0.201538086, 0.360961914, 0.346416242, 0.848269564, 0.400602289, 0, 0, -0, 0, 0, 0, 0, 0.432462256, -0.101686621, -0.167603125, 0.123405915, 0.238241427, -0.963317025, 0.333129883, -0.924316406, -0.185913086, -0.934725979, -0.297773144, -0.193551217, 0, 2, 5, 1, 
573.890862, 61, 0.1, 0.1, 0.0153476737, 0.364374614, -0.0349907906, 0.933918739, -0.357485368, -1.5023511e-005, 0.357485365, 0.933918736, -8.84336348e-005, 4.56444689e-005, 7.72191434e-005, 0.999999996, 0.933918596, -0.357485743, -1.46249619e-005, 0.357485741, 0.933918593, -7.96625659e-005, 4.21367554e-005, 6.91701364e-005, 0.999999997, 0, 0, 0, 0, 0, 0, 0, 0.366962451, -0.147874536, -0.201894385, -0.225439564, 0.489679511, -0.842232525, -0.910522461, 0.201538086, 0.360961914, 0.346416242, 0.848269564, 0.400602289, 0, 0, -0, 0, 0, 0, 0, 0.432462256, -0.101686621, -0.167603125, 0.123405915, 0.238241427, -0.963317025, 0.333129883, -0.924316406, -0.185913086, -0.934725979, -0.297773144, -0.193551217, 0, 2, 5, 1, 
573.89157, 61, 0.1, 0.1, 0.0153476789, 0.364374645, -0.034991163, 0.93391943, -0.357483562, -1.64735943e-005, 0.35748356, 0.933919428, -7.76005204e-005, 4.31259202e-005, 6.65835946e-005, 0.999999997, 0.933919285, -0.357483941, -1.63593459e-005, 0.357483939, 0.933919282, -8.7231643e-005, 4.64622201e-005, 7.56191103e-005, 0.999999996, 0, 0, 0, 0, 0, 0, 0, 0.366071777, -0.147593677, -0.202247363, -0.229729817, 0.49080281, -0.840430005, -0.909667969, 0.198486328, 0.364624023, 0.345859832, 0.848338835, 0.40105835, 0, 0, -0, 0, 0, 0, 0, 0.432462256, -0.101686621, -0.167603125, 0.119565906, 0.239991723, -0.963354937, 0.335205078, -0.922973633, -0.188354492, -0.934393124, -0.300412263, -0.190854862, 0, 2, 5, 1, 
573.892263, 61, 0.1, 0.1, 0.0153476825, 0.364374655, -0.0349851749, 0.933920074, -0.357481881, -6.2357118e-006, 0.357481881, 0.933920074, 1.14629719e-005, 1.72585167e-006, -1.29346536e-005, 1, 0.933919948, -0.35748221, -1.07993505e-005, 0.35748221, 0.933919948, -1.18091114e-005, 1.43072762e-005, 7.16818904e-006, 1, 0, 0, 0, 0, 0, 0, 0, 0.366071777, -0.147593677, -0.202247363, -0.229729817, 0.49080281, -0.840430005, -0.909667969, 0.198486328, 0.364624023, 0.345859832, 0.848338835, 0.40105835, 0, 0, -0, 0, 0, 0, 0, 0.431322217, -0.101403076, -0.16799541, 0.119565906, 0.239991723, -0.963354937, 0.335205078, -0.922973633, -0.188354492, -0.934393124, -0.300412263, -0.190854862, 0, 2, 5, 1, 
573.892949, 61, 0.1, 0.1, 0.0153476783, 0.364374638, -0.0349754572, 0.933920713, -0.357480212, 1.52792381e-005, 0.35748021, 0.933920712, 5.44534267e-005, -3.37356194e-005, -4.53931578e-005, 0.999999998, 0.933920593, -0.357480524, 1.50191537e-005, 0.357480523, 0.933920592, 5.85087087e-005, -3.49424208e-005, -4.9273433e-005, 0.999999998, 0, 0, 0, 0, 0, 0, 0, 0.366071777, -0.147593677, -0.202247363, -0.229729817, 0.49080281, -0.840430005, -0.909667969, 0.198486328, 0.364624023, 0.345859832, 0.848338835, 0.40105835, 0, 0, -0, 0, 0, 0, 0, 0.431322217, -0.101403076, -0.16799541, 0.119565906, 0.239991723, -0.963354937, 0.335205078, -0.922973633, -0.188354492, -0.934393124, -0.300412263, -0.190854862, 0, 2, 5, 1, 
573.893642, 61, 0.1, 0.1, 0.0153476782, 0.364374639, -0.0349650417, 0.933921303, -0.35747867, -1.6354607e-005, 0.357478669, 0.933921302, -5.25432708e-005, 3.40570144e-005, 4.32248568e-005, 0.999999998, 0.933921191, -0.357478962, -9.4788885e-006, 0.357478962, 0.933921191, -3.09603241e-005, 1.99201994e-005, 2.55259996e-005, 0.999999999, 0, 0, 0, 0, 0, 0, 0, 0.366071777, -0.147593677, -0.202247363, -0.229729817, 0.49080281, -0.840430005, -0.909667969, 0.198486328, 0.364624023, 0.345859832, 0.848338835, 0.40105835, 0, 0, -0, 0, 0, 0, 0, 0.431322217, -0.101403076, -0.16799541, 0.119565906, 0.239991723, -0.963354937, 0.335205078, -0.922973633, -0.188354492, -0.934393124, -0.300412263, -0.190854862, 0, 2, 5, 1, 
573.894332, 61, 0.1, 0.1, 0.015347682, 0.364374655, -0.0349570415, 0.933921827, -0.357477302, 2.34699257e-006, 0.357477302, 0.933921827, -9.46867909e-006, 1.19293026e-006, 9.68200265e-006, 1, 0.933921727, -0.357477562, -8.6067883e-006, 0.357477561, 0.933921727, -3.77789872e-005, 2.15432068e-005, 3.22058833e-005, 0.999999999, 0, 0, 0, 0, 0, 0, 0, 0.366071777, -0.147593677, -0.202247363, -0.229729817, 0.49080281, -0.840430005, -0.909667969, 0.198486328, 0.364624023, 0.345859832, 0.848338835, 0.40105835, 0, 0, -0, 0, 0, 0, 0, 0.431322217, -0.101403076, -0.16799541, 0.119565906, 0.239991723, -0.963354937, 0.335205078, -0.922973633, -0.188354492, -0.934393124, -0.300412263, -0.190854862, 0, 2, 5, 1, 
573.89502, 61, 0.1, 0.1, 0.0153476724, 0.364374634, -0.0349534117, 0.933922287, -0.357476098, 2.49163978e-005, 0.357476096, 0.933922286, 6.22040777e-005, -4.55064502e-005, -4.91867579e-005, 0.999999998, 0.933922202, -0.357476321, 2.98441691e-005, 0.357476318, 0.933922201, 7.17644438e-005, -5.35262214e-005, -5.63538237e-005, 0.999999997, 0, 0, 0, 0, 0, 0, 0, 0.366071777, -0.147593677, -0.202247363, -0.229729817, 0.49080281, -0.840430005, -0.909667969, 0.198486328, 0.364624023, 0.345859832, 0.848338835, 0.40105835, 0, 0, -0, 0, 0, 0, 0, 0.431322217, -0.101403076, -0.16799541, 0.119565906, 0.239991723, -0.963354937, 0.335205078, -0.922973633, -0.188354492, -0.934393124, -0.300412263, -0.190854862, 0, 2, 5, 1, 
573.895714, 61, 0.1, 0.1, 0.0153476759, 0.364374642, -0.0349547656, 0.93392269, -0.357475046, -3.32471873e-005, 0.357475042, 0.933922689, -7.70873389e-005, 5.86071025e-005, 6.01085752e-005, 0.999999996, 0.933922615, -0.357475242, -2.63572234e-005, 0.35747524, 0.933922614, -6.06373007e-005, 4.62919407e-005, 4.72084917e-005, 0.999999998, 0, 0, 0, 0, 0, 0, 0, 0.366071777, -0.147593677, -0.202247363, -0.229729817, 0.49080281, -0.840430005, -0.909667969, 0.198486328, 0.364624023, 0.345859832, 0.848338835, 0.40105835, 0, 0, -0, 0, 0, 0, 0, 0.431322217, -0.101403076, -0.16799541, 0.119565906, 0.239991723, -0.963354937, 0.335205078, -0.922973633, -0.188354492, -0.934393124, -0.300412263, -0.190854862, 0, 2, 5, 1, 
