time, trialNum, realDorsalTactorPos, realVentralTactorPos, boxPosX, boxPosY, boxPosZ, boxLocalRot_11, boxLocalRot_12, boxLocalRot_13, boxLocalRot_21, boxLocalRot_22, boxLocalRot_23, boxLocalRot_31, boxLocalRot_32, boxLocalRot_33, boxGlobalRot_11, boxGlobalRot_12, boxGlobalRot_13, boxGlobalRot_21, boxGlobalRot_22, boxGlobalRot_23, boxGlobalRot_31, boxGlobalRot_32, boxGlobalRot_33, indexForceX, indexForceY, indexForceZ, indexForceGlobalX, indexForceGlobalY, indexForceGlobalZ, indexContact, indexPosX, indexPosY, indexPosZ, indexRot_11, indexRot_12, indexRot_13, indexRot_21, indexRot_22, indexRot_23, indexRot_31, indexRot_32, indexRot_33, thumbForceX, thumbForceY, thumbForceZ, thumbForceGlobalX, thumbForceGlobalY, thumbForceGlobalZ, thumbContact, thumbPosX, thumbPosY, thumbPosZ, thumbRot_11, thumbRot_12, thumbRot_13, thumbRot_21, thumbRot_22, thumbRot_23, thumbRot_31, thumbRot_32, thumbRot_33, manipForceTooHigh, cceExpType, mapping, trialSuccess, 
343.441307, 39, 0.1, 0.1, 0.021099796, 0.372056938, -0.0349790094, 0.964729512, 8.51435146e-006, 0.263243175, 0.263243175, 8.73139676e-006, -0.964729512, -1.05125267e-005, 1, 6.18209122e-006, 0.964729524, -1.17156102e-007, 0.26324313, 0.26324313, -4.58195921e-006, -0.964729524, 1.31919323e-006, 1, -4.38951079e-006, 0, 0, 0, 0, 0, 0, 0, 0.336879517, -0.126952222, -0.233735034, -0.208045247, 0.655964502, -0.725447383, -0.933349609, 0.0885009766, 0.34765625, 0.2923706, 0.749507736, 0.594065507, 0, 0, -0, 0, 0, 0, 0, 0.402095508, -0.0818888184, -0.182157178, 0.251593313, 0.458173314, -0.852413777, 0.481689453, -0.823242188, -0.300292969, -0.839383553, -0.334924042, -0.427748464, 0, 2, 3, 1, 
343.49197, 39, 0.1, 0.1, 0.0210998021, 0.37205693, -0.0349612234, 0.964728341, -3.98246656e-006, 0.263247464, 0.263247464, -2.33138019e-005, -0.964728341, 9.97929757e-006, 1, -2.14431112e-005, 0.964728316, -5.47560487e-006, 0.263247559, 0.263247558, -2.57645333e-005, -0.964728315, 1.20649215e-005, 1, -2.34143352e-005, 0, 0, 0, 0, 0, 0, 0, 0.343424292, -0.138042505, -0.234008618, -0.214367911, 0.643544553, -0.734741554, -0.937133789, 0.0762939453, 0.340332031, 0.275080405, 0.761609401, 0.586886124, 0, 0, -0, 0, 0, 0, 0, 0.408315771, -0.0903627441, -0.182318945, 0.247786854, 0.44938389, -0.858157932, 0.501342773, -0.817504883, -0.283325195, -0.828859527, -0.359905419, -0.427983971, 0, 2, 3, 1, 
343.492696, 39, 0.1, 0.1, 0.0210997972, 0.372056926, -0.0349637458, 0.964728466, 1.36315169e-005, 0.263247008, 0.263247008, 1.58831897e-005, -0.964728466, -1.73319146e-005, 1, 1.17345092e-005, 0.964728444, 1.87927553e-005, 0.263247088, 0.263247087, 2.20188543e-005, -0.964728444, -2.39263048e-005, 1, 1.6295077e-005, 0, 0, 0, 0, 0, 0, 0, 0.345422485, -0.137896045, -0.23340603, -0.214287779, 0.641946097, -0.736067795, -0.938598633, 0.0731201172, 0.336914063, 0.270124036, 0.763222083, 0.58709618, 0, 0, -0, 0, 0, 0, 0, 0.4095521, -0.090653125, -0.181894678, 0.249090555, 0.448968279, -0.857992054, 0.503417969, -0.816894531, -0.28125, -0.82724959, -0.361790242, -0.429562192, 0, 2, 3, 1, 
343.493392, 39, 0.1, 0.1, 0.0210998021, 0.372056934, -0.0349676299, 0.964728564, -2.23439049e-005, 0.263246647, 0.263246646, -3.26382931e-005, -0.964728564, 3.01477245e-005, 0.999999999, -2.56051356e-005, 0.964728545, -2.31334347e-005, 0.263246718, 0.263246717, -3.54196157e-005, -0.964728545, 3.16415824e-005, 0.999999999, -2.80805136e-005, 0, 0, 0, 0, 0, 0, 0, 0.345422485, -0.137896045, -0.23340603, -0.214287779, 0.641946097, -0.736067795, -0.938598633, 0.0731201172, 0.336914063, 0.270124036, 0.763222083, 0.58709618, 0, 0, -0, 0, 0, 0, 0, 0.4095521, -0.090653125, -0.181894678, 0.249090555, 0.448968279, -0.857992054, 0.503417969, -0.816894531, -0.28125, -0.82724959, -0.361790242, -0.429562192, 0, 2, 3, 1, 
343.49409, 39, 0.1, 0.1, 0.021099801, 0.37205693, -0.0349718073, 0.964728654, 1.96569528e-005, 0.263246316, 0.263246315, 3.67470129e-005, -0.964728654, -2.86371414e-005, 0.999999999, 3.0276276e-005, 0.964728637, 1.43484164e-005, 0.263246379, 0.263246378, 2.94251748e-005, -0.964728637, -2.1588399e-005, 0.999999999, 2.46101401e-005, 0, 0, 0, 0, 0, 0, 0, 0.345422485, -0.137896045, -0.23340603, -0.214287779, 0.641946097, -0.736067795, -0.938598633, 0.0731201172, 0.336914063, 0.270124036, 0.763222083, 0.58709618, 0, 0, -0, 0, 0, 0, 0, 0.4095521, -0.090653125, -0.181894678, 0.249090555, 0.448968279, -0.857992054, 0.503417969, -0.816894531, -0.28125, -0.82724959, -0.361790242, -0.429562192, 0, 2, 3, 1, 
343.494787, 39, 0.1, 0.1, 0.0210997974, 0.372056925, -0.0349750427, 0.964728739, -7.63749732e-006, 0.263246005, 0.263246005, -1.63077208e-005, -0.964728739, 1.16610555e-005, 1, -1.37219862e-005, 0.964728724, 4.38124297e-006, 0.263246064, 0.263246064, 4.56824472e-006, -0.964728724, -5.42928338e-006, 1, 3.25377193e-006, 0, 0, 0, 0, 0, 0, 0, 0.345422485, -0.137896045, -0.23340603, -0.214287779, 0.641946097, -0.736067795, -0.938598633, 0.0731201172, 0.336914063, 0.270124036, 0.763222083, 0.58709618, 0, 0, -0, 0, 0, 0, 0, 0.4095521, -0.090653125, -0.181894678, 0.249090555, 0.448968279, -0.857992054, 0.503417969, -0.816894531, -0.28125, -0.82724959, -0.361790242, -0.429562192, 0, 2, 3, 1, 
343.495482, 39, 0.1, 0.1, 0.0210998047, 0.372056937, -0.0349764712, 0.964728817, -1.88522427e-005, 0.26324572, 0.263245719, -3.00789554e-005, -0.964728817, 2.61054581e-005, 0.999999999, -2.40552629e-005, 0.964728802, -2.36489947e-005, 0.263245775, 0.263245774, -3.8486364e-005, -0.964728802, 3.29462391e-005, 0.999999999, -3.09034059e-005, 0, 0, 0, 0, 0, 0, 0, 0.345422485, -0.137896045, -0.23340603, -0.214287779, 0.641946097, -0.736067795, -0.938598633, 0.0731201172, 0.336914063, 0.270124036, 0.763222083, 0.58709618, 0, 0, -0, 0, 0, 0, 0, 0.4095521, -0.090653125, -0.181894678, 0.249090555, 0.448968279, -0.857992054, 0.503417969, -0.816894531, -0.28125, -0.82724959, -0.361790242, -0.429562192, 0, 2, 3, 1, 
343.496177, 39, 0.1, 0.1, 0.0210998031, 0.372056934, -0.0349757951, 0.964728887, 1.3052835e-005, 0.263245465, 0.263245465, 2.11153731e-005, -0.964728887, -1.81509732e-005, 1, 1.69345108e-005, 0.964728874, 1.23651104e-005, 0.263245514, 0.263245513, 2.01372747e-005, -0.964728873, -1.72300263e-005, 1, 1.61719505e-005, 0, 0, 0, 0, 0, 0, 0, 0.345422485, -0.137896045, -0.23340603, -0.214287779, 0.641946097, -0.736067795, -0.938598633, 0.0731201172, 0.336914063, 0.270124036, 0.763222083, 0.58709618, 0, 0, -0, 0, 0, 0, 0, 0.4095521, -0.090653125, -0.181894678, 0.249090555, 0.448968279, -0.857992054, 0.503417969, -0.816894531, -0.28125, -0.82724959, -0.361790242, -0.429562192, 0, 2, 3, 1, 
343.496877, 39, 0.1, 0.1, 0.0210998039, 0.372056936, -0.0349733037, 0.964728949, -1.21513387e-005, 0.263245237, 0.263245237, -1.97681781e-005, -0.964728949, 1.6926627e-005, 1, -1.58721516e-005, 0.964728937, -1.05900082e-005, 0.26324528, 0.26324528, -1.72110983e-005, -0.964728937, 1.47472278e-005, 1, -1.38162749e-005, 0, 0, 0, 0, 0, 0, 0, 0.345422485, -0.137896045, -0.23340603, -0.214287779, 0.641946097, -0.736067795, -0.938598633, 0.0731201172, 0.336914063, 0.270124036, 0.763222083, 0.58709618, 0, 0, -0, 0, 0, 0, 0, 0.4095521, -0.090653125, -0.181894678, 0.249090555, 0.448968279, -0.857992054, 0.503417969, -0.816894531, -0.28125, -0.82724959, -0.361790242, -0.429562192, 0, 2, 3, 1, 
343.497603, 39, 0.1, 0.1, 0.0210998028, 0.372056934, -0.0349694384, 0.964729004, 1.24311543e-005, 0.263245035, 0.263245035, 2.02602517e-005, -0.964729004, -1.73261058e-005, 1, 1.62732128e-005, 0.964728994, 1.15662016e-005, 0.263245072, 0.263245071, 1.8772389e-005, -0.964728994, -1.60999889e-005, 1, 1.50655224e-005, 0, 0, 0, 0, 0, 0, 0, 0.346223193, -0.139119556, -0.232657959, -0.2116484, 0.639744805, -0.738803776, -0.939575195, 0.0747070312, 0.333862305, 0.268840856, 0.764930245, 0.585428454, 0, 0, -0, 0, 0, 0, 0, 0.410328271, -0.091464209, -0.181503125, 0.250496335, 0.447089653, -0.858682184, 0.50378418, -0.817504883, -0.278686523, -0.826610865, -0.362601407, -0.430002955, 0, 2, 3, 1, 
343.498296, 39, 0.1, 0.1, 0.021099805, 0.372056938, -0.034965999, 0.964729048, -1.76959426e-005, 0.263244873, 0.263244872, -3.01887261e-005, -0.964729048, 2.50188172e-005, 0.999999999, -2.44655748e-005, 0.96472904, -1.6211525e-005, 0.263244903, 0.263244902, -2.71272974e-005, -0.96472904, 2.27808517e-005, 1, -2.19028902e-005, 0, 0, 0, 0, 0, 0, 0, 0.346223193, -0.139119556, -0.232657959, -0.2116484, 0.639744805, -0.738803776, -0.939575195, 0.0747070312, 0.333862305, 0.268840856, 0.764930245, 0.585428454, 0, 0, -0, 0, 0, 0, 0, 0.410328271, -0.091464209, -0.181503125, 0.250496335, 0.447089653, -0.858682184, 0.50378418, -0.817504883, -0.278686523, -0.826610865, -0.362601407, -0.430002955, 0, 2, 3, 1, 
343.498996, 39, 0.1, 0.1, 0.0210998044, 0.372056937, -0.0349637683, 0.964729085, 1.28648371e-005, 0.263244737, 0.263244737, 2.2025946e-005, -0.964729085, -1.82092969e-005, 1, 1.78624701e-005, 0.964729079, 1.1419783e-005, 0.263244762, 0.263244762, 1.88467025e-005, -0.964729079, -1.59782925e-005, 1, 1.51757639e-005, 0, 0, 0, 0, 0, 0, 0, 0.346223193, -0.139119556, -0.232657959, -0.2116484, 0.639744805, -0.738803776, -0.939575195, 0.0747070312, 0.333862305, 0.268840856, 0.764930245, 0.585428454, 0, 0, -0, 0, 0, 0, 0, 0.410328271, -0.091464209, -0.181503125, 0.250496335, 0.447089653, -0.858682184, 0.50378418, -0.817504883, -0.278686523, -0.826610865, -0.362601407, -0.430002955, 0, 2, 3, 1, 
343.499691, 39, 0.1, 0.1, 0.0210998068, 0.372056941, -0.0349634183, 0.964729115, -1.8682186e-005, 0.263244629, 0.263244628, -3.14923722e-005, -0.964729115, 2.63134466e-005, 0.999999999, -2.54636232e-005, 0.96472911, -1.72871144e-005, 0.263244648, 0.263244648, -2.82396499e-005, -0.964729109, 2.41113192e-005, 0.999999999, -2.26928719e-005, 0, 0, 0, 0, 0, 0, 0, 0.346223193, -0.139119556, -0.232657959, -0.2116484, 0.639744805, -0.738803776, -0.939575195, 0.0747070312, 0.333862305, 0.268840856, 0.764930245, 0.585428454, 0, 0, -0, 0, 0, 0, 0, 0.410328271, -0.091464209, -0.181503125, 0.250496335, 0.447089653, -0.858682184, 0.50378418, -0.817504883, -0.278686523, -0.826610865, -0.362601407, -0.430002955, 0, 2, 3, 1, 
343.500396, 39, 0.1, 0.1, 0.0210998059, 0.37205694, -0.0349648424, 0.964729138, 1.45433056e-005, 0.263244545, 0.263244544, 2.39554245e-005, -0.964729138, -2.03364855e-005, 1, 1.92820502e-005, 0.964729134, 1.25817206e-005, 0.26324456, 0.263244559, 2.00594427e-005, -0.964729134, -1.74184915e-005, 1, 1.60398593e-005, 0, 0, 0, 0, 0, 0, 0, 0.346223193, -0.139119556, -0.232657959, -0.2116484, 0.639744805, -0.738803776, -0.939575195, 0.0747070312, 0.333862305, 0.268840856, 0.764930245, 0.585428454, 0, 0, -0, 0, 0, 0, 0, 0.410328271, -0.091464209, -0.181503125, 0.250496335, 0.447089653, -0.858682184, 0.50378418, -0.817504883, -0.278686523, -0.826610865, -0.362601407, -0.430002955, 0, 2, 3, 1, 
343.501091, 39, 0.1, 0.1, 0.0210998072, 0.372056941, -0.0349675093, 0.964729155, -1.49840905e-005, 0.263244482, 0.263244482, -2.23642941e-005, -0.964729155, 2.0342866e-005, 1, -1.76310074e-005, 0.964729152, -1.31865229e-005, 0.263244494, 0.263244494, -1.94992722e-005, -0.964729152, 1.78544991e-005, 1, -1.53402368e-005, 0, 0, 0, 0, 0, 0, 0, 0.346223193, -0.139119556, -0.232657959, -0.2116484, 0.639744805, -0.738803776, -0.939575195, 0.0747070312, 0.333862305, 0.268840856, 0.764930245, 0.585428454, 0, 0, -0, 0, 0, 0, 0, 0.410328271, -0.091464209, -0.181503125, 0.250496335, 0.447089653, -0.858682184, 0.50378418, -0.817504883, -0.278686523, -0.826610865, -0.362601407, -0.430002955, 0, 2, 3, 1, 
343.501804, 39, 0.1, 0.1, 0.0210998061, 0.372056939, -0.0349706099, 0.964729169, 1.39660085e-005, 0.263244431, 0.26324443, 2.3386383e-005, -0.964729169, -1.96297509e-005, 1, 1.88850519e-005, 0.964729166, 1.15989811e-005, 0.263244442, 0.263244442, 2.00970221e-005, -0.964729166, -1.64803047e-005, 1, 1.63348161e-005, 0, 0, 0, 0, 0, 0, 0, 0.346223193, -0.139119556, -0.232657959, -0.210779341, 0.637765551, -0.740676689, -0.939941406, 0.0755615234, 0.332519531, 0.268085251, 0.766479647, 0.583747623, 0, 0, -0, 0, 0, 0, 0, 0.410328271, -0.091464209, -0.181503125, 0.250496335, 0.447089653, -0.858682184, 0.50378418, -0.817504883, -0.278686523, -0.826610865, -0.362601407, -0.430002955, 0, 2, 3, 1, 
343.502519, 39, 0.1, 0.1, 0.0210998061, 0.372056939, -0.0349728328, 0.964729182, -9.84683907e-006, 0.263244384, 0.263244384, -1.63543733e-005, -0.964729182, 1.38047299e-005, 1, -1.3185416e-005, 0.964729179, -8.3321728e-006, 0.263244393, 0.263244393, -1.38581704e-005, -0.964729179, 1.16863759e-005, 1, -1.11759836e-005, 0, 0, 0, 0, 0, 0, 0, 0.346711792, -0.139885718, -0.232089062, -0.210779341, 0.637765551, -0.740676689, -0.939941406, 0.0755615234, 0.332519531, 0.268085251, 0.766479647, 0.583747623, 0, 0, -0, 0, 0, 0, 0, 0.410574951, -0.0918656738, -0.181331152, 0.250688099, 0.44493614, -0.859583034, 0.504394531, -0.817993164, -0.276245117, -0.826099739, -0.364300663, -0.429606668, 0, 2, 3, 1, 
343.503215, 39, 0.1, 0.1, 0.0210998046, 0.372056936, -0.0349738725, 0.964729191, 1.25172033e-005, 0.263244348, 0.263244348, 2.13901852e-005, -0.964729191, -1.77065568e-005, 1, 1.73406531e-005, 0.96472919, 1.13902987e-005, 0.263244355, 0.263244355, 1.90554684e-005, -0.96472919, -1.60047981e-005, 1, 1.53849347e-005, 0, 0, 0, 0, 0, 0, 0, 0.346711792, -0.139885718, -0.232089062, -0.210779341, 0.637765551, -0.740676689, -0.939941406, 0.0755615234, 0.332519531, 0.268085251, 0.766479647, 0.583747623, 0, 0, -0, 0, 0, 0, 0, 0.410574951, -0.0918656738, -0.181331152, 0.250688099, 0.44493614, -0.859583034, 0.504394531, -0.817993164, -0.276245117, -0.826099739, -0.364300663, -0.429606668, 0, 2, 3, 1, 
343.503909, 39, 0.1, 0.1, 0.0210998052, 0.372056937, -0.0349736128, 0.964729198, -1.01307439e-005, 0.263244323, 0.263244323, -1.73107958e-005, -0.964729198, 1.43303932e-005, 1, -1.40333694e-005, 0.964729197, -8.9994471e-006, 0.263244328, 0.263244328, -1.48378884e-005, -0.964729197, 1.25880193e-005, 1, -1.19454908e-005, 0, 0, 0, 0, 0, 0, 0, 0.346711792, -0.139885718, -0.232089062, -0.210779341, 0.637765551, -0.740676689, -0.939941406, 0.0755615234, 0.332519531, 0.268085251, 0.766479647, 0.583747623, 0, 0, -0, 0, 0, 0, 0, 0.410574951, -0.0918656738, -0.181331152, 0.250688099, 0.44493614, -0.859583034, 0.504394531, -0.817993164, -0.276245117, -0.826099739, -0.364300663, -0.429606668, 0, 2, 3, 1, 
343.504609, 39, 0.1, 0.1, 0.0210998036, 0.372056935, -0.0349721765, 0.964729202, 1.25131473e-005, 0.263244308, 0.263244308, 2.09369357e-005, -0.964729202, -1.75833278e-005, 1, 1.69044585e-005, 0.964729202, 1.16428952e-005, 0.263244311, 0.263244311, 1.8888036e-005, -0.964729202, -1.6204409e-005, 1, 1.5156914e-005, 0, 0, 0, 0, 0, 0, 0, 0.346711792, -0.139885718, -0.232089062, -0.210779341, 0.637765551, -0.740676689, -0.939941406, 0.0755615234, 0.332519531, 0.268085251, 0.766479647, 0.583747623, 0, 0, -0, 0, 0, 0, 0, 0.410574951, -0.0918656738, -0.181331152, 0.250688099, 0.44493614, -0.859583034, 0.504394531, -0.817993164, -0.276245117, -0.826099739, -0.364300663, -0.429606668, 0, 2, 3, 1, 
343.505318, 39, 0.1, 0.1, 0.021099805, 0.372056937, -0.0349698446, 0.964729204, -1.36460316e-005, 0.263244304, 0.263244304, -2.31384959e-005, -0.964729204, 1.92558024e-005, 1, -1.87301426e-005, 0.964729204, -1.24755949e-005, 0.263244304, 0.263244304, -2.05368562e-005, -0.964729203, 1.74417812e-005, 1, -1.65283756e-005, 0, 0, 0, 0, 0, 0, 0, 0.346711792, -0.139885718, -0.232089062, -0.210779341, 0.637765551, -0.740676689, -0.939941406, 0.0755615234, 0.332519531, 0.268085251, 0.766479647, 0.583747623, 0, 0, -0, 0, 0, 0, 0, 0.410510254, -0.0924056641, -0.181363867, 0.249704126, 0.443983884, -0.860439042, 0.505004883, -0.817871094, -0.275390625, -0.826080416, -0.365750919, -0.428469211, 0, 2, 3, 1, 
343.506054, 39, 0.1, 0.1, 0.0210998034, 0.372056934, -0.0349671544, 0.964729202, 1.44292314e-005, 0.26324431, 0.263244309, 2.42096437e-005, -0.964729202, -2.02933518e-005, 1, 1.95573372e-005, 0.964729203, 1.3263665e-005, 0.263244308, 0.263244308, 2.15117612e-005, -0.964729202, -1.84586936e-005, 1, 1.72614399e-005, 0, 0, 0, 0, 0, 0, 0, 0.346711792, -0.139885718, -0.232089062, -0.210779341, 0.637765551, -0.740676689, -0.939941406, 0.0755615234, 0.332519531, 0.268085251, 0.766479647, 0.583747623, 0, 0, -0, 0, 0, 0, 0, 0.410510254, -0.0924056641, -0.181363867, 0.249704126, 0.443983884, -0.860439042, 0.505004883, -0.817871094, -0.275390625, -0.826080416, -0.365750919, -0.428469211, 0, 2, 3, 1, 
343.506788, 39, 0.1, 0.1, 0.0210998058, 0.372056938, -0.0349649069, 0.964729198, -1.8434108e-005, 0.263244326, 0.263244325, -3.17616069e-005, -0.964729197, 2.6144985e-005, 0.999999999, -2.57886752e-005, 0.964729199, -1.72855732e-005, 0.263244322, 0.263244321, -2.88313559e-005, -0.964729198, 2.42655879e-005, 0.999999999, -2.32641219e-005, 0, 0, 0, 0, 0, 0, 0, 0.346711792, -0.139885718, -0.232089062, -0.210779341, 0.637765551, -0.740676689, -0.939941406, 0.0755615234, 0.332519531, 0.268085251, 0.766479647, 0.583747623, 0, 0, -0, 0, 0, 0, 0, 0.410510254, -0.0924056641, -0.181363867, 0.249704126, 0.443983884, -0.860439042, 0.505004883, -0.817871094, -0.275390625, -0.826080416, -0.365750919, -0.428469211, 0, 2, 3, 1, 
343.507498, 39, 0.1, 0.1, 0.0210998049, 0.372056938, -0.0349639123, 0.96472919, 1.46210641e-005, 0.263244352, 0.263244352, 2.28104767e-005, -0.96472919, -2.01100965e-005, 1, 1.81570202e-005, 0.964729192, 1.27187769e-005, 0.263244347, 0.263244347, 1.9097592e-005, -0.964729192, -1.72975085e-005, 1, 1.50758583e-005, 0, 0, 0, 0, 0, 0, 0, 0.346666992, -0.140338306, -0.232310229, -0.211686592, 0.637644984, -0.740613409, -0.939575195, 0.0754394531, 0.333496094, 0.268599721, 0.766498743, 0.583366825, 0, 0, -0, 0, 0, 0, 0, 0.410510254, -0.0924056641, -0.181363867, 0.249704126, 0.443983884, -0.860439042, 0.505004883, -0.817871094, -0.275390625, -0.826080416, -0.365750919, -0.428469211, 0, 2, 3, 1, 
343.508199, 39, 0.1, 0.1, 0.0210998066, 0.37205694, -0.0349646392, 0.964729181, -1.72001504e-005, 0.263244387, 0.263244386, -2.70300892e-005, -0.964729181, 2.37090063e-005, 0.999999999, -2.15488728e-005, 0.964729183, -1.53637105e-005, 0.26324438, 0.26324438, -2.42017312e-005, -0.964729183, 2.11927896e-005, 1, -1.93037059e-005, 0, 0, 0, 0, 0, 0, 0, 0.346666992, -0.140338306, -0.232310229, -0.211686592, 0.637644984, -0.740613409, -0.939575195, 0.0754394531, 0.333496094, 0.268599721, 0.766498743, 0.583366825, 0, 0, -0, 0, 0, 0, 0, 0.410510254, -0.0924056641, -0.181363867, 0.249704126, 0.443983884, -0.860439042, 0.505004883, -0.817871094, -0.275390625, -0.826080416, -0.365750919, -0.428469211, 0, 2, 3, 1, 
343.508899, 39, 0.1, 0.1, 0.0210998056, 0.372056938, -0.0349666971, 0.964729172, 1.54502712e-005, 0.263244421, 0.26324442, 2.47887891e-005, -0.964729172, -2.14308378e-005, 1, 1.98472703e-005, 0.964729173, 1.29658539e-005, 0.263244415, 0.263244414, 2.12929216e-005, -0.964729173, -1.81137802e-005, 1, 1.7128714e-005, 0, 0, 0, 0, 0, 0, 0, 0.346666992, -0.140338306, -0.232310229, -0.211686592, 0.637644984, -0.740613409, -0.939575195, 0.0754394531, 0.333496094, 0.268599721, 0.766498743, 0.583366825, 0, 0, -0, 0, 0, 0, 0, 0.410510254, -0.0924056641, -0.181363867, 0.249704126, 0.443983884, -0.860439042, 0.505004883, -0.817871094, -0.275390625, -0.826080416, -0.365750919, -0.428469211, 0, 2, 3, 1, 
343.509625, 39, 0.1, 0.1, 0.0210998062, 0.37205694, -0.0349693378, 0.964729164, -1.28391517e-005, 0.26324445, 0.26324445, -2.17131487e-005, -0.964729164, 1.81021699e-005, 1, -1.75674723e-005, 0.964729165, -1.10735883e-005, 0.263244445, 0.263244445, -1.90790169e-005, -0.964729165, 1.57054588e-005, 1, -1.54910234e-005, 0, 0, 0, 0, 0, 0, 0, 0.346931958, -0.139883032, -0.232918311, -0.215145977, 0.637803743, -0.739432822, -0.939331055, 0.0718994141, 0.335327148, 0.267046571, 0.766720782, 0.583797798, 0, 0, -0, 0, 0, 0, 0, 0.410845898, -0.0922532227, -0.181606641, 0.247781024, 0.443778994, -0.861026727, 0.507202148, -0.816650391, -0.275024414, -0.825300601, -0.368472793, -0.427549037, 0, 2, 3, 1, 
343.510324, 39, 0.1, 0.1, 0.021099805, 0.372056938, -0.0349715926, 0.964729156, 1.28309011e-005, 0.263244477, 0.263244476, 2.21278562e-005, -0.964729156, -1.82033803e-005, 1, 1.79697243e-005, 0.964729158, 1.13006266e-005, 0.263244471, 0.263244471, 1.90475815e-005, -0.964729158, -1.59162145e-005, 1, 1.54009298e-005, 0, 0, 0, 0, 0, 0, 0, 0.346931958, -0.139883032, -0.232918311, -0.215145977, 0.637803743, -0.739432822, -0.939331055, 0.0718994141, 0.335327148, 0.267046571, 0.766720782, 0.583797798, 0, 0, -0, 0, 0, 0, 0, 0.410845898, -0.0922532227, -0.181606641, 0.247781024, 0.443778994, -0.861026727, 0.507202148, -0.816650391, -0.275024414, -0.825300601, -0.368472793, -0.427549037, 0, 2, 3, 1, 
343.511026, 39, 0.1, 0.1, 0.0210998055, 0.372056938, -0.0349730133, 0.964729148, -1.02521319e-005, 0.263244507, 0.263244506, -1.72127737e-005, -0.964729148, 1.44216986e-005, 1, -1.39068471e-005, 0.96472915, -9.11285136e-006, 0.263244501, 0.263244501, -1.47256473e-005, -0.96472915, 1.2667879e-005, 1, -1.18073532e-005, 0, 0, 0, 0, 0, 0, 0, 0.346931958, -0.139883032, -0.232918311, -0.215145977, 0.637803743, -0.739432822, -0.939331055, 0.0718994141, 0.335327148, 0.267046571, 0.766720782, 0.583797798, 0, 0, -0, 0, 0, 0, 0, 0.410845898, -0.0922532227, -0.181606641, 0.247781024, 0.443778994, -0.861026727, 0.507202148, -0.816650391, -0.275024414, -0.825300601, -0.368472793, -0.427549037, 0, 2, 3, 1, 
343.511722, 39, 0.1, 0.1, 0.021099804, 0.372056936, -0.0349733162, 0.964729139, 1.25956982e-005, 0.26324454, 0.26324454, 2.13400271e-005, -0.964729139, -1.77690827e-005, 1, 1.72715972e-005, 0.964729141, 1.15587863e-005, 0.263244533, 0.263244533, 1.9014854e-005, -0.964729141, -1.61566544e-005, 1, 1.53013965e-005, 0, 0, 0, 0, 0, 0, 0, 0.346931958, -0.139883032, -0.232918311, -0.215145977, 0.637803743, -0.739432822, -0.939331055, 0.0718994141, 0.335327148, 0.267046571, 0.766720782, 0.583797798, 0, 0, -0, 0, 0, 0, 0, 0.410845898, -0.0922532227, -0.181606641, 0.247781024, 0.443778994, -0.861026727, 0.507202148, -0.816650391, -0.275024414, -0.825300601, -0.368472793, -0.427549037, 0, 2, 3, 1, 
343.512423, 39, 0.1, 0.1, 0.0210998048, 0.372056937, -0.0349724926, 0.964729129, -1.10811036e-005, 0.263244578, 0.263244577, -1.85263378e-005, -0.964729129, 1.55672214e-005, 1, -1.49558573e-005, 0.964729131, -9.881604e-006, 0.26324457, 0.26324457, -1.59873538e-005, -0.964729131, 1.37416553e-005, 1, -1.28221874e-005, 0, 0, 0, 0, 0, 0, 0, 0.346931958, -0.139883032, -0.232918311, -0.215145977, 0.637803743, -0.739432822, -0.939331055, 0.0718994141, 0.335327148, 0.267046571, 0.766720782, 0.583797798, 0, 0, -0, 0, 0, 0, 0, 0.410845898, -0.0922532227, -0.181606641, 0.247781024, 0.443778994, -0.861026727, 0.507202148, -0.816650391, -0.275024414, -0.825300601, -0.368472793, -0.427549037, 0, 2, 3, 1, 
343.513119, 39, 0.1, 0.1, 0.0210998033, 0.372056934, -0.034970829, 0.964729118, 1.27841796e-005, 0.263244617, 0.263244617, 2.20972896e-005, -0.964729118, -1.81502629e-005, 1, 1.79525323e-005, 0.96472912, 1.18370061e-005, 0.263244609, 0.263244609, 1.98432645e-005, -0.96472912, -1.66431369e-005, 1, 1.6027347e-005, 0, 0, 0, 0, 0, 0, 0, 0.346931958, -0.139883032, -0.232918311, -0.215145977, 0.637803743, -0.739432822, -0.939331055, 0.0718994141, 0.335327148, 0.267046571, 0.766720782, 0.583797798, 0, 0, -0, 0, 0, 0, 0, 0.410845898, -0.0922532227, -0.181606641, 0.247781024, 0.443778994, -0.861026727, 0.507202148, -0.816650391, -0.275024414, -0.825300601, -0.368472793, -0.427549037, 0, 2, 3, 1, 
343.513817, 39, 0.1, 0.1, 0.0210998048, 0.372056936, -0.0349688873, 0.964729106, -1.41795926e-005, 0.263244661, 0.263244661, -2.3380853e-005, -0.964729106, 1.98343504e-005, 1, -1.88234873e-005, 0.964729109, -1.29185776e-005, 0.263244652, 0.263244652, -2.05952296e-005, -0.964729108, 1.78845119e-005, 1, -1.6468071e-005, 0, 0, 0, 0, 0, 0, 0, 0.346931958, -0.139883032, -0.232918311, -0.215145977, 0.637803743, -0.739432822, -0.939331055, 0.0718994141, 0.335327148, 0.267046571, 0.766720782, 0.583797798, 0, 0, -0, 0, 0, 0, 0, 0.410845898, -0.0922532227, -0.181606641, 0.247781024, 0.443778994, -0.861026727, 0.507202148, -0.816650391, -0.275024414, -0.825300601, -0.368472793, -0.427549037, 0, 2, 3, 1, 
343.514548, 39, 0.1, 0.1, 0.0210998027, 0.372056934, -0.0349668745, 0.964729091, 1.69752902e-005, 0.263244715, 0.263244714, 2.53536144e-005, -0.964729091, -2.30507613e-005, 1, 1.99907139e-005, 0.964729094, 1.55089974e-005, 0.263244705, 0.263244704, 2.29404053e-005, -0.964729094, -2.10009212e-005, 1, 1.8048615e-005, 0, 0, 0, 0, 0, 0, 0, 0.346997363, -0.139635376, -0.23329436, -0.218167276, 0.638286013, -0.738093476, -0.938842773, 0.0687255859, 0.337036133, 0.265918403, 0.766644398, 0.58445081, 0, 0, -0, 0, 0, 0, 0, 0.410991504, -0.0920907715, -0.18162959, 0.246343528, 0.443682745, -0.861588893, 0.509277344, -0.815551758, -0.274414062, -0.824469746, -0.371060506, -0.426871667, 0, 2, 3, 1, 
343.515239, 39, 0.1, 0.1, 0.0210998036, 0.372056936, -0.034965789, 0.964729078, -1.50612315e-005, 0.263244766, 0.263244765, -2.46649086e-005, -0.964729078, 2.1022916e-005, 1, -1.98301642e-005, 0.96472908, -1.27579711e-005, 0.263244757, 0.263244756, -2.16328002e-005, -0.96472908, 1.8002707e-005, 1, -1.75113224e-005, 0, 0, 0, 0, 0, 0, 0, 0.346997363, -0.139635376, -0.23329436, -0.218167276, 0.638286013, -0.738093476, -0.938842773, 0.0687255859, 0.337036133, 0.265918403, 0.766644398, 0.58445081, 0, 0, -0, 0, 0, 0, 0, 0.410991504, -0.0920907715, -0.18162959, 0.246343528, 0.443682745, -0.861588893, 0.509277344, -0.815551758, -0.274414062, -0.824469746, -0.371060506, -0.426871667, 0, 2, 3, 1, 
343.515933, 39, 0.1, 0.1, 0.0210998026, 0.372056934, -0.0349659091, 0.964729066, 1.44049211e-005, 0.263244807, 0.263244806, 2.38128347e-005, -0.964729066, -2.01654511e-005, 1, 1.91809132e-005, 0.964729068, 1.21393955e-005, 0.2632448, 0.263244799, 2.12982994e-005, -0.964729068, -1.73178942e-005, 1, 1.73514558e-005, 0, 0, 0, 0, 0, 0, 0, 0.346997363, -0.139635376, -0.23329436, -0.218167276, 0.638286013, -0.738093476, -0.938842773, 0.0687255859, 0.337036133, 0.265918403, 0.766644398, 0.58445081, 0, 0, -0, 0, 0, 0, 0, 0.410991504, -0.0920907715, -0.18162959, 0.246343528, 0.443682745, -0.861588893, 0.509277344, -0.815551758, -0.274414062, -0.824469746, -0.371060506, -0.426871667, 0, 2, 3, 1, 
343.516628, 39, 0.1, 0.1, 0.0210998036, 0.372056936, -0.0349671122, 0.964729059, -1.47195261e-005, 0.263244835, 0.263244834, -2.61749811e-005, -0.964729059, 2.10907831e-005, 1, -2.13769257e-005, 0.96472906, -1.23670605e-005, 0.26324483, 0.26324483, -2.31873011e-005, -0.96472906, 1.80347998e-005, 1, -1.91138984e-005, 0, 0, 0, 0, 0, 0, 0, 0.346997363, -0.139635376, -0.23329436, -0.218167276, 0.638286013, -0.738093476, -0.938842773, 0.0687255859, 0.337036133, 0.265918403, 0.766644398, 0.58445081, 0, 0, -0, 0, 0, 0, 0, 0.410991504, -0.0920907715, -0.18162959, 0.246343528, 0.443682745, -0.861588893, 0.509277344, -0.815551758, -0.274414062, -0.824469746, -0.371060506, -0.426871667, 0, 2, 3, 1, 
343.51734, 39, 0.1, 0.1, 0.0210998035, 0.372056935, -0.0349688415, 0.964729056, 1.03443214e-005, 0.263244846, 0.263244846, 2.18214495e-005, -0.964729056, -1.57238515e-005, 1, 1.8328697e-005, 0.964729056, 8.56054481e-006, 0.263244844, 0.263244844, 1.88351941e-005, -0.964729056, -1.32168741e-005, 1, 1.59173397e-005, 0, 0, 0, 0, 0, 0, 0, 0.346997363, -0.139635376, -0.23329436, -0.218167276, 0.638286013, -0.738093476, -0.938842773, 0.0687255859, 0.337036133, 0.265918403, 0.766644398, 0.58445081, 0, 0, -0, 0, 0, 0, 0, 0.410991504, -0.0920907715, -0.18162959, 0.246343528, 0.443682745, -0.861588893, 0.509277344, -0.815551758, -0.274414062, -0.824469746, -0.371060506, -0.426871667, 0, 2, 3, 1, 
343.51804, 39, 0.1, 0.1, 0.0210998048, 0.372056937, -0.0349705718, 0.964729055, -1.22904293e-005, 0.263244849, 0.263244849, -2.37279995e-005, -0.964729055, 1.81032079e-005, 1, -1.96556983e-005, 0.964729055, -1.1139885e-005, 0.263244848, 0.263244848, -2.07760588e-005, -0.964729055, 1.62161612e-005, 1, -1.71107503e-005, 0, 0, 0, 0, 0, 0, 0, 0.346997363, -0.139635376, -0.23329436, -0.218167276, 0.638286013, -0.738093476, -0.938842773, 0.0687255859, 0.337036133, 0.265918403, 0.766644398, 0.58445081, 0, 0, -0, 0, 0, 0, 0, 0.410991504, -0.0920907715, -0.18162959, 0.246343528, 0.443682745, -0.861588893, 0.509277344, -0.815551758, -0.274414062, -0.824469746, -0.371060506, -0.426871667, 0, 2, 3, 1, 
343.518742, 39, 0.1, 0.1, 0.0210998039, 0.372056936, -0.0349718473, 0.964729053, 1.09016449e-005, 0.263244855, 0.263244855, 1.97446016e-005, -0.964729053, -1.57147983e-005, 1, 1.61783889e-005, 0.964729054, 9.87922089e-006, 0.263244853, 0.263244853, 1.66936712e-005, -0.964729054, -1.39252944e-005, 1, 1.35042156e-005, 0, 0, 0, 0, 0, 0, 0, 0.346997363, -0.139635376, -0.23329436, -0.218167276, 0.638286013, -0.738093476, -0.938842773, 0.0687255859, 0.337036133, 0.265918403, 0.766644398, 0.58445081, 0, 0, -0, 0, 0, 0, 0, 0.410991504, -0.0920907715, -0.18162959, 0.246343528, 0.443682745, -0.861588893, 0.509277344, -0.815551758, -0.274414062, -0.824469746, -0.371060506, -0.426871667, 0, 2, 3, 1, 
343.519477, 39, 0.1, 0.1, 0.0210998052, 0.372056938, -0.0349719974, 0.96472905, -1.25465282e-005, 0.263244868, 0.263244868, -2.17089397e-005, -0.96472905, 1.78187672e-005, 1, -1.76404356e-005, 0.964729051, -1.16714688e-005, 0.263244865, 0.263244865, -1.92434897e-005, -0.964729051, 1.63255549e-005, 1, -1.54922993e-005, 0, 0, 0, 0, 0, 0, 0, 0.347777905, -0.139431177, -0.233731323, -0.220306411, 0.637880127, -0.737890533, -0.938720703, 0.0667724609, 0.338012695, 0.264897697, 0.767203051, 0.584171483, 0, 0, -0, 0, 0, 0, 0, 0.411333496, -0.0921562012, -0.181868945, 0.244739787, 0.443254375, -0.862202097, 0.510375977, -0.815063477, -0.274169922, -0.824392821, -0.372823928, -0.42570869, 0, 2, 3, 1, 
343.520174, 39, 0.1, 0.1, 0.0210998039, 0.372056936, -0.0349712492, 0.964729044, 1.33452264e-005, 0.26324489, 0.26324489, 2.06038283e-005, -0.964729044, -1.829838e-005, 1, 1.63640489e-005, 0.964729045, 1.19701136e-005, 0.263244886, 0.263244885, 1.79125337e-005, -0.964729045, -1.62632992e-005, 1, 1.41296703e-005, 0, 0, 0, 0, 0, 0, 0, 0.347777905, -0.139431177, -0.233731323, -0.220306411, 0.637880127, -0.737890533, -0.938720703, 0.0667724609, 0.338012695, 0.264897697, 0.767203051, 0.584171483, 0, 0, -0, 0, 0, 0, 0, 0.411333496, -0.0921562012, -0.181868945, 0.244739787, 0.443254375, -0.862202097, 0.510375977, -0.815063477, -0.274169922, -0.824392821, -0.372823928, -0.42570869, 0, 2, 3, 1, 
343.520886, 39, 0.1, 0.1, 0.0210998051, 0.372056938, -0.0349698818, 0.964729036, -1.38463568e-005, 0.26324492, 0.263244919, -2.15903469e-005, -0.964729036, 1.90415316e-005, 1, -1.71838515e-005, 0.964729037, -1.24374343e-005, 0.263244914, 0.263244914, -1.95480358e-005, -0.964729037, 1.7144675e-005, 1, -1.55844664e-005, 0, 0, 0, 0, 0, 0, 0, 0.347777905, -0.139431177, -0.233731323, -0.220306411, 0.637880127, -0.737890533, -0.938720703, 0.0667724609, 0.338012695, 0.264897697, 0.767203051, 0.584171483, 0, 0, -0, 0, 0, 0, 0, 0.411333496, -0.0921562012, -0.181868945, 0.244739787, 0.443254375, -0.862202097, 0.510375977, -0.815063477, -0.274169922, -0.824392821, -0.372823928, -0.42570869, 0, 2, 3, 1, 
343.521608, 39, 0.1, 0.1, 0.0210998033, 0.372056935, -0.0349682786, 0.964729028, 1.59998981e-005, 0.263244948, 0.263244948, 2.68019822e-005, -0.964729028, -2.24910526e-005, 1, 2.16447579e-005, 0.964729029, 1.42977075e-005, 0.263244944, 0.263244943, 2.43023222e-005, -0.964729029, -2.01908769e-005, 1, 1.96813565e-005, 0, 0, 0, 0, 0, 0, 0, 0.347635107, -0.140587427, -0.23334502, -0.21885848, 0.637074347, -0.738982753, -0.938476562, 0.0698242187, 0.338012695, 0.267016614, 0.767577858, 0.582737778, 0, 0, -0, 0, 0, 0, 0, 0.411118311, -0.0929152832, -0.181675244, 0.24504639, 0.441720997, -0.862898424, 0.509033203, -0.816040039, -0.273193359, -0.824974309, -0.372248636, -0.424922678, 0, 2, 3, 1, 
343.522309, 39, 0.1, 0.1, 0.0210998039, 0.372056936, -0.0349669883, 0.96472902, -1.27522957e-005, 0.263244975, 0.263244975, -2.15646643e-005, -0.96472902, 1.79792993e-005, 1, -1.74470797e-005, 0.964729022, -1.1177497e-005, 0.26324497, 0.263244969, -1.85779161e-005, -0.964729022, 1.56737987e-005, 1, -1.4980235e-005, 0, 0, 0, 0, 0, 0, 0, 0.347635107, -0.140587427, -0.23334502, -0.21885848, 0.637074347, -0.738982753, -0.938476562, 0.0698242187, 0.338012695, 0.267016614, 0.767577858, 0.582737778, 0, 0, -0, 0, 0, 0, 0, 0.411118311, -0.0929152832, -0.181675244, 0.24504639, 0.441720997, -0.862898424, 0.509033203, -0.816040039, -0.273193359, -0.824974309, -0.372248636, -0.424922678, 0, 2, 3, 1, 
343.523008, 39, 0.1, 0.1, 0.0210998022, 0.372056933, -0.0349665059, 0.964729012, 1.5186182e-005, 0.263245004, 0.263245004, 2.71856629e-005, -0.964729012, -2.18070404e-005, 1, 2.22291112e-005, 0.964729014, 1.4048255e-005, 0.263244998, 0.263244998, 2.42706753e-005, -0.964729014, -1.99418931e-005, 1, 1.97164918e-005, 0, 0, 0, 0, 0, 0, 0, 0.347635107, -0.140587427, -0.23334502, -0.21885848, 0.637074347, -0.738982753, -0.938476562, 0.0698242187, 0.338012695, 0.267016614, 0.767577858, 0.582737778, 0, 0, -0, 0, 0, 0, 0, 0.411118311, -0.0929152832, -0.181675244, 0.24504639, 0.441720997, -0.862898424, 0.509033203, -0.816040039, -0.273193359, -0.824974309, -0.372248636, -0.424922678, 0, 2, 3, 1, 
343.523699, 39, 0.1, 0.1, 0.0210998029, 0.372056934, -0.0349669655, 0.964729005, -1.29657608e-005, 0.263245031, 0.263245031, -2.35878744e-005, -0.964729005, 1.87178363e-005, 1, -1.93427345e-005, 0.964729007, -1.10110689e-005, 0.263245026, 0.263245026, -2.02948658e-005, -0.964729006, 1.596522e-005, 1, -1.66804366e-005, 0, 0, 0, 0, 0, 0, 0, 0.347635107, -0.140587427, -0.23334502, -0.21885848, 0.637074347, -0.738982753, -0.938476562, 0.0698242187, 0.338012695, 0.267016614, 0.767577858, 0.582737778, 0, 0, -0, 0, 0, 0, 0, 0.411118311, -0.0929152832, -0.181675244, 0.24504639, 0.441720997, -0.862898424, 0.509033203, -0.816040039, -0.273193359, -0.824974309, -0.372248636, -0.424922678, 0, 2, 3, 1, 
343.524397, 39, 0.1, 0.1, 0.0210998021, 0.372056932, -0.0349682047, 0.964729001, 1.17186458e-005, 0.263245047, 0.263245047, 2.33754265e-005, -0.964729001, -1.74587827e-005, 1, 1.94660764e-005, 0.964729002, 1.01548882e-005, 0.263245044, 0.263245044, 2.06226266e-005, -0.964729002, -1.52255194e-005, 1, 1.7222022e-005, 0, 0, 0, 0, 0, 0, 0, 0.347635107, -0.140587427, -0.23334502, -0.21885848, 0.637074347, -0.738982753, -0.938476562, 0.0698242187, 0.338012695, 0.267016614, 0.767577858, 0.582737778, 0, 0, -0, 0, 0, 0, 0, 0.411118311, -0.0929152832, -0.181675244, 0.24504639, 0.441720997, -0.862898424, 0.509033203, -0.816040039, -0.273193359, -0.824974309, -0.372248636, -0.424922678, 0, 2, 3, 1, 
343.525093, 39, 0.1, 0.1, 0.0210998032, 0.372056934, -0.0349697412, 0.964728999, -1.29839278e-005, 0.263245054, 0.263245054, -2.42633401e-005, -0.964728999, 1.89131759e-005, 1, -1.99895931e-005, 0.964728999, -1.13997189e-005, 0.263245053, 0.263245052, -2.11993531e-005, -0.964728999, 1.65782643e-005, 1, -1.74507111e-005, 0, 0, 0, 0, 0, 0, 0, 0.347635107, -0.140587427, -0.23334502, -0.21885848, 0.637074347, -0.738982753, -0.938476562, 0.0698242187, 0.338012695, 0.267016614, 0.767577858, 0.582737778, 0, 0, -0, 0, 0, 0, 0, 0.411118311, -0.0929152832, -0.181675244, 0.24504639, 0.441720997, -0.862898424, 0.509033203, -0.816040039, -0.273193359, -0.824974309, -0.372248636, -0.424922678, 0, 2, 3, 1, 
343.525792, 39, 0.1, 0.1, 0.0210998028, 0.372056933, -0.0349711144, 0.964728999, 9.78722883e-006, 0.263245056, 0.263245055, 1.95120342e-005, -0.964728998, -1.457847e-005, 1, 1.62473856e-005, 0.964728999, 8.4379806e-006, 0.263245055, 0.263245055, 1.67503388e-005, -0.964728999, -1.25498084e-005, 1, 1.39382809e-005, 0, 0, 0, 0, 0, 0, 0, 0.347635107, -0.140587427, -0.23334502, -0.21885848, 0.637074347, -0.738982753, -0.938476562, 0.0698242187, 0.338012695, 0.267016614, 0.767577858, 0.582737778, 0, 0, -0, 0, 0, 0, 0, 0.411118311, -0.0929152832, -0.181675244, 0.24504639, 0.441720997, -0.862898424, 0.509033203, -0.816040039, -0.273193359, -0.824974309, -0.372248636, -0.424922678, 0, 2, 3, 1, 
343.526515, 39, 0.1, 0.1, 0.0210998045, 0.372056936, -0.0349717085, 0.964728999, -1.36937441e-005, 0.263245055, 0.263245055, -2.47013564e-005, -0.964728998, 1.97132619e-005, 1, -2.02253044e-005, 0.964728999, -1.25810785e-005, 0.263245055, 0.263245055, -2.2370834e-005, -0.964728999, 1.80263427e-005, 1, -1.82698856e-005, 0, 0, 0, 0, 0, 0, 0, 0.347002368, -0.141493945, -0.233370654, -0.218298705, 0.636814117, -0.739414848, -0.937744141, 0.0725097656, 0.339355469, 0.269770569, 0.767495483, 0.581570296, 0, 0, -0, 0, 0, 0, 0, 0.410813281, -0.0938727051, -0.181922656, 0.244190015, 0.440551823, -0.863818231, 0.507568359, -0.817016602, -0.273193359, -0.826169002, -0.371635065, -0.423178213, 0, 2, 3, 1, 
343.527211, 39, 0.1, 0.1, 0.0210998042, 0.372056935, -0.034971504, 0.964728999, 1.02210132e-005, 0.263245052, 0.263245052, 1.91441789e-005, -0.964728999, -1.49001182e-005, 1, 1.57783134e-005, 0.964728999, 8.5773118e-006, 0.263245053, 0.263245053, 1.64160993e-005, -0.964728999, -1.25962384e-005, 1, 1.35791522e-005, 0, 0, 0, 0, 0, 0, 0, 0.347002368, -0.141493945, -0.233370654, -0.218298705, 0.636814117, -0.739414848, -0.937744141, 0.0725097656, 0.339355469, 0.269770569, 0.767495483, 0.581570296, 0, 0, -0, 0, 0, 0, 0, 0.410813281, -0.0938727051, -0.181922656, 0.244190015, 0.440551823, -0.863818231, 0.507568359, -0.817016602, -0.273193359, -0.826169002, -0.371635065, -0.423178213, 0, 2, 3, 1, 
343.527906, 39, 0.1, 0.1, 0.0210998052, 0.372056937, -0.0349707581, 0.964729002, -1.15271759e-005, 0.263245043, 0.263245043, -2.20402195e-005, -0.964729002, 1.69225794e-005, 1, -1.8228367e-005, 0.964729001, -1.03259914e-005, 0.263245045, 0.263245045, -2.00138532e-005, -0.964729001, 1.5230331e-005, 1, -1.65896785e-005, 0, 0, 0, 0, 0, 0, 0, 0.347002368, -0.141493945, -0.233370654, -0.218298705, 0.636814117, -0.739414848, -0.937744141, 0.0725097656, 0.339355469, 0.269770569, 0.767495483, 0.581570296, 0, 0, -0, 0, 0, 0, 0, 0.410813281, -0.0938727051, -0.181922656, 0.244190015, 0.440551823, -0.863818231, 0.507568359, -0.817016602, -0.273193359, -0.826169002, -0.371635065, -0.423178213, 0, 2, 3, 1, 
343.528601, 39, 0.1, 0.1, 0.0210998039, 0.372056934, -0.0349697388, 0.964729006, 1.3093504e-005, 0.263245027, 0.263245027, 2.43397697e-005, -0.964729006, -1.90390065e-005, 1, 2.0034482e-005, 0.964729005, 1.14725508e-005, 0.26324503, 0.26324503, 2.15840912e-005, -0.964729005, -1.67498073e-005, 1, 1.78027068e-005, 0, 0, 0, 0, 0, 0, 0, 0.347002368, -0.141493945, -0.233370654, -0.218298705, 0.636814117, -0.739414848, -0.937744141, 0.0725097656, 0.339355469, 0.269770569, 0.767495483, 0.581570296, 0, 0, -0, 0, 0, 0, 0, 0.410813281, -0.0938727051, -0.181922656, 0.244190015, 0.440551823, -0.863818231, 0.507568359, -0.817016602, -0.273193359, -0.826169002, -0.371635065, -0.423178213, 0, 2, 3, 1, 
343.529294, 39, 0.1, 0.1, 0.0210998043, 0.372056936, -0.0349687677, 0.964729012, -1.06496248e-005, 0.263245006, 0.263245005, -2.10413673e-005, -0.964729012, 1.58130369e-005, 1, -1.74957569e-005, 0.964729011, -9.25699627e-006, 0.26324501, 0.26324501, -1.84927341e-005, -0.964729011, 1.37986128e-005, 1, -1.5403619e-005, 0, 0, 0, 0, 0, 0, 0, 0.347002368, -0.141493945, -0.233370654, -0.218298705, 0.636814117, -0.739414848, -0.937744141, 0.0725097656, 0.339355469, 0.269770569, 0.767495483, 0.581570296, 0, 0, -0, 0, 0, 0, 0, 0.410813281, -0.0938727051, -0.181922656, 0.244190015, 0.440551823, -0.863818231, 0.507568359, -0.817016602, -0.273193359, -0.826169002, -0.371635065, -0.423178213, 0, 2, 3, 1, 
