time, trialNum, realDorsalTactorPos, realVentralTactorPos, boxPosX, boxPosY, boxPosZ, boxLocalRot_11, boxLocalRot_12, boxLocalRot_13, boxLocalRot_21, boxLocalRot_22, boxLocalRot_23, boxLocalRot_31, boxLocalRot_32, boxLocalRot_33, boxGlobalRot_11, boxGlobalRot_12, boxGlobalRot_13, boxGlobalRot_21, boxGlobalRot_22, boxGlobalRot_23, boxGlobalRot_31, boxGlobalRot_32, boxGlobalRot_33, indexForceX, indexForceY, indexForceZ, indexForceGlobalX, indexForceGlobalY, indexForceGlobalZ, indexContact, indexPosX, indexPosY, indexPosZ, indexRot_11, indexRot_12, indexRot_13, indexRot_21, indexRot_22, indexRot_23, indexRot_31, indexRot_32, indexRot_33, thumbForceX, thumbForceY, thumbForceZ, thumbForceGlobalX, thumbForceGlobalY, thumbForceGlobalZ, thumbContact, thumbPosX, thumbPosY, thumbPosZ, thumbRot_11, thumbRot_12, thumbRot_13, thumbRot_21, thumbRot_22, thumbRot_23, thumbRot_31, thumbRot_32, thumbRot_33, manipForceTooHigh, cceExpType, mapping, trialSuccess, 
368.744122, 45, 0.1, 0.1, 0.0145534528, 0.362764623, -0.0349611182, 0.969870707, -0.243620219, 3.83049679e-006, 0.243620219, 0.969870706, 5.39044068e-005, -1.684729e-005, -5.13471187e-005, 0.999999999, 0.969870683, -0.243620314, 5.96970352e-007, 0.243620314, 0.969870683, 3.38624856e-005, -8.82857342e-006, -3.2696798e-005, 0.999999999, 0, 0, 0, 0, 0, 0, 0, 0.306149048, -0.14202561, -0.18813501, -0.158182802, 0.482276228, -0.861529304, -0.919067383, 0.246704102, 0.307006836, 0.360605796, 0.84054351, 0.40440015, 0, 0, -0, 0, 0, 0, 0, 0.359157471, -0.0828125, -0.146849463, 0.049819091, 0.414153705, -0.908775659, 0.451293945, -0.821044922, -0.349487305, -0.890908328, -0.39257554, -0.227832812, 0, 2, 3, 1, 
368.772345, 45, 0.1, 0.1, 0.0145534481, 0.362764562, -0.0349645139, 0.969861218, -0.243657991, 1.3897037e-005, 0.243657991, 0.969861219, 4.98410127e-006, -1.46926133e-005, -1.44776243e-006, 1, 0.969861316, -0.243657604, 9.24184681e-006, 0.243657604, 0.969861316, -1.37526516e-005, -5.61237158e-006, 1.5590011e-005, 1, 0, 0, 0, 0, 0, 0, 0, 0.309983862, -0.148215601, -0.187216064, -0.174369534, 0.505734457, -0.844847581, -0.919555664, 0.223144531, 0.323364258, 0.352046249, 0.833367517, 0.426229228, 0, 0, -0, 0, 0, 0, 0, 0.362759082, -0.0897657715, -0.143650439, 0.0413993709, 0.430469625, -0.901505789, 0.471435547, -0.803955078, -0.362182617, -0.880869175, -0.41000853, -0.236274421, 0, 2, 3, 1, 
368.773048, 45, 0.1, 0.1, 0.0145534488, 0.36276456, -0.0349644692, 0.96986073, -0.243659935, -1.97249372e-005, 0.243659935, 0.96986073, -1.86101515e-005, 2.36649903e-005, 1.32430782e-005, 1, 0.969860829, -0.243659543, -1.47977832e-005, 0.243659543, 0.969860829, -1.58998855e-006, 1.47392062e-005, -2.06355349e-006, 1, 0, 0, 0, 0, 0, 0, 0, 0.309983862, -0.148215601, -0.187216064, -0.174369534, 0.505734457, -0.844847581, -0.919555664, 0.223144531, 0.323364258, 0.352046249, 0.833367517, 0.426229228, 0, 0, -0, 0, 0, 0, 0, 0.362759082, -0.0897657715, -0.143650439, 0.0413993709, 0.430469625, -0.901505789, 0.471435547, -0.803955078, -0.362182617, -0.880869175, -0.41000853, -0.236274421, 0, 2, 3, 1, 
368.773741, 45, 0.1, 0.1, 0.0145534499, 0.362764565, -0.0349658932, 0.969860249, -0.243661848, 1.31927882e-005, 0.243661848, 0.969860249, 1.18095299e-005, -1.56726927e-005, -8.23901444e-006, 1, 0.969860346, -0.243661463, 8.02645832e-006, 0.243661463, 0.969860346, -6.45440276e-006, -6.21185443e-006, 8.21560787e-006, 1, 0, 0, 0, 0, 0, 0, 0, 0.309983862, -0.148215601, -0.187216064, -0.174369534, 0.505734457, -0.844847581, -0.919555664, 0.223144531, 0.323364258, 0.352046249, 0.833367517, 0.426229228, 0, 0, -0, 0, 0, 0, 0, 0.362759082, -0.0897657715, -0.143650439, 0.0413993709, 0.430469625, -0.901505789, 0.471435547, -0.803955078, -0.362182617, -0.880869175, -0.41000853, -0.236274421, 0, 2, 3, 1, 
368.774468, 45, 0.1, 0.1, 0.0145534493, 0.362764559, -0.0349681424, 0.969859747, -0.243663847, -1.31947974e-005, 0.243663846, 0.969859748, -7.49903099e-006, 1.46243456e-005, 4.05791321e-006, 1, 0.969859844, -0.243663463, -9.49725845e-006, 0.243663463, 0.969859844, 8.14864879e-006, 7.22548161e-006, -1.02171821e-005, 1, 0, 0, 0, 0, 0, 0, 0, 0.310324878, -0.148535254, -0.186881982, -0.176274647, 0.508247277, -0.842866084, -0.920166016, 0.21887207, 0.324462891, 0.349381782, 0.832845934, 0.429375964, 0, 0, -0, 0, 0, 0, 0, 0.362901758, -0.0903571289, -0.143159521, 0.039616993, 0.432635165, -0.9005539, 0.474731445, -0.801147461, -0.364013672, -0.879092627, -0.413094976, -0.237156315, 0, 2, 3, 1, 
368.775174, 45, 0.1, 0.1, 0.0145534483, 0.362764561, -0.0349704304, 0.969859266, -0.243665764, 1.77941548e-005, 0.243665763, 0.969859266, 1.49709544e-005, -2.0905735e-005, -1.01838925e-005, 1, 0.969859361, -0.243665386, 1.31271576e-005, 0.243665386, 0.969859361, 1.90115934e-007, -1.27778214e-005, 3.0142482e-006, 1, 0, 0, 0, 0, 0, 0, 0, 0.310324878, -0.148535254, -0.186881982, -0.176274647, 0.508247277, -0.842866084, -0.920166016, 0.21887207, 0.324462891, 0.349381782, 0.832845934, 0.429375964, 0, 0, -0, 0, 0, 0, 0, 0.362901758, -0.0903571289, -0.143159521, 0.039616993, 0.432635165, -0.9005539, 0.474731445, -0.801147461, -0.364013672, -0.879092627, -0.413094976, -0.237156315, 0, 2, 3, 1, 
368.775877, 45, 0.1, 0.1, 0.0145534459, 0.362764556, -0.034972287, 0.969858797, -0.24366763, -6.63860884e-006, 0.24366763, 0.969858797, -6.59694297e-006, 8.04597465e-006, 4.78048908e-006, 1, 0.969858896, -0.243667235, -2.55806097e-006, 0.243667235, 0.969858896, 8.61628875e-006, 3.8145094e-007, -8.97989994e-006, 1, 0, 0, 0, 0, 0, 0, 0, 0.310324878, -0.148535254, -0.186881982, -0.176274647, 0.508247277, -0.842866084, -0.920166016, 0.21887207, 0.324462891, 0.349381782, 0.832845934, 0.429375964, 0, 0, -0, 0, 0, 0, 0, 0.362901758, -0.0903571289, -0.143159521, 0.039616993, 0.432635165, -0.9005539, 0.474731445, -0.801147461, -0.364013672, -0.879092627, -0.413094976, -0.237156315, 0, 2, 3, 1, 
368.776573, 45, 0.1, 0.1, 0.0145534443, 0.362764558, -0.0349731231, 0.96985834, -0.243669449, 1.53764669e-005, 0.243669449, 0.96985834, 1.15783514e-005, -1.77342851e-005, -7.48258542e-006, 1, 0.96985843, -0.24366909, 1.22955186e-005, 0.24366909, 0.96985843, -1.5656049e-006, -1.15434229e-005, 4.51445295e-006, 1, 0, 0, 0, 0, 0, 0, 0, 0.310324878, -0.148535254, -0.186881982, -0.176274647, 0.508247277, -0.842866084, -0.920166016, 0.21887207, 0.324462891, 0.349381782, 0.832845934, 0.429375964, 0, 0, -0, 0, 0, 0, 0, 0.362901758, -0.0903571289, -0.143159521, 0.039616993, 0.432635165, -0.9005539, 0.474731445, -0.801147461, -0.364013672, -0.879092627, -0.413094976, -0.237156315, 0, 2, 3, 1, 
368.777272, 45, 0.1, 0.1, 0.0145534437, 0.362764554, -0.0349728555, 0.969857893, -0.243671228, -1.25210748e-005, 0.243671228, 0.969857893, -1.05334561e-005, 1.47103634e-005, 7.1649299e-006, 1, 0.969857981, -0.243670878, -8.36478509e-006, 0.243670878, 0.969857981, 3.20711889e-006, 7.3311721e-006, -5.14870439e-006, 1, 0, 0, 0, 0, 0, 0, 0, 0.310324878, -0.148535254, -0.186881982, -0.176274647, 0.508247277, -0.842866084, -0.920166016, 0.21887207, 0.324462891, 0.349381782, 0.832845934, 0.429375964, 0, 0, -0, 0, 0, 0, 0, 0.362901758, -0.0903571289, -0.143159521, 0.039616993, 0.432635165, -0.9005539, 0.474731445, -0.801147461, -0.364013672, -0.879092627, -0.413094976, -0.237156315, 0, 2, 3, 1, 
368.777972, 45, 0.1, 0.1, 0.0145534439, 0.362764557, -0.0349716676, 0.969857455, -0.243672972, 1.07267781e-005, 0.243672972, 0.969857455, 1.11271866e-005, -1.31148403e-005, -8.17795901e-006, 1, 0.969857548, -0.243672602, 7.17462015e-006, 0.243672602, 0.969857548, -3.80365307e-006, -6.03151346e-006, 5.43726e-006, 1, 0, 0, 0, 0, 0, 0, 0, 0.310324878, -0.148535254, -0.186881982, -0.176274647, 0.508247277, -0.842866084, -0.920166016, 0.21887207, 0.324462891, 0.349381782, 0.832845934, 0.429375964, 0, 0, -0, 0, 0, 0, 0, 0.362901758, -0.0903571289, -0.143159521, 0.039616993, 0.432635165, -0.9005539, 0.474731445, -0.801147461, -0.364013672, -0.879092627, -0.413094976, -0.237156315, 0, 2, 3, 1, 
368.778669, 45, 0.1, 0.1, 0.0145534447, 0.362764554, -0.034969888, 0.969857024, -0.243674687, -1.64956375e-005, 0.243674686, 0.969857024, -1.46976782e-005, 1.95798621e-005, 1.02350772e-005, 1, 0.96985711, -0.243674343, -1.26986698e-005, 0.243674343, 0.96985711, 8.00036248e-007, 1.21209469e-005, -3.87026087e-006, 1, 0, 0, 0, 0, 0, 0, 0, 0.310324878, -0.148535254, -0.186881982, -0.176274647, 0.508247277, -0.842866084, -0.920166016, 0.21887207, 0.324462891, 0.349381782, 0.832845934, 0.429375964, 0, 0, -0, 0, 0, 0, 0, 0.362901758, -0.0903571289, -0.143159521, 0.039616993, 0.432635165, -0.9005539, 0.474731445, -0.801147461, -0.364013672, -0.879092627, -0.413094976, -0.237156315, 0, 2, 3, 1, 
368.779397, 45, 0.1, 0.1, 0.0145534447, 0.362764558, -0.0349678696, 0.969856573, -0.24367648, 1.54391857e-005, 0.24367648, 0.969856574, 1.16943622e-005, -1.78234367e-005, -7.57968762e-006, 1, 0.969856669, -0.243676101, 1.06335052e-005, 0.243676101, 0.969856669, -5.73238917e-006, -8.91612966e-006, 8.15072694e-006, 1, 0, 0, 0, 0, 0, 0, 0, 0.31058728, -0.148627637, -0.186764307, -0.179702953, 0.510817385, -0.840719836, -0.920654297, 0.213623047, 0.326660156, 0.346464199, 0.832686053, 0.432002238, 0, 0, -0, 0, 0, 0, 0, 0.362901758, -0.0903571289, -0.143159521, 0.0360263509, 0.434851743, -0.899767887, 0.477783203, -0.798217773, -0.366699219, -0.877628878, -0.416667028, -0.236459988, 0, 2, 3, 1, 
368.780122, 45, 0.1, 0.1, 0.0145534448, 0.362764555, -0.0349661744, 0.969856122, -0.243678276, -1.73859596e-005, 0.243678275, 0.969856122, -1.87020963e-005, 2.14191739e-005, 1.3901762e-005, 1, 0.969856213, -0.243677916, -1.28796582e-005, 0.243677916, 0.969856213, -1.19622664e-006, 1.27829106e-005, -1.97832043e-006, 1, 0, 0, 0, 0, 0, 0, 0, 0.31058728, -0.148627637, -0.186764307, -0.179702953, 0.510817385, -0.840719836, -0.920654297, 0.213623047, 0.326660156, 0.346464199, 0.832686053, 0.432002238, 0, 0, -0, 0, 0, 0, 0, 0.362694971, -0.0907320801, -0.143316113, 0.0360263509, 0.434851743, -0.899767887, 0.477783203, -0.798217773, -0.366699219, -0.877628878, -0.416667028, -0.236459988, 0, 2, 3, 1, 
368.780816, 45, 0.1, 0.1, 0.014553445, 0.36276456, -0.0349654398, 0.969855684, -0.243680018, 1.58405087e-005, 0.243680018, 0.969855684, 9.26422222e-006, -1.76205132e-005, -5.12494313e-006, 1, 0.969855773, -0.243679664, 1.0746416e-005, 0.243679664, 0.969855773, -8.73295667e-006, -8.29442963e-006, 1.10883915e-005, 1, 0, 0, 0, 0, 0, 0, 0, 0.31058728, -0.148627637, -0.186764307, -0.179702953, 0.510817385, -0.840719836, -0.920654297, 0.213623047, 0.326660156, 0.346464199, 0.832686053, 0.432002238, 0, 0, -0, 0, 0, 0, 0, 0.362694971, -0.0907320801, -0.143316113, 0.0360263509, 0.434851743, -0.899767887, 0.477783203, -0.798217773, -0.366699219, -0.877628878, -0.416667028, -0.236459988, 0, 2, 3, 1, 
368.781523, 45, 0.1, 0.1, 0.0145534442, 0.362764556, -0.0349658902, 0.969855233, -0.243681814, -1.41578192e-005, 0.243681814, 0.969855233, -1.31453161e-005, 1.69343095e-005, 9.29905058e-006, 1, 0.969855324, -0.243681454, -9.6655748e-006, 0.243681454, 0.969855324, 3.5738442e-006, 8.50332962e-006, -5.82143314e-006, 1, 0, 0, 0, 0, 0, 0, 0, 0.31058728, -0.148627637, -0.186764307, -0.179702953, 0.510817385, -0.840719836, -0.920654297, 0.213623047, 0.326660156, 0.346464199, 0.832686053, 0.432002238, 0, 0, -0, 0, 0, 0, 0, 0.362694971, -0.0907320801, -0.143316113, 0.0360263509, 0.434851743, -0.899767887, 0.477783203, -0.798217773, -0.366699219, -0.877628878, -0.416667028, -0.236459988, 0, 2, 3, 1, 
368.782233, 45, 0.1, 0.1, 0.0145534434, 0.36276456, -0.0349673011, 0.969854778, -0.243683627, 1.78131217e-005, 0.243683627, 0.969854778, 1.40156918e-005, -2.06915358e-005, -9.25241954e-006, 1, 0.969854869, -0.243683262, 1.30340644e-005, 0.243683262, 0.969854869, -3.06300339e-006, -1.18947481e-005, 6.14685207e-006, 1, 0, 0, 0, 0, 0, 0, 0, 0.31058728, -0.148627637, -0.186764307, -0.179702953, 0.510817385, -0.840719836, -0.920654297, 0.213623047, 0.326660156, 0.346464199, 0.832686053, 0.432002238, 0, 0, -0, 0, 0, 0, 0, 0.362694971, -0.0907320801, -0.143316113, 0.0360263509, 0.434851743, -0.899767887, 0.477783203, -0.798217773, -0.366699219, -0.877628878, -0.416667028, -0.236459988, 0, 2, 3, 1, 
368.782937, 45, 0.1, 0.1, 0.014553442, 0.362764555, -0.0349692332, 0.969854325, -0.243685428, -1.11624953e-005, 0.243685428, 0.969854325, -8.34767684e-006, 1.28602016e-005, 5.37589304e-006, 1, 0.969854422, -0.243685042, -6.33823959e-006, 0.243685042, 0.969854422, 8.21316511e-006, 4.14574421e-006, -9.51010868e-006, 1, 0, 0, 0, 0, 0, 0, 0, 0.31058728, -0.148627637, -0.186764307, -0.179702953, 0.510817385, -0.840719836, -0.920654297, 0.213623047, 0.326660156, 0.346464199, 0.832686053, 0.432002238, 0, 0, -0, 0, 0, 0, 0, 0.362694971, -0.0907320801, -0.143316113, 0.0360263509, 0.434851743, -0.899767887, 0.477783203, -0.798217773, -0.366699219, -0.877628878, -0.416667028, -0.236459988, 0, 2, 3, 1, 
368.783632, 45, 0.1, 0.1, 0.0145534415, 0.362764557, -0.0349710439, 0.96985388, -0.243687198, 1.40772001e-005, 0.243687198, 0.969853881, 1.20494524e-005, -1.65891244e-005, -8.25577469e-006, 1, 0.96985397, -0.243686841, 1.026996e-005, 0.243686841, 0.96985397, -2.37387757e-006, -9.38187871e-006, 4.80496869e-006, 1, 0, 0, 0, 0, 0, 0, 0, 0.31058728, -0.148627637, -0.186764307, -0.179702953, 0.510817385, -0.840719836, -0.920654297, 0.213623047, 0.326660156, 0.346464199, 0.832686053, 0.432002238, 0, 0, -0, 0, 0, 0, 0, 0.362694971, -0.0907320801, -0.143316113, 0.0360263509, 0.434851743, -0.899767887, 0.477783203, -0.798217773, -0.366699219, -0.877628878, -0.416667028, -0.236459988, 0, 2, 3, 1, 
368.784726, 45, 0.1, 0.1, 0.0145534413, 0.362764553, -0.0349688046, 0.969853189, -0.243689952, -2.08420185e-006, 0.243689952, 0.969853189, -6.94833135e-006, 3.71460834e-006, 6.23096227e-006, 1, 0.969853331, -0.243689384, -7.5437858e-006, 0.243689384, 0.969853331, -3.82679592e-006, 8.24891533e-006, 1.87309025e-006, 1, 0, 0, 0, 0, 0, 0, 0, 0.310923535, -0.149042993, -0.186267773, -0.181709538, 0.511395135, -0.839805471, -0.921142578, 0.210205078, 0.327270508, 0.343939396, 0.833212506, 0.433093336, 0, 0, -0, 0, 0, 0, 0, 0.362804199, -0.0914062012, -0.143064551, 0.0339435673, 0.435618066, -0.899429202, 0.480102539, -0.796386719, -0.367675781, -0.876497617, -0.419286824, -0.236178906, 0, 2, 3, 1, 
368.785859, 45, 0.1, 0.1, 0.0145534418, 0.362764549, -0.0349582295, 0.969852447, -0.243692904, -1.44981333e-005, 0.243692904, 0.969852447, -1.59147528e-005, 1.79393624e-005, 1.19018697e-005, 1, 0.969852597, -0.243692304, -1.45213924e-005, 0.243692304, 0.969852597, 4.77023267e-006, 1.29211412e-005, -8.16517414e-006, 1, 0, 0, 0, 0, 0, 0, 0, 0.310923535, -0.149042993, -0.186267773, -0.181709538, 0.511395135, -0.839805471, -0.921142578, 0.210205078, 0.327270508, 0.343939396, 0.833212506, 0.433093336, 0, 0, -0, 0, 0, 0, 0, 0.362804199, -0.0914062012, -0.143064551, 0.0339435673, 0.435618066, -0.899429202, 0.480102539, -0.796386719, -0.367675781, -0.876497617, -0.419286824, -0.236178906, 0, 2, 3, 1, 
368.787026, 45, 0.1, 0.1, 0.0145534415, 0.362764548, -0.0349451248, 0.969851633, -0.243696143, -2.21107588e-005, 0.243696143, 0.969851633, -1.85743712e-006, 2.18968058e-005, -3.58686822e-006, 1, 0.96985181, -0.243695439, 1.37259842e-006, 0.243695439, 0.96985181, 1.66149425e-005, -5.38020276e-006, -1.5779536e-005, 1, 0, 0, 0, 0, 0, 0, 0, 0.310834912, -0.149461035, -0.185787476, -0.183341315, 0.511934692, -0.83918953, -0.921508789, 0.207641602, 0.328125, 0.342220373, 0.833497824, 0.433860924, 0, 0, -0, 0, 0, 0, 0, 0.362804199, -0.0914062012, -0.143064551, 0.0319566656, 0.436786872, -0.898930836, 0.482788086, -0.794189453, -0.368774414, -0.875110794, -0.422232545, -0.236249268, 0, 2, 3, 1, 
368.788124, 45, 0.1, 0.1, 0.0145534409, 0.362764554, -0.0349365445, 0.969850775, -0.243699558, 3.93419283e-006, 0.243699558, 0.969850775, 1.6910395e-005, -7.93663575e-006, -1.54417986e-005, 1, 0.969850952, -0.243698851, 1.54552022e-005, 0.24369885, 0.969850953, 1.09746269e-005, -1.76637466e-005, -6.87733735e-006, 1, 0, 0, 0, 0, 0, 0, 0, 0.310834912, -0.149461035, -0.185787476, -0.183341315, 0.511934692, -0.83918953, -0.921508789, 0.207641602, 0.328125, 0.342220373, 0.833497824, 0.433860924, 0, 0, -0, 0, 0, 0, 0, 0.362478662, -0.0918373047, -0.142586572, 0.0319566656, 0.436786872, -0.898930836, 0.482788086, -0.794189453, -0.368774414, -0.875110794, -0.422232545, -0.236249268, 0, 2, 3, 1, 
368.789233, 45, 0.1, 0.1, 0.014553441, 0.362764559, -0.034935632, 0.969849814, -0.243703381, 2.15210546e-005, 0.243703381, 0.969849814, 1.67319564e-005, -2.49498252e-005, -1.0982731e-005, 1, 0.969850016, -0.243702576, 1.91467219e-005, 0.243702576, 0.969850016, -1.40709167e-005, -1.51403299e-005, 1.83127843e-005, 1, 0, 0, 0, 0, 0, 0, 0, 0.310834912, -0.149461035, -0.185787476, -0.183341315, 0.511934692, -0.83918953, -0.921508789, 0.207641602, 0.328125, 0.342220373, 0.833497824, 0.433860924, 0, 0, -0, 0, 0, 0, 0, 0.362478662, -0.0918373047, -0.142586572, 0.0319566656, 0.436786872, -0.898930836, 0.482788086, -0.794189453, -0.368774414, -0.875110794, -0.422232545, -0.236249268, 0, 2, 3, 1, 
368.790341, 45, 0.1, 0.1, 0.0145534399, 0.362764559, -0.0349419717, 0.969848775, -0.243707515, 2.07046159e-005, 0.243707515, 0.969848775, -5.13968932e-006, -1.88277655e-005, 1.00305919e-005, 1, 0.969848983, -0.243706688, -1.25354354e-006, 0.243706687, 0.969848983, -2.0656391e-005, 6.24984857e-006, 1.97280829e-005, 1, 0, 0, 0, 0, 0, 0, 0, 0.310834912, -0.149461035, -0.185787476, -0.183341315, 0.511934692, -0.83918953, -0.921508789, 0.207641602, 0.328125, 0.342220373, 0.833497824, 0.433860924, 0, 0, -0, 0, 0, 0, 0, 0.362478662, -0.0918373047, -0.142586572, 0.0319566656, 0.436786872, -0.898930836, 0.482788086, -0.794189453, -0.368774414, -0.875110794, -0.422232545, -0.236249268, 0, 2, 3, 1, 
368.791471, 45, 0.1, 0.1, 0.0145534378, 0.362764554, -0.0349518697, 0.96984766, -0.243711954, -1.67644943e-006, 0.243711954, 0.96984766, -1.34555638e-005, 4.90518231e-006, 1.26412763e-005, 1, 0.969847884, -0.243711063, -1.00910122e-005, 0.243711063, 0.969847884, -8.38027086e-006, 1.18291116e-005, 5.66829663e-006, 1, 0, 0, 0, 0, 0, 0, 0, 0.310834912, -0.149461035, -0.185787476, -0.183341315, 0.511934692, -0.83918953, -0.921508789, 0.207641602, 0.328125, 0.342220373, 0.833497824, 0.433860924, 0, 0, -0, 0, 0, 0, 0, 0.362478662, -0.0918373047, -0.142586572, 0.0319566656, 0.436786872, -0.898930836, 0.482788086, -0.794189453, -0.368774414, -0.875110794, -0.422232545, -0.236249268, 0, 2, 3, 1, 
368.792635, 45, 0.1, 0.1, 0.0145534339, 0.362764548, -0.0349596122, 0.969846507, -0.243716542, -9.35045226e-006, 0.243716542, 0.969846507, -6.62157311e-006, 1.06822904e-005, 4.14304966e-006, 1, 0.969846725, -0.243715676, -7.51666406e-006, 0.243715676, 0.969846725, 1.22804988e-005, 4.29706195e-006, -1.37421304e-005, 1, 0, 0, 0, 0, 0, 0, 0, 0.310721143, -0.150063623, -0.185717773, -0.185499546, 0.513260934, -0.837894367, -0.921508789, 0.205078125, 0.329711914, 0.3410791, 0.833287768, 0.435015302, 0, 0, -0, 0, 0, 0, 0, 0.362356348, -0.0922000488, -0.142753418, 0.0297524804, 0.438728931, -0.898068265, 0.484863281, -0.791870117, -0.370849609, -0.873992293, -0.424360538, -0.236281351, 0, 2, 3, 1, 
368.793738, 45, 0.1, 0.1, 0.0145534327, 0.362764546, -0.0349625179, 0.96984543, -0.243720826, -1.25397739e-005, 0.243720826, 0.96984543, 3.38781079e-006, 1.13359623e-005, -6.34185686e-006, 1, 0.96984564, -0.243719991, 2.34714471e-006, 0.243719991, 0.96984564, 1.44712775e-005, -5.80330768e-006, -1.34628593e-005, 1, 0, 0, 0, 0, 0, 0, 0, 0.310721143, -0.150063623, -0.185717773, -0.185499546, 0.513260934, -0.837894367, -0.921508789, 0.205078125, 0.329711914, 0.3410791, 0.833287768, 0.435015302, 0, 0, -0, 0, 0, 0, 0, 0.362356348, -0.0922000488, -0.142753418, 0.0297524804, 0.438728931, -0.898068265, 0.484863281, -0.791870117, -0.370849609, -0.873992293, -0.424360538, -0.236281351, 0, 2, 3, 1, 
368.794844, 45, 0.1, 0.1, 0.0145534331, 0.362764548, -0.0349603012, 0.969844369, -0.243725049, -7.8477518e-007, 0.243725049, 0.969844369, 1.07849765e-005, -1.86745914e-006, -1.06510181e-005, 1, 0.969844576, -0.243724225, 7.20951157e-006, 0.243724225, 0.969844576, 8.03988444e-006, -8.9516203e-006, -6.0403057e-006, 1, 0, 0, 0, 0, 0, 0, 0, 0.310721143, -0.150063623, -0.185717773, -0.185499546, 0.513260934, -0.837894367, -0.921508789, 0.205078125, 0.329711914, 0.3410791, 0.833287768, 0.435015302, 0, 0, -0, 0, 0, 0, 0, 0.362356348, -0.0922000488, -0.142753418, 0.0297524804, 0.438728931, -0.898068265, 0.484863281, -0.791870117, -0.370849609, -0.873992293, -0.424360538, -0.236281351, 0, 2, 3, 1, 
368.795957, 45, 0.1, 0.1, 0.0145534354, 0.362764552, -0.0349543711, 0.969843314, -0.243729247, 9.74226276e-006, 0.243729247, 0.969843314, 1.14573028e-005, -1.22409482e-005, -8.73731412e-006, 1, 0.969843529, -0.243728394, 8.9505189e-006, 0.243728394, 0.969843529, -1.00488137e-005, -6.23142161e-006, 1.19272725e-005, 1, 0, 0, 0, 0, 0, 0, 0, 0.310721143, -0.150063623, -0.185717773, -0.185499546, 0.513260934, -0.837894367, -0.921508789, 0.205078125, 0.329711914, 0.3410791, 0.833287768, 0.435015302, 0, 0, -0, 0, 0, 0, 0, 0.362356348, -0.0922000488, -0.142753418, 0.0297524804, 0.438728931, -0.898068265, 0.484863281, -0.791870117, -0.370849609, -0.873992293, -0.424360538, -0.236281351, 0, 2, 3, 1, 
368.796706, 45, 0.1, 0.1, 0.0145534362, 0.362764551, -0.0349523054, 0.969842596, -0.243732103, 7.20497188e-006, 0.243732103, 0.969842596, -2.33527091e-006, -6.41850814e-006, 4.02092815e-006, 1, 0.969842726, -0.243731589, -4.24602175e-006, 0.243731589, 0.969842726, -1.00568831e-005, 6.5691534e-006, 8.71870527e-006, 1, 0, 0, 0, 0, 0, 0, 0, 0.310675, -0.15117373, -0.185706909, -0.186425894, 0.513381502, -0.837672328, -0.921142578, 0.204956055, 0.330688477, 0.341473003, 0.833268672, 0.434856542, 0, 0, -0, 0, 0, 0, 0, 0.362066943, -0.0930437012, -0.142721924, 0.0285960669, 0.439827742, -0.897569899, 0.485839844, -0.790771484, -0.372070312, -0.873500124, -0.425472476, -0.236351713, 0, 2, 3, 1, 
368.797397, 45, 0.1, 0.1, 0.0145534367, 0.36276455, -0.0349555289, 0.969841959, -0.243734638, -4.29035202e-006, 0.243734638, 0.969841959, -9.48703052e-006, 6.47328135e-006, 8.15521288e-006, 1, 0.969842084, -0.243734141, -9.26061189e-006, 0.243734141, 0.969842084, -6.39987777e-006, 1.05411998e-005, 3.94974351e-006, 1, 0, 0, 0, 0, 0, 0, 0, 0.310675, -0.15117373, -0.185706909, -0.186425894, 0.513381502, -0.837672328, -0.921142578, 0.204956055, 0.330688477, 0.341473003, 0.833268672, 0.434856542, 0, 0, -0, 0, 0, 0, 0, 0.362066943, -0.0930437012, -0.142721924, 0.0285960669, 0.439827742, -0.897569899, 0.485839844, -0.790771484, -0.372070312, -0.873500124, -0.425472476, -0.236351713, 0, 2, 3, 1, 
368.798089, 45, 0.1, 0.1, 0.0145534364, 0.362764548, -0.0349626805, 0.969841343, -0.243737089, -7.55866739e-006, 0.243737089, 0.969841343, -6.52334112e-006, 8.92068831e-006, 4.48427832e-006, 1, 0.969841465, -0.243736606, -6.71327708e-006, 0.243736606, 0.969841465, 4.25228593e-006, 5.47437674e-006, -5.76031458e-006, 1, 0, 0, 0, 0, 0, 0, 0, 0.310675, -0.15117373, -0.185706909, -0.186425894, 0.513381502, -0.837672328, -0.921142578, 0.204956055, 0.330688477, 0.341473003, 0.833268672, 0.434856542, 0, 0, -0, 0, 0, 0, 0, 0.362066943, -0.0930437012, -0.142721924, 0.0285960669, 0.439827742, -0.897569899, 0.485839844, -0.790771484, -0.372070312, -0.873500124, -0.425472476, -0.236351713, 0, 2, 3, 1, 
368.798778, 45, 0.1, 0.1, 0.0145534361, 0.362764548, -0.0349711818, 0.969840757, -0.24373942, -4.96637726e-006, 0.243739421, 0.969840757, 1.01431233e-006, 4.56936718e-006, -2.19422336e-006, 1, 0.969840871, -0.243738968, 1.67214262e-006, 0.243738968, 0.969840871, 5.459147e-006, -2.95231911e-006, -4.88693756e-006, 1, 0, 0, 0, 0, 0, 0, 0, 0.310675, -0.15117373, -0.185706909, -0.186425894, 0.513381502, -0.837672328, -0.921142578, 0.204956055, 0.330688477, 0.341473003, 0.833268672, 0.434856542, 0, 0, -0, 0, 0, 0, 0, 0.362066943, -0.0930437012, -0.142721924, 0.0285960669, 0.439827742, -0.897569899, 0.485839844, -0.790771484, -0.372070312, -0.873500124, -0.425472476, -0.236351713, 0, 2, 3, 1, 
368.799494, 45, 0.1, 0.1, 0.014553436, 0.362764549, -0.0349784728, 0.969840184, -0.243741704, -4.00973169e-007, 0.243741704, 0.969840184, 9.09314469e-006, -1.82749869e-006, -8.916631e-006, 1, 0.969840291, -0.243741276, 3.67726041e-006, 0.243741276, 0.969840291, 5.23313866e-007, -3.69390849e-006, 3.88769273e-007, 1, 0, 0, 0, 0, 0, 0, 0, 0.310958887, -0.151831982, -0.185887427, -0.189548664, 0.513578453, -0.836828356, -0.920898437, 0.202514648, 0.332885742, 0.340484498, 0.833731846, 0.43472287, 0, 0, -0, 0, 0, 0, 0, 0.362146143, -0.0939225098, -0.1429, 0.026187358, 0.440638908, -0.897173611, 0.487304687, -0.78918457, -0.373413086, -0.872771348, -0.427351102, -0.235450863, 0, 2, 3, 1, 
368.800227, 45, 0.1, 0.1, 0.014553437, 0.362764545, -0.0349823645, 0.969839641, -0.243743863, 3.72291754e-006, 0.243743863, 0.969839641, -1.2567375e-006, -3.30431096e-006, 2.12627215e-006, 1, 0.969839737, -0.243743481, 4.27215581e-007, 0.243743481, 0.969839737, 6.68135346e-006, -2.042867e-006, -6.37571107e-006, 1, 0, 0, 0, 0, 0, 0, 0, 0.310958887, -0.151831982, -0.185887427, -0.189548664, 0.513578453, -0.836828356, -0.920898437, 0.202514648, 0.332885742, 0.340484498, 0.833731846, 0.43472287, 0, 0, -0, 0, 0, 0, 0, 0.362146143, -0.0939225098, -0.1429, 0.026187358, 0.440638908, -0.897173611, 0.487304687, -0.78918457, -0.373413086, -0.872771348, -0.427351102, -0.235450863, 0, 2, 3, 1, 
368.800917, 45, 0.1, 0.1, 0.014553437, 0.362764547, -0.0349819134, 0.969839219, -0.243745543, 3.34476236e-007, 0.243745543, 0.969839219, 5.37980655e-006, -1.63569204e-006, -5.13602029e-006, 1, 0.969839298, -0.243745228, -2.47633249e-006, 0.243745228, 0.969839298, -3.37302141e-006, 3.22380244e-006, 2.66769449e-006, 1, 0, 0, 0, 0, 0, 0, 0, 0.310958887, -0.151831982, -0.185887427, -0.189548664, 0.513578453, -0.836828356, -0.920898437, 0.202514648, 0.332885742, 0.340484498, 0.833731846, 0.43472287, 0, 0, -0, 0, 0, 0, 0, 0.362146143, -0.0939225098, -0.1429, 0.026187358, 0.440638908, -0.897173611, 0.487304687, -0.78918457, -0.373413086, -0.872771348, -0.427351102, -0.235450863, 0, 2, 3, 1, 
368.801601, 45, 0.1, 0.1, 0.0145534376, 0.362764545, -0.034978072, 0.969838847, -0.243747024, -2.02048299e-006, 0.243747024, 0.969838847, -4.11785081e-006, 2.96325677e-006, 3.50116497e-006, 1, 0.969838919, -0.243746734, -5.15817256e-006, 0.243746734, 0.969838919, -1.93878914e-006, 5.47517002e-006, 6.23025454e-007, 1, 0, 0, 0, 0, 0, 0, 0, 0.310958887, -0.151831982, -0.185887427, -0.189548664, 0.513578453, -0.836828356, -0.920898437, 0.202514648, 0.332885742, 0.340484498, 0.833731846, 0.43472287, 0, 0, -0, 0, 0, 0, 0, 0.362146143, -0.0939225098, -0.1429, 0.026187358, 0.440638908, -0.897173611, 0.487304687, -0.78918457, -0.373413086, -0.872771348, -0.427351102, -0.235450863, 0, 2, 3, 1, 
368.802292, 45, 0.1, 0.1, 0.0145534373, 0.362764545, -0.0349720982, 0.969838486, -0.243748458, -4.43377274e-006, 0.243748457, 0.969838486, -9.69346465e-006, 6.6628105e-006, 8.32036982e-006, 1, 0.969838557, -0.243748176, -4.60120347e-006, 0.243748176, 0.969838557, -9.1218549e-007, 4.68476808e-006, -2.36862294e-007, 1, 0, 0, 0, 0, 0, 0, 0, 0.310958887, -0.151831982, -0.185887427, -0.189548664, 0.513578453, -0.836828356, -0.920898437, 0.202514648, 0.332885742, 0.340484498, 0.833731846, 0.43472287, 0, 0, -0, 0, 0, 0, 0, 0.362146143, -0.0939225098, -0.1429, 0.026187358, 0.440638908, -0.897173611, 0.487304687, -0.78918457, -0.373413086, -0.872771348, -0.427351102, -0.235450863, 0, 2, 3, 1, 
368.80298, 45, 0.1, 0.1, 0.0145534369, 0.362764544, -0.0349659166, 0.969838129, -0.243749881, -1.0670773e-005, 0.243749881, 0.969838128, 1.79295174e-005, 5.97860476e-006, -1.99897292e-005, 1, 0.969838202, -0.243749587, 5.85938611e-008, 0.243749587, 0.969838202, 1.35679688e-005, -3.36401334e-006, -1.31444522e-005, 1, 0, 0, 0, 0, 0, 0, 0, 0.310958887, -0.151831982, -0.185887427, -0.189548664, 0.513578453, -0.836828356, -0.920898437, 0.202514648, 0.332885742, 0.340484498, 0.833731846, 0.43472287, 0, 0, -0, 0, 0, 0, 0, 0.362146143, -0.0939225098, -0.1429, 0.026187358, 0.440638908, -0.897173611, 0.487304687, -0.78918457, -0.373413086, -0.872771348, -0.427351102, -0.235450863, 0, 2, 3, 1, 
368.803667, 45, 0.1, 0.1, 0.0145534364, 0.362764544, -0.0349613218, 0.969837793, -0.243751216, 1.01179682e-005, 0.243751216, 0.969837793, -2.82965069e-005, -2.91547998e-006, 2.99092888e-005, 1, 0.969837851, -0.243750986, 1.13013256e-005, 0.243750986, 0.969837851, -1.64789891e-005, -6.94368345e-006, 1.87366566e-005, 1, 0, 0, 0, 0, 0, 0, 0, 0.310958887, -0.151831982, -0.185887427, -0.189548664, 0.513578453, -0.836828356, -0.920898437, 0.202514648, 0.332885742, 0.340484498, 0.833731846, 0.43472287, 0, 0, -0, 0, 0, 0, 0, 0.362146143, -0.0939225098, -0.1429, 0.026187358, 0.440638908, -0.897173611, 0.487304687, -0.78918457, -0.373413086, -0.872771348, -0.427351102, -0.235450863, 0, 2, 3, 1, 
368.804387, 45, 0.1, 0.1, 0.0145534365, 0.362764549, -0.0349591247, 0.969837545, -0.243752202, 2.34524378e-006, 0.243752202, 0.969837545, 1.39072955e-005, -5.66443937e-006, -1.2916159e-005, 1, 0.969837589, -0.243752026, 1.77730479e-006, 0.243752026, 0.969837589, 2.3797227e-006, -2.30375922e-006, -1.87472288e-006, 1, 0, 0, 0, 0, 0, 0, 0, 0.311576489, -0.153145679, -0.185856299, -0.190526308, 0.514079819, -0.836250606, -0.920898437, 0.201293945, 0.333496094, 0.339774198, 0.833776029, 0.435249323, 0, 0, -0, 0, 0, 0, 0, 0.362612891, -0.0949911133, -0.142445703, 0.0262194408, 0.441750478, -0.896681808, 0.488891602, -0.787963867, -0.373901367, -0.871908777, -0.428584441, -0.236626599, 0, 2, 3, 1, 
368.805073, 45, 0.1, 0.1, 0.0145534375, 0.36276455, -0.0349603015, 0.969837307, -0.243753148, 9.79857417e-006, 0.243753148, 0.969837307, -2.56220936e-005, -3.2575568e-006, 2.72376956e-005, 1, 0.96983736, -0.243752939, -3.04775095e-006, 0.243752939, 0.96983736, -1.87379064e-005, 7.52324249e-006, 1.74298234e-005, 1, 0, 0, 0, 0, 0, 0, 0, 0.311576489, -0.153145679, -0.185856299, -0.190526308, 0.514079819, -0.836250606, -0.920898437, 0.201293945, 0.333496094, 0.339774198, 0.833776029, 0.435249323, 0, 0, -0, 0, 0, 0, 0, 0.362612891, -0.0949911133, -0.142445703, 0.0262194408, 0.441750478, -0.896681808, 0.488891602, -0.787963867, -0.373901367, -0.871908777, -0.428584441, -0.236626599, 0, 2, 3, 1, 
368.805764, 45, 0.1, 0.1, 0.0145534367, 0.362764553, -0.034964217, 0.96983707, -0.243754094, -7.20248238e-006, 0.243754094, 0.969837069, 1.50011688e-005, 3.32863809e-006, -1.63043241e-005, 1, 0.969837109, -0.243753939, -8.31838815e-006, 0.243753939, 0.969837109, 3.48685068e-006, 7.21754792e-006, -5.40931706e-006, 1, 0, 0, 0, 0, 0, 0, 0, 0.311576489, -0.153145679, -0.185856299, -0.190526308, 0.514079819, -0.836250606, -0.920898437, 0.201293945, 0.333496094, 0.339774198, 0.833776029, 0.435249323, 0, 0, -0, 0, 0, 0, 0, 0.362612891, -0.0949911133, -0.142445703, 0.0262194408, 0.441750478, -0.896681808, 0.488891602, -0.787963867, -0.373901367, -0.871908777, -0.428584441, -0.236626599, 0, 2, 3, 1, 
368.806452, 45, 0.1, 0.1, 0.0145534362, 0.36276455, -0.0349695506, 0.969836919, -0.243754692, -9.37242613e-006, 0.243754692, 0.969836919, -1.32624266e-005, 1.23225036e-005, 1.05778181e-005, 1, 0.969836942, -0.243754601, 8.54081877e-007, 0.243754601, 0.969836942, -2.98903184e-006, -9.9729891e-008, 3.10705989e-006, 1, 0, 0, 0, 0, 0, 0, 0, 0.311576489, -0.153145679, -0.185856299, -0.190526308, 0.514079819, -0.836250606, -0.920898437, 0.201293945, 0.333496094, 0.339774198, 0.833776029, 0.435249323, 0, 0, -0, 0, 0, 0, 0, 0.362612891, -0.0949911133, -0.142445703, 0.0262194408, 0.441750478, -0.896681808, 0.488891602, -0.787963867, -0.373901367, -0.871908777, -0.428584441, -0.236626599, 0, 2, 3, 1, 
368.80714, 45, 0.1, 0.1, 0.0145534397, 0.362764551, -0.034974672, 0.969836829, -0.243755051, 1.79207393e-006, 0.243755051, 0.969836829, 1.56869983e-005, -5.56180437e-006, -1.47770016e-005, 1, 0.969836842, -0.243755001, -9.02763714e-006, 0.243755001, 0.969836842, 6.50663516e-006, 7.16931023e-006, -8.5109062e-006, 1, 0, 0, 0, 0, 0, 0, 0, 0.311576489, -0.153145679, -0.185856299, -0.190526308, 0.514079819, -0.836250606, -0.920898437, 0.201293945, 0.333496094, 0.339774198, 0.833776029, 0.435249323, 0, 0, -0, 0, 0, 0, 0, 0.362612891, -0.0949911133, -0.142445703, 0.0262194408, 0.441750478, -0.896681808, 0.488891602, -0.787963867, -0.373901367, -0.871908777, -0.428584441, -0.236626599, 0, 2, 3, 1, 
368.80783, 45, 0.1, 0.1, 0.0145534357, 0.362764548, -0.0349781002, 0.969836794, -0.24375519, 4.8739498e-006, 0.24375519, 0.969836794, -8.79028495e-006, -2.58425827e-006, 9.71319234e-006, 1, 0.969836796, -0.243755182, 1.19358154e-005, 0.243755182, 0.969836796, -8.08387265e-007, -1.13787444e-005, 3.69342058e-006, 1, 0, 0, 0, 0, 0, 0, 0, 0.311576489, -0.153145679, -0.185856299, -0.190526308, 0.514079819, -0.836250606, -0.920898437, 0.201293945, 0.333496094, 0.339774198, 0.833776029, 0.435249323, 0, 0, -0, 0, 0, 0, 0, 0.362612891, -0.0949911133, -0.142445703, 0.0262194408, 0.441750478, -0.896681808, 0.488891602, -0.787963867, -0.373901367, -0.871908777, -0.428584441, -0.236626599, 0, 2, 3, 1, 
368.808532, 45, 0.1, 0.1, 0.014553441, 0.362764549, -0.0349788946, 0.969836823, -0.243755076, -1.74667309e-005, 0.243755076, 0.969836823, 6.32367039e-006, 1.53984521e-005, -1.03905327e-005, 1, 0.969836812, -0.243755119, -2.11381793e-005, 0.243755119, 0.969836812, -2.01381623e-007, 2.05496722e-005, -4.95723209e-006, 1, 0, 0, 0, 0, 0, 0, 0, 0.311576489, -0.153145679, -0.185856299, -0.192412325, 0.515666291, -0.834802675, -0.921508789, 0.197387695, 0.334350586, 0.337230299, 0.833648349, 0.43736824, 0, 0, -0, 0, 0, 0, 0, 0.362612891, -0.0949911133, -0.142445703, 0.0262194408, 0.441750478, -0.896681808, 0.488891602, -0.787963867, -0.373901367, -0.871908777, -0.428584441, -0.236626599, 0, 2, 3, 1, 
368.809238, 45, 0.1, 0.1, 0.0145534378, 0.362764548, -0.0349766976, 0.969836908, -0.243754737, 1.81841416e-005, 0.243754737, 0.969836908, -1.11433216e-005, -1.49194142e-005, 1.52396752e-005, 1, 0.969836887, -0.24375482, 1.82173279e-005, 0.24375482, 0.969836887, -4.92250377e-006, -1.64679525e-005, 9.2145872e-006, 1, 0, 0, 0, 0, 0, 0, 0, 0.312365332, -0.153511475, -0.185775854, -0.192412325, 0.515666291, -0.834802675, -0.921508789, 0.197387695, 0.334350586, 0.337230299, 0.833648349, 0.43736824, 0, 0, -0, 0, 0, 0, 0, 0.363076709, -0.0956071289, -0.141761816, 0.0259066419, 0.443366612, -0.895870643, 0.49206543, -0.785644531, -0.374633789, -0.870100512, -0.431114918, -0.238505226, 0, 2, 3, 1, 
368.809937, 45, 0.1, 0.1, 0.0145534374, 0.362764549, -0.034972615, 0.969837038, -0.243754218, -3.65385815e-006, 0.243754218, 0.969837038, 1.385679e-005, 1.65995946e-007, -1.43294715e-005, 1, 0.969837007, -0.243754343, -6.83977702e-006, 0.243754343, 0.969837007, 5.69486889e-006, 5.24531984e-006, -7.19031995e-006, 1, 0, 0, 0, 0, 0, 0, 0, 0.312365332, -0.153511475, -0.185775854, -0.192412325, 0.515666291, -0.834802675, -0.921508789, 0.197387695, 0.334350586, 0.337230299, 0.833648349, 0.43736824, 0, 0, -0, 0, 0, 0, 0, 0.363076709, -0.0956071289, -0.141761816, 0.0259066419, 0.443366612, -0.895870643, 0.49206543, -0.785644531, -0.374633789, -0.870100512, -0.431114918, -0.238505226, 0, 2, 3, 1, 
368.810624, 45, 0.1, 0.1, 0.0145534351, 0.362764548, -0.0349680212, 0.969837209, -0.243753538, -3.23076289e-006, 0.243753538, 0.969837209, -2.11049649e-005, 8.27772392e-006, 1.96808703e-005, 1, 0.969837171, -0.243753689, 6.96540852e-006, 0.243753689, 0.969837171, -1.06161746e-005, -4.16758037e-006, 1.19938048e-005, 1, 0, 0, 0, 0, 0, 0, 0, 0.312365332, -0.153511475, -0.185775854, -0.192412325, 0.515666291, -0.834802675, -0.921508789, 0.197387695, 0.334350586, 0.337230299, 0.833648349, 0.43736824, 0, 0, -0, 0, 0, 0, 0, 0.363076709, -0.0956071289, -0.141761816, 0.0259066419, 0.443366612, -0.895870643, 0.49206543, -0.785644531, -0.374633789, -0.870100512, -0.431114918, -0.238505226, 0, 2, 3, 1, 
368.811313, 45, 0.1, 0.1, 0.0145534366, 0.362764549, -0.0349642938, 0.969837403, -0.243752768, 2.27752242e-006, 0.243752768, 0.969837403, 2.2770169e-005, -7.75911813e-006, -2.15282091e-005, 1, 0.969837366, -0.243752915, -4.87057077e-007, 0.243752915, 0.969837366, 1.20944184e-005, -2.47568361e-006, -1.18483405e-005, 1, 0, 0, 0, 0, 0, 0, 0, 0.312365332, -0.153511475, -0.185775854, -0.192412325, 0.515666291, -0.834802675, -0.921508789, 0.197387695, 0.334350586, 0.337230299, 0.833648349, 0.43736824, 0, 0, -0, 0, 0, 0, 0, 0.363076709, -0.0956071289, -0.141761816, 0.0259066419, 0.443366612, -0.895870643, 0.49206543, -0.785644531, -0.374633789, -0.870100512, -0.431114918, -0.238505226, 0, 2, 3, 1, 
368.812005, 45, 0.1, 0.1, 0.0145534359, 0.362764547, -0.0349624356, 0.969837559, -0.243752148, 8.13218679e-006, 0.243752148, 0.969837559, -1.67010238e-005, -3.81598977e-006, 1.81795181e-005, 1, 0.96983753, -0.243752262, 6.44728924e-006, 0.243752262, 0.96983753, -6.925217e-006, -4.56478576e-006, 8.28787669e-006, 1, 0, 0, 0, 0, 0, 0, 0, 0.312365332, -0.153511475, -0.185775854, -0.192412325, 0.515666291, -0.834802675, -0.921508789, 0.197387695, 0.334350586, 0.337230299, 0.833648349, 0.43736824, 0, 0, -0, 0, 0, 0, 0, 0.363076709, -0.0956071289, -0.141761816, 0.0259066419, 0.443366612, -0.895870643, 0.49206543, -0.785644531, -0.374633789, -0.870100512, -0.431114918, -0.238505226, 0, 2, 3, 1, 
368.812694, 45, 0.1, 0.1, 0.0145534361, 0.362764547, -0.0349629005, 0.969837699, -0.243751591, -1.0332578e-005, 0.243751591, 0.969837698, 2.02456806e-005, 5.08600685e-006, -2.21536066e-005, 1, 0.969837677, -0.243751677, -1.22525753e-006, 0.243751677, 0.969837677, 1.24139785e-005, -1.83762716e-006, -1.23382027e-005, 1, 0, 0, 0, 0, 0, 0, 0, 0.312365332, -0.153511475, -0.185775854, -0.192412325, 0.515666291, -0.834802675, -0.921508789, 0.197387695, 0.334350586, 0.337230299, 0.833648349, 0.43736824, 0, 0, -0, 0, 0, 0, 0, 0.363076709, -0.0956071289, -0.141761816, 0.0259066419, 0.443366612, -0.895870643, 0.49206543, -0.785644531, -0.374633789, -0.870100512, -0.431114918, -0.238505226, 0, 2, 3, 1, 
368.813386, 45, 0.1, 0.1, 0.0145534361, 0.362764544, -0.0349653555, 0.969837807, -0.243751158, 8.37664281e-006, 0.243751159, 0.969837807, -1.42664985e-005, -4.64650937e-006, 1.5878006e-005, 1, 0.969837786, -0.243751246, 6.59175804e-006, 0.243751246, 0.969837786, -4.76719156e-006, -5.23092714e-006, 6.23015174e-006, 1, 0, 0, 0, 0, 0, 0, 0, 0.312365332, -0.153511475, -0.185775854, -0.192412325, 0.515666291, -0.834802675, -0.921508789, 0.197387695, 0.334350586, 0.337230299, 0.833648349, 0.43736824, 0, 0, -0, 0, 0, 0, 0, 0.363076709, -0.0956071289, -0.141761816, 0.0259066419, 0.443366612, -0.895870643, 0.49206543, -0.785644531, -0.374633789, -0.870100512, -0.431114918, -0.238505226, 0, 2, 3, 1, 
368.814102, 45, 0.1, 0.1, 0.0145534357, 0.362764545, -0.034968836, 0.969837922, -0.243750702, -7.29686347e-006, 0.243750702, 0.969837922, 1.47282266e-005, 3.48675932e-006, -1.60626083e-005, 1, 0.969837905, -0.243750768, 2.56136919e-007, 0.243750768, 0.969837905, 8.38139895e-006, -2.29138373e-006, -8.06616483e-006, 1, 0, 0, 0, 0, 0, 0, 0, 0.312956567, -0.154777686, -0.185491089, -0.193866247, 0.5171131, -0.833691359, -0.921630859, 0.194946289, 0.335327148, 0.335853883, 0.833419196, 0.438922512, 0, 0, -0, 0, 0, 0, 0, 0.363747168, -0.0964646973, -0.141306055, 0.0253510397, 0.444752702, -0.895206399, 0.495239258, -0.783447266, -0.37512207, -0.868317768, -0.433792317, -0.240153809, 0, 2, 3, 1, 
