time, trialNum, realDorsalTactorPos, realVentralTactorPos, boxPosX, boxPosY, boxPosZ, boxLocalRot_11, boxLocalRot_12, boxLocalRot_13, boxLocalRot_21, boxLocalRot_22, boxLocalRot_23, boxLocalRot_31, boxLocalRot_32, boxLocalRot_33, boxGlobalRot_11, boxGlobalRot_12, boxGlobalRot_13, boxGlobalRot_21, boxGlobalRot_22, boxGlobalRot_23, boxGlobalRot_31, boxGlobalRot_32, boxGlobalRot_33, indexForceX, indexForceY, indexForceZ, indexForceGlobalX, indexForceGlobalY, indexForceGlobalZ, indexContact, indexPosX, indexPosY, indexPosZ, indexRot_11, indexRot_12, indexRot_13, indexRot_21, indexRot_22, indexRot_23, indexRot_31, indexRot_32, indexRot_33, thumbForceX, thumbForceY, thumbForceZ, thumbForceGlobalX, thumbForceGlobalY, thumbForceGlobalZ, thumbContact, thumbPosX, thumbPosY, thumbPosZ, thumbRot_11, thumbRot_12, thumbRot_13, thumbRot_21, thumbRot_22, thumbRot_23, thumbRot_31, thumbRot_32, thumbRot_33, manipForceTooHigh, cceExpType, mapping, trialSuccess, 
426.31967, 52, 0.1, 0.1, 0.0341776459, 0.364856325, -0.0349806745, 0.901527624, -0.432721554, 4.20776661e-007, 0.432721554, 0.901527624, 2.714224e-006, -1.55384501e-006, -2.26486878e-006, 1, 0.90152763, -0.432721541, 1.59679679e-006, 0.432721541, 0.90152763, -4.03197241e-006, 3.05164888e-007, 4.3259029e-006, 1, 0, 0, 0, 0, 0, 0, 0, 0.304024121, -0.0981196045, -0.195029297, -0.335041294, 0.555778173, -0.760716275, -0.898071289, 0.0556640625, 0.436279297, 0.284923797, 0.829396313, 0.480632518, 0, 0, -0, 0, 0, 0, 0, 0.375751367, -0.0441835449, -0.156373389, 0.115975264, 0.471348922, -0.87411134, 0.340698242, -0.845581055, -0.410766602, -0.932929375, -0.250074187, -0.258680147, 0, 2, 5, 1, 
426.367491, 52, 0.1, 0.1, 0.0341780587, 0.364855528, -0.0349677769, 0.901530608, -0.432715338, 6.27650403e-006, 0.432715338, 0.901530608, -2.43224853e-006, -4.60598925e-006, 4.90868605e-006, 1, 0.901530608, -0.432715337, 1.02933055e-005, 0.432715337, 0.901530608, -3.92237054e-006, -7.58246006e-006, 7.99020825e-006, 1, 0, 0, 0, 0, 0, 0, 0, 0.318203052, -0.11628064, -0.195647388, -0.341719261, 0.522275395, -0.781292486, -0.914916992, 0.00500488281, 0.403442383, 0.214668937, 0.852747055, 0.476352362, 0, 0, -0, 0, 0, 0, 0, 0.385192578, -0.0579792969, -0.155253271, 0.120925412, 0.4565211, -0.881393638, 0.412231445, -0.830688477, -0.373901367, -0.902950843, -0.31803646, -0.288658312, 0, 2, 5, 1, 
426.368239, 52, 0.1, 0.1, 0.0341780629, 0.364855519, -0.0349674465, 0.901530607, -0.432715339, 1.17064129e-005, 0.432715339, 0.901530607, -3.8824583e-006, -8.87369028e-006, 8.56569942e-006, 1, 0.901530607, -0.432715339, 8.07448068e-006, 0.432715339, 0.901530607, -2.5095956e-006, -6.19345095e-006, 5.75642889e-006, 1, 0, 0, 0, 0, 0, 0, 0, 0.318203052, -0.11628064, -0.195647388, -0.341719261, 0.522275395, -0.781292486, -0.914916992, 0.00500488281, 0.403442383, 0.214668937, 0.852747055, 0.476352362, 0, 0, -0, 0, 0, 0, 0, 0.385192578, -0.0579792969, -0.155253271, 0.120925412, 0.4565211, -0.881393638, 0.412231445, -0.830688477, -0.373901367, -0.902950843, -0.31803646, -0.288658312, 0, 2, 5, 1, 
426.368936, 52, 0.1, 0.1, 0.0341780667, 0.364855511, -0.0349675478, 0.901530608, -0.432715337, 7.71468713e-006, 0.432715337, 0.901530608, -2.81067633e-006, -5.73880382e-006, 5.87217419e-006, 1, 0.901530608, -0.432715338, -3.92428779e-006, 0.432715338, 0.901530608, 1.18227913e-006, 3.02627524e-006, -2.76396034e-006, 1, 0, 0, 0, 0, 0, 0, 0, 0.318203052, -0.11628064, -0.195647388, -0.341719261, 0.522275395, -0.781292486, -0.914916992, 0.00500488281, 0.403442383, 0.214668937, 0.852747055, 0.476352362, 0, 0, -0, 0, 0, 0, 0, 0.385192578, -0.0579792969, -0.155253271, 0.120925412, 0.4565211, -0.881393638, 0.412231445, -0.830688477, -0.373901367, -0.902950843, -0.31803646, -0.288658312, 0, 2, 5, 1, 
426.369664, 52, 0.1, 0.1, 0.0341780707, 0.364855503, -0.0349679865, 0.901530608, -0.432715336, -5.74555014e-006, 0.432715336, 0.901530608, 1.92278324e-006, 4.34777152e-006, -4.2196356e-006, 1, 0.901530608, -0.432715336, -9.71432124e-006, 0.432715336, 0.901530608, 3.32155933e-006, 7.32046827e-006, -7.19802318e-006, 1, 0, 0, 0, 0, 0, 0, 0, 0.31907478, -0.117514282, -0.195278784, -0.341886255, 0.519896247, -0.782771496, -0.915771484, 0.00219726562, 0.401489258, 0.21049326, 0.85411261, 0.475597878, 0, 0, -0, 0, 0, 0, 0, 0.386215674, -0.0592078125, -0.154872461, 0.122337755, 0.455709202, -0.881636808, 0.415649414, -0.830200195, -0.371459961, -0.901206744, -0.320822133, -0.291015982, 0, 2, 5, 1, 
426.370366, 52, 0.1, 0.1, 0.0341780742, 0.364855496, -0.0349686653, 0.901530608, -0.432715336, -1.01164377e-005, 0.432715336, 0.901530608, 3.50508058e-006, 7.60357609e-006, -7.53747516e-006, 1, 0.901530608, -0.432715336, -6.48713656e-006, 0.432715336, 0.901530608, 2.37081513e-006, 4.8224641e-006, -4.94444588e-006, 1, 0, 0, 0, 0, 0, 0, 0, 0.31907478, -0.117514282, -0.195278784, -0.341886255, 0.519896247, -0.782771496, -0.915771484, 0.00219726562, 0.401489258, 0.21049326, 0.85411261, 0.475597878, 0, 0, -0, 0, 0, 0, 0, 0.386215674, -0.0592078125, -0.154872461, 0.122337755, 0.455709202, -0.881636808, 0.415649414, -0.830200195, -0.371459961, -0.901206744, -0.320822133, -0.291015982, 0, 2, 5, 1, 
426.371065, 52, 0.1, 0.1, 0.0341780775, 0.364855489, -0.0349695514, 0.901530608, -0.432715336, -7.11258905e-006, 0.432715336, 0.901530608, 2.42171154e-006, 5.36430501e-006, -5.26097344e-006, 1, 0.901530608, -0.432715336, 4.39705624e-006, 0.432715336, 0.901530608, -1.58752783e-006, -3.27713315e-006, 3.3338786e-006, 1, 0, 0, 0, 0, 0, 0, 0, 0.31907478, -0.117514282, -0.195278784, -0.341886255, 0.519896247, -0.782771496, -0.915771484, 0.00219726562, 0.401489258, 0.21049326, 0.85411261, 0.475597878, 0, 0, -0, 0, 0, 0, 0, 0.386215674, -0.0592078125, -0.154872461, 0.122337755, 0.455709202, -0.881636808, 0.415649414, -0.830200195, -0.371459961, -0.901206744, -0.320822133, -0.291015982, 0, 2, 5, 1, 
426.371756, 52, 0.1, 0.1, 0.0341780812, 0.364855481, -0.034970341, 0.901530609, -0.432715334, 3.92360914e-006, 0.432715334, 0.901530609, -1.10944323e-006, -3.05718064e-006, 2.69800287e-006, 1, 0.901530609, -0.432715335, 7.60024769e-006, 0.432715335, 0.901530609, -2.33329895e-006, -5.84220169e-006, 5.39228415e-006, 1, 0, 0, 0, 0, 0, 0, 0, 0.31907478, -0.117514282, -0.195278784, -0.341886255, 0.519896247, -0.782771496, -0.915771484, 0.00219726562, 0.401489258, 0.21049326, 0.85411261, 0.475597878, 0, 0, -0, 0, 0, 0, 0, 0.386215674, -0.0592078125, -0.154872461, 0.122337755, 0.455709202, -0.881636808, 0.415649414, -0.830200195, -0.371459961, -0.901206744, -0.320822133, -0.291015982, 0, 2, 5, 1, 
426.37247, 52, 0.1, 0.1, 0.0341780858, 0.364855473, -0.0349707139, 0.90153061, -0.432715332, 7.64353057e-006, 0.432715332, 0.90153061, -2.7031672e-006, -5.72117489e-006, 5.74446085e-006, 1, 0.90153061, -0.432715332, 4.21579054e-006, 0.432715332, 0.90153061, -1.59206698e-006, -3.11175242e-006, 3.25953432e-006, 1, 0, 0, 0, 0, 0, 0, 0, 0.31907478, -0.117514282, -0.195278784, -0.341886255, 0.519896247, -0.782771496, -0.915771484, 0.00219726562, 0.401489258, 0.21049326, 0.85411261, 0.475597878, 0, 0, -0, 0, 0, 0, 0, 0.386215674, -0.0592078125, -0.154872461, 0.122337755, 0.455709202, -0.881636808, 0.415649414, -0.830200195, -0.371459961, -0.901206744, -0.320822133, -0.291015982, 0, 2, 5, 1, 
426.37317, 52, 0.1, 0.1, 0.0341780901, 0.364855466, -0.0349706748, 0.90153061, -0.432715333, 5.66074192e-006, 0.432715333, 0.90153061, -1.92244442e-006, -4.27146094e-006, 4.18263232e-006, 1, 0.90153061, -0.432715333, -5.1605576e-006, 0.432715333, 0.90153061, 2.05087252e-006, 3.76495666e-006, -4.08197675e-006, 1, 0, 0, 0, 0, 0, 0, 0, 0.31907478, -0.117514282, -0.195278784, -0.341886255, 0.519896247, -0.782771496, -0.915771484, 0.00219726562, 0.401489258, 0.21049326, 0.85411261, 0.475597878, 0, 0, -0, 0, 0, 0, 0, 0.386215674, -0.0592078125, -0.154872461, 0.122337755, 0.455709202, -0.881636808, 0.415649414, -0.830200195, -0.371459961, -0.901206744, -0.320822133, -0.291015982, 0, 2, 5, 1, 
426.373864, 52, 0.1, 0.1, 0.0341780937, 0.364855459, -0.0349702852, 0.90153061, -0.432715333, -4.17509296e-006, 0.432715333, 0.90153061, 1.39355712e-006, 3.16096057e-006, -3.06296114e-006, 1, 0.90153061, -0.432715333, -8.22030528e-006, 0.432715333, 0.90153061, 2.64875504e-006, 6.26469992e-006, -5.94498588e-006, 1, 0, 0, 0, 0, 0, 0, 0, 0.31907478, -0.117514282, -0.195278784, -0.341886255, 0.519896247, -0.782771496, -0.915771484, 0.00219726562, 0.401489258, 0.21049326, 0.85411261, 0.475597878, 0, 0, -0, 0, 0, 0, 0, 0.386215674, -0.0592078125, -0.154872461, 0.122337755, 0.455709202, -0.881636808, 0.415649414, -0.830200195, -0.371459961, -0.901206744, -0.320822133, -0.291015982, 0, 2, 5, 1, 
426.374594, 52, 0.1, 0.1, 0.0341780965, 0.364855451, -0.0349694353, 0.901530611, -0.43271533, -8.74767356e-006, 0.43271533, 0.901530611, 2.91448857e-006, 6.6251516e-006, -6.41275312e-006, 1, 0.901530611, -0.432715331, -5.34071007e-006, 0.432715331, 0.901530611, 1.92509695e-006, 3.98179465e-006, -4.04654096e-006, 1, 0, 0, 0, 0, 0, 0, 0, 0.320122998, -0.11847854, -0.195078613, -0.34295451, 0.518443447, -0.78323467, -0.916381836, -0.00170898438, 0.400146484, 0.206089553, 0.855084263, 0.47579483, 0, 0, -0, 0, 0, 0, 0, 0.386884424, -0.0599288086, -0.15488125, 0.121794913, 0.456091996, -0.881387808, 0.419433594, -0.828491211, -0.370849609, -0.899545402, -0.324464181, -0.292217238, 0, 2, 5, 1, 
426.375295, 52, 0.1, 0.1, 0.034178099, 0.364855445, -0.0349684994, 0.901530611, -0.43271533, -5.1554024e-006, 0.43271533, 0.901530611, 2.00638968e-006, 3.7795575e-006, -4.03964337e-006, 1, 0.901530611, -0.43271533, 6.11132799e-006, 0.43271533, 0.901530611, -2.07935308e-006, -4.6097813e-006, 4.51906576e-006, 1, 0, 0, 0, 0, 0, 0, 0, 0.320122998, -0.11847854, -0.195078613, -0.34295451, 0.518443447, -0.78323467, -0.916381836, -0.00170898438, 0.400146484, 0.206089553, 0.855084263, 0.47579483, 0, 0, -0, 0, 0, 0, 0, 0.386884424, -0.0599288086, -0.15488125, 0.121794913, 0.456091996, -0.881387808, 0.419433594, -0.828491211, -0.370849609, -0.899545402, -0.324464181, -0.292217238, 0, 2, 5, 1, 
426.375993, 52, 0.1, 0.1, 0.0341781017, 0.364855438, -0.0349679538, 0.901530611, -0.432715332, 5.8753308e-006, 0.432715332, 0.901530611, -2.32295229e-006, -4.29161349e-006, 4.63655832e-006, 1, 0.901530611, -0.432715331, 1.01555624e-005, 0.432715331, 0.901530611, -3.75590917e-006, -7.53031092e-006, 7.78053466e-006, 1, 0, 0, 0, 0, 0, 0, 0, 0.320122998, -0.11847854, -0.195078613, -0.34295451, 0.518443447, -0.78323467, -0.916381836, -0.00170898438, 0.400146484, 0.206089553, 0.855084263, 0.47579483, 0, 0, -0, 0, 0, 0, 0, 0.386884424, -0.0599288086, -0.15488125, 0.121794913, 0.456091996, -0.881387808, 0.419433594, -0.828491211, -0.370849609, -0.899545402, -0.324464181, -0.292217238, 0, 2, 5, 1, 
426.376702, 52, 0.1, 0.1, 0.0341781056, 0.364855431, -0.0349678271, 0.901530611, -0.43271533, 9.62441834e-006, 0.432715331, 0.901530611, -3.0666335e-006, -7.34972842e-006, 6.92929734e-006, 1, 0.901530611, -0.432715331, 5.6782605e-006, 0.432715331, 0.901530611, -1.74556081e-006, -4.36379473e-006, 4.03074687e-006, 1, 0, 0, 0, 0, 0, 0, 0, 0.320122998, -0.11847854, -0.195078613, -0.344053843, 0.516628944, -0.783952083, -0.916625977, -0.00427246094, 0.399536133, 0.20305028, 0.856113203, 0.475166905, 0, 0, -0, 0, 0, 0, 0, 0.386884424, -0.0599288086, -0.15488125, 0.121794913, 0.456091996, -0.881387808, 0.419433594, -0.828491211, -0.370849609, -0.899545402, -0.324464181, -0.292217238, 0, 2, 5, 1, 
426.377417, 52, 0.1, 0.1, 0.03417811, 0.364855423, -0.0349678634, 0.901530612, -0.432715328, 4.87426243e-006, 0.432715328, 0.901530612, -1.9099938e-006, -3.5678132e-006, 3.83108595e-006, 1, 0.901530612, -0.432715329, -6.72349176e-006, 0.432715329, 0.901530612, 2.13989675e-006, 5.13546752e-006, -4.83854038e-006, 1, 0, 0, 0, 0, 0, 0, 0, 0.320950537, -0.119907593, -0.195117187, -0.344053843, 0.516628944, -0.783952083, -0.916625977, -0.00427246094, 0.399536133, 0.20305028, 0.856113203, 0.475166905, 0, 0, -0, 0, 0, 0, 0, 0.387562939, -0.0613356445, -0.154684863, 0.121545913, 0.455861586, -0.881554052, 0.421875, -0.827636719, -0.369873047, -0.898344145, -0.326943253, -0.292971167, 0, 2, 5, 1, 
426.378113, 52, 0.1, 0.1, 0.0341781139, 0.364855416, -0.0349684248, 0.901530612, -0.432715329, -5.62740544e-006, 0.432715329, 0.901530612, 2.14021261e-006, 4.14717546e-006, -4.36453178e-006, 1, 0.901530612, -0.432715329, -9.88319711e-006, 0.432715329, 0.901530612, 3.74458699e-006, 7.28966455e-006, -7.65247069e-006, 1, 0, 0, 0, 0, 0, 0, 0, 0.320950537, -0.119907593, -0.195117187, -0.344053843, 0.516628944, -0.783952083, -0.916625977, -0.00427246094, 0.399536133, 0.20305028, 0.856113203, 0.475166905, 0, 0, -0, 0, 0, 0, 0, 0.387562939, -0.0613356445, -0.154684863, 0.121545913, 0.455861586, -0.881554052, 0.421875, -0.827636719, -0.369873047, -0.898344145, -0.326943253, -0.292971167, 0, 2, 5, 1, 
426.378805, 52, 0.1, 0.1, 0.0341781166, 0.36485541, -0.0349692905, 0.90153061, -0.432715332, -8.74419443e-006, 0.432715332, 0.901530611, 3.17178833e-006, 6.5106775e-006, -6.64321127e-006, 1, 0.901530611, -0.432715331, -5.37895869e-006, 0.432715331, 0.901530611, 1.94856605e-006, 4.00612151e-006, -4.08424983e-006, 1, 0, 0, 0, 0, 0, 0, 0, 0.320950537, -0.119907593, -0.195117187, -0.344053843, 0.516628944, -0.783952083, -0.916625977, -0.00427246094, 0.399536133, 0.20305028, 0.856113203, 0.475166905, 0, 0, -0, 0, 0, 0, 0, 0.387562939, -0.0613356445, -0.154684863, 0.121545913, 0.455861586, -0.881554052, 0.421875, -0.827636719, -0.369873047, -0.898344145, -0.326943253, -0.292971167, 0, 2, 5, 1, 
426.379504, 52, 0.1, 0.1, 0.0341781188, 0.364855404, -0.0349701679, 0.901530609, -0.432715336, -4.26584886e-006, 0.432715336, 0.901530609, 1.60918259e-006, 3.14947533e-006, -3.29662559e-006, 1, 0.901530609, -0.432715335, 6.33753873e-006, 0.432715335, 0.901530609, -2.29928468e-006, -4.71854941e-006, 4.81522571e-006, 1, 0, 0, 0, 0, 0, 0, 0, 0.320950537, -0.119907593, -0.195117187, -0.344053843, 0.516628944, -0.783952083, -0.916625977, -0.00427246094, 0.399536133, 0.20305028, 0.856113203, 0.475166905, 0, 0, -0, 0, 0, 0, 0, 0.387562939, -0.0613356445, -0.154684863, 0.121545913, 0.455861586, -0.881554052, 0.421875, -0.827636719, -0.369873047, -0.898344145, -0.326943253, -0.292971167, 0, 2, 5, 1, 
426.380223, 52, 0.1, 0.1, 0.0341781212, 0.364855397, -0.0349707374, 0.901530607, -0.432715339, 6.06336574e-006, 0.432715339, 0.901530607, -2.39797139e-006, -4.42867079e-006, 4.78555596e-006, 1, 0.901530607, -0.432715339, 1.01234321e-005, 0.432715339, 0.901530607, -3.54695156e-006, -7.59176353e-006, 7.57824974e-006, 1, 0, 0, 0, 0, 0, 0, 0, 0.320950537, -0.119907593, -0.195117187, -0.344053843, 0.516628944, -0.783952083, -0.916625977, -0.00427246094, 0.399536133, 0.20305028, 0.856113203, 0.475166905, 0, 0, -0, 0, 0, 0, 0, 0.387562939, -0.0613356445, -0.154684863, 0.121545913, 0.455861586, -0.881554052, 0.421875, -0.827636719, -0.369873047, -0.898344145, -0.326943253, -0.292971167, 0, 2, 5, 1, 
426.380913, 52, 0.1, 0.1, 0.0341781245, 0.364855391, -0.03497076, 0.901530606, -0.43271534, 9.00432779e-006, 0.43271534, 0.901530606, -3.41112731e-006, -6.64162998e-006, 6.97154643e-006, 1, 0.901530607, -0.43271534, 5.83838734e-006, 0.43271534, 0.901530607, -2.46935846e-006, -4.1949556e-006, 4.75256199e-006, 1, 0, 0, 0, 0, 0, 0, 0, 0.320950537, -0.119907593, -0.195117187, -0.344053843, 0.516628944, -0.783952083, -0.916625977, -0.00427246094, 0.399536133, 0.20305028, 0.856113203, 0.475166905, 0, 0, -0, 0, 0, 0, 0, 0.387562939, -0.0613356445, -0.154684863, 0.121545913, 0.455861586, -0.881554052, 0.421875, -0.827636719, -0.369873047, -0.898344145, -0.326943253, -0.292971167, 0, 2, 5, 1, 
426.381642, 52, 0.1, 0.1, 0.0341781283, 0.364855384, -0.0349702474, 0.901530605, -0.432715344, 6.55309222e-006, 0.432715344, 0.901530605, -2.04206872e-006, -5.02417872e-006, 4.676611e-006, 1, 0.901530605, -0.432715343, -5.04013664e-006, 0.432715343, 0.901530605, 2.13483172e-006, 3.620063e-006, -4.10556058e-006, 1, 0, 0, 0, 0, 0, 0, 0, 0.321081128, -0.121291846, -0.195111084, -0.345742909, 0.515721693, -0.783831515, -0.916503906, -0.00659179688, 0.399780273, 0.200969555, 0.856627674, 0.475147809, 0, 0, -0, 0, 0, 0, 0, 0.387562939, -0.0613356445, -0.154684863, 0.121175512, 0.455643936, -0.881720297, 0.424438477, -0.826782227, -0.368896484, -0.897155649, -0.329543725, -0.293725096, 0, 2, 5, 1, 
426.382344, 52, 0.1, 0.1, 0.0341781319, 0.364855378, -0.0349693372, 0.901530604, -0.432715345, -5.63758842e-006, 0.432715345, 0.901530604, 1.44777381e-006, 4.45598455e-006, -3.74468341e-006, 1, 0.901530604, -0.432715345, -9.57756847e-006, 0.432715345, 0.901530604, 2.80620717e-006, 7.42018219e-006, -6.67424249e-006, 1, 0, 0, 0, 0, 0, 0, 0, 0.321081128, -0.121291846, -0.195111084, -0.345742909, 0.515721693, -0.783831515, -0.916503906, -0.00659179688, 0.399780273, 0.200969555, 0.856627674, 0.475147809, 0, 0, -0, 0, 0, 0, 0, 0.38778667, -0.0625209473, -0.154488477, 0.121175512, 0.455643936, -0.881720297, 0.424438477, -0.826782227, -0.368896484, -0.897155649, -0.329543725, -0.293725096, 0, 2, 5, 1, 
426.383045, 52, 0.1, 0.1, 0.0341781347, 0.364855371, -0.0349685218, 0.901530603, -0.432715346, -9.94832662e-006, 0.432715346, 0.901530603, 3.89930285e-006, 7.28143271e-006, -7.82013445e-006, 1, 0.901530604, -0.432715346, -6.22964267e-006, 0.432715346, 0.901530604, 2.46667584e-006, 4.54884503e-006, -4.91944574e-006, 1, 0, 0, 0, 0, 0, 0, 0, 0.321081128, -0.121291846, -0.195111084, -0.345742909, 0.515721693, -0.783831515, -0.916503906, -0.00659179688, 0.399780273, 0.200969555, 0.856627674, 0.475147809, 0, 0, -0, 0, 0, 0, 0, 0.38778667, -0.0625209473, -0.154488477, 0.121175512, 0.455643936, -0.881720297, 0.424438477, -0.826782227, -0.368896484, -0.897155649, -0.329543725, -0.293725096, 0, 2, 5, 1, 
426.383741, 52, 0.1, 0.1, 0.0341781373, 0.364855365, -0.0349680002, 0.901530603, -0.432715348, -6.78796315e-006, 0.432715348, 0.901530603, 1.94836082e-006, 5.27647088e-006, -4.69376274e-006, 1, 0.901530603, -0.432715348, 4.86926738e-006, 0.432715348, 0.901530603, -1.93126144e-006, -3.55410708e-006, 3.84809802e-006, 1, 0, 0, 0, 0, 0, 0, 0, 0.321081128, -0.121291846, -0.195111084, -0.345742909, 0.515721693, -0.783831515, -0.916503906, -0.00659179688, 0.399780273, 0.200969555, 0.856627674, 0.475147809, 0, 0, -0, 0, 0, 0, 0, 0.38778667, -0.0625209473, -0.154488477, 0.121175512, 0.455643936, -0.881720297, 0.424438477, -0.826782227, -0.368896484, -0.897155649, -0.329543725, -0.293725096, 0, 2, 5, 1, 
426.384466, 52, 0.1, 0.1, 0.0341781401, 0.364855359, -0.0349678897, 0.901530603, -0.432715348, 4.73774755e-006, 0.432715348, 0.901530603, -1.48469551e-006, -3.62877387e-006, 3.38859452e-006, 1, 0.901530603, -0.432715348, 9.2185799e-006, 0.432715348, 0.901530603, -3.41211644e-006, -6.83435674e-006, 7.0651484e-006, 1, 0, 0, 0, 0, 0, 0, 0, 0.321081128, -0.121291846, -0.195111084, -0.345742909, 0.515721693, -0.783831515, -0.916503906, -0.00659179688, 0.399780273, 0.200969555, 0.856627674, 0.475147809, 0, 0, -0, 0, 0, 0, 0, 0.38778667, -0.0625209473, -0.154488477, 0.121175512, 0.455643936, -0.881720297, 0.424438477, -0.826782227, -0.368896484, -0.897155649, -0.329543725, -0.293725096, 0, 2, 5, 1, 
426.385179, 52, 0.1, 0.1, 0.0341781443, 0.364855352, -0.0349678437, 0.901530601, -0.432715352, 8.25760028e-006, 0.432715352, 0.901530601, -2.85032527e-006, -6.21109984e-006, 6.14284586e-006, 1, 0.901530601, -0.432715351, 4.5771554e-006, 0.432715351, 0.901530601, -1.31805177e-006, -3.55610442e-006, 3.16886941e-006, 1, 0, 0, 0, 0, 0, 0, 0, 0.321081128, -0.121291846, -0.195111084, -0.345742909, 0.515721693, -0.783831515, -0.916503906, -0.00659179688, 0.399780273, 0.200969555, 0.856627674, 0.475147809, 0, 0, -0, 0, 0, 0, 0, 0.38778667, -0.0625209473, -0.154488477, 0.121175512, 0.455643936, -0.881720297, 0.424438477, -0.826782227, -0.368896484, -0.897155649, -0.329543725, -0.293725096, 0, 2, 5, 1, 
426.385871, 52, 0.1, 0.1, 0.0341781483, 0.364855346, -0.0349682866, 0.901530601, -0.432715352, 5.13585179e-006, 0.432715352, 0.901530601, -2.38093637e-006, -3.59985983e-006, 4.36884891e-006, 1, 0.901530601, -0.432715352, -6.56296583e-006, 0.432715352, 0.901530601, 1.62091053e-006, 5.21532166e-006, -4.30119651e-006, 1, 0, 0, 0, 0, 0, 0, 0, 0.321081128, -0.121291846, -0.195111084, -0.345742909, 0.515721693, -0.783831515, -0.916503906, -0.00659179688, 0.399780273, 0.200969555, 0.856627674, 0.475147809, 0, 0, -0, 0, 0, 0, 0, 0.38778667, -0.0625209473, -0.154488477, 0.121175512, 0.455643936, -0.881720297, 0.424438477, -0.826782227, -0.368896484, -0.897155649, -0.329543725, -0.293725096, 0, 2, 5, 1, 
426.386602, 52, 0.1, 0.1, 0.0341781519, 0.364855339, -0.0349688517, 0.9015306, -0.432715354, -5.89826587e-006, 0.432715354, 0.9015306, 2.75900954e-006, 4.12360138e-006, -5.03960173e-006, 1, 0.9015306, -0.432715354, -1.01525865e-005, 0.432715354, 0.9015306, 4.16411405e-006, 7.35099134e-006, -8.14725631e-006, 1, 0, 0, 0, 0, 0, 0, 0, 0.321873389, -0.122452856, -0.195100952, -0.347546551, 0.514814441, -0.78365366, -0.916381836, -0.00988769532, 0.399902344, 0.198165426, 0.857142144, 0.475490416, 0, 0, -0, 0, 0, 0, 0, 0.388438574, -0.0636862305, -0.154286963, 0.120575067, 0.45564357, -0.88192482, 0.426879883, -0.825805664, -0.368286133, -0.896114074, -0.331875876, -0.294114821, 0, 2, 5, 1, 
426.387304, 52, 0.1, 0.1, 0.0341781544, 0.364855334, -0.0349693549, 0.901530599, -0.432715355, -9.08182777e-006, 0.432715355, 0.901530599, 2.93538977e-006, 6.9173574e-006, -6.57619003e-006, 1, 0.901530599, -0.432715355, -5.76428782e-006, 0.432715355, 0.901530599, 2.11022584e-006, 4.28355473e-006, -4.39672902e-006, 1, 0, 0, 0, 0, 0, 0, 0, 0.321873389, -0.122452856, -0.195100952, -0.347546551, 0.514814441, -0.78365366, -0.916381836, -0.00988769532, 0.399902344, 0.198165426, 0.857142144, 0.475490416, 0, 0, -0, 0, 0, 0, 0, 0.388438574, -0.0636862305, -0.154286963, 0.120575067, 0.45564357, -0.88192482, 0.426879883, -0.825805664, -0.368286133, -0.896114074, -0.331875876, -0.294114821, 0, 2, 5, 1, 
426.388009, 52, 0.1, 0.1, 0.0341781564, 0.364855328, -0.0349698727, 0.901530598, -0.432715358, -5.024148e-006, 0.432715358, 0.901530598, 1.48711545e-006, 3.88592546e-006, -3.51470608e-006, 1, 0.901530598, -0.432715357, 5.97443071e-006, 0.432715357, 0.901530598, -2.5870847e-006, -4.26666082e-006, 4.91756393e-006, 1, 0, 0, 0, 0, 0, 0, 0, 0.321873389, -0.122452856, -0.195100952, -0.347546551, 0.514814441, -0.78365366, -0.916381836, -0.00988769532, 0.399902344, 0.198165426, 0.857142144, 0.475490416, 0, 0, -0, 0, 0, 0, 0, 0.388438574, -0.0636862305, -0.154286963, 0.120575067, 0.45564357, -0.88192482, 0.426879883, -0.825805664, -0.368286133, -0.896114074, -0.331875876, -0.294114821, 0, 2, 5, 1, 
426.388724, 52, 0.1, 0.1, 0.0341781589, 0.364855322, -0.0349699132, 0.901530597, -0.432715359, 5.98005739e-006, 0.432715359, 0.901530597, -2.07998987e-006, -4.49116115e-006, 4.46283719e-006, 1, 0.901530597, -0.432715359, 9.80147868e-006, 0.432715359, 0.901530597, -3.25579467e-006, -7.42750057e-006, 7.17644888e-006, 1, 0, 0, 0, 0, 0, 0, 0, 0.321873389, -0.122452856, -0.195100952, -0.347546551, 0.514814441, -0.78365366, -0.916381836, -0.00988769532, 0.399902344, 0.198165426, 0.857142144, 0.475490416, 0, 0, -0, 0, 0, 0, 0, 0.388438574, -0.0636862305, -0.154286963, 0.120575067, 0.45564357, -0.88192482, 0.426879883, -0.825805664, -0.368286133, -0.896114074, -0.331875876, -0.294114821, 0, 2, 5, 1, 
426.389439, 52, 0.1, 0.1, 0.0341781621, 0.364855316, -0.0349696403, 0.901530598, -0.432715358, 9.5671559e-006, 0.432715358, 0.901530598, -3.61969835e-006, -7.05878471e-006, 7.40312411e-006, 1, 0.901530598, -0.432715358, 6.10594647e-006, 0.432715358, 0.901530598, -2.53367118e-006, -4.40833914e-006, 4.92631891e-006, 1, 0, 0, 0, 0, 0, 0, 0, 0.321873389, -0.122452856, -0.195100952, -0.347546551, 0.514814441, -0.78365366, -0.916381836, -0.00988769532, 0.399902344, 0.198165426, 0.857142144, 0.475490416, 0, 0, -0, 0, 0, 0, 0, 0.388648877, -0.0648629883, -0.154075439, 0.120121544, 0.45536212, -0.882020702, 0.428588867, -0.825195313, -0.367553711, -0.895302542, -0.33386934, -0.294370384, 0, 2, 5, 1, 
426.390137, 52, 0.1, 0.1, 0.0341781652, 0.364855311, -0.0349693494, 0.901530597, -0.432715361, 6.9799739e-006, 0.432715361, 0.901530597, -2.32361079e-006, -5.28719795e-006, 5.11514814e-006, 1, 0.901530597, -0.43271536, -4.38307607e-006, 0.43271536, 0.901530597, 1.7682021e-006, 3.18634898e-006, -3.49071263e-006, 1, 0, 0, 0, 0, 0, 0, 0, 0.321873389, -0.122452856, -0.195100952, -0.347546551, 0.514814441, -0.78365366, -0.916381836, -0.00988769532, 0.399902344, 0.198165426, 0.857142144, 0.475490416, 0, 0, -0, 0, 0, 0, 0, 0.388648877, -0.0648629883, -0.154075439, 0.120121544, 0.45536212, -0.882020702, 0.428588867, -0.825195313, -0.367553711, -0.895302542, -0.33386934, -0.294370384, 0, 2, 5, 1, 
426.390831, 52, 0.1, 0.1, 0.0341781679, 0.364855305, -0.0349691359, 0.901530596, -0.432715362, -4.13551029e-006, 0.432715362, 0.901530596, 1.52459841e-006, 3.06857191e-006, -3.16397095e-006, 1, 0.901530596, -0.432715362, -8.09011575e-006, 0.432715362, 0.901530596, 2.91535301e-006, 6.03196884e-006, -6.1289973e-006, 1, 0, 0, 0, 0, 0, 0, 0, 0.321873389, -0.122452856, -0.195100952, -0.347546551, 0.514814441, -0.78365366, -0.916381836, -0.00988769532, 0.399902344, 0.198165426, 0.857142144, 0.475490416, 0, 0, -0, 0, 0, 0, 0, 0.388648877, -0.0648629883, -0.154075439, 0.120121544, 0.45536212, -0.882020702, 0.428588867, -0.825195313, -0.367553711, -0.895302542, -0.33386934, -0.294370384, 0, 2, 5, 1, 
426.391547, 52, 0.1, 0.1, 0.0341781696, 0.3648553, -0.0349688506, 0.901530596, -0.432715362, -8.0355133e-006, 0.432715362, 0.901530596, 2.92582521e-006, 5.97821158e-006, -6.11481099e-006, 1, 0.901530596, -0.432715362, -4.43610523e-006, 0.432715362, 0.901530596, 1.50265616e-006, 3.34906219e-006, -3.27426138e-006, 1, 0, 0, 0, 0, 0, 0, 0, 0.322485132, -0.123379761, -0.194872339, -0.34850622, 0.514129229, -0.783577276, -0.916625977, -0.0129394531, 0.399291992, 0.195227624, 0.857497855, 0.475972685, 0, 0, -0, 0, 0, 0, 0, 0.388648877, -0.0648629883, -0.154075439, 0.120121544, 0.45536212, -0.882020702, 0.428588867, -0.825195313, -0.367553711, -0.895302542, -0.33386934, -0.294370384, 0, 2, 5, 1, 
426.392248, 52, 0.1, 0.1, 0.0341781714, 0.364855294, -0.0349687365, 0.901530597, -0.432715361, -5.71835251e-006, 0.432715361, 0.901530597, 1.60178149e-006, 4.4621543e-006, -3.91847399e-006, 1, 0.901530596, -0.432715362, 5.79653527e-006, 0.432715362, 0.901530596, -2.28940549e-006, -4.23509297e-006, 4.57221895e-006, 1, 0, 0, 0, 0, 0, 0, 0, 0.322485132, -0.123379761, -0.194872339, -0.34850622, 0.514129229, -0.783577276, -0.916625977, -0.0129394531, 0.399291992, 0.195227624, 0.857497855, 0.475972685, 0, 0, -0, 0, 0, 0, 0, 0.388648877, -0.0648629883, -0.154075439, 0.120121544, 0.45536212, -0.882020702, 0.428588867, -0.825195313, -0.367553711, -0.895302542, -0.33386934, -0.294370384, 0, 2, 5, 1, 
426.39294, 52, 0.1, 0.1, 0.0341781738, 0.364855289, -0.0349688674, 0.901530598, -0.432715358, 4.90463692e-006, 0.432715358, 0.901530598, -1.43856841e-006, -3.79918961e-006, 3.41922516e-006, 1, 0.901530598, -0.432715358, 8.92833299e-006, 0.432715358, 0.901530598, -3.1795834e-006, -6.67331081e-006, 6.72991853e-006, 1, 0, 0, 0, 0, 0, 0, 0, 0.322485132, -0.123379761, -0.194872339, -0.34850622, 0.514129229, -0.783577276, -0.916625977, -0.0129394531, 0.399291992, 0.195227624, 0.857497855, 0.475972685, 0, 0, -0, 0, 0, 0, 0, 0.388648877, -0.0648629883, -0.154075439, 0.120121544, 0.45536212, -0.882020702, 0.428588867, -0.825195313, -0.367553711, -0.895302542, -0.33386934, -0.294370384, 0, 2, 5, 1, 
426.393641, 52, 0.1, 0.1, 0.0341781774, 0.364855283, -0.0349691422, 0.901530597, -0.432715359, 7.48582672e-006, 0.432715359, 0.901530597, -2.32004204e-006, -5.74478401e-006, 5.33082109e-006, 1, 0.901530598, -0.432715359, 4.11651398e-006, 0.432715359, 0.901530598, -9.45722677e-007, -3.30193458e-006, 2.63387675e-006, 1, 0, 0, 0, 0, 0, 0, 0, 0.322485132, -0.123379761, -0.194872339, -0.34850622, 0.514129229, -0.783577276, -0.916625977, -0.0129394531, 0.399291992, 0.195227624, 0.857497855, 0.475972685, 0, 0, -0, 0, 0, 0, 0, 0.388648877, -0.0648629883, -0.154075439, 0.120121544, 0.45536212, -0.882020702, 0.428588867, -0.825195313, -0.367553711, -0.895302542, -0.33386934, -0.294370384, 0, 2, 5, 1, 
426.394365, 52, 0.1, 0.1, 0.0341781818, 0.364855277, -0.0349692433, 0.901530599, -0.432715356, 2.80572956e-006, 0.432715356, 0.901530599, -1.05707072e-006, -2.07204032e-006, 2.16706387e-006, 1, 0.901530599, -0.432715356, -8.40451478e-006, 0.432715357, 0.901530599, 2.68661226e-006, 6.41438885e-006, -6.05882577e-006, 1, 0, 0, 0, 0, 0, 0, 0, 0.32204021, -0.123731885, -0.196272559, -0.352840656, 0.516045203, -0.780523777, -0.915039062, -0.0162353516, 0.402832031, 0.19517258, 0.856329251, 0.478084489, 0, 0, -0, 0, 0, 0, 0, 0.388176611, -0.0659599121, -0.155145752, 0.116479496, 0.456135006, -0.882180017, 0.429077148, -0.82409668, -0.369506836, -0.895685337, -0.335383762, -0.291686789, 0, 2, 5, 1, 
426.395087, 52, 0.1, 0.1, 0.0341781856, 0.364855271, -0.0349693161, 0.9015306, -0.432715354, -6.04659693e-006, 0.432715354, 0.9015306, 2.22592875e-006, 4.48799861e-006, -4.62319821e-006, 1, 0.9015306, -0.432715354, -1.09909053e-005, 0.432715354, 0.9015306, 4.18758159e-006, 8.09660657e-006, -8.53116641e-006, 1, 0, 0, 0, 0, 0, 0, 0, 0.32204021, -0.123731885, -0.196272559, -0.352840656, 0.516045203, -0.780523777, -0.915039062, -0.0162353516, 0.402832031, 0.19517258, 0.856329251, 0.478084489, 0, 0, -0, 0, 0, 0, 0, 0.388176611, -0.0659599121, -0.155145752, 0.116479496, 0.456135006, -0.882180017, 0.429077148, -0.82409668, -0.369506836, -0.895685337, -0.335383762, -0.291686789, 0, 2, 5, 1, 
426.395782, 52, 0.1, 0.1, 0.0341781876, 0.364855266, -0.0349692013, 0.901530599, -0.432715355, -8.41168842e-006, 0.432715355, 0.901530599, 2.75645694e-006, 6.39063325e-006, -6.12489702e-006, 1, 0.901530599, -0.432715355, -5.21542293e-006, 0.432715355, 0.901530599, 1.50934706e-006, 4.04874571e-006, -3.61751614e-006, 1, 0, 0, 0, 0, 0, 0, 0, 0.32204021, -0.123731885, -0.196272559, -0.352840656, 0.516045203, -0.780523777, -0.915039062, -0.0162353516, 0.402832031, 0.19517258, 0.856329251, 0.478084489, 0, 0, -0, 0, 0, 0, 0, 0.388176611, -0.0659599121, -0.155145752, 0.116479496, 0.456135006, -0.882180017, 0.429077148, -0.82409668, -0.369506836, -0.895685337, -0.335383762, -0.291686789, 0, 2, 5, 1, 
426.396484, 52, 0.1, 0.1, 0.0341781888, 0.364855261, -0.0349691678, 0.9015306, -0.432715353, -3.76980876e-006, 0.432715353, 0.9015306, 1.27884316e-006, 2.84522288e-006, -2.78417037e-006, 1, 0.9015306, -0.432715354, 7.35537483e-006, 0.432715354, 0.9015306, -2.42812852e-006, -5.58040699e-006, 5.37181578e-006, 1, 0, 0, 0, 0, 0, 0, 0, 0.32204021, -0.123731885, -0.196272559, -0.352840656, 0.516045203, -0.780523777, -0.915039062, -0.0162353516, 0.402832031, 0.19517258, 0.856329251, 0.478084489, 0, 0, -0, 0, 0, 0, 0, 0.388176611, -0.0659599121, -0.155145752, 0.116479496, 0.456135006, -0.882180017, 0.429077148, -0.82409668, -0.369506836, -0.895685337, -0.335383762, -0.291686789, 0, 2, 5, 1, 
426.397183, 52, 0.1, 0.1, 0.0341781902, 0.364855257, -0.0349692317, 0.901530601, -0.432715351, 7.37625265e-006, 0.432715351, 0.901530601, -2.39639848e-006, -5.61295907e-006, 5.35224432e-006, 1, 0.901530601, -0.432715351, 1.13283166e-005, 0.432715351, 0.901530601, -4.0562176e-006, -8.45763643e-006, 8.55874078e-006, 1, 0, 0, 0, 0, 0, 0, 0, 0.32204021, -0.123731885, -0.196272559, -0.352840656, 0.516045203, -0.780523777, -0.915039062, -0.0162353516, 0.402832031, 0.19517258, 0.856329251, 0.478084489, 0, 0, -0, 0, 0, 0, 0, 0.388176611, -0.0659599121, -0.155145752, 0.116479496, 0.456135006, -0.882180017, 0.429077148, -0.82409668, -0.369506836, -0.895685337, -0.335383762, -0.291686789, 0, 2, 5, 1, 
426.397877, 52, 0.1, 0.1, 0.0341781925, 0.364855252, -0.0349693779, 0.901530601, -0.432715352, 1.04595135e-005, 0.432715352, 0.901530601, -3.51049714e-006, -7.91052552e-006, 7.69081268e-006, 1, 0.901530601, -0.432715352, 7.23233295e-006, 0.432715352, 0.901530601, -2.20044931e-006, -5.56800127e-006, 5.11331389e-006, 1, 0, 0, 0, 0, 0, 0, 0, 0.32204021, -0.123731885, -0.196272559, -0.352840656, 0.516045203, -0.780523777, -0.915039062, -0.0162353516, 0.402832031, 0.19517258, 0.856329251, 0.478084489, 0, 0, -0, 0, 0, 0, 0, 0.388176611, -0.0659599121, -0.155145752, 0.116479496, 0.456135006, -0.882180017, 0.429077148, -0.82409668, -0.369506836, -0.895685337, -0.335383762, -0.291686789, 0, 2, 5, 1, 
426.398577, 52, 0.1, 0.1, 0.0341781954, 0.364855246, -0.03496951, 0.901530602, -0.432715349, 5.60074691e-006, 0.432715349, 0.901530602, -2.38863211e-006, -4.01564695e-006, 4.5769541e-006, 1, 0.901530602, -0.43271535, -5.11755151e-006, 0.43271535, 0.901530602, 1.29909658e-006, 4.05149026e-006, -3.38561842e-006, 1, 0, 0, 0, 0, 0, 0, 0, 0.32204021, -0.123731885, -0.196272559, -0.352840656, 0.516045203, -0.780523777, -0.915039062, -0.0162353516, 0.402832031, 0.19517258, 0.856329251, 0.478084489, 0, 0, -0, 0, 0, 0, 0, 0.388176611, -0.0659599121, -0.155145752, 0.116479496, 0.456135006, -0.882180017, 0.429077148, -0.82409668, -0.369506836, -0.895685337, -0.335383762, -0.291686789, 0, 2, 5, 1, 
426.399308, 52, 0.1, 0.1, 0.0341781987, 0.364855241, -0.034969335, 0.901530602, -0.43271535, -7.00202675e-006, 0.43271535, 0.901530602, 2.72226576e-006, 5.13457521e-006, -5.48409035e-006, 1, 0.901530602, -0.432715349, -1.09257151e-005, 0.43271535, 0.901530602, 4.17988836e-006, 8.04116465e-006, -8.4960219e-006, 1, 0, 0, 0, 0, 0, 0, 0, 0.321641309, -0.124558325, -0.197477246, -0.356318015, 0.517396532, -0.777965651, -0.913574219, -0.0184326172, 0.40612793, 0.195846931, 0.855497262, 0.479409609, 0, 0, -0, 0, 0, 0, 0, 0.387980811, -0.0668667969, -0.15623291, 0.113540338, 0.456422285, -0.882396934, 0.42956543, -0.823364258, -0.370605469, -0.895748769, -0.336949223, -0.289622962, 0, 2, 5, 1, 
426.400007, 52, 0.1, 0.1, 0.0341782014, 0.364855236, -0.034969175, 0.901530601, -0.43271535, -1.1145927e-005, 0.43271535, 0.901530602, 3.6837273e-006, 8.45438893e-006, -8.1440066e-006, 1, 0.901530601, -0.432715351, -7.6226592e-006, 0.432715351, 0.901530601, 2.38577644e-006, 5.83969845e-006, -5.44929212e-006, 1, 0, 0, 0, 0, 0, 0, 0, 0.321641309, -0.124558325, -0.197477246, -0.356318015, 0.517396532, -0.777965651, -0.913574219, -0.0184326172, 0.40612793, 0.195846931, 0.855497262, 0.479409609, 0, 0, -0, 0, 0, 0, 0, 0.387980811, -0.0668667969, -0.15623291, 0.113540338, 0.456422285, -0.882396934, 0.42956543, -0.823364258, -0.370605469, -0.895748769, -0.336949223, -0.289622962, 0, 2, 5, 1, 
426.4007, 52, 0.1, 0.1, 0.0341782036, 0.364855231, -0.034969088, 0.901530602, -0.432715349, -6.6879602e-006, 0.432715349, 0.901530602, 2.95148013e-006, 4.75225003e-006, -5.55483269e-006, 1, 0.901530602, -0.432715349, 4.21473577e-006, 0.432715349, 0.901530602, -9.03888191e-007, -3.40858699e-006, 2.63866373e-006, 1, 0, 0, 0, 0, 0, 0, 0, 0.321641309, -0.124558325, -0.197477246, -0.356318015, 0.517396532, -0.777965651, -0.913574219, -0.0184326172, 0.40612793, 0.195846931, 0.855497262, 0.479409609, 0, 0, -0, 0, 0, 0, 0, 0.387980811, -0.0668667969, -0.15623291, 0.113540338, 0.456422285, -0.882396934, 0.42956543, -0.823364258, -0.370605469, -0.895748769, -0.336949223, -0.289622962, 0, 2, 5, 1, 
426.401451, 52, 0.1, 0.1, 0.0341782051, 0.364855226, -0.0349688094, 0.901530602, -0.43271535, 7.19934878e-006, 0.43271535, 0.901530602, -2.80471374e-006, -5.27679055e-006, 5.64380399e-006, 1, 0.901530602, -0.43271535, 1.13011691e-005, 0.43271535, 0.901530602, -4.23149846e-006, -8.35731547e-006, 8.7050147e-006, 1, 0, 0, 0, 0, 0, 0, 0, 0.321662646, -0.124710278, -0.198672534, -0.360202382, 0.518849332, -0.775273854, -0.912231445, -0.0224609375, 0.408813477, 0.194731868, 0.854525609, 0.481578701, 0, 0, -0, 0, 0, 0, 0, 0.387980811, -0.0668667969, -0.15623291, 0.113540338, 0.456422285, -0.882396934, 0.42956543, -0.823364258, -0.370605469, -0.895748769, -0.336949223, -0.289622962, 0, 2, 5, 1, 
426.402166, 52, 0.1, 0.1, 0.0341782076, 0.364855221, -0.0349682239, 0.901530602, -0.432715349, 1.09308136e-005, 0.432715349, 0.901530602, -3.31146168e-006, -8.42154268e-006, 7.71531488e-006, 1, 0.901530602, -0.43271535, 7.35429294e-006, 0.43271535, 0.901530602, -2.13364793e-006, -5.70685793e-006, 5.10586434e-006, 1, 0, 0, 0, 0, 0, 0, 0, 0.321662646, -0.124710278, -0.198672534, -0.360202382, 0.518849332, -0.775273854, -0.912231445, -0.0224609375, 0.408813477, 0.194731868, 0.854525609, 0.481578701, 0, 0, -0, 0, 0, 0, 0, 0.387767187, -0.0668350586, -0.157077295, 0.110000735, 0.458019096, -0.882026166, 0.432495117, -0.821044922, -0.372436523, -0.894770627, -0.340463673, -0.288479308, 0, 2, 5, 1, 
426.402857, 52, 0.1, 0.1, 0.0341782102, 0.364855216, -0.0349680723, 0.901530602, -0.432715349, 6.6730149e-006, 0.432715349, 0.901530602, -2.87602074e-006, -4.77142882e-006, 5.48033668e-006, 1, 0.901530603, -0.432715348, -4.5903206e-006, 0.432715348, 0.901530603, 1.33438359e-006, 3.56090624e-006, -3.18928982e-006, 1, 0, 0, 0, 0, 0, 0, 0, 0.321662646, -0.124710278, -0.198672534, -0.360202382, 0.518849332, -0.775273854, -0.912231445, -0.0224609375, 0.408813477, 0.194731868, 0.854525609, 0.481578701, 0, 0, -0, 0, 0, 0, 0, 0.387767187, -0.0668350586, -0.157077295, 0.110000735, 0.458019096, -0.882026166, 0.432495117, -0.821044922, -0.372436523, -0.894770627, -0.340463673, -0.288479308, 0, 2, 5, 1, 
426.403588, 52, 0.1, 0.1, 0.0341782129, 0.364855211, -0.0349680571, 0.901530602, -0.432715349, -5.83908533e-006, 0.432715349, 0.901530602, 1.98968124e-006, 4.4031485e-006, -4.32042037e-006, 1, 0.901530602, -0.432715349, -1.00169306e-005, 0.432715349, 0.901530602, 3.14229608e-006, 7.67084975e-006, -7.16735571e-006, 1, 0, 0, 0, 0, 0, 0, 0, 0.321662646, -0.124710278, -0.198672534, -0.360202382, 0.518849332, -0.775273854, -0.912231445, -0.0224609375, 0.408813477, 0.194731868, 0.854525609, 0.481578701, 0, 0, -0, 0, 0, 0, 0, 0.387767187, -0.0668350586, -0.157077295, 0.110000735, 0.458019096, -0.882026166, 0.432495117, -0.821044922, -0.372436523, -0.894770627, -0.340463673, -0.288479308, 0, 2, 5, 1, 
426.404292, 52, 0.1, 0.1, 0.0341782148, 0.364855207, -0.0349683439, 0.901530603, -0.432715347, -9.83263367e-006, 0.432715348, 0.901530603, 4.16579443e-006, 7.06181697e-006, -8.01032266e-006, 1, 0.901530603, -0.432715348, -6.21136356e-006, 0.432715348, 0.901530603, 2.95289697e-006, 4.32197049e-006, -5.34987933e-006, 1, 0, 0, 0, 0, 0, 0, 0, 0.321662646, -0.124710278, -0.198672534, -0.360202382, 0.518849332, -0.775273854, -0.912231445, -0.0224609375, 0.408813477, 0.194731868, 0.854525609, 0.481578701, 0, 0, -0, 0, 0, 0, 0, 0.387767187, -0.0668350586, -0.157077295, 0.110000735, 0.458019096, -0.882026166, 0.432495117, -0.821044922, -0.372436523, -0.894770627, -0.340463673, -0.288479308, 0, 2, 5, 1, 
426.404993, 52, 0.1, 0.1, 0.0341782166, 0.364855202, -0.0349689301, 0.901530603, -0.432715348, -6.45020564e-006, 0.432715348, 0.901530603, 1.82652197e-006, 5.02469369e-006, -4.43776843e-006, 1, 0.901530603, -0.432715348, 4.79303219e-006, 0.432715348, 0.901530603, -2.00309181e-006, -3.45429663e-006, 3.87986717e-006, 1, 0, 0, 0, 0, 0, 0, 0, 0.321662646, -0.124710278, -0.198672534, -0.360202382, 0.518849332, -0.775273854, -0.912231445, -0.0224609375, 0.408813477, 0.194731868, 0.854525609, 0.481578701, 0, 0, -0, 0, 0, 0, 0, 0.387767187, -0.0668350586, -0.157077295, 0.110000735, 0.458019096, -0.882026166, 0.432495117, -0.821044922, -0.372436523, -0.894770627, -0.340463673, -0.288479308, 0, 2, 5, 1, 
