time, trialNum, realDorsalTactorPos, realVentralTactorPos, boxPosX, boxPosY, boxPosZ, boxLocalRot_11, boxLocalRot_12, boxLocalRot_13, boxLocalRot_21, boxLocalRot_22, boxLocalRot_23, boxLocalRot_31, boxLocalRot_32, boxLocalRot_33, boxGlobalRot_11, boxGlobalRot_12, boxGlobalRot_13, boxGlobalRot_21, boxGlobalRot_22, boxGlobalRot_23, boxGlobalRot_31, boxGlobalRot_32, boxGlobalRot_33, indexForceX, indexForceY, indexForceZ, indexForceGlobalX, indexForceGlobalY, indexForceGlobalZ, indexContact, indexPosX, indexPosY, indexPosZ, indexRot_11, indexRot_12, indexRot_13, indexRot_21, indexRot_22, indexRot_23, indexRot_31, indexRot_32, indexRot_33, thumbForceX, thumbForceY, thumbForceZ, thumbForceGlobalX, thumbForceGlobalY, thumbForceGlobalZ, thumbContact, thumbPosX, thumbPosY, thumbPosZ, thumbRot_11, thumbRot_12, thumbRot_13, thumbRot_21, thumbRot_22, thumbRot_23, thumbRot_31, thumbRot_32, thumbRot_33, manipForceTooHigh, cceExpType, mapping, trialSuccess, 
586.268584, 63, 0.1, 0.1, 0.0106144188, 0.362972822, -0.0349764151, 0.915561962, -0.402176942, 1.91411206e-006, 0.402176942, 0.915561962, 6.30872002e-006, -4.28970992e-006, -5.00621235e-006, 1, 0.915561962, -0.402176944, 3.00283594e-006, 0.402176944, 0.915561962, 9.3919328e-006, -6.5265012e-006, -7.39122504e-006, 1, 0, 0, 0, 0, 0, 0, 0, 0.332795972, -0.167220874, -0.190118286, -0.296713218, 0.499267235, -0.81391305, -0.908935547, 0.113647461, 0.401123047, 0.292819114, 0.858863028, 0.420217352, 0, 0, -0, 0, 0, 0, 0, 0.397885791, -0.113645361, -0.155541406, 0.15665763, 0.276463834, -0.948097052, 0.5078125, -0.845825195, -0.162719727, -0.847029584, -0.455898927, -0.272961722, 0, 2, 5, 1, 
586.276246, 63, 0.1, 0.1, 0.0106144298, 0.362972853, -0.0349672904, 0.915562003, -0.402176849, 7.67056784e-006, 0.402176849, 0.915562003, 2.35438115e-005, -1.64916564e-005, -1.84708944e-005, 1, 0.915562, -0.402176856, 6.28046037e-006, 0.402176855, 0.915562, 2.07521753e-005, -1.40961955e-005, -1.64740473e-005, 1, 0, 0, 0, 0, 0, 0, 0, 0.331628613, -0.165432227, -0.18994812, -0.297508137, 0.5037975, -0.810952787, -0.909790039, 0.107788086, 0.400756836, 0.289360851, 0.857033177, 0.426422457, 0, 0, -0, 0, 0, 0, 0, 0.395952881, -0.111913574, -0.155697266, 0.153904039, 0.283070193, -0.946582997, 0.511352539, -0.842529297, -0.168701172, -0.845355115, -0.458027653, -0.274520986, 0, 2, 5, 1, 
586.276933, 63, 0.1, 0.1, 0.0106144299, 0.362972854, -0.0349610299, 0.91556202, -0.402176811, -1.08542348e-005, 0.402176811, 0.91556202, -3.17492748e-005, 2.27065473e-005, 2.47031086e-005, 0.999999999, 0.915562017, -0.402176819, -1.01311315e-005, 0.402176818, 0.915562017, -2.95867422e-005, 2.11747811e-005, 2.30139911e-005, 1, 0, 0, 0, 0, 0, 0, 0, 0.331628613, -0.165432227, -0.18994812, -0.297508137, 0.5037975, -0.810952787, -0.909790039, 0.107788086, 0.400756836, 0.289360851, 0.857033177, 0.426422457, 0, 0, -0, 0, 0, 0, 0, 0.395952881, -0.111913574, -0.155697266, 0.153904039, 0.283070193, -0.946582997, 0.511352539, -0.842529297, -0.168701172, -0.845355115, -0.458027653, -0.274520986, 0, 2, 5, 1, 
586.277624, 63, 0.1, 0.1, 0.0106144271, 0.362972847, -0.0349577343, 0.915562038, -0.402176771, 1.46642528e-005, 0.40217677, 0.915562037, 3.90455904e-005, -2.91292626e-005, -2.98510385e-005, 0.999999999, 0.915562034, -0.402176779, 1.28932977e-005, 0.402176778, 0.915562034, 3.47318138e-005, -2.57729428e-005, -2.66137451e-005, 0.999999999, 0, 0, 0, 0, 0, 0, 0, 0.331628613, -0.165432227, -0.18994812, -0.297508137, 0.5037975, -0.810952787, -0.909790039, 0.107788086, 0.400756836, 0.289360851, 0.857033177, 0.426422457, 0, 0, -0, 0, 0, 0, 0, 0.395952881, -0.111913574, -0.155697266, 0.153904039, 0.283070193, -0.946582997, 0.511352539, -0.842529297, -0.168701172, -0.845355115, -0.458027653, -0.274520986, 0, 2, 5, 1, 
586.278347, 63, 0.1, 0.1, 0.0106144264, 0.362972846, -0.0349580878, 0.915562057, -0.402176727, -1.1324126e-005, 0.402176727, 0.915562057, -2.92785334e-005, 2.21430848e-005, 2.22520143e-005, 1, 0.915562053, -0.402176736, -9.66247495e-006, 0.402176736, 0.915562053, -2.4612594e-005, 1.87452081e-005, 1.86483344e-005, 1, 0, 0, 0, 0, 0, 0, 0, 0.332277588, -0.164976953, -0.190381177, -0.29776949, 0.50395626, -0.810761827, -0.910400391, 0.10534668, 0.399902344, 0.286930407, 0.857255216, 0.427628131, 0, 0, -0, 0, 0, 0, 0, 0.395952881, -0.111913574, -0.155697266, 0.154083043, 0.284373528, -0.946238116, 0.512451172, -0.841674805, -0.169555664, -0.844722587, -0.458749866, -0.27546668, 0, 2, 5, 1, 
586.279039, 63, 0.1, 0.1, 0.010614424, 0.36297284, -0.0349615035, 0.915562073, -0.40217669, 1.37641334e-005, 0.402176689, 0.915562073, 3.44453022e-005, -2.64550161e-005, -2.60011987e-005, 0.999999999, 0.91556207, -0.402176697, 1.17926255e-005, 0.402176697, 0.91556207, 3.03106004e-005, -2.29870978e-005, -2.30085169e-005, 0.999999999, 0, 0, 0, 0, 0, 0, 0, 0.332277588, -0.164976953, -0.190381177, -0.29776949, 0.50395626, -0.810761827, -0.910400391, 0.10534668, 0.399902344, 0.286930407, 0.857255216, 0.427628131, 0, 0, -0, 0, 0, 0, 0, 0.39620127, -0.111396045, -0.155917578, 0.154083043, 0.284373528, -0.946238116, 0.512451172, -0.841674805, -0.169555664, -0.844722587, -0.458749866, -0.27546668, 0, 2, 5, 1, 
586.279732, 63, 0.1, 0.1, 0.0106144231, 0.362972838, -0.0349671261, 0.915562086, -0.40217666, -9.15955395e-006, 0.40217666, 0.915562086, -2.15237817e-005, 1.7042503e-005, 1.60225997e-005, 1, 0.915562084, -0.402176666, -7.48297065e-006, 0.402176665, 0.915562084, -1.70677607e-005, 1.37153793e-005, 1.26171183e-005, 1, 0, 0, 0, 0, 0, 0, 0, 0.332277588, -0.164976953, -0.190381177, -0.29776949, 0.50395626, -0.810761827, -0.910400391, 0.10534668, 0.399902344, 0.286930407, 0.857255216, 0.427628131, 0, 0, -0, 0, 0, 0, 0, 0.39620127, -0.111396045, -0.155917578, 0.154083043, 0.284373528, -0.946238116, 0.512451172, -0.841674805, -0.169555664, -0.844722587, -0.458749866, -0.27546668, 0, 2, 5, 1, 
586.280431, 63, 0.1, 0.1, 0.0106144212, 0.362972834, -0.0349731481, 0.915562095, -0.40217664, 9.37589538e-006, 0.40217664, 0.915562095, 2.14261458e-005, -1.72013097e-005, -1.58462008e-005, 1, 0.915562094, -0.402176644, 8.22166045e-006, 0.402176643, 0.915562094, 1.85276123e-005, -1.49788136e-005, -1.36566197e-005, 1, 0, 0, 0, 0, 0, 0, 0, 0.332277588, -0.164976953, -0.190381177, -0.29776949, 0.50395626, -0.810761827, -0.910400391, 0.10534668, 0.399902344, 0.286930407, 0.857255216, 0.427628131, 0, 0, -0, 0, 0, 0, 0, 0.39620127, -0.111396045, -0.155917578, 0.154083043, 0.284373528, -0.946238116, 0.512451172, -0.841674805, -0.169555664, -0.844722587, -0.458749866, -0.27546668, 0, 2, 5, 1, 
586.28112, 63, 0.1, 0.1, 0.0106144204, 0.362972832, -0.0349776622, 0.915562101, -0.402176628, -7.43824519e-006, 0.402176628, 0.9155621, -1.5783405e-005, 1.3157892e-005, 1.14591991e-005, 1, 0.915562099, -0.40217663, -6.0391415e-006, 0.40217663, 0.915562099, -1.29954802e-005, 1.07556875e-005, 9.46936757e-006, 1, 0, 0, 0, 0, 0, 0, 0, 0.332277588, -0.164976953, -0.190381177, -0.29776949, 0.50395626, -0.810761827, -0.910400391, 0.10534668, 0.399902344, 0.286930407, 0.857255216, 0.427628131, 0, 0, -0, 0, 0, 0, 0, 0.39620127, -0.111396045, -0.155917578, 0.154083043, 0.284373528, -0.946238116, 0.512451172, -0.841674805, -0.169555664, -0.844722587, -0.458749866, -0.27546668, 0, 2, 5, 1, 
586.28181, 63, 0.1, 0.1, 0.0106144194, 0.362972829, -0.0349796216, 0.915562106, -0.402176616, 5.14375863e-006, 0.402176616, 0.915562106, 1.36156253e-005, -1.01853166e-005, -1.03972511e-005, 1, 0.915562105, -0.402176619, 4.11739347e-006, 0.402176619, 0.915562105, 1.21906492e-005, -8.67252349e-006, -9.50537704e-006, 1, 0, 0, 0, 0, 0, 0, 0, 0.332277588, -0.164976953, -0.190381177, -0.29776949, 0.50395626, -0.810761827, -0.910400391, 0.10534668, 0.399902344, 0.286930407, 0.857255216, 0.427628131, 0, 0, -0, 0, 0, 0, 0, 0.39620127, -0.111396045, -0.155917578, 0.154083043, 0.284373528, -0.946238116, 0.512451172, -0.841674805, -0.169555664, -0.844722587, -0.458749866, -0.27546668, 0, 2, 5, 1, 
586.282497, 63, 0.1, 0.1, 0.0106144189, 0.362972829, -0.0349786612, 0.915562114, -0.402176597, -5.99417103e-006, 0.402176596, 0.915562114, -1.93154844e-005, 1.32562717e-005, 1.52738105e-005, 1, 0.915562113, -0.4021766, -5.29734129e-006, 0.4021766, 0.915562113, -1.7637038e-005, 1.1943249e-005, 1.40173371e-005, 1, 0, 0, 0, 0, 0, 0, 0, 0.332277588, -0.164976953, -0.190381177, -0.29776949, 0.50395626, -0.810761827, -0.910400391, 0.10534668, 0.399902344, 0.286930407, 0.857255216, 0.427628131, 0, 0, -0, 0, 0, 0, 0, 0.39620127, -0.111396045, -0.155917578, 0.154083043, 0.284373528, -0.946238116, 0.512451172, -0.841674805, -0.169555664, -0.844722587, -0.458749866, -0.27546668, 0, 2, 5, 1, 
586.28321, 63, 0.1, 0.1, 0.0106144172, 0.362972825, -0.0349749754, 0.915562124, -0.402176574, 6.12733934e-006, 0.402176573, 0.915562124, 1.85712933e-005, -1.30788989e-005, -1.45389004e-005, 1, 0.915562123, -0.402176578, 5.86770943e-006, 0.402176577, 0.915562123, 1.6729547e-005, -1.21004845e-005, -1.29570843e-005, 1, 0, 0, 0, 0, 0, 0, 0, 0.332437842, -0.164757129, -0.190809351, -0.298969173, 0.503873884, -0.810400125, -0.91015625, 0.104125977, 0.400634766, 0.286378866, 0.857515447, 0.427570843, 0, 0, -0, 0, 0, 0, 0, 0.39620127, -0.111396045, -0.155917578, 0.153182193, 0.285178496, -0.946129474, 0.513305664, -0.841064453, -0.170410156, -0.844326299, -0.459401717, -0.275332518, 0, 2, 5, 1, 
586.2839, 63, 0.1, 0.1, 0.0106144178, 0.362972826, -0.0349699761, 0.915562131, -0.402176558, -1.0255431e-005, 0.402176557, 0.915562131, -2.61537813e-005, 1.9907922e-005, 1.98209178e-005, 1, 0.91556213, -0.40217656, -1.00591284e-005, 0.40217656, 0.91556213, -2.39838839e-005, 1.88555129e-005, 1.79131902e-005, 1, 0, 0, 0, 0, 0, 0, 0, 0.332437842, -0.164757129, -0.190809351, -0.298969173, 0.503873884, -0.810400125, -0.91015625, 0.104125977, 0.400634766, 0.286378866, 0.857515447, 0.427570843, 0, 0, -0, 0, 0, 0, 0, 0.39615, -0.111133252, -0.156354053, 0.153182193, 0.285178496, -0.946129474, 0.513305664, -0.841064453, -0.170410156, -0.844326299, -0.459401717, -0.275332518, 0, 2, 5, 1, 
586.284589, 63, 0.1, 0.1, 0.0106144153, 0.362972821, -0.0349652846, 0.915562131, -0.402176557, 1.24353245e-005, 0.402176557, 0.915562131, 2.62158679e-005, -2.19287197e-005, -1.90010599e-005, 1, 0.915562132, -0.402176557, 1.14367324e-005, 0.402176557, 0.915562131, 2.33686471e-005, -1.98693611e-005, -1.67958627e-005, 1, 0, 0, 0, 0, 0, 0, 0, 0.332437842, -0.164757129, -0.190809351, -0.298969173, 0.503873884, -0.810400125, -0.91015625, 0.104125977, 0.400634766, 0.286378866, 0.857515447, 0.427570843, 0, 0, -0, 0, 0, 0, 0, 0.39615, -0.111133252, -0.156354053, 0.153182193, 0.285178496, -0.946129474, 0.513305664, -0.841064453, -0.170410156, -0.844326299, -0.459401717, -0.275332518, 0, 2, 5, 1, 
586.285279, 63, 0.1, 0.1, 0.0106144155, 0.362972822, -0.0349622396, 0.915562128, -0.402176565, -1.33377967e-005, 0.402176564, 0.915562128, -3.02422483e-005, 2.43743051e-005, 2.2324508e-005, 0.999999999, 0.915562129, -0.402176564, -1.15913904e-005, 0.402176564, 0.915562128, -2.72702808e-005, 2.15801059e-005, 2.03058508e-005, 1, 0, 0, 0, 0, 0, 0, 0, 0.332437842, -0.164757129, -0.190809351, -0.298969173, 0.503873884, -0.810400125, -0.91015625, 0.104125977, 0.400634766, 0.286378866, 0.857515447, 0.427570843, 0, 0, -0, 0, 0, 0, 0, 0.39615, -0.111133252, -0.156354053, 0.153182193, 0.285178496, -0.946129474, 0.513305664, -0.841064453, -0.170410156, -0.844326299, -0.459401717, -0.275332518, 0, 2, 5, 1, 
586.285995, 63, 0.1, 0.1, 0.0106144135, 0.362972817, -0.0349612697, 0.915562127, -0.402176568, 1.36167467e-005, 0.402176567, 0.915562127, 3.3527836e-005, -2.59510875e-005, -2.52204804e-005, 0.999999999, 0.915562127, -0.402176568, 1.13137444e-005, 0.402176568, 0.915562127, 3.01499481e-005, -2.24840386e-005, -2.30540277e-005, 0.999999999, 0, 0, 0, 0, 0, 0, 0, 0.332950977, -0.164829761, -0.189991577, -0.297548573, 0.502401988, -0.811840942, -0.911254883, 0.103881836, 0.39831543, 0.284423578, 0.858366532, 0.427057495, 0, 0, -0, 0, 0, 0, 0, 0.396784473, -0.110948584, -0.155481836, 0.155629548, 0.28491637, -0.945791155, 0.514648437, -0.840576172, -0.168457031, -0.84308713, -0.460411209, -0.277383585, 0, 2, 5, 1, 
586.286689, 63, 0.1, 0.1, 0.0106144128, 0.362972816, -0.034962814, 0.91556213, -0.402176561, -1.06250801e-005, 0.40217656, 0.91556213, -2.73644136e-005, 2.07332467e-005, 2.07806627e-005, 1, 0.915562129, -0.402176563, -8.51334934e-006, 0.402176562, 0.915562129, -2.34869385e-005, 1.72403965e-005, 1.80798819e-005, 1, 0, 0, 0, 0, 0, 0, 0, 0.332950977, -0.164829761, -0.189991577, -0.297548573, 0.502401988, -0.811840942, -0.911254883, 0.103881836, 0.39831543, 0.284423578, 0.858366532, 0.427057495, 0, 0, -0, 0, 0, 0, 0, 0.396784473, -0.110948584, -0.155481836, 0.155629548, 0.28491637, -0.945791155, 0.514648437, -0.840576172, -0.168457031, -0.84308713, -0.460411209, -0.277383585, 0, 2, 5, 1, 
586.287389, 63, 0.1, 0.1, 0.0106144115, 0.362972811, -0.0349662254, 0.915562138, -0.402176542, 9.19376245e-006, 0.402176542, 0.915562138, 2.87015771e-005, -1.99605618e-005, -2.25805617e-005, 1, 0.915562137, -0.402176546, 7.68699956e-006, 0.402176545, 0.915562136, 2.52894358e-005, -1.72087437e-005, -2.0062519e-005, 1, 0, 0, 0, 0, 0, 0, 0, 0.332950977, -0.164829761, -0.189991577, -0.297548573, 0.502401988, -0.811840942, -0.911254883, 0.103881836, 0.39831543, 0.284423578, 0.858366532, 0.427057495, 0, 0, -0, 0, 0, 0, 0, 0.396784473, -0.110948584, -0.155481836, 0.155629548, 0.28491637, -0.945791155, 0.514648437, -0.840576172, -0.168457031, -0.84308713, -0.460411209, -0.277383585, 0, 2, 5, 1, 
586.288074, 63, 0.1, 0.1, 0.0106144107, 0.36297281, -0.0349704019, 0.91556215, -0.402176516, -6.82443473e-006, 0.402176516, 0.91556215, -2.24342354e-005, 1.52707167e-005, 1.77953094e-005, 1, 0.915562148, -0.40217652, -5.86984958e-006, 0.40217652, 0.915562148, -1.85674178e-005, 1.28415916e-005, 1.46389093e-005, 1, 0, 0, 0, 0, 0, 0, 0, 0.332950977, -0.164829761, -0.189991577, -0.297548573, 0.502401988, -0.811840942, -0.911254883, 0.103881836, 0.39831543, 0.284423578, 0.858366532, 0.427057495, 0, 0, -0, 0, 0, 0, 0, 0.396784473, -0.110948584, -0.155481836, 0.155629548, 0.28491637, -0.945791155, 0.514648437, -0.840576172, -0.168457031, -0.84308713, -0.460411209, -0.277383585, 0, 2, 5, 1, 
586.288768, 63, 0.1, 0.1, 0.0106144089, 0.362972807, -0.0349741724, 0.915562158, -0.402176496, 8.08091555e-006, 0.402176496, 0.915562158, 1.83482035e-005, -1.47777967e-005, -1.35489665e-005, 1, 0.915562157, -0.402176499, 7.56405513e-006, 0.402176499, 0.915562157, 1.55962363e-005, -1.31978023e-005, -1.12372385e-005, 1, 0, 0, 0, 0, 0, 0, 0, 0.332950977, -0.164829761, -0.189991577, -0.297548573, 0.502401988, -0.811840942, -0.911254883, 0.103881836, 0.39831543, 0.284423578, 0.858366532, 0.427057495, 0, 0, -0, 0, 0, 0, 0, 0.396784473, -0.110948584, -0.155481836, 0.155629548, 0.28491637, -0.945791155, 0.514648437, -0.840576172, -0.168457031, -0.84308713, -0.460411209, -0.277383585, 0, 2, 5, 1, 
586.289466, 63, 0.1, 0.1, 0.0106144091, 0.362972806, -0.0349763583, 0.91556216, -0.402176492, -1.00417351e-005, 0.402176492, 0.91556216, -1.88190342e-005, 1.67624058e-005, 1.31914458e-005, 1, 0.91556216, -0.402176493, -8.78523814e-006, 0.402176493, 0.91556216, -1.64782115e-005, 1.46705809e-005, 1.15536107e-005, 1, 0, 0, 0, 0, 0, 0, 0, 0.332950977, -0.164829761, -0.189991577, -0.297548573, 0.502401988, -0.811840942, -0.911254883, 0.103881836, 0.39831543, 0.284423578, 0.858366532, 0.427057495, 0, 0, -0, 0, 0, 0, 0, 0.396784473, -0.110948584, -0.155481836, 0.155629548, 0.28491637, -0.945791155, 0.514648437, -0.840576172, -0.168457031, -0.84308713, -0.460411209, -0.277383585, 0, 2, 5, 1, 
586.290168, 63, 0.1, 0.1, 0.0106144084, 0.362972803, -0.0349764345, 0.915562162, -0.402176488, 5.34008053e-006, 0.402176488, 0.915562162, 1.62511485e-005, -1.14250055e-005, -1.27312818e-005, 1, 0.915562161, -0.402176489, 3.89086661e-006, 0.402176489, 0.915562161, 1.4315435e-005, -9.31966163e-006, -1.15418555e-005, 1, 0, 0, 0, 0, 0, 0, 0, 0.332950977, -0.164829761, -0.189991577, -0.297689358, 0.502560747, -0.811630886, -0.911987305, 0.10144043, 0.397338867, 0.281974038, 0.858588571, 0.428383736, 0, 0, -0, 0, 0, 0, 0, 0.396784473, -0.110948584, -0.155481836, 0.155629548, 0.28491637, -0.945791155, 0.514648437, -0.840576172, -0.168457031, -0.84308713, -0.460411209, -0.277383585, 0, 2, 5, 1, 
586.290887, 63, 0.1, 0.1, 0.0106144082, 0.362972804, -0.0349741428, 0.91556217, -0.402176469, -6.61993237e-006, 0.402176469, 0.91556217, -2.41222418e-005, 1.57623577e-005, 1.9423031e-005, 1, 0.915562169, -0.402176472, -6.19801227e-006, 0.402176472, 0.915562169, -2.23283535e-005, 1.4654604e-005, 1.79503011e-005, 1, 0, 0, 0, 0, 0, 0, 0, 0.333606055, -0.164597729, -0.189530322, -0.297689358, 0.502560747, -0.811630886, -0.911987305, 0.10144043, 0.397338867, 0.281974038, 0.858588571, 0.428383736, 0, 0, -0, 0, 0, 0, 0, 0.397284668, -0.110438135, -0.154811133, 0.155962036, 0.286455945, -0.945248313, 0.516967773, -0.839111328, -0.168945312, -0.841579272, -0.462213276, -0.279044928, 0, 2, 5, 1, 
586.291574, 63, 0.1, 0.1, 0.0106144061, 0.362972801, -0.0349707759, 0.915562178, -0.402176452, 8.88239802e-006, 0.402176452, 0.915562178, 2.19220483e-005, -1.69489193e-005, -1.6498707e-005, 1, 0.915562177, -0.402176454, 8.65888617e-006, 0.402176454, 0.915562177, 1.91184824e-005, -1.56167521e-005, -1.40217593e-005, 1, 0, 0, 0, 0, 0, 0, 0, 0.333606055, -0.164597729, -0.189530322, -0.297689358, 0.502560747, -0.811630886, -0.911987305, 0.10144043, 0.397338867, 0.281974038, 0.858588571, 0.428383736, 0, 0, -0, 0, 0, 0, 0, 0.397284668, -0.110438135, -0.154811133, 0.155962036, 0.286455945, -0.945248313, 0.516967773, -0.839111328, -0.168945312, -0.841579272, -0.462213276, -0.279044928, 0, 2, 5, 1, 
586.292263, 63, 0.1, 0.1, 0.0106144069, 0.362972801, -0.03496739, 0.915562177, -0.402176453, -1.25172252e-005, 0.402176453, 0.915562177, -2.47288498e-005, 2.14056591e-005, 1.76066663e-005, 1, 0.915562177, -0.402176453, -1.15437656e-005, 0.402176452, 0.915562177, -2.24306126e-005, 1.95900994e-005, 1.58939899e-005, 1, 0, 0, 0, 0, 0, 0, 0, 0.333606055, -0.164597729, -0.189530322, -0.297689358, 0.502560747, -0.811630886, -0.911987305, 0.10144043, 0.397338867, 0.281974038, 0.858588571, 0.428383736, 0, 0, -0, 0, 0, 0, 0, 0.397284668, -0.110438135, -0.154811133, 0.155962036, 0.286455945, -0.945248313, 0.516967773, -0.839111328, -0.168945312, -0.841579272, -0.462213276, -0.279044928, 0, 2, 5, 1, 
586.292962, 63, 0.1, 0.1, 0.010614405, 0.362972796, -0.0349648279, 0.915562175, -0.402176458, 1.27608474e-005, 0.402176458, 0.915562175, 3.05372777e-005, -2.39647234e-005, -2.2826664e-005, 0.999999999, 0.915562175, -0.402176459, 1.04609337e-005, 0.402176458, 0.915562175, 2.77690984e-005, -2.07457128e-005, -2.12171948e-005, 1, 0, 0, 0, 0, 0, 0, 0, 0.333606055, -0.164597729, -0.189530322, -0.297689358, 0.502560747, -0.811630886, -0.911987305, 0.10144043, 0.397338867, 0.281974038, 0.858588571, 0.428383736, 0, 0, -0, 0, 0, 0, 0, 0.397284668, -0.110438135, -0.154811133, 0.155962036, 0.286455945, -0.945248313, 0.516967773, -0.839111328, -0.168945312, -0.841579272, -0.462213276, -0.279044928, 0, 2, 5, 1, 
586.293652, 63, 0.1, 0.1, 0.0106144042, 0.362972795, -0.034963898, 0.915562179, -0.40217645, -8.76088353e-006, 0.40217645, 0.915562178, -2.66199879e-005, 1.87270658e-005, 2.0848833e-005, 1, 0.915562178, -0.402176452, -7.06236923e-006, 0.402176452, 0.915562178, -2.32488009e-005, 1.58161584e-005, 1.84454042e-005, 1, 0, 0, 0, 0, 0, 0, 0, 0.333606055, -0.164597729, -0.189530322, -0.297689358, 0.502560747, -0.811630886, -0.911987305, 0.10144043, 0.397338867, 0.281974038, 0.858588571, 0.428383736, 0, 0, -0, 0, 0, 0, 0, 0.397284668, -0.110438135, -0.154811133, 0.155962036, 0.286455945, -0.945248313, 0.516967773, -0.839111328, -0.168945312, -0.841579272, -0.462213276, -0.279044928, 0, 2, 5, 1, 
586.294347, 63, 0.1, 0.1, 0.0106144023, 0.36297279, -0.0349647273, 0.915562187, -0.40217643, 1.01805643e-005, 0.40217643, 0.915562187, 3.07512935e-005, -2.16883852e-005, -2.40603385e-005, 0.999999999, 0.915562186, -0.402176434, 9.00209173e-006, 0.402176434, 0.915562186, 2.72593731e-005, -1.92050522e-005, -2.13372221e-005, 1, 0, 0, 0, 0, 0, 0, 0, 0.333606055, -0.164597729, -0.189530322, -0.297689358, 0.502560747, -0.811630886, -0.911987305, 0.10144043, 0.397338867, 0.281974038, 0.858588571, 0.428383736, 0, 0, -0, 0, 0, 0, 0, 0.397284668, -0.110438135, -0.154811133, 0.155962036, 0.286455945, -0.945248313, 0.516967773, -0.839111328, -0.168945312, -0.841579272, -0.462213276, -0.279044928, 0, 2, 5, 1, 
586.295042, 63, 0.1, 0.1, 0.010614402, 0.36297279, -0.0349669285, 0.915562197, -0.402176408, -8.71066301e-006, 0.402176407, 0.915562197, -2.55344037e-005, 1.82444885e-005, 1.98751116e-005, 1, 0.915562196, -0.402176411, -7.68226989e-006, 0.402176411, 0.915562196, -2.15841335e-005, 1.57142253e-005, 1.6671989e-005, 1, 0, 0, 0, 0, 0, 0, 0, 0.333606055, -0.164597729, -0.189530322, -0.297689358, 0.502560747, -0.811630886, -0.911987305, 0.10144043, 0.397338867, 0.281974038, 0.858588571, 0.428383736, 0, 0, -0, 0, 0, 0, 0, 0.397284668, -0.110438135, -0.154811133, 0.155962036, 0.286455945, -0.945248313, 0.516967773, -0.839111328, -0.168945312, -0.841579272, -0.462213276, -0.279044928, 0, 2, 5, 1, 
586.295764, 63, 0.1, 0.1, 0.0106144002, 0.362972786, -0.0349695258, 0.915562205, -0.402176391, 9.18978142e-006, 0.402176391, 0.915562204, 2.43092256e-005, -1.81904132e-005, -1.85606951e-005, 1, 0.915562204, -0.402176393, 8.68845849e-006, 0.402176393, 0.915562204, 2.11800997e-005, -1.64729603e-005, -1.58974058e-005, 1, 0, 0, 0, 0, 0, 0, 0, 0.333861279, -0.164808765, -0.189087988, -0.296998154, 0.502801882, -0.811757445, -0.912597656, 0.100585937, 0.396240234, 0.280875826, 0.858550379, 0.429145333, 0, 0, -0, 0, 0, 0, 0, 0.39753623, -0.110864844, -0.154364893, 0.156300721, 0.286858429, -0.945063112, 0.517456055, -0.838745117, -0.168945312, -0.841298189, -0.462539202, -0.279639177, 0, 2, 5, 1, 
586.296456, 63, 0.1, 0.1, 0.0106144001, 0.362972786, -0.0349718788, 0.915562208, -0.402176383, -8.73572952e-006, 0.402176383, 0.915562208, -2.26590737e-005, 1.71110481e-005, 1.72324874e-005, 1, 0.915562208, -0.402176384, -7.90350642e-006, 0.402176384, 0.915562207, -1.9312986e-005, 1.50033787e-005, 1.45036365e-005, 1, 0, 0, 0, 0, 0, 0, 0, 0.333861279, -0.164808765, -0.189087988, -0.296998154, 0.502801882, -0.811757445, -0.912597656, 0.100585937, 0.396240234, 0.280875826, 0.858550379, 0.429145333, 0, 0, -0, 0, 0, 0, 0, 0.39753623, -0.110864844, -0.154364893, 0.156300721, 0.286858429, -0.945063112, 0.517456055, -0.838745117, -0.168945312, -0.841298189, -0.462539202, -0.279639177, 0, 2, 5, 1, 
586.29715, 63, 0.1, 0.1, 0.0106143989, 0.362972783, -0.0349734613, 0.91556221, -0.402176379, 7.09657803e-006, 0.402176379, 0.91556221, 1.87878152e-005, -1.40533742e-005, -1.43473376e-005, 1, 0.915562209, -0.40217638, 6.06915928e-006, 0.40217638, 0.915562209, 1.63887645e-005, -1.21478669e-005, -1.25640609e-005, 1, 0, 0, 0, 0, 0, 0, 0, 0.333861279, -0.164808765, -0.189087988, -0.296998154, 0.502801882, -0.811757445, -0.912597656, 0.100585937, 0.396240234, 0.280875826, 0.858550379, 0.429145333, 0, 0, -0, 0, 0, 0, 0, 0.39753623, -0.110864844, -0.154364893, 0.156300721, 0.286858429, -0.945063112, 0.517456055, -0.838745117, -0.168945312, -0.841298189, -0.462539202, -0.279639177, 0, 2, 5, 1, 
586.297838, 63, 0.1, 0.1, 0.010614399, 0.362972783, -0.0349738617, 0.915562213, -0.402176371, -8.75996914e-006, 0.402176371, 0.915562213, -2.20662628e-005, 1.68948262e-005, 1.66799839e-005, 1, 0.915562212, -0.402176373, -7.49643825e-006, 0.402176373, 0.915562212, -1.97800367e-005, 1.4818519e-005, 1.50949638e-005, 1, 0, 0, 0, 0, 0, 0, 0, 0.333861279, -0.164808765, -0.189087988, -0.296998154, 0.502801882, -0.811757445, -0.912597656, 0.100585937, 0.396240234, 0.280875826, 0.858550379, 0.429145333, 0, 0, -0, 0, 0, 0, 0, 0.39753623, -0.110864844, -0.154364893, 0.156300721, 0.286858429, -0.945063112, 0.517456055, -0.838745117, -0.168945312, -0.841298189, -0.462539202, -0.279639177, 0, 2, 5, 1, 
586.298542, 63, 0.1, 0.1, 0.0106143976, 0.36297278, -0.0349729079, 0.915562217, -0.402176363, 7.98942073e-006, 0.402176363, 0.915562217, 1.95733385e-005, -1.51867459e-005, -1.47074531e-005, 1, 0.915562216, -0.402176364, 7.16410192e-006, 0.402176364, 0.915562216, 1.72297559e-005, -1.34885816e-005, -1.2893681e-005, 1, 0, 0, 0, 0, 0, 0, 0, 0.333861279, -0.164808765, -0.189087988, -0.296998154, 0.502801882, -0.811757445, -0.912597656, 0.100585937, 0.396240234, 0.280875826, 0.858550379, 0.429145333, 0, 0, -0, 0, 0, 0, 0, 0.39725, -0.111053418, -0.154349756, 0.155303989, 0.287516476, -0.94499275, 0.517822266, -0.838378906, -0.169921875, -0.841157464, -0.462961009, -0.27914081, 0, 2, 5, 1, 
586.29924, 63, 0.1, 0.1, 0.0106143979, 0.362972781, -0.0349710656, 0.915562218, -0.40217636, -9.37510484e-006, 0.40217636, 0.915562218, -2.50040074e-005, 1.86395125e-005, 1.91222789e-005, 1, 0.915562218, -0.40217636, -8.90088158e-006, 0.40217636, 0.915562218, -2.26908281e-005, 1.72750255e-005, 1.71951407e-005, 1, 0, 0, 0, 0, 0, 0, 0, 0.333861279, -0.164808765, -0.189087988, -0.296998154, 0.502801882, -0.811757445, -0.912597656, 0.100585937, 0.396240234, 0.280875826, 0.858550379, 0.429145333, 0, 0, -0, 0, 0, 0, 0, 0.39725, -0.111053418, -0.154349756, 0.155303989, 0.287516476, -0.94499275, 0.517822266, -0.838378906, -0.169921875, -0.841157464, -0.462961009, -0.27914081, 0, 2, 5, 1, 
586.29993, 63, 0.1, 0.1, 0.0106143963, 0.362972777, -0.0349689521, 0.915562218, -0.402176359, 9.14764721e-006, 0.402176359, 0.915562218, 2.37773168e-005, -1.79379149e-005, -1.80906455e-005, 1, 0.915562218, -0.40217636, 7.9191669e-006, 0.40217636, 0.915562218, 2.09851423e-005, -1.56902182e-005, -1.60283017e-005, 1, 0, 0, 0, 0, 0, 0, 0, 0.333861279, -0.164808765, -0.189087988, -0.296998154, 0.502801882, -0.811757445, -0.912597656, 0.100585937, 0.396240234, 0.280875826, 0.858550379, 0.429145333, 0, 0, -0, 0, 0, 0, 0, 0.39725, -0.111053418, -0.154349756, 0.155303989, 0.287516476, -0.94499275, 0.517822266, -0.838378906, -0.169921875, -0.841157464, -0.462961009, -0.27914081, 0, 2, 5, 1, 
586.300635, 63, 0.1, 0.1, 0.0106143965, 0.362972778, -0.0349670357, 0.915562221, -0.402176353, -1.05566082e-005, 0.402176352, 0.915562221, -2.72420318e-005, 2.06213326e-005, 2.0696157e-005, 1, 0.915562221, -0.402176354, -9.16115553e-006, 0.402176354, 0.91556222, -2.48390635e-005, 1.83772919e-005, 1.9057308e-005, 1, 0, 0, 0, 0, 0, 0, 0, 0.333772534, -0.164773486, -0.18925166, -0.298699203, 0.503506191, -0.810640138, -0.912231445, 0.0987548828, 0.397583008, 0.280280102, 0.858315235, 0.429957104, 0, 0, -0, 0, 0, 0, 0, 0.39725, -0.111053418, -0.154349756, 0.155303989, 0.287516476, -0.94499275, 0.517822266, -0.838378906, -0.169921875, -0.841157464, -0.462961009, -0.27914081, 0, 2, 5, 1, 
586.30133, 63, 0.1, 0.1, 0.0106143951, 0.362972774, -0.0349660386, 0.915562229, -0.402176336, 9.71989419e-006, 0.402176336, 0.915562228, 2.85160186e-005, -2.03676359e-005, -2.21990781e-005, 1, 0.915562227, -0.40217634, 8.15361102e-006, 0.402176339, 0.915562227, 2.51794381e-005, -1.75917125e-005, -1.9774153e-005, 1, 0, 0, 0, 0, 0, 0, 0, 0.333772534, -0.164773486, -0.18925166, -0.298699203, 0.503506191, -0.810640138, -0.912231445, 0.0987548828, 0.397583008, 0.280280102, 0.858315235, 0.429957104, 0, 0, -0, 0, 0, 0, 0, 0.39725, -0.111053418, -0.154349756, 0.155303989, 0.287516476, -0.94499275, 0.517822266, -0.838378906, -0.169921875, -0.841157464, -0.462961009, -0.27914081, 0, 2, 5, 1, 
586.30202, 63, 0.1, 0.1, 0.0106143947, 0.362972774, -0.0349661771, 0.91556224, -0.40217631, -7.99249395e-006, 0.40217631, 0.91556224, -2.51098847e-005, 1.74162265e-005, 1.97752706e-005, 1, 0.915562238, -0.402176315, -6.94099052e-006, 0.402176315, 0.915562238, -2.18055219e-005, 1.51245733e-005, 1.71728104e-005, 1, 0, 0, 0, 0, 0, 0, 0, 0.333772534, -0.164773486, -0.18925166, -0.298699203, 0.503506191, -0.810640138, -0.912231445, 0.0987548828, 0.397583008, 0.280280102, 0.858315235, 0.429957104, 0, 0, -0, 0, 0, 0, 0, 0.39725, -0.111053418, -0.154349756, 0.155303989, 0.287516476, -0.94499275, 0.517822266, -0.838378906, -0.169921875, -0.841157464, -0.462961009, -0.27914081, 0, 2, 5, 1, 
586.30274, 63, 0.1, 0.1, 0.0106143924, 0.362972769, -0.0349672882, 0.915562251, -0.402176285, 1.1193821e-005, 0.402176284, 0.915562251, 2.95947553e-005, -2.21509487e-005, -2.25939515e-005, 0.999999999, 0.915562249, -0.402176289, 1.00970338e-005, 0.402176289, 0.915562249, 2.59890357e-005, -1.96966369e-005, -1.97337924e-005, 1, 0, 0, 0, 0, 0, 0, 0, 0.333905688, -0.164738208, -0.189421436, -0.300419347, 0.504210499, -0.809643398, -0.911865234, 0.0969238281, 0.398803711, 0.279563811, 0.858080092, 0.430787972, 0, 0, -0, 0, 0, 0, 0, 0.39725, -0.111053418, -0.154349756, 0.154320016, 0.288161764, -0.945043789, 0.518188477, -0.837890625, -0.170898437, -0.841138141, -0.463261415, -0.278655204, 0, 2, 5, 1, 
586.303435, 63, 0.1, 0.1, 0.0106143918, 0.362972768, -0.0349687708, 0.915562262, -0.402176261, -7.82289087e-006, 0.402176261, 0.915562261, -2.17438967e-005, 1.59072227e-005, 1.67617102e-005, 1, 0.91556226, -0.402176266, -6.38546328e-006, 0.402176266, 0.915562259, -1.83033685e-005, 1.32074696e-005, 1.41897916e-005, 1, 0, 0, 0, 0, 0, 0, 0, 0.333905688, -0.164738208, -0.189421436, -0.300419347, 0.504210499, -0.809643398, -0.911865234, 0.0969238281, 0.398803711, 0.279563811, 0.858080092, 0.430787972, 0, 0, -0, 0, 0, 0, 0, 0.397185303, -0.111240283, -0.154119678, 0.154320016, 0.288161764, -0.945043789, 0.518188477, -0.837890625, -0.170898437, -0.841138141, -0.463261415, -0.278655204, 0, 2, 5, 1, 
586.304125, 63, 0.1, 0.1, 0.0106143904, 0.362972764, -0.0349704112, 0.915562274, -0.402176234, 8.34967942e-006, 0.402176234, 0.915562273, 2.44051557e-005, -1.74598251e-005, -1.89863972e-005, 1, 0.915562271, -0.402176239, 7.29505199e-006, 0.402176239, 0.915562271, 2.17457951e-005, -1.54247164e-005, -1.69757329e-005, 1, 0, 0, 0, 0, 0, 0, 0, 0.333905688, -0.164738208, -0.189421436, -0.300419347, 0.504210499, -0.809643398, -0.911865234, 0.0969238281, 0.398803711, 0.279563811, 0.858080092, 0.430787972, 0, 0, -0, 0, 0, 0, 0, 0.397185303, -0.111240283, -0.154119678, 0.154320016, 0.288161764, -0.945043789, 0.518188477, -0.837890625, -0.170898437, -0.841138141, -0.463261415, -0.278655204, 0, 2, 5, 1, 
586.304815, 63, 0.1, 0.1, 0.0106143901, 0.362972764, -0.0349717727, 0.915562287, -0.402176203, -7.50360852e-006, 0.402176203, 0.915562287, -2.26674104e-005, 1.5986314e-005, 1.77356533e-005, 1, 0.915562285, -0.402176209, -6.51638085e-006, 0.402176209, 0.915562285, -1.95263692e-005, 1.38191937e-005, 1.52568738e-005, 1, 0, 0, 0, 0, 0, 0, 0, 0.333905688, -0.164738208, -0.189421436, -0.300419347, 0.504210499, -0.809643398, -0.911865234, 0.0969238281, 0.398803711, 0.279563811, 0.858080092, 0.430787972, 0, 0, -0, 0, 0, 0, 0, 0.397185303, -0.111240283, -0.154119678, 0.154320016, 0.288161764, -0.945043789, 0.518188477, -0.837890625, -0.170898437, -0.841138141, -0.463261415, -0.278655204, 0, 2, 5, 1, 
586.305513, 63, 0.1, 0.1, 0.0106143887, 0.362972761, -0.0349724698, 0.9155623, -0.402176174, 7.29889385e-006, 0.402176174, 0.9155623, 1.99180344e-005, -1.46931509e-005, -1.53007602e-005, 1, 0.915562297, -0.40217618, 6.59304034e-006, 0.402176179, 0.915562297, 1.73371472e-005, -1.30089268e-005, -1.32216745e-005, 1, 0, 0, 0, 0, 0, 0, 0, 0.333905688, -0.164738208, -0.189421436, -0.300419347, 0.504210499, -0.809643398, -0.911865234, 0.0969238281, 0.398803711, 0.279563811, 0.858080092, 0.430787972, 0, 0, -0, 0, 0, 0, 0, 0.397185303, -0.111240283, -0.154119678, 0.154320016, 0.288161764, -0.945043789, 0.518188477, -0.837890625, -0.170898437, -0.841138141, -0.463261415, -0.278655204, 0, 2, 5, 1, 
586.306198, 63, 0.1, 0.1, 0.010614389, 0.362972762, -0.0349723145, 0.915562311, -0.402176149, -9.19482401e-006, 0.402176149, 0.915562311, -2.34886548e-005, 1.78650111e-005, 1.78073882e-005, 1, 0.915562309, -0.402176154, -8.0432529e-006, 0.402176154, 0.915562308, -2.1024874e-005, 1.58198022e-005, 1.60147777e-005, 1, 0, 0, 0, 0, 0, 0, 0, 0.333905688, -0.164738208, -0.189421436, -0.300419347, 0.504210499, -0.809643398, -0.911865234, 0.0969238281, 0.398803711, 0.279563811, 0.858080092, 0.430787972, 0, 0, -0, 0, 0, 0, 0, 0.397185303, -0.111240283, -0.154119678, 0.154320016, 0.288161764, -0.945043789, 0.518188477, -0.837890625, -0.170898437, -0.841138141, -0.463261415, -0.278655204, 0, 2, 5, 1, 
586.306926, 63, 0.1, 0.1, 0.0106143877, 0.362972758, -0.0349710246, 0.915562322, -0.402176124, 8.46256991e-006, 0.402176124, 0.915562322, 2.18869656e-005, -1.65504251e-005, -1.66354375e-005, 1, 0.91556232, -0.402176129, 7.34997151e-006, 0.402176129, 0.91556232, 1.95655982e-005, -1.45981735e-005, -1.49575414e-005, 1, 0, 0, 0, 0, 0, 0, 0, 0.333905688, -0.164738208, -0.189421436, -0.300419347, 0.504210499, -0.809643398, -0.911865234, 0.0969238281, 0.398803711, 0.279563811, 0.858080092, 0.430787972, 0, 0, -0, 0, 0, 0, 0, 0.397185303, -0.111240283, -0.154119678, 0.154320016, 0.288161764, -0.945043789, 0.518188477, -0.837890625, -0.170898437, -0.841138141, -0.463261415, -0.278655204, 0, 2, 5, 1, 
586.307648, 63, 0.1, 0.1, 0.010614388, 0.36297276, -0.0349691529, 0.915562335, -0.402176095, -1.06125045e-005, 0.402176095, 0.915562334, -2.81750232e-005, 2.10477302e-005, 2.15278944e-005, 1, 0.915562332, -0.402176101, -9.29653522e-006, 0.402176101, 0.915562332, -2.59086793e-005, 1.89314091e-005, 1.99821666e-005, 1, 0, 0, 0, 0, 0, 0, 0, 0.33366084, -0.164474927, -0.189382251, -0.300794154, 0.505016279, -0.808951072, -0.911987305, 0.0955810547, 0.398803711, 0.278758031, 0.857705285, 0.432037829, 0, 0, -0, 0, 0, 0, 0, 0.396972314, -0.110707861, -0.153661963, 0.154243457, 0.289720661, -0.944577506, 0.51940918, -0.836914063, -0.17199707, -0.840409732, -0.46407951, -0.279588137, 0, 2, 5, 1, 
586.308349, 63, 0.1, 0.1, 0.010614387, 0.362972757, -0.0349674313, 0.91556235, -0.40217606, 8.69516652e-006, 0.40217606, 0.91556235, 2.50631395e-005, -1.80407618e-005, -1.94498791e-005, 1, 0.915562347, -0.402176067, 7.27952707e-006, 0.402176067, 0.915562347, 2.19819225e-005, -1.5505464e-005, -1.7198169e-005, 1, 0, 0, 0, 0, 0, 0, 0, 0.33366084, -0.164474927, -0.189382251, -0.300794154, 0.505016279, -0.808951072, -0.911987305, 0.0955810547, 0.398803711, 0.278758031, 0.857705285, 0.432037829, 0, 0, -0, 0, 0, 0, 0, 0.396972314, -0.110707861, -0.153661963, 0.154243457, 0.289720661, -0.944577506, 0.51940918, -0.836914063, -0.17199707, -0.840409732, -0.46407951, -0.279588137, 0, 2, 5, 1, 
586.309043, 63, 0.1, 0.1, 0.010614387, 0.362972758, -0.0349664213, 0.915562368, -0.40217602, -9.04833802e-006, 0.402176019, 0.915562367, -2.71185088e-005, 1.91907317e-005, 2.11896616e-005, 1, 0.915562364, -0.402176027, -8.01267379e-006, 0.402176027, 0.915562364, -2.42544544e-005, 1.70906627e-005, 1.89839603e-005, 1, 0, 0, 0, 0, 0, 0, 0, 0.33366084, -0.164474927, -0.189382251, -0.300794154, 0.505016279, -0.808951072, -0.911987305, 0.0955810547, 0.398803711, 0.278758031, 0.857705285, 0.432037829, 0, 0, -0, 0, 0, 0, 0, 0.396972314, -0.110707861, -0.153661963, 0.154243457, 0.289720661, -0.944577506, 0.51940918, -0.836914063, -0.17199707, -0.840409732, -0.46407951, -0.279588137, 0, 2, 5, 1, 
586.309737, 63, 0.1, 0.1, 0.0106143853, 0.362972754, -0.0349664081, 0.915562386, -0.402175978, 1.02788605e-005, 0.402175978, 0.915562386, 2.81186367e-005, -2.07195783e-005, -2.16104553e-005, 1, 0.915562383, -0.402175986, 9.04452518e-006, 0.402175985, 0.915562382, 2.4683024e-005, -1.82077465e-005, -1.89613574e-005, 1, 0, 0, 0, 0, 0, 0, 0, 0.33366084, -0.164474927, -0.189382251, -0.300794154, 0.505016279, -0.808951072, -0.911987305, 0.0955810547, 0.398803711, 0.278758031, 0.857705285, 0.432037829, 0, 0, -0, 0, 0, 0, 0, 0.396972314, -0.110707861, -0.153661963, 0.154243457, 0.289720661, -0.944577506, 0.51940918, -0.836914063, -0.17199707, -0.840409732, -0.46407951, -0.279588137, 0, 2, 5, 1, 
586.31044, 63, 0.1, 0.1, 0.0106143851, 0.362972754, -0.0349673342, 0.915562405, -0.402175935, -8.74625861e-006, 0.402175935, 0.915562405, -2.47658095e-005, 1.79679582e-005, 1.91571094e-005, 1, 0.915562401, -0.402175943, -7.45691428e-006, 0.402175943, 0.915562401, -2.1587473e-005, 1.55092327e-005, 1.67656871e-005, 1, 0, 0, 0, 0, 0, 0, 0, 0.33366084, -0.164474927, -0.189382251, -0.300794154, 0.505016279, -0.808951072, -0.911987305, 0.0955810547, 0.398803711, 0.278758031, 0.857705285, 0.432037829, 0, 0, -0, 0, 0, 0, 0, 0.396972314, -0.110707861, -0.153661963, 0.154243457, 0.289720661, -0.944577506, 0.51940918, -0.836914063, -0.17199707, -0.840409732, -0.46407951, -0.279588137, 0, 2, 5, 1, 
586.311142, 63, 0.1, 0.1, 0.0106143836, 0.36297275, -0.0349687623, 0.915562424, -0.40217589, 9.49912935e-006, 0.40217589, 0.915562424, 2.69010945e-005, -1.95160175e-005, -2.08093105e-005, 1, 0.915562421, -0.402175899, 8.24030036e-006, 0.402175899, 0.915562421, 2.37735048e-005, -1.710564e-005, -1.84520774e-005, 1, 0, 0, 0, 0, 0, 0, 0, 0.33366084, -0.164474927, -0.189382251, -0.300794154, 0.505016279, -0.808951072, -0.911987305, 0.0955810547, 0.398803711, 0.278758031, 0.857705285, 0.432037829, 0, 0, -0, 0, 0, 0, 0, 0.396972314, -0.110707861, -0.153661963, 0.154243457, 0.289720661, -0.944577506, 0.51940918, -0.836914063, -0.17199707, -0.840409732, -0.46407951, -0.279588137, 0, 2, 5, 1, 
586.311834, 63, 0.1, 0.1, 0.0106143831, 0.362972749, -0.0349702882, 0.915562445, -0.402175844, -7.34791912e-006, 0.402175844, 0.915562445, -2.18872586e-005, 1.55300055e-005, 1.70839964e-005, 1, 0.915562441, -0.402175852, -6.23344212e-006, 0.402175852, 0.915562441, -1.8779798e-005, 1.32598867e-005, 1.46871378e-005, 1, 0, 0, 0, 0, 0, 0, 0, 0.33366084, -0.164474927, -0.189382251, -0.300794154, 0.505016279, -0.808951072, -0.911987305, 0.0955810547, 0.398803711, 0.278758031, 0.857705285, 0.432037829, 0, 0, -0, 0, 0, 0, 0, 0.396972314, -0.110707861, -0.153661963, 0.154243457, 0.289720661, -0.944577506, 0.51940918, -0.836914063, -0.17199707, -0.840409732, -0.46407951, -0.279588137, 0, 2, 5, 1, 
586.312565, 63, 0.1, 0.1, 0.0106143814, 0.362972745, -0.0349712726, 0.915562466, -0.402175796, 9.41486087e-006, 0.402175795, 0.915562466, 2.52028279e-005, -1.87558606e-005, -1.92883341e-005, 1, 0.915562462, -0.402175804, 8.45668372e-006, 0.402175804, 0.915562462, 2.2797243e-005, -1.69111217e-005, -1.74712264e-005, 1, 0, 0, 0, 0, 0, 0, 0, 0.333141235, -0.163987061, -0.189326099, -0.302171692, 0.505841155, -0.80791614, -0.911743164, 0.0936279297, 0.399658203, 0.277863884, 0.857451045, 0.433109831, 0, 0, -0, 0, 0, 0, 0, 0.396628223, -0.109960742, -0.153861768, 0.152211713, 0.291343358, -0.944385742, 0.520996094, -0.835571289, -0.173706055, -0.839764078, -0.465504613, -0.279077011, 0, 2, 5, 1, 
586.313254, 63, 0.1, 0.1, 0.0106143809, 0.362972745, -0.0349715753, 0.915562486, -0.402175749, -6.9787687e-006, 0.402175749, 0.915562486, -2.15995227e-005, 1.5076303e-005, 1.69690212e-005, 1, 0.915562483, -0.402175758, -5.82785418e-006, 0.402175758, 0.915562482, -1.85464759e-005, 1.27947076e-005, 1.46366358e-005, 1, 0, 0, 0, 0, 0, 0, 0, 0.333141235, -0.163987061, -0.189326099, -0.302171692, 0.505841155, -0.80791614, -0.911743164, 0.0936279297, 0.399658203, 0.277863884, 0.857451045, 0.433109831, 0, 0, -0, 0, 0, 0, 0, 0.396628223, -0.109960742, -0.153861768, 0.152211713, 0.291343358, -0.944385742, 0.520996094, -0.835571289, -0.173706055, -0.839764078, -0.465504613, -0.279077011, 0, 2, 5, 1, 
