time, trialNum, realDorsalTactorPos, realVentralTactorPos, boxPosX, boxPosY, boxPosZ, boxLocalRot_11, boxLocalRot_12, boxLocalRot_13, boxLocalRot_21, boxLocalRot_22, boxLocalRot_23, boxLocalRot_31, boxLocalRot_32, boxLocalRot_33, boxGlobalRot_11, boxGlobalRot_12, boxGlobalRot_13, boxGlobalRot_21, boxGlobalRot_22, boxGlobalRot_23, boxGlobalRot_31, boxGlobalRot_32, boxGlobalRot_33, indexForceX, indexForceY, indexForceZ, indexForceGlobalX, indexForceGlobalY, indexForceGlobalZ, indexContact, indexPosX, indexPosY, indexPosZ, indexRot_11, indexRot_12, indexRot_13, indexRot_21, indexRot_22, indexRot_23, indexRot_31, indexRot_32, indexRot_33, thumbForceX, thumbForceY, thumbForceZ, thumbForceGlobalX, thumbForceGlobalY, thumbForceGlobalZ, thumbContact, thumbPosX, thumbPosY, thumbPosZ, thumbRot_11, thumbRot_12, thumbRot_13, thumbRot_21, thumbRot_22, thumbRot_23, thumbRot_31, thumbRot_32, thumbRot_33, manipForceTooHigh, cceExpType, mapping, trialSuccess, 
410.65508, 44, 0.1, 0.1, 0.00821135058, 0.38994369, -0.0349803071, 0.929976571, -0.367618792, 2.40052439e-005, 0.367618792, 0.929976572, 1.37755264e-005, -2.73884568e-005, -3.98613804e-006, 1, 0.929976555, -0.367618833, 2.50392435e-005, 0.367618833, 0.929976555, 6.75496167e-006, -2.57691606e-005, 2.9229415e-006, 1, 0, 0, 0, 0, 0, 0, 0, 0.308799414, -0.137582959, -0.200607251, -0.30732282, 0.462913161, -0.831393032, -0.880126953, 0.193603516, 0.433227539, 0.36160993, 0.864991723, 0.348089197, 0, 0, -0, 0, 0, 0, 0, 0.389193457, -0.0940669922, -0.164577002, 0.271804611, 0.16006393, -0.94890752, 0.30859375, -0.948364258, -0.0715332031, -0.911395857, -0.273340369, -0.307292122, 0, 2, 1, 1, 
410.682284, 44, 0.1, 0.1, 0.0082113516, 0.389943704, -0.0349694161, 0.929976031, -0.367620159, 9.8838067e-006, 0.367620159, 0.929976031, -1.3341502e-006, -8.70124282e-006, 4.8742143e-006, 1, 0.929976002, -0.367620232, 8.72117052e-006, 0.367620232, 0.929976002, -8.54351179e-006, -4.9697115e-006, 1.11513397e-005, 1, 0, 0, 0, 0, 0, 0, 0, 0.311072168, -0.144386572, -0.191457568, -0.34106222, 0.456031078, -0.822050548, -0.870605469, 0.176635742, 0.459106445, 0.354594533, 0.872261335, 0.33684573, 0, 0, -0, 0, 0, 0, 0, 0.391576172, -0.0997117188, -0.156673437, 0.244240251, 0.171325826, -0.954347969, 0.326416016, -0.94128418, -0.0854492187, -0.913065561, -0.290568103, -0.285892991, 0, 2, 1, 1, 
410.682981, 44, 0.1, 0.1, 0.00821135223, 0.389943702, -0.0349721868, 0.929976132, -0.367619905, 1.48557049e-007, 0.367619905, 0.929976132, -2.58387564e-006, 8.11729608e-007, 2.4575552e-006, 1, 0.929976112, -0.367619954, -1.73418534e-006, 0.367619954, 0.929976112, 7.12757293e-006, -1.00748709e-006, -7.2659937e-006, 1, 0, 0, 0, 0, 0, 0, 0, 0.311072168, -0.144386572, -0.191457568, -0.34106222, 0.456031078, -0.822050548, -0.870605469, 0.176635742, 0.459106445, 0.354594533, 0.872261335, 0.33684573, 0, 0, -0, 0, 0, 0, 0, 0.391576172, -0.0997117188, -0.156673437, 0.244240251, 0.171325826, -0.954347969, 0.326416016, -0.94128418, -0.0854492187, -0.913065561, -0.290568103, -0.285892991, 0, 2, 1, 1, 
410.683699, 44, 0.1, 0.1, 0.00821135317, 0.389943702, -0.0349739058, 0.929976225, -0.367619668, -7.91832012e-006, 0.367619668, 0.929976225, 1.017623e-005, 3.62286718e-006, -1.23745821e-005, 1, 0.929976201, -0.367619728, -9.37430992e-006, 0.367619728, 0.929976202, 4.49456095e-006, 7.06559585e-006, -7.62601599e-006, 1, 0, 0, 0, 0, 0, 0, 0, 0.311072168, -0.144386572, -0.191457568, -0.34106222, 0.456031078, -0.822050548, -0.870605469, 0.176635742, 0.459106445, 0.354594533, 0.872261335, 0.33684573, 0, 0, -0, 0, 0, 0, 0, 0.392412109, -0.0998900391, -0.155990771, 0.239914636, 0.17319096, -0.955178091, 0.330200195, -0.939819336, -0.0875244141, -0.912783745, -0.294299836, -0.282666187, 0, 2, 1, 1, 
410.684393, 44, 0.1, 0.1, 0.00821135254, 0.389943701, -0.03497411, 0.929976368, -0.367619307, -7.43233601e-007, 0.367619307, 0.929976368, -8.31926091e-006, 3.74951062e-006, 7.46348902e-006, 1, 0.929976337, -0.367619386, 1.03385356e-006, 0.367619386, 0.929976337, -7.84252695e-006, 1.9216056e-006, 7.6734291e-006, 1, 0, 0, 0, 0, 0, 0, 0, 0.311072168, -0.144386572, -0.191457568, -0.34106222, 0.456031078, -0.822050548, -0.870605469, 0.176635742, 0.459106445, 0.354594533, 0.872261335, 0.33684573, 0, 0, -0, 0, 0, 0, 0, 0.392412109, -0.0998900391, -0.155990771, 0.239914636, 0.17319096, -0.955178091, 0.330200195, -0.939819336, -0.0875244141, -0.912783745, -0.294299836, -0.282666187, 0, 2, 1, 1, 
410.685086, 44, 0.1, 0.1, 0.008211352, 0.389943699, -0.0349730177, 0.929976518, -0.367618928, -2.05612055e-006, 0.367618928, 0.929976518, 4.09837339e-006, 4.05504203e-007, -4.56725984e-006, 1, 0.929976491, -0.367618997, 2.24046019e-006, 0.367618997, 0.92997649, 1.20066846e-005, -6.49746066e-006, -1.03422987e-005, 1, 0, 0, 0, 0, 0, 0, 0, 0.311072168, -0.144386572, -0.191457568, -0.34106222, 0.456031078, -0.822050548, -0.870605469, 0.176635742, 0.459106445, 0.354594533, 0.872261335, 0.33684573, 0, 0, -0, 0, 0, 0, 0, 0.392412109, -0.0998900391, -0.155990771, 0.239914636, 0.17319096, -0.955178091, 0.330200195, -0.939819336, -0.0875244141, -0.912783745, -0.294299836, -0.282666187, 0, 2, 1, 1, 
410.685799, 44, 0.1, 0.1, 0.00821135134, 0.389943701, -0.0349708103, 0.929976615, -0.367618683, -2.21995249e-006, 0.367618683, 0.929976615, 4.33691162e-006, 4.70174167e-007, -4.8493224e-006, 1, 0.929976599, -0.367618722, 3.73836772e-006, 0.367618722, 0.929976599, -4.81159587e-006, -1.70776177e-006, 5.84896552e-006, 1, 0, 0, 0, 0, 0, 0, 0, 0.312167236, -0.144421973, -0.190713257, -0.345652017, 0.455257499, -0.820584643, -0.869995117, 0.17199707, 0.461914063, 0.351366544, 0.873619777, 0.336737146, 0, 0, -0, 0, 0, 0, 0, 0.392412109, -0.0998900391, -0.155990771, 0.239914636, 0.17319096, -0.955178091, 0.330200195, -0.939819336, -0.0875244141, -0.912783745, -0.294299836, -0.282666187, 0, 2, 1, 1, 
410.686491, 44, 0.1, 0.1, 0.00821135245, 0.389943702, -0.0349684705, 0.929976685, -0.367618506, 8.39519585e-007, 0.367618506, 0.929976685, -1.46328847e-005, 4.59858559e-006, 1.39168646e-005, 1, 0.929976677, -0.367618525, -4.97493147e-006, 0.367618524, 0.929976677, -1.11464104e-005, 8.72419719e-006, 8.53702476e-006, 1, 0, 0, 0, 0, 0, 0, 0, 0.312167236, -0.144421973, -0.190713257, -0.345652017, 0.455257499, -0.820584643, -0.869995117, 0.17199707, 0.461914063, 0.351366544, 0.873619777, 0.336737146, 0, 0, -0, 0, 0, 0, 0, 0.392412109, -0.0998900391, -0.155990771, 0.239914636, 0.17319096, -0.955178091, 0.330200195, -0.939819336, -0.0875244141, -0.912783745, -0.294299836, -0.282666187, 0, 2, 1, 1, 
410.687187, 44, 0.1, 0.1, 0.00821135178, 0.389943701, -0.0349666288, 0.929976669, -0.367618546, -8.19416055e-006, 0.367618546, 0.929976669, 8.02243736e-006, 4.67118137e-006, -1.0473005e-005, 1, 0.929976678, -0.367618523, -6.27029229e-006, 0.367618523, 0.929976678, 9.39085337e-006, 2.37897394e-006, -1.10383502e-005, 1, 0, 0, 0, 0, 0, 0, 0, 0.312167236, -0.144421973, -0.190713257, -0.345652017, 0.455257499, -0.820584643, -0.869995117, 0.17199707, 0.461914063, 0.351366544, 0.873619777, 0.336737146, 0, 0, -0, 0, 0, 0, 0, 0.392412109, -0.0998900391, -0.155990771, 0.239914636, 0.17319096, -0.955178091, 0.330200195, -0.939819336, -0.0875244141, -0.912783745, -0.294299836, -0.282666187, 0, 2, 1, 1, 
410.687913, 44, 0.1, 0.1, 0.00821134902, 0.389943703, -0.0349656498, 0.929976621, -0.367618666, 1.0189254e-006, 0.367618666, 0.929976621, -5.80266739e-006, 1.18559204e-006, 5.77092101e-006, 1, 0.929976629, -0.367618646, 1.25896744e-005, 0.367618646, 0.929976629, -9.4319724e-006, -8.24073403e-006, 1.3399713e-005, 1, 0, 0, 0, 0, 0, 0, 0, 0.312455029, -0.145806226, -0.189553467, -0.34878677, 0.454350248, -0.819627217, -0.868530273, 0.171630859, 0.46472168, 0.35186304, 0.874134247, 0.334978809, 0, 0, -0, 0, 0, 0, 0, 0.392412109, -0.0998900391, -0.155990771, 0.235729379, 0.173267519, -0.956206173, 0.330444336, -0.939575195, -0.0887451172, -0.913837347, -0.295028246, -0.278723733, 0, 2, 1, 1, 
410.688609, 44, 0.1, 0.1, 0.00821135026, 0.389943701, -0.0349656707, 0.929976627, -0.367618653, 1.33494475e-006, 0.367618653, 0.929976627, -6.03191223e-006, 9.75976031e-007, 6.10028798e-006, 1, 0.929976623, -0.367618662, -9.77256683e-007, 0.367618662, 0.929976623, 6.6349676e-006, -1.53031204e-006, -6.52962255e-006, 1, 0, 0, 0, 0, 0, 0, 0, 0.312455029, -0.145806226, -0.189553467, -0.34878677, 0.454350248, -0.819627217, -0.868530273, 0.171630859, 0.46472168, 0.35186304, 0.874134247, 0.334978809, 0, 0, -0, 0, 0, 0, 0, 0.392782764, -0.101016504, -0.155529395, 0.235729379, 0.173267519, -0.956206173, 0.330444336, -0.939575195, -0.0887451172, -0.913837347, -0.295028246, -0.278723733, 0, 2, 1, 1, 
410.689302, 44, 0.1, 0.1, 0.0082113514, 0.389943702, -0.0349668639, 0.929976645, -0.367618605, -1.01014222e-005, 0.367618606, 0.929976645, 9.95547305e-006, 5.73426964e-006, -1.29718282e-005, 1, 0.929976636, -0.36761863, -1.18428227e-005, 0.36761863, 0.929976636, 2.99513176e-006, 9.91248215e-006, -7.13904481e-006, 1, 0, 0, 0, 0, 0, 0, 0, 0.312455029, -0.145806226, -0.189553467, -0.34878677, 0.454350248, -0.819627217, -0.868530273, 0.171630859, 0.46472168, 0.35186304, 0.874134247, 0.334978809, 0, 0, -0, 0, 0, 0, 0, 0.392782764, -0.101016504, -0.155529395, 0.235729379, 0.173267519, -0.956206173, 0.330444336, -0.939575195, -0.0887451172, -0.913837347, -0.295028246, -0.278723733, 0, 2, 1, 1, 
410.689993, 44, 0.1, 0.1, 0.00821135058, 0.389943702, -0.034968844, 0.92997674, -0.367618365, -3.39195058e-007, 0.367618365, 0.92997674, -1.12430967e-005, 4.44861234e-006, 1.03311241e-005, 1, 0.929976717, -0.367618425, 1.72111046e-006, 0.367618425, 0.929976717, -1.07683513e-005, 2.35805168e-006, 1.06470279e-005, 1, 0, 0, 0, 0, 0, 0, 0, 0.312455029, -0.145806226, -0.189553467, -0.34878677, 0.454350248, -0.819627217, -0.868530273, 0.171630859, 0.46472168, 0.35186304, 0.874134247, 0.334978809, 0, 0, -0, 0, 0, 0, 0, 0.392782764, -0.101016504, -0.155529395, 0.235729379, 0.173267519, -0.956206173, 0.330444336, -0.939575195, -0.0887451172, -0.913837347, -0.295028246, -0.278723733, 0, 2, 1, 1, 
410.690715, 44, 0.1, 0.1, 0.00821134977, 0.389943699, -0.0349707317, 0.929976858, -0.367618067, -1.87963901e-006, 0.367618067, 0.929976858, 6.53818112e-006, -6.55532721e-007, -6.77134639e-006, 1, 0.929976838, -0.367618119, 3.08340061e-006, 0.367618119, 0.929976837, 1.48469144e-005, -8.32548589e-006, -1.26737725e-005, 1, 0, 0, 0, 0, 0, 0, 0, 0.312455029, -0.145806226, -0.189553467, -0.34878677, 0.454350248, -0.819627217, -0.868530273, 0.171630859, 0.46472168, 0.35186304, 0.874134247, 0.334978809, 0, 0, -0, 0, 0, 0, 0, 0.392782764, -0.101016504, -0.155529395, 0.235729379, 0.173267519, -0.956206173, 0.330444336, -0.939575195, -0.0887451172, -0.913837347, -0.295028246, -0.278723733, 0, 2, 1, 1, 
410.691406, 44, 0.1, 0.1, 0.00821135363, 0.389943702, -0.0349720912, 0.929976952, -0.367617829, -6.47722116e-006, 0.367617829, 0.929976952, 1.48235557e-006, 5.47872606e-006, -3.75969849e-006, 1, 0.929976934, -0.367617874, -1.18439858e-005, 0.367617874, 0.929976934, -1.04855087e-005, 1.4869294e-005, 5.39722039e-006, 1, 0, 0, 0, 0, 0, 0, 0, 0.312455029, -0.145806226, -0.189553467, -0.34878677, 0.454350248, -0.819627217, -0.868530273, 0.171630859, 0.46472168, 0.35186304, 0.874134247, 0.334978809, 0, 0, -0, 0, 0, 0, 0, 0.392782764, -0.101016504, -0.155529395, 0.235729379, 0.173267519, -0.956206173, 0.330444336, -0.939575195, -0.0887451172, -0.913837347, -0.295028246, -0.278723733, 0, 2, 1, 1, 
410.692103, 44, 0.1, 0.1, 0.00821134869, 0.389943701, -0.034972681, 0.929977101, -0.367617454, 1.45255227e-005, 0.367617454, 0.929977101, -9.01039345e-006, -1.01960256e-005, 1.37192953e-005, 1, 0.929977066, -0.367617542, 1.96546504e-005, 0.367617542, 0.929977066, -1.79937291e-006, -1.76168931e-005, 8.89876981e-006, 1, 0, 0, 0, 0, 0, 0, 0, 0.312455029, -0.145806226, -0.189553467, -0.34878677, 0.454350248, -0.819627217, -0.868530273, 0.171630859, 0.46472168, 0.35186304, 0.874134247, 0.334978809, 0, 0, -0, 0, 0, 0, 0, 0.392782764, -0.101016504, -0.155529395, 0.235729379, 0.173267519, -0.956206173, 0.330444336, -0.939575195, -0.0887451172, -0.913837347, -0.295028246, -0.278723733, 0, 2, 1, 1, 
410.69282, 44, 0.1, 0.1, 0.00821135028, 0.389943701, -0.0349721977, 0.929977329, -0.367616875, -4.34410703e-007, 0.367616875, 0.929977329, 7.99031634e-006, -2.53338302e-006, -7.59050975e-006, 1, 0.929977281, -0.367616998, -8.37107183e-006, 0.367616998, 0.929977281, 5.43770804e-006, 5.78591272e-006, -8.13429323e-006, 1, 0, 0, 0, 0, 0, 0, 0, 0.312725854, -0.146950269, -0.188380127, -0.35226413, 0.453785603, -0.81840956, -0.866943359, 0.171142578, 0.468017578, 0.352537391, 0.874470862, 0.333302848, 0, 0, -0, 0, 0, 0, 0, 0.392938477, -0.102342773, -0.154839893, 0.231665524, 0.173535842, -0.957087334, 0.330322266, -0.939453125, -0.0903320312, -0.914878188, -0.295245529, -0.275011323, 0, 2, 1, 1, 
410.693513, 44, 0.1, 0.1, 0.0082113494, 0.389943704, -0.0349709028, 0.929977596, -0.367616201, 7.89193554e-007, 0.367616201, 0.929977596, -5.95217039e-006, 1.45418194e-006, 5.82550544e-006, 1, 0.929977542, -0.367616337, -1.68430793e-007, 0.367616337, 0.929977542, -1.29364207e-005, 4.91227646e-006, 1.19686628e-005, 1, 0, 0, 0, 0, 0, 0, 0, 0.312725854, -0.146950269, -0.188380127, -0.35226413, 0.453785603, -0.81840956, -0.866943359, 0.171142578, 0.468017578, 0.352537391, 0.874470862, 0.333302848, 0, 0, -0, 0, 0, 0, 0, 0.392938477, -0.102342773, -0.154839893, 0.231665524, 0.173535842, -0.957087334, 0.330322266, -0.939453125, -0.0903320312, -0.914878188, -0.295245529, -0.275011323, 0, 2, 1, 1, 
410.694203, 44, 0.1, 0.1, 0.00821134866, 0.389943701, -0.034969371, 0.929977838, -0.367615587, 1.16252545e-007, 0.367615587, 0.929977838, -5.80092099e-006, 2.02439669e-006, 5.43746421e-006, 1, 0.929977797, -0.367615691, -2.00226428e-006, 0.367615691, 0.929977797, 4.96349325e-006, 3.74033244e-008, -5.35200228e-006, 1, 0, 0, 0, 0, 0, 0, 0, 0.312725854, -0.146950269, -0.188380127, -0.35226413, 0.453785603, -0.81840956, -0.866943359, 0.171142578, 0.468017578, 0.352537391, 0.874470862, 0.333302848, 0, 0, -0, 0, 0, 0, 0, 0.392938477, -0.102342773, -0.154839893, 0.231665524, 0.173535842, -0.957087334, 0.330322266, -0.939453125, -0.0903320312, -0.914878188, -0.295245529, -0.275011323, 0, 2, 1, 1, 
410.694919, 44, 0.1, 0.1, 0.00821134888, 0.389943701, -0.0349678624, 0.929978015, -0.36761514, -1.21012095e-005, 0.36761514, 0.929978015, 1.16531443e-005, 6.96998654e-006, -1.52857558e-005, 1, 0.929977988, -0.367615208, -2.81807865e-006, 0.367615208, 0.929977988, 9.4069933e-006, -8.3740269e-007, -9.78426527e-006, 1, 0, 0, 0, 0, 0, 0, 0, 0.312725854, -0.146950269, -0.188380127, -0.35226413, 0.453785603, -0.81840956, -0.866943359, 0.171142578, 0.468017578, 0.352537391, 0.874470862, 0.333302848, 0, 0, -0, 0, 0, 0, 0, 0.392938477, -0.102342773, -0.154839893, 0.231665524, 0.173535842, -0.957087334, 0.330322266, -0.939453125, -0.0903320312, -0.914878188, -0.295245529, -0.275011323, 0, 2, 1, 1, 
410.69561, 44, 0.1, 0.1, 0.00821134862, 0.389943701, -0.0349669635, 0.929978132, -0.367614845, 8.60956421e-006, 0.367614845, 0.929978132, -7.65294481e-006, -5.19337032e-006, 1.02820749e-005, 1, 0.929978109, -0.367614902, 1.10684396e-005, 0.367614902, 0.929978109, -6.85438146e-006, -7.77363378e-006, 1.04433481e-005, 1, 0, 0, 0, 0, 0, 0, 0, 0.312725854, -0.146950269, -0.188380127, -0.35226413, 0.453785603, -0.81840956, -0.866943359, 0.171142578, 0.468017578, 0.352537391, 0.874470862, 0.333302848, 0, 0, -0, 0, 0, 0, 0, 0.392938477, -0.102342773, -0.154839893, 0.231665524, 0.173535842, -0.957087334, 0.330322266, -0.939453125, -0.0903320312, -0.914878188, -0.295245529, -0.275011323, 0, 2, 1, 1, 
410.696303, 44, 0.1, 0.1, 0.00821134899, 0.389943699, -0.034966922, 0.929978279, -0.367614472, 8.12958961e-006, 0.367614472, 0.929978279, 8.77479944e-006, -1.0786085e-005, -5.1718181e-006, 1, 0.929978245, -0.36761456, 2.68685297e-006, 0.36761456, 0.929978245, 1.40613411e-005, -7.66786851e-006, -1.2089015e-005, 1, 0, 0, 0, 0, 0, 0, 0, 0.312725854, -0.146950269, -0.188380127, -0.35226413, 0.453785603, -0.81840956, -0.866943359, 0.171142578, 0.468017578, 0.352537391, 0.874470862, 0.333302848, 0, 0, -0, 0, 0, 0, 0, 0.392938477, -0.102342773, -0.154839893, 0.231665524, 0.173535842, -0.957087334, 0.330322266, -0.939453125, -0.0903320312, -0.914878188, -0.295245529, -0.275011323, 0, 2, 1, 1, 
410.696998, 44, 0.1, 0.1, 0.00821134745, 0.389943701, -0.03496772, 0.929978485, -0.367613952, 5.5802139e-006, 0.367613952, 0.929978485, 6.83753419e-006, -7.70305184e-006, -4.3073952e-006, 1, 0.929978442, -0.36761406, 1.89959732e-006, 0.36761406, 0.929978442, -7.23802478e-006, 8.94215113e-007, 7.42952569e-006, 1, 0, 0, 0, 0, 0, 0, 0, 0.312725854, -0.146950269, -0.188380127, -0.35226413, 0.453785603, -0.81840956, -0.866943359, 0.171142578, 0.468017578, 0.352537391, 0.874470862, 0.333302848, 0, 0, -0, 0, 0, 0, 0, 0.392938477, -0.102342773, -0.154839893, 0.231665524, 0.173535842, -0.957087334, 0.330322266, -0.939453125, -0.0903320312, -0.914878188, -0.295245529, -0.275011323, 0, 2, 1, 1, 
410.697739, 44, 0.1, 0.1, 0.00821134703, 0.3899437, -0.034968588, 0.929978665, -0.367613496, 2.85375005e-006, 0.367613496, 0.929978665, -1.36316668e-005, 2.35725802e-006, 1.37262363e-005, 1, 0.92997864, -0.36761356, -1.7165252e-006, 0.36761356, 0.92997864, -9.67657493e-006, 5.15357193e-006, 8.36799006e-006, 1, 0, 0, 0, 0, 0, 0, 0, 0.31275293, -0.148272754, -0.187622754, -0.356235741, 0.454128209, -0.816589066, -0.864379883, 0.171630859, 0.47265625, 0.354773128, 0.874293007, 0.331531407, 0, 0, -0, 0, 0, 0, 0, 0.393119092, -0.103905469, -0.154153809, 0.227965874, 0.173535842, -0.957942975, 0.330078125, -0.939453125, -0.0915527344, -0.915880751, -0.295245529, -0.271541716, 0, 2, 1, 1, 
410.698432, 44, 0.1, 0.1, 0.0082113466, 0.3899437, -0.0349695842, 0.92997874, -0.367613307, -9.6856654e-006, 0.367613307, 0.92997874, 6.2271057e-006, 6.71829599e-006, -9.3516554e-006, 1, 0.929978732, -0.367613328, -6.98028639e-006, 0.367613328, 0.929978732, 7.57349726e-006, 3.70739935e-006, -9.60923768e-006, 1, 0, 0, 0, 0, 0, 0, 0, 0.31275293, -0.148272754, -0.187622754, -0.356235741, 0.454128209, -0.816589066, -0.864379883, 0.171630859, 0.47265625, 0.354773128, 0.874293007, 0.331531407, 0, 0, -0, 0, 0, 0, 0, 0.393119092, -0.103905469, -0.154153809, 0.227965874, 0.173535842, -0.957942975, 0.330078125, -0.939453125, -0.0915527344, -0.915880751, -0.295245529, -0.271541716, 0, 2, 1, 1, 
410.699122, 44, 0.1, 0.1, 0.00821134573, 0.389943702, -0.0349705759, 0.929978774, -0.367613221, -2.88586633e-006, 0.367613221, 0.929978774, -7.09849243e-006, 5.29329409e-006, 5.54056467e-006, 1, 0.929978766, -0.36761324, 6.58342711e-006, 0.36761324, 0.929978766, -9.73306833e-006, -2.54444264e-006, 1.14717019e-005, 1, 0, 0, 0, 0, 0, 0, 0, 0.31275293, -0.148272754, -0.187622754, -0.356235741, 0.454128209, -0.816589066, -0.864379883, 0.171630859, 0.47265625, 0.354773128, 0.874293007, 0.331531407, 0, 0, -0, 0, 0, 0, 0, 0.393119092, -0.103905469, -0.154153809, 0.227965874, 0.173535842, -0.957942975, 0.330078125, -0.939453125, -0.0915527344, -0.915880751, -0.295245529, -0.271541716, 0, 2, 1, 1, 
410.699836, 44, 0.1, 0.1, 0.00821134669, 0.3899437, -0.0349712345, 0.929978864, -0.367612993, 3.90314108e-006, 0.367612993, 0.929978864, -4.82362964e-006, -1.85660978e-006, 5.92071898e-006, 1, 0.929978839, -0.367613057, 2.58825147e-006, 0.367613057, 0.929978839, 7.08507977e-006, -5.01158693e-006, -5.63749922e-006, 1, 0, 0, 0, 0, 0, 0, 0, 0.31275293, -0.148272754, -0.187622754, -0.359770389, 0.454610478, -0.814679083, -0.862792969, 0.170166016, 0.475952148, 0.355085777, 0.874216623, 0.331105303, 0, 0, -0, 0, 0, 0, 0, 0.393119092, -0.103905469, -0.154153809, 0.227965874, 0.173535842, -0.957942975, 0.330078125, -0.939453125, -0.0915527344, -0.915880751, -0.295245529, -0.271541716, 0, 2, 1, 1, 
410.700552, 44, 0.1, 0.1, 0.00821134746, 0.389943701, -0.0349709902, 0.929979002, -0.367612643, 1.86730974e-007, 0.367612643, 0.929979002, 1.37597096e-005, -5.23189909e-006, -1.27275963e-005, 1, 0.929978977, -0.367612708, -3.42670305e-007, 0.367612708, 0.929978977, 8.01674123e-006, -2.62837977e-006, -7.58137076e-006, 1, 0, 0, 0, 0, 0, 0, 0, 0.313019727, -0.148918066, -0.186856714, -0.359770389, 0.454610478, -0.814679083, -0.862792969, 0.170166016, 0.475952148, 0.355085777, 0.874216623, 0.331105303, 0, 0, -0, 0, 0, 0, 0, 0.393374658, -0.104286035, -0.15324668, 0.225173637, 0.174877456, -0.958415455, 0.331298828, -0.938842773, -0.0935058594, -0.916174227, -0.296331947, -0.269382007, 0, 2, 1, 1, 
410.701249, 44, 0.1, 0.1, 0.00821134794, 0.389943701, -0.034970284, 0.929979095, -0.367612409, 7.74050936e-006, 0.367612409, 0.929979095, -6.41940754e-006, -4.83865802e-006, 8.8154221e-006, 1, 0.929979084, -0.367612437, 1.8898345e-007, 0.367612437, 0.929979084, -9.93003965e-006, 3.47465542e-006, 9.30420184e-006, 1, 0, 0, 0, 0, 0, 0, 0, 0.313019727, -0.148918066, -0.186856714, -0.359770389, 0.454610478, -0.814679083, -0.862792969, 0.170166016, 0.475952148, 0.355085777, 0.874216623, 0.331105303, 0, 0, -0, 0, 0, 0, 0, 0.393374658, -0.104286035, -0.15324668, 0.225173637, 0.174877456, -0.958415455, 0.331298828, -0.938842773, -0.0935058594, -0.916174227, -0.296331947, -0.269382007, 0, 2, 1, 1, 
410.701943, 44, 0.1, 0.1, 0.00821134875, 0.389943699, -0.0349694627, 0.929979104, -0.367612385, -4.14690491e-006, 0.367612385, 0.929979104, 4.29731245e-006, 2.27678964e-006, -5.52086439e-006, 1, 0.929979107, -0.367612379, -9.37950544e-006, 0.367612379, 0.929979107, 9.10164127e-006, 5.37686809e-006, -1.19123585e-005, 1, 0, 0, 0, 0, 0, 0, 0, 0.313019727, -0.148918066, -0.186856714, -0.359770389, 0.454610478, -0.814679083, -0.862792969, 0.170166016, 0.475952148, 0.355085777, 0.874216623, 0.331105303, 0, 0, -0, 0, 0, 0, 0, 0.393374658, -0.104286035, -0.15324668, 0.225173637, 0.174877456, -0.958415455, 0.331298828, -0.938842773, -0.0935058594, -0.916174227, -0.296331947, -0.269382007, 0, 2, 1, 1, 
410.702648, 44, 0.1, 0.1, 0.00821134691, 0.389943701, -0.0349686912, 0.929979101, -0.367612393, -5.74060177e-006, 0.367612393, 0.929979101, 3.88397343e-006, 3.9108429e-006, -5.72233048e-006, 1, 0.929979096, -0.367612405, 8.44473765e-007, 0.367612405, 0.929979096, -6.2853949e-006, 1.52524619e-006, 6.1557249e-006, 1, 0, 0, 0, 0, 0, 0, 0, 0.313019727, -0.148918066, -0.186856714, -0.359770389, 0.454610478, -0.814679083, -0.862792969, 0.170166016, 0.475952148, 0.355085777, 0.874216623, 0.331105303, 0, 0, -0, 0, 0, 0, 0, 0.393374658, -0.104286035, -0.15324668, 0.225173637, 0.174877456, -0.958415455, 0.331298828, -0.938842773, -0.0935058594, -0.916174227, -0.296331947, -0.269382007, 0, 2, 1, 1, 
410.703342, 44, 0.1, 0.1, 0.00821134555, 0.3899437, -0.0349682003, 0.929979168, -0.367612223, 3.72467005e-006, 0.367612223, 0.929979168, -1.25804947e-005, 1.16087807e-006, 1.30688322e-005, 1, 0.929979148, -0.367612274, 9.69010469e-006, 0.367612274, 0.929979148, -4.47567681e-006, -7.36628157e-006, 7.72448753e-006, 1, 0, 0, 0, 0, 0, 0, 0, 0.313019727, -0.148918066, -0.186856714, -0.359770389, 0.454610478, -0.814679083, -0.862792969, 0.170166016, 0.475952148, 0.355085777, 0.874216623, 0.331105303, 0, 0, -0, 0, 0, 0, 0, 0.393374658, -0.104286035, -0.15324668, 0.225173637, 0.174877456, -0.958415455, 0.331298828, -0.938842773, -0.0935058594, -0.916174227, -0.296331947, -0.269382007, 0, 2, 1, 1, 
410.704034, 44, 0.1, 0.1, 0.00821134475, 0.389943699, -0.0349682172, 0.929979274, -0.367611956, 1.55218792e-006, 0.367611955, 0.929979274, 1.25574246e-005, -6.05976202e-006, -1.11075418e-005, 1, 0.929979255, -0.367612004, 4.52841622e-006, 0.367612004, 0.929979255, 1.40217296e-005, -9.36588925e-006, -1.13752175e-005, 1, 0, 0, 0, 0, 0, 0, 0, 0.313019727, -0.148918066, -0.186856714, -0.359770389, 0.454610478, -0.814679083, -0.862792969, 0.170166016, 0.475952148, 0.355085777, 0.874216623, 0.331105303, 0, 0, -0, 0, 0, 0, 0, 0.393374658, -0.104286035, -0.15324668, 0.225173637, 0.174877456, -0.958415455, 0.331298828, -0.938842773, -0.0935058594, -0.916174227, -0.296331947, -0.269382007, 0, 2, 1, 1, 
410.70474, 44, 0.1, 0.1, 0.008211344, 0.389943701, -0.0349686489, 0.929979322, -0.367611834, 8.57853323e-006, 0.367611834, 0.929979322, -9.90042953e-007, -7.61390701e-006, 4.0742898e-006, 1, 0.929979319, -0.367611841, 8.78907648e-006, 0.367611841, 0.929979319, -8.3307605e-006, -5.11117315e-006, 1.09784036e-005, 1, 0, 0, 0, 0, 0, 0, 0, 0.313019727, -0.148918066, -0.186856714, -0.364751845, 0.455714681, -0.811988408, -0.860473633, 0.16809082, 0.480834961, 0.355627579, 0.874165326, 0.330926326, 0, 0, -0, 0, 0, 0, 0, 0.393374658, -0.104286035, -0.15324668, 0.225173637, 0.174877456, -0.958415455, 0.331298828, -0.938842773, -0.0935058594, -0.916174227, -0.296331947, -0.269382007, 0, 2, 1, 1, 
410.705448, 44, 0.1, 0.1, 0.00821134587, 0.389943698, -0.0349690745, 0.929979291, -0.367611912, 3.85678952e-006, 0.367611912, 0.929979291, -3.00510287e-006, -2.48202277e-006, 4.21248521e-006, 1, 0.929979301, -0.367611888, -7.77776737e-006, 0.367611888, 0.929979301, 4.89660469e-006, 5.43311257e-006, -7.41294075e-006, 1, 0, 0, 0, 0, 0, 0, 0, 0.312990039, -0.149531519, -0.186496509, -0.364751845, 0.455714681, -0.811988408, -0.860473633, 0.16809082, 0.480834961, 0.355627579, 0.874165326, 0.330926326, 0, 0, -0, 0, 0, 0, 0, 0.393262451, -0.104638525, -0.152993652, 0.220343093, 0.176742956, -0.959187974, 0.332519531, -0.937988281, -0.0964355469, -0.916927423, -0.29773153, -0.265535435, 0, 2, 1, 1, 
410.70615, 44, 0.1, 0.1, 0.0082113468, 0.389943699, -0.0349695807, 0.929979273, -0.367611957, -1.00407177e-005, 0.367611957, 0.929979273, 8.38524416e-006, 6.25514329e-006, -1.14891911e-005, 1, 0.929979271, -0.367611963, -1.11132615e-005, 0.367611963, 0.929979271, 2.64460999e-006, 9.36291257e-006, -6.54480035e-006, 1, 0, 0, 0, 0, 0, 0, 0, 0.312990039, -0.149531519, -0.186496509, -0.364751845, 0.455714681, -0.811988408, -0.860473633, 0.16809082, 0.480834961, 0.355627579, 0.874165326, 0.330926326, 0, 0, -0, 0, 0, 0, 0, 0.393262451, -0.104638525, -0.152993652, 0.220343093, 0.176742956, -0.959187974, 0.332519531, -0.937988281, -0.0964355469, -0.916927423, -0.29773153, -0.265535435, 0, 2, 1, 1, 
410.706844, 44, 0.1, 0.1, 0.00821134685, 0.3899437, -0.0349700744, 0.929979329, -0.367611815, -3.58926007e-006, 0.367611815, 0.929979329, -1.39268954e-005, 8.45762896e-006, 1.16322704e-005, 1, 0.929979313, -0.367611856, -1.22900988e-006, 0.367611856, 0.929979313, -1.33714345e-005, 6.05845161e-006, 1.19833588e-005, 1, 0, 0, 0, 0, 0, 0, 0, 0.312990039, -0.149531519, -0.186496509, -0.364751845, 0.455714681, -0.811988408, -0.860473633, 0.16809082, 0.480834961, 0.355627579, 0.874165326, 0.330926326, 0, 0, -0, 0, 0, 0, 0, 0.393262451, -0.104638525, -0.152993652, 0.220343093, 0.176742956, -0.959187974, 0.332519531, -0.937988281, -0.0964355469, -0.916927423, -0.29773153, -0.265535435, 0, 2, 1, 1, 
410.707532, 44, 0.1, 0.1, 0.00821134756, 0.389943699, -0.0349704728, 0.929979407, -0.367611618, -6.39184751e-006, 0.367611618, 0.929979407, 2.00381782e-006, 5.20765985e-006, -4.21322671e-006, 1, 0.929979394, -0.367611652, -1.43707097e-006, 0.367611652, 0.929979394, 1.00688806e-005, -2.36499144e-006, -9.89213553e-006, 1, 0, 0, 0, 0, 0, 0, 0, 0.312990039, -0.149531519, -0.186496509, -0.364751845, 0.455714681, -0.811988408, -0.860473633, 0.16809082, 0.480834961, 0.355627579, 0.874165326, 0.330926326, 0, 0, -0, 0, 0, 0, 0, 0.393262451, -0.104638525, -0.152993652, 0.220343093, 0.176742956, -0.959187974, 0.332519531, -0.937988281, -0.0964355469, -0.916927423, -0.29773153, -0.265535435, 0, 2, 1, 1, 
410.708227, 44, 0.1, 0.1, 0.00821134661, 0.389943701, -0.0349706265, 0.92997942, -0.367611586, 2.02387403e-006, 0.367611586, 0.92997942, 6.60329559e-006, -4.30960916e-006, -5.39692946e-006, 1, 0.929979424, -0.367611577, 8.44193574e-006, 0.367611577, 0.929979424, -2.40022901e-006, -6.96847456e-006, 5.3355169e-006, 1, 0, 0, 0, 0, 0, 0, 0, 0.312990039, -0.149531519, -0.186496509, -0.364751845, 0.455714681, -0.811988408, -0.860473633, 0.16809082, 0.480834961, 0.355627579, 0.874165326, 0.330926326, 0, 0, -0, 0, 0, 0, 0, 0.393262451, -0.104638525, -0.152993652, 0.220343093, 0.176742956, -0.959187974, 0.332519531, -0.937988281, -0.0964355469, -0.916927423, -0.29773153, -0.265535435, 0, 2, 1, 1, 
410.708922, 44, 0.1, 0.1, 0.00821134671, 0.3899437, -0.0349705063, 0.929979373, -0.367611704, 1.18427516e-005, 0.367611704, 0.929979373, -8.03532464e-006, -8.05963535e-006, 1.18262203e-005, 1, 0.929979383, -0.367611681, 7.55940379e-006, 0.367611681, 0.929979383, -4.27819127e-006, -5.45737659e-006, 6.75755481e-006, 1, 0, 0, 0, 0, 0, 0, 0, 0.312990039, -0.149531519, -0.186496509, -0.364751845, 0.455714681, -0.811988408, -0.860473633, 0.16809082, 0.480834961, 0.355627579, 0.874165326, 0.330926326, 0, 0, -0, 0, 0, 0, 0, 0.393262451, -0.104638525, -0.152993652, 0.220343093, 0.176742956, -0.959187974, 0.332519531, -0.937988281, -0.0964355469, -0.916927423, -0.29773153, -0.265535435, 0, 2, 1, 1, 
410.709642, 44, 0.1, 0.1, 0.00821134664, 0.389943699, -0.0349700264, 0.92997936, -0.367611739, 3.56817386e-006, 0.367611739, 0.92997936, 1.27099626e-005, -7.9906595e-006, -1.05083003e-005, 1, 0.929979356, -0.367611749, -4.92761361e-006, 0.367611749, 0.929979356, 1.00147085e-005, 9.01054425e-007, -1.11249208e-005, 1, 0, 0, 0, 0, 0, 0, 0, 0.313018823, -0.149784668, -0.185760254, -0.368496549, 0.455086757, -0.810637078, -0.85925293, 0.165771484, 0.483764648, 0.354613986, 0.874882739, 0.330094337, 0, 0, -0, 0, 0, 0, 0, 0.393262451, -0.104638525, -0.152993652, 0.216943848, 0.17738168, -0.959858415, 0.333740234, -0.9375, -0.0977783203, -0.917284698, -0.29913731, -0.262660076, 0, 2, 1, 1, 
410.710334, 44, 0.1, 0.1, 0.00821134517, 0.389943701, -0.0349692992, 0.92997942, -0.367611586, 7.17921701e-007, 0.367611586, 0.92997942, -5.17133855e-006, 1.23339156e-006, 5.07315476e-006, 1, 0.929979405, -0.367611625, 5.35501324e-007, 0.367611625, 0.929979404, -1.17818825e-005, 3.83315176e-006, 1.11537646e-005, 1, 0, 0, 0, 0, 0, 0, 0, 0.313018823, -0.149784668, -0.185760254, -0.368496549, 0.455086757, -0.810637078, -0.85925293, 0.165771484, 0.483764648, 0.354613986, 0.874882739, 0.330094337, 0, 0, -0, 0, 0, 0, 0, 0.393253271, -0.105295557, -0.152531055, 0.216943848, 0.17738168, -0.959858415, 0.333740234, -0.9375, -0.0977783203, -0.917284698, -0.29913731, -0.262660076, 0, 2, 1, 1, 
410.711031, 44, 0.1, 0.1, 0.00821134521, 0.389943699, -0.0349687254, 0.929979485, -0.367611422, -3.36950015e-006, 0.367611422, 0.929979485, -7.64755637e-006, 5.94489509e-006, 5.87340379e-006, 1, 0.929979478, -0.367611439, -4.94891896e-006, 0.367611439, 0.929979478, 4.04924446e-006, 3.11384449e-006, -5.58499348e-006, 1, 0, 0, 0, 0, 0, 0, 0, 0.313018823, -0.149784668, -0.185760254, -0.368496549, 0.455086757, -0.810637078, -0.85925293, 0.165771484, 0.483764648, 0.354613986, 0.874882739, 0.330094337, 0, 0, -0, 0, 0, 0, 0, 0.393253271, -0.105295557, -0.152531055, 0.216943848, 0.17738168, -0.959858415, 0.333740234, -0.9375, -0.0977783203, -0.917284698, -0.29913731, -0.262660076, 0, 2, 1, 1, 
410.711722, 44, 0.1, 0.1, 0.00821134452, 0.389943699, -0.0349684981, 0.929979472, -0.367611455, -8.78059412e-006, 0.367611455, 0.929979472, 9.09504027e-006, 4.8223313e-006, -1.16860477e-005, 1, 0.929979482, -0.36761143, 1.31849371e-006, 0.36761143, 0.929979482, 7.43588579e-006, -3.95968871e-006, -6.43052786e-006, 1, 0, 0, 0, 0, 0, 0, 0, 0.313018823, -0.149784668, -0.185760254, -0.368496549, 0.455086757, -0.810637078, -0.85925293, 0.165771484, 0.483764648, 0.354613986, 0.874882739, 0.330094337, 0, 0, -0, 0, 0, 0, 0, 0.393253271, -0.105295557, -0.152531055, 0.216943848, 0.17738168, -0.959858415, 0.333740234, -0.9375, -0.0977783203, -0.917284698, -0.29913731, -0.262660076, 0, 2, 1, 1, 
410.712414, 44, 0.1, 0.1, 0.00821134431, 0.3899437, -0.0349686686, 0.929979414, -0.367611603, 6.89925358e-006, 0.367611603, 0.929979413, -1.03800553e-005, -2.60033505e-006, 1.21894834e-005, 1, 0.929979424, -0.367611577, 9.81201358e-006, 0.367611577, 0.929979424, -9.66874113e-006, -5.57062956e-006, 1.25987401e-005, 1, 0, 0, 0, 0, 0, 0, 0, 0.313018823, -0.149784668, -0.185760254, -0.368496549, 0.455086757, -0.810637078, -0.85925293, 0.165771484, 0.483764648, 0.354613986, 0.874882739, 0.330094337, 0, 0, -0, 0, 0, 0, 0, 0.393253271, -0.105295557, -0.152531055, 0.216943848, 0.17738168, -0.959858415, 0.333740234, -0.9375, -0.0977783203, -0.917284698, -0.29913731, -0.262660076, 0, 2, 1, 1, 
410.713106, 44, 0.1, 0.1, 0.00821134573, 0.389943699, -0.0349691477, 0.929979406, -0.367611621, 3.61971158e-006, 0.367611621, 0.929979406, 6.57048326e-006, -5.78164323e-006, -4.77976608e-006, 1, 0.929979401, -0.367611634, -1.01176397e-006, 0.367611634, 0.929979401, 1.1045186e-005, -3.11941923e-006, -1.06437317e-005, 1, 0, 0, 0, 0, 0, 0, 0, 0.313018823, -0.149784668, -0.185760254, -0.368496549, 0.455086757, -0.810637078, -0.85925293, 0.165771484, 0.483764648, 0.354613986, 0.874882739, 0.330094337, 0, 0, -0, 0, 0, 0, 0, 0.393253271, -0.105295557, -0.152531055, 0.216943848, 0.17738168, -0.959858415, 0.333740234, -0.9375, -0.0977783203, -0.917284698, -0.29913731, -0.262660076, 0, 2, 1, 1, 
410.713799, 44, 0.1, 0.1, 0.00821134588, 0.389943701, -0.0349697917, 0.929979469, -0.367611463, 6.51321413e-007, 0.367611463, 0.929979469, 7.32861212e-006, -3.29979736e-006, -6.57602559e-006, 1, 0.929979454, -0.3676115, -2.84616509e-006, 0.3676115, 0.929979454, -6.05477779e-006, 4.87268101e-006, 4.58453592e-006, 1, 0, 0, 0, 0, 0, 0, 0, 0.313018823, -0.149784668, -0.185760254, -0.368496549, 0.455086757, -0.810637078, -0.85925293, 0.165771484, 0.483764648, 0.354613986, 0.874882739, 0.330094337, 0, 0, -0, 0, 0, 0, 0, 0.393253271, -0.105295557, -0.152531055, 0.216943848, 0.17738168, -0.959858415, 0.333740234, -0.9375, -0.0977783203, -0.917284698, -0.29913731, -0.262660076, 0, 2, 1, 1, 
410.714519, 44, 0.1, 0.1, 0.00821134666, 0.3899437, -0.0349702552, 0.929979516, -0.367611343, 9.62803402e-007, 0.367611343, 0.929979516, -1.14012556e-005, 3.29584345e-006, 1.09568716e-005, 1, 0.929979513, -0.36761135, -4.47916082e-006, 0.36761135, 0.929979513, -7.47142531e-006, 6.91210854e-006, 5.30168212e-006, 1, 0, 0, 0, 0, 0, 0, 0, 0.313292578, -0.150254956, -0.185026074, -0.371797174, 0.4545794, -0.809349029, -0.858398437, 0.163452148, 0.486206055, 0.353282875, 0.875581056, 0.329643146, 0, 0, -0, 0, 0, 0, 0, 0.393253271, -0.105295557, -0.152531055, 0.213544603, 0.177899003, -0.960541615, 0.334960937, -0.936889648, -0.0991210937, -0.917641973, -0.30055585, -0.259663316, 0, 2, 1, 1, 
410.71521, 44, 0.1, 0.1, 0.0082113463, 0.389943699, -0.0349703304, 0.929979486, -0.36761142, -8.24725239e-006, 0.36761142, 0.929979486, 7.83159142e-006, 4.79079309e-006, -1.03150035e-005, 1, 0.929979497, -0.367611392, -6.31731683e-006, 0.367611392, 0.929979497, 9.25125183e-006, 2.47410956e-006, -1.09257922e-005, 1, 0, 0, 0, 0, 0, 0, 0, 0.313292578, -0.150254956, -0.185026074, -0.371797174, 0.4545794, -0.809349029, -0.858398437, 0.163452148, 0.486206055, 0.353282875, 0.875581056, 0.329643146, 0, 0, -0, 0, 0, 0, 0, 0.393244092, -0.105960889, -0.151843506, 0.213544603, 0.177899003, -0.960541615, 0.334960937, -0.936889648, -0.0991210937, -0.917641973, -0.30055585, -0.259663316, 0, 2, 1, 1, 
410.715904, 44, 0.1, 0.1, 0.00821134442, 0.389943701, -0.034970241, 0.929979429, -0.367611563, 6.05220298e-007, 0.367611563, 0.929979429, -5.99236072e-006, 1.64001866e-006, 5.79525818e-006, 1, 0.929979439, -0.367611539, 9.91371346e-006, 0.367611539, 0.929979439, -8.59222225e-006, -6.06094963e-006, 1.16349855e-005, 1, 0, 0, 0, 0, 0, 0, 0, 0.313292578, -0.150254956, -0.185026074, -0.371797174, 0.4545794, -0.809349029, -0.858398437, 0.163452148, 0.486206055, 0.353282875, 0.875581056, 0.329643146, 0, 0, -0, 0, 0, 0, 0, 0.393244092, -0.105960889, -0.151843506, 0.213544603, 0.177899003, -0.960541615, 0.334960937, -0.936889648, -0.0991210937, -0.917641973, -0.30055585, -0.259663316, 0, 2, 1, 1, 
410.716595, 44, 0.1, 0.1, 0.0082113439, 0.389943699, -0.0349700224, 0.929979436, -0.367611545, 8.5811759e-006, 0.367611545, 0.929979436, -3.84286697e-006, -6.56763486e-006, 6.72832659e-006, 1, 0.929979429, -0.367611563, 7.49499643e-006, 0.367611563, 0.929979429, 7.24188763e-006, -9.63239413e-006, -3.97955918e-006, 1, 0, 0, 0, 0, 0, 0, 0, 0.313292578, -0.150254956, -0.185026074, -0.371797174, 0.4545794, -0.809349029, -0.858398437, 0.163452148, 0.486206055, 0.353282875, 0.875581056, 0.329643146, 0, 0, -0, 0, 0, 0, 0, 0.393244092, -0.105960889, -0.151843506, 0.213544603, 0.177899003, -0.960541615, 0.334960937, -0.936889648, -0.0991210937, -0.917641973, -0.30055585, -0.259663316, 0, 2, 1, 1, 
410.717323, 44, 0.1, 0.1, 0.00821134353, 0.389943699, -0.0349693635, 0.929979507, -0.367611366, 2.998189e-006, 0.367611365, 0.929979507, 1.40229589e-005, -7.94325341e-006, -1.19388961e-005, 1, 0.929979494, -0.367611399, 2.76511732e-006, 0.367611399, 0.929979494, 8.06025459e-006, -5.53454388e-006, -6.47938284e-006, 1, 0, 0, 0, 0, 0, 0, 0, 0.313868188, -0.150943726, -0.183880688, -0.373574607, 0.454173514, -0.808765288, -0.858032227, 0.161743164, 0.487182617, 0.352204881, 0.87613971, 0.329427098, 0, 0, -0, 0, 0, 0, 0, 0.393731201, -0.106596191, -0.151382861, 0.210873768, 0.178742251, -0.961014095, 0.3359375, -0.936401367, -0.100463867, -0.917922689, -0.301571905, -0.257503607, 0, 2, 1, 1, 
410.718046, 44, 0.1, 0.1, 0.00821134333, 0.3899437, -0.0349686155, 0.929979538, -0.367611288, 9.73170575e-006, 0.367611288, 0.929979538, -8.48769981e-006, -5.93011296e-006, 1.1470872e-005, 1, 0.929979539, -0.367611286, 2.23966483e-006, 0.367611286, 0.929979539, -1.23394935e-005, 2.4532946e-006, 1.22988025e-005, 1, 0, 0, 0, 0, 0, 0, 0, 0.313868188, -0.150943726, -0.183880688, -0.373574607, 0.454173514, -0.808765288, -0.858032227, 0.161743164, 0.487182617, 0.352204881, 0.87613971, 0.329427098, 0, 0, -0, 0, 0, 0, 0, 0.393731201, -0.106596191, -0.151382861, 0.210873768, 0.178742251, -0.961014095, 0.3359375, -0.936401367, -0.100463867, -0.917922689, -0.301571905, -0.257503607, 0, 2, 1, 1, 
410.718736, 44, 0.1, 0.1, 0.00821134422, 0.389943698, -0.0349680866, 0.929979489, -0.367611411, -5.49492666e-006, 0.367611411, 0.929979489, 3.83353944e-006, 3.70091624e-006, -5.58511079e-006, 1, 0.929979503, -0.367611377, -1.03397714e-005, 0.367611377, 0.929979503, 8.58925273e-006, 6.45826844e-006, -1.17888466e-005, 1, 0, 0, 0, 0, 0, 0, 0, 0.313868188, -0.150943726, -0.183880688, -0.373574607, 0.454173514, -0.808765288, -0.858032227, 0.161743164, 0.487182617, 0.352204881, 0.87613971, 0.329427098, 0, 0, -0, 0, 0, 0, 0, 0.393731201, -0.106596191, -0.151382861, 0.210873768, 0.178742251, -0.961014095, 0.3359375, -0.936401367, -0.100463867, -0.917922689, -0.301571905, -0.257503607, 0, 2, 1, 1, 
410.71942, 44, 0.1, 0.1, 0.00821134332, 0.3899437, -0.0349681607, 0.929979434, -0.36761155, -8.91252896e-006, 0.36761155, 0.929979434, 3.27165548e-006, 7.08577029e-006, -6.3189209e-006, 1, 0.929979439, -0.367611537, -2.30388425e-006, 0.367611537, 0.929979439, -6.43601642e-006, 4.50851887e-006, 5.13842851e-006, 1, 0, 0, 0, 0, 0, 0, 0, 0.313868188, -0.150943726, -0.183880688, -0.373574607, 0.454173514, -0.808765288, -0.858032227, 0.161743164, 0.487182617, 0.352204881, 0.87613971, 0.329427098, 0, 0, -0, 0, 0, 0, 0, 0.393731201, -0.106596191, -0.151382861, 0.210873768, 0.178742251, -0.961014095, 0.3359375, -0.936401367, -0.100463867, -0.917922689, -0.301571905, -0.257503607, 0, 2, 1, 1, 
