time, trialNum, realDorsalTactorPos, realVentralTactorPos, boxPosX, boxPosY, boxPosZ, boxLocalRot_11, boxLocalRot_12, boxLocalRot_13, boxLocalRot_21, boxLocalRot_22, boxLocalRot_23, boxLocalRot_31, boxLocalRot_32, boxLocalRot_33, boxGlobalRot_11, boxGlobalRot_12, boxGlobalRot_13, boxGlobalRot_21, boxGlobalRot_22, boxGlobalRot_23, boxGlobalRot_31, boxGlobalRot_32, boxGlobalRot_33, indexForceX, indexForceY, indexForceZ, indexForceGlobalX, indexForceGlobalY, indexForceGlobalZ, indexContact, indexPosX, indexPosY, indexPosZ, indexRot_11, indexRot_12, indexRot_13, indexRot_21, indexRot_22, indexRot_23, indexRot_31, indexRot_32, indexRot_33, thumbForceX, thumbForceY, thumbForceZ, thumbForceGlobalX, thumbForceGlobalY, thumbForceGlobalZ, thumbContact, thumbPosX, thumbPosY, thumbPosZ, thumbRot_11, thumbRot_12, thumbRot_13, thumbRot_21, thumbRot_22, thumbRot_23, thumbRot_31, thumbRot_32, thumbRot_33, manipForceTooHigh, cceExpType, mapping, trialSuccess, 
439.280842, 56, 0.1, 0.1, 0.0355566248, 0.374719734, -0.0349818198, 0.87115362, -2.52956664e-006, -0.49101056, 0.49101056, 2.09008478e-006, 0.87115362, -1.17738744e-006, -1, 3.06282885e-006, 0.871153621, 9.92970298e-007, -0.491010558, 0.491010558, -7.77394369e-006, 0.871153621, -2.95205876e-006, -1, -7.2598581e-006, 0, 0, 0, 0, 0, 0, 0, 0.255828662, -0.0978848389, -0.18993606, -0.455964454, 0.633618328, -0.62489637, -0.821166992, -0.0289306641, 0.569824219, 0.343131195, 0.773068915, 0.533646695, 0, 0, -0, 0, 0, 0, 0, 0.323210156, -0.0470436035, -0.153668018, -0.113923981, 0.580301122, -0.806283088, 0.334838867, -0.741577148, -0.581054687, -0.935244557, -0.336080561, -0.109906023, 0, 2, 5, 1, 
439.289271, 56, 0.1, 0.1, 0.0355566438, 0.374719742, -0.034963467, 0.871155246, 8.95292166e-006, -0.491007675, 0.491007675, -1.11771276e-006, 0.871155246, 7.25057913e-006, -1, -5.36965458e-006, 0.871155247, -4.09525417e-006, -0.491007674, 0.491007673, -8.76988531e-006, 0.871155247, -7.87368314e-006, -1, -5.62913038e-006, 0, 0, 0, 0, 0, 0, 0, 0.261698657, -0.105790747, -0.189450977, -0.471139837, 0.627204289, -0.620058325, -0.819458008, -0.0513916016, 0.570800781, 0.326130806, 0.777051006, 0.538442061, 0, 0, -0, 0, 0, 0, 0, 0.327087744, -0.0523093262, -0.15291543, -0.121475301, 0.576912071, -0.807618872, 0.349975586, -0.736450195, -0.578735352, -0.928796413, -0.352884288, -0.112378531, 0, 2, 5, 1, 
439.289982, 56, 0.1, 0.1, 0.0355566456, 0.374719741, -0.0349587825, 0.871155224, -1.0807998e-005, -0.491007714, 0.491007714, -3.20887035e-006, 0.871155224, -1.0991024e-005, -1, 2.51138624e-006, 0.871155219, -1.96078991e-006, -0.491007723, 0.491007723, -6.72539086e-006, 0.871155219, -5.01037122e-006, -1, -4.89609636e-006, 0, 0, 0, 0, 0, 0, 0, 0.261698657, -0.105790747, -0.189450977, -0.471139837, 0.627204289, -0.620058325, -0.819458008, -0.0513916016, 0.570800781, 0.326130806, 0.777051006, 0.538442061, 0, 0, -0, 0, 0, 0, 0, 0.328050635, -0.0538736328, -0.152517285, -0.124548253, 0.575473475, -0.808174841, 0.355224609, -0.734619141, -0.577880859, -0.926419053, -0.359049883, -0.112927936, 0, 2, 5, 1, 
439.290682, 56, 0.1, 0.1, 0.0355566447, 0.37471974, -0.0349576944, 0.871155253, -4.13069841e-006, -0.491007664, 0.491007664, 1.49454877e-006, 0.871155253, -2.86464471e-006, -1, 3.33018859e-006, 0.871155247, -5.55737421e-006, -0.491007673, 0.491007673, 5.39561317e-007, 0.871155247, -4.57640696e-006, -1, 3.19875505e-006, 0, 0, 0, 0, 0, 0, 0, 0.261698657, -0.105790747, -0.189450977, -0.471139837, 0.627204289, -0.620058325, -0.819458008, -0.0513916016, 0.570800781, 0.326130806, 0.777051006, 0.538442061, 0, 0, -0, 0, 0, 0, 0, 0.328050635, -0.0538736328, -0.152517285, -0.124548253, 0.575473475, -0.808174841, 0.355224609, -0.734619141, -0.577880859, -0.926419053, -0.359049883, -0.112927936, 0, 2, 5, 1, 
439.291373, 56, 0.1, 0.1, 0.0355566443, 0.374719738, -0.0349601358, 0.87115526, -1.20772411e-005, -0.491007651, 0.491007651, -1.14412432e-005, 0.87115526, -1.613889e-005, -1, -4.03708142e-006, 0.871155267, -1.09120103e-005, -0.491007637, 0.491007637, -2.77097236e-006, 0.871155267, -1.08666239e-005, -1, 2.94393324e-006, 0, 0, 0, 0, 0, 0, 0, 0.261698657, -0.105790747, -0.189450977, -0.471139837, 0.627204289, -0.620058325, -0.819458008, -0.0513916016, 0.570800781, 0.326130806, 0.777051006, 0.538442061, 0, 0, -0, 0, 0, 0, 0, 0.328050635, -0.0538736328, -0.152517285, -0.124548253, 0.575473475, -0.808174841, 0.355224609, -0.734619141, -0.577880859, -0.926419053, -0.359049883, -0.112927936, 0, 2, 5, 1, 
439.292073, 56, 0.1, 0.1, 0.0355566463, 0.374719738, -0.0349652539, 0.871155251, 1.87658205e-005, -0.491007666, 0.491007666, 6.25498676e-006, 0.871155251, 1.94191895e-005, -1, -3.76509718e-006, 0.871155246, 1.76738774e-005, -0.491007675, 0.491007675, 5.71738234e-006, 0.871155246, 1.82039696e-005, -1, -3.69728181e-006, 0, 0, 0, 0, 0, 0, 0, 0.261698657, -0.105790747, -0.189450977, -0.471139837, 0.627204289, -0.620058325, -0.819458008, -0.0513916016, 0.570800781, 0.326130806, 0.777051006, 0.538442061, 0, 0, -0, 0, 0, 0, 0, 0.328050635, -0.0538736328, -0.152517285, -0.124548253, 0.575473475, -0.808174841, 0.355224609, -0.734619141, -0.577880859, -0.926419053, -0.359049883, -0.112927936, 0, 2, 5, 1, 
439.292771, 56, 0.1, 0.1, 0.0355566439, 0.374719736, -0.0349712925, 0.871155251, -2.26215519e-005, -0.491007667, 0.491007667, -1.21438573e-005, 0.871155251, -2.56696107e-005, -1, 5.2817039e-007, 0.871155248, -1.69130553e-005, -0.491007672, 0.491007672, -1.42591903e-005, 0.871155248, -2.17352687e-005, -1, -4.11752859e-006, 0, 0, 0, 0, 0, 0, 0, 0.261698657, -0.105790747, -0.189450977, -0.471139837, 0.627204289, -0.620058325, -0.819458008, -0.0513916016, 0.570800781, 0.326130806, 0.777051006, 0.538442061, 0, 0, -0, 0, 0, 0, 0, 0.328050635, -0.0538736328, -0.152517285, -0.124548253, 0.575473475, -0.808174841, 0.355224609, -0.734619141, -0.577880859, -0.926419053, -0.359049883, -0.112927936, 0, 2, 5, 1, 
439.293464, 56, 0.1, 0.1, 0.0355566427, 0.374719734, -0.0349764522, 0.871155237, 1.23460624e-005, -0.491007692, 0.491007692, 1.55452319e-005, 0.871155237, 1.83881653e-005, -1, 7.4802986e-006, 0.871155252, 7.45298641e-006, -0.491007666, 0.491007665, 3.58326613e-006, 0.871155252, 8.25211939e-006, -1, -5.37892352e-007, 0, 0, 0, 0, 0, 0, 0, 0.261698657, -0.105790747, -0.189450977, -0.471139837, 0.627204289, -0.620058325, -0.819458008, -0.0513916016, 0.570800781, 0.326130806, 0.777051006, 0.538442061, 0, 0, -0, 0, 0, 0, 0, 0.328050635, -0.0538736328, -0.152517285, -0.124548253, 0.575473475, -0.808174841, 0.355224609, -0.734619141, -0.577880859, -0.926419053, -0.359049883, -0.112927936, 0, 2, 5, 1, 
439.294196, 56, 0.1, 0.1, 0.0355566471, 0.374719738, -0.0349792232, 0.871155177, 2.79683237e-006, -0.491007797, 0.491007797, -3.31180586e-006, 0.871155177, 8.10352498e-007, -1, -4.25836332e-006, 0.871155182, 1.14655106e-005, -0.491007788, 0.491007788, 5.73072989e-006, 0.871155182, 1.2802072e-005, -1, -6.3729998e-007, 0, 0, 0, 0, 0, 0, 0, 0.263250708, -0.107517749, -0.189011328, -0.475343966, 0.62385461, -0.620223075, -0.819580078, -0.0577392578, 0.569946289, 0.319875526, 0.77931183, 0.538962522, 0, 0, -0, 0, 0, 0, 0, 0.328050635, -0.0538736328, -0.152517285, -0.127525324, 0.573817596, -0.808839451, 0.360961914, -0.732666016, -0.576782227, -0.923786131, -0.365483801, -0.113611503, 0, 2, 5, 1, 
439.294901, 56, 0.1, 0.1, 0.0355566401, 0.374719732, -0.0349786179, 0.8711552, -2.12029606e-005, -0.491007756, 0.491007756, -1.40663235e-005, 0.871155201, -2.53777433e-005, -1, -1.84313282e-006, 0.871155198, -2.4018029e-005, -0.49100776, 0.49100776, -1.63928886e-005, 0.871155198, -2.89724663e-005, -1, -2.48771149e-006, 0, 0, 0, 0, 0, 0, 0, 0.263250708, -0.107517749, -0.189011328, -0.475343966, 0.62385461, -0.620223075, -0.819580078, -0.0577392578, 0.569946289, 0.319875526, 0.77931183, 0.538962522, 0, 0, -0, 0, 0, 0, 0, 0.329248486, -0.055457959, -0.151905908, -0.127525324, 0.573817596, -0.808839451, 0.360961914, -0.732666016, -0.576782227, -0.923786131, -0.365483801, -0.113611503, 0, 2, 5, 1, 
439.295613, 56, 0.1, 0.1, 0.0355566421, 0.374719733, -0.0349751775, 0.871155231, 2.11721821e-005, -0.491007702, 0.491007702, 1.60529321e-005, 0.871155231, 2.63263705e-005, -1, 3.58889132e-006, 0.871155228, 1.89577374e-005, -0.491007706, 0.491007706, 9.75227942e-006, 0.871155229, 2.13035764e-005, -1, -8.12645943e-007, 0, 0, 0, 0, 0, 0, 0, 0.263250708, -0.107517749, -0.189011328, -0.475343966, 0.62385461, -0.620223075, -0.819580078, -0.0577392578, 0.569946289, 0.319875526, 0.77931183, 0.538962522, 0, 0, -0, 0, 0, 0, 0, 0.329248486, -0.055457959, -0.151905908, -0.127525324, 0.573817596, -0.808839451, 0.360961914, -0.732666016, -0.576782227, -0.923786131, -0.365483801, -0.113611503, 0, 2, 5, 1, 
439.296321, 56, 0.1, 0.1, 0.0355566442, 0.374719734, -0.0349702705, 0.871155259, -1.46422848e-005, -0.491007653, 0.491007653, -3.27772481e-006, 0.871155259, -1.43650913e-005, -1, 4.33406666e-006, 0.871155252, -5.93441368e-006, -0.491007664, 0.491007664, 1.77189404e-006, 0.871155252, -4.29978209e-006, -1, 4.4574374e-006, 0, 0, 0, 0, 0, 0, 0, 0.263250708, -0.107517749, -0.189011328, -0.476691548, 0.621310711, -0.621828644, -0.820556641, -0.0609130859, 0.568237305, 0.315268877, 0.781197847, 0.538969636, 0, 0, -0, 0, 0, 0, 0, 0.329248486, -0.055457959, -0.151905908, -0.127525324, 0.573817596, -0.808839451, 0.360961914, -0.732666016, -0.576782227, -0.923786131, -0.365483801, -0.113611503, 0, 2, 5, 1, 
439.297038, 56, 0.1, 0.1, 0.0355566432, 0.374719733, -0.0349651759, 0.871155277, 1.50956032e-005, -0.491007621, 0.491007621, 7.02344893e-006, 0.871155277, 1.65991813e-005, -1, -1.29354163e-006, 0.871155265, 5.53622776e-006, -0.491007642, 0.491007642, 8.92071678e-006, 0.871155265, 9.20305407e-006, -1, 5.05299924e-006, 0, 0, 0, 0, 0, 0, 0, 0.264730518, -0.110097681, -0.187977148, -0.476691548, 0.621310711, -0.621828644, -0.820556641, -0.0609130859, 0.568237305, 0.315268877, 0.781197847, 0.538969636, 0, 0, -0, 0, 0, 0, 0, 0.330337354, -0.0576531738, -0.151101562, -0.128604812, 0.572455926, -0.809644786, 0.365722656, -0.731567383, -0.575317383, -0.921690221, -0.370045656, -0.115291803, 0, 2, 5, 1, 
439.297735, 56, 0.1, 0.1, 0.035556644, 0.374719733, -0.0349618273, 0.871155302, -3.40537161e-006, -0.491007576, 0.491007576, -4.82022564e-006, 0.871155302, -5.33337484e-006, -1, -2.52710186e-006, 0.871155304, -4.83423081e-006, -0.491007573, 0.491007573, -5.49185141e-006, 0.871155304, -6.90790644e-006, -1, -2.41061155e-006, 0, 0, 0, 0, 0, 0, 0, 0.264730518, -0.110097681, -0.187977148, -0.476691548, 0.621310711, -0.621828644, -0.820556641, -0.0609130859, 0.568237305, 0.315268877, 0.781197847, 0.538969636, 0, 0, -0, 0, 0, 0, 0, 0.330337354, -0.0576531738, -0.151101562, -0.128604812, 0.572455926, -0.809644786, 0.365722656, -0.731567383, -0.575317383, -0.921690221, -0.370045656, -0.115291803, 0, 2, 5, 1, 
439.29843, 56, 0.1, 0.1, 0.0355566439, 0.374719733, -0.034960963, 0.871155293, -6.39523519e-006, -0.491007592, 0.491007592, 7.84813607e-008, 0.871155293, -5.53270805e-006, -1, 3.20847848e-006, 0.871155295, 1.78328728e-006, -0.491007588, 0.491007588, -3.09918517e-006, 0.871155295, 3.17967246e-008, -1, -3.57547916e-006, 0, 0, 0, 0, 0, 0, 0, 0.264730518, -0.110097681, -0.187977148, -0.476691548, 0.621310711, -0.621828644, -0.820556641, -0.0609130859, 0.568237305, 0.315268877, 0.781197847, 0.538969636, 0, 0, -0, 0, 0, 0, 0, 0.330337354, -0.0576531738, -0.151101562, -0.128604812, 0.572455926, -0.809644786, 0.365722656, -0.731567383, -0.575317383, -0.921690221, -0.370045656, -0.115291803, 0, 2, 5, 1, 
439.29913, 56, 0.1, 0.1, 0.0355566438, 0.374719732, -0.0349626479, 0.871155281, -1.08458037e-005, -0.491007614, 0.491007614, -4.09531583e-006, 0.871155281, -1.14592104e-005, -1, 1.75771619e-006, 0.871155288, -7.2369501e-007, -0.491007601, 0.491007601, 2.01369001e-006, 0.871155288, 3.58286367e-007, -1, 2.10957645e-006, 0, 0, 0, 0, 0, 0, 0, 0.264730518, -0.110097681, -0.187977148, -0.476691548, 0.621310711, -0.621828644, -0.820556641, -0.0609130859, 0.568237305, 0.315268877, 0.781197847, 0.538969636, 0, 0, -0, 0, 0, 0, 0, 0.330337354, -0.0576531738, -0.151101562, -0.128604812, 0.572455926, -0.809644786, 0.365722656, -0.731567383, -0.575317383, -0.921690221, -0.370045656, -0.115291803, 0, 2, 5, 1, 
439.299831, 56, 0.1, 0.1, 0.0355566437, 0.37471973, -0.0349662536, 0.871155233, 1.72158936e-005, -0.491007699, 0.491007699, 3.32074449e-006, 0.871155233, 1.66282269e-005, -1, -5.56025236e-006, 0.871155233, 7.53015299e-006, -0.491007699, 0.491007699, 4.89186967e-006, 0.871155233, 8.96187785e-006, -1, 5.64214771e-007, 0, 0, 0, 0, 0, 0, 0, 0.264730518, -0.110097681, -0.187977148, -0.476691548, 0.621310711, -0.621828644, -0.820556641, -0.0609130859, 0.568237305, 0.315268877, 0.781197847, 0.538969636, 0, 0, -0, 0, 0, 0, 0, 0.330337354, -0.0576531738, -0.151101562, -0.128604812, 0.572455926, -0.809644786, 0.365722656, -0.731567383, -0.575317383, -0.921690221, -0.370045656, -0.115291803, 0, 2, 5, 1, 
439.300527, 56, 0.1, 0.1, 0.0355566427, 0.374719731, -0.0349705559, 0.871155204, -2.54621885e-005, -0.491007749, 0.491007749, 1.30822495e-006, 0.871155205, -2.15391694e-005, -1, 1.36417988e-005, 0.87115522, -1.78783277e-005, -0.491007722, 0.491007722, 6.80032994e-006, 0.87115522, -1.2235784e-005, -1, 1.47025399e-005, 0, 0, 0, 0, 0, 0, 0, 0.264730518, -0.110097681, -0.187977148, -0.476691548, 0.621310711, -0.621828644, -0.820556641, -0.0609130859, 0.568237305, 0.315268877, 0.781197847, 0.538969636, 0, 0, -0, 0, 0, 0, 0, 0.330337354, -0.0576531738, -0.151101562, -0.128604812, 0.572455926, -0.809644786, 0.365722656, -0.731567383, -0.575317383, -0.921690221, -0.370045656, -0.115291803, 0, 2, 5, 1, 
439.30124, 56, 0.1, 0.1, 0.03555664, 0.374719727, -0.0349742828, 0.871155057, 1.32752699e-005, -0.49100801, 0.49100801, 2.22890223e-006, 0.871155057, 1.26592274e-005, -1, -4.57654441e-006, 0.871155096, 1.71297544e-006, -0.491007942, 0.491007942, -9.23981692e-006, 0.871155096, -3.0445562e-006, -1, -8.89039814e-006, 0, 0, 0, 0, 0, 0, 0, 0.265684375, -0.112636841, -0.187724121, -0.479675776, 0.619616776, -0.62126999, -0.820068359, -0.0648193359, 0.568481445, 0.312033774, 0.782207692, 0.539375521, 0, 0, -0, 0, 0, 0, 0, 0.330337354, -0.0576531738, -0.151101562, -0.128604812, 0.572455926, -0.809644786, 0.365722656, -0.731567383, -0.575317383, -0.921690221, -0.370045656, -0.115291803, 0, 2, 5, 1, 
439.301953, 56, 0.1, 0.1, 0.035556647, 0.374719732, -0.0349761114, 0.871154824, 1.56010843e-005, -0.491008423, 0.491008423, 3.1279928e-006, 0.871154825, 1.51268306e-005, -1, -4.93529777e-006, 0.871154868, 1.95048565e-005, -0.491008346, 0.491008346, 1.49702533e-005, 0.871154868, 2.434227e-005, -1, 3.46436173e-006, 0, 0, 0, 0, 0, 0, 0, 0.265684375, -0.112636841, -0.187724121, -0.479675776, 0.619616776, -0.62126999, -0.820068359, -0.0648193359, 0.568481445, 0.312033774, 0.782207692, 0.539375521, 0, 0, -0, 0, 0, 0, 0, 0.331109961, -0.0596002441, -0.150683398, -0.131006958, 0.57145846, -0.809983471, 0.369506836, -0.729980469, -0.574829102, -0.919856071, -0.374569231, -0.115572885, 0, 2, 5, 1, 
439.302646, 56, 0.1, 0.1, 0.0355566408, 0.374719727, -0.0349759022, 0.871154729, -3.40831484e-005, -0.491008591, 0.491008591, -8.85478429e-006, 0.87115473, -3.40394711e-005, -0.999999999, 9.02123144e-006, 0.871154737, -3.09536526e-005, -0.491008577, 0.491008577, -1.18000464e-005, 0.871154738, -3.27593451e-005, -0.999999999, 4.91884264e-006, 0, 0, 0, 0, 0, 0, 0, 0.265684375, -0.112636841, -0.187724121, -0.479675776, 0.619616776, -0.62126999, -0.820068359, -0.0648193359, 0.568481445, 0.312033774, 0.782207692, 0.539375521, 0, 0, -0, 0, 0, 0, 0, 0.331109961, -0.0596002441, -0.150683398, -0.131006958, 0.57145846, -0.809983471, 0.369506836, -0.729980469, -0.574829102, -0.919856071, -0.374569231, -0.115572885, 0, 2, 5, 1, 
439.303361, 56, 0.1, 0.1, 0.035556639, 0.374719725, -0.0349736628, 0.87115469, 2.12675086e-005, -0.491008662, 0.491008662, 3.82993326e-006, 0.87115469, 2.04078203e-005, -1, -7.10606663e-006, 0.871154707, 1.15382642e-005, -0.491008632, 0.491008632, -2.75171053e-006, 0.871154707, 8.70049952e-006, -1, -8.06255289e-006, 0, 0, 0, 0, 0, 0, 0, 0.265684375, -0.112636841, -0.187724121, -0.479675776, 0.619616776, -0.62126999, -0.820068359, -0.0648193359, 0.568481445, 0.312033774, 0.782207692, 0.539375521, 0, 0, -0, 0, 0, 0, 0, 0.331109961, -0.0596002441, -0.150683398, -0.131006958, 0.57145846, -0.809983471, 0.369506836, -0.729980469, -0.574829102, -0.919856071, -0.374569231, -0.115572885, 0, 2, 5, 1, 
439.304065, 56, 0.1, 0.1, 0.0355566428, 0.374719729, -0.0349703484, 0.871154535, -6.84521898e-006, -0.491008938, 0.491008938, 3.59959164e-006, 0.871154535, -4.19581189e-006, -1, 6.49686428e-006, 0.871154573, 3.31126681e-006, -0.49100887, 0.49100887, 1.63968898e-005, 0.871154572, 1.09356436e-005, -1, 1.26583642e-005, 0, 0, 0, 0, 0, 0, 0, 0.265684375, -0.112636841, -0.187724121, -0.479675776, 0.619616776, -0.62126999, -0.820068359, -0.0648193359, 0.568481445, 0.312033774, 0.782207692, 0.539375521, 0, 0, -0, 0, 0, 0, 0, 0.331109961, -0.0596002441, -0.150683398, -0.131006958, 0.57145846, -0.809983471, 0.369506836, -0.729980469, -0.574829102, -0.919856071, -0.374569231, -0.115572885, 0, 2, 5, 1, 
439.304759, 56, 0.1, 0.1, 0.0355566413, 0.374719726, -0.0349671091, 0.871154297, 4.54355164e-006, -0.491009359, 0.491009358, 1.11288541e-005, 0.871154297, 9.42250606e-006, -1, 7.46402272e-006, 0.871154346, -2.42118136e-006, -0.491009272, 0.491009272, -6.2828097e-006, 0.871154346, -5.19414048e-006, -1, -4.28447448e-006, 0, 0, 0, 0, 0, 0, 0, 0.265684375, -0.112636841, -0.187724121, -0.479675776, 0.619616776, -0.62126999, -0.820068359, -0.0648193359, 0.568481445, 0.312033774, 0.782207692, 0.539375521, 0, 0, -0, 0, 0, 0, 0, 0.331109961, -0.0596002441, -0.150683398, -0.131006958, 0.57145846, -0.809983471, 0.369506836, -0.729980469, -0.574829102, -0.919856071, -0.374569231, -0.115572885, 0, 2, 5, 1, 
439.305455, 56, 0.1, 0.1, 0.0355566431, 0.374719727, -0.0349647853, 0.871154097, -7.42941898e-006, -0.491009714, 0.491009714, -1.94936005e-005, 0.871154097, -1.6043716e-005, -1, -1.33340131e-005, 0.871154125, 4.75307896e-006, -0.491009664, 0.491009664, -6.01446209e-006, 0.871154125, 1.18750533e-006, -1, -7.57333116e-006, 0, 0, 0, 0, 0, 0, 0, 0.265684375, -0.112636841, -0.187724121, -0.479675776, 0.619616776, -0.62126999, -0.820068359, -0.0648193359, 0.568481445, 0.312033774, 0.782207692, 0.539375521, 0, 0, -0, 0, 0, 0, 0, 0.331109961, -0.0596002441, -0.150683398, -0.131006958, 0.57145846, -0.809983471, 0.369506836, -0.729980469, -0.574829102, -0.919856071, -0.374569231, -0.115572885, 0, 2, 5, 1, 
439.306183, 56, 0.1, 0.1, 0.0355566373, 0.374719724, -0.03496387, 0.871154043, -9.48023013e-007, -0.491009809, 0.491009809, 1.28508434e-005, 0.871154043, 5.48401608e-006, -1, 1.16605528e-005, 0.871154038, -1.75214695e-005, -0.491009818, 0.491009818, 5.07063181e-006, 0.871154039, -1.27741689e-005, -1, 1.30205149e-005, 0, 0, 0, 0, 0, 0, 0, 0.266657397, -0.115011841, -0.186882666, -0.482184848, 0.616711175, -0.622272722, -0.82043457, -0.0688476563, 0.567504883, 0.307116719, 0.784150997, 0.539287154, 0, 0, -0, 0, 0, 0, 0, 0.331109961, -0.0596002441, -0.150683398, -0.132680694, 0.569949868, -0.810782243, 0.373535156, -0.728881836, -0.573486328, -0.917945361, -0.378901043, -0.116147811, 0, 2, 5, 1, 
439.306881, 56, 0.1, 0.1, 0.0355566413, 0.374719721, -0.0349644815, 0.871154164, -6.57311122e-006, -0.491009595, 0.491009595, -1.42658293e-005, 0.871154164, -1.27308523e-005, -1, -9.20027594e-006, 0.871154131, 1.06932734e-005, -0.491009653, 0.491009653, -1.24049391e-005, 0.871154131, 3.22454443e-006, -1, -1.60571144e-005, 0, 0, 0, 0, 0, 0, 0, 0.266657397, -0.115011841, -0.186882666, -0.482184848, 0.616711175, -0.622272722, -0.82043457, -0.0688476563, 0.567504883, 0.307116719, 0.784150997, 0.539287154, 0, 0, -0, 0, 0, 0, 0, 0.331709131, -0.0618003418, -0.150078613, -0.132680694, 0.569949868, -0.810782243, 0.373535156, -0.728881836, -0.573486328, -0.917945361, -0.378901043, -0.116147811, 0, 2, 5, 1, 
439.307577, 56, 0.1, 0.1, 0.0355566368, 0.37471972, -0.0349665392, 0.871154388, 1.09716932e-005, -0.491009197, 0.491009198, -2.860393e-006, 0.871154388, 8.15355943e-006, -1, -7.8790462e-006, 0.871154341, -8.91576396e-006, -0.49100928, 0.49100928, -7.78854527e-007, 0.871154342, -8.14943128e-006, -1, 3.69922034e-006, 0, 0, 0, 0, 0, 0, 0, 0.266657397, -0.115011841, -0.186882666, -0.482184848, 0.616711175, -0.622272722, -0.82043457, -0.0688476563, 0.567504883, 0.307116719, 0.784150997, 0.539287154, 0, 0, -0, 0, 0, 0, 0, 0.331709131, -0.0618003418, -0.150078613, -0.132680694, 0.569949868, -0.810782243, 0.373535156, -0.728881836, -0.573486328, -0.917945361, -0.378901043, -0.116147811, 0, 2, 5, 1, 
439.308279, 56, 0.1, 0.1, 0.0355566417, 0.37471972, -0.0349693467, 0.871154575, -7.36665951e-006, -0.491008866, 0.491008866, 5.82329983e-006, 0.871154575, -3.55820729e-006, -1, 8.69008942e-006, 0.871154549, 7.15791637e-006, -0.491008912, 0.491008912, 8.12497884e-006, 0.871154549, 1.02250884e-005, -1, 3.56351155e-006, 0, 0, 0, 0, 0, 0, 0, 0.266657397, -0.115011841, -0.186882666, -0.482184848, 0.616711175, -0.622272722, -0.82043457, -0.0688476563, 0.567504883, 0.307116719, 0.784150997, 0.539287154, 0, 0, -0, 0, 0, 0, 0, 0.331709131, -0.0618003418, -0.150078613, -0.132680694, 0.569949868, -0.810782243, 0.373535156, -0.728881836, -0.573486328, -0.917945361, -0.378901043, -0.116147811, 0, 2, 5, 1, 
439.308977, 56, 0.1, 0.1, 0.0355566409, 0.374719717, -0.0349720025, 0.871154633, 1.50410745e-005, -0.491008762, 0.491008762, -5.37629351e-006, 0.871154633, 1.04632945e-005, -1, -1.20688824e-005, 0.871154633, 4.30798667e-006, -0.491008763, 0.491008763, -1.2045313e-005, 0.871154633, -2.16143169e-006, -1, -1.26085894e-005, 0, 0, 0, 0, 0, 0, 0, 0.266657397, -0.115011841, -0.186882666, -0.482184848, 0.616711175, -0.622272722, -0.82043457, -0.0688476563, 0.567504883, 0.307116719, 0.784150997, 0.539287154, 0, 0, -0, 0, 0, 0, 0, 0.331709131, -0.0618003418, -0.150078613, -0.132680694, 0.569949868, -0.810782243, 0.373535156, -0.728881836, -0.573486328, -0.917945361, -0.378901043, -0.116147811, 0, 2, 5, 1, 
439.309676, 56, 0.1, 0.1, 0.035556644, 0.374719719, -0.0349737756, 0.871154559, -5.14481483e-006, -0.491008894, 0.491008894, 1.83812841e-006, 0.871154559, -3.5793915e-006, -1, 4.12744378e-006, 0.871154581, 3.45030919e-006, -0.491008855, 0.491008855, 1.18657674e-005, 0.871154581, 8.83194954e-006, -1, 8.64278531e-006, 0, 0, 0, 0, 0, 0, 0, 0.266657397, -0.115011841, -0.186882666, -0.482184848, 0.616711175, -0.622272722, -0.82043457, -0.0688476563, 0.567504883, 0.307116719, 0.784150997, 0.539287154, 0, 0, -0, 0, 0, 0, 0, 0.331709131, -0.0618003418, -0.150078613, -0.132680694, 0.569949868, -0.810782243, 0.373535156, -0.728881836, -0.573486328, -0.917945361, -0.378901043, -0.116147811, 0, 2, 5, 1, 
439.310372, 56, 0.1, 0.1, 0.0355566428, 0.374719716, -0.0349741612, 0.871154406, 3.86634465e-006, -0.491009165, 0.491009165, 8.44823022e-006, 0.871154406, 7.51634164e-006, -1, 5.46130232e-006, 0.871154437, -1.55402299e-006, -0.491009111, 0.491009111, -5.32565227e-006, 0.871154437, -3.96873781e-006, -1, -3.87642615e-006, 0, 0, 0, 0, 0, 0, 0, 0.266657397, -0.115011841, -0.186882666, -0.482184848, 0.616711175, -0.622272722, -0.82043457, -0.0688476563, 0.567504883, 0.307116719, 0.784150997, 0.539287154, 0, 0, -0, 0, 0, 0, 0, 0.331709131, -0.0618003418, -0.150078613, -0.132680694, 0.569949868, -0.810782243, 0.373535156, -0.728881836, -0.573486328, -0.917945361, -0.378901043, -0.116147811, 0, 2, 5, 1, 
439.311099, 56, 0.1, 0.1, 0.0355566444, 0.374719717, -0.0349730211, 0.871154275, -5.60113274e-006, -0.491009399, 0.491009399, -1.33796487e-005, 0.871154275, -1.1448984e-005, -1, -8.90552936e-006, 0.871154293, 4.52099505e-006, -0.491009366, 0.491009366, -2.85370618e-006, 0.871154293, 2.53728778e-006, -1, -4.70586931e-006, 0, 0, 0, 0, 0, 0, 0, 0.267791406, -0.116969531, -0.186459253, -0.48584942, 0.613221833, -0.622735895, -0.82043457, -0.0744628906, 0.566772461, 0.301146757, 0.78631035, 0.539484106, 0, 0, -0, 0, 0, 0, 0, 0.331709131, -0.0618003418, -0.150078613, -0.135389442, 0.568338832, -0.811459613, 0.378540039, -0.727172852, -0.572509766, -0.915529723, -0.384593792, -0.116709976, 0, 2, 5, 1, 
439.311803, 56, 0.1, 0.1, 0.0355566403, 0.374719716, -0.0349707349, 0.87115426, 1.29199818e-007, -0.491009425, 0.491009425, 1.42795223e-005, 0.87115426, 7.12393301e-006, -1, 1.23762284e-005, 0.871154251, -1.28623715e-005, -0.49100944, 0.491009441, 7.88364002e-006, 0.871154251, -7.33416798e-006, -1, 1.31834124e-005, 0, 0, 0, 0, 0, 0, 0, 0.267791406, -0.116969531, -0.186459253, -0.48584942, 0.613221833, -0.622735895, -0.82043457, -0.0744628906, 0.566772461, 0.301146757, 0.78631035, 0.539484106, 0, 0, -0, 0, 0, 0, 0, 0.332696924, -0.0635893555, -0.14968877, -0.135389442, 0.568338832, -0.811459613, 0.378540039, -0.727172852, -0.572509766, -0.915529723, -0.384593792, -0.116709976, 0, 2, 5, 1, 
439.312518, 56, 0.1, 0.1, 0.0355566441, 0.374719715, -0.0349679233, 0.871154389, -6.82585385e-006, -0.491009195, 0.491009195, -8.82611813e-006, 0.871154389, -1.02800777e-005, -1, -4.33735454e-006, 0.871154356, 9.34777044e-006, -0.491009254, 0.491009254, -7.10925536e-006, 0.871154356, 4.65264077e-006, -1, -1.07831006e-005, 0, 0, 0, 0, 0, 0, 0, 0.267791406, -0.116969531, -0.186459253, -0.48584942, 0.613221833, -0.622735895, -0.82043457, -0.0744628906, 0.566772461, 0.301146757, 0.78631035, 0.539484106, 0, 0, -0, 0, 0, 0, 0, 0.332696924, -0.0635893555, -0.14968877, -0.135389442, 0.568338832, -0.811459613, 0.378540039, -0.727172852, -0.572509766, -0.915529723, -0.384593792, -0.116709976, 0, 2, 5, 1, 
439.313219, 56, 0.1, 0.1, 0.0355566399, 0.374719715, -0.0349657917, 0.87115461, 1.24578043e-005, -0.491008803, 0.491008803, 2.83993453e-007, 0.87115461, 1.0992117e-005, -1, -5.8694894e-006, 0.871154565, -7.72887716e-006, -0.491008883, 0.491008883, 3.07183349e-006, 0.871154565, -5.22474909e-006, -1, 6.47098911e-006, 0, 0, 0, 0, 0, 0, 0, 0.267791406, -0.116969531, -0.186459253, -0.48584942, 0.613221833, -0.622735895, -0.82043457, -0.0744628906, 0.566772461, 0.301146757, 0.78631035, 0.539484106, 0, 0, -0, 0, 0, 0, 0, 0.332696924, -0.0635893555, -0.14968877, -0.135389442, 0.568338832, -0.811459613, 0.378540039, -0.727172852, -0.572509766, -0.915529723, -0.384593792, -0.116709976, 0, 2, 5, 1, 
439.313944, 56, 0.1, 0.1, 0.0355566448, 0.374719716, -0.0349645832, 0.8711548, -1.26674231e-005, -0.491008466, 0.491008467, 6.63210301e-006, 0.8711548, -7.77886768e-006, -1, 1.19974003e-005, 0.871154776, 4.51170526e-006, -0.49100851, 0.49100851, 1.00775426e-005, 0.871154776, 8.87855274e-006, -1, 6.56381366e-006, 0, 0, 0, 0, 0, 0, 0, 0.269168311, -0.118916357, -0.185823462, -0.489133193, 0.60995453, -0.623421108, -0.820678711, -0.0799560547, 0.565673828, 0.295240075, 0.788310943, 0.539839817, 0, 0, -0, 0, 0, 0, 0, 0.333683008, -0.0653483398, -0.149280615, -0.13808543, 0.56705372, -0.81190694, 0.383056641, -0.725341797, -0.571777344, -0.913235486, -0.389884056, -0.11712522, 0, 2, 5, 1, 
439.31464, 56, 0.1, 0.1, 0.0355566426, 0.374719712, -0.0349649285, 0.871154834, 1.56521275e-005, -0.491008406, 0.491008406, -8.62130325e-006, 0.871154834, 9.4022942e-006, -1, -1.51958162e-005, 0.871154841, 2.16376599e-006, -0.491008394, 0.491008394, -1.68027808e-005, 0.871154841, -6.3653312e-006, -1, -1.57002511e-005, 0, 0, 0, 0, 0, 0, 0, 0.269168311, -0.118916357, -0.185823462, -0.489133193, 0.60995453, -0.623421108, -0.820678711, -0.0799560547, 0.565673828, 0.295240075, 0.788310943, 0.539839817, 0, 0, -0, 0, 0, 0, 0, 0.333683008, -0.0653483398, -0.149280615, -0.13808543, 0.56705372, -0.81190694, 0.383056641, -0.725341797, -0.571777344, -0.913235486, -0.389884056, -0.11712522, 0, 2, 5, 1, 
439.315341, 56, 0.1, 0.1, 0.0355566454, 0.374719715, -0.0349666091, 0.871154706, -9.45096883e-006, -0.491008633, 0.491008633, -6.68974098e-007, 0.871154706, -8.56172804e-006, -1, 4.05772735e-006, 0.87115474, 1.05068495e-006, -0.491008573, 0.491008573, 1.24236762e-005, 0.87115474, 7.0154407e-006, -1, 1.03070491e-005, 0, 0, 0, 0, 0, 0, 0, 0.269168311, -0.118916357, -0.185823462, -0.489133193, 0.60995453, -0.623421108, -0.820678711, -0.0799560547, 0.565673828, 0.295240075, 0.788310943, 0.539839817, 0, 0, -0, 0, 0, 0, 0, 0.333683008, -0.0653483398, -0.149280615, -0.13808543, 0.56705372, -0.81190694, 0.383056641, -0.725341797, -0.571777344, -0.913235486, -0.389884056, -0.11712522, 0, 2, 5, 1, 
439.316046, 56, 0.1, 0.1, 0.0355566433, 0.37471971, -0.034969008, 0.871154481, 4.26500805e-006, -0.491009033, 0.491009033, 6.42496065e-006, 0.871154481, 6.87019459e-006, -1, 3.50297578e-006, 0.871154526, -2.72588461e-006, -0.491008953, 0.491008953, -1.02483507e-005, 0.871154526, -7.40669867e-006, -1, -7.58946336e-006, 0, 0, 0, 0, 0, 0, 0, 0.269168311, -0.118916357, -0.185823462, -0.489133193, 0.60995453, -0.623421108, -0.820678711, -0.0799560547, 0.565673828, 0.295240075, 0.788310943, 0.539839817, 0, 0, -0, 0, 0, 0, 0, 0.333683008, -0.0653483398, -0.149280615, -0.13808543, 0.56705372, -0.81190694, 0.383056641, -0.725341797, -0.571777344, -0.913235486, -0.389884056, -0.11712522, 0, 2, 5, 1, 
439.316746, 56, 0.1, 0.1, 0.035556646, 0.374719711, -0.0349713647, 0.871154294, -1.49505522e-006, -0.491009365, 0.491009365, -1.26165423e-005, 0.871154294, -7.49726421e-006, -1, -1.02568689e-005, 0.871154322, 8.12816743e-006, -0.491009316, 0.491009316, -2.01414927e-006, 0.871154322, 6.09192213e-006, -1, -5.74564077e-006, 0, 0, 0, 0, 0, 0, 0, 0.269168311, -0.118916357, -0.185823462, -0.489133193, 0.60995453, -0.623421108, -0.820678711, -0.0799560547, 0.565673828, 0.295240075, 0.788310943, 0.539839817, 0, 0, -0, 0, 0, 0, 0, 0.333683008, -0.0653483398, -0.149280615, -0.13808543, 0.56705372, -0.81190694, 0.383056641, -0.725341797, -0.571777344, -0.913235486, -0.389884056, -0.11712522, 0, 2, 5, 1, 
439.317443, 56, 0.1, 0.1, 0.0355566426, 0.37471971, -0.0349730157, 0.87115423, -4.89926929e-007, -0.491009478, 0.491009478, 1.23907505e-005, 0.87115423, 5.657174e-006, -1, 1.10348134e-005, 0.871154231, -1.14244718e-005, -0.491009475, 0.491009476, 6.56879066e-006, 0.871154231, -6.72713851e-006, -1, 1.13319537e-005, 0, 0, 0, 0, 0, 0, 0, 0.269168311, -0.118916357, -0.185823462, -0.489133193, 0.60995453, -0.623421108, -0.820678711, -0.0799560547, 0.565673828, 0.295240075, 0.788310943, 0.539839817, 0, 0, -0, 0, 0, 0, 0, 0.333683008, -0.0653483398, -0.149280615, -0.13808543, 0.56705372, -0.81190694, 0.383056641, -0.725341797, -0.571777344, -0.913235486, -0.389884056, -0.11712522, 0, 2, 5, 1, 
439.318158, 56, 0.1, 0.1, 0.0355566453, 0.374719709, -0.0349734458, 0.871154298, -6.58850059e-006, -0.491009358, 0.491009358, -6.94617988e-006, 0.871154298, -9.15023992e-006, -1, -2.81617901e-006, 0.871154277, 6.58305677e-006, -0.491009394, 0.491009394, -5.50244176e-006, 0.871154277, 3.03310747e-006, -1, -8.02581839e-006, 0, 0, 0, 0, 0, 0, 0, 0.270795557, -0.121340918, -0.185235034, -0.491896505, 0.606040206, -0.624982493, -0.821044922, -0.0843505859, 0.564453125, 0.289498144, 0.790908382, 0.539345564, 0, 0, -0, 0, 0, 0, 0, 0.333683008, -0.0653483398, -0.149280615, -0.13808543, 0.56705372, -0.81190694, 0.383056641, -0.725341797, -0.571777344, -0.913235486, -0.389884056, -0.11712522, 0, 2, 5, 1, 
439.318878, 56, 0.1, 0.1, 0.0355566414, 0.374719709, -0.0349723954, 0.871154453, 9.50391023e-006, -0.491009083, 0.491009083, 6.55065022e-007, 0.871154453, 8.6010166e-006, -1, -4.09584344e-006, 0.871154419, -7.83396521e-006, -0.491009142, 0.491009142, 3.01783062e-006, 0.871154419, -5.34281099e-006, -1, 6.47554502e-006, 0, 0, 0, 0, 0, 0, 0, 0.270795557, -0.121340918, -0.185235034, -0.491896505, 0.606040206, -0.624982493, -0.821044922, -0.0843505859, 0.564453125, 0.289498144, 0.790908382, 0.539345564, 0, 0, -0, 0, 0, 0, 0, 0.334773828, -0.0671922852, -0.148521191, -0.139362879, 0.564752553, -0.813293764, 0.389404297, -0.723876953, -0.569335937, -0.910423926, -0.396017569, -0.119112122, 0, 2, 5, 1, 
439.31957, 56, 0.1, 0.1, 0.0355566446, 0.37471971, -0.0349705502, 0.871154577, -1.16210884e-005, -0.491008863, 0.491008863, 5.80421954e-006, 0.871154577, -7.27384116e-006, -1, 1.07624298e-005, 0.871154561, 2.1544173e-006, -0.49100889, 0.49100889, 8.69780855e-006, 0.871154561, 6.14753178e-006, -1, 6.51929754e-006, 0, 0, 0, 0, 0, 0, 0, 0.270795557, -0.121340918, -0.185235034, -0.491896505, 0.606040206, -0.624982493, -0.821044922, -0.0843505859, 0.564453125, 0.289498144, 0.790908382, 0.539345564, 0, 0, -0, 0, 0, 0, 0, 0.334773828, -0.0671922852, -0.148521191, -0.139362879, 0.564752553, -0.813293764, 0.389404297, -0.723876953, -0.569335937, -0.910423926, -0.396017569, -0.119112122, 0, 2, 5, 1, 
439.320269, 56, 0.1, 0.1, 0.0355566431, 0.374719707, -0.0349685395, 0.871154581, 1.64325423e-005, -0.491008855, 0.491008855, -6.42562668e-006, 0.871154581, 1.11602449e-005, -1, -1.36662379e-005, 0.871154593, 3.99892834e-006, -0.491008835, 0.491008835, -1.40829452e-005, 0.871154593, -3.43116573e-006, -1, -1.42319316e-005, 0, 0, 0, 0, 0, 0, 0, 0.270795557, -0.121340918, -0.185235034, -0.491896505, 0.606040206, -0.624982493, -0.821044922, -0.0843505859, 0.564453125, 0.289498144, 0.790908382, 0.539345564, 0, 0, -0, 0, 0, 0, 0, 0.334773828, -0.0671922852, -0.148521191, -0.139362879, 0.564752553, -0.813293764, 0.389404297, -0.723876953, -0.569335937, -0.910423926, -0.396017569, -0.119112122, 0, 2, 5, 1, 
439.320971, 56, 0.1, 0.1, 0.035556646, 0.374719709, -0.0349669572, 0.871154441, -8.91901574e-006, -0.491009104, 0.491009104, -1.727768e-006, 0.871154441, -8.61818999e-006, -1, 2.87416516e-006, 0.871154477, 1.41925888e-006, -0.49100904, 0.49100904, 1.16253871e-005, 0.871154477, 6.94456387e-006, -1, 9.43063906e-006, 0, 0, 0, 0, 0, 0, 0, 0.270795557, -0.121340918, -0.185235034, -0.491896505, 0.606040206, -0.624982493, -0.821044922, -0.0843505859, 0.564453125, 0.289498144, 0.790908382, 0.539345564, 0, 0, -0, 0, 0, 0, 0, 0.334773828, -0.0671922852, -0.148521191, -0.139362879, 0.564752553, -0.813293764, 0.389404297, -0.723876953, -0.569335937, -0.910423926, -0.396017569, -0.119112122, 0, 2, 5, 1, 
439.321666, 56, 0.1, 0.1, 0.0355566446, 0.374719704, -0.0349662291, 0.871154208, 7.12319878e-006, -0.491009517, 0.491009517, 8.46967565e-006, 0.871154208, 1.03640959e-005, -1, 3.8808352e-006, 0.871154256, -6.15928467e-007, -0.491009432, 0.491009432, -9.90968851e-006, 0.871154256, -5.40231924e-006, -1, -8.33044063e-006, 0, 0, 0, 0, 0, 0, 0, 0.270795557, -0.121340918, -0.185235034, -0.491896505, 0.606040206, -0.624982493, -0.821044922, -0.0843505859, 0.564453125, 0.289498144, 0.790908382, 0.539345564, 0, 0, -0, 0, 0, 0, 0, 0.334773828, -0.0671922852, -0.148521191, -0.139362879, 0.564752553, -0.813293764, 0.389404297, -0.723876953, -0.569335937, -0.910423926, -0.396017569, -0.119112122, 0, 2, 5, 1, 
439.322369, 56, 0.1, 0.1, 0.0355566483, 0.374719706, -0.0349664976, 0.871154011, -6.68985734e-007, -0.491009867, 0.491009867, -1.4846173e-005, 0.871154011, -7.87240703e-006, -1, -1.26048246e-005, 0.871154039, 1.06169768e-005, -0.491009817, 0.491009817, -2.61497636e-006, 0.871154039, 7.96504314e-006, -1, -7.49108705e-006, 0, 0, 0, 0, 0, 0, 0, 0.270795557, -0.121340918, -0.185235034, -0.491896505, 0.606040206, -0.624982493, -0.821044922, -0.0843505859, 0.564453125, 0.289498144, 0.790908382, 0.539345564, 0, 0, -0, 0, 0, 0, 0, 0.334773828, -0.0671922852, -0.148521191, -0.139362879, 0.564752553, -0.813293764, 0.389404297, -0.723876953, -0.569335937, -0.910423926, -0.396017569, -0.119112122, 0, 2, 5, 1, 
439.3231, 56, 0.1, 0.1, 0.0355566444, 0.374719705, -0.0349675261, 0.87115396, 1.68068857e-006, -0.491009957, 0.491009957, 1.71095833e-005, 0.87115396, 9.86511425e-006, -1, 1.40798464e-005, 0.871153956, -1.244293e-005, -0.491009965, 0.491009965, 9.6421143e-006, 0.871153956, -6.10533345e-006, -1, 1.45093686e-005, 0, 0, 0, 0, 0, 0, 0, 0.272395703, -0.123549683, -0.184637085, -0.495180278, 0.601986219, -0.626340935, -0.821166992, -0.0889892578, 0.563598633, 0.283591462, 0.793404349, 0.538571985, 0, 0, -0, 0, 0, 0, 0, 0.334773828, -0.0671922852, -0.148521191, -0.141592217, 0.562495862, -0.814425024, 0.397216797, -0.721313477, -0.567260742, -0.906730472, -0.403742062, -0.121194905, 0, 2, 5, 1, 
439.323801, 56, 0.1, 0.1, 0.0355566483, 0.374719705, -0.0349688005, 0.871154066, -6.03679143e-006, -0.491009768, 0.491009768, -6.69407368e-006, 0.871154066, -8.54583097e-006, -1, -2.86744594e-006, 0.871154036, 1.029572e-005, -0.491009822, 0.491009822, -4.55923968e-006, 0.871154036, 6.73052658e-006, -1, -9.02709971e-006, 0, 0, 0, 0, 0, 0, 0, 0.272395703, -0.123549683, -0.184637085, -0.495180278, 0.601986219, -0.626340935, -0.821166992, -0.0889892578, 0.563598633, 0.283591462, 0.793404349, 0.538571985, 0, 0, -0, 0, 0, 0, 0, 0.336043457, -0.0686202637, -0.147970117, -0.141592217, 0.562495862, -0.814425024, 0.397216797, -0.721313477, -0.567260742, -0.906730472, -0.403742062, -0.121194905, 0, 2, 5, 1, 
439.324498, 56, 0.1, 0.1, 0.0355566436, 0.374719705, -0.0349701597, 0.871154263, 7.02970863e-006, -0.491009419, 0.491009419, 6.38263521e-007, 0.871154263, 6.43735404e-006, -1, -2.89562717e-006, 0.871154223, -1.0383841e-005, -0.491009491, 0.491009491, 3.26282463e-006, 0.871154223, -7.44384904e-006, -1, 7.94098792e-006, 0, 0, 0, 0, 0, 0, 0, 0.272395703, -0.123549683, -0.184637085, -0.495180278, 0.601986219, -0.626340935, -0.821166992, -0.0889892578, 0.563598633, 0.283591462, 0.793404349, 0.538571985, 0, 0, -0, 0, 0, 0, 0, 0.336043457, -0.0686202637, -0.147970117, -0.141592217, 0.562495862, -0.814425024, 0.397216797, -0.721313477, -0.567260742, -0.906730472, -0.403742062, -0.121194905, 0, 2, 5, 1, 
439.325204, 56, 0.1, 0.1, 0.0355566464, 0.374719706, -0.0349711912, 0.871154429, -1.25607191e-005, -0.491009124, 0.491009124, 5.53742119e-006, 0.871154429, -8.22340175e-006, -1, 1.09913767e-005, 0.871154406, 9.58636707e-007, -0.491009165, 0.491009165, 8.33939386e-006, 0.871154406, 4.92983941e-006, -1, 6.7942003e-006, 0, 0, 0, 0, 0, 0, 0, 0.272395703, -0.123549683, -0.184637085, -0.495180278, 0.601986219, -0.626340935, -0.821166992, -0.0889892578, 0.563598633, 0.283591462, 0.793404349, 0.538571985, 0, 0, -0, 0, 0, 0, 0, 0.336043457, -0.0686202637, -0.147970117, -0.141592217, 0.562495862, -0.814425024, 0.397216797, -0.721313477, -0.567260742, -0.906730472, -0.403742062, -0.121194905, 0, 2, 5, 1, 
439.32592, 56, 0.1, 0.1, 0.0355566444, 0.374719703, -0.0349715348, 0.871154472, 1.344434e-005, -0.491009049, 0.491009049, -7.38803899e-006, 0.871154472, 8.08450293e-006, -1, -1.30374158e-005, 0.871154476, 2.20061594e-006, -0.491009042, 0.491009042, -1.41191678e-005, 0.871154476, -5.01556266e-006, -1, -1.33804986e-005, 0, 0, 0, 0, 0, 0, 0, 0.272395703, -0.123549683, -0.184637085, -0.495180278, 0.601986219, -0.626340935, -0.821166992, -0.0889892578, 0.563598633, 0.283591462, 0.793404349, 0.538571985, 0, 0, -0, 0, 0, 0, 0, 0.337296484, -0.0697983887, -0.147402441, -0.144064359, 0.560590617, -0.815313481, 0.404541016, -0.718505859, -0.565551758, -0.903062538, -0.411306874, -0.123252169, 0, 2, 5, 1, 
439.326619, 56, 0.1, 0.1, 0.0355566468, 0.374719705, -0.0349711411, 0.871154378, -7.59852053e-006, -0.491009215, 0.491009215, -2.26843082e-006, 0.871154378, -7.73330486e-006, -1, 1.75479016e-006, 0.871154404, 1.20829085e-006, -0.49100917, 0.49100917, 9.16001037e-006, 0.871154404, 5.55025698e-006, -1, 7.38650148e-006, 0, 0, 0, 0, 0, 0, 0, 0.272395703, -0.123549683, -0.184637085, -0.495180278, 0.601986219, -0.626340935, -0.821166992, -0.0889892578, 0.563598633, 0.283591462, 0.793404349, 0.538571985, 0, 0, -0, 0, 0, 0, 0, 0.337296484, -0.0697983887, -0.147402441, -0.144064359, 0.560590617, -0.815313481, 0.404541016, -0.718505859, -0.565551758, -0.903062538, -0.411306874, -0.123252169, 0, 2, 5, 1, 
