time, trialNum, realDorsalTactorPos, realVentralTactorPos, boxPosX, boxPosY, boxPosZ, boxLocalRot_11, boxLocalRot_12, boxLocalRot_13, boxLocalRot_21, boxLocalRot_22, boxLocalRot_23, boxLocalRot_31, boxLocalRot_32, boxLocalRot_33, boxGlobalRot_11, boxGlobalRot_12, boxGlobalRot_13, boxGlobalRot_21, boxGlobalRot_22, boxGlobalRot_23, boxGlobalRot_31, boxGlobalRot_32, boxGlobalRot_33, indexForceX, indexForceY, indexForceZ, indexForceGlobalX, indexForceGlobalY, indexForceGlobalZ, indexContact, indexPosX, indexPosY, indexPosZ, indexRot_11, indexRot_12, indexRot_13, indexRot_21, indexRot_22, indexRot_23, indexRot_31, indexRot_32, indexRot_33, thumbForceX, thumbForceY, thumbForceZ, thumbForceGlobalX, thumbForceGlobalY, thumbForceGlobalZ, thumbContact, thumbPosX, thumbPosY, thumbPosZ, thumbRot_11, thumbRot_12, thumbRot_13, thumbRot_21, thumbRot_22, thumbRot_23, thumbRot_31, thumbRot_32, thumbRot_33, manipForceTooHigh, cceExpType, mapping, trialSuccess, 
498.946552, 53, 0.1, 0.1, 0.0279064226, 0.363883489, -0.0349649439, 0.936629946, 1.14081323e-005, 0.350320344, 0.350320344, -2.28452568e-005, -0.936629946, -2.68204014e-006, 1, -2.53940524e-005, 0.936629932, 1.96600217e-006, 0.350320383, 0.350320383, -1.47123681e-005, -0.936629932, 3.31262595e-006, 1, -1.4468775e-005, 0, 0, 0, 0, 0, 0, 0, 0.301491333, -0.07822146, -0.172392554, -0.423034199, 0.656975468, -0.623950569, -0.838378906, -0.0228271484, 0.544433594, 0.343477192, 0.75354974, 0.56068712, 0, 0, -0, 0, 0, 0, 0, 0.369133447, -0.0318591309, -0.136848145, 0.00419760961, 0.506796251, -0.861960218, 0.443969727, -0.773193359, -0.452514648, -0.895948824, -0.380629047, -0.22831299, 0, 2, 3, 1, 
498.991062, 53, 0.1, 0.1, 0.0279064269, 0.363883503, -0.0349702933, 0.936637961, -1.61119445e-005, 0.350298915, 0.350298915, -1.39342516e-006, -0.936637961, 1.55791742e-005, 1, 4.33886179e-006, 0.936637948, -6.14307409e-006, 0.350298949, 0.350298949, -5.36256427e-006, -0.936637948, 7.63233694e-006, 1, -2.8708688e-006, 0, 0, 0, 0, 0, 0, 0, 0.296739966, -0.085997998, -0.167032349, -0.455376226, 0.648551097, -0.609901086, -0.817504883, -0.0335693359, 0.574829102, 0.352307424, 0.760445667, 0.54560834, 0, 0, -0, 0, 0, 0, 0, 0.36513916, -0.0385240723, -0.133171729, -0.0264586592, 0.509138594, -0.860206257, 0.447387695, -0.763427734, -0.465698242, -0.893892991, -0.397075865, -0.207630609, 0, 2, 3, 1, 
498.991753, 53, 0.1, 0.1, 0.0279064273, 0.363883504, -0.0349694344, 0.936638004, 1.74959382e-005, 0.350298801, 0.350298801, 1.32698524e-007, -0.936638004, -1.64338447e-005, 1, -6.00451567e-006, 0.936638002, 1.11680218e-005, 0.350298806, 0.350298806, -5.01981946e-006, -0.936638002, -8.70195689e-006, 1, -8.61389837e-006, 0, 0, 0, 0, 0, 0, 0, 0.296739966, -0.085997998, -0.167032349, -0.455376226, 0.648551097, -0.609901086, -0.817504883, -0.0335693359, 0.574829102, 0.352307424, 0.760445667, 0.54560834, 0, 0, -0, 0, 0, 0, 0, 0.36513916, -0.0385240723, -0.133171729, -0.0264586592, 0.509138594, -0.860206257, 0.447387695, -0.763427734, -0.465698242, -0.893892991, -0.397075865, -0.207630609, 0, 2, 3, 1, 
498.99247, 53, 0.1, 0.1, 0.0279064263, 0.363883504, -0.0349684967, 0.936637978, -1.4278983e-005, 0.350298869, 0.350298869, -1.70019378e-005, -0.936637978, 1.93299974e-005, 1, -1.0922749e-005, 0.936637984, -7.57839304e-006, 0.350298854, 0.350298854, -1.13559637e-005, -0.936637984, 1.10761919e-005, 1, -7.98172457e-006, 0, 0, 0, 0, 0, 0, 0, 0.296605078, -0.0862708008, -0.166754785, -0.458003622, 0.647542374, -0.608790892, -0.816162109, -0.03515625, 0.576660156, 0.352105603, 0.7610998, 0.544814542, 0, 0, -0, 0, 0, 0, 0, 0.365288184, -0.0388046875, -0.132721826, -0.027921675, 0.509016826, -0.860231777, 0.44934082, -0.762329102, -0.465698242, -0.892819333, -0.399420775, -0.207387806, 0, 2, 3, 1, 
498.993164, 53, 0.1, 0.1, 0.0279064288, 0.363883502, -0.0349679476, 0.936637984, 7.98697975e-006, 0.350298852, 0.350298852, 2.39078837e-005, -0.936637984, -1.58558128e-005, 1, 1.95952022e-005, 0.936637976, -1.35626569e-007, 0.350298876, 0.350298876, 2.04002124e-005, -0.936637976, -7.01913848e-006, 1, 1.91551235e-005, 0, 0, 0, 0, 0, 0, 0, 0.296605078, -0.0862708008, -0.166754785, -0.458003622, 0.647542374, -0.608790892, -0.816162109, -0.03515625, 0.576660156, 0.352105603, 0.7610998, 0.544814542, 0, 0, -0, 0, 0, 0, 0, 0.365288184, -0.0388046875, -0.132721826, -0.027921675, 0.509016826, -0.860231777, 0.44934082, -0.762329102, -0.465698242, -0.892819333, -0.399420775, -0.207387806, 0, 2, 3, 1, 
498.993857, 53, 0.1, 0.1, 0.0279064265, 0.363883504, -0.0349679708, 0.936638073, -6.48543612e-006, 0.350298616, 0.350298616, -2.96312067e-005, -0.936638072, 1.64542771e-005, 1, -2.5481877e-005, 0.936638049, 1.2637127e-007, 0.350298681, 0.350298681, -2.39548617e-005, -0.936638048, 8.27299232e-006, 1, -2.24813026e-005, 0, 0, 0, 0, 0, 0, 0, 0.296605078, -0.0862708008, -0.166754785, -0.458003622, 0.647542374, -0.608790892, -0.816162109, -0.03515625, 0.576660156, 0.352105603, 0.7610998, 0.544814542, 0, 0, -0, 0, 0, 0, 0, 0.365288184, -0.0388046875, -0.132721826, -0.027921675, 0.509016826, -0.860231777, 0.44934082, -0.762329102, -0.465698242, -0.892819333, -0.399420775, -0.207387806, 0, 2, 3, 1, 
498.99456, 53, 0.1, 0.1, 0.0279064271, 0.363883505, -0.0349685172, 0.936638228, 1.1387507e-005, 0.3502982, 0.3502982, 1.64649467e-005, -0.936638228, -1.64336155e-005, 1, 1.14326753e-005, 0.936638189, 3.84390505e-006, 0.350298306, 0.350298306, 1.11158197e-005, -0.936638189, -7.49420108e-006, 1, 9.06498784e-006, 0, 0, 0, 0, 0, 0, 0, 0.296605078, -0.0862708008, -0.166754785, -0.460979616, 0.647440902, -0.606779438, -0.814208984, -0.0367431641, 0.579345703, 0.352824138, 0.761239464, 0.544248775, 0, 0, -0, 0, 0, 0, 0, 0.365288184, -0.0388046875, -0.132721826, -0.027921675, 0.509016826, -0.860231777, 0.44934082, -0.762329102, -0.465698242, -0.892819333, -0.399420775, -0.207387806, 0, 2, 3, 1, 
498.995266, 53, 0.1, 0.1, 0.0279064263, 0.363883504, -0.0349691416, 0.936638443, -1.90144266e-005, 0.350297627, 0.350297627, 6.302084e-007, -0.936638443, 1.75888824e-005, 1, 7.25098594e-006, 0.936638394, -8.42510654e-006, 0.350297758, 0.350297758, -3.86868909e-006, -0.936638394, 9.24647138e-006, 1, -6.72266805e-007, 0, 0, 0, 0, 0, 0, 0, 0.296455176, -0.0867220459, -0.166876953, -0.460979616, 0.647440902, -0.606779438, -0.814208984, -0.0367431641, 0.579345703, 0.352824138, 0.761239464, 0.544248775, 0, 0, -0, 0, 0, 0, 0, 0.365099219, -0.0388071289, -0.133106299, -0.0309118723, 0.509585188, -0.859777887, 0.450073242, -0.760864258, -0.467163086, -0.892397159, -0.401324921, -0.205867187, 0, 2, 3, 1, 
498.995956, 53, 0.1, 0.1, 0.0279064279, 0.363883504, -0.0349699096, 0.936638655, 1.41138746e-005, 0.35029706, 0.35029706, 3.83169231e-006, -0.936638655, -1.45618311e-005, 1, -1.35513765e-006, 0.936638621, 7.56735679e-006, 0.35029715, 0.35029715, -1.49476997e-006, -0.936638621, -6.56426497e-006, 1, -4.0508828e-006, 0, 0, 0, 0, 0, 0, 0, 0.296455176, -0.0867220459, -0.166876953, -0.460979616, 0.647440902, -0.606779438, -0.814208984, -0.0367431641, 0.579345703, 0.352824138, 0.761239464, 0.544248775, 0, 0, -0, 0, 0, 0, 0, 0.365099219, -0.0388071289, -0.133106299, -0.0309118723, 0.509585188, -0.859777887, 0.450073242, -0.760864258, -0.467163086, -0.892397159, -0.401324921, -0.205867187, 0, 2, 3, 1, 
498.996658, 53, 0.1, 0.1, 0.0279064273, 0.363883502, -0.0349704899, 0.936638782, -1.34817516e-005, 0.350296719, 0.350296719, -1.02060396e-005, -0.936638782, 1.62026735e-005, 1, -4.83675914e-006, 0.93663876, -7.34382822e-006, 0.350296779, 0.350296779, -4.81621435e-006, -0.93663876, 8.56561853e-006, 1, -1.93853366e-006, 0, 0, 0, 0, 0, 0, 0, 0.296455176, -0.0867220459, -0.166876953, -0.460979616, 0.647440902, -0.606779438, -0.814208984, -0.0367431641, 0.579345703, 0.352824138, 0.761239464, 0.544248775, 0, 0, -0, 0, 0, 0, 0, 0.365099219, -0.0388071289, -0.133106299, -0.0309118723, 0.509585188, -0.859777887, 0.450073242, -0.760864258, -0.467163086, -0.892397159, -0.401324921, -0.205867187, 0, 2, 3, 1, 
498.99735, 53, 0.1, 0.1, 0.0279064282, 0.363883502, -0.0349708509, 0.936638922, 1.64238167e-005, 0.350296346, 0.350296346, 5.98068469e-008, -0.936638922, -1.54041361e-005, 1, -5.69718556e-006, 0.936638887, 6.32928585e-006, 0.350296438, 0.350296438, 5.23209134e-006, -0.936638888, -7.76103821e-006, 1, 2.68345392e-006, 0, 0, 0, 0, 0, 0, 0, 0.296455176, -0.0867220459, -0.166876953, -0.460979616, 0.647440902, -0.606779438, -0.814208984, -0.0367431641, 0.579345703, 0.352824138, 0.761239464, 0.544248775, 0, 0, -0, 0, 0, 0, 0, 0.365099219, -0.0388071289, -0.133106299, -0.0309118723, 0.509585188, -0.859777887, 0.450073242, -0.760864258, -0.467163086, -0.892397159, -0.401324921, -0.205867187, 0, 2, 3, 1, 
498.998039, 53, 0.1, 0.1, 0.0279064268, 0.363883503, -0.0349709075, 0.936639073, -1.39637856e-005, 0.350295941, 0.350295941, -6.96646176e-006, -0.936639073, 1.55193505e-005, 1, -1.63360287e-006, 0.936639051, -8.03707368e-006, 0.350296001, 0.350296001, -1.17729886e-006, -0.936639051, 7.94024015e-006, 1, 1.71265069e-006, 0, 0, 0, 0, 0, 0, 0, 0.296455176, -0.0867220459, -0.166876953, -0.460979616, 0.647440902, -0.606779438, -0.814208984, -0.0367431641, 0.579345703, 0.352824138, 0.761239464, 0.544248775, 0, 0, -0, 0, 0, 0, 0, 0.365099219, -0.0388071289, -0.133106299, -0.0309118723, 0.509585188, -0.859777887, 0.450073242, -0.760864258, -0.467163086, -0.892397159, -0.401324921, -0.205867187, 0, 2, 3, 1, 
498.998734, 53, 0.1, 0.1, 0.0279064277, 0.363883503, -0.03497066, 0.936639178, 1.22431283e-005, 0.350295661, 0.350295661, 1.22509441e-005, -0.936639178, -1.57588462e-005, 1, 7.18599952e-006, 0.936639159, 5.61745086e-006, 0.350295712, 0.350295712, 8.07707943e-006, -0.936639159, -8.09089074e-006, 1, 5.59753993e-006, 0, 0, 0, 0, 0, 0, 0, 0.296455176, -0.0867220459, -0.166876953, -0.460979616, 0.647440902, -0.606779438, -0.814208984, -0.0367431641, 0.579345703, 0.352824138, 0.761239464, 0.544248775, 0, 0, -0, 0, 0, 0, 0, 0.365099219, -0.0388071289, -0.133106299, -0.0309118723, 0.509585188, -0.859777887, 0.450073242, -0.760864258, -0.467163086, -0.892397159, -0.401324921, -0.205867187, 0, 2, 3, 1, 
498.999438, 53, 0.1, 0.1, 0.0279064267, 0.363883503, -0.0349701023, 0.936639309, -1.73136362e-005, 0.35029531, 0.35029531, -3.55023084e-006, -0.936639309, 1.74602615e-005, 1, 2.7395998e-006, 0.936639276, -7.52519139e-006, 0.350295398, 0.350295398, -7.98299645e-006, -0.936639277, 9.84479673e-006, 1, -4.84114811e-006, 0, 0, 0, 0, 0, 0, 0, 0.296079956, -0.0869405273, -0.16720271, -0.464018889, 0.647542374, -0.604387185, -0.812011719, -0.0383300781, 0.582275391, 0.353923471, 0.7610998, 0.543746288, 0, 0, -0, 0, 0, 0, 0, 0.365099219, -0.0388071289, -0.133106299, -0.0309118723, 0.509585188, -0.859777887, 0.450073242, -0.760864258, -0.467163086, -0.892397159, -0.401324921, -0.205867187, 0, 2, 3, 1, 
499.000142, 53, 0.1, 0.1, 0.0279064275, 0.363883504, -0.0349692657, 0.936639453, 1.740499e-005, 0.350294926, 0.350294926, 7.18651531e-007, -0.936639453, -1.65539403e-005, 1, -5.42376232e-006, 0.936639433, 1.05025896e-005, 0.35029498, 0.35029498, -5.19166435e-006, -0.936639433, -8.01852564e-006, 1, -8.54172198e-006, 0, 0, 0, 0, 0, 0, 0, 0.296079956, -0.0869405273, -0.16720271, -0.464018889, 0.647542374, -0.604387185, -0.812011719, -0.0383300781, 0.582275391, 0.353923471, 0.7610998, 0.543746288, 0, 0, -0, 0, 0, 0, 0, 0.364893652, -0.0390162109, -0.13324751, -0.0341448728, 0.510396353, -0.859106713, 0.450683594, -0.759399414, -0.469116211, -0.892000505, -0.403203548, -0.204078246, 0, 2, 3, 1, 
499.00083, 53, 0.1, 0.1, 0.0279064261, 0.363883504, -0.0349687049, 0.936639513, -1.17746831e-005, 0.350294767, 0.350294766, -1.31534057e-005, -0.936639513, 1.56362026e-005, 1, -8.19538963e-006, 0.936639502, -5.17343622e-006, 0.350294794, 0.350294794, -7.96171203e-006, -0.936639502, 7.634591e-006, 1, -5.64502622e-006, 0, 0, 0, 0, 0, 0, 0, 0.296079956, -0.0869405273, -0.16720271, -0.464018889, 0.647542374, -0.604387185, -0.812011719, -0.0383300781, 0.582275391, 0.353923471, 0.7610998, 0.543746288, 0, 0, -0, 0, 0, 0, 0, 0.364893652, -0.0390162109, -0.13324751, -0.0341448728, 0.510396353, -0.859106713, 0.450683594, -0.759399414, -0.469116211, -0.892000505, -0.403203548, -0.204078246, 0, 2, 3, 1, 
499.001524, 53, 0.1, 0.1, 0.0279064263, 0.363883504, -0.034968499, 0.936639599, 1.97429866e-005, 0.350294534, 0.350294534, 4.77373718e-007, -0.9366396, -1.86592845e-005, 1, -6.46873316e-006, 0.936639574, 9.01466012e-006, 0.350294601, 0.350294601, 5.63095719e-006, -0.936639574, -1.04159813e-005, 1, 2.11639057e-006, 0, 0, 0, 0, 0, 0, 0, 0.296079956, -0.0869405273, -0.16720271, -0.464018889, 0.647542374, -0.604387185, -0.812011719, -0.0383300781, 0.582275391, 0.353923471, 0.7610998, 0.543746288, 0, 0, -0, 0, 0, 0, 0, 0.364893652, -0.0390162109, -0.13324751, -0.0341448728, 0.510396353, -0.859106713, 0.450683594, -0.759399414, -0.469116211, -0.892000505, -0.403203548, -0.204078246, 0, 2, 3, 1, 
499.002216, 53, 0.1, 0.1, 0.0279064245, 0.363883504, -0.0349687211, 0.936639706, -1.50880195e-005, 0.35029425, 0.35029425, -5.52018344e-006, -0.936639706, 1.60657266e-005, 1, 1.14823462e-007, 0.936639692, -8.33157605e-006, 0.350294286, 0.350294286, 4.75554334e-007, -0.936639692, 7.63710086e-006, 1, 3.36392655e-006, 0, 0, 0, 0, 0, 0, 0, 0.296079956, -0.0869405273, -0.16720271, -0.464018889, 0.647542374, -0.604387185, -0.812011719, -0.0383300781, 0.582275391, 0.353923471, 0.7610998, 0.543746288, 0, 0, -0, 0, 0, 0, 0, 0.364893652, -0.0390162109, -0.13324751, -0.0341448728, 0.510396353, -0.859106713, 0.450683594, -0.759399414, -0.469116211, -0.892000505, -0.403203548, -0.204078246, 0, 2, 3, 1, 
499.002904, 53, 0.1, 0.1, 0.0279064251, 0.363883506, -0.0349692576, 0.936639726, 1.02171831e-005, 0.350294196, 0.350294196, 1.75960417e-005, -0.936639726, -1.57336108e-005, 1, 1.29021318e-005, 0.93663973, 7.45203009e-006, 0.350294185, 0.350294185, 2.5950284e-006, -0.93663973, -7.88889082e-006, 1, -1.79796101e-007, 0, 0, 0, 0, 0, 0, 0, 0.296079956, -0.0869405273, -0.16720271, -0.464018889, 0.647542374, -0.604387185, -0.812011719, -0.0383300781, 0.582275391, 0.353923471, 0.7610998, 0.543746288, 0, 0, -0, 0, 0, 0, 0, 0.364893652, -0.0390162109, -0.13324751, -0.0341448728, 0.510396353, -0.859106713, 0.450683594, -0.759399414, -0.469116211, -0.892000505, -0.403203548, -0.204078246, 0, 2, 3, 1, 
499.003595, 53, 0.1, 0.1, 0.0279064253, 0.363883501, -0.0349699434, 0.936639677, -1.09577131e-005, 0.350294328, 0.350294328, -1.20198913e-005, -0.936639677, 1.44739286e-005, 1, -7.41988235e-006, 0.936639693, -9.31647594e-006, 0.350294283, 0.350294283, 4.23995542e-006, -0.936639693, 7.24094902e-006, 1, 7.23481881e-006, 0, 0, 0, 0, 0, 0, 0, 0.296079956, -0.0869405273, -0.16720271, -0.464018889, 0.647542374, -0.604387185, -0.812011719, -0.0383300781, 0.582275391, 0.353923471, 0.7610998, 0.543746288, 0, 0, -0, 0, 0, 0, 0, 0.364893652, -0.0390162109, -0.13324751, -0.0341448728, 0.510396353, -0.859106713, 0.450683594, -0.759399414, -0.469116211, -0.892000505, -0.403203548, -0.204078246, 0, 2, 3, 1, 
499.004315, 53, 0.1, 0.1, 0.0279064238, 0.363883505, -0.0349704691, 0.936639554, 1.55767985e-005, 0.350294655, 0.350294655, 1.22084624e-005, -0.936639554, -1.88664047e-005, 1, 5.97845957e-006, 0.936639587, 1.30523108e-005, 0.350294566, 0.350294566, -3.60296078e-006, -0.936639587, -1.09632134e-005, 1, -7.94682925e-006, 0, 0, 0, 0, 0, 0, 0, 0.295932007, -0.0876068359, -0.16730791, -0.467000874, 0.647624749, -0.602033125, -0.809692383, -0.0395507813, 0.585449219, 0.355384506, 0.76083957, 0.543002666, 0, 0, -0, 0, 0, 0, 0, 0.364893652, -0.0390162109, -0.13324751, -0.0373395938, 0.510875397, -0.858729382, 0.450439453, -0.758422852, -0.470825195, -0.891968056, -0.404257883, -0.201829218, 0, 2, 3, 1, 
499.005003, 53, 0.1, 0.1, 0.0279064231, 0.363883502, -0.0349705336, 0.936639379, -1.08854458e-005, 0.350295124, 0.350295124, -1.49657621e-005, -0.936639379, 1.54381706e-005, 1, -1.02044035e-005, 0.93663942, -7.92085648e-006, 0.350295015, 0.350295015, 1.71459196e-007, -0.93663942, 7.35892511e-006, 1, 2.93523198e-006, 0, 0, 0, 0, 0, 0, 0, 0.295932007, -0.0876068359, -0.16730791, -0.467000874, 0.647624749, -0.602033125, -0.809692383, -0.0395507813, 0.585449219, 0.355384506, 0.76083957, 0.543002666, 0, 0, -0, 0, 0, 0, 0, 0.364906201, -0.0394531738, -0.133621729, -0.0373395938, 0.510875397, -0.858729382, 0.450439453, -0.758422852, -0.470825195, -0.891968056, -0.404257883, -0.201829218, 0, 2, 3, 1, 
499.005744, 53, 0.1, 0.1, 0.0279064234, 0.363883507, -0.0349697542, 0.93663914, 8.62565082e-006, 0.350295762, 0.350295762, 9.56141823e-006, -0.93663914, -1.14284465e-005, 1, 5.93406963e-006, 0.93663919, 7.30099804e-006, 0.350295629, 0.350295629, -6.50499537e-006, -0.93663919, -4.55972944e-006, 1, -8.6503413e-006, 0, 0, 0, 0, 0, 0, 0, 0.295932007, -0.0876068359, -0.16730791, -0.467000874, 0.647624749, -0.602033125, -0.809692383, -0.0395507813, 0.585449219, 0.355384506, 0.76083957, 0.543002666, 0, 0, -0, 0, 0, 0, 0, 0.364906201, -0.0394531738, -0.133621729, -0.0373395938, 0.510875397, -0.858729382, 0.450439453, -0.758422852, -0.470825195, -0.891968056, -0.404257883, -0.201829218, 0, 2, 3, 1, 
499.006472, 53, 0.1, 0.1, 0.0279064239, 0.363883504, -0.0349687787, 0.936638855, -8.51974915e-007, 0.350296524, 0.350296524, -9.68801786e-006, -0.936638855, 4.19167179e-006, 1, -8.77573011e-006, 0.936638913, -7.787537e-006, 0.350296368, 0.350296369, 2.26652314e-006, -0.936638913, 6.50015537e-006, 1, 4.8508597e-006, 0, 0, 0, 0, 0, 0, 0, 0.295932007, -0.0876068359, -0.16730791, -0.467000874, 0.647624749, -0.602033125, -0.809692383, -0.0395507813, 0.585449219, 0.355384506, 0.76083957, 0.543002666, 0, 0, -0, 0, 0, 0, 0, 0.364906201, -0.0394531738, -0.133621729, -0.0373395938, 0.510875397, -0.858729382, 0.450439453, -0.758422852, -0.470825195, -0.891968056, -0.404257883, -0.201829218, 0, 2, 3, 1, 
499.007164, 53, 0.1, 0.1, 0.0279064233, 0.363883507, -0.034968035, 0.936638562, -1.37790858e-005, 0.350297308, 0.350297308, 8.14991453e-006, -0.936638562, 1.005113e-005, 1, 1.24603009e-005, 0.936638613, -5.71896652e-006, 0.350297172, 0.350297172, -5.22573263e-006, -0.936638613, 7.18716423e-006, 1, -2.89128517e-006, 0, 0, 0, 0, 0, 0, 0, 0.295932007, -0.0876068359, -0.16730791, -0.467000874, 0.647624749, -0.602033125, -0.809692383, -0.0395507813, 0.585449219, 0.355384506, 0.76083957, 0.543002666, 0, 0, -0, 0, 0, 0, 0, 0.364906201, -0.0394531738, -0.133621729, -0.0373395938, 0.510875397, -0.858729382, 0.450439453, -0.758422852, -0.470825195, -0.891968056, -0.404257883, -0.201829218, 0, 2, 3, 1, 
499.007853, 53, 0.1, 0.1, 0.027906425, 0.363883502, -0.0349678958, 0.936638366, 3.51170263e-006, 0.350297833, 0.350297833, -3.19805744e-006, -0.936638366, -2.16892282e-006, 1, -4.22556512e-006, 0.936638404, -3.9693688e-006, 0.350297732, 0.350297732, 9.93082172e-006, -0.936638404, 2.39118936e-007, 1, 1.06920499e-005, 0, 0, 0, 0, 0, 0, 0, 0.295932007, -0.0876068359, -0.16730791, -0.467000874, 0.647624749, -0.602033125, -0.809692383, -0.0395507813, 0.585449219, 0.355384506, 0.76083957, 0.543002666, 0, 0, -0, 0, 0, 0, 0, 0.364906201, -0.0394531738, -0.133621729, -0.0373395938, 0.510875397, -0.858729382, 0.450439453, -0.758422852, -0.470825195, -0.891968056, -0.404257883, -0.201829218, 0, 2, 3, 1, 
499.008543, 53, 0.1, 0.1, 0.0279064244, 0.363883504, -0.0349683771, 0.936638204, -6.23804539e-006, 0.350298266, 0.350298266, 9.68430455e-006, -0.936638204, 2.45039654e-006, 1, 1.12558661e-005, 0.936638236, 1.65406008e-006, 0.35029818, 0.35029818, -2.42733305e-006, -0.936638236, -6.98965566e-007, 1, -2.85294718e-006, 0, 0, 0, 0, 0, 0, 0, 0.295932007, -0.0876068359, -0.16730791, -0.467000874, 0.647624749, -0.602033125, -0.809692383, -0.0395507813, 0.585449219, 0.355384506, 0.76083957, 0.543002666, 0, 0, -0, 0, 0, 0, 0, 0.364906201, -0.0394531738, -0.133621729, -0.0373395938, 0.510875397, -0.858729382, 0.450439453, -0.758422852, -0.470825195, -0.891968056, -0.404257883, -0.201829218, 0, 2, 3, 1, 
499.009258, 53, 0.1, 0.1, 0.0279064243, 0.3638835, -0.0349691544, 0.93663809, -2.79084614e-007, 0.35029857, 0.35029857, -9.13354425e-006, -0.93663809, 3.46086877e-006, 1, -8.4570625e-006, 0.936638106, 2.85754058e-006, 0.350298527, 0.350298527, 7.5761632e-006, -0.936638106, -5.33040021e-006, 1, 6.09513089e-006, 0, 0, 0, 0, 0, 0, 0, 0.296291821, -0.088360791, -0.166671265, -0.468638643, 0.64588663, -0.602604883, -0.809204102, -0.0402832031, 0.586181641, 0.354407984, 0.76235078, 0.541733712, 0, 0, -0, 0, 0, 0, 0, 0.365091602, -0.04, -0.132980078, -0.0381573222, 0.50997418, -0.859253268, 0.451904297, -0.758056641, -0.469970703, -0.891194803, -0.406193745, -0.201516053, 0, 2, 3, 1, 
499.009943, 53, 0.1, 0.1, 0.0279064232, 0.363883504, -0.0349699487, 0.936637986, -1.64644969e-006, 0.350298848, 0.350298848, 4.90746185e-006, -0.936637986, -1.76950912e-007, 1, 5.17326462e-006, 0.936638011, 6.45390714e-006, 0.350298781, 0.350298781, -6.37720343e-006, -0.936638011, -3.81104816e-006, 1, -8.23392695e-006, 0, 0, 0, 0, 0, 0, 0, 0.296291821, -0.088360791, -0.166671265, -0.468638643, 0.64588663, -0.602604883, -0.809204102, -0.0402832031, 0.586181641, 0.354407984, 0.76235078, 0.541733712, 0, 0, -0, 0, 0, 0, 0, 0.365091602, -0.04, -0.132980078, -0.0381573222, 0.50997418, -0.859253268, 0.451904297, -0.758056641, -0.469970703, -0.891194803, -0.406193745, -0.201516053, 0, 2, 3, 1, 
499.01063, 53, 0.1, 0.1, 0.0279064254, 0.363883502, -0.0349707233, 0.936637836, 1.24884357e-005, 0.350299248, 0.350299248, -6.88491498e-006, -0.936637836, -9.28536085e-006, 1, -1.08233615e-005, 0.936637866, -3.39846699e-006, 0.35029917, 0.35029917, 1.63796821e-006, -0.936637866, 2.60935396e-006, 1, 2.72466322e-006, 0, 0, 0, 0, 0, 0, 0, 0.296291821, -0.088360791, -0.166671265, -0.468638643, 0.64588663, -0.602604883, -0.809204102, -0.0402832031, 0.586181641, 0.354407984, 0.76235078, 0.541733712, 0, 0, -0, 0, 0, 0, 0, 0.365091602, -0.04, -0.132980078, -0.0381573222, 0.50997418, -0.859253268, 0.451904297, -0.758056641, -0.469970703, -0.891194803, -0.406193745, -0.201516053, 0, 2, 3, 1, 
499.011342, 53, 0.1, 0.1, 0.0279064213, 0.363883505, -0.0349711474, 0.936637699, -1.22300756e-005, 0.350299616, 0.350299616, 2.92665741e-006, -0.936637699, 1.04299429e-005, 1, 7.02540843e-006, 0.936637727, 6.74910737e-006, 0.350299541, 0.350299542, -6.01700908e-006, -0.936637727, -4.21371307e-006, 1, -7.99996693e-006, 0, 0, 0, 0, 0, 0, 0, 0.296291821, -0.088360791, -0.166671265, -0.4703337, 0.644129416, -0.603176642, -0.80871582, -0.0411376953, 0.586669922, 0.35306976, 0.763741423, 0.540464758, 0, 0, -0, 0, 0, 0, 0, 0.365091602, -0.04, -0.132980078, -0.0381573222, 0.50997418, -0.859253268, 0.451904297, -0.758056641, -0.469970703, -0.891194803, -0.406193745, -0.201516053, 0, 2, 3, 1, 
499.012044, 53, 0.1, 0.1, 0.0279064265, 0.363883502, -0.0349708137, 0.936637585, 6.49538576e-006, 0.35029992, 0.35029992, -6.75399623e-007, -0.936637585, -5.84723e-006, 1, -2.90793778e-006, 0.936637605, -1.06498652e-005, 0.350299867, 0.350299867, 5.99685731e-006, -0.936637605, 7.8743659e-006, 1, 9.34752842e-006, 0, 0, 0, 0, 0, 0, 0, 0.296424365, -0.0891160889, -0.165811377, -0.4703337, 0.644129416, -0.603176642, -0.80871582, -0.0411376953, 0.586669922, 0.35306976, 0.763741423, 0.540464758, 0, 0, -0, 0, 0, 0, 0, 0.365010547, -0.0407483398, -0.132313281, -0.0395692987, 0.509277486, -0.859598149, 0.452758789, -0.75769043, -0.469726562, -0.890606752, -0.407739883, -0.20057036, 0, 2, 3, 1, 
499.012733, 53, 0.1, 0.1, 0.0279064232, 0.363883503, -0.0349702483, 0.936637483, -9.3998443e-006, 0.350300194, 0.350300194, 5.87119743e-007, -0.936637483, 8.59857834e-006, 1, 3.84268564e-006, 0.936637507, 4.25466114e-006, 0.35030013, 0.35030013, 2.41686237e-006, -0.936637507, -4.83170241e-006, 1, 7.73315596e-007, 0, 0, 0, 0, 0, 0, 0, 0.296424365, -0.0891160889, -0.165811377, -0.4703337, 0.644129416, -0.603176642, -0.80871582, -0.0411376953, 0.586669922, 0.35306976, 0.763741423, 0.540464758, 0, 0, -0, 0, 0, 0, 0, 0.365010547, -0.0407483398, -0.132313281, -0.0395692987, 0.509277486, -0.859598149, 0.452758789, -0.75769043, -0.469726562, -0.890606752, -0.407739883, -0.20057036, 0, 2, 3, 1, 
499.013425, 53, 0.1, 0.1, 0.0279064256, 0.363883504, -0.0349696131, 0.936637331, 7.51740825e-006, 0.350300599, 0.350300598, 8.47709311e-006, -0.936637331, -1.0010616e-005, 1, 5.30660926e-006, 0.936637364, -2.85597204e-006, 0.350300512, 0.350300512, -4.81514509e-006, -0.936637364, 4.36175791e-006, 1, -3.50959633e-006, 0, 0, 0, 0, 0, 0, 0, 0.296424365, -0.0891160889, -0.165811377, -0.4703337, 0.644129416, -0.603176642, -0.80871582, -0.0411376953, 0.586669922, 0.35306976, 0.763741423, 0.540464758, 0, 0, -0, 0, 0, 0, 0, 0.365010547, -0.0407483398, -0.132313281, -0.0395692987, 0.509277486, -0.859598149, 0.452758789, -0.75769043, -0.469726562, -0.890606752, -0.407739883, -0.20057036, 0, 2, 3, 1, 
499.014116, 53, 0.1, 0.1, 0.027906422, 0.363883502, -0.034969109, 0.936637209, -6.31648685e-006, 0.350300927, 0.350300927, -7.63842957e-007, -0.936637209, 6.18383151e-006, 1, 1.49722746e-006, 0.936637226, 8.43617863e-006, 0.35030088, 0.35030088, 6.52871924e-007, -0.936637226, -8.13034056e-006, 1, -2.34369666e-006, 0, 0, 0, 0, 0, 0, 0, 0.296424365, -0.0891160889, -0.165811377, -0.4703337, 0.644129416, -0.603176642, -0.80871582, -0.0411376953, 0.586669922, 0.35306976, 0.763741423, 0.540464758, 0, 0, -0, 0, 0, 0, 0, 0.365010547, -0.0407483398, -0.132313281, -0.0395692987, 0.509277486, -0.859598149, 0.452758789, -0.75769043, -0.469726562, -0.890606752, -0.407739883, -0.20057036, 0, 2, 3, 1, 
499.014805, 53, 0.1, 0.1, 0.0279064242, 0.363883503, -0.0349688674, 0.936637117, 1.18096196e-005, 0.350301171, 0.350301171, -2.43414393e-006, -0.936637117, -1.02086446e-005, 1, -6.41683311e-006, 0.936637138, -1.81369612e-006, 0.350301117, 0.350301117, -6.29594549e-006, -0.936637138, 3.90425188e-006, 1, -5.26167659e-006, 0, 0, 0, 0, 0, 0, 0, 0.296424365, -0.0891160889, -0.165811377, -0.4703337, 0.644129416, -0.603176642, -0.80871582, -0.0411376953, 0.586669922, 0.35306976, 0.763741423, 0.540464758, 0, 0, -0, 0, 0, 0, 0, 0.365010547, -0.0407483398, -0.132313281, -0.0395692987, 0.509277486, -0.859598149, 0.452758789, -0.75769043, -0.469726562, -0.890606752, -0.407739883, -0.20057036, 0, 2, 3, 1, 
499.015495, 53, 0.1, 0.1, 0.0279064213, 0.3638835, -0.0349689632, 0.936636973, -7.8870877e-006, 0.350301557, 0.350301557, -1.57772543e-006, -0.936636973, 7.94001762e-006, 1, 1.28510313e-006, 0.936637005, 2.97209347e-006, 0.350301471, 0.350301471, 1.04455658e-005, -0.936637005, -6.44286981e-006, 1, 8.7425748e-006, 0, 0, 0, 0, 0, 0, 0, 0.296424365, -0.0891160889, -0.165811377, -0.4703337, 0.644129416, -0.603176642, -0.80871582, -0.0411376953, 0.586669922, 0.35306976, 0.763741423, 0.540464758, 0, 0, -0, 0, 0, 0, 0, 0.365010547, -0.0407483398, -0.132313281, -0.0395692987, 0.509277486, -0.859598149, 0.452758789, -0.75769043, -0.469726562, -0.890606752, -0.407739883, -0.20057036, 0, 2, 3, 1, 
499.016195, 53, 0.1, 0.1, 0.0279064227, 0.363883505, -0.0349693276, 0.93663677, 8.78867978e-006, 0.350302099, 0.350302099, 8.65742539e-008, -0.93663677, -8.26212779e-006, 1, -2.99760434e-006, 0.936636815, -1.31438761e-006, 0.350301979, 0.350301979, -1.58171013e-005, -0.936636815, 6.77186573e-006, 1, -1.43544468e-005, 0, 0, 0, 0, 0, 0, 0, 0.296424365, -0.0891160889, -0.165811377, -0.471641967, 0.642492768, -0.603894055, -0.808837891, -0.0426025391, 0.586425781, 0.351052314, 0.76511297, 0.539836834, 0, 0, -0, 0, 0, 0, 0, 0.365010547, -0.0407483398, -0.132313281, -0.0395692987, 0.509277486, -0.859598149, 0.452758789, -0.75769043, -0.469726562, -0.890606752, -0.407739883, -0.20057036, 0, 2, 3, 1, 
499.016898, 53, 0.1, 0.1, 0.0279064219, 0.363883498, -0.0349695413, 0.936636515, -1.25249849e-005, 0.350302781, 0.350302781, 1.01738817e-005, -0.936636515, 8.16741918e-006, 1, 1.39167662e-005, 0.936636567, -2.79464961e-006, 0.350302644, 0.350302644, 2.31693687e-005, -0.936636566, -5.49872011e-006, 1, 2.26802511e-005, 0, 0, 0, 0, 0, 0, 0, 0.296351367, -0.089642041, -0.164956982, -0.471641967, 0.642492768, -0.603894055, -0.808837891, -0.0426025391, 0.586425781, 0.351052314, 0.76511297, 0.539836834, 0, 0, -0, 0, 0, 0, 0, 0.364960986, -0.0414683594, -0.131648437, -0.040482909, 0.508919478, -0.859745071, 0.453735352, -0.757202148, -0.469604492, -0.890089063, -0.409004938, -0.200340316, 0, 2, 3, 1, 
499.017588, 53, 0.1, 0.1, 0.027906424, 0.363883501, -0.034969863, 0.93663622, 8.15566676e-006, 0.350303569, 0.350303569, 2.7978661e-006, -0.93663622, -8.61899537e-006, 1, -2.36376442e-007, 0.93663628, -2.04705276e-006, 0.350303409, 0.350303409, -9.64585267e-006, -0.93663628, 5.29631896e-006, 1, -8.31756601e-006, 0, 0, 0, 0, 0, 0, 0, 0.296351367, -0.089642041, -0.164956982, -0.471641967, 0.642492768, -0.603894055, -0.808837891, -0.0426025391, 0.586425781, 0.351052314, 0.76511297, 0.539836834, 0, 0, -0, 0, 0, 0, 0, 0.364960986, -0.0414683594, -0.131648437, -0.040482909, 0.508919478, -0.859745071, 0.453735352, -0.757202148, -0.469604492, -0.890089063, -0.409004938, -0.200340316, 0, 2, 3, 1, 
499.018275, 53, 0.1, 0.1, 0.0279064224, 0.363883494, -0.0349701905, 0.936635894, -7.53858693e-006, 0.350304441, 0.350304441, 4.31822369e-006, -0.936635894, 5.54821817e-006, 1, 6.68540379e-006, 0.936635958, 1.10949575e-006, 0.35030427, 0.35030427, 1.81063695e-005, -0.936635958, -7.38193218e-006, 1, 1.65704157e-005, 0, 0, 0, 0, 0, 0, 0, 0.296351367, -0.089642041, -0.164956982, -0.471641967, 0.642492768, -0.603894055, -0.808837891, -0.0426025391, 0.586425781, 0.351052314, 0.76511297, 0.539836834, 0, 0, -0, 0, 0, 0, 0, 0.364960986, -0.0414683594, -0.131648437, -0.040482909, 0.508919478, -0.859745071, 0.453735352, -0.757202148, -0.469604492, -0.890089063, -0.409004938, -0.200340316, 0, 2, 3, 1, 
499.018962, 53, 0.1, 0.1, 0.0279064225, 0.3638835, -0.034970446, 0.936635539, 1.33890123e-005, 0.350305391, 0.350305391, -5.58699069e-006, -0.936635539, -1.05834718e-005, 1, -9.92321721e-006, 0.936635609, 4.00164e-006, 0.350305203, 0.350305203, -1.75330483e-005, -0.936635609, 2.39383952e-006, 1, -1.78238727e-005, 0, 0, 0, 0, 0, 0, 0, 0.296351367, -0.089642041, -0.164956982, -0.471641967, 0.642492768, -0.603894055, -0.808837891, -0.0426025391, 0.586425781, 0.351052314, 0.76511297, 0.539836834, 0, 0, -0, 0, 0, 0, 0, 0.364960986, -0.0414683594, -0.131648437, -0.040482909, 0.508919478, -0.859745071, 0.453735352, -0.757202148, -0.469604492, -0.890089063, -0.409004938, -0.200340316, 0, 2, 3, 1, 
499.019646, 53, 0.1, 0.1, 0.0279064199, 0.363883496, -0.0349705942, 0.936635158, -7.21598846e-006, 0.350306411, 0.350306411, -2.38468451e-006, -0.936635158, 7.59411876e-006, 1, 2.94227663e-007, 0.936635234, 2.94993265e-006, 0.350306206, 0.350306206, 1.05962622e-005, -0.936635234, -6.47494726e-006, 1, 8.89145279e-006, 0, 0, 0, 0, 0, 0, 0, 0.296351367, -0.089642041, -0.164956982, -0.471641967, 0.642492768, -0.603894055, -0.808837891, -0.0426025391, 0.586425781, 0.351052314, 0.76511297, 0.539836834, 0, 0, -0, 0, 0, 0, 0, 0.364960986, -0.0414683594, -0.131648437, -0.040482909, 0.508919478, -0.859745071, 0.453735352, -0.757202148, -0.469604492, -0.890089063, -0.409004938, -0.200340316, 0, 2, 3, 1, 
499.020334, 53, 0.1, 0.1, 0.0279064212, 0.363883503, -0.0349705964, 0.936634753, 7.35988123e-006, 0.350307492, 0.350307492, -6.89632676e-006, -0.936634753, -4.47768561e-006, 1, -9.03756085e-006, 0.936634833, -9.97240642e-007, 0.35030728, 0.35030728, -2.00304193e-005, -0.936634832, 7.95085203e-006, 1, -1.84118478e-005, 0, 0, 0, 0, 0, 0, 0, 0.296351367, -0.089642041, -0.164956982, -0.471641967, 0.642492768, -0.603894055, -0.808837891, -0.0426025391, 0.586425781, 0.351052314, 0.76511297, 0.539836834, 0, 0, -0, 0, 0, 0, 0, 0.364960986, -0.0414683594, -0.131648437, -0.040482909, 0.508919478, -0.859745071, 0.453735352, -0.757202148, -0.469604492, -0.890089063, -0.409004938, -0.200340316, 0, 2, 3, 1, 
499.02104, 53, 0.1, 0.1, 0.0279064207, 0.363883499, -0.0349703215, 0.936634317, -6.01488025e-006, 0.350308659, 0.350308659, 3.46052656e-006, -0.936634317, 4.42149084e-006, 1, 5.34831257e-006, 0.936634404, -5.72304539e-006, 0.350308425, 0.350308425, 1.23637053e-005, -0.936634404, 1.02929107e-006, 1, 1.35851028e-005, 0, 0, 0, 0, 0, 0, 0, 0.295995923, -0.0901007324, -0.164868848, -0.474231171, 0.642251634, -0.602167919, -0.807250977, -0.0444335938, 0.588378906, 0.351091628, 0.765151162, 0.539810625, 0, 0, -0, 0, 0, 0, 0, 0.364960986, -0.0414683594, -0.131648437, -0.040482909, 0.508919478, -0.859745071, 0.453735352, -0.757202148, -0.469604492, -0.890089063, -0.409004938, -0.200340316, 0, 2, 3, 1, 
499.021739, 53, 0.1, 0.1, 0.0279064188, 0.363883502, -0.0349696732, 0.936633867, -4.12075989e-006, 0.350309861, 0.350309861, -5.5368111e-006, -0.936633867, 5.7992428e-006, 1, -3.74242197e-006, 0.936633951, 7.33628968e-006, 0.350309636, 0.350309636, -1.15522292e-005, -0.936633951, -2.8245608e-006, 1, -1.3390183e-005, 0, 0, 0, 0, 0, 0, 0, 0.295995923, -0.0901007324, -0.164868848, -0.474231171, 0.642251634, -0.602167919, -0.807250977, -0.0444335938, 0.588378906, 0.351091628, 0.765151162, 0.539810625, 0, 0, -0, 0, 0, 0, 0, 0.364556836, -0.041877002, -0.13179624, -0.043166504, 0.509737206, -0.859208058, 0.453369141, -0.756347656, -0.471435547, -0.890248377, -0.409778191, -0.198442733, 0, 2, 3, 1, 
499.022437, 53, 0.1, 0.1, 0.0279064213, 0.363883497, -0.0349691117, 0.936633528, -2.86200447e-006, 0.350310769, 0.350310769, 9.00109901e-006, -0.936633528, -4.72532568e-007, 1, 9.4333221e-006, 0.936633586, -2.87618401e-006, 0.350310614, 0.350310614, 1.85903873e-005, -0.936633585, -3.81847944e-006, 1, 1.84199389e-005, 0, 0, 0, 0, 0, 0, 0, 0.295995923, -0.0901007324, -0.164868848, -0.474231171, 0.642251634, -0.602167919, -0.807250977, -0.0444335938, 0.588378906, 0.351091628, 0.765151162, 0.539810625, 0, 0, -0, 0, 0, 0, 0, 0.364556836, -0.041877002, -0.13179624, -0.043166504, 0.509737206, -0.859208058, 0.453369141, -0.756347656, -0.471435547, -0.890248377, -0.409778191, -0.198442733, 0, 2, 3, 1, 
499.02313, 53, 0.1, 0.1, 0.027906421, 0.363883501, -0.0349687751, 0.936633248, 1.28403002e-005, 0.350311517, 0.350311517, 1.52801004e-006, -0.936633248, -1.25619316e-005, 1, -3.06692004e-006, 0.936633304, 3.72831131e-006, 0.350311366, 0.350311366, -1.18187855e-005, -0.936633304, 6.48194335e-007, 1, -1.23759379e-005, 0, 0, 0, 0, 0, 0, 0, 0.295995923, -0.0901007324, -0.164868848, -0.474231171, 0.642251634, -0.602167919, -0.807250977, -0.0444335938, 0.588378906, 0.351091628, 0.765151162, 0.539810625, 0, 0, -0, 0, 0, 0, 0, 0.364556836, -0.041877002, -0.13179624, -0.043166504, 0.509737206, -0.859208058, 0.453369141, -0.756347656, -0.471435547, -0.890248377, -0.409778191, -0.198442733, 0, 2, 3, 1, 
499.02383, 53, 0.1, 0.1, 0.0279064198, 0.363883495, -0.0349687296, 0.936632926, -1.39135079e-005, 0.350312377, 0.350312377, 3.58532247e-006, -0.936632926, 1.17758668e-005, 1, 8.23220511e-006, 0.93663299, -2.9065992e-006, 0.350312206, 0.350312206, 1.76854467e-005, -0.93663299, -3.47301114e-006, 1, 1.758299e-005, 0, 0, 0, 0, 0, 0, 0, 0.295995923, -0.0901007324, -0.164868848, -0.474231171, 0.642251634, -0.602167919, -0.807250977, -0.0444335938, 0.588378906, 0.351091628, 0.765151162, 0.539810625, 0, 0, -0, 0, 0, 0, 0, 0.36424082, -0.042115625, -0.131769385, -0.0446743624, 0.509852045, -0.859041814, 0.453857422, -0.755615234, -0.472045898, -0.889915889, -0.410870805, -0.197688804, 0, 2, 3, 1, 
499.024517, 53, 0.1, 0.1, 0.0279064231, 0.3638835, -0.0349689621, 0.93663257, 4.29160692e-006, 0.350313328, 0.350313328, -5.09966811e-006, -0.93663257, -2.23317711e-006, 1, -6.27992235e-006, 0.936632641, -5.71568626e-006, 0.350313139, 0.350313139, -1.78210049e-005, -0.936632641, 1.15964305e-005, 1, -1.46894549e-005, 0, 0, 0, 0, 0, 0, 0, 0.295995923, -0.0901007324, -0.164868848, -0.474231171, 0.642251634, -0.602167919, -0.807250977, -0.0444335938, 0.588378906, 0.351091628, 0.765151162, 0.539810625, 0, 0, -0, 0, 0, 0, 0, 0.36424082, -0.042115625, -0.131769385, -0.0446743624, 0.509852045, -0.859041814, 0.453857422, -0.755615234, -0.472045898, -0.889915889, -0.410870805, -0.197688804, 0, 2, 3, 1, 
499.025206, 53, 0.1, 0.1, 0.027906423, 0.363883496, -0.0349695124, 0.936632188, -1.29061158e-005, 0.350314351, 0.350314351, -1.67179752e-006, -0.936632188, 1.26739381e-005, 1, 2.9553382e-006, 0.936632264, -3.75914172e-006, 0.350314148, 0.350314148, 1.19318295e-005, -0.936632264, -6.58955275e-007, 1, 1.2492617e-005, 0, 0, 0, 0, 0, 0, 0, 0.295995923, -0.0901007324, -0.164868848, -0.474231171, 0.642251634, -0.602167919, -0.807250977, -0.0444335938, 0.588378906, 0.351091628, 0.765151162, 0.539810625, 0, 0, -0, 0, 0, 0, 0, 0.36424082, -0.042115625, -0.131769385, -0.0446743624, 0.509852045, -0.859041814, 0.453857422, -0.755615234, -0.472045898, -0.889915889, -0.410870805, -0.197688804, 0, 2, 3, 1, 
499.025903, 53, 0.1, 0.1, 0.0279064245, 0.363883503, -0.0349701396, 0.936631775, 1.1231056e-005, 0.350315455, 0.350315455, -7.15311043e-006, -0.936631775, -8.01351874e-006, 1, -1.0634243e-005, 0.936631863, 1.10001009e-007, 0.35031522, 0.35031522, -2.11170755e-005, -0.936631863, 7.29460248e-006, 1, -1.98174608e-005, 0, 0, 0, 0, 0, 0, 0, 0.295995923, -0.0901007324, -0.164868848, -0.476033691, 0.641363478, -0.601520898, -0.806396484, -0.0457763672, 0.589477539, 0.350635567, 0.765786199, 0.539213779, 0, 0, -0, 0, 0, 0, 0, 0.36424082, -0.042115625, -0.131769385, -0.0446743624, 0.509852045, -0.859041814, 0.453857422, -0.755615234, -0.472045898, -0.889915889, -0.410870805, -0.197688804, 0, 2, 3, 1, 
499.026595, 53, 0.1, 0.1, 0.0279064218, 0.363883499, -0.0349705292, 0.93663134, -5.70671008e-006, 0.350316619, 0.350316619, 9.93518478e-007, -0.93663134, 4.99703747e-006, 1, 2.92971592e-006, 0.936631424, 3.67068028e-006, 0.350316392, 0.350316392, 1.3066719e-005, -0.936631424, -8.01556034e-006, 1, 1.09528001e-005, 0, 0, 0, 0, 0, 0, 0, 0.295902417, -0.0905906738, -0.164837598, -0.476033691, 0.641363478, -0.601520898, -0.806396484, -0.0457763672, 0.589477539, 0.350635567, 0.765786199, 0.539213779, 0, 0, -0, 0, 0, 0, 0, 0.36424082, -0.042115625, -0.131769385, -0.0446743624, 0.509852045, -0.859041814, 0.453857422, -0.755615234, -0.472045898, -0.889915889, -0.410870805, -0.197688804, 0, 2, 3, 1, 
499.027282, 53, 0.1, 0.1, 0.027906422, 0.363883504, -0.034970729, 0.936630894, 1.15790407e-005, 0.35031781, 0.35031781, -1.17104514e-006, -0.936630894, -1.04350493e-005, 1, -5.15318123e-006, 0.936630981, 2.77222237e-006, 0.350317578, 0.350317578, -1.44474774e-005, -0.936630981, 2.46465594e-006, 1, -1.45031132e-005, 0, 0, 0, 0, 0, 0, 0, 0.295902417, -0.0905906738, -0.164837598, -0.476033691, 0.641363478, -0.601520898, -0.806396484, -0.0457763672, 0.589477539, 0.350635567, 0.765786199, 0.539213779, 0, 0, -0, 0, 0, 0, 0, 0.36424082, -0.042115625, -0.131769385, -0.0446743624, 0.509852045, -0.859041814, 0.453857422, -0.755615234, -0.472045898, -0.889915889, -0.410870805, -0.197688804, 0, 2, 3, 1, 
499.027971, 53, 0.1, 0.1, 0.0279064205, 0.363883498, -0.0349707035, 0.936630433, -1.04905199e-005, 0.350319044, 0.350319044, 6.49338192e-006, -0.936630433, 7.55098481e-006, 1, 9.75692801e-006, 0.936630524, -5.73678969e-007, 0.3503188, 0.3503188, 1.88448651e-005, -0.936630524, -6.0643853e-006, 1, 1.78516464e-005, 0, 0, 0, 0, 0, 0, 0, 0.295902417, -0.0905906738, -0.164837598, -0.476033691, 0.641363478, -0.601520898, -0.806396484, -0.0457763672, 0.589477539, 0.350635567, 0.765786199, 0.539213779, 0, 0, -0, 0, 0, 0, 0, 0.36424082, -0.042115625, -0.131769385, -0.0446743624, 0.509852045, -0.859041814, 0.453857422, -0.755615234, -0.472045898, -0.889915889, -0.410870805, -0.197688804, 0, 2, 3, 1, 
