time, trialNum, realDorsalTactorPos, realVentralTactorPos, boxPosX, boxPosY, boxPosZ, boxLocalRot_11, boxLocalRot_12, boxLocalRot_13, boxLocalRot_21, boxLocalRot_22, boxLocalRot_23, boxLocalRot_31, boxLocalRot_32, boxLocalRot_33, boxGlobalRot_11, boxGlobalRot_12, boxGlobalRot_13, boxGlobalRot_21, boxGlobalRot_22, boxGlobalRot_23, boxGlobalRot_31, boxGlobalRot_32, boxGlobalRot_33, indexForceX, indexForceY, indexForceZ, indexForceGlobalX, indexForceGlobalY, indexForceGlobalZ, indexContact, indexPosX, indexPosY, indexPosZ, indexRot_11, indexRot_12, indexRot_13, indexRot_21, indexRot_22, indexRot_23, indexRot_31, indexRot_32, indexRot_33, thumbForceX, thumbForceY, thumbForceZ, thumbForceGlobalX, thumbForceGlobalY, thumbForceGlobalZ, thumbContact, thumbPosX, thumbPosY, thumbPosZ, thumbRot_11, thumbRot_12, thumbRot_13, thumbRot_21, thumbRot_22, thumbRot_23, thumbRot_31, thumbRot_32, thumbRot_33, manipForceTooHigh, cceExpType, mapping, trialSuccess, 
379.437637, 38, 0.1, 0.1, 0.00445779255, 0.369601488, -0.0349746067, 0.961285242, -3.29339364e-006, 0.275555229, 0.275555229, 1.75415403e-005, -0.961285241, -1.66777245e-006, 1, 1.77699356e-005, 0.961285238, -1.23376035e-005, 0.275555242, 0.275555242, 1.82836237e-005, -0.961285238, 6.8218078e-006, 1, 2.09754689e-005, 0, 0, 0, 0, 0, 0, 0, 0.334204102, -0.154567822, -0.145519873, -0.608031362, 0.525163404, -0.595338969, -0.749511719, -0.13269043, 0.6484375, 0.261668715, 0.840548405, 0.474461219, 0, 0, -0, 0, 0, 0, 0, 0.39958125, -0.0994646973, -0.112555566, -0.0812595496, 0.439461599, -0.894548683, 0.58972168, -0.702270508, -0.39855957, -0.803422512, -0.559791484, -0.20203444, 0, 2, 1, 1, 
379.47586, 38, 0.1, 0.1, 0.00445778687, 0.369601515, -0.0349708603, 0.961284312, -6.63110345e-006, 0.275558471, 0.275558471, -9.56800536e-006, -0.961284312, 9.01092064e-006, 1, -7.37031672e-006, 0.961284365, -8.74262564e-006, 0.275558287, 0.275558287, -5.17008724e-006, -0.961284365, 9.82880972e-006, 1, -2.56082109e-006, 0, 0, 0, 0, 0, 0, 0, 0.333571094, -0.152923584, -0.147254761, -0.61173076, 0.526863331, -0.590121247, -0.74621582, -0.13684082, 0.651489258, 0.262501826, 0.83879606, 0.476971796, 0, 0, -0, 0, 0, 0, 0, 0.399419629, -0.0983402832, -0.114216748, -0.0831702589, 0.442318002, -0.89291286, 0.587158203, -0.702148438, -0.402587891, -0.805096248, -0.557772866, -0.201248794, 0, 2, 1, 1, 
379.476551, 38, 0.1, 0.1, 0.00445778512, 0.369601512, -0.034969096, 0.961284037, 2.51987709e-006, 0.275559432, 0.275559432, 1.51129533e-005, -0.961284037, -6.58683446e-006, 1, 1.38334649e-005, 0.961284093, 8.05265695e-006, 0.275559235, 0.275559235, 1.76416089e-005, -0.961284093, -1.26021993e-005, 1, 1.47396141e-005, 0, 0, 0, 0, 0, 0, 0, 0.333571094, -0.152923584, -0.147254761, -0.61173076, 0.526863331, -0.590121247, -0.74621582, -0.13684082, 0.651489258, 0.262501826, 0.83879606, 0.476971796, 0, 0, -0, 0, 0, 0, 0, 0.399419629, -0.0983402832, -0.114216748, -0.0831702589, 0.442318002, -0.89291286, 0.587158203, -0.702148438, -0.402587891, -0.805096248, -0.557772866, -0.201248794, 0, 2, 1, 1, 
379.477237, 38, 0.1, 0.1, 0.00445778601, 0.369601514, -0.0349676973, 0.961283745, 9.50723605e-006, 0.275560449, 0.275560449, -2.00103686e-006, -0.961283745, -8.58774486e-006, 1, -4.54338244e-006, 0.961283804, 1.08124552e-007, 0.275560244, 0.275560244, -1.08953986e-005, -0.961283804, 2.89840031e-006, 1, -1.0503365e-005, 0, 0, 0, 0, 0, 0, 0, 0.333571094, -0.152923584, -0.147254761, -0.61173076, 0.526863331, -0.590121247, -0.74621582, -0.13684082, 0.651489258, 0.262501826, 0.83879606, 0.476971796, 0, 0, -0, 0, 0, 0, 0, 0.399419629, -0.0983402832, -0.114216748, -0.0831702589, 0.442318002, -0.89291286, 0.587158203, -0.702148438, -0.402587891, -0.805096248, -0.557772866, -0.201248794, 0, 2, 1, 1, 
379.477961, 38, 0.1, 0.1, 0.00445778586, 0.369601512, -0.0349667087, 0.961283413, -1.05883153e-005, 0.275561608, 0.275561608, -1.06085046e-005, -0.961283413, 1.31016685e-005, 1, -7.28004626e-006, 0.961283479, -8.34211745e-006, 0.275561376, 0.275561376, 2.88671217e-006, -0.961283479, 7.22367331e-006, 1, 5.07371408e-006, 0, 0, 0, 0, 0, 0, 0, 0.333571094, -0.152923584, -0.147254761, -0.61173076, 0.526863331, -0.590121247, -0.74621582, -0.13684082, 0.651489258, 0.262501826, 0.83879606, 0.476971796, 0, 0, -0, 0, 0, 0, 0, 0.399419629, -0.0983402832, -0.114216748, -0.0831702589, 0.442318002, -0.89291286, 0.587158203, -0.702148438, -0.402587891, -0.805096248, -0.557772866, -0.201248794, 0, 2, 1, 1, 
379.478652, 38, 0.1, 0.1, 0.0044577853, 0.369601513, -0.0349665978, 0.961283078, 6.31878448e-006, 0.275562777, 0.275562777, 1.39416522e-005, -0.961283078, -9.915941e-006, 1, 1.16606526e-005, 0.961283146, 8.70564748e-006, 0.27556254, 0.27556254, 8.52420515e-006, -0.961283146, -1.07175438e-005, 1, 5.79522441e-006, 0, 0, 0, 0, 0, 0, 0, 0.333571094, -0.152923584, -0.147254761, -0.61173076, 0.526863331, -0.590121247, -0.74621582, -0.13684082, 0.651489258, 0.262501826, 0.83879606, 0.476971796, 0, 0, -0, 0, 0, 0, 0, 0.399419629, -0.0983402832, -0.114216748, -0.0831702589, 0.442318002, -0.89291286, 0.587158203, -0.702148438, -0.402587891, -0.805096248, -0.557772866, -0.201248794, 0, 2, 1, 1, 
379.47934, 38, 0.1, 0.1, 0.00445778777, 0.369601514, -0.0349674518, 0.961282729, -3.38700469e-006, 0.275563996, 0.275563996, -1.36773731e-005, -0.961282728, 7.02486069e-006, 1, -1.2214486e-005, 0.961282799, -9.63352974e-006, 0.27556375, 0.27556375, -1.57110244e-005, -0.961282799, 1.35899352e-005, 1, -1.24480859e-005, 0, 0, 0, 0, 0, 0, 0, 0.333571094, -0.152923584, -0.147254761, -0.61173076, 0.526863331, -0.590121247, -0.74621582, -0.13684082, 0.651489258, 0.262501826, 0.83879606, 0.476971796, 0, 0, -0, 0, 0, 0, 0, 0.399419629, -0.0983402832, -0.114216748, -0.0831702589, 0.442318002, -0.89291286, 0.587158203, -0.702148438, -0.402587891, -0.805096248, -0.557772866, -0.201248794, 0, 2, 1, 1, 
379.480043, 38, 0.1, 0.1, 0.00445778671, 0.369601512, -0.0349689581, 0.961282359, -7.16540461e-006, 0.275565283, 0.275565283, 2.37916303e-006, -0.961282359, 6.23236231e-006, 1, 4.2615842e-006, 0.961282437, 2.14788879e-006, 0.275565011, 0.275565011, 1.18432208e-005, -0.961282437, -5.32830506e-006, 1, 1.07927972e-005, 0, 0, 0, 0, 0, 0, 0, 0.333571094, -0.152923584, -0.147254761, -0.609560546, 0.527002994, -0.592088518, -0.748046875, -0.135498047, 0.649658203, 0.262158098, 0.838897531, 0.477036197, 0, 0, -0, 0, 0, 0, 0, 0.399419629, -0.0983402832, -0.114216748, -0.0831702589, 0.442318002, -0.89291286, 0.587158203, -0.702148438, -0.402587891, -0.805096248, -0.557772866, -0.201248794, 0, 2, 1, 1, 
379.480746, 38, 0.1, 0.1, 0.00445778668, 0.369601515, -0.0349703486, 0.961281979, 1.04863963e-005, 0.275566612, 0.275566611, 7.19633303e-006, -0.961281979, -1.20634529e-005, 1, 4.02800456e-006, 0.961282055, 8.4267694e-006, 0.275566347, 0.275566347, -4.63378755e-006, -0.961282055, -6.82358629e-006, 1, -6.77651088e-006, 0, 0, 0, 0, 0, 0, 0, 0.333904199, -0.152692896, -0.146238892, -0.609560546, 0.527002994, -0.592088518, -0.748046875, -0.135498047, 0.649658203, 0.262158098, 0.838897531, 0.477036197, 0, 0, -0, 0, 0, 0, 0, 0.399823779, -0.0981434082, -0.11339751, -0.080486664, 0.441781356, -0.893462632, 0.587768555, -0.702880859, -0.400512695, -0.804936934, -0.557338298, -0.203024976, 0, 2, 1, 1, 
379.48144, 38, 0.1, 0.1, 0.00445778713, 0.369601514, -0.0349714701, 0.961281598, -5.2518675e-006, 0.275567939, 0.275567939, -1.24526596e-005, -0.961281598, 8.48007734e-006, 1, -1.05232662e-005, 0.961281675, -6.97970134e-006, 0.275567672, 0.275567672, -8.00156143e-006, -0.961281675, 8.91443064e-006, 1, -5.76837432e-006, 0, 0, 0, 0, 0, 0, 0, 0.333904199, -0.152692896, -0.146238892, -0.609560546, 0.527002994, -0.592088518, -0.748046875, -0.135498047, 0.649658203, 0.262158098, 0.838897531, 0.477036197, 0, 0, -0, 0, 0, 0, 0, 0.399823779, -0.0981434082, -0.11339751, -0.080486664, 0.441781356, -0.893462632, 0.587768555, -0.702880859, -0.400512695, -0.804936934, -0.557338298, -0.203024976, 0, 2, 1, 1, 
379.482127, 38, 0.1, 0.1, 0.00445778558, 0.369601513, -0.0349720581, 0.96128122, 1.64650319e-006, 0.275569258, 0.275569258, 1.19335659e-005, -0.96128122, -4.8712765e-006, 1, 1.10177871e-005, 0.961281295, 6.90239516e-006, 0.275568995, 0.275568995, 1.37122159e-005, -0.961281295, -1.04138049e-005, 1, 1.12792106e-005, 0, 0, 0, 0, 0, 0, 0, 0.333904199, -0.152692896, -0.146238892, -0.609560546, 0.527002994, -0.592088518, -0.748046875, -0.135498047, 0.649658203, 0.262158098, 0.838897531, 0.477036197, 0, 0, -0, 0, 0, 0, 0, 0.399823779, -0.0981434082, -0.11339751, -0.080486664, 0.441781356, -0.893462632, 0.587768555, -0.702880859, -0.400512695, -0.804936934, -0.557338298, -0.203024976, 0, 2, 1, 1, 
379.482833, 38, 0.1, 0.1, 0.0044577868, 0.369601515, -0.0349719096, 0.961280831, 7.38360407e-006, 0.275570614, 0.275570614, -9.98737298e-007, -0.961280831, -6.82249441e-006, 1, -2.99477133e-006, 0.961280913, -1.53954531e-006, 0.275570331, 0.275570331, -9.66795193e-006, -0.961280912, 4.14413623e-006, 1, -8.86936465e-006, 0, 0, 0, 0, 0, 0, 0, 0.333904199, -0.152692896, -0.146238892, -0.609560546, 0.527002994, -0.592088518, -0.748046875, -0.135498047, 0.649658203, 0.262158098, 0.838897531, 0.477036197, 0, 0, -0, 0, 0, 0, 0, 0.399823779, -0.0981434082, -0.11339751, -0.077470947, 0.441129872, -0.893916522, 0.587280273, -0.704345703, -0.39855957, -0.805601911, -0.555811117, -0.204545594, 0, 2, 1, 1, 
379.483523, 38, 0.1, 0.1, 0.00445778662, 0.369601512, -0.0349710451, 0.961280446, -7.89447654e-006, 0.275571956, 0.275571956, -7.91055881e-006, -0.961280447, 9.7687341e-006, 1, -5.42876916e-006, 0.961280524, -6.25834166e-006, 0.275571687, 0.275571687, 3.77798718e-006, -0.961280524, 4.97491565e-006, 1, 5.35632726e-006, 0, 0, 0, 0, 0, 0, 0, 0.333904199, -0.152692896, -0.146238892, -0.609560546, 0.527002994, -0.592088518, -0.748046875, -0.135498047, 0.649658203, 0.262158098, 0.838897531, 0.477036197, 0, 0, -0, 0, 0, 0, 0, 0.399786084, -0.0981543945, -0.112566553, -0.077470947, 0.441129872, -0.893916522, 0.587280273, -0.704345703, -0.39855957, -0.805601911, -0.555811117, -0.204545594, 0, 2, 1, 1, 
379.484216, 38, 0.1, 0.1, 0.00445778547, 0.369601513, -0.0349698817, 0.961280058, 7.49827844e-006, 0.275573312, 0.275573312, 1.30969185e-005, -0.961280058, -1.08171067e-005, 1, 1.05234811e-005, 0.961280136, 9.74430122e-006, 0.275573041, 0.275573041, 8.63178362e-006, -0.961280136, -1.17456901e-005, 1, 5.61229541e-006, 0, 0, 0, 0, 0, 0, 0, 0.333904199, -0.152692896, -0.146238892, -0.609560546, 0.527002994, -0.592088518, -0.748046875, -0.135498047, 0.649658203, 0.262158098, 0.838897531, 0.477036197, 0, 0, -0, 0, 0, 0, 0, 0.399786084, -0.0981543945, -0.112566553, -0.077470947, 0.441129872, -0.893916522, 0.587280273, -0.704345703, -0.39855957, -0.805601911, -0.555811117, -0.204545594, 0, 2, 1, 1, 
379.484904, 38, 0.1, 0.1, 0.00445778744, 0.369601515, -0.0349688039, 0.961279667, -2.69849718e-006, 0.275574674, 0.275574674, -1.33498841e-005, -0.961279667, 6.27290044e-006, 1, -1.20893347e-005, 0.961279745, -8.11325959e-006, 0.275574402, 0.275574402, -1.55558253e-005, -0.961279745, 1.20858994e-005, 1, -1.27176932e-005, 0, 0, 0, 0, 0, 0, 0, 0.333904199, -0.152692896, -0.146238892, -0.609560546, 0.527002994, -0.592088518, -0.748046875, -0.135498047, 0.649658203, 0.262158098, 0.838897531, 0.477036197, 0, 0, -0, 0, 0, 0, 0, 0.399786084, -0.0981543945, -0.112566553, -0.077470947, 0.441129872, -0.893916522, 0.587280273, -0.704345703, -0.39855957, -0.805601911, -0.555811117, -0.204545594, 0, 2, 1, 1, 
379.485608, 38, 0.1, 0.1, 0.00445778673, 0.369601512, -0.0349679328, 0.961279264, -9.68662027e-006, 0.27557608, 0.27557608, 2.60463408e-006, -0.961279264, 8.59377236e-006, 1, 5.17318158e-006, 0.961279343, -1.34303733e-007, 0.275575807, 0.275575807, 1.19368132e-005, -0.961279343, -3.16039352e-006, 1, 1.15116228e-005, 0, 0, 0, 0, 0, 0, 0, 0.333790698, -0.152650171, -0.145645093, -0.607459603, 0.527846966, -0.593573519, -0.749511719, -0.133544922, 0.648193359, 0.262937669, 0.838763859, 0.477024214, 0, 0, -0, 0, 0, 0, 0, 0.399786084, -0.0981543945, -0.112566553, -0.077470947, 0.441129872, -0.893916522, 0.587280273, -0.704345703, -0.39855957, -0.805601911, -0.555811117, -0.204545594, 0, 2, 1, 1, 
379.486294, 38, 0.1, 0.1, 0.00445778762, 0.369601515, -0.0349677332, 0.961278861, 8.19035574e-006, 0.275577487, 0.275577486, 8.45778273e-006, -0.961278861, -1.02039903e-005, 1, 5.87321011e-006, 0.961278943, 5.95026046e-006, 0.275577199, 0.275577199, -4.25167639e-006, -0.961278943, -4.54819501e-006, 1, -5.7268031e-006, 0, 0, 0, 0, 0, 0, 0, 0.333790698, -0.152650171, -0.145645093, -0.607459603, 0.527846966, -0.593573519, -0.749511719, -0.133544922, 0.648193359, 0.262937669, 0.838763859, 0.477024214, 0, 0, -0, 0, 0, 0, 0, 0.399786084, -0.0981543945, -0.112566553, -0.077470947, 0.441129872, -0.893916522, 0.587280273, -0.704345703, -0.39855957, -0.805601911, -0.555811117, -0.204545594, 0, 2, 1, 1, 
379.486987, 38, 0.1, 0.1, 0.00445778895, 0.369601515, -0.0349681572, 0.96127845, -7.25224024e-006, 0.275578921, 0.275578921, -1.49988626e-005, -0.96127845, 1.11047926e-005, 1, -1.24195189e-005, 0.961278533, -9.77502315e-006, 0.275578633, 0.275578633, -9.85522761e-006, -0.961278533, 1.21124101e-005, 1, -6.77983123e-006, 0, 0, 0, 0, 0, 0, 0, 0.333790698, -0.152650171, -0.145645093, -0.607459603, 0.527846966, -0.593573519, -0.749511719, -0.133544922, 0.648193359, 0.262937669, 0.838763859, 0.477024214, 0, 0, -0, 0, 0, 0, 0, 0.399786084, -0.0981543945, -0.112566553, -0.077470947, 0.441129872, -0.893916522, 0.587280273, -0.704345703, -0.39855957, -0.805601911, -0.555811117, -0.204545594, 0, 2, 1, 1, 
379.487708, 38, 0.1, 0.1, 0.00445778692, 0.369601513, -0.0349688616, 0.961278016, 3.13011269e-006, 0.275580434, 0.275580434, 1.34951684e-005, -0.961278016, -6.7279129e-006, 1, 1.21100109e-005, 0.961278099, 8.59569824e-006, 0.275580144, 0.275580144, 1.56203903e-005, -0.961278099, -1.25675259e-005, 1, 1.26467354e-005, 0, 0, 0, 0, 0, 0, 0, 0.334125024, -0.153278516, -0.145269775, -0.605339565, 0.528671842, -0.594957049, -0.750976562, -0.131591797, 0.646972656, 0.263837807, 0.83850962, 0.476872568, 0, 0, -0, 0, 0, 0, 0, 0.400208057, -0.0988216797, -0.11196543, -0.0741869072, 0.44056151, -0.894504574, 0.586425781, -0.706176758, -0.396484375, -0.806484172, -0.553906971, -0.205957571, 0, 2, 1, 1, 
379.488396, 38, 0.1, 0.1, 0.00445778768, 0.369601515, -0.034969618, 0.961277601, 8.99210564e-006, 0.275581882, 0.275581882, -2.7085857e-006, -0.961277601, -7.89747259e-006, 1, -5.08176416e-006, 0.961277683, 1.31335371e-007, 0.275581595, 0.275581595, -1.12165992e-005, -0.961277683, 2.96483854e-006, 1, -1.08184601e-005, 0, 0, 0, 0, 0, 0, 0, 0.334125024, -0.153278516, -0.145269775, -0.605339565, 0.528671842, -0.594957049, -0.750976562, -0.131591797, 0.646972656, 0.263837807, 0.83850962, 0.476872568, 0, 0, -0, 0, 0, 0, 0, 0.400208057, -0.0988216797, -0.11196543, -0.0741869072, 0.44056151, -0.894504574, 0.586425781, -0.706176758, -0.396484375, -0.806484172, -0.553906971, -0.205957571, 0, 2, 1, 1, 
379.489085, 38, 0.1, 0.1, 0.00445778723, 0.369601513, -0.0349704117, 0.961277182, -8.21769824e-006, 0.275583345, 0.275583345, -8.40954436e-006, -0.961277182, 1.02170162e-005, 1, -5.81924233e-006, 0.961277265, -6.1308756e-006, 0.275583055, 0.275583055, 3.04043622e-006, -0.961277265, 5.05557862e-006, 1, 4.61226764e-006, 0, 0, 0, 0, 0, 0, 0, 0.334125024, -0.153278516, -0.145269775, -0.605339565, 0.528671842, -0.594957049, -0.750976562, -0.131591797, 0.646972656, 0.263837807, 0.83850962, 0.476872568, 0, 0, -0, 0, 0, 0, 0, 0.400208057, -0.0988216797, -0.11196543, -0.0741869072, 0.44056151, -0.894504574, 0.586425781, -0.706176758, -0.396484375, -0.806484172, -0.553906971, -0.205957571, 0, 2, 1, 1, 
379.489777, 38, 0.1, 0.1, 0.00445778655, 0.369601513, -0.0349709928, 0.961276763, 5.70626053e-006, 0.275584805, 0.275584805, 1.29200559e-005, -0.961276763, -9.04586672e-006, 1, 1.08471908e-005, 0.961276846, 7.99132728e-006, 0.275584515, 0.275584515, 8.29400684e-006, -0.961276846, -9.96757773e-006, 1, 5.77055069e-006, 0, 0, 0, 0, 0, 0, 0, 0.334125024, -0.153278516, -0.145269775, -0.605339565, 0.528671842, -0.594957049, -0.750976562, -0.131591797, 0.646972656, 0.263837807, 0.83850962, 0.476872568, 0, 0, -0, 0, 0, 0, 0, 0.400208057, -0.0988216797, -0.11196543, -0.0741869072, 0.44056151, -0.894504574, 0.586425781, -0.706176758, -0.396484375, -0.806484172, -0.553906971, -0.205957571, 0, 2, 1, 1, 
379.490474, 38, 0.1, 0.1, 0.00445778875, 0.369601515, -0.0349711878, 0.961276344, -2.9520196e-006, 0.275586268, 0.275586268, -1.14334593e-005, -0.961276344, 5.98861099e-006, 1, -1.01771779e-005, 0.961276431, -8.66827752e-006, 0.275585965, 0.275585964, -1.33364823e-005, -0.961276431, 1.20079582e-005, 1, -1.04311905e-005, 0, 0, 0, 0, 0, 0, 0, 0.334125024, -0.153278516, -0.145269775, -0.605339565, 0.528671842, -0.594957049, -0.750976562, -0.131591797, 0.646972656, 0.263837807, 0.83850962, 0.476872568, 0, 0, -0, 0, 0, 0, 0, 0.400208057, -0.0988216797, -0.11196543, -0.0741869072, 0.44056151, -0.894504574, 0.586425781, -0.706176758, -0.396484375, -0.806484172, -0.553906971, -0.205957571, 0, 2, 1, 1, 
379.491164, 38, 0.1, 0.1, 0.00445778799, 0.369601513, -0.0349709034, 0.96127593, -7.4796653e-006, 0.275587712, 0.275587712, 1.88048549e-006, -0.96127593, 6.67178352e-006, 1, 3.86896929e-006, 0.961276011, 7.90711571e-007, 0.275587429, 0.275587429, 1.04292176e-005, -0.961276011, -3.63425333e-006, 1, 9.8074465e-006, 0, 0, 0, 0, 0, 0, 0, 0.334125024, -0.153278516, -0.145269775, -0.605339565, 0.528671842, -0.594957049, -0.750976562, -0.131591797, 0.646972656, 0.263837807, 0.83850962, 0.476872568, 0, 0, -0, 0, 0, 0, 0, 0.400208057, -0.0988216797, -0.11196543, -0.0741869072, 0.44056151, -0.894504574, 0.586425781, -0.706176758, -0.396484375, -0.806484172, -0.553906971, -0.205957571, 0, 2, 1, 1, 
379.4919, 38, 0.1, 0.1, 0.00445778804, 0.369601516, -0.034969831, 0.961275486, 1.02850122e-005, 0.275589258, 0.275589258, 7.10455381e-006, -0.961275486, -1.18446688e-005, 1, 3.99499455e-006, 0.961275569, 8.48842019e-006, 0.27558897, 0.27558897, -4.83286748e-006, -0.961275569, -6.82782597e-006, 1, -6.98503242e-006, 0, 0, 0, 0, 0, 0, 0, 0.334125024, -0.153278516, -0.145269775, -0.605339565, 0.528671842, -0.594957049, -0.750976562, -0.131591797, 0.646972656, 0.263837807, 0.83850962, 0.476872568, 0, 0, -0, 0, 0, 0, 0, 0.400208057, -0.0988216797, -0.11196543, -0.0741869072, 0.44056151, -0.894504574, 0.586425781, -0.706176758, -0.396484375, -0.806484172, -0.553906971, -0.205957571, 0, 2, 1, 1, 
379.492617, 38, 0.1, 0.1, 0.00445778915, 0.369601516, -0.0349685492, 0.961275052, -7.28953048e-006, 0.275590775, 0.275590774, -1.56210397e-005, -0.961275052, 1.13122582e-005, 1, -1.30071884e-005, 0.961275136, -9.41725717e-006, 0.27559048, 0.27559048, -1.10910202e-005, -0.961275136, 1.21091547e-005, 1, -8.06621553e-006, 0, 0, 0, 0, 0, 0, 0, 0.334223901, -0.153900757, -0.144880908, -0.603460661, 0.529617286, -0.596080348, -0.752075195, -0.129882813, 0.645996094, 0.264776137, 0.838236284, 0.476803297, 0, 0, -0, 0, 0, 0, 0, 0.400418262, -0.0993991211, -0.111343066, -0.0706217848, 0.441156125, -0.8945177, 0.585205078, -0.707885742, -0.395263672, -0.807705117, -0.55138962, -0.208168319, 0, 2, 1, 1, 
379.493303, 38, 0.1, 0.1, 0.00445778778, 0.369601514, -0.0349676867, 0.961274634, 7.39325889e-007, 0.275592233, 0.275592233, 1.36961606e-005, -0.961274634, -4.48525071e-006, 1, 1.29620193e-005, 0.961274716, 6.67369691e-006, 0.275591944, 0.275591944, 1.5535564e-005, -0.961274716, -1.06967324e-005, 1, 1.30947277e-005, 0, 0, 0, 0, 0, 0, 0, 0.334223901, -0.153900757, -0.144880908, -0.603460661, 0.529617286, -0.596080348, -0.752075195, -0.129882813, 0.645996094, 0.264776137, 0.838236284, 0.476803297, 0, 0, -0, 0, 0, 0, 0, 0.400418262, -0.0993991211, -0.111343066, -0.0706217848, 0.441156125, -0.8945177, 0.585205078, -0.707885742, -0.395263672, -0.807705117, -0.55138962, -0.208168319, 0, 2, 1, 1, 
379.494021, 38, 0.1, 0.1, 0.00445779014, 0.369601517, -0.0349671555, 0.961274191, 6.36478451e-006, 0.275593777, 0.275593777, -2.40319514e-006, -0.961274191, -5.45599745e-006, 1, -4.06422447e-006, 0.961274275, -3.66566129e-006, 0.275593483, 0.275593483, -1.21414079e-005, -0.961274275, 6.86979879e-006, 1, -1.06609907e-005, 0, 0, 0, 0, 0, 0, 0, 0.334223901, -0.153900757, -0.144880908, -0.603460661, 0.529617286, -0.596080348, -0.752075195, -0.129882813, 0.645996094, 0.264776137, 0.838236284, 0.476803297, 0, 0, -0, 0, 0, 0, 0, 0.400418262, -0.0993991211, -0.111343066, -0.0706217848, 0.441156125, -0.8945177, 0.585205078, -0.707885742, -0.395263672, -0.807705117, -0.55138962, -0.208168319, 0, 2, 1, 1, 
379.494715, 38, 0.1, 0.1, 0.00445779018, 0.369601514, -0.0349674391, 0.961273756, -9.17368346e-006, 0.275595293, 0.275595293, -7.82995801e-006, -0.961273756, 1.09763207e-005, 1, -4.99850916e-006, 0.961273844, -7.56980134e-006, 0.275594987, 0.275594987, 5.14529893e-006, -0.961273844, 5.85863344e-006, 1, 7.03224058e-006, 0, 0, 0, 0, 0, 0, 0, 0.334223901, -0.153900757, -0.144880908, -0.603460661, 0.529617286, -0.596080348, -0.752075195, -0.129882813, 0.645996094, 0.264776137, 0.838236284, 0.476803297, 0, 0, -0, 0, 0, 0, 0, 0.400418262, -0.0993991211, -0.111343066, -0.0706217848, 0.441156125, -0.8945177, 0.585205078, -0.707885742, -0.395263672, -0.807705117, -0.55138962, -0.208168319, 0, 2, 1, 1, 
379.495405, 38, 0.1, 0.1, 0.0044577888, 0.369601514, -0.0349683972, 0.961273322, 9.222339e-006, 0.275596808, 0.275596808, 1.49927478e-005, -0.961273322, -1.29971419e-005, 1, 1.18704813e-005, 0.961273409, 1.11533586e-005, 0.275596505, 0.275596505, 9.97532899e-006, -0.961273409, -1.34705929e-005, 1, 6.51519185e-006, 0, 0, 0, 0, 0, 0, 0, 0.334223901, -0.153900757, -0.144880908, -0.603460661, 0.529617286, -0.596080348, -0.752075195, -0.129882813, 0.645996094, 0.264776137, 0.838236284, 0.476803297, 0, 0, -0, 0, 0, 0, 0, 0.400418262, -0.0993991211, -0.111343066, -0.0706217848, 0.441156125, -0.8945177, 0.585205078, -0.707885742, -0.395263672, -0.807705117, -0.55138962, -0.208168319, 0, 2, 1, 1, 
379.496096, 38, 0.1, 0.1, 0.00445779012, 0.369601515, -0.0349697219, 0.961272887, -1.14966351e-006, 0.275598326, 0.275598326, -1.14123842e-005, -0.961272887, 4.25037435e-006, 1, -1.06535702e-005, 0.961272974, -6.35721283e-006, 0.275598023, 0.275598023, -1.32418168e-005, -0.961272974, 9.76043542e-006, 1, -1.09769653e-005, 0, 0, 0, 0, 0, 0, 0, 0.334223901, -0.153900757, -0.144880908, -0.603460661, 0.529617286, -0.596080348, -0.752075195, -0.129882813, 0.645996094, 0.264776137, 0.838236284, 0.476803297, 0, 0, -0, 0, 0, 0, 0, 0.400418262, -0.0993991211, -0.111343066, -0.0706217848, 0.441156125, -0.8945177, 0.585205078, -0.707885742, -0.395263672, -0.807705117, -0.55138962, -0.208168319, 0, 2, 1, 1, 
379.496791, 38, 0.1, 0.1, 0.00445778904, 0.369601513, -0.0349709609, 0.961272452, -7.40451925e-006, 0.275599841, 0.275599841, 2.97692791e-006, -0.961272452, 6.29731952e-006, 1, 4.90232312e-006, 0.961272537, 1.19713704e-006, 0.275599547, 0.275599547, 1.13951806e-005, -0.961272537, -4.29128158e-006, 1, 1.06239438e-005, 0, 0, 0, 0, 0, 0, 0, 0.334223901, -0.153900757, -0.144880908, -0.603460661, 0.529617286, -0.596080348, -0.752075195, -0.129882813, 0.645996094, 0.264776137, 0.838236284, 0.476803297, 0, 0, -0, 0, 0, 0, 0, 0.400418262, -0.0993991211, -0.111343066, -0.0706217848, 0.441156125, -0.8945177, 0.585205078, -0.707885742, -0.395263672, -0.807705117, -0.55138962, -0.208168319, 0, 2, 1, 1, 
379.497509, 38, 0.1, 0.1, 0.00445778958, 0.369601515, -0.0349715539, 0.961272004, 7.61603036e-006, 0.275601405, 0.275601405, 7.56816497e-006, -0.961272004, -9.40687367e-006, 1, 5.17607644e-006, 0.961272091, 6.06842948e-006, 0.275601103, 0.275601103, -3.72168116e-006, -0.961272091, -4.80771246e-006, 1, -5.25001408e-006, 0, 0, 0, 0, 0, 0, 0, 0.334713843, -0.153880371, -0.144454199, -0.602572505, 0.530042267, -0.596530417, -0.753051758, -0.130249023, 0.644897461, 0.264141099, 0.837798198, 0.477863316, 0, 0, -0, 0, 0, 0, 0, 0.400762842, -0.0990845703, -0.11091416, -0.0689604419, 0.442491542, -0.894019701, 0.586181641, -0.70715332, -0.395263672, -0.807162275, -0.551249262, -0.210570831, 0, 2, 1, 1, 
379.498204, 38, 0.1, 0.1, 0.00445779106, 0.369601515, -0.0349714489, 0.961271574, -7.87645641e-006, 0.275602903, 0.275602903, -1.34544224e-005, -0.961271574, 1.12794915e-005, 1, -1.07625796e-005, 0.96127166, -9.89026919e-006, 0.275602605, 0.275602605, -8.96716981e-006, -0.96127166, 1.19786108e-005, 1, -5.89410225e-006, 0, 0, 0, 0, 0, 0, 0, 0.334713843, -0.153880371, -0.144454199, -0.602572505, 0.530042267, -0.596530417, -0.753051758, -0.130249023, 0.644897461, 0.264141099, 0.837798198, 0.477863316, 0, 0, -0, 0, 0, 0, 0, 0.400762842, -0.0990845703, -0.11091416, -0.0689604419, 0.442491542, -0.894019701, 0.586181641, -0.70715332, -0.395263672, -0.807162275, -0.551249262, -0.210570831, 0, 2, 1, 1, 
379.498903, 38, 0.1, 0.1, 0.00445778969, 0.369601514, -0.0349707812, 0.961271146, 1.74126258e-006, 0.275604399, 0.275604399, 1.09730963e-005, -0.961271146, -4.69805908e-006, 1, 1.00682212e-005, 0.961271229, 6.82003004e-006, 0.275604108, 0.275604108, 1.31235632e-005, -0.961271229, -1.01728066e-005, 1, 1.07356754e-005, 0, 0, 0, 0, 0, 0, 0, 0.334713843, -0.153880371, -0.144454199, -0.602572505, 0.530042267, -0.596530417, -0.753051758, -0.130249023, 0.644897461, 0.264141099, 0.837798198, 0.477863316, 0, 0, -0, 0, 0, 0, 0, 0.400762842, -0.0990845703, -0.11091416, -0.0689604419, 0.442491542, -0.894019701, 0.586181641, -0.70715332, -0.395263672, -0.807162275, -0.551249262, -0.210570831, 0, 2, 1, 1, 
379.499616, 38, 0.1, 0.1, 0.00445779054, 0.369601516, -0.0349696888, 0.96127071, 9.55073936e-006, 0.275605917, 0.275605917, -3.23289565e-006, -0.96127071, -8.28984084e-006, 1, -5.73992818e-006, 0.961270794, 5.33831143e-007, 0.275605625, 0.275605625, -1.21621625e-005, -0.961270794, 2.83880411e-006, 1, -1.18382585e-005, 0, 0, 0, 0, 0, 0, 0, 0.334975781, -0.154081885, -0.144024072, -0.601785821, 0.530486345, -0.59689811, -0.75378418, -0.130615234, 0.643920898, 0.263645725, 0.837480679, 0.478663105, 0, 0, -0, 0, 0, 0, 0, 0.400762842, -0.0990845703, -0.11091416, -0.0689604419, 0.442491542, -0.894019701, 0.586181641, -0.70715332, -0.395263672, -0.807162275, -0.551249262, -0.210570831, 0, 2, 1, 1, 
379.500323, 38, 0.1, 0.1, 0.00445778991, 0.369601514, -0.0349683719, 0.961270272, -8.54441708e-006, 0.275607444, 0.275607444, -8.69642671e-006, -0.961270272, 1.06102941e-005, 1, -6.00471152e-006, 0.961270359, -6.3050576e-006, 0.275607143, 0.275607143, 3.85717723e-006, -0.961270359, 4.99779938e-006, 1, 5.44550905e-006, 0, 0, 0, 0, 0, 0, 0, 0.334975781, -0.154081885, -0.144024072, -0.601785821, 0.530486345, -0.59689811, -0.75378418, -0.130615234, 0.643920898, 0.263645725, 0.837480679, 0.478663105, 0, 0, -0, 0, 0, 0, 0, 0.401312354, -0.0990015625, -0.110481836, -0.0675291423, 0.443705558, -0.893547221, 0.587036133, -0.706420898, -0.395141602, -0.806766354, -0.551121664, -0.21273054, 0, 2, 1, 1, 
379.501012, 38, 0.1, 0.1, 0.00445778903, 0.369601514, -0.0349676148, 0.961269845, 6.44418025e-006, 0.275608936, 0.275608936, 1.50323242e-005, -0.961269845, -1.0337639e-005, 1, 1.26740463e-005, 0.96126993, 9.07758292e-006, 0.275608638, 0.275608638, 9.97469724e-006, -0.96126993, -1.14751202e-005, 1, 7.08651625e-006, 0, 0, 0, 0, 0, 0, 0, 0.334975781, -0.154081885, -0.144024072, -0.601785821, 0.530486345, -0.59689811, -0.75378418, -0.130615234, 0.643920898, 0.263645725, 0.837480679, 0.478663105, 0, 0, -0, 0, 0, 0, 0, 0.401312354, -0.0990015625, -0.110481836, -0.0675291423, 0.443705558, -0.893547221, 0.587036133, -0.706420898, -0.395141602, -0.806766354, -0.551121664, -0.21273054, 0, 2, 1, 1, 
379.501704, 38, 0.1, 0.1, 0.00445779157, 0.369601516, -0.0349675407, 0.961269412, -3.88652545e-006, 0.275610444, 0.275610444, -1.32345687e-005, -0.961269412, 7.38358338e-006, 1, -1.1650819e-005, 0.961269498, -9.9346123e-006, 0.275610147, 0.275610147, -1.51568526e-005, -0.961269498, 1.37272221e-005, 1, -1.18317401e-005, 0, 0, 0, 0, 0, 0, 0, 0.334975781, -0.154081885, -0.144024072, -0.601785821, 0.530486345, -0.59689811, -0.75378418, -0.130615234, 0.643920898, 0.263645725, 0.837480679, 0.478663105, 0, 0, -0, 0, 0, 0, 0, 0.401312354, -0.0990015625, -0.110481836, -0.0675291423, 0.443705558, -0.893547221, 0.587036133, -0.706420898, -0.395141602, -0.806766354, -0.551121664, -0.21273054, 0, 2, 1, 1, 
379.502397, 38, 0.1, 0.1, 0.00445779083, 0.369601514, -0.0349681583, 0.961268978, -8.37202513e-006, 0.275611959, 0.275611959, 2.2387148e-006, -0.961268978, 7.43075147e-006, 1, 4.45943733e-006, 0.961269064, 6.76952752e-007, 0.275611658, 0.275611658, 1.15026509e-005, -0.961269064, -3.82099841e-006, 1, 1.08705664e-005, 0, 0, 0, 0, 0, 0, 0, 0.334975781, -0.154081885, -0.144024072, -0.601785821, 0.530486345, -0.59689811, -0.75378418, -0.130615234, 0.643920898, 0.263645725, 0.837480679, 0.478663105, 0, 0, -0, 0, 0, 0, 0, 0.401312354, -0.0990015625, -0.110481836, -0.0675291423, 0.443705558, -0.893547221, 0.587036133, -0.706420898, -0.395141602, -0.806766354, -0.551121664, -0.21273054, 0, 2, 1, 1, 
379.503083, 38, 0.1, 0.1, 0.00445779112, 0.369601516, -0.0349692179, 0.961268545, 9.60875767e-006, 0.275613471, 0.275613471, 7.57277957e-006, -0.961268545, -1.13237566e-005, 1, 4.63117175e-006, 0.961268631, 7.44598854e-006, 0.275613168, 0.275613168, -4.60710313e-006, -0.961268631, -5.88781693e-006, 1, -6.48087621e-006, 0, 0, 0, 0, 0, 0, 0, 0.334975781, -0.154081885, -0.144024072, -0.601785821, 0.530486345, -0.59689811, -0.75378418, -0.130615234, 0.643920898, 0.263645725, 0.837480679, 0.478663105, 0, 0, -0, 0, 0, 0, 0, 0.401312354, -0.0990015625, -0.110481836, -0.0675291423, 0.443705558, -0.893547221, 0.587036133, -0.706420898, -0.395141602, -0.806766354, -0.551121664, -0.21273054, 0, 2, 1, 1, 
379.50378, 38, 0.1, 0.1, 0.00445779193, 0.369601516, -0.0349703855, 0.961268105, -6.30679385e-006, 0.275615003, 0.275615003, -1.25228058e-005, -0.961268105, 9.51399294e-006, 1, -1.02995268e-005, 0.961268193, -8.2840638e-006, 0.275614698, 0.275614698, -8.04674574e-006, -0.961268193, 1.01810084e-005, 1, -5.45187099e-006, 0, 0, 0, 0, 0, 0, 0, 0.334975781, -0.154081885, -0.144024072, -0.601785821, 0.530486345, -0.59689811, -0.75378418, -0.130615234, 0.643920898, 0.263645725, 0.837480679, 0.478663105, 0, 0, -0, 0, 0, 0, 0, 0.401312354, -0.0990015625, -0.110481836, -0.0675291423, 0.443705558, -0.893547221, 0.587036133, -0.706420898, -0.395141602, -0.806766354, -0.551121664, -0.21273054, 0, 2, 1, 1, 
379.504492, 38, 0.1, 0.1, 0.0044577904, 0.369601513, -0.034971244, 0.961267661, 1.21645892e-006, 0.275616553, 0.275616553, 1.34506192e-005, -0.961267661, -4.87655591e-006, 1, 1.2594369e-005, 0.961267754, 6.8866343e-006, 0.275616228, 0.275616227, 1.53338696e-005, -0.961267754, -1.08461628e-005, 1, 1.28418862e-005, 0, 0, 0, 0, 0, 0, 0, 0.335399316, -0.154109717, -0.143805591, -0.602179724, 0.5299217, -0.596999582, -0.75378418, -0.131347656, 0.643676758, 0.262719378, 0.837817294, 0.478802768, 0, 0, -0, 0, 0, 0, 0, 0.401312354, -0.0990015625, -0.110481836, -0.0678612643, 0.44333479, -0.893668622, 0.588012695, -0.705810547, -0.394775391, -0.805942062, -0.552265318, -0.2127433, 0, 2, 1, 1, 
379.505179, 38, 0.1, 0.1, 0.00445779171, 0.369601515, -0.034971436, 0.961267235, 6.88724758e-006, 0.275618038, 0.275618038, -8.80666989e-007, -0.961267235, -6.37775773e-006, 1, -2.74480599e-006, 0.961267319, -1.65975248e-006, 0.275617744, 0.275617744, -8.90017966e-006, -0.961267319, 4.04851326e-006, 1, -8.0979946e-006, 0, 0, 0, 0, 0, 0, 0, 0.335399316, -0.154109717, -0.143805591, -0.602179724, 0.5299217, -0.596999582, -0.75378418, -0.131347656, 0.643676758, 0.262719378, 0.837817294, 0.478802768, 0, 0, -0, 0, 0, 0, 0, 0.401754199, -0.0990501465, -0.110490137, -0.0678612643, 0.44333479, -0.893668622, 0.588012695, -0.705810547, -0.394775391, -0.805942062, -0.552265318, -0.2127433, 0, 2, 1, 1, 
379.505875, 38, 0.1, 0.1, 0.00445779152, 0.369601513, -0.0349711147, 0.961266806, -7.78403045e-006, 0.275619534, 0.275619534, -7.93166254e-006, -0.961266806, 9.66865123e-006, 1, -5.47901307e-006, 0.961266891, -6.26500947e-006, 0.275619239, 0.275619239, 3.7700987e-006, -0.961266891, 4.98323443e-006, 1, 5.3508282e-006, 0, 0, 0, 0, 0, 0, 0, 0.335399316, -0.154109717, -0.143805591, -0.602179724, 0.5299217, -0.596999582, -0.75378418, -0.131347656, 0.643676758, 0.262719378, 0.837817294, 0.478802768, 0, 0, -0, 0, 0, 0, 0, 0.401754199, -0.0990501465, -0.110490137, -0.0678612643, 0.44333479, -0.893668622, 0.588012695, -0.705810547, -0.394775391, -0.805942062, -0.552265318, -0.2127433, 0, 2, 1, 1, 
379.506568, 38, 0.1, 0.1, 0.00445779021, 0.369601513, -0.0349704201, 0.961266381, 8.0302229e-006, 0.275621016, 0.275621016, 1.21610353e-005, -0.961266381, -1.10710202e-005, 1, 9.47669623e-006, 0.961266466, 1.01329151e-005, 0.275620721, 0.275620721, 7.8205321e-006, -0.961266466, -1.18959322e-005, 1, 4.72477387e-006, 0, 0, 0, 0, 0, 0, 0, 0.335399316, -0.154109717, -0.143805591, -0.602179724, 0.5299217, -0.596999582, -0.75378418, -0.131347656, 0.643676758, 0.262719378, 0.837817294, 0.478802768, 0, 0, -0, 0, 0, 0, 0, 0.401754199, -0.0990501465, -0.110490137, -0.0678612643, 0.44333479, -0.893668622, 0.588012695, -0.705810547, -0.394775391, -0.805942062, -0.552265318, -0.2127433, 0, 2, 1, 1, 
379.507261, 38, 0.1, 0.1, 0.00445779181, 0.369601515, -0.0349695955, 0.961265958, -1.70064741e-006, 0.275622492, 0.275622492, -1.38333826e-005, -0.961265958, 5.44756586e-006, 1, -1.28288231e-005, 0.961266043, -7.05399165e-006, 0.275622197, 0.275622197, -1.59831094e-005, -0.961266043, 1.11860624e-005, 1, -1.34197837e-005, 0, 0, 0, 0, 0, 0, 0, 0.335399316, -0.154109717, -0.143805591, -0.602179724, 0.5299217, -0.596999582, -0.75378418, -0.131347656, 0.643676758, 0.262719378, 0.837817294, 0.478802768, 0, 0, -0, 0, 0, 0, 0, 0.401754199, -0.0990501465, -0.110490137, -0.0678612643, 0.44333479, -0.893668622, 0.588012695, -0.705810547, -0.394775391, -0.805942062, -0.552265318, -0.2127433, 0, 2, 1, 1, 
379.507949, 38, 0.1, 0.1, 0.00445779094, 0.369601513, -0.03496888, 0.961265538, -8.57802171e-006, 0.275623957, 0.275623957, 1.90187478e-006, -0.961265538, 7.7215544e-006, 1, 4.19251497e-006, 0.96126562, 4.97295455e-007, 0.275623671, 0.275623671, 1.06193489e-005, -0.96126562, -3.40497696e-006, 1, 1.00709486e-005, 0, 0, 0, 0, 0, 0, 0, 0.335399316, -0.154109717, -0.143805591, -0.602179724, 0.5299217, -0.596999582, -0.75378418, -0.131347656, 0.643676758, 0.262719378, 0.837817294, 0.478802768, 0, 0, -0, 0, 0, 0, 0, 0.401754199, -0.0990501465, -0.110490137, -0.0678612643, 0.44333479, -0.893668622, 0.588012695, -0.705810547, -0.394775391, -0.805942062, -0.552265318, -0.2127433, 0, 2, 1, 1, 
379.508651, 38, 0.1, 0.1, 0.00445779163, 0.369601516, -0.0349683782, 0.961265105, 8.12403566e-006, 0.275625468, 0.275625468, 8.76823858e-006, -0.961265105, -1.02261018e-005, 1, 6.18941065e-006, 0.96126519, 6.29119612e-006, 0.27562517, 0.27562517, -4.03521012e-006, -0.96126519, -4.93530236e-006, 1, -5.61291902e-006, 0, 0, 0, 0, 0, 0, 0, 0.335399316, -0.154109717, -0.143805591, -0.602179724, 0.5299217, -0.596999582, -0.75378418, -0.131347656, 0.643676758, 0.262719378, 0.837817294, 0.478802768, 0, 0, -0, 0, 0, 0, 0, 0.401754199, -0.0990501465, -0.110490137, -0.0678612643, 0.44333479, -0.893668622, 0.588012695, -0.705810547, -0.394775391, -0.805942062, -0.552265318, -0.2127433, 0, 2, 1, 1, 
379.509368, 38, 0.1, 0.1, 0.00445779342, 0.369601515, -0.034968209, 0.961264661, -8.86006563e-006, 0.275627015, 0.275627015, -1.39507602e-005, -0.961264661, 1.23620744e-005, 1, -1.09682993e-005, 0.961264755, -1.14443051e-005, 0.275626687, 0.275626687, -8.78568869e-006, -0.961264755, 1.34225774e-005, 1, -5.291017e-006, 0, 0, 0, 0, 0, 0, 0, 0.335780249, -0.153929199, -0.143777881, -0.603348328, 0.529077728, -0.596504208, -0.753540039, -0.133666992, 0.643554688, 0.260803403, 0.837950966, 0.479589452, 0, 0, -0, 0, 0, 0, 0, 0.401754199, -0.0990501465, -0.110490137, -0.067675697, 0.442459093, -0.894199071, 0.590332031, -0.704711914, -0.393432617, -0.804204161, -0.554443983, -0.213535509, 0, 2, 1, 1, 
379.510067, 38, 0.1, 0.1, 0.00445779169, 0.369601514, -0.0349682181, 0.961264224, 2.94476515e-006, 0.275628539, 0.275628539, 1.40263876e-005, -0.961264224, -6.6967701e-006, 1, 1.26714032e-005, 0.961264309, 8.2873005e-006, 0.275628244, 0.275628243, 1.60803556e-005, -0.961264309, -1.23984863e-005, 1, 1.31732578e-005, 0, 0, 0, 0, 0, 0, 0, 0.335780249, -0.153929199, -0.143777881, -0.603348328, 0.529077728, -0.596504208, -0.753540039, -0.133666992, 0.643554688, 0.260803403, 0.837950966, 0.479589452, 0, 0, -0, 0, 0, 0, 0, 0.402472754, -0.0987074219, -0.11009541, -0.067675697, 0.442459093, -0.894199071, 0.590332031, -0.704711914, -0.393432617, -0.804204161, -0.554443983, -0.213535509, 0, 2, 1, 1, 
379.510758, 38, 0.1, 0.1, 0.00445779236, 0.369601516, -0.0349687138, 0.961263792, 9.88796274e-006, 0.275630045, 0.275630045, -2.13765376e-006, -0.961263792, -8.91573896e-006, 1, -4.78026877e-006, 0.961263878, 5.33544795e-007, 0.275629745, 0.275629745, -1.10757142e-005, -0.961263878, 2.53991895e-006, 1, -1.07937448e-005, 0, 0, 0, 0, 0, 0, 0, 0.335780249, -0.153929199, -0.143777881, -0.603348328, 0.529077728, -0.596504208, -0.753540039, -0.133666992, 0.643554688, 0.260803403, 0.837950966, 0.479589452, 0, 0, -0, 0, 0, 0, 0, 0.402472754, -0.0987074219, -0.11009541, -0.067675697, 0.442459093, -0.894199071, 0.590332031, -0.704711914, -0.393432617, -0.804204161, -0.554443983, -0.213535509, 0, 2, 1, 1, 
379.511447, 38, 0.1, 0.1, 0.00445779153, 0.369601513, -0.0349695201, 0.961263359, -7.40693104e-006, 0.275631557, 0.275631557, -8.11513388e-006, -0.961263359, 9.3567984e-006, 1, -5.75919691e-006, 0.961263447, -5.14885603e-006, 0.275631249, 0.275631249, 4.14544674e-006, -0.961263447, 3.80679244e-006, 1, 5.40405204e-006, 0, 0, 0, 0, 0, 0, 0, 0.335780249, -0.153929199, -0.143777881, -0.603348328, 0.529077728, -0.596504208, -0.753540039, -0.133666992, 0.643554688, 0.260803403, 0.837950966, 0.479589452, 0, 0, -0, 0, 0, 0, 0, 0.402472754, -0.0987074219, -0.11009541, -0.067675697, 0.442459093, -0.894199071, 0.590332031, -0.704711914, -0.393432617, -0.804204161, -0.554443983, -0.213535509, 0, 2, 1, 1, 
379.512137, 38, 0.1, 0.1, 0.00445779055, 0.369601514, -0.0349703765, 0.961262927, 6.46402924e-006, 0.275633064, 0.275633064, 1.29138732e-005, -0.961262927, -9.77312208e-006, 1, 1.06319273e-005, 0.961263013, 8.87387046e-006, 0.275632762, 0.275632761, 8.23285906e-006, -0.961263013, -1.07993691e-005, 1, 5.46801349e-006, 0, 0, 0, 0, 0, 0, 0, 0.335780249, -0.153929199, -0.143777881, -0.603348328, 0.529077728, -0.596504208, -0.753540039, -0.133666992, 0.643554688, 0.260803403, 0.837950966, 0.479589452, 0, 0, -0, 0, 0, 0, 0, 0.402472754, -0.0987074219, -0.11009541, -0.067675697, 0.442459093, -0.894199071, 0.590332031, -0.704711914, -0.393432617, -0.804204161, -0.554443983, -0.213535509, 0, 2, 1, 1, 
379.512824, 38, 0.1, 0.1, 0.00445779262, 0.369601515, -0.0349710562, 0.9612625, -3.21486848e-006, 0.275634553, 0.275634553, -1.24566719e-005, -0.9612625, 6.52382169e-006, 1, -1.10880027e-005, 0.961262584, -8.50038702e-006, 0.27563426, 0.27563426, -1.41266575e-005, -0.961262584, 1.20648948e-005, 1, -1.12364294e-005, 0, 0, 0, 0, 0, 0, 0, 0.335780249, -0.153929199, -0.143777881, -0.603348328, 0.529077728, -0.596504208, -0.753540039, -0.133666992, 0.643554688, 0.260803403, 0.837950966, 0.479589452, 0, 0, -0, 0, 0, 0, 0, 0.402472754, -0.0987074219, -0.11009541, -0.067675697, 0.442459093, -0.894199071, 0.590332031, -0.704711914, -0.393432617, -0.804204161, -0.554443983, -0.213535509, 0, 2, 1, 1, 
