time, trialNum, realDorsalTactorPos, realVentralTactorPos, boxPosX, boxPosY, boxPosZ, boxLocalRot_11, boxLocalRot_12, boxLocalRot_13, boxLocalRot_21, boxLocalRot_22, boxLocalRot_23, boxLocalRot_31, boxLocalRot_32, boxLocalRot_33, boxGlobalRot_11, boxGlobalRot_12, boxGlobalRot_13, boxGlobalRot_21, boxGlobalRot_22, boxGlobalRot_23, boxGlobalRot_31, boxGlobalRot_32, boxGlobalRot_33, indexForceX, indexForceY, indexForceZ, indexForceGlobalX, indexForceGlobalY, indexForceGlobalZ, indexContact, indexPosX, indexPosY, indexPosZ, indexRot_11, indexRot_12, indexRot_13, indexRot_21, indexRot_22, indexRot_23, indexRot_31, indexRot_32, indexRot_33, thumbForceX, thumbForceY, thumbForceZ, thumbForceGlobalX, thumbForceGlobalY, thumbForceGlobalZ, thumbContact, thumbPosX, thumbPosY, thumbPosZ, thumbRot_11, thumbRot_12, thumbRot_13, thumbRot_21, thumbRot_22, thumbRot_23, thumbRot_31, thumbRot_32, thumbRot_33, manipForceTooHigh, cceExpType, mapping, trialSuccess, 
359.853759, 43, 0.1, 0.1, 0.017275074, 0.360573069, -0.0349671705, 0.958701476, 1.31599792e-005, 0.284414276, 0.284414275, 3.12200844e-005, -0.958701475, -2.14959291e-005, 0.999999999, 2.61878551e-005, 0.958701444, 1.14741207e-005, 0.284414382, 0.284414382, 3.1782871e-005, -0.958701444, -2.00397617e-005, 0.999999999, 2.72068794e-005, 0, 0, 0, 0, 0, 0, 0, 0.305501074, -0.137339087, -0.216948999, -0.266687901, 0.62244301, -0.735747218, -0.862792969, 0.185791016, 0.469970703, 0.429329152, 0.760255064, 0.48767749, 0, 0, -0, 0, 0, 0, 0, 0.375517432, -0.0892476563, -0.17792749, 0.124742467, 0.397391923, -0.909122776, 0.444946289, -0.841308594, -0.306640625, -0.886715845, -0.366229194, -0.281753345, 0, 2, 3, 1, 
359.866993, 43, 0.1, 0.1, 0.0172750775, 0.3605731, -0.0349788248, 0.958704807, -9.39415529e-006, 0.284403048, 0.284403048, 4.65318936e-006, -0.958704807, 7.6828406e-006, 1, 7.1327614e-006, 0.958704778, 1.15564475e-006, 0.284403146, 0.284403146, -1.97665161e-006, -0.958704778, -5.45756207e-007, 1, -2.22369434e-006, 0, 0, 0, 0, 0, 0, 0, 0.306256665, -0.14331001, -0.213551172, -0.277827652, 0.61889151, -0.734574866, -0.861694336, 0.177368164, 0.475341797, 0.424543143, 0.765143284, 0.484154825, 0, 0, -0, 0, 0, 0, 0, 0.374900342, -0.0935691895, -0.176265088, 0.110111576, 0.389618922, -0.914251893, 0.460571289, -0.835083008, -0.300415039, -0.880643565, -0.388035172, -0.271491078, 0, 2, 3, 1, 
359.86769, 43, 0.1, 0.1, 0.0172750792, 0.360573099, -0.0349752489, 0.958704937, 7.8838803e-006, 0.284402609, 0.284402609, -2.22700389e-006, -0.958704937, -6.92494925e-006, 1, -4.37723575e-006, 0.958704912, 3.04148794e-006, 0.284402691, 0.284402691, 2.2954345e-007, -0.958704912, -2.98117221e-006, 1, -6.44942924e-007, 0, 0, 0, 0, 0, 0, 0, 0.306256665, -0.14331001, -0.213551172, -0.277827652, 0.61889151, -0.734574866, -0.861694336, 0.177368164, 0.475341797, 0.424543143, 0.765143284, 0.484154825, 0, 0, -0, 0, 0, 0, 0, 0.374900342, -0.0935691895, -0.176265088, 0.110111576, 0.389618922, -0.914251893, 0.460571289, -0.835083008, -0.300415039, -0.880643565, -0.388035172, -0.271491078, 0, 2, 3, 1, 
359.868378, 43, 0.1, 0.1, 0.017275081, 0.360573099, -0.0349703821, 0.95870504, -1.20057018e-005, 0.284402263, 0.284402263, -5.19104174e-006, -0.95870504, 1.29862708e-005, 1, -1.56222914e-006, 0.958705023, -1.28453692e-005, 0.284402319, 0.284402319, -6.15853882e-006, -0.958705023, 1.40664227e-005, 1, -2.25096932e-006, 0, 0, 0, 0, 0, 0, 0, 0.306256665, -0.14331001, -0.213551172, -0.277827652, 0.61889151, -0.734574866, -0.861694336, 0.177368164, 0.475341797, 0.424543143, 0.765143284, 0.484154825, 0, 0, -0, 0, 0, 0, 0, 0.374900342, -0.0935691895, -0.176265088, 0.110111576, 0.389618922, -0.914251893, 0.460571289, -0.835083008, -0.300415039, -0.880643565, -0.388035172, -0.271491078, 0, 2, 3, 1, 
359.869493, 43, 0.1, 0.1, 0.017275075, 0.360573096, -0.034958702, 0.958705227, -2.1717388e-007, 0.284401632, 0.284401632, 1.0036686e-005, -0.958705227, -2.64624415e-006, 1, 9.68398794e-006, 0.958705181, 1.98234062e-005, 0.284401784, 0.284401784, 2.27204661e-006, -0.958705182, -1.96509763e-005, 1, -3.45958922e-006, 0, 0, 0, 0, 0, 0, 0, 0.306256665, -0.14331001, -0.213551172, -0.277827652, 0.61889151, -0.734574866, -0.861694336, 0.177368164, 0.475341797, 0.424543143, 0.765143284, 0.484154825, 0, 0, -0, 0, 0, 0, 0, 0.374900342, -0.0935691895, -0.176265088, 0.110111576, 0.389618922, -0.914251893, 0.460571289, -0.835083008, -0.300415039, -0.880643565, -0.388035172, -0.271491078, 0, 2, 3, 1, 
359.870666, 43, 0.1, 0.1, 0.0172750855, 0.360573097, -0.0349434993, 0.958705324, 1.94361621e-005, 0.284401303, 0.284401303, 1.31142597e-005, -0.958705324, -2.23632646e-005, 1, 7.04504073e-006, 0.958705298, -1.55264153e-005, 0.28440139, 0.284401391, 4.26560061e-006, -0.958705298, 1.36721139e-005, 1, 8.50518802e-006, 0, 0, 0, 0, 0, 0, 0, 0.305800269, -0.143678491, -0.213841162, -0.28235904, 0.620439791, -0.731572663, -0.860473633, 0.173339844, 0.479125977, 0.424024925, 0.764774468, 0.485162426, 0, 0, -0, 0, 0, 0, 0, 0.374607373, -0.0939291504, -0.176034033, 0.105147237, 0.389356062, -0.915043735, 0.46496582, -0.832519531, -0.30078125, -0.87895597, -0.393708965, -0.268628479, 0, 2, 3, 1, 
359.871797, 43, 0.1, 0.1, 0.0172750821, 0.360573099, -0.0349337406, 0.958705477, -3.73217701e-005, 0.284400784, 0.284400784, -2.51983592e-005, -0.958705478, 4.29470186e-005, 0.999999999, -1.35434644e-005, 0.958705472, -2.61964405e-005, 0.284400804, 0.284400804, -2.05149625e-006, -0.958705472, 2.5698118e-005, 1, 5.48350804e-006, 0, 0, 0, 0, 0, 0, 0, 0.305800269, -0.143678491, -0.213841162, -0.28235904, 0.620439791, -0.731572663, -0.860473633, 0.173339844, 0.479125977, 0.424024925, 0.764774468, 0.485162426, 0, 0, -0, 0, 0, 0, 0, 0.374607373, -0.0939291504, -0.176034033, 0.105147237, 0.389356062, -0.915043735, 0.46496582, -0.832519531, -0.30078125, -0.87895597, -0.393708965, -0.268628479, 0, 2, 3, 1, 
359.872932, 43, 0.1, 0.1, 0.0172750745, 0.3605731, -0.0349329012, 0.958705578, 4.63078474e-005, 0.284400445, 0.284400446, -2.51272088e-006, -0.958705579, -4.36809727e-005, 0.999999999, -1.5578932e-005, 0.95870554, 4.79653326e-005, 0.284400573, 0.284400573, -1.75187989e-006, -0.958705541, -4.54863945e-005, 0.999999999, -1.53209051e-005, 0, 0, 0, 0, 0, 0, 0, 0.305800269, -0.143678491, -0.213841162, -0.28235904, 0.620439791, -0.731572663, -0.860473633, 0.173339844, 0.479125977, 0.424024925, 0.764774468, 0.485162426, 0, 0, -0, 0, 0, 0, 0, 0.374607373, -0.0939291504, -0.176034033, 0.105147237, 0.389356062, -0.915043735, 0.46496582, -0.832519531, -0.30078125, -0.87895597, -0.393708965, -0.268628479, 0, 2, 3, 1, 
359.874064, 43, 0.1, 0.1, 0.0172750828, 0.360573105, -0.0349402176, 0.958705643, -1.58472928e-005, 0.28440023, 0.28440023, -5.43536881e-006, -0.958705643, 1.67387092e-005, 1, -7.0394503e-007, 0.958705641, -2.93334147e-005, 0.284400233, 0.284400232, -2.64927326e-005, -0.958705642, 3.56566495e-005, 0.999999999, -1.70563022e-005, 0, 0, 0, 0, 0, 0, 0, 0.305800269, -0.143678491, -0.213841162, -0.28235904, 0.620439791, -0.731572663, -0.860473633, 0.173339844, 0.479125977, 0.424024925, 0.764774468, 0.485162426, 0, 0, -0, 0, 0, 0, 0, 0.374607373, -0.0939291504, -0.176034033, 0.105147237, 0.389356062, -0.915043735, 0.46496582, -0.832519531, -0.30078125, -0.87895597, -0.393708965, -0.268628479, 0, 2, 3, 1, 
359.875056, 43, 0.1, 0.1, 0.0172750734, 0.360573084, -0.0349502828, 0.958705655, 1.13435228e-005, 0.284400186, 0.284400186, 1.33607627e-005, -0.958705656, -1.46749029e-005, 1, 9.58293875e-006, 0.958705651, 2.19396615e-005, 0.284400201, 0.284400201, 3.77495781e-005, -0.958705651, -3.17696651e-005, 0.999999999, 2.99510897e-005, 0, 0, 0, 0, 0, 0, 0, 0.30582356, -0.144298047, -0.213723242, -0.286249398, 0.621423426, -0.729287873, -0.85925293, 0.170043945, 0.482299805, 0.423652362, 0.764742268, 0.485542103, 0, 0, -0, 0, 0, 0, 0, 0.374362256, -0.0945682617, -0.175816162, 0.101109268, 0.38786023, -0.9161039, 0.467895508, -0.831054688, -0.300170898, -0.877907465, -0.398162178, -0.265548597, 0, 2, 3, 1, 
359.875749, 43, 0.1, 0.1, 0.0172750792, 0.360573099, -0.0349615503, 0.958705677, -1.8209818e-005, 0.284400114, 0.284400113, -4.84167851e-005, -0.958705676, 3.12275951e-005, 0.999999999, -4.12385724e-005, 0.958705672, -2.16578532e-005, 0.284400129, 0.284400127, -5.65467352e-005, -0.958705671, 3.68454055e-005, 0.999999998, -4.80521796e-005, 0, 0, 0, 0, 0, 0, 0, 0.30582356, -0.144298047, -0.213723242, -0.286249398, 0.621423426, -0.729287873, -0.85925293, 0.170043945, 0.482299805, 0.423652362, 0.764742268, 0.485542103, 0, 0, -0, 0, 0, 0, 0, 0.374362256, -0.0945682617, -0.175816162, 0.101109268, 0.38786023, -0.9161039, 0.467895508, -0.831054688, -0.300170898, -0.877907465, -0.398162178, -0.265548597, 0, 2, 3, 1, 
359.87644, 43, 0.1, 0.1, 0.0172750753, 0.360573093, -0.0349740816, 0.958705701, 2.96179461e-005, 0.28440003, 0.284400028, 5.86317132e-005, -0.958705701, -4.50697548e-005, 0.999999998, 4.7787213e-005, 0.958705697, 2.31187028e-005, 0.284400044, 0.284400043, 4.35802776e-005, -0.958705697, -3.4558265e-005, 0.999999999, 3.52057004e-005, 0, 0, 0, 0, 0, 0, 0, 0.30582356, -0.144298047, -0.213723242, -0.286249398, 0.621423426, -0.729287873, -0.85925293, 0.170043945, 0.482299805, 0.423652362, 0.764742268, 0.485542103, 0, 0, -0, 0, 0, 0, 0, 0.374362256, -0.0945682617, -0.175816162, 0.101109268, 0.38786023, -0.9161039, 0.467895508, -0.831054688, -0.300170898, -0.877907465, -0.398162178, -0.265548597, 0, 2, 3, 1, 
359.877132, 43, 0.1, 0.1, 0.0172750642, 0.360573071, -0.0349841782, 0.958705724, 2.82250486e-005, 0.284399954, 0.284399952, 4.65580265e-005, -0.958705724, -4.03006163e-005, 0.999999999, 3.6608244e-005, 0.958705719, 3.30448787e-005, 0.284399972, 0.28439997, 5.80501446e-005, -0.958705718, -4.81897737e-005, 0.999999998, 4.6255043e-005, 0, 0, 0, 0, 0, 0, 0, 0.30582356, -0.144298047, -0.213723242, -0.286249398, 0.621423426, -0.729287873, -0.85925293, 0.170043945, 0.482299805, 0.423652362, 0.764742268, 0.485542103, 0, 0, -0, 0, 0, 0, 0, 0.374362256, -0.0945682617, -0.175816162, 0.101109268, 0.38786023, -0.9161039, 0.467895508, -0.831054688, -0.300170898, -0.877907465, -0.398162178, -0.265548597, 0, 2, 3, 1, 
359.877835, 43, 0.1, 0.1, 0.0172750642, 0.360573073, -0.0349891221, 0.958705751, -1.60203477e-005, 0.284399863, 0.284399863, -3.35010288e-005, -0.958705751, 2.48864874e-005, 0.999999999, -2.75614443e-005, 0.958705746, -8.6688569e-006, 0.284399881, 0.28439988, -2.12440735e-005, -0.958705746, 1.43526949e-005, 1, -1.79013935e-005, 0, 0, 0, 0, 0, 0, 0, 0.30582356, -0.144298047, -0.213723242, -0.286249398, 0.621423426, -0.729287873, -0.85925293, 0.170043945, 0.482299805, 0.423652362, 0.764742268, 0.485542103, 0, 0, -0, 0, 0, 0, 0, 0.373994971, -0.0956233398, -0.175157178, 0.0987005589, 0.386319923, -0.916940585, 0.469726562, -0.830444336, -0.299316406, -0.877178689, -0.40102441, -0.263427167, 0, 2, 3, 1, 
359.878526, 43, 0.1, 0.1, 0.0172750742, 0.36057309, -0.0349880355, 0.95870578, -2.73594776e-005, 0.284399764, 0.284399763, -4.8229045e-005, -0.95870578, 3.99460184e-005, 0.999999998, -3.84564353e-005, 0.958705775, -2.97021192e-005, 0.284399784, 0.284399782, -5.11553581e-005, -0.958705774, 4.3024166e-005, 0.999999998, -4.0595661e-005, 0, 0, 0, 0, 0, 0, 0, 0.30582356, -0.144298047, -0.213723242, -0.286249398, 0.621423426, -0.729287873, -0.85925293, 0.170043945, 0.482299805, 0.423652362, 0.764742268, 0.485542103, 0, 0, -0, 0, 0, 0, 0, 0.373994971, -0.0956233398, -0.175157178, 0.0987005589, 0.386319923, -0.916940585, 0.469726562, -0.830444336, -0.299316406, -0.877178689, -0.40102441, -0.263427167, 0, 2, 3, 1, 
359.879214, 43, 0.1, 0.1, 0.0172750774, 0.360573096, -0.0349817574, 0.958705804, 1.01189709e-005, 0.284399686, 0.284399686, 1.68047992e-005, -0.958705804, -1.44803958e-005, 1, 1.32330264e-005, 0.9587058, -5.68977916e-007, 0.284399701, 0.284399701, -3.20887565e-006, -0.9587058, 1.4580857e-006, 1, -2.91455055e-006, 0, 0, 0, 0, 0, 0, 0, 0.30582356, -0.144298047, -0.213723242, -0.286249398, 0.621423426, -0.729287873, -0.85925293, 0.170043945, 0.482299805, 0.423652362, 0.764742268, 0.485542103, 0, 0, -0, 0, 0, 0, 0, 0.373994971, -0.0956233398, -0.175157178, 0.0987005589, 0.386319923, -0.916940585, 0.469726562, -0.830444336, -0.299316406, -0.877178689, -0.40102441, -0.263427167, 0, 2, 3, 1, 
359.879919, 43, 0.1, 0.1, 0.0172750707, 0.360573083, -0.0349723214, 0.958705823, 1.81273583e-005, 0.284399622, 0.284399622, 3.16605357e-005, -0.958705823, -2.63830483e-005, 0.999999999, 2.51977261e-005, 0.958705819, 2.25635273e-005, 0.284399636, 0.284399634, 4.1937426e-005, -0.958705818, -3.35587736e-005, 0.999999999, 3.37885954e-005, 0, 0, 0, 0, 0, 0, 0, 0.305478247, -0.144915527, -0.213631079, -0.288660746, 0.622470341, -0.727504449, -0.858398437, 0.168212891, 0.48449707, 0.424034282, 0.764329269, 0.485877596, 0, 0, -0, 0, 0, 0, 0, 0.373994971, -0.0956233398, -0.175157178, 0.0987005589, 0.386319923, -0.916940585, 0.469726562, -0.830444336, -0.299316406, -0.877178689, -0.40102441, -0.263427167, 0, 2, 3, 1, 
359.880652, 43, 0.1, 0.1, 0.0172750744, 0.36057309, -0.0349623225, 0.958705844, -1.55279094e-005, 0.284399552, 0.284399551, -2.98575219e-005, -0.958705843, 2.33781633e-005, 0.999999999, -2.42084502e-005, 0.95870584, -1.65310735e-005, 0.284399566, 0.284399565, -3.33432635e-005, -0.958705839, 2.53312463e-005, 0.999999999, -2.72649513e-005, 0, 0, 0, 0, 0, 0, 0, 0.305478247, -0.144915527, -0.213631079, -0.288660746, 0.622470341, -0.727504449, -0.858398437, 0.168212891, 0.48449707, 0.424034282, 0.764329269, 0.485877596, 0, 0, -0, 0, 0, 0, 0, 0.373994971, -0.0956233398, -0.175157178, 0.0987005589, 0.386319923, -0.916940585, 0.469726562, -0.830444336, -0.299316406, -0.877178689, -0.40102441, -0.263427167, 0, 2, 3, 1, 
359.881343, 43, 0.1, 0.1, 0.0172750749, 0.360573089, -0.0349557894, 0.958705865, 3.61814331e-007, 0.284399481, 0.284399481, 6.81899664e-006, -0.958705865, -2.28619262e-006, 1, 6.43451226e-006, 0.958705861, 5.47157796e-006, 0.284399493, 0.284399493, 1.57166224e-005, -0.958705861, -9.71543331e-006, 1, 1.3511504e-005, 0, 0, 0, 0, 0, 0, 0, 0.305478247, -0.144915527, -0.213631079, -0.288660746, 0.622470341, -0.727504449, -0.858398437, 0.168212891, 0.48449707, 0.424034282, 0.764329269, 0.485877596, 0, 0, -0, 0, 0, 0, 0, 0.373994971, -0.0956233398, -0.175157178, 0.0987005589, 0.386319923, -0.916940585, 0.469726562, -0.830444336, -0.299316406, -0.877178689, -0.40102441, -0.263427167, 0, 2, 3, 1, 
359.882049, 43, 0.1, 0.1, 0.0172750778, 0.360573092, -0.0349537189, 0.958705881, 8.89309607e-006, 0.284399426, 0.284399426, 1.84237418e-005, -0.958705881, -1.37655651e-005, 1, 1.51337582e-005, 0.958705878, -5.10608725e-006, 0.284399435, 0.284399435, -5.59519602e-006, -0.958705878, 6.48650645e-006, 1, -3.91197898e-006, 0, 0, 0, 0, 0, 0, 0, 0.305478247, -0.144915527, -0.213631079, -0.290976615, 0.623942237, -0.725181468, -0.857055664, 0.166625977, 0.487304688, 0.425019039, 0.763478184, 0.486498407, 0, 0, -0, 0, 0, 0, 0, 0.373994971, -0.0956233398, -0.175157178, 0.0987005589, 0.386319923, -0.916940585, 0.469726562, -0.830444336, -0.299316406, -0.877178689, -0.40102441, -0.263427167, 0, 2, 3, 1, 
359.882758, 43, 0.1, 0.1, 0.0172750758, 0.360573088, -0.0349561819, 0.958705896, -1.35426168e-005, 0.284399376, 0.284399376, -2.54853116e-005, -0.958705896, 2.02313933e-005, 1, -2.05814067e-005, 0.958705893, 1.72149188e-006, 0.284399385, 0.284399385, 2.10178355e-006, -0.958705893, -2.24815036e-006, 1, 1.52540105e-006, 0, 0, 0, 0, 0, 0, 0, 0.304916406, -0.145735864, -0.213510474, -0.290976615, 0.623942237, -0.725181468, -0.857055664, 0.166625977, 0.487304688, 0.425019039, 0.763478184, 0.486498407, 0, 0, -0, 0, 0, 0, 0, 0.373049854, -0.0966168945, -0.175355762, 0.0945218652, 0.385603906, -0.917674824, 0.470703125, -0.829589844, -0.300048828, -0.877126916, -0.403554521, -0.2599448, 0, 2, 3, 1, 
359.88345, 43, 0.1, 0.1, 0.0172750837, 0.360573102, -0.0349623902, 0.958705909, -9.29045376e-006, 0.284399333, 0.284399333, -1.6900384e-005, -0.958705909, 1.37132709e-005, 1, -1.35602991e-005, 0.958705906, -1.94695665e-005, 0.284399342, 0.284399341, -3.6688721e-005, -0.958705906, 2.90998365e-005, 0.999999999, -2.96365616e-005, 0, 0, 0, 0, 0, 0, 0, 0.304916406, -0.145735864, -0.213510474, -0.290976615, 0.623942237, -0.725181468, -0.857055664, 0.166625977, 0.487304688, 0.425019039, 0.763478184, 0.486498407, 0, 0, -0, 0, 0, 0, 0, 0.373049854, -0.0966168945, -0.175355762, 0.0945218652, 0.385603906, -0.917674824, 0.470703125, -0.829589844, -0.300048828, -0.877126916, -0.403554521, -0.2599448, 0, 2, 3, 1, 
359.884142, 43, 0.1, 0.1, 0.0172750783, 0.360573092, -0.0349701579, 0.958705921, 2.11059502e-005, 0.28439929, 0.284399289, 3.67219399e-005, -0.958705921, -3.06780931e-005, 0.999999999, 2.9203024e-005, 0.958705919, 2.33257723e-005, 0.284399299, 0.284399298, 4.13175148e-005, -0.958705918, -3.41132282e-005, 0.999999999, 3.29775127e-005, 0, 0, 0, 0, 0, 0, 0, 0.304916406, -0.145735864, -0.213510474, -0.290976615, 0.623942237, -0.725181468, -0.857055664, 0.166625977, 0.487304688, 0.425019039, 0.763478184, 0.486498407, 0, 0, -0, 0, 0, 0, 0, 0.373049854, -0.0966168945, -0.175355762, 0.0945218652, 0.385603906, -0.917674824, 0.470703125, -0.829589844, -0.300048828, -0.877126916, -0.403554521, -0.2599448, 0, 2, 3, 1, 
359.885082, 43, 0.1, 0.1, 0.0172750859, 0.360573105, -0.0349773317, 0.958705934, -3.3825553e-005, 0.284399244, 0.284399242, -5.99413318e-005, -0.958705934, 4.94760278e-005, 0.999999998, -4.78461489e-005, 0.958705932, -2.60423822e-005, 0.284399254, 0.284399252, -4.46892214e-005, -0.958705932, 3.76765675e-005, 0.999999999, -3.54373876e-005, 0, 0, 0, 0, 0, 0, 0, 0.304916406, -0.145735864, -0.213510474, -0.290976615, 0.623942237, -0.725181468, -0.857055664, 0.166625977, 0.487304688, 0.425019039, 0.763478184, 0.486498407, 0, 0, -0, 0, 0, 0, 0, 0.373049854, -0.0966168945, -0.175355762, 0.0945218652, 0.385603906, -0.917674824, 0.470703125, -0.829589844, -0.300048828, -0.877126916, -0.403554521, -0.2599448, 0, 2, 3, 1, 
359.886222, 43, 0.1, 0.1, 0.0172750988, 0.360573128, -0.0349738326, 0.958705945, 3.59053644e-006, 0.284399211, 0.284399211, 6.45547331e-006, -0.958705945, -5.27820014e-006, 1, 5.16775491e-006, 0.958705943, -1.41378662e-005, 0.284399217, 0.284399217, -2.51223701e-005, -0.958705943, 2.06988387e-005, 1, -2.00641674e-005, 0, 0, 0, 0, 0, 0, 0, 0.304916406, -0.145735864, -0.213510474, -0.290976615, 0.623942237, -0.725181468, -0.857055664, 0.166625977, 0.487304688, 0.425019039, 0.763478184, 0.486498407, 0, 0, -0, 0, 0, 0, 0, 0.373049854, -0.0966168945, -0.175355762, 0.0945218652, 0.385603906, -0.917674824, 0.470703125, -0.829589844, -0.300048828, -0.877126916, -0.403554521, -0.2599448, 0, 2, 3, 1, 
359.887406, 43, 0.1, 0.1, 0.0172750962, 0.360573122, -0.0349589134, 0.958705951, -1.67133116e-005, 0.28439919, 0.28439919, -2.78668707e-005, -0.958705951, 2.39484668e-005, 0.999999999, -2.19628825e-005, 0.95870595, 1.7252459e-006, 0.284399192, 0.284399192, 5.82803107e-006, -0.95870595, -3.31149084e-006, 1, 5.09670953e-006, 0, 0, 0, 0, 0, 0, 0, 0.305025146, -0.146364209, -0.213203247, -0.293179029, 0.624767113, -0.72358189, -0.856689453, 0.164306641, 0.488891602, 0.424379132, 0.763223944, 0.487233795, 0, 0, -0, 0, 0, 0, 0, 0.372384619, -0.0974189453, -0.175349658, 0.0910205419, 0.384574724, -0.918453906, 0.47253418, -0.828613281, -0.300170898, -0.876512978, -0.406608517, -0.257203603, 0, 2, 3, 1, 
359.88855, 43, 0.1, 0.1, 0.0172750992, 0.360573127, -0.0349419487, 0.958705947, 2.28997105e-005, 0.284399203, 0.284399202, 4.0907843e-005, -0.958705947, -3.35882466e-005, 0.999999999, 3.27059329e-005, 0.958705949, 1.31437641e-005, 0.284399198, 0.284399198, 2.18351944e-005, -0.958705949, -1.88109166e-005, 1, 1.71954548e-005, 0, 0, 0, 0, 0, 0, 0, 0.305025146, -0.146364209, -0.213203247, -0.293179029, 0.624767113, -0.72358189, -0.856689453, 0.164306641, 0.488891602, 0.424379132, 0.763223944, 0.487233795, 0, 0, -0, 0, 0, 0, 0, 0.372384619, -0.0974189453, -0.175349658, 0.0910205419, 0.384574724, -0.918453906, 0.47253418, -0.828613281, -0.300170898, -0.876512978, -0.406608517, -0.257203603, 0, 2, 3, 1, 
359.889689, 43, 0.1, 0.1, 0.0172751079, 0.360573142, -0.0349310839, 0.958705933, -3.15977409e-005, 0.284399251, 0.284399248, -6.12236789e-005, -0.958705932, 4.770491e-005, 0.999999998, -4.97091304e-005, 0.958705937, -3.55890382e-005, 0.284399236, 0.284399233, -6.39411255e-005, -0.958705936, 5.23042294e-005, 0.999999997, -5.11792415e-005, 0, 0, 0, 0, 0, 0, 0, 0.305025146, -0.146364209, -0.213203247, -0.293179029, 0.624767113, -0.72358189, -0.856689453, 0.164306641, 0.488891602, 0.424379132, 0.763223944, 0.487233795, 0, 0, -0, 0, 0, 0, 0, 0.372384619, -0.0974189453, -0.175349658, 0.0910205419, 0.384574724, -0.918453906, 0.47253418, -0.828613281, -0.300170898, -0.876512978, -0.406608517, -0.257203603, 0, 2, 3, 1, 
359.890832, 43, 0.1, 0.1, 0.0172751019, 0.360573131, -0.0349300852, 0.958705909, 9.44174874e-006, 0.284399333, 0.284399332, 1.98772122e-005, -0.958705909, -1.47049262e-005, 1, 1.63711737e-005, 0.958705914, 2.51965374e-005, 0.284399313, 0.284399312, 4.76529563e-005, -0.958705914, -3.77085374e-005, 0.999999999, 3.85192931e-005, 0, 0, 0, 0, 0, 0, 0, 0.305025146, -0.146364209, -0.213203247, -0.293179029, 0.624767113, -0.72358189, -0.856689453, 0.164306641, 0.488891602, 0.424379132, 0.763223944, 0.487233795, 0, 0, -0, 0, 0, 0, 0, 0.372384619, -0.0974189453, -0.175349658, 0.0910205419, 0.384574724, -0.918453906, 0.47253418, -0.828613281, -0.300170898, -0.876512978, -0.406608517, -0.257203603, 0, 2, 3, 1, 
359.892021, 43, 0.1, 0.1, 0.0172751109, 0.360573147, -0.0349383989, 0.958705875, 1.57136582e-005, 0.284399446, 0.284399446, 2.56934473e-005, -0.958705875, -2.23719786e-005, 1, 2.01635031e-005, 0.958705883, -1.26228498e-005, 0.28439942, 0.28439942, -2.6903944e-005, -0.958705883, 1.97530664e-005, 1, -2.22030382e-005, 0, 0, 0, 0, 0, 0, 0, 0.305554736, -0.146312695, -0.212880518, -0.295813538, 0.625769845, -0.721728074, -0.856689453, 0.160400391, 0.490234375, 0.422571742, 0.763312311, 0.488794058, 0, 0, -0, 0, 0, 0, 0, 0.372384619, -0.0974189453, -0.175349658, 0.0866887304, 0.384478109, -0.918964666, 0.476196289, -0.826171875, -0.30078125, -0.875004387, -0.41152838, -0.254679689, 0, 2, 3, 1, 
359.89316, 43, 0.1, 0.1, 0.0172751065, 0.360573137, -0.0349500905, 0.958705836, -1.53738548e-005, 0.284399578, 0.284399577, -2.57966628e-005, -0.958705836, 2.20755643e-005, 1, -2.03590933e-005, 0.958705844, -5.25611491e-006, 0.28439955, 0.28439955, -6.50406842e-006, -0.958705844, 6.88882221e-006, 1, -4.74065169e-006, 0, 0, 0, 0, 0, 0, 0, 0.305554736, -0.146312695, -0.212880518, -0.295813538, 0.625769845, -0.721728074, -0.856689453, 0.160400391, 0.490234375, 0.422571742, 0.763312311, 0.488794058, 0, 0, -0, 0, 0, 0, 0, 0.372129736, -0.0975288086, -0.175330371, 0.0866887304, 0.384478109, -0.918964666, 0.476196289, -0.826171875, -0.30078125, -0.875004387, -0.41152838, -0.254679689, 0, 2, 3, 1, 
359.894277, 43, 0.1, 0.1, 0.0172751036, 0.360573134, -0.0349602158, 0.958705791, 2.0110252e-005, 0.284399728, 0.284399727, 3.19797783e-005, -0.958705791, -2.83748553e-005, 0.999999999, 2.49398484e-005, 0.9587058, 2.0922686e-005, 0.284399699, 0.284399698, 3.28188098e-005, -0.9587058, -2.939236e-005, 0.999999999, 2.55131777e-005, 0, 0, 0, 0, 0, 0, 0, 0.305554736, -0.146312695, -0.212880518, -0.29597342, 0.626169739, -0.721200499, -0.857788086, 0.157714844, 0.489013672, 0.420001634, 0.763496158, 0.490564377, 0, 0, -0, 0, 0, 0, 0, 0.372129736, -0.0975288086, -0.175330371, 0.0842483052, 0.383423041, -0.919673752, 0.48059082, -0.82409668, -0.299560547, -0.872806032, -0.416671723, -0.253772275, 0, 2, 3, 1, 
359.894969, 43, 0.1, 0.1, 0.0172751065, 0.360573139, -0.0349666475, 0.958705762, -2.38583812e-005, 0.284399826, 0.284399825, -4.15098204e-005, -0.958705762, 3.46785532e-005, 0.999999999, -3.30103846e-005, 0.958705768, -1.94889002e-005, 0.284399808, 0.284399807, -3.38632246e-005, -0.958705767, 2.83148156e-005, 0.999999999, -2.69222293e-005, 0, 0, 0, 0, 0, 0, 0, 0.306431714, -0.146738184, -0.211508716, -0.29597342, 0.626169739, -0.721200499, -0.857788086, 0.157714844, 0.489013672, 0.420001634, 0.763496158, 0.490564377, 0, 0, -0, 0, 0, 0, 0, 0.372460986, -0.0977067871, -0.174688477, 0.0842483052, 0.383423041, -0.919673752, 0.48059082, -0.82409668, -0.299560547, -0.872806032, -0.416671723, -0.253772275, 0, 2, 3, 1, 
359.895661, 43, 0.1, 0.1, 0.0172751097, 0.360573144, -0.0349734575, 0.958705734, 1.25127965e-005, 0.284399923, 0.284399923, 2.13024229e-005, -0.958705734, -1.80544972e-005, 1, 1.68641166e-005, 0.958705739, -6.86442681e-007, 0.284399904, 0.284399904, -2.88786506e-006, -0.958705739, 1.47940508e-006, 1, -2.57338858e-006, 0, 0, 0, 0, 0, 0, 0, 0.306431714, -0.146738184, -0.211508716, -0.29597342, 0.626169739, -0.721200499, -0.857788086, 0.157714844, 0.489013672, 0.420001634, 0.763496158, 0.490564377, 0, 0, -0, 0, 0, 0, 0, 0.372460986, -0.0977067871, -0.174688477, 0.0842483052, 0.383423041, -0.919673752, 0.48059082, -0.82409668, -0.299560547, -0.872806032, -0.416671723, -0.253772275, 0, 2, 3, 1, 
359.89635, 43, 0.1, 0.1, 0.0172751005, 0.360573127, -0.0349787364, 0.958705706, 2.77269826e-005, 0.284400016, 0.284400014, 5.01844029e-005, -0.958705705, -4.08544614e-005, 0.999999998, 4.02265192e-005, 0.958705711, 3.08170889e-005, 0.284399998, 0.284399996, 5.57527543e-005, -0.95870571, -4.54006024e-005, 0.999999998, 4.4686104e-005, 0, 0, 0, 0, 0, 0, 0, 0.306431714, -0.146738184, -0.211508716, -0.29597342, 0.626169739, -0.721200499, -0.857788086, 0.157714844, 0.489013672, 0.420001634, 0.763496158, 0.490564377, 0, 0, -0, 0, 0, 0, 0, 0.372460986, -0.0977067871, -0.174688477, 0.0842483052, 0.383423041, -0.919673752, 0.48059082, -0.82409668, -0.299560547, -0.872806032, -0.416671723, -0.253772275, 0, 2, 3, 1, 
359.89704, 43, 0.1, 0.1, 0.0172751001, 0.360573126, -0.0349810437, 0.958705681, -1.75827238e-005, 0.284400102, 0.284400101, -3.3290531e-005, -0.95870568, 2.63244876e-005, 0.999999999, -2.69152927e-005, 0.958705685, -8.88941114e-006, 0.284400085, 0.284400085, -1.62925564e-005, -0.958705685, 1.31559334e-005, 1, -1.30916171e-005, 0, 0, 0, 0, 0, 0, 0, 0.306431714, -0.146738184, -0.211508716, -0.29597342, 0.626169739, -0.721200499, -0.857788086, 0.157714844, 0.489013672, 0.420001634, 0.763496158, 0.490564377, 0, 0, -0, 0, 0, 0, 0, 0.372460986, -0.0977067871, -0.174688477, 0.0842483052, 0.383423041, -0.919673752, 0.48059082, -0.82409668, -0.299560547, -0.872806032, -0.416671723, -0.253772275, 0, 2, 3, 1, 
359.897729, 43, 0.1, 0.1, 0.0172751096, 0.360573143, -0.0349799892, 0.958705658, -2.28260304e-005, 0.284400178, 0.284400177, -4.38629529e-005, -0.958705657, 3.4358076e-005, 0.999999999, -3.5559934e-005, 0.958705662, -2.71918344e-005, 0.284400163, 0.284400161, -5.16934819e-005, -0.958705662, 4.07706002e-005, 0.999999998, -4.18254717e-005, 0, 0, 0, 0, 0, 0, 0, 0.306431714, -0.146738184, -0.211508716, -0.29597342, 0.626169739, -0.721200499, -0.857788086, 0.157714844, 0.489013672, 0.420001634, 0.763496158, 0.490564377, 0, 0, -0, 0, 0, 0, 0, 0.372460986, -0.0977067871, -0.174688477, 0.0842483052, 0.383423041, -0.919673752, 0.48059082, -0.82409668, -0.299560547, -0.872806032, -0.416671723, -0.253772275, 0, 2, 3, 1, 
359.898417, 43, 0.1, 0.1, 0.0172751095, 0.360573142, -0.0349760905, 0.95870564, 1.61933723e-005, 0.284400239, 0.284400238, 3.37954799e-005, -0.95870564, -2.51361199e-005, 0.999999999, 2.77945183e-005, 0.958705643, 1.12071239e-005, 0.284400227, 0.284400227, 2.43060272e-005, -0.958705643, -1.76569726e-005, 1, 2.01150168e-005, 0, 0, 0, 0, 0, 0, 0, 0.306431714, -0.146738184, -0.211508716, -0.29597342, 0.626169739, -0.721200499, -0.857788086, 0.157714844, 0.489013672, 0.420001634, 0.763496158, 0.490564377, 0, 0, -0, 0, 0, 0, 0, 0.372460986, -0.0977067871, -0.174688477, 0.0842483052, 0.383423041, -0.919673752, 0.48059082, -0.82409668, -0.299560547, -0.872806032, -0.416671723, -0.253772275, 0, 2, 3, 1, 
359.899135, 43, 0.1, 0.1, 0.0172751063, 0.360573136, -0.0349702427, 0.958705628, -5.94703961e-006, 0.284400278, 0.284400278, -1.57838996e-005, -0.958705628, 1.01904058e-005, 1, -1.34407737e-005, 0.95870563, 6.00262145e-006, 0.284400273, 0.284400273, 7.82208365e-006, -0.95870563, -7.9793497e-006, 1, 5.79192845e-006, 0, 0, 0, 0, 0, 0, 0, 0.306893213, -0.147842187, -0.210612451, -0.295624822, 0.626410874, -0.721187394, -0.858398437, 0.156982422, 0.48828125, 0.419081278, 0.763457966, 0.491427445, 0, 0, -0, 0, 0, 0, 0, 0.372460986, -0.0977067871, -0.174688477, 0.0827087304, 0.381658887, -0.920517, 0.484008789, -0.822753906, -0.297607422, -0.871003964, -0.420907653, -0.25275622, 0, 2, 3, 1, 
359.899845, 43, 0.1, 0.1, 0.0172751107, 0.360573146, -0.0349643713, 0.958705623, -2.20435217e-006, 0.284400298, 0.284400297, -3.99526721e-006, -0.958705623, 3.24958e-006, 1, -3.20336672e-006, 0.958705623, -1.06055121e-005, 0.284400296, 0.284400296, -2.19836448e-005, -0.958705623, 1.64197192e-005, 1, -1.80596331e-005, 0, 0, 0, 0, 0, 0, 0, 0.306893213, -0.147842187, -0.210612451, -0.295624822, 0.626410874, -0.721187394, -0.858398437, 0.156982422, 0.48828125, 0.419081278, 0.763457966, 0.491427445, 0, 0, -0, 0, 0, 0, 0, 0.372843506, -0.098359082, -0.174053174, 0.0827087304, 0.381658887, -0.920517, 0.484008789, -0.822753906, -0.297607422, -0.871003964, -0.420907653, -0.25275622, 0, 2, 3, 1, 
359.900543, 43, 0.1, 0.1, 0.017275105, 0.360573134, -0.034960487, 0.958705622, 1.49324563e-005, 0.284400298, 0.284400297, 2.85858192e-005, -0.958705622, -2.24456453e-005, 0.999999999, 2.31585906e-005, 0.958705622, 2.07399627e-005, 0.284400299, 0.284400298, 4.15523341e-005, -0.958705622, -3.17010151e-005, 0.999999999, 3.39380047e-005, 0, 0, 0, 0, 0, 0, 0, 0.306893213, -0.147842187, -0.210612451, -0.295624822, 0.626410874, -0.721187394, -0.858398437, 0.156982422, 0.48828125, 0.419081278, 0.763457966, 0.491427445, 0, 0, -0, 0, 0, 0, 0, 0.372843506, -0.098359082, -0.174053174, 0.0827087304, 0.381658887, -0.920517, 0.484008789, -0.822753906, -0.297607422, -0.871003964, -0.420907653, -0.25275622, 0, 2, 3, 1, 
359.901233, 43, 0.1, 0.1, 0.0172751101, 0.360573144, -0.0349594892, 0.958705627, -2.29027117e-005, 0.28440028, 0.284400279, -4.76825742e-005, -0.958705627, 3.55178961e-005, 0.999999999, -3.92000146e-005, 0.958705626, -2.31243845e-005, 0.284400284, 0.284400282, -4.91183873e-005, -0.958705626, 3.61387608e-005, 0.999999999, -4.05134928e-005, 0, 0, 0, 0, 0, 0, 0, 0.306893213, -0.147842187, -0.210612451, -0.295624822, 0.626410874, -0.721187394, -0.858398437, 0.156982422, 0.48828125, 0.419081278, 0.763457966, 0.491427445, 0, 0, -0, 0, 0, 0, 0, 0.372843506, -0.098359082, -0.174053174, 0.0827087304, 0.381658887, -0.920517, 0.484008789, -0.822753906, -0.297607422, -0.871003964, -0.420907653, -0.25275622, 0, 2, 3, 1, 
359.901921, 43, 0.1, 0.1, 0.0172751099, 0.360573143, -0.0349615768, 0.958705638, 1.70507775e-005, 0.284400246, 0.284400246, 3.78320867e-005, -0.958705637, -2.71061313e-005, 0.999999999, 3.14205895e-005, 0.958705636, 1.30598249e-005, 0.284400252, 0.284400252, 2.92503452e-005, -0.958705636, -2.08393333e-005, 0.999999999, 2.43282533e-005, 0, 0, 0, 0, 0, 0, 0, 0.306893213, -0.147842187, -0.210612451, -0.295624822, 0.626410874, -0.721187394, -0.858398437, 0.156982422, 0.48828125, 0.419081278, 0.763457966, 0.491427445, 0, 0, -0, 0, 0, 0, 0, 0.372843506, -0.098359082, -0.174053174, 0.0827087304, 0.381658887, -0.920517, 0.484008789, -0.822753906, -0.297607422, -0.871003964, -0.420907653, -0.25275622, 0, 2, 3, 1, 
359.902609, 43, 0.1, 0.1, 0.0172751095, 0.360573141, -0.0349659734, 0.958705648, -1.50391967e-005, 0.284400211, 0.284400211, -2.86144646e-005, -0.958705648, 2.25561226e-005, 0.999999999, -2.31556981e-005, 0.958705646, -7.75192707e-006, 0.284400218, 0.284400218, -1.28037408e-005, -0.958705646, 1.10732029e-005, 1, -1.00703688e-005, 0, 0, 0, 0, 0, 0, 0, 0.306893213, -0.147842187, -0.210612451, -0.295624822, 0.626410874, -0.721187394, -0.858398437, 0.156982422, 0.48828125, 0.419081278, 0.763457966, 0.491427445, 0, 0, -0, 0, 0, 0, 0, 0.372843506, -0.098359082, -0.174053174, 0.0827087304, 0.381658887, -0.920517, 0.484008789, -0.822753906, -0.297607422, -0.871003964, -0.420907653, -0.25275622, 0, 2, 3, 1, 
359.903292, 43, 0.1, 0.1, 0.0172751136, 0.360573148, -0.034971243, 0.958705657, 2.05201445e-006, 0.28440018, 0.28440018, 5.25773823e-006, -0.958705657, -3.46257956e-006, 1, 4.45703011e-006, 0.958705655, -7.77406323e-006, 0.284400188, 0.284400187, -1.47340993e-005, -0.958705655, 1.1643419e-005, 1, -1.19147193e-005, 0, 0, 0, 0, 0, 0, 0, 0.306893213, -0.147842187, -0.210612451, -0.295624822, 0.626410874, -0.721187394, -0.858398437, 0.156982422, 0.48828125, 0.419081278, 0.763457966, 0.491427445, 0, 0, -0, 0, 0, 0, 0, 0.372843506, -0.098359082, -0.174053174, 0.0827087304, 0.381658887, -0.920517, 0.484008789, -0.822753906, -0.297607422, -0.871003964, -0.420907653, -0.25275622, 0, 2, 3, 1, 
359.904013, 43, 0.1, 0.1, 0.0172751108, 0.360573142, -0.0349758809, 0.958705667, 3.09928506e-006, 0.284400149, 0.284400149, 8.12744154e-006, -0.958705667, -5.28274773e-006, 1, 6.91038713e-006, 0.958705665, 8.86434526e-006, 0.284400156, 0.284400156, 2.00235415e-005, -0.958705664, -1.41929963e-005, 1, 1.66756615e-005, 0, 0, 0, 0, 0, 0, 0, 0.306913477, -0.14895498, -0.209498926, -0.295269111, 0.626493249, -0.721225586, -0.858154297, 0.157714844, 0.48840332, 0.419766491, 0.763197735, 0.49118631, 0, 0, -0, 0, 0, 0, 0, 0.372843506, -0.098359082, -0.174053174, 0.0804917854, 0.379249444, -0.92170513, 0.486694336, -0.821899414, -0.295654297, -0.869764062, -0.424843177, -0.250794471, 0, 2, 3, 1, 
359.904709, 43, 0.1, 0.1, 0.0172751141, 0.360573148, -0.0349780221, 0.958705675, -7.66662556e-006, 0.28440012, 0.28440012, -1.53723551e-005, -0.958705675, 1.17219371e-005, 1, -1.25571748e-005, 0.958705674, -1.07437918e-005, 0.284400125, 0.284400125, -2.14496766e-005, -0.958705674, 1.64004249e-005, 1, -1.75083909e-005, 0, 0, 0, 0, 0, 0, 0, 0.306913477, -0.14895498, -0.209498926, -0.295269111, 0.626493249, -0.721225586, -0.858154297, 0.157714844, 0.48840332, 0.419766491, 0.763197735, 0.49118631, 0, 0, -0, 0, 0, 0, 0, 0.3727229, -0.0990477539, -0.173420801, 0.0804917854, 0.379249444, -0.92170513, 0.486694336, -0.821899414, -0.295654297, -0.869764062, -0.424843177, -0.250794471, 0, 2, 3, 1, 
359.905394, 43, 0.1, 0.1, 0.0172751117, 0.360573143, -0.0349776421, 0.958705683, 1.25642015e-005, 0.284400092, 0.284400092, 2.34227574e-005, -0.958705683, -1.87068058e-005, 1, 1.88822706e-005, 0.958705682, 1.27981785e-005, 0.284400098, 0.284400097, 2.46122686e-005, -0.958705682, -1.9269418e-005, 1, 1.99561186e-005, 0, 0, 0, 0, 0, 0, 0, 0.306913477, -0.14895498, -0.209498926, -0.295269111, 0.626493249, -0.721225586, -0.858154297, 0.157714844, 0.48840332, 0.419766491, 0.763197735, 0.49118631, 0, 0, -0, 0, 0, 0, 0, 0.3727229, -0.0990477539, -0.173420801, 0.0804917854, 0.379249444, -0.92170513, 0.486694336, -0.821899414, -0.295654297, -0.869764062, -0.424843177, -0.250794471, 0, 2, 3, 1, 
359.906084, 43, 0.1, 0.1, 0.0172751128, 0.360573145, -0.034975039, 0.958705694, -1.20468143e-005, 0.284400058, 0.284400057, -2.47168205e-005, -0.958705694, 1.85788146e-005, 1, -2.02700419e-005, 0.958705692, -9.69954094e-006, 0.284400064, 0.284400064, -2.075757e-005, -0.958705692, 1.52024594e-005, 1, -1.71418505e-005, 0, 0, 0, 0, 0, 0, 0, 0.306913477, -0.14895498, -0.209498926, -0.295269111, 0.626493249, -0.721225586, -0.858154297, 0.157714844, 0.48840332, 0.419766491, 0.763197735, 0.49118631, 0, 0, -0, 0, 0, 0, 0, 0.3727229, -0.0990477539, -0.173420801, 0.0804917854, 0.379249444, -0.92170513, 0.486694336, -0.821899414, -0.295654297, -0.869764062, -0.424843177, -0.250794471, 0, 2, 3, 1, 
359.906785, 43, 0.1, 0.1, 0.017275114, 0.360573147, -0.0349709448, 0.958705706, 3.13890613e-006, 0.284400017, 0.284400017, 9.13925986e-006, -0.958705706, -5.60849288e-006, 1, 7.86915562e-006, 0.958705704, 3.21815492e-006, 0.284400024, 0.284400024, 8.53530097e-006, -0.958705704, -5.51270328e-006, 1, 7.26759838e-006, 0, 0, 0, 0, 0, 0, 0, 0.306913477, -0.14895498, -0.209498926, -0.295269111, 0.626493249, -0.721225586, -0.858154297, 0.157714844, 0.48840332, 0.419766491, 0.763197735, 0.49118631, 0, 0, -0, 0, 0, 0, 0, 0.372852148, -0.09995625, -0.172790137, 0.0786262853, 0.376814483, -0.9228805, 0.489379883, -0.821044922, -0.293457031, -0.868364479, -0.428535898, -0.248954124, 0, 2, 3, 1, 
359.907474, 43, 0.1, 0.1, 0.0172751163, 0.36057315, -0.0349668521, 0.958705715, -3.25746013e-006, 0.284399986, 0.284399986, -3.37292842e-006, -0.958705715, 4.08220644e-006, 1, -2.30722414e-006, 0.958705713, -8.79420693e-006, 0.284399991, 0.284399991, -1.26419934e-005, -0.958705713, 1.20264392e-005, 1, -9.61887896e-006, 0, 0, 0, 0, 0, 0, 0, 0.306913477, -0.14895498, -0.209498926, -0.295269111, 0.626493249, -0.721225586, -0.858154297, 0.157714844, 0.48840332, 0.419766491, 0.763197735, 0.49118631, 0, 0, -0, 0, 0, 0, 0, 0.372852148, -0.09995625, -0.172790137, 0.0786262853, 0.376814483, -0.9228805, 0.489379883, -0.821044922, -0.293457031, -0.868364479, -0.428535898, -0.248954124, 0, 2, 3, 1, 
359.90816, 43, 0.1, 0.1, 0.0172751139, 0.360573145, -0.0349639355, 0.958705724, 3.90460016e-007, 0.284399957, 0.284399957, -2.92662835e-006, -0.958705724, 4.57996723e-007, 1, -2.91682216e-006, 0.958705722, 8.48911018e-006, 0.284399964, 0.284399964, 1.2752015e-005, -0.958705722, -1.17652311e-005, 1, 9.81112715e-006, 0, 0, 0, 0, 0, 0, 0, 0.306913477, -0.14895498, -0.209498926, -0.295269111, 0.626493249, -0.721225586, -0.858154297, 0.157714844, 0.48840332, 0.419766491, 0.763197735, 0.49118631, 0, 0, -0, 0, 0, 0, 0, 0.372852148, -0.09995625, -0.172790137, 0.0786262853, 0.376814483, -0.9228805, 0.489379883, -0.821044922, -0.293457031, -0.868364479, -0.428535898, -0.248954124, 0, 2, 3, 1, 
359.908863, 43, 0.1, 0.1, 0.017275115, 0.360573144, -0.0349628563, 0.958705721, -8.40466883e-006, 0.284399966, 0.284399966, 1.88751186e-005, -0.958705721, 2.689521e-006, 1, 2.04859717e-005, 0.958705727, -1.09868932e-006, 0.284399947, 0.284399947, 1.45324234e-005, -0.958705727, -3.0797007e-006, 1, 1.42447847e-005, 0, 0, 0, 0, 0, 0, 0, 0.306893701, -0.149832324, -0.208807471, -0.29571918, 0.62681676, -0.720781509, -0.857543945, 0.158203125, 0.489379883, 0.42082651, 0.762899312, 0.490868792, 0, 0, -0, 0, 0, 0, 0, 0.372852148, -0.09995625, -0.172790137, 0.0786262853, 0.376814483, -0.9228805, 0.489379883, -0.821044922, -0.293457031, -0.868364479, -0.428535898, -0.248954124, 0, 2, 3, 1, 
359.909552, 43, 0.1, 0.1, 0.0172751149, 0.360573144, -0.0349638356, 0.958705711, 2.73610379e-006, 0.284399998, 0.284399998, -8.74040358e-006, -0.958705711, -1.37347568e-007, 1, -9.15762275e-006, 0.95870571, 2.20856558e-006, 0.284400004, 0.284400004, -8.5917257e-006, -0.95870571, 3.26122389e-007, 1, -8.86505255e-006, 0, 0, 0, 0, 0, 0, 0, 0.306893701, -0.149832324, -0.208807471, -0.29571918, 0.62681676, -0.720781509, -0.857543945, 0.158203125, 0.489379883, 0.42082651, 0.762899312, 0.490868792, 0, 0, -0, 0, 0, 0, 0, 0.372852148, -0.09995625, -0.172790137, 0.0786262853, 0.376814483, -0.9228805, 0.489379883, -0.821044922, -0.293457031, -0.868364479, -0.428535898, -0.248954124, 0, 2, 3, 1, 
359.910241, 43, 0.1, 0.1, 0.0172751165, 0.360573142, -0.0349665243, 0.958705742, -4.15979165e-006, 0.284399895, 0.284399895, 4.64097279e-006, -0.958705742, 2.66812397e-006, 1, 5.63237157e-006, 0.958705733, -1.28687595e-006, 0.284399924, 0.284399924, 1.29836028e-005, -0.958705733, -2.45880031e-006, 1, 1.28134419e-005, 0, 0, 0, 0, 0, 0, 0, 0.306893701, -0.149832324, -0.208807471, -0.29571918, 0.62681676, -0.720781509, -0.857543945, 0.158203125, 0.489379883, 0.42082651, 0.762899312, 0.490868792, 0, 0, -0, 0, 0, 0, 0, 0.372852148, -0.09995625, -0.172790137, 0.0786262853, 0.376814483, -0.9228805, 0.489379883, -0.821044922, -0.293457031, -0.868364479, -0.428535898, -0.248954124, 0, 2, 3, 1, 
