time, trialNum, realDorsalTactorPos, realVentralTactorPos, boxPosX, boxPosY, boxPosZ, boxLocalRot_11, boxLocalRot_12, boxLocalRot_13, boxLocalRot_21, boxLocalRot_22, boxLocalRot_23, boxLocalRot_31, boxLocalRot_32, boxLocalRot_33, boxGlobalRot_11, boxGlobalRot_12, boxGlobalRot_13, boxGlobalRot_21, boxGlobalRot_22, boxGlobalRot_23, boxGlobalRot_31, boxGlobalRot_32, boxGlobalRot_33, indexForceX, indexForceY, indexForceZ, indexForceGlobalX, indexForceGlobalY, indexForceGlobalZ, indexContact, indexPosX, indexPosY, indexPosZ, indexRot_11, indexRot_12, indexRot_13, indexRot_21, indexRot_22, indexRot_23, indexRot_31, indexRot_32, indexRot_33, thumbForceX, thumbForceY, thumbForceZ, thumbForceGlobalX, thumbForceGlobalY, thumbForceGlobalZ, thumbContact, thumbPosX, thumbPosY, thumbPosZ, thumbRot_11, thumbRot_12, thumbRot_13, thumbRot_21, thumbRot_22, thumbRot_23, thumbRot_31, thumbRot_32, thumbRot_33, manipForceTooHigh, cceExpType, mapping, trialSuccess, 
442.403651, 57, 0.1, 0.1, 0.0170376093, 0.360891504, -0.0349751062, 0.939482572, -3.95719066e-007, -0.342596698, 0.342596698, 1.70348919e-005, 0.939482571, 5.46432657e-006, -1, 1.61395561e-005, 0.939482572, 6.64916435e-006, -0.342596696, 0.342596696, 1.21421288e-005, 0.939482572, 1.04066272e-005, -1, 9.12933665e-006, 0, 0, 0, 0, 0, 0, 0, 0.207517432, -0.0107512207, -0.212355908, -0.265158002, 0.789075884, -0.5539822, -0.834228516, 0.100463867, 0.542236328, 0.483467291, 0.605945357, 0.631793856, 0, 0, -0, 0, 0, 0, 0, 0.281479248, 0.0240224609, -0.174914209, 0.0201700447, 0.643833713, -0.764734957, 0.171630859, -0.755737305, -0.631835937, -0.984854173, -0.118408298, -0.125668943, 0, 2, 5, 1, 
442.443617, 57, 0.1, 0.1, 0.0170376534, 0.360891501, -0.0349669344, 0.93949053, 1.32746539e-005, -0.342574873, 0.342574872, 1.06314027e-005, 0.93949053, 1.61134631e-005, -1, 5.4405393e-006, 0.939490421, 1.34157487e-005, -0.342575172, 0.342575172, 2.13247157e-005, 0.939490421, 1.99092855e-005, -1, 1.54384638e-005, 0, 0, 0, 0, 0, 0, 0, 0.233662354, -0.0432685059, -0.20274165, -0.271481405, 0.795122229, -0.542153131, -0.849975586, 0.0660400391, 0.522460938, 0.451346181, 0.602763055, 0.658099276, 0, 0, -0, 0, 0, 0, 0, 0.304018848, -0.00720146484, -0.164818945, 0.0092588601, 0.622534793, -0.782393261, 0.233886719, -0.762084961, -0.603637695, -0.972131059, -0.177354037, -0.152687161, 0, 2, 5, 1, 
442.444313, 57, 0.1, 0.1, 0.0170376522, 0.360891495, -0.0349668226, 0.939491087, -1.32055661e-005, -0.342573345, 0.342573345, -1.18179268e-005, 0.939491087, -1.64550184e-005, -1, -6.57896198e-006, 0.939490977, -1.3428478e-005, -0.342573648, 0.342573648, -2.24171554e-005, 0.939490977, -2.02954606e-005, -1, -1.64604725e-005, 0, 0, 0, 0, 0, 0, 0, 0.233662354, -0.0432685059, -0.20274165, -0.271481405, 0.795122229, -0.542153131, -0.849975586, 0.0660400391, 0.522460938, 0.451346181, 0.602763055, 0.658099276, 0, 0, -0, 0, 0, 0, 0, 0.304018848, -0.00720146484, -0.164818945, 0.0092588601, 0.622534793, -0.782393261, 0.233886719, -0.762084961, -0.603637695, -0.972131059, -0.177354037, -0.152687161, 0, 2, 5, 1, 
442.445014, 57, 0.1, 0.1, 0.0170376552, 0.360891501, -0.0349674732, 0.93949166, 1.418715e-005, -0.342571774, 0.342571774, 1.21177368e-005, 0.93949166, 1.74799037e-005, -1, 6.52439553e-006, 0.939491548, 1.42703111e-005, -0.342572081, 0.342572081, 2.22964612e-005, 0.939491548, 2.10449818e-005, -1, 1.60587266e-005, 0, 0, 0, 0, 0, 0, 0, 0.233662354, -0.0432685059, -0.20274165, -0.271481405, 0.795122229, -0.542153131, -0.849975586, 0.0660400391, 0.522460938, 0.451346181, 0.602763055, 0.658099276, 0, 0, -0, 0, 0, 0, 0, 0.304018848, -0.00720146484, -0.164818945, 0.0092588601, 0.622534793, -0.782393261, 0.233886719, -0.762084961, -0.603637695, -0.972131059, -0.177354037, -0.152687161, 0, 2, 5, 1, 
442.44571, 57, 0.1, 0.1, 0.0170376544, 0.360891496, -0.0349687218, 0.939492236, -1.18484514e-005, -0.342570195, 0.342570195, -1.06273099e-005, 0.939492236, -1.47721277e-005, -1, -5.92534883e-006, 0.939492122, -1.18580252e-005, -0.342570506, 0.342570506, -2.03343331e-005, 0.939492122, -1.81064641e-005, -1, -1.50417361e-005, 0, 0, 0, 0, 0, 0, 0, 0.233662354, -0.0432685059, -0.20274165, -0.271481405, 0.795122229, -0.542153131, -0.849975586, 0.0660400391, 0.522460938, 0.451346181, 0.602763055, 0.658099276, 0, 0, -0, 0, 0, 0, 0, 0.304018848, -0.00720146484, -0.164818945, 0.0092588601, 0.622534793, -0.782393261, 0.233886719, -0.762084961, -0.603637695, -0.972131059, -0.177354037, -0.152687161, 0, 2, 5, 1, 
442.446435, 57, 0.1, 0.1, 0.0170376574, 0.360891502, -0.034970044, 0.939492837, 1.30074122e-005, -0.342568545, 0.342568545, 1.03449813e-005, 0.939492838, 1.57642357e-005, -1, 5.26310554e-006, 0.939492711, 1.31907825e-005, -0.342568892, 0.342568891, 2.07545509e-005, 0.939492711, 1.95025075e-005, -1, 1.49799976e-005, 0, 0, 0, 0, 0, 0, 0, 0.23588208, -0.0463293213, -0.201509106, -0.271628182, 0.79647955, -0.540025979, -0.850830078, 0.0633544922, 0.521484375, 0.449639141, 0.601188566, 0.660604983, 0, 0, -0, 0, 0, 0, 0, 0.304018848, -0.00720146484, -0.164818945, 0.00872877762, 0.621032398, -0.783652486, 0.240234375, -0.761962891, -0.601196289, -0.970591117, -0.182912624, -0.155888078, 0, 2, 5, 1, 
442.447128, 57, 0.1, 0.1, 0.0170376566, 0.360891497, -0.0349709163, 0.939493415, -1.12345108e-005, -0.342566963, 0.342566963, -1.02727354e-005, 0.939493415, -1.40738487e-005, -1, -5.80259504e-006, 0.939493301, -1.1236745e-005, -0.342567274, 0.342567274, -1.93919323e-005, 0.939493301, -1.71998881e-005, -1, -1.43692494e-005, 0, 0, 0, 0, 0, 0, 0, 0.23588208, -0.0463293213, -0.201509106, -0.271628182, 0.79647955, -0.540025979, -0.850830078, 0.0633544922, 0.521484375, 0.449639141, 0.601188566, 0.660604983, 0, 0, -0, 0, 0, 0, 0, 0.306248584, -0.0100966797, -0.163630127, 0.00872877762, 0.621032398, -0.783652486, 0.240234375, -0.761962891, -0.601196289, -0.970591117, -0.182912624, -0.155888078, 0, 2, 5, 1, 
442.447824, 57, 0.1, 0.1, 0.0170376591, 0.360891502, -0.0349713786, 0.939493991, 1.13740869e-005, -0.342565382, 0.342565382, 9.43498441e-006, 0.939493991, 1.39179853e-005, -1, 4.96774274e-006, 0.939493876, 1.1614031e-005, -0.342565696, 0.342565696, 1.85698726e-005, 0.939493876, 1.72727123e-005, -1, 1.3467713e-005, 0, 0, 0, 0, 0, 0, 0, 0.23588208, -0.0463293213, -0.201509106, -0.271628182, 0.79647955, -0.540025979, -0.850830078, 0.0633544922, 0.521484375, 0.449639141, 0.601188566, 0.660604983, 0, 0, -0, 0, 0, 0, 0, 0.306248584, -0.0100966797, -0.163630127, 0.00872877762, 0.621032398, -0.783652486, 0.240234375, -0.761962891, -0.601196289, -0.970591117, -0.182912624, -0.155888078, 0, 2, 5, 1, 
442.448521, 57, 0.1, 0.1, 0.017037658, 0.360891497, -0.0349713036, 0.939494564, -1.18209756e-005, -0.34256381, 0.34256381, -9.27571325e-006, 0.939494564, -1.4283266e-005, -1, -4.66504374e-006, 0.93949445, -1.19535481e-005, -0.342564124, 0.342564123, -1.85956852e-005, 0.93949445, -1.76005067e-005, -1, -1.33756864e-005, 0, 0, 0, 0, 0, 0, 0, 0.23588208, -0.0463293213, -0.201509106, -0.271628182, 0.79647955, -0.540025979, -0.850830078, 0.0633544922, 0.521484375, 0.449639141, 0.601188566, 0.660604983, 0, 0, -0, 0, 0, 0, 0, 0.306248584, -0.0100966797, -0.163630127, 0.00872877762, 0.621032398, -0.783652486, 0.240234375, -0.761962891, -0.601196289, -0.970591117, -0.182912624, -0.155888078, 0, 2, 5, 1, 
442.44922, 57, 0.1, 0.1, 0.0170376604, 0.360891502, -0.0349707004, 0.939495137, 1.12815543e-005, -0.342562238, 0.342562238, 9.75467974e-006, 0.939495137, 1.39405503e-005, -1, 5.29983969e-006, 0.939495024, 1.15560731e-005, -0.342562548, 0.342562548, 1.92532602e-005, 0.939495024, 1.74523191e-005, -1, 1.41296643e-005, 0, 0, 0, 0, 0, 0, 0, 0.23588208, -0.0463293213, -0.201509106, -0.271628182, 0.79647955, -0.540025979, -0.850830078, 0.0633544922, 0.521484375, 0.449639141, 0.601188566, 0.660604983, 0, 0, -0, 0, 0, 0, 0, 0.306248584, -0.0100966797, -0.163630127, 0.00872877762, 0.621032398, -0.783652486, 0.240234375, -0.761962891, -0.601196289, -0.970591117, -0.182912624, -0.155888078, 0, 2, 5, 1, 
442.449951, 57, 0.1, 0.1, 0.0170376585, 0.360891496, -0.0349694482, 0.939495739, -1.33227356e-005, -0.342560587, 0.342560587, -1.13986024e-005, 0.939495739, -1.64213652e-005, -1, -6.14509426e-006, 0.939495627, -1.42773305e-005, -0.342560894, 0.342560894, -2.10905597e-005, 0.939495627, -2.06382906e-005, -1, -1.49236335e-005, 0, 0, 0, 0, 0, 0, 0, 0.23588208, -0.0463293213, -0.201509106, -0.271628182, 0.79647955, -0.540025979, -0.850830078, 0.0633544922, 0.521484375, 0.449639141, 0.601188566, 0.660604983, 0, 0, -0, 0, 0, 0, 0, 0.306248584, -0.0100966797, -0.163630127, 0.00872877762, 0.621032398, -0.783652486, 0.240234375, -0.761962891, -0.601196289, -0.970591117, -0.182912624, -0.155888078, 0, 2, 5, 1, 
442.450671, 57, 0.1, 0.1, 0.0170376618, 0.360891502, -0.0349680277, 0.939496332, 1.47012118e-005, -0.34255896, 0.34255896, 9.16112218e-006, 0.939496332, 1.69499591e-005, -1, 3.57080885e-006, 0.939496218, 1.50666529e-005, -0.342559273, 0.342559273, 1.93929699e-005, 0.939496218, 2.07983051e-005, -1, 1.30584003e-005, 0, 0, 0, 0, 0, 0, 0, 0.23588208, -0.0463293213, -0.201509106, -0.271628182, 0.79647955, -0.540025979, -0.850830078, 0.0633544922, 0.521484375, 0.449639141, 0.601188566, 0.660604983, 0, 0, -0, 0, 0, 0, 0, 0.306248584, -0.0100966797, -0.163630127, 0.00872877762, 0.621032398, -0.783652486, 0.240234375, -0.761962891, -0.601196289, -0.970591117, -0.182912624, -0.155888078, 0, 2, 5, 1, 
442.451411, 57, 0.1, 0.1, 0.0170376602, 0.360891495, -0.034966646, 0.939496954, -1.43831546e-005, -0.342557254, 0.342557254, -1.24020036e-005, 0.939496954, -1.77613263e-005, -1, -6.72459067e-006, 0.939496838, -1.46596436e-005, -0.342557574, 0.342557574, -2.36171791e-005, 0.939496838, -2.18629324e-005, -1, -1.71664931e-005, 0, 0, 0, 0, 0, 0, 0, 0.23775918, -0.0491594482, -0.200881836, -0.274148115, 0.797976534, -0.536610777, -0.850585937, 0.0590820312, 0.522338867, 0.448555156, 0.599715547, 0.662659499, 0, 0, -0, 0, 0, 0, 0, 0.308123975, -0.0125939941, -0.162862158, 0.00624350973, 0.619159235, -0.785103108, 0.246337891, -0.76184082, -0.598876953, -0.969133932, -0.189614865, -0.157267972, 0, 2, 5, 1, 
442.452108, 57, 0.1, 0.1, 0.0170376628, 0.360891501, -0.0349661022, 0.939497552, 1.32175418e-005, -0.342555615, 0.342555615, 1.22517155e-005, 0.939497552, 1.66147421e-005, -1, 6.98271355e-006, 0.939497434, 1.33546896e-005, -0.342555938, 0.342555938, 2.27359512e-005, 0.939497434, 2.03350317e-005, -1, 1.67856396e-005, 0, 0, 0, 0, 0, 0, 0, 0.23775918, -0.0491594482, -0.200881836, -0.274148115, 0.797976534, -0.536610777, -0.850585937, 0.0590820312, 0.522338867, 0.448555156, 0.599715547, 0.662659499, 0, 0, -0, 0, 0, 0, 0, 0.308123975, -0.0125939941, -0.162862158, 0.00624350973, 0.619159235, -0.785103108, 0.246337891, -0.76184082, -0.598876953, -0.969133932, -0.189614865, -0.157267972, 0, 2, 5, 1, 
442.452803, 57, 0.1, 0.1, 0.0170376613, 0.360891496, -0.0349666199, 0.939498153, -1.3940731e-005, -0.342553966, 0.342553966, -1.01857319e-005, 0.939498154, -1.65864539e-005, -1, -4.79402364e-006, 0.939498035, -1.41079022e-005, -0.342554291, 0.342554291, -2.08681347e-005, 0.939498035, -2.04028154e-005, -1, -1.47728491e-005, 0, 0, 0, 0, 0, 0, 0, 0.23775918, -0.0491594482, -0.200881836, -0.274148115, 0.797976534, -0.536610777, -0.850585937, 0.0590820312, 0.522338867, 0.448555156, 0.599715547, 0.662659499, 0, 0, -0, 0, 0, 0, 0, 0.308123975, -0.0125939941, -0.162862158, 0.00624350973, 0.619159235, -0.785103108, 0.246337891, -0.76184082, -0.598876953, -0.969133932, -0.189614865, -0.157267972, 0, 2, 5, 1, 
442.453512, 57, 0.1, 0.1, 0.0170376639, 0.360891502, -0.0349679982, 0.939498771, 1.29110567e-005, -0.342552271, 0.342552271, 1.28691472e-005, 0.939498771, 1.65382775e-005, -1, 7.66783614e-006, 0.93949864, 1.28695204e-005, -0.342552632, 0.342552632, 2.37268924e-005, 0.93949864, 2.02186064e-005, -1, 1.7882895e-005, 0, 0, 0, 0, 0, 0, 0, 0.23775918, -0.0491594482, -0.200881836, -0.275850285, 0.798217668, -0.535283414, -0.8515625, 0.0551757812, 0.521240234, 0.445611363, 0.599677355, 0.664797512, 0, 0, -0, 0, 0, 0, 0, 0.308123975, -0.0125939941, -0.162862158, 0.00624350973, 0.619159235, -0.785103108, 0.246337891, -0.76184082, -0.598876953, -0.969133932, -0.189614865, -0.157267972, 0, 2, 5, 1, 
442.454219, 57, 0.1, 0.1, 0.0170376628, 0.360891497, -0.0349694532, 0.93949939, -1.23149867e-005, -0.342550575, 0.342550575, -1.08306272e-005, 0.93949939, -1.527996e-005, -1, -5.95686186e-006, 0.939499271, -1.24308039e-005, -0.3425509, 0.342550899, -2.03446109e-005, 0.939499271, -1.8647796e-005, -1, -1.4855564e-005, 0, 0, 0, 0, 0, 0, 0, 0.240118896, -0.0520493896, -0.199691284, -0.275850285, 0.798217668, -0.535283414, -0.8515625, 0.0551757812, 0.521240234, 0.445611363, 0.599677355, 0.664797512, 0, 0, -0, 0, 0, 0, 0, 0.310244336, -0.0153379883, -0.161672852, 0.00396276558, 0.617094308, -0.786732735, 0.253295898, -0.76171875, -0.596191406, -0.967287021, -0.196828232, -0.159280393, 0, 2, 5, 1, 
442.454913, 57, 0.1, 0.1, 0.0170376652, 0.360891502, -0.0349708754, 0.939499993, 1.20256175e-005, -0.34254892, 0.34254892, 1.0996054e-005, 0.939499993, 1.5064754e-005, -1, 6.21143034e-006, 0.939499875, 1.20251639e-005, -0.342549246, 0.342549245, 1.9983971e-005, 0.939499874, 1.81431341e-005, -1, 1.46557275e-005, 0, 0, 0, 0, 0, 0, 0, 0.240118896, -0.0520493896, -0.199691284, -0.275850285, 0.798217668, -0.535283414, -0.8515625, 0.0551757812, 0.521240234, 0.445611363, 0.599677355, 0.664797512, 0, 0, -0, 0, 0, 0, 0, 0.310244336, -0.0153379883, -0.161672852, 0.00396276558, 0.617094308, -0.786732735, 0.253295898, -0.76171875, -0.596191406, -0.967287021, -0.196828232, -0.159280393, 0, 2, 5, 1, 
442.455608, 57, 0.1, 0.1, 0.0170376644, 0.360891498, -0.034971877, 0.939500591, -1.06627854e-005, -0.34254728, 0.34254728, -8.7175037e-006, 0.939500591, -1.30038504e-005, -1, -4.53759173e-006, 0.939500474, -1.07823833e-005, -0.342547601, 0.342547601, -1.75114492e-005, 0.939500474, -1.61285591e-005, -1, -1.27585353e-005, 0, 0, 0, 0, 0, 0, 0, 0.240118896, -0.0520493896, -0.199691284, -0.275850285, 0.798217668, -0.535283414, -0.8515625, 0.0551757812, 0.521240234, 0.445611363, 0.599677355, 0.664797512, 0, 0, -0, 0, 0, 0, 0, 0.310244336, -0.0153379883, -0.161672852, 0.00396276558, 0.617094308, -0.786732735, 0.253295898, -0.76171875, -0.596191406, -0.967287021, -0.196828232, -0.159280393, 0, 2, 5, 1, 
442.456305, 57, 0.1, 0.1, 0.0170376669, 0.360891503, -0.0349721451, 0.939501184, 1.16671156e-005, -0.342545655, 0.342545655, 1.0171777e-005, 0.939501184, 1.44455669e-005, -1, 5.55987681e-006, 0.939501069, 1.18542996e-005, -0.34254597, 0.34254597, 1.89878422e-005, 0.939501069, 1.7641336e-005, -1, 1.37784555e-005, 0, 0, 0, 0, 0, 0, 0, 0.240118896, -0.0520493896, -0.199691284, -0.275850285, 0.798217668, -0.535283414, -0.8515625, 0.0551757812, 0.521240234, 0.445611363, 0.599677355, 0.664797512, 0, 0, -0, 0, 0, 0, 0, 0.310244336, -0.0153379883, -0.161672852, 0.00396276558, 0.617094308, -0.786732735, 0.253295898, -0.76171875, -0.596191406, -0.967287021, -0.196828232, -0.159280393, 0, 2, 5, 1, 
442.457, 57, 0.1, 0.1, 0.0170376659, 0.360891498, -0.0349716502, 0.939501768, -1.09167233e-005, -0.342544052, 0.342544052, -8.81579855e-006, 0.939501768, -1.32760802e-005, -1, -4.54299969e-006, 0.939501654, -1.11068526e-005, -0.342544366, 0.342544366, -1.78440236e-005, 0.939501654, -1.65472761e-005, -1, -1.29598999e-005, 0, 0, 0, 0, 0, 0, 0, 0.240118896, -0.0520493896, -0.199691284, -0.275850285, 0.798217668, -0.535283414, -0.8515625, 0.0551757812, 0.521240234, 0.445611363, 0.599677355, 0.664797512, 0, 0, -0, 0, 0, 0, 0, 0.310244336, -0.0153379883, -0.161672852, 0.00396276558, 0.617094308, -0.786732735, 0.253295898, -0.76171875, -0.596191406, -0.967287021, -0.196828232, -0.159280393, 0, 2, 5, 1, 
442.457699, 57, 0.1, 0.1, 0.0170376686, 0.360891504, -0.0349705978, 0.939502351, 1.20001976e-005, -0.342542453, 0.342542453, 9.30416455e-006, 0.939502351, 1.44612852e-005, -1, 4.63070737e-006, 0.939502236, 1.23331334e-005, -0.342542768, 0.342542768, 1.89587321e-005, 0.939502236, 1.80811829e-005, -1, 1.35871455e-005, 0, 0, 0, 0, 0, 0, 0, 0.240118896, -0.0520493896, -0.199691284, -0.275850285, 0.798217668, -0.535283414, -0.8515625, 0.0551757812, 0.521240234, 0.445611363, 0.599677355, 0.664797512, 0, 0, -0, 0, 0, 0, 0, 0.310244336, -0.0153379883, -0.161672852, 0.00396276558, 0.617094308, -0.786732735, 0.253295898, -0.76171875, -0.596191406, -0.967287021, -0.196828232, -0.159280393, 0, 2, 5, 1, 
442.458409, 57, 0.1, 0.1, 0.0170376671, 0.360891498, -0.0349692372, 0.939502941, -1.26383635e-005, -0.342540835, 0.342540835, -9.69904421e-006, 0.939502941, -1.51960983e-005, -1, -4.783125e-006, 0.939502826, -1.29001434e-005, -0.342541151, 0.342541151, -1.97002251e-005, 0.939502826, -1.8867859e-005, -1, -1.40895872e-005, 0, 0, 0, 0, 0, 0, 0, 0.242386572, -0.0538143311, -0.198232812, -0.279266609, 0.798617563, -0.53311807, -0.852783203, 0.048828125, 0.519897461, 0.441208779, 0.599861202, 0.667544353, 0, 0, -0, 0, 0, 0, 0, 0.310244336, -0.0153379883, -0.161672852, 0.00396276558, 0.617094308, -0.786732735, 0.253295898, -0.76171875, -0.596191406, -0.967287021, -0.196828232, -0.159280393, 0, 2, 5, 1, 
442.459114, 57, 0.1, 0.1, 0.0170376698, 0.360891505, -0.0349678243, 0.939503532, 1.29047122e-005, -0.342539213, 0.342539213, 1.14598998e-005, 0.939503533, 1.60494878e-005, -1, 6.34624641e-006, 0.939503417, 1.32088033e-005, -0.342539528, 0.342539528, 2.20737045e-005, 0.939503417, 1.99708322e-005, -1, 1.62137836e-005, 0, 0, 0, 0, 0, 0, 0, 0.242386572, -0.0538143311, -0.198232812, -0.279266609, 0.798617563, -0.53311807, -0.852783203, 0.048828125, 0.519897461, 0.441208779, 0.599861202, 0.667544353, 0, 0, -0, 0, 0, 0, 0, 0.312123389, -0.0171714355, -0.160465723, 0.00126677734, 0.615815027, -0.787761917, 0.262084961, -0.760375977, -0.594116211, -0.964992784, -0.205677422, -0.16233439, 0, 2, 5, 1, 
442.459811, 57, 0.1, 0.1, 0.0170376682, 0.360891499, -0.0349670792, 0.93950412, -1.3697411e-005, -0.3425376, 0.3425376, -1.12719972e-005, 0.939504121, -1.67298569e-005, -1, -5.89820955e-006, 0.939504006, -1.38980266e-005, -0.342537915, 0.342537915, -2.15069542e-005, 0.939504006, -2.0424199e-005, -1, -1.54452685e-005, 0, 0, 0, 0, 0, 0, 0, 0.242386572, -0.0538143311, -0.198232812, -0.279266609, 0.798617563, -0.53311807, -0.852783203, 0.048828125, 0.519897461, 0.441208779, 0.599861202, 0.667544353, 0, 0, -0, 0, 0, 0, 0, 0.312123389, -0.0171714355, -0.160465723, 0.00126677734, 0.615815027, -0.787761917, 0.262084961, -0.760375977, -0.594116211, -0.964992784, -0.205677422, -0.16233439, 0, 2, 5, 1, 
442.460502, 57, 0.1, 0.1, 0.0170376707, 0.360891505, -0.0349671709, 0.939504709, 1.2843e-005, -0.342535985, 0.342535985, 1.02668267e-005, 0.93950471, 1.55828166e-005, -1, 5.24654242e-006, 0.939504591, 1.29674076e-005, -0.342536308, 0.342536308, 2.08682056e-005, 0.939504591, 1.93310571e-005, -1, 1.51639671e-005, 0, 0, 0, 0, 0, 0, 0, 0.242386572, -0.0538143311, -0.198232812, -0.279266609, 0.798617563, -0.53311807, -0.852783203, 0.048828125, 0.519897461, 0.441208779, 0.599861202, 0.667544353, 0, 0, -0, 0, 0, 0, 0, 0.312123389, -0.0171714355, -0.160465723, 0.00126677734, 0.615815027, -0.787761917, 0.262084961, -0.760375977, -0.594116211, -0.964992784, -0.205677422, -0.16233439, 0, 2, 5, 1, 
442.461195, 57, 0.1, 0.1, 0.0170376693, 0.360891499, -0.0349680176, 0.939505304, -1.31835418e-005, -0.342534354, 0.342534354, -1.27709546e-005, 0.939505304, -1.67604982e-005, -1, -7.48256355e-006, 0.939505186, -1.32875141e-005, -0.342534678, 0.342534678, -2.27977818e-005, 0.939505186, -2.02927193e-005, -1, -1.68671999e-005, 0, 0, 0, 0, 0, 0, 0, 0.242386572, -0.0538143311, -0.198232812, -0.279266609, 0.798617563, -0.53311807, -0.852783203, 0.048828125, 0.519897461, 0.441208779, 0.599861202, 0.667544353, 0, 0, -0, 0, 0, 0, 0, 0.312123389, -0.0171714355, -0.160465723, 0.00126677734, 0.615815027, -0.787761917, 0.262084961, -0.760375977, -0.594116211, -0.964992784, -0.205677422, -0.16233439, 0, 2, 5, 1, 
442.461887, 57, 0.1, 0.1, 0.0170376716, 0.360891504, -0.0349693143, 0.9395059, 1.22989531e-005, -0.342532719, 0.342532719, 9.73141681e-006, 0.9395059, 1.48882677e-005, -1, 4.92992966e-006, 0.939505783, 1.23187974e-005, -0.342533041, 0.342533041, 1.91950394e-005, 0.939505783, 1.81485166e-005, -1, 1.38142553e-005, 0, 0, 0, 0, 0, 0, 0, 0.242386572, -0.0538143311, -0.198232812, -0.279266609, 0.798617563, -0.53311807, -0.852783203, 0.048828125, 0.519897461, 0.441208779, 0.599861202, 0.667544353, 0, 0, -0, 0, 0, 0, 0, 0.312123389, -0.0171714355, -0.160465723, 0.00126677734, 0.615815027, -0.787761917, 0.262084961, -0.760375977, -0.594116211, -0.964992784, -0.205677422, -0.16233439, 0, 2, 5, 1, 
442.462582, 57, 0.1, 0.1, 0.0170376705, 0.360891498, -0.034970667, 0.939506496, -1.16374936e-005, -0.342531085, 0.342531085, -1.09731278e-005, 0.939506496, -1.46921381e-005, -1, -6.32312151e-006, 0.939506377, -1.17225982e-005, -0.342531411, 0.342531411, -2.03342651e-005, 0.939506377, -1.79785803e-005, -1, -1.50888136e-005, 0, 0, 0, 0, 0, 0, 0, 0.242386572, -0.0538143311, -0.198232812, -0.279266609, 0.798617563, -0.53311807, -0.852783203, 0.048828125, 0.519897461, 0.441208779, 0.599861202, 0.667544353, 0, 0, -0, 0, 0, 0, 0, 0.312123389, -0.0171714355, -0.160465723, 0.00126677734, 0.615815027, -0.787761917, 0.262084961, -0.760375977, -0.594116211, -0.964992784, -0.205677422, -0.16233439, 0, 2, 5, 1, 
442.463301, 57, 0.1, 0.1, 0.0170376731, 0.360891503, -0.0349715756, 0.939507109, 1.17745915e-005, -0.342529404, 0.342529404, 8.4410735e-006, 0.939507109, 1.39536283e-005, -1, 3.89730474e-006, 0.939506981, 1.18980846e-005, -0.342529753, 0.342529753, 1.8031691e-005, 0.939506981, 1.73547242e-005, -1, 1.28654516e-005, 0, 0, 0, 0, 0, 0, 0, 0.244093628, -0.0555533936, -0.197980859, -0.285048976, 0.799588094, -0.528319338, -0.851928711, 0.0411376953, 0.521850586, 0.439034817, 0.598965934, 0.669750515, 0, 0, -0, 0, 0, 0, 0, 0.312123389, -0.0171714355, -0.160465723, -0.00408728624, 0.615372797, -0.788126122, 0.268920898, -0.758300781, -0.59362793, -0.963100665, -0.214315892, -0.162372669, 0, 2, 5, 1, 
442.463997, 57, 0.1, 0.1, 0.017037672, 0.360891498, -0.0349716173, 0.939507696, -1.08431514e-005, -0.342527793, 0.342527793, -9.4542182e-006, 0.939507696, -1.34255567e-005, -1, -5.16823003e-006, 0.939507579, -1.1029125e-005, -0.342528113, 0.342528113, -1.88304567e-005, 0.939507579, -1.68119073e-005, -1, -1.39135714e-005, 0, 0, 0, 0, 0, 0, 0, 0.244093628, -0.0555533936, -0.197980859, -0.285048976, 0.799588094, -0.528319338, -0.851928711, 0.0411376953, 0.521850586, 0.439034817, 0.598965934, 0.669750515, 0, 0, -0, 0, 0, 0, 0, 0.313371631, -0.0187218262, -0.160044141, -0.00408728624, 0.615372797, -0.788126122, 0.268920898, -0.758300781, -0.59362793, -0.963100665, -0.214315892, -0.162372669, 0, 2, 5, 1, 
442.46491, 57, 0.1, 0.1, 0.0170376764, 0.360891504, -0.0349694601, 0.939508456, 1.34874874e-005, -0.34252571, 0.34252571, 9.14031496e-007, 0.939508456, 1.29846877e-005, -1, -3.76107086e-006, 0.939508254, 1.45489459e-005, -0.342526262, 0.342526262, 1.73782017e-005, 0.939508254, 1.96213452e-005, -1, 1.13435679e-005, 0, 0, 0, 0, 0, 0, 0, 0.244093628, -0.0555533936, -0.197980859, -0.285048976, 0.799588094, -0.528319338, -0.851928711, 0.0411376953, 0.521850586, 0.439034817, 0.598965934, 0.669750515, 0, 0, -0, 0, 0, 0, 0, 0.313371631, -0.0187218262, -0.160044141, -0.00408728624, 0.615372797, -0.788126122, 0.268920898, -0.758300781, -0.59362793, -0.963100665, -0.214315892, -0.162372669, 0, 2, 5, 1, 
442.465706, 57, 0.1, 0.1, 0.017037677, 0.360891504, -0.0349644591, 0.939509147, 6.64822065e-006, -0.342523812, 0.342523812, 5.9595584e-006, 0.939509147, 8.28735478e-006, -1, 3.32188575e-006, 0.939509029, 3.06082286e-006, -0.342524136, 0.342524136, 8.82355087e-006, 0.939509029, 5.89794985e-006, -1, 7.24140001e-006, 0, 0, 0, 0, 0, 0, 0, 0.244093628, -0.0555533936, -0.197980859, -0.285048976, 0.799588094, -0.528319338, -0.851928711, 0.0411376953, 0.521850586, 0.439034817, 0.598965934, 0.669750515, 0, 0, -0, 0, 0, 0, 0, 0.313371631, -0.0187218262, -0.160044141, -0.00408728624, 0.615372797, -0.788126122, 0.268920898, -0.758300781, -0.59362793, -0.963100665, -0.214315892, -0.162372669, 0, 2, 5, 1, 
442.466396, 57, 0.1, 0.1, 0.0170376768, 0.360891503, -0.0349619625, 0.939509733, 8.46100845e-007, -0.342522205, 0.342522205, 7.88545273e-006, 0.939509733, 3.49586263e-006, -1, 7.11865127e-006, 0.939509617, -7.45292147e-006, -0.342522525, 0.342522525, 1.5594073e-006, 0.939509617, -6.46795927e-006, -1, 4.01787164e-006, 0, 0, 0, 0, 0, 0, 0, 0.244093628, -0.0555533936, -0.197980859, -0.285048976, 0.799588094, -0.528319338, -0.851928711, 0.0411376953, 0.521850586, 0.439034817, 0.598965934, 0.669750515, 0, 0, -0, 0, 0, 0, 0, 0.313371631, -0.0187218262, -0.160044141, -0.00408728624, 0.615372797, -0.788126122, 0.268920898, -0.758300781, -0.59362793, -0.963100665, -0.214315892, -0.162372669, 0, 2, 5, 1, 
442.467092, 57, 0.1, 0.1, 0.0170376765, 0.360891502, -0.0349618596, 0.939510324, -8.65164902e-006, -0.342520586, 0.342520586, 1.44199046e-006, 0.939510324, -7.63440215e-006, -1, 4.31813282e-006, 0.939510209, -8.56147989e-006, -0.342520901, 0.342520901, -9.51515835e-006, 0.939510209, -1.13027384e-005, -1, -6.0071026e-006, 0, 0, 0, 0, 0, 0, 0, 0.244093628, -0.0555533936, -0.197980859, -0.285048976, 0.799588094, -0.528319338, -0.851928711, 0.0411376953, 0.521850586, 0.439034817, 0.598965934, 0.669750515, 0, 0, -0, 0, 0, 0, 0, 0.313371631, -0.0187218262, -0.160044141, -0.00408728624, 0.615372797, -0.788126122, 0.268920898, -0.758300781, -0.59362793, -0.963100665, -0.214315892, -0.162372669, 0, 2, 5, 1, 
442.467787, 57, 0.1, 0.1, 0.0170376767, 0.360891501, -0.0349640797, 0.939510914, -7.74986015e-006, -0.342518966, 0.342518966, -7.58625027e-006, 0.939510914, -9.8795128e-006, -1, -4.47289084e-006, 0.939510797, -3.70767981e-006, -0.342519287, 0.342519287, -1.012006e-005, 0.939510797, -6.94972095e-006, -1, -8.2379538e-006, 0, 0, 0, 0, 0, 0, 0, 0.244093628, -0.0555533936, -0.197980859, -0.285048976, 0.799588094, -0.528319338, -0.851928711, 0.0411376953, 0.521850586, 0.439034817, 0.598965934, 0.669750515, 0, 0, -0, 0, 0, 0, 0, 0.313371631, -0.0187218262, -0.160044141, -0.00408728624, 0.615372797, -0.788126122, 0.268920898, -0.758300781, -0.59362793, -0.963100665, -0.214315892, -0.162372669, 0, 2, 5, 1, 
442.468509, 57, 0.1, 0.1, 0.0170376774, 0.360891503, -0.0349676675, 0.939511522, -1.80244427e-006, -0.342517299, 0.342517299, -6.15516786e-006, 0.939511522, -3.80166863e-006, -1, -5.16548278e-006, 0.939511402, 5.43505823e-006, -0.342517627, 0.342517627, -7.49249141e-007, 0.939511402, 4.84966814e-006, -1, -2.56553136e-006, 0, 0, 0, 0, 0, 0, 0, 0.24587002, -0.0573638672, -0.197008057, -0.289372551, 0.799036553, -0.52684632, -0.852539062, 0.0350341797, 0.521484375, 0.435146703, 0.600165616, 0.671247499, 0, 0, -0, 0, 0, 0, 0, 0.314999121, -0.0208029297, -0.159284473, -0.00712195963, 0.613358909, -0.789698146, 0.275878906, -0.7578125, -0.591064453, -0.96108751, -0.222014866, -0.163765323, 0, 2, 5, 1, 
442.469197, 57, 0.1, 0.1, 0.0170376779, 0.360891504, -0.0349713744, 0.93951209, 4.98406374e-006, -0.342515739, 0.342515739, 4.38305794e-007, 0.939512091, 4.83271478e-006, -1, -1.29532668e-006, 0.93951198, 4.82565746e-006, -0.342516043, 0.342516043, 8.38469864e-006, 0.93951198, 7.4056568e-006, -1, 6.22465972e-006, 0, 0, 0, 0, 0, 0, 0, 0.24587002, -0.0573638672, -0.197008057, -0.289372551, 0.799036553, -0.52684632, -0.852539062, 0.0350341797, 0.521484375, 0.435146703, 0.600165616, 0.671247499, 0, 0, -0, 0, 0, 0, 0, 0.314999121, -0.0208029297, -0.159284473, -0.00712195963, 0.613358909, -0.789698146, 0.275878906, -0.7578125, -0.591064453, -0.96108751, -0.222014866, -0.163765323, 0, 2, 5, 1, 
442.469892, 57, 0.1, 0.1, 0.017037678, 0.360891505, -0.0349743981, 0.939512648, 4.30006668e-006, -0.342514211, 0.342514211, 6.85243854e-006, 0.939512648, 6.38702461e-006, -1, 4.96511873e-006, 0.939512539, 1.35853128e-006, -0.342514509, 0.342514509, 8.64083323e-006, 0.939512539, 4.23596792e-006, -1, 7.65285449e-006, 0, 0, 0, 0, 0, 0, 0, 0.24587002, -0.0573638672, -0.197008057, -0.289372551, 0.799036553, -0.52684632, -0.852539062, 0.0350341797, 0.521484375, 0.435146703, 0.600165616, 0.671247499, 0, 0, -0, 0, 0, 0, 0, 0.314999121, -0.0208029297, -0.159284473, -0.00712195963, 0.613358909, -0.789698146, 0.275878906, -0.7578125, -0.591064453, -0.96108751, -0.222014866, -0.163765323, 0, 2, 5, 1, 
442.470615, 57, 0.1, 0.1, 0.0170376783, 0.360891505, -0.0349757557, 0.939513205, 1.95696659e-006, -0.342512681, 0.342512681, 7.51301796e-006, 0.939513205, 4.41189988e-006, -1, 6.38829371e-006, 0.939513089, -3.97209839e-006, -0.342512999, 0.342512999, 3.4739361e-006, 0.939513089, -2.54197016e-006, -1, 4.62430378e-006, 0, 0, 0, 0, 0, 0, 0, 0.247299414, -0.0598467529, -0.195871582, -0.291842309, 0.798446821, -0.526490609, -0.852905273, 0.0318603516, 0.520996094, 0.432818851, 0.601124164, 0.671932712, 0, 0, -0, 0, 0, 0, 0, 0.314999121, -0.0208029297, -0.159284473, -0.00951134556, 0.610744577, -0.791672654, 0.281738281, -0.75793457, -0.588256836, -0.959374762, -0.228672264, -0.164832051, 0, 2, 5, 1, 
442.471304, 57, 0.1, 0.1, 0.0170376788, 0.360891505, -0.0349750114, 0.939513718, -3.88939955e-006, -0.342511275, 0.342511275, 1.6584173e-006, 0.939513718, -3.08611761e-006, -1, 2.890269e-006, 0.939513618, -3.86184151e-006, -0.34251155, 0.34251155, -5.13949653e-006, 0.939513618, -5.38858961e-006, -1, -3.50590165e-006, 0, 0, 0, 0, 0, 0, 0, 0.247299414, -0.0598467529, -0.195871582, -0.291842309, 0.798446821, -0.526490609, -0.852905273, 0.0318603516, 0.520996094, 0.432818851, 0.601124164, 0.671932712, 0, 0, -0, 0, 0, 0, 0, 0.316216504, -0.0229018555, -0.158321338, -0.00951134556, 0.610744577, -0.791672654, 0.281738281, -0.75793457, -0.588256836, -0.959374762, -0.228672264, -0.164832051, 0, 2, 5, 1, 
442.471998, 57, 0.1, 0.1, 0.0170376796, 0.360891505, -0.0349727795, 0.93951422, -4.60506067e-006, -0.342509898, 0.342509898, -7.13908691e-006, 0.93951422, -6.77172791e-006, -1, -5.12999481e-006, 0.939514122, -1.48021408e-006, -0.342510168, 0.342510168, -8.90088497e-006, 0.939514122, -4.43932563e-006, -1, -7.85551875e-006, 0, 0, 0, 0, 0, 0, 0, 0.247299414, -0.0598467529, -0.195871582, -0.291842309, 0.798446821, -0.526490609, -0.852905273, 0.0318603516, 0.520996094, 0.432818851, 0.601124164, 0.671932712, 0, 0, -0, 0, 0, 0, 0, 0.316216504, -0.0229018555, -0.158321338, -0.00951134556, 0.610744577, -0.791672654, 0.281738281, -0.75793457, -0.588256836, -0.959374762, -0.228672264, -0.164832051, 0, 2, 5, 1, 
442.47269, 57, 0.1, 0.1, 0.0170376804, 0.360891504, -0.0349698368, 0.939514711, -1.93948534e-006, -0.34250855, 0.34250855, -1.01514596e-005, 0.939514711, -5.29913673e-006, -1, -8.87315533e-006, 0.939514614, 4.89332835e-006, -0.342508816, 0.342508816, -5.2663461e-006, 0.939514614, 2.79358353e-006, -1, -6.62381723e-006, 0, 0, 0, 0, 0, 0, 0, 0.247299414, -0.0598467529, -0.195871582, -0.291842309, 0.798446821, -0.526490609, -0.852905273, 0.0318603516, 0.520996094, 0.432818851, 0.601124164, 0.671932712, 0, 0, -0, 0, 0, 0, 0, 0.316216504, -0.0229018555, -0.158321338, -0.00951134556, 0.610744577, -0.791672654, 0.281738281, -0.75793457, -0.588256836, -0.959374762, -0.228672264, -0.164832051, 0, 2, 5, 1, 
442.473382, 57, 0.1, 0.1, 0.017037681, 0.360891504, -0.0349670776, 0.939515199, 5.59462365e-006, -0.342507212, 0.342507212, -4.31982306e-006, 0.939515199, 3.7766634e-006, -1, -5.97473838e-006, 0.939515103, 5.66817526e-006, -0.342507476, 0.342507476, 4.94694779e-006, 0.939515103, 7.01970286e-006, -1, 2.70633976e-006, 0, 0, 0, 0, 0, 0, 0, 0.247299414, -0.0598467529, -0.195871582, -0.291842309, 0.798446821, -0.526490609, -0.852905273, 0.0318603516, 0.520996094, 0.432818851, 0.601124164, 0.671932712, 0, 0, -0, 0, 0, 0, 0, 0.316216504, -0.0229018555, -0.158321338, -0.00951134556, 0.610744577, -0.791672654, 0.281738281, -0.75793457, -0.588256836, -0.959374762, -0.228672264, -0.164832051, 0, 2, 5, 1, 
442.474075, 57, 0.1, 0.1, 0.017037681, 0.360891505, -0.0349652584, 0.939515693, 6.04746302e-006, -0.342505858, 0.342505858, 6.96096638e-006, 0.939515693, 8.06585817e-006, -1, 4.46864564e-006, 0.939515596, 2.12140894e-006, -0.342506125, 0.342506125, 9.03093096e-006, 0.939515595, 5.08624596e-006, -1, 7.75810492e-006, 0, 0, 0, 0, 0, 0, 0, 0.247299414, -0.0598467529, -0.195871582, -0.291842309, 0.798446821, -0.526490609, -0.852905273, 0.0318603516, 0.520996094, 0.432818851, 0.601124164, 0.671932712, 0, 0, -0, 0, 0, 0, 0, 0.316216504, -0.0229018555, -0.158321338, -0.00951134556, 0.610744577, -0.791672654, 0.281738281, -0.75793457, -0.588256836, -0.959374762, -0.228672264, -0.164832051, 0, 2, 5, 1, 
442.474774, 57, 0.1, 0.1, 0.0170376811, 0.360891505, -0.0349648382, 0.939516195, 2.10164697e-006, -0.342504481, 0.342504481, 1.04716378e-005, 0.939516195, 5.56111423e-006, -1, 9.11844978e-006, 0.939516094, -5.84127663e-006, -0.342504756, 0.342504756, 4.39562274e-006, 0.939516094, -3.98245171e-006, -1, 6.13042334e-006, 0, 0, 0, 0, 0, 0, 0, 0.247299414, -0.0598467529, -0.195871582, -0.291842309, 0.798446821, -0.526490609, -0.852905273, 0.0318603516, 0.520996094, 0.432818851, 0.601124164, 0.671932712, 0, 0, -0, 0, 0, 0, 0, 0.316216504, -0.0229018555, -0.158321338, -0.00951134556, 0.610744577, -0.791672654, 0.281738281, -0.75793457, -0.588256836, -0.959374762, -0.228672264, -0.164832051, 0, 2, 5, 1, 
442.475495, 57, 0.1, 0.1, 0.0170376813, 0.360891505, -0.034965773, 0.939516718, -6.20561987e-006, -0.342503046, 0.342503046, 5.26298747e-006, 0.939516718, -4.02769437e-006, -1, 7.07010842e-006, 0.939516605, -6.19600108e-006, -0.342503357, 0.342503357, -5.74758846e-006, 0.939516605, -7.78981424e-006, -1, -3.27780362e-006, 0, 0, 0, 0, 0, 0, 0, 0.248764575, -0.0625100342, -0.195347217, -0.293702117, 0.798770331, -0.525011599, -0.852661133, 0.0291748047, 0.521484375, 0.432001088, 0.600825742, 0.672687195, 0, 0, -0, 0, 0, 0, 0, 0.316216504, -0.0229018555, -0.158321338, -0.0117410504, 0.609421186, -0.792580068, 0.286132813, -0.757446289, -0.586669922, -0.958013458, -0.233598324, -0.165541138, 0, 2, 5, 1, 
442.476183, 57, 0.1, 0.1, 0.017037682, 0.360891505, -0.0349675496, 0.939517223, -5.79939909e-006, -0.342501661, 0.34250166, -5.04053587e-006, 0.939517223, -7.17502723e-006, -1, -2.74936644e-006, 0.939517123, -2.09092482e-006, -0.342501936, 0.342501936, -6.73649938e-006, 0.939517123, -4.27172375e-006, -1, -5.61291072e-006, 0, 0, 0, 0, 0, 0, 0, 0.248764575, -0.0625100342, -0.195347217, -0.293702117, 0.798770331, -0.525011599, -0.852661133, 0.0291748047, 0.521484375, 0.432001088, 0.600825742, 0.672687195, 0, 0, -0, 0, 0, 0, 0, 0.317213818, -0.0253254395, -0.157726562, -0.0117410504, 0.609421186, -0.792580068, 0.286132813, -0.757446289, -0.586669922, -0.958013458, -0.233598324, -0.165541138, 0, 2, 5, 1, 
442.476874, 57, 0.1, 0.1, 0.0170376826, 0.360891506, -0.0349698541, 0.939517727, -1.78861729e-006, -0.342500279, 0.342500279, -7.52789886e-006, 0.939517727, -4.25874511e-006, -1, -6.45999251e-006, 0.939517629, 4.73906258e-006, -0.342500547, 0.342500547, -2.27570799e-006, 0.939517629, 3.6730016e-006, -1, -3.7611993e-006, 0, 0, 0, 0, 0, 0, 0, 0.248764575, -0.0625100342, -0.195347217, -0.293702117, 0.798770331, -0.525011599, -0.852661133, 0.0291748047, 0.521484375, 0.432001088, 0.600825742, 0.672687195, 0, 0, -0, 0, 0, 0, 0, 0.317213818, -0.0253254395, -0.157726562, -0.0117410504, 0.609421186, -0.792580068, 0.286132813, -0.757446289, -0.586669922, -0.958013458, -0.233598324, -0.165541138, 0, 2, 5, 1, 
442.477569, 57, 0.1, 0.1, 0.017037683, 0.360891507, -0.034972023, 0.939518226, 4.37337083e-006, -0.342498909, 0.342498909, -3.58945524e-006, 0.939518226, 2.8794771e-006, -1, -4.87023336e-006, 0.939518126, 4.30179349e-006, -0.342499184, 0.342499184, 4.69366718e-006, 0.939518126, 5.64919014e-006, -1, 2.93642463e-006, 0, 0, 0, 0, 0, 0, 0, 0.248764575, -0.0625100342, -0.195347217, -0.293702117, 0.798770331, -0.525011599, -0.852661133, 0.0291748047, 0.521484375, 0.432001088, 0.600825742, 0.672687195, 0, 0, -0, 0, 0, 0, 0, 0.317213818, -0.0253254395, -0.157726562, -0.0117410504, 0.609421186, -0.792580068, 0.286132813, -0.757446289, -0.586669922, -0.958013458, -0.233598324, -0.165541138, 0, 2, 5, 1, 
442.478255, 57, 0.1, 0.1, 0.017037683, 0.360891506, -0.034973399, 0.939518712, 4.34313483e-006, -0.342497576, 0.342497576, 3.74475256e-006, 0.939518712, 5.36302511e-006, -1, 2.03075195e-006, 0.939518616, 1.25218328e-006, -0.34249784, 0.34249784, 5.36535465e-006, 0.939518616, 3.01407188e-006, -1, 4.6119805e-006, 0, 0, 0, 0, 0, 0, 0, 0.248764575, -0.0625100342, -0.195347217, -0.293702117, 0.798770331, -0.525011599, -0.852661133, 0.0291748047, 0.521484375, 0.432001088, 0.600825742, 0.672687195, 0, 0, -0, 0, 0, 0, 0, 0.317213818, -0.0253254395, -0.157726562, -0.0117410504, 0.609421186, -0.792580068, 0.286132813, -0.757446289, -0.586669922, -0.958013458, -0.233598324, -0.165541138, 0, 2, 5, 1, 
442.478947, 57, 0.1, 0.1, 0.0170376832, 0.360891506, -0.0349736537, 0.939519191, 1.80179823e-006, -0.342496262, 0.342496262, 5.86485983e-006, 0.939519191, 3.70151659e-006, -1, 4.8930392e-006, 0.939519096, -4.24467531e-006, -0.342496522, 0.342496522, 1.22584467e-006, 0.939519096, -3.56810598e-006, -1, 2.60549101e-006, 0, 0, 0, 0, 0, 0, 0, 0.248764575, -0.0625100342, -0.195347217, -0.293702117, 0.798770331, -0.525011599, -0.852661133, 0.0291748047, 0.521484375, 0.432001088, 0.600825742, 0.672687195, 0, 0, -0, 0, 0, 0, 0, 0.317213818, -0.0253254395, -0.157726562, -0.0117410504, 0.609421186, -0.792580068, 0.286132813, -0.757446289, -0.586669922, -0.958013458, -0.233598324, -0.165541138, 0, 2, 5, 1, 
442.479671, 57, 0.1, 0.1, 0.0170376836, 0.360891505, -0.034972605, 0.939519682, -3.93488823e-006, -0.342494917, 0.342494917, 4.30555347e-006, 0.939519682, -2.22227476e-006, -1, 5.39283144e-006, 0.939519578, -4.17270054e-006, -0.342495201, 0.342495201, -4.83171767e-006, 0.939519578, -5.57517397e-006, -1, -3.11036344e-006, 0, 0, 0, 0, 0, 0, 0, 0.248764575, -0.0625100342, -0.195347217, -0.293702117, 0.798770331, -0.525011599, -0.852661133, 0.0291748047, 0.521484375, 0.432001088, 0.600825742, 0.672687195, 0, 0, -0, 0, 0, 0, 0, 0.317213818, -0.0253254395, -0.157726562, -0.0117410504, 0.609421186, -0.792580068, 0.286132813, -0.757446289, -0.586669922, -0.958013458, -0.233598324, -0.165541138, 0, 2, 5, 1, 
442.480383, 57, 0.1, 0.1, 0.0170376847, 0.360891506, -0.0349703483, 0.939520163, -4.48244763e-006, -0.342493595, 0.342493595, -4.12176955e-006, 0.939520163, -5.62302961e-006, -1, -2.337276e-006, 0.939520071, -1.16976015e-006, -0.342493848, 0.342493848, -6.17139309e-006, 0.939520071, -3.21267731e-006, -1, -5.39751201e-006, 0, 0, 0, 0, 0, 0, 0, 0.250092676, -0.0654645508, -0.194309619, -0.293829798, 0.797654145, -0.526534792, -0.853393555, 0.0290527344, 0.520385742, 0.430414616, 0.602362039, 0.672434077, 0, 0, -0, 0, 0, 0, 0, 0.318343701, -0.0282545898, -0.157003271, -0.011843129, 0.606705141, -0.79479738, 0.289428711, -0.758666992, -0.583496094, -0.957042245, -0.236952359, -0.166633385, 0, 2, 5, 1, 
442.481073, 57, 0.1, 0.1, 0.0170376857, 0.360891507, -0.0349680513, 0.939520629, -1.49195954e-006, -0.342492318, 0.342492318, -7.08733912e-006, 0.939520629, -3.82908597e-006, -1, -6.14771663e-006, 0.939520536, 5.82427832e-006, -0.342492574, 0.342492574, -1.55713717e-006, 0.939520536, 4.93872116e-006, -1, -3.45773443e-006, 0, 0, 0, 0, 0, 0, 0, 0.250092676, -0.0654645508, -0.194309619, -0.293829798, 0.797654145, -0.526534792, -0.853393555, 0.0290527344, 0.520385742, 0.430414616, 0.602362039, 0.672434077, 0, 0, -0, 0, 0, 0, 0, 0.318343701, -0.0282545898, -0.157003271, -0.011843129, 0.606705141, -0.79479738, 0.289428711, -0.758666992, -0.583496094, -0.957042245, -0.236952359, -0.166633385, 0, 2, 5, 1, 
