time, trialNum, realDorsalTactorPos, realVentralTactorPos, boxPosX, boxPosY, boxPosZ, boxLocalRot_11, boxLocalRot_12, boxLocalRot_13, boxLocalRot_21, boxLocalRot_22, boxLocalRot_23, boxLocalRot_31, boxLocalRot_32, boxLocalRot_33, boxGlobalRot_11, boxGlobalRot_12, boxGlobalRot_13, boxGlobalRot_21, boxGlobalRot_22, boxGlobalRot_23, boxGlobalRot_31, boxGlobalRot_32, boxGlobalRot_33, indexForceX, indexForceY, indexForceZ, indexForceGlobalX, indexForceGlobalY, indexForceGlobalZ, indexContact, indexPosX, indexPosY, indexPosZ, indexRot_11, indexRot_12, indexRot_13, indexRot_21, indexRot_22, indexRot_23, indexRot_31, indexRot_32, indexRot_33, thumbForceX, thumbForceY, thumbForceZ, thumbForceGlobalX, thumbForceGlobalY, thumbForceGlobalZ, thumbContact, thumbPosX, thumbPosY, thumbPosZ, thumbRot_11, thumbRot_12, thumbRot_13, thumbRot_21, thumbRot_22, thumbRot_23, thumbRot_31, thumbRot_32, thumbRot_33, manipForceTooHigh, cceExpType, mapping, trialSuccess, 
506.040239, 65, 0.1, 0.1, 0.0221731469, 0.344019154, -0.0349708948, 0.907806547, -9.04673828e-006, 0.419389166, 0.419389166, 2.2035235e-005, -0.907806547, -1.02865058e-006, 1, 2.37978346e-005, 0.907806662, -2.50378462e-005, 0.419388917, 0.419388918, 2.37963193e-005, -0.907806662, 1.2749611e-005, 0.999999999, 3.21030524e-005, 0, 0, 0, 0, 0, 0, 0, 0.322304639, -0.197878687, -0.157880908, -0.393628599, 0.47258665, -0.78841012, -0.917236328, -0.25793457, 0.303344727, -0.0600113696, 0.842572556, 0.535197117, 0, 0, -0, 0, 0, 0, 0, 0.355933545, -0.134006348, -0.116124316, -0.0122045216, 0.365512594, -0.930602096, 0.755737305, -0.605957031, -0.247924805, -0.654642192, -0.706385842, -0.268913559, 0, 2, 1, 1, 
506.081657, 65, 0.1, 0.1, 0.0221731239, 0.344019179, -0.0349507874, 0.907800639, 2.158515e-005, 0.419401954, 0.419401954, -8.99443935e-006, -0.907800639, -1.58227275e-005, 1, -1.72180119e-005, 0.907800645, -1.83095425e-005, 0.419401941, 0.419401941, 5.73698293e-006, -0.907800646, 1.42153127e-005, 1, 1.28870945e-005, 0, 0, 0, 0, 0, 0, 0, 0.315830127, -0.197541455, -0.154691553, -0.439059317, 0.470391349, -0.765379498, -0.897827148, -0.258911133, 0.355957031, -0.0308164864, 0.843538217, 0.536245919, 0, 0, -0, 0, 0, 0, 0, 0.352177637, -0.133486377, -0.113871582, -0.0440740732, 0.370098503, -0.927852502, 0.760253906, -0.590087891, -0.271362305, -0.648049657, -0.717318916, -0.255368353, 0, 2, 1, 1, 
506.08279, 65, 0.1, 0.1, 0.0221731236, 0.344019178, -0.0349403699, 0.907800602, -5.53461217e-005, 0.419402031, 0.419402033, 2.09223433e-005, -0.907800603, 4.14683694e-005, 0.999999998, 4.22055918e-005, 0.907800611, -3.43248025e-005, 0.419402015, 0.419402016, 1.38790978e-005, -0.907800611, 2.53391551e-005, 0.999999999, 2.69953448e-005, 0, 0, 0, 0, 0, 0, 0, 0.315830127, -0.197541455, -0.154691553, -0.439059317, 0.470391349, -0.765379498, -0.897827148, -0.258911133, 0.355957031, -0.0308164864, 0.843538217, 0.536245919, 0, 0, -0, 0, 0, 0, 0, 0.352177637, -0.133486377, -0.113871582, -0.0440740732, 0.370098503, -0.927852502, 0.760253906, -0.590087891, -0.271362305, -0.648049657, -0.717318916, -0.255368353, 0, 2, 1, 1, 
506.08397, 65, 0.1, 0.1, 0.022173116, 0.344019182, -0.0349345577, 0.907800551, 5.51251388e-005, 0.419402142, 0.419402144, -2.0013179e-005, -0.907800552, -4.16490613e-005, 0.999999998, -4.12875763e-005, 0.907800562, 5.6912161e-005, 0.419402118, 0.41940212, -2.25698342e-005, -0.907800563, -4.21990555e-005, 0.999999998, -4.43579892e-005, 0, 0, 0, 0, 0, 0, 0, 0.31596499, -0.19797915, -0.153966895, -0.440923995, 0.470550109, -0.764294391, -0.897094727, -0.258056641, 0.358520508, -0.0285436796, 0.843760256, 0.536074055, 0, 0, -0, 0, 0, 0, 0, 0.352136133, -0.133874756, -0.11318208, -0.0446810812, 0.370948314, -0.927450018, 0.760131836, -0.58972168, -0.272460937, -0.648113456, -0.717229597, -0.255694278, 0, 2, 1, 1, 
506.085102, 65, 0.1, 0.1, 0.0221731292, 0.344019177, -0.0349367828, 0.907800493, -2.27722103e-005, 0.41940227, 0.41940227, 6.42938633e-006, -0.907800494, 1.79761245e-005, 1, 1.53873168e-005, 0.907800505, -4.86916328e-005, 0.419402242, 0.419402243, 1.64454103e-005, -0.907800506, 3.73050469e-005, 0.999999999, 3.53505318e-005, 0, 0, 0, 0, 0, 0, 0, 0.31596499, -0.19797915, -0.153966895, -0.440923995, 0.470550109, -0.764294391, -0.897094727, -0.258056641, 0.358520508, -0.0285436796, 0.843760256, 0.536074055, 0, 0, -0, 0, 0, 0, 0, 0.352136133, -0.133874756, -0.11318208, -0.0446810812, 0.370948314, -0.927450018, 0.760131836, -0.58972168, -0.272460937, -0.648113456, -0.717229597, -0.255694278, 0, 2, 1, 1, 
506.086235, 65, 0.1, 0.1, 0.0221731132, 0.344019183, -0.0349450011, 0.907800428, -1.54976039e-005, 0.419402411, 0.419402411, 6.87136634e-006, -0.907800428, 1.11868639e-005, 1, 1.27375618e-005, 0.907800441, 2.73915002e-005, 0.419402382, 0.419402382, -8.85544472e-006, -0.907800442, -2.11520214e-005, 1, -1.9527037e-005, 0, 0, 0, 0, 0, 0, 0, 0.31596499, -0.19797915, -0.153966895, -0.440923995, 0.470550109, -0.764294391, -0.897094727, -0.258056641, 0.358520508, -0.0285436796, 0.843760256, 0.536074055, 0, 0, -0, 0, 0, 0, 0, 0.352136133, -0.133874756, -0.11318208, -0.0446810812, 0.370948314, -0.927450018, 0.760131836, -0.58972168, -0.272460937, -0.648113456, -0.717229597, -0.255694278, 0, 2, 1, 1, 
506.087363, 65, 0.1, 0.1, 0.022173118, 0.344019181, -0.0349548883, 0.907800359, 3.35085224e-005, 0.41940256, 0.419402561, -1.25607775e-005, -0.907800359, -2.51510264e-005, 0.999999999, -2.54562384e-005, 0.907800373, 1.64463883e-005, 0.419402531, 0.419402531, -6.76571412e-006, -0.907800373, -1.20924798e-005, 1, -1.30395747e-005, 0, 0, 0, 0, 0, 0, 0, 0.31596499, -0.19797915, -0.153966895, -0.440923995, 0.470550109, -0.764294391, -0.897094727, -0.258056641, 0.358520508, -0.0285436796, 0.843760256, 0.536074055, 0, 0, -0, 0, 0, 0, 0, 0.352136133, -0.133874756, -0.11318208, -0.0446810812, 0.370948314, -0.927450018, 0.760131836, -0.58972168, -0.272460937, -0.648113456, -0.717229597, -0.255694278, 0, 2, 1, 1, 
506.088541, 65, 0.1, 0.1, 0.0221731223, 0.344019179, -0.0349613318, 0.907800283, -3.36741115e-005, 0.419402724, 0.419402725, 1.22088272e-005, -0.907800283, 2.54489526e-005, 0.999999999, 2.52061908e-005, 0.907800298, -3.43462479e-005, 0.419402692, 0.419402692, 1.36488042e-005, -0.907800298, 2.54551889e-005, 0.999999999, 2.67952974e-005, 0, 0, 0, 0, 0, 0, 0, 0.315299878, -0.198180664, -0.154267017, -0.445383868, 0.470994187, -0.761470044, -0.894897461, -0.258422852, 0.363647461, -0.0254890583, 0.843442737, 0.53673905, 0, 0, -0, 0, 0, 0, 0, 0.351662158, -0.134248242, -0.113558252, -0.0483103694, 0.372053688, -0.926874726, 0.759521484, -0.588989258, -0.275878906, -0.648617652, -0.71723616, -0.2541609, 0, 2, 1, 1, 
506.089677, 65, 0.1, 0.1, 0.022173116, 0.344019181, -0.0349616196, 0.907800209, 8.19413284e-006, 0.419402885, 0.419402885, -2.14374721e-006, -0.907800209, -6.53954174e-006, 1, -5.38273712e-006, 0.907800224, 2.50062175e-005, 0.419402852, 0.419402852, -8.60649134e-006, -0.907800225, -1.90910629e-005, 1, -1.83006537e-005, 0, 0, 0, 0, 0, 0, 0, 0.315299878, -0.198180664, -0.154267017, -0.445383868, 0.470994187, -0.761470044, -0.894897461, -0.258422852, 0.363647461, -0.0254890583, 0.843442737, 0.53673905, 0, 0, -0, 0, 0, 0, 0, 0.351662158, -0.134248242, -0.113558252, -0.0483103694, 0.372053688, -0.926874726, 0.759521484, -0.588989258, -0.275878906, -0.648617652, -0.71723616, -0.2541609, 0, 2, 1, 1, 
506.090806, 65, 0.1, 0.1, 0.0221731255, 0.344019177, -0.0349567099, 0.907800135, 2.08420488e-005, 0.419403045, 0.419403046, -8.94271469e-006, -0.907800135, -1.5169813e-005, 1, -1.68594164e-005, 0.90780015, -1.42218178e-005, 0.419403014, 0.419403014, 4.02754466e-006, -0.90780015, 1.12214039e-005, 1, 9.62087887e-006, 0, 0, 0, 0, 0, 0, 0, 0.315299878, -0.198180664, -0.154267017, -0.445383868, 0.470994187, -0.761470044, -0.894897461, -0.258422852, 0.363647461, -0.0254890583, 0.843442737, 0.53673905, 0, 0, -0, 0, 0, 0, 0, 0.351662158, -0.134248242, -0.113558252, -0.0483103694, 0.372053688, -0.926874726, 0.759521484, -0.588989258, -0.275878906, -0.648617652, -0.71723616, -0.2541609, 0, 2, 1, 1, 
506.091937, 65, 0.1, 0.1, 0.0221731227, 0.344019178, -0.0349495136, 0.90780006, -4.16648345e-005, 0.419403207, 0.419403208, 1.56085842e-005, -0.90780006, 3.1277049e-005, 0.999999999, 3.16438389e-005, 0.907800075, -2.41795223e-005, 0.419403176, 0.419403176, 9.7019997e-006, -0.907800075, 1.78811227e-005, 1, 1.89484445e-005, 0, 0, 0, 0, 0, 0, 0, 0.315299878, -0.198180664, -0.154267017, -0.445383868, 0.470994187, -0.761470044, -0.894897461, -0.258422852, 0.363647461, -0.0254890583, 0.843442737, 0.53673905, 0, 0, -0, 0, 0, 0, 0, 0.351662158, -0.134248242, -0.113558252, -0.0483103694, 0.372053688, -0.926874726, 0.759521484, -0.588989258, -0.275878906, -0.648617652, -0.71723616, -0.2541609, 0, 2, 1, 1, 
506.093117, 65, 0.1, 0.1, 0.0221731114, 0.344019183, -0.0349427474, 0.907799977, 5.33575767e-005, 0.419403384, 0.419403386, -1.87257881e-005, -0.907799978, -4.05843481e-005, 0.999999998, -3.93776184e-005, 0.907799994, 5.62767173e-005, 0.419403348, 0.41940335, -2.16965924e-005, -0.907799994, -4.19883801e-005, 0.999999998, -4.32988102e-005, 0, 0, 0, 0, 0, 0, 0, 0.314821509, -0.1979302, -0.154531982, -0.450497874, 0.471583919, -0.758010659, -0.892333984, -0.260253906, 0.368408203, -0.0234431599, 0.842484189, 0.5382922, 0, 0, -0, 0, 0, 0, 0, 0.351461475, -0.134440234, -0.1137229, -0.0513964486, 0.372737255, -0.926395316, 0.759399414, -0.587768555, -0.278564453, -0.648451042, -0.717900771, -0.252883085, 0, 2, 1, 1, 
506.09425, 65, 0.1, 0.1, 0.0221731224, 0.344019178, -0.0349399603, 0.907799894, -1.82952961e-005, 0.419403567, 0.419403567, 5.703892e-006, -0.907799894, 1.42162352e-005, 1, 1.2851105e-005, 0.907799911, -4.30437684e-005, 0.419403529, 0.41940353, 1.52883551e-005, -0.907799911, 3.2663139e-005, 0.999999999, 3.19314758e-005, 0, 0, 0, 0, 0, 0, 0, 0.314821509, -0.1979302, -0.154531982, -0.450497874, 0.471583919, -0.758010659, -0.892333984, -0.260253906, 0.368408203, -0.0234431599, 0.842484189, 0.5382922, 0, 0, -0, 0, 0, 0, 0, 0.351461475, -0.134440234, -0.1137229, -0.0513964486, 0.372737255, -0.926395316, 0.759399414, -0.587768555, -0.278564453, -0.648451042, -0.717900771, -0.252883085, 0, 2, 1, 1, 
506.095404, 65, 0.1, 0.1, 0.0221731084, 0.344019183, -0.0349422165, 0.907799805, -2.70175533e-005, 0.419403759, 0.419403759, 1.17150619e-005, -0.907799805, 1.96131886e-005, 1, 2.19661943e-005, 0.907799824, 2.35255176e-005, 0.419403718, 0.419403718, -6.82968576e-006, -0.907799824, -1.84920652e-005, 1, -1.60666771e-005, 0, 0, 0, 0, 0, 0, 0, 0.314821509, -0.1979302, -0.154531982, -0.450497874, 0.471583919, -0.758010659, -0.892333984, -0.260253906, 0.368408203, -0.0234431599, 0.842484189, 0.5382922, 0, 0, -0, 0, 0, 0, 0, 0.351461475, -0.134440234, -0.1137229, -0.0549615711, 0.373510141, -0.925890387, 0.760253906, -0.585449219, -0.28137207, -0.647230096, -0.719415192, -0.251848073, 0, 2, 1, 1, 
506.096535, 65, 0.1, 0.1, 0.0221731174, 0.344019179, -0.0349476229, 0.907799714, 3.37441534e-005, 0.419403956, 0.419403956, -1.31834003e-005, -0.907799714, -2.51037626e-005, 0.999999999, -2.61203185e-005, 0.907799733, 1.33370372e-005, 0.419403916, 0.419403916, -6.08570147e-006, -0.907799733, -9.55499181e-006, 1, -1.11182038e-005, 0, 0, 0, 0, 0, 0, 0, 0.314821509, -0.1979302, -0.154531982, -0.450497874, 0.471583919, -0.758010659, -0.892333984, -0.260253906, 0.368408203, -0.0234431599, 0.842484189, 0.5382922, 0, 0, -0, 0, 0, 0, 0, 0.35125127, -0.133751221, -0.113890967, -0.0549615711, 0.373510141, -0.925890387, 0.760253906, -0.585449219, -0.28137207, -0.647230096, -0.719415192, -0.251848073, 0, 2, 1, 1, 
506.097688, 65, 0.1, 0.1, 0.0221731243, 0.344019177, -0.0349537689, 0.90779962, -4.04893124e-005, 0.419404159, 0.419404159, 1.35855824e-005, -0.90779962, 3.10583327e-005, 0.999999999, 2.93143726e-005, 0.907799641, -4.14395432e-005, 0.419404114, 0.419404115, 1.54779436e-005, -0.907799641, 3.11272892e-005, 0.999999999, 3.14307865e-005, 0, 0, 0, 0, 0, 0, 0, 0.314821509, -0.1979302, -0.154531982, -0.45506034, 0.472154556, -0.754912976, -0.890136719, -0.262695313, 0.372192383, -0.0225969443, 0.841405074, 0.539902638, 0, 0, -0, 0, 0, 0, 0, 0.35125127, -0.133751221, -0.113890967, -0.0549615711, 0.373510141, -0.925890387, 0.760253906, -0.585449219, -0.28137207, -0.647230096, -0.719415192, -0.251848073, 0, 2, 1, 1, 
506.09882, 65, 0.1, 0.1, 0.0221731164, 0.34401918, -0.0349573411, 0.907799526, 1.40345604e-005, 0.419404364, 0.419404364, -3.57580638e-006, -0.907799526, -1.12408585e-005, 1, -9.13227122e-006, 0.907799546, 3.05941267e-005, 0.419404321, 0.419404321, -1.13954533e-005, -0.907799546, -2.2994032e-005, 0.999999999, -2.31760963e-005, 0, 0, 0, 0, 0, 0, 0, 0.314367676, -0.197011353, -0.154592017, -0.45506034, 0.472154556, -0.754912976, -0.890136719, -0.262695313, 0.372192383, -0.0225969443, 0.841405074, 0.539902638, 0, 0, -0, 0, 0, 0, 0, 0.35125127, -0.133751221, -0.113890967, -0.0549615711, 0.373510141, -0.925890387, 0.760253906, -0.585449219, -0.28137207, -0.647230096, -0.719415192, -0.251848073, 0, 2, 1, 1, 
506.099976, 65, 0.1, 0.1, 0.0221731238, 0.344019175, -0.0349572773, 0.907799425, 2.481231e-005, 0.419404581, 0.419404582, -7.88643975e-006, -0.907799425, -1.92169918e-005, 1, -1.75657019e-005, 0.907799447, -1.25188621e-005, 0.419404534, 0.419404534, 7.1685266e-006, -0.907799447, 8.3581035e-006, 1, 1.1758052e-005, 0, 0, 0, 0, 0, 0, 0, 0.314367676, -0.197011353, -0.154592017, -0.460016709, 0.471113632, -0.752589994, -0.887573242, -0.26574707, 0.376098633, -0.0226770762, 0.841075572, 0.540523449, 0, 0, -0, 0, 0, 0, 0, 0.35125127, -0.133751221, -0.113890967, -0.0549615711, 0.373510141, -0.925890387, 0.760253906, -0.585449219, -0.28137207, -0.647230096, -0.719415192, -0.251848073, 0, 2, 1, 1, 
506.101129, 65, 0.1, 0.1, 0.0221731175, 0.344019178, -0.0349532861, 0.907799341, -3.36349341e-005, 0.419404762, 0.419404763, 1.32694611e-005, -0.907799342, 2.49684959e-005, 0.999999999, 2.61526596e-005, 0.907799357, -1.70998127e-005, 0.419404731, 0.419404731, 6.12388028e-006, -0.907799357, 1.29548146e-005, 1, 1.27309969e-005, 0, 0, 0, 0, 0, 0, 0, 0.313890894, -0.196172583, -0.154248169, -0.460016709, 0.471113632, -0.752589994, -0.887573242, -0.26574707, 0.376098633, -0.0226770762, 0.841075572, 0.540523449, 0, 0, -0, 0, 0, 0, 0, 0.350814648, -0.13313374, -0.11384043, -0.0586863746, 0.373350093, -0.92571758, 0.761352539, -0.583007813, -0.283447266, -0.645657705, -0.721395897, -0.249988769, 0, 2, 1, 1, 
506.101962, 65, 0.1, 0.1, 0.0221731184, 0.344019177, -0.0349513246, 0.907799289, 2.20909973e-005, 0.419404876, 0.419404876, -8.78084492e-006, -0.907799289, -1.63714624e-005, 1, -1.72363167e-005, 0.907799297, 2.25992655e-005, 0.419404859, 0.419404859, -8.70629219e-006, -0.907799297, -1.6864136e-005, 1, -1.73818077e-005, 0, 0, 0, 0, 0, 0, 0, 0.313890894, -0.196172583, -0.154248169, -0.460016709, 0.471113632, -0.752589994, -0.887573242, -0.26574707, 0.376098633, -0.0226770762, 0.841075572, 0.540523449, 0, 0, -0, 0, 0, 0, 0, 0.350814648, -0.13313374, -0.11384043, -0.0586863746, 0.373350093, -0.92571758, 0.761352539, -0.583007813, -0.283447266, -0.645657705, -0.721395897, -0.249988769, 0, 2, 1, 1, 
506.102655, 65, 0.1, 0.1, 0.0221731223, 0.344019176, -0.0349552599, 0.907799253, -1.10396399e-005, 0.419404956, 0.419404956, 5.01768629e-006, -0.907799253, 7.91733439e-006, 1, 9.18513156e-006, 0.907799259, -2.22190875e-005, 0.419404941, 0.419404942, 8.80765146e-006, -0.907799259, 1.64764987e-005, 1, 1.73143746e-005, 0, 0, 0, 0, 0, 0, 0, 0.313890894, -0.196172583, -0.154248169, -0.460016709, 0.471113632, -0.752589994, -0.887573242, -0.26574707, 0.376098633, -0.0226770762, 0.841075572, 0.540523449, 0, 0, -0, 0, 0, 0, 0, 0.350814648, -0.13313374, -0.11384043, -0.0586863746, 0.373350093, -0.92571758, 0.761352539, -0.583007813, -0.283447266, -0.645657705, -0.721395897, -0.249988769, 0, 2, 1, 1, 
506.10335, 65, 0.1, 0.1, 0.0221731181, 0.344019177, -0.0349630867, 0.907799223, -5.47079489e-006, 0.419405019, 0.419405019, 1.47774668e-006, -0.907799223, 4.34660898e-006, 1, 3.63597613e-006, 0.907799228, 1.19516515e-005, 0.419405008, 0.419405008, -4.20730157e-006, -0.907799228, -9.0851367e-006, 1, -8.83196763e-006, 0, 0, 0, 0, 0, 0, 0, 0.313890894, -0.196172583, -0.154248169, -0.460016709, 0.471113632, -0.752589994, -0.887573242, -0.26574707, 0.376098633, -0.0226770762, 0.841075572, 0.540523449, 0, 0, -0, 0, 0, 0, 0, 0.350814648, -0.13313374, -0.11384043, -0.0586863746, 0.373350093, -0.92571758, 0.761352539, -0.583007813, -0.283447266, -0.645657705, -0.721395897, -0.249988769, 0, 2, 1, 1, 
506.104045, 65, 0.1, 0.1, 0.0221731193, 0.344019177, -0.0349720202, 0.907799197, 1.32511075e-005, 0.419405076, 0.419405076, -6.50129966e-006, -0.907799197, -9.3026667e-006, 1, -1.14594564e-005, 0.907799202, 6.43565015e-006, 0.419405065, 0.419405065, -4.08408998e-006, -0.907799202, -4.12939004e-006, 1, -6.4066779e-006, 0, 0, 0, 0, 0, 0, 0, 0.313890894, -0.196172583, -0.154248169, -0.460016709, 0.471113632, -0.752589994, -0.887573242, -0.26574707, 0.376098633, -0.0226770762, 0.841075572, 0.540523449, 0, 0, -0, 0, 0, 0, 0, 0.350814648, -0.13313374, -0.11384043, -0.0586863746, 0.373350093, -0.92571758, 0.761352539, -0.583007813, -0.283447266, -0.645657705, -0.721395897, -0.249988769, 0, 2, 1, 1, 
506.104743, 65, 0.1, 0.1, 0.0221731189, 0.344019177, -0.0349794311, 0.907799171, -7.50161482e-006, 0.419405133, 0.419405133, 3.61978984e-006, -0.907799171, 5.29180128e-006, 1, 6.43225797e-006, 0.907799176, -7.36465697e-006, 0.419405122, 0.419405122, 3.10757841e-006, -0.907799176, 5.38229523e-006, 1, 5.90983197e-006, 0, 0, 0, 0, 0, 0, 0, 0.313890894, -0.196172583, -0.154248169, -0.460016709, 0.471113632, -0.752589994, -0.887573242, -0.26574707, 0.376098633, -0.0226770762, 0.841075572, 0.540523449, 0, 0, -0, 0, 0, 0, 0, 0.350814648, -0.13313374, -0.11384043, -0.0586863746, 0.373350093, -0.92571758, 0.761352539, -0.583007813, -0.283447266, -0.645657705, -0.721395897, -0.249988769, 0, 2, 1, 1, 
506.105467, 65, 0.1, 0.1, 0.0221731167, 0.344019177, -0.0349832708, 0.907799149, 6.15022605e-006, 0.41940518, 0.41940518, -8.23707676e-007, -0.907799149, -5.23770271e-006, 1, -3.32719779e-006, 0.907799153, 1.0504167e-005, 0.419405171, 0.419405171, -2.24527058e-006, -0.907799153, -8.59399579e-006, 1, -6.44375668e-006, 0, 0, 0, 0, 0, 0, 0, 0.313229932, -0.195745752, -0.154120728, -0.464350023, 0.470732834, -0.750102262, -0.885375977, -0.266357422, 0.380859375, -0.0203840515, 0.841012293, 0.540623799, 0, 0, -0, 0, 0, 0, 0, 0.35040415, -0.132760742, -0.113803076, -0.0616893317, 0.37261512, -0.925813095, 0.761474609, -0.58203125, -0.284912109, -0.64511413, -0.72257783, -0.247912182, 0, 2, 1, 1, 
506.106164, 65, 0.1, 0.1, 0.0221731175, 0.344019177, -0.0349825826, 0.907799129, 5.92084568e-006, 0.419405223, 0.419405223, -2.60220153e-006, -0.907799129, -4.28356164e-006, 1, -4.84550989e-006, 0.907799133, -2.09049328e-006, 0.419405214, 0.419405214, 7.63675651e-007, -0.907799133, 1.57745843e-006, 1, 1.57002787e-006, 0, 0, 0, 0, 0, 0, 0, 0.313229932, -0.195745752, -0.154120728, -0.464350023, 0.470732834, -0.750102262, -0.885375977, -0.266357422, 0.380859375, -0.0203840515, 0.841012293, 0.540623799, 0, 0, -0, 0, 0, 0, 0, 0.35040415, -0.132760742, -0.113803076, -0.0616893317, 0.37261512, -0.925813095, 0.761474609, -0.58203125, -0.284912109, -0.64511413, -0.72257783, -0.247912182, 0, 2, 1, 1, 
506.106862, 65, 0.1, 0.1, 0.0221731176, 0.344019177, -0.0349781108, 0.90779911, -1.25603427e-005, 0.419405264, 0.419405264, 3.88691659e-006, -0.90779911, 9.77207469e-006, 1, 8.79641328e-006, 0.907799114, -7.74861742e-006, 0.419405256, 0.419405256, 1.97092e-006, -0.907799114, 6.20757382e-006, 1, 5.0390103e-006, 0, 0, 0, 0, 0, 0, 0, 0.313229932, -0.195745752, -0.154120728, -0.464350023, 0.470732834, -0.750102262, -0.885375977, -0.266357422, 0.380859375, -0.0203840515, 0.841012293, 0.540623799, 0, 0, -0, 0, 0, 0, 0, 0.35040415, -0.132760742, -0.113803076, -0.0616893317, 0.37261512, -0.925813095, 0.761474609, -0.58203125, -0.284912109, -0.64511413, -0.72257783, -0.247912182, 0, 2, 1, 1, 
506.107559, 65, 0.1, 0.1, 0.0221731164, 0.344019177, -0.0349714379, 0.907799096, 1.23433232e-005, 0.419405295, 0.419405295, -3.8179837e-006, -0.907799096, -9.6039751e-006, 1, -8.64281727e-006, 0.907799099, 1.37021292e-005, 0.419405289, 0.419405289, -4.36138278e-006, -0.907799099, -1.06095935e-005, 1, -9.70600479e-006, 0, 0, 0, 0, 0, 0, 0, 0.313229932, -0.195745752, -0.154120728, -0.464350023, 0.470732834, -0.750102262, -0.885375977, -0.266357422, 0.380859375, -0.0203840515, 0.841012293, 0.540623799, 0, 0, -0, 0, 0, 0, 0, 0.35040415, -0.132760742, -0.113803076, -0.0616893317, 0.37261512, -0.925813095, 0.761474609, -0.58203125, -0.284912109, -0.64511413, -0.72257783, -0.247912182, 0, 2, 1, 1, 
506.108268, 65, 0.1, 0.1, 0.0221731205, 0.344019176, -0.0349644891, 0.907799083, -9.48415755e-006, 0.419405323, 0.419405324, 2.6300706e-006, -0.907799083, 7.50664391e-006, 1, 6.36528184e-006, 0.907799085, -1.91192594e-005, 0.419405317, 0.419405317, 6.48425433e-006, -0.907799086, 1.46369155e-005, 1, 1.39051192e-005, 0, 0, 0, 0, 0, 0, 0, 0.313229932, -0.195745752, -0.154120728, -0.464350023, 0.470732834, -0.750102262, -0.885375977, -0.266357422, 0.380859375, -0.0203840515, 0.841012293, 0.540623799, 0, 0, -0, 0, 0, 0, 0, 0.349829736, -0.132580713, -0.113555908, -0.063484836, 0.372020872, -0.925991733, 0.760986328, -0.58215332, -0.286010742, -0.64554833, -0.722763031, -0.24621256, 0, 2, 1, 1, 
506.108966, 65, 0.1, 0.1, 0.0221731179, 0.344019177, -0.0349596051, 0.907799068, -1.26927088e-005, 0.419405356, 0.419405356, 4.94281211e-006, -0.907799068, 9.44938737e-006, 1, 9.81047029e-006, 0.907799071, 6.56797629e-006, 0.419405349, 0.419405349, -2.70290247e-006, -0.907799071, -4.82879102e-006, 1, -5.20833674e-006, 0, 0, 0, 0, 0, 0, 0, 0.313229932, -0.195745752, -0.154120728, -0.464350023, 0.470732834, -0.750102262, -0.885375977, -0.266357422, 0.380859375, -0.0203840515, 0.841012293, 0.540623799, 0, 0, -0, 0, 0, 0, 0, 0.349829736, -0.132580713, -0.113555908, -0.063484836, 0.372020872, -0.925991733, 0.760986328, -0.58215332, -0.286010742, -0.64554833, -0.722763031, -0.24621256, 0, 2, 1, 1, 
506.109659, 65, 0.1, 0.1, 0.0221731194, 0.344019176, -0.0349580312, 0.907799052, 2.02492373e-005, 0.419405389, 0.41940539, -7.7048511e-006, -0.907799052, -1.51507824e-005, 1, -1.54870958e-005, 0.907799055, 1.05414272e-005, 0.419405383, 0.419405383, -3.89527131e-006, -0.907799055, -7.93579992e-006, 1, -7.95725494e-006, 0, 0, 0, 0, 0, 0, 0, 0.313229932, -0.195745752, -0.154120728, -0.464350023, 0.470732834, -0.750102262, -0.885375977, -0.266357422, 0.380859375, -0.0203840515, 0.841012293, 0.540623799, 0, 0, -0, 0, 0, 0, 0, 0.349829736, -0.132580713, -0.113555908, -0.063484836, 0.372020872, -0.925991733, 0.760986328, -0.58215332, -0.286010742, -0.64554833, -0.722763031, -0.24621256, 0, 2, 1, 1, 
506.110366, 65, 0.1, 0.1, 0.0221731209, 0.344019175, -0.0349598339, 0.907799036, -1.99223985e-005, 0.419405424, 0.419405424, 7.44510971e-006, -0.907799036, 1.49630148e-005, 1, 1.51142254e-005, 0.907799039, -2.0410313e-005, 0.419405417, 0.419405417, 7.88486136e-006, -0.907799039, 1.5221509e-005, 1, 1.57180654e-005, 0, 0, 0, 0, 0, 0, 0, 0.311983105, -0.195732935, -0.153580615, -0.467153031, 0.470948881, -0.748230471, -0.883911133, -0.264282227, 0.385498047, -0.0162323406, 0.841596034, 0.53995656, 0, 0, -0, 0, 0, 0, 0, 0.349829736, -0.132580713, -0.113555908, -0.063484836, 0.372020872, -0.925991733, 0.760986328, -0.58215332, -0.286010742, -0.64554833, -0.722763031, -0.24621256, 0, 2, 1, 1, 
506.111062, 65, 0.1, 0.1, 0.022173118, 0.344019177, -0.0349643372, 0.907799019, 9.41118953e-006, 0.419405461, 0.419405461, -4.11129705e-006, -0.907799019, -6.81916819e-006, 1, -7.67933572e-006, 0.907799023, 1.78036407e-005, 0.419405453, 0.419405453, -7.51463462e-006, -0.907799023, -1.30104489e-005, 1, -1.4288722e-005, 0, 0, 0, 0, 0, 0, 0, 0.311983105, -0.195732935, -0.153580615, -0.467153031, 0.470948881, -0.748230471, -0.883911133, -0.264282227, 0.385498047, -0.0162323406, 0.841596034, 0.53995656, 0, 0, -0, 0, 0, 0, 0, 0.349829736, -0.132580713, -0.113555908, -0.063484836, 0.372020872, -0.925991733, 0.760986328, -0.58215332, -0.286010742, -0.64554833, -0.722763031, -0.24621256, 0, 2, 1, 1, 
506.111922, 65, 0.1, 0.1, 0.0221731187, 0.344019176, -0.0349703902, 0.907799, 1.90303823e-005, 0.419405501, 0.419405501, -6.31315809e-006, -0.907799, -1.46279888e-005, 1, -1.37125256e-005, 0.907799005, -3.26585646e-006, 0.419405492, 0.419405492, 1.88447338e-006, -0.907799005, 2.17438276e-006, 1, 3.0804412e-006, 0, 0, 0, 0, 0, 0, 0, 0.311983105, -0.195732935, -0.153580615, -0.467153031, 0.470948881, -0.748230471, -0.883911133, -0.264282227, 0.385498047, -0.0162323406, 0.841596034, 0.53995656, 0, 0, -0, 0, 0, 0, 0, 0.349829736, -0.132580713, -0.113555908, -0.063484836, 0.372020872, -0.925991733, 0.760986328, -0.58215332, -0.286010742, -0.64554833, -0.722763031, -0.24621256, 0, 2, 1, 1, 
506.113102, 65, 0.1, 0.1, 0.0221731138, 0.344019178, -0.0349693359, 0.907798985, -2.06163898e-005, 0.419405534, 0.419405534, 6.5342546e-006, -0.907798986, 1.59750352e-005, 1, 1.45784177e-005, 0.907798988, -9.91558821e-006, 0.419405529, 0.419405529, 2.36459232e-006, -0.907798988, 8.00963785e-006, 1, 6.30522703e-006, 0, 0, 0, 0, 0, 0, 0, 0.310816846, -0.196085181, -0.153483691, -0.468438837, 0.472795585, -0.746345576, -0.883300781, -0.261352539, 0.388916016, -0.0110850116, 0.841550729, 0.54015239, 0, 0, -0, 0, 0, 0, 0, 0.349133154, -0.132530664, -0.113092822, -0.0636510803, 0.372564081, -0.925748929, 0.760375977, -0.582641602, -0.286743164, -0.646302259, -0.722092224, -0.24618704, 0, 2, 1, 1, 
506.11423, 65, 0.1, 0.1, 0.0221731054, 0.344019181, -0.0349595935, 0.907798984, 3.32513179e-005, 0.419405536, 0.419405537, -1.10492485e-005, -0.907798984, -2.55513966e-005, 0.999999999, -2.39762834e-005, 0.907798983, 3.79108711e-005, 0.419405537, 0.419405538, -1.21466298e-005, -0.907798984, -2.93210864e-005, 0.999999999, -2.69267274e-005, 0, 0, 0, 0, 0, 0, 0, 0.310816846, -0.196085181, -0.153483691, -0.468438837, 0.472795585, -0.746345576, -0.883300781, -0.261352539, 0.388916016, -0.0110850116, 0.841550729, 0.54015239, 0, 0, -0, 0, 0, 0, 0, 0.349133154, -0.132530664, -0.113092822, -0.0636510803, 0.372564081, -0.925748929, 0.760375977, -0.582641602, -0.286743164, -0.646302259, -0.722092224, -0.24618704, 0, 2, 1, 1, 
506.115361, 65, 0.1, 0.1, 0.0221731185, 0.344019176, -0.034946967, 0.907798998, -1.57125807e-005, 0.419405507, 0.419405507, 6.49182141e-006, -0.907798998, 1.15411593e-005, 1, 1.24832118e-005, 0.907798993, -4.01761765e-005, 0.419405516, 0.419405516, 1.39773424e-005, -0.907798994, 3.06097181e-005, 0.999999999, 2.95387274e-005, 0, 0, 0, 0, 0, 0, 0, 0.310816846, -0.196085181, -0.153483691, -0.468438837, 0.472795585, -0.746345576, -0.883300781, -0.261352539, 0.388916016, -0.0110850116, 0.841550729, 0.54015239, 0, 0, -0, 0, 0, 0, 0, 0.349133154, -0.132530664, -0.113092822, -0.0636510803, 0.372564081, -0.925748929, 0.760375977, -0.582641602, -0.286743164, -0.646302259, -0.722092224, -0.24618704, 0, 2, 1, 1, 
506.116493, 65, 0.1, 0.1, 0.0221731062, 0.34401918, -0.0349375569, 0.907799026, -3.40140175e-005, 0.419405445, 0.419405446, 1.0715996e-005, -0.907799026, 2.63835449e-005, 0.999999999, 2.39936349e-005, 0.907799019, 1.71730067e-005, 0.419405462, 0.419405462, -6.8246897e-006, -0.907799019, -1.27273265e-005, 1, -1.33978994e-005, 0, 0, 0, 0, 0, 0, 0, 0.310816846, -0.196085181, -0.153483691, -0.468438837, 0.472795585, -0.746345576, -0.883300781, -0.261352539, 0.388916016, -0.0110850116, 0.841550729, 0.54015239, 0, 0, -0, 0, 0, 0, 0, 0.349133154, -0.132530664, -0.113092822, -0.0636510803, 0.372564081, -0.925748929, 0.760375977, -0.582641602, -0.286743164, -0.646302259, -0.722092224, -0.24618704, 0, 2, 1, 1, 
506.117671, 65, 0.1, 0.1, 0.0221731111, 0.344019178, -0.0349344628, 0.90779907, 5.80887368e-005, 0.419405346, 0.419405348, -1.84255105e-005, -0.907799071, -4.50051438e-005, 0.999999998, -4.10893881e-005, 0.907799062, 3.40060707e-005, 0.419405368, 0.419405368, -1.00673552e-005, -0.907799062, -2.66483762e-005, 0.999999999, -2.34014642e-005, 0, 0, 0, 0, 0, 0, 0, 0.309892261, -0.196495776, -0.152764404, -0.46929367, 0.473474806, -0.745336853, -0.88293457, -0.258544922, 0.391723633, -0.00711826939, 0.841937518, 0.539498256, 0, 0, -0, 0, 0, 0, 0, 0.348645898, -0.132901709, -0.112847852, -0.0635300453, 0.373101093, -0.925544406, 0.758422852, -0.584716797, -0.287719727, -0.64862165, -0.720194641, -0.245797316, 0, 2, 1, 1, 
506.118801, 65, 0.1, 0.1, 0.0221731158, 0.344019177, -0.0349386443, 0.907799128, -4.97746303e-005, 0.419405223, 0.419405224, 1.37140738e-005, -0.907799129, 3.94336119e-005, 0.999999999, 3.33253643e-005, 0.907799117, -4.99766178e-005, 0.419405246, 0.419405247, 1.42639527e-005, -0.907799118, 3.9386353e-005, 0.999999999, 3.39092594e-005, 0, 0, 0, 0, 0, 0, 0, 0.309892261, -0.196495776, -0.152764404, -0.46929367, 0.473474806, -0.745336853, -0.88293457, -0.258544922, 0.391723633, -0.00711826939, 0.841937518, 0.539498256, 0, 0, -0, 0, 0, 0, 0, 0.348645898, -0.132901709, -0.112847852, -0.0635300453, 0.373101093, -0.925544406, 0.758422852, -0.584716797, -0.287719727, -0.64862165, -0.720194641, -0.245797316, 0, 2, 1, 1, 
506.119936, 65, 0.1, 0.1, 0.0221731048, 0.344019181, -0.034947823, 0.907799176, 2.0498717e-005, 0.419405121, 0.419405121, -4.60078062e-006, -0.907799176, -1.66791274e-005, 1, -1.27738517e-005, 0.907799169, 4.10040011e-005, 0.419405134, 0.419405135, -1.35368745e-005, -0.90779917, -3.15459635e-005, 0.999999999, -2.94860521e-005, 0, 0, 0, 0, 0, 0, 0, 0.309892261, -0.196495776, -0.152764404, -0.46929367, 0.473474806, -0.745336853, -0.88293457, -0.258544922, 0.391723633, -0.00711826939, 0.841937518, 0.539498256, 0, 0, -0, 0, 0, 0, 0, 0.348645898, -0.132901709, -0.112847852, -0.0635300453, 0.373101093, -0.925544406, 0.758422852, -0.584716797, -0.287719727, -0.64862165, -0.720194641, -0.245797316, 0, 2, 1, 1, 
506.121062, 65, 0.1, 0.1, 0.0221731165, 0.344019176, -0.0349571906, 0.907799196, 1.12156897e-005, 0.419405079, 0.419405079, -4.37027499e-006, -0.907799196, -8.34867855e-006, 1, -8.67124934e-006, 0.907799194, -2.11953137e-005, 0.419405081, 0.419405082, 9.55165249e-006, -0.907799194, 1.52350771e-005, 1, 1.75604047e-005, 0, 0, 0, 0, 0, 0, 0, 0.309892261, -0.196495776, -0.152764404, -0.46929367, 0.473474806, -0.745336853, -0.88293457, -0.258544922, 0.391723633, -0.00711826939, 0.841937518, 0.539498256, 0, 0, -0, 0, 0, 0, 0, 0.348645898, -0.132901709, -0.112847852, -0.0635300453, 0.373101093, -0.925544406, 0.758422852, -0.584716797, -0.287719727, -0.64862165, -0.720194641, -0.245797316, 0, 2, 1, 1, 
506.122242, 65, 0.1, 0.1, 0.0221731163, 0.344019177, -0.0349624018, 0.907799212, -3.59011681e-005, 0.419405042, 0.419405042, 1.11859685e-005, -0.907799213, 2.78996005e-005, 0.999999999, 2.52117443e-005, 0.907799208, -2.15245254e-005, 0.419405051, 0.419405051, 5.18705482e-006, -0.907799209, 1.73644702e-005, 1, 1.37362989e-005, 0, 0, 0, 0, 0, 0, 0, 0.309303076, -0.196928711, -0.152664062, -0.472268542, 0.473735037, -0.743369582, -0.881347656, -0.25769043, 0.395629883, -0.00405166536, 0.842019894, 0.539433855, 0, 0, -0, 0, 0, 0, 0, 0.348645898, -0.132901709, -0.112847852, -0.0640670575, 0.373446341, -0.925378161, 0.756835938, -0.586181641, -0.28894043, -0.650519233, -0.718808184, -0.245043387, 0, 2, 1, 1, 
506.123371, 65, 0.1, 0.1, 0.0221731138, 0.344019176, -0.0349609256, 0.907799244, 2.78157046e-005, 0.419404973, 0.419404974, -5.86214108e-006, -0.907799244, -2.27924645e-005, 1, -1.69876921e-005, 0.907799238, 2.9221388e-005, 0.419404986, 0.419404987, -6.69079192e-006, -0.907799238, -2.37210023e-005, 1, -1.83294917e-005, 0, 0, 0, 0, 0, 0, 0, 0.309303076, -0.196928711, -0.152664062, -0.472268542, 0.473735037, -0.743369582, -0.881347656, -0.25769043, 0.395629883, -0.00405166536, 0.842019894, 0.539433855, 0, 0, -0, 0, 0, 0, 0, 0.348347217, -0.133519434, -0.112597754, -0.0640670575, 0.373446341, -0.925378161, 0.756835938, -0.586181641, -0.28894043, -0.650519233, -0.718808184, -0.245043387, 0, 2, 1, 1, 
506.124523, 65, 0.1, 0.1, 0.0221731239, 0.344019172, -0.0349546769, 0.907799268, -1.03406679e-005, 0.419404922, 0.419404922, 1.36928686e-006, -0.907799268, 8.81296514e-006, 1, 5.57996464e-006, 0.907799266, -3.31442827e-005, 0.419404925, 0.419404925, 1.25770293e-005, -0.907799267, 2.48134875e-005, 0.999999999, 2.53182934e-005, 0, 0, 0, 0, 0, 0, 0, 0.309303076, -0.196928711, -0.152664062, -0.473955364, 0.473792325, -0.742100629, -0.880493164, -0.256469727, 0.39855957, -0.00143625223, 0.842381596, 0.538862097, 0, 0, -0, 0, 0, 0, 0, 0.348347217, -0.133519434, -0.112597754, -0.0640670575, 0.373446341, -0.925378161, 0.756835938, -0.586181641, -0.28894043, -0.650519233, -0.718808184, -0.245043387, 0, 2, 1, 1, 
506.125719, 65, 0.1, 0.1, 0.0221731105, 0.344019179, -0.0349458702, 0.907799261, -2.86619018e-005, 0.419404936, 0.419404937, 8.27294429e-006, -0.907799261, 2.25495397e-005, 1, 1.95311158e-005, 0.907799265, 2.2024346e-005, 0.419404928, 0.419404928, -1.25233124e-005, -0.907799265, -1.47413462e-005, 1, -2.0605773e-005, 0, 0, 0, 0, 0, 0, 0, 0.309001587, -0.197371167, -0.152154468, -0.473955364, 0.473792325, -0.742100629, -0.880493164, -0.256469727, 0.39855957, -0.00143625223, 0.842381596, 0.538862097, 0, 0, -0, 0, 0, 0, 0, 0.348065137, -0.134092236, -0.1123479, -0.0643612666, 0.374373078, -0.925026716, 0.755126953, -0.587768555, -0.290283203, -0.652391296, -0.717115125, -0.244883706, 0, 2, 1, 1, 
506.12685, 65, 0.1, 0.1, 0.0221731139, 0.344019178, -0.0349398631, 0.90779926, 5.09738963e-005, 0.419404937, 0.419404938, -1.88829381e-005, -0.907799261, -3.83544679e-005, 0.999999999, -3.85206211e-005, 0.90779926, 2.93628096e-005, 0.419404939, 0.419404939, -9.91732773e-006, -0.90779926, -2.24961606e-005, 1, -2.13178502e-005, 0, 0, 0, 0, 0, 0, 0, 0.309001587, -0.197371167, -0.152154468, -0.473955364, 0.473792325, -0.742100629, -0.880493164, -0.256469727, 0.39855957, -0.00143625223, 0.842381596, 0.538862097, 0, 0, -0, 0, 0, 0, 0, 0.348065137, -0.134092236, -0.1123479, -0.0643612666, 0.374373078, -0.925026716, 0.755126953, -0.587768555, -0.290283203, -0.652391296, -0.717115125, -0.244883706, 0, 2, 1, 1, 
506.127982, 65, 0.1, 0.1, 0.0221731198, 0.344019176, -0.0349393057, 0.907799268, -4.75302403e-005, 0.41940492, 0.419404922, 1.79283402e-005, -0.907799268, 3.56286832e-005, 0.999999999, 3.62097508e-005, 0.907799265, -4.98210718e-005, 0.419404926, 0.419404928, 1.7411754e-005, -0.907799265, 3.7924957e-005, 0.999999999, 3.67015805e-005, 0, 0, 0, 0, 0, 0, 0, 0.309001587, -0.197371167, -0.152154468, -0.473955364, 0.473792325, -0.742100629, -0.880493164, -0.256469727, 0.39855957, -0.00143625223, 0.842381596, 0.538862097, 0, 0, -0, 0, 0, 0, 0, 0.348065137, -0.134092236, -0.1123479, -0.0643612666, 0.374373078, -0.925026716, 0.755126953, -0.587768555, -0.290283203, -0.652391296, -0.717115125, -0.244883706, 0, 2, 1, 1, 
506.129114, 65, 0.1, 0.1, 0.0221731064, 0.34401918, -0.0349438973, 0.907799282, 2.29383706e-005, 0.419404891, 0.419404892, -7.33437655e-006, -0.907799282, -1.7747363e-005, 1, -1.62786066e-005, 0.90779928, 4.56741328e-005, 0.419404895, 0.419404896, -1.69761751e-005, -0.90779928, -3.4343054e-005, 0.999999999, -3.45669145e-005, 0, 0, 0, 0, 0, 0, 0, 0.309001587, -0.197371167, -0.152154468, -0.473955364, 0.473792325, -0.742100629, -0.880493164, -0.256469727, 0.39855957, -0.00143625223, 0.842381596, 0.538862097, 0, 0, -0, 0, 0, 0, 0, 0.348065137, -0.134092236, -0.1123479, -0.0643612666, 0.374373078, -0.925026716, 0.755126953, -0.587768555, -0.290283203, -0.652391296, -0.717115125, -0.244883706, 0, 2, 1, 1, 
506.130291, 65, 0.1, 0.1, 0.022173122, 0.344019174, -0.0349503395, 0.90779928, 1.23575198e-005, 0.419404896, 0.419404896, -7.08270401e-006, -0.90779928, -8.24762682e-006, 1, -1.16124779e-005, 0.907799283, -2.60161693e-005, 0.41940489, 0.41940489, 8.35315713e-006, -0.907799283, 2.01141049e-005, 1, 1.84942987e-005, 0, 0, 0, 0, 0, 0, 0, 0.308651392, -0.19756792, -0.151605688, -0.476537455, 0.474337874, -0.740139349, -0.87902832, -0.256958008, 0.401367188, 0.000208630104, 0.841924414, 0.539540196, 0, 0, -0, 0, 0, 0, 0, 0.347750586, -0.133974316, -0.112304932, -0.0656966842, 0.376059941, -0.924247267, 0.754882813, -0.586914063, -0.292480469, -0.652531654, -0.716815086, -0.245292753, 0, 2, 1, 1, 
506.131422, 65, 0.1, 0.1, 0.0221731194, 0.344019176, -0.0349559076, 0.907799268, -3.52647355e-005, 0.41940492, 0.419404921, 1.2694342e-005, -0.907799269, 2.66892316e-005, 0.999999999, 2.6314118e-005, 0.907799271, -1.98511982e-005, 0.419404916, 0.419404917, 5.57123651e-006, -0.907799271, 1.56842992e-005, 1, 1.33832546e-005, 0, 0, 0, 0, 0, 0, 0, 0.308651392, -0.19756792, -0.151605688, -0.476537455, 0.474337874, -0.740139349, -0.87902832, -0.256958008, 0.401367188, 0.000208630104, 0.841924414, 0.539540196, 0, 0, -0, 0, 0, 0, 0, 0.347750586, -0.133974316, -0.112304932, -0.0656966842, 0.376059941, -0.924247267, 0.754882813, -0.586914063, -0.292480469, -0.652531654, -0.716815086, -0.245292753, 0, 2, 1, 1, 
506.132553, 65, 0.1, 0.1, 0.0221731145, 0.344019176, -0.0349584395, 0.907799275, 3.42935725e-005, 0.419404907, 0.419404907, -9.17203337e-006, -0.907799275, -2.72848845e-005, 0.999999999, -2.27092578e-005, 0.907799273, 3.5526913e-005, 0.419404911, 0.419404912, -8.99942326e-006, -0.907799273, -2.84769035e-005, 0.999999999, -2.30698317e-005, 0, 0, 0, 0, 0, 0, 0, 0.308651392, -0.19756792, -0.151605688, -0.476537455, 0.474337874, -0.740139349, -0.87902832, -0.256958008, 0.401367188, 0.000208630104, 0.841924414, 0.539540196, 0, 0, -0, 0, 0, 0, 0, 0.347750586, -0.133974316, -0.112304932, -0.0656966842, 0.376059941, -0.924247267, 0.754882813, -0.586914063, -0.292480469, -0.652531654, -0.716815086, -0.245292753, 0, 2, 1, 1, 
506.133685, 65, 0.1, 0.1, 0.0221731225, 0.344019174, -0.0349571143, 0.907799289, -1.09090649e-005, 0.419404877, 0.419404877, 1.01443195e-006, -0.907799289, 9.47778361e-006, 1, 5.49621561e-006, 0.907799287, -2.98390901e-005, 0.41940488, 0.41940488, 8.31181224e-006, -0.907799287, 2.36018901e-005, 1, 2.00601172e-005, 0, 0, 0, 0, 0, 0, 0, 0.308651392, -0.19756792, -0.151605688, -0.476537455, 0.474337874, -0.740139349, -0.87902832, -0.256958008, 0.401367188, 0.000208630104, 0.841924414, 0.539540196, 0, 0, -0, 0, 0, 0, 0, 0.347750586, -0.133974316, -0.112304932, -0.0656966842, 0.376059941, -0.924247267, 0.754882813, -0.586914063, -0.292480469, -0.652531654, -0.716815086, -0.245292753, 0, 2, 1, 1, 
506.134871, 65, 0.1, 0.1, 0.0221731097, 0.344019179, -0.0349519419, 0.907799283, -2.01143404e-005, 0.41940489, 0.41940489, 1.07929016e-005, -0.907799283, 1.37331881e-005, 1, 1.82338411e-005, 0.907799287, 1.78988581e-005, 0.41940488, 0.419404881, -4.9201656e-006, -0.907799287, -1.41850292e-005, 1, -1.19733913e-005, 0, 0, 0, 0, 0, 0, 0, 0.308087231, -0.198194922, -0.151271973, -0.479055144, 0.475181846, -0.737994223, -0.877685547, -0.255737305, 0.405029297, 0.00382078324, 0.841790742, 0.539818401, 0, 0, -0, 0, 0, 0, 0, 0.347428955, -0.134530762, -0.112255127, -0.0667958618, 0.377414681, -0.923518858, 0.753662109, -0.587402344, -0.294555664, -0.653751866, -0.715690755, -0.245216194, 0, 2, 1, 1, 
506.135999, 65, 0.1, 0.1, 0.022173111, 0.344019176, -0.0349465549, 0.907799265, 4.60729553e-005, 0.419404927, 0.419404928, -1.61497339e-005, -0.907799265, -3.5051717e-005, 0.999999999, -3.39839411e-005, 0.907799268, 2.75049229e-005, 0.419404921, 0.419404922, -7.5756628e-006, -0.907799268, -2.17916787e-005, 1, -1.84128812e-005, 0, 0, 0, 0, 0, 0, 0, 0.308087231, -0.198194922, -0.151271973, -0.479055144, 0.475181846, -0.737994223, -0.877685547, -0.255737305, 0.405029297, 0.00382078324, 0.841790742, 0.539818401, 0, 0, -0, 0, 0, 0, 0, 0.347428955, -0.134530762, -0.112255127, -0.0667958618, 0.377414681, -0.923518858, 0.753662109, -0.587402344, -0.294555664, -0.653751866, -0.715690755, -0.245216194, 0, 2, 1, 1, 
