time, trialNum, realDorsalTactorPos, realVentralTactorPos, boxPosX, boxPosY, boxPosZ, boxLocalRot_11, boxLocalRot_12, boxLocalRot_13, boxLocalRot_21, boxLocalRot_22, boxLocalRot_23, boxLocalRot_31, boxLocalRot_32, boxLocalRot_33, boxGlobalRot_11, boxGlobalRot_12, boxGlobalRot_13, boxGlobalRot_21, boxGlobalRot_22, boxGlobalRot_23, boxGlobalRot_31, boxGlobalRot_32, boxGlobalRot_33, indexForceX, indexForceY, indexForceZ, indexForceGlobalX, indexForceGlobalY, indexForceGlobalZ, indexContact, indexPosX, indexPosY, indexPosZ, indexRot_11, indexRot_12, indexRot_13, indexRot_21, indexRot_22, indexRot_23, indexRot_31, indexRot_32, indexRot_33, thumbForceX, thumbForceY, thumbForceZ, thumbForceGlobalX, thumbForceGlobalY, thumbForceGlobalZ, thumbContact, thumbPosX, thumbPosY, thumbPosZ, thumbRot_11, thumbRot_12, thumbRot_13, thumbRot_21, thumbRot_22, thumbRot_23, thumbRot_31, thumbRot_32, thumbRot_33, manipForceTooHigh, cceExpType, mapping, trialSuccess, 
562.000128, 37, 0.1, 0.1, 0.225, -0.115000019, -0.0199786235, 0.70710678, -0.707106782, -8.81023615e-007, 0.707106781, 0.707106779, 5.30361895e-005, -3.68792715e-005, -3.81252269e-005, 0.999999999, 0.707106781, -0.707106781, 1.54771893e-015, 0.70710678, 0.70710678, 5.64003829e-005, -3.98810932e-005, -3.98810932e-005, 0.999999998, 0, 0, 0, 0, 0, 0, 0, 0.236411646, -0.16270022, -0.135086377, -0.603477971, 0.504586428, -0.617386976, -0.688964844, 0.0595703125, 0.722290039, 0.401224374, 0.861233941, 0.311845721, 0, 0, 0, 0, 0, 0, 0, 0.277670654, -0.118406982, -0.124908643, -0.232020173, 0.0635204887, -0.970590279, 0.684570313, -0.698120117, -0.209228516, -0.69100196, -0.712964236, 0.118555501, 1, 3, 1, 0, 
562.000926, 37, 0.1, 0.1, 0.225, -0.115000013, -0.0199622356, 0.707106781, -0.707106782, -5.81557108e-007, 0.70710678, 0.707106779, -6.72007807e-005, 4.79293508e-005, 4.71069047e-005, 0.999999998, 0.707106779, -0.707106783, 2.56509224e-007, 0.707106782, 0.707106778, -6.29032274e-005, 4.42979194e-005, 4.4660678e-005, 0.999999998, 0, 0, 0, 0, 0, 0, 0, 0.236411646, -0.16270022, -0.135086377, -0.603477971, 0.504586428, -0.617386976, -0.688964844, 0.0595703125, 0.722290039, 0.401224374, 0.861233941, 0.311845721, 0, 0, 0, 0, 0, 0, 0, 0.277670654, -0.118406982, -0.124908643, -0.232020173, 0.0635204887, -0.970590279, 0.684570313, -0.698120117, -0.209228516, -0.69100196, -0.712964236, 0.118555501, 1, 3, 1, 0, 
562.001736, 37, 0.1, 0.1, 0.225, -0.11500002, -0.0199482101, 0.707106778, -0.707106784, -4.87871613e-007, 0.707106781, 0.707106775, 9.20395182e-005, -6.47367904e-005, -6.54267445e-005, 0.999999996, 0.70710678, -0.707106782, 8.5336595e-007, 0.707106779, 0.707106778, 8.66145318e-005, -6.18491437e-005, -6.06423019e-005, 0.999999996, 0, 0, 0, 0, 0, 0, 0, 0.236396143, -0.162894287, -0.13527251, -0.603732211, 0.505170169, -0.616757929, -0.689331055, 0.0577392578, 0.722167969, 0.400399498, 0.861017893, 0.313476377, 0, 0, 0, 0, 0, 0, 0, 0.277704102, -0.118369141, -0.124932324, -0.231719768, 0.0643382171, -0.970596842, 0.685302734, -0.697265625, -0.209716797, -0.690356673, -0.713737488, 0.117450126, 1, 3, 1, 0, 
562.002525, 37, 0.1, 0.1, 0.225, -0.115000011, -0.0199415661, 0.707106776, -0.707106786, -6.90048184e-007, 0.707106782, 0.707106771, -0.000113910633, 8.10349192e-005, 8.00590425e-005, 0.999999994, 0.707106774, -0.707106788, 8.96627212e-007, 0.707106784, 0.707106771, -0.000101634705, 7.12325786e-005, 7.25005996e-005, 0.999999995, 0, 0, 0, 0, 0, 0, 0, 0.236396143, -0.162894287, -0.13527251, -0.603732211, 0.505170169, -0.616757929, -0.689331055, 0.0577392578, 0.722167969, 0.400399498, 0.861017893, 0.313476377, 0, 0, 0, 0, 0, 0, 0, 0.277704102, -0.118369141, -0.124932324, -0.231719768, 0.0643382171, -0.970596842, 0.685302734, -0.697265625, -0.209716797, -0.690356673, -0.713737488, 0.117450126, 1, 3, 1, 0, 
562.003319, 37, 0.1, 0.1, 0.225, -0.115000013, -0.0199433221, 0.707106775, -0.707106787, 7.58978686e-007, 0.707106785, 0.707106772, 8.58544966e-005, -6.12449762e-005, -6.01716172e-005, 0.999999996, 0.707106776, -0.707106786, 1.58491748e-006, 0.707106784, 0.707106775, 7.21976113e-005, -5.21721268e-005, -4.99307143e-005, 0.999999997, 0, 0, 0, 0, 0, 0, 0, 0.236396143, -0.162894287, -0.13527251, -0.603732211, 0.505170169, -0.616757929, -0.689331055, 0.0577392578, 0.722167969, 0.400399498, 0.861017893, 0.313476377, 0, 0, 0, 0, 0, 0, 0, 0.277704102, -0.118369141, -0.124932324, -0.231719768, 0.0643382171, -0.970596842, 0.685302734, -0.697265625, -0.209716797, -0.690356673, -0.713737488, 0.117450126, 1, 3, 1, 0, 
562.004114, 37, 0.1, 0.1, 0.225, -0.115000007, -0.0199521702, 0.707106751, -0.707106811, -1.08790249e-006, 0.707106808, 0.707106748, -9.1209259e-005, 6.52639515e-005, 6.37254195e-005, 0.999999996, 0.707106757, -0.707106805, -2.37349134e-006, 0.707106803, 0.707106755, -7.82818526e-005, 5.70319424e-005, 5.3675315e-005, 0.999999997, 0, 0, 0, 0, 0, 0, 0, 0.236396143, -0.162894287, -0.13527251, -0.603732211, 0.505170169, -0.616757929, -0.689331055, 0.0577392578, 0.722167969, 0.400399498, 0.861017893, 0.313476377, 0, 0, 0, 0, 0, 0, 0, 0.277704102, -0.118369141, -0.124932324, -0.231719768, 0.0643382171, -0.970596842, 0.685302734, -0.697265625, -0.209716797, -0.690356673, -0.713737488, 0.117450126, 1, 3, 1, 0, 
562.00491, 37, 0.1, 0.1, 0.225, -0.115000006, -0.0199643111, 0.707106702, -0.70710686, 3.32629452e-006, 0.707106859, 0.707106701, 4.93815212e-005, -3.72700575e-005, -3.25659589e-005, 0.999999999, 0.707106712, -0.707106851, 3.56582472e-006, 0.70710685, 0.707106711, 3.72288803e-005, -2.88462149e-005, -2.3803372e-005, 0.999999999, 0, 0, 0, 0, 0, 0, 0, 0.236396143, -0.162894287, -0.13527251, -0.603732211, 0.505170169, -0.616757929, -0.689331055, 0.0577392578, 0.722167969, 0.400399498, 0.861017893, 0.313476377, 0, 0, 0, 0, 0, 0, 0, 0.277704102, -0.118369141, -0.124932324, -0.231719768, 0.0643382171, -0.970596842, 0.685302734, -0.697265625, -0.209716797, -0.690356673, -0.713737488, 0.117450126, 1, 3, 1, 0, 
562.005702, 37, 0.1, 0.1, 0.225, -0.115000005, -0.0199754543, 0.707106644, -0.707106919, -3.49573727e-006, 0.707106918, 0.707106643, -3.66744709e-005, 2.84046311e-005, 2.3460902e-005, 0.999999999, 0.707106654, -0.707106908, -2.49828634e-006, 0.707106908, 0.707106654, -3.01632627e-005, 2.30952063e-005, 1.95620882e-005, 1, 0, 0, 0, 0, 0, 0, 0, 0.236396143, -0.162894287, -0.13527251, -0.603732211, 0.505170169, -0.616757929, -0.689331055, 0.0577392578, 0.722167969, 0.400399498, 0.861017893, 0.313476377, 0, 0, 0, 0, 0, 0, 0, 0.277704102, -0.118369141, -0.124932324, -0.231719768, 0.0643382171, -0.970596842, 0.685302734, -0.697265625, -0.209716797, -0.690356673, -0.713737488, 0.117450126, 1, 3, 1, 0, 
562.006525, 37, 0.1, 0.1, 0.225000001, -0.115000006, -0.0199820946, 0.707106597, -0.707106965, -2.06341394e-006, 0.707106965, 0.707106597, 3.1067351e-005, -2.05088866e-005, -2.34269832e-005, 1, 0.707106605, -0.707106958, -2.96516851e-006, 0.707106957, 0.707106605, 2.60353563e-005, -1.63130913e-005, -2.05064637e-005, 1, 0, 0, 0, 0, 0, 0, 0, 0.236863135, -0.163133154, -0.135079907, -0.603237958, 0.504846659, -0.617430037, -0.690673828, 0.0565185547, 0.720947266, 0.398838113, 0.861316316, 0.314695156, 0, 0, 0, 0, 0, 0, 0, 0.277964209, -0.118374512, -0.12494917, -0.231444882, 0.0645616973, -0.970654444, 0.686279297, -0.696289063, -0.209960937, -0.689468582, -0.714695941, 0.116830359, 1, 3, 1, 0, 
562.007318, 37, 0.1, 0.1, 0.225, -0.115000006, -0.0199823727, 0.707106578, -0.707106984, 4.09002961e-006, 0.707106984, 0.707106578, -2.02060178e-005, 1.13957295e-005, 1.71798966e-005, 1, 0.707106582, -0.70710698, 3.30522087e-006, 0.70710698, 0.707106582, -1.81146294e-005, 1.04718375e-005, 1.51461185e-005, 1, 0, 0, 0, 0, 0, 0, 0, 0.236863135, -0.163133154, -0.135079907, -0.603237958, 0.504846659, -0.617430037, -0.690673828, 0.0565185547, 0.720947266, 0.398838113, 0.861316316, 0.314695156, 0, 0, 0, 0, 0, 0, 0, 0.277964209, -0.118374512, -0.12494917, -0.231444882, 0.0645616973, -0.970654444, 0.686279297, -0.696289063, -0.209960937, -0.689468582, -0.714695941, 0.116830359, 1, 3, 1, 0, 
562.008111, 37, 0.1, 0.1, 0.225000002, -0.115000008, -0.0199770067, 0.707106476, -0.707107086, -2.25707802e-005, 0.707107087, 0.707106475, 1.62089176e-005, 4.49850431e-006, -2.74213892e-005, 1, 0.707106515, -0.707107047, -1.44524824e-005, 0.707107047, 0.707106515, 2.39424998e-005, -6.7104659e-006, -2.71493497e-005, 1, 0, 0, 0, 0, 0, 0, 0, 0.236863135, -0.163133154, -0.135079907, -0.603237958, 0.504846659, -0.617430037, -0.690673828, 0.0565185547, 0.720947266, 0.398838113, 0.861316316, 0.314695156, 0, 0, 0, 0, 0, 0, 0, 0.277964209, -0.118374512, -0.12494917, -0.231444882, 0.0645616973, -0.970654444, 0.686279297, -0.696289063, -0.209960937, -0.689468582, -0.714695941, 0.116830359, 1, 3, 1, 0, 
562.008934, 37, 0.1, 0.1, 0.225000002, -0.115000009, -0.019967639, 0.707106206, -0.707107356, -4.13277433e-006, 0.707107356, 0.707106206, 7.71082031e-006, -2.53006738e-006, -8.37468403e-006, 1, 0.707106262, -0.7071073, 9.08120231e-006, 0.7071073, 0.707106262, -1.47919179e-007, -6.31678029e-006, 6.52597903e-006, 1, 0, 0, 0, 0, 0, 0, 0, 0.237152051, -0.163764185, -0.134883154, -0.602000084, 0.505633343, -0.617975586, -0.691162109, 0.0572509766, 0.720336914, 0.399630789, 0.860820942, 0.315152338, 0, 0, 0, 0, 0, 0, 0, 0.277932471, -0.118566016, -0.125162402, -0.231758047, 0.0648748628, -0.970545803, 0.685668945, -0.696777344, -0.210327148, -0.689992468, -0.714172055, 0.11696452, 1, 3, 1, 0, 
562.009728, 37, 0.1, 0.1, 0.224999999, -0.115000007, -0.019958812, 0.707105748, -0.707107813, 3.84281044e-005, 0.707107813, 0.707105749, 6.05438147e-006, -3.1453834e-005, 2.28917249e-005, 0.999999999, 0.707105867, -0.707107695, 3.72260256e-005, 0.707107695, 0.707105867, -6.15268563e-006, -2.19721298e-005, 3.06734093e-005, 0.999999999, 0, 0, 0, 0, 0, 0, 0, 0.237152051, -0.163764185, -0.134883154, -0.602000084, 0.505633343, -0.617975586, -0.691162109, 0.0572509766, 0.720336914, 0.399630789, 0.860820942, 0.315152338, 0, 0, 0, 0, 0, 0, 0, 0.277932471, -0.118566016, -0.125162402, -0.231758047, 0.0648748628, -0.970545803, 0.685668945, -0.696777344, -0.210327148, -0.689992468, -0.714172055, 0.11696452, 1, 3, 1, 0, 
562.010526, 37, 0.1, 0.1, 0.225000002, -0.115000003, -0.0199529023, 0.707105017, -0.707108544, -3.12917012e-005, 0.707108543, 0.707105018, -4.44143994e-005, 5.35323203e-005, 9.27901539e-006, 0.999999999, 0.707105162, -0.707108399, -3.87217979e-005, 0.707108398, 0.707105163, -3.69556524e-005, 5.35120354e-005, -1.24897592e-006, 0.999999999, 0, 0, 0, 0, 0, 0, 0, 0.237152051, -0.163764185, -0.134883154, -0.602000084, 0.505633343, -0.617975586, -0.691162109, 0.0572509766, 0.720336914, 0.399630789, 0.860820942, 0.315152338, 0, 0, 0, 0, 0, 0, 0, 0.277932471, -0.118566016, -0.125162402, -0.231758047, 0.0648748628, -0.970545803, 0.685668945, -0.696777344, -0.210327148, -0.689992468, -0.714172055, 0.11696452, 1, 3, 1, 0, 
562.01136, 37, 0.1, 0.1, 0.224999997, -0.115000011, -0.0199515312, 0.707104477, -0.707109081, 7.92792604e-005, 0.70710908, 0.707104481, 4.70124393e-005, -8.9301643e-005, 2.28163786e-005, 0.999999996, 0.707104523, -0.707109038, 4.68828931e-005, 0.707109035, 0.707104525, 6.34470942e-005, -7.80151196e-005, -1.171241e-005, 0.999999997, 0, 0, 0, 0, 0, 0, 0, 0.237152051, -0.163764185, -0.134883154, -0.602000084, 0.505633343, -0.617975586, -0.691162109, 0.0572509766, 0.720336914, 0.399630789, 0.860820942, 0.315152338, 0, 0, 0, 0, 0, 0, 0, 0.277932471, -0.118566016, -0.125162402, -0.231758047, 0.0648748628, -0.970545803, 0.685668945, -0.696777344, -0.210327148, -0.689992468, -0.714172055, 0.11696452, 1, 3, 1, 0, 
562.012156, 37, 0.1, 0.1, 0.224999998, -0.115000011, -0.0199543868, 0.707104524, -0.707109031, -0.000104101034, 0.707109033, 0.707104529, -2.58100573e-005, 9.18608376e-005, -5.53603735e-005, 0.999999994, 0.707104509, -0.707109051, -6.09492868e-005, 0.707109051, 0.707104511, -1.29150653e-005, 5.22298752e-005, -3.39654915e-005, 0.999999998, 0, 0, 0, 0, 0, 0, 0, 0.237152051, -0.163764185, -0.134883154, -0.602000084, 0.505633343, -0.617975586, -0.691162109, 0.0572509766, 0.720336914, 0.399630789, 0.860820942, 0.315152338, 0, 0, 0, 0, 0, 0, 0, 0.277932471, -0.118566016, -0.125162402, -0.231758047, 0.0648748628, -0.970545803, 0.685668945, -0.696777344, -0.210327148, -0.689992468, -0.714172055, 0.11696452, 1, 3, 1, 0, 
562.012951, 37, 0.1, 0.1, 0.225000014, -0.115000002, -0.0199606781, 0.70710445, -0.707109112, 7.07167434e-006, 0.707109112, 0.707104449, -3.44930731e-005, 1.93899539e-005, 2.93906509e-005, 0.999999999, 0.707104512, -0.70710905, -3.98173173e-005, 0.707109048, 0.707104513, -5.17983053e-005, 6.47820552e-005, 8.47163008e-006, 0.999999998, 0, 0, 0, 0, 0, 0, 0, 0.237152051, -0.163764185, -0.134883154, -0.602000084, 0.505633343, -0.617975586, -0.691162109, 0.0572509766, 0.720336914, 0.399630789, 0.860820942, 0.315152338, 0, 0, 0, 0, 0, 0, 0, 0.277932471, -0.118566016, -0.125162402, -0.231758047, 0.0648748628, -0.970545803, 0.685668945, -0.696777344, -0.210327148, -0.689992468, -0.714172055, 0.11696452, 1, 3, 1, 0, 
562.013769, 37, 0.1, 0.1, 0.224999998, -0.115000016, -0.019967923, 0.707103557, -0.707110003, 5.73750763e-005, 0.707109996, 0.707103558, 0.00010297518, -0.0001133849, -3.22436259e-005, 0.999999993, 0.707103769, -0.70710979, 7.23056427e-005, 0.707109783, 0.707103773, 9.54530495e-005, -0.000118623378, -1.63671837e-005, 0.999999993, 0, 0, 0, 0, 0, 0, 0, 0.236750122, -0.163937866, -0.134873633, -0.601231374, 0.506642066, -0.617772643, -0.690795898, 0.0587158203, 0.720581055, 0.401362916, 0.860166808, 0.314873011, 0, 0, 0, 0, 0, 0, 0, 0.277644531, -0.118332764, -0.125127246, -0.23274202, 0.0649835045, -0.970258157, 0.685302734, -0.696899414, -0.21105957, -0.689973145, -0.714037894, 0.117731209, 1, 3, 1, 0, 
562.014559, 37, 0.1, 0.1, 0.224999997, -0.115000021, -0.0199736848, 0.707102318, -0.707111244, -2.76787254e-005, 0.707111242, 0.707102318, -5.55455314e-005, 5.88485607e-005, 1.97044361e-005, 0.999999998, 0.70710256, -0.707111002, -1.19135268e-005, 0.707111002, 0.70710256, -2.03306726e-005, 2.28001275e-005, 5.95168477e-006, 1, 0, 0, 0, 0, 0, 0, 0, 0.236750122, -0.163937866, -0.134873633, -0.601231374, 0.506642066, -0.617772643, -0.690795898, 0.0587158203, 0.720581055, 0.401362916, 0.860166808, 0.314873011, 0, 0, 0, 0, 0, 0, 0, 0.277644531, -0.118332764, -0.125127246, -0.23274202, 0.0649835045, -0.970258157, 0.685302734, -0.696899414, -0.21105957, -0.689973145, -0.714037894, 0.117731209, 1, 3, 1, 0, 
562.015353, 37, 0.1, 0.1, 0.22500001, -0.115000006, -0.0199764167, 0.707101374, -0.707112186, -6.31369164e-005, 0.707112185, 0.707101377, -3.88161027e-005, 7.20915397e-005, -1.71979633e-005, 0.999999997, 0.707101523, -0.707112036, -6.93153412e-005, 0.707112034, 0.707101526, -5.86297123e-005, 9.04707588e-005, -7.55655305e-006, 0.999999996, 0, 0, 0, 0, 0, 0, 0, 0.236750122, -0.163937866, -0.134873633, -0.601231374, 0.506642066, -0.617772643, -0.690795898, 0.0587158203, 0.720581055, 0.401362916, 0.860166808, 0.314873011, 0, 0, 0, 0, 0, 0, 0, 0.277644531, -0.118332764, -0.125127246, -0.23274202, 0.0649835045, -0.970258157, 0.685302734, -0.696899414, -0.21105957, -0.689973145, -0.714037894, 0.117731209, 1, 3, 1, 0, 
562.016151, 37, 0.1, 0.1, 0.225000006, -0.11500001, -0.0199753018, 0.707100886, -0.707112674, 6.66041507e-005, 0.707112672, 0.707100889, 5.24040991e-005, -8.41514568e-005, 1.00416541e-005, 0.999999996, 0.70710099, -0.70711257, 5.37165732e-005, 0.707112569, 0.707100992, 3.75558562e-005, -6.45392602e-005, 1.14278809e-005, 0.999999998, 0, 0, 0, 0, 0, 0, 0, 0.236750122, -0.163937866, -0.134873633, -0.601231374, 0.506642066, -0.617772643, -0.690795898, 0.0587158203, 0.720581055, 0.401362916, 0.860166808, 0.314873011, 0, 0, 0, 0, 0, 0, 0, 0.277644531, -0.118332764, -0.125127246, -0.23274202, 0.0649835045, -0.970258157, 0.685302734, -0.696899414, -0.21105957, -0.689973145, -0.714037894, 0.117731209, 1, 3, 1, 0, 
562.016945, 37, 0.1, 0.1, 0.224999998, -0.115000023, -0.0199710671, 0.707100195, -0.707113367, 1.73039295e-006, 0.707113367, 0.707100195, 1.73174823e-005, -1.34689844e-005, -1.10216111e-005, 1, 0.707100359, -0.707113203, 1.81113953e-005, 0.707113201, 0.707100359, 5.07931489e-005, -4.87230803e-005, -2.31090471e-005, 0.999999999, 0, 0, 0, 0, 0, 0, 0, 0.236750122, -0.163937866, -0.134873633, -0.601231374, 0.506642066, -0.617772643, -0.690795898, 0.0587158203, 0.720581055, 0.401362916, 0.860166808, 0.314873011, 0, 0, 0, 0, 0, 0, 0, 0.277644531, -0.118332764, -0.125127246, -0.23274202, 0.0649835045, -0.970258157, 0.685302734, -0.696899414, -0.21105957, -0.689973145, -0.714037894, 0.117731209, 1, 3, 1, 0, 
562.017738, 37, 0.1, 0.1, 0.225000007, -0.11500001, -0.0199653197, 0.707099466, -0.707114094, -5.95915892e-005, 0.707114092, 0.707099469, -4.32573498e-005, 7.27250628e-005, -1.15508036e-005, 0.999999997, 0.707099581, -0.70711398, -5.16138969e-005, 0.707113977, 0.707099582, -6.72962286e-005, 8.4082269e-005, 1.10882271e-005, 0.999999996, 0, 0, 0, 0, 0, 0, 0, 0.236750122, -0.163937866, -0.134873633, -0.601231374, 0.506642066, -0.617772643, -0.690795898, 0.0587158203, 0.720581055, 0.401362916, 0.860166808, 0.314873011, 0, 0, 0, 0, 0, 0, 0, 0.277644531, -0.118332764, -0.125127246, -0.23274202, 0.0649835045, -0.970258157, 0.685302734, -0.696899414, -0.21105957, -0.689973145, -0.714037894, 0.117731209, 1, 3, 1, 0, 
562.018563, 37, 0.1, 0.1, 0.225000003, -0.115000017, -0.0199595174, 0.707099189, -0.707114371, 6.32082817e-005, 0.707114368, 0.707099191, 6.93295453e-005, -9.37184427e-005, -4.32738112e-006, 0.999999996, 0.707099252, -0.707114308, 5.92161074e-005, 0.707114306, 0.707099254, 5.19403131e-005, -7.85994039e-005, 5.14560018e-006, 0.999999997, 0, 0, 0, 0, 0, 0, 0, 0.236317798, -0.163739038, -0.134244434, -0.60099623, 0.506159796, -0.618484065, -0.690673828, 0.0603027344, 0.720581055, 0.402067224, 0.860243192, 0.313502586, 0, 0, 0, 0, 0, 0, 0, 0.277444482, -0.118174219, -0.124915479, -0.232365055, 0.0639995319, -0.970539239, 0.685424805, -0.697021484, -0.209960937, -0.690056267, -0.714018571, 0.118069894, 1, 3, 1, 0, 
562.019356, 37, 0.1, 0.1, 0.224999997, -0.115000021, -0.0199563894, 0.707098847, -0.707114715, -1.38549078e-005, 0.707114714, 0.707098847, -4.3111745e-005, 4.02817386e-005, 2.0687256e-005, 0.999999999, 0.707098916, -0.707114646, 5.38916672e-006, 0.707114646, 0.707098916, -1.8053297e-005, 8.95507678e-006, 1.65762255e-005, 1, 0, 0, 0, 0, 0, 0, 0, 0.236317798, -0.163739038, -0.134244434, -0.60099623, 0.506159796, -0.618484065, -0.690673828, 0.0603027344, 0.720581055, 0.402067224, 0.860243192, 0.313502586, 0, 0, 0, 0, 0, 0, 0, 0.277444482, -0.118174219, -0.124915479, -0.232365055, 0.0639995319, -0.970539239, 0.685424805, -0.697021484, -0.209960937, -0.690056267, -0.714018571, 0.118069894, 1, 3, 1, 0, 
562.020153, 37, 0.1, 0.1, 0.225000002, -0.115000019, -0.0199564833, 0.707098833, -0.707114729, 1.88344762e-005, 0.707114729, 0.707098833, 1.41207908e-005, -2.33028553e-005, 3.33334081e-006, 1, 0.707098783, -0.707114779, -9.66739407e-006, 0.707114779, 0.707098783, 1.65724482e-005, -4.88282048e-006, -1.85543152e-005, 1, 0, 0, 0, 0, 0, 0, 0, 0.236317798, -0.163739038, -0.134244434, -0.60099623, 0.506159796, -0.618484065, -0.690673828, 0.0603027344, 0.720581055, 0.402067224, 0.860243192, 0.313502586, 0, 0, 0, 0, 0, 0, 0, 0.277444482, -0.118174219, -0.124915479, -0.232365055, 0.0639995319, -0.970539239, 0.685424805, -0.697021484, -0.209960937, -0.690056267, -0.714018571, 0.118069894, 1, 3, 1, 0, 
562.02096, 37, 0.1, 0.1, 0.225000006, -0.11500002, -0.0199593895, 0.707099095, -0.707114466, -3.71247036e-005, 0.707114467, 0.707099096, -2.57054515e-006, 2.8068514e-005, -2.44337849e-005, 0.999999999, 0.70709905, -0.707114511, -4.4328724e-005, 0.707114512, 0.707099051, 1.34057862e-006, 3.03968561e-005, -3.22934059e-005, 0.999999999, 0, 0, 0, 0, 0, 0, 0, 0.236317798, -0.163739038, -0.134244434, -0.60099623, 0.506159796, -0.618484065, -0.690673828, 0.0603027344, 0.720581055, 0.402067224, 0.860243192, 0.313502586, 0, 0, 0, 0, 0, 0, 0, 0.277509424, -0.118029102, -0.124252344, -0.231566283, 0.0629324372, -0.970673401, 0.686157227, -0.696777344, -0.208862305, -0.689481342, -0.714376212, 0.118178536, 1, 3, 1, 0, 
562.021757, 37, 0.1, 0.1, 0.224999997, -0.115000017, -0.0199639223, 0.707099283, -0.707114278, 5.03013522e-005, 0.707114279, 0.707099283, -1.13648567e-005, -2.75317977e-005, 4.36048864e-005, 0.999999999, 0.707099246, -0.707114313, 6.48878065e-005, 0.707114315, 0.707099247, -1.15384623e-005, -3.77231073e-005, 5.40419349e-005, 0.999999998, 0, 0, 0, 0, 0, 0, 0, 0.236317798, -0.163739038, -0.134244434, -0.60099623, 0.506159796, -0.618484065, -0.690673828, 0.0603027344, 0.720581055, 0.402067224, 0.860243192, 0.313502586, 0, 0, 0, 0, 0, 0, 0, 0.277509424, -0.118029102, -0.124252344, -0.231566283, 0.0629324372, -0.970673401, 0.686157227, -0.696777344, -0.208862305, -0.689481342, -0.714376212, 0.118178536, 1, 3, 1, 0, 
562.02255, 37, 0.1, 0.1, 0.225000006, -0.115000016, -0.0199685693, 0.707099452, -0.707114107, -6.50138162e-005, 0.707114109, 0.707099454, -1.06257917e-006, 4.67225986e-005, -4.52208375e-005, 0.999999998, 0.707099414, -0.707114144, -7.05536255e-005, 0.707114146, 0.707099416, -4.56233837e-006, 5.31145214e-005, -4.66634399e-005, 0.999999998, 0, 0, 0, 0, 0, 0, 0, 0.236317798, -0.163739038, -0.134244434, -0.60099623, 0.506159796, -0.618484065, -0.690673828, 0.0603027344, 0.720581055, 0.402067224, 0.860243192, 0.313502586, 0, 0, 0, 0, 0, 0, 0, 0.277509424, -0.118029102, -0.124252344, -0.231566283, 0.0629324372, -0.970673401, 0.686157227, -0.696777344, -0.208862305, -0.689481342, -0.714376212, 0.118178536, 1, 3, 1, 0, 
562.023353, 37, 0.1, 0.1, 0.225000003, -0.115000014, -0.0199716763, 0.707099811, -0.70711375, 4.86130381e-005, 0.707113751, 0.707099811, -2.31807715e-005, -1.79828278e-005, 5.07660668e-005, 0.999999999, 0.707099713, -0.707113848, 4.57273381e-005, 0.707113849, 0.707099713, -1.43166443e-005, -2.22102902e-005, 4.24577291e-005, 0.999999999, 0, 0, 0, 0, 0, 0, 0, 0.236084546, -0.163152808, -0.133640381, -0.601104815, 0.504465861, -0.61972194, -0.69140625, 0.0603027344, 0.719848633, 0.400601319, 0.861253037, 0.312709911, 0, 0, 0, 0, 0, 0, 0, 0.277509424, -0.118029102, -0.124252344, -0.231566283, 0.0629324372, -0.970673401, 0.686157227, -0.696777344, -0.208862305, -0.689481342, -0.714376212, 0.118178536, 1, 3, 1, 0, 
562.024145, 37, 0.1, 0.1, 0.225000005, -0.11500001, -0.019972503, 0.707100482, -0.707113079, -4.3755396e-005, 0.70711308, 0.707100482, 1.47106183e-005, 2.0537391e-005, -4.13418981e-005, 0.999999999, 0.707100308, -0.707113254, -3.58466577e-005, 0.707113254, 0.707100308, -6.63531408e-006, 3.00391013e-005, -2.06558142e-005, 0.999999999, 0, 0, 0, 0, 0, 0, 0, 0.236084546, -0.163152808, -0.133640381, -0.601104815, 0.504465861, -0.61972194, -0.69140625, 0.0603027344, 0.719848633, 0.400601319, 0.861253037, 0.312709911, 0, 0, 0, 0, 0, 0, 0, 0.277509424, -0.118029102, -0.124252344, -0.231566283, 0.0629324372, -0.970673401, 0.686157227, -0.696777344, -0.208862305, -0.689481342, -0.714376212, 0.118178536, 1, 3, 1, 0, 
562.024937, 37, 0.1, 0.1, 0.225000005, -0.115000019, -0.0199709217, 0.707101591, -0.70711197, 3.94771783e-005, 0.70711197, 0.707101592, 1.41330274e-005, -3.79080085e-005, 1.79212992e-005, 0.999999999, 0.707101345, -0.707112217, 2.29319052e-005, 0.707112216, 0.707101346, 4.11759754e-005, -4.53312163e-005, -1.29001573e-005, 0.999999999, 0, 0, 0, 0, 0, 0, 0, 0.236084546, -0.163152808, -0.133640381, -0.601104815, 0.504465861, -0.61972194, -0.69140625, 0.0603027344, 0.719848633, 0.400601319, 0.861253037, 0.312709911, 0, 0, 0, 0, 0, 0, 0, 0.277509424, -0.118029102, -0.124252344, -0.231566283, 0.0629324372, -0.970673401, 0.686157227, -0.696777344, -0.208862305, -0.689481342, -0.714376212, 0.118178536, 1, 3, 1, 0, 
562.025761, 37, 0.1, 0.1, 0.225000002, -0.115000012, -0.0199672112, 0.707103171, -0.707110392, -1.87740545e-005, 0.707110391, 0.707103171, -1.38171881e-005, 2.30454708e-005, -3.50515145e-006, 1, 0.707102851, -0.707110712, -5.40515985e-006, 0.707110711, 0.70710285, -3.94381963e-005, 3.1709175e-005, 2.40648146e-005, 0.999999999, 0, 0, 0, 0, 0, 0, 0, 0.236229419, -0.162816309, -0.133220264, -0.602489466, 0.502226376, -0.620198218, -0.691650391, 0.0589599609, 0.719726563, 0.398101604, 0.862720064, 0.312043794, 0, 0, 0, 0, 0, 0, 0, 0.277537744, -0.118115527, -0.124030566, -0.231227598, 0.0617439409, -0.970845842, 0.686645508, -0.696533203, -0.207763672, -0.689200259, -0.714746614, 0.118651383, 1, 3, 1, 0, 
562.02656, 37, 0.1, 0.1, 0.224999998, -0.115000017, -0.0199631646, 0.70710503, -0.707108531, 4.18629409e-005, 0.707108531, 0.707105031, 1.0245948e-005, -3.68464934e-005, 2.23566813e-005, 0.999999999, 0.707104645, -0.707108916, 4.39271255e-005, 0.707108916, 0.707104646, 2.45961551e-005, -4.84532351e-005, 1.36692065e-005, 0.999999999, 0, 0, 0, 0, 0, 0, 0, 0.236229419, -0.162816309, -0.133220264, -0.602489466, 0.502226376, -0.620198218, -0.691650391, 0.0589599609, 0.719726563, 0.398101604, 0.862720064, 0.312043794, 0, 0, 0, 0, 0, 0, 0, 0.277537744, -0.118115527, -0.124030566, -0.231227598, 0.0617439409, -0.970845842, 0.686645508, -0.696533203, -0.207763672, -0.689200259, -0.714746614, 0.118651383, 1, 3, 1, 0, 
562.027378, 37, 0.1, 0.1, 0.225000003, -0.115000011, -0.01996003, 0.707106941, -0.707106621, -3.20084847e-005, 0.70710662, 0.707106941, -2.84506057e-005, 4.27510334e-005, -2.51579066e-006, 0.999999999, 0.707106553, -0.707107009, -3.55209595e-005, 0.707107008, 0.707106553, -4.01566276e-005, 5.3512136e-005, 3.27789512e-006, 0.999999999, 0, 0, 0, 0, 0, 0, 0, 0.236229419, -0.162816309, -0.133220264, -0.602489466, 0.502226376, -0.620198218, -0.691650391, 0.0589599609, 0.719726563, 0.398101604, 0.862720064, 0.312043794, 0, 0, 0, 0, 0, 0, 0, 0.277537744, -0.118115527, -0.124030566, -0.231227598, 0.0617439409, -0.970845842, 0.686645508, -0.696533203, -0.207763672, -0.689200259, -0.714746614, 0.118651383, 1, 3, 1, 0, 
562.028174, 37, 0.1, 0.1, 0.225, -0.115000016, -0.0199587212, 0.707108383, -0.707105179, 1.51503054e-005, 0.707105179, 0.707108383, 3.25793019e-005, -3.37499011e-005, -1.23242381e-005, 0.999999999, 0.707108127, -0.707105435, 1.57337497e-005, 0.707105434, 0.707108127, 4.75274527e-005, -4.47323824e-005, -2.24816282e-005, 0.999999999, 0, 0, 0, 0, 0, 0, 0, 0.236229419, -0.162816309, -0.133220264, -0.602489466, 0.502226376, -0.620198218, -0.691650391, 0.0589599609, 0.719726563, 0.398101604, 0.862720064, 0.312043794, 0, 0, 0, 0, 0, 0, 0, 0.277537744, -0.118115527, -0.124030566, -0.231227598, 0.0617439409, -0.970845842, 0.686645508, -0.696533203, -0.207763672, -0.689200259, -0.714746614, 0.118651383, 1, 3, 1, 0, 
562.028971, 37, 0.1, 0.1, 0.225000005, -0.11500001, -0.0199596533, 0.707109814, -0.707103747, -4.22466921e-005, 0.707103747, 0.707109815, -2.66068533e-005, 4.86868563e-005, -1.10588272e-005, 0.999999999, 0.707109505, -0.707104056, -4.56797498e-005, 0.707104055, 0.707109507, -3.75078087e-005, 5.8822509e-005, -5.7782082e-006, 0.999999998, 0, 0, 0, 0, 0, 0, 0, 0.236229419, -0.162816309, -0.133220264, -0.602489466, 0.502226376, -0.620198218, -0.691650391, 0.0589599609, 0.719726563, 0.398101604, 0.862720064, 0.312043794, 0, 0, 0, 0, 0, 0, 0, 0.277537744, -0.118115527, -0.124030566, -0.231227598, 0.0617439409, -0.970845842, 0.686645508, -0.696533203, -0.207763672, -0.689200259, -0.714746614, 0.118651383, 1, 3, 1, 0, 
562.029762, 37, 0.1, 0.1, 0.225, -0.115000011, -0.0199624291, 0.707111274, -0.707102288, 2.77565561e-005, 0.707102288, 0.707111274, 2.43229636e-005, -3.6825797e-005, 2.42768252e-006, 0.999999999, 0.707111014, -0.707102546, 4.59175879e-005, 0.707102547, 0.707111016, 1.61493287e-005, -4.38880637e-005, 2.10490751e-005, 0.999999999, 0, 0, 0, 0, 0, 0, 0, 0.236229419, -0.162816309, -0.133220264, -0.602489466, 0.502226376, -0.620198218, -0.691650391, 0.0589599609, 0.719726563, 0.398101604, 0.862720064, 0.312043794, 0, 0, 0, 0, 0, 0, 0, 0.277537744, -0.118115527, -0.124030566, -0.231227598, 0.0617439409, -0.970845842, 0.686645508, -0.696533203, -0.207763672, -0.689200259, -0.714746614, 0.118651383, 1, 3, 1, 0, 
562.030592, 37, 0.1, 0.1, 0.22500001, -0.115000013, -0.0199657497, 0.707112259, -0.707101302, -3.49887404e-005, 0.707101302, 0.70711226, -1.53398805e-005, 3.55878168e-005, -1.38935663e-005, 0.999999999, 0.707112112, -0.707101448, -5.71260364e-005, 0.707101449, 0.707112113, -4.6903552e-006, 4.37110693e-005, -3.70772961e-005, 0.999999998, 0, 0, 0, 0, 0, 0, 0, 0.236656494, -0.16269353, -0.132408594, -0.602731723, 0.500189834, -0.621759603, -0.692871094, 0.0583496094, 0.71862793, 0.395791727, 0.863907764, 0.311549542, 0, 0, 0, 0, 0, 0, 0, 0.277858887, -0.118180225, -0.123397461, -0.229758019, 0.0607599682, -0.971305929, 0.687133789, -0.696533203, -0.206054687, -0.689168543, -0.714727291, 0.11835754, 1, 3, 1, 0, 
562.031397, 37, 0.1, 0.1, 0.225, -0.115000011, -0.0199683934, 0.707112679, -0.707100882, 4.26461411e-005, 0.707100882, 0.70711268, 7.31633245e-006, -3.53290122e-005, 2.49816525e-005, 0.999999999, 0.707112625, -0.707100935, 5.85287796e-005, 0.707100936, 0.707112626, 5.22575705e-008, -4.14233904e-005, 4.13488029e-005, 0.999999998, 0, 0, 0, 0, 0, 0, 0, 0.236656494, -0.16269353, -0.132408594, -0.602731723, 0.500189834, -0.621759603, -0.692871094, 0.0583496094, 0.71862793, 0.395791727, 0.863907764, 0.311549542, 0, 0, 0, 0, 0, 0, 0, 0.277858887, -0.118180225, -0.123397461, -0.229758019, 0.0607599682, -0.971305929, 0.687133789, -0.696533203, -0.206054687, -0.689168543, -0.714727291, 0.11835754, 1, 3, 1, 0, 
562.032197, 37, 0.1, 0.1, 0.225000004, -0.11500001, -0.0199696801, 0.707112709, -0.707100854, -1.20909417e-005, 0.707100853, 0.707112709, -2.10355964e-005, 2.34239468e-005, 6.32502235e-006, 1, 0.707112726, -0.707100836, -3.02469199e-005, 0.707100836, 0.707112727, -1.37052696e-005, 3.10789896e-005, -1.16964518e-005, 0.999999999, 0, 0, 0, 0, 0, 0, 0, 0.236656494, -0.16269353, -0.132408594, -0.602731723, 0.500189834, -0.621759603, -0.692871094, 0.0583496094, 0.71862793, 0.395791727, 0.863907764, 0.311549542, 0, 0, 0, 0, 0, 0, 0, 0.277858887, -0.118180225, -0.123397461, -0.229758019, 0.0607599682, -0.971305929, 0.687133789, -0.696533203, -0.206054687, -0.689168543, -0.714727291, 0.11835754, 1, 3, 1, 0, 
562.032993, 37, 0.1, 0.1, 0.225, -0.115000014, -0.0199693725, 0.707112388, -0.707101174, 2.06943558e-005, 0.707101173, 0.707112389, 2.63308718e-005, -3.32518257e-005, -3.98588237e-006, 0.999999999, 0.707112463, -0.707101099, 2.19499987e-005, 0.707101098, 0.707112463, 3.70575567e-005, -4.17245567e-005, -1.0682992e-005, 0.999999999, 0, 0, 0, 0, 0, 0, 0, 0.236656494, -0.16269353, -0.132408594, -0.602731723, 0.500189834, -0.621759603, -0.692871094, 0.0583496094, 0.71862793, 0.395791727, 0.863907764, 0.311549542, 0, 0, 0, 0, 0, 0, 0, 0.277858887, -0.118180225, -0.123397461, -0.229758019, 0.0607599682, -0.971305929, 0.687133789, -0.696533203, -0.206054687, -0.689168543, -0.714727291, 0.11835754, 1, 3, 1, 0, 
562.033791, 37, 0.1, 0.1, 0.225000003, -0.115000009, -0.0199677323, 0.707112235, -0.707101327, -2.95762748e-005, 0.707101327, 0.707112235, -1.39012785e-005, 3.07433583e-005, -1.1083659e-005, 0.999999999, 0.707112231, -0.70710133, -3.12618126e-005, 0.70710133, 0.707112232, -2.31887149e-005, 3.85023812e-005, -5.70824534e-006, 0.999999999, 0, 0, 0, 0, 0, 0, 0, 0.236656494, -0.16269353, -0.132408594, -0.602731723, 0.500189834, -0.621759603, -0.692871094, 0.0583496094, 0.71862793, 0.395791727, 0.863907764, 0.311549542, 0, 0, 0, 0, 0, 0, 0, 0.277858887, -0.118180225, -0.123397461, -0.229758019, 0.0607599682, -0.971305929, 0.687133789, -0.696533203, -0.206054687, -0.689168543, -0.714727291, 0.11835754, 1, 3, 1, 0, 
562.034591, 37, 0.1, 0.1, 0.224999998, -0.115000012, -0.0199653495, 0.707112292, -0.70710127, 1.73184019e-005, 0.707101269, 0.707112292, 2.63391087e-005, -3.08704721e-005, -6.37884355e-006, 1, 0.707112293, -0.707101269, 3.71843071e-005, 0.707101268, 0.707112294, 2.04335921e-005, -4.07420996e-005, 1.18442265e-005, 0.999999999, 0, 0, 0, 0, 0, 0, 0, 0.236656494, -0.16269353, -0.132408594, -0.602731723, 0.500189834, -0.621759603, -0.692871094, 0.0583496094, 0.71862793, 0.395791727, 0.863907764, 0.311549542, 0, 0, 0, 0, 0, 0, 0, 0.277858887, -0.118180225, -0.123397461, -0.229758019, 0.0607599682, -0.971305929, 0.687133789, -0.696533203, -0.206054687, -0.689168543, -0.714727291, 0.11835754, 1, 3, 1, 0, 
562.035414, 37, 0.1, 0.1, 0.225000002, -0.115000005, -0.0199627114, 0.707111986, -0.707101577, -1.79826876e-005, 0.707101575, 0.707111986, -4.20002899e-005, 4.24142451e-005, 1.69833217e-005, 0.999999999, 0.707112062, -0.7071015, -2.07882844e-005, 0.707101498, 0.707112062, -5.39980201e-005, 5.28817277e-005, 2.34832243e-005, 0.999999998, 0, 0, 0, 0, 0, 0, 0, 0.237103101, -0.162983301, -0.132020337, -0.602662452, 0.498838505, -0.622857815, -0.693481445, 0.0584716797, 0.718017578, 0.394668428, 0.864739753, 0.310858338, 0, 0, 0, 0, 0, 0, 0, 0.278123633, -0.118438379, -0.122970996, -0.229151011, 0.0602871217, -0.971523212, 0.68737793, -0.696533203, -0.205322266, -0.689104744, -0.714899732, 0.118089217, 1, 3, 1, 0, 
562.036205, 37, 0.1, 0.1, 0.224999999, -0.11500001, -0.0199612529, 0.707111785, -0.707101777, 2.86802188e-005, 0.707101776, 0.707111786, 2.37119387e-005, -3.70468747e-005, 3.51284232e-006, 0.999999999, 0.707111813, -0.707101749, 2.90331206e-005, 0.707101748, 0.707111814, 3.56967244e-005, -4.57708788e-005, -4.71220521e-006, 0.999999999, 0, 0, 0, 0, 0, 0, 0, 0.237103101, -0.162983301, -0.132020337, -0.602662452, 0.498838505, -0.622857815, -0.693481445, 0.0584716797, 0.718017578, 0.394668428, 0.864739753, 0.310858338, 0, 0, 0, 0, 0, 0, 0, 0.278123633, -0.118438379, -0.122970996, -0.229151011, 0.0602871217, -0.971523212, 0.68737793, -0.696533203, -0.205322266, -0.689104744, -0.714899732, 0.118089217, 1, 3, 1, 0, 
562.036999, 37, 0.1, 0.1, 0.225000004, -0.115000007, -0.0199612798, 0.707111743, -0.707101818, -4.02204357e-005, 0.707101819, 0.707111744, -1.05664962e-005, 3.59119311e-005, -2.09682497e-005, 0.999999999, 0.707111727, -0.707101834, -4.45910141e-005, 0.707101834, 0.707111729, -2.05641082e-005, 4.60717477e-005, -1.69892658e-005, 0.999999999, 0, 0, 0, 0, 0, 0, 0, 0.237103101, -0.162983301, -0.132020337, -0.602662452, 0.498838505, -0.622857815, -0.693481445, 0.0584716797, 0.718017578, 0.394668428, 0.864739753, 0.310858338, 0, 0, 0, 0, 0, 0, 0, 0.278123633, -0.118438379, -0.122970996, -0.229151011, 0.0602871217, -0.971523212, 0.68737793, -0.696533203, -0.205322266, -0.689104744, -0.714899732, 0.118089217, 1, 3, 1, 0, 
562.037823, 37, 0.1, 0.1, 0.224999997, -0.115000011, -0.0199624557, 0.70711187, -0.707101692, 3.40063329e-005, 0.707101691, 0.70711187, 3.33613296e-005, -4.76361343e-005, 4.55743347e-007, 0.999999999, 0.707111858, -0.707101702, 5.22684826e-005, 0.707101702, 0.70711186, 2.7554657e-005, -5.64436088e-005, 1.74749083e-005, 0.999999998, 0, 0, 0, 0, 0, 0, 0, 0.237181592, -0.163220093, -0.131208545, -0.60120853, 0.498578275, -0.624349929, -0.693969727, 0.0614013672, 0.717285156, 0.396044845, 0.864657377, 0.309240786, 0, 0, 0, 0, 0, 0, 0, 0.278158057, -0.118662842, -0.12230957, -0.228307763, 0.0599294801, -0.971644614, 0.686645508, -0.697509766, -0.204345703, -0.6901208, -0.713832637, 0.118076458, 1, 3, 1, 0, 
562.038613, 37, 0.1, 0.1, 0.225000004, -0.115000013, -0.0199643623, 0.707111659, -0.707101903, -2.31348267e-005, 0.707101903, 0.707111659, -1.78808541e-005, 2.90024916e-005, -3.7149196e-006, 1, 0.707111733, -0.707101828, -4.58406409e-005, 0.707101828, 0.707111734, -5.02110843e-006, 3.596489e-005, -2.88635163e-005, 0.999999999, 0, 0, 0, 0, 0, 0, 0, 0.237181592, -0.163220093, -0.131208545, -0.60120853, 0.498578275, -0.624349929, -0.693969727, 0.0614013672, 0.717285156, 0.396044845, 0.864657377, 0.309240786, 0, 0, 0, 0, 0, 0, 0, 0.278158057, -0.118662842, -0.12230957, -0.228307763, 0.0599294801, -0.971644614, 0.686645508, -0.697509766, -0.204345703, -0.6901208, -0.713832637, 0.118076458, 1, 3, 1, 0, 
562.039404, 37, 0.1, 0.1, 0.224999992, -0.115000009, -0.0199665074, 0.70711104, -0.707102521, 5.34790653e-005, 0.707102522, 0.707111041, -5.51387803e-008, -3.77766488e-005, 3.78541712e-005, 0.999999999, 0.707111179, -0.70710238, 7.13427873e-005, 0.707102382, 0.70711118, -8.51247704e-006, -4.44280897e-005, 5.64659225e-005, 0.999999997, 0, 0, 0, 0, 0, 0, 0, 0.237181592, -0.163220093, -0.131208545, -0.60120853, 0.498578275, -0.624349929, -0.693969727, 0.0614013672, 0.717285156, 0.396044845, 0.864657377, 0.309240786, 0, 0, 0, 0, 0, 0, 0, 0.278158057, -0.118662842, -0.12230957, -0.228307763, 0.0599294801, -0.971644614, 0.686645508, -0.697509766, -0.204345703, -0.6901208, -0.713832637, 0.118076458, 1, 3, 1, 0, 
562.040193, 37, 0.1, 0.1, 0.225000002, -0.115000014, -0.0199681906, 0.707110344, -0.707103215, -7.09114342e-005, 0.707103218, 0.707110344, 3.27289454e-005, 2.69994661e-005, -7.32846791e-005, 0.999999997, 0.707110468, -0.707103091, -7.47956031e-005, 0.707103094, 0.707110468, 2.90647938e-005, 3.23369483e-005, -7.34402223e-005, 0.999999997, 0, 0, 0, 0, 0, 0, 0, 0.237181592, -0.163220093, -0.131208545, -0.60120853, 0.498578275, -0.624349929, -0.693969727, 0.0614013672, 0.717285156, 0.396044845, 0.864657377, 0.309240786, 0, 0, 0, 0, 0, 0, 0, 0.278158057, -0.118662842, -0.12230957, -0.228307763, 0.0599294801, -0.971644614, 0.686645508, -0.697509766, -0.204345703, -0.6901208, -0.713832637, 0.118076458, 1, 3, 1, 0, 
562.040985, 37, 0.1, 0.1, 0.224999999, -0.115000016, -0.0199688801, 0.707109996, -0.707103564, 6.65427623e-005, 0.707103566, 0.707109995, -3.71165838e-005, -2.08077837e-005, 7.32981319e-005, 0.999999997, 0.707109999, -0.707103561, 5.18576411e-005, 0.707103562, 0.70711, -9.50988089e-006, -2.99445859e-005, 4.33932546e-005, 0.999999999, 0, 0, 0, 0, 0, 0, 0, 0.237181592, -0.163220093, -0.131208545, -0.60120853, 0.498578275, -0.624349929, -0.693969727, 0.0614013672, 0.717285156, 0.396044845, 0.864657377, 0.309240786, 0, 0, 0, 0, 0, 0, 0, 0.278158057, -0.118662842, -0.12230957, -0.228307763, 0.0599294801, -0.971644614, 0.686645508, -0.697509766, -0.204345703, -0.6901208, -0.713832637, 0.118076458, 1, 3, 1, 0, 
562.041784, 37, 0.1, 0.1, 0.224999993, -0.115, -0.0199683897, 0.707110338, -0.707103224, -1.29029249e-005, 0.707103223, 0.707110338, -4.83126913e-005, 4.32858514e-005, 2.50387036e-005, 0.999999999, 0.70711023, -0.707103332, 6.69151031e-006, 0.70710333, 0.707110228, -7.68609072e-005, 4.96169682e-005, 5.9080723e-005, 0.999999997, 0, 0, 0, 0, 0, 0, 0, 0.237181592, -0.163220093, -0.131208545, -0.60120853, 0.498578275, -0.624349929, -0.693969727, 0.0614013672, 0.717285156, 0.396044845, 0.864657377, 0.309240786, 0, 0, 0, 0, 0, 0, 0, 0.278158057, -0.118662842, -0.12230957, -0.228307763, 0.0599294801, -0.971644614, 0.686645508, -0.697509766, -0.204345703, -0.6901208, -0.713832637, 0.118076458, 1, 3, 1, 0, 
562.042609, 37, 0.1, 0.1, 0.225, -0.115000011, -0.0199666726, 0.707111161, -0.7071024, -2.74343015e-005, 0.707102401, 0.707111159, 5.95198219e-005, -2.26875082e-005, -6.14859909e-005, 0.999999998, 0.707110999, -0.707102563, -3.02054349e-005, 0.707102563, 0.707110996, 7.13943083e-005, -2.91245033e-005, -7.18420411e-005, 0.999999997, 0, 0, 0, 0, 0, 0, 0, 0.236517603, -0.163321143, -0.131553345, -0.601295775, 0.501058894, -0.622363562, -0.692016602, 0.0626220703, 0.719116211, 0.399395645, 0.863152158, 0.309296952, 0, 0, 0, 0, 0, 0, 0, 0.277785156, -0.119014355, -0.122702588, -0.230307791, 0.0610541773, -0.971126924, 0.685180664, -0.698486328, -0.206298828, -0.690944724, -0.712855227, 0.118990068, 1, 3, 1, 0, 
