time, trialNum, realDorsalTactorPos, realVentralTactorPos, boxPosX, boxPosY, boxPosZ, boxLocalRot_11, boxLocalRot_12, boxLocalRot_13, boxLocalRot_21, boxLocalRot_22, boxLocalRot_23, boxLocalRot_31, boxLocalRot_32, boxLocalRot_33, boxGlobalRot_11, boxGlobalRot_12, boxGlobalRot_13, boxGlobalRot_21, boxGlobalRot_22, boxGlobalRot_23, boxGlobalRot_31, boxGlobalRot_32, boxGlobalRot_33, indexForceX, indexForceY, indexForceZ, indexForceGlobalX, indexForceGlobalY, indexForceGlobalZ, indexContact, indexPosX, indexPosY, indexPosZ, indexRot_11, indexRot_12, indexRot_13, indexRot_21, indexRot_22, indexRot_23, indexRot_31, indexRot_32, indexRot_33, thumbForceX, thumbForceY, thumbForceZ, thumbForceGlobalX, thumbForceGlobalY, thumbForceGlobalZ, thumbContact, thumbPosX, thumbPosY, thumbPosZ, thumbRot_11, thumbRot_12, thumbRot_13, thumbRot_21, thumbRot_22, thumbRot_23, thumbRot_31, thumbRot_32, thumbRot_33, manipForceTooHigh, cceExpType, mapping, trialSuccess, 
821.765838, 56, 0.1, 0.1, 0.0070309157, 0.338846083, -0.0199556768, 0.863451007, 3.15959165e-005, -0.504432709, 0.50443271, -7.50657177e-006, 0.863451007, 2.34949656e-005, -0.999999999, -2.24195707e-005, 0.863451007, 2.26422595e-005, -0.504432709, 0.504432709, -5.98352471e-006, 0.863451007, 1.65321962e-005, -1, -1.65879767e-005, 0, -0, 0, 0, 0, 0, 0, 0.356487939, -0.206944873, -0.146456519, 0.310510553, 0.129071651, -0.941692595, -0.948242188, -0.0260009766, -0.31628418, -0.0652469916, 0.991280633, 0.114420121, 0, 0, 0, 0, 0, 0, 0, 0.366020654, -0.161536426, -0.153986719, 0.152517512, -0.535621935, -0.830490338, 0.343139648, -0.759277344, 0.552856445, -0.926756518, -0.369290044, 0.0678587334, 0, 2, 5, 1, 
821.77223, 56, 0.1, 0.1, 0.00703088332, 0.338846091, -0.0199751518, 0.863450862, 0.000111586893, -0.504432946, 0.504432953, -3.57287101e-005, 0.863450864, 7.83270611e-005, -0.999999993, -8.71380917e-005, 0.863450851, 0.000132204816, -0.504432959, 0.504432968, -4.11074365e-005, 0.863450855, 9.34164157e-005, -0.99999999, -0.000102182719, 0, -0, 0, 0, 0, 0, 0, 0.356961353, -0.206768701, -0.149194629, 0.302349039, 0.136946726, -0.943344973, -0.950805664, -0.0252685547, -0.30847168, -0.0660553976, 0.990280528, 0.122715308, 0, 0, 0, 0, 0, 0, 0, 0.366858105, -0.161545215, -0.153789111, 0.154932784, -0.535372935, -0.830298941, 0.343017578, -0.758911133, 0.553466797, -0.92637992, -0.3704913, 0.0660377094, 0, 2, 5, 1, 
821.773021, 56, 0.1, 0.1, 0.00703087983, 0.338846093, -0.0199663795, 0.863450885, -9.28538947e-005, -0.50443291, 0.504432914, 2.9554661e-005, 0.863450887, -6.52664341e-005, -0.999999995, 7.23575589e-005, 0.863450882, -6.95119572e-005, -0.50443292, 0.504432922, 2.20801764e-005, 0.863450883, -4.88821929e-005, -0.999999997, 5.41292675e-005, 0, -0, 0, 0, 0, 0, 0, 0.356961353, -0.206768701, -0.149194629, 0.302349039, 0.136946726, -0.943344973, -0.950805664, -0.0252685547, -0.30847168, -0.0660553976, 0.990280528, 0.122715308, 0, 0, 0, 0, 0, 0, 0, 0.366858105, -0.161545215, -0.153789111, 0.154932784, -0.535372935, -0.830298941, 0.343017578, -0.758911133, 0.553466797, -0.92637992, -0.3704913, 0.0660377094, 0, 2, 5, 1, 
821.773811, 56, 0.1, 0.1, 0.00703087169, 0.338846095, -0.0199582634, 0.863450895, 3.2250085e-005, -0.5044329, 0.504432901, -1.46516671e-005, 0.863450895, 2.04555818e-005, -0.999999999, -2.8918999e-005, 0.863450895, 2.33257303e-006, -0.504432902, 0.504432902, -3.61178601e-006, 0.863450895, 1.92158569e-007, -1, -4.29522644e-006, 0, -0, 0, 0, 0, 0, 0, 0.356961353, -0.206768701, -0.149194629, 0.302349039, 0.136946726, -0.943344973, -0.950805664, -0.0252685547, -0.30847168, -0.0660553976, 0.990280528, 0.122715308, 0, 0, 0, 0, 0, 0, 0, 0.366858105, -0.161545215, -0.153789111, 0.154932784, -0.535372935, -0.830298941, 0.343017578, -0.758911133, 0.553466797, -0.92637992, -0.3704913, 0.0660377094, 0, 2, 5, 1, 
821.77462, 56, 0.1, 0.1, 0.00703087161, 0.338846095, -0.0199530509, 0.863450989, -3.99697173e-005, -0.504432739, 0.50443274, 4.49906923e-005, 0.863450988, -1.18171138e-005, -0.999999998, 5.90092918e-005, 0.863450936, -3.58372651e-005, -0.50443283, 0.504432831, 2.0898239e-005, 0.863450936, -2.04019623e-005, -0.999999999, 3.61220971e-005, 0, -0, 0, 0, 0, 0, 0, 0.356961353, -0.206768701, -0.149194629, 0.301384499, 0.138755237, -0.943299668, -0.951049805, -0.0246582031, -0.307495117, -0.0659026296, 0.989994087, 0.124562011, 0, 0, 0, 0, 0, 0, 0, 0.366858105, -0.161545215, -0.153789111, 0.154932784, -0.535372935, -0.830298941, 0.343017578, -0.758911133, 0.553466797, -0.92637992, -0.3704913, 0.0660377094, 0, 2, 5, 1, 
821.775437, 56, 0.1, 0.1, 0.00703087225, 0.338846096, -0.0199517638, 0.8634514, 1.06826618e-005, -0.504432037, 0.504432037, -7.13952636e-005, 0.863451397, -2.6790099e-005, -0.999999997, -6.70350171e-005, 0.863451318, 4.66045781e-006, -0.504432176, 0.504432176, -4.09641652e-005, 0.863451318, -1.66395646e-005, -0.999999999, -3.77214473e-005, 0, -0, 0, 0, 0, 0, 0, 0.357582251, -0.206900391, -0.149633179, 0.301384499, 0.138755237, -0.943299668, -0.951049805, -0.0246582031, -0.307495117, -0.0659026296, 0.989994087, 0.124562011, 0, 0, 0, 0, 0, 0, 0, 0.367481201, -0.162199561, -0.15379082, 0.154364056, -0.535487773, -0.830286181, 0.342041016, -0.759277344, 0.553466797, -0.926807924, -0.369398686, 0.0659163078, 0, 2, 5, 1, 
821.776222, 56, 0.1, 0.1, 0.00703087561, 0.338846091, -0.0199553002, 0.863451646, -2.51945124e-005, -0.504431615, 0.504431616, 4.69677917e-005, 0.863451645, 1.93779585e-006, -0.999999999, 5.32633257e-005, 0.863451596, -2.46616452e-006, -0.504431702, 0.504431702, -3.08329832e-006, 0.863451596, -3.68472711e-006, -1, -1.41826729e-006, 0, -0, 0, 0, 0, 0, 0, 0.357582251, -0.206900391, -0.149633179, 0.301384499, 0.138755237, -0.943299668, -0.951049805, -0.0246582031, -0.307495117, -0.0659026296, 0.989994087, 0.124562011, 0, 0, 0, 0, 0, 0, 0, 0.367481201, -0.162199561, -0.15379082, 0.154364056, -0.535487773, -0.830286181, 0.342041016, -0.759277344, 0.553466797, -0.926807924, -0.369398686, 0.0659163078, 0, 2, 5, 1, 
821.777017, 56, 0.1, 0.1, 0.00703086741, 0.338846109, -0.0199620612, 0.863451872, -2.14114605e-005, -0.504431229, 0.504431229, 6.18704808e-005, 0.86345187, 1.27216371e-005, -0.999999998, 6.42227918e-005, 0.863451806, -2.90113233e-005, -0.50443134, 0.504431341, 9.16531035e-005, 0.863451802, 2.11828185e-005, -0.999999995, 9.37722585e-005, 0, -0, 0, 0, 0, 0, 0, 0.357582251, -0.206900391, -0.149633179, 0.301384499, 0.138755237, -0.943299668, -0.951049805, -0.0246582031, -0.307495117, -0.0659026296, 0.989994087, 0.124562011, 0, 0, 0, 0, 0, 0, 0, 0.367481201, -0.162199561, -0.15379082, 0.154364056, -0.535487773, -0.830286181, 0.342041016, -0.759277344, 0.553466797, -0.926807924, -0.369398686, 0.0659163078, 0, 2, 5, 1, 
821.777823, 56, 0.1, 0.1, 0.00703087391, 0.338846097, -0.0199694982, 0.863451997, 5.9952281e-005, -0.504431011, 0.504431015, -8.84985453e-005, 0.863451993, 7.12450578e-006, -0.999999994, -0.000106656036, 0.863452001, 5.14332443e-005, -0.504431006, 0.504431008, -8.15378437e-005, 0.863451997, 3.27992106e-006, -0.999999995, -9.63485376e-005, 0, -0, 0, 0, 0, 0, 0, 0.357582251, -0.206900391, -0.149633179, 0.301384499, 0.138755237, -0.943299668, -0.951049805, -0.0246582031, -0.307495117, -0.0659026296, 0.989994087, 0.124562011, 0, 0, 0, 0, 0, 0, 0, 0.367481201, -0.162199561, -0.15379082, 0.154364056, -0.535487773, -0.830286181, 0.342041016, -0.759277344, 0.553466797, -0.926807924, -0.369398686, 0.0659163078, 0, 2, 5, 1, 
821.778615, 56, 0.1, 0.1, 0.00703087927, 0.338846085, -0.0199749326, 0.863452086, -6.58013389e-006, -0.504430863, 0.504430863, 8.55811479e-006, 0.863452086, -1.3646531e-006, -1, 1.07087447e-005, 0.863452039, 3.49532848e-006, -0.504430943, 0.504430943, -3.38225913e-005, 0.863452039, -1.40431131e-005, -0.999999999, -3.09673373e-005, 0, -0, 0, 0, 0, 0, 0, 0.357582251, -0.206900391, -0.149633179, 0.301384499, 0.138755237, -0.943299668, -0.951049805, -0.0246582031, -0.307495117, -0.0659026296, 0.989994087, 0.124562011, 0, 0, 0, 0, 0, 0, 0, 0.367481201, -0.162199561, -0.15379082, 0.154364056, -0.535487773, -0.830286181, 0.342041016, -0.759277344, 0.553466797, -0.926807924, -0.369398686, 0.0659163078, 0, 2, 5, 1, 
821.779423, 56, 0.1, 0.1, 0.00703087775, 0.3388461, -0.0199768521, 0.863452417, -1.79310968e-005, -0.504430296, 0.504430296, 6.30006148e-005, 0.863452415, 1.62967699e-005, -0.999999998, 6.34430216e-005, 0.863452356, -1.18492077e-005, -0.5044304, 0.5044304, 7.90467377e-005, 0.863452353, 2.96423513e-005, -0.999999997, 7.42301925e-005, 0, -0, 0, 0, 0, 0, 0, 0.357582251, -0.206900391, -0.149633179, 0.305014626, 0.138393535, -0.942214561, -0.949951172, -0.0239257813, -0.311157227, -0.0656124417, 0.990051375, 0.124390147, 0, 0, 0, 0, 0, 0, 0, 0.367481201, -0.162199561, -0.15379082, 0.154364056, -0.535487773, -0.830286181, 0.342041016, -0.759277344, 0.553466797, -0.926807924, -0.369398686, 0.0659163078, 0, 2, 5, 1, 
821.780234, 56, 0.1, 0.1, 0.00703087809, 0.338846097, -0.0199744431, 0.86345249, 3.3631624e-005, -0.504430171, 0.504430172, -4.53457679e-005, 0.863452488, 6.16553602e-006, -0.999999998, -5.61187221e-005, 0.863452513, 1.36582317e-005, -0.504430132, 0.504430132, -4.24466779e-005, 0.863452512, -9.61814889e-006, -0.999999999, -4.35403143e-005, 0, -0, 0, 0, 0, 0, 0, 0.358438379, -0.207365186, -0.148015552, 0.305014626, 0.138393535, -0.942214561, -0.949951172, -0.0239257813, -0.311157227, -0.0656124417, 0.990051375, 0.124390147, 0, 0, 0, 0, 0, 0, 0, 0.367714209, -0.162897119, -0.153104736, 0.154657898, -0.53619686, -0.829858177, 0.340820312, -0.759277344, 0.554199219, -0.927268011, -0.368491272, 0.0653475793, 0, 2, 5, 1, 
821.781034, 56, 0.1, 0.1, 0.00703088182, 0.338846092, -0.0199691936, 0.863452394, -8.13531561e-006, -0.504430336, 0.504430336, 1.83858152e-005, 0.863452394, 2.24990518e-006, -1, 1.99789761e-005, 0.863452391, -6.76592033e-006, -0.504430341, 0.504430341, -1.22169061e-006, 0.863452391, -6.45830789e-006, -1, 2.35806382e-006, 0, -0, 0, 0, 0, 0, 0, 0.358438379, -0.207365186, -0.148015552, 0.305014626, 0.138393535, -0.942214561, -0.949951172, -0.0239257813, -0.311157227, -0.0656124417, 0.990051375, 0.124390147, 0, 0, 0, 0, 0, 0, 0, 0.367714209, -0.162897119, -0.153104736, 0.154657898, -0.53619686, -0.829858177, 0.340820312, -0.759277344, 0.554199219, -0.927268011, -0.368491272, 0.0653475793, 0, 2, 5, 1, 
821.781853, 56, 0.1, 0.1, 0.00703088106, 0.338846093, -0.0199628493, 0.86345245, -1.22342268e-005, -0.50443024, 0.50443024, -5.0638817e-006, 0.86345245, -1.31180481e-005, -1, 1.7988929e-006, 0.86345242, -6.20233405e-006, -0.504430291, 0.50443029, -1.12368553e-005, 0.86345242, -1.10236305e-005, -1, -6.57384476e-006, 0, -0, 0, 0, 0, 0, 0, 0.358438379, -0.207365186, -0.148015552, 0.307050046, 0.143235328, -0.940759517, -0.94909668, -0.0257568359, -0.313720703, -0.0691482108, 0.989408103, 0.128114633, 0, 0, 0, 0, 0, 0, 0, 0.367714209, -0.162897119, -0.153104736, 0.154657898, -0.53619686, -0.829858177, 0.340820312, -0.759277344, 0.554199219, -0.927268011, -0.368491272, 0.0653475793, 0, 2, 5, 1, 
821.782706, 56, 0.1, 0.1, 0.00703088179, 0.338846092, -0.0199569597, 0.863452577, -1.13128303e-005, -0.504430023, 0.504430023, -1.35781953e-005, 0.863452577, -1.66173418e-005, -1, -6.01759652e-006, 0.863452557, 3.8765231e-006, -0.504430056, 0.504430056, 6.20838523e-006, 0.863452557, 6.47888989e-006, -1, 3.40521134e-006, 0, -0, 0, 0, 0, 0, 0, 0.358085156, -0.206449976, -0.146813647, 0.307050046, 0.143235328, -0.940759517, -0.94909668, -0.0257568359, -0.313720703, -0.0691482108, 0.989408103, 0.128114633, 0, 0, 0, 0, 0, 0, 0, 0.367920508, -0.162380811, -0.152966699, 0.157335296, -0.533967522, -0.830689032, 0.343383789, -0.759033203, 0.552978516, -0.925881921, -0.372184726, 0.0639100832, 0, 2, 5, 1, 
821.783499, 56, 0.1, 0.1, 0.00703088504, 0.338846093, -0.0199541173, 0.863452675, 2.43306142e-005, -0.504429854, 0.504429854, 1.9206755e-005, 0.863452675, 3.06967945e-005, -1, 4.31103582e-006, 0.863452655, 3.35915548e-005, -0.504429888, 0.504429888, 1.46110578e-005, 0.863452655, 3.63749715e-005, -0.999999999, -4.32862763e-006, 0, -0, 0, 0, 0, 0, 0, 0.358085156, -0.206449976, -0.146813647, 0.307050046, 0.143235328, -0.940759517, -0.94909668, -0.0257568359, -0.313720703, -0.0691482108, 0.989408103, 0.128114633, 0, 0, 0, 0, 0, 0, 0, 0.367920508, -0.162380811, -0.152966699, 0.157335296, -0.533967522, -0.830689032, 0.343383789, -0.759033203, 0.552978516, -0.925881921, -0.372184726, 0.0639100832, 0, 2, 5, 1, 
821.784293, 56, 0.1, 0.1, 0.00703087959, 0.33884609, -0.0199552458, 0.863452759, -2.92824494e-005, -0.50442971, 0.50442971, -1.75448513e-005, 0.863452759, -3.4134156e-005, -0.999999999, -3.78212766e-007, 0.863452738, -4.59937446e-005, -0.504429745, 0.504429745, -1.91258147e-005, 0.863452739, -4.93610546e-005, -0.999999999, 6.6863758e-006, 0, -0, 0, 0, 0, 0, 0, 0.358085156, -0.206449976, -0.146813647, 0.307050046, 0.143235328, -0.940759517, -0.94909668, -0.0257568359, -0.313720703, -0.0691482108, 0.989408103, 0.128114633, 0, 0, 0, 0, 0, 0, 0, 0.367920508, -0.162380811, -0.152966699, 0.157335296, -0.533967522, -0.830689032, 0.343383789, -0.759033203, 0.552978516, -0.925881921, -0.372184726, 0.0639100832, 0, 2, 5, 1, 
821.785091, 56, 0.1, 0.1, 0.00703089157, 0.338846093, -0.01995963, 0.863452946, 7.13253761e-005, -0.504429386, 0.504429386, 1.93150601e-005, 0.863452949, 7.13291902e-005, -0.999999997, -1.93009701e-005, 0.863452896, 8.10833726e-005, -0.50442947, 0.50442947, 1.62453608e-005, 0.863452899, 7.82063119e-005, -0.999999997, -2.68737388e-005, 0, -0, 0, 0, 0, 0, 0, 0.358085156, -0.206449976, -0.146813647, 0.307050046, 0.143235328, -0.940759517, -0.94909668, -0.0257568359, -0.313720703, -0.0691482108, 0.989408103, 0.128114633, 0, 0, 0, 0, 0, 0, 0, 0.367920508, -0.162380811, -0.152966699, 0.157335296, -0.533967522, -0.830689032, 0.343383789, -0.759033203, 0.552978516, -0.925881921, -0.372184726, 0.0639100832, 0, 2, 5, 1, 
821.785888, 56, 0.1, 0.1, 0.00703088824, 0.338846089, -0.0199656111, 0.863452973, -5.8237961e-005, -0.504429341, 0.504429338, -6.06837148e-005, 0.863452975, -8.08963869e-005, -0.999999996, -2.30205979e-005, 0.863452995, -4.70340959e-005, -0.504429305, 0.504429303, -4.71515759e-005, 0.863452996, -6.43963677e-005, -0.999999998, -1.69877932e-005, 0, -0, 0, 0, 0, 0, 0, 0.358085156, -0.206449976, -0.146813647, 0.307050046, 0.143235328, -0.940759517, -0.94909668, -0.0257568359, -0.313720703, -0.0691482108, 0.989408103, 0.128114633, 0, 0, 0, 0, 0, 0, 0, 0.367920508, -0.162380811, -0.152966699, 0.157335296, -0.533967522, -0.830689032, 0.343383789, -0.759033203, 0.552978516, -0.925881921, -0.372184726, 0.0639100832, 0, 2, 5, 1, 
821.786698, 56, 0.1, 0.1, 0.00703087936, 0.338846088, -0.0199711365, 0.863452996, 4.47001275e-006, -0.504429306, 0.504429305, 4.795346e-005, 0.863452995, 2.80487764e-005, -0.999999999, 3.91507532e-005, 0.863452949, -3.38003563e-005, -0.504429384, 0.504429385, 2.30983365e-005, 0.863452949, -1.75335377e-005, -0.999999999, 3.69942197e-005, 0, -0, 0, 0, 0, 0, 0, 0.358085156, -0.206449976, -0.146813647, 0.309263322, 0.14781689, -0.93942504, -0.948120117, -0.0272216797, -0.31640625, -0.0723413737, 0.988682455, 0.131858214, 0, 0, 0, 0, 0, 0, 0, 0.367920508, -0.162380811, -0.152966699, 0.157335296, -0.533967522, -0.830689032, 0.343383789, -0.759033203, 0.552978516, -0.925881921, -0.372184726, 0.0639100832, 0, 2, 5, 1, 
821.787503, 56, 0.1, 0.1, 0.00703089469, 0.338846095, -0.0199740327, 0.863453463, 6.96127834e-005, -0.504428501, 0.504428502, 5.27759105e-007, 0.863453465, 6.03736158e-005, -0.999999998, -3.46589766e-005, 0.863453347, 8.05432986e-005, -0.504428698, 0.504428698, 1.37273022e-005, 0.86345335, 7.64698262e-005, -0.999999997, -2.87754662e-005, 0, -0, 0, 0, 0, 0, 0, 0.357742065, -0.2059948, -0.145617847, 0.309263322, 0.14781689, -0.93942504, -0.948120117, -0.0272216797, -0.31640625, -0.0723413737, 0.988682455, 0.131858214, 0, 0, 0, 0, 0, 0, 0, 0.367936768, -0.161849609, -0.152407324, 0.160498301, -0.53148262, -0.831698891, 0.345581055, -0.758911133, 0.551757813, -0.924444791, -0.375974062, 0.0618400594, 0, 2, 5, 1, 
821.788297, 56, 0.1, 0.1, 0.00703089286, 0.338846092, -0.019973823, 0.863454183, -4.31164339e-005, -0.504427271, 0.504427271, -8.09816631e-006, 0.863454184, -4.13140012e-005, -0.999999999, 1.47567095e-005, 0.863454037, -3.96591557e-005, -0.504427521, 0.504427521, -8.13400821e-006, 0.863454038, -3.83468758e-005, -0.999999999, 1.29818274e-005, 0, -0, 0, 0, 0, 0, 0, 0.357742065, -0.2059948, -0.145617847, 0.309263322, 0.14781689, -0.93942504, -0.948120117, -0.0272216797, -0.31640625, -0.0723413737, 0.988682455, 0.131858214, 0, 0, 0, 0, 0, 0, 0, 0.367936768, -0.161849609, -0.152407324, 0.160498301, -0.53148262, -0.831698891, 0.345581055, -0.758911133, 0.551757813, -0.924444791, -0.375974062, 0.0618400594, 0, 2, 5, 1, 
821.789091, 56, 0.1, 0.1, 0.00703089446, 0.338846091, -0.0199708551, 0.863454782, 2.37154759e-005, -0.504426248, 0.504426247, 1.80024581e-005, 0.863454782, 2.95581535e-005, -1, 3.58159997e-006, 0.863454691, 2.7562758e-005, -0.504426402, 0.504426402, 3.71663366e-006, 0.863454692, 2.56739609e-005, -1, -1.06942381e-005, 0, -0, 0, 0, 0, 0, 0, 0.357742065, -0.2059948, -0.145617847, 0.309263322, 0.14781689, -0.93942504, -0.948120117, -0.0272216797, -0.31640625, -0.0723413737, 0.988682455, 0.131858214, 0, 0, 0, 0, 0, 0, 0, 0.367936768, -0.161849609, -0.152407324, 0.160498301, -0.53148262, -0.831698891, 0.345581055, -0.758911133, 0.551757813, -0.924444791, -0.375974062, 0.0618400594, 0, 2, 5, 1, 
821.789881, 56, 0.1, 0.1, 0.00703089165, 0.338846089, -0.019966375, 0.863455164, -3.63848151e-005, -0.504425592, 0.504425592, -2.05808879e-005, 0.863455165, -4.17981831e-005, -0.999999999, 5.82757927e-007, 0.863455093, -3.23606489e-005, -0.504425715, 0.504425714, -2.34171851e-005, 0.863455093, -3.97541974e-005, -0.999999999, -3.89614427e-006, 0, -0, 0, 0, 0, 0, 0, 0.357742065, -0.2059948, -0.145617847, 0.309263322, 0.14781689, -0.93942504, -0.948120117, -0.0272216797, -0.31640625, -0.0723413737, 0.988682455, 0.131858214, 0, 0, 0, 0, 0, 0, 0, 0.367936768, -0.161849609, -0.152407324, 0.160498301, -0.53148262, -0.831698891, 0.345581055, -0.758911133, 0.551757813, -0.924444791, -0.375974062, 0.0618400594, 0, 2, 5, 1, 
821.790703, 56, 0.1, 0.1, 0.00703089516, 0.338846093, -0.0199617378, 0.863455475, 4.13471932e-005, -0.504425061, 0.504425059, 3.53408406e-005, 0.863455475, 5.3528266e-005, -0.999999999, 9.65868192e-006, 0.863455401, 3.13382782e-005, -0.504425187, 0.504425186, 4.15072806e-005, 0.863455402, 4.79965234e-005, -0.999999999, 2.00318688e-005, 0, -0, 0, 0, 0, 0, 0, 0.357742065, -0.2059948, -0.145617847, 0.309263322, 0.14781689, -0.93942504, -0.948120117, -0.0272216797, -0.31640625, -0.0723413737, 0.988682455, 0.131858214, 0, 0, 0, 0, 0, 0, 0, 0.367936768, -0.161849609, -0.152407324, 0.160498301, -0.53148262, -0.831698891, 0.345581055, -0.758911133, 0.551757813, -0.924444791, -0.375974062, 0.0618400594, 0, 2, 5, 1, 
821.791491, 56, 0.1, 0.1, 0.00703089456, 0.338846091, -0.0199584424, 0.863455962, -4.65810569e-005, -0.504424225, 0.504424225, -8.94021712e-006, 0.863455963, -4.47303535e-005, -0.999999999, 1.57771298e-005, 0.863455846, -3.90603903e-005, -0.504424425, 0.504424425, -1.22865057e-005, 0.863455847, -3.9924536e-005, -0.999999999, 9.09415976e-006, 0, -0, 0, 0, 0, 0, 0, 0.357742065, -0.2059948, -0.145617847, 0.309263322, 0.14781689, -0.93942504, -0.948120117, -0.0272216797, -0.31640625, -0.0723413737, 0.988682455, 0.131858214, 0, 0, 0, 0, 0, 0, 0, 0.367936768, -0.161849609, -0.152407324, 0.160498301, -0.53148262, -0.831698891, 0.345581055, -0.758911133, 0.551757813, -0.924444791, -0.375974062, 0.0618400594, 0, 2, 5, 1, 
821.792308, 56, 0.1, 0.1, 0.00703090021, 0.338846091, -0.0199573642, 0.863456422, 4.8726319e-005, -0.504423437, 0.504423436, 3.79534929e-005, 0.863456424, 6.12176845e-005, -0.999999998, 8.19248999e-006, 0.863456372, 5.61185439e-005, -0.504423523, 0.504423522, 1.61408644e-005, 0.863456374, 5.65977461e-005, -0.999999998, -1.43705814e-005, 0, -0, 0, 0, 0, 0, 0, 0.357116992, -0.205418896, -0.146932886, 0.30598067, 0.154790705, -0.939314212, -0.948852539, -0.0290527344, -0.313964844, -0.0758999866, 0.987454319, 0.138020257, 0, 0, 0, 0, 0, 0, 0, 0.367774072, -0.160835791, -0.15362583, 0.16077975, -0.528167231, -0.833685793, 0.350830078, -0.758911133, 0.548461914, -0.922451326, -0.380658051, 0.0632268828, 0, 2, 5, 1, 
821.793095, 56, 0.1, 0.1, 0.0070308997, 0.33884609, -0.0199591789, 0.863456559, -3.63227601e-005, -0.504423204, 0.504423203, -3.56611686e-005, 0.86345656, -4.93514464e-005, -0.999999999, -1.24698269e-005, 0.863456528, -2.58058248e-005, -0.504423259, 0.504423258, -3.82121122e-005, 0.863456528, -4.1557286e-005, -0.999999999, -1.99774395e-005, 0, -0, 0, 0, 0, 0, 0, 0.357116992, -0.205418896, -0.146932886, 0.30598067, 0.154790705, -0.939314212, -0.948852539, -0.0290527344, -0.313964844, -0.0758999866, 0.987454319, 0.138020257, 0, 0, 0, 0, 0, 0, 0, 0.367774072, -0.160835791, -0.15362583, 0.16077975, -0.528167231, -0.833685793, 0.350830078, -0.758911133, 0.548461914, -0.922451326, -0.380658051, 0.0632268828, 0, 2, 5, 1, 
821.793886, 56, 0.1, 0.1, 0.00703090116, 0.33884609, -0.01996299, 0.863456895, 4.38120063e-005, -0.504422629, 0.50442263, 3.38815819e-006, 0.863456896, 3.95388426e-005, -0.999999999, -1.91742389e-005, 0.863456809, 3.61139051e-005, -0.504422777, 0.504422777, 6.42320881e-006, 0.863456809, 3.44228101e-005, -0.999999999, -1.26705129e-005, 0, -0, 0, 0, 0, 0, 0, 0.357116992, -0.205418896, -0.146932886, 0.30598067, 0.154790705, -0.939314212, -0.948852539, -0.0290527344, -0.313964844, -0.0758999866, 0.987454319, 0.138020257, 0, 0, 0, 0, 0, 0, 0, 0.367774072, -0.160835791, -0.15362583, 0.16077975, -0.528167231, -0.833685793, 0.350830078, -0.758911133, 0.548461914, -0.922451326, -0.380658051, 0.0632268828, 0, 2, 5, 1, 
821.794707, 56, 0.1, 0.1, 0.00703089837, 0.338846088, -0.019967229, 0.863457219, -3.64537716e-005, -0.504422075, 0.504422074, -3.58147121e-005, 0.86345722, -4.95420036e-005, -0.999999999, -1.25363847e-005, 0.863457187, -4.06101234e-005, -0.504422129, 0.504422129, -1.82220834e-005, 0.863457188, -4.42567251e-005, -0.999999999, 4.75065603e-006, 0, -0, 0, 0, 0, 0, 0, 0.357194971, -0.206151831, -0.148284302, 0.303036877, 0.157944554, -0.939788247, -0.949951172, -0.0267333984, -0.310791016, -0.0741978162, 0.98707839, 0.142050279, 0, 0, 0, 0, 0, 0, 0, 0.367366748, -0.161000928, -0.15476084, 0.157936474, -0.52731742, -0.83482908, 0.352539062, -0.759521484, 0.546630859, -0.922259196, -0.380568733, 0.0659298008, 0, 2, 5, 1, 
821.795503, 56, 0.1, 0.1, 0.0070308988, 0.338846087, -0.0199702588, 0.863457301, 2.32169574e-005, -0.504421936, 0.504421936, 1.75987575e-005, 0.863457301, 2.89240507e-005, -1, 3.4846331e-006, 0.863457281, 1.57085958e-005, -0.50442197, 0.50442197, 1.93682124e-005, 0.863457281, 2.33334533e-005, -1, 8.79986315e-006, 0, -0, 0, 0, 0, 0, 0, 0.357194971, -0.206151831, -0.148284302, 0.303036877, 0.157944554, -0.939788247, -0.949951172, -0.0267333984, -0.310791016, -0.0741978162, 0.98707839, 0.142050279, 0, 0, 0, 0, 0, 0, 0, 0.367366748, -0.161000928, -0.15476084, 0.157936474, -0.52731742, -0.83482908, 0.352539062, -0.759521484, 0.546630859, -0.922259196, -0.380568733, 0.0659298008, 0, 2, 5, 1, 
821.796302, 56, 0.1, 0.1, 0.00703089771, 0.338846085, -0.0199713482, 0.863457529, -3.479851e-005, -0.504421544, 0.504421544, -7.42234293e-006, 0.86345753, -3.37910252e-005, -0.999999999, 1.11442403e-005, 0.863457469, -3.01084704e-005, -0.504421648, 0.504421648, -1.10155356e-005, 0.863457469, -3.15538583e-005, -0.999999999, 5.67591778e-006, 0, -0, 0, 0, 0, 0, 0, 0.357194971, -0.206151831, -0.148284302, 0.303036877, 0.157944554, -0.939788247, -0.949951172, -0.0267333984, -0.310791016, -0.0741978162, 0.98707839, 0.142050279, 0, 0, 0, 0, 0, 0, 0, 0.367366748, -0.161000928, -0.15476084, 0.157936474, -0.52731742, -0.83482908, 0.352539062, -0.759521484, 0.546630859, -0.922259196, -0.380568733, 0.0659298008, 0, 2, 5, 1, 
821.797094, 56, 0.1, 0.1, 0.00703090092, 0.338846086, -0.0199704026, 0.863457744, 2.99775852e-005, -0.504421176, 0.504421176, 3.15605447e-005, 0.863457745, 4.18041852e-005, -0.999999999, 1.2129868e-005, 0.863457727, 3.47920915e-005, -0.504421205, 0.504421205, 1.5317249e-005, 0.863457728, 3.77678455e-005, -0.999999999, -4.32407176e-006, 0, -0, 0, 0, 0, 0, 0, 0.357194971, -0.206151831, -0.148284302, 0.303036877, 0.157944554, -0.939788247, -0.949951172, -0.0267333984, -0.310791016, -0.0741978162, 0.98707839, 0.142050279, 0, 0, 0, 0, 0, 0, 0, 0.367366748, -0.161000928, -0.15476084, 0.157936474, -0.52731742, -0.83482908, 0.352539062, -0.759521484, 0.546630859, -0.922259196, -0.380568733, 0.0659298008, 0, 2, 5, 1, 
821.797886, 56, 0.1, 0.1, 0.0070308999, 0.338846086, -0.0199679136, 0.863457757, -2.81492448e-005, -0.504421155, 0.504421154, -1.81795002e-005, 0.863457757, -3.34758082e-005, -0.999999999, -1.49815592e-006, 0.86345775, -2.15536863e-005, -0.504421166, 0.504421166, -2.19375471e-005, 0.86345775, -2.96764606e-005, -1, -8.07000945e-006, 0, -0, 0, 0, 0, 0, 0, 0.357194971, -0.206151831, -0.148284302, 0.303036877, 0.157944554, -0.939788247, -0.949951172, -0.0267333984, -0.310791016, -0.0741978162, 0.98707839, 0.142050279, 0, 0, 0, 0, 0, 0, 0, 0.367366748, -0.161000928, -0.15476084, 0.157936474, -0.52731742, -0.83482908, 0.352539062, -0.759521484, 0.546630859, -0.922259196, -0.380568733, 0.0659298008, 0, 2, 5, 1, 
821.798677, 56, 0.1, 0.1, 0.00703090282, 0.338846089, -0.0199648359, 0.863457946, 4.55678315e-005, -0.50442083, 0.50442083, 1.30267247e-005, 0.863457947, 4.59168575e-005, -0.999999999, -1.17373345e-005, 0.863457888, 3.97273196e-005, -0.50442093, 0.504420929, 1.69475908e-005, 0.863457889, 4.2851587e-005, -0.999999999, -5.40576053e-006, 0, -0, 0, 0, 0, 0, 0, 0.357194971, -0.206151831, -0.148284302, 0.303036877, 0.157944554, -0.939788247, -0.949951172, -0.0267333984, -0.310791016, -0.0741978162, 0.98707839, 0.142050279, 0, 0, 0, 0, 0, 0, 0, 0.367366748, -0.161000928, -0.15476084, 0.157936474, -0.52731742, -0.83482908, 0.352539062, -0.759521484, 0.546630859, -0.922259196, -0.380568733, 0.0659298008, 0, 2, 5, 1, 
821.799496, 56, 0.1, 0.1, 0.00703089936, 0.338846088, -0.0199618712, 0.863458131, -3.85020328e-005, -0.504420514, 0.504420513, -3.62798222e-005, 0.863458131, -5.15451799e-005, -0.999999999, -1.19048923e-005, 0.863458127, -4.5313878e-005, -0.50442052, 0.504420519, -1.57221416e-005, 0.863458128, -4.70572071e-005, -0.999999999, 9.28183895e-006, 0, -0, 0, 0, 0, 0, 0, 0.356752734, -0.205497827, -0.149865796, 0.298740633, 0.162043846, -0.940427032, -0.951293945, -0.0258789063, -0.306762695, -0.0740117258, 0.986429126, 0.146600762, 0, 0, 0, 0, 0, 0, 0, 0.366784521, -0.160506836, -0.155670898, 0.155649167, -0.526205849, -0.835985127, 0.35534668, -0.759765625, 0.544433594, -0.92151766, -0.381802072, 0.0687541204, 0, 2, 5, 1, 
821.800287, 56, 0.1, 0.1, 0.0070309018, 0.338846088, -0.0199602695, 0.863458056, 3.79964679e-005, -0.504420642, 0.504420641, 2.89532919e-005, 0.863458057, 4.74129944e-005, -0.999999999, 5.83375042e-006, 0.863458065, 2.90415932e-005, -0.504420627, 0.504420626, 3.28591101e-005, 0.863458065, 4.16510108e-005, -0.999999999, 1.37232851e-005, 0, -0, 0, 0, 0, 0, 0, 0.356752734, -0.205497827, -0.149865796, 0.298740633, 0.162043846, -0.940427032, -0.951293945, -0.0258789063, -0.306762695, -0.0740117258, 0.986429126, 0.146600762, 0, 0, 0, 0, 0, 0, 0, 0.366784521, -0.160506836, -0.155670898, 0.155649167, -0.526205849, -0.835985127, 0.35534668, -0.759765625, 0.544433594, -0.92151766, -0.381802072, 0.0687541204, 0, 2, 5, 1, 
821.80108, 56, 0.1, 0.1, 0.00703090039, 0.338846086, -0.0199605087, 0.863458207, -4.92020403e-005, -0.504420383, 0.504420383, -1.01856681e-005, 0.863458208, -4.76217642e-005, -0.999999999, 1.60236133e-005, 0.863458154, -4.14668848e-005, -0.504420474, 0.504420474, -1.40596242e-005, 0.863458155, -4.28968822e-005, -0.999999999, 8.77684856e-006, 0, -0, 0, 0, 0, 0, 0, 0.356752734, -0.205497827, -0.149865796, 0.298740633, 0.162043846, -0.940427032, -0.951293945, -0.0258789063, -0.306762695, -0.0740117258, 0.986429126, 0.146600762, 0, 0, 0, 0, 0, 0, 0, 0.366784521, -0.160506836, -0.155670898, 0.155649167, -0.526205849, -0.835985127, 0.35534668, -0.759765625, 0.544433594, -0.92151766, -0.381802072, 0.0687541204, 0, 2, 5, 1, 
821.801872, 56, 0.1, 0.1, 0.00703090361, 0.338846087, -0.0199623801, 0.863458361, 3.69924488e-005, -0.50442012, 0.504420119, 3.70552654e-005, 0.863458362, 5.06328607e-005, -0.999999999, 1.33359434e-005, 0.863458363, 4.2042434e-005, -0.504420117, 0.504420116, 1.64772978e-005, 0.863458364, 4.46133718e-005, -0.999999999, -6.97958885e-006, 0, -0, 0, 0, 0, 0, 0, 0.356752734, -0.205497827, -0.149865796, 0.298740633, 0.162043846, -0.940427032, -0.951293945, -0.0258789063, -0.306762695, -0.0740117258, 0.986429126, 0.146600762, 0, 0, 0, 0, 0, 0, 0, 0.366784521, -0.160506836, -0.155670898, 0.155649167, -0.526205849, -0.835985127, 0.35534668, -0.759765625, 0.544433594, -0.92151766, -0.381802072, 0.0687541204, 0, 2, 5, 1, 
821.802662, 56, 0.1, 0.1, 0.00703090285, 0.338846087, -0.0199651643, 0.863458277, -3.09474825e-005, -0.504420264, 0.504420264, -2.20318484e-005, 0.863458277, -3.78351707e-005, -0.999999999, -3.41304459e-006, 0.863458288, -2.261253e-005, -0.504420246, 0.504420245, -2.4671531e-005, 0.863458288, -3.19697962e-005, -0.999999999, -9.89662003e-006, 0, -0, 0, 0, 0, 0, 0, 0.356752734, -0.205497827, -0.149865796, 0.298740633, 0.162043846, -0.940427032, -0.951293945, -0.0258789063, -0.306762695, -0.0740117258, 0.986429126, 0.146600762, 0, 0, 0, 0, 0, 0, 0, 0.366784521, -0.160506836, -0.155670898, 0.155649167, -0.526205849, -0.835985127, 0.35534668, -0.759765625, 0.544433594, -0.92151766, -0.381802072, 0.0687541204, 0, 2, 5, 1, 
821.80345, 56, 0.1, 0.1, 0.00703090437, 0.338846089, -0.0199678841, 0.863458384, 3.88359552e-005, -0.50442008, 0.50442008, 9.72406131e-006, 0.863458385, 3.8438243e-005, -0.999999999, -1.11933134e-005, 0.863458344, 3.2337874e-005, -0.50442015, 0.50442015, 1.30238732e-005, 0.863458344, 3.44919112e-005, -0.999999999, -5.06630333e-006, 0, -0, 0, 0, 0, 0, 0, 0.356752734, -0.205497827, -0.149865796, 0.298740633, 0.162043846, -0.940427032, -0.951293945, -0.0258789063, -0.306762695, -0.0740117258, 0.986429126, 0.146600762, 0, 0, 0, 0, 0, 0, 0, 0.366784521, -0.160506836, -0.155670898, 0.155649167, -0.526205849, -0.835985127, 0.35534668, -0.759765625, 0.544433594, -0.92151766, -0.381802072, 0.0687541204, 0, 2, 5, 1, 
821.804271, 56, 0.1, 0.1, 0.00703090176, 0.338846088, -0.019969456, 0.863458494, -3.23907091e-005, -0.504419893, 0.504419892, -3.10091804e-005, 0.863458494, -4.36096803e-005, -0.999999999, -1.04366222e-005, 0.863458499, -3.70458003e-005, -0.504419883, 0.504419883, -1.44077036e-005, 0.8634585, -3.92550434e-005, -0.999999999, 6.24618408e-006, 0, -0, 0, 0, 0, 0, 0, 0.356717456, -0.20536355, -0.149623877, 0.298036325, 0.164696329, -0.940228959, -0.951538086, -0.0247802734, -0.306030273, -0.0737765824, 0.986009014, 0.149412005, 0, 0, 0, 0, 0, 0, 0, 0.366826025, -0.160257227, -0.155472803, 0.156256175, -0.525669203, -0.836164131, 0.35546875, -0.759887695, 0.544189453, -0.921453861, -0.382236639, 0.0681215928, 0, 2, 5, 1, 
821.805058, 56, 0.1, 0.1, 0.00703090289, 0.338846087, -0.0199693903, 0.863458402, 2.56127694e-005, -0.504420051, 0.50442005, 1.83500453e-005, 0.863458402, 3.13716918e-005, -1, 2.92490634e-006, 0.863458415, 1.86749727e-005, -0.504420028, 0.504420028, 2.1305496e-005, 0.863458415, 2.68719813e-005, -1, 8.97637955e-006, 0, -0, 0, 0, 0, 0, 0, 0.356717456, -0.20536355, -0.149623877, 0.298036325, 0.164696329, -0.940228959, -0.951538086, -0.0247802734, -0.306030273, -0.0737765824, 0.986009014, 0.149412005, 0, 0, 0, 0, 0, 0, 0, 0.366826025, -0.160257227, -0.155472803, 0.156256175, -0.525669203, -0.836164131, 0.35546875, -0.759887695, 0.544189453, -0.921453861, -0.382236639, 0.0681215928, 0, 2, 5, 1, 
821.805851, 56, 0.1, 0.1, 0.00703090117, 0.338846085, -0.0199680753, 0.863458488, -4.02218064e-005, -0.504419903, 0.504419903, -1.0152984e-005, 0.863458489, -3.98512273e-005, -0.999999999, 1.15219995e-005, 0.863458452, -3.5055504e-005, -0.504419965, 0.504419964, -1.37620947e-005, 0.863458453, -3.72108466e-005, -0.999999999, 5.79969906e-006, 0, -0, 0, 0, 0, 0, 0, 0.356717456, -0.20536355, -0.149623877, 0.298036325, 0.164696329, -0.940228959, -0.951538086, -0.0247802734, -0.306030273, -0.0737765824, 0.986009014, 0.149412005, 0, 0, 0, 0, 0, 0, 0, 0.366826025, -0.160257227, -0.155472803, 0.156256175, -0.525669203, -0.836164131, 0.35546875, -0.759887695, 0.544189453, -0.921453861, -0.382236639, 0.0681215928, 0, 2, 5, 1, 
821.806688, 56, 0.1, 0.1, 0.00703090511, 0.338846086, -0.0199656738, 0.863458569, 3.31703978e-005, -0.504419764, 0.504419763, 3.7668447e-005, 0.86345857, 4.76419733e-005, -0.999999999, 1.57933391e-005, 0.863458585, 4.01711002e-005, -0.504419737, 0.504419736, 1.61793633e-005, 0.863458586, 4.28472715e-005, -0.999999999, -6.29288563e-006, 0, -0, 0, 0, 0, 0, 0, 0.356919946, -0.204275269, -0.149358276, 0.297774972, 0.168554487, -0.939592799, -0.951416016, -0.0261230469, -0.306274414, -0.0762070268, 0.985397942, 0.15264823, 0, 0, 0, 0, 0, 0, 0, 0.366826025, -0.160257227, -0.155472803, 0.158051679, -0.525286042, -0.836145174, 0.355834961, -0.759521484, 0.544555664, -0.92101966, -0.383546537, 0.0667734154, 0, 2, 5, 1, 
821.807482, 56, 0.1, 0.1, 0.00703090325, 0.338846086, -0.0199630108, 0.863458427, -3.5718494e-005, -0.504420008, 0.504420007, -2.30447916e-005, 0.863458427, -4.24656886e-005, -0.999999999, -1.88109647e-006, 0.863458449, -2.78173295e-005, -0.50441997, 0.50441997, -2.66594039e-005, 0.863458449, -3.74666439e-005, -0.999999999, -8.98767105e-006, 0, -0, 0, 0, 0, 0, 0, 0.356919946, -0.204275269, -0.149358276, 0.297774972, 0.168554487, -0.939592799, -0.951416016, -0.0261230469, -0.306274414, -0.0762070268, 0.985397942, 0.15264823, 0, 0, 0, 0, 0, 0, 0, 0.367177197, -0.160036182, -0.155053418, 0.158051679, -0.525286042, -0.836145174, 0.355834961, -0.759521484, 0.544555664, -0.92101966, -0.383546537, 0.0667734154, 0, 2, 5, 1, 
821.808275, 56, 0.1, 0.1, 0.00703090558, 0.338846089, -0.0199613604, 0.863458504, 4.83361507e-005, -0.504419875, 0.504419875, 1.181293e-005, 0.863458505, 4.76949371e-005, -0.999999999, -1.41817402e-005, 0.863458465, 4.1112698e-005, -0.504419942, 0.504419941, 1.62238048e-005, 0.863458466, 4.36827178e-005, -0.999999999, -6.72948309e-006, 0, -0, 0, 0, 0, 0, 0, 0.356919946, -0.204275269, -0.149358276, 0.297774972, 0.168554487, -0.939592799, -0.951416016, -0.0261230469, -0.306274414, -0.0762070268, 0.985397942, 0.15264823, 0, 0, 0, 0, 0, 0, 0, 0.367177197, -0.160036182, -0.155053418, 0.158051679, -0.525286042, -0.836145174, 0.355834961, -0.759521484, 0.544555664, -0.92101966, -0.383546537, 0.0667734154, 0, 2, 5, 1, 
821.809064, 56, 0.1, 0.1, 0.00703090279, 0.338846087, -0.0199612289, 0.863458592, -3.78450466e-005, -0.504419725, 0.504419723, -3.84342209e-005, 0.863458593, -5.20646098e-005, -0.999999999, -1.40965703e-005, 0.863458606, -4.35307965e-005, -0.504419699, 0.504419699, -1.70988881e-005, 0.863458607, -4.62120569e-005, -0.999999999, 7.19360922e-006, 0, -0, 0, 0, 0, 0, 0, 0.356919946, -0.204275269, -0.149358276, 0.297774972, 0.168554487, -0.939592799, -0.951416016, -0.0261230469, -0.306274414, -0.0762070268, 0.985397942, 0.15264823, 0, 0, 0, 0, 0, 0, 0, 0.367177197, -0.160036182, -0.155053418, 0.158051679, -0.525286042, -0.836145174, 0.355834961, -0.759521484, 0.544555664, -0.92101966, -0.383546537, 0.0667734154, 0, 2, 5, 1, 
821.809857, 56, 0.1, 0.1, 0.00703090472, 0.338846087, -0.0199625659, 0.863458442, 3.4643108e-005, -0.504419982, 0.504419981, 2.33542528e-005, 0.863458443, 4.16932359e-005, -0.999999999, 2.69075082e-006, 0.863458465, 2.58473451e-005, -0.504419942, 0.504419942, 2.66655338e-005, 0.863458465, 3.57687359e-005, -0.999999999, 9.98666456e-006, 0, -0, 0, 0, 0, 0, 0, 0.356919946, -0.204275269, -0.149358276, 0.297774972, 0.168554487, -0.939592799, -0.951416016, -0.0261230469, -0.306274414, -0.0762070268, 0.985397942, 0.15264823, 0, 0, 0, 0, 0, 0, 0, 0.367177197, -0.160036182, -0.155053418, 0.158051679, -0.525286042, -0.836145174, 0.355834961, -0.759521484, 0.544555664, -0.92101966, -0.383546537, 0.0667734154, 0, 2, 5, 1, 
821.810652, 56, 0.1, 0.1, 0.00703090371, 0.338846084, -0.0199647709, 0.86345851, -4.27595467e-005, -0.504419865, 0.504419865, -1.22329572e-005, 0.863458511, -4.30916411e-005, -0.999999999, 1.10061138e-005, 0.863458473, -3.5198803e-005, -0.504419928, 0.504419927, -1.59011857e-005, 0.863458474, -3.84135796e-005, -0.999999999, 4.0249641e-006, 0, -0, 0, 0, 0, 0, 0, 0.356919946, -0.204275269, -0.149358276, 0.297774972, 0.168554487, -0.939592799, -0.951416016, -0.0261230469, -0.306274414, -0.0762070268, 0.985397942, 0.15264823, 0, 0, 0, 0, 0, 0, 0, 0.367177197, -0.160036182, -0.155053418, 0.158051679, -0.525286042, -0.836145174, 0.355834961, -0.759521484, 0.544555664, -0.92101966, -0.383546537, 0.0667734154, 0, 2, 5, 1, 
821.811459, 56, 0.1, 0.1, 0.00703090657, 0.338846084, -0.0199669528, 0.863458588, 3.14069085e-005, -0.504419731, 0.50441973, 3.12560439e-005, 0.863458589, 4.28847301e-005, -0.999999999, 1.11460352e-005, 0.863458603, 3.64325702e-005, -0.504419707, 0.504419706, 1.11489202e-005, 0.863458603, 3.70817512e-005, -0.999999999, -8.75067535e-006, 0, -0, 0, 0, 0, 0, 0, 0.356919946, -0.204275269, -0.149358276, 0.297292702, 0.170946739, -0.939293255, -0.951660156, -0.025390625, -0.305908203, -0.0761306428, 0.984895454, 0.155319809, 0, 0, 0, 0, 0, 0, 0, 0.367177197, -0.160036182, -0.155053418, 0.158051679, -0.525286042, -0.836145174, 0.355834961, -0.759521484, 0.544555664, -0.92101966, -0.383546537, 0.0667734154, 0, 2, 5, 1, 
821.812266, 56, 0.1, 0.1, 0.00703090555, 0.338846084, -0.0199680871, 0.863458454, -2.90544278e-005, -0.504419962, 0.504419961, -2.00409632e-005, 0.863458454, -3.51963532e-005, -0.999999999, -2.64890578e-006, 0.863458474, -2.21276864e-005, -0.504419927, 0.504419926, -2.30665467e-005, 0.863458475, -3.07415642e-005, -0.999999999, -8.75535931e-006, 0, -0, 0, 0, 0, 0, 0, 0.357118774, -0.204601025, -0.148888354, 0.297292702, 0.170946739, -0.939293255, -0.951660156, -0.025390625, -0.305908203, -0.0761306428, 0.984895454, 0.155319809, 0, 0, 0, 0, 0, 0, 0, 0.367206982, -0.160279199, -0.154588867, 0.158562805, -0.525688526, -0.83572993, 0.355224609, -0.759277344, 0.545166016, -0.921211424, -0.383220611, 0.0663260885, 0, 2, 5, 1, 
821.813054, 56, 0.1, 0.1, 0.00703090746, 0.338846087, -0.0199683129, 0.863458507, 3.95260994e-005, -0.50441987, 0.50441987, 1.04531296e-005, 0.863458508, 3.94019131e-005, -0.999999999, -1.09119063e-005, 0.863458477, 3.35175545e-005, -0.504419921, 0.504419921, 1.37043091e-005, 0.863458478, 3.58537431e-005, -0.999999999, -5.07382029e-006, 0, -0, 0, 0, 0, 0, 0, 0.357118774, -0.204601025, -0.148888354, 0.297292702, 0.170946739, -0.939293255, -0.951660156, -0.025390625, -0.305908203, -0.0761306428, 0.984895454, 0.155319809, 0, 0, 0, 0, 0, 0, 0, 0.367206982, -0.160279199, -0.154588867, 0.158562805, -0.525688526, -0.83572993, 0.355224609, -0.759277344, 0.545166016, -0.921211424, -0.383220611, 0.0663260885, 0, 2, 5, 1, 
821.813846, 56, 0.1, 0.1, 0.00703090526, 0.338846086, -0.0199675956, 0.86345857, -3.02590219e-005, -0.504419763, 0.504419762, -2.9758586e-005, 0.86345857, -4.11382307e-005, -0.999999999, -1.04320575e-005, 0.863458583, -3.54882637e-005, -0.504419739, 0.504419739, -1.22999879e-005, 0.863458584, -3.68470026e-005, -0.999999999, 7.28045062e-006, 0, -0, 0, 0, 0, 0, 0, 0.357118774, -0.204601025, -0.148888354, 0.297292702, 0.170946739, -0.939293255, -0.951660156, -0.025390625, -0.305908203, -0.0761306428, 0.984895454, 0.155319809, 0, 0, 0, 0, 0, 0, 0, 0.367206982, -0.160279199, -0.154588867, 0.158562805, -0.525688526, -0.83572993, 0.355224609, -0.759277344, 0.545166016, -0.921211424, -0.383220611, 0.0663260885, 0, 2, 5, 1, 
