time, trialNum, realDorsalTactorPos, realVentralTactorPos, boxPosX, boxPosY, boxPosZ, boxLocalRot_11, boxLocalRot_12, boxLocalRot_13, boxLocalRot_21, boxLocalRot_22, boxLocalRot_23, boxLocalRot_31, boxLocalRot_32, boxLocalRot_33, boxGlobalRot_11, boxGlobalRot_12, boxGlobalRot_13, boxGlobalRot_21, boxGlobalRot_22, boxGlobalRot_23, boxGlobalRot_31, boxGlobalRot_32, boxGlobalRot_33, indexForceX, indexForceY, indexForceZ, indexForceGlobalX, indexForceGlobalY, indexForceGlobalZ, indexContact, indexPosX, indexPosY, indexPosZ, indexRot_11, indexRot_12, indexRot_13, indexRot_21, indexRot_22, indexRot_23, indexRot_31, indexRot_32, indexRot_33, thumbForceX, thumbForceY, thumbForceZ, thumbForceGlobalX, thumbForceGlobalY, thumbForceGlobalZ, thumbContact, thumbPosX, thumbPosY, thumbPosZ, thumbRot_11, thumbRot_12, thumbRot_13, thumbRot_21, thumbRot_22, thumbRot_23, thumbRot_31, thumbRot_32, thumbRot_33, manipForceTooHigh, cceExpType, mapping, trialSuccess, 
637.802556, 43, 0.1, 0.1, 0.0311905297, 0.351776999, -0.0349738619, 0.909815258, -0.41501349, -6.12704346e-006, 0.41501349, 0.909815258, -6.5320821e-006, 8.28537981e-006, 3.40018227e-006, 1, 0.909815133, -0.415013763, -3.901925e-006, 0.415013763, 0.909815133, -1.11209385e-005, 8.16537295e-006, 8.49864559e-006, 1, 0, 0, 0, 0, 0, 0, 0, 0.29302749, -0.207472412, -0.231517822, -0.151463635, 0.554565411, -0.818134057, -0.898925781, 0.266723633, 0.347167969, 0.410832237, 0.788185098, 0.45833425, 0, 0, -0, 0, 0, 0, 0, 0.363866016, -0.163283008, -0.201792871, 0.175412143, 0.193752934, -0.965184026, 0.444458008, -0.890380859, -0.0980224609, -0.878321679, -0.411690085, -0.24235356, 0, 2, 5, 1, 
637.839123, 43, 0.1, 0.1, 0.0311905614, 0.351776976, -0.034971831, 0.909810443, -0.415024045, -6.97416942e-006, 0.415024045, 0.909810443, 4.27355283e-007, 6.16780945e-006, -3.2832603e-006, 1, 0.909810447, -0.415024036, -7.54827795e-006, 0.415024036, 0.909810447, 6.89289612e-006, 4.00678458e-006, -9.40394568e-006, 1, 0, 0, 0, 0, 0, 0, 0, 0.292554907, -0.207209009, -0.230403809, -0.14768074, 0.555440462, -0.818266607, -0.899047852, 0.269287109, 0.345092773, 0.412086965, 0.786686992, 0.459838347, 0, 0, -0, 0, 0, 0, 0, 0.363186035, -0.163133984, -0.20090625, 0.175488702, 0.192289918, -0.965503388, 0.442993164, -0.891235352, -0.0969238281, -0.879050089, -0.410616427, -0.24165067, 0, 2, 5, 1, 
637.839822, 43, 0.1, 0.1, 0.0311905598, 0.351776978, -0.0349716164, 0.909810381, -0.41502418, -3.6893933e-006, 0.41502418, 0.909810381, 2.09655198e-006, 2.48652856e-006, -3.43865218e-006, 1, 0.909810396, -0.415024147, 7.36576465e-006, 0.415024147, 0.909810396, -4.34867061e-006, -4.89664594e-006, 7.01343593e-006, 1, 0, 0, 0, 0, 0, 0, 0, 0.292554907, -0.207209009, -0.230403809, -0.14768074, 0.555440462, -0.818266607, -0.899047852, 0.269287109, 0.345092773, 0.412086965, 0.786686992, 0.459838347, 0, 0, -0, 0, 0, 0, 0, 0.363186035, -0.163133984, -0.20090625, 0.175488702, 0.192289918, -0.965503388, 0.442993164, -0.891235352, -0.0969238281, -0.879050089, -0.410616427, -0.24165067, 0, 2, 5, 1, 
637.840544, 43, 0.1, 0.1, 0.0311905592, 0.351776978, -0.0349704934, 0.909810336, -0.415024279, 1.03811352e-005, 0.41502428, 0.909810336, -9.45167077e-006, -5.52219122e-006, 1.29076509e-005, 1, 0.909810338, -0.415024276, 1.11713699e-005, 0.415024276, 0.909810338, -3.62904626e-006, -8.65768548e-006, 7.93813348e-006, 1, 0, 0, 0, 0, 0, 0, 0, 0.291642651, -0.207321533, -0.23121145, -0.148225167, 0.55772413, -0.816647934, -0.897705078, 0.270507812, 0.34777832, 0.414892216, 0.7847186, 0.460694302, 0, 0, -0, 0, 0, 0, 0, 0.36268291, -0.163030713, -0.201334424, 0.174811332, 0.193536017, -0.965273345, 0.442260742, -0.891357422, -0.0985107422, -0.879612254, -0.409626258, -0.241503749, 0, 2, 5, 1, 
637.841244, 43, 0.1, 0.1, 0.0311905595, 0.351776978, -0.0349691344, 0.909810379, -0.415024186, 2.60117585e-006, 0.415024186, 0.909810379, 1.25413127e-005, -7.57152487e-006, -1.03306656e-005, 1, 0.909810364, -0.415024217, 2.60231725e-007, 0.415024217, 0.909810364, 1.19666535e-005, -5.20321254e-006, -1.0779383e-005, 1, 0, 0, 0, 0, 0, 0, 0, 0.291642651, -0.207321533, -0.23121145, -0.148225167, 0.55772413, -0.816647934, -0.897705078, 0.270507812, 0.34777832, 0.414892216, 0.7847186, 0.460694302, 0, 0, -0, 0, 0, 0, 0, 0.36268291, -0.163030713, -0.201334424, 0.174811332, 0.193536017, -0.965273345, 0.442260742, -0.891357422, -0.0985107422, -0.879612254, -0.409626258, -0.241503749, 0, 2, 5, 1, 
637.841944, 43, 0.1, 0.1, 0.0311905593, 0.351776981, -0.0349679857, 0.909810451, -0.415024027, 5.51977705e-006, 0.415024027, 0.909810451, -3.08071397e-006, -3.74338053e-006, 5.09370587e-006, 1, 0.909810439, -0.415024055, 8.09784121e-007, 0.415024055, 0.909810438, -1.25374513e-005, 4.46659381e-006, 1.17427839e-005, 1, 0, 0, 0, 0, 0, 0, 0, 0.291642651, -0.207321533, -0.23121145, -0.148225167, 0.55772413, -0.816647934, -0.897705078, 0.270507812, 0.34777832, 0.414892216, 0.7847186, 0.460694302, 0, 0, -0, 0, 0, 0, 0, 0.36268291, -0.163030713, -0.201334424, 0.174811332, 0.193536017, -0.965273345, 0.442260742, -0.891357422, -0.0985107422, -0.879612254, -0.409626258, -0.241503749, 0, 2, 5, 1, 
637.842641, 43, 0.1, 0.1, 0.0311905613, 0.351776979, -0.0349673667, 0.909810445, -0.415024041, -3.21513614e-006, 0.415024041, 0.909810445, -7.69442302e-006, 6.11853498e-006, 5.66610763e-006, 1, 0.909810453, -0.415024023, -1.10403393e-005, 0.415024023, 0.909810453, 1.6971683e-006, 9.34025048e-006, -6.12610748e-006, 1, 0, 0, 0, 0, 0, 0, 0, 0.291642651, -0.207321533, -0.23121145, -0.148225167, 0.55772413, -0.816647934, -0.897705078, 0.270507812, 0.34777832, 0.414892216, 0.7847186, 0.460694302, 0, 0, -0, 0, 0, 0, 0, 0.36268291, -0.163030713, -0.201334424, 0.174811332, 0.193536017, -0.965273345, 0.442260742, -0.891357422, -0.0985107422, -0.879612254, -0.409626258, -0.241503749, 0, 2, 5, 1, 
637.843344, 43, 0.1, 0.1, 0.0311905615, 0.35177698, -0.0349673811, 0.909810364, -0.415024217, -1.32802507e-005, 0.415024218, 0.909810364, 9.03286063e-006, 8.33365382e-006, -1.37298159e-005, 1, 0.90981038, -0.415024183, -8.48287642e-006, 0.415024183, 0.90981038, 4.87820707e-006, 5.69323512e-006, -7.95884228e-006, 1, 0, 0, 0, 0, 0, 0, 0, 0.291642651, -0.207321533, -0.23121145, -0.148225167, 0.55772413, -0.816647934, -0.897705078, 0.270507812, 0.34777832, 0.414892216, 0.7847186, 0.460694302, 0, 0, -0, 0, 0, 0, 0, 0.36268291, -0.163030713, -0.201334424, 0.174811332, 0.193536017, -0.965273345, 0.442260742, -0.891357422, -0.0985107422, -0.879612254, -0.409626258, -0.241503749, 0, 2, 5, 1, 
637.844042, 43, 0.1, 0.1, 0.0311905614, 0.351776981, -0.0349680229, 0.909810328, -0.415024298, -8.33014748e-007, 0.415024297, 0.909810328, -1.21871474e-005, 5.8158477e-006, 1.07422712e-005, 1, 0.909810327, -0.415024299, 7.11835251e-006, 0.415024299, 0.909810327, -8.88418414e-006, -2.78919834e-006, 1.10372117e-005, 1, 0, 0, 0, 0, 0, 0, 0, 0.291642651, -0.207321533, -0.23121145, -0.148225167, 0.55772413, -0.816647934, -0.897705078, 0.270507812, 0.34777832, 0.414892216, 0.7847186, 0.460694302, 0, 0, -0, 0, 0, 0, 0, 0.36268291, -0.163030713, -0.201334424, 0.174811332, 0.193536017, -0.965273345, 0.442260742, -0.891357422, -0.0985107422, -0.879612254, -0.409626258, -0.241503749, 0, 2, 5, 1, 
637.844756, 43, 0.1, 0.1, 0.0311905626, 0.351776979, -0.0349690515, 0.909810383, -0.415024176, 7.77095828e-007, 0.415024176, 0.909810383, 4.75288559e-006, -2.67957228e-006, -4.00171111e-006, 1, 0.909810366, -0.415024213, 6.70085765e-007, 0.415024213, 0.909810366, 1.25281768e-005, -5.80914769e-006, -1.11201633e-005, 1, 0, 0, 0, 0, 0, 0, 0, 0.291642651, -0.207321533, -0.23121145, -0.148097486, 0.558554997, -0.816127472, -0.896972656, 0.271606445, 0.348754883, 0.416478689, 0.78372186, 0.460859053, 0, 0, -0, 0, 0, 0, 0, 0.36268291, -0.163030713, -0.201334424, 0.174811332, 0.193536017, -0.965273345, 0.442260742, -0.891357422, -0.0985107422, -0.879612254, -0.409626258, -0.241503749, 0, 2, 5, 1, 
637.845469, 43, 0.1, 0.1, 0.0311905624, 0.351776983, -0.0349698189, 0.909810447, -0.415024037, 3.27880888e-006, 0.415024037, 0.909810447, 4.85972065e-006, -4.99999545e-006, -3.06064012e-006, 1, 0.909810441, -0.41502405, 5.6475308e-006, 0.41502405, 0.909810441, -6.07545194e-006, -2.61672382e-006, 7.87137072e-006, 1, 0, 0, 0, 0, 0, 0, 0, 0.290761035, -0.207505347, -0.231184351, -0.148097486, 0.558554997, -0.816127472, -0.896972656, 0.271606445, 0.348754883, 0.416478689, 0.78372186, 0.460859053, 0, 0, -0, 0, 0, 0, 0, 0.362497754, -0.163193896, -0.201113135, 0.175443859, 0.194187868, -0.965075384, 0.441650391, -0.891601563, -0.0991210937, -0.879791258, -0.408821289, -0.242219398, 0, 2, 5, 1, 
637.846168, 43, 0.1, 0.1, 0.0311905635, 0.351776984, -0.0349703997, 0.909810425, -0.415024085, 7.52463703e-006, 0.415024085, 0.909810425, -1.07046337e-005, -2.4033124e-006, 1.2862093e-005, 1, 0.909810437, -0.415024058, -1.77680743e-006, 0.415024058, 0.909810437, -9.72237453e-006, 5.65157727e-006, 8.10809999e-006, 1, 0, 0, 0, 0, 0, 0, 0, 0.290761035, -0.207505347, -0.231184351, -0.148097486, 0.558554997, -0.816127472, -0.896972656, 0.271606445, 0.348754883, 0.416478689, 0.78372186, 0.460859053, 0, 0, -0, 0, 0, 0, 0, 0.362497754, -0.163193896, -0.201113135, 0.175443859, 0.194187868, -0.965075384, 0.441650391, -0.891601563, -0.0991210937, -0.879791258, -0.408821289, -0.242219398, 0, 2, 5, 1, 
637.846871, 43, 0.1, 0.1, 0.0311905646, 0.351776984, -0.0349706632, 0.909810355, -0.415024238, -8.83754274e-006, 0.415024238, 0.909810355, 8.01226297e-006, 4.71520455e-006, -1.09574343e-005, 1, 0.909810367, -0.415024211, -1.15480812e-005, 0.415024211, 0.909810367, 6.88671376e-006, 7.64841102e-006, -1.10583369e-005, 1, 0, 0, 0, 0, 0, 0, 0, 0.290761035, -0.207505347, -0.231184351, -0.148097486, 0.558554997, -0.816127472, -0.896972656, 0.271606445, 0.348754883, 0.416478689, 0.78372186, 0.460859053, 0, 0, -0, 0, 0, 0, 0, 0.362497754, -0.163193896, -0.201113135, 0.175443859, 0.194187868, -0.965075384, 0.441650391, -0.891601563, -0.0991210937, -0.879791258, -0.408821289, -0.242219398, 0, 2, 5, 1, 
637.84757, 43, 0.1, 0.1, 0.0311905642, 0.351776985, -0.0349705292, 0.909810341, -0.415024268, -5.49187968e-006, 0.415024268, 0.909810341, -6.27259961e-006, 7.59984999e-006, 3.42761264e-006, 1, 0.909810337, -0.415024278, -7.84018474e-007, 0.415024278, 0.909810337, -1.07208482e-005, 5.1627204e-006, 9.42855182e-006, 1, 0, 0, 0, 0, 0, 0, 0, 0.290761035, -0.207505347, -0.231184351, -0.148097486, 0.558554997, -0.816127472, -0.896972656, 0.271606445, 0.348754883, 0.416478689, 0.78372186, 0.460859053, 0, 0, -0, 0, 0, 0, 0, 0.362497754, -0.163193896, -0.201113135, 0.175443859, 0.194187868, -0.965075384, 0.441650391, -0.891601563, -0.0991210937, -0.879791258, -0.408821289, -0.242219398, 0, 2, 5, 1, 
637.848279, 43, 0.1, 0.1, 0.0311905651, 0.351776983, -0.0349699854, 0.909810407, -0.415024123, -2.00690185e-006, 0.415024123, 0.909810407, -6.07012528e-006, 4.34514862e-006, 4.68975047e-006, 1, 0.909810391, -0.415024158, 5.46702735e-007, 0.415024158, 0.909810391, 7.60824892e-006, -3.65500293e-006, -6.69516909e-006, 1, 0, 0, 0, 0, 0, 0, 0, 0.290761035, -0.207505347, -0.231184351, -0.148097486, 0.558554997, -0.816127472, -0.896972656, 0.271606445, 0.348754883, 0.416478689, 0.78372186, 0.460859053, 0, 0, -0, 0, 0, 0, 0, 0.362497754, -0.163193896, -0.201113135, 0.175443859, 0.194187868, -0.965075384, 0.441650391, -0.891601563, -0.0991210937, -0.879791258, -0.408821289, -0.242219398, 0, 2, 5, 1, 
637.848981, 43, 0.1, 0.1, 0.0311905648, 0.351776984, -0.0349692958, 0.909810455, -0.415024019, -1.55804966e-006, 0.415024019, 0.909810455, 1.22642551e-005, -3.67243057e-006, -1.18047755e-005, 1, 0.909810452, -0.415024025, 3.32694009e-006, 0.415024025, 0.909810452, 9.08775878e-006, -6.79852309e-006, -6.88737786e-006, 1, 0, 0, 0, 0, 0, 0, 0, 0.290761035, -0.207505347, -0.231184351, -0.148097486, 0.558554997, -0.816127472, -0.896972656, 0.271606445, 0.348754883, 0.416478689, 0.78372186, 0.460859053, 0, 0, -0, 0, 0, 0, 0, 0.362497754, -0.163193896, -0.201113135, 0.175443859, 0.194187868, -0.965075384, 0.441650391, -0.891601563, -0.0991210937, -0.879791258, -0.408821289, -0.242219398, 0, 2, 5, 1, 
637.849707, 43, 0.1, 0.1, 0.0311905645, 0.351776986, -0.0349685747, 0.90981041, -0.415024118, 1.26734055e-005, 0.415024118, 0.90981041, -8.44961924e-006, -8.02360049e-006, 1.29473205e-005, 1, 0.909810426, -0.415024082, 1.0223827e-005, 0.415024082, 0.909810426, -1.0141167e-005, -5.09291585e-006, 1.34696738e-005, 1, 0, 0, 0, 0, 0, 0, 0, 0.291239502, -0.207536597, -0.230769727, -0.147406282, 0.557907977, -0.816749405, -0.897583008, 0.271362305, 0.347412109, 0.415380477, 0.784318705, 0.460833965, 0, 0, -0, 0, 0, 0, 0, 0.362497754, -0.163193896, -0.201113135, 0.17773773, 0.193421178, -0.964775345, 0.44140625, -0.891845703, -0.0974121094, -0.87942742, -0.408533643, -0.243906261, 0, 2, 5, 1, 
637.850405, 43, 0.1, 0.1, 0.0311905654, 0.351776984, -0.0349679604, 0.909810335, -0.415024282, 3.36293393e-006, 0.415024282, 0.909810335, 5.88220824e-006, -5.50089129e-006, -3.95599461e-006, 1, 0.909810348, -0.415024254, -7.10289706e-006, 0.415024254, 0.909810348, 8.11740017e-006, 3.09337129e-006, -1.03331692e-005, 1, 0, 0, 0, 0, 0, 0, 0, 0.291239502, -0.207536597, -0.230769727, -0.147406282, 0.557907977, -0.816749405, -0.897583008, 0.271362305, 0.347412109, 0.415380477, 0.784318705, 0.460833965, 0, 0, -0, 0, 0, 0, 0, 0.363103662, -0.163461816, -0.200459033, 0.17773773, 0.193421178, -0.964775345, 0.44140625, -0.891845703, -0.0974121094, -0.87942742, -0.408533643, -0.243906261, 0, 2, 5, 1, 
637.851111, 43, 0.1, 0.1, 0.0311905648, 0.351776987, -0.0349677793, 0.909810339, -0.415024272, -6.20204875e-006, 0.415024272, 0.909810339, 4.0727617e-006, 3.95239312e-006, -6.27944148e-006, 1, 0.909810331, -0.41502429, -4.13553446e-006, 0.41502429, 0.909810331, -8.24291421e-006, 7.1835616e-006, 5.78314125e-006, 1, 0, 0, 0, 0, 0, 0, 0, 0.291239502, -0.207536597, -0.230769727, -0.147406282, 0.557907977, -0.816749405, -0.897583008, 0.271362305, 0.347412109, 0.415380477, 0.784318705, 0.460833965, 0, 0, -0, 0, 0, 0, 0, 0.363103662, -0.163461816, -0.200459033, 0.17773773, 0.193421178, -0.964775345, 0.44140625, -0.891845703, -0.0974121094, -0.87942742, -0.408533643, -0.243906261, 0, 2, 5, 1, 
637.851811, 43, 0.1, 0.1, 0.0311905649, 0.351776986, -0.034968096, 0.909810416, -0.415024104, -1.23584456e-006, 0.415024104, 0.909810416, -1.3713829e-005, 6.81595386e-006, 1.19640792e-005, 1, 0.909810401, -0.415024137, -1.10920146e-006, 0.415024137, 0.909810401, -7.56941649e-006, 4.15065357e-006, 6.42638847e-006, 1, 0, 0, 0, 0, 0, 0, 0, 0.291239502, -0.207536597, -0.230769727, -0.147406282, 0.557907977, -0.816749405, -0.897583008, 0.271362305, 0.347412109, 0.415380477, 0.784318705, 0.460833965, 0, 0, -0, 0, 0, 0, 0, 0.363103662, -0.163461816, -0.200459033, 0.17773773, 0.193421178, -0.964775345, 0.44140625, -0.891845703, -0.0974121094, -0.87942742, -0.408533643, -0.243906261, 0, 2, 5, 1, 
637.852523, 43, 0.1, 0.1, 0.0311905651, 0.351776986, -0.0349687313, 0.90981045, -0.415024029, -9.79671388e-006, 0.415024029, 0.90981045, 8.97503544e-006, 5.1882973e-006, -1.22314527e-005, 1, 0.909810451, -0.415024027, -2.08353366e-006, 0.415024027, 0.909810451, 1.28845965e-005, -3.45179641e-006, -1.25872571e-005, 1, 0, 0, 0, 0, 0, 0, 0, 0.291239502, -0.207536597, -0.230769727, -0.147406282, 0.557907977, -0.816749405, -0.897583008, 0.271362305, 0.347412109, 0.415380477, 0.784318705, 0.460833965, 0, 0, -0, 0, 0, 0, 0, 0.363461426, -0.163526514, -0.199808105, 0.179667396, 0.192437206, -0.964634987, 0.44128418, -0.892089844, -0.0958251953, -0.879101861, -0.40851432, -0.245241679, 0, 2, 5, 1, 
637.853225, 43, 0.1, 0.1, 0.0311905647, 0.351776987, -0.0349694189, 0.909810394, -0.415024152, 4.20622448e-006, 0.415024152, 0.909810394, -1.79532511e-006, -3.08176347e-006, 3.3790902e-006, 1, 0.90981041, -0.415024118, 9.42045003e-006, 0.415024118, 0.90981041, -6.26451452e-006, -5.97089888e-006, 9.60923449e-006, 1, 0, 0, 0, 0, 0, 0, 0, 0.291239502, -0.207536597, -0.230769727, -0.147406282, 0.557907977, -0.816749405, -0.897583008, 0.271362305, 0.347412109, 0.415380477, 0.784318705, 0.460833965, 0, 0, -0, 0, 0, 0, 0, 0.363461426, -0.163526514, -0.199808105, 0.179667396, 0.192437206, -0.964634987, 0.44128418, -0.892089844, -0.0958251953, -0.879101861, -0.40851432, -0.245241679, 0, 2, 5, 1, 
637.853923, 43, 0.1, 0.1, 0.0311905666, 0.351776985, -0.034970057, 0.909810331, -0.41502429, 6.14073409e-006, 0.41502429, 0.909810331, -1.14488279e-006, -5.11174915e-006, 3.59017999e-006, 1, 0.909810337, -0.415024276, -5.19642625e-007, 0.415024276, 0.909810337, 7.93302208e-006, -2.81962051e-006, -7.4332098e-006, 1, 0, 0, 0, 0, 0, 0, 0, 0.291239502, -0.207536597, -0.230769727, -0.147406282, 0.557907977, -0.816749405, -0.897583008, 0.271362305, 0.347412109, 0.415380477, 0.784318705, 0.460833965, 0, 0, -0, 0, 0, 0, 0, 0.363461426, -0.163526514, -0.199808105, 0.179667396, 0.192437206, -0.964634987, 0.44128418, -0.892089844, -0.0958251953, -0.879101861, -0.40851432, -0.245241679, 0, 2, 5, 1, 
637.854638, 43, 0.1, 0.1, 0.0311905677, 0.351776986, -0.0349704692, 0.909810353, -0.415024241, -2.42922075e-006, 0.415024241, 0.909810353, 1.2848715e-005, -3.12239799e-006, -1.26980794e-005, 1, 0.90981034, -0.415024271, -8.24286179e-006, 0.415024271, 0.90981034, 4.52734237e-006, 5.62048391e-006, -7.5400106e-006, 1, 0, 0, 0, 0, 0, 0, 0, 0.291239502, -0.207536597, -0.230769727, -0.146181512, 0.556861062, -0.817587386, -0.897827148, 0.272338867, 0.345947266, 0.415310085, 0.784731704, 0.460225137, 0, 0, -0, 0, 0, 0, 0, 0.363461426, -0.163526514, -0.199808105, 0.179667396, 0.192437206, -0.964634987, 0.44128418, -0.892089844, -0.0958251953, -0.879101861, -0.40851432, -0.245241679, 0, 2, 5, 1, 
637.855334, 43, 0.1, 0.1, 0.031190568, 0.351776987, -0.0349704156, 0.909810424, -0.415024087, 5.90458366e-007, 0.415024087, 0.909810424, -1.20421908e-005, 4.46059406e-006, 1.12011651e-005, 1, 0.909810411, -0.415024115, -1.94688477e-006, 0.415024115, 0.909810411, -1.32852245e-005, 7.28498458e-006, 1.12790315e-005, 1, 0, 0, 0, 0, 0, 0, 0, 0.291525122, -0.207588843, -0.230144678, -0.146181512, 0.556861062, -0.817587386, -0.897827148, 0.272338867, 0.345947266, 0.415310085, 0.784731704, 0.460225137, 0, 0, -0, 0, 0, 0, 0, 0.363461426, -0.163526514, -0.199808105, 0.179667396, 0.192437206, -0.964634987, 0.44128418, -0.892089844, -0.0958251953, -0.879101861, -0.40851432, -0.245241679, 0, 2, 5, 1, 
637.856037, 43, 0.1, 0.1, 0.0311905689, 0.351776986, -0.0349700923, 0.909810438, -0.415024057, -8.70795548e-006, 0.415024057, 0.909810438, -4.95254766e-007, 8.12813143e-006, -3.16342306e-006, 1, 0.909810442, -0.415024047, -8.92491291e-006, 0.415024047, 0.909810442, 6.16242056e-006, 5.56242624e-006, -9.31068804e-006, 1, 0, 0, 0, 0, 0, 0, 0, 0.291525122, -0.207588843, -0.230144678, -0.146181512, 0.556861062, -0.817587386, -0.897827148, 0.272338867, 0.345947266, 0.415310085, 0.784731704, 0.460225137, 0, 0, -0, 0, 0, 0, 0, 0.363461426, -0.163526514, -0.199808105, 0.179667396, 0.192437206, -0.964634987, 0.44128418, -0.892089844, -0.0958251953, -0.879101861, -0.40851432, -0.245241679, 0, 2, 5, 1, 
637.856735, 43, 0.1, 0.1, 0.0311905679, 0.351776989, -0.0349695976, 0.909810372, -0.415024201, -6.93486538e-006, 0.415024201, 0.909810372, 2.189135e-006, 5.40086845e-006, -4.86983469e-006, 1, 0.909810388, -0.415024166, 5.25693399e-006, 0.415024166, 0.909810388, -4.88565354e-006, -2.75514886e-006, 6.62677298e-006, 1, 0, 0, 0, 0, 0, 0, 0, 0.291525122, -0.207588843, -0.230144678, -0.146181512, 0.556861062, -0.817587386, -0.897827148, 0.272338867, 0.345947266, 0.415310085, 0.784731704, 0.460225137, 0, 0, -0, 0, 0, 0, 0, 0.363461426, -0.163526514, -0.199808105, 0.179667396, 0.192437206, -0.964634987, 0.44128418, -0.892089844, -0.0958251953, -0.879101861, -0.40851432, -0.245241679, 0, 2, 5, 1, 
637.85746, 43, 0.1, 0.1, 0.031190568, 0.351776989, -0.0349688483, 0.909810324, -0.415024305, 8.59638697e-006, 0.415024305, 0.909810324, -9.51351586e-006, -3.87274132e-006, 1.22232045e-005, 1, 0.909810326, -0.415024301, 9.47256103e-006, 0.415024301, 0.909810326, -3.52325304e-006, -7.15599821e-006, 7.13683502e-006, 1, 0, 0, 0, 0, 0, 0, 0, 0.291575903, -0.207609839, -0.229943774, -0.145222964, 0.556461168, -0.818006376, -0.897705078, 0.2734375, 0.345336914, 0.415899817, 0.784547858, 0.459920722, 0, 0, -0, 0, 0, 0, 0, 0.36370957, -0.163533105, -0.199811523, 0.1800316, 0.192303044, -0.964609468, 0.44128418, -0.892211914, -0.0954589844, -0.879063582, -0.408405679, -0.245484482, 0, 2, 5, 1, 
637.858164, 43, 0.1, 0.1, 0.031190569, 0.351776988, -0.0349682256, 0.90981037, -0.415024205, 1.02673425e-006, 0.415024205, 0.90981037, 1.40903547e-005, -6.78197171e-006, -1.23934312e-005, 1, 0.909810355, -0.415024239, -1.5996506e-006, 0.415024239, 0.909810355, 1.34391777e-005, -4.12220581e-006, -1.28909968e-005, 1, 0, 0, 0, 0, 0, 0, 0, 0.291575903, -0.207609839, -0.229943774, -0.145222964, 0.556461168, -0.818006376, -0.897705078, 0.2734375, 0.345336914, 0.415899817, 0.784547858, 0.459920722, 0, 0, -0, 0, 0, 0, 0, 0.36370957, -0.163533105, -0.199811523, 0.1800316, 0.192303044, -0.964609468, 0.44128418, -0.892211914, -0.0954589844, -0.879063582, -0.408405679, -0.245484482, 0, 2, 5, 1, 
637.858864, 43, 0.1, 0.1, 0.0311905689, 0.35177699, -0.0349680014, 0.909810446, -0.415024038, 5.67835526e-006, 0.415024038, 0.909810446, -2.43052667e-006, -4.15749994e-006, 4.56797249e-006, 1, 0.909810433, -0.415024066, 5.364262e-007, 0.415024066, 0.909810433, -1.18080574e-005, 4.41258183e-006, 1.09657236e-005, 1, 0, 0, 0, 0, 0, 0, 0, 0.291575903, -0.207609839, -0.229943774, -0.145222964, 0.556461168, -0.818006376, -0.897705078, 0.2734375, 0.345336914, 0.415899817, 0.784547858, 0.459920722, 0, 0, -0, 0, 0, 0, 0, 0.36370957, -0.163533105, -0.199811523, 0.1800316, 0.192303044, -0.964609468, 0.44128418, -0.892211914, -0.0954589844, -0.879063582, -0.408405679, -0.245484482, 0, 2, 5, 1, 
637.859561, 43, 0.1, 0.1, 0.0311905704, 0.351776989, -0.0349682239, 0.909810444, -0.415024044, -1.52583594e-006, 0.415024044, 0.909810443, -7.21661649e-006, 4.38329083e-006, 5.93249445e-006, 1, 0.909810451, -0.415024027, -9.41070997e-006, 0.415024027, 0.909810451, 2.13495361e-006, 7.67590524e-006, -5.84807386e-006, 1, 0, 0, 0, 0, 0, 0, 0, 0.291575903, -0.207609839, -0.229943774, -0.145222964, 0.556461168, -0.818006376, -0.897705078, 0.2734375, 0.345336914, 0.415899817, 0.784547858, 0.459920722, 0, 0, -0, 0, 0, 0, 0, 0.36370957, -0.163533105, -0.199811523, 0.1800316, 0.192303044, -0.964609468, 0.44128418, -0.892211914, -0.0954589844, -0.879063582, -0.408405679, -0.245484482, 0, 2, 5, 1, 
637.860255, 43, 0.1, 0.1, 0.0311905699, 0.351776989, -0.0349688353, 0.90981037, -0.415024204, -1.06108947e-005, 0.415024204, 0.90981037, 8.27016649e-006, 6.22158282e-006, -1.19280614e-005, 1, 0.909810385, -0.415024172, -6.02466439e-006, 0.415024172, 0.909810385, 4.30425838e-006, 3.69493095e-006, -6.41644032e-006, 1, 0, 0, 0, 0, 0, 0, 0, 0.291575903, -0.207609839, -0.229943774, -0.145222964, 0.556461168, -0.818006376, -0.897705078, 0.2734375, 0.345336914, 0.415899817, 0.784547858, 0.459920722, 0, 0, -0, 0, 0, 0, 0, 0.36370957, -0.163533105, -0.199811523, 0.1800316, 0.192303044, -0.964609468, 0.44128418, -0.892211914, -0.0954589844, -0.879063582, -0.408405679, -0.245484482, 0, 2, 5, 1, 
637.860954, 43, 0.1, 0.1, 0.0311905691, 0.35177699, -0.0349696501, 0.909810338, -0.415024276, 8.0483949e-007, 0.415024276, 0.909810338, -1.14567702e-005, 4.02258647e-006, 1.07575159e-005, 1, 0.909810337, -0.415024278, 8.54504384e-006, 0.415024278, 0.909810337, -8.34801644e-006, -4.30973972e-006, 1.11415123e-005, 1, 0, 0, 0, 0, 0, 0, 0, 0.291575903, -0.207609839, -0.229943774, -0.145222964, 0.556461168, -0.818006376, -0.897705078, 0.2734375, 0.345336914, 0.415899817, 0.784547858, 0.459920722, 0, 0, -0, 0, 0, 0, 0, 0.36370957, -0.163533105, -0.199811523, 0.1800316, 0.192303044, -0.964609468, 0.44128418, -0.892211914, -0.0954589844, -0.879063582, -0.408405679, -0.245484482, 0, 2, 5, 1, 
637.861654, 43, 0.1, 0.1, 0.0311905697, 0.351776988, -0.0349703732, 0.909810391, -0.415024159, 1.77188705e-006, 0.415024159, 0.909810391, 5.57745438e-006, -3.92685956e-006, -4.33905002e-006, 1, 0.909810376, -0.415024191, 1.82622523e-006, 0.415024191, 0.909810376, 1.22342429e-005, -6.73902542e-006, -1.03729135e-005, 1, 0, 0, 0, 0, 0, 0, 0, 0.291575903, -0.207609839, -0.229943774, -0.145222964, 0.556461168, -0.818006376, -0.897705078, 0.2734375, 0.345336914, 0.415899817, 0.784547858, 0.459920722, 0, 0, -0, 0, 0, 0, 0, 0.36370957, -0.163533105, -0.199811523, 0.1800316, 0.192303044, -0.964609468, 0.44128418, -0.892211914, -0.0954589844, -0.879063582, -0.408405679, -0.245484482, 0, 2, 5, 1, 
637.862381, 43, 0.1, 0.1, 0.0311905693, 0.351776992, -0.0349704648, 0.909810454, -0.41502402, 3.24340923e-006, 0.41502402, 0.909810454, 5.17247309e-006, -5.0975882e-006, -3.35987736e-006, 1, 0.909810448, -0.415024033, 5.7484244e-006, 0.415024033, 0.909810448, -5.72393796e-006, -2.85440477e-006, 7.59343284e-006, 1, 0, 0, 0, 0, 0, 0, 0, 0.291609106, -0.207387939, -0.229725293, -0.144581935, 0.556442072, -0.818107848, -0.897705078, 0.273925781, 0.344970703, 0.416045472, 0.78442729, 0.460060386, 0, 0, -0, 0, 0, 0, 0, 0.363453125, -0.163251758, -0.200026465, 0.179545994, 0.193152856, -0.964488066, 0.44128418, -0.892089844, -0.0965576172, -0.879114621, -0.40831636, -0.245471722, 0, 2, 5, 1, 
637.863077, 43, 0.1, 0.1, 0.0311905705, 0.351776992, -0.0349702252, 0.909810432, -0.415024069, 7.07776812e-006, 0.415024069, 0.909810432, -1.03967328e-005, -2.12453292e-006, 1.23965001e-005, 1, 0.909810444, -0.415024043, -1.96558774e-006, 0.415024043, 0.909810444, -9.46012611e-006, 5.71449203e-006, 7.79115537e-006, 1, 0, 0, 0, 0, 0, 0, 0, 0.291609106, -0.207387939, -0.229725293, -0.144581935, 0.556442072, -0.818107848, -0.897705078, 0.273925781, 0.344970703, 0.416045472, 0.78442729, 0.460060386, 0, 0, -0, 0, 0, 0, 0, 0.363453125, -0.163251758, -0.200026465, 0.179545994, 0.193152856, -0.964488066, 0.44128418, -0.892089844, -0.0965576172, -0.879114621, -0.40831636, -0.245471722, 0, 2, 5, 1, 
637.863788, 43, 0.1, 0.1, 0.0311905718, 0.351776992, -0.0349697963, 0.909810361, -0.415024224, -9.51875051e-006, 0.415024224, 0.909810361, 8.43811767e-006, 5.15823461e-006, -1.16275989e-005, 1, 0.909810375, -0.415024194, -1.25491797e-005, 0.415024194, 0.909810375, 7.29442601e-006, 8.39001062e-006, -1.18447577e-005, 1, 0, 0, 0, 0, 0, 0, 0, 0.291609106, -0.207387939, -0.229725293, -0.144581935, 0.556442072, -0.818107848, -0.897705078, 0.273925781, 0.344970703, 0.416045472, 0.78442729, 0.460060386, 0, 0, -0, 0, 0, 0, 0, 0.363453125, -0.163251758, -0.200026465, 0.179545994, 0.193152856, -0.964488066, 0.44128418, -0.892089844, -0.0965576172, -0.879114621, -0.40831636, -0.245471722, 0, 2, 5, 1, 
637.864497, 43, 0.1, 0.1, 0.0311905712, 0.351776994, -0.0349690167, 0.909810349, -0.415024251, -5.70966995e-006, 0.415024251, 0.909810349, -6.89724779e-006, 8.05724191e-006, 3.90553593e-006, 1, 0.909810344, -0.415024262, -7.0775779e-007, 0.415024262, 0.909810344, -1.15191778e-005, 5.42466363e-006, 1.01865305e-005, 1, 0, 0, 0, 0, 0, 0, 0, 0.291609106, -0.207387939, -0.229725293, -0.144581935, 0.556442072, -0.818107848, -0.897705078, 0.273925781, 0.344970703, 0.416045472, 0.78442729, 0.460060386, 0, 0, -0, 0, 0, 0, 0, 0.363453125, -0.163251758, -0.200026465, 0.179545994, 0.193152856, -0.964488066, 0.44128418, -0.892089844, -0.0965576172, -0.879114621, -0.40831636, -0.245471722, 0, 2, 5, 1, 
637.865203, 43, 0.1, 0.1, 0.031190572, 0.351776992, -0.0349683893, 0.909810421, -0.415024093, -2.17896992e-006, 0.415024093, 0.909810421, -7.15246373e-006, 4.95089431e-006, 5.60306103e-006, 1, 0.909810404, -0.415024131, 6.10880549e-007, 0.415024131, 0.909810404, 7.2349788e-006, -3.55847626e-006, -6.32892881e-006, 1, 0, 0, 0, 0, 0, 0, 0, 0.291609106, -0.207387939, -0.229725293, -0.144581935, 0.556442072, -0.818107848, -0.897705078, 0.273925781, 0.344970703, 0.416045472, 0.78442729, 0.460060386, 0, 0, -0, 0, 0, 0, 0, 0.363453125, -0.163251758, -0.200026465, 0.179545994, 0.193152856, -0.964488066, 0.44128418, -0.892089844, -0.0965576172, -0.879114621, -0.40831636, -0.245471722, 0, 2, 5, 1, 
637.865906, 43, 0.1, 0.1, 0.0311905718, 0.351776993, -0.0349681066, 0.909810473, -0.41502398, -2.28464438e-006, 0.41502398, 0.909810472, 1.26941537e-005, -3.18978482e-006, -1.24974562e-005, 1, 0.90981047, -0.415023986, 2.82561243e-006, 0.415023986, 0.90981047, 9.15942179e-006, -6.37215152e-006, -7.16064091e-006, 1, 0, 0, 0, 0, 0, 0, 0, 0.291609106, -0.207387939, -0.229725293, -0.144581935, 0.556442072, -0.818107848, -0.897705078, 0.273925781, 0.344970703, 0.416045472, 0.78442729, 0.460060386, 0, 0, -0, 0, 0, 0, 0, 0.363453125, -0.163251758, -0.200026465, 0.179545994, 0.193152856, -0.964488066, 0.44128418, -0.892089844, -0.0965576172, -0.879114621, -0.40831636, -0.245471722, 0, 2, 5, 1, 
637.86662, 43, 0.1, 0.1, 0.0311905718, 0.351776994, -0.0349681284, 0.90981043, -0.415024074, 1.19432638e-005, 0.415024074, 0.909810429, -8.16212139e-006, -7.47862911e-006, 1.23827252e-005, 1, 0.909810444, -0.415024042, 9.61266782e-006, 0.415024042, 0.909810444, -9.78893406e-006, -4.6830626e-006, 1.28955627e-005, 1, 0, 0, 0, 0, 0, 0, 0, 0.292030566, -0.20713894, -0.229929614, -0.145039117, 0.556943437, -0.817771233, -0.897949219, 0.272949219, 0.345092773, 0.415499923, 0.784471473, 0.460625031, 0, 0, -0, 0, 0, 0, 0, 0.363453125, -0.163251758, -0.200026465, 0.179545994, 0.193152856, -0.964488066, 0.44128418, -0.892089844, -0.0965576172, -0.879114621, -0.40831636, -0.245471722, 0, 2, 5, 1, 
637.867333, 43, 0.1, 0.1, 0.0311905731, 0.351776992, -0.0349682518, 0.909810352, -0.415024244, 2.05229345e-006, 0.415024244, 0.909810352, 6.96682599e-006, -4.75859952e-006, -5.48673887e-006, 1, 0.909810365, -0.415024216, -8.30872444e-006, 0.415024216, 0.909810365, 9.17294217e-006, 3.75237048e-006, -1.17939597e-005, 1, 0, 0, 0, 0, 0, 0, 0, 0.292030566, -0.20713894, -0.229929614, -0.145039117, 0.556943437, -0.817771233, -0.897949219, 0.272949219, 0.345092773, 0.415499923, 0.784471473, 0.460625031, 0, 0, -0, 0, 0, 0, 0, 0.363566992, -0.162516113, -0.200459277, 0.177795332, 0.19449447, -0.964590144, 0.442626953, -0.891235352, -0.0981445312, -0.878807652, -0.409402778, -0.244500509, 0, 2, 5, 1, 
637.868029, 43, 0.1, 0.1, 0.0311905726, 0.351776995, -0.0349687663, 0.909810355, -0.415024238, -6.18529185e-006, 0.415024238, 0.909810355, 3.50403199e-006, 4.17318437e-006, -5.75505062e-006, 1, 0.909810348, -0.415024254, -4.33381048e-006, 0.415024254, 0.909810348, -8.01526214e-006, 7.26947381e-006, 5.49373197e-006, 1, 0, 0, 0, 0, 0, 0, 0, 0.292030566, -0.20713894, -0.229929614, -0.145039117, 0.556943437, -0.817771233, -0.897949219, 0.272949219, 0.345092773, 0.415499923, 0.784471473, 0.460625031, 0, 0, -0, 0, 0, 0, 0, 0.363566992, -0.162516113, -0.200459277, 0.177795332, 0.19449447, -0.964590144, 0.442626953, -0.891235352, -0.0981445312, -0.878807652, -0.409402778, -0.244500509, 0, 2, 5, 1, 
637.868732, 43, 0.1, 0.1, 0.0311905726, 0.351776994, -0.0349694625, 0.909810428, -0.415024078, -6.97776122e-007, 0.415024078, 0.909810428, -1.46778643e-005, 6.72651108e-006, 1.30644801e-005, 1, 0.909810413, -0.41502411, -6.54245875e-007, 0.41502411, 0.909810413, -8.43280847e-006, 4.09505854e-006, 7.40072915e-006, 1, 0, 0, 0, 0, 0, 0, 0, 0.292030566, -0.20713894, -0.229929614, -0.145039117, 0.556943437, -0.817771233, -0.897949219, 0.272949219, 0.345092773, 0.415499923, 0.784471473, 0.460625031, 0, 0, -0, 0, 0, 0, 0, 0.363566992, -0.162516113, -0.200459277, 0.177795332, 0.19449447, -0.964590144, 0.442626953, -0.891235352, -0.0981445312, -0.878807652, -0.409402778, -0.244500509, 0, 2, 5, 1, 
637.869457, 43, 0.1, 0.1, 0.0311905724, 0.351776994, -0.0349698377, 0.90981046, -0.415024008, -8.52133188e-006, 0.415024008, 0.90981046, 7.28385659e-006, 4.72982152e-006, -1.01634862e-005, 1, 0.909810461, -0.415024005, -1.16049169e-006, 0.415024005, 0.909810461, 1.11745985e-005, -3.58189915e-006, -1.06483985e-005, 1, 0, 0, 0, 0, 0, 0, 0, 0.292437134, -0.206678906, -0.230129175, -0.145775626, 0.557203668, -0.817333146, -0.898071289, 0.271728516, 0.345458984, 0.414751431, 0.784553849, 0.461050013, 0, 0, -0, 0, 0, 0, 0, 0.36347251, -0.16176875, -0.200890625, 0.176300234, 0.195931966, -0.964519782, 0.443603516, -0.89050293, -0.0998535156, -0.878596565, -0.410233632, -0.244002143, 0, 2, 5, 1, 
637.870157, 43, 0.1, 0.1, 0.0311905716, 0.351776996, -0.0349699751, 0.909810403, -0.415024132, 4.92958356e-006, 0.415024132, 0.909810403, -3.52183945e-006, -3.02333805e-006, 5.25010231e-006, 1, 0.909810419, -0.415024098, 1.01328139e-005, 0.415024098, 0.909810419, -7.93997415e-006, -5.92365901e-006, 1.14292331e-005, 1, 0, 0, 0, 0, 0, 0, 0, 0.292437134, -0.206678906, -0.230129175, -0.145775626, 0.557203668, -0.817333146, -0.898071289, 0.271728516, 0.345458984, 0.414751431, 0.784553849, 0.461050013, 0, 0, -0, 0, 0, 0, 0, 0.36347251, -0.16176875, -0.200890625, 0.176300234, 0.195931966, -0.964519782, 0.443603516, -0.89050293, -0.0998535156, -0.878596565, -0.410233632, -0.244002143, 0, 2, 5, 1, 
637.870854, 43, 0.1, 0.1, 0.0311905731, 0.351776995, -0.034969996, 0.90981034, -0.41502427, 6.96649621e-006, 0.41502427, 0.90981034, -2.60372919e-006, -5.25757948e-006, 5.26016474e-006, 1, 0.909810347, -0.415024256, 3.89652216e-007, 0.415024256, 0.909810347, 6.35737307e-006, -2.99297365e-006, -5.62228868e-006, 1, 0, 0, 0, 0, 0, 0, 0, 0.292437134, -0.206678906, -0.230129175, -0.145775626, 0.557203668, -0.817333146, -0.898071289, 0.271728516, 0.345458984, 0.414751431, 0.784553849, 0.461050013, 0, 0, -0, 0, 0, 0, 0, 0.36347251, -0.16176875, -0.200890625, 0.176300234, 0.195931966, -0.964519782, 0.443603516, -0.89050293, -0.0998535156, -0.878596565, -0.410233632, -0.244002143, 0, 2, 5, 1, 
637.871555, 43, 0.1, 0.1, 0.0311905741, 0.351776996, -0.0349698558, 0.909810361, -0.415024225, -2.66324129e-006, 0.415024225, 0.909810361, 1.26144678e-005, -2.81226522e-006, -1.25820832e-005, 1, 0.909810348, -0.415024252, -8.06276873e-006, 0.415024252, 0.909810348, 4.45115656e-006, 5.4882525e-006, -7.39595286e-006, 1, 0, 0, 0, 0, 0, 0, 0, 0.292437134, -0.206678906, -0.230129175, -0.145775626, 0.557203668, -0.817333146, -0.898071289, 0.271728516, 0.345458984, 0.414751431, 0.784553849, 0.461050013, 0, 0, -0, 0, 0, 0, 0, 0.36347251, -0.16176875, -0.200890625, 0.176300234, 0.195931966, -0.964519782, 0.443603516, -0.89050293, -0.0998535156, -0.878596565, -0.410233632, -0.244002143, 0, 2, 5, 1, 
637.872255, 43, 0.1, 0.1, 0.0311905745, 0.351776997, -0.0349696032, 0.90981043, -0.415024072, 1.63595576e-007, 0.415024072, 0.90981043, -1.15726905e-005, 4.65410419e-006, 1.05968506e-005, 1, 0.909810418, -0.415024099, -2.39924916e-006, 0.415024099, 0.909810418, -1.31667428e-005, 7.64737744e-006, 1.09834935e-005, 1, 0, 0, 0, 0, 0, 0, 0, 0.292437134, -0.206678906, -0.230129175, -0.145775626, 0.557203668, -0.817333146, -0.898071289, 0.271728516, 0.345458984, 0.414751431, 0.784553849, 0.461050013, 0, 0, -0, 0, 0, 0, 0, 0.36347251, -0.16176875, -0.200890625, 0.176300234, 0.195931966, -0.964519782, 0.443603516, -0.89050293, -0.0998535156, -0.878596565, -0.410233632, -0.244002143, 0, 2, 5, 1, 
637.872958, 43, 0.1, 0.1, 0.0311905754, 0.351776995, -0.0349693145, 0.909810442, -0.415024047, -8.73050386e-006, 0.415024047, 0.909810442, 1.27500475e-006, 7.41394594e-006, -4.78338167e-006, 1, 0.909810447, -0.415024036, -9.15309469e-006, 0.415024036, 0.909810447, 8.16236597e-006, 4.94000311e-006, -1.12249601e-005, 1, 0, 0, 0, 0, 0, 0, 0, 0.292437134, -0.206678906, -0.230129175, -0.145775626, 0.557203668, -0.817333146, -0.898071289, 0.271728516, 0.345458984, 0.414751431, 0.784553849, 0.461050013, 0, 0, -0, 0, 0, 0, 0, 0.36347251, -0.16176875, -0.200890625, 0.176300234, 0.195931966, -0.964519782, 0.443603516, -0.89050293, -0.0998535156, -0.878596565, -0.410233632, -0.244002143, 0, 2, 5, 1, 
637.87366, 43, 0.1, 0.1, 0.031190574, 0.351776997, -0.0349690326, 0.909810372, -0.4150242, -5.7390345e-006, 0.4150242, 0.909810372, 4.01129972e-006, 3.55664666e-006, -6.03136029e-006, 1, 0.909810389, -0.415024163, 6.47438331e-006, 0.415024163, 0.909810389, -3.14039579e-006, -4.58712107e-006, 5.54419023e-006, 1, 0, 0, 0, 0, 0, 0, 0, 0.292437134, -0.206678906, -0.230129175, -0.145775626, 0.557203668, -0.817333146, -0.898071289, 0.271728516, 0.345458984, 0.414751431, 0.784553849, 0.461050013, 0, 0, -0, 0, 0, 0, 0, 0.36347251, -0.16176875, -0.200890625, 0.176300234, 0.195931966, -0.964519782, 0.443603516, -0.89050293, -0.0998535156, -0.878596565, -0.410233632, -0.244002143, 0, 2, 5, 1, 
637.874384, 43, 0.1, 0.1, 0.031190574, 0.351776996, -0.0349685843, 0.90981032, -0.415024314, 8.83738618e-006, 0.415024314, 0.90981032, -8.32767511e-006, -4.5841575e-006, 1.12443349e-005, 1, 0.909810323, -0.415024308, 9.63594597e-006, 0.415024309, 0.909810323, -2.02848573e-006, -7.92501222e-006, 5.84468907e-006, 1, 0, 0, 0, 0, 0, 0, 0, 0.292401733, -0.206647656, -0.230552588, -0.146549206, 0.557850689, -0.816869973, -0.897338867, 0.272338867, 0.347045898, 0.416109873, 0.783957003, 0.460853061, 0, 0, -0, 0, 0, 0, 0, 0.363359473, -0.161490576, -0.20132832, 0.174760292, 0.196622096, -0.964768782, 0.443115234, -0.890625, -0.101196289, -0.879126648, -0.409792869, -0.242800887, 0, 2, 5, 1, 
637.875085, 43, 0.1, 0.1, 0.0311905748, 0.351776995, -0.0349684106, 0.909810362, -0.415024222, 1.42004923e-006, 0.415024222, 0.909810362, 1.37151583e-005, -6.9840984e-006, -1.18888383e-005, 1, 0.909810348, -0.415024254, -1.21015066e-006, 0.415024254, 0.909810348, 1.32549843e-005, -4.4001324e-006, -1.25617638e-005, 1, 0, 0, 0, 0, 0, 0, 0, 0.292401733, -0.206647656, -0.230552588, -0.146549206, 0.557850689, -0.816869973, -0.897338867, 0.272338867, 0.347045898, 0.416109873, 0.783957003, 0.460853061, 0, 0, -0, 0, 0, 0, 0, 0.363359473, -0.161490576, -0.20132832, 0.174760292, 0.196622096, -0.964768782, 0.443115234, -0.890625, -0.101196289, -0.879126648, -0.409792869, -0.242800887, 0, 2, 5, 1, 
637.875789, 43, 0.1, 0.1, 0.0311905745, 0.351776998, -0.0349685381, 0.909810435, -0.415024062, 5.95076253e-006, 0.415024062, 0.909810435, -3.71294858e-006, -3.87310285e-006, 5.847789e-006, 1, 0.909810423, -0.415024089, 9.30474137e-007, 0.415024089, 0.909810423, -1.27771461e-005, 4.45626836e-006, 1.20109499e-005, 1, 0, 0, 0, 0, 0, 0, 0, 0.292401733, -0.206647656, -0.230552588, -0.146549206, 0.557850689, -0.816869973, -0.897338867, 0.272338867, 0.347045898, 0.416109873, 0.783957003, 0.460853061, 0, 0, -0, 0, 0, 0, 0, 0.363359473, -0.161490576, -0.20132832, 0.174760292, 0.196622096, -0.964768782, 0.443115234, -0.890625, -0.101196289, -0.879126648, -0.409792869, -0.242800887, 0, 2, 5, 1, 
637.87649, 43, 0.1, 0.1, 0.031190576, 0.351776997, -0.0349688938, 0.90981043, -0.415024073, -2.10544476e-006, 0.415024073, 0.90981043, -8.34811637e-006, 5.38022486e-006, 6.72139308e-006, 1, 0.909810438, -0.415024056, -9.64981131e-006, 0.415024056, 0.909810438, 8.01165281e-007, 8.44699619e-006, -4.73381236e-006, 1, 0, 0, 0, 0, 0, 0, 0, 0.292401733, -0.206647656, -0.230552588, -0.146549206, 0.557850689, -0.816869973, -0.897338867, 0.272338867, 0.347045898, 0.416109873, 0.783957003, 0.460853061, 0, 0, -0, 0, 0, 0, 0, 0.363359473, -0.161490576, -0.20132832, 0.174760292, 0.196622096, -0.964768782, 0.443115234, -0.890625, -0.101196289, -0.879126648, -0.409792869, -0.242800887, 0, 2, 5, 1, 
637.877185, 43, 0.1, 0.1, 0.0311905758, 0.351776998, -0.0349694021, 0.909810355, -0.415024237, -1.20875796e-005, 0.415024237, 0.909810355, 7.35235292e-006, 7.94600046e-006, -1.17058853e-005, 1, 0.90981037, -0.415024205, -7.47188526e-006, 0.415024205, 0.90981037, 3.40098064e-006, 5.38650941e-006, -6.19526069e-006, 1, 0, 0, 0, 0, 0, 0, 0, 0.292401733, -0.206647656, -0.230552588, -0.146549206, 0.557850689, -0.816869973, -0.897338867, 0.272338867, 0.347045898, 0.416109873, 0.783957003, 0.460853061, 0, 0, -0, 0, 0, 0, 0, 0.363359473, -0.161490576, -0.20132832, 0.174760292, 0.196622096, -0.964768782, 0.443115234, -0.890625, -0.101196289, -0.879126648, -0.409792869, -0.242800887, 0, 2, 5, 1, 
