time, trialNum, realDorsalTactorPos, realVentralTactorPos, boxPosX, boxPosY, boxPosZ, boxLocalRot_11, boxLocalRot_12, boxLocalRot_13, boxLocalRot_21, boxLocalRot_22, boxLocalRot_23, boxLocalRot_31, boxLocalRot_32, boxLocalRot_33, boxGlobalRot_11, boxGlobalRot_12, boxGlobalRot_13, boxGlobalRot_21, boxGlobalRot_22, boxGlobalRot_23, boxGlobalRot_31, boxGlobalRot_32, boxGlobalRot_33, indexForceX, indexForceY, indexForceZ, indexForceGlobalX, indexForceGlobalY, indexForceGlobalZ, indexContact, indexPosX, indexPosY, indexPosZ, indexRot_11, indexRot_12, indexRot_13, indexRot_21, indexRot_22, indexRot_23, indexRot_31, indexRot_32, indexRot_33, thumbForceX, thumbForceY, thumbForceZ, thumbForceGlobalX, thumbForceGlobalY, thumbForceGlobalZ, thumbContact, thumbPosX, thumbPosY, thumbPosZ, thumbRot_11, thumbRot_12, thumbRot_13, thumbRot_21, thumbRot_22, thumbRot_23, thumbRot_31, thumbRot_32, thumbRot_33, manipForceTooHigh, cceExpType, mapping, trialSuccess, 
493.944204, 30, 0.1, 0.1, 0.0222604634, 0.370660174, -0.0349827609, 0.949155591, -0.314807342, 4.23187231e-005, 0.314807342, 0.949155592, 1.50521565e-005, -4.4905582e-005, -9.64593718e-007, 0.999999999, 0.94915556, -0.314807436, 3.36823543e-005, 0.314807436, 0.949155561, 1.89145717e-005, -3.79242417e-005, -7.34941532e-006, 0.999999999, 0, 0, 0, 0, 0, 0, 0, 0.296043433, -0.158593945, -0.198793311, -0.241063664, 0.674089719, -0.698200191, -0.793212891, 0.277587891, 0.541870117, 0.559120737, 0.68447024, 0.468011921, 0, 0, -0, 0, 0, 0, 0, 0.351181055, -0.115226367, -0.16877251, -0.19353784, 0.426314548, -0.883573926, 0.468139648, -0.751220703, -0.465087891, -0.862111151, -0.503606963, -0.0542034081, 0, 2, 1, 1, 
493.965192, 30, 0.1, 0.1, 0.0222604324, 0.370660214, -0.0349765278, 0.949160485, -0.314792588, 1.05898416e-006, 0.314792588, 0.949160485, -1.10266229e-005, 2.46595326e-006, 1.07993951e-005, 1, 0.949160525, -0.314792469, -5.10668339e-006, 0.314792469, 0.949160524, -1.33353411e-005, 9.04492722e-006, 1.10498338e-005, 1, 0, 0, 0, 0, 0, 0, 0, 0.294213208, -0.159581055, -0.20006897, -0.237944641, 0.667820213, -0.705128318, -0.789550781, 0.289672852, 0.540771484, 0.56554788, 0.685463233, 0.458603914, 0, 0, -0, 0, 0, 0, 0, 0.350683643, -0.115623535, -0.170520898, -0.178919709, 0.423562424, -0.887855797, 0.463012695, -0.760009766, -0.455932617, -0.868062029, -0.492603894, -0.0601768729, 0, 2, 1, 1, 
493.965886, 30, 0.1, 0.1, 0.022260429, 0.370660213, -0.034976411, 0.949160273, -0.314793229, 2.9150765e-006, 0.314793229, 0.949160273, 2.78466244e-006, -3.64346769e-006, -1.72544462e-006, 1, 0.949160316, -0.314793099, 8.81126755e-006, 0.314793099, 0.949160316, 9.27524184e-006, -1.12830876e-005, -6.02996526e-006, 1, 0, 0, 0, 0, 0, 0, 0, 0.294213208, -0.159581055, -0.20006897, -0.237944641, 0.667820213, -0.705128318, -0.789550781, 0.289672852, 0.540771484, 0.56554788, 0.685463233, 0.458603914, 0, 0, -0, 0, 0, 0, 0, 0.350683643, -0.115623535, -0.170520898, -0.178919709, 0.423562424, -0.887855797, 0.463012695, -0.760009766, -0.455932617, -0.868062029, -0.492603894, -0.0601768729, 0, 2, 1, 1, 
493.966584, 30, 0.1, 0.1, 0.0222604321, 0.370660216, -0.0349743127, 0.949160075, -0.314793824, -6.82828199e-006, 0.314793824, 0.949160075, 2.17507317e-006, 5.79643305e-006, -4.21399362e-006, 1, 0.949160111, -0.314793715, -1.13040217e-005, 0.314793715, 0.949160111, -9.02133827e-006, 1.35691871e-005, 5.00425945e-006, 1, 0, 0, 0, 0, 0, 0, 0, 0.294213208, -0.159581055, -0.20006897, -0.237944641, 0.667820213, -0.705128318, -0.789550781, 0.289672852, 0.540771484, 0.56554788, 0.685463233, 0.458603914, 0, 0, -0, 0, 0, 0, 0, 0.350683643, -0.115623535, -0.170520898, -0.178919709, 0.423562424, -0.887855797, 0.463012695, -0.760009766, -0.455932617, -0.868062029, -0.492603894, -0.0601768729, 0, 2, 1, 1, 
493.967278, 30, 0.1, 0.1, 0.0222604286, 0.370660215, -0.0349709923, 0.949159956, -0.314794182, 6.15330151e-006, 0.314794182, 0.949159956, -1.14474021e-005, -2.23689182e-006, 1.28024392e-005, 1, 0.949159973, -0.314794133, 1.31893971e-005, 0.314794133, 0.949159973, -4.17226358e-006, -1.12054437e-005, 8.1120904e-006, 1, 0, 0, 0, 0, 0, 0, 0, 0.294213208, -0.159581055, -0.20006897, -0.237944641, 0.667820213, -0.705128318, -0.789550781, 0.289672852, 0.540771484, 0.56554788, 0.685463233, 0.458603914, 0, 0, -0, 0, 0, 0, 0, 0.350683643, -0.115623535, -0.170520898, -0.178919709, 0.423562424, -0.887855797, 0.463012695, -0.760009766, -0.455932617, -0.868062029, -0.492603894, -0.0601768729, 0, 2, 1, 1, 
493.967974, 30, 0.1, 0.1, 0.0222604335, 0.370660216, -0.0349675035, 0.949159935, -0.314794245, -8.67790345e-006, 0.314794245, 0.949159935, 8.40681454e-006, 5.59030144e-006, -1.07111656e-005, 1, 0.949159933, -0.314794254, -1.87407219e-005, 0.314794254, 0.949159933, 5.69918922e-006, 1.59938703e-005, -1.13089136e-005, 1, 0, 0, 0, 0, 0, 0, 0, 0.294213208, -0.159581055, -0.20006897, -0.237944641, 0.667820213, -0.705128318, -0.789550781, 0.289672852, 0.540771484, 0.56554788, 0.685463233, 0.458603914, 0, 0, -0, 0, 0, 0, 0, 0.350683643, -0.115623535, -0.170520898, -0.178919709, 0.423562424, -0.887855797, 0.463012695, -0.760009766, -0.455932617, -0.868062029, -0.492603894, -0.0601768729, 0, 2, 1, 1, 
493.968688, 30, 0.1, 0.1, 0.0222604273, 0.370660217, -0.0349647565, 0.949159997, -0.314794061, 7.48040825e-006, 0.314794061, 0.949159997, -4.17618219e-006, -5.78546692e-006, 6.31865317e-006, 1, 0.94915998, -0.31479411, 2.10992652e-005, 0.31479411, 0.94915998, -7.4299381e-006, -1.76876774e-005, 1.36941243e-005, 1, 0, 0, 0, 0, 0, 0, 0, 0.294213208, -0.159581055, -0.20006897, -0.238110514, 0.666018815, -0.706829367, -0.790893555, 0.289428711, 0.53918457, 0.563720273, 0.687355241, 0.45800819, 0, 0, -0, 0, 0, 0, 0, 0.350683643, -0.115623535, -0.170520898, -0.178919709, 0.423562424, -0.887855797, 0.463012695, -0.760009766, -0.455932617, -0.868062029, -0.492603894, -0.0601768729, 0, 2, 1, 1, 
493.969399, 30, 0.1, 0.1, 0.0222604335, 0.370660217, -0.03496332, 0.949160064, -0.314793857, -5.1678851e-006, 0.314793857, 0.949160064, -8.31833172e-006, 7.52370987e-006, 6.26860979e-006, 1, 0.949160053, -0.31479389, -1.99954801e-005, 0.31479389, 0.949160053, 1.70566893e-007, 1.89252176e-005, -6.45635027e-006, 1, 0, 0, 0, 0, 0, 0, 0, 0.294645654, -0.159890601, -0.19971123, -0.238110514, 0.666018815, -0.706829367, -0.790893555, 0.289428711, 0.53918457, 0.563720273, 0.687355241, 0.45800819, 0, 0, -0, 0, 0, 0, 0, 0.351322754, -0.115718262, -0.170201367, -0.176140232, 0.422252526, -0.889108459, 0.46472168, -0.760498047, -0.45324707, -0.867647152, -0.492987055, -0.0622724164, 0, 2, 1, 1, 
493.970098, 30, 0.1, 0.1, 0.0222604276, 0.370660215, -0.0349638191, 0.949160047, -0.314793908, 4.19535061e-006, 0.314793908, 0.949160047, 1.8009691e-005, -9.65140019e-006, -1.57734084e-005, 1, 0.949160059, -0.314793874, 1.62607639e-005, 0.314793874, 0.949160059, 1.52083243e-005, -2.02215549e-005, -9.31634512e-006, 1, 0, 0, 0, 0, 0, 0, 0, 0.294645654, -0.159890601, -0.19971123, -0.238110514, 0.666018815, -0.706829367, -0.790893555, 0.289428711, 0.53918457, 0.563720273, 0.687355241, 0.45800819, 0, 0, -0, 0, 0, 0, 0, 0.351322754, -0.115718262, -0.170201367, -0.176140232, 0.422252526, -0.889108459, 0.46472168, -0.760498047, -0.45324707, -0.867647152, -0.492987055, -0.0622724164, 0, 2, 1, 1, 
493.9708, 30, 0.1, 0.1, 0.0222604314, 0.370660217, -0.0349659763, 0.949159928, -0.314794267, -7.67277185e-007, 0.314794267, 0.949159928, -1.17765987e-005, 4.43547451e-006, 1.09363411e-005, 1, 0.949159958, -0.314794177, -1.03851541e-005, 0.314794177, 0.949159958, -1.49700957e-005, 1.45696714e-005, 1.09398293e-005, 1, 0, 0, 0, 0, 0, 0, 0, 0.294645654, -0.159890601, -0.19971123, -0.238110514, 0.666018815, -0.706829367, -0.790893555, 0.289428711, 0.53918457, 0.563720273, 0.687355241, 0.45800819, 0, 0, -0, 0, 0, 0, 0, 0.351322754, -0.115718262, -0.170201367, -0.176140232, 0.422252526, -0.889108459, 0.46472168, -0.760498047, -0.45324707, -0.867647152, -0.492987055, -0.0622724164, 0, 2, 1, 1, 
493.971523, 30, 0.1, 0.1, 0.0222604262, 0.370660213, -0.0349689063, 0.949159736, -0.314794846, 6.98069269e-006, 0.314794846, 0.949159736, 1.01136573e-005, -9.80951963e-006, -7.40199022e-006, 1, 0.949159775, -0.31479473, 1.41951984e-005, 0.31479473, 0.949159775, 1.84989685e-005, -1.92968891e-005, -1.30899031e-005, 1, 0, 0, 0, 0, 0, 0, 0, 0.295049658, -0.159750977, -0.199116699, -0.238815944, 0.664255609, -0.708270185, -0.792114258, 0.288574219, 0.537719727, 0.561607347, 0.689488385, 0.457494841, 0, 0, -0, 0, 0, 0, 0, 0.351960156, -0.115821289, -0.169881836, -0.173347995, 0.420821226, -0.890361122, 0.466430664, -0.761108398, -0.450561523, -0.867353676, -0.493382976, -0.0643679598, 0, 2, 1, 1, 
493.972218, 30, 0.1, 0.1, 0.0222604293, 0.370660216, -0.0349716155, 0.949159562, -0.314795371, -7.98137539e-006, 0.314795371, 0.949159562, 3.73065496e-006, 6.40120586e-006, -6.05348685e-006, 1, 0.949159593, -0.314795277, -1.22661167e-005, 0.314795277, 0.949159593, -7.93266034e-006, 1.41396664e-005, 3.66804505e-006, 1, 0, 0, 0, 0, 0, 0, 0, 0.295049658, -0.159750977, -0.199116699, -0.238815944, 0.664255609, -0.708270185, -0.792114258, 0.288574219, 0.537719727, 0.561607347, 0.689488385, 0.457494841, 0, 0, -0, 0, 0, 0, 0, 0.351960156, -0.115821289, -0.169881836, -0.173347995, 0.420821226, -0.890361122, 0.466430664, -0.761108398, -0.450561523, -0.867353676, -0.493382976, -0.0643679598, 0, 2, 1, 1, 
493.972917, 30, 0.1, 0.1, 0.0222604259, 0.370660214, -0.0349735598, 0.949159465, -0.314795664, 6.9833961e-006, 0.314795664, 0.949159465, -8.26478975e-006, -4.02663653e-006, 1.00429462e-005, 1, 0.949159477, -0.314795626, 1.30286537e-005, 0.314795626, 0.949159477, -1.34671154e-006, -1.19423313e-005, 5.37960723e-006, 1, 0, 0, 0, 0, 0, 0, 0, 0.295049658, -0.159750977, -0.199116699, -0.238815944, 0.664255609, -0.708270185, -0.792114258, 0.288574219, 0.537719727, 0.561607347, 0.689488385, 0.457494841, 0, 0, -0, 0, 0, 0, 0, 0.351960156, -0.115821289, -0.169881836, -0.173347995, 0.420821226, -0.890361122, 0.466430664, -0.761108398, -0.450561523, -0.867353676, -0.493382976, -0.0643679598, 0, 2, 1, 1, 
493.973613, 30, 0.1, 0.1, 0.02226043, 0.370660215, -0.0349742178, 0.949159456, -0.314795691, -9.20771853e-006, 0.314795691, 0.949159456, 6.09069548e-006, 6.82226841e-006, -8.67959132e-006, 1, 0.949159452, -0.314795702, -1.66164601e-005, 0.314795702, 0.949159452, 3.93900159e-006, 1.45316894e-005, -8.96953083e-006, 1, 0, 0, 0, 0, 0, 0, 0, 0.295049658, -0.159750977, -0.199116699, -0.238815944, 0.664255609, -0.708270185, -0.792114258, 0.288574219, 0.537719727, 0.561607347, 0.689488385, 0.457494841, 0, 0, -0, 0, 0, 0, 0, 0.351960156, -0.115821289, -0.169881836, -0.173347995, 0.420821226, -0.890361122, 0.466430664, -0.761108398, -0.450561523, -0.867353676, -0.493382976, -0.0643679598, 0, 2, 1, 1, 
493.974313, 30, 0.1, 0.1, 0.0222604264, 0.370660216, -0.0349734451, 0.949159508, -0.314795535, 3.58295765e-006, 0.314795535, 0.949159508, -3.94391574e-006, -2.15927125e-006, 4.8713042e-006, 1, 0.949159495, -0.314795572, 1.2838138e-005, 0.314795572, 0.949159495, -6.13469736e-006, -1.0254265e-005, 9.86419525e-006, 1, 0, 0, 0, 0, 0, 0, 0, 0.295049658, -0.159750977, -0.199116699, -0.238815944, 0.664255609, -0.708270185, -0.792114258, 0.288574219, 0.537719727, 0.561607347, 0.689488385, 0.457494841, 0, 0, -0, 0, 0, 0, 0, 0.351960156, -0.115821289, -0.169881836, -0.173347995, 0.420821226, -0.890361122, 0.466430664, -0.761108398, -0.450561523, -0.867353676, -0.493382976, -0.0643679598, 0, 2, 1, 1, 
493.975007, 30, 0.1, 0.1, 0.0222604312, 0.370660216, -0.0349716221, 0.949159564, -0.314795366, -4.31028695e-006, 0.314795366, 0.949159564, -7.52198495e-006, 6.45903609e-006, 5.78270559e-006, 1, 0.949159554, -0.314795395, -1.58558107e-005, 0.314795395, 0.949159554, -1.00807005e-006, 1.536703e-005, -4.03451688e-006, 1, 0, 0, 0, 0, 0, 0, 0, 0.295049658, -0.159750977, -0.199116699, -0.238815944, 0.664255609, -0.708270185, -0.792114258, 0.288574219, 0.537719727, 0.561607347, 0.689488385, 0.457494841, 0, 0, -0, 0, 0, 0, 0, 0.351960156, -0.115821289, -0.169881836, -0.173347995, 0.420821226, -0.890361122, 0.466430664, -0.761108398, -0.450561523, -0.867353676, -0.493382976, -0.0643679598, 0, 2, 1, 1, 
493.97572, 30, 0.1, 0.1, 0.0222604271, 0.370660215, -0.0349692416, 0.949159553, -0.314795398, -5.88148322e-007, 0.314795398, 0.949159553, 1.45923704e-005, -4.03536446e-006, -1.40356342e-005, 1, 0.949159563, -0.314795369, 1.0935987e-005, 0.314795368, 0.949159563, 1.21978519e-005, -1.4219824e-005, -8.13510969e-006, 1, 0, 0, 0, 0, 0, 0, 0, 0.295049658, -0.159750977, -0.199116699, -0.238815944, 0.664255609, -0.708270185, -0.792114258, 0.288574219, 0.537719727, 0.561607347, 0.689488385, 0.457494841, 0, 0, -0, 0, 0, 0, 0, 0.351960156, -0.115821289, -0.169881836, -0.173347995, 0.420821226, -0.890361122, 0.466430664, -0.761108398, -0.450561523, -0.867353676, -0.493382976, -0.0643679598, 0, 2, 1, 1, 
493.976445, 30, 0.1, 0.1, 0.0222604316, 0.370660217, -0.0349667011, 0.949159446, -0.31479572, -1.11690157e-006, 0.31479572, 0.949159446, -1.24980287e-005, 4.99444363e-006, 1.15110262e-005, 1, 0.949159473, -0.314795641, -1.09987756e-005, 0.31479564, 0.949159473, -1.62933889e-005, 1.55686799e-005, 1.20026578e-005, 1, 0, 0, 0, 0, 0, 0, 0, 0.29500498, -0.159751709, -0.199327734, -0.239653925, 0.664211425, -0.70802905, -0.792236328, 0.287597656, 0.538085938, 0.560998519, 0.68998975, 0.457456649, 0, 0, -0, 0, 0, 0, 0, 0.352051465, -0.115397998, -0.169938721, -0.172012577, 0.420444262, -0.890853291, 0.467041016, -0.761352539, -0.449462891, -0.867213318, -0.493299854, -0.0655243733, 0, 2, 1, 1, 
493.977144, 30, 0.1, 0.1, 0.0222604267, 0.370660213, -0.0349651222, 0.949159276, -0.314796235, 5.67539146e-006, 0.314796235, 0.949159276, 8.81408854e-006, -8.16149233e-006, -6.57938203e-006, 1, 0.949159311, -0.314796127, 1.37784472e-005, 0.314796127, 0.949159311, 1.84053693e-005, -1.88718804e-005, -1.31322259e-005, 1, 0, 0, 0, 0, 0, 0, 0, 0.29500498, -0.159751709, -0.199327734, -0.239653925, 0.664211425, -0.70802905, -0.792236328, 0.287597656, 0.538085938, 0.560998519, 0.68998975, 0.457456649, 0, 0, -0, 0, 0, 0, 0, 0.352051465, -0.115397998, -0.169938721, -0.172012577, 0.420444262, -0.890853291, 0.467041016, -0.761352539, -0.449462891, -0.867213318, -0.493299854, -0.0655243733, 0, 2, 1, 1, 
493.977838, 30, 0.1, 0.1, 0.0222604306, 0.370660217, -0.0349649899, 0.949159113, -0.314796725, -8.42302333e-006, 0.314796725, 0.949159113, 4.89612891e-006, 6.45350401e-006, -7.29874553e-006, 1, 0.949159142, -0.314796638, -1.43588128e-005, 0.314796638, 0.949159142, -9.91362056e-006, 1.67495728e-005, 4.8894976e-006, 1, 0, 0, 0, 0, 0, 0, 0, 0.29500498, -0.159751709, -0.199327734, -0.239653925, 0.664211425, -0.70802905, -0.792236328, 0.287597656, 0.538085938, 0.560998519, 0.68998975, 0.457456649, 0, 0, -0, 0, 0, 0, 0, 0.352051465, -0.115397998, -0.169938721, -0.172012577, 0.420444262, -0.890853291, 0.467041016, -0.761352539, -0.449462891, -0.867213318, -0.493299854, -0.0655243733, 0, 2, 1, 1, 
493.978533, 30, 0.1, 0.1, 0.0222604257, 0.370660215, -0.034966237, 0.94915904, -0.314796945, 1.12197985e-005, 0.314796945, 0.94915904, -1.0770466e-005, -7.25886338e-006, 1.37548435e-005, 1, 0.949159046, -0.314796925, 1.89144972e-005, 0.314796925, 0.949159047, -1.81374636e-006, -1.73819043e-005, 7.67575933e-006, 1, 0, 0, 0, 0, 0, 0, 0, 0.29500498, -0.159751709, -0.199327734, -0.239653925, 0.664211425, -0.70802905, -0.792236328, 0.287597656, 0.538085938, 0.560998519, 0.68998975, 0.457456649, 0, 0, -0, 0, 0, 0, 0, 0.352051465, -0.115397998, -0.169938721, -0.172012577, 0.420444262, -0.890853291, 0.467041016, -0.761352539, -0.449462891, -0.867213318, -0.493299854, -0.0655243733, 0, 2, 1, 1, 
493.979231, 30, 0.1, 0.1, 0.0222604302, 0.370660216, -0.0349684065, 0.949159073, -0.314796846, -1.02727461e-005, 0.314796846, 0.949159073, 7.20569006e-006, 7.48214166e-006, -1.00731742e-005, 1, 0.94915906, -0.314796885, -1.90406349e-005, 0.314796885, 0.94915906, 4.42136629e-006, 1.66807588e-005, -1.01905124e-005, 1, 0, 0, 0, 0, 0, 0, 0, 0.29500498, -0.159751709, -0.199327734, -0.239653925, 0.664211425, -0.70802905, -0.792236328, 0.287597656, 0.538085938, 0.560998519, 0.68998975, 0.457456649, 0, 0, -0, 0, 0, 0, 0, 0.352051465, -0.115397998, -0.169938721, -0.172012577, 0.420444262, -0.890853291, 0.467041016, -0.761352539, -0.449462891, -0.867213318, -0.493299854, -0.0655243733, 0, 2, 1, 1, 
493.979927, 30, 0.1, 0.1, 0.0222604255, 0.370660217, -0.0349707738, 0.949159174, -0.314796543, 6.95663712e-006, 0.314796543, 0.949159174, -4.60831806e-006, -5.15227334e-006, 6.56395268e-006, 1, 0.949159151, -0.314796609, 1.68927999e-005, 0.314796609, 0.949159152, -6.86360874e-006, -1.38733149e-005, 1.18324532e-005, 1, 0, 0, 0, 0, 0, 0, 0, 0.29500498, -0.159751709, -0.199327734, -0.239653925, 0.664211425, -0.70802905, -0.792236328, 0.287597656, 0.538085938, 0.560998519, 0.68998975, 0.457456649, 0, 0, -0, 0, 0, 0, 0, 0.352051465, -0.115397998, -0.169938721, -0.172012577, 0.420444262, -0.890853291, 0.467041016, -0.761352539, -0.449462891, -0.867213318, -0.493299854, -0.0655243733, 0, 2, 1, 1, 
493.980627, 30, 0.1, 0.1, 0.0222604303, 0.370660218, -0.03497263, 0.949159274, -0.314796238, -5.66851054e-006, 0.314796238, 0.949159274, -7.06669253e-006, 7.60488758e-006, 4.92299096e-006, 1, 0.949159256, -0.314796292, -1.63164373e-005, 0.314796292, 0.949159257, -7.75650358e-007, 1.57310693e-005, -4.40013824e-006, 1, 0, 0, 0, 0, 0, 0, 0, 0.29500498, -0.159751709, -0.199327734, -0.239653925, 0.664211425, -0.70802905, -0.792236328, 0.287597656, 0.538085938, 0.560998519, 0.68998975, 0.457456649, 0, 0, -0, 0, 0, 0, 0, 0.352051465, -0.115397998, -0.169938721, -0.172012577, 0.420444262, -0.890853291, 0.467041016, -0.761352539, -0.449462891, -0.867213318, -0.493299854, -0.0655243733, 0, 2, 1, 1, 
493.981357, 30, 0.1, 0.1, 0.0222604265, 0.370660216, -0.0349732463, 0.949159308, -0.314796138, 1.85231752e-007, 0.314796138, 0.949159308, 1.36312618e-005, -4.46688302e-006, -1.28799288e-005, 1, 0.949159308, -0.314796138, 9.15992794e-006, 0.314796138, 0.949159308, 1.16251633e-005, -1.23537874e-005, -8.15062203e-006, 1, 0, 0, 0, 0, 0, 0, 0, 0.295180127, -0.159530542, -0.199540112, -0.240574281, 0.664148146, -0.707807011, -0.792236328, 0.286865234, 0.538452148, 0.560649921, 0.690370549, 0.45729789, 0, 0, -0, 0, 0, 0, 0, 0.352172559, -0.115212842, -0.170003906, -0.170166034, 0.419811734, -0.891466862, 0.467651367, -0.76184082, -0.448120117, -0.867264723, -0.49312085, -0.0666935466, 0, 2, 1, 1, 
493.982053, 30, 0.1, 0.1, 0.02226043, 0.370660218, -0.0349725732, 0.949159258, -0.31479629, -1.38592675e-006, 0.31479629, 0.949159257, -8.23941354e-006, 3.90920201e-006, 7.38423103e-006, 1, 0.949159273, -0.314796243, -9.50958138e-006, 0.314796243, 0.949159273, -1.12084988e-005, 1.25545007e-005, 7.64507013e-006, 1, 0, 0, 0, 0, 0, 0, 0, 0.295180127, -0.159530542, -0.199540112, -0.240574281, 0.664148146, -0.707807011, -0.792236328, 0.286865234, 0.538452148, 0.560649921, 0.690370549, 0.45729789, 0, 0, -0, 0, 0, 0, 0, 0.352172559, -0.115212842, -0.170003906, -0.170166034, 0.419811734, -0.891466862, 0.467651367, -0.76184082, -0.448120117, -0.867264723, -0.49312085, -0.0666935466, 0, 2, 1, 1, 
493.98275, 30, 0.1, 0.1, 0.0222604263, 0.370660214, -0.0349710626, 0.949159149, -0.314796617, 3.4602353e-006, 0.314796617, 0.949159149, 7.77637774e-006, -5.7322914e-006, -6.29174971e-006, 1, 0.949159172, -0.314796547, 1.0257053e-005, 0.314796546, 0.949159172, 1.59954532e-005, -1.47708894e-005, -1.19533463e-005, 1, 0, 0, 0, 0, 0, 0, 0, 0.295180127, -0.159530542, -0.199540112, -0.240574281, 0.664148146, -0.707807011, -0.792236328, 0.286865234, 0.538452148, 0.560649921, 0.690370549, 0.45729789, 0, 0, -0, 0, 0, 0, 0, 0.352172559, -0.115212842, -0.170003906, -0.170166034, 0.419811734, -0.891466862, 0.467651367, -0.76184082, -0.448120117, -0.867264723, -0.49312085, -0.0666935466, 0, 2, 1, 1, 
493.983448, 30, 0.1, 0.1, 0.0222604298, 0.370660217, -0.0349691964, 0.949159042, -0.31479694, -6.85943944e-006, 0.31479694, 0.949159042, 4.24816428e-006, 5.17338986e-006, -6.19151408e-006, 1, 0.949159061, -0.314796882, -1.24398358e-005, 0.314796882, 0.949159061, -8.71023764e-006, 1.45493386e-005, 4.35137944e-006, 1, 0, 0, 0, 0, 0, 0, 0, 0.295180127, -0.159530542, -0.199540112, -0.240574281, 0.664148146, -0.707807011, -0.792236328, 0.286865234, 0.538452148, 0.560649921, 0.690370549, 0.45729789, 0, 0, -0, 0, 0, 0, 0, 0.352172559, -0.115212842, -0.170003906, -0.170166034, 0.419811734, -0.891466862, 0.467651367, -0.76184082, -0.448120117, -0.867264723, -0.49312085, -0.0666935466, 0, 2, 1, 1, 
493.984176, 30, 0.1, 0.1, 0.0222604243, 0.370660216, -0.0349671922, 0.949159013, -0.314797027, 1.15949951e-005, 0.314797027, 0.949159013, -1.29278157e-005, -6.93585617e-006, 1.59206228e-005, 1, 0.94915901, -0.314797034, 1.95239603e-005, 0.314797034, 0.949159011, -4.0010717e-006, -1.72718174e-005, 9.94373805e-006, 1, 0, 0, 0, 0, 0, 0, 0, 0.294971777, -0.159537988, -0.199324316, -0.240294954, 0.664008483, -0.707946674, -0.792236328, 0.287231445, 0.538330078, 0.560852864, 0.690269077, 0.457196418, 0, 0, -0, 0, 0, 0, 0, 0.351908203, -0.115427051, -0.169869287, -0.167124797, 0.419377534, -0.892272197, 0.467163086, -0.763183594, -0.446166992, -0.868172504, -0.491325346, -0.068373846, 0, 2, 1, 1, 
493.984868, 30, 0.1, 0.1, 0.0222604285, 0.370660217, -0.0349661032, 0.949159085, -0.314796808, -8.42982516e-006, 0.314796808, 0.949159085, 6.28973519e-006, 6.02125658e-006, -8.62364135e-006, 1, 0.949159065, -0.31479687, -1.80418722e-005, 0.31479687, 0.949159065, 3.51333185e-006, 1.60186207e-005, -9.01423569e-006, 1, 0, 0, 0, 0, 0, 0, 0, 0.294971777, -0.159537988, -0.199324316, -0.240294954, 0.664008483, -0.707946674, -0.792236328, 0.287231445, 0.538330078, 0.560852864, 0.690269077, 0.457196418, 0, 0, -0, 0, 0, 0, 0, 0.351908203, -0.115427051, -0.169869287, -0.167124797, 0.419377534, -0.892272197, 0.467163086, -0.763183594, -0.446166992, -0.868172504, -0.491325346, -0.068373846, 0, 2, 1, 1, 
493.985565, 30, 0.1, 0.1, 0.0222604225, 0.370660219, -0.0349661082, 0.949159228, -0.314796379, 8.49686889e-006, 0.314796379, 0.949159228, -7.06130289e-006, -5.84200893e-006, 9.37708435e-006, 1, 0.949159197, -0.31479647, 2.05137154e-005, 0.314796471, 0.949159197, -9.75228732e-006, -1.6400796e-005, 1.57141184e-005, 1, 0, 0, 0, 0, 0, 0, 0, 0.294971777, -0.159537988, -0.199324316, -0.240294954, 0.664008483, -0.707946674, -0.792236328, 0.287231445, 0.538330078, 0.560852864, 0.690269077, 0.457196418, 0, 0, -0, 0, 0, 0, 0, 0.351908203, -0.115427051, -0.169869287, -0.167124797, 0.419377534, -0.892272197, 0.467163086, -0.763183594, -0.446166992, -0.868172504, -0.491325346, -0.068373846, 0, 2, 1, 1, 
493.986264, 30, 0.1, 0.1, 0.0222604284, 0.37066022, -0.034967101, 0.949159368, -0.314795957, -7.16592629e-006, 0.314795957, 0.949159368, -9.79969654e-006, 9.88651092e-006, 7.04566915e-006, 1, 0.949159343, -0.314796032, -1.98167401e-005, 0.314796032, 0.949159343, -2.34187837e-006, 1.9546458e-005, -4.01541541e-006, 1, 0, 0, 0, 0, 0, 0, 0, 0.294971777, -0.159537988, -0.199324316, -0.240294954, 0.664008483, -0.707946674, -0.792236328, 0.287231445, 0.538330078, 0.560852864, 0.690269077, 0.457196418, 0, 0, -0, 0, 0, 0, 0, 0.351908203, -0.115427051, -0.169869287, -0.167124797, 0.419377534, -0.892272197, 0.467163086, -0.763183594, -0.446166992, -0.868172504, -0.491325346, -0.068373846, 0, 2, 1, 1, 
493.986961, 30, 0.1, 0.1, 0.0222604243, 0.370660219, -0.0349687912, 0.949159424, -0.314795787, 5.75467156e-007, 0.314795787, 0.949159424, 1.39647883e-005, -4.9422666e-006, -1.30736558e-005, 1, 0.949159421, -0.314795798, 1.08757692e-005, 0.314795798, 0.949159421, 1.12915394e-005, -1.3877368e-005, -7.29382454e-006, 1, 0, 0, 0, 0, 0, 0, 0, 0.294971777, -0.159537988, -0.199324316, -0.240294954, 0.664008483, -0.707946674, -0.792236328, 0.287231445, 0.538330078, 0.560852864, 0.690269077, 0.457196418, 0, 0, -0, 0, 0, 0, 0, 0.351908203, -0.115427051, -0.169869287, -0.167124797, 0.419377534, -0.892272197, 0.467163086, -0.763183594, -0.446166992, -0.868172504, -0.491325346, -0.068373846, 0, 2, 1, 1, 
493.987652, 30, 0.1, 0.1, 0.0222604286, 0.370660221, -0.0349706503, 0.949159386, -0.314795903, -3.69937806e-006, 0.314795903, 0.949159386, -9.83096243e-006, 6.60604611e-006, 8.1666012e-006, 1, 0.949159399, -0.314795863, -1.20047114e-005, 0.314795863, 0.949159399, -1.28563036e-005, 1.54414958e-005, 8.42364791e-006, 1, 0, 0, 0, 0, 0, 0, 0, 0.294971777, -0.159537988, -0.199324316, -0.240294954, 0.664008483, -0.707946674, -0.792236328, 0.287231445, 0.538330078, 0.560852864, 0.690269077, 0.457196418, 0, 0, -0, 0, 0, 0, 0, 0.351908203, -0.115427051, -0.169869287, -0.167124797, 0.419377534, -0.892272197, 0.467163086, -0.763183594, -0.446166992, -0.868172504, -0.491325346, -0.068373846, 0, 2, 1, 1, 
493.988346, 30, 0.1, 0.1, 0.0222604253, 0.370660217, -0.034972134, 0.949159284, -0.314796208, 3.38061163e-006, 0.314796208, 0.949159284, 9.03098568e-006, -6.05165897e-006, -7.50764018e-006, 1, 0.949159306, -0.314796143, 9.52612484e-006, 0.314796143, 0.949159306, 1.63335188e-005, -1.41835388e-005, -1.2504324e-005, 1, 0, 0, 0, 0, 0, 0, 0, 0.294971777, -0.159537988, -0.199324316, -0.240294954, 0.664008483, -0.707946674, -0.792236328, 0.287231445, 0.538330078, 0.560852864, 0.690269077, 0.457196418, 0, 0, -0, 0, 0, 0, 0, 0.351908203, -0.115427051, -0.169869287, -0.167124797, 0.419377534, -0.892272197, 0.467163086, -0.763183594, -0.446166992, -0.868172504, -0.491325346, -0.068373846, 0, 2, 1, 1, 
493.989066, 30, 0.1, 0.1, 0.0222604288, 0.37066022, -0.0349725814, 0.94915918, -0.314796522, -7.2525358e-006, 0.314796522, 0.94915918, 4.12980711e-006, 5.58376202e-006, -6.20291738e-006, 1, 0.949159198, -0.314796468, -1.21807974e-005, 0.314796468, 0.949159198, -7.35131558e-006, 1.38756841e-005, 3.1430968e-006, 1, 0, 0, 0, 0, 0, 0, 0, 0.294238208, -0.159048047, -0.200151489, -0.241608091, 0.664896638, -0.706639529, -0.791015625, 0.286743164, 0.540283203, 0.561925988, 0.68963404, 0.456865795, 0, 0, -0, 0, 0, 0, 0, 0.351541064, -0.115416553, -0.170345801, -0.165700061, 0.419115774, -0.892598123, 0.466186523, -0.764282227, -0.44543457, -0.868881957, -0.490002688, -0.0687763303, 0, 2, 1, 1, 
493.989763, 30, 0.1, 0.1, 0.0222604249, 0.370660219, -0.0349720591, 0.949159148, -0.314796621, 8.60196077e-006, 0.314796621, 0.949159148, -9.79059576e-006, -5.08258329e-006, 1.20007017e-005, 1, 0.949159147, -0.314796621, 1.50423144e-005, 0.314796621, 0.949159148, -2.26757289e-006, -1.35637261e-005, 6.88755731e-006, 1, 0, 0, 0, 0, 0, 0, 0, 0.294238208, -0.159048047, -0.200151489, -0.241608091, 0.664896638, -0.706639529, -0.791015625, 0.286743164, 0.540283203, 0.561925988, 0.68963404, 0.456865795, 0, 0, -0, 0, 0, 0, 0, 0.351541064, -0.115416553, -0.170345801, -0.165700061, 0.419115774, -0.892598123, 0.466186523, -0.764282227, -0.44543457, -0.868881957, -0.490002688, -0.0687763303, 0, 2, 1, 1, 
493.990462, 30, 0.1, 0.1, 0.0222604287, 0.37066022, -0.0349708319, 0.949159201, -0.314796461, -6.86338737e-006, 0.314796461, 0.949159201, 6.81639132e-006, 4.3686714e-006, -8.63041059e-006, 1, 0.949159185, -0.314796509, -1.55472548e-005, 0.314796509, 0.949159185, 4.47080588e-006, 1.33494256e-005, -9.13772801e-006, 1, 0, 0, 0, 0, 0, 0, 0, 0.294238208, -0.159048047, -0.200151489, -0.241608091, 0.664896638, -0.706639529, -0.791015625, 0.286743164, 0.540283203, 0.561925988, 0.68963404, 0.456865795, 0, 0, -0, 0, 0, 0, 0, 0.351541064, -0.115416553, -0.170345801, -0.165700061, 0.419115774, -0.892598123, 0.466186523, -0.764282227, -0.44543457, -0.868881957, -0.490002688, -0.0687763303, 0, 2, 1, 1, 
493.991162, 30, 0.1, 0.1, 0.0222604232, 0.370660221, -0.0349692839, 0.949159316, -0.314796113, 7.75438013e-006, 0.314796113, 0.949159316, -5.12584578e-006, -5.74654581e-006, 7.306293e-006, 1, 0.949159291, -0.314796188, 1.86409378e-005, 0.314796188, 0.949159291, -7.58684034e-006, -1.53049109e-005, 1.30692161e-005, 1, 0, 0, 0, 0, 0, 0, 0, 0.294238208, -0.159048047, -0.200151489, -0.241608091, 0.664896638, -0.706639529, -0.791015625, 0.286743164, 0.540283203, 0.561925988, 0.68963404, 0.456865795, 0, 0, -0, 0, 0, 0, 0, 0.351541064, -0.115416553, -0.170345801, -0.165700061, 0.419115774, -0.892598123, 0.466186523, -0.764282227, -0.44543457, -0.868881957, -0.490002688, -0.0687763303, 0, 2, 1, 1, 
493.991873, 30, 0.1, 0.1, 0.0222604281, 0.370660221, -0.0349678266, 0.949159432, -0.314795764, -2.92773954e-006, 0.314795764, 0.949159432, -9.66063909e-006, 5.82001986e-006, 8.2478467e-006, 1, 0.949159411, -0.314795827, -1.60220708e-005, 0.314795827, 0.949159411, -1.96599368e-006, 1.58263859e-005, -3.17763961e-006, 1, 0, 0, 0, 0, 0, 0, 0, 0.294238208, -0.159048047, -0.200151489, -0.241608091, 0.664896638, -0.706639529, -0.791015625, 0.286743164, 0.540283203, 0.561925988, 0.68963404, 0.456865795, 0, 0, -0, 0, 0, 0, 0, 0.351541064, -0.115416553, -0.170345801, -0.165700061, 0.419115774, -0.892598123, 0.466186523, -0.764282227, -0.44543457, -0.868881957, -0.490002688, -0.0687763303, 0, 2, 1, 1, 
493.992568, 30, 0.1, 0.1, 0.0222604231, 0.370660221, -0.0349669078, 0.949159466, -0.314795661, 1.47672305e-006, 0.314795661, 0.949159466, 1.48879716e-005, -6.08831454e-006, -1.36661932e-005, 1, 0.949159467, -0.314795659, 1.28308152e-005, 0.314795659, 0.949159467, 1.23382645e-005, -1.60625218e-005, -7.67189561e-006, 1, 0, 0, 0, 0, 0, 0, 0, 0.294238208, -0.159048047, -0.200151489, -0.241608091, 0.664896638, -0.706639529, -0.791015625, 0.286743164, 0.540283203, 0.561925988, 0.68963404, 0.456865795, 0, 0, -0, 0, 0, 0, 0, 0.351541064, -0.115416553, -0.170345801, -0.165700061, 0.419115774, -0.892598123, 0.466186523, -0.764282227, -0.44543457, -0.868881957, -0.490002688, -0.0687763303, 0, 2, 1, 1, 
493.993267, 30, 0.1, 0.1, 0.0222604277, 0.370660223, -0.0349668542, 0.949159399, -0.314795862, -3.77391485e-006, 0.314795862, 0.949159399, -1.17954849e-005, 7.29521659e-006, 1.00077826e-005, 1, 0.949159418, -0.314795804, -1.30421658e-005, 0.314795804, 0.949159418, -1.53512506e-005, 1.72116038e-005, 1.0465165e-005, 1, 0, 0, 0, 0, 0, 0, 0, 0.294238208, -0.159048047, -0.200151489, -0.241608091, 0.664896638, -0.706639529, -0.791015625, 0.286743164, 0.540283203, 0.561925988, 0.68963404, 0.456865795, 0, 0, -0, 0, 0, 0, 0, 0.351541064, -0.115416553, -0.170345801, -0.165700061, 0.419115774, -0.892598123, 0.466186523, -0.764282227, -0.44543457, -0.868881957, -0.490002688, -0.0687763303, 0, 2, 1, 1, 
493.993989, 30, 0.1, 0.1, 0.0222604237, 0.370660218, -0.0349673785, 0.949159259, -0.314796286, 3.2372433e-006, 0.314796286, 0.949159259, 1.07266767e-005, -6.44937743e-006, -9.16225234e-006, 1, 0.949159288, -0.314796198, 1.0882856e-005, 0.314796198, 0.949159288, 1.95206685e-005, -1.6474596e-005, -1.51023421e-005, 1, 0, 0, 0, 0, 0, 0, 0, 0.293805884, -0.158883154, -0.200219116, -0.241372948, 0.663729156, -0.707871412, -0.790649414, 0.288330078, 0.540039063, 0.562630296, 0.690066134, 0.455330619, 0, 0, -0, 0, 0, 0, 0, 0.351222021, -0.115452441, -0.170420752, -0.163534155, 0.418100085, -0.893505536, 0.465698242, -0.765625, -0.443481445, -0.869636253, -0.488513786, -0.0694854168, 0, 2, 1, 1, 
493.994686, 30, 0.1, 0.1, 0.0222604281, 0.370660221, -0.0349684368, 0.949159126, -0.314796687, -1.00403751e-005, 0.314796687, 0.949159126, 5.15930878e-006, 7.90578031e-006, -8.05768182e-006, 1, 0.949159149, -0.314796615, -1.5458101e-005, 0.314796615, 0.949159149, -8.02419961e-006, 1.71981889e-005, 2.7500846e-006, 1, 0, 0, 0, 0, 0, 0, 0, 0.293805884, -0.158883154, -0.200219116, -0.241372948, 0.663729156, -0.707871412, -0.790649414, 0.288330078, 0.540039063, 0.562630296, 0.690066134, 0.455330619, 0, 0, -0, 0, 0, 0, 0, 0.351222021, -0.115452441, -0.170420752, -0.163534155, 0.418100085, -0.893505536, 0.465698242, -0.765625, -0.443481445, -0.869636253, -0.488513786, -0.0694854168, 0, 2, 1, 1, 
493.995383, 30, 0.1, 0.1, 0.0222604243, 0.370660219, -0.034969765, 0.949159072, -0.314796849, 8.3130555e-006, 0.314796849, 0.949159072, -9.95188375e-006, -4.75759039e-006, 1.20628444e-005, 1, 0.949159075, -0.314796839, 1.50177557e-005, 0.314796839, 0.949159075, -1.74039083e-006, -1.37063695e-005, 6.37944976e-006, 1, 0, 0, 0, 0, 0, 0, 0, 0.293805884, -0.158883154, -0.200219116, -0.241372948, 0.663729156, -0.707871412, -0.790649414, 0.288330078, 0.540039063, 0.562630296, 0.690066134, 0.455330619, 0, 0, -0, 0, 0, 0, 0, 0.351222021, -0.115452441, -0.170420752, -0.163534155, 0.418100085, -0.893505536, 0.465698242, -0.765625, -0.443481445, -0.869636253, -0.488513786, -0.0694854168, 0, 2, 1, 1, 
493.996097, 30, 0.1, 0.1, 0.0222604288, 0.37066022, -0.0349709443, 0.949159114, -0.314796722, -8.52186041e-006, 0.314796722, 0.949159114, 5.87152188e-006, 6.24026563e-006, -8.25566223e-006, 1, 0.949159098, -0.314796769, -1.78452131e-005, 0.314796769, 0.949159099, 3.29685638e-006, 1.59001067e-005, -8.74685666e-006, 1, 0, 0, 0, 0, 0, 0, 0, 0.293805884, -0.158883154, -0.200219116, -0.24092887, 0.662841, -0.70882996, -0.791015625, 0.2890625, 0.53918457, 0.562312778, 0.690701172, 0.454740886, 0, 0, -0, 0, 0, 0, 0, 0.351222021, -0.115452441, -0.170420752, -0.163534155, 0.418100085, -0.893505536, 0.465698242, -0.765625, -0.443481445, -0.869636253, -0.488513786, -0.0694854168, 0, 2, 1, 1, 
493.996813, 30, 0.1, 0.1, 0.0222604235, 0.370660222, -0.034971293, 0.949159222, -0.314796395, 7.64113803e-006, 0.314796395, 0.949159222, -6.57602299e-006, -5.1825483e-006, 8.64709558e-006, 1, 0.949159199, -0.314796465, 1.77630396e-005, 0.314796465, 0.949159199, -8.81458237e-006, -1.40851531e-005, 1.3958184e-005, 1, 0, 0, 0, 0, 0, 0, 0, 0.29360437, -0.158256885, -0.200269897, -0.24092887, 0.662841, -0.70882996, -0.791015625, 0.2890625, 0.53918457, 0.562312778, 0.690701172, 0.454740886, 0, 0, -0, 0, 0, 0, 0, 0.351121582, -0.115045752, -0.170710889, -0.161700371, 0.417480317, -0.894106348, 0.466308594, -0.766113281, -0.442016602, -0.869566257, -0.488456183, -0.0707759917, 0, 2, 1, 1, 
493.997507, 30, 0.1, 0.1, 0.0222604278, 0.370660223, -0.0349710655, 0.949159327, -0.314796079, -3.4186363e-006, 0.314796079, 0.949159327, -9.97305098e-006, 6.38430787e-006, 8.38984106e-006, 1, 0.949159308, -0.314796135, -1.46827888e-005, 0.314796135, 0.949159309, -3.32000172e-006, 1.49814294e-005, -1.47087464e-006, 1, 0, 0, 0, 0, 0, 0, 0, 0.29360437, -0.158256885, -0.200269897, -0.24092887, 0.662841, -0.70882996, -0.791015625, 0.2890625, 0.53918457, 0.562312778, 0.690701172, 0.454740886, 0, 0, -0, 0, 0, 0, 0, 0.351121582, -0.115045752, -0.170710889, -0.161700371, 0.417480317, -0.894106348, 0.466308594, -0.766113281, -0.442016602, -0.869566257, -0.488456183, -0.0707759917, 0, 2, 1, 1, 
493.998203, 30, 0.1, 0.1, 0.0222604236, 0.370660223, -0.0349704452, 0.949159361, -0.314795978, 4.12127017e-007, 0.314795978, 0.949159361, 1.21353554e-005, -4.21133528e-006, -1.13886502e-005, 1, 0.949159361, -0.314795977, 1.06780022e-005, 0.314795977, 0.949159361, 9.74932734e-006, -1.32041748e-005, -5.89227317e-006, 1, 0, 0, 0, 0, 0, 0, 0, 0.29360437, -0.158256885, -0.200269897, -0.24092887, 0.662841, -0.70882996, -0.791015625, 0.2890625, 0.53918457, 0.562312778, 0.690701172, 0.454740886, 0, 0, -0, 0, 0, 0, 0, 0.351121582, -0.115045752, -0.170710889, -0.161700371, 0.417480317, -0.894106348, 0.466308594, -0.766113281, -0.442016602, -0.869566257, -0.488456183, -0.0707759917, 0, 2, 1, 1, 
493.998901, 30, 0.1, 0.1, 0.0222604279, 0.370660225, -0.0349696362, 0.949159304, -0.314796149, -3.27113019e-006, 0.314796149, 0.949159304, -1.08760987e-005, 6.52857764e-006, 9.2934111e-006, 1, 0.949159321, -0.314796097, -1.19719625e-005, 0.314796097, 0.949159321, -1.44058111e-005, 1.58981929e-005, 9.90468276e-006, 1, 0, 0, 0, 0, 0, 0, 0, 0.29360437, -0.158256885, -0.200269897, -0.24092887, 0.662841, -0.70882996, -0.791015625, 0.2890625, 0.53918457, 0.562312778, 0.690701172, 0.454740886, 0, 0, -0, 0, 0, 0, 0, 0.351121582, -0.115045752, -0.170710889, -0.161700371, 0.417480317, -0.894106348, 0.466308594, -0.766113281, -0.442016602, -0.869566257, -0.488456183, -0.0707759917, 0, 2, 1, 1, 
493.999596, 30, 0.1, 0.1, 0.0222604247, 0.370660221, -0.0349688896, 0.949159185, -0.314796509, 1.93647078e-006, 0.314796509, 0.949159185, 8.79404836e-006, -4.60635476e-006, -7.73735752e-006, 1, 0.94915921, -0.314796431, 9.16972212e-006, 0.314796431, 0.94915921, 1.71784941e-005, -1.41112549e-005, -1.34185301e-005, 1, 0, 0, 0, 0, 0, 0, 0, 0.29360437, -0.158256885, -0.200269897, -0.24092887, 0.662841, -0.70882996, -0.791015625, 0.2890625, 0.53918457, 0.562312778, 0.690701172, 0.454740886, 0, 0, -0, 0, 0, 0, 0, 0.351121582, -0.115045752, -0.170710889, -0.161700371, 0.417480317, -0.894106348, 0.466308594, -0.766113281, -0.442016602, -0.869566257, -0.488456183, -0.0707759917, 0, 2, 1, 1, 
494.000293, 30, 0.1, 0.1, 0.022260429, 0.370660224, -0.0349683993, 0.949159066, -0.314796867, -9.35541717e-006, 0.314796867, 0.949159066, 5.3549549e-006, 7.194056e-006, -8.02776001e-006, 1, 0.949159087, -0.314796802, -1.51155246e-005, 0.314796802, 0.949159087, -8.17570078e-006, 1.6920722e-005, 3.00172189e-006, 1, 0, 0, 0, 0, 0, 0, 0, 0.29360437, -0.158256885, -0.200269897, -0.24092887, 0.662841, -0.70882996, -0.791015625, 0.2890625, 0.53918457, 0.562312778, 0.690701172, 0.454740886, 0, 0, -0, 0, 0, 0, 0, 0.351121582, -0.115045752, -0.170710889, -0.161700371, 0.417480317, -0.894106348, 0.466308594, -0.766113281, -0.442016602, -0.869566257, -0.488456183, -0.0707759917, 0, 2, 1, 1, 
494.001003, 30, 0.1, 0.1, 0.0222604249, 0.370660222, -0.0349682782, 0.949159026, -0.314796987, 8.64781642e-006, 0.314796987, 0.949159026, -1.13113614e-005, -4.64737053e-006, 1.34585873e-005, 1, 0.949159026, -0.314796986, 1.63184788e-005, 0.314796986, 0.949159026, -2.20091253e-006, -1.47959908e-005, 7.22602394e-006, 1, 0, 0, 0, 0, 0, 0, 0, 0.29360437, -0.158256885, -0.200269897, -0.238555714, 0.661552951, -0.710917798, -0.792114258, 0.290893555, 0.536499023, 0.561689723, 0.691152363, 0.454824384, 0, 0, -0, 0, 0, 0, 0, 0.351121582, -0.115045752, -0.170710889, -0.161700371, 0.417480317, -0.894106348, 0.466308594, -0.766113281, -0.442016602, -0.869566257, -0.488456183, -0.0707759917, 0, 2, 1, 1, 
494.001713, 30, 0.1, 0.1, 0.0222604299, 0.370660223, -0.0349682634, 0.949159087, -0.314796805, -9.87427733e-006, 0.314796805, 0.949159087, 6.70193405e-006, 7.26251262e-006, -9.46959255e-006, 1, 0.949159068, -0.31479686, -1.95319068e-005, 0.31479686, 0.949159068, 3.87098533e-006, 1.73203125e-005, -9.82276378e-006, 1, 0, 0, 0, 0, 0, 0, 0, 0.293946997, -0.158098096, -0.199929858, -0.238555714, 0.661552951, -0.710917798, -0.792114258, 0.290893555, 0.536499023, 0.561689723, 0.691152363, 0.454824384, 0, 0, -0, 0, 0, 0, 0, 0.351593604, -0.11484375, -0.170386719, -0.157873123, 0.416905392, -0.895026888, 0.467285156, -0.766967773, -0.439575195, -0.86977771, -0.487657411, -0.0736958267, 0, 2, 1, 1, 
494.002404, 30, 0.1, 0.1, 0.0222604246, 0.370660225, -0.0349686725, 0.949159212, -0.314796428, 8.31522324e-006, 0.314796428, 0.949159212, -5.13686613e-006, -6.27540363e-006, 7.49330638e-006, 1, 0.949159185, -0.314796507, 1.87045393e-005, 0.314796507, 0.949159185, -7.63322499e-006, -1.53506727e-005, 1.31332692e-005, 1, 0, 0, 0, 0, 0, 0, 0, 0.293946997, -0.158098096, -0.199929858, -0.238555714, 0.661552951, -0.710917798, -0.792114258, 0.290893555, 0.536499023, 0.561689723, 0.691152363, 0.454824384, 0, 0, -0, 0, 0, 0, 0, 0.351593604, -0.11484375, -0.170386719, -0.157873123, 0.416905392, -0.895026888, 0.467285156, -0.766967773, -0.439575195, -0.86977771, -0.487657411, -0.0736958267, 0, 2, 1, 1, 
