time, trialNum, realDorsalTactorPos, realVentralTactorPos, boxPosX, boxPosY, boxPosZ, boxLocalRot_11, boxLocalRot_12, boxLocalRot_13, boxLocalRot_21, boxLocalRot_22, boxLocalRot_23, boxLocalRot_31, boxLocalRot_32, boxLocalRot_33, boxGlobalRot_11, boxGlobalRot_12, boxGlobalRot_13, boxGlobalRot_21, boxGlobalRot_22, boxGlobalRot_23, boxGlobalRot_31, boxGlobalRot_32, boxGlobalRot_33, indexForceX, indexForceY, indexForceZ, indexForceGlobalX, indexForceGlobalY, indexForceGlobalZ, indexContact, indexPosX, indexPosY, indexPosZ, indexRot_11, indexRot_12, indexRot_13, indexRot_21, indexRot_22, indexRot_23, indexRot_31, indexRot_32, indexRot_33, thumbForceX, thumbForceY, thumbForceZ, thumbForceGlobalX, thumbForceGlobalY, thumbForceGlobalZ, thumbContact, thumbPosX, thumbPosY, thumbPosZ, thumbRot_11, thumbRot_12, thumbRot_13, thumbRot_21, thumbRot_22, thumbRot_23, thumbRot_31, thumbRot_32, thumbRot_33, manipForceTooHigh, cceExpType, mapping, trialSuccess, 
626.286289, 41, 0.1, 0.1, 0.0292563769, 0.362129198, -0.0349848183, 0.928215209, -0.372043716, 4.07554328e-006, 0.372043716, 0.928215209, -1.59611238e-005, 2.15525456e-006, 1.63316382e-005, 1, 0.928215203, -0.372043729, 2.86717891e-006, 0.37204373, 0.928215203, -2.02438885e-006, -1.90819787e-006, 2.94578444e-006, 1, 0, 0, 0, 0, 0, 0, 0, 0.291335962, -0.173702417, -0.186246484, -0.0207031506, 0.585244657, -0.810491882, -0.80456543, 0.471557617, 0.360961914, 0.593430543, 0.659610457, 0.461325974, 0, 0, -0, 0, 0, 0, 0, 0.358487402, -0.146453662, -0.161701758, 0.0588942572, 0.100016081, -0.993215261, 0.278564453, -0.95703125, -0.0798339844, -0.958567664, -0.271918862, -0.0842613261, 0, 2, 5, 1, 
626.294021, 41, 0.1, 0.1, 0.0292563665, 0.362129217, -0.0349726745, 0.928215616, -0.372042699, -1.32756419e-005, 0.372042699, 0.928215616, -1.16945034e-005, 1.66735128e-005, 5.91591501e-006, 1, 0.928215555, -0.372042852, -1.33391644e-006, 0.372042852, 0.928215555, -1.87187302e-005, 8.20233177e-006, 1.68787425e-005, 1, 0, 0, 0, 0, 0, 0, 0, 0.290408691, -0.173808496, -0.187450708, -0.0212247341, 0.58299319, -0.812148747, -0.806396484, 0.470214844, 0.358642578, 0.590917723, 0.662562485, 0.460228885, 0, 0, -0, 0, 0, 0, 0, 0.356872852, -0.146672412, -0.162860205, 0.061098809, 0.097798403, -0.993266667, 0.281982422, -0.956298828, -0.0767822266, -0.957354015, -0.27534326, -0.0861078697, 0, 2, 5, 1, 
626.29472, 41, 0.1, 0.1, 0.0292563702, 0.362129212, -0.0349663963, 0.928215977, -0.372041798, 8.28606046e-006, 0.372041798, 0.928215977, 1.40876379e-005, -1.29324438e-005, -9.99360976e-006, 1, 0.928215899, -0.372041993, -1.87837812e-006, 0.372041993, 0.928215899, 2.00776849e-005, -5.72620147e-006, -1.93352619e-005, 1, 0, 0, 0, 0, 0, 0, 0, 0.290408691, -0.173808496, -0.187450708, -0.0212247341, 0.58299319, -0.812148747, -0.806396484, 0.470214844, 0.358642578, 0.590917723, 0.662562485, 0.460228885, 0, 0, -0, 0, 0, 0, 0, 0.356872852, -0.146672412, -0.162860205, 0.061098809, 0.097798403, -0.993266667, 0.281982422, -0.956298828, -0.0767822266, -0.957354015, -0.27534326, -0.0861078697, 0, 2, 5, 1, 
626.295441, 41, 0.1, 0.1, 0.0292563697, 0.362129214, -0.0349611627, 0.928216429, -0.37204067, -1.06139139e-005, 0.37204067, 0.928216429, 1.09032358e-006, 9.44636456e-006, -4.96086391e-006, 1, 0.928216338, -0.372040897, -8.03913532e-006, 0.372040897, 0.928216338, -1.13895466e-005, 1.16994339e-005, 7.58107613e-006, 1, 0, 0, 0, 0, 0, 0, 0, 0.29061228, -0.174498608, -0.187914771, -0.0216055324, 0.582568208, -0.812466266, -0.806396484, 0.470092773, 0.358642578, 0.590854444, 0.663000571, 0.459784807, 0, 0, -0, 0, 0, 0, 0, 0.357096094, -0.147133789, -0.163751465, 0.061098809, 0.09754284, -0.993279427, 0.281860352, -0.956298828, -0.0765380859, -0.957354015, -0.275247378, -0.0859864681, 0, 2, 5, 1, 
626.296138, 41, 0.1, 0.1, 0.0292563697, 0.362129212, -0.0349587279, 0.928216886, -0.372039532, 6.64445859e-006, 0.372039532, 0.928216886, 4.58991139e-006, -7.87512714e-006, -1.78843199e-006, 1, 0.928216801, -0.372039743, 1.4381642e-007, 0.372039743, 0.928216801, -3.8600323e-006, 1.30259261e-006, 3.63645226e-006, 1, 0, 0, 0, 0, 0, 0, 0, 0.29061228, -0.174498608, -0.187914771, -0.0216055324, 0.582568208, -0.812466266, -0.806396484, 0.470092773, 0.358642578, 0.590854444, 0.663000571, 0.459784807, 0, 0, -0, 0, 0, 0, 0, 0.357096094, -0.147133789, -0.163751465, 0.061098809, 0.09754284, -0.993279427, 0.281860352, -0.956298828, -0.0765380859, -0.957354015, -0.275247378, -0.0859864681, 0, 2, 5, 1, 
626.296833, 41, 0.1, 0.1, 0.029256371, 0.362129212, -0.0349596914, 0.928217263, -0.372038589, -8.26712554e-006, 0.372038589, 0.928217263, -1.20667877e-005, 1.21629993e-005, 8.12491095e-006, 1, 0.928217198, -0.372038752, -1.12792304e-005, 0.372038752, 0.928217198, -1.13324228e-005, 1.4685676e-005, 6.32263896e-006, 1, 0, 0, 0, 0, 0, 0, 0, 0.29061228, -0.174498608, -0.187914771, -0.0216055324, 0.582568208, -0.812466266, -0.806396484, 0.470092773, 0.358642578, 0.590854444, 0.663000571, 0.459784807, 0, 0, -0, 0, 0, 0, 0, 0.357096094, -0.147133789, -0.163751465, 0.061098809, 0.09754284, -0.993279427, 0.281860352, -0.956298828, -0.0765380859, -0.957354015, -0.275247378, -0.0859864681, 0, 2, 5, 1, 
626.297532, 41, 0.1, 0.1, 0.0292563671, 0.362129207, -0.0349634665, 0.928217561, -0.372037846, 1.4760253e-005, 0.372037845, 0.928217561, 1.06245093e-005, -1.76534456e-005, -4.37048336e-006, 1, 0.928217504, -0.37203799, 1.72185275e-005, 0.372037989, 0.928217504, 2.02606945e-005, -2.35202867e-005, -1.24003849e-005, 1, 0, 0, 0, 0, 0, 0, 0, 0.29061228, -0.174498608, -0.187914771, -0.0216055324, 0.582568208, -0.812466266, -0.806396484, 0.470092773, 0.358642578, 0.590854444, 0.663000571, 0.459784807, 0, 0, -0, 0, 0, 0, 0, 0.357096094, -0.147133789, -0.163751465, 0.061098809, 0.09754284, -0.993279427, 0.281860352, -0.956298828, -0.0765380859, -0.957354015, -0.275247378, -0.0859864681, 0, 2, 5, 1, 
626.298226, 41, 0.1, 0.1, 0.029256371, 0.362129213, -0.0349687781, 0.928217886, -0.372037035, -2.34070216e-005, 0.372037034, 0.928217887, -1.17218499e-005, 2.60877784e-005, 2.17215184e-006, 1, 0.928217817, -0.372037207, -2.13270382e-005, 0.372037207, 0.928217817, -2.18154007e-005, 2.79122776e-005, 1.23149919e-005, 1, 0, 0, 0, 0, 0, 0, 0, 0.29061228, -0.174498608, -0.187914771, -0.0216055324, 0.582568208, -0.812466266, -0.806396484, 0.470092773, 0.358642578, 0.590854444, 0.663000571, 0.459784807, 0, 0, -0, 0, 0, 0, 0, 0.357096094, -0.147133789, -0.163751465, 0.061098809, 0.09754284, -0.993279427, 0.281860352, -0.956298828, -0.0765380859, -0.957354015, -0.275247378, -0.0859864681, 0, 2, 5, 1, 
626.298936, 41, 0.1, 0.1, 0.0292563709, 0.362129204, -0.034974052, 0.928218297, -0.372036009, 2.16994478e-005, 0.372036008, 0.928218297, 2.64783693e-005, -2.99927313e-005, -1.6504731e-005, 0.999999999, 0.928218208, -0.372036232, 1.30155408e-005, 0.372036231, 0.928218208, 3.05363321e-005, -2.34418839e-005, -2.35021267e-005, 0.999999999, 0, 0, 0, 0, 0, 0, 0, 0.29061228, -0.174498608, -0.187914771, -0.0216055324, 0.582568208, -0.812466266, -0.806396484, 0.470092773, 0.358642578, 0.590854444, 0.663000571, 0.459784807, 0, 0, -0, 0, 0, 0, 0, 0.357096094, -0.147133789, -0.163751465, 0.061098809, 0.09754284, -0.993279427, 0.281860352, -0.956298828, -0.0765380859, -0.957354015, -0.275247378, -0.0859864681, 0, 2, 5, 1, 
626.29963, 41, 0.1, 0.1, 0.0292563643, 0.362129206, -0.0349775186, 0.928218777, -0.372034813, 8.92718523e-007, 0.372034813, 0.928218777, -2.61040909e-005, 8.8829925e-006, 2.45624297e-005, 1, 0.928218674, -0.372035069, 1.51482728e-005, 0.372035069, 0.928218674, -1.97587888e-005, -6.70994732e-006, 2.39761655e-005, 1, 0, 0, 0, 0, 0, 0, 0, 0.29061228, -0.174498608, -0.187914771, -0.0216055324, 0.582568208, -0.812466266, -0.806396484, 0.470092773, 0.358642578, 0.590854444, 0.663000571, 0.459784807, 0, 0, -0, 0, 0, 0, 0, 0.357096094, -0.147133789, -0.163751465, 0.061098809, 0.09754284, -0.993279427, 0.281860352, -0.956298828, -0.0765380859, -0.957354015, -0.275247378, -0.0859864681, 0, 2, 5, 1, 
626.300353, 41, 0.1, 0.1, 0.0292563728, 0.362129209, -0.0349782843, 0.928219355, -0.37203337, -2.8663913e-005, 0.372033371, 0.928219355, 1.41913273e-005, 2.13267516e-005, -2.38365968e-005, 0.999999999, 0.928219239, -0.372033658, -3.11110021e-005, 0.372033658, 0.92821924, 2.66512139e-006, 2.78863158e-005, -1.40481569e-005, 1, 0, 0, 0, 0, 0, 0, 0, 0.291362817, -0.175262695, -0.187539453, -0.019949789, 0.580652234, -0.813849796, -0.807373047, 0.470703125, 0.355712891, 0.589603464, 0.664169175, 0.459633161, 0, 0, -0, 0, 0, 0, 0, 0.357788184, -0.147681348, -0.162916113, 0.0647663766, 0.0959135799, -0.993215995, 0.281738281, -0.956542969, -0.0739746094, -0.957214023, -0.274927649, -0.0889256261, 0, 2, 5, 1, 
626.301058, 41, 0.1, 0.1, 0.0292563731, 0.362129201, -0.0349762661, 0.928219975, -0.372031823, 1.38305566e-005, 0.372031823, 0.928219975, 9.48768437e-006, -1.63675194e-005, -3.66125097e-006, 1, 0.928219851, -0.372032133, 9.46438691e-006, 0.372032133, 0.928219851, 2.09983788e-005, -1.65971035e-005, -1.5970056e-005, 1, 0, 0, 0, 0, 0, 0, 0, 0.291362817, -0.175262695, -0.187539453, -0.019949789, 0.580652234, -0.813849796, -0.807373047, 0.470703125, 0.355712891, 0.589603464, 0.664169175, 0.459633161, 0, 0, -0, 0, 0, 0, 0, 0.357788184, -0.147681348, -0.162916113, 0.0647663766, 0.0959135799, -0.993215995, 0.281738281, -0.956542969, -0.0739746094, -0.957214023, -0.274927649, -0.0889256261, 0, 2, 5, 1, 
626.301757, 41, 0.1, 0.1, 0.0292563725, 0.362129208, -0.0349724259, 0.928220635, -0.372030177, -1.14399011e-005, 0.372030176, 0.928220635, -2.86505338e-005, 2.12776155e-005, 2.23380283e-005, 1, 0.9282205, -0.372030514, -6.6820476e-006, 0.372030514, 0.9282205, -3.30110212e-005, 1.84835208e-005, 2.8155581e-005, 0.999999999, 0, 0, 0, 0, 0, 0, 0, 0.291362817, -0.175262695, -0.187539453, -0.019949789, 0.580652234, -0.813849796, -0.807373047, 0.470703125, 0.355712891, 0.589603464, 0.664169175, 0.459633161, 0, 0, -0, 0, 0, 0, 0, 0.357788184, -0.147681348, -0.162916113, 0.0647663766, 0.0959135799, -0.993215995, 0.281738281, -0.956542969, -0.0739746094, -0.957214023, -0.274927649, -0.0889256261, 0, 2, 5, 1, 
626.302454, 41, 0.1, 0.1, 0.0292563738, 0.362129205, -0.0349679862, 0.928221308, -0.372028499, 4.30180033e-006, 0.372028499, 0.928221308, 1.82486052e-005, -1.07820239e-005, -1.53383519e-005, 1, 0.928221175, -0.37202883, 2.12756698e-006, 0.37202883, 0.928221175, 2.01372146e-005, -9.4664771e-006, -1.79002727e-005, 1, 0, 0, 0, 0, 0, 0, 0, 0.291362817, -0.175262695, -0.187539453, -0.019949789, 0.580652234, -0.813849796, -0.807373047, 0.470703125, 0.355712891, 0.589603464, 0.664169175, 0.459633161, 0, 0, -0, 0, 0, 0, 0, 0.357788184, -0.147681348, -0.162916113, 0.0647663766, 0.0959135799, -0.993215995, 0.281738281, -0.956542969, -0.0739746094, -0.957214023, -0.274927649, -0.0889256261, 0, 2, 5, 1, 
626.303166, 41, 0.1, 0.1, 0.0292563734, 0.362129208, -0.0349640921, 0.928221944, -0.372026911, 5.77005028e-006, 0.372026911, 0.928221944, -9.93047335e-006, -1.66148397e-006, 1.13642973e-005, 1, 0.928221829, -0.372027198, 1.67185605e-007, 0.372027198, 0.928221829, -1.86984353e-005, 6.80114117e-006, 1.74184934e-005, 1, 0, 0, 0, 0, 0, 0, 0, 0.291362817, -0.175262695, -0.187539453, -0.019949789, 0.580652234, -0.813849796, -0.807373047, 0.470703125, 0.355712891, 0.589603464, 0.664169175, 0.459633161, 0, 0, -0, 0, 0, 0, 0, 0.358167676, -0.14789873, -0.162513818, 0.0669005661, 0.0966033434, -0.99306944, 0.283813477, -0.955932617, -0.0738525391, -0.95649874, -0.276819035, -0.0914878195, 0, 2, 5, 1, 
626.303865, 41, 0.1, 0.1, 0.0292563738, 0.362129207, -0.034962111, 0.928222446, -0.372025659, -5.05125166e-007, 0.372025659, 0.928222446, -4.58622986e-006, 2.17506371e-006, 4.06912198e-006, 1, 0.928222353, -0.372025892, -2.90061936e-006, 0.372025892, 0.928222353, -4.28374369e-006, 4.2860833e-006, 2.89716114e-006, 1, 0, 0, 0, 0, 0, 0, 0, 0.291362817, -0.175262695, -0.187539453, -0.019949789, 0.580652234, -0.813849796, -0.807373047, 0.470703125, 0.355712891, 0.589603464, 0.664169175, 0.459633161, 0, 0, -0, 0, 0, 0, 0, 0.358167676, -0.14789873, -0.162513818, 0.0669005661, 0.0966033434, -0.99306944, 0.283813477, -0.955932617, -0.0738525391, -0.95649874, -0.276819035, -0.0914878195, 0, 2, 5, 1, 
626.304558, 41, 0.1, 0.1, 0.0292563736, 0.362129207, -0.0349624666, 0.928222892, -0.372024545, -1.14467386e-005, 0.372024545, 0.928222892, -6.65923319e-006, 1.3102523e-005, 1.92278497e-006, 1, 0.928222803, -0.372024769, -5.24857391e-006, 0.372024769, 0.928222803, -1.04798767e-005, 8.77061969e-006, 7.77506102e-006, 1, 0, 0, 0, 0, 0, 0, 0, 0.291362817, -0.175262695, -0.187539453, -0.019949789, 0.580652234, -0.813849796, -0.807373047, 0.470703125, 0.355712891, 0.589603464, 0.664169175, 0.459633161, 0, 0, -0, 0, 0, 0, 0, 0.358167676, -0.14789873, -0.162513818, 0.0669005661, 0.0966033434, -0.99306944, 0.283813477, -0.955932617, -0.0738525391, -0.95649874, -0.276819035, -0.0914878195, 0, 2, 5, 1, 
626.305269, 41, 0.1, 0.1, 0.0292563716, 0.362129203, -0.0349647852, 0.928223391, -0.372023299, 2.32206473e-005, 0.372023299, 0.928223392, 6.61843792e-007, -2.18001693e-005, 8.02428291e-006, 1, 0.928223289, -0.372023556, 1.76189802e-005, 0.372023556, 0.928223289, 1.33248891e-005, -2.13115204e-005, -5.81379677e-006, 1, 0, 0, 0, 0, 0, 0, 0, 0.291818335, -0.175697095, -0.187526025, -0.019652488, 0.580824098, -0.813658836, -0.808837891, 0.468994141, 0.354370117, 0.587578906, 0.665254282, 0.460838835, 0, 0, -0, 0, 0, 0, 0, 0.358167676, -0.14789873, -0.162513818, 0.0669005661, 0.0966033434, -0.99306944, 0.283813477, -0.955932617, -0.0738525391, -0.95649874, -0.276819035, -0.0914878195, 0, 2, 5, 1, 
626.305966, 41, 0.1, 0.1, 0.0292563737, 0.362129205, -0.0349683222, 0.928223947, -0.372021911, -3.12440554e-005, 0.372021912, 0.928223948, 3.48852763e-006, 2.77036717e-005, -1.48616081e-005, 1, 0.928223829, -0.372022207, -2.18418878e-005, 0.372022206, 0.92822383, -9.42517484e-006, 2.37805351e-005, 6.2300458e-007, 1, 0, 0, 0, 0, 0, 0, 0, 0.291818335, -0.175697095, -0.187526025, -0.019652488, 0.580824098, -0.813658836, -0.808837891, 0.468994141, 0.354370117, 0.587578906, 0.665254282, 0.460838835, 0, 0, -0, 0, 0, 0, 0, 0.358167676, -0.14789873, -0.162513818, 0.0669005661, 0.0966033434, -0.99306944, 0.283813477, -0.955932617, -0.0738525391, -0.95649874, -0.276819035, -0.0914878195, 0, 2, 5, 1, 
626.306661, 41, 0.1, 0.1, 0.0292563771, 0.362129199, -0.034972015, 0.928224556, -0.372020392, 1.92146796e-005, 0.372020392, 0.928224557, 1.41297485e-005, -2.3092092e-005, -5.96732685e-006, 1, 0.928224431, -0.372020707, 4.10369524e-006, 0.372020707, 0.92822443, 2.15237197e-005, -1.18164196e-005, -1.84521828e-005, 1, 0, 0, 0, 0, 0, 0, 0, 0.291818335, -0.175697095, -0.187526025, -0.019652488, 0.580824098, -0.813658836, -0.808837891, 0.468994141, 0.354370117, 0.587578906, 0.665254282, 0.460838835, 0, 0, -0, 0, 0, 0, 0, 0.358167676, -0.14789873, -0.162513818, 0.0669005661, 0.0966033434, -0.99306944, 0.283813477, -0.955932617, -0.0738525391, -0.95649874, -0.276819035, -0.0914878195, 0, 2, 5, 1, 
626.307372, 41, 0.1, 0.1, 0.0292563676, 0.362129203, -0.0349747637, 0.92822524, -0.372018686, 1.0292919e-005, 0.372018687, 0.92822524, -2.36143413e-005, -7.6917099e-007, 2.57485858e-005, 1, 0.928225107, -0.372019018, 2.39905022e-005, 0.372019018, 0.928225107, -2.26957071e-005, -1.38253518e-005, 2.99916482e-005, 0.999999999, 0, 0, 0, 0, 0, 0, 0, 0.292085156, -0.176364868, -0.187302905, -0.0186950618, 0.580818107, -0.813728107, -0.810180664, 0.468017578, 0.352783203, 0.585820569, 0.665996782, 0.461962134, 0, 0, -0, 0, 0, 0, 0, 0.358167676, -0.14789873, -0.162513818, 0.0669005661, 0.0966033434, -0.99306944, 0.283813477, -0.955932617, -0.0738525391, -0.95649874, -0.276819035, -0.0914878195, 0, 2, 5, 1, 
626.308083, 41, 0.1, 0.1, 0.0292563786, 0.362129203, -0.0349755264, 0.92822596, -0.372016889, -4.11314839e-005, 0.37201689, 0.92822596, 1.78995301e-005, 3.15203836e-005, -3.19164153e-005, 0.999999999, 0.928225816, -0.372017249, -4.26871022e-005, 0.37201725, 0.928225816, 9.93659356e-006, 3.5926686e-005, -2.5103741e-005, 0.999999999, 0, 0, 0, 0, 0, 0, 0, 0.292085156, -0.176364868, -0.187302905, -0.0186950618, 0.580818107, -0.813728107, -0.810180664, 0.468017578, 0.352783203, 0.585820569, 0.665996782, 0.461962134, 0, 0, -0, 0, 0, 0, 0, 0.358535449, -0.148350586, -0.162096387, 0.0689388736, 0.0968268236, -0.992852523, 0.284912109, -0.955688477, -0.0734863281, -0.95603902, -0.277777488, -0.0935516467, 0, 2, 5, 1, 
626.308782, 41, 0.1, 0.1, 0.0292563799, 0.362129197, -0.0349744769, 0.928226695, -0.372015057, 2.42490563e-005, 0.372015057, 0.928226695, -1.39875342e-007, -2.24565857e-005, 9.15085009e-006, 1, 0.928226542, -0.372015438, 1.26594598e-005, 0.372015438, 0.928226542, 1.34806837e-005, -1.67658691e-005, -7.80361388e-006, 1, 0, 0, 0, 0, 0, 0, 0, 0.292085156, -0.176364868, -0.187302905, -0.0186950618, 0.580818107, -0.813728107, -0.810180664, 0.468017578, 0.352783203, 0.585820569, 0.665996782, 0.461962134, 0, 0, -0, 0, 0, 0, 0, 0.358535449, -0.148350586, -0.162096387, 0.0689388736, 0.0968268236, -0.992852523, 0.284912109, -0.955688477, -0.0734863281, -0.95603902, -0.277777488, -0.0935516467, 0, 2, 5, 1, 
626.309476, 41, 0.1, 0.1, 0.0292563745, 0.362129203, -0.0349721068, 0.928227458, -0.372013153, -5.54005081e-006, 0.372013153, 0.928227458, -1.78853952e-005, 1.17960295e-005, 1.45407431e-005, 1, 0.928227305, -0.372013535, 5.40140047e-006, 0.372013535, 0.928227305, -2.38489643e-005, 3.85841013e-006, 2.4146654e-005, 1, 0, 0, 0, 0, 0, 0, 0, 0.292085156, -0.176364868, -0.187302905, -0.0186950618, 0.580818107, -0.813728107, -0.810180664, 0.468017578, 0.352783203, 0.585820569, 0.665996782, 0.461962134, 0, 0, -0, 0, 0, 0, 0, 0.358535449, -0.148350586, -0.162096387, 0.0689388736, 0.0968268236, -0.992852523, 0.284912109, -0.955688477, -0.0734863281, -0.95603902, -0.277777488, -0.0935516467, 0, 2, 5, 1, 
626.310174, 41, 0.1, 0.1, 0.0292563755, 0.3621292, -0.034969166, 0.928228247, -0.372011184, 1.44858794e-005, 0.372011184, 0.928228247, 8.30082505e-006, -1.65342022e-005, -2.31615114e-006, 1, 0.928228091, -0.372011574, 5.10862306e-006, 0.372011573, 0.928228091, 1.30121002e-005, -9.58261929e-006, -1.017773e-005, 1, 0, 0, 0, 0, 0, 0, 0, 0.292085156, -0.176364868, -0.187302905, -0.0186950618, 0.580818107, -0.813728107, -0.810180664, 0.468017578, 0.352783203, 0.585820569, 0.665996782, 0.461962134, 0, 0, -0, 0, 0, 0, 0, 0.358535449, -0.148350586, -0.162096387, 0.0689388736, 0.0968268236, -0.992852523, 0.284912109, -0.955688477, -0.0734863281, -0.95603902, -0.277777488, -0.0935516467, 0, 2, 5, 1, 
626.31087, 41, 0.1, 0.1, 0.0292563742, 0.362129204, -0.0349665608, 0.928229049, -0.372009184, -2.06391313e-005, 0.372009184, 0.928229049, -9.75270721e-006, 2.27859378e-005, 1.37479975e-006, 1, 0.928228888, -0.372009584, -8.32369132e-006, 0.372009584, 0.928228888, -1.68928244e-005, 1.40105833e-005, 1.25839147e-005, 1, 0, 0, 0, 0, 0, 0, 0, 0.292085156, -0.176364868, -0.187302905, -0.0186950618, 0.580818107, -0.813728107, -0.810180664, 0.468017578, 0.352783203, 0.585820569, 0.665996782, 0.461962134, 0, 0, -0, 0, 0, 0, 0, 0.358535449, -0.148350586, -0.162096387, 0.0689388736, 0.0968268236, -0.992852523, 0.284912109, -0.955688477, -0.0734863281, -0.95603902, -0.277777488, -0.0935516467, 0, 2, 5, 1, 
626.311564, 41, 0.1, 0.1, 0.0292563791, 0.362129197, -0.0349650677, 0.928229881, -0.372007107, 8.26459252e-006, 0.372007106, 0.928229881, 1.85151105e-005, -1.45591944e-005, -1.41117916e-005, 1, 0.928229714, -0.372007525, -3.93594605e-006, 0.372007525, 0.928229713, 2.47035534e-005, -5.53644567e-006, -2.43947738e-005, 1, 0, 0, 0, 0, 0, 0, 0, 0.292085156, -0.176364868, -0.187302905, -0.0186950618, 0.580818107, -0.813728107, -0.810180664, 0.468017578, 0.352783203, 0.585820569, 0.665996782, 0.461962134, 0, 0, -0, 0, 0, 0, 0, 0.358535449, -0.148350586, -0.162096387, 0.0689388736, 0.0968268236, -0.992852523, 0.284912109, -0.955688477, -0.0734863281, -0.95603902, -0.277777488, -0.0935516467, 0, 2, 5, 1, 
626.312289, 41, 0.1, 0.1, 0.029256379, 0.362129199, -0.0349649249, 0.928230784, -0.372004853, -2.41801136e-005, 0.372004853, 0.928230785, -8.84826945e-006, 2.5736325e-005, -7.81883508e-007, 1, 0.928230593, -0.372005331, -1.12323419e-005, 0.372005331, 0.928230593, -1.51100852e-005, 1.60472356e-005, 9.84715225e-006, 1, 0, 0, 0, 0, 0, 0, 0, 0.291554688, -0.176293701, -0.187920508, -0.0202946389, 0.582201637, -0.812750463, -0.810668945, 0.466186523, 0.354248047, 0.585085182, 0.666148428, 0.462672434, 0, 0, -0, 0, 0, 0, 0, 0.358535449, -0.148350586, -0.162096387, 0.0675396569, 0.0976252289, -0.99284596, 0.286621094, -0.955078125, -0.0744628906, -0.95557237, -0.279534713, -0.0924462725, 0, 2, 5, 1, 
626.312986, 41, 0.1, 0.1, 0.0292563812, 0.362129201, -0.0349659473, 0.928231591, -0.37200284, 1.59039139e-005, 0.37200284, 0.928231591, 7.93989179e-007, -1.50578816e-005, 5.17929531e-006, 1, 0.928231447, -0.372003199, 7.99476133e-006, 0.372003199, 0.928231447, -6.71561665e-006, -4.922758e-006, 9.20772335e-006, 1, 0, 0, 0, 0, 0, 0, 0, 0.291554688, -0.176293701, -0.187920508, -0.0202946389, 0.582201637, -0.812750463, -0.810668945, 0.466186523, 0.354248047, 0.585085182, 0.666148428, 0.462672434, 0, 0, -0, 0, 0, 0, 0, 0.358452686, -0.148781201, -0.162965674, 0.0675396569, 0.0976252289, -0.99284596, 0.286621094, -0.955078125, -0.0744628906, -0.95557237, -0.279534713, -0.0924462725, 0, 2, 5, 1, 
626.313685, 41, 0.1, 0.1, 0.0292563801, 0.362129199, -0.0349680124, 0.928232218, -0.372001275, -1.23314287e-005, 0.372001275, 0.928232218, -9.74318059e-006, 1.50709051e-005, 4.45662692e-006, 1, 0.928232099, -0.372001573, -5.68340126e-006, 0.372001573, 0.928232099, -4.68183266e-006, 7.0171646e-006, 2.23159315e-006, 1, 0, 0, 0, 0, 0, 0, 0, 0.291554688, -0.176293701, -0.187920508, -0.0202946389, 0.582201637, -0.812750463, -0.810668945, 0.466186523, 0.354248047, 0.585085182, 0.666148428, 0.462672434, 0, 0, -0, 0, 0, 0, 0, 0.358452686, -0.148781201, -0.162965674, 0.0675396569, 0.0976252289, -0.99284596, 0.286621094, -0.955078125, -0.0744628906, -0.95557237, -0.279534713, -0.0924462725, 0, 2, 5, 1, 
626.314386, 41, 0.1, 0.1, 0.0292563809, 0.362129197, -0.0349703193, 0.928232817, -0.37199978, 1.76171698e-005, 0.37199978, 0.928232818, 6.76472317e-006, -1.88693107e-005, 2.74345233e-007, 1, 0.928232698, -0.372000078, 7.20566395e-006, 0.372000078, 0.928232698, 1.09721441e-005, -1.07701714e-005, -7.50419538e-006, 1, 0, 0, 0, 0, 0, 0, 0, 0.291554688, -0.176293701, -0.187920508, -0.0202946389, 0.582201637, -0.812750463, -0.810668945, 0.466186523, 0.354248047, 0.585085182, 0.666148428, 0.462672434, 0, 0, -0, 0, 0, 0, 0, 0.358452686, -0.148781201, -0.162965674, 0.0675396569, 0.0976252289, -0.99284596, 0.286621094, -0.955078125, -0.0744628906, -0.95557237, -0.279534713, -0.0924462725, 0, 2, 5, 1, 
626.315082, 41, 0.1, 0.1, 0.0292563788, 0.362129194, -0.0349722652, 0.928233367, -0.37199841, -1.19942805e-005, 0.37199841, 0.928233367, 1.31060124e-006, 1.06459498e-005, -5.67839708e-006, 1, 0.928233269, -0.371998654, -5.98261464e-006, 0.371998654, 0.928233269, 7.01800967e-006, 2.94257179e-006, -8.73987465e-006, 1, 0, 0, 0, 0, 0, 0, 0, 0.291554688, -0.176293701, -0.187920508, -0.0202946389, 0.582201637, -0.812750463, -0.810668945, 0.466186523, 0.354248047, 0.585085182, 0.666148428, 0.462672434, 0, 0, -0, 0, 0, 0, 0, 0.358452686, -0.148781201, -0.162965674, 0.0675396569, 0.0976252289, -0.99284596, 0.286621094, -0.955078125, -0.0744628906, -0.95557237, -0.279534713, -0.0924462725, 0, 2, 5, 1, 
626.315797, 41, 0.1, 0.1, 0.0292563787, 0.362129194, -0.0349731957, 0.928233796, -0.371997338, 1.28501553e-005, 0.371997338, 0.928233796, 1.17482073e-005, -1.62982503e-005, -6.1248595e-006, 1, 0.928233714, -0.371997543, 7.19024843e-006, 0.371997543, 0.928233714, 7.13426885e-006, -9.32816149e-006, -3.94751412e-006, 1, 0, 0, 0, 0, 0, 0, 0, 0.291554688, -0.176293701, -0.187920508, -0.0202946389, 0.582201637, -0.812750463, -0.810668945, 0.466186523, 0.354248047, 0.585085182, 0.666148428, 0.462672434, 0, 0, -0, 0, 0, 0, 0, 0.358452686, -0.148781201, -0.162965674, 0.0675396569, 0.0976252289, -0.99284596, 0.286621094, -0.955078125, -0.0744628906, -0.95557237, -0.279534713, -0.0924462725, 0, 2, 5, 1, 
626.316492, 41, 0.1, 0.1, 0.0292563775, 0.362129193, -0.0349729339, 0.928234194, -0.371996346, -1.54909499e-005, 0.371996346, 0.928234194, -1.35851774e-006, 1.48845931e-005, -4.50155415e-006, 1, 0.928234111, -0.371996553, -5.88245151e-006, 0.371996553, 0.928234111, -5.44446423e-006, 7.48561407e-006, 2.86548573e-006, 1, 0, 0, 0, 0, 0, 0, 0, 0.291554688, -0.176293701, -0.187920508, -0.0202946389, 0.582201637, -0.812750463, -0.810668945, 0.466186523, 0.354248047, 0.585085182, 0.666148428, 0.462672434, 0, 0, -0, 0, 0, 0, 0, 0.358452686, -0.148781201, -0.162965674, 0.0675396569, 0.0976252289, -0.99284596, 0.286621094, -0.955078125, -0.0744628906, -0.95557237, -0.279534713, -0.0924462725, 0, 2, 5, 1, 
626.317215, 41, 0.1, 0.1, 0.029256378, 0.362129193, -0.034971497, 0.928234584, -0.371995371, 1.57249186e-005, 0.371995371, 0.928234585, 4.00876944e-006, -1.6087657e-005, 2.1285185e-006, 1, 0.92823452, -0.371995533, 1.0297085e-005, 0.371995533, 0.92823452, -1.52404253e-006, -8.9911727e-006, 5.24513849e-006, 1, 0, 0, 0, 0, 0, 0, 0, 0.291696021, -0.176455298, -0.188320972, -0.0218309366, 0.583382223, -0.811893386, -0.811401367, 0.463989258, 0.355224609, 0.583968996, 0.666579402, 0.46340183, 0, 0, -0, 0, 0, 0, 0, 0.358666406, -0.148576025, -0.163413867, 0.0670606137, 0.09849363, -0.9928332, 0.290283203, -0.953857422, -0.0750732422, -0.954518035, -0.283125722, -0.0925676741, 0, 2, 5, 1, 
626.31791, 41, 0.1, 0.1, 0.0292563778, 0.362129191, -0.0349695124, 0.928234849, -0.371994711, -1.54269201e-005, 0.37199471, 0.928234849, -1.17865373e-005, 1.87043344e-005, 5.20194204e-006, 1, 0.928234801, -0.371994831, -8.87839853e-006, 0.371994831, 0.928234801, -6.41402683e-006, 1.06272233e-005, 2.65100456e-006, 1, 0, 0, 0, 0, 0, 0, 0, 0.291696021, -0.176455298, -0.188320972, -0.0218309366, 0.583382223, -0.811893386, -0.811401367, 0.463989258, 0.355224609, 0.583968996, 0.666579402, 0.46340183, 0, 0, -0, 0, 0, 0, 0, 0.358666406, -0.148576025, -0.163413867, 0.0670606137, 0.09849363, -0.9928332, 0.290283203, -0.953857422, -0.0750732422, -0.954518035, -0.283125722, -0.0925676741, 0, 2, 5, 1, 
626.318606, 41, 0.1, 0.1, 0.0292563794, 0.362129191, -0.0349677206, 0.928235117, -0.371994042, 1.64685743e-005, 0.371994042, 0.928235117, 1.19065624e-006, -1.5729626e-005, 5.02100259e-006, 1, 0.928235057, -0.371994193, 5.30808232e-006, 0.371994193, 0.928235057, 6.62363821e-006, -7.39110304e-006, -4.17371739e-006, 1, 0, 0, 0, 0, 0, 0, 0, 0.291696021, -0.176455298, -0.188320972, -0.0218309366, 0.583382223, -0.811893386, -0.811401367, 0.463989258, 0.355224609, 0.583968996, 0.666579402, 0.46340183, 0, 0, -0, 0, 0, 0, 0, 0.358666406, -0.148576025, -0.163413867, 0.0670606137, 0.09849363, -0.9928332, 0.290283203, -0.953857422, -0.0750732422, -0.954518035, -0.283125722, -0.0925676741, 0, 2, 5, 1, 
626.319305, 41, 0.1, 0.1, 0.0292563789, 0.362129191, -0.0349665645, 0.928235387, -0.371993368, -1.9955536e-005, 0.371993368, 0.928235387, -6.80867648e-006, 2.10562172e-005, -1.1032726e-006, 1, 0.928235344, -0.371993476, -1.31865067e-005, 0.371993476, 0.928235344, -1.19694151e-007, 1.2284707e-005, -4.79419011e-006, 1, 0, 0, 0, 0, 0, 0, 0, 0.291696021, -0.176455298, -0.188320972, -0.0218309366, 0.583382223, -0.811893386, -0.811401367, 0.463989258, 0.355224609, 0.583968996, 0.666579402, 0.46340183, 0, 0, -0, 0, 0, 0, 0, 0.358666406, -0.148576025, -0.163413867, 0.0670606137, 0.09849363, -0.9928332, 0.290283203, -0.953857422, -0.0750732422, -0.954518035, -0.283125722, -0.0925676741, 0, 2, 5, 1, 
626.320027, 41, 0.1, 0.1, 0.0292563802, 0.362129192, -0.0349660717, 0.928235542, -0.371992983, 1.0359636e-005, 0.371992982, 0.928235542, 1.93270243e-005, -1.68056998e-005, -1.4086319e-005, 1, 0.928235524, -0.371993026, 7.32956413e-006, 0.371993026, 0.928235524, 2.58573225e-006, -7.76543617e-006, 3.26378213e-007, 1, 0, 0, 0, 0, 0, 0, 0, 0.291687964, -0.17641123, -0.188509058, -0.0219455126, 0.584245291, -0.811258348, -0.811889648, 0.463012695, 0.35546875, 0.583245592, 0.666566297, 0.464289985, 0, 0, -0, 0, 0, 0, 0, 0.358526416, -0.148345215, -0.163432666, 0.068089429, 0.0991706337, -0.992692842, 0.292236328, -0.95324707, -0.0751953125, -0.953796189, -0.284895706, -0.0939030916, 0, 2, 5, 1, 
626.320723, 41, 0.1, 0.1, 0.0292563804, 0.362129187, -0.0349666647, 0.928235592, -0.371992857, -1.10646379e-005, 0.371992857, 0.928235592, -1.4793982e-005, 1.57738464e-005, 9.61633437e-006, 1, 0.928235591, -0.371992859, -9.88853311e-006, 0.371992859, 0.928235591, 3.7164108e-006, 7.7964101e-006, -7.12816848e-006, 1, 0, 0, 0, 0, 0, 0, 0, 0.291687964, -0.17641123, -0.188509058, -0.0219455126, 0.584245291, -0.811258348, -0.811889648, 0.463012695, 0.35546875, 0.583245592, 0.666566297, 0.464289985, 0, 0, -0, 0, 0, 0, 0, 0.358526416, -0.148345215, -0.163432666, 0.068089429, 0.0991706337, -0.992692842, 0.292236328, -0.95324707, -0.0751953125, -0.953796189, -0.284895706, -0.0939030916, 0, 2, 5, 1, 
626.321418, 41, 0.1, 0.1, 0.0292563786, 0.362129192, -0.0349680785, 0.928235548, -0.371992965, 1.74497984e-005, 0.371992965, 0.928235549, 9.66428706e-006, -1.979257e-005, -2.47953256e-006, 1, 0.928235566, -0.371992921, 1.48453197e-005, 0.371992921, 0.928235566, -6.70721989e-006, -1.12849154e-005, 1.17482339e-005, 1, 0, 0, 0, 0, 0, 0, 0, 0.291687964, -0.17641123, -0.188509058, -0.0219455126, 0.584245291, -0.811258348, -0.811889648, 0.463012695, 0.35546875, 0.583245592, 0.666566297, 0.464289985, 0, 0, -0, 0, 0, 0, 0, 0.358526416, -0.148345215, -0.163432666, 0.068089429, 0.0991706337, -0.992692842, 0.292236328, -0.95324707, -0.0751953125, -0.953796189, -0.284895706, -0.0939030916, 0, 2, 5, 1, 
626.322116, 41, 0.1, 0.1, 0.029256377, 0.362129189, -0.0349698611, 0.928235427, -0.371993268, -8.07790359e-006, 0.371993267, 0.928235427, -1.51644419e-005, 1.31392666e-005, 1.10712465e-005, 1, 0.928235459, -0.371993189, -5.43843422e-006, 0.371993189, 0.928235459, 1.07187238e-007, 5.00827456e-006, -2.12255548e-006, 1, 0, 0, 0, 0, 0, 0, 0, 0.291687964, -0.17641123, -0.188509058, -0.0219455126, 0.584245291, -0.811258348, -0.811889648, 0.463012695, 0.35546875, 0.583245592, 0.666566297, 0.464289985, 0, 0, -0, 0, 0, 0, 0, 0.358526416, -0.148345215, -0.163432666, 0.068089429, 0.0991706337, -0.992692842, 0.292236328, -0.95324707, -0.0751953125, -0.953796189, -0.284895706, -0.0939030916, 0, 2, 5, 1, 
626.322816, 41, 0.1, 0.1, 0.0292563762, 0.362129192, -0.0349714404, 0.92823525, -0.371993711, 1.06515224e-005, 0.371993711, 0.92823525, 1.16453496e-005, -1.42191154e-005, -6.84732467e-006, 1, 0.928235291, -0.371993608, 9.61303425e-006, 0.371993608, 0.928235291, -3.74756003e-006, -7.52908928e-006, 7.05460477e-006, 1, 0, 0, 0, 0, 0, 0, 0, 0.291687964, -0.17641123, -0.188509058, -0.0219455126, 0.584245291, -0.811258348, -0.811889648, 0.463012695, 0.35546875, 0.583245592, 0.666566297, 0.464289985, 0, 0, -0, 0, 0, 0, 0, 0.358526416, -0.148345215, -0.163432666, 0.068089429, 0.0991706337, -0.992692842, 0.292236328, -0.95324707, -0.0751953125, -0.953796189, -0.284895706, -0.0939030916, 0, 2, 5, 1, 
626.323513, 41, 0.1, 0.1, 0.0292563774, 0.362129188, -0.0349723407, 0.928235018, -0.371994289, -1.56100885e-005, 0.371994289, 0.928235018, -1.00623037e-005, 1.82329503e-005, 3.53331887e-006, 1, 0.92823507, -0.37199416, -1.31201846e-005, 0.37199416, 0.92823507, 3.75334256e-006, 1.07823939e-005, -8.36461623e-006, 1, 0, 0, 0, 0, 0, 0, 0, 0.291687964, -0.17641123, -0.188509058, -0.0219455126, 0.584245291, -0.811258348, -0.811889648, 0.463012695, 0.35546875, 0.583245592, 0.666566297, 0.464289985, 0, 0, -0, 0, 0, 0, 0, 0.358526416, -0.148345215, -0.163432666, 0.068089429, 0.0991706337, -0.992692842, 0.292236328, -0.95324707, -0.0751953125, -0.953796189, -0.284895706, -0.0939030916, 0, 2, 5, 1, 
626.324223, 41, 0.1, 0.1, 0.0292563787, 0.362129189, -0.0349723527, 0.928234738, -0.371994989, 6.23479696e-006, 0.371994988, 0.928234738, 1.63830675e-005, -1.18817741e-005, -1.28880192e-005, 1, 0.928234804, -0.371994822, 3.94789295e-006, 0.371994822, 0.928234804, 6.08836687e-007, -3.89105574e-006, 9.03452335e-007, 1, 0, 0, 0, 0, 0, 0, 0, 0.291687964, -0.17641123, -0.188509058, -0.0232215795, 0.584620098, -0.810959925, -0.81262207, 0.461303711, 0.355834961, 0.582211781, 0.667372077, 0.464613495, 0, 0, -0, 0, 0, 0, 0, 0.358526416, -0.148345215, -0.163432666, 0.068089429, 0.0991706337, -0.992692842, 0.292236328, -0.95324707, -0.0751953125, -0.953796189, -0.284895706, -0.0939030916, 0, 2, 5, 1, 
626.324934, 41, 0.1, 0.1, 0.0292563796, 0.362129185, -0.0349712303, 0.928234423, -0.371995774, -1.1307603e-005, 0.371995774, 0.928234423, -1.13828359e-005, 1.47304732e-005, 6.35955956e-006, 1, 0.928234489, -0.37199561, -1.06513334e-005, 0.371995611, 0.928234489, 4.06902546e-006, 8.37327537e-006, -7.73925903e-006, 1, 0, 0, 0, 0, 0, 0, 0, 0.291619604, -0.176166382, -0.188716064, -0.0232215795, 0.584620098, -0.810959925, -0.81262207, 0.461303711, 0.355834961, 0.582211781, 0.667372077, 0.464613495, 0, 0, -0, 0, 0, 0, 0, 0.358313428, -0.148176172, -0.163659326, 0.0680128701, 0.0992085466, -0.992667322, 0.294921875, -0.952514648, -0.0750732422, -0.953067779, -0.287592061, -0.0941458948, 0, 2, 5, 1, 
626.325634, 41, 0.1, 0.1, 0.0292563777, 0.362129187, -0.0349696919, 0.928234073, -0.371996648, 1.77772952e-005, 0.371996648, 0.928234073, 1.37361962e-005, -2.16113101e-005, -6.1373111e-006, 1, 0.928234148, -0.371996459, 1.50446824e-005, 0.37199646, 0.928234148, -1.55262073e-006, -1.33874185e-005, 7.03776416e-006, 1, 0, 0, 0, 0, 0, 0, 0, 0.291619604, -0.176166382, -0.188716064, -0.0232215795, 0.584620098, -0.810959925, -0.81262207, 0.461303711, 0.355834961, 0.582211781, 0.667372077, 0.464613495, 0, 0, -0, 0, 0, 0, 0, 0.358313428, -0.148176172, -0.163659326, 0.0680128701, 0.0992085466, -0.992667322, 0.294921875, -0.952514648, -0.0750732422, -0.953067779, -0.287592061, -0.0941458948, 0, 2, 5, 1, 
626.326331, 41, 0.1, 0.1, 0.0292563759, 0.362129184, -0.0349682269, 0.928233688, -0.371997609, -7.19252562e-006, 0.371997609, 0.928233687, -1.67369065e-005, 1.29024338e-005, 1.28601581e-005, 1, 0.92823377, -0.371997404, -4.82074654e-006, 0.371997404, 0.92823377, 6.51196709e-008, 4.45055538e-006, -1.85375148e-006, 1, 0, 0, 0, 0, 0, 0, 0, 0.291619604, -0.176166382, -0.188716064, -0.0232215795, 0.584620098, -0.810959925, -0.81262207, 0.461303711, 0.355834961, 0.582211781, 0.667372077, 0.464613495, 0, 0, -0, 0, 0, 0, 0, 0.358313428, -0.148176172, -0.163659326, 0.0680128701, 0.0992085466, -0.992667322, 0.294921875, -0.952514648, -0.0750732422, -0.953067779, -0.287592061, -0.0941458948, 0, 2, 5, 1, 
626.32703, 41, 0.1, 0.1, 0.0292563741, 0.362129188, -0.0349672323, 0.928233271, -0.371998649, 1.50739684e-005, 0.371998649, 0.928233271, 1.30802502e-005, -1.88579944e-005, -6.53402759e-006, 1, 0.928233358, -0.371998432, 1.38812357e-005, 0.371998432, 0.928233358, -4.06120747e-006, -1.13742632e-005, 8.93354618e-006, 1, 0, 0, 0, 0, 0, 0, 0, 0.291619604, -0.176166382, -0.188716064, -0.0232215795, 0.584620098, -0.810959925, -0.81262207, 0.461303711, 0.355834961, 0.582211781, 0.667372077, 0.464613495, 0, 0, -0, 0, 0, 0, 0, 0.358313428, -0.148176172, -0.163659326, 0.0680128701, 0.0992085466, -0.992667322, 0.294921875, -0.952514648, -0.0750732422, -0.953067779, -0.287592061, -0.0941458948, 0, 2, 5, 1, 
626.327724, 41, 0.1, 0.1, 0.0292563747, 0.362129184, -0.0349670458, 0.928232821, -0.371999772, -1.60440323e-005, 0.371999772, 0.928232821, -1.54921836e-005, 2.06556861e-005, 8.41197691e-006, 1, 0.928232917, -0.371999532, -1.29600844e-005, 0.371999532, 0.928232917, 1.59135291e-006, 1.14379944e-005, -6.29829149e-006, 1, 0, 0, 0, 0, 0, 0, 0, 0.291619604, -0.176166382, -0.188716064, -0.0232215795, 0.584620098, -0.810959925, -0.81262207, 0.461303711, 0.355834961, 0.582211781, 0.667372077, 0.464613495, 0, 0, -0, 0, 0, 0, 0, 0.358313428, -0.148176172, -0.163659326, 0.0680128701, 0.0992085466, -0.992667322, 0.294921875, -0.952514648, -0.0750732422, -0.953067779, -0.287592061, -0.0941458948, 0, 2, 5, 1, 
626.328419, 41, 0.1, 0.1, 0.0292563756, 0.362129188, -0.0349676353, 0.928232341, -0.37200097, 9.39756365e-006, 0.37200097, 0.928232341, 1.30845281e-005, -1.35905797e-005, -8.64957938e-006, 1, 0.92823244, -0.372000722, 6.9231796e-006, 0.372000722, 0.92823244, -3.786349e-006, -5.01779534e-006, 6.09003978e-006, 1, 0, 0, 0, 0, 0, 0, 0, 0.291619604, -0.176166382, -0.188716064, -0.0232215795, 0.584620098, -0.810959925, -0.81262207, 0.461303711, 0.355834961, 0.582211781, 0.667372077, 0.464613495, 0, 0, -0, 0, 0, 0, 0, 0.358313428, -0.148176172, -0.163659326, 0.0680128701, 0.0992085466, -0.992667322, 0.294921875, -0.952514648, -0.0750732422, -0.953067779, -0.287592061, -0.0941458948, 0, 2, 5, 1, 
626.329129, 41, 0.1, 0.1, 0.0292563765, 0.362129184, -0.034968713, 0.928231829, -0.372002246, -1.33488023e-005, 0.372002246, 0.928231829, -1.50430118e-005, 1.79868174e-005, 8.99761789e-006, 1, 0.928231933, -0.372001987, -1.19486286e-005, 0.372001987, 0.928231933, 1.22705581e-006, 1.06346315e-005, -5.58390598e-006, 1, 0, 0, 0, 0, 0, 0, 0, 0.291170435, -0.176450049, -0.188989355, -0.0232597715, 0.583389337, -0.81187429, -0.812744141, 0.461669922, 0.355102539, 0.581970646, 0.66818497, 0.463522397, 0, 0, -0, 0, 0, 0, 0, 0.358313428, -0.148176172, -0.163659326, 0.0680128701, 0.0992085466, -0.992667322, 0.294921875, -0.952514648, -0.0750732422, -0.953067779, -0.287592061, -0.0941458948, 0, 2, 5, 1, 
626.329854, 41, 0.1, 0.1, 0.0292563754, 0.362129188, -0.0349696394, 0.928231285, -0.372003603, 1.57075646e-005, 0.372003603, 0.928231285, 1.20170107e-005, -1.90506242e-005, -5.31129463e-006, 1, 0.928231395, -0.372003329, 1.30201221e-005, 0.372003329, 0.928231395, -4.08129297e-006, -1.05674315e-005, 8.63191304e-006, 1, 0, 0, 0, 0, 0, 0, 0, 0.291170435, -0.176450049, -0.188989355, -0.0232597715, 0.583389337, -0.81187429, -0.812744141, 0.461669922, 0.355102539, 0.581970646, 0.66818497, 0.463522397, 0, 0, -0, 0, 0, 0, 0, 0.357658594, -0.148732031, -0.163885742, 0.0682684331, 0.097457885, -0.992827003, 0.294433594, -0.952758789, -0.0733642578, -0.953163661, -0.287285092, -0.0937944499, 0, 2, 5, 1, 
626.330548, 41, 0.1, 0.1, 0.0292563742, 0.362129184, -0.0349703817, 0.928230748, -0.372004944, -8.25143684e-006, 0.372004944, 0.928230748, -1.25316827e-005, 1.23210853e-005, 8.56271791e-006, 1, 0.928230858, -0.372004671, -5.85887932e-006, 0.372004671, 0.928230858, 2.55784016e-006, 4.48686409e-006, -4.55379664e-006, 1, 0, 0, 0, 0, 0, 0, 0, 0.291170435, -0.176450049, -0.188989355, -0.0232597715, 0.583389337, -0.81187429, -0.812744141, 0.461669922, 0.355102539, 0.581970646, 0.66818497, 0.463522397, 0, 0, -0, 0, 0, 0, 0, 0.357658594, -0.148732031, -0.163885742, 0.0682684331, 0.097457885, -0.992827003, 0.294433594, -0.952758789, -0.0733642578, -0.953163661, -0.287285092, -0.0937944499, 0, 2, 5, 1, 
626.331246, 41, 0.1, 0.1, 0.0292563733, 0.362129187, -0.0349708081, 0.928230203, -0.372006304, 1.12686972e-005, 0.372006304, 0.928230203, 1.35435968e-005, -1.54982485e-005, -8.3795492e-006, 1, 0.928230312, -0.372006033, 1.01301065e-005, 0.372006033, 0.928230312, -1.61285517e-006, -8.80308002e-006, 5.26556177e-006, 1, 0, 0, 0, 0, 0, 0, 0, 0.291170435, -0.176450049, -0.188989355, -0.0232597715, 0.583389337, -0.81187429, -0.812744141, 0.461669922, 0.355102539, 0.581970646, 0.66818497, 0.463522397, 0, 0, -0, 0, 0, 0, 0, 0.357658594, -0.148732031, -0.163885742, 0.0682684331, 0.097457885, -0.992827003, 0.294433594, -0.952758789, -0.0733642578, -0.953163661, -0.287285092, -0.0937944499, 0, 2, 5, 1, 
