time, trialNum, realDorsalTactorPos, realVentralTactorPos, boxPosX, boxPosY, boxPosZ, boxLocalRot_11, boxLocalRot_12, boxLocalRot_13, boxLocalRot_21, boxLocalRot_22, boxLocalRot_23, boxLocalRot_31, boxLocalRot_32, boxLocalRot_33, boxGlobalRot_11, boxGlobalRot_12, boxGlobalRot_13, boxGlobalRot_21, boxGlobalRot_22, boxGlobalRot_23, boxGlobalRot_31, boxGlobalRot_32, boxGlobalRot_33, indexForceX, indexForceY, indexForceZ, indexForceGlobalX, indexForceGlobalY, indexForceGlobalZ, indexContact, indexPosX, indexPosY, indexPosZ, indexRot_11, indexRot_12, indexRot_13, indexRot_21, indexRot_22, indexRot_23, indexRot_31, indexRot_32, indexRot_33, thumbForceX, thumbForceY, thumbForceZ, thumbForceGlobalX, thumbForceGlobalY, thumbForceGlobalZ, thumbContact, thumbPosX, thumbPosY, thumbPosZ, thumbRot_11, thumbRot_12, thumbRot_13, thumbRot_21, thumbRot_22, thumbRot_23, thumbRot_31, thumbRot_32, thumbRot_33, manipForceTooHigh, cceExpType, mapping, trialSuccess, 
412.454074, 32, 0.1, 0.1, 0.0254187053, 0.36187608, -0.0349794886, 0.954692631, 4.04282997e-006, 0.29759365, 0.29759365, 3.72142095e-006, -0.954692631, -4.96713122e-006, 1, 2.34969263e-006, 0.954692629, -3.55018642e-006, 0.297593657, 0.297593657, -1.23664013e-006, -0.954692629, 3.75735307e-006, 1, -1.24098258e-007, 0, 0, 0, 0, 0, 0, 0, 0.306804199, -0.219095483, -0.208907056, 0.0835081755, 0.360192316, -0.929081481, -0.981567383, 0.190063477, -0.0145263672, 0.171419954, 0.913271418, 0.369617532, 0, 0, 0, 0, 0, 0, 0, 0.36541084, -0.175364111, -0.178661377, 0.351351441, -0.129693982, -0.927135125, -0.155273438, -0.984619141, 0.0788574219, -0.923164952, 0.116353143, -0.36612962, 0, 2, 5, 1, 
412.504013, 32, 0.1, 0.1, 0.0254186526, 0.361876218, -0.0349681876, 0.9546935, -8.04794307e-006, 0.297590862, 0.297590862, 1.62327098e-005, -0.9546935, 2.85261283e-006, 1, 1.78922568e-005, 0.954693502, -7.52051825e-006, 0.297590854, 0.297590854, 1.36761819e-005, -0.954693502, 3.10988327e-006, 1, 1.52945994e-005, 0, 0, 0, 0, 0, 0, 0, 0.304924854, -0.215301782, -0.210073779, 0.078038458, 0.367882422, -0.926565296, -0.981811523, 0.189453125, -0.00744628905, 0.17278064, 0.910323138, 0.376140156, 0, 0, 0, 0, 0, 0, 0, 0.362811328, -0.172352051, -0.1803, 0.343472731, -0.121745275, -0.931152671, -0.153198242, -0.985473633, 0.0723876953, -0.926447892, 0.117802299, -0.357100693, 0, 2, 5, 1, 
412.504703, 32, 0.1, 0.1, 0.0254186515, 0.36187622, -0.0349688615, 0.954693502, 8.07138238e-006, 0.297590855, 0.297590855, -1.67589204e-005, -0.954693502, -2.71839486e-006, 1, -1.8401602e-005, 0.954693503, 2.46333756e-006, 0.297590851, 0.297590851, -1.6507379e-005, -0.954693503, 2.56071259e-006, 1, -1.64925542e-005, 0, 0, 0, 0, 0, 0, 0, 0.304924854, -0.215301782, -0.210073779, 0.078038458, 0.367882422, -0.926565296, -0.981811523, 0.189453125, -0.00744628905, 0.17278064, 0.910323138, 0.376140156, 0, 0, 0, 0, 0, 0, 0, 0.362811328, -0.172352051, -0.1803, 0.343472731, -0.121745275, -0.931152671, -0.153198242, -0.985473633, 0.0723876953, -0.926447892, 0.117802299, -0.357100693, 0, 2, 5, 1, 
412.505402, 32, 0.1, 0.1, 0.0254186516, 0.36187622, -0.0349697588, 0.954693506, -4.10817018e-006, 0.297590842, 0.297590842, 1.96972857e-005, -0.954693506, -1.93968846e-006, 1, 2.00274246e-005, 0.954693502, -3.34399309e-006, 0.297590855, 0.297590855, 1.75133589e-005, -0.954693502, -2.01932699e-006, 1, 1.77150317e-005, 0, 0, 0, 0, 0, 0, 0, 0.304924854, -0.215301782, -0.210073779, 0.078038458, 0.367882422, -0.926565296, -0.981811523, 0.189453125, -0.00744628905, 0.17278064, 0.910323138, 0.376140156, 0, 0, 0, 0, 0, 0, 0, 0.362811328, -0.172352051, -0.1803, 0.343472731, -0.121745275, -0.931152671, -0.153198242, -0.985473633, 0.0723876953, -0.926447892, 0.117802299, -0.357100693, 0, 2, 5, 1, 
412.506151, 32, 0.1, 0.1, 0.0254186511, 0.361876222, -0.0349700633, 0.954693509, 3.65591102e-006, 0.297590833, 0.297590833, -1.90268279e-005, -0.954693509, 2.17193506e-006, 1, -1.92527547e-005, 0.954693507, 7.82851566e-006, 0.297590839, 0.297590839, -1.58178043e-005, -0.954693507, -2.76659943e-006, 1, -1.74308496e-005, 0, 0, 0, 0, 0, 0, 0, 0.305184961, -0.21485603, -0.20940271, 0.0789004042, 0.367838238, -0.9265462, -0.982177734, 0.1875, -0.00915527343, 0.170419466, 0.910824503, 0.376260723, 0, 0, 0, 0, 0, 0, 0, 0.363054346, -0.171403662, -0.180086768, 0.343875215, -0.120141901, -0.931261313, -0.150390625, -0.985961914, 0.0717773438, -0.926773818, 0.115393224, -0.357234854, 0, 2, 5, 1, 
412.50684, 32, 0.1, 0.1, 0.0254186508, 0.361876222, -0.0349701245, 0.954693507, -6.41655911e-006, 0.297590839, 0.297590839, 1.6883247e-005, -0.954693507, 1.1015477e-006, 1, 1.80278355e-005, 0.954693511, -5.94731909e-006, 0.297590828, 0.297590828, 1.46644033e-005, -0.954693511, 1.31387504e-006, 1, 1.57698783e-005, 0, 0, 0, 0, 0, 0, 0, 0.305184961, -0.21485603, -0.20940271, 0.0789004042, 0.367838238, -0.9265462, -0.982177734, 0.1875, -0.00915527343, 0.170419466, 0.910824503, 0.376260723, 0, 0, 0, 0, 0, 0, 0, 0.363054346, -0.171403662, -0.180086768, 0.343875215, -0.120141901, -0.931261313, -0.150390625, -0.985961914, 0.0717773438, -0.926773818, 0.115393224, -0.357234854, 0, 2, 5, 1, 
412.507529, 32, 0.1, 0.1, 0.0254186494, 0.361876224, -0.0349701355, 0.954693504, 8.85134966e-006, 0.297590848, 0.297590848, -1.52664334e-005, -0.954693504, -3.90717516e-006, 1, -1.72088455e-005, 0.954693506, 3.53365802e-006, 0.297590842, 0.297590842, -1.49273742e-005, -0.954693506, 1.06868949e-006, 1, -1.53026515e-005, 0, 0, 0, 0, 0, 0, 0, 0.305184961, -0.21485603, -0.20940271, 0.0789004042, 0.367838238, -0.9265462, -0.982177734, 0.1875, -0.00915527343, 0.170419466, 0.910824503, 0.376260723, 0, 0, 0, 0, 0, 0, 0, 0.363054346, -0.171403662, -0.180086768, 0.343875215, -0.120141901, -0.931261313, -0.150390625, -0.985961914, 0.0717773438, -0.926773818, 0.115393224, -0.357234854, 0, 2, 5, 1, 
412.508254, 32, 0.1, 0.1, 0.0254186493, 0.361876222, -0.0349698685, 0.954693506, -3.22620241e-006, 0.297590843, 0.297590843, 2.10312716e-005, -0.954693506, -3.17867937e-006, 1, 2.10385067e-005, 0.954693502, -2.43802836e-006, 0.297590856, 0.297590856, 1.92002671e-005, -0.954693502, -3.38625409e-006, 1, 1.90559052e-005, 0, 0, 0, 0, 0, 0, 0, 0.305184961, -0.21485603, -0.20940271, 0.0789004042, 0.367838238, -0.9265462, -0.982177734, 0.1875, -0.00915527343, 0.170419466, 0.910824503, 0.376260723, 0, 0, 0, 0, 0, 0, 0, 0.363054346, -0.171403662, -0.180086768, 0.343875215, -0.120141901, -0.931261313, -0.150390625, -0.985961914, 0.0717773438, -0.926773818, 0.115393224, -0.357234854, 0, 2, 5, 1, 
412.508952, 32, 0.1, 0.1, 0.0254186486, 0.361876224, -0.0349694071, 0.95469351, 3.07412182e-006, 0.29759083, 0.29759083, -1.71687508e-005, -0.95469351, 2.17441866e-006, 1, -1.73057254e-005, 0.954693507, 7.54326814e-006, 0.297590838, 0.297590839, -1.32167453e-005, -0.954693507, -3.26832681e-006, 1, -1.48627484e-005, 0, 0, 0, 0, 0, 0, 0, 0.305184961, -0.21485603, -0.20940271, 0.0789004042, 0.367838238, -0.9265462, -0.982177734, 0.1875, -0.00915527343, 0.170419466, 0.910824503, 0.376260723, 0, 0, 0, 0, 0, 0, 0, 0.363054346, -0.171403662, -0.180086768, 0.343875215, -0.120141901, -0.931261313, -0.150390625, -0.985961914, 0.0717773438, -0.926773818, 0.115393224, -0.357234854, 0, 2, 5, 1, 
412.509635, 32, 0.1, 0.1, 0.0254186486, 0.361876224, -0.0349691126, 0.954693511, -6.97936408e-006, 0.297590826, 0.297590826, 1.68063801e-005, -0.954693511, 1.66172907e-006, 1, 1.81219368e-005, 0.954693514, -6.56019667e-006, 0.297590816, 0.297590816, 1.50462263e-005, -0.954693514, 1.78535845e-006, 1, 1.63167889e-005, 0, 0, 0, 0, 0, 0, 0, 0.305184961, -0.21485603, -0.20940271, 0.0789004042, 0.367838238, -0.9265462, -0.982177734, 0.1875, -0.00915527343, 0.170419466, 0.910824503, 0.376260723, 0, 0, 0, 0, 0, 0, 0, 0.363054346, -0.171403662, -0.180086768, 0.343875215, -0.120141901, -0.931261313, -0.150390625, -0.985961914, 0.0717773438, -0.926773818, 0.115393224, -0.357234854, 0, 2, 5, 1, 
412.51034, 32, 0.1, 0.1, 0.0254186471, 0.361876227, -0.0349690815, 0.95469351, 9.36157747e-006, 0.297590828, 0.297590828, -1.88554858e-005, -0.95469351, -3.32621762e-006, 1, -2.07871295e-005, 0.954693512, 3.37870679e-006, 0.297590822, 0.297590822, -1.81534882e-005, -0.954693512, 2.17668202e-006, 1, -1.83364895e-005, 0, 0, 0, 0, 0, 0, 0, 0.305184961, -0.21485603, -0.20940271, 0.0789004042, 0.367838238, -0.9265462, -0.982177734, 0.1875, -0.00915527343, 0.170419466, 0.910824503, 0.376260723, 0, 0, 0, 0, 0, 0, 0, 0.363054346, -0.171403662, -0.180086768, 0.343875215, -0.120141901, -0.931261313, -0.150390625, -0.985961914, 0.0717773438, -0.926773818, 0.115393224, -0.357234854, 0, 2, 5, 1, 
412.511074, 32, 0.1, 0.1, 0.0254186471, 0.361876226, -0.0349686719, 0.954693512, -3.96409452e-006, 0.297590823, 0.297590823, 1.8537894e-005, -0.954693512, -1.73221181e-006, 1, 1.88776853e-005, 0.954693508, -3.16398628e-006, 0.297590835, 0.297590835, 1.67556442e-005, -0.954693508, -1.965689e-006, 1, 1.69380781e-005, 0, 0, 0, 0, 0, 0, 0, 0.305248193, -0.214471313, -0.20852793, 0.0802386287, 0.366588381, -0.926838631, -0.982299805, 0.186401367, -0.0112304687, 0.168724409, 0.911516829, 0.375194712, 0, 0, 0, 0, 0, 0, 0, 0.363077539, -0.170752734, -0.179856934, 0.344252179, -0.120001543, -0.931127152, -0.149047852, -0.986083984, 0.0720214844, -0.92685694, 0.114057806, -0.357343496, 0, 2, 5, 1, 
412.511761, 32, 0.1, 0.1, 0.0254186467, 0.361876229, -0.0349686008, 0.954693517, 2.61207929e-006, 0.297590809, 0.297590809, -2.00386086e-005, -0.954693516, 3.46957057e-006, 1, -1.99080605e-005, 0.954693514, 6.90090876e-006, 0.297590817, 0.297590817, -1.63040917e-005, -0.954693514, -1.73630486e-006, 1, -1.76190577e-005, 0, 0, 0, 0, 0, 0, 0, 0.305248193, -0.214471313, -0.20852793, 0.0802386287, 0.366588381, -0.926838631, -0.982299805, 0.186401367, -0.0112304687, 0.168724409, 0.911516829, 0.375194712, 0, 0, 0, 0, 0, 0, 0, 0.363077539, -0.170752734, -0.179856934, 0.344252179, -0.120001543, -0.931127152, -0.149047852, -0.986083984, 0.0720214844, -0.92685694, 0.114057806, -0.357343496, 0, 2, 5, 1, 
412.51245, 32, 0.1, 0.1, 0.0254186469, 0.361876229, -0.0349689567, 0.954693518, -7.68756493e-006, 0.297590805, 0.297590805, 1.58758601e-005, -0.954693518, 2.61475841e-006, 1, 1.74443294e-005, 0.954693521, -7.21065885e-006, 0.297590795, 0.297590795, 1.37745136e-005, -0.954693521, 2.78480084e-006, 1, 1.52962646e-005, 0, 0, 0, 0, 0, 0, 0, 0.305248193, -0.214471313, -0.20852793, 0.0802386287, 0.366588381, -0.926838631, -0.982299805, 0.186401367, -0.0112304687, 0.168724409, 0.911516829, 0.375194712, 0, 0, 0, 0, 0, 0, 0, 0.363077539, -0.170752734, -0.179856934, 0.344252179, -0.120001543, -0.931127152, -0.149047852, -0.986083984, 0.0720214844, -0.92685694, 0.114057806, -0.357343496, 0, 2, 5, 1, 
412.513174, 32, 0.1, 0.1, 0.0254186457, 0.361876232, -0.0349693356, 0.954693519, 8.27381989e-006, 0.297590802, 0.297590802, -2.01993106e-005, -0.954693518, -1.88783319e-006, 1, -2.17463636e-005, 0.95469352, 2.82776752e-006, 0.297590798, 0.297590798, -1.99081793e-005, -0.95469352, 3.22483963e-006, 1, -1.98477274e-005, 0, 0, 0, 0, 0, 0, 0, 0.305248193, -0.214471313, -0.20852793, 0.0802386287, 0.366588381, -0.926838631, -0.982299805, 0.186401367, -0.0112304687, 0.168724409, 0.911516829, 0.375194712, 0, 0, 0, 0, 0, 0, 0, 0.363077539, -0.170752734, -0.179856934, 0.344252179, -0.120001543, -0.931127152, -0.149047852, -0.986083984, 0.0720214844, -0.92685694, 0.114057806, -0.357343496, 0, 2, 5, 1, 
412.513864, 32, 0.1, 0.1, 0.0254186458, 0.361876233, -0.034969711, 0.954693522, -3.88350979e-006, 0.297590791, 0.297590791, 1.62450799e-005, -0.954693522, -1.12682453e-006, 1, 1.66647693e-005, 0.954693518, -2.9836483e-006, 0.297590803, 0.297590803, 1.38592735e-005, -0.954693518, -1.27592264e-006, 1, 1.41192648e-005, 0, 0, 0, 0, 0, 0, 0, 0.305248193, -0.214471313, -0.20852793, 0.0802386287, 0.366588381, -0.926838631, -0.982299805, 0.186401367, -0.0112304687, 0.168724409, 0.911516829, 0.375194712, 0, 0, 0, 0, 0, 0, 0, 0.363077539, -0.170752734, -0.179856934, 0.344252179, -0.120001543, -0.931127152, -0.149047852, -0.986083984, 0.0720214844, -0.92685694, 0.114057806, -0.357343496, 0, 2, 5, 1, 
412.514551, 32, 0.1, 0.1, 0.0254186456, 0.361876235, -0.0349701432, 0.954693527, 1.86622669e-006, 0.297590776, 0.297590776, -1.79257572e-005, -0.954693527, 3.55286547e-006, 1, -1.76689762e-005, 0.954693524, 6.07604986e-006, 0.297590784, 0.297590784, -1.47818105e-005, -0.954693524, -1.4018349e-006, 1, -1.59202752e-005, 0, 0, 0, 0, 0, 0, 0, 0.305248193, -0.214471313, -0.20852793, 0.0802386287, 0.366588381, -0.926838631, -0.982299805, 0.186401367, -0.0112304687, 0.168724409, 0.911516829, 0.375194712, 0, 0, 0, 0, 0, 0, 0, 0.363077539, -0.170752734, -0.179856934, 0.344252179, -0.120001543, -0.931127152, -0.149047852, -0.986083984, 0.0720214844, -0.92685694, 0.114057806, -0.357343496, 0, 2, 5, 1, 
412.515269, 32, 0.1, 0.1, 0.0254186462, 0.361876234, -0.0349704073, 0.954693527, -8.70252102e-006, 0.297590776, 0.297590776, 1.84597276e-005, -0.954693527, 2.81479582e-006, 1, 2.02131725e-005, 0.95469353, -8.22356603e-006, 0.297590765, 0.297590765, 1.60406833e-005, -0.95469353, 3.07742607e-006, 1, 1.77611939e-005, 0, 0, 0, 0, 0, 0, 0, 0.305248193, -0.214471313, -0.20852793, 0.0802386287, 0.366588381, -0.926838631, -0.982299805, 0.186401367, -0.0112304687, 0.168724409, 0.911516829, 0.375194712, 0, 0, 0, 0, 0, 0, 0, 0.363077539, -0.170752734, -0.179856934, 0.344252179, -0.120001543, -0.931127152, -0.149047852, -0.986083984, 0.0720214844, -0.92685694, 0.114057806, -0.357343496, 0, 2, 5, 1, 
412.515999, 32, 0.1, 0.1, 0.0254186451, 0.361876236, -0.034969798, 0.954693527, 8.01684479e-006, 0.297590777, 0.297590777, -1.55127339e-005, -0.954693526, -3.0371833e-006, 1, -1.71956457e-005, 0.954693528, 2.58137168e-006, 0.297590772, 0.297590772, -1.5197033e-005, -0.954693528, 2.05807794e-006, 1, -1.52767014e-005, 0, 0, 0, 0, 0, 0, 0, 0.304859326, -0.215023633, -0.207904102, 0.0813619275, 0.364475455, -0.927626437, -0.982177734, 0.186889648, -0.0126953125, 0.16879368, 0.912222259, 0.373342018, 0, 0, 0, 0, 0, 0, 0, 0.362409521, -0.170824023, -0.179628809, 0.34423942, -0.121119677, -0.93098023, -0.149536133, -0.985961914, 0.0729980469, -0.926735538, 0.114185771, -0.357573539, 0, 2, 5, 1, 
412.516686, 32, 0.1, 0.1, 0.0254186452, 0.361876235, -0.0349692635, 0.954693529, -3.64260712e-006, 0.297590768, 0.297590768, 1.93561169e-005, -0.954693529, -2.28262824e-006, 1, 1.95631658e-005, 0.954693525, -2.88726486e-006, 0.29759078, 0.29759078, 1.74821666e-005, -0.954693525, -2.44607854e-006, 1, 1.75493347e-005, 0, 0, 0, 0, 0, 0, 0, 0.304859326, -0.215023633, -0.207904102, 0.0813619275, 0.364475455, -0.927626437, -0.982177734, 0.186889648, -0.0126953125, 0.16879368, 0.912222259, 0.373342018, 0, 0, 0, 0, 0, 0, 0, 0.362409521, -0.170824023, -0.179628809, 0.34423942, -0.121119677, -0.93098023, -0.149536133, -0.985961914, 0.0729980469, -0.926735538, 0.114185771, -0.357573539, 0, 2, 5, 1, 
412.517386, 32, 0.1, 0.1, 0.0254186448, 0.361876237, -0.0349689401, 0.954693533, 2.90211405e-006, 0.297590756, 0.297590756, -1.85781129e-005, -0.954693533, 2.75804514e-006, 1, -1.86000466e-005, 0.954693531, 7.21045025e-006, 0.297590763, 0.297590763, -1.49166785e-005, -0.954693531, -2.44470446e-006, 1, -1.63866199e-005, 0, 0, 0, 0, 0, 0, 0, 0.304859326, -0.215023633, -0.207904102, 0.0813619275, 0.364475455, -0.927626437, -0.982177734, 0.186889648, -0.0126953125, 0.16879368, 0.912222259, 0.373342018, 0, 0, 0, 0, 0, 0, 0, 0.362409521, -0.170824023, -0.179628809, 0.34423942, -0.121119677, -0.93098023, -0.149536133, -0.985961914, 0.0729980469, -0.926735538, 0.114185771, -0.357573539, 0, 2, 5, 1, 
412.518105, 32, 0.1, 0.1, 0.0254186448, 0.361876236, -0.0349685802, 0.954693534, -7.57689656e-006, 0.297590753, 0.297590753, 1.91924469e-005, -0.954693534, 1.52211942e-006, 1, 2.05777193e-005, 0.954693537, -7.18479971e-006, 0.297590742, 0.297590742, 1.73832752e-005, -0.954693537, 1.6861801e-006, 1, 1.87338303e-005, 0, 0, 0, 0, 0, 0, 0, 0.304859326, -0.215023633, -0.207904102, 0.0813619275, 0.364475455, -0.927626437, -0.982177734, 0.186889648, -0.0126953125, 0.16879368, 0.912222259, 0.373342018, 0, 0, 0, 0, 0, 0, 0, 0.362409521, -0.170824023, -0.179628809, 0.34423942, -0.121119677, -0.93098023, -0.149536133, -0.985961914, 0.0729980469, -0.926735538, 0.114185771, -0.357573539, 0, 2, 5, 1, 
412.518792, 32, 0.1, 0.1, 0.0254186436, 0.361876238, -0.0349685766, 0.954693531, 8.91586368e-006, 0.297590761, 0.297590761, -1.72384846e-005, -0.954693531, -3.38190362e-006, 1, -1.91107484e-005, 0.954693534, 3.19625921e-006, 0.297590754, 0.297590754, -1.63923164e-005, -0.954693533, 1.8267538e-006, 1, -1.66008157e-005, 0, 0, 0, 0, 0, 0, 0, 0.304859326, -0.215023633, -0.207904102, 0.0813619275, 0.364475455, -0.927626437, -0.982177734, 0.186889648, -0.0126953125, 0.16879368, 0.912222259, 0.373342018, 0, 0, 0, 0, 0, 0, 0, 0.362409521, -0.170824023, -0.179628809, 0.34423942, -0.121119677, -0.93098023, -0.149536133, -0.985961914, 0.0729980469, -0.926735538, 0.114185771, -0.357573539, 0, 2, 5, 1, 
412.519479, 32, 0.1, 0.1, 0.0254186434, 0.361876237, -0.0349690101, 0.954693532, -2.88153691e-006, 0.29759076, 0.29759076, 1.69801789e-005, -0.954693532, -2.30215969e-006, 1, 1.70683857e-005, 0.954693529, -2.09243898e-006, 0.29759077, 0.29759077, 1.51258218e-005, -0.954693528, -2.503667e-006, 1, 1.50632147e-005, 0, 0, 0, 0, 0, 0, 0, 0.304859326, -0.215023633, -0.207904102, 0.0813619275, 0.364475455, -0.927626437, -0.982177734, 0.186889648, -0.0126953125, 0.16879368, 0.912222259, 0.373342018, 0, 0, 0, 0, 0, 0, 0, 0.362409521, -0.170824023, -0.179628809, 0.34423942, -0.121119677, -0.93098023, -0.149536133, -0.985961914, 0.0729980469, -0.926735538, 0.114185771, -0.357573539, 0, 2, 5, 1, 
412.52022, 32, 0.1, 0.1, 0.0254186425, 0.361876241, -0.0349695031, 0.954693534, 3.57980091e-006, 0.297590751, 0.297590751, -2.24425111e-005, -0.954693534, 3.26107096e-006, 1, -2.24910359e-005, 0.954693532, 8.53046223e-006, 0.29759076, 0.29759076, -1.84011249e-005, -0.954693532, -2.66797238e-006, 1, -2.01060216e-005, 0, 0, 0, 0, 0, 0, 0, 0.304859326, -0.215023633, -0.207904102, 0.0820602446, 0.362946271, -0.928217291, -0.982055664, 0.18762207, -0.0134277344, 0.169301037, 0.912711642, 0.371952497, 0, 0, 0, 0, 0, 0, 0, 0.362409521, -0.170824023, -0.179628809, 0.34423942, -0.121119677, -0.93098023, -0.149536133, -0.985961914, 0.0729980469, -0.926735538, 0.114185771, -0.357573539, 0, 2, 5, 1, 
412.520956, 32, 0.1, 0.1, 0.0254186425, 0.361876242, -0.0349694235, 0.954693536, -6.92460321e-006, 0.297590746, 0.297590746, 1.48181026e-005, -0.954693536, 2.20114373e-006, 1, 1.62074446e-005, 0.954693539, -6.32028364e-006, 0.297590736, 0.297590736, 1.20367733e-005, -0.954693539, 2.45190172e-006, 1, 1.33722876e-005, 0, 0, 0, 0, 0, 0, 0, 0.304226831, -0.215323535, -0.207492041, 0.0820602446, 0.362946271, -0.928217291, -0.982055664, 0.18762207, -0.0134277344, 0.169301037, 0.912711642, 0.371952497, 0, 0, 0, 0, 0, 0, 0, 0.362249512, -0.171331543, -0.179172803, 0.345050951, -0.12231437, -0.930501187, -0.150878906, -0.985717773, 0.0736083984, -0.926282015, 0.115042145, -0.358627874, 0, 2, 5, 1, 
412.52166, 32, 0.1, 0.1, 0.025418641, 0.361876244, -0.0349689641, 0.954693537, 8.9441771e-006, 0.297590742, 0.297590742, -1.78714859e-005, -0.954693537, -3.22055932e-006, 1, -1.97234964e-005, 0.954693538, 3.6476324e-006, 0.297590739, 0.297590739, -1.78701598e-005, -0.954693538, 1.83562298e-006, 1, -1.81460277e-005, 0, 0, 0, 0, 0, 0, 0, 0.304226831, -0.215323535, -0.207492041, 0.0820602446, 0.362946271, -0.928217291, -0.982055664, 0.18762207, -0.0134277344, 0.169301037, 0.912711642, 0.371952497, 0, 0, 0, 0, 0, 0, 0, 0.362249512, -0.171331543, -0.179172803, 0.345050951, -0.12231437, -0.930501187, -0.150878906, -0.985717773, 0.0736083984, -0.926282015, 0.115042145, -0.358627874, 0, 2, 5, 1, 
412.522367, 32, 0.1, 0.1, 0.0254186412, 0.361876243, -0.0349687836, 0.954693542, -4.34578612e-006, 0.297590727, 0.297590727, 2.02391337e-005, -0.954693542, -1.87408457e-006, 1, 2.06154359e-005, 0.954693538, -3.24780262e-006, 0.297590741, 0.297590741, 1.77066448e-005, -0.954693537, -2.16867738e-006, 1, 1.78709353e-005, 0, 0, 0, 0, 0, 0, 0, 0.304226831, -0.215323535, -0.207492041, 0.0820602446, 0.362946271, -0.928217291, -0.982055664, 0.18762207, -0.0134277344, 0.169301037, 0.912711642, 0.371952497, 0, 0, 0, 0, 0, 0, 0, 0.362249512, -0.171331543, -0.179172803, 0.345050951, -0.12231437, -0.930501187, -0.150878906, -0.985717773, 0.0736083984, -0.926282015, 0.115042145, -0.358627874, 0, 2, 5, 1, 
412.523117, 32, 0.1, 0.1, 0.0254186414, 0.361876245, -0.03496824, 0.954693546, 7.51885562e-007, 0.297590713, 0.297590713, -1.88045066e-005, -0.954693546, 4.87822623e-006, 1, -1.81762952e-005, 0.954693544, 5.77324499e-006, 0.297590721, 0.297590722, -1.50755919e-005, -0.954693544, -1.02532346e-006, 1, -1.61106344e-005, 0, 0, 0, 0, 0, 0, 0, 0.304256616, -0.215600366, -0.207062402, 0.0826188984, 0.36188026, -0.928490627, -0.981933594, 0.188232422, -0.0140380859, 0.169706923, 0.913004074, 0.371007053, 0, 0, 0, 0, 0, 0, 0, 0.362322754, -0.171394287, -0.178716797, 0.345971125, -0.123496303, -0.930022144, -0.151977539, -0.985473633, 0.07421875, -0.92569433, 0.115777118, -0.359682209, 0, 2, 5, 1, 
412.523808, 32, 0.1, 0.1, 0.0254186424, 0.361876244, -0.0349680182, 0.954693547, -9.97655142e-006, 0.29759071, 0.29759071, 1.93697323e-005, -0.954693547, 3.76029687e-006, 1, 2.14610875e-005, 0.95469355, -9.52184594e-006, 0.2975907, 0.2975907, 1.71322309e-005, -0.95469355, 3.99205233e-006, 1, 1.91896431e-005, 0, 0, 0, 0, 0, 0, 0, 0.304256616, -0.215600366, -0.207062402, 0.0826188984, 0.36188026, -0.928490627, -0.981933594, 0.188232422, -0.0140380859, 0.169706923, 0.913004074, 0.371007053, 0, 0, 0, 0, 0, 0, 0, 0.362322754, -0.171394287, -0.178716797, 0.345971125, -0.123496303, -0.930022144, -0.151977539, -0.985473633, 0.07421875, -0.92569433, 0.115777118, -0.359682209, 0, 2, 5, 1, 
412.524503, 32, 0.1, 0.1, 0.0254186418, 0.361876246, -0.0349683096, 0.954693546, 7.19672372e-006, 0.297590713, 0.297590713, -1.61053067e-005, -0.954693546, -2.077876e-006, 1, -1.75173105e-005, 0.954693548, 1.38012283e-006, 0.297590707, 0.297590707, -1.54647466e-005, -0.954693548, 3.28457051e-006, 1, -1.51748055e-005, 0, 0, 0, 0, 0, 0, 0, 0.304256616, -0.215600366, -0.207062402, 0.0826188984, 0.36188026, -0.928490627, -0.981933594, 0.188232422, -0.0140380859, 0.169706923, 0.913004074, 0.371007053, 0, 0, 0, 0, 0, 0, 0, 0.362322754, -0.171394287, -0.178716797, 0.345971125, -0.123496303, -0.930022144, -0.151977539, -0.985473633, 0.07421875, -0.92569433, 0.115777118, -0.359682209, 0, 2, 5, 1, 
412.525232, 32, 0.1, 0.1, 0.0254186425, 0.361876244, -0.0349687224, 0.954693548, -5.03974476e-006, 0.297590709, 0.297590709, 2.0888718e-005, -0.954693547, -1.40487658e-006, 1, 2.14421055e-005, 0.954693544, -4.56982588e-006, 0.297590721, 0.297590721, 1.92656488e-005, -0.954693544, -1.37049505e-006, 1, 1.97527283e-005, 0, 0, 0, 0, 0, 0, 0, 0.304256616, -0.215600366, -0.207062402, 0.0826188984, 0.36188026, -0.928490627, -0.981933594, 0.188232422, -0.0140380859, 0.169706923, 0.913004074, 0.371007053, 0, 0, 0, 0, 0, 0, 0, 0.362322754, -0.171394287, -0.178716797, 0.345971125, -0.123496303, -0.930022144, -0.151977539, -0.985473633, 0.07421875, -0.92569433, 0.115777118, -0.359682209, 0, 2, 5, 1, 
412.52592, 32, 0.1, 0.1, 0.0254186422, 0.361876246, -0.0349693523, 0.954693553, 2.93515894e-006, 0.297590691, 0.297590691, -1.85579002e-005, -0.954693553, 2.72048104e-006, 1, -1.85905837e-005, 0.95469355, 6.86016216e-006, 0.2975907, 0.2975907, -1.44342317e-005, -0.95469355, -2.25385944e-006, 1, -1.58217884e-005, 0, 0, 0, 0, 0, 0, 0, 0.304256616, -0.215600366, -0.207062402, 0.0826188984, 0.36188026, -0.928490627, -0.981933594, 0.188232422, -0.0140380859, 0.169706923, 0.913004074, 0.371007053, 0, 0, 0, 0, 0, 0, 0, 0.362322754, -0.171394287, -0.178716797, 0.345971125, -0.123496303, -0.930022144, -0.151977539, -0.985473633, 0.07421875, -0.92569433, 0.115777118, -0.359682209, 0, 2, 5, 1, 
412.526609, 32, 0.1, 0.1, 0.0254186421, 0.361876246, -0.034970132, 0.954693555, -5.77251858e-006, 0.297590686, 0.297590687, 1.44709206e-005, -0.954693555, 1.20457509e-006, 1, 1.55331424e-005, 0.954693557, -5.5214409e-006, 0.297590677, 0.297590678, 1.27042935e-005, -0.954693557, 1.49060473e-006, 1, 1.37718365e-005, 0, 0, 0, 0, 0, 0, 0, 0.304256616, -0.215600366, -0.207062402, 0.0826188984, 0.36188026, -0.928490627, -0.981933594, 0.188232422, -0.0140380859, 0.169706923, 0.913004074, 0.371007053, 0, 0, 0, 0, 0, 0, 0, 0.362322754, -0.171394287, -0.178716797, 0.345971125, -0.123496303, -0.930022144, -0.151977539, -0.985473633, 0.07421875, -0.92569433, 0.115777118, -0.359682209, 0, 2, 5, 1, 
412.527346, 32, 0.1, 0.1, 0.0254186401, 0.36187625, -0.0349706272, 0.954693554, 1.07908588e-005, 0.297590688, 0.297590688, -2.00843108e-005, -0.954693554, -4.32505947e-006, 1, -2.23856211e-005, 0.954693556, 4.59278254e-006, 0.297590681, 0.297590681, -1.95799575e-005, -0.954693556, 1.44211299e-006, 1, -2.00596285e-005, 0, 0, 0, 0, 0, 0, 0, 0.304256616, -0.215600366, -0.207062402, 0.0828862424, 0.360211412, -0.929100577, -0.981567383, 0.189941406, -0.0139160156, 0.171394867, 0.913391985, 0.369496965, 0, 0, 0, 0, 0, 0, 0, 0.362322754, -0.171394287, -0.178716797, 0.345971125, -0.123496303, -0.930022144, -0.151977539, -0.985473633, 0.07421875, -0.92569433, 0.115777118, -0.359682209, 0, 2, 5, 1, 
412.528051, 32, 0.1, 0.1, 0.0254186393, 0.36187625, -0.0349702963, 0.954693554, -1.40457123e-006, 0.297590687, 0.297590687, 1.51234787e-005, -0.954693554, -3.15967131e-006, 1, 1.48562749e-005, 0.954693551, -4.52774047e-007, 0.297590698, 0.297590698, 1.2990376e-005, -0.954693551, -3.4335546e-006, 1, 1.25365696e-005, 0, 0, 0, 0, 0, 0, 0, 0.304052173, -0.216577441, -0.206874927, 0.0828862424, 0.360211412, -0.929100577, -0.981567383, 0.189941406, -0.0139160156, 0.171394867, 0.913391985, 0.369496965, 0, 0, 0, 0, 0, 0, 0, 0.362104639, -0.17262915, -0.178262256, 0.345932845, -0.125911209, -0.929715542, -0.154663086, -0.984985352, 0.0758056641, -0.925330125, 0.11773267, -0.360263698, 0, 2, 5, 1, 
412.528741, 32, 0.1, 0.1, 0.0254186384, 0.361876253, -0.0349698893, 0.954693556, 3.69146582e-006, 0.297590682, 0.297590682, -1.90948053e-005, -0.954693556, 2.1582175e-006, 1, -1.93282334e-005, 0.954693554, 8.12974193e-006, 0.297590688, 0.297590688, -1.60833043e-005, -0.954693554, -2.97517062e-006, 1, -1.77739625e-005, 0, 0, 0, 0, 0, 0, 0, 0.304052173, -0.216577441, -0.206874927, 0.0828862424, 0.360211412, -0.929100577, -0.981567383, 0.189941406, -0.0139160156, 0.171394867, 0.913391985, 0.369496965, 0, 0, 0, 0, 0, 0, 0, 0.362104639, -0.17262915, -0.178262256, 0.345932845, -0.125911209, -0.929715542, -0.154663086, -0.984985352, 0.0758056641, -0.925330125, 0.11773267, -0.360263698, 0, 2, 5, 1, 
412.529444, 32, 0.1, 0.1, 0.0254186385, 0.361876252, -0.0349694673, 0.954693555, -7.60191337e-006, 0.297590686, 0.297590686, 1.83485132e-005, -0.954693555, 1.79715107e-006, 1, 1.97794659e-005, 0.954693558, -6.94902707e-006, 0.297590674, 0.297590674, 1.58895468e-005, -0.954693558, 1.90561044e-006, 1, 1.72376136e-005, 0, 0, 0, 0, 0, 0, 0, 0.304052173, -0.216577441, -0.206874927, 0.0828862424, 0.360211412, -0.929100577, -0.981567383, 0.189941406, -0.0139160156, 0.171394867, 0.913391985, 0.369496965, 0, 0, 0, 0, 0, 0, 0, 0.362104639, -0.17262915, -0.178262256, 0.345932845, -0.125911209, -0.929715542, -0.154663086, -0.984985352, 0.0758056641, -0.925330125, 0.11773267, -0.360263698, 0, 2, 5, 1, 
412.530165, 32, 0.1, 0.1, 0.0254186374, 0.361876254, -0.0349687568, 0.954693553, 8.28362262e-006, 0.297590691, 0.297590691, -1.62955598e-005, -0.954693553, -3.0589142e-006, 1, -1.80223949e-005, 0.954693555, 2.80425065e-006, 0.297590685, 0.297590685, -1.6088493e-005, -0.954693555, 2.11058564e-006, 1, -1.61940994e-005, 0, 0, 0, 0, 0, 0, 0, 0.304052173, -0.216577441, -0.206874927, 0.0828862424, 0.360211412, -0.929100577, -0.981567383, 0.189941406, -0.0139160156, 0.171394867, 0.913391985, 0.369496965, 0, 0, 0, 0, 0, 0, 0, 0.362104639, -0.17262915, -0.178262256, 0.345932845, -0.125911209, -0.929715542, -0.154663086, -0.984985352, 0.0758056641, -0.925330125, 0.11773267, -0.360263698, 0, 2, 5, 1, 
412.530854, 32, 0.1, 0.1, 0.0254186377, 0.361876252, -0.0349684209, 0.954693555, -4.469362e-006, 0.297590684, 0.297590684, 2.04939161e-005, -0.954693555, -1.83192742e-006, 1, 2.08954502e-005, 0.954693552, -3.56773382e-006, 0.297590696, 0.297590696, 1.84327523e-005, -0.954693552, -2.07932311e-006, 1, 1.86593541e-005, 0, 0, 0, 0, 0, 0, 0, 0.304052173, -0.216577441, -0.206874927, 0.0828862424, 0.360211412, -0.929100577, -0.981567383, 0.189941406, -0.0139160156, 0.171394867, 0.913391985, 0.369496965, 0, 0, 0, 0, 0, 0, 0, 0.362104639, -0.17262915, -0.178262256, 0.345932845, -0.125911209, -0.929715542, -0.154663086, -0.984985352, 0.0758056641, -0.925330125, 0.11773267, -0.360263698, 0, 2, 5, 1, 
412.531543, 32, 0.1, 0.1, 0.0254186377, 0.361876254, -0.0349685628, 0.954693559, 1.80047676e-006, 0.297590673, 0.297590673, -1.78243084e-005, -0.954693559, 3.58544434e-006, 1, -1.75525575e-005, 0.954693557, 6.20132775e-006, 0.29759068, 0.29759068, -1.40211379e-005, -0.954693557, -1.7478077e-006, 1, -1.52313473e-005, 0, 0, 0, 0, 0, 0, 0, 0.304052173, -0.216577441, -0.206874927, 0.0828862424, 0.360211412, -0.929100577, -0.981567383, 0.189941406, -0.0139160156, 0.171394867, 0.913391985, 0.369496965, 0, 0, 0, 0, 0, 0, 0, 0.362104639, -0.17262915, -0.178262256, 0.345932845, -0.125911209, -0.929715542, -0.154663086, -0.984985352, 0.0758056641, -0.925330125, 0.11773267, -0.360263698, 0, 2, 5, 1, 
412.532295, 32, 0.1, 0.1, 0.0254186386, 0.361876252, -0.0349687754, 0.954693557, -9.84846148e-006, 0.29759068, 0.29759068, 2.01106224e-005, -0.954693556, 3.4175289e-006, 1, 2.2130292e-005, 0.954693561, -9.43194398e-006, 0.297590666, 0.297590666, 1.81326625e-005, -0.954693561, 3.60850507e-006, 1, 2.01179946e-005, 0, 0, 0, 0, 0, 0, 0, 0.303666479, -0.217557202, -0.206239624, 0.083953375, 0.358504372, -0.929691431, -0.981201172, 0.192260742, -0.0145263672, 0.173450504, 0.913538762, 0.368107444, 0, 0, 0, 0, 0, 0, 0, 0.362104639, -0.17262915, -0.178262256, 0.345881806, -0.128121591, -0.929421699, -0.157714844, -0.984375, 0.0769042969, -0.924844519, 0.120077947, -0.360723784, 0, 2, 5, 1, 
412.53298, 32, 0.1, 0.1, 0.0254186381, 0.361876254, -0.0349688903, 0.954693551, 6.90614223e-006, 0.297590697, 0.297590697, -1.66105172e-005, -0.954693551, -1.65011406e-006, 1, -1.79131574e-005, 0.954693554, 1.16563732e-006, 0.297590688, 0.297590688, -1.56385501e-005, -0.954693554, 3.54106044e-006, 1, -1.52769058e-005, 0, 0, 0, 0, 0, 0, 0, 0.303666479, -0.217557202, -0.206239624, 0.083953375, 0.358504372, -0.929691431, -0.981201172, 0.192260742, -0.0145263672, 0.173450504, 0.913538762, 0.368107444, 0, 0, 0, 0, 0, 0, 0, 0.36166499, -0.173842285, -0.177806006, 0.345881806, -0.128121591, -0.929421699, -0.157714844, -0.984375, 0.0769042969, -0.924844519, 0.120077947, -0.360723784, 0, 2, 5, 1, 
412.533668, 32, 0.1, 0.1, 0.0254186385, 0.361876253, -0.0349693567, 0.95469355, -3.99226142e-006, 0.297590702, 0.297590702, 1.65867876e-005, -0.95469355, -1.12468753e-006, 1, 1.7023359e-005, 0.954693547, -3.3712181e-006, 0.297590711, 0.297590711, 1.49443985e-005, -0.954693547, -1.22883402e-006, 1, 1.5270564e-005, 0, 0, 0, 0, 0, 0, 0, 0.303666479, -0.217557202, -0.206239624, 0.083953375, 0.358504372, -0.929691431, -0.981201172, 0.192260742, -0.0145263672, 0.173450504, 0.913538762, 0.368107444, 0, 0, 0, 0, 0, 0, 0, 0.36166499, -0.173842285, -0.177806006, 0.345881806, -0.128121591, -0.929421699, -0.157714844, -0.984375, 0.0769042969, -0.924844519, 0.120077947, -0.360723784, 0, 2, 5, 1, 
412.534384, 32, 0.1, 0.1, 0.025418638, 0.361876256, -0.0349699066, 0.954693551, 3.22047563e-006, 0.297590698, 0.297590698, -2.15475723e-005, -0.954693551, 3.33778979e-006, 1, -2.15297119e-005, 0.954693549, 7.44375247e-006, 0.297590705, 0.297590705, -1.7795822e-005, -0.954693549, -1.81063126e-006, 1, -1.9204748e-005, 0, 0, 0, 0, 0, 0, 0, 0.303666479, -0.217557202, -0.206239624, 0.083953375, 0.358504372, -0.929691431, -0.981201172, 0.192260742, -0.0145263672, 0.173450504, 0.913538762, 0.368107444, 0, 0, 0, 0, 0, 0, 0, 0.36166499, -0.173842285, -0.177806006, 0.345881806, -0.128121591, -0.929421699, -0.157714844, -0.984375, 0.0769042969, -0.924844519, 0.120077947, -0.360723784, 0, 2, 5, 1, 
412.535101, 32, 0.1, 0.1, 0.0254186381, 0.361876256, -0.0349699963, 0.954693548, -7.07711569e-006, 0.297590708, 0.297590709, 1.54542877e-005, -0.954693548, 2.15742425e-006, 1, 1.68601927e-005, 0.954693552, -6.78138679e-006, 0.297590696, 0.297590696, 1.33498445e-005, -0.954693552, 2.50135671e-006, 1, 1.47630881e-005, 0, 0, 0, 0, 0, 0, 0, 0.303666479, -0.217557202, -0.206239624, 0.083953375, 0.358504372, -0.929691431, -0.981201172, 0.192260742, -0.0145263672, 0.173450504, 0.913538762, 0.368107444, 0, 0, 0, 0, 0, 0, 0, 0.361436865, -0.174518115, -0.17736123, 0.345734885, -0.128626154, -0.929408939, -0.159179688, -0.984130859, 0.0770263672, -0.924614475, 0.121375085, -0.360845186, 0, 2, 5, 1, 
412.535789, 32, 0.1, 0.1, 0.0254186368, 0.361876259, -0.0349699145, 0.954693542, 8.93243077e-006, 0.297590726, 0.297590726, -1.70019283e-005, -0.954693542, -3.4681178e-006, 1, -1.88898397e-005, 0.954693545, 3.46395786e-006, 0.297590718, 0.297590718, -1.66855118e-005, -0.954693545, 1.65843523e-006, 1, -1.69603921e-005, 0, 0, 0, 0, 0, 0, 0, 0.303666479, -0.217557202, -0.206239624, 0.083953375, 0.358504372, -0.929691431, -0.981201172, 0.192260742, -0.0145263672, 0.173450504, 0.913538762, 0.368107444, 0, 0, 0, 0, 0, 0, 0, 0.361436865, -0.174518115, -0.17736123, 0.345734885, -0.128626154, -0.929408939, -0.159179688, -0.984130859, 0.0770263672, -0.924614475, 0.121375085, -0.360845186, 0, 2, 5, 1, 
412.536478, 32, 0.1, 0.1, 0.0254186365, 0.361876258, -0.0349698665, 0.95469354, -2.39316879e-006, 0.297590734, 0.297590733, 1.81755751e-005, -0.95469354, -3.12413993e-006, 1, 1.8064289e-005, 0.954693537, -1.65964674e-006, 0.297590742, 0.297590742, 1.6154884e-005, -0.954693537, -3.22308991e-006, 1, 1.59168589e-005, 0, 0, 0, 0, 0, 0, 0, 0.303666479, -0.217557202, -0.206239624, 0.083953375, 0.358504372, -0.929691431, -0.981201172, 0.192260742, -0.0145263672, 0.173450504, 0.913538762, 0.368107444, 0, 0, 0, 0, 0, 0, 0, 0.361436865, -0.174518115, -0.17736123, 0.345734885, -0.128626154, -0.929408939, -0.159179688, -0.984130859, 0.0770263672, -0.924614475, 0.121375085, -0.360845186, 0, 2, 5, 1, 
412.537217, 32, 0.1, 0.1, 0.0254186354, 0.361876261, -0.0349696247, 0.95469354, 4.47422594e-006, 0.297590735, 0.297590735, -1.96871243e-005, -0.954693539, 1.5871912e-006, 1, -2.01266586e-005, 0.954693538, 9.28767787e-006, 0.297590741, 0.297590741, -1.60795646e-005, -0.954693538, -4.0817565e-006, 1, -1.81149833e-005, 0, 0, 0, 0, 0, 0, 0, 0.303666479, -0.217557202, -0.206239624, 0.0848999402, 0.35750164, -0.929945671, -0.980712891, 0.194335937, -0.0147705078, 0.175525238, 0.913450395, 0.367282568, 0, 0, 0, 0, 0, 0, 0, 0.361436865, -0.174518115, -0.17736123, 0.345734885, -0.128626154, -0.929408939, -0.159179688, -0.984130859, 0.0770263672, -0.924614475, 0.121375085, -0.360845186, 0, 2, 5, 1, 
412.53791, 32, 0.1, 0.1, 0.0254186351, 0.36187626, -0.0349690777, 0.954693538, -6.08022437e-006, 0.297590739, 0.29759074, 1.73327906e-005, -0.954693538, 6.46672935e-007, 1, 1.83569217e-005, 0.954693542, -5.55030488e-006, 0.297590728, 0.297590728, 1.50379019e-005, -0.954693542, 8.23700048e-007, 1, 1.60083071e-005, 0, 0, 0, 0, 0, 0, 0, 0.303497925, -0.218501685, -0.205808643, 0.0848999402, 0.35750164, -0.929945671, -0.980712891, 0.194335937, -0.0147705078, 0.175525238, 0.913450395, 0.367282568, 0, 0, 0, 0, 0, 0, 0, 0.361436865, -0.174518115, -0.17736123, 0.345734885, -0.128626154, -0.929408939, -0.159179688, -0.984130859, 0.0770263672, -0.924614475, 0.121375085, -0.360845186, 0, 2, 5, 1, 
412.538595, 32, 0.1, 0.1, 0.0254186336, 0.361876262, -0.0349688631, 0.954693535, 9.45082236e-006, 0.297590749, 0.297590749, -1.61745442e-005, -0.954693535, -4.20924426e-006, 1, -1.82542101e-005, 0.954693537, 3.9251992e-006, 0.297590743, 0.297590743, -1.58015029e-005, -0.954693537, 9.55018678e-007, 1, -1.62536957e-005, 0, 0, 0, 0, 0, 0, 0, 0.303497925, -0.218501685, -0.205808643, 0.0848999402, 0.35750164, -0.929945671, -0.980712891, 0.194335937, -0.0147705078, 0.175525238, 0.913450395, 0.367282568, 0, 0, 0, 0, 0, 0, 0, 0.361436865, -0.174518115, -0.17736123, 0.345734885, -0.128626154, -0.929408939, -0.159179688, -0.984130859, 0.0770263672, -0.924614475, 0.121375085, -0.360845186, 0, 2, 5, 1, 
412.539298, 32, 0.1, 0.1, 0.0254186336, 0.36187626, -0.0349689319, 0.954693535, -3.28448213e-006, 0.297590749, 0.297590749, 2.01993903e-005, -0.954693535, -2.87547783e-006, 1, 2.02616588e-005, 0.954693532, -2.41695716e-006, 0.29759076, 0.29759076, 1.81968257e-005, -0.954693532, -3.10775381e-006, 1, 1.80916559e-005, 0, 0, 0, 0, 0, 0, 0, 0.303497925, -0.218501685, -0.205808643, 0.0848999402, 0.35750164, -0.929945671, -0.980712891, 0.194335937, -0.0147705078, 0.175525238, 0.913450395, 0.367282568, 0, 0, 0, 0, 0, 0, 0, 0.361436865, -0.174518115, -0.17736123, 0.345734885, -0.128626154, -0.929408939, -0.159179688, -0.984130859, 0.0770263672, -0.924614475, 0.121375085, -0.360845186, 0, 2, 5, 1, 
412.540043, 32, 0.1, 0.1, 0.0254186329, 0.361876263, -0.0349686767, 0.954693534, 4.53386949e-006, 0.297590754, 0.297590754, -2.09288521e-005, -0.954693533, 1.89977699e-006, 1, -2.13298774e-005, 0.954693533, 9.00978035e-006, 0.297590757, 0.297590757, -1.75060893e-005, -0.954693532, -3.39192865e-006, 1, -1.93941776e-005, 0, 0, 0, 0, 0, 0, 0, 0.304132617, -0.217763477, -0.205783008, 0.0843341733, 0.358846978, -0.929513576, -0.981079102, 0.192382812, -0.0147705078, 0.173513784, 0.913360906, 0.36845005, 0, 0, 0, 0, 0, 0, 0, 0.362136377, -0.173767822, -0.177137988, 0.346246011, -0.126843776, -0.929408939, -0.156860352, -0.984619141, 0.0759277344, -0.924806239, 0.119598537, -0.360845186, 0, 2, 5, 1, 
412.540729, 32, 0.1, 0.1, 0.0254186327, 0.361876262, -0.0349686529, 0.954693529, -6.51641716e-006, 0.297590768, 0.297590768, 1.66734069e-005, -0.954693529, 1.25932934e-006, 1, 1.78572193e-005, 0.954693533, -5.90372519e-006, 0.297590755, 0.297590755, 1.4301868e-005, -0.954693533, 1.38014458e-006, 1, 1.54107949e-005, 0, 0, 0, 0, 0, 0, 0, 0.304132617, -0.217763477, -0.205783008, 0.0843341733, 0.358846978, -0.929513576, -0.981079102, 0.192382812, -0.0147705078, 0.173513784, 0.913360906, 0.36845005, 0, 0, 0, 0, 0, 0, 0, 0.362136377, -0.173767822, -0.177137988, 0.346246011, -0.126843776, -0.929408939, -0.156860352, -0.984619141, 0.0759277344, -0.924806239, 0.119598537, -0.360845186, 0, 2, 5, 1, 
412.541418, 32, 0.1, 0.1, 0.0254186314, 0.361876264, -0.0349690292, 0.954693523, 8.88988603e-006, 0.297590787, 0.297590787, -1.64963303e-005, -0.954693523, -3.57796071e-006, 1, -1.83944878e-005, 0.954693526, 3.4662991e-006, 0.297590779, 0.297590779, -1.61501898e-005, -0.954693526, 1.49689425e-006, 1, -1.64500203e-005, 0, 0, 0, 0, 0, 0, 0, 0.304132617, -0.217763477, -0.205783008, 0.0843341733, 0.358846978, -0.929513576, -0.981079102, 0.192382812, -0.0147705078, 0.173513784, 0.913360906, 0.36845005, 0, 0, 0, 0, 0, 0, 0, 0.362136377, -0.173767822, -0.177137988, 0.346246011, -0.126843776, -0.929408939, -0.156860352, -0.984619141, 0.0759277344, -0.924806239, 0.119598537, -0.360845186, 0, 2, 5, 1, 
