time, trialNum, realDorsalTactorPos, realVentralTactorPos, boxPosX, boxPosY, boxPosZ, boxLocalRot_11, boxLocalRot_12, boxLocalRot_13, boxLocalRot_21, boxLocalRot_22, boxLocalRot_23, boxLocalRot_31, boxLocalRot_32, boxLocalRot_33, boxGlobalRot_11, boxGlobalRot_12, boxGlobalRot_13, boxGlobalRot_21, boxGlobalRot_22, boxGlobalRot_23, boxGlobalRot_31, boxGlobalRot_32, boxGlobalRot_33, indexForceX, indexForceY, indexForceZ, indexForceGlobalX, indexForceGlobalY, indexForceGlobalZ, indexContact, indexPosX, indexPosY, indexPosZ, indexRot_11, indexRot_12, indexRot_13, indexRot_21, indexRot_22, indexRot_23, indexRot_31, indexRot_32, indexRot_33, thumbForceX, thumbForceY, thumbForceZ, thumbForceGlobalX, thumbForceGlobalY, thumbForceGlobalZ, thumbContact, thumbPosX, thumbPosY, thumbPosZ, thumbRot_11, thumbRot_12, thumbRot_13, thumbRot_21, thumbRot_22, thumbRot_23, thumbRot_31, thumbRot_32, thumbRot_33, manipForceTooHigh, cceExpType, mapping, trialSuccess, 
488.323862, 29, 0.1, 0.1, 0.0106947515, 0.377160782, -0.0349806632, 0.950978857, -0.309255903, 2.68081008e-005, 0.309255904, 0.950978856, -2.51621196e-005, -1.7712403e-005, 3.22192072e-005, 0.999999999, 0.950978801, -0.309256075, 2.37704762e-005, 0.309256076, 0.9509788, -3.1313566e-005, -1.29213084e-005, 3.71297016e-005, 0.999999999, 0, 0, 0, 0, 0, 0, 0, 0.264449414, -0.105682227, -0.237647852, -0.063932627, 0.664004071, -0.744819324, -0.710693359, 0.493652344, 0.501220703, 0.700510478, 0.56148698, 0.44054274, 0, 0, -0, 0, 0, 0, 0, 0.33006748, -0.0924439941, -0.204588721, -0.0400130653, 0.337341353, -0.940413525, 0.132568359, -0.931030273, -0.339599609, -0.990320474, -0.13822493, -0.00739812551, 0, 2, 1, 1, 
488.369904, 29, 0.1, 0.1, 0.0106947575, 0.37716075, -0.0349709775, 0.950978913, -0.309255731, 2.0847002e-005, 0.309255731, 0.950978913, -6.22273771e-006, -1.7900642e-005, 1.23647472e-005, 1, 0.950978944, -0.309255636, 9.28886316e-006, 0.309255636, 0.950978944, 7.46580001e-006, -1.1142354e-005, -4.22718532e-006, 1, 0, 0, 0, 0, 0, 0, 0, 0.261778857, -0.104684155, -0.236406519, -0.0767150176, 0.665701372, -0.742161971, -0.712036133, 0.484375, 0.508178711, 0.697838517, 0.567521343, 0.437032059, 0, 0, -0, 0, 0, 0, 0, 0.327950732, -0.0909873047, -0.204190088, -0.0457951328, 0.334131306, -0.941339895, 0.147705078, -0.9296875, -0.337158203, -0.987859626, -0.154396129, -0.00675903468, 0, 2, 1, 1, 
488.370613, 29, 0.1, 0.1, 0.0106947535, 0.377160757, -0.0349704257, 0.950978809, -0.30925605, -1.14859713e-005, 0.30925605, 0.950978809, -1.29670453e-005, 1.49330526e-005, 8.77927921e-006, 1, 0.950978821, -0.309256015, -4.34402974e-007, 0.309256015, 0.95097882, -2.20870159e-005, 7.24365054e-006, 2.08699426e-005, 1, 0, 0, 0, 0, 0, 0, 0, 0.261778857, -0.104684155, -0.236406519, -0.0767150176, 0.665701372, -0.742161971, -0.712036133, 0.484375, 0.508178711, 0.697838517, 0.567521343, 0.437032059, 0, 0, -0, 0, 0, 0, 0, 0.327879443, -0.0908243652, -0.204403076, -0.0469132669, 0.333664656, -0.941416454, 0.148803711, -0.92956543, -0.336914062, -0.987731661, -0.155795345, -0.00603062509, 0, 2, 1, 1, 
488.371304, 29, 0.1, 0.1, 0.010694756, 0.377160751, -0.0349697599, 0.950978823, -0.309256006, 1.05828253e-005, 0.309256006, 0.950978823, 2.03891024e-005, -1.63694951e-005, -1.61168023e-005, 1, 0.950978813, -0.30925604, 1.22900427e-006, 0.30925604, 0.950978812, 2.45089577e-005, -8.74830021e-006, -2.29274225e-005, 1, 0, 0, 0, 0, 0, 0, 0, 0.261778857, -0.104684155, -0.236406519, -0.0767150176, 0.665701372, -0.742161971, -0.712036133, 0.484375, 0.508178711, 0.697838517, 0.567521343, 0.437032059, 0, 0, -0, 0, 0, 0, 0, 0.327879443, -0.0908243652, -0.204403076, -0.0469132669, 0.333664656, -0.941416454, 0.148803711, -0.92956543, -0.336914062, -0.987731661, -0.155795345, -0.00603062509, 0, 2, 1, 1, 
488.372001, 29, 0.1, 0.1, 0.0106947536, 0.377160757, -0.0349691382, 0.950978941, -0.309255645, -1.02669403e-005, 0.309255644, 0.950978941, -2.99286785e-005, 1.90192567e-005, 2.52864337e-005, 0.999999999, 0.95097891, -0.309255741, -1.50539346e-006, 0.309255741, 0.950978909, -2.90959207e-005, 1.0429678e-005, 2.72040553e-005, 1, 0, 0, 0, 0, 0, 0, 0, 0.261778857, -0.104684155, -0.236406519, -0.0767150176, 0.665701372, -0.742161971, -0.712036133, 0.484375, 0.508178711, 0.697838517, 0.567521343, 0.437032059, 0, 0, -0, 0, 0, 0, 0, 0.327879443, -0.0908243652, -0.204403076, -0.0469132669, 0.333664656, -0.941416454, 0.148803711, -0.92956543, -0.336914062, -0.987731661, -0.155795345, -0.00603062509, 0, 2, 1, 1, 
488.3727, 29, 0.1, 0.1, 0.0106947565, 0.377160754, -0.0349687093, 0.950979138, -0.309255038, 3.29458703e-006, 0.309255038, 0.950979138, 3.18222e-005, -1.29742592e-005, -2.92433807e-005, 0.999999999, 0.950979093, -0.309255177, -3.09031294e-006, 0.309255177, 0.950979093, 2.46364187e-005, -4.68011703e-006, -2.43844144e-005, 1, 0, 0, 0, 0, 0, 0, 0, 0.261778857, -0.104684155, -0.236406519, -0.0767150176, 0.665701372, -0.742161971, -0.712036133, 0.484375, 0.508178711, 0.697838517, 0.567521343, 0.437032059, 0, 0, -0, 0, 0, 0, 0, 0.327879443, -0.0908243652, -0.204403076, -0.0469132669, 0.333664656, -0.941416454, 0.148803711, -0.92956543, -0.336914062, -0.987731661, -0.155795345, -0.00603062509, 0, 2, 1, 1, 
488.373392, 29, 0.1, 0.1, 0.0106947565, 0.377160753, -0.0349685869, 0.950979359, -0.30925436, -9.47881959e-006, 0.30925436, 0.950979358, -2.70036447e-005, 1.73651566e-005, 2.27485424e-005, 1, 0.950979317, -0.309254489, -5.84113678e-006, 0.309254489, 0.950979317, -1.35435772e-005, 9.74321232e-006, 1.1073264e-005, 1, 0, 0, 0, 0, 0, 0, 0, 0.261778857, -0.104684155, -0.236406519, -0.0767150176, 0.665701372, -0.742161971, -0.712036133, 0.484375, 0.508178711, 0.697838517, 0.567521343, 0.437032059, 0, 0, -0, 0, 0, 0, 0, 0.327879443, -0.0908243652, -0.204403076, -0.0469132669, 0.333664656, -0.941416454, 0.148803711, -0.92956543, -0.336914062, -0.987731661, -0.155795345, -0.00603062509, 0, 2, 1, 1, 
488.374101, 29, 0.1, 0.1, 0.0106947561, 0.377160758, -0.0349687125, 0.950979542, -0.309253796, 1.0945425e-005, 0.309253796, 0.950979542, 1.47009062e-005, -1.49551863e-005, -1.05953468e-005, 1, 0.950979515, -0.309253879, 9.23396401e-006, 0.309253879, 0.950979515, -4.28161189e-006, -7.45720553e-006, 6.92736439e-006, 1, 0, 0, 0, 0, 0, 0, 0, 0.261778857, -0.104684155, -0.236406519, -0.0767150176, 0.665701372, -0.742161971, -0.712036133, 0.484375, 0.508178711, 0.697838517, 0.567521343, 0.437032059, 0, 0, -0, 0, 0, 0, 0, 0.327879443, -0.0908243652, -0.204403076, -0.0469132669, 0.333664656, -0.941416454, 0.148803711, -0.92956543, -0.336914062, -0.987731661, -0.155795345, -0.00603062509, 0, 2, 1, 1, 
488.374826, 29, 0.1, 0.1, 0.0106947582, 0.377160751, -0.0349688844, 0.950979628, -0.309253532, -2.08272009e-005, 0.309253532, 0.950979628, -2.1547815e-006, 2.04726175e-005, -4.39173211e-006, 1, 0.95097962, -0.309253556, -1.68930394e-005, 0.309253556, 0.95097962, 1.36459734e-005, 1.18448704e-005, -1.82012751e-005, 1, 0, 0, 0, 0, 0, 0, 0, 0.261316748, -0.104471777, -0.236419336, -0.0770385278, 0.665479333, -0.742378018, -0.711791992, 0.484741211, 0.508300781, 0.698136939, 0.567680102, 0.436448317, 0, 0, -0, 0, 0, 0, 0, 0.327879443, -0.0908243652, -0.204403076, -0.0478972395, 0.332559282, -0.941786856, 0.1484375, -0.929931641, -0.3359375, -0.987712338, -0.155788782, -0.00484212875, 0, 2, 1, 1, 
488.375524, 29, 0.1, 0.1, 0.0106947574, 0.377160759, -0.0349690495, 0.95097959, -0.309253647, 1.98970557e-005, 0.309253647, 0.95097959, -1.54672059e-005, -1.41384041e-005, 2.08622342e-005, 1, 0.950979607, -0.309253598, 1.4200443e-005, 0.309253598, 0.950979606, -2.50177175e-005, -5.76751258e-006, 2.81828773e-005, 1, 0, 0, 0, 0, 0, 0, 0, 0.261316748, -0.104471777, -0.236419336, -0.0770385278, 0.665479333, -0.742378018, -0.711791992, 0.484741211, 0.508300781, 0.698136939, 0.567680102, 0.436448317, 0, 0, -0, 0, 0, 0, 0, 0.32714502, -0.0906741211, -0.20462583, -0.0478972395, 0.332559282, -0.941786856, 0.1484375, -0.929931641, -0.3359375, -0.987712338, -0.155788782, -0.00484212875, 0, 2, 1, 1, 
488.376225, 29, 0.1, 0.1, 0.0106947583, 0.377160754, -0.0349693261, 0.950979444, -0.309254098, -2.42588489e-005, 0.309254098, 0.950979444, 1.94190753e-005, 1.7064238e-005, -2.59692899e-005, 1, 0.95097948, -0.309253987, -1.7163692e-005, 0.309253987, 0.95097948, 2.27510977e-005, 9.28645124e-006, -2.69437672e-005, 1, 0, 0, 0, 0, 0, 0, 0, 0.261316748, -0.104471777, -0.236419336, -0.0770385278, 0.665479333, -0.742378018, -0.711791992, 0.484741211, 0.508300781, 0.698136939, 0.567680102, 0.436448317, 0, 0, -0, 0, 0, 0, 0, 0.32714502, -0.0906741211, -0.20462583, -0.0478972395, 0.332559282, -0.941786856, 0.1484375, -0.929931641, -0.3359375, -0.987712338, -0.155788782, -0.00484212875, 0, 2, 1, 1, 
488.376923, 29, 0.1, 0.1, 0.0106947587, 0.377160756, -0.0349696681, 0.950979228, -0.30925476, 2.30651324e-005, 0.309254761, 0.950979228, -1.8061099e-005, -1.63489809e-005, 2.4308732e-005, 1, 0.950979276, -0.309254614, 1.37406958e-005, 0.309254614, 0.950979276, -1.65630765e-005, -7.94490914e-006, 2.00005161e-005, 1, 0, 0, 0, 0, 0, 0, 0, 0.261316748, -0.104471777, -0.236419336, -0.0770385278, 0.665479333, -0.742378018, -0.711791992, 0.484741211, 0.508300781, 0.698136939, 0.567680102, 0.436448317, 0, 0, -0, 0, 0, 0, 0, 0.32714502, -0.0906741211, -0.20462583, -0.0478972395, 0.332559282, -0.941786856, 0.1484375, -0.929931641, -0.3359375, -0.987712338, -0.155788782, -0.00484212875, 0, 2, 1, 1, 
488.37763, 29, 0.1, 0.1, 0.0106947568, 0.377160755, -0.0349698665, 0.950978986, -0.309255504, -2.0777931e-005, 0.309255505, 0.950978986, 2.0752791e-005, 1.33414609e-005, -2.61611577e-005, 1, 0.950979032, -0.309255365, -1.01551296e-005, 0.309255366, 0.950979032, 1.28310347e-005, 5.689249e-006, -1.53425732e-005, 1, 0, 0, 0, 0, 0, 0, 0, 0.261316748, -0.104471777, -0.236419336, -0.0770385278, 0.665479333, -0.742378018, -0.711791992, 0.484741211, 0.508300781, 0.698136939, 0.567680102, 0.436448317, 0, 0, -0, 0, 0, 0, 0, 0.327097559, -0.0909581543, -0.204041553, -0.045175365, 0.331179388, -0.94243251, 0.147705078, -0.930786133, -0.334228516, -0.987917229, -0.15433816, -0.00687387308, 0, 2, 1, 1, 
488.378325, 29, 0.1, 0.1, 0.0106947591, 0.37716075, -0.0349699553, 0.950978788, -0.309256116, 1.68661059e-005, 0.309256116, 0.950978788, -2.84012006e-006, -1.51609844e-005, 7.91684033e-006, 1, 0.950978819, -0.30925602, 4.84082047e-006, 0.30925602, 0.950978819, 1.16154664e-005, -8.19567065e-006, -9.54900967e-006, 1, 0, 0, 0, 0, 0, 0, 0, 0.261316748, -0.104471777, -0.236419336, -0.0770385278, 0.665479333, -0.742378018, -0.711791992, 0.484741211, 0.508300781, 0.698136939, 0.567680102, 0.436448317, 0, 0, -0, 0, 0, 0, 0, 0.327097559, -0.0909581543, -0.204041553, -0.045175365, 0.331179388, -0.94243251, 0.147705078, -0.930786133, -0.334228516, -0.987917229, -0.15433816, -0.00687387308, 0, 2, 1, 1, 
488.379023, 29, 0.1, 0.1, 0.0106947566, 0.377160756, -0.0349699615, 0.950978686, -0.309256428, -1.51187723e-005, 0.309256428, 0.950978686, -1.19796478e-005, 1.80824133e-005, 6.71681223e-006, 1, 0.950978698, -0.309256393, -3.98989665e-006, 0.309256393, 0.950978697, -2.06737262e-005, 1.01877887e-005, 1.84263722e-005, 1, 0, 0, 0, 0, 0, 0, 0, 0.261316748, -0.104471777, -0.236419336, -0.0770385278, 0.665479333, -0.742378018, -0.711791992, 0.484741211, 0.508300781, 0.698136939, 0.567680102, 0.436448317, 0, 0, -0, 0, 0, 0, 0, 0.327097559, -0.0909581543, -0.204041553, -0.045175365, 0.331179388, -0.94243251, 0.147705078, -0.930786133, -0.334228516, -0.987917229, -0.15433816, -0.00687387308, 0, 2, 1, 1, 
488.379737, 29, 0.1, 0.1, 0.0106947597, 0.37716075, -0.034969794, 0.950978702, -0.30925638, 1.03951876e-005, 0.30925638, 0.950978702, 1.91294073e-005, -1.58014932e-005, -1.49768809e-005, 1, 0.95097869, -0.309256416, 4.11295122e-007, 0.309256416, 0.95097869, 2.38743105e-005, -7.77441662e-006, -2.25767649e-005, 1, 0, 0, 0, 0, 0, 0, 0, 0.261637646, -0.104756055, -0.236038647, -0.075109449, 0.664273659, -0.743685164, -0.712280273, 0.486083984, 0.506225586, 0.697831403, 0.567871062, 0.436778941, 0, 0, -0, 0, 0, 0, 0, 0.327097559, -0.0909581543, -0.204041553, -0.045175365, 0.331179388, -0.94243251, 0.147705078, -0.930786133, -0.334228516, -0.987917229, -0.15433816, -0.00687387308, 0, 2, 1, 1, 
488.380427, 29, 0.1, 0.1, 0.0106947569, 0.377160755, -0.0349695092, 0.95097882, -0.309256016, -7.89013132e-006, 0.309256015, 0.95097882, -3.13872429e-005, 1.72100414e-005, 2.74085326e-005, 0.999999999, 0.950978789, -0.309256111, 2.74234463e-007, 0.309256111, 0.950978789, -3.05655337e-005, 9.19178695e-006, 2.9151983e-005, 1, 0, 0, 0, 0, 0, 0, 0, 0.261637646, -0.104756055, -0.236038647, -0.075109449, 0.664273659, -0.743685164, -0.712280273, 0.486083984, 0.506225586, 0.697831403, 0.567871062, 0.436778941, 0, 0, -0, 0, 0, 0, 0, 0.327097559, -0.0909581543, -0.204041553, -0.045175365, 0.331179388, -0.94243251, 0.147705078, -0.930786133, -0.334228516, -0.987917229, -0.15433816, -0.00687387308, 0, 2, 1, 1, 
488.381124, 29, 0.1, 0.1, 0.0106947588, 0.377160754, -0.0349692996, 0.950979016, -0.309255415, 6.36707911e-006, 0.309255415, 0.950979015, 2.96223526e-005, -1.52158316e-005, -2.6201182e-005, 1, 0.950978972, -0.309255549, 4.95881972e-008, 0.309255549, 0.950978972, 2.25312301e-005, -7.01506526e-006, -2.14113906e-005, 1, 0, 0, 0, 0, 0, 0, 0, 0.261637646, -0.104756055, -0.236038647, -0.075109449, 0.664273659, -0.743685164, -0.712280273, 0.486083984, 0.506225586, 0.697831403, 0.567871062, 0.436778941, 0, 0, -0, 0, 0, 0, 0, 0.327097559, -0.0909581543, -0.204041553, -0.045175365, 0.331179388, -0.94243251, 0.147705078, -0.930786133, -0.334228516, -0.987917229, -0.15433816, -0.00687387308, 0, 2, 1, 1, 
488.381819, 29, 0.1, 0.1, 0.0106947577, 0.377160752, -0.0349692294, 0.950979235, -0.309254741, -6.28371262e-006, 0.30925474, 0.950979235, -2.71538804e-005, 1.43731464e-005, 2.38795085e-005, 1, 0.950979193, -0.30925487, -2.51218769e-006, 0.309254869, 0.950979193, -1.41349204e-005, 6.76033119e-006, 1.26651089e-005, 1, 0, 0, 0, 0, 0, 0, 0, 0.261637646, -0.104756055, -0.236038647, -0.075109449, 0.664273659, -0.743685164, -0.712280273, 0.486083984, 0.506225586, 0.697831403, 0.567871062, 0.436778941, 0, 0, -0, 0, 0, 0, 0, 0.327097559, -0.0909581543, -0.204041553, -0.045175365, 0.331179388, -0.94243251, 0.147705078, -0.930786133, -0.334228516, -0.987917229, -0.15433816, -0.00687387308, 0, 2, 1, 1, 
488.382536, 29, 0.1, 0.1, 0.0106947565, 0.377160758, -0.0349690526, 0.950979421, -0.309254168, 1.25401873e-005, 0.309254168, 0.950979421, 1.46839722e-005, -1.64665397e-005, -1.00860502e-005, 1, 0.950979394, -0.309254252, 1.1127888e-005, 0.309254252, 0.950979394, -4.13315164e-006, -9.30419748e-006, 7.37188872e-006, 1, 0, 0, 0, 0, 0, 0, 0, 0.261500464, -0.105258081, -0.235868262, -0.0734465925, 0.66321364, -0.744706991, -0.712036133, 0.487915039, 0.504882813, 0.698185992, 0.567420993, 0.436570007, 0, 0, -0, 0, 0, 0, 0, 0.326800244, -0.091669873, -0.203661963, -0.0428049355, 0.329659136, -0.943033321, 0.145629883, -0.931762695, -0.332275391, -0.9882818, -0.15155212, -0.008164448, 0, 2, 1, 1, 
488.383233, 29, 0.1, 0.1, 0.0106947579, 0.377160751, -0.0349690228, 0.950979505, -0.309253909, -1.90267757e-005, 0.309253909, 0.950979505, 6.67298554e-007, 1.78877091e-005, -6.51869202e-006, 1, 0.950979497, -0.309253933, -1.51796504e-005, 0.309253933, 0.950979497, 1.49532715e-005, 9.81117828e-006, -1.89146212e-005, 1, 0, 0, 0, 0, 0, 0, 0, 0.261500464, -0.105258081, -0.235868262, -0.0734465925, 0.66321364, -0.744706991, -0.712036133, 0.487915039, 0.504882813, 0.698185992, 0.567420993, 0.436570007, 0, 0, -0, 0, 0, 0, 0, 0.326800244, -0.091669873, -0.203661963, -0.0428049355, 0.329659136, -0.943033321, 0.145629883, -0.931762695, -0.332275391, -0.9882818, -0.15155212, -0.008164448, 0, 2, 1, 1, 
488.383926, 29, 0.1, 0.1, 0.0106947569, 0.377160758, -0.0349692368, 0.950979473, -0.309254009, 1.9886828e-005, 0.30925401, 0.950979473, -1.29033395e-005, -1.49215557e-005, 1.84208923e-005, 1, 0.950979487, -0.309253964, 1.45481117e-005, 0.309253965, 0.950979487, -2.2081648e-005, -7.00611863e-006, 2.54982555e-005, 1, 0, 0, 0, 0, 0, 0, 0, 0.261500464, -0.105258081, -0.235868262, -0.0734465925, 0.66321364, -0.744706991, -0.712036133, 0.487915039, 0.504882813, 0.698185992, 0.567420993, 0.436570007, 0, 0, -0, 0, 0, 0, 0, 0.326800244, -0.091669873, -0.203661963, -0.0428049355, 0.329659136, -0.943033321, 0.145629883, -0.931762695, -0.332275391, -0.9882818, -0.15155212, -0.008164448, 0, 2, 1, 1, 
488.384618, 29, 0.1, 0.1, 0.0106947579, 0.377160752, -0.0349696119, 0.950979335, -0.309254432, -2.45982127e-005, 0.309254432, 0.950979335, 1.9921748e-005, 1.72315031e-005, -2.6552277e-005, 0.999999999, 0.95097937, -0.309254324, -1.72646833e-005, 0.309254324, 0.95097937, 2.34488429e-005, 9.16670154e-006, -2.76385438e-005, 1, 0, 0, 0, 0, 0, 0, 0, 0.261500464, -0.105258081, -0.235868262, -0.0734465925, 0.66321364, -0.744706991, -0.712036133, 0.487915039, 0.504882813, 0.698185992, 0.567420993, 0.436570007, 0, 0, -0, 0, 0, 0, 0, 0.326800244, -0.091669873, -0.203661963, -0.0428049355, 0.329659136, -0.943033321, 0.145629883, -0.931762695, -0.332275391, -0.9882818, -0.15155212, -0.008164448, 0, 2, 1, 1, 
488.385315, 29, 0.1, 0.1, 0.0106947586, 0.377160754, -0.0349699838, 0.950979127, -0.309255073, 2.12433302e-005, 0.309255074, 0.950979127, -1.80167138e-005, -1.46302034e-005, 2.37031263e-005, 1, 0.950979173, -0.309254932, 1.22332713e-005, 0.309254932, 0.950979173, -1.63787363e-005, -6.56838123e-006, 1.93590366e-005, 1, 0, 0, 0, 0, 0, 0, 0, 0.261500464, -0.105258081, -0.235868262, -0.0734465925, 0.66321364, -0.744706991, -0.712036133, 0.487915039, 0.504882813, 0.698185992, 0.567420993, 0.436570007, 0, 0, -0, 0, 0, 0, 0, 0.326800244, -0.091669873, -0.203661963, -0.0428049355, 0.329659136, -0.943033321, 0.145629883, -0.931762695, -0.332275391, -0.9882818, -0.15155212, -0.008164448, 0, 2, 1, 1, 
488.386008, 29, 0.1, 0.1, 0.0106947573, 0.377160754, -0.0349702545, 0.950978896, -0.309255782, -2.09626407e-005, 0.309255783, 0.950978896, 2.01970448e-005, 1.3688976e-005, -2.56897812e-005, 1, 0.95097894, -0.309255647, -1.06461952e-005, 0.309255648, 0.95097894, 1.20807004e-005, 6.38828264e-006, -1.47808877e-005, 1, 0, 0, 0, 0, 0, 0, 0, 0.261500464, -0.105258081, -0.235868262, -0.0734465925, 0.66321364, -0.744706991, -0.712036133, 0.487915039, 0.504882813, 0.698185992, 0.567420993, 0.436570007, 0, 0, -0, 0, 0, 0, 0, 0.326800244, -0.091669873, -0.203661963, -0.0428049355, 0.329659136, -0.943033321, 0.145629883, -0.931762695, -0.332275391, -0.9882818, -0.15155212, -0.008164448, 0, 2, 1, 1, 
488.386705, 29, 0.1, 0.1, 0.0106947595, 0.377160748, -0.0349703596, 0.950978705, -0.309256371, 1.70734871e-005, 0.309256371, 0.950978705, -2.0172913e-006, -1.56126625e-005, 7.19848575e-006, 1, 0.950978735, -0.309256279, 4.90873511e-006, 0.309256279, 0.950978735, 1.22475319e-005, -8.45572884e-006, -1.01290852e-005, 1, 0, 0, 0, 0, 0, 0, 0, 0.261500464, -0.105258081, -0.235868262, -0.0734465925, 0.66321364, -0.744706991, -0.712036133, 0.487915039, 0.504882813, 0.698185992, 0.567420993, 0.436570007, 0, 0, -0, 0, 0, 0, 0, 0.326800244, -0.091669873, -0.203661963, -0.0428049355, 0.329659136, -0.943033321, 0.145629883, -0.931762695, -0.332275391, -0.9882818, -0.15155212, -0.008164448, 0, 2, 1, 1, 
488.387424, 29, 0.1, 0.1, 0.0106947565, 0.377160754, -0.0349699732, 0.950978607, -0.309256672, -1.41890256e-005, 0.309256672, 0.950978607, -1.09683879e-005, 1.68855069e-005, 6.04265136e-006, 1, 0.950978617, -0.309256641, -3.2573063e-006, 0.309256641, 0.950978617, -1.98464414e-005, 9.23527244e-006, 1.78661977e-005, 1, 0, 0, 0, 0, 0, 0, 0, 0.261519385, -0.105754736, -0.235916968, -0.0731099776, 0.662230004, -0.74560226, -0.711547852, 0.489257812, 0.504272461, 0.698750638, 0.567453194, 0.435599476, 0, 0, -0, 0, 0, 0, 0, 0.327109668, -0.0921805664, -0.203490479, -0.0414312385, 0.328304762, -0.94356377, 0.144897461, -0.932373047, -0.330810547, -0.988505647, -0.1503443, -0.0089566567, 0, 2, 1, 1, 
488.388118, 29, 0.1, 0.1, 0.0106947594, 0.377160748, -0.0349695237, 0.950978627, -0.309256609, 1.00566942e-005, 0.309256609, 0.950978627, 2.0915792e-005, -1.60320481e-005, -1.67803721e-005, 1, 0.950978615, -0.309256647, 1.90396701e-007, 0.309256647, 0.950978615, 2.54910117e-005, -8.064328e-006, -2.41825256e-005, 1, 0, 0, 0, 0, 0, 0, 0, 0.261519385, -0.105754736, -0.235916968, -0.0731099776, 0.662230004, -0.74560226, -0.711547852, 0.489257812, 0.504272461, 0.698750638, 0.567453194, 0.435599476, 0, 0, -0, 0, 0, 0, 0, 0.327109668, -0.0921805664, -0.203490479, -0.0414312385, 0.328304762, -0.94356377, 0.144897461, -0.932373047, -0.330810547, -0.988505647, -0.1503443, -0.0089566567, 0, 2, 1, 1, 
488.388815, 29, 0.1, 0.1, 0.0106947563, 0.377160754, -0.0349691692, 0.950978756, -0.309256215, -6.73544722e-006, 0.309256214, 0.950978755, -3.26235034e-005, 1.64942884e-005, 2.89412798e-005, 0.999999999, 0.950978722, -0.309256317, 1.37535247e-006, 0.309256317, 0.950978722, -3.12283585e-005, 8.3496362e-006, 3.01228409e-005, 1, 0, 0, 0, 0, 0, 0, 0, 0.261519385, -0.105754736, -0.235916968, -0.0731099776, 0.662230004, -0.74560226, -0.711547852, 0.489257812, 0.504272461, 0.698750638, 0.567453194, 0.435599476, 0, 0, -0, 0, 0, 0, 0, 0.327109668, -0.0921805664, -0.203490479, -0.0414312385, 0.328304762, -0.94356377, 0.144897461, -0.932373047, -0.330810547, -0.988505647, -0.1503443, -0.0089566567, 0, 2, 1, 1, 
488.389508, 29, 0.1, 0.1, 0.0106947579, 0.377160753, -0.0349690069, 0.950978958, -0.309255591, 6.30451998e-006, 0.309255591, 0.950978958, 2.7872557e-005, -1.461521e-005, -2.45565072e-005, 1, 0.950978913, -0.30925573, 3.48485118e-007, 0.30925573, 0.950978913, 2.07899552e-005, -6.76081476e-006, -1.9663038e-005, 1, 0, 0, 0, 0, 0, 0, 0, 0.261519385, -0.105754736, -0.235916968, -0.0731099776, 0.662230004, -0.74560226, -0.711547852, 0.489257812, 0.504272461, 0.698750638, 0.567453194, 0.435599476, 0, 0, -0, 0, 0, 0, 0, 0.327109668, -0.0921805664, -0.203490479, -0.0414312385, 0.328304762, -0.94356377, 0.144897461, -0.932373047, -0.330810547, -0.988505647, -0.1503443, -0.0089566567, 0, 2, 1, 1, 
488.390214, 29, 0.1, 0.1, 0.0106947572, 0.377160752, -0.0349689412, 0.950979187, -0.309254888, -8.19313145e-006, 0.309254888, 0.950979187, -2.94124693e-005, 1.68874474e-005, 2.54368802e-005, 1, 0.950979144, -0.309255021, -4.0518687e-006, 0.309255021, 0.950979144, -1.6336716e-005, 8.90545408e-006, 1.42828155e-005, 1, 0, 0, 0, 0, 0, 0, 0, 0.261519385, -0.105754736, -0.235916968, -0.0731099776, 0.662230004, -0.74560226, -0.711547852, 0.489257812, 0.504272461, 0.698750638, 0.567453194, 0.435599476, 0, 0, -0, 0, 0, 0, 0, 0.327109668, -0.0921805664, -0.203490479, -0.0414312385, 0.328304762, -0.94356377, 0.144897461, -0.932373047, -0.330810547, -0.988505647, -0.1503443, -0.0089566567, 0, 2, 1, 1, 
488.390917, 29, 0.1, 0.1, 0.0106947568, 0.377160757, -0.0349690395, 0.950979376, -0.309254308, 9.6241633e-006, 0.309254307, 0.950979376, 1.45551163e-005, -1.36536132e-005, -1.08653014e-005, 1, 0.950979347, -0.309254396, 8.27282108e-006, 0.309254396, 0.950979347, -4.87194702e-006, -6.36061096e-006, 7.19152728e-006, 1, 0, 0, 0, 0, 0, 0, 0, 0.261519385, -0.105754736, -0.235916968, -0.0731099776, 0.662230004, -0.74560226, -0.711547852, 0.489257812, 0.504272461, 0.698750638, 0.567453194, 0.435599476, 0, 0, -0, 0, 0, 0, 0, 0.327109668, -0.0921805664, -0.203490479, -0.0414312385, 0.328304762, -0.94356377, 0.144897461, -0.932373047, -0.330810547, -0.988505647, -0.1503443, -0.0089566567, 0, 2, 1, 1, 
488.391623, 29, 0.1, 0.1, 0.0106947594, 0.37716075, -0.0349692794, 0.950979465, -0.309254033, -2.18673083e-005, 0.309254033, 0.950979465, 1.29265065e-006, 2.03956037e-005, -7.9918375e-006, 1, 0.950979456, -0.309254061, -1.77061418e-005, 0.309254062, 0.950979456, 1.65262862e-005, 1.1727356e-005, -2.1191855e-005, 1, 0, 0, 0, 0, 0, 0, 0, 0.261519385, -0.105754736, -0.235916968, -0.0715927759, 0.66125236, -0.746681375, -0.71081543, 0.491333008, 0.503295898, 0.699746256, 0.566742894, 0.435028839, 0, 0, -0, 0, 0, 0, 0, 0.327109668, -0.0921805664, -0.203490479, -0.0414312385, 0.328304762, -0.94356377, 0.144897461, -0.932373047, -0.330810547, -0.988505647, -0.1503443, -0.0089566567, 0, 2, 1, 1, 
488.39233, 29, 0.1, 0.1, 0.0106947592, 0.377160758, -0.0349693369, 0.950979434, -0.309254129, 1.78146107e-005, 0.309254129, 0.950979434, -1.17807905e-005, -1.32980703e-005, 1.67125314e-005, 1, 0.950979448, -0.309254084, 1.22838729e-005, 0.309254084, 0.950979448, -2.14308825e-005, -5.05412273e-006, 2.41791666e-005, 1, 0, 0, 0, 0, 0, 0, 0, 0.261599951, -0.106699829, -0.23575061, -0.0715927759, 0.66125236, -0.746681375, -0.71081543, 0.491333008, 0.503295898, 0.699746256, 0.566742894, 0.435028839, 0, 0, -0, 0, 0, 0, 0, 0.32720415, -0.0928478516, -0.203302393, -0.0399361398, 0.3277364, -0.943851416, 0.143310547, -0.932861328, -0.330078125, -0.988716734, -0.148440154, -0.00972334576, 0, 2, 1, 1, 
488.393027, 29, 0.1, 0.1, 0.0106947606, 0.377160751, -0.0349694977, 0.950979295, -0.309254554, -2.47676106e-005, 0.309254554, 0.950979295, 2.20994829e-005, 1.67191192e-005, -2.86756471e-005, 0.999999999, 0.95097933, -0.309254448, -1.80964882e-005, 0.309254448, 0.95097933, 2.56555832e-005, 9.27528302e-006, -2.99943488e-005, 1, 0, 0, 0, 0, 0, 0, 0, 0.261599951, -0.106699829, -0.23575061, -0.0715927759, 0.66125236, -0.746681375, -0.71081543, 0.491333008, 0.503295898, 0.699746256, 0.566742894, 0.435028839, 0, 0, -0, 0, 0, 0, 0, 0.32720415, -0.0928478516, -0.203302393, -0.0399361398, 0.3277364, -0.943851416, 0.143310547, -0.932861328, -0.330078125, -0.988716734, -0.148440154, -0.00972334576, 0, 2, 1, 1, 
488.393722, 29, 0.1, 0.1, 0.010694761, 0.377160753, -0.0349697209, 0.950979087, -0.309255196, 2.28710142e-005, 0.309255196, 0.950979087, -1.87284847e-005, -1.5957975e-005, 2.48833773e-005, 1, 0.950979134, -0.309255052, 1.34831509e-005, 0.309255053, 0.950979133, -1.64348e-005, -7.73965023e-006, 1.97988844e-005, 1, 0, 0, 0, 0, 0, 0, 0, 0.261599951, -0.106699829, -0.23575061, -0.0715927759, 0.66125236, -0.746681375, -0.71081543, 0.491333008, 0.503295898, 0.699746256, 0.566742894, 0.435028839, 0, 0, -0, 0, 0, 0, 0, 0.32720415, -0.0928478516, -0.203302393, -0.0399361398, 0.3277364, -0.943851416, 0.143310547, -0.932861328, -0.330078125, -0.988716734, -0.148440154, -0.00972334576, 0, 2, 1, 1, 
488.394445, 29, 0.1, 0.1, 0.0106947594, 0.377160753, -0.03496972, 0.950978847, -0.309255934, -2.18754598e-005, 0.309255934, 0.950978847, 1.95969118e-005, 1.47426383e-005, -2.54013643e-005, 1, 0.950978891, -0.309255797, -1.14572808e-005, 0.309255797, 0.950978891, 1.17108223e-005, 7.27399248e-006, -1.46799754e-005, 1, 0, 0, 0, 0, 0, 0, 0, 0.261432861, -0.107146191, -0.235976538, -0.0705578439, 0.661321631, -0.746719567, -0.709838867, 0.492553711, 0.503417969, 0.700818258, 0.565619595, 0.434787704, 0, 0, -0, 0, 0, 0, 0, 0.327184131, -0.093204248, -0.203717139, -0.0401534234, 0.328714176, -0.943538251, 0.142089844, -0.932739258, -0.331054687, -0.988985056, -0.147232701, -0.0091994599, 0, 2, 1, 1, 
488.395136, 29, 0.1, 0.1, 0.0106947616, 0.377160748, -0.0349695633, 0.950978656, -0.30925652, 1.75782881e-005, 0.30925652, 0.950978656, -4.57134208e-006, -1.53028594e-005, 9.78344896e-006, 1, 0.950978686, -0.309256429, 5.35505256e-006, 0.309256429, 0.950978686, 9.94046184e-006, -8.16669258e-006, -7.79708291e-006, 1, 0, 0, 0, 0, 0, 0, 0, 0.261432861, -0.107146191, -0.235976538, -0.0705578439, 0.661321631, -0.746719567, -0.709838867, 0.492553711, 0.503417969, 0.700818258, 0.565619595, 0.434787704, 0, 0, -0, 0, 0, 0, 0, 0.327184131, -0.093204248, -0.203717139, -0.0401534234, 0.328714176, -0.943538251, 0.142089844, -0.932739258, -0.331054687, -0.988985056, -0.147232701, -0.0091994599, 0, 2, 1, 1, 
488.395834, 29, 0.1, 0.1, 0.0106947589, 0.377160754, -0.0349694849, 0.950978561, -0.309256814, -1.48828135e-005, 0.309256813, 0.950978561, -1.29041227e-005, 1.81439245e-005, 7.66893258e-006, 1, 0.950978571, -0.309256782, -3.56117451e-006, 0.309256782, 0.950978571, -2.19660143e-005, 1.01797396e-005, 1.97878916e-005, 1, 0, 0, 0, 0, 0, 0, 0, 0.261432861, -0.107146191, -0.235976538, -0.0705578439, 0.661321631, -0.746719567, -0.709838867, 0.492553711, 0.503417969, 0.700818258, 0.565619595, 0.434787704, 0, 0, -0, 0, 0, 0, 0, 0.327184131, -0.093204248, -0.203717139, -0.0401534234, 0.328714176, -0.943538251, 0.142089844, -0.932739258, -0.331054687, -0.988985056, -0.147232701, -0.0091994599, 0, 2, 1, 1, 
488.396525, 29, 0.1, 0.1, 0.0106947621, 0.377160749, -0.0349694979, 0.950978582, -0.309256749, 9.26409063e-006, 0.309256749, 0.950978582, 1.93895964e-005, -1.48063153e-005, -1.55741083e-005, 1, 0.950978569, -0.309256788, -6.31560303e-007, 0.309256788, 0.950978569, 2.38073987e-005, -6.76199934e-006, -2.28356403e-005, 1, 0, 0, 0, 0, 0, 0, 0, 0.261432861, -0.107146191, -0.235976538, -0.0705578439, 0.661321631, -0.746719567, -0.709838867, 0.492553711, 0.503417969, 0.700818258, 0.565619595, 0.434787704, 0, 0, -0, 0, 0, 0, 0, 0.327184131, -0.093204248, -0.203717139, -0.0401534234, 0.328714176, -0.943538251, 0.142089844, -0.932739258, -0.331054687, -0.988985056, -0.147232701, -0.0091994599, 0, 2, 1, 1, 
488.397218, 29, 0.1, 0.1, 0.010694759, 0.377160755, -0.0349696012, 0.950978707, -0.309256363, -6.17137582e-006, 0.309256362, 0.950978707, -3.19084328e-005, 1.57367329e-005, 2.8435703e-005, 0.999999999, 0.950978675, -0.309256461, 1.451621e-006, 0.309256461, 0.950978675, -3.09908027e-005, 8.20364534e-006, 2.99205156e-005, 1, 0, 0, 0, 0, 0, 0, 0, 0.261432861, -0.107146191, -0.235976538, -0.0705578439, 0.661321631, -0.746719567, -0.709838867, 0.492553711, 0.503417969, 0.700818258, 0.565619595, 0.434787704, 0, 0, -0, 0, 0, 0, 0, 0.327184131, -0.093204248, -0.203717139, -0.0401534234, 0.328714176, -0.943538251, 0.142089844, -0.932739258, -0.331054687, -0.988985056, -0.147232701, -0.0091994599, 0, 2, 1, 1, 
488.39791, 29, 0.1, 0.1, 0.0106947603, 0.377160753, -0.0349697834, 0.950978906, -0.309255752, 7.32291462e-006, 0.309255752, 0.950978906, 2.92169126e-005, -1.59994356e-005, -2.55200141e-005, 1, 0.950978862, -0.309255888, 1.36373862e-006, 0.309255888, 0.950978862, 2.19172954e-005, -8.07493925e-006, -2.04211404e-005, 1, 0, 0, 0, 0, 0, 0, 0, 0.261432861, -0.107146191, -0.235976538, -0.0705578439, 0.661321631, -0.746719567, -0.709838867, 0.492553711, 0.503417969, 0.700818258, 0.565619595, 0.434787704, 0, 0, -0, 0, 0, 0, 0, 0.327184131, -0.093204248, -0.203717139, -0.0401534234, 0.328714176, -0.943538251, 0.142089844, -0.932739258, -0.331054687, -0.988985056, -0.147232701, -0.0091994599, 0, 2, 1, 1, 
488.398605, 29, 0.1, 0.1, 0.0106947589, 0.377160751, -0.0349699389, 0.950979127, -0.309255073, -5.90365439e-006, 0.309255073, 0.950979127, -2.4718736e-005, 1.32586466e-005, 2.16812669e-005, 1, 0.950979085, -0.309255203, -2.03985362e-006, 0.309255203, 0.950979085, -1.21884924e-005, 5.70921283e-006, 1.0960166e-005, 1, 0, 0, 0, 0, 0, 0, 0, 0.261432861, -0.107146191, -0.235976538, -0.0705578439, 0.661321631, -0.746719567, -0.709838867, 0.492553711, 0.503417969, 0.700818258, 0.565619595, 0.434787704, 0, 0, -0, 0, 0, 0, 0, 0.327184131, -0.093204248, -0.203717139, -0.0401534234, 0.328714176, -0.943538251, 0.142089844, -0.932739258, -0.331054687, -0.988985056, -0.147232701, -0.0091994599, 0, 2, 1, 1, 
488.399329, 29, 0.1, 0.1, 0.0106947577, 0.377160756, -0.0349697488, 0.950979317, -0.30925449, 1.22731951e-005, 0.309254489, 0.950979317, 1.72821896e-005, -1.70161494e-005, -1.26394642e-005, 1, 0.950979288, -0.309254576, 1.09626701e-005, 0.309254576, 0.950979289, -1.26614672e-006, -1.00337105e-005, 4.5943352e-006, 1, 0, 0, 0, 0, 0, 0, 0, 0.261651343, -0.107336841, -0.236169995, -0.0706593153, 0.661987748, -0.746160913, -0.709594727, 0.49230957, 0.50390625, 0.700957921, 0.565143317, 0.43519359, 0, 0, -0, 0, 0, 0, 0, 0.327397363, -0.0935640625, -0.203912061, -0.0402620652, 0.329717472, -0.943199565, 0.140869141, -0.932617188, -0.33203125, -0.989119218, -0.146268052, -0.00891837723, 0, 2, 1, 1, 
488.400023, 29, 0.1, 0.1, 0.0106947591, 0.377160748, -0.0349694773, 0.950979404, -0.30925422, -1.89617833e-005, 0.30925422, 0.950979404, 2.17547254e-006, 1.73594913e-005, -7.93284107e-006, 1, 0.950979395, -0.309254247, -1.51651885e-005, 0.309254247, 0.950979395, 1.65250305e-005, 9.31134597e-006, -2.04048624e-005, 1, 0, 0, 0, 0, 0, 0, 0, 0.261651343, -0.107336841, -0.236169995, -0.0706593153, 0.661987748, -0.746160913, -0.709594727, 0.49230957, 0.50390625, 0.700957921, 0.565143317, 0.43519359, 0, 0, -0, 0, 0, 0, 0, 0.327397363, -0.0935640625, -0.203912061, -0.0402620652, 0.329717472, -0.943199565, 0.140869141, -0.932617188, -0.33203125, -0.989119218, -0.146268052, -0.00891837723, 0, 2, 1, 1, 
488.400716, 29, 0.1, 0.1, 0.0106947582, 0.377160755, -0.0349693195, 0.950979375, -0.30925431, 1.95309604e-005, 0.30925431, 0.950979375, -1.2154685e-005, -1.48146518e-005, 1.75988885e-005, 1, 0.950979389, -0.309254267, 1.42426363e-005, 0.309254267, 0.950979389, -2.11485769e-005, -7.00416588e-006, 2.45164568e-005, 1, 0, 0, 0, 0, 0, 0, 0, 0.261651343, -0.107336841, -0.236169995, -0.0706593153, 0.661987748, -0.746160913, -0.709594727, 0.49230957, 0.50390625, 0.700957921, 0.565143317, 0.43519359, 0, 0, -0, 0, 0, 0, 0, 0.327397363, -0.0935640625, -0.203912061, -0.0402620652, 0.329717472, -0.943199565, 0.140869141, -0.932617188, -0.33203125, -0.989119218, -0.146268052, -0.00891837723, 0, 2, 1, 1, 
488.401412, 29, 0.1, 0.1, 0.0106947594, 0.377160749, -0.034969286, 0.95097924, -0.309254723, -2.53702749e-005, 0.309254723, 0.95097924, 1.97660194e-005, 1.80138699e-005, -2.66429515e-005, 0.999999999, 0.950979275, -0.309254617, -1.80262271e-005, 0.309254617, 0.950979275, 2.36087531e-005, 9.8414525e-006, -2.80261289e-005, 1, 0, 0, 0, 0, 0, 0, 0, 0.261651343, -0.107336841, -0.236169995, -0.0706593153, 0.661987748, -0.746160913, -0.709594727, 0.49230957, 0.50390625, 0.700957921, 0.565143317, 0.43519359, 0, 0, -0, 0, 0, 0, 0, 0.327397363, -0.0935640625, -0.203912061, -0.0402620652, 0.329717472, -0.943199565, 0.140869141, -0.932617188, -0.33203125, -0.989119218, -0.146268052, -0.00891837723, 0, 2, 1, 1, 
488.402109, 29, 0.1, 0.1, 0.0106947601, 0.377160752, -0.034969356, 0.950979033, -0.309255361, 2.17961786e-005, 0.309255362, 0.950979033, -1.98903853e-005, -1.45765006e-005, 2.56559245e-005, 1, 0.950979079, -0.309255221, 1.26363926e-005, 0.309255221, 0.950979079, -1.81436604e-005, -6.4059233e-006, 2.11621118e-005, 1, 0, 0, 0, 0, 0, 0, 0, 0.261651343, -0.107336841, -0.236169995, -0.0706593153, 0.661987748, -0.746160913, -0.709594727, 0.49230957, 0.50390625, 0.700957921, 0.565143317, 0.43519359, 0, 0, -0, 0, 0, 0, 0, 0.327397363, -0.0935640625, -0.203912061, -0.0402620652, 0.329717472, -0.943199565, 0.140869141, -0.932617188, -0.33203125, -0.989119218, -0.146268052, -0.00891837723, 0, 2, 1, 1, 
488.402805, 29, 0.1, 0.1, 0.0106947587, 0.377160752, -0.0349695172, 0.950978802, -0.309256072, -2.14326521e-005, 0.309256072, 0.950978802, 1.92388786e-005, 1.44322578e-005, -2.49239436e-005, 1, 0.950978847, -0.309255935, -1.06808699e-005, 0.309255935, 0.950978847, 1.07453288e-005, 6.83422461e-006, -1.35217028e-005, 1, 0, 0, 0, 0, 0, 0, 0, 0.261651343, -0.107336841, -0.236169995, -0.0706593153, 0.661987748, -0.746160913, -0.709594727, 0.49230957, 0.50390625, 0.700957921, 0.565143317, 0.43519359, 0, 0, -0, 0, 0, 0, 0, 0.327397363, -0.0935640625, -0.203912061, -0.0402620652, 0.329717472, -0.943199565, 0.140869141, -0.932617188, -0.33203125, -0.989119218, -0.146268052, -0.00891837723, 0, 2, 1, 1, 
488.403497, 29, 0.1, 0.1, 0.010694761, 0.377160746, -0.0349697477, 0.950978613, -0.309256654, 1.71744958e-005, 0.309256654, 0.950978613, -2.64557406e-006, -1.55144168e-005, 7.82721147e-006, 1, 0.950978642, -0.309256565, 4.9864942e-006, 0.309256565, 0.950978642, 1.14842935e-005, -8.29364262e-006, -9.37921173e-006, 1, 0, 0, 0, 0, 0, 0, 0, 0.261651343, -0.107336841, -0.236169995, -0.0706593153, 0.661987748, -0.746160913, -0.709594727, 0.49230957, 0.50390625, 0.700957921, 0.565143317, 0.43519359, 0, 0, -0, 0, 0, 0, 0, 0.327397363, -0.0935640625, -0.203912061, -0.0402620652, 0.329717472, -0.943199565, 0.140869141, -0.932617188, -0.33203125, -0.989119218, -0.146268052, -0.00891837723, 0, 2, 1, 1, 
488.40422, 29, 0.1, 0.1, 0.010694758, 0.377160753, -0.0349696827, 0.950978515, -0.309256953, -1.47056802e-005, 0.309256953, 0.950978515, -1.13600412e-005, 1.74979577e-005, 6.25532129e-006, 1, 0.950978525, -0.309256923, -3.67369079e-006, 0.309256923, 0.950978525, -2.04035038e-005, 9.80352585e-006, 1.82671796e-005, 1, 0, 0, 0, 0, 0, 0, 0, 0.261781079, -0.107309131, -0.236359302, -0.0724618353, 0.662483122, -0.745475701, -0.709838867, 0.490722656, 0.505126953, 0.700501861, 0.565930001, 0.434837879, 0, 0, -0, 0, 0, 0, 0, 0.327555908, -0.0937924316, -0.204106738, -0.0412460378, 0.329755751, -0.943046081, 0.140991211, -0.932495117, -0.332275391, -0.989099895, -0.146632256, -0.0080430464, 0, 2, 1, 1, 
488.40492, 29, 0.1, 0.1, 0.010694761, 0.377160746, -0.0349695413, 0.950978539, -0.309256882, 1.01726143e-005, 0.309256882, 0.950978538, 2.12749353e-005, -1.62533581e-005, -1.70860559e-005, 1, 0.950978526, -0.309256922, 2.26071579e-007, 0.309256922, 0.950978525, 2.57527324e-005, -8.17919998e-006, -2.44203813e-005, 1, 0, 0, 0, 0, 0, 0, 0, 0.261781079, -0.107309131, -0.236359302, -0.0724618353, 0.662483122, -0.745475701, -0.709838867, 0.490722656, 0.505126953, 0.700501861, 0.565930001, 0.434837879, 0, 0, -0, 0, 0, 0, 0, 0.327555908, -0.0937924316, -0.204106738, -0.0412460378, 0.329755751, -0.943046081, 0.140991211, -0.932495117, -0.332275391, -0.989099895, -0.146632256, -0.0080430464, 0, 2, 1, 1, 
488.405615, 29, 0.1, 0.1, 0.0106947577, 0.377160752, -0.0349694245, 0.950978669, -0.309256481, -6.1254008e-006, 0.30925648, 0.950978669, -3.19417259e-005, 1.57033112e-005, 2.84815801e-005, 0.999999999, 0.950978636, -0.309256583, 1.81836246e-006, 0.309256583, 0.950978635, -3.05656194e-005, 7.72339518e-006, 2.96295916e-005, 1, 0, 0, 0, 0, 0, 0, 0, 0.261781079, -0.107309131, -0.236359302, -0.0724618353, 0.662483122, -0.745475701, -0.709838867, 0.490722656, 0.505126953, 0.700501861, 0.565930001, 0.434837879, 0, 0, -0, 0, 0, 0, 0, 0.327555908, -0.0937924316, -0.204106738, -0.0412460378, 0.329755751, -0.943046081, 0.140991211, -0.932495117, -0.332275391, -0.989099895, -0.146632256, -0.0080430464, 0, 2, 1, 1, 
488.406325, 29, 0.1, 0.1, 0.0106947593, 0.377160751, -0.0349692182, 0.950978878, -0.309255837, 6.53313468e-006, 0.309255837, 0.950978878, 2.8622529e-005, -1.50645573e-005, -2.51990105e-005, 1, 0.950978833, -0.309255977, 5.72409278e-007, 0.309255977, 0.950978833, 2.16691341e-005, -7.24565835e-006, -2.04298669e-005, 1, 0, 0, 0, 0, 0, 0, 0, 0.261781079, -0.107309131, -0.236359302, -0.0724618353, 0.662483122, -0.745475701, -0.709838867, 0.490722656, 0.505126953, 0.700501861, 0.565930001, 0.434837879, 0, 0, -0, 0, 0, 0, 0, 0.327555908, -0.0937924316, -0.204106738, -0.0412460378, 0.329755751, -0.943046081, 0.140991211, -0.932495117, -0.332275391, -0.989099895, -0.146632256, -0.0080430464, 0, 2, 1, 1, 
488.407035, 29, 0.1, 0.1, 0.0106947585, 0.37716075, -0.0349690275, 0.95097911, -0.309255124, -7.87385194e-006, 0.309255124, 0.95097911, -2.93565343e-005, 1.65665274e-005, 2.54824219e-005, 1, 0.950979067, -0.309255258, -3.77009727e-006, 0.309255258, 0.950979067, -1.62139596e-005, 8.59953585e-006, 1.42532138e-005, 1, 0, 0, 0, 0, 0, 0, 0, 0.261781079, -0.107309131, -0.236359302, -0.0724618353, 0.662483122, -0.745475701, -0.709838867, 0.490722656, 0.505126953, 0.700501861, 0.565930001, 0.434837879, 0, 0, -0, 0, 0, 0, 0, 0.327976025, -0.0935818848, -0.204105273, -0.0417826835, 0.330400672, -0.94287364, 0.143676758, -0.931884766, -0.332885742, -0.988665328, -0.149264812, -0.00851589297, 0, 2, 1, 1, 
