time, trialNum, realDorsalTactorPos, realVentralTactorPos, boxPosX, boxPosY, boxPosZ, boxLocalRot_11, boxLocalRot_12, boxLocalRot_13, boxLocalRot_21, boxLocalRot_22, boxLocalRot_23, boxLocalRot_31, boxLocalRot_32, boxLocalRot_33, boxGlobalRot_11, boxGlobalRot_12, boxGlobalRot_13, boxGlobalRot_21, boxGlobalRot_22, boxGlobalRot_23, boxGlobalRot_31, boxGlobalRot_32, boxGlobalRot_33, indexForceX, indexForceY, indexForceZ, indexForceGlobalX, indexForceGlobalY, indexForceGlobalZ, indexContact, indexPosX, indexPosY, indexPosZ, indexRot_11, indexRot_12, indexRot_13, indexRot_21, indexRot_22, indexRot_23, indexRot_31, indexRot_32, indexRot_33, thumbForceX, thumbForceY, thumbForceZ, thumbForceGlobalX, thumbForceGlobalY, thumbForceGlobalZ, thumbContact, thumbPosX, thumbPosY, thumbPosZ, thumbRot_11, thumbRot_12, thumbRot_13, thumbRot_21, thumbRot_22, thumbRot_23, thumbRot_31, thumbRot_32, thumbRot_33, manipForceTooHigh, cceExpType, mapping, trialSuccess, 
526.045313, 41, 0.1, 0.1, 0.0166625216, 0.367909237, -0.0349813624, 0.965712475, -0.259613976, -8.2696894e-006, 0.259613976, 0.965712474, -2.51680017e-005, 1.45201072e-005, 2.21581263e-005, 1, 0.965712472, -0.259613986, -1.26319026e-005, 0.259613986, 0.965712472, -2.20167131e-005, 1.79146326e-005, 1.79823958e-005, 1, 0, 0, 0, 0, 0, 0, 0, 0.254155225, -0.193503101, -0.201439819, -0.342984441, 0.554566508, -0.758090408, -0.923706055, -0.0531005859, 0.37902832, 0.170005449, 0.830329774, 0.530765723, 0, 0, -0, 0, 0, 0, 0, 0.325432471, -0.148943555, -0.181684814, 0.174743796, 0.0630161571, -0.982559344, 0.0300292969, -0.997680664, -0.05859375, -0.984073399, -0.0191527041, -0.176303061, 0, 2, 1, 1, 
526.052249, 41, 0.1, 0.1, 0.016662506, 0.367909242, -0.034978061, 0.965712395, -0.259614273, -2.50017307e-006, 0.259614273, 0.965712395, -6.11741304e-006, 4.00261586e-006, 5.25858099e-006, 1, 0.965712396, -0.259614268, -6.48149906e-006, 0.259614268, 0.965712396, -5.57129766e-006, 7.70565235e-006, 3.69758157e-006, 1, 0, 0, 0, 0, 0, 0, 0, 0.253361255, -0.193601465, -0.200490576, -0.341407708, 0.557085319, -0.756986206, -0.923217773, -0.0478515625, 0.381103516, 0.176058908, 0.82906569, 0.530714426, 0, 0, -0, 0, 0, 0, 0, 0.325068994, -0.149713232, -0.180125781, 0.175957812, 0.0631958944, -0.982348623, 0.0247802734, -0.997802734, -0.0598144531, -0.9839458, -0.0138558764, -0.177140112, 0, 2, 1, 1, 
526.052943, 41, 0.1, 0.1, 0.0166625058, 0.367909241, -0.0349708239, 0.965712365, -0.259614382, -1.81444601e-006, 0.259614382, 0.965712365, -5.39661786e-006, 3.15327256e-006, 4.74052432e-006, 1, 0.965712374, -0.259614349, -2.69455709e-006, 0.259614349, 0.965712374, 2.7555619e-006, 1.88678371e-006, -3.36062591e-006, 1, 0, 0, 0, 0, 0, 0, 0, 0.253361255, -0.193601465, -0.200490576, -0.341407708, 0.557085319, -0.756986206, -0.923217773, -0.0478515625, 0.381103516, 0.176058908, 0.82906569, 0.530714426, 0, 0, -0, 0, 0, 0, 0, 0.325068994, -0.149713232, -0.180125781, 0.175957812, 0.0631958944, -0.982348623, 0.0247802734, -0.997802734, -0.0598144531, -0.9839458, -0.0138558764, -0.177140112, 0, 2, 1, 1, 
526.053625, 41, 0.1, 0.1, 0.0166625063, 0.367909241, -0.0349641218, 0.965712316, -0.259614567, -7.15439526e-006, 0.259614567, 0.965712316, 2.80519759e-006, 6.18081745e-006, -4.56639909e-006, 1, 0.965712326, -0.259614528, -5.06669607e-007, 0.259614528, 0.965712326, 8.47769044e-006, -1.71163452e-006, -8.31854894e-006, 1, 0, 0, 0, 0, 0, 0, 0, 0.253361255, -0.193601465, -0.200490576, -0.341407708, 0.557085319, -0.756986206, -0.923217773, -0.0478515625, 0.381103516, 0.176058908, 0.82906569, 0.530714426, 0, 0, -0, 0, 0, 0, 0, 0.325068994, -0.149713232, -0.180125781, 0.175957812, 0.0631958944, -0.982348623, 0.0247802734, -0.997802734, -0.0598144531, -0.9839458, -0.0138558764, -0.177140112, 0, 2, 1, 1, 
526.054342, 41, 0.1, 0.1, 0.0166625044, 0.367909242, -0.0349590479, 0.965712224, -0.25961491, 1.02350906e-005, 0.259614909, 0.965712224, 1.19488611e-005, -1.29862546e-005, -8.88197907e-006, 1, 0.965712245, -0.259614828, 1.40807076e-005, 0.259614828, 0.965712246, 9.34418522e-006, -1.60238008e-005, -5.36823361e-006, 1, 0, 0, 0, 0, 0, 0, 0, 0.25342876, -0.194057471, -0.199860034, -0.340245095, 0.556882376, -0.757678531, -0.923095703, -0.0446777344, 0.381713867, 0.178717383, 0.829345017, 0.529464568, 0, 0, -0, 0, 0, 0, 0, 0.325298828, -0.150107471, -0.179456055, 0.176091974, 0.063355942, -0.982348623, 0.0229492187, -0.997802734, -0.0601806641, -0.984054442, -0.0118751714, -0.177140112, 0, 2, 1, 1, 
526.055034, 41, 0.1, 0.1, 0.0166625097, 0.367909244, -0.0349576235, 0.965712115, -0.259615312, -1.80433881e-005, 0.259615312, 0.965712115, 3.82501069e-007, 1.73254153e-005, -5.05372574e-006, 1, 0.965712134, -0.259615243, -2.2119039e-005, 0.259615242, 0.965712134, -1.20038626e-005, 2.447701e-005, 5.84983611e-006, 1, 0, 0, 0, 0, 0, 0, 0, 0.25342876, -0.194057471, -0.199860034, -0.340245095, 0.556882376, -0.757678531, -0.923095703, -0.0446777344, 0.381713867, 0.178717383, 0.829345017, 0.529464568, 0, 0, -0, 0, 0, 0, 0, 0.325298828, -0.150107471, -0.179456055, 0.176091974, 0.063355942, -0.982348623, 0.0229492187, -0.997802734, -0.0601806641, -0.984054442, -0.0118751714, -0.177140112, 0, 2, 1, 1, 
526.05572, 41, 0.1, 0.1, 0.0166625023, 0.367909244, -0.0349598683, 0.965712083, -0.25961543, 3.31411701e-005, 0.25961543, 0.965712084, 3.01071964e-007, -3.20829914e-005, 8.3132103e-006, 0.999999999, 0.965712086, -0.25961542, 3.71418093e-005, 0.25961542, 0.965712086, -1.70381501e-006, -3.54259575e-005, 1.12879812e-005, 0.999999999, 0, 0, 0, 0, 0, 0, 0, 0.25342876, -0.194057471, -0.199860034, -0.340245095, 0.556882376, -0.757678531, -0.923095703, -0.0446777344, 0.381713867, 0.178717383, 0.829345017, 0.529464568, 0, 0, -0, 0, 0, 0, 0, 0.325298828, -0.150107471, -0.179456055, 0.176091974, 0.063355942, -0.982348623, 0.0229492187, -0.997802734, -0.0601806641, -0.984054442, -0.0118751714, -0.177140112, 0, 2, 1, 1, 
526.056406, 41, 0.1, 0.1, 0.0166625073, 0.367909245, -0.0349649596, 0.965712045, -0.259615572, -4.00682273e-005, 0.259615572, 0.965712045, -1.28128226e-005, 4.2020778e-005, 1.97116132e-006, 0.999999999, 0.965712055, -0.259615536, -3.33526073e-005, 0.259615536, 0.965712055, -7.02133484e-006, 3.40318626e-005, -1.87826732e-006, 0.999999999, 0, 0, 0, 0, 0, 0, 0, 0.25342876, -0.194057471, -0.199860034, -0.340245095, 0.556882376, -0.757678531, -0.923095703, -0.0446777344, 0.381713867, 0.178717383, 0.829345017, 0.529464568, 0, 0, -0, 0, 0, 0, 0, 0.325298828, -0.150107471, -0.179456055, 0.176091974, 0.063355942, -0.982348623, 0.0229492187, -0.997802734, -0.0601806641, -0.984054442, -0.0118751714, -0.177140112, 0, 2, 1, 1, 
526.057093, 41, 0.1, 0.1, 0.016662515, 0.367909246, -0.0349712733, 0.965712023, -0.259615654, 1.11071858e-005, 0.259615654, 0.965712023, -7.46519222e-007, -1.05325348e-005, 3.60452189e-006, 1, 0.965712022, -0.25961566, -1.12178362e-005, 0.25961566, 0.965712022, 2.03691203e-006, 1.0304385e-005, -4.87939639e-006, 1, 0, 0, 0, 0, 0, 0, 0, 0.25342876, -0.194057471, -0.199860034, -0.340245095, 0.556882376, -0.757678531, -0.923095703, -0.0446777344, 0.381713867, 0.178717383, 0.829345017, 0.529464568, 0, 0, -0, 0, 0, 0, 0, 0.325298828, -0.150107471, -0.179456055, 0.176091974, 0.063355942, -0.982348623, 0.0229492187, -0.997802734, -0.0601806641, -0.984054442, -0.0118751714, -0.177140112, 0, 2, 1, 1, 
526.057778, 41, 0.1, 0.1, 0.0166625041, 0.367909243, -0.0349768722, 0.965711994, -0.259615761, 2.86073739e-005, 0.259615761, 0.965711995, 1.96615384e-005, -3.27309294e-005, -1.15604583e-005, 0.999999999, 0.965712004, -0.259615724, 3.52609887e-005, 0.259615723, 0.965712005, 1.68035106e-005, -3.84144156e-005, -7.07304483e-006, 0.999999999, 0, 0, 0, 0, 0, 0, 0, 0.25342876, -0.194057471, -0.199860034, -0.340245095, 0.556882376, -0.757678531, -0.923095703, -0.0446777344, 0.381713867, 0.178717383, 0.829345017, 0.529464568, 0, 0, -0, 0, 0, 0, 0, 0.325298828, -0.150107471, -0.179456055, 0.176091974, 0.063355942, -0.982348623, 0.0229492187, -0.997802734, -0.0601806641, -0.984054442, -0.0118751714, -0.177140112, 0, 2, 1, 1, 
526.058479, 41, 0.1, 0.1, 0.0166625063, 0.367909244, -0.0349801849, 0.965711904, -0.259616096, -2.46392834e-005, 0.259616096, 0.965711904, -2.13604887e-005, 2.9339976e-005, 1.42313237e-005, 0.999999999, 0.965711928, -0.25961601, -1.77176353e-005, 0.25961601, 0.965711928, -1.25654578e-005, 2.03723257e-005, 7.53483075e-006, 1, 0, 0, 0, 0, 0, 0, 0, 0.25342876, -0.194057471, -0.199860034, -0.340105432, 0.557002944, -0.757678531, -0.923217773, -0.0445556641, 0.381591797, 0.178818854, 0.829325921, 0.529464568, 0, 0, -0, 0, 0, 0, 0, 0.325298828, -0.150107471, -0.179456055, 0.176091974, 0.063355942, -0.982348623, 0.0229492187, -0.997802734, -0.0601806641, -0.984054442, -0.0118751714, -0.177140112, 0, 2, 1, 1, 
526.059188, 41, 0.1, 0.1, 0.0166625143, 0.367909249, -0.0349800198, 0.965711803, -0.259616473, -9.33921759e-006, 0.259616473, 0.965711803, 3.46961698e-006, 8.11822294e-006, -5.7752648e-006, 1, 0.965711822, -0.259616401, -1.80658472e-005, 0.259616401, 0.965711822, -9.58157937e-006, 1.99339374e-005, 4.56285424e-006, 1, 0, 0, 0, 0, 0, 0, 0, 0.25388269, -0.193828125, -0.19941355, -0.340105432, 0.557002944, -0.757678531, -0.923217773, -0.0445556641, 0.381591797, 0.178818854, 0.829325921, 0.529464568, 0, 0, -0, 0, 0, 0, 0, 0.325761914, -0.150039111, -0.178781445, 0.176334777, 0.0641291943, -0.982201702, 0.0223388672, -0.997802734, -0.0611572266, -0.984028923, -0.011057443, -0.177370156, 0, 2, 1, 1, 
526.059877, 41, 0.1, 0.1, 0.016662509, 0.367909245, -0.0349768865, 0.965711758, -0.259616639, 2.19638304e-005, 0.259616639, 0.965711759, 4.40031562e-006, -2.23531244e-005, 1.45273928e-006, 1, 0.965711763, -0.25961662, 2.26696931e-005, 0.25961662, 0.965711764, 1.3860931e-005, -2.54909174e-005, -7.50023498e-006, 1, 0, 0, 0, 0, 0, 0, 0, 0.25388269, -0.193828125, -0.19941355, -0.340105432, 0.557002944, -0.757678531, -0.923217773, -0.0445556641, 0.381591797, 0.178818854, 0.829325921, 0.529464568, 0, 0, -0, 0, 0, 0, 0, 0.325761914, -0.150039111, -0.178781445, 0.176334777, 0.0641291943, -0.982201702, 0.0223388672, -0.997802734, -0.0611572266, -0.984028923, -0.011057443, -0.177370156, 0, 2, 1, 1, 
526.060563, 41, 0.1, 0.1, 0.0166625124, 0.367909246, -0.0349719904, 0.965711779, -0.259616563, -2.95995217e-005, 0.259616563, 0.965711779, 4.16038669e-006, 2.75045015e-005, -1.17022605e-005, 1, 0.96571177, -0.259616594, -2.42743939e-005, 0.259616594, 0.965711771, 1.49455106e-006, 2.30540576e-005, -7.74534101e-006, 1, 0, 0, 0, 0, 0, 0, 0, 0.25388269, -0.193828125, -0.19941355, -0.340105432, 0.557002944, -0.757678531, -0.923217773, -0.0445556641, 0.381591797, 0.178818854, 0.829325921, 0.529464568, 0, 0, -0, 0, 0, 0, 0, 0.325761914, -0.150039111, -0.178781445, 0.176334777, 0.0641291943, -0.982201702, 0.0223388672, -0.997802734, -0.0611572266, -0.984028923, -0.011057443, -0.177370156, 0, 2, 1, 1, 
526.061277, 41, 0.1, 0.1, 0.0166625132, 0.367909248, -0.0349665385, 0.965711806, -0.259616462, 2.65392156e-005, 0.259616462, 0.965711806, -5.05242775e-006, -2.43175404e-005, 1.17692064e-005, 1, 0.965711807, -0.259616458, 1.53226599e-005, 0.259616458, 0.965711807, -9.45070142e-006, -1.2343716e-005, 1.31046686e-005, 1, 0, 0, 0, 0, 0, 0, 0, 0.25388269, -0.193828125, -0.19941355, -0.340105432, 0.557002944, -0.757678531, -0.923217773, -0.0445556641, 0.381591797, 0.178818854, 0.829325921, 0.529464568, 0, 0, -0, 0, 0, 0, 0, 0.325761914, -0.150039111, -0.178781445, 0.174040907, 0.0664551477, -0.982444139, 0.0213623047, -0.997680664, -0.0637207031, -0.984392761, -0.00983103378, -0.175063525, 0, 2, 1, 1, 
526.061969, 41, 0.1, 0.1, 0.0166625109, 0.367909245, -0.0349623917, 0.965711755, -0.25961665, -2.22767956e-005, 0.25961665, 0.965711756, -4.13072658e-008, 2.15236874e-005, -5.74353613e-006, 1, 0.965711773, -0.259616587, -3.16682491e-006, 0.259616587, 0.965711773, 1.30706906e-005, -3.35127985e-007, -1.344468e-005, 1, 0, 0, 0, 0, 0, 0, 0, 0.25388269, -0.193828125, -0.19941355, -0.340105432, 0.557002944, -0.757678531, -0.923217773, -0.0445556641, 0.381591797, 0.178818854, 0.829325921, 0.529464568, 0, 0, -0, 0, 0, 0, 0, 0.32560249, -0.149636182, -0.179195459, 0.174040907, 0.0664551477, -0.982444139, 0.0213623047, -0.997680664, -0.0637207031, -0.984392761, -0.00983103378, -0.175063525, 0, 2, 1, 1, 
526.06266, 41, 0.1, 0.1, 0.016662521, 0.36790925, -0.0349607284, 0.965711639, -0.259617085, -1.36857135e-005, 0.259617085, 0.965711639, 2.07413623e-006, 1.26779716e-005, -5.55606253e-006, 1, 0.965711662, -0.259616997, -2.63423305e-005, 0.259616997, 0.965711662, -1.51878104e-005, 2.93821095e-005, 7.82812888e-006, 1, 0, 0, 0, 0, 0, 0, 0, 0.25388269, -0.193828125, -0.19941355, -0.340105432, 0.557002944, -0.757678531, -0.923217773, -0.0445556641, 0.381591797, 0.178818854, 0.829325921, 0.529464568, 0, 0, -0, 0, 0, 0, 0, 0.32560249, -0.149636182, -0.179195459, 0.174040907, 0.0664551477, -0.982444139, 0.0213623047, -0.997680664, -0.0637207031, -0.984392761, -0.00983103378, -0.175063525, 0, 2, 1, 1, 
526.063351, 41, 0.1, 0.1, 0.0166625126, 0.367909249, -0.0349618531, 0.965711602, -0.259617218, 2.92822665e-005, 0.259617219, 0.965711603, -1.09352408e-005, -2.54392477e-005, 1.81624695e-005, 1, 0.965711602, -0.25961722, 3.48219845e-005, 0.259617221, 0.965711602, -2.37933327e-006, -3.30102786e-005, 1.13381366e-005, 0.999999999, 0, 0, 0, 0, 0, 0, 0, 0.25388269, -0.193828125, -0.19941355, -0.340105432, 0.557002944, -0.757678531, -0.923217773, -0.0445556641, 0.381591797, 0.178818854, 0.829325921, 0.529464568, 0, 0, -0, 0, 0, 0, 0, 0.32560249, -0.149636182, -0.179195459, 0.174040907, 0.0664551477, -0.982444139, 0.0213623047, -0.997680664, -0.0637207031, -0.984392761, -0.00983103378, -0.175063525, 0, 2, 1, 1, 
526.064054, 41, 0.1, 0.1, 0.016662518, 0.367909251, -0.0349651448, 0.965711657, -0.259617014, -2.94657095e-005, 0.259617014, 0.965711658, 9.94536443e-007, 2.81971806e-005, -8.61023495e-006, 1, 0.965711643, -0.259617066, -3.03860679e-005, 0.259617066, 0.965711644, 3.71969013e-007, 2.92476101e-005, -8.2479566e-006, 1, 0, 0, 0, 0, 0, 0, 0, 0.253858765, -0.193283862, -0.199537305, -0.34068206, 0.559001293, -0.755824715, -0.922607422, -0.0443115234, 0.383056641, 0.18064047, 0.827897086, 0.531024832, 0, 0, -0, 0, 0, 0, 0, 0.32560249, -0.149636182, -0.179195459, 0.174040907, 0.0664551477, -0.982444139, 0.0213623047, -0.997680664, -0.0637207031, -0.984392761, -0.00983103378, -0.175063525, 0, 2, 1, 1, 
526.06474, 41, 0.1, 0.1, 0.0166625155, 0.367909253, -0.0349695868, 0.965711702, -0.259616847, 2.89719117e-005, 0.259616847, 0.965711703, 2.77394609e-006, -2.86986773e-005, 4.84276417e-006, 1, 0.9657117, -0.259616854, 2.50044891e-005, 0.259616854, 0.965711701, -4.73997145e-006, -2.29165512e-005, 1.10690327e-005, 1, 0, 0, 0, 0, 0, 0, 0, 0.253858765, -0.193283862, -0.199537305, -0.34068206, 0.559001293, -0.755824715, -0.922607422, -0.0443115234, 0.383056641, 0.18064047, 0.827897086, 0.531024832, 0, 0, -0, 0, 0, 0, 0, 0.32560249, -0.149636182, -0.179195459, 0.174040907, 0.0664551477, -0.982444139, 0.0213623047, -0.997680664, -0.0637207031, -0.984392761, -0.00983103378, -0.175063525, 0, 2, 1, 1, 
526.065427, 41, 0.1, 0.1, 0.0166625131, 0.36790925, -0.0349738882, 0.965711669, -0.259616972, -1.0956475e-005, 0.259616971, 0.965711669, -3.28954225e-006, 1.14348167e-005, 3.32262484e-007, 1, 0.965711683, -0.259616922, -3.98549131e-006, 0.259616922, 0.965711682, 7.67578882e-006, 1.85607085e-006, -8.44729992e-006, 1, 0, 0, 0, 0, 0, 0, 0, 0.253858765, -0.193283862, -0.199537305, -0.34068206, 0.559001293, -0.755824715, -0.922607422, -0.0443115234, 0.383056641, 0.18064047, 0.827897086, 0.531024832, 0, 0, -0, 0, 0, 0, 0, 0.32560249, -0.149636182, -0.179195459, 0.174040907, 0.0664551477, -0.982444139, 0.0213623047, -0.997680664, -0.0637207031, -0.984392761, -0.00983103378, -0.175063525, 0, 2, 1, 1, 
526.06614, 41, 0.1, 0.1, 0.0166625155, 0.367909251, -0.0349767633, 0.965711612, -0.259617186, 1.15766948e-005, 0.259617186, 0.965711612, -1.04042324e-006, -1.09096368e-005, 4.01025773e-006, 1, 0.96571162, -0.259617156, -2.46184177e-006, 0.259617156, 0.96571162, -2.93837166e-007, 2.45371437e-006, -3.55374391e-007, 1, 0, 0, 0, 0, 0, 0, 0, 0.253353076, -0.192673071, -0.200048706, -0.341962996, 0.562350972, -0.752897774, -0.92175293, -0.044921875, 0.385009766, 0.182697229, 0.825636262, 0.533898232, 0, 0, -0, 0, 0, 0, 0, 0.32560249, -0.149636182, -0.179195459, 0.171395591, 0.0700013137, -0.982712095, 0.0217285156, -0.997436523, -0.0672607422, -0.98491628, -0.00970380214, -0.172514092, 0, 2, 1, 1, 
526.066828, 41, 0.1, 0.1, 0.0166625109, 0.367909249, -0.0349772607, 0.96571155, -0.259617415, 2.17850377e-006, 0.259617415, 0.96571155, 1.04918263e-005, -4.82766708e-006, -9.56650033e-006, 1, 0.965711566, -0.259617356, 1.1382618e-005, 0.259617356, 0.965711566, 1.38406102e-005, -1.45855885e-005, -1.04109122e-005, 1, 0, 0, 0, 0, 0, 0, 0, 0.253353076, -0.192673071, -0.200048706, -0.341962996, 0.562350972, -0.752897774, -0.92175293, -0.044921875, 0.385009766, 0.182697229, 0.825636262, 0.533898232, 0, 0, -0, 0, 0, 0, 0, 0.325193213, -0.148952393, -0.179606055, 0.171395591, 0.0700013137, -0.982712095, 0.0217285156, -0.997436523, -0.0672607422, -0.98491628, -0.00970380214, -0.172514092, 0, 2, 1, 1, 
526.067518, 41, 0.1, 0.1, 0.0166625163, 0.367909252, -0.0349755889, 0.965711447, -0.259617796, -1.27651475e-005, 0.259617796, 0.965711447, -8.70359604e-006, 1.45870575e-005, 5.09110287e-006, 1, 0.965711468, -0.259617719, -1.71274304e-005, 0.259617719, 0.965711468, -1.39831242e-005, 2.01704228e-005, 9.05707896e-006, 1, 0, 0, 0, 0, 0, 0, 0, 0.253353076, -0.192673071, -0.200048706, -0.341962996, 0.562350972, -0.752897774, -0.92175293, -0.044921875, 0.385009766, 0.182697229, 0.825636262, 0.533898232, 0, 0, -0, 0, 0, 0, 0, 0.325193213, -0.148952393, -0.179606055, 0.171395591, 0.0700013137, -0.982712095, 0.0217285156, -0.997436523, -0.0672607422, -0.98491628, -0.00970380214, -0.172514092, 0, 2, 1, 1, 
526.068203, 41, 0.1, 0.1, 0.0166625125, 0.36790925, -0.0349724554, 0.965711377, -0.259618059, 1.97067733e-005, 0.259618059, 0.965711377, 4.00528844e-006, -2.00709004e-005, 1.24828162e-006, 1, 0.965711386, -0.259618024, 2.13209483e-005, 0.259618024, 0.965711386, 5.32493129e-006, -2.19723307e-005, 3.92955684e-007, 1, 0, 0, 0, 0, 0, 0, 0, 0.253353076, -0.192673071, -0.200048706, -0.341962996, 0.562350972, -0.752897774, -0.92175293, -0.044921875, 0.385009766, 0.182697229, 0.825636262, 0.533898232, 0, 0, -0, 0, 0, 0, 0, 0.325193213, -0.148952393, -0.179606055, 0.171395591, 0.0700013137, -0.982712095, 0.0217285156, -0.997436523, -0.0672607422, -0.98491628, -0.00970380214, -0.172514092, 0, 2, 1, 1, 
526.068891, 41, 0.1, 0.1, 0.0166625166, 0.367909252, -0.0349688468, 0.965711324, -0.259618253, -2.91010413e-005, 0.259618253, 0.965711325, -9.52809859e-006, 3.05768734e-005, 1.64623122e-006, 1, 0.965711333, -0.259618222, -2.4027356e-005, 0.259618221, 0.965711333, -1.25526743e-005, 2.6462393e-005, 5.88432044e-006, 1, 0, 0, 0, 0, 0, 0, 0, 0.253353076, -0.192673071, -0.200048706, -0.341962996, 0.562350972, -0.752897774, -0.92175293, -0.044921875, 0.385009766, 0.182697229, 0.825636262, 0.533898232, 0, 0, -0, 0, 0, 0, 0, 0.325193213, -0.148952393, -0.179606055, 0.171395591, 0.0700013137, -0.982712095, 0.0217285156, -0.997436523, -0.0672607422, -0.98491628, -0.00970380214, -0.172514092, 0, 2, 1, 1, 
526.06958, 41, 0.1, 0.1, 0.0166625182, 0.367909252, -0.0349658218, 0.965711326, -0.259618245, 2.80554417e-005, 0.259618245, 0.965711327, -6.28034675e-006, -2.54629652e-005, 1.33487065e-005, 1, 0.965711318, -0.259618279, 1.26203986e-005, 0.259618279, 0.965711318, 3.928801e-006, -1.32076503e-005, -5.1760143e-007, 1, 0, 0, 0, 0, 0, 0, 0, 0.253353076, -0.192673071, -0.200048706, -0.341962996, 0.562350972, -0.752897774, -0.92175293, -0.044921875, 0.385009766, 0.182697229, 0.825636262, 0.533898232, 0, 0, -0, 0, 0, 0, 0, 0.325193213, -0.148952393, -0.179606055, 0.171395591, 0.0700013137, -0.982712095, 0.0217285156, -0.997436523, -0.0672607422, -0.98491628, -0.00970380214, -0.172514092, 0, 2, 1, 1, 
526.070269, 41, 0.1, 0.1, 0.0166625126, 0.367909254, -0.0349641911, 0.96571138, -0.259618048, -1.65703337e-005, 0.259618048, 0.96571138, 6.68491805e-006, 1.42666345e-005, -1.07576591e-005, 1, 0.965711368, -0.259618091, 7.53886475e-006, 0.259618092, 0.965711368, -4.24784753e-006, -6.17754932e-006, 6.05942032e-006, 1, 0, 0, 0, 0, 0, 0, 0, 0.253353076, -0.192673071, -0.200048706, -0.341962996, 0.562350972, -0.752897774, -0.92175293, -0.044921875, 0.385009766, 0.182697229, 0.825636262, 0.533898232, 0, 0, -0, 0, 0, 0, 0, 0.325193213, -0.148952393, -0.179606055, 0.171395591, 0.0700013137, -0.982712095, 0.0217285156, -0.997436523, -0.0672607422, -0.98491628, -0.00970380214, -0.172514092, 0, 2, 1, 1, 
526.070984, 41, 0.1, 0.1, 0.016662523, 0.367909251, -0.034964189, 0.965711429, -0.259617865, -7.37521755e-006, 0.259617865, 0.965711429, -4.8083799e-006, 8.3706732e-006, 2.72876919e-006, 1, 0.96571142, -0.259617897, -2.52373993e-005, 0.259617897, 0.96571142, 5.46464342e-006, 2.29533255e-005, -1.18293491e-005, 1, 0, 0, 0, 0, 0, 0, 0, 0.252911841, -0.191845142, -0.200356519, -0.341955883, 0.565580083, -0.750351632, -0.921386719, -0.0451660156, 0.385864258, 0.184302798, 0.823394534, 0.536708353, 0, 0, -0, 0, 0, 0, 0, 0.324612207, -0.148247119, -0.179787061, 0.169465925, 0.0739372041, -0.982660689, 0.0222167969, -0.997070313, -0.0711669922, -0.985241839, -0.00978109422, -0.170667548, 0, 2, 1, 1, 
526.071673, 41, 0.1, 0.1, 0.0166625147, 0.367909251, -0.0349656788, 0.965711408, -0.259617943, 2.04462025e-005, 0.259617943, 0.965711408, 1.23336741e-005, -2.29471741e-005, -6.60256875e-006, 1, 0.965711417, -0.259617909, 2.86144262e-005, 0.259617908, 0.965711417, 1.04315306e-005, -3.03414902e-005, -2.64503073e-006, 1, 0, 0, 0, 0, 0, 0, 0, 0.252911841, -0.191845142, -0.200356519, -0.341955883, 0.565580083, -0.750351632, -0.921386719, -0.0451660156, 0.385864258, 0.184302798, 0.823394534, 0.536708353, 0, 0, -0, 0, 0, 0, 0, 0.324612207, -0.148247119, -0.179787061, 0.169465925, 0.0739372041, -0.982660689, 0.0222167969, -0.997070313, -0.0711669922, -0.985241839, -0.00978109422, -0.170667548, 0, 2, 1, 1, 
526.072363, 41, 0.1, 0.1, 0.0166625201, 0.367909252, -0.0349683357, 0.965711353, -0.259618145, -2.80228527e-005, 0.259618145, 0.965711354, -1.86803276e-007, 2.71104846e-005, -7.09484301e-006, 1, 0.96571136, -0.25961812, -2.63210301e-005, 0.25961812, 0.96571136, -8.72203873e-006, 2.7682917e-005, 1.58955553e-006, 1, 0, 0, 0, 0, 0, 0, 0, 0.252911841, -0.191845142, -0.200356519, -0.341955883, 0.565580083, -0.750351632, -0.921386719, -0.0451660156, 0.385864258, 0.184302798, 0.823394534, 0.536708353, 0, 0, -0, 0, 0, 0, 0, 0.324612207, -0.148247119, -0.179787061, 0.169465925, 0.0739372041, -0.982660689, 0.0222167969, -0.997070313, -0.0711669922, -0.985241839, -0.00978109422, -0.170667548, 0, 2, 1, 1, 
526.073051, 41, 0.1, 0.1, 0.0166625189, 0.367909253, -0.0349713242, 0.965711362, -0.259618114, 2.74416694e-005, 0.259618115, 0.965711362, -1.13779961e-005, -2.3546798e-005, 1.81122145e-005, 1, 0.965711355, -0.25961814, 2.08991574e-005, 0.25961814, 0.965711355, -6.24379579e-006, -1.85615509e-005, 1.14555049e-005, 1, 0, 0, 0, 0, 0, 0, 0, 0.252911841, -0.191845142, -0.200356519, -0.341955883, 0.565580083, -0.750351632, -0.921386719, -0.0451660156, 0.385864258, 0.184302798, 0.823394534, 0.536708353, 0, 0, -0, 0, 0, 0, 0, 0.324612207, -0.148247119, -0.179787061, 0.169465925, 0.0739372041, -0.982660689, 0.0222167969, -0.997070313, -0.0711669922, -0.985241839, -0.00978109422, -0.170667548, 0, 2, 1, 1, 
526.073736, 41, 0.1, 0.1, 0.0166625173, 0.367909255, -0.0349737399, 0.965711401, -0.259617968, -2.03834482e-005, 0.259617969, 0.965711401, 6.08558865e-006, 1.81046001e-005, -1.11688317e-005, 1, 0.965711393, -0.259617997, -9.26815223e-006, 0.259617997, 0.965711393, 1.46076973e-006, 8.57111809e-006, -3.81686109e-006, 1, 0, 0, 0, 0, 0, 0, 0, 0.252911841, -0.191845142, -0.200356519, -0.341955883, 0.565580083, -0.750351632, -0.921386719, -0.0451660156, 0.385864258, 0.184302798, 0.823394534, 0.536708353, 0, 0, -0, 0, 0, 0, 0, 0.324612207, -0.148247119, -0.179787061, 0.169465925, 0.0739372041, -0.982660689, 0.0222167969, -0.997070313, -0.0711669922, -0.985241839, -0.00978109422, -0.170667548, 0, 2, 1, 1, 
526.07443, 41, 0.1, 0.1, 0.016662522, 0.367909255, -0.0349748632, 0.96571143, -0.259617863, 9.45766169e-006, 0.259617863, 0.96571143, -6.67475736e-006, -7.40048575e-006, 8.90126739e-006, 1, 0.965711428, -0.259617868, -5.42462675e-006, 0.259617868, 0.965711428, -5.24065038e-006, 6.59919052e-006, 3.65262593e-006, 1, 0, 0, 0, 0, 0, 0, 0, 0.252911841, -0.191845142, -0.200356519, -0.341955883, 0.565580083, -0.750351632, -0.921386719, -0.0451660156, 0.385864258, 0.184302798, 0.823394534, 0.536708353, 0, 0, -0, 0, 0, 0, 0, 0.324612207, -0.148247119, -0.179787061, 0.169465925, 0.0739372041, -0.982660689, 0.0222167969, -0.997070313, -0.0711669922, -0.985241839, -0.00978109422, -0.170667548, 0, 2, 1, 1, 
526.07512, 41, 0.1, 0.1, 0.0166625172, 0.367909254, -0.0349745074, 0.965711406, -0.259617952, 3.02454379e-006, 0.259617952, 0.965711406, 4.78231552e-006, -4.16241139e-006, -3.83311078e-006, 1, 0.965711414, -0.259617919, 1.23554522e-005, 0.259617919, 0.965711414, 8.72459737e-006, -1.41968631e-005, -5.21774646e-006, 1, 0, 0, 0, 0, 0, 0, 0, 0.252911841, -0.191845142, -0.200356519, -0.341955883, 0.565580083, -0.750351632, -0.921386719, -0.0451660156, 0.385864258, 0.184302798, 0.823394534, 0.536708353, 0, 0, -0, 0, 0, 0, 0, 0.324612207, -0.148247119, -0.179787061, 0.169465925, 0.0739372041, -0.982660689, 0.0222167969, -0.997070313, -0.0711669922, -0.985241839, -0.00978109422, -0.170667548, 0, 2, 1, 1, 
526.075838, 41, 0.1, 0.1, 0.0166625235, 0.367909256, -0.0349725897, 0.965711366, -0.2596181, -1.4506945e-005, 0.2596181, 0.965711366, -1.91467351e-006, 1.45066056e-005, -1.91724354e-006, 1, 0.965711372, -0.259618075, -2.02094465e-005, 0.259618075, 0.965711373, -6.9055807e-006, 2.13093059e-005, 1.42206023e-006, 1, 0, 0, 0, 0, 0, 0, 0, 0.252446313, -0.191306982, -0.20026521, -0.342361769, 0.567457865, -0.748681662, -0.921142578, -0.0460205078, 0.386352539, 0.184861452, 0.821984795, 0.538668511, 0, 0, -0, 0, 0, 0, 0, 0.324504297, -0.147406982, -0.179981494, 0.167887704, 0.0768825587, -0.982692405, 0.0238037109, -0.996826172, -0.0739746094, -0.985407717, -0.0109444375, -0.169197969, 0, 2, 1, 1, 
526.076526, 41, 0.1, 0.1, 0.0166625177, 0.367909256, -0.0349699526, 0.965711343, -0.259618182, 2.38604915e-005, 0.259618182, 0.965711344, 1.09253386e-005, -2.58787638e-005, -4.35610598e-006, 1, 0.96571135, -0.259618156, 2.78155223e-005, 0.259618156, 0.965711351, 3.22976471e-006, -2.77002712e-005, 4.10239417e-006, 1, 0, 0, 0, 0, 0, 0, 0, 0.252446313, -0.191306982, -0.20026521, -0.342361769, 0.567457865, -0.748681662, -0.921142578, -0.0460205078, 0.386352539, 0.184861452, 0.821984795, 0.538668511, 0, 0, -0, 0, 0, 0, 0, 0.324504297, -0.147406982, -0.179981494, 0.167887704, 0.0768825587, -0.982692405, 0.0238037109, -0.996826172, -0.0739746094, -0.985407717, -0.0109444375, -0.169197969, 0, 2, 1, 1, 
526.077228, 41, 0.1, 0.1, 0.0166625212, 0.367909257, -0.0349673859, 0.965711285, -0.2596184, -2.88027393e-005, 0.2596184, 0.965711285, -1.06768786e-005, 3.05870445e-005, 2.83306102e-006, 1, 0.965711294, -0.259618365, -2.32951368e-005, 0.259618365, 0.965711295, -1.26378299e-005, 2.57773894e-005, 6.15664971e-006, 1, 0, 0, 0, 0, 0, 0, 0, 0.252446313, -0.191306982, -0.20026521, -0.342361769, 0.567457865, -0.748681662, -0.921142578, -0.0460205078, 0.386352539, 0.184861452, 0.821984795, 0.538668511, 0, 0, -0, 0, 0, 0, 0, 0.324504297, -0.147406982, -0.179981494, 0.167887704, 0.0768825587, -0.982692405, 0.0238037109, -0.996826172, -0.0739746094, -0.985407717, -0.0109444375, -0.169197969, 0, 2, 1, 1, 
526.077932, 41, 0.1, 0.1, 0.0166625226, 0.367909257, -0.0349656673, 0.96571127, -0.259618455, 2.728792e-005, 0.259618455, 0.965711271, -4.84296082e-009, -2.63509946e-005, 7.08912454e-006, 1, 0.965711272, -0.259618448, 1.31475888e-005, 0.259618448, 0.965711272, -3.91427256e-007, -1.25951529e-005, 3.7913623e-006, 1, 0, 0, 0, 0, 0, 0, 0, 0.252446313, -0.191306982, -0.20026521, -0.342241201, 0.56802251, -0.748465615, -0.921142578, -0.0461425781, 0.386108398, 0.184842356, 0.82164818, 0.539252252, 0, 0, -0, 0, 0, 0, 0, 0.324504297, -0.147406982, -0.179981494, 0.167887704, 0.0768825587, -0.982692405, 0.0238037109, -0.996826172, -0.0739746094, -0.985407717, -0.0109444375, -0.169197969, 0, 2, 1, 1, 
526.078633, 41, 0.1, 0.1, 0.0166625174, 0.367909255, -0.034965078, 0.965711229, -0.259618609, -9.93493922e-006, 0.259618609, 0.965711229, -8.72873464e-006, 1.18604243e-005, 5.85014196e-006, 1, 0.965711242, -0.259618561, 6.80696786e-006, 0.259618561, 0.965711242, 5.92516553e-006, -8.11184833e-006, -3.95478377e-006, 1, 0, 0, 0, 0, 0, 0, 0, 0.252452417, -0.190609424, -0.199805908, -0.342241201, 0.56802251, -0.748465615, -0.921142578, -0.0461425781, 0.386108398, 0.184842356, 0.82164818, 0.539252252, 0, 0, -0, 0, 0, 0, 0, 0.324222949, -0.146882617, -0.179747998, 0.167037893, 0.0781348542, -0.982768964, 0.0241699219, -0.996826172, -0.0751953125, -0.985497035, -0.0111810441, -0.168469559, 0, 2, 1, 1, 
526.079325, 41, 0.1, 0.1, 0.0166625252, 0.367909258, -0.0349659135, 0.965711201, -0.259618712, -8.16451737e-006, 0.259618712, 0.965711201, -2.39827852e-006, 8.50720386e-006, 1.96382951e-007, 1, 0.965711202, -0.259618709, -2.22755305e-005, 0.259618709, 0.965711202, -2.24902528e-006, 2.20956183e-005, -3.61123557e-006, 1, 0, 0, 0, 0, 0, 0, 0, 0.252452417, -0.190609424, -0.199805908, -0.342241201, 0.56802251, -0.748465615, -0.921142578, -0.0461425781, 0.386108398, 0.184842356, 0.82164818, 0.539252252, 0, 0, -0, 0, 0, 0, 0, 0.324222949, -0.146882617, -0.179747998, 0.167037893, 0.0781348542, -0.982768964, 0.0241699219, -0.996826172, -0.0751953125, -0.985497035, -0.0111810441, -0.168469559, 0, 2, 1, 1, 
526.080014, 41, 0.1, 0.1, 0.0166625181, 0.367909256, -0.0349679093, 0.96571119, -0.259618754, 2.02530173e-005, 0.259618754, 0.96571119, 5.11516778e-006, -2.0886559e-005, 3.18288355e-007, 1, 0.965711191, -0.259618751, 2.74151771e-005, 0.259618751, 0.965711191, 4.75041184e-006, -2.77084393e-005, 2.52996814e-006, 1, 0, 0, 0, 0, 0, 0, 0, 0.252452417, -0.190609424, -0.199805908, -0.342241201, 0.56802251, -0.748465615, -0.921142578, -0.0461425781, 0.386108398, 0.184842356, 0.82164818, 0.539252252, 0, 0, -0, 0, 0, 0, 0, 0.324222949, -0.146882617, -0.179747998, 0.167037893, 0.0781348542, -0.982768964, 0.0241699219, -0.996826172, -0.0751953125, -0.985497035, -0.0111810441, -0.168469559, 0, 2, 1, 1, 
526.080699, 41, 0.1, 0.1, 0.0166625232, 0.367909257, -0.0349704082, 0.965711156, -0.259618881, -2.21539013e-005, 0.259618881, 0.965711156, -1.20517693e-005, 2.45231365e-005, 5.88695699e-006, 1, 0.965711167, -0.259618837, -2.36293894e-005, 0.259618837, 0.965711168, -9.21094733e-006, 2.52105007e-005, 2.76048009e-006, 1, 0, 0, 0, 0, 0, 0, 0, 0.252452417, -0.190609424, -0.199805908, -0.342241201, 0.56802251, -0.748465615, -0.921142578, -0.0461425781, 0.386108398, 0.184842356, 0.82164818, 0.539252252, 0, 0, -0, 0, 0, 0, 0, 0.324222949, -0.146882617, -0.179747998, 0.167037893, 0.0781348542, -0.982768964, 0.0241699219, -0.996826172, -0.0751953125, -0.985497035, -0.0111810441, -0.168469559, 0, 2, 1, 1, 
526.081385, 41, 0.1, 0.1, 0.0166625218, 0.367909257, -0.0349726776, 0.965711114, -0.259619036, 2.39054368e-005, 0.259619037, 0.965711114, -8.39368029e-008, -2.30639544e-005, 6.28736517e-006, 1, 0.965711116, -0.259619029, 1.75545805e-005, 0.259619029, 0.965711116, 6.0677423e-006, -1.85279549e-005, -1.30218305e-006, 1, 0, 0, 0, 0, 0, 0, 0, 0.252452417, -0.190609424, -0.199805908, -0.342241201, 0.56802251, -0.748465615, -0.921142578, -0.0461425781, 0.386108398, 0.184842356, 0.82164818, 0.539252252, 0, 0, -0, 0, 0, 0, 0, 0.324222949, -0.146882617, -0.179747998, 0.167037893, 0.0781348542, -0.982768964, 0.0241699219, -0.996826172, -0.0751953125, -0.985497035, -0.0111810441, -0.168469559, 0, 2, 1, 1, 
526.082075, 41, 0.1, 0.1, 0.016662521, 0.367909256, -0.0349740551, 0.965711117, -0.259619026, -2.16515786e-005, 0.259619026, 0.965711117, 1.02756013e-005, 1.82414286e-005, -1.55444241e-005, 1, 0.965711116, -0.259619029, -1.08658333e-005, 0.259619029, 0.965711116, 7.3697187e-006, 8.57993683e-006, -9.93799638e-006, 1, 0, 0, 0, 0, 0, 0, 0, 0.252452417, -0.190609424, -0.199805908, -0.342241201, 0.56802251, -0.748465615, -0.921142578, -0.0461425781, 0.386108398, 0.184842356, 0.82164818, 0.539252252, 0, 0, -0, 0, 0, 0, 0, 0.324222949, -0.146882617, -0.179747998, 0.167037893, 0.0781348542, -0.982768964, 0.0241699219, -0.996826172, -0.0751953125, -0.985497035, -0.0111810441, -0.168469559, 0, 2, 1, 1, 
526.08277, 41, 0.1, 0.1, 0.0166625252, 0.367909256, -0.0349741361, 0.965711106, -0.259619065, 1.26528519e-005, 0.259619066, 0.965711106, -1.07499772e-005, -9.42810057e-006, 1.36662939e-005, 1, 0.965711114, -0.259619037, -3.92221687e-006, 0.259619037, 0.965711114, -7.84493086e-006, 5.82442182e-006, 6.55765475e-006, 1, 0, 0, 0, 0, 0, 0, 0, 0.252452417, -0.190609424, -0.199805908, -0.341688539, 0.568485684, -0.748345047, -0.921142578, -0.0450439453, 0.386474609, 0.185990742, 0.821451229, 0.539233156, 0, 0, -0, 0, 0, 0, 0, 0.324222949, -0.146882617, -0.179747998, 0.167037893, 0.0781348542, -0.982768964, 0.0241699219, -0.996826172, -0.0751953125, -0.985497035, -0.0111810441, -0.168469559, 0, 2, 1, 1, 
526.083474, 41, 0.1, 0.1, 0.0166625195, 0.367909256, -0.0349727441, 0.965711044, -0.259619295, 4.48419341e-007, 0.259619295, 0.965711044, 1.35867188e-005, -3.96041788e-006, -1.30044261e-005, 1, 0.965711061, -0.259619233, 1.29991215e-005, 0.259619233, 0.965711061, 1.03484857e-005, -1.52400613e-005, -6.6188252e-006, 1, 0, 0, 0, 0, 0, 0, 0, 0.251814429, -0.19036311, -0.19935332, -0.341688539, 0.568485684, -0.748345047, -0.921142578, -0.0450439453, 0.386474609, 0.185990742, 0.821451229, 0.539233156, 0, 0, -0, 0, 0, 0, 0, 0.323733252, -0.146597607, -0.179516211, 0.166443645, 0.078773945, -0.982832763, 0.0234375, -0.996704102, -0.0759277344, -0.985682236, -0.0102546739, -0.167862551, 0, 2, 1, 1, 
526.084165, 41, 0.1, 0.1, 0.0166625263, 0.367909258, -0.0349706095, 0.965710913, -0.259619785, -1.15791418e-005, 0.259619785, 0.965710913, -2.38802156e-005, 1.738188e-005, 2.00552105e-005, 1, 0.965710944, -0.259619668, -2.04258067e-005, 0.259619667, 0.965710944, -1.83070369e-005, 2.44782919e-005, 1.23763647e-005, 1, 0, 0, 0, 0, 0, 0, 0, 0.251814429, -0.19036311, -0.19935332, -0.341688539, 0.568485684, -0.748345047, -0.921142578, -0.0450439453, 0.386474609, 0.185990742, 0.821451229, 0.539233156, 0, 0, -0, 0, 0, 0, 0, 0.323733252, -0.146597607, -0.179516211, 0.166443645, 0.078773945, -0.982832763, 0.0234375, -0.996704102, -0.0759277344, -0.985682236, -0.0102546739, -0.167862551, 0, 2, 1, 1, 
526.084854, 41, 0.1, 0.1, 0.0166625209, 0.367909259, -0.034968443, 0.96571071, -0.259620538, 1.94890361e-005, 0.259620537, 0.96571071, 2.07604636e-005, -2.42106136e-005, -1.4988848e-005, 1, 0.965710756, -0.259620366, 2.35613206e-005, 0.259620366, 0.965710757, 1.29794889e-005, -2.61231604e-005, -6.41743334e-006, 1, 0, 0, 0, 0, 0, 0, 0, 0.251814429, -0.19036311, -0.19935332, -0.341688539, 0.568485684, -0.748345047, -0.921142578, -0.0450439453, 0.386474609, 0.185990742, 0.821451229, 0.539233156, 0, 0, -0, 0, 0, 0, 0, 0.323733252, -0.146597607, -0.179516211, 0.166443645, 0.078773945, -0.982832763, 0.0234375, -0.996704102, -0.0759277344, -0.985682236, -0.0102546739, -0.167862551, 0, 2, 1, 1, 
526.085538, 41, 0.1, 0.1, 0.0166625247, 0.367909259, -0.0349669128, 0.965710457, -0.259621479, -2.49466388e-005, 0.259621479, 0.965710457, -2.51875478e-005, 3.06304583e-005, 1.78471951e-005, 0.999999999, 0.965710511, -0.25962128, -2.26305759e-005, 0.259621279, 0.965710511, -1.60008727e-005, 2.60087521e-005, 9.57683183e-006, 1, 0, 0, 0, 0, 0, 0, 0, 0.251814429, -0.19036311, -0.19935332, -0.341688539, 0.568485684, -0.748345047, -0.921142578, -0.0450439453, 0.386474609, 0.185990742, 0.821451229, 0.539233156, 0, 0, -0, 0, 0, 0, 0, 0.323733252, -0.146597607, -0.179516211, 0.166443645, 0.078773945, -0.982832763, 0.0234375, -0.996704102, -0.0759277344, -0.985682236, -0.0102546739, -0.167862551, 0, 2, 1, 1, 
526.086226, 41, 0.1, 0.1, 0.0166625257, 0.367909261, -0.0349663858, 0.965710191, -0.259622471, 2.0779749e-005, 0.25962247, 0.965710191, 2.21946844e-005, -2.58294541e-005, -1.60387431e-005, 1, 0.965710241, -0.259622282, 1.08587961e-005, 0.259622282, 0.965710242, 1.06293573e-005, -1.32460686e-005, -7.44569374e-006, 1, 0, 0, 0, 0, 0, 0, 0, 0.251814429, -0.19036311, -0.19935332, -0.341688539, 0.568485684, -0.748345047, -0.921142578, -0.0450439453, 0.386474609, 0.185990742, 0.821451229, 0.539233156, 0, 0, -0, 0, 0, 0, 0, 0.323733252, -0.146597607, -0.179516211, 0.166443645, 0.078773945, -0.982832763, 0.0234375, -0.996704102, -0.0759277344, -0.985682236, -0.0102546739, -0.167862551, 0, 2, 1, 1, 
526.086913, 41, 0.1, 0.1, 0.0166625204, 0.367909259, -0.0349669744, 0.965709969, -0.259623297, -4.32756702e-006, 0.259623297, 0.965709969, -1.68716871e-005, 8.55945762e-006, 1.51696192e-005, 1, 0.965710005, -0.259623161, 1.16891406e-005, 0.259623161, 0.965710005, -4.53882843e-006, -1.01099351e-005, 7.41796367e-006, 1, 0, 0, 0, 0, 0, 0, 0, 0.251814429, -0.19036311, -0.19935332, -0.341688539, 0.568485684, -0.748345047, -0.921142578, -0.0450439453, 0.386474609, 0.185990742, 0.821451229, 0.539233156, 0, 0, -0, 0, 0, 0, 0, 0.323733252, -0.146597607, -0.179516211, 0.166443645, 0.078773945, -0.982832763, 0.0234375, -0.996704102, -0.0759277344, -0.985682236, -0.0102546739, -0.167862551, 0, 2, 1, 1, 
526.087615, 41, 0.1, 0.1, 0.0166625272, 0.367909261, -0.0349683925, 0.965709837, -0.259623788, -1.06015109e-005, 0.259623788, 0.965709836, 1.79799983e-005, 5.56994806e-006, -2.01158656e-005, 1, 0.965709856, -0.259623717, -2.13122764e-005, 0.259623717, 0.965709856, 5.69253983e-006, 1.91035571e-005, -1.10305142e-005, 1, 0, 0, 0, 0, 0, 0, 0, 0.251814429, -0.19036311, -0.19935332, -0.341110789, 0.568041606, -0.748960989, -0.921264648, -0.0439453125, 0.386230469, 0.186517195, 0.821768747, 0.538465568, 0, 0, -0, 0, 0, 0, 0, 0.323733252, -0.146597607, -0.179516211, 0.166443645, 0.078773945, -0.982832763, 0.0234375, -0.996704102, -0.0759277344, -0.985682236, -0.0102546739, -0.167862551, 0, 2, 1, 1, 
526.088319, 41, 0.1, 0.1, 0.0166625203, 0.367909256, -0.0349698844, 0.965709814, -0.259623872, 2.31011441e-005, 0.259623873, 0.965709814, -6.14882851e-006, -2.07126189e-005, 1.19355925e-005, 1, 0.965709811, -0.259623884, 2.78815846e-005, 0.259623884, 0.965709811, 3.4263407e-006, -2.78150797e-005, 3.92987444e-006, 1, 0, 0, 0, 0, 0, 0, 0, 0.251845557, -0.190384839, -0.198940649, -0.341110789, 0.568041606, -0.748960989, -0.921264648, -0.0439453125, 0.386230469, 0.186517195, 0.821768747, 0.538465568, 0, 0, -0, 0, 0, 0, 0, 0.323303369, -0.146520703, -0.179061426, 0.166686448, 0.0794833982, -0.982711362, 0.0220947266, -0.996704102, -0.0769042969, -0.985656716, -0.00882993761, -0.167849792, 0, 2, 1, 1, 
526.089014, 41, 0.1, 0.1, 0.0166625253, 0.367909258, -0.0349712705, 0.965709885, -0.259623606, -2.83050661e-005, 0.259623606, 0.965709886, 1.04280863e-005, 2.46271047e-005, -1.74191694e-005, 1, 0.965709865, -0.259623683, -2.68519678e-005, 0.259623683, 0.965709865, 3.14967755e-006, 2.51134793e-005, -1.00130815e-005, 1, 0, 0, 0, 0, 0, 0, 0, 0.251845557, -0.190384839, -0.198940649, -0.341110789, 0.568041606, -0.748960989, -0.921264648, -0.0439453125, 0.386230469, 0.186517195, 0.821768747, 0.538465568, 0, 0, -0, 0, 0, 0, 0, 0.323303369, -0.146520703, -0.179061426, 0.166686448, 0.0794833982, -0.982711362, 0.0220947266, -0.996704102, -0.0769042969, -0.985656716, -0.00882993761, -0.167849792, 0, 2, 1, 1, 
