time, trialNum, realDorsalTactorPos, realVentralTactorPos, boxPosX, boxPosY, boxPosZ, boxLocalRot_11, boxLocalRot_12, boxLocalRot_13, boxLocalRot_21, boxLocalRot_22, boxLocalRot_23, boxLocalRot_31, boxLocalRot_32, boxLocalRot_33, boxGlobalRot_11, boxGlobalRot_12, boxGlobalRot_13, boxGlobalRot_21, boxGlobalRot_22, boxGlobalRot_23, boxGlobalRot_31, boxGlobalRot_32, boxGlobalRot_33, indexForceX, indexForceY, indexForceZ, indexForceGlobalX, indexForceGlobalY, indexForceGlobalZ, indexContact, indexPosX, indexPosY, indexPosZ, indexRot_11, indexRot_12, indexRot_13, indexRot_21, indexRot_22, indexRot_23, indexRot_31, indexRot_32, indexRot_33, thumbForceX, thumbForceY, thumbForceZ, thumbForceGlobalX, thumbForceGlobalY, thumbForceGlobalZ, thumbContact, thumbPosX, thumbPosY, thumbPosZ, thumbRot_11, thumbRot_12, thumbRot_13, thumbRot_21, thumbRot_22, thumbRot_23, thumbRot_31, thumbRot_32, thumbRot_33, manipForceTooHigh, cceExpType, mapping, trialSuccess, 
478.412919, 38, 0.1, 0.1, 0.0192986779, 0.368376396, -0.0199732125, 0.949994438, -0.312266822, 7.61270036e-006, -0.312266822, -0.949994438, 8.83333497e-006, 4.47366555e-006, -1.07688128e-005, -1, 0.949994443, -0.312266807, -3.77071831e-006, -0.312266807, -0.949994442, -1.46203626e-005, 9.83292499e-007, 1.50667334e-005, -1, 0, 0, 0, 0, 0, 0, 0, 0.2528604, -0.00694858398, -0.221418481, -0.400846149, 0.50640733, -0.763370695, -0.911499023, -0.303100586, 0.277587891, -0.090754941, 0.807183047, 0.583263467, 0, 0, 0, 0, 0, 0, 0, 0.265603271, 0.0566022949, -0.17901001, -0.315845456, 0.429413669, -0.845973064, 0.0362548828, -0.885498047, -0.463012695, -0.947998112, -0.176908367, 0.264215424, 0, 3, 1, 1, 
478.454448, 38, 0.1, 0.1, 0.0192986995, 0.36837644, -0.0199668683, 0.950004377, -0.312236584, -1.67220586e-006, -0.312236584, -0.950004377, -1.92633855e-005, 4.42613079e-006, 1.88224244e-005, -1, 0.950004372, -0.312236598, 7.28513966e-006, -0.312236598, -0.950004372, -1.11384229e-005, 1.03987378e-005, 8.30686319e-006, -1, 0, 0, 0, 0, 0, 0, 0, 0.292694971, -0.0560173828, -0.210025488, -0.387099933, 0.471680164, -0.792239085, -0.910766602, -0.328857422, 0.249267578, -0.142863269, 0.818121335, 0.557061379, 0, 0, 0, 0, 0, 0, 0, 0.298146484, 0.00707895508, -0.173084277, -0.316220955, 0.322488709, -0.892095111, 0.137084961, -0.914916992, -0.379272461, -0.93858639, -0.242153425, 0.24525239, 0, 3, 1, 1, 
478.455131, 38, 0.1, 0.1, 0.0192986991, 0.368376441, -0.0199686792, 0.95000433, -0.312236724, 1.39215353e-005, -0.312236724, -0.95000433, 1.53814655e-005, 8.42286046e-006, -1.89592734e-005, -1, 0.950004348, -0.312236672, 9.62719248e-006, -0.312236672, -0.950004348, 1.79040969e-005, 3.5555591e-006, -2.00149324e-005, -1, 0, 0, 0, 0, 0, 0, 0, 0.292694971, -0.0560173828, -0.210025488, -0.387099933, 0.471680164, -0.792239085, -0.910766602, -0.328857422, 0.249267578, -0.142863269, 0.818121335, 0.557061379, 0, 0, 0, 0, 0, 0, 0, 0.298146484, 0.00707895508, -0.173084277, -0.316220955, 0.322488709, -0.892095111, 0.137084961, -0.914916992, -0.379272461, -0.93858639, -0.242153425, 0.24525239, 0, 3, 1, 1, 
478.455871, 38, 0.1, 0.1, 0.0192986982, 0.368376439, -0.0199707606, 0.950004239, -0.312237004, 6.64263829e-006, -0.312237004, -0.950004239, -1.00115469e-005, 9.43650993e-006, 7.4369345e-006, -1, 0.950004258, -0.312236944, -1.51951935e-005, -0.312236945, -0.950004258, -1.67675753e-005, -9.20004205e-006, 2.06737688e-005, -1, 0, 0, 0, 0, 0, 0, 0, 0.292694971, -0.0560173828, -0.210025488, -0.387099933, 0.471680164, -0.792239085, -0.910766602, -0.328857422, 0.249267578, -0.142863269, 0.818121335, 0.557061379, 0, 0, 0, 0, 0, 0, 0, 0.298146484, 0.00707895508, -0.173084277, -0.316220955, 0.322488709, -0.892095111, 0.137084961, -0.914916992, -0.379272461, -0.93858639, -0.242153425, 0.24525239, 0, 3, 1, 1, 
478.456557, 38, 0.1, 0.1, 0.0192986992, 0.368376441, -0.0199718488, 0.950004246, -0.312236983, -8.29534788e-006, -0.312236983, -0.950004246, -7.2589878e-006, -5.61409125e-006, 9.48618362e-006, -1, 0.950004236, -0.312237012, -6.92525285e-006, -0.312237012, -0.950004236, 1.11966173e-005, -1.00750179e-005, -8.47451359e-006, -1, 0, 0, 0, 0, 0, 0, 0, 0.292694971, -0.0560173828, -0.210025488, -0.387099933, 0.471680164, -0.792239085, -0.910766602, -0.328857422, 0.249267578, -0.142863269, 0.818121335, 0.557061379, 0, 0, 0, 0, 0, 0, 0, 0.298146484, 0.00707895508, -0.173084277, -0.316220955, 0.322488709, -0.892095111, 0.137084961, -0.914916992, -0.379272461, -0.93858639, -0.242153425, 0.24525239, 0, 3, 1, 1, 
478.457244, 38, 0.1, 0.1, 0.0192986996, 0.36837644, -0.0199723526, 0.950004332, -0.31223672, -5.0279068e-006, -0.31223672, -0.950004332, 2.02327742e-005, -1.10939483e-005, -1.7651326e-005, -1, 0.950004315, -0.312236772, -3.61198967e-006, -0.312236772, -0.950004315, 1.10271881e-005, -6.87449938e-006, -9.34808026e-006, -1, 0, 0, 0, 0, 0, 0, 0, 0.292694971, -0.0560173828, -0.210025488, -0.387099933, 0.471680164, -0.792239085, -0.910766602, -0.328857422, 0.249267578, -0.142863269, 0.818121335, 0.557061379, 0, 0, 0, 0, 0, 0, 0, 0.298146484, 0.00707895508, -0.173084277, -0.316220955, 0.322488709, -0.892095111, 0.137084961, -0.914916992, -0.379272461, -0.93858639, -0.242153425, 0.24525239, 0, 3, 1, 1, 
478.457941, 38, 0.1, 0.1, 0.0192986996, 0.36837644, -0.0199721203, 0.950004372, -0.312236599, -1.49565128e-005, -0.312236599, -0.950004372, -1.33648459e-005, -1.00357586e-005, 1.73666327e-005, -1, 0.950004372, -0.312236597, -1.85770611e-006, -0.312236597, -0.950004372, -1.8787423e-005, 4.10129209e-006, 1.84281778e-005, -1, 0, 0, 0, 0, 0, 0, 0, 0.292694971, -0.0560173828, -0.210025488, -0.387099933, 0.471680164, -0.792239085, -0.910766602, -0.328857422, 0.249267578, -0.142863269, 0.818121335, 0.557061379, 0, 0, 0, 0, 0, 0, 0, 0.298146484, 0.00707895508, -0.173084277, -0.316220955, 0.322488709, -0.892095111, 0.137084961, -0.914916992, -0.379272461, -0.93858639, -0.242153425, 0.24525239, 0, 3, 1, 1, 
478.458653, 38, 0.1, 0.1, 0.0192987004, 0.368376442, -0.0199709573, 0.950004305, -0.312236801, 6.62467773e-006, -0.312236801, -0.950004305, 6.54305924e-006, 4.25048848e-006, -8.28440263e-006, -1, 0.950004323, -0.312236746, 1.43755992e-005, -0.312236746, -0.950004323, 1.49018847e-005, 9.00396543e-006, -1.86454453e-005, -1, 0, 0, 0, 0, 0, 0, 0, 0.295173218, -0.0595681396, -0.209352466, -0.386542401, 0.472149329, -0.792225981, -0.910766602, -0.330322266, 0.247558594, -0.144805453, 0.817181883, 0.557924447, 0, 0, 0, 0, 0, 0, 0, 0.300156152, 0.00331269531, -0.172608887, -0.316591356, 0.31443719, -0.894861829, 0.14440918, -0.916381836, -0.373046875, -0.937397894, -0.247295669, 0.244716111, 0, 3, 1, 1, 
478.459338, 38, 0.1, 0.1, 0.0192986995, 0.36837644, -0.0199695386, 0.950004233, -0.312237022, 1.21215094e-005, -0.312237022, -0.950004233, 6.62288413e-006, 9.44757565e-006, -1.0076552e-005, -1, 0.950004239, -0.312237002, 2.29302368e-006, -0.312237002, -0.950004239, -1.02858344e-005, 5.39000032e-006, 9.05561946e-006, -1, 0, 0, 0, 0, 0, 0, 0, 0.295173218, -0.0595681396, -0.209352466, -0.386542401, 0.472149329, -0.792225981, -0.910766602, -0.330322266, 0.247558594, -0.144805453, 0.817181883, 0.557924447, 0, 0, 0, 0, 0, 0, 0, 0.300156152, 0.00331269531, -0.172608887, -0.316591356, 0.31443719, -0.894861829, 0.14440918, -0.916381836, -0.373046875, -0.937397894, -0.247295669, 0.244716111, 0, 3, 1, 1, 
478.460026, 38, 0.1, 0.1, 0.0192986991, 0.368376441, -0.0199683384, 0.950004267, -0.312236917, -9.13676089e-007, -0.312236916, -0.950004267, -2.290803e-005, 6.28473648e-006, 2.20480097e-005, -1, 0.950004249, -0.312236971, -1.23632212e-005, -0.312236971, -0.950004249, -9.36350951e-006, -8.82147888e-006, 1.27556286e-005, -1, 0, 0, 0, 0, 0, 0, 0, 0.295173218, -0.0595681396, -0.209352466, -0.386542401, 0.472149329, -0.792225981, -0.910766602, -0.330322266, 0.247558594, -0.144805453, 0.817181883, 0.557924447, 0, 0, 0, 0, 0, 0, 0, 0.300156152, 0.00331269531, -0.172608887, -0.316591356, 0.31443719, -0.894861829, 0.14440918, -0.916381836, -0.373046875, -0.937397894, -0.247295669, 0.244716111, 0, 3, 1, 1, 
478.460719, 38, 0.1, 0.1, 0.0192986993, 0.368376442, -0.019967664, 0.950004368, -0.312236611, -3.80462011e-007, -0.312236611, -0.950004367, 2.17168426e-005, -7.14223391e-006, -2.05123011e-005, -1, 0.95000435, -0.312236666, -5.46261628e-006, -0.312236666, -0.950004349, 2.41870021e-005, -1.27415781e-005, -2.12721281e-005, -1, 0, 0, 0, 0, 0, 0, 0, 0.295173218, -0.0595681396, -0.209352466, -0.386542401, 0.472149329, -0.792225981, -0.910766602, -0.330322266, 0.247558594, -0.144805453, 0.817181883, 0.557924447, 0, 0, 0, 0, 0, 0, 0, 0.300156152, 0.00331269531, -0.172608887, -0.316591356, 0.31443719, -0.894861829, 0.14440918, -0.916381836, -0.373046875, -0.937397894, -0.247295669, 0.244716111, 0, 3, 1, 1, 
478.461409, 38, 0.1, 0.1, 0.0192986993, 0.36837644, -0.0199676825, 0.950004388, -0.31223655, -1.50963979e-005, -0.31223655, -0.950004388, -4.5548437e-006, -1.29194555e-005, 9.04076869e-006, -1, 0.950004394, -0.312236531, -1.40300133e-005, -0.312236531, -0.950004394, -1.65108116e-005, -8.17329573e-006, 2.00660263e-005, -1, 0, 0, 0, 0, 0, 0, 0, 0.295173218, -0.0595681396, -0.209352466, -0.386542401, 0.472149329, -0.792225981, -0.910766602, -0.330322266, 0.247558594, -0.144805453, 0.817181883, 0.557924447, 0, 0, 0, 0, 0, 0, 0, 0.300156152, 0.00331269531, -0.172608887, -0.316591356, 0.31443719, -0.894861829, 0.14440918, -0.916381836, -0.373046875, -0.937397894, -0.247295669, 0.244716111, 0, 3, 1, 1, 
478.462098, 38, 0.1, 0.1, 0.0192987008, 0.368376441, -0.0199683121, 0.950004299, -0.312236821, -9.94936434e-006, -0.312236821, -0.950004299, -8.7329228e-006, -6.72519885e-006, 1.14028721e-005, -1, 0.95000432, -0.312236756, 9.99566301e-006, -0.312236756, -0.95000432, 6.04585017e-006, 7.6081864e-006, -8.86459717e-006, -1, 0, 0, 0, 0, 0, 0, 0, 0.295173218, -0.0595681396, -0.209352466, -0.386542401, 0.472149329, -0.792225981, -0.910766602, -0.330322266, 0.247558594, -0.144805453, 0.817181883, 0.557924447, 0, 0, 0, 0, 0, 0, 0, 0.300156152, 0.00331269531, -0.172608887, -0.316591356, 0.31443719, -0.894861829, 0.14440918, -0.916381836, -0.373046875, -0.937397894, -0.247295669, 0.244716111, 0, 3, 1, 1, 
478.462786, 38, 0.1, 0.1, 0.0192987011, 0.36837644, -0.0199693911, 0.950004234, -0.312237019, 1.19164745e-005, -0.312237019, -0.950004233, 1.46126042e-005, 6.75810525e-006, -1.76028004e-005, -1, 0.950004237, -0.312237008, 1.41733117e-005, -0.312237008, -0.950004237, 4.23105101e-006, 1.21436155e-005, -8.44494883e-006, -1, 0, 0, 0, 0, 0, 0, 0, 0.295173218, -0.0595681396, -0.209352466, -0.386542401, 0.472149329, -0.792225981, -0.910766602, -0.330322266, 0.247558594, -0.144805453, 0.817181883, 0.557924447, 0, 0, 0, 0, 0, 0, 0, 0.300156152, 0.00331269531, -0.172608887, -0.316591356, 0.31443719, -0.894861829, 0.14440918, -0.916381836, -0.373046875, -0.937397894, -0.247295669, 0.244716111, 0, 3, 1, 1, 
478.463501, 38, 0.1, 0.1, 0.0192987005, 0.368376439, -0.0199703716, 0.950004285, -0.312236864, 3.25679271e-006, -0.312236863, -0.950004285, -2.41576095e-005, 1.06368633e-005, 2.19329418e-005, -1, 0.950004267, -0.312236917, -1.1947624e-006, -0.312236917, -0.950004267, -2.40171595e-005, 6.36401447e-006, 2.3189453e-005, -1, 0, 0, 0, 0, 0, 0, 0, 0.298331567, -0.0629118896, -0.208252612, -0.385668472, 0.472320071, -0.792593674, -0.910522461, -0.333251953, 0.244384766, -0.148651627, 0.81591892, 0.558724235, 0, 0, 0, 0, 0, 0, 0, 0.302690186, -0.000506542969, -0.171523828, -0.315709462, 0.305497582, -0.898280396, 0.15222168, -0.91809082, -0.365844727, -0.936446004, -0.252163026, 0.243374864, 0, 3, 1, 1, 
478.464184, 38, 0.1, 0.1, 0.0192987007, 0.368376441, -0.0199710738, 0.950004373, -0.312236596, 8.30638118e-006, -0.312236596, -0.950004373, 5.6842309e-006, 6.11627353e-006, -7.9936004e-006, -1, 0.950004358, -0.312236641, -1.44298246e-006, -0.312236641, -0.950004358, 1.86686291e-005, -7.19986969e-006, -1.7284727e-005, -1, 0, 0, 0, 0, 0, 0, 0, 0.298331567, -0.0629118896, -0.208252612, -0.385668472, 0.472320071, -0.792593674, -0.910522461, -0.333251953, 0.244384766, -0.148651627, 0.81591892, 0.558724235, 0, 0, 0, 0, 0, 0, 0, 0.302690186, -0.000506542969, -0.171523828, -0.315709462, 0.305497582, -0.898280396, 0.15222168, -0.91809082, -0.365844727, -0.936446004, -0.252163026, 0.243374864, 0, 3, 1, 1, 
478.46487, 38, 0.1, 0.1, 0.0192987001, 0.368376439, -0.0199714344, 0.950004371, -0.312236602, -3.0779542e-006, -0.312236602, -0.950004371, 1.35782548e-005, -7.1636981e-006, -1.19383515e-005, -1, 0.950004379, -0.312236577, -1.35304797e-005, -0.312236577, -0.950004379, -2.18985158e-006, -1.21702632e-005, 6.30507925e-006, -1, 0, 0, 0, 0, 0, 0, 0, 0.298331567, -0.0629118896, -0.208252612, -0.385668472, 0.472320071, -0.792593674, -0.910522461, -0.333251953, 0.244384766, -0.148651627, 0.81591892, 0.558724235, 0, 0, 0, 0, 0, 0, 0, 0.302690186, -0.000506542969, -0.171523828, -0.315709462, 0.305497582, -0.898280396, 0.15222168, -0.91809082, -0.365844727, -0.936446004, -0.252163026, 0.243374864, 0, 3, 1, 1, 
478.465558, 38, 0.1, 0.1, 0.019298701, 0.36837644, -0.0199713768, 0.950004287, -0.312236857, -1.52685002e-005, -0.312236857, -0.950004287, -1.19836562e-005, -1.07634015e-005, 1.61519133e-005, -1, 0.950004303, -0.312236807, -8.93109216e-006, -0.312236807, -0.950004303, -5.09553467e-006, -6.89356251e-006, 7.62939557e-006, -1, 0, 0, 0, 0, 0, 0, 0, 0.298331567, -0.0629118896, -0.208252612, -0.385668472, 0.472320071, -0.792593674, -0.910522461, -0.333251953, 0.244384766, -0.148651627, 0.81591892, 0.558724235, 0, 0, 0, 0, 0, 0, 0, 0.302690186, -0.000506542969, -0.171523828, -0.315709462, 0.305497582, -0.898280396, 0.15222168, -0.91809082, -0.365844727, -0.936446004, -0.252163026, 0.243374864, 0, 3, 1, 1, 
478.466257, 38, 0.1, 0.1, 0.0192987024, 0.368376441, -0.0199707794, 0.95000425, -0.312236971, 6.46430587e-007, -0.312236971, -0.950004249, 2.10144685e-005, -5.94738218e-006, -2.01656739e-005, -1, 0.950004248, -0.312236975, 1.39003462e-005, -0.312236975, -0.950004248, 1.81805215e-005, 7.52875694e-006, -2.16117747e-005, -1, 0, 0, 0, 0, 0, 0, 0, 0.298331567, -0.0629118896, -0.208252612, -0.385668472, 0.472320071, -0.792593674, -0.910522461, -0.333251953, 0.244384766, -0.148651627, 0.81591892, 0.558724235, 0, 0, 0, 0, 0, 0, 0, 0.304771143, -0.00432431641, -0.170647119, -0.31496173, 0.296730414, -0.901443401, 0.160400391, -0.919433594, -0.358764648, -0.935385472, -0.25750323, 0.241937734, 0, 3, 1, 1, 
478.466947, 38, 0.1, 0.1, 0.0192987027, 0.36837644, -0.0199699581, 0.95000432, -0.312236757, 5.35773437e-006, -0.312236757, -0.95000432, -1.03917978e-005, 8.33457206e-006, 8.19937123e-006, -1, 0.950004301, -0.312236815, 6.85013289e-006, -0.312236815, -0.950004301, -2.15709215e-005, 1.32428915e-005, 1.83536045e-005, -1, 0, 0, 0, 0, 0, 0, 0, 0.298331567, -0.0629118896, -0.208252612, -0.385668472, 0.472320071, -0.792593674, -0.910522461, -0.333251953, 0.244384766, -0.148651627, 0.81591892, 0.558724235, 0, 0, 0, 0, 0, 0, 0, 0.304771143, -0.00432431641, -0.170647119, -0.31496173, 0.296730414, -0.901443401, 0.160400391, -0.919433594, -0.358764648, -0.935385472, -0.25750323, 0.241937734, 0, 3, 1, 1, 
478.467637, 38, 0.1, 0.1, 0.0192987035, 0.368376441, -0.0199691803, 0.950004399, -0.312236517, 7.59697778e-006, -0.312236517, -0.950004399, -1.50429373e-005, 1.19141166e-005, 1.19188027e-005, -1, 0.950004391, -0.312236541, 1.02460122e-005, -0.312236541, -0.950004391, 4.84824457e-006, 8.21995749e-006, -7.80503304e-006, -1, 0, 0, 0, 0, 0, 0, 0, 0.298331567, -0.0629118896, -0.208252612, -0.385668472, 0.472320071, -0.792593674, -0.910522461, -0.333251953, 0.244384766, -0.148651627, 0.81591892, 0.558724235, 0, 0, 0, 0, 0, 0, 0, 0.304771143, -0.00432431641, -0.170647119, -0.31496173, 0.296730414, -0.901443401, 0.160400391, -0.919433594, -0.358764648, -0.935385472, -0.25750323, 0.241937734, 0, 3, 1, 1, 
478.468339, 38, 0.1, 0.1, 0.0192987028, 0.368376441, -0.0199685487, 0.950004366, -0.312236617, 1.20925416e-005, -0.312236617, -0.950004366, 1.74751935e-005, 6.03157198e-006, -2.03772444e-005, -1, 0.950004383, -0.312236564, -4.64614087e-006, -0.312236564, -0.950004383, 1.33260997e-005, -8.57474977e-006, -1.12091581e-005, -1, 0, 0, 0, 0, 0, 0, 0, 0.301265332, -0.0662726074, -0.206930859, -0.384813639, 0.472148207, -0.792980464, -0.91015625, -0.336181641, 0.241455078, -0.15261837, 0.814833814, 0.559403456, 0, 0, 0, 0, 0, 0, 0, 0.304771143, -0.00432431641, -0.170647119, -0.31496173, 0.296730414, -0.901443401, 0.160400391, -0.919433594, -0.358764648, -0.935385472, -0.25750323, 0.241937734, 0, 3, 1, 1, 
478.469032, 38, 0.1, 0.1, 0.0192987021, 0.36837644, -0.0199682772, 0.950004268, -0.312236915, -1.54245868e-005, -0.312236915, -0.950004268, -1.78117868e-005, -9.09192593e-006, 2.17373988e-005, -1, 0.950004285, -0.312236862, -2.05091748e-005, -0.312236862, -0.950004285, -1.69489306e-005, -1.4191723e-005, 2.2505277e-005, -1, 0, 0, 0, 0, 0, 0, 0, 0.301265332, -0.0662726074, -0.206930859, -0.384813639, 0.472148207, -0.792980464, -0.91015625, -0.336181641, 0.241455078, -0.15261837, 0.814833814, 0.559403456, 0, 0, 0, 0, 0, 0, 0, 0.304771143, -0.00432431641, -0.170647119, -0.31496173, 0.296730414, -0.901443401, 0.160400391, -0.919433594, -0.358764648, -0.935385472, -0.25750323, 0.241937734, 0, 3, 1, 1, 
478.46972, 38, 0.1, 0.1, 0.0192987026, 0.368376442, -0.0199685104, 0.950004247, -0.312236978, -1.23003162e-005, -0.312236978, -0.950004247, 1.20928424e-005, -1.54611852e-005, -7.64763813e-006, -1, 0.950004241, -0.312236995, -4.38871061e-006, -0.312236995, -0.950004241, 2.07430873e-005, -1.0646053e-005, -1.83357031e-005, -1, 0, 0, 0, 0, 0, 0, 0, 0.301265332, -0.0662726074, -0.206930859, -0.384813639, 0.472148207, -0.792980464, -0.91015625, -0.336181641, 0.241455078, -0.15261837, 0.814833814, 0.559403456, 0, 0, 0, 0, 0, 0, 0, 0.304771143, -0.00432431641, -0.170647119, -0.31496173, 0.296730414, -0.901443401, 0.160400391, -0.919433594, -0.358764648, -0.935385472, -0.25750323, 0.241937734, 0, 3, 1, 1, 
478.470423, 38, 0.1, 0.1, 0.0192987022, 0.36837644, -0.0199691041, 0.950004335, -0.31223671, -6.69411199e-006, -0.31223671, -0.950004335, 1.62120958e-005, -1.14214469e-005, -1.33114138e-005, -1, 0.950004312, -0.31223678, 1.19611427e-006, -0.31223678, -0.950004312, -9.70889106e-006, 4.1677866e-006, 8.85001751e-006, -1, 0, 0, 0, 0, 0, 0, 0, 0.301265332, -0.0662726074, -0.206930859, -0.386255579, 0.4724837, -0.792110283, -0.909057617, -0.33984375, 0.240600586, -0.155479787, 0.81305039, 0.56099592, 0, 0, 0, 0, 0, 0, 0, 0.304771143, -0.00432431641, -0.170647119, -0.31496173, 0.296730414, -0.901443401, 0.160400391, -0.919433594, -0.358764648, -0.935385472, -0.25750323, 0.241937734, 0, 3, 1, 1, 
478.471123, 38, 0.1, 0.1, 0.0192987024, 0.368376442, -0.0199696399, 0.950004399, -0.312236515, -2.57561062e-006, -0.312236515, -0.950004399, -1.60194359e-005, 2.55501143e-006, 1.60227343e-005, -1, 0.950004396, -0.312236525, 5.32476869e-006, -0.312236525, -0.950004396, -8.86850491e-006, 7.82762482e-006, 6.76253138e-006, -1, 0, 0, 0, 0, 0, 0, 0, 0.303638599, -0.0693862793, -0.205988574, -0.386255579, 0.4724837, -0.792110283, -0.909057617, -0.33984375, 0.240600586, -0.155479787, 0.81305039, 0.56099592, 0, 0, 0, 0, 0, 0, 0, 0.30673125, -0.00789736328, -0.170334668, -0.316245741, 0.28835297, -0.903743468, 0.16784668, -0.920532227, -0.352416992, -0.933679287, -0.263047958, 0.242800672, 0, 3, 1, 1, 
478.471818, 38, 0.1, 0.1, 0.0192987021, 0.368376443, -0.0199701375, 0.95000435, -0.312236665, 1.36858698e-005, -0.312236665, -0.95000435, 1.7359152e-005, 7.58147215e-006, -2.07645003e-005, -1, 0.950004367, -0.312236612, 9.74436692e-006, -0.312236612, -0.950004367, 2.00701804e-005, 2.99054599e-006, -2.21093072e-005, -1, 0, 0, 0, 0, 0, 0, 0, 0.303638599, -0.0693862793, -0.205988574, -0.386255579, 0.4724837, -0.792110283, -0.909057617, -0.33984375, 0.240600586, -0.155479787, 0.81305039, 0.56099592, 0, 0, 0, 0, 0, 0, 0, 0.30673125, -0.00789736328, -0.170334668, -0.316245741, 0.28835297, -0.903743468, 0.16784668, -0.920532227, -0.352416992, -0.933679287, -0.263047958, 0.242800672, 0, 3, 1, 1, 
478.472501, 38, 0.1, 0.1, 0.0192987009, 0.368376442, -0.0199705744, 0.950004263, -0.312236928, 1.86918709e-006, -0.312236928, -0.950004263, -1.08115507e-005, 5.15150108e-006, 9.68739e-006, -1, 0.950004277, -0.312236885, -1.43369493e-005, -0.312236886, -0.950004277, -1.53680415e-005, -8.82169373e-006, 1.90762295e-005, -1, 0, 0, 0, 0, 0, 0, 0, 0.303638599, -0.0693862793, -0.205988574, -0.386255579, 0.4724837, -0.792110283, -0.909057617, -0.33984375, 0.240600586, -0.155479787, 0.81305039, 0.56099592, 0, 0, 0, 0, 0, 0, 0, 0.30673125, -0.00789736328, -0.170334668, -0.316245741, 0.28835297, -0.903743468, 0.16784668, -0.920532227, -0.352416992, -0.933679287, -0.263047958, 0.242800672, 0, 3, 1, 1, 
478.473188, 38, 0.1, 0.1, 0.0192987011, 0.368376443, -0.0199708378, 0.95000427, -0.31223691, -1.0763556e-005, -0.31223691, -0.95000427, -1.02245413e-005, -7.03294498e-006, 1.30741373e-005, -1, 0.95000426, -0.312236938, -1.0061777e-005, -0.312236938, -0.95000426, 9.16893193e-006, -1.24216103e-005, -5.56886594e-006, -1, 0, 0, 0, 0, 0, 0, 0, 0.303638599, -0.0693862793, -0.205988574, -0.386255579, 0.4724837, -0.792110283, -0.909057617, -0.33984375, 0.240600586, -0.155479787, 0.81305039, 0.56099592, 0, 0, 0, 0, 0, 0, 0, 0.30673125, -0.00789736328, -0.170334668, -0.316245741, 0.28835297, -0.903743468, 0.16784668, -0.920532227, -0.352416992, -0.933679287, -0.263047958, 0.242800672, 0, 3, 1, 1, 
478.473887, 38, 0.1, 0.1, 0.0192987015, 0.368376442, -0.0199707225, 0.950004361, -0.312236631, -3.77835008e-006, -0.312236631, -0.950004361, 1.91471704e-005, -9.56789703e-006, -1.70101561e-005, -1, 0.950004344, -0.312236685, -2.92478743e-006, -0.312236685, -0.950004344, 9.47409859e-006, -5.73672189e-006, -8.08720889e-006, -1, 0, 0, 0, 0, 0, 0, 0, 0.303638599, -0.0693862793, -0.205988574, -0.386255579, 0.4724837, -0.792110283, -0.909057617, -0.33984375, 0.240600586, -0.155479787, 0.81305039, 0.56099592, 0, 0, 0, 0, 0, 0, 0, 0.30673125, -0.00789736328, -0.170334668, -0.316245741, 0.28835297, -0.903743468, 0.16784668, -0.920532227, -0.352416992, -0.933679287, -0.263047958, 0.242800672, 0, 3, 1, 1, 
478.474576, 38, 0.1, 0.1, 0.0192987022, 0.368376441, -0.0199703799, 0.950004401, -0.312236509, -1.18540573e-005, -0.312236509, -0.950004401, -1.60341542e-005, -6.25495823e-006, 1.89337865e-005, -1, 0.950004402, -0.312236506, 1.12408364e-006, -0.312236506, -0.950004402, -2.16216531e-005, 7.81895383e-006, 2.01896857e-005, -1, 0, 0, 0, 0, 0, 0, 0, 0.303638599, -0.0693862793, -0.205988574, -0.386255579, 0.4724837, -0.792110283, -0.909057617, -0.33984375, 0.240600586, -0.155479787, 0.81305039, 0.56099592, 0, 0, 0, 0, 0, 0, 0, 0.30673125, -0.00789736328, -0.170334668, -0.316245741, 0.28835297, -0.903743468, 0.16784668, -0.920532227, -0.352416992, -0.933679287, -0.263047958, 0.242800672, 0, 3, 1, 1, 
478.475277, 38, 0.1, 0.1, 0.0192987035, 0.368376442, -0.019969895, 0.950004332, -0.31223672, 8.43306593e-006, -0.31223672, -0.950004332, 5.07641186e-006, 6.42640698e-006, -7.4557261e-006, -1, 0.950004352, -0.312236657, 1.72729136e-005, -0.312236658, -0.950004352, 1.41529299e-005, 1.19902795e-005, -1.88385818e-005, -1, 0, 0, 0, 0, 0, 0, 0, 0.303638599, -0.0693862793, -0.205988574, -0.387082698, 0.472216356, -0.791919323, -0.907958984, -0.344238281, 0.238525391, -0.159921686, 0.811362446, 0.562201595, 0, 0, 0, 0, 0, 0, 0, 0.30673125, -0.00789736328, -0.170334668, -0.316245741, 0.28835297, -0.903743468, 0.16784668, -0.920532227, -0.352416992, -0.933679287, -0.263047958, 0.242800672, 0, 3, 1, 1, 
478.475981, 38, 0.1, 0.1, 0.0192987023, 0.36837644, -0.0199691311, 0.950004252, -0.312236964, 1.1281817e-005, -0.312236964, -0.950004252, 5.48379978e-006, 9.00552917e-006, -8.7322334e-006, -1, 0.950004259, -0.312236941, 1.15727019e-006, -0.312236941, -0.950004259, -1.23386892e-005, 4.95200619e-006, 1.13604648e-005, -1, 0, 0, 0, 0, 0, 0, 0, 0.306261719, -0.0725304687, -0.204858936, -0.387082698, 0.472216356, -0.791919323, -0.907958984, -0.344238281, 0.238525391, -0.159921686, 0.811362446, 0.562201595, 0, 0, 0, 0, 0, 0, 0, 0.308794141, -0.0119898926, -0.169429395, -0.315913253, 0.278870153, -0.906752989, 0.176025391, -0.921875, -0.344848633, -0.932171428, -0.268586123, 0.242238873, 0, 3, 1, 1, 
478.476671, 38, 0.1, 0.1, 0.0192987016, 0.368376441, -0.0199686515, 0.950004285, -0.312236863, -2.50299592e-006, -0.312236863, -0.950004285, -1.98948184e-005, 3.83403883e-006, 1.96816903e-005, -1, 0.950004268, -0.312236915, -1.36884274e-005, -0.312236915, -0.950004268, -7.19766037e-006, -1.07566892e-005, 1.11118404e-005, -1, 0, 0, 0, 0, 0, 0, 0, 0.306261719, -0.0725304687, -0.204858936, -0.387082698, 0.472216356, -0.791919323, -0.907958984, -0.344238281, 0.238525391, -0.159921686, 0.811362446, 0.562201595, 0, 0, 0, 0, 0, 0, 0, 0.308794141, -0.0119898926, -0.169429395, -0.315913253, 0.278870153, -0.906752989, 0.176025391, -0.921875, -0.344848633, -0.932171428, -0.268586123, 0.242238873, 0, 3, 1, 1, 
478.477361, 38, 0.1, 0.1, 0.0192987014, 0.368376443, -0.0199685886, 0.950004382, -0.312236567, -2.38046657e-006, -0.312236567, -0.950004382, 2.56181626e-005, -1.02603808e-005, -2.3594098e-005, -1, 0.950004365, -0.31223662, -7.13694242e-006, -0.31223662, -0.950004365, 2.76781525e-005, -1.54222592e-005, -2.40659509e-005, -1, 0, 0, 0, 0, 0, 0, 0, 0.306261719, -0.0725304687, -0.204858936, -0.387082698, 0.472216356, -0.791919323, -0.907958984, -0.344238281, 0.238525391, -0.159921686, 0.811362446, 0.562201595, 0, 0, 0, 0, 0, 0, 0, 0.308794141, -0.0119898926, -0.169429395, -0.315913253, 0.278870153, -0.906752989, 0.176025391, -0.921875, -0.344848633, -0.932171428, -0.268586123, 0.242238873, 0, 3, 1, 1, 
478.47805, 38, 0.1, 0.1, 0.019298701, 0.368376442, -0.0199688768, 0.950004403, -0.312236503, -1.63389715e-005, -0.312236503, -0.950004403, -3.30223092e-007, -1.54189872e-005, 5.41533672e-006, -1, 0.950004409, -0.312236486, -1.52780951e-005, -0.312236486, -0.950004409, -1.15642834e-005, -1.09034664e-005, 1.57564989e-005, -1, 0, 0, 0, 0, 0, 0, 0, 0.306261719, -0.0725304687, -0.204858936, -0.387082698, 0.472216356, -0.791919323, -0.907958984, -0.344238281, 0.238525391, -0.159921686, 0.811362446, 0.562201595, 0, 0, 0, 0, 0, 0, 0, 0.308794141, -0.0119898926, -0.169429395, -0.315913253, 0.278870153, -0.906752989, 0.176025391, -0.921875, -0.344848633, -0.932171428, -0.268586123, 0.242238873, 0, 3, 1, 1, 
478.478735, 38, 0.1, 0.1, 0.019298702, 0.368376444, -0.0199694927, 0.95000432, -0.312236757, -1.1481429e-005, -0.312236757, -0.95000432, -5.4474038e-006, -9.20652745e-006, 8.7599813e-006, -1, 0.95000434, -0.312236695, 7.69820732e-006, -0.312236695, -0.95000434, 9.00700612e-006, 4.50101254e-006, -1.09603577e-005, -1, 0, 0, 0, 0, 0, 0, 0, 0.306261719, -0.0725304687, -0.204858936, -0.387082698, 0.472216356, -0.791919323, -0.907958984, -0.344238281, 0.238525391, -0.159921686, 0.811362446, 0.562201595, 0, 0, 0, 0, 0, 0, 0, 0.308794141, -0.0119898926, -0.169429395, -0.315913253, 0.278870153, -0.906752989, 0.176025391, -0.921875, -0.344848633, -0.932171428, -0.268586123, 0.242238873, 0, 3, 1, 1, 
478.479422, 38, 0.1, 0.1, 0.0192987021, 0.368376443, -0.0199702538, 0.950004261, -0.312236937, 1.03596047e-005, -0.312236937, -0.950004261, 1.47101112e-005, 5.24862855e-006, -1.72093195e-005, -1, 0.950004264, -0.312236928, 1.24121932e-005, -0.312236928, -0.950004264, 5.05517128e-006, 1.02132253e-005, -8.67797934e-006, -1, 0, 0, 0, 0, 0, 0, 0, 0.306261719, -0.0725304687, -0.204858936, -0.387082698, 0.472216356, -0.791919323, -0.907958984, -0.344238281, 0.238525391, -0.159921686, 0.811362446, 0.562201595, 0, 0, 0, 0, 0, 0, 0, 0.308794141, -0.0119898926, -0.169429395, -0.315913253, 0.278870153, -0.906752989, 0.176025391, -0.921875, -0.344848633, -0.932171428, -0.268586123, 0.242238873, 0, 3, 1, 1, 
478.480121, 38, 0.1, 0.1, 0.0192987016, 0.368376442, -0.0199708782, 0.950004311, -0.312236784, 4.08865562e-006, -0.312236784, -0.950004311, -2.33616705e-005, 1.11786133e-005, 2.0917059e-005, -1, 0.950004292, -0.312236841, -8.53315385e-007, -0.312236841, -0.950004292, -2.26620068e-005, 6.26526014e-006, 2.17954402e-005, -1, 0, 0, 0, 0, 0, 0, 0, 0.306261719, -0.0725304687, -0.204858936, -0.387884731, 0.47191082, -0.791709267, -0.906738281, -0.349121094, 0.236083984, -0.164985518, 0.809433367, 0.563527836, 0, 0, 0, 0, 0, 0, 0, 0.308794141, -0.0119898926, -0.169429395, -0.315913253, 0.278870153, -0.906752989, 0.176025391, -0.921875, -0.344848633, -0.932171428, -0.268586123, 0.242238873, 0, 3, 1, 1, 
478.480824, 38, 0.1, 0.1, 0.019298702, 0.368376444, -0.0199708819, 0.9500044, -0.312236512, 9.29256519e-006, -0.312236512, -0.9500044, 4.95086181e-006, 7.28213799e-006, -7.60481865e-006, -1, 0.950004386, -0.312236557, -4.74512797e-007, -0.312236557, -0.950004385, 1.85404843e-005, -6.23980622e-006, -1.74653812e-005, -1, 0, 0, 0, 0, 0, 0, 0, 0.308884229, -0.0754541016, -0.203504712, -0.387884731, 0.47191082, -0.791709267, -0.906738281, -0.349121094, 0.236083984, -0.164985518, 0.809433367, 0.563527836, 0, 0, 0, 0, 0, 0, 0, 0.311068799, -0.0149869629, -0.168745898, -0.315861847, 0.269725654, -0.909590068, 0.186157227, -0.922363281, -0.338256836, -0.930324885, -0.276175355, 0.241204227, 0, 3, 1, 1, 
478.481512, 38, 0.1, 0.1, 0.0192987014, 0.368376442, -0.0199706261, 0.950004394, -0.31223653, -2.80854481e-006, -0.31223653, -0.950004394, 1.10378291e-005, -6.11454336e-006, -9.60905586e-006, -1, 0.950004404, -0.312236501, -1.36256336e-005, -0.312236501, -0.950004404, -5.10755539e-006, -1.13496467e-005, 9.10662028e-006, -1, 0, 0, 0, 0, 0, 0, 0, 0.308884229, -0.0754541016, -0.203504712, -0.387884731, 0.47191082, -0.791709267, -0.906738281, -0.349121094, 0.236083984, -0.164985518, 0.809433367, 0.563527836, 0, 0, 0, 0, 0, 0, 0, 0.311068799, -0.0149869629, -0.168745898, -0.315861847, 0.269725654, -0.909590068, 0.186157227, -0.922363281, -0.338256836, -0.930324885, -0.276175355, 0.241204227, 0, 3, 1, 1, 
478.4822, 38, 0.1, 0.1, 0.0192987023, 0.368376442, -0.0199701796, 0.950004305, -0.312236802, -1.66964552e-005, -0.312236803, -0.950004305, -1.65664954e-005, -1.06890348e-005, 2.09514898e-005, -1, 0.950004322, -0.312236749, -9.72249423e-006, -0.312236749, -0.950004322, -9.43906568e-006, -6.28918837e-006, 1.20028732e-005, -1, 0, 0, 0, 0, 0, 0, 0, 0.308884229, -0.0754541016, -0.203504712, -0.387884731, 0.47191082, -0.791709267, -0.906738281, -0.349121094, 0.236083984, -0.164985518, 0.809433367, 0.563527836, 0, 0, 0, 0, 0, 0, 0, 0.311068799, -0.0149869629, -0.168745898, -0.315861847, 0.269725654, -0.909590068, 0.186157227, -0.922363281, -0.338256836, -0.930324885, -0.276175355, 0.241204227, 0, 3, 1, 1, 
478.482919, 38, 0.1, 0.1, 0.0192987034, 0.368376443, -0.0199694603, 0.950004266, -0.312236919, -1.83198168e-006, -0.312236919, -0.950004266, 2.24448443e-005, -8.74849945e-006, -2.07506855e-005, -1, 0.950004264, -0.312236927, 1.232633e-005, -0.312236927, -0.950004264, 1.88049424e-005, 5.83846868e-006, -2.17135108e-005, -1, 0, 0, 0, 0, 0, 0, 0, 0.311205371, -0.0783220703, -0.202518481, -0.390304314, 0.472734574, -0.790045288, -0.905029297, -0.354125977, 0.235229492, -0.168557235, 0.806831058, 0.566230494, 0, 0, 0, 0, 0, 0, 0, 0.312807617, -0.0181374512, -0.168413672, -0.317343819, 0.261526848, -0.911487651, 0.19519043, -0.922485352, -0.332641602, -0.927903049, -0.283419705, 0.24174124, 0, 3, 1, 1, 
478.483605, 38, 0.1, 0.1, 0.0192987031, 0.368376442, -0.0199688144, 0.950004343, -0.312236686, 2.48026619e-006, -0.312236686, -0.950004343, -7.5895674e-006, 4.72600503e-006, 6.43569189e-006, -1, 0.950004323, -0.312236748, 4.10467866e-006, -0.312236748, -0.950004323, -1.94325826e-005, 9.96702887e-006, 1.7179406e-005, -1, 0, 0, 0, 0, 0, 0, 0, 0.311205371, -0.0783220703, -0.202518481, -0.390304314, 0.472734574, -0.790045288, -0.905029297, -0.354125977, 0.235229492, -0.168557235, 0.806831058, 0.566230494, 0, 0, 0, 0, 0, 0, 0, 0.312807617, -0.0181374512, -0.168413672, -0.317343819, 0.261526848, -0.911487651, 0.19519043, -0.922485352, -0.332641602, -0.927903049, -0.283419705, 0.24174124, 0, 3, 1, 1, 
478.484286, 38, 0.1, 0.1, 0.0192987033, 0.368376444, -0.0199686138, 0.950004427, -0.31223643, 5.21913493e-006, -0.31223643, -0.950004427, -1.03881222e-005, 8.20175147e-006, 8.23915801e-006, -1, 0.950004418, -0.312236457, 7.63182739e-006, -0.312236457, -0.950004418, 9.87874513e-006, 4.16576536e-006, -1.17677863e-005, -1, 0, 0, 0, 0, 0, 0, 0, 0.311205371, -0.0783220703, -0.202518481, -0.390304314, 0.472734574, -0.790045288, -0.905029297, -0.354125977, 0.235229492, -0.168557235, 0.806831058, 0.566230494, 0, 0, 0, 0, 0, 0, 0, 0.312807617, -0.0181374512, -0.168413672, -0.317343819, 0.261526848, -0.911487651, 0.19519043, -0.922485352, -0.332641602, -0.927903049, -0.283419705, 0.24174124, 0, 3, 1, 1, 
478.484979, 38, 0.1, 0.1, 0.0192987022, 0.368376444, -0.0199687943, 0.9500044, -0.312236511, 9.94567423e-006, -0.312236512, -0.9500044, 1.94500078e-005, 3.37543171e-006, -2.15829956e-005, -1, 0.950004416, -0.312236463, -6.56572275e-006, -0.312236463, -0.950004416, 1.56460984e-005, -1.1122748e-005, -1.28138045e-005, -1, 0, 0, 0, 0, 0, 0, 0, 0.311205371, -0.0783220703, -0.202518481, -0.390304314, 0.472734574, -0.790045288, -0.905029297, -0.354125977, 0.235229492, -0.168557235, 0.806831058, 0.566230494, 0, 0, 0, 0, 0, 0, 0, 0.312807617, -0.0181374512, -0.168413672, -0.317343819, 0.261526848, -0.911487651, 0.19519043, -0.922485352, -0.332641602, -0.927903049, -0.283419705, 0.24174124, 0, 3, 1, 1, 
478.48568, 38, 0.1, 0.1, 0.0192987013, 0.368376444, -0.0199692612, 0.950004308, -0.312236794, -1.58998412e-005, -0.312236794, -0.950004307, -1.68380136e-005, -9.84747023e-006, 2.09607009e-005, -1, 0.950004324, -0.312236744, -2.1065258e-005, -0.312236744, -0.950004324, -1.56097758e-005, -1.51381407e-005, 2.14067021e-005, -1, 0, 0, 0, 0, 0, 0, 0, 0.311205371, -0.0783220703, -0.202518481, -0.390304314, 0.472734574, -0.790045288, -0.905029297, -0.354125977, 0.235229492, -0.168557235, 0.806831058, 0.566230494, 0, 0, 0, 0, 0, 0, 0, 0.312807617, -0.0181374512, -0.168413672, -0.317343819, 0.261526848, -0.911487651, 0.19519043, -0.922485352, -0.332641602, -0.927903049, -0.283419705, 0.24174124, 0, 3, 1, 1, 
478.486367, 38, 0.1, 0.1, 0.0192987018, 0.368376445, -0.0199697936, 0.950004291, -0.312236845, -1.15452817e-005, -0.312236845, -0.950004291, 1.0886487e-005, -1.43672295e-005, -6.73734702e-006, -1, 0.950004285, -0.312236863, -4.36994488e-006, -0.312236862, -0.950004285, 1.91359122e-005, -1.01264035e-005, -1.68147407e-005, -1, 0, 0, 0, 0, 0, 0, 0, 0.311205371, -0.0783220703, -0.202518481, -0.390304314, 0.472734574, -0.790045288, -0.905029297, -0.354125977, 0.235229492, -0.168557235, 0.806831058, 0.566230494, 0, 0, 0, 0, 0, 0, 0, 0.312807617, -0.0181374512, -0.168413672, -0.317343819, 0.261526848, -0.911487651, 0.19519043, -0.922485352, -0.332641602, -0.927903049, -0.283419705, 0.24174124, 0, 3, 1, 1, 
478.487062, 38, 0.1, 0.1, 0.0192987015, 0.368376443, -0.0199702599, 0.950004377, -0.312236582, -4.71131404e-006, -0.312236582, -0.950004377, 1.07686838e-005, -7.83814598e-006, -8.75925215e-006, -1, 0.950004357, -0.312236645, 1.9555976e-006, -0.312236645, -0.950004357, -1.16875988e-005, 5.50712288e-006, 1.04926606e-005, -1, 0, 0, 0, 0, 0, 0, 0, 0.311205371, -0.0783220703, -0.202518481, -0.390304314, 0.472734574, -0.790045288, -0.905029297, -0.354125977, 0.235229492, -0.168557235, 0.806831058, 0.566230494, 0, 0, 0, 0, 0, 0, 0, 0.312807617, -0.0181374512, -0.168413672, -0.317343819, 0.261526848, -0.911487651, 0.19519043, -0.922485352, -0.332641602, -0.927903049, -0.283419705, 0.24174124, 0, 3, 1, 1, 
478.487779, 38, 0.1, 0.1, 0.0192987024, 0.368376443, -0.0199703677, 0.950004442, -0.312236386, 8.44887981e-007, -0.312236385, -0.950004442, -2.03073865e-005, 7.14335228e-006, 1.90283026e-005, -1, 0.950004438, -0.312236396, 8.6490134e-006, -0.312236396, -0.950004438, -1.40557596e-005, 1.26053208e-005, 1.06524972e-005, -1, 0, 0, 0, 0, 0, 0, 0, 0.31378772, -0.0812273926, -0.201574854, -0.391981397, 0.47279074, -0.789156011, -0.903564453, -0.358398438, 0.234130859, -0.172122961, 0.804844692, 0.567943526, 0, 0, 0, 0, 0, 0, 0, 0.314572803, -0.0217571289, -0.167871387, -0.318289146, 0.252580676, -0.913653557, 0.203125, -0.923217773, -0.326049805, -0.925915781, -0.289392437, 0.242495536, 0, 3, 1, 1, 
478.488468, 38, 0.1, 0.1, 0.0192987027, 0.368376445, -0.0199702364, 0.950004393, -0.312236533, 1.65725016e-005, -0.312236533, -0.950004393, 1.57781603e-005, 1.08174312e-005, -2.01638621e-005, -1, 0.950004411, -0.31223648, 1.27848818e-005, -0.31223648, -0.950004411, 1.78295052e-005, 6.57867217e-006, -2.09300151e-005, -1, 0, 0, 0, 0, 0, 0, 0, 0.31378772, -0.0812273926, -0.201574854, -0.391981397, 0.47279074, -0.789156011, -0.903564453, -0.358398438, 0.234130859, -0.172122961, 0.804844692, 0.567943526, 0, 0, 0, 0, 0, 0, 0, 0.314572803, -0.0217571289, -0.167871387, -0.318289146, 0.252580676, -0.913653557, 0.203125, -0.923217773, -0.326049805, -0.925915781, -0.289392437, 0.242495536, 0, 3, 1, 1, 
478.489154, 38, 0.1, 0.1, 0.0192987019, 0.368376443, -0.019970036, 0.950004308, -0.312236793, 3.52560804e-006, -0.312236793, -0.950004308, -8.58452718e-006, 6.02974807e-006, 7.05451325e-006, -1, 0.950004322, -0.312236749, -1.25743671e-005, -0.31223675, -0.950004322, -1.40349428e-005, -7.56347817e-006, 1.72594358e-005, -1, 0, 0, 0, 0, 0, 0, 0, 0.31378772, -0.0812273926, -0.201574854, -0.391981397, 0.47279074, -0.789156011, -0.903564453, -0.358398438, 0.234130859, -0.172122961, 0.804844692, 0.567943526, 0, 0, 0, 0, 0, 0, 0, 0.314572803, -0.0217571289, -0.167871387, -0.318289146, 0.252580676, -0.913653557, 0.203125, -0.923217773, -0.326049805, -0.925915781, -0.289392437, 0.242495536, 0, 3, 1, 1, 
478.489853, 38, 0.1, 0.1, 0.0192987023, 0.368376445, -0.0199697487, 0.950004317, -0.312236766, -1.11897981e-005, -0.312236766, -0.950004317, -6.62769923e-006, -8.56094513e-006, 9.79020926e-006, -1, 0.950004306, -0.312236798, -1.03244364e-005, -0.312236798, -0.950004306, 1.35537899e-005, -1.4040251e-005, -9.65248985e-006, -1, 0, 0, 0, 0, 0, 0, 0, 0.31378772, -0.0812273926, -0.201574854, -0.391981397, 0.47279074, -0.789156011, -0.903564453, -0.358398438, 0.234130859, -0.172122961, 0.804844692, 0.567943526, 0, 0, 0, 0, 0, 0, 0, 0.314572803, -0.0217571289, -0.167871387, -0.318289146, 0.252580676, -0.913653557, 0.203125, -0.923217773, -0.326049805, -0.925915781, -0.289392437, 0.242495536, 0, 3, 1, 1, 
478.490542, 38, 0.1, 0.1, 0.0192987025, 0.368376445, -0.0199695052, 0.950004412, -0.312236476, -5.10406191e-006, -0.312236475, -0.950004412, 2.36435995e-005, -1.22312755e-005, -2.08678496e-005, -1, 0.950004393, -0.312236534, -3.96678003e-006, -0.312236534, -0.950004393, 1.34756337e-005, -7.97604361e-006, -1.15633376e-005, -1, 0, 0, 0, 0, 0, 0, 0, 0.31378772, -0.0812273926, -0.201574854, -0.391981397, 0.47279074, -0.789156011, -0.903564453, -0.358398438, 0.234130859, -0.172122961, 0.804844692, 0.567943526, 0, 0, 0, 0, 0, 0, 0, 0.314572803, -0.0217571289, -0.167871387, -0.318289146, 0.252580676, -0.913653557, 0.203125, -0.923217773, -0.326049805, -0.925915781, -0.289392437, 0.242495536, 0, 3, 1, 1, 
478.491228, 38, 0.1, 0.1, 0.0192987029, 0.368376444, -0.0199694105, 0.950004455, -0.312236344, -1.38143961e-005, -0.312236344, -0.950004455, -1.52534653e-005, -8.36105159e-006, 1.88042166e-005, -1, 0.950004456, -0.312236341, -5.16474299e-007, -0.312236341, -0.950004456, -2.03191879e-005, 5.85373599e-006, 1.94645811e-005, -1, 0, 0, 0, 0, 0, 0, 0, 0.31378772, -0.0812273926, -0.201574854, -0.391981397, 0.47279074, -0.789156011, -0.903564453, -0.358398438, 0.234130859, -0.172122961, 0.804844692, 0.567943526, 0, 0, 0, 0, 0, 0, 0, 0.314572803, -0.0217571289, -0.167871387, -0.318289146, 0.252580676, -0.913653557, 0.203125, -0.923217773, -0.326049805, -0.925915781, -0.289392437, 0.242495536, 0, 3, 1, 1, 
