time, trialNum, realDorsalTactorPos, realVentralTactorPos, boxPosX, boxPosY, boxPosZ, boxLocalRot_11, boxLocalRot_12, boxLocalRot_13, boxLocalRot_21, boxLocalRot_22, boxLocalRot_23, boxLocalRot_31, boxLocalRot_32, boxLocalRot_33, boxGlobalRot_11, boxGlobalRot_12, boxGlobalRot_13, boxGlobalRot_21, boxGlobalRot_22, boxGlobalRot_23, boxGlobalRot_31, boxGlobalRot_32, boxGlobalRot_33, indexForceX, indexForceY, indexForceZ, indexForceGlobalX, indexForceGlobalY, indexForceGlobalZ, indexContact, indexPosX, indexPosY, indexPosZ, indexRot_11, indexRot_12, indexRot_13, indexRot_21, indexRot_22, indexRot_23, indexRot_31, indexRot_32, indexRot_33, thumbForceX, thumbForceY, thumbForceZ, thumbForceGlobalX, thumbForceGlobalY, thumbForceGlobalZ, thumbContact, thumbPosX, thumbPosY, thumbPosZ, thumbRot_11, thumbRot_12, thumbRot_13, thumbRot_21, thumbRot_22, thumbRot_23, thumbRot_31, thumbRot_32, thumbRot_33, manipForceTooHigh, cceExpType, mapping, trialSuccess, 
997.245189, 71, 0.1, 0.1, -0.00977815165, 0.371731942, -0.01997656, 0.994090782, 2.37997102e-005, 0.108551911, 0.108551913, -5.12952732e-005, -0.99409078, -1.80908726e-005, 0.999999998, -5.35756623e-005, 0.994090771, 2.45312606e-005, 0.108552011, 0.108552012, -5.59625513e-005, -0.994090769, -1.83114522e-005, 0.999999998, -5.82947735e-005, 0, 0, 0, 0, 0, 0, 0, 0.224336792, -0.0792428955, -0.15845, -0.274747536, 0.645692305, -0.712375519, -0.884887695, 0.119995117, 0.450073242, 0.37610163, 0.754100898, 0.53847982, 0, 0, -0, 0, 0, 0, 0, 0.26775708, -0.0357922852, -0.128108545, -0.227140056, 0.34224833, -0.911686993, 0.677001953, -0.617431641, -0.400512695, -0.700062971, -0.708094558, -0.0915261693, 0, 3, 5, 1, 
997.281586, 71, 0.1, 0.1, -0.00977832876, 0.371732009, -0.0199676698, 0.994091389, 3.01315826e-005, 0.108546351, 0.108546351, 9.24209346e-006, -0.994091389, -3.09567423e-005, 1, 5.91681219e-006, 0.994091383, 2.57628517e-005, 0.108546402, 0.108546402, 9.09550287e-006, -0.994091383, -2.6597913e-005, 1, 6.24529617e-006, 0, 0, 0, 0, 0, 0, 0, 0.233210791, -0.10112168, -0.151850269, -0.303131438, 0.654795898, -0.692215672, -0.867553711, 0.110961914, 0.484741211, 0.394315903, 0.747591762, 0.534668854, 0, 0, -0, 0, 0, 0, 0, 0.275439258, -0.0582506836, -0.122957422, -0.264354542, 0.312072902, -0.912409903, 0.689575195, -0.600097656, -0.405151367, -0.674147892, -0.736305637, -0.056620478, 0, 3, 5, 1, 
997.282293, 71, 0.1, 0.1, -0.00977832939, 0.37173201, -0.0199689879, 0.994091424, -3.36060619e-005, 0.108546023, 0.108546023, -8.27194649e-006, -0.994091425, 3.43053848e-005, 0.999999999, -4.57526671e-006, 0.994091418, -3.07224054e-005, 0.108546079, 0.108546079, 2.24563282e-006, -0.994091419, 3.02971249e-005, 1, 5.56716096e-006, 0, 0, 0, 0, 0, 0, 0, 0.233210791, -0.10112168, -0.151850269, -0.305485499, 0.655138504, -0.690927622, -0.866333008, 0.109741211, 0.487182617, 0.395059525, 0.747413906, 0.534217663, 0, 0, -0, 0, 0, 0, 0, 0.275439258, -0.0582506836, -0.122957422, -0.264354542, 0.312072902, -0.912409903, 0.689575195, -0.600097656, -0.405151367, -0.674147892, -0.736305637, -0.056620478, 0, 3, 5, 1, 
997.282991, 71, 0.1, 0.1, -0.00977833309, 0.371732011, -0.0199701723, 0.994091456, 3.15480467e-005, 0.108545736, 0.108545736, 4.38426877e-007, -0.994091456, -3.1409233e-005, 1, -2.98856953e-006, 0.994091448, 2.75224684e-005, 0.108545807, 0.108545807, -2.19219197e-007, -0.994091448, -2.73360551e-005, 1, -3.20537247e-006, 0, 0, 0, 0, 0, 0, 0, 0.23420896, -0.102667407, -0.150892847, -0.305485499, 0.655138504, -0.690927622, -0.866333008, 0.109741211, 0.487182617, 0.395059525, 0.747413906, 0.534217663, 0, 0, -0, 0, 0, 0, 0, 0.276102734, -0.0599886719, -0.122635059, -0.26869255, 0.310264271, -0.911866328, 0.690551758, -0.59777832, -0.406860352, -0.671412525, -0.738950586, -0.0536175209, 0, 3, 5, 1, 
997.283678, 71, 0.1, 0.1, -0.0097783344, 0.371732011, -0.019971279, 0.994091484, -2.90152585e-005, 0.108545475, 0.108545475, 1.99109059e-006, -0.994091485, 2.86276975e-005, 1, 5.12880122e-006, 0.994091478, -2.46538734e-005, 0.108545533, 0.108545533, -5.90293359e-006, -0.994091478, 2.51489425e-005, 1, -3.19198816e-006, 0, 0, 0, 0, 0, 0, 0, 0.23420896, -0.102667407, -0.150892847, -0.305485499, 0.655138504, -0.690927622, -0.866333008, 0.109741211, 0.487182617, 0.395059525, 0.747413906, 0.534217663, 0, 0, -0, 0, 0, 0, 0, 0.276102734, -0.0599886719, -0.122635059, -0.26869255, 0.310264271, -0.911866328, 0.690551758, -0.59777832, -0.406860352, -0.671412525, -0.738950586, -0.0536175209, 0, 3, 5, 1, 
997.284367, 71, 0.1, 0.1, -0.00977833847, 0.371732012, -0.0199719747, 0.994091508, 3.01289455e-005, 0.10854526, 0.10854526, 6.89792462e-006, -0.994091508, -3.06996659e-005, 1, 3.58681406e-006, 0.994091505, 2.66659692e-005, 0.108545284, 0.108545284, 6.83468883e-006, -0.994091505, -2.72502867e-005, 1, 3.89984091e-006, 0, 0, 0, 0, 0, 0, 0, 0.23420896, -0.102667407, -0.150892847, -0.305485499, 0.655138504, -0.690927622, -0.866333008, 0.109741211, 0.487182617, 0.395059525, 0.747413906, 0.534217663, 0, 0, -0, 0, 0, 0, 0, 0.276102734, -0.0599886719, -0.122635059, -0.26869255, 0.310264271, -0.911866328, 0.690551758, -0.59777832, -0.406860352, -0.671412525, -0.738950586, -0.0536175209, 0, 3, 5, 1, 
997.285053, 71, 0.1, 0.1, -0.00977833975, 0.371732013, -0.0199720639, 0.994091527, -2.77094981e-005, 0.108545082, 0.108545082, -7.61706129e-006, -0.994091528, 2.83725718e-005, 1, -4.56432636e-006, 0.994091525, -2.51778178e-005, 0.108545107, 0.108545107, 9.67956285e-007, -0.994091525, 2.49239884e-005, 1, 3.69516607e-006, 0, 0, 0, 0, 0, 0, 0, 0.23420896, -0.102667407, -0.150892847, -0.305485499, 0.655138504, -0.690927622, -0.866333008, 0.109741211, 0.487182617, 0.395059525, 0.747413906, 0.534217663, 0, 0, -0, 0, 0, 0, 0, 0.276102734, -0.0599886719, -0.122635059, -0.26869255, 0.310264271, -0.911866328, 0.690551758, -0.59777832, -0.406860352, -0.671412525, -0.738950586, -0.0536175209, 0, 3, 5, 1, 
997.285743, 71, 0.1, 0.1, -0.00977834374, 0.371732014, -0.0199715345, 0.994091546, 3.02547678e-005, 0.10854491, 0.10854491, -3.41047011e-007, -0.994091546, -3.003899e-005, 1, -3.62303299e-006, 0.994091541, 2.73154562e-005, 0.108544959, 0.108544959, -9.41213742e-007, -0.994091541, -2.70518999e-005, 1, -3.9006077e-006, 0, 0, 0, 0, 0, 0, 0, 0.23420896, -0.102667407, -0.150892847, -0.305485499, 0.655138504, -0.690927622, -0.866333008, 0.109741211, 0.487182617, 0.395059525, 0.747413906, 0.534217663, 0, 0, -0, 0, 0, 0, 0, 0.276102734, -0.0599886719, -0.122635059, -0.26869255, 0.310264271, -0.911866328, 0.690551758, -0.59777832, -0.406860352, -0.671412525, -0.738950586, -0.0536175209, 0, 3, 5, 1, 
997.286431, 71, 0.1, 0.1, -0.00977834437, 0.371732014, -0.0199705927, 0.994091563, -3.25819611e-005, 0.10854475, 0.10854475, 7.98579021e-007, -0.994091564, 3.23027711e-005, 0.999999999, 4.33046147e-006, 0.994091559, -2.8265698e-005, 0.108544788, 0.108544788, -7.28555217e-006, -0.99409156, 2.88895006e-005, 1, -4.17441172e-006, 0, 0, 0, 0, 0, 0, 0, 0.23420896, -0.102667407, -0.150892847, -0.305485499, 0.655138504, -0.690927622, -0.866333008, 0.109741211, 0.487182617, 0.395059525, 0.747413906, 0.534217663, 0, 0, -0, 0, 0, 0, 0, 0.276102734, -0.0599886719, -0.122635059, -0.26869255, 0.310264271, -0.911866328, 0.690551758, -0.59777832, -0.406860352, -0.671412525, -0.738950586, -0.0536175209, 0, 3, 5, 1, 
997.287133, 71, 0.1, 0.1, -0.00977834826, 0.371732015, -0.0199695036, 0.994091577, 3.04771343e-005, 0.108544625, 0.108544625, 6.27593594e-006, -0.994091577, -3.09782816e-005, 1, 2.93072594e-006, 0.994091576, 2.67719331e-005, 0.108544631, 0.108544631, 6.27058449e-006, -0.994091577, -2.72943915e-005, 1, 3.32758562e-006, 0, 0, 0, 0, 0, 0, 0, 0.23420896, -0.102667407, -0.150892847, -0.308130869, 0.656572208, -0.688458986, -0.864501953, 0.108764648, 0.490722656, 0.397085206, 0.746321686, 0.534197445, 0, 0, -0, 0, 0, 0, 0, 0.276102734, -0.0599886719, -0.122635059, -0.26869255, 0.310264271, -0.911866328, 0.690551758, -0.59777832, -0.406860352, -0.671412525, -0.738950586, -0.0536175209, 0, 3, 5, 1, 
997.287834, 71, 0.1, 0.1, -0.00977834872, 0.371732017, -0.0199683407, 0.994091588, -3.42589837e-005, 0.108544523, 0.108544523, -9.99435403e-006, -0.994091589, 3.51413999e-005, 0.999999999, -6.21667823e-006, 0.994091587, -3.18909049e-005, 0.108544533, 0.108544533, -6.38872231e-007, -0.994091587, 3.17718264e-005, 0.999999999, 2.82648589e-006, 0, 0, 0, 0, 0, 0, 0, 0.2349729, -0.104383398, -0.150320264, -0.308130869, 0.656572208, -0.688458986, -0.864501953, 0.108764648, 0.490722656, 0.397085206, 0.746321686, 0.534197445, 0, 0, -0, 0, 0, 0, 0, 0.276810889, -0.061921582, -0.122101416, -0.272263869, 0.308794326, -0.911233434, 0.69152832, -0.595703125, -0.408447266, -0.668964803, -0.741314452, -0.0514643749, 0, 3, 5, 1, 
997.288529, 71, 0.1, 0.1, -0.00977835273, 0.371732018, -0.0199677278, 0.9940916, 3.503926e-005, 0.10854441, 0.108544411, -1.69510151e-008, -0.994091601, -3.48303942e-005, 0.999999999, -3.82016669e-006, 0.994091596, 3.10600268e-005, 0.108544452, 0.108544452, -9.9287464e-007, -0.994091596, -3.07687406e-005, 1, -4.35840192e-006, 0, 0, 0, 0, 0, 0, 0, 0.2349729, -0.104383398, -0.150320264, -0.308130869, 0.656572208, -0.688458986, -0.864501953, 0.108764648, 0.490722656, 0.397085206, 0.746321686, 0.534197445, 0, 0, -0, 0, 0, 0, 0, 0.276810889, -0.061921582, -0.122101416, -0.272263869, 0.308794326, -0.911233434, 0.69152832, -0.595703125, -0.408447266, -0.668964803, -0.741314452, -0.0514643749, 0, 3, 5, 1, 
997.289222, 71, 0.1, 0.1, -0.00977835351, 0.371732018, -0.0199677447, 0.994091612, -3.39592727e-005, 0.108544304, 0.108544304, 2.62334326e-006, -0.994091613, 3.34738792e-005, 0.999999999, 6.29392914e-006, 0.994091609, -2.90635048e-005, 0.108544333, 0.108544333, -6.46807142e-006, -0.994091609, 2.95938588e-005, 1, -3.27517677e-006, 0, 0, 0, 0, 0, 0, 0, 0.2349729, -0.104383398, -0.150320264, -0.308130869, 0.656572208, -0.688458986, -0.864501953, 0.108764648, 0.490722656, 0.397085206, 0.746321686, 0.534197445, 0, 0, -0, 0, 0, 0, 0, 0.276810889, -0.061921582, -0.122101416, -0.272263869, 0.308794326, -0.911233434, 0.69152832, -0.595703125, -0.408447266, -0.668964803, -0.741314452, -0.0514643749, 0, 3, 5, 1, 
997.289939, 71, 0.1, 0.1, -0.00977835807, 0.371732018, -0.0199682432, 0.994091619, 3.68422648e-005, 0.108544236, 0.108544236, 1.02952019e-005, -0.99409162, -3.77420715e-005, 0.999999999, 6.23535846e-006, 0.99409162, 3.31522754e-005, 0.108544227, 0.108544226, 1.01285683e-005, -0.994091621, -3.40557968e-005, 0.999999999, 6.47023676e-006, 0, 0, 0, 0, 0, 0, 0, 0.235774927, -0.106158472, -0.149592187, -0.309964467, 0.656794247, -0.687291503, -0.86340332, 0.108032227, 0.492675781, 0.397993579, 0.746162927, 0.53376535, 0, 0, -0, 0, 0, 0, 0, 0.277543945, -0.0636495605, -0.121584375, -0.275470984, 0.307094337, -0.910843343, 0.692749023, -0.593505859, -0.409545898, -0.666478802, -0.743825239, -0.0493367486, 0, 3, 5, 1, 
997.290636, 71, 0.1, 0.1, -0.00977835916, 0.371732019, -0.0199689744, 0.994091624, -3.19937336e-005, 0.108544195, 0.108544195, -5.24727902e-006, -0.994091624, 3.23742642e-005, 0.999999999, -1.74354207e-006, 0.994091624, -2.87679503e-005, 0.108544193, 0.108544193, 4.21035512e-006, -0.994091625, 2.81409688e-005, 1, 7.30807271e-006, 0, 0, 0, 0, 0, 0, 0, 0.235774927, -0.106158472, -0.149592187, -0.309964467, 0.656794247, -0.687291503, -0.86340332, 0.108032227, 0.492675781, 0.397993579, 0.746162927, 0.53376535, 0, 0, -0, 0, 0, 0, 0, 0.277543945, -0.0636495605, -0.121584375, -0.275470984, 0.307094337, -0.910843343, 0.692749023, -0.593505859, -0.409545898, -0.666478802, -0.743825239, -0.0493367486, 0, 3, 5, 1, 
997.291413, 71, 0.1, 0.1, -0.00977836329, 0.371732019, -0.0199697713, 0.99409163, 3.14366428e-005, 0.108544135, 0.108544135, 2.69327737e-006, -0.994091631, -3.1543243e-005, 1, -7.34898703e-007, 0.994091627, 2.66995627e-005, 0.108544172, 0.108544172, 1.92821328e-006, -0.994091627, -2.6751108e-005, 1, -9.81261252e-007, 0, 0, 0, 0, 0, 0, 0, 0.235774927, -0.106158472, -0.149592187, -0.309964467, 0.656794247, -0.687291503, -0.86340332, 0.108032227, 0.492675781, 0.397993579, 0.746162927, 0.53376535, 0, 0, -0, 0, 0, 0, 0, 0.277543945, -0.0636495605, -0.121584375, -0.275470984, 0.307094337, -0.910843343, 0.692749023, -0.593505859, -0.409545898, -0.666478802, -0.743825239, -0.0493367486, 0, 3, 5, 1, 
997.292123, 71, 0.1, 0.1, -0.00977836387, 0.371732021, -0.0199693227, 0.994091625, -3.19734735e-005, 0.108544184, 0.108544183, -2.98069371e-005, -0.994091625, 3.50199319e-005, 0.999999999, -2.6160292e-005, 0.99409163, -2.97132297e-005, 0.108544142, 0.108544141, -2.08145702e-005, -0.99409163, 3.17969726e-005, 0.999999999, -1.74663931e-005, 0, 0, 0, 0, 0, 0, 0, 0.235774927, -0.106158472, -0.149592187, -0.309964467, 0.656794247, -0.687291503, -0.86340332, 0.108032227, 0.492675781, 0.397993579, 0.746162927, 0.53376535, 0, 0, -0, 0, 0, 0, 0, 0.277543945, -0.0636495605, -0.121584375, -0.275470984, 0.307094337, -0.910843343, 0.692749023, -0.593505859, -0.409545898, -0.666478802, -0.743825239, -0.0493367486, 0, 3, 5, 1, 
997.292815, 71, 0.1, 0.1, -0.00977836751, 0.371732022, -0.0199690816, 0.994091597, 3.14523767e-005, 0.108544439, 0.108544438, 1.7620271e-005, -0.994091598, -3.31791259e-005, 0.999999999, 1.41021827e-005, 0.994091602, 2.72278117e-005, 0.108544393, 0.108544393, 1.71630645e-005, -0.994091603, -2.89298934e-005, 0.999999999, 1.4106232e-005, 0, 0, 0, 0, 0, 0, 0, 0.235774927, -0.106158472, -0.149592187, -0.309964467, 0.656794247, -0.687291503, -0.86340332, 0.108032227, 0.492675781, 0.397993579, 0.746162927, 0.53376535, 0, 0, -0, 0, 0, 0, 0, 0.277543945, -0.0636495605, -0.121584375, -0.275470984, 0.307094337, -0.910843343, 0.692749023, -0.593505859, -0.409545898, -0.666478802, -0.743825239, -0.0493367486, 0, 3, 5, 1, 
997.293516, 71, 0.1, 0.1, -0.00977836855, 0.371732025, -0.0199690077, 0.994091592, -3.05237238e-005, 0.108544489, 0.108544489, -1.08229571e-005, -0.994091592, 3.15181495e-005, 0.999999999, -7.44582867e-006, 0.994091589, -2.59099774e-005, 0.108544515, 0.108544514, -2.20569488e-005, -0.994091589, 2.81510514e-005, 0.999999999, -1.91142414e-005, 0, 0, 0, 0, 0, 0, 0, 0.235774927, -0.106158472, -0.149592187, -0.309964467, 0.656794247, -0.687291503, -0.86340332, 0.108032227, 0.492675781, 0.397993579, 0.746162927, 0.53376535, 0, 0, -0, 0, 0, 0, 0, 0.277543945, -0.0636495605, -0.121584375, -0.275470984, 0.307094337, -0.910843343, 0.692749023, -0.593505859, -0.409545898, -0.666478802, -0.743825239, -0.0493367486, 0, 3, 5, 1, 
997.294208, 71, 0.1, 0.1, -0.00977837241, 0.371732023, -0.0199691402, 0.994091638, 3.59383683e-005, 0.108544068, 0.108544068, -1.5833392e-006, -0.994091638, -3.55541694e-005, 0.999999999, -5.47488096e-006, 0.994091624, 3.01004455e-005, 0.108544194, 0.108544194, 1.67143064e-005, -0.994091624, -3.17368416e-005, 0.999999999, 1.33483234e-005, 0, 0, 0, 0, 0, 0, 0, 0.235774927, -0.106158472, -0.149592187, -0.309964467, 0.656794247, -0.687291503, -0.86340332, 0.108032227, 0.492675781, 0.397993579, 0.746162927, 0.53376535, 0, 0, -0, 0, 0, 0, 0, 0.277543945, -0.0636495605, -0.121584375, -0.275470984, 0.307094337, -0.910843343, 0.692749023, -0.593505859, -0.409545898, -0.666478802, -0.743825239, -0.0493367486, 0, 3, 5, 1, 
997.294938, 71, 0.1, 0.1, -0.00977837316, 0.371732023, -0.019969214, 0.994091734, -3.47274841e-005, 0.10854319, 0.108543191, 2.36647588e-005, -0.994091734, 3.19536565e-005, 0.999999999, 2.7294373e-005, 0.994091711, -2.99144762e-005, 0.1085434, 0.108543401, 1.38592456e-005, -0.994091711, 2.82334032e-005, 0.999999999, 1.70243801e-005, 0, 0, 0, 0, 0, 0, 0, 0.236950439, -0.107258447, -0.148836401, -0.313106334, 0.65709267, -0.685628647, -0.862792969, 0.104980469, 0.494506836, 0.396884507, 0.746486437, 0.534119939, 0, 0, -0, 0, 0, 0, 0, 0.277543945, -0.0636495605, -0.121584375, -0.278575653, 0.305617828, -0.910351173, 0.69519043, -0.58984375, -0.410766602, -0.662631864, -0.74729448, -0.0481803351, 0, 3, 5, 1, 
997.295633, 71, 0.1, 0.1, -0.00977837699, 0.371732023, -0.0199691918, 0.994091837, 3.5129629e-005, 0.108542246, 0.108542246, -1.04066888e-005, -0.994091837, -3.3792512e-005, 0.999999999, -1.41582533e-005, 0.994091818, 3.16856486e-005, 0.108542419, 0.10854242, -1.05246722e-005, -0.994091818, -3.03560706e-005, 0.999999999, -1.39017275e-005, 0, 0, 0, 0, 0, 0, 0, 0.236950439, -0.107258447, -0.148836401, -0.313106334, 0.65709267, -0.685628647, -0.862792969, 0.104980469, 0.494506836, 0.396884507, 0.746486437, 0.534119939, 0, 0, -0, 0, 0, 0, 0, 0.278535645, -0.0649364258, -0.120857764, -0.278575653, 0.305617828, -0.910351173, 0.69519043, -0.58984375, -0.410766602, -0.662631864, -0.74729448, -0.0481803351, 0, 3, 5, 1, 
997.296326, 71, 0.1, 0.1, -0.00977837732, 0.371732022, -0.0199693695, 0.994091909, -3.34488435e-005, 0.108541586, 0.108541587, 2.1176311e-006, -0.994091909, 3.30213737e-005, 0.999999999, 5.73571049e-006, 0.994091899, -3.06842297e-005, 0.108541677, 0.108541677, 1.43042921e-005, -0.994091899, 2.89503323e-005, 0.999999999, 1.75502986e-005, 0, 0, 0, 0, 0, 0, 0, 0.236950439, -0.107258447, -0.148836401, -0.313106334, 0.65709267, -0.685628647, -0.862792969, 0.104980469, 0.494506836, 0.396884507, 0.746486437, 0.534119939, 0, 0, -0, 0, 0, 0, 0, 0.278535645, -0.0649364258, -0.120857764, -0.278575653, 0.305617828, -0.910351173, 0.69519043, -0.58984375, -0.410766602, -0.662631864, -0.74729448, -0.0481803351, 0, 3, 5, 1, 
997.297016, 71, 0.1, 0.1, -0.0097783809, 0.371732026, -0.0199696535, 0.994091922, 2.96616234e-005, 0.108541467, 0.108541467, 6.37206873e-006, -0.994091922, -3.01780139e-005, 1, 3.11490592e-006, 0.994091924, 2.82491486e-005, 0.108541444, 0.108541445, -1.23439916e-005, -0.994091925, -2.67424158e-005, 1, -1.53372657e-005, 0, 0, 0, 0, 0, 0, 0, 0.236950439, -0.107258447, -0.148836401, -0.313106334, 0.65709267, -0.685628647, -0.862792969, 0.104980469, 0.494506836, 0.396884507, 0.746486437, 0.534119939, 0, 0, -0, 0, 0, 0, 0, 0.278535645, -0.0649364258, -0.120857764, -0.278575653, 0.305617828, -0.910351173, 0.69519043, -0.58984375, -0.410766602, -0.662631864, -0.74729448, -0.0481803351, 0, 3, 5, 1, 
997.297707, 71, 0.1, 0.1, -0.00977838113, 0.371732028, -0.0199699961, 0.994091884, -3.04557744e-005, 0.108541809, 0.108541808, -3.06541672e-005, -0.994091885, 3.36030969e-005, 0.999999999, -2.7167334e-005, 0.994091895, -2.80812259e-005, 0.108541714, 0.108541713, -2.14405624e-005, -0.994091895, 3.02425145e-005, 0.999999999, -1.8265905e-005, 0, 0, 0, 0, 0, 0, 0, 0.236950439, -0.107258447, -0.148836401, -0.313106334, 0.65709267, -0.685628647, -0.862792969, 0.104980469, 0.494506836, 0.396884507, 0.746486437, 0.534119939, 0, 0, -0, 0, 0, 0, 0, 0.278535645, -0.0649364258, -0.120857764, -0.278575653, 0.305617828, -0.910351173, 0.69519043, -0.58984375, -0.410766602, -0.662631864, -0.74729448, -0.0481803351, 0, 3, 5, 1, 
997.298401, 71, 0.1, 0.1, -0.00977838461, 0.371732029, -0.0199702639, 0.994091829, 3.06587042e-005, 0.108542312, 0.108542312, 1.38187195e-005, -0.99409183, -3.19774831e-005, 0.999999999, 1.04093096e-005, 0.99409184, 2.66019685e-005, 0.10854222, 0.10854222, 1.35588354e-005, -0.99409184, -2.79165059e-005, 1, 1.0591291e-005, 0, 0, 0, 0, 0, 0, 0, 0.236950439, -0.107258447, -0.148836401, -0.313106334, 0.65709267, -0.685628647, -0.862792969, 0.104980469, 0.494506836, 0.396884507, 0.746486437, 0.534119939, 0, 0, -0, 0, 0, 0, 0, 0.278535645, -0.0649364258, -0.120857764, -0.278575653, 0.305617828, -0.910351173, 0.69519043, -0.58984375, -0.410766602, -0.662631864, -0.74729448, -0.0481803351, 0, 3, 5, 1, 
997.29912, 71, 0.1, 0.1, -0.0097783854, 0.371732033, -0.0199701092, 0.9940918, -3.09785134e-005, 0.108542586, 0.108542585, -1.50184872e-005, -0.9940918, 3.24256316e-005, 0.999999999, -1.1567267e-005, 0.994091801, -2.68238879e-005, 0.108542571, 0.108542571, -2.58648155e-005, -0.994091801, 2.94728407e-005, 0.999999999, -2.28004673e-005, 0, 0, 0, 0, 0, 0, 0, 0.236950439, -0.107258447, -0.148836401, -0.313106334, 0.65709267, -0.685628647, -0.862792969, 0.104980469, 0.494506836, 0.396884507, 0.746486437, 0.534119939, 0, 0, -0, 0, 0, 0, 0, 0.278535645, -0.0649364258, -0.120857764, -0.278575653, 0.305617828, -0.910351173, 0.69519043, -0.58984375, -0.410766602, -0.662631864, -0.74729448, -0.0481803351, 0, 3, 5, 1, 
997.299821, 71, 0.1, 0.1, -0.00977838902, 0.371732032, -0.0199697977, 0.994091825, 3.47072806e-005, 0.108542352, 0.108542353, -7.1071592e-006, -0.994091826, -3.37307961e-005, 0.999999999, -1.08323787e-005, 0.994091814, 2.83318204e-005, 0.10854245, 0.10854245, 1.21043232e-005, -0.994091815, -2.94782636e-005, 1, 8.95760337e-006, 0, 0, 0, 0, 0, 0, 0, 0.236950439, -0.107258447, -0.148836401, -0.318164174, 0.658038113, -0.682341126, -0.860839844, 0.100830078, 0.498657227, 0.396944038, 0.746213102, 0.534587983, 0, 0, -0, 0, 0, 0, 0, 0.278535645, -0.0649364258, -0.120857764, -0.278575653, 0.305617828, -0.910351173, 0.69519043, -0.58984375, -0.410766602, -0.662631864, -0.74729448, -0.0481803351, 0, 3, 5, 1, 
997.300523, 71, 0.1, 0.1, -0.00977838999, 0.371732033, -0.0199692699, 0.994091897, -3.16125198e-005, 0.108541694, 0.108541694, 1.87915984e-005, -0.994091897, 2.93860778e-005, 0.999999999, 2.21118522e-005, 0.99409188, -2.73786834e-005, 0.10854185, 0.10854185, 9.3613994e-006, -0.99409188, 2.62008233e-005, 1, 1.22778241e-005, 0, 0, 0, 0, 0, 0, 0, 0.238031592, -0.108327173, -0.148666968, -0.318164174, 0.658038113, -0.682341126, -0.860839844, 0.100830078, 0.498657227, 0.396944038, 0.746213102, 0.534587983, 0, 0, -0, 0, 0, 0, 0, 0.279219385, -0.0661551758, -0.120534424, -0.282881578, 0.305099772, -0.909264755, 0.696899414, -0.5859375, -0.413330078, -0.659033926, -0.75054024, -0.0468387209, 0, 3, 5, 1, 
997.301212, 71, 0.1, 0.1, -0.00977839437, 0.371732033, -0.0199689666, 0.994091982, 3.93797384e-005, 0.108540911, 0.108540912, -9.91934102e-006, -0.994091983, -3.8070428e-005, 0.999999999, -1.41350501e-005, 0.994091967, 3.57118783e-005, 0.108541055, 0.108541055, -1.11338241e-005, -0.994091967, -3.42924143e-005, 0.999999999, -1.494425e-005, 0, 0, 0, 0, 0, 0, 0, 0.238031592, -0.108327173, -0.148666968, -0.318164174, 0.658038113, -0.682341126, -0.860839844, 0.100830078, 0.498657227, 0.396944038, 0.746213102, 0.534587983, 0, 0, -0, 0, 0, 0, 0, 0.279219385, -0.0661551758, -0.120534424, -0.282881578, 0.305099772, -0.909264755, 0.696899414, -0.5859375, -0.413330078, -0.659033926, -0.75054024, -0.0468387209, 0, 3, 5, 1, 
997.301901, 71, 0.1, 0.1, -0.00977839534, 0.371732032, -0.0199689769, 0.994092038, -2.95348194e-005, 0.108540403, 0.108540403, 7.25138409e-006, -0.994092038, 2.85732607e-005, 1, 1.04142644e-005, 0.994092031, -2.67707314e-005, 0.108540464, 0.108540464, 1.86770848e-005, -0.994092032, 2.45853513e-005, 0.999999999, 2.14724488e-005, 0, 0, 0, 0, 0, 0, 0, 0.238031592, -0.108327173, -0.148666968, -0.318164174, 0.658038113, -0.682341126, -0.860839844, 0.100830078, 0.498657227, 0.396944038, 0.746213102, 0.534587983, 0, 0, -0, 0, 0, 0, 0, 0.279219385, -0.0661551758, -0.120534424, -0.282881578, 0.305099772, -0.909264755, 0.696899414, -0.5859375, -0.413330078, -0.659033926, -0.75054024, -0.0468387209, 0, 3, 5, 1, 
997.302619, 71, 0.1, 0.1, -0.00977840011, 0.371732034, -0.0199691315, 0.994092036, 3.52118616e-005, 0.108540422, 0.108540422, 1.51418114e-005, -0.994092036, -3.66473298e-005, 0.999999999, 1.12304438e-005, 0.994092042, 3.45477788e-005, 0.108540368, 0.108540369, -5.33228099e-006, -0.994092042, -3.37649043e-005, 0.999999999, -9.05060675e-006, 0, 0, 0, 0, 0, 0, 0, 0.239127148, -0.109236499, -0.148349487, -0.322848329, 0.65767042, -0.680494422, -0.859863281, 0.0966796875, 0.501220703, 0.395461281, 0.74701289, 0.534542677, 0, 0, -0, 0, 0, 0, 0, 0.279219385, -0.0661551758, -0.120534424, -0.286375972, 0.303878827, -0.908638424, 0.69921875, -0.58203125, -0.415039062, -0.654982464, -0.754105363, -0.0457909492, 0, 3, 5, 1, 
997.303311, 71, 0.1, 0.1, -0.00977840054, 0.371732034, -0.0199692857, 0.994091984, -3.05890051e-005, 0.108540901, 0.1085409, -2.54301284e-005, -0.994091984, 3.31684938e-005, 0.999999999, -2.19597287e-005, 0.994091997, -2.71409576e-005, 0.108540775, 0.108540775, -1.50722233e-005, -0.994091998, 2.86165596e-005, 1, -1.2037276e-005, 0, 0, 0, 0, 0, 0, 0, 0.239127148, -0.109236499, -0.148349487, -0.322848329, 0.65767042, -0.680494422, -0.859863281, 0.0966796875, 0.501220703, 0.395461281, 0.74701289, 0.534542677, 0, 0, -0, 0, 0, 0, 0, 0.279966357, -0.0674271484, -0.119801221, -0.286375972, 0.303878827, -0.908638424, 0.69921875, -0.58203125, -0.415039062, -0.654982464, -0.754105363, -0.0457909492, 0, 3, 5, 1, 
997.304001, 71, 0.1, 0.1, -0.00977840342, 0.371732035, -0.019969582, 0.994091916, 2.75091202e-005, 0.108541526, 0.108541525, 1.65588209e-005, -0.994091916, -2.91439137e-005, 0.999999999, 1.34751082e-005, 0.994091928, 2.41281172e-005, 0.108541411, 0.10854141, 1.7011409e-005, -0.994091928, -2.58320089e-005, 1, 1.42920045e-005, 0, 0, 0, 0, 0, 0, 0, 0.239127148, -0.109236499, -0.148349487, -0.322848329, 0.65767042, -0.680494422, -0.859863281, 0.0966796875, 0.501220703, 0.395461281, 0.74701289, 0.534542677, 0, 0, -0, 0, 0, 0, 0, 0.279966357, -0.0674271484, -0.119801221, -0.286375972, 0.303878827, -0.908638424, 0.69921875, -0.58203125, -0.415039062, -0.654982464, -0.754105363, -0.0457909492, 0, 3, 5, 1, 
997.304693, 71, 0.1, 0.1, -0.00977840325, 0.371732038, -0.0199699365, 0.994091874, -3.48882143e-005, 0.108541904, 0.108541903, -1.52584368e-005, -0.994091875, 3.63382701e-005, 0.999999999, -1.13814549e-005, 0.994091878, -2.99792952e-005, 0.108541866, 0.108541866, -2.53542642e-005, -0.994091878, 3.2554173e-005, 0.999999999, -2.19504595e-005, 0, 0, 0, 0, 0, 0, 0, 0.239127148, -0.109236499, -0.148349487, -0.322848329, 0.65767042, -0.680494422, -0.859863281, 0.0966796875, 0.501220703, 0.395461281, 0.74701289, 0.534542677, 0, 0, -0, 0, 0, 0, 0, 0.279966357, -0.0674271484, -0.119801221, -0.286375972, 0.303878827, -0.908638424, 0.69921875, -0.58203125, -0.415039062, -0.654982464, -0.754105363, -0.0457909492, 0, 3, 5, 1, 
997.305389, 71, 0.1, 0.1, -0.00977840553, 0.371732037, -0.0199702491, 0.994091887, 2.83791805e-005, 0.108541789, 0.108541789, -9.4892474e-006, -0.994091887, -2.71815333e-005, 1, -1.25135109e-005, 0.994091879, 2.24183064e-005, 0.108541859, 0.108541858, 9.21675871e-006, -0.994091879, -2.32862605e-005, 1, 6.72898035e-006, 0, 0, 0, 0, 0, 0, 0, 0.239127148, -0.109236499, -0.148349487, -0.322848329, 0.65767042, -0.680494422, -0.859863281, 0.0966796875, 0.501220703, 0.395461281, 0.74701289, 0.534542677, 0, 0, -0, 0, 0, 0, 0, 0.279966357, -0.0674271484, -0.119801221, -0.286375972, 0.303878827, -0.908638424, 0.69921875, -0.58203125, -0.415039062, -0.654982464, -0.754105363, -0.0457909492, 0, 3, 5, 1, 
997.306077, 71, 0.1, 0.1, -0.00977840554, 0.371732039, -0.0199703862, 0.994091944, -3.31530915e-005, 0.10854126, 0.108541261, 1.54632629e-005, -0.994091945, 3.12788191e-005, 0.999999999, 1.89703834e-005, 0.99409193, -2.95574905e-005, 0.108541391, 0.108541392, 6.28145818e-006, -0.99409193, 2.87010646e-005, 1, 9.45255805e-006, 0, 0, 0, 0, 0, 0, 0, 0.239127148, -0.109236499, -0.148349487, -0.322848329, 0.65767042, -0.680494422, -0.859863281, 0.0966796875, 0.501220703, 0.395461281, 0.74701289, 0.534542677, 0, 0, -0, 0, 0, 0, 0, 0.279966357, -0.0674271484, -0.119801221, -0.286375972, 0.303878827, -0.908638424, 0.69921875, -0.58203125, -0.415039062, -0.654982464, -0.754105363, -0.0457909492, 0, 3, 5, 1, 
997.306801, 71, 0.1, 0.1, -0.0097784101, 0.37173204, -0.0199700254, 0.994092022, 4.13154381e-005, 0.108540543, 0.108540544, -1.27734624e-005, -0.994092023, -3.96849089e-005, 0.999999999, -1.71823972e-005, 0.994092009, 3.76837852e-005, 0.108540667, 0.108540668, -1.42462922e-005, -0.994092009, -3.59148477e-005, 0.999999999, -1.82523484e-005, 0, 0, 0, 0, 0, 0, 0, 0.239127148, -0.109236499, -0.148349487, -0.322848329, 0.65767042, -0.680494422, -0.859863281, 0.0966796875, 0.501220703, 0.395461281, 0.74701289, 0.534542677, 0, 0, -0, 0, 0, 0, 0, 0.279966357, -0.0674271484, -0.119801221, -0.286375972, 0.303878827, -0.908638424, 0.69921875, -0.58203125, -0.415039062, -0.654982464, -0.754105363, -0.0457909492, 0, 3, 5, 1, 
997.307504, 71, 0.1, 0.1, -0.00977841127, 0.371732038, -0.0199694812, 0.994092069, -2.82061398e-005, 0.108540116, 0.108540116, 6.60071751e-006, -0.99409207, 2.73230572e-005, 1, 9.62321862e-006, 0.994092065, -2.52705392e-005, 0.108540161, 0.108540161, 1.75085542e-005, -0.994092065, 2.32208612e-005, 1, 2.01479832e-005, 0, 0, 0, 0, 0, 0, 0, 0.239127148, -0.109236499, -0.148349487, -0.322848329, 0.65767042, -0.680494422, -0.859863281, 0.0966796875, 0.501220703, 0.395461281, 0.74701289, 0.534542677, 0, 0, -0, 0, 0, 0, 0, 0.279966357, -0.0674271484, -0.119801221, -0.286375972, 0.303878827, -0.908638424, 0.69921875, -0.58203125, -0.415039062, -0.654982464, -0.754105363, -0.0457909492, 0, 3, 5, 1, 
997.308217, 71, 0.1, 0.1, -0.00977841572, 0.371732041, -0.01996875, 0.99409206, 3.51471515e-005, 0.108540203, 0.108540202, 1.44035453e-005, -0.99409206, -3.6502868e-005, 0.999999999, 1.0503571e-005, 0.994092066, 3.45795499e-005, 0.108540141, 0.108540141, -5.48072812e-006, -0.994092067, -3.37803773e-005, 0.999999999, -9.20161756e-006, 0, 0, 0, 0, 0, 0, 0, 0.239888525, -0.111025854, -0.147850024, -0.325462621, 0.657588044, -0.679403324, -0.858520508, 0.0954589844, 0.50378418, 0.396122528, 0.747273121, 0.533628313, 0, 0, -0, 0, 0, 0, 0, 0.280724316, -0.0690953125, -0.11929126, -0.289218881, 0.303015889, -0.908012093, 0.700439453, -0.579467773, -0.416381836, -0.652458183, -0.75640543, -0.0447431775, 0, 3, 5, 1, 
997.308905, 71, 0.1, 0.1, -0.00977841591, 0.371732041, -0.0199684269, 0.994092, -3.13712244e-005, 0.108540754, 0.108540753, -2.19002967e-005, -0.994092, 3.35629579e-005, 0.999999999, -1.83658534e-005, 0.994092015, -2.80989113e-005, 0.108540618, 0.108540617, -1.24560204e-005, -0.994092015, 2.92848875e-005, 1, -9.33255726e-006, 0, 0, 0, 0, 0, 0, 0, 0.239888525, -0.111025854, -0.147850024, -0.325462621, 0.657588044, -0.679403324, -0.858520508, 0.0954589844, 0.50378418, 0.396122528, 0.747273121, 0.533628313, 0, 0, -0, 0, 0, 0, 0, 0.280724316, -0.0690953125, -0.11929126, -0.289218881, 0.303015889, -0.908012093, 0.700439453, -0.579467773, -0.416381836, -0.652458183, -0.75640543, -0.0447431775, 0, 3, 5, 1, 
997.309595, 71, 0.1, 0.1, -0.00977841882, 0.37173204, -0.0199685774, 0.994091924, 2.97107903e-005, 0.108541443, 0.108541442, 2.43627968e-005, -0.994091925, -3.21796299e-005, 0.999999999, 2.09940075e-005, 0.994091938, 2.60109711e-005, 0.108541316, 0.108541315, 2.4493927e-005, -0.994091939, -2.85158997e-005, 0.999999999, 2.15259503e-005, 0, 0, 0, 0, 0, 0, 0, 0.239888525, -0.111025854, -0.147850024, -0.325462621, 0.657588044, -0.679403324, -0.858520508, 0.0954589844, 0.50378418, 0.396122528, 0.747273121, 0.533628313, 0, 0, -0, 0, 0, 0, 0, 0.280724316, -0.0690953125, -0.11929126, -0.289218881, 0.303015889, -0.908012093, 0.700439453, -0.579467773, -0.416381836, -0.652458183, -0.75640543, -0.0447431775, 0, 3, 5, 1, 
997.310301, 71, 0.1, 0.1, -0.00977841854, 0.371732042, -0.0199690641, 0.994091877, -3.56553631e-005, 0.108541872, 0.108541872, -7.44385197e-006, -0.994091878, 3.62526765e-005, 0.999999999, -3.52977294e-006, 0.994091883, -2.97594107e-005, 0.108541823, 0.108541822, -1.85879387e-005, -0.994091883, 3.16011574e-005, 0.999999999, -1.52479783e-005, 0, 0, 0, 0, 0, 0, 0, 0.239888525, -0.111025854, -0.147850024, -0.325462621, 0.657588044, -0.679403324, -0.858520508, 0.0954589844, 0.50378418, 0.396122528, 0.747273121, 0.533628313, 0, 0, -0, 0, 0, 0, 0, 0.280724316, -0.0690953125, -0.11929126, -0.292317353, 0.302395755, -0.907155719, 0.701538086, -0.576782227, -0.418334961, -0.649838021, -0.758679977, -0.0435484845, 0, 3, 5, 1, 
997.310991, 71, 0.1, 0.1, -0.00977842053, 0.37173204, -0.0199696073, 0.994091887, 2.80982831e-005, 0.108541788, 0.108541788, -3.22947834e-006, -0.994091887, -2.75817419e-005, 1, -6.2602361e-006, 0.99409188, 2.24113451e-005, 0.10854185, 0.10854185, 1.57347988e-005, -0.99409188, -2.39868204e-005, 1, 1.32092669e-005, 0, 0, 0, 0, 0, 0, 0, 0.239888525, -0.111025854, -0.147850024, -0.325462621, 0.657588044, -0.679403324, -0.858520508, 0.0954589844, 0.50378418, 0.396122528, 0.747273121, 0.533628313, 0, 0, -0, 0, 0, 0, 0, 0.281244141, -0.0705236328, -0.118539746, -0.292317353, 0.302395755, -0.907155719, 0.701538086, -0.576782227, -0.418334961, -0.649838021, -0.758679977, -0.0435484845, 0, 3, 5, 1, 
997.31168, 71, 0.1, 0.1, -0.00977841998, 0.371732041, -0.0199702081, 0.994091944, -3.65603024e-005, 0.108541264, 0.108541264, 1.61366941e-005, -0.994091944, 3.45928049e-005, 0.999999999, 2.00096591e-005, 0.99409193, -3.23941123e-005, 0.108541395, 0.108541395, 8.02443664e-006, -0.99409193, 3.13317421e-005, 0.999999999, 1.14931298e-005, 0, 0, 0, 0, 0, 0, 0, 0.239888525, -0.111025854, -0.147850024, -0.325462621, 0.657588044, -0.679403324, -0.858520508, 0.0954589844, 0.50378418, 0.396122528, 0.747273121, 0.533628313, 0, 0, -0, 0, 0, 0, 0, 0.281244141, -0.0705236328, -0.118539746, -0.292317353, 0.302395755, -0.907155719, 0.701538086, -0.576782227, -0.418334961, -0.649838021, -0.758679977, -0.0435484845, 0, 3, 5, 1, 
997.312374, 71, 0.1, 0.1, -0.00977842291, 0.371732042, -0.0199706699, 0.994092016, 3.33563939e-005, 0.108540604, 0.108540605, -1.41476514e-005, -0.994092016, -3.16237303e-005, 0.999999999, -1.76845905e-005, 0.994092003, 2.90443356e-005, 0.108540726, 0.108540727, -1.49031734e-005, -0.994092003, -2.72551405e-005, 0.999999999, -1.79676187e-005, 0, 0, 0, 0, 0, 0, 0, 0.239888525, -0.111025854, -0.147850024, -0.325462621, 0.657588044, -0.679403324, -0.858520508, 0.0954589844, 0.50378418, 0.396122528, 0.747273121, 0.533628313, 0, 0, -0, 0, 0, 0, 0, 0.281244141, -0.0705236328, -0.118539746, -0.292317353, 0.302395755, -0.907155719, 0.701538086, -0.576782227, -0.418334961, -0.649838021, -0.758679977, -0.0435484845, 0, 3, 5, 1, 
997.313076, 71, 0.1, 0.1, -0.00977842333, 0.371732041, -0.0199706943, 0.994092061, -2.90836983e-005, 0.10854019, 0.10854019, 2.52777174e-006, -0.994092062, 2.86375088e-005, 1, 5.66958797e-006, 0.994092057, -2.69976578e-005, 0.108540234, 0.108540235, 1.31642161e-005, -0.994092057, 2.54093101e-005, 1, 1.60167748e-005, 0, 0, 0, 0, 0, 0, 0, 0.24061731, -0.112582446, -0.147318701, -0.328743029, 0.657708612, -0.677690293, -0.856689453, 0.0941162109, 0.506958008, 0.397260053, 0.747254025, 0.532739036, 0, 0, -0, 0, 0, 0, 0, 0.281244141, -0.0705236328, -0.118539746, -0.292317353, 0.302395755, -0.907155719, 0.701538086, -0.576782227, -0.418334961, -0.649838021, -0.758679977, -0.0435484845, 0, 3, 5, 1, 
997.313767, 71, 0.1, 0.1, -0.00977842722, 0.371732044, -0.0199704684, 0.994092053, 3.30632824e-005, 0.108540263, 0.108540262, 1.01348618e-005, -0.994092054, -3.39679869e-005, 0.999999999, 6.48628823e-006, 0.99409206, 3.17005993e-005, 0.108540204, 0.108540205, -8.63155845e-006, -0.99409206, -3.05764429e-005, 0.999999999, -1.20213533e-005, 0, 0, 0, 0, 0, 0, 0, 0.24061731, -0.112582446, -0.147318701, -0.328743029, 0.657708612, -0.677690293, -0.856689453, 0.0941162109, 0.506958008, 0.397260053, 0.747254025, 0.532739036, 0, 0, -0, 0, 0, 0, 0, 0.281244141, -0.0705236328, -0.118539746, -0.292317353, 0.302395755, -0.907155719, 0.701538086, -0.576782227, -0.418334961, -0.649838021, -0.758679977, -0.0435484845, 0, 3, 5, 1, 
997.314455, 71, 0.1, 0.1, -0.00977842778, 0.371732045, -0.0199701304, 0.994091998, -2.62069254e-005, 0.108540766, 0.108540766, -2.48532039e-005, -0.994091999, 2.87496806e-005, 0.999999999, -2.18618514e-005, 0.994092012, -2.37246752e-005, 0.108540641, 0.108540641, -1.5954999e-005, -0.994092012, 2.53162759e-005, 1, -1.32856456e-005, 0, 0, 0, 0, 0, 0, 0, 0.24061731, -0.112582446, -0.147318701, -0.328743029, 0.657708612, -0.677690293, -0.856689453, 0.0941162109, 0.506958008, 0.397260053, 0.747254025, 0.532739036, 0, 0, -0, 0, 0, 0, 0, 0.281244141, -0.0705236328, -0.118539746, -0.292317353, 0.302395755, -0.907155719, 0.701538086, -0.576782227, -0.418334961, -0.649838021, -0.758679977, -0.0435484845, 0, 3, 5, 1, 
997.315185, 71, 0.1, 0.1, -0.00977843213, 0.371732044, -0.019969506, 0.994091924, 3.59837974e-005, 0.108541441, 0.10854144, 2.28399259e-005, -0.994091925, -3.82502809e-005, 0.999999999, 1.87992527e-005, 0.994091939, 3.25207336e-005, 0.108541313, 0.108541312, 2.28438311e-005, -0.994091939, -3.48080985e-005, 0.999999999, 1.91790252e-005, 0, 0, 0, 0, 0, 0, 0, 0.24132998, -0.114156738, -0.146803003, -0.332252589, 0.65744239, -0.676300772, -0.85559082, 0.0916748047, 0.509399414, 0.396950769, 0.74791415, 0.532148181, 0, 0, -0, 0, 0, 0, 0, 0.281244141, -0.0705236328, -0.118539746, -0.294955739, 0.301315533, -0.906772191, 0.703125, -0.57409668, -0.419433594, -0.646924016, -0.761248367, -0.0425262324, 0, 3, 5, 1, 
997.315877, 71, 0.1, 0.1, -0.0097784329, 0.371732046, -0.0199687356, 0.994091882, -3.07113255e-005, 0.108541833, 0.108541833, -8.27726729e-006, -0.994091882, 3.14283091e-005, 0.999999999, -4.89490067e-006, 0.994091886, -2.50312961e-005, 0.108541795, 0.108541795, -1.88251382e-005, -0.994091886, 2.69267226e-005, 1, -1.59969754e-005, 0, 0, 0, 0, 0, 0, 0, 0.24132998, -0.114156738, -0.146803003, -0.332252589, 0.65744239, -0.676300772, -0.85559082, 0.0916748047, 0.509399414, 0.396950769, 0.74791415, 0.532148181, 0, 0, -0, 0, 0, 0, 0, 0.282023828, -0.0722118164, -0.118046387, -0.294955739, 0.301315533, -0.906772191, 0.703125, -0.57409668, -0.419433594, -0.646924016, -0.761248367, -0.0425262324, 0, 3, 5, 1, 
997.316569, 71, 0.1, 0.1, -0.00977843562, 0.371732044, -0.019968362, 0.994091895, 3.20351101e-005, 0.108541712, 0.108541713, -2.74641393e-006, -0.994091895, -3.15477429e-005, 0.999999999, -6.20733355e-006, 0.994091888, 2.70180631e-005, 0.108541781, 0.108541781, 1.65744882e-005, -0.994091888, -2.86574618e-005, 0.999999999, 1.35439755e-005, 0, 0, 0, 0, 0, 0, 0, 0.24132998, -0.114156738, -0.146803003, -0.332252589, 0.65744239, -0.676300772, -0.85559082, 0.0916748047, 0.509399414, 0.396950769, 0.74791415, 0.532148181, 0, 0, -0, 0, 0, 0, 0, 0.282023828, -0.0722118164, -0.118046387, -0.294955739, 0.301315533, -0.906772191, 0.703125, -0.57409668, -0.419433594, -0.646924016, -0.761248367, -0.0425262324, 0, 3, 5, 1, 
997.317269, 71, 0.1, 0.1, -0.00977843465, 0.371732044, -0.019968377, 0.994091959, -4.11012381e-005, 0.108541124, 0.108541125, 1.93706349e-005, -0.994091959, 3.87558999e-005, 0.999999999, 2.3717367e-005, 0.994091943, -3.61599019e-005, 0.108541269, 0.108541269, 1.05588381e-005, -0.994091944, 3.48001975e-005, 0.999999999, 1.44212975e-005, 0, 0, 0, 0, 0, 0, 0, 0.24132998, -0.114156738, -0.146803003, -0.332252589, 0.65744239, -0.676300772, -0.85559082, 0.0916748047, 0.509399414, 0.396950769, 0.74791415, 0.532148181, 0, 0, -0, 0, 0, 0, 0, 0.282023828, -0.0722118164, -0.118046387, -0.294955739, 0.301315533, -0.906772191, 0.703125, -0.57409668, -0.419433594, -0.646924016, -0.761248367, -0.0425262324, 0, 3, 5, 1, 
997.31796, 71, 0.1, 0.1, -0.00977843684, 0.371732045, -0.0199687956, 0.994092038, 3.16366485e-005, 0.108540404, 0.108540404, -1.19035267e-005, -0.994092038, -3.01577268e-005, 0.999999999, -1.52670557e-005, 0.994092023, 2.71035963e-005, 0.108540537, 0.108540537, -1.28462332e-005, -0.994092024, -2.55491318e-005, 1, -1.57121768e-005, 0, 0, 0, 0, 0, 0, 0, 0.24132998, -0.114156738, -0.146803003, -0.332252589, 0.65744239, -0.676300772, -0.85559082, 0.0916748047, 0.509399414, 0.396950769, 0.74791415, 0.532148181, 0, 0, -0, 0, 0, 0, 0, 0.282023828, -0.0722118164, -0.118046387, -0.294955739, 0.301315533, -0.906772191, 0.703125, -0.57409668, -0.419433594, -0.646924016, -0.761248367, -0.0425262324, 0, 3, 5, 1, 
