time, trialNum, realDorsalTactorPos, realVentralTactorPos, boxPosX, boxPosY, boxPosZ, boxLocalRot_11, boxLocalRot_12, boxLocalRot_13, boxLocalRot_21, boxLocalRot_22, boxLocalRot_23, boxLocalRot_31, boxLocalRot_32, boxLocalRot_33, boxGlobalRot_11, boxGlobalRot_12, boxGlobalRot_13, boxGlobalRot_21, boxGlobalRot_22, boxGlobalRot_23, boxGlobalRot_31, boxGlobalRot_32, boxGlobalRot_33, indexForceX, indexForceY, indexForceZ, indexForceGlobalX, indexForceGlobalY, indexForceGlobalZ, indexContact, indexPosX, indexPosY, indexPosZ, indexRot_11, indexRot_12, indexRot_13, indexRot_21, indexRot_22, indexRot_23, indexRot_31, indexRot_32, indexRot_33, thumbForceX, thumbForceY, thumbForceZ, thumbForceGlobalX, thumbForceGlobalY, thumbForceGlobalZ, thumbContact, thumbPosX, thumbPosY, thumbPosZ, thumbRot_11, thumbRot_12, thumbRot_13, thumbRot_21, thumbRot_22, thumbRot_23, thumbRot_31, thumbRot_32, thumbRot_33, manipForceTooHigh, cceExpType, mapping, trialSuccess, 
948.595086, 72, 0.1, 0.1, 0.0149454407, 0.351618922, -0.0199675743, 0.999691822, -4.62547478e-006, 0.0248246208, 0.0248246207, -9.53429241e-006, -0.999691822, 4.8607345e-006, 1, -9.41652849e-006, 0.999691821, -4.2636832e-006, 0.0248246411, 0.0248246411, -1.42044538e-005, -0.999691821, 4.61498969e-006, 1, -1.40942319e-005, 0, 0, 0, 0, 0, 0, 0, 0.300630688, -0.158101099, -0.108175, -0.590260097, 0.404198023, -0.698725242, -0.778686523, -0.512817383, 0.361206055, -0.212154838, 0.757249726, 0.617641321, 0, 0, 0, 0, 0, 0, 0, 0.325057715, -0.0940026855, -0.061030957, -0.339204031, 0.472844106, -0.813152567, 0.464355469, -0.667480469, -0.58190918, -0.818013813, -0.574939733, 0.00683673914, 0, 3, 5, 1, 
948.61538, 72, 0.1, 0.1, 0.0149454305, 0.351618905, -0.0199763294, 0.999691125, 1.03345072e-005, 0.0248526672, 0.0248526672, -6.50349809e-006, -0.999691125, -1.01696859e-005, 1, -6.75832939e-006, 0.999691128, 8.99258547e-006, 0.0248525517, 0.0248525519, -1.82666573e-005, -0.999691127, -8.53583486e-006, 1, -1.84845039e-005, 0, 0, 0, 0, 0, 0, 0, 0.299237866, -0.158475659, -0.109501099, -0.59567964, 0.410489251, -0.690362288, -0.774658203, -0.520629883, 0.358764648, -0.212038019, 0.748590593, 0.628305177, 0, 0, 0, 0, 0, 0, 0, 0.323765088, -0.0943951172, -0.0601234375, -0.347956239, 0.474107329, -0.808693157, 0.47277832, -0.65612793, -0.588134766, -0.809482519, -0.586958491, 0.00411413153, 0, 3, 5, 1, 
948.616076, 72, 0.1, 0.1, 0.0149454324, 0.351618902, -0.0199761646, 0.999691108, -2.45874761e-006, 0.0248533591, 0.0248533591, 4.76705134e-006, -0.999691108, 2.33951089e-006, 1, 4.82668697e-006, 0.999691111, -1.22249279e-005, 0.024853218, 0.0248532182, 1.78857172e-005, -0.999691111, 1.17766342e-005, 1, 1.81840213e-005, 0, 0, 0, 0, 0, 0, 0, 0.299237866, -0.158475659, -0.109501099, -0.59567964, 0.410489251, -0.690362288, -0.774658203, -0.520629883, 0.358764648, -0.212038019, 0.748590593, 0.628305177, 0, 0, 0, 0, 0, 0, 0, 0.323765088, -0.0943951172, -0.0601234375, -0.347956239, 0.474107329, -0.808693157, 0.47277832, -0.65612793, -0.588134766, -0.809482519, -0.586958491, 0.00411413153, 0, 3, 5, 1, 
948.616773, 72, 0.1, 0.1, 0.0149454295, 0.351618907, -0.0199741013, 0.999691091, 2.09527148e-006, 0.0248540131, 0.0248540131, -1.14341345e-005, -0.999691091, -1.8104401e-006, 1, -1.14826783e-005, 0.999691094, 1.71546472e-005, 0.0248538936, 0.0248538941, -2.49063831e-005, -0.999691094, -1.65303274e-005, 1, -2.53250491e-005, 0, 0, 0, 0, 0, 0, 0, 0.299237866, -0.158475659, -0.109501099, -0.59567964, 0.410489251, -0.690362288, -0.774658203, -0.520629883, 0.358764648, -0.212038019, 0.748590593, 0.628305177, 0, 0, 0, 0, 0, 0, 0, 0.323765088, -0.0943951172, -0.0601234375, -0.347956239, 0.474107329, -0.808693157, 0.47277832, -0.65612793, -0.588134766, -0.809482519, -0.586958491, 0.00411413153, 0, 3, 5, 1, 
948.617465, 72, 0.1, 0.1, 0.0149454354, 0.351618905, -0.0199709119, 0.999691078, -1.43419311e-005, 0.0248545593, 0.0248545594, 8.21378673e-006, -0.999691078, 1.41333505e-005, 1, 8.56771169e-006, 0.99969108, -3.06877279e-005, 0.0248544587, 0.0248544594, 2.15324525e-005, -0.99969108, 3.01430704e-005, 0.999999999, 2.22885276e-005, 0, 0, 0, 0, 0, 0, 0, 0.299237866, -0.158475659, -0.109501099, -0.59567964, 0.410489251, -0.690362288, -0.774658203, -0.520629883, 0.358764648, -0.212038019, 0.748590593, 0.628305177, 0, 0, 0, 0, 0, 0, 0, 0.323765088, -0.0943951172, -0.0601234375, -0.347956239, 0.474107329, -0.808693157, 0.47277832, -0.65612793, -0.588134766, -0.809482519, -0.586958491, 0.00411413153, 0, 3, 5, 1, 
948.618161, 72, 0.1, 0.1, 0.0149454318, 0.351618908, -0.0199675599, 0.999691066, 7.76341252e-006, 0.024855039, 0.024855039, -5.89063528e-007, -0.999691066, -7.74637294e-006, 1, -7.81841466e-007, 0.999691068, 2.47158694e-005, 0.0248549437, 0.0248549441, -1.83216907e-005, -0.999691068, -2.42528493e-005, 1, -1.89303421e-005, 0, 0, 0, 0, 0, 0, 0, 0.299237866, -0.158475659, -0.109501099, -0.59567964, 0.410489251, -0.690362288, -0.774658203, -0.520629883, 0.358764648, -0.212038019, 0.748590593, 0.628305177, 0, 0, 0, 0, 0, 0, 0, 0.323765088, -0.0943951172, -0.0601234375, -0.347956239, 0.474107329, -0.808693157, 0.47277832, -0.65612793, -0.588134766, -0.809482519, -0.586958491, 0.00411413153, 0, 3, 5, 1, 
948.618862, 72, 0.1, 0.1, 0.0149454378, 0.351618902, -0.0199649888, 0.999691054, -1.46423007e-005, 0.0248554949, 0.0248554952, 1.83881023e-005, -0.999691054, 1.41807317e-005, 1, 1.8746363e-005, 0.999691056, -3.23410498e-005, 0.0248554057, 0.0248554069, 3.75810285e-005, -0.999691056, 3.13969666e-005, 0.999999999, 3.83732681e-005, 0, 0, 0, 0, 0, 0, 0, 0.299237866, -0.158475659, -0.109501099, -0.59567964, 0.410489251, -0.690362288, -0.774658203, -0.520629883, 0.358764648, -0.212038019, 0.748590593, 0.628305177, 0, 0, 0, 0, 0, 0, 0, 0.323765088, -0.0943951172, -0.0601234375, -0.347956239, 0.474107329, -0.808693157, 0.47277832, -0.65612793, -0.588134766, -0.809482519, -0.586958491, 0.00411413153, 0, 3, 5, 1, 
948.619592, 72, 0.1, 0.1, 0.0149454333, 0.351618908, -0.0199635731, 0.999691044, 8.00808406e-006, 0.0248559188, 0.0248559189, -1.23494179e-005, -0.999691044, -7.69865378e-006, 1, -1.25446507e-005, 0.999691045, 2.68501458e-005, 0.0248558452, 0.024855846, -3.01037631e-005, -0.999691045, -2.60935958e-005, 0.999999999, -3.07618455e-005, 0, 0, 0, 0, 0, 0, 0, 0.298794067, -0.158458691, -0.109261621, -0.595641448, 0.410831857, -0.690063865, -0.774658203, -0.520629883, 0.358764648, -0.211796884, 0.748412738, 0.628628687, 0, 0, 0, 0, 0, 0, 0, 0.32326709, -0.0948547852, -0.0603146973, -0.348671889, 0.473839006, -0.808565193, 0.472045898, -0.656494141, -0.588256836, -0.809680479, -0.586741207, 0.00523226556, 0, 3, 5, 1, 
948.620286, 72, 0.1, 0.1, 0.0149454398, 0.351618903, -0.0199639199, 0.999691036, -1.40418714e-005, 0.0248562478, 0.0248562481, 1.64540198e-005, -0.999691036, 1.36285478e-005, 1, 1.67979643e-005, 0.999691037, -3.4467985e-005, 0.0248561903, 0.0248561915, 3.27909844e-005, -0.999691037, 3.36422767e-005, 0.999999999, 3.36375961e-005, 0, 0, 0, 0, 0, 0, 0, 0.298794067, -0.158458691, -0.109261621, -0.595641448, 0.410831857, -0.690063865, -0.774658203, -0.520629883, 0.358764648, -0.211796884, 0.748412738, 0.628628687, 0, 0, 0, 0, 0, 0, 0, 0.32326709, -0.0948547852, -0.0603146973, -0.348671889, 0.473839006, -0.808565193, 0.472045898, -0.656494141, -0.588256836, -0.809680479, -0.586741207, 0.00523226556, 0, 3, 5, 1, 
948.620982, 72, 0.1, 0.1, 0.0149454342, 0.351618908, -0.0199659349, 0.999691029, 1.85829344e-005, 0.0248565124, 0.0248565126, -9.53306644e-006, -0.999691029, -1.83402341e-005, 1, -9.99202795e-006, 0.99969103, 3.58750353e-005, 0.0248564621, 0.024856463, -2.52223727e-005, -0.99969103, -3.5237012e-005, 0.999999999, -2.61063063e-005, 0, 0, 0, 0, 0, 0, 0, 0.298794067, -0.158458691, -0.109261621, -0.595641448, 0.410831857, -0.690063865, -0.774658203, -0.520629883, 0.358764648, -0.211796884, 0.748412738, 0.628628687, 0, 0, 0, 0, 0, 0, 0, 0.32326709, -0.0948547852, -0.0603146973, -0.348671889, 0.473839006, -0.808565193, 0.472045898, -0.656494141, -0.588256836, -0.809680479, -0.586741207, 0.00523226556, 0, 3, 5, 1, 
948.621674, 72, 0.1, 0.1, 0.0149454389, 0.351618904, -0.0199688945, 0.999691023, -1.30862964e-005, 0.0248567596, 0.0248567597, 9.61574375e-006, -0.999691023, 1.28432368e-005, 1, 9.93805563e-006, 0.999691024, -2.71092263e-005, 0.0248567075, 0.0248567082, 2.62727713e-005, -0.999691024, 2.64477956e-005, 0.999999999, 2.69384998e-005, 0, 0, 0, 0, 0, 0, 0, 0.298794067, -0.158458691, -0.109261621, -0.595641448, 0.410831857, -0.690063865, -0.774658203, -0.520629883, 0.358764648, -0.211796884, 0.748412738, 0.628628687, 0, 0, 0, 0, 0, 0, 0, 0.32326709, -0.0948547852, -0.0603146973, -0.348671889, 0.473839006, -0.808565193, 0.472045898, -0.656494141, -0.588256836, -0.809680479, -0.586741207, 0.00523226556, 0, 3, 5, 1, 
948.622389, 72, 0.1, 0.1, 0.0149454352, 0.35161891, -0.0199718163, 0.999691017, 1.00178243e-005, 0.0248570094, 0.0248570096, -1.94855958e-005, -0.999691017, -9.53037528e-006, 1, -1.97285883e-005, 0.999691018, 2.38217701e-005, 0.0248569645, 0.0248569653, -3.29655857e-005, -0.999691017, -2.29949852e-005, 0.999999999, -3.35475369e-005, 0, 0, 0, 0, 0, 0, 0, 0.298794067, -0.158458691, -0.109261621, -0.595641448, 0.410831857, -0.690063865, -0.774658203, -0.520629883, 0.358764648, -0.211796884, 0.748412738, 0.628628687, 0, 0, 0, 0, 0, 0, 0, 0.323153564, -0.0943356934, -0.0605062012, -0.351125074, 0.472579781, -0.808252027, 0.474121094, -0.654541016, -0.588745117, -0.807360723, -0.589942125, 0.00575615142, 0, 3, 5, 1, 
948.62308, 72, 0.1, 0.1, 0.0149454393, 0.351618908, -0.0199737864, 0.999691012, -7.54910836e-006, 0.0248572052, 0.0248572053, 5.31919821e-006, -0.999691012, 7.41455537e-006, 1, 5.50520438e-006, 0.999691013, -2.19522805e-005, 0.0248571723, 0.0248571727, 1.64850321e-005, -0.999691013, 2.15357263e-005, 1, 1.70256101e-005, 0, 0, 0, 0, 0, 0, 0, 0.298794067, -0.158458691, -0.109261621, -0.595641448, 0.410831857, -0.690063865, -0.774658203, -0.520629883, 0.358764648, -0.211796884, 0.748412738, 0.628628687, 0, 0, 0, 0, 0, 0, 0, 0.323153564, -0.0943356934, -0.0605062012, -0.351125074, 0.472579781, -0.808252027, 0.474121094, -0.654541016, -0.588745117, -0.807360723, -0.589942125, 0.00575615142, 0, 3, 5, 1, 
948.623773, 72, 0.1, 0.1, 0.0149454351, 0.351618913, -0.0199744601, 0.999691008, 1.35209218e-005, 0.0248573579, 0.024857358, -8.123108e-006, -0.999691008, -1.33148249e-005, 1, -8.45669242e-006, 0.999691009, 2.68599396e-005, 0.024857328, 0.0248573286, -2.07257048e-005, -0.999691009, -2.63364545e-005, 0.999999999, -2.13869671e-005, 0, 0, 0, 0, 0, 0, 0, 0.298794067, -0.158458691, -0.109261621, -0.595641448, 0.410831857, -0.690063865, -0.774658203, -0.520629883, 0.358764648, -0.211796884, 0.748412738, 0.628628687, 0, 0, 0, 0, 0, 0, 0, 0.323153564, -0.0943356934, -0.0605062012, -0.351125074, 0.472579781, -0.808252027, 0.474121094, -0.654541016, -0.588745117, -0.807360723, -0.589942125, 0.00575615142, 0, 3, 5, 1, 
948.624516, 72, 0.1, 0.1, 0.0149454391, 0.351618909, -0.01997329, 0.999691004, -7.55087051e-006, 0.0248575196, 0.0248575196, 5.21865374e-006, -0.999691004, 7.41881454e-006, 1, 5.40473711e-006, 0.999691005, -2.03255737e-005, 0.0248574872, 0.0248574876, 1.953039e-005, -0.999691005, 1.98338168e-005, 1, 2.00295979e-005, 0, 0, 0, 0, 0, 0, 0, 0.299158154, -0.157857935, -0.109461914, -0.597083388, 0.409580878, -0.689669963, -0.772827148, -0.523925781, 0.357910156, -0.214658301, 0.746756994, 0.629555034, 0, 0, 0, 0, 0, 0, 0, 0.323153564, -0.0943356934, -0.0605062012, -0.351125074, 0.472579781, -0.808252027, 0.474121094, -0.654541016, -0.588745117, -0.807360723, -0.589942125, 0.00575615142, 0, 3, 5, 1, 
948.625209, 72, 0.1, 0.1, 0.0149454357, 0.351618915, -0.0199709373, 0.999691, 5.59363206e-006, 0.0248576723, 0.0248576724, -1.00902175e-005, -0.999691, -5.34108431e-006, 1, -1.02261442e-005, 0.999691001, 2.12129879e-005, 0.0248576427, 0.0248576432, -2.5784427e-005, -0.999691001, -2.0565493e-005, 0.999999999, -2.63037645e-005, 0, 0, 0, 0, 0, 0, 0, 0.299158154, -0.157857935, -0.109461914, -0.597083388, 0.409580878, -0.689669963, -0.772827148, -0.523925781, 0.357910156, -0.214658301, 0.746756994, 0.629555034, 0, 0, 0, 0, 0, 0, 0, 0.323153564, -0.0943356934, -0.0605062012, -0.351125074, 0.472579781, -0.808252027, 0.474121094, -0.654541016, -0.588745117, -0.807360723, -0.589942125, 0.00575615142, 0, 3, 5, 1, 
948.625904, 72, 0.1, 0.1, 0.014945441, 0.35161891, -0.0199683722, 0.999690997, -9.50654427e-006, 0.0248577943, 0.0248577945, 1.36728257e-005, -0.999690997, 9.16373043e-006, 1, 1.39049125e-005, 0.999690997, -2.72699147e-005, 0.0248577754, 0.0248577761, 2.85761696e-005, -0.999690997, 2.65511482e-005, 0.999999999, 2.92452089e-005, 0, 0, 0, 0, 0, 0, 0, 0.299158154, -0.157857935, -0.109461914, -0.597083388, 0.409580878, -0.689669963, -0.772827148, -0.523925781, 0.357910156, -0.214658301, 0.746756994, 0.629555034, 0, 0, 0, 0, 0, 0, 0, 0.323153564, -0.0943356934, -0.0605062012, -0.351125074, 0.472579781, -0.808252027, 0.474121094, -0.654541016, -0.588745117, -0.807360723, -0.589942125, 0.00575615142, 0, 3, 5, 1, 
948.626615, 72, 0.1, 0.1, 0.0149454362, 0.351618915, -0.0199662309, 0.999690995, 9.87004456e-006, 0.0248578765, 0.0248578766, -3.98844387e-006, -0.999690995, -9.76785042e-006, 1, -4.23255977e-006, 0.999690995, 3.02380473e-005, 0.0248578611, 0.0248578618, -2.19111825e-005, -0.999690995, -2.96840384e-005, 0.999999999, -2.26560651e-005, 0, 0, 0, 0, 0, 0, 0, 0.299158154, -0.157857935, -0.109461914, -0.597200207, 0.405265538, -0.692101529, -0.771240234, -0.527099609, 0.356811523, -0.220077844, 0.746822517, 0.627468318, 0, 0, 0, 0, 0, 0, 0, 0.323153564, -0.0943356934, -0.0605062012, -0.351125074, 0.472579781, -0.808252027, 0.474121094, -0.654541016, -0.588745117, -0.807360723, -0.589942125, 0.00575615142, 0, 3, 5, 1, 
948.627324, 72, 0.1, 0.1, 0.0149454432, 0.351618909, -0.0199649117, 0.999690993, -1.99947718e-005, 0.024857954, 0.0248579543, 1.53758597e-005, -0.999690993, 1.96063809e-005, 1, 1.58681376e-005, 0.999690993, -3.8287258e-005, 0.0248579361, 0.0248579374, 3.35103715e-005, -0.999690993, 3.74424283e-005, 0.999999999, 3.44517588e-005, 0, 0, 0, 0, 0, 0, 0, 0.29980542, -0.157408545, -0.108253076, -0.597200207, 0.405265538, -0.692101529, -0.771240234, -0.527099609, 0.356811523, -0.220077844, 0.746822517, 0.627468318, 0, 0, 0, 0, 0, 0, 0, 0.323602734, -0.093684668, -0.0599229004, -0.351878637, 0.469985138, -0.809440523, 0.477783203, -0.653320313, -0.587036133, -0.804862328, -0.593283401, 0.00538575, 0, 3, 5, 1, 
948.628016, 72, 0.1, 0.1, 0.0149454393, 0.351618914, -0.0199651163, 0.999690991, 1.10507617e-005, 0.0248580448, 0.0248580449, -9.75244812e-006, -0.999690991, -1.08049201e-005, 1, -1.00241349e-005, 0.999690991, 2.72837606e-005, 0.0248580244, 0.0248580251, -2.73611581e-005, -0.999690991, -2.65951854e-005, 0.999999999, -2.80309237e-005, 0, 0, 0, 0, 0, 0, 0, 0.29980542, -0.157408545, -0.108253076, -0.597200207, 0.405265538, -0.692101529, -0.771240234, -0.527099609, 0.356811523, -0.220077844, 0.746822517, 0.627468318, 0, 0, 0, 0, 0, 0, 0, 0.323602734, -0.093684668, -0.0599229004, -0.351878637, 0.469985138, -0.809440523, 0.477783203, -0.653320313, -0.587036133, -0.804862328, -0.593283401, 0.00538575, 0, 3, 5, 1, 
948.62871, 72, 0.1, 0.1, 0.0149454445, 0.351618909, -0.019966665, 0.999690989, -1.19188448e-005, 0.0248581441, 0.0248581443, 1.38762827e-005, -0.999690988, 1.15702231e-005, 1, 1.41682751e-005, 0.999690989, -2.88198513e-005, 0.0248581241, 0.024858125, 3.12104321e-005, -0.999690989, 2.80351128e-005, 0.999999999, 3.19171952e-005, 0, 0, 0, 0, 0, 0, 0, 0.29980542, -0.157408545, -0.108253076, -0.597200207, 0.405265538, -0.692101529, -0.771240234, -0.527099609, 0.356811523, -0.220077844, 0.746822517, 0.627468318, 0, 0, 0, 0, 0, 0, 0, 0.323602734, -0.093684668, -0.0599229004, -0.351878637, 0.469985138, -0.809440523, 0.477783203, -0.653320313, -0.587036133, -0.804862328, -0.593283401, 0.00538575, 0, 3, 5, 1, 
948.629399, 72, 0.1, 0.1, 0.01494544, 0.351618914, -0.0199690264, 0.999690986, 1.43376051e-005, 0.0248582333, 0.0248582335, -1.49335078e-005, -0.999690986, -1.3961954e-005, 1, -1.52853007e-005, 0.999690986, 2.92918033e-005, 0.0248582163, 0.0248582172, -2.97727421e-005, -0.999690986, -2.85426545e-005, 0.999999999, -3.0491684e-005, 0, 0, 0, 0, 0, 0, 0, 0.29980542, -0.157408545, -0.108253076, -0.597200207, 0.405265538, -0.692101529, -0.771240234, -0.527099609, 0.356811523, -0.220077844, 0.746822517, 0.627468318, 0, 0, 0, 0, 0, 0, 0, 0.323602734, -0.093684668, -0.0599229004, -0.351878637, 0.469985138, -0.809440523, 0.477783203, -0.653320313, -0.587036133, -0.804862328, -0.593283401, 0.00538575, 0, 3, 5, 1, 
948.630089, 72, 0.1, 0.1, 0.0149454438, 0.351618911, -0.0199714703, 0.999690984, -7.43296738e-006, 0.0248583101, 0.0248583101, 7.5196526e-006, -0.999690984, 7.24374462e-006, 1, 7.70209992e-006, 0.999690985, -2.16120831e-005, 0.0248582951, 0.0248582956, 2.16886724e-005, -0.999690985, 2.10662612e-005, 1, 2.22192098e-005, 0, 0, 0, 0, 0, 0, 0, 0.29980542, -0.157408545, -0.108253076, -0.597200207, 0.405265538, -0.692101529, -0.771240234, -0.527099609, 0.356811523, -0.220077844, 0.746822517, 0.627468318, 0, 0, 0, 0, 0, 0, 0, 0.323602734, -0.093684668, -0.0599229004, -0.351878637, 0.469985138, -0.809440523, 0.477783203, -0.653320313, -0.587036133, -0.804862328, -0.593283401, 0.00538575, 0, 3, 5, 1, 
948.63078, 72, 0.1, 0.1, 0.0149454394, 0.351618916, -0.0199732589, 0.999690983, 1.4609906e-005, 0.0248583841, 0.0248583843, -1.30720177e-005, -0.999690983, -1.4280442e-005, 1, -1.34311569e-005, 0.999690983, 2.79953219e-005, 0.024858369, 0.0248583697, -2.61443169e-005, -0.999690983, -2.73367658e-005, 0.999999999, -2.6832156e-005, 0, 0, 0, 0, 0, 0, 0, 0.29980542, -0.157408545, -0.108253076, -0.597200207, 0.405265538, -0.692101529, -0.771240234, -0.527099609, 0.356811523, -0.220077844, 0.746822517, 0.627468318, 0, 0, 0, 0, 0, 0, 0, 0.323602734, -0.093684668, -0.0599229004, -0.351878637, 0.469985138, -0.809440523, 0.477783203, -0.653320313, -0.587036133, -0.804862328, -0.593283401, 0.00538575, 0, 3, 5, 1, 
948.631489, 72, 0.1, 0.1, 0.0149454429, 0.351618914, -0.0199738401, 0.999690981, -5.47080312e-006, 0.0248584578, 0.0248584578, 5.38953526e-006, -0.999690981, 5.335137e-006, 1, 5.52386552e-006, 0.999690981, -1.88521248e-005, 0.024858444, 0.0248584443, 1.7771476e-005, -0.999690981, 1.84045279e-005, 1, 1.82346188e-005, 0, 0, 0, 0, 0, 0, 0, 0.300275952, -0.15755918, -0.107264062, -0.596554309, 0.402245361, -0.69445072, -0.770874023, -0.527832031, 0.356445313, -0.223022759, 0.748042418, 0.625121371, 0, 0, 0, 0, 0, 0, 0, 0.323602734, -0.093684668, -0.0599229004, -0.351878637, 0.469985138, -0.809440523, 0.477783203, -0.653320313, -0.587036133, -0.804862328, -0.593283401, 0.00538575, 0, 3, 5, 1, 
948.632195, 72, 0.1, 0.1, 0.0149454386, 0.351618919, -0.0199728889, 0.999690979, 1.10219306e-005, 0.0248585183, 0.0248585184, -1.07996345e-005, -0.999690979, -1.07500617e-005, 1, -1.10702861e-005, 0.999690979, 2.55791074e-005, 0.0248585069, 0.0248585075, -2.51562956e-005, -0.999690979, -2.4945855e-005, 0.999999999, -2.57843803e-005, 0, 0, 0, 0, 0, 0, 0, 0.300275952, -0.15755918, -0.107264062, -0.596554309, 0.402245361, -0.69445072, -0.770874023, -0.527832031, 0.356445313, -0.223022759, 0.748042418, 0.625121371, 0, 0, 0, 0, 0, 0, 0, 0.323848193, -0.093431543, -0.0593378906, -0.352044515, 0.467761263, -0.81064178, 0.48034668, -0.652954102, -0.585449219, -0.803284107, -0.595481023, 0.00513675018, 0, 3, 5, 1, 
948.632883, 72, 0.1, 0.1, 0.0149454428, 0.351618916, -0.0199711213, 0.999690978, -9.45787699e-006, 0.0248585743, 0.0248585744, 8.50812251e-006, -0.999690978, 9.2434545e-006, 1, 8.74060265e-006, 0.999690978, -2.38958565e-005, 0.0248585629, 0.0248585634, 2.25261685e-005, -0.999690978, 2.3328504e-005, 0.999999999, 2.31132241e-005, 0, 0, 0, 0, 0, 0, 0, 0.300275952, -0.15755918, -0.107264062, -0.596554309, 0.402245361, -0.69445072, -0.770874023, -0.527832031, 0.356445313, -0.223022759, 0.748042418, 0.625121371, 0, 0, 0, 0, 0, 0, 0, 0.323848193, -0.093431543, -0.0593378906, -0.352044515, 0.467761263, -0.81064178, 0.48034668, -0.652954102, -0.585449219, -0.803284107, -0.595481023, 0.00513675018, 0, 3, 5, 1, 
948.633578, 72, 0.1, 0.1, 0.014945439, 0.35161892, -0.0199690594, 0.999690976, 7.47775641e-006, 0.0248586315, 0.0248586315, -6.6592625e-006, -0.999690976, -7.30990545e-006, 1, -6.84309142e-006, 0.999690976, 2.45784272e-005, 0.0248586202, 0.0248586208, -2.25235484e-005, -0.999690976, -2.40109275e-005, 0.999999999, -2.31275739e-005, 0, 0, 0, 0, 0, 0, 0, 0.300275952, -0.15755918, -0.107264062, -0.596554309, 0.402245361, -0.69445072, -0.770874023, -0.527832031, 0.356445313, -0.223022759, 0.748042418, 0.625121371, 0, 0, 0, 0, 0, 0, 0, 0.323848193, -0.093431543, -0.0593378906, -0.352044515, 0.467761263, -0.81064178, 0.48034668, -0.652954102, -0.585449219, -0.803284107, -0.595481023, 0.00513675018, 0, 3, 5, 1, 
948.634271, 72, 0.1, 0.1, 0.0149454448, 0.351618915, -0.0199673312, 0.999690975, -1.48525489e-005, 0.0248586793, 0.0248586795, 1.35049641e-005, -0.999690975, 1.45122435e-005, 1, 1.38700055e-005, 0.999690975, -3.16719683e-005, 0.0248586692, 0.0248586701, 3.04496574e-005, -0.999690975, 3.09052429e-005, 0.999999999, 3.12275707e-005, 0, 0, 0, 0, 0, 0, 0, 0.300275952, -0.15755918, -0.107264062, -0.596554309, 0.402245361, -0.69445072, -0.770874023, -0.527832031, 0.356445313, -0.223022759, 0.748042418, 0.625121371, 0, 0, 0, 0, 0, 0, 0, 0.323848193, -0.093431543, -0.0593378906, -0.352044515, 0.467761263, -0.81064178, 0.48034668, -0.652954102, -0.585449219, -0.803284107, -0.595481023, 0.00513675018, 0, 3, 5, 1, 
948.634962, 72, 0.1, 0.1, 0.0149454408, 0.35161892, -0.0199664089, 0.999690974, 8.90927427e-006, 0.0248587304, 0.0248587305, -7.59229568e-006, -0.999690974, -8.71778624e-006, 1, -7.81142271e-006, 0.999690974, 2.60070441e-005, 0.0248587192, 0.0248587198, -2.44246592e-005, -0.999690974, -2.53918415e-005, 0.999999999, -2.50636131e-005, 0, 0, 0, 0, 0, 0, 0, 0.300275952, -0.15755918, -0.107264062, -0.596554309, 0.402245361, -0.69445072, -0.770874023, -0.527832031, 0.356445313, -0.223022759, 0.748042418, 0.625121371, 0, 0, 0, 0, 0, 0, 0, 0.323848193, -0.093431543, -0.0593378906, -0.352044515, 0.467761263, -0.81064178, 0.48034668, -0.652954102, -0.585449219, -0.803284107, -0.595481023, 0.00513675018, 0, 3, 5, 1, 
948.635665, 72, 0.1, 0.1, 0.014945447, 0.351618915, -0.0199664526, 0.999690972, -1.67058922e-005, 0.0248587921, 0.0248587923, 1.31244758e-005, -0.999690972, 1.6374471e-005, 1, 1.35357083e-005, 0.999690972, -3.37890373e-005, 0.0248587779, 0.0248587789, 3.03499267e-005, -0.999690972, 3.30241334e-005, 0.999999999, 3.11805019e-005, 0, 0, 0, 0, 0, 0, 0, 0.300275952, -0.15755918, -0.107264062, -0.596554309, 0.402245361, -0.69445072, -0.770874023, -0.527832031, 0.356445313, -0.223022759, 0.748042418, 0.625121371, 0, 0, 0, 0, 0, 0, 0, 0.323848193, -0.093431543, -0.0593378906, -0.352044515, 0.467761263, -0.81064178, 0.48034668, -0.652954102, -0.585449219, -0.803284107, -0.595481023, 0.00513675018, 0, 3, 5, 1, 
948.636388, 72, 0.1, 0.1, 0.014945443, 0.35161892, -0.0199673191, 0.999690971, 9.02315537e-006, 0.0248588685, 0.0248588685, -8.00500325e-006, -0.999690971, -8.82137163e-006, 1, -8.2268349e-006, 0.999690971, 2.6195826e-005, 0.0248588498, 0.0248588504, -2.64359524e-005, -0.999690971, -2.55305633e-005, 0.999999999, -2.7078981e-005, 0, 0, 0, 0, 0, 0, 0, 0.300284253, -0.15769834, -0.106251978, -0.596301191, 0.399422135, -0.696336737, -0.770629883, -0.52746582, 0.357299805, -0.224545952, 0.749725492, 0.622577472, 0, 0, 0, 0, 0, 0, 0, 0.323848193, -0.093431543, -0.0593378906, -0.351961392, 0.465722955, -0.811849232, 0.481079102, -0.653930664, -0.583740234, -0.802907143, -0.595940743, 0.00611452617, 0, 3, 5, 1, 
948.637081, 72, 0.1, 0.1, 0.0149454481, 0.351618915, -0.0199685235, 0.999690968, -1.23521872e-005, 0.0248589508, 0.024858951, 1.32178235e-005, -0.999690968, 1.20197887e-005, 1, 1.35208011e-005, 0.999690969, -2.83385402e-005, 0.0248589337, 0.0248589345, 2.97786738e-005, -0.999690968, 2.75895166e-005, 0.999999999, 3.04739372e-005, 0, 0, 0, 0, 0, 0, 0, 0.300284253, -0.15769834, -0.106251978, -0.596301191, 0.399422135, -0.696336737, -0.770629883, -0.52746582, 0.357299805, -0.224545952, 0.749725492, 0.622577472, 0, 0, 0, 0, 0, 0, 0, 0.323861621, -0.0937993164, -0.0589507324, -0.351961392, 0.465722955, -0.811849232, 0.481079102, -0.653930664, -0.583740234, -0.802907143, -0.595940743, 0.00611452617, 0, 3, 5, 1, 
948.637779, 72, 0.1, 0.1, 0.0149454437, 0.351618921, -0.0199699197, 0.999690966, 1.40145952e-005, 0.0248590338, 0.024859034, -1.3694239e-005, -0.999690966, -1.36698387e-005, 1, -1.40383964e-005, 0.999690966, 2.83018015e-005, 0.0248590174, 0.0248590182, -2.83539518e-005, -0.999690966, -2.75882039e-005, 0.999999999, -2.90487445e-005, 0, 0, 0, 0, 0, 0, 0, 0.300284253, -0.15769834, -0.106251978, -0.596301191, 0.399422135, -0.696336737, -0.770629883, -0.52746582, 0.357299805, -0.224545952, 0.749725492, 0.622577472, 0, 0, 0, 0, 0, 0, 0, 0.323861621, -0.0937993164, -0.0589507324, -0.351961392, 0.465722955, -0.811849232, 0.481079102, -0.653930664, -0.583740234, -0.802907143, -0.595940743, 0.00611452617, 0, 3, 5, 1, 
948.638477, 72, 0.1, 0.1, 0.0149454475, 0.351618917, -0.0199711357, 0.999690964, -6.71493521e-006, 0.0248591129, 0.024859113, 7.76514296e-006, -0.999690964, 6.51982549e-006, 1, 7.92967059e-006, 0.999690965, -2.12232646e-005, 0.0248590974, 0.0248590979, 2.23892671e-005, -0.999690965, 2.06601289e-005, 1, 2.29099392e-005, 0, 0, 0, 0, 0, 0, 0, 0.300284253, -0.15769834, -0.106251978, -0.596301191, 0.399422135, -0.696336737, -0.770629883, -0.52746582, 0.357299805, -0.224545952, 0.749725492, 0.622577472, 0, 0, 0, 0, 0, 0, 0, 0.323861621, -0.0937993164, -0.0589507324, -0.351961392, 0.465722955, -0.811849232, 0.481079102, -0.653930664, -0.583740234, -0.802907143, -0.595940743, 0.00611452617, 0, 3, 5, 1, 
948.639217, 72, 0.1, 0.1, 0.0149454425, 0.351618923, -0.0199715436, 0.999690963, 1.35986359e-005, 0.0248591882, 0.0248591884, -1.30951007e-005, -0.999690963, -1.32688999e-005, 1, -1.34291049e-005, 0.999690963, 2.94809239e-005, 0.0248591723, 0.0248591732, -2.93397749e-005, -0.999690963, -2.87424507e-005, 0.999999999, -3.00635792e-005, 0, 0, 0, 0, 0, 0, 0, 0.300303784, -0.158072925, -0.106441406, -0.595989663, 0.400849848, -0.695720795, -0.771240234, -0.526855469, 0.357055664, -0.223359374, 0.749375773, 0.62334506, 0, 0, 0, 0, 0, 0, 0, 0.323631787, -0.0940142578, -0.0587174805, -0.352095554, 0.465844357, -0.811740591, 0.480957031, -0.653930664, -0.583862305, -0.802798501, -0.595927983, 0.00624868759, 0, 3, 5, 1, 
948.639917, 72, 0.1, 0.1, 0.0149454466, 0.35161892, -0.0199710033, 0.999690961, -8.09942931e-006, 0.0248592592, 0.0248592593, 8.71623149e-006, -0.999690961, 7.88024721e-006, 1, 8.91488365e-006, 0.999690961, -2.27405954e-005, 0.0248592449, 0.0248592454, 2.36604279e-005, -0.999690961, 2.21453873e-005, 0.999999999, 2.42184299e-005, 0, 0, 0, 0, 0, 0, 0, 0.300303784, -0.158072925, -0.106441406, -0.595989663, 0.400849848, -0.695720795, -0.771240234, -0.526855469, 0.357055664, -0.223359374, 0.749375773, 0.62334506, 0, 0, 0, 0, 0, 0, 0, 0.323631787, -0.0940142578, -0.0587174805, -0.352095554, 0.465844357, -0.811740591, 0.480957031, -0.653930664, -0.583862305, -0.802798501, -0.595927983, 0.00624868759, 0, 3, 5, 1, 
948.640608, 72, 0.1, 0.1, 0.0149454424, 0.351618924, -0.019970115, 0.999690959, 1.12107216e-005, 0.0248593294, 0.0248593296, -9.57075039e-006, -0.999690959, -1.09693346e-005, 1, -9.84648366e-006, 0.999690959, 2.62729349e-005, 0.0248593147, 0.0248593154, -2.52074286e-005, -0.999690959, -2.56381761e-005, 0.999999999, -2.58527656e-005, 0, 0, 0, 0, 0, 0, 0, 0.300303784, -0.158072925, -0.106441406, -0.595989663, 0.400849848, -0.695720795, -0.771240234, -0.526855469, 0.357055664, -0.223359374, 0.749375773, 0.62334506, 0, 0, 0, 0, 0, 0, 0, 0.323631787, -0.0940142578, -0.0587174805, -0.352095554, 0.465844357, -0.811740591, 0.480957031, -0.653930664, -0.583862305, -0.802798501, -0.595927983, 0.00624868759, 0, 3, 5, 1, 
948.641308, 72, 0.1, 0.1, 0.0149454471, 0.35161892, -0.0199691374, 0.999690957, -1.0933429e-005, 0.0248594048, 0.0248594049, 1.04616264e-005, -0.999690957, 1.06699803e-005, 1, 1.07301918e-005, 0.999690957, -2.62950776e-005, 0.0248593885, 0.0248593892, 2.66280723e-005, -0.999690957, 2.56249937e-005, 0.999999999, 2.72735227e-005, 0, 0, 0, 0, 0, 0, 0, 0.300303784, -0.158072925, -0.106441406, -0.595989663, 0.400849848, -0.695720795, -0.771240234, -0.526855469, 0.357055664, -0.223359374, 0.749375773, 0.62334506, 0, 0, 0, 0, 0, 0, 0, 0.323631787, -0.0940142578, -0.0587174805, -0.352095554, 0.465844357, -0.811740591, 0.480957031, -0.653930664, -0.583862305, -0.802798501, -0.595927983, 0.00624868759, 0, 3, 5, 1, 
948.642003, 72, 0.1, 0.1, 0.0149454432, 0.351618925, -0.0199683487, 0.999690955, 8.67295572e-006, 0.0248594828, 0.0248594829, -1.03745478e-005, -0.999690955, -8.4123695e-006, 1, -1.05869468e-005, 0.999690955, 2.50207812e-005, 0.0248594671, 0.0248594677, -2.69144023e-005, -0.999690955, -2.4343971e-005, 0.999999999, -2.75280879e-005, 0, 0, 0, 0, 0, 0, 0, 0.300303784, -0.158072925, -0.106441406, -0.595989663, 0.400849848, -0.695720795, -0.771240234, -0.526855469, 0.357055664, -0.223359374, 0.749375773, 0.62334506, 0, 0, 0, 0, 0, 0, 0, 0.323631787, -0.0940142578, -0.0587174805, -0.352095554, 0.465844357, -0.811740591, 0.480957031, -0.653930664, -0.583862305, -0.802798501, -0.595927983, 0.00624868759, 0, 3, 5, 1, 
948.642699, 72, 0.1, 0.1, 0.0149454486, 0.351618921, -0.0199679697, 0.999690953, -1.31645127e-005, 0.0248595531, 0.0248595533, 1.27996891e-005, -0.999690953, 1.28422497e-005, 1, 1.31229973e-005, 0.999690953, -2.9338043e-005, 0.0248595394, 0.0248595402, 2.9061858e-005, -0.999690953, 2.86065118e-005, 0.999999999, 2.97822068e-005, 0, 0, 0, 0, 0, 0, 0, 0.300303784, -0.158072925, -0.106441406, -0.595989663, 0.400849848, -0.695720795, -0.771240234, -0.526855469, 0.357055664, -0.223359374, 0.749375773, 0.62334506, 0, 0, 0, 0, 0, 0, 0, 0.323631787, -0.0940142578, -0.0587174805, -0.352095554, 0.465844357, -0.811740591, 0.480957031, -0.653930664, -0.583862305, -0.802798501, -0.595927983, 0.00624868759, 0, 3, 5, 1, 
948.643394, 72, 0.1, 0.1, 0.0149454445, 0.351618925, -0.0199680986, 0.999690952, 1.04084751e-005, 0.0248596215, 0.0248596216, -9.47619036e-006, -0.999690952, -1.01696838e-005, 1, -9.73201251e-006, 0.999690952, 2.63481068e-005, 0.0248596068, 0.0248596075, -2.60026541e-005, -0.999690952, -2.56935482e-005, 0.999999999, -2.66496216e-005, 0, 0, 0, 0, 0, 0, 0, 0.300303784, -0.158072925, -0.106441406, -0.595989663, 0.400849848, -0.695720795, -0.771240234, -0.526855469, 0.357055664, -0.223359374, 0.749375773, 0.62334506, 0, 0, 0, 0, 0, 0, 0, 0.323631787, -0.0940142578, -0.0587174805, -0.352095554, 0.465844357, -0.811740591, 0.480957031, -0.653930664, -0.583862305, -0.802798501, -0.595927983, 0.00624868759, 0, 3, 5, 1, 
948.644117, 72, 0.1, 0.1, 0.0149454505, 0.35161892, -0.0199683526, 0.99969095, -1.6293485e-005, 0.0248596995, 0.0248596997, 1.41661953e-005, -0.99969095, 1.59362821e-005, 1, 1.45668684e-005, 0.99969095, -3.21331356e-005, 0.0248596826, 0.0248596836, 3.11747152e-005, -0.99969095, 3.13482113e-005, 0.999999999, 3.19639002e-005, 0, 0, 0, 0, 0, 0, 0, 0.300527637, -0.158240503, -0.106628149, -0.596014751, 0.401979139, -0.695066661, -0.771362305, -0.526855469, 0.356689453, -0.222737441, 0.748702543, 0.624353783, 0, 0, 0, 0, 0, 0, 0, 0.323430273, -0.0940643066, -0.0585242676, -0.35189103, 0.465301148, -0.812066516, 0.481811523, -0.653686523, -0.583374023, -0.802408777, -0.59659879, 0.00584620333, 0, 3, 5, 1, 
948.644813, 72, 0.1, 0.1, 0.0149454468, 0.351618925, -0.0199688998, 0.999690948, 9.03002875e-006, 0.0248597807, 0.0248597808, -1.14344309e-005, -0.999690948, -8.74298056e-006, 1, -1.16553816e-005, 0.999690948, 2.40196584e-005, 0.0248597644, 0.0248597651, -2.67465711e-005, -0.999690948, -2.33473216e-005, 0.999999999, -2.73354281e-005, 0, 0, 0, 0, 0, 0, 0, 0.300527637, -0.158240503, -0.106628149, -0.596014751, 0.401979139, -0.695066661, -0.771362305, -0.526855469, 0.356689453, -0.222737441, 0.748702543, 0.624353783, 0, 0, 0, 0, 0, 0, 0, 0.323430273, -0.0940643066, -0.0585242676, -0.35189103, 0.465301148, -0.812066516, 0.481811523, -0.653686523, -0.583374023, -0.802408777, -0.59659879, 0.00584620333, 0, 3, 5, 1, 
948.645507, 72, 0.1, 0.1, 0.0149454516, 0.351618921, -0.0199696427, 0.999690946, -1.01213837e-005, 0.0248598534, 0.0248598535, 9.93748275e-006, -0.999690946, 9.87121132e-006, 1, 1.01860276e-005, 0.999690946, -2.58408615e-005, 0.0248598396, 0.0248598403, 2.54840349e-005, -0.999690946, 2.51993462e-005, 0.999999999, 2.61185586e-005, 0, 0, 0, 0, 0, 0, 0, 0.300527637, -0.158240503, -0.106628149, -0.596014751, 0.401979139, -0.695066661, -0.771362305, -0.526855469, 0.356689453, -0.222737441, 0.748702543, 0.624353783, 0, 0, 0, 0, 0, 0, 0, 0.323430273, -0.0940643066, -0.0585242676, -0.35189103, 0.465301148, -0.812066516, 0.481811523, -0.653686523, -0.583374023, -0.802408777, -0.59659879, 0.00584620333, 0, 3, 5, 1, 
948.646204, 72, 0.1, 0.1, 0.0149454471, 0.351618926, -0.0199703423, 0.999690944, 1.36877298e-005, 0.0248599223, 0.0248599225, -1.21563073e-005, -0.999690944, -1.33812947e-005, 1, -1.24928263e-005, 0.999690944, 2.87218788e-005, 0.0248599078, 0.0248599086, -2.68404302e-005, -0.999690944, -2.80457515e-005, 0.999999999, -2.75461583e-005, 0, 0, 0, 0, 0, 0, 0, 0.300527637, -0.158240503, -0.106628149, -0.596014751, 0.401979139, -0.695066661, -0.771362305, -0.526855469, 0.356689453, -0.222737441, 0.748702543, 0.624353783, 0, 0, 0, 0, 0, 0, 0, 0.323430273, -0.0940643066, -0.0585242676, -0.35189103, 0.465301148, -0.812066516, 0.481811523, -0.653686523, -0.583374023, -0.802408777, -0.59659879, 0.00584620333, 0, 3, 5, 1, 
948.646898, 72, 0.1, 0.1, 0.014945451, 0.351618923, -0.0199707744, 0.999690943, -7.40183986e-006, 0.0248599907, 0.0248599907, 7.25500393e-006, -0.999690943, 7.21919294e-006, 1, 7.43677139e-006, 0.999690943, -2.27204837e-005, 0.0248599775, 0.024859978, 2.14029221e-005, -0.999690943, 2.21813856e-005, 1, 2.19611381e-005, 0, 0, 0, 0, 0, 0, 0, 0.300527637, -0.158240503, -0.106628149, -0.596014751, 0.401979139, -0.695066661, -0.771362305, -0.526855469, 0.356689453, -0.222737441, 0.748702543, 0.624353783, 0, 0, 0, 0, 0, 0, 0, 0.323430273, -0.0940643066, -0.0585242676, -0.35189103, 0.465301148, -0.812066516, 0.481811523, -0.653686523, -0.583374023, -0.802408777, -0.59659879, 0.00584620333, 0, 3, 5, 1, 
948.647599, 72, 0.1, 0.1, 0.0149454463, 0.351618928, -0.0199707899, 0.999690941, 1.31258898e-005, 0.0248600476, 0.0248600477, -1.24906276e-005, -0.999690941, -1.28113155e-005, 1, -1.28130775e-005, 0.999690941, 2.83365677e-005, 0.0248600364, 0.0248600372, -2.76032466e-005, -0.999690941, -2.76415924e-005, 0.999999999, -2.82991637e-005, 0, 0, 0, 0, 0, 0, 0, 0.300527637, -0.158240503, -0.106628149, -0.596014751, 0.401979139, -0.695066661, -0.771362305, -0.526855469, 0.356689453, -0.222737441, 0.748702543, 0.624353783, 0, 0, 0, 0, 0, 0, 0, 0.323430273, -0.0940643066, -0.0585242676, -0.35189103, 0.465301148, -0.812066516, 0.481811523, -0.653686523, -0.583374023, -0.802408777, -0.59659879, 0.00584620333, 0, 3, 5, 1, 
948.648308, 72, 0.1, 0.1, 0.0149454504, 0.351618925, -0.0199703917, 0.99969094, -7.07740109e-006, 0.0248601043, 0.0248601043, 6.04843948e-006, -0.99969094, 6.92484891e-006, 1, 6.22251507e-006, 0.99969094, -2.3163889e-005, 0.0248600908, 0.0248600914, 2.27394968e-005, -0.99969094, 2.2591424e-005, 0.999999999, 2.33083253e-005, 0, 0, 0, 0, 0, 0, 0, 0.300527637, -0.158240503, -0.106628149, -0.595779607, 0.403387756, -0.694431624, -0.771728516, -0.526733398, 0.356201172, -0.222033132, 0.748232256, 0.625241938, 0, 0, 0, 0, 0, 0, 0, 0.323430273, -0.0940643066, -0.0585242676, -0.35189103, 0.465301148, -0.812066516, 0.481811523, -0.653686523, -0.583374023, -0.802408777, -0.59659879, 0.00584620333, 0, 3, 5, 1, 
948.649016, 72, 0.1, 0.1, 0.0149454454, 0.35161893, -0.0199694584, 0.999690938, 1.41326095e-005, 0.0248601698, 0.02486017, -1.23478862e-005, -0.999690938, -1.38212711e-005, 1, -1.2695409e-005, 0.999690938, 2.98381412e-005, 0.0248601551, 0.0248601559, -2.9150243e-005, -0.999690938, -2.91042398e-005, 0.999999999, -2.98830147e-005, 0, 0, 0, 0, 0, 0, 0, 0.300765039, -0.158393188, -0.106816235, -0.595779607, 0.403387756, -0.694431624, -0.771728516, -0.526733398, 0.356201172, -0.222033132, 0.748232256, 0.625241938, 0, 0, 0, 0, 0, 0, 0, 0.32369502, -0.0945356934, -0.0583476562, -0.351284022, 0.464936943, -0.812635244, 0.482421875, -0.653930664, -0.582763672, -0.802344977, -0.59663707, 0.00541819942, 0, 3, 5, 1, 
948.649709, 72, 0.1, 0.1, 0.0149454497, 0.351618926, -0.0199686783, 0.999690936, -9.94216863e-006, 0.0248602415, 0.0248602416, 1.17463314e-005, -0.999690936, 9.64707923e-006, 1, 1.19898658e-005, 0.999690936, -2.49423994e-005, 0.024860227, 0.0248602276, 2.71414676e-005, -0.999690936, 2.42599476e-005, 0.999999999, 2.77531529e-005, 0, 0, 0, 0, 0, 0, 0, 0.300765039, -0.158393188, -0.106816235, -0.595779607, 0.403387756, -0.694431624, -0.771728516, -0.526733398, 0.356201172, -0.222033132, 0.748232256, 0.625241938, 0, 0, 0, 0, 0, 0, 0, 0.32369502, -0.0945356934, -0.0583476562, -0.351284022, 0.464936943, -0.812635244, 0.482421875, -0.653930664, -0.582763672, -0.802344977, -0.59663707, 0.00541819942, 0, 3, 5, 1, 
948.650402, 72, 0.1, 0.1, 0.0149454457, 0.351618931, -0.0199682662, 0.999690935, 7.91293143e-006, 0.0248603068, 0.0248603069, -8.73964481e-006, -0.999690935, -7.69321556e-006, 1, -8.9336616e-006, 0.999690935, 2.45866545e-005, 0.0248602945, 0.0248602951, -2.51275024e-005, -0.999690935, -2.39543785e-005, 0.999999999, -2.57309679e-005, 0, 0, 0, 0, 0, 0, 0, 0.300765039, -0.158393188, -0.106816235, -0.595779607, 0.403387756, -0.694431624, -0.771728516, -0.526733398, 0.356201172, -0.222033132, 0.748232256, 0.625241938, 0, 0, 0, 0, 0, 0, 0, 0.32369502, -0.0945356934, -0.0583476562, -0.351284022, 0.464936943, -0.812635244, 0.482421875, -0.653930664, -0.582763672, -0.802344977, -0.59663707, 0.00541819942, 0, 3, 5, 1, 
948.651109, 72, 0.1, 0.1, 0.0149454515, 0.351618926, -0.0199682609, 0.999690933, -1.48091812e-005, 0.0248603651, 0.0248603653, 1.28584e-005, -0.999690933, 1.44849396e-005, 1, 1.32225875e-005, 0.999690933, -3.20525092e-005, 0.0248603514, 0.0248603524, 3.07539886e-005, -0.999690933, 3.12780479e-005, 0.999999999, 3.15413203e-005, 0, 0, 0, 0, 0, 0, 0, 0.300765039, -0.158393188, -0.106816235, -0.595779607, 0.403387756, -0.694431624, -0.771728516, -0.526733398, 0.356201172, -0.222033132, 0.748232256, 0.625241938, 0, 0, 0, 0, 0, 0, 0, 0.32369502, -0.0945356934, -0.0583476562, -0.351795148, 0.464355455, -0.812711803, 0.482421875, -0.654052734, -0.582519531, -0.802153214, -0.596943672, 0.00614660901, 0, 3, 5, 1, 
948.651806, 72, 0.1, 0.1, 0.0149454478, 0.351618931, -0.019968506, 0.999690932, 8.48382076e-006, 0.0248604272, 0.0248604273, -8.48523756e-006, -0.999690932, -8.27025205e-006, 1, -8.69352645e-006, 0.999690932, 2.41032804e-005, 0.0248604136, 0.0248604142, -2.4758245e-005, -0.999690932, -2.34803306e-005, 0.999999999, -2.53498105e-005, 0, 0, 0, 0, 0, 0, 0, 0.300765039, -0.158393188, -0.106816235, -0.595779607, 0.403387756, -0.694431624, -0.771728516, -0.526733398, 0.356201172, -0.222033132, 0.748232256, 0.625241938, 0, 0, 0, 0, 0, 0, 0, 0.323665234, -0.0950270996, -0.0585606445, -0.351795148, 0.464355455, -0.812711803, 0.482421875, -0.654052734, -0.582519531, -0.802153214, -0.596943672, 0.00614660901, 0, 3, 5, 1, 
