time, trialNum, realDorsalTactorPos, realVentralTactorPos, boxPosX, boxPosY, boxPosZ, boxLocalRot_11, boxLocalRot_12, boxLocalRot_13, boxLocalRot_21, boxLocalRot_22, boxLocalRot_23, boxLocalRot_31, boxLocalRot_32, boxLocalRot_33, boxGlobalRot_11, boxGlobalRot_12, boxGlobalRot_13, boxGlobalRot_21, boxGlobalRot_22, boxGlobalRot_23, boxGlobalRot_31, boxGlobalRot_32, boxGlobalRot_33, indexForceX, indexForceY, indexForceZ, indexForceGlobalX, indexForceGlobalY, indexForceGlobalZ, indexContact, indexPosX, indexPosY, indexPosZ, indexRot_11, indexRot_12, indexRot_13, indexRot_21, indexRot_22, indexRot_23, indexRot_31, indexRot_32, indexRot_33, thumbForceX, thumbForceY, thumbForceZ, thumbForceGlobalX, thumbForceGlobalY, thumbForceGlobalZ, thumbContact, thumbPosX, thumbPosY, thumbPosZ, thumbRot_11, thumbRot_12, thumbRot_13, thumbRot_21, thumbRot_22, thumbRot_23, thumbRot_31, thumbRot_32, thumbRot_33, manipForceTooHigh, cceExpType, mapping, trialSuccess, 
819.454745, 70, 0.1, 0.1, 0.00896792398, 0.349257137, -0.0199723196, 0.971103002, -0.238660764, -8.95269563e-006, 0.238660764, 0.971103001, -2.020968e-005, 1.35172473e-005, 1.74890237e-005, 1, 0.971102981, -0.238660849, -5.05569062e-006, 0.238660849, 0.971102981, -1.96944117e-005, 9.60988123e-006, 1.79187065e-005, 1, 0, 0, 0, 0, 0, 0, 0, 0.194973389, 0.0576644043, -0.188175854, -0.354789545, 0.60554371, -0.712327256, -0.924194336, -0.112426758, 0.364746094, 0.140730027, 0.787773629, 0.599650183, 0, -0, 0, 0, 0, 0, 0, 0.251475977, 0.121388477, -0.148175293, -0.0586022231, 0.621634174, -0.780967264, -0.69128418, -0.589599609, -0.417480469, -0.720030943, 0.515556644, 0.464367577, 0, 3, 5, 1, 
819.459737, 70, 0.1, 0.1, 0.00896791864, 0.349257092, -0.0199858304, 0.971102661, -0.238662141, 6.59297717e-005, 0.238662145, 0.971102661, -5.48864475e-005, -5.09252597e-005, 6.90353159e-005, 0.999999996, 0.971102634, -0.238662251, 6.01795215e-005, 0.238662254, 0.971102635, -3.63883731e-005, -4.97559608e-005, 4.96994252e-005, 0.999999998, 0, 0, 0, 0, 0, 0, 0, 0.202402466, 0.0495594238, -0.188698999, -0.360458815, 0.59984484, -0.714227882, -0.926269531, -0.140258789, 0.349731445, 0.10961764, 0.787687505, 0.606377993, 0, -0, 0, 0, 0, 0, 0, 0.25563335, 0.11448457, -0.148060645, -0.0683439029, 0.61242331, -0.787442394, -0.661743164, -0.618408203, -0.423461914, -0.746462575, 0.49224937, 0.447730462, 0, 3, 5, 1, 
819.460434, 70, 0.1, 0.1, 0.00896790943, 0.349257107, -0.0199854711, 0.971102829, -0.238661467, 1.621036e-005, 0.238661468, 0.971102826, -6.74551613e-005, 3.57021354e-007, 6.93746863e-005, 0.999999998, 0.971102793, -0.23866161, 3.62865234e-005, 0.238661612, 0.97110279, -7.52853468e-005, -1.72702221e-005, 8.17700107e-005, 0.999999997, 0, 0, 0, 0, 0, 0, 0, 0.202402466, 0.0495594238, -0.188698999, -0.360458815, 0.59984484, -0.714227882, -0.926269531, -0.140258789, 0.349731445, 0.10961764, 0.787687505, 0.606377993, 0, -0, 0, 0, 0, 0, 0, 0.25563335, 0.11448457, -0.148060645, -0.0683439029, 0.61242331, -0.787442394, -0.661743164, -0.618408203, -0.423461914, -0.746462575, 0.49224937, 0.447730462, 0, 3, 5, 1, 
819.461138, 70, 0.1, 0.1, 0.00896791241, 0.349257108, -0.0199804112, 0.971103097, -0.238660376, -1.87462545e-005, 0.238660377, 0.971103095, 5.30573979e-005, 5.54184719e-006, -5.59981915e-005, 0.999999998, 0.971103031, -0.238660642, -2.34038873e-005, 0.238660642, 0.971103031, 2.71905601e-005, 1.62382694e-005, -3.19904221e-005, 0.999999999, 0, 0, 0, 0, 0, 0, 0, 0.202402466, 0.0495594238, -0.188698999, -0.360458815, 0.59984484, -0.714227882, -0.926269531, -0.140258789, 0.349731445, 0.10961764, 0.787687505, 0.606377993, 0, -0, 0, 0, 0, 0, 0, 0.25563335, 0.11448457, -0.148060645, -0.0683439029, 0.61242331, -0.787442394, -0.661743164, -0.618408203, -0.423461914, -0.746462575, 0.49224937, 0.447730462, 0, 3, 5, 1, 
819.461837, 70, 0.1, 0.1, 0.00896791279, 0.349257095, -0.0199726423, 0.971103445, -0.23865896, -8.47304616e-006, 0.23865896, 0.971103444, 4.02500576e-005, -1.37783256e-006, -4.1109138e-005, 0.999999999, 0.971103378, -0.238659234, 6.96523152e-008, 0.238659234, 0.971103376, 6.41928301e-005, -1.53878513e-005, -6.2321251e-005, 0.999999998, 0, 0, 0, 0, 0, 0, 0, 0.202402466, 0.0495594238, -0.188698999, -0.360458815, 0.59984484, -0.714227882, -0.926269531, -0.140258789, 0.349731445, 0.10961764, 0.787687505, 0.606377993, 0, -0, 0, 0, 0, 0, 0, 0.25563335, 0.11448457, -0.148060645, -0.0683439029, 0.61242331, -0.787442394, -0.661743164, -0.618408203, -0.423461914, -0.746462575, 0.49224937, 0.447730462, 0, 3, 5, 1, 
819.46254, 70, 0.1, 0.1, 0.00896791514, 0.349257105, -0.0199647714, 0.971103694, -0.238657945, 1.35320129e-005, 0.238657945, 0.971103692, -6.92079072e-005, 3.37602916e-006, 7.04375768e-005, 0.999999998, 0.971103659, -0.238658091, -6.53092019e-006, 0.23865809, 0.971103656, -7.29038887e-005, 2.37413034e-005, 6.92385761e-005, 0.999999997, 0, 0, 0, 0, 0, 0, 0, 0.202402466, 0.0495594238, -0.188698999, -0.360458815, 0.59984484, -0.714227882, -0.926269531, -0.140258789, 0.349731445, 0.10961764, 0.787687505, 0.606377993, 0, -0, 0, 0, 0, 0, 0, 0.25563335, 0.11448457, -0.148060645, -0.0683439029, 0.61242331, -0.787442394, -0.661743164, -0.618408203, -0.423461914, -0.746462575, 0.49224937, 0.447730462, 0, 3, 5, 1, 
819.463267, 70, 0.1, 0.1, 0.00896790773, 0.349257105, -0.0199585411, 0.971103748, -0.238657728, 5.30619608e-006, 0.238657728, 0.971103747, 3.53819403e-005, -1.35970404e-005, -3.30931701e-005, 0.999999999, 0.971103754, -0.2386577, 2.99459959e-005, 0.238657699, 0.971103754, 3.38258672e-005, -3.71534727e-005, -2.57015842e-005, 0.999999999, 0, 0, 0, 0, 0, 0, 0, 0.204712012, 0.0470706787, -0.188879883, -0.362773179, 0.599273082, -0.713591723, -0.926391602, -0.149414063, 0.345458984, 0.10046762, 0.786418552, 0.609614218, 0, -0, 0, 0, 0, 0, 0, 0.256756104, 0.112338281, -0.148063477, -0.0722108974, 0.609795851, -0.789238631, -0.651367187, -0.627929688, -0.42565918, -0.755215517, 0.483381224, 0.442631961, 0, 3, 5, 1, 
819.463971, 70, 0.1, 0.1, 0.00896791357, 0.349257111, -0.0199559831, 0.971103601, -0.238658327, -5.59576789e-006, 0.238658326, 0.9711036, -4.9060809e-005, 1.71428409e-005, 4.63076517e-005, 0.999999999, 0.971103643, -0.238658153, -2.84815201e-005, 0.238658151, 0.971103642, -5.23032161e-005, 4.01410968e-005, 4.39944967e-005, 0.999999998, 0, 0, 0, 0, 0, 0, 0, 0.204712012, 0.0470706787, -0.188879883, -0.362773179, 0.599273082, -0.713591723, -0.926391602, -0.149414063, 0.345458984, 0.10046762, 0.786418552, 0.609614218, 0, -0, 0, 0, 0, 0, 0, 0.256756104, 0.112338281, -0.148063477, -0.0722108974, 0.609795851, -0.789238631, -0.651367187, -0.627929688, -0.42565918, -0.755215517, 0.483381224, 0.442631961, 0, 3, 5, 1, 
819.464695, 70, 0.1, 0.1, 0.00896790793, 0.349257105, -0.0199572664, 0.971103274, -0.238659656, -3.49796443e-007, 0.238659656, 0.971103272, 6.65997125e-005, -1.5554976e-005, -6.47586811e-005, 0.999999998, 0.971103348, -0.238659352, 2.27635998e-005, 0.238659351, 0.971103347, 6.46091223e-005, -3.75253792e-005, -5.73093891e-005, 0.999999998, 0, 0, 0, 0, 0, 0, 0, 0.204712012, 0.0470706787, -0.188879883, -0.362773179, 0.599273082, -0.713591723, -0.926391602, -0.149414063, 0.345458984, 0.10046762, 0.786418552, 0.609614218, 0, -0, 0, 0, 0, 0, 0, 0.256756104, 0.112338281, -0.148063477, -0.0722108974, 0.609795851, -0.789238631, -0.651367187, -0.627929688, -0.42565918, -0.755215517, 0.483381224, 0.442631961, 0, 3, 5, 1, 
819.465396, 70, 0.1, 0.1, 0.00896791391, 0.349257107, -0.0199620947, 0.971102796, -0.2386616, -1.74018313e-006, 0.238661599, 0.971102794, -6.76805897e-005, 1.78426545e-005, 6.5309495e-005, 0.999999998, 0.971102908, -0.238661143, -2.80432383e-005, 0.238661142, 0.971102908, -4.39768157e-005, 3.77284273e-005, 3.60131823e-005, 0.999999999, 0, 0, 0, 0, 0, 0, 0, 0.204712012, 0.0470706787, -0.188879883, -0.362773179, 0.599273082, -0.713591723, -0.926391602, -0.149414063, 0.345458984, 0.10046762, 0.786418552, 0.609614218, 0, -0, 0, 0, 0, 0, 0, 0.256756104, 0.112338281, -0.148063477, -0.0722108974, 0.609795851, -0.789238631, -0.651367187, -0.627929688, -0.42565918, -0.755215517, 0.483381224, 0.442631961, 0, 3, 5, 1, 
819.466127, 70, 0.1, 0.1, 0.00896790457, 0.349257119, -0.0199686891, 0.971102164, -0.238664169, 2.90557903e-005, 0.238664169, 0.971102165, -1.39000018e-005, -2.48987085e-005, 2.04328979e-005, 0.999999999, 0.971102289, -0.23866366, 4.94289964e-005, 0.238663662, 0.971102289, -4.16895834e-005, -3.8050823e-005, 5.22817551e-005, 0.999999998, 0, 0, 0, 0, 0, 0, 0, 0.204712012, 0.0470706787, -0.188879883, -0.362773179, 0.599273082, -0.713591723, -0.926391602, -0.149414063, 0.345458984, 0.10046762, 0.786418552, 0.609614218, 0, -0, 0, 0, 0, 0, 0, 0.257861035, 0.110173926, -0.148054346, -0.0766783366, 0.606753148, -0.791124188, -0.641723633, -0.637207031, -0.426513672, -0.762926884, 0.474960404, 0.438383272, 0, 3, 5, 1, 
819.466828, 70, 0.1, 0.1, 0.00896791491, 0.34925711, -0.0199747655, 0.971101513, -0.238666809, -7.91735314e-005, 0.238666814, 0.971101513, 5.39268499e-005, 6.4014987e-005, -7.12645399e-005, 0.999999995, 0.97110164, -0.238666293, -7.62428113e-005, 0.238666297, 0.97110164, 5.69280514e-005, 6.04527121e-005, -7.34795135e-005, 0.999999995, 0, 0, 0, 0, 0, 0, 0, 0.204712012, 0.0470706787, -0.188879883, -0.362773179, 0.599273082, -0.713591723, -0.926391602, -0.149414063, 0.345458984, 0.10046762, 0.786418552, 0.609614218, 0, -0, 0, 0, 0, 0, 0, 0.257861035, 0.110173926, -0.148054346, -0.0766783366, 0.606753148, -0.791124188, -0.641723633, -0.637207031, -0.426513672, -0.762926884, 0.474960404, 0.438383272, 0, 3, 5, 1, 
819.467529, 70, 0.1, 0.1, 0.00896791947, 0.349257108, -0.019978862, 0.971100892, -0.238669343, 3.83528809e-005, 0.238669344, 0.971100893, -2.53167882e-005, -3.12021757e-005, 3.37388125e-005, 0.999999999, 0.971101022, -0.238668817, 2.10800859e-006, 0.238668817, 0.971101022, -1.17954909e-005, 7.68126567e-007, 1.19577292e-005, 1, 0, 0, 0, 0, 0, 0, 0, 0.204712012, 0.0470706787, -0.188879883, -0.362773179, 0.599273082, -0.713591723, -0.926391602, -0.149414063, 0.345458984, 0.10046762, 0.786418552, 0.609614218, 0, -0, 0, 0, 0, 0, 0, 0.257861035, 0.110173926, -0.148054346, -0.0766783366, 0.606753148, -0.791124188, -0.641723633, -0.637207031, -0.426513672, -0.762926884, 0.474960404, 0.438383272, 0, 3, 5, 1, 
819.468246, 70, 0.1, 0.1, 0.00896790272, 0.349257115, -0.0199797997, 0.971100251, -0.238671942, 7.72091751e-005, 0.238671944, 0.971100254, -2.20461072e-005, -6.97160623e-005, 3.98366442e-005, 0.999999997, 0.971100372, -0.238671445, 8.90015679e-005, 0.238671449, 0.971100375, -3.08158683e-005, -7.90745881e-005, 5.11674343e-005, 0.999999996, 0, 0, 0, 0, 0, 0, 0, 0.207301685, 0.0443179199, -0.188897705, -0.364008428, 0.59785136, -0.714047783, -0.926757812, -0.156860352, 0.341064453, 0.0918882369, 0.786025771, 0.611416738, 0, -0, 0, 0, 0, 0, 0, 0.257861035, 0.110173926, -0.148054346, -0.0766783366, 0.606753148, -0.791124188, -0.641723633, -0.637207031, -0.426513672, -0.762926884, 0.474960404, 0.438383272, 0, 3, 5, 1, 
819.468954, 70, 0.1, 0.1, 0.00896790235, 0.349257114, -0.0199774754, 0.97109965, -0.238674396, -4.13493077e-005, 0.238674397, 0.971099651, 1.32243612e-005, 3.69979818e-005, -2.27111936e-005, 0.999999999, 0.971099775, -0.23867389, -2.76421688e-005, 0.238673891, 0.971099775, 1.68670972e-005, 2.28175682e-005, -2.29770983e-005, 0.999999999, 0, 0, 0, 0, 0, 0, 0, 0.207301685, 0.0443179199, -0.188897705, -0.364008428, 0.59785136, -0.714047783, -0.926757812, -0.156860352, 0.341064453, 0.0918882369, 0.786025771, 0.611416738, 0, -0, 0, 0, 0, 0, 0, 0.257861035, 0.110173926, -0.148054346, -0.0766783366, 0.606753148, -0.791124188, -0.641723633, -0.637207031, -0.426513672, -0.762926884, 0.474960404, 0.438383272, 0, 3, 5, 1, 
819.46967, 70, 0.1, 0.1, 0.00896790522, 0.349257118, -0.0199727533, 0.971099018, -0.238676972, 3.00031819e-005, 0.238676973, 0.971099018, -2.95697818e-005, -2.20784345e-005, 3.58762547e-005, 0.999999999, 0.97109915, -0.238676435, 2.30468092e-006, 0.238676435, 0.971099149, -3.38427889e-005, 5.83940253e-006, 3.34147765e-005, 0.999999999, 0, 0, 0, 0, 0, 0, 0, 0.207301685, 0.0443179199, -0.188897705, -0.364008428, 0.59785136, -0.714047783, -0.926757812, -0.156860352, 0.341064453, 0.0918882369, 0.786025771, 0.611416738, 0, -0, 0, 0, 0, 0, 0, 0.257861035, 0.110173926, -0.148054346, -0.0766783366, 0.606753148, -0.791124188, -0.641723633, -0.637207031, -0.426513672, -0.762926884, 0.474960404, 0.438383272, 0, 3, 5, 1, 
819.47038, 70, 0.1, 0.1, 0.00896789942, 0.349257116, -0.0199672744, 0.971098328, -0.238679779, -4.95564037e-006, 0.238679779, 0.971098328, 2.81357095e-005, -1.90301086e-006, -2.85053516e-005, 1, 0.971098468, -0.238679211, 1.93121047e-005, 0.23867921, 0.971098468, 3.13229193e-005, -2.62300849e-005, -2.58082411e-005, 0.999999999, 0, 0, 0, 0, 0, 0, 0, 0.209629663, 0.0420280029, -0.188667993, -0.365891819, 0.596797332, -0.714090845, -0.927001953, -0.166503906, 0.3359375, 0.0815576304, 0.784833201, 0.614266172, 0, -0, 0, 0, 0, 0, 0, 0.257861035, 0.110173926, -0.148054346, -0.0766783366, 0.606753148, -0.791124188, -0.641723633, -0.637207031, -0.426513672, -0.762926884, 0.474960404, 0.438383272, 0, 3, 5, 1, 
819.471118, 70, 0.1, 0.1, 0.00896791038, 0.349257118, -0.0199622161, 0.971097563, -0.238682888, -4.35591028e-005, 0.238682888, 0.971097564, 1.77825275e-006, 4.18757001e-005, -1.21236694e-005, 0.999999999, 0.971097709, -0.238682293, -5.81082428e-005, 0.238682292, 0.97109771, -1.82154836e-005, 6.07764949e-005, 3.81960582e-006, 0.999999998, 0, 0, 0, 0, 0, 0, 0, 0.209629663, 0.0420280029, -0.188667993, -0.365891819, 0.596797332, -0.714090845, -0.927001953, -0.166503906, 0.3359375, 0.0815576304, 0.784833201, 0.614266172, 0, -0, 0, 0, 0, 0, 0, 0.258904443, 0.107989307, -0.148258447, -0.0819700674, 0.603678362, -0.792901102, -0.631347656, -0.646972656, -0.427368164, -0.770970372, 0.465677013, 0.434268744, 0, 3, 5, 1, 
819.47182, 70, 0.1, 0.1, 0.00896790204, 0.349257118, -0.019959783, 0.97109701, -0.238685135, 6.76966575e-005, 0.238685136, 0.971097012, -5.32910247e-006, -6.44680443e-005, 2.13332614e-005, 0.999999998, 0.971097107, -0.238684736, 7.11362066e-005, 0.238684737, 0.971097109, -8.45535835e-006, -6.70619997e-005, 2.51901008e-005, 0.999999997, 0, 0, 0, 0, 0, 0, 0, 0.209629663, 0.0420280029, -0.188667993, -0.365891819, 0.596797332, -0.714090845, -0.927001953, -0.166503906, 0.3359375, 0.0815576304, 0.784833201, 0.614266172, 0, -0, 0, 0, 0, 0, 0, 0.258904443, 0.107989307, -0.148258447, -0.0819700674, 0.603678362, -0.792901102, -0.631347656, -0.646972656, -0.427368164, -0.770970372, 0.465677013, 0.434268744, 0, 3, 5, 1, 
819.472514, 70, 0.1, 0.1, 0.00896790527, 0.349257115, -0.0199604245, 0.971096502, -0.2386872, -6.17997129e-005, 0.2386872, 0.971096504, 8.55578744e-006, 5.79713282e-005, -2.30592957e-005, 0.999999998, 0.971096612, -0.238686755, -5.32620151e-005, 0.238686756, 0.971096613, 2.30663732e-005, 4.62169247e-005, -3.51126145e-005, 0.999999998, 0, 0, 0, 0, 0, 0, 0, 0.209629663, 0.0420280029, -0.188667993, -0.365891819, 0.596797332, -0.714090845, -0.927001953, -0.166503906, 0.3359375, 0.0815576304, 0.784833201, 0.614266172, 0, -0, 0, 0, 0, 0, 0, 0.258904443, 0.107989307, -0.148258447, -0.0819700674, 0.603678362, -0.792901102, -0.631347656, -0.646972656, -0.427368164, -0.770970372, 0.465677013, 0.434268744, 0, 3, 5, 1, 
819.47322, 70, 0.1, 0.1, 0.0089679067, 0.349257116, -0.0199637567, 0.971095918, -0.238689582, 4.52128753e-005, 0.238689582, 0.971095919, 1.54506635e-005, -4.75939511e-005, -4.2122339e-006, 0.999999999, 0.971096032, -0.23868912, 2.20399253e-005, 0.23868912, 0.971096032, 8.2770934e-006, -2.33785362e-005, -2.77716219e-006, 1, 0, 0, 0, 0, 0, 0, 0, 0.209629663, 0.0420280029, -0.188667993, -0.365891819, 0.596797332, -0.714090845, -0.927001953, -0.166503906, 0.3359375, 0.0815576304, 0.784833201, 0.614266172, 0, -0, 0, 0, 0, 0, 0, 0.258904443, 0.107989307, -0.148258447, -0.0819700674, 0.603678362, -0.792901102, -0.631347656, -0.646972656, -0.427368164, -0.770970372, 0.465677013, 0.434268744, 0, 3, 5, 1, 
819.473916, 70, 0.1, 0.1, 0.00896789989, 0.349257114, -0.0199685176, 0.971095406, -0.238691666, -7.69300149e-006, 0.238691666, 0.971095406, -1.57577228e-006, 7.84676212e-006, -3.06030116e-007, 1, 0.97109551, -0.238691245, 2.0718016e-005, 0.238691244, 0.97109551, 1.42758845e-005, -2.35267009e-005, -8.91803829e-006, 1, 0, 0, 0, 0, 0, 0, 0, 0.209629663, 0.0420280029, -0.188667993, -0.365891819, 0.596797332, -0.714090845, -0.927001953, -0.166503906, 0.3359375, 0.0815576304, 0.784833201, 0.614266172, 0, -0, 0, 0, 0, 0, 0, 0.258904443, 0.107989307, -0.148258447, -0.0819700674, 0.603678362, -0.792901102, -0.631347656, -0.646972656, -0.427368164, -0.770970372, 0.465677013, 0.434268744, 0, 3, 5, 1, 
819.474628, 70, 0.1, 0.1, 0.00896790519, 0.349257119, -0.0199733115, 0.971094864, -0.238693871, -1.31804758e-005, 0.238693871, 0.971094864, -4.06586295e-007, 1.2896542e-005, -2.75126494e-006, 1, 0.971094967, -0.238693453, -2.6304553e-005, 0.238693453, 0.971094967, -2.15661347e-005, 3.06919142e-005, 1.46640403e-005, 0.999999999, 0, 0, 0, 0, 0, 0, 0, 0.209629663, 0.0420280029, -0.188667993, -0.365891819, 0.596797332, -0.714090845, -0.927001953, -0.166503906, 0.3359375, 0.0815576304, 0.784833201, 0.614266172, 0, -0, 0, 0, 0, 0, 0, 0.258904443, 0.107989307, -0.148258447, -0.0819700674, 0.603678362, -0.792901102, -0.631347656, -0.646972656, -0.427368164, -0.770970372, 0.465677013, 0.434268744, 0, 3, 5, 1, 
819.47536, 70, 0.1, 0.1, 0.00896789961, 0.349257118, -0.0199764255, 0.971094447, -0.238695567, 2.87672362e-005, 0.238695568, 0.971094447, -1.04606348e-005, -2.54387962e-005, 1.70248761e-005, 1, 0.971094515, -0.238695291, 3.62096543e-005, 0.238695291, 0.971094515, -2.59226878e-006, -3.45442343e-005, 1.1160412e-005, 0.999999999, 0, 0, 0, 0, 0, 0, 0, 0.211499194, 0.0393920654, -0.188995581, -0.368249245, 0.597779846, -0.711994772, -0.926635742, -0.174072266, 0.333129883, 0.0752570456, 0.782452931, 0.618136313, 0, -0, 0, 0, 0, 0, 0, 0.259734863, 0.105846191, -0.148194141, -0.0873383571, 0.601210585, -0.794281729, -0.621582031, -0.655761719, -0.428100586, -0.778285452, 0.456457421, 0.431055066, 0, 3, 5, 1, 
819.476064, 70, 0.1, 0.1, 0.00896790392, 0.349257119, -0.0199769144, 0.971094179, -0.238696656, -3.68744178e-005, 0.238696656, 0.97109418, 9.16652336e-006, 3.36205141e-005, -1.77033577e-005, 0.999999999, 0.971094225, -0.23869647, -3.85551671e-005, 0.23869647, 0.971094226, 8.06484596e-006, 3.55156499e-005, -1.70347076e-005, 0.999999999, 0, 0, 0, 0, 0, 0, 0, 0.211499194, 0.0393920654, -0.188995581, -0.368249245, 0.597779846, -0.711994772, -0.926635742, -0.174072266, 0.333129883, 0.0752570456, 0.782452931, 0.618136313, 0, -0, 0, 0, 0, 0, 0, 0.259734863, 0.105846191, -0.148194141, -0.0873383571, 0.601210585, -0.794281729, -0.621582031, -0.655761719, -0.428100586, -0.778285452, 0.456457421, 0.431055066, 0, 3, 5, 1, 
819.476766, 70, 0.1, 0.1, 0.00896790174, 0.349257118, -0.0199751692, 0.971093941, -0.238697625, 3.62650882e-005, 0.238697625, 0.971093942, 1.28082567e-005, -3.82741079e-005, -3.78163006e-006, 0.999999999, 0.971093994, -0.238697409, 3.26856769e-005, 0.238697409, 0.971093995, 2.11810982e-006, -3.22464519e-005, 5.74510266e-006, 0.999999999, 0, 0, 0, 0, 0, 0, 0, 0.211499194, 0.0393920654, -0.188995581, -0.368249245, 0.597779846, -0.711994772, -0.926635742, -0.174072266, 0.333129883, 0.0752570456, 0.782452931, 0.618136313, 0, -0, 0, 0, 0, 0, 0, 0.259734863, 0.105846191, -0.148194141, -0.0873383571, 0.601210585, -0.794281729, -0.621582031, -0.655761719, -0.428100586, -0.778285452, 0.456457421, 0.431055066, 0, 3, 5, 1, 
819.477471, 70, 0.1, 0.1, 0.00896790163, 0.349257119, -0.0199718172, 0.971093691, -0.238698642, -3.7713126e-005, 0.238698641, 0.971093692, -1.31710784e-005, 3.97668973e-005, 3.78827917e-006, 0.999999999, 0.971093738, -0.238698454, -2.00988724e-005, 0.238698454, 0.971093738, -1.09856642e-005, 2.21401502e-005, 5.87053998e-006, 1, 0, 0, 0, 0, 0, 0, 0, 0.211499194, 0.0393920654, -0.188995581, -0.368249245, 0.597779846, -0.711994772, -0.926635742, -0.174072266, 0.333129883, 0.0752570456, 0.782452931, 0.618136313, 0, -0, 0, 0, 0, 0, 0, 0.259734863, 0.105846191, -0.148194141, -0.0873383571, 0.601210585, -0.794281729, -0.621582031, -0.655761719, -0.428100586, -0.778285452, 0.456457421, 0.431055066, 0, 3, 5, 1, 
819.478176, 70, 0.1, 0.1, 0.00896790512, 0.349257121, -0.0199679881, 0.971093505, -0.238699398, 3.24686392e-005, 0.238699399, 0.971093506, -1.65353279e-005, -2.75831118e-005, 2.38075942e-005, 0.999999999, 0.971093547, -0.238699231, -7.54713458e-007, 0.238699231, 0.971093547, -1.82269373e-005, 5.08365329e-006, 1.75199117e-005, 1, 0, 0, 0, 0, 0, 0, 0, 0.211499194, 0.0393920654, -0.188995581, -0.368249245, 0.597779846, -0.711994772, -0.926635742, -0.174072266, 0.333129883, 0.0752570456, 0.782452931, 0.618136313, 0, -0, 0, 0, 0, 0, 0, 0.259734863, 0.105846191, -0.148194141, -0.0873383571, 0.601210585, -0.794281729, -0.621582031, -0.655761719, -0.428100586, -0.778285452, 0.456457421, 0.431055066, 0, 3, 5, 1, 
819.478885, 70, 0.1, 0.1, 0.0089678979, 0.349257117, -0.0199647853, 0.971093233, -0.238700508, 8.47952465e-007, 0.238700508, 0.971093233, 3.12958902e-005, -8.29378579e-006, -3.01888205e-005, 1, 0.971093296, -0.238700249, 2.70490831e-005, 0.238700248, 0.971093296, 3.73360403e-005, -3.51793054e-005, -2.98001555e-005, 0.999999999, 0, 0, 0, 0, 0, 0, 0, 0.211499194, 0.0393920654, -0.188995581, -0.368249245, 0.597779846, -0.711994772, -0.926635742, -0.174072266, 0.333129883, 0.0752570456, 0.782452931, 0.618136313, 0, -0, 0, 0, 0, 0, 0, 0.259734863, 0.105846191, -0.148194141, -0.0873383571, 0.601210585, -0.794281729, -0.621582031, -0.655761719, -0.428100586, -0.778285452, 0.456457421, 0.431055066, 0, 3, 5, 1, 
819.479586, 70, 0.1, 0.1, 0.00896790725, 0.34925712, -0.0199631467, 0.971092869, -0.238701987, -4.17063206e-005, 0.238701987, 0.97109287, -9.88631519e-006, 4.28605936e-005, -3.548514e-007, 0.999999999, 0.971092938, -0.238701702, -5.35127385e-005, 0.238701701, 0.97109294, -2.5303626e-005, 5.80058611e-005, 1.17985908e-005, 0.999999998, 0, 0, 0, 0, 0, 0, 0, 0.211499194, 0.0393920654, -0.188995581, -0.368249245, 0.597779846, -0.711994772, -0.926635742, -0.174072266, 0.333129883, 0.0752570456, 0.782452931, 0.618136313, 0, -0, 0, 0, 0, 0, 0, 0.259734863, 0.105846191, -0.148194141, -0.0873383571, 0.601210585, -0.794281729, -0.621582031, -0.655761719, -0.428100586, -0.778285452, 0.456457421, 0.431055066, 0, 3, 5, 1, 
819.480323, 70, 0.1, 0.1, 0.00896789945, 0.349257119, -0.0199632195, 0.971092549, -0.238703285, 5.83811774e-005, 0.238703285, 0.97109255, 1.62853383e-005, -6.05808902e-005, -1.87879184e-006, 0.999999998, 0.971092611, -0.23870303, 6.08782359e-005, 0.23870303, 0.971092613, 1.67214251e-005, -6.31098601e-005, -1.70623301e-006, 0.999999998, 0, 0, 0, 0, 0, 0, 0, 0.213851709, 0.0365029785, -0.189149976, -0.369952537, 0.598134435, -0.710813063, -0.926269531, -0.179931641, 0.330688477, 0.0699651835, 0.780790075, 0.620915355, 0, -0, 0, 0, 0, 0, 0, 0.260623877, 0.103224121, -0.148391162, -0.092227237, 0.597701598, -0.796294883, -0.61328125, -0.66394043, -0.427490234, -0.784322715, 0.448969535, 0.428020393, 0, 3, 5, 1, 
819.481043, 70, 0.1, 0.1, 0.00896790149, 0.349257121, -0.0199649381, 0.971092271, -0.238704417, -5.15251243e-005, 0.238704416, 0.971092272, -1.87670594e-005, 5.451543e-005, 5.9252716e-006, 0.999999998, 0.971092329, -0.238704182, -4.26926044e-005, 0.238704182, 0.97109233, -6.19207079e-006, 4.29365339e-005, -4.17783077e-006, 0.999999999, 0, 0, 0, 0, 0, 0, 0, 0.213851709, 0.0365029785, -0.189149976, -0.369952537, 0.598134435, -0.710813063, -0.926269531, -0.179931641, 0.330688477, 0.0699651835, 0.780790075, 0.620915355, 0, -0, 0, 0, 0, 0, 0, 0.260623877, 0.103224121, -0.148391162, -0.092227237, 0.597701598, -0.796294883, -0.61328125, -0.66394043, -0.427490234, -0.784322715, 0.448969535, 0.428020393, 0, 3, 5, 1, 
819.481754, 70, 0.1, 0.1, 0.00896790401, 0.349257122, -0.0199676366, 0.971092033, -0.238705389, 3.59260581e-005, 0.238705389, 0.971092033, 6.24051991e-006, -3.63771546e-005, 2.51562453e-006, 0.999999999, 0.971092076, -0.238705216, 1.58910738e-005, 0.238705216, 0.971092076, 9.35184139e-007, -1.56549291e-005, 2.88513229e-006, 1, 0, 0, 0, 0, 0, 0, 0, 0.213851709, 0.0365029785, -0.189149976, -0.369952537, 0.598134435, -0.710813063, -0.926269531, -0.179931641, 0.330688477, 0.0699651835, 0.780790075, 0.620915355, 0, -0, 0, 0, 0, 0, 0, 0.260623877, 0.103224121, -0.148391162, -0.092227237, 0.597701598, -0.796294883, -0.61328125, -0.66394043, -0.427490234, -0.784322715, 0.448969535, 0.428020393, 0, 3, 5, 1, 
819.482495, 70, 0.1, 0.1, 0.00896789995, 0.34925712, -0.0199706264, 0.971091811, -0.238706294, -2.43993605e-005, 0.238706294, 0.971091811, 4.23837578e-006, 2.26822922e-005, -9.94013293e-006, 1, 0.971091849, -0.238706138, 1.08704137e-005, 0.238706138, 0.971091849, 1.60265291e-006, -1.09387332e-005, 1.03851129e-006, 1, 0, 0, 0, 0, 0, 0, 0, 0.215924951, 0.0343047363, -0.189251636, -0.37262149, 0.598958189, -0.708678798, -0.92578125, -0.188598633, 0.327392578, 0.0624780204, 0.778187766, 0.62502663, 0, -0, 0, 0, 0, 0, 0, 0.260623877, 0.103224121, -0.148391162, -0.0984004952, 0.595016537, -0.797509266, -0.603637695, -0.672729492, -0.427490234, -0.790985944, 0.43948162, 0.425560645, 0, 3, 5, 1, 
819.483207, 70, 0.1, 0.1, 0.00896790731, 0.349257124, -0.0199725558, 0.971091594, -0.238707175, -1.18118748e-005, 0.238707175, 0.971091594, -2.2711698e-005, 1.68918576e-005, 1.92355597e-005, 1, 0.971091642, -0.238706979, -3.08178691e-005, 0.238706978, 0.971091642, -2.92156163e-005, 3.69009466e-005, 2.10146005e-005, 0.999999999, 0, 0, 0, 0, 0, 0, 0, 0.215924951, 0.0343047363, -0.189251636, -0.37262149, 0.598958189, -0.708678798, -0.92578125, -0.188598633, 0.327392578, 0.0624780204, 0.778187766, 0.62502663, 0, -0, 0, 0, 0, 0, 0, 0.261637988, 0.101060986, -0.148746484, -0.0984004952, 0.595016537, -0.797509266, -0.603637695, -0.672729492, -0.427490234, -0.790985944, 0.43948162, 0.425560645, 0, 3, 5, 1, 
819.48392, 70, 0.1, 0.1, 0.00896790229, 0.34925712, -0.0199732921, 0.971091308, -0.23870834, 2.2312555e-005, 0.23870834, 0.971091308, 2.00002236e-005, -2.64417483e-005, -1.40958503e-005, 1, 0.971091365, -0.238708106, 3.07282762e-005, 0.238708106, 0.971091365, 2.97102123e-005, -3.69320322e-005, -2.1516242e-005, 0.999999999, 0, 0, 0, 0, 0, 0, 0, 0.215924951, 0.0343047363, -0.189251636, -0.37262149, 0.598958189, -0.708678798, -0.92578125, -0.188598633, 0.327392578, 0.0624780204, 0.778187766, 0.62502663, 0, -0, 0, 0, 0, 0, 0, 0.261637988, 0.101060986, -0.148746484, -0.0984004952, 0.595016537, -0.797509266, -0.603637695, -0.672729492, -0.427490234, -0.790985944, 0.43948162, 0.425560645, 0, 3, 5, 1, 
819.484647, 70, 0.1, 0.1, 0.00896790762, 0.349257122, -0.0199726378, 0.971091089, -0.238709228, -4.032376e-005, 0.238709228, 0.97109109, -2.47515468e-006, 3.97488863e-005, -7.22205296e-006, 0.999999999, 0.971091125, -0.238709082, -4.30060727e-005, 0.238709082, 0.971091126, -4.82721263e-006, 4.2915115e-005, -5.57827677e-006, 0.999999999, 0, 0, 0, 0, 0, 0, 0, 0.215924951, 0.0343047363, -0.189251636, -0.37262149, 0.598958189, -0.708678798, -0.92578125, -0.188598633, 0.327392578, 0.0624780204, 0.778187766, 0.62502663, 0, -0, 0, 0, 0, 0, 0, 0.261637988, 0.101060986, -0.148746484, -0.0984004952, 0.595016537, -0.797509266, -0.603637695, -0.672729492, -0.427490234, -0.790985944, 0.43948162, 0.425560645, 0, 3, 5, 1, 
819.485355, 70, 0.1, 0.1, 0.00896790454, 0.349257121, -0.0199708179, 0.971090923, -0.2387099, 4.58022488e-005, 0.238709899, 0.971090925, 1.84734817e-005, -4.88879511e-005, -7.00598017e-006, 0.999999999, 0.971090959, -0.238709755, 4.10103874e-005, 0.238709755, 0.97109096, 6.5882e-006, -4.1397484e-005, 3.39183805e-006, 0.999999999, 0, 0, 0, 0, 0, 0, 0, 0.215924951, 0.0343047363, -0.189251636, -0.37262149, 0.598958189, -0.708678798, -0.92578125, -0.188598633, 0.327392578, 0.0624780204, 0.778187766, 0.62502663, 0, -0, 0, 0, 0, 0, 0, 0.261637988, 0.101060986, -0.148746484, -0.0984004952, 0.595016537, -0.797509266, -0.603637695, -0.672729492, -0.427490234, -0.790985944, 0.43948162, 0.425560645, 0, 3, 5, 1, 
819.486067, 70, 0.1, 0.1, 0.00896790302, 0.349257123, -0.0199686469, 0.971090764, -0.238710549, -3.56801854e-005, 0.238710548, 0.971090765, -2.85546978e-005, 4.14650061e-005, 1.92119667e-005, 0.999999999, 0.971090786, -0.238710464, -1.50106988e-005, 0.238710463, 0.971090786, -2.78990239e-005, 2.12365402e-005, 2.35092742e-005, 0.999999999, 0, 0, 0, 0, 0, 0, 0, 0.215924951, 0.0343047363, -0.189251636, -0.37262149, 0.598958189, -0.708678798, -0.92578125, -0.188598633, 0.327392578, 0.0624780204, 0.778187766, 0.62502663, 0, -0, 0, 0, 0, 0, 0, 0.261637988, 0.101060986, -0.148746484, -0.0984004952, 0.595016537, -0.797509266, -0.603637695, -0.672729492, -0.427490234, -0.790985944, 0.43948162, 0.425560645, 0, 3, 5, 1, 
819.48678, 70, 0.1, 0.1, 0.00896790829, 0.349257121, -0.0199667141, 0.971090748, -0.238710616, 2.04573832e-005, 0.238710615, 0.971090748, 2.60175038e-005, -2.60766299e-005, -2.03819627e-005, 0.999999999, 0.97109074, -0.23871065, -1.46152956e-005, 0.23871065, 0.97109074, 2.79589527e-005, 7.51867849e-006, -3.06395068e-005, 1, 0, 0, 0, 0, 0, 0, 0, 0.215924951, 0.0343047363, -0.189251636, -0.37262149, 0.598958189, -0.708678798, -0.92578125, -0.188598633, 0.327392578, 0.0624780204, 0.778187766, 0.62502663, 0, -0, 0, 0, 0, 0, 0, 0.261637988, 0.101060986, -0.148746484, -0.0984004952, 0.595016537, -0.797509266, -0.603637695, -0.672729492, -0.427490234, -0.790985944, 0.43948162, 0.425560645, 0, 3, 5, 1, 
819.487517, 70, 0.1, 0.1, 0.00896789807, 0.349257127, -0.0199653373, 0.971090909, -0.23870996, 2.23363845e-005, 0.238709961, 0.971090908, -4.60634715e-005, -1.06948504e-005, 5.00637359e-005, 0.999999999, 0.971090867, -0.238710127, 4.93155794e-005, 0.23871013, 0.971090867, -4.63214039e-005, -3.68325206e-005, 5.67544207e-005, 0.999999998, 0, 0, 0, 0, 0, 0, 0, 0.217764575, 0.0319375732, -0.189302515, -0.375606841, 0.600892137, -0.705585984, -0.924926758, -0.196289063, 0.325073242, 0.0568948486, 0.774791661, 0.629727638, 0, -0, 0, 0, 0, 0, 0, 0.262200732, 0.0988944336, -0.148875146, -0.104720675, 0.592356995, -0.798749168, -0.593994141, -0.681274414, -0.427490234, -0.797419129, 0.429750902, 0.4233437, 0, 3, 5, 1, 
819.488232, 70, 0.1, 0.1, 0.00896790828, 0.349257124, -0.0199650718, 0.971091217, -0.238708705, -5.70617274e-005, 0.238708708, 0.971091216, 6.23203488e-005, 4.05357325e-005, -7.41398746e-005, 0.999999996, 0.97109114, -0.238709014, -6.74272026e-005, 0.238709017, 0.97109114, 4.68010769e-005, 5.43061202e-005, -6.15435924e-005, 0.999999997, 0, 0, 0, 0, 0, 0, 0, 0.217764575, 0.0319375732, -0.189302515, -0.375606841, 0.600892137, -0.705585984, -0.924926758, -0.196289063, 0.325073242, 0.0568948486, 0.774791661, 0.629727638, 0, -0, 0, 0, 0, 0, 0, 0.262200732, 0.0988944336, -0.148875146, -0.104720675, 0.592356995, -0.798749168, -0.593994141, -0.681274414, -0.427490234, -0.797419129, 0.429750902, 0.4233437, 0, 3, 5, 1, 
819.488941, 70, 0.1, 0.1, 0.00896790472, 0.349257118, -0.0199659936, 0.971091666, -0.238706877, 5.02109356e-005, 0.238706879, 0.971091667, -3.05026263e-005, -4.14782345e-005, 4.16065419e-005, 0.999999998, 0.971091562, -0.238707302, 4.36732672e-005, 0.238707301, 0.971091563, 1.22084082e-005, -4.53249775e-005, -1.4303544e-006, 0.999999999, 0, 0, 0, 0, 0, 0, 0, 0.217764575, 0.0319375732, -0.189302515, -0.375606841, 0.600892137, -0.705585984, -0.924926758, -0.196289063, 0.325073242, 0.0568948486, 0.774791661, 0.629727638, 0, -0, 0, 0, 0, 0, 0, 0.262200732, 0.0988944336, -0.148875146, -0.104720675, 0.592356995, -0.798749168, -0.593994141, -0.681274414, -0.427490234, -0.797419129, 0.429750902, 0.4233437, 0, 3, 5, 1, 
819.48966, 70, 0.1, 0.1, 0.00896790526, 0.349257135, -0.0199677562, 0.971092289, -0.238704345, -4.4007915e-005, 0.238704341, 0.971092288, -7.47898497e-005, 6.0588409e-005, 6.2122966e-005, 0.999999996, 0.971092159, -0.238704878, -2.96451025e-005, 0.238704874, 0.971092156, -9.18868284e-005, 5.07219607e-005, 8.2154148e-005, 0.999999995, 0, 0, 0, 0, 0, 0, 0, 0.217764575, 0.0319375732, -0.189302515, -0.375606841, 0.600892137, -0.705585984, -0.924926758, -0.196289063, 0.325073242, 0.0568948486, 0.774791661, 0.629727638, 0, -0, 0, 0, 0, 0, 0, 0.262200732, 0.0988944336, -0.148875146, -0.104720675, 0.592356995, -0.798749168, -0.593994141, -0.681274414, -0.427490234, -0.797419129, 0.429750902, 0.4233437, 0, 3, 5, 1, 
819.490375, 70, 0.1, 0.1, 0.00896791073, 0.349257131, -0.0199696406, 0.971093026, -0.238701352, 8.61296201e-006, 0.238701351, 0.971093024, 6.26953686e-005, -2.33294565e-005, -5.88271095e-005, 0.999999998, 0.971092878, -0.238701954, -8.84139323e-006, 0.238701954, 0.971092876, 5.35881783e-005, -4.20578889e-006, -5.41495562e-005, 0.999999999, 0, 0, 0, 0, 0, 0, 0, 0.217764575, 0.0319375732, -0.189302515, -0.375606841, 0.600892137, -0.705585984, -0.924926758, -0.196289063, 0.325073242, 0.0568948486, 0.774791661, 0.629727638, 0, -0, 0, 0, 0, 0, 0, 0.262200732, 0.0988944336, -0.148875146, -0.104720675, 0.592356995, -0.798749168, -0.593994141, -0.681274414, -0.427490234, -0.797419129, 0.429750902, 0.4233437, 0, 3, 5, 1, 
819.491094, 70, 0.1, 0.1, 0.00896790805, 0.349257129, -0.0199712434, 0.971093815, -0.238698141, -9.37218313e-006, 0.23869814, 0.971093814, -4.8889013e-005, 2.07709856e-005, 4.52386955e-005, 0.999999999, 0.971093649, -0.238698815, 1.13470475e-005, 0.238698815, 0.971093649, -2.02595132e-005, -6.18312395e-006, 2.23824114e-005, 1, 0, 0, 0, 0, 0, 0, 0, 0.217764575, 0.0319375732, -0.189302515, -0.375606841, 0.600892137, -0.705585984, -0.924926758, -0.196289063, 0.325073242, 0.0568948486, 0.774791661, 0.629727638, 0, -0, 0, 0, 0, 0, 0, 0.262200732, 0.0988944336, -0.148875146, -0.104720675, 0.592356995, -0.798749168, -0.593994141, -0.681274414, -0.427490234, -0.797419129, 0.429750902, 0.4233437, 0, 3, 5, 1, 
819.49182, 70, 0.1, 0.1, 0.00896791269, 0.349257139, -0.019971968, 0.971094603, -0.238694936, -9.49786652e-006, 0.238694936, 0.971094603, -2.77669895e-006, 9.88611089e-006, 4.29344721e-007, 1, 0.971094437, -0.238695607, -2.37850758e-005, 0.238695606, 0.971094437, -3.66878863e-005, 3.18547921e-005, 2.99500092e-005, 0.999999999, 0, 0, 0, 0, 0, 0, 0, 0.217764575, 0.0319375732, -0.189302515, -0.377989354, 0.602483479, -0.702791594, -0.924316406, -0.203613281, 0.322631836, 0.0512161969, 0.77157341, 0.634105135, 0, -0, 0, 0, 0, 0, 0, 0.262200732, 0.0988944336, -0.148875146, -0.104720675, 0.592356995, -0.798749168, -0.593994141, -0.681274414, -0.427490234, -0.797419129, 0.429750902, 0.4233437, 0, 3, 5, 1, 
819.492527, 70, 0.1, 0.1, 0.00896790811, 0.349257125, -0.0199715965, 0.971095291, -0.238692135, 2.17877247e-005, 0.238692133, 0.971095289, 7.0694146e-005, -3.80320935e-005, -6.34501938e-005, 0.999999997, 0.971095162, -0.238692661, 2.80000637e-005, 0.238692658, 0.971095159, 8.14911088e-005, -4.66420559e-005, -7.24522118e-005, 0.999999996, 0, 0, 0, 0, 0, 0, 0, 0.219857959, 0.0293302002, -0.189146387, -0.377989354, 0.602483479, -0.702791594, -0.924316406, -0.203613281, 0.322631836, 0.0512161969, 0.77157341, 0.634105135, 0, -0, 0, 0, 0, 0, 0, 0.263041406, 0.0967015137, -0.148825732, -0.110165523, 0.589160808, -0.800385358, -0.584106445, -0.689819336, -0.427490234, -0.804005798, 0.420454752, 0.420225904, 0, 3, 5, 1, 
819.493216, 70, 0.1, 0.1, 0.00896790931, 0.349257128, -0.0199707285, 0.971095834, -0.238689925, -6.0977582e-006, 0.238689924, 0.971095833, -5.96881551e-005, 2.01684688e-005, 5.65074454e-005, 0.999999998, 0.971095742, -0.238690302, -1.27154049e-005, 0.238690302, 0.971095741, -4.70623068e-005, 2.35811918e-005, 4.26669619e-005, 0.999999999, 0, 0, 0, 0, 0, 0, 0, 0.219857959, 0.0293302002, -0.189146387, -0.377989354, 0.602483479, -0.702791594, -0.924316406, -0.203613281, 0.322631836, 0.0512161969, 0.77157341, 0.634105135, 0, -0, 0, 0, 0, 0, 0, 0.263041406, 0.0967015137, -0.148825732, -0.110165523, 0.589160808, -0.800385358, -0.584106445, -0.689819336, -0.427490234, -0.804005798, 0.420454752, 0.420225904, 0, 3, 5, 1, 
819.493908, 70, 0.1, 0.1, 0.00896790551, 0.349257133, -0.0199696809, 0.9710962, -0.238688436, 8.13055929e-006, 0.238688435, 0.9710962, 2.77186071e-005, -1.45116662e-005, -2.49767636e-005, 1, 0.971096143, -0.238688667, 2.50992367e-005, 0.238688667, 0.971096144, -3.03065985e-006, -2.36503879e-005, 8.93396545e-006, 1, 0, 0, 0, 0, 0, 0, 0, 0.219857959, 0.0293302002, -0.189146387, -0.377989354, 0.602483479, -0.702791594, -0.924316406, -0.203613281, 0.322631836, 0.0512161969, 0.77157341, 0.634105135, 0, -0, 0, 0, 0, 0, 0, 0.263041406, 0.0967015137, -0.148825732, -0.110165523, 0.589160808, -0.800385358, -0.584106445, -0.689819336, -0.427490234, -0.804005798, 0.420454752, 0.420225904, 0, 3, 5, 1, 
819.494598, 70, 0.1, 0.1, 0.00896790811, 0.349257123, -0.0199688096, 0.971096424, -0.238687526, 1.09575177e-005, 0.238687525, 0.971096424, 3.451629e-005, -1.88794141e-005, -3.0903223e-005, 0.999999999, 0.971096382, -0.238687696, -1.21961629e-005, 0.238687696, 0.971096381, 4.91959848e-005, 1.01173407e-007, -5.06851169e-005, 0.999999999, 0, 0, 0, 0, 0, 0, 0, 0.219857959, 0.0293302002, -0.189146387, -0.377989354, 0.602483479, -0.702791594, -0.924316406, -0.203613281, 0.322631836, 0.0512161969, 0.77157341, 0.634105135, 0, -0, 0, 0, 0, 0, 0, 0.263041406, 0.0967015137, -0.148825732, -0.110165523, 0.589160808, -0.800385358, -0.584106445, -0.689819336, -0.427490234, -0.804005798, 0.420454752, 0.420225904, 0, 3, 5, 1, 
819.495295, 70, 0.1, 0.1, 0.00896790537, 0.349257126, -0.0199682547, 0.971096714, -0.238686345, -1.21923205e-005, 0.238686344, 0.971096714, -1.58554386e-005, 1.5624399e-005, 1.24870239e-005, 1, 0.971096651, -0.238686604, 5.92778945e-007, 0.238686604, 0.97109665, -2.54070502e-005, 5.48867688e-006, 2.48141897e-005, 1, 0, 0, 0, 0, 0, 0, 0, 0.219857959, 0.0293302002, -0.189146387, -0.377989354, 0.602483479, -0.702791594, -0.924316406, -0.203613281, 0.322631836, 0.0512161969, 0.77157341, 0.634105135, 0, -0, 0, 0, 0, 0, 0, 0.263041406, 0.0967015137, -0.148825732, -0.110165523, 0.589160808, -0.800385358, -0.584106445, -0.689819336, -0.427490234, -0.804005798, 0.420454752, 0.420225904, 0, 3, 5, 1, 
819.495995, 70, 0.1, 0.1, 0.0089679043, 0.349257124, -0.0199681305, 0.971097085, -0.238684836, 2.34428498e-005, 0.238684836, 0.971097085, -2.38870495e-006, -2.21951354e-005, 7.91511716e-006, 1, 0.971097007, -0.238685152, 2.06329579e-005, 0.238685152, 0.971097007, 1.64915046e-005, -2.39728809e-005, -1.10900701e-005, 1, 0, 0, 0, 0, 0, 0, 0, 0.219857959, 0.0293302002, -0.189146387, -0.377989354, 0.602483479, -0.702791594, -0.924316406, -0.203613281, 0.322631836, 0.0512161969, 0.77157341, 0.634105135, 0, -0, 0, 0, 0, 0, 0, 0.263041406, 0.0967015137, -0.148825732, -0.110165523, 0.589160808, -0.800385358, -0.584106445, -0.689819336, -0.427490234, -0.804005798, 0.420454752, 0.420225904, 0, 3, 5, 1, 
819.496698, 70, 0.1, 0.1, 0.00896790634, 0.349257124, -0.0199684903, 0.971097525, -0.238683048, -1.58214768e-005, 0.238683049, 0.971097524, 2.56333349e-005, 9.24595439e-006, -2.86687864e-005, 1, 0.971097425, -0.238683454, -2.3930642e-005, 0.238683455, 0.971097425, 1.22644994e-005, 2.03116518e-005, -1.76218721e-005, 1, 0, 0, 0, 0, 0, 0, 0, 0.219857959, 0.0293302002, -0.189146387, -0.38134352, 0.604239572, -0.699622397, -0.923339844, -0.212890625, 0.319335938, 0.0440847447, 0.767834698, 0.639288413, 0, -0, 0, 0, 0, 0, 0, 0.263041406, 0.0967015137, -0.148825732, -0.110165523, 0.589160808, -0.800385358, -0.584106445, -0.689819336, -0.427490234, -0.804005798, 0.420454752, 0.420225904, 0, 3, 5, 1, 
