time, trialNum, realDorsalTactorPos, realVentralTactorPos, boxPosX, boxPosY, boxPosZ, boxLocalRot_11, boxLocalRot_12, boxLocalRot_13, boxLocalRot_21, boxLocalRot_22, boxLocalRot_23, boxLocalRot_31, boxLocalRot_32, boxLocalRot_33, boxGlobalRot_11, boxGlobalRot_12, boxGlobalRot_13, boxGlobalRot_21, boxGlobalRot_22, boxGlobalRot_23, boxGlobalRot_31, boxGlobalRot_32, boxGlobalRot_33, indexForceX, indexForceY, indexForceZ, indexForceGlobalX, indexForceGlobalY, indexForceGlobalZ, indexContact, indexPosX, indexPosY, indexPosZ, indexRot_11, indexRot_12, indexRot_13, indexRot_21, indexRot_22, indexRot_23, indexRot_31, indexRot_32, indexRot_33, thumbForceX, thumbForceY, thumbForceZ, thumbForceGlobalX, thumbForceGlobalY, thumbForceGlobalZ, thumbContact, thumbPosX, thumbPosY, thumbPosZ, thumbRot_11, thumbRot_12, thumbRot_13, thumbRot_21, thumbRot_22, thumbRot_23, thumbRot_31, thumbRot_32, thumbRot_33, manipForceTooHigh, cceExpType, mapping, trialSuccess, 
814.607835, 69, 0.1, 0.1, -0.00607944442, 0.34846229, -0.0199741526, 0.991319695, 1.61677238e-005, 0.131473427, 0.131473427, 5.22194461e-006, -0.991319695, -1.671393e-005, 1, 3.05099048e-006, 0.9913197, 1.67980429e-005, 0.131473387, 0.131473386, 9.40407935e-006, -0.9913197, -1.7888617e-005, 1, 7.11395354e-006, 0, 0, 0, 0, 0, 0, 0, 0.273617871, -0.0516194336, -0.210002759, -0.302354622, 0.720137501, -0.62433486, -0.95300293, -0.218383789, 0.209472656, 0.0145184454, 0.658391014, 0.752562668, 0, -0, 0, 0, 0, 0, 0, 0.296527832, 0.00755893555, -0.170382568, -0.137878742, 0.527416425, -0.838297045, -0.3125, -0.826171875, -0.468505859, -0.939726187, 0.197447015, 0.27876939, 0, 3, 5, 1, 
814.621532, 69, 0.1, 0.1, -0.00607943052, 0.348462294, -0.0199790668, 0.991318062, 1.63288481e-005, 0.13148574, 0.131485739, 1.1398231e-005, -0.991318062, -1.76857869e-005, 1, 9.15226156e-006, 0.991318051, 8.97240462e-006, 0.131485824, 0.131485824, 2.55757215e-005, -0.991318051, -1.22573515e-005, 1, 2.41739303e-005, 0, 0, 0, 0, 0, 0, 0, 0.282201147, -0.0611886963, -0.206610669, -0.327037622, 0.74478083, -0.581636043, -0.944702148, -0.243530273, 0.219360352, 0.0217648307, 0.621241664, 0.783371788, 0, -0, 0, 0, 0, 0, 0, 0.303269482, -0.00519414063, -0.168404932, -0.158083547, 0.512171561, -0.844080212, -0.274658203, -0.84387207, -0.460571289, -0.948355161, 0.159144645, 0.274233788, 0, 3, 5, 1, 
814.622231, 69, 0.1, 0.1, -0.00607943095, 0.348462298, -0.0199765639, 0.991318149, -1.23742089e-005, 0.131485084, 0.131485083, -2.04801721e-005, -0.991318149, 1.4959615e-005, 1, -1.86753424e-005, 0.991318129, -1.10789881e-005, 0.131485234, 0.131485233, -3.05823048e-005, -0.991318129, 1.50039233e-005, 0.999999999, -2.88600699e-005, 0, 0, 0, 0, 0, 0, 0, 0.282201147, -0.0611886963, -0.206610669, -0.327037622, 0.74478083, -0.581636043, -0.944702148, -0.243530273, 0.219360352, 0.0217648307, 0.621241664, 0.783371788, 0, -0, 0, 0, 0, 0, 0, 0.303269482, -0.00519414063, -0.168404932, -0.158083547, 0.512171561, -0.844080212, -0.274658203, -0.84387207, -0.460571289, -0.948355161, 0.159144645, 0.274233788, 0, 3, 5, 1, 
814.622942, 69, 0.1, 0.1, -0.00607943242, 0.348462296, -0.0199719683, 0.991318266, 2.66288425e-006, 0.131484201, 0.131484201, -1.29672617e-005, -0.991318266, -9.34775749e-007, 1, -1.32048106e-005, 0.991318242, 1.20104767e-005, 0.131484383, 0.131484383, 4.86894077e-006, -0.991318242, -1.25463943e-005, 1, 3.24747969e-006, 0, 0, 0, 0, 0, 0, 0, 0.282201147, -0.0611886963, -0.206610669, -0.327037622, 0.74478083, -0.581636043, -0.944702148, -0.243530273, 0.219360352, 0.0217648307, 0.621241664, 0.783371788, 0, -0, 0, 0, 0, 0, 0, 0.303269482, -0.00519414063, -0.168404932, -0.158083547, 0.512171561, -0.844080212, -0.274658203, -0.84387207, -0.460571289, -0.948355161, 0.159144645, 0.274233788, 0, 3, 5, 1, 
814.623729, 69, 0.1, 0.1, -0.00607942891, 0.348462297, -0.0199655975, 0.99131843, 8.72266245e-006, 0.131482964, 0.131482964, -4.55040811e-006, -0.99131843, -8.04863491e-006, 1, -5.65778494e-006, 0.991318399, -1.51777489e-005, 0.1314832, 0.1314832, 7.52107606e-007, -0.991318399, 1.49470922e-005, 1, 2.7411971e-006, 0, 0, 0, 0, 0, 0, 0, 0.283675562, -0.0625397217, -0.206102856, -0.333325102, 0.749378122, -0.572050563, -0.942382812, -0.248779297, 0.223266602, 0.0249853245, 0.613592376, 0.789269113, 0, -0, 0, 0, 0, 0, 0, 0.304443262, -0.00719042969, -0.168259814, -0.16343178, 0.508623928, -0.845147307, -0.26574707, -0.84765625, -0.458862305, -0.950021968, 0.149688814, 0.273876146, 0, 3, 5, 1, 
814.62443, 69, 0.1, 0.1, -0.00607942906, 0.348462296, -0.0199611165, 0.991318548, -2.66858281e-005, 0.131482074, 0.131482073, -2.37849798e-005, -0.991318548, 2.95814548e-005, 0.999999999, -2.00697837e-005, 0.991318531, -1.89405291e-005, 0.1314822, 0.1314822, -5.56004233e-007, -0.991318532, 1.88492021e-005, 1, 1.93916514e-006, 0, 0, 0, 0, 0, 0, 0, 0.283675562, -0.0625397217, -0.206102856, -0.333325102, 0.749378122, -0.572050563, -0.942382812, -0.248779297, 0.223266602, 0.0249853245, 0.613592376, 0.789269113, 0, -0, 0, 0, 0, 0, 0, 0.304443262, -0.00719042969, -0.168259814, -0.16343178, 0.508623928, -0.845147307, -0.26574707, -0.84765625, -0.458862305, -0.950021968, 0.149688814, 0.273876146, 0, 3, 5, 1, 
814.62513, 69, 0.1, 0.1, -0.00607943047, 0.348462295, -0.0199593552, 0.991318598, 2.01156007e-005, 0.1314817, 0.131481699, 3.99836595e-005, -0.991318597, -2.51980886e-005, 0.999999999, 3.69917119e-005, 0.991318594, 2.32222938e-005, 0.131481727, 0.131481727, 2.49388691e-005, -0.991318594, -2.62996972e-005, 0.999999999, 2.16690574e-005, 0, 0, 0, 0, 0, 0, 0, 0.283675562, -0.0625397217, -0.206102856, -0.333325102, 0.749378122, -0.572050563, -0.942382812, -0.248779297, 0.223266602, 0.0249853245, 0.613592376, 0.789269113, 0, -0, 0, 0, 0, 0, 0, 0.304443262, -0.00719042969, -0.168259814, -0.16343178, 0.508623928, -0.845147307, -0.26574707, -0.84765625, -0.458862305, -0.950021968, 0.149688814, 0.273876146, 0, 3, 5, 1, 
814.625901, 69, 0.1, 0.1, -0.00607942794, 0.348462293, -0.0199605122, 0.991318575, -6.91554163e-006, 0.131481875, 0.131481875, -1.30199183e-005, -0.991318575, 8.56738814e-006, 1, -1.19976185e-005, 0.991318585, -2.33138386e-005, 0.131481795, 0.131481794, -1.69433109e-005, -0.991318585, 2.53391784e-005, 1, -1.37308736e-005, 0, 0, 0, 0, 0, 0, 0, 0.283675562, -0.0625397217, -0.206102856, -0.339092121, 0.754159262, -0.562185756, -0.940185547, -0.25378418, 0.22668457, 0.0283705692, 0.605543194, 0.795369381, 0, -0, 0, 0, 0, 0, 0, 0.304443262, -0.00719042969, -0.168259814, -0.16343178, 0.508623928, -0.845147307, -0.26574707, -0.84765625, -0.458862305, -0.950021968, 0.149688814, 0.273876146, 0, 3, 5, 1, 
814.626615, 69, 0.1, 0.1, -0.00607943264, 0.348462291, -0.0199633712, 0.991318536, -4.37688127e-006, 0.131482169, 0.131482169, 1.02101041e-005, -0.991318536, 2.99643689e-006, 1, 1.06969473e-005, 0.99131854, 2.05001698e-005, 0.131482138, 0.131482138, 7.564466e-007, -0.99131854, -2.04216576e-005, 1, -1.94552661e-006, 0, 0, 0, 0, 0, 0, 0, 0.285177075, -0.0641058105, -0.205356909, -0.339092121, 0.754159262, -0.562185756, -0.940185547, -0.25378418, 0.22668457, 0.0283705692, 0.605543194, 0.795369381, 0, -0, 0, 0, 0, 0, 0, 0.30562876, -0.00915839844, -0.167883154, -0.168684132, 0.505414981, -0.846093, -0.257080078, -0.851196289, -0.457275391, -0.951433211, 0.140514065, 0.273531265, 0, 3, 5, 1, 
814.627314, 69, 0.1, 0.1, -0.00607943328, 0.348462292, -0.0199678158, 0.991318492, 2.62881062e-005, 0.131482497, 0.131482497, -1.86052655e-005, -0.991318492, -2.3613619e-005, 0.999999999, -2.19001695e-005, 0.991318504, 1.74525024e-005, 0.131482404, 0.131482404, -2.24702078e-005, -0.991318504, -1.43465517e-005, 1, -2.45698297e-005, 0, 0, 0, 0, 0, 0, 0, 0.285177075, -0.0641058105, -0.205356909, -0.339092121, 0.754159262, -0.562185756, -0.940185547, -0.25378418, 0.22668457, 0.0283705692, 0.605543194, 0.795369381, 0, -0, 0, 0, 0, 0, 0, 0.30562876, -0.00915839844, -0.167883154, -0.168684132, 0.505414981, -0.846093, -0.257080078, -0.851196289, -0.457275391, -0.951433211, 0.140514065, 0.273531265, 0, 3, 5, 1, 
814.628035, 69, 0.1, 0.1, -0.0060794327, 0.348462289, -0.0199725115, 0.991318405, -2.19623707e-005, 0.131483155, 0.131483156, 1.18527458e-005, -0.991318405, 2.02132659e-005, 1, 1.46375268e-005, 0.991318427, -2.14836443e-005, 0.131482988, 0.131482988, 2.06951209e-005, -0.991318427, 1.85760761e-005, 1, 2.33401885e-005, 0, 0, 0, 0, 0, 0, 0, 0.285177075, -0.0641058105, -0.205356909, -0.339092121, 0.754159262, -0.562185756, -0.940185547, -0.25378418, 0.22668457, 0.0283705692, 0.605543194, 0.795369381, 0, -0, 0, 0, 0, 0, 0, 0.30562876, -0.00915839844, -0.167883154, -0.168684132, 0.505414981, -0.846093, -0.257080078, -0.851196289, -0.457275391, -0.951433211, 0.140514065, 0.273531265, 0, 3, 5, 1, 
814.628782, 69, 0.1, 0.1, -0.00607943386, 0.348462289, -0.0199753038, 0.991318283, -4.85799685e-007, 0.131484078, 0.131484078, 1.51985639e-005, -0.991318282, -1.51678705e-006, 1, 1.51304892e-005, 0.991318306, 1.0898906e-005, 0.131483898, 0.131483898, 3.93767941e-007, -0.991318306, -1.08560591e-005, 1, -1.04268127e-006, 0, 0, 0, 0, 0, 0, 0, 0.285177075, -0.0641058105, -0.205356909, -0.339092121, 0.754159262, -0.562185756, -0.940185547, -0.25378418, 0.22668457, 0.0283705692, 0.605543194, 0.795369381, 0, -0, 0, 0, 0, 0, 0, 0.30562876, -0.00915839844, -0.167883154, -0.168684132, 0.505414981, -0.846093, -0.257080078, -0.851196289, -0.457275391, -0.951433211, 0.140514065, 0.273531265, 0, 3, 5, 1, 
814.629486, 69, 0.1, 0.1, -0.00607943099, 0.348462287, -0.0199759257, 0.991318145, 3.28368756e-006, 0.131485113, 0.131485113, -2.16903848e-005, -0.991318145, -4.0321635e-007, 1, -2.19338281e-005, 0.991318173, -1.52813566e-005, 0.131484901, 0.131484901, -1.9682909e-006, -0.991318173, 1.5407487e-005, 1, 5.806511e-008, 0, 0, 0, 0, 0, 0, 0, 0.285177075, -0.0641058105, -0.205356909, -0.339092121, 0.754159262, -0.562185756, -0.940185547, -0.25378418, 0.22668457, 0.0283705692, 0.605543194, 0.795369381, 0, -0, 0, 0, 0, 0, 0, 0.30562876, -0.00915839844, -0.167883154, -0.168684132, 0.505414981, -0.846093, -0.257080078, -0.851196289, -0.457275391, -0.951433211, 0.140514065, 0.273531265, 0, 3, 5, 1, 
814.630183, 69, 0.1, 0.1, -0.00607943139, 0.348462291, -0.0199746149, 0.991318027, -1.968564e-005, 0.131486002, 0.131486002, -4.57823799e-006, -0.991318027, 2.0116704e-005, 1, -1.95010374e-006, 0.991318046, -1.11896759e-005, 0.131485862, 0.131485861, -2.34052078e-005, -0.991318046, 1.41699815e-005, 1, -2.17307207e-005, 0, 0, 0, 0, 0, 0, 0, 0.285177075, -0.0641058105, -0.205356909, -0.339092121, 0.754159262, -0.562185756, -0.940185547, -0.25378418, 0.22668457, 0.0283705692, 0.605543194, 0.795369381, 0, -0, 0, 0, 0, 0, 0, 0.30562876, -0.00915839844, -0.167883154, -0.168684132, 0.505414981, -0.846093, -0.257080078, -0.851196289, -0.457275391, -0.951433211, 0.140514065, 0.273531265, 0, 3, 5, 1, 
814.630962, 69, 0.1, 0.1, -0.00607943273, 0.34846228, -0.0199709452, 0.991317982, 2.14853286e-005, 0.131486342, 0.131486341, 4.12040915e-005, -0.991317981, -2.67165678e-005, 0.999999999, 3.80213296e-005, 0.991317985, 2.0319514e-005, 0.13148632, 0.131486319, 5.40763326e-005, -0.991317984, -2.72533976e-005, 0.999999998, 5.09351029e-005, 0, 0, 0, 0, 0, 0, 0, 0.286734131, -0.0659135742, -0.204232837, -0.34379912, 0.758509428, -0.553597016, -0.938476562, -0.257202148, 0.230224609, 0.032205883, 0.598674599, 0.800435839, 0, -0, 0, 0, 0, 0, 0, 0.306856006, -0.0115601563, -0.167729248, -0.173514676, 0.501561113, -0.847409094, -0.251098633, -0.854614258, -0.454345703, -0.952186407, 0.133971871, 0.274374879, 0, 3, 5, 1, 
814.631663, 69, 0.1, 0.1, -0.00607943342, 0.348462284, -0.0199670145, 0.991317975, 5.562177e-006, 0.131486394, 0.131486394, -4.02265735e-005, -0.991317975, -2.24638947e-007, 0.999999999, -4.0608676e-005, 0.991317978, -4.75406439e-006, 0.131486371, 0.131486371, -4.47614275e-005, -0.991317977, 1.05983072e-005, 0.999999999, -4.37477132e-005, 0, 0, 0, 0, 0, 0, 0, 0.286734131, -0.0659135742, -0.204232837, -0.34379912, 0.758509428, -0.553597016, -0.938476562, -0.257202148, 0.230224609, 0.032205883, 0.598674599, 0.800435839, 0, -0, 0, 0, 0, 0, 0, 0.306856006, -0.0115601563, -0.167729248, -0.173514676, 0.501561113, -0.847409094, -0.251098633, -0.854614258, -0.454345703, -0.952186407, 0.133971871, 0.274374879, 0, 3, 5, 1, 
814.63236, 69, 0.1, 0.1, -0.0060794327, 0.348462279, -0.0199641384, 0.991317965, -4.35913342e-006, 0.131486472, 0.131486472, 6.1855553e-005, -0.991317963, -3.8118812e-006, 0.999999998, 6.1891688e-005, 0.991317964, -3.91966587e-006, 0.131486481, 0.131486481, 5.36916196e-005, -0.991317962, -3.17408695e-006, 0.999999999, 5.37408501e-005, 0, 0, 0, 0, 0, 0, 0, 0.286734131, -0.0659135742, -0.204232837, -0.34379912, 0.758509428, -0.553597016, -0.938476562, -0.257202148, 0.230224609, 0.032205883, 0.598674599, 0.800435839, 0, -0, 0, 0, 0, 0, 0, 0.306856006, -0.0115601563, -0.167729248, -0.173514676, 0.501561113, -0.847409094, -0.251098633, -0.854614258, -0.454345703, -0.952186407, 0.133971871, 0.274374879, 0, 3, 5, 1, 
814.633122, 69, 0.1, 0.1, -0.00607943328, 0.348462278, -0.0199626632, 0.99131797, 5.20762243e-006, 0.131486432, 0.131486432, -6.30929516e-005, -0.991317968, 3.13345742e-006, 0.999999998, -6.32299084e-005, 0.991317962, 1.35449773e-005, 0.131486492, 0.131486493, -3.50280533e-005, -0.991317962, -8.82166341e-006, 0.999999999, -3.650492e-005, 0, 0, 0, 0, 0, 0, 0, 0.286734131, -0.0659135742, -0.204232837, -0.34379912, 0.758509428, -0.553597016, -0.938476562, -0.257202148, 0.230224609, 0.032205883, 0.598674599, 0.800435839, 0, -0, 0, 0, 0, 0, 0, 0.306856006, -0.0115601563, -0.167729248, -0.173514676, 0.501561113, -0.847409094, -0.251098633, -0.854614258, -0.454345703, -0.952186407, 0.133971871, 0.274374879, 0, 3, 5, 1, 
814.633823, 69, 0.1, 0.1, -0.00607943529, 0.348462286, -0.0199629281, 0.991317987, -2.72948688e-006, 0.131486304, 0.131486304, 9.46026722e-006, -0.991317987, 1.46189387e-006, 1, 9.73702321e-006, 0.991317983, 1.63409074e-006, 0.13148634, 0.13148634, -2.80986809e-005, -0.991317982, 2.07468916e-006, 1, -2.80695882e-005, 0, 0, 0, 0, 0, 0, 0, 0.286734131, -0.0659135742, -0.204232837, -0.34379912, 0.758509428, -0.553597016, -0.938476562, -0.257202148, 0.230224609, 0.032205883, 0.598674599, 0.800435839, 0, -0, 0, 0, 0, 0, 0, 0.306856006, -0.0115601563, -0.167729248, -0.173514676, 0.501561113, -0.847409094, -0.251098633, -0.854614258, -0.454345703, -0.952186407, 0.133971871, 0.274374879, 0, 3, 5, 1, 
814.634519, 69, 0.1, 0.1, -0.00607943515, 0.348462278, -0.0199651708, 0.991318021, -1.1050454e-005, 0.131486047, 0.131486048, 1.096848e-005, -0.991318021, 9.51231213e-006, 1, 1.23262324e-005, 0.991318015, -4.14042771e-006, 0.131486093, 0.131486093, 3.47000577e-005, -0.991318015, -4.58094422e-007, 0.999999999, 3.4943201e-005, 0, 0, 0, 0, 0, 0, 0, 0.286734131, -0.0659135742, -0.204232837, -0.34379912, 0.758509428, -0.553597016, -0.938476562, -0.257202148, 0.230224609, 0.032205883, 0.598674599, 0.800435839, 0, -0, 0, 0, 0, 0, 0, 0.306856006, -0.0115601563, -0.167729248, -0.173514676, 0.501561113, -0.847409094, -0.251098633, -0.854614258, -0.454345703, -0.952186407, 0.133971871, 0.274374879, 0, 3, 5, 1, 
814.63525, 69, 0.1, 0.1, -0.00607943604, 0.348462286, -0.0199686371, 0.99131802, 3.15280828e-007, 0.131486057, 0.131486057, -3.3281429e-005, -0.991318019, 4.06350031e-006, 0.999999999, -3.30339353e-005, 0.991318018, 1.15544047e-006, 0.131486069, 0.131486069, -4.84802169e-005, -0.991318017, 5.22906418e-006, 0.999999999, -4.82112369e-005, 0, 0, 0, 0, 0, 0, 0, 0.286734131, -0.0659135742, -0.204232837, -0.34379912, 0.758509428, -0.553597016, -0.938476562, -0.257202148, 0.230224609, 0.032205883, 0.598674599, 0.800435839, 0, -0, 0, 0, 0, 0, 0, 0.306856006, -0.0115601563, -0.167729248, -0.173514676, 0.501561113, -0.847409094, -0.251098633, -0.854614258, -0.454345703, -0.952186407, 0.133971871, 0.274374879, 0, 3, 5, 1, 
814.636037, 69, 0.1, 0.1, -0.00607943636, 0.348462276, -0.0199711787, 0.991318008, 5.04503082e-007, 0.13148615, 0.13148615, 6.00812395e-005, -0.991318006, -8.39997389e-006, 0.999999998, 5.94932795e-005, 0.991318011, -8.43525918e-006, 0.131486126, 0.131486126, 6.07985763e-005, -0.991318009, 3.67855084e-007, 0.999999998, 6.13798433e-005, 0, 0, 0, 0, 0, 0, 0, 0.288072583, -0.0675137207, -0.203108032, -0.348473918, 0.762536085, -0.544964093, -0.936523437, -0.260375977, 0.23449707, 0.0370248322, 0.592104426, 0.805000931, 0, -0, 0, 0, 0, 0, 0, 0.308003662, -0.0137789551, -0.167561914, -0.179584756, 0.497457879, -0.848642067, -0.244262695, -0.858154297, -0.451416016, -0.952824398, 0.126298784, 0.275595458, 0, 3, 5, 1, 
814.636735, 69, 0.1, 0.1, -0.00607943629, 0.348462275, -0.0199725331, 0.991318001, -3.12604749e-006, 0.131486201, 0.131486201, -3.10515351e-005, -0.991318, 7.18175554e-006, 1, -3.03709136e-005, 0.991318002, -4.9826537e-006, 0.13148619, 0.13148619, -2.16791365e-005, -0.991318002, 7.78990139e-006, 1, -2.08357681e-005, 0, 0, 0, 0, 0, 0, 0, 0.288072583, -0.0675137207, -0.203108032, -0.348473918, 0.762536085, -0.544964093, -0.936523437, -0.260375977, 0.23449707, 0.0370248322, 0.592104426, 0.805000931, 0, -0, 0, 0, 0, 0, 0, 0.308003662, -0.0137789551, -0.167561914, -0.179584756, 0.497457879, -0.848642067, -0.244262695, -0.858154297, -0.451416016, -0.952824398, 0.126298784, 0.275595458, 0, 3, 5, 1, 
814.637432, 69, 0.1, 0.1, -0.00607943648, 0.348462274, -0.0199729434, 0.99131799, -8.66985046e-007, 0.131486284, 0.131486284, 3.50912668e-005, -0.991317989, -3.75456239e-006, 0.999999999, 3.49006007e-005, 0.991317988, -7.6696249e-006, 0.131486295, 0.131486296, 1.91626153e-005, -0.991317988, 5.08341583e-006, 1, 2.00046958e-005, 0, 0, 0, 0, 0, 0, 0, 0.288072583, -0.0675137207, -0.203108032, -0.348473918, 0.762536085, -0.544964093, -0.936523437, -0.260375977, 0.23449707, 0.0370248322, 0.592104426, 0.805000931, 0, -0, 0, 0, 0, 0, 0, 0.308003662, -0.0137789551, -0.167561914, -0.179584756, 0.497457879, -0.848642067, -0.244262695, -0.858154297, -0.451416016, -0.952824398, 0.126298784, 0.275595458, 0, 3, 5, 1, 
814.638235, 69, 0.1, 0.1, -0.00607943683, 0.34846227, -0.0199714342, 0.991317983, 1.01137328e-005, 0.131486334, 0.131486334, -1.7184104e-005, -0.991317983, -7.76645035e-006, 1, -1.8364729e-005, 0.991317985, 7.99241779e-006, 0.13148632, 0.13148632, -4.25571443e-006, -0.991317985, -7.36345927e-006, 1, -5.26965986e-006, 0, 0, 0, 0, 0, 0, 0, 0.288072583, -0.0675137207, -0.203108032, -0.348473918, 0.762536085, -0.544964093, -0.936523437, -0.260375977, 0.23449707, 0.0370248322, 0.592104426, 0.805000931, 0, -0, 0, 0, 0, 0, 0, 0.308003662, -0.0137789551, -0.167561914, -0.184172497, 0.493885093, -0.84979848, -0.237792969, -0.861206055, -0.448974609, -0.953552075, 0.119417905, 0.276087628, 0, 3, 5, 1, 
814.638926, 69, 0.1, 0.1, -0.00607943794, 0.34846227, -0.0199691184, 0.991317986, -2.00844175e-007, 0.131486316, 0.131486316, 7.60932251e-006, -0.991317986, -8.01421341e-007, 1, 7.56966652e-006, 0.991317986, 8.47728179e-006, 0.131486315, 0.131486315, 1.19680827e-005, -0.991317986, -9.977321e-006, 1, 1.07495291e-005, 0, 0, 0, 0, 0, 0, 0, 0.288072583, -0.0675137207, -0.203108032, -0.348473918, 0.762536085, -0.544964093, -0.936523437, -0.260375977, 0.23449707, 0.0370248322, 0.592104426, 0.805000931, 0, -0, 0, 0, 0, 0, 0, 0.308801025, -0.0159459961, -0.16695835, -0.184172497, 0.493885093, -0.84979848, -0.237792969, -0.861206055, -0.448974609, -0.953552075, 0.119417905, 0.276087628, 0, 3, 5, 1, 
814.639607, 69, 0.1, 0.1, -0.00607943568, 0.348462269, -0.0199672672, 0.991317989, 9.62414327e-006, 0.131486289, 0.131486288, 2.14774514e-005, -0.991317989, -1.23645767e-005, 1, 2.00255411e-005, 0.991317985, -1.14776363e-005, 0.131486319, 0.131486319, 1.33713239e-005, -0.991317985, 9.61984116e-006, 1, 1.4764386e-005, 0, 0, 0, 0, 0, 0, 0, 0.288072583, -0.0675137207, -0.203108032, -0.348473918, 0.762536085, -0.544964093, -0.936523437, -0.260375977, 0.23449707, 0.0370248322, 0.592104426, 0.805000931, 0, -0, 0, 0, 0, 0, 0, 0.308801025, -0.0159459961, -0.16695835, -0.184172497, 0.493885093, -0.84979848, -0.237792969, -0.861206055, -0.448974609, -0.953552075, 0.119417905, 0.276087628, 0, 3, 5, 1, 
814.640292, 69, 0.1, 0.1, -0.00607943759, 0.348462267, -0.0199663987, 0.991318033, -1.40086965e-005, 0.131485959, 0.131485959, -4.4898503e-006, -0.991318033, 1.44774257e-005, 1, -2.60892268e-006, 0.991318024, -5.66930897e-006, 0.131486027, 0.131486027, 8.66256259e-007, -0.991318024, 5.50618757e-006, 1, 1.60417036e-006, 0, 0, 0, 0, 0, 0, 0, 0.288072583, -0.0675137207, -0.203108032, -0.348473918, 0.762536085, -0.544964093, -0.936523437, -0.260375977, 0.23449707, 0.0370248322, 0.592104426, 0.805000931, 0, -0, 0, 0, 0, 0, 0, 0.308801025, -0.0159459961, -0.16695835, -0.184172497, 0.493885093, -0.84979848, -0.237792969, -0.861206055, -0.448974609, -0.953552075, 0.119417905, 0.276087628, 0, 3, 5, 1, 
814.640989, 69, 0.1, 0.1, -0.00607943711, 0.348462267, -0.0199665272, 0.991318078, -2.71871833e-006, 0.131485622, 0.131485622, -1.46414233e-005, -0.991318078, 4.62025128e-006, 1, -1.41568353e-005, 0.991318071, -6.46066232e-006, 0.13148567, 0.13148567, -8.35713292e-007, -0.991318071, 6.51445563e-006, 1, 2.10268263e-008, 0, 0, 0, 0, 0, 0, 0, 0.288994214, -0.0692854736, -0.202357935, -0.352659334, 0.767634743, -0.534972727, -0.934692383, -0.262451172, 0.239379883, 0.0433729659, 0.584499321, 0.810339602, 0, -0, 0, 0, 0, 0, 0, 0.308801025, -0.0159459961, -0.16695835, -0.184172497, 0.493885093, -0.84979848, -0.237792969, -0.861206055, -0.448974609, -0.953552075, 0.119417905, 0.276087628, 0, 3, 5, 1, 
814.64167, 69, 0.1, 0.1, -0.0060794378, 0.348462266, -0.01996769, 0.991318093, -8.00267257e-006, 0.131485508, 0.131485508, 7.40497388e-006, -0.991318093, 6.95954736e-006, 1, 8.39292005e-006, 0.99131809, -2.88078023e-007, 0.131485526, 0.131485526, 1.24277843e-005, -0.99131809, -1.3484968e-006, 1, 1.23577655e-005, 0, 0, 0, 0, 0, 0, 0, 0.288994214, -0.0692854736, -0.202357935, -0.352659334, 0.767634743, -0.534972727, -0.934692383, -0.262451172, 0.239379883, 0.0433729659, 0.584499321, 0.810339602, 0, -0, 0, 0, 0, 0, 0, 0.308801025, -0.0159459961, -0.16695835, -0.184172497, 0.493885093, -0.84979848, -0.237792969, -0.861206055, -0.448974609, -0.953552075, 0.119417905, 0.276087628, 0, 3, 5, 1, 
814.642384, 69, 0.1, 0.1, -0.00607943817, 0.348462265, -0.0199693888, 0.991318085, -3.60460639e-006, 0.131485568, 0.131485568, 2.02491811e-005, -0.991318085, 9.10836436e-007, 1, 2.05473331e-005, 0.991318087, -3.99272077e-006, 0.131485551, 0.131485551, 1.4800903e-005, -0.991318087, 2.01195142e-006, 1, 1.51973879e-005, 0, 0, 0, 0, 0, 0, 0, 0.288994214, -0.0692854736, -0.202357935, -0.352659334, 0.767634743, -0.534972727, -0.934692383, -0.262451172, 0.239379883, 0.0433729659, 0.584499321, 0.810339602, 0, -0, 0, 0, 0, 0, 0, 0.308801025, -0.0159459961, -0.16695835, -0.184172497, 0.493885093, -0.84979848, -0.237792969, -0.861206055, -0.448974609, -0.953552075, 0.119417905, 0.276087628, 0, 3, 5, 1, 
814.643097, 69, 0.1, 0.1, -0.00607943787, 0.348462267, -0.0199708406, 0.9913181, -2.05971709e-005, 0.131485453, 0.131485452, -3.76328125e-005, -0.991318099, 2.53665158e-005, 0.999999999, -3.45978598e-005, 0.991318093, -1.26632419e-005, 0.131485508, 0.131485508, -3.45291003e-005, -0.991318092, 1.70933771e-005, 0.999999999, -3.2564289e-005, 0, 0, 0, 0, 0, 0, 0, 0.290432275, -0.0713219727, -0.201047119, -0.355411045, 0.771839255, -0.527038121, -0.933349609, -0.263793945, 0.243041992, 0.0486288795, 0.578271755, 0.814397337, 0, -0, 0, 0, 0, 0, 0, 0.308801025, -0.0159459961, -0.16695835, -0.188530195, 0.489833265, -0.851101815, -0.232299805, -0.864257813, -0.446044922, -0.95413283, 0.113591362, 0.276809841, 0, 3, 5, 1, 
814.643784, 69, 0.1, 0.1, -0.00607943783, 0.348462265, -0.0199717106, 0.991318139, 1.0657965e-005, 0.131485161, 0.13148516, 3.64567887e-005, -0.991318138, -1.53589607e-005, 0.999999999, 3.47389117e-005, 0.991318132, 1.05594864e-005, 0.131485213, 0.131485212, 3.13209729e-005, -0.991318132, -1.45860551e-005, 0.999999999, 2.9660632e-005, 0, 0, 0, 0, 0, 0, 0, 0.290432275, -0.0713219727, -0.201047119, -0.355411045, 0.771839255, -0.527038121, -0.933349609, -0.263793945, 0.243041992, 0.0486288795, 0.578271755, 0.814397337, 0, -0, 0, 0, 0, 0, 0, 0.310063184, -0.018569043, -0.166359668, -0.188530195, 0.489833265, -0.851101815, -0.232299805, -0.864257813, -0.446044922, -0.95413283, 0.113591362, 0.276809841, 0, 3, 5, 1, 
814.644477, 69, 0.1, 0.1, -0.00607943695, 0.348462264, -0.019972006, 0.991318152, 1.07645295e-006, 0.131485062, 0.131485062, -1.98876658e-005, -0.991318152, 1.54782362e-006, 1, -1.98565415e-005, 0.991318153, -9.88114178e-006, 0.13148505, 0.13148505, -1.85225072e-005, -0.991318153, 1.2230788e-005, 1, -1.70624752e-005, 0, 0, 0, 0, 0, 0, 0, 0.290432275, -0.0713219727, -0.201047119, -0.355411045, 0.771839255, -0.527038121, -0.933349609, -0.263793945, 0.243041992, 0.0486288795, 0.578271755, 0.814397337, 0, -0, 0, 0, 0, 0, 0, 0.310063184, -0.018569043, -0.166359668, -0.188530195, 0.489833265, -0.851101815, -0.232299805, -0.864257813, -0.446044922, -0.95413283, 0.113591362, 0.276809841, 0, 3, 5, 1, 
814.645171, 69, 0.1, 0.1, -0.00607944067, 0.348462264, -0.019971612, 0.99131812, -2.42812771e-007, 0.1314853, 0.1314853, -8.36419903e-006, -0.99131812, 1.34047392e-006, 1, -8.25965575e-006, 0.991318128, 1.61135838e-005, 0.13148524, 0.13148524, 5.6231809e-006, -0.991318128, -1.67130531e-005, 1, 3.45566273e-006, 0, 0, 0, 0, 0, 0, 0, 0.290432275, -0.0713219727, -0.201047119, -0.355411045, 0.771839255, -0.527038121, -0.933349609, -0.263793945, 0.243041992, 0.0486288795, 0.578271755, 0.814397337, 0, -0, 0, 0, 0, 0, 0, 0.310063184, -0.018569043, -0.166359668, -0.188530195, 0.489833265, -0.851101815, -0.232299805, -0.864257813, -0.446044922, -0.95413283, 0.113591362, 0.276809841, 0, 3, 5, 1, 
814.645866, 69, 0.1, 0.1, -0.00607944163, 0.348462262, -0.0199707139, 0.991318099, 2.3100117e-005, 0.131485457, 0.131485457, 1.54807303e-005, -0.9913181, -2.4935055e-005, 1, 1.23089987e-005, 0.9913181, 1.51437032e-005, 0.131485453, 0.131485453, 1.82253482e-005, -0.9913181, -1.74085953e-005, 1, 1.60759409e-005, 0, 0, 0, 0, 0, 0, 0, 0.290432275, -0.0713219727, -0.201047119, -0.355411045, 0.771839255, -0.527038121, -0.933349609, -0.263793945, 0.243041992, 0.0486288795, 0.578271755, 0.814397337, 0, -0, 0, 0, 0, 0, 0, 0.310063184, -0.018569043, -0.166359668, -0.188530195, 0.489833265, -0.851101815, -0.232299805, -0.864257813, -0.446044922, -0.95413283, 0.113591362, 0.276809841, 0, 3, 5, 1, 
814.646554, 69, 0.1, 0.1, -0.00607944131, 0.348462261, -0.0199696276, 0.991318113, -2.01056822e-005, 0.131485351, 0.131485351, 3.22384837e-006, -0.991318114, 1.95072381e-005, 1, 5.83946197e-006, 0.99131811, -1.90927718e-005, 0.131485377, 0.131485377, -2.88301829e-006, -0.99131811, 1.93060852e-005, 1, -3.47567944e-007, 0, 0, 0, 0, 0, 0, 0, 0.290432275, -0.0713219727, -0.201047119, -0.355411045, 0.771839255, -0.527038121, -0.933349609, -0.263793945, 0.243041992, 0.0486288795, 0.578271755, 0.814397337, 0, -0, 0, 0, 0, 0, 0, 0.310063184, -0.018569043, -0.166359668, -0.188530195, 0.489833265, -0.851101815, -0.232299805, -0.864257813, -0.446044922, -0.95413283, 0.113591362, 0.276809841, 0, 3, 5, 1, 
814.647245, 69, 0.1, 0.1, -0.00607944301, 0.348462261, -0.0199686902, 0.991318132, 2.57915901e-006, 0.131485211, 0.131485211, 1.11258466e-005, -0.991318132, -4.01965139e-006, 1, 1.06901322e-005, 0.99131813, 1.61624173e-005, 0.13148523, 0.13148523, -3.4539049e-006, -0.99131813, -1.55679598e-005, 1, -5.54903771e-006, 0, 0, 0, 0, 0, 0, 0, 0.290432275, -0.0713219727, -0.201047119, -0.355411045, 0.771839255, -0.527038121, -0.933349609, -0.263793945, 0.243041992, 0.0486288795, 0.578271755, 0.814397337, 0, -0, 0, 0, 0, 0, 0, 0.310063184, -0.018569043, -0.166359668, -0.188530195, 0.489833265, -0.851101815, -0.232299805, -0.864257813, -0.446044922, -0.95413283, 0.113591362, 0.276809841, 0, 3, 5, 1, 
814.647961, 69, 0.1, 0.1, -0.00607944025, 0.34846226, -0.0199680371, 0.991318109, 8.49007841e-006, 0.131485388, 0.131485388, 3.56792814e-006, -0.991318109, -8.88549889e-006, 1, 2.42063052e-006, 0.991318117, -1.2534935e-005, 0.131485323, 0.131485323, -6.43275566e-006, -0.991318117, 1.32719212e-005, 1, -4.72874724e-006, 0, 0, 0, 0, 0, 0, 0, 0.291967603, -0.0724871094, -0.199895215, -0.360562122, 0.775668959, -0.517884736, -0.931152344, -0.267944336, 0.246826172, 0.0527817122, 0.571238409, 0.81912718, 0, -0, 0, 0, 0, 0, 0, 0.310063184, -0.018569043, -0.166359668, -0.193482141, 0.48648396, -0.851894024, -0.224853516, -0.8671875, -0.444091797, -0.954898786, 0.10575203, 0.27734029, 0, 3, 5, 1, 
814.648647, 69, 0.1, 0.1, -0.0060794409, 0.34846226, -0.0199678165, 0.991318073, -2.05948312e-005, 0.131485653, 0.131485653, -1.69390513e-005, -0.991318073, 2.26432706e-005, 1, -1.40840629e-005, 0.991318081, -1.15739782e-005, 0.1314856, 0.1314856, -1.27305793e-005, -0.991318081, 1.31473817e-005, 1, -1.10982419e-005, 0, 0, 0, 0, 0, 0, 0, 0.291967603, -0.0724871094, -0.199895215, -0.360562122, 0.775668959, -0.517884736, -0.931152344, -0.267944336, 0.246826172, 0.0527817122, 0.571238409, 0.81912718, 0, -0, 0, 0, 0, 0, 0, 0.311282129, -0.0205182129, -0.165731201, -0.193482141, 0.48648396, -0.851894024, -0.224853516, -0.8671875, -0.444091797, -0.954898786, 0.10575203, 0.27734029, 0, 3, 5, 1, 
814.649331, 69, 0.1, 0.1, -0.00607944174, 0.348462259, -0.0199682549, 0.991318062, 2.03603958e-005, 0.131485743, 0.131485743, -7.42579973e-007, -0.991318062, -2.00859894e-005, 1, -3.41323469e-006, 0.99131806, 1.88721414e-005, 0.131485755, 0.131485755, 1.27519522e-005, -0.99131806, -2.03849947e-005, 1, 1.01598228e-005, 0, 0, 0, 0, 0, 0, 0, 0.291967603, -0.0724871094, -0.199895215, -0.360562122, 0.775668959, -0.517884736, -0.931152344, -0.267944336, 0.246826172, 0.0527817122, 0.571238409, 0.81912718, 0, -0, 0, 0, 0, 0, 0, 0.311282129, -0.0205182129, -0.165731201, -0.193482141, 0.48648396, -0.851894024, -0.224853516, -0.8671875, -0.444091797, -0.954898786, 0.10575203, 0.27734029, 0, 3, 5, 1, 
814.650021, 69, 0.1, 0.1, -0.00607944005, 0.348462257, -0.0199691703, 0.991318096, -9.28191522e-006, 0.131485482, 0.131485482, 1.3480496e-005, -0.991318096, 7.42884101e-006, 1, 1.45838967e-005, 0.991318087, -2.01657319e-005, 0.13148555, 0.131485551, 1.69046414e-005, -0.991318087, 1.77679387e-005, 1, 1.94093791e-005, 0, 0, 0, 0, 0, 0, 0, 0.291967603, -0.0724871094, -0.199895215, -0.360562122, 0.775668959, -0.517884736, -0.931152344, -0.267944336, 0.246826172, 0.0527817122, 0.571238409, 0.81912718, 0, -0, 0, 0, 0, 0, 0, 0.311282129, -0.0205182129, -0.165731201, -0.193482141, 0.48648396, -0.851894024, -0.224853516, -0.8671875, -0.444091797, -0.954898786, 0.10575203, 0.27734029, 0, 3, 5, 1, 
814.650725, 69, 0.1, 0.1, -0.00607944222, 0.348462255, -0.0199702367, 0.991318135, -1.24366819e-005, 0.131485189, 0.131485189, 1.57253751e-005, -0.991318135, 1.02610544e-005, 1, 1.7224089e-005, 0.99131813, 7.83569224e-006, 0.131485224, 0.131485224, 1.48721053e-005, -0.99131813, -9.72312589e-006, 1, 1.37127099e-005, 0, 0, 0, 0, 0, 0, 0, 0.291967603, -0.0724871094, -0.199895215, -0.360562122, 0.775668959, -0.517884736, -0.931152344, -0.267944336, 0.246826172, 0.0527817122, 0.571238409, 0.81912718, 0, -0, 0, 0, 0, 0, 0, 0.311282129, -0.0205182129, -0.165731201, -0.193482141, 0.48648396, -0.851894024, -0.224853516, -0.8671875, -0.444091797, -0.954898786, 0.10575203, 0.27734029, 0, 3, 5, 1, 
814.651415, 69, 0.1, 0.1, -0.00607944167, 0.348462254, -0.0199709615, 0.991318126, 1.72166426e-005, 0.131485253, 0.131485253, 9.64759956e-006, -0.991318127, -1.83356869e-005, 1, 7.30010571e-006, 0.991318133, 1.02940193e-005, 0.131485208, 0.131485208, -3.6641102e-006, -0.991318133, -9.72287168e-006, 1, -4.98581015e-006, 0, 0, 0, 0, 0, 0, 0, 0.291967603, -0.0724871094, -0.199895215, -0.360562122, 0.775668959, -0.517884736, -0.931152344, -0.267944336, 0.246826172, 0.0527817122, 0.571238409, 0.81912718, 0, -0, 0, 0, 0, 0, 0, 0.311282129, -0.0205182129, -0.165731201, -0.193482141, 0.48648396, -0.851894024, -0.224853516, -0.8671875, -0.444091797, -0.954898786, 0.10575203, 0.27734029, 0, 3, 5, 1, 
814.652103, 69, 0.1, 0.1, -0.00607944116, 0.348462255, -0.0199713376, 0.991318094, -1.68135307e-005, 0.131485501, 0.131485501, -1.2441058e-005, -0.991318094, 1.83033759e-005, 1, -1.01223103e-005, 0.991318099, -1.70632153e-005, 0.131485457, 0.131485457, -1.63440174e-005, -0.9913181, 1.90640748e-005, 1, -1.39585556e-005, 0, 0, 0, 0, 0, 0, 0, 0.291967603, -0.0724871094, -0.199895215, -0.360562122, 0.775668959, -0.517884736, -0.931152344, -0.267944336, 0.246826172, 0.0527817122, 0.571238409, 0.81912718, 0, -0, 0, 0, 0, 0, 0, 0.311282129, -0.0205182129, -0.165731201, -0.193482141, 0.48648396, -0.851894024, -0.224853516, -0.8671875, -0.444091797, -0.954898786, 0.10575203, 0.27734029, 0, 3, 5, 1, 
814.65281, 69, 0.1, 0.1, -0.0060794432, 0.348462254, -0.0199711917, 0.991318082, 7.86974349e-006, 0.131485589, 0.131485589, -1.1384649e-006, -0.991318082, -7.65172729e-006, 1, -2.1633387e-006, 0.991318084, 1.70222398e-005, 0.131485577, 0.131485577, 5.8038901e-006, -0.991318084, -1.7637582e-005, 1, 3.51532219e-006, 0, 0, 0, 0, 0, 0, 0, 0.293010669, -0.0733732178, -0.19970437, -0.366803175, 0.780697225, -0.505748244, -0.928222656, -0.272094727, 0.253295898, 0.0601969785, 0.562408534, 0.824744057, 0, -0, 0, 0, 0, 0, 0, 0.311282129, -0.0205182129, -0.165731201, -0.193482141, 0.48648396, -0.851894024, -0.224853516, -0.8671875, -0.444091797, -0.954898786, 0.10575203, 0.27734029, 0, 3, 5, 1, 
814.653516, 69, 0.1, 0.1, -0.00607944132, 0.348462254, -0.0199704123, 0.991318079, 9.42593765e-006, 0.131485615, 0.131485615, -2.8240635e-007, -0.991318079, -9.30697002e-006, 1, -1.51932973e-006, 0.991318081, -8.88193434e-006, 0.1314856, 0.1314856, -6.6074164e-006, -0.991318081, 9.67360221e-006, 1, -5.38220488e-006, 0, 0, 0, 0, 0, 0, 0, 0.293010669, -0.0733732178, -0.19970437, -0.366803175, 0.780697225, -0.505748244, -0.928222656, -0.272094727, 0.253295898, 0.0601969785, 0.562408534, 0.824744057, 0, -0, 0, 0, 0, 0, 0, 0.312208496, -0.0223543457, -0.165643799, -0.199750181, 0.484674596, -0.85144633, -0.219604492, -0.869018555, -0.443115234, -0.954821127, 0.0984427815, 0.280087684, 0, 3, 5, 1, 
814.654252, 69, 0.1, 0.1, -0.00607944238, 0.348462252, -0.0199688822, 0.991318045, -1.87967032e-005, 0.131485864, 0.131485864, -1.32593751e-005, -0.991318046, 2.03769315e-005, 1, -1.0672757e-005, 0.991318052, -1.03020763e-005, 0.131485818, 0.131485818, -6.07341248e-006, -0.991318052, 1.10112019e-005, 1, -4.66610649e-006, 0, 0, 0, 0, 0, 0, 0, 0.293010669, -0.0733732178, -0.19970437, -0.366803175, 0.780697225, -0.505748244, -0.928222656, -0.272094727, 0.253295898, 0.0601969785, 0.562408534, 0.824744057, 0, -0, 0, 0, 0, 0, 0, 0.312208496, -0.0223543457, -0.165643799, -0.199750181, 0.484674596, -0.85144633, -0.219604492, -0.869018555, -0.443115234, -0.954821127, 0.0984427815, 0.280087684, 0, 3, 5, 1, 
814.654944, 69, 0.1, 0.1, -0.00607944366, 0.348462251, -0.0199677948, 0.991318034, 2.21126943e-005, 0.131485947, 0.131485947, -1.15518263e-005, -0.991318035, -2.04018098e-005, 1, -1.43590423e-005, 0.991318032, 2.11265502e-005, 0.131485962, 0.131485962, 4.84583419e-006, -0.991318033, -2.15802894e-005, 1, 2.02591803e-006, 0, 0, 0, 0, 0, 0, 0, 0.293010669, -0.0733732178, -0.19970437, -0.366803175, 0.780697225, -0.505748244, -0.928222656, -0.272094727, 0.253295898, 0.0601969785, 0.562408534, 0.824744057, 0, -0, 0, 0, 0, 0, 0, 0.312208496, -0.0223543457, -0.165643799, -0.199750181, 0.484674596, -0.85144633, -0.219604492, -0.869018555, -0.443115234, -0.954821127, 0.0984427815, 0.280087684, 0, 3, 5, 1, 
814.655665, 69, 0.1, 0.1, -0.0060794415, 0.348462252, -0.0199671089, 0.991318076, -1.09006752e-005, 0.131485632, 0.131485632, -2.08741926e-006, -0.991318076, 1.1080502e-005, 1, -6.36014276e-007, 0.991318066, -2.29353881e-005, 0.13148571, 0.13148571, 2.04681458e-006, -0.991318066, 2.24671377e-005, 1, 5.04472006e-006, 0, 0, 0, 0, 0, 0, 0, 0.29454502, -0.0747330322, -0.1993573, -0.372136977, 0.785135759, -0.494868723, -0.92565918, -0.275390625, 0.259033203, 0.0670977745, 0.554537207, 0.82944769, 0, -0, 0, 0, 0, 0, 0, 0.313612842, -0.0244317871, -0.165586426, -0.205519856, 0.482449988, -0.851324562, -0.214111328, -0.87097168, -0.441894531, -0.954813831, 0.0915808594, 0.282432594, 0, 3, 5, 1, 
814.656358, 69, 0.1, 0.1, -0.00607944354, 0.348462251, -0.0199671223, 0.991318121, -1.27115345e-005, 0.131485296, 0.131485296, 9.5138817e-007, -0.991318121, 1.2476081e-005, 1, 2.61450821e-006, 0.991318111, 8.79135753e-006, 0.131485371, 0.131485371, -1.07060041e-006, -0.991318111, -8.57426365e-006, 1, -2.21724048e-006, 0, 0, 0, 0, 0, 0, 0, 0.29454502, -0.0747330322, -0.1993573, -0.372136977, 0.785135759, -0.494868723, -0.92565918, -0.275390625, 0.259033203, 0.0670977745, 0.554537207, 0.82944769, 0, -0, 0, 0, 0, 0, 0, 0.313612842, -0.0244317871, -0.165586426, -0.205519856, 0.482449988, -0.851324562, -0.214111328, -0.87097168, -0.441894531, -0.954813831, 0.0915808594, 0.282432594, 0, 3, 5, 1, 
814.657055, 69, 0.1, 0.1, -0.00607944283, 0.348462251, -0.0199678859, 0.991318159, 2.05450866e-005, 0.131485005, 0.131485005, -3.59845552e-007, -0.99131816, -2.03194031e-005, 1, -3.05809225e-006, 0.991318152, 1.0078108e-005, 0.131485065, 0.131485065, 3.21365737e-006, -0.991318152, -1.04131593e-005, 1, 1.86063619e-006, 0, 0, 0, 0, 0, 0, 0, 0.29454502, -0.0747330322, -0.1993573, -0.372136977, 0.785135759, -0.494868723, -0.92565918, -0.275390625, 0.259033203, 0.0670977745, 0.554537207, 0.82944769, 0, -0, 0, 0, 0, 0, 0, 0.313612842, -0.0244317871, -0.165586426, -0.205519856, 0.482449988, -0.851324562, -0.214111328, -0.87097168, -0.441894531, -0.954813831, 0.0915808594, 0.282432594, 0, 3, 5, 1, 
814.657757, 69, 0.1, 0.1, -0.00607944216, 0.348462251, -0.0199691041, 0.991318194, -1.97930482e-005, 0.131484745, 0.131484745, -4.69127907e-007, -0.991318194, 1.9682892e-005, 1, 2.13742888e-006, 0.991318187, -2.00271671e-005, 0.131484794, 0.131484794, -5.44120789e-006, -0.991318188, 2.05687311e-005, 1, -2.7607004e-006, 0, 0, 0, 0, 0, 0, 0, 0.29454502, -0.0747330322, -0.1993573, -0.372136977, 0.785135759, -0.494868723, -0.92565918, -0.275390625, 0.259033203, 0.0670977745, 0.554537207, 0.82944769, 0, -0, 0, 0, 0, 0, 0, 0.313612842, -0.0244317871, -0.165586426, -0.205519856, 0.482449988, -0.851324562, -0.214111328, -0.87097168, -0.441894531, -0.954813831, 0.0915808594, 0.282432594, 0, 3, 5, 1, 
814.658452, 69, 0.1, 0.1, -0.00607944436, 0.34846225, -0.01997036, 0.991318224, 9.50421009e-006, 0.131484522, 0.131484522, -4.90024819e-007, -0.991318224, -9.35726599e-006, 1, -1.73542705e-006, 0.991318218, 1.88498633e-005, 0.13148456, 0.13148456, 5.18329826e-006, -0.991318219, -1.93677366e-005, 1, 2.65983202e-006, 0, 0, 0, 0, 0, 0, 0, 0.29454502, -0.0747330322, -0.1993573, -0.372136977, 0.785135759, -0.494868723, -0.92565918, -0.275390625, 0.259033203, 0.0670977745, 0.554537207, 0.82944769, 0, -0, 0, 0, 0, 0, 0, 0.313612842, -0.0244317871, -0.165586426, -0.205519856, 0.482449988, -0.851324562, -0.214111328, -0.87097168, -0.441894531, -0.954813831, 0.0915808594, 0.282432594, 0, 3, 5, 1, 
814.659143, 69, 0.1, 0.1, -0.00607944282, 0.34846225, -0.0199713543, 0.99131825, 9.55206984e-006, 0.131484321, 0.131484321, 5.73261565e-006, -0.99131825, -1.02228902e-005, 1, 4.4268991e-006, 0.991318246, -7.8604404e-006, 0.13148435, 0.13148435, -1.33651471e-006, -0.991318246, 7.96792876e-006, 1, -2.9138652e-007, 0, 0, 0, 0, 0, 0, 0, 0.29454502, -0.0747330322, -0.1993573, -0.372136977, 0.785135759, -0.494868723, -0.92565918, -0.275390625, 0.259033203, 0.0670977745, 0.554537207, 0.82944769, 0, -0, 0, 0, 0, 0, 0, 0.313612842, -0.0244317871, -0.165586426, -0.205519856, 0.482449988, -0.851324562, -0.214111328, -0.87097168, -0.441894531, -0.954813831, 0.0915808594, 0.282432594, 0, 3, 5, 1, 
