time, trialNum, realDorsalTactorPos, realVentralTactorPos, boxPosX, boxPosY, boxPosZ, boxLocalRot_11, boxLocalRot_12, boxLocalRot_13, boxLocalRot_21, boxLocalRot_22, boxLocalRot_23, boxLocalRot_31, boxLocalRot_32, boxLocalRot_33, boxGlobalRot_11, boxGlobalRot_12, boxGlobalRot_13, boxGlobalRot_21, boxGlobalRot_22, boxGlobalRot_23, boxGlobalRot_31, boxGlobalRot_32, boxGlobalRot_33, indexForceX, indexForceY, indexForceZ, indexForceGlobalX, indexForceGlobalY, indexForceGlobalZ, indexContact, indexPosX, indexPosY, indexPosZ, indexRot_11, indexRot_12, indexRot_13, indexRot_21, indexRot_22, indexRot_23, indexRot_31, indexRot_32, indexRot_33, thumbForceX, thumbForceY, thumbForceZ, thumbForceGlobalX, thumbForceGlobalY, thumbForceGlobalZ, thumbContact, thumbPosX, thumbPosY, thumbPosZ, thumbRot_11, thumbRot_12, thumbRot_13, thumbRot_21, thumbRot_22, thumbRot_23, thumbRot_31, thumbRot_32, thumbRot_33, manipForceTooHigh, cceExpType, mapping, trialSuccess, 
930.648332, 69, 0.1, 0.1, 0.00335491172, 0.361623739, -0.0199719082, 0.999552524, -1.29999633e-005, 0.0299123976, 0.0299123978, 1.66606266e-005, -0.999552524, 1.24957869e-005, 1, 1.70420315e-005, 0.999552521, -3.81944989e-007, 0.0299125153, 0.0299125153, 1.7198723e-005, -0.99955252, -1.3268299e-007, 1, 1.72024519e-005, 0, 0, 0, 0, 0, 0, 0, 0.315311401, -0.158040039, -0.147207349, -0.327590259, 0.6756174, -0.660434669, -0.944580078, -0.248413086, 0.214477539, -0.0191801624, 0.694115634, 0.719719632, 0, 0, 0, 0, 0, 0, 0, 0.337805029, -0.112541357, -0.119708838, -0.1562967, 0.219200855, -0.963060919, 0.518798828, -0.811401367, -0.268798828, -0.840399257, -0.54170027, 0.0130516815, 0, 3, 5, 1, 
930.675736, 69, 0.1, 0.1, 0.00335491919, 0.361623757, -0.019971306, 0.999552518, 1.19657358e-005, 0.0299125914, 0.0299125913, 8.82147413e-006, -0.999552518, -1.22242545e-005, 1, 8.45960051e-006, 0.99955252, -4.0598064e-006, 0.0299125335, 0.0299125335, 1.88889213e-005, -0.99955252, 3.49297422e-006, 1, 1.9001908e-005, 0, 0, 0, 0, 0, 0, 0, 0.309354321, -0.153803564, -0.140933545, -0.346750026, 0.698442095, -0.626030656, -0.93737793, -0.234985352, 0.256958008, 0.0323024848, 0.67591671, 0.736393528, 0, 0, 0, 0, 0, 0, 0, 0.332743945, -0.11170166, -0.114655322, -0.195539299, 0.232808395, -0.952617082, 0.520019531, -0.798828125, -0.302001953, -0.83139035, -0.554385472, 0.0351383764, 0, 3, 5, 1, 
930.676424, 69, 0.1, 0.1, 0.00335491851, 0.361623759, -0.019972852, 0.999552518, -2.37728683e-006, 0.0299125974, 0.0299125975, 1.11167199e-005, -0.999552518, 2.04369307e-006, 1, 1.11828562e-005, 0.999552517, -6.10676195e-006, 0.0299126219, 0.0299126219, -6.39880089e-006, -0.999552517, 6.2954342e-006, 1, -6.21326827e-006, 0, 0, 0, 0, 0, 0, 0, 0.309354321, -0.153803564, -0.140933545, -0.346750026, 0.698442095, -0.626030656, -0.93737793, -0.234985352, 0.256958008, 0.0323024848, 0.67591671, 0.736393528, 0, 0, 0, 0, 0, 0, 0, 0.332272656, -0.110791602, -0.114088477, -0.195539299, 0.232808395, -0.952617082, 0.520019531, -0.798828125, -0.302001953, -0.83139035, -0.554385472, 0.0351383764, 0, 3, 5, 1, 
930.677125, 69, 0.1, 0.1, 0.00335491765, 0.361623757, -0.0199733542, 0.999552526, -6.85881843e-006, 0.0299123497, 0.0299123496, -1.50322381e-005, -0.999552525, 7.30539885e-006, 1, -1.48203482e-005, 0.999552524, -2.9732958e-006, 0.0299123976, 0.0299123976, -6.837995e-006, -0.999552524, 3.17650615e-006, 1, -6.74599675e-006, 0, 0, 0, 0, 0, 0, 0, 0.309354321, -0.153803564, -0.140933545, -0.346750026, 0.698442095, -0.626030656, -0.93737793, -0.234985352, 0.256958008, 0.0323024848, 0.67591671, 0.736393528, 0, 0, 0, 0, 0, 0, 0, 0.332272656, -0.110791602, -0.114088477, -0.195539299, 0.232808395, -0.952617082, 0.520019531, -0.798828125, -0.302001953, -0.83139035, -0.554385472, 0.0351383764, 0, 3, 5, 1, 
930.677819, 69, 0.1, 0.1, 0.00335491717, 0.361623756, -0.0199727809, 0.999552529, -8.29237941e-006, 0.0299122482, 0.0299122483, 1.80995896e-005, -0.999552528, 7.74726939e-006, 1, 1.83395343e-005, 0.999552529, 5.21443951e-006, 0.0299122416, 0.0299122415, 1.97145056e-005, -0.999552529, -5.80181125e-006, 1, 1.95497083e-005, 0, 0, 0, 0, 0, 0, 0, 0.309354321, -0.153803564, -0.140933545, -0.346750026, 0.698442095, -0.626030656, -0.93737793, -0.234985352, 0.256958008, 0.0323024848, 0.67591671, 0.736393528, 0, 0, 0, 0, 0, 0, 0, 0.332272656, -0.110791602, -0.114088477, -0.195539299, 0.232808395, -0.952617082, 0.520019531, -0.798828125, -0.302001953, -0.83139035, -0.554385472, 0.0351383764, 0, 3, 5, 1, 
930.678505, 69, 0.1, 0.1, 0.00335491736, 0.361623758, -0.0199713842, 0.999552522, 3.4420537e-006, 0.029912468, 0.029912468, -6.50929805e-006, -0.999552522, -3.24580429e-006, 1, -6.6093456e-006, 0.999552524, 8.86804162e-006, 0.0299124095, 0.0299124097, -1.62602028e-005, -0.999552524, -8.37769153e-006, 1, -1.65181913e-005, 0, 0, 0, 0, 0, 0, 0, 0.309354321, -0.153803564, -0.140933545, -0.346750026, 0.698442095, -0.626030656, -0.93737793, -0.234985352, 0.256958008, 0.0323024848, 0.67591671, 0.736393528, 0, 0, 0, 0, 0, 0, 0, 0.332272656, -0.110791602, -0.114088477, -0.195539299, 0.232808395, -0.952617082, 0.520019531, -0.798828125, -0.302001953, -0.83139035, -0.554385472, 0.0351383764, 0, 3, 5, 1, 
930.6792, 69, 0.1, 0.1, 0.00335491865, 0.361623755, -0.0199695742, 0.999552515, 6.63579515e-006, 0.0299127119, 0.029912712, -9.67243354e-006, -0.999552515, -6.34349701e-006, 1, -9.8665999e-006, 0.999552515, 2.32352961e-006, 0.0299126888, 0.0299126888, 9.66381829e-006, -0.999552515, -2.61156065e-006, 1, 9.58999086e-006, 0, 0, 0, 0, 0, 0, 0, 0.309354321, -0.153803564, -0.140933545, -0.346750026, 0.698442095, -0.626030656, -0.93737793, -0.234985352, 0.256958008, 0.0323024848, 0.67591671, 0.736393528, 0, 0, 0, 0, 0, 0, 0, 0.332272656, -0.110791602, -0.114088477, -0.195539299, 0.232808395, -0.952617082, 0.520019531, -0.798828125, -0.302001953, -0.83139035, -0.554385472, 0.0351383764, 0, 3, 5, 1, 
930.679987, 69, 0.1, 0.1, 0.00335492014, 0.361623754, -0.0199671712, 0.999552519, 7.16807753e-006, 0.0299125576, 0.0299125574, 3.47282044e-005, -0.999552519, -8.20367936e-006, 0.999999999, 3.44982487e-005, 0.999552517, -8.81333415e-006, 0.0299126254, 0.0299126256, 2.54718269e-005, -0.999552517, 8.04746112e-006, 1, 2.57240587e-005, 0, 0, 0, 0, 0, 0, 0, 0.309354321, -0.153803564, -0.140933545, -0.346750026, 0.698442095, -0.626030656, -0.93737793, -0.234985352, 0.256958008, 0.0323024848, 0.67591671, 0.736393528, 0, 0, 0, 0, 0, 0, 0, 0.332272656, -0.110791602, -0.114088477, -0.195539299, 0.232808395, -0.952617082, 0.520019531, -0.798828125, -0.302001953, -0.83139035, -0.554385472, 0.0351383764, 0, 3, 5, 1, 
930.680713, 69, 0.1, 0.1, 0.00335492047, 0.361623754, -0.0199650122, 0.999552531, -5.12394888e-006, 0.0299121694, 0.0299121693, -1.98630841e-005, -0.999552531, 5.71580401e-006, 1, -1.97009276e-005, 0.999552529, -1.24621745e-005, 0.029912245, 0.0299122447, -1.92033897e-005, -0.999552529, 1.30310145e-005, 1, -1.88220251e-005, 0, 0, 0, 0, 0, 0, 0, 0.308645166, -0.153915479, -0.140314941, -0.347952335, 0.700700676, -0.622704943, -0.936645508, -0.231811523, 0.262329102, 0.0395376521, 0.67457025, 0.737102707, 0, 0, 0, 0, 0, 0, 0, 0.332272656, -0.110791602, -0.114088477, -0.199366548, 0.233926529, -0.951549621, 0.518920898, -0.798461914, -0.305053711, -0.831178897, -0.554513436, 0.037828168, 0, 3, 5, 1, 
930.681401, 69, 0.1, 0.1, 0.00335491993, 0.361623752, -0.0199642405, 0.999552533, -1.31871436e-005, 0.0299120858, 0.0299120858, 3.75898909e-006, -0.999552533, 1.30688036e-005, 1, 4.15176204e-006, 0.999552534, -8.16710039e-006, 0.0299120672, 0.0299120674, 1.75503265e-005, -0.999552534, 7.63847935e-006, 1, 1.77867681e-005, 0, 0, 0, 0, 0, 0, 0, 0.308645166, -0.153915479, -0.140314941, -0.347952335, 0.700700676, -0.622704943, -0.936645508, -0.231811523, 0.262329102, 0.0395376521, 0.67457025, 0.737102707, 0, 0, 0, 0, 0, 0, 0, 0.331577393, -0.110943555, -0.113514795, -0.199366548, 0.233926529, -0.951549621, 0.518920898, -0.798461914, -0.305053711, -0.831178897, -0.554513436, 0.037828168, 0, 3, 5, 1, 
930.682125, 69, 0.1, 0.1, 0.00335491849, 0.361623757, -0.0199648448, 0.999552523, -4.36734894e-006, 0.0299124335, 0.0299124335, 1.96909199e-007, -0.999552523, 4.35950462e-006, 1, 3.27459121e-007, 0.999552525, 1.25889187e-005, 0.0299123543, 0.0299123546, -2.16765481e-005, -0.999552525, -1.19348889e-005, 1, -2.20434126e-005, 0, 0, 0, 0, 0, 0, 0, 0.308645166, -0.153915479, -0.140314941, -0.347952335, 0.700700676, -0.622704943, -0.936645508, -0.231811523, 0.262329102, 0.0395376521, 0.67457025, 0.737102707, 0, 0, 0, 0, 0, 0, 0, 0.331577393, -0.110943555, -0.113514795, -0.199366548, 0.233926529, -0.951549621, 0.518920898, -0.798461914, -0.305053711, -0.831178897, -0.554513436, 0.037828168, 0, 3, 5, 1, 
930.682825, 69, 0.1, 0.1, 0.00335491756, 0.361623758, -0.0199667657, 0.999552516, 1.1031794e-005, 0.0299126781, 0.0299126784, -2.96033674e-005, -0.999552515, -1.01413414e-005, 1, -2.99201109e-005, 0.999552516, 1.658247e-005, 0.0299126619, 0.0299126623, -2.04001611e-005, -0.999552516, -1.59648265e-005, 1, -2.08870582e-005, 0, 0, 0, 0, 0, 0, 0, 0.308645166, -0.153915479, -0.140314941, -0.347952335, 0.700700676, -0.622704943, -0.936645508, -0.231811523, 0.262329102, 0.0395376521, 0.67457025, 0.737102707, 0, 0, 0, 0, 0, 0, 0, 0.331577393, -0.110943555, -0.113514795, -0.199366548, 0.233926529, -0.951549621, 0.518920898, -0.798461914, -0.305053711, -0.831178897, -0.554513436, 0.037828168, 0, 3, 5, 1, 
930.683526, 69, 0.1, 0.1, 0.00335491764, 0.361623758, -0.0199692952, 0.99955252, 1.24650496e-005, 0.0299125208, 0.0299125205, 2.00914851e-005, -0.99955252, -1.30604587e-005, 1, 1.97096335e-005, 0.999552519, 8.25797256e-006, 0.0299125772, 0.029912577, 1.90925207e-005, -0.999552519, -8.82538377e-006, 1, 1.88369599e-005, 0, 0, 0, 0, 0, 0, 0, 0.308645166, -0.153915479, -0.140314941, -0.347952335, 0.700700676, -0.622704943, -0.936645508, -0.231811523, 0.262329102, 0.0395376521, 0.67457025, 0.737102707, 0, 0, 0, 0, 0, 0, 0, 0.331011523, -0.111385156, -0.112338281, -0.201225851, 0.23407345, -0.951082971, 0.518432617, -0.798339844, -0.306152344, -0.831006089, -0.55474348, 0.0392273847, 0, 3, 5, 1, 
930.684225, 69, 0.1, 0.1, 0.00335491806, 0.361623759, -0.0199716558, 0.999552529, 6.13689433e-006, 0.0299122361, 0.0299122361, -3.51891425e-006, -0.999552529, -6.02888965e-006, 1, -3.70090787e-006, 0.999552527, -6.23583521e-006, 0.029912285, 0.0299122849, -1.4213666e-005, -0.999552527, 6.65820807e-006, 1, -1.40207777e-005, 0, 0, 0, 0, 0, 0, 0, 0.308645166, -0.153915479, -0.140314941, -0.347952335, 0.700700676, -0.622704943, -0.936645508, -0.231811523, 0.262329102, 0.0395376521, 0.67457025, 0.737102707, 0, 0, 0, 0, 0, 0, 0, 0.331011523, -0.111385156, -0.112338281, -0.201225851, 0.23407345, -0.951082971, 0.518432617, -0.798339844, -0.306152344, -0.831006089, -0.55474348, 0.0392273847, 0, 3, 5, 1, 
930.684919, 69, 0.1, 0.1, 0.00335491877, 0.361623756, -0.0199733201, 0.999552529, -7.96024183e-006, 0.0299122368, 0.0299122368, -2.79995416e-006, -0.999552529, 8.04043274e-006, 1, -2.56059263e-006, 0.99955253, -1.26249162e-005, 0.0299122116, 0.0299122117, 1.3807092e-005, -0.99955253, 1.22062662e-005, 1, 1.41785529e-005, 0, 0, 0, 0, 0, 0, 0, 0.308645166, -0.153915479, -0.140314941, -0.347952335, 0.700700676, -0.622704943, -0.936645508, -0.231811523, 0.262329102, 0.0395376521, 0.67457025, 0.737102707, 0, 0, 0, 0, 0, 0, 0, 0.331011523, -0.111385156, -0.112338281, -0.201225851, 0.23407345, -0.951082971, 0.518432617, -0.798339844, -0.306152344, -0.831006089, -0.55474348, 0.0392273847, 0, 3, 5, 1, 
930.68562, 69, 0.1, 0.1, 0.00335491921, 0.361623755, -0.0199737855, 0.999552521, -1.45642031e-005, 0.0299124864, 0.0299124867, 2.2504407e-005, -0.999552521, 1.38845232e-005, 1, 2.29299882e-005, 0.999552523, -1.0418385e-005, 0.0299124382, 0.0299124383, 1.54595133e-005, -0.999552523, 9.95129124e-006, 1, 1.57642348e-005, 0, 0, 0, 0, 0, 0, 0, 0.307743408, -0.154055957, -0.139088257, -0.348482536, 0.702350428, -0.620559817, -0.936157227, -0.228637695, 0.266845703, 0.0455540405, 0.674061771, 0.737380912, 0, 0, 0, 0, 0, 0, 0, 0.331011523, -0.111385156, -0.112338281, -0.201225851, 0.23407345, -0.951082971, 0.518432617, -0.798339844, -0.306152344, -0.831006089, -0.55474348, 0.0392273847, 0, 3, 5, 1, 
930.686318, 69, 0.1, 0.1, 0.00335491975, 0.361623755, -0.0199728753, 0.999552518, -1.12351123e-005, 0.0299125983, 0.0299125981, -1.54794955e-005, -0.999552518, 1.16931167e-005, 1, -1.51364974e-005, 0.999552518, 1.51135155e-006, 0.0299126041, 0.0299126041, -1.52523303e-005, -0.999552518, -1.05443833e-006, 1, -1.52907136e-005, 0, 0, 0, 0, 0, 0, 0, 0.307743408, -0.154055957, -0.139088257, -0.348482536, 0.702350428, -0.620559817, -0.936157227, -0.228637695, 0.266845703, 0.0455540405, 0.674061771, 0.737380912, 0, 0, 0, 0, 0, 0, 0, 0.331011523, -0.111385156, -0.112338281, -0.201225851, 0.23407345, -0.951082971, 0.518432617, -0.798339844, -0.306152344, -0.831006089, -0.55474348, 0.0392273847, 0, 3, 5, 1, 
930.687024, 69, 0.1, 0.1, 0.00335492018, 0.361623753, -0.019971031, 0.999552525, 4.09172014e-006, 0.0299123768, 0.0299123767, 5.93978747e-006, -0.999552525, -4.26756236e-006, 1, 5.81473649e-006, 0.999552523, 8.32017769e-006, 0.0299124369, 0.0299124367, 1.69170466e-005, -0.999552523, -8.82248469e-006, 1, 1.66605999e-005, 0, 0, 0, 0, 0, 0, 0, 0.307743408, -0.154055957, -0.139088257, -0.348482536, 0.702350428, -0.620559817, -0.936157227, -0.228637695, 0.266845703, 0.0455540405, 0.674061771, 0.737380912, 0, 0, 0, 0, 0, 0, 0, 0.331011523, -0.111385156, -0.112338281, -0.201225851, 0.23407345, -0.951082971, 0.518432617, -0.798339844, -0.306152344, -0.831006089, -0.55474348, 0.0392273847, 0, 3, 5, 1, 
930.687738, 69, 0.1, 0.1, 0.00335492067, 0.361623756, -0.0199687294, 0.999552532, 1.08052696e-005, 0.0299121282, 0.0299121281, 9.0442047e-006, -0.999552532, -1.1070966e-005, 1, 8.7169491e-006, 0.999552532, 6.81583418e-006, 0.0299121498, 0.0299121499, -1.26393699e-005, -0.999552531, -6.43471358e-006, 1, -1.28375905e-005, 0, 0, 0, 0, 0, 0, 0, 0.307743408, -0.154055957, -0.139088257, -0.348482536, 0.702350428, -0.620559817, -0.936157227, -0.228637695, 0.266845703, 0.0455540405, 0.674061771, 0.737380912, 0, 0, 0, 0, 0, 0, 0, 0.331011523, -0.111385156, -0.112338281, -0.201225851, 0.23407345, -0.951082971, 0.518432617, -0.798339844, -0.306152344, -0.831006089, -0.55474348, 0.0392273847, 0, 3, 5, 1, 
930.688457, 69, 0.1, 0.1, 0.00335492163, 0.361623756, -0.0199665189, 0.999552528, 8.12193253e-006, 0.0299122718, 0.029912272, -2.74978844e-005, -0.999552527, -7.295774e-006, 1, -2.77285253e-005, 0.99955253, -7.97663693e-006, 0.0299122074, 0.0299122072, -1.85868892e-005, -0.99955253, 8.52904251e-006, 1, -1.83399733e-005, 0, 0, 0, 0, 0, 0, 0, 0.307286792, -0.154199121, -0.138084814, -0.349031833, 0.703961988, -0.618414691, -0.935546875, -0.225585938, 0.271240234, 0.0514498615, 0.673312157, 0.737659117, 0, 0, 0, 0, 0, 0, 0, 0.330688916, -0.111623535, -0.110948535, -0.202867871, 0.234003087, -0.950724963, 0.518554688, -0.797851563, -0.307006836, -0.830564959, -0.555241846, 0.04049244, 0, 3, 5, 1, 
930.689155, 69, 0.1, 0.1, 0.00335492213, 0.361623756, -0.0199652407, 0.999552517, -8.74483715e-006, 0.0299126412, 0.0299126413, 2.08945133e-005, -0.999552517, 8.11591391e-006, 1, 2.11467445e-005, 0.999552519, -1.45914718e-005, 0.029912577, 0.0299125773, 2.10439834e-005, -0.999552519, 1.39554627e-005, 1, 2.14710351e-005, 0, 0, 0, 0, 0, 0, 0, 0.307286792, -0.154199121, -0.138084814, -0.349031833, 0.703961988, -0.618414691, -0.935546875, -0.225585938, 0.271240234, 0.0514498615, 0.673312157, 0.737659117, 0, 0, 0, 0, 0, 0, 0, 0.330688916, -0.111623535, -0.110948535, -0.202867871, 0.234003087, -0.950724963, 0.518554688, -0.797851563, -0.307006836, -0.830564959, -0.555241846, 0.04049244, 0, 3, 5, 1, 
930.689851, 69, 0.1, 0.1, 0.00335492198, 0.361623758, -0.0199653824, 0.999552514, -1.49259876e-005, 0.0299127288, 0.0299127286, -9.07928856e-006, -0.999552514, 1.51908947e-005, 1, -8.62874869e-006, 0.999552514, -9.46540082e-006, 0.0299127464, 0.0299127462, -2.10353515e-005, -0.999552513, 1.00903903e-005, 1, -2.07428024e-005, 0, 0, 0, 0, 0, 0, 0, 0.307286792, -0.154199121, -0.138084814, -0.349031833, 0.703961988, -0.618414691, -0.935546875, -0.225585938, 0.271240234, 0.0514498615, 0.673312157, 0.737659117, 0, 0, 0, 0, 0, 0, 0, 0.330688916, -0.111623535, -0.110948535, -0.202867871, 0.234003087, -0.950724963, 0.518554688, -0.797851563, -0.307006836, -0.830564959, -0.555241846, 0.04049244, 0, 3, 5, 1, 
930.690539, 69, 0.1, 0.1, 0.0033549218, 0.361623755, -0.0199667707, 0.999552523, -8.09683494e-006, 0.0299124393, 0.0299124392, -9.37316135e-006, -0.999552523, 8.37358591e-006, 1, -9.12677099e-006, 0.999552521, 6.24546809e-006, 0.0299125094, 0.0299125093, 1.21743835e-005, -0.999552521, -6.60683973e-006, 1, 1.19821181e-005, 0, 0, 0, 0, 0, 0, 0, 0.307286792, -0.154199121, -0.138084814, -0.349031833, 0.703961988, -0.618414691, -0.935546875, -0.225585938, 0.271240234, 0.0514498615, 0.673312157, 0.737659117, 0, 0, 0, 0, 0, 0, 0, 0.330688916, -0.111623535, -0.110948535, -0.202867871, 0.234003087, -0.950724963, 0.518554688, -0.797851563, -0.307006836, -0.830564959, -0.555241846, 0.04049244, 0, 3, 5, 1, 
930.691237, 69, 0.1, 0.1, 0.0033549218, 0.361623756, -0.0199689097, 0.999552529, 5.04281337e-006, 0.0299122255, 0.0299122254, 1.98198866e-005, -0.999552529, -5.63341378e-006, 1, 1.9660176e-005, 0.999552529, 1.06066613e-005, 0.0299122368, 0.0299122367, 1.05090297e-005, -0.999552529, -1.09162637e-005, 1, 1.01870582e-005, 0, 0, 0, 0, 0, 0, 0, 0.307286792, -0.154199121, -0.138084814, -0.349031833, 0.703961988, -0.618414691, -0.935546875, -0.225585938, 0.271240234, 0.0514498615, 0.673312157, 0.737659117, 0, 0, 0, 0, 0, 0, 0, 0.330688916, -0.111623535, -0.110948535, -0.202867871, 0.234003087, -0.950724963, 0.518554688, -0.797851563, -0.307006836, -0.830564959, -0.555241846, 0.04049244, 0, 3, 5, 1, 
930.691936, 69, 0.1, 0.1, 0.00335492232, 0.361623757, -0.0199711762, 0.999552524, 1.12206188e-005, 0.0299123849, 0.0299123851, -1.74970917e-005, -0.999552524, -1.06922181e-005, 1, -1.78248977e-005, 0.999552526, 6.9113916e-006, 0.0299123295, 0.0299123296, -1.83939325e-005, -0.999552526, -6.35809356e-006, 1, -1.85924375e-005, 0, 0, 0, 0, 0, 0, 0, 0.307286792, -0.154199121, -0.138084814, -0.349031833, 0.703961988, -0.618414691, -0.935546875, -0.225585938, 0.271240234, 0.0514498615, 0.673312157, 0.737659117, 0, 0, 0, 0, 0, 0, 0, 0.330688916, -0.111623535, -0.110948535, -0.202867871, 0.234003087, -0.950724963, 0.518554688, -0.797851563, -0.307006836, -0.830564959, -0.555241846, 0.04049244, 0, 3, 5, 1, 
930.692619, 69, 0.1, 0.1, 0.00335492282, 0.361623755, -0.0199728375, 0.999552516, 5.85217333e-006, 0.0299126615, 0.0299126614, 9.52705048e-006, -0.999552516, -6.13453401e-006, 1, 9.3477332e-006, 0.999552518, -6.63939799e-006, 0.0299126151, 0.0299126152, 1.80199224e-005, -0.999552517, 6.09740397e-006, 1, 1.82104606e-005, 0, 0, 0, 0, 0, 0, 0, 0.307286792, -0.154199121, -0.138084814, -0.349031833, 0.703961988, -0.618414691, -0.935546875, -0.225585938, 0.271240234, 0.0514498615, 0.673312157, 0.737659117, 0, 0, 0, 0, 0, 0, 0, 0.330688916, -0.111623535, -0.110948535, -0.202867871, 0.234003087, -0.950724963, 0.518554688, -0.797851563, -0.307006836, -0.830564959, -0.555241846, 0.04049244, 0, 3, 5, 1, 
930.693341, 69, 0.1, 0.1, 0.00335492331, 0.361623756, -0.0199733837, 0.999552516, -7.52770221e-006, 0.0299126535, 0.0299126535, 1.09880801e-005, -0.999552516, 7.19565106e-006, 1, 1.12083367e-005, 0.999552516, -1.20464001e-005, 0.0299126827, 0.0299126826, -7.41357975e-006, -0.999552516, 1.22627696e-005, 1, -7.04992215e-006, 0, 0, 0, 0, 0, 0, 0, 0.306675903, -0.154547949, -0.136655151, -0.34833015, 0.705891066, -0.616625275, -0.935424805, -0.220336914, 0.276000977, 0.0590014258, 0.673006621, 0.737252109, 0, 0, 0, 0, 0, 0, 0, 0.330688916, -0.111623535, -0.110948535, -0.204043608, 0.23404793, -0.950501116, 0.517333984, -0.798461914, -0.307617187, -0.831056762, -0.554500677, 0.041866137, 0, 3, 5, 1, 
930.694036, 69, 0.1, 0.1, 0.00335492334, 0.361623756, -0.0199726276, 0.999552524, -1.11288947e-005, 0.0299123926, 0.0299123924, -1.8821221e-005, -0.999552524, 1.16869025e-005, 1, -1.84799071e-005, 0.999552523, -7.60045971e-006, 0.0299124432, 0.0299124432, -1.03459229e-005, -0.999552523, 7.90653051e-006, 1, -1.0113945e-005, 0, 0, 0, 0, 0, 0, 0, 0.306675903, -0.154547949, -0.136655151, -0.34833015, 0.705891066, -0.616625275, -0.935424805, -0.220336914, 0.276000977, 0.0590014258, 0.673006621, 0.737252109, 0, 0, 0, 0, 0, 0, 0, 0.330154297, -0.112274707, -0.109565381, -0.204043608, 0.23404793, -0.950501116, 0.517333984, -0.798461914, -0.307617187, -0.831056762, -0.554500677, 0.041866137, 0, 3, 5, 1, 
930.694788, 69, 0.1, 0.1, 0.00335492376, 0.361623755, -0.0199707998, 0.999552527, -1.56928611e-005, 0.0299122931, 0.0299122934, 1.53377228e-005, -0.999552527, 1.52270525e-005, 1, 1.58002691e-005, 0.999552528, 3.70808235e-006, 0.0299122778, 0.0299122777, 1.77213489e-005, -0.999552528, -4.236509e-006, 1, 1.76025019e-005, 0, 0, 0, 0, 0, 0, 0, 0.306675903, -0.154547949, -0.136655151, -0.34833015, 0.705891066, -0.616625275, -0.935424805, -0.220336914, 0.276000977, 0.0590014258, 0.673006621, 0.737252109, 0, 0, 0, 0, 0, 0, 0, 0.330154297, -0.112274707, -0.109565381, -0.204043608, 0.23404793, -0.950501116, 0.517333984, -0.798461914, -0.307617187, -0.831056762, -0.554500677, 0.041866137, 0, 3, 5, 1, 
930.695479, 69, 0.1, 0.1, 0.00335492475, 0.361623757, -0.0199682813, 0.999552519, 1.38517942e-006, 0.0299125546, 0.0299125546, -1.0439292e-005, -0.999552519, -1.07229368e-006, 1, -1.04760549e-005, 0.999552521, 6.59099138e-006, 0.029912485, 0.0299124851, -2.18132588e-005, -0.999552521, -5.93555327e-006, 1, -2.20006508e-005, 0, 0, 0, 0, 0, 0, 0, 0.306675903, -0.154547949, -0.136655151, -0.34833015, 0.705891066, -0.616625275, -0.935424805, -0.220336914, 0.276000977, 0.0590014258, 0.673006621, 0.737252109, 0, 0, 0, 0, 0, 0, 0, 0.330154297, -0.112274707, -0.109565381, -0.204043608, 0.23404793, -0.950501116, 0.517333984, -0.798461914, -0.307617187, -0.831056762, -0.554500677, 0.041866137, 0, 3, 5, 1, 
930.696197, 69, 0.1, 0.1, 0.00335492596, 0.361623755, -0.0199661005, 0.999552511, 1.14348381e-005, 0.0299128446, 0.0299128448, -1.0405659e-005, -0.999552511, -1.11184583e-005, 1, -1.07430511e-005, 0.999552511, 5.75735211e-006, 0.0299128204, 0.0299128203, 1.01256722e-005, -0.999552511, -6.05766318e-006, 1, 9.94892245e-006, 0, 0, 0, 0, 0, 0, 0, 0.305411279, -0.15499502, -0.136416016, -0.347468586, 0.710408227, -0.612042592, -0.935058594, -0.214355469, 0.281982422, 0.0691230981, 0.670313702, 0.73887453, 0, 0, 0, 0, 0, 0, 0, 0.32917085, -0.112784766, -0.109398145, -0.208669628, 0.2361566, -0.948999088, 0.514770508, -0.798461914, -0.311889648, -0.831420234, -0.55354259, 0.0450925743, 0, 3, 5, 1, 
930.696913, 69, 0.1, 0.1, 0.00335492657, 0.361623755, -0.019964993, 0.999552514, 9.57833723e-006, 0.029912719, 0.0299127187, 2.92207746e-005, -0.999552514, -1.04481239e-005, 1, 2.89211846e-005, 0.999552513, -6.93170369e-006, 0.0299127819, 0.0299127821, 1.87160109e-005, -0.999552512, 6.36875389e-006, 1, 1.89149823e-005, 0, 0, 0, 0, 0, 0, 0, 0.305411279, -0.15499502, -0.136416016, -0.347468586, 0.710408227, -0.612042592, -0.935058594, -0.214355469, 0.281982422, 0.0691230981, 0.670313702, 0.73887453, 0, 0, 0, 0, 0, 0, 0, 0.32917085, -0.112784766, -0.109398145, -0.208669628, 0.2361566, -0.948999088, 0.514770508, -0.798461914, -0.311889648, -0.831420234, -0.55354259, 0.0450925743, 0, 3, 5, 1, 
930.697599, 69, 0.1, 0.1, 0.00335492613, 0.361623755, -0.0199652307, 0.999552525, -2.45759122e-006, 0.0299123614, 0.0299123614, -1.97648669e-005, -0.999552525, 3.04770535e-006, 1, -1.96825102e-005, 0.999552523, -8.43929352e-006, 0.0299124246, 0.0299124245, -1.98551857e-005, -0.999552523, 9.02943388e-006, 1, -1.95938612e-005, 0, 0, 0, 0, 0, 0, 0, 0.305411279, -0.15499502, -0.136416016, -0.347468586, 0.710408227, -0.612042592, -0.935058594, -0.214355469, 0.281982422, 0.0691230981, 0.670313702, 0.73887453, 0, 0, 0, 0, 0, 0, 0, 0.32917085, -0.112784766, -0.109398145, -0.208669628, 0.2361566, -0.948999088, 0.514770508, -0.798461914, -0.311889648, -0.831420234, -0.55354259, 0.0450925743, 0, 3, 5, 1, 
930.698292, 69, 0.1, 0.1, 0.00335492474, 0.361623753, -0.0199667643, 0.999552528, -8.28312745e-006, 0.0299122712, 0.0299122712, 8.23162486e-006, -0.999552528, 8.03319439e-006, 1, 8.47570859e-006, 0.999552528, -3.33066716e-006, 0.0299122549, 0.0299122549, 2.02772226e-005, -0.999552528, 2.72263933e-006, 1, 2.03677769e-005, 0, 0, 0, 0, 0, 0, 0, 0.305411279, -0.15499502, -0.136416016, -0.347468586, 0.710408227, -0.612042592, -0.935058594, -0.214355469, 0.281982422, 0.0691230981, 0.670313702, 0.73887453, 0, 0, 0, 0, 0, 0, 0, 0.32917085, -0.112784766, -0.109398145, -0.208669628, 0.2361566, -0.948999088, 0.514770508, -0.798461914, -0.311889648, -0.831420234, -0.55354259, 0.0450925743, 0, 3, 5, 1, 
930.698985, 69, 0.1, 0.1, 0.0033549235, 0.361623755, -0.019969131, 0.99955252, -4.54400344e-006, 0.0299125447, 0.0299125447, 5.28309116e-006, -0.99955252, 4.38393938e-006, 1, 5.41664979e-006, 0.999552522, 1.05936807e-005, 0.0299124807, 0.0299124808, -1.3486045e-005, -0.999552522, -1.01855392e-005, 1, -1.37968936e-005, 0, 0, 0, 0, 0, 0, 0, 0.305411279, -0.15499502, -0.136416016, -0.347468586, 0.710408227, -0.612042592, -0.935058594, -0.214355469, 0.281982422, 0.0691230981, 0.670313702, 0.73887453, 0, 0, 0, 0, 0, 0, 0, 0.32917085, -0.112784766, -0.109398145, -0.208669628, 0.2361566, -0.948999088, 0.514770508, -0.798461914, -0.311889648, -0.831420234, -0.55354259, 0.0450925743, 0, 3, 5, 1, 
930.69968, 69, 0.1, 0.1, 0.00335492313, 0.361623755, -0.0199715721, 0.999552514, 6.1298991e-006, 0.0299127444, 0.0299127445, -2.18360546e-005, -0.999552513, -5.47397973e-006, 1, -2.20096453e-005, 0.999552514, 1.14095379e-005, 0.0299127313, 0.0299127314, -1.28732277e-005, -0.999552514, -1.10193589e-005, 1, -1.32087576e-005, 0, 0, 0, 0, 0, 0, 0, 0.305411279, -0.15499502, -0.136416016, -0.347468586, 0.710408227, -0.612042592, -0.935058594, -0.214355469, 0.281982422, 0.0691230981, 0.670313702, 0.73887453, 0, 0, 0, 0, 0, 0, 0, 0.32917085, -0.112784766, -0.109398145, -0.208669628, 0.2361566, -0.948999088, 0.514770508, -0.798461914, -0.311889648, -0.831420234, -0.55354259, 0.0450925743, 0, 3, 5, 1, 
930.700366, 69, 0.1, 0.1, 0.00335492391, 0.361623755, -0.0199732783, 0.999552518, 7.17475541e-006, 0.0299126092, 0.0299126091, 1.4694426e-005, -0.999552518, -7.61109346e-006, 1, 1.44732348e-005, 0.999552516, 3.26488726e-006, 0.0299126576, 0.0299126575, 1.46620285e-005, -0.999552516, -3.70200651e-006, 1, 1.45578061e-005, 0, 0, 0, 0, 0, 0, 0, 0.305411279, -0.15499502, -0.136416016, -0.347468586, 0.710408227, -0.612042592, -0.935058594, -0.214355469, 0.281982422, 0.0691230981, 0.670313702, 0.73887453, 0, 0, 0, 0, 0, 0, 0, 0.32917085, -0.112784766, -0.109398145, -0.208669628, 0.2361566, -0.948999088, 0.514770508, -0.798461914, -0.311889648, -0.831420234, -0.55354259, 0.0450925743, 0, 3, 5, 1, 
930.701079, 69, 0.1, 0.1, 0.00335492488, 0.361623757, -0.0199737543, 0.999552525, 3.64887637e-006, 0.0299123577, 0.0299123577, -7.77511203e-006, -0.999552525, -3.41467165e-006, 1, -7.88077936e-006, 0.999552524, -8.19225085e-006, 0.0299123993, 0.0299123991, -1.78083519e-005, -0.999552524, 8.72127555e-006, 1, -1.75553332e-005, 0, 0, 0, 0, 0, 0, 0, 0.304112109, -0.155209937, -0.136349341, -0.347267148, 0.715153419, -0.60650136, -0.934326172, -0.209472656, 0.287963867, 0.0789785481, 0.666719523, 0.741086684, 0, 0, 0, 0, 0, 0, 0, 0.32917085, -0.112784766, -0.109398145, -0.208669628, 0.2361566, -0.948999088, 0.514770508, -0.798461914, -0.311889648, -0.831420234, -0.55354259, 0.0450925743, 0, 3, 5, 1, 
930.701789, 69, 0.1, 0.1, 0.00335492572, 0.361623755, -0.0199727517, 0.999552524, -7.51349382e-006, 0.0299123913, 0.0299123912, -8.12372955e-006, -0.999552524, 7.75313189e-006, 1, -7.89534781e-006, 0.999552525, -1.34561508e-005, 0.0299123588, 0.029912359, 9.62469159e-006, -0.999552525, 1.31622323e-005, 1, 1.002289e-005, 0, 0, 0, 0, 0, 0, 0, 0.304112109, -0.155209937, -0.136349341, -0.347267148, 0.715153419, -0.60650136, -0.934326172, -0.209472656, 0.287963867, 0.0789785481, 0.666719523, 0.741086684, 0, 0, 0, 0, 0, 0, 0, 0.328454102, -0.113131885, -0.109256055, -0.212886602, 0.23779862, -0.947676064, 0.513793945, -0.797729492, -0.315551758, -0.831004256, -0.553983721, 0.047686484, 0, 3, 5, 1, 
930.702497, 69, 0.1, 0.1, 0.0033549258, 0.361623755, -0.0199708276, 0.999552515, -1.35597344e-005, 0.0299126833, 0.0299126836, 2.44716322e-005, -0.999552515, 1.28216544e-005, 1, 2.48662895e-005, 0.999552517, -8.94170933e-006, 0.0299126219, 0.0299126221, 1.5168009e-005, -0.999552517, 8.48399315e-006, 1, 1.54286916e-005, 0, 0, 0, 0, 0, 0, 0, 0.304112109, -0.155209937, -0.136349341, -0.347267148, 0.715153419, -0.60650136, -0.934326172, -0.209472656, 0.287963867, 0.0789785481, 0.666719523, 0.741086684, 0, 0, 0, 0, 0, 0, 0, 0.328454102, -0.113131885, -0.109256055, -0.212886602, 0.23779862, -0.947676064, 0.513793945, -0.797729492, -0.315551758, -0.831004256, -0.553983721, 0.047686484, 0, 3, 5, 1, 
930.703202, 69, 0.1, 0.1, 0.00335492541, 0.361623755, -0.019968405, 0.999552512, -8.2915469e-006, 0.0299128096, 0.0299128094, -1.73273561e-005, -0.999552512, 8.80614643e-006, 1, -1.70715788e-005, 0.999552512, 6.59697627e-006, 0.0299128167, 0.0299128168, -1.76393213e-005, -0.999552511, -6.06638241e-006, 1, -1.7828762e-005, 0, 0, 0, 0, 0, 0, 0, 0.304112109, -0.155209937, -0.136349341, -0.347267148, 0.715153419, -0.60650136, -0.934326172, -0.209472656, 0.287963867, 0.0789785481, 0.666719523, 0.741086684, 0, 0, 0, 0, 0, 0, 0, 0.328454102, -0.113131885, -0.109256055, -0.212886602, 0.23779862, -0.947676064, 0.513793945, -0.797729492, -0.315551758, -0.831004256, -0.553983721, 0.047686484, 0, 3, 5, 1, 
930.703903, 69, 0.1, 0.1, 0.00335492527, 0.361623753, -0.0199665468, 0.999552519, 6.37237702e-006, 0.0299125547, 0.0299125546, 8.44381196e-006, -0.999552519, -6.6221015e-006, 1, 8.24941944e-006, 0.999552517, 1.1659854e-005, 0.0299126237, 0.0299126235, 2.10402018e-005, -0.999552517, -1.22840041e-005, 1, 2.06820098e-005, 0, 0, 0, 0, 0, 0, 0, 0.304112109, -0.155209937, -0.136349341, -0.347267148, 0.715153419, -0.60650136, -0.934326172, -0.209472656, 0.287963867, 0.0789785481, 0.666719523, 0.741086684, 0, 0, 0, 0, 0, 0, 0, 0.328454102, -0.113131885, -0.109256055, -0.212886602, 0.23779862, -0.947676064, 0.513793945, -0.797729492, -0.315551758, -0.831004256, -0.553983721, 0.047686484, 0, 3, 5, 1, 
930.704599, 69, 0.1, 0.1, 0.00335492597, 0.361623756, -0.0199656066, 0.999552528, 1.0147404e-005, 0.029912267, 0.029912267, 7.25793974e-006, -0.999552528, -1.03599648e-005, 1, 6.95116015e-006, 0.999552527, 6.28676707e-006, 0.0299122943, 0.0299122944, -1.44773884e-005, -0.999552527, -5.85090201e-006, 1, -1.46589618e-005, 0, 0, 0, 0, 0, 0, 0, 0.304112109, -0.155209937, -0.136349341, -0.347267148, 0.715153419, -0.60650136, -0.934326172, -0.209472656, 0.287963867, 0.0789785481, 0.666719523, 0.741086684, 0, 0, 0, 0, 0, 0, 0, 0.328454102, -0.113131885, -0.109256055, -0.212886602, 0.23779862, -0.947676064, 0.513793945, -0.797729492, -0.315551758, -0.831004256, -0.553983721, 0.047686484, 0, 3, 5, 1, 
930.705292, 69, 0.1, 0.1, 0.00335492727, 0.361623756, -0.0199659385, 0.999552525, 4.80755715e-006, 0.0299123787, 0.0299123788, -2.49349189e-005, -0.999552524, -4.05954314e-006, 1, -2.50675666e-005, 0.999552526, -1.1319746e-005, 0.0299123191, 0.0299123189, -1.56325322e-005, -0.999552526, 1.1782286e-005, 1, -1.52869372e-005, 0, 0, 0, 0, 0, 0, 0, 0.304112109, -0.155209937, -0.136349341, -0.347267148, 0.715153419, -0.60650136, -0.934326172, -0.209472656, 0.287963867, 0.0789785481, 0.666719523, 0.741086684, 0, 0, 0, 0, 0, 0, 0, 0.328454102, -0.113131885, -0.109256055, -0.212886602, 0.23779862, -0.947676064, 0.513793945, -0.797729492, -0.315551758, -0.831004256, -0.553983721, 0.047686484, 0, 3, 5, 1, 
930.705985, 69, 0.1, 0.1, 0.0033549283, 0.361623755, -0.019967431, 0.999552515, -1.13425804e-005, 0.0299127156, 0.0299127158, 2.14785193e-005, -0.999552514, 1.0695024e-005, 1, 2.18081954e-005, 0.999552516, -1.69076941e-005, 0.029912657, 0.0299126574, 2.12172429e-005, -0.999552516, 1.62654641e-005, 1, 2.17135026e-005, 0, 0, 0, 0, 0, 0, 0, 0.304112109, -0.155209937, -0.136349341, -0.347267148, 0.715153419, -0.60650136, -0.934326172, -0.209472656, 0.287963867, 0.0789785481, 0.666719523, 0.741086684, 0, 0, 0, 0, 0, 0, 0, 0.328454102, -0.113131885, -0.109256055, -0.212886602, 0.23779862, -0.947676064, 0.513793945, -0.797729492, -0.315551758, -0.831004256, -0.553983721, 0.047686484, 0, 3, 5, 1, 
930.706705, 69, 0.1, 0.1, 0.00335492813, 0.361623757, -0.019969297, 0.999552512, -1.27019594e-005, 0.0299127907, 0.0299127906, -7.66780912e-006, -0.999552512, 1.2925641e-005, 1, -7.28442682e-006, 0.999552512, -7.70516455e-006, 0.0299128095, 0.0299128093, -1.88352202e-005, -0.999552512, 8.26513093e-006, 1, -1.85963085e-005, 0, 0, 0, 0, 0, 0, 0, 0.303936694, -0.15414021, -0.136453174, -0.350977407, 0.718882774, -0.600007571, -0.932495117, -0.211181641, 0.292602539, 0.0836447292, 0.66217391, 0.74463107, 0, 0, 0, 0, 0, 0, 0, 0.328197998, -0.112432129, -0.109119336, -0.217576055, 0.23940819, -0.946129559, 0.515869141, -0.794677734, -0.319702148, -0.82842857, -0.557619572, 0.0493219407, 0, 3, 5, 1, 
930.707394, 69, 0.1, 0.1, 0.00335492774, 0.361623754, -0.0199710322, 0.99955252, -5.84403101e-006, 0.0299125237, 0.0299125236, -7.21955349e-006, -0.99955252, 6.05737099e-006, 1, -7.04151317e-006, 0.999552518, 6.56319325e-006, 0.0299125878, 0.0299125877, 1.15727888e-005, -0.999552518, -6.9064284e-006, 1, 1.13712881e-005, 0, 0, 0, 0, 0, 0, 0, 0.303936694, -0.15414021, -0.136453174, -0.350977407, 0.718882774, -0.600007571, -0.932495117, -0.211181641, 0.292602539, 0.0836447292, 0.66217391, 0.74463107, 0, 0, 0, 0, 0, 0, 0, 0.328197998, -0.112432129, -0.109119336, -0.217576055, 0.23940819, -0.946129559, 0.515869141, -0.794677734, -0.319702148, -0.82842857, -0.557619572, 0.0493219407, 0, 3, 5, 1, 
930.708087, 69, 0.1, 0.1, 0.00335492728, 0.361623755, -0.0199723041, 0.999552526, 6.25433975e-006, 0.029912326, 0.0299123259, 1.87367564e-005, -0.999552526, -6.81200107e-006, 1, 1.85412904e-005, 0.999552526, 1.13905008e-005, 0.0299123381, 0.029912338, 1.09292335e-005, -0.999552526, -1.17123228e-005, 1, 1.05836264e-005, 0, 0, 0, 0, 0, 0, 0, 0.303936694, -0.15414021, -0.136453174, -0.350977407, 0.718882774, -0.600007571, -0.932495117, -0.211181641, 0.292602539, 0.0836447292, 0.66217391, 0.74463107, 0, 0, 0, 0, 0, 0, 0, 0.328197998, -0.112432129, -0.109119336, -0.217576055, 0.23940819, -0.946129559, 0.515869141, -0.794677734, -0.319702148, -0.82842857, -0.557619572, 0.0493219407, 0, 3, 5, 1, 
930.708801, 69, 0.1, 0.1, 0.00335492733, 0.361623755, -0.019972697, 0.999552522, 1.22134284e-005, 0.0299124701, 0.0299124703, -1.71283268e-005, -0.999552522, -1.16956126e-005, 1, -1.74859961e-005, 0.999552524, 8.14405465e-006, 0.0299124156, 0.0299124158, -1.81191768e-005, -0.999552523, -7.59842203e-006, 1, -1.83546772e-005, 0, 0, 0, 0, 0, 0, 0, 0.303926294, -0.152687842, -0.136368921, -0.355785877, 0.721298992, -0.59414882, -0.930419922, -0.213745117, 0.297607422, 0.0876197064, 0.65870142, 0.747287301, 0, 0, 0, 0, 0, 0, 0, 0.328197998, -0.112432129, -0.109119336, -0.217576055, 0.23940819, -0.946129559, 0.515869141, -0.794677734, -0.319702148, -0.82842857, -0.557619572, 0.0493219407, 0, 3, 5, 1, 
930.709498, 69, 0.1, 0.1, 0.00335492772, 0.361623754, -0.0199719015, 0.999552514, 6.30874164e-006, 0.0299127292, 0.0299127292, 8.50465714e-006, -0.999552514, -6.56031607e-006, 1, 8.31213975e-006, 0.999552515, -6.58509688e-006, 0.0299126864, 0.0299126865, 1.78128532e-005, -0.999552515, 6.04931986e-006, 1, 1.80018602e-005, 0, 0, 0, 0, 0, 0, 0, 0.303926294, -0.152687842, -0.136368921, -0.355785877, 0.721298992, -0.59414882, -0.930419922, -0.213745117, 0.297607422, 0.0876197064, 0.65870142, 0.747287301, 0, 0, 0, 0, 0, 0, 0, 0.328133643, -0.11152915, -0.109197314, -0.222763874, 0.240800477, -0.944646854, 0.518066406, -0.791503906, -0.323852539, -0.825782521, -0.561523746, 0.0515644053, 0, 3, 5, 1, 
930.710197, 69, 0.1, 0.1, 0.0033549283, 0.361623755, -0.019970515, 0.999552515, -8.94616543e-006, 0.0299126944, 0.0299126945, 9.78667005e-006, -0.999552515, 8.64941648e-006, 1, 1.00498946e-005, 0.999552514, -1.34842362e-005, 0.029912728, 0.0299127279, -8.85582237e-006, -0.999552514, 1.3743104e-005, 1, -8.44850923e-006, 0, 0, 0, 0, 0, 0, 0, 0.303926294, -0.152687842, -0.136368921, -0.355785877, 0.721298992, -0.59414882, -0.930419922, -0.213745117, 0.297607422, 0.0876197064, 0.65870142, 0.747287301, 0, 0, 0, 0, 0, 0, 0, 0.328133643, -0.11152915, -0.109197314, -0.222763874, 0.240800477, -0.944646854, 0.518066406, -0.791503906, -0.323852539, -0.825782521, -0.561523746, 0.0515644053, 0, 3, 5, 1, 
930.710927, 69, 0.1, 0.1, 0.003354929, 0.361623756, -0.0199687224, 0.999552525, -1.80140009e-005, 0.0299123668, 0.0299123663, -2.95420945e-005, -0.999552525, 1.88896141e-005, 0.999999999, -2.89900337e-005, 0.999552523, -1.3911627e-005, 0.0299124285, 0.0299124282, -2.02390231e-005, -0.999552523, 1.45108002e-005, 1, -1.98138361e-005, 0, 0, 0, 0, 0, 0, 0, 0.303926294, -0.152687842, -0.136368921, -0.355785877, 0.721298992, -0.59414882, -0.930419922, -0.213745117, 0.297607422, 0.0876197064, 0.65870142, 0.747287301, 0, 0, 0, 0, 0, 0, 0, 0.328133643, -0.11152915, -0.109197314, -0.222763874, 0.240800477, -0.944646854, 0.518066406, -0.791503906, -0.323852539, -0.825782521, -0.561523746, 0.0515644053, 0, 3, 5, 1, 
930.711613, 69, 0.1, 0.1, 0.00335492908, 0.361623756, -0.0199672005, 0.99955253, 3.59362945e-006, 0.0299122086, 0.0299122085, 1.56959201e-005, -0.99955253, -4.06152105e-006, 1, 1.55814032e-005, 0.999552529, -6.348004e-007, 0.0299122215, 0.0299122215, 1.57490095e-005, -0.999552529, 1.63428484e-007, 1, 1.57609506e-005, 0, 0, 0, 0, 0, 0, 0, 0.303926294, -0.152687842, -0.136368921, -0.355785877, 0.721298992, -0.59414882, -0.930419922, -0.213745117, 0.297607422, 0.0876197064, 0.65870142, 0.747287301, 0, 0, 0, 0, 0, 0, 0, 0.328133643, -0.11152915, -0.109197314, -0.222763874, 0.240800477, -0.944646854, 0.518066406, -0.791503906, -0.323852539, -0.825782521, -0.561523746, 0.0515644053, 0, 3, 5, 1, 
930.712334, 69, 0.1, 0.1, 0.00335492939, 0.361623759, -0.0199661491, 0.999552532, -4.59688558e-006, 0.0299121466, 0.0299121466, -1.16061736e-005, -0.999552532, 4.94199419e-006, 1, -1.14634775e-005, 0.999552531, 1.36024161e-006, 0.0299121527, 0.0299121527, -2.43136867e-005, -0.999552531, -6.32358233e-007, 1, -2.43434948e-005, 0, 0, 0, 0, 0, 0, 0, 0.303926294, -0.152687842, -0.136368921, -0.355785877, 0.721298992, -0.59414882, -0.930419922, -0.213745117, 0.297607422, 0.0876197064, 0.65870142, 0.747287301, 0, 0, 0, 0, 0, 0, 0, 0.328133643, -0.11152915, -0.109197314, -0.222763874, 0.240800477, -0.944646854, 0.518066406, -0.791503906, -0.323852539, -0.825782521, -0.561523746, 0.0515644053, 0, 3, 5, 1, 
930.713026, 69, 0.1, 0.1, 0.00335492981, 0.361623757, -0.0199663178, 0.999552533, 2.43071773e-007, 0.029912085, 0.029912085, -7.24659153e-006, -0.999552533, -2.62023446e-008, 1, -7.2506197e-006, 0.999552533, -5.47026878e-006, 0.0299120865, 0.0299120865, 1.28661475e-005, -0.999552533, 5.0829677e-006, 1, 1.30240175e-005, 0, 0, 0, 0, 0, 0, 0, 0.303926294, -0.152687842, -0.136368921, -0.355785877, 0.721298992, -0.59414882, -0.930419922, -0.213745117, 0.297607422, 0.0876197064, 0.65870142, 0.747287301, 0, 0, 0, 0, 0, 0, 0, 0.328133643, -0.11152915, -0.109197314, -0.222763874, 0.240800477, -0.944646854, 0.518066406, -0.791503906, -0.323852539, -0.825782521, -0.561523746, 0.0515644053, 0, 3, 5, 1, 
