time, trialNum, realDorsalTactorPos, realVentralTactorPos, boxPosX, boxPosY, boxPosZ, boxLocalRot_11, boxLocalRot_12, boxLocalRot_13, boxLocalRot_21, boxLocalRot_22, boxLocalRot_23, boxLocalRot_31, boxLocalRot_32, boxLocalRot_33, boxGlobalRot_11, boxGlobalRot_12, boxGlobalRot_13, boxGlobalRot_21, boxGlobalRot_22, boxGlobalRot_23, boxGlobalRot_31, boxGlobalRot_32, boxGlobalRot_33, indexForceX, indexForceY, indexForceZ, indexForceGlobalX, indexForceGlobalY, indexForceGlobalZ, indexContact, indexPosX, indexPosY, indexPosZ, indexRot_11, indexRot_12, indexRot_13, indexRot_21, indexRot_22, indexRot_23, indexRot_31, indexRot_32, indexRot_33, thumbForceX, thumbForceY, thumbForceZ, thumbForceGlobalX, thumbForceGlobalY, thumbForceGlobalZ, thumbContact, thumbPosX, thumbPosY, thumbPosZ, thumbRot_11, thumbRot_12, thumbRot_13, thumbRot_21, thumbRot_22, thumbRot_23, thumbRot_31, thumbRot_32, thumbRot_33, manipForceTooHigh, cceExpType, mapping, trialSuccess, 
992.791086, 70, 0.1, 0.1, -0.0116280786, 0.375937144, -0.0199698405, 0.992143838, -1.24824553e-005, 0.125102379, 0.125102379, -2.16140566e-005, -0.992143838, 1.5088361e-005, 1, -1.98826682e-005, 0.992143734, 1.03554281e-005, 0.125103202, 0.125103202, -1.37048813e-005, -0.992143734, -8.5595486e-006, 1, -1.48927093e-005, 0, 0, 0, 0, 0, 0, 0, 0.26489353, -0.102888086, -0.134287793, -0.474405737, 0.747643344, -0.464724089, -0.739746094, -0.0524902344, 0.670776367, 0.477183049, 0.661944401, 0.578107341, 0, 0, -0, 0, 0, 0, 0, 0.313294043, -0.0774938477, -0.110990186, -0.279153405, 0.445162166, -0.850722008, 0.781616211, -0.409301758, -0.470581055, -0.557870314, -0.796208503, -0.23363717, 0, 3, 5, 1, 
992.796026, 70, 0.1, 0.1, -0.011628105, 0.375937124, -0.0200001452, 0.992144587, 7.22001664e-005, 0.125096415, 0.125096415, 1.31322352e-005, -0.99214459, -7.32758001e-005, 0.999999997, 3.99709415e-006, 0.99214462, 8.08966224e-005, 0.125096152, 0.125096152, 6.0841718e-006, -0.992144623, -8.10222554e-005, 0.999999997, -4.08347782e-006, 0, 0, 0, 0, 0, 0, 0, 0.266858813, -0.105384058, -0.134675659, -0.487863601, 0.742206949, -0.459297433, -0.736328125, -0.0673828125, 0.673095703, 0.468685659, 0.666636791, 0.579596089, 0, 0, -0, 0, 0, 0, 0, 0.315122168, -0.0796003418, -0.111074512, -0.289521381, 0.443154475, -0.84827502, 0.787231445, -0.393920898, -0.474365234, -0.544476392, -0.805134252, -0.234730151, 0, 3, 5, 1, 
992.796692, 70, 0.1, 0.1, -0.0116281171, 0.375937121, -0.0199999345, 0.992144412, 2.97394888e-005, 0.12509782, 0.125097818, 4.24086655e-005, -0.992144412, -3.48110992e-005, 0.999999999, 3.83551754e-005, 0.992144449, 3.83614909e-005, 0.125097526, 0.125097525, 3.75431093e-005, -0.992144449, -4.27566903e-005, 0.999999999, 3.24492599e-005, 0, 0, 0, 0, 0, 0, 0, 0.266858813, -0.105384058, -0.134675659, -0.487863601, 0.742206949, -0.459297433, -0.736328125, -0.0673828125, 0.673095703, 0.468685659, 0.666636791, 0.579596089, 0, 0, -0, 0, 0, 0, 0, 0.315122168, -0.0796003418, -0.111074512, -0.289521381, 0.443154475, -0.84827502, 0.787231445, -0.393920898, -0.474365234, -0.544476392, -0.805134252, -0.234730151, 0, 3, 5, 1, 
992.7974, 70, 0.1, 0.1, -0.0116281242, 0.375937119, -0.0199910236, 0.992144206, -1.46747899e-005, 0.12509946, 0.125099461, 3.3223612e-005, -0.992144205, 1.04032519e-005, 0.999999999, 3.47984225e-005, 0.992144251, -7.33802603e-006, 0.125099104, 0.125099104, 4.12847869e-005, -0.99214425, 2.11569049e-006, 0.999999999, 4.18784445e-005, 0, 0, 0, 0, 0, 0, 0, 0.267952539, -0.106604883, -0.135053052, -0.492472494, 0.740043848, -0.457977183, -0.735473633, -0.0725097656, 0.673583984, 0.465337103, 0.668586088, 0.580128534, 0, 0, -0, 0, 0, 0, 0, 0.315122168, -0.0796003418, -0.111074512, -0.29262605, 0.442789904, -0.847482811, 0.788696289, -0.389282227, -0.475708008, -0.540629454, -0.807504681, -0.2352606, 0, 3, 5, 1, 
992.798092, 70, 0.1, 0.1, -0.0116281301, 0.375937126, -0.0199769628, 0.992143987, 1.35312608e-005, 0.125101191, 0.125101191, -2.56367171e-005, -0.992143987, -1.02177752e-005, 1, -2.71280916e-005, 0.992144031, 8.31094766e-006, 0.125100845, 0.125100845, -2.2047489e-005, -0.992144031, -5.48749761e-006, 1, -2.29139912e-005, 0, 0, 0, 0, 0, 0, 0, 0.267952539, -0.106604883, -0.135053052, -0.492472494, 0.740043848, -0.457977183, -0.735473633, -0.0725097656, 0.673583984, 0.465337103, 0.668586088, 0.580128534, 0, 0, -0, 0, 0, 0, 0, 0.316113867, -0.0805672852, -0.111256494, -0.29262605, 0.442789904, -0.847482811, 0.788696289, -0.389282227, -0.475708008, -0.540629454, -0.807504681, -0.2352606, 0, 3, 5, 1, 
992.798781, 70, 0.1, 0.1, -0.0116281359, 0.37593713, -0.0199623021, 0.992143795, -3.93408998e-006, 0.125102716, 0.125102716, 2.37813889e-005, -0.992143795, 9.28066622e-007, 1, 2.40867228e-005, 0.992143829, -1.3213282e-006, 0.125102447, 0.125102447, 2.54123541e-005, -0.992143829, -1.86820006e-006, 1, 2.53780117e-005, 0, 0, 0, 0, 0, 0, 0, 0.267952539, -0.106604883, -0.135053052, -0.492472494, 0.740043848, -0.457977183, -0.735473633, -0.0725097656, 0.673583984, 0.465337103, 0.668586088, 0.580128534, 0, 0, -0, 0, 0, 0, 0, 0.316113867, -0.0805672852, -0.111256494, -0.29262605, 0.442789904, -0.847482811, 0.788696289, -0.389282227, -0.475708008, -0.540629454, -0.807504681, -0.2352606, 0, 3, 5, 1, 
992.799466, 70, 0.1, 0.1, -0.0116281414, 0.375937137, -0.0199513474, 0.992143659, -1.84266981e-006, 0.125103796, 0.125103796, -6.01501601e-006, -0.992143659, 2.58069451e-006, 1, -5.73723501e-006, 0.992143681, -1.16205655e-005, 0.125103619, 0.125103619, -2.60665477e-005, -0.992143681, 1.47902901e-005, 1, -2.44079858e-005, 0, 0, 0, 0, 0, 0, 0, 0.267952539, -0.106604883, -0.135053052, -0.492472494, 0.740043848, -0.457977183, -0.735473633, -0.0725097656, 0.673583984, 0.465337103, 0.668586088, 0.580128534, 0, 0, -0, 0, 0, 0, 0, 0.316113867, -0.0805672852, -0.111256494, -0.29262605, 0.442789904, -0.847482811, 0.788696289, -0.389282227, -0.475708008, -0.540629454, -0.807504681, -0.2352606, 0, 3, 5, 1, 
992.800188, 70, 0.1, 0.1, -0.0116281498, 0.375937136, -0.0199462248, 0.992143546, -2.69845293e-005, 0.125104688, 0.125104687, -1.355763e-005, -0.992143547, 2.84686496e-005, 1, -1.0075224e-005, 0.992143568, 5.22206677e-006, 0.125104522, 0.125104522, 2.56951004e-005, -0.992143567, -8.3956132e-006, 1, 2.48399244e-005, 0, 0, 0, 0, 0, 0, 0, 0.269568188, -0.107855615, -0.134441064, -0.495502028, 0.737252823, -0.459169752, -0.736572266, -0.0765380859, 0.671875, 0.460255296, 0.671252797, 0.581182562, 0, 0, -0, 0, 0, 0, 0, 0.317531445, -0.081782373, -0.110422363, -0.2928426, 0.442061128, -0.84777702, 0.791625977, -0.385131836, -0.474243164, -0.536233477, -0.80991339, -0.237132664, 0, 3, 5, 1, 
992.800873, 70, 0.1, 0.1, -0.0116281513, 0.375937143, -0.0199484715, 0.992143449, 1.28665622e-005, 0.125105465, 0.125105465, 3.31302583e-005, -0.992143448, -1.69102518e-005, 0.999999999, 3.12602915e-005, 0.992143467, -1.0783095e-006, 0.125105316, 0.125105316, 1.76862348e-005, -0.992143467, -1.14280427e-006, 1, 1.76821846e-005, 0, 0, 0, 0, 0, 0, 0, 0.269568188, -0.107855615, -0.134441064, -0.495502028, 0.737252823, -0.459169752, -0.736572266, -0.0765380859, 0.671875, 0.460255296, 0.671252797, 0.581182562, 0, 0, -0, 0, 0, 0, 0, 0.317531445, -0.081782373, -0.110422363, -0.2928426, 0.442061128, -0.84777702, 0.791625977, -0.385131836, -0.474243164, -0.536233477, -0.80991339, -0.237132664, 0, 3, 5, 1, 
992.801563, 70, 0.1, 0.1, -0.0116281539, 0.37593715, -0.0199567559, 0.992143364, -3.18525354e-005, 0.125106134, 0.125106132, -4.5614604e-005, -0.992143363, 3.73089483e-005, 0.999999998, -4.12712792e-005, 0.99214338, -3.36573089e-005, 0.125106002, 0.125106001, -4.25214892e-005, -0.99214338, 3.87125698e-005, 0.999999999, -3.79766827e-005, 0, 0, 0, 0, 0, 0, 0, 0.269568188, -0.107855615, -0.134441064, -0.495502028, 0.737252823, -0.459169752, -0.736572266, -0.0765380859, 0.671875, 0.460255296, 0.671252797, 0.581182562, 0, 0, -0, 0, 0, 0, 0, 0.317531445, -0.081782373, -0.110422363, -0.2928426, 0.442061128, -0.84777702, 0.791625977, -0.385131836, -0.474243164, -0.536233477, -0.80991339, -0.237132664, 0, 3, 5, 1, 
992.802261, 70, 0.1, 0.1, -0.0116281598, 0.375937151, -0.0199680356, 0.992143261, 2.87850567e-006, 0.125106953, 0.125106953, 5.50077119e-005, -0.99214326, -9.73773722e-006, 0.999999998, 5.42154096e-005, 0.992143285, 1.13181161e-005, 0.125106759, 0.125106758, 4.72061498e-005, -0.992143284, -1.71350013e-005, 0.999999999, 4.54192917e-005, 0, 0, 0, 0, 0, 0, 0, 0.269568188, -0.107855615, -0.134441064, -0.495502028, 0.737252823, -0.459169752, -0.736572266, -0.0765380859, 0.671875, 0.460255296, 0.671252797, 0.581182562, 0, 0, -0, 0, 0, 0, 0, 0.317531445, -0.081782373, -0.110422363, -0.2928426, 0.442061128, -0.84777702, 0.791625977, -0.385131836, -0.474243164, -0.536233477, -0.80991339, -0.237132664, 0, 3, 5, 1, 
992.802947, 70, 0.1, 0.1, -0.0116281634, 0.375937152, -0.0199785778, 0.992143117, 1.12994108e-005, 0.125108095, 0.125108095, -1.81270079e-005, -0.992143117, -8.94279724e-006, 1, -1.93982338e-005, 0.99214315, -4.53218243e-006, 0.125107836, 0.125107836, -2.36171154e-006, -0.99214315, 4.79204238e-006, 1, -1.77614439e-006, 0, 0, 0, 0, 0, 0, 0, 0.269568188, -0.107855615, -0.134441064, -0.495502028, 0.737252823, -0.459169752, -0.736572266, -0.0765380859, 0.671875, 0.460255296, 0.671252797, 0.581182562, 0, 0, -0, 0, 0, 0, 0, 0.317531445, -0.081782373, -0.110422363, -0.2928426, 0.442061128, -0.84777702, 0.791625977, -0.385131836, -0.474243164, -0.536233477, -0.80991339, -0.237132664, 0, 3, 5, 1, 
992.803633, 70, 0.1, 0.1, -0.0116281712, 0.375937162, -0.0199856921, 0.992142968, -7.40438455e-007, 0.125109277, 0.125109277, -1.55770725e-005, -0.992142968, 2.68345708e-006, 1, -1.53620473e-005, 0.992142996, 1.17866134e-005, 0.125109055, 0.125109055, -2.53960648e-005, -0.992142996, -8.51672826e-006, 1, -2.66711398e-005, 0, 0, 0, 0, 0, 0, 0, 0.269568188, -0.107855615, -0.134441064, -0.495502028, 0.737252823, -0.459169752, -0.736572266, -0.0765380859, 0.671875, 0.460255296, 0.671252797, 0.581182562, 0, 0, -0, 0, 0, 0, 0, 0.317531445, -0.081782373, -0.110422363, -0.2928426, 0.442061128, -0.84777702, 0.791625977, -0.385131836, -0.474243164, -0.536233477, -0.80991339, -0.237132664, 0, 3, 5, 1, 
992.804322, 70, 0.1, 0.1, -0.0116281743, 0.375937163, -0.0199877834, 0.99214286, 7.3399956e-007, 0.125110136, 0.125110136, 1.79829469e-005, -0.992142859, -2.97808135e-006, 1, 1.77498216e-005, 0.992142878, -7.86168888e-006, 0.125109989, 0.125109989, 1.88992674e-005, -0.992142878, 5.4354315e-006, 1, 1.97343494e-005, 0, 0, 0, 0, 0, 0, 0, 0.269568188, -0.107855615, -0.134441064, -0.495502028, 0.737252823, -0.459169752, -0.736572266, -0.0765380859, 0.671875, 0.460255296, 0.671252797, 0.581182562, 0, 0, -0, 0, 0, 0, 0, 0.317531445, -0.081782373, -0.110422363, -0.2928426, 0.442061128, -0.84777702, 0.791625977, -0.385131836, -0.474243164, -0.536233477, -0.80991339, -0.237132664, 0, 3, 5, 1, 
992.805056, 70, 0.1, 0.1, -0.0116281798, 0.37593717, -0.0199839956, 0.992142788, -6.23428936e-006, 0.125110706, 0.125110706, -2.68897566e-005, -0.992142787, 9.54950164e-006, 1, -2.58985017e-005, 0.992142799, -3.21187428e-006, 0.12511062, 0.12511062, -2.38946384e-005, -0.992142798, 6.17611096e-006, 1, -2.33050538e-005, 0, 0, 0, 0, 0, 0, 0, 0.271129028, -0.109119897, -0.133796606, -0.499547398, 0.734201567, -0.459765476, -0.737670898, -0.0822753906, 0.670043945, 0.454222056, 0.673837132, 0.58288361, 0, 0, -0, 0, 0, 0, 0, 0.318954639, -0.0825961426, -0.109378418, -0.293467831, 0.440936064, -0.848154351, 0.795410156, -0.379516602, -0.472412109, -0.530284799, -0.81322295, -0.239381691, 0, 3, 5, 1, 
992.805745, 70, 0.1, 0.1, -0.011628184, 0.375937174, -0.0199764373, 0.992142732, -3.74890696e-006, 0.125111149, 0.125111149, 1.036926e-005, -0.992142732, 2.42214076e-006, 1, 1.0756816e-005, 0.992142744, -5.50906676e-006, 0.125111054, 0.125111054, 9.83534833e-006, -0.992142744, 4.23526981e-006, 1, 1.04473146e-005, 0, 0, 0, 0, 0, 0, 0, 0.271129028, -0.109119897, -0.133796606, -0.499547398, 0.734201567, -0.459765476, -0.737670898, -0.0822753906, 0.670043945, 0.454222056, 0.673837132, 0.58288361, 0, 0, -0, 0, 0, 0, 0, 0.318954639, -0.0825961426, -0.109378418, -0.293467831, 0.440936064, -0.848154351, 0.795410156, -0.379516602, -0.472412109, -0.530284799, -0.81322295, -0.239381691, 0, 3, 5, 1, 
992.806448, 70, 0.1, 0.1, -0.0116281881, 0.37593718, -0.0199674066, 0.992142693, -2.20997207e-005, 0.125111454, 0.125111454, -4.42948684e-006, -0.992142693, 2.24802559e-005, 1, -1.6297548e-006, 0.992142696, -1.43648097e-005, 0.125111431, 0.125111431, -1.73532731e-005, -0.992142696, 1.64230338e-005, 1, -1.54197213e-005, 0, 0, 0, 0, 0, 0, 0, 0.271129028, -0.109119897, -0.133796606, -0.499547398, 0.734201567, -0.459765476, -0.737670898, -0.0822753906, 0.670043945, 0.454222056, 0.673837132, 0.58288361, 0, 0, -0, 0, 0, 0, 0, 0.318954639, -0.0825961426, -0.109378418, -0.293467831, 0.440936064, -0.848154351, 0.795410156, -0.379516602, -0.472412109, -0.530284799, -0.81322295, -0.239381691, 0, 3, 5, 1, 
992.807138, 70, 0.1, 0.1, -0.011628195, 0.37593718, -0.0199601759, 0.99214272, 3.77863551e-005, 0.125111236, 0.125111236, -1.61982846e-006, -0.992142721, -3.72867984e-005, 0.999999999, -6.33459861e-006, 0.992142709, 3.49884959e-005, 0.125111327, 0.125111326, 2.32818359e-005, -0.992142709, -3.76264025e-005, 0.999999999, 1.87214466e-005, 0, 0, 0, 0, 0, 0, 0, 0.271129028, -0.109119897, -0.133796606, -0.499547398, 0.734201567, -0.459765476, -0.737670898, -0.0822753906, 0.670043945, 0.454222056, 0.673837132, 0.58288361, 0, 0, -0, 0, 0, 0, 0, 0.318954639, -0.0825961426, -0.109378418, -0.293467831, 0.440936064, -0.848154351, 0.795410156, -0.379516602, -0.472412109, -0.530284799, -0.81322295, -0.239381691, 0, 3, 5, 1, 
992.807825, 70, 0.1, 0.1, -0.0116281991, 0.375937182, -0.0199563274, 0.992142819, -1.97705586e-006, 0.12511046, 0.125110459, 3.71040051e-005, -0.992142818, -2.68057736e-006, 0.999999999, 3.70598226e-005, 0.992142794, -1.51038152e-005, 0.125110653, 0.125110654, 2.34579887e-005, -0.992142794, 1.20502971e-005, 1, 2.51633227e-005, 0, 0, 0, 0, 0, 0, 0, 0.271129028, -0.109119897, -0.133796606, -0.499547398, 0.734201567, -0.459765476, -0.737670898, -0.0822753906, 0.670043945, 0.454222056, 0.673837132, 0.58288361, 0, 0, -0, 0, 0, 0, 0, 0.318954639, -0.0825961426, -0.109378418, -0.293467831, 0.440936064, -0.848154351, 0.795410156, -0.379516602, -0.472412109, -0.530284799, -0.81322295, -0.239381691, 0, 3, 5, 1, 
992.808513, 70, 0.1, 0.1, -0.0116282036, 0.375937186, -0.0199567253, 0.992142922, 1.30731044e-005, 0.125109642, 0.125109642, -2.37555212e-005, -0.992142922, -9.99834323e-006, 1, -2.52044437e-005, 0.992142906, 1.17146864e-005, 0.12510977, 0.125109771, -2.35770783e-005, -0.992142905, -8.67292012e-006, 1, -2.48574527e-005, 0, 0, 0, 0, 0, 0, 0, 0.271129028, -0.109119897, -0.133796606, -0.499547398, 0.734201567, -0.459765476, -0.737670898, -0.0822753906, 0.670043945, 0.454222056, 0.673837132, 0.58288361, 0, 0, -0, 0, 0, 0, 0, 0.318954639, -0.0825961426, -0.109378418, -0.293467831, 0.440936064, -0.848154351, 0.795410156, -0.379516602, -0.472412109, -0.530284799, -0.81322295, -0.239381691, 0, 3, 5, 1, 
992.809201, 70, 0.1, 0.1, -0.0116282086, 0.375937187, -0.0199609263, 0.992143018, 2.88232411e-006, 0.125108878, 0.125108878, 1.06241843e-005, -0.992143018, -4.18885752e-006, 1, 1.01801059e-005, 0.992142998, 1.16163317e-005, 0.12510904, 0.125109039, 2.54725572e-005, -0.992142998, -1.47119094e-005, 1, 2.38191112e-005, 0, 0, 0, 0, 0, 0, 0, 0.271129028, -0.109119897, -0.133796606, -0.499547398, 0.734201567, -0.459765476, -0.737670898, -0.0822753906, 0.670043945, 0.454222056, 0.673837132, 0.58288361, 0, 0, -0, 0, 0, 0, 0, 0.318954639, -0.0825961426, -0.109378418, -0.293467831, 0.440936064, -0.848154351, 0.795410156, -0.379516602, -0.472412109, -0.530284799, -0.81322295, -0.239381691, 0, 3, 5, 1, 
992.809917, 70, 0.1, 0.1, -0.01162821, 0.375937196, -0.0199674531, 0.992143116, 5.84863449e-006, 0.125108105, 0.125108105, -4.52086463e-007, -0.992143116, -5.74612276e-006, 1, -1.18024605e-006, 0.992143098, -1.240866e-005, 0.125108241, 0.125108241, -2.26512775e-005, -0.992143098, 1.51450279e-005, 1, -2.0920883e-005, 0, 0, 0, 0, 0, 0, 0, 0.2726729, -0.109947217, -0.133139209, -0.503935374, 0.730947369, -0.460075882, -0.73815918, -0.0880126953, 0.668701172, 0.44836667, 0.676700793, 0.584045101, 0, 0, -0, 0, 0, 0, 0, 0.320167773, -0.0836214355, -0.108334473, -0.29382474, 0.439906882, -0.848531683, 0.799072266, -0.374145508, -0.470581055, -0.524553404, -0.816276946, -0.241630719, 0, 3, 5, 1, 
992.810603, 70, 0.1, 0.1, -0.0116282141, 0.375937191, -0.0199739694, 0.992143155, -1.55962781e-005, 0.125107792, 0.125107792, 3.72348502e-005, -0.992143154, 1.08153706e-005, 0.999999999, 3.88935177e-005, 0.992143151, -1.04193159e-005, 0.125107822, 0.125107822, 4.89784115e-005, -0.99214315, 4.2098705e-006, 0.999999999, 4.98971335e-005, 0, 0, 0, 0, 0, 0, 0, 0.2726729, -0.109947217, -0.133139209, -0.503935374, 0.730947369, -0.460075882, -0.73815918, -0.0880126953, 0.668701172, 0.44836667, 0.676700793, 0.584045101, 0, 0, -0, 0, 0, 0, 0, 0.320167773, -0.0836214355, -0.108334473, -0.29382474, 0.439906882, -0.848531683, 0.799072266, -0.374145508, -0.470581055, -0.524553404, -0.816276946, -0.241630719, 0, 3, 5, 1, 
992.811289, 70, 0.1, 0.1, -0.0116282202, 0.375937197, -0.0199789434, 0.992143143, 2.56884174e-005, 0.125107885, 0.125107886, -3.16519351e-005, -0.992143143, -2.15266806e-005, 0.999999999, -3.46170739e-005, 0.992143147, 2.43820784e-005, 0.125107854, 0.125107854, -2.95583641e-005, -0.992143147, -2.04925285e-005, 0.999999999, -3.23765179e-005, 0, 0, 0, 0, 0, 0, 0, 0.2726729, -0.109947217, -0.133139209, -0.503935374, 0.730947369, -0.460075882, -0.73815918, -0.0880126953, 0.668701172, 0.44836667, 0.676700793, 0.584045101, 0, 0, -0, 0, 0, 0, 0, 0.320167773, -0.0836214355, -0.108334473, -0.29382474, 0.439906882, -0.848531683, 0.799072266, -0.374145508, -0.470581055, -0.524553404, -0.816276946, -0.241630719, 0, 3, 5, 1, 
992.811982, 70, 0.1, 0.1, -0.0116282229, 0.3759372, -0.0199810029, 0.992143133, -2.81770116e-005, 0.125107964, 0.125107965, 3.25236571e-005, -0.992143133, 2.38866601e-005, 0.999999999, 3.57932916e-005, 0.992143132, -2.29101214e-005, 0.125107976, 0.125107977, 1.815133e-005, -0.992143132, 2.04592434e-005, 1, 2.08749564e-005, 0, 0, 0, 0, 0, 0, 0, 0.2726729, -0.109947217, -0.133139209, -0.503935374, 0.730947369, -0.460075882, -0.73815918, -0.0880126953, 0.668701172, 0.44836667, 0.676700793, 0.584045101, 0, 0, -0, 0, 0, 0, 0, 0.320167773, -0.0836214355, -0.108334473, -0.29382474, 0.439906882, -0.848531683, 0.799072266, -0.374145508, -0.470581055, -0.524553404, -0.816276946, -0.241630719, 0, 3, 5, 1, 
992.812684, 70, 0.1, 0.1, -0.0116282252, 0.375937198, -0.0199795601, 0.992143161, 6.64342328e-006, 0.125107749, 0.125107749, 7.72093528e-006, -0.992143161, -7.5571758e-006, 1, 6.8291294e-006, 0.992143152, 3.95838583e-006, 0.12510782, 0.125107819, 2.62024904e-005, -0.992143151, -7.20542184e-006, 1, 2.55013964e-005, 0, 0, 0, 0, 0, 0, 0, 0.2726729, -0.109947217, -0.133139209, -0.503935374, 0.730947369, -0.460075882, -0.73815918, -0.0880126953, 0.668701172, 0.44836667, 0.676700793, 0.584045101, 0, 0, -0, 0, 0, 0, 0, 0.320923291, -0.0843104492, -0.108715283, -0.297382933, 0.440417642, -0.847004868, 0.80078125, -0.367919922, -0.47253418, -0.519894934, -0.81880086, -0.243311385, 0, 3, 5, 1, 
992.813378, 70, 0.1, 0.1, -0.0116282281, 0.375937208, -0.0199753711, 0.992143226, -1.55143428e-006, 0.125107233, 0.125107233, -3.46405798e-005, -0.992143225, 5.8730321e-006, 0.999999999, -3.41743209e-005, 0.992143213, -9.67137327e-006, 0.125107335, 0.125107334, -4.44912217e-005, -0.992143212, 1.51615655e-005, 0.999999999, -4.29317039e-005, 0, 0, 0, 0, 0, 0, 0, 0.2726729, -0.109947217, -0.133139209, -0.503935374, 0.730947369, -0.460075882, -0.73815918, -0.0880126953, 0.668701172, 0.44836667, 0.676700793, 0.584045101, 0, 0, -0, 0, 0, 0, 0, 0.320923291, -0.0843104492, -0.108715283, -0.297382933, 0.440417642, -0.847004868, 0.80078125, -0.367919922, -0.47253418, -0.519894934, -0.81880086, -0.243311385, 0, 3, 5, 1, 
992.814066, 70, 0.1, 0.1, -0.0116282333, 0.375937209, -0.0199699203, 0.992143258, -1.45084061e-005, 0.125106973, 0.125106974, 2.12738362e-005, -0.992143258, 1.1732912e-005, 1, 2.29217959e-005, 0.992143256, 3.38966443e-006, 0.125106991, 0.12510699, 2.84326001e-005, -0.992143256, -6.92014973e-006, 1, 2.77851417e-005, 0, 0, 0, 0, 0, 0, 0, 0.2726729, -0.109947217, -0.133139209, -0.503935374, 0.730947369, -0.460075882, -0.73815918, -0.0880126953, 0.668701172, 0.44836667, 0.676700793, 0.584045101, 0, 0, -0, 0, 0, 0, 0, 0.320923291, -0.0843104492, -0.108715283, -0.297382933, 0.440417642, -0.847004868, 0.80078125, -0.367919922, -0.47253418, -0.519894934, -0.81880086, -0.243311385, 0, 3, 5, 1, 
992.814769, 70, 0.1, 0.1, -0.0116282378, 0.375937216, -0.0199646248, 0.992143226, 3.09717697e-005, 0.125107229, 0.125107229, -1.57363711e-005, -0.992143226, -2.87596977e-005, 0.999999999, -1.94875263e-005, 0.992143238, 2.16957795e-005, 0.125107137, 0.125107138, -2.75310814e-005, -0.992143237, -1.80809862e-005, 0.999999999, -3.00290731e-005, 0, 0, 0, 0, 0, 0, 0, 0.273531177, -0.110915503, -0.1334198, -0.508785402, 0.72943728, -0.456940007, -0.736816406, -0.0947265625, 0.669311523, 0.445056305, 0.677310743, 0.585896674, 0, 0, -0, 0, 0, 0, 0, 0.320923291, -0.0843104492, -0.108715283, -0.297382933, 0.440417642, -0.847004868, 0.80078125, -0.367919922, -0.47253418, -0.519894934, -0.81880086, -0.243311385, 0, 3, 5, 1, 
992.815461, 70, 0.1, 0.1, -0.0116282412, 0.375937219, -0.019961209, 0.992143135, -1.91459535e-005, 0.125107947, 0.125107947, -1.04176335e-005, -0.992143136, 2.02988551e-005, 1, -7.94047266e-006, 0.992143156, -2.06568184e-005, 0.125107783, 0.125107783, -8.53367645e-006, -0.992143156, 2.15621504e-005, 1, -5.88229993e-006, 0, 0, 0, 0, 0, 0, 0, 0.273531177, -0.110915503, -0.1334198, -0.508785402, 0.72943728, -0.456940007, -0.736816406, -0.0947265625, 0.669311523, 0.445056305, 0.677310743, 0.585896674, 0, 0, -0, 0, 0, 0, 0, 0.320923291, -0.0843104492, -0.108715283, -0.297382933, 0.440417642, -0.847004868, 0.80078125, -0.367919922, -0.47253418, -0.519894934, -0.81880086, -0.243311385, 0, 3, 5, 1, 
992.816149, 70, 0.1, 0.1, -0.0116282483, 0.375937222, -0.0199605659, 0.99214304, 1.58414103e-005, 0.125108704, 0.125108705, -6.87691351e-006, -0.99214304, -1.48565833e-005, 1, -8.8047802e-006, 0.992143058, 2.78375123e-005, 0.125108559, 0.125108559, 9.43401041e-006, -0.992143058, -2.87990701e-005, 1, 5.8771769e-006, 0, 0, 0, 0, 0, 0, 0, 0.273531177, -0.110915503, -0.1334198, -0.508785402, 0.72943728, -0.456940007, -0.736816406, -0.0947265625, 0.669311523, 0.445056305, 0.677310743, 0.585896674, 0, 0, -0, 0, 0, 0, 0, 0.320923291, -0.0843104492, -0.108715283, -0.297382933, 0.440417642, -0.847004868, 0.80078125, -0.367919922, -0.47253418, -0.519894934, -0.81880086, -0.243311385, 0, 3, 5, 1, 
992.816853, 70, 0.1, 0.1, -0.0116282497, 0.375937223, -0.0199627268, 0.992142996, 1.13912644e-005, 0.125109056, 0.125109055, 2.48716394e-005, -0.992142996, -1.44134305e-005, 1, 2.32510725e-005, 0.992142999, -1.42324355e-005, 0.125109027, 0.125109027, 2.60831253e-005, -0.992142999, 1.08573769e-005, 1, 2.76587963e-005, 0, 0, 0, 0, 0, 0, 0, 0.273531177, -0.110915503, -0.1334198, -0.514467419, 0.727400739, -0.453987979, -0.735717773, -0.102539063, 0.669311523, 0.440394611, 0.678498443, 0.588148142, 0, 0, -0, 0, 0, 0, 0, 0.320923291, -0.0843104492, -0.108715283, -0.297382933, 0.440417642, -0.847004868, 0.80078125, -0.367919922, -0.47253418, -0.519894934, -0.81880086, -0.243311385, 0, 3, 5, 1, 
992.817554, 70, 0.1, 0.1, -0.0116282555, 0.37593723, -0.0199665296, 0.992143026, -1.63425497e-005, 0.125108817, 0.125108817, -2.75736671e-005, -0.992143026, 1.96638556e-005, 0.999999999, -2.53124244e-005, 0.992143015, -4.3416757e-006, 0.125108906, 0.125108906, -3.50156475e-005, -0.992143014, 8.68833256e-006, 0.999999999, -3.41973478e-005, 0, 0, 0, 0, 0, 0, 0, 0.274789307, -0.111462451, -0.133708569, -0.514467419, 0.727400739, -0.453987979, -0.735717773, -0.102539063, 0.669311523, 0.440394611, 0.678498443, 0.588148142, 0, 0, -0, 0, 0, 0, 0, 0.321963818, -0.0848311523, -0.108692822, -0.300302034, 0.440238271, -0.846072301, 0.803344727, -0.361572266, -0.473144531, -0.514310094, -0.821765538, -0.245177252, 0, 3, 5, 1, 
992.818247, 70, 0.1, 0.1, -0.0116282588, 0.375937228, -0.0199710539, 0.992143112, 1.06612819e-005, 0.125108133, 0.125108133, 4.24564463e-005, -0.992143111, -1.58891641e-005, 0.999999999, 4.07890577e-005, 0.992143093, 1.04664131e-005, 0.125108286, 0.125108285, 4.62027199e-005, -0.992143092, -1.61645226e-005, 0.999999999, 4.45302744e-005, 0, 0, 0, 0, 0, 0, 0, 0.274789307, -0.111462451, -0.133708569, -0.514467419, 0.727400739, -0.453987979, -0.735717773, -0.102539063, 0.669311523, 0.440394611, 0.678498443, 0.588148142, 0, 0, -0, 0, 0, 0, 0, 0.321963818, -0.0848311523, -0.108692822, -0.300302034, 0.440238271, -0.846072301, 0.803344727, -0.361572266, -0.473144531, -0.514310094, -0.821765538, -0.245177252, 0, 3, 5, 1, 
992.818941, 70, 0.1, 0.1, -0.011628261, 0.375937234, -0.0199748974, 0.992143186, -2.33733873e-006, 0.12510755, 0.12510755, -5.08197468e-005, -0.992143184, 8.67690872e-006, 0.999999999, -5.01280468e-005, 0.992143176, -1.13352153e-005, 0.125107623, 0.125107622, -4.23895276e-005, -0.992143176, 1.65494096e-005, 0.999999999, -4.06383587e-005, 0, 0, 0, 0, 0, 0, 0, 0.274789307, -0.111462451, -0.133708569, -0.514467419, 0.727400739, -0.453987979, -0.735717773, -0.102539063, 0.669311523, 0.440394611, 0.678498443, 0.588148142, 0, 0, -0, 0, 0, 0, 0, 0.321963818, -0.0848311523, -0.108692822, -0.300302034, 0.440238271, -0.846072301, 0.803344727, -0.361572266, -0.473144531, -0.514310094, -0.821765538, -0.245177252, 0, 3, 5, 1, 
992.819626, 70, 0.1, 0.1, -0.0116282662, 0.375937241, -0.0199770532, 0.992143201, -1.10873209e-005, 0.125107424, 0.125107425, 2.07526196e-005, -0.992143201, 8.40390323e-006, 1, 2.19766766e-005, 0.992143202, 6.24749703e-006, 0.12510742, 0.12510742, -5.25181112e-006, -0.992143202, -5.54137117e-006, 1, -5.99215693e-006, 0, 0, 0, 0, 0, 0, 0, 0.274789307, -0.111462451, -0.133708569, -0.514467419, 0.727400739, -0.453987979, -0.735717773, -0.102539063, 0.669311523, 0.440394611, 0.678498443, 0.588148142, 0, 0, -0, 0, 0, 0, 0, 0.321963818, -0.0848311523, -0.108692822, -0.300302034, 0.440238271, -0.846072301, 0.803344727, -0.361572266, -0.473144531, -0.514310094, -0.821765538, -0.245177252, 0, 3, 5, 1, 
992.820331, 70, 0.1, 0.1, -0.0116282675, 0.375937235, -0.0199769077, 0.99214322, 4.60691125e-006, 0.125107277, 0.125107276, 4.0472779e-005, -0.992143219, -9.63415492e-006, 0.999999999, 3.95784352e-005, 0.992143214, -2.61625621e-006, 0.125107329, 0.125107329, 5.26919054e-005, -0.992143212, -3.99644269e-006, 0.999999999, 5.26052291e-005, 0, 0, 0, 0, 0, 0, 0, 0.274789307, -0.111462451, -0.133708569, -0.514467419, 0.727400739, -0.453987979, -0.735717773, -0.102539063, 0.669311523, 0.440394611, 0.678498443, 0.588148142, 0, 0, -0, 0, 0, 0, 0, 0.321963818, -0.0848311523, -0.108692822, -0.300302034, 0.440238271, -0.846072301, 0.803344727, -0.361572266, -0.473144531, -0.514310094, -0.821765538, -0.245177252, 0, 3, 5, 1, 
992.821022, 70, 0.1, 0.1, -0.0116282719, 0.375937242, -0.0199747474, 0.992143261, 7.21713893e-006, 0.125106955, 0.125106955, -3.6623731e-005, -0.99214326, -2.57855229e-006, 0.999999999, -3.72389022e-005, 0.992143254, 8.79565269e-006, 0.125107005, 0.125107006, -3.54014312e-005, -0.992143254, -4.29758044e-006, 0.999999999, -3.62236889e-005, 0, 0, 0, 0, 0, 0, 0, 0.274789307, -0.111462451, -0.133708569, -0.514467419, 0.727400739, -0.453987979, -0.735717773, -0.102539063, 0.669311523, 0.440394611, 0.678498443, 0.588148142, 0, 0, -0, 0, 0, 0, 0, 0.321963818, -0.0848311523, -0.108692822, -0.300302034, 0.440238271, -0.846072301, 0.803344727, -0.361572266, -0.473144531, -0.514310094, -0.821765538, -0.245177252, 0, 3, 5, 1, 
992.821722, 70, 0.1, 0.1, -0.0116282763, 0.375937244, -0.0199712239, 0.992143313, 1.86916597e-005, 0.125106535, 0.125106535, 3.1860982e-005, -0.992143313, -2.25308223e-005, 0.999999999, 2.92722115e-005, 0.9921433, 1.30814807e-005, 0.125106643, 0.125106642, 2.69463784e-005, -0.9921433, -1.63498744e-005, 1, 2.50980887e-005, 0, 0, 0, 0, 0, 0, 0, 0.275300708, -0.112398145, -0.133605054, -0.51739436, 0.726556767, -0.452076874, -0.735473633, -0.107299805, 0.668945313, 0.437521211, 0.678632115, 0.590070107, 0, 0, -0, 0, 0, 0, 0, 0.321963818, -0.0848311523, -0.108692822, -0.300302034, 0.440238271, -0.846072301, 0.803344727, -0.361572266, -0.473144531, -0.514310094, -0.821765538, -0.245177252, 0, 3, 5, 1, 
992.822433, 70, 0.1, 0.1, -0.0116282784, 0.375937249, -0.0199671517, 0.992143382, -2.23870203e-005, 0.125105993, 0.125105992, -3.63022007e-005, -0.992143382, 2.67527569e-005, 0.999999999, -3.32162377e-005, 0.99214337, -2.2162543e-005, 0.12510609, 0.125106089, -3.41980512e-005, -0.992143369, 2.62668045e-005, 0.999999999, -3.11567006e-005, 0, 0, 0, 0, 0, 0, 0, 0.275300708, -0.112398145, -0.133605054, -0.51739436, 0.726556767, -0.452076874, -0.735473633, -0.107299805, 0.668945313, 0.437521211, 0.678632115, 0.590070107, 0, 0, -0, 0, 0, 0, 0, 0.322352441, -0.085558252, -0.108671826, -0.302620691, 0.440116503, -0.845312175, 0.805175781, -0.356323242, -0.473754883, -0.509766829, -0.824110447, -0.246570272, 0, 3, 5, 1, 
992.823123, 70, 0.1, 0.1, -0.0116282814, 0.375937249, -0.0199642414, 0.992143419, -1.04053566e-005, 0.125105696, 0.125105696, 4.51382829e-005, -0.992143418, 4.67654974e-006, 0.999999999, 4.60854198e-005, 0.992143417, 3.113306e-006, 0.125105713, 0.125105712, 4.23380135e-005, -0.992143417, -8.38557339e-006, 0.999999999, 4.1615889e-005, 0, 0, 0, 0, 0, 0, 0, 0.275300708, -0.112398145, -0.133605054, -0.51739436, 0.726556767, -0.452076874, -0.735473633, -0.107299805, 0.668945313, 0.437521211, 0.678632115, 0.590070107, 0, 0, -0, 0, 0, 0, 0, 0.322352441, -0.085558252, -0.108671826, -0.302620691, 0.440116503, -0.845312175, 0.805175781, -0.356323242, -0.473754883, -0.509766829, -0.824110447, -0.246570272, 0, 3, 5, 1, 
992.823809, 70, 0.1, 0.1, -0.0116282836, 0.375937252, -0.0199632265, 0.992143435, -1.04797104e-005, 0.125105571, 0.12510557, -3.28673906e-005, -0.992143435, 1.45092695e-005, 0.999999999, -3.12980956e-005, 0.992143429, -9.44277253e-006, 0.125105618, 0.125105617, -2.81479723e-005, -0.992143429, 1.28900542e-005, 1, -2.67454818e-005, 0, 0, 0, 0, 0, 0, 0, 0.275300708, -0.112398145, -0.133605054, -0.51739436, 0.726556767, -0.452076874, -0.735473633, -0.107299805, 0.668945313, 0.437521211, 0.678632115, 0.590070107, 0, 0, -0, 0, 0, 0, 0, 0.322352441, -0.085558252, -0.108671826, -0.302620691, 0.440116503, -0.845312175, 0.805175781, -0.356323242, -0.473754883, -0.509766829, -0.824110447, -0.246570272, 0, 3, 5, 1, 
992.824494, 70, 0.1, 0.1, -0.0116282888, 0.375937252, -0.0199642748, 0.992143442, 3.62111944e-007, 0.125105518, 0.125105518, 4.32391921e-005, -0.992143441, -5.76872853e-006, 0.999999999, 4.28541787e-005, 0.992143445, 1.44204561e-005, 0.12510549, 0.125105489, 4.1283916e-005, -0.992143445, -1.94720055e-005, 0.999999999, 3.91554884e-005, 0, 0, 0, 0, 0, 0, 0, 0.275300708, -0.112398145, -0.133605054, -0.51739436, 0.726556767, -0.452076874, -0.735473633, -0.107299805, 0.668945313, 0.437521211, 0.678632115, 0.590070107, 0, 0, -0, 0, 0, 0, 0, 0.322352441, -0.085558252, -0.108671826, -0.302620691, 0.440116503, -0.845312175, 0.805175781, -0.356323242, -0.473754883, -0.509766829, -0.824110447, -0.246570272, 0, 3, 5, 1, 
992.825183, 70, 0.1, 0.1, -0.0116282882, 0.375937257, -0.0199669331, 0.992143382, 2.79982725e-006, 0.125105996, 0.125105996, -3.47039058e-005, -0.992143381, 1.56383661e-006, 0.999999999, -3.47815256e-005, 0.992143399, -1.7252504e-005, 0.125105855, 0.125105854, -3.17298355e-005, -0.992143399, 2.10865461e-005, 0.999999999, -2.93221576e-005, 0, 0, 0, 0, 0, 0, 0, 0.275300708, -0.112398145, -0.133605054, -0.51739436, 0.726556767, -0.452076874, -0.735473633, -0.107299805, 0.668945313, 0.437521211, 0.678632115, 0.590070107, 0, 0, -0, 0, 0, 0, 0, 0.322352441, -0.085558252, -0.108671826, -0.302620691, 0.440116503, -0.845312175, 0.805175781, -0.356323242, -0.473754883, -0.509766829, -0.824110447, -0.246570272, 0, 3, 5, 1, 
992.82587, 70, 0.1, 0.1, -0.0116282993, 0.375937258, -0.0199703349, 0.992143252, 3.01525858e-005, 0.125107021, 0.12510702, 3.15996791e-005, -0.992143252, -3.38690263e-005, 0.999999999, 2.75791082e-005, 0.992143281, 4.41754984e-005, 0.125106786, 0.125106784, 2.90235605e-005, -0.992143282, -4.74594683e-005, 0.999999999, 2.3268876e-005, 0, 0, 0, 0, 0, 0, 0, 0.275300708, -0.112398145, -0.133605054, -0.51739436, 0.726556767, -0.452076874, -0.735473633, -0.107299805, 0.668945313, 0.437521211, 0.678632115, 0.590070107, 0, 0, -0, 0, 0, 0, 0, 0.322352441, -0.085558252, -0.108671826, -0.302620691, 0.440116503, -0.845312175, 0.805175781, -0.356323242, -0.473754883, -0.509766829, -0.824110447, -0.246570272, 0, 3, 5, 1, 
992.826582, 70, 0.1, 0.1, -0.0116282967, 0.375937263, -0.0199734322, 0.992143073, -4.69291638e-005, 0.125108434, 0.125108433, -3.60555167e-005, -0.992143074, 5.1071294e-005, 0.999999998, -2.99009971e-005, 0.992143112, -4.66123372e-005, 0.125108128, 0.125108127, -3.15719613e-005, -0.992143112, 5.01960183e-005, 0.999999998, -2.54923217e-005, 0, 0, 0, 0, 0, 0, 0, 0.275520386, -0.113147949, -0.133696216, -0.521666638, 0.724945207, -0.449556941, -0.734008789, -0.112915039, 0.669677734, 0.434737299, 0.679381729, 0.591154092, 0, 0, -0, 0, 0, 0, 0, 0.322352441, -0.085558252, -0.108671826, -0.305706038, 0.439061801, -0.84476277, 0.807128906, -0.351074219, -0.474487305, -0.504935918, -0.826921641, -0.247126241, 0, 3, 5, 1, 
992.827269, 70, 0.1, 0.1, -0.0116283002, 0.375937266, -0.0199750447, 0.992142914, 4.74824499e-005, 0.125109696, 0.125109695, 2.28088844e-005, -0.992142915, -4.99629888e-005, 0.999999999, 1.66891582e-005, 0.99214294, 2.66915294e-005, 0.125109493, 0.125109492, 1.77960325e-005, -0.992142941, -2.87082651e-005, 0.999999999, 1.43168443e-005, 0, 0, 0, 0, 0, 0, 0, 0.275520386, -0.113147949, -0.133696216, -0.521666638, 0.724945207, -0.449556941, -0.734008789, -0.112915039, 0.669677734, 0.434737299, 0.679381729, 0.591154092, 0, 0, -0, 0, 0, 0, 0, 0.322919629, -0.0861336426, -0.108647168, -0.305706038, 0.439061801, -0.84476277, 0.807128906, -0.351074219, -0.474487305, -0.504935918, -0.826921641, -0.247126241, 0, 3, 5, 1, 
992.827955, 70, 0.1, 0.1, -0.011628313, 0.375937267, -0.0199751621, 0.99214282, 2.09654209e-005, 0.125110445, 0.125110445, 1.19471304e-005, -0.992142821, -2.22954026e-005, 1, 9.23026656e-006, 0.992142835, 4.42368788e-005, 0.125110325, 0.125110325, 4.36956955e-006, -0.992142836, -4.44359807e-005, 0.999999999, -1.19925318e-006, 0, 0, 0, 0, 0, 0, 0, 0.275520386, -0.113147949, -0.133696216, -0.521666638, 0.724945207, -0.449556941, -0.734008789, -0.112915039, 0.669677734, 0.434737299, 0.679381729, 0.591154092, 0, 0, -0, 0, 0, 0, 0, 0.322919629, -0.0861336426, -0.108647168, -0.305706038, 0.439061801, -0.84476277, 0.807128906, -0.351074219, -0.474487305, -0.504935918, -0.826921641, -0.247126241, 0, 3, 5, 1, 
992.828646, 70, 0.1, 0.1, -0.0116283103, 0.375937271, -0.0199738014, 0.99214271, -3.30998914e-005, 0.125111322, 0.125111321, -1.21161405e-005, -0.99214271, 3.43556823e-005, 0.999999999, -7.8797693e-006, 0.992142733, -3.943495e-005, 0.125111136, 0.125111135, -1.62893167e-005, -0.992142733, 4.1163074e-005, 0.999999999, -1.12275758e-005, 0, 0, 0, 0, 0, 0, 0, 0.275520386, -0.113147949, -0.133696216, -0.521666638, 0.724945207, -0.449556941, -0.734008789, -0.112915039, 0.669677734, 0.434737299, 0.679381729, 0.591154092, 0, 0, -0, 0, 0, 0, 0, 0.322919629, -0.0861336426, -0.108647168, -0.305706038, 0.439061801, -0.84476277, 0.807128906, -0.351074219, -0.474487305, -0.504935918, -0.826921641, -0.247126241, 0, 3, 5, 1, 
992.82936, 70, 0.1, 0.1, -0.0116283156, 0.375937273, -0.0199711122, 0.992142616, 2.02484977e-005, 0.125112068, 0.125112068, -1.26464348e-006, -0.992142616, -1.99311753e-005, 1, -3.78803812e-006, 0.992142631, 2.48887172e-005, 0.125111943, 0.125111943, 5.39509824e-006, -0.992142632, -2.53681487e-005, 1, 2.23883119e-006, 0, 0, 0, 0, 0, 0, 0, 0.27625564, -0.114126489, -0.133669116, -0.524618666, 0.723187992, -0.44903648, -0.733276367, -0.115966797, 0.669921875, 0.432485832, 0.680772372, 0.591318843, 0, 0, -0, 0, 0, 0, 0, 0.323264307, -0.0873384766, -0.108612256, -0.308063341, 0.438256466, -0.844289923, 0.807861328, -0.348022461, -0.475463867, -0.502360598, -0.82860194, -0.2469538, 0, 3, 5, 1, 
992.830047, 70, 0.1, 0.1, -0.0116283147, 0.375937276, -0.0199682892, 0.992142548, -2.26691865e-005, 0.125112608, 0.125112608, -1.19274161e-005, -0.992142548, 2.39833346e-005, 1, -8.99749592e-006, 0.992142562, -3.31320766e-005, 0.125112493, 0.125112493, 3.04789786e-006, -0.992142562, 3.24904133e-005, 0.999999999, 7.16918588e-006, 0, 0, 0, 0, 0, 0, 0, 0.27625564, -0.114126489, -0.133669116, -0.524618666, 0.723187992, -0.44903648, -0.733276367, -0.115966797, 0.669921875, 0.432485832, 0.680772372, 0.591318843, 0, 0, -0, 0, 0, 0, 0, 0.323264307, -0.0873384766, -0.108612256, -0.308063341, 0.438256466, -0.844289923, 0.807861328, -0.348022461, -0.475463867, -0.502360598, -0.82860194, -0.2469538, 0, 3, 5, 1, 
992.830731, 70, 0.1, 0.1, -0.0116283227, 0.375937278, -0.0199662047, 0.992142446, 3.383204e-005, 0.125113414, 0.125113414, 6.89746947e-006, -0.992142446, -3.44291688e-005, 0.999999999, 2.61043022e-006, 0.992142467, 3.99724545e-005, 0.125113245, 0.125113245, 1.37995533e-005, -0.992142467, -4.13848766e-005, 0.999999999, 8.69003938e-006, 0, 0, 0, 0, 0, 0, 0, 0.27625564, -0.114126489, -0.133669116, -0.524618666, 0.723187992, -0.44903648, -0.733276367, -0.115966797, 0.669921875, 0.432485832, 0.680772372, 0.591318843, 0, 0, -0, 0, 0, 0, 0, 0.323264307, -0.0873384766, -0.108612256, -0.308063341, 0.438256466, -0.844289923, 0.807861328, -0.348022461, -0.475463867, -0.502360598, -0.82860194, -0.2469538, 0, 3, 5, 1, 
992.831421, 70, 0.1, 0.1, -0.0116283227, 0.375937283, -0.0199653395, 0.992142374, -2.63014924e-005, 0.125113982, 0.125113982, 4.92220675e-006, -0.992142375, 2.54789883e-005, 1, 8.17421435e-006, 0.992142383, -3.24546556e-005, 0.125113912, 0.125113912, -9.43534931e-007, -0.992142383, 3.23176887e-005, 0.999999999, 3.12440794e-006, 0, 0, 0, 0, 0, 0, 0, 0.27625564, -0.114126489, -0.133669116, -0.524618666, 0.723187992, -0.44903648, -0.733276367, -0.115966797, 0.669921875, 0.432485832, 0.680772372, 0.591318843, 0, 0, -0, 0, 0, 0, 0, 0.323264307, -0.0873384766, -0.108612256, -0.308063341, 0.438256466, -0.844289923, 0.807861328, -0.348022461, -0.475463867, -0.502360598, -0.82860194, -0.2469538, 0, 3, 5, 1, 
992.832109, 70, 0.1, 0.1, -0.0116283304, 0.375937286, -0.0199659117, 0.992142338, 3.11754113e-005, 0.125114265, 0.125114265, 6.47677942e-006, -0.992142339, -3.1740783e-005, 0.999999999, 2.52539842e-006, 0.992142347, 4.05369512e-005, 0.125114198, 0.125114199, -7.79370572e-006, -0.992142347, -3.92433227e-005, 0.999999999, -1.28042136e-005, 0, 0, 0, 0, 0, 0, 0, 0.27625564, -0.114126489, -0.133669116, -0.524618666, 0.723187992, -0.44903648, -0.733276367, -0.115966797, 0.669921875, 0.432485832, 0.680772372, 0.591318843, 0, 0, -0, 0, 0, 0, 0, 0.323264307, -0.0873384766, -0.108612256, -0.308063341, 0.438256466, -0.844289923, 0.807861328, -0.348022461, -0.475463867, -0.502360598, -0.82860194, -0.2469538, 0, 3, 5, 1, 
