time, trialNum, realDorsalTactorPos, realVentralTactorPos, boxPosX, boxPosY, boxPosZ, boxLocalRot_11, boxLocalRot_12, boxLocalRot_13, boxLocalRot_21, boxLocalRot_22, boxLocalRot_23, boxLocalRot_31, boxLocalRot_32, boxLocalRot_33, boxGlobalRot_11, boxGlobalRot_12, boxGlobalRot_13, boxGlobalRot_21, boxGlobalRot_22, boxGlobalRot_23, boxGlobalRot_31, boxGlobalRot_32, boxGlobalRot_33, indexForceX, indexForceY, indexForceZ, indexForceGlobalX, indexForceGlobalY, indexForceGlobalZ, indexContact, indexPosX, indexPosY, indexPosZ, indexRot_11, indexRot_12, indexRot_13, indexRot_21, indexRot_22, indexRot_23, indexRot_31, indexRot_32, indexRot_33, thumbForceX, thumbForceY, thumbForceZ, thumbForceGlobalX, thumbForceGlobalY, thumbForceGlobalZ, thumbContact, thumbPosX, thumbPosY, thumbPosZ, thumbRot_11, thumbRot_12, thumbRot_13, thumbRot_21, thumbRot_22, thumbRot_23, thumbRot_31, thumbRot_32, thumbRot_33, manipForceTooHigh, cceExpType, mapping, trialSuccess, 
454.870463, 33, 0.1, 0.1, -0.00445864977, 0.375152041, -0.0199774264, 0.912868945, 2.03599181e-006, 0.408252728, 0.408252728, 7.00095928e-006, -0.912868945, -4.71675442e-006, 1, 5.5597591e-006, 0.912868923, -8.62696126e-006, 0.408252776, 0.408252776, 7.24755452e-006, -0.912868923, 4.91645059e-006, 1, 1.01380482e-005, 0, 0, 0, 0, 0, 0, 0, 0.25740293, -0.0714692627, -0.200505884, -0.0899420225, 0.822969964, -0.560747157, -0.927612305, 0.135620117, 0.347900391, 0.362280304, 0.551511064, 0.751389984, 0, -0, 0, 0, 0, 0, 0, 0.308775391, -0.0316451172, -0.169789258, -0.0454531485, 0.516566473, -0.85490145, -0.251953125, -0.833984375, -0.490600586, -0.966589193, 0.193238072, 0.168151413, 0, 3, 1, 1, 
454.90124, 33, 0.1, 0.1, -0.00445867789, 0.375152126, -0.0199709899, 0.912869823, -6.57407287e-006, 0.408250763, 0.408250763, -9.08681858e-006, -0.912869823, 9.71097336e-006, 1, -5.6112122e-006, 0.912869834, 3.75395142e-006, 0.40825074, 0.40825074, 6.36721505e-006, -0.912869834, -6.02628926e-006, 1, 4.2798851e-006, 0, 0, 0, 0, 0, 0, 0, 0.270691821, -0.0987921631, -0.185996167, -0.165102312, 0.806023855, -0.568428263, -0.924804687, 0.0737304687, 0.373168945, 0.342668581, 0.587317703, 0.73332621, 0, -0, 0, 0, 0, 0, 0, 0.318620215, -0.0535307617, -0.158246045, -0.108179129, 0.501420022, -0.858251087, -0.211791992, -0.855102539, -0.472900391, -0.971218076, 0.130642989, 0.198853258, 0, 3, 1, 1, 
454.901934, 33, 0.1, 0.1, -0.00445867828, 0.375152127, -0.0199681246, 0.912869825, 6.09164051e-006, 0.40825076, 0.40825076, -3.18939676e-006, -0.912869825, -4.25880116e-006, 1, -5.39842093e-006, 0.912869817, 1.15607303e-005, 0.408250778, 0.408250778, -1.13257789e-006, -0.912869817, -1.0091066e-005, 1, -5.75357333e-006, 0, 0, 0, 0, 0, 0, 0, 0.270691821, -0.0987921631, -0.185996167, -0.165102312, 0.806023855, -0.568428263, -0.924804687, 0.0737304687, 0.373168945, 0.342668581, 0.587317703, 0.73332621, 0, -0, 0, 0, 0, 0, 0, 0.320154785, -0.0562879395, -0.156417139, -0.108179129, 0.501420022, -0.858251087, -0.211791992, -0.855102539, -0.472900391, -0.971218076, 0.130642989, 0.198853258, 0, 3, 1, 1, 
454.902628, 33, 0.1, 0.1, -0.00445867773, 0.375152128, -0.0199658886, 0.912869842, 7.34767559e-006, 0.408250721, 0.408250721, 1.10502095e-005, -0.912869842, -1.12187275e-005, 1, 7.08770917e-006, 0.912869849, 7.13868943e-006, 0.408250706, 0.408250706, -1.07213275e-006, -0.912869849, -6.07899539e-006, 1, -3.89309266e-006, 0, 0, 0, 0, 0, 0, 0, 0.270691821, -0.0987921631, -0.185996167, -0.165102312, 0.806023855, -0.568428263, -0.924804687, 0.0737304687, 0.373168945, 0.342668581, 0.587317703, 0.73332621, 0, -0, 0, 0, 0, 0, 0, 0.320154785, -0.0562879395, -0.156417139, -0.108179129, 0.501420022, -0.858251087, -0.211791992, -0.855102539, -0.472900391, -0.971218076, 0.130642989, 0.198853258, 0, 3, 1, 1, 
454.903335, 33, 0.1, 0.1, -0.00445867702, 0.375152129, -0.0199648265, 0.912869807, 4.45528433e-006, 0.4082508, 0.408250799, 9.68384933e-006, -0.912869807, -8.02053378e-006, 1, 7.02122028e-006, 0.912869807, -1.14279374e-005, 0.4082508, 0.4082508, 3.04171997e-006, -0.912869807, 9.19043435e-006, 1, 7.44215889e-006, 0, 0, 0, 0, 0, 0, 0, 0.270691821, -0.0987921631, -0.185996167, -0.165102312, 0.806023855, -0.568428263, -0.924804687, 0.0737304687, 0.373168945, 0.342668581, 0.587317703, 0.73332621, 0, -0, 0, 0, 0, 0, 0, 0.320154785, -0.0562879395, -0.156417139, -0.108179129, 0.501420022, -0.858251087, -0.211791992, -0.855102539, -0.472900391, -0.971218076, 0.130642989, 0.198853258, 0, 3, 1, 1, 
454.90403, 33, 0.1, 0.1, -0.00445867721, 0.37515213, -0.0199651908, 0.912869851, -4.24102014e-006, 0.408250702, 0.408250702, -6.85183273e-006, -0.912869851, 6.66876494e-006, 1, -4.52343207e-006, 0.912869844, -1.44309135e-005, 0.408250717, 0.408250717, 4.40348041e-007, -0.912869844, 1.29937733e-005, 1, 6.29341124e-006, 0, 0, 0, 0, 0, 0, 0, 0.270691821, -0.0987921631, -0.185996167, -0.165102312, 0.806023855, -0.568428263, -0.924804687, 0.0737304687, 0.373168945, 0.342668581, 0.587317703, 0.73332621, 0, -0, 0, 0, 0, 0, 0, 0.320154785, -0.0562879395, -0.156417139, -0.108179129, 0.501420022, -0.858251087, -0.211791992, -0.855102539, -0.472900391, -0.971218076, 0.130642989, 0.198853258, 0, 3, 1, 1, 
454.904719, 33, 0.1, 0.1, -0.00445867829, 0.375152131, -0.019966866, 0.912869818, -8.04785301e-006, 0.408250774, 0.408250774, -7.99427794e-006, -0.912869818, 1.06103123e-005, 1, -4.01219283e-006, 0.912869826, -3.51953092e-006, 0.408250756, 0.408250756, -6.05141118e-006, -0.912869826, 5.68336678e-006, 1, -4.08729951e-006, 0, 0, 0, 0, 0, 0, 0, 0.270691821, -0.0987921631, -0.185996167, -0.165102312, 0.806023855, -0.568428263, -0.924804687, 0.0737304687, 0.373168945, 0.342668581, 0.587317703, 0.73332621, 0, -0, 0, 0, 0, 0, 0, 0.320154785, -0.0562879395, -0.156417139, -0.108179129, 0.501420022, -0.858251087, -0.211791992, -0.855102539, -0.472900391, -0.971218076, 0.130642989, 0.198853258, 0, 3, 1, 1, 
454.905415, 33, 0.1, 0.1, -0.00445867934, 0.375152131, -0.0199692876, 0.912869837, -7.32413234e-006, 0.408250734, 0.408250734, 2.06946947e-006, -0.912869837, 5.84111706e-006, 1, 4.87923865e-006, 0.912869826, 1.00342905e-005, 0.408250756, 0.408250756, -3.17744818e-007, -0.912869826, -9.03028143e-006, 1, -4.38656632e-006, 0, 0, 0, 0, 0, 0, 0, 0.270691821, -0.0987921631, -0.185996167, -0.165102312, 0.806023855, -0.568428263, -0.924804687, 0.0737304687, 0.373168945, 0.342668581, 0.587317703, 0.73332621, 0, -0, 0, 0, 0, 0, 0, 0.320154785, -0.0562879395, -0.156417139, -0.108179129, 0.501420022, -0.858251087, -0.211791992, -0.855102539, -0.472900391, -0.971218076, 0.130642989, 0.198853258, 0, 3, 1, 1, 
454.90613, 33, 0.1, 0.1, -0.00445867989, 0.375152132, -0.0199716456, 0.912869837, 3.20439391e-006, 0.408250733, 0.408250733, 6.22303003e-006, -0.912869837, -5.46575112e-006, 1, 4.37262024e-006, 0.912869845, 8.26491357e-006, 0.408250715, 0.408250715, 8.743619e-006, -0.912869845, -1.11143791e-005, 1, 4.60762924e-006, 0, 0, 0, 0, 0, 0, 0, 0.270691821, -0.0987921631, -0.185996167, -0.173490735, 0.804964957, -0.567242806, -0.922363281, 0.0689697266, 0.380004883, 0.345109504, 0.589215703, 0.730666614, 0, -0, 0, 0, 0, 0, 0, 0.320154785, -0.0562879395, -0.156417139, -0.108179129, 0.501420022, -0.858251087, -0.211791992, -0.855102539, -0.472900391, -0.971218076, 0.130642989, 0.198853258, 0, 3, 1, 1, 
454.906838, 33, 0.1, 0.1, -0.00445867962, 0.375152133, -0.0199728842, 0.912869819, 9.03140741e-006, 0.408250772, 0.408250772, -1.97205606e-006, -0.912869819, -7.43940584e-006, 1, -5.48730951e-006, 0.912869815, 2.06659018e-006, 0.408250782, 0.408250782, 4.25574255e-006, -0.912869815, -3.62393802e-006, 1, 3.04125186e-006, 0, 0, 0, 0, 0, 0, 0, 0.271833252, -0.101519409, -0.184827466, -0.173490735, 0.804964957, -0.567242806, -0.922363281, 0.0689697266, 0.380004883, 0.345109504, 0.589215703, 0.730666614, 0, -0, 0, 0, 0, 0, 0, 0.320885596, -0.058897168, -0.155535498, -0.117571528, 0.50109956, -0.857266014, -0.209716797, -0.856201172, -0.471801758, -0.970609602, 0.124349429, 0.205830385, 0, 3, 1, 1, 
454.907533, 33, 0.1, 0.1, -0.00445867919, 0.375152135, -0.0199730568, 0.912869846, 5.67181238e-006, 0.408250713, 0.408250713, -2.97541876e-006, -0.912869846, -3.96290966e-006, 1, -5.03169152e-006, 0.912869846, -6.05146048e-006, 0.408250713, 0.408250713, -8.62676656e-006, -0.912869846, 9.04607939e-006, 1, -5.40460201e-006, 0, 0, 0, 0, 0, 0, 0, 0.271833252, -0.101519409, -0.184827466, -0.173490735, 0.804964957, -0.567242806, -0.922363281, 0.0689697266, 0.380004883, 0.345109504, 0.589215703, 0.730666614, 0, -0, 0, 0, 0, 0, 0, 0.320885596, -0.058897168, -0.155535498, -0.117571528, 0.50109956, -0.857266014, -0.209716797, -0.856201172, -0.471801758, -0.970609602, 0.124349429, 0.205830385, 0, 3, 1, 1, 
454.908228, 33, 0.1, 0.1, -0.00445867891, 0.375152136, -0.0199722343, 0.912869812, -8.35599301e-006, 0.408250789, 0.408250789, 8.80554733e-007, -0.912869812, 7.2684466e-006, 1, 4.21517257e-006, 0.912869817, -9.67190634e-006, 0.408250777, 0.408250777, -9.14272745e-006, -0.912869817, 1.2561717e-005, 1, -4.39755665e-006, 0, 0, 0, 0, 0, 0, 0, 0.271833252, -0.101519409, -0.184827466, -0.173490735, 0.804964957, -0.567242806, -0.922363281, 0.0689697266, 0.380004883, 0.345109504, 0.589215703, 0.730666614, 0, -0, 0, 0, 0, 0, 0, 0.320885596, -0.058897168, -0.155535498, -0.117571528, 0.50109956, -0.857266014, -0.209716797, -0.856201172, -0.471801758, -0.970609602, 0.124349429, 0.205830385, 0, 3, 1, 1, 
454.908954, 33, 0.1, 0.1, -0.00445867943, 0.375152137, -0.0199704179, 0.912869845, -1.30413703e-005, 0.408250715, 0.408250715, -6.61859991e-007, -0.912869845, 1.21752785e-005, 1, 4.71995673e-006, 0.912869837, -9.42386844e-006, 0.408250733, 0.408250733, 1.0756461e-006, -0.912869837, 8.16363194e-006, 1, 4.82922607e-006, 0, 0, 0, 0, 0, 0, 0, 0.272982129, -0.104474658, -0.183675, -0.181739495, 0.803804588, -0.566355773, -0.919799805, 0.0646972656, 0.386962891, 0.347651899, 0.591253366, 0.727683507, 0, -0, 0, 0, 0, 0, 0, 0.321904346, -0.0617708984, -0.154484082, -0.125979955, 0.49998689, -0.856798631, -0.207519531, -0.857788086, -0.470092773, -0.970020451, 0.118586318, 0.211893901, 0, 3, 1, 1, 
454.909644, 33, 0.1, 0.1, -0.00445868035, 0.375152138, -0.0199684492, 0.912869828, -4.92564314e-006, 0.408250752, 0.408250752, -6.77727899e-006, -0.912869828, 7.26330025e-006, 1, -4.175876e-006, 0.912869838, 4.64441768e-006, 0.408250731, 0.408250731, 8.10743694e-006, -0.912869838, -7.54961588e-006, 1, 5.50494773e-006, 0, 0, 0, 0, 0, 0, 0, 0.272982129, -0.104474658, -0.183675, -0.181739495, 0.803804588, -0.566355773, -0.919799805, 0.0646972656, 0.386962891, 0.347651899, 0.591253366, 0.727683507, 0, -0, 0, 0, 0, 0, 0, 0.321904346, -0.0617708984, -0.154484082, -0.125979955, 0.49998689, -0.856798631, -0.207519531, -0.857788086, -0.470092773, -0.970020451, 0.118586318, 0.211893901, 0, 3, 1, 1, 
454.910339, 33, 0.1, 0.1, -0.00445868118, 0.375152138, -0.0199669645, 0.912869832, 9.08131371e-006, 0.408250744, 0.408250744, -7.05704119e-007, -0.912869832, -8.00195309e-006, 1, -4.35166908e-006, 0.912869823, 1.45686149e-005, 0.408250764, 0.408250764, 1.67286796e-006, -0.912869823, -1.39821985e-005, 1, -4.42053748e-006, 0, 0, 0, 0, 0, 0, 0, 0.272982129, -0.104474658, -0.183675, -0.181739495, 0.803804588, -0.566355773, -0.919799805, 0.0646972656, 0.386962891, 0.347651899, 0.591253366, 0.727683507, 0, -0, 0, 0, 0, 0, 0, 0.321904346, -0.0617708984, -0.154484082, -0.125979955, 0.49998689, -0.856798631, -0.207519531, -0.857788086, -0.470092773, -0.970020451, 0.118586318, 0.211893901, 0, 3, 1, 1, 
454.911039, 33, 0.1, 0.1, -0.00445868113, 0.375152139, -0.0199663544, 0.912869852, 9.83978859e-006, 0.4082507, 0.4082507, 1.12036018e-005, -0.912869852, -1.35563246e-005, 1, 6.21032971e-006, 0.912869858, 9.78919518e-006, 0.408250686, 0.408250686, -3.57274635e-007, -0.912869858, -8.7904036e-006, 1, -4.32259089e-006, 0, 0, 0, 0, 0, 0, 0, 0.272982129, -0.104474658, -0.183675, -0.181739495, 0.803804588, -0.566355773, -0.919799805, 0.0646972656, 0.386962891, 0.347651899, 0.591253366, 0.727683507, 0, -0, 0, 0, 0, 0, 0, 0.321904346, -0.0617708984, -0.154484082, -0.125979955, 0.49998689, -0.856798631, -0.207519531, -0.857788086, -0.470092773, -0.970020451, 0.118586318, 0.211893901, 0, 3, 1, 1, 
454.911729, 33, 0.1, 0.1, -0.00445868079, 0.37515214, -0.0199667457, 0.912869819, 4.63948447e-006, 0.408250773, 0.408250773, 7.74529589e-006, -0.912869819, -7.39726839e-006, 1, 5.17637373e-006, 0.912869819, -9.80033317e-006, 0.408250774, 0.408250774, 1.77099311e-006, -0.912869819, 8.22341906e-006, 1, 5.61767975e-006, 0, 0, 0, 0, 0, 0, 0, 0.272982129, -0.104474658, -0.183675, -0.181739495, 0.803804588, -0.566355773, -0.919799805, 0.0646972656, 0.386962891, 0.347651899, 0.591253366, 0.727683507, 0, -0, 0, 0, 0, 0, 0, 0.321904346, -0.0617708984, -0.154484082, -0.125979955, 0.49998689, -0.856798631, -0.207519531, -0.857788086, -0.470092773, -0.970020451, 0.118586318, 0.211893901, 0, 3, 1, 1, 
454.912428, 33, 0.1, 0.1, -0.00445868081, 0.375152141, -0.0199679556, 0.912869859, -5.60743271e-006, 0.408250683, 0.408250683, -8.76986539e-006, -0.912869859, 8.69915985e-006, 1, -5.71650755e-006, 0.912869853, -1.45595713e-005, 0.408250697, 0.408250697, -1.91266196e-006, -0.912869853, 1.40718393e-005, 1, 4.19794369e-006, 0, 0, 0, 0, 0, 0, 0, 0.272982129, -0.104474658, -0.183675, -0.181739495, 0.803804588, -0.566355773, -0.919799805, 0.0646972656, 0.386962891, 0.347651899, 0.591253366, 0.727683507, 0, -0, 0, 0, 0, 0, 0, 0.321904346, -0.0617708984, -0.154484082, -0.125979955, 0.49998689, -0.856798631, -0.207519531, -0.857788086, -0.470092773, -0.970020451, 0.118586318, 0.211893901, 0, 3, 1, 1, 
454.913123, 33, 0.1, 0.1, -0.00445868131, 0.375152142, -0.0199695644, 0.912869829, -1.0170697e-005, 0.408250751, 0.408250751, -1.04851871e-005, -0.912869829, 1.3565108e-005, 1, -5.41941628e-006, 0.912869836, -5.99599828e-006, 0.408250734, 0.408250734, -8.70979653e-006, -0.912869836, 9.0293468e-006, 1, -5.50303983e-006, 0, 0, 0, 0, 0, 0, 0, 0.272982129, -0.104474658, -0.183675, -0.181739495, 0.803804588, -0.566355773, -0.919799805, 0.0646972656, 0.386962891, 0.347651899, 0.591253366, 0.727683507, 0, -0, 0, 0, 0, 0, 0, 0.321904346, -0.0617708984, -0.154484082, -0.125979955, 0.49998689, -0.856798631, -0.207519531, -0.857788086, -0.470092773, -0.970020451, 0.118586318, 0.211893901, 0, 3, 1, 1, 
454.913842, 33, 0.1, 0.1, -0.00445868186, 0.375152143, -0.0199710022, 0.912869848, -9.71966793e-006, 0.408250708, 0.408250708, -4.56796712e-007, -0.912869848, 9.05927936e-006, 1, 3.55106537e-006, 0.912869838, 7.77384975e-006, 0.408250731, 0.408250731, -3.49182623e-006, -0.912869838, -5.67097235e-006, 1, -6.36126268e-006, 0, 0, 0, 0, 0, 0, 0, 0.274124292, -0.106977319, -0.182057129, -0.190083734, 0.802764786, -0.565132124, -0.917358398, 0.0596923828, 0.393432617, 0.349591456, 0.593271934, 0.725265045, 0, -0, 0, 0, 0, 0, 0, 0.321904346, -0.0617708984, -0.154484082, -0.133998657, 0.499327743, -0.855890484, -0.204223633, -0.859008789, -0.469238281, -0.969635823, 0.112011675, 0.217267288, 0, 3, 1, 1, 
454.914539, 33, 0.1, 0.1, -0.00445868209, 0.375152144, -0.0199716976, 0.912869852, 2.9866763e-006, 0.4082507, 0.4082507, 6.17058547e-006, -0.912869852, -5.24559259e-006, 1, 4.41362875e-006, 0.912869858, 7.23322337e-006, 0.408250685, 0.408250685, 7.99321607e-006, -0.912869858, -9.86622753e-006, 1, 4.34379763e-006, 0, 0, 0, 0, 0, 0, 0, 0.274124292, -0.106977319, -0.182057129, -0.190083734, 0.802764786, -0.565132124, -0.917358398, 0.0596923828, 0.393432617, 0.349591456, 0.593271934, 0.725265045, 0, -0, 0, 0, 0, 0, 0, 0.32294458, -0.0639619629, -0.153194775, -0.133998657, 0.499327743, -0.855890484, -0.204223633, -0.859008789, -0.469238281, -0.969635823, 0.112011675, 0.217267288, 0, 3, 1, 1, 
454.915234, 33, 0.1, 0.1, -0.00445868213, 0.375152145, -0.0199717594, 0.912869839, 1.18033849e-005, 0.408250728, 0.408250728, 8.93443886e-007, -0.912869839, -1.11397032e-005, 1, -4.00314251e-006, 0.912869833, 4.36020903e-006, 0.408250741, 0.408250741, 7.07987622e-006, -0.912869833, -6.870668e-006, 1, 4.68294686e-006, 0, 0, 0, 0, 0, 0, 0, 0.274124292, -0.106977319, -0.182057129, -0.190083734, 0.802764786, -0.565132124, -0.917358398, 0.0596923828, 0.393432617, 0.349591456, 0.593271934, 0.725265045, 0, -0, 0, 0, 0, 0, 0, 0.32294458, -0.0639619629, -0.153194775, -0.133998657, 0.499327743, -0.855890484, -0.204223633, -0.859008789, -0.469238281, -0.969635823, 0.112011675, 0.217267288, 0, 3, 1, 1, 
454.915931, 33, 0.1, 0.1, -0.00445868214, 0.375152146, -0.0199711971, 0.91286987, 8.86244468e-006, 0.40825066, 0.40825066, 4.85593118e-007, -0.91286987, -8.28850243e-006, 1, -3.17481556e-006, 0.912869869, -3.87051672e-006, 0.40825066, 0.40825066, -5.68771212e-006, -0.912869869, 5.85529032e-006, 1, -3.61200002e-006, 0, 0, 0, 0, 0, 0, 0, 0.274124292, -0.106977319, -0.182057129, -0.190083734, 0.802764786, -0.565132124, -0.917358398, 0.0596923828, 0.393432617, 0.349591456, 0.593271934, 0.725265045, 0, -0, 0, 0, 0, 0, 0, 0.32294458, -0.0639619629, -0.153194775, -0.133998657, 0.499327743, -0.855890484, -0.204223633, -0.859008789, -0.469238281, -0.969635823, 0.112011675, 0.217267288, 0, 3, 1, 1, 
454.916636, 33, 0.1, 0.1, -0.00445868214, 0.375152146, -0.0199700932, 0.912869835, -7.98680423e-006, 0.408250738, 0.408250738, 3.76339573e-006, -0.912869835, 5.75450358e-006, 1, 6.69610916e-006, 0.91286984, -8.98752491e-006, 0.408250726, 0.408250726, -6.87873424e-006, -0.91286984, 1.10126887e-005, 1, -2.61022545e-006, 0, 0, 0, 0, 0, 0, 0, 0.274124292, -0.106977319, -0.182057129, -0.190083734, 0.802764786, -0.565132124, -0.917358398, 0.0596923828, 0.393432617, 0.349591456, 0.593271934, 0.725265045, 0, -0, 0, 0, 0, 0, 0, 0.32294458, -0.0639619629, -0.153194775, -0.133998657, 0.499327743, -0.855890484, -0.204223633, -0.859008789, -0.469238281, -0.969635823, 0.112011675, 0.217267288, 0, 3, 1, 1, 
454.917331, 33, 0.1, 0.1, -0.00445868261, 0.375152147, -0.0199689107, 0.912869867, -1.37926966e-005, 0.408250665, 0.408250665, -1.92818107e-007, -0.912869867, 1.26696552e-005, 1, 5.45485972e-006, 0.912869859, -9.60951729e-006, 0.408250683, 0.408250683, 2.05311343e-006, -0.912869859, 7.93405374e-006, 1, 5.79731736e-006, 0, 0, 0, 0, 0, 0, 0, 0.274124292, -0.106977319, -0.182057129, -0.190083734, 0.802764786, -0.565132124, -0.917358398, 0.0596923828, 0.393432617, 0.349591456, 0.593271934, 0.725265045, 0, -0, 0, 0, 0, 0, 0, 0.32294458, -0.0639619629, -0.153194775, -0.133998657, 0.499327743, -0.855890484, -0.204223633, -0.859008789, -0.469238281, -0.969635823, 0.112011675, 0.217267288, 0, 3, 1, 1, 
454.918046, 33, 0.1, 0.1, -0.0044586832, 0.375152147, -0.019967958, 0.912869847, -8.04366084e-006, 0.408250709, 0.408250709, -1.05646489e-005, -0.912869847, 1.16558409e-005, 1, -6.36031922e-006, 0.912869859, 3.48167047e-006, 0.408250683, 0.408250683, 7.3185714e-006, -0.912869859, -6.16612381e-006, 1, 5.2595089e-006, 0, 0, 0, 0, 0, 0, 0, 0.274124292, -0.106977319, -0.182057129, -0.190083734, 0.802764786, -0.565132124, -0.917358398, 0.0596923828, 0.393432617, 0.349591456, 0.593271934, 0.725265045, 0, -0, 0, 0, 0, 0, 0, 0.32294458, -0.0639619629, -0.153194775, -0.133998657, 0.499327743, -0.855890484, -0.204223633, -0.859008789, -0.469238281, -0.969635823, 0.112011675, 0.217267288, 0, 3, 1, 1, 
454.918757, 33, 0.1, 0.1, -0.00445868348, 0.375152149, -0.019967256, 0.912869849, 7.07481169e-006, 0.408250705, 0.408250705, -5.49238203e-006, -0.912869849, -4.21611345e-006, 1, -7.90212682e-006, 0.912869841, 1.22628731e-005, 0.408250724, 0.408250724, -3.28658952e-006, -0.912869841, -9.85265446e-006, 1, -8.00655528e-006, 0, 0, 0, 0, 0, 0, 0, 0.27497937, -0.109471802, -0.181056738, -0.199741111, 0.801908832, -0.562861561, -0.9140625, 0.0541992187, 0.401611328, 0.352604137, 0.594890607, 0.722433585, 0, -0, 0, 0, 0, 0, 0, 0.32294458, -0.0639619629, -0.153194775, -0.133998657, 0.499327743, -0.855890484, -0.204223633, -0.859008789, -0.469238281, -0.969635823, 0.112011675, 0.217267288, 0, 3, 1, 1, 
454.91947, 33, 0.1, 0.1, -0.00445868273, 0.37515215, -0.0199669873, 0.912869872, 7.41995307e-006, 0.408250654, 0.408250654, 8.73135634e-006, -0.912869872, -1.03380335e-005, 1, 4.94139145e-006, 0.912869878, 6.80266891e-006, 0.40825064, 0.40825064, -3.1659865e-006, -0.912869878, -4.91743553e-006, 1, -5.66732765e-006, 0, 0, 0, 0, 0, 0, 0, 0.27497937, -0.109471802, -0.181056738, -0.199741111, 0.801908832, -0.562861561, -0.9140625, 0.0541992187, 0.401611328, 0.352604137, 0.594890607, 0.722433585, 0, -0, 0, 0, 0, 0, 0, 0.323662207, -0.0661498535, -0.152075, -0.143659379, 0.498828277, -0.854649849, -0.201538086, -0.860229492, -0.468139648, -0.968810065, 0.105085587, 0.224148533, 0, 3, 1, 1, 
454.920165, 33, 0.1, 0.1, -0.0044586823, 0.375152151, -0.0199675243, 0.912869842, 5.278514e-006, 0.408250722, 0.408250722, 8.83875569e-006, -0.912869842, -8.42702464e-006, 1, 5.91367635e-006, 0.912869841, -9.34828501e-006, 0.408250724, 0.408250724, 2.44568103e-006, -0.912869841, 7.5353164e-006, 1, 6.04903257e-006, 0, 0, 0, 0, 0, 0, 0, 0.27497937, -0.109471802, -0.181056738, -0.199741111, 0.801908832, -0.562861561, -0.9140625, 0.0541992187, 0.401611328, 0.352604137, 0.594890607, 0.722433585, 0, -0, 0, 0, 0, 0, 0, 0.323662207, -0.0661498535, -0.152075, -0.143659379, 0.498828277, -0.854649849, -0.201538086, -0.860229492, -0.468139648, -0.968810065, 0.105085587, 0.224148533, 0, 3, 1, 1, 
454.920862, 33, 0.1, 0.1, -0.00445868273, 0.375152152, -0.0199686222, 0.912869882, -2.74186421e-006, 0.408250631, 0.408250631, -5.51811423e-006, -0.912869882, 4.75573888e-006, 1, -3.9179525e-006, 0.912869876, -1.1733032e-005, 0.408250645, 0.408250645, 1.04945167e-006, -0.912869876, 1.02822922e-005, 1, 5.74803071e-006, 0, 0, 0, 0, 0, 0, 0, 0.27497937, -0.109471802, -0.181056738, -0.199741111, 0.801908832, -0.562861561, -0.9140625, 0.0541992187, 0.401611328, 0.352604137, 0.594890607, 0.722433585, 0, -0, 0, 0, 0, 0, 0, 0.323662207, -0.0661498535, -0.152075, -0.143659379, 0.498828277, -0.854649849, -0.201538086, -0.860229492, -0.468139648, -0.968810065, 0.105085587, 0.224148533, 0, 3, 1, 1, 
454.921606, 33, 0.1, 0.1, -0.00445868461, 0.375152152, -0.0199693898, 0.912869843, -4.97745798e-006, 0.408250719, 0.408250719, -4.73681169e-006, -0.912869843, 6.47757806e-006, 1, -2.29204174e-006, 0.912869852, -2.50566487e-007, 0.408250699, 0.408250699, -2.8247041e-006, -0.912869852, 1.38192201e-006, 1, -2.47629327e-006, 0, 0, 0, 0, 0, 0, 0, 0.275876563, -0.111790649, -0.179484155, -0.208529429, 0.800038163, -0.562450806, -0.911254883, 0.0496826172, 0.408569336, 0.354861214, 0.597905914, 0.718784361, 0, -0, 0, 0, 0, 0, 0, 0.324441113, -0.0686256836, -0.150797168, -0.152310609, 0.497344838, -0.854022785, -0.198120117, -0.861816406, -0.466552734, -0.968246433, 0.0981788224, 0.229860605, 0, 3, 1, 1, 
454.922303, 33, 0.1, 0.1, -0.00445868569, 0.375152151, -0.0199701006, 0.912869854, -7.99147503e-006, 0.408250695, 0.408250695, 3.41876776e-006, -0.912869854, 5.89946233e-006, 1, 6.38341526e-006, 0.912869845, 9.49635591e-006, 0.408250714, 0.408250714, 1.30088069e-006, -0.912869845, -9.20002242e-006, 1, -2.68935933e-006, 0, 0, 0, 0, 0, 0, 0, 0.275876563, -0.111790649, -0.179484155, -0.208529429, 0.800038163, -0.562450806, -0.911254883, 0.0496826172, 0.408569336, 0.354861214, 0.597905914, 0.718784361, 0, -0, 0, 0, 0, 0, 0, 0.324441113, -0.0686256836, -0.150797168, -0.152310609, 0.497344838, -0.854022785, -0.198120117, -0.861816406, -0.466552734, -0.968246433, 0.0981788224, 0.229860605, 0, 3, 1, 1, 
454.922995, 33, 0.1, 0.1, -0.00445868574, 0.375152152, -0.0199706554, 0.912869847, 5.00634078e-007, 0.40825071, 0.40825071, 5.91609761e-006, -0.912869847, -2.8722648e-006, 1, 5.1962429e-006, 0.912869856, 5.71684515e-006, 0.408250691, 0.408250691, 8.65556112e-006, -0.912869856, -8.75237441e-006, 1, 5.56749485e-006, 0, 0, 0, 0, 0, 0, 0, 0.275876563, -0.111790649, -0.179484155, -0.208529429, 0.800038163, -0.562450806, -0.911254883, 0.0496826172, 0.408569336, 0.354861214, 0.597905914, 0.718784361, 0, -0, 0, 0, 0, 0, 0, 0.324441113, -0.0686256836, -0.150797168, -0.152310609, 0.497344838, -0.854022785, -0.198120117, -0.861816406, -0.466552734, -0.968246433, 0.0981788224, 0.229860605, 0, 3, 1, 1, 
454.923688, 33, 0.1, 0.1, -0.00445868488, 0.375152153, -0.019970908, 0.912869825, 7.12109023e-006, 0.40825076, 0.40825076, -3.62017036e-006, -0.912869825, -5.02269109e-006, 1, -6.21193478e-006, 0.912869821, -3.75611475e-007, 0.408250769, 0.408250769, 3.34902464e-006, -0.912869821, -1.0243575e-006, 1, 3.21056719e-006, 0, 0, 0, 0, 0, 0, 0, 0.275876563, -0.111790649, -0.179484155, -0.208529429, 0.800038163, -0.562450806, -0.911254883, 0.0496826172, 0.408569336, 0.354861214, 0.597905914, 0.718784361, 0, -0, 0, 0, 0, 0, 0, 0.324441113, -0.0686256836, -0.150797168, -0.152310609, 0.497344838, -0.854022785, -0.198120117, -0.861816406, -0.466552734, -0.968246433, 0.0981788224, 0.229860605, 0, 3, 1, 1, 
454.92438, 33, 0.1, 0.1, -0.0044586856, 0.375152155, -0.0199708132, 0.912869854, 1.32860955e-006, 0.408250694, 0.408250694, -6.76280791e-006, -0.912869854, 1.54807342e-006, 1, -6.71596924e-006, 0.912869849, 5.80737315e-006, 0.408250706, 0.408250706, -4.91692187e-006, -0.912869849, -3.29403902e-006, 1, -6.85937391e-006, 0, 0, 0, 0, 0, 0, 0, 0.275876563, -0.111790649, -0.179484155, -0.208529429, 0.800038163, -0.562450806, -0.911254883, 0.0496826172, 0.408569336, 0.354861214, 0.597905914, 0.718784361, 0, -0, 0, 0, 0, 0, 0, 0.324441113, -0.0686256836, -0.150797168, -0.152310609, 0.497344838, -0.854022785, -0.198120117, -0.861816406, -0.466552734, -0.968246433, 0.0981788224, 0.229860605, 0, 3, 1, 1, 
454.92507, 33, 0.1, 0.1, -0.00445868601, 0.375152155, -0.0199704583, 0.912869882, 1.32962246e-007, 0.408250632, 0.408250632, 3.50404389e-006, -0.912869882, -1.55190537e-006, 1, 3.14445421e-006, 0.912869875, -1.35332609e-009, 0.408250648, 0.408250648, -6.80912428e-006, -0.912869875, 2.78106481e-006, 1, -6.21529194e-006, 0, 0, 0, 0, 0, 0, 0, 0.275876563, -0.111790649, -0.179484155, -0.208529429, 0.800038163, -0.562450806, -0.911254883, 0.0496826172, 0.408569336, 0.354861214, 0.597905914, 0.718784361, 0, -0, 0, 0, 0, 0, 0, 0.324441113, -0.0686256836, -0.150797168, -0.152310609, 0.497344838, -0.854022785, -0.198120117, -0.861816406, -0.466552734, -0.968246433, 0.0981788224, 0.229860605, 0, 3, 1, 1, 
454.925774, 33, 0.1, 0.1, -0.004458686, 0.375152156, -0.0199698855, 0.912869904, -5.12121791e-006, 0.408250582, 0.408250582, 2.23157151e-006, -0.912869904, 3.76396534e-006, 1, 4.12787467e-006, 0.9128699, -4.72954807e-007, 0.408250592, 0.408250592, 4.23823082e-006, -0.9128699, -1.29851403e-006, 1, 4.06203742e-006, 0, 0, 0, 0, 0, 0, 0, 0.275876563, -0.111790649, -0.179484155, -0.218448158, 0.798268965, -0.561265349, -0.908813477, 0.0430908203, 0.414916992, 0.355443451, 0.600781558, 0.716124765, 0, -0, 0, 0, 0, 0, 0, 0.324441113, -0.0686256836, -0.150797168, -0.152310609, 0.497344838, -0.854022785, -0.198120117, -0.861816406, -0.466552734, -0.968246433, 0.0981788224, 0.229860605, 0, 3, 1, 1, 
454.926484, 33, 0.1, 0.1, -0.00445868627, 0.375152157, -0.0199690191, 0.912869922, 3.46509775e-006, 0.408250543, 0.408250543, -3.38176096e-006, -0.912869922, -1.78257776e-006, 1, -4.5017359e-006, 0.91286992, -5.14704606e-006, 0.408250547, 0.408250547, 3.30374975e-006, -0.91286992, 3.34982588e-006, 1, 5.11717814e-006, 0, 0, 0, 0, 0, 0, 0, 0.277157373, -0.113658252, -0.178092212, -0.218448158, 0.798268965, -0.561265349, -0.908813477, 0.0430908203, 0.414916992, 0.355443451, 0.600781558, 0.716124765, 0, -0, 0, 0, 0, 0, 0, 0.325401758, -0.0700060547, -0.149276318, -0.161568846, 0.496199718, -0.852993236, -0.192749023, -0.863525391, -0.465820312, -0.967746601, 0.0892209903, 0.235246751, 0, 3, 1, 1, 
454.927173, 33, 0.1, 0.1, -0.00445868649, 0.375152158, -0.0199684241, 0.912869938, -2.09631953e-008, 0.408250506, 0.408250506, -3.78128665e-006, -0.912869938, 1.56284886e-006, 1, -3.44326468e-006, 0.912869935, 4.23017632e-006, 0.408250513, 0.408250513, -2.27353551e-006, -0.912869935, -2.93342875e-006, 1, -3.80241387e-006, 0, 0, 0, 0, 0, 0, 0, 0.277157373, -0.113658252, -0.178092212, -0.218448158, 0.798268965, -0.561265349, -0.908813477, 0.0430908203, 0.414916992, 0.355443451, 0.600781558, 0.716124765, 0, -0, 0, 0, 0, 0, 0, 0.325401758, -0.0700060547, -0.149276318, -0.161568846, 0.496199718, -0.852993236, -0.192749023, -0.863525391, -0.465820312, -0.967746601, 0.0892209903, 0.235246751, 0, 3, 1, 1, 
454.927862, 33, 0.1, 0.1, -0.00445868701, 0.375152158, -0.0199682884, 0.912869955, 1.99939352e-006, 0.408250469, 0.408250469, 8.08404576e-006, -0.912869955, -5.12550175e-006, 1, 6.56342915e-006, 0.91286995, 1.25889113e-006, 0.408250479, 0.408250479, -2.89547612e-006, -0.91286995, 3.28756319e-008, 1, -3.15713604e-006, 0, 0, 0, 0, 0, 0, 0, 0.277157373, -0.113658252, -0.178092212, -0.218448158, 0.798268965, -0.561265349, -0.908813477, 0.0430908203, 0.414916992, 0.355443451, 0.600781558, 0.716124765, 0, -0, 0, 0, 0, 0, 0, 0.325401758, -0.0700060547, -0.149276318, -0.161568846, 0.496199718, -0.852993236, -0.192749023, -0.863525391, -0.465820312, -0.967746601, 0.0892209903, 0.235246751, 0, 3, 1, 1, 
454.928553, 33, 0.1, 0.1, -0.00445868589, 0.375152159, -0.019968618, 0.912869974, 2.85019958e-006, 0.408250426, 0.408250426, 6.27900271e-006, -0.912869974, -5.16526715e-006, 1, 4.56831786e-006, 0.912869965, -1.17472651e-005, 0.408250446, 0.408250447, 5.10523465e-007, -0.912869965, 1.05153041e-005, 1, 5.26186776e-006, 0, 0, 0, 0, 0, 0, 0, 0.277157373, -0.113658252, -0.178092212, -0.218448158, 0.798268965, -0.561265349, -0.908813477, 0.0430908203, 0.414916992, 0.355443451, 0.600781558, 0.716124765, 0, -0, 0, 0, 0, 0, 0, 0.325401758, -0.0700060547, -0.149276318, -0.161568846, 0.496199718, -0.852993236, -0.192749023, -0.863525391, -0.465820312, -0.967746601, 0.0892209903, 0.235246751, 0, 3, 1, 1, 
454.929242, 33, 0.1, 0.1, -0.00445868618, 0.37515216, -0.0199692955, 0.912870056, -1.60425911e-006, 0.408250244, 0.408250244, -8.06554009e-006, -0.912870056, 4.75723881e-006, 1, -6.70785086e-006, 0.912870041, -1.10455267e-005, 0.408250276, 0.408250276, -1.74578502e-006, -0.912870041, 1.07958476e-005, 1, 2.91566448e-006, 0, 0, 0, 0, 0, 0, 0, 0.277157373, -0.113658252, -0.178092212, -0.218448158, 0.798268965, -0.561265349, -0.908813477, 0.0430908203, 0.414916992, 0.355443451, 0.600781558, 0.716124765, 0, -0, 0, 0, 0, 0, 0, 0.325401758, -0.0700060547, -0.149276318, -0.161568846, 0.496199718, -0.852993236, -0.192749023, -0.863525391, -0.465820312, -0.967746601, 0.0892209903, 0.235246751, 0, 3, 1, 1, 
454.929934, 33, 0.1, 0.1, -0.00445868766, 0.375152161, -0.0199701061, 0.912870065, -4.05501018e-006, 0.408250223, 0.408250223, -8.91322833e-006, -0.912870065, 7.34052486e-006, 1, -6.48116051e-006, 0.912870065, -1.58763903e-008, 0.408250224, 0.408250224, -7.39034462e-006, -0.912870065, 3.03160293e-006, 1, -6.73994283e-006, 0, 0, 0, 0, 0, 0, 0, 0.277157373, -0.113658252, -0.178092212, -0.218448158, 0.798268965, -0.561265349, -0.908813477, 0.0430908203, 0.414916992, 0.355443451, 0.600781558, 0.716124765, 0, -0, 0, 0, 0, 0, 0, 0.325401758, -0.0700060547, -0.149276318, -0.161568846, 0.496199718, -0.852993236, -0.192749023, -0.863525391, -0.465820312, -0.967746601, 0.0892209903, 0.235246751, 0, 3, 1, 1, 
454.930637, 33, 0.1, 0.1, -0.00445868903, 0.375152161, -0.019970764, 0.912870118, -6.32056049e-006, 0.408250105, 0.408250105, 1.38338942e-006, -0.912870118, 5.20508192e-006, 1, 3.84322434e-006, 0.9128701, 1.19650286e-005, 0.408250144, 0.408250144, -1.36127129e-006, -0.9128701, -1.03667777e-005, 1, -6.12738852e-006, 0, 0, 0, 0, 0, 0, 0, 0.277157373, -0.113658252, -0.178092212, -0.225879155, 0.79676599, -0.560384307, -0.906616211, 0.0383300781, 0.419921875, 0.356126037, 0.602997077, 0.713884159, 0, -0, 0, 0, 0, 0, 0, 0.325401758, -0.0700060547, -0.149276318, -0.161568846, 0.496199718, -0.852993236, -0.192749023, -0.863525391, -0.465820312, -0.967746601, 0.0892209903, 0.235246751, 0, 3, 1, 1, 
454.931341, 33, 0.1, 0.1, -0.00445868956, 0.375152162, -0.0199707995, 0.912870149, 3.99070864e-006, 0.408250036, 0.408250036, 6.34387384e-006, -0.912870149, -6.23288552e-006, 1, 4.16192611e-006, 0.91287015, 8.91437552e-006, 0.408250032, 0.408250032, 8.62332007e-006, -0.91287015, -1.1658138e-005, 1, 4.2326774e-006, 0, 0, 0, 0, 0, 0, 0, 0.278565625, -0.1157375, -0.176044824, -0.225879155, 0.79676599, -0.560384307, -0.906616211, 0.0383300781, 0.419921875, 0.356126037, 0.602997077, 0.713884159, 0, -0, 0, 0, 0, 0, 0, 0.326673535, -0.0720126953, -0.147769141, -0.169466147, 0.495463646, -0.851861609, -0.18762207, -0.864746094, -0.465698242, -0.967349214, 0.0810426071, 0.239661685, 0, 3, 1, 1, 
454.932037, 33, 0.1, 0.1, -0.00445868941, 0.375152163, -0.0199705121, 0.912870159, 1.09823112e-005, 0.408250013, 0.408250013, -1.03272536e-006, -0.912870159, -9.60381404e-006, 1, -5.42627285e-006, 0.912870148, 3.4994154e-006, 0.408250036, 0.408250036, 5.76629227e-006, -0.912870148, -5.54860089e-006, 1, 3.83523962e-006, 0, 0, 0, 0, 0, 0, 0, 0.278565625, -0.1157375, -0.176044824, -0.225879155, 0.79676599, -0.560384307, -0.906616211, 0.0383300781, 0.419921875, 0.356126037, 0.602997077, 0.713884159, 0, -0, 0, 0, 0, 0, 0, 0.326673535, -0.0720126953, -0.147769141, -0.169466147, 0.495463646, -0.851861609, -0.18762207, -0.864746094, -0.465698242, -0.967349214, 0.0810426071, 0.239661685, 0, 3, 1, 1, 
454.932728, 33, 0.1, 0.1, -0.00445868893, 0.375152164, -0.0199700333, 0.912870212, 6.68655757e-006, 0.408249895, 0.408249895, -1.83289432e-006, -0.912870212, -5.35568031e-006, 1, -4.40298105e-006, 0.912870207, -6.10324369e-006, 0.408249905, 0.408249905, -8.13865391e-006, -0.912870207, 8.89407402e-006, 1, -4.93788603e-006, 0, 0, 0, 0, 0, 0, 0, 0.278565625, -0.1157375, -0.176044824, -0.225879155, 0.79676599, -0.560384307, -0.906616211, 0.0383300781, 0.419921875, 0.356126037, 0.602997077, 0.713884159, 0, -0, 0, 0, 0, 0, 0, 0.326673535, -0.0720126953, -0.147769141, -0.169466147, 0.495463646, -0.851861609, -0.18762207, -0.864746094, -0.465698242, -0.967349214, 0.0810426071, 0.239661685, 0, 3, 1, 1, 
454.933505, 33, 0.1, 0.1, -0.00445868803, 0.375152165, -0.0199686265, 0.912870189, -1.19134163e-005, 0.408249945, 0.408249945, 6.87294422e-007, -0.912870189, 1.05948147e-005, 1, 5.49106216e-006, 0.912870192, -1.36786753e-005, 0.408249938, 0.408249938, -1.16322547e-005, -0.912870192, 1.72357222e-005, 1, -5.03442019e-006, 0, 0, 0, 0, 0, 0, 0, 0.278565625, -0.1157375, -0.176044824, -0.225879155, 0.79676599, -0.560384307, -0.906616211, 0.0383300781, 0.419921875, 0.356126037, 0.602997077, 0.713884159, 0, -0, 0, 0, 0, 0, 0, 0.326673535, -0.0720126953, -0.147769141, -0.175868349, 0.493628762, -0.851682239, -0.182739258, -0.866455078, -0.464477539, -0.967162913, 0.0739761613, 0.242626363, 0, 3, 1, 1, 
454.934199, 33, 0.1, 0.1, -0.00445868818, 0.375152165, -0.0199674306, 0.912870237, -1.42909914e-005, 0.408249839, 0.408249839, -1.35092886e-006, -0.912870237, 1.35973372e-005, 1, 4.60107219e-006, 0.912870226, -1.05563217e-005, 0.408249863, 0.408249863, 5.95962952e-007, -0.912870226, 9.39325002e-006, 1, 4.85365374e-006, 0, 0, 0, 0, 0, 0, 0, 0.278565625, -0.1157375, -0.176044824, -0.225879155, 0.79676599, -0.560384307, -0.906616211, 0.0383300781, 0.419921875, 0.356126037, 0.602997077, 0.713884159, 0, -0, 0, 0, 0, 0, 0, 0.327816553, -0.0740686523, -0.145685742, -0.175868349, 0.493628762, -0.851682239, -0.182739258, -0.866455078, -0.464477539, -0.967162913, 0.0739761613, 0.242626363, 0, 3, 1, 1, 
454.934893, 33, 0.1, 0.1, -0.00445868921, 0.375152166, -0.0199669792, 0.912870231, -3.72824437e-006, 0.408249852, 0.408249852, -7.78537252e-006, -0.912870231, 6.58178047e-006, 1, -5.5849796e-006, 0.912870239, 6.07753886e-006, 0.408249835, 0.408249835, 7.7433082e-006, -0.912870239, -8.70920864e-006, 1, 4.58748137e-006, 0, 0, 0, 0, 0, 0, 0, 0.278565625, -0.1157375, -0.176044824, -0.225879155, 0.79676599, -0.560384307, -0.906616211, 0.0383300781, 0.419921875, 0.356126037, 0.602997077, 0.713884159, 0, -0, 0, 0, 0, 0, 0, 0.327816553, -0.0740686523, -0.145685742, -0.175868349, 0.493628762, -0.851682239, -0.182739258, -0.866455078, -0.464477539, -0.967162913, 0.0739761613, 0.242626363, 0, 3, 1, 1, 
454.9356, 33, 0.1, 0.1, -0.00445869027, 0.375152166, -0.0199673327, 0.912870244, 1.06793308e-005, 0.408249823, 0.408249823, -1.40690027e-006, -0.912870244, -9.17447654e-006, 1, -5.64415231e-006, 0.912870232, 1.6253444e-005, 0.408249849, 0.408249849, 9.46212367e-007, -0.912870232, -1.52235762e-005, 1, -5.77169695e-006, 0, 0, 0, 0, 0, 0, 0, 0.278565625, -0.1157375, -0.176044824, -0.233265968, 0.794857129, -0.560023727, -0.904663086, 0.0335693359, 0.424560547, 0.356307258, 0.60577125, 0.711478801, 0, -0, 0, 0, 0, 0, 0, 0.327816553, -0.0740686523, -0.145685742, -0.175868349, 0.493628762, -0.851682239, -0.182739258, -0.866455078, -0.464477539, -0.967162913, 0.0739761613, 0.242626363, 0, 3, 1, 1, 
454.936302, 33, 0.1, 0.1, -0.00445869045, 0.375152167, -0.0199681594, 0.912870273, 1.10600688e-005, 0.408249757, 0.408249756, 9.86072213e-006, -0.912870274, -1.41220455e-005, 1, 4.4862897e-006, 0.912870277, 1.09801631e-005, 0.408249748, 0.408249748, -9.91735395e-007, -0.912870277, -9.61858884e-006, 1, -5.38797459e-006, 0, 0, 0, 0, 0, 0, 0, 0.279974609, -0.117835791, -0.174024536, -0.233265968, 0.794857129, -0.560023727, -0.904663086, 0.0335693359, 0.424560547, 0.356307258, 0.60577125, 0.711478801, 0, -0, 0, 0, 0, 0, 0, 0.327816553, -0.0740686523, -0.145685742, -0.175868349, 0.493628762, -0.851682239, -0.182739258, -0.866455078, -0.464477539, -0.967162913, 0.0739761613, 0.242626363, 0, 3, 1, 1, 
454.936995, 33, 0.1, 0.1, -0.00445869036, 0.375152168, -0.0199693288, 0.912870251, 5.45102823e-006, 0.408249806, 0.408249806, 6.93192708e-006, -0.912870251, -7.8060394e-006, 1, 4.1025688e-006, 0.912870249, -7.67272086e-006, 0.40824981, 0.40824981, 1.34958795e-006, -0.912870249, 6.45322958e-006, 1, 4.36438552e-006, 0, 0, 0, 0, 0, 0, 0, 0.279974609, -0.117835791, -0.174024536, -0.233265968, 0.794857129, -0.560023727, -0.904663086, 0.0335693359, 0.424560547, 0.356307258, 0.60577125, 0.711478801, 0, -0, 0, 0, 0, 0, 0, 0.327816553, -0.0740686523, -0.145685742, -0.175868349, 0.493628762, -0.851682239, -0.182739258, -0.866455078, -0.464477539, -0.967162913, 0.0739761613, 0.242626363, 0, 3, 1, 1, 
454.937688, 33, 0.1, 0.1, -0.00445869048, 0.375152169, -0.0199705398, 0.912870295, -4.54568507e-006, 0.408249709, 0.408249709, -7.8017774e-006, -0.912870295, 7.33469422e-006, 1, -5.26623622e-006, 0.912870288, -1.25589843e-005, 0.408249725, 0.408249725, -1.58323518e-006, -0.912870288, 1.21110789e-005, 1, 3.68191354e-006, 0, 0, 0, 0, 0, 0, 0, 0.279974609, -0.117835791, -0.174024536, -0.233265968, 0.794857129, -0.560023727, -0.904663086, 0.0335693359, 0.424560547, 0.356307258, 0.60577125, 0.711478801, 0, -0, 0, 0, 0, 0, 0, 0.327816553, -0.0740686523, -0.145685742, -0.175868349, 0.493628762, -0.851682239, -0.182739258, -0.866455078, -0.464477539, -0.967162913, 0.0739761613, 0.242626363, 0, 3, 1, 1, 
454.93841, 33, 0.1, 0.1, -0.00445869079, 0.375152169, -0.0199712489, 0.912870269, -1.08788286e-005, 0.408249766, 0.408249766, -9.7757356e-006, -0.912870269, 1.39219009e-005, 1, -4.48269917e-006, 0.912870276, -6.85583075e-006, 0.408249751, 0.408249751, -8.15320889e-006, -0.912870276, 9.58702962e-006, 1, -4.64393085e-006, 0, 0, 0, 0, 0, 0, 0, 0.280796387, -0.120381909, -0.171599023, -0.239141572, 0.792929172, -0.560418751, -0.90234375, 0.0313720703, 0.42956543, 0.358226598, 0.608424855, 0.708204385, 0, -0, 0, 0, 0, 0, 0, 0.328733154, -0.0763522461, -0.143813623, -0.182430232, 0.491276556, -0.851592187, -0.179199219, -0.868164063, -0.462524414, -0.966625168, 0.0683282553, 0.246440851, 0, 3, 1, 1, 
