time, trialNum, realDorsalTactorPos, realVentralTactorPos, boxPosX, boxPosY, boxPosZ, boxLocalRot_11, boxLocalRot_12, boxLocalRot_13, boxLocalRot_21, boxLocalRot_22, boxLocalRot_23, boxLocalRot_31, boxLocalRot_32, boxLocalRot_33, boxGlobalRot_11, boxGlobalRot_12, boxGlobalRot_13, boxGlobalRot_21, boxGlobalRot_22, boxGlobalRot_23, boxGlobalRot_31, boxGlobalRot_32, boxGlobalRot_33, indexForceX, indexForceY, indexForceZ, indexForceGlobalX, indexForceGlobalY, indexForceGlobalZ, indexContact, indexPosX, indexPosY, indexPosZ, indexRot_11, indexRot_12, indexRot_13, indexRot_21, indexRot_22, indexRot_23, indexRot_31, indexRot_32, indexRot_33, thumbForceX, thumbForceY, thumbForceZ, thumbForceGlobalX, thumbForceGlobalY, thumbForceGlobalZ, thumbContact, thumbPosX, thumbPosY, thumbPosZ, thumbRot_11, thumbRot_12, thumbRot_13, thumbRot_21, thumbRot_22, thumbRot_23, thumbRot_31, thumbRot_32, thumbRot_33, manipForceTooHigh, cceExpType, mapping, trialSuccess, 
463.210641, 35, 0.1, 0.1, 0.225, -0.11500002, -0.0199762697, 0.707106783, -0.70710678, 7.92492379e-007, 0.707106779, 0.707106782, 4.00830677e-005, -2.89033857e-005, -2.77826323e-005, 0.999999999, 0.707106782, -0.70710678, 8.04724609e-007, 0.707106779, 0.707106781, 5.35370696e-005, -3.84254511e-005, -3.72873988e-005, 0.999999999, 0, 0, 0, 0, 0, 0, 0, 0.349183472, -0.17663623, -0.158253784, -0.461553263, 0.368685626, -0.806917946, -0.861694336, -0.401977539, 0.309204102, -0.21029345, 0.838141825, 0.503399136, 0, -0, 0, 0, 0, 0, 0, 0.384801611, -0.112776221, -0.121563037, -0.106731806, 0.333906535, -0.936456373, -0.0815429687, -0.94152832, -0.326538086, -0.990827533, 0.0416003546, 0.127789283, 1, 3, 1, 0, 
463.211334, 35, 0.1, 0.1, 0.225, -0.115000014, -0.0199629615, 0.707106781, -0.707106781, 3.27988557e-007, 0.707106781, 0.707106781, -3.8163437e-005, 2.67537022e-005, 2.72175481e-005, 0.999999999, 0.707106782, -0.70710678, -4.94062127e-007, 0.707106779, 0.707106781, -4.98916908e-005, 3.56281075e-005, 3.49293983e-005, 0.999999999, 0, 0, 0, 0, 0, 0, 0, 0.349183472, -0.17663623, -0.158253784, -0.461553263, 0.368685626, -0.806917946, -0.861694336, -0.401977539, 0.309204102, -0.21029345, 0.838141825, 0.503399136, 0, -0, 0, 0, 0, 0, 0, 0.384801611, -0.112776221, -0.121563037, -0.106731806, 0.333906535, -0.936456373, -0.0815429687, -0.94152832, -0.326538086, -0.990827533, 0.0416003546, 0.127789283, 1, 3, 1, 0, 
463.212025, 35, 0.1, 0.1, 0.225, -0.115000022, -0.0199529977, 0.707106771, -0.707106791, -5.8724415e-007, 0.707106791, 0.70710677, 4.88909706e-005, -3.4155893e-005, -3.49863807e-005, 0.999999999, 0.707106774, -0.707106789, -4.19864118e-007, 0.707106787, 0.707106772, 6.64257259e-005, -4.6673193e-005, -4.72669695e-005, 0.999999998, 0, 0, 0, 0, 0, 0, 0, 0.349183472, -0.17663623, -0.158253784, -0.461553263, 0.368685626, -0.806917946, -0.861694336, -0.401977539, 0.309204102, -0.21029345, 0.838141825, 0.503399136, 0, -0, 0, 0, 0, 0, 0, 0.384801611, -0.112776221, -0.121563037, -0.106731806, 0.333906535, -0.936456373, -0.0815429687, -0.94152832, -0.326538086, -0.990827533, 0.0416003546, 0.127789283, 1, 3, 1, 0, 
463.212721, 35, 0.1, 0.1, 0.225, -0.11500001, -0.0199487011, 0.707106764, -0.707106798, -7.33004148e-007, 0.707106796, 0.707106762, -7.91924665e-005, 5.65158436e-005, 5.54792165e-005, 0.999999997, 0.707106765, -0.707106798, -8.19186355e-007, 0.707106795, 0.707106762, -9.31473757e-005, 6.64443947e-005, 6.52858872e-005, 0.999999996, 0, 0, 0, 0, 0, 0, 0, 0.349183472, -0.17663623, -0.158253784, -0.461553263, 0.368685626, -0.806917946, -0.861694336, -0.401977539, 0.309204102, -0.21029345, 0.838141825, 0.503399136, 0, -0, 0, 0, 0, 0, 0, 0.384801611, -0.112776221, -0.121563037, -0.106731806, 0.333906535, -0.936456373, -0.0815429687, -0.94152832, -0.326538086, -0.990827533, 0.0416003546, 0.127789283, 1, 3, 1, 0, 
463.213412, 35, 0.1, 0.1, 0.225, -0.115000015, -0.0199507852, 0.707106754, -0.707106809, -3.58792573e-007, 0.707106808, 0.707106753, 4.78381442e-005, -3.35729728e-005, -3.40803795e-005, 0.999999999, 0.707106757, -0.707106806, 7.05333176e-007, 0.707106804, 0.707106755, 5.98324351e-005, -4.28066679e-005, -4.18091733e-005, 0.999999998, 0, 0, 0, 0, 0, 0, 0, 0.349183472, -0.17663623, -0.158253784, -0.461553263, 0.368685626, -0.806917946, -0.861694336, -0.401977539, 0.309204102, -0.21029345, 0.838141825, 0.503399136, 0, -0, 0, 0, 0, 0, 0, 0.384801611, -0.112776221, -0.121563037, -0.106731806, 0.333906535, -0.936456373, -0.0815429687, -0.94152832, -0.326538086, -0.990827533, 0.0416003546, 0.127789283, 1, 3, 1, 0, 
463.214117, 35, 0.1, 0.1, 0.225, -0.115000005, -0.0199583772, 0.707106734, -0.707106829, 2.82677206e-007, 0.707106827, 0.707106732, -6.71402683e-005, 4.72754593e-005, 4.76752188e-005, 0.999999998, 0.707106739, -0.707106824, 2.14253728e-007, 0.707106822, 0.707106736, -7.75812109e-005, 5.47067033e-005, 5.50096973e-005, 0.999999997, 0, 0, 0, 0, 0, 0, 0, 0.349183472, -0.17663623, -0.158253784, -0.463459498, 0.369838882, -0.805183575, -0.85949707, -0.408447266, 0.307006836, -0.215305985, 0.834498593, 0.507326564, 0, -0, 0, 0, 0, 0, 0, 0.384801611, -0.112776221, -0.121563037, -0.106731806, 0.333906535, -0.936456373, -0.0815429687, -0.94152832, -0.326538086, -0.990827533, 0.0416003546, 0.127789283, 1, 3, 1, 0, 
463.214825, 35, 0.1, 0.1, 0.225, -0.115000008, -0.019968268, 0.707106718, -0.707106845, 2.16165125e-007, 0.707106844, 0.707106717, 3.846271e-005, -2.73500973e-005, -2.70443887e-005, 0.999999999, 0.70710672, -0.707106843, -5.87097862e-007, 0.707106842, 0.707106719, 4.31044064e-005, -3.00642799e-005, -3.08945563e-005, 0.999999999, 0, 0, 0, 0, 0, 0, 0, 0.350633496, -0.176588379, -0.157929956, -0.463459498, 0.369838882, -0.805183575, -0.85949707, -0.408447266, 0.307006836, -0.215305985, 0.834498593, 0.507326564, 0, -0, 0, 0, 0, 0, 0, 0.38599165, -0.112739502, -0.121344678, -0.108917034, 0.332915266, -0.936603295, -0.076171875, -0.942138672, -0.326049805, -0.991057209, 0.0358500034, 0.128019327, 1, 3, 1, 0, 
463.215519, 35, 0.1, 0.1, 0.225, -0.115000005, -0.0199773815, 0.707106711, -0.707106851, -6.84148219e-007, 0.707106851, 0.707106711, -2.7142747e-005, 1.96765882e-005, 1.87090527e-005, 1, 0.707106711, -0.707106851, 7.45801666e-008, 0.707106851, 0.707106711, -3.17751322e-005, 2.24156775e-005, 2.25211454e-005, 0.999999999, 0, 0, 0, 0, 0, 0, 0, 0.350633496, -0.176588379, -0.157929956, -0.463459498, 0.369838882, -0.805183575, -0.85949707, -0.408447266, 0.307006836, -0.215305985, 0.834498593, 0.507326564, 0, -0, 0, 0, 0, 0, 0, 0.38599165, -0.112739502, -0.121344678, -0.108917034, 0.332915266, -0.936603295, -0.076171875, -0.942138672, -0.326049805, -0.991057209, 0.0358500034, 0.128019327, 1, 3, 1, 0, 
463.216221, 35, 0.1, 0.1, 0.225, -0.115000008, -0.0199834647, 0.707106713, -0.70710685, -5.71399963e-007, 0.707106849, 0.707106713, 2.47120161e-005, -1.70699951e-005, -1.78780733e-005, 1, 0.707106712, -0.70710685, -1.12600794e-006, 0.70710685, 0.707106712, 2.74179856e-005, -1.85912377e-005, -2.01836496e-005, 1, 0, 0, 0, 0, 0, 0, 0, 0.350633496, -0.176588379, -0.157929956, -0.463459498, 0.369838882, -0.805183575, -0.85949707, -0.408447266, 0.307006836, -0.215305985, 0.834498593, 0.507326564, 0, -0, 0, 0, 0, 0, 0, 0.38599165, -0.112739502, -0.121344678, -0.108917034, 0.332915266, -0.936603295, -0.076171875, -0.942138672, -0.326049805, -0.991057209, 0.0358500034, 0.128019327, 1, 3, 1, 0, 
463.216913, 35, 0.1, 0.1, 0.225, -0.115000007, -0.0199850096, 0.707106721, -0.707106842, 2.00286183e-006, 0.707106842, 0.707106721, -7.86097933e-006, 4.1423152e-006, 6.97478862e-006, 1, 0.70710672, -0.707106843, 1.80933751e-006, 0.707106843, 0.70710672, -1.23937856e-005, 7.48433588e-006, 1.0043124e-005, 1, 0, 0, 0, 0, 0, 0, 0, 0.350633496, -0.176588379, -0.157929956, -0.463459498, 0.369838882, -0.805183575, -0.85949707, -0.408447266, 0.307006836, -0.215305985, 0.834498593, 0.507326564, 0, -0, 0, 0, 0, 0, 0, 0.38599165, -0.112739502, -0.121344678, -0.108917034, 0.332915266, -0.936603295, -0.076171875, -0.942138672, -0.326049805, -0.991057209, 0.0358500034, 0.128019327, 1, 3, 1, 0, 
463.217607, 35, 0.1, 0.1, 0.225, -0.115000007, -0.0199819918, 0.707106725, -0.707106837, 1.48364056e-006, 0.707106837, 0.707106725, -9.43181712e-006, 5.62021016e-006, 7.7183937e-006, 1, 0.707106724, -0.707106838, 1.76141715e-006, 0.707106838, 0.707106724, -6.91894303e-006, 3.64692202e-006, 6.13794125e-006, 1, 0, 0, 0, 0, 0, 0, 0, 0.350633496, -0.176588379, -0.157929956, -0.463459498, 0.369838882, -0.805183575, -0.85949707, -0.408447266, 0.307006836, -0.215305985, 0.834498593, 0.507326564, 0, -0, 0, 0, 0, 0, 0, 0.38599165, -0.112739502, -0.121344678, -0.108917034, 0.332915266, -0.936603295, -0.076171875, -0.942138672, -0.326049805, -0.991057209, 0.0358500034, 0.128019327, 1, 3, 1, 0, 
463.218298, 35, 0.1, 0.1, 0.225, -0.115000008, -0.0199756445, 0.707106729, -0.707106833, -1.16439296e-006, 0.707106833, 0.707106729, -6.34775153e-006, 5.31188858e-006, 3.6651876e-006, 1, 0.707106729, -0.707106833, -6.10990497e-007, 0.707106833, 0.707106729, 9.92770494e-006, -6.58791251e-006, -7.45198252e-006, 1, 0, 0, 0, 0, 0, 0, 0, 0.350633496, -0.176588379, -0.157929956, -0.463459498, 0.369838882, -0.805183575, -0.85949707, -0.408447266, 0.307006836, -0.215305985, 0.834498593, 0.507326564, 0, -0, 0, 0, 0, 0, 0, 0.38599165, -0.112739502, -0.121344678, -0.108917034, 0.332915266, -0.936603295, -0.076171875, -0.942138672, -0.326049805, -0.991057209, 0.0358500034, 0.128019327, 1, 3, 1, 0, 
463.219008, 35, 0.1, 0.1, 0.225, -0.11500001, -0.0199679679, 0.707106732, -0.707106831, -1.63351822e-006, 0.70710683, 0.707106732, 1.39478634e-005, -8.70755777e-006, -1.10177e-005, 1, 0.707106731, -0.707106832, -2.01436874e-006, 0.707106831, 0.707106731, 2.31432363e-005, -1.49403668e-005, -1.7789112e-005, 1, 0, 0, 0, 0, 0, 0, 0, 0.350633496, -0.176588379, -0.157929956, -0.464330801, 0.370421502, -0.804420857, -0.858032227, -0.413085938, 0.305053711, -0.219246518, 0.831934476, 0.509801192, 0, -0, 0, 0, 0, 0, 0, 0.38599165, -0.112739502, -0.121344678, -0.108917034, 0.332915266, -0.936603295, -0.076171875, -0.942138672, -0.326049805, -0.991057209, 0.0358500034, 0.128019327, 1, 3, 1, 0, 
463.219719, 35, 0.1, 0.1, 0.225, -0.115000009, -0.0199610065, 0.707106734, -0.707106829, 1.67838201e-006, 0.707106828, 0.707106734, 2.35744314e-005, -1.78564367e-005, -1.54828438e-005, 1, 0.707106734, -0.707106828, 1.21837271e-006, 0.707106828, 0.707106734, 1.56913373e-005, -1.19569713e-005, -1.02339306e-005, 1, 0, 0, 0, 0, 0, 0, 0, 0.352362915, -0.176789648, -0.157436963, -0.464330801, 0.370421502, -0.804420857, -0.858032227, -0.413085938, 0.305053711, -0.219246518, 0.831934476, 0.509801192, 0, -0, 0, 0, 0, 0, 0, 0.387018262, -0.113342969, -0.121364453, -0.110265212, 0.331336679, -0.937005779, -0.0736083984, -0.942871094, -0.324707031, -0.991076166, 0.0333519757, 0.128345252, 1, 3, 1, 0, 
463.220418, 35, 0.1, 0.1, 0.225, -0.115000008, -0.0199572705, 0.707106736, -0.707106827, 3.37240417e-007, 0.707106827, 0.707106736, 1.74639811e-005, -1.25873652e-005, -1.21104336e-005, 1, 0.707106734, -0.707106828, 1.00040977e-006, 0.707106828, 0.707106734, -1.19127543e-005, 7.71619342e-006, 9.13098536e-006, 1, 0, 0, 0, 0, 0, 0, 0, 0.352362915, -0.176789648, -0.157436963, -0.464330801, 0.370421502, -0.804420857, -0.858032227, -0.413085938, 0.305053711, -0.219246518, 0.831934476, 0.509801192, 0, -0, 0, 0, 0, 0, 0, 0.387018262, -0.113342969, -0.121364453, -0.110265212, 0.331336679, -0.937005779, -0.0736083984, -0.942871094, -0.324707031, -0.991076166, 0.0333519757, 0.128345252, 1, 3, 1, 0, 
463.221119, 35, 0.1, 0.1, 0.225, -0.115000008, -0.0199573396, 0.707106735, -0.707106827, -1.04735213e-006, 0.707106827, 0.707106735, -1.15852858e-005, 8.93262442e-006, 7.45144376e-006, 1, 0.707106735, -0.707106827, -1.27911069e-006, 0.707106827, 0.707106735, -2.17334309e-005, 1.62723251e-005, 1.44633874e-005, 1, 0, 0, 0, 0, 0, 0, 0, 0.352362915, -0.176789648, -0.157436963, -0.464330801, 0.370421502, -0.804420857, -0.858032227, -0.413085938, 0.305053711, -0.219246518, 0.831934476, 0.509801192, 0, -0, 0, 0, 0, 0, 0, 0.387018262, -0.113342969, -0.121364453, -0.110265212, 0.331336679, -0.937005779, -0.0736083984, -0.942871094, -0.324707031, -0.991076166, 0.0333519757, 0.128345252, 1, 3, 1, 0, 
463.221827, 35, 0.1, 0.1, 0.225, -0.115000009, -0.0199609606, 0.707106737, -0.707106826, 1.79518319e-006, 0.707106826, 0.707106736, -2.14972498e-005, 1.3931466e-005, 1.64702365e-005, 1, 0.707106736, -0.707106827, 1.39976983e-006, 0.707106827, 0.707106736, -1.29322588e-005, 8.15470177e-006, 1.01342741e-005, 1, 0, 0, 0, 0, 0, 0, 0, 0.352362915, -0.176789648, -0.157436963, -0.464330801, 0.370421502, -0.804420857, -0.858032227, -0.413085938, 0.305053711, -0.219246518, 0.831934476, 0.509801192, 0, -0, 0, 0, 0, 0, 0, 0.387565186, -0.113083984, -0.121150977, -0.112098996, 0.329802567, -0.937299621, -0.0698242187, -0.943481445, -0.323608398, -0.991146162, 0.0292629674, 0.128805339, 1, 3, 1, 0, 
463.222528, 35, 0.1, 0.1, 0.224999999, -0.11500001, -0.0199667088, 0.707106738, -0.707106824, 4.47551916e-007, 0.707106824, 0.707106738, -1.02797826e-005, 6.95243742e-006, 7.58537052e-006, 1, 0.707106739, -0.707106824, 1.06992519e-006, 0.707106824, 0.707106739, 1.1769272e-005, -9.07868385e-006, -7.56558014e-006, 1, 0, 0, 0, 0, 0, 0, 0, 0.352362915, -0.176789648, -0.157436963, -0.464330801, 0.370421502, -0.804420857, -0.858032227, -0.413085938, 0.305053711, -0.219246518, 0.831934476, 0.509801192, 0, -0, 0, 0, 0, 0, 0, 0.387565186, -0.113083984, -0.121150977, -0.112098996, 0.329802567, -0.937299621, -0.0698242187, -0.943481445, -0.323608398, -0.991146162, 0.0292629674, 0.128805339, 1, 3, 1, 0, 
463.22324, 35, 0.1, 0.1, 0.225, -0.11500001, -0.0199729331, 0.707106741, -0.707106821, -1.21956137e-006, 0.707106821, 0.707106741, 8.35146831e-006, -5.04302014e-006, -6.7677397e-006, 1, 0.70710674, -0.707106822, -1.24703423e-006, 0.707106822, 0.70710674, 1.44141e-005, -9.31052214e-006, -1.10740937e-005, 1, 0, 0, 0, 0, 0, 0, 0, 0.352362915, -0.176789648, -0.157436963, -0.464330801, 0.370421502, -0.804420857, -0.858032227, -0.413085938, 0.305053711, -0.219246518, 0.831934476, 0.509801192, 0, -0, 0, 0, 0, 0, 0, 0.387565186, -0.113083984, -0.121150977, -0.112098996, 0.329802567, -0.937299621, -0.0698242187, -0.943481445, -0.323608398, -0.991146162, 0.0292629674, 0.128805339, 1, 3, 1, 0, 
463.223947, 35, 0.1, 0.1, 0.225, -0.115000009, -0.0199775041, 0.707106742, -0.70710682, 5.96401775e-007, 0.70710682, 0.707106742, 1.12631939e-005, -8.38600096e-006, -7.5425606e-006, 1, 0.707106742, -0.70710682, 1.31859476e-007, 0.70710682, 0.707106742, 5.8944542e-006, -4.26124749e-006, -4.07476957e-006, 1, 0, 0, 0, 0, 0, 0, 0, 0.352362915, -0.176789648, -0.157436963, -0.465594885, 0.371080505, -0.803334628, -0.856689453, -0.416625977, 0.304077148, -0.22176533, 0.82985263, 0.511977397, 0, -0, 0, 0, 0, 0, 0, 0.387565186, -0.113083984, -0.121150977, -0.112098996, 0.329802567, -0.937299621, -0.0698242187, -0.943481445, -0.323608398, -0.991146162, 0.0292629674, 0.128805339, 1, 3, 1, 0, 
463.224646, 35, 0.1, 0.1, 0.224999999, -0.115000009, -0.0199792693, 0.707106744, -0.707106818, 7.64431865e-007, 0.707106818, 0.707106744, 6.76783482e-006, -5.32611707e-006, -4.24504666e-006, 1, 0.707106744, -0.707106819, 9.70403142e-007, 0.707106819, 0.707106744, -7.13070095e-006, 4.35598866e-006, 5.72834541e-006, 1, 0, 0, 0, 0, 0, 0, 0, 0.353183618, -0.176539062, -0.156928345, -0.465594885, 0.371080505, -0.803334628, -0.856689453, -0.416625977, 0.304077148, -0.22176533, 0.82985263, 0.511977397, 0, -0, 0, 0, 0, 0, 0, 0.387565186, -0.113083984, -0.121150977, -0.112098996, 0.329802567, -0.937299621, -0.0698242187, -0.943481445, -0.323608398, -0.991146162, 0.0292629674, 0.128805339, 1, 3, 1, 0, 
463.225342, 35, 0.1, 0.1, 0.224999999, -0.115000008, -0.0199780818, 0.707106744, -0.707106818, -9.40253163e-007, 0.707106818, 0.707106744, -6.25857111e-006, 5.09033766e-006, 3.76061842e-006, 1, 0.707106744, -0.707106818, -7.62425086e-007, 0.707106818, 0.707106744, -1.19474715e-005, 8.9872545e-006, 7.90902172e-006, 1, 0, 0, 0, 0, 0, 0, 0, 0.353183618, -0.176539062, -0.156928345, -0.465594885, 0.371080505, -0.803334628, -0.856689453, -0.416625977, 0.304077148, -0.22176533, 0.82985263, 0.511977397, 0, -0, 0, 0, 0, 0, 0, 0.387565186, -0.113083984, -0.121150977, -0.112098996, 0.329802567, -0.937299621, -0.0698242187, -0.943481445, -0.323608398, -0.991146162, 0.0292629674, 0.128805339, 1, 3, 1, 0, 
463.226039, 35, 0.1, 0.1, 0.225, -0.115000009, -0.0199744837, 0.707106746, -0.707106817, -1.14501828e-008, 0.707106816, 0.707106746, -1.37423839e-005, 9.72542981e-006, 9.70923583e-006, 1, 0.707106746, -0.707106817, -4.30837782e-007, 0.707106817, 0.707106746, -8.78113666e-006, 6.5138499e-006, 5.90455263e-006, 1, 0, 0, 0, 0, 0, 0, 0, 0.353183618, -0.176539062, -0.156928345, -0.465594885, 0.371080505, -0.803334628, -0.856689453, -0.416625977, 0.304077148, -0.22176533, 0.82985263, 0.511977397, 0, -0, 0, 0, 0, 0, 0, 0.387565186, -0.113083984, -0.121150977, -0.112098996, 0.329802567, -0.937299621, -0.0698242187, -0.943481445, -0.323608398, -0.991146162, 0.0292629674, 0.128805339, 1, 3, 1, 0, 
463.226764, 35, 0.1, 0.1, 0.224999999, -0.11500001, -0.0199692151, 0.707106743, -0.70710682, 1.10974927e-006, 0.70710682, 0.707106743, -9.12400616e-006, 5.66693579e-006, 7.23635756e-006, 1, 0.707106744, -0.707106819, 1.2981388e-006, 0.707106819, 0.707106743, 1.20102454e-005, -9.41044913e-006, -7.57460273e-006, 1, 0, 0, 0, 0, 0, 0, 0, 0.354207178, -0.176482544, -0.156845947, -0.467283951, 0.372323249, -0.801892689, -0.855224609, -0.420043945, 0.303344727, -0.223846055, 0.827554735, 0.514838815, 0, -0, 0, 0, 0, 0, 0, 0.388590088, -0.11278667, -0.120942627, -0.113434413, 0.328715783, -0.937555184, -0.0662841797, -0.943969727, -0.322998047, -0.99128652, 0.0255892032, 0.128901221, 1, 3, 1, 0, 
463.227459, 35, 0.1, 0.1, 0.224999999, -0.115000011, -0.0199645316, 0.707106744, -0.707106819, -6.49784679e-007, 0.707106819, 0.707106744, 1.25089698e-005, -8.3857107e-006, -9.30464407e-006, 1, 0.707106743, -0.707106819, -5.93211767e-007, 0.707106819, 0.707106743, 2.17696561e-005, -1.49740082e-005, -1.58129347e-005, 1, 0, 0, 0, 0, 0, 0, 0, 0.354207178, -0.176482544, -0.156845947, -0.467283951, 0.372323249, -0.801892689, -0.855224609, -0.420043945, 0.303344727, -0.223846055, 0.827554735, 0.514838815, 0, -0, 0, 0, 0, 0, 0, 0.388590088, -0.11278667, -0.120942627, -0.113434413, 0.328715783, -0.937555184, -0.0662841797, -0.943969727, -0.322998047, -0.99128652, 0.0255892032, 0.128901221, 1, 3, 1, 0, 
463.228154, 35, 0.1, 0.1, 0.224999999, -0.11500001, -0.0199616521, 0.707106742, -0.70710682, 7.00097646e-007, 0.70710682, 0.707106742, 2.13172131e-005, -1.55685905e-005, -1.45785013e-005, 1, 0.707106743, -0.707106819, 5.5497565e-007, 0.707106819, 0.707106743, 1.37276989e-005, -1.00993765e-005, -9.31452136e-006, 1, 0, 0, 0, 0, 0, 0, 0, 0.354207178, -0.176482544, -0.156845947, -0.467283951, 0.372323249, -0.801892689, -0.855224609, -0.420043945, 0.303344727, -0.223846055, 0.827554735, 0.514838815, 0, -0, 0, 0, 0, 0, 0, 0.388590088, -0.11278667, -0.120942627, -0.113434413, 0.328715783, -0.937555184, -0.0662841797, -0.943969727, -0.322998047, -0.99128652, 0.0255892032, 0.128901221, 1, 3, 1, 0, 
463.228848, 35, 0.1, 0.1, 0.224999999, -0.115000009, -0.0199612725, 0.707106739, -0.707106823, -2.15973815e-007, 0.707106823, 0.707106739, 1.11471679e-005, -7.72952196e-006, -8.03495413e-006, 1, 0.70710674, -0.707106823, -2.65798208e-007, 0.707106822, 0.70710674, -1.42770367e-005, 1.02833378e-005, 9.90744116e-006, 1, 0, 0, 0, 0, 0, 0, 0, 0.354207178, -0.176482544, -0.156845947, -0.467283951, 0.372323249, -0.801892689, -0.855224609, -0.420043945, 0.303344727, -0.223846055, 0.827554735, 0.514838815, 0, -0, 0, 0, 0, 0, 0, 0.388590088, -0.11278667, -0.120942627, -0.113434413, 0.328715783, -0.937555184, -0.0662841797, -0.943969727, -0.322998047, -0.99128652, 0.0255892032, 0.128901221, 1, 3, 1, 0, 
463.229544, 35, 0.1, 0.1, 0.224999999, -0.115000008, -0.0199633596, 0.707106741, -0.707106821, 4.77375611e-007, 0.707106821, 0.707106741, -1.46863768e-005, 1.00472817e-005, 1.07223916e-005, 1, 0.70710674, -0.707106822, 7.10170592e-007, 0.707106822, 0.70710674, -2.31016509e-005, 1.58331685e-005, 1.68374995e-005, 1, 0, 0, 0, 0, 0, 0, 0, 0.354207178, -0.176482544, -0.156845947, -0.467283951, 0.372323249, -0.801892689, -0.855224609, -0.420043945, 0.303344727, -0.223846055, 0.827554735, 0.514838815, 0, -0, 0, 0, 0, 0, 0, 0.388590088, -0.11278667, -0.120942627, -0.113434413, 0.328715783, -0.937555184, -0.0662841797, -0.943969727, -0.322998047, -0.99128652, 0.0255892032, 0.128901221, 1, 3, 1, 0, 
463.230238, 35, 0.1, 0.1, 0.224999999, -0.115000008, -0.0199671529, 0.707106743, -0.707106819, -7.88671985e-007, 0.707106819, 0.707106743, -1.98671002e-005, 1.46058373e-005, 1.34904852e-005, 1, 0.707106743, -0.70710682, -8.30251624e-007, 0.707106819, 0.707106743, -1.29383386e-005, 9.73586396e-006, 8.56170987e-006, 1, 0, 0, 0, 0, 0, 0, 0, 0.354207178, -0.176482544, -0.156845947, -0.467283951, 0.372323249, -0.801892689, -0.855224609, -0.420043945, 0.303344727, -0.223846055, 0.827554735, 0.514838815, 0, -0, 0, 0, 0, 0, 0, 0.388590088, -0.11278667, -0.120942627, -0.113434413, 0.328715783, -0.937555184, -0.0662841797, -0.943969727, -0.322998047, -0.99128652, 0.0255892032, 0.128901221, 1, 3, 1, 0, 
463.230931, 35, 0.1, 0.1, 0.224999999, -0.115000009, -0.0199714388, 0.707106742, -0.70710682, 9.17096714e-007, 0.70710682, 0.707106742, -1.01967161e-005, 6.56168224e-006, 7.85865206e-006, 1, 0.707106742, -0.70710682, 7.42263433e-007, 0.70710682, 0.707106742, 8.4679554e-006, -6.51260849e-006, -5.46288882e-006, 1, 0, 0, 0, 0, 0, 0, 0, 0.354207178, -0.176482544, -0.156845947, -0.467283951, 0.372323249, -0.801892689, -0.855224609, -0.420043945, 0.303344727, -0.223846055, 0.827554735, 0.514838815, 0, -0, 0, 0, 0, 0, 0, 0.388590088, -0.11278667, -0.120942627, -0.113434413, 0.328715783, -0.937555184, -0.0662841797, -0.943969727, -0.322998047, -0.99128652, 0.0255892032, 0.128901221, 1, 3, 1, 0, 
463.231664, 35, 0.1, 0.1, 0.224999999, -0.115000009, -0.0199747011, 0.707106744, -0.707106818, -5.36731915e-007, 0.707106818, 0.707106744, 9.25363637e-006, -6.16378261e-006, -6.92283548e-006, 1, 0.707106744, -0.707106818, 2.14197971e-008, 0.707106818, 0.707106744, 1.49379466e-005, -1.05778699e-005, -1.05475767e-005, 1, 0, 0, 0, 0, 0, 0, 0, 0.355669897, -0.176003223, -0.156540308, -0.469043409, 0.373127908, -0.800450749, -0.853393555, -0.424682617, 0.302124023, -0.22715155, 0.824831859, 0.517700232, 0, -0, 0, 0, 0, 0, 0, 0.389608398, -0.112274902, -0.120952637, -0.114903992, 0.327877999, -0.937663826, -0.0615234375, -0.944335938, -0.322753906, -0.991318236, 0.0207141828, 0.128767059, 1, 3, 1, 0, 
463.23236, 35, 0.1, 0.1, 0.224999999, -0.115000009, -0.019975987, 0.707106743, -0.70710682, -1.24659216e-006, 0.70710682, 0.707106743, 1.40866035e-005, -9.0792597e-006, -1.08422062e-005, 1, 0.707106743, -0.70710682, -1.36965151e-006, 0.707106819, 0.707106743, 9.11396169e-006, -5.47605464e-006, -7.41303369e-006, 1, 0, 0, 0, 0, 0, 0, 0, 0.355669897, -0.176003223, -0.156540308, -0.469043409, 0.373127908, -0.800450749, -0.853393555, -0.424682617, 0.302124023, -0.22715155, 0.824831859, 0.517700232, 0, -0, 0, 0, 0, 0, 0, 0.389608398, -0.112274902, -0.120952637, -0.114903992, 0.327877999, -0.937663826, -0.0615234375, -0.944335938, -0.322753906, -0.991318236, 0.0207141828, 0.128767059, 1, 3, 1, 0, 
463.233055, 35, 0.1, 0.1, 0.224999999, -0.115000008, -0.0199753384, 0.707106742, -0.70710682, 1.03875856e-006, 0.70710682, 0.707106742, 1.00493234e-005, -7.84045828e-006, -6.37143106e-006, 1, 0.707106743, -0.707106819, 5.41203395e-007, 0.707106819, 0.707106743, -6.71644496e-006, 4.36655546e-006, 5.13193214e-006, 1, 0, 0, 0, 0, 0, 0, 0, 0.355669897, -0.176003223, -0.156540308, -0.469043409, 0.373127908, -0.800450749, -0.853393555, -0.424682617, 0.302124023, -0.22715155, 0.824831859, 0.517700232, 0, -0, 0, 0, 0, 0, 0, 0.389608398, -0.112274902, -0.120952637, -0.114903992, 0.327877999, -0.937663826, -0.0615234375, -0.944335938, -0.322753906, -0.991318236, 0.0207141828, 0.128767059, 1, 3, 1, 0, 
463.233748, 35, 0.1, 0.1, 0.224999999, -0.115000008, -0.0199730871, 0.707106741, -0.707106822, 1.02614244e-006, 0.707106822, 0.707106741, -7.38320551e-006, 4.49512275e-006, 5.94630671e-006, 1, 0.707106741, -0.707106822, 1.34574009e-006, 0.707106822, 0.707106741, -1.41512463e-005, 9.05486094e-006, 1.09580237e-005, 1, 0, 0, 0, 0, 0, 0, 0, 0.355669897, -0.176003223, -0.156540308, -0.469043409, 0.373127908, -0.800450749, -0.853393555, -0.424682617, 0.302124023, -0.22715155, 0.824831859, 0.517700232, 0, -0, 0, 0, 0, 0, 0, 0.389608398, -0.112274902, -0.120952637, -0.114903992, 0.327877999, -0.937663826, -0.0615234375, -0.944335938, -0.322753906, -0.991318236, 0.0207141828, 0.128767059, 1, 3, 1, 0, 
463.234444, 35, 0.1, 0.1, 0.224999999, -0.115000008, -0.0199699625, 0.707106738, -0.707106824, -1.57338591e-006, 0.707106824, 0.707106738, -1.62209809e-005, 1.25825181e-005, 1.0357413e-005, 1, 0.707106739, -0.707106824, -1.17943257e-006, 0.707106823, 0.707106739, -1.00234467e-005, 7.92163227e-006, 6.25366189e-006, 1, 0, 0, 0, 0, 0, 0, 0, 0.355669897, -0.176003223, -0.156540308, -0.469043409, 0.373127908, -0.800450749, -0.853393555, -0.424682617, 0.302124023, -0.22715155, 0.824831859, 0.517700232, 0, -0, 0, 0, 0, 0, 0, 0.389608398, -0.112274902, -0.120952637, -0.114903992, 0.327877999, -0.937663826, -0.0615234375, -0.944335938, -0.322753906, -0.991318236, 0.0207141828, 0.128767059, 1, 3, 1, 0, 
463.235148, 35, 0.1, 0.1, 0.224999999, -0.115000009, -0.0199669173, 0.707106736, -0.707106826, -6.88383861e-007, 0.707106826, 0.707106736, -1.3829978e-005, 1.02660327e-005, 9.29250966e-006, 1, 0.707106736, -0.707106827, -1.22286915e-006, 0.707106826, 0.707106736, 1.01527985e-005, -6.3144141e-006, -8.04381133e-006, 1, 0, 0, 0, 0, 0, 0, 0, 0.355669897, -0.176003223, -0.156540308, -0.469043409, 0.373127908, -0.800450749, -0.853393555, -0.424682617, 0.302124023, -0.22715155, 0.824831859, 0.517700232, 0, -0, 0, 0, 0, 0, 0, 0.389608398, -0.112274902, -0.120952637, -0.114903992, 0.327877999, -0.937663826, -0.0615234375, -0.944335938, -0.322753906, -0.991318236, 0.0207141828, 0.128767059, 1, 3, 1, 0, 
463.235844, 35, 0.1, 0.1, 0.224999999, -0.115000009, -0.0199647828, 0.707106731, -0.707106831, 2.22869514e-006, 0.707106831, 0.707106731, 9.2106444e-006, -8.08883491e-006, -4.9369831e-006, 1, 0.707106732, -0.70710683, 2.00355613e-006, 0.70710683, 0.707106732, 1.78941372e-005, -1.40697947e-005, -1.12363367e-005, 1, 0, 0, 0, 0, 0, 0, 0, 0.355669897, -0.176003223, -0.156540308, -0.469043409, 0.373127908, -0.800450749, -0.853393555, -0.424682617, 0.302124023, -0.22715155, 0.824831859, 0.517700232, 0, -0, 0, 0, 0, 0, 0, 0.389608398, -0.112274902, -0.120952637, -0.114903992, 0.327877999, -0.937663826, -0.0615234375, -0.944335938, -0.322753906, -0.991318236, 0.0207141828, 0.128767059, 1, 3, 1, 0, 
463.236568, 35, 0.1, 0.1, 0.224999999, -0.115000007, -0.0199638104, 0.70710673, -0.707106833, 1.62997986e-007, 0.707106833, 0.707106729, 1.60762705e-005, -1.14828977e-005, -1.1252382e-005, 1, 0.70710673, -0.707106833, 9.27132821e-007, 0.707106833, 0.70710673, 8.22009607e-006, -6.46806796e-006, -5.1569033e-006, 1, 0, 0, 0, 0, 0, 0, 0, 0.356698096, -0.176623267, -0.156233936, -0.470700274, 0.374205901, -0.798964626, -0.852172852, -0.427124023, 0.302001953, -0.22824864, 0.823054427, 0.520060284, 0, -0, 0, 0, 0, 0, 0, 0.390403467, -0.113083057, -0.120734033, -0.116373571, 0.326344254, -0.937995948, -0.0600585937, -0.944946289, -0.321411133, -0.991349952, 0.0189573245, 0.129591351, 1, 3, 1, 0, 
463.237264, 35, 0.1, 0.1, 0.224999999, -0.115000006, -0.0199646066, 0.707106723, -0.707106839, -2.28388515e-006, 0.707106839, 0.707106723, 9.62808965e-006, -5.1931375e-006, -8.42303773e-006, 1, 0.707106724, -0.707106838, -2.29932254e-006, 0.707106838, 0.707106724, -1.42795557e-005, 1.17230379e-005, 8.47130313e-006, 1, 0, 0, 0, 0, 0, 0, 0, 0.356698096, -0.176623267, -0.156233936, -0.470700274, 0.374205901, -0.798964626, -0.852172852, -0.427124023, 0.302001953, -0.22824864, 0.823054427, 0.520060284, 0, -0, 0, 0, 0, 0, 0, 0.390403467, -0.113083057, -0.120734033, -0.116373571, 0.326344254, -0.937995948, -0.0600585937, -0.944946289, -0.321411133, -0.991349952, 0.0189573245, 0.129591351, 1, 3, 1, 0, 
463.237961, 35, 0.1, 0.1, 0.224999999, -0.115000005, -0.0199668344, 0.70710672, -0.707106843, 3.04295925e-007, 0.707106843, 0.70710672, -1.07415026e-005, 7.3802203e-006, 7.8105584e-006, 1, 0.707106721, -0.707106841, -5.51971542e-007, 0.707106841, 0.707106721, -1.89123664e-005, 1.37633665e-005, 1.29827585e-005, 1, 0, 0, 0, 0, 0, 0, 0, 0.356698096, -0.176623267, -0.156233936, -0.470700274, 0.374205901, -0.798964626, -0.852172852, -0.427124023, 0.302001953, -0.22824864, 0.823054427, 0.520060284, 0, -0, 0, 0, 0, 0, 0, 0.390403467, -0.113083057, -0.120734033, -0.116373571, 0.326344254, -0.937995948, -0.0600585937, -0.944946289, -0.321411133, -0.991349952, 0.0189573245, 0.129591351, 1, 3, 1, 0, 
463.238684, 35, 0.1, 0.1, 0.224999999, -0.115000006, -0.0199696794, 0.707106712, -0.707106851, 1.60935951e-006, 0.70710685, 0.707106712, -1.5788487e-005, 1.00261584e-005, 1.23021343e-005, 1, 0.707106713, -0.707106849, 1.73017736e-006, 0.707106849, 0.707106713, -9.0994992e-006, 5.21089819e-006, 7.65773723e-006, 1, 0, 0, 0, 0, 0, 0, 0, 0.357802222, -0.176992969, -0.155515625, -0.470872138, 0.375804356, -0.798138629, -0.85168457, -0.428955078, 0.30065918, -0.229333746, 0.821441745, 0.522154114, 0, -0, 0, 0, 0, 0, 0, 0.390403467, -0.113083057, -0.120734033, -0.114501508, 0.324503907, -0.938833366, -0.0577392578, -0.945556641, -0.319824219, -0.991644161, 0.0177819546, 0.127048481, 1, 3, 1, 0, 
463.239376, 35, 0.1, 0.1, 0.224999999, -0.115000007, -0.019972007, 0.707106706, -0.707106856, -9.42336691e-007, 0.707106856, 0.707106706, -7.10457289e-006, 5.69002479e-006, 4.3573584e-006, 1, 0.707106708, -0.707106854, -3.87378613e-007, 0.707106854, 0.707106708, 1.12768891e-005, -7.70004758e-006, -8.24788203e-006, 1, 0, 0, 0, 0, 0, 0, 0, 0.357802222, -0.176992969, -0.155515625, -0.470872138, 0.375804356, -0.798138629, -0.85168457, -0.428955078, 0.30065918, -0.229333746, 0.821441745, 0.522154114, 0, -0, 0, 0, 0, 0, 0, 0.391414111, -0.113899268, -0.119503467, -0.114501508, 0.324503907, -0.938833366, -0.0577392578, -0.945556641, -0.319824219, -0.991644161, 0.0177819546, 0.127048481, 1, 3, 1, 0, 
463.24009, 35, 0.1, 0.1, 0.224999999, -0.115000008, -0.0199734324, 0.7071067, -0.707106862, -1.37819203e-006, 0.707106862, 0.7071067, 1.25915055e-005, -7.92901111e-006, -9.87806693e-006, 1, 0.707106701, -0.707106861, -1.69125903e-006, 0.707106861, 0.707106701, 1.90534308e-005, -1.2276911e-005, -1.46687094e-005, 1, 0, 0, 0, 0, 0, 0, 0, 0.357802222, -0.176992969, -0.155515625, -0.470872138, 0.375804356, -0.798138629, -0.85168457, -0.428955078, 0.30065918, -0.229333746, 0.821441745, 0.522154114, 0, -0, 0, 0, 0, 0, 0, 0.391414111, -0.113899268, -0.119503467, -0.114501508, 0.324503907, -0.938833366, -0.0577392578, -0.945556641, -0.319824219, -0.991644161, 0.0177819546, 0.127048481, 1, 3, 1, 0, 
463.240785, 35, 0.1, 0.1, 0.224999999, -0.115000008, -0.0199734798, 0.707106695, -0.707106868, 1.13554266e-006, 0.707106867, 0.707106695, 1.74524507e-005, -1.31436976e-005, -1.15377947e-005, 1, 0.707106696, -0.707106866, 7.84680276e-007, 0.707106866, 0.707106696, 1.22587576e-005, -9.22310433e-006, -8.11339676e-006, 1, 0, 0, 0, 0, 0, 0, 0, 0.357802222, -0.176992969, -0.155515625, -0.470872138, 0.375804356, -0.798138629, -0.85168457, -0.428955078, 0.30065918, -0.229333746, 0.821441745, 0.522154114, 0, -0, 0, 0, 0, 0, 0, 0.391414111, -0.113899268, -0.119503467, -0.114501508, 0.324503907, -0.938833366, -0.0577392578, -0.945556641, -0.319824219, -0.991644161, 0.0177819546, 0.127048481, 1, 3, 1, 0, 
463.241483, 35, 0.1, 0.1, 0.224999999, -0.115000008, -0.0199723788, 0.70710669, -0.707106872, 3.57931522e-007, 0.707106872, 0.70710669, 1.1219743e-005, -8.18665318e-006, -7.68045952e-006, 1, 0.70710669, -0.707106872, 7.53293539e-007, 0.707106872, 0.70710669, -7.12645398e-006, 4.50650568e-006, 5.57182232e-006, 1, 0, 0, 0, 0, 0, 0, 0, 0.357802222, -0.176992969, -0.155515625, -0.470872138, 0.375804356, -0.798138629, -0.85168457, -0.428955078, 0.30065918, -0.229333746, 0.821441745, 0.522154114, 0, -0, 0, 0, 0, 0, 0, 0.391414111, -0.113899268, -0.119503467, -0.114501508, 0.324503907, -0.938833366, -0.0577392578, -0.945556641, -0.319824219, -0.991644161, 0.0177819546, 0.127048481, 1, 3, 1, 0, 
463.242176, 35, 0.1, 0.1, 0.224999999, -0.115000008, -0.0199705657, 0.707106684, -0.707106878, -4.26868017e-007, 0.707106878, 0.707106684, -9.36752526e-006, 6.92568277e-006, 6.32199841e-006, 1, 0.707106685, -0.707106877, -6.17064618e-007, 0.707106877, 0.707106685, -1.6359966e-005, 1.2004575e-005, 1.11319107e-005, 1, 0, 0, 0, 0, 0, 0, 0, 0.357802222, -0.176992969, -0.155515625, -0.470872138, 0.375804356, -0.798138629, -0.85168457, -0.428955078, 0.30065918, -0.229333746, 0.821441745, 0.522154114, 0, -0, 0, 0, 0, 0, 0, 0.391414111, -0.113899268, -0.119503467, -0.114501508, 0.324503907, -0.938833366, -0.0577392578, -0.945556641, -0.319824219, -0.991644161, 0.0177819546, 0.127048481, 1, 3, 1, 0, 
463.242868, 35, 0.1, 0.1, 0.224999999, -0.115000008, -0.0199686358, 0.707106679, -0.707106884, 4.71166846e-007, 0.707106884, 0.707106679, -1.8639676e-005, 1.2847078e-005, 1.35134047e-005, 1, 0.707106679, -0.707106883, 5.56362813e-007, 0.707106883, 0.707106679, -1.2083796e-005, 8.1511275e-006, 8.93794087e-006, 1, 0, 0, 0, 0, 0, 0, 0, 0.357802222, -0.176992969, -0.155515625, -0.470872138, 0.375804356, -0.798138629, -0.85168457, -0.428955078, 0.30065918, -0.229333746, 0.821441745, 0.522154114, 0, -0, 0, 0, 0, 0, 0, 0.391414111, -0.113899268, -0.119503467, -0.114501508, 0.324503907, -0.938833366, -0.0577392578, -0.945556641, -0.319824219, -0.991644161, 0.0177819546, 0.127048481, 1, 3, 1, 0, 
463.243591, 35, 0.1, 0.1, 0.224999999, -0.115000008, -0.0199668845, 0.707106677, -0.707106885, -5.62150475e-007, 0.707106885, 0.707106677, -1.40213497e-005, 1.03120933e-005, 9.51708951e-006, 1, 0.707106678, -0.707106885, -6.28837269e-007, 0.707106885, 0.707106678, 8.3821506e-006, -5.48242137e-006, -6.37172982e-006, 1, 0, 0, 0, 0, 0, 0, 0, 0.358946631, -0.178432251, -0.154791821, -0.470471122, 0.378234801, -0.797166976, -0.852661133, -0.427124023, 0.300537109, -0.22680183, 0.821180392, 0.523606914, 0, -0, 0, 0, 0, 0, 0, 0.392163428, -0.115074561, -0.118447314, -0.113261972, 0.323111253, -0.939485217, -0.0589599609, -0.946044922, -0.318359375, -0.991759366, 0.0193539787, 0.126243512, 1, 3, 1, 0, 
463.244288, 35, 0.1, 0.1, 0.224999999, -0.115000008, -0.019965915, 0.707106673, -0.70710689, 5.91021389e-007, 0.70710689, 0.707106673, 8.61166952e-006, -6.50728602e-006, -5.67145368e-006, 1, 0.707106674, -0.707106889, 6.44398721e-007, 0.707106889, 0.707106674, 1.68231673e-005, -1.23514361e-005, -1.14401151e-005, 1, 0, 0, 0, 0, 0, 0, 0, 0.358946631, -0.178432251, -0.154791821, -0.470471122, 0.378234801, -0.797166976, -0.852661133, -0.427124023, 0.300537109, -0.22680183, 0.821180392, 0.523606914, 0, -0, 0, 0, 0, 0, 0, 0.392163428, -0.115074561, -0.118447314, -0.113261972, 0.323111253, -0.939485217, -0.0589599609, -0.946044922, -0.318359375, -0.991759366, 0.0193539787, 0.126243512, 1, 3, 1, 0, 
463.244981, 35, 0.1, 0.1, 0.224999999, -0.115000007, -0.0199660939, 0.70710667, -0.707106892, -1.12626325e-006, 0.707106892, 0.70710667, 1.63001002e-005, -1.07295249e-005, -1.23222981e-005, 1, 0.70710667, -0.707106892, -8.80163294e-007, 0.707106892, 0.70710667, 9.08315678e-006, -5.80039343e-006, -7.04513028e-006, 1, 0, 0, 0, 0, 0, 0, 0, 0.358946631, -0.178432251, -0.154791821, -0.470471122, 0.378234801, -0.797166976, -0.852661133, -0.427124023, 0.300537109, -0.22680183, 0.821180392, 0.523606914, 0, -0, 0, 0, 0, 0, 0, 0.392163428, -0.115074561, -0.118447314, -0.113261972, 0.323111253, -0.939485217, -0.0589599609, -0.946044922, -0.318359375, -0.991759366, 0.0193539787, 0.126243512, 1, 3, 1, 0, 
463.245675, 35, 0.1, 0.1, 0.224999999, -0.115000006, -0.0199673029, 0.707106668, -0.707106895, 3.54727281e-007, 0.707106895, 0.707106668, 9.24311607e-006, -6.78670113e-006, -6.2850389e-006, 1, 0.707106669, -0.707106893, -2.94751657e-007, 0.707106893, 0.707106669, -1.28626763e-005, 9.30370796e-006, 8.88686328e-006, 1, 0, 0, 0, 0, 0, 0, 0, 0.358946631, -0.178432251, -0.154791821, -0.470471122, 0.378234801, -0.797166976, -0.852661133, -0.427124023, 0.300537109, -0.22680183, 0.821180392, 0.523606914, 0, -0, 0, 0, 0, 0, 0, 0.392163428, -0.115074561, -0.118447314, -0.113261972, 0.323111253, -0.939485217, -0.0589599609, -0.946044922, -0.318359375, -0.991759366, 0.0193539787, 0.126243512, 1, 3, 1, 0, 
463.246385, 35, 0.1, 0.1, 0.224999999, -0.115000005, -0.019969033, 0.707106665, -0.707106897, 8.98331752e-007, 0.707106897, 0.707106665, -1.23206955e-005, 8.07683237e-006, 9.34726247e-006, 1, 0.707106665, -0.707106897, 1.20906338e-006, 0.707106897, 0.707106665, -1.98774282e-005, 1.32005298e-005, 1.4910399e-005, 1, 0, 0, 0, 0, 0, 0, 0, 0.358946631, -0.178432251, -0.154791821, -0.470471122, 0.378234801, -0.797166976, -0.852661133, -0.427124023, 0.300537109, -0.22680183, 0.821180392, 0.523606914, 0, -0, 0, 0, 0, 0, 0, 0.392163428, -0.115074561, -0.118447314, -0.113261972, 0.323111253, -0.939485217, -0.0589599609, -0.946044922, -0.318359375, -0.991759366, 0.0193539787, 0.126243512, 1, 3, 1, 0, 
463.247075, 35, 0.1, 0.1, 0.224999999, -0.115000005, -0.0199707732, 0.707106664, -0.707106898, -7.0093338e-007, 0.707106898, 0.707106664, -1.57924327e-005, 1.16625728e-005, 1.06712996e-005, 1, 0.707106665, -0.707106898, -6.3505921e-007, 0.707106898, 0.707106665, -9.99191544e-006, 7.51440693e-006, 6.61629525e-006, 1, 0, 0, 0, 0, 0, 0, 0, 0.358946631, -0.178432251, -0.154791821, -0.470471122, 0.378234801, -0.797166976, -0.852661133, -0.427124023, 0.300537109, -0.22680183, 0.821180392, 0.523606914, 0, -0, 0, 0, 0, 0, 0, 0.392163428, -0.115074561, -0.118447314, -0.113261972, 0.323111253, -0.939485217, -0.0589599609, -0.946044922, -0.318359375, -0.991759366, 0.0193539787, 0.126243512, 1, 3, 1, 0, 
463.247761, 35, 0.1, 0.1, 0.224999999, -0.115000006, -0.0199721183, 0.707106661, -0.707106901, 1.68706168e-007, 0.707106901, 0.707106661, -7.13923605e-006, 4.92890982e-006, 5.16749466e-006, 1, 0.707106662, -0.707106901, 1.68503523e-007, 0.707106901, 0.707106662, 1.07597937e-005, -7.72747436e-006, -7.48917182e-006, 1, 0, 0, 0, 0, 0, 0, 0, 0.358946631, -0.178432251, -0.154791821, -0.470471122, 0.378234801, -0.797166976, -0.852661133, -0.427124023, 0.300537109, -0.22680183, 0.821180392, 0.523606914, 0, -0, 0, 0, 0, 0, 0, 0.392163428, -0.115074561, -0.118447314, -0.113261972, 0.323111253, -0.939485217, -0.0589599609, -0.946044922, -0.318359375, -0.991759366, 0.0193539787, 0.126243512, 1, 3, 1, 0, 
463.248487, 35, 0.1, 0.1, 0.224999999, -0.115000008, -0.0199724634, 0.707106662, -0.707106901, -5.00043293e-008, 0.7071069, 0.707106662, 1.37219214e-005, -9.66750689e-006, -9.73822041e-006, 1, 0.707106661, -0.707106901, -3.33264582e-007, 0.707106901, 0.707106661, 2.04823213e-005, -1.42475371e-005, -1.47188395e-005, 1, 0, 0, 0, 0, 0, 0, 0, 0.360277905, -0.179007617, -0.154284546, -0.470654969, 0.380150775, -0.796099843, -0.852661133, -0.427612305, 0.299926758, -0.226401936, 0.820011788, 0.525662552, 0, -0, 0, 0, 0, 0, 0, 0.39357417, -0.116028809, -0.117387988, -0.112143838, 0.322101761, -0.939977386, -0.05859375, -0.946411133, -0.317260742, -0.991887331, 0.0196161049, 0.125087099, 1, 3, 1, 0, 
