time, trialNum, realDorsalTactorPos, realVentralTactorPos, boxPosX, boxPosY, boxPosZ, boxLocalRot_11, boxLocalRot_12, boxLocalRot_13, boxLocalRot_21, boxLocalRot_22, boxLocalRot_23, boxLocalRot_31, boxLocalRot_32, boxLocalRot_33, boxGlobalRot_11, boxGlobalRot_12, boxGlobalRot_13, boxGlobalRot_21, boxGlobalRot_22, boxGlobalRot_23, boxGlobalRot_31, boxGlobalRot_32, boxGlobalRot_33, indexForceX, indexForceY, indexForceZ, indexForceGlobalX, indexForceGlobalY, indexForceGlobalZ, indexContact, indexPosX, indexPosY, indexPosZ, indexRot_11, indexRot_12, indexRot_13, indexRot_21, indexRot_22, indexRot_23, indexRot_31, indexRot_32, indexRot_33, thumbForceX, thumbForceY, thumbForceZ, thumbForceGlobalX, thumbForceGlobalY, thumbForceGlobalZ, thumbContact, thumbPosX, thumbPosY, thumbPosZ, thumbRot_11, thumbRot_12, thumbRot_13, thumbRot_21, thumbRot_22, thumbRot_23, thumbRot_31, thumbRot_32, thumbRot_33, manipForceTooHigh, cceExpType, mapping, trialSuccess, 
912.543365, 66, 0.1, 0.1, 0.0283422443, 0.360440657, -0.0199690489, 0.99889149, -6.89221739e-006, 0.0470721925, -0.0470721927, -2.0622346e-005, 0.99889149, -5.91383825e-006, -1, -2.09239177e-005, 0.998891479, 1.86240519e-005, 0.0470724286, -0.0470724289, 1.83970825e-005, 0.998891479, 1.77374113e-005, -1, 1.92533683e-005, 0, 0, 0, 0, 0, 0, 0, 0.305494165, -0.142468433, -0.181544385, -0.261013916, 0.709379644, -0.654632824, -0.958740234, -0.112060547, 0.260864258, 0.111664354, 0.695812961, 0.709531315, 0, 0, -0, 0, 0, 0, 0, 0.345000146, -0.0996819336, -0.149453027, -0.0745731066, 0.299627591, -0.951112558, 0.313842773, -0.898193359, -0.307495117, -0.946451452, -0.321270419, -0.0270567884, 0, 3, 5, 1, 
912.582542, 66, 0.1, 0.1, 0.0283422229, 0.360440611, -0.0199710536, 0.998895839, 2.11739474e-005, 0.0469798082, -0.0469798089, 2.99575071e-005, 0.998895839, 1.974317e-005, -0.999999999, 3.09191772e-005, 0.998895834, -1.36550995e-006, 0.0469799122, -0.0469799121, 4.24280188e-005, 0.998895833, -3.3572668e-006, -0.999999999, 4.23170197e-005, 0, 0, 0, 0, 0, 0, 0, 0.310107544, -0.142685181, -0.175570117, -0.306588402, 0.73807696, -0.601016294, -0.944335937, -0.156982422, 0.288818359, 0.118882643, 0.656167643, 0.745285204, 0, 0, 0, 0, 0, 0, 0, 0.346098779, -0.102023975, -0.144453955, -0.134527238, 0.288140312, -0.947982334, 0.373168945, -0.871582031, -0.317749023, -0.917893955, -0.396491635, 0.00972679623, 0, 3, 5, 1, 
912.583258, 66, 0.1, 0.1, 0.0283422272, 0.360440606, -0.019970155, 0.998895842, -1.13857205e-005, 0.0469797503, -0.0469797507, -4.36850925e-005, 0.998895841, -9.32083408e-006, -0.999999999, -4.41717555e-005, 0.998895844, 1.18162174e-005, 0.0469797153, -0.0469797147, -4.80298237e-005, 0.998895842, 1.40595979e-005, -0.999999999, -4.74216687e-005, 0, 0, 0, 0, 0, 0, 0, 0.310468921, -0.141873853, -0.175200488, -0.312560607, 0.741171277, -0.594071314, -0.942504883, -0.164428711, 0.290649414, 0.117851076, 0.650733874, 0.75011764, 0, 0, 0, 0, 0, 0, 0, 0.346019775, -0.102246143, -0.144131592, -0.140155821, 0.287231798, -0.947438759, 0.379394531, -0.868286133, -0.319335937, -0.914557777, -0.404197172, 0.0127297534, 0, 3, 5, 1, 
912.58396, 66, 0.1, 0.1, 0.0283422249, 0.360440609, -0.0199690442, 0.998895815, 1.97974954e-005, 0.0469803206, -0.0469803216, 4.93479344e-005, 0.998895814, 1.74572535e-005, -0.999999999, 5.02235378e-005, 0.998895823, -4.19359484e-006, 0.0469801562, -0.046980156, 4.2455214e-005, 0.998895822, -6.18351695e-006, -0.999999999, 4.22113201e-005, 0, 0, 0, 0, 0, 0, 0, 0.310468921, -0.141873853, -0.175200488, -0.312560607, 0.741171277, -0.594071314, -0.942504883, -0.164428711, 0.290649414, 0.117851076, 0.650733874, 0.75011764, 0, 0, 0, 0, 0, 0, 0, 0.346019775, -0.102246143, -0.144131592, -0.140155821, 0.287231798, -0.947438759, 0.379394531, -0.868286133, -0.319335937, -0.914557777, -0.404197172, 0.0127297534, 0, 3, 5, 1, 
912.584655, 66, 0.1, 0.1, 0.0283422288, 0.36044061, -0.0199682533, 0.998895766, -1.52507787e-005, 0.0469813609, -0.0469813615, -4.01503144e-005, 0.998895765, -1.33476219e-005, -0.999999999, -4.08224814e-005, 0.998895778, 1.0444284e-005, 0.0469811152, -0.046981115, -2.17048484e-005, 0.998895778, 1.14524692e-005, -1, -2.11901974e-005, 0, 0, 0, 0, 0, 0, 0, 0.310468921, -0.141873853, -0.175200488, -0.312560607, 0.741171277, -0.594071314, -0.942504883, -0.164428711, 0.290649414, 0.117851076, 0.650733874, 0.75011764, 0, 0, 0, 0, 0, 0, 0, 0.346019775, -0.102246143, -0.144131592, -0.140155821, 0.287231798, -0.947438759, 0.379394531, -0.868286133, -0.319335937, -0.914557777, -0.404197172, 0.0127297534, 0, 3, 5, 1, 
912.58539, 66, 0.1, 0.1, 0.0283422259, 0.360440607, -0.0199678455, 0.998895703, 2.11211033e-005, 0.046982692, -0.0469826927, 2.9424004e-005, 0.998895703, 1.97153604e-005, -0.999999999, 3.03838374e-005, 0.998895719, -1.25710439e-005, 0.0469823623, -0.0469823624, -1.03694737e-005, 0.998895719, -1.20699796e-005, -1, -1.09486402e-005, 0, 0, 0, 0, 0, 0, 0, 0.310468921, -0.141873853, -0.175200488, -0.312560607, 0.741171277, -0.594071314, -0.942504883, -0.164428711, 0.290649414, 0.117851076, 0.650733874, 0.75011764, 0, 0, 0, 0, 0, 0, 0, 0.346019775, -0.102246143, -0.144131592, -0.140155821, 0.287231798, -0.947438759, 0.379394531, -0.868286133, -0.319335937, -0.914557777, -0.404197172, 0.0127297534, 0, 3, 5, 1, 
912.586082, 66, 0.1, 0.1, 0.028342231, 0.360440616, -0.0199675721, 0.99889565, -7.27679647e-006, 0.0469838235, -0.0469838234, 1.91341595e-005, 0.99889565, -8.16775631e-006, -1, 1.8771137e-005, 0.99889566, 1.8372941e-005, 0.046983617, -0.0469836177, 4.21222445e-005, 0.998895659, 1.63735956e-005, -0.999999999, 4.29389544e-005, 0, 0, 0, 0, 0, 0, 0, 0.310468921, -0.141873853, -0.175200488, -0.312560607, 0.741171277, -0.594071314, -0.942504883, -0.164428711, 0.290649414, 0.117851076, 0.650733874, 0.75011764, 0, 0, 0, 0, 0, 0, 0, 0.346019775, -0.102246143, -0.144131592, -0.140155821, 0.287231798, -0.947438759, 0.379394531, -0.868286133, -0.319335937, -0.914557777, -0.404197172, 0.0127297534, 0, 3, 5, 1, 
912.586778, 66, 0.1, 0.1, 0.0283422288, 0.360440609, -0.019967965, 0.998895623, 1.94593464e-005, 0.0469844077, -0.0469844069, -3.88353016e-005, 0.998895622, 2.12625095e-005, -0.999999999, -3.78781269e-005, 0.998895627, -5.45749211e-006, 0.0469843284, -0.0469843286, -4.88541118e-005, 0.998895625, -3.15608737e-006, -0.999999999, -4.90565752e-005, 0, 0, 0, 0, 0, 0, 0, 0.310468921, -0.141873853, -0.175200488, -0.312560607, 0.741171277, -0.594071314, -0.942504883, -0.164428711, 0.290649414, 0.117851076, 0.650733874, 0.75011764, 0, 0, 0, 0, 0, 0, 0, 0.346019775, -0.102246143, -0.144131592, -0.140155821, 0.287231798, -0.947438759, 0.379394531, -0.868286133, -0.319335937, -0.914557777, -0.404197172, 0.0127297534, 0, 3, 5, 1, 
912.587471, 66, 0.1, 0.1, 0.0283422333, 0.360440613, -0.0199689312, 0.998895626, -1.00895824e-005, 0.0469843437, -0.0469843433, 3.73891731e-005, 0.998895625, -1.18351455e-005, -0.999999999, 3.68738291e-005, 0.998895623, 1.63950846e-005, 0.0469844068, -0.0469844074, 3.91065215e-005, 0.998895622, 1.45395815e-005, -0.999999999, 3.98336464e-005, 0, 0, 0, 0, 0, 0, 0, 0.310468921, -0.141873853, -0.175200488, -0.312560607, 0.741171277, -0.594071314, -0.942504883, -0.164428711, 0.290649414, 0.117851076, 0.650733874, 0.75011764, 0, 0, 0, 0, 0, 0, 0, 0.346019775, -0.102246143, -0.144131592, -0.140155821, 0.287231798, -0.947438759, 0.379394531, -0.868286133, -0.319335937, -0.914557777, -0.404197172, 0.0127297534, 0, 3, 5, 1, 
912.588185, 66, 0.1, 0.1, 0.0283422298, 0.360440613, -0.0199698268, 0.998895656, 1.23099216e-005, 0.046983705, -0.046983705, -5.70027688e-006, 0.998895656, 1.25641473e-005, -1, -5.11561608e-006, 0.998895649, -1.18062825e-005, 0.0469838561, -0.0469838562, -1.25689751e-005, 0.998895649, -1.12027053e-005, -1, -1.31097992e-005, 0, 0, 0, 0, 0, 0, 0, 0.310667358, -0.141276978, -0.174845752, -0.317371321, 0.744424354, -0.587405662, -0.940917969, -0.170654297, 0.291992188, 0.117129916, 0.645522143, 0.754747133, 0, 0, 0, 0, 0, 0, 0, 0.34572583, -0.102231641, -0.143364453, -0.145663002, 0.286406407, -0.946882424, 0.385253906, -0.865112305, -0.320922852, -0.911208838, -0.411525744, 0.0156113089, 0, 3, 5, 1, 
912.588882, 66, 0.1, 0.1, 0.0283422329, 0.360440615, -0.0199705551, 0.998895698, -1.68755398e-005, 0.0469828074, -0.0469828077, -1.28395774e-005, 0.998895698, -1.62536647e-005, -1, -1.36182589e-005, 0.99889569, 8.09738979e-006, 0.0469829826, -0.0469829827, 5.60649956e-006, 0.99889569, 7.82503769e-006, -1, 5.98074777e-006, 0, 0, 0, 0, 0, 0, 0, 0.310667358, -0.141276978, -0.174845752, -0.317371321, 0.744424354, -0.587405662, -0.940917969, -0.170654297, 0.291992188, 0.117129916, 0.645522143, 0.754747133, 0, 0, 0, 0, 0, 0, 0, 0.34572583, -0.102231641, -0.143364453, -0.145663002, 0.286406407, -0.946882424, 0.385253906, -0.865112305, -0.320922852, -0.911208838, -0.411525744, 0.0156113089, 0, 3, 5, 1, 
912.589588, 66, 0.1, 0.1, 0.0283422291, 0.360440613, -0.019970932, 0.998895734, 1.14101387e-005, 0.0469820379, -0.046982038, 7.05221598e-006, 0.998895734, 1.10662114e-005, -1, 7.58050003e-006, 0.998895729, -1.20268613e-005, 0.0469821529, -0.0469821529, 1.46806328e-006, 0.998895729, -1.20825531e-005, -1, 9.01394308e-007, 0, 0, 0, 0, 0, 0, 0, 0.310667358, -0.141276978, -0.174845752, -0.317371321, 0.744424354, -0.587405662, -0.940917969, -0.170654297, 0.291992188, 0.117129916, 0.645522143, 0.754747133, 0, 0, 0, 0, 0, 0, 0, 0.34572583, -0.102231641, -0.143364453, -0.145663002, 0.286406407, -0.946882424, 0.385253906, -0.865112305, -0.320922852, -0.911208838, -0.411525744, 0.0156113089, 0, 3, 5, 1, 
912.590287, 66, 0.1, 0.1, 0.0283422317, 0.360440613, -0.0199708837, 0.998895753, -1.82506711e-005, 0.0469816311, -0.0469816312, -1.02536605e-006, 0.998895753, -1.81823444e-005, -1, -1.88168009e-006, 0.998895749, 7.33716545e-006, 0.0469817233, -0.0469817233, -5.41404235e-008, 0.998895749, 7.33160699e-006, -1, 2.90632038e-007, 0, 0, 0, 0, 0, 0, 0, 0.310667358, -0.141276978, -0.174845752, -0.317371321, 0.744424354, -0.587405662, -0.940917969, -0.170654297, 0.291992188, 0.117129916, 0.645522143, 0.754747133, 0, 0, 0, 0, 0, 0, 0, 0.34572583, -0.102231641, -0.143364453, -0.150671818, 0.285906941, -0.946287809, 0.390869141, -0.861938477, -0.322631836, -0.907930262, -0.418451832, 0.0181286596, 0, 3, 5, 1, 
912.590988, 66, 0.1, 0.1, 0.0283422278, 0.360440613, -0.0199703016, 0.998895771, 1.17086287e-005, 0.0469812569, -0.0469812569, -1.97363548e-006, 0.998895771, 1.17884236e-005, -1, -1.42137004e-006, 0.998895767, -1.31634508e-005, 0.0469813523, -0.0469813524, -8.43339499e-006, 0.998895767, -1.27527029e-005, -1, -9.04251927e-006, 0, 0, 0, 0, 0, 0, 0, 0.310667358, -0.141276978, -0.174845752, -0.317371321, 0.744424354, -0.587405662, -0.940917969, -0.170654297, 0.291992188, 0.117129916, 0.645522143, 0.754747133, 0, 0, 0, 0, 0, 0, 0, 0.345463379, -0.102187109, -0.143048926, -0.150671818, 0.285906941, -0.946287809, 0.390869141, -0.861938477, -0.322631836, -0.907930262, -0.418451832, 0.0181286596, 0, 3, 5, 1, 
912.591683, 66, 0.1, 0.1, 0.0283422311, 0.360440615, -0.019969609, 0.9988958, -1.58332973e-005, 0.0469806328, -0.046980633, -1.30479793e-005, 0.9988958, -1.52028118e-005, -1, -1.377743e-005, 0.998895795, 9.16417966e-006, 0.0469807552, -0.0469807553, 6.35202417e-006, 0.998895795, 8.85563763e-006, -1, 6.77555031e-006, 0, 0, 0, 0, 0, 0, 0, 0.310667358, -0.141276978, -0.174845752, -0.317371321, 0.744424354, -0.587405662, -0.940917969, -0.170654297, 0.291992188, 0.117129916, 0.645522143, 0.754747133, 0, 0, 0, 0, 0, 0, 0, 0.345463379, -0.102187109, -0.143048926, -0.150671818, 0.285906941, -0.946287809, 0.390869141, -0.861938477, -0.322631836, -0.907930262, -0.418451832, 0.0181286596, 0, 3, 5, 1, 
912.592403, 66, 0.1, 0.1, 0.0283422285, 0.360440614, -0.0199689267, 0.998895827, 2.42093185e-005, 0.0469800648, -0.0469800655, 3.05385915e-005, 0.998895827, 2.27478822e-005, -0.999999999, 3.1642227e-005, 0.998895821, -8.95504162e-006, 0.0469801908, -0.0469801908, -5.80154866e-008, 0.998895821, -8.94242807e-006, -1, -4.78660991e-007, 0, 0, 0, 0, 0, 0, 0, 0.310667358, -0.141276978, -0.174845752, -0.317371321, 0.744424354, -0.587405662, -0.940917969, -0.170654297, 0.291992188, 0.117129916, 0.645522143, 0.754747133, 0, 0, 0, 0, 0, 0, 0, 0.345463379, -0.102187109, -0.143048926, -0.150671818, 0.285906941, -0.946287809, 0.390869141, -0.861938477, -0.322631836, -0.907930262, -0.418451832, 0.0181286596, 0, 3, 5, 1, 
912.593103, 66, 0.1, 0.1, 0.0283422351, 0.360440621, -0.0199681276, 0.998895848, 2.8453901e-006, 0.0469796117, -0.0469796117, -8.58378926e-007, 0.998895848, 2.88257467e-006, -1, -7.23755824e-007, 0.998895844, 2.73546935e-005, 0.0469796883, -0.046979689, 2.5370085e-005, 0.998895845, 2.6132611e-005, -0.999999999, 2.66271874e-005, 0, 0, 0, 0, 0, 0, 0, 0.311403955, -0.141146973, -0.17367666, -0.320304253, 0.747252449, -0.582263202, -0.940185547, -0.176147461, 0.291137695, 0.114999016, 0.6407485, 0.759123509, 0, 0, 0, 0, 0, 0, 0, 0.345463379, -0.102187109, -0.143048926, -0.150671818, 0.285906941, -0.946287809, 0.390869141, -0.861938477, -0.322631836, -0.907930262, -0.418451832, 0.0181286596, 0, 3, 5, 1, 
912.593806, 66, 0.1, 0.1, 0.0283422253, 0.360440619, -0.0199677748, 0.998895848, -4.35345502e-005, 0.0469795992, -0.0469795986, 1.57290846e-005, 0.998895849, -4.42254276e-005, -0.999999999, 1.36664816e-005, 0.998895848, -5.81926193e-005, 0.0469795815, -0.0469795819, -5.36673189e-006, 0.99889585, -5.78762391e-005, -0.999999998, -8.09467113e-006, 0, 0, 0, 0, 0, 0, 0, 0.311403955, -0.141146973, -0.17367666, -0.320304253, 0.747252449, -0.582263202, -0.940185547, -0.176147461, 0.291137695, 0.114999016, 0.6407485, 0.759123509, 0, 0, 0, 0, 0, 0, 0, 0.345463379, -0.102187109, -0.143048926, -0.150671818, 0.285906941, -0.946287809, 0.390869141, -0.861938477, -0.322631836, -0.907930262, -0.418451832, 0.0181286596, 0, 3, 5, 1, 
912.594504, 66, 0.1, 0.1, 0.0283422301, 0.360440621, -0.019968051, 0.998895823, 4.205449e-005, 0.0469801304, -0.0469801298, -1.51852125e-005, 0.998895824, 4.27214577e-005, -0.999999999, -1.319272e-005, 0.99889583, 4.34410512e-005, 0.0469799867, -0.0469799865, -6.48553865e-006, 0.998895831, 4.36977755e-005, -0.999999999, -4.43751752e-006, 0, 0, 0, 0, 0, 0, 0, 0.311403955, -0.141146973, -0.17367666, -0.320304253, 0.747252449, -0.582263202, -0.940185547, -0.176147461, 0.291137695, 0.114999016, 0.6407485, 0.759123509, 0, 0, 0, 0, 0, 0, 0, 0.345463379, -0.102187109, -0.143048926, -0.150671818, 0.285906941, -0.946287809, 0.390869141, -0.861938477, -0.322631836, -0.907930262, -0.418451832, 0.0181286596, 0, 3, 5, 1, 
912.595225, 66, 0.1, 0.1, 0.028342227, 0.360440624, -0.0199685931, 0.998895785, -5.04065539e-005, 0.0469809265, -0.0469809249, 3.40003322e-005, 0.998895786, -5.19482614e-005, -0.999999998, 3.15946421e-005, 0.998895792, -4.29575925e-005, 0.0469807885, -0.046980787, 3.37154131e-005, 0.998895793, -4.44941351e-005, -0.999999999, 3.16600027e-005, 0, 0, 0, 0, 0, 0, 0, 0.311684668, -0.140816797, -0.172521118, -0.323370857, 0.749617371, -0.577380974, -0.939575195, -0.182128906, 0.289672852, 0.112024144, 0.636171807, 0.763417509, 0, 0, 0, 0, 0, 0, 0, 0.345444189, -0.102177734, -0.142302051, -0.155463349, 0.285119829, -0.945763556, 0.397338867, -0.858398438, -0.32409668, -0.904383363, -0.426144608, 0.0201476441, 0, 3, 5, 1, 
912.595922, 66, 0.1, 0.1, 0.0283422256, 0.360440621, -0.0199691888, 0.998895763, 3.96878909e-005, 0.0469814141, -0.0469814123, -4.64276241e-005, 0.998895763, 4.18253014e-005, -0.999999998, -4.45117638e-005, 0.998895766, 1.9031253e-005, 0.046981366, -0.0469813652, -4.0456478e-005, 0.998895765, 2.09109387e-005, -0.999999999, -3.95176904e-005, 0, 0, 0, 0, 0, 0, 0, 0.311684668, -0.140816797, -0.172521118, -0.323370857, 0.749617371, -0.577380974, -0.939575195, -0.182128906, 0.289672852, 0.112024144, 0.636171807, 0.763417509, 0, 0, 0, 0, 0, 0, 0, 0.345444189, -0.102177734, -0.142302051, -0.155463349, 0.285119829, -0.945763556, 0.397338867, -0.858398438, -0.32409668, -0.904383363, -0.426144608, 0.0201476441, 0, 3, 5, 1, 
912.59662, 66, 0.1, 0.1, 0.0283422324, 0.360440622, -0.0199699229, 0.998895764, -3.76034186e-006, 0.0469814044, -0.0469814041, 5.00172612e-005, 0.998895763, -6.10607072e-006, -0.999999999, 4.97853642e-005, 0.998895761, 2.31479342e-005, 0.0469814563, -0.046981457, 2.94085516e-005, 0.998895761, 2.17407168e-005, -0.999999999, 3.04636012e-005, 0, 0, 0, 0, 0, 0, 0, 0.311684668, -0.140816797, -0.172521118, -0.323370857, 0.749617371, -0.577380974, -0.939575195, -0.182128906, 0.289672852, 0.112024144, 0.636171807, 0.763417509, 0, 0, 0, 0, 0, 0, 0, 0.345444189, -0.102177734, -0.142302051, -0.155463349, 0.285119829, -0.945763556, 0.397338867, -0.858398438, -0.32409668, -0.904383363, -0.426144608, 0.0201476441, 0, 3, 5, 1, 
912.597313, 66, 0.1, 0.1, 0.0283422282, 0.360440629, -0.019970608, 0.998895783, -5.28890684e-006, 0.0469810106, -0.0469810107, -5.21918184e-006, 0.998895783, -5.0378643e-006, -1, -5.46189691e-006, 0.998895778, -2.18986914e-005, 0.0469811069, -0.0469811063, 2.52035899e-005, 0.998895778, -2.30586029e-005, -0.999999999, 2.41469348e-005, 0, 0, 0, 0, 0, 0, 0, 0.311684668, -0.140816797, -0.172521118, -0.323370857, 0.749617371, -0.577380974, -0.939575195, -0.182128906, 0.289672852, 0.112024144, 0.636171807, 0.763417509, 0, 0, 0, 0, 0, 0, 0, 0.345444189, -0.102177734, -0.142302051, -0.155463349, 0.285119829, -0.945763556, 0.397338867, -0.858398438, -0.32409668, -0.904383363, -0.426144608, 0.0201476441, 0, 3, 5, 1, 
912.598004, 66, 0.1, 0.1, 0.0283422351, 0.360440623, -0.0199709661, 0.998895817, 2.69798366e-005, 0.0469802661, -0.0469802658, -1.22446783e-005, 0.998895818, 2.75253042e-005, -1, -1.0963638e-005, 0.99889581, 4.01078821e-005, 0.0469804142, -0.046980413, -2.98907385e-005, 0.99889581, 4.14678747e-005, -0.999999999, -2.79734486e-005, 0, 0, 0, 0, 0, 0, 0, 0.311684668, -0.140816797, -0.172521118, -0.323370857, 0.749617371, -0.577380974, -0.939575195, -0.182128906, 0.289672852, 0.112024144, 0.636171807, 0.763417509, 0, 0, 0, 0, 0, 0, 0, 0.345444189, -0.102177734, -0.142302051, -0.155463349, 0.285119829, -0.945763556, 0.397338867, -0.858398438, -0.32409668, -0.904383363, -0.426144608, 0.0201476441, 0, 3, 5, 1, 
912.598705, 66, 0.1, 0.1, 0.0283422281, 0.360440629, -0.0199709201, 0.998895861, -5.59909776e-005, 0.0469793019, -0.0469793008, 2.05147941e-005, 0.998895863, -5.68929266e-005, -0.999999998, 1.78617259e-005, 0.998895852, -5.6259795e-005, 0.0469795128, -0.046979511, 3.29617013e-005, 0.998895853, -5.77462006e-005, -0.999999998, 3.0282249e-005, 0, 0, 0, 0, 0, 0, 0, 0.311684668, -0.140816797, -0.172521118, -0.323370857, 0.749617371, -0.577380974, -0.939575195, -0.182128906, 0.289672852, 0.112024144, 0.636171807, 0.763417509, 0, 0, 0, 0, 0, 0, 0, 0.345444189, -0.102177734, -0.142302051, -0.155463349, 0.285119829, -0.945763556, 0.397338867, -0.858398438, -0.32409668, -0.904383363, -0.426144608, 0.0201476441, 0, 3, 5, 1, 
912.599415, 66, 0.1, 0.1, 0.0283422276, 0.360440627, -0.019970394, 0.998895926, 3.15810746e-005, 0.0469779534, -0.0469779536, 6.74054412e-006, 0.998895926, 3.12295498e-005, -0.999999999, 8.21671632e-006, 0.998895911, 2.22067912e-005, 0.0469782706, -0.0469782703, -9.8259802e-006, 0.998895912, 2.26438805e-005, -1, -8.77189481e-006, 0, 0, 0, 0, 0, 0, 0, 0.311684668, -0.140816797, -0.172521118, -0.323370857, 0.749617371, -0.577380974, -0.939575195, -0.182128906, 0.289672852, 0.112024144, 0.636171807, 0.763417509, 0, 0, 0, 0, 0, 0, 0, 0.345444189, -0.102177734, -0.142302051, -0.155463349, 0.285119829, -0.945763556, 0.397338867, -0.858398438, -0.32409668, -0.904383363, -0.426144608, 0.0201476441, 0, 3, 5, 1, 
912.600136, 66, 0.1, 0.1, 0.0283422283, 0.360440629, -0.0199693197, 0.998895999, -1.560347e-005, 0.0469764046, -0.0469764045, 4.74834348e-006, 0.998895999, -1.58093039e-005, -1, 4.01010638e-006, 0.998895986, -1.56959616e-005, 0.0469766779, -0.046976678, -2.22845179e-006, 0.998895986, -1.55739478e-005, -1, -2.96333568e-006, 0, 0, 0, 0, 0, 0, 0, 0.312180444, -0.140936523, -0.171369604, -0.326621308, 0.751899917, -0.572556033, -0.938720703, -0.187866211, 0.288696289, 0.109449166, 0.631855345, 0.767349807, 0, 0, 0, 0, 0, 0, 0, 0.345398633, -0.102190088, -0.14176499, -0.160791527, 0.284128194, -0.945156182, 0.404174805, -0.854614258, -0.325683594, -0.900401896, -0.43422711, 0.0225435932, 0, 3, 5, 1, 
912.600836, 66, 0.1, 0.1, 0.0283422307, 0.360440628, -0.0199683241, 0.998896059, 7.84692884e-006, 0.0469751388, -0.0469751388, 1.0049698e-005, 0.998896059, 7.36618033e-006, -1, 1.04072143e-005, 0.998896047, 1.93747826e-005, 0.0469753814, -0.0469753813, -7.24351787e-006, 0.998896047, 1.96936608e-005, -1, -6.32538357e-006, 0, 0, 0, 0, 0, 0, 0, 0.312180444, -0.140936523, -0.171369604, -0.326621308, 0.751899917, -0.572556033, -0.938720703, -0.187866211, 0.288696289, 0.109449166, 0.631855345, 0.767349807, 0, 0, 0, 0, 0, 0, 0, 0.345398633, -0.102190088, -0.14176499, -0.160791527, 0.284128194, -0.945156182, 0.404174805, -0.854614258, -0.325683594, -0.900401896, -0.43422711, 0.0225435932, 0, 3, 5, 1, 
912.601572, 66, 0.1, 0.1, 0.0283422281, 0.360440629, -0.0199675642, 0.998896129, 8.37581526e-006, 0.0469736465, -0.0469736465, 8.99762087e-007, 0.998896129, 8.32430433e-006, -1, 1.29221145e-006, 0.998896115, -1.19794143e-005, 0.0469739438, -0.0469739439, -4.98755376e-006, 0.998896115, -1.17319054e-005, -1, -5.54476841e-006, 0, 0, 0, 0, 0, 0, 0, 0.312180444, -0.140936523, -0.171369604, -0.326621308, 0.751899917, -0.572556033, -0.938720703, -0.187866211, 0.288696289, 0.109449166, 0.631855345, 0.767349807, 0, 0, 0, 0, 0, 0, 0, 0.345398633, -0.102190088, -0.14176499, -0.160791527, 0.284128194, -0.945156182, 0.404174805, -0.854614258, -0.325683594, -0.900401896, -0.43422711, 0.0225435932, 0, 3, 5, 1, 
912.602258, 66, 0.1, 0.1, 0.0283422279, 0.360440628, -0.0199672504, 0.998896192, -2.81177841e-005, 0.0469723013, -0.0469723018, -1.3982215e-005, 0.998896192, -2.74299707e-005, -1, -1.52875383e-005, 0.99889618, -1.76617988e-005, 0.0469725602, -0.0469725604, -1.14100617e-005, 0.99889618, -1.71063435e-005, -1, -1.22270869e-005, 0, 0, 0, 0, 0, 0, 0, 0.312180444, -0.140936523, -0.171369604, -0.326621308, 0.751899917, -0.572556033, -0.938720703, -0.187866211, 0.288696289, 0.109449166, 0.631855345, 0.767349807, 0, 0, 0, 0, 0, 0, 0, 0.345398633, -0.102190088, -0.14176499, -0.160791527, 0.284128194, -0.945156182, 0.404174805, -0.854614258, -0.325683594, -0.900401896, -0.43422711, 0.0225435932, 0, 3, 5, 1, 
912.602957, 66, 0.1, 0.1, 0.0283422278, 0.360440629, -0.0199676467, 0.998896241, 1.46494977e-005, 0.0469712524, -0.0469712523, -4.87605711e-006, 0.998896242, 1.48623627e-005, -1, -4.18256987e-006, 0.998896234, 1.58101498e-005, 0.0469714173, -0.0469714174, 9.17804838e-006, 0.998896234, 1.53615931e-005, -1, 9.9105431e-006, 0, 0, 0, 0, 0, 0, 0, 0.312180444, -0.140936523, -0.171369604, -0.326621308, 0.751899917, -0.572556033, -0.938720703, -0.187866211, 0.288696289, 0.109449166, 0.631855345, 0.767349807, 0, 0, 0, 0, 0, 0, 0, 0.345398633, -0.102190088, -0.14176499, -0.160791527, 0.284128194, -0.945156182, 0.404174805, -0.854614258, -0.325683594, -0.900401896, -0.43422711, 0.0225435932, 0, 3, 5, 1, 
912.603662, 66, 0.1, 0.1, 0.0283422251, 0.360440631, -0.0199685825, 0.998896268, -1.09849884e-005, 0.0469706908, -0.0469706906, 1.6846833e-005, 0.998896268, -1.17641713e-005, -1, 1.63122661e-005, 0.998896264, -2.24370892e-005, 0.046970773, -0.0469707725, 2.18069066e-005, 0.998896264, -2.34366119e-005, -1, 2.07289501e-005, 0, 0, 0, 0, 0, 0, 0, 0.312180444, -0.140936523, -0.171369604, -0.326621308, 0.751899917, -0.572556033, -0.938720703, -0.187866211, 0.288696289, 0.109449166, 0.631855345, 0.767349807, 0, 0, 0, 0, 0, 0, 0, 0.345398633, -0.102190088, -0.14176499, -0.160791527, 0.284128194, -0.945156182, 0.404174805, -0.854614258, -0.325683594, -0.900401896, -0.43422711, 0.0225435932, 0, 3, 5, 1, 
912.604364, 66, 0.1, 0.1, 0.0283422271, 0.360440626, -0.0199696938, 0.998896276, -8.52448509e-006, 0.0469705255, -0.0469705257, -2.51967693e-005, 0.998896275, -7.33157092e-006, -1, -2.55693586e-005, 0.998896275, 9.45711157e-006, 0.0469705329, -0.0469705325, -3.50546492e-005, 0.998896275, 1.10932091e-005, -0.999999999, -3.45717529e-005, 0, 0, 0, 0, 0, 0, 0, 0.312180444, -0.140936523, -0.171369604, -0.326621308, 0.751899917, -0.572556033, -0.938720703, -0.187866211, 0.288696289, 0.109449166, 0.631855345, 0.767349807, 0, 0, 0, 0, 0, 0, 0, 0.345398633, -0.102190088, -0.14176499, -0.160791527, 0.284128194, -0.945156182, 0.404174805, -0.854614258, -0.325683594, -0.900401896, -0.43422711, 0.0225435932, 0, 3, 5, 1, 
912.605078, 66, 0.1, 0.1, 0.0283422283, 0.360440632, -0.019970512, 0.99889626, 3.03797142e-005, 0.0469708612, -0.0469708623, 3.52043187e-005, 0.998896259, 2.86926057e-005, -0.999999999, 3.65924236e-005, 0.998896265, 2.11299962e-005, 0.0469707591, -0.0469707599, 4.06711609e-005, 0.998896264, 1.9196319e-005, -0.999999999, 4.16187627e-005, 0, 0, 0, 0, 0, 0, 0, 0.312361426, -0.14063418, -0.170646265, -0.33168027, 0.753700193, -0.56736939, -0.937255859, -0.194946289, 0.28894043, 0.107160629, 0.627615268, 0.771224817, 0, 0, 0, 0, 0, 0, 0, 0.345634424, -0.102485498, -0.141036426, -0.165269893, 0.282299507, -0.944861973, 0.411376953, -0.850952148, -0.326171875, -0.896331111, -0.442520331, 0.0244156565, 0, 3, 5, 1, 
912.605776, 66, 0.1, 0.1, 0.0283422277, 0.360440631, -0.0199708952, 0.998896223, -4.13320927e-005, 0.0469716367, -0.0469716372, -1.09396479e-005, 0.998896223, -4.07726181e-005, -0.999999999, -1.2869009e-005, 0.998896232, -2.61122876e-005, 0.0469714434, -0.0469714439, -1.72941824e-005, 0.998896232, -2.5271133e-005, -1, -1.85016254e-005, 0, 0, 0, 0, 0, 0, 0, 0.312361426, -0.14063418, -0.170646265, -0.33168027, 0.753700193, -0.56736939, -0.937255859, -0.194946289, 0.28894043, 0.107160629, 0.627615268, 0.771224817, 0, 0, 0, 0, 0, 0, 0, 0.345634424, -0.102485498, -0.141036426, -0.165269893, 0.282299507, -0.944861973, 0.411376953, -0.850952148, -0.326171875, -0.896331111, -0.442520331, 0.0244156565, 0, 3, 5, 1, 
912.606479, 66, 0.1, 0.1, 0.0283422243, 0.36044063, -0.0199708906, 0.998896173, 2.72571264e-005, 0.0469726992, -0.0469726987, -1.52281058e-005, 0.998896173, 2.79423445e-005, -1, -1.39309559e-005, 0.998896182, -3.84930511e-006, 0.0469725124, -0.0469725124, -1.0824845e-005, 0.998896182, -3.33658601e-006, -1, -1.09937079e-005, 0, 0, 0, 0, 0, 0, 0, 0.312361426, -0.14063418, -0.170646265, -0.33168027, 0.753700193, -0.56736939, -0.937255859, -0.194946289, 0.28894043, 0.107160629, 0.627615268, 0.771224817, 0, 0, 0, 0, 0, 0, 0, 0.345634424, -0.102485498, -0.141036426, -0.165269893, 0.282299507, -0.944861973, 0.411376953, -0.850952148, -0.326171875, -0.896331111, -0.442520331, 0.0244156565, 0, 3, 5, 1, 
912.607179, 66, 0.1, 0.1, 0.0283422335, 0.36044063, -0.0199705301, 0.998896145, 2.21273962e-005, 0.046973304, -0.0469733039, -7.81070444e-006, 0.998896145, 2.24698654e-005, -1, -6.76268565e-006, 0.998896149, 4.52163e-005, 0.0469731997, -0.0469732, 4.8928778e-006, 0.99889615, 4.49365539e-005, -0.999999999, 7.01143109e-006, 0, 0, 0, 0, 0, 0, 0, 0.312361426, -0.14063418, -0.170646265, -0.335989619, 0.755659229, -0.562259132, -0.935791016, -0.200317383, 0.289916992, 0.106483651, 0.623597229, 0.774617557, 0, 0, 0, 0, 0, 0, 0, 0.345634424, -0.102485498, -0.141036426, -0.165269893, 0.282299507, -0.944861973, 0.411376953, -0.850952148, -0.326171875, -0.896331111, -0.442520331, 0.0244156565, 0, 3, 5, 1, 
912.607912, 66, 0.1, 0.1, 0.0283422278, 0.360440632, -0.0199694305, 0.998896105, -2.40044689e-005, 0.0469741514, -0.046974151, 1.54396774e-005, 0.998896105, -2.47032362e-005, -1, 1.42950441e-005, 0.998896113, -3.6007748e-005, 0.046973976, -0.0469739752, 2.02419663e-005, 0.998896113, -3.69188451e-005, -0.999999999, 1.85281944e-005, 0, 0, 0, 0, 0, 0, 0, 0.312808862, -0.140769531, -0.170151538, -0.335989619, 0.755659229, -0.562259132, -0.935791016, -0.200317383, 0.289916992, 0.106483651, 0.623597229, 0.774617557, 0, 0, 0, 0, 0, 0, 0, 0.346008984, -0.102489795, -0.140479346, -0.171134716, 0.281614473, -0.944037315, 0.418457031, -0.846679688, -0.328491211, -0.891915078, -0.451184321, 0.0270799285, 0, 3, 5, 1, 
912.608607, 66, 0.1, 0.1, 0.0283422348, 0.360440627, -0.019968483, 0.998896063, 4.99795782e-005, 0.0469750142, -0.0469750126, -3.16667483e-005, 0.998896064, 5.14119499e-005, -0.999999998, -2.92839989e-005, 0.998896071, 5.29780674e-005, 0.0469748604, -0.0469748584, -3.89574611e-005, 0.998896071, 5.47496046e-005, -0.999999998, -3.64258176e-005, 0, 0, 0, 0, 0, 0, 0, 0.312808862, -0.140769531, -0.170151538, -0.335989619, 0.755659229, -0.562259132, -0.935791016, -0.200317383, 0.289916992, 0.106483651, 0.623597229, 0.774617557, 0, 0, 0, 0, 0, 0, 0, 0.346008984, -0.102489795, -0.140479346, -0.171134716, 0.281614473, -0.944037315, 0.418457031, -0.846679688, -0.328491211, -0.891915078, -0.451184321, 0.0270799285, 0, 3, 5, 1, 
912.609294, 66, 0.1, 0.1, 0.0283422327, 0.36044063, -0.0199679839, 0.998896039, -4.99322708e-005, 0.0469755315, -0.0469755302, 2.69951143e-005, 0.99889604, -5.11452574e-005, -0.999999998, 2.46197179e-005, 0.998896042, -3.94993734e-005, 0.0469754755, -0.0469754742, 3.25244795e-005, 0.998896043, -4.09836207e-005, -0.999999999, 3.06330721e-005, 0, 0, 0, 0, 0, 0, 0, 0.312808862, -0.140769531, -0.170151538, -0.335989619, 0.755659229, -0.562259132, -0.935791016, -0.200317383, 0.289916992, 0.106483651, 0.623597229, 0.774617557, 0, 0, 0, 0, 0, 0, 0, 0.346008984, -0.102489795, -0.140479346, -0.171134716, 0.281614473, -0.944037315, 0.418457031, -0.846679688, -0.328491211, -0.891915078, -0.451184321, 0.0270799285, 0, 3, 5, 1, 
912.609995, 66, 0.1, 0.1, 0.0283422303, 0.360440626, -0.0199679767, 0.998896042, 3.25646128e-005, 0.0469754888, -0.046975488, -2.60177836e-005, 0.998896042, 3.37508609e-005, -0.999999999, -2.44593225e-005, 0.998896039, 1.2991856e-005, 0.0469755533, -0.0469755528, -3.30034774e-005, 0.998896039, 1.45278701e-005, -0.999999999, -3.23567432e-005, 0, 0, 0, 0, 0, 0, 0, 0.312808862, -0.140769531, -0.170151538, -0.335989619, 0.755659229, -0.562259132, -0.935791016, -0.200317383, 0.289916992, 0.106483651, 0.623597229, 0.774617557, 0, 0, 0, 0, 0, 0, 0, 0.346008984, -0.102489795, -0.140479346, -0.171134716, 0.281614473, -0.944037315, 0.418457031, -0.846679688, -0.328491211, -0.891915078, -0.451184321, 0.0270799285, 0, 3, 5, 1, 
912.610693, 66, 0.1, 0.1, 0.028342234, 0.360440631, -0.0199684844, 0.998896074, -2.50380438e-005, 0.0469748132, -0.0469748124, 3.38850839e-005, 0.998896074, -2.66021492e-005, -0.999999999, 3.26715198e-005, 0.998896066, 5.51897767e-006, 0.0469749882, -0.0469749884, 3.90068886e-005, 0.998896065, 3.68053695e-006, -0.999999999, 3.92230814e-005, 0, 0, 0, 0, 0, 0, 0, 0.312808862, -0.140769531, -0.170151538, -0.335989619, 0.755659229, -0.562259132, -0.935791016, -0.200317383, 0.289916992, 0.106483651, 0.623597229, 0.774617557, 0, 0, 0, 0, 0, 0, 0, 0.346008984, -0.102489795, -0.140479346, -0.171134716, 0.281614473, -0.944037315, 0.418457031, -0.846679688, -0.328491211, -0.891915078, -0.451184321, 0.0270799285, 0, 3, 5, 1, 
912.611395, 66, 0.1, 0.1, 0.0283422258, 0.360440629, -0.0199693578, 0.998896132, -1.61193679e-005, 0.0469735825, -0.0469735828, -2.23225789e-005, 0.998896132, -1.50530027e-005, -1, -2.30551222e-005, 0.998896118, -4.06294559e-005, 0.0469738726, -0.0469738737, -2.62733955e-005, 0.998896118, -3.93504426e-005, -0.999999999, -2.81529157e-005, 0, 0, 0, 0, 0, 0, 0, 0.312808862, -0.140769531, -0.170151538, -0.335989619, 0.755659229, -0.562259132, -0.935791016, -0.200317383, 0.289916992, 0.106483651, 0.623597229, 0.774617557, 0, 0, 0, 0, 0, 0, 0, 0.346008984, -0.102489795, -0.140479346, -0.171134716, 0.281614473, -0.944037315, 0.418457031, -0.846679688, -0.328491211, -0.891915078, -0.451184321, 0.0270799285, 0, 3, 5, 1, 
912.612096, 66, 0.1, 0.1, 0.0283422331, 0.360440632, -0.0199701718, 0.998896204, 3.32091034e-005, 0.0469720494, -0.0469720502, 2.31126008e-005, 0.998896204, 3.20868011e-005, -0.999999999, 2.46469889e-005, 0.998896188, 4.58041125e-005, 0.046972377, -0.0469723783, 2.87874405e-005, 0.998896188, 4.44013389e-005, -0.999999999, 3.09071927e-005, 0, 0, 0, 0, 0, 0, 0, 0.312808862, -0.140769531, -0.170151538, -0.339727209, 0.757535889, -0.55736492, -0.934326172, -0.204345703, 0.291625977, 0.107075628, 0.619839421, 0.777426557, 0, 0, 0, 0, 0, 0, 0, 0.346008984, -0.102489795, -0.140479346, -0.171134716, 0.281614473, -0.944037315, 0.418457031, -0.846679688, -0.328491211, -0.891915078, -0.451184321, 0.0270799285, 0, 3, 5, 1, 
912.612808, 66, 0.1, 0.1, 0.0283422271, 0.360440628, -0.0199705121, 0.998896273, -4.77946548e-005, 0.0469705701, -0.0469705714, -2.6943632e-005, 0.998896273, -4.64763448e-005, -0.999999998, -2.91588358e-005, 0.99889626, -5.05919459e-005, 0.046970836, -0.0469708377, -3.19231081e-005, 0.998896261, -4.90366505e-005, -0.999999998, -3.42642194e-005, 0, 0, 0, 0, 0, 0, 0, 0.312842896, -0.141354785, -0.169669629, -0.339727209, 0.757535889, -0.55736492, -0.934326172, -0.204345703, 0.291625977, 0.107075628, 0.619839421, 0.777426557, 0, 0, 0, 0, 0, 0, 0, 0.345908496, -0.103153076, -0.139910303, -0.177153023, 0.28048248, -0.943301975, 0.423583984, -0.843383789, -0.330200195, -0.888374375, -0.457931404, 0.0305940116, 0, 3, 5, 1, 
912.613504, 66, 0.1, 0.1, 0.0283422296, 0.36044063, -0.0199705756, 0.998896323, 4.78290371e-005, 0.0469695067, -0.0469695073, 1.25887215e-005, 0.998896324, 4.71849632e-005, -0.999999999, 1.48213339e-005, 0.998896315, 3.90297546e-005, 0.0469696679, -0.0469696687, 1.94798668e-005, 0.998896316, 3.80717152e-005, -0.999999999, 2.12915818e-005, 0, 0, 0, 0, 0, 0, 0, 0.312842896, -0.141354785, -0.169669629, -0.339727209, 0.757535889, -0.55736492, -0.934326172, -0.204345703, 0.291625977, 0.107075628, 0.619839421, 0.777426557, 0, 0, 0, 0, 0, 0, 0, 0.345908496, -0.103153076, -0.139910303, -0.177153023, 0.28048248, -0.943301975, 0.423583984, -0.843383789, -0.330200195, -0.888374375, -0.457931404, 0.0305940116, 0, 3, 5, 1, 
912.61419, 66, 0.1, 0.1, 0.0283422318, 0.36044063, -0.0199704424, 0.998896349, -3.03644742e-005, 0.0469689533, -0.0469689529, 1.45952506e-005, 0.99889635, -3.1016486e-005, -0.999999999, 1.3152955e-005, 0.998896345, -1.25111345e-005, 0.0469690509, -0.0469690508, 1.06291831e-005, 0.998896345, -1.29965691e-005, -1, 1.00298161e-005, 0, 0, 0, 0, 0, 0, 0, 0.312842896, -0.141354785, -0.169669629, -0.339727209, 0.757535889, -0.55736492, -0.934326172, -0.204345703, 0.291625977, 0.107075628, 0.619839421, 0.777426557, 0, 0, 0, 0, 0, 0, 0, 0.345908496, -0.103153076, -0.139910303, -0.177153023, 0.28048248, -0.943301975, 0.423583984, -0.843383789, -0.330200195, -0.888374375, -0.457931404, 0.0305940116, 0, 3, 5, 1, 
912.61491, 66, 0.1, 0.1, 0.0283422286, 0.36044063, -0.0199698569, 0.998896382, 2.64639696e-005, 0.0469682602, -0.0469682603, 2.7519801e-006, 0.998896382, 2.63055078e-005, -1, 3.99190958e-006, 0.998896375, -3.52825112e-006, 0.0469684168, -0.0469684168, -9.72165358e-006, 0.998896375, -3.06774658e-006, -1, -9.87664088e-006, 0, 0, 0, 0, 0, 0, 0, 0.312842896, -0.141354785, -0.169669629, -0.339727209, 0.757535889, -0.55736492, -0.934326172, -0.204345703, 0.291625977, 0.107075628, 0.619839421, 0.777426557, 0, 0, 0, 0, 0, 0, 0, 0.345908496, -0.103153076, -0.139910303, -0.177153023, 0.28048248, -0.943301975, 0.423583984, -0.843383789, -0.330200195, -0.888374375, -0.457931404, 0.0305940116, 0, 3, 5, 1, 
912.615606, 66, 0.1, 0.1, 0.0283422366, 0.360440629, -0.0199692906, 0.998896408, 1.38131997e-005, 0.0469677167, -0.0469677166, -8.29880936e-006, 0.998896408, 1.41877317e-005, -1, -7.64087641e-006, 0.998896404, 3.57833952e-005, 0.0469677882, -0.0469677877, -1.50302169e-005, 0.998896404, 3.64498408e-005, -0.999999999, -1.33329627e-005, 0, 0, 0, 0, 0, 0, 0, 0.312842896, -0.141354785, -0.169669629, -0.339727209, 0.757535889, -0.55736492, -0.934326172, -0.204345703, 0.291625977, 0.107075628, 0.619839421, 0.777426557, 0, 0, 0, 0, 0, 0, 0, 0.345908496, -0.103153076, -0.139910303, -0.177153023, 0.28048248, -0.943301975, 0.423583984, -0.843383789, -0.330200195, -0.888374375, -0.457931404, 0.0305940116, 0, 3, 5, 1, 
912.616291, 66, 0.1, 0.1, 0.0283422297, 0.36044063, -0.0199689656, 0.998896425, -3.36728881e-005, 0.0469673316, -0.0469673319, -6.40069316e-006, 0.998896426, -3.33351041e-005, -0.999999999, -7.97515523e-006, 0.99889642, -4.51028407e-005, 0.046967431, -0.0469674311, -2.50098358e-006, 0.998896421, -4.49356014e-005, -0.999999999, -4.61658811e-006, 0, 0, 0, 0, 0, 0, 0, 0.312842896, -0.141354785, -0.169669629, -0.339727209, 0.757535889, -0.55736492, -0.934326172, -0.204345703, 0.291625977, 0.107075628, 0.619839421, 0.777426557, 0, 0, 0, 0, 0, 0, 0, 0.345908496, -0.103153076, -0.139910303, -0.177153023, 0.28048248, -0.943301975, 0.423583984, -0.843383789, -0.330200195, -0.888374375, -0.457931404, 0.0305940116, 0, 3, 5, 1, 
912.616989, 66, 0.1, 0.1, 0.0283422353, 0.360440631, -0.0199688543, 0.99889645, 4.37377463e-005, 0.0469667979, -0.046966798, 8.81481589e-007, 0.998896451, 4.36480792e-005, -0.999999999, 2.93473072e-006, 0.998896446, 4.72579453e-005, 0.0469668798, -0.0469668805, 1.36724236e-005, 0.998896447, 4.65636426e-005, -0.999999999, 1.58768937e-005, 0, 0, 0, 0, 0, 0, 0, 0.312842896, -0.141354785, -0.169669629, -0.339727209, 0.757535889, -0.55736492, -0.934326172, -0.204345703, 0.291625977, 0.107075628, 0.619839421, 0.777426557, 0, 0, 0, 0, 0, 0, 0, 0.345908496, -0.103153076, -0.139910303, -0.177153023, 0.28048248, -0.943301975, 0.423583984, -0.843383789, -0.330200195, -0.888374375, -0.457931404, 0.0305940116, 0, 3, 5, 1, 
912.617814, 66, 0.1, 0.1, 0.0283422277, 0.360440626, -0.0199678972, 0.998896447, -7.30214668e-005, 0.0469668283, -0.0469668284, 4.97843193e-007, 0.99889645, -7.2964266e-005, -0.999999997, -2.9322929e-006, 0.998896451, -6.72170286e-005, 0.0469667575, -0.0469667588, -1.8374889e-005, 0.998896453, -6.62798425e-005, -0.999999998, -2.15115774e-005, 0, 0, 0, 0, 0, 0, 0, 0.312887061, -0.141923071, -0.169166724, -0.343286944, 0.759755156, -0.552070815, -0.932861328, -0.208251953, 0.293579102, 0.10801021, 0.615903757, 0.780419403, 0, 0, 0, 0, 0, 0, 0, 0.345371533, -0.103824658, -0.13934126, -0.183062689, 0.279229085, -0.942566636, 0.428466797, -0.840209961, -0.33215332, -0.884699511, -0.464691248, 0.0341080948, 0, 3, 5, 1, 
912.618509, 66, 0.1, 0.1, 0.0283422244, 0.360440633, -0.0199670888, 0.998896414, 3.60161064e-005, 0.0469675613, -0.046967562, 2.0157354e-005, 0.998896415, 3.50296178e-005, -0.999999999, 2.18266973e-005, 0.998896425, 1.30395679e-005, 0.0469673547, -0.0469673552, 3.7778398e-005, 0.998896424, 1.12508264e-005, -0.999999999, 3.83491407e-005, 0, 0, 0, 0, 0, 0, 0, 0.312887061, -0.141923071, -0.169166724, -0.343286944, 0.759755156, -0.552070815, -0.932861328, -0.208251953, 0.293579102, 0.10801021, 0.615903757, 0.780419403, 0, 0, 0, 0, 0, 0, 0, 0.345371533, -0.103824658, -0.13934126, -0.183062689, 0.279229085, -0.942566636, 0.428466797, -0.840209961, -0.33215332, -0.884699511, -0.464691248, 0.0341080948, 0, 3, 5, 1, 
912.619197, 66, 0.1, 0.1, 0.0283422297, 0.36044063, -0.0199671269, 0.998896356, -1.38582138e-005, 0.0469688219, -0.0469688219, -9.3687857e-008, 0.998896356, -1.38385189e-005, -1, -7.44488437e-007, 0.998896368, 1.51163442e-005, 0.0469685573, -0.046968557, -1.76081317e-005, 0.998896368, 1.59266898e-005, -1, -1.68787059e-005, 0, 0, 0, 0, 0, 0, 0, 0.312887061, -0.141923071, -0.169166724, -0.343286944, 0.759755156, -0.552070815, -0.932861328, -0.208251953, 0.293579102, 0.10801021, 0.615903757, 0.780419403, 0, 0, 0, 0, 0, 0, 0, 0.345371533, -0.103824658, -0.13934126, -0.183062689, 0.279229085, -0.942566636, 0.428466797, -0.840209961, -0.33215332, -0.884699511, -0.464691248, 0.0341080948, 0, 3, 5, 1, 
