time, trialNum, realDorsalTactorPos, realVentralTactorPos, boxPosX, boxPosY, boxPosZ, boxLocalRot_11, boxLocalRot_12, boxLocalRot_13, boxLocalRot_21, boxLocalRot_22, boxLocalRot_23, boxLocalRot_31, boxLocalRot_32, boxLocalRot_33, boxGlobalRot_11, boxGlobalRot_12, boxGlobalRot_13, boxGlobalRot_21, boxGlobalRot_22, boxGlobalRot_23, boxGlobalRot_31, boxGlobalRot_32, boxGlobalRot_33, indexForceX, indexForceY, indexForceZ, indexForceGlobalX, indexForceGlobalY, indexForceGlobalZ, indexContact, indexPosX, indexPosY, indexPosZ, indexRot_11, indexRot_12, indexRot_13, indexRot_21, indexRot_22, indexRot_23, indexRot_31, indexRot_32, indexRot_33, thumbForceX, thumbForceY, thumbForceZ, thumbForceGlobalX, thumbForceGlobalY, thumbForceGlobalZ, thumbContact, thumbPosX, thumbPosY, thumbPosZ, thumbRot_11, thumbRot_12, thumbRot_13, thumbRot_21, thumbRot_22, thumbRot_23, thumbRot_31, thumbRot_32, thumbRot_33, manipForceTooHigh, cceExpType, mapping, trialSuccess, 
599.005073, 38, 0.1, 0.1, -0.0184184216, 0.375588315, -0.0199741672, 0.977753036, -3.591165e-006, 0.209759389, 0.209759389, -9.50406024e-006, -0.977753036, 5.50483835e-006, 1, -8.53934318e-006, 0.977753033, 3.25017335e-006, 0.209759402, 0.209759402, -4.08134611e-006, -0.977753033, -2.32176613e-006, 1, -4.67230295e-006, 0, 0, 0, 0, 0, 0, 0, 0.304909717, 0.0204755615, -0.205868188, 0.526394624, 0.364842407, -0.767871412, -0.470825195, 0.877197266, 0.0939941406, 0.707862845, 0.312125299, 0.633660268, 0, -0, 0, 0, 0, 0, 0, 0.3550979, -0.0226090332, -0.158501807, 0.295872031, -0.254162105, -0.92068918, -0.828735352, -0.547363281, -0.115234375, -0.474725304, 0.797258298, -0.372571201, 0, 3, 1, 1, 
599.05013, 38, 0.1, 0.1, -0.0184184179, 0.375588303, -0.0199722678, 0.977743845, -4.40486887e-005, 0.20980222, 0.209802222, 2.66933347e-005, -0.977743845, 3.74680134e-005, 0.999999999, 3.53407565e-005, 0.977743813, -5.87064072e-005, 0.209802367, 0.209802368, 7.91018257e-006, -0.977743814, 5.57402515e-005, 0.999999998, 2.00508753e-005, 0, 0, 0, 0, 0, 0, 0, 0.309118115, -0.0131840088, -0.205823047, 0.528725127, 0.305675926, -0.791782311, -0.536132813, 0.843383789, -0.0324707031, 0.657809772, 0.441874893, 0.609886381, 0, -0, 0, 0, 0, 0, 0, 0.359774756, -0.0445459961, -0.155808984, 0.301355822, -0.302337454, -0.904289073, -0.781860352, -0.62109375, -0.0528564453, -0.545585192, 0.723090719, -0.423504103, 0, 3, 1, 1, 
599.050816, 38, 0.1, 0.1, -0.0184184237, 0.375588298, -0.0199750644, 0.977744077, 6.47661457e-005, 0.209801131, 0.209801132, -3.50819013e-006, -0.977744079, -6.25886933e-005, 0.999999998, -1.70181228e-005, 0.977744021, 5.52982751e-005, 0.209801397, 0.209801397, 2.00032259e-005, -0.977744023, -5.82642627e-005, 0.999999998, 7.95637917e-006, 0, 0, 0, 0, 0, 0, 0, 0.309118115, -0.0131840088, -0.205823047, 0.528725127, 0.305675926, -0.791782311, -0.536132813, 0.843383789, -0.0324707031, 0.657809772, 0.441874893, 0.609886381, 0, -0, 0, 0, 0, 0, 0, 0.359774756, -0.0445459961, -0.155808984, 0.301355822, -0.302337454, -0.904289073, -0.781860352, -0.62109375, -0.0528564453, -0.545585192, 0.723090719, -0.423504103, 0, 3, 1, 1, 
599.051505, 38, 0.1, 0.1, -0.0184184292, 0.375588305, -0.0199762766, 0.97774441, -1.51120099e-005, 0.209799589, 0.209799589, -2.60645083e-005, -0.97774441, 2.02440064e-005, 1, -2.23139338e-005, 0.977744337, 6.0556426e-006, 0.20979993, 0.20979993, -3.64671104e-005, -0.977744337, 1.72992694e-006, 0.999999999, -3.69259841e-005, 0, 0, 0, 0, 0, 0, 0, 0.309118115, -0.0131840088, -0.205823047, 0.528725127, 0.305675926, -0.791782311, -0.536132813, 0.843383789, -0.0324707031, 0.657809772, 0.441874893, 0.609886381, 0, -0, 0, 0, 0, 0, 0, 0.359774756, -0.0445459961, -0.155808984, 0.301355822, -0.302337454, -0.904289073, -0.781860352, -0.62109375, -0.0528564453, -0.545585192, 0.723090719, -0.423504103, 0, 3, 1, 1, 
599.052203, 38, 0.1, 0.1, -0.0184184238, 0.375588298, -0.019975499, 0.97774484, -7.00136513e-006, 0.209797589, 0.209797589, 5.85911972e-005, -0.977744838, -5.44674327e-006, 0.999999998, 5.87561102e-005, 0.97774475, -2.56598713e-005, 0.209798004, 0.209798005, 5.37079855e-005, -0.977744749, 1.38209763e-005, 0.999999998, 5.78960907e-005, 0, 0, 0, 0, 0, 0, 0, 0.309860718, -0.0153626221, -0.205620068, 0.530335565, 0.302016964, -0.792138022, -0.538452148, 0.841674805, -0.0395507812, 0.65471209, 0.447645277, 0.609201168, 0, -0, 0, 0, 0, 0, 0, 0.359774756, -0.0445459961, -0.155808984, 0.301355822, -0.302337454, -0.904289073, -0.781860352, -0.62109375, -0.0528564453, -0.545585192, 0.723090719, -0.423504103, 0, 3, 1, 1, 
599.052887, 38, 0.1, 0.1, -0.0184184248, 0.375588297, -0.0199732182, 0.977745312, -8.87617263e-006, 0.209795386, 0.209795386, -4.28946169e-005, -0.977745312, 1.76777289e-005, 0.999999999, -4.00778305e-005, 0.977745212, 6.46054418e-006, 0.209795853, 0.209795853, -1.83386947e-005, -0.977745212, -2.46938404e-006, 1, -1.92859663e-005, 0, 0, 0, 0, 0, 0, 0, 0.309860718, -0.0153626221, -0.205620068, 0.530335565, 0.302016964, -0.792138022, -0.538452148, 0.841674805, -0.0395507812, 0.65471209, 0.447645277, 0.609201168, 0, -0, 0, 0, 0, 0, 0, 0.359774756, -0.0445459961, -0.155808984, 0.301355822, -0.302337454, -0.904289073, -0.781860352, -0.62109375, -0.0528564453, -0.545585192, 0.723090719, -0.423504103, 0, 3, 1, 1, 
599.053573, 38, 0.1, 0.1, -0.0184184229, 0.375588304, -0.0199702031, 0.977745787, 1.12846806e-005, 0.209793173, 0.209793173, 4.35219815e-006, -0.977745787, -1.19466104e-005, 1, 1.88789445e-006, 0.977745696, -5.59218678e-006, 0.209793598, 0.209793598, -2.70438167e-005, -0.977745696, 1.11413562e-005, 1, -2.52687704e-005, 0, 0, 0, 0, 0, 0, 0, 0.309860718, -0.0153626221, -0.205620068, 0.530335565, 0.302016964, -0.792138022, -0.538452148, 0.841674805, -0.0395507812, 0.65471209, 0.447645277, 0.609201168, 0, -0, 0, 0, 0, 0, 0, 0.359774756, -0.0445459961, -0.155808984, 0.301355822, -0.302337454, -0.904289073, -0.781860352, -0.62109375, -0.0528564453, -0.545585192, 0.723090719, -0.423504103, 0, 3, 1, 1, 
599.054282, 38, 0.1, 0.1, -0.018418424, 0.375588301, -0.0199671513, 0.977746209, -2.38683482e-005, 0.209791204, 0.209791204, -2.10115275e-005, -0.97774621, 2.77452207e-005, 0.999999999, -1.55365719e-005, 0.977746126, -3.46046371e-007, 0.209791595, 0.209791595, 9.98700681e-006, -0.977746126, -1.75684459e-006, 1, 9.83735484e-006, 0, 0, 0, 0, 0, 0, 0, 0.309860718, -0.0153626221, -0.205620068, 0.5327076, 0.297964098, -0.792093838, -0.539672852, 0.840576172, -0.046875, 0.651740966, 0.452489313, 0.608699802, 0, -0, 0, 0, 0, 0, 0, 0.359774756, -0.0445459961, -0.155808984, 0.301355822, -0.302337454, -0.904289073, -0.781860352, -0.62109375, -0.0528564453, -0.545585192, 0.723090719, -0.423504103, 0, 3, 1, 1, 
599.054986, 38, 0.1, 0.1, -0.0184184191, 0.375588305, -0.0199648165, 0.977746574, 5.65262756e-006, 0.209789507, 0.209789506, 2.99163651e-005, -0.977746574, -1.18029767e-005, 1, 2.80647615e-005, 0.977746505, -1.79476113e-005, 0.209789825, 0.209789825, -5.44273036e-006, -0.977746506, 1.86900437e-005, 1, -1.55638435e-006, 0, 0, 0, 0, 0, 0, 0, 0.310419385, -0.0175641846, -0.205396094, 0.5327076, 0.297964098, -0.792093838, -0.539672852, 0.840576172, -0.046875, 0.651740966, 0.452489313, 0.608699802, 0, -0, 0, 0, 0, 0, 0, 0.360287402, -0.0466283203, -0.15533418, 0.302512235, -0.305992628, -0.902666742, -0.781005859, -0.622314453, -0.0509033203, -0.546077361, 0.720497176, -0.427261356, 0, 3, 1, 1, 
599.055685, 38, 0.1, 0.1, -0.0184184223, 0.375588298, -0.019964004, 0.9777469, -5.16629592e-006, 0.209787987, 0.209787987, -8.93658651e-006, -0.9777469, 6.92611832e-006, 1, -7.65389293e-006, 0.977746837, 1.3482193e-005, 0.209788279, 0.209788278, 2.61242263e-005, -0.977746837, -1.86627281e-005, 1, 2.27144736e-005, 0, 0, 0, 0, 0, 0, 0, 0.310419385, -0.0175641846, -0.205396094, 0.5327076, 0.297964098, -0.792093838, -0.539672852, 0.840576172, -0.046875, 0.651740966, 0.452489313, 0.608699802, 0, -0, 0, 0, 0, 0, 0, 0.360287402, -0.0466283203, -0.15533418, 0.302512235, -0.305992628, -0.902666742, -0.781005859, -0.622314453, -0.0509033203, -0.546077361, 0.720497176, -0.427261356, 0, 3, 1, 1, 
599.056377, 38, 0.1, 0.1, -0.0184184212, 0.375588301, -0.0199649594, 0.977747174, 7.27406874e-006, 0.209786709, 0.209786709, 1.99002883e-005, -0.977747174, -1.12870161e-005, 1, 1.79314477e-005, 0.977747129, 5.82500695e-006, 0.209786921, 0.209786921, -8.04019758e-006, -0.977747129, -4.00865552e-006, 1, -9.08329037e-006, 0, 0, 0, 0, 0, 0, 0, 0.310419385, -0.0175641846, -0.205396094, 0.5327076, 0.297964098, -0.792093838, -0.539672852, 0.840576172, -0.046875, 0.651740966, 0.452489313, 0.608699802, 0, -0, 0, 0, 0, 0, 0, 0.360287402, -0.0466283203, -0.15533418, 0.302512235, -0.305992628, -0.902666742, -0.781005859, -0.622314453, -0.0509033203, -0.546077361, 0.720497176, -0.427261356, 0, 3, 1, 1, 
599.057069, 38, 0.1, 0.1, -0.0184184208, 0.375588298, -0.0199672582, 0.977747342, 1.90359584e-005, 0.209785928, 0.209785928, -1.29308685e-005, -0.977747342, -1.58996435e-005, 1, -1.66365985e-005, 0.977747315, -3.33579149e-006, 0.209786053, 0.209786053, 1.02763468e-005, -0.977747315, 1.10572693e-006, 1, 1.0747473e-005, 0, 0, 0, 0, 0, 0, 0, 0.310419385, -0.0175641846, -0.205396094, 0.5327076, 0.297964098, -0.792093838, -0.539672852, 0.840576172, -0.046875, 0.651740966, 0.452489313, 0.608699802, 0, -0, 0, 0, 0, 0, 0, 0.360287402, -0.0466283203, -0.15533418, 0.302512235, -0.305992628, -0.902666742, -0.781005859, -0.622314453, -0.0509033203, -0.546077361, 0.720497176, -0.427261356, 0, 3, 1, 1, 
599.057762, 38, 0.1, 0.1, -0.0184184224, 0.375588303, -0.0199701475, 0.977747497, -2.37877217e-005, 0.209785205, 0.209785205, -4.63353489e-007, -0.977747497, 2.33555901e-005, 1, 4.53726936e-006, 0.977747461, -8.53598398e-006, 0.209785373, 0.209785373, -2.11310444e-005, -0.977747461, 1.27790207e-005, 1, -1.88701004e-005, 0, 0, 0, 0, 0, 0, 0, 0.310419385, -0.0175641846, -0.205396094, 0.5327076, 0.297964098, -0.792093838, -0.539672852, 0.840576172, -0.046875, 0.651740966, 0.452489313, 0.608699802, 0, -0, 0, 0, 0, 0, 0, 0.360287402, -0.0466283203, -0.15533418, 0.302512235, -0.305992628, -0.902666742, -0.781005859, -0.622314453, -0.0509033203, -0.546077361, 0.720497176, -0.427261356, 0, 3, 1, 1, 
599.058453, 38, 0.1, 0.1, -0.0184184209, 0.375588301, -0.0199727754, 0.977747709, 9.08411036e-006, 0.209784218, 0.209784218, -1.36520736e-005, -0.977747709, -6.01797851e-006, 1, -1.52539867e-005, 0.977747662, 6.22267734e-006, 0.209784438, 0.209784438, 7.02458974e-006, -0.977747662, -7.55785783e-006, 1, 5.56285533e-006, 0, 0, 0, 0, 0, 0, 0, 0.310419385, -0.0175641846, -0.205396094, 0.5327076, 0.297964098, -0.792093838, -0.539672852, 0.840576172, -0.046875, 0.651740966, 0.452489313, 0.608699802, 0, -0, 0, 0, 0, 0, 0, 0.360287402, -0.0466283203, -0.15533418, 0.302512235, -0.305992628, -0.902666742, -0.781005859, -0.622314453, -0.0509033203, -0.546077361, 0.720497176, -0.427261356, 0, 3, 1, 1, 
599.059156, 38, 0.1, 0.1, -0.0184184208, 0.375588304, -0.0199743941, 0.977747943, -1.26694183e-005, 0.209783128, 0.209783128, 1.23902431e-005, -0.977747943, 9.78823376e-006, 1, 1.47723649e-005, 0.977747899, 2.30367845e-006, 0.209783333, 0.209783333, -8.74123795e-006, -0.977747899, -4.18650731e-007, 1, -9.03000038e-006, 0, 0, 0, 0, 0, 0, 0, 0.310419385, -0.0175641846, -0.205396094, 0.533906161, 0.29409508, -0.792665596, -0.540771484, 0.839477539, -0.052734375, 0.649944437, 0.456933456, 0.607430849, 0, -0, 0, 0, 0, 0, 0, 0.360287402, -0.0466283203, -0.15533418, 0.302512235, -0.305992628, -0.902666742, -0.781005859, -0.622314453, -0.0509033203, -0.546077361, 0.720497176, -0.427261356, 0, 3, 1, 1, 
599.059865, 38, 0.1, 0.1, -0.0184184207, 0.3755883, -0.0199742432, 0.977748169, 1.2458305e-005, 0.209782074, 0.209782074, -3.65124707e-006, -0.977748169, -1.14151187e-005, 1, -6.1835292e-006, 0.97774812, 1.11964406e-005, 0.2097823, 0.2097823, 1.71065225e-005, -0.97774812, -1.45359444e-005, 1, 1.43770551e-005, 0, 0, 0, 0, 0, 0, 0, 0.311144897, -0.0199808105, -0.205429175, 0.533906161, 0.29409508, -0.792665596, -0.540771484, 0.839477539, -0.052734375, 0.649944437, 0.456933456, 0.607430849, 0, -0, 0, 0, 0, 0, 0, 0.360495752, -0.0487418945, -0.155307324, 0.302256672, -0.31033137, -0.901216853, -0.78112793, -0.622314453, -0.0477294922, -0.545981479, 0.718568243, -0.430545762, 0, 3, 1, 1, 
599.06056, 38, 0.1, 0.1, -0.0184184174, 0.375588302, -0.0199727754, 0.977748449, -2.31741157e-005, 0.209780766, 0.209780766, 1.59573351e-005, -0.977748449, 1.93109138e-005, 1, 2.04637434e-005, 0.97774839, -2.72348925e-005, 0.209781043, 0.209781043, -6.94710227e-006, -0.97774839, 2.80862426e-005, 1, -1.07915391e-006, 0, 0, 0, 0, 0, 0, 0, 0.311144897, -0.0199808105, -0.205429175, 0.533906161, 0.29409508, -0.792665596, -0.540771484, 0.839477539, -0.052734375, 0.649944437, 0.456933456, 0.607430849, 0, -0, 0, 0, 0, 0, 0, 0.360495752, -0.0487418945, -0.155307324, 0.302256672, -0.31033137, -0.901216853, -0.78112793, -0.622314453, -0.0477294922, -0.545981479, 0.718568243, -0.430545762, 0, 3, 1, 1, 
599.061256, 38, 0.1, 0.1, -0.0184184218, 0.375588298, -0.0199704816, 0.977748798, 3.73005554e-005, 0.209779137, 0.209779138, -7.12533979e-006, -0.977748799, -3.49758256e-005, 0.999999999, -1.47916708e-005, 0.977748723, 3.80128451e-005, 0.209779486, 0.209779485, 1.81090514e-005, -0.977748724, -4.09659183e-005, 0.999999999, 9.73178678e-006, 0, 0, 0, 0, 0, 0, 0, 0.311144897, -0.0199808105, -0.205429175, 0.533906161, 0.29409508, -0.792665596, -0.540771484, 0.839477539, -0.052734375, 0.649944437, 0.456933456, 0.607430849, 0, -0, 0, 0, 0, 0, 0, 0.360495752, -0.0487418945, -0.155307324, 0.302256672, -0.31033137, -0.901216853, -0.78112793, -0.622314453, -0.0477294922, -0.545981479, 0.718568243, -0.430545762, 0, 3, 1, 1, 
599.061947, 38, 0.1, 0.1, -0.018418421, 0.375588302, -0.0199681772, 0.977749216, -1.7551108e-005, 0.209777192, 0.209777192, 1.2302513e-005, -0.977749216, 1.45797954e-005, 1, 1.57105945e-005, 0.977749128, -1.9040311e-005, 0.2097776, 0.2097776, -1.4019431e-005, -0.977749128, 2.15576101e-005, 1, -9.71325565e-006, 0, 0, 0, 0, 0, 0, 0, 0.311144897, -0.0199808105, -0.205429175, 0.533906161, 0.29409508, -0.792665596, -0.540771484, 0.839477539, -0.052734375, 0.649944437, 0.456933456, 0.607430849, 0, -0, 0, 0, 0, 0, 0, 0.360495752, -0.0487418945, -0.155307324, 0.302256672, -0.31033137, -0.901216853, -0.78112793, -0.622314453, -0.0477294922, -0.545981479, 0.718568243, -0.430545762, 0, 3, 1, 1, 
599.062728, 38, 0.1, 0.1, -0.0184184204, 0.375588298, -0.0199652733, 0.97774971, -6.8525558e-006, 0.209774888, 0.209774888, -2.3540594e-005, -0.97774971, 1.16383099e-005, 1, -2.15793148e-005, 0.977749632, -9.54738993e-006, 0.209775252, 0.209775253, 5.29901672e-006, -0.977749632, 8.22335443e-006, 1, 7.18391778e-006, 0, 0, 0, 0, 0, 0, 0, 0.311144897, -0.0199808105, -0.205429175, 0.533906161, 0.29409508, -0.792665596, -0.540771484, 0.839477539, -0.052734375, 0.649944437, 0.456933456, 0.607430849, 0, -0, 0, 0, 0, 0, 0, 0.360495752, -0.0487418945, -0.155307324, 0.302256672, -0.31033137, -0.901216853, -0.78112793, -0.622314453, -0.0477294922, -0.545981479, 0.718568243, -0.430545762, 0, 3, 1, 1, 
599.06342, 38, 0.1, 0.1, -0.0184184229, 0.375588302, -0.0199640112, 0.977750017, -4.9033045e-006, 0.209773461, 0.209773462, 1.33567987e-005, -0.977750016, 1.99230416e-006, 1, 1.40881933e-005, 0.977749965, 1.69578553e-005, 0.209773702, 0.209773702, -1.21788231e-005, -0.977749965, -1.40257456e-005, 1, -1.54651559e-005, 0, 0, 0, 0, 0, 0, 0, 0.311144897, -0.0199808105, -0.205429175, 0.533906161, 0.29409508, -0.792665596, -0.540771484, 0.839477539, -0.052734375, 0.649944437, 0.456933456, 0.607430849, 0, -0, 0, 0, 0, 0, 0, 0.360495752, -0.0487418945, -0.155307324, 0.302256672, -0.31033137, -0.901216853, -0.78112793, -0.622314453, -0.0477294922, -0.545981479, 0.718568243, -0.430545762, 0, 3, 1, 1, 
599.064145, 38, 0.1, 0.1, -0.018418424, 0.375588299, -0.0199644269, 0.977750312, 1.86482653e-005, 0.209772082, 0.209772082, -1.74506569e-005, -0.977750312, -1.45726866e-005, 1, -2.09742707e-005, 0.977750244, 1.92345995e-005, 0.2097724, 0.2097724, 1.43497598e-005, -0.977750244, -2.18168179e-005, 1, 9.99559309e-006, 0, 0, 0, 0, 0, 0, 0, 0.311869922, -0.0211341309, -0.205400732, 0.53519908, 0.293094592, -0.792126039, -0.543701172, 0.837280273, -0.0574951172, 0.646402677, 0.461541227, 0.607716167, 0, -0, 0, 0, 0, 0, 0, 0.360495752, -0.0487418945, -0.155307324, 0.303770727, -0.312382804, -0.900086326, -0.779541016, -0.624389648, -0.0463867187, -0.547540743, 0.715897775, -0.433127279, 0, 3, 1, 1, 
599.064838, 38, 0.1, 0.1, -0.0184184253, 0.375588303, -0.0199660982, 0.977750631, 1.20465356e-005, 0.209770598, 0.209770598, 1.76190253e-005, -0.977750631, -1.54744613e-005, 1, 1.47000041e-005, 0.977750575, 1.41419779e-005, 0.209770857, 0.209770857, -1.10726571e-005, -0.977750575, -1.15046063e-005, 1, -1.37928717e-005, 0, 0, 0, 0, 0, 0, 0, 0.311869922, -0.0211341309, -0.205400732, 0.53519908, 0.293094592, -0.792126039, -0.543701172, 0.837280273, -0.0574951172, 0.646402677, 0.461541227, 0.607716167, 0, -0, 0, 0, 0, 0, 0, 0.361009619, -0.0498267578, -0.155063574, 0.303770727, -0.312382804, -0.900086326, -0.779541016, -0.624389648, -0.0463867187, -0.547540743, 0.715897775, -0.433127279, 0, 3, 1, 1, 
599.065534, 38, 0.1, 0.1, -0.0184184237, 0.375588299, -0.0199687322, 0.977750835, 5.74671941e-006, 0.209769647, 0.209769647, -5.81749314e-006, -0.977750835, -4.39852623e-006, 1, -6.89354607e-006, 0.977750802, -1.26107353e-005, 0.209769802, 0.209769803, 1.52648014e-005, -0.977750801, 9.12806221e-006, 1, 1.75705233e-005, 0, 0, 0, 0, 0, 0, 0, 0.311869922, -0.0211341309, -0.205400732, 0.53519908, 0.293094592, -0.792126039, -0.543701172, 0.837280273, -0.0574951172, 0.646402677, 0.461541227, 0.607716167, 0, -0, 0, 0, 0, 0, 0, 0.361009619, -0.0498267578, -0.155063574, 0.303770727, -0.312382804, -0.900086326, -0.779541016, -0.624389648, -0.0463867187, -0.547540743, 0.715897775, -0.433127279, 0, 3, 1, 1, 
599.066224, 38, 0.1, 0.1, -0.018418423, 0.375588301, -0.0199715062, 0.977751023, -1.45568355e-005, 0.209768769, 0.209768769, 1.5703427e-005, -0.977751023, 1.09388723e-005, 1, 1.84076113e-005, 0.977750981, -1.43725884e-005, 0.209768965, 0.209768965, -7.48371624e-006, -0.977750981, 1.56226638e-005, 1, -4.3022879e-006, 0, 0, 0, 0, 0, 0, 0, 0.311869922, -0.0211341309, -0.205400732, 0.53519908, 0.293094592, -0.792126039, -0.543701172, 0.837280273, -0.0574951172, 0.646402677, 0.461541227, 0.607716167, 0, -0, 0, 0, 0, 0, 0, 0.361009619, -0.0498267578, -0.155063574, 0.303770727, -0.312382804, -0.900086326, -0.779541016, -0.624389648, -0.0463867187, -0.547540743, 0.715897775, -0.433127279, 0, 3, 1, 1, 
599.066945, 38, 0.1, 0.1, -0.0184184217, 0.375588297, -0.0199734333, 0.977751251, -1.13108643e-005, 0.209767706, 0.209767706, -9.76940603e-006, -0.977751251, 1.31085176e-005, 1, -7.17939492e-006, 0.977751214, -1.26591331e-005, 0.20976788, 0.209767881, 1.23066072e-005, -0.977751214, 9.79595189e-006, 1, 1.46882797e-005, 0, 0, 0, 0, 0, 0, 0, 0.312088525, -0.0225043457, -0.206092065, 0.535166879, 0.292353213, -0.792500846, -0.544921875, 0.836303711, -0.0594482422, 0.645419041, 0.463883305, 0.606910387, 0, -0, 0, 0, 0, 0, 0, 0.361082715, -0.0507783203, -0.155966309, 0.302141101, -0.312862213, -0.900380168, -0.778808594, -0.625610352, -0.0439453125, -0.549553165, 0.71461996, -0.432667192, 0, 3, 1, 1, 
599.067637, 38, 0.1, 0.1, -0.0184184223, 0.3755883, -0.0199740017, 0.977751384, -9.12601278e-006, 0.209767087, 0.209767087, 1.10743706e-005, -0.977751384, 6.59993315e-006, 1, 1.27423183e-005, 0.977751363, 6.64194479e-006, 0.209767187, 0.209767187, -6.37901199e-006, -0.977751363, -5.15606317e-006, 1, -7.63034974e-006, 0, 0, 0, 0, 0, 0, 0, 0.312088525, -0.0225043457, -0.206092065, 0.535166879, 0.292353213, -0.792500846, -0.544921875, 0.836303711, -0.0594482422, 0.645419041, 0.463883305, 0.606910387, 0, -0, 0, 0, 0, 0, 0, 0.361082715, -0.0507783203, -0.155966309, 0.302141101, -0.312862213, -0.900380168, -0.778808594, -0.625610352, -0.0439453125, -0.549553165, 0.71461996, -0.432667192, 0, 3, 1, 1, 
599.068328, 38, 0.1, 0.1, -0.018418422, 0.375588297, -0.0199733264, 0.97775151, 8.82433971e-006, 0.209766502, 0.209766503, -1.47630842e-005, -0.977751509, -5.53121093e-006, 1, -1.62856788e-005, 0.97775148, 9.0068015e-006, 0.20976664, 0.20976664, 7.65400958e-006, -0.97775148, -1.04119694e-005, 1, 5.59439271e-006, 0, 0, 0, 0, 0, 0, 0, 0.312088525, -0.0225043457, -0.206092065, 0.535166879, 0.292353213, -0.792500846, -0.544921875, 0.836303711, -0.0594482422, 0.645419041, 0.463883305, 0.606910387, 0, -0, 0, 0, 0, 0, 0, 0.361082715, -0.0507783203, -0.155966309, 0.302141101, -0.312862213, -0.900380168, -0.778808594, -0.625610352, -0.0439453125, -0.549553165, 0.71461996, -0.432667192, 0, 3, 1, 1, 
599.069017, 38, 0.1, 0.1, -0.0184184222, 0.375588301, -0.0199717147, 0.977751669, 6.28996353e-006, 0.20976576, 0.20976576, 1.31601856e-005, -0.977751669, -8.91057867e-006, 1, 1.15479744e-005, 0.977751643, 7.76355859e-006, 0.209765882, 0.209765882, -9.84929681e-006, -0.977751643, -5.52478574e-006, 1, -1.12586959e-005, 0, 0, 0, 0, 0, 0, 0, 0.312088525, -0.0225043457, -0.206092065, 0.535166879, 0.292353213, -0.792500846, -0.544921875, 0.836303711, -0.0594482422, 0.645419041, 0.463883305, 0.606910387, 0, -0, 0, 0, 0, 0, 0, 0.361082715, -0.0507783203, -0.155966309, 0.302141101, -0.312862213, -0.900380168, -0.778808594, -0.625610352, -0.0439453125, -0.549553165, 0.71461996, -0.432667192, 0, 3, 1, 1, 
599.069706, 38, 0.1, 0.1, -0.0184184207, 0.375588299, -0.0199696882, 0.977751746, 8.28447053e-006, 0.209765399, 0.2097654, -1.69121398e-005, -0.977751746, -4.55257377e-006, 1, -1.82736695e-005, 0.977751736, -1.06713084e-005, 0.209765446, 0.209765446, 3.7337006e-006, -0.977751736, 9.65068895e-006, 1, 5.88910401e-006, 0, 0, 0, 0, 0, 0, 0, 0.312088525, -0.0225043457, -0.206092065, 0.535166879, 0.292353213, -0.792500846, -0.544921875, 0.836303711, -0.0594482422, 0.645419041, 0.463883305, 0.606910387, 0, -0, 0, 0, 0, 0, 0, 0.361082715, -0.0507783203, -0.155966309, 0.302141101, -0.312862213, -0.900380168, -0.778808594, -0.625610352, -0.0439453125, -0.549553165, 0.71461996, -0.432667192, 0, 3, 1, 1, 
599.070399, 38, 0.1, 0.1, -0.0184184208, 0.375588303, -0.0199678758, 0.977751825, -1.00160982e-005, 0.209765032, 0.209765032, 1.391654e-005, -0.977751825, 6.87405481e-006, 1, 1.57079495e-005, 0.977751803, -1.09556858e-005, 0.209765132, 0.209765132, -1.29408944e-005, -0.977751803, 1.342649e-005, 1, -1.0354862e-005, 0, 0, 0, 0, 0, 0, 0, 0.312088525, -0.0225043457, -0.206092065, 0.535166879, 0.292353213, -0.792500846, -0.544921875, 0.836303711, -0.0594482422, 0.645419041, 0.463883305, 0.606910387, 0, -0, 0, 0, 0, 0, 0, 0.361082715, -0.0507783203, -0.155966309, 0.302141101, -0.312862213, -0.900380168, -0.778808594, -0.625610352, -0.0439453125, -0.549553165, 0.71461996, -0.432667192, 0, 3, 1, 1, 
599.071087, 38, 0.1, 0.1, -0.0184184209, 0.375588299, -0.0199667807, 0.977751954, -3.55929523e-006, 0.209764433, 0.209764433, -1.78282643e-005, -0.977751953, 7.2198436e-006, 1, -1.66850067e-005, 0.977751934, -5.7030229e-006, 0.209764526, 0.209764526, 9.44203442e-006, -0.977751933, 3.59553779e-006, 1, 1.04282593e-005, 0, 0, 0, 0, 0, 0, 0, 0.312088525, -0.0225043457, -0.206092065, 0.535166879, 0.292353213, -0.792500846, -0.544921875, 0.836303711, -0.0594482422, 0.645419041, 0.463883305, 0.606910387, 0, -0, 0, 0, 0, 0, 0, 0.361082715, -0.0507783203, -0.155966309, 0.302141101, -0.312862213, -0.900380168, -0.778808594, -0.625610352, -0.0439453125, -0.549553165, 0.71461996, -0.432667192, 0, 3, 1, 1, 
599.071809, 38, 0.1, 0.1, -0.0184184239, 0.375588303, -0.0199664374, 0.977751994, -3.29520372e-006, 0.209764244, 0.209764244, 1.71954466e-005, -0.977751994, -3.85097837e-007, 1, 1.75040981e-005, 0.977751992, 1.75696049e-005, 0.209764252, 0.209764252, -5.92617704e-006, -0.977751992, -1.59356161e-005, 1, -9.47980645e-006, 0, 0, 0, 0, 0, 0, 0, 0.312318604, -0.0239518311, -0.206799634, 0.53533163, 0.290107737, -0.793174075, -0.545410156, 0.83581543, -0.0623779297, 0.644898579, 0.466092832, 0.605781097, 0, -0, 0, 0, 0, 0, 0, 0.360989453, -0.0520327148, -0.156637988, 0.301003643, -0.314581159, -0.900182208, -0.778564453, -0.625976562, -0.0416259766, -0.550409173, 0.71345735, -0.433382842, 0, 3, 1, 1, 
599.0725, 38, 0.1, 0.1, -0.0184184172, 0.3755883, -0.0199669416, 0.977751946, -9.96026709e-006, 0.209764468, 0.209764468, -1.32705013e-005, -0.977751946, 1.25223502e-005, 1, -1.08859483e-005, 0.977751957, -3.40779267e-005, 0.209764413, 0.209764413, 7.3073767e-006, -0.977751958, 3.1786932e-005, 0.999999999, 1.42931382e-005, 0, 0, 0, 0, 0, 0, 0, 0.312318604, -0.0239518311, -0.206799634, 0.53533163, 0.290107737, -0.793174075, -0.545410156, 0.83581543, -0.0623779297, 0.644898579, 0.466092832, 0.605781097, 0, -0, 0, 0, 0, 0, 0, 0.360989453, -0.0520327148, -0.156637988, 0.301003643, -0.314581159, -0.900182208, -0.778564453, -0.625976562, -0.0416259766, -0.550409173, 0.71345735, -0.433382842, 0, 3, 1, 1, 
599.073191, 38, 0.1, 0.1, -0.0184184236, 0.375588301, -0.0199682665, 0.977751821, 1.74837793e-005, 0.209765049, 0.209765048, 2.21648247e-005, -0.977751821, -2.17442026e-005, 1, 1.80042119e-005, 0.977751849, 3.7210479e-005, 0.209764917, 0.209764917, 1.10580911e-006, -0.97775185, -3.66145746e-005, 0.999999999, -6.72424613e-006, 0, 0, 0, 0, 0, 0, 0, 0.312318604, -0.0239518311, -0.206799634, 0.53533163, 0.290107737, -0.793174075, -0.545410156, 0.83581543, -0.0623779297, 0.644898579, 0.466092832, 0.605781097, 0, -0, 0, 0, 0, 0, 0, 0.360989453, -0.0520327148, -0.156637988, 0.301003643, -0.314581159, -0.900182208, -0.778564453, -0.625976562, -0.0416259766, -0.550409173, 0.71345735, -0.433382842, 0, 3, 1, 1, 
599.073883, 38, 0.1, 0.1, -0.0184184205, 0.375588298, -0.0199699696, 0.977751631, 1.67287796e-006, 0.209765935, 0.209765935, -1.17958982e-005, -0.977751631, 8.38718454e-007, 1, -1.18843715e-005, 0.977751671, -1.78632235e-005, 0.209765748, 0.209765748, 9.24726998e-006, -0.977751671, 1.55260361e-005, 1, 1.27886261e-005, 0, 0, 0, 0, 0, 0, 0, 0.312318604, -0.0239518311, -0.206799634, 0.53533163, 0.290107737, -0.793174075, -0.545410156, 0.83581543, -0.0623779297, 0.644898579, 0.466092832, 0.605781097, 0, -0, 0, 0, 0, 0, 0, 0.360989453, -0.0520327148, -0.156637988, 0.301003643, -0.314581159, -0.900182208, -0.778564453, -0.625976562, -0.0416259766, -0.550409173, 0.71345735, -0.433382842, 0, 3, 1, 1, 
599.074576, 38, 0.1, 0.1, -0.0184184268, 0.375588301, -0.0199715166, 0.977751392, 1.37355742e-005, 0.209767051, 0.209767051, 1.10866874e-005, -0.977751392, -1.57555985e-005, 1, 7.95875309e-006, 0.977751439, 3.39041243e-005, 0.209766828, 0.209766828, -6.29295746e-006, -0.97775144, -3.18297526e-005, 0.999999999, -1.32649088e-005, 0, 0, 0, 0, 0, 0, 0, 0.312318604, -0.0239518311, -0.206799634, 0.53533163, 0.290107737, -0.793174075, -0.545410156, 0.83581543, -0.0623779297, 0.644898579, 0.466092832, 0.605781097, 0, -0, 0, 0, 0, 0, 0, 0.360989453, -0.0520327148, -0.156637988, 0.301003643, -0.314581159, -0.900182208, -0.778564453, -0.625976562, -0.0416259766, -0.550409173, 0.71345735, -0.433382842, 0, 3, 1, 1, 
599.075266, 38, 0.1, 0.1, -0.0184184227, 0.3755883, -0.0199724596, 0.977751113, -6.9192979e-006, 0.209768351, 0.209768351, -2.20906851e-005, -0.977751113, 1.13992778e-005, 1, -2.01477422e-005, 0.977751169, -2.41212854e-005, 0.209768088, 0.209768088, -3.51228396e-006, -0.977751169, 2.43213801e-005, 1, 1.62573616e-006, 0, 0, 0, 0, 0, 0, 0, 0.312318604, -0.0239518311, -0.206799634, 0.53533163, 0.290107737, -0.793174075, -0.545410156, 0.83581543, -0.0623779297, 0.644898579, 0.466092832, 0.605781097, 0, -0, 0, 0, 0, 0, 0, 0.360989453, -0.0520327148, -0.156637988, 0.301003643, -0.314581159, -0.900182208, -0.778564453, -0.625976562, -0.0416259766, -0.550409173, 0.71345735, -0.433382842, 0, 3, 1, 1, 
599.075956, 38, 0.1, 0.1, -0.0184184264, 0.375588304, -0.0199726128, 0.977750799, 2.55174421e-006, 0.209769815, 0.209769815, 9.53275063e-006, -0.977750799, -4.49465328e-006, 1, 8.78537564e-006, 0.977750862, 2.11822719e-005, 0.209769521, 0.209769521, -9.7451413e-006, -0.977750862, -1.8666751e-005, 1, -1.39717153e-005, 0, 0, 0, 0, 0, 0, 0, 0.312318604, -0.0239518311, -0.206799634, 0.53533163, 0.290107737, -0.793174075, -0.545410156, 0.83581543, -0.0623779297, 0.644898579, 0.466092832, 0.605781097, 0, -0, 0, 0, 0, 0, 0, 0.360989453, -0.0520327148, -0.156637988, 0.301003643, -0.314581159, -0.900182208, -0.778564453, -0.625976562, -0.0416259766, -0.550409173, 0.71345735, -0.433382842, 0, 3, 1, 1, 
599.07666, 38, 0.1, 0.1, -0.0184184212, 0.375588302, -0.0199718848, 0.977750449, -7.53857648e-006, 0.209771446, 0.209771446, -1.54653502e-005, -0.977750449, 1.06150354e-005, 1, -1.3539875e-005, 0.977750517, -2.7099593e-005, 0.209771128, 0.209771128, 1.80370218e-006, -0.977750517, 2.61182764e-005, 1, 7.44828294e-006, 0, 0, 0, 0, 0, 0, 0, 0.312580664, -0.025090625, -0.207223779, 0.536187585, 0.289550205, -0.792755085, -0.546386719, 0.834960937, -0.0646972656, 0.643279906, 0.468035016, 0.606085511, 0, -0, 0, 0, 0, 0, 0, 0.360989453, -0.0520327148, -0.156637988, 0.301003643, -0.314581159, -0.900182208, -0.778564453, -0.625976562, -0.0416259766, -0.550409173, 0.71345735, -0.433382842, 0, 3, 1, 1, 
599.077364, 38, 0.1, 0.1, -0.018418426, 0.375588304, -0.0199703331, 0.977750069, 5.52915231e-006, 0.209773217, 0.209773217, 2.30011038e-005, -0.977750069, -1.02311446e-005, 1, 2.13294628e-005, 0.977750142, 2.59103535e-005, 0.209772873, 0.209772873, 2.58305021e-006, -0.977750143, -2.58757057e-005, 1, -2.90971159e-006, 0, 0, 0, 0, 0, 0, 0, 0.312580664, -0.025090625, -0.207223779, 0.536187585, 0.289550205, -0.792755085, -0.546386719, 0.834960937, -0.0646972656, 0.643279906, 0.468035016, 0.606085511, 0, -0, 0, 0, 0, 0, 0, 0.361179004, -0.0527593262, -0.157304541, 0.300888439, -0.315073328, -0.900022527, -0.777709961, -0.627197266, -0.0405273437, -0.551648708, 0.712300936, -0.433734287, 0, 3, 1, 1, 
599.078056, 38, 0.1, 0.1, -0.0184184207, 0.3755883, -0.0199687588, 0.977749664, -7.90692126e-006, 0.209775107, 0.209775107, -1.10975566e-005, -0.977749663, 1.00589807e-005, 1, -9.19195702e-006, 0.977749743, -2.89868408e-005, 0.209774733, 0.209774733, 9.79452671e-006, -0.977749744, 2.62872319e-005, 1, 1.56573028e-005, 0, 0, 0, 0, 0, 0, 0, 0.312580664, -0.025090625, -0.207223779, 0.536187585, 0.289550205, -0.792755085, -0.546386719, 0.834960937, -0.0646972656, 0.643279906, 0.468035016, 0.606085511, 0, -0, 0, 0, 0, 0, 0, 0.361179004, -0.0527593262, -0.157304541, 0.300888439, -0.315073328, -0.900022527, -0.777709961, -0.627197266, -0.0405273437, -0.551648708, 0.712300936, -0.433734287, 0, 3, 1, 1, 
599.078766, 38, 0.1, 0.1, -0.0184184261, 0.375588302, -0.0199673854, 0.977749216, 6.26371099e-006, 0.209777191, 0.209777191, 2.161038e-005, -0.977749216, -1.06577033e-005, 1, 1.98155485e-005, 0.977749302, 2.9003852e-005, 0.209776789, 0.209776789, 6.30363593e-007, -0.977749303, -2.84907317e-005, 1, -5.46799736e-006, 0, 0, 0, 0, 0, 0, 0, 0.312580664, -0.025090625, -0.207223779, 0.536187585, 0.289550205, -0.792755085, -0.546386719, 0.834960937, -0.0646972656, 0.643279906, 0.468035016, 0.606085511, 0, -0, 0, 0, 0, 0, 0, 0.361179004, -0.0527593262, -0.157304541, 0.300888439, -0.315073328, -0.900022527, -0.777709961, -0.627197266, -0.0405273437, -0.551648708, 0.712300936, -0.433734287, 0, 3, 1, 1, 
599.079501, 38, 0.1, 0.1, -0.0184184194, 0.3755883, -0.0199663833, 0.97774872, -1.16792451e-005, 0.209779506, 0.209779506, -2.31958022e-005, -0.977748719, 1.62853709e-005, 1, -2.02295997e-005, 0.977748812, -3.4151021e-005, 0.209779075, 0.209779075, 9.66252226e-008, -0.977748812, 3.33708503e-005, 0.999999999, 7.2586448e-006, 0, 0, 0, 0, 0, 0, 0, 0.313397119, -0.0265007568, -0.207143945, 0.539219745, 0.288072318, -0.791282067, -0.546508789, 0.834594727, -0.0686035156, 0.640575005, 0.469628601, 0.607582495, 0, -0, 0, 0, 0, 0, 0, 0.362011328, -0.0537523926, -0.156834131, 0.30334199, -0.316159746, -0.898917519, -0.776855469, -0.628173828, -0.0412597656, -0.551636315, 0.710959322, -0.436073, 0, 3, 1, 1, 
599.080208, 38, 0.1, 0.1, -0.0184184244, 0.375588303, -0.019966212, 0.977748209, 5.62597377e-006, 0.209781887, 0.209781887, 1.42598589e-005, -0.977748209, -8.4922459e-006, 1, 1.27623241e-005, 0.977748309, 2.81376259e-005, 0.209781417, 0.209781417, -9.42753682e-006, -0.97774831, -2.55337941e-005, 1, -1.51205092e-005, 0, 0, 0, 0, 0, 0, 0, 0.313397119, -0.0265007568, -0.207143945, 0.539219745, 0.288072318, -0.791282067, -0.546508789, 0.834594727, -0.0686035156, 0.640575005, 0.469628601, 0.607582495, 0, -0, 0, 0, 0, 0, 0, 0.362011328, -0.0537523926, -0.156834131, 0.30334199, -0.316159746, -0.898917519, -0.776855469, -0.628173828, -0.0412597656, -0.551636315, 0.710959322, -0.436073, 0, 3, 1, 1, 
599.080896, 38, 0.1, 0.1, -0.0184184188, 0.375588301, -0.0199670342, 0.977747691, -7.49636116e-006, 0.209784301, 0.209784301, -1.57371972e-005, -0.977747691, 1.06309667e-005, 1, -1.38143894e-005, 0.977747791, -3.03627131e-005, 0.209783832, 0.209783832, 4.87305974e-006, -0.977747791, 2.86647866e-005, 1, 1.11342297e-005, 0, 0, 0, 0, 0, 0, 0, 0.313397119, -0.0265007568, -0.207143945, 0.539219745, 0.288072318, -0.791282067, -0.546508789, 0.834594727, -0.0686035156, 0.640575005, 0.469628601, 0.607582495, 0, -0, 0, 0, 0, 0, 0, 0.362011328, -0.0537523926, -0.156834131, 0.30334199, -0.316159746, -0.898917519, -0.776855469, -0.628173828, -0.0412597656, -0.551636315, 0.710959322, -0.436073, 0, 3, 1, 1, 
599.081584, 38, 0.1, 0.1, -0.0184184247, 0.375588303, -0.0199686586, 0.977747157, 1.32628531e-005, 0.209786789, 0.209786789, 2.02740421e-005, -0.977747157, -1.72209431e-005, 1, 1.70405156e-005, 0.977747261, 3.36504536e-005, 0.209786301, 0.209786302, -5.91052945e-007, -0.977747262, -3.27776441e-005, 0.999999999, -7.63730461e-006, 0, 0, 0, 0, 0, 0, 0, 0.313397119, -0.0265007568, -0.207143945, 0.539219745, 0.288072318, -0.791282067, -0.546508789, 0.834594727, -0.0686035156, 0.640575005, 0.469628601, 0.607582495, 0, -0, 0, 0, 0, 0, 0, 0.362011328, -0.0537523926, -0.156834131, 0.30334199, -0.316159746, -0.898917519, -0.776855469, -0.628173828, -0.0412597656, -0.551636315, 0.710959322, -0.436073, 0, 3, 1, 1, 
599.082277, 38, 0.1, 0.1, -0.0184184204, 0.3755883, -0.0199705705, 0.977746605, -6.35374064e-006, 0.209789362, 0.209789362, -1.20998667e-005, -0.977746605, 8.75077166e-006, 1, -1.04976564e-005, 0.977746713, -2.47967831e-005, 0.209788857, 0.209788857, 8.27765765e-006, -0.977746713, 2.25084128e-005, 1, 1.32955413e-005, 0, 0, 0, 0, 0, 0, 0, 0.313397119, -0.0265007568, -0.207143945, 0.539219745, 0.288072318, -0.791282067, -0.546508789, 0.834594727, -0.0686035156, 0.640575005, 0.469628601, 0.607582495, 0, -0, 0, 0, 0, 0, 0, 0.362011328, -0.0537523926, -0.156834131, 0.30334199, -0.316159746, -0.898917519, -0.776855469, -0.628173828, -0.0412597656, -0.551636315, 0.710959322, -0.436073, 0, 3, 1, 1, 
599.082968, 38, 0.1, 0.1, -0.0184184247, 0.375588302, -0.01997211, 0.977746049, 5.04230094e-006, 0.209791954, 0.209791954, 1.40197543e-005, -0.977746049, -7.87132147e-006, 1, 1.26499252e-005, 0.977746157, 2.42754337e-005, 0.20979145, 0.20979145, -4.02772627e-006, -0.977746157, -2.28902295e-005, 1, -9.03087232e-006, 0, 0, 0, 0, 0, 0, 0, 0.313397119, -0.0265007568, -0.207143945, 0.539219745, 0.288072318, -0.791282067, -0.546508789, 0.834594727, -0.0686035156, 0.640575005, 0.469628601, 0.607582495, 0, -0, 0, 0, 0, 0, 0, 0.362011328, -0.0537523926, -0.156834131, 0.30334199, -0.316159746, -0.898917519, -0.776855469, -0.628173828, -0.0412597656, -0.551636315, 0.710959322, -0.436073, 0, 3, 1, 1, 
599.083672, 38, 0.1, 0.1, -0.0184184195, 0.3755883, -0.019972794, 0.977745482, -1.01704193e-005, 0.209794594, 0.209794593, -1.61216279e-005, -0.977745482, 1.33263119e-005, 1, -1.36291498e-005, 0.977745591, -2.85673687e-005, 0.209794084, 0.209794084, 1.87812078e-006, -0.977745592, 2.75376001e-005, 1, 7.82958926e-006, 0, 0, 0, 0, 0, 0, 0, 0.313397119, -0.0265007568, -0.207143945, 0.539219745, 0.288072318, -0.791282067, -0.546508789, 0.834594727, -0.0686035156, 0.640575005, 0.469628601, 0.607582495, 0, -0, 0, 0, 0, 0, 0, 0.362011328, -0.0537523926, -0.156834131, 0.30334199, -0.316159746, -0.898917519, -0.776855469, -0.628173828, -0.0412597656, -0.551636315, 0.710959322, -0.436073, 0, 3, 1, 1, 
599.084397, 38, 0.1, 0.1, -0.0184184236, 0.375588303, -0.0199721825, 0.977744897, 3.49115641e-006, 0.209797324, 0.209797324, 1.7250737e-005, -0.977744896, -7.03261883e-006, 1, 1.61343848e-005, 0.977745007, 2.23871973e-005, 0.209796809, 0.20979681, -1.86696469e-006, -0.977745007, -2.14972872e-005, 1, -6.52217798e-006, 0, 0, 0, 0, 0, 0, 0, 0.313961157, -0.0276327148, -0.207062769, 0.541668164, 0.287679537, -0.789789952, -0.547119141, 0.833862305, -0.0715332031, 0.63808615, 0.471050323, 0.609200046, 0, -0, 0, 0, 0, 0, 0, 0.362417187, -0.0545322266, -0.156575488, 0.306012825, -0.317354806, -0.897531429, -0.775878906, -0.629272461, -0.0421142578, -0.551355599, 0.709483546, -0.438750398, 0, 3, 1, 1, 
599.085096, 38, 0.1, 0.1, -0.0184184187, 0.3755883, -0.019970817, 0.977744334, -6.24792937e-006, 0.209799945, 0.209799944, -1.55236196e-005, -0.977744334, 9.36573208e-006, 1, -1.38673159e-005, 0.977744444, -2.64406933e-005, 0.209799431, 0.209799431, 4.13877795e-006, -0.977744444, 2.49839277e-005, 1, 9.59390955e-006, 0, 0, 0, 0, 0, 0, 0, 0.313961157, -0.0276327148, -0.207062769, 0.541668164, 0.287679537, -0.789789952, -0.547119141, 0.833862305, -0.0715332031, 0.63808615, 0.471050323, 0.609200046, 0, -0, 0, 0, 0, 0, 0, 0.362417187, -0.0545322266, -0.156575488, 0.306012825, -0.317354806, -0.897531429, -0.775878906, -0.629272461, -0.0421142578, -0.551355599, 0.709483546, -0.438750398, 0, 3, 1, 1, 
599.085789, 38, 0.1, 0.1, -0.0184184238, 0.375588302, -0.0199691422, 0.977743761, 6.91684099e-006, 0.209802616, 0.209802616, 1.97147998e-005, -0.977743761, -1.08991147e-005, 1, 1.78248512e-005, 0.977743872, 2.79787312e-005, 0.209802096, 0.209802096, -1.20814443e-006, -0.977743873, -2.71025618e-005, 1, -7.05125228e-006, 0, 0, 0, 0, 0, 0, 0, 0.313961157, -0.0276327148, -0.207062769, 0.541668164, 0.287679537, -0.789789952, -0.547119141, 0.833862305, -0.0715332031, 0.63808615, 0.471050323, 0.609200046, 0, -0, 0, 0, 0, 0, 0, 0.362417187, -0.0545322266, -0.156575488, 0.306012825, -0.317354806, -0.897531429, -0.775878906, -0.629272461, -0.0421142578, -0.551355599, 0.709483546, -0.438750398, 0, 3, 1, 1, 
599.086485, 38, 0.1, 0.1, -0.0184184186, 0.3755883, -0.0199677255, 0.977743179, -6.16245827e-006, 0.209805331, 0.209805331, -1.71672044e-005, -0.977743178, 9.62707253e-006, 1, -1.54922004e-005, 0.977743291, -2.81079916e-005, 0.209804805, 0.209804805, 4.63107372e-006, -0.977743291, 2.65107787e-005, 1, 1.04251929e-005, 0, 0, 0, 0, 0, 0, 0, 0.313961157, -0.0276327148, -0.207062769, 0.541668164, 0.287679537, -0.789789952, -0.547119141, 0.833862305, -0.0715332031, 0.63808615, 0.471050323, 0.609200046, 0, -0, 0, 0, 0, 0, 0, 0.362417187, -0.0545322266, -0.156575488, 0.306012825, -0.317354806, -0.897531429, -0.775878906, -0.629272461, -0.0421142578, -0.551355599, 0.709483546, -0.438750398, 0, 3, 1, 1, 
599.087179, 38, 0.1, 0.1, -0.0184184241, 0.375588302, -0.019967003, 0.977742587, 8.23329848e-006, 0.209808089, 0.209808089, 1.95590239e-005, -0.977742586, -1.2153688e-005, 1, 1.7396278e-005, 0.977742705, 3.11215541e-005, 0.209807536, 0.209807536, -3.13889819e-006, -0.977742705, -2.9770308e-005, 1, -9.59857139e-006, 0, 0, 0, 0, 0, 0, 0, 0.313961157, -0.0276327148, -0.207062769, 0.541668164, 0.287679537, -0.789789952, -0.547119141, 0.833862305, -0.0715332031, 0.63808615, 0.471050323, 0.609200046, 0, -0, 0, 0, 0, 0, 0, 0.362417187, -0.0545322266, -0.156575488, 0.306012825, -0.317354806, -0.897531429, -0.775878906, -0.629272461, -0.0421142578, -0.551355599, 0.709483546, -0.438750398, 0, 3, 1, 1, 
