time, trialNum, realDorsalTactorPos, realVentralTactorPos, boxPosX, boxPosY, boxPosZ, boxLocalRot_11, boxLocalRot_12, boxLocalRot_13, boxLocalRot_21, boxLocalRot_22, boxLocalRot_23, boxLocalRot_31, boxLocalRot_32, boxLocalRot_33, boxGlobalRot_11, boxGlobalRot_12, boxGlobalRot_13, boxGlobalRot_21, boxGlobalRot_22, boxGlobalRot_23, boxGlobalRot_31, boxGlobalRot_32, boxGlobalRot_33, indexForceX, indexForceY, indexForceZ, indexForceGlobalX, indexForceGlobalY, indexForceGlobalZ, indexContact, indexPosX, indexPosY, indexPosZ, indexRot_11, indexRot_12, indexRot_13, indexRot_21, indexRot_22, indexRot_23, indexRot_31, indexRot_32, indexRot_33, thumbForceX, thumbForceY, thumbForceZ, thumbForceGlobalX, thumbForceGlobalY, thumbForceGlobalZ, thumbContact, thumbPosX, thumbPosY, thumbPosZ, thumbRot_11, thumbRot_12, thumbRot_13, thumbRot_21, thumbRot_22, thumbRot_23, thumbRot_31, thumbRot_32, thumbRot_33, manipForceTooHigh, cceExpType, mapping, trialSuccess, 
405.272187, 43, 0.1, 0.1, 0.00471288373, 0.368578837, -0.0349593351, 0.760992568, -0.648760596, 5.44194945e-006, 0.648760595, 0.760992568, 3.12912977e-005, -2.4441844e-005, -2.02819226e-005, 0.999999999, 0.760993025, -0.64876006, 1.14137003e-005, 0.648760059, 0.760993025, 4.17823983e-005, -3.57924975e-005, -2.43913608e-005, 0.999999999, 0, 0, 0, 0, 0, 0, 0, 0.320812378, -0.127474585, -0.181662598, -0.391441761, 0.548908074, -0.738518382, -0.872192383, 0.0344238281, 0.487792969, 0.293238793, 0.835180924, 0.465499075, 0, 0, -0, 0, 0, 0, 0, 0.389507812, -0.0800384766, -0.14209707, 0.105771002, 0.378549156, -0.919475792, 0.434814453, -0.849121094, -0.299560547, -0.894233248, -0.367964163, -0.254487925, 0, 2, 1, 1, 
405.288906, 43, 0.1, 0.1, 0.00471288361, 0.368578865, -0.0349597638, 0.760984022, -0.648770621, 1.97727279e-005, 0.648770621, 0.760984022, -1.22725716e-005, -7.0846461e-006, 2.21671959e-005, 1, 0.760984099, -0.64877053, 6.96399841e-006, 0.64877053, 0.760984099, -8.44395045e-006, 1.78694154e-007, 1.0943749e-005, 1, 0, 0, 0, 0, 0, 0, 0, 0.32307583, -0.137204517, -0.176139014, -0.407717981, 0.541682263, -0.735080336, -0.867919922, 0.0197753906, 0.49609375, 0.283333908, 0.840280322, 0.46223552, 0, 0, -0, 0, 0, 0, 0, 0.390468066, -0.0884203125, -0.136730713, 0.0915808743, 0.375824349, -0.922106881, 0.448852539, -0.842163086, -0.298706055, -0.888851099, -0.386416473, -0.245804246, 0, 2, 1, 1, 
405.289602, 43, 0.1, 0.1, 0.00471288412, 0.368578869, -0.0349622967, 0.760983718, -0.648770977, -2.38771161e-005, 0.648770977, 0.760983718, 2.70181022e-006, 1.64172406e-005, -1.75468135e-005, 1, 0.76098376, -0.648770928, -1.84722219e-005, 0.648770928, 0.76098376, -6.10897602e-006, 1.80203869e-005, -7.335409e-006, 1, 0, 0, 0, 0, 0, 0, 0, 0.32307583, -0.137204517, -0.176139014, -0.407717981, 0.541682263, -0.735080336, -0.867919922, 0.0197753906, 0.49609375, 0.283333908, 0.840280322, 0.46223552, 0, 0, -0, 0, 0, 0, 0, 0.390468066, -0.0884203125, -0.136730713, 0.0915808743, 0.375824349, -0.922106881, 0.448852539, -0.842163086, -0.298706055, -0.888851099, -0.386416473, -0.245804246, 0, 2, 1, 1, 
405.290294, 43, 0.1, 0.1, 0.00471288323, 0.368578867, -0.0349668296, 0.760983644, -0.648771064, 1.75579739e-005, 0.648771064, 0.760983644, -9.19674078e-006, -7.39475166e-006, 1.83896747e-005, 1, 0.760983639, -0.64877107, 1.57625348e-005, 0.64877107, 0.760983639, 1.36839974e-006, -1.28828093e-005, 9.18494679e-006, 1, 0, 0, 0, 0, 0, 0, 0, 0.32307583, -0.137204517, -0.176139014, -0.407717981, 0.541682263, -0.735080336, -0.867919922, 0.0197753906, 0.49609375, 0.283333908, 0.840280322, 0.46223552, 0, 0, -0, 0, 0, 0, 0, 0.390468066, -0.0884203125, -0.136730713, 0.0915808743, 0.375824349, -0.922106881, 0.448852539, -0.842163086, -0.298706055, -0.888851099, -0.386416473, -0.245804246, 0, 2, 1, 1, 
405.29102, 43, 0.1, 0.1, 0.00471288267, 0.368578869, -0.0349719212, 0.760983774, -0.648770911, -2.89635679e-006, 0.648770911, 0.760983774, 1.54933579e-005, -7.84755943e-006, -1.3669266e-005, 1, 0.760983735, -0.648770957, -5.50633291e-006, 0.648770957, 0.760983735, 3.21599351e-006, 2.1037866e-006, -6.01966763e-006, 1, 0, 0, 0, 0, 0, 0, 0, 0.323732104, -0.137804443, -0.175239209, -0.412029573, 0.538554623, -0.734915585, -0.867675781, 0.0140380859, 0.496826172, 0.277960792, 0.842382386, 0.461715058, 0, 0, -0, 0, 0, 0, 0, 0.39124751, -0.0888151855, -0.13562915, 0.0891276893, 0.375088643, -0.922547645, 0.453857422, -0.83972168, -0.297607422, -0.886531342, -0.392262706, -0.245114116, 0, 2, 1, 1, 
405.291715, 43, 0.1, 0.1, 0.00471288231, 0.368578867, -0.0349756416, 0.760983993, -0.648770655, -1.98480727e-006, 0.648770655, 0.760983993, -1.69286915e-005, 1.24932448e-005, 1.15947785e-005, 1, 0.760983939, -0.648770718, 3.38786438e-006, 0.648770718, 0.760983939, -3.7331895e-006, -1.56126349e-007, 5.03884446e-006, 1, 0, 0, 0, 0, 0, 0, 0, 0.323732104, -0.137804443, -0.175239209, -0.412029573, 0.538554623, -0.734915585, -0.867675781, 0.0140380859, 0.496826172, 0.277960792, 0.842382386, 0.461715058, 0, 0, -0, 0, 0, 0, 0, 0.39124751, -0.0888151855, -0.13562915, 0.0891276893, 0.375088643, -0.922547645, 0.453857422, -0.83972168, -0.297607422, -0.886531342, -0.392262706, -0.245114116, 0, 2, 1, 1, 
405.292407, 43, 0.1, 0.1, 0.00471288571, 0.368578872, -0.0349773867, 0.760984288, -0.648770309, -9.00225701e-006, 0.648770309, 0.760984288, 3.65294163e-006, 4.48065607e-006, -8.62022825e-006, 1, 0.760984222, -0.648770386, -1.33893761e-005, 0.648770386, 0.760984222, -6.79853764e-006, 1.45997939e-005, -3.51305084e-006, 1, 0, 0, 0, 0, 0, 0, 0, 0.323732104, -0.137804443, -0.175239209, -0.412029573, 0.538554623, -0.734915585, -0.867675781, 0.0140380859, 0.496826172, 0.277960792, 0.842382386, 0.461715058, 0, 0, -0, 0, 0, 0, 0, 0.39124751, -0.0888151855, -0.13562915, 0.0891276893, 0.375088643, -0.922547645, 0.453857422, -0.83972168, -0.297607422, -0.886531342, -0.392262706, -0.245114116, 0, 2, 1, 1, 
405.293099, 43, 0.1, 0.1, 0.00471288135, 0.368578868, -0.0349768086, 0.760984696, -0.64876983, 1.45167702e-005, 0.64876983, 0.760984696, 9.77889493e-006, -1.7391292e-005, 1.97645316e-006, 1, 0.760984613, -0.648769928, 1.90343619e-005, 0.648769928, 0.760984613, 1.18982184e-005, -2.22040628e-005, 3.29456045e-006, 1, 0, 0, 0, 0, 0, 0, 0, 0.323732104, -0.137804443, -0.175239209, -0.412029573, 0.538554623, -0.734915585, -0.867675781, 0.0140380859, 0.496826172, 0.277960792, 0.842382386, 0.461715058, 0, 0, -0, 0, 0, 0, 0, 0.39124751, -0.0888151855, -0.13562915, 0.0891276893, 0.375088643, -0.922547645, 0.453857422, -0.83972168, -0.297607422, -0.886531342, -0.392262706, -0.245114116, 0, 2, 1, 1, 
405.293795, 43, 0.1, 0.1, 0.00471288313, 0.36857887, -0.0349742388, 0.760985031, -0.648769437, -4.87288447e-006, 0.648769437, 0.760985031, -1.64576129e-005, 1.43853884e-005, 9.36261853e-006, 1, 0.760984979, -0.648769499, -8.07705156e-006, 0.648769498, 0.760984979, -1.55510327e-005, 1.62355506e-005, 6.5939576e-006, 1, 0, 0, 0, 0, 0, 0, 0, 0.323732104, -0.137804443, -0.175239209, -0.412029573, 0.538554623, -0.734915585, -0.867675781, 0.0140380859, 0.496826172, 0.277960792, 0.842382386, 0.461715058, 0, 0, -0, 0, 0, 0, 0, 0.39124751, -0.0888151855, -0.13562915, 0.0891276893, 0.375088643, -0.922547645, 0.453857422, -0.83972168, -0.297607422, -0.886531342, -0.392262706, -0.245114116, 0, 2, 1, 1, 
405.294488, 43, 0.1, 0.1, 0.00471288342, 0.368578867, -0.034970509, 0.760985206, -0.648769232, -5.74213851e-006, 0.648769232, 0.760985206, 1.60034367e-005, -6.0128549e-006, -1.59037014e-005, 1, 0.760985182, -0.64876926, -2.53063813e-006, 0.64876926, 0.760985182, 1.90487393e-005, -1.04324584e-005, -1.61376085e-005, 1, 0, 0, 0, 0, 0, 0, 0, 0.323732104, -0.137804443, -0.175239209, -0.412029573, 0.538554623, -0.734915585, -0.867675781, 0.0140380859, 0.496826172, 0.277960792, 0.842382386, 0.461715058, 0, 0, -0, 0, 0, 0, 0, 0.39124751, -0.0888151855, -0.13562915, 0.0891276893, 0.375088643, -0.922547645, 0.453857422, -0.83972168, -0.297607422, -0.886531342, -0.392262706, -0.245114116, 0, 2, 1, 1, 
405.295181, 43, 0.1, 0.1, 0.00471288379, 0.368578868, -0.0349668208, 0.760985243, -0.648769188, 2.3606867e-006, 0.648769188, 0.760985243, 3.1522884e-006, -3.84155533e-006, -8.6730416e-007, 1, 0.760985247, -0.648769184, 5.47566864e-006, 0.648769184, 0.760985247, -2.87750652e-006, -2.30006549e-006, 5.74218509e-006, 1, 0, 0, 0, 0, 0, 0, 0, 0.323732104, -0.137804443, -0.175239209, -0.412029573, 0.538554623, -0.734915585, -0.867675781, 0.0140380859, 0.496826172, 0.277960792, 0.842382386, 0.461715058, 0, 0, -0, 0, 0, 0, 0, 0.39124751, -0.0888151855, -0.13562915, 0.0891276893, 0.375088643, -0.922547645, 0.453857422, -0.83972168, -0.297607422, -0.886531342, -0.392262706, -0.245114116, 0, 2, 1, 1, 
405.29591, 43, 0.1, 0.1, 0.00471288358, 0.368578868, -0.0349638572, 0.76098522, -0.648769216, 2.97546949e-006, 0.648769216, 0.76098522, 7.80220555e-006, -7.32611908e-006, -4.0069701e-006, 1, 0.760985217, -0.648769219, -3.45915691e-006, 0.648769219, 0.760985217, 1.77786129e-006, 1.47894559e-006, -3.59712069e-006, 1, 0, 0, 0, 0, 0, 0, 0, 0.324103979, -0.138125464, -0.174712036, -0.41761611, 0.536556274, -0.733329113, -0.866333008, 0.00805664062, 0.499267578, 0.273901935, 0.843811221, 0.461587377, 0, 0, -0, 0, 0, 0, 0, 0.391650879, -0.0891468262, -0.13538833, 0.0845147951, 0.375164468, -0.923045645, 0.458251953, -0.837158203, -0.298339844, -0.884684065, -0.397655415, -0.242711603, 0, 2, 1, 1, 
405.296604, 43, 0.1, 0.1, 0.00471288486, 0.368578869, -0.0349627194, 0.760985268, -0.648769159, -7.79174764e-006, 0.648769159, 0.760985268, -6.33124005e-006, 1.00369184e-005, -2.37065159e-007, 1, 0.76098526, -0.648769168, -1.35960019e-005, 0.648769168, 0.760985261, -3.38742889e-006, 1.25440165e-005, -6.2428834e-006, 1, 0, 0, 0, 0, 0, 0, 0, 0.324103979, -0.138125464, -0.174712036, -0.41761611, 0.536556274, -0.733329113, -0.866333008, 0.00805664062, 0.499267578, 0.273901935, 0.843811221, 0.461587377, 0, 0, -0, 0, 0, 0, 0, 0.391650879, -0.0891468262, -0.13538833, 0.0845147951, 0.375164468, -0.923045645, 0.458251953, -0.837158203, -0.298339844, -0.884684065, -0.397655415, -0.242711603, 0, 2, 1, 1, 
405.297298, 43, 0.1, 0.1, 0.00471287875, 0.368578868, -0.0349636893, 0.76098521, -0.648769227, 8.38294301e-006, 0.648769227, 0.76098521, 1.64360695e-005, -1.70425117e-005, -7.06901035e-006, 1, 0.760985234, -0.648769199, 2.23994534e-005, 0.648769199, 0.760985234, 9.53799219e-006, -2.32336088e-005, 7.27380422e-006, 1, 0, 0, 0, 0, 0, 0, 0, 0.324103979, -0.138125464, -0.174712036, -0.41761611, 0.536556274, -0.733329113, -0.866333008, 0.00805664062, 0.499267578, 0.273901935, 0.843811221, 0.461587377, 0, 0, -0, 0, 0, 0, 0, 0.391650879, -0.0891468262, -0.13538833, 0.0845147951, 0.375164468, -0.923045645, 0.458251953, -0.837158203, -0.298339844, -0.884684065, -0.397655415, -0.242711603, 0, 2, 1, 1, 
405.298017, 43, 0.1, 0.1, 0.00471288477, 0.368578871, -0.0349663886, 0.760984925, -0.648769561, -1.42407357e-005, 0.648769561, 0.760984925, -2.40770813e-005, 2.64574627e-005, 9.08334006e-006, 1, 0.760985, -0.648769473, -1.99535614e-005, 0.648769473, 0.760985001, -2.14522589e-005, 2.91019317e-005, 3.37958576e-006, 1, 0, 0, 0, 0, 0, 0, 0, 0.324485986, -0.138664966, -0.174395898, -0.423024792, 0.534659396, -0.731501505, -0.864868164, 0.00244140624, 0.501953125, 0.270185685, 0.845100393, 0.461421505, 0, 0, -0, 0, 0, 0, 0, 0.391650879, -0.0891468262, -0.13538833, 0.0791158889, 0.37552794, -0.92340292, 0.461425781, -0.834838867, -0.300048828, -0.883533115, -0.402281436, -0.239312358, 0, 2, 1, 1, 
405.298709, 43, 0.1, 0.1, 0.00471288307, 0.368578867, -0.0349696035, 0.760984561, -0.648769989, 1.61706512e-005, 0.648769988, 0.760984561, 3.44675579e-005, -3.4667133e-005, -1.57382462e-005, 0.999999999, 0.760984627, -0.648769911, 1.16464261e-005, 0.64876991, 0.760984627, 2.99643008e-005, -2.8302688e-005, -1.52465214e-005, 0.999999999, 0, 0, 0, 0, 0, 0, 0, 0.324485986, -0.138664966, -0.174395898, -0.423024792, 0.534659396, -0.731501505, -0.864868164, 0.00244140624, 0.501953125, 0.270185685, 0.845100393, 0.461421505, 0, 0, -0, 0, 0, 0, 0, 0.391987598, -0.0896665527, -0.135340479, 0.0791158889, 0.37552794, -0.92340292, 0.461425781, -0.834838867, -0.300048828, -0.883533115, -0.402281436, -0.239312358, 0, 2, 1, 1, 
405.2994, 43, 0.1, 0.1, 0.00471287755, 0.368578866, -0.0349726898, 0.760984326, -0.648770264, 2.00800603e-006, 0.648770264, 0.760984325, -2.8124256e-005, 1.67181199e-005, 2.27048526e-005, 1, 0.760984349, -0.648770237, 1.51184414e-005, 0.648770238, 0.760984348, -1.34698311e-005, -2.76607182e-006, 2.00587255e-005, 1, 0, 0, 0, 0, 0, 0, 0, 0.324485986, -0.138664966, -0.174395898, -0.423024792, 0.534659396, -0.731501505, -0.864868164, 0.00244140624, 0.501953125, 0.270185685, 0.845100393, 0.461421505, 0, 0, -0, 0, 0, 0, 0, 0.391987598, -0.0896665527, -0.135340479, 0.0791158889, 0.37552794, -0.92340292, 0.461425781, -0.834838867, -0.300048828, -0.883533115, -0.402281436, -0.239312358, 0, 2, 1, 1, 
405.300492, 43, 0.1, 0.1, 0.00471289594, 0.368578878, -0.0349715497, 0.760984463, -0.648770103, -3.40703504e-005, 0.648770103, 0.760984463, -3.18828414e-006, 2.79954707e-005, -1.967759e-005, 0.999999999, 0.760984401, -0.648770174, -4.52074056e-005, 0.648770175, 0.760984402, -1.34807772e-005, 4.31480567e-005, -1.90705552e-005, 0.999999999, 0, 0, 0, 0, 0, 0, 0, 0.324485986, -0.138664966, -0.174395898, -0.423024792, 0.534659396, -0.731501505, -0.864868164, 0.00244140624, 0.501953125, 0.270185685, 0.845100393, 0.461421505, 0, 0, -0, 0, 0, 0, 0, 0.391987598, -0.0896665527, -0.135340479, 0.0791158889, 0.37552794, -0.92340292, 0.461425781, -0.834838867, -0.300048828, -0.883533115, -0.402281436, -0.239312358, 0, 2, 1, 1, 
405.301628, 43, 0.1, 0.1, 0.00471287996, 0.368578867, -0.0349610102, 0.760984816, -0.648769688, 3.34580064e-005, 0.648769687, 0.760984817, 3.34179554e-005, -4.71415914e-005, -3.72401633e-006, 0.999999999, 0.760984763, -0.64876975, 4.72798065e-005, 0.648769749, 0.760984765, 2.74684282e-005, -5.37998977e-005, 9.77065283e-006, 0.999999999, 0, 0, 0, 0, 0, 0, 0, 0.324485986, -0.138664966, -0.174395898, -0.423024792, 0.534659396, -0.731501505, -0.864868164, 0.00244140624, 0.501953125, 0.270185685, 0.845100393, 0.461421505, 0, 0, -0, 0, 0, 0, 0, 0.391987598, -0.0896665527, -0.135340479, 0.0791158889, 0.37552794, -0.92340292, 0.461425781, -0.834838867, -0.300048828, -0.883533115, -0.402281436, -0.239312358, 0, 2, 1, 1, 
405.302785, 43, 0.1, 0.1, 0.00471288398, 0.368578867, -0.0349467877, 0.760984989, -0.648769486, -1.24008209e-005, 0.648769486, 0.760984989, 5.69218679e-006, 5.74392145e-006, -1.23769429e-005, 1, 0.760984923, -0.648769564, -2.48118172e-005, 0.648769564, 0.760984923, -5.3761854e-006, 2.23693242e-005, -1.20059558e-005, 1, 0, 0, 0, 0, 0, 0, 0, 0.324485986, -0.138664966, -0.174395898, -0.429378917, 0.532400815, -0.729470955, -0.862792969, -0.00329589844, 0.505493164, 0.26674277, 0.846446852, 0.460976305, 0, 0, -0, 0, 0, 0, 0, 0.391987598, -0.0896665527, -0.135340479, 0.0791158889, 0.37552794, -0.92340292, 0.461425781, -0.834838867, -0.300048828, -0.883533115, -0.402281436, -0.239312358, 0, 2, 1, 1, 
405.303785, 43, 0.1, 0.1, 0.0047128763, 0.36857886, -0.0349370455, 0.760985208, -0.64876923, -1.18770771e-005, 0.64876923, 0.760985208, -1.01601486e-005, 1.56298717e-005, 2.62406553e-008, 1, 0.760985201, -0.648769238, 9.74359492e-007, 0.648769238, 0.760985201, 1.67081821e-005, -1.15812277e-005, -1.20825448e-005, 1, 0, 0, 0, 0, 0, 0, 0, 0.324820508, -0.139222778, -0.174293481, -0.429378917, 0.532400815, -0.729470955, -0.862792969, -0.00329589844, 0.505493164, 0.26674277, 0.846446852, 0.460976305, 0, 0, -0, 0, 0, 0, 0, 0.392311133, -0.0899681641, -0.135284326, 0.0734486598, 0.375929691, -0.923638793, 0.46496582, -0.83215332, -0.301757812, -0.882164882, -0.407271661, -0.235900354, 0, 2, 1, 1, 
405.30449, 43, 0.1, 0.1, 0.00471288003, 0.368578862, -0.0349398995, 0.76098532, -0.648769098, 2.43302656e-005, 0.648769098, 0.76098532, 1.60582487e-005, -2.89330705e-005, 3.56463289e-006, 1, 0.760985308, -0.648769112, 2.04444792e-007, 0.648769112, 0.760985308, -3.8705681e-006, 2.35552555e-006, 3.07808292e-006, 1, 0, 0, 0, 0, 0, 0, 0, 0.324820508, -0.139222778, -0.174293481, -0.429378917, 0.532400815, -0.729470955, -0.862792969, -0.00329589844, 0.505493164, 0.26674277, 0.846446852, 0.460976305, 0, 0, -0, 0, 0, 0, 0, 0.392311133, -0.0899681641, -0.135284326, 0.0734486598, 0.375929691, -0.923638793, 0.46496582, -0.83215332, -0.301757812, -0.882164882, -0.407271661, -0.235900354, 0, 2, 1, 1, 
405.305232, 43, 0.1, 0.1, 0.00471286938, 0.368578853, -0.0349513895, 0.760985346, -0.648769067, 6.99514254e-006, 0.648769067, 0.760985346, 9.76189206e-006, -1.16564146e-005, -2.8904247e-006, 1, 0.760985325, -0.648769092, 2.97435525e-005, 0.648769092, 0.760985325, 1.83900229e-005, -3.45652854e-005, 5.30216001e-006, 0.999999999, 0, 0, 0, 0, 0, 0, 0, 0.324820508, -0.139222778, -0.174293481, -0.429378917, 0.532400815, -0.729470955, -0.862792969, -0.00329589844, 0.505493164, 0.26674277, 0.846446852, 0.460976305, 0, 0, -0, 0, 0, 0, 0, 0.392311133, -0.0899681641, -0.135284326, 0.0734486598, 0.375929691, -0.923638793, 0.46496582, -0.83215332, -0.301757812, -0.882164882, -0.407271661, -0.235900354, 0, 2, 1, 1, 
405.305938, 43, 0.1, 0.1, 0.00471288166, 0.368578864, -0.0349663228, 0.760985319, -0.648769097, -4.71653892e-005, 0.648769097, 0.760985321, -2.65051358e-005, 5.30878819e-005, -1.04294277e-005, 0.999999999, 0.760985317, -0.6487691, -4.24603566e-005, 0.648769099, 0.760985318, -3.65800353e-005, 5.60437046e-005, 2.89902492e-007, 0.999999998, 0, 0, 0, 0, 0, 0, 0, 0.324820508, -0.139222778, -0.174293481, -0.429378917, 0.532400815, -0.729470955, -0.862792969, -0.00329589844, 0.505493164, 0.26674277, 0.846446852, 0.460976305, 0, 0, -0, 0, 0, 0, 0, 0.392311133, -0.0899681641, -0.135284326, 0.0734486598, 0.375929691, -0.923638793, 0.46496582, -0.83215332, -0.301757812, -0.882164882, -0.407271661, -0.235900354, 0, 2, 1, 1, 
405.306636, 43, 0.1, 0.1, 0.00471288584, 0.368578864, -0.0349805842, 0.760985474, -0.648768917, 2.59532862e-005, 0.648768917, 0.760985474, 1.26947987e-005, -2.79860646e-005, 7.17712794e-006, 1, 0.76098542, -0.648768981, 5.78535018e-006, 0.648768981, 0.76098542, 9.90764634e-006, -1.08303408e-005, -3.78621867e-006, 1, 0, 0, 0, 0, 0, 0, 0, 0.324820508, -0.139222778, -0.174293481, -0.429378917, 0.532400815, -0.729470955, -0.862792969, -0.00329589844, 0.505493164, 0.26674277, 0.846446852, 0.460976305, 0, 0, -0, 0, 0, 0, 0, 0.392311133, -0.0899681641, -0.135284326, 0.0734486598, 0.375929691, -0.923638793, 0.46496582, -0.83215332, -0.301757812, -0.882164882, -0.407271661, -0.235900354, 0, 2, 1, 1, 
405.307361, 43, 0.1, 0.1, 0.00471286647, 0.368578858, -0.0349904773, 0.760985701, -0.648768648, 5.95611027e-005, 0.648768648, 0.760985703, 1.88587462e-005, -5.75601109e-005, 2.42901399e-005, 0.999999998, 0.760985656, -0.648768701, 6.04462209e-005, 0.648768701, 0.760985658, 1.91372181e-005, -5.84143354e-005, 2.46524677e-005, 0.999999998, 0, 0, 0, 0, 0, 0, 0, 0.324820508, -0.139222778, -0.174293481, -0.429378917, 0.532400815, -0.729470955, -0.862792969, -0.00329589844, 0.505493164, 0.26674277, 0.846446852, 0.460976305, 0, 0, -0, 0, 0, 0, 0, 0.392311133, -0.0899681641, -0.135284326, 0.0734486598, 0.375929691, -0.923638793, 0.46496582, -0.83215332, -0.301757812, -0.882164882, -0.407271661, -0.235900354, 0, 2, 1, 1, 
405.308101, 43, 0.1, 0.1, 0.00471285266, 0.368578854, -0.0349927905, 0.76098594, -0.64876837, 1.80862653e-005, 0.64876837, 0.760985941, 8.21954047e-006, -1.90959715e-005, 5.4788421e-006, 1, 0.760985891, -0.648768427, 3.01433207e-005, 0.648768427, 0.760985892, 1.10193041e-005, -3.00876184e-005, 1.11704998e-005, 0.999999999, 0, 0, 0, 0, 0, 0, 0, 0.325229492, -0.139720166, -0.173953662, -0.434336408, 0.531372996, -0.727205262, -0.861083984, -0.00805664063, 0.508300781, 0.264314569, 0.846980418, 0.461235414, 0, 0, -0, 0, 0, 0, 0, 0.392193066, -0.0904246582, -0.135216699, 0.067928352, 0.377104695, -0.923593584, 0.467895508, -0.829589844, -0.304321289, -0.881026691, -0.411444158, -0.232827034, 0, 2, 1, 1, 
405.308803, 43, 0.1, 0.1, 0.00471285911, 0.368578856, -0.0349877822, 0.760986111, -0.648768169, -3.00630769e-005, 0.648768169, 0.760986112, -1.27014841e-005, 3.11179025e-005, -9.83831437e-006, 0.999999999, 0.760986089, -0.648768195, -2.67675818e-005, 0.648768195, 0.76098609, -8.72966399e-006, 2.60332857e-005, -1.07228029e-005, 1, 0, 0, 0, 0, 0, 0, 0, 0.325229492, -0.139720166, -0.173953662, -0.434336408, 0.531372996, -0.727205262, -0.861083984, -0.00805664063, 0.508300781, 0.264314569, 0.846980418, 0.461235414, 0, 0, -0, 0, 0, 0, 0, 0.392193066, -0.0904246582, -0.135216699, 0.067928352, 0.377104695, -0.923593584, 0.467895508, -0.829589844, -0.304321289, -0.881026691, -0.411444158, -0.232827034, 0, 2, 1, 1, 
405.309507, 43, 0.1, 0.1, 0.00471286428, 0.368578862, -0.0349780013, 0.760986158, -0.648768116, 5.56090913e-006, 0.648768116, 0.760986158, -1.16211652e-005, 3.30766654e-006, 1.24512864e-005, 1, 0.760986163, -0.64876811, -4.79475706e-006, 0.64876811, 0.760986162, -1.9840582e-005, 1.65206806e-005, 1.19877229e-005, 1, 0, 0, 0, 0, 0, 0, 0, 0.325229492, -0.139720166, -0.173953662, -0.434336408, 0.531372996, -0.727205262, -0.861083984, -0.00805664063, 0.508300781, 0.264314569, 0.846980418, 0.461235414, 0, 0, -0, 0, 0, 0, 0, 0.392193066, -0.0904246582, -0.135216699, 0.067928352, 0.377104695, -0.923593584, 0.467895508, -0.829589844, -0.304321289, -0.881026691, -0.411444158, -0.232827034, 0, 2, 1, 1, 
405.310238, 43, 0.1, 0.1, 0.00471285764, 0.368578857, -0.0349658565, 0.760986036, -0.648768259, 1.98667119e-005, 0.648768258, 0.760986036, 9.74779966e-006, -2.14423534e-005, 5.47095268e-006, 1, 0.760986061, -0.648768228, 2.10221305e-005, 0.648768228, 0.760986062, 2.19978999e-005, -3.02690868e-005, -3.10160485e-006, 1, 0, 0, 0, 0, 0, 0, 0, 0.325229492, -0.139720166, -0.173953662, -0.434336408, 0.531372996, -0.727205262, -0.861083984, -0.00805664063, 0.508300781, 0.264314569, 0.846980418, 0.461235414, 0, 0, -0, 0, 0, 0, 0, 0.392193066, -0.0904246582, -0.135216699, 0.067928352, 0.377104695, -0.923593584, 0.467895508, -0.829589844, -0.304321289, -0.881026691, -0.411444158, -0.232827034, 0, 2, 1, 1, 
405.310957, 43, 0.1, 0.1, 0.00471286536, 0.36857886, -0.0349558586, 0.760986065, -0.648768223, -3.11390714e-005, 0.648768223, 0.760986066, -8.22274594e-006, 2.90310557e-005, -1.39446449e-005, 0.999999999, 0.76098605, -0.648768241, -3.66994766e-005, 0.648768241, 0.76098605, -8.95313987e-006, 3.37363025e-005, -1.69962403e-005, 0.999999999, 0, 0, 0, 0, 0, 0, 0, 0.325229492, -0.139720166, -0.173953662, -0.434336408, 0.531372996, -0.727205262, -0.861083984, -0.00805664063, 0.508300781, 0.264314569, 0.846980418, 0.461235414, 0, 0, -0, 0, 0, 0, 0, 0.39209624, -0.0911170898, -0.135375488, 0.0629829693, 0.377640974, -0.923708056, 0.469360352, -0.82800293, -0.306518555, -0.880687273, -0.414210875, -0.22940227, 0, 2, 1, 1, 
405.311659, 43, 0.1, 0.1, 0.00471285977, 0.368578862, -0.0349510538, 0.760986141, -0.648768135, 2.1671724e-005, 0.648768135, 0.760986141, -1.87956123e-006, -1.52724822e-005, 1.5490244e-005, 1, 0.76098613, -0.648768147, 3.23319738e-005, 0.648768148, 0.76098613, -5.49809432e-006, -2.10371952e-005, 2.51599283e-005, 0.999999999, 0, 0, 0, 0, 0, 0, 0, 0.325229492, -0.139720166, -0.173953662, -0.434336408, 0.531372996, -0.727205262, -0.861083984, -0.00805664063, 0.508300781, 0.264314569, 0.846980418, 0.461235414, 0, 0, -0, 0, 0, 0, 0, 0.39209624, -0.0911170898, -0.135375488, 0.0629829693, 0.377640974, -0.923708056, 0.469360352, -0.82800293, -0.306518555, -0.880687273, -0.414210875, -0.22940227, 0, 2, 1, 1, 
405.312369, 43, 0.1, 0.1, 0.00471286678, 0.368578867, -0.0349519671, 0.760986059, -0.648768231, -1.11296019e-005, 0.64876823, 0.760986059, -2.96880879e-005, 2.77301602e-005, 1.53716889e-005, 0.999999999, 0.760986092, -0.648768192, -2.78599323e-005, 0.648768192, 0.760986092, -2.12597035e-005, 3.49936404e-005, -1.89629925e-006, 0.999999999, 0, 0, 0, 0, 0, 0, 0, 0.325229492, -0.139720166, -0.173953662, -0.434336408, 0.531372996, -0.727205262, -0.861083984, -0.00805664063, 0.508300781, 0.264314569, 0.846980418, 0.461235414, 0, 0, -0, 0, 0, 0, 0, 0.39209624, -0.0911170898, -0.135375488, 0.0629829693, 0.377640974, -0.923708056, 0.469360352, -0.82800293, -0.306518555, -0.880687273, -0.414210875, -0.22940227, 0, 2, 1, 1, 
405.313101, 43, 0.1, 0.1, 0.00471285948, 0.368578866, -0.0349576157, 0.76098568, -0.648768676, 1.57087806e-005, 0.648768675, 0.76098568, 2.8923102e-005, -3.07185597e-005, -1.18187017e-005, 0.999999999, 0.760985772, -0.648768568, 2.39246808e-005, 0.648768567, 0.760985772, 2.43977133e-005, -3.40348112e-005, -3.04473178e-006, 0.999999999, 0, 0, 0, 0, 0, 0, 0, 0.325220923, -0.140864209, -0.173837695, -0.438848699, 0.530808351, -0.724914481, -0.858886719, -0.0109863281, 0.511962891, 0.263916918, 0.847317033, 0.46087259, 0, 0, -0, 0, 0, 0, 0, 0.39209624, -0.0911170898, -0.135375488, 0.0629829693, 0.377640974, -0.923708056, 0.469360352, -0.82800293, -0.306518555, -0.880687273, -0.414210875, -0.22940227, 0, 2, 1, 1, 
405.313802, 43, 0.1, 0.1, 0.00471286413, 0.36857887, -0.0349660895, 0.760985178, -0.648769264, -2.89167522e-005, 0.648769263, 0.760985178, -3.77069896e-005, 4.64683557e-005, 9.9341602e-006, 0.999999999, 0.760985267, -0.648769159, -2.22636709e-005, 0.648769159, 0.760985268, -3.2351706e-005, 3.79311147e-005, 1.01751886e-005, 0.999999999, 0, 0, 0, 0, 0, 0, 0, 0.325220923, -0.140864209, -0.173837695, -0.438848699, 0.530808351, -0.724914481, -0.858886719, -0.0109863281, 0.511962891, 0.263916918, 0.847317033, 0.46087259, 0, 0, -0, 0, 0, 0, 0, 0.39209624, -0.0911170898, -0.135375488, 0.0629829693, 0.377640974, -0.923708056, 0.469360352, -0.82800293, -0.306518555, -0.880687273, -0.414210875, -0.22940227, 0, 2, 1, 1, 
405.314496, 43, 0.1, 0.1, 0.0047128731, 0.368578875, -0.0349747457, 0.760984855, -0.648769644, -4.13116915e-006, 0.648769644, 0.760984855, 5.73942598e-006, -5.79808195e-007, -7.04779339e-006, 1, 0.760984898, -0.648769593, -2.16123718e-005, 0.648769593, 0.760984898, -3.5993623e-006, 1.87818453e-005, -1.12823893e-005, 1, 0, 0, 0, 0, 0, 0, 0, 0.325220923, -0.140864209, -0.173837695, -0.438848699, 0.530808351, -0.724914481, -0.858886719, -0.0109863281, 0.511962891, 0.263916918, 0.847317033, 0.46087259, 0, 0, -0, 0, 0, 0, 0, 0.39209624, -0.0911170898, -0.135375488, 0.0629829693, 0.377640974, -0.923708056, 0.469360352, -0.82800293, -0.306518555, -0.880687273, -0.414210875, -0.22940227, 0, 2, 1, 1, 
405.315267, 43, 0.1, 0.1, 0.00471286407, 0.368578869, -0.0349812088, 0.760984685, -0.648769842, 2.05371626e-005, 0.648769842, 0.760984686, 2.1075328e-005, -2.93015034e-005, -2.7141101e-006, 1, 0.760984722, -0.648769799, 2.74500964e-005, 0.648769798, 0.760984723, 1.85709477e-005, -3.2937374e-005, 3.67658601e-006, 0.999999999, 0, 0, 0, 0, 0, 0, 0, 0.325067603, -0.142650146, -0.173525586, -0.441907068, 0.530808351, -0.723144161, -0.857055664, -0.0118408203, 0.515014648, 0.264895684, 0.847317033, 0.460345015, 0, 0, -0, 0, 0, 0, 0, 0.39209624, -0.0911170898, -0.135375488, 0.0592067599, 0.378107257, -0.923784248, 0.469238281, -0.827270508, -0.30859375, -0.880961426, -0.415143809, -0.22634171, 0, 2, 1, 1, 
405.315969, 43, 0.1, 0.1, 0.00471286343, 0.368578869, -0.0349828938, 0.760984439, -0.648770131, -6.56600336e-006, 0.648770131, 0.760984439, -1.69820916e-005, 1.60141002e-005, 8.66328058e-006, 1, 0.760984494, -0.648770067, -4.28252883e-006, 0.648770066, 0.760984494, -1.0768606e-005, 1.02452873e-005, 5.41636566e-006, 1, 0, 0, 0, 0, 0, 0, 0, 0.325067603, -0.142650146, -0.173525586, -0.441907068, 0.530808351, -0.723144161, -0.857055664, -0.0118408203, 0.515014648, 0.264895684, 0.847317033, 0.460345015, 0, 0, -0, 0, 0, 0, 0, 0.391617383, -0.0924453125, -0.135316162, 0.0592067599, 0.378107257, -0.923784248, 0.469238281, -0.827270508, -0.30859375, -0.880961426, -0.415143809, -0.22634171, 0, 2, 1, 1, 
405.316667, 43, 0.1, 0.1, 0.00471286595, 0.36857887, -0.0349805512, 0.760984209, -0.648770401, -2.83226627e-006, 0.648770401, 0.760984209, 1.58177659e-005, -8.1067884e-006, -1.38745606e-005, 1, 0.760984245, -0.64877036, -8.43371646e-006, 0.64877036, 0.760984245, 4.43871239e-006, 3.53822032e-006, -8.84933545e-006, 1, 0, 0, 0, 0, 0, 0, 0, 0.325067603, -0.142650146, -0.173525586, -0.441907068, 0.530808351, -0.723144161, -0.857055664, -0.0118408203, 0.515014648, 0.264895684, 0.847317033, 0.460345015, 0, 0, -0, 0, 0, 0, 0, 0.391617383, -0.0924453125, -0.135316162, 0.0592067599, 0.378107257, -0.923784248, 0.469238281, -0.827270508, -0.30859375, -0.880961426, -0.415143809, -0.22634171, 0, 2, 1, 1, 
405.317388, 43, 0.1, 0.1, 0.00471286325, 0.368578867, -0.0349748343, 0.760984108, -0.648770519, 6.81227107e-006, 0.648770519, 0.760984108, -1.03656709e-005, 1.54091169e-006, 1.23077115e-005, 1, 0.760984115, -0.648770512, 1.16009511e-005, 0.648770512, 0.760984115, 1.82237671e-006, -1.00104437e-005, 6.13955523e-006, 1, 0, 0, 0, 0, 0, 0, 0, 0.325067603, -0.142650146, -0.173525586, -0.441907068, 0.530808351, -0.723144161, -0.857055664, -0.0118408203, 0.515014648, 0.264895684, 0.847317033, 0.460345015, 0, 0, -0, 0, 0, 0, 0, 0.391617383, -0.0924453125, -0.135316162, 0.0592067599, 0.378107257, -0.923784248, 0.469238281, -0.827270508, -0.30859375, -0.880961426, -0.415143809, -0.22634171, 0, 2, 1, 1, 
405.318103, 43, 0.1, 0.1, 0.00471286277, 0.368578868, -0.0349676544, 0.760984142, -0.64877048, 5.86742807e-006, 0.648770479, 0.760984142, 1.04990417e-005, -1.1276488e-005, -4.18299013e-006, 1, 0.760984125, -0.648770499, 1.64125713e-006, 0.648770499, 0.760984125, 9.22588889e-006, -7.23445517e-006, -5.95595578e-006, 1, 0, 0, 0, 0, 0, 0, 0, 0.325067603, -0.142650146, -0.173525586, -0.441907068, 0.530808351, -0.723144161, -0.857055664, -0.0118408203, 0.515014648, 0.264895684, 0.847317033, 0.460345015, 0, 0, -0, 0, 0, 0, 0, 0.391617383, -0.0924453125, -0.135316162, 0.0592067599, 0.378107257, -0.923784248, 0.469238281, -0.827270508, -0.30859375, -0.880961426, -0.415143809, -0.22634171, 0, 2, 1, 1, 
405.318804, 43, 0.1, 0.1, 0.00471286519, 0.36857887, -0.0349616908, 0.760984269, -0.64877033, -1.95475042e-005, 0.64877033, 0.760984269, -9.90241189e-006, 2.12997342e-005, -5.14626107e-006, 1, 0.760984243, -0.648770361, -1.62865372e-005, 0.648770361, 0.760984243, -1.42438394e-005, 2.1634779e-005, 2.73114739e-007, 1, 0, 0, 0, 0, 0, 0, 0, 0.325067603, -0.142650146, -0.173525586, -0.441907068, 0.530808351, -0.723144161, -0.857055664, -0.0118408203, 0.515014648, 0.264895684, 0.847317033, 0.460345015, 0, 0, -0, 0, 0, 0, 0, 0.391617383, -0.0924453125, -0.135316162, 0.0592067599, 0.378107257, -0.923784248, 0.469238281, -0.827270508, -0.30859375, -0.880961426, -0.415143809, -0.22634171, 0, 2, 1, 1, 
405.3195, 43, 0.1, 0.1, 0.00471286466, 0.36857887, -0.0349584435, 0.760984405, -0.648770171, 1.55820073e-008, 0.648770171, 0.760984405, -1.45103593e-006, 9.29531164e-007, 1.11432486e-006, 1, 0.760984386, -0.648770194, 5.31026676e-006, 0.648770194, 0.760984386, 4.79161206e-006, -7.14968517e-006, -2.01199169e-007, 1, 0, 0, 0, 0, 0, 0, 0, 0.325067603, -0.142650146, -0.173525586, -0.441907068, 0.530808351, -0.723144161, -0.857055664, -0.0118408203, 0.515014648, 0.264895684, 0.847317033, 0.460345015, 0, 0, -0, 0, 0, 0, 0, 0.391617383, -0.0924453125, -0.135316162, 0.0592067599, 0.378107257, -0.923784248, 0.469238281, -0.827270508, -0.30859375, -0.880961426, -0.415143809, -0.22634171, 0, 2, 1, 1, 
405.320267, 43, 0.1, 0.1, 0.00471286422, 0.36857887, -0.0349581331, 0.760984581, -0.648769965, -3.08815707e-006, 0.648769965, 0.760984581, -3.64742187e-006, 4.71637767e-006, 7.72128248e-007, 1, 0.760984536, -0.648770018, 1.96706805e-006, 0.648770018, 0.760984536, -8.64759828e-006, 4.11339412e-006, 7.85686335e-006, 1, 0, 0, 0, 0, 0, 0, 0, 0.324905005, -0.144539966, -0.172400342, -0.445029838, 0.528689434, -0.72284686, -0.855712891, -0.0131835938, 0.517211914, 0.263907179, 0.848764964, 0.458320457, 0, 0, -0, 0, 0, 0, 0, 0.391617383, -0.0924453125, -0.135316162, 0.056957732, 0.376963237, -0.92435261, 0.470214844, -0.826904297, -0.308227539, -0.880584095, -0.417105191, -0.224437564, 0, 2, 1, 1, 
405.320978, 43, 0.1, 0.1, 0.00471286662, 0.368578868, -0.0349607896, 0.760984752, -0.648769764, 6.74132254e-006, 0.648769764, 0.760984752, -6.39023484e-006, -9.84252509e-007, 9.23643751e-006, 1, 0.760984731, -0.648769789, -9.02828071e-006, 0.648769789, 0.760984731, 1.52843295e-006, 5.87878265e-006, -7.02038991e-006, 1, 0, 0, 0, 0, 0, 0, 0, 0.324905005, -0.144539966, -0.172400342, -0.445029838, 0.528689434, -0.72284686, -0.855712891, -0.0131835938, 0.517211914, 0.263907179, 0.848764964, 0.458320457, 0, 0, -0, 0, 0, 0, 0, 0.391476514, -0.0941249512, -0.134420752, 0.056957732, 0.376963237, -0.92435261, 0.470214844, -0.826904297, -0.308227539, -0.880584095, -0.417105191, -0.224437564, 0, 2, 1, 1, 
405.321681, 43, 0.1, 0.1, 0.00471286527, 0.36857887, -0.0349657616, 0.760984903, -0.648769587, -9.42641938e-006, 0.648769587, 0.760984903, 1.24032578e-005, -8.73493592e-007, -1.55542661e-005, 1, 0.760984879, -0.648769615, 1.82820159e-006, 0.648769615, 0.760984879, -6.98376123e-007, -9.38148555e-007, 1.71753531e-006, 1, 0, 0, 0, 0, 0, 0, 0, 0.324905005, -0.144539966, -0.172400342, -0.445029838, 0.528689434, -0.72284686, -0.855712891, -0.0131835938, 0.517211914, 0.263907179, 0.848764964, 0.458320457, 0, 0, -0, 0, 0, 0, 0, 0.391476514, -0.0941249512, -0.134420752, 0.056957732, 0.376963237, -0.92435261, 0.470214844, -0.826904297, -0.308227539, -0.880584095, -0.417105191, -0.224437564, 0, 2, 1, 1, 
405.322389, 43, 0.1, 0.1, 0.00471287098, 0.368578865, -0.0349714895, 0.760984995, -0.648769479, -8.06630792e-006, 0.648769479, 0.760984995, 2.03933113e-006, 4.8152835e-006, -6.78507478e-006, 1, 0.760984969, -0.648769509, -1.26079901e-005, 0.648769509, 0.760984969, 1.50451958e-005, -1.66373315e-007, -1.96288474e-005, 1, 0, 0, 0, 0, 0, 0, 0, 0.324905005, -0.144539966, -0.172400342, -0.445029838, 0.528689434, -0.72284686, -0.855712891, -0.0131835938, 0.517211914, 0.263907179, 0.848764964, 0.458320457, 0, 0, -0, 0, 0, 0, 0, 0.391476514, -0.0941249512, -0.134420752, 0.056957732, 0.376963237, -0.92435261, 0.470214844, -0.826904297, -0.308227539, -0.880584095, -0.417105191, -0.224437564, 0, 2, 1, 1, 
405.323147, 43, 0.1, 0.1, 0.00471286515, 0.368578873, -0.0349760246, 0.760985041, -0.648769425, 1.58492759e-005, 0.648769425, 0.760985041, -2.40964383e-005, 3.57197058e-006, 2.86195547e-005, 1, 0.760985029, -0.648769439, 1.81594561e-005, 0.648769439, 0.760985029, -2.71979027e-005, 3.82609389e-006, 3.24784969e-005, 0.999999999, 0, 0, 0, 0, 0, 0, 0, 0.325419092, -0.14604165, -0.171089819, -0.447918587, 0.525403035, -0.72329206, -0.854980469, -0.0153808594, 0.518310547, 0.261274914, 0.85064499, 0.456289906, 0, 0, -0, 0, 0, 0, 0, 0.39186709, -0.095191748, -0.133109131, 0.0557247596, 0.375327047, -0.925061697, 0.47277832, -0.826049805, -0.306640625, -0.879363516, -0.420222986, -0.223530151, 0, 2, 1, 1, 
405.323848, 43, 0.1, 0.1, 0.00471286647, 0.368578871, -0.0349777497, 0.760985075, -0.648769385, -1.64847811e-005, 0.648769385, 0.760985075, 2.01603443e-005, -5.34741824e-007, -2.60365424e-005, 1, 0.760985064, -0.648769398, -1.52156313e-005, 0.648769398, 0.760985064, 1.29035503e-005, 3.20743964e-006, -1.9690845e-005, 1, 0, 0, 0, 0, 0, 0, 0, 0.325419092, -0.14604165, -0.171089819, -0.447918587, 0.525403035, -0.72329206, -0.854980469, -0.0153808594, 0.518310547, 0.261274914, 0.85064499, 0.456289906, 0, 0, -0, 0, 0, 0, 0, 0.39186709, -0.095191748, -0.133109131, 0.0557247596, 0.375327047, -0.925061697, 0.47277832, -0.826049805, -0.306640625, -0.879363516, -0.420222986, -0.223530151, 0, 2, 1, 1, 
405.32455, 43, 0.1, 0.1, 0.00471286977, 0.368578868, -0.034976964, 0.760985107, -0.648769348, 5.7200774e-006, 0.648769348, 0.760985107, -5.74428365e-006, -6.26178553e-007, 8.08232519e-006, 1, 0.760985098, -0.648769359, -3.94848669e-006, 0.648769359, 0.760985098, 5.86836612e-006, -8.02476597e-007, -7.02739635e-006, 1, 0, 0, 0, 0, 0, 0, 0, 0.325419092, -0.14604165, -0.171089819, -0.447918587, 0.525403035, -0.72329206, -0.854980469, -0.0153808594, 0.518310547, 0.261274914, 0.85064499, 0.456289906, 0, 0, -0, 0, 0, 0, 0, 0.39186709, -0.095191748, -0.133109131, 0.0557247596, 0.375327047, -0.925061697, 0.47277832, -0.826049805, -0.306640625, -0.879363516, -0.420222986, -0.223530151, 0, 2, 1, 1, 
405.325285, 43, 0.1, 0.1, 0.00471286597, 0.368578873, -0.0349736818, 0.760985166, -0.648769279, 1.26751942e-006, 0.648769279, 0.760985166, -8.0946223e-006, 4.2869788e-006, 6.98221516e-006, 1, 0.760985162, -0.648769284, 1.19288427e-005, 0.648769284, 0.760985161, -1.26850249e-005, -8.48017802e-007, 1.73921825e-005, 1, 0, 0, 0, 0, 0, 0, 0, 0.325419092, -0.14604165, -0.171089819, -0.447918587, 0.525403035, -0.72329206, -0.854980469, -0.0153808594, 0.518310547, 0.261274914, 0.85064499, 0.456289906, 0, 0, -0, 0, 0, 0, 0, 0.39186709, -0.095191748, -0.133109131, 0.0557247596, 0.375327047, -0.925061697, 0.47277832, -0.826049805, -0.306640625, -0.879363516, -0.420222986, -0.223530151, 0, 2, 1, 1, 
405.325987, 43, 0.1, 0.1, 0.00471286945, 0.36857887, -0.0349692516, 0.760985251, -0.64876918, -7.99330966e-006, 0.64876918, 0.760985251, 3.32134881e-006, 3.92800201e-006, -7.7133104e-006, 1, 0.760985239, -0.648769193, -1.37573891e-005, 0.648769193, 0.760985239, 9.56944466e-006, 4.26080912e-006, -1.62075763e-005, 1, 0, 0, 0, 0, 0, 0, 0, 0.325419092, -0.14604165, -0.171089819, -0.447918587, 0.525403035, -0.72329206, -0.854980469, -0.0153808594, 0.518310547, 0.261274914, 0.85064499, 0.456289906, 0, 0, -0, 0, 0, 0, 0, 0.39186709, -0.095191748, -0.133109131, 0.0557247596, 0.375327047, -0.925061697, 0.47277832, -0.826049805, -0.306640625, -0.879363516, -0.420222986, -0.223530151, 0, 2, 1, 1, 
405.326691, 43, 0.1, 0.1, 0.00471286716, 0.368578872, -0.0349651532, 0.76098532, -0.648769098, 1.93695297e-006, 0.648769098, 0.76098532, 3.58620436e-006, -3.80061135e-006, -1.47241364e-006, 1, 0.7609853, -0.648769122, 4.32706276e-006, 0.648769122, 0.7609853, -9.40467489e-006, 2.80863151e-006, 9.96408405e-006, 1, 0, 0, 0, 0, 0, 0, 0, 0.325419092, -0.14604165, -0.171089819, -0.447918587, 0.525403035, -0.72329206, -0.854980469, -0.0153808594, 0.518310547, 0.261274914, 0.85064499, 0.456289906, 0, 0, -0, 0, 0, 0, 0, 0.39186709, -0.095191748, -0.133109131, 0.0557247596, 0.375327047, -0.925061697, 0.47277832, -0.826049805, -0.306640625, -0.879363516, -0.420222986, -0.223530151, 0, 2, 1, 1, 
405.327401, 43, 0.1, 0.1, 0.00471286658, 0.368578871, -0.0349625935, 0.760985359, -0.648769052, 3.59259423e-006, 0.648769052, 0.760985359, 3.57485799e-006, -5.05316884e-006, -3.89650643e-007, 1, 0.760985361, -0.64876905, 7.35099201e-006, 0.64876905, 0.760985361, -8.41626899e-007, -5.04797582e-006, 5.40956185e-006, 1, 0, 0, 0, 0, 0, 0, 0, 0.325419092, -0.14604165, -0.171089819, -0.447918587, 0.525403035, -0.72329206, -0.854980469, -0.0153808594, 0.518310547, 0.261274914, 0.85064499, 0.456289906, 0, 0, -0, 0, 0, 0, 0, 0.39186709, -0.095191748, -0.133109131, 0.0557247596, 0.375327047, -0.925061697, 0.47277832, -0.826049805, -0.306640625, -0.879363516, -0.420222986, -0.223530151, 0, 2, 1, 1, 
405.328145, 43, 0.1, 0.1, 0.00471286592, 0.368578872, -0.0349614887, 0.760985371, -0.648769039, 3.76816488e-006, 0.648769039, 0.760985371, -7.54365067e-006, 2.02656865e-006, 8.1852765e-006, 1, 0.760985359, -0.648769052, 8.05550851e-006, 0.648769052, 0.760985359, -2.28169754e-006, -4.64982928e-006, 6.96250304e-006, 1, 0, 0, 0, 0, 0, 0, 0, 0.325927808, -0.147089404, -0.169560815, -0.45088372, 0.522256299, -0.723838731, -0.854370117, -0.0179443359, 0.519165039, 0.258160378, 0.852626487, 0.45439902, 0, 0, -0, 0, 0, 0, 0, 0.392471143, -0.0962521973, -0.131799219, 0.0541979446, 0.374010219, -0.925758023, 0.475952148, -0.824707031, -0.305297852, -0.87768285, -0.424043672, -0.222744139, 0, 2, 1, 1, 
