time, trialNum, realDorsalTactorPos, realVentralTactorPos, boxPosX, boxPosY, boxPosZ, boxLocalRot_11, boxLocalRot_12, boxLocalRot_13, boxLocalRot_21, boxLocalRot_22, boxLocalRot_23, boxLocalRot_31, boxLocalRot_32, boxLocalRot_33, boxGlobalRot_11, boxGlobalRot_12, boxGlobalRot_13, boxGlobalRot_21, boxGlobalRot_22, boxGlobalRot_23, boxGlobalRot_31, boxGlobalRot_32, boxGlobalRot_33, indexForceX, indexForceY, indexForceZ, indexForceGlobalX, indexForceGlobalY, indexForceGlobalZ, indexContact, indexPosX, indexPosY, indexPosZ, indexRot_11, indexRot_12, indexRot_13, indexRot_21, indexRot_22, indexRot_23, indexRot_31, indexRot_32, indexRot_33, thumbForceX, thumbForceY, thumbForceZ, thumbForceGlobalX, thumbForceGlobalY, thumbForceGlobalZ, thumbContact, thumbPosX, thumbPosY, thumbPosZ, thumbRot_11, thumbRot_12, thumbRot_13, thumbRot_21, thumbRot_22, thumbRot_23, thumbRot_31, thumbRot_32, thumbRot_33, manipForceTooHigh, cceExpType, mapping, trialSuccess, 
418.905075, 50, 0.1, 0.1, 0.0238678583, 0.377558521, -0.0349715673, 0.981919922, -1.48359548e-005, 0.189296769, 0.189296769, -9.89203593e-006, -0.981919922, 1.64402501e-005, 1, -6.90478882e-006, 0.981919958, -7.74686714e-006, 0.189296584, 0.189296584, -6.62535152e-006, -0.981919958, 8.86095986e-006, 1, -5.0391094e-006, 0, 0, 0, 0, 0, 0, 0, 0.265420483, -0.0658414062, -0.185896777, -0.269174511, 0.785101646, -0.557694346, -0.860961914, 0.0633544922, 0.504638672, 0.431576872, 0.615967802, 0.659077659, 0, 0, -0, 0, 0, 0, 0, 0.341876953, -0.0312910645, -0.148403809, 0.116321944, 0.5659307, -0.816173959, 0.242553711, -0.812988281, -0.529174805, -0.963087644, -0.136292909, -0.231847165, 0, 2, 5, 1, 
418.940624, 50, 0.1, 0.1, 0.0238678714, 0.377558551, -0.0349785395, 0.981919031, 1.38558434e-005, 0.189301391, 0.189301391, 3.7342103e-007, -0.981919031, -1.36760054e-005, 1, -2.25626122e-006, 0.981919057, 2.09276687e-005, 0.189301254, 0.189301254, -6.75828634e-006, -0.981919057, -1.92699246e-005, 1, -1.05977241e-005, 0, 0, 0, 0, 0, 0, 0, 0.284974292, -0.0935017822, -0.176493701, -0.282904207, 0.77132662, -0.569976493, -0.866088867, 0.0498046875, 0.497314453, 0.411999261, 0.634340095, 0.654101812, 0, 0, -0, 0, 0, 0, 0, 0.359155615, -0.0569847168, -0.137966797, 0.101052695, 0.556665131, -0.824513489, 0.284179687, -0.810302734, -0.512207031, -0.953277435, -0.182436077, -0.240088247, 0, 2, 5, 1, 
418.941313, 50, 0.1, 0.1, 0.0238678767, 0.377558548, -0.0349689881, 0.981918886, -1.85169909e-005, 0.189302143, 0.189302143, 1.33297672e-006, -0.981918886, 1.79298477e-005, 1, 4.81418108e-006, 0.981918916, -2.33029832e-005, 0.189301987, 0.189301988, 9.77585974e-006, -0.981918916, 2.10310503e-005, 1, 1.40104026e-005, 0, 0, 0, 0, 0, 0, 0, 0.284974292, -0.0935017822, -0.176493701, -0.282904207, 0.77132662, -0.569976493, -0.866088867, 0.0498046875, 0.497314453, 0.411999261, 0.634340095, 0.654101812, 0, 0, -0, 0, 0, 0, 0, 0.359155615, -0.0569847168, -0.137966797, 0.101052695, 0.556665131, -0.824513489, 0.284179687, -0.810302734, -0.512207031, -0.953277435, -0.182436077, -0.240088247, 0, 2, 5, 1, 
418.942002, 50, 0.1, 0.1, 0.0238678738, 0.377558552, -0.0349606612, 0.981918717, 8.05049899e-006, 0.189303021, 0.189303021, 2.5916426e-006, -0.981918717, -8.39554141e-006, 1, 1.02079859e-006, 0.981918752, 1.68603245e-005, 0.189302835, 0.189302835, -9.07709657e-006, -0.981918752, -1.48371487e-005, 1, -1.21046786e-005, 0, 0, 0, 0, 0, 0, 0, 0.284974292, -0.0935017822, -0.176493701, -0.282904207, 0.77132662, -0.569976493, -0.866088867, 0.0498046875, 0.497314453, 0.411999261, 0.634340095, 0.654101812, 0, 0, -0, 0, 0, 0, 0, 0.359155615, -0.0569847168, -0.137966797, 0.101052695, 0.556665131, -0.824513489, 0.284179687, -0.810302734, -0.512207031, -0.953277435, -0.182436077, -0.240088247, 0, 2, 5, 1, 
418.942691, 50, 0.1, 0.1, 0.0238678751, 0.377558553, -0.0349557123, 0.981918522, 4.14173113e-006, 0.189304031, 0.189304031, -8.78430658e-008, -0.981918522, -4.05021347e-006, 1, -8.70301131e-007, 0.981918562, 3.32320714e-006, 0.189303823, 0.189303823, -6.55766481e-006, -0.981918562, -2.02172775e-006, 1, -7.06818862e-006, 0, 0, 0, 0, 0, 0, 0, 0.284974292, -0.0935017822, -0.176493701, -0.282904207, 0.77132662, -0.569976493, -0.866088867, 0.0498046875, 0.497314453, 0.411999261, 0.634340095, 0.654101812, 0, 0, -0, 0, 0, 0, 0, 0.359155615, -0.0569847168, -0.137966797, 0.101052695, 0.556665131, -0.824513489, 0.284179687, -0.810302734, -0.512207031, -0.953277435, -0.182436077, -0.240088247, 0, 2, 5, 1, 
418.943382, 50, 0.1, 0.1, 0.0238678742, 0.37755855, -0.0349552143, 0.981918343, 7.12955526e-006, 0.189304958, 0.189304958, -1.38807235e-005, -0.981918343, -4.37295131e-006, 1, -1.49793972e-005, 0.981918373, 1.02732757e-005, 0.189304803, 0.189304803, 5.62247326e-006, -0.981918373, -1.11518793e-005, 1, 3.57602937e-006, 0, 0, 0, 0, 0, 0, 0, 0.284974292, -0.0935017822, -0.176493701, -0.282904207, 0.77132662, -0.569976493, -0.866088867, 0.0498046875, 0.497314453, 0.411999261, 0.634340095, 0.654101812, 0, 0, -0, 0, 0, 0, 0, 0.359155615, -0.0569847168, -0.137966797, 0.101052695, 0.556665131, -0.824513489, 0.284179687, -0.810302734, -0.512207031, -0.953277435, -0.182436077, -0.240088247, 0, 2, 5, 1, 
418.9441, 50, 0.1, 0.1, 0.0238678759, 0.377558555, -0.0349589828, 0.981918231, 8.08211249e-006, 0.18930554, 0.189305539, 1.94942307e-005, -0.981918231, -1.16263395e-005, 1, 1.76117519e-005, 0.98191825, -3.58112009e-006, 0.189305444, 0.189305444, -3.94848602e-006, -0.98191825, 4.26383707e-006, 1, -3.19916495e-006, 0, 0, 0, 0, 0, 0, 0, 0.286634131, -0.0960764648, -0.175504321, -0.285001402, 0.768789835, -0.572489312, -0.868286133, 0.0457763672, 0.493774414, 0.405781052, 0.63783168, 0.654623396, 0, 0, -0, 0, 0, 0, 0, 0.360646045, -0.0587427246, -0.136937744, 0.0993917184, 0.555922862, -0.825146383, 0.291137695, -0.809204102, -0.510131836, -0.951488127, -0.189387684, -0.242241393, 0, 2, 5, 1, 
418.944789, 50, 0.1, 0.1, 0.0238678742, 0.377558546, -0.0349653623, 0.981918138, -1.18817294e-005, 0.189306024, 0.189306024, 5.20843947e-006, -0.981918138, 1.06808967e-005, 1, 7.36354413e-006, 0.981918156, 1.17069126e-006, 0.18930593, 0.18930593, 2.35175645e-005, -0.981918156, -5.60153743e-006, 1, 2.28707048e-005, 0, 0, 0, 0, 0, 0, 0, 0.286634131, -0.0960764648, -0.175504321, -0.285001402, 0.768789835, -0.572489312, -0.868286133, 0.0457763672, 0.493774414, 0.405781052, 0.63783168, 0.654623396, 0, 0, -0, 0, 0, 0, 0, 0.360646045, -0.0587427246, -0.136937744, 0.0993917184, 0.555922862, -0.825146383, 0.291137695, -0.809204102, -0.510131836, -0.951488127, -0.189387684, -0.242241393, 0, 2, 5, 1, 
418.945496, 50, 0.1, 0.1, 0.0238678782, 0.377558558, -0.0349725543, 0.981918005, 2.22193522e-006, 0.189306711, 0.189306711, -3.47488398e-005, -0.981918005, 4.39643039e-006, 0.999999999, -3.45411387e-005, 0.981918033, -7.72709849e-006, 0.189306569, 0.189306568, -4.06688572e-005, -0.981918032, 1.52862591e-005, 0.999999999, -3.84706937e-005, 0, 0, 0, 0, 0, 0, 0, 0.286634131, -0.0960764648, -0.175504321, -0.285001402, 0.768789835, -0.572489312, -0.868286133, 0.0457763672, 0.493774414, 0.405781052, 0.63783168, 0.654623396, 0, 0, -0, 0, 0, 0, 0, 0.360646045, -0.0587427246, -0.136937744, 0.0993917184, 0.555922862, -0.825146383, 0.291137695, -0.809204102, -0.510131836, -0.951488127, -0.189387684, -0.242241393, 0, 2, 5, 1, 
418.946206, 50, 0.1, 0.1, 0.0238678712, 0.377558556, -0.0349782851, 0.981917832, 1.61310914e-005, 0.189307611, 0.189307611, 3.00053253e-005, -0.981917831, -2.15196427e-005, 0.999999999, 2.64090256e-005, 0.981917873, 2.20420572e-005, 0.189307398, 0.189307397, 2.21657667e-005, -0.981917873, -2.58396335e-005, 1, 1.7592238e-005, 0, 0, 0, 0, 0, 0, 0, 0.286634131, -0.0960764648, -0.175504321, -0.287936577, 0.765504557, -0.575319651, -0.870483398, 0.041015625, 0.490234375, 0.398954014, 0.642059775, 0.654700901, 0, 0, -0, 0, 0, 0, 0, 0.360646045, -0.0587427246, -0.136937744, 0.0993917184, 0.555922862, -0.825146383, 0.291137695, -0.809204102, -0.510131836, -0.951488127, -0.189387684, -0.242241393, 0, 2, 5, 1, 
418.946909, 50, 0.1, 0.1, 0.0238678751, 0.377558549, -0.0349808286, 0.981917622, -2.50508893e-005, 0.189308697, 0.189308697, -1.74568503e-008, -0.981917622, 2.46012144e-005, 1, 4.72521001e-006, 0.981917666, -2.22193755e-005, 0.189308469, 0.189308469, 1.20294144e-005, -0.981917666, 1.95403273e-005, 1, 1.60182104e-005, 0, 0, 0, 0, 0, 0, 0, 0.288472534, -0.0989104004, -0.17453252, -0.287936577, 0.765504557, -0.575319651, -0.870483398, 0.041015625, 0.490234375, 0.398954014, 0.642059775, 0.654700901, 0, 0, -0, 0, 0, 0, 0, 0.361865137, -0.060709082, -0.136336621, 0.0969895726, 0.555436156, -0.825734435, 0.297607422, -0.807861328, -0.508544922, -0.949653977, -0.196435173, -0.24365337, 0, 2, 5, 1, 
418.947609, 50, 0.1, 0.1, 0.0238678782, 0.377558558, -0.0349798761, 0.981917377, 1.07570368e-005, 0.189309969, 0.189309969, -2.55016998e-005, -0.981917377, -5.73479539e-006, 1, -2.70769765e-005, 0.981917427, -1.19944184e-006, 0.189309709, 0.189309709, -3.00350192e-005, -0.981917427, 6.86367358e-006, 1, -2.92648428e-005, 0, 0, 0, 0, 0, 0, 0, 0.288472534, -0.0989104004, -0.17453252, -0.287936577, 0.765504557, -0.575319651, -0.870483398, 0.041015625, 0.490234375, 0.398954014, 0.642059775, 0.654700901, 0, 0, -0, 0, 0, 0, 0, 0.361865137, -0.060709082, -0.136336621, 0.0969895726, 0.555436156, -0.825734435, 0.297607422, -0.807861328, -0.508544922, -0.949653977, -0.196435173, -0.24365337, 0, 2, 5, 1, 
418.948297, 50, 0.1, 0.1, 0.0238678733, 0.377558557, -0.0349761335, 0.981917108, 2.70038109e-006, 0.189311366, 0.189311366, 1.65316738e-005, -0.981917108, -5.78118414e-006, 1, 1.57215205e-005, 0.981917163, 1.19416544e-005, 0.189311078, 0.189311077, 1.39241541e-005, -0.981917163, -1.4361712e-005, 1, 1.14116785e-005, 0, 0, 0, 0, 0, 0, 0, 0.288472534, -0.0989104004, -0.17453252, -0.287936577, 0.765504557, -0.575319651, -0.870483398, 0.041015625, 0.490234375, 0.398954014, 0.642059775, 0.654700901, 0, 0, -0, 0, 0, 0, 0, 0.361865137, -0.060709082, -0.136336621, 0.0969895726, 0.555436156, -0.825734435, 0.297607422, -0.807861328, -0.508544922, -0.949653977, -0.196435173, -0.24365337, 0, 2, 5, 1, 
418.948992, 50, 0.1, 0.1, 0.0238678771, 0.377558559, -0.034970771, 0.981916813, -9.80340011e-007, 0.189312896, 0.189312896, -2.28147042e-005, -0.981916813, 5.28173005e-006, 1, -2.22165506e-005, 0.981916874, -1.06212411e-005, 0.189312578, 0.189312578, -1.63654404e-005, -0.981916874, 1.35273596e-005, 1, -1.40587676e-005, 0, 0, 0, 0, 0, 0, 0, 0.288472534, -0.0989104004, -0.17453252, -0.287936577, 0.765504557, -0.575319651, -0.870483398, 0.041015625, 0.490234375, 0.398954014, 0.642059775, 0.654700901, 0, 0, -0, 0, 0, 0, 0, 0.361865137, -0.060709082, -0.136336621, 0.0969895726, 0.555436156, -0.825734435, 0.297607422, -0.807861328, -0.508544922, -0.949653977, -0.196435173, -0.24365337, 0, 2, 5, 1, 
418.94968, 50, 0.1, 0.1, 0.0238678733, 0.377558561, -0.0349655405, 0.981916499, -2.72159199e-006, 0.189314523, 0.189314523, 1.32475061e-005, -0.981916499, 1.64430776e-007, 1, 1.35231817e-005, 0.981916563, 9.82895678e-006, 0.18931419, 0.18931419, 6.86308672e-006, -0.981916563, -1.09504952e-005, 1, 4.87821754e-006, 0, 0, 0, 0, 0, 0, 0, 0.288472534, -0.0989104004, -0.17453252, -0.287936577, 0.765504557, -0.575319651, -0.870483398, 0.041015625, 0.490234375, 0.398954014, 0.642059775, 0.654700901, 0, 0, -0, 0, 0, 0, 0, 0.361865137, -0.060709082, -0.136336621, 0.0969895726, 0.555436156, -0.825734435, 0.297607422, -0.807861328, -0.508544922, -0.949653977, -0.196435173, -0.24365337, 0, 2, 5, 1, 
418.950366, 50, 0.1, 0.1, 0.0238678733, 0.377558559, -0.0349620103, 0.981916196, 7.35436388e-007, 0.189316097, 0.189316097, -1.62114741e-006, -0.981916196, -4.15227601e-007, 1, -1.73106084e-006, 0.981916252, 6.66073007e-006, 0.189315803, 0.189315803, -3.0799722e-006, -0.981916252, -5.9571917e-006, 1, -4.28525622e-006, 0, 0, 0, 0, 0, 0, 0, 0.288472534, -0.0989104004, -0.17453252, -0.287936577, 0.765504557, -0.575319651, -0.870483398, 0.041015625, 0.490234375, 0.398954014, 0.642059775, 0.654700901, 0, 0, -0, 0, 0, 0, 0, 0.361865137, -0.060709082, -0.136336621, 0.0969895726, 0.555436156, -0.825734435, 0.297607422, -0.807861328, -0.508544922, -0.949653977, -0.196435173, -0.24365337, 0, 2, 5, 1, 
418.95108, 50, 0.1, 0.1, 0.0238678754, 0.37755856, -0.0349609006, 0.981915916, 1.61413471e-005, 0.189317549, 0.189317549, -8.10910649e-006, -0.981915916, -1.43142494e-005, 1, -1.1018301e-005, 0.981915975, -1.64751614e-006, 0.18931724, 0.18931724, -7.49226071e-006, -0.981915975, 3.03613654e-006, 1, -7.04486727e-006, 0, 0, 0, 0, 0, 0, 0, 0.290329248, -0.101764722, -0.17360271, -0.29051005, 0.761794298, -0.578949779, -0.872802734, 0.0368652344, 0.486572266, 0.392069688, 0.646725957, 0.654410714, 0, 0, -0, 0, 0, 0, 0, 0.361865137, -0.060709082, -0.136336621, 0.0958142027, 0.553888918, -0.826878455, 0.303833008, -0.807373047, -0.505615234, -0.94781363, -0.20273493, -0.245614752, 0, 2, 5, 1, 
418.951769, 50, 0.1, 0.1, 0.0238678718, 0.37755856, -0.0349622714, 0.981915635, -1.34571896e-005, 0.189319006, 0.189319006, -1.27498133e-005, -0.981915635, 1.56276068e-005, 1, -9.97153929e-006, 0.981915691, 3.36280318e-006, 0.189318714, 0.189318714, 1.11405312e-006, -0.981915691, -3.51290032e-006, 1, 4.57264663e-007, 0, 0, 0, 0, 0, 0, 0, 0.290329248, -0.101764722, -0.17360271, -0.29051005, 0.761794298, -0.578949779, -0.872802734, 0.0368652344, 0.486572266, 0.392069688, 0.646725957, 0.654410714, 0, 0, -0, 0, 0, 0, 0, 0.363165527, -0.0627298828, -0.135560596, 0.0958142027, 0.553888918, -0.826878455, 0.303833008, -0.807373047, -0.505615234, -0.94781363, -0.20273493, -0.245614752, 0, 2, 5, 1, 
418.952457, 50, 0.1, 0.1, 0.0238678795, 0.377558561, -0.0349657993, 0.981915394, -8.3362037e-006, 0.189320254, 0.189320254, 1.76391502e-005, -0.981915394, 4.84599833e-006, 1, 1.88983653e-005, 0.981915435, -2.1647272e-005, 0.189320043, 0.189320044, 7.44495397e-006, -0.981915435, 1.98463115e-005, 1, 1.14085777e-005, 0, 0, 0, 0, 0, 0, 0, 0.290329248, -0.101764722, -0.17360271, -0.29051005, 0.761794298, -0.578949779, -0.872802734, 0.0368652344, 0.486572266, 0.392069688, 0.646725957, 0.654410714, 0, 0, -0, 0, 0, 0, 0, 0.363165527, -0.0627298828, -0.135560596, 0.0958142027, 0.553888918, -0.826878455, 0.303833008, -0.807373047, -0.505615234, -0.94781363, -0.20273493, -0.245614752, 0, 2, 5, 1, 
418.953145, 50, 0.1, 0.1, 0.0238678696, 0.377558558, -0.034970353, 0.981915253, 3.47055798e-005, 0.189320985, 0.189320986, -1.24958808e-005, -0.981915253, -3.17122057e-005, 0.999999999, -1.88403905e-005, 0.981915274, 3.8023022e-005, 0.189320876, 0.189320877, -2.54800201e-006, -0.981915274, -3.68529961e-005, 0.999999999, -9.70047395e-006, 0, 0, 0, 0, 0, 0, 0, 0.290329248, -0.101764722, -0.17360271, -0.29051005, 0.761794298, -0.578949779, -0.872802734, 0.0368652344, 0.486572266, 0.392069688, 0.646725957, 0.654410714, 0, 0, -0, 0, 0, 0, 0, 0.363165527, -0.0627298828, -0.135560596, 0.0958142027, 0.553888918, -0.826878455, 0.303833008, -0.807373047, -0.505615234, -0.94781363, -0.20273493, -0.245614752, 0, 2, 5, 1, 
418.953832, 50, 0.1, 0.1, 0.0238678721, 0.377558562, -0.03497451, 0.981915197, -3.55011649e-005, 0.189321275, 0.189321275, 5.55132805e-006, -0.981915197, 3.38081489e-005, 0.999999999, 1.21720592e-005, 0.9819152, -2.50468846e-005, 0.189321259, 0.189321259, -7.57384512e-006, -0.9819152, 2.60278067e-005, 1, -2.69496591e-006, 0, 0, 0, 0, 0, 0, 0, 0.290329248, -0.101764722, -0.17360271, -0.29051005, 0.761794298, -0.578949779, -0.872802734, 0.0368652344, 0.486572266, 0.392069688, 0.646725957, 0.654410714, 0, 0, -0, 0, 0, 0, 0, 0.363165527, -0.0627298828, -0.135560596, 0.0958142027, 0.553888918, -0.826878455, 0.303833008, -0.807373047, -0.505615234, -0.94781363, -0.20273493, -0.245614752, 0, 2, 5, 1, 
418.954525, 50, 0.1, 0.1, 0.0238678816, 0.377558555, -0.0349771104, 0.981915204, -5.33634882e-006, 0.189321238, 0.189321238, 1.80571106e-005, -0.981915204, 1.8212475e-006, 1, 1.87408356e-005, 0.9819152, -2.08907438e-005, 0.189321259, 0.18932126, 2.30878941e-005, -0.9819152, 1.61419097e-005, 1, 2.66254161e-005, 0, 0, 0, 0, 0, 0, 0, 0.290329248, -0.101764722, -0.17360271, -0.29051005, 0.761794298, -0.578949779, -0.872802734, 0.0368652344, 0.486572266, 0.392069688, 0.646725957, 0.654410714, 0, 0, -0, 0, 0, 0, 0, 0.363165527, -0.0627298828, -0.135560596, 0.0958142027, 0.553888918, -0.826878455, 0.303833008, -0.807373047, -0.505615234, -0.94781363, -0.20273493, -0.245614752, 0, 2, 5, 1, 
418.955223, 50, 0.1, 0.1, 0.0238678699, 0.377558559, -0.0349773879, 0.981915252, 4.15899213e-005, 0.189320989, 0.18932099, -2.11473966e-005, -0.981915252, -3.6834132e-005, 0.999999999, -2.86387963e-005, 0.98191524, 4.32974861e-005, 0.189321048, 0.189321049, -1.83239281e-005, -0.981915241, -3.90453562e-005, 0.999999999, -2.61896697e-005, 0, 0, 0, 0, 0, 0, 0, 0.290329248, -0.101764722, -0.17360271, -0.29051005, 0.761794298, -0.578949779, -0.872802734, 0.0368652344, 0.486572266, 0.392069688, 0.646725957, 0.654410714, 0, 0, -0, 0, 0, 0, 0, 0.363165527, -0.0627298828, -0.135560596, 0.0958142027, 0.553888918, -0.826878455, 0.303833008, -0.807373047, -0.505615234, -0.94781363, -0.20273493, -0.245614752, 0, 2, 5, 1, 
418.955939, 50, 0.1, 0.1, 0.0238678694, 0.377558561, -0.0349752309, 0.98191532, -3.32777547e-005, 0.189320638, 0.189320638, 8.04769915e-006, -0.98191532, 3.11523416e-005, 0.999999999, 1.42023248e-005, 0.981915306, -1.71901144e-005, 0.189320711, 0.189320711, 7.12439739e-007, -0.981915306, 1.67443569e-005, 1, 3.95400016e-006, 0, 0, 0, 0, 0, 0, 0, 0.292265527, -0.104197705, -0.172854028, -0.295869679, 0.757557586, -0.581710846, -0.874267578, 0.0305175781, 0.484375, 0.384761502, 0.651969887, 0.653364921, 0, 0, -0, 0, 0, 0, 0, 0.363165527, -0.0627298828, -0.135560596, 0.093412057, 0.552079554, -0.828475999, 0.310424805, -0.806762695, -0.502685547, -0.945979479, -0.210044179, -0.246764602, 0, 2, 5, 1, 
418.95663, 50, 0.1, 0.1, 0.0238678809, 0.37755856, -0.0349715477, 0.981915376, -1.20847646e-005, 0.189320348, 0.189320348, -1.00635038e-005, -0.981915376, 1.37714422e-005, 1, -7.59361731e-006, 0.981915365, -2.87794071e-005, 0.189320403, 0.189320404, 4.84883116e-007, -0.981915365, 2.81671438e-005, 1, 5.92464315e-006, 0, 0, 0, 0, 0, 0, 0, 0.292265527, -0.104197705, -0.172854028, -0.295869679, 0.757557586, -0.581710846, -0.874267578, 0.0305175781, 0.484375, 0.384761502, 0.651969887, 0.653364921, 0, 0, -0, 0, 0, 0, 0, 0.364831104, -0.0650125, -0.13479751, 0.093412057, 0.552079554, -0.828475999, 0.310424805, -0.806762695, -0.502685547, -0.945979479, -0.210044179, -0.246764602, 0, 2, 5, 1, 
418.957318, 50, 0.1, 0.1, 0.0238678739, 0.377558562, -0.034967682, 0.981915383, 1.80322251e-005, 0.189320312, 0.189320312, 1.19705604e-005, -0.981915383, -1.99723895e-005, 1, 8.3402109e-006, 0.981915385, 2.63147031e-005, 0.189320302, 0.189320302, -3.95755168e-007, -0.981915385, -2.57638874e-005, 1, -5.37050562e-006, 0, 0, 0, 0, 0, 0, 0, 0.292265527, -0.104197705, -0.172854028, -0.295869679, 0.757557586, -0.581710846, -0.874267578, 0.0305175781, 0.484375, 0.384761502, 0.651969887, 0.653364921, 0, 0, -0, 0, 0, 0, 0, 0.364831104, -0.0650125, -0.13479751, 0.093412057, 0.552079554, -0.828475999, 0.310424805, -0.806762695, -0.502685547, -0.945979479, -0.210044179, -0.246764602, 0, 2, 5, 1, 
418.958008, 50, 0.1, 0.1, 0.0238678784, 0.377558561, -0.0349647452, 0.981915328, -1.55450123e-005, 0.189320598, 0.189320598, -1.95247428e-005, -0.981915328, 1.89603219e-005, 1, -1.62286532e-005, 0.981915344, -2.209085e-005, 0.189320515, 0.189320515, -3.71875403e-006, -0.981915344, 2.2395381e-005, 1, 5.30749458e-007, 0, 0, 0, 0, 0, 0, 0, 0.292265527, -0.104197705, -0.172854028, -0.295869679, 0.757557586, -0.581710846, -0.874267578, 0.0305175781, 0.484375, 0.384761502, 0.651969887, 0.653364921, 0, 0, -0, 0, 0, 0, 0, 0.364831104, -0.0650125, -0.13479751, 0.093412057, 0.552079554, -0.828475999, 0.310424805, -0.806762695, -0.502685547, -0.945979479, -0.210044179, -0.246764602, 0, 2, 5, 1, 
418.958708, 50, 0.1, 0.1, 0.0238678744, 0.377558566, -0.0349634349, 0.981915208, 1.12098723e-005, 0.18932122, 0.18932122, 6.88611594e-006, -0.981915208, -1.23108319e-005, 1, 4.63931527e-006, 0.981915235, 1.91591452e-005, 0.18932108, 0.18932108, -8.61380693e-006, -0.981915235, -1.71818814e-005, 1, -1.20852583e-005, 0, 0, 0, 0, 0, 0, 0, 0.292265527, -0.104197705, -0.172854028, -0.295869679, 0.757557586, -0.581710846, -0.874267578, 0.0305175781, 0.484375, 0.384761502, 0.651969887, 0.653364921, 0, 0, -0, 0, 0, 0, 0, 0.366131494, -0.067408252, -0.13397998, 0.092236687, 0.55146525, -0.829013011, 0.316162109, -0.805664063, -0.500854492, -0.944139132, -0.215877652, -0.248662185, 0, 2, 5, 1, 
418.959395, 50, 0.1, 0.1, 0.0238678812, 0.377558565, -0.0349640588, 0.981915035, -2.16148649e-005, 0.189322115, 0.189322115, -1.64919955e-005, -0.981915035, 2.43462603e-005, 1, -1.21015664e-005, 0.981915072, -2.87260021e-005, 0.189321923, 0.189321923, -2.1346854e-006, -0.981915072, 2.86106372e-005, 1, 3.3423822e-006, 0, 0, 0, 0, 0, 0, 0, 0.292265527, -0.104197705, -0.172854028, -0.295869679, 0.757557586, -0.581710846, -0.874267578, 0.0305175781, 0.484375, 0.384761502, 0.651969887, 0.653364921, 0, 0, -0, 0, 0, 0, 0, 0.366131494, -0.067408252, -0.13397998, 0.092236687, 0.55146525, -0.829013011, 0.316162109, -0.805664063, -0.500854492, -0.944139132, -0.215877652, -0.248662185, 0, 2, 5, 1, 
418.960083, 50, 0.1, 0.1, 0.0238678784, 0.377558569, -0.0349663985, 0.981914816, 1.08355483e-005, 0.189323252, 0.189323252, 1.05307038e-005, -0.981914816, -1.26332925e-005, 1, 8.28883287e-006, 0.981914863, 1.68739936e-005, 0.189323008, 0.189323008, -4.73249237e-006, -0.981914863, -1.56728554e-005, 1, -7.84153982e-006, 0, 0, 0, 0, 0, 0, 0, 0.292265527, -0.104197705, -0.172854028, -0.295869679, 0.757557586, -0.581710846, -0.874267578, 0.0305175781, 0.484375, 0.384761502, 0.651969887, 0.653364921, 0, 0, -0, 0, 0, 0, 0, 0.366131494, -0.067408252, -0.13397998, 0.092236687, 0.55146525, -0.829013011, 0.316162109, -0.805664063, -0.500854492, -0.944139132, -0.215877652, -0.248662185, 0, 2, 5, 1, 
418.960783, 50, 0.1, 0.1, 0.0238678833, 0.377558565, -0.0349696551, 0.981914555, -1.497547e-005, 0.189324605, 0.189324605, -7.40428143e-006, -0.981914555, 1.61064446e-005, 1, -4.43514677e-006, 0.981914612, -2.16662144e-005, 0.189324307, 0.189324308, 6.03874209e-006, -0.981914613, 2.01310918e-005, 1, 1.00314701e-005, 0, 0, 0, 0, 0, 0, 0, 0.292265527, -0.104197705, -0.172854028, -0.300644445, 0.75508408, -0.58259301, -0.87487793, 0.0247802734, 0.483520508, 0.379585338, 0.655080675, 0.653257458, 0, 0, -0, 0, 0, 0, 0, 0.366131494, -0.067408252, -0.13397998, 0.092236687, 0.55146525, -0.829013011, 0.316162109, -0.805664063, -0.500854492, -0.944139132, -0.215877652, -0.248662185, 0, 2, 5, 1, 
418.961471, 50, 0.1, 0.1, 0.0238678798, 0.377558567, -0.0349726297, 0.981914274, 1.23815724e-005, 0.189326066, 0.189326066, 1.169944e-005, -0.981914274, -1.43726516e-005, 1, 9.1436927e-006, 0.981914331, 1.73607735e-005, 0.189325769, 0.189325769, 2.15584135e-007, -0.981914331, -1.70876079e-005, 1, -3.07515665e-006, 0, 0, 0, 0, 0, 0, 0, 0.293791699, -0.106770312, -0.172452954, -0.300644445, 0.75508408, -0.58259301, -0.87487793, 0.0247802734, 0.483520508, 0.379585338, 0.655080675, 0.653257458, 0, 0, -0, 0, 0, 0, 0, 0.366131494, -0.067408252, -0.13397998, 0.092236687, 0.55146525, -0.829013011, 0.316162109, -0.805664063, -0.500854492, -0.944139132, -0.215877652, -0.248662185, 0, 2, 5, 1, 
418.962157, 50, 0.1, 0.1, 0.0238678827, 0.377558564, -0.0349746696, 0.981913976, -9.77540273e-006, 0.189327607, 0.189327607, -6.07236383e-006, -0.981913976, 1.07482707e-005, 1, -4.1117853e-006, 0.981914035, -1.46666324e-005, 0.189327301, 0.189327301, 4.70673354e-006, -0.981914035, 1.35102591e-005, 1, 7.39840166e-006, 0, 0, 0, 0, 0, 0, 0, 0.293791699, -0.106770312, -0.172452954, -0.300644445, 0.75508408, -0.58259301, -0.87487793, 0.0247802734, 0.483520508, 0.379585338, 0.655080675, 0.653257458, 0, 0, -0, 0, 0, 0, 0, 0.366131494, -0.067408252, -0.13397998, 0.092236687, 0.55146525, -0.829013011, 0.316162109, -0.805664063, -0.500854492, -0.944139132, -0.215877652, -0.248662185, 0, 2, 5, 1, 
418.962846, 50, 0.1, 0.1, 0.0238678792, 0.377558565, -0.0349752314, 0.981913666, 1.07939219e-005, 0.189329216, 0.189329216, 9.08593456e-006, -0.981913666, -1.23189322e-005, 1, 6.87799856e-006, 0.981913728, 1.60172324e-005, 0.189328895, 0.189328895, -8.27246203e-007, -0.981913728, -1.55709188e-005, 1, -3.84480931e-006, 0, 0, 0, 0, 0, 0, 0, 0.293791699, -0.106770312, -0.172452954, -0.300644445, 0.75508408, -0.58259301, -0.87487793, 0.0247802734, 0.483520508, 0.379585338, 0.655080675, 0.653257458, 0, 0, -0, 0, 0, 0, 0, 0.366131494, -0.067408252, -0.13397998, 0.092236687, 0.55146525, -0.829013011, 0.316162109, -0.805664063, -0.500854492, -0.944139132, -0.215877652, -0.248662185, 0, 2, 5, 1, 
418.963583, 50, 0.1, 0.1, 0.0238678835, 0.377558564, -0.0349737093, 0.981913324, -1.24928927e-005, 0.189330993, 0.189330993, -1.27520744e-005, -0.981913324, 1.46813007e-005, 1, -1.015614e-005, 0.981913388, -1.83174848e-005, 0.18933066, 0.18933066, -1.52595826e-006, -0.981913388, 1.82750942e-005, 1, 1.96970263e-006, 0, 0, 0, 0, 0, 0, 0, 0.295939624, -0.109129199, -0.172031616, -0.306270296, 0.752407631, -0.583119464, -0.875732422, 0.0172119141, 0.482299805, 0.372937277, 0.658470789, 0.653835207, 0, 0, -0, 0, 0, 0, 0, 0.36803374, -0.069123291, -0.132916016, 0.0899176634, 0.55150243, -0.829173059, 0.323486328, -0.803588867, -0.499511719, -0.941928017, -0.223238307, -0.25064289, 0, 2, 5, 1, 
418.964274, 50, 0.1, 0.1, 0.0238678799, 0.377558567, -0.0349710955, 0.981912989, 1.09898205e-005, 0.189332729, 0.189332729, 9.30283242e-006, -0.981912989, -1.25523782e-005, 1, 7.05383928e-006, 0.981913056, 1.68836287e-005, 0.189332382, 0.189332382, -3.14961463e-006, -0.981913056, -1.59819314e-005, 1, -6.28926536e-006, 0, 0, 0, 0, 0, 0, 0, 0.295939624, -0.109129199, -0.172031616, -0.306270296, 0.752407631, -0.583119464, -0.875732422, 0.0172119141, 0.482299805, 0.372937277, 0.658470789, 0.653835207, 0, 0, -0, 0, 0, 0, 0, 0.36803374, -0.069123291, -0.132916016, 0.0899176634, 0.55150243, -0.829173059, 0.323486328, -0.803588867, -0.499511719, -0.941928017, -0.223238307, -0.25064289, 0, 2, 5, 1, 
418.964964, 50, 0.1, 0.1, 0.023867884, 0.377558565, -0.0349683145, 0.98191264, -1.17440662e-005, 0.189334538, 0.189334538, -1.27011972e-005, -0.98191264, 1.39364223e-005, 1, -1.02479087e-005, 0.98191271, -1.89583772e-005, 0.189334176, 0.189334176, 2.81582269e-007, -0.98191271, 1.85621583e-005, 1, 3.86595793e-006, 0, 0, 0, 0, 0, 0, 0, 0.295939624, -0.109129199, -0.172031616, -0.306270296, 0.752407631, -0.583119464, -0.875732422, 0.0172119141, 0.482299805, 0.372937277, 0.658470789, 0.653835207, 0, 0, -0, 0, 0, 0, 0, 0.36803374, -0.069123291, -0.132916016, 0.0899176634, 0.55150243, -0.829173059, 0.323486328, -0.803588867, -0.499511719, -0.941928017, -0.223238307, -0.25064289, 0, 2, 5, 1, 
418.965655, 50, 0.1, 0.1, 0.0238678785, 0.377558567, -0.0349661716, 0.981912272, 1.68883558e-005, 0.189336448, 0.189336447, 1.38871577e-005, -0.981912272, -1.92122289e-005, 1, 1.04383893e-005, 0.981912345, 2.39309371e-005, 0.189336065, 0.189336065, -5.24388385e-007, -0.981912346, -2.33987969e-005, 1, -5.04589289e-006, 0, 0, 0, 0, 0, 0, 0, 0.295939624, -0.109129199, -0.172031616, -0.306270296, 0.752407631, -0.583119464, -0.875732422, 0.0172119141, 0.482299805, 0.372937277, 0.658470789, 0.653835207, 0, 0, -0, 0, 0, 0, 0, 0.36803374, -0.069123291, -0.132916016, 0.0899176634, 0.55150243, -0.829173059, 0.323486328, -0.803588867, -0.499511719, -0.941928017, -0.223238307, -0.25064289, 0, 2, 5, 1, 
418.966348, 50, 0.1, 0.1, 0.0238678824, 0.377558564, -0.0349652476, 0.981911881, -1.29327601e-005, 0.189338473, 0.189338473, -1.17759381e-005, -0.981911881, 1.4928469e-005, 1, -9.11426444e-006, 0.98191196, -1.98919142e-005, 0.189338063, 0.189338063, 3.34028787e-006, -0.98191196, 1.88996648e-005, 1, 7.04616511e-006, 0, 0, 0, 0, 0, 0, 0, 0.295939624, -0.109129199, -0.172031616, -0.306270296, 0.752407631, -0.583119464, -0.875732422, 0.0172119141, 0.482299805, 0.372937277, 0.658470789, 0.653835207, 0, 0, -0, 0, 0, 0, 0, 0.36803374, -0.069123291, -0.132916016, 0.0899176634, 0.55150243, -0.829173059, 0.323486328, -0.803588867, -0.499511719, -0.941928017, -0.223238307, -0.25064289, 0, 2, 5, 1, 
418.967044, 50, 0.1, 0.1, 0.0238678773, 0.377558567, -0.0349657102, 0.981911471, 1.53465137e-005, 0.189340603, 0.189340603, 1.14551181e-005, -0.981911471, -1.72378368e-005, 1, 8.34219372e-006, 0.981911554, 2.28430937e-005, 0.189340169, 0.189340169, -2.99874581e-006, -0.981911554, -2.18621146e-005, 1, -7.2696184e-006, 0, 0, 0, 0, 0, 0, 0, 0.295939624, -0.109129199, -0.172031616, -0.306270296, 0.752407631, -0.583119464, -0.875732422, 0.0172119141, 0.482299805, 0.372937277, 0.658470789, 0.653835207, 0, 0, -0, 0, 0, 0, 0, 0.36803374, -0.069123291, -0.132916016, 0.0899176634, 0.55150243, -0.829173059, 0.323486328, -0.803588867, -0.499511719, -0.941928017, -0.223238307, -0.25064289, 0, 2, 5, 1, 
418.967735, 50, 0.1, 0.1, 0.023867882, 0.377558564, -0.0349673258, 0.981911047, -1.5883309e-005, 0.189342797, 0.189342797, -1.26685578e-005, -0.981911047, 1.79946968e-005, 1, -9.43200671e-006, 0.981911133, -2.21713364e-005, 0.189342355, 0.189342355, 1.33420405e-006, -0.981911133, 2.15176607e-005, 1, 5.50804286e-006, 0, 0, 0, 0, 0, 0, 0, 0.295939624, -0.109129199, -0.172031616, -0.306270296, 0.752407631, -0.583119464, -0.875732422, 0.0172119141, 0.482299805, 0.372937277, 0.658470789, 0.653835207, 0, 0, -0, 0, 0, 0, 0, 0.36803374, -0.069123291, -0.132916016, 0.0899176634, 0.55150243, -0.829173059, 0.323486328, -0.803588867, -0.499511719, -0.941928017, -0.223238307, -0.25064289, 0, 2, 5, 1, 
418.968454, 50, 0.1, 0.1, 0.0238678777, 0.377558568, -0.0349693937, 0.981910595, 1.38819428e-005, 0.189345145, 0.189345145, 9.20008083e-006, -0.981910595, -1.53728173e-005, 1, 6.40517837e-006, 0.98191068, 1.98002049e-005, 0.189344701, 0.189344701, -3.78020952e-006, -0.98191068, -1.872627e-005, 1, -7.46089199e-006, 0, 0, 0, 0, 0, 0, 0, 0.297720898, -0.111937256, -0.171428296, -0.310423129, 0.74969299, -0.584401522, -0.876464844, 0.0119628906, 0.481079102, 0.3677862, 0.661619769, 0.653543898, 0, 0, -0, 0, 0, 0, 0, 0.369527588, -0.0715075684, -0.132088477, 0.0882311674, 0.551169208, -0.829601429, 0.329589844, -0.802124023, -0.497802734, -0.939895906, -0.229410466, -0.252406311, 0, 2, 5, 1, 
418.969142, 50, 0.1, 0.1, 0.0238678813, 0.377558565, -0.0349712965, 0.981910156, -1.19925455e-005, 0.189347422, 0.189347422, -8.84472359e-006, -0.981910156, 1.34503278e-005, 1, -6.41396635e-006, 0.981910242, -1.76506074e-005, 0.189346976, 0.189346976, 2.73890545e-006, -0.981910242, 1.68127087e-005, 1, 6.03144844e-006, 0, 0, 0, 0, 0, 0, 0, 0.297720898, -0.111937256, -0.171428296, -0.310423129, 0.74969299, -0.584401522, -0.876464844, 0.0119628906, 0.481079102, 0.3677862, 0.661619769, 0.653543898, 0, 0, -0, 0, 0, 0, 0, 0.369527588, -0.0715075684, -0.132088477, 0.0882311674, 0.551169208, -0.829601429, 0.329589844, -0.802124023, -0.497802734, -0.939895906, -0.229410466, -0.252406311, 0, 2, 5, 1, 
418.969835, 50, 0.1, 0.1, 0.0238678774, 0.377558567, -0.0349726731, 0.981909714, 1.23014117e-005, 0.189349711, 0.189349711, 1.11470827e-005, -0.981909714, -1.41895725e-005, 1, 8.61616007e-006, 0.981909802, 1.78685621e-005, 0.189349256, 0.189349256, -5.33339338e-007, -0.981909802, -1.74443289e-005, 1, -3.90709007e-006, 0, 0, 0, 0, 0, 0, 0, 0.297720898, -0.111937256, -0.171428296, -0.310423129, 0.74969299, -0.584401522, -0.876464844, 0.0119628906, 0.481079102, 0.3677862, 0.661619769, 0.653543898, 0, 0, -0, 0, 0, 0, 0, 0.369527588, -0.0715075684, -0.132088477, 0.0882311674, 0.551169208, -0.829601429, 0.329589844, -0.802124023, -0.497802734, -0.939895906, -0.229410466, -0.252406311, 0, 2, 5, 1, 
418.970534, 50, 0.1, 0.1, 0.0238678811, 0.377558564, -0.0349730685, 0.98190927, -1.18226098e-005, 0.189352013, 0.189352013, -8.30789346e-006, -0.98190927, 1.31818466e-005, 1, -5.91896264e-006, 0.981909357, -1.71287108e-005, 0.189351564, 0.189351564, 3.25359991e-006, -0.981909357, 1.62027672e-005, 1, 6.43808838e-006, 0, 0, 0, 0, 0, 0, 0, 0.297720898, -0.111937256, -0.171428296, -0.310423129, 0.74969299, -0.584401522, -0.876464844, 0.0119628906, 0.481079102, 0.3677862, 0.661619769, 0.653543898, 0, 0, -0, 0, 0, 0, 0, 0.369527588, -0.0715075684, -0.132088477, 0.0882311674, 0.551169208, -0.829601429, 0.329589844, -0.802124023, -0.497802734, -0.939895906, -0.229410466, -0.252406311, 0, 2, 5, 1, 
418.971225, 50, 0.1, 0.1, 0.0238678777, 0.377558566, -0.0349724895, 0.981908833, 9.80656306e-006, 0.189354281, 0.189354281, 9.99900513e-006, -0.981908833, -1.15225053e-005, 1, 7.96119677e-006, 0.981908919, 1.57283518e-005, 0.189353835, 0.189353836, -1.19484162e-006, -0.981908919, -1.5217561e-005, 1, -4.15144938e-006, 0, 0, 0, 0, 0, 0, 0, 0.297720898, -0.111937256, -0.171428296, -0.310423129, 0.74969299, -0.584401522, -0.876464844, 0.0119628906, 0.481079102, 0.3677862, 0.661619769, 0.653543898, 0, 0, -0, 0, 0, 0, 0, 0.369527588, -0.0715075684, -0.132088477, 0.0882311674, 0.551169208, -0.829601429, 0.329589844, -0.802124023, -0.497802734, -0.939895906, -0.229410466, -0.252406311, 0, 2, 5, 1, 
418.971912, 50, 0.1, 0.1, 0.0238678822, 0.377558565, -0.0349712265, 0.9819084, -1.3548186e-005, 0.189356528, 0.189356528, -1.23733586e-005, -0.9819084, 1.56460539e-005, 1, -9.58406725e-006, 0.981908485, -1.96282159e-005, 0.189356084, 0.189356084, -1.88974195e-007, -0.981908485, 1.93088952e-005, 1, 3.53116673e-006, 0, 0, 0, 0, 0, 0, 0, 0.297720898, -0.111937256, -0.171428296, -0.310423129, 0.74969299, -0.584401522, -0.876464844, 0.0119628906, 0.481079102, 0.3677862, 0.661619769, 0.653543898, 0, 0, -0, 0, 0, 0, 0, 0.369527588, -0.0715075684, -0.132088477, 0.0882311674, 0.551169208, -0.829601429, 0.329589844, -0.802124023, -0.497802734, -0.939895906, -0.229410466, -0.252406311, 0, 2, 5, 1, 
418.972601, 50, 0.1, 0.1, 0.0238678785, 0.377558567, -0.0349696769, 0.981907962, 1.16879297e-005, 0.189358795, 0.189358795, 1.0203808e-005, -0.981907962, -1.34086521e-005, 1, 7.80598805e-006, 0.981908049, 1.77978668e-005, 0.189358346, 0.189358346, -2.8315635e-006, -0.981908049, -1.69396885e-005, 1, -6.15050961e-006, 0, 0, 0, 0, 0, 0, 0, 0.297720898, -0.111937256, -0.171428296, -0.310423129, 0.74969299, -0.584401522, -0.876464844, 0.0119628906, 0.481079102, 0.3677862, 0.661619769, 0.653543898, 0, 0, -0, 0, 0, 0, 0, 0.369527588, -0.0715075684, -0.132088477, 0.0882311674, 0.551169208, -0.829601429, 0.329589844, -0.802124023, -0.497802734, -0.939895906, -0.229410466, -0.252406311, 0, 2, 5, 1, 
418.973322, 50, 0.1, 0.1, 0.0238678835, 0.377558565, -0.0349679256, 0.981907498, -1.43155161e-005, 0.189361202, 0.189361202, -1.17559601e-005, -0.981907498, 1.62826353e-005, 1, -8.83246202e-006, 0.981907587, -2.16619916e-005, 0.189360742, 0.189360742, 1.52678044e-006, -0.981907587, 2.09809616e-005, 1, 5.6010881e-006, 0, 0, 0, 0, 0, 0, 0, 0.298989771, -0.114487402, -0.171183325, -0.315952378, 0.747707745, -0.583957444, -0.876098633, 0.00622558593, 0.482055664, 0.364089046, 0.663911671, 0.653226379, 0, 0, -0, 0, 0, 0, 0, 0.370337402, -0.0736888672, -0.132109473, 0.0831837061, 0.550803903, -0.830361555, 0.334716797, -0.800292969, -0.497314453, -0.938585275, -0.236445195, -0.251013291, 0, 2, 5, 1, 
418.974009, 50, 0.1, 0.1, 0.0238678788, 0.377558567, -0.0349669136, 0.981907048, 1.53482411e-005, 0.189363535, 0.189363534, 1.35608868e-005, -0.981907048, -1.76384836e-005, 1, 1.04091332e-005, 0.981907139, 2.19089579e-005, 0.189363066, 0.189363066, -5.77099414e-007, -0.981907139, -2.14032809e-005, 1, -4.71540548e-006, 0, 0, 0, 0, 0, 0, 0, 0.298989771, -0.114487402, -0.171183325, -0.315952378, 0.747707745, -0.583957444, -0.876098633, 0.00622558593, 0.482055664, 0.364089046, 0.663911671, 0.653226379, 0, 0, -0, 0, 0, 0, 0, 0.370337402, -0.0736888672, -0.132109473, 0.0831837061, 0.550803903, -0.830361555, 0.334716797, -0.800292969, -0.497314453, -0.938585275, -0.236445195, -0.251013291, 0, 2, 5, 1, 
418.974701, 50, 0.1, 0.1, 0.0238678826, 0.377558564, -0.0349668546, 0.981906587, -1.23366238e-005, 0.189365929, 0.189365929, -1.09383129e-005, -0.981906587, 1.4184756e-005, 1, -8.4042653e-006, 0.981906679, -1.90879739e-005, 0.189365451, 0.189365451, 3.45940264e-006, -0.981906679, 1.80875177e-005, 1, 7.01141334e-006, 0, 0, 0, 0, 0, 0, 0, 0.298989771, -0.114487402, -0.171183325, -0.315952378, 0.747707745, -0.583957444, -0.876098633, 0.00622558593, 0.482055664, 0.364089046, 0.663911671, 0.653226379, 0, 0, -0, 0, 0, 0, 0, 0.370337402, -0.0736888672, -0.132109473, 0.0831837061, 0.550803903, -0.830361555, 0.334716797, -0.800292969, -0.497314453, -0.938585275, -0.236445195, -0.251013291, 0, 2, 5, 1, 
418.975415, 50, 0.1, 0.1, 0.0238678773, 0.377558567, -0.0349675738, 0.981906102, 1.54173111e-005, 0.18936844, 0.18936844, 1.18883072e-005, -0.981906102, -1.7389622e-005, 1, 8.75364928e-006, 0.981906203, 2.27576104e-005, 0.189367919, 0.189367919, -2.3895231e-006, -0.981906203, -2.18933398e-005, 1, -6.65584888e-006, 0, 0, 0, 0, 0, 0, 0, 0.300450146, -0.117053174, -0.170717187, -0.322034289, 0.74539899, -0.583576646, -0.875854492, -0.000732421883, 0.482421875, 0.359243505, 0.666501997, 0.653289658, 0, 0, -0, 0, 0, 0, 0, 0.370337402, -0.0736888672, -0.132109473, 0.0788584578, 0.549952626, -0.83141589, 0.342773437, -0.798095703, -0.495361328, -0.935971309, -0.245863114, -0.251492334, 0, 2, 5, 1, 
418.976108, 50, 0.1, 0.1, 0.0238678813, 0.377558564, -0.0349687065, 0.981905628, -1.34494368e-005, 0.189370898, 0.189370898, -1.21520372e-005, -0.981905628, 1.55073199e-005, 1, -9.38522175e-006, 0.981905723, -1.96167125e-005, 0.189370406, 0.189370406, 1.44834268e-006, -0.981905723, 1.89874891e-005, 1, 5.13696077e-006, 0, 0, 0, 0, 0, 0, 0, 0.300450146, -0.117053174, -0.170717187, -0.322034289, 0.74539899, -0.583576646, -0.875854492, -0.000732421883, 0.482421875, 0.359243505, 0.666501997, 0.653289658, 0, 0, -0, 0, 0, 0, 0, 0.371445654, -0.075505957, -0.13151958, 0.0788584578, 0.549952626, -0.83141589, 0.342773437, -0.798095703, -0.495361328, -0.935971309, -0.245863114, -0.251492334, 0, 2, 5, 1, 
418.9768, 50, 0.1, 0.1, 0.0238678773, 0.377558567, -0.0349700923, 0.981905153, 1.29054163e-005, 0.189373364, 0.189373364, 8.54242766e-006, -0.981905153, -1.42896031e-005, 1, 5.94391163e-006, 0.981905247, 1.88029038e-005, 0.189372875, 0.189372875, -4.29976736e-006, -0.981905247, -1.76484106e-005, 1, -7.78272408e-006, 0, 0, 0, 0, 0, 0, 0, 0.300450146, -0.117053174, -0.170717187, -0.322034289, 0.74539899, -0.583576646, -0.875854492, -0.000732421883, 0.482421875, 0.359243505, 0.666501997, 0.653289658, 0, 0, -0, 0, 0, 0, 0, 0.371445654, -0.075505957, -0.13151958, 0.0788584578, 0.549952626, -0.83141589, 0.342773437, -0.798095703, -0.495361328, -0.935971309, -0.245863114, -0.251492334, 0, 2, 5, 1, 
418.977493, 50, 0.1, 0.1, 0.0238678811, 0.377558565, -0.0349713076, 0.981904678, -1.20359213e-005, 0.189375827, 0.189375827, -1.01517021e-005, -0.981904678, 1.37406145e-005, 1, -7.68869127e-006, 0.981904772, -1.80075742e-005, 0.189375336, 0.189375336, 1.73809355e-006, -0.981904772, 1.7352571e-005, 1, 5.11683277e-006, 0, 0, 0, 0, 0, 0, 0, 0.300450146, -0.117053174, -0.170717187, -0.322034289, 0.74539899, -0.583576646, -0.875854492, -0.000732421883, 0.482421875, 0.359243505, 0.666501997, 0.653289658, 0, 0, -0, 0, 0, 0, 0, 0.371445654, -0.075505957, -0.13151958, 0.0788584578, 0.549952626, -0.83141589, 0.342773437, -0.798095703, -0.495361328, -0.935971309, -0.245863114, -0.251492334, 0, 2, 5, 1, 
