time, trialNum, realDorsalTactorPos, realVentralTactorPos, boxPosX, boxPosY, boxPosZ, boxLocalRot_11, boxLocalRot_12, boxLocalRot_13, boxLocalRot_21, boxLocalRot_22, boxLocalRot_23, boxLocalRot_31, boxLocalRot_32, boxLocalRot_33, boxGlobalRot_11, boxGlobalRot_12, boxGlobalRot_13, boxGlobalRot_21, boxGlobalRot_22, boxGlobalRot_23, boxGlobalRot_31, boxGlobalRot_32, boxGlobalRot_33, indexForceX, indexForceY, indexForceZ, indexForceGlobalX, indexForceGlobalY, indexForceGlobalZ, indexContact, indexPosX, indexPosY, indexPosZ, indexRot_11, indexRot_12, indexRot_13, indexRot_21, indexRot_22, indexRot_23, indexRot_31, indexRot_32, indexRot_33, thumbForceX, thumbForceY, thumbForceZ, thumbForceGlobalX, thumbForceGlobalY, thumbForceGlobalZ, thumbContact, thumbPosX, thumbPosY, thumbPosZ, thumbRot_11, thumbRot_12, thumbRot_13, thumbRot_21, thumbRot_22, thumbRot_23, thumbRot_31, thumbRot_32, thumbRot_33, manipForceTooHigh, cceExpType, mapping, trialSuccess, 
328.954786, 39, 0.1, 0.1, 0.0252123333, 0.370873127, -0.0349773128, 0.917249322, 0.398313546, -2.34568755e-005, 0.398313546, -0.917249322, -2.18966978e-005, -3.02375545e-005, 1.07415399e-005, -0.999999999, 0.917249306, 0.398313584, -1.44537782e-005, 0.398313584, -0.917249306, -2.40779111e-005, -2.28482771e-005, 1.63283111e-005, -1, 0, 0, 0, 0, 0, 0, 0, 0.218583105, -0.0540303223, -0.196875732, -0.375749766, 0.645664974, -0.664582098, -0.795654297, 0.142700195, 0.588623047, 0.475029, 0.750026693, 0.460215499, 0, 0, 0, 0, 0, 0, 0, 0.314867139, -0.0292776855, -0.171047266, 0.180206868, 0.404802538, -0.896414881, 0.000610351561, -0.911254883, -0.411499023, -0.983499207, 0.0736003668, -0.164425831, 0, 2, 5, 1, 
328.960584, 39, 0.1, 0.1, 0.02521231, 0.370873143, -0.0349902411, 0.917252245, 0.398306814, -3.101682e-005, 0.398306812, -0.917252245, -5.72468472e-005, -5.1252057e-005, 4.01555884e-005, -0.999999998, 0.917252187, 0.398306947, -2.73852781e-005, 0.398306945, -0.917252187, -5.30991351e-005, -4.62689606e-005, 3.77975513e-005, -0.999999998, 0, 0, 0, 0, 0, 0, 0, 0.22667251, -0.0661385742, -0.194311255, -0.382295591, 0.630656943, -0.675327947, -0.803955078, 0.133178711, 0.579467773, 0.455549495, 0.764515742, 0.456355837, 0, 0, 0, 0, 0, 0, 0, 0.322206055, -0.0392299316, -0.167380469, 0.179682983, 0.401418217, -0.898007695, 0.0291748047, -0.914550781, -0.403076172, -0.983186041, 0.0462412642, -0.176131057, 0, 2, 5, 1, 
328.961286, 39, 0.1, 0.1, 0.0252123009, 0.370873123, -0.034985639, 0.917252518, 0.398306187, -1.65824235e-005, 0.398306186, -0.917252518, -3.19458579e-005, -2.79345026e-005, 2.26975367e-005, -0.999999999, 0.917252466, 0.398306307, -2.39585486e-005, 0.398306305, -0.917252465, -4.40480893e-005, -3.95206695e-005, 3.08603775e-005, -0.999999999, 0, 0, 0, 0, 0, 0, 0, 0.22667251, -0.0661385742, -0.194311255, -0.382295591, 0.630656943, -0.675327947, -0.803955078, 0.133178711, 0.579467773, 0.455549495, 0.764515742, 0.456355837, 0, 0, 0, 0, 0, 0, 0, 0.322206055, -0.0392299316, -0.167380469, 0.179682983, 0.401418217, -0.898007695, 0.0291748047, -0.914550781, -0.403076172, -0.983186041, 0.0462412642, -0.176131057, 0, 2, 5, 1, 
328.962024, 39, 0.1, 0.1, 0.0252123047, 0.370873125, -0.0349759567, 0.917252751, 0.398305648, 1.99741466e-005, 0.398305648, -0.917252751, 2.79751917e-005, 2.94640178e-005, -1.77045061e-005, -0.999999999, 0.917252703, 0.398305759, 1.74691001e-005, 0.398305759, -0.917252703, 2.60980956e-005, 2.64186011e-005, -1.69805056e-005, -1, 0, 0, 0, 0, 0, 0, 0, 0.22667251, -0.0661385742, -0.194311255, -0.382295591, 0.630656943, -0.675327947, -0.803955078, 0.133178711, 0.579467773, 0.455549495, 0.764515742, 0.456355837, 0, 0, 0, 0, 0, 0, 0, 0.322206055, -0.0392299316, -0.167380469, 0.179682983, 0.401418217, -0.898007695, 0.0291748047, -0.914550781, -0.403076172, -0.983186041, 0.0462412642, -0.176131057, 0, 2, 5, 1, 
328.962804, 39, 0.1, 0.1, 0.0252123081, 0.370873121, -0.0349636226, 0.917252983, 0.398305115, 5.02398207e-007, 0.398305115, -0.917252983, -2.42539318e-005, -9.19963883e-006, 2.2447099e-005, -1, 0.917252944, 0.398305206, 1.27676788e-006, 0.398305205, -0.917252944, -2.37170275e-005, -8.27549643e-006, 2.22630566e-005, -1, 0, 0, 0, 0, 0, 0, 0, 0.22667251, -0.0661385742, -0.194311255, -0.382295591, 0.630656943, -0.675327947, -0.803955078, 0.133178711, 0.579467773, 0.455549495, 0.764515742, 0.456355837, 0, 0, 0, 0, 0, 0, 0, 0.322206055, -0.0392299316, -0.167380469, 0.179682983, 0.401418217, -0.898007695, 0.0291748047, -0.914550781, -0.403076172, -0.983186041, 0.0462412642, -0.176131057, 0, 2, 5, 1, 
328.963499, 39, 0.1, 0.1, 0.0252123082, 0.370873124, -0.0349552838, 0.917253128, 0.398304782, -1.38628808e-005, 0.398304782, -0.917253127, 3.14932967e-005, -1.71840158e-007, -3.44089766e-005, -0.999999999, 0.917253112, 0.398304818, -2.86194803e-006, 0.398304818, -0.917253112, 3.31710728e-005, 1.05870674e-005, -3.15661974e-005, -0.999999999, 0, 0, 0, 0, 0, 0, 0, 0.22667251, -0.0661385742, -0.194311255, -0.382295591, 0.630656943, -0.675327947, -0.803955078, 0.133178711, 0.579467773, 0.455549495, 0.764515742, 0.456355837, 0, 0, 0, 0, 0, 0, 0, 0.322206055, -0.0392299316, -0.167380469, 0.179682983, 0.401418217, -0.898007695, 0.0291748047, -0.914550781, -0.403076172, -0.983186041, 0.0462412642, -0.176131057, 0, 2, 5, 1, 
328.964258, 39, 0.1, 0.1, 0.0252123099, 0.37087312, -0.0349509958, 0.917253188, 0.398304643, 1.51657763e-005, 0.398304643, -0.917253188, -2.73626492e-005, 3.01218649e-006, 3.11390763e-005, -1, 0.917253178, 0.398304666, 1.6884802e-005, 0.398304667, -0.917253178, -2.34854294e-005, 6.13328212e-006, 2.82673802e-005, -1, 0, 0, 0, 0, 0, 0, 0, 0.228979126, -0.0688041992, -0.193326514, -0.384786689, 0.626286559, -0.677872967, -0.806640625, 0.128540039, 0.576782227, 0.448404938, 0.7689157, 0.455893785, 0, 0, 0, 0, 0, 0, 0, 0.323937305, -0.040988916, -0.166116943, 0.178807652, 0.401416751, -0.898174306, 0.0388183594, -0.915039063, -0.401245117, -0.983032557, 0.0369126641, -0.179217136, 0, 2, 5, 1, 
328.964996, 39, 0.1, 0.1, 0.0252123092, 0.370873121, -0.034952561, 0.917253325, 0.398304327, 3.72327863e-006, 0.398304327, -0.917253325, 3.76746735e-005, 1.84211752e-005, -3.30742215e-005, -0.999999999, 0.917253284, 0.398304423, -5.92074956e-007, 0.398304423, -0.917253283, 3.08522985e-005, 1.17455243e-005, -2.85351982e-005, -1, 0, 0, 0, 0, 0, 0, 0, 0.228979126, -0.0688041992, -0.193326514, -0.384786689, 0.626286559, -0.677872967, -0.806640625, 0.128540039, 0.576782227, 0.448404938, 0.7689157, 0.455893785, 0, 0, 0, 0, 0, 0, 0, 0.323937305, -0.040988916, -0.166116943, 0.178807652, 0.401416751, -0.898174306, 0.0388183594, -0.915039063, -0.401245117, -0.983032557, 0.0369126641, -0.179217136, 0, 2, 5, 1, 
328.965756, 39, 0.1, 0.1, 0.0252123067, 0.370873116, -0.0349581913, 0.917253521, 0.398303877, -1.26157274e-005, 0.398303876, -0.91725352, -3.73501843e-005, -2.64485436e-005, 2.92346949e-005, -0.999999999, 0.917253489, 0.398303951, -1.37055461e-005, 0.398303951, -0.917253488, -3.27319966e-005, -2.56087436e-005, 2.45645649e-005, -0.999999999, 0, 0, 0, 0, 0, 0, 0, 0.228979126, -0.0688041992, -0.193326514, -0.384786689, 0.626286559, -0.677872967, -0.806640625, 0.128540039, 0.576782227, 0.448404938, 0.7689157, 0.455893785, 0, 0, 0, 0, 0, 0, 0, 0.323937305, -0.040988916, -0.166116943, 0.178807652, 0.401416751, -0.898174306, 0.0388183594, -0.915039063, -0.401245117, -0.983032557, 0.0369126641, -0.179217136, 0, 2, 5, 1, 
328.96655, 39, 0.1, 0.1, 0.0252123108, 0.370873116, -0.0349664429, 0.917253679, 0.398303512, 2.30088669e-005, 0.398303511, -0.917253679, 3.45088764e-005, 3.48499744e-005, -2.24888814e-005, -0.999999999, 0.917253649, 0.398303581, 2.02134451e-005, 0.39830358, -0.917253649, 2.83833295e-005, 2.98460381e-005, -1.7983625e-005, -0.999999999, 0, 0, 0, 0, 0, 0, 0, 0.231091553, -0.0719250977, -0.192151001, -0.386763316, 0.621757415, -0.681014833, -0.809204102, 0.125244141, 0.573974609, 0.442167633, 0.77309362, 0.454784713, 0, 0, 0, 0, 0, 0, 0, 0.323937305, -0.040988916, -0.166116943, 0.177798159, 0.400782757, -0.898609239, 0.0480957031, -0.915649414, -0.398925781, -0.982770431, 0.0277630681, -0.182085932, 0, 2, 5, 1, 
328.967248, 39, 0.1, 0.1, 0.0252123132, 0.370873115, -0.0349733632, 0.917253796, 0.398303242, -8.53943851e-006, 0.398303242, -0.917253796, -3.10754059e-005, -2.02102673e-005, 2.5102748e-005, -0.999999999, 0.917253775, 0.398303292, -1.0770585e-006, 0.398303292, -0.917253775, -1.63059914e-005, -7.48266604e-006, 1.45277363e-005, -1, 0, 0, 0, 0, 0, 0, 0, 0.231091553, -0.0719250977, -0.192151001, -0.386763316, 0.621757415, -0.681014833, -0.809204102, 0.125244141, 0.573974609, 0.442167633, 0.77309362, 0.454784713, 0, 0, 0, 0, 0, 0, 0, 0.325885205, -0.0432324707, -0.164866602, 0.177798159, 0.400782757, -0.898609239, 0.0480957031, -0.915649414, -0.398925781, -0.982770431, 0.0277630681, -0.182085932, 0, 2, 5, 1, 
328.967939, 39, 0.1, 0.1, 0.0252123081, 0.370873102, -0.0349786921, 0.917253911, 0.398302977, -9.52591571e-006, 0.398302977, -0.917253912, -1.31220521e-005, -1.39642359e-005, 8.24205301e-006, -1, 0.917253888, 0.398303031, -1.44396093e-005, 0.39830303, -0.917253888, -2.72072187e-005, -2.40815055e-005, 1.9204587e-005, -1, 0, 0, 0, 0, 0, 0, 0, 0.231091553, -0.0719250977, -0.192151001, -0.386763316, 0.621757415, -0.681014833, -0.809204102, 0.125244141, 0.573974609, 0.442167633, 0.77309362, 0.454784713, 0, 0, 0, 0, 0, 0, 0, 0.325885205, -0.0432324707, -0.164866602, 0.177798159, 0.400782757, -0.898609239, 0.0480957031, -0.915649414, -0.398925781, -0.982770431, 0.0277630681, -0.182085932, 0, 2, 5, 1, 
328.96866, 39, 0.1, 0.1, 0.0252123094, 0.370873108, -0.0349809598, 0.917254024, 0.398302718, 7.61285347e-006, 0.398302718, -0.917254024, 2.76030862e-005, 1.79773047e-005, -2.22868217e-005, -1, 0.917254002, 0.39830277, 7.60943078e-006, 0.398302769, -0.917254001, 3.01391742e-005, 1.89842974e-005, -2.46144207e-005, -1, 0, 0, 0, 0, 0, 0, 0, 0.231091553, -0.0719250977, -0.192151001, -0.386763316, 0.621757415, -0.681014833, -0.809204102, 0.125244141, 0.573974609, 0.442167633, 0.77309362, 0.454784713, 0, 0, 0, 0, 0, 0, 0, 0.325885205, -0.0432324707, -0.164866602, 0.177798159, 0.400782757, -0.898609239, 0.0480957031, -0.915649414, -0.398925781, -0.982770431, 0.0277630681, -0.182085932, 0, 2, 5, 1, 
328.969372, 39, 0.1, 0.1, 0.025212309, 0.370873104, -0.0349793489, 0.917254132, 0.398302469, -5.82394973e-006, 0.398302468, -0.917254132, -2.4148196e-005, -1.4960328e-005, 1.98303391e-005, -1, 0.917254113, 0.398302514, -4.8350964e-006, 0.398302514, -0.917254113, -1.91014447e-005, -1.20431655e-005, 1.55950477e-005, -1, 0, 0, 0, 0, 0, 0, 0, 0.231091553, -0.0719250977, -0.192151001, -0.386763316, 0.621757415, -0.681014833, -0.809204102, 0.125244141, 0.573974609, 0.442167633, 0.77309362, 0.454784713, 0, 0, 0, 0, 0, 0, 0, 0.325885205, -0.0432324707, -0.164866602, 0.177798159, 0.400782757, -0.898609239, 0.0480957031, -0.915649414, -0.398925781, -0.982770431, 0.0277630681, -0.182085932, 0, 2, 5, 1, 
328.970065, 39, 0.1, 0.1, 0.0252123098, 0.370873101, -0.0349750319, 0.917254223, 0.39830226, 1.18529086e-005, 0.39830226, -0.917254223, 2.03635057e-005, 1.89829608e-005, -1.39574713e-005, -1, 0.917254206, 0.3983023, 8.2154946e-006, 0.3983023, -0.917254206, 1.01108002e-005, 1.15628519e-005, -6.00192358e-006, -1, 0, 0, 0, 0, 0, 0, 0, 0.231091553, -0.0719250977, -0.192151001, -0.386763316, 0.621757415, -0.681014833, -0.809204102, 0.125244141, 0.573974609, 0.442167633, 0.77309362, 0.454784713, 0, 0, 0, 0, 0, 0, 0, 0.325885205, -0.0432324707, -0.164866602, 0.177798159, 0.400782757, -0.898609239, 0.0480957031, -0.915649414, -0.398925781, -0.982770431, 0.0277630681, -0.182085932, 0, 2, 5, 1, 
328.97076, 39, 0.1, 0.1, 0.0252123108, 0.370873101, -0.0349694363, 0.917254295, 0.398302093, -7.24811336e-006, 0.398302093, -0.917254295, -1.29346627e-005, -1.18002663e-005, 8.97743621e-006, -1, 0.917254282, 0.398302124, -2.58846236e-006, 0.398302124, -0.917254282, -4.46792857e-006, -4.15386362e-006, 3.06723656e-006, -1, 0, 0, 0, 0, 0, 0, 0, 0.231091553, -0.0719250977, -0.192151001, -0.386763316, 0.621757415, -0.681014833, -0.809204102, 0.125244141, 0.573974609, 0.442167633, 0.77309362, 0.454784713, 0, 0, 0, 0, 0, 0, 0, 0.325885205, -0.0432324707, -0.164866602, 0.177798159, 0.400782757, -0.898609239, 0.0480957031, -0.915649414, -0.398925781, -0.982770431, 0.0277630681, -0.182085932, 0, 2, 5, 1, 
328.971514, 39, 0.1, 0.1, 0.0252123096, 0.370873101, -0.0349633762, 0.917254368, 0.398301926, 6.60720022e-007, 0.398301926, -0.917254368, 1.44730621e-005, 6.37069684e-006, -1.30123134e-005, -1, 0.917254355, 0.398301955, 1.94504798e-006, 0.398301955, -0.917254355, 1.76746027e-005, 8.82393255e-006, -1.54373899e-005, -1, 0, 0, 0, 0, 0, 0, 0, 0.232266577, -0.0747011719, -0.192159058, -0.389810824, 0.619733978, -0.681129409, -0.809326172, 0.122192383, 0.574462891, 0.439313329, 0.775144389, 0.454061308, 0, 0, 0, 0, 0, 0, 0, 0.327200586, -0.045559375, -0.164653125, 0.174143352, 0.401854948, -0.898903082, 0.0551757812, -0.915405273, -0.39855957, -0.983031824, 0.0198974838, -0.181625845, 0, 2, 5, 1, 
328.972208, 39, 0.1, 0.1, 0.0252123108, 0.370873095, -0.0349597344, 0.91725439, 0.398301876, 8.38445428e-006, 0.398301876, -0.91725439, -1.00812687e-005, 3.67528924e-006, 1.25866319e-005, -1, 0.917254388, 0.398301881, 6.61981886e-006, 0.398301881, -0.917254388, -1.87594117e-005, -1.39985106e-006, 1.9843839e-005, -1, 0, 0, 0, 0, 0, 0, 0, 0.232266577, -0.0747011719, -0.192159058, -0.389810824, 0.619733978, -0.681129409, -0.809326172, 0.122192383, 0.574462891, 0.439313329, 0.775144389, 0.454061308, 0, 0, 0, 0, 0, 0, 0, 0.327200586, -0.045559375, -0.164653125, 0.174143352, 0.401854948, -0.898903082, 0.0551757812, -0.915405273, -0.39855957, -0.983031824, 0.0198974838, -0.181625845, 0, 2, 5, 1, 
328.9729, 39, 0.1, 0.1, 0.0252123095, 0.370873093, -0.0349592676, 0.917254343, 0.398301984, 8.79144383e-006, 0.398301984, -0.917254343, 1.8545458e-006, 8.8026593e-006, 1.80055934e-006, -1, 0.917254358, 0.398301949, -3.03445722e-006, 0.398301949, -0.917254358, -2.48524703e-006, -3.77324785e-006, 1.07097344e-006, -1, 0, 0, 0, 0, 0, 0, 0, 0.232266577, -0.0747011719, -0.192159058, -0.389810824, 0.619733978, -0.681129409, -0.809326172, 0.122192383, 0.574462891, 0.439313329, 0.775144389, 0.454061308, 0, 0, 0, 0, 0, 0, 0, 0.327200586, -0.045559375, -0.164653125, 0.174143352, 0.401854948, -0.898903082, 0.0551757812, -0.915405273, -0.39855957, -0.983031824, 0.0198974838, -0.181625845, 0, 2, 5, 1, 
328.973628, 39, 0.1, 0.1, 0.0252123083, 0.370873091, -0.0349618031, 0.917254261, 0.398302171, -2.30016439e-005, 0.398302171, -0.917254262, -8.7003044e-006, -2.45637061e-005, -1.18121344e-006, -1, 0.917254268, 0.398302156, -1.27503848e-005, 0.398302156, -0.917254268, -1.1043079e-005, -1.60938271e-005, 5.05080557e-006, -1, 0, 0, 0, 0, 0, 0, 0, 0.232266577, -0.0747011719, -0.192159058, -0.389810824, 0.619733978, -0.681129409, -0.809326172, 0.122192383, 0.574462891, 0.439313329, 0.775144389, 0.454061308, 0, 0, 0, 0, 0, 0, 0, 0.327200586, -0.045559375, -0.164653125, 0.174143352, 0.401854948, -0.898903082, 0.0551757812, -0.915405273, -0.39855957, -0.983031824, 0.0198974838, -0.181625845, 0, 2, 5, 1, 
328.974325, 39, 0.1, 0.1, 0.0252123067, 0.370873088, -0.0349661534, 0.917254194, 0.398302326, 1.58315779e-005, 0.398302326, -0.917254194, 1.85749899e-005, 2.19200429e-005, -1.07322331e-005, -1, 0.917254219, 0.39830227, 1.02177912e-005, 0.39830227, -0.917254219, 3.92667798e-006, 1.09363168e-005, 4.68007466e-007, -1, 0, 0, 0, 0, 0, 0, 0, 0.232266577, -0.0747011719, -0.192159058, -0.389810824, 0.619733978, -0.681129409, -0.809326172, 0.122192383, 0.574462891, 0.439313329, 0.775144389, 0.454061308, 0, 0, 0, 0, 0, 0, 0, 0.327200586, -0.045559375, -0.164653125, 0.174143352, 0.401854948, -0.898903082, 0.0551757812, -0.915405273, -0.39855957, -0.983031824, 0.0198974838, -0.181625845, 0, 2, 5, 1, 
328.975017, 39, 0.1, 0.1, 0.0252123095, 0.37087309, -0.034971213, 0.917254082, 0.398302585, -9.31462928e-006, 0.398302585, -0.917254082, -1.00893007e-005, -1.25624763e-005, 5.54441136e-006, -1, 0.917254097, 0.39830255, 4.39025881e-006, 0.39830255, -0.917254097, 1.40466568e-006, 4.58646481e-006, 4.60215933e-007, -1, 0, 0, 0, 0, 0, 0, 0, 0.232266577, -0.0747011719, -0.192159058, -0.389810824, 0.619733978, -0.681129409, -0.809326172, 0.122192383, 0.574462891, 0.439313329, 0.775144389, 0.454061308, 0, 0, 0, 0, 0, 0, 0, 0.327200586, -0.045559375, -0.164653125, 0.174143352, 0.401854948, -0.898903082, 0.0551757812, -0.915405273, -0.39855957, -0.983031824, 0.0198974838, -0.181625845, 0, 2, 5, 1, 
328.975721, 39, 0.1, 0.1, 0.0252123005, 0.370873086, -0.0349755938, 0.917254068, 0.398302617, -1.94582423e-005, 0.398302617, -0.917254068, 2.43977572e-006, -1.68763828e-005, -9.98816303e-006, -1, 0.917254063, 0.398302627, -2.84400199e-005, 0.398302627, -0.917254064, -8.2623e-007, -2.64158134e-005, -1.05698718e-005, -1, 0, 0, 0, 0, 0, 0, 0, 0.232266577, -0.0747011719, -0.192159058, -0.389810824, 0.619733978, -0.681129409, -0.809326172, 0.122192383, 0.574462891, 0.439313329, 0.775144389, 0.454061308, 0, 0, 0, 0, 0, 0, 0, 0.327200586, -0.045559375, -0.164653125, 0.174143352, 0.401854948, -0.898903082, 0.0551757812, -0.915405273, -0.39855957, -0.983031824, 0.0198974838, -0.181625845, 0, 2, 5, 1, 
328.976468, 39, 0.1, 0.1, 0.0252123092, 0.370873085, -0.0349774936, 0.917254106, 0.398302527, 3.80579187e-005, 0.398302527, -0.917254107, 8.01685088e-006, 3.81019142e-005, 7.8050758e-006, -0.999999999, 0.917254103, 0.398302534, 3.78843936e-005, 0.398302534, -0.917254104, 4.4521207e-006, 3.65229065e-005, 1.1005724e-005, -0.999999999, 0, 0, 0, 0, 0, 0, 0, 0.233929468, -0.077973291, -0.191786304, -0.392033456, 0.616701818, -0.68248186, -0.809936523, 0.120361328, 0.573974609, 0.436204785, 0.77784929, 0.452545228, 0, 0, 0, 0, 0, 0, 0, 0.328592383, -0.0479458496, -0.164244971, 0.171568398, 0.401904888, -0.899350409, 0.0620117187, -0.915527344, -0.397216797, -0.983056977, 0.0124154274, -0.182041089, 0, 2, 5, 1, 
328.977164, 39, 0.1, 0.1, 0.0252123112, 0.370873088, -0.0349767062, 0.917254073, 0.398302606, -2.23625389e-005, 0.398302606, -0.917254073, 4.74608024e-006, -1.86217538e-005, -1.3260419e-005, -1, 0.917254091, 0.398302564, -6.53906411e-006, 0.398302564, -0.917254091, 1.52720997e-005, 8.49331698e-008, -1.6612922e-005, -1, 0, 0, 0, 0, 0, 0, 0, 0.233929468, -0.077973291, -0.191786304, -0.392033456, 0.616701818, -0.68248186, -0.809936523, 0.120361328, 0.573974609, 0.436204785, 0.77784929, 0.452545228, 0, 0, 0, 0, 0, 0, 0, 0.328592383, -0.0479458496, -0.164244971, 0.171568398, 0.401904888, -0.899350409, 0.0620117187, -0.915527344, -0.397216797, -0.983056977, 0.0124154274, -0.182041089, 0, 2, 5, 1, 
328.977853, 39, 0.1, 0.1, 0.0252123004, 0.370873079, -0.0349740219, 0.917253913, 0.398302974, -2.43908149e-005, 0.398302974, -0.917253913, -2.1812011e-005, -3.10603592e-005, 1.02922183e-005, -0.999999999, 0.917253947, 0.398302893, -3.07601383e-005, 0.398302893, -0.917253948, -2.74551656e-005, -3.91503302e-005, 1.29315069e-005, -0.999999999, 0, 0, 0, 0, 0, 0, 0, 0.233929468, -0.077973291, -0.191786304, -0.392033456, 0.616701818, -0.68248186, -0.809936523, 0.120361328, 0.573974609, 0.436204785, 0.77784929, 0.452545228, 0, 0, 0, 0, 0, 0, 0, 0.328592383, -0.0479458496, -0.164244971, 0.171568398, 0.401904888, -0.899350409, 0.0620117187, -0.915527344, -0.397216797, -0.983056977, 0.0124154274, -0.182041089, 0, 2, 5, 1, 
328.978576, 39, 0.1, 0.1, 0.0252123015, 0.370873082, -0.0349699285, 0.917253735, 0.398303384, 1.54286456e-005, 0.398303384, -0.917253735, 1.97524275e-005, 2.20194415e-005, -1.19727062e-005, -1, 0.917253763, 0.398303319, 1.3100507e-005, 0.398303319, -0.917253763, 2.39513014e-005, 2.15563722e-005, -1.67514459e-005, -1, 0, 0, 0, 0, 0, 0, 0, 0.233929468, -0.077973291, -0.191786304, -0.392033456, 0.616701818, -0.68248186, -0.809936523, 0.120361328, 0.573974609, 0.436204785, 0.77784929, 0.452545228, 0, 0, 0, 0, 0, 0, 0, 0.328592383, -0.0479458496, -0.164244971, 0.171568398, 0.401904888, -0.899350409, 0.0620117187, -0.915527344, -0.397216797, -0.983056977, 0.0124154274, -0.182041089, 0, 2, 5, 1, 
328.97929, 39, 0.1, 0.1, 0.0252123013, 0.370873074, -0.0349657197, 0.917253651, 0.398303577, -1.53201668e-005, 0.398303577, -0.917253651, -2.84239051e-005, -2.5373822e-005, 1.99698535e-005, -0.999999999, 0.917253657, 0.398303562, -1.02005879e-005, 0.398303562, -0.917253657, -3.15252434e-005, -2.19131434e-005, 2.48537143e-005, -0.999999999, 0, 0, 0, 0, 0, 0, 0, 0.233929468, -0.077973291, -0.191786304, -0.392033456, 0.616701818, -0.68248186, -0.809936523, 0.120361328, 0.573974609, 0.436204785, 0.77784929, 0.452545228, 0, 0, 0, 0, 0, 0, 0, 0.329827344, -0.050069043, -0.163387402, 0.169964658, 0.402389395, -0.899452854, 0.0689697266, -0.915283203, -0.396484375, -0.982980051, 0.00547001663, -0.183402026, 0, 2, 5, 1, 
328.97998, 39, 0.1, 0.1, 0.0252122998, 0.370873075, -0.0349631249, 0.917253681, 0.398303507, 8.28237723e-006, 0.398303507, -0.917253681, 1.95427012e-005, 1.53809674e-005, -1.46267147e-005, -1, 0.917253668, 0.398303539, 4.3719266e-006, 0.398303539, -0.917253668, 2.2725428e-005, 1.30617841e-005, -1.91036283e-005, -1, 0, 0, 0, 0, 0, 0, 0, 0.233929468, -0.077973291, -0.191786304, -0.392033456, 0.616701818, -0.68248186, -0.809936523, 0.120361328, 0.573974609, 0.436204785, 0.77784929, 0.452545228, 0, 0, 0, 0, 0, 0, 0, 0.329827344, -0.050069043, -0.163387402, 0.169964658, 0.402389395, -0.899452854, 0.0689697266, -0.915283203, -0.396484375, -0.982980051, 0.00547001663, -0.183402026, 0, 2, 5, 1, 
328.980688, 39, 0.1, 0.1, 0.0252123024, 0.370873068, -0.0349625648, 0.917253758, 0.398303331, 1.31916135e-005, 0.398303331, -0.917253758, -1.59971139e-005, 5.72835329e-006, 1.99276764e-005, -1, 0.917253746, 0.398303359, 7.18609367e-006, 0.398303359, -0.917253745, -2.44124169e-005, -3.13207631e-006, 2.52546261e-005, -1, 0, 0, 0, 0, 0, 0, 0, 0.233929468, -0.077973291, -0.191786304, -0.392033456, 0.616701818, -0.68248186, -0.809936523, 0.120361328, 0.573974609, 0.436204785, 0.77784929, 0.452545228, 0, 0, 0, 0, 0, 0, 0, 0.329827344, -0.050069043, -0.163387402, 0.169964658, 0.402389395, -0.899452854, 0.0689697266, -0.915283203, -0.396484375, -0.982980051, 0.00547001663, -0.183402026, 0, 2, 5, 1, 
328.981434, 39, 0.1, 0.1, 0.0252122976, 0.370873071, -0.0349636711, 0.917253732, 0.39830339, -2.21432093e-005, 0.39830339, -0.917253732, 1.67806968e-005, -1.36271329e-005, -2.42118721e-005, -1, 0.917253743, 0.398303365, -2.57443313e-005, 0.398303366, -0.917253743, 1.96590213e-005, -1.57838299e-005, -2.82863647e-005, -0.999999999, 0, 0, 0, 0, 0, 0, 0, 0.23560603, -0.0807867187, -0.191193115, -0.393926587, 0.613910793, -0.683941774, -0.811157227, 0.117553711, 0.572753906, 0.432055317, 0.780516, 0.451911312, 0, 0, 0, 0, 0, 0, 0, 0.329827344, -0.050069043, -0.163387402, 0.169964658, 0.402389395, -0.899452854, 0.0689697266, -0.915283203, -0.396484375, -0.982980051, 0.00547001663, -0.183402026, 0, 2, 5, 1, 
328.982132, 39, 0.1, 0.1, 0.0252123017, 0.370873069, -0.0349662145, 0.917253681, 0.398303508, 1.67314756e-005, 0.398303508, -0.917253681, -8.60877181e-006, 1.19181036e-005, 1.45606331e-005, -1, 0.917253689, 0.398303489, 2.27341822e-005, 0.398303489, -0.917253689, -9.09582031e-006, 1.72301155e-005, 1.73982788e-005, -1, 0, 0, 0, 0, 0, 0, 0, 0.23560603, -0.0807867187, -0.191193115, -0.393926587, 0.613910793, -0.683941774, -0.811157227, 0.117553711, 0.572753906, 0.432055317, 0.780516, 0.451911312, 0, 0, 0, 0, 0, 0, 0, 0.329827344, -0.050069043, -0.163387402, 0.169964658, 0.402389395, -0.899452854, 0.0689697266, -0.915283203, -0.396484375, -0.982980051, 0.00547001663, -0.183402026, 0, 2, 5, 1, 
328.982828, 39, 0.1, 0.1, 0.0252122942, 0.370873068, -0.034969557, 0.917253648, 0.398303583, -2.94376189e-005, 0.398303583, -0.917253648, 5.4616549e-006, -2.48263666e-005, -1.6734832e-005, -1, 0.917253654, 0.398303568, -3.31944296e-005, 0.398303569, -0.917253655, 6.87170417e-006, -2.77106876e-005, -1.95245555e-005, -0.999999999, 0, 0, 0, 0, 0, 0, 0, 0.23560603, -0.0807867187, -0.191193115, -0.393926587, 0.613910793, -0.683941774, -0.811157227, 0.117553711, 0.572753906, 0.432055317, 0.780516, 0.451911312, 0, 0, 0, 0, 0, 0, 0, 0.329827344, -0.050069043, -0.163387402, 0.169964658, 0.402389395, -0.899452854, 0.0689697266, -0.915283203, -0.396484375, -0.982980051, 0.00547001663, -0.183402026, 0, 2, 5, 1, 
328.98359, 39, 0.1, 0.1, 0.0252123006, 0.370873066, -0.0349725059, 0.917253571, 0.39830376, 3.99648889e-005, 0.39830376, -0.917253572, 4.75646137e-006, 3.85524536e-005, 1.15552844e-005, -0.999999999, 0.917253597, 0.398303701, 3.52325106e-005, 0.398303701, -0.917253597, -8.12845129e-007, 3.19933878e-005, 1.47788245e-005, -0.999999999, 0, 0, 0, 0, 0, 0, 0, 0.237239258, -0.0836266357, -0.190380713, -0.396638602, 0.610574219, -0.685458976, -0.81237793, 0.114135742, 0.571777344, 0.427417589, 0.783639892, 0.450915694, 0, 0, -0, 0, 0, 0, 0, 0.329827344, -0.050069043, -0.163387402, 0.168578201, 0.402234811, -0.899747063, 0.0767822266, -0.915405273, -0.394897461, -0.982634803, -0.00240176425, -0.18527409, 0, 2, 5, 1, 
328.984282, 39, 0.1, 0.1, 0.025212305, 0.370873069, -0.0349738424, 0.917253405, 0.398304143, -1.48520883e-005, 0.398304143, -0.917253405, 6.26850703e-006, -1.11263562e-005, -1.16654577e-005, -1, 0.917253449, 0.398304043, 1.13836285e-006, 0.398304043, -0.917253449, 1.70477937e-005, 7.8343724e-006, -1.5183733e-005, -1, 0, 0, 0, 0, 0, 0, 0, 0.237239258, -0.0836266357, -0.190380713, -0.396638602, 0.610574219, -0.685458976, -0.81237793, 0.114135742, 0.571777344, 0.427417589, 0.783639892, 0.450915694, 0, 0, -0, 0, 0, 0, 0, 0.331082324, -0.0524772461, -0.162330029, 0.168578201, 0.402234811, -0.899747063, 0.0767822266, -0.915405273, -0.394897461, -0.982634803, -0.00240176425, -0.18527409, 0, 2, 5, 1, 
328.984972, 39, 0.1, 0.1, 0.025212297, 0.37087306, -0.0349739502, 0.917253123, 0.398304793, -1.59066259e-005, 0.398304792, -0.917253123, -2.43080477e-005, -2.42724142e-005, 1.59609474e-005, -1, 0.917253181, 0.398304658, -2.23577254e-005, 0.398304657, -0.917253182, -2.94073754e-005, -3.22207893e-005, 1.80688225e-005, -0.999999999, 0, 0, 0, 0, 0, 0, 0, 0.237239258, -0.0836266357, -0.190380713, -0.396638602, 0.610574219, -0.685458976, -0.81237793, 0.114135742, 0.571777344, 0.427417589, 0.783639892, 0.450915694, 0, 0, -0, 0, 0, 0, 0, 0.331082324, -0.0524772461, -0.162330029, 0.168578201, 0.402234811, -0.899747063, 0.0767822266, -0.915405273, -0.394897461, -0.982634803, -0.00240176425, -0.18527409, 0, 2, 5, 1, 
328.985688, 39, 0.1, 0.1, 0.0252123005, 0.370873061, -0.0349727407, 0.917252833, 0.39830546, 2.08061731e-005, 0.39830546, -0.917252833, 1.50078571e-005, 2.50622326e-005, -5.47878715e-006, -1, 0.917252887, 0.398305336, 1.86796463e-005, 0.398305336, -0.917252887, 1.81365182e-005, 2.43578315e-005, -9.19557088e-006, -1, 0, 0, 0, 0, 0, 0, 0, 0.237239258, -0.0836266357, -0.190380713, -0.396638602, 0.610574219, -0.685458976, -0.81237793, 0.114135742, 0.571777344, 0.427417589, 0.783639892, 0.450915694, 0, 0, -0, 0, 0, 0, 0, 0.331082324, -0.0524772461, -0.162330029, 0.168578201, 0.402234811, -0.899747063, 0.0767822266, -0.915405273, -0.394897461, -0.982634803, -0.00240176425, -0.18527409, 0, 2, 5, 1, 
328.986391, 39, 0.1, 0.1, 0.0252123004, 0.370873059, -0.034970453, 0.917252647, 0.39830589, -1.70630095e-005, 0.39830589, -0.917252647, -1.85946661e-006, -1.63917271e-005, -5.0906965e-006, -1, 0.917252675, 0.398305825, -1.36132167e-005, 0.398305825, -0.917252675, -2.38774849e-006, -1.34378136e-005, -3.23205483e-006, -1, 0, 0, 0, 0, 0, 0, 0, 0.237239258, -0.0836266357, -0.190380713, -0.396638602, 0.610574219, -0.685458976, -0.81237793, 0.114135742, 0.571777344, 0.427417589, 0.783639892, 0.450915694, 0, 0, -0, 0, 0, 0, 0, 0.331082324, -0.0524772461, -0.162330029, 0.168578201, 0.402234811, -0.899747063, 0.0767822266, -0.915405273, -0.394897461, -0.982634803, -0.00240176425, -0.18527409, 0, 2, 5, 1, 
328.987086, 39, 0.1, 0.1, 0.025212302, 0.370873057, -0.0349681448, 0.917252485, 0.398306263, 1.37127985e-005, 0.398306263, -0.917252485, 8.58564275e-006, 1.59978138e-005, -2.41330861e-006, -1, 0.917252523, 0.398306174, 1.62157342e-005, 0.398306174, -0.917252523, 3.11032484e-007, 1.49978092e-005, 6.1735317e-006, -1, 0, 0, 0, 0, 0, 0, 0, 0.237239258, -0.0836266357, -0.190380713, -0.396638602, 0.610574219, -0.685458976, -0.81237793, 0.114135742, 0.571777344, 0.427417589, 0.783639892, 0.450915694, 0, 0, -0, 0, 0, 0, 0, 0.331082324, -0.0524772461, -0.162330029, 0.168578201, 0.402234811, -0.899747063, 0.0767822266, -0.915405273, -0.394897461, -0.982634803, -0.00240176425, -0.18527409, 0, 2, 5, 1, 
328.987779, 39, 0.1, 0.1, 0.0252122988, 0.370873052, -0.0349664518, 0.917252279, 0.398306736, -2.22513788e-005, 0.398306736, -0.917252279, -1.725609e-005, -2.72833448e-005, 6.96531381e-006, -1, 0.917252316, 0.398306651, -1.8843996e-005, 0.39830665, -0.917252316, -1.89666239e-005, -2.48392314e-005, 9.8914908e-006, -1, 0, 0, 0, 0, 0, 0, 0, 0.237239258, -0.0836266357, -0.190380713, -0.396638602, 0.610574219, -0.685458976, -0.81237793, 0.114135742, 0.571777344, 0.427417589, 0.783639892, 0.450915694, 0, 0, -0, 0, 0, 0, 0, 0.331082324, -0.0524772461, -0.162330029, 0.168578201, 0.402234811, -0.899747063, 0.0767822266, -0.915405273, -0.394897461, -0.982634803, -0.00240176425, -0.18527409, 0, 2, 5, 1, 
328.988535, 39, 0.1, 0.1, 0.0252122998, 0.37087305, -0.0349652731, 0.917252158, 0.398307015, 2.32477594e-005, 0.398307015, -0.917252158, -4.51023126e-006, 1.95276008e-005, 1.3396765e-005, -1, 0.917252171, 0.398306986, 1.9882325e-005, 0.398306986, -0.917252171, -2.55818486e-006, 1.72181629e-005, 1.02657696e-005, -1, 0, 0, 0, 0, 0, 0, 0, 0.23932666, -0.0863010498, -0.1894, -0.399072411, 0.606045075, -0.688061284, -0.814697266, 0.109863281, 0.569213867, 0.420634735, 0.787817812, 0.45009194, 0, 0, -0, 0, 0, 0, 0, 0.33241543, -0.0547256836, -0.160863281, 0.168258839, 0.401453895, -0.900130957, 0.0860595703, -0.915649414, -0.392333984, -0.981931913, -0.0113213169, -0.188628492, 0, 2, 5, 1, 
328.98923, 39, 0.1, 0.1, 0.0252122961, 0.37087305, -0.0349652454, 0.917252104, 0.398307139, -3.15008093e-005, 0.39830714, -0.917252104, 1.1412434e-005, -2.43485296e-005, -2.30150763e-005, -0.999999999, 0.917252114, 0.398307115, -2.83954562e-005, 0.398307115, -0.917252115, 1.11065392e-005, -2.16219786e-005, -2.14976088e-005, -1, 0, 0, 0, 0, 0, 0, 0, 0.23932666, -0.0863010498, -0.1894, -0.399072411, 0.606045075, -0.688061284, -0.814697266, 0.109863281, 0.569213867, 0.420634735, 0.787817812, 0.45009194, 0, 0, -0, 0, 0, 0, 0, 0.33241543, -0.0547256836, -0.160863281, 0.168258839, 0.401453895, -0.900130957, 0.0860595703, -0.915649414, -0.392333984, -0.981931913, -0.0113213169, -0.188628492, 0, 2, 5, 1, 
328.989923, 39, 0.1, 0.1, 0.0252122972, 0.370873048, -0.0349665217, 0.917252053, 0.398307256, 2.55948108e-005, 0.398307256, -0.917252053, -1.05770205e-005, 1.92639888e-005, 1.98963926e-005, -1, 0.917252063, 0.398307233, 2.13250581e-005, 0.398307234, -0.917252063, -9.47759308e-006, 1.57854597e-005, 1.71872667e-005, -1, 0, 0, 0, 0, 0, 0, 0, 0.23932666, -0.0863010498, -0.1894, -0.399072411, 0.606045075, -0.688061284, -0.814697266, 0.109863281, 0.569213867, 0.420634735, 0.787817812, 0.45009194, 0, 0, -0, 0, 0, 0, 0, 0.33241543, -0.0547256836, -0.160863281, 0.168258839, 0.401453895, -0.900130957, 0.0860595703, -0.915649414, -0.392333984, -0.981931913, -0.0113213169, -0.188628492, 0, 2, 5, 1, 
328.990653, 39, 0.1, 0.1, 0.0252122953, 0.370873047, -0.0349685544, 0.917252001, 0.398307376, -2.40708113e-005, 0.398307377, -0.917252001, 1.10435237e-005, -1.76802828e-005, -1.97172759e-005, -1, 0.917252011, 0.398307353, -2.11542107e-005, 0.398307354, -0.917252011, 1.00203344e-005, -1.54125694e-005, -1.76170496e-005, -1, 0, 0, 0, 0, 0, 0, 0, 0.23932666, -0.0863010498, -0.1894, -0.399072411, 0.606045075, -0.688061284, -0.814697266, 0.109863281, 0.569213867, 0.420634735, 0.787817812, 0.45009194, 0, 0, -0, 0, 0, 0, 0, 0.33241543, -0.0547256836, -0.160863281, 0.168258839, 0.401453895, -0.900130957, 0.0860595703, -0.915649414, -0.392333984, -0.981931913, -0.0113213169, -0.188628492, 0, 2, 5, 1, 
328.991349, 39, 0.1, 0.1, 0.0252122972, 0.370873045, -0.0349703989, 0.917251953, 0.398307486, 2.47896644e-005, 0.398307486, -0.917251953, -1.11596412e-005, 1.82933994e-005, 2.01101116e-005, -1, 0.917251962, 0.398307466, 2.14663053e-005, 0.398307466, -0.917251962, -9.58251211e-006, 1.58732245e-005, 1.73397677e-005, -1, 0, 0, 0, 0, 0, 0, 0, 0.23932666, -0.0863010498, -0.1894, -0.399072411, 0.606045075, -0.688061284, -0.814697266, 0.109863281, 0.569213867, 0.420634735, 0.787817812, 0.45009194, 0, 0, -0, 0, 0, 0, 0, 0.33241543, -0.0547256836, -0.160863281, 0.168258839, 0.401453895, -0.900130957, 0.0860595703, -0.915649414, -0.392333984, -0.981931913, -0.0113213169, -0.188628492, 0, 2, 5, 1, 
328.992046, 39, 0.1, 0.1, 0.0252122966, 0.370873044, -0.0349718893, 0.917251911, 0.398307584, -1.81859976e-005, 0.398307585, -0.917251911, 7.91088681e-006, -1.35301749e-005, -1.44998968e-005, -1, 0.917251919, 0.398307566, -1.56911984e-005, 0.398307567, -0.917251919, 6.55636774e-006, -1.17813309e-005, -1.22637639e-005, -1, 0, 0, 0, 0, 0, 0, 0, 0.23932666, -0.0863010498, -0.1894, -0.399072411, 0.606045075, -0.688061284, -0.814697266, 0.109863281, 0.569213867, 0.420634735, 0.787817812, 0.45009194, 0, 0, -0, 0, 0, 0, 0, 0.33241543, -0.0547256836, -0.160863281, 0.168258839, 0.401453895, -0.900130957, 0.0860595703, -0.915649414, -0.392333984, -0.981931913, -0.0113213169, -0.188628492, 0, 2, 5, 1, 
328.992751, 39, 0.1, 0.1, 0.0252122995, 0.370873041, -0.0349725751, 0.917251874, 0.398307668, 2.46641113e-005, 0.398307669, -0.917251874, -1.0242399e-005, 1.85435762e-005, 1.92187644e-005, -1, 0.917251881, 0.398307653, 2.22394212e-005, 0.398307653, -0.917251881, -8.60042594e-006, 1.69735354e-005, 1.67468885e-005, -1, 0, 0, 0, 0, 0, 0, 0, 0.23932666, -0.0863010498, -0.1894, -0.399072411, 0.606045075, -0.688061284, -0.814697266, 0.109863281, 0.569213867, 0.420634735, 0.787817812, 0.45009194, 0, 0, -0, 0, 0, 0, 0, 0.33241543, -0.0547256836, -0.160863281, 0.168258839, 0.401453895, -0.900130957, 0.0860595703, -0.915649414, -0.392333984, -0.981931913, -0.0113213169, -0.188628492, 0, 2, 5, 1, 
328.993497, 39, 0.1, 0.1, 0.0252122977, 0.37087304, -0.0349716884, 0.917251843, 0.398307741, -2.27840902e-005, 0.398307741, -0.917251843, 9.28961068e-006, -1.71986249e-005, -1.7595992e-005, -1, 0.917251848, 0.398307729, -2.06207829e-005, 0.398307729, -0.917251848, 7.85906482e-006, -1.5784125e-005, -1.5422159e-005, -1, 0, 0, 0, 0, 0, 0, 0, 0.241187524, -0.0887583252, -0.188196777, -0.401519326, 0.601395364, -0.690707776, -0.817382812, 0.104736328, 0.56640625, 0.412988812, 0.792014828, 0.449769552, 0, 0, -0, 0, 0, 0, 0, 0.333941992, -0.0562802246, -0.159606592, 0.167428351, 0.401592787, -0.900246529, 0.0971679687, -0.915405273, -0.390380859, -0.981037259, -0.0219853345, -0.192200177, 0, 2, 5, 1, 
328.994193, 39, 0.1, 0.1, 0.0252122997, 0.370873038, -0.0349701573, 0.91725182, 0.398307794, 2.33475911e-005, 0.398307794, -0.91725182, -9.71078468e-006, 1.75477392e-005, 1.82067624e-005, -1, 0.917251824, 0.398307785, 2.09188942e-005, 0.398307785, -0.917251824, -8.18320268e-006, 1.59284605e-005, 1.5838216e-005, -1, 0, 0, 0, 0, 0, 0, 0, 0.241187524, -0.0887583252, -0.188196777, -0.401519326, 0.601395364, -0.690707776, -0.817382812, 0.104736328, 0.56640625, 0.412988812, 0.792014828, 0.449769552, 0, 0, -0, 0, 0, 0, 0, 0.333941992, -0.0562802246, -0.159606592, 0.167428351, 0.401592787, -0.900246529, 0.0971679687, -0.915405273, -0.390380859, -0.981037259, -0.0219853345, -0.192200177, 0, 2, 5, 1, 
328.994888, 39, 0.1, 0.1, 0.0252122973, 0.370873037, -0.0349685808, 0.917251801, 0.398307836, -2.46526765e-005, 0.398307836, -0.917251802, 1.0222118e-005, -1.85411622e-005, -1.91956104e-005, -1, 0.917251805, 0.398307829, -2.21658471e-005, 0.398307829, -0.917251805, 8.61301425e-006, -1.69010322e-005, -1.67291333e-005, -1, 0, 0, 0, 0, 0, 0, 0, 0.241187524, -0.0887583252, -0.188196777, -0.401519326, 0.601395364, -0.690707776, -0.817382812, 0.104736328, 0.56640625, 0.412988812, 0.792014828, 0.449769552, 0, 0, -0, 0, 0, 0, 0, 0.333941992, -0.0562802246, -0.159606592, 0.167428351, 0.401592787, -0.900246529, 0.0971679687, -0.915405273, -0.390380859, -0.981037259, -0.0219853345, -0.192200177, 0, 2, 5, 1, 
328.995629, 39, 0.1, 0.1, 0.0252123007, 0.370873034, -0.0349670475, 0.917251787, 0.398307869, 2.9319237e-005, 0.398307869, -0.917251787, -1.21530777e-005, 2.20524561e-005, 2.28255151e-005, -0.999999999, 0.917251789, 0.398307864, 2.67002106e-005, 0.398307864, -0.917251789, -1.04007616e-005, 2.03481108e-005, 2.0175021e-005, -1, 0, 0, 0, 0, 0, 0, 0, 0.243055591, -0.0913376465, -0.187790332, -0.403965119, 0.598826378, -0.691513556, -0.818847656, 0.100097656, 0.565063477, 0.407690959, 0.794522778, 0.450144359, 0, 0, -0, 0, 0, 0, 0, 0.333941992, -0.0562802246, -0.159606592, 0.167428351, 0.401592787, -0.900246529, 0.0971679687, -0.915405273, -0.390380859, -0.981037259, -0.0219853345, -0.192200177, 0, 2, 5, 1, 
328.996335, 39, 0.1, 0.1, 0.0252122991, 0.370873033, -0.0349659643, 0.917251778, 0.398307891, -2.5337217e-005, 0.398307891, -0.917251778, 1.06052776e-005, -1.90164416e-005, -1.98197232e-005, -1, 0.917251779, 0.398307887, -2.22082055e-005, 0.398307888, -0.917251779, 8.68914313e-006, -1.69095618e-005, -1.68158354e-005, -1, 0, 0, 0, 0, 0, 0, 0, 0.243055591, -0.0913376465, -0.187790332, -0.403965119, 0.598826378, -0.691513556, -0.818847656, 0.100097656, 0.565063477, 0.407690959, 0.794522778, 0.450144359, 0, 0, -0, 0, 0, 0, 0, 0.335367236, -0.0579347168, -0.1589625, 0.165153803, 0.403195061, -0.900055132, 0.106567383, -0.914428711, -0.390136719, -0.980417125, -0.0313908601, -0.194021201, 0, 2, 5, 1, 
328.997026, 39, 0.1, 0.1, 0.0252123014, 0.370873031, -0.0349660862, 0.917251772, 0.398307903, 2.69015401e-005, 0.398307903, -0.917251772, -1.08116507e-005, 2.03691194e-005, 2.06321018e-005, -1, 0.917251773, 0.398307901, 2.40706616e-005, 0.398307902, -0.917251773, -9.06109687e-006, 1.84697506e-005, 1.78988419e-005, -1, 0, 0, 0, 0, 0, 0, 0, 0.243055591, -0.0913376465, -0.187790332, -0.403965119, 0.598826378, -0.691513556, -0.818847656, 0.100097656, 0.565063477, 0.407690959, 0.794522778, 0.450144359, 0, 0, -0, 0, 0, 0, 0, 0.335367236, -0.0579347168, -0.1589625, 0.165153803, 0.403195061, -0.900055132, 0.106567383, -0.914428711, -0.390136719, -0.980417125, -0.0313908601, -0.194021201, 0, 2, 5, 1, 
328.997774, 39, 0.1, 0.1, 0.0252122987, 0.370873031, -0.0349667888, 0.91725177, 0.398307909, -2.86494553e-005, 0.39830791, -0.91725177, 1.14183722e-005, -2.17307356e-005, -2.18848267e-005, -1, 0.91725177, 0.398307908, -2.51158451e-005, 0.398307909, -0.91725177, 1.00440912e-005, -1.90369124e-005, -1.92168002e-005, -1, 0, 0, 0, 0, 0, 0, 0, 0.243055591, -0.0913376465, -0.187790332, -0.403965119, 0.598826378, -0.691513556, -0.818847656, 0.100097656, 0.565063477, 0.407690959, 0.794522778, 0.450144359, 0, 0, -0, 0, 0, 0, 0, 0.335367236, -0.0579347168, -0.1589625, 0.165153803, 0.403195061, -0.900055132, 0.106567383, -0.914428711, -0.390136719, -0.980417125, -0.0313908601, -0.194021201, 0, 2, 5, 1, 
328.998488, 39, 0.1, 0.1, 0.0252123, 0.370873029, -0.0349678989, 0.917251766, 0.398307917, 2.45054663e-005, 0.398307918, -0.917251766, -9.23919747e-006, 1.87976368e-005, 1.82353915e-005, -1, 0.917251767, 0.398307915, 2.1122828e-005, 0.398307916, -0.917251767, -8.41738216e-006, 1.60222414e-005, 1.61342483e-005, -1, 0, 0, 0, 0, 0, 0, 0, 0.243055591, -0.0913376465, -0.187790332, -0.403965119, 0.598826378, -0.691513556, -0.818847656, 0.100097656, 0.565063477, 0.407690959, 0.794522778, 0.450144359, 0, 0, -0, 0, 0, 0, 0, 0.335367236, -0.0579347168, -0.1589625, 0.165153803, 0.403195061, -0.900055132, 0.106567383, -0.914428711, -0.390136719, -0.980417125, -0.0313908601, -0.194021201, 0, 2, 5, 1, 
