time, trialNum, realDorsalTactorPos, realVentralTactorPos, boxPosX, boxPosY, boxPosZ, boxLocalRot_11, boxLocalRot_12, boxLocalRot_13, boxLocalRot_21, boxLocalRot_22, boxLocalRot_23, boxLocalRot_31, boxLocalRot_32, boxLocalRot_33, boxGlobalRot_11, boxGlobalRot_12, boxGlobalRot_13, boxGlobalRot_21, boxGlobalRot_22, boxGlobalRot_23, boxGlobalRot_31, boxGlobalRot_32, boxGlobalRot_33, indexForceX, indexForceY, indexForceZ, indexForceGlobalX, indexForceGlobalY, indexForceGlobalZ, indexContact, indexPosX, indexPosY, indexPosZ, indexRot_11, indexRot_12, indexRot_13, indexRot_21, indexRot_22, indexRot_23, indexRot_31, indexRot_32, indexRot_33, thumbForceX, thumbForceY, thumbForceZ, thumbForceGlobalX, thumbForceGlobalY, thumbForceGlobalZ, thumbContact, thumbPosX, thumbPosY, thumbPosZ, thumbRot_11, thumbRot_12, thumbRot_13, thumbRot_21, thumbRot_22, thumbRot_23, thumbRot_31, thumbRot_32, thumbRot_33, manipForceTooHigh, cceExpType, mapping, trialSuccess, 
436.377452, 57, 0.1, 0.1, 0.0137630244, 0.35352453, -0.0349691796, 0.935950261, -0.352132233, -4.47291042e-006, 0.352132233, 0.935950261, -1.29703274e-005, 8.75369201e-006, 1.05645253e-005, 1, 0.935950364, -0.352131957, -1.00516228e-005, 0.352131957, 0.935950364, -1.21959958e-005, 1.37024198e-005, 7.87534908e-006, 1, 0, 0, 0, 0, 0, 0, 0, 0.316257764, -0.212767407, -0.178095898, -0.497921741, 0.500443717, -0.7082298, -0.864257812, -0.219360352, 0.452514648, 0.0712003563, 0.837418879, 0.542025328, 0, 0, -0, 0, 0, 0, 0, 0.372232715, -0.154617334, -0.144162598, -0.00328980481, 0.322827444, -0.946329197, 0.640991211, -0.725708008, -0.249755859, -0.767487709, -0.607400128, -0.204530966, 0, 2, 1, 1, 
436.39432, 57, 0.1, 0.1, 0.0137630095, 0.353524515, -0.0349619716, 0.935952992, -0.352124973, -3.45383521e-006, 0.352124973, 0.935952992, 2.19466886e-005, -4.49534975e-006, -2.17572505e-005, 1, 0.935952968, -0.352125038, -8.94383795e-006, 0.352125038, 0.935952967, 2.89260046e-005, -1.81455878e-006, -3.02227291e-005, 1, 0, 0, 0, 0, 0, 0, 0, 0.31374729, -0.216251294, -0.177937109, -0.499309018, 0.497608509, -0.709146408, -0.862915039, -0.213500977, 0.457763672, 0.0764873488, 0.840586954, 0.536238092, 0, 0, -0, 0, 0, 0, 0, 0.37021499, -0.157023242, -0.144435645, -0.0032260057, 0.316987407, -0.948341252, 0.640258789, -0.727783203, -0.245361328, -0.768094717, -0.607891198, -0.20056919, 0, 2, 1, 1, 
436.395012, 57, 0.1, 0.1, 0.0137630091, 0.353524523, -0.0349629295, 0.935953118, -0.352124639, 9.25928067e-006, 0.352124639, 0.935953117, -3.08621052e-005, 2.20105507e-006, 3.21459045e-005, 0.999999999, 0.935953098, -0.352124691, 1.50120574e-006, 0.35212469, 0.935953098, -3.55753535e-005, 1.11219022e-005, 3.3825474e-005, 0.999999999, 0, 0, 0, 0, 0, 0, 0, 0.31374729, -0.216251294, -0.177937109, -0.499309018, 0.497608509, -0.709146408, -0.862915039, -0.213500977, 0.457763672, 0.0764873488, 0.840586954, 0.536238092, 0, 0, -0, 0, 0, 0, 0, 0.37021499, -0.157023242, -0.144435645, -0.0032260057, 0.316987407, -0.948341252, 0.640258789, -0.727783203, -0.245361328, -0.768094717, -0.607891198, -0.20056919, 0, 2, 1, 1, 
436.395735, 57, 0.1, 0.1, 0.0137630045, 0.353524517, -0.0349656762, 0.935953123, -0.352124626, -6.92807059e-006, 0.352124626, 0.935953122, 3.49919895e-005, -5.83719192e-006, -3.51904061e-005, 0.999999999, 0.935953136, -0.352124592, 5.80798679e-006, 0.352124591, 0.935953135, 3.3191935e-005, -1.71237e-005, -2.90209607e-005, 0.999999999, 0, 0, 0, 0, 0, 0, 0, 0.31414165, -0.215812256, -0.178800293, -0.500286662, 0.497468845, -0.708587754, -0.862426758, -0.21472168, 0.458129883, 0.0757770488, 0.840485483, 0.536643977, 0, 0, -0, 0, 0, 0, 0, 0.370484863, -0.156796826, -0.144669141, -0.00265727717, 0.317147088, -0.948264693, 0.64074707, -0.727539063, -0.245117187, -0.767666713, -0.608242643, -0.201297599, 0, 2, 1, 1, 
436.396426, 57, 0.1, 0.1, 0.0137630118, 0.353524516, -0.0349692846, 0.93595298, -0.352125005, -8.92291689e-006, 0.352125005, 0.93595298, -1.9123056e-005, 1.50851369e-005, 1.47562991e-005, 1, 0.935953019, -0.352124901, -2.02820096e-005, 0.352124901, 0.935953019, -1.09062562e-005, 2.28233725e-005, 3.06594274e-006, 1, 0, 0, 0, 0, 0, 0, 0, 0.31414165, -0.215812256, -0.178800293, -0.500286662, 0.497468845, -0.708587754, -0.862426758, -0.21472168, 0.458129883, 0.0757770488, 0.840485483, 0.536643977, 0, 0, -0, 0, 0, 0, 0, 0.370484863, -0.156796826, -0.144669141, -0.00265727717, 0.317147088, -0.948264693, 0.64074707, -0.727539063, -0.245117187, -0.767666713, -0.608242643, -0.201297599, 0, 2, 1, 1, 
436.397116, 57, 0.1, 0.1, 0.0137630034, 0.353524517, -0.0349728299, 0.935952712, -0.352125717, 2.78848256e-005, 0.352125716, 0.935952712, 1.85046159e-005, -3.26148293e-005, -7.50048126e-006, 0.999999999, 0.935952772, -0.352125556, 3.26646056e-005, 0.352125556, 0.935952773, 5.72963601e-006, -3.25900794e-005, 6.13937367e-006, 0.999999999, 0, 0, 0, 0, 0, 0, 0, 0.31414165, -0.215812256, -0.178800293, -0.500286662, 0.497468845, -0.708587754, -0.862426758, -0.21472168, 0.458129883, 0.0757770488, 0.840485483, 0.536643977, 0, 0, -0, 0, 0, 0, 0, 0.370484863, -0.156796826, -0.144669141, -0.00265727717, 0.317147088, -0.948264693, 0.64074707, -0.727539063, -0.245117187, -0.767666713, -0.608242643, -0.201297599, 0, 2, 1, 1, 
436.397805, 57, 0.1, 0.1, 0.0137630043, 0.353524512, -0.034975319, 0.93595236, -0.352126653, -2.55004184e-005, 0.352126653, 0.93595236, -6.22329622e-006, 2.60585653e-005, -3.15466819e-006, 1, 0.935952438, -0.352126446, -1.76177735e-005, 0.352126447, 0.935952438, 7.31806048e-006, 1.39125155e-005, -1.30530405e-005, 1, 0, 0, 0, 0, 0, 0, 0, 0.31414165, -0.215812256, -0.178800293, -0.500286662, 0.497468845, -0.708587754, -0.862426758, -0.21472168, 0.458129883, 0.0757770488, 0.840485483, 0.536643977, 0, 0, -0, 0, 0, 0, 0, 0.370484863, -0.156796826, -0.144669141, -0.00265727717, 0.317147088, -0.948264693, 0.64074707, -0.727539063, -0.245117187, -0.767666713, -0.608242643, -0.201297599, 0, 2, 1, 1, 
436.398502, 57, 0.1, 0.1, 0.0137630104, 0.353524522, -0.0349760829, 0.935951936, -0.352127781, -4.28444321e-006, 0.352127781, 0.935951935, -2.25427885e-005, 1.1947975e-005, 1.9590295e-005, 1, 0.93595202, -0.352127556, -1.35610892e-005, 0.352127555, 0.93595202, -3.099316e-005, 2.36060745e-005, 2.42328775e-005, 0.999999999, 0, 0, 0, 0, 0, 0, 0, 0.31414165, -0.215812256, -0.178800293, -0.500286662, 0.497468845, -0.708587754, -0.862426758, -0.21472168, 0.458129883, 0.0757770488, 0.840485483, 0.536643977, 0, 0, -0, 0, 0, 0, 0, 0.370484863, -0.156796826, -0.144669141, -0.00265727717, 0.317147088, -0.948264693, 0.64074707, -0.727539063, -0.245117187, -0.767666713, -0.608242643, -0.201297599, 0, 2, 1, 1, 
436.399195, 57, 0.1, 0.1, 0.0137630062, 0.353524518, -0.0349749232, 0.935951493, -0.352128959, 1.01080815e-005, 0.352128958, 0.935951493, 1.91906416e-005, -1.62182546e-005, -1.44021614e-005, 1, 0.93595158, -0.352128726, 1.38160006e-005, 0.352128726, 0.93595158, 2.13333195e-005, -2.04431823e-005, -1.51019434e-005, 1, 0, 0, 0, 0, 0, 0, 0, 0.31414165, -0.215812256, -0.178800293, -0.500286662, 0.497468845, -0.708587754, -0.862426758, -0.21472168, 0.458129883, 0.0757770488, 0.840485483, 0.536643977, 0, 0, -0, 0, 0, 0, 0, 0.370484863, -0.156796826, -0.144669141, -0.00265727717, 0.317147088, -0.948264693, 0.64074707, -0.727539063, -0.245117187, -0.767666713, -0.608242643, -0.201297599, 0, 2, 1, 1, 
436.399886, 57, 0.1, 0.1, 0.0137630085, 0.353524519, -0.0349723803, 0.935951083, -0.352130046, -1.23307718e-005, 0.352130046, 0.935951083, -5.14654652e-006, 1.33532529e-005, 4.74880537e-007, 1, 0.93595116, -0.352129842, -1.32178575e-005, 0.352129842, 0.93595116, -1.06106661e-005, 1.61076013e-005, 5.27666312e-006, 1, 0, 0, 0, 0, 0, 0, 0, 0.31414165, -0.215812256, -0.178800293, -0.500286662, 0.497468845, -0.708587754, -0.862426758, -0.21472168, 0.458129883, 0.0757770488, 0.840485483, 0.536643977, 0, 0, -0, 0, 0, 0, 0, 0.370484863, -0.156796826, -0.144669141, -0.00265727717, 0.317147088, -0.948264693, 0.64074707, -0.727539063, -0.245117187, -0.767666713, -0.608242643, -0.201297599, 0, 2, 1, 1, 
436.400602, 57, 0.1, 0.1, 0.0137630059, 0.353524516, -0.0349689381, 0.935950761, -0.352130903, 1.33915365e-005, 0.352130903, 0.935950761, -3.3800354e-006, -1.13436039e-005, 7.87912055e-006, 1, 0.935950814, -0.352130763, 1.38555969e-005, 0.352130763, 0.935950814, 9.6279082e-006, -1.63584399e-005, -4.13226659e-006, 1, 0, 0, 0, 0, 0, 0, 0, 0.31434231, -0.216685571, -0.179442187, -0.500844194, 0.497849643, -0.708023109, -0.861938477, -0.213500977, 0.459594727, 0.0777192322, 0.840548762, 0.536307362, 0, 0, -0, 0, 0, 0, 0, 0.370694678, -0.157478027, -0.145342041, -0.00274039931, 0.316866006, -0.948424374, 0.640380859, -0.727905273, -0.244995117, -0.768043678, -0.607903957, -0.200946154, 0, 2, 1, 1, 
436.401317, 57, 0.1, 0.1, 0.0137630107, 0.35352452, -0.0349659059, 0.935950589, -0.35213136, -2.28175373e-005, 0.35213136, 0.935950589, 1.14350987e-006, 2.09534218e-005, -9.10503919e-006, 1, 0.935950615, -0.35213129, -2.53986903e-005, 0.35213129, 0.935950615, -5.89396608e-006, 2.58473697e-005, -3.42721241e-006, 1, 0, 0, 0, 0, 0, 0, 0, 0.31434231, -0.216685571, -0.179442187, -0.500844194, 0.497849643, -0.708023109, -0.861938477, -0.213500977, 0.459594727, 0.0777192322, 0.840548762, 0.536307362, 0, 0, -0, 0, 0, 0, 0, 0.370694678, -0.157478027, -0.145342041, -0.00274039931, 0.316866006, -0.948424374, 0.640380859, -0.727905273, -0.244995117, -0.768043678, -0.607903957, -0.200946154, 0, 2, 1, 1, 
436.402009, 57, 0.1, 0.1, 0.0137630065, 0.353524521, -0.0349639873, 0.935950535, -0.352131503, 2.01247184e-005, 0.352131503, 0.935950535, -1.22823002e-005, -1.45107561e-005, 1.85821728e-005, 1, 0.935950539, -0.352131491, 2.42072509e-005, 0.352131492, 0.93595054, -1.09445129e-005, -1.88028819e-005, 1.87676581e-005, 1, 0, 0, 0, 0, 0, 0, 0, 0.31434231, -0.216685571, -0.179442187, -0.500844194, 0.497849643, -0.708023109, -0.861938477, -0.213500977, 0.459594727, 0.0777192322, 0.840548762, 0.536307362, 0, 0, -0, 0, 0, 0, 0, 0.370694678, -0.157478027, -0.145342041, -0.00274039931, 0.316866006, -0.948424374, 0.640380859, -0.727905273, -0.244995117, -0.768043678, -0.607903957, -0.200946154, 0, 2, 1, 1, 
436.402701, 57, 0.1, 0.1, 0.0137630111, 0.353524522, -0.0349639268, 0.93595052, -0.352131542, -1.84571894e-005, 0.352131542, 0.935950521, -4.3862309e-006, 1.88195463e-005, -2.39406347e-006, 1, 0.935950524, -0.352131532, -2.50514643e-005, 0.352131532, 0.935950524, -4.2134767e-007, 2.35953009e-005, -8.42704993e-006, 1, 0, 0, 0, 0, 0, 0, 0, 0.31434231, -0.216685571, -0.179442187, -0.500844194, 0.497849643, -0.708023109, -0.861938477, -0.213500977, 0.459594727, 0.0777192322, 0.840548762, 0.536307362, 0, 0, -0, 0, 0, 0, 0, 0.370694678, -0.157478027, -0.145342041, -0.00274039931, 0.316866006, -0.948424374, 0.640380859, -0.727905273, -0.244995117, -0.768043678, -0.607903957, -0.200946154, 0, 2, 1, 1, 
436.403393, 57, 0.1, 0.1, 0.0137630058, 0.353524523, -0.0349655982, 0.935950451, -0.352131726, 1.5614938e-005, 0.352131726, 0.935950451, 1.34545166e-005, -1.93525704e-005, -7.09424587e-006, 1, 0.935950472, -0.35213167, 2.34790244e-005, 0.35213167, 0.935950473, 2.45680931e-006, -2.28403244e-005, 5.96825625e-006, 1, 0, 0, 0, 0, 0, 0, 0, 0.31434231, -0.216685571, -0.179442187, -0.500844194, 0.497849643, -0.708023109, -0.861938477, -0.213500977, 0.459594727, 0.0777192322, 0.840548762, 0.536307362, 0, 0, -0, 0, 0, 0, 0, 0.370694678, -0.157478027, -0.145342041, -0.00274039931, 0.316866006, -0.948424374, 0.640380859, -0.727905273, -0.244995117, -0.768043678, -0.607903957, -0.200946154, 0, 2, 1, 1, 
436.404083, 57, 0.1, 0.1, 0.0137630085, 0.353524522, -0.0349684075, 0.935950281, -0.352132178, -8.9384216e-006, 0.352132178, 0.935950281, -1.17083636e-005, 1.24888098e-005, 7.81094036e-006, 1, 0.935950321, -0.352132072, -1.40311011e-005, 0.352132072, 0.935950321, -8.16758234e-006, 1.60084813e-005, 2.7036506e-006, 1, 0, 0, 0, 0, 0, 0, 0, 0.31434231, -0.216685571, -0.179442187, -0.500844194, 0.497849643, -0.708023109, -0.861938477, -0.213500977, 0.459594727, 0.0777192322, 0.840548762, 0.536307362, 0, 0, -0, 0, 0, 0, 0, 0.370694678, -0.157478027, -0.145342041, -0.00274039931, 0.316866006, -0.948424374, 0.640380859, -0.727905273, -0.244995117, -0.768043678, -0.607903957, -0.200946154, 0, 2, 1, 1, 
436.404771, 57, 0.1, 0.1, 0.0137630049, 0.353524519, -0.0349714699, 0.935950048, -0.352132799, 1.11854176e-005, 0.352132799, 0.935950048, 1.97828733e-005, -1.74351907e-005, -1.45770288e-005, 1, 0.935950096, -0.35213267, 1.4301148e-005, 0.35213267, 0.935950096, 2.08088704e-005, -2.07126439e-005, -1.44401629e-005, 1, 0, 0, 0, 0, 0, 0, 0, 0.31434231, -0.216685571, -0.179442187, -0.500844194, 0.497849643, -0.708023109, -0.861938477, -0.213500977, 0.459594727, 0.0777192322, 0.840548762, 0.536307362, 0, 0, -0, 0, 0, 0, 0, 0.370694678, -0.157478027, -0.145342041, -0.00274039931, 0.316866006, -0.948424374, 0.640380859, -0.727905273, -0.244995117, -0.768043678, -0.607903957, -0.200946154, 0, 2, 1, 1, 
436.40549, 57, 0.1, 0.1, 0.0137630056, 0.353524524, -0.0349737923, 0.93594977, -0.352133538, -2.93547567e-006, 0.352133537, 0.93594977, -2.95259961e-005, 1.31445512e-005, 2.66011698e-005, 1, 0.935949826, -0.352133387, -5.7280248e-006, 0.352133387, 0.935949826, -2.75745055e-005, 1.50710478e-005, 2.37913248e-005, 1, 0, 0, 0, 0, 0, 0, 0, 0.315021069, -0.217782886, -0.178273145, -0.500546893, 0.493694185, -0.711121914, -0.862304687, -0.212646484, 0.459350586, 0.0756946734, 0.843184393, 0.532348855, 0, 0, -0, 0, 0, 0, 0, 0.371237842, -0.157977393, -0.144506689, -0.0016284619, 0.313242914, -0.949644586, 0.641723633, -0.727905273, -0.241210937, -0.766944867, -0.609634929, -0.199846977, 0, 2, 1, 1, 
436.406179, 57, 0.1, 0.1, 0.0137630036, 0.353524524, -0.0349745904, 0.935949466, -0.352134345, -1.68105469e-006, 0.352134345, 0.935949466, 2.12629166e-005, -5.91402097e-006, -2.04929725e-005, 1, 0.935949533, -0.352134167, 5.42349665e-006, 0.352134167, 0.935949533, 1.30349363e-005, -9.6661656e-006, -1.02902441e-005, 1, 0, 0, 0, 0, 0, 0, 0, 0.315021069, -0.217782886, -0.178273145, -0.500546893, 0.493694185, -0.711121914, -0.862304687, -0.212646484, 0.459350586, 0.0756946734, 0.843184393, 0.532348855, 0, 0, -0, 0, 0, 0, 0, 0.371237842, -0.157977393, -0.144506689, -0.0016284619, 0.313242914, -0.949644586, 0.641723633, -0.727905273, -0.241210937, -0.766944867, -0.609634929, -0.199846977, 0, 2, 1, 1, 
436.406873, 57, 0.1, 0.1, 0.0137630058, 0.353524519, -0.0349739762, 0.935949124, -0.352135254, 3.18422673e-006, 0.352135254, 0.935949124, -2.42626671e-006, -2.12590017e-006, 3.39214069e-006, 1, 0.935949186, -0.352135089, -2.52722841e-006, 0.352135089, 0.935949186, 1.04389079e-005, -1.31054839e-006, -1.06602131e-005, 1, 0, 0, 0, 0, 0, 0, 0, 0.315021069, -0.217782886, -0.178273145, -0.500546893, 0.493694185, -0.711121914, -0.862304687, -0.212646484, 0.459350586, 0.0756946734, 0.843184393, 0.532348855, 0, 0, -0, 0, 0, 0, 0, 0.371237842, -0.157977393, -0.144506689, -0.0016284619, 0.313242914, -0.949644586, 0.641723633, -0.727905273, -0.241210937, -0.766944867, -0.609634929, -0.199846977, 0, 2, 1, 1, 
436.40756, 57, 0.1, 0.1, 0.0137630039, 0.353524522, -0.0349722501, 0.935948842, -0.352136004, -6.42083846e-008, 0.352136004, 0.935948842, 3.63310514e-006, -1.21925136e-006, -3.42301063e-006, 1, 0.935948899, -0.352135853, 7.81409061e-006, 0.352135853, 0.935948899, -5.22874888e-006, -5.47235955e-006, 7.64546322e-006, 1, 0, 0, 0, 0, 0, 0, 0, 0.315021069, -0.217782886, -0.178273145, -0.500546893, 0.493694185, -0.711121914, -0.862304687, -0.212646484, 0.459350586, 0.0756946734, 0.843184393, 0.532348855, 0, 0, -0, 0, 0, 0, 0, 0.371237842, -0.157977393, -0.144506689, -0.0016284619, 0.313242914, -0.949644586, 0.641723633, -0.727905273, -0.241210937, -0.766944867, -0.609634929, -0.199846977, 0, 2, 1, 1, 
436.408278, 57, 0.1, 0.1, 0.0137630055, 0.353524522, -0.0349696122, 0.935948522, -0.352136854, 1.2067787e-005, 0.352136854, 0.935948522, -5.00696654e-006, -9.53168999e-006, 8.93577549e-006, 1, 0.935948586, -0.352136686, -6.3209403e-007, 0.352136686, 0.935948585, -5.69882119e-006, 2.59837152e-006, 5.11122013e-006, 1, 0, 0, 0, 0, 0, 0, 0, 0.315824438, -0.217525, -0.177463428, -0.501989954, 0.489931507, -0.712677307, -0.861938477, -0.216430664, 0.458374023, 0.0704851868, 0.844398302, 0.531112102, 0, 0, -0, 0, 0, 0, 0, 0.371925391, -0.157938232, -0.144078271, -0.00231166225, 0.311683283, -0.95005983, 0.645141602, -0.725463867, -0.239624023, -0.763948107, -0.613481135, -0.19939965, 0, 2, 1, 1, 
436.408968, 57, 0.1, 0.1, 0.0137630039, 0.353524519, -0.034967212, 0.935948185, -0.35213775, -1.18248248e-005, 0.35213775, 0.935948185, 1.35820045e-005, 6.28468683e-006, -1.68760197e-005, 1, 0.935948254, -0.352137566, -7.26045427e-006, 0.352137566, 0.935948254, 1.58735052e-005, 1.20575199e-006, -1.74134582e-005, 1, 0, 0, 0, 0, 0, 0, 0, 0.315824438, -0.217525, -0.177463428, -0.501989954, 0.489931507, -0.712677307, -0.861938477, -0.216430664, 0.458374023, 0.0704851868, 0.844398302, 0.531112102, 0, 0, -0, 0, 0, 0, 0, 0.371925391, -0.157938232, -0.144078271, -0.00231166225, 0.311683283, -0.95005983, 0.645141602, -0.725463867, -0.239624023, -0.763948107, -0.613481135, -0.19939965, 0, 2, 1, 1, 
436.409658, 57, 0.1, 0.1, 0.013763004, 0.35352452, -0.0349657762, 0.935947853, -0.352138634, -2.17162317e-006, 0.352138634, 0.935947853, -2.42350158e-006, 2.88593458e-006, 1.50355868e-006, 1, 0.935947912, -0.352138476, -6.84585502e-007, 0.352138476, 0.935947912, -8.67514002e-006, 3.69558696e-006, 7.87841029e-006, 1, 0, 0, 0, 0, 0, 0, 0, 0.315824438, -0.217525, -0.177463428, -0.501989954, 0.489931507, -0.712677307, -0.861938477, -0.216430664, 0.458374023, 0.0704851868, 0.844398302, 0.531112102, 0, 0, -0, 0, 0, 0, 0, 0.371925391, -0.157938232, -0.144078271, -0.00231166225, 0.311683283, -0.95005983, 0.645141602, -0.725463867, -0.239624023, -0.763948107, -0.613481135, -0.19939965, 0, 2, 1, 1, 
436.410352, 57, 0.1, 0.1, 0.0137630046, 0.353524517, -0.0349656242, 0.93594757, -0.352139384, -2.52670202e-006, 0.352139384, 0.93594757, -6.59610148e-006, 4.68760773e-006, 5.28385386e-006, 1, 0.935947624, -0.352139242, -2.35048422e-006, 0.352139242, 0.935947624, 7.5529215e-006, -4.59749931e-007, -7.89683667e-006, 1, 0, 0, 0, 0, 0, 0, 0, 0.315824438, -0.217525, -0.177463428, -0.501989954, 0.489931507, -0.712677307, -0.861938477, -0.216430664, 0.458374023, 0.0704851868, 0.844398302, 0.531112102, 0, 0, -0, 0, 0, 0, 0, 0.371925391, -0.157938232, -0.144078271, -0.00231166225, 0.311683283, -0.95005983, 0.645141602, -0.725463867, -0.239624023, -0.763948107, -0.613481135, -0.19939965, 0, 2, 1, 1, 
436.411038, 57, 0.1, 0.1, 0.013763004, 0.353524517, -0.0349667161, 0.935947295, -0.352140116, -4.67094855e-006, 0.352140116, 0.935947295, 1.00337058e-005, 8.38491343e-007, -1.10358481e-005, 1, 0.935947347, -0.352139977, -3.41471574e-006, 0.352139977, 0.935947347, 4.85245043e-006, 1.48725236e-006, -5.74409603e-006, 1, 0, 0, 0, 0, 0, 0, 0, 0.315824438, -0.217525, -0.177463428, -0.501989954, 0.489931507, -0.712677307, -0.861938477, -0.216430664, 0.458374023, 0.0704851868, 0.844398302, 0.531112102, 0, 0, -0, 0, 0, 0, 0, 0.371925391, -0.157938232, -0.144078271, -0.00231166225, 0.311683283, -0.95005983, 0.645141602, -0.725463867, -0.239624023, -0.763948107, -0.613481135, -0.19939965, 0, 2, 1, 1, 
436.411732, 57, 0.1, 0.1, 0.013763004, 0.353524519, -0.0349686728, 0.935947083, -0.352140679, -9.05709673e-006, 0.352140679, 0.935947083, -1.80235572e-005, 1.48237909e-005, 1.36797236e-005, 1, 0.935947117, -0.35214059, -4.49391838e-006, 0.352140589, 0.935947117, -1.65959069e-005, 1.00501624e-005, 1.39504001e-005, 1, 0, 0, 0, 0, 0, 0, 0, 0.315824438, -0.217525, -0.177463428, -0.501989954, 0.489931507, -0.712677307, -0.861938477, -0.216430664, 0.458374023, 0.0704851868, 0.844398302, 0.531112102, 0, 0, -0, 0, 0, 0, 0, 0.371925391, -0.157938232, -0.144078271, -0.00231166225, 0.311683283, -0.95005983, 0.645141602, -0.725463867, -0.239624023, -0.763948107, -0.613481135, -0.19939965, 0, 2, 1, 1, 
436.412423, 57, 0.1, 0.1, 0.0137630035, 0.353524518, -0.0349708291, 0.935946962, -0.352141, 1.03327606e-005, 0.352141, 0.935946962, 5.47361853e-006, -1.15984014e-005, -1.48442797e-006, 1, 0.935946979, -0.352140954, 7.8605865e-006, 0.352140954, 0.935946979, 1.04146605e-005, -1.10245207e-005, -6.97953561e-006, 1, 0, 0, 0, 0, 0, 0, 0, 0.315824438, -0.217525, -0.177463428, -0.501989954, 0.489931507, -0.712677307, -0.861938477, -0.216430664, 0.458374023, 0.0704851868, 0.844398302, 0.531112102, 0, 0, -0, 0, 0, 0, 0, 0.371925391, -0.157938232, -0.144078271, -0.00231166225, 0.311683283, -0.95005983, 0.645141602, -0.725463867, -0.239624023, -0.763948107, -0.613481135, -0.19939965, 0, 2, 1, 1, 
436.41314, 57, 0.1, 0.1, 0.013763003, 0.353524521, -0.0349724598, 0.93594692, -0.352141113, -1.78261457e-006, 0.352141113, 0.93594692, 3.84821886e-006, 3.13316542e-007, -4.22946046e-006, 1, 0.935946924, -0.352141103, -3.48287635e-006, 0.352141103, 0.935946924, -8.95219954e-006, 6.41222483e-006, 7.1523197e-006, 1, 0, 0, 0, 0, 0, 0, 0, 0.316232593, -0.218125537, -0.176216626, -0.502568826, 0.486828955, -0.714366373, -0.861816406, -0.217529297, 0.458007813, 0.0676106646, 0.845878434, 0.529031377, 0, 0, -0, 0, 0, 0, 0, 0.371925391, -0.157938232, -0.144078271, -0.00297590615, 0.30960633, -0.950807196, 0.647094727, -0.724243164, -0.237915039, -0.762299523, -0.6159088, -0.198128031, 0, 2, 1, 1, 
436.413837, 57, 0.1, 0.1, 0.0137630001, 0.353524519, -0.0349729195, 0.935946946, -0.352141044, 1.23277718e-006, 0.352141044, 0.935946946, -7.33669664e-006, 1.42973798e-006, 7.30087025e-006, 1, 0.935946935, -0.352141071, 9.42546558e-006, 0.352141071, 0.935946935, -1.68719199e-007, -8.76232266e-006, 3.47700576e-006, 1, 0, 0, 0, 0, 0, 0, 0, 0.316232593, -0.218125537, -0.176216626, -0.502568826, 0.486828955, -0.714366373, -0.861816406, -0.217529297, 0.458007813, 0.0676106646, 0.845878434, 0.529031377, 0, 0, -0, 0, 0, 0, 0, 0.372362598, -0.158126709, -0.143654492, -0.00297590615, 0.30960633, -0.950807196, 0.647094727, -0.724243164, -0.237915039, -0.762299523, -0.6159088, -0.198128031, 0, 2, 1, 1, 
436.414529, 57, 0.1, 0.1, 0.0137630004, 0.353524517, -0.0349724431, 0.935947029, -0.352140824, 6.00876632e-006, 0.352140824, 0.935947028, 1.74888328e-005, -1.1782419e-005, -1.42526892e-005, 1, 0.935947008, -0.352140879, 1.94234883e-006, 0.352140879, 0.935947008, 1.64431793e-005, -7.60825121e-006, -1.47059641e-005, 1, 0, 0, 0, 0, 0, 0, 0, 0.316232593, -0.218125537, -0.176216626, -0.502568826, 0.486828955, -0.714366373, -0.861816406, -0.217529297, 0.458007813, 0.0676106646, 0.845878434, 0.529031377, 0, 0, -0, 0, 0, 0, 0, 0.372362598, -0.158126709, -0.143654492, -0.00297590615, 0.30960633, -0.950807196, 0.647094727, -0.724243164, -0.237915039, -0.762299523, -0.6159088, -0.198128031, 0, 2, 1, 1, 
436.41522, 57, 0.1, 0.1, 0.0137630007, 0.353524518, -0.0349712334, 0.935947161, -0.352140472, -9.5935088e-006, 0.352140472, 0.935947161, -4.4265745e-006, 1.05377934e-005, 7.64777114e-007, 1, 0.935947131, -0.352140551, -7.92839536e-006, 0.352140551, 0.935947131, -9.4946063e-006, 1.07639948e-005, 6.09454001e-006, 1, 0, 0, 0, 0, 0, 0, 0, 0.316232593, -0.218125537, -0.176216626, -0.502568826, 0.486828955, -0.714366373, -0.861816406, -0.217529297, 0.458007813, 0.0676106646, 0.845878434, 0.529031377, 0, 0, -0, 0, 0, 0, 0, 0.372362598, -0.158126709, -0.143654492, -0.00297590615, 0.30960633, -0.950807196, 0.647094727, -0.724243164, -0.237915039, -0.762299523, -0.6159088, -0.198128031, 0, 2, 1, 1, 
436.41591, 57, 0.1, 0.1, 0.0137629998, 0.353524515, -0.0349697098, 0.935947339, -0.352139999, 5.09119191e-006, 0.352139999, 0.935947339, -3.96562836e-006, -3.36863115e-006, 5.50443162e-006, 1, 0.935947301, -0.352140101, 6.74363898e-006, 0.3521401, 0.935947301, 9.0826423e-006, -9.51005327e-006, -6.12616884e-006, 1, 0, 0, 0, 0, 0, 0, 0, 0.316232593, -0.218125537, -0.176216626, -0.502568826, 0.486828955, -0.714366373, -0.861816406, -0.217529297, 0.458007813, 0.0676106646, 0.845878434, 0.529031377, 0, 0, -0, 0, 0, 0, 0, 0.372362598, -0.158126709, -0.143654492, -0.00297590615, 0.30960633, -0.950807196, 0.647094727, -0.724243164, -0.237915039, -0.762299523, -0.6159088, -0.198128031, 0, 2, 1, 1, 
436.416615, 57, 0.1, 0.1, 0.0137630016, 0.353524516, -0.0349682122, 0.93594757, -0.352139384, 1.72028068e-006, 0.352139384, 0.93594757, 1.17791893e-005, -5.758009e-006, -1.04189251e-005, 1, 0.93594752, -0.352139517, -7.74429688e-006, 0.352139517, 0.93594752, 3.1266095e-006, 6.1472527e-006, -5.65341537e-006, 1, 0, 0, 0, 0, 0, 0, 0, 0.316232593, -0.218125537, -0.176216626, -0.502568826, 0.486828955, -0.714366373, -0.861816406, -0.217529297, 0.458007813, 0.0676106646, 0.845878434, 0.529031377, 0, 0, -0, 0, 0, 0, 0, 0.372362598, -0.158126709, -0.143654492, -0.00297590615, 0.30960633, -0.950807196, 0.647094727, -0.724243164, -0.237915039, -0.762299523, -0.6159088, -0.198128031, 0, 2, 1, 1, 
436.417303, 57, 0.1, 0.1, 0.0137630001, 0.353524518, -0.0349672602, 0.935947838, -0.352138672, -6.25572984e-006, 0.352138672, 0.935947838, -1.79024252e-005, 1.2159173e-005, 1.45528518e-005, 1, 0.935947781, -0.352138823, -9.32368891e-007, 0.352138823, 0.935947781, -1.64799322e-005, 6.67587252e-006, 1.50960327e-005, 1, 0, 0, 0, 0, 0, 0, 0, 0.316232593, -0.218125537, -0.176216626, -0.502568826, 0.486828955, -0.714366373, -0.861816406, -0.217529297, 0.458007813, 0.0676106646, 0.845878434, 0.529031377, 0, 0, -0, 0, 0, 0, 0, 0.372362598, -0.158126709, -0.143654492, -0.00297590615, 0.30960633, -0.950807196, 0.647094727, -0.724243164, -0.237915039, -0.762299523, -0.6159088, -0.198128031, 0, 2, 1, 1, 
436.418005, 57, 0.1, 0.1, 0.0137629994, 0.353524516, -0.0349670655, 0.935948151, -0.35213784, 1.03986582e-005, 0.35213784, 0.935948151, 7.55152092e-006, -1.23917811e-005, -3.40607102e-006, 1, 0.935948088, -0.352138008, 8.76847985e-006, 0.352138008, 0.935948088, 1.33765795e-005, -1.2917244e-005, -9.43206902e-006, 1, 0, 0, 0, 0, 0, 0, 0, 0.315661353, -0.217906323, -0.176574365, -0.505018366, 0.486771667, -0.712665325, -0.860351562, -0.219238281, 0.459960938, 0.0677514498, 0.845516732, 0.529627101, 0, 0, -0, 0, 0, 0, 0, 0.372362598, -0.158126709, -0.143654492, -0.00297590615, 0.30960633, -0.950807196, 0.647094727, -0.724243164, -0.237915039, -0.762299523, -0.6159088, -0.198128031, 0, 2, 1, 1, 
436.418711, 57, 0.1, 0.1, 0.0137630003, 0.35352452, -0.0349674272, 0.9359485, -0.352136913, -7.91565944e-006, 0.352136913, 0.9359485, 3.43894299e-006, 6.19767081e-006, -6.00606941e-006, 1, 0.93594843, -0.3521371, -9.35197478e-006, 0.3521371, 0.93594843, -1.04562587e-005, 1.24350027e-005, 6.49334162e-006, 1, 0, 0, 0, 0, 0, 0, 0, 0.315661353, -0.217906323, -0.176574365, -0.505018366, 0.486771667, -0.712665325, -0.860351562, -0.219238281, 0.459960938, 0.0677514498, 0.845516732, 0.529627101, 0, 0, -0, 0, 0, 0, 0, 0.372045117, -0.158197021, -0.143862354, -0.00465620551, 0.309031038, -0.950922035, 0.648071289, -0.723144531, -0.23815918, -0.761494188, -0.617442178, -0.197035417, 0, 2, 1, 1, 
436.4194, 57, 0.1, 0.1, 0.0137629989, 0.353524518, -0.0349684948, 0.935948874, -0.352135919, -2.73696575e-006, 0.352135918, 0.935948874, -1.08396881e-005, 6.37870353e-006, 9.1816099e-006, 1, 0.935948796, -0.352136127, 6.1197543e-006, 0.352136127, 0.935948796, -2.14824172e-006, -4.97130315e-006, 4.16563082e-006, 1, 0, 0, 0, 0, 0, 0, 0, 0.315661353, -0.217906323, -0.176574365, -0.505018366, 0.486771667, -0.712665325, -0.860351562, -0.219238281, 0.459960938, 0.0677514498, 0.845516732, 0.529627101, 0, 0, -0, 0, 0, 0, 0, 0.372045117, -0.158197021, -0.143862354, -0.00465620551, 0.309031038, -0.950922035, 0.648071289, -0.723144531, -0.23815918, -0.761494188, -0.617442178, -0.197035417, 0, 2, 1, 1, 
436.420092, 57, 0.1, 0.1, 0.013763, 0.353524517, -0.0349698811, 0.935949271, -0.352134864, 5.66282088e-006, 0.352134863, 0.935949271, 1.64794285e-005, -1.11030944e-005, -1.34298324e-005, 1, 0.93594919, -0.352135079, 4.18567206e-007, 0.352135079, 0.93594919, 1.50807042e-005, -5.7022026e-006, -1.39673807e-005, 1, 0, 0, 0, 0, 0, 0, 0, 0.315661353, -0.217906323, -0.176574365, -0.505018366, 0.486771667, -0.712665325, -0.860351562, -0.219238281, 0.459960938, 0.0677514498, 0.845516732, 0.529627101, 0, 0, -0, 0, 0, 0, 0, 0.372045117, -0.158197021, -0.143862354, -0.00465620551, 0.309031038, -0.950922035, 0.648071289, -0.723144531, -0.23815918, -0.761494188, -0.617442178, -0.197035417, 0, 2, 1, 1, 
436.420813, 57, 0.1, 0.1, 0.0137630001, 0.353524518, -0.0349710263, 0.935949705, -0.352133711, -8.17716457e-006, 0.35213371, 0.935949705, -6.91452633e-006, 1.00882526e-005, 3.59219357e-006, 1, 0.935949613, -0.352133954, -6.80812923e-006, 0.352133954, 0.935949613, -1.24563775e-005, 1.07583794e-005, 9.26116825e-006, 1, 0, 0, 0, 0, 0, 0, 0, 0.314929492, -0.218758643, -0.176948218, -0.506476036, 0.487552359, -0.711193428, -0.85925293, -0.216674805, 0.463256836, 0.071813672, 0.845763858, 0.528776016, 0, 0, -0, 0, 0, 0, 0, 0.372045117, -0.158197021, -0.143862354, -0.0058767847, 0.307836345, -0.951394515, 0.646606445, -0.724487305, -0.23840332, -0.762727161, -0.616585804, -0.194875708, 0, 2, 1, 1, 
436.421503, 57, 0.1, 0.1, 0.0137629985, 0.353524516, -0.034971516, 0.935950131, -0.352132579, 7.54511265e-006, 0.352132579, 0.935950131, -4.30015649e-006, -5.54762398e-006, 6.681612e-006, 1, 0.935950046, -0.352132805, 9.00586731e-006, 0.352132805, 0.935950046, 7.53713543e-006, -1.10831146e-005, -3.88312093e-006, 1, 0, 0, 0, 0, 0, 0, 0, 0.314929492, -0.218758643, -0.176948218, -0.506476036, 0.487552359, -0.711193428, -0.85925293, -0.216674805, 0.463256836, 0.071813672, 0.845763858, 0.528776016, 0, 0, -0, 0, 0, 0, 0, 0.371491943, -0.158927783, -0.144071436, -0.0058767847, 0.307836345, -0.951394515, 0.646606445, -0.724487305, -0.23840332, -0.762727161, -0.616585804, -0.194875708, 0, 2, 1, 1, 
436.42219, 57, 0.1, 0.1, 0.0137629993, 0.353524517, -0.0349715033, 0.935950568, -0.352131415, 2.59001141e-006, 0.352131415, 0.935950568, 1.06053366e-005, -6.15859483e-006, -9.01404642e-006, 1, 0.935950479, -0.352131652, -5.2139338e-006, 0.352131652, 0.935950479, 2.62954647e-006, 3.9540373e-006, -4.2971164e-006, 1, 0, 0, 0, 0, 0, 0, 0, 0.314929492, -0.218758643, -0.176948218, -0.506476036, 0.487552359, -0.711193428, -0.85925293, -0.216674805, 0.463256836, 0.071813672, 0.845763858, 0.528776016, 0, 0, -0, 0, 0, 0, 0, 0.371491943, -0.158927783, -0.144071436, -0.0058767847, 0.307836345, -0.951394515, 0.646606445, -0.724487305, -0.23840332, -0.762727161, -0.616585804, -0.194875708, 0, 2, 1, 1, 
436.422882, 57, 0.1, 0.1, 0.013762998, 0.353524518, -0.0349710125, 0.935951016, -0.352130225, -6.45448993e-006, 0.352130225, 0.935951016, -1.41819563e-005, 1.10349819e-005, 1.10007954e-005, 1, 0.935950926, -0.352130464, -1.33850911e-006, 0.352130464, 0.935950926, -1.31687646e-005, 5.88990204e-006, 1.18539876e-005, 1, 0, 0, 0, 0, 0, 0, 0, 0.314929492, -0.218758643, -0.176948218, -0.506476036, 0.487552359, -0.711193428, -0.85925293, -0.216674805, 0.463256836, 0.071813672, 0.845763858, 0.528776016, 0, 0, -0, 0, 0, 0, 0, 0.371491943, -0.158927783, -0.144071436, -0.0058767847, 0.307836345, -0.951394515, 0.646606445, -0.724487305, -0.23840332, -0.762727161, -0.616585804, -0.194875708, 0, 2, 1, 1, 
436.423569, 57, 0.1, 0.1, 0.0137629977, 0.353524517, -0.0349702534, 0.935951469, -0.352129021, 7.80536349e-006, 0.352129021, 0.935951469, 7.41926347e-006, -9.91797941e-006, -4.19557554e-006, 1, 0.935951378, -0.352129263, 6.37588797e-006, 0.352129263, 0.935951378, 1.29782713e-005, -1.05375502e-005, -9.90189416e-006, 1, 0, 0, 0, 0, 0, 0, 0, 0.314929492, -0.218758643, -0.176948218, -0.506476036, 0.487552359, -0.711193428, -0.85925293, -0.216674805, 0.463256836, 0.071813672, 0.845763858, 0.528776016, 0, 0, -0, 0, 0, 0, 0, 0.371491943, -0.158927783, -0.144071436, -0.0058767847, 0.307836345, -0.951394515, 0.646606445, -0.724487305, -0.23840332, -0.762727161, -0.616585804, -0.194875708, 0, 2, 1, 1, 
436.424259, 57, 0.1, 0.1, 0.013762999, 0.353524519, -0.034969447, 0.93595193, -0.352127796, -7.75397322e-006, 0.352127796, 0.93595193, 3.92643228e-006, 5.87474026e-006, -6.40534137e-006, 1, 0.935951839, -0.352128037, -9.54787925e-006, 0.352128037, 0.935951839, -8.47463865e-006, 1.1920513e-005, 4.56977766e-006, 1, 0, 0, 0, 0, 0, 0, 0, 0.314929492, -0.218758643, -0.176948218, -0.506476036, 0.487552359, -0.711193428, -0.85925293, -0.216674805, 0.463256836, 0.071813672, 0.845763858, 0.528776016, 0, 0, -0, 0, 0, 0, 0, 0.371491943, -0.158927783, -0.144071436, -0.0058767847, 0.307836345, -0.951394515, 0.646606445, -0.724487305, -0.23840332, -0.762727161, -0.616585804, -0.194875708, 0, 2, 1, 1, 
436.424945, 57, 0.1, 0.1, 0.0137629974, 0.353524518, -0.0349688373, 0.935952405, -0.352126533, -1.47636192e-006, 0.352126533, 0.935952405, -1.2939889e-005, 5.93828274e-006, 1.1591254e-005, 1, 0.93595231, -0.352126785, 6.80779404e-006, 0.352126785, 0.93595231, -4.3057874e-006, -4.85558748e-006, 6.4272183e-006, 1, 0, 0, 0, 0, 0, 0, 0, 0.314929492, -0.218758643, -0.176948218, -0.506476036, 0.487552359, -0.711193428, -0.85925293, -0.216674805, 0.463256836, 0.071813672, 0.845763858, 0.528776016, 0, 0, -0, 0, 0, 0, 0, 0.371491943, -0.158927783, -0.144071436, -0.0058767847, 0.307836345, -0.951394515, 0.646606445, -0.724487305, -0.23840332, -0.762727161, -0.616585804, -0.194875708, 0, 2, 1, 1, 
436.425651, 57, 0.1, 0.1, 0.0137629977, 0.353524517, -0.0349685447, 0.935952901, -0.352125214, 9.31562436e-006, 0.352125214, 0.935952901, 1.44974696e-005, -1.38239102e-005, -1.02886825e-005, 1, 0.935952795, -0.352125498, 3.26749944e-006, 0.352125498, 0.935952795, 1.32036852e-005, -7.70757945e-006, -1.12074562e-005, 1, 0, 0, 0, 0, 0, 0, 0, 0.314929492, -0.218758643, -0.176948218, -0.507102839, 0.488193388, -0.710286177, -0.858642578, -0.214599609, 0.465454102, 0.0748791543, 0.845909513, 0.528261546, 0, 0, -0, 0, 0, 0, 0, 0.371491943, -0.158927783, -0.144071436, -0.0058767847, 0.307836345, -0.951394515, 0.646606445, -0.724487305, -0.23840332, -0.762727161, -0.616585804, -0.194875708, 0, 2, 1, 1, 
436.426357, 57, 0.1, 0.1, 0.0137629969, 0.35352452, -0.0349683664, 0.935953407, -0.352123871, -7.03421903e-006, 0.352123871, 0.935953407, -9.61357816e-006, 9.96887162e-006, 6.5209448e-006, 1, 0.935953308, -0.352124135, -5.01090645e-006, 0.352124134, 0.935953307, -1.57883103e-005, 1.02494196e-005, 1.30126601e-005, 1, 0, 0, 0, 0, 0, 0, 0, 0.314460303, -0.219171924, -0.177349902, -0.507102839, 0.488193388, -0.710286177, -0.858642578, -0.214599609, 0.465454102, 0.0748791543, 0.845909513, 0.528261546, 0, 0, -0, 0, 0, 0, 0, 0.371035205, -0.159188867, -0.14384624, -0.00580022576, 0.307018617, -0.951592475, 0.645751953, -0.725341797, -0.238037109, -0.76345557, -0.615812551, -0.194160058, 0, 2, 1, 1, 
436.427046, 57, 0.1, 0.1, 0.0137629952, 0.353524517, -0.0349686149, 0.935953909, -0.352122535, 7.22092148e-006, 0.352122535, 0.935953909, -3.83286442e-006, -5.40881175e-006, 6.13003361e-006, 1, 0.93595381, -0.3521228, 9.38154761e-006, 0.3521228, 0.93595381, 8.69208691e-006, -1.18413772e-005, -4.83193505e-006, 1, 0, 0, 0, 0, 0, 0, 0, 0.314460303, -0.219171924, -0.177349902, -0.507102839, 0.488193388, -0.710286177, -0.858642578, -0.214599609, 0.465454102, 0.0748791543, 0.845909513, 0.528261546, 0, 0, -0, 0, 0, 0, 0, 0.371035205, -0.159188867, -0.14384624, -0.00580022576, 0.307018617, -0.951592475, 0.645751953, -0.725341797, -0.238037109, -0.76345557, -0.615812551, -0.194160058, 0, 2, 1, 1, 
436.427737, 57, 0.1, 0.1, 0.0137629969, 0.353524518, -0.0349691939, 0.935954422, -0.352121172, 1.9309255e-007, 0.352121172, 0.935954422, 1.36887049e-005, -5.00080864e-006, -1.27440119e-005, 1, 0.935954319, -0.352121446, -8.11904935e-006, 0.352121446, 0.935954319, 4.95175687e-006, 5.85543952e-006, -7.49350963e-006, 1, 0, 0, 0, 0, 0, 0, 0, 0.314460303, -0.219171924, -0.177349902, -0.507102839, 0.488193388, -0.710286177, -0.858642578, -0.214599609, 0.465454102, 0.0748791543, 0.845909513, 0.528261546, 0, 0, -0, 0, 0, 0, 0, 0.371035205, -0.159188867, -0.14384624, -0.00580022576, 0.307018617, -0.951592475, 0.645751953, -0.725341797, -0.238037109, -0.76345557, -0.615812551, -0.194160058, 0, 2, 1, 1, 
436.428434, 57, 0.1, 0.1, 0.0137629962, 0.353524519, -0.0349699176, 0.935954944, -0.352119785, -8.01524643e-006, 0.352119785, 0.935954944, -1.30948589e-005, 1.21128684e-005, 9.43387105e-006, 1, 0.935954839, -0.352120063, -3.02046843e-006, 0.352120063, 0.935954839, -1.17341428e-005, 6.95884915e-006, 9.91906021e-006, 1, 0, 0, 0, 0, 0, 0, 0, 0.314460303, -0.219171924, -0.177349902, -0.507102839, 0.488193388, -0.710286177, -0.858642578, -0.214599609, 0.465454102, 0.0748791543, 0.845909513, 0.528261546, 0, 0, -0, 0, 0, 0, 0, 0.371035205, -0.159188867, -0.14384624, -0.00580022576, 0.307018617, -0.951592475, 0.645751953, -0.725341797, -0.238037109, -0.76345557, -0.615812551, -0.194160058, 0, 2, 1, 1, 
436.429123, 57, 0.1, 0.1, 0.0137629962, 0.353524517, -0.0349705207, 0.935955461, -0.35211841, 8.03639131e-006, 0.35211841, 0.935955461, 8.1912069e-006, -1.04059791e-005, -4.83684351e-006, 1, 0.935955359, -0.352118682, 6.25967985e-006, 0.352118682, 0.935955359, 1.37310569e-005, -1.06937425e-005, -1.0647506e-005, 1, 0, 0, 0, 0, 0, 0, 0, 0.314460303, -0.219171924, -0.177349902, -0.507102839, 0.488193388, -0.710286177, -0.858642578, -0.214599609, 0.465454102, 0.0748791543, 0.845909513, 0.528261546, 0, 0, -0, 0, 0, 0, 0, 0.371035205, -0.159188867, -0.14384624, -0.00580022576, 0.307018617, -0.951592475, 0.645751953, -0.725341797, -0.238037109, -0.76345557, -0.615812551, -0.194160058, 0, 2, 1, 1, 
436.429812, 57, 0.1, 0.1, 0.013762997, 0.353524519, -0.0349708922, 0.935955977, -0.352117038, -5.86070268e-006, 0.352117038, 0.935955977, 3.22835961e-006, 4.34859929e-006, -5.08525574e-006, 1, 0.935955876, -0.352117307, -7.70572949e-006, 0.352117307, 0.935955876, -8.41575753e-006, 1.01755567e-005, 5.16345701e-006, 1, 0, 0, 0, 0, 0, 0, 0, 0.314460303, -0.219171924, -0.177349902, -0.507102839, 0.488193388, -0.710286177, -0.858642578, -0.214599609, 0.465454102, 0.0748791543, 0.845909513, 0.528261546, 0, 0, -0, 0, 0, 0, 0, 0.371035205, -0.159188867, -0.14384624, -0.00580022576, 0.307018617, -0.951592475, 0.645751953, -0.725341797, -0.238037109, -0.76345557, -0.615812551, -0.194160058, 0, 2, 1, 1, 
436.430518, 57, 0.1, 0.1, 0.0137629951, 0.353524518, -0.0349709116, 0.93595651, -0.352115622, -1.16397415e-006, 0.352115622, 0.93595651, -1.36589073e-005, 5.89894381e-006, 1.23742897e-005, 1, 0.935956395, -0.352115928, 7.65281272e-006, 0.352115928, 0.935956395, -4.81400601e-006, -5.46761082e-006, 7.20037697e-006, 1, 0, 0, 0, 0, 0, 0, 0, 0.314460303, -0.219171924, -0.177349902, -0.507507603, 0.488954985, -0.709417117, -0.858032227, -0.212524414, 0.467407227, 0.0777858771, 0.846036071, 0.52750594, 0, 0, -0, 0, 0, 0, 0, 0.371035205, -0.159188867, -0.14384624, -0.00580022576, 0.307018617, -0.951592475, 0.645751953, -0.725341797, -0.238037109, -0.76345557, -0.615812551, -0.194160058, 0, 2, 1, 1, 
436.431219, 57, 0.1, 0.1, 0.0137629958, 0.353524518, -0.0349703589, 0.935957041, -0.352114211, 6.31016346e-006, 0.352114211, 0.935957041, 1.35235107e-005, -1.06678622e-005, -1.04355268e-005, 1, 0.935956937, -0.352114487, 1.50036205e-006, 0.352114487, 0.935956937, 1.21893923e-005, -5.6963359e-006, -1.08804471e-005, 1, 0, 0, 0, 0, 0, 0, 0, 0.313555493, -0.219579102, -0.177307788, -0.507507603, 0.488954985, -0.709417117, -0.858032227, -0.212524414, 0.467407227, 0.0777858771, 0.846036071, 0.52750594, 0, 0, -0, 0, 0, 0, 0, 0.370280518, -0.159428467, -0.144272217, -0.00681628122, 0.306590613, -0.951745593, 0.644775391, -0.726074219, -0.238525391, -0.764298818, -0.615243823, -0.192703239, 0, 2, 1, 1, 
