time, trialNum, realDorsalTactorPos, realVentralTactorPos, boxPosX, boxPosY, boxPosZ, boxLocalRot_11, boxLocalRot_12, boxLocalRot_13, boxLocalRot_21, boxLocalRot_22, boxLocalRot_23, boxLocalRot_31, boxLocalRot_32, boxLocalRot_33, boxGlobalRot_11, boxGlobalRot_12, boxGlobalRot_13, boxGlobalRot_21, boxGlobalRot_22, boxGlobalRot_23, boxGlobalRot_31, boxGlobalRot_32, boxGlobalRot_33, indexForceX, indexForceY, indexForceZ, indexForceGlobalX, indexForceGlobalY, indexForceGlobalZ, indexContact, indexPosX, indexPosY, indexPosZ, indexRot_11, indexRot_12, indexRot_13, indexRot_21, indexRot_22, indexRot_23, indexRot_31, indexRot_32, indexRot_33, thumbForceX, thumbForceY, thumbForceZ, thumbForceGlobalX, thumbForceGlobalY, thumbForceGlobalZ, thumbContact, thumbPosX, thumbPosY, thumbPosZ, thumbRot_11, thumbRot_12, thumbRot_13, thumbRot_21, thumbRot_22, thumbRot_23, thumbRot_31, thumbRot_32, thumbRot_33, manipForceTooHigh, cceExpType, mapping, trialSuccess, 
517.615831, 68, 0.1, 0.1, 0.0137162995, 0.352734242, -0.0349736034, 0.946633881, -0.322310868, -2.50568108e-006, 0.322310868, 0.946633881, 1.11025397e-005, -1.20650661e-006, -1.13176485e-005, 1, 0.946633849, -0.322310962, -7.1444763e-006, 0.322310963, 0.946633849, 5.39429178e-006, 5.02456372e-006, -7.40916222e-006, 1, 0, 0, 0, 0, 0, 0, 0, 0.272888086, -0.11435105, -0.181946509, -0.0666283769, 0.638468024, -0.766736079, -0.896606445, 0.298828125, 0.326660156, 0.437686623, 0.709268913, 0.552651324, 0, 0, -0, 0, 0, 0, 0, 0.33409624, -0.0823101074, -0.142487744, 0.123746398, 0.332931847, -0.934762496, 0.236328125, -0.924682617, -0.298095703, -0.963657472, -0.183857705, -0.193127612, 0, 2, 1, 1, 
517.628359, 68, 0.1, 0.1, 0.0137162995, 0.352734248, -0.0349784621, 0.946636751, -0.322302438, 1.77345437e-005, 0.322302438, 0.946636751, 2.26221778e-006, -1.75172892e-005, 3.57438819e-006, 1, 0.946636739, -0.322302475, 9.47591454e-006, 0.322302475, 0.946636739, 5.2275917e-006, -1.06551146e-005, -1.89451965e-006, 1, 0, 0, 0, 0, 0, 0, 0, 0.277869116, -0.120730737, -0.179089648, -0.0858671034, 0.635149042, -0.767548972, -0.904785156, 0.272705078, 0.326904297, 0.416880495, 0.722648149, 0.551420562, 0, 0, -0, 0, 0, 0, 0, 0.337495557, -0.0879137207, -0.139889404, 0.109313467, 0.329131549, -0.937828519, 0.263793945, -0.919311523, -0.291870117, -0.958300843, -0.21543378, -0.187312729, 0, 2, 1, 1, 
517.629077, 68, 0.1, 0.1, 0.0137162961, 0.352734247, -0.0349799017, 0.9466368, -0.322302295, -7.52070385e-006, 0.322302295, 0.9466368, -1.12431868e-006, 7.48174551e-006, -1.35961868e-006, 1, 0.946636795, -0.322302307, 3.07375828e-006, 0.322302307, 0.946636795, 4.64477007e-006, -4.4067528e-006, -3.40623087e-006, 1, 0, 0, 0, 0, 0, 0, 0, 0.278909985, -0.122314062, -0.178639014, -0.091497824, 0.634585519, -0.767422414, -0.905883789, 0.266845703, 0.328613281, 0.413323004, 0.725332833, 0.550658965, 0, 0, -0, 0, 0, 0, 0, 0.338105322, -0.0892552734, -0.139446826, 0.10464297, 0.328063355, -0.938716243, 0.269775391, -0.91784668, -0.290649414, -0.957073334, -0.222787872, -0.184705692, 0, 2, 1, 1, 
517.629767, 68, 0.1, 0.1, 0.0137163008, 0.352734249, -0.0349782268, 0.946636806, -0.322302276, -6.517228e-006, 0.322302276, 0.946636806, 7.81468006e-007, 5.91757898e-006, -2.8402838e-006, 1, 0.946636802, -0.322302288, -1.39345747e-005, 0.322302288, 0.946636802, -3.25468157e-006, 1.42399725e-005, -1.41014395e-006, 1, 0, 0, 0, 0, 0, 0, 0, 0.278909985, -0.122314062, -0.178639014, -0.091497824, 0.634585519, -0.767422414, -0.905883789, 0.266845703, 0.328613281, 0.413323004, 0.725332833, 0.550658965, 0, 0, -0, 0, 0, 0, 0, 0.338105322, -0.0892552734, -0.139446826, 0.10464297, 0.328063355, -0.938716243, 0.269775391, -0.91784668, -0.290649414, -0.957073334, -0.222787872, -0.184705692, 0, 2, 1, 1, 
517.630457, 68, 0.1, 0.1, 0.0137162968, 0.352734248, -0.0349742663, 0.946636856, -0.322302129, 6.62044522e-006, 0.322302129, 0.946636856, 3.09617996e-006, -7.26506284e-006, -7.97174471e-007, 1, 0.946636846, -0.322302159, 1.52079543e-005, 0.322302159, 0.946636846, -9.79652968e-007, -1.40806656e-005, 5.82893211e-006, 1, 0, 0, 0, 0, 0, 0, 0, 0.278909985, -0.122314062, -0.178639014, -0.091497824, 0.634585519, -0.767422414, -0.905883789, 0.266845703, 0.328613281, 0.413323004, 0.725332833, 0.550658965, 0, 0, -0, 0, 0, 0, 0, 0.338105322, -0.0892552734, -0.139446826, 0.10464297, 0.328063355, -0.938716243, 0.269775391, -0.91784668, -0.290649414, -0.957073334, -0.222787872, -0.184705692, 0, 2, 1, 1, 
517.631148, 68, 0.1, 0.1, 0.0137162987, 0.352734248, -0.0349692995, 0.946636874, -0.322302078, 3.94395127e-006, 0.322302078, 0.946636874, 1.78803321e-006, -4.30977652e-006, -4.2147448e-007, 1, 0.946636872, -0.322302082, -4.96168039e-006, 0.322302082, 0.946636872, -3.62083342e-006, 5.86391176e-006, 1.82845451e-006, 1, 0, 0, 0, 0, 0, 0, 0, 0.278909985, -0.122314062, -0.178639014, -0.091497824, 0.634585519, -0.767422414, -0.905883789, 0.266845703, 0.328613281, 0.413323004, 0.725332833, 0.550658965, 0, 0, -0, 0, 0, 0, 0, 0.338105322, -0.0892552734, -0.139446826, 0.10464297, 0.328063355, -0.938716243, 0.269775391, -0.91784668, -0.290649414, -0.957073334, -0.222787872, -0.184705692, 0, 2, 1, 1, 
517.631841, 68, 0.1, 0.1, 0.0137162985, 0.352734246, -0.0349647749, 0.94663689, -0.322302029, -1.05404601e-007, 0.322302029, 0.94663689, 5.27545368e-006, -1.60050954e-006, -5.02791118e-006, 1, 0.946636887, -0.322302038, -5.89537985e-006, 0.322302038, 0.946636887, 8.17656276e-006, 2.94546119e-006, -9.64032886e-006, 1, 0, 0, 0, 0, 0, 0, 0, 0.278909985, -0.122314062, -0.178639014, -0.091497824, 0.634585519, -0.767422414, -0.905883789, 0.266845703, 0.328613281, 0.413323004, 0.725332833, 0.550658965, 0, 0, -0, 0, 0, 0, 0, 0.338105322, -0.0892552734, -0.139446826, 0.10464297, 0.328063355, -0.938716243, 0.269775391, -0.91784668, -0.290649414, -0.957073334, -0.222787872, -0.184705692, 0, 2, 1, 1, 
517.632535, 68, 0.1, 0.1, 0.0137162989, 0.352734247, -0.0349620121, 0.946636907, -0.32230198, -9.52038811e-006, 0.32230198, 0.946636907, 2.36196168e-006, 8.25108583e-006, -5.30436004e-006, 1, 0.946636904, -0.322301987, -7.20902721e-006, 0.322301987, 0.946636904, 3.8227463e-007, 6.70112333e-006, -2.68535907e-006, 1, 0, 0, 0, 0, 0, 0, 0, 0.278909985, -0.122314062, -0.178639014, -0.091497824, 0.634585519, -0.767422414, -0.905883789, 0.266845703, 0.328613281, 0.413323004, 0.725332833, 0.550658965, 0, 0, -0, 0, 0, 0, 0, 0.338105322, -0.0892552734, -0.139446826, 0.10464297, 0.328063355, -0.938716243, 0.269775391, -0.91784668, -0.290649414, -0.957073334, -0.222787872, -0.184705692, 0, 2, 1, 1, 
517.633236, 68, 0.1, 0.1, 0.0137162963, 0.352734248, -0.0349616995, 0.946636921, -0.32230194, 7.07009218e-007, 0.32230194, 0.946636921, 1.69474597e-006, -1.21550094e-006, -1.37643867e-006, 1, 0.946636918, -0.322301946, 1.38233603e-005, 0.322301946, 0.946636918, -5.33346952e-006, -1.13667156e-005, 9.50415508e-006, 1, 0, 0, 0, 0, 0, 0, 0, 0.278909985, -0.122314062, -0.178639014, -0.0952818411, 0.633945611, -0.767359134, -0.907104492, 0.261962891, 0.329101563, 0.409720207, 0.727535247, 0.550278167, 0, 0, -0, 0, 0, 0, 0, 0.338105322, -0.0892552734, -0.139446826, 0.10464297, 0.328063355, -0.938716243, 0.269775391, -0.91784668, -0.290649414, -0.957073334, -0.222787872, -0.184705692, 0, 2, 1, 1, 
517.633969, 68, 0.1, 0.1, 0.0137163026, 0.352734251, -0.0349632096, 0.946636861, -0.322302114, -3.45086065e-006, 0.322302114, 0.946636861, -1.06795417e-005, 6.70875076e-006, 8.99742815e-006, 1, 0.946636879, -0.322302063, -1.49061618e-005, 0.322302063, 0.946636879, -1.81442358e-005, 1.99586472e-005, 1.2371716e-005, 1, 0, 0, 0, 0, 0, 0, 0, 0.279598608, -0.124126001, -0.17774397, -0.0952818411, 0.633945611, -0.767359134, -0.907104492, 0.261962891, 0.329101563, 0.409720207, 0.727535247, 0.550278167, 0, 0, -0, 0, 0, 0, 0, 0.338836182, -0.0905316406, -0.138784912, 0.101819017, 0.327608732, -0.939208046, 0.275268555, -0.916503906, -0.289916992, -0.955897231, -0.22897279, -0.183529956, 0, 2, 1, 1, 
517.63466, 68, 0.1, 0.1, 0.0137162954, 0.352734249, -0.0349665227, 0.946636791, -0.32230232, 2.03834739e-005, 0.322302321, 0.946636791, -2.52453884e-006, -1.84820816e-005, 8.95946229e-006, 1, 0.946636799, -0.322302297, 2.75083786e-005, 0.322302297, 0.946636799, 2.29892588e-006, -2.67813926e-005, 6.68976577e-006, 1, 0, 0, 0, 0, 0, 0, 0, 0.279598608, -0.124126001, -0.17774397, -0.0952818411, 0.633945611, -0.767359134, -0.907104492, 0.261962891, 0.329101563, 0.409720207, 0.727535247, 0.550278167, 0, 0, -0, 0, 0, 0, 0, 0.338836182, -0.0905316406, -0.138784912, 0.101819017, 0.327608732, -0.939208046, 0.275268555, -0.916503906, -0.289916992, -0.955897231, -0.22897279, -0.183529956, 0, 2, 1, 1, 
517.635353, 68, 0.1, 0.1, 0.0137163025, 0.35273425, -0.0349705852, 0.946636766, -0.322302392, -3.1383089e-005, 0.322302392, 0.946636767, -1.15072522e-005, 3.34172008e-005, 7.7834336e-007, 0.999999999, 0.946636774, -0.322302368, -3.33778346e-005, 0.322302368, 0.946636775, -5.30317825e-006, 3.33059126e-005, -5.73757156e-006, 0.999999999, 0, 0, 0, 0, 0, 0, 0, 0.279598608, -0.124126001, -0.17774397, -0.0952818411, 0.633945611, -0.767359134, -0.907104492, 0.261962891, 0.329101563, 0.409720207, 0.727535247, 0.550278167, 0, 0, -0, 0, 0, 0, 0, 0.338836182, -0.0905316406, -0.138784912, 0.101819017, 0.327608732, -0.939208046, 0.275268555, -0.916503906, -0.289916992, -0.955897231, -0.22897279, -0.183529956, 0, 2, 1, 1, 
517.636045, 68, 0.1, 0.1, 0.0137163028, 0.35273425, -0.0349741931, 0.946636716, -0.32230254, 2.81949657e-005, 0.32230254, 0.946636716, 1.12927198e-005, -3.03300621e-005, -1.60279416e-006, 1, 0.946636724, -0.322302518, 1.50086696e-005, 0.322302518, 0.946636724, 8.04460762e-006, -1.68005551e-005, -2.777989e-006, 1, 0, 0, 0, 0, 0, 0, 0, 0.279598608, -0.124126001, -0.17774397, -0.0952818411, 0.633945611, -0.767359134, -0.907104492, 0.261962891, 0.329101563, 0.409720207, 0.727535247, 0.550278167, 0, 0, -0, 0, 0, 0, 0, 0.338836182, -0.0905316406, -0.138784912, 0.101819017, 0.327608732, -0.939208046, 0.275268555, -0.916503906, -0.289916992, -0.955897231, -0.22897279, -0.183529956, 0, 2, 1, 1, 
517.636738, 68, 0.1, 0.1, 0.0137162918, 0.352734245, -0.0349763319, 0.946636695, -0.322302601, 1.652662e-005, 0.322302601, 0.946636695, 1.36658995e-005, -2.00492599e-005, -7.61006934e-006, 1, 0.946636703, -0.322302579, 2.82612351e-005, 0.322302579, 0.946636703, 1.49516852e-005, -3.15720891e-005, -5.04514505e-006, 0.999999999, 0, 0, 0, 0, 0, 0, 0, 0.279598608, -0.124126001, -0.17774397, -0.0952818411, 0.633945611, -0.767359134, -0.907104492, 0.261962891, 0.329101563, 0.409720207, 0.727535247, 0.550278167, 0, 0, -0, 0, 0, 0, 0, 0.338836182, -0.0905316406, -0.138784912, 0.101819017, 0.327608732, -0.939208046, 0.275268555, -0.916503906, -0.289916992, -0.955897231, -0.22897279, -0.183529956, 0, 2, 1, 1, 
517.63743, 68, 0.1, 0.1, 0.0137162989, 0.35273425, -0.034976481, 0.946636603, -0.322302871, -3.37345829e-005, 0.32230287, 0.946636604, -2.78748229e-005, 4.09185264e-005, 1.55145748e-005, 0.999999999, 0.946636623, -0.322302812, -3.07707966e-005, 0.322302811, 0.946636624, -2.5752378e-005, 3.74288269e-005, 1.44606299e-005, 0.999999999, 0, 0, 0, 0, 0, 0, 0, 0.279598608, -0.124126001, -0.17774397, -0.0952818411, 0.633945611, -0.767359134, -0.907104492, 0.261962891, 0.329101563, 0.409720207, 0.727535247, 0.550278167, 0, 0, -0, 0, 0, 0, 0, 0.338836182, -0.0905316406, -0.138784912, 0.101819017, 0.327608732, -0.939208046, 0.275268555, -0.916503906, -0.289916992, -0.955897231, -0.22897279, -0.183529956, 0, 2, 1, 1, 
517.638134, 68, 0.1, 0.1, 0.0137163048, 0.352734251, -0.0349746324, 0.946636534, -0.322303077, 9.72141727e-006, 0.322303076, 0.946636534, 1.64489219e-005, -1.45041869e-005, -1.24379077e-005, 1, 0.946636537, -0.322303066, -8.01721306e-006, 0.322303066, 0.946636537, 9.44475012e-006, 4.54531489e-006, -1.15247179e-005, 1, 0, 0, 0, 0, 0, 0, 0, 0.280739209, -0.125950879, -0.176650098, -0.0989202035, 0.633020386, -0.767778125, -0.908691406, 0.256958008, 0.328979492, 0.405476382, 0.730277219, 0.549973753, 0, 0, -0, 0, 0, 0, 0, 0.338836182, -0.0905316406, -0.138784912, 0.101819017, 0.327608732, -0.939208046, 0.275268555, -0.916503906, -0.289916992, -0.955897231, -0.22897279, -0.183529956, 0, 2, 1, 1, 
517.638842, 68, 0.1, 0.1, 0.0137162931, 0.352734249, -0.0349712453, 0.946636587, -0.322302919, 3.03245678e-005, 0.32230292, 0.946636587, -1.06039401e-005, -2.52886645e-005, 1.98117744e-005, 0.999999999, 0.946636569, -0.322302971, 3.88226619e-005, 0.322302971, 0.946636569, -6.11331537e-006, -3.47806118e-005, 1.82997472e-005, 0.999999999, 0, 0, 0, 0, 0, 0, 0, 0.280739209, -0.125950879, -0.176650098, -0.0989202035, 0.633020386, -0.767778125, -0.908691406, 0.256958008, 0.328979492, 0.405476382, 0.730277219, 0.549973753, 0, 0, -0, 0, 0, 0, 0, 0.339395312, -0.0920759277, -0.137699951, 0.099710714, 0.326387419, -0.939891613, 0.280517578, -0.915527344, -0.288085937, -0.954523167, -0.234870063, -0.182865345, 0, 2, 1, 1, 
517.639534, 68, 0.1, 0.1, 0.0137162988, 0.352734249, -0.0349677325, 0.946636724, -0.322302515, -3.31244478e-005, 0.322302515, 0.946636725, 7.69291208e-006, 2.88773739e-005, -1.79584859e-005, 0.999999999, 0.946636693, -0.322302606, -3.23064126e-005, 0.322302606, 0.946636694, 5.48263538e-006, 2.8815368e-005, -1.56025048e-005, 0.999999999, 0, 0, 0, 0, 0, 0, 0, 0.280739209, -0.125950879, -0.176650098, -0.0989202035, 0.633020386, -0.767778125, -0.908691406, 0.256958008, 0.328979492, 0.405476382, 0.730277219, 0.549973753, 0, 0, -0, 0, 0, 0, 0, 0.339395312, -0.0920759277, -0.137699951, 0.099710714, 0.326387419, -0.939891613, 0.280517578, -0.915527344, -0.288085937, -0.954523167, -0.234870063, -0.182865345, 0, 2, 1, 1, 
517.640225, 68, 0.1, 0.1, 0.0137162972, 0.35273425, -0.0349650613, 0.946636877, -0.322302067, 2.87223664e-005, 0.322302068, 0.946636877, -1.03504537e-005, -2.38536786e-005, 1.90553992e-005, 1, 0.946636849, -0.322302149, 2.40876897e-005, 0.322302149, 0.946636849, -1.02300917e-005, -1.95051142e-005, 1.74476959e-005, 1, 0, 0, 0, 0, 0, 0, 0, 0.280739209, -0.125950879, -0.176650098, -0.0989202035, 0.633020386, -0.767778125, -0.908691406, 0.256958008, 0.328979492, 0.405476382, 0.730277219, 0.549973753, 0, 0, -0, 0, 0, 0, 0, 0.339395312, -0.0920759277, -0.137699951, 0.099710714, 0.326387419, -0.939891613, 0.280517578, -0.915527344, -0.288085937, -0.954523167, -0.234870063, -0.182865345, 0, 2, 1, 1, 
517.640941, 68, 0.1, 0.1, 0.0137162982, 0.352734246, -0.0349637412, 0.946637006, -0.322301688, -2.18605379e-005, 0.322301688, 0.946637006, 1.90479044e-005, 1.45548224e-005, -2.50771395e-005, 1, 0.946636983, -0.322301757, -1.93832937e-005, 0.322301757, 0.946636983, 1.77216051e-005, 1.26372382e-005, -2.30231964e-005, 1, 0, 0, 0, 0, 0, 0, 0, 0.280739209, -0.125950879, -0.176650098, -0.0989202035, 0.633020386, -0.767778125, -0.908691406, 0.256958008, 0.328979492, 0.405476382, 0.730277219, 0.549973753, 0, 0, -0, 0, 0, 0, 0, 0.340225781, -0.0935984863, -0.136616943, 0.0983435801, 0.325370631, -0.940377219, 0.285644531, -0.914428711, -0.286499023, -0.953193946, -0.240377611, -0.182916385, 0, 2, 1, 1, 
517.641633, 68, 0.1, 0.1, 0.0137162986, 0.352734248, -0.0349642378, 0.946637145, -0.322301281, 6.55778934e-007, 0.32230128, 0.946637145, -2.32670442e-005, 6.87821344e-006, 2.22368067e-005, 1, 0.946637111, -0.322301381, 7.67727435e-006, 0.322301381, 0.946637111, -1.75334459e-005, -1.61653898e-006, 1.90722067e-005, 1, 0, 0, 0, 0, 0, 0, 0, 0.280739209, -0.125950879, -0.176650098, -0.0989202035, 0.633020386, -0.767778125, -0.908691406, 0.256958008, 0.328979492, 0.405476382, 0.730277219, 0.549973753, 0, 0, -0, 0, 0, 0, 0, 0.340225781, -0.0935984863, -0.136616943, 0.0983435801, 0.325370631, -0.940377219, 0.285644531, -0.914428711, -0.286499023, -0.953193946, -0.240377611, -0.182916385, 0, 2, 1, 1, 
517.64233, 68, 0.1, 0.1, 0.0137162986, 0.352734246, -0.0349662996, 0.946637321, -0.322300763, 3.68748625e-007, 0.322300763, 0.946637321, 1.96886684e-005, -6.69474404e-006, -1.85191803e-005, 1, 0.946637289, -0.322300858, 3.25331823e-006, 0.322300858, 0.946637289, 1.80972588e-005, -8.9124744e-006, -1.60829928e-005, 1, 0, 0, 0, 0, 0, 0, 0, 0.280739209, -0.125950879, -0.176650098, -0.0989202035, 0.633020386, -0.767778125, -0.908691406, 0.256958008, 0.328979492, 0.405476382, 0.730277219, 0.549973753, 0, 0, -0, 0, 0, 0, 0, 0.340225781, -0.0935984863, -0.136616943, 0.0983435801, 0.325370631, -0.940377219, 0.285644531, -0.914428711, -0.286499023, -0.953193946, -0.240377611, -0.182916385, 0, 2, 1, 1, 
517.643038, 68, 0.1, 0.1, 0.0137162981, 0.352734248, -0.0349692322, 0.946637447, -0.322300394, 9.76276167e-006, 0.322300394, 0.946637447, -1.91489847e-005, -3.07007046e-006, 2.1273688e-005, 1, 0.946637424, -0.322300463, 5.08744211e-006, 0.322300463, 0.946637423, -1.78093787e-005, 9.24007897e-007, 1.84987093e-005, 1, 0, 0, 0, 0, 0, 0, 0, 0.280739209, -0.125950879, -0.176650098, -0.101879345, 0.631815833, -0.76837497, -0.91003418, 0.252563477, 0.328491211, 0.401619346, 0.732816248, 0.549326732, 0, 0, -0, 0, 0, 0, 0, 0.340225781, -0.0935984863, -0.136616943, 0.0983435801, 0.325370631, -0.940377219, 0.285644531, -0.914428711, -0.286499023, -0.953193946, -0.240377611, -0.182916385, 0, 2, 1, 1, 
517.643732, 68, 0.1, 0.1, 0.0137162988, 0.352734247, -0.0349719413, 0.946637566, -0.322300045, 6.73654743e-007, 0.322300045, 0.946637566, 1.54342065e-005, -5.61215233e-006, -1.43934807e-005, 1, 0.946637537, -0.32230013, -6.49773416e-006, 0.32230013, 0.946637537, 1.04381783e-005, 2.78677284e-006, -1.19753919e-005, 1, 0, 0, 0, 0, 0, 0, 0, 0.281692456, -0.127790649, -0.175343115, -0.101879345, 0.631815833, -0.76837497, -0.91003418, 0.252563477, 0.328491211, 0.401619346, 0.732816248, 0.549326732, 0, 0, -0, 0, 0, 0, 0, 0.340225781, -0.0935984863, -0.136616943, 0.0983435801, 0.325370631, -0.940377219, 0.285644531, -0.914428711, -0.286499023, -0.953193946, -0.240377611, -0.182916385, 0, 2, 1, 1, 
517.644423, 68, 0.1, 0.1, 0.013716299, 0.352734249, -0.0349738446, 0.946637734, -0.32229955, -9.0774494e-006, 0.32229955, 0.946637734, -1.9927735e-005, 1.50157561e-005, 1.5938688e-005, 1, 0.946637697, -0.322299659, -4.25632662e-006, 0.322299659, 0.946637697, -1.669191e-005, 9.40899612e-006, 1.44293786e-005, 1, 0, 0, 0, 0, 0, 0, 0, 0.281692456, -0.127790649, -0.175343115, -0.101879345, 0.631815833, -0.76837497, -0.91003418, 0.252563477, 0.328491211, 0.401619346, 0.732816248, 0.549326732, 0, 0, -0, 0, 0, 0, 0, 0.340225781, -0.0935984863, -0.136616943, 0.0983435801, 0.325370631, -0.940377219, 0.285644531, -0.914428711, -0.286499023, -0.953193946, -0.240377611, -0.182916385, 0, 2, 1, 1, 
517.645111, 68, 0.1, 0.1, 0.0137162998, 0.352734247, -0.0349744771, 0.946637934, -0.322298964, 1.09671202e-005, 0.322298964, 0.946637934, 1.99973555e-005, -1.6827019e-005, -1.53955638e-005, 1, 0.946637891, -0.322299091, 4.34104412e-006, 0.322299091, 0.946637891, 1.59437146e-005, -9.24804158e-006, -1.36938098e-005, 1, 0, 0, 0, 0, 0, 0, 0, 0.281692456, -0.127790649, -0.175343115, -0.101879345, 0.631815833, -0.76837497, -0.91003418, 0.252563477, 0.328491211, 0.401619346, 0.732816248, 0.549326732, 0, 0, -0, 0, 0, 0, 0, 0.340225781, -0.0935984863, -0.136616943, 0.0983435801, 0.325370631, -0.940377219, 0.285644531, -0.914428711, -0.286499023, -0.953193946, -0.240377611, -0.182916385, 0, 2, 1, 1, 
517.645829, 68, 0.1, 0.1, 0.0137162975, 0.352734247, -0.0349735029, 0.946638177, -0.322298251, -5.0286852e-006, 0.322298251, 0.946638177, -1.652909e-005, 1.00876422e-005, 1.40263312e-005, 1, 0.946638126, -0.322298399, 9.67343661e-007, 0.322298399, 0.946638126, -1.33694605e-005, 3.39323131e-006, 1.29678143e-005, 1, 0, 0, 0, 0, 0, 0, 0, 0.282351782, -0.129344678, -0.174861353, -0.106316374, 0.631905322, -0.767670662, -0.910522461, 0.248291016, 0.330444336, 0.399355896, 0.734161586, 0.549091589, 0, 0, -0, 0, 0, 0, 0, 0.340535059, -0.0950861328, -0.135958447, 0.0958838319, 0.324826689, -0.940843503, 0.290283203, -0.913208008, -0.285766602, -0.951979563, -0.245712718, -0.181983451, 0, 2, 1, 1, 
517.64652, 68, 0.1, 0.1, 0.0137162977, 0.352734244, -0.0349714336, 0.946638443, -0.32229747, 1.23197849e-005, 0.322297469, 0.946638442, 2.56783752e-005, -1.99384573e-005, -2.03375016e-005, 1, 0.946638386, -0.322297635, 5.95519018e-006, 0.322297635, 0.946638386, 2.18054224e-005, -1.26652477e-005, -1.87225062e-005, 1, 0, 0, 0, 0, 0, 0, 0, 0.282351782, -0.129344678, -0.174861353, -0.106316374, 0.631905322, -0.767670662, -0.910522461, 0.248291016, 0.330444336, 0.399355896, 0.734161586, 0.549091589, 0, 0, -0, 0, 0, 0, 0, 0.340535059, -0.0950861328, -0.135958447, 0.0958838319, 0.324826689, -0.940843503, 0.290283203, -0.913208008, -0.285766602, -0.951979563, -0.245712718, -0.181983451, 0, 2, 1, 1, 
517.647213, 68, 0.1, 0.1, 0.0137162957, 0.352734244, -0.0349690208, 0.946638739, -0.322296598, -8.2915923e-006, 0.322296597, 0.946638739, -1.97224663e-005, 1.42056263e-005, 1.59976986e-005, 1, 0.946638677, -0.322296782, -8.58515611e-007, 0.322296782, 0.946638677, -1.52442941e-005, 5.72589103e-006, 1.41541416e-005, 1, 0, 0, 0, 0, 0, 0, 0, 0.282351782, -0.129344678, -0.174861353, -0.106316374, 0.631905322, -0.767670662, -0.910522461, 0.248291016, 0.330444336, 0.399355896, 0.734161586, 0.549091589, 0, 0, -0, 0, 0, 0, 0, 0.340535059, -0.0950861328, -0.135958447, 0.0958838319, 0.324826689, -0.940843503, 0.290283203, -0.913208008, -0.285766602, -0.951979563, -0.245712718, -0.181983451, 0, 2, 1, 1, 
517.647904, 68, 0.1, 0.1, 0.0137162972, 0.352734241, -0.0349669826, 0.94663907, -0.322295627, 1.02709212e-005, 0.322295627, 0.94663907, 2.64119111e-005, -1.82352988e-005, -2.1692274e-005, 1, 0.946639002, -0.322295827, 3.18032291e-006, 0.322295827, 0.946639002, 2.24247234e-005, -1.02380125e-005, -2.0203113e-005, 1, 0, 0, 0, 0, 0, 0, 0, 0.282351782, -0.129344678, -0.174861353, -0.106316374, 0.631905322, -0.767670662, -0.910522461, 0.248291016, 0.330444336, 0.399355896, 0.734161586, 0.549091589, 0, 0, -0, 0, 0, 0, 0, 0.340535059, -0.0950861328, -0.135958447, 0.0958838319, 0.324826689, -0.940843503, 0.290283203, -0.913208008, -0.285766602, -0.951979563, -0.245712718, -0.181983451, 0, 2, 1, 1, 
517.648596, 68, 0.1, 0.1, 0.0137162961, 0.352734242, -0.03496593, 0.946639432, -0.322294564, -1.20658589e-005, 0.322294564, 0.946639432, -2.61751714e-005, 1.98581332e-005, 2.08896887e-005, 1, 0.946639356, -0.322294786, -3.99088257e-006, 0.322294786, 0.946639356, -2.09373324e-005, 1.05259196e-005, 1.85338622e-005, 1, 0, 0, 0, 0, 0, 0, 0, 0.282351782, -0.129344678, -0.174861353, -0.106316374, 0.631905322, -0.767670662, -0.910522461, 0.248291016, 0.330444336, 0.399355896, 0.734161586, 0.549091589, 0, 0, -0, 0, 0, 0, 0, 0.340535059, -0.0950861328, -0.135958447, 0.0958838319, 0.324826689, -0.940843503, 0.290283203, -0.913208008, -0.285766602, -0.951979563, -0.245712718, -0.181983451, 0, 2, 1, 1, 
517.649284, 68, 0.1, 0.1, 0.0137162987, 0.352734241, -0.0349661051, 0.946639823, -0.322293415, 7.81092293e-006, 0.322293415, 0.946639823, 2.29569354e-005, -1.47929998e-005, -1.92145402e-005, 1, 0.946639742, -0.322293652, 2.34980567e-008, 0.322293652, 0.946639742, 1.80371526e-005, -5.83550397e-006, -1.70671122e-005, 1, 0, 0, 0, 0, 0, 0, 0, 0.282351782, -0.129344678, -0.174861353, -0.106316374, 0.631905322, -0.767670662, -0.910522461, 0.248291016, 0.330444336, 0.399355896, 0.734161586, 0.549091589, 0, 0, -0, 0, 0, 0, 0, 0.340535059, -0.0950861328, -0.135958447, 0.0958838319, 0.324826689, -0.940843503, 0.290283203, -0.913208008, -0.285766602, -0.951979563, -0.245712718, -0.181983451, 0, 2, 1, 1, 
517.649988, 68, 0.1, 0.1, 0.0137162977, 0.352734242, -0.0349672545, 0.94664025, -0.32229216, -1.10500313e-005, 0.322292159, 0.94664025, -2.58399242e-005, 1.87884094e-005, 2.08997739e-005, 1, 0.946640163, -0.322292417, -3.50506624e-006, 0.322292417, 0.946640163, -2.10143049e-005, 1.00907876e-005, 1.87633287e-005, 1, 0, 0, 0, 0, 0, 0, 0, 0.282351782, -0.129344678, -0.174861353, -0.106316374, 0.631905322, -0.767670662, -0.910522461, 0.248291016, 0.330444336, 0.399355896, 0.734161586, 0.549091589, 0, 0, -0, 0, 0, 0, 0, 0.340535059, -0.0950861328, -0.135958447, 0.0958838319, 0.324826689, -0.940843503, 0.290283203, -0.913208008, -0.285766602, -0.951979563, -0.245712718, -0.181983451, 0, 2, 1, 1, 
517.650707, 68, 0.1, 0.1, 0.0137162999, 0.352734241, -0.0349688853, 0.946640709, -0.322290814, 9.17146202e-006, 0.322290813, 0.946640709, 2.34414651e-005, -1.62370482e-005, -1.92347672e-005, 1, 0.946640619, -0.322291076, 1.97858132e-006, 0.322291076, 0.946640619, 1.8812783e-005, -7.93619753e-006, -1.71712655e-005, 1, 0, 0, 0, 0, 0, 0, 0, 0.283009888, -0.1306823, -0.173942627, -0.110703228, 0.63183006, -0.767169296, -0.911499023, 0.242797852, 0.331665039, 0.39584858, 0.736027385, 0.549135772, 0, 0, -0, 0, 0, 0, 0, 0.341271045, -0.096329541, -0.135061816, 0.0930215994, 0.325042872, -0.941054223, 0.296508789, -0.911254883, -0.285522461, -0.950439256, -0.252440845, -0.1811464, 0, 2, 1, 1, 
517.651403, 68, 0.1, 0.1, 0.0137162982, 0.352734241, -0.0349704663, 0.94664117, -0.32228946, -7.8336385e-006, 0.32228946, 0.946641169, -2.06600383e-005, 1.40741573e-005, 1.70329437e-005, 1, 0.946641076, -0.322289735, -1.06673637e-006, 0.322289735, 0.946641076, -1.62463551e-005, 6.24584996e-006, 1.50356689e-005, 1, 0, 0, 0, 0, 0, 0, 0, 0.283009888, -0.1306823, -0.173942627, -0.110703228, 0.63183006, -0.767169296, -0.911499023, 0.242797852, 0.331665039, 0.39584858, 0.736027385, 0.549135772, 0, 0, -0, 0, 0, 0, 0, 0.341271045, -0.096329541, -0.135061816, 0.0930215994, 0.325042872, -0.941054223, 0.296508789, -0.911254883, -0.285522461, -0.950439256, -0.252440845, -0.1811464, 0, 2, 1, 1, 
517.652094, 68, 0.1, 0.1, 0.0137162996, 0.35273424, -0.0349717261, 0.946641634, -0.322288094, 9.07630297e-006, 0.322288094, 0.946641634, 2.09350667e-005, -1.5339129e-005, -1.68928214e-005, 1, 0.946641541, -0.32228837, 2.59061942e-006, 0.32228837, 0.946641541, 1.68277573e-005, -7.87577844e-006, -1.50949276e-005, 1, 0, 0, 0, 0, 0, 0, 0, 0.283009888, -0.1306823, -0.173942627, -0.110703228, 0.63183006, -0.767169296, -0.911499023, 0.242797852, 0.331665039, 0.39584858, 0.736027385, 0.549135772, 0, 0, -0, 0, 0, 0, 0, 0.341271045, -0.096329541, -0.135061816, 0.0930215994, 0.325042872, -0.941054223, 0.296508789, -0.911254883, -0.285522461, -0.950439256, -0.252440845, -0.1811464, 0, 2, 1, 1, 
517.652784, 68, 0.1, 0.1, 0.013716298, 0.35273424, -0.034972346, 0.946642104, -0.322286716, -7.21303475e-006, 0.322286716, 0.946642104, -1.97482796e-005, 1.31927706e-005, 1.63698876e-005, 1, 0.946642011, -0.322286988, -1.01083397e-006, 0.322286988, 0.946642011, -1.58739634e-005, 6.07286974e-006, 1.4701182e-005, 1, 0, 0, 0, 0, 0, 0, 0, 0.283009888, -0.1306823, -0.173942627, -0.110703228, 0.63183006, -0.767169296, -0.911499023, 0.242797852, 0.331665039, 0.39584858, 0.736027385, 0.549135772, 0, 0, -0, 0, 0, 0, 0, 0.341271045, -0.096329541, -0.135061816, 0.0930215994, 0.325042872, -0.941054223, 0.296508789, -0.911254883, -0.285522461, -0.950439256, -0.252440845, -0.1811464, 0, 2, 1, 1, 
517.653475, 68, 0.1, 0.1, 0.0137162992, 0.352734239, -0.0349722261, 0.946642578, -0.322285324, 9.3257261e-006, 0.322285324, 0.946642578, 2.06117356e-005, -1.54709893e-005, -1.65064019e-005, 1, 0.946642483, -0.322285604, 3.08818107e-006, 0.322285603, 0.946642482, 1.67838979e-005, -8.33261206e-006, -1.48930745e-005, 1, 0, 0, 0, 0, 0, 0, 0, 0.283009888, -0.1306823, -0.173942627, -0.110703228, 0.63183006, -0.767169296, -0.911499023, 0.242797852, 0.331665039, 0.39584858, 0.736027385, 0.549135772, 0, 0, -0, 0, 0, 0, 0, 0.341271045, -0.096329541, -0.135061816, 0.0930215994, 0.325042872, -0.941054223, 0.296508789, -0.911254883, -0.285522461, -0.950439256, -0.252440845, -0.1811464, 0, 2, 1, 1, 
517.654164, 68, 0.1, 0.1, 0.0137162978, 0.352734239, -0.0349714247, 0.946643052, -0.32228393, -8.37859346e-006, 0.32228393, 0.946643052, -2.09062772e-005, 1.46692945e-005, 1.7090496e-005, 1, 0.946642957, -0.32228421, -1.82387106e-006, 0.32228421, 0.946642957, -1.69874833e-005, 7.20135232e-006, 1.54932766e-005, 1, 0, 0, 0, 0, 0, 0, 0, 0.283009888, -0.1306823, -0.173942627, -0.110703228, 0.63183006, -0.767169296, -0.911499023, 0.242797852, 0.331665039, 0.39584858, 0.736027385, 0.549135772, 0, 0, -0, 0, 0, 0, 0, 0.341271045, -0.096329541, -0.135061816, 0.0930215994, 0.325042872, -0.941054223, 0.296508789, -0.911254883, -0.285522461, -0.950439256, -0.252440845, -0.1811464, 0, 2, 1, 1, 
517.654855, 68, 0.1, 0.1, 0.0137162993, 0.352734238, -0.0349702117, 0.946643533, -0.322282517, 9.1613279e-006, 0.322282516, 0.946643533, 2.20515187e-005, -1.57793308e-005, -1.79223918e-005, 1, 0.946643437, -0.322282799, 2.53360346e-006, 0.322282799, 0.946643437, 1.80623634e-005, -8.21960812e-006, -1.6282081e-005, 1, 0, 0, 0, 0, 0, 0, 0, 0.283009888, -0.1306823, -0.173942627, -0.110703228, 0.63183006, -0.767169296, -0.911499023, 0.242797852, 0.331665039, 0.39584858, 0.736027385, 0.549135772, 0, 0, -0, 0, 0, 0, 0, 0.341271045, -0.096329541, -0.135061816, 0.0930215994, 0.325042872, -0.941054223, 0.296508789, -0.911254883, -0.285522461, -0.950439256, -0.252440845, -0.1811464, 0, 2, 1, 1, 
517.655585, 68, 0.1, 0.1, 0.0137162984, 0.35273424, -0.034968646, 0.946644051, -0.322280997, -1.20172473e-005, 0.322280997, 0.946644051, -2.5935552e-005, 1.97345912e-005, 2.06788055e-005, 1, 0.946643949, -0.322281295, -4.7464552e-006, 0.322281295, 0.946643949, -2.17761973e-005, 1.15112642e-005, 1.90846117e-005, 1, 0, 0, 0, 0, 0, 0, 0, 0.283912842, -0.13248606, -0.173034033, -0.114715275, 0.631373999, -0.766845786, -0.912231445, 0.238525391, 0.332885742, 0.393147043, 0.737829905, 0.548837349, 0, 0, -0, 0, 0, 0, 0, 0.341775488, -0.097805957, -0.134393311, 0.0900379653, 0.324965214, -0.941411865, 0.302124023, -0.909545898, -0.28503418, -0.948911707, -0.258708886, -0.180079305, 0, 2, 1, 1, 
517.65628, 68, 0.1, 0.1, 0.0137163007, 0.352734238, -0.0349673805, 0.946644555, -0.322279515, 8.64283601e-006, 0.322279515, 0.946644555, 2.31571641e-005, -1.56447733e-005, -1.91361943e-005, 1, 0.946644452, -0.322279819, 9.29576683e-007, 0.322279819, 0.946644452, 1.82912711e-005, -6.77488615e-006, -1.70157465e-005, 1, 0, 0, 0, 0, 0, 0, 0, 0.283912842, -0.13248606, -0.173034033, -0.114715275, 0.631373999, -0.766845786, -0.912231445, 0.238525391, 0.332885742, 0.393147043, 0.737829905, 0.548837349, 0, 0, -0, 0, 0, 0, 0, 0.341775488, -0.097805957, -0.134393311, 0.0900379653, 0.324965214, -0.941411865, 0.302124023, -0.909545898, -0.28503418, -0.948911707, -0.258708886, -0.180079305, 0, 2, 1, 1, 
517.656972, 68, 0.1, 0.1, 0.0137162996, 0.35273424, -0.0349668648, 0.94664507, -0.322278003, -1.06757083e-005, 0.322278002, 0.94664507, -2.45107233e-005, 1.80053736e-005, 1.97624094e-005, 1, 0.946644966, -0.322278309, -3.2041819e-006, 0.322278308, 0.946644966, -2.00021142e-005, 9.4794702e-006, 1.79022624e-005, 1, 0, 0, 0, 0, 0, 0, 0, 0.283912842, -0.13248606, -0.173034033, -0.114715275, 0.631373999, -0.766845786, -0.912231445, 0.238525391, 0.332885742, 0.393147043, 0.737829905, 0.548837349, 0, 0, -0, 0, 0, 0, 0, 0.341775488, -0.097805957, -0.134393311, 0.0900379653, 0.324965214, -0.941411865, 0.302124023, -0.909545898, -0.28503418, -0.948911707, -0.258708886, -0.180079305, 0, 2, 1, 1, 
517.657665, 68, 0.1, 0.1, 0.0137163015, 0.352734238, -0.0349672346, 0.946645594, -0.322276463, 9.80785502e-006, 0.322276463, 0.946645594, 2.52175088e-005, -1.74115723e-005, -2.07112028e-005, 1, 0.946645489, -0.322276773, 2.12335897e-006, 0.322276773, 0.946645489, 2.02859215e-005, -8.54774952e-006, -1.85192668e-005, 1, 0, 0, 0, 0, 0, 0, 0, 0.283912842, -0.13248606, -0.173034033, -0.114715275, 0.631373999, -0.766845786, -0.912231445, 0.238525391, 0.332885742, 0.393147043, 0.737829905, 0.548837349, 0, 0, -0, 0, 0, 0, 0, 0.341775488, -0.097805957, -0.134393311, 0.0900379653, 0.324965214, -0.941411865, 0.302124023, -0.909545898, -0.28503418, -0.948911707, -0.258708886, -0.180079305, 0, 2, 1, 1, 
517.658385, 68, 0.1, 0.1, 0.0137162995, 0.352734238, -0.0349680609, 0.946646148, -0.322274836, -8.44340771e-006, 0.322274836, 0.946646148, -2.26700003e-005, 1.529889e-005, 1.87393707e-005, 1, 0.946646039, -0.322275156, -1.0921659e-006, 0.322275156, 0.946646039, -1.8072739e-005, 6.8582893e-006, 1.67565088e-005, 1, 0, 0, 0, 0, 0, 0, 0, 0.284394336, -0.134483154, -0.172333789, -0.118270141, 0.631545863, -0.766242949, -0.912719727, 0.234741211, 0.334350586, 0.390991056, 0.738915012, 0.548741869, 0, 0, -0, 0, 0, 0, 0, 0.342278223, -0.0992257324, -0.133701611, 0.087067091, 0.325564925, -0.941392542, 0.307373047, -0.907714844, -0.285400391, -0.947505561, -0.264414761, -0.179095333, 0, 2, 1, 1, 
517.65907, 68, 0.1, 0.1, 0.0137163009, 0.352734237, -0.0349693099, 0.94664668, -0.322273274, 9.84796413e-006, 0.322273273, 0.94664668, 2.31927155e-005, -1.67969349e-005, -1.87815715e-005, 1, 0.946646572, -0.322273592, 2.73014229e-006, 0.322273592, 0.946646572, 1.85192652e-005, -8.55274994e-006, -1.66513461e-005, 1, 0, 0, 0, 0, 0, 0, 0, 0.284394336, -0.134483154, -0.172333789, -0.118270141, 0.631545863, -0.766242949, -0.912719727, 0.234741211, 0.334350586, 0.390991056, 0.738915012, 0.548741869, 0, 0, -0, 0, 0, 0, 0, 0.342278223, -0.0992257324, -0.133701611, 0.087067091, 0.325564925, -0.941392542, 0.307373047, -0.907714844, -0.285400391, -0.947505561, -0.264414761, -0.179095333, 0, 2, 1, 1, 
517.659761, 68, 0.1, 0.1, 0.0137162992, 0.352734237, -0.0349706586, 0.946647217, -0.322271696, -7.72665579e-006, 0.322271695, 0.946647217, -2.04833041e-005, 1.39156063e-005, 1.69003804e-005, 1, 0.946647111, -0.322272009, -9.29423501e-007, 0.322272009, 0.94664711, -1.60292965e-005, 6.04562967e-006, 1.48745601e-005, 1, 0, 0, 0, 0, 0, 0, 0, 0.284394336, -0.134483154, -0.172333789, -0.118270141, 0.631545863, -0.766242949, -0.912719727, 0.234741211, 0.334350586, 0.390991056, 0.738915012, 0.548741869, 0, 0, -0, 0, 0, 0, 0, 0.342278223, -0.0992257324, -0.133701611, 0.087067091, 0.325564925, -0.941392542, 0.307373047, -0.907714844, -0.285400391, -0.947505561, -0.264414761, -0.179095333, 0, 2, 1, 1, 
517.660454, 68, 0.1, 0.1, 0.0137163007, 0.352734235, -0.0349716856, 0.946647754, -0.322270119, 8.37584121e-006, 0.322270119, 0.946647754, 2.03531087e-005, -1.448817e-005, -1.65679413e-005, 1, 0.946647645, -0.322270439, 1.93442913e-006, 0.322270439, 0.946647645, 1.6340999e-005, -7.09744369e-006, -1.48457589e-005, 1, 0, 0, 0, 0, 0, 0, 0, 0.284394336, -0.134483154, -0.172333789, -0.118270141, 0.631545863, -0.766242949, -0.912719727, 0.234741211, 0.334350586, 0.390991056, 0.738915012, 0.548741869, 0, 0, -0, 0, 0, 0, 0, 0.342278223, -0.0992257324, -0.133701611, 0.087067091, 0.325564925, -0.941392542, 0.307373047, -0.907714844, -0.285400391, -0.947505561, -0.264414761, -0.179095333, 0, 2, 1, 1, 
517.66115, 68, 0.1, 0.1, 0.0137162996, 0.352734236, -0.0349720488, 0.94664829, -0.322268546, -8.91510488e-006, 0.322268546, 0.946648289, -2.13362377e-005, 1.53154671e-005, 1.73248551e-005, 1, 0.946648183, -0.322268859, -2.42676307e-006, 0.322268859, 0.946648183, -1.72913325e-005, 7.86974885e-006, 1.55867383e-005, 1, 0, 0, 0, 0, 0, 0, 0, 0.284394336, -0.134483154, -0.172333789, -0.118270141, 0.631545863, -0.766242949, -0.912719727, 0.234741211, 0.334350586, 0.390991056, 0.738915012, 0.548741869, 0, 0, -0, 0, 0, 0, 0, 0.342278223, -0.0992257324, -0.133701611, 0.087067091, 0.325564925, -0.941392542, 0.307373047, -0.907714844, -0.285400391, -0.947505561, -0.264414761, -0.179095333, 0, 2, 1, 1, 
517.661838, 68, 0.1, 0.1, 0.0137163013, 0.352734235, -0.0349717498, 0.946648815, -0.322267003, 7.62681733e-006, 0.322267003, 0.946648815, 1.94055352e-005, -1.34736813e-005, -1.59123554e-005, 1, 0.94664871, -0.322267311, 1.27782402e-006, 0.32226731, 0.94664871, 1.55107993e-005, -6.20827403e-006, -1.42714772e-005, 1, 0, 0, 0, 0, 0, 0, 0, 0.284394336, -0.134483154, -0.172333789, -0.118270141, 0.631545863, -0.766242949, -0.912719727, 0.234741211, 0.334350586, 0.390991056, 0.738915012, 0.548741869, 0, 0, -0, 0, 0, 0, 0, 0.342278223, -0.0992257324, -0.133701611, 0.087067091, 0.325564925, -0.941392542, 0.307373047, -0.907714844, -0.285400391, -0.947505561, -0.264414761, -0.179095333, 0, 2, 1, 1, 
517.662528, 68, 0.1, 0.1, 0.0137163005, 0.352734237, -0.0349709467, 0.94664934, -0.322265462, -1.00015848e-005, 0.322265461, 0.94664934, -2.25930647e-005, 1.6748958e-005, 1.81645445e-005, 1, 0.946649235, -0.322265769, -3.44889259e-006, 0.322265769, 0.946649235, -1.86913238e-005, 9.28846536e-006, 1.65826673e-005, 1, 0, 0, 0, 0, 0, 0, 0, 0.284394336, -0.134483154, -0.172333789, -0.118270141, 0.631545863, -0.766242949, -0.912719727, 0.234741211, 0.334350586, 0.390991056, 0.738915012, 0.548741869, 0, 0, -0, 0, 0, 0, 0, 0.342278223, -0.0992257324, -0.133701611, 0.087067091, 0.325564925, -0.941392542, 0.307373047, -0.907714844, -0.285400391, -0.947505561, -0.264414761, -0.179095333, 0, 2, 1, 1, 
517.663248, 68, 0.1, 0.1, 0.0137163023, 0.352734235, -0.0349695763, 0.946649887, -0.322263853, 9.32238546e-006, 0.322263853, 0.946649887, 2.40703517e-005, -1.65820394e-005, -1.97819279e-005, 1, 0.946649781, -0.322264166, 2.28811005e-006, 0.322264166, 0.946649781, 1.99709032e-005, -8.60194533e-006, -1.81680752e-005, 1, 0, 0, 0, 0, 0, 0, 0, 0.285323779, -0.136293018, -0.17143606, -0.121736639, 0.630969235, -0.766141477, -0.913574219, 0.23034668, 0.334838867, 0.387832338, 0.740736628, 0.548602206, 0, 0, -0, 0, 0, 0, 0, 0.343062305, -0.100693604, -0.132818408, 0.0849460279, 0.325423468, -0.941686384, 0.3125, -0.906005859, -0.28503418, -0.946010096, -0.270075793, -0.178635246, 0, 2, 1, 1, 
517.663941, 68, 0.1, 0.1, 0.013716301, 0.352734235, -0.034968286, 0.946650418, -0.322262295, -9.81240323e-006, 0.322262294, 0.946650418, -2.28311247e-005, 1.66465263e-005, 1.84509262e-005, 1, 0.946650311, -0.322262609, -2.5732732e-006, 0.322262609, 0.946650311, -1.83046503e-005, 8.33489423e-006, 1.64988332e-005, 1, 0, 0, 0, 0, 0, 0, 0, 0.285323779, -0.136293018, -0.17143606, -0.121736639, 0.630969235, -0.766141477, -0.913574219, 0.23034668, 0.334838867, 0.387832338, 0.740736628, 0.548602206, 0, 0, -0, 0, 0, 0, 0, 0.343062305, -0.100693604, -0.132818408, 0.0849460279, 0.325423468, -0.941686384, 0.3125, -0.906005859, -0.28503418, -0.946010096, -0.270075793, -0.178635246, 0, 2, 1, 1, 
517.664631, 68, 0.1, 0.1, 0.0137163027, 0.352734234, -0.0349675536, 0.94665095, -0.32226073, 1.00306571e-005, 0.32226073, 0.94665095, 2.42626447e-005, -1.73144286e-005, -1.97357688e-005, 1, 0.946650843, -0.322261045, 2.58312045e-006, 0.322261045, 0.946650843, 1.9818342e-005, -8.83199277e-006, -1.79286111e-005, 1, 0, 0, 0, 0, 0, 0, 0, 0.285323779, -0.136293018, -0.17143606, -0.121736639, 0.630969235, -0.766141477, -0.913574219, 0.23034668, 0.334838867, 0.387832338, 0.740736628, 0.548602206, 0, 0, -0, 0, 0, 0, 0, 0.343062305, -0.100693604, -0.132818408, 0.0849460279, 0.325423468, -0.941686384, 0.3125, -0.906005859, -0.28503418, -0.946010096, -0.270075793, -0.178635246, 0, 2, 1, 1, 
517.665333, 68, 0.1, 0.1, 0.0137163012, 0.352734235, -0.0349675124, 0.946651497, -0.322259125, -9.83595482e-006, 0.322259125, 0.946651496, -2.44987069e-005, 1.72061532e-005, 2.00220114e-005, 1, 0.946651381, -0.322259464, -1.95839467e-006, 0.322259464, 0.946651381, -1.94422795e-005, 8.11937558e-006, 1.77739495e-005, 1, 0, 0, 0, 0, 0, 0, 0, 0.285323779, -0.136293018, -0.17143606, -0.121736639, 0.630969235, -0.766141477, -0.913574219, 0.23034668, 0.334838867, 0.387832338, 0.740736628, 0.548602206, 0, 0, -0, 0, 0, 0, 0, 0.343062305, -0.100693604, -0.132818408, 0.0849460279, 0.325423468, -0.941686384, 0.3125, -0.906005859, -0.28503418, -0.946010096, -0.270075793, -0.178635246, 0, 2, 1, 1, 
