time, trialNum, realDorsalTactorPos, realVentralTactorPos, boxPosX, boxPosY, boxPosZ, boxLocalRot_11, boxLocalRot_12, boxLocalRot_13, boxLocalRot_21, boxLocalRot_22, boxLocalRot_23, boxLocalRot_31, boxLocalRot_32, boxLocalRot_33, boxGlobalRot_11, boxGlobalRot_12, boxGlobalRot_13, boxGlobalRot_21, boxGlobalRot_22, boxGlobalRot_23, boxGlobalRot_31, boxGlobalRot_32, boxGlobalRot_33, indexForceX, indexForceY, indexForceZ, indexForceGlobalX, indexForceGlobalY, indexForceGlobalZ, indexContact, indexPosX, indexPosY, indexPosZ, indexRot_11, indexRot_12, indexRot_13, indexRot_21, indexRot_22, indexRot_23, indexRot_31, indexRot_32, indexRot_33, thumbForceX, thumbForceY, thumbForceZ, thumbForceGlobalX, thumbForceGlobalY, thumbForceGlobalZ, thumbContact, thumbPosX, thumbPosY, thumbPosZ, thumbRot_11, thumbRot_12, thumbRot_13, thumbRot_21, thumbRot_22, thumbRot_23, thumbRot_31, thumbRot_32, thumbRot_33, manipForceTooHigh, cceExpType, mapping, trialSuccess, 
513.758157, 67, 0.1, 0.1, 0.0208013391, 0.375170212, -0.0349811144, 0.883825679, -0.467816384, -2.05747462e-005, 0.467816384, 0.883825679, -9.61063815e-006, 2.2680503e-005, -1.13107458e-006, 1, 0.88382568, -0.467816382, -2.34887814e-005, 0.467816382, 0.88382568, -1.44293653e-005, 2.75102816e-005, 1.76460688e-006, 1, 0, 0, 0, 0, 0, 0, 0, 0.286876465, -0.130098853, -0.185178491, -0.389157227, 0.47332576, -0.790204737, -0.914916992, -0.0987548828, 0.391357422, 0.107118281, 0.875330947, 0.471584327, 0, 0, -0, 0, 0, 0, 0, 0.344222363, -0.0634485352, -0.1383104, 0.0346220725, 0.521070163, -0.852709347, 0.559448242, -0.717041016, -0.415405273, -0.828065676, -0.462716584, -0.316329149, 0, 2, 1, 1, 
513.762348, 67, 0.1, 0.1, 0.0208013077, 0.375170208, -0.0349753362, 0.883825404, -0.467816904, -1.13133197e-006, 0.467816904, 0.883825404, -7.67946681e-006, 4.59248433e-006, 6.25805164e-006, 1, 0.883825412, -0.467816889, -3.88318769e-009, 0.467816889, 0.883825412, 2.18176449e-006, -1.01723422e-006, -1.93011552e-006, 1, 0, 0, 0, 0, 0, 0, 0, 0.287999243, -0.132610791, -0.183101562, -0.39325165, 0.472221557, -0.788903582, -0.913452148, -0.103027344, 0.393676758, 0.104676976, 0.875382244, 0.471996204, 0, 0, -0, 0, 0, 0, 0, 0.344446045, -0.0665018066, -0.13692749, 0.0276832249, 0.520181339, -0.853583945, 0.560791016, -0.71484375, -0.417480469, -0.827444808, -0.467105998, -0.311511365, 0, 2, 1, 1, 
513.763045, 67, 0.1, 0.1, 0.0208013077, 0.37517021, -0.0349819243, 0.883825344, -0.467817018, -5.14089785e-008, 0.467817018, 0.883825344, 5.9626641e-006, -2.74399918e-006, -5.29400365e-006, 1, 0.88382536, -0.467816987, 2.76489637e-006, 0.467816987, 0.88382536, 3.12042923e-006, -3.90347533e-006, -1.464449e-006, 1, 0, 0, 0, 0, 0, 0, 0, 0.287999243, -0.132610791, -0.183101562, -0.39325165, 0.472221557, -0.788903582, -0.913452148, -0.103027344, 0.393676758, 0.104676976, 0.875382244, 0.471996204, 0, 0, -0, 0, 0, 0, 0, 0.344446045, -0.0665018066, -0.13692749, 0.0276832249, 0.520181339, -0.853583945, 0.560791016, -0.71484375, -0.417480469, -0.827444808, -0.467105998, -0.311511365, 0, 2, 1, 1, 
513.76375, 67, 0.1, 0.1, 0.0208013081, 0.37517021, -0.0349843334, 0.883825238, -0.467817217, 5.81074227e-006, 0.467817217, 0.883825238, -4.24193668e-007, -4.93723557e-006, 3.09327835e-006, 1, 0.883825261, -0.467817174, 4.78038408e-006, 0.467817174, 0.883825261, -1.76020287e-006, -3.40157107e-006, 3.79205753e-006, 1, 0, 0, 0, 0, 0, 0, 0, 0.287999243, -0.132610791, -0.183101562, -0.39325165, 0.472221557, -0.788903582, -0.913452148, -0.103027344, 0.393676758, 0.104676976, 0.875382244, 0.471996204, 0, 0, -0, 0, 0, 0, 0, 0.344515234, -0.0682114746, -0.136045264, 0.0251658742, 0.518711394, -0.854420629, 0.561767578, -0.714355469, -0.417114258, -0.826850194, -0.469469864, -0.309389935, 0, 2, 1, 1, 
513.764443, 67, 0.1, 0.1, 0.0208013087, 0.37517021, -0.0349822712, 0.88382511, -0.467817459, -2.31246824e-006, 0.467817459, 0.88382511, 2.05854313e-006, 1.08079508e-006, -2.90120513e-006, 1, 0.883825136, -0.467817409, 5.26683684e-007, 0.467817409, 0.883825136, -6.50229142e-007, -1.61307766e-007, 8.21080656e-007, 1, 0, 0, 0, 0, 0, 0, 0, 0.287999243, -0.132610791, -0.183101562, -0.39325165, 0.472221557, -0.788903582, -0.913452148, -0.103027344, 0.393676758, 0.104676976, 0.875382244, 0.471996204, 0, 0, -0, 0, 0, 0, 0, 0.344515234, -0.0682114746, -0.136045264, 0.0251658742, 0.518711394, -0.854420629, 0.561767578, -0.714355469, -0.417114258, -0.826850194, -0.469469864, -0.309389935, 0, 2, 1, 1, 
513.765135, 67, 0.1, 0.1, 0.0208013094, 0.37517021, -0.0349767194, 0.883824997, -0.467817673, -4.19008256e-006, 0.467817673, 0.883824997, -4.35040475e-006, 5.73849593e-006, 1.88480179e-006, 1, 0.883825016, -0.467817636, 1.3374905e-006, 0.467817636, 0.883825016, -2.50865569e-006, -8.51418665e-009, 2.8429143e-006, 1, 0, 0, 0, 0, 0, 0, 0, 0.287999243, -0.132610791, -0.183101562, -0.39325165, 0.472221557, -0.788903582, -0.913452148, -0.103027344, 0.393676758, 0.104676976, 0.875382244, 0.471996204, 0, 0, -0, 0, 0, 0, 0, 0.344515234, -0.0682114746, -0.136045264, 0.0251658742, 0.518711394, -0.854420629, 0.561767578, -0.714355469, -0.417114258, -0.826850194, -0.469469864, -0.309389935, 0, 2, 1, 1, 
513.765841, 67, 0.1, 0.1, 0.0208013096, 0.375170209, -0.0349693524, 0.883824928, -0.467817803, 2.83936347e-006, 0.467817803, 0.883824928, 7.55759752e-006, -6.04507888e-006, -5.3512883e-006, 1, 0.883824942, -0.467817777, 8.2067676e-006, 0.467817777, 0.883824942, 3.59529029e-006, -8.93528661e-006, 6.61664544e-007, 1, 0, 0, 0, 0, 0, 0, 0, 0.288337329, -0.134214868, -0.182404004, -0.395333497, 0.471396681, -0.788338937, -0.912597656, -0.104492188, 0.395141602, 0.104017973, 0.875636483, 0.471659589, 0, 0, -0, 0, 0, 0, 0, 0.344515234, -0.0682114746, -0.136045264, 0.0251658742, 0.518711394, -0.854420629, 0.561767578, -0.714355469, -0.417114258, -0.826850194, -0.469469864, -0.309389935, 0, 2, 1, 1, 
513.766534, 67, 0.1, 0.1, 0.0208013099, 0.375170208, -0.0349627983, 0.883824824, -0.467818, 7.81803514e-006, 0.467818, 0.883824824, 1.16013349e-005, -1.23370868e-005, -6.59613022e-006, 1, 0.883824844, -0.467817961, 5.12274008e-006, 0.467817961, 0.883824844, 1.01617557e-005, -9.2814568e-006, -6.58470236e-006, 1, 0, 0, 0, 0, 0, 0, 0, 0.288337329, -0.134214868, -0.182404004, -0.395333497, 0.471396681, -0.788338937, -0.912597656, -0.104492188, 0.395141602, 0.104017973, 0.875636483, 0.471659589, 0, 0, -0, 0, 0, 0, 0, 0.344515234, -0.0682114746, -0.136045264, 0.0251658742, 0.518711394, -0.854420629, 0.561767578, -0.714355469, -0.417114258, -0.826850194, -0.469469864, -0.309389935, 0, 2, 1, 1, 
513.767229, 67, 0.1, 0.1, 0.0208013098, 0.375170209, -0.0349586742, 0.883824734, -0.46781817, 6.26277256e-006, 0.46781817, 0.883824734, 6.83319112e-006, -8.73188426e-006, -3.10950453e-006, 1, 0.883824753, -0.467818134, 5.52607158e-007, 0.467818134, 0.883824753, -5.60725308e-006, 2.13476679e-006, 5.21434872e-006, 1, 0, 0, 0, 0, 0, 0, 0, 0.288337329, -0.134214868, -0.182404004, -0.395333497, 0.471396681, -0.788338937, -0.912597656, -0.104492188, 0.395141602, 0.104017973, 0.875636483, 0.471659589, 0, 0, -0, 0, 0, 0, 0, 0.344515234, -0.0682114746, -0.136045264, 0.0251658742, 0.518711394, -0.854420629, 0.561767578, -0.714355469, -0.417114258, -0.826850194, -0.469469864, -0.309389935, 0, 2, 1, 1, 
513.767932, 67, 0.1, 0.1, 0.0208013107, 0.375170208, -0.0349580741, 0.883824678, -0.467818275, -7.57052005e-006, 0.467818275, 0.883824678, 4.81615678e-006, 4.43792629e-006, -7.79826584e-006, 1, 0.883824682, -0.467818268, -1.07443104e-005, 0.467818268, 0.883824682, 2.23729351e-006, 8.44943995e-006, -7.00375991e-006, 1, 0, 0, 0, 0, 0, 0, 0, 0.288337329, -0.134214868, -0.182404004, -0.397593199, 0.470571806, -0.787615533, -0.911621094, -0.106323242, 0.396728516, 0.103016363, 0.875890723, 0.471545013, 0, 0, -0, 0, 0, 0, 0, 0.344515234, -0.0682114746, -0.136045264, 0.0251658742, 0.518711394, -0.854420629, 0.561767578, -0.714355469, -0.417114258, -0.826850194, -0.469469864, -0.309389935, 0, 2, 1, 1, 
513.768635, 67, 0.1, 0.1, 0.0208013087, 0.375170211, -0.0349606408, 0.883824728, -0.467818181, -3.67702271e-006, 0.46781818, 0.883824728, -1.0723244e-005, 8.26637207e-006, 7.75729011e-006, 1, 0.883824708, -0.467818218, 3.73423358e-006, 0.467818218, 0.883824708, -1.69621739e-005, 4.63480606e-006, 1.67385309e-005, 1, 0, 0, 0, 0, 0, 0, 0, 0.288665283, -0.135595703, -0.181474414, -0.397593199, 0.470571806, -0.787615533, -0.911621094, -0.106323242, 0.396728516, 0.103016363, 0.875890723, 0.471545013, 0, 0, -0, 0, 0, 0, 0, 0.34504458, -0.0692169922, -0.135163525, 0.0225464449, 0.518084696, -0.854886913, 0.564208984, -0.712524414, -0.416992187, -0.825284366, -0.472849786, -0.308457002, 0, 2, 1, 1, 
513.769377, 67, 0.1, 0.1, 0.0208013101, 0.375170207, -0.0349655715, 0.883824902, -0.467817852, -2.4742153e-006, 0.467817852, 0.883824902, -5.86082476e-008, 2.21419108e-006, -1.10568266e-006, 1, 0.883824868, -0.467817917, 1.06672189e-007, 0.467817917, 0.883824868, 1.44178582e-005, -6.83921191e-006, -1.26929584e-005, 1, 0, 0, 0, 0, 0, 0, 0, 0.288665283, -0.135595703, -0.181474414, -0.397593199, 0.470571806, -0.787615533, -0.911621094, -0.106323242, 0.396728516, 0.103016363, 0.875890723, 0.471545013, 0, 0, -0, 0, 0, 0, 0, 0.34504458, -0.0692169922, -0.135163525, 0.0225464449, 0.518084696, -0.854886913, 0.564208984, -0.712524414, -0.416992187, -0.825284366, -0.472849786, -0.308457002, 0, 2, 1, 1, 
513.770074, 67, 0.1, 0.1, 0.020801306, 0.375170214, -0.0349709615, 0.883824974, -0.467817715, 1.44145834e-005, 0.467817715, 0.883824974, -1.53212498e-005, -5.57241672e-006, 2.02847007e-005, 1, 0.883824967, -0.467817729, 2.023308e-005, 0.467817729, 0.883824967, -2.08236688e-005, -8.1408198e-006, 2.7869872e-005, 1, 0, 0, 0, 0, 0, 0, 0, 0.288665283, -0.135595703, -0.181474414, -0.397593199, 0.470571806, -0.787615533, -0.911621094, -0.106323242, 0.396728516, 0.103016363, 0.875890723, 0.471545013, 0, 0, -0, 0, 0, 0, 0, 0.34504458, -0.0692169922, -0.135163525, 0.0225464449, 0.518084696, -0.854886913, 0.564208984, -0.712524414, -0.416992187, -0.825284366, -0.472849786, -0.308457002, 0, 2, 1, 1, 
513.770765, 67, 0.1, 0.1, 0.0208013088, 0.375170209, -0.0349755933, 0.883825058, -0.467817557, -7.23541477e-006, 0.467817557, 0.883825058, 2.75472653e-005, -6.49225348e-006, -2.77318174e-005, 1, 0.883825034, -0.467817602, -8.50111349e-006, 0.467817602, 0.883825034, 2.56208211e-005, -4.47237416e-006, -2.66212936e-005, 1, 0, 0, 0, 0, 0, 0, 0, 0.288665283, -0.135595703, -0.181474414, -0.397593199, 0.470571806, -0.787615533, -0.911621094, -0.106323242, 0.396728516, 0.103016363, 0.875890723, 0.471545013, 0, 0, -0, 0, 0, 0, 0, 0.34504458, -0.0692169922, -0.135163525, 0.0225464449, 0.518084696, -0.854886913, 0.564208984, -0.712524414, -0.416992187, -0.825284366, -0.472849786, -0.308457002, 0, 2, 1, 1, 
513.771464, 67, 0.1, 0.1, 0.0208013096, 0.375170209, -0.0349782511, 0.883825139, -0.467817403, 1.43508136e-005, 0.467817403, 0.883825139, -1.67773407e-005, -4.83487782e-006, 2.15417958e-005, 1, 0.883825136, -0.46781741, 4.30979479e-006, 0.46781741, 0.883825136, -1.01857111e-005, 9.5594803e-007, 1.10185846e-005, 1, 0, 0, 0, 0, 0, 0, 0, 0.288665283, -0.135595703, -0.181474414, -0.397593199, 0.470571806, -0.787615533, -0.911621094, -0.106323242, 0.396728516, 0.103016363, 0.875890723, 0.471545013, 0, 0, -0, 0, 0, 0, 0, 0.34504458, -0.0692169922, -0.135163525, 0.0225464449, 0.518084696, -0.854886913, 0.564208984, -0.712524414, -0.416992187, -0.825284366, -0.472849786, -0.308457002, 0, 2, 1, 1, 
513.772156, 67, 0.1, 0.1, 0.0208013059, 0.375170215, -0.0349782712, 0.883825183, -0.46781732, 4.64345129e-006, 0.46781732, 0.883825183, -6.79183756e-006, -9.26659936e-007, 8.17508402e-006, 1, 0.883825169, -0.467817348, 7.59400907e-006, 0.467817348, 0.883825169, -1.75406508e-005, 1.49404437e-006, 1.90554778e-005, 1, 0, 0, 0, 0, 0, 0, 0, 0.288665283, -0.135595703, -0.181474414, -0.397593199, 0.470571806, -0.787615533, -0.911621094, -0.106323242, 0.396728516, 0.103016363, 0.875890723, 0.471545013, 0, 0, -0, 0, 0, 0, 0, 0.34504458, -0.0692169922, -0.135163525, 0.0225464449, 0.518084696, -0.854886913, 0.564208984, -0.712524414, -0.416992187, -0.825284366, -0.472849786, -0.308457002, 0, 2, 1, 1, 
513.772882, 67, 0.1, 0.1, 0.0208013091, 0.37517021, -0.0349755477, 0.88382524, -0.467817213, -7.57139088e-006, 0.467817213, 0.88382524, 1.52758792e-005, -4.5453288e-007, -1.70432346e-005, 1, 0.883825227, -0.467817238, -8.01773264e-006, 0.467817238, 0.883825227, 2.05892337e-005, -2.54572407e-006, -2.19481177e-005, 1, 0, 0, 0, 0, 0, 0, 0, 0.289269214, -0.137125806, -0.180975806, -0.398900345, 0.471237922, -0.786637889, -0.911132812, -0.107055664, 0.397949219, 0.103346986, 0.875414444, 0.472255313, 0, 0, -0, 0, 0, 0, 0, 0.34504458, -0.0692169922, -0.135163525, 0.0225464449, 0.518084696, -0.854886913, 0.564208984, -0.712524414, -0.416992187, -0.825284366, -0.472849786, -0.308457002, 0, 2, 1, 1, 
513.773593, 67, 0.1, 0.1, 0.0208013088, 0.375170213, -0.0349709053, 0.88382525, -0.467817194, 1.29189628e-005, 0.467817194, 0.88382525, -9.17918773e-006, -7.12392364e-006, 1.41565108e-005, 1, 0.883825257, -0.467817181, 1.1727425e-005, 0.467817181, 0.883825257, -1.32620097e-005, -4.1607984e-006, 1.72075901e-005, 1, 0, 0, 0, 0, 0, 0, 0, 0.289269214, -0.137125806, -0.180975806, -0.398900345, 0.471237922, -0.786637889, -0.911132812, -0.107055664, 0.397949219, 0.103346986, 0.875414444, 0.472255313, 0, 0, -0, 0, 0, 0, 0, 0.345651807, -0.0703556641, -0.134487207, 0.021179311, 0.518435775, -0.854752751, 0.566162109, -0.71081543, -0.417114258, -0.823955145, -0.475022255, -0.308565643, 0, 2, 1, 1, 
513.774291, 67, 0.1, 0.1, 0.0208013107, 0.375170211, -0.0349662544, 0.883825206, -0.467817278, 1.43784439e-006, 0.467817278, 0.883825206, 1.40435684e-005, -7.84062707e-006, -1.17394113e-005, 1, 0.883825211, -0.467817268, -9.30200811e-006, 0.467817269, 0.883825211, 1.43231906e-005, 1.52071339e-006, -1.7010837e-005, 1, 0, 0, 0, 0, 0, 0, 0, 0.289269214, -0.137125806, -0.180975806, -0.398900345, 0.471237922, -0.786637889, -0.911132812, -0.107055664, 0.397949219, 0.103346986, 0.875414444, 0.472255313, 0, 0, -0, 0, 0, 0, 0, 0.345651807, -0.0703556641, -0.134487207, 0.021179311, 0.518435775, -0.854752751, 0.566162109, -0.71081543, -0.417114258, -0.823955145, -0.475022255, -0.308565643, 0, 2, 1, 1, 
513.77499, 67, 0.1, 0.1, 0.0208013077, 0.375170216, -0.0349629199, 0.883825265, -0.467817165, 9.47985698e-006, 0.467817165, 0.883825265, -2.19301988e-005, 1.88078633e-006, 2.38173036e-005, 1, 0.883825248, -0.467817197, 8.65979864e-006, 0.467817197, 0.883825248, -2.79033318e-005, 5.39990978e-006, 2.87128719e-005, 1, 0, 0, 0, 0, 0, 0, 0, 0.289269214, -0.137125806, -0.180975806, -0.398900345, 0.471237922, -0.786637889, -0.911132812, -0.107055664, 0.397949219, 0.103346986, 0.875414444, 0.472255313, 0, 0, -0, 0, 0, 0, 0, 0.345651807, -0.0703556641, -0.134487207, 0.021179311, 0.518435775, -0.854752751, 0.566162109, -0.71081543, -0.417114258, -0.823955145, -0.475022255, -0.308565643, 0, 2, 1, 1, 
513.775696, 67, 0.1, 0.1, 0.0208013089, 0.375170213, -0.0349617573, 0.883825274, -0.467817148, -1.39178153e-005, 0.467817149, 0.883825274, 9.91753821e-006, 7.6613225e-006, -1.52763636e-005, 1, 0.883825285, -0.467817129, -1.25483199e-005, 0.467817129, 0.883825285, 1.56393217e-005, 3.77417984e-006, -1.96927469e-005, 1, 0, 0, 0, 0, 0, 0, 0, 0.289269214, -0.137125806, -0.180975806, -0.398900345, 0.471237922, -0.786637889, -0.911132812, -0.107055664, 0.397949219, 0.103346986, 0.875414444, 0.472255313, 0, 0, -0, 0, 0, 0, 0, 0.345651807, -0.0703556641, -0.134487207, 0.0202080982, 0.518339893, -0.85482931, 0.566040039, -0.710693359, -0.417602539, -0.824057224, -0.475277818, -0.307837234, 0, 2, 1, 1, 
513.776392, 67, 0.1, 0.1, 0.0208013064, 0.375170218, -0.0349628886, 0.883825216, -0.467817259, 5.26962964e-006, 0.467817259, 0.883825215, -1.93819785e-005, 4.40979249e-006, 1.9595505e-005, 1, 0.883825223, -0.467817245, 1.61703983e-005, 0.467817246, 0.883825223, -1.92447571e-005, -5.28877664e-006, 2.45737929e-005, 1, 0, 0, 0, 0, 0, 0, 0, 0.289269214, -0.137125806, -0.180975806, -0.398900345, 0.471237922, -0.786637889, -0.911132812, -0.107055664, 0.397949219, 0.103346986, 0.875414444, 0.472255313, 0, 0, -0, 0, 0, 0, 0, 0.346255127, -0.0721533203, -0.133807227, 0.0202080982, 0.518339893, -0.85482931, 0.566040039, -0.710693359, -0.417602539, -0.824057224, -0.475277818, -0.307837234, 0, 2, 1, 1, 
513.777086, 67, 0.1, 0.1, 0.0208013085, 0.375170214, -0.0349659552, 0.883825265, -0.467817167, -4.24265354e-006, 0.467817167, 0.883825264, 2.05191037e-005, -5.84942459e-006, -2.01200885e-005, 1, 0.883825251, -0.467817193, -3.18142206e-006, 0.467817193, 0.88382525, 2.45729989e-005, -8.68385022e-006, -2.32065608e-005, 1, 0, 0, 0, 0, 0, 0, 0, 0.289269214, -0.137125806, -0.180975806, -0.398900345, 0.471237922, -0.786637889, -0.911132812, -0.107055664, 0.397949219, 0.103346986, 0.875414444, 0.472255313, 0, 0, -0, 0, 0, 0, 0, 0.346255127, -0.0721533203, -0.133807227, 0.0202080982, 0.518339893, -0.85482931, 0.566040039, -0.710693359, -0.417602539, -0.824057224, -0.475277818, -0.307837234, 0, 2, 1, 1, 
513.777779, 67, 0.1, 0.1, 0.0208013078, 0.375170216, -0.0349699054, 0.883825274, -0.467817149, 1.35137679e-005, 0.467817149, 0.883825274, -6.09220746e-006, -9.09377051e-006, 1.17064193e-005, 1, 0.883825281, -0.467817135, 1.24735958e-005, 0.467817136, 0.883825281, -1.01510474e-005, -6.27564537e-006, 1.48071142e-005, 1, 0, 0, 0, 0, 0, 0, 0, 0.289269214, -0.137125806, -0.180975806, -0.398900345, 0.471237922, -0.786637889, -0.911132812, -0.107055664, 0.397949219, 0.103346986, 0.875414444, 0.472255313, 0, 0, -0, 0, 0, 0, 0, 0.346255127, -0.0721533203, -0.133807227, 0.0202080982, 0.518339893, -0.85482931, 0.566040039, -0.710693359, -0.417602539, -0.824057224, -0.475277818, -0.307837234, 0, 2, 1, 1, 
513.778485, 67, 0.1, 0.1, 0.0208013102, 0.375170212, -0.0349735026, 0.883825228, -0.467817236, -3.61729451e-006, 0.467817236, 0.883825228, 1.76471893e-005, -5.05860318e-006, -1.72892638e-005, 1, 0.883825234, -0.467817225, -1.09059352e-005, 0.467817225, 0.883825233, 1.72659666e-005, 1.56162417e-006, -2.03620814e-005, 1, 0, 0, 0, 0, 0, 0, 0, 0.289903052, -0.138699365, -0.180295215, -0.399579566, 0.471015883, -0.78641585, -0.910888672, -0.107666016, 0.39831543, 0.102960197, 0.875573204, 0.472096553, 0, 0, -0, 0, 0, 0, 0, 0.346255127, -0.0721533203, -0.133807227, 0.0202080982, 0.518339893, -0.85482931, 0.566040039, -0.710693359, -0.417602539, -0.824057224, -0.475277818, -0.307837234, 0, 2, 1, 1, 
513.779185, 67, 0.1, 0.1, 0.0208013098, 0.375170214, -0.0349756745, 0.88382526, -0.467817175, 2.13511514e-006, 0.467817175, 0.88382526, -1.07805879e-005, 3.15627549e-006, 1.05269994e-005, 1, 0.88382525, -0.467817194, 1.45032899e-006, 0.467817194, 0.88382525, -1.35982022e-005, 5.0796354e-006, 1.26969233e-005, 1, 0, 0, 0, 0, 0, 0, 0, 0.289903052, -0.138699365, -0.180295215, -0.399579566, 0.471015883, -0.78641585, -0.910888672, -0.107666016, 0.39831543, 0.102960197, 0.875573204, 0.472096553, 0, 0, -0, 0, 0, 0, 0, 0.346255127, -0.0721533203, -0.133807227, 0.0202080982, 0.518339893, -0.85482931, 0.566040039, -0.710693359, -0.417602539, -0.824057224, -0.475277818, -0.307837234, 0, 2, 1, 1, 
513.779877, 67, 0.1, 0.1, 0.0208013117, 0.375170212, -0.0349759385, 0.883825264, -0.467817168, -1.06318964e-005, 0.467817168, 0.883825264, 5.28280694e-006, 6.92535088e-006, -9.64286191e-006, 1, 0.88382527, -0.467817156, -1.03101738e-005, 0.467817156, 0.88382527, 9.38746823e-006, 4.72077344e-006, -1.31201578e-005, 1, 0, 0, 0, 0, 0, 0, 0, 0.289903052, -0.138699365, -0.180295215, -0.399579566, 0.471015883, -0.78641585, -0.910888672, -0.107666016, 0.39831543, 0.102960197, 0.875573204, 0.472096553, 0, 0, -0, 0, 0, 0, 0, 0.346255127, -0.0721533203, -0.133807227, 0.0202080982, 0.518339893, -0.85482931, 0.566040039, -0.710693359, -0.417602539, -0.824057224, -0.475277818, -0.307837234, 0, 2, 1, 1, 
513.780584, 67, 0.1, 0.1, 0.0208013106, 0.375170216, -0.0349743068, 0.883825226, -0.46781724, 1.72578327e-006, 0.46781724, 0.883825226, -1.58762471e-005, 5.90189129e-006, 1.48391788e-005, 1, 0.883825231, -0.467817231, 9.83957916e-006, 0.467817231, 0.88382523, -1.559127e-005, -1.40260356e-006, 1.83830825e-005, 1, 0, 0, 0, 0, 0, 0, 0, 0.289903052, -0.138699365, -0.180295215, -0.401534854, 0.47039395, -0.785736629, -0.91015625, -0.109863281, 0.399291992, 0.101539597, 0.875548116, 0.472483343, 0, 0, -0, 0, 0, 0, 0, 0.346255127, -0.0721533203, -0.133807227, 0.0202080982, 0.518339893, -0.85482931, 0.566040039, -0.710693359, -0.417602539, -0.824057224, -0.475277818, -0.307837234, 0, 2, 1, 1, 
513.781295, 67, 0.1, 0.1, 0.0208013125, 0.375170213, -0.0349710982, 0.883825268, -0.467817161, -1.84001694e-006, 0.467817161, 0.883825268, 1.10952169e-005, -3.5642794e-006, -1.06670245e-005, 1, 0.883825255, -0.467817184, -1.59030718e-006, 0.467817184, 0.883825255, 1.5852536e-005, -6.01053509e-006, -1.47548447e-005, 1, 0, 0, 0, 0, 0, 0, 0, 0.290915015, -0.140293921, -0.179812842, -0.401534854, 0.47039395, -0.785736629, -0.91015625, -0.109863281, 0.399291992, 0.101539597, 0.875548116, 0.472483343, 0, 0, -0, 0, 0, 0, 0, 0.347197266, -0.0737748535, -0.133341699, 0.017473464, 0.518045684, -0.855154869, 0.56652832, -0.709716797, -0.418334961, -0.823730932, -0.477149881, -0.305907568, 0, 2, 1, 1, 
513.781989, 67, 0.1, 0.1, 0.0208013104, 0.375170218, -0.0349677609, 0.883825273, -0.46781715, 1.68149121e-005, 0.46781715, 0.883825273, -1.14071499e-005, -9.52498393e-006, 1.79482316e-005, 1, 0.883825282, -0.467817135, 1.63411397e-005, 0.467817135, 0.883825281, -1.6765235e-005, -6.59964821e-006, 2.24622037e-005, 1, 0, 0, 0, 0, 0, 0, 0, 0.290915015, -0.140293921, -0.179812842, -0.401534854, 0.47039395, -0.785736629, -0.91015625, -0.109863281, 0.399291992, 0.101539597, 0.875548116, 0.472483343, 0, 0, -0, 0, 0, 0, 0, 0.347197266, -0.0737748535, -0.133341699, 0.017473464, 0.518045684, -0.855154869, 0.56652832, -0.709716797, -0.418334961, -0.823730932, -0.477149881, -0.305907568, 0, 2, 1, 1, 
513.78268, 67, 0.1, 0.1, 0.0208013124, 0.375170214, -0.0349652598, 0.883825223, -0.467817246, -8.18268646e-007, 0.467817246, 0.883825223, 1.82078959e-005, -7.79476125e-006, -1.64753978e-005, 1, 0.883825228, -0.467817235, -1.07961684e-005, 0.467817236, 0.883825228, 1.74718334e-005, 1.36830123e-006, -2.04926808e-005, 1, 0, 0, 0, 0, 0, 0, 0, 0.290915015, -0.140293921, -0.179812842, -0.401534854, 0.47039395, -0.785736629, -0.91015625, -0.109863281, 0.399291992, 0.101539597, 0.875548116, 0.472483343, 0, 0, -0, 0, 0, 0, 0, 0.347197266, -0.0737748535, -0.133341699, 0.017473464, 0.518045684, -0.855154869, 0.56652832, -0.709716797, -0.418334961, -0.823730932, -0.477149881, -0.305907568, 0, 2, 1, 1, 
513.783374, 67, 0.1, 0.1, 0.0208013107, 0.375170218, -0.0349642597, 0.883825274, -0.467817149, 4.50419792e-006, 0.467817149, 0.883825274, -1.57096086e-005, 3.36830035e-006, 1.59916902e-005, 1, 0.883825259, -0.467817177, 4.09997827e-006, 0.467817177, 0.883825259, -2.1336905e-005, 6.35810631e-006, 2.07761358e-005, 1, 0, 0, 0, 0, 0, 0, 0, 0.290915015, -0.140293921, -0.179812842, -0.401534854, 0.47039395, -0.785736629, -0.91015625, -0.109863281, 0.399291992, 0.101539597, 0.875548116, 0.472483343, 0, 0, -0, 0, 0, 0, 0, 0.347197266, -0.0737748535, -0.133341699, 0.017473464, 0.518045684, -0.855154869, 0.56652832, -0.709716797, -0.418334961, -0.823730932, -0.477149881, -0.305907568, 0, 2, 1, 1, 
513.784069, 67, 0.1, 0.1, 0.0208013135, 0.375170214, -0.0349649157, 0.883825284, -0.46781713, -1.76092455e-005, 0.467817131, 0.883825284, 1.39685046e-005, 9.02879072e-006, -2.05836242e-005, 1, 0.883825292, -0.467817114, -1.65415305e-005, 0.467817115, 0.883825292, 1.9033575e-005, 5.71559087e-006, -2.4560766e-005, 1, 0, 0, 0, 0, 0, 0, 0, 0.290915015, -0.140293921, -0.179812842, -0.401534854, 0.47039395, -0.785736629, -0.91015625, -0.109863281, 0.399291992, 0.101539597, 0.875548116, 0.472483343, 0, 0, -0, 0, 0, 0, 0, 0.347197266, -0.0737748535, -0.133341699, 0.017473464, 0.518045684, -0.855154869, 0.56652832, -0.709716797, -0.418334961, -0.823730932, -0.477149881, -0.305907568, 0, 2, 1, 1, 
513.784763, 67, 0.1, 0.1, 0.0208013127, 0.375170217, -0.0349669252, 0.88382523, -0.467817232, 1.32510649e-006, 0.467817232, 0.88382523, -1.66545534e-005, 6.62012453e-006, 1.53396222e-005, 1, 0.883825236, -0.467817221, 1.06050464e-005, 0.467817221, 0.883825236, -1.55572242e-005, -2.09507025e-006, 1.87110907e-005, 1, 0, 0, 0, 0, 0, 0, 0, 0.290915015, -0.140293921, -0.179812842, -0.401534854, 0.47039395, -0.785736629, -0.91015625, -0.109863281, 0.399291992, 0.101539597, 0.875548116, 0.472483343, 0, 0, -0, 0, 0, 0, 0, 0.347197266, -0.0737748535, -0.133341699, 0.017473464, 0.518045684, -0.855154869, 0.56652832, -0.709716797, -0.418334961, -0.823730932, -0.477149881, -0.305907568, 0, 2, 1, 1, 
513.785489, 67, 0.1, 0.1, 0.0208013156, 0.375170214, -0.0349694992, 0.883825277, -0.467817143, -5.31787779e-006, 0.467817143, 0.883825277, 1.44714968e-005, -2.06993949e-006, -1.52780691e-005, 1, 0.883825263, -0.467817171, -4.85851826e-006, 0.467817171, 0.883825262, 1.94677627e-005, -4.81327247e-006, -1.94789987e-005, 1, 0, 0, 0, 0, 0, 0, 0, 0.290915015, -0.140293921, -0.179812842, -0.403941333, 0.468401592, -0.785730637, -0.909423828, -0.112915039, 0.400146484, 0.0988309474, 0.876234451, 0.471740843, 0, 0, -0, 0, 0, 0, 0, 0.347197266, -0.0737748535, -0.133341699, 0.017473464, 0.518045684, -0.855154869, 0.56652832, -0.709716797, -0.418334961, -0.823730932, -0.477149881, -0.305907568, 0, 2, 1, 1, 
513.786198, 67, 0.1, 0.1, 0.020801315, 0.375170218, -0.0349715927, 0.88382529, -0.467817118, 1.25950746e-005, 0.467817118, 0.88382529, -1.16493468e-005, -5.68208157e-006, 1.61881788e-005, 1, 0.883825297, -0.467817106, 1.15669339e-005, 0.467817106, 0.883825297, -1.57057658e-005, -2.87572283e-006, 1.92923627e-005, 1, 0, 0, 0, 0, 0, 0, 0, 0.292123242, -0.141733105, -0.178921826, -0.403941333, 0.468401592, -0.785730637, -0.909423828, -0.112915039, 0.400146484, 0.0988309474, 0.876234451, 0.471740843, 0, 0, -0, 0, 0, 0, 0, 0.347924463, -0.0751697266, -0.13286958, 0.0148602313, 0.517725955, -0.855346266, 0.567138672, -0.708862305, -0.419311523, -0.82339188, -0.478779141, -0.304086544, 0, 2, 1, 1, 
513.786893, 67, 0.1, 0.1, 0.0208013169, 0.375170216, -0.0349729704, 0.883825251, -0.467817193, -1.16716813e-006, 0.467817193, 0.883825251, 1.23038438e-005, -4.72437699e-006, -1.14204691e-005, 1, 0.883825255, -0.467817185, -9.2109714e-006, 0.467817185, 0.883825255, 1.15221726e-005, 2.75061878e-006, -1.44926379e-005, 1, 0, 0, 0, 0, 0, 0, 0, 0.292123242, -0.141733105, -0.178921826, -0.403941333, 0.468401592, -0.785730637, -0.909423828, -0.112915039, 0.400146484, 0.0988309474, 0.876234451, 0.471740843, 0, 0, -0, 0, 0, 0, 0, 0.347924463, -0.0751697266, -0.13286958, 0.0148602313, 0.517725955, -0.855346266, 0.567138672, -0.708862305, -0.419311523, -0.82339188, -0.478779141, -0.304086544, 0, 2, 1, 1, 
513.787587, 67, 0.1, 0.1, 0.0208013157, 0.375170219, -0.0349732872, 0.883825291, -0.467817118, 3.99329626e-006, 0.467817118, 0.883825291, -1.29026612e-005, 2.50670956e-006, 1.32718307e-005, 1, 0.883825279, -0.467817139, 3.52875499e-006, 0.467817139, 0.883825279, -1.71368276e-005, 4.8980988e-006, 1.67967735e-005, 1, 0, 0, 0, 0, 0, 0, 0, 0.292123242, -0.141733105, -0.178921826, -0.403941333, 0.468401592, -0.785730637, -0.909423828, -0.112915039, 0.400146484, 0.0988309474, 0.876234451, 0.471740843, 0, 0, -0, 0, 0, 0, 0, 0.347924463, -0.0751697266, -0.13286958, 0.0148602313, 0.517725955, -0.855346266, 0.567138672, -0.708862305, -0.419311523, -0.82339188, -0.478779141, -0.304086544, 0, 2, 1, 1, 
513.788307, 67, 0.1, 0.1, 0.0208013177, 0.375170216, -0.0349723821, 0.883825295, -0.46781711, -1.24377659e-005, 0.46781711, 0.883825295, 9.76333979e-006, 6.42535469e-006, -1.44476864e-005, 1, 0.883825303, -0.467817095, -1.19274818e-005, 0.467817095, 0.883825302, 1.41398239e-005, 3.9269589e-006, -1.80770141e-005, 1, 0, 0, 0, 0, 0, 0, 0, 0.293712524, -0.142480103, -0.178199365, -0.407447145, 0.466897495, -0.784778081, -0.908447266, -0.119628906, 0.400390625, 0.0930830248, 0.876101901, 0.473073076, 0, 0, -0, 0, 0, 0, 0, 0.347924463, -0.0751697266, -0.13286958, 0.0107457033, 0.518364313, -0.854962738, 0.569824219, -0.705688477, -0.420776367, -0.821614966, -0.482517071, -0.303064292, 0, 2, 1, 1, 
513.789005, 67, 0.1, 0.1, 0.0208013164, 0.375170218, -0.0349705808, 0.88382525, -0.467817194, 2.08269772e-006, 0.467817194, 0.88382525, -1.31787492e-005, 4.32450464e-006, 1.26220331e-005, 1, 0.883825256, -0.467817184, 1.0709824e-005, 0.467817184, 0.883825256, -1.29573767e-005, -3.40392941e-006, 1.64622965e-005, 1, 0, 0, 0, 0, 0, 0, 0, 0.293712524, -0.142480103, -0.178199365, -0.407447145, 0.466897495, -0.784778081, -0.908447266, -0.119628906, 0.400390625, 0.0930830248, 0.876101901, 0.473073076, 0, 0, -0, 0, 0, 0, 0, 0.348805811, -0.0760990723, -0.132152979, 0.0107457033, 0.518364313, -0.854962738, 0.569824219, -0.705688477, -0.420776367, -0.821614966, -0.482517071, -0.303064292, 0, 2, 1, 1, 
513.789707, 67, 0.1, 0.1, 0.0208013183, 0.375170214, -0.0349685765, 0.883825295, -0.46781711, -2.47088903e-006, 0.46781711, 0.883825295, 1.67657837e-005, -5.65948625e-006, -1.59739479e-005, 1, 0.883825282, -0.467817135, -2.06400126e-006, 0.467817135, 0.883825281, 2.18279154e-005, -8.38725633e-006, -2.02576386e-005, 1, 0, 0, 0, 0, 0, 0, 0, 0.293712524, -0.142480103, -0.178199365, -0.407447145, 0.466897495, -0.784778081, -0.908447266, -0.119628906, 0.400390625, 0.0930830248, 0.876101901, 0.473073076, 0, 0, -0, 0, 0, 0, 0, 0.348805811, -0.0760990723, -0.132152979, 0.0107457033, 0.518364313, -0.854962738, 0.569824219, -0.705688477, -0.420776367, -0.821614966, -0.482517071, -0.303064292, 0, 2, 1, 1, 
513.790402, 67, 0.1, 0.1, 0.0208013163, 0.375170218, -0.0349669911, 0.883825299, -0.467817102, 1.70956337e-005, 0.467817102, 0.883825299, -9.95330221e-006, -1.04532286e-005, 1.67946101e-005, 1, 0.883825308, -0.467817085, 1.63938507e-005, 0.467817085, 0.883825308, -1.48272316e-005, -7.5528679e-006, 2.0774006e-005, 1, 0, 0, 0, 0, 0, 0, 0, 0.293712524, -0.142480103, -0.178199365, -0.407447145, 0.466897495, -0.784778081, -0.908447266, -0.119628906, 0.400390625, 0.0930830248, 0.876101901, 0.473073076, 0, 0, -0, 0, 0, 0, 0, 0.348805811, -0.0760990723, -0.132152979, 0.0107457033, 0.518364313, -0.854962738, 0.569824219, -0.705688477, -0.420776367, -0.821614966, -0.482517071, -0.303064292, 0, 2, 1, 1, 
513.791098, 67, 0.1, 0.1, 0.0208013181, 0.375170215, -0.0349663152, 0.883825247, -0.467817201, -9.0882826e-007, 0.4678172, 0.883825247, 1.70482358e-005, -7.17221258e-006, -1.54928267e-005, 1, 0.883825253, -0.467817189, -1.03930386e-005, 0.467817189, 0.883825253, 1.67166433e-005, 1.36529684e-006, -1.96366336e-005, 1, 0, 0, 0, 0, 0, 0, 0, 0.293712524, -0.142480103, -0.178199365, -0.407447145, 0.466897495, -0.784778081, -0.908447266, -0.119628906, 0.400390625, 0.0930830248, 0.876101901, 0.473073076, 0, 0, -0, 0, 0, 0, 0, 0.348805811, -0.0760990723, -0.132152979, 0.0107457033, 0.518364313, -0.854962738, 0.569824219, -0.705688477, -0.420776367, -0.821614966, -0.482517071, -0.303064292, 0, 2, 1, 1, 
513.791794, 67, 0.1, 0.1, 0.0208013165, 0.375170219, -0.0349666508, 0.883825293, -0.467817114, 4.26199502e-006, 0.467817114, 0.883825293, -1.75712868e-005, 4.45328967e-006, 1.75237819e-005, 1, 0.883825279, -0.46781714, 3.95419929e-006, 0.46781714, 0.883825278, -2.2368317e-005, 6.96946081e-006, 2.16195262e-005, 1, 0, 0, 0, 0, 0, 0, 0, 0.293712524, -0.142480103, -0.178199365, -0.407447145, 0.466897495, -0.784778081, -0.908447266, -0.119628906, 0.400390625, 0.0930830248, 0.876101901, 0.473073076, 0, 0, -0, 0, 0, 0, 0, 0.348805811, -0.0760990723, -0.132152979, 0.0107457033, 0.518364313, -0.854962738, 0.569824219, -0.705688477, -0.420776367, -0.821614966, -0.482517071, -0.303064292, 0, 2, 1, 1, 
513.792489, 67, 0.1, 0.1, 0.020801319, 0.375170216, -0.0349678581, 0.883825302, -0.467817097, -1.62651371e-005, 0.467817097, 0.883825302, 9.8636532e-006, 9.76115415e-006, -1.63268555e-005, 1, 0.883825309, -0.467817082, -1.513354e-005, 0.467817082, 0.883825309, 1.4400127e-005, 6.63878027e-006, -1.98069252e-005, 1, 0, 0, 0, 0, 0, 0, 0, 0.293712524, -0.142480103, -0.178199365, -0.407447145, 0.466897495, -0.784778081, -0.908447266, -0.119628906, 0.400390625, 0.0930830248, 0.876101901, 0.473073076, 0, 0, -0, 0, 0, 0, 0, 0.348805811, -0.0760990723, -0.132152979, 0.0107457033, 0.518364313, -0.854962738, 0.569824219, -0.705688477, -0.420776367, -0.821614966, -0.482517071, -0.303064292, 0, 2, 1, 1, 
513.79321, 67, 0.1, 0.1, 0.0208013182, 0.375170219, -0.034969428, 0.883825253, -0.46781719, 7.49634387e-007, 0.46781719, 0.883825252, -1.69918802e-005, 7.28654784e-006, 1.53685447e-005, 1, 0.883825258, -0.46781718, 9.36643534e-006, 0.46781718, 0.883825258, -1.6493652e-005, -5.62278352e-007, 1.89592856e-005, 1, 0, 0, 0, 0, 0, 0, 0, 0.294863257, -0.143681763, -0.177264404, -0.410907652, 0.465209551, -0.783978292, -0.907226562, -0.124511719, 0.401611328, 0.0891818056, 0.876369245, 0.473440769, 0, 0, -0, 0, 0, 0, 0, 0.349735254, -0.0767834473, -0.131439795, 0.0073723448, 0.519207194, -0.854553691, 0.572265625, -0.702880859, -0.422119141, -0.819882894, -0.485865277, -0.302284843, 0, 2, 1, 1, 
513.793909, 67, 0.1, 0.1, 0.0208013208, 0.375170217, -0.0349707513, 0.883825296, -0.467817108, -4.70734918e-006, 0.467817108, 0.883825295, 1.39452479e-005, -2.36335126e-006, -1.45273413e-005, 1, 0.883825283, -0.467817132, -4.27321802e-006, 0.467817132, 0.883825283, 1.80744355e-005, -4.67875246e-006, -1.79737277e-005, 1, 0, 0, 0, 0, 0, 0, 0, 0.294863257, -0.143681763, -0.177264404, -0.410907652, 0.465209551, -0.783978292, -0.907226562, -0.124511719, 0.401611328, 0.0891818056, 0.876369245, 0.473440769, 0, 0, -0, 0, 0, 0, 0, 0.349735254, -0.0767834473, -0.131439795, 0.0073723448, 0.519207194, -0.854553691, 0.572265625, -0.702880859, -0.422119141, -0.819882894, -0.485865277, -0.302284843, 0, 2, 1, 1, 
513.794601, 67, 0.1, 0.1, 0.02080132, 0.37517022, -0.0349716729, 0.883825305, -0.46781709, 1.2548724e-005, 0.467817091, 0.883825305, -8.97035067e-006, -6.89439644e-006, 1.37987305e-005, 1, 0.883825312, -0.467817078, 1.16933954e-005, 0.467817078, 0.883825311, -1.31916104e-005, -4.16365822e-006, 1.71294492e-005, 1, 0, 0, 0, 0, 0, 0, 0, 0.294863257, -0.143681763, -0.177264404, -0.410907652, 0.465209551, -0.783978292, -0.907226562, -0.124511719, 0.401611328, 0.0891818056, 0.876369245, 0.473440769, 0, 0, -0, 0, 0, 0, 0, 0.349735254, -0.0767834473, -0.131439795, 0.0073723448, 0.519207194, -0.854553691, 0.572265625, -0.702880859, -0.422119141, -0.819882894, -0.485865277, -0.302284843, 0, 2, 1, 1, 
513.795294, 67, 0.1, 0.1, 0.020801322, 0.375170217, -0.034971978, 0.883825264, -0.467817168, -1.85106469e-006, 0.467817168, 0.883825264, 1.49113031e-005, -5.33974585e-006, -1.40449463e-005, 1, 0.883825268, -0.467817159, -9.92210878e-006, 0.46781716, 0.883825268, 1.43943547e-005, 2.03548433e-006, -1.73638271e-005, 1, 0, 0, 0, 0, 0, 0, 0, 0.294863257, -0.143681763, -0.177264404, -0.410907652, 0.465209551, -0.783978292, -0.907226562, -0.124511719, 0.401611328, 0.0891818056, 0.876369245, 0.473440769, 0, 0, -0, 0, 0, 0, 0, 0.349735254, -0.0767834473, -0.131439795, 0.0073723448, 0.519207194, -0.854553691, 0.572265625, -0.702880859, -0.422119141, -0.819882894, -0.485865277, -0.302284843, 0, 2, 1, 1, 
513.796021, 67, 0.1, 0.1, 0.0208013208, 0.375170221, -0.0349713181, 0.883825312, -0.467817078, 3.24284469e-006, 0.467817078, 0.883825312, -1.4480243e-005, 3.90799675e-006, 1.43150634e-005, 1, 0.883825298, -0.467817103, 2.78275002e-006, 0.467817103, 0.883825298, -1.91388352e-005, 6.49400955e-006, 1.82172047e-005, 1, 0, 0, 0, 0, 0, 0, 0, 0.294863257, -0.143681763, -0.177264404, -0.410907652, 0.465209551, -0.783978292, -0.907226562, -0.124511719, 0.401611328, 0.0891818056, 0.876369245, 0.473440769, 0, 0, -0, 0, 0, 0, 0, 0.349735254, -0.0767834473, -0.131439795, 0.0073723448, 0.519207194, -0.854553691, 0.572265625, -0.702880859, -0.422119141, -0.819882894, -0.485865277, -0.302284843, 0, 2, 1, 1, 
513.79672, 67, 0.1, 0.1, 0.0208013231, 0.375170217, -0.0349700936, 0.883825322, -0.467817058, -1.42221422e-005, 0.467817058, 0.883825322, 9.78605293e-006, 7.99180696e-006, -1.53025221e-005, 1, 0.883825329, -0.467817045, -1.36428055e-005, 0.467817045, 0.883825329, 1.42011041e-005, 5.41433846e-006, -1.89336325e-005, 1, 0, 0, 0, 0, 0, 0, 0, 0.294863257, -0.143681763, -0.177264404, -0.410907652, 0.465209551, -0.783978292, -0.907226562, -0.124511719, 0.401611328, 0.0891818056, 0.876369245, 0.473440769, 0, 0, -0, 0, 0, 0, 0, 0.349735254, -0.0767834473, -0.131439795, 0.0073723448, 0.519207194, -0.854553691, 0.572265625, -0.702880859, -0.422119141, -0.819882894, -0.485865277, -0.302284843, 0, 2, 1, 1, 
513.79742, 67, 0.1, 0.1, 0.0208013219, 0.375170221, -0.0349687822, 0.88382528, -0.467817137, 1.65747286e-006, 0.467817137, 0.88382528, -1.52699978e-005, 5.67865022e-006, 1.42714043e-005, 1, 0.883825285, -0.467817128, 1.08692579e-005, 0.467817128, 0.883825285, -1.49419443e-005, -2.61642749e-006, 1.82908932e-005, 1, 0, 0, 0, 0, 0, 0, 0, 0.294863257, -0.143681763, -0.177264404, -0.410907652, 0.465209551, -0.783978292, -0.907226562, -0.124511719, 0.401611328, 0.0891818056, 0.876369245, 0.473440769, 0, 0, -0, 0, 0, 0, 0, 0.349735254, -0.0767834473, -0.131439795, 0.0073723448, 0.519207194, -0.854553691, 0.572265625, -0.702880859, -0.422119141, -0.819882894, -0.485865277, -0.302284843, 0, 2, 1, 1, 
513.798146, 67, 0.1, 0.1, 0.0208013241, 0.375170216, -0.0349674837, 0.883825337, -0.467817029, -3.08807261e-006, 0.467817029, 0.883825337, 1.85996818e-005, -5.97193109e-006, -1.7883523e-005, 1, 0.883825322, -0.467817059, -2.73797143e-006, 0.467817059, 0.883825321, 2.38269821e-005, -8.72678019e-006, -2.23397598e-005, 1, 0, 0, 0, 0, 0, 0, 0, 0.295494263, -0.144444385, -0.176291479, -0.415814968, 0.463381943, -0.782436003, -0.905273437, -0.130126953, 0.404052734, 0.0855097385, 0.876535117, 0.473814454, 0, 0, -0, 0, 0, 0, 0, 0.350395068, -0.0775344727, -0.130742969, 0.00324505702, 0.519264063, -0.854572647, 0.575073242, -0.700073242, -0.423217773, -0.817984578, -0.489909809, -0.300936666, 0, 2, 1, 1, 
513.798837, 67, 0.1, 0.1, 0.0208013222, 0.375170219, -0.034966895, 0.883825353, -0.467816999, 1.72629071e-005, 0.467816999, 0.883825353, -9.6598857e-006, -1.07383362e-005, 1.66135333e-005, 1, 0.88382536, -0.467816987, 1.63528979e-005, 0.467816987, 0.88382536, -1.4180305e-005, -7.81931828e-006, 2.01830766e-005, 1, 0, 0, 0, 0, 0, 0, 0, 0.295494263, -0.144444385, -0.176291479, -0.415814968, 0.463381943, -0.782436003, -0.905273437, -0.130126953, 0.404052734, 0.0855097385, 0.876535117, 0.473814454, 0, 0, -0, 0, 0, 0, 0, 0.350395068, -0.0775344727, -0.130742969, 0.00324505702, 0.519264063, -0.854572647, 0.575073242, -0.700073242, -0.423217773, -0.817984578, -0.489909809, -0.300936666, 0, 2, 1, 1, 
513.799533, 67, 0.1, 0.1, 0.0208013238, 0.375170216, -0.0349671659, 0.883825311, -0.46781708, -6.17103107e-007, 0.46781708, 0.88382531, 1.64529686e-005, -7.15156839e-006, -1.48302415e-005, 1, 0.883825315, -0.467817071, -9.95704371e-006, 0.467817071, 0.883825315, 1.62069824e-005, 1.21838428e-006, -1.89822163e-005, 1, 0, 0, 0, 0, 0, 0, 0, 0.295494263, -0.144444385, -0.176291479, -0.415814968, 0.463381943, -0.782436003, -0.905273437, -0.130126953, 0.404052734, 0.0855097385, 0.876535117, 0.473814454, 0, 0, -0, 0, 0, 0, 0, 0.350395068, -0.0775344727, -0.130742969, 0.00324505702, 0.519264063, -0.854572647, 0.575073242, -0.700073242, -0.423217773, -0.817984578, -0.489909809, -0.300936666, 0, 2, 1, 1, 
