time, trialNum, realDorsalTactorPos, realVentralTactorPos, boxPosX, boxPosY, boxPosZ, boxLocalRot_11, boxLocalRot_12, boxLocalRot_13, boxLocalRot_21, boxLocalRot_22, boxLocalRot_23, boxLocalRot_31, boxLocalRot_32, boxLocalRot_33, boxGlobalRot_11, boxGlobalRot_12, boxGlobalRot_13, boxGlobalRot_21, boxGlobalRot_22, boxGlobalRot_23, boxGlobalRot_31, boxGlobalRot_32, boxGlobalRot_33, indexForceX, indexForceY, indexForceZ, indexForceGlobalX, indexForceGlobalY, indexForceGlobalZ, indexContact, indexPosX, indexPosY, indexPosZ, indexRot_11, indexRot_12, indexRot_13, indexRot_21, indexRot_22, indexRot_23, indexRot_31, indexRot_32, indexRot_33, thumbForceX, thumbForceY, thumbForceZ, thumbForceGlobalX, thumbForceGlobalY, thumbForceGlobalZ, thumbContact, thumbPosX, thumbPosY, thumbPosZ, thumbRot_11, thumbRot_12, thumbRot_13, thumbRot_21, thumbRot_22, thumbRot_23, thumbRot_31, thumbRot_32, thumbRot_33, manipForceTooHigh, cceExpType, mapping, trialSuccess, 
494.345494, 62, 0.1, 0.1, 0.0404880657, 0.344548127, -0.0349784453, 0.992155753, 2.60457339e-005, 0.125007842, 0.125007842, -1.97021871e-005, -0.992155753, -2.33784968e-005, 0.999999999, -2.28035593e-005, 0.992155753, 3.74978844e-005, 0.125007844, 0.125007845, -2.91915846e-005, -0.992155753, -3.35545647e-005, 0.999999999, -3.36501283e-005, 0, 0, 0, 0, 0, 0, 0, 0.314502051, -0.179802222, -0.175981641, -0.14139349, 0.416471094, -0.898058226, -0.972900391, 0.108886719, 0.203735352, 0.182569676, 0.902627448, 0.389916686, 0, 0, -0, 0, 0, 0, 0, 0.36922627, -0.122643408, -0.134205664, 0.257238689, 0.258535043, -0.931030537, 0.515625, -0.8515625, -0.0939941406, -0.817187483, -0.455819435, -0.352423633, 0, 2, 1, 1, 
494.38121, 62, 0.1, 0.1, 0.0404879979, 0.344548184, -0.0349702888, 0.992154987, 5.4486272e-006, 0.125013928, 0.125013928, 6.97108864e-006, -0.992154987, -6.27736582e-006, 1, 6.23524607e-006, 0.99215502, 1.22998112e-005, 0.125013664, 0.125013664, -2.82508595e-006, -0.99215502, -1.18501451e-005, 1, -4.34056767e-006, 0, 0, 0, 0, 0, 0, 0, 0.317680542, -0.179028418, -0.172254687, -0.159652686, 0.431764061, -0.887646009, -0.977172852, 0.0582275391, 0.204101563, 0.139856224, 0.900081688, 0.412738756, 0, 0, -0, 0, 0, 0, 0, 0.369342236, -0.121182764, -0.129624854, 0.251421641, 0.28378764, -0.925294778, 0.554321289, -0.825805664, -0.102661133, -0.79337308, -0.487042268, -0.36495425, 0, 2, 1, 1, 
494.381905, 62, 0.1, 0.1, 0.0404879977, 0.344548185, -0.0349719219, 0.992154815, 6.91014085e-006, 0.125015291, 0.125015291, -9.27596707e-006, -0.992154815, -5.6962918e-006, 1, -1.00670687e-005, 0.99215485, -3.50567219e-006, 0.125015017, 0.125015017, -5.69800932e-006, -0.99215485, 4.19050639e-006, 1, -5.21504591e-006, 0, 0, 0, 0, 0, 0, 0, 0.317680542, -0.179028418, -0.172254687, -0.159652686, 0.431764061, -0.887646009, -0.977172852, 0.0582275391, 0.204101563, 0.139856224, 0.900081688, 0.412738756, 0, 0, -0, 0, 0, 0, 0, 0.369342236, -0.121182764, -0.129624854, 0.251421641, 0.28378764, -0.925294778, 0.554321289, -0.825805664, -0.102661133, -0.79337308, -0.487042268, -0.36495425, 0, 2, 1, 1, 
494.382598, 62, 0.1, 0.1, 0.0404879955, 0.344548186, -0.0349727927, 0.992154643, -1.15803824e-005, 0.125016652, 0.125016652, 7.28594505e-006, -0.992154644, 1.05786658e-005, 1, 8.67652486e-006, 0.992154678, -6.79508276e-006, 0.125016381, 0.125016381, 8.62682839e-006, -0.992154678, 5.66327828e-006, 1, 9.4086448e-006, 0, 0, 0, 0, 0, 0, 0, 0.317680542, -0.179028418, -0.172254687, -0.159652686, 0.431764061, -0.887646009, -0.977172852, 0.0582275391, 0.204101563, 0.139856224, 0.900081688, 0.412738756, 0, 0, -0, 0, 0, 0, 0, 0.369342236, -0.121182764, -0.129624854, 0.251421641, 0.28378764, -0.925294778, 0.554321289, -0.825805664, -0.102661133, -0.79337308, -0.487042268, -0.36495425, 0, 2, 1, 1, 
494.383295, 62, 0.1, 0.1, 0.040487993, 0.344548189, -0.0349727004, 0.992154471, 9.43335769e-006, 0.125018022, 0.125018022, -3.96448692e-006, -0.992154471, -8.8637157e-006, 1, -5.11272314e-006, 0.992154505, 1.05146823e-005, 0.125017749, 0.125017749, -9.46967063e-006, -0.992154505, -9.24831252e-006, 1, -1.07098983e-005, 0, 0, 0, 0, 0, 0, 0, 0.317680542, -0.179028418, -0.172254687, -0.159652686, 0.431764061, -0.887646009, -0.977172852, 0.0582275391, 0.204101563, 0.139856224, 0.900081688, 0.412738756, 0, 0, -0, 0, 0, 0, 0, 0.369342236, -0.121182764, -0.129624854, 0.251421641, 0.28378764, -0.925294778, 0.554321289, -0.825805664, -0.102661133, -0.79337308, -0.487042268, -0.36495425, 0, 2, 1, 1, 
494.384005, 62, 0.1, 0.1, 0.0404879935, 0.344548189, -0.034971612, 0.992154295, -3.66858827e-006, 0.125019417, 0.125019417, -7.18910029e-006, -0.992154295, 4.53858273e-006, 1, -6.67405196e-006, 0.992154329, -1.07701841e-005, 0.125019148, 0.125019148, 2.06546703e-006, -0.992154329, 1.04274618e-005, 1, 3.39574129e-006, 0, 0, 0, 0, 0, 0, 0, 0.318678101, -0.178674927, -0.171938306, -0.161610217, 0.434359256, -0.886051301, -0.977661133, 0.0512695312, 0.203491211, 0.133739486, 0.899299874, 0.416564713, 0, 0, -0, 0, 0, 0, 0, 0.369342236, -0.121182764, -0.129624854, 0.251421641, 0.28378764, -0.925294778, 0.554321289, -0.825805664, -0.102661133, -0.79337308, -0.487042268, -0.36495425, 0, 2, 1, 1, 
494.384712, 62, 0.1, 0.1, 0.0404879895, 0.34454819, -0.0349697416, 0.992154117, -6.76243749e-006, 0.125020834, 0.125020834, 1.10903517e-005, -0.992154117, 5.32285517e-006, 1, 1.18487837e-005, 0.992154152, 4.78129782e-006, 0.125020554, 0.125020554, 7.40840379e-006, -0.992154152, -5.66998723e-006, 1, 6.75251807e-006, 0, 0, 0, 0, 0, 0, 0, 0.318678101, -0.178674927, -0.171938306, -0.161610217, 0.434359256, -0.886051301, -0.977661133, 0.0512695312, 0.203491211, 0.133739486, 0.899299874, 0.416564713, 0, 0, -0, 0, 0, 0, 0, 0.369889795, -0.120766895, -0.128934863, 0.251767256, 0.287850763, -0.92397905, 0.559448242, -0.822265625, -0.103759766, -0.789654473, -0.490665727, -0.368130015, 0, 2, 1, 1, 
494.38541, 62, 0.1, 0.1, 0.0404879881, 0.344548192, -0.0349679624, 0.992153938, 1.35653549e-005, 0.125022254, 0.125022254, -9.45636374e-006, -0.992153938, -1.22766644e-005, 1, -1.10781398e-005, 0.992153973, 8.44642054e-006, 0.125021971, 0.125021971, -1.08789609e-005, -0.992153973, -7.02004056e-006, 1, -1.18495924e-005, 0, 0, 0, 0, 0, 0, 0, 0.318678101, -0.178674927, -0.171938306, -0.161610217, 0.434359256, -0.886051301, -0.977661133, 0.0512695312, 0.203491211, 0.133739486, 0.899299874, 0.416564713, 0, 0, -0, 0, 0, 0, 0, 0.369889795, -0.120766895, -0.128934863, 0.251767256, 0.287850763, -0.92397905, 0.559448242, -0.822265625, -0.103759766, -0.789654473, -0.490665727, -0.368130015, 0, 2, 1, 1, 
494.386107, 62, 0.1, 0.1, 0.040487988, 0.344548192, -0.0349667781, 0.992153756, -1.38815341e-005, 0.125023693, 0.125023693, 3.46375471e-006, -0.992153756, 1.33395648e-005, 1, 5.17209791e-006, 0.992153792, -1.51312523e-005, 0.125023408, 0.125023408, 9.9379476e-006, -0.992153792, 1.37700533e-005, 1, 1.17517331e-005, 0, 0, 0, 0, 0, 0, 0, 0.318678101, -0.178674927, -0.171938306, -0.161610217, 0.434359256, -0.886051301, -0.977661133, 0.0512695312, 0.203491211, 0.133739486, 0.899299874, 0.416564713, 0, 0, -0, 0, 0, 0, 0, 0.369889795, -0.120766895, -0.128934863, 0.251767256, 0.287850763, -0.92397905, 0.559448242, -0.822265625, -0.103759766, -0.789654473, -0.490665727, -0.368130015, 0, 2, 1, 1, 
494.386811, 62, 0.1, 0.1, 0.0404879844, 0.344548195, -0.0349664855, 0.992153569, 3.16533099e-006, 0.125025178, 0.125025178, 8.02402481e-006, -0.992153569, -4.14369957e-006, 1, 7.56531878e-006, 0.992153608, 1.1594659e-005, 0.125024869, 0.125024869, -4.10715201e-006, -0.992153608, -1.09901866e-005, 1, -5.52454641e-006, 0, 0, 0, 0, 0, 0, 0, 0.318678101, -0.178674927, -0.171938306, -0.161610217, 0.434359256, -0.886051301, -0.977661133, 0.0512695312, 0.203491211, 0.133739486, 0.899299874, 0.416564713, 0, 0, -0, 0, 0, 0, 0, 0.369889795, -0.120766895, -0.128934863, 0.251767256, 0.287850763, -0.92397905, 0.559448242, -0.822265625, -0.103759766, -0.789654473, -0.490665727, -0.368130015, 0, 2, 1, 1, 
494.387506, 62, 0.1, 0.1, 0.0404879853, 0.344548195, -0.0349670631, 0.992153379, 7.25550852e-006, 0.125026684, 0.125026684, -9.72432174e-006, -0.992153379, -5.9827776e-006, 1, -1.05551509e-005, 0.992153417, -5.5543668e-006, 0.125026383, 0.125026383, -5.87142822e-006, -0.992153417, 6.24486744e-006, 1, -5.13091518e-006, 0, 0, 0, 0, 0, 0, 0, 0.318678101, -0.178674927, -0.171938306, -0.161610217, 0.434359256, -0.886051301, -0.977661133, 0.0512695312, 0.203491211, 0.133739486, 0.899299874, 0.416564713, 0, 0, -0, 0, 0, 0, 0, 0.369889795, -0.120766895, -0.128934863, 0.251767256, 0.287850763, -0.92397905, 0.559448242, -0.822265625, -0.103759766, -0.789654473, -0.490665727, -0.368130015, 0, 2, 1, 1, 
494.388203, 62, 0.1, 0.1, 0.0404879827, 0.344548195, -0.0349683408, 0.992153187, -1.16031343e-005, 0.125028213, 0.125028213, 1.10748491e-005, -0.992153187, 1.0127418e-005, 1, 1.2438666e-005, 0.992153225, -6.48000903e-006, 0.12502791, 0.12502791, 1.24360614e-005, -0.992153225, 4.8743071e-006, 1, 1.31486604e-005, 0, 0, 0, 0, 0, 0, 0, 0.318678101, -0.178674927, -0.171938306, -0.161610217, 0.434359256, -0.886051301, -0.977661133, 0.0512695312, 0.203491211, 0.133739486, 0.899299874, 0.416564713, 0, 0, -0, 0, 0, 0, 0, 0.369889795, -0.120766895, -0.128934863, 0.251767256, 0.287850763, -0.92397905, 0.559448242, -0.822265625, -0.103759766, -0.789654473, -0.490665727, -0.368130015, 0, 2, 1, 1, 
494.388928, 62, 0.1, 0.1, 0.0404879793, 0.344548197, -0.0349698537, 0.992152985, 1.33391315e-005, 0.125029812, 0.125029812, -3.35407586e-006, -0.992152985, -1.28150997e-005, 1, -4.99554549e-006, 0.992153027, 1.46007187e-005, 0.125029476, 0.125029477, -9.20181944e-006, -0.992153027, -1.33356486e-005, 1, -1.09551332e-005, 0, 0, 0, 0, 0, 0, 0, 0.318844702, -0.179023022, -0.171202417, -0.162550791, 0.436332518, -0.884907784, -0.977905273, 0.0478515625, 0.20324707, 0.130922252, 0.898492972, 0.41910262, 0, 0, -0, 0, 0, 0, 0, 0.369889795, -0.120766895, -0.128934863, 0.252770918, 0.291581763, -0.922516401, 0.563598633, -0.819335938, -0.104492187, -0.786357674, -0.493464893, -0.371535823, 0, 2, 1, 1, 
494.389626, 62, 0.1, 0.1, 0.0404879794, 0.344548197, -0.0349708802, 0.992152792, -3.30102645e-006, 0.125031347, 0.125031347, -7.49903708e-006, -0.992152792, 4.21273732e-006, 1, -7.02745879e-006, 0.99215283, -1.00998032e-005, 0.125031044, 0.125031044, 2.44898423e-006, -0.99215283, 9.71434931e-006, 1, 3.69255558e-006, 0, 0, 0, 0, 0, 0, 0, 0.318844702, -0.179023022, -0.171202417, -0.162550791, 0.436332518, -0.884907784, -0.977905273, 0.0478515625, 0.20324707, 0.130922252, 0.898492972, 0.41910262, 0, 0, -0, 0, 0, 0, 0, 0.370025537, -0.120578906, -0.12823999, 0.252770918, 0.291581763, -0.922516401, 0.563598633, -0.819335938, -0.104492187, -0.786357674, -0.493464893, -0.371535823, 0, 2, 1, 1, 
494.390351, 62, 0.1, 0.1, 0.0404879756, 0.344548199, -0.0349712481, 0.99215259, -6.96967683e-006, 0.12503295, 0.12503295, 9.72051868e-006, -0.99215259, 5.69959779e-006, 1, 1.0515677e-005, 0.992152629, 4.21478308e-006, 0.125032636, 0.125032636, 6.13233712e-006, -0.992152629, -4.94845039e-006, 1, 5.55722897e-006, 0, 0, 0, 0, 0, 0, 0, 0.318844702, -0.179023022, -0.171202417, -0.162550791, 0.436332518, -0.884907784, -0.977905273, 0.0478515625, 0.20324707, 0.130922252, 0.898492972, 0.41910262, 0, 0, -0, 0, 0, 0, 0, 0.370025537, -0.120578906, -0.12823999, 0.252770918, 0.291581763, -0.922516401, 0.563598633, -0.819335938, -0.104492187, -0.786357674, -0.493464893, -0.371535823, 0, 2, 1, 1, 
494.391049, 62, 0.1, 0.1, 0.0404879745, 0.344548201, -0.0349709494, 0.992152396, 1.23539729e-005, 0.125034484, 0.125034484, -8.36951181e-006, -0.992152396, -1.12105462e-005, 1, -9.84850382e-006, 0.992152435, 7.46974552e-006, 0.12503418, 0.12503418, -9.82183674e-006, -0.992152435, -6.18306091e-006, 1, -1.06787327e-005, 0, 0, 0, 0, 0, 0, 0, 0.318844702, -0.179023022, -0.171202417, -0.162550791, 0.436332518, -0.884907784, -0.977905273, 0.0478515625, 0.20324707, 0.130922252, 0.898492972, 0.41910262, 0, 0, -0, 0, 0, 0, 0, 0.370025537, -0.120578906, -0.12823999, 0.252770918, 0.291581763, -0.922516401, 0.563598633, -0.819335938, -0.104492187, -0.786357674, -0.493464893, -0.371535823, 0, 2, 1, 1, 
494.391764, 62, 0.1, 0.1, 0.0404879744, 0.3445482, -0.0349700867, 0.992152199, -1.23328415e-005, 0.125036053, 0.125036053, 4.16784052e-006, -0.992152199, 1.17149255e-005, 1, 5.67718196e-006, 0.992152237, -1.37121249e-005, 0.125035747, 0.125035747, 1.00132922e-005, -0.992152237, 1.2352496e-005, 1, 1.1649216e-005, 0, 0, 0, 0, 0, 0, 0, 0.318844702, -0.179023022, -0.171202417, -0.162550791, 0.436332518, -0.884907784, -0.977905273, 0.0478515625, 0.20324707, 0.130922252, 0.898492972, 0.41910262, 0, 0, -0, 0, 0, 0, 0, 0.370059961, -0.120169385, -0.127767871, 0.252330521, 0.295325523, -0.921424153, 0.567871094, -0.816162109, -0.106079102, -0.783335394, -0.496385461, -0.373753135, 0, 2, 1, 1, 
494.392459, 62, 0.1, 0.1, 0.0404879709, 0.344548203, -0.0349690774, 0.992152007, 3.4418301e-006, 0.125037577, 0.125037577, 8.06248901e-006, -0.992152007, -4.42293273e-006, 1, 7.56885656e-006, 0.992152044, 1.09328266e-005, 0.125037276, 0.125037276, -2.27002949e-006, -0.992152045, -1.05631879e-005, 1, -3.61922526e-006, 0, 0, 0, 0, 0, 0, 0, 0.318844702, -0.179023022, -0.171202417, -0.162550791, 0.436332518, -0.884907784, -0.977905273, 0.0478515625, 0.20324707, 0.130922252, 0.898492972, 0.41910262, 0, 0, -0, 0, 0, 0, 0, 0.370059961, -0.120169385, -0.127767871, 0.252330521, 0.295325523, -0.921424153, 0.567871094, -0.816162109, -0.106079102, -0.783335394, -0.496385461, -0.373753135, 0, 2, 1, 1, 
494.393156, 62, 0.1, 0.1, 0.0404879716, 0.344548203, -0.034968272, 0.992151812, 7.57677046e-006, 0.12503912, 0.12503912, -1.02384547e-005, -0.992151812, -6.23709918e-006, 1, -1.11054941e-005, 0.992151851, -4.59659158e-006, 0.125038813, 0.125038813, -6.4827722e-006, -0.992151851, 5.37111498e-006, 1, -5.85714209e-006, 0, 0, 0, 0, 0, 0, 0, 0.318844702, -0.179023022, -0.171202417, -0.162550791, 0.436332518, -0.884907784, -0.977905273, 0.0478515625, 0.20324707, 0.130922252, 0.898492972, 0.41910262, 0, 0, -0, 0, 0, 0, 0, 0.370059961, -0.120169385, -0.127767871, 0.252330521, 0.295325523, -0.921424153, 0.567871094, -0.816162109, -0.106079102, -0.783335394, -0.496385461, -0.373753135, 0, 2, 1, 1, 
494.393866, 62, 0.1, 0.1, 0.0404879697, 0.344548203, -0.0349678533, 0.992151612, -1.42659574e-005, 0.125040704, 0.125040704, 1.0350319e-005, -0.992151612, 1.28597815e-005, 1, 1.2052911e-005, 0.992151652, -8.9139745e-006, 0.12504039, 0.12504039, 1.19445675e-005, -0.992151652, 7.35046114e-006, 1, 1.29654292e-005, 0, 0, 0, 0, 0, 0, 0, 0.318443359, -0.178644385, -0.171304687, -0.165927801, 0.439454167, -0.882748432, -0.977539062, 0.0439453125, 0.205566406, 0.129108871, 0.897133408, 0.422591962, 0, 0, -0, 0, 0, 0, 0, 0.370059961, -0.120169385, -0.127767871, 0.252330521, 0.295325523, -0.921424153, 0.567871094, -0.816162109, -0.106079102, -0.783335394, -0.496385461, -0.373753135, 0, 2, 1, 1, 
494.394562, 62, 0.1, 0.1, 0.0404879671, 0.344548206, -0.0349678899, 0.992151416, 1.22669854e-005, 0.125042265, 0.125042266, -3.33478315e-006, -0.992151416, -1.17537181e-005, 1, -4.84250146e-006, 0.992151456, 1.33827862e-005, 0.125041948, 0.125041949, -9.48988945e-006, -0.992151456, -1.20911166e-005, 1, -1.10888173e-005, 0, 0, 0, 0, 0, 0, 0, 0.318443359, -0.178644385, -0.171304687, -0.165927801, 0.439454167, -0.882748432, -0.977539062, 0.0439453125, 0.205566406, 0.129108871, 0.897133408, 0.422591962, 0, 0, -0, 0, 0, 0, 0, 0.370059961, -0.120169385, -0.127767871, 0.252330521, 0.295325523, -0.921424153, 0.567871094, -0.816162109, -0.106079102, -0.783335394, -0.496385461, -0.373753135, 0, 2, 1, 1, 
494.395259, 62, 0.1, 0.1, 0.0404879678, 0.344548205, -0.0349684012, 0.992151218, -3.71532095e-006, 0.125043836, 0.125043836, -7.15728571e-006, -0.992151218, 4.58113466e-006, 1, -6.63653175e-006, 0.992151257, -1.15355861e-005, 0.125043526, 0.125043526, 3.54756273e-006, -0.992151257, 1.10014465e-005, 1, 4.96216918e-006, 0, 0, 0, 0, 0, 0, 0, 0.318443359, -0.178644385, -0.171304687, -0.165927801, 0.439454167, -0.882748432, -0.977539062, 0.0439453125, 0.205566406, 0.129108871, 0.897133408, 0.422591962, 0, 0, -0, 0, 0, 0, 0, 0.370059961, -0.120169385, -0.127767871, 0.252330521, 0.295325523, -0.921424153, 0.567871094, -0.816162109, -0.106079102, -0.783335394, -0.496385461, -0.373753135, 0, 2, 1, 1, 
494.395957, 62, 0.1, 0.1, 0.0404879639, 0.344548207, -0.0349692148, 0.992151018, -6.13177743e-006, 0.12504542, 0.12504542, 1.00165546e-005, -0.992151018, 4.83112494e-006, 1, 1.07046855e-005, 0.992151058, 5.56575844e-006, 0.125045107, 0.125045107, 6.35701384e-006, -0.992151058, -6.3169866e-006, 1, 5.61114715e-006, 0, 0, 0, 0, 0, 0, 0, 0.318443359, -0.178644385, -0.171304687, -0.165927801, 0.439454167, -0.882748432, -0.977539062, 0.0439453125, 0.205566406, 0.129108871, 0.897133408, 0.422591962, 0, 0, -0, 0, 0, 0, 0, 0.370059961, -0.120169385, -0.127767871, 0.252330521, 0.295325523, -0.921424153, 0.567871094, -0.816162109, -0.106079102, -0.783335394, -0.496385461, -0.373753135, 0, 2, 1, 1, 
494.396683, 62, 0.1, 0.1, 0.040487963, 0.344548209, -0.0349697825, 0.99215081, 1.28268081e-005, 0.125047068, 0.125047068, -9.89577767e-006, -0.99215081, -1.14886901e-005, 1, -1.14220586e-005, 0.99215085, 7.77562714e-006, 0.125046753, 0.125046753, -1.1328078e-005, -0.99215085, -6.29805571e-006, 1, -1.22114791e-005, 0, 0, 0, 0, 0, 0, 0, 0.318506934, -0.178510718, -0.170978052, -0.168873837, 0.442131737, -0.880906598, -0.977416992, 0.0391845703, 0.20703125, 0.126114903, 0.896091363, 0.425637226, 0, 0, -0, 0, 0, 0, 0, 0.370169336, -0.119581787, -0.127072754, 0.252797537, 0.298672995, -0.920146705, 0.572875977, -0.81262207, -0.106323242, -0.779604027, -0.50020688, -0.376564694, 0, 2, 1, 1, 
494.397382, 62, 0.1, 0.1, 0.0404879628, 0.344548208, -0.0349701593, 0.992150611, -1.17961182e-005, 0.125048648, 0.125048648, 3.24492589e-006, -0.992150611, 1.12977523e-005, 1, 4.69454384e-006, 0.992150651, -1.28890309e-005, 0.125048335, 0.125048335, 8.88194935e-006, -0.992150651, 1.16771874e-005, 1, 1.04239837e-005, 0, 0, 0, 0, 0, 0, 0, 0.318506934, -0.178510718, -0.170978052, -0.168873837, 0.442131737, -0.880906598, -0.977416992, 0.0391845703, 0.20703125, 0.126114903, 0.896091363, 0.425637226, 0, 0, -0, 0, 0, 0, 0, 0.370169336, -0.119581787, -0.127072754, 0.252797537, 0.298672995, -0.920146705, 0.572875977, -0.81262207, -0.106323242, -0.779604027, -0.50020688, -0.376564694, 0, 2, 1, 1, 
494.398081, 62, 0.1, 0.1, 0.0404879594, 0.344548211, -0.0349703182, 0.992150414, 3.27017034e-006, 0.125050217, 0.125050217, 7.05488678e-006, -0.992150414, -4.12671598e-006, 1, 6.59057333e-006, 0.992150452, 1.05577877e-005, 0.125049909, 0.125049909, -2.95707798e-006, -0.992150452, -1.01051315e-005, 1, -4.25411665e-006, 0, 0, 0, 0, 0, 0, 0, 0.318506934, -0.178510718, -0.170978052, -0.168873837, 0.442131737, -0.880906598, -0.977416992, 0.0391845703, 0.20703125, 0.126114903, 0.896091363, 0.425637226, 0, 0, -0, 0, 0, 0, 0, 0.370169336, -0.119581787, -0.127072754, 0.252797537, 0.298672995, -0.920146705, 0.572875977, -0.81262207, -0.106323242, -0.779604027, -0.50020688, -0.376564694, 0, 2, 1, 1, 
494.398782, 62, 0.1, 0.1, 0.0404879603, 0.344548211, -0.0349702197, 0.992150215, 6.74270774e-006, 0.125051791, 0.125051791, -9.79712916e-006, -0.992150215, -5.46463039e-006, 1, -1.05634115e-005, 0.992150255, -4.9047864e-006, 0.125051474, 0.125051474, -6.20363769e-006, -0.992150255, 5.64205912e-006, 1, -5.54158995e-006, 0, 0, 0, 0, 0, 0, 0, 0.318506934, -0.178510718, -0.170978052, -0.168873837, 0.442131737, -0.880906598, -0.977416992, 0.0391845703, 0.20703125, 0.126114903, 0.896091363, 0.425637226, 0, 0, -0, 0, 0, 0, 0, 0.370169336, -0.119581787, -0.127072754, 0.252797537, 0.298672995, -0.920146705, 0.572875977, -0.81262207, -0.106323242, -0.779604027, -0.50020688, -0.376564694, 0, 2, 1, 1, 
494.399475, 62, 0.1, 0.1, 0.0404879584, 0.344548211, -0.0349699221, 0.992150019, -1.22250913e-005, 0.125053345, 0.125053345, 9.13683395e-006, -0.992150019, 1.09865329e-005, 1, 1.05938985e-005, 0.992150058, -7.29816741e-006, 0.125053038, 0.125053038, 1.05499686e-005, -0.992150058, 5.9215716e-006, 1, 1.13798099e-005, 0, 0, 0, 0, 0, 0, 0, 0.318506934, -0.178510718, -0.170978052, -0.168873837, 0.442131737, -0.880906598, -0.977416992, 0.0391845703, 0.20703125, 0.126114903, 0.896091363, 0.425637226, 0, 0, -0, 0, 0, 0, 0, 0.370169336, -0.119581787, -0.127072754, 0.252797537, 0.298672995, -0.920146705, 0.572875977, -0.81262207, -0.106323242, -0.779604027, -0.50020688, -0.376564694, 0, 2, 1, 1, 
494.400174, 62, 0.1, 0.1, 0.0404879556, 0.344548214, -0.03496954, 0.992149823, 1.25715457e-005, 0.125054904, 0.125054904, -3.70045577e-006, -0.992149823, -1.20100967e-005, 1, -5.24353997e-006, 0.992149861, 1.37779888e-005, 0.125054599, 0.125054599, -9.48275024e-006, -0.992149861, -1.24839681e-005, 1, -1.11313102e-005, 0, 0, 0, 0, 0, 0, 0, 0.318506934, -0.178510718, -0.170978052, -0.168873837, 0.442131737, -0.880906598, -0.977416992, 0.0391845703, 0.20703125, 0.126114903, 0.896091363, 0.425637226, 0, 0, -0, 0, 0, 0, 0, 0.370169336, -0.119581787, -0.127072754, 0.252797537, 0.298672995, -0.920146705, 0.572875977, -0.81262207, -0.106323242, -0.779604027, -0.50020688, -0.376564694, 0, 2, 1, 1, 
494.400883, 62, 0.1, 0.1, 0.040487956, 0.344548214, -0.0349691964, 0.992149624, -2.10956774e-006, 0.12505648, 0.125056479, -8.71175531e-006, -0.992149624, 3.18246829e-006, 1, -8.37954964e-006, 0.992149667, -1.04185788e-005, 0.12505614, 0.12505614, 2.72236166e-006, -0.992149667, 9.99634141e-006, 1, 4.00389746e-006, 0, 0, 0, 0, 0, 0, 0, 0.318506934, -0.178510718, -0.170978052, -0.171293421, 0.444790212, -0.879128044, -0.977539062, 0.0343017578, 0.207763672, 0.122543186, 0.89492875, 0.429063289, 0, 0, -0, 0, 0, 0, 0, 0.370169336, -0.119581787, -0.127072754, 0.252797537, 0.298672995, -0.920146705, 0.572875977, -0.81262207, -0.106323242, -0.779604027, -0.50020688, -0.376564694, 0, 2, 1, 1, 
494.401594, 62, 0.1, 0.1, 0.0404879515, 0.344548216, -0.0349686431, 0.992149422, -5.57858559e-006, 0.125058084, 0.125058084, 9.36668823e-006, -0.992149422, 4.36341039e-006, 1, 9.99080153e-006, 0.992149462, 6.90193005e-006, 0.125057767, 0.125057767, 5.42595402e-006, -0.992149462, -7.52630388e-006, 1, 4.52021741e-006, 0, 0, 0, 0, 0, 0, 0, 0.318595654, -0.177485425, -0.170653491, -0.171293421, 0.444790212, -0.879128044, -0.977539062, 0.0343017578, 0.207763672, 0.122543186, 0.89492875, 0.429063289, 0, 0, -0, 0, 0, 0, 0, 0.370093555, -0.118992236, -0.126384473, 0.253897081, 0.301822507, -0.918818217, 0.577148437, -0.809570313, -0.106445312, -0.776051664, -0.503312649, -0.37986186, 0, 2, 1, 1, 
494.402298, 62, 0.1, 0.1, 0.0404879505, 0.344548218, -0.0349683347, 0.992149221, 1.32287434e-005, 0.125059675, 0.125059675, -1.01196145e-005, -0.992149221, -1.18593318e-005, 1, -1.169455e-005, 0.992149261, 8.31269967e-006, 0.125059364, 0.125059364, -1.18033538e-005, -0.992149261, -6.77131892e-006, 1, -1.27502697e-005, 0, 0, 0, 0, 0, 0, 0, 0.318595654, -0.177485425, -0.170653491, -0.171293421, 0.444790212, -0.879128044, -0.977539062, 0.0343017578, 0.207763672, 0.122543186, 0.89492875, 0.429063289, 0, 0, -0, 0, 0, 0, 0, 0.370093555, -0.118992236, -0.126384473, 0.253897081, 0.301822507, -0.918818217, 0.577148437, -0.809570313, -0.106445312, -0.776051664, -0.503312649, -0.37986186, 0, 2, 1, 1, 
494.402996, 62, 0.1, 0.1, 0.0404879508, 0.344548217, -0.0349684172, 0.992149023, -1.38348001e-005, 0.125061251, 0.125061251, 4.13471044e-006, -0.992149023, 1.32090914e-005, 1, 5.83244633e-006, 0.992149063, -1.47882822e-005, 0.125060935, 0.125060935, 1.00106721e-005, -0.992149063, 1.34202364e-005, 1, 1.17815153e-005, 0, 0, 0, 0, 0, 0, 0, 0.318595654, -0.177485425, -0.170653491, -0.171293421, 0.444790212, -0.879128044, -0.977539062, 0.0343017578, 0.207763672, 0.122543186, 0.89492875, 0.429063289, 0, 0, -0, 0, 0, 0, 0, 0.370093555, -0.118992236, -0.126384473, 0.253897081, 0.301822507, -0.918818217, 0.577148437, -0.809570313, -0.106445312, -0.776051664, -0.503312649, -0.37986186, 0, 2, 1, 1, 
494.403689, 62, 0.1, 0.1, 0.040487948, 0.344548219, -0.0349688466, 0.992148825, 2.46163317e-006, 0.12506282, 0.12506282, 8.40991573e-006, -0.992148825, -3.49407423e-006, 1, 8.03602923e-006, 0.992148864, 9.79264462e-006, 0.125062509, 0.125062509, -2.33415636e-006, -0.992148864, -9.42384579e-006, 1, -3.54052328e-006, 0, 0, 0, 0, 0, 0, 0, 0.318595654, -0.177485425, -0.170653491, -0.171293421, 0.444790212, -0.879128044, -0.977539062, 0.0343017578, 0.207763672, 0.122543186, 0.89492875, 0.429063289, 0, 0, -0, 0, 0, 0, 0, 0.370093555, -0.118992236, -0.126384473, 0.253897081, 0.301822507, -0.918818217, 0.577148437, -0.809570313, -0.106445312, -0.776051664, -0.503312649, -0.37986186, 0, 2, 1, 1, 
494.404381, 62, 0.1, 0.1, 0.0404879493, 0.344548219, -0.0349695026, 0.992148626, 5.74517468e-006, 0.125064398, 0.125064398, -8.63310765e-006, -0.992148626, -4.62037275e-006, 1, -9.28384271e-006, 0.992148666, -5.96016864e-006, 0.125064083, 0.125064083, -4.77161139e-006, -0.992148666, 6.51013057e-006, 1, -3.98874485e-006, 0, 0, 0, 0, 0, 0, 0, 0.318595654, -0.177485425, -0.170653491, -0.171293421, 0.444790212, -0.879128044, -0.977539062, 0.0343017578, 0.207763672, 0.122543186, 0.89492875, 0.429063289, 0, 0, -0, 0, 0, 0, 0, 0.370093555, -0.118992236, -0.126384473, 0.253897081, 0.301822507, -0.918818217, 0.577148437, -0.809570313, -0.106445312, -0.776051664, -0.503312649, -0.37986186, 0, 2, 1, 1, 
494.405084, 62, 0.1, 0.1, 0.0404879478, 0.344548219, -0.0349701483, 0.992148425, -1.30484235e-005, 0.125065991, 0.125065991, 9.64639436e-006, -0.992148425, 1.1739537e-005, 1, 1.1202569e-005, 0.992148465, -8.15322554e-006, 0.125065675, 0.125065675, 1.12537716e-005, -0.992148465, 6.68174966e-006, 1, 1.21851009e-005, 0, 0, 0, 0, 0, 0, 0, 0.318595654, -0.177485425, -0.170653491, -0.171293421, 0.444790212, -0.879128044, -0.977539062, 0.0343017578, 0.207763672, 0.122543186, 0.89492875, 0.429063289, 0, 0, -0, 0, 0, 0, 0, 0.370093555, -0.118992236, -0.126384473, 0.253897081, 0.301822507, -0.918818217, 0.577148437, -0.809570313, -0.106445312, -0.776051664, -0.503312649, -0.37986186, 0, 2, 1, 1, 
494.405793, 62, 0.1, 0.1, 0.0404879453, 0.344548221, -0.0349704907, 0.992148224, 1.2126154e-005, 0.12506759, 0.12506759, -3.80207297e-006, -0.992148224, -1.15554261e-005, 1, -5.28880881e-006, 0.992148263, 1.31344063e-005, 0.125067278, 0.125067278, -9.23527754e-006, -0.992148263, -1.18762474e-005, 1, -1.0805449e-005, 0, 0, 0, 0, 0, 0, 0, 0.318228369, -0.176230786, -0.170093481, -0.173915947, 0.447569254, -0.877108354, -0.977416992, 0.029296875, 0.208862305, 0.119250795, 0.893747041, 0.43245116, 0, 0, -0, 0, 0, 0, 0, 0.370093555, -0.118992236, -0.126384473, 0.253897081, 0.301822507, -0.918818217, 0.577148437, -0.809570313, -0.106445312, -0.776051664, -0.503312649, -0.37986186, 0, 2, 1, 1, 
494.406503, 62, 0.1, 0.1, 0.0404879459, 0.344548221, -0.0349702664, 0.992148023, -2.86143451e-006, 0.12506918, 0.12506918, -7.61895071e-006, -0.992148023, 3.79186251e-006, 1, -7.20124961e-006, 0.992148062, -1.031432e-005, 0.125068872, 0.125068872, 2.6417176e-006, -0.992148062, 9.90293594e-006, 1, 3.91097536e-006, 0, 0, 0, 0, 0, 0, 0, 0.318228369, -0.176230786, -0.170093481, -0.173915947, 0.447569254, -0.877108354, -0.977416992, 0.029296875, 0.208862305, 0.119250795, 0.893747041, 0.43245116, 0, 0, -0, 0, 0, 0, 0, 0.36995625, -0.118132813, -0.125912598, 0.254172334, 0.305540747, -0.917540768, 0.581298828, -0.806518555, -0.107421875, -0.772831424, -0.505990414, -0.38267342, 0, 2, 1, 1, 
494.407216, 62, 0.1, 0.1, 0.0404879421, 0.344548223, -0.0349697225, 0.992147821, -6.37291486e-006, 0.125070782, 0.125070782, 9.40087773e-006, -0.992147821, 5.14709846e-006, 1, 1.01241258e-005, 0.992147861, 5.33556615e-006, 0.125070469, 0.125070469, 5.92368015e-006, -0.992147861, -6.03454799e-006, 1, 5.20984483e-006, 0, 0, 0, 0, 0, 0, 0, 0.318228369, -0.176230786, -0.170093481, -0.173915947, 0.447569254, -0.877108354, -0.977416992, 0.029296875, 0.208862305, 0.119250795, 0.893747041, 0.43245116, 0, 0, -0, 0, 0, 0, 0, 0.36995625, -0.118132813, -0.125912598, 0.254172334, 0.305540747, -0.917540768, 0.581298828, -0.806518555, -0.107421875, -0.772831424, -0.505990414, -0.38267342, 0, 2, 1, 1, 
494.407913, 62, 0.1, 0.1, 0.0404879412, 0.344548225, -0.0349690996, 0.992147624, 1.35043654e-005, 0.125072346, 0.125072346, -1.06099121e-005, -0.992147624, -1.20713175e-005, 1, -1.22156218e-005, 0.992147663, 8.45218602e-006, 0.125072036, 0.125072036, -1.20442501e-005, -0.992147663, -6.87941772e-006, 1, -1.30068067e-005, 0, 0, 0, 0, 0, 0, 0, 0.318228369, -0.176230786, -0.170093481, -0.173915947, 0.447569254, -0.877108354, -0.977416992, 0.029296875, 0.208862305, 0.119250795, 0.893747041, 0.43245116, 0, 0, -0, 0, 0, 0, 0, 0.36995625, -0.118132813, -0.125912598, 0.254172334, 0.305540747, -0.917540768, 0.581298828, -0.806518555, -0.107421875, -0.772831424, -0.505990414, -0.38267342, 0, 2, 1, 1, 
494.408638, 62, 0.1, 0.1, 0.0404879414, 0.344548224, -0.034968387, 0.992147418, -1.28721323e-005, 0.12507398, 0.125073981, 4.81799174e-006, -0.992147418, 1.21684474e-005, 1, 6.39012689e-006, 0.992147458, -1.43812808e-005, 0.125073668, 0.125073668, 1.07479824e-005, -0.992147458, 1.29240616e-005, 1, 1.2462303e-005, 0, 0, 0, 0, 0, 0, 0, 0.31832771, -0.175670288, -0.169776978, -0.176252033, 0.449866027, -0.875444376, -0.977172852, 0.0264892578, 0.210327148, 0.117766916, 0.892641717, 0.435153818, 0, 0, -0, 0, 0, 0, 0, 0.369602295, -0.117511523, -0.125440723, 0.254581748, 0.309003424, -0.91626332, 0.585205078, -0.803466797, -0.108276367, -0.769719825, -0.508572297, -0.38548498, 0, 2, 1, 1, 
494.409332, 62, 0.1, 0.1, 0.0404879378, 0.344548226, -0.0349679852, 0.992147221, 5.178172e-006, 0.125075548, 0.125075548, 8.52731989e-006, -0.99214722, -6.20406817e-006, 1, 7.81269402e-006, 0.992147259, 1.25916556e-005, 0.125075243, 0.125075243, -2.00351847e-006, -0.992147259, -1.2242186e-005, 1, -3.56268974e-006, 0, 0, 0, 0, 0, 0, 0, 0.31832771, -0.175670288, -0.169776978, -0.176252033, 0.449866027, -0.875444376, -0.977172852, 0.0264892578, 0.210327148, 0.117766916, 0.892641717, 0.435153818, 0, 0, -0, 0, 0, 0, 0, 0.369602295, -0.117511523, -0.125440723, 0.254581748, 0.309003424, -0.91626332, 0.585205078, -0.803466797, -0.108276367, -0.769719825, -0.508572297, -0.38548498, 0, 2, 1, 1, 
494.410029, 62, 0.1, 0.1, 0.0404879384, 0.344548226, -0.0349681181, 0.99214702, 8.89255025e-006, 0.125077142, 0.125077142, -1.08671349e-005, -0.99214702, -7.46348705e-006, 1, -1.18940502e-005, 0.99214706, -3.22984867e-006, 0.125076822, 0.125076822, -6.72228777e-006, -0.99214706, 4.04528725e-006, 1, -6.26551884e-006, 0, 0, 0, 0, 0, 0, 0, 0.31832771, -0.175670288, -0.169776978, -0.176252033, 0.449866027, -0.875444376, -0.977172852, 0.0264892578, 0.210327148, 0.117766916, 0.892641717, 0.435153818, 0, 0, -0, 0, 0, 0, 0, 0.369602295, -0.117511523, -0.125440723, 0.254581748, 0.309003424, -0.91626332, 0.585205078, -0.803466797, -0.108276367, -0.769719825, -0.508572297, -0.38548498, 0, 2, 1, 1, 
494.410726, 62, 0.1, 0.1, 0.0404879363, 0.344548226, -0.0349686846, 0.992146819, -1.24840722e-005, 0.125078733, 0.125078733, 8.17195668e-006, -0.992146819, 1.13638945e-005, 1, 9.66927276e-006, 0.99214686, -6.73426882e-006, 0.125078409, 0.125078409, 9.67673719e-006, -0.99214686, 5.47103278e-006, 1, 1.0443056e-005, 0, 0, 0, 0, 0, 0, 0, 0.31832771, -0.175670288, -0.169776978, -0.176252033, 0.449866027, -0.875444376, -0.977172852, 0.0264892578, 0.210327148, 0.117766916, 0.892641717, 0.435153818, 0, 0, -0, 0, 0, 0, 0, 0.369602295, -0.117511523, -0.125440723, 0.254581748, 0.309003424, -0.91626332, 0.585205078, -0.803466797, -0.108276367, -0.769719825, -0.508572297, -0.38548498, 0, 2, 1, 1, 
494.411421, 62, 0.1, 0.1, 0.0404879341, 0.344548229, -0.0349694533, 0.992146618, 1.11294695e-005, 0.125080324, 0.125080324, -4.90915266e-006, -0.992146619, -1.04280271e-005, 1, -6.26267685e-006, 0.992146658, 1.22723722e-005, 0.125080012, 0.125080012, -1.09637138e-005, -0.992146658, -1.08046516e-005, 1, -1.24126405e-005, 0, 0, 0, 0, 0, 0, 0, 0.31832771, -0.175670288, -0.169776978, -0.176252033, 0.449866027, -0.875444376, -0.977172852, 0.0264892578, 0.210327148, 0.117766916, 0.892641717, 0.435153818, 0, 0, -0, 0, 0, 0, 0, 0.369602295, -0.117511523, -0.125440723, 0.254581748, 0.309003424, -0.91626332, 0.585205078, -0.803466797, -0.108276367, -0.769719825, -0.508572297, -0.38548498, 0, 2, 1, 1, 
494.412119, 62, 0.1, 0.1, 0.0404879353, 0.344548229, -0.0349702293, 0.992146419, -4.54226895e-006, 0.125081909, 0.125081909, -6.45299089e-006, -0.992146419, 5.31374829e-006, 1, -5.83415613e-006, 0.992146458, -1.18267459e-005, 0.125081596, 0.125081596, 3.25725334e-006, -0.992146458, 1.13264416e-005, 1, 4.71098062e-006, 0, 0, 0, 0, 0, 0, 0, 0.31832771, -0.175670288, -0.169776978, -0.176252033, 0.449866027, -0.875444376, -0.977172852, 0.0264892578, 0.210327148, 0.117766916, 0.892641717, 0.435153818, 0, 0, -0, 0, 0, 0, 0, 0.369602295, -0.117511523, -0.125440723, 0.254581748, 0.309003424, -0.91626332, 0.585205078, -0.803466797, -0.108276367, -0.769719825, -0.508572297, -0.38548498, 0, 2, 1, 1, 
494.412813, 62, 0.1, 0.1, 0.0404879324, 0.344548229, -0.03497078, 0.99214622, -7.22197006e-006, 0.125083483, 0.125083483, 1.11849324e-005, -0.99214622, 5.76619999e-006, 1, 1.20004376e-005, 0.99214626, 3.96248976e-006, 0.125083164, 0.125083164, 7.48527989e-006, -0.99214626, -4.86765189e-006, 1, 6.9308517e-006, 0, 0, 0, 0, 0, 0, 0, 0.31832771, -0.175670288, -0.169776978, -0.176252033, 0.449866027, -0.875444376, -0.977172852, 0.0264892578, 0.210327148, 0.117766916, 0.892641717, 0.435153818, 0, 0, -0, 0, 0, 0, 0, 0.369602295, -0.117511523, -0.125440723, 0.254581748, 0.309003424, -0.91626332, 0.585205078, -0.803466797, -0.108276367, -0.769719825, -0.508572297, -0.38548498, 0, 2, 1, 1, 
494.413534, 62, 0.1, 0.1, 0.0404879321, 0.344548231, -0.0349706939, 0.992146015, 1.15634021e-005, 0.12508511, 0.125085111, -8.81452959e-006, -0.992146015, -1.03700169e-005, 1, -1.01917098e-005, 0.992146054, 6.74797128e-006, 0.125084799, 0.1250848, -1.00453945e-005, -0.992146054, -5.43844692e-006, 1, -1.08105672e-005, 0, 0, 0, 0, 0, 0, 0, 0.317894385, -0.174891309, -0.169669434, -0.180320247, 0.452061328, -0.873475983, -0.9765625, 0.0234375, 0.213623047, 0.117051746, 0.891676056, 0.437437486, 0, 0, -0, 0, 0, 0, 0, 0.369241504, -0.117131543, -0.124750488, 0.255042201, 0.312050858, -0.915132792, 0.588500977, -0.801025391, -0.109130859, -0.767093832, -0.510706853, -0.388066496, 0, 2, 1, 1, 
494.414232, 62, 0.1, 0.1, 0.0404879325, 0.34454823, -0.0349702313, 0.992145818, -1.25875497e-005, 0.125086671, 0.125086671, 2.99683911e-006, -0.992145818, 1.21138202e-005, 1, 4.54783609e-006, 0.992145857, -1.38048514e-005, 0.125086364, 0.125086364, 8.8012148e-006, -0.992145857, 1.25955142e-005, 1, 1.04588875e-005, 0, 0, 0, 0, 0, 0, 0, 0.317894385, -0.174891309, -0.169669434, -0.180320247, 0.452061328, -0.873475983, -0.9765625, 0.0234375, 0.213623047, 0.117051746, 0.891676056, 0.437437486, 0, 0, -0, 0, 0, 0, 0, 0.369241504, -0.117131543, -0.124750488, 0.255042201, 0.312050858, -0.915132792, 0.588500977, -0.801025391, -0.109130859, -0.767093832, -0.510706853, -0.388066496, 0, 2, 1, 1, 
494.414929, 62, 0.1, 0.1, 0.0404879295, 0.344548233, -0.0349695991, 0.992145622, 3.24348265e-006, 0.125088227, 0.125088227, 7.04434913e-006, -0.992145622, -4.09917226e-006, 1, 6.58329866e-006, 0.99214566, 1.04056669e-005, 0.125087923, 0.125087923, -3.3063783e-006, -0.99214566, -9.91034929e-006, 1, -4.58203215e-006, 0, 0, 0, 0, 0, 0, 0, 0.317894385, -0.174891309, -0.169669434, -0.180320247, 0.452061328, -0.873475983, -0.9765625, 0.0234375, 0.213623047, 0.117051746, 0.891676056, 0.437437486, 0, 0, -0, 0, 0, 0, 0, 0.369241504, -0.117131543, -0.124750488, 0.255042201, 0.312050858, -0.915132792, 0.588500977, -0.801025391, -0.109130859, -0.767093832, -0.510706853, -0.388066496, 0, 2, 1, 1, 
494.415621, 62, 0.1, 0.1, 0.0404879305, 0.344548233, -0.0349690435, 0.992145427, 7.84444611e-006, 0.125089776, 0.125089776, -9.44124966e-006, -0.992145427, -6.60182753e-006, 1, -1.03483527e-005, 0.992145466, -4.08715225e-006, 0.125089466, 0.125089466, -6.0080505e-006, -0.992145466, 4.8065934e-006, 1, -5.44960037e-006, 0, 0, 0, 0, 0, 0, 0, 0.317894385, -0.174891309, -0.169669434, -0.180320247, 0.452061328, -0.873475983, -0.9765625, 0.0234375, 0.213623047, 0.117051746, 0.891676056, 0.437437486, 0, 0, -0, 0, 0, 0, 0, 0.369241504, -0.117131543, -0.124750488, 0.255042201, 0.312050858, -0.915132792, 0.588500977, -0.801025391, -0.109130859, -0.767093832, -0.510706853, -0.388066496, 0, 2, 1, 1, 
494.416318, 62, 0.1, 0.1, 0.0404879286, 0.344548232, -0.0349687055, 0.99214523, -1.20138732e-005, 0.12509134, 0.12509134, 1.11314064e-005, -0.99214523, 1.05270644e-005, 1, 1.25468032e-005, 0.992145269, -6.79142047e-006, 0.125091026, 0.125091026, 1.25222891e-005, -0.992145269, 5.17164971e-006, 1, 1.32734756e-005, 0, 0, 0, 0, 0, 0, 0, 0.317894385, -0.174891309, -0.169669434, -0.180320247, 0.452061328, -0.873475983, -0.9765625, 0.0234375, 0.213623047, 0.117051746, 0.891676056, 0.437437486, 0, 0, -0, 0, 0, 0, 0, 0.369241504, -0.117131543, -0.124750488, 0.255042201, 0.312050858, -0.915132792, 0.588500977, -0.801025391, -0.109130859, -0.767093832, -0.510706853, -0.388066496, 0, 2, 1, 1, 
494.417059, 62, 0.1, 0.1, 0.0404879255, 0.344548234, -0.0349684241, 0.99214502, 1.36182916e-005, 0.125093004, 0.125093004, -2.62071778e-006, -0.99214502, -1.31834867e-005, 1, -4.3036851e-006, 0.992145061, 1.52194106e-005, 0.125092673, 0.125092673, -8.73161461e-006, -0.992145062, -1.4007602e-005, 1, -1.05668651e-005, 0, 0, 0, 0, 0, 0, 0, 0.317894385, -0.174891309, -0.169669434, -0.180320247, 0.452061328, -0.873475983, -0.9765625, 0.0234375, 0.213623047, 0.117051746, 0.891676056, 0.437437486, 0, 0, -0, 0, 0, 0, 0, 0.369241504, -0.117131543, -0.124750488, 0.255042201, 0.312050858, -0.915132792, 0.588500977, -0.801025391, -0.109130859, -0.767093832, -0.510706853, -0.388066496, 0, 2, 1, 1, 
494.417831, 62, 0.1, 0.1, 0.0404879266, 0.344548234, -0.0349677308, 0.9921448, -2.05699665e-006, 0.125094745, 0.125094744, -1.1856202e-005, -0.9921448, 3.52398709e-006, 1, -1.15057497e-005, 0.99214485, -1.18785624e-005, 0.125094348, 0.125094348, 2.118196e-006, -0.99214485, 1.15202802e-005, 1, 3.58749826e-006, 0, 0, 0, 0, 0, 0, 0, 0.317894385, -0.174891309, -0.169669434, -0.18226243, 0.4543581, -0.871850197, -0.976196289, 0.0213623047, 0.215332031, 0.116494214, 0.890570731, 0.439899009, 0, 0, -0, 0, 0, 0, 0, 0.369241504, -0.117131543, -0.124750488, 0.255042201, 0.312050858, -0.915132792, 0.588500977, -0.801025391, -0.109130859, -0.767093832, -0.510706853, -0.388066496, 0, 2, 1, 1, 
494.418555, 62, 0.1, 0.1, 0.040487922, 0.344548237, -0.034966713, 0.992144588, -5.24428006e-006, 0.125096426, 0.125096426, 8.49088521e-006, -0.992144588, 4.14090468e-006, 1, 9.08022651e-006, 0.992144629, 7.72971601e-006, 0.125096104, 0.125096104, 4.00313645e-006, -0.992144629, -8.169773e-006, 1, 3.00473297e-006, 0, 0, 0, 0, 0, 0, 0, 0.317793433, -0.174330811, -0.169132373, -0.18226243, 0.4543581, -0.871850197, -0.976196289, 0.0213623047, 0.215332031, 0.116494214, 0.890570731, 0.439899009, 0, 0, -0, 0, 0, 0, 0, 0.368913916, -0.116719824, -0.12427373, 0.255988261, 0.315411456, -0.913708423, 0.591552734, -0.798583984, -0.109985352, -0.7644168, -0.512317523, -0.3911081, 0, 2, 1, 1, 
494.419258, 62, 0.1, 0.1, 0.0404879208, 0.344548239, -0.0349666301, 0.992144382, 1.52500859e-005, 0.125098059, 0.125098059, -1.00909375e-005, -0.992144382, -1.38679304e-005, 1, -1.19194231e-005, 0.992144425, 9.70004541e-006, 0.125097721, 0.125097721, -1.22314932e-005, -0.992144425, -8.09371406e-006, 1, -1.33488614e-005, 0, 0, 0, 0, 0, 0, 0, 0.317793433, -0.174330811, -0.169132373, -0.18226243, 0.4543581, -0.871850197, -0.976196289, 0.0213623047, 0.215332031, 0.116494214, 0.890570731, 0.439899009, 0, 0, -0, 0, 0, 0, 0, 0.368913916, -0.116719824, -0.12427373, 0.255988261, 0.315411456, -0.913708423, 0.591552734, -0.798583984, -0.109985352, -0.7644168, -0.512317523, -0.3911081, 0, 2, 1, 1, 
