time, trialNum, realDorsalTactorPos, realVentralTactorPos, boxPosX, boxPosY, boxPosZ, boxLocalRot_11, boxLocalRot_12, boxLocalRot_13, boxLocalRot_21, boxLocalRot_22, boxLocalRot_23, boxLocalRot_31, boxLocalRot_32, boxLocalRot_33, boxGlobalRot_11, boxGlobalRot_12, boxGlobalRot_13, boxGlobalRot_21, boxGlobalRot_22, boxGlobalRot_23, boxGlobalRot_31, boxGlobalRot_32, boxGlobalRot_33, indexForceX, indexForceY, indexForceZ, indexForceGlobalX, indexForceGlobalY, indexForceGlobalZ, indexContact, indexPosX, indexPosY, indexPosZ, indexRot_11, indexRot_12, indexRot_13, indexRot_21, indexRot_22, indexRot_23, indexRot_31, indexRot_32, indexRot_33, thumbForceX, thumbForceY, thumbForceZ, thumbForceGlobalX, thumbForceGlobalY, thumbForceGlobalZ, thumbContact, thumbPosX, thumbPosY, thumbPosZ, thumbRot_11, thumbRot_12, thumbRot_13, thumbRot_21, thumbRot_22, thumbRot_23, thumbRot_31, thumbRot_32, thumbRot_33, manipForceTooHigh, cceExpType, mapping, trialSuccess, 
485.629676, 60, 0.1, 0.1, 0.0203899049, 0.343603165, -0.0349806299, 0.982454945, 9.86704039e-006, 0.186500085, 0.186500086, -1.43220315e-005, -0.982454944, -7.02286252e-006, 1, -1.59109546e-005, 0.982454937, 1.13284171e-005, 0.186500127, 0.186500127, -1.14494633e-005, -0.982454937, -8.99433291e-006, 1, -1.3361333e-005, 0, 0, 0, 0, 0, 0, 0, 0.238952856, -0.0858195312, -0.186062622, -0.386759161, 0.629373381, -0.673935086, -0.838134766, 0.0646972656, 0.541503906, 0.384449541, 0.774359209, 0.502605797, 0, 0, -0, 0, 0, 0, 0, 0.31489209, -0.0410566895, -0.148207178, 0.070086193, 0.526838913, -0.846985545, 0.352539062, -0.807250977, -0.473022461, -0.933088288, -0.2653537, -0.242327413, 0, 2, 1, 1, 
485.631777, 60, 0.1, 0.1, 0.0203899258, 0.343603167, -0.0349506747, 0.982454979, -6.42203202e-005, 0.186499895, 0.186499894, -2.36103017e-005, -0.982454981, 6.74968923e-005, 0.999999998, -1.12189756e-005, 0.982454979, -4.89901949e-005, 0.186499898, 0.186499897, -2.98630537e-005, -0.98245498, 5.37001174e-005, 0.999999998, -2.02024395e-005, 0, 0, 0, 0, 0, 0, 0, 0.240300342, -0.0896635986, -0.185097876, -0.390765217, 0.62833957, -0.672576643, -0.837890625, 0.0595703125, 0.542480469, 0.381005504, 0.775635276, 0.503379376, 0, 0, -0, 0, 0, 0, 0, 0.315775635, -0.044351416, -0.147218652, 0.0655885038, 0.524268691, -0.84896625, 0.361328125, -0.805419922, -0.469482422, -0.930001475, -0.275934229, -0.242167365, 0, 2, 1, 1, 
485.63247, 60, 0.1, 0.1, 0.0203899399, 0.343603168, -0.0349575756, 0.982455029, 4.22241722e-006, 0.186499643, 0.186499643, -7.31307534e-006, -0.982455028, -2.78444909e-006, 1, -7.97224695e-006, 0.982455013, -2.7956607e-005, 0.186499721, 0.186499721, 1.39237655e-006, -0.982455014, 2.72064309e-005, 1, 6.58184672e-006, 0, 0, 0, 0, 0, 0, 0, 0.240300342, -0.0896635986, -0.185097876, -0.390765217, 0.62833957, -0.672576643, -0.837890625, 0.0595703125, 0.542480469, 0.381005504, 0.775635276, 0.503379376, 0, 0, -0, 0, 0, 0, 0, 0.315775635, -0.044351416, -0.147218652, 0.0655885038, 0.524268691, -0.84896625, 0.361328125, -0.805419922, -0.469482422, -0.930001475, -0.275934229, -0.242167365, 0, 2, 1, 1, 
485.633173, 60, 0.1, 0.1, 0.0203899262, 0.343603168, -0.0349675289, 0.982455061, 3.26498153e-005, 0.18649947, 0.186499469, 1.48762795e-005, -0.982455061, -3.48513945e-005, 0.999999999, 8.52610283e-006, 0.982455059, 4.18788012e-005, 0.186499479, 0.186499479, 1.03588388e-005, -0.98245506, -4.30759582e-005, 0.999999999, 2.36671902e-006, 0, 0, 0, 0, 0, 0, 0, 0.240300342, -0.0896635986, -0.185097876, -0.390765217, 0.62833957, -0.672576643, -0.837890625, 0.0595703125, 0.542480469, 0.381005504, 0.775635276, 0.503379376, 0, 0, -0, 0, 0, 0, 0, 0.315775635, -0.044351416, -0.147218652, 0.0655885038, 0.524268691, -0.84896625, 0.361328125, -0.805419922, -0.469482422, -0.930001475, -0.275934229, -0.242167365, 0, 2, 1, 1, 
485.633897, 60, 0.1, 0.1, 0.0203899317, 0.34360317, -0.0349772007, 0.982455046, -4.55851315e-005, 0.186499547, 0.186499546, -2.05031825e-005, -0.982455047, 4.86091768e-005, 0.999999999, -1.16418487e-005, 0.982455047, -3.39414866e-005, 0.186499541, 0.18649954, -1.71990775e-005, -0.982455048, 3.65536049e-005, 0.999999999, -1.05672488e-005, 0, 0, 0, 0, 0, 0, 0, 0.241067578, -0.0908579346, -0.184209668, -0.393026041, 0.626722019, -0.672678115, -0.838256836, 0.0562744141, 0.542236328, 0.377655826, 0.77712739, 0.50351904, 0, 0, -0, 0, 0, 0, 0, 0.315775635, -0.044351416, -0.147218652, 0.0636847243, 0.522402091, -0.850154746, 0.366210937, -0.8046875, -0.467041016, -0.928237687, -0.281531096, -0.242537766, 0, 2, 1, 1, 
485.634593, 60, 0.1, 0.1, 0.0203899478, 0.343603173, -0.0349833528, 0.982455062, -3.61420141e-005, 0.186499462, 0.186499462, 5.0976129e-006, -0.982455063, 3.45572027e-005, 0.999999999, 1.17486418e-005, 0.982455055, -4.61737138e-005, 0.186499498, 0.186499498, 1.04094448e-006, -0.982455056, 4.51694629e-005, 0.999999999, 9.63405563e-006, 0, 0, 0, 0, 0, 0, 0, 0.241067578, -0.0908579346, -0.184209668, -0.393026041, 0.626722019, -0.672678115, -0.838256836, 0.0562744141, 0.542236328, 0.377655826, 0.77712739, 0.50351904, 0, 0, -0, 0, 0, 0, 0, 0.316356494, -0.0454855957, -0.146635352, 0.0636847243, 0.522402091, -0.850154746, 0.366210937, -0.8046875, -0.467041016, -0.928237687, -0.281531096, -0.242537766, 0, 2, 1, 1, 
485.635282, 60, 0.1, 0.1, 0.0203899436, 0.343603172, -0.0349851536, 0.982455127, 3.95617182e-005, 0.186499118, 0.186499119, -4.72959476e-006, -0.982455128, -3.79855477e-005, 0.999999999, -1.20248402e-005, 0.982455112, 2.79977341e-005, 0.1864992, 0.1864992, -1.2928551e-006, -0.982455113, -2.72654005e-005, 1, -6.4917271e-006, 0, 0, 0, 0, 0, 0, 0, 0.241067578, -0.0908579346, -0.184209668, -0.393026041, 0.626722019, -0.672678115, -0.838256836, 0.0562744141, 0.542236328, 0.377655826, 0.77712739, 0.50351904, 0, 0, -0, 0, 0, 0, 0, 0.316356494, -0.0454855957, -0.146635352, 0.0636847243, 0.522402091, -0.850154746, 0.366210937, -0.8046875, -0.467041016, -0.928237687, -0.281531096, -0.242537766, 0, 2, 1, 1, 
485.635977, 60, 0.1, 0.1, 0.0203899275, 0.343603173, -0.0349824359, 0.982455193, 3.34209663e-005, 0.186498772, 0.186498772, 6.03095005e-006, -0.982455194, -3.39593667e-005, 0.999999999, -3.07830982e-007, 0.982455181, 4.32199282e-005, 0.186498837, 0.186498837, 5.85512876e-008, -0.982455182, -4.24725622e-005, 0.999999999, -8.00294235e-006, 0, 0, 0, 0, 0, 0, 0, 0.241067578, -0.0908579346, -0.184209668, -0.393026041, 0.626722019, -0.672678115, -0.838256836, 0.0562744141, 0.542236328, 0.377655826, 0.77712739, 0.50351904, 0, 0, -0, 0, 0, 0, 0, 0.316356494, -0.0454855957, -0.146635352, 0.0636847243, 0.522402091, -0.850154746, 0.366210937, -0.8046875, -0.467041016, -0.928237687, -0.281531096, -0.242537766, 0, 2, 1, 1, 
485.636669, 60, 0.1, 0.1, 0.0203899308, 0.343603168, -0.0349762598, 0.982455217, -3.53780494e-005, 0.186498645, 0.186498646, 4.17772982e-006, -0.982455218, 3.39782082e-005, 0.999999999, 1.07023907e-005, 0.982455219, -2.84352065e-005, 0.186498637, 0.186498637, 1.16672687e-005, -0.982455219, 2.57603873e-005, 1, 1.67656963e-005, 0, 0, 0, 0, 0, 0, 0, 0.241067578, -0.0908579346, -0.184209668, -0.393026041, 0.626722019, -0.672678115, -0.838256836, 0.0562744141, 0.542236328, 0.377655826, 0.77712739, 0.50351904, 0, 0, -0, 0, 0, 0, 0, 0.316356494, -0.0454855957, -0.146635352, 0.0636847243, 0.522402091, -0.850154746, 0.366210937, -0.8046875, -0.467041016, -0.928237687, -0.281531096, -0.242537766, 0, 2, 1, 1, 
485.637358, 60, 0.1, 0.1, 0.020389936, 0.343603175, -0.0349688628, 0.982455174, 9.83524112e-006, 0.186498877, 0.186498878, -2.07550402e-005, -0.982455174, -5.79189183e-006, 1, -2.22251581e-005, 0.982455188, -7.62313563e-006, 0.186498804, 0.186498803, -2.72534462e-005, -0.982455188, 1.25721242e-005, 1, -2.53535839e-005, 0, 0, 0, 0, 0, 0, 0, 0.241067578, -0.0908579346, -0.184209668, -0.393026041, 0.626722019, -0.672678115, -0.838256836, 0.0562744141, 0.542236328, 0.377655826, 0.77712739, 0.50351904, 0, 0, -0, 0, 0, 0, 0, 0.316356494, -0.0454855957, -0.146635352, 0.0636847243, 0.522402091, -0.850154746, 0.366210937, -0.8046875, -0.467041016, -0.928237687, -0.281531096, -0.242537766, 0, 2, 1, 1, 
485.638053, 60, 0.1, 0.1, 0.0203899303, 0.343603173, -0.0349623585, 0.982455065, -2.79889189e-006, 0.18649945, 0.18649945, 4.81305962e-006, -0.982455065, 1.85215254e-006, 1, 5.2506066e-006, 0.982455089, 1.08012328e-005, 0.186499322, 0.186499322, 1.29633005e-005, -0.982455089, -1.30293729e-005, 1, 1.07214379e-005, 0, 0, 0, 0, 0, 0, 0, 0.241067578, -0.0908579346, -0.184209668, -0.393026041, 0.626722019, -0.672678115, -0.838256836, 0.0562744141, 0.542236328, 0.377655826, 0.77712739, 0.50351904, 0, 0, -0, 0, 0, 0, 0, 0.316356494, -0.0454855957, -0.146635352, 0.0636847243, 0.522402091, -0.850154746, 0.366210937, -0.8046875, -0.467041016, -0.928237687, -0.281531096, -0.242537766, 0, 2, 1, 1, 
485.638771, 60, 0.1, 0.1, 0.0203899286, 0.343603174, -0.0349582529, 0.982454924, 1.67245995e-005, 0.186500194, 0.186500194, 7.7755553e-006, -0.982454924, -1.78813077e-005, 1, 4.51999154e-006, 0.982454952, 1.11382446e-005, 0.186500044, 0.186500044, 3.86313942e-006, -0.982454952, -1.16632992e-005, 1, 1.71807736e-006, 0, 0, 0, 0, 0, 0, 0, 0.241825415, -0.0918324463, -0.183329639, -0.395420537, 0.625022092, -0.672963433, -0.839111328, 0.0520019531, 0.541381836, 0.373462175, 0.778879735, 0.504058597, 0, 0, -0, 0, 0, 0, 0, 0.316356494, -0.0454855957, -0.146635352, 0.0613657007, 0.521027294, -0.851304963, 0.372314453, -0.803222656, -0.46484375, -0.926026572, -0.288303699, -0.243272373, 0, 2, 1, 1, 
485.639461, 60, 0.1, 0.1, 0.0203899296, 0.343603175, -0.0349577325, 0.982454807, -1.86997273e-005, 0.186500811, 0.18650081, -8.21106624e-006, -0.982454807, 1.99030075e-005, 1, -4.5794872e-006, 0.982454829, -1.90424861e-005, 0.186500692, 0.186500692, -3.46860265e-006, -0.982454829, 1.93552792e-005, 1, 1.43691404e-007, 0, 0, 0, 0, 0, 0, 0, 0.241825415, -0.0918324463, -0.183329639, -0.395420537, 0.625022092, -0.672963433, -0.839111328, 0.0520019531, 0.541381836, 0.373462175, 0.778879735, 0.504058597, 0, 0, -0, 0, 0, 0, 0, 0.316919287, -0.0461654785, -0.145833936, 0.0613657007, 0.521027294, -0.851304963, 0.372314453, -0.803222656, -0.46484375, -0.926026572, -0.288303699, -0.243272373, 0, 2, 1, 1, 
485.640155, 60, 0.1, 0.1, 0.0203899287, 0.343603173, -0.03496077, 0.9824547, 1.61393737e-006, 0.186501372, 0.186501372, -6.18889263e-006, -0.9824547, -4.31383385e-007, 1, -6.38130819e-006, 0.982454719, 6.86788236e-006, 0.186501273, 0.186501273, 6.66389489e-006, -0.982454719, -7.99020832e-006, 1, 5.26610618e-006, 0, 0, 0, 0, 0, 0, 0, 0.241825415, -0.0918324463, -0.183329639, -0.395420537, 0.625022092, -0.672963433, -0.839111328, 0.0520019531, 0.541381836, 0.373462175, 0.778879735, 0.504058597, 0, 0, -0, 0, 0, 0, 0, 0.316919287, -0.0461654785, -0.145833936, 0.0613657007, 0.521027294, -0.851304963, 0.372314453, -0.803222656, -0.46484375, -0.926026572, -0.288303699, -0.243272373, 0, 2, 1, 1, 
485.640845, 60, 0.1, 0.1, 0.0203899325, 0.343603173, -0.0349662198, 0.982454645, -3.94953814e-006, 0.186501663, 0.186501663, 2.03090108e-005, -0.982454645, 9.25778115e-008, 1, 2.06892774e-005, 0.982454651, -1.47902452e-005, 0.186501632, 0.186501632, 1.11053477e-005, -0.982454651, 1.24595797e-005, 1, 1.36689053e-005, 0, 0, 0, 0, 0, 0, 0, 0.241825415, -0.0918324463, -0.183329639, -0.395420537, 0.625022092, -0.672963433, -0.839111328, 0.0520019531, 0.541381836, 0.373462175, 0.778879735, 0.504058597, 0, 0, -0, 0, 0, 0, 0, 0.316919287, -0.0461654785, -0.145833936, 0.0613657007, 0.521027294, -0.851304963, 0.372314453, -0.803222656, -0.46484375, -0.926026572, -0.288303699, -0.243272373, 0, 2, 1, 1, 
485.641566, 60, 0.1, 0.1, 0.0203899214, 0.343603169, -0.0349722758, 0.982454662, 3.17505921e-005, 0.18650157, 0.18650157, -1.17581412e-005, -0.982454663, -2.90006055e-005, 0.999999999, -1.74733759e-005, 0.982454653, 3.64425915e-005, 0.186501616, 0.186501616, -1.71887436e-006, -0.982454654, -3.54826208e-005, 0.999999999, -8.48531832e-006, 0, 0, 0, 0, 0, 0, 0, 0.242182788, -0.0930267822, -0.182250049, -0.396957956, 0.623404541, -0.673686838, -0.83984375, 0.0491943359, 0.540405273, 0.36999792, 0.780371849, 0.504173173, 0, 0, -0, 0, 0, 0, 0, 0.317073682, -0.0470632324, -0.144800977, 0.0596792047, 0.519429017, -0.852333778, 0.377563477, -0.802124023, -0.462402344, -0.923994461, -0.294117849, -0.243994219, 0, 2, 1, 1, 
485.642258, 60, 0.1, 0.1, 0.0203899244, 0.343603174, -0.0349769768, 0.982454746, -3.93682027e-005, 0.186501129, 0.186501129, 4.56680938e-007, -0.982454747, 3.85923061e-005, 0.999999999, 7.7908826e-006, 0.982454723, -2.87694859e-005, 0.18650125, 0.18650125, -1.07668186e-005, -0.982454723, 3.02727425e-005, 1, -5.21236668e-006, 0, 0, 0, 0, 0, 0, 0, 0.242182788, -0.0930267822, -0.182250049, -0.396957956, 0.623404541, -0.673686838, -0.83984375, 0.0491943359, 0.540405273, 0.36999792, 0.780371849, 0.504173173, 0, 0, -0, 0, 0, 0, 0, 0.317073682, -0.0470632324, -0.144800977, 0.0596792047, 0.519429017, -0.852333778, 0.377563477, -0.802124023, -0.462402344, -0.923994461, -0.294117849, -0.243994219, 0, 2, 1, 1, 
485.642949, 60, 0.1, 0.1, 0.0203899353, 0.343603169, -0.0349793517, 0.98245487, -1.3628061e-005, 0.18650048, 0.18650048, 1.12961189e-005, -0.98245487, 1.12822233e-005, 1, 1.36395669e-005, 0.982454843, -2.82108091e-005, 0.186500616, 0.186500617, 1.47982854e-005, -0.982454844, 2.49559568e-005, 0.999999999, 1.97999804e-005, 0, 0, 0, 0, 0, 0, 0, 0.242182788, -0.0930267822, -0.182250049, -0.396957956, 0.623404541, -0.673686838, -0.83984375, 0.0491943359, 0.540405273, 0.36999792, 0.780371849, 0.504173173, 0, 0, -0, 0, 0, 0, 0, 0.317073682, -0.0470632324, -0.144800977, 0.0596792047, 0.519429017, -0.852333778, 0.377563477, -0.802124023, -0.462402344, -0.923994461, -0.294117849, -0.243994219, 0, 2, 1, 1, 
485.643668, 60, 0.1, 0.1, 0.0203899258, 0.343603173, -0.0349786067, 0.982455021, 3.27246623e-005, 0.186499681, 0.186499682, -1.94194653e-005, -0.982455021, -2.85287847e-005, 0.999999999, -2.51818903e-005, 0.982454991, 3.37650512e-005, 0.186499839, 0.186499839, -1.81203694e-005, -0.982454991, -2.97931971e-005, 0.999999999, -2.4099624e-005, 0, 0, 0, 0, 0, 0, 0, 0.242182788, -0.0930267822, -0.182250049, -0.396957956, 0.623404541, -0.673686838, -0.83984375, 0.0491943359, 0.540405273, 0.36999792, 0.780371849, 0.504173173, 0, 0, -0, 0, 0, 0, 0, 0.317073682, -0.0470632324, -0.144800977, 0.0596792047, 0.519429017, -0.852333778, 0.377563477, -0.802124023, -0.462402344, -0.923994461, -0.294117849, -0.243994219, 0, 2, 1, 1, 
485.644359, 60, 0.1, 0.1, 0.020389924, 0.343603173, -0.0349751846, 0.982455172, -1.69622717e-005, 0.186498889, 0.186498889, 1.62393146e-005, -0.982455172, 1.36360574e-005, 1, 1.91178434e-005, 0.98245514, -1.1197298e-005, 0.186499055, 0.186499056, 7.83316215e-006, -0.98245514, 9.53996566e-006, 1, 9.78401592e-006, 0, 0, 0, 0, 0, 0, 0, 0.242182788, -0.0930267822, -0.182250049, -0.396957956, 0.623404541, -0.673686838, -0.83984375, 0.0491943359, 0.540405273, 0.36999792, 0.780371849, 0.504173173, 0, 0, -0, 0, 0, 0, 0, 0.317073682, -0.0470632324, -0.144800977, 0.0596792047, 0.519429017, -0.852333778, 0.377563477, -0.802124023, -0.462402344, -0.923994461, -0.294117849, -0.243994219, 0, 2, 1, 1, 
485.645064, 60, 0.1, 0.1, 0.0203899248, 0.343603169, -0.0349702372, 0.982455341, 6.44823034e-006, 0.186497998, 0.186497998, -1.08667969e-005, -0.982455341, -4.30846247e-006, 1, -1.18787247e-005, 0.982455305, 4.79058539e-006, 0.186498187, 0.186498187, 5.41588738e-006, -0.982455305, -5.71658921e-006, 1, 4.4274318e-006, 0, 0, 0, 0, 0, 0, 0, 0.242182788, -0.0930267822, -0.182250049, -0.396957956, 0.623404541, -0.673686838, -0.83984375, 0.0491943359, 0.540405273, 0.36999792, 0.780371849, 0.504173173, 0, 0, -0, 0, 0, 0, 0, 0.317073682, -0.0470632324, -0.144800977, 0.0596792047, 0.519429017, -0.852333778, 0.377563477, -0.802124023, -0.462402344, -0.923994461, -0.294117849, -0.243994219, 0, 2, 1, 1, 
485.645771, 60, 0.1, 0.1, 0.0203899239, 0.343603175, -0.034965435, 0.982455517, -8.24085795e-006, 0.186497067, 0.186497067, 1.18521253e-006, -0.982455517, 7.8752377e-006, 1, 2.70131443e-006, 0.982455484, 2.62950545e-006, 0.186497243, 0.186497243, -1.33865881e-005, -0.982455484, -8.6810274e-008, 1, -1.36421224e-005, 0, 0, 0, 0, 0, 0, 0, 0.242182788, -0.0930267822, -0.182250049, -0.400461525, 0.623525108, -0.67134476, -0.838623047, 0.0455322266, 0.542602539, 0.368946136, 0.780352753, 0.504914552, 0, 0, -0, 0, 0, 0, 0, 0.317073682, -0.0470632324, -0.144800977, 0.0596792047, 0.519429017, -0.852333778, 0.377563477, -0.802124023, -0.462402344, -0.923994461, -0.294117849, -0.243994219, 0, 2, 1, 1, 
485.646478, 60, 0.1, 0.1, 0.020389922, 0.343603173, -0.0349619547, 0.982455684, 1.22679191e-005, 0.186496189, 0.186496189, -7.44288313e-006, -0.982455684, -1.06646175e-005, 1, -9.60022298e-006, 0.982455649, 1.3885465e-005, 0.186496373, 0.186496373, -2.16212546e-006, -0.982455649, -1.3238625e-005, 1, -4.71378124e-006, 0, 0, 0, 0, 0, 0, 0, 0.242000537, -0.0936904053, -0.182351343, -0.400461525, 0.623525108, -0.67134476, -0.838623047, 0.0455322266, 0.542602539, 0.368946136, 0.780352753, 0.504914552, 0, 0, -0, 0, 0, 0, 0, 0.316565527, -0.047852832, -0.145231592, 0.0550214679, 0.51922376, -0.852819018, 0.380737305, -0.800415039, -0.462768555, -0.922888354, -0.299171874, -0.241713108, 0, 2, 1, 1, 
485.647177, 60, 0.1, 0.1, 0.0203899265, 0.343603174, -0.0349609938, 0.982455851, -1.64002753e-005, 0.186495309, 0.186495309, -2.07758019e-006, -0.982455851, 1.65000054e-005, 1, 1.01744359e-006, 0.982455821, -2.27239482e-005, 0.186495467, 0.186495467, -5.46875801e-006, -0.982455821, 2.33451738e-005, 1, -1.13489981e-006, 0, 0, 0, 0, 0, 0, 0, 0.242000537, -0.0936904053, -0.182351343, -0.400461525, 0.623525108, -0.67134476, -0.838623047, 0.0455322266, 0.542602539, 0.368946136, 0.780352753, 0.504914552, 0, 0, -0, 0, 0, 0, 0, 0.316565527, -0.047852832, -0.145231592, 0.0550214679, 0.51922376, -0.852819018, 0.380737305, -0.800415039, -0.462768555, -0.922888354, -0.299171874, -0.241713108, 0, 2, 1, 1, 
485.64787, 60, 0.1, 0.1, 0.0203899187, 0.343603171, -0.0349626391, 0.982455975, 2.87067931e-005, 0.186494653, 0.186494653, 1.05385455e-005, -0.982455976, -3.01685428e-005, 1, 4.99999362e-006, 0.982455954, 3.09475638e-005, 0.186494767, 0.186494767, 1.54424513e-005, -0.982455954, -3.32845547e-005, 0.999999999, 9.39996952e-006, 0, 0, 0, 0, 0, 0, 0, 0.242000537, -0.0936904053, -0.182351343, -0.400461525, 0.623525108, -0.67134476, -0.838623047, 0.0455322266, 0.542602539, 0.368946136, 0.780352753, 0.504914552, 0, 0, -0, 0, 0, 0, 0, 0.316565527, -0.047852832, -0.145231592, 0.0550214679, 0.51922376, -0.852819018, 0.380737305, -0.800415039, -0.462768555, -0.922888354, -0.299171874, -0.241713108, 0, 2, 1, 1, 
485.648564, 60, 0.1, 0.1, 0.0203899223, 0.343603173, -0.0349662896, 0.982456108, -3.95977294e-005, 0.186493952, 0.186493952, -3.11130827e-006, -0.982456109, 3.94832713e-005, 0.999999999, 4.32801322e-006, 0.98245608, -3.20449946e-005, 0.186494104, 0.186494104, -4.26190295e-006, -0.98245608, 3.22776196e-005, 0.999999999, 1.78907009e-006, 0, 0, 0, 0, 0, 0, 0, 0.242000537, -0.0936904053, -0.182351343, -0.400461525, 0.623525108, -0.67134476, -0.838623047, 0.0455322266, 0.542602539, 0.368946136, 0.780352753, 0.504914552, 0, 0, -0, 0, 0, 0, 0, 0.316565527, -0.047852832, -0.145231592, 0.0550214679, 0.51922376, -0.852819018, 0.380737305, -0.800415039, -0.462768555, -0.922888354, -0.299171874, -0.241713108, 0, 2, 1, 1, 
485.649255, 60, 0.1, 0.1, 0.0203899273, 0.343603176, -0.0349707627, 0.982456224, 1.44560764e-005, 0.186493346, 0.186493346, 3.91240761e-006, -0.982456224, -1.49321002e-005, 1, 1.14780714e-006, 0.982456207, -4.62580952e-006, 0.186493435, 0.186493435, -7.76284524e-006, -0.982456207, 5.99237495e-006, 1, -6.76397238e-006, 0, 0, 0, 0, 0, 0, 0, 0.242000537, -0.0936904053, -0.182351343, -0.400461525, 0.623525108, -0.67134476, -0.838623047, 0.0455322266, 0.542602539, 0.368946136, 0.780352753, 0.504914552, 0, 0, -0, 0, 0, 0, 0, 0.316565527, -0.047852832, -0.145231592, 0.0550214679, 0.51922376, -0.852819018, 0.380737305, -0.800415039, -0.462768555, -0.922888354, -0.299171874, -0.241713108, 0, 2, 1, 1, 
485.649951, 60, 0.1, 0.1, 0.0203899138, 0.343603173, -0.034974749, 0.982456329, 3.34685957e-005, 0.186492788, 0.186492788, 4.07574787e-006, -0.98245633, -3.36415313e-005, 0.999999999, -2.23740742e-006, 0.982456307, 4.10608342e-005, 0.186492905, 0.186492905, 2.66884702e-006, -0.982456308, -4.08381966e-005, 0.999999999, -5.03552866e-006, 0, 0, 0, 0, 0, 0, 0, 0.242000537, -0.0936904053, -0.182351343, -0.400461525, 0.623525108, -0.67134476, -0.838623047, 0.0455322266, 0.542602539, 0.368946136, 0.780352753, 0.504914552, 0, 0, -0, 0, 0, 0, 0, 0.316565527, -0.047852832, -0.145231592, 0.0550214679, 0.51922376, -0.852819018, 0.380737305, -0.800415039, -0.462768555, -0.922888354, -0.299171874, -0.241713108, 0, 2, 1, 1, 
485.650674, 60, 0.1, 0.1, 0.0203899174, 0.343603173, -0.0349769693, 0.98245641, -3.75588917e-005, 0.186492362, 0.186492362, -1.09051034e-005, -0.982456411, 3.89336924e-005, 0.999999999, -3.70934235e-006, 0.982456398, -2.83454835e-005, 0.186492429, 0.186492429, -7.04718053e-006, -0.982456398, 2.91624475e-005, 1, -1.63732953e-006, 0, 0, 0, 0, 0, 0, 0, 0.242082788, -0.0948161377, -0.182502686, -0.403209488, 0.623322166, -0.669917047, -0.837402344, 0.0437011719, 0.544677734, 0.368763411, 0.78063208, 0.504564833, 0, 0, -0, 0, 0, 0, 0, 0.316565527, -0.047852832, -0.145231592, 0.0516287863, 0.517919692, -0.853764345, 0.383056641, -0.799682617, -0.462036133, -0.922140255, -0.303113961, -0.23972584, 0, 2, 1, 1, 
485.651365, 60, 0.1, 0.1, 0.0203899275, 0.343603174, -0.0349767434, 0.982456481, -1.03768998e-005, 0.186491993, 0.186491993, -5.46896097e-006, -0.982456481, 1.12147699e-005, 1, -3.43780742e-006, 0.982456464, -2.56939219e-005, 0.186492078, 0.186492078, -1.97503815e-006, -0.982456465, 2.56114886e-005, 1, 2.85132388e-006, 0, 0, 0, 0, 0, 0, 0, 0.242082788, -0.0948161377, -0.182502686, -0.403209488, 0.623322166, -0.669917047, -0.837402344, 0.0437011719, 0.544677734, 0.368763411, 0.78063208, 0.504564833, 0, 0, -0, 0, 0, 0, 0, 0.316356787, -0.0489149902, -0.145475586, 0.0516287863, 0.517919692, -0.853764345, 0.383056641, -0.799682617, -0.462036133, -0.922140255, -0.303113961, -0.23972584, 0, 2, 1, 1, 
485.652053, 60, 0.1, 0.1, 0.0203899191, 0.343603173, -0.0349745844, 0.982456519, 2.71380639e-005, 0.18649179, 0.18649179, 7.76389846e-006, -0.982456519, -2.81098711e-005, 1, 2.56666654e-006, 0.982456513, 2.91145584e-005, 0.18649182, 0.18649182, 1.06352435e-005, -0.982456514, -3.05871734e-005, 1, 5.01903723e-006, 0, 0, 0, 0, 0, 0, 0, 0.242082788, -0.0948161377, -0.182502686, -0.403209488, 0.623322166, -0.669917047, -0.837402344, 0.0437011719, 0.544677734, 0.368763411, 0.78063208, 0.504564833, 0, 0, -0, 0, 0, 0, 0, 0.316356787, -0.0489149902, -0.145475586, 0.0516287863, 0.517919692, -0.853764345, 0.383056641, -0.799682617, -0.462036133, -0.922140255, -0.303113961, -0.23972584, 0, 2, 1, 1, 
485.652753, 60, 0.1, 0.1, 0.0203899201, 0.343603173, -0.0349711476, 0.982456569, -2.56321307e-005, 0.186491524, 0.186491524, 2.10126026e-006, -0.98245657, 2.4790588e-005, 1, 6.84457207e-006, 0.982456557, -2.02092953e-005, 0.186491591, 0.186491592, 5.84111587e-007, -0.982456557, 1.97458227e-005, 1, 4.3427279e-006, 0, 0, 0, 0, 0, 0, 0, 0.242082788, -0.0948161377, -0.182502686, -0.403209488, 0.623322166, -0.669917047, -0.837402344, 0.0437011719, 0.544677734, 0.368763411, 0.78063208, 0.504564833, 0, 0, -0, 0, 0, 0, 0, 0.316356787, -0.0489149902, -0.145475586, 0.0516287863, 0.517919692, -0.853764345, 0.383056641, -0.799682617, -0.462036133, -0.922140255, -0.303113961, -0.23972584, 0, 2, 1, 1, 
485.653456, 60, 0.1, 0.1, 0.0203899199, 0.343603173, -0.0349674669, 0.98245661, 2.18329978e-005, 0.186491311, 0.186491311, 1.20928592e-005, -0.98245661, -2.37051862e-005, 1, 7.80904511e-006, 0.982456608, 1.3323311e-005, 0.186491322, 0.186491322, 1.09502351e-006, -0.982456608, -1.32937874e-005, 1, -1.4088688e-006, 0, 0, 0, 0, 0, 0, 0, 0.242082788, -0.0948161377, -0.182502686, -0.403209488, 0.623322166, -0.669917047, -0.837402344, 0.0437011719, 0.544677734, 0.368763411, 0.78063208, 0.504564833, 0, 0, -0, 0, 0, 0, 0, 0.316331738, -0.0490666016, -0.145699805, 0.0474311362, 0.51740127, -0.854307187, 0.387084961, -0.797851563, -0.461791992, -0.920740305, -0.308691871, -0.238064497, 0, 2, 1, 1, 
485.654148, 60, 0.1, 0.1, 0.0203899163, 0.343603171, -0.0349646771, 0.982456628, -2.03839162e-005, 0.186491214, 0.186491214, -2.12578873e-006, -0.982456629, 2.04227545e-005, 1, 1.71292605e-006, 0.982456621, 6.05727614e-007, 0.186491254, 0.186491254, -2.41893195e-006, -0.982456621, -1.43991452e-007, 1, -2.48945861e-006, 0, 0, 0, 0, 0, 0, 0, 0.242082788, -0.0948161377, -0.182502686, -0.403209488, 0.623322166, -0.669917047, -0.837402344, 0.0437011719, 0.544677734, 0.368763411, 0.78063208, 0.504564833, 0, 0, -0, 0, 0, 0, 0, 0.316331738, -0.0490666016, -0.145699805, 0.0474311362, 0.51740127, -0.854307187, 0.387084961, -0.797851563, -0.461791992, -0.920740305, -0.308691871, -0.238064497, 0, 2, 1, 1, 
485.654842, 60, 0.1, 0.1, 0.0203899262, 0.343603173, -0.0349636093, 0.982456655, -1.32686445e-005, 0.186491074, 0.186491074, -1.05834076e-005, -0.982456655, 1.50095792e-005, 1, -7.92325543e-006, 0.982456652, -2.81219725e-005, 0.186491089, 0.186491089, -1.1863361e-005, -0.982456652, 2.98410301e-005, 1, -6.41074061e-006, 0, 0, 0, 0, 0, 0, 0, 0.242082788, -0.0948161377, -0.182502686, -0.403209488, 0.623322166, -0.669917047, -0.837402344, 0.0437011719, 0.544677734, 0.368763411, 0.78063208, 0.504564833, 0, 0, -0, 0, 0, 0, 0, 0.316331738, -0.0490666016, -0.145699805, 0.0474311362, 0.51740127, -0.854307187, 0.387084961, -0.797851563, -0.461791992, -0.920740305, -0.308691871, -0.238064497, 0, 2, 1, 1, 
485.655547, 60, 0.1, 0.1, 0.0203899192, 0.34360317, -0.0349644758, 0.982456639, 1.68720301e-005, 0.18649116, 0.18649116, 4.4420821e-006, -0.982456639, -1.7404447e-005, 1, 1.21766859e-006, 0.982456642, 2.32757498e-005, 0.18649114, 0.186491139, 1.48256825e-005, -0.982456643, -2.56322735e-005, 1, 1.02248692e-005, 0, 0, 0, 0, 0, 0, 0, 0.242082788, -0.0948161377, -0.182502686, -0.406707065, 0.623036847, -0.668095431, -0.836547852, 0.0397949219, 0.546386719, 0.366969126, 0.781171638, 0.505141461, 0, 0, -0, 0, 0, 0, 0, 0.316331738, -0.0490666016, -0.145699805, 0.0474311362, 0.51740127, -0.854307187, 0.387084961, -0.797851563, -0.461791992, -0.920740305, -0.308691871, -0.238064497, 0, 2, 1, 1, 
485.656239, 60, 0.1, 0.1, 0.0203899246, 0.343603176, -0.0349666597, 0.982456652, -2.98291084e-005, 0.186491089, 0.186491089, -9.01383166e-006, -0.982456652, 3.09868053e-005, 1, -3.29283598e-006, 0.982456645, -2.93861816e-005, 0.186491125, 0.186491125, -2.00962322e-005, -0.982456645, 3.26184183e-005, 0.999999999, -1.42634148e-005, 0, 0, 0, 0, 0, 0, 0, 0.242345068, -0.0954988037, -0.182631079, -0.406707065, 0.623036847, -0.668095431, -0.836547852, 0.0397949219, 0.546386719, 0.366969126, 0.781171638, 0.505141461, 0, 0, -0, 0, 0, 0, 0, 0.316331738, -0.0490666016, -0.145699805, 0.0474311362, 0.51740127, -0.854307187, 0.387084961, -0.797851563, -0.461791992, -0.920740305, -0.308691871, -0.238064497, 0, 2, 1, 1, 
485.656932, 60, 0.1, 0.1, 0.0203899234, 0.343603168, -0.034969644, 0.982456727, 2.44770866e-005, 0.186490692, 0.186490691, 2.06350802e-005, -0.982456728, -2.78959287e-005, 0.999999999, 1.57083246e-005, 0.982456707, 1.66119103e-005, 0.186490799, 0.186490798, 2.74682124e-005, -0.982456707, -2.14430516e-005, 0.999999999, 2.38883611e-005, 0, 0, 0, 0, 0, 0, 0, 0.242345068, -0.0954988037, -0.182631079, -0.406707065, 0.623036847, -0.668095431, -0.836547852, 0.0397949219, 0.546386719, 0.366969126, 0.781171638, 0.505141461, 0, 0, -0, 0, 0, 0, 0, 0.316331738, -0.0490666016, -0.145699805, 0.0474311362, 0.51740127, -0.854307187, 0.387084961, -0.797851563, -0.461791992, -0.920740305, -0.308691871, -0.238064497, 0, 2, 1, 1, 
485.657627, 60, 0.1, 0.1, 0.020389918, 0.343603175, -0.0349724954, 0.982456865, -5.66705572e-006, 0.186489971, 0.186489971, -3.38846538e-005, -0.982456864, 1.18867859e-005, 0.999999999, -3.22333617e-005, 0.982456833, 3.66135535e-006, 0.186490136, 0.186490136, -3.2026259e-005, -0.982456833, 2.37545783e-006, 0.999999999, -3.21472237e-005, 0, 0, 0, 0, 0, 0, 0, 0.242345068, -0.0954988037, -0.182631079, -0.406707065, 0.623036847, -0.668095431, -0.836547852, 0.0397949219, 0.546386719, 0.366969126, 0.781171638, 0.505141461, 0, 0, -0, 0, 0, 0, 0, 0.316331738, -0.0490666016, -0.145699805, 0.0474311362, 0.51740127, -0.854307187, 0.387084961, -0.797851563, -0.461791992, -0.920740305, -0.308691871, -0.238064497, 0, 2, 1, 1, 
485.658348, 60, 0.1, 0.1, 0.0203899196, 0.343603175, -0.0349741828, 0.982457047, 7.25100996e-006, 0.18648901, 0.18648901, 3.26142909e-005, -0.982457046, -1.32060127e-005, 0.999999999, 3.06899063e-005, 0.982457008, -3.88481163e-006, 0.186489215, 0.186489215, 1.78110302e-005, -0.982457008, 4.95095359e-007, 1, 1.8223047e-005, 0, 0, 0, 0, 0, 0, 0, 0.242893091, -0.0964542725, -0.182174463, -0.408910601, 0.621742806, -0.667917575, -0.836791992, 0.0364990234, 0.546142578, 0.36398115, 0.782365329, 0.505484067, 0, 0, -0, 0, 0, 0, 0, 0.316674463, -0.0496778809, -0.145308252, 0.0452717937, 0.516614525, -0.854997317, 0.391845703, -0.796386719, -0.460449219, -0.918880635, -0.314052498, -0.238505261, 0, 2, 1, 1, 
485.659037, 60, 0.1, 0.1, 0.0203899136, 0.343603163, -0.0349743505, 0.982457235, 9.63047594e-006, 0.186488019, 0.186488019, 1.47729853e-005, -0.982457235, -1.22165155e-005, 1, 1.27178579e-005, 0.982457198, 1.59233304e-005, 0.186488212, 0.186488212, 2.97574622e-005, -0.982457198, -2.11934065e-005, 0.999999999, 2.62659195e-005, 0, 0, 0, 0, 0, 0, 0, 0.242893091, -0.0964542725, -0.182174463, -0.408910601, 0.621742806, -0.667917575, -0.836791992, 0.0364990234, 0.546142578, 0.36398115, 0.782365329, 0.505484067, 0, 0, -0, 0, 0, 0, 0, 0.316674463, -0.0496778809, -0.145308252, 0.0452717937, 0.516614525, -0.854997317, 0.391845703, -0.796386719, -0.460449219, -0.918880635, -0.314052498, -0.238505261, 0, 2, 1, 1, 
485.659745, 60, 0.1, 0.1, 0.0203899146, 0.343603171, -0.0349730873, 0.982457409, -1.9032669e-006, 0.186487102, 0.186487102, -2.49908811e-005, -0.982457409, 6.53035565e-006, 1, -2.41975416e-005, 0.982457378, -6.79961399e-006, 0.186487266, 0.186487266, -2.9577204e-005, -0.982457378, 1.21961028e-005, 1, -2.77903008e-005, 0, 0, 0, 0, 0, 0, 0, 0.242893091, -0.0964542725, -0.182174463, -0.408910601, 0.621742806, -0.667917575, -0.836791992, 0.0364990234, 0.546142578, 0.36398115, 0.782365329, 0.505484067, 0, 0, -0, 0, 0, 0, 0, 0.316674463, -0.0496778809, -0.145308252, 0.0452717937, 0.516614525, -0.854997317, 0.391845703, -0.796386719, -0.460449219, -0.918880635, -0.314052498, -0.238505261, 0, 2, 1, 1, 
485.660438, 60, 0.1, 0.1, 0.0203899137, 0.343603166, -0.0349708986, 0.982457522, -1.34648472e-005, 0.186486508, 0.186486509, 3.09633313e-005, -0.982457521, 7.45439683e-006, 0.999999999, 3.29311701e-005, 0.982457506, -2.52501409e-006, 0.18648659, 0.18648659, 2.73990307e-005, -0.982457506, -2.62883276e-006, 1, 2.73892647e-005, 0, 0, 0, 0, 0, 0, 0, 0.242893091, -0.0964542725, -0.182174463, -0.408910601, 0.621742806, -0.667917575, -0.836791992, 0.0364990234, 0.546142578, 0.36398115, 0.782365329, 0.505484067, 0, 0, -0, 0, 0, 0, 0, 0.316674463, -0.0496778809, -0.145308252, 0.0452717937, 0.516614525, -0.854997317, 0.391845703, -0.796386719, -0.460449219, -0.918880635, -0.314052498, -0.238505261, 0, 2, 1, 1, 
485.661133, 60, 0.1, 0.1, 0.0203899146, 0.343603163, -0.0349685234, 0.98245758, 1.3513927e-005, 0.186486204, 0.186486204, -1.1888448e-005, -0.98245758, -1.10598284e-005, 1, -1.42000568e-005, 0.982457569, 6.31596252e-006, 0.186486259, 0.186486259, -1.9970866e-006, -0.982457569, -5.83273597e-006, 1, -3.13989306e-006, 0, 0, 0, 0, 0, 0, 0, 0.242893091, -0.0964542725, -0.182174463, -0.408910601, 0.621742806, -0.667917575, -0.836791992, 0.0364990234, 0.546142578, 0.36398115, 0.782365329, 0.505484067, 0, 0, -0, 0, 0, 0, 0, 0.316674463, -0.0496778809, -0.145308252, 0.0452717937, 0.516614525, -0.854997317, 0.391845703, -0.796386719, -0.460449219, -0.918880635, -0.314052498, -0.238505261, 0, 2, 1, 1, 
485.661831, 60, 0.1, 0.1, 0.0203899144, 0.343603165, -0.0349666236, 0.982457647, -1.27398998e-005, 0.18648585, 0.18648585, 7.89986336e-006, -0.982457647, 1.10431993e-005, 1, 1.01370922e-005, 0.98245763, -1.2513589e-005, 0.186485936, 0.186485936, 9.04408564e-007, -0.98245763, 1.21254115e-005, 1, 3.22215145e-006, 0, 0, 0, 0, 0, 0, 0, 0.242893091, -0.0964542725, -0.182174463, -0.408910601, 0.621742806, -0.667917575, -0.836791992, 0.0364990234, 0.546142578, 0.36398115, 0.782365329, 0.505484067, 0, 0, -0, 0, 0, 0, 0, 0.316674463, -0.0496778809, -0.145308252, 0.0452717937, 0.516614525, -0.854997317, 0.391845703, -0.796386719, -0.460449219, -0.918880635, -0.314052498, -0.238505261, 0, 2, 1, 1, 
485.662525, 60, 0.1, 0.1, 0.0203899108, 0.343603165, -0.0349657609, 0.982457746, 9.26158478e-006, 0.186485327, 0.186485327, -7.53821064e-006, -0.982457746, -7.69335004e-006, 1, -9.1331231e-006, 0.982457724, 1.61816753e-005, 0.186485441, 0.186485441, -7.64596713e-006, -0.982457724, -1.44719503e-005, 1, -1.05294863e-005, 0, 0, 0, 0, 0, 0, 0, 0.242893091, -0.0964542725, -0.182174463, -0.408910601, 0.621742806, -0.667917575, -0.836791992, 0.0364990234, 0.546142578, 0.36398115, 0.782365329, 0.505484067, 0, 0, -0, 0, 0, 0, 0, 0.316674463, -0.0496778809, -0.145308252, 0.0452717937, 0.516614525, -0.854997317, 0.391845703, -0.796386719, -0.460449219, -0.918880635, -0.314052498, -0.238505261, 0, 2, 1, 1, 
485.663245, 60, 0.1, 0.1, 0.020389913, 0.343603161, -0.0349658409, 0.982457876, 4.42586597e-006, 0.186484641, 0.186484641, 1.32592086e-005, -0.982457876, -6.82086565e-006, 1, 1.22012579e-005, 0.98245785, -8.64469438e-006, 0.186484781, 0.186484781, 1.77000077e-005, -0.98245785, 5.1922658e-006, 1, 1.90016154e-005, 0, 0, 0, 0, 0, 0, 0, 0.243712451, -0.0976655762, -0.181562964, -0.410193781, 0.619782649, -0.669015787, -0.837280273, 0.0346679687, 0.545532227, 0.361341771, 0.784035299, 0.504792863, 0, 0, -0, 0, 0, 0, 0, 0.316833496, -0.0505382813, -0.144923047, 0.0439174196, 0.514920732, -0.856006809, 0.394775391, -0.796020508, -0.458496094, -0.917672815, -0.317790061, -0.238243135, 0, 2, 1, 1, 
485.663942, 60, 0.1, 0.1, 0.0203899118, 0.343603161, -0.0349669802, 0.982458029, -1.5424522e-005, 0.186483835, 0.186483835, 7.48038534e-006, -0.982458029, 1.37589746e-005, 1, 1.02255887e-005, 0.982457996, -7.50166198e-006, 0.186484008, 0.186484008, -2.52764371e-006, -0.982457996, 7.84143293e-006, 1, -1.08436378e-006, 0, 0, 0, 0, 0, 0, 0, 0.243712451, -0.0976655762, -0.181562964, -0.410193781, 0.619782649, -0.669015787, -0.837280273, 0.0346679687, 0.545532227, 0.361341771, 0.784035299, 0.504792863, 0, 0, -0, 0, 0, 0, 0, 0.316833496, -0.0505382813, -0.144923047, 0.0439174196, 0.514920732, -0.856006809, 0.394775391, -0.796020508, -0.458496094, -0.917672815, -0.317790061, -0.238243135, 0, 2, 1, 1, 
485.664644, 60, 0.1, 0.1, 0.0203899114, 0.34360316, -0.0349687688, 0.982458202, 1.05141024e-005, 0.186482923, 0.186482923, -9.66771291e-006, -0.982458202, -8.52680283e-006, 1, -1.14588244e-005, 0.982458167, 9.96051695e-006, 0.186483111, 0.186483111, -3.33591041e-006, -0.982458167, -9.16370027e-006, 1, -5.13486061e-006, 0, 0, 0, 0, 0, 0, 0, 0.243712451, -0.0976655762, -0.181562964, -0.410193781, 0.619782649, -0.669015787, -0.837280273, 0.0346679687, 0.545532227, 0.361341771, 0.784035299, 0.504792863, 0, 0, -0, 0, 0, 0, 0, 0.316833496, -0.0505382813, -0.144923047, 0.0439174196, 0.514920732, -0.856006809, 0.394775391, -0.796020508, -0.458496094, -0.917672815, -0.317790061, -0.238243135, 0, 2, 1, 1, 
485.66535, 60, 0.1, 0.1, 0.0203899135, 0.34360316, -0.0349705922, 0.982458393, -8.47179533e-006, 0.186481921, 0.186481921, 6.19145448e-006, -0.982458393, 7.1685921e-006, 1, 7.66268309e-006, 0.982458354, -1.45783973e-005, 0.186482124, 0.186482124, 5.7675152e-006, -0.982458354, 1.32471298e-005, 1, 8.38495399e-006, 0, 0, 0, 0, 0, 0, 0, 0.243712451, -0.0976655762, -0.181562964, -0.410193781, 0.619782649, -0.669015787, -0.837280273, 0.0346679687, 0.545532227, 0.361341771, 0.784035299, 0.504792863, 0, 0, -0, 0, 0, 0, 0, 0.316833496, -0.0505382813, -0.144923047, 0.0439174196, 0.514920732, -0.856006809, 0.394775391, -0.796020508, -0.458496094, -0.917672815, -0.317790061, -0.238243135, 0, 2, 1, 1, 
485.666049, 60, 0.1, 0.1, 0.0203899109, 0.343603163, -0.0349719156, 0.982458592, -3.79124964e-006, 0.186480872, 0.186480872, -9.76464148e-006, -0.982458592, 5.54566464e-006, 1, -8.88636038e-006, 0.982458552, 6.72595772e-006, 0.186481081, 0.186481081, -1.33129554e-005, -0.982458552, -4.12536037e-006, 1, -1.43336908e-005, 0, 0, 0, 0, 0, 0, 0, 0.243712451, -0.0976655762, -0.181562964, -0.410193781, 0.619782649, -0.669015787, -0.837280273, 0.0346679687, 0.545532227, 0.361341771, 0.784035299, 0.504792863, 0, 0, -0, 0, 0, 0, 0, 0.316833496, -0.0505382813, -0.144923047, 0.0439174196, 0.514920732, -0.856006809, 0.394775391, -0.796020508, -0.458496094, -0.917672815, -0.317790061, -0.238243135, 0, 2, 1, 1, 
485.666756, 60, 0.1, 0.1, 0.0203899105, 0.343603162, -0.0349724794, 0.982458802, 1.35707483e-005, 0.186479761, 0.186479761, -6.4051941e-006, -0.982458803, -1.2138262e-005, 1, -8.82350922e-006, 0.982458756, 6.40457571e-006, 0.186480006, 0.186480006, 2.74829617e-006, -0.982458756, -6.80473377e-006, 1, 1.50576232e-006, 0, 0, 0, 0, 0, 0, 0, 0.243712451, -0.0976655762, -0.181562964, -0.410193781, 0.619782649, -0.669015787, -0.837280273, 0.0346679687, 0.545532227, 0.361341771, 0.784035299, 0.504792863, 0, 0, -0, 0, 0, 0, 0, 0.316833496, -0.0505382813, -0.144923047, 0.0439174196, 0.514920732, -0.856006809, 0.394775391, -0.796020508, -0.458496094, -0.917672815, -0.317790061, -0.238243135, 0, 2, 1, 1, 
485.667468, 60, 0.1, 0.1, 0.0203899095, 0.343603164, -0.0349719518, 0.982459024, -8.43543663e-006, 0.186478595, 0.186478595, 9.13239235e-006, -0.982459024, 6.58447515e-006, 1, 1.05452296e-005, 0.982458976, -8.14398707e-006, 0.186478849, 0.186478849, 3.03667269e-006, -0.982458976, 7.43485797e-006, 1, 4.50208767e-006, 0, 0, 0, 0, 0, 0, 0, 0.243712451, -0.0976655762, -0.181562964, -0.411438769, 0.617682828, -0.670133094, -0.837768555, 0.033203125, 0.544921875, 0.358943527, 0.785603797, 0.503981092, 0, 0, -0, 0, 0, 0, 0, 0.316833496, -0.0505382813, -0.144923047, 0.0439174196, 0.514920732, -0.856006809, 0.394775391, -0.796020508, -0.458496094, -0.917672815, -0.317790061, -0.238243135, 0, 2, 1, 1, 
485.668175, 60, 0.1, 0.1, 0.0203899056, 0.343603163, -0.0349704945, 0.98245925, 9.35225765e-006, 0.186477401, 0.186477402, -6.97268345e-006, -0.98245925, -7.88796415e-006, 1, -8.59436206e-006, 0.982459206, 1.57233252e-005, 0.186477634, 0.186477634, -6.61510893e-006, -0.982459206, -1.42139557e-005, 1, -9.43112314e-006, 0, 0, 0, 0, 0, 0, 0, 0.244311255, -0.098661084, -0.180952808, -0.411438769, 0.617682828, -0.670133094, -0.837768555, 0.033203125, 0.544921875, 0.358943527, 0.785603797, 0.503981092, 0, 0, -0, 0, 0, 0, 0, 0.31721748, -0.0516302246, -0.144546143, 0.0425502858, 0.513105538, -0.857137703, 0.397827148, -0.795654297, -0.456542969, -0.916343594, -0.321540384, -0.237993768, 0, 2, 1, 1, 
485.668869, 60, 0.1, 0.1, 0.0203899068, 0.343603161, -0.0349689185, 0.98245948, 5.81434077e-006, 0.186476193, 0.186476193, 8.93715369e-006, -0.98245948, -7.3789206e-006, 1, 7.69615523e-006, 0.982459434, -5.88217211e-006, 0.186476433, 0.186476433, 1.30752343e-005, -0.982459434, 3.34077244e-006, 1, 1.39427737e-005, 0, 0, 0, 0, 0, 0, 0, 0.244311255, -0.098661084, -0.180952808, -0.411438769, 0.617682828, -0.670133094, -0.837768555, 0.033203125, 0.544921875, 0.358943527, 0.785603797, 0.503981092, 0, 0, -0, 0, 0, 0, 0, 0.31721748, -0.0516302246, -0.144546143, 0.0425502858, 0.513105538, -0.857137703, 0.397827148, -0.795654297, -0.456542969, -0.916343594, -0.321540384, -0.237993768, 0, 2, 1, 1, 
