time, trialNum, realDorsalTactorPos, realVentralTactorPos, boxPosX, boxPosY, boxPosZ, boxLocalRot_11, boxLocalRot_12, boxLocalRot_13, boxLocalRot_21, boxLocalRot_22, boxLocalRot_23, boxLocalRot_31, boxLocalRot_32, boxLocalRot_33, boxGlobalRot_11, boxGlobalRot_12, boxGlobalRot_13, boxGlobalRot_21, boxGlobalRot_22, boxGlobalRot_23, boxGlobalRot_31, boxGlobalRot_32, boxGlobalRot_33, indexForceX, indexForceY, indexForceZ, indexForceGlobalX, indexForceGlobalY, indexForceGlobalZ, indexContact, indexPosX, indexPosY, indexPosZ, indexRot_11, indexRot_12, indexRot_13, indexRot_21, indexRot_22, indexRot_23, indexRot_31, indexRot_32, indexRot_33, thumbForceX, thumbForceY, thumbForceZ, thumbForceGlobalX, thumbForceGlobalY, thumbForceGlobalZ, thumbContact, thumbPosX, thumbPosY, thumbPosZ, thumbRot_11, thumbRot_12, thumbRot_13, thumbRot_21, thumbRot_22, thumbRot_23, thumbRot_31, thumbRot_32, thumbRot_33, manipForceTooHigh, cceExpType, mapping, trialSuccess, 
419.757906, 53, 0.1, 0.1, 0.0317357769, 0.377695288, -0.0349708638, 0.961703682, 4.25269059e-005, 0.274091275, 0.274091273, 4.5055614e-005, -0.961703682, -5.32476327e-005, 0.999999998, 3.16738961e-005, 0.96170371, 3.63982779e-005, 0.274091177, 0.274091175, 3.92559691e-005, -0.96170371, -4.57640737e-005, 0.999999999, 2.77761643e-005, 0, 0, 0, 0, 0, 0, 0, 0.265146436, -0.0615958496, -0.245498047, -0.203737428, 0.655269932, -0.727271982, -0.916870117, 0.132568359, 0.376342773, 0.342978961, 0.74356174, 0.573961826, 0, 0, -0, 0, 0, 0, 0, 0.34357041, -0.0205345703, -0.202528809, 0.269647101, 0.434347723, -0.859359153, 0.34765625, -0.876098633, -0.333740234, -0.897875437, -0.20867111, -0.387359645, 0, 2, 1, 1, 
419.800965, 53, 0.1, 0.1, 0.0317357628, 0.377695331, -0.0349708917, 0.96170042, -3.91376111e-006, 0.274102723, 0.274102723, -8.31239914e-006, -0.96170042, 6.04231695e-006, 1, -6.92126517e-006, 0.961700382, 1.39020172e-005, 0.274102856, 0.274102857, -1.15672067e-005, -0.961700382, -1.01989709e-005, 1, -1.49347697e-005, 0, 0, 0, 0, 0, 0, 0, 0.292856494, -0.087838501, -0.237026465, -0.208303974, 0.647673802, -0.732773161, -0.936401367, 0.0841064453, 0.340454102, 0.282153448, 0.757247634, 0.589169792, 0, 0, -0, 0, 0, 0, 0, 0.365852246, -0.0411044922, -0.192361719, 0.275215917, 0.444136008, -0.852545739, 0.39831543, -0.859741211, -0.319335937, -0.874950957, -0.25158421, -0.413646922, 0, 2, 1, 1, 
419.801659, 53, 0.1, 0.1, 0.0317357693, 0.377695329, -0.0349720521, 0.961700637, -5.76427167e-006, 0.274101961, 0.274101961, 4.40873148e-006, -0.961700637, 4.33506179e-006, 1, 5.81987804e-006, 0.961700594, -1.83590886e-005, 0.27410211, 0.27410211, 8.60596951e-006, -0.961700594, 1.5297032e-005, 1, 1.33086309e-005, 0, 0, 0, 0, 0, 0, 0, 0.292856494, -0.087838501, -0.237026465, -0.208303974, 0.647673802, -0.732773161, -0.936401367, 0.0841064453, 0.340454102, 0.282153448, 0.757247634, 0.589169792, 0, 0, -0, 0, 0, 0, 0, 0.365852246, -0.0411044922, -0.192361719, 0.275215917, 0.444136008, -0.852545739, 0.39831543, -0.859741211, -0.319335937, -0.874950957, -0.25158421, -0.413646922, 0, 2, 1, 1, 
419.802351, 53, 0.1, 0.1, 0.0317357618, 0.377695332, -0.0349724846, 0.961700834, 1.79924983e-005, 0.27410127, 0.27410127, -5.8204142e-007, -0.961700834, -1.71438623e-005, 1, -5.49151635e-006, 0.961700797, 2.65159548e-005, 0.274101399, 0.274101399, -5.92634369e-006, -0.961700797, -2.38759957e-005, 1, -1.29674298e-005, 0, 0, 0, 0, 0, 0, 0, 0.292856494, -0.087838501, -0.237026465, -0.208303974, 0.647673802, -0.732773161, -0.936401367, 0.0841064453, 0.340454102, 0.282153448, 0.757247634, 0.589169792, 0, 0, -0, 0, 0, 0, 0, 0.365852246, -0.0411044922, -0.192361719, 0.275215917, 0.444136008, -0.852545739, 0.39831543, -0.859741211, -0.319335937, -0.874950957, -0.25158421, -0.413646922, 0, 2, 1, 1, 
419.803067, 53, 0.1, 0.1, 0.0317357687, 0.37769533, -0.0349718154, 0.96170097, -2.63446874e-005, 0.274100792, 0.274100792, -4.32112842e-006, -0.96170097, 2.65201361e-005, 1, 3.06546628e-006, 0.96170095, -2.98844145e-005, 0.27410086, 0.27410086, 3.55406587e-006, -0.961700951, 2.77656973e-005, 1, 1.16092922e-005, 0, 0, 0, 0, 0, 0, 0, 0.294532935, -0.0895782959, -0.236502222, -0.210266375, 0.64860015, -0.731363422, -0.936889648, 0.0799560547, 0.340209961, 0.279127279, 0.756853731, 0.591047574, 0, 0, -0, 0, 0, 0, 0, 0.366893994, -0.0430912109, -0.191680273, 0.273938102, 0.445068575, -0.852449857, 0.400146484, -0.858764648, -0.319702148, -0.874471547, -0.253450076, -0.413391359, 0, 2, 1, 1, 
419.803758, 53, 0.1, 0.1, 0.031735766, 0.377695335, -0.0349706279, 0.961701007, 2.41094245e-005, 0.27410066, 0.27410066, -3.56767785e-007, -0.961701008, -2.30882675e-005, 1, -6.95151309e-006, 0.961701008, 2.22138787e-005, 0.274100656, 0.274100657, -9.82305112e-006, -0.961701009, -1.86706048e-005, 1, -1.55356769e-005, 0, 0, 0, 0, 0, 0, 0, 0.294532935, -0.0895782959, -0.236502222, -0.210266375, 0.64860015, -0.731363422, -0.936889648, 0.0799560547, 0.340209961, 0.279127279, 0.756853731, 0.591047574, 0, 0, -0, 0, 0, 0, 0, 0.366893994, -0.0430912109, -0.191680273, 0.273938102, 0.445068575, -0.852449857, 0.400146484, -0.858764648, -0.319702148, -0.874471547, -0.253450076, -0.413391359, 0, 2, 1, 1, 
419.804449, 53, 0.1, 0.1, 0.031735767, 0.377695332, -0.0349693257, 0.961700949, -2.48018624e-005, 0.274100863, 0.274100863, -3.52036726e-006, -0.96170095, 2.48169103e-005, 1, 3.41267134e-006, 0.96170097, -1.7016632e-005, 0.274100793, 0.274100793, 8.07526645e-006, -0.96170097, 1.41514745e-005, 1, 1.24302639e-005, 0, 0, 0, 0, 0, 0, 0, 0.294532935, -0.0895782959, -0.236502222, -0.210266375, 0.64860015, -0.731363422, -0.936889648, 0.0799560547, 0.340209961, 0.279127279, 0.756853731, 0.591047574, 0, 0, -0, 0, 0, 0, 0, 0.366893994, -0.0430912109, -0.191680273, 0.273938102, 0.445068575, -0.852449857, 0.400146484, -0.858764648, -0.319702148, -0.874471547, -0.253450076, -0.413391359, 0, 2, 1, 1, 
419.805138, 53, 0.1, 0.1, 0.0317357703, 0.377695339, -0.0349682754, 0.961700812, 1.32014041e-005, 0.274101348, 0.274101348, -2.88025138e-006, -0.961700812, -1.19063203e-005, 1, -6.38846276e-006, 0.961700842, -1.33813068e-006, 0.27410124, 0.27410124, -1.72198222e-005, -0.961700842, 6.00685602e-006, 1, -1.61935342e-005, 0, 0, 0, 0, 0, 0, 0, 0.294532935, -0.0895782959, -0.236502222, -0.210266375, 0.64860015, -0.731363422, -0.936889648, 0.0799560547, 0.340209961, 0.279127279, 0.756853731, 0.591047574, 0, 0, -0, 0, 0, 0, 0, 0.366893994, -0.0430912109, -0.191680273, 0.273938102, 0.445068575, -0.852449857, 0.400146484, -0.858764648, -0.319702148, -0.874471547, -0.253450076, -0.413391359, 0, 2, 1, 1, 
419.805828, 53, 0.1, 0.1, 0.0317357649, 0.377695332, -0.0349678011, 0.961700623, 3.26680212e-006, 0.274102009, 0.274102009, 1.05412883e-005, -0.961700623, -6.03107393e-006, 1, 9.24212646e-006, 0.961700662, 1.39084683e-005, 0.274101874, 0.274101873, 2.22858761e-005, -0.961700662, -1.94843835e-005, 1, 1.76200046e-005, 0, 0, 0, 0, 0, 0, 0, 0.294532935, -0.0895782959, -0.236502222, -0.210266375, 0.64860015, -0.731363422, -0.936889648, 0.0799560547, 0.340209961, 0.279127279, 0.756853731, 0.591047574, 0, 0, -0, 0, 0, 0, 0, 0.366893994, -0.0430912109, -0.191680273, 0.273938102, 0.445068575, -0.852449857, 0.400146484, -0.858764648, -0.319702148, -0.874471547, -0.253450076, -0.413391359, 0, 2, 1, 1, 
419.806533, 53, 0.1, 0.1, 0.0317357722, 0.377695339, -0.034967806, 0.961700443, -2.04646972e-005, 0.274102639, 0.274102639, -9.0055317e-006, -0.961700444, 2.21493484e-005, 1, -3.05119631e-006, 0.961700475, -2.52660933e-005, 0.274102526, 0.274102526, -1.97377048e-005, -0.961700476, 2.97085687e-005, 0.999999999, -1.20562601e-005, 0, 0, 0, 0, 0, 0, 0, 0.294532935, -0.0895782959, -0.236502222, -0.210266375, 0.64860015, -0.731363422, -0.936889648, 0.0799560547, 0.340209961, 0.279127279, 0.756853731, 0.591047574, 0, 0, -0, 0, 0, 0, 0, 0.366893994, -0.0430912109, -0.191680273, 0.273938102, 0.445068575, -0.852449857, 0.400146484, -0.858764648, -0.319702148, -0.874471547, -0.253450076, -0.413391359, 0, 2, 1, 1, 
419.807236, 53, 0.1, 0.1, 0.0317357685, 0.377695333, -0.0349683747, 0.961700336, 2.31553729e-005, 0.274103015, 0.274103014, 1.29910063e-005, -0.961700337, -2.58294039e-005, 1, 6.14649761e-006, 0.961700352, 2.13574924e-005, 0.274102961, 0.27410296, 2.30994851e-005, -0.961700352, -2.68711452e-005, 1, 1.6360631e-005, 0, 0, 0, 0, 0, 0, 0, 0.294532935, -0.0895782959, -0.236502222, -0.21288291, 0.649869103, -0.729477405, -0.9375, 0.0743408203, 0.33984375, 0.275092388, 0.756281973, 0.593591472, 0, 0, -0, 0, 0, 0, 0, 0.366893994, -0.0430912109, -0.191680273, 0.273938102, 0.445068575, -0.852449857, 0.400146484, -0.858764648, -0.319702148, -0.874471547, -0.253450076, -0.413391359, 0, 2, 1, 1, 
419.807935, 53, 0.1, 0.1, 0.0317357697, 0.377695339, -0.0349691087, 0.961700329, -2.4468486e-005, 0.274103039, 0.274103039, -1.42332258e-005, -0.96170033, 2.74327215e-005, 1, -6.98121154e-006, 0.961700322, -1.76703501e-005, 0.274103064, 0.274103063, -2.13320837e-005, -0.961700322, 2.28407709e-005, 1, -1.56715747e-005, 0, 0, 0, 0, 0, 0, 0, 0.296396118, -0.0908546387, -0.236174854, -0.21288291, 0.649869103, -0.729477405, -0.9375, 0.0743408203, 0.33984375, 0.275092388, 0.756281973, 0.593591472, 0, 0, -0, 0, 0, 0, 0, 0.368360986, -0.0443557129, -0.191207422, 0.272085362, 0.447259633, -0.851913211, 0.404052734, -0.856567383, -0.320800781, -0.873193366, -0.256779325, -0.413825926, 0, 2, 1, 1, 
419.808633, 53, 0.1, 0.1, 0.0317357719, 0.377695336, -0.0349700015, 0.96170042, 2.03823718e-005, 0.27410272, 0.27410272, 1.09367468e-005, -0.96170042, -2.25995276e-005, 1, 4.93101043e-006, 0.961700395, 7.33689514e-006, 0.274102811, 0.27410281, 1.62991985e-005, -0.961700395, -1.15235511e-005, 1, 1.3663882e-005, 0, 0, 0, 0, 0, 0, 0, 0.296396118, -0.0908546387, -0.236174854, -0.21288291, 0.649869103, -0.729477405, -0.9375, 0.0743408203, 0.33984375, 0.275092388, 0.756281973, 0.593591472, 0, 0, -0, 0, 0, 0, 0, 0.368360986, -0.0443557129, -0.191207422, 0.272085362, 0.447259633, -0.851913211, 0.404052734, -0.856567383, -0.320800781, -0.873193366, -0.256779325, -0.413825926, 0, 2, 1, 1, 
419.809327, 53, 0.1, 0.1, 0.0317357657, 0.377695339, -0.034970744, 0.961700588, -5.56161544e-006, 0.274102131, 0.274102131, -9.79530561e-006, -0.961700588, 8.03352299e-006, 1, -7.89570052e-006, 0.961700552, 1.25398097e-005, 0.274102259, 0.274102259, -1.32503299e-005, -0.961700552, -8.42759659e-006, 1, -1.61800398e-005, 0, 0, 0, 0, 0, 0, 0, 0.296396118, -0.0908546387, -0.236174854, -0.21288291, 0.649869103, -0.729477405, -0.9375, 0.0743408203, 0.33984375, 0.275092388, 0.756281973, 0.593591472, 0, 0, -0, 0, 0, 0, 0, 0.368360986, -0.0443557129, -0.191207422, 0.272085362, 0.447259633, -0.851913211, 0.404052734, -0.856567383, -0.320800781, -0.873193366, -0.256779325, -0.413825926, 0, 2, 1, 1, 
419.810033, 53, 0.1, 0.1, 0.0317357722, 0.377695338, -0.0349711129, 0.9617008, -3.6163107e-006, 0.274101388, 0.274101388, 2.43303964e-006, -0.9617008, 2.81090935e-006, 1, 3.33109195e-006, 0.961700755, -1.82523446e-005, 0.274101545, 0.274101545, 7.21009939e-006, -0.961700755, 1.55769942e-005, 1, 1.19369539e-005, 0, 0, 0, 0, 0, 0, 0, 0.296396118, -0.0908546387, -0.236174854, -0.21288291, 0.649869103, -0.729477405, -0.9375, 0.0743408203, 0.33984375, 0.275092388, 0.756281973, 0.593591472, 0, 0, -0, 0, 0, 0, 0, 0.368360986, -0.0443557129, -0.191207422, 0.271095193, 0.449751098, -0.850923042, 0.407470703, -0.854492188, -0.321899414, -0.871947267, -0.259463287, -0.415072025, 0, 2, 1, 1, 
419.81073, 53, 0.1, 0.1, 0.0317357633, 0.377695341, -0.0349709185, 0.961700992, 2.12688807e-005, 0.274100715, 0.274100715, -2.2289554e-006, -0.961700992, -1.98433454e-005, 1, -7.97340405e-006, 0.961700956, 3.0295078e-005, 0.274100839, 0.274100839, -7.89198704e-006, -0.961700957, -2.69716052e-005, 1, -1.58936378e-005, 0, 0, 0, 0, 0, 0, 0, 0.296396118, -0.0908546387, -0.236174854, -0.21288291, 0.649869103, -0.729477405, -0.9375, 0.0743408203, 0.33984375, 0.275092388, 0.756281973, 0.593591472, 0, 0, -0, 0, 0, 0, 0, 0.369884375, -0.0458100098, -0.190275146, 0.271095193, 0.449751098, -0.850923042, 0.407470703, -0.854492188, -0.321899414, -0.871947267, -0.259463287, -0.415072025, 0, 2, 1, 1, 
419.811423, 53, 0.1, 0.1, 0.0317357691, 0.37769534, -0.0349703773, 0.961701115, -2.4564171e-005, 0.274100281, 0.274100281, -6.21227388e-006, -0.961701116, 2.53261767e-005, 1, 7.58695449e-007, 0.961701097, -2.77448579e-005, 0.274100345, 0.274100345, 2.00911495e-006, -0.961701097, 2.61315612e-005, 1, 9.53704317e-006, 0, 0, 0, 0, 0, 0, 0, 0.296396118, -0.0908546387, -0.236174854, -0.21288291, 0.649869103, -0.729477405, -0.9375, 0.0743408203, 0.33984375, 0.275092388, 0.756281973, 0.593591472, 0, 0, -0, 0, 0, 0, 0, 0.369884375, -0.0458100098, -0.190275146, 0.271095193, 0.449751098, -0.850923042, 0.407470703, -0.854492188, -0.321899414, -0.871947267, -0.259463287, -0.415072025, 0, 2, 1, 1, 
419.812114, 53, 0.1, 0.1, 0.0317357659, 0.377695346, -0.0349697277, 0.961701145, 2.53926717e-005, 0.274100178, 0.274100178, -1.53574656e-006, -0.961701145, -2.3999213e-005, 1, -8.43706505e-006, 0.961701147, 2.38344552e-005, 0.274100169, 0.274100169, -1.15075862e-005, -0.961701148, -1.97673916e-005, 1, -1.7599887e-005, 0, 0, 0, 0, 0, 0, 0, 0.296396118, -0.0908546387, -0.236174854, -0.21288291, 0.649869103, -0.729477405, -0.9375, 0.0743408203, 0.33984375, 0.275092388, 0.756281973, 0.593591472, 0, 0, -0, 0, 0, 0, 0, 0.369884375, -0.0458100098, -0.190275146, 0.271095193, 0.449751098, -0.850923042, 0.407470703, -0.854492188, -0.321899414, -0.871947267, -0.259463287, -0.415072025, 0, 2, 1, 1, 
419.812816, 53, 0.1, 0.1, 0.031735767, 0.377695342, -0.0349690002, 0.961701076, -2.56130867e-005, 0.274100421, 0.274100421, -2.54208636e-006, -0.961701076, 2.53289199e-005, 1, 4.57583065e-006, 0.961701097, -1.79317083e-005, 0.274100345, 0.274100346, 8.904656e-006, -0.961701097, 1.48041743e-005, 1, 1.34787049e-005, 0, 0, 0, 0, 0, 0, 0, 0.298333154, -0.0923324951, -0.23540918, -0.214077723, 0.651582135, -0.727775235, -0.938232422, 0.0699462891, 0.338623047, 0.271450278, 0.755392696, 0.596535265, 0, 0, -0, 0, 0, 0, 0, 0.369884375, -0.0458100098, -0.190275146, 0.271095193, 0.449751098, -0.850923042, 0.407470703, -0.854492188, -0.321899414, -0.871947267, -0.259463287, -0.415072025, 0, 2, 1, 1, 
419.813508, 53, 0.1, 0.1, 0.0317357704, 0.377695349, -0.034968628, 0.961700926, 1.33801384e-005, 0.274100947, 0.274100947, -3.56265615e-006, -0.961700926, -1.1891164e-005, 1, -7.09371831e-006, 0.961700959, -1.70349214e-006, 0.274100829, 0.274100829, -1.73520493e-005, -0.961700959, 6.39446113e-006, 1, -1.62205539e-005, 0, 0, 0, 0, 0, 0, 0, 0.298333154, -0.0923324951, -0.23540918, -0.214077723, 0.651582135, -0.727775235, -0.938232422, 0.0699462891, 0.338623047, 0.271450278, 0.755392696, 0.596535265, 0, 0, -0, 0, 0, 0, 0, 0.369884375, -0.0458100098, -0.190275146, 0.271095193, 0.449751098, -0.850923042, 0.407470703, -0.854492188, -0.321899414, -0.871947267, -0.259463287, -0.415072025, 0, 2, 1, 1, 
419.814194, 53, 0.1, 0.1, 0.0317357644, 0.377695343, -0.0349686891, 0.961700729, 6.634992e-006, 0.274101636, 0.274101636, 8.35208834e-006, -0.961700729, -8.67019772e-006, 1, 6.21354729e-006, 0.961700769, 1.64266041e-005, 0.274101498, 0.274101498, 1.984912e-005, -0.961700769, -2.12381513e-005, 1, 1.45863572e-005, 0, 0, 0, 0, 0, 0, 0, 0.298333154, -0.0923324951, -0.23540918, -0.214077723, 0.651582135, -0.727775235, -0.938232422, 0.0699462891, 0.338623047, 0.271450278, 0.755392696, 0.596535265, 0, 0, -0, 0, 0, 0, 0, 0.369884375, -0.0458100098, -0.190275146, 0.271095193, 0.449751098, -0.850923042, 0.407470703, -0.854492188, -0.321899414, -0.871947267, -0.259463287, -0.415072025, 0, 2, 1, 1, 
419.814914, 53, 0.1, 0.1, 0.0317357702, 0.37769535, -0.0349689274, 0.961700541, -1.58565972e-005, 0.274102296, 0.274102295, -9.65787143e-006, -0.961700542, 1.78965428e-005, 1, -4.9416505e-006, 0.961700577, -2.07230487e-005, 0.27410217, 0.27410217, -2.08246107e-005, -0.961700577, 2.56374389e-005, 1, -1.43468075e-005, 0, 0, 0, 0, 0, 0, 0, 0.300286548, -0.0938442871, -0.234442603, -0.214904843, 0.652609953, -0.726492055, -0.939331055, 0.0653076172, 0.336547852, 0.267008379, 0.75485913, 0.599174644, 0, 0, -0, 0, 0, 0, 0, 0.369884375, -0.0458100098, -0.190275146, 0.270686512, 0.451865598, -0.849907353, 0.411132812, -0.852539063, -0.322265625, -0.870394566, -0.262064126, -0.416560927, 0, 2, 1, 1, 
419.815617, 53, 0.1, 0.1, 0.0317357656, 0.377695344, -0.0349691685, 0.961700429, 2.52144701e-005, 0.274102691, 0.274102691, 1.18223687e-005, -0.961700429, -2.74893098e-005, 1, 4.45822294e-006, 0.961700444, 2.3996079e-005, 0.274102637, 0.274102636, 2.08418859e-005, -0.961700444, -2.87898557e-005, 0.999999999, 1.34662625e-005, 0, 0, 0, 0, 0, 0, 0, 0.300286548, -0.0938442871, -0.234442603, -0.214904843, 0.652609953, -0.726492055, -0.939331055, 0.0653076172, 0.336547852, 0.267008379, 0.75485913, 0.599174644, 0, 0, -0, 0, 0, 0, 0, 0.371452686, -0.0472875, -0.189346289, 0.270686512, 0.451865598, -0.849907353, 0.411132812, -0.852539063, -0.322265625, -0.870394566, -0.262064126, -0.416560927, 0, 2, 1, 1, 
419.816309, 53, 0.1, 0.1, 0.0317357662, 0.37769535, -0.0349695127, 0.961700413, -2.3076031e-005, 0.274102746, 0.274102745, -1.33161349e-005, -0.961700413, 2.58422177e-005, 1, -6.48092903e-006, 0.961700407, -1.57703009e-005, 0.274102766, 0.274102765, -2.06137256e-005, -0.961700407, 2.0816584e-005, 1, -1.55015452e-005, 0, 0, 0, 0, 0, 0, 0, 0.300286548, -0.0938442871, -0.234442603, -0.214904843, 0.652609953, -0.726492055, -0.939331055, 0.0653076172, 0.336547852, 0.267008379, 0.75485913, 0.599174644, 0, 0, -0, 0, 0, 0, 0, 0.371452686, -0.0472875, -0.189346289, 0.270686512, 0.451865598, -0.849907353, 0.411132812, -0.852539063, -0.322265625, -0.870394566, -0.262064126, -0.416560927, 0, 2, 1, 1, 
419.817001, 53, 0.1, 0.1, 0.0317357686, 0.377695346, -0.0349699163, 0.961700494, 1.90970999e-005, 0.274102461, 0.274102461, 1.14150962e-005, -0.961700494, -2.14945964e-005, 1, 5.74334163e-006, 0.961700471, 6.4301724e-006, 0.274102544, 0.274102544, 1.68760442e-005, -0.961700471, -1.08096665e-005, 1, 1.44671731e-005, 0, 0, 0, 0, 0, 0, 0, 0.300286548, -0.0938442871, -0.234442603, -0.214904843, 0.652609953, -0.726492055, -0.939331055, 0.0653076172, 0.336547852, 0.267008379, 0.75485913, 0.599174644, 0, 0, -0, 0, 0, 0, 0, 0.371452686, -0.0472875, -0.189346289, 0.270686512, 0.451865598, -0.849907353, 0.411132812, -0.852539063, -0.322265625, -0.870394566, -0.262064126, -0.416560927, 0, 2, 1, 1, 
419.817695, 53, 0.1, 0.1, 0.0317357631, 0.37769535, -0.0349702711, 0.961700653, -7.88307944e-006, 0.274101904, 0.274101904, -8.67967871e-006, -0.961700653, 9.96027911e-006, 1, -6.1864856e-006, 0.961700619, 1.01320279e-005, 0.274102023, 0.274102023, -1.26485526e-005, -0.961700619, -6.27698369e-006, 1, -1.49413302e-005, 0, 0, 0, 0, 0, 0, 0, 0.300286548, -0.0938442871, -0.234442603, -0.214904843, 0.652609953, -0.726492055, -0.939331055, 0.0653076172, 0.336547852, 0.267008379, 0.75485913, 0.599174644, 0, 0, -0, 0, 0, 0, 0, 0.371452686, -0.0472875, -0.189346289, 0.270686512, 0.451865598, -0.849907353, 0.411132812, -0.852539063, -0.322265625, -0.870394566, -0.262064126, -0.416560927, 0, 2, 1, 1, 
419.818386, 53, 0.1, 0.1, 0.0317357701, 0.377695348, -0.0349705055, 0.961700854, -5.47499834e-006, 0.274101201, 0.274101201, 5.97773058e-006, -0.961700854, 3.62680744e-006, 1, 7.24949222e-006, 0.961700813, -1.96509887e-005, 0.274101344, 0.274101344, 1.01442005e-005, -0.961700813, 1.61178328e-005, 1, 1.51420482e-005, 0, 0, 0, 0, 0, 0, 0, 0.300286548, -0.0938442871, -0.234442603, -0.214904843, 0.652609953, -0.726492055, -0.939331055, 0.0653076172, 0.336547852, 0.267008379, 0.75485913, 0.599174644, 0, 0, -0, 0, 0, 0, 0, 0.371452686, -0.0472875, -0.189346289, 0.270686512, 0.451865598, -0.849907353, 0.411132812, -0.852539063, -0.322265625, -0.870394566, -0.262064126, -0.416560927, 0, 2, 1, 1, 
419.819075, 53, 0.1, 0.1, 0.0317357614, 0.377695349, -0.0349705292, 0.961701038, 2.19292803e-005, 0.274100552, 0.274100552, 1.92797896e-006, -0.961701038, -2.16178717e-005, 1, -4.15668846e-006, 0.961701004, 3.06033445e-005, 0.27410067, 0.27410067, -3.86351263e-006, -0.961701005, -2.83722758e-005, 1, -1.21039412e-005, 0, 0, 0, 0, 0, 0, 0, 0.300286548, -0.0938442871, -0.234442603, -0.214904843, 0.652609953, -0.726492055, -0.939331055, 0.0653076172, 0.336547852, 0.267008379, 0.75485913, 0.599174644, 0, 0, -0, 0, 0, 0, 0, 0.371452686, -0.0472875, -0.189346289, 0.270686512, 0.451865598, -0.849907353, 0.411132812, -0.852539063, -0.322265625, -0.870394566, -0.262064126, -0.416560927, 0, 2, 1, 1, 
419.819794, 53, 0.1, 0.1, 0.0317357676, 0.377695347, -0.0349701829, 0.961701159, -2.47614146e-005, 0.274100128, 0.274100128, -2.36817723e-006, -0.961701159, 2.44621988e-005, 1, 4.50962811e-006, 0.961701143, -2.81386668e-005, 0.274100185, 0.274100186, 5.79175122e-006, -0.961701143, 2.5473468e-005, 1, 1.32827476e-005, 0, 0, 0, 0, 0, 0, 0, 0.302030127, -0.0955962891, -0.233505078, -0.215541002, 0.653295166, -0.725723345, -0.940063477, 0.0618896484, 0.335083008, 0.263772155, 0.754503419, 0.600906771, 0, 0, -0, 0, 0, 0, 0, 0.373221045, -0.0485651855, -0.188432324, 0.269900866, 0.453788334, -0.849147227, 0.415039062, -0.850585938, -0.322753906, -0.868758743, -0.265176092, -0.417953947, 0, 2, 1, 1, 
419.820485, 53, 0.1, 0.1, 0.0317357641, 0.377695351, -0.0349696345, 0.961701181, 2.63859757e-005, 0.274100051, 0.274100052, 1.7261385e-006, -0.961701181, -2.58485586e-005, 1, -5.57236786e-006, 0.961701185, 2.45993192e-005, 0.274100037, 0.274100037, -8.14241732e-006, -0.961701185, -2.14253576e-005, 1, -1.45732467e-005, 0, 0, 0, 0, 0, 0, 0, 0.302030127, -0.0955962891, -0.233505078, -0.215541002, 0.653295166, -0.725723345, -0.940063477, 0.0618896484, 0.335083008, 0.263772155, 0.754503419, 0.600906771, 0, 0, -0, 0, 0, 0, 0, 0.373221045, -0.0485651855, -0.188432324, 0.269900866, 0.453788334, -0.849147227, 0.415039062, -0.850585938, -0.322753906, -0.868758743, -0.265176092, -0.417953947, 0, 2, 1, 1, 
419.821177, 53, 0.1, 0.1, 0.0317357649, 0.377695347, -0.0349691816, 0.961701106, -2.5088912e-005, 0.274100314, 0.274100314, -1.04513546e-006, -0.961701106, 2.44145064e-005, 1, 5.87177073e-006, 0.961701129, -1.67237988e-005, 0.274100233, 0.274100233, 1.08885632e-005, -0.961701129, 1.30987385e-005, 1, 1.50555407e-005, 0, 0, 0, 0, 0, 0, 0, 0.302030127, -0.0955962891, -0.233505078, -0.215541002, 0.653295166, -0.725723345, -0.940063477, 0.0618896484, 0.335083008, 0.263772155, 0.754503419, 0.600906771, 0, 0, -0, 0, 0, 0, 0, 0.373221045, -0.0485651855, -0.188432324, 0.269900866, 0.453788334, -0.849147227, 0.415039062, -0.850585938, -0.322753906, -0.868758743, -0.265176092, -0.417953947, 0, 2, 1, 1, 
419.821867, 53, 0.1, 0.1, 0.0317357689, 0.377695353, -0.0349689652, 0.96170095, 1.04769243e-005, 0.274100863, 0.274100863, -4.65721859e-006, -0.96170095, -8.79912041e-006, 1, -7.35058553e-006, 0.961700984, -3.78811352e-006, 0.274100744, 0.274100744, -1.77460309e-005, -0.961700984, 8.50723277e-006, 1, -1.60280507e-005, 0, 0, 0, 0, 0, 0, 0, 0.302030127, -0.0955962891, -0.233505078, -0.215541002, 0.653295166, -0.725723345, -0.940063477, 0.0618896484, 0.335083008, 0.263772155, 0.754503419, 0.600906771, 0, 0, -0, 0, 0, 0, 0, 0.373221045, -0.0485651855, -0.188432324, 0.269900866, 0.453788334, -0.849147227, 0.415039062, -0.850585938, -0.322753906, -0.868758743, -0.265176092, -0.417953947, 0, 2, 1, 1, 
419.822601, 53, 0.1, 0.1, 0.0317357641, 0.377695348, -0.0349689822, 0.961700742, 1.63218731e-006, 0.274101592, 0.274101592, 4.65034437e-006, -0.961700742, -2.84434254e-006, 1, 4.02485449e-006, 0.961700787, 1.25139755e-005, 0.274101434, 0.274101434, 1.76738335e-005, -0.961700787, -1.68791232e-005, 1, 1.35668409e-005, 0, 0, 0, 0, 0, 0, 0, 0.302030127, -0.0955962891, -0.233505078, -0.215541002, 0.653295166, -0.725723345, -0.940063477, 0.0618896484, 0.335083008, 0.263772155, 0.754503419, 0.600906771, 0, 0, -0, 0, 0, 0, 0, 0.373221045, -0.0485651855, -0.188432324, 0.269900866, 0.453788334, -0.849147227, 0.415039062, -0.850585938, -0.322753906, -0.868758743, -0.265176092, -0.417953947, 0, 2, 1, 1, 
419.823295, 53, 0.1, 0.1, 0.0317357718, 0.377695357, -0.0349687223, 0.961700547, -1.97754878e-005, 0.274102275, 0.274102275, -1.70152443e-005, -0.961700547, 2.36820146e-005, 1, -1.09430635e-005, 0.961700582, -2.51681338e-005, 0.274102154, 0.274102153, -2.73959011e-005, -0.961700582, 3.17134844e-005, 0.999999999, -1.94480144e-005, 0, 0, 0, 0, 0, 0, 0, 0.302030127, -0.0955962891, -0.233505078, -0.215541002, 0.653295166, -0.725723345, -0.940063477, 0.0618896484, 0.335083008, 0.263772155, 0.754503419, 0.600906771, 0, 0, -0, 0, 0, 0, 0, 0.373221045, -0.0485651855, -0.188432324, 0.269900866, 0.453788334, -0.849147227, 0.415039062, -0.850585938, -0.322753906, -0.868758743, -0.265176092, -0.417953947, 0, 2, 1, 1, 
419.823997, 53, 0.1, 0.1, 0.0317357672, 0.377695354, -0.0349687106, 0.961700427, 2.71163886e-005, 0.274102697, 0.274102697, 7.751362e-006, -0.961700427, -2.82025117e-005, 1, 2.18129028e-008, 0.961700443, 2.49418693e-005, 0.27410264, 0.274102639, 1.65061263e-005, -0.961700443, -2.85109795e-005, 1, 9.03731681e-006, 0, 0, 0, 0, 0, 0, 0, 0.302030127, -0.0955962891, -0.233505078, -0.215541002, 0.653295166, -0.725723345, -0.940063477, 0.0618896484, 0.335083008, 0.263772155, 0.754503419, 0.600906771, 0, 0, -0, 0, 0, 0, 0, 0.373221045, -0.0485651855, -0.188432324, 0.269900866, 0.453788334, -0.849147227, 0.415039062, -0.850585938, -0.322753906, -0.868758743, -0.265176092, -0.417953947, 0, 2, 1, 1, 
419.824718, 53, 0.1, 0.1, 0.0317357669, 0.377695361, -0.0349688191, 0.961700409, -2.01309951e-005, 0.274102758, 0.274102758, -1.60953384e-005, -0.96170041, 2.37717629e-005, 1, -9.96093226e-006, 0.961700404, -1.34878376e-005, 0.274102778, 0.274102777, -2.4132667e-005, -0.961700404, 1.95860899e-005, 1, -1.95113418e-005, 0, 0, 0, 0, 0, 0, 0, 0.303528735, -0.0973421875, -0.232554004, -0.216621239, 0.654100946, -0.724694404, -0.940673828, 0.0584716797, 0.333984375, 0.260853449, 0.754128612, 0.602721274, 0, 0, -0, 0, 0, 0, 0, 0.374835986, -0.0502976563, -0.187068945, 0.270060914, 0.455589668, -0.84804222, 0.419067383, -0.848632813, -0.322387695, -0.866778038, -0.268300817, -0.42029266, 0, 2, 1, 1, 
419.825414, 53, 0.1, 0.1, 0.0317357674, 0.377695357, -0.0349690475, 0.961700494, 2.57162249e-005, 0.274102462, 0.274102461, 1.21356548e-005, -0.961700494, -2.8057719e-005, 1, 4.62198469e-006, 0.961700469, 1.25818952e-005, 0.27410255, 0.27410255, 1.71140329e-005, -0.961700469, -1.67910146e-005, 1, 1.30098439e-005, 0, 0, 0, 0, 0, 0, 0, 0.303528735, -0.0973421875, -0.232554004, -0.216621239, 0.654100946, -0.724694404, -0.940673828, 0.0584716797, 0.333984375, 0.260853449, 0.754128612, 0.602721274, 0, 0, -0, 0, 0, 0, 0, 0.374835986, -0.0502976563, -0.187068945, 0.270060914, 0.455589668, -0.84804222, 0.419067383, -0.848632813, -0.322387695, -0.866778038, -0.268300817, -0.42029266, 0, 2, 1, 1, 
419.826106, 53, 0.1, 0.1, 0.0317357601, 0.37769536, -0.0349694905, 0.961700657, -4.41326481e-006, 0.27410189, 0.27410189, -6.80420458e-006, -0.961700657, 6.109285e-006, 1, -5.33392379e-006, 0.961700622, 1.48888757e-005, 0.274102013, 0.274102014, -1.07734826e-005, -0.961700622, -1.13656077e-005, 1, -1.44419357e-005, 0, 0, 0, 0, 0, 0, 0, 0.303528735, -0.0973421875, -0.232554004, -0.216621239, 0.654100946, -0.724694404, -0.940673828, 0.0584716797, 0.333984375, 0.260853449, 0.754128612, 0.602721274, 0, 0, -0, 0, 0, 0, 0, 0.374835986, -0.0502976563, -0.187068945, 0.270060914, 0.455589668, -0.84804222, 0.419067383, -0.848632813, -0.322387695, -0.866778038, -0.268300817, -0.42029266, 0, 2, 1, 1, 
419.826812, 53, 0.1, 0.1, 0.0317357671, 0.377695357, -0.0349699765, 0.961700868, -5.67995149e-006, 0.27410115, 0.27410115, 6.81770287e-006, -0.961700868, 3.59367408e-006, 1, 8.113472e-006, 0.961700823, -2.01332503e-005, 0.274101307, 0.274101307, 1.2110471e-005, -0.961700823, 1.60426675e-005, 1, 1.71652001e-005, 0, 0, 0, 0, 0, 0, 0, 0.303528735, -0.0973421875, -0.232554004, -0.218431994, 0.655452275, -0.722871667, -0.94152832, 0.0532226562, 0.332641602, 0.256443751, 0.753296623, 0.605645971, 0, 0, -0, 0, 0, 0, 0, 0.374835986, -0.0502976563, -0.187068945, 0.270060914, 0.455589668, -0.84804222, 0.419067383, -0.848632813, -0.322387695, -0.866778038, -0.268300817, -0.42029266, 0, 2, 1, 1, 
419.827522, 53, 0.1, 0.1, 0.0317357587, 0.377695359, -0.0349700669, 0.961701062, 1.8554236e-005, 0.274100468, 0.274100468, -1.88195217e-007, -0.961701062, -1.77920441e-005, 1, -5.26671231e-006, 0.961701027, 2.83301728e-005, 0.274100592, 0.274100593, -5.78533059e-006, -0.961701027, -2.56593938e-005, 1, -1.33290755e-005, 0, 0, 0, 0, 0, 0, 0, 0.3056552, -0.0986151123, -0.231335742, -0.218431994, 0.655452275, -0.722871667, -0.94152832, 0.0532226562, 0.332641602, 0.256443751, 0.753296623, 0.605645971, 0, 0, -0, 0, 0, 0, 0, 0.376877637, -0.0515489746, -0.185695557, 0.269818477, 0.45804905, -0.84682857, 0.423828125, -0.846191406, -0.322753906, -0.864471407, -0.27184735, -0.422497212, 0, 2, 1, 1, 
419.828213, 53, 0.1, 0.1, 0.031735766, 0.377695358, -0.0349700335, 0.961701185, -2.92173616e-005, 0.274100035, 0.274100035, -5.57768206e-006, -0.961701186, 2.96272142e-005, 1, 2.6444164e-006, 0.961701167, -3.23174987e-005, 0.274100098, 0.274100098, 2.96755062e-006, -0.961701168, 3.02663703e-005, 0.999999999, 1.17121264e-005, 0, 0, 0, 0, 0, 0, 0, 0.3056552, -0.0986151123, -0.231335742, -0.218431994, 0.655452275, -0.722871667, -0.94152832, 0.0532226562, 0.332641602, 0.256443751, 0.753296623, 0.605645971, 0, 0, -0, 0, 0, 0, 0, 0.376877637, -0.0515489746, -0.185695557, 0.269818477, 0.45804905, -0.84682857, 0.423828125, -0.846191406, -0.322753906, -0.864471407, -0.27184735, -0.422497212, 0, 2, 1, 1, 
419.828904, 53, 0.1, 0.1, 0.0317357642, 0.377695363, -0.0349699647, 0.961701212, 2.20467501e-005, 0.274099942, 0.274099942, -2.07126808e-006, -0.961701212, -2.06346519e-005, 1, -8.03495396e-006, 0.961701215, 1.98849514e-005, 0.274099931, 0.274099931, -1.22076844e-005, -0.961701215, -1.57772565e-005, 1, -1.71906088e-005, 0, 0, 0, 0, 0, 0, 0, 0.3056552, -0.0986151123, -0.231335742, -0.218431994, 0.655452275, -0.722871667, -0.94152832, 0.0532226562, 0.332641602, 0.256443751, 0.753296623, 0.605645971, 0, 0, -0, 0, 0, 0, 0, 0.376877637, -0.0515489746, -0.185695557, 0.269818477, 0.45804905, -0.84682857, 0.423828125, -0.846191406, -0.322753906, -0.864471407, -0.27184735, -0.422497212, 0, 2, 1, 1, 
419.829595, 53, 0.1, 0.1, 0.0317357656, 0.37769536, -0.0349698844, 0.961701142, -2.45513833e-005, 0.274100187, 0.274100187, -2.12513792e-006, -0.961701143, 2.41935941e-005, 1, 4.68579119e-006, 0.961701164, -1.75031563e-005, 0.274100112, 0.274100112, 8.66108814e-006, -0.961701164, 1.44588006e-005, 1, 1.31269957e-005, 0, 0, 0, 0, 0, 0, 0, 0.3056552, -0.0986151123, -0.231335742, -0.218431994, 0.655452275, -0.722871667, -0.94152832, 0.0532226562, 0.332641602, 0.256443751, 0.753296623, 0.605645971, 0, 0, -0, 0, 0, 0, 0, 0.376877637, -0.0515489746, -0.185695557, 0.269818477, 0.45804905, -0.84682857, 0.423828125, -0.846191406, -0.322753906, -0.864471407, -0.27184735, -0.422497212, 0, 2, 1, 1, 
419.830284, 53, 0.1, 0.1, 0.0317357687, 0.377695365, -0.0349698348, 0.961700997, 1.34163061e-005, 0.274100696, 0.274100696, -1.60537527e-006, -0.961700997, -1.24624405e-005, 1, -5.22130985e-006, 0.961701029, -6.57116425e-007, 0.274100585, 0.274100585, -1.51346492e-005, -0.961701029, 4.78036574e-006, 1, -1.43748917e-005, 0, 0, 0, 0, 0, 0, 0, 0.3056552, -0.0986151123, -0.231335742, -0.218431994, 0.655452275, -0.722871667, -0.94152832, 0.0532226562, 0.332641602, 0.256443751, 0.753296623, 0.605645971, 0, 0, -0, 0, 0, 0, 0, 0.376877637, -0.0515489746, -0.185695557, 0.269818477, 0.45804905, -0.84682857, 0.423828125, -0.846191406, -0.322753906, -0.864471407, -0.27184735, -0.422497212, 0, 2, 1, 1, 
419.830974, 53, 0.1, 0.1, 0.0317357628, 0.377695359, -0.0349698132, 0.961700804, 5.9972438e-006, 0.274101373, 0.274101373, 1.2230944e-005, -0.961700804, -9.12007272e-006, 1, 1.01186559e-005, 0.961700842, 1.55789416e-005, 0.274101239, 0.274101239, 2.28874711e-005, -0.961700842, -2.12557654e-005, 1, 1.77406931e-005, 0, 0, 0, 0, 0, 0, 0, 0.3056552, -0.0986151123, -0.231335742, -0.218431994, 0.655452275, -0.722871667, -0.94152832, 0.0532226562, 0.332641602, 0.256443751, 0.753296623, 0.605645971, 0, 0, -0, 0, 0, 0, 0, 0.376877637, -0.0515489746, -0.185695557, 0.269818477, 0.45804905, -0.84682857, 0.423828125, -0.846191406, -0.322753906, -0.864471407, -0.27184735, -0.422497212, 0, 2, 1, 1, 
419.831676, 53, 0.1, 0.1, 0.0317357684, 0.377695363, -0.0349697332, 0.961700624, -1.59328525e-005, 0.274102005, 0.274102005, -5.24094316e-006, -0.961700624, 1.67591872e-005, 1, -6.72991487e-007, 0.961700656, -2.01187182e-005, 0.274101894, 0.274101893, -1.50872595e-005, -0.961700656, 2.34836309e-005, 1, -8.99484864e-006, 0, 0, 0, 0, 0, 0, 0, 0.3056552, -0.0986151123, -0.231335742, -0.218431994, 0.655452275, -0.722871667, -0.94152832, 0.0532226562, 0.332641602, 0.256443751, 0.753296623, 0.605645971, 0, 0, -0, 0, 0, 0, 0, 0.376877637, -0.0515489746, -0.185695557, 0.269818477, 0.45804905, -0.84682857, 0.423828125, -0.846191406, -0.322753906, -0.864471407, -0.27184735, -0.422497212, 0, 2, 1, 1, 
419.832386, 53, 0.1, 0.1, 0.0317357639, 0.377695356, -0.0349694412, 0.961700511, 2.42717154e-005, 0.274102402, 0.274102402, 1.65123906e-005, -0.961700511, -2.7868207e-005, 1, 9.22703899e-006, 0.961700526, 2.33990415e-005, 0.274102349, 0.274102348, 2.57371368e-005, -0.961700526, -2.95574802e-005, 0.999999999, 1.83376858e-005, 0, 0, 0, 0, 0, 0, 0, 0.307551465, -0.100590356, -0.230373804, -0.220476771, 0.656137488, -0.721620687, -0.941772461, 0.0491943359, 0.332519531, 0.253677814, 0.752940912, 0.607301715, 0, 0, -0, 0, 0, 0, 0, 0.378656006, -0.0532997559, -0.184121875, 0.269141473, 0.459620341, -0.846177086, 0.427856445, -0.844238281, -0.322509766, -0.862701422, -0.275118996, -0.424024394, 0, 2, 1, 1, 
419.833071, 53, 0.1, 0.1, 0.0317357651, 0.37769536, -0.0349693384, 0.961700496, -2.48416623e-005, 0.274102453, 0.274102453, -1.03075808e-005, -0.961700497, 2.67155721e-005, 1, -3.10364504e-006, 0.961700491, -1.74972451e-005, 0.274102473, 0.274102473, -1.70812162e-005, -0.961700491, 2.15091128e-005, 1, -1.16309758e-005, 0, 0, 0, 0, 0, 0, 0, 0.307551465, -0.100590356, -0.230373804, -0.220476771, 0.656137488, -0.721620687, -0.941772461, 0.0491943359, 0.332519531, 0.253677814, 0.752940912, 0.607301715, 0, 0, -0, 0, 0, 0, 0, 0.378656006, -0.0532997559, -0.184121875, 0.269141473, 0.459620341, -0.846177086, 0.427856445, -0.844238281, -0.322509766, -0.862701422, -0.275118996, -0.424024394, 0, 2, 1, 1, 
419.833758, 53, 0.1, 0.1, 0.0317357681, 0.377695356, -0.0349694646, 0.961700576, 1.74609414e-005, 0.274102173, 0.274102173, 1.19814923e-005, -0.961700577, -2.00763505e-005, 1, 6.73652604e-006, 0.961700553, 4.69600509e-006, 0.274102255, 0.274102255, 1.7968747e-005, -0.961700553, -9.44142477e-006, 1, 1.59933683e-005, 0, 0, 0, 0, 0, 0, 0, 0.307551465, -0.100590356, -0.230373804, -0.220476771, 0.656137488, -0.721620687, -0.941772461, 0.0491943359, 0.332519531, 0.253677814, 0.752940912, 0.607301715, 0, 0, -0, 0, 0, 0, 0, 0.378656006, -0.0532997559, -0.184121875, 0.269141473, 0.459620341, -0.846177086, 0.427856445, -0.844238281, -0.322509766, -0.862701422, -0.275118996, -0.424024394, 0, 2, 1, 1, 
419.834442, 53, 0.1, 0.1, 0.0317357632, 0.377695359, -0.0349697899, 0.961700734, -9.52178367e-006, 0.274101621, 0.274101621, -1.0041673e-005, -0.961700734, 1.19095452e-005, 1, -7.04714797e-006, 0.9617007, 8.6565782e-006, 0.274101741, 0.274101741, -1.37055913e-005, -0.961700699, -4.56831088e-006, 1, -1.55534599e-005, 0, 0, 0, 0, 0, 0, 0, 0.307551465, -0.100590356, -0.230373804, -0.220476771, 0.656137488, -0.721620687, -0.941772461, 0.0491943359, 0.332519531, 0.253677814, 0.752940912, 0.607301715, 0, 0, -0, 0, 0, 0, 0, 0.378656006, -0.0532997559, -0.184121875, 0.269141473, 0.459620341, -0.846177086, 0.427856445, -0.844238281, -0.322509766, -0.862701422, -0.275118996, -0.424024394, 0, 2, 1, 1, 
419.835126, 53, 0.1, 0.1, 0.0317357708, 0.377695358, -0.034970213, 0.961700934, -7.0336864e-006, 0.274100919, 0.274100919, 3.69564387e-006, -0.961700934, 5.7513234e-006, 1, 5.48204407e-006, 0.961700894, -2.11840413e-005, 0.274101059, 0.274101059, 7.97661759e-006, -0.961700894, 1.81863121e-005, 1, 1.34776884e-005, 0, 0, 0, 0, 0, 0, 0, 0.307551465, -0.100590356, -0.230373804, -0.220476771, 0.656137488, -0.721620687, -0.941772461, 0.0491943359, 0.332519531, 0.253677814, 0.752940912, 0.607301715, 0, 0, -0, 0, 0, 0, 0, 0.378656006, -0.0532997559, -0.184121875, 0.269141473, 0.459620341, -0.846177086, 0.427856445, -0.844238281, -0.322509766, -0.862701422, -0.275118996, -0.424024394, 0, 2, 1, 1, 
419.835812, 53, 0.1, 0.1, 0.0317357623, 0.37769536, -0.0349705741, 0.961701118, 2.2064141e-005, 0.274100273, 0.274100273, -1.44647334e-007, -0.961701118, -2.11794612e-005, 1, -6.18689456e-006, 0.961701084, 3.02983904e-005, 0.274100389, 0.274100389, -5.94475521e-006, -0.961701085, -2.75085352e-005, 1, -1.40218781e-005, 0, 0, 0, 0, 0, 0, 0, 0.307551465, -0.100590356, -0.230373804, -0.220476771, 0.656137488, -0.721620687, -0.941772461, 0.0491943359, 0.332519531, 0.253677814, 0.752940912, 0.607301715, 0, 0, -0, 0, 0, 0, 0, 0.378656006, -0.0532997559, -0.184121875, 0.269141473, 0.459620341, -0.846177086, 0.427856445, -0.844238281, -0.322509766, -0.862701422, -0.275118996, -0.424024394, 0, 2, 1, 1, 
419.836499, 53, 0.1, 0.1, 0.0317357673, 0.377695358, -0.0349707866, 0.961701235, -2.1706447e-005, 0.27409986, 0.27409986, -2.99004899e-006, -0.961701236, 2.16946889e-005, 1, 3.07420027e-006, 0.961701218, -2.49170995e-005, 0.274099919, 0.27409992, 4.80521396e-006, -0.961701219, 2.26456962e-005, 1, 1.14509551e-005, 0, 0, 0, 0, 0, 0, 0, 0.307551465, -0.100590356, -0.230373804, -0.220476771, 0.656137488, -0.721620687, -0.941772461, 0.0491943359, 0.332519531, 0.253677814, 0.752940912, 0.607301715, 0, 0, -0, 0, 0, 0, 0, 0.378656006, -0.0532997559, -0.184121875, 0.269141473, 0.459620341, -0.846177086, 0.427856445, -0.844238281, -0.322509766, -0.862701422, -0.275118996, -0.424024394, 0, 2, 1, 1, 
419.837209, 53, 0.1, 0.1, 0.0317357628, 0.377695362, -0.0349706147, 0.961701261, 2.84512539e-005, 0.274099768, 0.274099768, 1.35000897e-006, -0.961701262, -2.77316439e-005, 1, -6.50017676e-006, 0.961701265, 2.67392454e-005, 0.274099755, 0.274099756, -9.02283637e-006, -0.961701265, -2.32420089e-005, 1, -1.60064938e-005, 0, 0, 0, 0, 0, 0, 0, 0.308652393, -0.102066138, -0.229989429, -0.225084542, 0.657913798, -0.718586284, -0.940917969, 0.0444335937, 0.335449219, 0.252677326, 0.751670836, 0.609292951, 0, 0, -0, 0, 0, 0, 0, 0.378656006, -0.0532997559, -0.184121875, 0.266598603, 0.46179864, -0.845851161, 0.431152344, -0.842041016, -0.323852539, -0.861864005, -0.278326844, -0.423621909, 0, 2, 1, 1, 
419.837895, 53, 0.1, 0.1, 0.0317357627, 0.377695359, -0.0349701739, 0.961701192, -2.21468242e-005, 0.274100011, 0.274100011, -1.14848835e-006, -0.961701193, 2.16134279e-005, 1, 4.96594214e-006, 0.961701214, -1.38472737e-005, 0.274099935, 0.274099935, 1.0237389e-005, -0.961701214, 1.05108723e-005, 1, 1.36408463e-005, 0, 0, 0, 0, 0, 0, 0, 0.308652393, -0.102066138, -0.229989429, -0.225084542, 0.657913798, -0.718586284, -0.940917969, 0.0444335937, 0.335449219, 0.252677326, 0.751670836, 0.609292951, 0, 0, -0, 0, 0, 0, 0, 0.379844824, -0.054785791, -0.183422119, 0.266598603, 0.46179864, -0.845851161, 0.431152344, -0.842041016, -0.323852539, -0.861864005, -0.278326844, -0.423621909, 0, 2, 1, 1, 
