time, trialNum, realDorsalTactorPos, realVentralTactorPos, boxPosX, boxPosY, boxPosZ, boxLocalRot_11, boxLocalRot_12, boxLocalRot_13, boxLocalRot_21, boxLocalRot_22, boxLocalRot_23, boxLocalRot_31, boxLocalRot_32, boxLocalRot_33, boxGlobalRot_11, boxGlobalRot_12, boxGlobalRot_13, boxGlobalRot_21, boxGlobalRot_22, boxGlobalRot_23, boxGlobalRot_31, boxGlobalRot_32, boxGlobalRot_33, indexForceX, indexForceY, indexForceZ, indexForceGlobalX, indexForceGlobalY, indexForceGlobalZ, indexContact, indexPosX, indexPosY, indexPosZ, indexRot_11, indexRot_12, indexRot_13, indexRot_21, indexRot_22, indexRot_23, indexRot_31, indexRot_32, indexRot_33, thumbForceX, thumbForceY, thumbForceZ, thumbForceGlobalX, thumbForceGlobalY, thumbForceGlobalZ, thumbContact, thumbPosX, thumbPosY, thumbPosZ, thumbRot_11, thumbRot_12, thumbRot_13, thumbRot_21, thumbRot_22, thumbRot_23, thumbRot_31, thumbRot_32, thumbRot_33, manipForceTooHigh, cceExpType, mapping, trialSuccess, 
513.237128, 56, 0.1, 0.1, 0.0155287259, 0.360247016, -0.0349799519, 0.966337045, 2.8123803e-006, 0.257279449, 0.257279449, -1.5483547e-006, -0.966337045, -2.31934742e-006, 1, -2.21980017e-006, 0.966337047, 4.06955778e-006, 0.257279441, 0.257279441, 2.11865242e-006, -0.966337047, -4.47765016e-006, 1, 1.00031877e-006, 0, 0, 0, 0, 0, 0, 0, 0.267631738, -0.128760083, -0.136838965, -0.41966035, 0.734882293, -0.532649135, -0.677246094, 0.137084961, 0.72277832, 0.604339768, 0.664089144, 0.440308106, 0, 0, -0, 0, 0, 0, 0, 0.345263086, -0.0935770996, -0.119363623, -0.121401308, 0.472973382, -0.872626992, 0.30090332, -0.820068359, -0.486450195, -0.945849872, -0.321585192, -0.0427424514, 0, 2, 3, 1, 
513.286844, 56, 0.1, 0.1, 0.0155287318, 0.360247017, -0.0349671423, 0.966335642, -2.67680825e-006, 0.257284721, 0.257284721, 2.07857122e-005, -0.966335642, -2.76115093e-006, 1, 2.07746764e-005, 0.966335634, -6.190405e-006, 0.25728475, 0.25728475, 9.78862597e-006, -0.966335634, 3.46354475e-006, 1, 1.10517949e-005, 0, 0, 0, 0, 0, 0, 0, 0.274781348, -0.138137329, -0.133748291, -0.439840772, 0.715988391, -0.541991236, -0.687011719, 0.120361328, 0.716552734, 0.578368336, 0.687597906, 0.439068727, 0, 0, -0, 0, 0, 0, 0, 0.350716406, -0.100223145, -0.116571973, -0.133801394, 0.460419409, -0.877470296, 0.330688477, -0.813964844, -0.477539062, -0.934142447, -0.353958573, -0.0433742459, 0, 2, 3, 1, 
513.287584, 56, 0.1, 0.1, 0.015528732, 0.360247015, -0.0349674331, 0.966335662, 5.77492377e-006, 0.257284646, 0.257284646, -1.41500338e-005, -0.966335661, -1.93992835e-006, 1, -1.51594815e-005, 0.966335659, 3.41254372e-006, 0.257284656, 0.257284656, -5.53191473e-006, -0.966335659, -1.87438591e-006, 1, -6.22368161e-006, 0, 0, 0, 0, 0, 0, 0, 0.274781348, -0.138137329, -0.133748291, -0.439840772, 0.715988391, -0.541991236, -0.687011719, 0.120361328, 0.716552734, 0.578368336, 0.687597906, 0.439068727, 0, 0, -0, 0, 0, 0, 0, 0.350716406, -0.100223145, -0.116571973, -0.133801394, 0.460419409, -0.877470296, 0.330688477, -0.813964844, -0.477539062, -0.934142447, -0.353958573, -0.0433742459, 0, 2, 3, 1, 
513.288281, 56, 0.1, 0.1, 0.0155287316, 0.360247016, -0.0349682797, 0.966335679, -7.41339666e-006, 0.25728458, 0.25728458, 1.61135242e-005, -0.966335679, 3.01806839e-006, 1, 1.7478426e-005, 0.96633568, -9.69903917e-008, 0.257284576, 0.257284575, 9.63346436e-006, -0.96633568, -2.38481651e-006, 1, 9.33411446e-006, 0, 0, 0, 0, 0, 0, 0, 0.274781348, -0.138137329, -0.133748291, -0.439840772, 0.715988391, -0.541991236, -0.687011719, 0.120361328, 0.716552734, 0.578368336, 0.687597906, 0.439068727, 0, 0, -0, 0, 0, 0, 0, 0.350716406, -0.100223145, -0.116571973, -0.133801394, 0.460419409, -0.877470296, 0.330688477, -0.813964844, -0.477539062, -0.934142447, -0.353958573, -0.0433742459, 0, 2, 3, 1, 
513.288974, 56, 0.1, 0.1, 0.0155287315, 0.360247014, -0.0349695084, 0.966335687, 1.50473674e-006, 0.257284549, 0.257284549, -1.68565346e-005, -0.966335687, 2.88284509e-006, 1, -1.66762165e-005, 0.966335685, -5.94730722e-007, 0.257284558, 0.257284558, -8.77113998e-006, -0.966335685, 2.83138839e-006, 1, -8.32285053e-006, 0, 0, 0, 0, 0, 0, 0, 0.274781348, -0.138137329, -0.133748291, -0.439840772, 0.715988391, -0.541991236, -0.687011719, 0.120361328, 0.716552734, 0.578368336, 0.687597906, 0.439068727, 0, 0, -0, 0, 0, 0, 0, 0.350716406, -0.100223145, -0.116571973, -0.133801394, 0.460419409, -0.877470296, 0.330688477, -0.813964844, -0.477539062, -0.934142447, -0.353958573, -0.0433742459, 0, 2, 3, 1, 
513.289752, 56, 0.1, 0.1, 0.015528731, 0.360247015, -0.034970278, 0.966335695, -3.25413928e-006, 0.257284521, 0.257284521, 1.85698955e-005, -0.966335695, -1.63315573e-006, 1, 1.87819926e-005, 0.966335688, -6.69802484e-006, 0.257284546, 0.257284546, 9.14588147e-006, -0.966335688, 4.11944648e-006, 1, 1.05612899e-005, 0, 0, 0, 0, 0, 0, 0, 0.275261499, -0.138180908, -0.134114819, -0.443414733, 0.715030965, -0.540448947, -0.686645508, 0.116455078, 0.717651367, 0.576091781, 0.689356242, 0.439442412, 0, 0, -0, 0, 0, 0, 0, 0.350716406, -0.100223145, -0.116571973, -0.136785028, 0.45988203, -0.877316812, 0.333862305, -0.81237793, -0.478027344, -0.932614899, -0.358188306, -0.0424989151, 0, 2, 3, 1, 
513.290448, 56, 0.1, 0.1, 0.0155287309, 0.360247014, -0.034970216, 0.966335711, 6.07511418e-006, 0.257284461, 0.257284461, -1.48639228e-005, -0.966335711, -2.04634342e-006, 1, -1.59265719e-005, 0.966335709, 3.79285833e-006, 0.25728447, 0.25728447, -6.77548037e-006, -0.966335709, -1.92194857e-006, 1, -7.52323217e-006, 0, 0, 0, 0, 0, 0, 0, 0.275261499, -0.138180908, -0.134114819, -0.443414733, 0.715030965, -0.540448947, -0.686645508, 0.116455078, 0.717651367, 0.576091781, 0.689356242, 0.439442412, 0, 0, -0, 0, 0, 0, 0, 0.35122085, -0.100124414, -0.11676665, -0.136785028, 0.45988203, -0.877316812, 0.333862305, -0.81237793, -0.478027344, -0.932614899, -0.358188306, -0.0424989151, 0, 2, 3, 1, 
513.291154, 56, 0.1, 0.1, 0.0155287301, 0.360247015, -0.0349699254, 0.966335727, -5.84691608e-006, 0.257284402, 0.257284402, 1.33277729e-005, -0.966335726, 2.22105583e-006, 1, 1.43834234e-005, 0.966335728, 1.09369807e-006, 0.257284397, 0.257284397, 7.33524347e-006, -0.966335728, -2.94412322e-006, 1, 6.80691639e-006, 0, 0, 0, 0, 0, 0, 0, 0.275261499, -0.138180908, -0.134114819, -0.443414733, 0.715030965, -0.540448947, -0.686645508, 0.116455078, 0.717651367, 0.576091781, 0.689356242, 0.439442412, 0, 0, -0, 0, 0, 0, 0, 0.35122085, -0.100124414, -0.11676665, -0.136785028, 0.45988203, -0.877316812, 0.333862305, -0.81237793, -0.478027344, -0.932614899, -0.358188306, -0.0424989151, 0, 2, 3, 1, 
513.291901, 56, 0.1, 0.1, 0.0155287295, 0.360247016, -0.0349692711, 0.966335735, 2.8024341e-006, 0.25728437, 0.25728437, -2.36175241e-005, -0.966335735, 3.36832759e-006, 1, -2.354348e-005, 0.966335733, 5.60253157e-007, 0.257284379, 0.257284379, -1.47522516e-005, -0.966335733, 3.25413125e-006, 1, -1.43997722e-005, 0, 0, 0, 0, 0, 0, 0, 0.275261499, -0.138180908, -0.134114819, -0.443414733, 0.715030965, -0.540448947, -0.686645508, 0.116455078, 0.717651367, 0.576091781, 0.689356242, 0.439442412, 0, 0, -0, 0, 0, 0, 0, 0.35122085, -0.100124414, -0.11676665, -0.136785028, 0.45988203, -0.877316812, 0.333862305, -0.81237793, -0.478027344, -0.932614899, -0.358188306, -0.0424989151, 0, 2, 3, 1, 
513.29261, 56, 0.1, 0.1, 0.0155287282, 0.360247019, -0.0349682304, 0.96633574, -1.6879358e-006, 0.257284351, 0.257284351, 1.30447365e-005, -0.96633574, -1.72509386e-006, 1, 1.30398745e-005, 0.966335735, -4.67142819e-006, 0.257284372, 0.257284372, 2.95961835e-006, -0.966335735, 3.75270445e-006, 1, 4.06187044e-006, 0, 0, 0, 0, 0, 0, 0, 0.275261499, -0.138180908, -0.134114819, -0.443414733, 0.715030965, -0.540448947, -0.686645508, 0.116455078, 0.717651367, 0.576091781, 0.689356242, 0.439442412, 0, 0, -0, 0, 0, 0, 0, 0.35122085, -0.100124414, -0.11676665, -0.136785028, 0.45988203, -0.877316812, 0.333862305, -0.81237793, -0.478027344, -0.932614899, -0.358188306, -0.0424989151, 0, 2, 3, 1, 
513.293323, 56, 0.1, 0.1, 0.015528728, 0.360247018, -0.0349674931, 0.966335751, 6.59471268e-006, 0.257284309, 0.257284309, -1.735486e-005, -0.966335751, -1.90757348e-006, 1, -1.84673378e-005, 0.96633575, 4.42434112e-006, 0.257284314, 0.257284314, -9.805027e-006, -0.96633575, -1.75271935e-006, 1, -1.06132617e-005, 0, 0, 0, 0, 0, 0, 0, 0.275261499, -0.138180908, -0.134114819, -0.443414733, 0.715030965, -0.540448947, -0.686645508, 0.116455078, 0.717651367, 0.576091781, 0.689356242, 0.439442412, 0, 0, -0, 0, 0, 0, 0, 0.35122085, -0.100124414, -0.11676665, -0.136785028, 0.45988203, -0.877316812, 0.333862305, -0.81237793, -0.478027344, -0.932614899, -0.358188306, -0.0424989151, 0, 2, 3, 1, 
513.294031, 56, 0.1, 0.1, 0.0155287276, 0.360247019, -0.0349674602, 0.966335761, -8.26016698e-006, 0.257284273, 0.257284273, 1.96963076e-005, -0.966335761, 2.91454455e-006, 1, 2.11584575e-005, 0.966335764, 1.79766302e-007, 0.25728426, 0.25728426, 1.14836416e-005, -0.966335764, -3.12827484e-006, 1, 1.10508026e-005, 0, 0, 0, 0, 0, 0, 0, 0.275261499, -0.138180908, -0.134114819, -0.443414733, 0.715030965, -0.540448947, -0.686645508, 0.116455078, 0.717651367, 0.576091781, 0.689356242, 0.439442412, 0, 0, -0, 0, 0, 0, 0, 0.35122085, -0.100124414, -0.11676665, -0.136785028, 0.45988203, -0.877316812, 0.333862305, -0.81237793, -0.478027344, -0.932614899, -0.358188306, -0.0424989151, 0, 2, 3, 1, 
513.294794, 56, 0.1, 0.1, 0.0155287276, 0.360247015, -0.0349671983, 0.966335762, 2.04928358e-006, 0.257284267, 0.257284267, -1.40281768e-005, -0.966335762, 1.62893318e-006, 1, -1.40831774e-005, 0.966335761, -1.57129204e-007, 0.257284272, 0.257284272, -5.78194358e-006, -0.966335761, 1.63944271e-006, 1, -5.54687198e-006, 0, 0, 0, 0, 0, 0, 0, 0.276126611, -0.138031152, -0.134461084, -0.448100011, 0.713445614, -0.538550947, -0.686767578, 0.110839844, 0.718261719, 0.572260955, 0.691831992, 0.44050131, 0, 0, -0, 0, 0, 0, 0, 0.352112451, -0.0995867676, -0.116931543, -0.140976115, 0.459951293, -0.876652202, 0.338989258, -0.809448242, -0.479248047, -0.930109575, -0.36468639, -0.0418153482, 0, 2, 3, 1, 
513.295489, 56, 0.1, 0.1, 0.0155287266, 0.360247015, -0.0349675782, 0.966335763, -1.84451675e-006, 0.257284264, 0.257284264, 2.09728621e-005, -0.966335763, -3.61356487e-006, 1, 2.07413918e-005, 0.966335759, -5.07758867e-006, 0.257284282, 0.257284282, 1.12985808e-005, -0.966335759, 1.99970827e-006, 1, 1.22246064e-005, 0, 0, 0, 0, 0, 0, 0, 0.276126611, -0.138031152, -0.134461084, -0.448100011, 0.713445614, -0.538550947, -0.686767578, 0.110839844, 0.718261719, 0.572260955, 0.691831992, 0.44050131, 0, 0, -0, 0, 0, 0, 0, 0.352112451, -0.0995867676, -0.116931543, -0.140976115, 0.459951293, -0.876652202, 0.338989258, -0.809448242, -0.479248047, -0.930109575, -0.36468639, -0.0418153482, 0, 2, 3, 1, 
513.296186, 56, 0.1, 0.1, 0.0155287262, 0.360247013, -0.0349685524, 0.966335772, 7.3684531e-006, 0.257284232, 0.257284232, -1.35335507e-005, -0.966335772, -3.63843061e-006, 1, -1.4973741e-005, 0.966335771, 5.03170294e-006, 0.257284236, 0.257284236, -4.9330917e-006, -0.966335771, -3.59310781e-006, 1, -6.06160081e-006, 0, 0, 0, 0, 0, 0, 0, 0.276126611, -0.138031152, -0.134461084, -0.448100011, 0.713445614, -0.538550947, -0.686767578, 0.110839844, 0.718261719, 0.572260955, 0.691831992, 0.44050131, 0, 0, -0, 0, 0, 0, 0, 0.352112451, -0.0995867676, -0.116931543, -0.140976115, 0.459951293, -0.876652202, 0.338989258, -0.809448242, -0.479248047, -0.930109575, -0.36468639, -0.0418153482, 0, 2, 3, 1, 
513.296943, 56, 0.1, 0.1, 0.015528725, 0.360247013, -0.0349693838, 0.966335782, -5.4280698e-006, 0.257284192, 0.257284193, 1.79664314e-005, -0.966335782, 6.22859275e-007, 1, 1.87581621e-005, 0.966335785, 1.86516923e-006, 0.257284182, 0.257284182, 1.21544791e-005, -0.966335785, -4.92953499e-006, 1, 1.12654296e-005, 0, 0, 0, 0, 0, 0, 0, 0.276126611, -0.138031152, -0.134461084, -0.448100011, 0.713445614, -0.538550947, -0.686767578, 0.110839844, 0.718261719, 0.572260955, 0.691831992, 0.44050131, 0, 0, -0, 0, 0, 0, 0, 0.352112451, -0.0995867676, -0.116931543, -0.140976115, 0.459951293, -0.876652202, 0.338989258, -0.809448242, -0.479248047, -0.930109575, -0.36468639, -0.0418153482, 0, 2, 3, 1, 
513.297639, 56, 0.1, 0.1, 0.0155287245, 0.360247012, -0.0349698603, 0.966335782, 2.79261011e-006, 0.257284195, 0.257284195, -1.71769576e-005, -0.966335781, 1.72076064e-006, 1, -1.73172032e-005, 0.966335781, 8.07730992e-007, 0.257284197, 0.257284197, -8.62576153e-006, -0.966335781, 1.43873277e-006, 1, -8.54319842e-006, 0, 0, 0, 0, 0, 0, 0, 0.276126611, -0.138031152, -0.134461084, -0.448100011, 0.713445614, -0.538550947, -0.686767578, 0.110839844, 0.718261719, 0.572260955, 0.691831992, 0.44050131, 0, 0, -0, 0, 0, 0, 0, 0.352112451, -0.0995867676, -0.116931543, -0.140976115, 0.459951293, -0.876652202, 0.338989258, -0.809448242, -0.479248047, -0.930109575, -0.36468639, -0.0418153482, 0, 2, 3, 1, 
513.29834, 56, 0.1, 0.1, 0.0155287233, 0.360247014, -0.0349702216, 0.96633578, -1.30805523e-006, 0.257284203, 0.257284203, 1.22462528e-005, -0.96633578, -1.88674681e-006, 1, 1.21705342e-005, 0.966335776, -4.17988452e-006, 0.257284217, 0.257284217, 3.71602091e-006, -0.966335776, 3.08309842e-006, 1, 4.66634226e-006, 0, 0, 0, 0, 0, 0, 0, 0.276126611, -0.138031152, -0.134461084, -0.448100011, 0.713445614, -0.538550947, -0.686767578, 0.110839844, 0.718261719, 0.572260955, 0.691831992, 0.44050131, 0, 0, -0, 0, 0, 0, 0, 0.352112451, -0.0995867676, -0.116931543, -0.140976115, 0.459951293, -0.876652202, 0.338989258, -0.809448242, -0.479248047, -0.930109575, -0.36468639, -0.0418153482, 0, 2, 3, 1, 
513.29909, 56, 0.1, 0.1, 0.0155287226, 0.360247015, -0.0349701433, 0.966335785, 7.79243808e-006, 0.257284184, 0.257284184, -2.22753012e-005, -0.966335784, -1.79902907e-006, 1, -2.35302917e-005, 0.966335784, 5.27042417e-006, 0.257284186, 0.257284187, -1.29603225e-005, -0.966335784, -1.75851343e-006, 1, -1.38800202e-005, 0, 0, 0, 0, 0, 0, 0, 0.276126611, -0.138031152, -0.134461084, -0.448912904, 0.713261767, -0.538157044, -0.687255859, 0.10925293, 0.718017578, 0.571030193, 0.692231886, 0.441427657, 0, 0, -0, 0, 0, 0, 0, 0.352112451, -0.0995867676, -0.116931543, -0.140976115, 0.459951293, -0.876652202, 0.338989258, -0.809448242, -0.479248047, -0.930109575, -0.36468639, -0.0418153482, 0, 2, 3, 1, 
513.299813, 56, 0.1, 0.1, 0.0155287218, 0.360247018, -0.0349691626, 0.966335793, -6.47825133e-006, 0.257284154, 0.257284154, 1.14122285e-005, -0.966335792, 3.32398059e-006, 1, 1.26947963e-005, 0.966335796, 9.56223287e-007, 0.257284142, 0.257284142, 4.27841606e-006, -0.966335796, -2.0248014e-006, 1, 3.8883655e-006, 0, 0, 0, 0, 0, 0, 0, 0.276081323, -0.138262573, -0.134214893, -0.448912904, 0.713261767, -0.538157044, -0.687255859, 0.10925293, 0.718017578, 0.571030193, 0.692231886, 0.441427657, 0, 0, -0, 0, 0, 0, 0, 0.352006738, -0.0994211426, -0.116894922, -0.142937497, 0.460014725, -0.876192115, 0.341308594, -0.807983398, -0.479980469, -0.928965554, -0.367625548, -0.0415215057, 0, 2, 3, 1, 
513.30051, 56, 0.1, 0.1, 0.0155287217, 0.360247018, -0.0349683793, 0.966335793, 1.41548258e-006, 0.257284154, 0.257284154, -1.82414016e-005, -0.966335792, 3.32539209e-006, 1, -1.79915005e-005, 0.966335792, -5.24806315e-007, 0.257284157, 0.257284157, -1.09051024e-005, -0.966335792, 3.3128492e-006, 1, -1.04029664e-005, 0, 0, 0, 0, 0, 0, 0, 0.276081323, -0.138262573, -0.134214893, -0.448912904, 0.713261767, -0.538157044, -0.687255859, 0.10925293, 0.718017578, 0.571030193, 0.692231886, 0.441427657, 0, 0, -0, 0, 0, 0, 0, 0.352006738, -0.0994211426, -0.116894922, -0.142937497, 0.460014725, -0.876192115, 0.341308594, -0.807983398, -0.479980469, -0.928965554, -0.367625548, -0.0415215057, 0, 2, 3, 1, 
513.301217, 56, 0.1, 0.1, 0.0155287212, 0.360247018, -0.0349680036, 0.966335792, -3.21700269e-006, 0.257284156, 0.257284156, 2.02880119e-005, -0.966335792, -2.11107918e-006, 1, 2.04327158e-005, 0.966335787, -6.4845612e-006, 0.257284175, 0.257284175, 9.46725068e-006, -0.966335787, 3.83048976e-006, 1, 1.08169181e-005, 0, 0, 0, 0, 0, 0, 0, 0.276081323, -0.138262573, -0.134214893, -0.448912904, 0.713261767, -0.538157044, -0.687255859, 0.10925293, 0.718017578, 0.571030193, 0.692231886, 0.441427657, 0, 0, -0, 0, 0, 0, 0, 0.352006738, -0.0994211426, -0.116894922, -0.142937497, 0.460014725, -0.876192115, 0.341308594, -0.807983398, -0.479980469, -0.928965554, -0.367625548, -0.0415215057, 0, 2, 3, 1, 
513.30199, 56, 0.1, 0.1, 0.0155287219, 0.360247016, -0.0349671902, 0.966335799, 5.05348166e-006, 0.257284131, 0.257284131, -1.45764545e-005, -0.966335799, -1.13306979e-006, 1, -1.53859305e-005, 0.966335799, 2.73076675e-006, 0.257284132, 0.257284132, -6.4275652e-006, -0.966335798, -9.85127137e-007, 1, -6.9137693e-006, 0, 0, 0, 0, 0, 0, 0, 0.275998071, -0.138278931, -0.133957104, -0.450468297, 0.712894073, -0.537496919, -0.687255859, 0.107299805, 0.718383789, 0.56979344, 0.693031675, 0.441693879, 0, 0, -0, 0, 0, 0, 0, 0.3516646, -0.0992855469, -0.116648242, -0.145167202, 0.459752232, -0.876000351, 0.34387207, -0.806762695, -0.48046875, -0.927604251, -0.37096719, -0.0410103796, 0, 2, 3, 1, 
513.302724, 56, 0.1, 0.1, 0.0155287223, 0.360247016, -0.0349665817, 0.966335806, -9.73695862e-006, 0.257284104, 0.257284104, 1.95324893e-005, -0.966335806, 4.38377274e-006, 1, 2.13801085e-005, 0.96633581, -1.94595169e-006, 0.25728409, 0.25728409, 1.23287814e-005, -0.966335809, -1.2915565e-006, 1, 1.24144054e-005, 0, 0, 0, 0, 0, 0, 0, 0.275998071, -0.138278931, -0.133957104, -0.450468297, 0.712894073, -0.537496919, -0.687255859, 0.107299805, 0.718383789, 0.56979344, 0.693031675, 0.441693879, 0, 0, -0, 0, 0, 0, 0, 0.3516646, -0.0992855469, -0.116648242, -0.145167202, 0.459752232, -0.876000351, 0.34387207, -0.806762695, -0.48046875, -0.927604251, -0.37096719, -0.0410103796, 0, 2, 3, 1, 
513.303419, 56, 0.1, 0.1, 0.0155287229, 0.360247014, -0.0349669144, 0.966335805, 5.35089082e-007, 0.257284109, 0.257284109, -1.60457823e-005, -0.966335804, 3.61124907e-006, 1, -1.56432839e-005, 0.966335804, -1.92576976e-006, 0.257284111, 0.257284111, -7.2636053e-006, -0.966335804, 3.7297505e-006, 1, -6.52361191e-006, 0, 0, 0, 0, 0, 0, 0, 0.275998071, -0.138278931, -0.133957104, -0.450468297, 0.712894073, -0.537496919, -0.687255859, 0.107299805, 0.718383789, 0.56979344, 0.693031675, 0.441693879, 0, 0, -0, 0, 0, 0, 0, 0.3516646, -0.0992855469, -0.116648242, -0.145167202, 0.459752232, -0.876000351, 0.34387207, -0.806762695, -0.48046875, -0.927604251, -0.37096719, -0.0410103796, 0, 2, 3, 1, 
513.30417, 56, 0.1, 0.1, 0.0155287225, 0.360247015, -0.0349676505, 0.9663358, -3.51429458e-006, 0.257284127, 0.257284127, 1.97205902e-005, -0.9663358, -1.67780616e-006, 1, 1.99608845e-005, 0.966335796, -7.1308812e-006, 0.257284142, 0.257284142, 1.05299385e-005, -0.966335796, 4.18163957e-006, 1, 1.20101192e-005, 0, 0, 0, 0, 0, 0, 0, 0.275998071, -0.138278931, -0.133957104, -0.450468297, 0.712894073, -0.537496919, -0.687255859, 0.107299805, 0.718383789, 0.56979344, 0.693031675, 0.441693879, 0, 0, -0, 0, 0, 0, 0, 0.3516646, -0.0992855469, -0.116648242, -0.145167202, 0.459752232, -0.876000351, 0.34387207, -0.806762695, -0.48046875, -0.927604251, -0.37096719, -0.0410103796, 0, 2, 3, 1, 
513.304904, 56, 0.1, 0.1, 0.0155287221, 0.360247014, -0.0349685296, 0.966335806, 8.19449194e-006, 0.257284104, 0.257284104, -1.81095392e-005, -0.966335806, -3.2593344e-006, 1, -1.96082087e-005, 0.966335805, 4.98673224e-006, 0.257284108, 0.257284108, -7.65912896e-006, -0.966335805, -2.84828575e-006, 1, -8.6842975e-006, 0, 0, 0, 0, 0, 0, 0, 0.275998071, -0.138278931, -0.133957104, -0.450468297, 0.712894073, -0.537496919, -0.687255859, 0.107299805, 0.718383789, 0.56979344, 0.693031675, 0.441693879, 0, 0, -0, 0, 0, 0, 0, 0.3516646, -0.0992855469, -0.116648242, -0.145167202, 0.459752232, -0.876000351, 0.34387207, -0.806762695, -0.48046875, -0.927604251, -0.37096719, -0.0410103796, 0, 2, 3, 1, 
513.305617, 56, 0.1, 0.1, 0.0155287205, 0.360247016, -0.0349691784, 0.966335814, -3.54115797e-006, 0.257284072, 0.257284072, 1.1642277e-005, -0.966335814, 4.26575333e-007, 1, 1.21614328e-005, 0.966335817, 3.65782015e-006, 0.257284061, 0.257284061, 5.1563062e-006, -0.966335817, -4.86131803e-006, 1, 4.04162455e-006, 0, 0, 0, 0, 0, 0, 0, 0.275998071, -0.138278931, -0.133957104, -0.450468297, 0.712894073, -0.537496919, -0.687255859, 0.107299805, 0.718383789, 0.56979344, 0.693031675, 0.441693879, 0, 0, -0, 0, 0, 0, 0, 0.3516646, -0.0992855469, -0.116648242, -0.145167202, 0.459752232, -0.876000351, 0.34387207, -0.806762695, -0.48046875, -0.927604251, -0.37096719, -0.0410103796, 0, 2, 3, 1, 
513.306416, 56, 0.1, 0.1, 0.0155287192, 0.360247017, -0.0349690951, 0.966335817, 4.67169354e-006, 0.257284063, 0.257284063, -2.4465415e-005, -0.966335816, 1.7801366e-006, 1, -2.48437591e-005, 0.966335815, 2.53749828e-006, 0.257284069, 0.257284069, -1.56522576e-005, -0.966335815, 1.57500104e-006, 1, -1.5778195e-005, 0, 0, 0, 0, 0, 0, 0, 0.275998071, -0.138278931, -0.133957104, -0.450804912, 0.711923543, -0.538455467, -0.68762207, 0.107666016, 0.718017578, 0.569228795, 0.693926943, 0.441104147, 0, 0, -0, 0, 0, 0, 0, 0.3516646, -0.0992855469, -0.116648242, -0.145167202, 0.459752232, -0.876000351, 0.34387207, -0.806762695, -0.48046875, -0.927604251, -0.37096719, -0.0410103796, 0, 2, 3, 1, 
513.307132, 56, 0.1, 0.1, 0.0155287175, 0.36024702, -0.0349683911, 0.966335817, -6.59755686e-007, 0.257284062, 0.257284062, 1.39834524e-005, -0.966335817, -2.96017388e-006, 1, 1.36824555e-005, 0.966335812, -3.4265091e-006, 0.25728408, 0.25728408, 3.61458947e-006, -0.966335812, 2.38118213e-006, 1, 4.37449349e-006, 0, 0, 0, 0, 0, 0, 0, 0.275755908, -0.138549048, -0.133561401, -0.450804912, 0.711923543, -0.538455467, -0.68762207, 0.107666016, 0.718017578, 0.569228795, 0.693926943, 0.441104147, 0, 0, -0, 0, 0, 0, 0, 0.351457959, -0.100061475, -0.116253027, -0.144924399, 0.458161252, -0.876901201, 0.343994141, -0.807495117, -0.478881836, -0.927578731, -0.371011666, -0.040614092, 0, 2, 3, 1, 
513.307831, 56, 0.1, 0.1, 0.0155287172, 0.360247019, -0.0349681044, 0.966335824, 6.61415984e-006, 0.257284035, 0.257284035, -1.51362903e-005, -0.966335824, -2.49717376e-006, 1, -1.63284573e-005, 0.966335824, 4.70728215e-006, 0.257284038, 0.257284038, -7.72912888e-006, -0.966335824, -2.56023389e-006, 1, -8.68004268e-006, 0, 0, 0, 0, 0, 0, 0, 0.275755908, -0.138549048, -0.133561401, -0.450804912, 0.711923543, -0.538455467, -0.68762207, 0.107666016, 0.718017578, 0.569228795, 0.693926943, 0.441104147, 0, 0, -0, 0, 0, 0, 0, 0.351457959, -0.100061475, -0.116253027, -0.144924399, 0.458161252, -0.876901201, 0.343994141, -0.807495117, -0.478881836, -0.927578731, -0.371011666, -0.040614092, 0, 2, 3, 1, 
513.308561, 56, 0.1, 0.1, 0.0155287172, 0.360247018, -0.0349681426, 0.96633583, -9.6389627e-006, 0.257284012, 0.257284012, 2.22095385e-005, -0.96633583, 3.60031585e-006, 1, 2.39418238e-005, 0.966335835, -1.07727429e-006, 0.257283996, 0.257283996, 1.42292845e-005, -0.966335835, -2.61995843e-006, 1, 1.4027433e-005, 0, 0, 0, 0, 0, 0, 0, 0.275755908, -0.138549048, -0.133561401, -0.450804912, 0.711923543, -0.538455467, -0.68762207, 0.107666016, 0.718017578, 0.569228795, 0.693926943, 0.441104147, 0, 0, -0, 0, 0, 0, 0, 0.351457959, -0.100061475, -0.116253027, -0.144924399, 0.458161252, -0.876901201, 0.343994141, -0.807495117, -0.478881836, -0.927578731, -0.371011666, -0.040614092, 0, 2, 3, 1, 
513.309295, 56, 0.1, 0.1, 0.0155287181, 0.360247015, -0.0349678886, 0.966335826, -2.5937132e-007, 0.257284029, 0.257284029, -1.15527988e-005, -0.966335826, 3.22299041e-006, 1, -1.10971512e-005, 0.966335826, -2.56607773e-006, 0.257284029, 0.257284029, -2.97859073e-006, -0.966335826, 3.24603666e-006, 1, -2.21810812e-006, 0, 0, 0, 0, 0, 0, 0, 0.275755908, -0.138549048, -0.133561401, -0.450804912, 0.711923543, -0.538455467, -0.68762207, 0.107666016, 0.718017578, 0.569228795, 0.693926943, 0.441104147, 0, 0, -0, 0, 0, 0, 0, 0.351457959, -0.100061475, -0.116253027, -0.144924399, 0.458161252, -0.876901201, 0.343994141, -0.807495117, -0.478881836, -0.927578731, -0.371011666, -0.040614092, 0, 2, 3, 1, 
513.310024, 56, 0.1, 0.1, 0.0155287177, 0.360247014, -0.0349678139, 0.966335819, -3.06794022e-006, 0.257284055, 0.257284055, 2.09819323e-005, -0.966335819, -2.4336561e-006, 1, 2.10649249e-005, 0.966335816, -6.55983977e-006, 0.257284067, 0.257284067, 1.19699467e-005, -0.966335816, 3.25933154e-006, 1, 1.32547305e-005, 0, 0, 0, 0, 0, 0, 0, 0.275755908, -0.138549048, -0.133561401, -0.450804912, 0.711923543, -0.538455467, -0.68762207, 0.107666016, 0.718017578, 0.569228795, 0.693926943, 0.441104147, 0, 0, -0, 0, 0, 0, 0, 0.351457959, -0.100061475, -0.116253027, -0.144924399, 0.458161252, -0.876901201, 0.343994141, -0.807495117, -0.478881836, -0.927578731, -0.371011666, -0.040614092, 0, 2, 3, 1, 
513.310726, 56, 0.1, 0.1, 0.0155287175, 0.360247012, -0.0349681941, 0.966335821, 7.54065578e-006, 0.257284046, 0.257284046, -1.66605931e-005, -0.966335821, -3.00030101e-006, 1, -1.80398183e-005, 0.966335822, 4.92003984e-006, 0.257284045, 0.257284045, -7.47015391e-006, -0.966335822, -2.83245933e-006, 1, -8.48452506e-006, 0, 0, 0, 0, 0, 0, 0, 0.275755908, -0.138549048, -0.133561401, -0.450804912, 0.711923543, -0.538455467, -0.68762207, 0.107666016, 0.718017578, 0.569228795, 0.693926943, 0.441104147, 0, 0, -0, 0, 0, 0, 0, 0.351457959, -0.100061475, -0.116253027, -0.144924399, 0.458161252, -0.876901201, 0.343994141, -0.807495117, -0.478881836, -0.927578731, -0.371011666, -0.040614092, 0, 2, 3, 1, 
513.311509, 56, 0.1, 0.1, 0.0155287162, 0.360247014, -0.0349682349, 0.966335826, -5.13102415e-006, 0.257284027, 0.257284027, 1.610559e-005, -0.966335826, 8.14581425e-007, 1, 1.68835391e-005, 0.96633583, 2.13690152e-006, 0.257284012, 0.257284012, 1.01178952e-005, -0.96633583, -4.66813719e-006, 1, 9.22749409e-006, 0, 0, 0, 0, 0, 0, 0, 0.275469067, -0.138610205, -0.133369287, -0.451979508, 0.710648597, -0.539033217, -0.687744141, 0.107177734, 0.717895508, 0.568055321, 0.695241202, 0.440577694, 0, 0, -0, 0, 0, 0, 0, 0.350978516, -0.099751709, -0.116062744, -0.145595206, 0.456614747, -0.877572008, 0.345458984, -0.807739258, -0.477539062, -0.927035522, -0.372647123, -0.0400708831, 0, 2, 3, 1, 
513.312201, 56, 0.1, 0.1, 0.0155287154, 0.360247013, -0.0349683045, 0.966335821, 4.09294019e-006, 0.257284048, 0.257284048, -1.96210602e-005, -0.966335821, 1.09303109e-006, 1, -2.00135815e-005, 0.966335821, 2.06732235e-006, 0.257284047, 0.257284047, -1.10811554e-005, -0.966335821, 8.53276854e-007, 1, -1.12400064e-005, 0, 0, 0, 0, 0, 0, 0, 0.275469067, -0.138610205, -0.133369287, -0.451979508, 0.710648597, -0.539033217, -0.687744141, 0.107177734, 0.717895508, 0.568055321, 0.695241202, 0.440577694, 0, 0, -0, 0, 0, 0, 0, 0.350978516, -0.099751709, -0.116062744, -0.145595206, 0.456614747, -0.877572008, 0.345458984, -0.807739258, -0.477539062, -0.927035522, -0.372647123, -0.0400708831, 0, 2, 3, 1, 
513.312902, 56, 0.1, 0.1, 0.015528714, 0.360247016, -0.0349687995, 0.966335815, -4.3455568e-007, 0.25728407, 0.25728407, 1.32158285e-005, -0.966335815, -2.98029542e-006, 1, 1.28827327e-005, 0.966335812, -3.38172095e-006, 0.257284083, 0.257284083, 3.81060392e-006, -0.966335812, 2.28747033e-006, 1, 4.55238601e-006, 0, 0, 0, 0, 0, 0, 0, 0.275469067, -0.138610205, -0.133369287, -0.451979508, 0.710648597, -0.539033217, -0.687744141, 0.107177734, 0.717895508, 0.568055321, 0.695241202, 0.440577694, 0, 0, -0, 0, 0, 0, 0, 0.350978516, -0.099751709, -0.116062744, -0.145595206, 0.456614747, -0.877572008, 0.345458984, -0.807739258, -0.477539062, -0.927035522, -0.372647123, -0.0400708831, 0, 2, 3, 1, 
513.313642, 56, 0.1, 0.1, 0.0155287132, 0.360247016, -0.0349692827, 0.966335816, 8.63144821e-006, 0.257284066, 0.257284067, -2.06582722e-005, -0.966335816, -3.02583328e-006, 1, -2.21835624e-005, 0.966335817, 6.42080549e-006, 0.257284064, 0.257284064, -1.24331848e-005, -0.966335816, -3.00579399e-006, 1, -1.36666028e-005, 0, 0, 0, 0, 0, 0, 0, 0.275469067, -0.138610205, -0.133369287, -0.451979508, 0.710648597, -0.539033217, -0.687744141, 0.107177734, 0.717895508, 0.568055321, 0.695241202, 0.440577694, 0, 0, -0, 0, 0, 0, 0, 0.350978516, -0.099751709, -0.116062744, -0.145595206, 0.456614747, -0.877572008, 0.345458984, -0.807739258, -0.477539062, -0.927035522, -0.372647123, -0.0400708831, 0, 2, 3, 1, 
513.314371, 56, 0.1, 0.1, 0.0155287123, 0.360247019, -0.034969153, 0.966335819, -6.20711492e-006, 0.257284055, 0.257284055, 1.36513279e-005, -0.966335819, 2.48588848e-006, 1, 1.47887588e-005, 0.966335823, 1.33107423e-006, 0.257284039, 0.257284039, 6.41072446e-006, -0.966335823, -2.93564179e-006, 1, 5.85244855e-006, 0, 0, 0, 0, 0, 0, 0, 0.275469067, -0.138610205, -0.133369287, -0.451979508, 0.710648597, -0.539033217, -0.687744141, 0.107177734, 0.717895508, 0.568055321, 0.695241202, 0.440577694, 0, 0, -0, 0, 0, 0, 0, 0.350925537, -0.0997619629, -0.116264258, -0.146483297, 0.456691306, -0.877367485, 0.345825195, -0.807373047, -0.477905273, -0.926760636, -0.373375533, -0.0396811587, 0, 2, 3, 1, 
513.315067, 56, 0.1, 0.1, 0.0155287123, 0.360247017, -0.0349691049, 0.966335815, 1.39510574e-006, 0.257284072, 0.257284072, -1.56853961e-005, -0.966335814, 2.68746193e-006, 1, -1.55162985e-005, 0.966335815, -4.91339601e-007, 0.257284071, 0.257284071, -8.37423951e-006, -0.966335815, 2.62935749e-006, 1, -7.9659137e-006, 0, 0, 0, 0, 0, 0, 0, 0.275469067, -0.138610205, -0.133369287, -0.451979508, 0.710648597, -0.539033217, -0.687744141, 0.107177734, 0.717895508, 0.568055321, 0.695241202, 0.440577694, 0, 0, -0, 0, 0, 0, 0, 0.350925537, -0.0997619629, -0.116264258, -0.146483297, 0.456691306, -0.877367485, 0.345825195, -0.807373047, -0.477905273, -0.926760636, -0.373375533, -0.0396811587, 0, 2, 3, 1, 
513.315778, 56, 0.1, 0.1, 0.0155287118, 0.360247018, -0.0349692284, 0.966335809, -2.98646504e-006, 0.257284091, 0.257284091, 1.95693756e-005, -0.966335809, -2.14896089e-006, 1, 1.96789583e-005, 0.966335806, -5.98522984e-006, 0.257284104, 0.257284104, 9.88598562e-006, -0.966335806, 3.24023495e-006, 1, 1.10930864e-005, 0, 0, 0, 0, 0, 0, 0, 0.275469067, -0.138610205, -0.133369287, -0.451979508, 0.710648597, -0.539033217, -0.687744141, 0.107177734, 0.717895508, 0.568055321, 0.695241202, 0.440577694, 0, 0, -0, 0, 0, 0, 0, 0.350925537, -0.0997619629, -0.116264258, -0.146483297, 0.456691306, -0.877367485, 0.345825195, -0.807373047, -0.477905273, -0.926760636, -0.373375533, -0.0396811587, 0, 2, 3, 1, 
513.316533, 56, 0.1, 0.1, 0.0155287123, 0.360247015, -0.0349687411, 0.966335811, 5.60198318e-006, 0.257284086, 0.257284086, -1.46539321e-005, -0.966335811, -1.64317342e-006, 1, -1.56019205e-005, 0.966335811, 3.36752773e-006, 0.257284084, 0.257284084, -6.63602727e-006, -0.966335811, -1.54681844e-006, 1, -7.27904209e-006, 0, 0, 0, 0, 0, 0, 0, 0.275429761, -0.138604102, -0.133777808, -0.452741104, 0.710769165, -0.538290716, -0.687255859, 0.106323242, 0.718505859, 0.567928763, 0.695222106, 0.440583685, 0, 0, -0, 0, 0, 0, 0, 0.350925537, -0.0997619629, -0.116264258, -0.146483297, 0.456691306, -0.877367485, 0.345825195, -0.807373047, -0.477905273, -0.926760636, -0.373375533, -0.0396811587, 0, 2, 3, 1, 
513.317232, 56, 0.1, 0.1, 0.0155287121, 0.360247016, -0.0349683448, 0.966335812, -7.6209673e-006, 0.257284082, 0.257284082, 1.74085724e-005, -0.966335812, 2.88546506e-006, 1, 1.87832805e-005, 0.966335816, -2.5721076e-007, 0.257284066, 0.257284066, 1.07581502e-005, -0.966335816, -2.51934864e-006, 1, 1.0462162e-005, 0, 0, 0, 0, 0, 0, 0, 0.275429761, -0.138604102, -0.133777808, -0.452741104, 0.710769165, -0.538290716, -0.687255859, 0.106323242, 0.718505859, 0.567928763, 0.695222106, 0.440583685, 0, 0, -0, 0, 0, 0, 0, 0.350925537, -0.0997619629, -0.116264258, -0.146483297, 0.456691306, -0.877367485, 0.345825195, -0.807373047, -0.477905273, -0.926760636, -0.373375533, -0.0396811587, 0, 2, 3, 1, 
513.31793, 56, 0.1, 0.1, 0.0155287122, 0.360247014, -0.0349683554, 0.966335806, 1.65712405e-006, 0.257284105, 0.257284105, -1.64525555e-005, -0.966335806, 2.63164269e-006, 1, -1.63250451e-005, 0.966335806, -5.83368558e-007, 0.257284103, 0.257284103, -8.01322822e-006, -0.966335806, 2.62540616e-006, 1, -7.59337789e-006, 0, 0, 0, 0, 0, 0, 0, 0.275429761, -0.138604102, -0.133777808, -0.452741104, 0.710769165, -0.538290716, -0.687255859, 0.106323242, 0.718505859, 0.567928763, 0.695222106, 0.440583685, 0, 0, -0, 0, 0, 0, 0, 0.350925537, -0.0997619629, -0.116264258, -0.146483297, 0.456691306, -0.877367485, 0.345825195, -0.807373047, -0.477905273, -0.926760636, -0.373375533, -0.0396811587, 0, 2, 3, 1, 
513.318671, 56, 0.1, 0.1, 0.0155287116, 0.360247015, -0.0349685478, 0.9663358, -2.03542072e-006, 0.257284127, 0.257284127, 1.93013923e-005, -0.9663358, -2.99904196e-006, 1, 1.91753078e-005, 0.966335795, -5.85457548e-006, 0.257284144, 0.257284144, 8.40789364e-006, -0.966335795, 3.49426813e-006, 1, 9.63113803e-006, 0, 0, 0, 0, 0, 0, 0, 0.275429761, -0.138604102, -0.133777808, -0.452741104, 0.710769165, -0.538290716, -0.687255859, 0.106323242, 0.718505859, 0.567928763, 0.695222106, 0.440583685, 0, 0, -0, 0, 0, 0, 0, 0.350925537, -0.0997619629, -0.116264258, -0.146483297, 0.456691306, -0.877367485, 0.345825195, -0.807373047, -0.477905273, -0.926760636, -0.373375533, -0.0396811587, 0, 2, 3, 1, 
513.319411, 56, 0.1, 0.1, 0.0155287116, 0.360247013, -0.0349681452, 0.966335804, 7.0179742e-006, 0.257284111, 0.257284111, -1.59787671e-005, -0.966335804, -2.67063684e-006, 1, -1.7246468e-005, 0.966335804, 4.66306629e-006, 0.257284111, 0.257284111, -7.48500343e-006, -0.966335804, -2.58031546e-006, 1, -8.43275967e-006, 0, 0, 0, 0, 0, 0, 0, 0.275662402, -0.138817822, -0.13398811, -0.452607432, 0.710972108, -0.538005398, -0.686767578, 0.106933594, 0.718994141, 0.568772735, 0.694942779, 0.440044127, 0, 0, -0, 0, 0, 0, 0, 0.35092041, -0.0999881348, -0.116487256, -0.146445017, 0.456346424, -0.877552685, 0.344848633, -0.807983398, -0.477661133, -0.927124841, -0.372429839, -0.0390869105, 0, 2, 3, 1, 
513.32011, 56, 0.1, 0.1, 0.0155287109, 0.360247014, -0.0349681841, 0.966335809, -6.18765819e-006, 0.257284094, 0.257284094, 1.45876491e-005, -0.966335808, 2.2261856e-006, 1, 1.56885537e-005, 0.966335812, 1.30087553e-006, 0.25728408, 0.25728408, 7.97999759e-006, -0.966335812, -3.31020895e-006, 1, 7.37666288e-006, 0, 0, 0, 0, 0, 0, 0, 0.275662402, -0.138817822, -0.13398811, -0.452607432, 0.710972108, -0.538005398, -0.686767578, 0.106933594, 0.718994141, 0.568772735, 0.694942779, 0.440044127, 0, 0, -0, 0, 0, 0, 0, 0.35092041, -0.0999881348, -0.116487256, -0.146445017, 0.456346424, -0.877552685, 0.344848633, -0.807983398, -0.477661133, -0.927124841, -0.372429839, -0.0390869105, 0, 2, 3, 1, 
513.320825, 56, 0.1, 0.1, 0.0155287106, 0.360247014, -0.0349685874, 0.966335805, 2.7989857e-006, 0.257284107, 0.257284107, -2.00690718e-005, -0.966335805, 2.4586931e-006, 1, -2.01135972e-005, 0.966335805, 5.16294802e-007, 0.257284107, 0.257284107, -1.11733671e-005, -0.966335805, 2.37581561e-006, 1, -1.09300591e-005, 0, 0, 0, 0, 0, 0, 0, 0.275662402, -0.138817822, -0.13398811, -0.452607432, 0.710972108, -0.538005398, -0.686767578, 0.106933594, 0.718994141, 0.568772735, 0.694942779, 0.440044127, 0, 0, -0, 0, 0, 0, 0, 0.35092041, -0.0999881348, -0.116487256, -0.146445017, 0.456346424, -0.877552685, 0.344848633, -0.807983398, -0.477661133, -0.927124841, -0.372429839, -0.0390869105, 0, 2, 3, 1, 
513.321558, 56, 0.1, 0.1, 0.0155287093, 0.360247016, -0.0349686954, 0.966335798, -1.1781448e-006, 0.257284134, 0.257284134, 1.46108558e-005, -0.966335798, -2.62065789e-006, 1, 1.4422111e-005, 0.966335795, -4.15843113e-006, 0.257284146, 0.257284146, 5.14564985e-006, -0.966335795, 2.69454673e-006, 1, 6.04232404e-006, 0, 0, 0, 0, 0, 0, 0, 0.275662402, -0.138817822, -0.13398811, -0.452607432, 0.710972108, -0.538005398, -0.686767578, 0.106933594, 0.718994141, 0.568772735, 0.694942779, 0.440044127, 0, 0, -0, 0, 0, 0, 0, 0.35092041, -0.0999881348, -0.116487256, -0.146445017, 0.456346424, -0.877552685, 0.344848633, -0.807983398, -0.477661133, -0.927124841, -0.372429839, -0.0390869105, 0, 2, 3, 1, 
513.322255, 56, 0.1, 0.1, 0.015528709, 0.360247016, -0.0349690145, 0.966335799, 6.98650041e-006, 0.257284129, 0.257284129, -1.6564873e-005, -0.966335799, -2.48942653e-006, 1, -1.78047454e-005, 0.9663358, 4.88070535e-006, 0.257284128, 0.257284128, -8.84254175e-006, -0.9663358, -2.44135466e-006, 1, -9.80059267e-006, 0, 0, 0, 0, 0, 0, 0, 0.275662402, -0.138817822, -0.13398811, -0.452607432, 0.710972108, -0.538005398, -0.686767578, 0.106933594, 0.718994141, 0.568772735, 0.694942779, 0.440044127, 0, 0, -0, 0, 0, 0, 0, 0.35092041, -0.0999881348, -0.116487256, -0.146445017, 0.456346424, -0.877552685, 0.344848633, -0.807983398, -0.477661133, -0.927124841, -0.372429839, -0.0390869105, 0, 2, 3, 1, 
513.32295, 56, 0.1, 0.1, 0.0155287085, 0.360247017, -0.0349695196, 0.966335802, -6.32372773e-006, 0.25728412, 0.25728412, 1.51761703e-005, -0.966335802, 2.20625688e-006, 1, 1.62922714e-005, 0.966335806, 8.40268244e-007, 0.257284105, 0.257284105, 8.51709269e-006, -0.966335806, -3.00329386e-006, 1, 8.01418396e-006, 0, 0, 0, 0, 0, 0, 0, 0.275662402, -0.138817822, -0.13398811, -0.452607432, 0.710972108, -0.538005398, -0.686767578, 0.106933594, 0.718994141, 0.568772735, 0.694942779, 0.440044127, 0, 0, -0, 0, 0, 0, 0, 0.35092041, -0.0999881348, -0.116487256, -0.146445017, 0.456346424, -0.877552685, 0.344848633, -0.807983398, -0.477661133, -0.927124841, -0.372429839, -0.0390869105, 0, 2, 3, 1, 
513.32374, 56, 0.1, 0.1, 0.0155287082, 0.360247017, -0.0349694244, 0.9663358, 2.09327022e-006, 0.257284128, 0.257284128, -2.12104832e-005, -0.966335799, 3.4343187e-006, 1, -2.10350144e-005, 0.966335799, 2.1684383e-008, 0.25728413, 0.25728413, -1.29997946e-005, -0.966335799, 3.32368644e-006, 1, -1.25677459e-005, 0, 0, 0, 0, 0, 0, 0, 0.27626499, -0.139050586, -0.134621826, -0.453933674, 0.710769165, -0.537256906, -0.685668945, 0.106323242, 0.720092773, 0.568982791, 0.695222106, 0.439307618, 0, 0, -0, 0, 0, 0, 0, 0.35092041, -0.0999881348, -0.116487256, -0.147186187, 0.455886338, -0.877763406, 0.344726563, -0.808105469, -0.477539062, -0.927079998, -0.372723682, -0.0382498591, 0, 2, 3, 1, 
513.324435, 56, 0.1, 0.1, 0.0155287076, 0.360247018, -0.0349688388, 0.966335798, -2.82319415e-006, 0.257284134, 0.257284134, 1.54632677e-005, -0.966335798, -1.25029986e-006, 1, 1.56690722e-005, 0.966335794, -5.73267636e-006, 0.25728415, 0.25728415, 5.46123737e-006, -0.966335794, 4.13460054e-006, 1, 6.75231591e-006, 0, 0, 0, 0, 0, 0, 0, 0.27626499, -0.139050586, -0.134621826, -0.453933674, 0.710769165, -0.537256906, -0.685668945, 0.106323242, 0.720092773, 0.568982791, 0.695222106, 0.439307618, 0, 0, -0, 0, 0, 0, 0, 0.351542041, -0.10047124, -0.116930078, -0.147186187, 0.455886338, -0.877763406, 0.344726563, -0.808105469, -0.477539062, -0.927079998, -0.372723682, -0.0382498591, 0, 2, 3, 1, 
513.325199, 56, 0.1, 0.1, 0.0155287083, 0.360247018, -0.0349678598, 0.966335802, 5.41788877e-006, 0.257284119, 0.257284119, -1.730586e-005, -0.966335802, -7.82976938e-007, 1, -1.81172089e-005, 0.966335802, 3.18168472e-006, 0.257284118, 0.257284118, -9.95021575e-006, -0.966335802, -5.14543376e-007, 1, -1.04338467e-005, 0, 0, 0, 0, 0, 0, 0, 0.27626499, -0.139050586, -0.134621826, -0.453933674, 0.710769165, -0.537256906, -0.685668945, 0.106323242, 0.720092773, 0.568982791, 0.695222106, 0.439307618, 0, 0, -0, 0, 0, 0, 0, 0.351542041, -0.10047124, -0.116930078, -0.147186187, 0.455886338, -0.877763406, 0.344726563, -0.808105469, -0.477539062, -0.927079998, -0.372723682, -0.0382498591, 0, 2, 3, 1, 
