time, trialNum, realDorsalTactorPos, realVentralTactorPos, boxPosX, boxPosY, boxPosZ, boxLocalRot_11, boxLocalRot_12, boxLocalRot_13, boxLocalRot_21, boxLocalRot_22, boxLocalRot_23, boxLocalRot_31, boxLocalRot_32, boxLocalRot_33, boxGlobalRot_11, boxGlobalRot_12, boxGlobalRot_13, boxGlobalRot_21, boxGlobalRot_22, boxGlobalRot_23, boxGlobalRot_31, boxGlobalRot_32, boxGlobalRot_33, indexForceX, indexForceY, indexForceZ, indexForceGlobalX, indexForceGlobalY, indexForceGlobalZ, indexContact, indexPosX, indexPosY, indexPosZ, indexRot_11, indexRot_12, indexRot_13, indexRot_21, indexRot_22, indexRot_23, indexRot_31, indexRot_32, indexRot_33, thumbForceX, thumbForceY, thumbForceZ, thumbForceGlobalX, thumbForceGlobalY, thumbForceGlobalZ, thumbContact, thumbPosX, thumbPosY, thumbPosZ, thumbRot_11, thumbRot_12, thumbRot_13, thumbRot_21, thumbRot_22, thumbRot_23, thumbRot_31, thumbRot_32, thumbRot_33, manipForceTooHigh, cceExpType, mapping, trialSuccess, 
372.744301, 46, 0.1, 0.1, 0.00124017882, 0.335589238, -0.0349758937, 0.929754243, -0.368180727, 2.26810151e-005, 0.368180727, 0.929754243, 1.01333586e-005, -2.48186774e-005, -1.07082053e-006, 1, 0.929754253, -0.3681807, 2.51223792e-005, 0.3681807, 0.929754254, 1.17614653e-005, -2.76879835e-005, -1.68569722e-006, 1, 0, 0, 0, 0, 0, 0, 0, 0.298904199, -0.176817651, -0.173148218, -0.380425585, 0.512712377, -0.769652822, -0.868286133, 0.0883789062, 0.488037109, 0.318313452, 0.854014504, 0.411724117, 0, 0, -0, 0, 0, 0, 0, 0.359484082, -0.120169482, -0.135864453, -0.0119170516, 0.393291882, -0.919255174, 0.512939453, -0.786621094, -0.343261719, -0.858242133, -0.475532909, -0.192356926, 0, 2, 3, 1, 
372.788922, 46, 0.1, 0.1, 0.00124017027, 0.335589148, -0.0349717435, 0.929758907, -0.368168949, -1.20145663e-006, 0.368168949, 0.929758907, 1.28418488e-005, -3.61090498e-006, -1.23821623e-005, 1, 0.929758897, -0.368168975, -6.50244661e-006, 0.368168975, 0.929758897, 5.71365677e-006, 3.94211643e-006, -7.70632232e-006, 1, 0, 0, 0, 0, 0, 0, 0, 0.304918164, -0.181670996, -0.170855908, -0.404968896, 0.513672046, -0.756406519, -0.868408203, 0.0426025391, 0.493774414, 0.285864702, 0.856952306, 0.429030043, 0, 0, -0, 0, 0, 0, 0, 0.369083057, -0.124788965, -0.132263086, 0.0267655823, 0.408468182, -0.912290842, 0.521728516, -0.784179688, -0.335693359, -0.852580769, -0.466941481, -0.234093923, 0, 2, 3, 1, 
372.789618, 46, 0.1, 0.1, 0.00124017007, 0.335589147, -0.03497142, 0.929758965, -0.368168801, 1.30217932e-007, 0.368168801, 0.929758965, -1.04210119e-005, 3.71562017e-006, 9.73697142e-006, 1, 0.929758955, -0.368168828, -2.32188745e-006, 0.368168828, 0.929758955, -1.16394217e-005, 6.4440679e-006, 9.96701e-006, 1, 0, 0, 0, 0, 0, 0, 0, 0.304918164, -0.181670996, -0.170855908, -0.404968896, 0.513672046, -0.756406519, -0.868408203, 0.0426025391, 0.493774414, 0.285864702, 0.856952306, 0.429030043, 0, 0, -0, 0, 0, 0, 0, 0.369083057, -0.124788965, -0.132263086, 0.0267655823, 0.408468182, -0.912290842, 0.521728516, -0.784179688, -0.335693359, -0.852580769, -0.466941481, -0.234093923, 0, 2, 3, 1, 
372.790322, 46, 0.1, 0.1, 0.00124017021, 0.335589144, -0.034970468, 0.929758976, -0.368168773, -8.29704613e-006, 0.368168773, 0.929758977, 1.31613796e-006, 7.22969222e-006, -4.27840438e-006, 1, 0.929758981, -0.368168763, -8.0983876e-006, 0.368168763, 0.929758981, 7.96717258e-006, 4.59628453e-006, -1.03891236e-005, 1, 0, 0, 0, 0, 0, 0, 0, 0.304918164, -0.181670996, -0.170855908, -0.404968896, 0.513672046, -0.756406519, -0.868408203, 0.0426025391, 0.493774414, 0.285864702, 0.856952306, 0.429030043, 0, 0, -0, 0, 0, 0, 0, 0.369083057, -0.124788965, -0.132263086, 0.0267655823, 0.408468182, -0.912290842, 0.521728516, -0.784179688, -0.335693359, -0.852580769, -0.466941481, -0.234093923, 0, 2, 3, 1, 
372.791058, 46, 0.1, 0.1, 0.00124016873, 0.335589144, -0.0349689938, 0.929758914, -0.368168932, -7.38978063e-006, 0.368168932, 0.929758914, 3.99639042e-006, 5.39936762e-006, -6.43636726e-006, 1, 0.929758928, -0.368168897, 4.57679034e-006, 0.368168897, 0.929758928, -3.45674019e-006, -2.98264746e-006, 4.8989669e-006, 1, 0, 0, 0, 0, 0, 0, 0, 0.304982959, -0.181871167, -0.170974902, -0.407965107, 0.51413522, -0.754451231, -0.867675781, 0.0388183594, 0.495605469, 0.284114601, 0.856755354, 0.430450643, 0, 0, -0, 0, 0, 0, 0, 0.369668945, -0.125158789, -0.132054004, 0.0288421693, 0.409362836, -0.911818362, 0.521850586, -0.784179688, -0.335571289, -0.852485254, -0.466110993, -0.236253632, 0, 2, 3, 1, 
372.791755, 46, 0.1, 0.1, 0.00124016882, 0.335589142, -0.034967665, 0.929758871, -0.36816904, 6.44392615e-006, 0.36816904, 0.929758871, -1.10739945e-005, -1.9141956e-006, 1.26685987e-005, 1, 0.929758873, -0.368169035, 7.52807303e-006, 0.368169035, 0.929758873, -4.52988641e-006, -5.33152878e-006, 6.98330547e-006, 1, 0, 0, 0, 0, 0, 0, 0, 0.304982959, -0.181871167, -0.170974902, -0.407965107, 0.51413522, -0.754451231, -0.867675781, 0.0388183594, 0.495605469, 0.284114601, 0.856755354, 0.430450643, 0, 0, -0, 0, 0, 0, 0, 0.369668945, -0.125158789, -0.132054004, 0.0288421693, 0.409362836, -0.911818362, 0.521850586, -0.784179688, -0.335571289, -0.852485254, -0.466110993, -0.236253632, 0, 2, 3, 1, 
372.792445, 46, 0.1, 0.1, 0.00124016976, 0.335589141, -0.0349670333, 0.929758909, -0.368168943, 8.95675211e-007, 0.368168943, 0.929758909, 1.24049236e-005, -5.3998696e-006, -1.12038284e-005, 1, 0.929758896, -0.368168977, -2.03361952e-006, 0.368168977, 0.929758896, 1.19493135e-005, -2.50859069e-006, -1.18586962e-005, 1, 0, 0, 0, 0, 0, 0, 0, 0.304982959, -0.181871167, -0.170974902, -0.407965107, 0.51413522, -0.754451231, -0.867675781, 0.0388183594, 0.495605469, 0.284114601, 0.856755354, 0.430450643, 0, 0, -0, 0, 0, 0, 0, 0.369668945, -0.125158789, -0.132054004, 0.0288421693, 0.409362836, -0.911818362, 0.521850586, -0.784179688, -0.335571289, -0.852485254, -0.466110993, -0.236253632, 0, 2, 3, 1, 
372.793156, 46, 0.1, 0.1, 0.00124016942, 0.335589142, -0.0349671857, 0.929758978, -0.36816877, 5.79052733e-006, 0.36816877, 0.929758978, -4.15759114e-006, -3.85309955e-006, 5.99744901e-006, 1, 0.929758965, -0.368168801, -5.61257753e-007, 0.368168801, 0.929758965, -1.44105059e-005, 5.82733312e-006, 1.31916595e-005, 1, 0, 0, 0, 0, 0, 0, 0, 0.304982959, -0.181871167, -0.170974902, -0.410446848, 0.51461749, -0.75271199, -0.866699219, 0.0361328125, 0.497436523, 0.28327175, 0.85667897, 0.431287501, 0, 0, -0, 0, 0, 0, 0, 0.369668945, -0.125158789, -0.132054004, 0.0288421693, 0.409362836, -0.911818362, 0.521850586, -0.784179688, -0.335571289, -0.852485254, -0.466110993, -0.236253632, 0, 2, 3, 1, 
372.793863, 46, 0.1, 0.1, 0.00124017055, 0.335589139, -0.0349677786, 0.929758973, -0.368168783, -2.88927765e-006, 0.368168783, 0.929758972, -7.2847277e-006, 5.36834115e-006, 5.70929911e-006, 1, 0.92975898, -0.368168765, -1.01215619e-005, 0.368168765, 0.92975898, 2.21973025e-006, 8.59337769e-006, -5.79025707e-006, 1, 0, 0, 0, 0, 0, 0, 0, 0.305300049, -0.182516479, -0.170883472, -0.410446848, 0.51461749, -0.75271199, -0.866699219, 0.0361328125, 0.497436523, 0.28327175, 0.85667897, 0.431287501, 0, 0, -0, 0, 0, 0, 0, 0.370473193, -0.125525439, -0.131846631, 0.030771835, 0.410417171, -0.911333122, 0.522338867, -0.783935547, -0.335449219, -0.852159695, -0.46563195, -0.238534742, 0, 2, 3, 1, 
372.794556, 46, 0.1, 0.1, 0.00124017, 0.335589138, -0.0349688552, 0.929758904, -0.368168956, -1.15770917e-005, 0.368168956, 0.929758904, 9.36855231e-006, 7.31469394e-006, -1.29728207e-005, 1, 0.929758918, -0.368168922, -7.14578046e-006, 0.368168922, 0.929758918, 5.08334776e-006, 4.77232245e-006, -7.3571422e-006, 1, 0, 0, 0, 0, 0, 0, 0, 0.305300049, -0.182516479, -0.170883472, -0.410446848, 0.51461749, -0.75271199, -0.866699219, 0.0361328125, 0.497436523, 0.28327175, 0.85667897, 0.431287501, 0, 0, -0, 0, 0, 0, 0, 0.370473193, -0.125525439, -0.131846631, 0.030771835, 0.410417171, -0.911333122, 0.522338867, -0.783935547, -0.335449219, -0.852159695, -0.46563195, -0.238534742, 0, 2, 3, 1, 
372.795252, 46, 0.1, 0.1, 0.00124016934, 0.335589137, -0.0349701051, 0.929758872, -0.368169038, -1.14807353e-006, 0.368169038, 0.929758872, -1.04038848e-005, 4.8978198e-006, 9.25041907e-006, 1, 0.929758872, -0.368169038, 6.39174612e-006, 0.368169038, 0.929758872, -7.76358414e-006, -3.08447136e-006, 9.57150424e-006, 1, 0, 0, 0, 0, 0, 0, 0, 0.305300049, -0.182516479, -0.170883472, -0.410446848, 0.51461749, -0.75271199, -0.866699219, 0.0361328125, 0.497436523, 0.28327175, 0.85667897, 0.431287501, 0, 0, -0, 0, 0, 0, 0, 0.370473193, -0.125525439, -0.131846631, 0.030771835, 0.410417171, -0.911333122, 0.522338867, -0.783935547, -0.335449219, -0.852159695, -0.46563195, -0.238534742, 0, 2, 3, 1, 
372.795946, 46, 0.1, 0.1, 0.00124016983, 0.335589134, -0.0349711549, 0.929758914, -0.368168932, 9.36008463e-007, 0.368168932, 0.929758914, 5.99772383e-006, -3.07843779e-006, -5.23182796e-006, 1, 0.929758902, -0.368168962, 1.21763289e-006, 0.368168962, 0.929758902, 1.24451683e-005, -5.71402971e-006, -1.11227114e-005, 1, 0, 0, 0, 0, 0, 0, 0, 0.305300049, -0.182516479, -0.170883472, -0.410446848, 0.51461749, -0.75271199, -0.866699219, 0.0361328125, 0.497436523, 0.28327175, 0.85667897, 0.431287501, 0, 0, -0, 0, 0, 0, 0, 0.370473193, -0.125525439, -0.131846631, 0.030771835, 0.410417171, -0.911333122, 0.522338867, -0.783935547, -0.335449219, -0.852159695, -0.46563195, -0.238534742, 0, 2, 3, 1, 
372.79664, 46, 0.1, 0.1, 0.00124016926, 0.335589135, -0.0349717168, 0.929758962, -0.36816881, 3.23091109e-006, 0.36816881, 0.929758962, 6.16377573e-006, -5.27327851e-006, -4.54130503e-006, 1, 0.929758958, -0.368168821, 4.92975388e-006, 0.368168821, 0.929758958, -4.13693735e-006, -3.06039148e-006, 5.66133623e-006, 1, 0, 0, 0, 0, 0, 0, 0, 0.305300049, -0.182516479, -0.170883472, -0.410446848, 0.51461749, -0.75271199, -0.866699219, 0.0361328125, 0.497436523, 0.28327175, 0.85667897, 0.431287501, 0, 0, -0, 0, 0, 0, 0, 0.370473193, -0.125525439, -0.131846631, 0.030771835, 0.410417171, -0.911333122, 0.522338867, -0.783935547, -0.335449219, -0.852159695, -0.46563195, -0.238534742, 0, 2, 3, 1, 
372.797333, 46, 0.1, 0.1, 0.00124016983, 0.335589134, -0.0349716556, 0.929758942, -0.368168861, 6.8301543e-006, 0.368168861, 0.929758942, -9.82206226e-006, -2.73421955e-006, 1.16468003e-005, 1, 0.929758952, -0.368168834, -1.97704452e-006, 0.368168834, 0.929758952, -8.23697824e-006, 4.87077352e-006, 6.93051808e-006, 1, 0, 0, 0, 0, 0, 0, 0, 0.305300049, -0.182516479, -0.170883472, -0.410446848, 0.51461749, -0.75271199, -0.866699219, 0.0361328125, 0.497436523, 0.28327175, 0.85667897, 0.431287501, 0, 0, -0, 0, 0, 0, 0, 0.370473193, -0.125525439, -0.131846631, 0.030771835, 0.410417171, -0.911333122, 0.522338867, -0.783935547, -0.335449219, -0.852159695, -0.46563195, -0.238534742, 0, 2, 3, 1, 
372.798044, 46, 0.1, 0.1, 0.00124017035, 0.335589132, -0.0349709632, 0.92975888, -0.368169016, -7.68254209e-006, 0.368169016, 0.92975888, 7.94452599e-006, 4.21798342e-006, -1.02149675e-005, 1, 0.929758892, -0.368168987, -1.0747127e-005, 0.368168987, 0.929758892, 7.2050156e-006, 7.33957361e-006, -1.06556862e-005, 1, 0, 0, 0, 0, 0, 0, 0, 0.305300049, -0.182516479, -0.170883472, -0.411297934, 0.515302702, -0.751841809, -0.866821289, 0.0338134766, 0.497436523, 0.281799854, 0.856323259, 0.432879965, 0, 0, -0, 0, 0, 0, 0, 0.370473193, -0.125525439, -0.131846631, 0.030771835, 0.410417171, -0.911333122, 0.522338867, -0.783935547, -0.335449219, -0.852159695, -0.46563195, -0.238534742, 0, 2, 3, 1, 
372.798752, 46, 0.1, 0.1, 0.00124016904, 0.335589133, -0.0349696211, 0.929758868, -0.368169046, -5.01482717e-006, 0.368169046, 0.929758868, -6.57998243e-006, 7.08512589e-006, 4.27149288e-006, 1, 0.929758864, -0.368169057, -2.66442317e-007, 0.368169057, 0.929758864, -1.16263258e-005, 4.52818053e-006, 1.07115837e-005, 1, 0, 0, 0, 0, 0, 0, 0, 0.305475317, -0.182705786, -0.170610913, -0.411297934, 0.515302702, -0.751841809, -0.866821289, 0.0338134766, 0.497436523, 0.281799854, 0.856323259, 0.432879965, 0, 0, -0, 0, 0, 0, 0, 0.371079102, -0.12565542, -0.131634375, 0.0330657056, 0.411554628, -0.910700961, 0.522583008, -0.783813477, -0.335205078, -0.851795857, -0.464775942, -0.241045897, 0, 2, 3, 1, 
372.799448, 46, 0.1, 0.1, 0.00124016908, 0.335589129, -0.034968388, 0.929758928, -0.368168895, -1.91822367e-006, 0.368168895, 0.929758928, -6.68799815e-006, 4.24579848e-006, 5.51199571e-006, 1, 0.929758914, -0.368168931, 1.59528355e-006, 0.368168931, 0.929758914, 7.18945182e-006, -4.1301619e-006, -6.09712308e-006, 1, 0, 0, 0, 0, 0, 0, 0, 0.305475317, -0.182705786, -0.170610913, -0.411297934, 0.515302702, -0.751841809, -0.866821289, 0.0338134766, 0.497436523, 0.281799854, 0.856323259, 0.432879965, 0, 0, -0, 0, 0, 0, 0, 0.371079102, -0.12565542, -0.131634375, 0.0330657056, 0.411554628, -0.910700961, 0.522583008, -0.783813477, -0.335205078, -0.851795857, -0.464775942, -0.241045897, 0, 2, 3, 1, 
372.800149, 46, 0.1, 0.1, 0.00124016827, 0.335589128, -0.0349675536, 0.929758972, -0.368168786, -1.17020603e-006, 0.368168786, 0.929758972, 1.33434385e-005, -3.82462801e-006, -1.2837015e-005, 1, 0.92975897, -0.368168791, 3.91789664e-006, 0.368168791, 0.92975897, 9.58124281e-006, -7.17021412e-006, -7.46579918e-006, 1, 0, 0, 0, 0, 0, 0, 0, 0.305475317, -0.182705786, -0.170610913, -0.411297934, 0.515302702, -0.751841809, -0.866821289, 0.0338134766, 0.497436523, 0.281799854, 0.856323259, 0.432879965, 0, 0, -0, 0, 0, 0, 0, 0.371079102, -0.12565542, -0.131634375, 0.0330657056, 0.411554628, -0.910700961, 0.522583008, -0.783813477, -0.335205078, -0.851795857, -0.464775942, -0.241045897, 0, 2, 3, 1, 
372.800841, 46, 0.1, 0.1, 0.00124016803, 0.335589128, -0.034967403, 0.929758933, -0.368168883, 1.08466793e-005, 0.368168883, 0.929758933, -8.60745929e-006, -6.9157983e-006, 1.1996272e-005, 1, 0.929758946, -0.36816885, 8.45766198e-006, 0.36816885, 0.929758946, -1.00272383e-005, -4.1718701e-006, 1.24367622e-005, 1, 0, 0, 0, 0, 0, 0, 0, 0.305475317, -0.182705786, -0.170610913, -0.411297934, 0.515302702, -0.751841809, -0.866821289, 0.0338134766, 0.497436523, 0.281799854, 0.856323259, 0.432879965, 0, 0, -0, 0, 0, 0, 0, 0.371079102, -0.12565542, -0.131634375, 0.0330657056, 0.411554628, -0.910700961, 0.522583008, -0.783813477, -0.335205078, -0.851795857, -0.464775942, -0.241045897, 0, 2, 3, 1, 
372.801533, 46, 0.1, 0.1, 0.00124016901, 0.335589125, -0.0349679554, 0.929758867, -0.368169051, 1.78843737e-006, 0.368169051, 0.929758867, 6.42539855e-006, -4.02844839e-006, -5.31562398e-006, 1, 0.929758878, -0.368169023, -8.30714132e-006, 0.368169023, 0.929758878, 9.14516451e-006, 4.35667211e-006, -1.156123e-005, 1, 0, 0, 0, 0, 0, 0, 0, 0.305475317, -0.182705786, -0.170610913, -0.411297934, 0.515302702, -0.751841809, -0.866821289, 0.0338134766, 0.497436523, 0.281799854, 0.856323259, 0.432879965, 0, 0, -0, 0, 0, 0, 0, 0.371079102, -0.12565542, -0.131634375, 0.0330657056, 0.411554628, -0.910700961, 0.522583008, -0.783813477, -0.335205078, -0.851795857, -0.464775942, -0.241045897, 0, 2, 3, 1, 
372.802225, 46, 0.1, 0.1, 0.00124016831, 0.335589126, -0.0349690087, 0.929758868, -0.368169046, -5.99295243e-006, 0.368169046, 0.929758868, 3.76991982e-006, 4.18403288e-006, -5.71153597e-006, 1, 0.929758862, -0.368169062, -4.79105497e-006, 0.368169062, 0.929758862, -7.78844491e-006, 7.32199028e-006, 5.47745746e-006, 1, 0, 0, 0, 0, 0, 0, 0, 0.305475317, -0.182705786, -0.170610913, -0.411297934, 0.515302702, -0.751841809, -0.866821289, 0.0338134766, 0.497436523, 0.281799854, 0.856323259, 0.432879965, 0, 0, -0, 0, 0, 0, 0, 0.371079102, -0.12565542, -0.131634375, 0.0330657056, 0.411554628, -0.910700961, 0.522583008, -0.783813477, -0.335205078, -0.851795857, -0.464775942, -0.241045897, 0, 2, 3, 1, 
372.802948, 46, 0.1, 0.1, 0.00124016785, 0.335589125, -0.0349701171, 0.929758934, -0.368168882, -1.51345357e-006, 0.368168882, 0.929758934, -1.48838657e-005, 6.88692315e-006, 1.32812005e-005, 1, 0.92975892, -0.368168916, -1.20338402e-006, 0.368168916, 0.92975892, -8.5997497e-006, 4.28501755e-006, 7.5526454e-006, 1, 0, 0, 0, 0, 0, 0, 0, 0.305404883, -0.182850293, -0.170734058, -0.41263728, 0.516895166, -0.75001308, -0.866333008, 0.0313720703, 0.498291016, 0.281146842, 0.855453078, 0.435062162, 0, 0, -0, 0, 0, 0, 0, 0.371079102, -0.12565542, -0.131634375, 0.0338196348, 0.413299093, -0.909953595, 0.522338867, -0.783447266, -0.336425781, -0.851962101, -0.463856135, -0.242317515, 0, 2, 3, 1, 
372.803644, 46, 0.1, 0.1, 0.00124016731, 0.335589124, -0.034970762, 0.929758962, -0.368168811, -7.68341051e-006, 0.368168811, 0.929758962, 6.51932206e-006, 4.74350873e-006, -8.89019022e-006, 1, 0.929758962, -0.368168809, -3.38787333e-007, 0.368168809, 0.929758962, 9.68962785e-006, -3.25242819e-006, -9.13374927e-006, 1, 0, 0, 0, 0, 0, 0, 0, 0.305404883, -0.182850293, -0.170734058, -0.41263728, 0.516895166, -0.75001308, -0.866333008, 0.0313720703, 0.498291016, 0.281146842, 0.855453078, 0.435062162, 0, 0, -0, 0, 0, 0, 0, 0.370902246, -0.125520654, -0.131834912, 0.0338196348, 0.413299093, -0.909953595, 0.522338867, -0.783447266, -0.336425781, -0.851962101, -0.463856135, -0.242317515, 0, 2, 3, 1, 
372.804337, 46, 0.1, 0.1, 0.00124016617, 0.335589124, -0.0349710446, 0.929758917, -0.368168923, 4.75696782e-006, 0.368168923, 0.929758917, -3.10672267e-006, -3.27903451e-006, 4.63987083e-006, 1, 0.92975893, -0.368168892, 9.45505966e-006, 0.368168892, 0.92975893, -7.74616605e-006, -5.93902878e-006, 1.06831259e-005, 1, 0, 0, 0, 0, 0, 0, 0, 0.305404883, -0.182850293, -0.170734058, -0.41263728, 0.516895166, -0.75001308, -0.866333008, 0.0313720703, 0.498291016, 0.281146842, 0.855453078, 0.435062162, 0, 0, -0, 0, 0, 0, 0, 0.370902246, -0.125520654, -0.131834912, 0.0338196348, 0.413299093, -0.909953595, 0.522338867, -0.783447266, -0.336425781, -0.851962101, -0.463856135, -0.242317515, 0, 2, 3, 1, 
372.805031, 46, 0.1, 0.1, 0.00124016712, 0.335589121, -0.0349709256, 0.929758867, -0.36816905, 6.81331418e-006, 0.36816905, 0.929758867, -1.68827003e-006, -5.7131705e-006, 4.07813545e-006, 1, 0.929758872, -0.368169038, 8.7318263e-007, 0.368169038, 0.929758872, 7.21551077e-006, -3.46837696e-006, -6.38720634e-006, 1, 0, 0, 0, 0, 0, 0, 0, 0.305404883, -0.182850293, -0.170734058, -0.41263728, 0.516895166, -0.75001308, -0.866333008, 0.0313720703, 0.498291016, 0.281146842, 0.855453078, 0.435062162, 0, 0, -0, 0, 0, 0, 0, 0.370902246, -0.125520654, -0.131834912, 0.0338196348, 0.413299093, -0.909953595, 0.522338867, -0.783447266, -0.336425781, -0.851962101, -0.463856135, -0.242317515, 0, 2, 3, 1, 
372.80575, 46, 0.1, 0.1, 0.00124016748, 0.33558912, -0.0349704094, 0.92975889, -0.368168991, -6.56294242e-007, 0.368168991, 0.92975889, 1.45478112e-005, -4.74585757e-006, -1.3767584e-005, 1, 0.929758876, -0.368169027, -7.27798822e-006, 0.368169027, 0.929758876, 5.71279209e-006, 4.66350104e-006, -7.99104899e-006, 1, 0, 0, 0, 0, 0, 0, 0, 0.305404883, -0.182850293, -0.170734058, -0.41263728, 0.516895166, -0.75001308, -0.866333008, 0.0313720703, 0.498291016, 0.281146842, 0.855453078, 0.435062162, 0, 0, -0, 0, 0, 0, 0, 0.370902246, -0.125520654, -0.131834912, 0.0338196348, 0.413299093, -0.909953595, 0.522338867, -0.783447266, -0.336425781, -0.851962101, -0.463856135, -0.242317515, 0, 2, 3, 1, 
372.806446, 46, 0.1, 0.1, 0.00124016714, 0.33558912, -0.0349694364, 0.929758956, -0.368168824, 6.24958687e-007, 0.368168824, 0.929758956, -1.07936521e-005, 3.39282525e-006, 1.0265585e-005, 1, 0.929758945, -0.368168854, -1.98615268e-006, 0.368168854, 0.929758945, -1.20402997e-005, 6.27950656e-006, 1.04633368e-005, 1, 0, 0, 0, 0, 0, 0, 0, 0.305404883, -0.182850293, -0.170734058, -0.41263728, 0.516895166, -0.75001308, -0.866333008, 0.0313720703, 0.498291016, 0.281146842, 0.855453078, 0.435062162, 0, 0, -0, 0, 0, 0, 0, 0.370902246, -0.125520654, -0.131834912, 0.0338196348, 0.413299093, -0.909953595, 0.522338867, -0.783447266, -0.336425781, -0.851962101, -0.463856135, -0.242317515, 0, 2, 3, 1, 
372.807147, 46, 0.1, 0.1, 0.00124016738, 0.335589116, -0.0349685266, 0.92975897, -0.368168788, -8.96316453e-006, 0.368168789, 0.92975897, 1.24375681e-006, 7.87567019e-006, -4.45635148e-006, 1, 0.929758974, -0.368168778, -8.71626732e-006, 0.368168778, 0.929758974, 8.42224922e-006, 5.00321856e-006, -1.10397193e-005, 1, 0, 0, 0, 0, 0, 0, 0, 0.305404883, -0.182850293, -0.170734058, -0.41263728, 0.516895166, -0.75001308, -0.866333008, 0.0313720703, 0.498291016, 0.281146842, 0.855453078, 0.435062162, 0, 0, -0, 0, 0, 0, 0, 0.370902246, -0.125520654, -0.131834912, 0.0338196348, 0.413299093, -0.909953595, 0.522338867, -0.783447266, -0.336425781, -0.851962101, -0.463856135, -0.242317515, 0, 2, 3, 1, 
372.807888, 46, 0.1, 0.1, 0.00124016578, 0.335589118, -0.0349676108, 0.929758904, -0.368168957, -7.49001994e-006, 0.368168957, 0.929758904, 3.62834233e-006, 5.62806972e-006, -6.13107641e-006, 1, 0.929758919, -0.368168919, 5.04345184e-006, 0.368168919, 0.929758919, -4.17169783e-006, -3.15330485e-006, 5.73551548e-006, 1, 0, 0, 0, 0, 0, 0, 0, 0.305140381, -0.183034839, -0.170450635, -0.413392885, 0.51768185, -0.74892086, -0.866333008, 0.0294189453, 0.498535156, 0.280277783, 0.854957704, 0.436495866, 0, 0, -0, 0, 0, 0, 0, 0.371019922, -0.125666992, -0.132065479, 0.0356916981, 0.414008546, -0.909532154, 0.521728516, -0.783935547, -0.336425781, -0.85225631, -0.462431399, -0.243991618, 0, 2, 3, 1, 
372.808586, 46, 0.1, 0.1, 0.00124016592, 0.335589116, -0.0349671387, 0.929758858, -0.368169072, 6.70261279e-006, 0.368169072, 0.929758858, -1.14254373e-005, -2.02532099e-006, 1.30905962e-005, 1, 0.929758861, -0.368169066, 7.76025638e-006, 0.368169066, 0.929758861, -4.86776269e-006, -5.42300749e-006, 7.38293184e-006, 1, 0, 0, 0, 0, 0, 0, 0, 0.305140381, -0.183034839, -0.170450635, -0.413392885, 0.51768185, -0.74892086, -0.866333008, 0.0294189453, 0.498535156, 0.280277783, 0.854957704, 0.436495866, 0, 0, -0, 0, 0, 0, 0, 0.371019922, -0.125666992, -0.132065479, 0.0356916981, 0.414008546, -0.909532154, 0.521728516, -0.783935547, -0.336425781, -0.85225631, -0.462431399, -0.243991618, 0, 2, 3, 1, 
372.809283, 46, 0.1, 0.1, 0.00124016697, 0.335589115, -0.0349673843, 0.929758896, -0.368168977, 7.11007576e-007, 0.368168977, 0.929758896, 1.24083152e-005, -5.22942232e-006, -1.12749705e-005, 1, 0.929758883, -0.368169011, -2.26926626e-006, 0.368169011, 0.929758882, 1.16530003e-005, -2.18040314e-006, -1.16699541e-005, 1, 0, 0, 0, 0, 0, 0, 0, 0.305140381, -0.183034839, -0.170450635, -0.413392885, 0.51768185, -0.74892086, -0.866333008, 0.0294189453, 0.498535156, 0.280277783, 0.854957704, 0.436495866, 0, 0, -0, 0, 0, 0, 0, 0.371019922, -0.125666992, -0.132065479, 0.0356916981, 0.414008546, -0.909532154, 0.521728516, -0.783935547, -0.336425781, -0.85225631, -0.462431399, -0.243991618, 0, 2, 3, 1, 
372.809993, 46, 0.1, 0.1, 0.00124016664, 0.335589116, -0.0349682767, 0.929758963, -0.368168807, 5.81057571e-006, 0.368168807, 0.929758963, -3.20539229e-006, -4.22230939e-006, 5.11951494e-006, 1, 0.929758951, -0.368168837, -3.02441678e-007, 0.368168837, 0.929758951, -1.29870431e-005, 5.06262241e-006, 1.196347e-005, 1, 0, 0, 0, 0, 0, 0, 0, 0.305140381, -0.183034839, -0.170450635, -0.414542393, 0.51848763, -0.747891919, -0.866333008, 0.0266113281, 0.498657227, 0.278482376, 0.854582897, 0.438310369, 0, 0, -0, 0, 0, 0, 0, 0.371019922, -0.125666992, -0.132065479, 0.0356916981, 0.414008546, -0.909532154, 0.521728516, -0.783935547, -0.336425781, -0.85225631, -0.462431399, -0.243991618, 0, 2, 3, 1, 
372.810704, 46, 0.1, 0.1, 0.0012401673, 0.335589113, -0.0349691878, 0.929758958, -0.36816882, -9.70291779e-007, 0.36816882, 0.929758958, -5.6325251e-006, 2.97585759e-006, 4.87965949e-006, 1, 0.929758965, -0.368168802, -8.20379236e-006, 0.368168802, 0.929758965, 4.01485396e-006, 6.14940552e-006, -6.75322687e-006, 1, 0, 0, 0, 0, 0, 0, 0, 0.305299414, -0.1829948, -0.170392529, -0.414542393, 0.51848763, -0.747891919, -0.866333008, 0.0266113281, 0.498657227, 0.278482376, 0.854582897, 0.438310369, 0, 0, -0, 0, 0, 0, 0, 0.370917529, -0.126031445, -0.132071094, 0.0377234424, 0.41467972, -0.909123474, 0.520629883, -0.784667969, -0.336303711, -0.852901964, -0.460642457, -0.245544319, 0, 2, 3, 1, 
372.811398, 46, 0.1, 0.1, 0.00124016609, 0.335589112, -0.0349701391, 0.929758893, -0.368168984, -9.06679707e-006, 0.368168985, 0.929758893, 8.66787461e-006, 5.23869261e-006, -1.1397147e-005, 1, 0.929758906, -0.368168952, -4.8464105e-006, 0.368168952, 0.929758906, 4.96361654e-006, 2.67854382e-006, -6.39926456e-006, 1, 0, 0, 0, 0, 0, 0, 0, 0.305299414, -0.1829948, -0.170392529, -0.414542393, 0.51848763, -0.747891919, -0.866333008, 0.0266113281, 0.498657227, 0.278482376, 0.854582897, 0.438310369, 0, 0, -0, 0, 0, 0, 0, 0.370917529, -0.126031445, -0.132071094, 0.0377234424, 0.41467972, -0.909123474, 0.520629883, -0.784667969, -0.336303711, -0.852901964, -0.460642457, -0.245544319, 0, 2, 3, 1, 
372.812096, 46, 0.1, 0.1, 0.0012401648, 0.335589112, -0.0349708718, 0.929758861, -0.368169064, 3.22401359e-007, 0.368169064, 0.929758861, -1.17953899e-005, 4.04294214e-006, 1.10855665e-005, 1, 0.929758861, -0.368169065, 8.01844718e-006, 0.368169065, 0.929758861, -9.12117056e-006, -4.09708948e-006, 1.14326333e-005, 1, 0, 0, 0, 0, 0, 0, 0, 0.305299414, -0.1829948, -0.170392529, -0.414542393, 0.51848763, -0.747891919, -0.866333008, 0.0266113281, 0.498657227, 0.278482376, 0.854582897, 0.438310369, 0, 0, -0, 0, 0, 0, 0, 0.370917529, -0.126031445, -0.132071094, 0.0377234424, 0.41467972, -0.909123474, 0.520629883, -0.784667969, -0.336303711, -0.852901964, -0.460642457, -0.245544319, 0, 2, 3, 1, 
372.812799, 46, 0.1, 0.1, 0.00124016511, 0.335589109, -0.0349711324, 0.929758904, -0.368168955, 1.06456575e-006, 0.368168955, 0.929758904, 4.05267717e-006, -2.48185941e-006, -3.37607263e-006, 1, 0.929758892, -0.368168985, 1.64297204e-006, 0.368168985, 0.929758892, 1.06152083e-005, -5.43575833e-006, -9.26469294e-006, 1, 0, 0, 0, 0, 0, 0, 0, 0.305299414, -0.1829948, -0.170392529, -0.414542393, 0.51848763, -0.747891919, -0.866333008, 0.0266113281, 0.498657227, 0.278482376, 0.854582897, 0.438310369, 0, 0, -0, 0, 0, 0, 0, 0.370917529, -0.126031445, -0.132071094, 0.0377234424, 0.41467972, -0.909123474, 0.520629883, -0.784667969, -0.336303711, -0.852901964, -0.460642457, -0.245544319, 0, 2, 3, 1, 
372.813491, 46, 0.1, 0.1, 0.00124016482, 0.335589111, -0.0349709264, 0.929758953, -0.368168833, 2.10547001e-006, 0.368168833, 0.929758953, 5.1957605e-006, -3.87049667e-006, -4.0556364e-006, 1, 0.929758948, -0.368168844, 4.11561809e-006, 0.368168844, 0.929758948, -5.37781236e-006, -1.84658979e-006, 6.51531152e-006, 1, 0, 0, 0, 0, 0, 0, 0, 0.305299414, -0.1829948, -0.170392529, -0.414542393, 0.51848763, -0.747891919, -0.866333008, 0.0266113281, 0.498657227, 0.278482376, 0.854582897, 0.438310369, 0, 0, -0, 0, 0, 0, 0, 0.370917529, -0.126031445, -0.132071094, 0.0377234424, 0.41467972, -0.909123474, 0.520629883, -0.784667969, -0.336303711, -0.852901964, -0.460642457, -0.245544319, 0, 2, 3, 1, 
372.814188, 46, 0.1, 0.1, 0.00124016603, 0.335589111, -0.0349703485, 0.929758931, -0.368168888, 5.49271937e-006, 0.368168888, 0.929758931, -1.12137823e-005, -9.78339138e-007, 1.24483626e-005, 1, 0.929758942, -0.36816886, -3.68500085e-006, 0.36816886, 0.929758942, -9.7052544e-006, 6.99933494e-006, 7.6668445e-006, 1, 0, 0, 0, 0, 0, 0, 0, 0.305299414, -0.1829948, -0.170392529, -0.414542393, 0.51848763, -0.747891919, -0.866333008, 0.0266113281, 0.498657227, 0.278482376, 0.854582897, 0.438310369, 0, 0, -0, 0, 0, 0, 0, 0.370917529, -0.126031445, -0.132071094, 0.0377234424, 0.41467972, -0.909123474, 0.520629883, -0.784667969, -0.336303711, -0.852901964, -0.460642457, -0.245544319, 0, 2, 3, 1, 
372.814922, 46, 0.1, 0.1, 0.00124016748, 0.335589109, -0.0349694128, 0.929758865, -0.368169054, -1.01004095e-005, 0.368169054, 0.929758865, 9.0506549e-006, 6.05877426e-006, -1.21335849e-005, 1, 0.929758877, -0.368169024, -1.35217807e-005, 0.368169024, 0.929758877, 8.02287329e-006, 9.61822225e-006, -1.24376385e-005, 1, 0, 0, 0, 0, 0, 0, 0, 0.305948389, -0.183439941, -0.170153174, -0.414803746, 0.518506726, -0.747662767, -0.866943359, 0.0240478516, 0.497680664, 0.276051931, 0.854703464, 0.439757178, 0, 0, -0, 0, 0, 0, 0, 0.370917529, -0.126031445, -0.132071094, 0.0411737265, 0.414743885, -0.908976919, 0.520141602, -0.785522461, -0.334838867, -0.853030296, -0.458917315, -0.248106512, 0, 2, 3, 1, 
372.815619, 46, 0.1, 0.1, 0.0012401669, 0.33558911, -0.0349683225, 0.929758856, -0.368169077, -6.72521488e-006, 0.368169077, 0.929758856, -6.32994815e-006, 8.58331926e-006, 3.4093092e-006, 1, 0.929758852, -0.368169089, -2.14068455e-006, 0.368169089, 0.929758852, -1.13171207e-005, 6.1569344e-006, 9.73405923e-006, 1, 0, 0, 0, 0, 0, 0, 0, 0.305948389, -0.183439941, -0.170153174, -0.414803746, 0.518506726, -0.747662767, -0.866943359, 0.0240478516, 0.497680664, 0.276051931, 0.854703464, 0.439757178, 0, 0, -0, 0, 0, 0, 0, 0.3715896, -0.126660645, -0.131668799, 0.0411737265, 0.414743885, -0.908976919, 0.520141602, -0.785522461, -0.334838867, -0.853030296, -0.458917315, -0.248106512, 0, 2, 3, 1, 
372.816312, 46, 0.1, 0.1, 0.00124016724, 0.335589106, -0.0349676647, 0.929758921, -0.368168914, -2.08900838e-006, 0.368168914, 0.929758921, -6.46849882e-006, 4.32377436e-006, 5.24503653e-006, 1, 0.929758905, -0.368168953, 1.20385058e-006, 0.368168953, 0.929758905, 7.85135035e-006, -4.00991423e-006, -6.8566425e-006, 1, 0, 0, 0, 0, 0, 0, 0, 0.305948389, -0.183439941, -0.170153174, -0.414803746, 0.518506726, -0.747662767, -0.866943359, 0.0240478516, 0.497680664, 0.276051931, 0.854703464, 0.439757178, 0, 0, -0, 0, 0, 0, 0, 0.3715896, -0.126660645, -0.131668799, 0.0411737265, 0.414743885, -0.908976919, 0.520141602, -0.785522461, -0.334838867, -0.853030296, -0.458917315, -0.248106512, 0, 2, 3, 1, 
372.817014, 46, 0.1, 0.1, 0.00124016622, 0.335589106, -0.0349676109, 0.929758968, -0.368168796, -8.55738268e-008, 0.368168796, 0.929758968, 1.29824549e-005, -4.70017177e-006, -1.21020595e-005, 1, 0.929758965, -0.368168802, 4.95990998e-006, 0.368168802, 0.929758965, 9.28013602e-006, -8.02817733e-006, -6.80220554e-006, 1, 0, 0, 0, 0, 0, 0, 0, 0.305948389, -0.183439941, -0.170153174, -0.414803746, 0.518506726, -0.747662767, -0.866943359, 0.0240478516, 0.497680664, 0.276051931, 0.854703464, 0.439757178, 0, 0, -0, 0, 0, 0, 0, 0.3715896, -0.126660645, -0.131668799, 0.0411737265, 0.414743885, -0.908976919, 0.520141602, -0.785522461, -0.334838867, -0.853030296, -0.458917315, -0.248106512, 0, 2, 3, 1, 
372.817712, 46, 0.1, 0.1, 0.00124016572, 0.335589106, -0.0349681484, 0.929758932, -0.368168886, 1.123731e-005, 0.368168886, 0.929758932, -8.83560039e-006, -7.19499619e-006, 1.23522063e-005, 1, 0.929758945, -0.368168853, 8.8451478e-006, 0.368168853, 0.929758945, -1.02264554e-005, -4.45879294e-006, 1.27646463e-005, 1, 0, 0, 0, 0, 0, 0, 0, 0.305948389, -0.183439941, -0.170153174, -0.414803746, 0.518506726, -0.747662767, -0.866943359, 0.0240478516, 0.497680664, 0.276051931, 0.854703464, 0.439757178, 0, 0, -0, 0, 0, 0, 0, 0.3715896, -0.126660645, -0.131668799, 0.0411737265, 0.414743885, -0.908976919, 0.520141602, -0.785522461, -0.334838867, -0.853030296, -0.458917315, -0.248106512, 0, 2, 3, 1, 
372.818401, 46, 0.1, 0.1, 0.00124016652, 0.335589104, -0.034969069, 0.929758869, -0.368169044, 1.90774799e-006, 0.368169044, 0.929758869, 5.87237129e-006, -3.93577094e-006, -4.75751553e-006, 1, 0.929758879, -0.368169018, -7.62958787e-006, 0.368169018, 0.929758879, 8.41062197e-006, 3.99714663e-006, -1.06288283e-005, 1, 0, 0, 0, 0, 0, 0, 0, 0.305948389, -0.183439941, -0.170153174, -0.414803746, 0.518506726, -0.747662767, -0.866943359, 0.0240478516, 0.497680664, 0.276051931, 0.854703464, 0.439757178, 0, 0, -0, 0, 0, 0, 0, 0.3715896, -0.126660645, -0.131668799, 0.0411737265, 0.414743885, -0.908976919, 0.520141602, -0.785522461, -0.334838867, -0.853030296, -0.458917315, -0.248106512, 0, 2, 3, 1, 
372.819101, 46, 0.1, 0.1, 0.00124016588, 0.335589105, -0.0349701167, 0.929758872, -0.368169037, -6.03684304e-006, 0.368169037, 0.929758872, 3.43976372e-006, 4.34639388e-006, -5.42072953e-006, 1, 0.929758866, -0.368169053, -4.82943006e-006, 0.368169053, 0.929758866, -7.86495079e-006, 7.3858369e-006, 5.53446103e-006, 1, 0, 0, 0, 0, 0, 0, 0, 0.305948389, -0.183439941, -0.170153174, -0.414803746, 0.518506726, -0.747662767, -0.866943359, 0.0240478516, 0.497680664, 0.276051931, 0.854703464, 0.439757178, 0, 0, -0, 0, 0, 0, 0, 0.3715896, -0.126660645, -0.131668799, 0.0411737265, 0.414743885, -0.908976919, 0.520141602, -0.785522461, -0.334838867, -0.853030296, -0.458917315, -0.248106512, 0, 2, 3, 1, 
372.819826, 46, 0.1, 0.1, 0.00124016559, 0.335589104, -0.034970833, 0.929758936, -0.368168874, -1.86562527e-006, 0.368168874, 0.929758936, -1.43885529e-005, 7.03199908e-006, 1.26910205e-005, 1, 0.929758923, -0.368168909, -1.52410802e-006, 0.368168909, 0.929758923, -8.20661864e-006, 4.43847486e-006, 7.06904772e-006, 1, 0, 0, 0, 0, 0, 0, 0, 0.306407324, -0.1841375, -0.169736597, -0.414424069, 0.517942081, -0.748290692, -0.867919922, 0.0224609375, 0.49609375, 0.273767142, 0.855040079, 0.440474591, 0, 0, -0, 0, 0, 0, 0, 0.3715896, -0.126660645, -0.131668799, 0.0445026089, 0.414820811, -0.908721722, 0.51965332, -0.786499023, -0.333496094, -0.853171387, -0.457313575, -0.250534544, 0, 2, 3, 1, 
372.820517, 46, 0.1, 0.1, 0.00124016524, 0.335589102, -0.0349709215, 0.929758964, -0.368168805, -8.02288964e-006, 0.368168805, 0.929758964, 7.0173138e-006, 4.87579752e-006, -9.47818809e-006, 1, 0.929758965, -0.368168803, -9.18542916e-007, 0.368168803, 0.929758965, 1.00982677e-005, -2.86384362e-006, -9.72713377e-006, 1, 0, 0, 0, 0, 0, 0, 0, 0.306407324, -0.1841375, -0.169736597, -0.414424069, 0.517942081, -0.748290692, -0.867919922, 0.0224609375, 0.49609375, 0.273767142, 0.855040079, 0.440474591, 0, 0, -0, 0, 0, 0, 0, 0.372030127, -0.127068311, -0.131256494, 0.0445026089, 0.414820811, -0.908721722, 0.51965332, -0.786499023, -0.333496094, -0.853171387, -0.457313575, -0.250534544, 0, 2, 3, 1, 
372.821214, 46, 0.1, 0.1, 0.00124016425, 0.335589103, -0.0349706296, 0.929758919, -0.368168918, 4.31379775e-006, 0.368168918, 0.929758919, -2.56028756e-006, -3.06817363e-006, 3.96865645e-006, 1, 0.929758932, -0.368168886, 9.19157546e-006, 0.368168886, 0.929758932, -7.37744865e-006, -5.82980232e-006, 1.02433009e-005, 1, 0, 0, 0, 0, 0, 0, 0, 0.306407324, -0.1841375, -0.169736597, -0.414424069, 0.517942081, -0.748290692, -0.867919922, 0.0224609375, 0.49609375, 0.273767142, 0.855040079, 0.440474591, 0, 0, -0, 0, 0, 0, 0, 0.372030127, -0.127068311, -0.131256494, 0.0445026089, 0.414820811, -0.908721722, 0.51965332, -0.786499023, -0.333496094, -0.853171387, -0.457313575, -0.250534544, 0, 2, 3, 1, 
372.821923, 46, 0.1, 0.1, 0.00124016527, 0.3355891, -0.0349699845, 0.929758867, -0.36816905, 7.57638159e-006, 0.36816905, 0.929758867, -1.70231067e-006, -6.41746986e-006, 4.37212765e-006, 1, 0.929758872, -0.368169038, 1.49112115e-006, 0.368169038, 0.929758872, 7.50225684e-006, -4.1484818e-006, -6.42630522e-006, 1, 0, 0, 0, 0, 0, 0, 0, 0.306407324, -0.1841375, -0.169736597, -0.414424069, 0.517942081, -0.748290692, -0.867919922, 0.0224609375, 0.49609375, 0.273767142, 0.855040079, 0.440474591, 0, 0, -0, 0, 0, 0, 0, 0.372030127, -0.127068311, -0.131256494, 0.0445026089, 0.414820811, -0.908721722, 0.51965332, -0.786499023, -0.333496094, -0.853171387, -0.457313575, -0.250534544, 0, 2, 3, 1, 
372.822632, 46, 0.1, 0.1, 0.00124016579, 0.3355891, -0.0349690998, 0.929758891, -0.368168989, -1.9774338e-006, 0.368168989, 0.929758891, 1.39949973e-005, -3.31398736e-006, -1.3740003e-005, 1, 0.929758879, -0.368169019, -7.75428547e-006, 0.368169019, 0.929758879, 6.34860572e-006, 4.87225583e-006, -8.75756021e-006, 1, 0, 0, 0, 0, 0, 0, 0, 0.306407324, -0.1841375, -0.169736597, -0.414424069, 0.517942081, -0.748290692, -0.867919922, 0.0224609375, 0.49609375, 0.273767142, 0.855040079, 0.440474591, 0, 0, -0, 0, 0, 0, 0, 0.372809473, -0.127519678, -0.131060352, 0.0460680699, 0.41467389, -0.908702766, 0.519897461, -0.786621094, -0.332641602, -0.852884108, -0.457083532, -0.251882722, 0, 2, 3, 1, 
372.823329, 46, 0.1, 0.1, 0.00124016585, 0.335589099, -0.0349683335, 0.929758959, -0.368168817, -4.17018795e-007, 0.368168817, 0.929758959, -1.21647777e-005, 4.86641878e-006, 1.11567777e-005, 1, 0.929758947, -0.368168847, -3.13201801e-006, 0.368168847, 0.929758947, -1.35069287e-005, 7.88485211e-006, 1.14050763e-005, 1, 0, 0, 0, 0, 0, 0, 0, 0.306407324, -0.1841375, -0.169736597, -0.414424069, 0.517942081, -0.748290692, -0.867919922, 0.0224609375, 0.49609375, 0.273767142, 0.855040079, 0.440474591, 0, 0, -0, 0, 0, 0, 0, 0.372809473, -0.127519678, -0.131060352, 0.0460680699, 0.41467389, -0.908702766, 0.519897461, -0.786621094, -0.332641602, -0.852884108, -0.457083532, -0.251882722, 0, 2, 3, 1, 
372.824035, 46, 0.1, 0.1, 0.0012401664, 0.335589097, -0.034967993, 0.929758974, -0.368168781, -9.29212943e-006, 0.368168781, 0.929758974, 6.45456203e-007, 8.4018039e-006, -4.02119066e-006, 1, 0.929758978, -0.36816877, -9.32715125e-006, 0.36816877, 0.929758978, 7.96039739e-006, 5.74123289e-006, -1.08352167e-005, 1, 0, 0, 0, 0, 0, 0, 0, 0.306407324, -0.1841375, -0.169736597, -0.414424069, 0.517942081, -0.748290692, -0.867919922, 0.0224609375, 0.49609375, 0.273767142, 0.855040079, 0.440474591, 0, 0, -0, 0, 0, 0, 0, 0.372809473, -0.127519678, -0.131060352, 0.0460680699, 0.41467389, -0.908702766, 0.519897461, -0.786621094, -0.332641602, -0.852884108, -0.457083532, -0.251882722, 0, 2, 3, 1, 
372.824755, 46, 0.1, 0.1, 0.00124016475, 0.335589098, -0.0349678782, 0.929758909, -0.368168943, -6.44860133e-006, 0.368168943, 0.929758909, 3.29745754e-006, 4.78162309e-006, -5.44001526e-006, 1, 0.929758925, -0.368168903, 6.10516621e-006, 0.368168904, 0.929758925, -4.95397885e-006, -3.85243181e-006, 6.8537384e-006, 1, 0, 0, 0, 0, 0, 0, 0, 0.306803149, -0.184616577, -0.169512012, -0.415313346, 0.517275965, -0.748271596, -0.867919922, 0.0206298828, 0.49609375, 0.27205411, 0.855516358, 0.440595159, 0, 0, -0, 0, 0, 0, 0, 0.372809473, -0.127519678, -0.131060352, 0.0460680699, 0.41467389, -0.908702766, 0.519897461, -0.786621094, -0.332641602, -0.852884108, -0.457083532, -0.251882722, 0, 2, 3, 1, 
372.825449, 46, 0.1, 0.1, 0.00124016448, 0.335589097, -0.034968167, 0.929758865, -0.368169056, 7.96133032e-006, 0.368169056, 0.929758864, -1.00596837e-005, -3.69845319e-006, 1.22841956e-005, 1, 0.929758867, -0.36816905, 8.86423744e-006, 0.36816905, 0.929758867, -3.68414374e-006, -6.88521566e-006, 6.68890319e-006, 1, 0, 0, 0, 0, 0, 0, 0, 0.306803149, -0.184616577, -0.169512012, -0.415313346, 0.517275965, -0.748271596, -0.867919922, 0.0206298828, 0.49609375, 0.27205411, 0.855516358, 0.440595159, 0, 0, -0, 0, 0, 0, 0, 0.372809473, -0.127519678, -0.131060352, 0.0460680699, 0.41467389, -0.908702766, 0.519897461, -0.786621094, -0.332641602, -0.852884108, -0.457083532, -0.251882722, 0, 2, 3, 1, 
372.826149, 46, 0.1, 0.1, 0.00124016489, 0.335589096, -0.0349688409, 0.9297589, -0.368168966, 2.35592597e-006, 0.368168966, 0.9297589, 1.26831768e-005, -6.85999522e-006, -1.09249177e-005, 1, 0.929758888, -0.368168997, -3.83947334e-007, 0.368168997, 0.929758888, 1.22090264e-005, -4.13800654e-006, -1.14928083e-005, 1, 0, 0, 0, 0, 0, 0, 0, 0.306803149, -0.184616577, -0.169512012, -0.415313346, 0.517275965, -0.748271596, -0.867919922, 0.0206298828, 0.49609375, 0.27205411, 0.855516358, 0.440595159, 0, 0, -0, 0, 0, 0, 0, 0.372809473, -0.127519678, -0.131060352, 0.0460680699, 0.41467389, -0.908702766, 0.519897461, -0.786621094, -0.332641602, -0.852884108, -0.457083532, -0.251882722, 0, 2, 3, 1, 
