time, trialNum, realDorsalTactorPos, realVentralTactorPos, boxPosX, boxPosY, boxPosZ, boxLocalRot_11, boxLocalRot_12, boxLocalRot_13, boxLocalRot_21, boxLocalRot_22, boxLocalRot_23, boxLocalRot_31, boxLocalRot_32, boxLocalRot_33, boxGlobalRot_11, boxGlobalRot_12, boxGlobalRot_13, boxGlobalRot_21, boxGlobalRot_22, boxGlobalRot_23, boxGlobalRot_31, boxGlobalRot_32, boxGlobalRot_33, indexForceX, indexForceY, indexForceZ, indexForceGlobalX, indexForceGlobalY, indexForceGlobalZ, indexContact, indexPosX, indexPosY, indexPosZ, indexRot_11, indexRot_12, indexRot_13, indexRot_21, indexRot_22, indexRot_23, indexRot_31, indexRot_32, indexRot_33, thumbForceX, thumbForceY, thumbForceZ, thumbForceGlobalX, thumbForceGlobalY, thumbForceGlobalZ, thumbContact, thumbPosX, thumbPosY, thumbPosZ, thumbRot_11, thumbRot_12, thumbRot_13, thumbRot_21, thumbRot_22, thumbRot_23, thumbRot_31, thumbRot_32, thumbRot_33, manipForceTooHigh, cceExpType, mapping, trialSuccess, 
510.042983, 66, 0.1, 0.1, 0.0234553629, 0.381405166, -0.0349700182, 0.892255794, 7.89002232e-006, 0.451530285, 0.451530285, 7.00853416e-006, -0.892255794, -1.02044836e-005, 1, 2.69082119e-006, 0.892255727, 9.11754306e-006, 0.451530418, 0.451530418, -1.10686141e-005, -0.892255727, -3.13736404e-006, 1, -1.39928824e-005, 0, 0, 0, 0, 0, 0, 0, 0.315009521, -0.168993164, -0.191365649, -0.44593245, 0.496218987, -0.744956055, -0.894287109, -0.214477539, 0.392456055, 0.0350342845, 0.841177808, 0.539561536, 0, 0, -0, 0, 0, 0, 0, 0.362007617, -0.105865527, -0.142901563, -0.0625873551, 0.511420996, -0.856917191, 0.659790039, -0.622924805, -0.420043945, -0.74868062, -0.591628656, -0.298482747, 0, 2, 1, 1, 
510.046544, 66, 0.1, 0.1, 0.0234553719, 0.381405143, -0.0349729141, 0.892256652, 1.93846794e-005, 0.45152859, 0.45152859, -2.40242585e-005, -0.892256651, -6.44846959e-006, 1, -3.01885414e-005, 0.8922566, 2.16093562e-005, 0.451528691, 0.451528692, -3.18836702e-005, -0.8922566, -4.88469877e-006, 0.999999999, -3.82056595e-005, 0, 0, 0, 0, 0, 0, 0, 0.314363818, -0.169996729, -0.191544702, -0.449778625, 0.49400459, -0.744023716, -0.892456055, -0.216796875, 0.395629883, 0.0341603555, 0.842022902, 0.538425132, 0, 0, -0, 0, 0, 0, 0, 0.361342871, -0.10638418, -0.143379785, -0.0664590798, 0.508308664, -0.858514001, 0.661621094, -0.621582031, -0.419189453, -0.746878186, -0.595883542, -0.294968298, 0, 2, 1, 1, 
510.047235, 66, 0.1, 0.1, 0.0234553751, 0.381405139, -0.0349783261, 0.892256878, -1.90076533e-005, 0.451528142, 0.451528143, 3.62386377e-005, -0.892256877, 5.96944622e-007, 0.999999999, 4.09166642e-005, 0.892256824, -1.8993231e-005, 0.45152825, 0.45152825, 2.59236165e-005, -0.892256823, 5.24159478e-006, 0.999999999, 3.17065041e-005, 0, 0, 0, 0, 0, 0, 0, 0.314363818, -0.169996729, -0.191544702, -0.449778625, 0.49400459, -0.744023716, -0.892456055, -0.216796875, 0.395629883, 0.0341603555, 0.842022902, 0.538425132, 0, 0, -0, 0, 0, 0, 0, 0.361342871, -0.10638418, -0.143379785, -0.0664590798, 0.508308664, -0.858514001, 0.661621094, -0.621582031, -0.419189453, -0.746878186, -0.595883542, -0.294968298, 0, 2, 1, 1, 
510.047925, 66, 0.1, 0.1, 0.0234553783, 0.381405126, -0.0349810078, 0.89225718, -5.49675153e-006, 0.451527545, 0.451527545, 2.10664826e-005, -0.89225718, -4.60758114e-006, 1, 2.12786551e-005, 0.892257118, -5.93240607e-006, 0.451527668, 0.451527668, 3.40823108e-005, -0.892257118, -1.00958748e-005, 0.999999999, 3.30888299e-005, 0, 0, 0, 0, 0, 0, 0, 0.314363818, -0.169996729, -0.191544702, -0.449778625, 0.49400459, -0.744023716, -0.892456055, -0.216796875, 0.395629883, 0.0341603555, 0.842022902, 0.538425132, 0, 0, -0, 0, 0, 0, 0, 0.361342871, -0.10638418, -0.143379785, -0.0664590798, 0.508308664, -0.858514001, 0.661621094, -0.621582031, -0.419189453, -0.746878186, -0.595883542, -0.294968298, 0, 2, 1, 1, 
510.04864, 66, 0.1, 0.1, 0.0234553772, 0.381405135, -0.0349801632, 0.892257423, 1.55299203e-005, 0.451527066, 0.451527066, -3.70857239e-005, -0.892257422, 2.88852139e-006, 0.999999999, -4.01021918e-005, 0.892257386, 8.45712257e-006, 0.451527139, 0.451527139, -3.51495317e-005, -0.892257385, 8.32503742e-006, 0.999999999, -3.51810496e-005, 0, 0, 0, 0, 0, 0, 0, 0.314167798, -0.17077168, -0.190527246, -0.449188893, 0.491866577, -0.745833349, -0.892700195, -0.216186523, 0.395141602, 0.0332018075, 0.843350266, 0.536363503, 0, 0, -0, 0, 0, 0, 0, 0.361342871, -0.10638418, -0.143379785, -0.066075552, 0.506845281, -0.859376572, 0.662719727, -0.621459961, -0.417480469, -0.745855934, -0.597142034, -0.294936215, 0, 2, 1, 1, 
510.049328, 66, 0.1, 0.1, 0.0234553721, 0.381405141, -0.034976321, 0.892257523, -2.31707269e-006, 0.451526868, 0.451526868, 1.79305082e-006, -0.892257523, 1.25781492e-006, 1, 2.64608366e-006, 0.892257512, 1.20453406e-005, 0.451526889, 0.451526889, -9.75567245e-006, -0.892257512, -6.34259717e-006, 1, -1.41433672e-005, 0, 0, 0, 0, 0, 0, 0, 0.314167798, -0.17077168, -0.190527246, -0.449188893, 0.491866577, -0.745833349, -0.892700195, -0.216186523, 0.395141602, 0.0332018075, 0.843350266, 0.536363503, 0, 0, -0, 0, 0, 0, 0, 0.360943262, -0.106953955, -0.142766455, -0.066075552, 0.506845281, -0.859376572, 0.662719727, -0.621459961, -0.417480469, -0.745855934, -0.597142034, -0.294936215, 0, 2, 1, 1, 
510.050017, 66, 0.1, 0.1, 0.0234553751, 0.381405136, -0.0349709174, 0.892257621, -4.17706645e-006, 0.451526674, 0.451526674, 7.47227462e-006, -0.892257621, 3.53088071e-007, 1, 8.5532509e-006, 0.892257598, -4.73271868e-006, 0.45152672, 0.45152672, 1.77547909e-005, -0.892257598, -3.7939583e-006, 1, 1.7978796e-005, 0, 0, 0, 0, 0, 0, 0, 0.314167798, -0.17077168, -0.190527246, -0.449188893, 0.491866577, -0.745833349, -0.892700195, -0.216186523, 0.395141602, 0.0332018075, 0.843350266, 0.536363503, 0, 0, -0, 0, 0, 0, 0, 0.360943262, -0.106953955, -0.142766455, -0.066075552, 0.506845281, -0.859376572, 0.662719727, -0.621459961, -0.417480469, -0.745855934, -0.597142034, -0.294936215, 0, 2, 1, 1, 
510.050716, 66, 0.1, 0.1, 0.0234553731, 0.381405139, -0.0349654692, 0.892257713, 7.11381513e-006, 0.451526493, 0.451526493, 1.36801701e-006, -0.892257713, -6.96505234e-006, 1, -1.99145227e-006, 0.8922577, 1.08871358e-005, 0.451526518, 0.451526518, -8.25909842e-006, -0.8922577, -5.98492884e-006, 1, -1.22850747e-005, 0, 0, 0, 0, 0, 0, 0, 0.314167798, -0.17077168, -0.190527246, -0.449188893, 0.491866577, -0.745833349, -0.892700195, -0.216186523, 0.395141602, 0.0332018075, 0.843350266, 0.536363503, 0, 0, -0, 0, 0, 0, 0, 0.360943262, -0.106953955, -0.142766455, -0.066075552, 0.506845281, -0.859376572, 0.662719727, -0.621459961, -0.417480469, -0.745855934, -0.597142034, -0.294936215, 0, 2, 1, 1, 
510.05141, 66, 0.1, 0.1, 0.0234553786, 0.381405135, -0.0349616385, 0.892257705, -6.1370809e-006, 0.451526508, 0.451526508, 3.94785216e-006, -0.892257705, 3.69329783e-006, 1, 6.29355622e-006, 0.892257711, -1.98334489e-005, 0.451526495, 0.451526496, 1.13435034e-005, -0.892257711, 1.25746554e-005, 1, 1.90766561e-005, 0, 0, 0, 0, 0, 0, 0, 0.314167798, -0.17077168, -0.190527246, -0.449188893, 0.491866577, -0.745833349, -0.892700195, -0.216186523, 0.395141602, 0.0332018075, 0.843350266, 0.536363503, 0, 0, -0, 0, 0, 0, 0, 0.360943262, -0.106953955, -0.142766455, -0.066075552, 0.506845281, -0.859376572, 0.662719727, -0.621459961, -0.417480469, -0.745855934, -0.597142034, -0.294936215, 0, 2, 1, 1, 
510.052101, 66, 0.1, 0.1, 0.0234553715, 0.381405139, -0.0349604448, 0.892257679, 6.84922183e-006, 0.451526559, 0.451526559, -9.69751097e-006, -0.892257679, -1.73258702e-006, 1, -1.17452842e-005, 0.892257683, 2.33660498e-005, 0.451526552, 0.451526552, -1.42867992e-005, -0.892257683, -1.43976683e-005, 1, -2.32978983e-005, 0, 0, 0, 0, 0, 0, 0, 0.314167798, -0.17077168, -0.190527246, -0.449188893, 0.491866577, -0.745833349, -0.892700195, -0.216186523, 0.395141602, 0.0332018075, 0.843350266, 0.536363503, 0, 0, -0, 0, 0, 0, 0, 0.360943262, -0.106953955, -0.142766455, -0.066075552, 0.506845281, -0.859376572, 0.662719727, -0.621459961, -0.417480469, -0.745855934, -0.597142034, -0.294936215, 0, 2, 1, 1, 
510.05279, 66, 0.1, 0.1, 0.0234553817, 0.381405138, -0.0349620787, 0.892257667, -1.92857414e-005, 0.451526582, 0.451526582, 4.95362694e-007, -0.892257668, 1.69841812e-005, 1, 9.15001606e-006, 0.892257668, -3.35518915e-005, 0.45152658, 0.45152658, 3.85681364e-006, -0.892257669, 2.81954786e-005, 0.999999999, 1.85908424e-005, 0, 0, 0, 0, 0, 0, 0, 0.314167798, -0.17077168, -0.190527246, -0.449188893, 0.491866577, -0.745833349, -0.892700195, -0.216186523, 0.395141602, 0.0332018075, 0.843350266, 0.536363503, 0, 0, -0, 0, 0, 0, 0, 0.360943262, -0.106953955, -0.142766455, -0.066075552, 0.506845281, -0.859376572, 0.662719727, -0.621459961, -0.417480469, -0.745855934, -0.597142034, -0.294936215, 0, 2, 1, 1, 
510.053535, 66, 0.1, 0.1, 0.0234553762, 0.381405141, -0.0349656958, 0.892257654, 7.25737146e-006, 0.451526609, 0.451526609, 1.17986215e-006, -0.892257654, -7.00818439e-006, 1, -2.22415529e-006, 0.892257659, 1.96132062e-005, 0.4515266, 0.4515266, -4.5338992e-006, -0.892257659, -1.54528573e-005, 1, -1.29012906e-005, 0, 0, 0, 0, 0, 0, 0, 0.314415088, -0.171583252, -0.189312305, -0.448542994, 0.48900516, -0.748144348, -0.893188477, -0.217041016, 0.393676758, 0.0302568928, 0.844792205, 0.534257691, 0, 0, -0, 0, 0, 0, 0, 0.360998437, -0.107300488, -0.142376367, -0.0655706226, 0.505381899, -0.860239143, 0.6640625, -0.621459961, -0.415649414, -0.744820922, -0.598400526, -0.294904132, 0, 2, 1, 1, 
510.05422, 66, 0.1, 0.1, 0.0234553832, 0.381405136, -0.0349698135, 0.892257632, -1.21436335e-005, 0.451526652, 0.451526652, 1.06708053e-005, -0.892257632, 6.01709665e-006, 1, 1.50042817e-005, 0.892257636, -2.33107881e-005, 0.451526644, 0.451526645, 1.46059385e-005, -0.892257636, 1.42042583e-005, 1, 2.35577021e-005, 0, 0, 0, 0, 0, 0, 0, 0.314415088, -0.171583252, -0.189312305, -0.448542994, 0.48900516, -0.748144348, -0.893188477, -0.217041016, 0.393676758, 0.0302568928, 0.844792205, 0.534257691, 0, 0, -0, 0, 0, 0, 0, 0.360998437, -0.107300488, -0.142376367, -0.0655706226, 0.505381899, -0.860239143, 0.6640625, -0.621459961, -0.415649414, -0.744820922, -0.598400526, -0.294904132, 0, 2, 1, 1, 
510.054913, 66, 0.1, 0.1, 0.023455376, 0.381405142, -0.0349737129, 0.892257677, 2.34129392e-005, 0.451526563, 0.451526563, -2.84721424e-005, -0.892257677, -8.03444616e-006, 0.999999999, -3.59760516e-005, 0.89225766, 2.90872186e-005, 0.451526597, 0.451526598, -2.49091838e-005, -0.89225766, -1.47061346e-005, 0.999999999, -3.53590629e-005, 0, 0, 0, 0, 0, 0, 0, 0.314415088, -0.171583252, -0.189312305, -0.448542994, 0.48900516, -0.748144348, -0.893188477, -0.217041016, 0.393676758, 0.0302568928, 0.844792205, 0.534257691, 0, 0, -0, 0, 0, 0, 0, 0.360998437, -0.107300488, -0.142376367, -0.0655706226, 0.505381899, -0.860239143, 0.6640625, -0.621459961, -0.415649414, -0.744820922, -0.598400526, -0.294904132, 0, 2, 1, 1, 
510.055603, 66, 0.1, 0.1, 0.023455377, 0.381405145, -0.0349762639, 0.892257836, -9.72066672e-006, 0.45152625, 0.45152625, 1.82527399e-005, -0.892257836, 4.3174986e-007, 1, 2.06752864e-005, 0.892257792, -1.04575918e-005, 0.451526336, 0.451526336, 4.63154719e-006, -0.892257792, 7.23960226e-006, 1, 8.85441219e-006, 0, 0, 0, 0, 0, 0, 0, 0.314415088, -0.171583252, -0.189312305, -0.448542994, 0.48900516, -0.748144348, -0.893188477, -0.217041016, 0.393676758, 0.0302568928, 0.844792205, 0.534257691, 0, 0, -0, 0, 0, 0, 0, 0.360998437, -0.107300488, -0.142376367, -0.0655706226, 0.505381899, -0.860239143, 0.6640625, -0.621459961, -0.415649414, -0.744820922, -0.598400526, -0.294904132, 0, 2, 1, 1, 
510.05629, 66, 0.1, 0.1, 0.0234553764, 0.381405135, -0.0349768599, 0.892258097, 4.9808202e-006, 0.451525733, 0.451525733, 1.31225776e-005, -0.892258097, -1.03693586e-005, 1, 9.45975761e-006, 0.892258044, 5.29168369e-006, 0.451525839, 0.451525839, 2.57630062e-005, -0.892258043, -1.63542103e-005, 1, 2.05979176e-005, 0, 0, 0, 0, 0, 0, 0, 0.314415088, -0.171583252, -0.189312305, -0.448542994, 0.48900516, -0.748144348, -0.893188477, -0.217041016, 0.393676758, 0.0302568928, 0.844792205, 0.534257691, 0, 0, -0, 0, 0, 0, 0, 0.360998437, -0.107300488, -0.142376367, -0.0655706226, 0.505381899, -0.860239143, 0.6640625, -0.621459961, -0.415649414, -0.744820922, -0.598400526, -0.294904132, 0, 2, 1, 1, 
510.05698, 66, 0.1, 0.1, 0.0234553751, 0.381405141, -0.0349754168, 0.892258343, 9.60294064e-006, 0.451525248, 0.451525248, -1.4268122e-005, -0.892258343, -2.12588658e-006, 1, -1.70668211e-005, 0.892258299, 5.54740558e-006, 0.451525334, 0.451525334, -2.12225941e-005, -0.892258299, 4.63282022e-006, 1, -2.14408298e-005, 0, 0, 0, 0, 0, 0, 0, 0.314415088, -0.171583252, -0.189312305, -0.448542994, 0.48900516, -0.748144348, -0.893188477, -0.217041016, 0.393676758, 0.0302568928, 0.844792205, 0.534257691, 0, 0, -0, 0, 0, 0, 0, 0.360998437, -0.107300488, -0.142376367, -0.0655706226, 0.505381899, -0.860239143, 0.6640625, -0.621459961, -0.415649414, -0.744820922, -0.598400526, -0.294904132, 0, 2, 1, 1, 
510.057671, 66, 0.1, 0.1, 0.0234553772, 0.381405139, -0.0349724746, 0.892258486, -9.45408415e-006, 0.451524965, 0.451524965, 9.57432331e-006, -0.892258486, 4.11244081e-006, 1, 1.28115262e-005, 0.892258462, -1.31881877e-005, 0.451525011, 0.451525012, 1.06220944e-005, -0.892258462, 6.97113078e-006, 1, 1.54324502e-005, 0, 0, 0, 0, 0, 0, 0, 0.314415088, -0.171583252, -0.189312305, -0.448542994, 0.48900516, -0.748144348, -0.893188477, -0.217041016, 0.393676758, 0.0302568928, 0.844792205, 0.534257691, 0, 0, -0, 0, 0, 0, 0, 0.360998437, -0.107300488, -0.142376367, -0.0655706226, 0.505381899, -0.860239143, 0.6640625, -0.621459961, -0.415649414, -0.744820922, -0.598400526, -0.294904132, 0, 2, 1, 1, 
510.058387, 66, 0.1, 0.1, 0.0234553761, 0.381405142, -0.034968676, 0.892258652, -2.76409703e-006, 0.451524636, 0.451524636, -1.29910502e-005, -0.892258652, 8.33206871e-006, 1, -1.0343319e-005, 0.892258614, 1.61187273e-006, 0.451524713, 0.451524713, -1.65116759e-005, -0.892258613, 6.01722242e-006, 1, -1.54604855e-005, 0, 0, 0, 0, 0, 0, 0, 0.314649316, -0.172620142, -0.188309009, -0.448251684, 0.486080463, -0.750189125, -0.893310547, -0.216430664, 0.393554688, 0.0289748345, 0.846614943, 0.531491753, 0, 0, -0, 0, 0, 0, 0, 0.361005273, -0.108116699, -0.1419875, -0.0656216619, 0.503541552, -0.861459356, 0.664550781, -0.621826172, -0.4140625, -0.744335316, -0.599575896, -0.293804954, 0, 2, 1, 1, 
510.059076, 66, 0.1, 0.1, 0.0234553761, 0.381405142, -0.0349654602, 0.892258882, -2.8230478e-006, 0.451524182, 0.451524182, -6.84547997e-006, -0.892258882, 5.60978922e-006, 1, -4.83326596e-006, 0.892258832, 4.95124374e-006, 0.451524281, 0.451524281, -1.85611971e-006, -0.892258832, -3.57970784e-006, 1, -3.89174598e-006, 0, 0, 0, 0, 0, 0, 0, 0.314649316, -0.172620142, -0.188309009, -0.448251684, 0.486080463, -0.750189125, -0.893310547, -0.216430664, 0.393554688, 0.0289748345, 0.846614943, 0.531491753, 0, 0, -0, 0, 0, 0, 0, 0.361005273, -0.108116699, -0.1419875, -0.0656216619, 0.503541552, -0.861459356, 0.664550781, -0.621826172, -0.4140625, -0.744335316, -0.599575896, -0.293804954, 0, 2, 1, 1, 
510.059768, 66, 0.1, 0.1, 0.023455376, 0.381405142, -0.0349637033, 0.892259136, 6.82828507e-006, 0.45152368, 0.45152368, -1.69592728e-006, -0.892259136, -5.32684841e-006, 1, -4.59633901e-006, 0.892259087, 6.50655618e-006, 0.451523778, 0.451523778, 6.56506429e-006, -0.892259087, -8.7698165e-006, 1, 2.91987344e-006, 0, 0, 0, 0, 0, 0, 0, 0.314649316, -0.172620142, -0.188309009, -0.448251684, 0.486080463, -0.750189125, -0.893310547, -0.216430664, 0.393554688, 0.0289748345, 0.846614943, 0.531491753, 0, 0, -0, 0, 0, 0, 0, 0.361005273, -0.108116699, -0.1419875, -0.0656216619, 0.503541552, -0.861459356, 0.664550781, -0.621826172, -0.4140625, -0.744335316, -0.599575896, -0.293804954, 0, 2, 1, 1, 
510.060471, 66, 0.1, 0.1, 0.0234553763, 0.381405142, -0.0349638781, 0.892259411, 6.79799907e-006, 0.451523137, 0.451523137, 7.40521589e-006, -0.892259411, -9.40920496e-006, 1, 3.53791971e-006, 0.892259353, 3.34510955e-006, 0.451523252, 0.451523252, 6.90124591e-006, -0.892259353, -6.10077828e-006, 1, 4.64730647e-006, 0, 0, 0, 0, 0, 0, 0, 0.314649316, -0.172620142, -0.188309009, -0.448619378, 0.485211403, -0.750519748, -0.893188477, -0.215454102, 0.39453125, 0.0297746231, 0.847370548, 0.530184608, 0, 0, -0, 0, 0, 0, 0, 0.361005273, -0.108116699, -0.1419875, -0.0656216619, 0.503541552, -0.861459356, 0.664550781, -0.621826172, -0.4140625, -0.744335316, -0.599575896, -0.293804954, 0, 2, 1, 1, 
510.061175, 66, 0.1, 0.1, 0.0234553767, 0.381405142, -0.034965456, 0.892259698, 1.86728404e-006, 0.45152257, 0.45152257, 6.91516324e-006, -0.892259698, -4.78845457e-006, 1, 5.32700058e-006, 0.892259643, -3.81009197e-006, 0.451522678, 0.451522678, -1.95761659e-006, -0.892259643, 4.28349959e-006, 1, -2.63593507e-008, 0, 0, 0, 0, 0, 0, 0, 0.314409717, -0.173778467, -0.188106641, -0.448619378, 0.485211403, -0.750519748, -0.893188477, -0.215454102, 0.39453125, 0.0297746231, 0.847370548, 0.530184608, 0, 0, -0, 0, 0, 0, 0, 0.361037012, -0.108929492, -0.141372217, -0.0653084964, 0.501675685, -0.862519888, 0.665161133, -0.622436523, -0.412353516, -0.74381143, -0.600508463, -0.293057222, 0, 2, 1, 1, 
510.061864, 66, 0.1, 0.1, 0.0234553773, 0.381405142, -0.0349681816, 0.892259987, -4.58746664e-006, 0.451522, 0.451522, -5.58762014e-007, -0.892259987, 4.34550626e-006, 1, 1.57278112e-006, 0.892259928, -7.48869102e-006, 0.451522116, 0.451522116, -1.28028872e-006, -0.892259928, 7.25993759e-006, 1, 2.23895929e-006, 0, 0, 0, 0, 0, 0, 0, 0.314409717, -0.173778467, -0.188106641, -0.448619378, 0.485211403, -0.750519748, -0.893188477, -0.215454102, 0.39453125, 0.0297746231, 0.847370548, 0.530184608, 0, 0, -0, 0, 0, 0, 0, 0.361037012, -0.108929492, -0.141372217, -0.0653084964, 0.501675685, -0.862519888, 0.665161133, -0.622436523, -0.412353516, -0.74381143, -0.600508463, -0.293057222, 0, 2, 1, 1, 
510.062561, 66, 0.1, 0.1, 0.0234553777, 0.381405141, -0.0349712236, 0.892260263, -1.22467238e-005, 0.451521454, 0.451521454, 9.30581677e-006, -0.892260263, 6.7254891e-006, 1, 1.38328691e-005, 0.892260212, -8.08272338e-006, 0.451521554, 0.451521554, 6.85653497e-006, -0.892260212, 4.11601914e-006, 1, 9.76733717e-006, 0, 0, 0, 0, 0, 0, 0, 0.314409717, -0.173778467, -0.188106641, -0.448619378, 0.485211403, -0.750519748, -0.893188477, -0.215454102, 0.39453125, 0.0297746231, 0.847370548, 0.530184608, 0, 0, -0, 0, 0, 0, 0, 0.361037012, -0.108929492, -0.141372217, -0.0653084964, 0.501675685, -0.862519888, 0.665161133, -0.622436523, -0.412353516, -0.74381143, -0.600508463, -0.293057222, 0, 2, 1, 1, 
510.063248, 66, 0.1, 0.1, 0.0234553778, 0.381405142, -0.0349736097, 0.89226053, 1.63466502e-007, 0.451520926, 0.451520926, -1.21640386e-005, -0.89226053, 5.34646328e-006, 1, -1.09273001e-005, 0.892260473, 6.19125607e-006, 0.451521039, 0.451521039, -8.34731837e-006, -0.892260473, -1.7552232e-006, 1, -1.02434646e-005, 0, 0, 0, 0, 0, 0, 0, 0.314409717, -0.173778467, -0.188106641, -0.448619378, 0.485211403, -0.750519748, -0.893188477, -0.215454102, 0.39453125, 0.0297746231, 0.847370548, 0.530184608, 0, 0, -0, 0, 0, 0, 0, 0.361037012, -0.108929492, -0.141372217, -0.0653084964, 0.501675685, -0.862519888, 0.665161133, -0.622436523, -0.412353516, -0.74381143, -0.600508463, -0.293057222, 0, 2, 1, 1, 
510.063941, 66, 0.1, 0.1, 0.0234553786, 0.381405142, -0.0349747656, 0.892260842, 1.55138157e-006, 0.45152031, 0.45152031, -8.58330213e-007, -0.892260842, -9.966835e-007, 1, -1.46633472e-006, 0.892260778, 1.17434949e-006, 0.451520435, 0.451520435, 5.13683006e-006, -0.892260778, -3.36720973e-006, 1, 4.05314919e-006, 0, 0, 0, 0, 0, 0, 0, 0.314409717, -0.173778467, -0.188106641, -0.448619378, 0.485211403, -0.750519748, -0.893188477, -0.215454102, 0.39453125, 0.0297746231, 0.847370548, 0.530184608, 0, 0, -0, 0, 0, 0, 0, 0.361037012, -0.108929492, -0.141372217, -0.0653084964, 0.501675685, -0.862519888, 0.665161133, -0.622436523, -0.412353516, -0.74381143, -0.600508463, -0.293057222, 0, 2, 1, 1, 
510.064632, 66, 0.1, 0.1, 0.0234553791, 0.381405143, -0.0349744106, 0.892261163, 6.87032644e-006, 0.451519675, 0.451519675, -2.91896918e-006, -0.892261163, -4.81215345e-006, 1, -5.7065704e-006, 0.892261103, 4.4249329e-006, 0.451519794, 0.451519794, -3.48535574e-006, -0.892261103, -2.3744884e-006, 1, -5.10779215e-006, 0, 0, 0, 0, 0, 0, 0, 0.314409717, -0.173778467, -0.188106641, -0.448619378, 0.485211403, -0.750519748, -0.893188477, -0.215454102, 0.39453125, 0.0297746231, 0.847370548, 0.530184608, 0, 0, -0, 0, 0, 0, 0, 0.361037012, -0.108929492, -0.141372217, -0.0653084964, 0.501675685, -0.862519888, 0.665161133, -0.622436523, -0.412353516, -0.74381143, -0.600508463, -0.293057222, 0, 2, 1, 1, 
510.065343, 66, 0.1, 0.1, 0.0234553804, 0.381405142, -0.0349726161, 0.892261452, 3.94391871e-006, 0.451519104, 0.451519104, 3.57864675e-006, -0.892261452, -5.13483401e-006, 1, 1.4123339e-006, 0.892261395, -6.25414045e-006, 0.451519216, 0.451519216, 6.20169361e-006, -0.892261395, 2.78014424e-006, 1, 8.35739639e-006, 0, 0, 0, 0, 0, 0, 0, 0.314375659, -0.174898096, -0.187864355, -0.449373861, 0.485129028, -0.750113862, -0.892700195, -0.214477539, 0.395996094, 0.0312536328, 0.847630779, 0.529625954, 0, 0, -0, 0, 0, 0, 0, 0.361037012, -0.108929492, -0.141372217, -0.0653084964, 0.501675685, -0.862519888, 0.665161133, -0.622436523, -0.412353516, -0.74381143, -0.600508463, -0.293057222, 0, 2, 1, 1, 
510.066046, 66, 0.1, 0.1, 0.0234553787, 0.381405145, -0.0349698234, 0.892261772, -1.97039428e-006, 0.451518471, 0.451518471, -6.41065938e-007, -0.892261772, 2.04756061e-006, 1, 3.17670783e-007, 0.892261706, 1.98644362e-007, 0.451518602, 0.451518602, -1.17670016e-005, -0.892261706, 5.13577735e-006, 1, -1.05889365e-005, 0, 0, 0, 0, 0, 0, 0, 0.314375659, -0.174898096, -0.187864355, -0.449373861, 0.485129028, -0.750113862, -0.892700195, -0.214477539, 0.395996094, 0.0312536328, 0.847630779, 0.529625954, 0, 0, -0, 0, 0, 0, 0, 0.361023584, -0.10992207, -0.141169971, -0.0653916185, 0.500218866, -0.863280013, 0.664672852, -0.623413086, -0.411621094, -0.744188394, -0.600661581, -0.291664202, 0, 2, 1, 1, 
510.066732, 66, 0.1, 0.1, 0.0234553787, 0.381405144, -0.0349673247, 0.892262127, -7.69387031e-006, 0.45151777, 0.45151777, 8.44422793e-007, -0.892262127, 6.4836772e-006, 1, 4.22736564e-006, 0.892262055, -2.72811177e-006, 0.451517913, 0.451517913, -2.71189701e-006, -0.892262055, 3.65866069e-006, 1, -1.18793147e-006, 0, 0, 0, 0, 0, 0, 0, 0.314375659, -0.174898096, -0.187864355, -0.449373861, 0.485129028, -0.750113862, -0.892700195, -0.214477539, 0.395996094, 0.0312536328, 0.847630779, 0.529625954, 0, 0, -0, 0, 0, 0, 0, 0.361023584, -0.10992207, -0.141169971, -0.0653916185, 0.500218866, -0.863280013, 0.664672852, -0.623413086, -0.411621094, -0.744188394, -0.600661581, -0.291664202, 0, 2, 1, 1, 
510.067424, 66, 0.1, 0.1, 0.0234553784, 0.381405144, -0.0349657339, 0.89226247, -5.6313839e-006, 0.451517092, 0.451517092, -6.83560213e-007, -0.89226247, 5.33331163e-006, 1, 1.93275096e-006, 0.892262409, 2.69955938e-006, 0.451517213, 0.451517213, 4.26286244e-006, -0.892262409, -4.33347112e-006, 1, 2.58469438e-006, 0, 0, 0, 0, 0, 0, 0, 0.314375659, -0.174898096, -0.187864355, -0.449373861, 0.485129028, -0.750113862, -0.892700195, -0.214477539, 0.395996094, 0.0312536328, 0.847630779, 0.529625954, 0, 0, -0, 0, 0, 0, 0, 0.361023584, -0.10992207, -0.141169971, -0.0653916185, 0.500218866, -0.863280013, 0.664672852, -0.623413086, -0.411621094, -0.744188394, -0.600661581, -0.291664202, 0, 2, 1, 1, 
510.068116, 66, 0.1, 0.1, 0.0234553782, 0.381405145, -0.0349654116, 0.892262726, 5.74544547e-006, 0.451516586, 0.451516586, -3.82151907e-006, -0.892262726, -3.4009676e-006, 1, -6.00396295e-006, 0.892262678, 5.96884169e-006, 0.451516682, 0.451516682, 3.3496303e-006, -0.892262678, -6.83818863e-006, 1, 2.93718505e-007, 0, 0, 0, 0, 0, 0, 0, 0.314375659, -0.174898096, -0.187864355, -0.449373861, 0.485129028, -0.750113862, -0.892700195, -0.214477539, 0.395996094, 0.0312536328, 0.847630779, 0.529625954, 0, 0, -0, 0, 0, 0, 0, 0.361023584, -0.10992207, -0.141169971, -0.0653916185, 0.500218866, -0.863280013, 0.664672852, -0.623413086, -0.411621094, -0.744188394, -0.600661581, -0.291664202, 0, 2, 1, 1, 
510.068805, 66, 0.1, 0.1, 0.0234553791, 0.381405145, -0.0349664065, 0.892262992, 3.73427485e-006, 0.451516061, 0.451516061, 7.76308275e-006, -0.892262992, -6.8371118e-006, 1, 5.24062636e-006, 0.89226294, 8.15168199e-007, 0.451516163, 0.451516163, 6.73531851e-006, -0.89226294, -3.76844954e-006, 1, 5.64161348e-006, 0, 0, 0, 0, 0, 0, 0, 0.314375659, -0.174898096, -0.187864355, -0.449373861, 0.485129028, -0.750113862, -0.892700195, -0.214477539, 0.395996094, 0.0312536328, 0.847630779, 0.529625954, 0, 0, -0, 0, 0, 0, 0, 0.361023584, -0.10992207, -0.141169971, -0.0653916185, 0.500218866, -0.863280013, 0.664672852, -0.623413086, -0.411621094, -0.744188394, -0.600661581, -0.291664202, 0, 2, 1, 1, 
510.069497, 66, 0.1, 0.1, 0.0234553799, 0.381405145, -0.0349683581, 0.892263269, 5.26310152e-006, 0.451515514, 0.451515514, 3.59486778e-007, -0.892263269, -4.85838602e-006, 1, -2.05561514e-006, 0.892263213, -5.16194614e-006, 0.451515625, 0.451515625, 1.62417734e-006, -0.892263213, 3.8724732e-006, 1, 3.77989302e-006, 0, 0, 0, 0, 0, 0, 0, 0.314375659, -0.174898096, -0.187864355, -0.449373861, 0.485129028, -0.750113862, -0.892700195, -0.214477539, 0.395996094, 0.0312536328, 0.847630779, 0.529625954, 0, 0, -0, 0, 0, 0, 0, 0.361023584, -0.10992207, -0.141169971, -0.0653916185, 0.500218866, -0.863280013, 0.664672852, -0.623413086, -0.411621094, -0.744188394, -0.600661581, -0.291664202, 0, 2, 1, 1, 
510.070223, 66, 0.1, 0.1, 0.0234553799, 0.381405145, -0.0349705059, 0.892263512, -4.36973474e-007, 0.451515033, 0.451515033, -4.4137225e-006, -0.892263512, 2.38275754e-006, 1, -3.74090345e-006, 0.89226347, -3.44358103e-006, 0.451515116, 0.451515116, -5.67241292e-006, -0.89226347, 5.63376174e-006, 1, -3.50645794e-006, 0, 0, 0, 0, 0, 0, 0, 0.314745605, -0.175147095, -0.187831152, -0.450833775, 0.484627662, -0.749472833, -0.891967773, -0.215820313, 0.396972656, 0.0306197168, 0.847586596, 0.529771609, 0, 0, -0, 0, 0, 0, 0, 0.361023584, -0.10992207, -0.141169971, -0.0662093468, 0.49926661, -0.863842179, 0.665527344, -0.622924805, -0.411010742, -0.743415142, -0.602111837, -0.290986831, 0, 2, 1, 1, 
510.070916, 66, 0.1, 0.1, 0.0234553792, 0.381405145, -0.0349719485, 0.892263704, -4.60571983e-006, 0.451514654, 0.451514654, -1.05601607e-006, -0.892263704, 4.58632337e-006, 1, 1.13730518e-006, 0.892263663, -1.66944548e-007, 0.451514736, 0.451514736, -4.37730194e-006, -0.892263663, 2.12537488e-006, 1, -3.83032954e-006, 0, 0, 0, 0, 0, 0, 0, 0.314745605, -0.175147095, -0.187831152, -0.450833775, 0.484627662, -0.749472833, -0.891967773, -0.215820313, 0.396972656, 0.0306197168, 0.847586596, 0.529771609, 0, 0, -0, 0, 0, 0, 0, 0.361432227, -0.110015576, -0.140969678, -0.0662093468, 0.49926661, -0.863842179, 0.665527344, -0.622924805, -0.411010742, -0.743415142, -0.602111837, -0.290986831, 0, 2, 1, 1, 
510.071606, 66, 0.1, 0.1, 0.0234553785, 0.381405145, -0.0349726767, 0.892263898, -3.11066483e-006, 0.45151427, 0.45151427, -5.63132353e-007, -0.892263898, 3.02979622e-006, 1, 9.02046893e-007, 0.892263865, 3.5513931e-006, 0.451514336, 0.451514336, 2.9855356e-006, -0.892263865, -4.51679186e-006, 1, 1.06038064e-006, 0, 0, 0, 0, 0, 0, 0, 0.314745605, -0.175147095, -0.187831152, -0.450833775, 0.484627662, -0.749472833, -0.891967773, -0.215820313, 0.396972656, 0.0306197168, 0.847586596, 0.529771609, 0, 0, -0, 0, 0, 0, 0, 0.361432227, -0.110015576, -0.140969678, -0.0662093468, 0.49926661, -0.863842179, 0.665527344, -0.622924805, -0.411010742, -0.743415142, -0.602111837, -0.290986831, 0, 2, 1, 1, 
510.072296, 66, 0.1, 0.1, 0.0234553782, 0.381405145, -0.0349725695, 0.892264033, 4.36632198e-006, 0.451514004, 0.451514004, -1.93174711e-006, -0.892264033, -3.02370119e-006, 1, -3.69508398e-006, 0.892264007, 4.89161456e-006, 0.451514056, 0.451514056, 3.62505169e-006, -0.892264007, -6.00137339e-006, 1, 1.02587041e-006, 0, 0, 0, 0, 0, 0, 0, 0.314745605, -0.175147095, -0.187831152, -0.450833775, 0.484627662, -0.749472833, -0.891967773, -0.215820313, 0.396972656, 0.0306197168, 0.847586596, 0.529771609, 0, 0, -0, 0, 0, 0, 0, 0.361432227, -0.110015576, -0.140969678, -0.0662093468, 0.49926661, -0.863842179, 0.665527344, -0.622924805, -0.411010742, -0.743415142, -0.602111837, -0.290986831, 0, 2, 1, 1, 
510.072984, 66, 0.1, 0.1, 0.0234553788, 0.381405146, -0.0349716717, 0.892264187, 5.86977738e-006, 0.451513699, 0.451513699, 2.31771801e-007, -0.892264187, -5.34204029e-006, 1, -2.44348322e-006, 0.892264157, 3.96581116e-006, 0.451513758, 0.451513758, -1.0784784e-006, -0.892264157, -3.05160332e-006, 1, -2.75290592e-006, 0, 0, 0, 0, 0, 0, 0, 0.314745605, -0.175147095, -0.187831152, -0.450833775, 0.484627662, -0.749472833, -0.891967773, -0.215820313, 0.396972656, 0.0306197168, 0.847586596, 0.529771609, 0, 0, -0, 0, 0, 0, 0, 0.361432227, -0.110015576, -0.140969678, -0.0662093468, 0.49926661, -0.863842179, 0.665527344, -0.622924805, -0.411010742, -0.743415142, -0.602111837, -0.290986831, 0, 2, 1, 1, 
510.073674, 66, 0.1, 0.1, 0.0234553798, 0.381405146, -0.0349703165, 0.892264296, 1.81269203e-006, 0.451513484, 0.451513484, 4.58635468e-006, -0.892264296, -3.68820136e-006, 1, 3.27378564e-006, 0.892264279, -3.05236089e-006, 0.451513517, 0.451513517, -3.81513894e-006, -0.892264279, 4.44609939e-006, 1, -2.02593e-006, 0, 0, 0, 0, 0, 0, 0, 0.314745605, -0.175147095, -0.187831152, -0.450833775, 0.484627662, -0.749472833, -0.891967773, -0.215820313, 0.396972656, 0.0306197168, 0.847586596, 0.529771609, 0, 0, -0, 0, 0, 0, 0, 0.361432227, -0.110015576, -0.140969678, -0.0662093468, 0.49926661, -0.863842179, 0.665527344, -0.622924805, -0.411010742, -0.743415142, -0.602111837, -0.290986831, 0, 2, 1, 1, 
510.074366, 66, 0.1, 0.1, 0.0234553806, 0.381405146, -0.0349689351, 0.892264402, -4.93424752e-006, 0.451513274, 0.451513274, 1.70919106e-006, -0.892264402, 3.63093096e-006, 1, 3.75292859e-006, 0.892264377, -7.93898785e-006, 0.451513324, 0.451513324, 2.35810353e-007, -0.892264377, 6.97720453e-006, 1, 3.79496397e-006, 0, 0, 0, 0, 0, 0, 0, 0.314745605, -0.175147095, -0.187831152, -0.450833775, 0.484627662, -0.749472833, -0.891967773, -0.215820313, 0.396972656, 0.0306197168, 0.847586596, 0.529771609, 0, 0, -0, 0, 0, 0, 0, 0.361432227, -0.110015576, -0.140969678, -0.0662093468, 0.49926661, -0.863842179, 0.665527344, -0.622924805, -0.411010742, -0.743415142, -0.602111837, -0.290986831, 0, 2, 1, 1, 
510.075084, 66, 0.1, 0.1, 0.0234553805, 0.381405146, -0.034967705, 0.892264508, -5.15852145e-006, 0.451513064, 0.451513064, -5.53064167e-006, -0.892264508, 7.09992258e-006, 1, -2.60565545e-006, 0.892264494, -5.55456793e-006, 0.451513093, 0.451513093, 1.44207388e-006, -0.892264494, 4.3050285e-006, 1, 3.79467147e-006, 0, 0, 0, 0, 0, 0, 0, 0.314815649, -0.17516333, -0.188194995, -0.453822873, 0.484329239, -0.747892352, -0.89050293, -0.217895508, 0.399291992, 0.0304751838, 0.847263085, 0.530386429, 0, 0, -0, 0, 0, 0, 0, 0.361432227, -0.110015576, -0.140969678, -0.0683624928, 0.498435755, -0.864129458, 0.665893555, -0.622070313, -0.411499023, -0.742782248, -0.603549333, -0.28942137, 0, 2, 1, 1, 
510.075774, 66, 0.1, 0.1, 0.02345538, 0.381405145, -0.0349670041, 0.892264567, -2.34114998e-006, 0.451512949, 0.451512949, -4.20274738e-006, -0.892264567, 3.98652004e-006, 1, -2.69290304e-006, 0.892264552, 5.5824709e-006, 0.451512978, 0.451512978, -3.75815435e-007, -0.892264552, -4.81135535e-006, 1, -2.85588485e-006, 0, 0, 0, 0, 0, 0, 0, 0.314815649, -0.17516333, -0.188194995, -0.453822873, 0.484329239, -0.747892352, -0.89050293, -0.217895508, 0.399291992, 0.0304751838, 0.847263085, 0.530386429, 0, 0, -0, 0, 0, 0, 0, 0.361303076, -0.110100781, -0.141179004, -0.0683624928, 0.498435755, -0.864129458, 0.665893555, -0.622070313, -0.411499023, -0.742782248, -0.603549333, -0.28942137, 0, 2, 1, 1, 
510.076461, 66, 0.1, 0.1, 0.0234553798, 0.381405145, -0.0349672114, 0.89226466, 3.02798755e-006, 0.451512764, 0.451512764, 4.95108343e-006, -0.89226466, -4.93724364e-006, 1, 3.05050174e-006, 0.892264643, 8.43758953e-006, 0.451512797, 0.451512797, 1.3379765e-006, -0.892264643, -8.13267632e-006, 1, -2.61585053e-006, 0, 0, 0, 0, 0, 0, 0, 0.314815649, -0.17516333, -0.188194995, -0.453822873, 0.484329239, -0.747892352, -0.89050293, -0.217895508, 0.399291992, 0.0304751838, 0.847263085, 0.530386429, 0, 0, -0, 0, 0, 0, 0, 0.361303076, -0.110100781, -0.141179004, -0.0683624928, 0.498435755, -0.864129458, 0.665893555, -0.622070313, -0.411499023, -0.742782248, -0.603549333, -0.28942137, 0, 2, 1, 1, 
510.077165, 66, 0.1, 0.1, 0.0234553801, 0.381405145, -0.0349681743, 0.892264701, 5.9934984e-006, 0.451512683, 0.451512683, 5.78226814e-006, -0.892264701, -7.95855446e-006, 1, 2.45317321e-006, 0.892264694, 3.33770735e-006, 0.451512697, 0.451512697, 4.57553023e-006, -0.892264694, -5.04402842e-006, 1, 2.57556683e-006, 0, 0, 0, 0, 0, 0, 0, 0.314815649, -0.17516333, -0.188194995, -0.457250058, 0.484233759, -0.745873785, -0.888793945, -0.220581055, 0.401611328, 0.0299056691, 0.846660248, 0.53142623, 0, 0, -0, 0, 0, 0, 0, 0.361303076, -0.110100781, -0.141179004, -0.0683624928, 0.498435755, -0.864129458, 0.665893555, -0.622070313, -0.411499023, -0.742782248, -0.603549333, -0.28942137, 0, 2, 1, 1, 
510.077864, 66, 0.1, 0.1, 0.0234553806, 0.381405145, -0.0349693283, 0.892264768, 5.11485769e-006, 0.451512552, 0.451512552, -7.39075773e-007, -0.892264768, -4.23010532e-006, 1, -2.96887372e-006, 0.892264751, -4.67075382e-006, 0.451512584, 0.451512584, 3.28585065e-007, -0.892264751, 4.0191887e-006, 1, 2.402089e-006, 0, 0, 0, 0, 0, 0, 0, 0.31463877, -0.174946802, -0.188311914, -0.457250058, 0.484233759, -0.745873785, -0.888793945, -0.220581055, 0.401611328, 0.0299056691, 0.846660248, 0.53142623, 0, 0, -0, 0, 0, 0, 0, 0.361383984, -0.110174512, -0.141381738, -0.0707839615, 0.497885983, -0.864282576, 0.666625977, -0.620849609, -0.412231445, -0.74193207, -0.605325514, -0.287964551, 0, 2, 1, 1, 
510.078579, 66, 0.1, 0.1, 0.0234553809, 0.381405146, -0.0349704482, 0.892264816, -1.70291932e-006, 0.451512456, 0.451512456, -5.22403616e-006, -0.892264816, 3.87817239e-006, 1, -3.89233438e-006, 0.892264812, -4.32830776e-006, 0.451512464, 0.451512464, -6.64275155e-006, -0.892264812, 6.86128183e-006, 1, -3.97280856e-006, 0, 0, 0, 0, 0, 0, 0, 0.31463877, -0.174946802, -0.188311914, -0.457250058, 0.484233759, -0.745873785, -0.888793945, -0.220581055, 0.401611328, 0.0299056691, 0.846660248, 0.53142623, 0, 0, -0, 0, 0, 0, 0, 0.361383984, -0.110174512, -0.141381738, -0.0707839615, 0.497885983, -0.864282576, 0.666625977, -0.620849609, -0.412231445, -0.74193207, -0.605325514, -0.287964551, 0, 2, 1, 1, 
510.079266, 66, 0.1, 0.1, 0.0234553808, 0.381405146, -0.0349710955, 0.892264845, -6.56017899e-006, 0.451512399, 0.451512399, -8.70135906e-007, -0.892264845, 6.24629424e-006, 1, 2.18561048e-006, 0.892264834, -2.11115619e-006, 0.45151242, 0.45151242, -4.42506349e-006, -0.892264834, 3.88168155e-006, 1, -2.9951153e-006, 0, 0, 0, 0, 0, 0, 0, 0.31463877, -0.174946802, -0.188311914, -0.457250058, 0.484233759, -0.745873785, -0.888793945, -0.220581055, 0.401611328, 0.0299056691, 0.846660248, 0.53142623, 0, 0, -0, 0, 0, 0, 0, 0.361383984, -0.110174512, -0.141381738, -0.0707839615, 0.497885983, -0.864282576, 0.666625977, -0.620849609, -0.412231445, -0.74193207, -0.605325514, -0.287964551, 0, 2, 1, 1, 
510.079956, 66, 0.1, 0.1, 0.0234553805, 0.381405146, -0.0349713673, 0.892264897, -4.45935637e-006, 0.451512296, 0.451512296, 4.38747815e-007, -0.892264897, 3.78082712e-006, 1, 2.40493351e-006, 0.892264891, 2.45412559e-006, 0.451512308, 0.451512308, 4.02704743e-006, -0.892264891, -4.00799158e-006, 1, 2.48512512e-006, 0, 0, 0, 0, 0, 0, 0, 0.31463877, -0.174946802, -0.188311914, -0.457250058, 0.484233759, -0.745873785, -0.888793945, -0.220581055, 0.401611328, 0.0299056691, 0.846660248, 0.53142623, 0, 0, -0, 0, 0, 0, 0, 0.361383984, -0.110174512, -0.141381738, -0.0707839615, 0.497885983, -0.864282576, 0.666625977, -0.620849609, -0.412231445, -0.74193207, -0.605325514, -0.287964551, 0, 2, 1, 1, 
510.08065, 66, 0.1, 0.1, 0.0234553803, 0.381405146, -0.0349711707, 0.892264906, 4.62030258e-006, 0.451512278, 0.451512278, -4.18159164e-008, -0.892264906, -4.10365345e-006, 1, -2.12343422e-006, 0.892264904, 4.95984858e-006, 0.451512282, 0.451512282, 5.64037857e-006, -0.892264904, -6.97219902e-006, 1, 2.79327929e-006, 0, 0, 0, 0, 0, 0, 0, 0.31463877, -0.174946802, -0.188311914, -0.457250058, 0.484233759, -0.745873785, -0.888793945, -0.220581055, 0.401611328, 0.0299056691, 0.846660248, 0.53142623, 0, 0, -0, 0, 0, 0, 0, 0.361383984, -0.110174512, -0.141381738, -0.0707839615, 0.497885983, -0.864282576, 0.666625977, -0.620849609, -0.412231445, -0.74193207, -0.605325514, -0.287964551, 0, 2, 1, 1, 
510.081339, 66, 0.1, 0.1, 0.0234553807, 0.381405146, -0.0349706153, 0.892264951, 6.79140517e-006, 0.451512189, 0.451512189, 1.53186541e-006, -0.892264951, -6.7513887e-006, 1, -1.6995724e-006, 0.892264941, 4.71392113e-006, 0.451512208, 0.451512208, 4.07256997e-007, -0.892264941, -4.38994807e-006, 1, -1.7650118e-006, 0, 0, 0, 0, 0, 0, 0, 0.31463877, -0.174946802, -0.188311914, -0.457250058, 0.484233759, -0.745873785, -0.888793945, -0.220581055, 0.401611328, 0.0299056691, 0.846660248, 0.53142623, 0, 0, -0, 0, 0, 0, 0, 0.361383984, -0.110174512, -0.141381738, -0.0707839615, 0.497885983, -0.864282576, 0.666625977, -0.620849609, -0.412231445, -0.74193207, -0.605325514, -0.287964551, 0, 2, 1, 1, 
510.082037, 66, 0.1, 0.1, 0.0234553815, 0.381405145, -0.0349698636, 0.892264963, 2.60543361e-006, 0.451512165, 0.451512165, 5.48311109e-006, -0.892264963, -4.80042849e-006, 1, 3.71600294e-006, 0.892264965, -2.63210919e-006, 0.451512162, 0.451512162, -3.52671943e-006, -0.892264965, 3.94089553e-006, 1, -1.95833887e-006, 0, 0, 0, 0, 0, 0, 0, 0.31463877, -0.174946802, -0.188311914, -0.460169885, 0.484100087, -0.744178728, -0.887329102, -0.223876953, 0.403076172, 0.0286378372, 0.845816276, 0.532764455, 0, 0, -0, 0, 0, 0, 0, 0.361383984, -0.110174512, -0.141381738, -0.0707839615, 0.497885983, -0.864282576, 0.666625977, -0.620849609, -0.412231445, -0.74193207, -0.605325514, -0.287964551, 0, 2, 1, 1, 
510.082738, 66, 0.1, 0.1, 0.023455382, 0.381405145, -0.0349689114, 0.892264984, -4.83456352e-006, 0.451512123, 0.451512123, 1.36623135e-006, -0.892264984, 3.69684173e-006, 1, 3.40190443e-006, 0.892264976, -7.58994605e-006, 0.451512141, 0.451512141, 1.45011574e-007, -0.892264976, 6.70676855e-006, 1, 3.55634154e-006, 0, 0, 0, 0, 0, 0, 0, 0.314485693, -0.174286475, -0.1886677, -0.460169885, 0.484100087, -0.744178728, -0.887329102, -0.223876953, 0.403076172, 0.0286378372, 0.845816276, 0.532764455, 0, 0, -0, 0, 0, 0, 0, 0.361504932, -0.109780273, -0.141589844, -0.0727708632, 0.497725935, -0.864212214, 0.66796875, -0.619018555, -0.412841797, -0.740545247, -0.607306219, -0.287466185, 0, 2, 1, 1, 
510.083427, 66, 0.1, 0.1, 0.0234553818, 0.381405145, -0.0349683455, 0.892265013, -4.86392436e-006, 0.451512066, 0.451512066, -5.84101062e-006, -0.892265013, 6.97719631e-006, 1, -3.01560888e-006, 0.892265014, -5.06799643e-006, 0.451512066, 0.451512066, 5.47648452e-007, -0.892265014, 4.27472602e-006, 1, 2.77690909e-006, 0, 0, 0, 0, 0, 0, 0, 0.314485693, -0.174286475, -0.1886677, -0.460169885, 0.484100087, -0.744178728, -0.887329102, -0.223876953, 0.403076172, 0.0286378372, 0.845816276, 0.532764455, 0, 0, -0, 0, 0, 0, 0, 0.361504932, -0.109780273, -0.141589844, -0.0727708632, 0.497725935, -0.864212214, 0.66796875, -0.619018555, -0.412841797, -0.740545247, -0.607306219, -0.287466185, 0, 2, 1, 1, 
