time, trialNum, realDorsalTactorPos, realVentralTactorPos, boxPosX, boxPosY, boxPosZ, boxLocalRot_11, boxLocalRot_12, boxLocalRot_13, boxLocalRot_21, boxLocalRot_22, boxLocalRot_23, boxLocalRot_31, boxLocalRot_32, boxLocalRot_33, boxGlobalRot_11, boxGlobalRot_12, boxGlobalRot_13, boxGlobalRot_21, boxGlobalRot_22, boxGlobalRot_23, boxGlobalRot_31, boxGlobalRot_32, boxGlobalRot_33, indexForceX, indexForceY, indexForceZ, indexForceGlobalX, indexForceGlobalY, indexForceGlobalZ, indexContact, indexPosX, indexPosY, indexPosZ, indexRot_11, indexRot_12, indexRot_13, indexRot_21, indexRot_22, indexRot_23, indexRot_31, indexRot_32, indexRot_33, thumbForceX, thumbForceY, thumbForceZ, thumbForceGlobalX, thumbForceGlobalY, thumbForceGlobalZ, thumbContact, thumbPosX, thumbPosY, thumbPosZ, thumbRot_11, thumbRot_12, thumbRot_13, thumbRot_21, thumbRot_22, thumbRot_23, thumbRot_31, thumbRot_32, thumbRot_33, manipForceTooHigh, cceExpType, mapping, trialSuccess, 
339.1023, 38, 0.1, 0.1, 0.0153477112, 0.377339783, -0.0349854481, 0.951545473, -1.47124742e-006, 0.307508068, 0.307508068, -2.95370603e-005, -0.951545473, 1.04828432e-005, 1, -2.76534356e-005, 0.951545436, -1.44415117e-006, 0.307508185, 0.307508185, -3.09149298e-005, -0.951545435, 1.08807694e-005, 1, -2.89728721e-005, 0, 0, 0, 0, 0, 0, 0, 0.249692358, -0.00802072754, -0.225742749, -0.167065248, 0.83040323, -0.531312898, -0.78918457, 0.210327148, 0.576904297, 0.5909049, 0.515728009, 0.620417099, 0, 0, -0, 0, 0, 0, 0, 0.328418555, 0.0104321777, -0.183812109, 0.164797628, 0.591329957, -0.78924979, 0.178344727, -0.804931641, -0.565795898, -0.97002143, -0.047457957, -0.238100281, 0, 2, 3, 1, 
339.118277, 38, 0.1, 0.1, 0.0153476941, 0.377339772, -0.0349678894, 0.951545128, -2.10939406e-007, 0.307509137, 0.307509137, -4.23539463e-006, -0.951545128, 1.50314091e-006, 1, -3.96530334e-006, 0.951545148, -1.13508128e-006, 0.307509074, 0.307509074, -4.78941755e-006, -0.951545148, 2.55287044e-006, 1, -4.20829924e-006, 0, 0, 0, 0, 0, 0, 0, 0.254152808, -0.0170671387, -0.223875708, -0.166958907, 0.823204751, -0.542554122, -0.791625977, 0.216064453, 0.571411133, 0.587674667, 0.524901612, 0.615770753, 0, 0, -0, 0, 0, 0, 0, 0.333336377, 0.00204980469, -0.181837305, 0.16766679, 0.57855617, -0.798112839, 0.185424805, -0.813598633, -0.55090332, -0.968124213, -0.0555513852, -0.243696048, 0, 2, 3, 1, 
339.118992, 38, 0.1, 0.1, 0.0153476952, 0.377339771, -0.0349633857, 0.951545039, -1.77160189e-005, 0.30750941, 0.307509411, -1.26852073e-006, -0.95154504, 1.7247672e-005, 1, 4.24078793e-006, 0.951545052, -1.07177872e-005, 0.307509372, 0.307509372, -6.79454228e-006, -0.951545052, 1.22878428e-005, 1, -3.16949307e-006, 0, 0, 0, 0, 0, 0, 0, 0.255183081, -0.0182290039, -0.223706665, -0.168552492, 0.822184045, -0.543595045, -0.792480469, 0.21496582, 0.570800781, 0.586196779, 0.527040747, 0.615441252, 0, 0, -0, 0, 0, 0, 0, 0.333336377, 0.00204980469, -0.181837305, 0.165807487, 0.577494906, -0.799326855, 0.188354492, -0.814086914, -0.549072266, -0.967951406, -0.0594679526, -0.243823646, 0, 2, 3, 1, 
339.119681, 38, 0.1, 0.1, 0.0153476934, 0.37733977, -0.034960965, 0.951544973, 1.60909963e-005, 0.307509617, 0.307509617, 1.0811937e-005, -0.951544973, -1.86360812e-005, 1, 5.3399082e-006, 0.95154499, 1.55623695e-005, 0.307509565, 0.307509565, 1.05349016e-005, -0.95154499, -1.80478778e-005, 1, 5.23885532e-006, 0, 0, 0, 0, 0, 0, 0, 0.255183081, -0.0182290039, -0.223706665, -0.168552492, 0.822184045, -0.543595045, -0.792480469, 0.21496582, 0.570800781, 0.586196779, 0.527040747, 0.615441252, 0, 0, -0, 0, 0, 0, 0, 0.334109961, 0.00122749023, -0.181920312, 0.165807487, 0.577494906, -0.799326855, 0.188354492, -0.814086914, -0.549072266, -0.967951406, -0.0594679526, -0.243823646, 0, 2, 3, 1, 
339.12037, 38, 0.1, 0.1, 0.0153476934, 0.377339769, -0.0349613304, 0.951544921, 1.70672275e-006, 0.307509779, 0.307509779, 1.54518033e-007, -0.951544921, -1.67153917e-006, 1, -3.77803084e-007, 0.951544928, -7.83111231e-006, 0.307509757, 0.307509757, 4.12574201e-006, -0.951544928, 6.18294928e-006, 1, 6.33397232e-006, 0, 0, 0, 0, 0, 0, 0, 0.255183081, -0.0182290039, -0.223706665, -0.168552492, 0.822184045, -0.543595045, -0.792480469, 0.21496582, 0.570800781, 0.586196779, 0.527040747, 0.615441252, 0, 0, -0, 0, 0, 0, 0, 0.334109961, 0.00122749023, -0.181920312, 0.165807487, 0.577494906, -0.799326855, 0.188354492, -0.814086914, -0.549072266, -0.967951406, -0.0594679526, -0.243823646, 0, 2, 3, 1, 
339.121062, 38, 0.1, 0.1, 0.0153476928, 0.377339767, -0.0349641522, 0.951544885, 5.79664576e-006, 0.30750989, 0.30750989, 1.10420723e-006, -0.951544885, -5.85532327e-006, 1, -7.31823157e-007, 0.951544891, 5.08936875e-006, 0.307509869, 0.307509869, 1.12088433e-006, -0.951544892, -5.18744583e-006, 1, -4.98459359e-007, 0, 0, 0, 0, 0, 0, 0, 0.255183081, -0.0182290039, -0.223706665, -0.168552492, 0.822184045, -0.543595045, -0.792480469, 0.21496582, 0.570800781, 0.586196779, 0.527040747, 0.615441252, 0, 0, -0, 0, 0, 0, 0, 0.334109961, 0.00122749023, -0.181920312, 0.165807487, 0.577494906, -0.799326855, 0.188354492, -0.814086914, -0.549072266, -0.967951406, -0.0594679526, -0.243823646, 0, 2, 3, 1, 
339.12175, 38, 0.1, 0.1, 0.0153476958, 0.377339767, -0.0349684628, 0.951544829, -7.69384879e-006, 0.307510063, 0.307510063, 9.2283442e-007, -0.951544829, 7.03726116e-006, 1, 3.24405425e-006, 0.951544842, -1.28846525e-005, 0.307510022, 0.307510022, -6.06849923e-006, -0.951544842, 1.4126449e-005, 1, -1.81228936e-006, 0, 0, 0, 0, 0, 0, 0, 0.255183081, -0.0182290039, -0.223706665, -0.168552492, 0.822184045, -0.543595045, -0.792480469, 0.21496582, 0.570800781, 0.586196779, 0.527040747, 0.615441252, 0, 0, -0, 0, 0, 0, 0, 0.334109961, 0.00122749023, -0.181920312, 0.165807487, 0.577494906, -0.799326855, 0.188354492, -0.814086914, -0.549072266, -0.967951406, -0.0594679526, -0.243823646, 0, 2, 3, 1, 
339.122438, 38, 0.1, 0.1, 0.015347693, 0.377339766, -0.034972913, 0.951544794, -1.95600122e-007, 0.307510169, 0.307510169, 5.91821244e-007, -0.951544794, 4.1312273e-009, 1, 6.23293451e-007, 0.951544802, 7.96592508e-006, 0.307510145, 0.307510145, 3.72315709e-006, -0.951544802, -8.72484318e-006, 1, 1.093148e-006, 0, 0, 0, 0, 0, 0, 0, 0.255183081, -0.0182290039, -0.223706665, -0.168552492, 0.822184045, -0.543595045, -0.792480469, 0.21496582, 0.570800781, 0.586196779, 0.527040747, 0.615441252, 0, 0, -0, 0, 0, 0, 0, 0.334109961, 0.00122749023, -0.181920312, 0.165807487, 0.577494906, -0.799326855, 0.188354492, -0.814086914, -0.549072266, -0.967951406, -0.0594679526, -0.243823646, 0, 2, 3, 1, 
339.123128, 38, 0.1, 0.1, 0.0153476932, 0.377339766, -0.0349762237, 0.951544735, -4.95312027e-006, 0.307510353, 0.307510354, 1.01421741e-005, -0.951544735, 1.59429197e-006, 1, 1.11738681e-005, 0.95154475, -4.53908604e-007, 0.307510308, 0.307510308, 7.85205978e-006, -0.95154475, -1.98267497e-006, 1, 7.61116783e-006, 0, 0, 0, 0, 0, 0, 0, 0.255183081, -0.0182290039, -0.223706665, -0.168552492, 0.822184045, -0.543595045, -0.792480469, 0.21496582, 0.570800781, 0.586196779, 0.527040747, 0.615441252, 0, 0, -0, 0, 0, 0, 0, 0.334109961, 0.00122749023, -0.181920312, 0.165807487, 0.577494906, -0.799326855, 0.188354492, -0.814086914, -0.549072266, -0.967951406, -0.0594679526, -0.243823646, 0, 2, 3, 1, 
339.123842, 38, 0.1, 0.1, 0.0153476929, 0.377339766, -0.0349773773, 0.951544678, -4.70796673e-006, 0.307510528, 0.307510528, -1.06767639e-005, -0.951544678, 7.76305798e-006, 1, -8.7116685e-006, 0.951544685, 2.81729643e-006, 0.307510508, 0.307510508, -8.14240712e-006, -0.951544685, -1.76907694e-007, 1, -8.61421247e-006, 0, 0, 0, 0, 0, 0, 0, 0.256001587, -0.0196324219, -0.22356875, -0.169949127, 0.820801637, -0.545213718, -0.79284668, 0.214599609, 0.5703125, 0.585182065, 0.52923717, 0.614585297, 0, 0, -0, 0, 0, 0, 0, 0.334109961, 0.00122749023, -0.181920312, 0.164312388, 0.575481751, -0.800956115, 0.190307617, -0.815307617, -0.54675293, -0.967740319, -0.062502626, -0.243503917, 0, 2, 3, 1, 
339.124534, 38, 0.1, 0.1, 0.0153476935, 0.377339765, -0.0349760608, 0.951544684, 9.23484877e-006, 0.30751051, 0.30751051, 3.52431658e-006, -0.951544684, -9.87113564e-006, 1, 5.13731648e-007, 0.951544678, 3.1260244e-006, 0.30751053, 0.30751053, 7.01267179e-006, -0.951544678, -5.1310223e-006, 1, 5.7115851e-006, 0, 0, 0, 0, 0, 0, 0, 0.256001587, -0.0196324219, -0.22356875, -0.169949127, 0.820801637, -0.545213718, -0.79284668, 0.214599609, 0.5703125, 0.585182065, 0.52923717, 0.614585297, 0, 0, -0, 0, 0, 0, 0, 0.334908447, -8.57421877e-005, -0.181798145, 0.164312388, 0.575481751, -0.800956115, 0.190307617, -0.815307617, -0.54675293, -0.967740319, -0.062502626, -0.243503917, 0, 2, 3, 1, 
339.12523, 38, 0.1, 0.1, 0.0153476925, 0.377339767, -0.0349729812, 0.951544754, -6.39926416e-006, 0.307510295, 0.307510295, 6.65189094e-007, -0.951544754, 5.88463374e-006, 1, 2.6007968e-006, 0.951544736, -4.63674857e-006, 0.307510351, 0.307510351, -9.00464657e-006, -0.951544736, 7.18109572e-006, 1, -7.14247585e-006, 0, 0, 0, 0, 0, 0, 0, 0.256001587, -0.0196324219, -0.22356875, -0.169949127, 0.820801637, -0.545213718, -0.79284668, 0.214599609, 0.5703125, 0.585182065, 0.52923717, 0.614585297, 0, 0, -0, 0, 0, 0, 0, 0.334908447, -8.57421877e-005, -0.181798145, 0.164312388, 0.575481751, -0.800956115, 0.190307617, -0.815307617, -0.54675293, -0.967740319, -0.062502626, -0.243503917, 0, 2, 3, 1, 
339.12592, 38, 0.1, 0.1, 0.0153476918, 0.377339767, -0.034969206, 0.95154485, 9.70154796e-006, 0.307509997, 0.307509997, -1.28048053e-005, -0.95154485, -5.29385234e-006, 1, -1.51676696e-005, 0.951544836, 1.89266695e-006, 0.307510042, 0.307510042, -1.01812692e-005, -0.951544836, 1.32988507e-006, 1, -1.02699483e-005, 0, 0, 0, 0, 0, 0, 0, 0.256001587, -0.0196324219, -0.22356875, -0.169949127, 0.820801637, -0.545213718, -0.79284668, 0.214599609, 0.5703125, 0.585182065, 0.52923717, 0.614585297, 0, 0, -0, 0, 0, 0, 0, 0.334908447, -8.57421877e-005, -0.181798145, 0.164312388, 0.575481751, -0.800956115, 0.190307617, -0.815307617, -0.54675293, -0.967740319, -0.062502626, -0.243503917, 0, 2, 3, 1, 
339.126662, 38, 0.1, 0.1, 0.0153476934, 0.377339767, -0.0349650373, 0.951544914, -1.46513933e-005, 0.307509798, 0.307509798, 9.32103728e-006, -0.951544914, 1.10751485e-005, 1, 1.33748326e-005, 0.951544902, -1.71439325e-005, 0.307509836, 0.307509836, 8.50432199e-006, -0.951544902, 1.36980589e-005, 1, 1.33641721e-005, 0, 0, 0, 0, 0, 0, 0, 0.256001587, -0.0196324219, -0.22356875, -0.169949127, 0.820801637, -0.545213718, -0.79284668, 0.214599609, 0.5703125, 0.585182065, 0.52923717, 0.614585297, 0, 0, -0, 0, 0, 0, 0, 0.334908447, -8.57421877e-005, -0.181798145, 0.164312388, 0.575481751, -0.800956115, 0.190307617, -0.815307617, -0.54675293, -0.967740319, -0.062502626, -0.243503917, 0, 2, 3, 1, 
339.127358, 38, 0.1, 0.1, 0.0153476883, 0.377339767, -0.0349626889, 0.951544973, 1.4240692e-005, 0.307509615, 0.307509615, 7.13474218e-009, -0.951544973, -1.35528529e-005, 1, -4.3723607e-006, 0.951544962, 2.27980279e-005, 0.307509649, 0.307509649, -4.69092921e-006, -0.951544962, -2.02508426e-005, 1, -1.14742436e-005, 0, 0, 0, 0, 0, 0, 0, 0.256001587, -0.0196324219, -0.22356875, -0.169949127, 0.820801637, -0.545213718, -0.79284668, 0.214599609, 0.5703125, 0.585182065, 0.52923717, 0.614585297, 0, 0, -0, 0, 0, 0, 0, 0.334908447, -8.57421877e-005, -0.181798145, 0.164312388, 0.575481751, -0.800956115, 0.190307617, -0.815307617, -0.54675293, -0.967740319, -0.062502626, -0.243503917, 0, 2, 3, 1, 
339.128048, 38, 0.1, 0.1, 0.0153476963, 0.377339766, -0.0349626068, 0.951544975, -2.70112177e-005, 0.307509608, 0.307509608, -1.48850788e-005, -0.951544976, 3.02796932e-005, 1, -5.85761298e-006, 0.951544982, -3.45977631e-005, 0.307509587, 0.307509587, -3.47206978e-006, -0.951544983, 3.39890226e-005, 0.999999999, 7.33531326e-006, 0, 0, 0, 0, 0, 0, 0, 0.256001587, -0.0196324219, -0.22356875, -0.169949127, 0.820801637, -0.545213718, -0.79284668, 0.214599609, 0.5703125, 0.585182065, 0.52923717, 0.614585297, 0, 0, -0, 0, 0, 0, 0, 0.334908447, -8.57421877e-005, -0.181798145, 0.164312388, 0.575481751, -0.800956115, 0.190307617, -0.815307617, -0.54675293, -0.967740319, -0.062502626, -0.243503917, 0, 2, 3, 1, 
339.128769, 38, 0.1, 0.1, 0.0153476902, 0.377339764, -0.0349645292, 0.951544863, 3.802136e-005, 0.307509955, 0.307509954, 2.98818554e-005, -0.951544864, -4.53679978e-005, 0.999999999, 1.67419793e-005, 0.951544892, 3.31597473e-005, 0.307509867, 0.307509866, 2.16184067e-005, -0.951544892, -3.82008615e-005, 0.999999999, 1.0373935e-005, 0, 0, 0, 0, 0, 0, 0, 0.256807886, -0.0210297363, -0.223198071, -0.171586896, 0.819539797, -0.546629448, -0.79309082, 0.214111328, 0.570068359, 0.584205542, 0.531414496, 0.613450015, 0, 0, -0, 0, 0, 0, 0, 0.335525195, -0.00139726563, -0.18146958, 0.163424298, 0.573455837, -0.802642978, 0.192382812, -0.81652832, -0.544189453, -0.967465433, -0.0654158978, -0.243803957, 0, 2, 3, 1, 
339.129463, 38, 0.1, 0.1, 0.0153476833, 0.377339762, -0.034967639, 0.951544733, -9.06990713e-006, 0.307510359, 0.307510358, -2.97527265e-005, -0.951544733, 1.77796939e-005, 1, -2.55219598e-005, 0.951544751, 1.04846491e-005, 0.307510305, 0.307510305, -1.34441535e-005, -0.951544751, -5.84239708e-006, 1, -1.60168513e-005, 0, 0, 0, 0, 0, 0, 0, 0.256807886, -0.0210297363, -0.223198071, -0.171586896, 0.819539797, -0.546629448, -0.79309082, 0.214111328, 0.570068359, 0.584205542, 0.531414496, 0.613450015, 0, 0, -0, 0, 0, 0, 0, 0.335525195, -0.00139726563, -0.18146958, 0.163424298, 0.573455837, -0.802642978, 0.192382812, -0.81652832, -0.544189453, -0.967465433, -0.0654158978, -0.243803957, 0, 2, 3, 1, 
339.13017, 38, 0.1, 0.1, 0.0153476961, 0.377339772, -0.0349711723, 0.951544703, -3.95224426e-005, 0.307510449, 0.307510449, -3.35532194e-006, -0.951544704, 3.86391675e-005, 0.999999999, 8.96082526e-006, 0.951544703, -4.27435863e-005, 0.307510449, 0.307510449, -2.12976409e-005, -0.951544704, 4.72216803e-005, 0.999999999, -7.12155802e-006, 0, 0, 0, 0, 0, 0, 0, 0.256807886, -0.0210297363, -0.223198071, -0.171586896, 0.819539797, -0.546629448, -0.79309082, 0.214111328, 0.570068359, 0.584205542, 0.531414496, 0.613450015, 0, 0, -0, 0, 0, 0, 0, 0.335525195, -0.00139726563, -0.18146958, 0.163424298, 0.573455837, -0.802642978, 0.192382812, -0.81652832, -0.544189453, -0.967465433, -0.0654158978, -0.243803957, 0, 2, 3, 1, 
339.130862, 38, 0.1, 0.1, 0.0153476938, 0.377339764, -0.0349739775, 0.951544805, 3.82870484e-005, 0.307510133, 0.307510132, 2.27875692e-005, -0.951544806, -4.34392505e-005, 0.999999999, 9.90973782e-006, 0.951544774, 2.51910769e-005, 0.307510233, 0.307510232, 2.84354877e-005, -0.951544774, -3.2714641e-005, 0.999999999, 1.93111258e-005, 0, 0, 0, 0, 0, 0, 0, 0.256807886, -0.0210297363, -0.223198071, -0.171586896, 0.819539797, -0.546629448, -0.79309082, 0.214111328, 0.570068359, 0.584205542, 0.531414496, 0.613450015, 0, 0, -0, 0, 0, 0, 0, 0.335525195, -0.00139726563, -0.18146958, 0.163424298, 0.573455837, -0.802642978, 0.192382812, -0.81652832, -0.544189453, -0.967465433, -0.0654158978, -0.243803957, 0, 2, 3, 1, 
339.131555, 38, 0.1, 0.1, 0.0153476801, 0.377339763, -0.0349754402, 0.951545011, 1.92372311e-005, 0.307509499, 0.307509499, -5.68544277e-006, -0.951545011, -1.65567636e-005, 1, -1.1325586e-005, 0.951544966, 3.49869087e-005, 0.307509637, 0.307509637, -5.39460158e-006, -0.951544966, -3.16327248e-005, 0.999999999, -1.58920176e-005, 0, 0, 0, 0, 0, 0, 0, 0.256807886, -0.0210297363, -0.223198071, -0.171586896, 0.819539797, -0.546629448, -0.79309082, 0.214111328, 0.570068359, 0.584205542, 0.531414496, 0.613450015, 0, 0, -0, 0, 0, 0, 0, 0.335525195, -0.00139726563, -0.18146958, 0.163424298, 0.573455837, -0.802642978, 0.192382812, -0.81652832, -0.544189453, -0.967465433, -0.0654158978, -0.243803957, 0, 2, 3, 1, 
339.132249, 38, 0.1, 0.1, 0.0153476881, 0.377339761, -0.0349751733, 0.951545265, -3.2762403e-005, 0.307508711, 0.307508712, 1.06094572e-005, -0.951545265, 2.7912409e-005, 0.999999999, 2.01701031e-005, 0.951545216, -3.4572412e-005, 0.307508863, 0.307508864, 1.1201713e-005, -0.951545216, 2.94525872e-005, 0.999999999, 2.12902596e-005, 0, 0, 0, 0, 0, 0, 0, 0.256807886, -0.0210297363, -0.223198071, -0.171586896, 0.819539797, -0.546629448, -0.79309082, 0.214111328, 0.570068359, 0.584205542, 0.531414496, 0.613450015, 0, 0, -0, 0, 0, 0, 0, 0.335525195, -0.00139726563, -0.18146958, 0.163424298, 0.573455837, -0.802642978, 0.192382812, -0.81652832, -0.544189453, -0.967465433, -0.0654158978, -0.243803957, 0, 2, 3, 1, 
339.132937, 38, 0.1, 0.1, 0.0153476867, 0.377339762, -0.0349734068, 0.951545497, 2.58745215e-005, 0.307507995, 0.307507996, -1.28226307e-005, -0.951545497, -2.06777229e-005, 1, -2.01579387e-005, 0.951545454, 1.98726273e-005, 0.307508129, 0.307508129, -1.14459096e-005, -0.951545454, -1.53899979e-005, 1, -1.70022976e-005, 0, 0, 0, 0, 0, 0, 0, 0.256807886, -0.0210297363, -0.223198071, -0.171586896, 0.819539797, -0.546629448, -0.79309082, 0.214111328, 0.570068359, 0.584205542, 0.531414496, 0.613450015, 0, 0, -0, 0, 0, 0, 0, 0.335525195, -0.00139726563, -0.18146958, 0.163424298, 0.573455837, -0.802642978, 0.192382812, -0.81652832, -0.544189453, -0.967465433, -0.0654158978, -0.243803957, 0, 2, 3, 1, 
339.133659, 38, 0.1, 0.1, 0.0153476856, 0.377339762, -0.0349703049, 0.951545688, -2.21443769e-005, 0.307507403, 0.307507403, -2.64852045e-007, -0.951545688, 2.11528304e-005, 1, 6.55754102e-006, 0.95154566, -1.34447606e-005, 0.307507491, 0.307507491, 2.32454271e-006, -0.95154566, 1.20784893e-005, 1, 6.34627312e-006, 0, 0, 0, 0, 0, 0, 0, 0.257170996, -0.0226516357, -0.223056006, -0.17321156, 0.81825886, -0.548121563, -0.79284668, 0.214233398, 0.57043457, 0.584092088, 0.533471256, 0.611832464, 0, 0, -0, 0, 0, 0, 0, 0.336105322, -0.00293520508, -0.181129053, 0.16207612, 0.571270241, -0.804419159, 0.193847656, -0.817749023, -0.541748047, -0.96748439, -0.0679777246, -0.243254184, 0, 2, 3, 1, 
339.134354, 38, 0.1, 0.1, 0.0153476878, 0.377339765, -0.0349672598, 0.951545778, 9.83170108e-006, 0.307507124, 0.307507124, 1.2979737e-007, -0.951545779, -9.39522727e-006, 1, -2.89980998e-006, 0.95154577, 4.87122598e-006, 0.307507152, 0.307507152, -9.64687203e-006, -0.95154577, -1.66871233e-006, 1, -1.06773771e-005, 0, 0, 0, 0, 0, 0, 0, 0.257170996, -0.0226516357, -0.223056006, -0.17321156, 0.81825886, -0.548121563, -0.79284668, 0.214233398, 0.57043457, 0.584092088, 0.533471256, 0.611832464, 0, 0, -0, 0, 0, 0, 0, 0.336105322, -0.00293520508, -0.181129053, 0.16207612, 0.571270241, -0.804419159, 0.193847656, -0.817749023, -0.541748047, -0.96748439, -0.0679777246, -0.243254184, 0, 2, 3, 1, 
339.135046, 38, 0.1, 0.1, 0.0153476889, 0.377339761, -0.0349651705, 0.951545768, -5.49534981e-006, 0.307507158, 0.307507158, -2.81188883e-006, -0.951545768, 6.0937528e-006, 1, -9.85781517e-007, 0.951545776, -1.1404642e-005, 0.307507132, 0.307507132, 8.15146551e-006, -0.951545776, 8.34540515e-006, 1, 1.12635013e-005, 0, 0, 0, 0, 0, 0, 0, 0.257170996, -0.0226516357, -0.223056006, -0.17321156, 0.81825886, -0.548121563, -0.79284668, 0.214233398, 0.57043457, 0.584092088, 0.533471256, 0.611832464, 0, 0, -0, 0, 0, 0, 0, 0.336105322, -0.00293520508, -0.181129053, 0.16207612, 0.571270241, -0.804419159, 0.193847656, -0.817749023, -0.541748047, -0.96748439, -0.0679777246, -0.243254184, 0, 2, 3, 1, 
339.135764, 38, 0.1, 0.1, 0.0153476897, 0.377339762, -0.0349644329, 0.951545689, -1.28888017e-005, 0.3075074, 0.307507399, -8.54795464e-006, -0.95154569, 1.4892843e-005, 1, -4.17036748e-006, 0.95154571, -1.11555622e-005, 0.307507336, 0.307507336, -1.73103413e-006, -0.95154571, 1.1147333e-005, 1, 1.7832591e-006, 0, 0, 0, 0, 0, 0, 0, 0.257787866, -0.024043457, -0.222679224, -0.174233388, 0.817142675, -0.549416726, -0.79284668, 0.214355469, 0.5703125, 0.583883154, 0.535007554, 0.610678086, 0, 0, -0, 0, 0, 0, 0, 0.336105322, -0.00293520508, -0.181129053, 0.161443593, 0.569774776, -0.805620416, 0.19543457, -0.818603516, -0.539916992, -0.967305385, -0.0700987877, -0.243503184, 0, 2, 3, 1, 
339.136456, 38, 0.1, 0.1, 0.0153476867, 0.377339761, -0.034965108, 0.951545615, 2.1553557e-005, 0.307507629, 0.307507629, 5.86659551e-006, -0.951545615, -2.23132155e-005, 1, -1.04554997e-006, 0.951545625, 2.04599151e-005, 0.307507598, 0.307507598, 4.9751916e-006, -0.951545625, -2.09984519e-005, 1, -1.55745754e-006, 0, 0, 0, 0, 0, 0, 0, 0.257787866, -0.024043457, -0.222679224, -0.174233388, 0.817142675, -0.549416726, -0.79284668, 0.214355469, 0.5703125, 0.583883154, 0.535007554, 0.610678086, 0, 0, -0, 0, 0, 0, 0, 0.336290479, -0.0041949707, -0.180767285, 0.161443593, 0.569774776, -0.805620416, 0.19543457, -0.818603516, -0.539916992, -0.967305385, -0.0700987877, -0.243503184, 0, 2, 3, 1, 
339.137149, 38, 0.1, 0.1, 0.0153476891, 0.37733976, -0.0349671518, 0.951545552, -2.50941486e-005, 0.307507825, 0.307507825, -2.26082089e-006, -0.951545552, 2.45734456e-005, 1, 5.56537299e-006, 0.951545562, -2.00071979e-005, 0.307507795, 0.307507794, -6.51801012e-006, -0.951545562, 2.10420993e-005, 1, -4.98142909e-008, 0, 0, 0, 0, 0, 0, 0, 0.257787866, -0.024043457, -0.222679224, -0.174233388, 0.817142675, -0.549416726, -0.79284668, 0.214355469, 0.5703125, 0.583883154, 0.535007554, 0.610678086, 0, 0, -0, 0, 0, 0, 0, 0.336290479, -0.0041949707, -0.180767285, 0.161443593, 0.569774776, -0.805620416, 0.19543457, -0.818603516, -0.539916992, -0.967305385, -0.0700987877, -0.243503184, 0, 2, 3, 1, 
339.137844, 38, 0.1, 0.1, 0.0153476898, 0.377339761, -0.0349698215, 0.951545508, 1.15739823e-005, 0.30750796, 0.30750796, -1.41286977e-006, -0.951545508, -1.05787021e-005, 1, -4.90350157e-006, 0.951545516, 9.62452158e-006, 0.307507936, 0.307507936, -2.29599357e-006, -0.951545516, -8.45213412e-006, 1, -5.14435915e-006, 0, 0, 0, 0, 0, 0, 0, 0.257787866, -0.024043457, -0.222679224, -0.174233388, 0.817142675, -0.549416726, -0.79284668, 0.214355469, 0.5703125, 0.583883154, 0.535007554, 0.610678086, 0, 0, -0, 0, 0, 0, 0, 0.336290479, -0.0041949707, -0.180767285, 0.161443593, 0.569774776, -0.805620416, 0.19543457, -0.818603516, -0.539916992, -0.967305385, -0.0700987877, -0.243503184, 0, 2, 3, 1, 
339.138537, 38, 0.1, 0.1, 0.0153476892, 0.377339761, -0.0349722854, 0.95154545, 4.05071112e-006, 0.30750814, 0.30750814, 2.49857485e-006, -0.95154545, -4.62276784e-006, 1, 1.13188089e-006, 0.951545463, -8.38751713e-007, 0.307508099, 0.307508099, -4.44711123e-006, -0.951545463, 2.16563311e-006, 1, -3.97370557e-006, 0, 0, 0, 0, 0, 0, 0, 0.257787866, -0.024043457, -0.222679224, -0.174233388, 0.817142675, -0.549416726, -0.79284668, 0.214355469, 0.5703125, 0.583883154, 0.535007554, 0.610678086, 0, 0, -0, 0, 0, 0, 0, 0.336290479, -0.0041949707, -0.180767285, 0.161443593, 0.569774776, -0.805620416, 0.19543457, -0.818603516, -0.539916992, -0.967305385, -0.0700987877, -0.243503184, 0, 2, 3, 1, 
339.139224, 38, 0.1, 0.1, 0.0153476894, 0.37733976, -0.034973878, 0.951545405, -5.6191355e-006, 0.307508281, 0.307508281, 7.68724677e-007, -0.951545405, 5.11047336e-006, 1, 2.45940713e-006, 0.95154541, -7.48515158e-006, 0.307508263, 0.307508263, -5.04960635e-008, -0.95154541, 7.13798959e-006, 1, 2.25369667e-006, 0, 0, 0, 0, 0, 0, 0, 0.257787866, -0.024043457, -0.222679224, -0.174233388, 0.817142675, -0.549416726, -0.79284668, 0.214355469, 0.5703125, 0.583883154, 0.535007554, 0.610678086, 0, 0, -0, 0, 0, 0, 0, 0.336290479, -0.0041949707, -0.180767285, 0.161443593, 0.569774776, -0.805620416, 0.19543457, -0.818603516, -0.539916992, -0.967305385, -0.0700987877, -0.243503184, 0, 2, 3, 1, 
339.139919, 38, 0.1, 0.1, 0.0153476897, 0.37733976, -0.0349742076, 0.95154537, -7.71313646e-006, 0.307508387, 0.307508387, -3.73481251e-006, -0.95154537, 8.48788546e-006, 1, -1.18198941e-006, 0.95154538, -6.98294978e-006, 0.307508356, 0.307508356, 1.17076412e-006, -0.95154538, 6.28457385e-006, 1, 3.2613506e-006, 0, 0, 0, 0, 0, 0, 0, 0.257787866, -0.024043457, -0.222679224, -0.174233388, 0.817142675, -0.549416726, -0.79284668, 0.214355469, 0.5703125, 0.583883154, 0.535007554, 0.610678086, 0, 0, -0, 0, 0, 0, 0, 0.336290479, -0.0041949707, -0.180767285, 0.161443593, 0.569774776, -0.805620416, 0.19543457, -0.818603516, -0.539916992, -0.967305385, -0.0700987877, -0.243503184, 0, 2, 3, 1, 
339.140642, 38, 0.1, 0.1, 0.01534769, 0.37733976, -0.0349729494, 0.951545323, -5.85358192e-006, 0.307508534, 0.307508534, -2.60499215e-006, -0.951545323, 6.37100582e-006, 1, -6.78741704e-007, 0.95154533, 1.5911667e-006, 0.307508513, 0.307508513, -3.9572101e-007, -0.95154533, -1.39237966e-006, 1, -8.65843783e-007, 0, 0, 0, 0, 0, 0, 0, 0.258121191, -0.0254407715, -0.222516162, -0.176416706, 0.815880834, -0.550508946, -0.792724609, 0.213745117, 0.570800781, 0.583363814, 0.53718488, 0.609244382, 0, 0, -0, 0, 0, 0, 0, 0.336290479, -0.0041949707, -0.180767285, 0.159002801, 0.56835587, -0.807121711, 0.196655273, -0.819335938, -0.538208008, -0.96743918, -0.0729482603, -0.242065322, 0, 2, 3, 1, 
339.141338, 38, 0.1, 0.1, 0.0153476901, 0.377339759, -0.0349706827, 0.951545308, 1.75724416e-006, 0.307508581, 0.307508581, 5.06343968e-006, -0.951545308, -3.22914859e-006, 1, 4.27772461e-006, 0.951545311, 5.85174335e-006, 0.30750857, 0.30750857, 9.41850897e-007, -0.951545311, -5.85782617e-006, 1, -9.03247425e-007, 0, 0, 0, 0, 0, 0, 0, 0.258121191, -0.0254407715, -0.222516162, -0.176416706, 0.815880834, -0.550508946, -0.792724609, 0.213745117, 0.570800781, 0.583363814, 0.53718488, 0.609244382, 0, 0, -0, 0, 0, 0, 0, 0.336349414, -0.00524174805, -0.180836377, 0.159002801, 0.56835587, -0.807121711, 0.196655273, -0.819335938, -0.538208008, -0.96743918, -0.0729482603, -0.242065322, 0, 2, 3, 1, 
339.142039, 38, 0.1, 0.1, 0.0153476899, 0.377339758, -0.0349682308, 0.951545268, 7.76271316e-006, 0.307508705, 0.307508705, 5.96948888e-006, -0.951545268, -9.22224277e-006, 1, 3.29313702e-006, 0.951545276, 4.70824613e-006, 0.307508678, 0.307508678, 5.29506572e-006, -0.951545276, -6.10838803e-006, 1, 3.59066823e-006, 0, 0, 0, 0, 0, 0, 0, 0.258121191, -0.0254407715, -0.222516162, -0.176416706, 0.815880834, -0.550508946, -0.792724609, 0.213745117, 0.570800781, 0.583363814, 0.53718488, 0.609244382, 0, 0, -0, 0, 0, 0, 0, 0.336349414, -0.00524174805, -0.180836377, 0.159002801, 0.56835587, -0.807121711, 0.196655273, -0.819335938, -0.538208008, -0.96743918, -0.0729482603, -0.242065322, 0, 2, 3, 1, 
339.142731, 38, 0.1, 0.1, 0.0153476892, 0.377339758, -0.0349663215, 0.951545254, 8.23668114e-006, 0.307508748, 0.307508748, -6.0637807e-007, -0.951545254, -7.65110828e-006, 1, -3.10984768e-006, 0.951545253, -2.42523984e-006, 0.307508749, 0.307508749, 2.38623178e-006, -0.951545253, 1.57393831e-006, 1, 3.01639e-006, 0, 0, 0, 0, 0, 0, 0, 0.258121191, -0.0254407715, -0.222516162, -0.176416706, 0.815880834, -0.550508946, -0.792724609, 0.213745117, 0.570800781, 0.583363814, 0.53718488, 0.609244382, 0, 0, -0, 0, 0, 0, 0, 0.336349414, -0.00524174805, -0.180836377, 0.159002801, 0.56835587, -0.807121711, 0.196655273, -0.819335938, -0.538208008, -0.96743918, -0.0729482603, -0.242065322, 0, 2, 3, 1, 
339.143425, 38, 0.1, 0.1, 0.0153476883, 0.377339758, -0.0349655388, 0.951545234, -8.75924816e-007, 0.30750881, 0.30750881, -4.51464129e-006, -0.951545234, 2.22177405e-006, 1, -4.02653081e-006, 0.951545241, -3.91655764e-006, 0.307508787, 0.307508787, -5.39918543e-006, -0.951545241, 5.38707874e-006, 1, -3.93319331e-006, 0, 0, 0, 0, 0, 0, 0, 0.258121191, -0.0254407715, -0.222516162, -0.176416706, 0.815880834, -0.550508946, -0.792724609, 0.213745117, 0.570800781, 0.583363814, 0.53718488, 0.609244382, 0, 0, -0, 0, 0, 0, 0, 0.336349414, -0.00524174805, -0.180836377, 0.159002801, 0.56835587, -0.807121711, 0.196655273, -0.819335938, -0.538208008, -0.96743918, -0.0729482603, -0.242065322, 0, 2, 3, 1, 
339.144118, 38, 0.1, 0.1, 0.0153476873, 0.377339757, -0.0349660597, 0.951545208, -7.43414373e-006, 0.307508889, 0.307508889, -1.62869281e-007, -0.951545208, 7.1240076e-006, 1, 2.1310878e-006, 0.951545208, -2.39175724e-006, 0.307508888, 0.307508888, -5.02166608e-006, -0.951545208, 3.82007209e-006, 1, -4.04285568e-006, 0, 0, 0, 0, 0, 0, 0, 0.258121191, -0.0254407715, -0.222516162, -0.176416706, 0.815880834, -0.550508946, -0.792724609, 0.213745117, 0.570800781, 0.583363814, 0.53718488, 0.609244382, 0, 0, -0, 0, 0, 0, 0, 0.336349414, -0.00524174805, -0.180836377, 0.159002801, 0.56835587, -0.807121711, 0.196655273, -0.819335938, -0.538208008, -0.96743918, -0.0729482603, -0.242065322, 0, 2, 3, 1, 
339.144808, 38, 0.1, 0.1, 0.0153476868, 0.377339757, -0.0349676263, 0.951545207, -6.10601987e-006, 0.307508891, 0.307508891, 3.89594152e-007, -0.951545207, 5.69035028e-006, 1, 2.24837185e-006, 0.95154521, 2.41727259e-006, 0.307508883, 0.307508883, 3.23362323e-006, -0.95154521, -3.29451202e-006, 1, 2.3336059e-006, 0, 0, 0, 0, 0, 0, 0, 0.258121191, -0.0254407715, -0.222516162, -0.176416706, 0.815880834, -0.550508946, -0.792724609, 0.213745117, 0.570800781, 0.583363814, 0.53718488, 0.609244382, 0, 0, -0, 0, 0, 0, 0, 0.336349414, -0.00524174805, -0.180836377, 0.159002801, 0.56835587, -0.807121711, 0.196655273, -0.819335938, -0.538208008, -0.96743918, -0.0729482603, -0.242065322, 0, 2, 3, 1, 
339.145525, 38, 0.1, 0.1, 0.0153476867, 0.377339757, -0.034969628, 0.951545177, 3.33886311e-006, 0.307508985, 0.307508985, -1.586473e-006, -0.951545177, -2.68922438e-006, 1, -2.53633114e-006, 0.951545182, 4.62062244e-006, 0.30750897, 0.30750897, 4.34519213e-006, -0.951545182, -5.73291657e-006, 1, 2.71376379e-006, 0, 0, 0, 0, 0, 0, 0, 0.258687402, -0.0266373047, -0.222179419, -0.178327811, 0.814130733, -0.552609888, -0.793701172, 0.212890625, 0.569702148, 0.581441848, 0.540181092, 0.608464811, 0, 0, -0, 0, 0, 0, 0, 0.336961279, -0.00634370117, -0.180506348, 0.157967789, 0.566432034, -0.808636132, 0.199707031, -0.8203125, -0.535644531, -0.966934251, -0.0768327449, -0.242838207, 0, 2, 3, 1, 
339.146215, 38, 0.1, 0.1, 0.0153476872, 0.377339757, -0.034971336, 0.951545178, 5.35941252e-006, 0.307508983, 0.307508983, -3.18752202e-007, -0.951545178, -5.00170397e-006, 1, -1.95137461e-006, 0.951545177, 3.0291447e-006, 0.307508985, 0.307508985, -1.18830013e-006, -0.951545177, -2.51695506e-006, 1, -2.06221047e-006, 0, 0, 0, 0, 0, 0, 0, 0.258687402, -0.0266373047, -0.222179419, -0.178327811, 0.814130733, -0.552609888, -0.793701172, 0.212890625, 0.569702148, 0.581441848, 0.540181092, 0.608464811, 0, 0, -0, 0, 0, 0, 0, 0.336961279, -0.00634370117, -0.180506348, 0.157967789, 0.566432034, -0.808636132, 0.199707031, -0.8203125, -0.535644531, -0.966934251, -0.0768327449, -0.242838207, 0, 2, 3, 1, 
339.146909, 38, 0.1, 0.1, 0.0153476878, 0.377339756, -0.0349724782, 0.951545161, 2.32782329e-006, 0.307509035, 0.307509035, 3.80065151e-006, -0.951545161, -3.38376367e-006, 1, 2.90066485e-006, 0.951545167, -3.53610246e-006, 0.307509017, 0.307509017, -3.19524145e-006, -0.951545167, 4.34732676e-006, 1, -1.95303317e-006, 0, 0, 0, 0, 0, 0, 0, 0.258687402, -0.0266373047, -0.222179419, -0.178327811, 0.814130733, -0.552609888, -0.793701172, 0.212890625, 0.569702148, 0.581441848, 0.540181092, 0.608464811, 0, 0, -0, 0, 0, 0, 0, 0.336961279, -0.00634370117, -0.180506348, 0.157967789, 0.566432034, -0.808636132, 0.199707031, -0.8203125, -0.535644531, -0.966934251, -0.0768327449, -0.242838207, 0, 2, 3, 1, 
339.147602, 38, 0.1, 0.1, 0.0153476878, 0.377339756, -0.0349727181, 0.951545152, -3.49939773e-006, 0.307509062, 0.307509062, 1.75419842e-006, -0.951545152, 2.79040304e-006, 1, 2.74529551e-006, 0.951545151, -6.25375725e-006, 0.307509066, 0.307509066, 9.78644563e-007, -0.951545151, 5.64979031e-006, 1, 2.85431154e-006, 0, 0, 0, 0, 0, 0, 0, 0.258687402, -0.0266373047, -0.222179419, -0.178327811, 0.814130733, -0.552609888, -0.793701172, 0.212890625, 0.569702148, 0.581441848, 0.540181092, 0.608464811, 0, 0, -0, 0, 0, 0, 0, 0.336961279, -0.00634370117, -0.180506348, 0.157967789, 0.566432034, -0.808636132, 0.199707031, -0.8203125, -0.535644531, -0.966934251, -0.0768327449, -0.242838207, 0, 2, 3, 1, 
339.148309, 38, 0.1, 0.1, 0.015347687, 0.377339755, -0.0349719703, 0.951545151, -4.29336392e-006, 0.307509067, 0.307509067, -3.64219601e-006, -0.951545151, 5.20533791e-006, 1, -2.14546562e-006, 0.951545154, -3.8031817e-006, 0.307509055, 0.307509055, 1.79100576e-006, -0.951545154, 3.06814863e-006, 1, 2.87373566e-006, 0, 0, 0, 0, 0, 0, 0, 0.258687402, -0.0266373047, -0.222179419, -0.178327811, 0.814130733, -0.552609888, -0.793701172, 0.212890625, 0.569702148, 0.581441848, 0.540181092, 0.608464811, 0, 0, -0, 0, 0, 0, 0, 0.337556543, -0.0072109375, -0.180174609, 0.156689974, 0.564789281, -0.810163314, 0.20324707, -0.821044922, -0.533203125, -0.966454841, -0.0810559147, -0.243489691, 0, 2, 3, 1, 
339.149005, 38, 0.1, 0.1, 0.0153476858, 0.377339755, -0.034970543, 0.951545131, -2.18378245e-006, 0.307509127, 0.307509127, -3.1378593e-006, -0.951545131, 3.04288793e-006, 1, -2.31428171e-006, 0.951545132, 5.5870718e-006, 0.307509123, 0.307509123, -8.11963495e-007, -0.951545133, -5.0666648e-006, 1, -2.49069546e-006, 0, 0, 0, 0, 0, 0, 0, 0.258687402, -0.0266373047, -0.222179419, -0.178327811, 0.814130733, -0.552609888, -0.793701172, 0.212890625, 0.569702148, 0.581441848, 0.540181092, 0.608464811, 0, 0, -0, 0, 0, 0, 0, 0.337556543, -0.0072109375, -0.180174609, 0.156689974, 0.564789281, -0.810163314, 0.20324707, -0.821044922, -0.533203125, -0.966454841, -0.0810559147, -0.243489691, 0, 2, 3, 1, 
339.149697, 38, 0.1, 0.1, 0.015347685, 0.377339754, -0.0349689853, 0.951545141, 3.64654029e-006, 0.307509097, 0.307509097, 4.10620906e-006, -0.951545141, -4.73254433e-006, 1, 2.78589897e-006, 0.951545139, 8.42203061e-006, 0.307509101, 0.307509102, 1.66243732e-008, -0.951545139, -8.01905444e-006, 1, -2.57403223e-006, 0, 0, 0, 0, 0, 0, 0, 0.258687402, -0.0266373047, -0.222179419, -0.178327811, 0.814130733, -0.552609888, -0.793701172, 0.212890625, 0.569702148, 0.581441848, 0.540181092, 0.608464811, 0, 0, -0, 0, 0, 0, 0, 0.337556543, -0.0072109375, -0.180174609, 0.156689974, 0.564789281, -0.810163314, 0.20324707, -0.821044922, -0.533203125, -0.966454841, -0.0810559147, -0.243489691, 0, 2, 3, 1, 
339.1504, 38, 0.1, 0.1, 0.0153476849, 0.377339754, -0.0349676806, 0.951545121, 6.96752678e-006, 0.307509159, 0.307509159, 4.93907302e-006, -0.951545121, -8.14872631e-006, 1, 2.55717254e-006, 0.951545125, 4.52696319e-006, 0.307509145, 0.307509145, 4.36337028e-006, -0.951545125, -5.64938603e-006, 1, 2.75986114e-006, 0, 0, 0, 0, 0, 0, 0, 0.259468066, -0.0278324951, -0.22159978, -0.180397675, 0.812399727, -0.554330033, -0.794799805, 0.211425781, 0.568725586, 0.579297844, 0.543297871, 0.60774852, 0, 0, -0, 0, 0, 0, 0, 0.337556543, -0.0072109375, -0.180174609, 0.156689974, 0.564789281, -0.810163314, 0.20324707, -0.821044922, -0.533203125, -0.966454841, -0.0810559147, -0.243489691, 0, 2, 3, 1, 
339.151095, 38, 0.1, 0.1, 0.0153476849, 0.377339754, -0.0349669981, 0.951545124, 5.90453751e-006, 0.30750915, 0.30750915, -1.98802751e-006, -0.951545124, -5.00709723e-006, 1, -3.7073972e-006, 0.95154512, -4.52933481e-006, 0.30750916, 0.30750916, 9.64358218e-007, -0.95154512, 4.01331745e-006, 1, 2.3104423e-006, 0, 0, 0, 0, 0, 0, 0, 0.259468066, -0.0278324951, -0.22159978, -0.180397675, 0.812399727, -0.554330033, -0.794799805, 0.211425781, 0.568725586, 0.579297844, 0.543297871, 0.60774852, 0, 0, -0, 0, 0, 0, 0, 0.337556543, -0.0072109375, -0.180174609, 0.156689974, 0.564789281, -0.810163314, 0.20324707, -0.821044922, -0.533203125, -0.966454841, -0.0810559147, -0.243489691, 0, 2, 3, 1, 
339.151787, 38, 0.1, 0.1, 0.0153476849, 0.377339754, -0.0349671423, 0.951545119, -3.04389605e-006, 0.307509164, 0.307509164, -5.12126847e-006, -0.951545119, 4.47124142e-006, 1, -3.93709209e-006, 0.951545124, -5.99457294e-006, 0.30750915, 0.30750915, -6.11438782e-006, -0.951545124, 7.58433685e-006, 1, -3.97472989e-006, 0, 0, 0, 0, 0, 0, 0, 0.259468066, -0.0278324951, -0.22159978, -0.180397675, 0.812399727, -0.554330033, -0.794799805, 0.211425781, 0.568725586, 0.579297844, 0.543297871, 0.60774852, 0, 0, -0, 0, 0, 0, 0, 0.337556543, -0.0072109375, -0.180174609, 0.156689974, 0.564789281, -0.810163314, 0.20324707, -0.821044922, -0.533203125, -0.966454841, -0.0810559147, -0.243489691, 0, 2, 3, 1, 
339.152478, 38, 0.1, 0.1, 0.0153476844, 0.377339754, -0.0349680552, 0.951545107, -7.61180482e-006, 0.307509201, 0.307509201, -3.08808721e-007, -0.951545107, 7.33793716e-006, 1, 2.04685459e-006, 0.951545106, -3.29482954e-006, 0.307509206, 0.307509206, -4.88262772e-006, -0.951545106, 4.6366319e-006, 1, -3.63285009e-006, 0, 0, 0, 0, 0, 0, 0, 0.259468066, -0.0278324951, -0.22159978, -0.180397675, 0.812399727, -0.554330033, -0.794799805, 0.211425781, 0.568725586, 0.579297844, 0.543297871, 0.60774852, 0, 0, -0, 0, 0, 0, 0, 0.337556543, -0.0072109375, -0.180174609, 0.156689974, 0.564789281, -0.810163314, 0.20324707, -0.821044922, -0.533203125, -0.966454841, -0.0810559147, -0.243489691, 0, 2, 3, 1, 
339.1532, 38, 0.1, 0.1, 0.0153476836, 0.377339754, -0.0349691671, 0.951545118, -4.49719433e-006, 0.307509168, 0.307509168, 6.3166015e-007, -0.951545118, 4.08504202e-006, 1, 1.98398162e-006, 0.951545119, 3.38200747e-006, 0.307509166, 0.307509166, 3.34615332e-006, -0.951545119, -4.24710552e-006, 1, 2.14401756e-006, 0, 0, 0, 0, 0, 0, 0, 0.260519458, -0.0292536133, -0.221269873, -0.181522095, 0.81063053, -0.556595727, -0.796386719, 0.21081543, 0.566772461, 0.576880504, 0.546173515, 0.607489411, 0, 0, -0, 0, 0, 0, 0, 0.338441455, -0.00826113281, -0.179819922, 0.156383371, 0.563395895, -0.81112833, 0.206298828, -0.821655273, -0.53112793, -0.965873353, -0.0841481905, -0.244818546, 0, 2, 3, 1, 
339.15389, 38, 0.1, 0.1, 0.015347683, 0.377339754, -0.0349702599, 0.951545099, 4.76833541e-006, 0.307509226, 0.307509226, -1.94509317e-006, -0.951545099, -3.93915209e-006, 1, -3.317151e-006, 0.951545102, 5.93072567e-006, 0.307509217, 0.307509217, 3.83291277e-006, -0.951545102, -6.82200897e-006, 1, 1.82343656e-006, 0, 0, 0, 0, 0, 0, 0, 0.260519458, -0.0292536133, -0.221269873, -0.181522095, 0.81063053, -0.556595727, -0.796386719, 0.21081543, 0.566772461, 0.576880504, 0.546173515, 0.607489411, 0, 0, -0, 0, 0, 0, 0, 0.338441455, -0.00826113281, -0.179819922, 0.156383371, 0.563395895, -0.81112833, 0.206298828, -0.821655273, -0.53112793, -0.965873353, -0.0841481905, -0.244818546, 0, 2, 3, 1, 
339.154593, 38, 0.1, 0.1, 0.0153476831, 0.377339754, -0.0349710596, 0.951545109, 6.86328223e-006, 0.307509194, 0.307509194, -7.13209457e-007, -0.95154511, -6.31140417e-006, 1, -2.78917336e-006, 0.951545107, 4.52383686e-006, 0.307509202, 0.307509202, -1.6019129e-006, -0.951545107, -3.81203187e-006, 1, -2.91541385e-006, 0, 0, 0, 0, 0, 0, 0, 0.260519458, -0.0292536133, -0.221269873, -0.181522095, 0.81063053, -0.556595727, -0.796386719, 0.21081543, 0.566772461, 0.576880504, 0.546173515, 0.607489411, 0, 0, -0, 0, 0, 0, 0, 0.338441455, -0.00826113281, -0.179819922, 0.156383371, 0.563395895, -0.81112833, 0.206298828, -0.821655273, -0.53112793, -0.965873353, -0.0841481905, -0.244818546, 0, 2, 3, 1, 
339.15529, 38, 0.1, 0.1, 0.0153476834, 0.377339754, -0.0349713721, 0.9515451, 3.33034948e-006, 0.307509222, 0.307509222, 3.570452e-006, -0.9515451, -4.26692465e-006, 1, 2.37333293e-006, 0.951545105, -2.5148424e-006, 0.30750921, 0.30750921, -3.63877192e-006, -0.951545105, 3.51194185e-006, 1, -2.6891184e-006, 0, 0, 0, 0, 0, 0, 0, 0.260519458, -0.0292536133, -0.221269873, -0.181522095, 0.81063053, -0.556595727, -0.796386719, 0.21081543, 0.566772461, 0.576880504, 0.546173515, 0.607489411, 0, 0, -0, 0, 0, 0, 0, 0.338441455, -0.00826113281, -0.179819922, 0.156383371, 0.563395895, -0.81112833, 0.206298828, -0.821655273, -0.53112793, -0.965873353, -0.0841481905, -0.244818546, 0, 2, 3, 1, 
