time, realDorsalTactorPos, realVentralTactorPos, boxPosX, boxPosY, boxPosZ, boxLocalRot_11, boxLocalRot_12, boxLocalRot_13, boxLocalRot_21, boxLocalRot_22, boxLocalRot_23, boxLocalRot_31, boxLocalRot_32, boxLocalRot_33, boxGlobalRot_11, boxGlobalRot_12, boxGlobalRot_13, boxGlobalRot_21, boxGlobalRot_22, boxGlobalRot_23, boxGlobalRot_31, boxGlobalRot_32, boxGlobalRot_33, indexForceX, indexForceY, indexForceZ, indexForceGlobalX, indexForceGlobalY, indexForceGlobalZ, indexContact, indexPosX, indexPosY, indexPosZ, indexRot_11, indexRot_12, indexRot_13, indexRot_21, indexRot_22, indexRot_23, indexRot_31, indexRot_32, indexRot_33, thumbForceX, thumbForceY, thumbForceZ, thumbForceGlobalX, thumbForceGlobalY, thumbForceGlobalZ, thumbContact, thumbPosX, thumbPosY, thumbPosZ, thumbRot_11, thumbRot_12, thumbRot_13, thumbRot_21, thumbRot_22, thumbRot_23, thumbRot_31, thumbRot_32, thumbRot_33, mapping, boxInitParam, trialSuccess, 
509.782371, 0.1, 0.1, 0.201032816, -0.0935196058, -0.0199598099, 0.226609324, 0.973985736, 3.06883878e-005, 0.973985736, -0.226609324, 7.67451826e-006, 1.44291461e-005, 2.81509345e-005, -0.999999999, 0.226609303, 0.973985741, -2.16335034e-005, 0.97398574, -0.226609301, 4.50496558e-005, 3.89753693e-005, -3.12793949e-005, -0.999999999, 0, 0, 0, 0, 0, 0, 0, 0.251531006, 0.00377182617, 0.000729394532, -0.618902749, 0.716978043, -0.320537483, -0.663574219, -0.259033203, 0.701660156, 0.420105146, 0.647026598, 0.636346735, 0, 0, 0, 0, 0, 0, 0, 0.29635, 0.0510225586, 0.0128883789, -0.689906856, 0.544905129, -0.476388369, -0.228027344, -0.788330078, -0.571289062, -0.686962138, -0.285425809, 0.668219903, 4, 4, 1, 
509.810853, 0.1, 0.1, 0.201032851, -0.0935196354, -0.0199612046, 0.226579323, 0.973992715, 2.62060759e-005, 0.973992715, -0.226579322, -4.83700315e-005, -4.11743034e-005, 3.6484176e-005, -0.999999998, 0.226580227, 0.973992506, 5.44796387e-006, 0.973992505, -0.226580226, -3.69317041e-005, -3.47368022e-005, 1.36742699e-005, -0.999999999, 0, 0, 0, 0, 0, 0, 0, 0.254037305, 0.00823835449, 0.00500546875, -0.601600215, 0.735475416, -0.311333923, -0.666870117, -0.248046875, 0.702636719, 0.439611242, 0.630378197, 0.639832711, 0, 0, 0, 0, 0, 0, 0, 0.29928916, 0.0542602051, 0.0173945313, -0.685798524, 0.55630412, -0.469027714, -0.238525391, -0.780639648, -0.577392578, -0.687512277, -0.284104984, 0.668257083, 4, 4, 1, 
509.811681, 0.1, 0.1, 0.201032853, -0.0935196328, -0.0199645592, 0.22657462, 0.973993809, -2.32220743e-005, 0.973993809, -0.226574619, 4.9607523e-005, 4.30558877e-005, -3.38579623e-005, -0.999999998, 0.226575726, 0.973993553, -2.93149432e-006, 0.973993552, -0.226575726, 3.94012331e-005, 3.77123415e-005, -1.17826195e-005, -0.999999999, 0, 0, 0, 0, 0, 0, 0, 0.254037305, 0.00823835449, 0.00500546875, -0.601600215, 0.735475416, -0.311333923, -0.666870117, -0.248046875, 0.702636719, 0.439611242, 0.630378197, 0.639832711, 0, 0, 0, 0, 0, 0, 0, 0.29928916, 0.0542602051, 0.0173945313, -0.685798524, 0.55630412, -0.469027714, -0.238525391, -0.780639648, -0.577392578, -0.687512277, -0.284104984, 0.668257083, 4, 4, 1, 
509.812519, 0.1, 0.1, 0.201032851, -0.0935196342, -0.019967089, 0.226569903, 0.973994907, 2.77801071e-005, 0.973994906, -0.226569902, -4.97362615e-005, -4.21487292e-005, 3.83264227e-005, -0.999999998, 0.226570834, 0.97399469, 1.05266169e-005, 0.97399469, -0.226570834, -4.09845578e-005, -3.75337173e-005, 1.95387744e-005, -0.999999999, 0, 0, 0, 0, 0, 0, 0, 0.254286182, 0.00895703125, 0.00508066406, -0.60116812, 0.736509226, -0.309893105, -0.666503906, -0.248291016, 0.702880859, 0.440778724, 0.62910213, 0.64034606, 0, 0, 0, 0, 0, 0, 0, 0.299697803, 0.054901123, 0.017709082, -0.686616253, 0.556335836, -0.467692297, -0.23828125, -0.780151367, -0.57824707, -0.686739025, -0.285574563, 0.668397441, 4, 4, 1, 
509.813315, 0.1, 0.1, 0.201032854, -0.0935196332, -0.0199685142, 0.226565413, 0.973995951, -1.75620616e-005, 0.973995951, -0.226565412, 4.02236115e-005, 3.5198679e-005, -2.6218656e-005, -0.999999999, 0.226566286, 0.973995748, -2.12349266e-006, 0.973995748, -0.226566286, 3.23070374e-005, 3.09858052e-005, -9.38795831e-006, -0.999999999, 0, 0, 0, 0, 0, 0, 0, 0.254286182, 0.00895703125, 0.00508066406, -0.60116812, 0.736509226, -0.309893105, -0.666503906, -0.248291016, 0.702880859, 0.440778724, 0.62910213, 0.64034606, 0, 0, 0, 0, 0, 0, 0, 0.299697803, 0.054901123, 0.017709082, -0.686616253, 0.556335836, -0.467692297, -0.23828125, -0.780151367, -0.57824707, -0.686739025, -0.285574563, 0.668397441, 4, 4, 1, 
509.814112, 0.1, 0.1, 0.201032853, -0.093519635, -0.0199687402, 0.226561039, 0.973996969, 2.64840594e-005, 0.973996968, -0.226561038, -4.47190193e-005, -3.75559332e-005, 3.59269811e-005, -0.999999999, 0.226561904, 0.973996768, 1.18648561e-005, 0.973996767, -0.226561904, -3.81427772e-005, -3.44628174e-005, 2.01980317e-005, -0.999999999, 0, 0, 0, 0, 0, 0, 0, 0.254286182, 0.00895703125, 0.00508066406, -0.60116812, 0.736509226, -0.309893105, -0.666503906, -0.248291016, 0.702880859, 0.440778724, 0.62910213, 0.64034606, 0, 0, 0, 0, 0, 0, 0, 0.299697803, 0.054901123, 0.017709082, -0.686616253, 0.556335836, -0.467692297, -0.23828125, -0.780151367, -0.57824707, -0.686739025, -0.285574563, 0.668397441, 4, 4, 1, 
509.814909, 0.1, 0.1, 0.201032854, -0.0935196322, -0.019967788, 0.226556745, 0.973997967, -2.482977e-005, 0.973997967, -0.226556744, 4.81504796e-005, 4.12731174e-005, -3.50929615e-005, -0.999999999, 0.226557585, 0.973997772, -9.02159395e-006, 0.973997772, -0.226557584, 4.08439258e-005, 3.77379822e-005, -1.80405136e-005, -0.999999999, 0, 0, 0, 0, 0, 0, 0, 0.254286182, 0.00895703125, 0.00508066406, -0.60116812, 0.736509226, -0.309893105, -0.666503906, -0.248291016, 0.702880859, 0.440778724, 0.62910213, 0.64034606, 0, 0, 0, 0, 0, 0, 0, 0.299697803, 0.054901123, 0.017709082, -0.686616253, 0.556335836, -0.467692297, -0.23828125, -0.780151367, -0.57824707, -0.686739025, -0.285574563, 0.668397441, 4, 4, 1, 
509.815698, 0.1, 0.1, 0.201032852, -0.0935196333, -0.0199661603, 0.226552527, 0.973998949, 2.44621498e-005, 0.973998948, -0.226552526, -4.46816861e-005, -3.79779535e-005, 3.3948857e-005, -0.999999999, 0.226553374, 0.973998752, 8.46910342e-006, 0.973998751, -0.226553373, -3.7312871e-005, -3.44239859e-005, 1.6702253e-005, -0.999999999, 0, 0, 0, 0, 0, 0, 0, 0.254286182, 0.00895703125, 0.00508066406, -0.60116812, 0.736509226, -0.309893105, -0.666503906, -0.248291016, 0.702880859, 0.440778724, 0.62910213, 0.64034606, 0, 0, 0, 0, 0, 0, 0, 0.299697803, 0.054901123, 0.017709082, -0.686616253, 0.556335836, -0.467692297, -0.23828125, -0.780151367, -0.57824707, -0.686739025, -0.285574563, 0.668397441, 4, 4, 1, 
509.816489, 0.1, 0.1, 0.201032852, -0.0935196298, -0.0199644432, 0.226548326, 0.973999926, -3.05912531e-005, 0.973999925, -0.226548324, 5.36407842e-005, 4.53157227e-005, -4.19481081e-005, -0.999999998, 0.226549182, 0.973999727, -1.29963261e-005, 0.973999726, -0.226549181, 4.57673443e-005, 4.16330738e-005, -2.30269724e-005, -0.999999999, 0, 0, 0, 0, 0, 0, 0, 0.254286182, 0.00895703125, 0.00508066406, -0.60116812, 0.736509226, -0.309893105, -0.666503906, -0.248291016, 0.702880859, 0.440778724, 0.62910213, 0.64034606, 0, 0, 0, 0, 0, 0, 0, 0.299697803, 0.054901123, 0.017709082, -0.686616253, 0.556335836, -0.467692297, -0.23828125, -0.780151367, -0.57824707, -0.686739025, -0.285574563, 0.668397441, 4, 4, 1, 
509.817307, 0.1, 0.1, 0.201032849, -0.0935196315, -0.0199627855, 0.226543954, 0.974000943, 2.55133817e-005, 0.974000942, -0.226543952, -5.33901771e-005, -4.62221805e-005, 3.69452796e-005, -0.999999998, 0.226544802, 0.974000746, 7.40026994e-006, 0.974000745, -0.226544802, -4.50417824e-005, -4.2194237e-005, 1.74118501e-005, -0.999999999, 0, 0, 0, 0, 0, 0, 0, 0.254539819, 0.00944770508, 0.00537165527, -0.600634553, 0.737441565, -0.308591951, -0.666259766, -0.248413086, 0.70300293, 0.441806543, 0.627965727, 0.640757937, 0, 0, 0, 0, 0, 0, 0, 0.29987002, 0.055542041, 0.0180353516, -0.687702304, 0.556367552, -0.466260997, -0.23815918, -0.779541016, -0.578979492, -0.685748489, -0.287044142, 0.668793362, 4, 4, 1, 
509.818099, 0.1, 0.1, 0.20103285, -0.0935196288, -0.0199621609, 0.226539686, 0.974001935, -3.06617986e-005, 0.974001935, -0.226539684, 5.41414178e-005, 4.57877315e-005, -4.21298309e-005, -0.999999998, 0.226540542, 0.974001737, -1.24845468e-005, 0.974001736, -0.226540541, 4.52889292e-005, 4.12832397e-005, -2.24197488e-005, -0.999999999, 0, 0, 0, 0, 0, 0, 0, 0.254539819, 0.00944770508, 0.00537165527, -0.600634553, 0.737441565, -0.308591951, -0.666259766, -0.248413086, 0.70300293, 0.441806543, 0.627965727, 0.640757937, 0, 0, 0, 0, 0, 0, 0, 0.29987002, 0.055542041, 0.0180353516, -0.687702304, 0.556367552, -0.466260997, -0.23815918, -0.779541016, -0.578979492, -0.685748489, -0.287044142, 0.668793362, 4, 4, 1, 
509.818898, 0.1, 0.1, 0.201032847, -0.0935196306, -0.0199626095, 0.226535341, 0.974002946, 2.74624076e-005, 0.974002945, -0.226535339, -5.41891885e-005, -4.65592234e-005, 3.90242321e-005, -0.999999998, 0.226536201, 0.974002746, 9.02950517e-006, 0.974002745, -0.2265362, -4.54152617e-005, -4.21890798e-005, 1.90829637e-005, -0.999999999, 0, 0, 0, 0, 0, 0, 0, 0.254539819, 0.00944770508, 0.00537165527, -0.600634553, 0.737441565, -0.308591951, -0.666259766, -0.248413086, 0.70300293, 0.441806543, 0.627965727, 0.640757937, 0, 0, 0, 0, 0, 0, 0, 0.29987002, 0.055542041, 0.0180353516, -0.687702304, 0.556367552, -0.466260997, -0.23815918, -0.779541016, -0.578979492, -0.685748489, -0.287044142, 0.668793362, 4, 4, 1, 
509.819701, 0.1, 0.1, 0.201032849, -0.0935196282, -0.0199638418, 0.22653095, 0.974003967, -2.62620808e-005, 0.974003966, -0.226530949, 5.24751274e-005, 4.51618082e-005, -3.74666114e-005, -0.999999998, 0.226531816, 0.974003766, -8.83138402e-006, 0.974003765, -0.226531815, 4.36914407e-005, 4.05550383e-005, -1.84993027e-005, -0.999999999, 0, 0, 0, 0, 0, 0, 0, 0.254539819, 0.00944770508, 0.00537165527, -0.600634553, 0.737441565, -0.308591951, -0.666259766, -0.248413086, 0.70300293, 0.441806543, 0.627965727, 0.640757937, 0, 0, 0, 0, 0, 0, 0, 0.300048828, 0.0561729492, 0.0181283691, -0.688654194, 0.556290627, -0.464938339, -0.237915039, -0.779052734, -0.579833984, -0.684866595, -0.288647883, 0.669055122, 4, 4, 1, 
509.820496, 0.1, 0.1, 0.201032846, -0.0935196292, -0.019965429, 0.226526597, 0.97400498, 2.62270328e-005, 0.974004979, -0.226526595, -4.69309364e-005, -3.97698454e-005, 3.61763658e-005, -0.999999999, 0.226527475, 0.974004776, 8.97537565e-006, 0.974004775, -0.226527475, -3.82667367e-005, -3.52388151e-005, 1.7410526e-005, -0.999999999, 0, 0, 0, 0, 0, 0, 0, 0.254539819, 0.00944770508, 0.00537165527, -0.600634553, 0.737441565, -0.308591951, -0.666259766, -0.248413086, 0.70300293, 0.441806543, 0.627965727, 0.640757937, 0, 0, 0, 0, 0, 0, 0, 0.300048828, 0.0561729492, 0.0181283691, -0.688654194, 0.556290627, -0.464938339, -0.237915039, -0.779052734, -0.579833984, -0.684866595, -0.288647883, 0.669055122, 4, 4, 1, 
509.821289, 0.1, 0.1, 0.201032848, -0.093519627, -0.0199668375, 0.226522277, 0.974005984, -2.2213907e-005, 0.974005984, -0.226522276, 4.65360054e-005, 4.0294403e-005, -3.21779202e-005, -0.999999999, 0.226523135, 0.974005785, -6.1313922e-006, 0.974005784, -0.226523135, 3.87543333e-005, 3.63580426e-005, -1.47507645e-005, -0.999999999, 0, 0, 0, 0, 0, 0, 0, 0.254539819, 0.00944770508, 0.00537165527, -0.600634553, 0.737441565, -0.308591951, -0.666259766, -0.248413086, 0.70300293, 0.441806543, 0.627965727, 0.640757937, 0, 0, 0, 0, 0, 0, 0, 0.300048828, 0.0561729492, 0.0181283691, -0.688654194, 0.556290627, -0.464938339, -0.237915039, -0.779052734, -0.579833984, -0.684866595, -0.288647883, 0.669055122, 4, 4, 1, 
509.822095, 0.1, 0.1, 0.201032846, -0.0935196286, -0.0199675315, 0.22651793, 0.974006995, 2.57269143e-005, 0.974006995, -0.226517929, -4.73401229e-005, -4.02820035e-005, 3.57815811e-005, -0.999999999, 0.226518769, 0.9740068, 1.03578905e-005, 0.9740068, -0.226518768, -3.99064567e-005, -3.65229036e-005, 1.91282172e-005, -0.999999999, 0, 0, 0, 0, 0, 0, 0, 0.254777222, 0.0101494141, 0.00587978516, -0.60039941, 0.738132769, -0.307411364, -0.666015625, -0.248901367, 0.703125, 0.442510852, 0.626867515, 0.64118891, 0, 0, 0, 0, 0, 0, 0, 0.300048828, 0.0561729492, 0.0181283691, -0.688654194, 0.556290627, -0.464938339, -0.237915039, -0.779052734, -0.579833984, -0.684866595, -0.288647883, 0.669055122, 4, 4, 1, 
509.822896, 0.1, 0.1, 0.201032848, -0.0935196264, -0.0199673649, 0.226513653, 0.97400799, -2.45583671e-005, 0.974007989, -0.226513652, 4.59040219e-005, 3.91480786e-005, -3.43179335e-005, -0.999999999, 0.226514502, 0.974007793, -8.53036925e-006, 0.974007792, -0.226514502, 3.84403586e-005, 3.55089564e-005, -1.70159448e-005, -0.999999999, 0, 0, 0, 0, 0, 0, 0, 0.254777222, 0.0101494141, 0.00587978516, -0.60039941, 0.738132769, -0.307411364, -0.666015625, -0.248901367, 0.703125, 0.442510852, 0.626867515, 0.64118891, 0, 0, 0, 0, 0, 0, 0, 0.300048828, 0.0561729492, 0.0181283691, -0.688654194, 0.556290627, -0.464938339, -0.237915039, -0.779052734, -0.579833984, -0.684866595, -0.288647883, 0.669055122, 4, 4, 1, 
509.823708, 0.1, 0.1, 0.201032846, -0.0935196286, -0.0199663752, 0.226509336, 0.974008994, 2.84134172e-005, 0.974008993, -0.226509334, -4.98123287e-005, -4.20817519e-005, 3.89578814e-005, -0.999999998, 0.226510188, 0.974008796, 1.22780866e-005, 0.974008795, -0.226510188, -4.25101341e-005, -3.86241328e-005, 2.15879429e-005, -0.999999999, 0, 0, 0, 0, 0, 0, 0, 0.254777222, 0.0101494141, 0.00587978516, -0.60039941, 0.738132769, -0.307411364, -0.666015625, -0.248901367, 0.703125, 0.442510852, 0.626867515, 0.64118891, 0, 0, 0, 0, 0, 0, 0, 0.300048828, 0.0561729492, 0.0181283691, -0.688654194, 0.556290627, -0.464938339, -0.237915039, -0.779052734, -0.579833984, -0.684866595, -0.288647883, 0.669055122, 4, 4, 1, 
509.824529, 0.1, 0.1, 0.201032848, -0.0935196254, -0.0199646673, 0.226504977, 0.974010008, -2.81318775e-005, 0.974010007, -0.226504975, 5.37386091e-005, 4.59699329e-005, -3.95727926e-005, -0.999999998, 0.226505835, 0.974009808, -1.05465853e-005, 0.974009808, -0.226505834, 4.59301777e-005, 4.23475805e-005, -2.06759308e-005, -0.999999999, 0, 0, 0, 0, 0, 0, 0, 0.255066748, 0.010443335, 0.00616125488, -0.599186623, 0.739610657, -0.306313153, -0.666259766, -0.248535156, 0.70300293, 0.44392546, 0.625273929, 0.641880114, 0, 0, 0, 0, 0, 0, 0, 0.300040771, 0.0564340332, 0.0184429199, -0.688960796, 0.557108355, -0.463602922, -0.238647461, -0.778198242, -0.580688477, -0.684285106, -0.289421135, 0.66919548, 4, 4, 1, 
509.82532, 0.1, 0.1, 0.201032845, -0.0935196268, -0.0199632689, 0.226500752, 0.97401099, 2.70413619e-005, 0.97401099, -0.22650075, -5.0256267e-005, -4.28252676e-005, 3.77216659e-005, -0.999999998, 0.226501603, 0.974010792, 9.2496586e-006, 0.974010792, -0.226501603, -4.16331007e-005, -3.84560269e-005, 1.84392314e-005, -0.999999999, 0, 0, 0, 0, 0, 0, 0, 0.255066748, 0.010443335, 0.00616125488, -0.599186623, 0.739610657, -0.306313153, -0.666259766, -0.248535156, 0.70300293, 0.44392546, 0.625273929, 0.641880114, 0, 0, 0, 0, 0, 0, 0, 0.300040771, 0.0564340332, 0.0184429199, -0.688960796, 0.557108355, -0.463602922, -0.238647461, -0.778198242, -0.580688477, -0.684285106, -0.289421135, 0.66919548, 4, 4, 1, 
509.826112, 0.1, 0.1, 0.201032846, -0.0935196239, -0.0199626809, 0.226496501, 0.974011978, -2.92999261e-005, 0.974011978, -0.226496499, 5.37709029e-005, 4.57371728e-005, -4.07174003e-005, -0.999999998, 0.226497349, 0.974011782, -1.12397636e-005, 0.974011781, -0.226497349, 4.54565189e-005, 4.17294084e-005, -2.12434432e-005, -0.999999999, 0, 0, 0, 0, 0, 0, 0, 0.255066748, 0.010443335, 0.00616125488, -0.599186623, 0.739610657, -0.306313153, -0.666259766, -0.248535156, 0.70300293, 0.44392546, 0.625273929, 0.641880114, 0, 0, 0, 0, 0, 0, 0, 0.300040771, 0.0564340332, 0.0184429199, -0.688960796, 0.557108355, -0.463602922, -0.238647461, -0.778198242, -0.580688477, -0.684285106, -0.289421135, 0.66919548, 4, 4, 1, 
509.826902, 0.1, 0.1, 0.201032844, -0.0935196257, -0.0199630841, 0.226492227, 0.974012972, 2.64391701e-005, 0.974012972, -0.226492226, -5.33487564e-005, -4.59741143e-005, 3.78351733e-005, -0.999999998, 0.226493074, 0.974012776, 8.61606867e-006, 0.974012775, -0.226493073, -4.44385684e-005, -4.13322535e-005, 1.84571889e-005, -0.999999999, 0, 0, 0, 0, 0, 0, 0, 0.255066748, 0.010443335, 0.00616125488, -0.599186623, 0.739610657, -0.306313153, -0.666259766, -0.248535156, 0.70300293, 0.44392546, 0.625273929, 0.641880114, 0, 0, 0, 0, 0, 0, 0, 0.300040771, 0.0564340332, 0.0184429199, -0.688960796, 0.557108355, -0.463602922, -0.238647461, -0.778198242, -0.580688477, -0.684285106, -0.289421135, 0.66919548, 4, 4, 1, 
509.827691, 0.1, 0.1, 0.201032845, -0.0935196239, -0.0199642955, 0.226487939, 0.97401397, -2.65048754e-005, 0.974013969, -0.226487937, 4.78966735e-005, 4.06489945e-005, -3.66641377e-005, -0.999999999, 0.226488804, 0.974013769, -9.06789883e-006, 0.974013768, -0.226488804, 3.91996076e-005, 3.612718e-005, -1.77105306e-005, -0.999999999, 0, 0, 0, 0, 0, 0, 0, 0.255066748, 0.010443335, 0.00616125488, -0.599186623, 0.739610657, -0.306313153, -0.666259766, -0.248535156, 0.70300293, 0.44392546, 0.625273929, 0.641880114, 0, 0, 0, 0, 0, 0, 0, 0.300040771, 0.0564340332, 0.0184429199, -0.688960796, 0.557108355, -0.463602922, -0.238647461, -0.778198242, -0.580688477, -0.684285106, -0.289421135, 0.66919548, 4, 4, 1, 
509.82848, 0.1, 0.1, 0.201032843, -0.0935196256, -0.0199658182, 0.226483657, 0.974014965, 2.42873923e-005, 0.974014965, -0.226483656, -4.8838549e-005, -4.20687803e-005, 3.47174167e-005, -0.999999999, 0.226484519, 0.974014765, 7.4296192e-006, 0.974014764, -0.226484519, -4.05613303e-005, -3.78246408e-005, 1.64230722e-005, -0.999999999, 0, 0, 0, 0, 0, 0, 0, 0.255066748, 0.010443335, 0.00616125488, -0.599186623, 0.739610657, -0.306313153, -0.666259766, -0.248535156, 0.70300293, 0.44392546, 0.625273929, 0.641880114, 0, 0, 0, 0, 0, 0, 0, 0.300040771, 0.0564340332, 0.0184429199, -0.688960796, 0.557108355, -0.463602922, -0.238647461, -0.778198242, -0.580688477, -0.684285106, -0.289421135, 0.66919548, 4, 4, 1, 
509.829302, 0.1, 0.1, 0.201032844, -0.093519623, -0.0199668415, 0.226479216, 0.974015998, -2.52193626e-005, 0.974015997, -0.226479214, 4.9663896e-005, 4.26617678e-005, -3.58119029e-005, -0.999999998, 0.226480064, 0.974015801, -9.38181526e-006, 0.9740158, -0.226480064, 4.21402345e-005, 3.89204601e-005, -1.86819593e-005, -0.999999999, 0, 0, 0, 0, 0, 0, 0, 0.255126929, 0.0109523193, 0.00643735352, -0.598094403, 0.740904698, -0.305291325, -0.666259766, -0.247924805, 0.70324707, 0.445359165, 0.624080238, 0.642089048, 0, 0, 0, 0, 0, 0, 0, 0.300278906, 0.0566836426, 0.0189174805, -0.688705233, 0.557645001, -0.463079036, -0.238769531, -0.777587891, -0.581420898, -0.684380988, -0.289855702, 0.668882314, 4, 4, 1, 
509.830101, 0.1, 0.1, 0.201032842, -0.0935196242, -0.0199670832, 0.226474931, 0.974016994, 2.48523188e-005, 0.974016994, -0.22647493, -4.54764098e-005, -3.86663688e-005, 3.45058476e-005, -0.999999999, 0.226475777, 0.974016798, 8.78133638e-006, 0.974016797, -0.226475776, -3.76037277e-005, -3.46379025e-005, 1.70695026e-005, -0.999999999, 0, 0, 0, 0, 0, 0, 0, 0.255126929, 0.0109523193, 0.00643735352, -0.598094403, 0.740904698, -0.305291325, -0.666259766, -0.247924805, 0.70324707, 0.445359165, 0.624080238, 0.642089048, 0, 0, 0, 0, 0, 0, 0, 0.300278906, 0.0566836426, 0.0189174805, -0.688705233, 0.557645001, -0.463079036, -0.238769531, -0.777587891, -0.581420898, -0.684380988, -0.289855702, 0.668882314, 4, 4, 1, 
509.830892, 0.1, 0.1, 0.201032843, -0.0935196219, -0.0199667397, 0.226470726, 0.974017972, -2.43625818e-005, 0.974017971, -0.226470725, 4.63824992e-005, 3.96599763e-005, -3.42338708e-005, -0.999999999, 0.226471553, 0.97401778, -8.63193722e-006, 0.974017779, -0.226471553, 3.92065383e-005, 3.62329771e-005, -1.72868259e-005, -0.999999999, 0, 0, 0, 0, 0, 0, 0, 0.255126929, 0.0109523193, 0.00643735352, -0.598094403, 0.740904698, -0.305291325, -0.666259766, -0.247924805, 0.70324707, 0.445359165, 0.624080238, 0.642089048, 0, 0, 0, 0, 0, 0, 0, 0.300278906, 0.0566836426, 0.0189174805, -0.688705233, 0.557645001, -0.463079036, -0.238769531, -0.777587891, -0.581420898, -0.684380988, -0.289855702, 0.668882314, 4, 4, 1, 
509.831683, 0.1, 0.1, 0.201032841, -0.0935196239, -0.0199660196, 0.226466543, 0.974018944, 2.69935106e-005, 0.974018944, -0.226466542, -4.94782388e-005, -4.2079615e-005, 3.74973564e-005, -0.999999998, 0.22646738, 0.97401875, 1.05351758e-005, 0.974018749, -0.22646738, -4.16439856e-005, -3.81761491e-005, 1.96924631e-005, -0.999999999, 0, 0, 0, 0, 0, 0, 0, 0.255126929, 0.0109523193, 0.00643735352, -0.598094403, 0.740904698, -0.305291325, -0.666259766, -0.247924805, 0.70324707, 0.445359165, 0.624080238, 0.642089048, 0, 0, 0, 0, 0, 0, 0, 0.300278906, 0.0566836426, 0.0189174805, -0.688705233, 0.557645001, -0.463079036, -0.238769531, -0.777587891, -0.581420898, -0.684380988, -0.289855702, 0.668882314, 4, 4, 1, 
509.832473, 0.1, 0.1, 0.201032843, -0.0935196218, -0.0199652027, 0.226462383, 0.974019912, -2.55102888e-005, 0.974019911, -0.226462381, 4.75358698e-005, 4.05237629e-005, -3.56126156e-005, -0.999999999, 0.226463211, 0.974019719, -8.76260997e-006, 0.974019719, -0.226463211, 3.97436691e-005, 3.67267087e-005, -1.75354338e-005, -0.999999999, 0, 0, 0, 0, 0, 0, 0, 0.255126929, 0.0109523193, 0.00643735352, -0.598094403, 0.740904698, -0.305291325, -0.666259766, -0.247924805, 0.70324707, 0.445359165, 0.624080238, 0.642089048, 0, 0, 0, 0, 0, 0, 0, 0.300278906, 0.0566836426, 0.0189174805, -0.688705233, 0.557645001, -0.463079036, -0.238769531, -0.777587891, -0.581420898, -0.684380988, -0.289855702, 0.668882314, 4, 4, 1, 
509.833266, 0.1, 0.1, 0.201032841, -0.0935196241, -0.0199645289, 0.226458187, 0.974020887, 2.7915111e-005, 0.974020887, -0.226458186, -5.22407929e-005, -4.45620181e-005, 3.90202565e-005, -0.999999998, 0.226459027, 0.974020692, 1.07897295e-005, 0.974020691, -0.226459026, -4.42323644e-005, -4.06398065e-005, 2.0526238e-005, -0.999999999, 0, 0, 0, 0, 0, 0, 0, 0.255126929, 0.0109523193, 0.00643735352, -0.598094403, 0.740904698, -0.305291325, -0.666259766, -0.247924805, 0.70324707, 0.445359165, 0.624080238, 0.642089048, 0, 0, 0, 0, 0, 0, 0, 0.300278906, 0.0566836426, 0.0189174805, -0.688705233, 0.557645001, -0.463079036, -0.238769531, -0.777587891, -0.581420898, -0.684380988, -0.289855702, 0.668882314, 4, 4, 1, 
509.834085, 0.1, 0.1, 0.201032843, -0.0935196212, -0.0199638754, 0.22645384, 0.974021898, -2.81495141e-005, 0.974021897, -0.226453838, 5.44025786e-005, 4.66147373e-005, -3.97379159e-005, -0.999999998, 0.226454676, 0.974021704, -1.07110929e-005, 0.974021703, -0.226454675, 4.63919327e-005, 4.27611723e-005, -2.0938507e-005, -0.999999999, 0, 0, 0, 0, 0, 0, 0, 0.25539082, 0.0114300537, 0.0068817627, -0.59731371, 0.741551718, -0.305354605, -0.666748047, -0.247680664, 0.702880859, 0.445606291, 0.623483392, 0.642469846, 0, 0, 0, 0, 0, 0, 0, 0.300543164, 0.056973291, 0.019540332, -0.687727823, 0.558616214, -0.463462564, -0.238769531, -0.776977539, -0.582275391, -0.685505686, -0.289753623, 0.667860062, 4, 4, 1, 
509.834883, 0.1, 0.1, 0.20103284, -0.0935196227, -0.019963648, 0.22644958, 0.974022888, 2.69132411e-005, 0.974022888, -0.226449578, -5.10474549e-005, -4.36268974e-005, 3.77737875e-005, -0.999999998, 0.226450425, 0.974022692, 9.28523307e-006, 0.974022692, -0.226450424, -4.23638001e-005, -3.91606577e-005, 1.86373282e-005, -0.999999999, 0, 0, 0, 0, 0, 0, 0, 0.25539082, 0.0114300537, 0.0068817627, -0.59731371, 0.741551718, -0.305354605, -0.666748047, -0.247680664, 0.702880859, 0.445606291, 0.623483392, 0.642469846, 0, 0, 0, 0, 0, 0, 0, 0.300543164, 0.056973291, 0.019540332, -0.687727823, 0.558616214, -0.463462564, -0.238769531, -0.776977539, -0.582275391, -0.685505686, -0.289753623, 0.667860062, 4, 4, 1, 
509.835672, 0.1, 0.1, 0.201032842, -0.0935196204, -0.0199640448, 0.226445346, 0.974023873, -2.70038641e-005, 0.974023872, -0.226445344, 4.99493748e-005, 4.25369842e-005, -3.76132117e-005, -0.999999998, 0.226446196, 0.974023675, -9.53580081e-006, 0.974023675, -0.226446195, 4.15764213e-005, 3.83370729e-005, -1.87029182e-005, -0.999999999, 0, 0, 0, 0, 0, 0, 0, 0.25539082, 0.0114300537, 0.0068817627, -0.59731371, 0.741551718, -0.305354605, -0.666748047, -0.247680664, 0.702880859, 0.445606291, 0.623483392, 0.642469846, 0, 0, 0, 0, 0, 0, 0, 0.300543164, 0.056973291, 0.019540332, -0.687727823, 0.558616214, -0.463462564, -0.238769531, -0.776977539, -0.582275391, -0.685505686, -0.289753623, 0.667860062, 4, 4, 1, 
509.836493, 0.1, 0.1, 0.201032839, -0.0935196231, -0.0199646882, 0.226440925, 0.9740249, 2.90819392e-005, 0.9740249, -0.226440923, -5.52194697e-005, -4.71997973e-005, 4.08304807e-005, -0.999999998, 0.226441781, 0.974024702, 1.1996798e-005, 0.974024701, -0.226441781, -4.71627017e-005, -4.32210601e-005, 2.23647838e-005, -0.999999999, 0, 0, 0, 0, 0, 0, 0, 0.255679736, 0.0117015137, 0.0073248291, -0.596075835, 0.742541345, -0.30543698, -0.667358398, -0.246582031, 0.702636719, 0.446398966, 0.622708691, 0.642730077, 0, 0, 0, 0, 0, 0, 0, 0.300600781, 0.0572763672, 0.0201565918, -0.686507611, 0.559670549, -0.463980253, -0.239135742, -0.776367188, -0.583007812, -0.686604863, -0.28927458, 0.666946452, 4, 4, 1, 
509.837286, 0.1, 0.1, 0.201032842, -0.0935196217, -0.0199653152, 0.226436631, 0.974025899, -2.47096162e-005, 0.974025898, -0.226436629, 4.67898031e-005, 3.99793178e-005, -3.46627315e-005, -0.999999999, 0.226437497, 0.974025698, -7.08865997e-006, 0.974025697, -0.226437496, 3.74549945e-005, 3.48769887e-005, -1.53857522e-005, -0.999999999, 0, 0, 0, 0, 0, 0, 0, 0.255679736, 0.0117015137, 0.0073248291, -0.596075835, 0.742541345, -0.30543698, -0.667358398, -0.246582031, 0.702636719, 0.446398966, 0.622708691, 0.642730077, 0, 0, 0, 0, 0, 0, 0, 0.300600781, 0.0572763672, 0.0201565918, -0.686507611, 0.559670549, -0.463980253, -0.239135742, -0.776367188, -0.583007812, -0.686604863, -0.28927458, 0.666946452, 4, 4, 1, 
509.838088, 0.1, 0.1, 0.201032839, -0.0935196232, -0.0199658074, 0.226432303, 0.974026905, 2.39536699e-005, 0.974026904, -0.226432302, -4.64121822e-005, -3.97828296e-005, 3.38407363e-005, -0.999999999, 0.226433152, 0.974026708, 7.92035089e-006, 0.974026707, -0.226433151, -3.93605569e-005, -3.65448037e-005, 1.66271683e-005, -0.999999999, 0, 0, 0, 0, 0, 0, 0, 0.255679736, 0.0117015137, 0.0073248291, -0.596075835, 0.742541345, -0.30543698, -0.667358398, -0.246582031, 0.702636719, 0.446398966, 0.622708691, 0.642730077, 0, 0, 0, 0, 0, 0, 0, 0.300600781, 0.0572763672, 0.0201565918, -0.686507611, 0.559670549, -0.463980253, -0.239135742, -0.776367188, -0.583007812, -0.686604863, -0.28927458, 0.666946452, 4, 4, 1, 
509.838881, 0.1, 0.1, 0.20103284, -0.09351962, -0.0199661026, 0.22642804, 0.974027896, -2.8617717e-005, 0.974027895, -0.226428038, 5.30313379e-005, 4.51741489e-005, -3.98822365e-005, -0.999999998, 0.226428903, 0.974027696, -1.16426403e-005, 0.974027695, -0.226428902, 4.44505464e-005, 4.0659833e-005, -2.14051426e-005, -0.999999999, 0, 0, 0, 0, 0, 0, 0, 0.255679736, 0.0117015137, 0.0073248291, -0.596075835, 0.742541345, -0.30543698, -0.667358398, -0.246582031, 0.702636719, 0.446398966, 0.622708691, 0.642730077, 0, 0, 0, 0, 0, 0, 0, 0.300600781, 0.0572763672, 0.0201565918, -0.686507611, 0.559670549, -0.463980253, -0.239135742, -0.776367188, -0.583007812, -0.686604863, -0.28927458, 0.666946452, 4, 4, 1, 
509.839674, 0.1, 0.1, 0.201032837, -0.0935196203, -0.0199661386, 0.226423799, 0.974028882, 2.25949526e-005, 0.974028882, -0.226423797, -4.21411251e-005, -3.5930638e-005, 3.15498901e-005, -0.999999999, 0.226424643, 0.974028686, 5.90444279e-006, 0.974028685, -0.226424643, -3.39113428e-005, -3.16937093e-005, 1.34294603e-005, -0.999999999, 0, 0, 0, 0, 0, 0, 0, 0.255679736, 0.0117015137, 0.0073248291, -0.596075835, 0.742541345, -0.30543698, -0.667358398, -0.246582031, 0.702636719, 0.446398966, 0.622708691, 0.642730077, 0, 0, 0, 0, 0, 0, 0, 0.300600781, 0.0572763672, 0.0201565918, -0.686507611, 0.559670549, -0.463980253, -0.239135742, -0.776367188, -0.583007812, -0.686604863, -0.28927458, 0.666946452, 4, 4, 1, 
509.840464, 0.1, 0.1, 0.201032838, -0.0935196172, -0.019965952, 0.226419593, 0.974029859, -2.64043065e-005, 0.974029859, -0.226419592, 5.06884741e-005, 4.3393635e-005, -3.71954466e-005, -0.999999998, 0.226420426, 0.974029666, -1.04727948e-005, 0.974029665, -0.226420426, 4.35629313e-005, 4.00603328e-005, -2.00643503e-005, -0.999999999, 0, 0, 0, 0, 0, 0, 0, 0.255679736, 0.0117015137, 0.0073248291, -0.596075835, 0.742541345, -0.30543698, -0.667358398, -0.246582031, 0.702636719, 0.446398966, 0.622708691, 0.642730077, 0, 0, 0, 0, 0, 0, 0, 0.300600781, 0.0572763672, 0.0201565918, -0.686507611, 0.559670549, -0.463980253, -0.239135742, -0.776367188, -0.583007812, -0.686604863, -0.28927458, 0.666946452, 4, 4, 1, 
509.841292, 0.1, 0.1, 0.201032836, -0.0935196196, -0.0199652729, 0.22641518, 0.974030885, 3.04997576e-005, 0.974030885, -0.226415178, -5.43529241e-005, -4.60358187e-005, 4.2014033e-005, -0.999999998, 0.226416026, 0.974030689, 1.34986871e-005, 0.974030688, -0.226416025, -4.63620234e-005, -4.21017145e-005, 2.36452406e-005, -0.999999999, 0, 0, 0, 0, 0, 0, 0, 0.255744678, 0.0117579102, 0.00758261719, -0.594882144, 0.743714819, -0.304776855, -0.667480469, -0.24597168, 0.702758789, 0.447693007, 0.621534096, 0.642996299, 0, 0, 0, 0, 0, 0, 0, 0.300866992, 0.0573808594, 0.0204210938, -0.685728162, 0.561274289, -0.463188044, -0.239990234, -0.775146484, -0.584106445, -0.687013911, -0.289351506, 0.666416003, 4, 4, 1, 
509.842084, 0.1, 0.1, 0.201032839, -0.0935196181, -0.0199645234, 0.226410947, 0.974031869, -2.37768719e-005, 0.974031869, -0.226410945, 4.69095108e-005, 4.03080145e-005, -3.37802577e-005, -0.999999999, 0.22641179, 0.974031674, -6.23173538e-006, 0.974031673, -0.226411789, 3.81450347e-005, 3.57435336e-005, -1.47063932e-005, -0.999999999, 0, 0, 0, 0, 0, 0, 0, 0.255744678, 0.0117579102, 0.00758261719, -0.594882144, 0.743714819, -0.304776855, -0.667480469, -0.24597168, 0.702758789, 0.447693007, 0.621534096, 0.642996299, 0, 0, 0, 0, 0, 0, 0, 0.300866992, 0.0573808594, 0.0204210938, -0.685728162, 0.561274289, -0.463188044, -0.239990234, -0.775146484, -0.584106445, -0.687013911, -0.289351506, 0.666416003, 4, 4, 1, 
509.842873, 0.1, 0.1, 0.201032837, -0.0935196202, -0.0199641579, 0.226406719, 0.974032852, 2.76263104e-005, 0.974032852, -0.226406717, -5.07214685e-005, -4.31495943e-005, 3.83926151e-005, -0.999999998, 0.226407555, 0.974032658, 1.09452547e-005, 0.974032657, -0.226407554, -4.32134668e-005, -3.96132396e-005, 2.04448909e-005, -0.999999999, 0, 0, 0, 0, 0, 0, 0, 0.255744678, 0.0117579102, 0.00758261719, -0.594882144, 0.743714819, -0.304776855, -0.667480469, -0.24597168, 0.702758789, 0.447693007, 0.621534096, 0.642996299, 0, 0, 0, 0, 0, 0, 0, 0.300866992, 0.0573808594, 0.0204210938, -0.685728162, 0.561274289, -0.463188044, -0.239990234, -0.775146484, -0.584106445, -0.687013911, -0.289351506, 0.666416003, 4, 4, 1, 
509.843666, 0.1, 0.1, 0.201032838, -0.0935196174, -0.0199642739, 0.226402464, 0.974033841, -2.85547628e-005, 0.97403384, -0.226402462, 5.36932294e-005, 4.58341539e-005, -3.99695847e-005, -0.999999998, 0.226403316, 0.974033643, -1.07982934e-005, 0.974033643, -0.226403315, 4.4848733e-005, 4.12394053e-005, -2.06718029e-005, -0.999999999, 0, 0, 0, 0, 0, 0, 0, 0.255744678, 0.0117579102, 0.00758261719, -0.594882144, 0.743714819, -0.304776855, -0.667480469, -0.24597168, 0.702758789, 0.447693007, 0.621534096, 0.642996299, 0, 0, 0, 0, 0, 0, 0, 0.300866992, 0.0573808594, 0.0204210938, -0.685728162, 0.561274289, -0.463188044, -0.239990234, -0.775146484, -0.584106445, -0.687013911, -0.289351506, 0.666416003, 4, 4, 1, 
509.844453, 0.1, 0.1, 0.201032835, -0.0935196182, -0.0199648072, 0.226398223, 0.974034827, 2.37225746e-005, 0.974034826, -0.226398222, -4.57367294e-005, -3.91784186e-005, 3.3461328e-005, -0.999999999, 0.226399078, 0.974034628, 6.35180437e-006, 0.974034628, -0.226399078, -3.69214289e-005, -3.45247077e-005, 1.45458549e-005, -0.999999999, 0, 0, 0, 0, 0, 0, 0, 0.255744678, 0.0117579102, 0.00758261719, -0.594882144, 0.743714819, -0.304776855, -0.667480469, -0.24597168, 0.702758789, 0.447693007, 0.621534096, 0.642996299, 0, 0, 0, 0, 0, 0, 0, 0.300866992, 0.0573808594, 0.0204210938, -0.685728162, 0.561274289, -0.463188044, -0.239990234, -0.775146484, -0.584106445, -0.687013911, -0.289351506, 0.666416003, 4, 4, 1, 
509.845248, 0.1, 0.1, 0.201032837, -0.0935196156, -0.0199654725, 0.226393949, 0.97403582, -2.61461607e-005, 0.97403582, -0.226393947, 4.94193115e-005, 4.22168471e-005, -3.66555301e-005, -0.999999998, 0.226394801, 0.974035622, -9.55948168e-006, 0.974035622, -0.226394801, 4.17369866e-005, 3.84890948e-005, -1.87603125e-005, -0.999999999, 0, 0, 0, 0, 0, 0, 0, 0.255744678, 0.0117579102, 0.00758261719, -0.594882144, 0.743714819, -0.304776855, -0.667480469, -0.24597168, 0.702758789, 0.447693007, 0.621534096, 0.642996299, 0, 0, 0, 0, 0, 0, 0, 0.300866992, 0.0573808594, 0.0204210938, -0.685728162, 0.561274289, -0.463188044, -0.239990234, -0.775146484, -0.584106445, -0.687013911, -0.289351506, 0.666416003, 4, 4, 1, 
509.846066, 0.1, 0.1, 0.201032835, -0.0935196181, -0.0199658967, 0.226389557, 0.974036841, 2.87405313e-005, 0.97403684, -0.226389555, -5.367521e-005, -4.5775076e-005, 4.01458433e-005, -0.999999998, 0.226390399, 0.974036646, 1.22881676e-005, 0.974036645, -0.226390398, -4.57704714e-005, -4.18001933e-005, 2.23311208e-005, -0.999999999, 0, 0, 0, 0, 0, 0, 0, 0.256024072, 0.0120327881, 0.00783430176, -0.593847212, 0.744786821, -0.304237297, -0.66784668, -0.245361328, 0.702636719, 0.44876501, 0.620499164, 0.643281618, 0, 0, 0, 0, 0, 0, 0, 0.301146387, 0.0575136719, 0.0206855957, -0.68468039, 0.563216715, -0.462395835, -0.241333008, -0.773925781, -0.585327148, -0.687640242, -0.289147349, 0.665885554, 4, 4, 1, 
509.846861, 0.1, 0.1, 0.201032837, -0.0935196169, -0.0199659327, 0.226385291, 0.974037833, -2.34822839e-005, 0.974037832, -0.22638529, 4.4496781e-005, 3.80255045e-005, -3.29460496e-005, -0.999999999, 0.226386145, 0.974037635, -6.4322204e-006, 0.974037634, -0.226386144, 3.57971383e-005, 3.34115944e-005, -1.43692009e-005, -0.999999999, 0, 0, 0, 0, 0, 0, 0, 0.256024072, 0.0120327881, 0.00783430176, -0.593847212, 0.744786821, -0.304237297, -0.66784668, -0.245361328, 0.702636719, 0.44876501, 0.620499164, 0.643281618, 0, 0, 0, 0, 0, 0, 0, 0.301146387, 0.0575136719, 0.0206855957, -0.68468039, 0.563216715, -0.462395835, -0.241333008, -0.773925781, -0.585327148, -0.687640242, -0.289147349, 0.665885554, 4, 4, 1, 
509.847651, 0.1, 0.1, 0.201032835, -0.0935196188, -0.0199658039, 0.226381063, 0.974038815, 2.55193221e-005, 0.974038815, -0.226381062, -4.75883283e-005, -4.05757877e-005, 3.56299066e-005, -0.999999999, 0.226381909, 0.974038619, 9.38548444e-006, 0.974038618, -0.226381908, -4.04228949e-005, -3.72487569e-005, 1.82928364e-005, -0.999999999, 0, 0, 0, 0, 0, 0, 0, 0.256024072, 0.0120327881, 0.00783430176, -0.593847212, 0.744786821, -0.304237297, -0.66784668, -0.245361328, 0.702636719, 0.44876501, 0.620499164, 0.643281618, 0, 0, 0, 0, 0, 0, 0, 0.301146387, 0.0575136719, 0.0206855957, -0.68468039, 0.563216715, -0.462395835, -0.241333008, -0.773925781, -0.585327148, -0.687640242, -0.289147349, 0.665885554, 4, 4, 1, 
509.84844, 0.1, 0.1, 0.201032836, -0.093519616, -0.0199655989, 0.226376861, 0.974039792, -2.76441614e-005, 0.974039791, -0.226376859, 5.18415102e-005, 4.42376954e-005, -3.86622315e-005, -0.999999998, 0.226377704, 0.974039596, -1.06561461e-005, 0.974039596, -0.226377703, 4.34433077e-005, 3.9903188e-005, -2.02141045e-005, -0.999999999, 0, 0, 0, 0, 0, 0, 0, 0.256024072, 0.0120327881, 0.00783430176, -0.593847212, 0.744786821, -0.304237297, -0.66784668, -0.245361328, 0.702636719, 0.44876501, 0.620499164, 0.643281618, 0, 0, 0, 0, 0, 0, 0, 0.301146387, 0.0575136719, 0.0206855957, -0.68468039, 0.563216715, -0.462395835, -0.241333008, -0.773925781, -0.585327148, -0.687640242, -0.289147349, 0.665885554, 4, 4, 1, 
509.849257, 0.1, 0.1, 0.201032833, -0.0935196167, -0.0199649965, 0.226372503, 0.974040805, 2.31221266e-005, 0.974040804, -0.226372502, -4.55058496e-005, -3.90903407e-005, 3.28231679e-005, -0.999999999, 0.226373342, 0.97404061, 6.33203299e-006, 0.97404061, -0.226373341, -3.78583178e-005, -3.54421355e-005, 1.47377712e-005, -0.999999999, 0, 0, 0, 0, 0, 0, 0, 0.256024072, 0.0120327881, 0.00783430176, -0.593847212, 0.744786821, -0.304237297, -0.66784668, -0.245361328, 0.702636719, 0.44876501, 0.620499164, 0.643281618, 0, 0, 0, 0, 0, 0, 0, 0.301146387, 0.0575136719, 0.0206855957, -0.68468039, 0.563216715, -0.462395835, -0.241333008, -0.773925781, -0.585327148, -0.687640242, -0.289147349, 0.665885554, 4, 4, 1, 
509.850046, 0.1, 0.1, 0.201032834, -0.0935196134, -0.0199646249, 0.226368299, 0.974041782, -2.92182191e-005, 0.974041781, -0.226368297, 5.45472662e-005, 4.65172378e-005, -4.08075381e-005, -0.999999998, 0.22636913, 0.974041589, -1.24492872e-005, 0.974041588, -0.226369129, 4.65326108e-005, 4.25065638e-005, -2.26596701e-005, -0.999999999, 0, 0, 0, 0, 0, 0, 0, 0.256024072, 0.0120327881, 0.00783430176, -0.593847212, 0.744786821, -0.304237297, -0.66784668, -0.245361328, 0.702636719, 0.44876501, 0.620499164, 0.643281618, 0, 0, 0, 0, 0, 0, 0, 0.301146387, 0.0575136719, 0.0206855957, -0.68468039, 0.563216715, -0.462395835, -0.241333008, -0.773925781, -0.585327148, -0.687640242, -0.289147349, 0.665885554, 4, 4, 1, 
509.850866, 0.1, 0.1, 0.201032831, -0.093519615, -0.0199644256, 0.226363919, 0.9740428, 2.78918731e-005, 0.974042799, -0.226363918, -5.01750748e-005, -4.25589566e-005, 3.85257047e-005, -0.999999998, 0.22636485, 0.974042583, 8.77731404e-006, 0.974042583, -0.22636485, -4.1068155e-005, -3.80152564e-005, 1.78458644e-005, -0.999999999, 0, 0, 0, 0, 0, 0, 0, 0.256293335, 0.0125187012, 0.00808598633, -0.592990135, 0.745617688, -0.303697739, -0.66796875, -0.245117188, 0.702514648, 0.449494406, 0.619502424, 0.643566936, 0, 0, 0, 0, 0, 0, 0, 0.301146387, 0.0575136719, 0.0206855957, -0.684022343, 0.564603172, -0.461725028, -0.241943359, -0.772827148, -0.586547852, -0.688062049, -0.289492597, 0.665342345, 4, 4, 1, 
509.851666, 0.1, 0.1, 0.201032833, -0.0935196124, -0.0199643186, 0.226359631, 0.974043796, -2.67687748e-005, 0.974043795, -0.22635963, 5.11694151e-005, 4.37818813e-005, -3.7656649e-005, -0.999999998, 0.226360512, 0.974043592, -8.91589046e-006, 0.974043591, -0.226360511, 4.2711181e-005, 3.95843466e-005, -1.83525908e-005, -0.999999999, 0, 0, 0, 0, 0, 0, 0, 0.256293335, 0.0125187012, 0.00808598633, -0.592990135, 0.745617688, -0.303697739, -0.66796875, -0.245117188, 0.702514648, 0.449494406, 0.619502424, 0.643566936, 0, 0, 0, 0, 0, 0, 0, 0.301627539, 0.0578213867, 0.0209417969, -0.684022343, 0.564603172, -0.461725028, -0.241943359, -0.772827148, -0.586547852, -0.688062049, -0.289492597, 0.665342345, 4, 4, 1, 
509.852457, 0.1, 0.1, 0.201032831, -0.0935196141, -0.0199644981, 0.226355379, 0.974044784, 2.67072587e-005, 0.974044784, -0.226355378, -4.9892748e-005, -4.25524394e-005, 3.73075579e-005, -0.999999998, 0.226356235, 0.974044586, 9.27583394e-006, 0.974044585, -0.226356235, -4.13603631e-005, -3.81871949e-005, 1.83972519e-005, -0.999999999, 0, 0, 0, 0, 0, 0, 0, 0.256293335, 0.0125187012, 0.00808598633, -0.592990135, 0.745617688, -0.303697739, -0.66796875, -0.245117188, 0.702514648, 0.449494406, 0.619502424, 0.643566936, 0, 0, 0, 0, 0, 0, 0, 0.301627539, 0.0578213867, 0.0209417969, -0.684022343, 0.564603172, -0.461725028, -0.241943359, -0.772827148, -0.586547852, -0.688062049, -0.289492597, 0.665342345, 4, 4, 1, 
