time, realDorsalTactorPos, realVentralTactorPos, boxPosX, boxPosY, boxPosZ, boxLocalRot_11, boxLocalRot_12, boxLocalRot_13, boxLocalRot_21, boxLocalRot_22, boxLocalRot_23, boxLocalRot_31, boxLocalRot_32, boxLocalRot_33, boxGlobalRot_11, boxGlobalRot_12, boxGlobalRot_13, boxGlobalRot_21, boxGlobalRot_22, boxGlobalRot_23, boxGlobalRot_31, boxGlobalRot_32, boxGlobalRot_33, indexForceX, indexForceY, indexForceZ, indexForceGlobalX, indexForceGlobalY, indexForceGlobalZ, indexContact, indexPosX, indexPosY, indexPosZ, indexRot_11, indexRot_12, indexRot_13, indexRot_21, indexRot_22, indexRot_23, indexRot_31, indexRot_32, indexRot_33, thumbForceX, thumbForceY, thumbForceZ, thumbForceGlobalX, thumbForceGlobalY, thumbForceGlobalZ, thumbContact, thumbPosX, thumbPosY, thumbPosZ, thumbRot_11, thumbRot_12, thumbRot_13, thumbRot_21, thumbRot_22, thumbRot_23, thumbRot_31, thumbRot_32, thumbRot_33, mapping, trialSuccess, 
229.755838, 0.1, 0.1, -0.0132031926, 0.276127797, -0.0199581009, 0.97226222, -1.71194273e-005, -0.233893511, 0.233893511, 5.5559865e-005, 0.972262219, -3.64948047e-006, -0.999999998, 5.80228807e-005, 0.972262211, -3.17568936e-005, -0.233893548, 0.233893549, 3.08615344e-005, 0.972262211, -2.36577138e-005, -0.999999999, 3.74332363e-005, 0, 0, 0, 0, 0, 0, 0, -0.0440831055, 0.255606787, -0.248861475, -0.185172694, 0.97740995, 0.100582323, -0.143920898, -0.128295898, 0.981201172, 0.972087748, 0.167274053, 0.164513549, 0, 0, 0, 0, 0, 0, 0, 0.00715043945, 0.271204883, -0.25661709, -0.425235016, 0.536285997, -0.729050515, 0.551269531, -0.485229492, -0.678588867, -0.71769228, -0.690400717, -0.0891460533, 3, 1, 
229.759123, 0.1, 0.1, -0.0132024376, 0.276127448, -0.019963107, 0.972263291, 0.00026754688, -0.233888909, 0.233888867, 0.000176947633, 0.972263322, 0.000301512107, -0.999999949, 0.000109463452, 0.972263377, 0.000255928181, -0.233888563, 0.233888531, 0.000150160192, 0.972263407, 0.000283950357, -0.999999956, 8.61365894e-005, 0, 0, 0, 0, 0, 0, 0, -0.0440228027, 0.25561167, -0.248617847, -0.184011203, 0.977580692, 0.101007304, -0.143432617, -0.128417969, 0.981323242, 0.972398154, 0.166011091, 0.164075463, 0, 0, 0, 0, 0, 0, 0, 0.0070815918, 0.271009814, -0.256413379, -0.426921511, 0.534074882, -0.7296382, 0.552734375, -0.48449707, -0.677978516, -0.715660169, -0.692719741, -0.0882258798, 3, 1, 
229.759973, 0.1, 0.1, -0.0132022626, 0.276127413, -0.0199779091, 0.972262802, 0.000109376762, -0.233891068, 0.233891056, 0.00010962002, 0.972262805, 0.000131982101, -0.999999988, 8.09972212e-005, 0.972262904, 0.000159270917, -0.233890614, 0.233890592, 0.000142737356, 0.972262912, 0.000188238134, -0.999999977, 0.000101526267, 0, 0, 0, 0, 0, 0, 0, -0.0440228027, 0.25561167, -0.248617847, -0.184011203, 0.977580692, 0.101007304, -0.143432617, -0.128417969, 0.981323242, 0.972398154, 0.166011091, 0.164075463, 0, 0, 0, 0, 0, 0, 0, 0.0070815918, 0.271009814, -0.256413379, -0.426921511, 0.534074882, -0.7296382, 0.552734375, -0.48449707, -0.677978516, -0.715660169, -0.692719741, -0.0882258798, 3, 1, 
229.760765, 0.1, 0.1, -0.0132021614, 0.276127341, -0.0199858873, 0.972262137, -0.000136398054, -0.233893818, 0.233893806, -0.000104212059, 0.972262144, -0.000156989221, -0.999999985, -6.94187797e-005, 0.972262269, -0.000102391868, -0.233893288, 0.233893282, -7.11216524e-005, 0.972262273, -0.000116186628, -0.999999992, -4.52001291e-005, 0, 0, 0, 0, 0, 0, 0, -0.0440228027, 0.25561167, -0.248617847, -0.184011203, 0.977580692, 0.101007304, -0.143432617, -0.128417969, 0.981323242, 0.972398154, 0.166011091, 0.164075463, 0, 0, 0, 0, 0, 0, 0, 0.0070815918, 0.271009814, -0.256413379, -0.426921511, 0.534074882, -0.7296382, 0.552734375, -0.48449707, -0.677978516, -0.715660169, -0.692719741, -0.0882258798, 3, 1, 
229.761558, 0.1, 0.1, -0.0132020911, 0.27612724, -0.0199867182, 0.972261548, -0.000176472854, -0.233896239, 0.23389621, -0.000171221816, 0.972261556, -0.000211625911, -0.99999997, -0.000125196057, 0.972261662, -0.000186612701, -0.233895757, 0.233895727, -0.000170936302, 0.972261672, -0.000221417652, -0.999999968, -0.0001225469, 0, 0, 0, 0, 0, 0, 0, -0.0440228027, 0.25561167, -0.248617847, -0.184011203, 0.977580692, 0.101007304, -0.143432617, -0.128417969, 0.981323242, 0.972398154, 0.166011091, 0.164075463, 0, 0, 0, 0, 0, 0, 0, 0.0070815918, 0.271009814, -0.256413379, -0.426921511, 0.534074882, -0.7296382, 0.552734375, -0.48449707, -0.677978516, -0.715660169, -0.692719741, -0.0882258798, 3, 1, 
229.762407, 0.1, 0.1, -0.0132019956, 0.276127143, -0.0199796746, 0.972260929, -6.14277847e-006, -0.233898881, 0.23389888, -5.68076313e-005, 0.972260927, -1.92596249e-005, -0.999999998, -5.37950513e-005, 0.972261054, -4.90018799e-005, -0.233898356, 0.233898351, -9.55108165e-005, 0.972261052, -6.99824423e-005, -0.999999994, -8.13999882e-005, 0, 0, 0, 0, 0, 0, 0, -0.0440092529, 0.255615088, -0.248596118, -0.183750972, 0.977663067, 0.101451382, -0.143188477, -0.12878418, 0.981323242, 0.972480529, 0.16575086, 0.163757944, 0, 0, 0, 0, 0, 0, 0, 0.0070815918, 0.271009814, -0.256413379, -0.427752, 0.53331439, -0.729676479, 0.553100586, -0.483886719, -0.677978516, -0.714765515, -0.693658871, -0.087861675, 3, 1, 
229.763198, 0.1, 0.1, -0.0132018711, 0.276127097, -0.0199687257, 0.972260224, 0.000106981552, -0.233901787, 0.233901775, 0.000114057691, 0.972260226, 0.000130692206, -0.999999988, 8.58705815e-005, 0.972260361, 0.000107649766, -0.233901214, 0.233901203, 0.000105179905, 0.972260364, 0.000129265308, -0.999999989, 7.70828427e-005, 0, 0, 0, 0, 0, 0, 0, -0.0440092529, 0.255615088, -0.248596118, -0.183750972, 0.977663067, 0.101451382, -0.143188477, -0.12878418, 0.981323242, 0.972480529, 0.16575086, 0.163757944, 0, 0, 0, 0, 0, 0, 0, 0.00704545898, 0.270939746, -0.256408252, -0.427752, 0.53331439, -0.729676479, 0.553100586, -0.483886719, -0.677978516, -0.714765515, -0.693658871, -0.087861675, 3, 1, 
229.763989, 0.1, 0.1, -0.013201765, 0.276127047, -0.0199580184, 0.972259538, -4.23488941e-005, -0.233904656, 0.233904654, -3.71093781e-005, 0.972259539, -4.98541726e-005, -0.999999998, -2.61743434e-005, 0.972259671, -1.0108474e-005, -0.233904107, 0.233904107, -3.71569027e-006, 0.972259672, -1.06971768e-005, -1, -1.24820223e-006, 0, 0, 0, 0, 0, 0, 0, -0.0440092529, 0.255615088, -0.248596118, -0.183750972, 0.977663067, 0.101451382, -0.143188477, -0.12878418, 0.981323242, 0.972480529, 0.16575086, 0.163757944, 0, 0, 0, 0, 0, 0, 0, 0.00704545898, 0.270939746, -0.256408252, -0.427752, 0.53331439, -0.729676479, 0.553100586, -0.483886719, -0.677978516, -0.714765515, -0.693658871, -0.087861675, 3, 1, 
229.764837, 0.1, 0.1, -0.0132016725, 0.276126986, -0.0199498964, 0.972258944, 1.54523832e-005, -0.233907131, 0.23390713, 6.42961264e-005, 0.972258942, 3.00630403e-005, -0.999999998, 5.88980614e-005, 0.972259032, -2.82479813e-005, -0.233906764, 0.233906765, 3.50822126e-005, 0.972259031, -1.92583881e-005, -0.999999999, 4.0716392e-005, 0, 0, 0, 0, 0, 0, 0, -0.0440092529, 0.255615088, -0.248596118, -0.183750972, 0.977663067, 0.101451382, -0.143188477, -0.12878418, 0.981323242, 0.972480529, 0.16575086, 0.163757944, 0, 0, 0, 0, 0, 0, 0, 0.00704545898, 0.270939746, -0.256408252, -0.427752, 0.53331439, -0.729676479, 0.553100586, -0.483886719, -0.677978516, -0.714765515, -0.693658871, -0.087861675, 3, 1, 
229.765626, 0.1, 0.1, -0.0132015702, 0.27612693, -0.0199478119, 0.972258649, -2.82887755e-006, -0.233908355, 0.233908354, -8.50163374e-005, 0.972258646, -2.26364323e-005, -0.999999996, -8.19961713e-005, 0.972258682, 3.58598709e-005, -0.233908219, 0.23390822, -4.43385078e-005, 0.972258681, 2.44939294e-005, -0.999999998, -5.14964177e-005, 0, 0, 0, 0, 0, 0, 0, -0.0440092529, 0.255615088, -0.248596118, -0.183750972, 0.977663067, 0.101451382, -0.143188477, -0.12878418, 0.981323242, 0.972480529, 0.16575086, 0.163757944, 0, 0, 0, 0, 0, 0, 0, 0.00704545898, 0.270939746, -0.256408252, -0.427752, 0.53331439, -0.729676479, 0.553100586, -0.483886719, -0.677978516, -0.714765515, -0.693658871, -0.087861675, 3, 1, 
229.766411, 0.1, 0.1, -0.0132014837, 0.276126866, -0.0199517421, 0.97225858, 3.79462888e-006, -0.233908645, 0.233908644, 5.87790755e-005, 0.972258578, 1.74382944e-005, -0.999999998, 5.6260864e-005, 0.972258581, -2.28083875e-005, -0.233908636, 0.233908636, -1.05676438e-005, 0.972258582, -2.46475136e-005, -1, -4.93940352e-006, 0, 0, 0, 0, 0, 0, 0, -0.0440092529, 0.255615088, -0.248596118, -0.183750972, 0.977663067, 0.101451382, -0.143188477, -0.12878418, 0.981323242, 0.972480529, 0.16575086, 0.163757944, 0, 0, 0, 0, 0, 0, 0, 0.00704545898, 0.270939746, -0.256408252, -0.427752, 0.53331439, -0.729676479, 0.553100586, -0.483886719, -0.677978516, -0.714765515, -0.693658871, -0.087861675, 3, 1, 
229.76727, 0.1, 0.1, -0.0132013829, 0.276126835, -0.0199600585, 0.972258514, -2.67968899e-005, -0.233908918, 0.23390892, 7.5379128e-005, 0.972258511, -8.42165399e-006, -0.999999997, 7.95560306e-005, 0.972258529, -2.83319108e-006, -0.233908857, 0.233908856, 0.000112278002, 0.972258523, 2.3508225e-005, -0.999999994, 0.000109825954, 0, 0, 0, 0, 0, 0, 0, -0.0439895996, 0.25561106, -0.248568286, -0.183370174, 0.977605779, 0.102016027, -0.142822266, -0.129150391, 0.981323242, 0.972543809, 0.165389158, 0.163421329, 0, 0, 0, 0, 0, 0, 0, 0.00676118164, 0.270877979, -0.256384814, -0.428946693, 0.532675299, -0.729484716, 0.553344727, -0.483276367, -0.678344727, -0.71390914, -0.694585241, -0.0873505489, 3, 1, 
229.76806, 0.1, 0.1, -0.0132012946, 0.276126771, -0.0199683873, 0.972258237, 4.84023407e-005, -0.233910064, 0.233910067, -8.92073045e-005, 0.972258233, 2.6193088e-005, -0.999999995, -9.80543314e-005, 0.972258313, 1.78142512e-005, -0.233909754, 0.233909755, -8.46496968e-005, 0.972258309, -2.48033596e-006, -0.999999996, -8.64682985e-005, 0, 0, 0, 0, 0, 0, 0, -0.0439895996, 0.25561106, -0.248568286, -0.183370174, 0.977605779, 0.102016027, -0.142822266, -0.129150391, 0.981323242, 0.972543809, 0.165389158, 0.163421329, 0, 0, 0, 0, 0, 0, 0, 0.00676118164, 0.270877979, -0.256384814, -0.428946693, 0.532675299, -0.729484716, 0.553344727, -0.483276367, -0.678344727, -0.71390914, -0.694585241, -0.0873505489, 3, 1, 
229.768848, 0.1, 0.1, -0.0132011983, 0.276126712, -0.0199750775, 0.972257814, 1.31378196e-005, -0.233911829, 0.233911829, 1.80393011e-005, 0.972257814, 1.69929536e-005, -1, 1.446576e-005, 0.972257903, 4.25339075e-005, -0.233911453, 0.233911454, -1.63696084e-005, 0.972257904, 3.75248889e-005, -0.999999999, -2.58646493e-005, 0, 0, 0, 0, 0, 0, 0, -0.0439895996, 0.25561106, -0.248568286, -0.183370174, 0.977605779, 0.102016027, -0.142822266, -0.129150391, 0.981323242, 0.972543809, 0.165389158, 0.163421329, 0, 0, 0, 0, 0, 0, 0, 0.00676118164, 0.270877979, -0.256384814, -0.428946693, 0.532675299, -0.729484716, 0.553344727, -0.483276367, -0.678344727, -0.71390914, -0.694585241, -0.0873505489, 3, 1, 
229.769696, 0.1, 0.1, -0.013201121, 0.276126672, -0.0199777823, 0.972257268, -6.06928182e-005, -0.23391409, 0.233914093, 5.74674627e-005, 0.972257267, -4.55665843e-005, -0.999999997, 7.00700638e-005, 0.972257366, -6.78093613e-005, -0.23391368, 0.233913684, 6.63218854e-005, 0.972257365, -5.04145547e-005, -0.999999996, 8.03434791e-005, 0, 0, 0, 0, 0, 0, 0, -0.0439895996, 0.25561106, -0.248568286, -0.183370174, 0.977605779, 0.102016027, -0.142822266, -0.129150391, 0.981323242, 0.972543809, 0.165389158, 0.163421329, 0, 0, 0, 0, 0, 0, 0, 0.00676118164, 0.270877979, -0.256384814, -0.428946693, 0.532675299, -0.729484716, 0.553344727, -0.483276367, -0.678344727, -0.71390914, -0.694585241, -0.0873505489, 3, 1, 
229.770491, 0.1, 0.1, -0.0132010351, 0.276126622, -0.0199757778, 0.972256797, 5.00903481e-005, -0.233916051, 0.233916054, -4.20893166e-005, 0.972256796, 3.88553146e-005, -0.999999998, -5.26385607e-005, 0.972256887, 3.80891835e-005, -0.233915677, 0.233915678, -2.90046975e-005, 0.972256887, 3.02478175e-005, -0.999999999, -3.71096741e-005, 0, 0, 0, 0, 0, 0, 0, -0.0439895996, 0.25561106, -0.248568286, -0.183370174, 0.977605779, 0.102016027, -0.142822266, -0.129150391, 0.981323242, 0.972543809, 0.165389158, 0.163421329, 0, 0, 0, 0, 0, 0, 0, 0.00676118164, 0.270877979, -0.256384814, -0.428946693, 0.532675299, -0.729484716, 0.553344727, -0.483276367, -0.678344727, -0.71390914, -0.694585241, -0.0873505489, 3, 1, 
229.771277, 0.1, 0.1, -0.0132009508, 0.276126568, -0.019970584, 0.97225642, -3.77874345e-005, -0.233917619, 0.23391762, 2.00827293e-005, 0.97225642, -3.20413716e-005, -0.999999999, 2.83647092e-005, 0.97225648, -1.48216974e-005, -0.233917373, 0.233917373, -1.06493619e-005, 0.97225648, -1.69015621e-005, -1, -6.8868586e-006, 0, 0, 0, 0, 0, 0, 0, -0.0439895996, 0.25561106, -0.248568286, -0.183370174, 0.977605779, 0.102016027, -0.142822266, -0.129150391, 0.981323242, 0.972543809, 0.165389158, 0.163421329, 0, 0, 0, 0, 0, 0, 0, 0.00676118164, 0.270877979, -0.256384814, -0.428946693, 0.532675299, -0.729484716, 0.553344727, -0.483276367, -0.678344727, -0.71390914, -0.694585241, -0.0873505489, 3, 1, 
229.772136, 0.1, 0.1, -0.0132008652, 0.276126527, -0.0199628577, 0.9722562, 3.91289172e-005, -0.233918533, 0.233918532, 2.04246435e-005, 0.972256201, 4.28210351e-005, -0.999999999, 1.07050074e-005, 0.972256224, 1.646025e-005, -0.233918436, 0.233918435, 4.67737875e-005, 0.972256223, 2.69448317e-005, -0.999999999, 4.16257501e-005, 0, 0, 0, 0, 0, 0, 0, -0.0439611572, 0.255619238, -0.248357861, -0.182830616, 0.977789626, 0.10179998, -0.142333984, -0.128662109, 0.981445312, 0.972829127, 0.164989263, 0.162837588, 0, 0, 0, 0, 0, 0, 0, 0.00671650391, 0.270823047, -0.25636626, -0.429713382, 0.531985169, -0.729439873, 0.553222656, -0.483276367, -0.678466797, -0.713621495, -0.695026005, -0.0866093795, 3, 1, 
229.772935, 0.1, 0.1, -0.0132007821, 0.276126466, -0.0199567512, 0.972256245, -5.13425981e-005, -0.233918343, 0.233918341, -5.4694278e-005, 0.972256246, -6.27121566e-005, -0.999999997, -4.1166878e-005, 0.972256216, -2.30974673e-005, -0.233918467, 0.233918465, -7.16450252e-005, 0.972256214, -3.92157506e-005, -0.999999997, -6.42543971e-005, 0, 0, 0, 0, 0, 0, 0, -0.0439611572, 0.255619238, -0.248357861, -0.182830616, 0.977789626, 0.10179998, -0.142333984, -0.128662109, 0.981445312, 0.972829127, 0.164989263, 0.162837588, 0, 0, 0, 0, 0, 0, 0, 0.00671650391, 0.270823047, -0.25636626, -0.429713382, 0.531985169, -0.729439873, 0.553222656, -0.483276367, -0.678466797, -0.713621495, -0.695026005, -0.0866093795, 3, 1, 
229.773726, 0.1, 0.1, -0.0132007099, 0.276126431, -0.0199540762, 0.972256563, 1.8301994e-005, -0.233917026, 0.233917023, 9.49254053e-005, 0.972256559, 3.99989022e-005, -0.999999995, 8.80107004e-005, 0.972256481, -7.27585971e-006, -0.233917368, 0.233917367, 9.41580048e-005, 0.972256477, 1.49511909e-005, -0.999999996, 9.32476804e-005, 0, 0, 0, 0, 0, 0, 0, -0.0439611572, 0.255619238, -0.248357861, -0.182830616, 0.977789626, 0.10179998, -0.142333984, -0.128662109, 0.981445312, 0.972829127, 0.164989263, 0.162837588, 0, 0, 0, 0, 0, 0, 0, 0.00671650391, 0.270823047, -0.25636626, -0.429713382, 0.531985169, -0.729439873, 0.553222656, -0.483276367, -0.678466797, -0.713621495, -0.695026005, -0.0866093795, 3, 1, 
229.774608, 0.1, 0.1, -0.013200619, 0.276126372, -0.0199543992, 0.972257149, -2.80407585e-005, -0.233914592, 0.233914588, -0.000107730625, 0.972257144, -5.24625929e-005, -0.999999994, -9.81827277e-005, 0.972257031, -9.86224346e-006, -0.233915083, 0.233915082, -8.85499638e-005, 0.972257027, -3.03018077e-005, -0.999999996, -8.37863973e-005, 0, 0, 0, 0, 0, 0, 0, -0.0439354004, 0.255404175, -0.248388989, -0.18232925, 0.977973473, 0.10122223, -0.141967773, -0.128051758, 0.981567383, 0.97287331, 0.164589369, 0.162311135, 0, 0, 0, 0, 0, 0, 0, 0.00647348633, 0.270561475, -0.256142773, -0.430115866, 0.531537842, -0.729625074, 0.553222656, -0.483276367, -0.678344727, -0.713295569, -0.695441249, -0.0860151313, 3, 1, 
229.775426, 0.1, 0.1, -0.0132005405, 0.276126319, -0.0199579744, 0.972257763, 2.58276394e-005, -0.233912038, 0.233912036, 6.60172786e-005, 0.972257762, 4.05533591e-005, -0.999999997, 5.81444159e-005, 0.972257649, 1.20289796e-005, -0.233912512, 0.233912512, 2.71090919e-005, 0.972257649, 1.80364232e-005, -1, 2.35432931e-005, 0, 0, 0, 0, 0, 0, 0, -0.0439354004, 0.255404175, -0.248388989, -0.18232925, 0.977973473, 0.10122223, -0.141967773, -0.128051758, 0.981567383, 0.97287331, 0.164589369, 0.162311135, 0, 0, 0, 0, 0, 0, 0, 0.00647348633, 0.270561475, -0.256142773, -0.430115866, 0.531537842, -0.729625074, 0.553222656, -0.483276367, -0.678344727, -0.713295569, -0.695441249, -0.0860151313, 3, 1, 
229.776229, 0.1, 0.1, -0.0132004618, 0.276126284, -0.019963553, 0.972258251, -2.36492635e-005, -0.233910008, 0.233910008, -1.51955132e-005, 0.972258252, -2.65475742e-005, -1, -9.24216372e-006, 0.97225817, -1.58397781e-005, -0.233910349, 0.23391035, 3.13357461e-005, 0.972258169, -8.07059835e-006, -0.999999999, 3.41715232e-005, 0, 0, 0, 0, 0, 0, 0, -0.0439354004, 0.255404175, -0.248388989, -0.18232925, 0.977973473, 0.10122223, -0.141967773, -0.128051758, 0.981567383, 0.97287331, 0.164589369, 0.162311135, 0, 0, 0, 0, 0, 0, 0, 0.00647348633, 0.270561475, -0.256142773, -0.430115866, 0.531537842, -0.729625074, 0.553222656, -0.483276367, -0.678344727, -0.713295569, -0.695441249, -0.0860151313, 3, 1, 
229.777066, 0.1, 0.1, -0.0132003787, 0.276126226, -0.0199689104, 0.97225854, 4.43972593e-005, -0.233908804, 0.233908804, -4.925746e-006, 0.972258541, 4.20134392e-005, -0.999999999, -1.51740085e-005, 0.972258503, 3.40175865e-005, -0.233908961, 0.233908962, -3.25050996e-005, 0.972258503, 2.54706537e-005, -0.999999999, -3.95603778e-005, 0, 0, 0, 0, 0, 0, 0, -0.0439354004, 0.255404175, -0.248388989, -0.18232925, 0.977973473, 0.10122223, -0.141967773, -0.128051758, 0.981567383, 0.97287331, 0.164589369, 0.162311135, 0, 0, 0, 0, 0, 0, 0, 0.00647348633, 0.270561475, -0.256142773, -0.430115866, 0.531537842, -0.729625074, 0.553222656, -0.483276367, -0.678344727, -0.713295569, -0.695441249, -0.0860151313, 3, 1, 
229.777857, 0.1, 0.1, -0.0132003019, 0.276126191, -0.0199723486, 0.972258596, -2.62402494e-005, -0.233908575, 0.233908576, 3.04990554e-005, 0.972258596, -1.83783175e-005, -0.999999999, 3.57907882e-005, 0.9722586, -1.4649163e-005, -0.23390856, 0.23390856, 4.58381752e-005, 0.972258599, -3.52083314e-006, -0.999999999, 4.79931247e-005, 0, 0, 0, 0, 0, 0, 0, -0.0439354004, 0.255404175, -0.248388989, -0.18232925, 0.977973473, 0.10122223, -0.141967773, -0.128051758, 0.981567383, 0.97287331, 0.164589369, 0.162311135, 0, 0, 0, 0, 0, 0, 0, 0.00647348633, 0.270561475, -0.256142773, -0.430115866, 0.531537842, -0.729625074, 0.553222656, -0.483276367, -0.678344727, -0.713295569, -0.695441249, -0.0860151313, 3, 1, 
229.778664, 0.1, 0.1, -0.0132002244, 0.276126141, -0.0199732247, 0.972258471, 4.28162095e-005, -0.233909093, 0.233909094, -3.36942022e-005, 0.972258471, 3.37470422e-005, -0.999999999, -4.27745743e-005, 0.97225851, 2.98707672e-005, -0.233908932, 0.233908934, -3.91989867e-005, 0.972258509, 1.98731144e-005, -0.999999999, -4.50985877e-005, 0, 0, 0, 0, 0, 0, 0, -0.0439354004, 0.255404175, -0.248388989, -0.18232925, 0.977973473, 0.10122223, -0.141967773, -0.128051758, 0.981567383, 0.97287331, 0.164589369, 0.162311135, 0, 0, 0, 0, 0, 0, 0, 0.00647348633, 0.270561475, -0.256142773, -0.430115866, 0.531537842, -0.729625074, 0.553222656, -0.483276367, -0.678344727, -0.713295569, -0.695441249, -0.0860151313, 3, 1, 
229.779498, 0.1, 0.1, -0.0132001464, 0.276126098, -0.019970718, 0.972258221, -4.34887194e-005, -0.23391013, 0.233910132, 4.07432881e-005, 0.972258221, -3.27519972e-005, -0.999999998, 4.97854489e-005, 0.972258278, -2.66123905e-005, -0.233909896, 0.233909897, 3.85045431e-005, 0.972258278, -1.68675233e-005, -0.999999999, 4.36612623e-005, 0, 0, 0, 0, 0, 0, 0, -0.0439083008, 0.25540625, -0.248414014, -0.181808789, 0.978036752, 0.100765048, -0.141601562, -0.127441406, 0.981689453, 0.973038061, 0.164208571, 0.161765586, 0, 0, 0, 0, 0, 0, 0, 0.00644370117, 0.270518262, -0.25613252, -0.430626992, 0.530943594, -0.729701633, 0.552978516, -0.483520508, -0.678344727, -0.713103805, -0.69562645, -0.0852867217, 3, 1, 
229.780287, 0.1, 0.1, -0.0132000761, 0.276126056, -0.0199667014, 0.972257905, 3.37654421e-005, -0.233911449, 0.233911449, -1.1066195e-005, 0.972257905, 3.02402083e-005, -0.999999999, -1.86573191e-005, 0.972257975, 1.79875768e-005, -0.233911157, 0.233911157, -1.22898172e-005, 0.972257975, 1.46138396e-005, -1, -1.61563677e-005, 0, 0, 0, 0, 0, 0, 0, -0.0439083008, 0.25540625, -0.248414014, -0.181808789, 0.978036752, 0.100765048, -0.141601562, -0.127441406, 0.981689453, 0.973038061, 0.164208571, 0.161765586, 0, 0, 0, 0, 0, 0, 0, 0.00644370117, 0.270518262, -0.25613252, -0.430626992, 0.530943594, -0.729701633, 0.552978516, -0.483520508, -0.678344727, -0.713103805, -0.69562645, -0.0852867217, 3, 1, 
229.781095, 0.1, 0.1, -0.0132000016, 0.276126015, -0.0199624646, 0.972257507, -4.23032017e-006, -0.233913103, 0.233913103, -8.34755158e-006, 0.972257507, -6.06556224e-006, -1, -7.12644237e-006, 0.972257598, -1.33978688e-005, -0.233912724, 0.233912725, 1.08337979e-005, 0.972257598, -1.04920166e-005, -1, 1.36671744e-005, 0, 0, 0, 0, 0, 0, 0, -0.0439083008, 0.25540625, -0.248414014, -0.181808789, 0.978036752, 0.100765048, -0.141601562, -0.127441406, 0.981689453, 0.973038061, 0.164208571, 0.161765586, 0, 0, 0, 0, 0, 0, 0, 0.00644370117, 0.270518262, -0.25613252, -0.430626992, 0.530943594, -0.729701633, 0.552978516, -0.483520508, -0.678344727, -0.713103805, -0.69562645, -0.0852867217, 3, 1, 
229.781932, 0.1, 0.1, -0.0131999276, 0.276125972, -0.0199586015, 0.972257023, -3.49381323e-005, -0.233915114, 0.233915114, 1.20861921e-005, 0.972257023, -3.11417015e-005, -0.999999999, 1.99234424e-005, 0.972257119, -2.69633345e-005, -0.233914716, 0.233914716, 2.23514311e-005, 0.972257119, -2.09869652e-005, -0.999999999, 2.80384587e-005, 0, 0, 0, 0, 0, 0, 0, -0.0439083008, 0.25540625, -0.248414014, -0.181808789, 0.978036752, 0.100765048, -0.141601562, -0.127441406, 0.981689453, 0.973038061, 0.164208571, 0.161765586, 0, 0, 0, 0, 0, 0, 0, 0.00644370117, 0.270518262, -0.25613252, -0.430626992, 0.530943594, -0.729701633, 0.552978516, -0.483520508, -0.678344727, -0.713103805, -0.69562645, -0.0852867217, 3, 1, 
229.782727, 0.1, 0.1, -0.0131998536, 0.276125933, -0.0199574858, 0.97225648, 3.89394581e-005, -0.233917369, 0.233917367, 3.98382451e-005, 0.97225648, 4.71779979e-005, -0.999999998, 2.96243764e-005, 0.972256594, 4.00376572e-005, -0.233916896, 0.233916895, 3.2747016e-005, 0.972256594, 4.65869566e-005, -0.999999999, 2.24730178e-005, 0, 0, 0, 0, 0, 0, 0, -0.0439083008, 0.25540625, -0.248414014, -0.181808789, 0.978036752, 0.100765048, -0.141601562, -0.127441406, 0.981689453, 0.973038061, 0.164208571, 0.161765586, 0, 0, 0, 0, 0, 0, 0, 0.00644370117, 0.270518262, -0.25613252, -0.430626992, 0.530943594, -0.729701633, 0.552978516, -0.483520508, -0.678344727, -0.713103805, -0.69562645, -0.0852867217, 3, 1, 
229.783532, 0.1, 0.1, -0.0131997903, 0.276125889, -0.0199590501, 0.972255975, -7.37215661e-005, -0.233919459, 0.233919458, -2.39483037e-005, 0.972255978, -7.72782076e-005, -0.999999997, -6.0389726e-006, 0.97225607, -6.56282805e-005, -0.233919067, 0.233919067, -1.51441686e-005, 0.972256072, -6.7350004e-005, -0.999999998, 6.27696249e-007, 0, 0, 0, 0, 0, 0, 0, -0.0439083008, 0.25540625, -0.248414014, -0.181808789, 0.978036752, 0.100765048, -0.141601562, -0.127441406, 0.981689453, 0.973038061, 0.164208571, 0.161765586, 0, 0, 0, 0, 0, 0, 0, 0.00644370117, 0.270518262, -0.25613252, -0.430626992, 0.530943594, -0.729701633, 0.552978516, -0.483520508, -0.678344727, -0.713103805, -0.69562645, -0.0852867217, 3, 1, 
229.784375, 0.1, 0.1, -0.0131997191, 0.276125846, -0.0199619259, 0.972255557, 6.55367484e-005, -0.233921202, 0.233921201, 2.03767973e-005, 0.972255559, 6.84850329e-005, -0.999999998, 4.48101955e-006, 0.972255635, 3.69981743e-005, -0.233920883, 0.233920883, 6.90506597e-006, 0.972255635, 3.75869226e-005, -0.999999999, -1.94115632e-006, 0, 0, 0, 0, 0, 0, 0, -0.0438812012, 0.255189844, -0.248196875, -0.181288327, 0.978201503, 0.10064448, -0.141601562, -0.127197266, 0.981689453, 0.973202812, 0.163688109, 0.161784682, 0, 0, 0, 0, 0, 0, 0, 0.00646518555, 0.270519971, -0.25615083, -0.430237268, 0.530930834, -0.729931676, 0.553222656, -0.483764648, -0.678100586, -0.713308329, -0.695505048, -0.085433643, 3, 1, 
229.78517, 0.1, 0.1, -0.0131996384, 0.276125809, -0.0199656498, 0.972255214, 5.92887962e-006, -0.233922634, 0.233922634, -6.52844209e-008, 0.972255214, 5.74911262e-006, -1, -1.45037226e-006, 0.972255282, 4.15582811e-005, -0.233922348, 0.233922347, 1.46392014e-005, 0.972255283, 4.38296947e-005, -0.999999999, 4.51163022e-006, 0, 0, 0, 0, 0, 0, 0, -0.0438812012, 0.255189844, -0.248196875, -0.181288327, 0.978201503, 0.10064448, -0.141601562, -0.127197266, 0.981689453, 0.973202812, 0.163688109, 0.161784682, 0, 0, 0, 0, 0, 0, 0, 0.00646518555, 0.270519971, -0.25615083, -0.430237268, 0.530930834, -0.729931676, 0.553222656, -0.483764648, -0.678100586, -0.713308329, -0.695505048, -0.085433643, 3, 1, 
229.786008, 0.1, 0.1, -0.013199588, 0.276125762, -0.0199690353, 0.972254899, -9.01513195e-005, -0.233923924, 0.233923922, -3.76918412e-005, 0.972254904, -9.64670858e-005, -0.999999995, -1.55575271e-005, 0.972254963, -0.000101977655, -0.233923655, 0.233923653, -2.40934187e-005, 0.972254969, -0.000104784303, -0.999999995, 4.30039851e-007, 0, 0, 0, 0, 0, 0, 0, -0.0438812012, 0.255189844, -0.248196875, -0.181288327, 0.978201503, 0.10064448, -0.141601562, -0.127197266, 0.981689453, 0.973202812, 0.163688109, 0.161784682, 0, 0, 0, 0, 0, 0, 0, 0.00646518555, 0.270519971, -0.25615083, -0.430237268, 0.530930834, -0.729931676, 0.553222656, -0.483764648, -0.678100586, -0.713308329, -0.695505048, -0.085433643, 3, 1, 
229.786828, 0.1, 0.1, -0.01319952, 0.27612572, -0.0199702862, 0.972254554, 4.58424925e-005, -0.233925373, 0.233925372, 1.94912335e-005, 0.972254555, 4.91300662e-005, -0.999999999, 8.22671839e-006, 0.972254613, 2.91465422e-005, -0.233925132, 0.233925131, 1.9948298e-005, 0.972254613, 3.30042684e-005, -0.999999999, 1.2576716e-005, 0, 0, 0, 0, 0, 0, 0, -0.0438812012, 0.255189844, -0.248196875, -0.181288327, 0.978201503, 0.10064448, -0.141601562, -0.127197266, 0.981689453, 0.973202812, 0.163688109, 0.161784682, 0, 0, 0, 0, 0, 0, 0, 0.00646518555, 0.270528271, -0.255929297, -0.430237268, 0.531052236, -0.729918916, 0.553222656, -0.483764648, -0.678100586, -0.713308329, -0.695492288, -0.0855550446, 3, 1, 
229.787619, 0.1, 0.1, -0.01319945, 0.276125683, -0.0199697002, 0.972254328, -2.25148121e-005, -0.233926317, 0.233926317, 1.4937037e-005, 0.972254328, -1.83959575e-005, -1, 1.9789406e-005, 0.972254369, -4.79903932e-006, -0.233926146, 0.233926146, 1.35233318e-005, 0.972254369, -1.50242606e-006, -1, 1.42707392e-005, 0, 0, 0, 0, 0, 0, 0, -0.0438812012, 0.255189844, -0.248196875, -0.181288327, 0.978201503, 0.10064448, -0.141601562, -0.127197266, 0.981689453, 0.973202812, 0.163688109, 0.161784682, 0, 0, 0, 0, 0, 0, 0, 0.00646518555, 0.270528271, -0.255929297, -0.430237268, 0.531052236, -0.729918916, 0.553222656, -0.483764648, -0.678100586, -0.713308329, -0.695492288, -0.0855550446, 3, 1, 
229.788426, 0.1, 0.1, -0.013199383, 0.276125644, -0.0199677033, 0.972254085, 4.1199004e-005, -0.233927324, 0.233927324, 5.61345771e-006, 0.972254086, 4.13690411e-005, -0.999999999, -4.17986555e-006, 0.972254136, 2.52419816e-005, -0.233927114, 0.233927113, 6.47706456e-006, 0.972254136, 2.6056782e-005, -1, 3.92568922e-007, 0, 0, 0, 0, 0, 0, 0, -0.0438812012, 0.255189844, -0.248196875, -0.181288327, 0.978201503, 0.10064448, -0.141601562, -0.127197266, 0.981689453, 0.973202812, 0.163688109, 0.161784682, 0, 0, 0, 0, 0, 0, 0, 0.00646518555, 0.270528271, -0.255929297, -0.430237268, 0.531052236, -0.729918916, 0.553222656, -0.483764648, -0.678100586, -0.713308329, -0.695492288, -0.0855550446, 3, 1, 
229.789251, 0.1, 0.1, -0.0131993157, 0.276125604, -0.0199644454, 0.972253826, -4.32336381e-005, -0.2339284, 0.233928399, -2.72949485e-005, 0.972253827, -4.84191337e-005, -0.999999999, -1.64240423e-005, 0.972253883, -2.79219663e-005, -0.233928163, 0.233928163, -6.38042782e-006, 0.972253884, -2.8639802e-005, -1, 3.28338551e-007, 0, 0, 0, 0, 0, 0, 0, -0.043847998, 0.255189233, -0.248193457, -0.180647298, 0.978226591, 0.100726856, -0.141601562, -0.127197266, 0.981689453, 0.973348467, 0.163066176, 0.161524451, 0, 0, 0, 0, 0, 0, 0, 0.00646518555, 0.270528271, -0.255929297, -0.430237268, 0.531052236, -0.729918916, 0.553222656, -0.483764648, -0.678100586, -0.713308329, -0.695492288, -0.0855550446, 3, 1, 
229.790043, 0.1, 0.1, -0.0131992561, 0.276125566, -0.0199618598, 0.972253588, 2.85604698e-005, -0.233929389, 0.233929388, 1.66630009e-005, 0.972253589, 3.16659849e-005, -0.999999999, 9.5195292e-006, 0.972253621, 7.77049517e-006, -0.233929255, 0.233929255, 1.8580175e-005, 0.972253621, 1.19013386e-005, -1, 1.62468963e-005, 0, 0, 0, 0, 0, 0, 0, -0.043847998, 0.255189233, -0.248193457, -0.180647298, 0.978226591, 0.100726856, -0.141601562, -0.127197266, 0.981689453, 0.973348467, 0.163066176, 0.161524451, 0, 0, 0, 0, 0, 0, 0, 0.00646518555, 0.270528271, -0.255929297, -0.430237268, 0.531052236, -0.729918916, 0.553222656, -0.483764648, -0.678100586, -0.713308329, -0.695492288, -0.0855550446, 3, 1, 
229.790847, 0.1, 0.1, -0.0131991936, 0.276125528, -0.0199606636, 0.972253495, -5.71241312e-005, -0.233929774, 0.233929775, 9.70315202e-006, 0.972253496, -5.32692801e-005, -0.999999998, 2.27969586e-005, 0.972253512, -3.42531017e-005, -0.233929704, 0.233929705, 6.66110852e-006, 0.972253513, -3.17444674e-005, -0.999999999, 1.44891041e-005, 0, 0, 0, 0, 0, 0, 0, -0.043847998, 0.255189233, -0.248193457, -0.180647298, 0.978226591, 0.100726856, -0.141601562, -0.127197266, 0.981689453, 0.973348467, 0.163066176, 0.161524451, 0, 0, 0, 0, 0, 0, 0, 0.00646518555, 0.270528271, -0.255929297, -0.430237268, 0.531052236, -0.729918916, 0.553222656, -0.483764648, -0.678100586, -0.713308329, -0.695492288, -0.0855550446, 3, 1, 
229.791702, 0.1, 0.1, -0.0131991305, 0.276125488, -0.0199601453, 0.972253342, 3.67066914e-005, -0.23393041, 0.233930409, 2.91564224e-005, 0.972253343, 4.25087773e-005, -0.999999999, 1.97606178e-005, 0.972253388, 2.01559389e-005, -0.233930224, 0.233930224, 1.99852168e-006, 0.972253388, 2.00641945e-005, -1, -2.77201384e-006, 0, 0, 0, 0, 0, 0, 0, -0.0438283447, 0.255197412, -0.247974976, -0.1802665, 0.978410438, 0.100625384, -0.141723633, -0.127075195, 0.981689453, 0.973411746, 0.162666282, 0.161664114, 0, 0, 0, 0, 0, 0, 0, 0.00649008789, 0.27052998, -0.255947607, -0.429873063, 0.531039476, -0.730148959, 0.553344727, -0.483886719, -0.677856445, -0.71327005, -0.695370887, -0.0857019658, 3, 1, 
229.792492, 0.1, 0.1, -0.0131990669, 0.276125451, -0.0199614161, 0.972253124, -2.6492156e-005, -0.233931319, 0.233931317, -5.30127509e-005, 0.972253123, -3.81584242e-005, -0.999999998, -4.53444678e-005, 0.972253166, -9.98206967e-006, -0.233931146, 0.233931146, -3.20192695e-005, 0.972253166, -1.71954032e-005, -0.999999999, -2.87957191e-005, 0, 0, 0, 0, 0, 0, 0, -0.0438283447, 0.255197412, -0.247974976, -0.1802665, 0.978410438, 0.100625384, -0.141723633, -0.127075195, 0.981689453, 0.973411746, 0.162666282, 0.161664114, 0, 0, 0, 0, 0, 0, 0, 0.00649008789, 0.27052998, -0.255947607, -0.429873063, 0.531039476, -0.730148959, 0.553344727, -0.483886719, -0.677856445, -0.71327005, -0.695370887, -0.0857019658, 3, 1, 
229.793295, 0.1, 0.1, -0.0131990079, 0.276125414, -0.0199639382, 0.972252951, 2.11593935e-005, -0.233932039, 0.233932038, 5.81603359e-005, 0.97225295, 3.41778487e-005, -0.999999998, 5.15966982e-005, 0.972252985, 6.82759526e-006, -0.233931898, 0.233931897, 3.00173467e-005, 0.972252985, 1.36601647e-005, -1, 2.75872626e-005, 0, 0, 0, 0, 0, 0, 0, -0.0438283447, 0.255197412, -0.247974976, -0.1802665, 0.978410438, 0.100625384, -0.141723633, -0.127075195, 0.981689453, 0.973411746, 0.162666282, 0.161664114, 0, 0, 0, 0, 0, 0, 0, 0.00649008789, 0.27052998, -0.255947607, -0.429873063, 0.531039476, -0.730148959, 0.553344727, -0.483886719, -0.677856445, -0.71327005, -0.695370887, -0.0857019658, 3, 1, 
229.794124, 0.1, 0.1, -0.0131989438, 0.276125383, -0.0199661597, 0.97225278, -1.74903549e-005, -0.233932748, 0.233932747, -4.28968991e-005, 0.97225278, -2.70400357e-005, -0.999999999, -3.76150627e-005, 0.972252822, -1.2244833e-005, -0.233932574, 0.233932574, 6.15280099e-007, 0.972252822, -1.17611393e-005, -1, 3.4626731e-006, 0, 0, 0, 0, 0, 0, 0, -0.0438283447, 0.255197412, -0.247974976, -0.1802665, 0.978410438, 0.100625384, -0.141723633, -0.127075195, 0.981689453, 0.973411746, 0.162666282, 0.161664114, 0, 0, 0, 0, 0, 0, 0, 0.00649008789, 0.27052998, -0.255947607, -0.429873063, 0.531039476, -0.730148959, 0.553344727, -0.483886719, -0.677856445, -0.71327005, -0.695370887, -0.0857019658, 3, 1, 
229.794915, 0.1, 0.1, -0.0131988814, 0.276125334, -0.0199679242, 0.972252505, 4.70335044e-005, -0.233933887, 0.233933889, -2.81211832e-005, 0.972252506, 3.91499448e-005, -0.999999998, -3.83436215e-005, 0.972252571, 3.75596288e-005, -0.233933616, 0.233933618, -5.67011781e-005, 0.97225257, 2.3253134e-005, -0.999999998, -6.39143261e-005, 0, 0, 0, 0, 0, 0, 0, -0.0438283447, 0.255197412, -0.247974976, -0.1802665, 0.978410438, 0.100625384, -0.141723633, -0.127075195, 0.981689453, 0.973411746, 0.162666282, 0.161664114, 0, 0, 0, 0, 0, 0, 0, 0.00649008789, 0.27052998, -0.255947607, -0.429873063, 0.531039476, -0.730148959, 0.553344727, -0.483886719, -0.677856445, -0.71327005, -0.695370887, -0.0857019658, 3, 1, 
229.795757, 0.1, 0.1, -0.0131988199, 0.276125304, -0.0199684522, 0.972252045, -4.02768017e-005, -0.233935801, 0.233935801, 1.14630396e-005, 0.972252046, -3.64775876e-005, -0.999999999, 2.05671495e-005, 0.972252155, -2.46509576e-005, -0.233935345, 0.233935346, 3.00145568e-005, 0.972252155, -1.69454809e-005, -0.999999999, 3.49484479e-005, 0, 0, 0, 0, 0, 0, 0, -0.0438283447, 0.255197412, -0.247974976, -0.1802665, 0.978410438, 0.100625384, -0.141723633, -0.127075195, 0.981689453, 0.973411746, 0.162666282, 0.161664114, 0, 0, 0, 0, 0, 0, 0, 0.00649008789, 0.27052998, -0.255947607, -0.429873063, 0.531039476, -0.730148959, 0.553344727, -0.483886719, -0.677856445, -0.71327005, -0.695370887, -0.0857019658, 3, 1, 
229.796588, 0.1, 0.1, -0.0131987607, 0.276125265, -0.0199670296, 0.972251456, 2.57739865e-005, -0.233938252, 0.233938252, 2.24241839e-005, 0.972251456, 3.03046703e-005, -0.999999999, 1.57724241e-005, 0.972251573, 1.56080833e-005, -0.233937766, 0.233937766, -3.65717708e-006, 0.972251573, 1.43194317e-005, -1, -7.20701632e-006, 0, 0, 0, 0, 0, 0, 0, -0.0437964844, 0.255198145, -0.247995972, -0.179644566, 0.978454621, 0.10022549, -0.141723633, -0.126586914, 0.981811523, 0.973436834, 0.162164916, 0.161480268, 0, 0, 0, 0, 0, 0, 0, 0.00650327148, 0.270300146, -0.255955908, -0.42960474, 0.530905314, -0.730270361, 0.553344727, -0.484130859, -0.677612305, -0.713487333, -0.695262245, -0.0857147257, 3, 1, 
229.797375, 0.1, 0.1, -0.0131987048, 0.276125232, -0.0199652484, 0.972250883, -3.82789356e-005, -0.23394063, 0.233940629, -3.6446454e-005, 0.972250884, -4.57430353e-005, -0.999999999, -2.64800988e-005, 0.972250993, -2.38278067e-005, -0.233940174, 0.233940174, -1.98020308e-005, 0.972250994, -2.77990993e-005, -1, -1.36782629e-005, 0, 0, 0, 0, 0, 0, 0, -0.0437964844, 0.255198145, -0.247995972, -0.179644566, 0.978454621, 0.10022549, -0.141723633, -0.126586914, 0.981811523, 0.973436834, 0.162164916, 0.161480268, 0, 0, 0, 0, 0, 0, 0, 0.00650327148, 0.270300146, -0.255955908, -0.42960474, 0.530905314, -0.730270361, 0.553344727, -0.484130859, -0.677612305, -0.713487333, -0.695262245, -0.0857147257, 3, 1, 
229.798188, 0.1, 0.1, -0.013198649, 0.276125198, -0.0199635875, 0.972250406, 3.59019343e-005, -0.233942616, 0.233942615, 2.50617351e-005, 0.972250406, 4.07686781e-005, -0.999999999, 1.59672898e-005, 0.972250488, 1.42925071e-005, -0.233942277, 0.233942276, 2.31007979e-005, 0.972250488, 1.93001502e-005, -1, 1.91161404e-005, 0, 0, 0, 0, 0, 0, 0, -0.0437964844, 0.255198145, -0.247995972, -0.179644566, 0.978454621, 0.10022549, -0.141723633, -0.126586914, 0.981811523, 0.973436834, 0.162164916, 0.161480268, 0, 0, 0, 0, 0, 0, 0, 0.00650327148, 0.270300146, -0.255955908, -0.42960474, 0.530905314, -0.730270361, 0.553344727, -0.484130859, -0.677612305, -0.713487333, -0.695262245, -0.0857147257, 3, 1, 
229.798997, 0.1, 0.1, -0.0131985896, 0.276125164, -0.0199621633, 0.97225007, -3.43386131e-005, -0.233944011, 0.23394401, -1.95320653e-005, 0.972250071, -3.79551287e-005, -0.999999999, -1.09567391e-005, 0.972250142, -1.90744844e-005, -0.233943713, 0.233943713, -2.26005883e-007, 0.972250142, -1.85980429e-005, -1, 4.24262147e-006, 0, 0, 0, 0, 0, 0, 0, -0.0437964844, 0.255198145, -0.247995972, -0.179644566, 0.978454621, 0.10022549, -0.141723633, -0.126586914, 0.981811523, 0.973436834, 0.162164916, 0.161480268, 0, 0, 0, 0, 0, 0, 0, 0.00650327148, 0.270300146, -0.255955908, -0.42960474, 0.530905314, -0.730270361, 0.553344727, -0.484130859, -0.677612305, -0.713487333, -0.695262245, -0.0857147257, 3, 1, 
229.799784, 0.1, 0.1, -0.0131985364, 0.276125134, -0.0199620849, 0.972249772, 3.76101439e-005, -0.233945247, 0.233945246, 3.55851218e-005, 0.972249773, 4.4891424e-005, -0.999999999, 2.57989122e-005, 0.972249817, 1.66115253e-005, -0.233945065, 0.233945064, 3.59313794e-005, 0.972249817, 2.45565213e-005, -0.999999999, 3.10480927e-005, 0, 0, 0, 0, 0, 0, 0, -0.0437964844, 0.255198145, -0.247995972, -0.179644566, 0.978454621, 0.10022549, -0.141723633, -0.126586914, 0.981811523, 0.973436834, 0.162164916, 0.161480268, 0, 0, 0, 0, 0, 0, 0, 0.00650327148, 0.270300146, -0.255955908, -0.42960474, 0.530905314, -0.730270361, 0.553344727, -0.484130859, -0.677612305, -0.713487333, -0.695262245, -0.0857147257, 3, 1, 
229.800622, 0.1, 0.1, -0.0131984763, 0.276125096, -0.0199630505, 0.972249673, -3.4580984e-005, -0.23394566, 0.233945659, -3.36927292e-005, 0.972249674, -4.15036181e-005, -0.999999999, -2.46676739e-005, 0.972249673, -9.98719323e-006, -0.233945662, 0.233945661, -4.22335371e-005, 0.972249673, -1.95903981e-005, -0.999999999, -3.87250821e-005, 0, 0, 0, 0, 0, 0, 0, -0.0437964844, 0.255198145, -0.247995972, -0.179644566, 0.978454621, 0.10022549, -0.141723633, -0.126586914, 0.981811523, 0.973436834, 0.162164916, 0.161480268, 0, 0, 0, 0, 0, 0, 0, 0.00650327148, 0.270300146, -0.255955908, -0.42960474, 0.530905314, -0.730270361, 0.553344727, -0.484130859, -0.677612305, -0.713487333, -0.695262245, -0.0857147257, 3, 1, 
229.801426, 0.1, 0.1, -0.0131984238, 0.276125063, -0.0199640683, 0.972249762, 3.65020331e-005, -0.233945292, 0.233945292, 5.41977755e-006, 0.972249762, 3.67570245e-005, -0.999999999, -3.27010136e-006, 0.972249743, 1.70127682e-005, -0.23394537, 0.23394537, 2.64682729e-006, 0.972249744, 1.71598725e-005, -1, -1.40668119e-006, 0, 0, 0, 0, 0, 0, 0, -0.0437693848, 0.255206323, -0.248010864, -0.179124105, 0.978638468, 0.0999461633, -0.141601562, -0.126098633, 0.981811523, 0.973601585, 0.161765022, 0.161277325, 0, 0, 0, 0, 0, 0, 0, 0.0065015625, 0.270301855, -0.2559625, -0.42959198, 0.530892555, -0.730404523, 0.553222656, -0.484375, -0.677612305, -0.713608735, -0.695140843, -0.0856060839, 3, 1, 
229.802209, 0.1, 0.1, -0.0131983693, 0.276125032, -0.0199655248, 0.97224984, -3.35118217e-005, -0.233944965, 0.233944965, -8.16409388e-006, 0.972249841, -3.4491812e-005, -0.999999999, -9.76170347e-008, 0.972249816, -1.38339361e-005, -0.233945068, 0.233945068, -1.39814264e-005, 0.972249816, -1.67209276e-005, -1, -1.03570581e-005, 0, 0, 0, 0, 0, 0, 0, -0.0437693848, 0.255206323, -0.248010864, -0.179124105, 0.978638468, 0.0999461633, -0.141601562, -0.126098633, 0.981811523, 0.973601585, 0.161765022, 0.161277325, 0, 0, 0, 0, 0, 0, 0, 0.0065015625, 0.270301855, -0.2559625, -0.42959198, 0.530892555, -0.730404523, 0.553222656, -0.484375, -0.677612305, -0.713608735, -0.695140843, -0.0856060839, 3, 1, 
