time, realDorsalTactorPos, realVentralTactorPos, boxPosX, boxPosY, boxPosZ, boxLocalRot_11, boxLocalRot_12, boxLocalRot_13, boxLocalRot_21, boxLocalRot_22, boxLocalRot_23, boxLocalRot_31, boxLocalRot_32, boxLocalRot_33, boxGlobalRot_11, boxGlobalRot_12, boxGlobalRot_13, boxGlobalRot_21, boxGlobalRot_22, boxGlobalRot_23, boxGlobalRot_31, boxGlobalRot_32, boxGlobalRot_33, indexForceX, indexForceY, indexForceZ, indexForceGlobalX, indexForceGlobalY, indexForceGlobalZ, indexContact, indexPosX, indexPosY, indexPosZ, indexRot_11, indexRot_12, indexRot_13, indexRot_21, indexRot_22, indexRot_23, indexRot_31, indexRot_32, indexRot_33, thumbForceX, thumbForceY, thumbForceZ, thumbForceGlobalX, thumbForceGlobalY, thumbForceGlobalZ, thumbContact, thumbPosX, thumbPosY, thumbPosZ, thumbRot_11, thumbRot_12, thumbRot_13, thumbRot_21, thumbRot_22, thumbRot_23, thumbRot_31, thumbRot_32, thumbRot_33, mapping, trialSuccess, 
198.609026, 0.1, 0.1, -0.0244157774, 0.277428392, -0.0199594141, 0.735689351, -0.677319112, 1.51060072e-005, 0.677319112, 0.735689351, 4.27793169e-006, -1.40108535e-005, 7.08435857e-006, 1, 0.735689352, -0.677319111, 1.10569125e-005, 0.677319111, 0.735689352, 2.06138103e-005, -2.20965805e-005, -7.6763026e-006, 1, 0, 0, 0, 0, 0, 0, 0, 0.144880566, -0.0327576904, -0.166661963, -0.163578327, 0.584642686, -0.794472707, -0.478515625, 0.657226562, 0.582275391, 0.862625657, 0.475553817, 0.172302682, 0, 0, 0, 0, 0, 0, 0, 0.200052441, -0.00375048828, -0.151017578, -0.191211118, 0.130542306, -0.972781006, 0.546386719, -0.809082031, -0.215942383, -0.815347116, -0.572866861, 0.0833435737, 2, 1, 
198.632675, 0.1, 0.1, -0.0244157664, 0.277428426, -0.0199683582, 0.735710417, -0.677296229, 1.14434658e-005, 0.677296229, 0.735710418, 1.23860471e-005, -1.68081e-005, -1.36192769e-006, 1, 0.735710406, -0.677296241, 2.53742243e-006, 0.677296241, 0.735710406, 2.12787525e-005, -1.62788272e-005, -1.3936413e-005, 1, 0, 0, 0, 0, 0, 0, 0, 0.144838696, -0.0350072266, -0.166850928, -0.164308844, 0.579738736, -0.798071756, -0.480957031, 0.659301758, 0.57800293, 0.861134664, 0.478925957, 0.170648061, 0, 0, 0, 0, 0, 0, 0, 0.199506494, -0.00657875977, -0.151475293, -0.190373701, 0.120912934, -0.974186053, 0.550537109, -0.80847168, -0.207885742, -0.812804245, -0.575842833, 0.0873691494, 2, 1, 
198.633561, 0.1, 0.1, -0.024415767, 0.277428432, -0.0199640195, 0.735710716, -0.677295904, -1.78661889e-005, 0.677295904, 0.735710716, 8.22054023e-006, 7.57660839e-006, -1.81486361e-005, 1, 0.735710636, -0.677295992, -1.09093949e-005, 0.677295991, 0.735710636, -2.64106677e-005, 2.59139972e-005, 1.20417197e-005, 1, 0, 0, 0, 0, 0, 0, 0, 0.14460459, -0.035237915, -0.166854956, -0.164530883, 0.579599072, -0.798129044, -0.480712891, 0.659423828, 0.57800293, 0.861293424, 0.478824486, 0.170286359, 0, 0, 0, 0, 0, 0, 0, 0.199506494, -0.00657875977, -0.151475293, -0.190642023, 0.120075882, -0.974237092, 0.55078125, -0.808349609, -0.207397461, -0.812586962, -0.576053553, 0.0878547558, 2, 1, 
198.634355, 0.1, 0.1, -0.02441577, 0.277428427, -0.0199602203, 0.735711334, -0.677295233, 1.03788658e-005, 0.677295233, 0.735711333, -2.47066713e-005, 9.09786153e-006, 2.52065345e-005, 1, 0.73571118, -0.6772954, 2.31571572e-005, 0.6772954, 0.735711181, 3.91776503e-006, -1.96904637e-005, 1.28018925e-005, 1, 0, 0, 0, 0, 0, 0, 0, 0.14460459, -0.035237915, -0.166854956, -0.164530883, 0.579599072, -0.798129044, -0.480712891, 0.659423828, 0.57800293, 0.861293424, 0.478824486, 0.170286359, 0, 0, 0, 0, 0, 0, 0, 0.199493311, -0.00686181641, -0.151468457, -0.190642023, 0.120075882, -0.974237092, 0.55078125, -0.808349609, -0.207397461, -0.812586962, -0.576053553, 0.0878547558, 2, 1, 
198.635145, 0.1, 0.1, -0.0244157691, 0.277428425, -0.0199584344, 0.735712252, -0.677294236, 4.95526914e-006, 0.677294235, 0.735712252, 5.25115653e-005, -3.92114327e-005, -3.52772267e-005, 0.999999999, 0.735712047, -0.677294459, -6.89340691e-006, 0.677294459, 0.735712046, 4.4559775e-005, -2.51085262e-005, -3.74520295e-005, 0.999999999, 0, 0, 0, 0, 0, 0, 0, 0.14460459, -0.035237915, -0.166854956, -0.164530883, 0.579599072, -0.798129044, -0.480712891, 0.659423828, 0.57800293, 0.861293424, 0.478824486, 0.170286359, 0, 0, 0, 0, 0, 0, 0, 0.199493311, -0.00686181641, -0.151468457, -0.190642023, 0.120075882, -0.974237092, 0.55078125, -0.808349609, -0.207397461, -0.812586962, -0.576053553, 0.0878547558, 2, 1, 
198.635989, 0.1, 0.1, -0.024415771, 0.277428429, -0.0199587044, 0.735713553, -0.677292823, -1.59997941e-005, 0.677292822, 0.735713553, -3.17118091e-005, 3.3249446e-005, 1.24942621e-005, 0.999999999, 0.735713284, -0.677293115, -5.64858969e-006, 0.677293114, 0.735713284, -4.38779278e-005, 3.38739609e-005, 2.84558235e-005, 0.999999999, 0, 0, 0, 0, 0, 0, 0, 0.14460459, -0.035237915, -0.166854956, -0.164530883, 0.579599072, -0.798129044, -0.480712891, 0.659423828, 0.57800293, 0.861293424, 0.478824486, 0.170286359, 0, 0, 0, 0, 0, 0, 0, 0.199493311, -0.00686181641, -0.151468457, -0.190642023, 0.120075882, -0.974237092, 0.55078125, -0.808349609, -0.207397461, -0.812586962, -0.576053553, 0.0878547558, 2, 1, 
198.636777, 0.1, 0.1, -0.0244157713, 0.277428425, -0.0199608635, 0.735715015, -0.677291234, 1.91730185e-005, 0.677291234, 0.735715015, -3.38999743e-006, -1.1809862e-005, 1.54797894e-005, 1, 0.735714713, -0.677291562, 1.04055576e-005, 0.677291562, 0.735714713, 2.73505122e-005, -2.61797929e-005, -1.30745779e-005, 1, 0, 0, 0, 0, 0, 0, 0, 0.14460459, -0.035237915, -0.166854956, -0.164530883, 0.579599072, -0.798129044, -0.480712891, 0.659423828, 0.57800293, 0.861293424, 0.478824486, 0.170286359, 0, 0, 0, 0, 0, 0, 0, 0.199493311, -0.00686181641, -0.151468457, -0.190642023, 0.120075882, -0.974237092, 0.55078125, -0.808349609, -0.207397461, -0.812586962, -0.576053553, 0.0878547558, 2, 1, 
198.63757, 0.1, 0.1, -0.024415771, 0.277428428, -0.0199643779, 0.735716687, -0.677289418, -4.44219711e-006, 0.677289418, 0.735716687, 2.55986454e-005, -1.40694931e-005, -2.18420037e-005, 1, 0.73571634, -0.677289795, -1.60167144e-005, 0.677289795, 0.73571634, -1.02664606e-006, 1.24790954e-005, -1.00926369e-005, 1, 0, 0, 0, 0, 0, 0, 0, 0.14460459, -0.035237915, -0.166854956, -0.164530883, 0.579599072, -0.798129044, -0.480712891, 0.659423828, 0.57800293, 0.861293424, 0.478824486, 0.170286359, 0, 0, 0, 0, 0, 0, 0, 0.199493311, -0.00686181641, -0.151468457, -0.190642023, 0.120075882, -0.974237092, 0.55078125, -0.808349609, -0.207397461, -0.812586962, -0.576053553, 0.0878547558, 2, 1, 
198.638425, 0.1, 0.1, -0.0244157751, 0.277428429, -0.0199676392, 0.735718632, -0.677287305, 5.6412942e-006, 0.677287305, 0.735718632, -3.79254468e-005, 2.15360184e-005, 3.17232348e-005, 0.999999999, 0.735718263, -0.677287707, 1.47207741e-005, 0.677287707, 0.735718262, -3.22286365e-005, 1.0997717e-005, 3.36813958e-005, 0.999999999, 0, 0, 0, 0, 0, 0, 0, 0.144593115, -0.0354727539, -0.166858374, -0.164727835, 0.57933285, -0.798211419, -0.481323242, 0.659057617, 0.577758789, 0.86083025, 0.479484611, 0.170546589, 0, 0, 0, 0, 0, 0, 0, 0.199516748, -0.00692675781, -0.15147334, -0.190450259, 0.119277111, -0.974384013, 0.551513672, -0.808105469, -0.206665039, -0.812075836, -0.576628478, 0.0880847992, 2, 1, 
198.639212, 0.1, 0.1, -0.0244157759, 0.277428427, -0.0199693648, 0.735720514, -0.677285261, 1.27143306e-005, 0.677285261, 0.735720514, 2.32886182e-005, -2.51272317e-005, -8.52268546e-006, 1, 0.735720139, -0.677285669, 6.36925877e-006, 0.677285668, 0.735720139, 3.1103347e-005, -2.57518431e-005, -1.85695511e-005, 0.999999999, 0, 0, 0, 0, 0, 0, 0, 0.144593115, -0.0354727539, -0.166858374, -0.164727835, 0.57933285, -0.798211419, -0.481323242, 0.659057617, 0.577758789, 0.86083025, 0.479484611, 0.170546589, 0, 0, 0, 0, 0, 0, 0, 0.199516748, -0.00692675781, -0.15147334, -0.190450259, 0.119277111, -0.974384013, 0.551513672, -0.808105469, -0.206665039, -0.812075836, -0.576628478, 0.0880847992, 2, 1, 
198.640001, 0.1, 0.1, -0.0244157763, 0.27742843, -0.0199697299, 0.735722442, -0.677283167, -1.68621284e-005, 0.677283167, 0.735722442, 8.09453582e-006, 6.92355341e-006, -1.73757674e-005, 1, 0.735722059, -0.677283583, -1.02201311e-005, 0.677283583, 0.735722059, -1.65785971e-005, 1.87475875e-005, 5.27531261e-006, 1, 0, 0, 0, 0, 0, 0, 0, 0.144593115, -0.0354727539, -0.166858374, -0.164727835, 0.57933285, -0.798211419, -0.481323242, 0.659057617, 0.577758789, 0.86083025, 0.479484611, 0.170546589, 0, 0, 0, 0, 0, 0, 0, 0.199516748, -0.00692675781, -0.15147334, -0.190450259, 0.119277111, -0.974384013, 0.551513672, -0.808105469, -0.206665039, -0.812075836, -0.576628478, 0.0880847992, 2, 1, 
198.640911, 0.1, 0.1, -0.0244157789, 0.277428426, -0.0199672659, 0.735724762, -0.677280647, 8.71197446e-006, 0.677280646, 0.735724762, -2.77876909e-005, 1.24104499e-005, 2.6344544e-005, 1, 0.735724353, -0.67728109, 1.93097195e-005, 0.677281091, 0.735724353, -4.50177834e-006, -1.11576615e-005, 1.63901758e-005, 1, 0, 0, 0, 0, 0, 0, 0, 0.144593115, -0.0357204102, -0.166651367, -0.164727835, 0.57885058, -0.798509842, -0.481445312, 0.659423828, 0.577392578, 0.86083025, 0.479560995, 0.170223079, 0, 0, 0, 0, 0, 0, 0, 0.199311816, -0.00721152344, -0.15125498, -0.190220216, 0.118452819, -0.974530935, 0.551879883, -0.807983398, -0.205932617, -0.811928915, -0.5769606, 0.0883148426, 2, 1, 
198.64171, 0.1, 0.1, -0.0244157783, 0.277428425, -0.0199640062, 0.735726876, -0.677278351, 5.87220387e-006, 0.67727835, 0.735726875, 4.06174285e-005, -3.18296432e-005, -2.59062172e-005, 0.999999999, 0.735726445, -0.677278819, -4.672411e-006, 0.677278819, 0.735726444, 3.37179374e-005, -1.93988285e-005, -2.79717032e-005, 0.999999999, 0, 0, 0, 0, 0, 0, 0, 0.144593115, -0.0357204102, -0.166651367, -0.164727835, 0.57885058, -0.798509842, -0.481445312, 0.659423828, 0.577392578, 0.86083025, 0.479560995, 0.170223079, 0, 0, 0, 0, 0, 0, 0, 0.199311816, -0.00721152344, -0.15125498, -0.190220216, 0.118452819, -0.974530935, 0.551879883, -0.807983398, -0.205932617, -0.811928915, -0.5769606, 0.0883148426, 2, 1, 
198.642501, 0.1, 0.1, -0.0244157801, 0.277428428, -0.0199614159, 0.735729049, -0.67727599, -1.22375959e-005, 0.677275989, 0.735729049, -2.3938515e-005, 2.52165363e-005, 9.32403097e-006, 1, 0.735728608, -0.677276469, -2.60684256e-006, 0.677276468, 0.735728608, -3.641774e-005, 2.6582807e-005, 2.50280201e-005, 0.999999999, 0, 0, 0, 0, 0, 0, 0, 0.144593115, -0.0357204102, -0.166651367, -0.164727835, 0.57885058, -0.798509842, -0.481445312, 0.659423828, 0.577392578, 0.86083025, 0.479560995, 0.170223079, 0, 0, 0, 0, 0, 0, 0, 0.199311816, -0.00721152344, -0.15125498, -0.190220216, 0.118452819, -0.974530935, 0.551879883, -0.807983398, -0.205932617, -0.811928915, -0.5769606, 0.0883148426, 2, 1, 
198.643373, 0.1, 0.1, -0.0244157815, 0.277428421, -0.0199593163, 0.735731573, -0.677273248, 2.35399308e-005, 0.677273248, 0.735731573, 5.12964355e-006, -2.07932407e-005, 1.21689247e-005, 1, 0.735731118, -0.677273742, 1.65551104e-005, 0.677273741, 0.735731118, 3.88855612e-005, -3.85162794e-005, -1.73969759e-005, 0.999999999, 0, 0, 0, 0, 0, 0, 0, 0.144593115, -0.0357204102, -0.166651367, -0.164727835, 0.57885058, -0.798509842, -0.481445312, 0.659423828, 0.577392578, 0.86083025, 0.479560995, 0.170223079, 0, 0, 0, 0, 0, 0, 0, 0.199311816, -0.00721152344, -0.15125498, -0.190220216, 0.118452819, -0.974530935, 0.551879883, -0.807983398, -0.205932617, -0.811928915, -0.5769606, 0.0883148426, 2, 1, 
198.644163, 0.1, 0.1, -0.0244157802, 0.277428423, -0.0199592838, 0.735734001, -0.67727061, -1.05686382e-005, 0.67727061, 0.735734001, 3.23593492e-005, -1.41403297e-005, -3.09657015e-005, 0.999999999, 0.735733512, -0.677271141, -2.23972109e-005, 0.677271141, 0.735733512, 4.49694579e-006, 1.3432727e-005, -1.84775383e-005, 1, 0, 0, 0, 0, 0, 0, 0, 0.144593115, -0.0357204102, -0.166651367, -0.164727835, 0.57885058, -0.798509842, -0.481445312, 0.659423828, 0.577392578, 0.86083025, 0.479560995, 0.170223079, 0, 0, 0, 0, 0, 0, 0, 0.199311816, -0.00721152344, -0.15125498, -0.190220216, 0.118452819, -0.974530935, 0.551879883, -0.807983398, -0.205932617, -0.811928915, -0.5769606, 0.0883148426, 2, 1, 
198.644968, 0.1, 0.1, -0.0244157822, 0.277428425, -0.0199613272, 0.735736546, -0.677267846, -3.30516513e-006, 0.677267845, 0.735736545, -4.7398127e-005, 3.45329581e-005, 3.26340522e-005, 0.999999999, 0.735736002, -0.677268437, 8.09048638e-006, 0.677268437, 0.735736001, -3.73651022e-005, 1.93537423e-005, 3.2970282e-005, 0.999999999, 0, 0, 0, 0, 0, 0, 0, 0.144593115, -0.0357204102, -0.166651367, -0.164727835, 0.57885058, -0.798509842, -0.481445312, 0.659423828, 0.577392578, 0.86083025, 0.479560995, 0.170223079, 0, 0, 0, 0, 0, 0, 0, 0.199311816, -0.00721152344, -0.15125498, -0.190220216, 0.118452819, -0.974530935, 0.551879883, -0.807983398, -0.205932617, -0.811928915, -0.5769606, 0.0883148426, 2, 1, 
198.645841, 0.1, 0.1, -0.0244157814, 0.277428422, -0.0199636523, 0.735739388, -0.677264758, 1.33873487e-005, 0.677264758, 0.735739388, 2.67638522e-005, -2.79758136e-005, -1.06244408e-005, 1, 0.735738873, -0.677265318, 3.99650678e-006, 0.677265317, 0.735738873, 3.83445141e-005, -2.89097949e-005, -2.55048541e-005, 0.999999999, 0, 0, 0, 0, 0, 0, 0, 0.14459104, -0.0359476807, -0.166881323, -0.164791114, 0.578793292, -0.798605322, -0.480712891, 0.659790039, 0.577514648, 0.861211048, 0.479199293, 0.169620242, 0, 0, 0, 0, 0, 0, 0, 0.199311816, -0.00744794922, -0.151474805, -0.190220216, 0.118184496, -0.974556454, 0.551757813, -0.808105469, -0.205688477, -0.811928915, -0.576743316, 0.0885576458, 2, 1, 
198.646634, 0.1, 0.1, -0.0244157823, 0.277428427, -0.0199659336, 0.735741995, -0.677261926, -1.53206837e-005, 0.677261926, 0.735741995, -5.42726782e-007, 1.16396386e-005, -9.97680889e-006, 1, 0.735741486, -0.67726248, -8.06161605e-006, 0.677262479, 0.735741485, -2.68972945e-005, 2.41477938e-005, 1.43296254e-005, 1, 0, 0, 0, 0, 0, 0, 0, 0.14459104, -0.0359476807, -0.166881323, -0.164791114, 0.578793292, -0.798605322, -0.480712891, 0.659790039, 0.577514648, 0.861211048, 0.479199293, 0.169620242, 0, 0, 0, 0, 0, 0, 0, 0.199311816, -0.00744794922, -0.151474805, -0.190220216, 0.118184496, -0.974556454, 0.551757813, -0.808105469, -0.205688477, -0.811928915, -0.576743316, 0.0885576458, 2, 1, 
198.647435, 0.1, 0.1, -0.0244157841, 0.277428425, -0.0199678741, 0.735744635, -0.677259058, 5.09554501e-006, 0.677259058, 0.735744635, -2.85131205e-005, 1.55617493e-005, 2.44293795e-005, 1, 0.735744067, -0.677259675, 1.63584346e-005, 0.677259675, 0.735744067, -3.29684334e-006, -9.80280214e-006, 1.3504541e-005, 1, 0, 0, 0, 0, 0, 0, 0, 0.14459104, -0.0359476807, -0.166881323, -0.164791114, 0.578793292, -0.798605322, -0.480712891, 0.659790039, 0.577514648, 0.861211048, 0.479199293, 0.169620242, 0, 0, 0, 0, 0, 0, 0, 0.199311816, -0.00744794922, -0.151474805, -0.190220216, 0.118184496, -0.974556454, 0.551757813, -0.808105469, -0.205688477, -0.811928915, -0.576743316, 0.0885576458, 2, 1, 
198.648264, 0.1, 0.1, -0.0244157822, 0.277428426, -0.0199682847, 0.735747359, -0.677256099, -2.0264909e-006, 0.677256099, 0.735747358, 3.15551396e-005, -1.98799255e-005, -2.4589064e-005, 1, 0.735746848, -0.677256654, -1.10735468e-005, 0.677256654, 0.735746848, 2.52581079e-005, -8.95889445e-006, -2.60832065e-005, 1, 0, 0, 0, 0, 0, 0, 0, 0.14459104, -0.0359476807, -0.166881323, -0.164791114, 0.578793292, -0.798605322, -0.480712891, 0.659790039, 0.577514648, 0.861211048, 0.479199293, 0.169620242, 0, 0, 0, 0, 0, 0, 0, 0.199311816, -0.00744794922, -0.151474805, -0.190220216, 0.118184496, -0.974556454, 0.551757813, -0.808105469, -0.205688477, -0.811928915, -0.576743316, 0.0885576458, 2, 1, 
198.649054, 0.1, 0.1, -0.0244157831, 0.277428429, -0.0199676357, 0.735749933, -0.677253303, -1.07014018e-005, 0.677253303, 0.735749933, -2.29155839e-005, 2.33932105e-005, 9.61257964e-006, 1, 0.735749425, -0.677253854, -3.85308741e-006, 0.677253854, 0.735749425, -3.3305581e-005, 2.53912399e-005, 2.18950438e-005, 0.999999999, 0, 0, 0, 0, 0, 0, 0, 0.14459104, -0.0359476807, -0.166881323, -0.164791114, 0.578793292, -0.798605322, -0.480712891, 0.659790039, 0.577514648, 0.861211048, 0.479199293, 0.169620242, 0, 0, 0, 0, 0, 0, 0, 0.199311816, -0.00744794922, -0.151474805, -0.190220216, 0.118184496, -0.974556454, 0.551757813, -0.808105469, -0.205688477, -0.811928915, -0.576743316, 0.0885576458, 2, 1, 
198.649864, 0.1, 0.1, -0.0244157846, 0.277428425, -0.0199662329, 0.735752541, -0.677250469, 2.14846424e-005, 0.67725047, 0.735752541, -6.26780691e-006, -1.1562505e-005, 1.9162039e-005, 1, 0.735751984, -0.677251075, 1.38204427e-005, 0.677251074, 0.735751984, 2.37938279e-005, -2.62828136e-005, -8.14644642e-006, 1, 0, 0, 0, 0, 0, 0, 0, 0.14459104, -0.0359476807, -0.166881323, -0.164791114, 0.578793292, -0.798605322, -0.480712891, 0.659790039, 0.577514648, 0.861211048, 0.479199293, 0.169620242, 0, 0, 0, 0, 0, 0, 0, 0.199311816, -0.00744794922, -0.151474805, -0.190220216, 0.118184496, -0.974556454, 0.551757813, -0.808105469, -0.205688477, -0.811928915, -0.576743316, 0.0885576458, 2, 1, 
198.650725, 0.1, 0.1, -0.024415784, 0.27742843, -0.0199634899, 0.735755378, -0.677247388, -5.04417397e-006, 0.677247388, 0.735755377, 2.85964962e-005, -1.56556243e-005, -2.44561795e-005, 1, 0.735754852, -0.677247958, -1.73051897e-005, 0.677247958, 0.735754852, 1.17231476e-006, 1.19384295e-005, -1.25824407e-005, 1, 0, 0, 0, 0, 0, 0, 0, 0.144356934, -0.0361675049, -0.166877905, -0.165013153, 0.578875668, -0.798522947, -0.48034668, 0.659912109, 0.577758789, 0.861369808, 0.478939062, 0.169360011, 0, 0, 0, 0, 0, 0, 0, 0.199045361, -0.00789101563, -0.15168291, -0.190814464, 0.118158977, -0.974486092, 0.551391602, -0.808349609, -0.205932617, -0.812114115, -0.576500513, 0.089056012, 2, 1, 
198.65152, 0.1, 0.1, -0.024415787, 0.27742843, -0.0199616449, 0.735758017, -0.67724452, 9.83429433e-008, 0.67724452, 0.735758016, -3.82937666e-005, 2.5861887e-005, 2.8241548e-005, 0.999999999, 0.735757465, -0.67724512, 1.15305569e-005, 0.67724512, 0.735757465, -3.11678432e-005, 1.26245764e-005, 3.07409867e-005, 0.999999999, 0, 0, 0, 0, 0, 0, 0, 0.144356934, -0.0361675049, -0.166877905, -0.165013153, 0.578875668, -0.798522947, -0.48034668, 0.659912109, 0.577758789, 0.861369808, 0.478939062, 0.169360011, 0, 0, 0, 0, 0, 0, 0, 0.199045361, -0.00789101563, -0.15168291, -0.190814464, 0.118158977, -0.974486092, 0.551391602, -0.808349609, -0.205932617, -0.812114115, -0.576500513, 0.089056012, 2, 1, 
198.652332, 0.1, 0.1, -0.0244157867, 0.277428426, -0.0199610625, 0.735760751, -0.67724155, 1.26269912e-005, 0.677241549, 0.735760751, 3.04003587e-005, -2.98788305e-005, -1.38158677e-005, 0.999999999, 0.735760148, -0.677242205, 2.91576142e-006, 0.677242204, 0.735760148, 4.36556518e-005, -3.17107509e-005, -3.01454121e-005, 0.999999999, 0, 0, 0, 0, 0, 0, 0, 0.144356934, -0.0361675049, -0.166877905, -0.165013153, 0.578875668, -0.798522947, -0.48034668, 0.659912109, 0.577758789, 0.861369808, 0.478939062, 0.169360011, 0, 0, 0, 0, 0, 0, 0, 0.199045361, -0.00789101563, -0.15168291, -0.190814464, 0.118158977, -0.974486092, 0.551391602, -0.808349609, -0.205932617, -0.812114115, -0.576500513, 0.089056012, 2, 1, 
198.653149, 0.1, 0.1, -0.0244157864, 0.277428431, -0.0199614553, 0.735763544, -0.677238516, -2.3712455e-005, 0.677238516, 0.735763544, 3.88567327e-006, 1.48152323e-005, -1.89179246e-005, 1, 0.735763011, -0.677239095, -1.57141068e-005, 0.677239095, 0.735763011, -2.7297431e-005, 3.0048746e-005, 9.44223251e-006, 1, 0, 0, 0, 0, 0, 0, 0, 0.144356934, -0.0361675049, -0.166877905, -0.165013153, 0.578875668, -0.798522947, -0.48034668, 0.659912109, 0.577758789, 0.861369808, 0.478939062, 0.169360011, 0, 0, 0, 0, 0, 0, 0, 0.199017285, -0.0078878418, -0.151661182, -0.19133835, 0.118318658, -0.974281568, 0.551513672, -0.808105469, -0.206420898, -0.81180095, -0.576851958, 0.0894457364, 2, 1, 
198.653942, 0.1, 0.1, -0.0244157877, 0.277428428, -0.0199630365, 0.735766308, -0.677235513, 6.16886454e-006, 0.677235513, 0.735766307, -2.67501134e-005, 1.35772841e-005, 2.38596063e-005, 1, 0.735765753, -0.677236116, 1.6744889e-005, 0.677236116, 0.735765753, 6.3905733e-007, -1.27531086e-005, 1.08700471e-005, 1, 0, 0, 0, 0, 0, 0, 0, 0.144356934, -0.0361675049, -0.166877905, -0.165013153, 0.578875668, -0.798522947, -0.48034668, 0.659912109, 0.577758789, 0.861369808, 0.478939062, 0.169360011, 0, 0, 0, 0, 0, 0, 0, 0.199017285, -0.0078878418, -0.151661182, -0.19133835, 0.118318658, -0.974281568, 0.551513672, -0.808105469, -0.206420898, -0.81180095, -0.576851958, 0.0894457364, 2, 1, 
198.654738, 0.1, 0.1, -0.0244157866, 0.277428427, -0.0199652593, 0.735769071, -0.677232511, 3.70560182e-006, 0.677232511, 0.735769071, 3.58450328e-005, -2.70018888e-005, -2.38641125e-005, 0.999999999, 0.735768524, -0.677233106, -6.89823491e-006, 0.677233106, 0.735768523, 2.89685047e-005, -1.45429263e-005, -2.5985827e-005, 1, 0, 0, 0, 0, 0, 0, 0, 0.144356934, -0.0361675049, -0.166877905, -0.165013153, 0.578875668, -0.798522947, -0.48034668, 0.659912109, 0.577758789, 0.861369808, 0.478939062, 0.169360011, 0, 0, 0, 0, 0, 0, 0, 0.199017285, -0.0078878418, -0.151661182, -0.19133835, 0.118318658, -0.974281568, 0.551513672, -0.808105469, -0.206420898, -0.81180095, -0.576851958, 0.0894457364, 2, 1, 
198.655595, 0.1, 0.1, -0.0244157893, 0.277428432, -0.0199666615, 0.735772044, -0.677229281, -6.576008e-006, 0.67722928, 0.735772044, -3.1026927e-005, 2.58507863e-005, 1.83752804e-005, 0.999999999, 0.735771499, -0.677229873, 2.36649563e-006, 0.677229872, 0.735771499, -4.1651956e-005, 2.64667489e-005, 3.22489837e-005, 0.999999999, 0, 0, 0, 0, 0, 0, 0, 0.144338623, -0.0363771973, -0.167090283, -0.165374855, 0.579135899, -0.798300908, -0.480224609, 0.659667969, 0.578125, 0.861427096, 0.479021437, 0.169201252, 0, 0, 0, 0, 0, 0, 0, 0.199017285, -0.0078878418, -0.151661182, -0.19133835, 0.118318658, -0.974281568, 0.551513672, -0.808105469, -0.206420898, -0.81180095, -0.576851958, 0.0894457364, 2, 1, 
198.656382, 0.1, 0.1, -0.0244157903, 0.277428429, -0.0199673369, 0.735774748, -0.677226343, 1.64415079e-005, 0.677226343, 0.735774748, -5.04719912e-006, -8.67915011e-006, 1.48482239e-005, 1, 0.73577422, -0.677226917, 1.08932901e-005, 0.677226916, 0.73577422, 1.98356085e-005, -2.144821e-005, -7.21730011e-006, 1, 0, 0, 0, 0, 0, 0, 0, 0.144338623, -0.0363771973, -0.167090283, -0.165374855, 0.579135899, -0.798300908, -0.480224609, 0.659667969, 0.578125, 0.861427096, 0.479021437, 0.169201252, 0, 0, 0, 0, 0, 0, 0, 0.199017285, -0.0078878418, -0.151661182, -0.19133835, 0.118318658, -0.974281568, 0.551513672, -0.808105469, -0.206420898, -0.81180095, -0.576851958, 0.0894457364, 2, 1, 
198.657189, 0.1, 0.1, -0.0244157888, 0.277428432, -0.0199672787, 0.735777468, -0.677223388, -1.04430528e-005, 0.677223388, 0.735777468, 2.74101479e-005, -1.08790303e-005, -2.72400488e-005, 1, 0.73577693, -0.677223972, -2.02523018e-005, 0.677223972, 0.73577693, 2.77453027e-006, 1.30221981e-005, -1.57567797e-005, 1, 0, 0, 0, 0, 0, 0, 0, 0.144338623, -0.0363771973, -0.167090283, -0.165374855, 0.579135899, -0.798300908, -0.480224609, 0.659667969, 0.578125, 0.861427096, 0.479021437, 0.169201252, 0, 0, 0, 0, 0, 0, 0, 0.199017285, -0.0078878418, -0.151661182, -0.19133835, 0.118318658, -0.974281568, 0.551513672, -0.808105469, -0.206420898, -0.81180095, -0.576851958, 0.0894457364, 2, 1, 
198.658028, 0.1, 0.1, -0.0244157908, 0.277428431, -0.0199658445, 0.735780366, -0.677220239, -2.24769217e-006, 0.677220239, 0.735780366, -3.21948281e-005, 2.34567969e-005, 2.21661398e-005, 0.999999999, 0.735779831, -0.677220821, 7.27614574e-006, 0.677220821, 0.735779831, -2.63988722e-005, 1.25242246e-005, 2.43513151e-005, 1, 0, 0, 0, 0, 0, 0, 0, 0.144317627, -0.0363684082, -0.167079419, -0.165774749, 0.579294658, -0.798078869, -0.48034668, 0.659301758, 0.578369141, 0.861243249, 0.479243476, 0.169042492, 0, 0, 0, 0, 0, 0, 0, 0.199012402, -0.00790126953, -0.151661182, -0.191485271, 0.118235535, -0.974281568, 0.551879883, -0.807861328, -0.206542969, -0.811570906, -0.577228923, 0.0894457364, 2, 1, 
198.658815, 0.1, 0.1, -0.0244157906, 0.277428427, -0.0199644067, 0.735783025, -0.677217351, 1.39079883e-005, 0.677217351, 0.735783025, 3.05793187e-005, -3.09421069e-005, -1.30810126e-005, 0.999999999, 0.735782498, -0.677217923, 5.29904891e-006, 0.677217922, 0.735782498, 4.15382254e-005, -3.20293781e-005, -2.69744884e-005, 0.999999999, 0, 0, 0, 0, 0, 0, 0, 0.144317627, -0.0363684082, -0.167079419, -0.165774749, 0.579294658, -0.798078869, -0.48034668, 0.659301758, 0.578369141, 0.861243249, 0.479243476, 0.169042492, 0, 0, 0, 0, 0, 0, 0, 0.199012402, -0.00790126953, -0.151661182, -0.191485271, 0.118235535, -0.974281568, 0.551879883, -0.807861328, -0.206542969, -0.811570906, -0.577228923, 0.0894457364, 2, 1, 
198.659619, 0.1, 0.1, -0.0244157909, 0.27742843, -0.0199634232, 0.735785743, -0.677214397, -1.93683533e-005, 0.677214397, 0.735785743, 9.77510084e-006, 7.63111924e-006, -2.03089076e-005, 1, 0.735785174, -0.677215015, -1.08380933e-005, 0.677215015, 0.735785174, -2.12652216e-005, 2.23756358e-005, 8.30691525e-006, 1, 0, 0, 0, 0, 0, 0, 0, 0.144317627, -0.0363684082, -0.167079419, -0.165774749, 0.579294658, -0.798078869, -0.48034668, 0.659301758, 0.578369141, 0.861243249, 0.479243476, 0.169042492, 0, 0, 0, 0, 0, 0, 0, 0.199012402, -0.00790126953, -0.151661182, -0.191485271, 0.118235535, -0.974281568, 0.551879883, -0.807861328, -0.206542969, -0.811570906, -0.577228923, 0.0894457364, 2, 1, 
198.66045, 0.1, 0.1, -0.0244157927, 0.277428426, -0.0199625058, 0.735788616, -0.677211276, 4.86041311e-006, 0.677211276, 0.735788616, -2.65569998e-005, 1.44084631e-005, 2.28318647e-005, 1, 0.735788043, -0.677211899, 1.80831663e-005, 0.677211899, 0.735788043, 3.67387609e-006, -1.57933701e-005, 9.54294127e-006, 1, 0, 0, 0, 0, 0, 0, 0, 0.144317627, -0.0363684082, -0.167079419, -0.165774749, 0.579294658, -0.798078869, -0.48034668, 0.659301758, 0.578369141, 0.861243249, 0.479243476, 0.169042492, 0, 0, 0, 0, 0, 0, 0, 0.199012402, -0.00790126953, -0.151661182, -0.191485271, 0.118235535, -0.974281568, 0.551879883, -0.807861328, -0.206542969, -0.811570906, -0.577228923, 0.0894457364, 2, 1, 
198.661239, 0.1, 0.1, -0.0244157902, 0.277428426, -0.0199626072, 0.735791361, -0.677208293, -3.43233221e-006, 0.677208293, 0.735791361, 3.44507465e-005, -2.08048508e-005, -2.76729655e-005, 0.999999999, 0.735790813, -0.677208889, -1.37991357e-005, 0.677208889, 0.735790813, 2.83167132e-005, -9.0230526e-006, -3.01800748e-005, 1, 0, 0, 0, 0, 0, 0, 0, 0.144317627, -0.0363684082, -0.167079419, -0.165774749, 0.579294658, -0.798078869, -0.48034668, 0.659301758, 0.578369141, 0.861243249, 0.479243476, 0.169042492, 0, 0, 0, 0, 0, 0, 0, 0.199012402, -0.00790126953, -0.151661182, -0.191485271, 0.118235535, -0.974281568, 0.551879883, -0.807861328, -0.206542969, -0.811570906, -0.577228923, 0.0894457364, 2, 1, 
198.662048, 0.1, 0.1, -0.0244157906, 0.277428431, -0.0199636054, 0.735794183, -0.677205227, -1.45917628e-005, 0.677205226, 0.735794183, -3.5850978e-005, 3.50150039e-005, 1.64973231e-005, 0.999999999, 0.735793589, -0.677205873, -6.00798757e-006, 0.677205872, 0.735793588, -4.70414158e-005, 3.62773618e-005, 3.05441277e-005, 0.999999999, 0, 0, 0, 0, 0, 0, 0, 0.144317627, -0.0363684082, -0.167079419, -0.165774749, 0.579294658, -0.798078869, -0.48034668, 0.659301758, 0.578369141, 0.861243249, 0.479243476, 0.169042492, 0, 0, 0, 0, 0, 0, 0, 0.199012402, -0.00790126953, -0.151661182, -0.191485271, 0.118235535, -0.974281568, 0.551879883, -0.807861328, -0.206542969, -0.811570906, -0.577228923, 0.0894457364, 2, 1, 
198.662877, 0.1, 0.1, -0.0244157911, 0.277428428, -0.0199644633, 0.73579708, -0.677202079, 2.01450905e-005, 0.677202079, 0.73579708, -6.25373628e-006, -1.05876555e-005, 1.8243778e-005, 1, 0.735796537, -0.677202669, 1.24023001e-005, 0.677202669, 0.735796537, 2.20698509e-005, -2.40713314e-005, -7.84004917e-006, 1, 0, 0, 0, 0, 0, 0, 0, 0.144285767, -0.0363535156, -0.167062451, -0.166396683, 0.579573985, -0.797736263, -0.480224609, 0.658935547, 0.578979492, 0.861218162, 0.479446419, 0.168864637, 0, 0, 0, 0, 0, 0, 0, 0.198994336, -0.00790322266, -0.151652881, -0.191900515, 0.118433496, -0.974160167, 0.552490234, -0.807373047, -0.20703125, -0.81112358, -0.577944573, 0.0894584962, 2, 1, 
198.663692, 0.1, 0.1, -0.0244157904, 0.277428432, -0.0199652115, 0.735799964, -0.677198947, -6.53748902e-006, 0.677198947, 0.735799963, 2.25121864e-005, -1.04349447e-005, -2.09916466e-005, 1, 0.735799398, -0.677199561, -1.7106628e-005, 0.677199561, 0.735799398, -4.13073384e-006, 1.53843778e-005, -8.54520953e-006, 1, 0, 0, 0, 0, 0, 0, 0, 0.144285767, -0.0363535156, -0.167062451, -0.166396683, 0.579573985, -0.797736263, -0.480224609, 0.658935547, 0.578979492, 0.861218162, 0.479446419, 0.168864637, 0, 0, 0, 0, 0, 0, 0, 0.198994336, -0.00790322266, -0.151652881, -0.191900515, 0.118433496, -0.974160167, 0.552490234, -0.807373047, -0.20703125, -0.81112358, -0.577944573, 0.0894584962, 2, 1, 
198.664494, 0.1, 0.1, -0.0244157924, 0.277428433, -0.0199659661, 0.735802772, -0.677195895, -3.90168622e-006, 0.677195894, 0.735802772, -3.49757496e-005, 2.65563056e-005, 2.30930476e-005, 0.999999999, 0.735802175, -0.677196544, 6.97627749e-006, 0.677196543, 0.735802175, -2.86560135e-005, 1.42725931e-005, 2.58094681e-005, 1, 0, 0, 0, 0, 0, 0, 0, 0.144285767, -0.0363535156, -0.167062451, -0.166396683, 0.579573985, -0.797736263, -0.480224609, 0.658935547, 0.578979492, 0.861218162, 0.479446419, 0.168864637, 0, 0, 0, 0, 0, 0, 0, 0.198994336, -0.00790322266, -0.151652881, -0.191900515, 0.118433496, -0.974160167, 0.552490234, -0.807373047, -0.20703125, -0.81112358, -0.577944573, 0.0894584962, 2, 1, 
198.66532, 0.1, 0.1, -0.0244157911, 0.277428429, -0.0199658732, 0.735805649, -0.677192769, 9.0509392e-006, 0.677192769, 0.735805649, 3.11243125e-005, -2.77368916e-005, -1.67722144e-005, 0.999999999, 0.735805105, -0.67719336, -2.80637889e-007, 0.67719336, 0.735805105, 4.14978969e-005, -2.78956054e-005, -3.07244105e-005, 0.999999999, 0, 0, 0, 0, 0, 0, 0, 0.144285767, -0.0363535156, -0.167062451, -0.166396683, 0.579573985, -0.797736263, -0.480224609, 0.658935547, 0.578979492, 0.861218162, 0.479446419, 0.168864637, 0, 0, 0, 0, 0, 0, 0, 0.198994336, -0.00790322266, -0.151652881, -0.191900515, 0.118433496, -0.974160167, 0.552490234, -0.807373047, -0.20703125, -0.81112358, -0.577944573, 0.0894584962, 2, 1, 
198.66611, 0.1, 0.1, -0.0244157914, 0.277428432, -0.0199656343, 0.73580838, -0.677189802, -1.48493621e-005, 0.677189802, 0.73580838, 7.84981837e-006, 5.61046816e-006, -1.58317987e-005, 1, 0.735807848, -0.677190381, -9.01883498e-006, 0.67719038, 0.735807848, -1.90722058e-005, 1.95516438e-005, 7.9260104e-006, 1, 0, 0, 0, 0, 0, 0, 0, 0.144285767, -0.0363535156, -0.167062451, -0.166396683, 0.579573985, -0.797736263, -0.480224609, 0.658935547, 0.578979492, 0.861218162, 0.479446419, 0.168864637, 0, 0, 0, 0, 0, 0, 0, 0.198994336, -0.00790322266, -0.151652881, -0.191900515, 0.118433496, -0.974160167, 0.552490234, -0.807373047, -0.20703125, -0.81112358, -0.577944573, 0.0894584962, 2, 1, 
198.666922, 0.1, 0.1, -0.0244157943, 0.277428429, -0.0199653612, 0.735811146, -0.677186796, 1.14143287e-005, 0.677186796, 0.735811146, -2.8914966e-005, 1.11820429e-005, 2.90055869e-005, 1, 0.735810544, -0.67718745, 2.30064122e-005, 0.677187451, 0.735810544, -5.23842183e-008, -1.68928867e-005, 1.56181985e-005, 1, 0, 0, 0, 0, 0, 0, 0, 0.144285767, -0.0363535156, -0.167062451, -0.166396683, 0.579573985, -0.797736263, -0.480224609, 0.658935547, 0.578979492, 0.861218162, 0.479446419, 0.168864637, 0, 0, 0, 0, 0, 0, 0, 0.198994336, -0.00790322266, -0.151652881, -0.191900515, 0.118433496, -0.974160167, 0.552490234, -0.807373047, -0.20703125, -0.81112358, -0.577944573, 0.0894584962, 2, 1, 
198.667766, 0.1, 0.1, -0.024415793, 0.27742843, -0.0199641031, 0.735814116, -0.67718357, 1.68775955e-006, 0.677183569, 0.735814116, 3.2258189e-005, -2.30865929e-005, -2.25931078e-005, 0.999999999, 0.735813568, -0.677184165, -8.2478895e-006, 0.677184165, 0.735813567, 2.5985245e-005, -1.15278874e-005, -2.4705636e-005, 1, 0, 0, 0, 0, 0, 0, 0, 0.14427356, -0.0365719971, -0.16705293, -0.166637817, 0.579675456, -0.79753332, -0.479980469, 0.658813477, 0.579223633, 0.861256354, 0.479306756, 0.16858531, 0, 0, 0, 0, 0, 0, 0, 0.198766211, -0.00811328125, -0.15165459, -0.192047437, 0.118701819, -0.974147407, 0.552612305, -0.807128906, -0.207397461, -0.810893536, -0.578161856, 0.0893370946, 2, 1, 
198.668554, 0.1, 0.1, -0.0244157939, 0.277428435, -0.0199634154, 0.735816842, -0.677180607, -1.46656213e-005, 0.677180607, 0.735816842, -3.30483247e-005, 3.31708958e-005, 1.43862395e-005, 0.999999999, 0.735816301, -0.677181195, -5.75468148e-006, 0.677181194, 0.735816301, -4.42548804e-005, 3.42029612e-005, 2.86665004e-005, 0.999999999, 0, 0, 0, 0, 0, 0, 0, 0.14427356, -0.0365719971, -0.16705293, -0.166637817, 0.579675456, -0.79753332, -0.479980469, 0.658813477, 0.579223633, 0.861256354, 0.479306756, 0.16858531, 0, 0, 0, 0, 0, 0, 0, 0.198766211, -0.00811328125, -0.15165459, -0.192047437, 0.118701819, -0.974147407, 0.552612305, -0.807128906, -0.207397461, -0.810893536, -0.578161856, 0.0893370946, 2, 1, 
198.669379, 0.1, 0.1, -0.0244157944, 0.277428432, -0.0199633986, 0.735819665, -0.67717754, 1.90918689e-005, 0.67717754, 0.735819665, -1.08204672e-005, -6.72079519e-006, 2.08904973e-005, 1, 0.735819047, -0.677178211, 9.9467351e-006, 0.677178211, 0.735819047, 2.17485488e-005, -2.20466405e-005, -9.26728417e-006, 1, 0, 0, 0, 0, 0, 0, 0, 0.14427356, -0.0365719971, -0.16705293, -0.166637817, 0.579675456, -0.79753332, -0.479980469, 0.658813477, 0.579223633, 0.861256354, 0.479306756, 0.16858531, 0, 0, 0, 0, 0, 0, 0, 0.198766211, -0.00811328125, -0.15165459, -0.192047437, 0.118701819, -0.974147407, 0.552612305, -0.807128906, -0.207397461, -0.810893536, -0.578161856, 0.0893370946, 2, 1, 
198.670212, 0.1, 0.1, -0.0244157932, 0.277428438, -0.0199630619, 0.735822646, -0.6771743, -6.42481701e-006, 0.6771743, 0.735822646, 2.22716805e-005, -1.03542838e-005, -2.07387279e-005, 1, 0.735822093, -0.677174901, -1.88958581e-005, 0.677174901, 0.735822093, -6.40850831e-006, 1.82436708e-005, -8.08027885e-006, 1, 0, 0, 0, 0, 0, 0, 0, 0.144060449, -0.0367748535, -0.167040723, -0.166459962, 0.580100438, -0.797292185, -0.479492187, 0.658935547, 0.579589844, 0.86159896, 0.478868669, 0.168547118, 0, 0, 0, 0, 0, 0, 0, 0.198781104, -0.00830332031, -0.151661426, -0.191791874, 0.119187425, -0.974096368, 0.552612305, -0.807006836, -0.207519531, -0.810989418, -0.578110817, 0.0888514883, 2, 1, 
198.671001, 0.1, 0.1, -0.0244157963, 0.277428439, -0.0199635873, 0.735825439, -0.677171266, 2.97516671e-006, 0.677171265, 0.735825439, -3.41532823e-005, 2.09384181e-005, 2.71455514e-005, 0.999999999, 0.735824884, -0.677171869, 1.27958282e-005, 0.677171869, 0.735824883, -2.87212541e-005, 1.00337365e-005, 2.97987884e-005, 1, 0, 0, 0, 0, 0, 0, 0, 0.144060449, -0.0367748535, -0.167040723, -0.166459962, 0.580100438, -0.797292185, -0.479492187, 0.658935547, 0.579589844, 0.86159896, 0.478868669, 0.168547118, 0, 0, 0, 0, 0, 0, 0, 0.198781104, -0.00830332031, -0.151661426, -0.191791874, 0.119187425, -0.974096368, 0.552612305, -0.807006836, -0.207519531, -0.810989418, -0.578110817, 0.0888514883, 2, 1, 
198.672038, 0.1, 0.1, -0.0244157989, 0.27742843, -0.0199632124, 0.735829085, -0.677167303, 2.65250617e-005, 0.677167302, 0.735829086, 3.81212324e-005, -4.5332364e-005, -1.00888071e-005, 0.999999999, 0.735828166, -0.677168303, 1.47170859e-005, 0.677168301, 0.735828165, 5.5951523e-005, -4.87178442e-005, -3.12047625e-005, 0.999999998, 0, 0, 0, 0, 0, 0, 0, 0.144060449, -0.0367748535, -0.167040723, -0.166459962, 0.580100438, -0.797292185, -0.479492187, 0.658935547, 0.579589844, 0.86159896, 0.478868669, 0.168547118, 0, 0, 0, 0, 0, 0, 0, 0.198781104, -0.00830332031, -0.151661426, -0.191791874, 0.119187425, -0.974096368, 0.552612305, -0.807006836, -0.207519531, -0.810989418, -0.578110817, 0.0888514883, 2, 1, 
198.673368, 0.1, 0.1, -0.0244157952, 0.27742844, -0.0199531838, 0.735834059, -0.677161898, -4.80052961e-005, 0.677161899, 0.735834058, 3.66798511e-005, 1.04857343e-005, -5.94976412e-005, 0.999999998, 0.735833082, -0.67716296, -3.43607974e-005, 0.677162959, 0.735833083, -3.1776349e-005, 4.6801578e-005, 1.14229585e-007, 0.999999999, 0, 0, 0, 0, 0, 0, 0, 0.144060449, -0.0367748535, -0.167040723, -0.166459962, 0.580100438, -0.797292185, -0.479492187, 0.658935547, 0.579589844, 0.86159896, 0.478868669, 0.168547118, 0, 0, 0, 0, 0, 0, 0, 0.198781104, -0.00830332031, -0.151661426, -0.191791874, 0.119187425, -0.974096368, 0.552612305, -0.807006836, -0.207519531, -0.810989418, -0.578110817, 0.0888514883, 2, 1, 
198.674699, 0.1, 0.1, -0.0244158, 0.277428427, -0.0199389964, 0.735839686, -0.677155785, 2.68064115e-006, 0.677155783, 0.735839683, -8.69176967e-005, 5.6884299e-005, 6.57727022e-005, 0.999999996, 0.735838406, -0.677157174, 4.16704766e-005, 0.677157175, 0.735838406, -9.9438951e-006, -2.39291571e-005, 3.55345621e-005, 0.999999999, 0, 0, 0, 0, 0, 0, 0, 0.144070581, -0.0369851562, -0.167034619, -0.166282106, 0.580385756, -0.797171618, -0.479003906, 0.659057617, 0.579833984, 0.861941566, 0.478329112, 0.168528022, 0, 0, 0, 0, 0, 0, 0, 0.198781104, -0.00830332031, -0.151661426, -0.191900515, 0.119781673, -0.974070848, 0.552490234, -0.807006836, -0.208007812, -0.81112358, -0.577925616, 0.0886086851, 2, 1, 
198.675994, 0.1, 0.1, -0.0244157861, 0.277428418, -0.0199287791, 0.73584597, -0.677148955, 1.46489519e-006, 0.677148949, 0.735845964, 0.000137530324, -9.42064521e-005, -0.000100209182, 0.999999991, 0.735844622, -0.677150419, -3.63217605e-005, 0.677150418, 0.735844615, 0.000117906707, -5.31134041e-005, -0.000111356311, 0.999999992, 0, 0, 0, 0, 0, 0, 0, 0.144070581, -0.0369851562, -0.167034619, -0.166282106, 0.580385756, -0.797171618, -0.479003906, 0.659057617, 0.579833984, 0.861941566, 0.478329112, 0.168528022, 0, 0, 0, 0, 0, 0, 0, 0.198771094, -0.00848334961, -0.151664844, -0.191900515, 0.119781673, -0.974070848, 0.552490234, -0.807006836, -0.208007812, -0.81112358, -0.577925616, 0.0886086851, 2, 1, 
198.677286, 0.1, 0.1, -0.0244157943, 0.277428434, -0.0199272718, 0.735853209, -0.677141088, -2.86563281e-005, 0.677141084, 0.735853209, -8.30098787e-005, 7.72962506e-005, 4.16787086e-005, 0.999999996, 0.735851743, -0.677142682, 1.57826081e-007, 0.677142678, 0.735851738, -0.000119727141, 8.09562211e-005, 8.82082965e-005, 0.999999993, 0, 0, 0, 0, 0, 0, 0, 0.144070581, -0.0369851562, -0.167034619, -0.166282106, 0.580385756, -0.797171618, -0.479003906, 0.659057617, 0.579833984, 0.861941566, 0.478329112, 0.168528022, 0, 0, 0, 0, 0, 0, 0, 0.198771094, -0.00848334961, -0.151664844, -0.191900515, 0.119781673, -0.974070848, 0.552490234, -0.807006836, -0.208007812, -0.81112358, -0.577925616, 0.0886086851, 2, 1, 
198.678347, 0.1, 0.1, -0.0244157944, 0.277428412, -0.0199341145, 0.735859781, -0.677133946, 4.37590007e-005, 0.677133945, 0.735859782, 4.02307903e-005, -5.94421225e-005, 2.64842206e-008, 0.999999998, 0.735858815, -0.677134997, 3.1524734e-005, 0.677134992, 0.735858814, 9.42573171e-005, -8.70226815e-005, -4.80135771e-005, 0.999999995, 0, 0, 0, 0, 0, 0, 0, 0.144070581, -0.0369851562, -0.167034619, -0.166282106, 0.580385756, -0.797171618, -0.479003906, 0.659057617, 0.579833984, 0.861941566, 0.478329112, 0.168528022, 0, 0, 0, 0, 0, 0, 0, 0.198771094, -0.00848334961, -0.151664844, -0.191900515, 0.119781673, -0.974070848, 0.552490234, -0.807006836, -0.208007812, -0.81112358, -0.577925616, 0.0886086851, 2, 1, 
