time, realDorsalTactorPos, realVentralTactorPos, boxPosX, boxPosY, boxPosZ, boxLocalRot_11, boxLocalRot_12, boxLocalRot_13, boxLocalRot_21, boxLocalRot_22, boxLocalRot_23, boxLocalRot_31, boxLocalRot_32, boxLocalRot_33, boxGlobalRot_11, boxGlobalRot_12, boxGlobalRot_13, boxGlobalRot_21, boxGlobalRot_22, boxGlobalRot_23, boxGlobalRot_31, boxGlobalRot_32, boxGlobalRot_33, indexForceX, indexForceY, indexForceZ, indexForceGlobalX, indexForceGlobalY, indexForceGlobalZ, indexContact, indexPosX, indexPosY, indexPosZ, indexRot_11, indexRot_12, indexRot_13, indexRot_21, indexRot_22, indexRot_23, indexRot_31, indexRot_32, indexRot_33, thumbForceX, thumbForceY, thumbForceZ, thumbForceGlobalX, thumbForceGlobalY, thumbForceGlobalZ, thumbContact, thumbPosX, thumbPosY, thumbPosZ, thumbRot_11, thumbRot_12, thumbRot_13, thumbRot_21, thumbRot_22, thumbRot_23, thumbRot_31, thumbRot_32, thumbRot_33, mapping, trialSuccess, 
312.657362, 0.1, 0.1, 0.224358115, 0.0730781508, -0.0199651332, 0.835499358, -4.28227541e-005, -0.54949142, 0.549491418, -5.67240265e-005, 0.835499359, -6.69477494e-005, -0.999999997, -2.38621519e-005, 0.835499834, -5.42876665e-005, -0.549490695, 0.549490695, -2.24390061e-005, 0.835499836, -5.76873615e-005, -0.999999998, 1.10827817e-005, 0, 0, 0, 0, 0, 0, 0, 0.221435864, -0.0867117432, -0.161904053, -0.12166984, 0.48980097, -0.863253095, -0.661254883, 0.608520508, 0.438598633, 0.740182362, 0.624301742, 0.24993607, 0, 0, 0, 0, 0, 0, 0, 0.260207178, -0.0597297852, -0.142001172, -0.146097358, -0.207051923, -0.967310864, 0.731079102, -0.681274414, 0.0354003906, -0.666505527, -0.702002132, 0.250848594, 4, 1, 
312.664532, 0.1, 0.1, 0.224358119, 0.0730781447, -0.01997384, 0.83548452, 3.17419039e-006, -0.549513983, 0.549513983, -4.25671326e-005, 0.835484519, -2.07392477e-005, -0.999999999, -3.73084423e-005, 0.835484637, -8.9082688e-006, -0.549513804, 0.549513804, -3.42969238e-005, 0.835484637, -2.62893548e-005, -0.999999999, -2.37593362e-005, 0, 0, 0, 0, 0, 0, 0, 0.220816821, -0.0890885742, -0.164028223, -0.116659931, 0.487342073, -0.865361151, -0.655517578, 0.616699219, 0.435791016, 0.746062835, 0.618140821, 0.247550931, 0, 0, 0, 0, 0, 0, 0, 0.259954639, -0.0617875488, -0.144198437, -0.145695241, -0.208706336, -0.967023218, 0.728637695, -0.68371582, 0.0378417969, -0.669163603, -0.69910745, 0.251615283, 4, 1, 
312.665315, 0.1, 0.1, 0.224358122, 0.073078147, -0.0199625541, 0.83548377, -9.60425721e-006, -0.549515122, 0.549515122, 4.28889754e-005, 0.83548377, 1.55439395e-005, -0.999999999, 4.11107274e-005, 0.835483947, 1.25753026e-005, -0.549514853, 0.549514852, 3.62309941e-005, 0.835483947, 3.04159328e-005, -0.999999999, 2.33600984e-005, 0, 0, 0, 0, 0, 0, 0, 0.220816821, -0.0890885742, -0.164028223, -0.116659931, 0.487342073, -0.865361151, -0.655517578, 0.616699219, 0.435791016, 0.746062835, 0.618140821, 0.247550931, 0, 0, 0, 0, 0, 0, 0, 0.259954639, -0.0617875488, -0.144198437, -0.145695241, -0.208706336, -0.967023218, 0.728637695, -0.68371582, 0.0378417969, -0.669163603, -0.69910745, 0.251615283, 4, 1, 
312.666097, 0.1, 0.1, 0.22435812, 0.0730781458, -0.019953604, 0.835482694, 6.06560825e-005, -0.549516756, 0.549516758, -3.51788918e-005, 0.835482693, 3.13457167e-005, -0.999999998, -6.27228892e-005, 0.835482942, 1.96867305e-005, -0.549516382, 0.549516382, -3.43650682e-005, 0.835482941, -2.43624044e-006, -0.999999999, -3.95296092e-005, 0, 0, 0, 0, 0, 0, 0, 0.220816821, -0.0890885742, -0.164028223, -0.116659931, 0.487342073, -0.865361151, -0.655517578, 0.616699219, 0.435791016, 0.746062835, 0.618140821, 0.247550931, 0, 0, 0, 0, 0, 0, 0, 0.259954639, -0.0617875488, -0.144198437, -0.145695241, -0.208706336, -0.967023218, 0.728637695, -0.68371582, 0.0378417969, -0.669163603, -0.69910745, 0.251615283, 4, 1, 
312.666882, 0.1, 0.1, 0.224358124, 0.0730781463, -0.0199494386, 0.835481438, -5.10912198e-005, -0.549518665, 0.549518667, 3.27279121e-005, 0.835481438, -2.47011673e-005, -0.999999998, 5.54191421e-005, 0.83548168, -2.13814249e-005, -0.549518299, 0.5495183, 1.87104759e-005, 0.83548168, -7.58203994e-006, -1, 2.73817441e-005, 0, 0, 0, 0, 0, 0, 0, 0.220816821, -0.0890885742, -0.164028223, -0.116659931, 0.487342073, -0.865361151, -0.655517578, 0.616699219, 0.435791016, 0.746062835, 0.618140821, 0.247550931, 0, 0, 0, 0, 0, 0, 0, 0.259954639, -0.0617875488, -0.144198437, -0.145695241, -0.208706336, -0.967023218, 0.728637695, -0.68371582, 0.0378417969, -0.669163603, -0.69910745, 0.251615283, 4, 1, 
312.667691, 0.1, 0.1, 0.224358124, 0.0730781512, -0.0199508667, 0.835480439, 6.18596608e-005, -0.549520184, 0.549520186, -2.17289086e-005, 0.835480439, 3.97420627e-005, -0.999999998, -5.21472105e-005, 0.835480596, 4.95698577e-005, -0.549519947, 0.549519947, 4.44809759e-006, 0.835480597, 4.38589726e-005, -0.999999999, -2.35233264e-005, 0, 0, 0, 0, 0, 0, 0, 0.220816821, -0.0890885742, -0.164028223, -0.114576962, 0.48624274, -0.866313708, -0.65234375, 0.620727539, 0.434814453, 0.749069907, 0.615101548, 0.246218698, 0, 0, 0, 0, 0, 0, 0, 0.259954639, -0.0617875488, -0.144198437, -0.145695241, -0.208706336, -0.967023218, 0.728637695, -0.68371582, 0.0378417969, -0.669163603, -0.69910745, 0.251615283, 4, 1, 
312.668492, 0.1, 0.1, 0.224358121, 0.0730781467, -0.01995667, 0.835480057, -4.29936051e-005, -0.549520766, 0.549520768, 2.57961969e-005, 0.835480057, -2.17447537e-005, -0.999999999, 4.51780869e-005, 0.835480078, -4.22640939e-005, -0.549520735, 0.549520735, -3.03361023e-006, 0.835480079, -3.69778402e-005, -0.999999999, 2.0690475e-005, 0, 0, 0, 0, 0, 0, 0, 0.220485938, -0.0900469727, -0.164527441, -0.114576962, 0.48624274, -0.866313708, -0.65234375, 0.620727539, 0.434814453, 0.749069907, 0.615101548, 0.246218698, 0, 0, 0, 0, 0, 0, 0, 0.259447607, -0.0624431152, -0.144844727, -0.14597669, -0.209178816, -0.966831454, 0.72668457, -0.685791016, 0.0385742188, -0.671157067, -0.696947741, 0.252126409, 4, 1, 
312.669276, 0.1, 0.1, 0.22435812, 0.0730781514, -0.0199648629, 0.835480206, 2.48940457e-006, -0.549520541, 0.549520541, -3.22268589e-005, 0.835480205, -1.56294727e-005, -0.999999999, -2.82928817e-005, 0.835480141, 1.18384862e-005, -0.549520641, 0.549520641, -2.33953941e-006, 0.835480141, 8.60519495e-006, -1, -8.46013125e-006, 0, 0, 0, 0, 0, 0, 0, 0.220485938, -0.0900469727, -0.164527441, -0.114576962, 0.48624274, -0.866313708, -0.65234375, 0.620727539, 0.434814453, 0.749069907, 0.615101548, 0.246218698, 0, 0, 0, 0, 0, 0, 0, 0.259447607, -0.0624431152, -0.144844727, -0.14597669, -0.209178816, -0.966831454, 0.72668457, -0.685791016, 0.0385742188, -0.671157067, -0.696947741, 0.252126409, 4, 1, 
312.670066, 0.1, 0.1, 0.224358117, 0.0730781488, -0.0199725414, 0.835480552, -4.44601614e-006, -0.549520016, 0.549520016, 2.8508595e-005, 0.835480551, 1.19514836e-005, -1, 2.62615516e-005, 0.835480483, -4.69794399e-006, -0.54952012, 0.54952012, 1.01658377e-005, 0.835480483, 1.66129182e-006, -1, 1.10749737e-005, 0, 0, 0, 0, 0, 0, 0, 0.220485938, -0.0900469727, -0.164527441, -0.114576962, 0.48624274, -0.866313708, -0.65234375, 0.620727539, 0.434814453, 0.749069907, 0.615101548, 0.246218698, 0, 0, 0, 0, 0, 0, 0, 0.259447607, -0.0624431152, -0.144844727, -0.14597669, -0.209178816, -0.966831454, 0.72668457, -0.685791016, 0.0385742188, -0.671157067, -0.696947741, 0.252126409, 4, 1, 
312.670846, 0.1, 0.1, 0.224358115, 0.0730781501, -0.0199773127, 0.835480797, -1.4359263e-006, -0.549519642, 0.549519642, -2.65863834e-005, 0.835480797, -1.58094287e-005, -1, -2.14233431e-005, 0.835480769, -9.55161588e-006, -0.549519685, 0.549519684, -1.70775423e-005, 0.835480769, -1.73646371e-005, -1, -9.01915727e-006, 0, 0, 0, 0, 0, 0, 0, 0.220485938, -0.0900469727, -0.164527441, -0.114576962, 0.48624274, -0.866313708, -0.65234375, 0.620727539, 0.434814453, 0.749069907, 0.615101548, 0.246218698, 0, 0, 0, 0, 0, 0, 0, 0.259447607, -0.0624431152, -0.144844727, -0.14597669, -0.209178816, -0.966831454, 0.72668457, -0.685791016, 0.0385742188, -0.671157067, -0.696947741, 0.252126409, 4, 1, 
312.67163, 0.1, 0.1, 0.224358116, 0.0730781508, -0.0199780058, 0.835480796, -4.4051274e-006, -0.549519644, 0.549519644, 2.17015939e-005, 0.835480796, 8.24505279e-006, -1, 2.0551969e-005, 0.835480818, 8.40960517e-006, -0.54951961, 0.54951961, 1.74873161e-005, 0.835480818, 1.66356869e-005, -1, 9.98907418e-006, 0, 0, 0, 0, 0, 0, 0, 0.220485938, -0.0900469727, -0.164527441, -0.114576962, 0.48624274, -0.866313708, -0.65234375, 0.620727539, 0.434814453, 0.749069907, 0.615101548, 0.246218698, 0, 0, 0, 0, 0, 0, 0, 0.259447607, -0.0624431152, -0.144844727, -0.14597669, -0.209178816, -0.966831454, 0.72668457, -0.685791016, 0.0385742188, -0.671157067, -0.696947741, 0.252126409, 4, 1, 
312.672413, 0.1, 0.1, 0.224358114, 0.0730781501, -0.0199746836, 0.835480552, 3.1149009e-005, -0.549520014, 0.549520015, -1.9714173e-005, 0.835480552, 1.51910586e-005, -0.999999999, -3.3587812e-005, 0.835480622, 9.26345511e-006, -0.549519908, 0.549519908, -1.9553442e-005, 0.835480622, -3.00556843e-006, -1, -2.14269749e-005, 0, 0, 0, 0, 0, 0, 0, 0.220485938, -0.0900469727, -0.164527441, -0.114576962, 0.48624274, -0.866313708, -0.65234375, 0.620727539, 0.434814453, 0.749069907, 0.615101548, 0.246218698, 0, 0, 0, 0, 0, 0, 0, 0.259447607, -0.0624431152, -0.144844727, -0.14597669, -0.209178816, -0.966831454, 0.72668457, -0.685791016, 0.0385742188, -0.671157067, -0.696947741, 0.252126409, 4, 1, 
312.673276, 0.1, 0.1, 0.224358113, 0.0730781514, -0.0199674095, 0.835480126, -4.95798339e-005, -0.549520661, 0.549520662, 2.38400474e-005, 0.835480126, -2.83223672e-005, -0.999999998, 4.7163029e-005, 0.835480202, -3.23862076e-005, -0.549520546, 0.549520547, 1.62780869e-005, 0.835480202, -1.8112892e-005, -0.999999999, 3.13969058e-005, 0, 0, 0, 0, 0, 0, 0, 0.220491309, -0.0898291016, -0.165199854, -0.114500578, 0.486166356, -0.8663519, -0.651855469, 0.62121582, 0.434814453, 0.749552177, 0.614619278, 0.245977563, 0, 0, 0, 0, 0, 0, 0, 0.259680859, -0.062454834, -0.145514453, -0.145868048, -0.209274698, -0.966831454, 0.726928711, -0.685546875, 0.0388183594, -0.671022906, -0.697203304, 0.252126409, 4, 1, 
312.674063, 0.1, 0.1, 0.224358112, 0.0730781536, -0.0199602196, 0.835479863, 4.25249853e-005, -0.549521061, 0.549521062, -2.62007316e-005, 0.835479863, 2.11309151e-005, -0.999999999, -4.52585588e-005, 0.835479882, 3.3679891e-005, -0.549521032, 0.549521033, -6.09067295e-006, 0.835479883, 2.47919185e-005, -0.999999999, -2.35964432e-005, 0, 0, 0, 0, 0, 0, 0, 0.220491309, -0.0898291016, -0.165199854, -0.114500578, 0.486166356, -0.8663519, -0.651855469, 0.62121582, 0.434814453, 0.749552177, 0.614619278, 0.245977563, 0, 0, 0, 0, 0, 0, 0, 0.259680859, -0.062454834, -0.145514453, -0.145868048, -0.209274698, -0.966831454, 0.726928711, -0.685546875, 0.0388183594, -0.671022906, -0.697203304, 0.252126409, 4, 1, 
312.674845, 0.1, 0.1, 0.224358108, 0.0730781498, -0.0199554547, 0.835480027, -4.38354448e-005, -0.549520812, 0.549520814, 2.88016393e-005, 0.835480026, -2.07965384e-005, -0.999999999, 4.81516836e-005, 0.835479951, -4.68294535e-005, -0.549520928, 0.549520928, 2.1972116e-007, 0.835479952, -3.90043282e-005, -0.999999999, 2.59173374e-005, 0, 0, 0, 0, 0, 0, 0, 0.220491309, -0.0898291016, -0.165199854, -0.114500578, 0.486166356, -0.8663519, -0.651855469, 0.62121582, 0.434814453, 0.749552177, 0.614619278, 0.245977563, 0, 0, 0, 0, 0, 0, 0, 0.259680859, -0.062454834, -0.145514453, -0.145868048, -0.209274698, -0.966831454, 0.726928711, -0.685546875, 0.0388183594, -0.671022906, -0.697203304, 0.252126409, 4, 1, 
312.675667, 0.1, 0.1, 0.224358109, 0.0730781536, -0.0199538424, 0.83548072, 1.69448851e-005, -0.549519759, 0.549519759, -5.61722522e-005, 0.835480719, -1.67106377e-005, -0.999999998, -5.62423829e-005, 0.835480546, 3.07602606e-005, -0.549520023, 0.549520024, -1.78425073e-005, 0.835480546, 1.58947843e-005, -0.999999999, -3.18104469e-005, 0, 0, 0, 0, 0, 0, 0, 0.220976489, -0.0898969727, -0.165462402, -0.113713894, 0.484795931, -0.867113497, -0.652587891, 0.621582031, 0.433227539, 0.749056803, 0.6153307, 0.245851004, 0, 0, 0, 0, 0, 0, 0, 0.260026904, -0.0623062988, -0.145752832, -0.144034264, -0.210367312, -0.966901816, 0.727294922, -0.685058594, 0.0406494141, -0.67095291, -0.697318143, 0.251628043, 4, 1, 
312.676455, 0.1, 0.1, 0.224358109, 0.0730781501, -0.0199563331, 0.835481609, 8.52436543e-007, -0.549518409, 0.549518408, 5.16515745e-005, 0.835481607, 2.90956861e-005, -0.999999999, 4.2685511e-005, 0.835481437, 2.34955712e-006, -0.549518669, 0.549518669, 2.25521783e-005, 0.835481437, 1.43558544e-005, -1, 1.75508008e-005, 0, 0, 0, 0, 0, 0, 0, 0.220976489, -0.0898969727, -0.165462402, -0.113713894, 0.484795931, -0.867113497, -0.652587891, 0.621582031, 0.433227539, 0.749056803, 0.6153307, 0.245851004, 0, 0, 0, 0, 0, 0, 0, 0.260026904, -0.0623062988, -0.145752832, -0.144034264, -0.210367312, -0.966901816, 0.727294922, -0.685058594, 0.0406494141, -0.67095291, -0.697318143, 0.251628043, 4, 1, 
312.677238, 0.1, 0.1, 0.224358106, 0.0730781526, -0.0199617024, 0.835482275, -1.58131902e-006, -0.549517395, 0.549517395, -4.32266724e-005, 0.835482274, -2.50749724e-005, -0.999999999, -3.52461563e-005, 0.83548218, -1.40274662e-005, -0.549517539, 0.549517539, -2.66291125e-005, 0.83548218, -2.63528624e-005, -1, -1.45398102e-005, 0, 0, 0, 0, 0, 0, 0, 0.220976489, -0.0898969727, -0.165462402, -0.113713894, 0.484795931, -0.867113497, -0.652587891, 0.621582031, 0.433227539, 0.749056803, 0.6153307, 0.245851004, 0, 0, 0, 0, 0, 0, 0, 0.260026904, -0.0623062988, -0.145752832, -0.144034264, -0.210367312, -0.966901816, 0.727294922, -0.685058594, 0.0406494141, -0.67095291, -0.697318143, 0.251628043, 4, 1, 
312.678027, 0.1, 0.1, 0.224358108, 0.0730781531, -0.0199680343, 0.835482508, -6.04351727e-006, -0.549517041, 0.549517041, 3.49684548e-005, 0.835482508, 1.41665089e-005, -0.999999999, 3.25365481e-005, 0.835482499, 1.37325347e-005, -0.549517054, 0.549517054, 2.68016359e-005, 0.835482499, 2.62012484e-005, -1, 1.48460357e-005, 0, 0, 0, 0, 0, 0, 0, 0.220976489, -0.0898969727, -0.165462402, -0.113713894, 0.484795931, -0.867113497, -0.652587891, 0.621582031, 0.433227539, 0.749056803, 0.6153307, 0.245851004, 0, 0, 0, 0, 0, 0, 0, 0.260026904, -0.0623062988, -0.145752832, -0.144034264, -0.210367312, -0.966901816, 0.727294922, -0.685058594, 0.0406494141, -0.67095291, -0.697318143, 0.251628043, 4, 1, 
312.678809, 0.1, 0.1, 0.224358104, 0.0730781544, -0.0199731142, 0.835482361, 2.02964844e-005, -0.549517264, 0.549517264, -1.41975395e-005, 0.835482361, 9.15556164e-006, -1, -2.30150625e-005, 0.835482417, -3.26463807e-006, -0.549517179, 0.549517179, -1.23291193e-005, 0.835482417, -9.50261054e-006, -1, -8.50678766e-006, 0, 0, 0, 0, 0, 0, 0, 0.220976489, -0.0898969727, -0.165462402, -0.113713894, 0.484795931, -0.867113497, -0.652587891, 0.621582031, 0.433227539, 0.749056803, 0.6153307, 0.245851004, 0, 0, 0, 0, 0, 0, 0, 0.260026904, -0.0623062988, -0.145752832, -0.144034264, -0.210367312, -0.966901816, 0.727294922, -0.685058594, 0.0406494141, -0.67095291, -0.697318143, 0.251628043, 4, 1, 
312.679594, 0.1, 0.1, 0.224358105, 0.0730781547, -0.0199754175, 0.835482065, -2.77739083e-005, -0.549517715, 0.549517715, 1.31715351e-005, 0.835482065, -1.59666104e-005, -1, 2.6266836e-005, 0.835482122, -1.41975477e-005, -0.549517629, 0.549517629, 7.36237327e-006, 0.835482122, -7.81604337e-006, -1, 1.3952934e-005, 0, 0, 0, 0, 0, 0, 0, 0.220976489, -0.0898969727, -0.165462402, -0.113713894, 0.484795931, -0.867113497, -0.652587891, 0.621582031, 0.433227539, 0.749056803, 0.6153307, 0.245851004, 0, 0, 0, 0, 0, 0, 0, 0.260026904, -0.0623062988, -0.145752832, -0.144034264, -0.210367312, -0.966901816, 0.727294922, -0.685058594, 0.0406494141, -0.67095291, -0.697318143, 0.251628043, 4, 1, 
312.680413, 0.1, 0.1, 0.224358104, 0.0730781563, -0.0199739532, 0.835481851, 3.04392042e-005, -0.549518039, 0.54951804, -1.65124167e-005, 0.835481851, 1.63575318e-005, -0.999999999, -3.05227163e-005, 0.835481869, 2.53004584e-005, -0.549518012, 0.549518012, -3.95903095e-006, 0.83548187, 1.89625154e-005, -1, -1.72107562e-005, 0, 0, 0, 0, 0, 0, 0, 0.221000293, -0.0897280518, -0.165722266, -0.113206537, 0.483685736, -0.867836901, -0.653564453, 0.621582031, 0.431762695, 0.748358486, 0.616124497, 0.24596558, 0, 0, 0, 0, 0, 0, 0, 0.260169727, -0.0621562988, -0.145779687, -0.141983197, -0.211287486, -0.967068061, 0.728027344, -0.684082031, 0.0426025391, -0.670614592, -0.697905828, 0.250874114, 4, 1, 
312.681197, 0.1, 0.1, 0.224358101, 0.0730781544, -0.0199699052, 0.835481932, -2.77092866e-005, -0.549517917, 0.549517917, 2.16274864e-005, 0.835481932, -1.1265917e-005, -0.999999999, 3.32961236e-005, 0.835481886, -2.97663127e-005, -0.549517987, 0.549517987, 2.31708243e-006, 0.835481886, -2.35959366e-005, -1, 1.82930046e-005, 0, 0, 0, 0, 0, 0, 0, 0.221000293, -0.0897280518, -0.165722266, -0.113206537, 0.483685736, -0.867836901, -0.653564453, 0.621582031, 0.431762695, 0.748358486, 0.616124497, 0.24596558, 0, 0, 0, 0, 0, 0, 0, 0.260169727, -0.0621562988, -0.145779687, -0.141983197, -0.211287486, -0.967068061, 0.728027344, -0.684082031, 0.0426025391, -0.670614592, -0.697905828, 0.250874114, 4, 1, 
312.681978, 0.1, 0.1, 0.224358102, 0.073078156, -0.0199648396, 0.835482343, 8.01164729e-006, -0.549517292, 0.549517292, -4.53766421e-005, 0.835482342, -1.82416596e-005, -0.999999999, -4.2313922e-005, 0.835482233, 1.93475562e-005, -0.54951746, 0.54951746, -1.73394653e-005, 0.835482232, 6.63620051e-006, -1, -2.51186351e-005, 0, 0, 0, 0, 0, 0, 0, 0.221000293, -0.0897280518, -0.165722266, -0.113206537, 0.483685736, -0.867836901, -0.653564453, 0.621582031, 0.431762695, 0.748358486, 0.616124497, 0.24596558, 0, 0, 0, 0, 0, 0, 0, 0.260169727, -0.0621562988, -0.145779687, -0.141983197, -0.211287486, -0.967068061, 0.728027344, -0.684082031, 0.0426025391, -0.670614592, -0.697905828, 0.250874114, 4, 1, 
312.68276, 0.1, 0.1, 0.2243581, 0.0730781549, -0.0199605293, 0.835482932, -3.40551463e-006, -0.549516397, 0.549516397, 5.39138916e-005, 0.83548293, 2.67813181e-005, -0.999999999, 4.69155223e-005, 0.835482817, -2.96006391e-006, -0.549516572, 0.549516571, 2.90671566e-005, 0.835482817, 1.34998017e-005, -1, 2.5911714e-005, 0, 0, 0, 0, 0, 0, 0, 0.221000293, -0.0897280518, -0.165722266, -0.113206537, 0.483685736, -0.867836901, -0.653564453, 0.621582031, 0.431762695, 0.748358486, 0.616124497, 0.24596558, 0, 0, 0, 0, 0, 0, 0, 0.260169727, -0.0621562988, -0.145779687, -0.141983197, -0.211287486, -0.967068061, 0.728027344, -0.684082031, 0.0426025391, -0.670614592, -0.697905828, 0.250874114, 4, 1, 
312.683549, 0.1, 0.1, 0.224358097, 0.0730781562, -0.019958172, 0.835483357, 2.57707928e-006, -0.549515751, 0.549515751, -5.14102205e-005, 0.835483355, -2.60976191e-005, -0.999999999, -4.43685292e-005, 0.83548331, -1.24370298e-005, -0.549515823, 0.549515822, -3.49847865e-005, 0.835483309, -2.96156245e-005, -0.999999999, -2.23948606e-005, 0, 0, 0, 0, 0, 0, 0, 0.221000293, -0.0897280518, -0.165722266, -0.113206537, 0.483685736, -0.867836901, -0.653564453, 0.621582031, 0.431762695, 0.748358486, 0.616124497, 0.24596558, 0, 0, 0, 0, 0, 0, 0, 0.260169727, -0.0621562988, -0.145779687, -0.141983197, -0.211287486, -0.967068061, 0.728027344, -0.684082031, 0.0426025391, -0.670614592, -0.697905828, 0.250874114, 4, 1, 
312.684336, 0.1, 0.1, 0.224358102, 0.0730781579, -0.0199584505, 0.835483322, -6.78122004e-006, -0.549515804, 0.549515804, 4.98733245e-005, 0.83548332, 2.17405838e-005, -0.999999999, 4.53947184e-005, 0.835483372, 1.84452034e-005, -0.549515728, 0.549515727, 4.02764225e-005, 0.835483372, 3.75431883e-005, -0.999999999, 2.35143519e-005, 0, 0, 0, 0, 0, 0, 0, 0.221000293, -0.0897280518, -0.165722266, -0.113206537, 0.483685736, -0.867836901, -0.653564453, 0.621582031, 0.431762695, 0.748358486, 0.616124497, 0.24596558, 0, 0, 0, 0, 0, 0, 0, 0.260169727, -0.0621562988, -0.145779687, -0.141983197, -0.211287486, -0.967068061, 0.728027344, -0.684082031, 0.0426025391, -0.670614592, -0.697905828, 0.250874114, 4, 1, 
312.68515, 0.1, 0.1, 0.224358098, 0.0730781591, -0.0199609055, 0.835482803, 3.82005081e-005, -0.549516592, 0.549516593, -2.41930859e-005, 0.835482802, 1.86213655e-005, -0.999999999, -4.12047203e-005, 0.835482938, 4.1486146e-006, -0.549516388, 0.549516388, -2.20304684e-005, 0.835482938, -8.6400067e-006, -1, -2.06858122e-005, 0, 0, 0, 0, 0, 0, 0, 0.221470581, -0.0900056152, -0.166206714, -0.11269918, 0.482575542, -0.868579402, -0.654418945, 0.621704102, 0.430297852, 0.747660169, 0.616918294, 0.245959589, 0, 0, 0, 0, 0, 0, 0, 0.260520654, -0.0624459473, -0.146019775, -0.140002492, -0.212258699, -0.967125663, 0.728271484, -0.68371582, 0.0446777344, -0.670774639, -0.698007906, 0.250254346, 4, 1, 
312.685943, 0.1, 0.1, 0.2243581, 0.0730781591, -0.0199645624, 0.835482104, -3.85251584e-005, -0.549517655, 0.549517656, 2.0947248e-005, 0.835482104, -2.06761978e-005, -0.999999999, 3.86713055e-005, 0.835482237, -1.73139242e-005, -0.549517453, 0.549517453, 1.14704729e-005, 0.835482237, -8.16225104e-006, -1, 1.90976799e-005, 0, 0, 0, 0, 0, 0, 0, 0.221470581, -0.0900056152, -0.166206714, -0.11269918, 0.482575542, -0.868579402, -0.654418945, 0.621704102, 0.430297852, 0.747660169, 0.616918294, 0.245959589, 0, 0, 0, 0, 0, 0, 0, 0.260520654, -0.0624459473, -0.146019775, -0.140002492, -0.212258699, -0.967125663, 0.728271484, -0.68371582, 0.0446777344, -0.670774639, -0.698007906, 0.250254346, 4, 1, 
312.686728, 0.1, 0.1, 0.224358098, 0.0730781624, -0.0199682276, 0.835481576, 3.21160252e-005, -0.549518457, 0.549518458, -1.27929992e-005, 0.835481576, 1.98023582e-005, -0.999999999, -2.83366638e-005, 0.83548165, 2.41657836e-005, -0.549518345, 0.549518345, 2.86318103e-006, 0.83548165, 2.17634393e-005, -1, -1.08874062e-005, 0, 0, 0, 0, 0, 0, 0, 0.221470581, -0.0900056152, -0.166206714, -0.11269918, 0.482575542, -0.868579402, -0.654418945, 0.621704102, 0.430297852, 0.747660169, 0.616918294, 0.245959589, 0, 0, 0, 0, 0, 0, 0, 0.260520654, -0.0624459473, -0.146019775, -0.140002492, -0.212258699, -0.967125663, 0.728271484, -0.68371582, 0.0446777344, -0.670774639, -0.698007906, 0.250254346, 4, 1, 
312.687523, 0.1, 0.1, 0.224358095, 0.0730781601, -0.0199708431, 0.835481418, -2.809149e-005, -0.549518699, 0.549518699, 1.85925469e-005, 0.835481417, -1.32529657e-005, -0.999999999, 3.09705264e-005, 0.835481416, -2.91664303e-005, -0.549518701, 0.549518702, -1.41892845e-006, 0.835481416, -2.51477382e-005, -1, 1.48420106e-005, 0, 0, 0, 0, 0, 0, 0, 0.221470581, -0.0900056152, -0.166206714, -0.11269918, 0.482575542, -0.868579402, -0.654418945, 0.621704102, 0.430297852, 0.747660169, 0.616918294, 0.245959589, 0, 0, 0, 0, 0, 0, 0, 0.260520654, -0.0624459473, -0.146019775, -0.138213551, -0.212527022, -0.967266388, 0.728027344, -0.683959961, 0.0463867188, -0.671445813, -0.697790623, 0.249257614, 4, 1, 
312.688309, 0.1, 0.1, 0.224358095, 0.0730781622, -0.019971439, 0.835481604, 5.15179835e-006, -0.549518416, 0.549518416, -3.41354115e-005, 0.835481603, -1.44538045e-005, -0.999999999, -3.13505164e-005, 0.835481541, 1.36899509e-005, -0.549518512, 0.549518512, -1.09870283e-005, 0.835481541, 5.40012585e-006, -1, -1.67023408e-005, 0, 0, 0, 0, 0, 0, 0, 0.221470581, -0.0900056152, -0.166206714, -0.11269918, 0.482575542, -0.868579402, -0.654418945, 0.621704102, 0.430297852, 0.747660169, 0.616918294, 0.245959589, 0, 0, 0, 0, 0, 0, 0, 0.260848145, -0.062682373, -0.146273291, -0.138213551, -0.212527022, -0.967266388, 0.728027344, -0.683959961, 0.0463867188, -0.671445813, -0.697790623, 0.249257614, 4, 1, 
312.689091, 0.1, 0.1, 0.224358094, 0.0730781607, -0.0199701554, 0.835481948, -2.52296302e-006, -0.549517892, 0.549517892, 3.67971196e-005, 0.835481948, 1.81127855e-005, -0.999999999, 3.21297425e-005, 0.835481881, -2.39658578e-006, -0.549517994, 0.549517994, 1.85051267e-005, 0.835481881, 8.16659613e-006, -1, 1.67776651e-005, 0, 0, 0, 0, 0, 0, 0, 0.221470581, -0.0900056152, -0.166206714, -0.11269918, 0.482575542, -0.868579402, -0.654418945, 0.621704102, 0.430297852, 0.747660169, 0.616918294, 0.245959589, 0, 0, 0, 0, 0, 0, 0, 0.260848145, -0.062682373, -0.146273291, -0.138213551, -0.212527022, -0.967266388, 0.728027344, -0.683959961, 0.0463867188, -0.671445813, -0.697790623, 0.249257614, 4, 1, 
312.689886, 0.1, 0.1, 0.224358091, 0.0730781604, -0.0199674731, 0.835482177, 4.04823282e-006, -0.549517545, 0.549517545, -4.49415483e-005, 0.835482176, -2.13139429e-005, -0.999999999, -3.97724375e-005, 0.835482159, -7.82278952e-006, -0.549517571, 0.549517571, -3.27789382e-005, 0.835482159, -2.45484036e-005, -0.999999999, -2.30874578e-005, 0, 0, 0, 0, 0, 0, 0, 0.221786719, -0.0902681641, -0.166459863, -0.110871572, 0.481813946, -0.869207326, -0.654907227, 0.622436523, 0.428588867, 0.747494296, 0.616791735, 0.246677002, 0, 0, 0, 0, 0, 0, 0, 0.260848145, -0.062682373, -0.146273291, -0.138213551, -0.212527022, -0.967266388, 0.728027344, -0.683959961, 0.0463867188, -0.671445813, -0.697790623, 0.249257614, 4, 1, 
312.690693, 0.1, 0.1, 0.224358095, 0.0730781618, -0.0199639845, 0.835482044, -8.13216919e-006, -0.549517747, 0.549517747, 4.19770849e-005, 0.835482043, 1.62728718e-005, -0.999999999, 3.9539872e-005, 0.835482107, 1.45141275e-005, -0.549517651, 0.549517651, 3.41514639e-005, 0.835482107, 3.0893126e-005, -0.999999999, 2.05571678e-005, 0, 0, 0, 0, 0, 0, 0, 0.221786719, -0.0902681641, -0.166459863, -0.110871572, 0.481813946, -0.869207326, -0.654907227, 0.622436523, 0.428588867, 0.747494296, 0.616791735, 0.246677002, 0, 0, 0, 0, 0, 0, 0, 0.260848145, -0.062682373, -0.146273291, -0.138213551, -0.212527022, -0.967266388, 0.728027344, -0.683959961, 0.0463867188, -0.671445813, -0.697790623, 0.249257614, 4, 1, 
312.691475, 0.1, 0.1, 0.224358092, 0.073078162, -0.0199614495, 0.83548152, 3.96389475e-005, -0.549518543, 0.549518544, -2.42837866e-005, 0.83548152, 1.97732171e-005, -0.999999999, -4.20709916e-005, 0.835481656, 6.45757664e-006, -0.549518337, 0.549518337, -2.30433356e-005, 0.835481656, -7.26754861e-006, -1, -2.2800841e-005, 0, 0, 0, 0, 0, 0, 0, 0.221786719, -0.0902681641, -0.166459863, -0.110871572, 0.481813946, -0.869207326, -0.654907227, 0.622436523, 0.428588867, 0.747494296, 0.616791735, 0.246677002, 0, 0, 0, 0, 0, 0, 0, 0.260848145, -0.062682373, -0.146273291, -0.138213551, -0.212527022, -0.967266388, 0.728027344, -0.683959961, 0.0463867188, -0.671445813, -0.697790623, 0.249257614, 4, 1, 
312.692286, 0.1, 0.1, 0.224358093, 0.073078163, -0.0199604179, 0.835480789, -5.26124531e-005, -0.549519653, 0.549519655, 2.77909503e-005, 0.835480789, -2.86850205e-005, -0.999999998, 5.21303822e-005, 0.835480937, -2.7587968e-005, -0.549519429, 0.549519429, 1.66860557e-005, 0.835480937, -1.38799096e-005, -0.999999999, 2.91010059e-005, 0, 0, 0, 0, 0, 0, 0, 0.22232207, -0.0905205811, -0.166708984, -0.109101253, 0.481230205, -0.869777963, -0.655761719, 0.622680664, 0.426879883, 0.746966721, 0.617007783, 0.247756117, 0, 0, 0, 0, 0, 0, 0, 0.260848145, -0.062682373, -0.146273291, -0.136002802, -0.212463223, -0.967598876, 0.728393555, -0.683349609, 0.0477294922, -0.671458939, -0.698397631, 0.247749755, 4, 1, 
312.693071, 0.1, 0.1, 0.22435809, 0.0730781667, -0.0199609446, 0.83548026, 3.74066869e-005, -0.549520458, 0.549520459, -1.80362141e-005, 0.83548026, 2.13412798e-005, -0.999999999, -3.56246406e-005, 0.835480328, 2.75280251e-005, -0.549520356, 0.549520356, 1.5728395e-006, 0.835480328, 2.38634308e-005, -1, -1.38131337e-005, 0, 0, 0, 0, 0, 0, 0, 0.22232207, -0.0905205811, -0.166708984, -0.109101253, 0.481230205, -0.869777963, -0.655761719, 0.622680664, 0.426879883, 0.746966721, 0.617007783, 0.247756117, 0, 0, 0, 0, 0, 0, 0, 0.261440625, -0.062690918, -0.146773486, -0.136002802, -0.212463223, -0.967598876, 0.728393555, -0.683349609, 0.0477294922, -0.671458939, -0.698397631, 0.247749755, 4, 1, 
312.693853, 0.1, 0.1, 0.224358087, 0.0730781631, -0.019963064, 0.835480173, -3.7283194e-005, -0.54952059, 0.549520591, 2.0404792e-005, 0.835480173, -1.99365161e-005, -0.999999999, 3.7535682e-005, 0.835480151, -3.89623876e-005, -0.549520624, 0.549520624, -3.11593038e-006, 0.835480152, -3.42645695e-005, -0.999999999, 1.88073375e-005, 0, 0, 0, 0, 0, 0, 0, 0.22232207, -0.0905205811, -0.166708984, -0.109101253, 0.481230205, -0.869777963, -0.655761719, 0.622680664, 0.426879883, 0.746966721, 0.617007783, 0.247756117, 0, 0, 0, 0, 0, 0, 0, 0.261440625, -0.062690918, -0.146773486, -0.136002802, -0.212463223, -0.967598876, 0.728393555, -0.683349609, 0.0477294922, -0.671458939, -0.698397631, 0.247749755, 4, 1, 
312.694639, 0.1, 0.1, 0.224358087, 0.0730781653, -0.0199659362, 0.835480505, 7.51668158e-006, -0.549520087, 0.549520087, -4.21725021e-005, 0.835480504, -1.68945961e-005, -0.999999999, -3.93648708e-005, 0.835480406, 1.69510485e-005, -0.549520237, 0.549520237, -1.36115958e-005, 0.835480406, 6.68242156e-006, -1, -2.06871657e-005, 0, 0, 0, 0, 0, 0, 0, 0.22232207, -0.0905205811, -0.166708984, -0.109101253, 0.481230205, -0.869777963, -0.655761719, 0.622680664, 0.426879883, 0.746966721, 0.617007783, 0.247756117, 0, 0, 0, 0, 0, 0, 0, 0.261440625, -0.062690918, -0.146773486, -0.136002802, -0.212463223, -0.967598876, 0.728393555, -0.683349609, 0.0477294922, -0.671458939, -0.698397631, 0.247749755, 4, 1, 
312.69542, 0.1, 0.1, 0.224358086, 0.0730781621, -0.0199685468, 0.835481008, -1.28906575e-006, -0.549519323, 0.549519322, 3.26317496e-005, 0.835481007, 1.6854787e-005, -0.999999999, 2.79715736e-005, 0.835480911, -6.6772364e-007, -0.549519469, 0.549519469, 1.23827044e-005, 0.835480911, 6.24666681e-006, -1, 1.07124403e-005, 0, 0, 0, 0, 0, 0, 0, 0.22232207, -0.0905205811, -0.166708984, -0.109101253, 0.481230205, -0.869777963, -0.655761719, 0.622680664, 0.426879883, 0.746966721, 0.617007783, 0.247756117, 0, 0, 0, 0, 0, 0, 0, 0.261440625, -0.062690918, -0.146773486, -0.136002802, -0.212463223, -0.967598876, 0.728393555, -0.683349609, 0.0477294922, -0.671458939, -0.698397631, 0.247749755, 4, 1, 
312.696202, 0.1, 0.1, 0.224358083, 0.0730781625, -0.0199701103, 0.835481373, -2.35313168e-007, -0.549518767, 0.549518767, -3.76474618e-005, 0.835481372, -2.08845865e-005, -0.999999999, -3.1324444e-005, 0.835481327, -1.04273959e-005, -0.549518837, 0.549518837, -2.638528e-005, 0.835481327, -2.3211103e-005, -1, -1.63143582e-005, 0, 0, 0, 0, 0, 0, 0, 0.22232207, -0.0905205811, -0.166708984, -0.109101253, 0.481230205, -0.869777963, -0.655761719, 0.622680664, 0.426879883, 0.746966721, 0.617007783, 0.247756117, 0, 0, 0, 0, 0, 0, 0, 0.261440625, -0.062690918, -0.146773486, -0.136002802, -0.212463223, -0.967598876, 0.728393555, -0.683349609, 0.0477294922, -0.671458939, -0.698397631, 0.247749755, 4, 1, 
312.697014, 0.1, 0.1, 0.224358085, 0.0730781642, -0.0199700201, 0.835481402, -1.24172279e-005, -0.549518723, 0.549518723, 3.75963547e-005, 0.835481401, 1.02855379e-005, -0.999999999, 3.82345544e-005, 0.835481432, 7.70714408e-006, -0.549518677, 0.549518677, 3.00581594e-005, 0.835481432, 2.29566957e-005, -1, 2.08778144e-005, 0, 0, 0, 0, 0, 0, 0, 0.222841797, -0.0907804443, -0.16695603, -0.107654444, 0.4805068, -0.87028532, -0.65625, 0.623168945, 0.425292969, 0.746737569, 0.617122359, 0.248454435, 0, 0, 0, 0, 0, 0, 0, 0.261440625, -0.062690918, -0.146773486, -0.134143499, -0.212571864, -0.967835483, 0.728637695, -0.683105469, 0.0490722656, -0.671631747, -0.698531792, 0.24649746, 4, 1, 
312.6978, 0.1, 0.1, 0.224358082, 0.0730781652, -0.0199682684, 0.835481082, 2.90438911e-005, -0.549519209, 0.549519209, -1.64001861e-005, 0.835481082, 1.52534043e-005, -0.999999999, -2.96622213e-005, 0.835481174, 1.12680725e-006, -0.54951907, 0.54951907, -1.54385722e-005, 0.835481174, -7.54236359e-006, -1, -1.35178385e-005, 0, 0, 0, 0, 0, 0, 0, 0.222841797, -0.0907804443, -0.16695603, -0.107654444, 0.4805068, -0.87028532, -0.65625, 0.623168945, 0.425292969, 0.746737569, 0.617122359, 0.248454435, 0, 0, 0, 0, 0, 0, 0, 0.26156001, -0.0627009277, -0.147038721, -0.134143499, -0.212571864, -0.967835483, 0.728637695, -0.683105469, 0.0490722656, -0.671631747, -0.698531792, 0.24649746, 4, 1, 
312.698583, 0.1, 0.1, 0.224358082, 0.0730781663, -0.0199658364, 0.835480603, -4.26114991e-005, -0.549519936, 0.549519937, 2.15838652e-005, 0.835480603, -2.37403168e-005, -0.999999999, 4.1448769e-005, 0.835480695, -2.3552214e-005, -0.549519797, 0.549519797, 1.41525455e-005, 0.835480695, -1.19003162e-005, -1, 2.47665864e-005, 0, 0, 0, 0, 0, 0, 0, 0.222841797, -0.0907804443, -0.16695603, -0.107654444, 0.4805068, -0.87028532, -0.65625, 0.623168945, 0.425292969, 0.746737569, 0.617122359, 0.248454435, 0, 0, 0, 0, 0, 0, 0, 0.26156001, -0.0627009277, -0.147038721, -0.134143499, -0.212571864, -0.967835483, 0.728637695, -0.683105469, 0.0490722656, -0.671631747, -0.698531792, 0.24649746, 4, 1, 
312.699383, 0.1, 0.1, 0.224358082, 0.0730781679, -0.019963505, 0.835480254, 4.01144039e-005, -0.549520466, 0.549520468, -2.66933611e-005, 0.835480254, 1.88462441e-005, -0.999999999, -4.43454621e-005, 0.835480294, 3.11688701e-005, -0.549520407, 0.549520407, -6.136724e-006, 0.835480294, 2.26687217e-005, -0.999999999, -2.22550422e-005, 0, 0, 0, 0, 0, 0, 0, 0.222841797, -0.0907804443, -0.16695603, -0.107654444, 0.4805068, -0.87028532, -0.65625, 0.623168945, 0.425292969, 0.746737569, 0.617122359, 0.248454435, 0, 0, 0, 0, 0, 0, 0, 0.26156001, -0.0627009277, -0.147038721, -0.134143499, -0.212571864, -0.967835483, 0.728637695, -0.683105469, 0.0490722656, -0.671631747, -0.698531792, 0.24649746, 4, 1, 
312.700175, 0.1, 0.1, 0.224358078, 0.073078163, -0.0199618646, 0.835480318, -3.82384559e-005, -0.54952037, 0.549520371, 1.774116e-005, 0.835480318, -2.21983485e-005, -0.999999999, 3.58352004e-005, 0.835480265, -4.0136658e-005, -0.549520449, 0.54952045, -7.01398302e-006, 0.835480266, -3.73877128e-005, -0.999999999, 1.619587e-005, 0, 0, 0, 0, 0, 0, 0, 0.222841797, -0.0907804443, -0.16695603, -0.107654444, 0.4805068, -0.87028532, -0.65625, 0.623168945, 0.425292969, 0.746737569, 0.617122359, 0.248454435, 0, 0, 0, 0, 0, 0, 0, 0.26156001, -0.0627009277, -0.147038721, -0.134143499, -0.212571864, -0.967835483, 0.728637695, -0.683105469, 0.0490722656, -0.671631747, -0.698531792, 0.24649746, 4, 1, 
312.700976, 0.1, 0.1, 0.224358079, 0.0730781646, -0.0199614188, 0.835480816, 8.59651326e-006, -0.549519613, 0.549519613, -5.06062415e-005, 0.835480815, -2.06269003e-005, -0.999999999, -4.70044966e-005, 0.835480685, 2.02281674e-005, -0.549519813, 0.549519814, -1.91609004e-005, 0.835480685, 6.37094872e-006, -1, -2.7124341e-005, 0, 0, 0, 0, 0, 0, 0, 0.222841797, -0.0907804443, -0.16695603, -0.107654444, 0.4805068, -0.87028532, -0.65625, 0.623168945, 0.425292969, 0.746737569, 0.617122359, 0.248454435, 0, 0, 0, 0, 0, 0, 0, 0.26156001, -0.0627009277, -0.147038721, -0.134143499, -0.212571864, -0.967835483, 0.728637695, -0.683105469, 0.0490722656, -0.671631747, -0.698531792, 0.24649746, 4, 1, 
312.701788, 0.1, 0.1, 0.224358077, 0.073078162, -0.0199623341, 0.835481522, -3.04025567e-006, -0.54951854, 0.549518539, 4.91120706e-005, 0.835481521, 2.44479159e-005, -0.999999999, 4.27029043e-005, 0.83548138, -2.6057648e-006, -0.549518756, 0.549518756, 2.24070743e-005, 0.83548138, 1.01360396e-005, -1, 2.015261e-005, 0, 0, 0, 0, 0, 0, 0, 0.222809937, -0.0905497559, -0.167846924, -0.108276377, 0.480646463, -0.87022204, -0.65612793, 0.622924805, 0.42578125, 0.746712482, 0.61722383, 0.248073636, 0, 0, 0, 0, 0, 0, 0, 0.26156001, -0.0627009277, -0.147038721, -0.134073137, -0.212508065, -0.967835483, 0.729125977, -0.682617187, 0.0489501953, -0.671133381, -0.6991388, 0.24649746, 4, 1, 
312.702578, 0.1, 0.1, 0.224358074, 0.0730781642, -0.0199639324, 0.835482035, 6.07438263e-007, -0.54951776, 0.54951776, -4.00354139e-005, 0.835482034, -2.14926672e-005, -0.999999999, -3.37826672e-005, 0.835481967, -1.22156111e-005, -0.549517863, 0.549517863, -2.5011546e-005, 0.835481967, -2.39502141e-005, -1, -1.41839991e-005, 0, 0, 0, 0, 0, 0, 0, 0.222809937, -0.0905497559, -0.167846924, -0.108276377, 0.480646463, -0.87022204, -0.65612793, 0.622924805, 0.42578125, 0.746712482, 0.61722383, 0.248073636, 0, 0, 0, 0, 0, 0, 0, 0.261798389, -0.0629327148, -0.147708447, -0.134073137, -0.212508065, -0.967835483, 0.729125977, -0.682617187, 0.0489501953, -0.671133381, -0.6991388, 0.24649746, 4, 1, 
312.703363, 0.1, 0.1, 0.224358078, 0.0730781657, -0.0199660046, 0.835482136, -5.17335531e-006, -0.549517607, 0.549517606, 4.02482894e-005, 0.835482136, 1.77948977e-005, -0.999999999, 3.64695766e-005, 0.835482153, 1.53452267e-005, -0.549517581, 0.54951758, 3.26439814e-005, 0.835482153, 3.07591047e-005, -0.999999999, 1.8840992e-005, 0, 0, 0, 0, 0, 0, 0, 0.222809937, -0.0905497559, -0.167846924, -0.108276377, 0.480646463, -0.87022204, -0.65612793, 0.622924805, 0.42578125, 0.746712482, 0.61722383, 0.248073636, 0, 0, 0, 0, 0, 0, 0, 0.261798389, -0.0629327148, -0.147708447, -0.134073137, -0.212508065, -0.967835483, 0.729125977, -0.682617187, 0.0489501953, -0.671133381, -0.6991388, 0.24649746, 4, 1, 
312.70416, 0.1, 0.1, 0.224358076, 0.0730781666, -0.0199678801, 0.83548184, 3.51567675e-005, -0.549518056, 0.549518057, -1.89097924e-005, 0.83548184, 1.89815684e-005, -0.999999999, -3.51180667e-005, 0.835481937, 4.73462626e-006, -0.549517909, 0.549517909, -1.67832926e-005, 0.835481937, -5.26702513e-006, -1, -1.66238997e-005, 0, 0, 0, 0, 0, 0, 0, 0.222809937, -0.0905497559, -0.167846924, -0.109342388, 0.481350772, -0.869676491, -0.655639648, 0.622558594, 0.427124023, 0.747004913, 0.616988687, 0.247616454, 0, 0, 0, 0, 0, 0, 0, 0.261798389, -0.0629327148, -0.147708447, -0.134073137, -0.212508065, -0.967835483, 0.729125977, -0.682617187, 0.0489501953, -0.671133381, -0.6991388, 0.24649746, 4, 1, 
312.704956, 0.1, 0.1, 0.224358078, 0.0730781667, -0.0199685798, 0.83548137, -3.04832184e-005, -0.549518772, 0.549518772, 1.80131432e-005, 0.835481369, -1.55696007e-005, -0.999999999, 3.18007463e-005, 0.835481459, -1.21299603e-005, -0.549518637, 0.549518637, 1.02019105e-005, 0.835481459, -4.52821697e-006, -1, 1.51891464e-005, 0, 0, 0, 0, 0, 0, 0, 0.222756348, -0.0905144775, -0.168936646, -0.109342388, 0.481350772, -0.869676491, -0.655639648, 0.622558594, 0.427124023, 0.747004913, 0.616988687, 0.247616454, 0, 0, 0, 0, 0, 0, 0, 0.261823779, -0.0626933594, -0.148623145, -0.134079333, -0.211894861, -0.968040007, 0.730102539, -0.681518555, 0.0480957031, -0.669906605, -0.700301777, 0.246107735, 4, 1, 
312.705744, 0.1, 0.1, 0.224358079, 0.073078169, -0.0199682705, 0.835481031, 3.64613283e-005, -0.549519285, 0.549519286, -1.69901154e-005, 0.835481032, 2.11263521e-005, -0.999999999, -3.42311223e-005, 0.835481071, 3.00996786e-005, -0.549519226, 0.549519226, -1.44585546e-006, 0.835481071, 2.43531864e-005, -1, -1.7748337e-005, 0, 0, 0, 0, 0, 0, 0, 0.222756348, -0.0905144775, -0.168936646, -0.109342388, 0.481350772, -0.869676491, -0.655639648, 0.622558594, 0.427124023, 0.747004913, 0.616988687, 0.247616454, 0, 0, 0, 0, 0, 0, 0, 0.261823779, -0.0626933594, -0.148623145, -0.134079333, -0.211894861, -0.968040007, 0.730102539, -0.681518555, 0.0480957031, -0.669906605, -0.700301777, 0.246107735, 4, 1, 
312.706526, 0.1, 0.1, 0.224358076, 0.0730781664, -0.0199671919, 0.835481046, -3.32974297e-005, -0.549519263, 0.549519264, 2.21719153e-005, 0.835481046, -1.56354768e-005, -0.999999999, 3.68217941e-005, 0.835481009, -3.42758457e-005, -0.54951932, 0.54951932, 8.9840992e-007, 0.835481009, -2.81431245e-005, -0.999999999, 1.95858439e-005, 0, 0, 0, 0, 0, 0, 0, 0.222756348, -0.0905144775, -0.168936646, -0.109342388, 0.481350772, -0.869676491, -0.655639648, 0.622558594, 0.427124023, 0.747004913, 0.616988687, 0.247616454, 0, 0, 0, 0, 0, 0, 0, 0.261823779, -0.0626933594, -0.148623145, -0.134079333, -0.211894861, -0.968040007, 0.730102539, -0.681518555, 0.0480957031, -0.669906605, -0.700301777, 0.246107735, 4, 1, 
