time, realDorsalTactorPos, realVentralTactorPos, boxPosX, boxPosY, boxPosZ, boxLocalRot_11, boxLocalRot_12, boxLocalRot_13, boxLocalRot_21, boxLocalRot_22, boxLocalRot_23, boxLocalRot_31, boxLocalRot_32, boxLocalRot_33, boxGlobalRot_11, boxGlobalRot_12, boxGlobalRot_13, boxGlobalRot_21, boxGlobalRot_22, boxGlobalRot_23, boxGlobalRot_31, boxGlobalRot_32, boxGlobalRot_33, indexForceX, indexForceY, indexForceZ, indexForceGlobalX, indexForceGlobalY, indexForceGlobalZ, indexContact, indexPosX, indexPosY, indexPosZ, indexRot_11, indexRot_12, indexRot_13, indexRot_21, indexRot_22, indexRot_23, indexRot_31, indexRot_32, indexRot_33, thumbForceX, thumbForceY, thumbForceZ, thumbForceGlobalX, thumbForceGlobalY, thumbForceGlobalZ, thumbContact, thumbPosX, thumbPosY, thumbPosZ, thumbRot_11, thumbRot_12, thumbRot_13, thumbRot_21, thumbRot_22, thumbRot_23, thumbRot_31, thumbRot_32, thumbRot_33, mapping, boxInitParam, trialSuccess, 
893.913005, 0.1, 0.1, 0.212713614, 0.105323764, -0.0199626725, 0.405690346, -1.8658466e-005, 0.914010582, 0.914010582, -6.28427064e-006, -0.405690346, 1.33134494e-005, 1, 1.45045675e-005, 0.405690346, 1.0959251e-005, 0.914010581, 0.914010581, 5.05681806e-006, -0.405690347, -9.06804754e-006, 1, -7.96536909e-006, 0, 0, 0, 0, 0, 0, 0, 0.383081519, 0.0353537598, -0.0826047852, -0.46852705, 0.798710825, -0.377250675, -0.817138672, -0.229614258, 0.528442383, 0.335604336, 0.555971294, 0.760516905, 0, 0, 0, 0, 0, 0, 0, 0.414121973, 0.0815981934, -0.0487949707, -0.528278424, 0.585547066, -0.614835122, 0.274414063, -0.567504883, -0.776245117, -0.803518374, -0.578682498, 0.139131123, 3, 1, 1, 
893.962283, 0.1, 0.1, 0.212713606, 0.10532377, -0.0199653817, 0.405690068, 6.79017423e-006, 0.914010705, 0.914010705, 2.70751518e-006, -0.405690068, -5.22940411e-006, 1, -5.10787991e-006, 0.405690068, -9.4155794e-006, 0.914010705, 0.914010705, -3.57587928e-006, -0.405690068, 7.08819899e-006, 1, 7.15524166e-006, 0, 0, 0, 0, 0, 0, 0, 0.382355151, 0.0363752441, -0.0818807617, -0.469839065, 0.796587038, -0.380261113, -0.814941406, -0.225952148, 0.533447266, 0.339025529, 0.560509795, 0.755555666, 0, 0, 0, 0, 0, 0, 0, 0.412998779, 0.0822177246, -0.048896875, -0.529626601, 0.582831755, -0.616124964, 0.271606445, -0.571533203, -0.774169922, -0.80353733, -0.577372234, 0.144396235, 3, 1, 1, 
893.963077, 0.1, 0.1, 0.212713606, 0.10532377, -0.0199642167, 0.40569007, 6.75403934e-006, 0.914010704, 0.914010704, 2.65683177e-006, -0.40569007, -5.16841937e-006, 1, -5.09541398e-006, 0.40569007, 7.02207128e-006, 0.914010704, 0.914010704, 2.71876739e-006, -0.40569007, -5.33376709e-006, 1, -5.31527138e-006, 0, 0, 0, 0, 0, 0, 0, 0.382355151, 0.0363752441, -0.0818807617, -0.469839065, 0.796587038, -0.380261113, -0.814941406, -0.225952148, 0.533447266, 0.339025529, 0.560509795, 0.755555666, 0, 0, 0, 0, 0, 0, 0, 0.412998779, 0.0822177246, -0.048896875, -0.529626601, 0.582831755, -0.616124964, 0.271606445, -0.571533203, -0.774169922, -0.80353733, -0.577372234, 0.144396235, 3, 1, 1, 
893.963873, 0.1, 0.1, 0.212713607, 0.10532377, -0.0199635144, 0.405690074, -9.82611232e-006, 0.914010702, 0.914010702, -3.99239107e-006, -0.405690074, 7.6354444e-006, 1, 7.36149839e-006, 0.405690073, 7.25783092e-006, 0.914010703, 0.914010703, 2.64016629e-006, -0.405690073, -5.3575702e-006, 1, -5.56264588e-006, 0, 0, 0, 0, 0, 0, 0, 0.382355151, 0.0363752441, -0.0818807617, -0.469839065, 0.796587038, -0.380261113, -0.814941406, -0.225952148, 0.533447266, 0.339025529, 0.560509795, 0.755555666, 0, 0, 0, 0, 0, 0, 0, 0.412998779, 0.0822177246, -0.048896875, -0.529626601, 0.582831755, -0.616124964, 0.271606445, -0.571533203, -0.774169922, -0.80353733, -0.577372234, 0.144396235, 3, 1, 1, 
893.96467, 0.1, 0.1, 0.212713607, 0.10532377, -0.0199633999, 0.40569008, -8.42917245e-006, 0.9140107, 0.9140107, -3.16563931e-006, -0.40569008, 6.31305985e-006, 1, 6.42008535e-006, 0.405690079, -9.037463e-006, 0.9140107, 0.9140107, -3.23316928e-006, -0.405690079, 6.62156039e-006, 1, 6.94867318e-006, 0, 0, 0, 0, 0, 0, 0, 0.382355151, 0.0363752441, -0.0818807617, -0.469839065, 0.796587038, -0.380261113, -0.814941406, -0.225952148, 0.533447266, 0.339025529, 0.560509795, 0.755555666, 0, 0, 0, 0, 0, 0, 0, 0.412998779, 0.0822177246, -0.048896875, -0.529626601, 0.582831755, -0.616124964, 0.271606445, -0.571533203, -0.774169922, -0.80353733, -0.577372234, 0.144396235, 3, 1, 1, 
893.965459, 0.1, 0.1, 0.212713606, 0.10532377, -0.0199639226, 0.405690084, 9.89739094e-006, 0.914010698, 0.914010698, 3.92724298e-006, -0.405690084, -7.60481546e-006, 1, -7.45307767e-006, 0.405690083, -6.99145552e-006, 0.914010698, 0.914010698, -2.84135683e-006, -0.405690083, 5.43339471e-006, 1, 5.23755485e-006, 0, 0, 0, 0, 0, 0, 0, 0.382355151, 0.0363752441, -0.0818807617, -0.469839065, 0.796587038, -0.380261113, -0.814941406, -0.225952148, 0.533447266, 0.339025529, 0.560509795, 0.755555666, 0, 0, 0, 0, 0, 0, 0, 0.412998779, 0.0822177246, -0.048896875, -0.529626601, 0.582831755, -0.616124964, 0.271606445, -0.571533203, -0.774169922, -0.80353733, -0.577372234, 0.144396235, 3, 1, 1, 
893.966284, 0.1, 0.1, 0.212713605, 0.10532377, -0.0199647787, 0.405690088, 1.09934958e-005, 0.914010696, 0.914010696, 4.26353372e-006, -0.405690088, -8.35686772e-006, 1, -8.31849941e-006, 0.405690088, 1.14121014e-005, 0.914010696, 0.914010696, 4.2931035e-006, -0.405690088, -8.55371892e-006, 1, -8.68911318e-006, 0, 0, 0, 0, 0, 0, 0, 0.382039014, 0.0372485596, -0.0822574219, -0.471666672, 0.79620624, -0.378896679, -0.813842773, -0.227783203, 0.534301758, 0.339191401, 0.560446515, 0.755586745, 0, 0, 0, 0, 0, 0, 0, 0.412998779, 0.0822177246, -0.048896875, -0.531734904, 0.582620668, -0.6145019, 0.271118164, -0.57019043, -0.775268555, -0.802163267, -0.578867332, 0.145303282, 3, 1, 1, 
893.967081, 0.1, 0.1, 0.212713605, 0.10532377, -0.0199653755, 0.405690091, -5.46910435e-006, 0.914010695, 0.914010695, -2.06967016e-006, -0.405690091, 4.11046211e-006, 1, 4.15917519e-006, 0.405690091, 1.08329729e-005, 0.914010695, 0.914010695, 4.25608104e-006, -0.405690091, -8.28493336e-006, 1, -8.1748032e-006, 0, 0, 0, 0, 0, 0, 0, 0.382039014, 0.0372485596, -0.0822574219, -0.471666672, 0.79620624, -0.378896679, -0.813842773, -0.227783203, 0.534301758, 0.339191401, 0.560446515, 0.755586745, 0, 0, 0, 0, 0, 0, 0, 0.412441699, 0.082842041, -0.0492168945, -0.531734904, 0.582620668, -0.6145019, 0.271118164, -0.57019043, -0.775268555, -0.802163267, -0.578867332, 0.145303282, 3, 1, 1, 
893.967872, 0.1, 0.1, 0.212713605, 0.10532377, -0.0199659246, 0.405690091, -6.79173234e-006, 0.914010695, 0.914010695, -2.19562235e-006, -0.405690091, 4.76216082e-006, 1, 5.31697376e-006, 0.405690091, -6.68780748e-006, 0.914010695, 0.914010695, -2.31031761e-006, -0.405690091, 4.82483223e-006, 1, 5.1754546e-006, 0, 0, 0, 0, 0, 0, 0, 0.382039014, 0.0372485596, -0.0822574219, -0.471666672, 0.79620624, -0.378896679, -0.813842773, -0.227783203, 0.534301758, 0.339191401, 0.560446515, 0.755586745, 0, 0, 0, 0, 0, 0, 0, 0.412441699, 0.082842041, -0.0492168945, -0.531734904, 0.582620668, -0.6145019, 0.271118164, -0.57019043, -0.775268555, -0.802163267, -0.578867332, 0.145303282, 3, 1, 1, 
893.968663, 0.1, 0.1, 0.212713604, 0.10532377, -0.0199662579, 0.405690091, 8.04931775e-006, 0.914010695, 0.914010695, 2.59640444e-006, -0.405690091, -5.63866988e-006, 1, -6.30382696e-006, 0.405690091, -7.58745051e-006, 0.914010694, 0.914010694, -3.19855464e-006, -0.405690092, 6.00166664e-006, 1, 5.63738898e-006, 0, 0, 0, 0, 0, 0, 0, 0.382039014, 0.0372485596, -0.0822574219, -0.471666672, 0.79620624, -0.378896679, -0.813842773, -0.227783203, 0.534301758, 0.339191401, 0.560446515, 0.755586745, 0, 0, 0, 0, 0, 0, 0, 0.412441699, 0.082842041, -0.0492168945, -0.531734904, 0.582620668, -0.6145019, 0.271118164, -0.57019043, -0.775268555, -0.802163267, -0.578867332, 0.145303282, 3, 1, 1, 
893.96946, 0.1, 0.1, 0.212713604, 0.10532377, -0.0199662223, 0.405690091, 5.83293987e-006, 0.914010695, 0.914010695, 2.63001887e-006, -0.405690091, -4.77023128e-006, 1, -4.26439683e-006, 0.405690091, 6.54132645e-006, 0.914010695, 0.914010695, 2.48680573e-006, -0.405690091, -4.92671836e-006, 1, -4.96996988e-006, 0, 0, 0, 0, 0, 0, 0, 0.382039014, 0.0372485596, -0.0822574219, -0.471666672, 0.79620624, -0.378896679, -0.813842773, -0.227783203, 0.534301758, 0.339191401, 0.560446515, 0.755586745, 0, 0, 0, 0, 0, 0, 0, 0.412441699, 0.082842041, -0.0492168945, -0.531734904, 0.582620668, -0.6145019, 0.271118164, -0.57019043, -0.775268555, -0.802163267, -0.578867332, 0.145303282, 3, 1, 1, 
893.970252, 0.1, 0.1, 0.212713605, 0.10532377, -0.019965874, 0.405690089, -1.07900769e-005, 0.914010696, 0.914010696, -3.83857024e-006, -0.405690089, 7.8859215e-006, 1, 8.30497574e-006, 0.405690089, 4.91813379e-006, 0.914010696, 0.914010696, 2.45601477e-006, -0.405690089, -4.2400619e-006, 1, -3.49884603e-006, 0, 0, 0, 0, 0, 0, 0, 0.382039014, 0.0372485596, -0.0822574219, -0.471666672, 0.79620624, -0.378896679, -0.813842773, -0.227783203, 0.534301758, 0.339191401, 0.560446515, 0.755586745, 0, 0, 0, 0, 0, 0, 0, 0.412441699, 0.082842041, -0.0492168945, -0.531734904, 0.582620668, -0.6145019, 0.271118164, -0.57019043, -0.775268555, -0.802163267, -0.578867332, 0.145303282, 3, 1, 1, 
893.971073, 0.1, 0.1, 0.212713606, 0.10532377, -0.019965277, 0.405690086, -1.13810903e-005, 0.914010697, 0.914010697, -4.67671992e-006, -0.405690086, 8.89176754e-006, 1, 8.50513936e-006, 0.405690086, -1.19357562e-005, 0.914010697, 0.914010697, -5.07990144e-006, -0.405690086, 9.48530224e-006, 1, 8.84854322e-006, 0, 0, 0, 0, 0, 0, 0, 0.381578247, 0.0376937012, -0.0822330078, -0.471971087, 0.796187144, -0.37841441, -0.813476562, -0.228027344, 0.534912109, 0.339610392, 0.560325948, 0.755510361, 0, 0, 0, 0, 0, 0, 0, 0.412441699, 0.082842041, -0.0492168945, -0.531575223, 0.583202156, -0.614112176, 0.270629883, -0.569946289, -0.775634766, -0.802514712, -0.57856073, 0.145098758, 3, 1, 1, 
893.971864, 0.1, 0.1, 0.212713605, 0.10532377, -0.0199644878, 0.405690085, 6.95144642e-006, 0.914010697, 0.914010697, 2.88340573e-006, -0.405690085, -5.45559657e-006, 1, -5.18392728e-006, 0.405690085, -1.0111222e-005, 0.914010697, 0.914010697, -3.48848757e-006, -0.405690085, 7.29053746e-006, 1, 7.82652021e-006, 0, 0, 0, 0, 0, 0, 0, 0.381578247, 0.0376937012, -0.0822330078, -0.471971087, 0.796187144, -0.37841441, -0.813476562, -0.228027344, 0.534912109, 0.339610392, 0.560325948, 0.755510361, 0, 0, 0, 0, 0, 0, 0, 0.411775146, 0.0833334473, -0.0494186523, -0.531575223, 0.583202156, -0.614112176, 0.270629883, -0.569946289, -0.775634766, -0.802514712, -0.57856073, 0.145098758, 3, 1, 1, 
893.97265, 0.1, 0.1, 0.212713605, 0.10532377, -0.0199641252, 0.405690084, 8.32981374e-006, 0.914010698, 0.914010698, 3.27047421e-006, -0.405690085, -6.36857125e-006, 1, -6.28673991e-006, 0.405690085, 8.40949086e-006, 0.914010697, 0.914010698, 3.05425499e-006, -0.405690085, -6.20326879e-006, 1, -6.44728364e-006, 0, 0, 0, 0, 0, 0, 0, 0.381578247, 0.0376937012, -0.0822330078, -0.471971087, 0.796187144, -0.37841441, -0.813476562, -0.228027344, 0.534912109, 0.339610392, 0.560325948, 0.755510361, 0, 0, 0, 0, 0, 0, 0, 0.411775146, 0.0833334473, -0.0494186523, -0.531575223, 0.583202156, -0.614112176, 0.270629883, -0.569946289, -0.775634766, -0.802514712, -0.57856073, 0.145098758, 3, 1, 1, 
893.973439, 0.1, 0.1, 0.212713605, 0.10532377, -0.0199642536, 0.405690082, -7.28770567e-006, 0.914010699, 0.914010699, -2.71073861e-006, -0.405690082, 5.434194e-006, 1, 5.56132118e-006, 0.405690083, 9.19941275e-006, 0.914010698, 0.914010698, 3.5055064e-006, -0.405690083, -6.93618087e-006, 1, -6.98621249e-006, 0, 0, 0, 0, 0, 0, 0, 0.381578247, 0.0376937012, -0.0822330078, -0.471971087, 0.796187144, -0.37841441, -0.813476562, -0.228027344, 0.534912109, 0.339610392, 0.560325948, 0.755510361, 0, 0, 0, 0, 0, 0, 0, 0.411775146, 0.0833334473, -0.0494186523, -0.531575223, 0.583202156, -0.614112176, 0.270629883, -0.569946289, -0.775634766, -0.802514712, -0.57856073, 0.145098758, 3, 1, 1, 
893.974227, 0.1, 0.1, 0.212713605, 0.10532377, -0.0199647812, 0.405690079, -5.85340114e-006, 0.9140107, 0.9140107, -2.54050178e-006, -0.405690079, 4.69671258e-006, 1, 4.31941491e-006, 0.40569008, -6.24991101e-006, 0.9140107, 0.9140107, -2.72143509e-006, -0.40569008, 5.02294768e-006, 1, 4.60842631e-006, 0, 0, 0, 0, 0, 0, 0, 0.381578247, 0.0376937012, -0.0822330078, -0.471971087, 0.796187144, -0.37841441, -0.813476562, -0.228027344, 0.534912109, 0.339610392, 0.560325948, 0.755510361, 0, 0, 0, 0, 0, 0, 0, 0.411775146, 0.0833334473, -0.0494186523, -0.531575223, 0.583202156, -0.614112176, 0.270629883, -0.569946289, -0.775634766, -0.802514712, -0.57856073, 0.145098758, 3, 1, 1, 
893.975016, 0.1, 0.1, 0.212713604, 0.10532377, -0.0199655136, 0.405690077, 1.06323159e-005, 0.914010701, 0.914010701, 4.28727914e-006, -0.405690077, -8.23204408e-006, 1, -7.97874395e-006, 0.405690077, -5.446177e-006, 0.914010701, 0.914010701, -1.83289519e-006, -0.405690077, 3.88474579e-006, 1, 4.23427667e-006, 0, 0, 0, 0, 0, 0, 0, 0.381578247, 0.0376937012, -0.0822330078, -0.471971087, 0.796187144, -0.37841441, -0.813476562, -0.228027344, 0.534912109, 0.339610392, 0.560325948, 0.755510361, 0, 0, 0, 0, 0, 0, 0, 0.411775146, 0.0833334473, -0.0494186523, -0.531575223, 0.583202156, -0.614112176, 0.270629883, -0.569946289, -0.775634766, -0.802514712, -0.57856073, 0.145098758, 3, 1, 1, 
893.975837, 0.1, 0.1, 0.212713603, 0.10532377, -0.0199660639, 0.405690076, 1.1007322e-005, 0.914010701, 0.914010702, 4.19717829e-006, -0.405690076, -8.30182715e-006, 1, -8.3580565e-006, 0.405690076, 1.16212415e-005, 0.914010702, 0.914010702, 4.51096794e-006, -0.405690076, -8.83769531e-006, 1, -8.79188417e-006, 0, 0, 0, 0, 0, 0, 0, 0.380986279, 0.0372872559, -0.0824568604, -0.470561348, 0.796992924, -0.378389322, -0.813476562, -0.225952148, 0.535766602, 0.341488174, 0.559951141, 0.754888428, 0, 0, 0, 0, 0, 0, 0, 0.411775146, 0.0833334473, -0.0494186523, -0.530329491, 0.584844543, -0.613613809, 0.269165039, -0.570068359, -0.776123047, -0.803856692, -0.57666971, 0.145028396, 3, 1, 1, 
893.976627, 0.1, 0.1, 0.212713603, 0.10532377, -0.0199660529, 0.405690075, -6.91120412e-006, 0.914010702, 0.914010702, -2.65669635e-006, -0.405690075, 5.23205581e-006, 1, 5.23911918e-006, 0.405690075, 9.38663637e-006, 0.914010702, 0.914010702, 3.69016985e-006, -0.405690075, -7.18091995e-006, 1, -7.08242082e-006, 0, 0, 0, 0, 0, 0, 0, 0.380986279, 0.0372872559, -0.0824568604, -0.470561348, 0.796992924, -0.378389322, -0.813476562, -0.225952148, 0.535766602, 0.341488174, 0.559951141, 0.754888428, 0, 0, 0, 0, 0, 0, 0, 0.411159619, 0.0828121582, -0.0496104004, -0.530329491, 0.584844543, -0.613613809, 0.269165039, -0.570068359, -0.776123047, -0.803856692, -0.57666971, 0.145028396, 3, 1, 1, 
893.977419, 0.1, 0.1, 0.212713603, 0.10532377, -0.0199658561, 0.405690072, -8.76493485e-006, 0.914010703, 0.914010703, -3.26359325e-006, -0.405690072, 6.53880621e-006, 1, 6.68723689e-006, 0.405690072, -8.73493771e-006, 0.914010703, 0.914010703, -3.30847207e-006, -0.405690072, 6.5676564e-006, 1, 6.64161228e-006, 0, 0, 0, 0, 0, 0, 0, 0.380986279, 0.0372872559, -0.0824568604, -0.470561348, 0.796992924, -0.378389322, -0.813476562, -0.225952148, 0.535766602, 0.341488174, 0.559951141, 0.754888428, 0, 0, 0, 0, 0, 0, 0, 0.411159619, 0.0828121582, -0.0496104004, -0.530329491, 0.584844543, -0.613613809, 0.269165039, -0.570068359, -0.776123047, -0.803856692, -0.57666971, 0.145028396, 3, 1, 1, 
893.978249, 0.1, 0.1, 0.212713603, 0.10532377, -0.0199652503, 0.405690069, 8.08106822e-006, 0.914010704, 0.914010704, 3.18890234e-006, -0.405690069, -6.19309999e-006, 1, -6.09247685e-006, 0.405690069, -9.61329371e-006, 0.914010704, 0.914010704, -3.88019488e-006, -0.405690069, 7.44655745e-006, 1, 7.21249683e-006, 0, 0, 0, 0, 0, 0, 0, 0.380903296, 0.0369107178, -0.0822526611, -0.467857568, 0.798426628, -0.378795208, -0.814819336, -0.223754883, 0.534667969, 0.342172265, 0.558858921, 0.755447081, 0, 0, 0, 0, 0, 0, 0, 0.411159619, 0.0828121582, -0.0496104004, -0.527428979, 0.587336741, -0.613710058, 0.269165039, -0.569580078, -0.776489258, -0.805761205, -0.574689372, 0.142440683, 3, 1, 1, 
893.979045, 0.1, 0.1, 0.212713602, 0.10532377, -0.0199643841, 0.405690068, 6.92726814e-006, 0.914010705, 0.914010705, 2.68007272e-006, -0.405690068, -5.25993904e-006, 1, -5.24431836e-006, 0.405690068, 7.47689627e-006, 0.914010705, 0.914010705, 2.80164255e-006, -0.405690068, -5.59403384e-006, 1, -5.69736467e-006, 0, 0, 0, 0, 0, 0, 0, 0.380903296, 0.0369107178, -0.0822526611, -0.467857568, 0.798426628, -0.378795208, -0.814819336, -0.223754883, 0.534667969, 0.342172265, 0.558858921, 0.755447081, 0, 0, 0, 0, 0, 0, 0, 0.411311475, 0.0825722168, -0.0490014648, -0.527428979, 0.587336741, -0.613710058, 0.269165039, -0.569580078, -0.776489258, -0.805761205, -0.574689372, 0.142440683, 3, 1, 1, 
893.979831, 0.1, 0.1, 0.212713603, 0.10532377, -0.0199639518, 0.405690067, -1.08138536e-005, 0.914010705, 0.914010705, -4.20135319e-006, -0.405690067, 8.22715476e-006, 1, 8.17953066e-006, 0.405690067, 5.94757714e-006, 0.914010705, 0.914010705, 2.27930248e-006, -0.405690067, -4.49617983e-006, 1, -4.5114588e-006, 0, 0, 0, 0, 0, 0, 0, 0.380903296, 0.0369107178, -0.0822526611, -0.467857568, 0.798426628, -0.378795208, -0.814819336, -0.223754883, 0.534667969, 0.342172265, 0.558858921, 0.755447081, 0, 0, 0, 0, 0, 0, 0, 0.411311475, 0.0825722168, -0.0490014648, -0.527428979, 0.587336741, -0.613710058, 0.269165039, -0.569580078, -0.776489258, -0.805761205, -0.574689372, 0.142440683, 3, 1, 1, 
893.98062, 0.1, 0.1, 0.212713604, 0.10532377, -0.0199640964, 0.405690068, -1.01893825e-005, 0.914010705, 0.914010705, -3.83571527e-006, -0.405690068, 7.63961608e-006, 1, 7.75709306e-006, 0.405690068, -1.05877466e-005, 0.914010705, 0.914010705, -4.13530871e-006, -0.405690068, 8.07506005e-006, 1, 7.99966004e-006, 0, 0, 0, 0, 0, 0, 0, 0.380903296, 0.0369107178, -0.0822526611, -0.467857568, 0.798426628, -0.378795208, -0.814819336, -0.223754883, 0.534667969, 0.342172265, 0.558858921, 0.755447081, 0, 0, 0, 0, 0, 0, 0, 0.411311475, 0.0825722168, -0.0490014648, -0.527428979, 0.587336741, -0.613710058, 0.269165039, -0.569580078, -0.776489258, -0.805761205, -0.574689372, 0.142440683, 3, 1, 1, 
893.981414, 0.1, 0.1, 0.212713603, 0.10532377, -0.019964647, 0.405690071, 8.09359859e-006, 0.914010703, 0.914010703, 3.15282176e-006, -0.405690071, -6.16520543e-006, 1, -6.11856725e-006, 0.405690071, -8.83152419e-006, 0.914010704, 0.914010704, -3.35409126e-006, -0.405690071, 6.64853699e-006, 1, 6.71138612e-006, 0, 0, 0, 0, 0, 0, 0, 0.380903296, 0.0369107178, -0.0822526611, -0.467857568, 0.798426628, -0.378795208, -0.814819336, -0.223754883, 0.534667969, 0.342172265, 0.558858921, 0.755447081, 0, 0, 0, 0, 0, 0, 0, 0.411311475, 0.0825722168, -0.0490014648, -0.527428979, 0.587336741, -0.613710058, 0.269165039, -0.569580078, -0.776489258, -0.805761205, -0.574689372, 0.142440683, 3, 1, 1, 
893.982205, 0.1, 0.1, 0.212713603, 0.10532377, -0.0199653817, 0.405690077, 8.40679243e-006, 0.914010701, 0.914010701, 3.10984634e-006, -0.405690077, -6.2529851e-006, 1, -6.42226444e-006, 0.405690076, 8.48572229e-006, 0.914010702, 0.914010702, 3.27592249e-006, -0.405690076, -6.43680153e-006, 1, -6.42703174e-006, 0, 0, 0, 0, 0, 0, 0, 0.380903296, 0.0369107178, -0.0822526611, -0.467857568, 0.798426628, -0.378795208, -0.814819336, -0.223754883, 0.534667969, 0.342172265, 0.558858921, 0.755447081, 0, 0, 0, 0, 0, 0, 0, 0.411311475, 0.0825722168, -0.0490014648, -0.527428979, 0.587336741, -0.613710058, 0.269165039, -0.569580078, -0.776489258, -0.805761205, -0.574689372, 0.142440683, 3, 1, 1, 
893.983012, 0.1, 0.1, 0.212713603, 0.10532377, -0.0199659888, 0.405690084, -7.43319227e-006, 0.914010698, 0.914010698, -2.98506818e-006, -0.405690084, 5.74395665e-006, 1, 5.58300469e-006, 0.405690083, 8.47605872e-006, 0.914010698, 0.914010698, 3.13416195e-006, -0.405690083, -6.30331051e-006, 1, -6.47570993e-006, 0, 0, 0, 0, 0, 0, 0, 0.381274976, 0.0365280762, -0.0816202881, -0.464969941, 0.799739765, -0.379562796, -0.81628418, -0.221435547, 0.533325195, 0.342456461, 0.557785797, 0.756063023, 0, 0, 0, 0, 0, 0, 0, 0.411311475, 0.0825722168, -0.0490014648, -0.524553987, 0.589503013, -0.614132232, 0.269775391, -0.568969727, -0.776733398, -0.807422915, -0.573111518, 0.139450485, 3, 1, 1, 
893.983818, 0.1, 0.1, 0.212713603, 0.10532377, -0.0199660237, 0.405690093, -6.75211477e-006, 0.914010694, 0.914010694, -2.5616594e-006, -0.405690093, 5.08065016e-006, 1, 5.13226526e-006, 0.405690091, -7.07576543e-006, 0.914010695, 0.914010695, -2.81174046e-006, -0.405690091, 5.44052877e-006, 1, 5.32663004e-006, 0, 0, 0, 0, 0, 0, 0, 0.381274976, 0.0365280762, -0.0816202881, -0.464969941, 0.799739765, -0.379562796, -0.81628418, -0.221435547, 0.533325195, 0.342456461, 0.557785797, 0.756063023, 0, 0, 0, 0, 0, 0, 0, 0.41168999, 0.0823022461, -0.0484225586, -0.524553987, 0.589503013, -0.614132232, 0.269775391, -0.568969727, -0.776733398, -0.807422915, -0.573111518, 0.139450485, 3, 1, 1, 
893.984602, 0.1, 0.1, 0.212713602, 0.10532377, -0.0199659075, 0.405690103, 9.71624743e-006, 0.914010689, 0.914010689, 3.80157615e-006, -0.405690103, -7.41646666e-006, 1, -7.33849219e-006, 0.405690101, -6.24831227e-006, 0.91401069, 0.91401069, -2.36167539e-006, -0.405690101, 4.69347499e-006, 1, 4.75291588e-006, 0, 0, 0, 0, 0, 0, 0, 0.381274976, 0.0365280762, -0.0816202881, -0.464969941, 0.799739765, -0.379562796, -0.81628418, -0.221435547, 0.533325195, 0.342456461, 0.557785797, 0.756063023, 0, 0, 0, 0, 0, 0, 0, 0.41168999, 0.0823022461, -0.0484225586, -0.524553987, 0.589503013, -0.614132232, 0.269775391, -0.568969727, -0.776733398, -0.807422915, -0.573111518, 0.139450485, 3, 1, 1, 
893.985388, 0.1, 0.1, 0.212713602, 0.10532377, -0.0199657167, 0.405690115, 8.90256203e-006, 0.914010684, 0.914010684, 3.34790496e-006, -0.405690115, -6.67170232e-006, 1, -6.77882486e-006, 0.405690112, 9.32524828e-006, 0.914010685, 0.914010685, 3.64637776e-006, -0.405690112, -7.11598926e-006, 1, -7.04407717e-006, 0, 0, 0, 0, 0, 0, 0, 0.381274976, 0.0365280762, -0.0816202881, -0.464969941, 0.799739765, -0.379562796, -0.81628418, -0.221435547, 0.533325195, 0.342456461, 0.557785797, 0.756063023, 0, 0, 0, 0, 0, 0, 0, 0.41168999, 0.0823022461, -0.0484225586, -0.524553987, 0.589503013, -0.614132232, 0.269775391, -0.568969727, -0.776733398, -0.807422915, -0.573111518, 0.139450485, 3, 1, 1, 
893.986186, 0.1, 0.1, 0.212713602, 0.10532377, -0.0199654013, 0.405690127, -8.78801299e-006, 0.914010678, 0.914010679, -3.43238918e-006, -0.405690127, 6.70245047e-006, 1, 6.63985131e-006, 0.405690125, 7.69647812e-006, 0.91401068, 0.91401068, 2.91490073e-006, -0.405690125, -5.78663557e-006, 1, -5.85211675e-006, 0, 0, 0, 0, 0, 0, 0, 0.381274976, 0.0365280762, -0.0816202881, -0.464969941, 0.799739765, -0.379562796, -0.81628418, -0.221435547, 0.533325195, 0.342456461, 0.557785797, 0.756063023, 0, 0, 0, 0, 0, 0, 0, 0.41168999, 0.0823022461, -0.0484225586, -0.524553987, 0.589503013, -0.614132232, 0.269775391, -0.568969727, -0.776733398, -0.807422915, -0.573111518, 0.139450485, 3, 1, 1, 
893.986976, 0.1, 0.1, 0.212713602, 0.10532377, -0.0199650826, 0.405690141, -8.66797906e-006, 0.914010672, 0.914010672, -3.23271923e-006, -0.405690141, 6.47125353e-006, 1, 6.61114305e-006, 0.405690139, -8.87820605e-006, 0.914010674, 0.914010674, -3.44908022e-006, -0.405690139, 6.75429678e-006, 1, 6.71551726e-006, 0, 0, 0, 0, 0, 0, 0, 0.381274976, 0.0365280762, -0.0816202881, -0.464969941, 0.799739765, -0.379562796, -0.81628418, -0.221435547, 0.533325195, 0.342456461, 0.557785797, 0.756063023, 0, 0, 0, 0, 0, 0, 0, 0.41168999, 0.0823022461, -0.0484225586, -0.524553987, 0.589503013, -0.614132232, 0.269775391, -0.568969727, -0.776733398, -0.807422915, -0.573111518, 0.139450485, 3, 1, 1, 
893.987789, 0.1, 0.1, 0.212713602, 0.10532377, -0.0199648689, 0.405690157, 1.00232464e-005, 0.914010665, 0.914010665, 3.95062852e-006, -0.405690157, -7.67724902e-006, 1, -7.55862305e-006, 0.405690153, -8.76470614e-006, 0.914010667, 0.914010667, -3.27770242e-006, -0.405690153, 6.55160996e-006, 1, 6.68130331e-006, 0, 0, 0, 0, 0, 0, 0, 0.381274976, 0.0365280762, -0.0816202881, -0.463243805, 0.800424978, -0.380387672, -0.817382812, -0.219970703, 0.532348633, 0.342430252, 0.557430086, 0.756317262, 0, 0, 0, 0, 0, 0, 0, 0.41168999, 0.0823022461, -0.0484225586, -0.524553987, 0.589503013, -0.614132232, 0.269775391, -0.568969727, -0.776733398, -0.807422915, -0.573111518, 0.139450485, 3, 1, 1, 
893.988595, 0.1, 0.1, 0.212713601, 0.10532377, -0.0199643877, 0.405690174, 9.11264691e-006, 0.914010658, 0.914010658, 3.77160818e-006, -0.405690174, -7.14420138e-006, 1, -6.79895202e-006, 0.40569017, 9.65353525e-006, 0.914010659, 0.914010659, 3.93383995e-006, -0.40569017, -7.51191601e-006, 1, -7.22751392e-006, 0, 0, 0, 0, 0, 0, 0, 0.382032837, 0.0361155273, -0.0814384277, -0.463243805, 0.800424978, -0.380387672, -0.817382812, -0.219970703, 0.532348633, 0.342430252, 0.557430086, 0.756317262, 0, 0, 0, 0, 0, 0, 0, 0.412508398, 0.0819924805, -0.048079834, -0.521813156, 0.591049517, -0.615007929, 0.270385742, -0.569091797, -0.776489258, -0.808975982, -0.571476061, 0.13727182, 3, 1, 1, 
893.989385, 0.1, 0.1, 0.212713601, 0.10532377, -0.0199642889, 0.405690189, -9.04466867e-006, 0.914010651, 0.914010651, -3.43822695e-006, -0.405690189, 6.81190939e-006, 1, 6.87206856e-006, 0.405690186, 7.95731659e-006, 0.914010652, 0.914010652, 2.94041575e-006, -0.405690186, -5.91577656e-006, 1, -6.08017432e-006, 0, 0, 0, 0, 0, 0, 0, 0.382032837, 0.0361155273, -0.0814384277, -0.463243805, 0.800424978, -0.380387672, -0.817382812, -0.219970703, 0.532348633, 0.342430252, 0.557430086, 0.756317262, 0, 0, 0, 0, 0, 0, 0, 0.412508398, 0.0819924805, -0.048079834, -0.521813156, 0.591049517, -0.615007929, 0.270385742, -0.569091797, -0.776489258, -0.808975982, -0.571476061, 0.13727182, 3, 1, 1, 
893.990176, 0.1, 0.1, 0.212713602, 0.10532377, -0.0199645651, 0.4056902, -9.05640372e-006, 0.914010646, 0.914010646, -3.43501856e-006, -0.4056902, 6.81373777e-006, 1, 6.88409605e-006, 0.405690198, -9.26505346e-006, 0.914010647, 0.914010647, -3.49005473e-006, -0.405690198, 6.94868855e-006, 1, 7.05247652e-006, 0, 0, 0, 0, 0, 0, 0, 0.382032837, 0.0361155273, -0.0814384277, -0.463243805, 0.800424978, -0.380387672, -0.817382812, -0.219970703, 0.532348633, 0.342430252, 0.557430086, 0.756317262, 0, 0, 0, 0, 0, 0, 0, 0.412508398, 0.0819924805, -0.048079834, -0.521813156, 0.591049517, -0.615007929, 0.270385742, -0.569091797, -0.776489258, -0.808975982, -0.571476061, 0.13727182, 3, 1, 1, 
893.990985, 0.1, 0.1, 0.212713601, 0.10532377, -0.0199649279, 0.405690209, 7.05886753e-006, 0.914010642, 0.914010642, 2.97207923e-006, -0.405690209, -5.58022549e-006, 1, -5.2461366e-006, 0.405690207, -9.24071584e-006, 0.914010643, 0.914010643, -3.3850463e-006, -0.405690207, 6.84283627e-006, 1, 7.07283249e-006, 0, 0, 0, 0, 0, 0, 0, 0.382032837, 0.0361155273, -0.0814384277, -0.463243805, 0.800424978, -0.380387672, -0.817382812, -0.219970703, 0.532348633, 0.342430252, 0.557430086, 0.756317262, 0, 0, 0, 0, 0, 0, 0, 0.41348877, 0.0814428711, -0.0481184082, -0.520081817, 0.592353219, -0.615270055, 0.270019531, -0.569335938, -0.776367187, -0.810266924, -0.569866124, 0.136262327, 3, 1, 1, 
893.991773, 0.1, 0.1, 0.212713601, 0.10532377, -0.0199654142, 0.405690218, 7.28067639e-006, 0.914010638, 0.914010638, 2.4426446e-006, -0.405690218, -5.18630234e-006, 1, -5.66365865e-006, 0.405690216, 7.5481681e-006, 0.914010639, 0.914010639, 2.55110106e-006, -0.405690216, -5.39395145e-006, 1, -5.86414921e-006, 0, 0, 0, 0, 0, 0, 0, 0.382032837, 0.0361155273, -0.0814384277, -0.463243805, 0.800424978, -0.380387672, -0.817382812, -0.219970703, 0.532348633, 0.342430252, 0.557430086, 0.756317262, 0, 0, 0, 0, 0, 0, 0, 0.41348877, 0.0814428711, -0.0481184082, -0.520081817, 0.592353219, -0.615270055, 0.270019531, -0.569335938, -0.776367187, -0.810266924, -0.569866124, 0.136262327, 3, 1, 1, 
893.992563, 0.1, 0.1, 0.212713602, 0.105323771, -0.0199658771, 0.405690226, -9.0858135e-006, 0.914010635, 0.914010635, -3.52620458e-006, -0.405690226, 6.90901422e-006, 1, 6.87398343e-006, 0.405690224, 6.98768149e-006, 0.914010636, 0.914010636, 2.79199329e-006, -0.405690224, -5.38674563e-006, 1, -5.25413082e-006, 0, 0, 0, 0, 0, 0, 0, 0.382032837, 0.0361155273, -0.0814384277, -0.463243805, 0.800424978, -0.380387672, -0.817382812, -0.219970703, 0.532348633, 0.342430252, 0.557430086, 0.756317262, 0, 0, 0, 0, 0, 0, 0, 0.41348877, 0.0814428711, -0.0481184082, -0.520081817, 0.592353219, -0.615270055, 0.270019531, -0.569335938, -0.776367187, -0.810266924, -0.569866124, 0.136262327, 3, 1, 1, 
893.993366, 0.1, 0.1, 0.212713602, 0.105323771, -0.0199659488, 0.405690234, -7.99651451e-006, 0.914010631, 0.914010631, -3.0553972e-006, -0.405690234, 6.03677337e-006, 1, 6.06935447e-006, 0.405690233, -8.43420404e-006, 0.914010632, 0.914010632, -3.2153781e-006, -0.405690233, 6.36056397e-006, 1, 6.40450468e-006, 0, 0, 0, 0, 0, 0, 0, 0.382538159, 0.0359248779, -0.0816521484, -0.462170681, 0.801091094, -0.380184729, -0.817382812, -0.21875, 0.532836914, 0.343743389, 0.556953808, 0.756037936, 0, 0, 0, 0, 0, 0, 0, 0.41348877, 0.0814428711, -0.0481184082, -0.520081817, 0.592353219, -0.615270055, 0.270019531, -0.569335938, -0.776367187, -0.810266924, -0.569866124, 0.136262327, 3, 1, 1, 
893.994159, 0.1, 0.1, 0.212713601, 0.105323771, -0.0199658412, 0.40569024, 8.70206864e-006, 0.914010629, 0.914010629, 3.30143517e-006, -0.40569024, -6.54789115e-006, 1, -6.6144232e-006, 0.405690239, -7.29064582e-006, 0.914010629, 0.914010629, -2.75712054e-006, -0.405690239, 5.47778132e-006, 1, 5.54519088e-006, 0, 0, 0, 0, 0, 0, 0, 0.382538159, 0.0359248779, -0.0816521484, -0.462170681, 0.801091094, -0.380184729, -0.817382812, -0.21875, 0.532836914, 0.343743389, 0.556953808, 0.756037936, 0, 0, 0, 0, 0, 0, 0, 0.41348877, 0.0814428711, -0.0481184082, -0.520081817, 0.592353219, -0.615270055, 0.270019531, -0.569335938, -0.776367187, -0.810266924, -0.569866124, 0.136262327, 3, 1, 1, 
893.994952, 0.1, 0.1, 0.212713601, 0.10532377, -0.0199656215, 0.405690243, 9.0244983e-006, 0.914010627, 0.914010627, 3.38212512e-006, -0.405690243, -6.75244921e-006, 1, -6.87639219e-006, 0.405690242, 9.27373663e-006, 0.914010628, 0.914010628, 3.6984355e-006, -0.405690242, -7.14267381e-006, 1, -6.97587464e-006, 0, 0, 0, 0, 0, 0, 0, 0.382538159, 0.0359248779, -0.0816521484, -0.462170681, 0.801091094, -0.380184729, -0.817382812, -0.21875, 0.532836914, 0.343743389, 0.556953808, 0.756037936, 0, 0, 0, 0, 0, 0, 0, 0.41348877, 0.0814428711, -0.0481184082, -0.520081817, 0.592353219, -0.615270055, 0.270019531, -0.569335938, -0.776367187, -0.810266924, -0.569866124, 0.136262327, 3, 1, 1, 
893.99577, 0.1, 0.1, 0.212713601, 0.105323771, -0.0199649398, 0.405690248, -9.11132604e-006, 0.914010625, 0.914010625, -3.3054007e-006, -0.405690248, 6.71754748e-006, 1, 6.98687998e-006, 0.405690247, 7.22163146e-006, 0.914010626, 0.914010626, 3.01592044e-006, -0.405690247, -5.68632878e-006, 1, -5.37711838e-006, 0, 0, 0, 0, 0, 0, 0, 0.382930322, 0.0359256104, -0.0820166016, -0.463280875, 0.801135278, -0.37857916, -0.81640625, -0.219726563, 0.533935547, 0.344537186, 0.556452442, 0.756030822, 0, 0, 0, 0, 0, 0, 0, 0.414056201, 0.0818222168, -0.0484652832, -0.522068719, 0.591937608, -0.613813236, 0.270263672, -0.567749023, -0.77746582, -0.8088801, -0.571750947, 0.136415445, 3, 1, 1, 
893.99656, 0.1, 0.1, 0.212713602, 0.105323771, -0.0199644766, 0.405690251, -7.92977304e-006, 0.914010624, 0.914010624, -3.38608087e-006, -0.405690251, 6.31194551e-006, 1, 5.8741968e-006, 0.40569025, -8.33522507e-006, 0.914010624, 0.914010624, -3.66293787e-006, -0.40569025, 6.72948367e-006, 1, 6.13246608e-006, 0, 0, 0, 0, 0, 0, 0, 0.382930322, 0.0359256104, -0.0820166016, -0.463280875, 0.801135278, -0.37857916, -0.81640625, -0.219726563, 0.533935547, 0.344537186, 0.556452442, 0.756030822, 0, 0, 0, 0, 0, 0, 0, 0.414056201, 0.0818222168, -0.0484652832, -0.522068719, 0.591937608, -0.613813236, 0.270263672, -0.567749023, -0.77746582, -0.8088801, -0.571750947, 0.136415445, 3, 1, 1, 
893.997352, 0.1, 0.1, 0.212713601, 0.105323771, -0.0199643557, 0.405690254, 9.01741748e-006, 0.914010622, 0.914010622, 4.0255926e-006, -0.405690254, -7.33771279e-006, 1, -6.60887168e-006, 0.405690254, -7.75741686e-006, 0.914010623, 0.914010623, -2.38445598e-006, -0.405690254, 5.3265265e-006, 1, 6.12301086e-006, 0, 0, 0, 0, 0, 0, 0, 0.382930322, 0.0359256104, -0.0820166016, -0.463280875, 0.801135278, -0.37857916, -0.81640625, -0.219726563, 0.533935547, 0.344537186, 0.556452442, 0.756030822, 0, 0, 0, 0, 0, 0, 0, 0.414056201, 0.0818222168, -0.0484652832, -0.522068719, 0.591937608, -0.613813236, 0.270263672, -0.567749023, -0.77746582, -0.8088801, -0.571750947, 0.136415445, 3, 1, 1, 
893.99814, 0.1, 0.1, 0.2127136, 0.10532377, -0.0199646305, 0.405690256, 9.15159826e-006, 0.914010621, 0.914010621, 2.65484041e-006, -0.405690256, -6.13926657e-006, 1, -7.28761513e-006, 0.405690256, 9.41114157e-006, 0.914010621, 0.914010622, 2.89105342e-006, -0.405690256, -6.46046196e-006, 1, -7.42901115e-006, 0, 0, 0, 0, 0, 0, 0, 0.382930322, 0.0359256104, -0.0820166016, -0.463280875, 0.801135278, -0.37857916, -0.81640625, -0.219726563, 0.533935547, 0.344537186, 0.556452442, 0.756030822, 0, 0, 0, 0, 0, 0, 0, 0.414056201, 0.0818222168, -0.0484652832, -0.522068719, 0.591937608, -0.613813236, 0.270263672, -0.567749023, -0.77746582, -0.8088801, -0.571750947, 0.136415445, 3, 1, 1, 
893.998936, 0.1, 0.1, 0.212713601, 0.105323771, -0.0199651204, 0.405690257, -8.50919785e-006, 0.914010621, 0.914010621, -2.96650515e-006, -0.405690257, 6.16351588e-006, 1, 6.57401498e-006, 0.405690257, 7.93784161e-006, 0.914010621, 0.914010621, 3.09422858e-006, -0.405690257, -6.0484628e-006, 1, -5.99997315e-006, 0, 0, 0, 0, 0, 0, 0, 0.382930322, 0.0359256104, -0.0820166016, -0.463280875, 0.801135278, -0.37857916, -0.81640625, -0.219726563, 0.533935547, 0.344537186, 0.556452442, 0.756030822, 0, 0, 0, 0, 0, 0, 0, 0.414056201, 0.0818222168, -0.0484652832, -0.522068719, 0.591937608, -0.613813236, 0.270263672, -0.567749023, -0.77746582, -0.8088801, -0.571750947, 0.136415445, 3, 1, 1, 
893.99973, 0.1, 0.1, 0.212713601, 0.105323771, -0.0199656093, 0.405690258, -7.72718098e-006, 0.914010621, 0.914010621, -3.11629684e-006, -0.405690258, 5.98317045e-006, 1, 5.79847421e-006, 0.405690258, -8.06547002e-006, 0.914010621, 0.914010621, -3.10947968e-006, -0.405690258, 6.11418006e-006, 1, 6.11043965e-006, 0, 0, 0, 0, 0, 0, 0, 0.382930322, 0.0359256104, -0.0820166016, -0.463280875, 0.801135278, -0.37857916, -0.81640625, -0.219726563, 0.533935547, 0.344537186, 0.556452442, 0.756030822, 0, 0, 0, 0, 0, 0, 0, 0.414056201, 0.0818222168, -0.0484652832, -0.522068719, 0.591937608, -0.613813236, 0.270263672, -0.567749023, -0.77746582, -0.8088801, -0.571750947, 0.136415445, 3, 1, 1, 
894.000547, 0.1, 0.1, 0.2127136, 0.10532377, -0.0199656409, 0.405690258, 9.64096499e-006, 0.91401062, 0.91401062, 3.62093059e-006, -0.405690258, -7.22081459e-006, 1, -7.34296813e-006, 0.405690259, -6.16966732e-006, 0.91401062, 0.91401062, -2.46651835e-006, -0.405690259, 4.7573979e-006, 1, 4.63849899e-006, 0, 0, 0, 0, 0, 0, 0, 0.382883447, 0.0363836914, -0.0823783691, -0.464251406, 0.8014015, -0.3769354, -0.815429687, -0.220825195, 0.534912109, 0.345432455, 0.555792317, 0.756264844, 0, 0, 0, 0, 0, 0, 0, 0.414406982, 0.0819983398, -0.0486020996, -0.523921459, 0.591739281, -0.61262474, 0.270385742, -0.56640625, -0.778442383, -0.807601919, -0.573367447, 0.136785847, 3, 1, 1, 
894.001338, 0.1, 0.1, 0.212713599, 0.10532377, -0.0199655661, 0.405690256, 8.32098143e-006, 0.914010621, 0.914010621, 3.30050346e-006, -0.405690256, -6.39243631e-006, 1, -6.26648331e-006, 0.405690257, 8.88951236e-006, 0.914010621, 0.914010621, 3.37707411e-006, -0.405690257, -6.69307015e-006, 1, -6.75506265e-006, 0, 0, 0, 0, 0, 0, 0, 0.382883447, 0.0363836914, -0.0823783691, -0.464251406, 0.8014015, -0.3769354, -0.815429687, -0.220825195, 0.534912109, 0.345432455, 0.555792317, 0.756264844, 0, 0, 0, 0, 0, 0, 0, 0.414406982, 0.0819983398, -0.0486020996, -0.523921459, 0.591739281, -0.61262474, 0.270385742, -0.56640625, -0.778442383, -0.807601919, -0.573367447, 0.136785847, 3, 1, 1, 
894.00213, 0.1, 0.1, 0.2127136, 0.10532377, -0.0199654428, 0.405690253, -9.36478978e-006, 0.914010623, 0.914010623, -3.50111938e-006, -0.405690253, 6.99926424e-006, 1, 7.13914733e-006, 0.405690253, 7.04412649e-006, 0.914010623, 0.914010623, 2.81143219e-006, -0.405690253, -5.42741235e-006, 1, -5.2978358e-006, 0, 0, 0, 0, 0, 0, 0, 0.382883447, 0.0363836914, -0.0823783691, -0.464251406, 0.8014015, -0.3769354, -0.815429687, -0.220825195, 0.534912109, 0.345432455, 0.555792317, 0.756264844, 0, 0, 0, 0, 0, 0, 0, 0.414406982, 0.0819983398, -0.0486020996, -0.523921459, 0.591739281, -0.61262474, 0.270385742, -0.56640625, -0.778442383, -0.807601919, -0.573367447, 0.136785847, 3, 1, 1, 
894.002922, 0.1, 0.1, 0.2127136, 0.105323771, -0.0199653054, 0.405690247, -9.50284592e-006, 0.914010626, 0.914010626, -3.71163042e-006, -0.405690247, 7.24768154e-006, 1, 7.17992988e-006, 0.405690248, -9.84907559e-006, 0.914010625, 0.914010625, -3.69897657e-006, -0.405690248, 7.37657781e-006, 1, 7.50152102e-006, 0, 0, 0, 0, 0, 0, 0, 0.382883447, 0.0363836914, -0.0823783691, -0.464251406, 0.8014015, -0.3769354, -0.815429687, -0.220825195, 0.534912109, 0.345432455, 0.555792317, 0.756264844, 0, 0, 0, 0, 0, 0, 0, 0.414406982, 0.0819983398, -0.0486020996, -0.523921459, 0.591739281, -0.61262474, 0.270385742, -0.56640625, -0.778442383, -0.807601919, -0.573367447, 0.136785847, 3, 1, 1, 
894.003713, 0.1, 0.1, 0.2127136, 0.105323771, -0.0199652241, 0.405690239, 7.55583085e-006, 0.914010629, 0.914010629, 2.86601721e-006, -0.405690239, -5.68489702e-006, 1, -5.74339451e-006, 0.405690241, -8.95733848e-006, 0.914010628, 0.914010628, -3.50086712e-006, -0.405690241, 6.83373456e-006, 1, 6.76683494e-006, 0, 0, 0, 0, 0, 0, 0, 0.382883447, 0.0363836914, -0.0823783691, -0.464251406, 0.8014015, -0.3769354, -0.815429687, -0.220825195, 0.534912109, 0.345432455, 0.555792317, 0.756264844, 0, 0, 0, 0, 0, 0, 0, 0.414406982, 0.0819983398, -0.0486020996, -0.523921459, 0.591739281, -0.61262474, 0.270385742, -0.56640625, -0.778442383, -0.807601919, -0.573367447, 0.136785847, 3, 1, 1, 
894.0045, 0.1, 0.1, 0.2127136, 0.105323771, -0.0199652518, 0.40569023, 7.48865874e-006, 0.914010633, 0.914010633, 2.96697553e-006, -0.40569023, -5.74992287e-006, 1, -5.64104073e-006, 0.405690232, 7.77120849e-006, 0.914010632, 0.914010632, 2.95051938e-006, -0.405690232, -5.84950946e-006, 1, -5.90597029e-006, 0, 0, 0, 0, 0, 0, 0, 0.382883447, 0.0363836914, -0.0823783691, -0.464251406, 0.8014015, -0.3769354, -0.815429687, -0.220825195, 0.534912109, 0.345432455, 0.555792317, 0.756264844, 0, 0, 0, 0, 0, 0, 0, 0.414406982, 0.0819983398, -0.0486020996, -0.523921459, 0.591739281, -0.61262474, 0.270385742, -0.56640625, -0.778442383, -0.807601919, -0.573367447, 0.136785847, 3, 1, 1, 
894.005319, 0.1, 0.1, 0.212713601, 0.105323771, -0.0199649846, 0.405690219, -9.8572741e-006, 0.914010638, 0.914010638, -3.79104047e-006, -0.405690219, 7.46405101e-006, 1, 7.47166535e-006, 0.405690221, 6.42902015e-006, 0.914010637, 0.914010637, 2.48266371e-006, -0.405690221, -4.87737165e-006, 1, -4.86900041e-006, 0, 0, 0, 0, 0, 0, 0, 0.382778345, 0.03677854, -0.0828172852, -0.466320148, 0.800329498, -0.376726466, -0.814208984, -0.221923828, 0.536376953, 0.345636519, 0.556827249, 0.755243017, 0, 0, 0, 0, 0, 0, 0, 0.414266602, 0.0822963867, -0.0491780762, -0.526540888, 0.590096894, -0.611857684, 0.270141602, -0.56628418, -0.778564453, -0.806036091, -0.575258467, 0.138830351, 3, 1, 1, 
