time, realDorsalTactorPos, realVentralTactorPos, boxPosX, boxPosY, boxPosZ, boxLocalRot_11, boxLocalRot_12, boxLocalRot_13, boxLocalRot_21, boxLocalRot_22, boxLocalRot_23, boxLocalRot_31, boxLocalRot_32, boxLocalRot_33, boxGlobalRot_11, boxGlobalRot_12, boxGlobalRot_13, boxGlobalRot_21, boxGlobalRot_22, boxGlobalRot_23, boxGlobalRot_31, boxGlobalRot_32, boxGlobalRot_33, indexForceX, indexForceY, indexForceZ, indexForceGlobalX, indexForceGlobalY, indexForceGlobalZ, indexContact, indexPosX, indexPosY, indexPosZ, indexRot_11, indexRot_12, indexRot_13, indexRot_21, indexRot_22, indexRot_23, indexRot_31, indexRot_32, indexRot_33, thumbForceX, thumbForceY, thumbForceZ, thumbForceGlobalX, thumbForceGlobalY, thumbForceGlobalZ, thumbContact, thumbPosX, thumbPosY, thumbPosZ, thumbRot_11, thumbRot_12, thumbRot_13, thumbRot_21, thumbRot_22, thumbRot_23, thumbRot_31, thumbRot_32, thumbRot_33, mapping, trialSuccess, 
260.67588, 0.1, 0.1, -0.0116423387, 0.273294296, -0.0199581331, 0.98858977, 9.81874499e-006, 0.150632887, 0.150632887, 4.26763484e-006, -0.98858977, -1.0349557e-005, 1, 2.73991423e-006, 0.988589768, 2.0322696e-005, 0.1506329, 0.1506329, -1.49155149e-007, -0.988589768, -2.00683417e-005, 1, -3.20871989e-006, 0, 0, 0, 0, 0, 0, 0, 0.169055811, -0.0289506592, -0.169258716, 0.0123908878, 0.632429453, -0.774492627, -0.350097656, 0.728271484, 0.589111328, 0.936594625, 0.263811262, 0.23056334, 0, 0, 0, 0, 0, 0, 0, 0.220766455, -0.00813071289, -0.149766602, -0.150733015, 0.155245201, -0.976294391, 0.504394531, -0.837158203, -0.2109375, -0.850124878, -0.524119224, 0.047869887, 3, 1, 
260.689031, 0.1, 0.1, -0.0116428067, 0.273296906, -0.0199385084, 0.988589715, 3.9628258e-005, 0.15063324, 0.150633243, -6.69507396e-005, -0.988589714, -2.90910814e-005, 0.999999997, -7.21561457e-005, 0.988589819, -6.37641604e-006, 0.150632569, 0.150632567, -9.71517006e-005, -0.988589814, 2.09378702e-005, 0.999999995, -9.50826862e-005, 0, 0, 0, 0, 0, 0, 0, 0.169629248, -0.0316799805, -0.169734131, 0.0149729785, 0.631307276, -0.775309268, -0.354370117, 0.728515625, 0.586303711, 0.934949743, 0.26609006, 0.234771217, 0, 0, 0, 0, 0, 0, 0, 0.220560791, -0.0106712891, -0.150654199, -0.150994409, 0.142689064, -0.978095359, 0.510498047, -0.83605957, -0.200805664, -0.84647007, -0.529612179, 0.0533267623, 3, 1, 
260.68989, 0.1, 0.1, -0.0116428348, 0.273297019, -0.0199602146, 0.98858912, -3.80342177e-005, 0.150637151, 0.150637154, 8.66344447e-005, -0.988589116, 2.45498477e-005, 0.999999996, 9.13752357e-005, 0.988589246, -1.83121392e-005, 0.150636328, 0.150636329, 8.90268829e-005, -0.988589242, 4.69250108e-006, 0.999999996, 9.07694925e-005, 0, 0, 0, 0, 0, 0, 0, 0.169629248, -0.0316799805, -0.169734131, 0.0149729785, 0.631307276, -0.775309268, -0.354370117, 0.728515625, 0.586303711, 0.934949743, 0.26609006, 0.234771217, 0, 0, 0, 0, 0, 0, 0, 0.220826025, -0.0110861816, -0.150440723, -0.150994409, 0.142689064, -0.978095359, 0.510498047, -0.83605957, -0.200805664, -0.84647007, -0.529612179, 0.0533267623, 3, 1, 
260.690776, 0.1, 0.1, -0.0116428572, 0.273297138, -0.0199800213, 0.988588477, 4.09029374e-005, 0.150641368, 0.15064137, -6.48809189e-005, -0.988588475, -3.06624222e-005, 0.999999997, -7.03022033e-005, 0.988588599, 1.99036693e-005, 0.150640573, 0.150640573, -3.32055542e-005, -0.988588598, -1.46744368e-005, 0.999999999, -3.58249325e-005, 0, 0, 0, 0, 0, 0, 0, 0.169629248, -0.0316799805, -0.169734131, 0.0149729785, 0.631307276, -0.775309268, -0.354370117, 0.728515625, 0.586303711, 0.934949743, 0.26609006, 0.234771217, 0, 0, 0, 0, 0, 0, 0, 0.220826025, -0.0110861816, -0.150440723, -0.150994409, 0.142689064, -0.978095359, 0.510498047, -0.83605957, -0.200805664, -0.84647007, -0.529612179, 0.0533267623, 3, 1, 
260.691748, 0.1, 0.1, -0.0116428992, 0.273297295, -0.0199909083, 0.98858788, 5.98433535e-005, 0.150645278, 0.150645284, -0.000115264877, -0.988587874, -4.17963042e-005, 0.999999992, -0.000122964579, 0.988587981, 6.59217617e-005, 0.150644611, 0.150644618, -0.000120957821, -0.988587975, -4.6947817e-005, 0.999999991, -0.000129508207, 0, 0, 0, 0, 0, 0, 0, 0.169678076, -0.0326122559, -0.169542139, 0.0159375179, 0.630545679, -0.775956289, -0.354736328, 0.729125977, 0.585205078, 0.934796975, 0.265963501, 0.235368063, 0, 0, 0, 0, 0, 0, 0, 0.220856055, -0.0119419434, -0.150451953, -0.150668483, 0.140043749, -0.978561643, 0.511230469, -0.836181641, -0.198364258, -0.846067586, -0.530135698, 0.0542596956, 3, 1, 
260.692618, 0.1, 0.1, -0.011642925, 0.273297421, -0.0199889293, 0.988587405, -1.28183326e-005, 0.150648404, 0.150648404, -1.25009219e-005, -0.988587405, 1.45552861e-005, 1, -1.04271926e-005, 0.988587493, 2.53617196e-006, 0.150647833, 0.150647833, -4.22263878e-005, -0.988587492, 3.85408593e-006, 0.999999999, -4.21265476e-005, 0, 0, 0, 0, 0, 0, 0, 0.169678076, -0.0326122559, -0.169542139, 0.0159375179, 0.630545679, -0.775956289, -0.354736328, 0.729125977, 0.585205078, 0.934796975, 0.265963501, 0.235368063, 0, 0, 0, 0, 0, 0, 0, 0.220856055, -0.0119419434, -0.150451953, -0.150668483, 0.140043749, -0.978561643, 0.511230469, -0.836181641, -0.198364258, -0.846067586, -0.530135698, 0.0542596956, 3, 1, 
260.69354, 0.1, 0.1, -0.0116429428, 0.273297519, -0.0199764729, 0.988587076, 7.84125752e-007, 0.150650569, 0.150650569, 7.32227941e-005, -0.988587073, -1.18062322e-005, 0.999999997, 7.22689789e-005, 0.988587132, -5.5006672e-006, 0.150650202, 0.150650202, 7.73705151e-005, -0.988587129, -6.21799493e-006, 0.999999997, 7.73161722e-005, 0, 0, 0, 0, 0, 0, 0, 0.169678076, -0.0326122559, -0.169542139, 0.0159375179, 0.630545679, -0.775956289, -0.354736328, 0.729125977, 0.585205078, 0.934796975, 0.265963501, 0.235368063, 0, 0, 0, 0, 0, 0, 0, 0.220856055, -0.0119419434, -0.150451953, -0.150668483, 0.140043749, -0.978561643, 0.511230469, -0.836181641, -0.198364258, -0.846067586, -0.530135698, 0.0542596956, 3, 1, 
260.694425, 0.1, 0.1, -0.0116429633, 0.273297625, -0.019960215, 0.988586808, 3.21596247e-005, 0.150652319, 0.15065232, -4.20361424e-005, -0.988586808, -2.54597383e-005, 0.999999999, -4.6401298e-005, 0.98858687, 5.68196618e-006, 0.150651921, 0.150651921, -3.94175775e-005, -0.988586869, 3.21216612e-007, 0.999999999, -3.98236987e-005, 0, 0, 0, 0, 0, 0, 0, 0.169678076, -0.0326122559, -0.169542139, 0.0159375179, 0.630545679, -0.775956289, -0.354736328, 0.729125977, 0.585205078, 0.934796975, 0.265963501, 0.235368063, 0, 0, 0, 0, 0, 0, 0, 0.220856055, -0.0119419434, -0.150451953, -0.150668483, 0.140043749, -0.978561643, 0.511230469, -0.836181641, -0.198364258, -0.846067586, -0.530135698, 0.0542596956, 3, 1, 
260.695298, 0.1, 0.1, -0.0116429829, 0.273297717, -0.0199465831, 0.988586493, -1.06277235e-005, 0.150654392, 0.150654393, 6.42074977e-005, -0.988586491, 8.3328232e-007, 0.999999998, 6.50757781e-005, 0.988586551, -2.22978369e-005, 0.150654008, 0.150654009, 6.15147094e-005, -0.988586549, 1.27759041e-005, 0.999999998, 6.41718729e-005, 0, 0, 0, 0, 0, 0, 0, 0.169678076, -0.0326122559, -0.169542139, 0.0159375179, 0.630545679, -0.775956289, -0.354736328, 0.729125977, 0.585205078, 0.934796975, 0.265963501, 0.235368063, 0, 0, 0, 0, 0, 0, 0, 0.220856055, -0.0119419434, -0.150451953, -0.150668483, 0.140043749, -0.978561643, 0.511230469, -0.836181641, -0.198364258, -0.846067586, -0.530135698, 0.0542596956, 3, 1, 
260.696255, 0.1, 0.1, -0.0116430052, 0.273297823, -0.0199382803, 0.988586301, -3.34679076e-005, 0.150655645, 0.150655646, -4.51694303e-007, -0.988586302, 3.31539653e-005, 0.999999999, 4.59559043e-006, 0.988586318, -1.79546736e-005, 0.150655539, 0.150655539, -2.66046466e-005, -0.988586318, 2.1757882e-005, 0.999999999, -2.35960186e-005, 0, 0, 0, 0, 0, 0, 0, 0.169477173, -0.0332913818, -0.16977417, 0.0163565082, 0.630412007, -0.776115048, -0.353881836, 0.729614258, 0.585205078, 0.935101389, 0.265119529, 0.235146024, 0, 0, 0, 0, 0, 0, 0, 0.220594727, -0.0127444824, -0.15065127, -0.151301011, 0.138101323, -0.97874028, 0.511352539, -0.836303711, -0.197021484, -0.845888581, -0.530339855, 0.055959318, 3, 1, 
260.697136, 0.1, 0.1, -0.0116430232, 0.273297915, -0.0199393996, 0.988586229, -2.73102713e-005, 0.15065612, 0.15065612, 2.36709105e-005, -0.988586229, 2.34323906e-005, 0.999999999, 2.75151957e-005, 0.988586252, 9.60430364e-006, 0.150655974, 0.150655974, 2.62185893e-005, -0.988586252, -1.34446697e-005, 1, 2.44723912e-005, 0, 0, 0, 0, 0, 0, 0, 0.169477173, -0.0332913818, -0.16977417, 0.0163565082, 0.630412007, -0.776115048, -0.353881836, 0.729614258, 0.585205078, 0.935101389, 0.265119529, 0.235146024, 0, 0, 0, 0, 0, 0, 0, 0.220594727, -0.0127444824, -0.15065127, -0.151301011, 0.138101323, -0.97874028, 0.511352539, -0.836303711, -0.197021484, -0.845888581, -0.530339855, 0.055959318, 3, 1, 
260.698018, 0.1, 0.1, -0.0116430401, 0.273298015, -0.0199486129, 0.988586044, 9.17833612e-006, 0.150657337, 0.150657337, -1.45300265e-005, -0.988586044, -6.88451989e-006, 1, -1.57469651e-005, 0.988586092, 2.34912041e-005, 0.150657023, 0.150657023, -4.09025645e-005, -0.988586091, -1.7060819e-005, 0.999999999, -4.39748213e-005, 0, 0, 0, 0, 0, 0, 0, 0.169477173, -0.0332913818, -0.16977417, 0.0163565082, 0.630412007, -0.776115048, -0.353881836, 0.729614258, 0.585205078, 0.935101389, 0.265119529, 0.235146024, 0, 0, 0, 0, 0, 0, 0, 0.220594727, -0.0127444824, -0.15065127, -0.151301011, 0.138101323, -0.97874028, 0.511352539, -0.836303711, -0.197021484, -0.845888581, -0.530339855, 0.055959318, 3, 1, 
260.698929, 0.1, 0.1, -0.0116430521, 0.273298096, -0.0199610777, 0.988585836, 2.61210403e-005, 0.150658699, 0.150658699, 2.63583809e-005, -0.988585836, -2.97940099e-005, 0.999999999, 2.21221601e-005, 0.988585868, -1.16931839e-005, 0.150658493, 0.150658493, 4.8627693e-005, -0.988585867, 4.23354145e-006, 0.999999999, 4.98343275e-005, 0, 0, 0, 0, 0, 0, 0, 0.169477173, -0.0332913818, -0.16977417, 0.0163565082, 0.630412007, -0.776115048, -0.353881836, 0.729614258, 0.585205078, 0.935101389, 0.265119529, 0.235146024, 0, 0, 0, 0, 0, 0, 0, 0.220594727, -0.0127444824, -0.15065127, -0.151301011, 0.138101323, -0.97874028, 0.511352539, -0.836303711, -0.197021484, -0.845888581, -0.530339855, 0.055959318, 3, 1, 
260.699821, 0.1, 0.1, -0.0116430787, 0.273298193, -0.0199719438, 0.988585774, 4.46372582e-006, 0.150659107, 0.150659107, -5.01154724e-005, -0.988585773, 3.13757648e-006, 0.999999999, -5.0215944e-005, 0.988585779, 3.53799687e-005, 0.150659076, 0.150659078, -5.83583009e-005, -0.988585777, -2.61839261e-005, 0.999999998, -6.30224998e-005, 0, 0, 0, 0, 0, 0, 0, 0.169477173, -0.0332913818, -0.16977417, 0.0163565082, 0.630412007, -0.776115048, -0.353881836, 0.729614258, 0.585205078, 0.935101389, 0.265119529, 0.235146024, 0, 0, 0, 0, 0, 0, 0, 0.220594727, -0.0127444824, -0.15065127, -0.151301011, 0.138101323, -0.97874028, 0.511352539, -0.836303711, -0.197021484, -0.845888581, -0.530339855, 0.055959318, 3, 1, 
260.700776, 0.1, 0.1, -0.0116430897, 0.273298278, -0.0199776779, 0.98858586, 5.28580168e-007, 0.150658547, 0.150658547, 4.37609632e-005, -0.988585859, -7.11551001e-006, 0.999999999, 4.31818344e-005, 0.988585831, -2.09756924e-005, 0.150658735, 0.150658736, 3.97202389e-005, -0.98858583, 1.47520713e-005, 0.999999999, 4.24270367e-005, 0, 0, 0, 0, 0, 0, 0, 0.169477173, -0.0332913818, -0.16977417, 0.0171181048, 0.629954825, -0.776337087, -0.353637695, 0.730102539, 0.584716797, 0.935227948, 0.26457398, 0.235304783, 0, 0, 0, 0, 0, 0, 0, 0.220594727, -0.0127444824, -0.15065127, -0.151301011, 0.138101323, -0.97874028, 0.511352539, -0.836303711, -0.197021484, -0.845888581, -0.530339855, 0.055959318, 3, 1, 
260.701665, 0.1, 0.1, -0.0116431058, 0.27329836, -0.0199758741, 0.988586024, -1.17196295e-005, 0.15065747, 0.150657469, -3.20899751e-005, -0.988586024, 1.64204563e-005, 0.999999999, -2.99580512e-005, 0.98858599, -5.43874648e-006, 0.150657689, 0.150657689, -2.70289657e-005, -0.98858599, 9.44879009e-006, 1, -2.59010679e-005, 0, 0, 0, 0, 0, 0, 0, 0.169516479, -0.034209375, -0.169785034, 0.0171181048, 0.629954825, -0.776337087, -0.353637695, 0.730102539, 0.584716797, 0.935227948, 0.26457398, 0.235304783, 0, 0, 0, 0, 0, 0, 0, 0.220551758, -0.0133254883, -0.150852295, -0.15208046, 0.136171658, -0.978906158, 0.51171875, -0.836425781, -0.195800781, -0.845479534, -0.530665414, 0.0575375388, 3, 1, 
260.702547, 0.1, 0.1, -0.0116431233, 0.273298436, -0.0199690347, 0.988586203, 2.29428743e-005, 0.150656291, 0.15065629, 4.0136347e-005, -0.988586203, -2.87278022e-005, 0.999999999, 3.62217506e-005, 0.988586171, 2.55491479e-005, 0.150656506, 0.150656505, 3.96489179e-005, -0.98858617, -3.12309017e-005, 0.999999999, 3.53472266e-005, 0, 0, 0, 0, 0, 0, 0, 0.169516479, -0.034209375, -0.169785034, 0.0171181048, 0.629954825, -0.776337087, -0.353637695, 0.730102539, 0.584716797, 0.935227948, 0.26457398, 0.235304783, 0, 0, 0, 0, 0, 0, 0, 0.220551758, -0.0133254883, -0.150852295, -0.15208046, 0.136171658, -0.978906158, 0.51171875, -0.836425781, -0.195800781, -0.845479534, -0.530665414, 0.0575375388, 3, 1, 
260.703478, 0.1, 0.1, -0.0116431351, 0.27329852, -0.0199592073, 0.988586361, -5.10917953e-006, 0.150655259, 0.150655259, 5.50919146e-006, -0.988586361, 4.22087653e-006, 1, 6.2160363e-006, 0.988586332, -2.28299368e-005, 0.150655445, 0.150655445, -1.73397245e-005, -0.988586332, 2.51816874e-005, 1, -1.37023604e-005, 0, 0, 0, 0, 0, 0, 0, 0.169516479, -0.034209375, -0.169785034, 0.0171181048, 0.629954825, -0.776337087, -0.353637695, 0.730102539, 0.584716797, 0.935227948, 0.26457398, 0.235304783, 0, 0, 0, 0, 0, 0, 0, 0.220551758, -0.0133254883, -0.150852295, -0.15208046, 0.136171658, -0.978906158, 0.51171875, -0.836425781, -0.195800781, -0.845479534, -0.530665414, 0.0575375388, 3, 1, 
260.704358, 0.1, 0.1, -0.0116431559, 0.273298592, -0.0199513177, 0.988586542, -1.65976721e-005, 0.15065407, 0.15065407, 1.65137677e-005, -0.988586542, 1.3920369e-005, 1, 1.88257954e-005, 0.988586515, 2.03869296e-005, 0.150654245, 0.150654244, 2.10676467e-005, -0.988586515, -2.33281741e-005, 1, 1.77558139e-005, 0, 0, 0, 0, 0, 0, 0, 0.169516479, -0.034209375, -0.169785034, 0.0171181048, 0.629954825, -0.776337087, -0.353637695, 0.730102539, 0.584716797, 0.935227948, 0.26457398, 0.235304783, 0, 0, 0, 0, 0, 0, 0, 0.220551758, -0.0133254883, -0.150852295, -0.15208046, 0.136171658, -0.978906158, 0.51171875, -0.836425781, -0.195800781, -0.845479534, -0.530665414, 0.0575375388, 3, 1, 
260.705269, 0.1, 0.1, -0.0116431711, 0.27329867, -0.0199475907, 0.988586625, 5.27727114e-005, 0.150653518, 0.150653518, 1.82737349e-005, -0.988586626, -5.49233992e-005, 0.999999998, 1.01147753e-005, 0.988586621, 3.99335188e-005, 0.150653548, 0.150653548, -5.8585236e-006, -0.988586622, -3.8595135e-005, 0.999999999, -1.18077843e-005, 0, 0, 0, 0, 0, 0, 0, 0.169516479, -0.034209375, -0.169785034, 0.0171181048, 0.629954825, -0.776337087, -0.353637695, 0.730102539, 0.584716797, 0.935227948, 0.26457398, 0.235304783, 0, 0, 0, 0, 0, 0, 0, 0.220551758, -0.0133254883, -0.150852295, -0.15208046, 0.136171658, -0.978906158, 0.51171875, -0.836425781, -0.195800781, -0.845479534, -0.530665414, 0.0575375388, 3, 1, 
260.706085, 0.1, 0.1, -0.0116431829, 0.273298736, -0.0199494865, 0.988586665, -4.02907462e-005, 0.150653258, 0.150653259, 1.42902251e-005, -0.988586666, 3.76780255e-005, 0.999999999, 2.01970582e-005, 0.988586651, -3.83015688e-005, 0.150653351, 0.150653352, 1.24929127e-005, -0.988586651, 3.59823204e-005, 0.999999999, 1.81205865e-005, 0, 0, 0, 0, 0, 0, 0, 0.169540894, -0.0346572021, -0.169785767, 0.0176003745, 0.629935729, -0.77638127, -0.353759766, 0.730224609, 0.584472656, 0.935151564, 0.264453412, 0.235806149, 0, 0, 0, 0, 0, 0, 0, 0.220533691, -0.0138867188, -0.150838623, -0.152495704, 0.134644476, -0.979008236, 0.512329102, -0.836303711, -0.194824219, -0.845032207, -0.531316898, 0.0585087515, 3, 1, 
260.706866, 0.1, 0.1, -0.0116431978, 0.273298805, -0.0199564578, 0.988586729, 1.31509481e-005, 0.150652843, 0.150652843, -1.34128352e-005, -0.988586729, -1.0980171e-005, 1, -1.52409786e-005, 0.988586718, 3.13352168e-005, 0.150652913, 0.150652914, -3.0413517e-005, -0.988586718, -2.63956942e-005, 0.999999999, -3.47871407e-005, 0, 0, 0, 0, 0, 0, 0, 0.169540894, -0.0346572021, -0.169785767, 0.0176003745, 0.629935729, -0.77638127, -0.353759766, 0.730224609, 0.584472656, 0.935151564, 0.264453412, 0.235806149, 0, 0, 0, 0, 0, 0, 0, 0.220533691, -0.0138867188, -0.150838623, -0.152495704, 0.134644476, -0.979008236, 0.512329102, -0.836303711, -0.194824219, -0.845032207, -0.531316898, 0.0585087515, 3, 1, 
260.707652, 0.1, 0.1, -0.0116432032, 0.273298862, -0.019965722, 0.98858678, -2.32967726e-006, 0.150652511, 0.150652511, 8.23937743e-006, -0.98858678, 1.06180524e-006, 1, 8.49631133e-006, 0.988586769, -2.82226163e-005, 0.150652577, 0.150652578, 2.71232698e-005, -0.988586769, 2.38143146e-005, 0.999999999, 3.10655156e-005, 0, 0, 0, 0, 0, 0, 0, 0.169540894, -0.0346572021, -0.169785767, 0.0176003745, 0.629935729, -0.77638127, -0.353759766, 0.730224609, 0.584472656, 0.935151564, 0.264453412, 0.235806149, 0, 0, 0, 0, 0, 0, 0, 0.220533691, -0.0138867188, -0.150838623, -0.152495704, 0.134644476, -0.979008236, 0.512329102, -0.836303711, -0.194824219, -0.845032207, -0.531316898, 0.0585087515, 3, 1, 
260.708463, 0.1, 0.1, -0.0116432283, 0.273298933, -0.0199739647, 0.98858683, 5.64060994e-005, 0.15065217, 0.150652173, -4.38098843e-005, -0.98858683, -4.91622729e-005, 0.999999997, -5.18075761e-005, 0.988586819, 6.98533721e-005, 0.150652236, 0.150652239, -5.17628548e-005, -0.98858682, -6.12579331e-005, 0.999999996, -6.16956429e-005, 0, 0, 0, 0, 0, 0, 0, 0.169533447, -0.0353290039, -0.169790527, 0.017460711, 0.62987245, -0.776482742, -0.354125977, 0.730102539, 0.584472656, 0.935050093, 0.264834211, 0.235945812, 0, 0, 0, 0, 0, 0, 0, 0.220294092, -0.014457959, -0.150831543, -0.152923708, 0.133008653, -0.979244476, 0.513183594, -0.83605957, -0.193725586, -0.844463479, -0.532102544, 0.0595886061, 3, 1, 
260.709241, 0.1, 0.1, -0.0116432321, 0.273298986, -0.019978503, 0.988586876, -8.18497229e-005, 0.15065186, 0.150651865, 6.10929401e-005, -0.988586876, 7.17117968e-005, 0.999999995, 7.27264921e-005, 0.988586867, -6.49098447e-005, 0.150651922, 0.150651925, 4.63013584e-005, -0.988586868, 5.71936314e-005, 0.999999997, 5.55517079e-005, 0, 0, 0, 0, 0, 0, 0, 0.169533447, -0.0353290039, -0.169790527, 0.017460711, 0.62987245, -0.776482742, -0.354125977, 0.730102539, 0.584472656, 0.935050093, 0.264834211, 0.235945812, 0, 0, 0, 0, 0, 0, 0, 0.220294092, -0.014457959, -0.150831543, -0.152923708, 0.133008653, -0.979244476, 0.513183594, -0.83605957, -0.193725586, -0.844463479, -0.532102544, 0.0595886061, 3, 1, 
260.71003, 0.1, 0.1, -0.0116432273, 0.273299033, -0.0199786006, 0.988586923, -2.86561982e-005, 0.150651569, 0.150651569, 2.04619519e-005, -0.988586923, 2.52465177e-005, 0.999999999, 2.45455192e-005, 0.988586913, -5.83121652e-005, 0.150651625, 0.150651628, 4.21616197e-005, -0.988586913, 5.12949269e-005, 0.999999997, 5.04652481e-005, 0, 0, 0, 0, 0, 0, 0, 0.169533447, -0.0353290039, -0.169790527, 0.017460711, 0.62987245, -0.776482742, -0.354125977, 0.730102539, 0.584472656, 0.935050093, 0.264834211, 0.235945812, 0, 0, 0, 0, 0, 0, 0, 0.220294092, -0.014457959, -0.150831543, -0.152923708, 0.133008653, -0.979244476, 0.513183594, -0.83605957, -0.193725586, -0.844463479, -0.532102544, 0.0595886061, 3, 1, 
260.710811, 0.1, 0.1, -0.0116432463, 0.273299096, -0.0199744325, 0.988586962, 4.67199279e-005, 0.150651308, 0.15065131, -3.55009324e-005, -0.988586962, -4.08384497e-005, 0.999999998, -4.21341772e-005, 0.988586954, 5.35074786e-005, 0.150651356, 0.150651358, -4.0381935e-005, -0.988586954, -4.6813202e-005, 0.999999998, -4.79820285e-005, 0, 0, 0, 0, 0, 0, 0, 0.169533447, -0.0353290039, -0.169790527, 0.017460711, 0.62987245, -0.776482742, -0.354125977, 0.730102539, 0.584472656, 0.935050093, 0.264834211, 0.235945812, 0, 0, 0, 0, 0, 0, 0, 0.220294092, -0.014457959, -0.150831543, -0.152923708, 0.133008653, -0.979244476, 0.513183594, -0.83605957, -0.193725586, -0.844463479, -0.532102544, 0.0595886061, 3, 1, 
260.711592, 0.1, 0.1, -0.0116432513, 0.273299152, -0.0199677977, 0.988586962, -5.99913512e-005, 0.150651299, 0.1506513, 1.46504619e-006, -0.988586964, 5.90859566e-005, 0.999999998, 1.04861006e-005, 0.988586969, -5.4122489e-005, 0.150651257, 0.150651258, 9.90708056e-006, -0.988586971, 5.20122733e-005, 0.999999998, 1.79476318e-005, 0, 0, 0, 0, 0, 0, 0, 0.169533447, -0.0353290039, -0.169790527, 0.017460711, 0.62987245, -0.776482742, -0.354125977, 0.730102539, 0.584472656, 0.935050093, 0.264834211, 0.235945812, 0, 0, 0, 0, 0, 0, 0, 0.220294092, -0.014457959, -0.150831543, -0.152923708, 0.133008653, -0.979244476, 0.513183594, -0.83605957, -0.193725586, -0.844463479, -0.532102544, 0.0595886061, 3, 1, 
260.712368, 0.1, 0.1, -0.0116432621, 0.273299207, -0.0199611675, 0.988586893, 6.30793015e-005, 0.150651756, 0.150651754, 2.93140578e-005, -0.988586895, -6.67755851e-005, 0.999999998, 1.94764858e-005, 0.988586909, 3.75660012e-005, 0.150651657, 0.150651656, 1.91120698e-005, -0.98858691, -4.0016522e-005, 0.999999999, 1.32345617e-005, 0, 0, 0, 0, 0, 0, 0, 0.169533447, -0.0353290039, -0.169790527, 0.017460711, 0.62987245, -0.776482742, -0.354125977, 0.730102539, 0.584472656, 0.935050093, 0.264834211, 0.235945812, 0, 0, 0, 0, 0, 0, 0, 0.220294092, -0.014457959, -0.150831543, -0.152923708, 0.133008653, -0.979244476, 0.513183594, -0.83605957, -0.193725586, -0.844463479, -0.532102544, 0.0595886061, 3, 1, 
260.713176, 0.1, 0.1, -0.0116432803, 0.273299262, -0.0199561687, 0.988586873, -4.0944417e-005, 0.150651894, 0.150651894, 1.15479465e-005, -0.988586874, 3.87373931e-005, 0.999999999, 1.75845023e-005, 0.988586869, 1.23655676e-005, 0.150651925, 0.150651925, -5.03231969e-006, -0.988586869, -1.14663091e-005, 1, -6.83778173e-006, 0, 0, 0, 0, 0, 0, 0, 0.169523315, -0.0355563965, -0.16956936, 0.0172828556, 0.629745891, -0.776546021, -0.354980469, 0.729858398, 0.584106445, 0.934707486, 0.265595807, 0.236326611, 0, 0, 0, 0, 0, 0, 0, 0.220276025, -0.0150274902, -0.150816162, -0.153338952, 0.13136007, -0.979359315, 0.513793945, -0.8359375, -0.192626953, -0.844016152, -0.532766788, 0.0606812205, 3, 1, 
260.713954, 0.1, 0.1, -0.0116432759, 0.273299316, -0.0199548752, 0.988586844, -2.29389292e-005, 0.150652086, 0.150652086, -4.92544107e-007, -0.988586844, 2.27513264e-005, 1, 2.96887491e-006, 0.988586856, -5.75594229e-005, 0.150651999, 0.150651998, -1.5899182e-005, -0.988586858, 5.92977326e-005, 0.999999998, -7.04628027e-006, 0, 0, 0, 0, 0, 0, 0, 0.169523315, -0.0355563965, -0.16956936, 0.0172828556, 0.629745891, -0.776546021, -0.354980469, 0.729858398, 0.584106445, 0.934707486, 0.265595807, 0.236326611, 0, 0, 0, 0, 0, 0, 0, 0.220276025, -0.0150274902, -0.150816162, -0.153338952, 0.13136007, -0.979359315, 0.513793945, -0.8359375, -0.192626953, -0.844016152, -0.532766788, 0.0606812205, 3, 1, 
260.714729, 0.1, 0.1, -0.0116432992, 0.273299369, -0.0199573845, 0.988586809, 6.08699018e-005, 0.150652305, 0.150652306, -1.45646937e-005, -0.988586811, -5.79809774e-005, 0.999999998, -2.35686552e-005, 0.98858681, 7.79099387e-005, 0.150652293, 0.150652294, -7.32598977e-006, -0.988586813, -7.59170608e-005, 0.999999997, -1.89796879e-005, 0, 0, 0, 0, 0, 0, 0, 0.169523315, -0.0355563965, -0.16956936, 0.0172828556, 0.629745891, -0.776546021, -0.354980469, 0.729858398, 0.584106445, 0.934707486, 0.265595807, 0.236326611, 0, 0, 0, 0, 0, 0, 0, 0.220276025, -0.0150274902, -0.150816162, -0.153338952, 0.13136007, -0.979359315, 0.513793945, -0.8359375, -0.192626953, -0.844016152, -0.532766788, 0.0606812205, 3, 1, 
260.715517, 0.1, 0.1, -0.0116433004, 0.273299422, -0.0199625506, 0.988586816, -6.62015199e-005, 0.150652257, 0.150652257, -1.00565534e-005, -0.988586818, 6.69609924e-005, 0.999999998, 3.16323348e-008, 0.988586819, -6.94407325e-005, 0.150652238, 0.150652239, 5.66821728e-006, -0.988586821, 6.77942634e-005, 0.999999998, 1.60649267e-005, 0, 0, 0, 0, 0, 0, 0, 0.169523315, -0.0355563965, -0.16956936, 0.0172828556, 0.629745891, -0.776546021, -0.354980469, 0.729858398, 0.584106445, 0.934707486, 0.265595807, 0.236326611, 0, 0, 0, 0, 0, 0, 0, 0.220276025, -0.0150274902, -0.150816162, -0.153338952, 0.13136007, -0.979359315, 0.513793945, -0.8359375, -0.192626953, -0.844016152, -0.532766788, 0.0606812205, 3, 1, 
260.7163, 0.1, 0.1, -0.0116433119, 0.273299482, -0.0199684262, 0.988586732, 4.97768742e-005, 0.150652813, 0.150652814, -3.35388196e-006, -0.988586734, -4.87034857e-005, 0.999999999, -1.08146293e-005, 0.988586761, 4.15680336e-005, 0.15065263, 0.150652631, -2.60504006e-005, -0.988586761, -3.71690463e-005, 0.999999999, -3.20154148e-005, 0, 0, 0, 0, 0, 0, 0, 0.169523315, -0.0355563965, -0.16956936, 0.0172828556, 0.629745891, -0.776546021, -0.354980469, 0.729858398, 0.584106445, 0.934707486, 0.265595807, 0.236326611, 0, 0, 0, 0, 0, 0, 0, 0.220276025, -0.0150274902, -0.150816162, -0.153338952, 0.13136007, -0.979359315, 0.513793945, -0.8359375, -0.192626953, -0.844016152, -0.532766788, 0.0606812205, 3, 1, 
260.717077, 0.1, 0.1, -0.0116433227, 0.273299525, -0.0199730751, 0.988586533, -3.52283695e-005, 0.150654123, 0.150654124, 2.41100849e-005, -0.988586534, 3.1194008e-005, 0.999999999, 2.91422044e-005, 0.988586582, -1.880917e-005, 0.15065381, 0.150653811, 4.03151216e-005, -0.988586581, 1.25208664e-005, 0.999999999, 4.26886613e-005, 0, 0, 0, 0, 0, 0, 0, 0.169523315, -0.0355563965, -0.16956936, 0.0172828556, 0.629745891, -0.776546021, -0.354980469, 0.729858398, 0.584106445, 0.934707486, 0.265595807, 0.236326611, 0, 0, 0, 0, 0, 0, 0, 0.220276025, -0.0150274902, -0.150816162, -0.153338952, 0.13136007, -0.979359315, 0.513793945, -0.8359375, -0.192626953, -0.844016152, -0.532766788, 0.0606812205, 3, 1, 
260.717881, 0.1, 0.1, -0.0116433298, 0.273299586, -0.0199749748, 0.988586235, 3.04076887e-005, 0.150656085, 0.150656086, -4.68705284e-005, -0.988586234, -2.29992922e-005, 0.999999998, -5.09166626e-005, 0.988586298, 4.67699078e-006, 0.150655673, 0.150655673, -5.23330862e-005, -0.988586296, 3.26066734e-006, 0.999999999, -5.24403871e-005, 0, 0, 0, 0, 0, 0, 0, 0.169532837, -0.036232959, -0.169570093, 0.0174857984, 0.62958114, -0.776590205, -0.35559082, 0.729858398, 0.583740234, 0.934428159, 0.266116269, 0.236827976, 0, 0, 0, 0, 0, 0, 0, 0.220267969, -0.0153588867, -0.150805908, -0.153645554, 0.12996705, -0.979435874, 0.514648438, -0.835571289, -0.19152832, -0.843434663, -0.533526913, 0.0614096301, 3, 1, 
260.71866, 0.1, 0.1, -0.0116433463, 0.273299635, -0.0199736266, 0.988585873, 3.01302148e-006, 0.150658458, 0.150658458, 3.07500535e-005, -0.988585873, -7.61138611e-006, 1, 2.99451314e-005, 0.988585951, 2.61922145e-005, 0.150657949, 0.150657949, 2.72147714e-005, -0.988585951, -2.99933769e-005, 0.999999999, 2.29580753e-005, 0, 0, 0, 0, 0, 0, 0, 0.169532837, -0.036232959, -0.169570093, 0.0174857984, 0.62958114, -0.776590205, -0.35559082, 0.729858398, 0.583740234, 0.934428159, 0.266116269, 0.236827976, 0, 0, 0, 0, 0, 0, 0, 0.220267969, -0.0153588867, -0.150805908, -0.153645554, 0.12996705, -0.979435874, 0.514648438, -0.835571289, -0.19152832, -0.843434663, -0.533526913, 0.0614096301, 3, 1, 
260.719437, 0.1, 0.1, -0.0116433468, 0.273299687, -0.0199699457, 0.98858545, -2.96943209e-005, 0.150661234, 0.150661234, -2.55529517e-005, -0.98858545, 3.32052128e-005, 0.999999999, -2.07874932e-005, 0.988585535, -4.41615339e-005, 0.150660674, 0.150660673, -2.7064952e-005, -0.988585535, 4.77350775e-005, 0.999999999, -2.01026136e-005, 0, 0, 0, 0, 0, 0, 0, 0.169532837, -0.036232959, -0.169570093, 0.0174857984, 0.62958114, -0.776590205, -0.35559082, 0.729858398, 0.583740234, 0.934428159, 0.266116269, 0.236827976, 0, 0, 0, 0, 0, 0, 0, 0.220267969, -0.0153588867, -0.150805908, -0.153645554, 0.12996705, -0.979435874, 0.514648438, -0.835571289, -0.19152832, -0.843434663, -0.533526913, 0.0614096301, 3, 1, 
260.720231, 0.1, 0.1, -0.0116433638, 0.273299734, -0.0199651598, 0.988585031, 5.17832898e-005, 0.150663978, 0.150663978, 9.56504888e-006, -0.988585032, -5.26332935e-005, 0.999999999, 1.6539877e-006, 0.988585112, 5.52891466e-005, 0.150663444, 0.150663443, 2.55622074e-005, -0.988585113, -5.85093175e-005, 0.999999998, 1.69403645e-005, 0, 0, 0, 0, 0, 0, 0, 0.169532837, -0.036232959, -0.169570093, 0.0174857984, 0.62958114, -0.776590205, -0.35559082, 0.729858398, 0.583740234, 0.934428159, 0.266116269, 0.236827976, 0, 0, 0, 0, 0, 0, 0, 0.220267969, -0.0153588867, -0.150805908, -0.153926637, 0.128912715, -0.979633834, 0.515136719, -0.835449219, -0.190795898, -0.843095978, -0.534005957, 0.0621252799, 3, 1, 
260.721034, 0.1, 0.1, -0.0116433669, 0.273299789, -0.0199608449, 0.988584749, -7.75845049e-005, 0.150665817, 0.150665817, 7.36693069e-007, -0.988584752, 7.65878641e-005, 0.999999997, 1.24176164e-005, 0.988584792, -6.24230247e-005, 0.150665543, 0.150665541, -2.73917168e-005, -0.988584794, 6.58374409e-005, 0.999999998, -1.76740358e-005, 0, 0, 0, 0, 0, 0, 0, 0.169532837, -0.036232959, -0.169570093, 0.0174857984, 0.62958114, -0.776590205, -0.35559082, 0.729858398, 0.583740234, 0.934428159, 0.266116269, 0.236827976, 0, 0, 0, 0, 0, 0, 0, 0.220256494, -0.0158852051, -0.151027197, -0.153926637, 0.128912715, -0.979633834, 0.515136719, -0.835449219, -0.190795898, -0.843095978, -0.534005957, 0.0621252799, 3, 1, 
260.722279, 0.1, 0.1, -0.0116433835, 0.273299869, -0.0199511873, 0.988584609, 6.09085865e-005, 0.150666744, 0.150666748, -6.32733447e-005, -0.988584608, -5.06801022e-005, 0.999999996, -7.17279534e-005, 0.988584613, 5.98120894e-005, 0.150666716, 0.150666719, -4.18391726e-005, -0.988584614, -5.28255405e-005, 0.999999997, -5.03732535e-005, 0, 0, 0, 0, 0, 0, 0, 0.169532837, -0.036232959, -0.169570093, 0.0174857984, 0.62958114, -0.776590205, -0.35559082, 0.729858398, 0.583740234, 0.934428159, 0.266116269, 0.236827976, 0, 0, 0, 0, 0, 0, 0, 0.220256494, -0.0158852051, -0.151027197, -0.153926637, 0.128912715, -0.979633834, 0.515136719, -0.835449219, -0.190795898, -0.843095978, -0.534005957, 0.0621252799, 3, 1, 
260.723553, 0.1, 0.1, -0.0116433872, 0.273299938, -0.0199390791, 0.988584735, -1.30994646e-005, 0.150665928, 0.150665929, 7.93163168e-005, -0.988584732, 9.99664164e-007, 0.999999997, 8.0384543e-005, 0.988584684, -5.87675193e-005, 0.150666251, 0.150666256, 7.75459603e-005, -0.988584682, 4.64131102e-005, 0.999999995, 8.55150307e-005, 0, 0, 0, 0, 0, 0, 0, 0.169526733, -0.0366719971, -0.169570093, 0.017365231, 0.629720803, -0.776590205, -0.355712891, 0.729736328, 0.583862305, 0.934447255, 0.26621774, 0.236827976, 0, 0, 0, 0, 0, 0, 0, 0.220256494, -0.0158852051, -0.151027197, -0.153926637, 0.128912715, -0.979633834, 0.515136719, -0.835449219, -0.190795898, -0.843095978, -0.534005957, 0.0621252799, 3, 1, 
260.724801, 0.1, 0.1, -0.0116434246, 0.27330002, -0.019931844, 0.988585177, -2.33741879e-005, 0.150663023, 0.150663023, -2.58769307e-005, -0.988585177, 2.70060724e-005, 0.999999999, -2.20599243e-005, 0.988585068, 6.43862753e-005, 0.15066373, 0.150663733, -5.73031348e-005, -0.988585068, -5.50178063e-005, 0.999999996, -6.63497e-005, 0, 0, 0, 0, 0, 0, 0, 0.169526733, -0.0366719971, -0.169570093, 0.017365231, 0.629720803, -0.776590205, -0.355712891, 0.729736328, 0.583862305, 0.934447255, 0.26621774, 0.236827976, 0, 0, 0, 0, 0, 0, 0, 0.220256494, -0.0158852051, -0.151027197, -0.153926637, 0.128912715, -0.979633834, 0.515136719, -0.835449219, -0.190795898, -0.843095978, -0.534005957, 0.0621252799, 3, 1, 
260.726169, 0.1, 0.1, -0.0116434336, 0.273300077, -0.0199300115, 0.988586027, 9.61384487e-005, 0.150657418, 0.150657421, -2.61182014e-005, -0.988586031, -9.11062267e-005, 0.999999995, -4.03040597e-005, 0.98858584, 5.05466083e-005, 0.150658668, 0.150658665, 5.66920824e-005, -0.98858584, -5.85108149e-005, 0.999999997, 4.84297054e-005, 0, 0, 0, 0, 0, 0, 0, 0.169531494, -0.0371232422, -0.169567407, 0.0174667024, 0.629619332, -0.776552013, -0.356079102, 0.729736328, 0.583740234, 0.934307592, 0.266357404, 0.237069111, 0, 0, 0, 0, 0, 0, 0, 0.220238428, -0.0164149414, -0.151016943, -0.154341881, 0.127883899, -0.979710393, 0.515869141, -0.835205078, -0.190307617, -0.842648651, -0.534727803, 0.0628536894, 3, 1, 
260.72745, 0.1, 0.1, -0.0116434412, 0.273300161, -0.0199352768, 0.988587102, -9.21117354e-005, 0.150650366, 0.150650371, 5.09488076e-005, -0.988587104, 8.33850172e-005, 0.999999994, 6.42440012e-005, 0.988586872, -8.96368724e-005, 0.150651875, 0.150651877, 1.59752925e-005, -0.988586876, 8.62071279e-005, 0.999999996, 2.92969276e-005, 0, 0, 0, 0, 0, 0, 0, 0.169531494, -0.0371232422, -0.169567407, 0.0174667024, 0.629619332, -0.776552013, -0.356079102, 0.729736328, 0.583740234, 0.934307592, 0.266357404, 0.237069111, 0, 0, 0, 0, 0, 0, 0, 0.220238428, -0.0164149414, -0.151016943, -0.154341881, 0.127883899, -0.979710393, 0.515869141, -0.835205078, -0.190307617, -0.842648651, -0.534727803, 0.0628536894, 3, 1, 
260.728697, 0.1, 0.1, -0.0116434637, 0.273300236, -0.0199447886, 0.988588338, 3.64914033e-005, 0.150642278, 0.15064228, -6.39740223e-005, -0.988588337, -2.64377833e-005, 0.999999997, -6.87411206e-005, 0.988588082, 6.80571032e-005, 0.150643948, 0.150643952, -6.20753219e-005, -0.988588082, -5.79291696e-005, 0.999999996, -7.16193144e-005, 0, 0, 0, 0, 0, 0, 0, 0.169531494, -0.0371232422, -0.169567407, 0.0174667024, 0.629619332, -0.776552013, -0.356079102, 0.729736328, 0.583740234, 0.934307592, 0.266357404, 0.237069111, 0, 0, 0, 0, 0, 0, 0, 0.220238428, -0.0164149414, -0.151016943, -0.154341881, 0.127883899, -0.979710393, 0.515869141, -0.835205078, -0.190307617, -0.842648651, -0.534727803, 0.0628536894, 3, 1, 
260.730006, 0.1, 0.1, -0.0116434654, 0.273300299, -0.0199534327, 0.988589729, 2.81603354e-005, 0.150633156, 0.150633155, 3.41191352e-005, -0.988589729, -3.29784913e-005, 0.999999999, 2.94879464e-005, 0.988589434, -3.2693401e-005, 0.150635092, 0.150635093, 5.49890034e-005, -0.988589432, 2.40370771e-005, 0.999999998, 5.92863213e-005, 0, 0, 0, 0, 0, 0, 0, 0.169511841, -0.037570459, -0.169798096, 0.0170859042, 0.629575149, -0.776691676, -0.356323242, 0.729614258, 0.583740234, 0.934244313, 0.26685877, 0.23696764, 0, 0, 0, 0, 0, 0, 0, 0.220238428, -0.0164149414, -0.151016943, -0.154782645, 0.126867844, -0.97966555, 0.516723633, -0.834716797, -0.189697266, -0.841958521, -0.535571051, 0.0635948589, 3, 1, 
260.731294, 0.1, 0.1, -0.011643481, 0.273300375, -0.0199556548, 0.988591186, -6.63827445e-005, 0.15062358, 0.150623582, 3.16549264e-005, -0.988591187, 6.08574179e-005, 0.999999997, 4.1292588e-005, 0.988590879, -3.3514649e-005, 0.150625603, 0.150625603, -1.73036934e-005, -0.98859088, 3.57386556e-005, 0.999999999, -1.20581093e-005, 0, 0, 0, 0, 0, 0, 0, 0.169511841, -0.037570459, -0.169798096, 0.0170859042, 0.629575149, -0.776691676, -0.356323242, 0.729614258, 0.583740234, 0.934244313, 0.26685877, 0.23696764, 0, 0, 0, 0, 0, 0, 0, 0.220223779, -0.0167231445, -0.150998389, -0.154782645, 0.126867844, -0.97966555, 0.516723633, -0.834716797, -0.189697266, -0.841958521, -0.535571051, 0.0635948589, 3, 1, 
260.732602, 0.1, 0.1, -0.0116434953, 0.273300441, -0.0199509336, 0.9885927, 4.93441912e-005, 0.15061365, 0.150613652, -5.66633946e-005, -0.988592699, -4.02470265e-005, 0.999999997, -6.34489271e-005, 0.988592391, 5.37269344e-005, 0.150615677, 0.150615679, -2.72997608e-005, -0.988592392, -4.90022666e-005, 0.999999998, -3.50804545e-005, 0, 0, 0, 0, 0, 0, 0, 0.169511841, -0.037570459, -0.169798096, 0.0170859042, 0.629575149, -0.776691676, -0.356323242, 0.729614258, 0.583740234, 0.934244313, 0.26685877, 0.23696764, 0, 0, 0, 0, 0, 0, 0, 0.220223779, -0.0167231445, -0.150998389, -0.154782645, 0.126867844, -0.97966555, 0.516723633, -0.834716797, -0.189697266, -0.841958521, -0.535571051, 0.0635948589, 3, 1, 
260.733853, 0.1, 0.1, -0.0116434898, 0.273300503, -0.0199436446, 0.988594205, -4.10480284e-005, 0.150603775, 0.150603777, 5.65684402e-005, -0.988594203, 3.20604223e-005, 0.999999998, 6.21052202e-005, 0.988593898, -8.24485938e-005, 0.150605769, 0.150605774, 5.44884962e-005, -0.988593899, 7.3301895e-005, 0.999999995, 6.62842292e-005, 0, 0, 0, 0, 0, 0, 0, 0.169511841, -0.037570459, -0.169798096, 0.0170859042, 0.629575149, -0.776691676, -0.356323242, 0.729614258, 0.583740234, 0.934244313, 0.26685877, 0.23696764, 0, 0, 0, 0, 0, 0, 0, 0.220223779, -0.0167231445, -0.150998389, -0.154782645, 0.126867844, -0.97966555, 0.516723633, -0.834716797, -0.189697266, -0.841958521, -0.535571051, 0.0635948589, 3, 1, 
260.735158, 0.1, 0.1, -0.0116435162, 0.273300583, -0.0199371933, 0.988595869, -4.00989314e-005, 0.150592849, 0.150592847, -3.13532278e-005, -0.98859587, 4.43632099e-005, 0.999999999, -2.49570593e-005, 0.988595552, 3.54164141e-005, 0.150594933, 0.150594935, -6.52547548e-005, -0.98859555, -2.5185474e-005, 0.999999997, -6.98440929e-005, 0, 0, 0, 0, 0, 0, 0, 0.169490845, -0.0380190186, -0.169799438, 0.0166860099, 0.629511869, -0.776710772, -0.356567383, 0.729492187, 0.583618164, 0.934060466, 0.267239568, 0.236847072, 0, 0, 0, 0, 0, 0, 0, 0.219967578, -0.0170047363, -0.151209668, -0.155453452, 0.126203233, -0.979754869, 0.517333984, -0.834350586, -0.189575195, -0.841415312, -0.536254618, 0.06444467, 3, 1, 
260.736417, 0.1, 0.1, -0.0116435251, 0.273300631, -0.0199351935, 0.988597589, 9.63046417e-005, 0.150581534, 0.150581537, -2.00363563e-005, -0.988597593, -9.21894317e-005, 0.999999995, -3.43095944e-005, 0.988597225, 5.04320067e-005, 0.150583946, 0.150583944, 5.0532122e-005, -0.988597225, -5.74662682e-005, 0.999999997, 4.23616651e-005, 0, 0, 0, 0, 0, 0, 0, 0.169490845, -0.0380190186, -0.169799438, 0.0166860099, 0.629511869, -0.776710772, -0.356567383, 0.729492187, 0.583618164, 0.934060466, 0.267239568, 0.236847072, 0, 0, 0, 0, 0, 0, 0, 0.219967578, -0.0170047363, -0.151209668, -0.155453452, 0.126203233, -0.979754869, 0.517333984, -0.834350586, -0.189575195, -0.841415312, -0.536254618, 0.06444467, 3, 1, 
260.737789, 0.1, 0.1, -0.0116435301, 0.273300703, -0.0199367665, 0.988599596, -9.5558828e-005, 0.150568356, 0.150568363, 7.15468095e-005, -0.988599597, 8.36967334e-005, 0.999999993, 8.51192832e-005, 0.988599205, -9.65010787e-005, 0.15057092, 0.150570925, 3.72401644e-005, -0.988599209, 8.97936042e-005, 0.999999995, 5.13458536e-005, 0, 0, 0, 0, 0, 0, 0, 0.169452881, -0.0382233398, -0.169783813, 0.0159435093, 0.629848484, -0.776387262, -0.356811523, 0.729003906, 0.584106445, 0.934054474, 0.267804213, 0.23654865, 0, 0, 0, 0, 0, 0, 0, 0.219913135, -0.0172782715, -0.151406055, -0.156513983, 0.125845225, -0.979588625, 0.518310547, -0.833740234, -0.189941406, -0.84066758, -0.537519673, 0.0651985993, 3, 1, 
260.739053, 0.1, 0.1, -0.0116435508, 0.273300769, -0.0199410679, 0.988601513, 3.40434251e-005, 0.150555794, 0.150555797, -7.6239578e-005, -0.98860151, -2.21770712e-005, 0.999999997, -8.04959971e-005, 0.988601131, 6.84195487e-005, 0.150558294, 0.150558299, -7.00236454e-005, -0.98860113, -5.70970026e-005, 0.999999995, -7.95265859e-005, 0, 0, 0, 0, 0, 0, 0, 0.169452881, -0.0382233398, -0.169783813, 0.0159435093, 0.629848484, -0.776387262, -0.356811523, 0.729003906, 0.584106445, 0.934054474, 0.267804213, 0.23654865, 0, 0, 0, 0, 0, 0, 0, 0.219913135, -0.0172782715, -0.151406055, -0.156513983, 0.125845225, -0.979588625, 0.518310547, -0.833740234, -0.189941406, -0.84066758, -0.537519673, 0.0651985993, 3, 1, 
260.740309, 0.1, 0.1, -0.0116435486, 0.273300825, -0.0199470119, 0.988603454, 2.9839149e-005, 0.150543047, 0.150543046, 2.06626947e-005, -0.988603455, -3.26097108e-005, 0.999999999, 1.5935135e-005, 0.98860307, -3.70784289e-005, 0.150545568, 0.150545569, 4.24370136e-005, -0.98860307, 3.02671444e-005, 0.999999998, 4.75353551e-005, 0, 0, 0, 0, 0, 0, 0, 0.169452881, -0.0382233398, -0.169783813, 0.0159435093, 0.629848484, -0.776387262, -0.356811523, 0.729003906, 0.584106445, 0.934054474, 0.267804213, 0.23654865, 0, 0, 0, 0, 0, 0, 0, 0.219913135, -0.0172782715, -0.151406055, -0.156513983, 0.125845225, -0.979588625, 0.518310547, -0.833740234, -0.189941406, -0.84066758, -0.537519673, 0.0651985993, 3, 1, 
