time, realDorsalTactorPos, realVentralTactorPos, boxPosX, boxPosY, boxPosZ, boxLocalRot_11, boxLocalRot_12, boxLocalRot_13, boxLocalRot_21, boxLocalRot_22, boxLocalRot_23, boxLocalRot_31, boxLocalRot_32, boxLocalRot_33, boxGlobalRot_11, boxGlobalRot_12, boxGlobalRot_13, boxGlobalRot_21, boxGlobalRot_22, boxGlobalRot_23, boxGlobalRot_31, boxGlobalRot_32, boxGlobalRot_33, indexForceX, indexForceY, indexForceZ, indexForceGlobalX, indexForceGlobalY, indexForceGlobalZ, indexContact, indexPosX, indexPosY, indexPosZ, indexRot_11, indexRot_12, indexRot_13, indexRot_21, indexRot_22, indexRot_23, indexRot_31, indexRot_32, indexRot_33, thumbForceX, thumbForceY, thumbForceZ, thumbForceGlobalX, thumbForceGlobalY, thumbForceGlobalZ, thumbContact, thumbPosX, thumbPosY, thumbPosZ, thumbRot_11, thumbRot_12, thumbRot_13, thumbRot_21, thumbRot_22, thumbRot_23, thumbRot_31, thumbRot_32, thumbRot_33, mapping, trialSuccess, 
273.32073, 0.1, 0.1, -0.0391142995, 0.156185876, -0.0199698038, 0.849280182, -0.527942394, -3.18017262e-005, 0.527942395, 0.84928018, 6.14044643e-005, -5.40944409e-006, -6.89390742e-005, 0.999999998, 0.849280197, -0.52794237, -3.92604951e-005, 0.527942371, 0.849280194, 7.29906531e-005, -5.19169749e-006, -8.27167951e-005, 0.999999997, 0, 0, 0, 0, 0, 0, 0, 0.0815385986, 0.00304814453, -0.138631738, -0.10836714, 0.721542674, -0.683713108, -0.15612793, 0.666870117, 0.728637695, 0.981798716, 0.185800084, 0.040561138, 0, 0, 0, 0, 0, 0, 0, 0.142390283, 0.0207465332, -0.134332031, -0.3045649, 0.246304134, -0.919969774, 0.346435547, -0.87109375, -0.347900391, -0.887159521, -0.42470088, 0.179969349, 3, 1, 
273.327258, 0.1, 0.1, -0.0391142871, 0.156185895, -0.0199756612, 0.84927621, -0.527948779, -7.75549133e-005, 0.527948783, 0.849276209, 5.25223727e-005, 3.81364202e-005, -8.55510238e-005, 0.999999996, 0.849276335, -0.527948578, -7.52017897e-005, 0.527948583, 0.849276332, 7.7885529e-005, 2.27475457e-005, -0.000105849015, 0.999999994, 0, 0, 0, 0, 0, 0, 0, 0.0820047363, 0.00157111816, -0.138563647, -0.107986341, 0.718877086, -0.686696215, -0.155639648, 0.669921875, 0.725952148, 0.981861995, 0.185357128, 0.0396741044, 0, 0, 0, 0, 0, 0, 0, 0.143039404, 0.0195093262, -0.134073779, -0.301676781, 0.241722589, -0.922231928, 0.350463867, -0.871337891, -0.343139648, -0.886610482, -0.426655333, 0.178135931, 3, 1, 
273.328141, 0.1, 0.1, -0.039114288, 0.156185902, -0.0199698793, 0.849275198, -0.527950407, 6.77573857e-005, 0.527950411, 0.849275195, -7.56615066e-005, -1.75991438e-005, 0.000100029981, 0.999999995, 0.849275442, -0.527950019, 4.33864225e-005, 0.527950021, 0.849275439, -6.32933226e-005, -3.43131217e-006, 7.66593272e-005, 0.999999997, 0, 0, 0, 0, 0, 0, 0, 0.0822157715, 0.0013309082, -0.138579883, -0.108227476, 0.71853448, -0.686994638, -0.155639648, 0.670288086, 0.725585938, 0.981900187, 0.185534983, 0.0393505941, 0, 0, 0, 0, 0, 0, 0, 0.143039404, 0.0195093262, -0.134073779, -0.30172782, 0.241339061, -0.92232781, 0.35144043, -0.87097168, -0.342895508, -0.886124875, -0.427677585, 0.177880368, 3, 1, 
273.328931, 0.1, 0.1, -0.0391142944, 0.156185914, -0.0199629957, 0.849274349, -0.527951777, -1.67288879e-005, 0.527951778, 0.849274349, -8.87375333e-007, 1.46759068e-005, -8.078421e-006, 1, 0.849274474, -0.527951577, 3.51087082e-006, 0.527951577, 0.849274473, -4.39736604e-005, 2.02342704e-005, 3.91992771e-005, 0.999999999, 0, 0, 0, 0, 0, 0, 0, 0.0822157715, 0.0013309082, -0.138579883, -0.108227476, 0.71853448, -0.686994638, -0.155639648, 0.670288086, 0.725585938, 0.981900187, 0.185534983, 0.0393505941, 0, 0, 0, 0, 0, 0, 0, 0.14304624, 0.019239209, -0.13430874, -0.30172782, 0.241339061, -0.92232781, 0.35144043, -0.87097168, -0.342895508, -0.886124875, -0.427677585, 0.177880368, 3, 1, 
273.329752, 0.1, 0.1, -0.0391142878, 0.156185904, -0.0199568329, 0.849273864, -0.527952558, -2.96533481e-005, 0.527952558, 0.849273864, -4.04927776e-006, 2.73216401e-005, -1.22166152e-005, 1, 0.849273976, -0.527952376, -4.02994889e-005, 0.527952377, 0.849273976, 2.74160433e-005, 1.9750942e-005, -4.45599431e-005, 0.999999999, 0, 0, 0, 0, 0, 0, 0, 0.0822157715, 0.0013309082, -0.138579883, -0.108227476, 0.71853448, -0.686994638, -0.155639648, 0.670288086, 0.725585938, 0.981900187, 0.185534983, 0.0393505941, 0, 0, 0, 0, 0, 0, 0, 0.14304624, 0.019239209, -0.13430874, -0.30172782, 0.241339061, -0.92232781, 0.35144043, -0.87097168, -0.342895508, -0.886124875, -0.427677585, 0.177880368, 3, 1, 
273.330609, 0.1, 0.1, -0.0391142948, 0.156185914, -0.0199535637, 0.849273044, -0.527953878, 5.0151845e-006, 0.527953878, 0.849273043, -4.2184382e-005, 1.80121471e-005, 3.84738446e-005, 0.999999999, 0.849273197, -0.527953629, 4.01344764e-005, 0.527953631, 0.849273196, -5.20093847e-005, -6.62659162e-006, 6.5359319e-005, 0.999999998, 0, 0, 0, 0, 0, 0, 0, 0.0822157715, 0.0013309082, -0.138579883, -0.108227476, 0.71853448, -0.686994638, -0.155639648, 0.670288086, 0.725585938, 0.981900187, 0.185534983, 0.0393505941, 0, 0, 0, 0, 0, 0, 0, 0.14304624, 0.019239209, -0.13430874, -0.30172782, 0.241339061, -0.92232781, 0.35144043, -0.87097168, -0.342895508, -0.886124875, -0.427677585, 0.177880368, 3, 1, 
273.331397, 0.1, 0.1, -0.0391142925, 0.15618591, -0.0199543426, 0.849272654, -0.527954505, 1.15752566e-005, 0.527954505, 0.849272654, 3.44310267e-006, -1.16483505e-005, 3.18707595e-006, 1, 0.8492727, -0.527954431, 4.06326395e-006, 0.527954431, 0.849272699, 3.01786643e-005, -1.93837787e-005, -2.34846975e-005, 1, 0, 0, 0, 0, 0, 0, 0, 0.0822157715, 0.0013309082, -0.138579883, -0.108227476, 0.71853448, -0.686994638, -0.155639648, 0.670288086, 0.725585938, 0.981900187, 0.185534983, 0.0393505941, 0, 0, 0, 0, 0, 0, 0, 0.14304624, 0.019239209, -0.13430874, -0.30172782, 0.241339061, -0.92232781, 0.35144043, -0.87097168, -0.342895508, -0.886124875, -0.427677585, 0.177880368, 3, 1, 
273.332185, 0.1, 0.1, -0.0391142917, 0.156185908, -0.0199587642, 0.849272625, -0.527954551, 1.4021885e-005, 0.52795455, 0.849272625, 1.76431804e-005, -2.12232004e-005, -7.58095218e-006, 1, 0.849272608, -0.527954578, 2.04197034e-006, 0.527954578, 0.849272608, 2.20636396e-005, -1.3382789e-005, -1.76599771e-005, 1, 0, 0, 0, 0, 0, 0, 0, 0.0822157715, 0.0013309082, -0.138579883, -0.108227476, 0.71853448, -0.686994638, -0.155639648, 0.670288086, 0.725585938, 0.981900187, 0.185534983, 0.0393505941, 0, 0, 0, 0, 0, 0, 0, 0.14304624, 0.019239209, -0.13430874, -0.30172782, 0.241339061, -0.92232781, 0.35144043, -0.87097168, -0.342895508, -0.886124875, -0.427677585, 0.177880368, 3, 1, 
273.333076, 0.1, 0.1, -0.0391142927, 0.156185909, -0.0199650717, 0.849272912, -0.52795409, 8.67593045e-006, 0.52795409, 0.849272912, 1.4806024e-005, -1.51851337e-005, -7.99386218e-006, 1, 0.849272828, -0.527954226, -6.58090778e-006, 0.527954226, 0.849272828, -1.61393947e-006, 6.44107232e-006, -2.10374314e-006, 1, 0, 0, 0, 0, 0, 0, 0, 0.0822022217, 0.00106970215, -0.138839014, -0.108487707, 0.71779198, -0.687673859, -0.155395508, 0.671020508, 0.724975586, 0.981817812, 0.185528992, 0.0389638044, 0, 0, 0, 0, 0, 0, 0, 0.14304624, 0.019239209, -0.13430874, -0.301267734, 0.240808612, -0.922640976, 0.352661133, -0.870727539, -0.342407227, -0.885831033, -0.428469793, 0.177356482, 3, 1, 
273.333867, 0.1, 0.1, -0.0391142945, 0.156185909, -0.0199696352, 0.849273365, -0.527953362, -3.81377187e-006, 0.527953362, 0.849273365, -1.76644431e-006, 4.17153508e-006, -5.13299579e-007, 1, 0.849273263, -0.527953524, 8.25784669e-007, 0.527953524, 0.849273263, -1.84350438e-005, 9.03152952e-006, 1.60923658e-005, 1, 0, 0, 0, 0, 0, 0, 0, 0.0822022217, 0.00106970215, -0.138839014, -0.108487707, 0.71779198, -0.687673859, -0.155395508, 0.671020508, 0.724975586, 0.981817812, 0.185528992, 0.0389638044, 0, 0, 0, 0, 0, 0, 0, 0.143082861, 0.0191874512, -0.134563721, -0.301267734, 0.240808612, -0.922640976, 0.352661133, -0.870727539, -0.342407227, -0.885831033, -0.428469793, 0.177356482, 3, 1, 
273.334662, 0.1, 0.1, -0.0391142955, 0.156185909, -0.0199724604, 0.849273961, -0.527952403, -5.85102995e-006, 0.527952402, 0.849273961, -1.43061966e-005, 1.25221183e-005, 9.06081497e-006, 1, 0.849273835, -0.527952605, 2.28350554e-006, 0.527952605, 0.849273835, -1.70023262e-005, 7.0371009e-006, 1.56452134e-005, 1, 0, 0, 0, 0, 0, 0, 0, 0.0822022217, 0.00106970215, -0.138839014, -0.108487707, 0.71779198, -0.687673859, -0.155395508, 0.671020508, 0.724975586, 0.981817812, 0.185528992, 0.0389638044, 0, 0, 0, 0, 0, 0, 0, 0.143082861, 0.0191874512, -0.134563721, -0.301267734, 0.240808612, -0.922640976, 0.352661133, -0.870727539, -0.342407227, -0.885831033, -0.428469793, 0.177356482, 3, 1, 
273.335509, 0.1, 0.1, -0.039114295, 0.156185907, -0.0199721896, 0.849274716, -0.527951188, -4.42319295e-006, 0.527951188, 0.849274716, -1.44072757e-005, 1.13628443e-005, 9.90050501e-006, 1, 0.849274566, -0.527951429, 7.12048116e-006, 0.527951429, 0.849274566, -3.17391735e-006, -4.37156934e-006, 6.45479548e-006, 1, 0, 0, 0, 0, 0, 0, 0, 0.0822022217, 0.00106970215, -0.138839014, -0.108487707, 0.71779198, -0.687673859, -0.155395508, 0.671020508, 0.724975586, 0.981817812, 0.185528992, 0.0389638044, 0, 0, 0, 0, 0, 0, 0, 0.143082861, 0.0191874512, -0.134563721, -0.301267734, 0.240808612, -0.922640976, 0.352661133, -0.870727539, -0.342407227, -0.885831033, -0.428469793, 0.177356482, 3, 1, 
273.336299, 0.1, 0.1, -0.0391142936, 0.156185905, -0.0199694738, 0.849275517, -0.527949899, 5.63705266e-006, 0.527949899, 0.849275517, -3.30760687e-006, -3.0411601e-006, 5.78515092e-006, 1, 0.849275351, -0.527950166, 2.13961081e-006, 0.527950166, 0.849275351, 1.43474072e-005, -9.39183475e-006, -1.10552914e-005, 1, 0, 0, 0, 0, 0, 0, 0, 0.0822022217, 0.00106970215, -0.138839014, -0.108487707, 0.71779198, -0.687673859, -0.155395508, 0.671020508, 0.724975586, 0.981817812, 0.185528992, 0.0389638044, 0, 0, 0, 0, 0, 0, 0, 0.143082861, 0.0191874512, -0.134563721, -0.301267734, 0.240808612, -0.922640976, 0.352661133, -0.870727539, -0.342407227, -0.885831033, -0.428469793, 0.177356482, 3, 1, 
273.337091, 0.1, 0.1, -0.039114292, 0.156185903, -0.01996563, 0.849276426, -0.527948437, 6.93195011e-006, 0.527948437, 0.849276426, 1.5086202e-005, -1.38518786e-005, -9.1526435e-006, 1, 0.849276236, -0.527948743, -2.46404265e-006, 0.527948743, 0.849276236, 1.87325446e-005, -7.79717052e-006, -1.72099932e-005, 1, 0, 0, 0, 0, 0, 0, 0, 0.0822022217, 0.00106970215, -0.138839014, -0.108487707, 0.71779198, -0.687673859, -0.155395508, 0.671020508, 0.724975586, 0.981817812, 0.185528992, 0.0389638044, 0, 0, 0, 0, 0, 0, 0, 0.143082861, 0.0191874512, -0.134563721, -0.301267734, 0.240808612, -0.922640976, 0.352661133, -0.870727539, -0.342407227, -0.885831033, -0.428469793, 0.177356482, 3, 1, 
273.337967, 0.1, 0.1, -0.0391142906, 0.156185904, -0.0199607513, 0.849277574, -0.52794659, -9.11415338e-007, 0.52794659, 0.849277574, 2.06608754e-005, -1.01337941e-005, -1.80279968e-005, 1, 0.849277356, -0.527946941, -1.66157552e-005, 0.527946941, 0.849277356, 4.35375254e-006, 1.18128343e-005, -1.24697806e-005, 1, 0, 0, 0, 0, 0, 0, 0, 0.0822354248, 0.000804467774, -0.138881738, -0.107846678, 0.716992191, -0.688517831, -0.155273437, 0.67199707, 0.724121094, 0.981963467, 0.185161298, 0.0390974765, 0, 0, 0, 0, 0, 0, 0, 0.143127539, 0.0187028809, -0.13459375, -0.300501045, 0.240176085, -0.922966901, 0.352783203, -0.87097168, -0.341552734, -0.886118679, -0.428290789, 0.176953998, 3, 1, 
273.338758, 0.1, 0.1, -0.0391142907, 0.156185904, -0.0199578, 0.84927875, -0.527944698, -1.27197437e-005, 0.527944698, 0.84927875, 4.22588389e-006, 8.57157503e-006, -1.03042746e-005, 1, 0.849278514, -0.527945078, -8.73500305e-006, 0.527945078, 0.849278514, -1.94743448e-005, 1.76998349e-005, 1.19275407e-005, 1, 0, 0, 0, 0, 0, 0, 0, 0.0822354248, 0.000804467774, -0.138881738, -0.107846678, 0.716992191, -0.688517831, -0.155273437, 0.67199707, 0.724121094, 0.981963467, 0.185161298, 0.0390974765, 0, 0, 0, 0, 0, 0, 0, 0.143127539, 0.0187028809, -0.13459375, -0.300501045, 0.240176085, -0.922966901, 0.352783203, -0.87097168, -0.341552734, -0.886118679, -0.428290789, 0.176953998, 3, 1, 
273.339549, 0.1, 0.1, -0.0391142922, 0.156185903, -0.0199576355, 0.849280062, -0.527942587, -5.38136537e-006, 0.527942587, 0.849280062, -1.95008048e-005, 1.48655917e-005, 1.37205928e-005, 1, 0.84927979, -0.527943026, 5.12456894e-006, 0.527943026, 0.849279789, -2.26837075e-005, 7.62351237e-006, 2.19702948e-005, 1, 0, 0, 0, 0, 0, 0, 0, 0.0822354248, 0.000804467774, -0.138881738, -0.107846678, 0.716992191, -0.688517831, -0.155273437, 0.67199707, 0.724121094, 0.981963467, 0.185161298, 0.0390974765, 0, 0, 0, 0, 0, 0, 0, 0.143127539, 0.0187028809, -0.13459375, -0.300501045, 0.240176085, -0.922966901, 0.352783203, -0.87097168, -0.341552734, -0.886118679, -0.428290789, 0.176953998, 3, 1, 
273.340425, 0.1, 0.1, -0.0391142939, 0.1561859, -0.0199594148, 0.849281651, -0.527940031, 4.15456132e-006, 0.527940031, 0.849281651, -2.16379191e-005, 7.89513097e-006, 2.05700469e-005, 1, 0.849281323, -0.52794056, 2.1841778e-005, 0.52794056, 0.849281323, -2.01439583e-006, -1.74863328e-005, 1.32419493e-005, 1, 0, 0, 0, 0, 0, 0, 0, 0.0822354248, 0.000804467774, -0.138881738, -0.107846678, 0.716992191, -0.688517831, -0.155273437, 0.67199707, 0.724121094, 0.981963467, 0.185161298, 0.0390974765, 0, 0, 0, 0, 0, 0, 0, 0.143127539, 0.0187028809, -0.13459375, -0.299370151, 0.239530797, -0.92352287, 0.353027344, -0.871337891, -0.340454102, -0.886368045, -0.427990384, 0.176404593, 3, 1, 
273.341212, 0.1, 0.1, -0.0391142937, 0.156185898, -0.0199624688, 0.849283172, -0.527937586, 1.2378975e-005, 0.527937586, 0.849283172, -5.92389538e-006, -7.3858081e-006, 1.15663908e-005, 1, 0.849282868, -0.527938073, 8.81540748e-006, 0.527938073, 0.849282868, 1.4929747e-005, -1.53687564e-005, -8.02558911e-006, 1, 0, 0, 0, 0, 0, 0, 0, 0.0822354248, 0.000804467774, -0.138881738, -0.107846678, 0.716992191, -0.688517831, -0.155273437, 0.67199707, 0.724121094, 0.981963467, 0.185161298, 0.0390974765, 0, 0, 0, 0, 0, 0, 0, 0.143197119, 0.0182200195, -0.13464209, -0.299370151, 0.239530797, -0.92352287, 0.353027344, -0.871337891, -0.340454102, -0.886368045, -0.427990384, 0.176404593, 3, 1, 
273.342001, 0.1, 0.1, -0.0391142921, 0.156185898, -0.0199663426, 0.849284748, -0.52793505, 3.36447675e-006, 0.52793505, 0.849284748, 1.30316979e-005, -9.73728888e-006, -9.29139709e-006, 1, 0.849284432, -0.527935558, -4.53892638e-006, 0.527935558, 0.849284432, 1.50850679e-005, -4.10910425e-006, -1.5207774e-005, 1, 0, 0, 0, 0, 0, 0, 0, 0.0822354248, 0.000804467774, -0.138881738, -0.107846678, 0.716992191, -0.688517831, -0.155273437, 0.67199707, 0.724121094, 0.981963467, 0.185161298, 0.0390974765, 0, 0, 0, 0, 0, 0, 0, 0.143197119, 0.0182200195, -0.13464209, -0.299370151, 0.239530797, -0.92352287, 0.353027344, -0.871337891, -0.340454102, -0.886368045, -0.427990384, 0.176404593, 3, 1, 
273.342856, 0.1, 0.1, -0.0391142899, 0.156185898, -0.019969263, 0.849286477, -0.527932269, -6.08212432e-006, 0.527932269, 0.849286477, 1.59232273e-005, -3.24091958e-006, -1.67343313e-005, 1, 0.849286154, -0.527932787, -1.81284081e-005, 0.527932787, 0.849286154, 2.44031484e-006, 1.41078838e-005, -1.16431066e-005, 1, 0, 0, 0, 0, 0, 0, 0, 0.0822869385, 0.00053996582, -0.138935327, -0.106843946, 0.716236586, -0.689583842, -0.155151367, 0.672973633, 0.723144531, 0.982051834, 0.184292239, 0.0393899079, 0, 0, 0, 0, 0, 0, 0, 0.143197119, 0.0182200195, -0.13464209, -0.299370151, 0.239530797, -0.92352287, 0.353027344, -0.871337891, -0.340454102, -0.886368045, -0.427990384, 0.176404593, 3, 1, 
273.343648, 0.1, 0.1, -0.0391142892, 0.156185897, -0.019970135, 0.849288082, -0.527929687, -1.1223968e-005, 0.527929687, 0.849288082, 5.37592765e-006, 6.69427045e-006, -1.04911772e-005, 1, 0.849287769, -0.52793019, -8.93012613e-006, 0.52793019, 0.849287769, -1.16718201e-005, 1.37461531e-005, 5.19825088e-006, 1, 0, 0, 0, 0, 0, 0, 0, 0.0822869385, 0.00053996582, -0.138935327, -0.106843946, 0.716236586, -0.689583842, -0.155151367, 0.672973633, 0.723144531, 0.982051834, 0.184292239, 0.0393899079, 0, 0, 0, 0, 0, 0, 0, 0.143197119, 0.0182200195, -0.13464209, -0.299370151, 0.239530797, -0.92352287, 0.353027344, -0.871337891, -0.340454102, -0.886368045, -0.427990384, 0.176404593, 3, 1, 
273.34444, 0.1, 0.1, -0.0391142901, 0.156185896, -0.019969393, 0.849289686, -0.527927106, -3.47853297e-006, 0.527927106, 0.849289686, -1.14405059e-005, 8.99403537e-006, 7.87989185e-006, 1, 0.849289371, -0.527927613, 3.37407419e-006, 0.527927613, 0.849289371, -1.39593277e-005, 4.50394919e-006, 1.36367756e-005, 1, 0, 0, 0, 0, 0, 0, 0, 0.0822869385, 0.00053996582, -0.138935327, -0.106843946, 0.716236586, -0.689583842, -0.155151367, 0.672973633, 0.723144531, 0.982051834, 0.184292239, 0.0393899079, 0, 0, 0, 0, 0, 0, 0, 0.143197119, 0.0182200195, -0.13464209, -0.299370151, 0.239530797, -0.92352287, 0.353027344, -0.871337891, -0.340454102, -0.886368045, -0.427990384, 0.176404593, 3, 1, 
273.345326, 0.1, 0.1, -0.0391142922, 0.156185894, -0.0199663246, 0.849291486, -0.52792421, 6.70273197e-006, 0.52792421, 0.849291486, -2.18724597e-005, 5.85442782e-006, 2.21146283e-005, 1, 0.84929116, -0.527924735, 2.02352798e-005, 0.527924735, 0.84929116, -7.887548e-006, -1.30216125e-005, 1.73815295e-005, 1, 0, 0, 0, 0, 0, 0, 0, 0.0823594482, 1.97509766e-005, -0.139018701, -0.105441321, 0.714884135, -0.691208506, -0.154296875, 0.674926758, 0.721679688, 0.982324047, 0.182776159, 0.0392764537, 0, 0, 0, 0, 0, 0, 0, 0.143044922, 0.0177376465, -0.134695312, -0.298066816, 0.238515108, -0.92422576, 0.352294922, -0.872314453, -0.338745117, -0.887090258, -0.426501482, 0.176085231, 3, 1, 
273.346118, 0.1, 0.1, -0.0391142929, 0.156185893, -0.0199628973, 0.849293125, -0.527921574, 1.42588552e-005, 0.527921574, 0.849293125, -6.83076265e-006, -8.50384068e-006, 1.3328877e-005, 1, 0.849292795, -0.527922105, 1.17853252e-005, 0.527922105, 0.849292795, 1.42686697e-005, -1.75419379e-005, -5.89654469e-006, 1, 0, 0, 0, 0, 0, 0, 0, 0.0823594482, 1.97509766e-005, -0.139018701, -0.105441321, 0.714884135, -0.691208506, -0.154296875, 0.674926758, 0.721679688, 0.982324047, 0.182776159, 0.0392764537, 0, 0, 0, 0, 0, 0, 0, 0.143044922, 0.0177376465, -0.134695312, -0.298066816, 0.238515108, -0.92422576, 0.352294922, -0.872314453, -0.338745117, -0.887090258, -0.426501482, 0.176085231, 3, 1, 
273.346908, 0.1, 0.1, -0.0391142911, 0.156185892, -0.0199605707, 0.849294803, -0.527918874, 3.55148533e-006, 0.527918874, 0.849294803, 1.81422773e-005, -1.25939087e-005, -1.35332457e-005, 1, 0.849294462, -0.527919422, -5.20364834e-006, 0.527919422, 0.849294462, 2.12149455e-005, -6.78035206e-006, -2.07648428e-005, 1, 0, 0, 0, 0, 0, 0, 0, 0.0823594482, 1.97509766e-005, -0.139018701, -0.105441321, 0.714884135, -0.691208506, -0.154296875, 0.674926758, 0.721679688, 0.982324047, 0.182776159, 0.0392764537, 0, 0, 0, 0, 0, 0, 0, 0.143044922, 0.0177376465, -0.134695312, -0.298066816, 0.238515108, -0.92422576, 0.352294922, -0.872314453, -0.338745117, -0.887090258, -0.426501482, 0.176085231, 3, 1, 
273.347769, 0.1, 0.1, -0.039114288, 0.156185893, -0.0199591007, 0.849296693, -0.527915833, -9.28748581e-006, 0.527915833, 0.849296693, 1.98181784e-005, -2.57449918e-006, -2.17345242e-005, 1, 0.849296345, -0.527916392, -2.52688744e-005, 0.527916392, 0.849296346, 1.99739952e-006, 2.04063028e-005, -1.50362371e-005, 1, 0, 0, 0, 0, 0, 0, 0, 0.0823594482, 1.97509766e-005, -0.139018701, -0.105441321, 0.714884135, -0.691208506, -0.154296875, 0.674926758, 0.721679688, 0.982324047, 0.182776159, 0.0392764537, 0, 0, 0, 0, 0, 0, 0, 0.143044922, 0.0177376465, -0.134695312, -0.298066816, 0.238515108, -0.92422576, 0.352294922, -0.872314453, -0.338745117, -0.887090258, -0.426501482, 0.176085231, 3, 1, 
273.348568, 0.1, 0.1, -0.0391142867, 0.156185893, -0.0199596914, 0.849298505, -0.527912917, -1.66103225e-005, 0.527912918, 0.849298506, 5.62325515e-006, 1.1138533e-005, -1.3544626e-005, 1, 0.849298148, -0.527913492, -1.34470976e-005, 0.527913492, 0.849298148, -1.78055228e-005, 2.08203708e-005, 8.02329333e-006, 1, 0, 0, 0, 0, 0, 0, 0, 0.0823594482, 1.97509766e-005, -0.139018701, -0.105441321, 0.714884135, -0.691208506, -0.154296875, 0.674926758, 0.721679688, 0.982324047, 0.182776159, 0.0392764537, 0, 0, 0, 0, 0, 0, 0, 0.143044922, 0.0177376465, -0.134695312, -0.298066816, 0.238515108, -0.92422576, 0.352294922, -0.872314453, -0.338745117, -0.887090258, -0.426501482, 0.176085231, 3, 1, 
273.349394, 0.1, 0.1, -0.039114288, 0.156185892, -0.0199618801, 0.849300425, -0.52790983, -3.76836277e-006, 0.52790983, 0.849300425, -1.73706418e-005, 1.23706047e-005, 1.27635377e-005, 1, 0.849300054, -0.527910426, 4.84073028e-006, 0.527910426, 0.849300054, -2.05225124e-005, 6.72281576e-006, 1.99852428e-005, 1, 0, 0, 0, 0, 0, 0, 0, 0.0823594482, 1.97509766e-005, -0.139018701, -0.105441321, 0.714884135, -0.691208506, -0.154296875, 0.674926758, 0.721679688, 0.982324047, 0.182776159, 0.0392764537, 0, 0, 0, 0, 0, 0, 0, 0.143044922, 0.0177376465, -0.134695312, -0.298066816, 0.238515108, -0.92422576, 0.352294922, -0.872314453, -0.338745117, -0.887090258, -0.426501482, 0.176085231, 3, 1, 
273.350293, 0.1, 0.1, -0.0391142903, 0.156185888, -0.0199639939, 0.849302549, -0.527906413, 7.46282625e-006, 0.527906413, 0.849302549, -1.63382975e-005, 2.28689465e-006, 1.78158315e-005, 1, 0.849302155, -0.527907046, 2.24398858e-005, 0.527907046, 0.849302155, -2.41832705e-007, -1.89305782e-005, 1.20515629e-005, 1, 0, 0, 0, 0, 0, 0, 0, 0.0826206543, -0.0002265625, -0.139267822, -0.10469882, 0.714420961, -0.691779143, -0.155273437, 0.675415039, 0.720947266, 0.982330039, 0.18297311, 0.0403555691, 0, 0, 0, 0, 0, 0, 0, 0.143311377, 0.0176543945, -0.134958594, -0.297472568, 0.237486293, -0.924660327, 0.353393555, -0.872314453, -0.337768555, -0.886905058, -0.427223328, 0.175548585, 3, 1, 
273.351123, 0.1, 0.1, -0.0391142909, 0.156185886, -0.0199653899, 0.849304527, -0.52790323, 1.43878632e-005, 0.52790323, 0.849304527, -6.89757356e-007, -1.18555522e-005, 8.18121352e-006, 1, 0.849304143, -0.527903848, 1.17898124e-005, 0.527903847, 0.849304143, 1.98839617e-005, -2.05099564e-005, -1.06636438e-005, 1, 0, 0, 0, 0, 0, 0, 0, 0.0826206543, -0.0002265625, -0.139267822, -0.10469882, 0.714420961, -0.691779143, -0.155273437, 0.675415039, 0.720947266, 0.982330039, 0.18297311, 0.0403555691, 0, 0, 0, 0, 0, 0, 0, 0.143311377, 0.0176543945, -0.134958594, -0.297472568, 0.237486293, -0.924660327, 0.353393555, -0.872314453, -0.337768555, -0.886905058, -0.427223328, 0.175548585, 3, 1, 
273.351963, 0.1, 0.1, -0.0391142891, 0.156185884, -0.0199660006, 0.84930653, -0.527900008, 2.24201836e-006, 0.527900008, 0.84930653, 1.895302e-005, -1.19094602e-005, -1.49133621e-005, 1, 0.849306158, -0.527900606, -5.15913926e-006, 0.527900606, 0.849306158, 2.29641974e-005, -7.74112495e-006, -2.2227147e-005, 1, 0, 0, 0, 0, 0, 0, 0, 0.0826206543, -0.0002265625, -0.139267822, -0.10469882, 0.714420961, -0.691779143, -0.155273437, 0.675415039, 0.720947266, 0.982330039, 0.18297311, 0.0403555691, 0, 0, 0, 0, 0, 0, 0, 0.143311377, 0.0176543945, -0.134958594, -0.297472568, 0.237486293, -0.924660327, 0.353393555, -0.872314453, -0.337768555, -0.886905058, -0.427223328, 0.175548585, 3, 1, 
273.352753, 0.1, 0.1, -0.0391142871, 0.156185884, -0.019966057, 0.849308399, -0.527897, -5.41546083e-006, 0.527897, 0.849308399, 1.47243855e-005, -3.17356255e-006, -1.53643498e-005, 1, 0.84930803, -0.527897595, -1.84776752e-005, 0.527897595, 0.84930803, 1.43521615e-006, 1.49355907e-005, -1.09732609e-005, 1, 0, 0, 0, 0, 0, 0, 0, 0.0826206543, -0.0002265625, -0.139267822, -0.10469882, 0.714420961, -0.691779143, -0.155273437, 0.675415039, 0.720947266, 0.982330039, 0.18297311, 0.0403555691, 0, 0, 0, 0, 0, 0, 0, 0.143311377, 0.0176543945, -0.134958594, -0.297472568, 0.237486293, -0.924660327, 0.353393555, -0.872314453, -0.337768555, -0.886905058, -0.427223328, 0.175548585, 3, 1, 
273.353542, 0.1, 0.1, -0.0391142862, 0.156185885, -0.0199659512, 0.849310251, -0.527894021, -1.45384632e-005, 0.527894021, 0.849310251, -2.45492945e-006, 1.36436084e-005, -5.58977107e-006, 1, 0.849309887, -0.527894606, -1.13653689e-005, 0.527894606, 0.849309887, -2.1248352e-005, 2.08696106e-005, 1.20467185e-005, 1, 0, 0, 0, 0, 0, 0, 0, 0.0826206543, -0.0002265625, -0.139267822, -0.10469882, 0.714420961, -0.691779143, -0.155273437, 0.675415039, 0.720947266, 0.982330039, 0.18297311, 0.0403555691, 0, 0, 0, 0, 0, 0, 0, 0.143311377, 0.0176543945, -0.134958594, -0.297472568, 0.237486293, -0.924660327, 0.353393555, -0.872314453, -0.337768555, -0.886905058, -0.427223328, 0.175548585, 3, 1, 
273.354332, 0.1, 0.1, -0.0391142866, 0.156185885, -0.0199657373, 0.849312098, -0.52789105, -7.12905917e-006, 0.52789105, 0.849312098, -2.02122847e-005, 1.67246804e-005, 1.34031714e-005, 1, 0.849311732, -0.527891639, 8.21108782e-007, 0.527891639, 0.849311732, -2.35966789e-005, 1.17591122e-005, 2.04743927e-005, 1, 0, 0, 0, 0, 0, 0, 0, 0.0826206543, -0.0002265625, -0.139267822, -0.10469882, 0.714420961, -0.691779143, -0.155273437, 0.675415039, 0.720947266, 0.982330039, 0.18297311, 0.0403555691, 0, 0, 0, 0, 0, 0, 0, 0.143311377, 0.0176543945, -0.134958594, -0.297472568, 0.237486293, -0.924660327, 0.353393555, -0.872314453, -0.337768555, -0.886905058, -0.427223328, 0.175548585, 3, 1, 
273.355153, 0.1, 0.1, -0.0391142875, 0.156185884, -0.0199652792, 0.84931401, -0.527887973, 2.73427323e-006, 0.527887972, 0.84931401, -2.10237853e-005, 8.77594685e-006, 1.92991854e-005, 1, 0.849313597, -0.527888637, 1.67927153e-005, 0.527888637, 0.849313597, -5.92171464e-006, -1.11362756e-005, 1.38940763e-005, 1, 0, 0, 0, 0, 0, 0, 0, 0.0829184814, -0.000489111328, -0.139534644, -0.103232915, 0.713659365, -0.692736569, -0.156616211, 0.676147461, 0.719970703, 0.982221454, 0.182846552, 0.0421139057, 0, 0, 0, 0, 0, 0, 0, 0.143311377, 0.0176543945, -0.134958594, -0.296002989, 0.236662001, -0.92538254, 0.354492188, -0.872314453, -0.336425781, -0.886873341, -0.42755545, 0.17424525, 3, 1, 
273.355938, 0.1, 0.1, -0.0391142881, 0.156185883, -0.0199646883, 0.849315842, -0.527885025, 1.67552862e-005, 0.527885025, 0.849315842, -1.70838548e-006, -1.33286989e-005, 1.02958235e-005, 1, 0.849315483, -0.527885604, 1.27242548e-005, 0.527885604, 0.849315483, 1.71590181e-005, -1.98649053e-005, -7.8564688e-006, 1, 0, 0, 0, 0, 0, 0, 0, 0.0829184814, -0.000489111328, -0.139534644, -0.103232915, 0.713659365, -0.692736569, -0.156616211, 0.676147461, 0.719970703, 0.982221454, 0.182846552, 0.0421139057, 0, 0, 0, 0, 0, 0, 0, 0.143409277, 0.0173696289, -0.135033789, -0.296002989, 0.236662001, -0.92538254, 0.354492188, -0.872314453, -0.336425781, -0.886873341, -0.42755545, 0.17424525, 3, 1, 
273.356731, 0.1, 0.1, -0.0391142879, 0.156185881, -0.0199643844, 0.849317696, -0.527882042, 1.16184539e-005, 0.527882042, 0.849317696, 1.91692979e-005, -1.99868866e-005, -1.01476507e-005, 1, 0.84931733, -0.527882632, 2.92117485e-006, 0.527882632, 0.84931733, 2.19782759e-005, -1.40829545e-005, -1.71244931e-005, 1, 0, 0, 0, 0, 0, 0, 0, 0.0829184814, -0.000489111328, -0.139534644, -0.103232915, 0.713659365, -0.692736569, -0.156616211, 0.676147461, 0.719970703, 0.982221454, 0.182846552, 0.0421139057, 0, 0, 0, 0, 0, 0, 0, 0.143409277, 0.0173696289, -0.135033789, -0.296002989, 0.236662001, -0.92538254, 0.354492188, -0.872314453, -0.336425781, -0.886873341, -0.42755545, 0.17424525, 3, 1, 
273.357555, 0.1, 0.1, -0.0391142876, 0.15618588, -0.0199642933, 0.849319625, -0.52787894, 1.85521742e-006, 0.52787894, 0.849319624, 2.34031355e-005, -1.39296949e-005, -1.8897412e-005, 1, 0.849319218, -0.527879594, -1.22806609e-005, 0.527879594, 0.849319218, 7.56904346e-006, 6.43465776e-006, -1.29112444e-005, 1, 0, 0, 0, 0, 0, 0, 0, 0.0829883057, -0.000746899414, -0.139800732, -0.101868481, 0.71299924, -0.693649812, -0.157348633, 0.676879883, 0.719116211, 0.982252533, 0.182580329, 0.0433708765, 0, 0, 0, 0, 0, 0, 0, 0.143409277, 0.0173696289, -0.135033789, -0.294967977, 0.235710112, -0.925964028, 0.354125977, -0.872924805, -0.335083008, -0.887378271, -0.426673556, 0.173938648, 3, 1, 
273.358347, 0.1, 0.1, -0.0391142876, 0.15618588, -0.0199642832, 0.849321487, -0.527875944, -1.33835635e-005, 0.527875944, 0.849321487, 4.47303021e-006, 9.005743e-006, -1.08639019e-005, 1, 0.849321121, -0.527876532, -8.94230727e-006, 0.527876532, 0.849321121, -1.46783822e-005, 1.53432639e-005, 7.74622587e-006, 1, 0, 0, 0, 0, 0, 0, 0, 0.0829883057, -0.000746899414, -0.139800732, -0.101868481, 0.71299924, -0.693649812, -0.157348633, 0.676879883, 0.719116211, 0.982252533, 0.182580329, 0.0433708765, 0, 0, 0, 0, 0, 0, 0, 0.143690381, 0.0171019531, -0.135301953, -0.294967977, 0.235710112, -0.925964028, 0.354125977, -0.872924805, -0.335083008, -0.887378271, -0.426673556, 0.173938648, 3, 1, 
273.359137, 0.1, 0.1, -0.0391142877, 0.156185879, -0.0199646737, 0.849323346, -0.527872953, -1.05954727e-005, 0.527872953, 0.849323346, -1.89650249e-005, 1.9010106e-005, 1.05143749e-005, 1, 0.849322977, -0.527873547, -1.54202221e-006, 0.527873547, 0.849322976, -2.12799748e-005, 1.25428107e-005, 1.72595788e-005, 1, 0, 0, 0, 0, 0, 0, 0, 0.0829883057, -0.000746899414, -0.139800732, -0.101868481, 0.71299924, -0.693649812, -0.157348633, 0.676879883, 0.719116211, 0.982252533, 0.182580329, 0.0433708765, 0, 0, 0, 0, 0, 0, 0, 0.143690381, 0.0171019531, -0.135301953, -0.294967977, 0.235710112, -0.925964028, 0.354125977, -0.872924805, -0.335083008, -0.887378271, -0.426673556, 0.173938648, 3, 1, 
273.35992, 0.1, 0.1, -0.0391142873, 0.156185879, -0.0199653645, 0.849325184, -0.527869995, -2.56082494e-006, 0.527869995, 0.849325184, -2.17875513e-005, 1.36759677e-005, 1.71529334e-005, 1, 0.849324814, -0.52787059, 1.01533001e-005, 0.52787059, 0.849324814, -7.3795464e-006, -4.7280042e-006, 1.16272604e-005, 1, 0, 0, 0, 0, 0, 0, 0, 0.0829883057, -0.000746899414, -0.139800732, -0.101868481, 0.71299924, -0.693649812, -0.157348633, 0.676879883, 0.719116211, 0.982252533, 0.182580329, 0.0433708765, 0, 0, 0, 0, 0, 0, 0, 0.143690381, 0.0171019531, -0.135301953, -0.294967977, 0.235710112, -0.925964028, 0.354125977, -0.872924805, -0.335083008, -0.887378271, -0.426673556, 0.173938648, 3, 1, 
273.360732, 0.1, 0.1, -0.0391142863, 0.156185878, -0.0199658385, 0.84932708, -0.527866944, 9.87343361e-006, 0.527866944, 0.84932708, -5.733913e-006, -5.35903141e-006, 1.00818268e-005, 1, 0.849326706, -0.527867546, 5.51433943e-006, 0.527867546, 0.849326706, 1.34194697e-005, -1.17671783e-005, -8.48667315e-006, 1, 0, 0, 0, 0, 0, 0, 0, 0.0829883057, -0.000746899414, -0.139800732, -0.101868481, 0.71299924, -0.693649812, -0.157348633, 0.676879883, 0.719116211, 0.982252533, 0.182580329, 0.0433708765, 0, 0, 0, 0, 0, 0, 0, 0.143690381, 0.0171019531, -0.135301953, -0.294967977, 0.235710112, -0.925964028, 0.354125977, -0.872924805, -0.335083008, -0.887378271, -0.426673556, 0.173938648, 3, 1, 
273.361529, 0.1, 0.1, -0.0391142851, 0.156185877, -0.0199660194, 0.849328946, -0.527863942, 7.3533071e-006, 0.527863942, 0.849328946, 1.62633732e-005, -1.48302248e-005, -9.93140791e-006, 1, 0.849328582, -0.527864528, -1.56328099e-006, 0.527864528, 0.849328582, 1.83156959e-005, -8.34046696e-006, -1.63812446e-005, 1, 0, 0, 0, 0, 0, 0, 0, 0.0829883057, -0.000746899414, -0.139800732, -0.101868481, 0.71299924, -0.693649812, -0.157348633, 0.676879883, 0.719116211, 0.982252533, 0.182580329, 0.0433708765, 0, 0, 0, 0, 0, 0, 0, 0.143690381, 0.0171019531, -0.135301953, -0.294967977, 0.235710112, -0.925964028, 0.354125977, -0.872924805, -0.335083008, -0.887378271, -0.426673556, 0.173938648, 3, 1, 
273.362351, 0.1, 0.1, -0.0391142845, 0.156185876, -0.019965842, 0.849330855, -0.52786087, 2.03014422e-006, 0.52786087, 0.849330855, 2.41950399e-005, -1.4495879e-005, -1.94779603e-005, 1, 0.849330453, -0.527861518, -1.22682291e-005, 0.527861518, 0.849330453, 8.53863949e-006, 5.91256137e-006, -1.37280526e-005, 1, 0, 0, 0, 0, 0, 0, 0, 0.0832874756, -0.00121706543, -0.140055347, -0.10038348, 0.712561153, -0.694366103, -0.158447266, 0.677490234, 0.718261719, 0.982264516, 0.182155348, 0.0450910211, 0, 0, 0, 0, 0, 0, 0, 0.143690381, 0.0171019531, -0.135301953, -0.293932965, 0.234770982, -0.926436875, 0.353881836, -0.873657227, -0.333618164, -0.8878832, -0.425913064, 0.173766207, 3, 1, 
273.363145, 0.1, 0.1, -0.0391142849, 0.156185875, -0.0199652504, 0.849332699, -0.527857904, -1.00461218e-005, 0.527857904, 0.849332699, 8.62362557e-006, 3.98045086e-006, -1.2627252e-005, 1, 0.849332332, -0.527858494, -6.11383002e-006, 0.527858494, 0.849332332, -1.06349827e-005, 1.08064395e-005, 5.80539758e-006, 1, 0, 0, 0, 0, 0, 0, 0, 0.0832874756, -0.00121706543, -0.140055347, -0.10038348, 0.712561153, -0.694366103, -0.158447266, 0.677490234, 0.718261719, 0.982264516, 0.182155348, 0.0450910211, 0, 0, 0, 0, 0, 0, 0, 0.143748242, 0.0166093262, -0.135560107, -0.293932965, 0.234770982, -0.926436875, 0.353881836, -0.873657227, -0.333618164, -0.8878832, -0.425913064, 0.173766207, 3, 1, 
273.363932, 0.1, 0.1, -0.039114286, 0.156185873, -0.0199647605, 0.849334529, -0.527854959, -6.27056495e-006, 0.527854958, 0.849334529, -1.50293862e-005, 1.32591434e-005, 9.45502784e-006, 1, 0.849334165, -0.527855545, 2.67213754e-006, 0.527855545, 0.849334165, -1.69495746e-005, 6.67738923e-006, 1.58063554e-005, 1, 0, 0, 0, 0, 0, 0, 0, 0.0832874756, -0.00121706543, -0.140055347, -0.10038348, 0.712561153, -0.694366103, -0.158447266, 0.677490234, 0.718261719, 0.982264516, 0.182155348, 0.0450910211, 0, 0, 0, 0, 0, 0, 0, 0.143748242, 0.0166093262, -0.135560107, -0.293932965, 0.234770982, -0.926436875, 0.353881836, -0.873657227, -0.333618164, -0.8878832, -0.425913064, 0.173766207, 3, 1, 
273.364725, 0.1, 0.1, -0.0391142866, 0.156185872, -0.0199645191, 0.849336371, -0.527851995, 1.1106315e-006, 0.527851995, 0.849336371, -2.20401448e-005, 1.06906347e-005, 1.93057456e-005, 1, 0.849336005, -0.527852584, 1.44961304e-005, 0.527852584, 0.849336005, -6.49955553e-006, -8.88127831e-006, 1.31721264e-005, 1, 0, 0, 0, 0, 0, 0, 0, 0.0832874756, -0.00121706543, -0.140055347, -0.10038348, 0.712561153, -0.694366103, -0.158447266, 0.677490234, 0.718261719, 0.982264516, 0.182155348, 0.0450910211, 0, 0, 0, 0, 0, 0, 0, 0.143748242, 0.0166093262, -0.135560107, -0.293932965, 0.234770982, -0.926436875, 0.353881836, -0.873657227, -0.333618164, -0.8878832, -0.425913064, 0.173766207, 3, 1, 
273.365514, 0.1, 0.1, -0.0391142865, 0.156185872, -0.0199646288, 0.849338205, -0.527849045, 1.27239895e-005, 0.527849045, 0.849338205, -8.78791035e-006, -6.16828029e-006, 1.41802537e-005, 1, 0.849337842, -0.527849628, 8.8456436e-006, 0.527849628, 0.849337842, 1.12296443e-005, -1.34405034e-005, -4.86859218e-006, 1, 0, 0, 0, 0, 0, 0, 0, 0.0832874756, -0.00121706543, -0.140055347, -0.10038348, 0.712561153, -0.694366103, -0.158447266, 0.677490234, 0.718261719, 0.982264516, 0.182155348, 0.0450910211, 0, 0, 0, 0, 0, 0, 0, 0.143748242, 0.0166093262, -0.135560107, -0.293932965, 0.234770982, -0.926436875, 0.353881836, -0.873657227, -0.333618164, -0.8878832, -0.425913064, 0.173766207, 3, 1, 
273.366307, 0.1, 0.1, -0.0391142855, 0.156185872, -0.0199650165, 0.84934005, -0.527846075, 7.90192884e-006, 0.527846075, 0.84934005, 1.22848116e-005, -1.31959142e-005, -6.26298041e-006, 1, 0.849339684, -0.527846665, -7.66024366e-007, 0.527846665, 0.849339683, 1.46495766e-005, -7.08211526e-006, -1.28468102e-005, 1, 0, 0, 0, 0, 0, 0, 0, 0.0832874756, -0.00121706543, -0.140055347, -0.10038348, 0.712561153, -0.694366103, -0.158447266, 0.677490234, 0.718261719, 0.982264516, 0.182155348, 0.0450910211, 0, 0, 0, 0, 0, 0, 0, 0.143748242, 0.0166093262, -0.135560107, -0.293932965, 0.234770982, -0.926436875, 0.353881836, -0.873657227, -0.333618164, -0.8878832, -0.425913064, 0.173766207, 3, 1, 
273.367115, 0.1, 0.1, -0.0391142849, 0.156185872, -0.0199654658, 0.849341928, -0.527843054, 1.02555314e-006, 0.527843053, 0.849341928, 1.95970414e-005, -1.12152075e-005, -1.61032579e-005, 1, 0.849341516, -0.527843716, -1.33401109e-005, 0.527843716, 0.849341516, 2.54436633e-006, 9.98728222e-006, -9.20252965e-006, 1, 0, 0, 0, 0, 0, 0, 0, 0.0832874756, -0.00121706543, -0.140055347, -0.0986764404, 0.711596614, -0.695507376, -0.16027832, 0.678466797, 0.717041016, 0.982117739, 0.182308116, 0.0472492519, 0, 0, 0, 0, 0, 0, 0, 0.143748242, 0.0166093262, -0.135560107, -0.293932965, 0.234770982, -0.926436875, 0.353881836, -0.873657227, -0.333618164, -0.8878832, -0.425913064, 0.173766207, 3, 1, 
273.36795, 0.1, 0.1, -0.0391142855, 0.156185872, -0.0199650614, 0.849343875, -0.527839921, -1.02548267e-005, 0.527839922, 0.849343875, 5.66741454e-006, 5.71838659e-006, -1.02264907e-005, 1, 0.849343515, -0.5278405, -6.1656372e-006, 0.5278405, 0.849343515, -1.46543163e-005, 1.29718856e-005, 9.19207548e-006, 1, 0, 0, 0, 0, 0, 0, 0, 0.0835975098, -0.00148913574, -0.140330347, -0.0986764404, 0.711596614, -0.695507376, -0.16027832, 0.678466797, 0.717041016, 0.982117739, 0.182308116, 0.0472492519, 0, 0, 0, 0, 0, 0, 0, 0.144054248, 0.0163150391, -0.135625049, -0.292533748, 0.233467647, -0.927235647, 0.353881836, -0.874389648, -0.331787109, -0.88834985, -0.425190851, 0.173191282, 3, 1, 
273.368738, 0.1, 0.1, -0.0391142864, 0.15618587, -0.0199648008, 0.849345716, -0.527836958, -7.17152441e-006, 0.527836958, 0.849345716, -1.10493508e-005, 1.19233593e-005, 5.59932314e-006, 1, 0.849345354, -0.527837541, 1.80045748e-006, 0.527837541, 0.849345354, -1.40798137e-005, 5.90264405e-006, 1.29089734e-005, 1, 0, 0, 0, 0, 0, 0, 0, 0.0835975098, -0.00148913574, -0.140330347, -0.0986764404, 0.711596614, -0.695507376, -0.16027832, 0.678466797, 0.717041016, 0.982117739, 0.182308116, 0.0472492519, 0, 0, 0, 0, 0, 0, 0, 0.144054248, 0.0163150391, -0.135625049, -0.292533748, 0.233467647, -0.927235647, 0.353881836, -0.874389648, -0.331787109, -0.88834985, -0.425190851, 0.173191282, 3, 1, 
273.369543, 0.1, 0.1, -0.0391142866, 0.156185868, -0.0199647682, 0.849347595, -0.527833934, -1.64449336e-006, 0.527833934, 0.849347595, -1.56546094e-005, 9.65978053e-006, 1.24281854e-005, 1, 0.849347191, -0.527834585, 1.30985128e-005, 0.527834585, 0.849347191, 1.00476573e-006, -1.16555351e-005, 6.0604531e-006, 1, 0, 0, 0, 0, 0, 0, 0, 0.0835975098, -0.00148913574, -0.140330347, -0.0972105353, 0.711355479, -0.696064908, -0.161865234, 0.678710937, 0.716308594, 0.982009154, 0.182346308, 0.0491914353, 0, 0, 0, 0, 0, 0, 0, 0.144054248, 0.0163150391, -0.135625049, -0.292533748, 0.233467647, -0.927235647, 0.353881836, -0.874389648, -0.331787109, -0.88834985, -0.425190851, 0.173191282, 3, 1, 
273.370346, 0.1, 0.1, -0.0391142857, 0.156185866, -0.0199646241, 0.849349472, -0.527830914, 9.567963e-006, 0.527830914, 0.849349472, -3.46746097e-006, -6.29631123e-006, 7.99535281e-006, 1, 0.849349112, -0.527831494, 5.71238866e-006, 0.527831494, 0.849349112, 1.68728722e-005, -1.37578456e-005, -1.13157804e-005, 1, 0, 0, 0, 0, 0, 0, 0, 0.0838953369, -0.00172458496, -0.140576172, -0.0972105353, 0.711355479, -0.696064908, -0.161865234, 0.678710937, 0.716308594, 0.982009154, 0.182346308, 0.0491914353, 0, 0, 0, 0, 0, 0, 0, 0.144355371, 0.0158089844, -0.135906641, -0.291281453, 0.232445395, -0.927900257, 0.354125977, -0.87487793, -0.330200195, -0.888586457, -0.424807323, 0.172507715, 3, 1, 
273.371135, 0.1, 0.1, -0.0391142842, 0.156185866, -0.0199648222, 0.849351322, -0.527827938, 5.62194135e-006, 0.527827938, 0.849351322, 1.37131646e-005, -1.20131947e-005, -8.6798768e-006, 1, 0.849350951, -0.527828535, -3.375883e-006, 0.527828535, 0.849350951, 1.67924481e-005, -5.99622382e-006, -1.60445691e-005, 1, 0, 0, 0, 0, 0, 0, 0, 0.0838953369, -0.00172458496, -0.140576172, -0.0972105353, 0.711355479, -0.696064908, -0.161865234, 0.678710937, 0.716308594, 0.982009154, 0.182346308, 0.0491914353, 0, 0, 0, 0, 0, 0, 0, 0.144355371, 0.0158089844, -0.135906641, -0.291281453, 0.232445395, -0.927900257, 0.354125977, -0.87487793, -0.330200195, -0.888586457, -0.424807323, 0.172507715, 3, 1, 
