time, realDorsalTactorPos, realVentralTactorPos, boxPosX, boxPosY, boxPosZ, boxLocalRot_11, boxLocalRot_12, boxLocalRot_13, boxLocalRot_21, boxLocalRot_22, boxLocalRot_23, boxLocalRot_31, boxLocalRot_32, boxLocalRot_33, boxGlobalRot_11, boxGlobalRot_12, boxGlobalRot_13, boxGlobalRot_21, boxGlobalRot_22, boxGlobalRot_23, boxGlobalRot_31, boxGlobalRot_32, boxGlobalRot_33, indexForceX, indexForceY, indexForceZ, indexForceGlobalX, indexForceGlobalY, indexForceGlobalZ, indexContact, indexPosX, indexPosY, indexPosZ, indexRot_11, indexRot_12, indexRot_13, indexRot_21, indexRot_22, indexRot_23, indexRot_31, indexRot_32, indexRot_33, thumbForceX, thumbForceY, thumbForceZ, thumbForceGlobalX, thumbForceGlobalY, thumbForceGlobalZ, thumbContact, thumbPosX, thumbPosY, thumbPosZ, thumbRot_11, thumbRot_12, thumbRot_13, thumbRot_21, thumbRot_22, thumbRot_23, thumbRot_31, thumbRot_32, thumbRot_33, mapping, boxInitParam, trialSuccess, 
1110.52288, 0.1, 0.1, -0.0365060423, 0.285561596, -0.0199532408, 0.467893718, 0.883784741, 8.37662258e-006, 0.883784741, -0.467893718, 1.34857806e-005, 1.58378962e-005, 1.0932192e-006, -1, 0.467893734, 0.883784733, -1.22151382e-005, 0.883784733, -0.467893734, -1.36091706e-005, -1.77429638e-005, -4.42790698e-006, -1, 0, 0, 0, 0, 0, 0, 0, 0.395282983, 0.0393483398, -0.135485986, -0.557194129, 0.764970735, -0.322894321, -0.822753906, -0.456054688, 0.338989258, 0.112104124, 0.454531768, 0.883656706, 0, 0, 0, 0, 0, 0, 0, 0.410739111, 0.0814762207, -0.105000293, -0.531221142, 0.488483651, -0.692099114, 0.470703125, -0.508911133, -0.720581055, -0.704283328, -0.708558416, 0.0404262304, 4, 3, 1, 
1110.52539, 0.1, 0.1, -0.036506043, 0.28556164, -0.0199559762, 0.467891784, 0.883785763, -5.80118798e-005, 0.883785763, -0.467891787, -3.3295874e-005, -5.65697015e-005, -3.56912075e-005, -0.999999998, 0.467891793, 0.88378576, -2.16091316e-005, 0.88378576, -0.467891793, 1.30093612e-005, 1.38675286e-006, -2.51848161e-005, -1, 0, 0, 0, 0, 0, 0, 0, 0.397053931, 0.0383419922, -0.134466089, -0.553050654, 0.767140949, -0.324804304, -0.825683594, -0.452880859, 0.336303711, 0.110953494, 0.45418804, 0.884082809, 0, 0, 0, 0, 0, 0, 0, 0.413261572, 0.0792249023, -0.103685156, -0.525318039, 0.490075365, -0.695568721, 0.470214844, -0.513916016, -0.717285156, -0.709063566, -0.70384964, 0.0395705892, 4, 3, 1, 
1110.52621, 0.1, 0.1, -0.0365060535, 0.285561616, -0.0199674473, 0.467891203, 0.883786073, -1.50317361e-005, 0.883786068, -0.467891202, -9.93549721e-005, -9.48417576e-005, 3.32024784e-005, -0.999999995, 0.467891367, 0.883785985, -2.89581158e-005, 0.883785978, -0.467891367, -0.000117786511, -0.00011764732, 2.9518515e-005, -0.999999993, 0, 0, 0, 0, 0, 0, 0, 0.397053931, 0.0383419922, -0.134466089, -0.553050654, 0.767140949, -0.324804304, -0.825683594, -0.452880859, 0.336303711, 0.110953494, 0.45418804, 0.884082809, 0, 0, 0, 0, 0, 0, 0, 0.413261572, 0.0792249023, -0.103685156, -0.525318039, 0.490075365, -0.695568721, 0.470214844, -0.513916016, -0.717285156, -0.709063566, -0.70384964, 0.0395705892, 4, 3, 1, 
1110.52701, 0.1, 0.1, -0.0365060517, 0.285561624, -0.0199767996, 0.467890156, 0.883786627, 1.53597798e-005, 0.88378662, -0.467890154, 0.000115192526, 0.000108992304, -4.0322681e-005, -0.999999993, 0.467890336, 0.883786532, 8.85038118e-006, 0.883786528, -0.467890334, 8.65197176e-005, 8.06059689e-005, -3.2659892e-005, -0.999999996, 0, 0, 0, 0, 0, 0, 0, 0.397053931, 0.0383419922, -0.134466089, -0.553050654, 0.767140949, -0.324804304, -0.825683594, -0.452880859, 0.336303711, 0.110953494, 0.45418804, 0.884082809, 0, 0, 0, 0, 0, 0, 0, 0.413261572, 0.0792249023, -0.103685156, -0.525318039, 0.490075365, -0.695568721, 0.470214844, -0.513916016, -0.717285156, -0.709063566, -0.70384964, 0.0395705892, 4, 3, 1, 
1110.52782, 0.1, 0.1, -0.0365060417, 0.28556165, -0.0199813991, 0.467889466, 0.88378699, 5.95454836e-005, 0.883786988, -0.467889469, 7.29473227e-005, 9.23305995e-005, 1.84942398e-005, -0.999999996, 0.467889586, 0.883786927, 4.99002045e-005, 0.883786921, -0.467889589, 0.000102864665, 0.000114258233, -4.02815754e-006, -0.999999993, 0, 0, 0, 0, 0, 0, 0, 0.397053931, 0.0383419922, -0.134466089, -0.553050654, 0.767140949, -0.324804304, -0.825683594, -0.452880859, 0.336303711, 0.110953494, 0.45418804, 0.884082809, 0, 0, 0, 0, 0, 0, 0, 0.413261572, 0.0792249023, -0.103685156, -0.525318039, 0.490075365, -0.695568721, 0.470214844, -0.513916016, -0.717285156, -0.709063566, -0.70384964, 0.0395705892, 4, 3, 1, 
1110.52866, 0.1, 0.1, -0.0365060352, 0.285561645, -0.0199799713, 0.467889546, 0.88378695, -1.65475572e-005, 0.883786947, -0.467889546, -7.40781838e-005, -7.32117612e-005, 2.00358927e-005, -0.999999997, 0.467889454, 0.883786999, 5.85007611e-006, 0.883786997, -0.467889453, -6.1282316e-005, -5.14233252e-005, 3.38435706e-005, -0.999999998, 0, 0, 0, 0, 0, 0, 0, 0.397490894, 0.0385809814, -0.134389551, -0.553253596, 0.76753373, -0.32334439, -0.825439453, -0.453491211, 0.33581543, 0.111232821, 0.452766318, 0.884716725, 0, 0, 0, 0, 0, 0, 0, 0.413880273, 0.0796228027, -0.10342041, -0.526404091, 0.489704597, -0.694961713, 0.470581055, -0.512817383, -0.717895508, -0.708073031, -0.704993294, 0.0396343883, 4, 3, 1, 
1110.52946, 0.1, 0.1, -0.036506044, 0.285561632, -0.0199734822, 0.467890276, 0.883786563, -1.41007285e-005, 0.883786563, -0.467890277, -2.8701431e-005, -3.19635329e-005, 9.67086122e-007, -0.999999999, 0.467890111, 0.88378665, -3.98935595e-005, 0.883786649, -0.467890113, -4.75726048e-005, -6.07098351e-005, -1.29986439e-005, -0.999999998, 0, 0, 0, 0, 0, 0, 0, 0.397490894, 0.0385809814, -0.134389551, -0.553253596, 0.76753373, -0.32334439, -0.825439453, -0.453491211, 0.33581543, 0.111232821, 0.452766318, 0.884716725, 0, 0, 0, 0, 0, 0, 0, 0.413880273, 0.0796228027, -0.10342041, -0.526404091, 0.489704597, -0.694961713, 0.470581055, -0.512817383, -0.717895508, -0.708073031, -0.704993294, 0.0396343883, 4, 3, 1, 
1110.53026, 0.1, 0.1, -0.0365060403, 0.285561639, -0.0199647881, 0.467890728, 0.883786324, 1.23672094e-005, 0.883786323, -0.467890729, 2.8010813e-005, 3.05420761e-005, -2.17602921e-006, -1, 0.467890657, 0.883786362, 1.47325697e-005, 0.883786361, -0.467890657, 4.28499445e-005, 4.47634282e-005, -7.02864455e-006, -0.999999999, 0, 0, 0, 0, 0, 0, 0, 0.397490894, 0.0385809814, -0.134389551, -0.553253596, 0.76753373, -0.32334439, -0.825439453, -0.453491211, 0.33581543, 0.111232821, 0.452766318, 0.884716725, 0, 0, 0, 0, 0, 0, 0, 0.413880273, 0.0796228027, -0.10342041, -0.526404091, 0.489704597, -0.694961713, 0.470581055, -0.512817383, -0.717895508, -0.708073031, -0.704993294, 0.0396343883, 4, 3, 1, 
1110.53109, 0.1, 0.1, -0.0365060453, 0.28556163, -0.019956734, 0.467891399, 0.883785967, -5.30276856e-005, 0.883785967, -0.467891401, -3.58846931e-005, -5.65255863e-005, -3.00749852e-005, -0.999999998, 0.467891221, 0.883786062, -5.06947302e-005, 0.883786061, -0.467891223, -5.00218939e-005, -6.79282719e-005, -2.13984909e-005, -0.999999997, 0, 0, 0, 0, 0, 0, 0, 0.397121655, 0.0389711914, -0.135172656, -0.556241573, 0.766429527, -0.321174177, -0.823242187, -0.455444336, 0.338867188, 0.113436357, 0.452817615, 0.884372997, 0, 0, 0, 0, 0, 0, 0, 0.413400684, 0.0801326172, -0.104542578, -0.530908343, 0.487781128, -0.692916476, 0.468383789, -0.512451172, -0.719604492, -0.706091592, -0.706545629, 0.0435316327, 4, 3, 1, 
1110.5319, 0.1, 0.1, -0.0365060431, 0.285561635, -0.019952099, 0.467892331, 0.883785475, 1.82572031e-005, 0.883785474, -0.467892332, 3.06423493e-005, 3.56236685e-005, 1.79813064e-006, -0.999999999, 0.467892176, 0.883785557, 1.78924426e-005, 0.883785556, -0.467892177, 4.40722967e-005, 4.73221932e-005, -4.80800044e-006, -0.999999999, 0, 0, 0, 0, 0, 0, 0, 0.397121655, 0.0389711914, -0.135172656, -0.556241573, 0.766429527, -0.321174177, -0.823242187, -0.455444336, 0.338867188, 0.113436357, 0.452817615, 0.884372997, 0, 0, 0, 0, 0, 0, 0, 0.413400684, 0.0801326172, -0.104542578, -0.530908343, 0.487781128, -0.692916476, 0.468383789, -0.512451172, -0.719604492, -0.706091592, -0.706545629, 0.0435316327, 4, 3, 1, 
1110.53271, 0.1, 0.1, -0.036506045, 0.285561625, -0.0199521353, 0.467892858, 0.883785196, -1.04774497e-005, 0.883785195, -0.467892858, -5.47457052e-005, -5.32857677e-005, 1.63553095e-005, -0.999999998, 0.467892784, 0.883785236, -7.01127372e-006, 0.883785233, -0.467892783, -7.26576904e-005, -6.74943184e-005, 2.77995489e-005, -0.999999997, 0, 0, 0, 0, 0, 0, 0, 0.397121655, 0.0389711914, -0.135172656, -0.556241573, 0.766429527, -0.321174177, -0.823242187, -0.455444336, 0.338867188, 0.113436357, 0.452817615, 0.884372997, 0, 0, 0, 0, 0, 0, 0, 0.413400684, 0.0801326172, -0.104542578, -0.530908343, 0.487781128, -0.692916476, 0.468383789, -0.512451172, -0.719604492, -0.706091592, -0.706545629, 0.0435316327, 4, 3, 1, 
1110.5335, 0.1, 0.1, -0.0365060419, 0.285561632, -0.0199564298, 0.467893533, 0.883784838, 3.74600712e-005, 0.883784838, -0.467893534, 3.8610897e-005, 5.16510505e-005, 1.50408539e-005, -0.999999999, 0.467893352, 0.883784934, 3.56442588e-005, 0.883784933, -0.467893353, 4.82001069e-005, 5.92762401e-005, 8.94934937e-006, -0.999999998, 0, 0, 0, 0, 0, 0, 0, 0.397121655, 0.0389711914, -0.135172656, -0.556241573, 0.766429527, -0.321174177, -0.823242187, -0.455444336, 0.338867188, 0.113436357, 0.452817615, 0.884372997, 0, 0, 0, 0, 0, 0, 0, 0.413400684, 0.0801326172, -0.104542578, -0.530908343, 0.487781128, -0.692916476, 0.468383789, -0.512451172, -0.719604492, -0.706091592, -0.706545629, 0.0435316327, 4, 3, 1, 
1110.53432, 0.1, 0.1, -0.0365060458, 0.28556163, -0.0199631632, 0.467894467, 0.883784344, -1.696053e-005, 0.883784344, -0.467894468, -2.82985362e-005, -3.29455414e-005, -1.74872236e-006, -0.999999999, 0.467894316, 0.883784424, -3.64956736e-005, 0.883784423, -0.467894317, -2.66253402e-005, -4.06071793e-005, -1.97964625e-005, -0.999999999, 0, 0, 0, 0, 0, 0, 0, 0.397121655, 0.0389711914, -0.135172656, -0.556241573, 0.766429527, -0.321174177, -0.823242187, -0.455444336, 0.338867188, 0.113436357, 0.452817615, 0.884372997, 0, 0, 0, 0, 0, 0, 0, 0.413400684, 0.0801326172, -0.104542578, -0.530908343, 0.487781128, -0.692916476, 0.468383789, -0.512451172, -0.719604492, -0.706091592, -0.706545629, 0.0435316327, 4, 3, 1, 
1110.53513, 0.1, 0.1, -0.0365060352, 0.285561632, -0.0199699751, 0.467894863, 0.883784134, 3.5905437e-005, 0.883784134, -0.467894864, 2.8132491e-005, 4.16630188e-005, 1.85696075e-005, -0.999999999, 0.467894826, 0.883784153, 5.51241864e-005, 0.883784153, -0.467894828, 2.36983921e-005, 4.67365851e-005, 3.76295274e-005, -0.999999998, 0, 0, 0, 0, 0, 0, 0, 0.397121655, 0.0389711914, -0.135172656, -0.556241573, 0.766429527, -0.321174177, -0.823242187, -0.455444336, 0.338867188, 0.113436357, 0.452817615, 0.884372997, 0, 0, 0, 0, 0, 0, 0, 0.413400684, 0.0801326172, -0.104542578, -0.530908343, 0.487781128, -0.692916476, 0.468383789, -0.512451172, -0.719604492, -0.706091592, -0.706545629, 0.0435316327, 4, 3, 1, 
1110.53598, 0.1, 0.1, -0.0365060438, 0.285561628, -0.0199743597, 0.46789457, 0.883784289, -5.2127734e-005, 0.883784287, -0.467894572, -5.63898279e-005, -7.42267278e-005, -1.96851779e-005, -0.999999997, 0.467894679, 0.88378423, -5.7308158e-005, 0.88378423, -0.467894682, -4.2384857e-005, -6.42732506e-005, -3.08163973e-005, -0.999999997, 0, 0, 0, 0, 0, 0, 0, 0.396536621, 0.0395798828, -0.135955762, -0.559089886, 0.765223853, -0.319003963, -0.820922852, -0.45715332, 0.341796875, 0.115741364, 0.453008575, 0.884029269, 0, 0, 0, 0, 0, 0, 0, 0.412745703, 0.080440918, -0.105253174, -0.534486225, 0.486062182, -0.691344085, 0.466430664, -0.512451172, -0.720825195, -0.704749245, -0.707708239, 0.0472564362, 4, 3, 1, 
1110.53679, 0.1, 0.1, -0.0365060403, 0.285561618, -0.0199747207, 0.467893703, 0.883784748, 5.0428225e-005, 0.883784749, -0.467893703, 2.18663272e-006, 2.55275616e-005, 4.35445845e-005, -0.999999999, 0.467893944, 0.883784621, 3.6933029e-005, 0.883784621, -0.467893943, -3.3821706e-005, -1.2610363e-005, 4.84658145e-005, -0.999999999, 0, 0, 0, 0, 0, 0, 0, 0.396536621, 0.0395798828, -0.135955762, -0.559089886, 0.765223853, -0.319003963, -0.820922852, -0.45715332, 0.341796875, 0.115741364, 0.453008575, 0.884029269, 0, 0, 0, 0, 0, 0, 0, 0.412745703, 0.080440918, -0.105253174, -0.534486225, 0.486062182, -0.691344085, 0.466430664, -0.512451172, -0.720825195, -0.704749245, -0.707708239, 0.0472564362, 4, 3, 1, 
1110.53758, 0.1, 0.1, -0.0365060373, 0.285561631, -0.0199719393, 0.467892164, 0.883785563, -2.75102108e-005, 0.883785563, -0.467892162, 5.76349031e-005, 3.80650833e-005, -5.12800466e-005, -0.999999998, 0.467892515, 0.883785378, -1.04688441e-005, 0.883785376, -0.467892513, 7.09231893e-005, 5.77825839e-005, -4.24366407e-005, -0.999999997, 0, 0, 0, 0, 0, 0, 0, 0.396536621, 0.0395798828, -0.135955762, -0.559089886, 0.765223853, -0.319003963, -0.820922852, -0.45715332, 0.341796875, 0.115741364, 0.453008575, 0.884029269, 0, 0, 0, 0, 0, 0, 0, 0.412745703, 0.080440918, -0.105253174, -0.534486225, 0.486062182, -0.691344085, 0.466430664, -0.512451172, -0.720825195, -0.704749245, -0.707708239, 0.0472564362, 4, 3, 1, 
1110.53838, 0.1, 0.1, -0.0365060419, 0.285561623, -0.0199670032, 0.467890039, 0.883786689, 1.34209207e-005, 0.883786687, -0.467890036, -8.07912033e-005, -6.5122675e-005, 4.96626302e-005, -0.999999997, 0.467890505, 0.883786442, -7.28555662e-006, 0.88378644, -0.467890504, -7.2264515e-005, -6.72752413e-005, 2.73730042e-005, -0.999999997, 0, 0, 0, 0, 0, 0, 0, 0.396536621, 0.0395798828, -0.135955762, -0.559089886, 0.765223853, -0.319003963, -0.820922852, -0.45715332, 0.341796875, 0.115741364, 0.453008575, 0.884029269, 0, 0, 0, 0, 0, 0, 0, 0.412745703, 0.080440918, -0.105253174, -0.534486225, 0.486062182, -0.691344085, 0.466430664, -0.512451172, -0.720825195, -0.704749245, -0.707708239, 0.0472564362, 4, 3, 1, 
1110.53919, 0.1, 0.1, -0.036506036, 0.285561623, -0.0199616687, 0.467887393, 0.88378809, -1.16868928e-005, 0.883788088, -0.467887391, 6.32204254e-005, 5.04053093e-005, -3.99087766e-005, -0.999999998, 0.467887957, 0.883787791, 2.24279478e-005, 0.88378779, -0.467887958, 3.65171071e-005, 4.27671401e-005, 2.73563177e-006, -0.999999999, 0, 0, 0, 0, 0, 0, 0, 0.396536621, 0.0395798828, -0.135955762, -0.559089886, 0.765223853, -0.319003963, -0.820922852, -0.45715332, 0.341796875, 0.115741364, 0.453008575, 0.884029269, 0, 0, 0, 0, 0, 0, 0, 0.412745703, 0.080440918, -0.105253174, -0.534486225, 0.486062182, -0.691344085, 0.466430664, -0.512451172, -0.720825195, -0.704749245, -0.707708239, 0.0472564362, 4, 3, 1, 
1110.54, 0.1, 0.1, -0.0365060474, 0.285561629, -0.0199579434, 0.467884209, 0.883789775, -2.82100187e-005, 0.883789775, -0.46788421, -2.23170295e-005, -3.29225848e-005, -1.44899403e-005, -0.999999999, 0.467884873, 0.883789422, -5.94073844e-005, 0.883789423, -0.467884874, -3.23447598e-006, -3.06544123e-005, -5.09902556e-005, -0.999999998, 0, 0, 0, 0, 0, 0, 0, 0.396536621, 0.0395798828, -0.135955762, -0.559089886, 0.765223853, -0.319003963, -0.820922852, -0.45715332, 0.341796875, 0.115741364, 0.453008575, 0.884029269, 0, 0, 0, 0, 0, 0, 0, 0.412745703, 0.080440918, -0.105253174, -0.534486225, 0.486062182, -0.691344085, 0.466430664, -0.512451172, -0.720825195, -0.704749245, -0.707708239, 0.0472564362, 4, 3, 1, 
1110.54084, 0.1, 0.1, -0.0365060324, 0.285561623, -0.0199566158, 0.467880522, 0.883791726, 5.00297658e-005, 0.883791727, -0.467880521, -2.70362104e-005, -4.86426152e-007, 5.68656094e-005, -0.999999998, 0.467881212, 0.883791359, 7.74856313e-005, 0.883791362, -0.467881212, -2.07317129e-005, 1.79315624e-005, 7.81811106e-005, -0.999999997, 0, 0, 0, 0, 0, 0, 0, 0.395528174, 0.0402110352, -0.136491943, -0.561475025, 0.76450644, -0.316395663, -0.818969727, -0.459106445, 0.344116211, 0.11784942, 0.452380651, 0.884110523, 0, 0, 0, 0, 0, 0, 0, 0.411426123, 0.0812386719, -0.105951074, -0.538102387, 0.485122686, -0.68913297, 0.46484375, -0.511230469, -0.72277832, -0.703042693, -0.709279896, 0.0495754598, 4, 3, 1, 
1110.54165, 0.1, 0.1, -0.0365060409, 0.285561628, -0.0199580287, 0.46787757, 0.883793287, -6.8900904e-005, 0.88379329, -0.467877569, 2.62237295e-005, -9.06083139e-006, -7.31636514e-005, -0.999999997, 0.467878156, 0.883792977, -7.0545051e-005, 0.88379298, -0.467878155, 2.84940298e-005, -7.82366481e-006, -7.56789549e-005, -0.999999997, 0, 0, 0, 0, 0, 0, 0, 0.395528174, 0.0402110352, -0.136491943, -0.561475025, 0.76450644, -0.316395663, -0.818969727, -0.459106445, 0.344116211, 0.11784942, 0.452380651, 0.884110523, 0, 0, 0, 0, 0, 0, 0, 0.411426123, 0.0812386719, -0.105951074, -0.538102387, 0.485122686, -0.68913297, 0.46484375, -0.511230469, -0.72277832, -0.703042693, -0.709279896, 0.0495754598, 4, 3, 1, 
1110.54244, 0.1, 0.1, -0.036506038, 0.285561626, -0.0199616111, 0.467874917, 0.883794693, 5.89106479e-005, 0.883794695, -0.467874916, -3.44685611e-005, -2.90031689e-006, 6.81918932e-005, -0.999999998, 0.467875423, 0.883794426, 4.19122256e-005, 0.883794427, -0.467875421, -3.80260766e-005, -1.39975343e-005, 5.4833258e-005, -0.999999998, 0, 0, 0, 0, 0, 0, 0, 0.395528174, 0.0402110352, -0.136491943, -0.561475025, 0.76450644, -0.316395663, -0.818969727, -0.459106445, 0.344116211, 0.11784942, 0.452380651, 0.884110523, 0, 0, 0, 0, 0, 0, 0, 0.411426123, 0.0812386719, -0.105951074, -0.538102387, 0.485122686, -0.68913297, 0.46484375, -0.511230469, -0.72277832, -0.703042693, -0.709279896, 0.0495754598, 4, 3, 1, 
1110.54327, 0.1, 0.1, -0.0365060331, 0.285561628, -0.0199660786, 0.467872073, 0.883796199, -4.84951773e-005, 0.8837962, -0.467872073, 6.49014118e-006, -1.6953577e-005, -4.58964092e-005, -0.999999999, 0.467872716, 0.88379586, -1.06891156e-005, 0.88379586, -0.467872715, 1.95207638e-005, 1.22512247e-005, -1.85802289e-005, -1, 0, 0, 0, 0, 0, 0, 0, 0.395528174, 0.0402110352, -0.136491943, -0.561475025, 0.76450644, -0.316395663, -0.818969727, -0.459106445, 0.344116211, 0.11784942, 0.452380651, 0.884110523, 0, 0, 0, 0, 0, 0, 0, 0.411426123, 0.0812386719, -0.105951074, -0.54024897, 0.484183189, -0.688116915, 0.46484375, -0.509887695, -0.723754883, -0.701304425, -0.710851554, 0.0504187078, 4, 3, 1, 
1110.54407, 0.1, 0.1, -0.0365060406, 0.285561628, -0.019969587, 0.467869232, 0.883797704, 2.66403579e-005, 0.883797704, -0.467869232, 1.01025273e-005, 2.13927943e-005, 1.88180254e-005, -1, 0.467869766, 0.883797421, -1.71593156e-005, 0.883797421, -0.467869766, 1.42539324e-006, -6.76856612e-006, -1.58322573e-005, -1, 0, 0, 0, 0, 0, 0, 0, 0.395528174, 0.0402110352, -0.136491943, -0.561475025, 0.76450644, -0.316395663, -0.818969727, -0.459106445, 0.344116211, 0.11784942, 0.452380651, 0.884110523, 0, 0, 0, 0, 0, 0, 0, 0.410650928, 0.0820364258, -0.106089355, -0.54024897, 0.484183189, -0.688116915, 0.46484375, -0.509887695, -0.723754883, -0.701304425, -0.710851554, 0.0504187078, 4, 3, 1, 
1110.54489, 0.1, 0.1, -0.0365060289, 0.28556163, -0.0199712254, 0.467866728, 0.88379903, 1.26973648e-005, 0.88379903, -0.467866728, -7.94736453e-006, -1.08319857e-006, 1.49402261e-005, -1, 0.467867188, 0.883798785, 4.45473089e-005, 0.883798786, -0.467867188, 2.39895442e-006, 2.29624172e-005, 3.82484654e-005, -0.999999999, 0, 0, 0, 0, 0, 0, 0, 0.395528174, 0.0402110352, -0.136491943, -0.561475025, 0.76450644, -0.316395663, -0.818969727, -0.459106445, 0.344116211, 0.11784942, 0.452380651, 0.884110523, 0, 0, 0, 0, 0, 0, 0, 0.410650928, 0.0820364258, -0.106089355, -0.54024897, 0.484183189, -0.688116915, 0.46484375, -0.509887695, -0.723754883, -0.701304425, -0.710851554, 0.0504187078, 4, 3, 1, 
1110.54577, 0.1, 0.1, -0.0365060357, 0.285561634, -0.0199700643, 0.46786486, 0.883800018, -1.07792036e-005, 0.883800018, -0.46786486, 2.72479026e-005, 1.90384862e-005, -2.22749965e-005, -1, 0.467865262, 0.883799805, -3.28415042e-005, 0.883799806, -0.467865261, 2.91952011e-005, 1.04373141e-005, -4.26847354e-005, -0.999999999, 0, 0, 0, 0, 0, 0, 0, 0.395007837, 0.0408387695, -0.136012256, -0.562896747, 0.763706651, -0.315754634, -0.817993164, -0.460693359, 0.344116211, 0.117456639, 0.452012957, 0.884256178, 0, 0, 0, 0, 0, 0, 0, 0.410650928, 0.0820364258, -0.106089355, -0.54024897, 0.484183189, -0.688116915, 0.46484375, -0.509887695, -0.723754883, -0.701304425, -0.710851554, 0.0504187078, 4, 3, 1, 
1110.54657, 0.1, 0.1, -0.036506034, 0.285561633, -0.0199666107, 0.467863751, 0.883800606, -1.53074579e-005, 0.883800606, -0.467863751, 3.92714557e-006, -3.69099105e-006, -1.53661096e-005, -1, 0.467863962, 0.883800494, 6.64074029e-006, 0.883800494, -0.467863962, -2.37544247e-006, 1.00754584e-006, 6.98047348e-006, -1, 0, 0, 0, 0, 0, 0, 0, 0.395007837, 0.0408387695, -0.136012256, -0.562896747, 0.763706651, -0.315754634, -0.817993164, -0.460693359, 0.344116211, 0.117456639, 0.452012957, 0.884256178, 0, 0, 0, 0, 0, 0, 0, 0.410650928, 0.0820364258, -0.106089355, -0.54024897, 0.484183189, -0.688116915, 0.46484375, -0.509887695, -0.723754883, -0.701304425, -0.710851554, 0.0504187078, 4, 3, 1, 
1110.54738, 0.1, 0.1, -0.0365060333, 0.285561633, -0.0199627939, 0.467862886, 0.883801063, 2.59890049e-005, 0.883801063, -0.467862885, -3.38254999e-005, -1.77357219e-005, 3.87948062e-005, -0.999999999, 0.467863011, 0.883800997, 2.21695081e-005, 0.883800997, -0.467863011, -1.09733404e-005, 6.74043669e-007, 2.47274535e-005, -1, 0, 0, 0, 0, 0, 0, 0, 0.395007837, 0.0408387695, -0.136012256, -0.562896747, 0.763706651, -0.315754634, -0.817993164, -0.460693359, 0.344116211, 0.117456639, 0.452012957, 0.884256178, 0, 0, 0, 0, 0, 0, 0, 0.410650928, 0.0820364258, -0.106089355, -0.54024897, 0.484183189, -0.688116915, 0.46484375, -0.509887695, -0.723754883, -0.701304425, -0.710851554, 0.0504187078, 4, 3, 1, 
1110.54821, 0.1, 0.1, -0.0365060326, 0.285561633, -0.0199596324, 0.467862335, 0.883801355, -1.37700051e-005, 0.883801355, -0.467862334, 2.25227616e-005, 1.34631805e-005, -2.27075009e-005, -1, 0.467862437, 0.883801301, -1.20958103e-005, 0.883801301, -0.467862437, 2.94701253e-005, 2.03865598e-005, -2.44782575e-005, -0.999999999, 0, 0, 0, 0, 0, 0, 0, 0.394631177, 0.0406445801, -0.135634863, -0.561532313, 0.764221122, -0.317074884, -0.818969727, -0.458984375, 0.344116211, 0.117487718, 0.452920208, 0.883723733, 0, 0, 0, 0, 0, 0, 0, 0.409829004, 0.0820449707, -0.105720996, -0.538945635, 0.48411939, -0.68918401, 0.465332031, -0.510864258, -0.72277832, -0.702026638, -0.710244546, 0.0500610662, 4, 3, 1, 
1110.54903, 0.1, 0.1, -0.036506027, 0.285561632, -0.0199583343, 0.467861551, 0.88380177, 2.98599727e-005, 0.88380177, -0.467861551, 1.60679373e-005, 2.81712046e-005, 1.88727267e-005, -0.999999999, 0.467861742, 0.883801668, 4.18679249e-005, 0.883801669, -0.467861743, 1.38797771e-006, 2.08150973e-005, 3.63535602e-005, -0.999999999, 0, 0, 0, 0, 0, 0, 0, 0.394631177, 0.0406445801, -0.135634863, -0.561532313, 0.764221122, -0.317074884, -0.818969727, -0.458984375, 0.344116211, 0.117487718, 0.452920208, 0.883723733, 0, 0, 0, 0, 0, 0, 0, 0.409829004, 0.0820449707, -0.105720996, -0.538945635, 0.48411939, -0.68918401, 0.465332031, -0.510864258, -0.72277832, -0.702026638, -0.710244546, 0.0500610662, 4, 3, 1, 
1110.54982, 0.1, 0.1, -0.036506029, 0.285561635, -0.0199593507, 0.467860344, 0.883802409, 2.27308451e-005, 0.883802409, -0.467860345, 7.85020612e-006, 1.75728921e-005, 1.64167755e-005, -1, 0.467860593, 0.883802277, -1.27341128e-005, 0.883802277, -0.467860593, 2.90908685e-006, -3.38673201e-006, -1.2615485e-005, -1, 0, 0, 0, 0, 0, 0, 0, 0.394631177, 0.0406445801, -0.135634863, -0.561532313, 0.764221122, -0.317074884, -0.818969727, -0.458984375, 0.344116211, 0.117487718, 0.452920208, 0.883723733, 0, 0, 0, 0, 0, 0, 0, 0.409829004, 0.0820449707, -0.105720996, -0.538945635, 0.48411939, -0.68918401, 0.465332031, -0.510864258, -0.72277832, -0.702026638, -0.710244546, 0.0500610662, 4, 3, 1, 
1110.55062, 0.1, 0.1, -0.0365060271, 0.285561635, -0.0199622116, 0.467859364, 0.883802927, -2.85032999e-005, 0.883802928, -0.467859364, 7.47092064e-006, -6.73271423e-006, -2.86866401e-005, -1, 0.467859507, 0.883802852, -1.93102254e-005, 0.883802852, -0.467859508, -4.45916737e-006, -1.29754974e-005, -1.49801684e-005, -1, 0, 0, 0, 0, 0, 0, 0, 0.394631177, 0.0406445801, -0.135634863, -0.561532313, 0.764221122, -0.317074884, -0.818969727, -0.458984375, 0.344116211, 0.117487718, 0.452920208, 0.883723733, 0, 0, 0, 0, 0, 0, 0, 0.409829004, 0.0820449707, -0.105720996, -0.538945635, 0.48411939, -0.68918401, 0.465332031, -0.510864258, -0.72277832, -0.702026638, -0.710244546, 0.0500610662, 4, 3, 1, 
1110.55142, 0.1, 0.1, -0.0365060261, 0.285561635, -0.0199658343, 0.467858974, 0.883803134, 1.11270715e-005, 0.883803134, -0.467858974, -2.41836685e-005, -1.61677017e-005, 2.1148687e-005, -1, 0.467859011, 0.883803115, 1.53937793e-005, 0.883803115, -0.467859011, -1.85507398e-005, -9.19308331e-006, 2.22842009e-005, -1, 0, 0, 0, 0, 0, 0, 0, 0.394631177, 0.0406445801, -0.135634863, -0.561532313, 0.764221122, -0.317074884, -0.818969727, -0.458984375, 0.344116211, 0.117487718, 0.452920208, 0.883723733, 0, 0, 0, 0, 0, 0, 0, 0.409829004, 0.0820449707, -0.105720996, -0.538945635, 0.48411939, -0.68918401, 0.465332031, -0.510864258, -0.72277832, -0.702026638, -0.710244546, 0.0500610662, 4, 3, 1, 
1110.55222, 0.1, 0.1, -0.0365060291, 0.285561637, -0.0199689546, 0.467858839, 0.883803206, -1.96656667e-005, 0.883803206, -0.467858839, -2.93109136e-006, -1.17912639e-005, -1.60092423e-005, -1, 0.467858872, 0.883803188, -2.26099773e-005, 0.883803188, -0.467858872, 1.72162553e-005, 4.63750285e-006, -2.80375478e-005, -1, 0, 0, 0, 0, 0, 0, 0, 0.394631177, 0.0406445801, -0.135634863, -0.561532313, 0.764221122, -0.317074884, -0.818969727, -0.458984375, 0.344116211, 0.117487718, 0.452920208, 0.883723733, 0, 0, 0, 0, 0, 0, 0, 0.409829004, 0.0820449707, -0.105720996, -0.538945635, 0.48411939, -0.68918401, 0.465332031, -0.510864258, -0.72277832, -0.702026638, -0.710244546, 0.0500610662, 4, 3, 1, 
1110.55305, 0.1, 0.1, -0.0365060273, 0.285561636, -0.0199703837, 0.467858364, 0.883803457, -1.02268717e-005, 0.883803457, -0.467858364, 1.22526382e-005, 6.04419651e-006, -1.47710438e-005, -1, 0.467858482, 0.883803395, 1.10620272e-005, 0.883803395, -0.467858482, 7.95224619e-006, 1.22036855e-005, 6.0561314e-006, -1, 0, 0, 0, 0, 0, 0, 0, 0.394459448, 0.0406532471, -0.135271021, -0.560529582, 0.76431061, -0.318655365, -0.819702148, -0.457519531, 0.344482422, 0.117576085, 0.454265546, 0.883108913, 0, 0, 0, 0, 0, 0, 0, 0.409466504, 0.0818820312, -0.105350928, -0.537188777, 0.48458604, -0.690263864, 0.465209961, -0.512451172, -0.721679687, -0.703560382, -0.708845329, 0.0498248262, 4, 3, 1, 
1110.55385, 0.1, 0.1, -0.0365060279, 0.285561636, -0.0199696685, 0.467857635, 0.883803843, 2.889288e-005, 0.883803843, -0.467857635, -1.46048585e-006, 1.22269715e-005, 2.62189378e-005, -1, 0.467857776, 0.883803768, 1.66598763e-005, 0.883803769, -0.467857776, -7.5838433e-007, 7.12418976e-006, 1.50788775e-005, -1, 0, 0, 0, 0, 0, 0, 0, 0.394459448, 0.0406532471, -0.135271021, -0.560529582, 0.76431061, -0.318655365, -0.819702148, -0.457519531, 0.344482422, 0.117576085, 0.454265546, 0.883108913, 0, 0, 0, 0, 0, 0, 0, 0.409466504, 0.0818820312, -0.105350928, -0.537188777, 0.48458604, -0.690263864, 0.465209961, -0.512451172, -0.721679687, -0.703560382, -0.708845329, 0.0498248262, 4, 3, 1, 
1110.55466, 0.1, 0.1, -0.0365060283, 0.285561636, -0.0199674591, 0.467857154, 0.883804098, -1.14929803e-005, 0.883804098, -0.467857153, 1.86271271e-005, 1.10856582e-005, -1.88723778e-005, -1, 0.467857209, 0.883804069, -2.14838388e-005, 0.883804069, -0.467857209, 3.33103532e-006, -7.10738629e-006, -2.0545953e-005, -1, 0, 0, 0, 0, 0, 0, 0, 0.394459448, 0.0406532471, -0.135271021, -0.560529582, 0.76431061, -0.318655365, -0.819702148, -0.457519531, 0.344482422, 0.117576085, 0.454265546, 0.883108913, 0, 0, 0, 0, 0, 0, 0, 0.409466504, 0.0818820312, -0.105350928, -0.537188777, 0.48458604, -0.690263864, 0.465209961, -0.512451172, -0.721679687, -0.703560382, -0.708845329, 0.0498248262, 4, 3, 1, 
1110.55545, 0.1, 0.1, -0.0365060244, 0.285561634, -0.0199645728, 0.46785717, 0.883804089, 8.81948546e-006, 0.883804089, -0.46785717, -1.20131836e-005, -6.49104124e-006, 1.34151514e-005, -1, 0.467857141, 0.883804105, 1.90111985e-005, 0.883804105, -0.46785714, -2.5404083e-005, -1.35577079e-005, 2.86876569e-005, -0.999999999, 0, 0, 0, 0, 0, 0, 0, 0.394459448, 0.0406532471, -0.135271021, -0.560529582, 0.76431061, -0.318655365, -0.819702148, -0.457519531, 0.344482422, 0.117576085, 0.454265546, 0.883108913, 0, 0, 0, 0, 0, 0, 0, 0.409466504, 0.0818820312, -0.105350928, -0.537188777, 0.48458604, -0.690263864, 0.465209961, -0.512451172, -0.721679687, -0.703560382, -0.708845329, 0.0498248262, 4, 3, 1, 
1110.55627, 0.1, 0.1, -0.0365060266, 0.285561637, -0.0199619072, 0.467857262, 0.883804041, 6.53774214e-006, 0.883804041, -0.467857262, -1.79003351e-005, -1.27616583e-005, 1.41528847e-005, -1, 0.467857279, 0.883804032, -1.52449714e-005, 0.883804032, -0.467857279, -2.49970611e-008, -7.15456334e-006, -1.34618721e-005, -1, 0, 0, 0, 0, 0, 0, 0, 0.394459448, 0.0406532471, -0.135271021, -0.560529582, 0.76431061, -0.318655365, -0.819702148, -0.457519531, 0.344482422, 0.117576085, 0.454265546, 0.883108913, 0, 0, 0, 0, 0, 0, 0, 0.409466504, 0.0818820312, -0.105350928, -0.537188777, 0.48458604, -0.690263864, 0.465209961, -0.512451172, -0.721679687, -0.703560382, -0.708845329, 0.0498248262, 4, 3, 1, 
1110.55707, 0.1, 0.1, -0.0365060252, 0.285561639, -0.019960494, 0.467856866, 0.88380425, -3.38524131e-005, 0.883804251, -0.467856865, 9.29182664e-006, -7.62592801e-006, -3.42661515e-005, -0.999999999, 0.467856993, 0.883804183, -1.18924047e-005, 0.883804183, -0.467856993, 2.22426677e-005, 1.40942181e-005, -2.09169446e-005, -1, 0, 0, 0, 0, 0, 0, 0, 0.394459448, 0.0406532471, -0.135271021, -0.560529582, 0.76431061, -0.318655365, -0.819702148, -0.457519531, 0.344482422, 0.117576085, 0.454265546, 0.883108913, 0, 0, 0, 0, 0, 0, 0, 0.409466504, 0.0818820312, -0.105350928, -0.537188777, 0.48458604, -0.690263864, 0.465209961, -0.512451172, -0.721679687, -0.703560382, -0.708845329, 0.0498248262, 4, 3, 1, 
1110.5579, 0.1, 0.1, -0.0365060228, 0.285561639, -0.0199604704, 0.46785616, 0.883804624, 3.38461887e-005, 0.883804624, -0.46785616, -2.90712212e-006, 1.32658199e-005, 3.12735331e-005, -0.999999999, 0.467856282, 0.883804559, 3.85116552e-005, 0.883804559, -0.467856283, 3.68395088e-006, 2.12738124e-005, 3.23132169e-005, -0.999999999, 0, 0, 0, 0, 0, 0, 0, 0.394610693, 0.0402887939, -0.134452637, -0.557534492, 0.765916179, -0.32012127, -0.821777344, -0.454833984, 0.342773438, 0.116978117, 0.454258433, 0.883217498, 0, 0, 0, 0, 0, 0, 0, 0.409939258, 0.081637207, -0.104210449, -0.532633485, 0.486931316, -0.692079058, 0.466674805, -0.513183594, -0.720214844, -0.706027427, -0.706634947, 0.046074503, 4, 3, 1, 
1110.55871, 0.1, 0.1, -0.0365060249, 0.285561641, -0.0199617645, 0.467855881, 0.883804772, 7.60133165e-008, 0.883804772, -0.467855881, 2.2924671e-005, 2.02964969e-005, -1.06582612e-005, -1, 0.467855889, 0.883804767, -1.65682413e-005, 0.883804767, -0.467855889, 2.4305967e-005, 1.37301802e-005, -2.60147805e-005, -1, 0, 0, 0, 0, 0, 0, 0, 0.394610693, 0.0402887939, -0.134452637, -0.557534492, 0.765916179, -0.32012127, -0.821777344, -0.454833984, 0.342773438, 0.116978117, 0.454258433, 0.883217498, 0, 0, 0, 0, 0, 0, 0, 0.409939258, 0.081637207, -0.104210449, -0.532633485, 0.486931316, -0.692079058, 0.466674805, -0.513183594, -0.720214844, -0.706027427, -0.706634947, 0.046074503, 4, 3, 1, 
1110.5595, 0.1, 0.1, -0.0365060218, 0.285561639, -0.0199639697, 0.467856113, 0.883804649, -7.68342908e-006, 0.883804649, -0.467856113, 1.543351e-005, 1.00454686e-005, -1.40113123e-005, -1, 0.467856047, 0.883804684, 7.8171355e-006, 0.883804684, -0.467856047, -1.39269436e-005, -8.65140386e-006, 1.34246257e-005, -1, 0, 0, 0, 0, 0, 0, 0, 0.394610693, 0.0402887939, -0.134452637, -0.557534492, 0.765916179, -0.32012127, -0.821777344, -0.454833984, 0.342773438, 0.116978117, 0.454258433, 0.883217498, 0, 0, 0, 0, 0, 0, 0, 0.409939258, 0.081637207, -0.104210449, -0.532633485, 0.486931316, -0.692079058, 0.466674805, -0.513183594, -0.720214844, -0.706027427, -0.706634947, 0.046074503, 4, 3, 1, 
1110.56033, 0.1, 0.1, -0.0365060234, 0.285561639, -0.0199662078, 0.467856263, 0.883804569, 1.55732408e-005, 0.883804569, -0.467856263, -1.80753594e-005, -8.68904701e-006, 2.22203715e-005, -1, 0.467856274, 0.883804564, 2.29187049e-006, 0.883804564, -0.467856274, -1.86917641e-005, -1.54476004e-005, 1.07706247e-005, -1, 0, 0, 0, 0, 0, 0, 0, 0.394738135, 0.0401422119, -0.133818188, -0.55504676, 0.767445363, -0.320825579, -0.823486328, -0.452758789, 0.341674805, 0.117078467, 0.45376905, 0.883452641, 0, 0, 0, 0, 0, 0, 0, 0.41036416, 0.0815921875, -0.103248291, -0.529004563, 0.489084829, -0.693312764, 0.468017578, -0.513305664, -0.719238281, -0.707855381, -0.704935692, 0.0426307822, 4, 3, 1, 
1110.56113, 0.1, 0.1, -0.0365060246, 0.285561641, -0.0199677204, 0.467855949, 0.883804735, -2.96781026e-005, 0.883804736, -0.467855949, 1.62703954e-008, -1.3870697e-005, -2.62372599e-005, -1, 0.467856041, 0.883804687, -2.82780932e-005, 0.883804687, -0.467856041, 5.46734821e-006, -8.39800873e-006, -2.75502432e-005, -1, 0, 0, 0, 0, 0, 0, 0, 0.394738135, 0.0401422119, -0.133818188, -0.55504676, 0.767445363, -0.320825579, -0.823486328, -0.452758789, 0.341674805, 0.117078467, 0.45376905, 0.883452641, 0, 0, 0, 0, 0, 0, 0, 0.41036416, 0.0815921875, -0.103248291, -0.529004563, 0.489084829, -0.693312764, 0.468017578, -0.513305664, -0.719238281, -0.707855381, -0.704935692, 0.0426307822, 4, 3, 1, 
1110.56193, 0.1, 0.1, -0.0365060219, 0.28556164, -0.0199682781, 0.467855491, 0.883804978, 4.37484213e-006, 0.883804978, -0.467855491, -1.26442463e-005, -9.12825387e-006, 9.78218729e-006, -1, 0.467855568, 0.883804937, 2.29091238e-005, 0.883804937, -0.467855568, -3.54475603e-006, 7.58528828e-006, 2.19056306e-005, -1, 0, 0, 0, 0, 0, 0, 0, 0.394738135, 0.0401422119, -0.133818188, -0.55504676, 0.767445363, -0.320825579, -0.823486328, -0.452758789, 0.341674805, 0.117078467, 0.45376905, 0.883452641, 0, 0, 0, 0, 0, 0, 0, 0.41036416, 0.0815921875, -0.103248291, -0.529004563, 0.489084829, -0.693312764, 0.468017578, -0.513305664, -0.719238281, -0.707855381, -0.704935692, 0.0426307822, 4, 3, 1, 
1110.56273, 0.1, 0.1, -0.0365060235, 0.285561642, -0.0199677371, 0.467855432, 0.883805009, 1.77178703e-005, 0.883805009, -0.467855432, 3.73696352e-007, 8.61967659e-006, 1.54843067e-005, -1, 0.467855407, 0.883805023, -1.14248943e-006, 0.883805023, -0.467855407, 1.81515816e-005, 1.55079391e-005, -9.5020535e-006, -1, 0, 0, 0, 0, 0, 0, 0, 0.394738135, 0.0401422119, -0.133818188, -0.55504676, 0.767445363, -0.320825579, -0.823486328, -0.452758789, 0.341674805, 0.117078467, 0.45376905, 0.883452641, 0, 0, 0, 0, 0, 0, 0, 0.41036416, 0.0815921875, -0.103248291, -0.529004563, 0.489084829, -0.693312764, 0.468017578, -0.513305664, -0.719238281, -0.707855381, -0.704935692, 0.0426307822, 4, 3, 1, 
1110.56352, 0.1, 0.1, -0.0365060225, 0.285561641, -0.0199663912, 0.467855732, 0.883804851, -1.5434865e-005, 0.883804851, -0.467855731, 2.52264565e-005, 1.50739746e-005, -2.54437508e-005, -1, 0.467855672, 0.883804883, -7.42897675e-006, 0.883804883, -0.467855671, 1.47502874e-005, 9.5606871e-006, -1.34667715e-005, -1, 0, 0, 0, 0, 0, 0, 0, 0.394738135, 0.0401422119, -0.133818188, -0.55504676, 0.767445363, -0.320825579, -0.823486328, -0.452758789, 0.341674805, 0.117078467, 0.45376905, 0.883452641, 0, 0, 0, 0, 0, 0, 0, 0.41036416, 0.0815921875, -0.103248291, -0.529004563, 0.489084829, -0.693312764, 0.468017578, -0.513305664, -0.719238281, -0.707855381, -0.704935692, 0.0426307822, 4, 3, 1, 
1110.56433, 0.1, 0.1, -0.0365060214, 0.28556164, -0.0199645621, 0.467855828, 0.883804799, 2.73943703e-005, 0.883804799, -0.467855829, -1.33030648e-006, 1.16408846e-005, 2.48336676e-005, -1, 0.46785585, 0.883804788, 1.9718017e-005, 0.883804788, -0.46785585, -1.93129797e-005, -7.84371437e-006, 2.64625683e-005, -1, 0, 0, 0, 0, 0, 0, 0, 0.394738135, 0.0401422119, -0.133818188, -0.55504676, 0.767445363, -0.320825579, -0.823486328, -0.452758789, 0.341674805, 0.117078467, 0.45376905, 0.883452641, 0, 0, 0, 0, 0, 0, 0, 0.41036416, 0.0815921875, -0.103248291, -0.529004563, 0.489084829, -0.693312764, 0.468017578, -0.513305664, -0.719238281, -0.707855381, -0.704935692, 0.0426307822, 4, 3, 1, 
1110.56516, 0.1, 0.1, -0.0365060252, 0.285561642, -0.0199626916, 0.467855404, 0.883805024, -1.77011423e-005, 0.883805024, -0.467855404, -2.11091852e-006, -1.01472155e-005, -1.46567539e-005, -1, 0.46785551, 0.883804968, -3.53254717e-005, 0.883804968, -0.46785551, -1.1599741e-006, -1.75524074e-005, -3.06781271e-005, -0.999999999, 0, 0, 0, 0, 0, 0, 0, 0.395301196, 0.039760791, -0.133418457, -0.552781066, 0.768708325, -0.321726839, -0.824951172, -0.450439453, 0.341186523, 0.117337576, 0.453939792, 0.883224611, 0, 0, 0, 0, 0, 0, 0, 0.411450488, 0.0810276855, -0.102528662, -0.525497043, 0.490132967, -0.695319355, 0.469116211, -0.514770508, -0.717407227, -0.709696094, -0.703229873, 0.040701483, 4, 3, 1, 
1110.56598, 0.1, 0.1, -0.0365060219, 0.285561641, -0.0199616414, 0.467854953, 0.883805263, -2.15830148e-005, 0.883805263, -0.467854953, -8.1533246e-006, -1.73036716e-005, -1.52606088e-005, -1, 0.467855003, 0.883805237, 5.53430275e-006, 0.883805236, -0.467855003, -1.62524166e-005, -1.17747197e-005, 1.24950202e-005, -1, 0, 0, 0, 0, 0, 0, 0, 0.395301196, 0.039760791, -0.133418457, -0.552781066, 0.768708325, -0.321726839, -0.824951172, -0.450439453, 0.341186523, 0.117337576, 0.453939792, 0.883224611, 0, 0, 0, 0, 0, 0, 0, 0.411450488, 0.0810276855, -0.102528662, -0.525497043, 0.490132967, -0.695319355, 0.469116211, -0.514770508, -0.717407227, -0.709696094, -0.703229873, 0.040701483, 4, 3, 1, 
1110.56678, 0.1, 0.1, -0.0365060218, 0.285561642, -0.0199617746, 0.467855045, 0.883805214, 2.30487572e-005, 0.883805214, -0.467855045, -2.26382132e-005, -9.22429355e-006, 3.09620141e-005, -0.999999999, 0.467854971, 0.883805253, 2.06834903e-005, 0.883805254, -0.467854971, 2.72575838e-006, 1.20859133e-005, 1.70049178e-005, -1, 0, 0, 0, 0, 0, 0, 0, 0.395301196, 0.039760791, -0.133418457, -0.552781066, 0.768708325, -0.321726839, -0.824951172, -0.450439453, 0.341186523, 0.117337576, 0.453939792, 0.883224611, 0, 0, 0, 0, 0, 0, 0, 0.411450488, 0.0810276855, -0.102528662, -0.525497043, 0.490132967, -0.695319355, 0.469116211, -0.514770508, -0.717407227, -0.709696094, -0.703229873, 0.040701483, 4, 3, 1, 
1110.56757, 0.1, 0.1, -0.0365060221, 0.285561643, -0.0199630116, 0.467855437, 0.883805007, -1.75186449e-005, 0.883805007, -0.467855437, 2.25254388e-005, 1.17119023e-005, -2.60217151e-005, -1, 0.467855367, 0.883805044, -1.5020634e-005, 0.883805044, -0.467855366, 2.87017921e-005, 1.83393044e-005, -2.67035996e-005, -0.999999999, 0, 0, 0, 0, 0, 0, 0, 0.395301196, 0.039760791, -0.133418457, -0.552781066, 0.768708325, -0.321726839, -0.824951172, -0.450439453, 0.341186523, 0.117337576, 0.453939792, 0.883224611, 0, 0, 0, 0, 0, 0, 0, 0.411450488, 0.0810276855, -0.102528662, -0.525497043, 0.490132967, -0.695319355, 0.469116211, -0.514770508, -0.717407227, -0.709696094, -0.703229873, 0.040701483, 4, 3, 1, 
1110.56837, 0.1, 0.1, -0.0365060191, 0.285561642, -0.0199648179, 0.467855509, 0.883804968, 1.93867995e-005, 0.883804968, -0.467855509, 1.03782202e-005, 1.82425435e-005, 1.22786422e-005, -1, 0.467855536, 0.883804954, 2.88745439e-005, 0.883804954, -0.467855536, -1.294764e-006, 1.23647964e-005, 2.61252275e-005, -1, 0, 0, 0, 0, 0, 0, 0, 0.395301196, 0.039760791, -0.133418457, -0.552781066, 0.768708325, -0.321726839, -0.824951172, -0.450439453, 0.341186523, 0.117337576, 0.453939792, 0.883224611, 0, 0, 0, 0, 0, 0, 0, 0.411450488, 0.0810276855, -0.102528662, -0.525497043, 0.490132967, -0.695319355, 0.469116211, -0.514770508, -0.717407227, -0.709696094, -0.703229873, 0.040701483, 4, 3, 1, 
