time, realDorsalTactorPos, realVentralTactorPos, boxPosX, boxPosY, boxPosZ, boxLocalRot_11, boxLocalRot_12, boxLocalRot_13, boxLocalRot_21, boxLocalRot_22, boxLocalRot_23, boxLocalRot_31, boxLocalRot_32, boxLocalRot_33, boxGlobalRot_11, boxGlobalRot_12, boxGlobalRot_13, boxGlobalRot_21, boxGlobalRot_22, boxGlobalRot_23, boxGlobalRot_31, boxGlobalRot_32, boxGlobalRot_33, indexForceX, indexForceY, indexForceZ, indexForceGlobalX, indexForceGlobalY, indexForceGlobalZ, indexContact, indexPosX, indexPosY, indexPosZ, indexRot_11, indexRot_12, indexRot_13, indexRot_21, indexRot_22, indexRot_23, indexRot_31, indexRot_32, indexRot_33, thumbForceX, thumbForceY, thumbForceZ, thumbForceGlobalX, thumbForceGlobalY, thumbForceGlobalZ, thumbContact, thumbPosX, thumbPosY, thumbPosZ, thumbRot_11, thumbRot_12, thumbRot_13, thumbRot_21, thumbRot_22, thumbRot_23, thumbRot_31, thumbRot_32, thumbRot_33, mapping, trialSuccess, 
279.923684, 0.1, 0.1, 0.223979943, 0.0800510923, -0.0199615993, 0.908298664, 8.92085265e-005, -0.41832228, 0.418322285, -5.10470514e-005, 0.908298664, 5.96738665e-005, -0.999999995, -8.36838832e-005, 0.908298778, 5.24614414e-005, -0.418322038, 0.41832204, -3.01296016e-005, 0.908298778, 3.50467868e-005, -0.999999998, -4.93124575e-005, 0, 0, 0, 0, 0, 0, 0, 0.191370459, 0.0766707275, -0.28513623, 0.0714914125, 0.856905065, -0.510431763, -0.441040039, 0.486206055, 0.754394531, 0.894605751, 0.171158344, 0.412812385, 0, 0, 0, 0, 0, 0, 0, 0.243745654, 0.088126416, -0.267836182, 0.0154147337, 0.317000971, -0.948198694, 0.554199219, -0.791992188, -0.255859375, -0.832171075, -0.521601647, -0.187911707, 4, 1, 
279.952141, 0.1, 0.1, 0.223980274, 0.0800522578, -0.0199631531, 0.908310511, 2.3964382e-006, -0.418296565, 0.418296565, 9.88915035e-006, 0.908310511, 6.31330762e-006, -1, 7.97999734e-006, 0.908310506, 5.57858187e-006, -0.418296574, 0.418296574, 1.83368525e-005, 0.908310506, 1.27373271e-005, -1, 1.43220541e-005, 0, 0, 0, 0, 0, 0, 0, 0.190566602, 0.0752537598, -0.282565845, 0.073028832, 0.855633868, -0.51221144, -0.43371582, 0.489746094, 0.756225586, 0.898070006, 0.167033964, 0.407038253, 0, 0, 0, 0, 0, 0, 0, 0.242746338, 0.0863820801, -0.26577793, 0.0112739529, 0.313589333, -0.949481973, 0.550292969, -0.794677734, -0.255859375, -0.834815657, -0.51950537, -0.181541221, 4, 1, 
279.952984, 0.1, 0.1, 0.22398028, 0.0800522837, -0.0199659716, 0.908310528, 8.19664878e-006, -0.418296527, 0.418296526, 1.95733168e-005, 0.908310528, 1.56325528e-005, -1, 1.43500201e-005, 0.908310525, 4.78736178e-006, -0.418296533, 0.418296533, 1.11281204e-005, 0.908310525, 9.00326525e-006, -1, 8.10525201e-006, 0, 0, 0, 0, 0, 0, 0, 0.190566602, 0.0752537598, -0.282565845, 0.073028832, 0.855633868, -0.51221144, -0.43371582, 0.489746094, 0.756225586, 0.898070006, 0.167033964, 0.407038253, 0, 0, 0, 0, 0, 0, 0, 0.242746338, 0.0863820801, -0.26577793, 0.0112739529, 0.313589333, -0.949481973, 0.550292969, -0.794677734, -0.255859375, -0.834815657, -0.51950537, -0.181541221, 4, 1, 
279.953778, 0.1, 0.1, 0.223980286, 0.0800523087, -0.0199679651, 0.908310542, 4.51160171e-006, -0.418296496, 0.418296496, 1.46722492e-005, 0.908310542, 1.02352858e-005, -1, 1.14397715e-005, 0.908310539, -3.67440284e-006, -0.418296503, 0.418296503, -8.81910911e-006, 0.908310539, -7.02650132e-006, -1, -6.47349989e-006, 0, 0, 0, 0, 0, 0, 0, 0.190566602, 0.0752537598, -0.282565845, 0.073028832, 0.855633868, -0.51221144, -0.43371582, 0.489746094, 0.756225586, 0.898070006, 0.167033964, 0.407038253, 0, 0, 0, 0, 0, 0, 0, 0.242746338, 0.0863820801, -0.26577793, 0.0112739529, 0.313589333, -0.949481973, 0.550292969, -0.794677734, -0.255859375, -0.834815657, -0.51950537, -0.181541221, 4, 1, 
279.954569, 0.1, 0.1, 0.223980293, 0.0800523343, -0.0199689674, 0.908310557, -1.62565097e-006, -0.418296465, 0.418296465, -5.82114141e-006, 0.908310557, -3.91155882e-006, -1, -4.60740014e-006, 0.908310554, -5.2278153e-006, -0.41829647, 0.41829647, -1.3770328e-005, 0.908310554, -1.05085594e-005, -1, -1.03209576e-005, 0, 0, 0, 0, 0, 0, 0, 0.190566602, 0.0752537598, -0.282565845, 0.073028832, 0.855633868, -0.51221144, -0.43371582, 0.489746094, 0.756225586, 0.898070006, 0.167033964, 0.407038253, 0, 0, 0, 0, 0, 0, 0, 0.242746338, 0.0863820801, -0.26577793, 0.0112739529, 0.313589333, -0.949481973, 0.550292969, -0.794677734, -0.255859375, -0.834815657, -0.51950537, -0.181541221, 4, 1, 
279.955459, 0.1, 0.1, 0.2239803, 0.0800523641, -0.0199676463, 0.908310566, -6.1289508e-006, -0.418296444, 0.418296444, -1.62311294e-005, 0.908310566, -1.23564145e-005, -1, -1.2179188e-005, 0.908310565, -2.94125901e-006, -0.418296448, 0.418296448, -9.2979661e-006, 0.908310565, -6.56088283e-006, -1, -7.21512264e-006, 0, 0, 0, 0, 0, 0, 0, 0.190289038, 0.0752598633, -0.282356641, 0.0719186378, 0.855754436, -0.512377312, -0.432250977, 0.489624023, 0.757202148, 0.898863803, 0.167014868, 0.405210646, 0, 0, 0, 0, 0, 0, 0, 0.242381982, 0.086113916, -0.265748877, 0.00921012576, 0.313007844, -0.94969889, 0.549926758, -0.794677734, -0.256591797, -0.835032574, -0.519811973, -0.179477394, 4, 1, 
279.95625, 0.1, 0.1, 0.223980307, 0.0800523901, -0.019965349, 0.908310577, -3.85564359e-006, -0.418296422, 0.418296422, -1.17605988e-005, 0.908310577, -8.42153825e-006, -1, -9.06947438e-006, 0.908310574, 4.89021691e-006, -0.418296427, 0.418296427, 1.36223576e-005, 0.908310574, 1.01400192e-005, -1, 1.03277712e-005, 0, 0, 0, 0, 0, 0, 0, 0.190289038, 0.0752598633, -0.282356641, 0.0719186378, 0.855754436, -0.512377312, -0.432250977, 0.489624023, 0.757202148, 0.898863803, 0.167014868, 0.405210646, 0, 0, 0, 0, 0, 0, 0, 0.242381982, 0.086113916, -0.265748877, 0.00921012576, 0.313007844, -0.94969889, 0.549926758, -0.794677734, -0.256591797, -0.835032574, -0.519811973, -0.179477394, 4, 1, 
279.957043, 0.1, 0.1, 0.223980313, 0.0800524151, -0.0199632259, 0.908310586, 4.40638642e-006, -0.418296401, 0.418296401, 1.24076773e-005, 0.908310586, 9.19245421e-006, -1, 9.42684907e-006, 0.908310585, 8.72366127e-006, -0.418296404, 0.418296404, 2.22231539e-005, 0.908310584, 1.72196592e-005, -1, 1.65364497e-005, 0, 0, 0, 0, 0, 0, 0, 0.190289038, 0.0752598633, -0.282356641, 0.0719186378, 0.855754436, -0.512377312, -0.432250977, 0.489624023, 0.757202148, 0.898863803, 0.167014868, 0.405210646, 0, 0, 0, 0, 0, 0, 0, 0.242381982, 0.086113916, -0.265748877, 0.00921012576, 0.313007844, -0.94969889, 0.549926758, -0.794677734, -0.256591797, -0.835032574, -0.519811973, -0.179477394, 4, 1, 
279.957882, 0.1, 0.1, 0.223980319, 0.0800524388, -0.0199612979, 0.90831059, 7.63562249e-006, -0.418296392, 0.418296392, 1.97164879e-005, 0.90831059, 1.51828525e-005, -1, 1.47147414e-005, 0.908310589, 4.203533e-006, -0.418296394, 0.418296394, 1.13336141e-005, 0.908310589, 8.55892344e-006, -1, 8.53611901e-006, 0, 0, 0, 0, 0, 0, 0, 0.190289038, 0.0752598633, -0.282356641, 0.0719186378, 0.855754436, -0.512377312, -0.432250977, 0.489624023, 0.757202148, 0.898863803, 0.167014868, 0.405210646, 0, 0, 0, 0, 0, 0, 0, 0.242381982, 0.086113916, -0.265748877, 0.00921012576, 0.313007844, -0.94969889, 0.549926758, -0.794677734, -0.256591797, -0.835032574, -0.519811973, -0.179477394, 4, 1, 
279.958674, 0.1, 0.1, 0.223980324, 0.0800524607, -0.019960846, 0.908310593, 4.44833933e-006, -0.418296385, 0.418296385, 1.18467035e-005, 0.908310593, 8.99590701e-006, -1, 8.89976207e-006, 0.908310593, -6.17502674e-006, -0.418296387, 0.418296386, -1.61877778e-005, 0.908310593, -1.23801312e-005, -1, -1.21205387e-005, 0, 0, 0, 0, 0, 0, 0, 0.190289038, 0.0752598633, -0.282356641, 0.0719186378, 0.855754436, -0.512377312, -0.432250977, 0.489624023, 0.757202148, 0.898863803, 0.167014868, 0.405210646, 0, 0, 0, 0, 0, 0, 0, 0.242381982, 0.086113916, -0.265748877, 0.00921012576, 0.313007844, -0.94969889, 0.549926758, -0.794677734, -0.256591797, -0.835032574, -0.519811973, -0.179477394, 4, 1, 
279.959488, 0.1, 0.1, 0.223980329, 0.0800524832, -0.0199617505, 0.908310595, -6.50375009e-006, -0.418296381, 0.418296381, -1.71662193e-005, 0.908310595, -1.30879925e-005, -1, -1.28717637e-005, 0.908310595, -1.00857705e-005, -0.418296382, 0.418296382, -2.74046309e-005, 0.908310595, -2.06242702e-005, -1, -2.06730753e-005, 0, 0, 0, 0, 0, 0, 0, 0.190289038, 0.0752598633, -0.282356641, 0.0719186378, 0.855754436, -0.512377312, -0.432250977, 0.489624023, 0.757202148, 0.898863803, 0.167014868, 0.405210646, 0, 0, 0, 0, 0, 0, 0, 0.242381982, 0.086113916, -0.265748877, 0.00921012576, 0.313007844, -0.94969889, 0.549926758, -0.794677734, -0.256591797, -0.835032574, -0.519811973, -0.179477394, 4, 1, 
279.960372, 0.1, 0.1, 0.223980336, 0.0800525109, -0.0199626611, 0.908310597, -7.21802149e-006, -0.418296378, 0.418296377, -1.8572592e-005, 0.908310597, -1.43250534e-005, -1, -1.38504099e-005, 0.908310597, -4.09768043e-006, -0.418296378, 0.418296378, -1.06085608e-005, 0.908310597, -8.15948914e-006, -1, -7.92182335e-006, 0, 0, 0, 0, 0, 0, 0, 0.190002686, 0.0752856201, -0.28232124, 0.0706496842, 0.856255801, -0.511603733, -0.431152344, 0.488769531, 0.758422852, 0.899435561, 0.167059051, 0.403852203, 0, 0, 0, 0, 0, 0, 0, 0.242012744, 0.0863286133, -0.26570835, 0.00699937735, 0.313071643, -0.949634724, 0.550048828, -0.794311523, -0.2578125, -0.835019448, -0.520418981, -0.177752252, 4, 1, 
279.961168, 0.1, 0.1, 0.223980342, 0.0800525358, -0.0199640332, 0.908310596, -3.88935085e-006, -0.418296379, 0.418296379, -8.97463115e-006, 0.908310596, -7.2867943e-006, -1, -6.52485119e-006, 0.908310597, 5.74268507e-006, -0.418296378, 0.418296378, 1.67160708e-005, 0.908310597, 1.22084136e-005, -1, 1.27812399e-005, 0, 0, 0, 0, 0, 0, 0, 0.190002686, 0.0752856201, -0.28232124, 0.0706496842, 0.856255801, -0.511603733, -0.431152344, 0.488769531, 0.758422852, 0.899435561, 0.167059051, 0.403852203, 0, 0, 0, 0, 0, 0, 0, 0.242012744, 0.0863286133, -0.26570835, 0.00699937735, 0.313071643, -0.949634724, 0.550048828, -0.794311523, -0.2578125, -0.835019448, -0.520418981, -0.177752252, 4, 1, 
279.961977, 0.1, 0.1, 0.223980348, 0.0800525599, -0.0199656967, 0.908310593, 5.10811987e-006, -0.418296386, 0.418296386, 1.36822674e-005, 0.908310593, 1.03630024e-005, -1, 1.02910403e-005, 0.908310594, 8.86641457e-006, -0.418296384, 0.418296384, 2.31939617e-005, 0.908310594, 1.77554086e-005, -1, 1.73585319e-005, 0, 0, 0, 0, 0, 0, 0, 0.190002686, 0.0752856201, -0.28232124, 0.0706496842, 0.856255801, -0.511603733, -0.431152344, 0.488769531, 0.758422852, 0.899435561, 0.167059051, 0.403852203, 0, 0, 0, 0, 0, 0, 0, 0.242012744, 0.0863286133, -0.26570835, 0.00699937735, 0.313071643, -0.949634724, 0.550048828, -0.794311523, -0.2578125, -0.835019448, -0.520418981, -0.177752252, 4, 1, 
279.962818, 0.1, 0.1, 0.223980353, 0.0800525819, -0.0199663072, 0.908310587, 6.29669023e-006, -0.418296399, 0.418296399, 1.56939262e-005, 0.908310587, 1.22840632e-005, -1, 1.16210765e-005, 0.908310588, 3.18462959e-006, -0.418296397, 0.418296397, 8.20955093e-006, 0.908310588, 6.32665835e-006, -1, 6.12470295e-006, 0, 0, 0, 0, 0, 0, 0, 0.190002686, 0.0752856201, -0.28232124, 0.0706496842, 0.856255801, -0.511603733, -0.431152344, 0.488769531, 0.758422852, 0.899435561, 0.167059051, 0.403852203, 0, 0, 0, 0, 0, 0, 0, 0.242012744, 0.0863286133, -0.26570835, 0.00699937735, 0.313071643, -0.949634724, 0.550048828, -0.794311523, -0.2578125, -0.835019448, -0.520418981, -0.177752252, 4, 1, 
279.963612, 0.1, 0.1, 0.223980358, 0.0800526023, -0.0199664233, 0.908310583, 2.93869265e-006, -0.418296407, 0.418296407, 1.01992741e-005, 0.908310583, 6.93556535e-006, -1, 8.03486405e-006, 0.908310583, -5.70988226e-006, -0.418296407, 0.418296407, -1.42790276e-005, 0.908310583, -1.11592124e-005, -1, -1.05813687e-005, 0, 0, 0, 0, 0, 0, 0, 0.190002686, 0.0752856201, -0.28232124, 0.0706496842, 0.856255801, -0.511603733, -0.431152344, 0.488769531, 0.758422852, 0.899435561, 0.167059051, 0.403852203, 0, 0, 0, 0, 0, 0, 0, 0.242012744, 0.0863286133, -0.26570835, 0.00699937735, 0.313071643, -0.949634724, 0.550048828, -0.794311523, -0.2578125, -0.835019448, -0.520418981, -0.177752252, 4, 1, 
279.964419, 0.1, 0.1, 0.223980363, 0.0800526237, -0.0199661359, 0.908310581, -3.48538438e-006, -0.418296411, 0.418296411, -1.11293594e-005, 0.908310581, -7.82118261e-006, -1, -8.65099112e-006, 0.908310582, -7.93451439e-006, -0.418296409, 0.418296409, -2.08977682e-005, 0.908310582, -1.59484648e-005, -1, -1.56626851e-005, 0, 0, 0, 0, 0, 0, 0, 0.190002686, 0.0752856201, -0.28232124, 0.0706496842, 0.856255801, -0.511603733, -0.431152344, 0.488769531, 0.758422852, 0.899435561, 0.167059051, 0.403852203, 0, 0, 0, 0, 0, 0, 0, 0.242012744, 0.0863286133, -0.26570835, 0.00699937735, 0.313071643, -0.949634724, 0.550048828, -0.794311523, -0.2578125, -0.835019448, -0.520418981, -0.177752252, 4, 1, 
279.965263, 0.1, 0.1, 0.22398037, 0.0800526488, -0.0199647477, 0.908310575, -5.48508377e-006, -0.418296425, 0.418296425, -1.52491188e-005, 0.908310575, -1.13608115e-005, -1, -1.1556545e-005, 0.908310576, -2.00321111e-006, -0.418296423, 0.418296423, -7.51639988e-006, 0.908310576, -4.96362102e-006, -1, -5.98928947e-006, 0, 0, 0, 0, 0, 0, 0, 0.189971436, 0.075529248, -0.282073462, 0.0700026636, 0.856680783, -0.511052192, -0.430053711, 0.48815918, 0.759399414, 0.900032407, 0.166620965, 0.40265252, 0, 0, 0, 0, 0, 0, 0, 0.241956348, 0.0863234863, -0.265691504, 0.00613680633, 0.313109923, -0.949577121, 0.550170898, -0.793945313, -0.258178711, -0.834987365, -0.520783185, -0.177132484, 4, 1, 
279.966065, 0.1, 0.1, 0.223980376, 0.0800526725, -0.0199636059, 0.908310574, -4.87787324e-006, -0.418296427, 0.418296427, -1.02578792e-005, 0.908310574, -8.72145805e-006, -1, -7.27694317e-006, 0.908310574, 5.04946642e-006, -0.418296427, 0.418296427, 1.78495074e-005, 0.908310574, 1.20528689e-005, -1, 1.41007225e-005, 0, 0, 0, 0, 0, 0, 0, 0.189971436, 0.075529248, -0.282073462, 0.0700026636, 0.856680783, -0.511052192, -0.430053711, 0.48815918, 0.759399414, 0.900032407, 0.166620965, 0.40265252, 0, 0, 0, 0, 0, 0, 0, 0.241956348, 0.0863234863, -0.265691504, 0.00613680633, 0.313109923, -0.949577121, 0.550170898, -0.793945313, -0.258178711, -0.834987365, -0.520783185, -0.177132484, 4, 1, 
279.966876, 0.1, 0.1, 0.223980381, 0.080052695, -0.0199629939, 0.90831057, 5.507308e-006, -0.418296436, 0.418296436, 1.1238275e-005, 0.90831057, 9.70327645e-006, -1, 7.90415669e-006, 0.908310571, 9.74515391e-006, -0.418296434, 0.418296433, 2.26085626e-005, 0.908310571, 1.83087074e-005, -1, 1.64592333e-005, 0, 0, 0, 0, 0, 0, 0, 0.189971436, 0.075529248, -0.282073462, 0.0700026636, 0.856680783, -0.511052192, -0.430053711, 0.48815918, 0.759399414, 0.900032407, 0.166620965, 0.40265252, 0, 0, 0, 0, 0, 0, 0, 0.241956348, 0.0863234863, -0.265691504, 0.00613680633, 0.313109923, -0.949577121, 0.550170898, -0.793945313, -0.258178711, -0.834987365, -0.520783185, -0.177132484, 4, 1, 
279.967726, 0.1, 0.1, 0.223980385, 0.080052714, -0.0199620939, 0.908310569, 3.14688758e-006, -0.418296439, 0.418296439, 1.36052356e-005, 0.908310569, 8.54937283e-006, -1, 1.10414474e-005, 0.908310569, 4.2181152e-007, -0.418296439, 0.418296439, 4.7970791e-006, 0.908310569, 2.38973697e-006, -1, 4.18079539e-006, 0, 0, 0, 0, 0, 0, 0, 0.189740015, 0.0753033203, -0.281628931, 0.0698188168, 0.856642591, -0.511046201, -0.429199219, 0.48828125, 0.759765625, 0.900432301, 0.16637983, 0.40191002, 0, 0, 0, 0, 0, 0, 0, 0.241949756, 0.0862868652, -0.265249902, 0.00600264491, 0.312649836, -0.949724043, 0.550292969, -0.794067383, -0.25793457, -0.834878723, -0.521077028, -0.176902441, 4, 1, 
279.968517, 0.1, 0.1, 0.223980389, 0.0800527319, -0.0199624013, 0.908310566, 2.2912635e-006, -0.418296444, 0.418296444, 7.34695953e-006, 0.908310566, 5.1543859e-006, -1, 5.7148936e-006, 0.908310568, -8.76723987e-006, -0.418296441, 0.418296441, -1.98682659e-005, 0.908310567, -1.62742016e-005, -1, -1.43792507e-005, 0, 0, 0, 0, 0, 0, 0, 0.189740015, 0.0753033203, -0.281628931, 0.0698188168, 0.856642591, -0.511046201, -0.429199219, 0.48828125, 0.759765625, 0.900432301, 0.16637983, 0.40191002, 0, 0, 0, 0, 0, 0, 0, 0.241949756, 0.0862868652, -0.265249902, 0.00600264491, 0.312649836, -0.949724043, 0.550292969, -0.794067383, -0.25793457, -0.834878723, -0.521077028, -0.176902441, 4, 1, 
279.969338, 0.1, 0.1, 0.223980394, 0.0800527514, -0.0199636724, 0.908310566, -2.87057091e-006, -0.418296445, 0.418296445, -1.32659073e-005, 0.908310566, -8.15645174e-006, -1, -1.08488142e-005, 0.908310566, -6.98977075e-006, -0.418296445, 0.418296445, -2.4962949e-005, 0.908310566, -1.67907954e-005, -1, -1.9750314e-005, 0, 0, 0, 0, 0, 0, 0, 0.189740015, 0.0753033203, -0.281628931, 0.0698188168, 0.856642591, -0.511046201, -0.429199219, 0.48828125, 0.759765625, 0.900432301, 0.16637983, 0.40191002, 0, 0, 0, 0, 0, 0, 0, 0.241949756, 0.0862868652, -0.265249902, 0.00600264491, 0.312649836, -0.949724043, 0.550292969, -0.794067383, -0.25793457, -0.834878723, -0.521077028, -0.176902441, 4, 1, 
279.970146, 0.1, 0.1, 0.2239804, 0.0800527739, -0.0199648265, 0.908310564, -6.39054795e-006, -0.418296449, 0.418296449, -1.34947194e-005, 0.908310564, -1.14493954e-005, -1, -9.58425265e-006, 0.908310565, -3.16016024e-006, -0.418296447, 0.418296447, -6.27537717e-006, 0.908310565, -5.49537491e-006, -1, -4.37810758e-006, 0, 0, 0, 0, 0, 0, 0, 0.189740015, 0.0753033203, -0.281628931, 0.0698188168, 0.856642591, -0.511046201, -0.429199219, 0.48828125, 0.759765625, 0.900432301, 0.16637983, 0.40191002, 0, 0, 0, 0, 0, 0, 0, 0.241949756, 0.0862868652, -0.265249902, 0.00600264491, 0.312649836, -0.949724043, 0.550292969, -0.794067383, -0.25793457, -0.834878723, -0.521077028, -0.176902441, 4, 1, 
279.970936, 0.1, 0.1, 0.223980405, 0.0800527965, -0.0199660431, 0.908310564, -1.807531e-006, -0.418296449, 0.418296449, -4.30405461e-006, 0.908310564, -3.44217026e-006, -1, -3.15333447e-006, 0.908310563, 6.29381777e-006, -0.418296451, 0.418296451, 2.00783537e-005, 0.908310563, 1.41154452e-005, -1, 1.56046991e-005, 0, 0, 0, 0, 0, 0, 0, 0.189740015, 0.0753033203, -0.281628931, 0.0698188168, 0.856642591, -0.511046201, -0.429199219, 0.48828125, 0.759765625, 0.900432301, 0.16637983, 0.40191002, 0, 0, 0, 0, 0, 0, 0, 0.241949756, 0.0862868652, -0.265249902, 0.00600264491, 0.312649836, -0.949724043, 0.550292969, -0.794067383, -0.25793457, -0.834878723, -0.521077028, -0.176902441, 4, 1, 
279.971771, 0.1, 0.1, 0.223980411, 0.0800528192, -0.0199668355, 0.908310562, 7.47001559e-006, -0.418296454, 0.418296454, 1.50176085e-005, 0.908310562, 1.30669064e-005, -1, 1.05159714e-005, 0.908310562, 1.16534775e-005, -0.418296453, 0.418296452, 2.55677796e-005, 0.908310562, 2.12798882e-005, -1, 1.8348876e-005, 0, 0, 0, 0, 0, 0, 0, 0.189740015, 0.0753033203, -0.281628931, 0.0698188168, 0.856642591, -0.511046201, -0.429199219, 0.48828125, 0.759765625, 0.900432301, 0.16637983, 0.40191002, 0, 0, 0, 0, 0, 0, 0, 0.241949756, 0.0862868652, -0.265249902, 0.00600264491, 0.312649836, -0.949724043, 0.550292969, -0.794067383, -0.25793457, -0.834878723, -0.521077028, -0.176902441, 4, 1, 
279.972607, 0.1, 0.1, 0.223980416, 0.0800528385, -0.0199660241, 0.908310561, 4.88063824e-006, -0.418296456, 0.418296456, 1.79606585e-005, 0.908310561, 1.1946015e-005, -1, 1.42723021e-005, 0.90831056, 2.67342347e-006, -0.418296457, 0.418296457, 1.05461045e-005, 0.90831056, 6.83969694e-006, -1, 8.46085456e-006, 0, 0, 0, 0, 0, 0, 0, 0.189528247, 0.0752918457, -0.281427295, 0.0700157682, 0.856445639, -0.511421008, -0.428222656, 0.488891602, 0.760009766, 0.900895475, 0.165916656, 0.40110424, 0, 0, 0, 0, 0, 0, 0, 0.241948047, 0.0860504395, -0.265031543, 0.00601540474, 0.312381513, -0.949870964, 0.550048828, -0.794311523, -0.25769043, -0.835000125, -0.520859744, -0.176672398, 4, 1, 
279.973409, 0.1, 0.1, 0.22398042, 0.0800528562, -0.0199649501, 0.908310559, 3.42701908e-006, -0.418296459, 0.418296459, 9.96238954e-006, 0.908310559, 7.28002988e-006, -1, 7.61543367e-006, 0.90831056, -6.60551722e-006, -0.418296457, 0.418296457, -1.48900956e-005, 0.90831056, -1.22283353e-005, -1, -1.07617666e-005, 0, 0, 0, 0, 0, 0, 0, 0.189528247, 0.0752918457, -0.281427295, 0.0700157682, 0.856445639, -0.511421008, -0.428222656, 0.488891602, 0.760009766, 0.900895475, 0.165916656, 0.40110424, 0, 0, 0, 0, 0, 0, 0, 0.241948047, 0.0860504395, -0.265031543, 0.00601540474, 0.312381513, -0.949870964, 0.550048828, -0.794311523, -0.25769043, -0.835000125, -0.520859744, -0.176672398, 4, 1, 
279.974233, 0.1, 0.1, 0.223980424, 0.0800528744, -0.0199639169, 0.90831056, -3.49011677e-006, -0.418296458, 0.418296458, -1.38182577e-005, 0.90831056, -8.95023817e-006, -1, -1.10913659e-005, 0.908310559, -7.31307233e-006, -0.418296459, 0.418296459, -2.50241007e-005, 0.908310559, -1.71100335e-005, -1, -1.96706226e-005, 0, 0, 0, 0, 0, 0, 0, 0.189528247, 0.0752918457, -0.281427295, 0.0700157682, 0.856445639, -0.511421008, -0.428222656, 0.488891602, 0.760009766, 0.900895475, 0.165916656, 0.40110424, 0, 0, 0, 0, 0, 0, 0, 0.241948047, 0.0860504395, -0.265031543, 0.00601540474, 0.312381513, -0.949870964, 0.550048828, -0.794311523, -0.25769043, -0.835000125, -0.520859744, -0.176672398, 4, 1, 
279.975044, 0.1, 0.1, 0.223980429, 0.0800528947, -0.0199628974, 0.908310559, -9.27782878e-006, -0.41829646, 0.41829646, -1.96099432e-005, 0.908310559, -1.66299197e-005, -1, -1.39310355e-005, 0.90831056, -5.68648143e-006, -0.418296459, 0.418296459, -1.13698769e-005, 0.90831056, -9.92107038e-006, -1, -7.94874422e-006, 0, 0, 0, 0, 0, 0, 0, 0.189528247, 0.0752918457, -0.281427295, 0.0700157682, 0.856445639, -0.511421008, -0.428222656, 0.488891602, 0.760009766, 0.900895475, 0.165916656, 0.40110424, 0, 0, 0, 0, 0, 0, 0, 0.241948047, 0.0860504395, -0.265031543, 0.00601540474, 0.312381513, -0.949870964, 0.550048828, -0.794311523, -0.25769043, -0.835000125, -0.520859744, -0.176672398, 4, 1, 
279.975832, 0.1, 0.1, 0.223980434, 0.0800529147, -0.0199627585, 0.908310559, -4.54075015e-006, -0.41829646, 0.41829646, -1.17448582e-005, 0.908310559, -9.03724393e-006, -1, -8.76859905e-006, 0.908310558, 4.44758804e-006, -0.418296462, 0.418296462, 1.50566674e-005, 0.908310558, 1.03379419e-005, -1, 1.18157196e-005, 0, 0, 0, 0, 0, 0, 0, 0.189528247, 0.0752918457, -0.281427295, 0.0700157682, 0.856445639, -0.511421008, -0.428222656, 0.488891602, 0.760009766, 0.900895475, 0.165916656, 0.40110424, 0, 0, 0, 0, 0, 0, 0, 0.241948047, 0.0860504395, -0.265031543, 0.00601540474, 0.312381513, -0.949870964, 0.550048828, -0.794311523, -0.25769043, -0.835000125, -0.520859744, -0.176672398, 4, 1, 
279.976709, 0.1, 0.1, 0.22398044, 0.080052936, -0.0199631138, 0.908310557, 6.22525727e-006, -0.418296465, 0.418296465, 1.18102831e-005, 0.908310557, 1.05946666e-005, -1, 8.12340174e-006, 0.908310557, 1.10252215e-005, -0.418296463, 0.418296463, 2.3898482e-005, 0.908310557, 2.00109756e-005, -1, 1.70954323e-005, 0, 0, 0, 0, 0, 0, 0, 0.189528247, 0.0752918457, -0.281427295, 0.0712978265, 0.855873881, -0.512081133, -0.427368164, 0.490112305, 0.759643555, 0.901186785, 0.164647703, 0.400838018, 0, 0, 0, 0, 0, 0, 0, 0.241948047, 0.0860504395, -0.265031543, 0.00601540474, 0.312381513, -0.949870964, 0.550048828, -0.794311523, -0.25769043, -0.835000125, -0.520859744, -0.176672398, 4, 1, 
279.977523, 0.1, 0.1, 0.223980444, 0.0800529531, -0.0199630616, 0.908310556, 5.16103981e-006, -0.418296466, 0.418296466, 1.91255805e-005, 0.908310556, 1.26879897e-005, -1, 1.52131219e-005, 0.908310556, 2.56977327e-006, -0.418296467, 0.418296467, 1.05689805e-005, 0.908310556, 6.75511941e-006, -1, 8.52498951e-006, 0, 0, 0, 0, 0, 0, 0, 0.189594653, 0.0748122803, -0.281015356, 0.0712978265, 0.855873881, -0.512081133, -0.427368164, 0.490112305, 0.759643555, 0.901186785, 0.164647703, 0.400838018, 0, 0, 0, 0, 0, 0, 0, 0.241962695, 0.0858242676, -0.26459165, 0.00645616846, 0.312036631, -0.950005125, 0.549072266, -0.795043945, -0.257446289, -0.835690255, -0.519914051, -0.176563756, 4, 1, 
279.978369, 0.1, 0.1, 0.223980447, 0.0800529702, -0.0199633392, 0.908310555, 3.76319795e-006, -0.418296469, 0.418296468, 1.08788383e-005, 0.908310555, 7.96873204e-006, -1, 8.3072312e-006, 0.908310556, -6.86527829e-006, -0.418296466, 0.418296466, -1.54731221e-005, 0.908310556, -1.2708157e-005, -1, -1.11826785e-005, 0, 0, 0, 0, 0, 0, 0, 0.189594653, 0.0748122803, -0.281015356, 0.0712978265, 0.855873881, -0.512081133, -0.427368164, 0.490112305, 0.759643555, 0.901186785, 0.164647703, 0.400838018, 0, 0, 0, 0, 0, 0, 0, 0.241962695, 0.0858242676, -0.26459165, 0.00645616846, 0.312036631, -0.950005125, 0.549072266, -0.795043945, -0.257446289, -0.835690255, -0.519914051, -0.176563756, 4, 1, 
279.979158, 0.1, 0.1, 0.223980452, 0.0800529868, -0.0199639489, 0.908310556, -3.19310601e-006, -0.418296467, 0.418296467, -1.34399939e-005, 0.908310556, -8.52223388e-006, -1, -1.08720234e-005, 0.908310555, -6.53345076e-006, -0.418296468, 0.418296468, -2.31166408e-005, 0.908310555, -1.56040115e-005, -1, -1.82641694e-005, 0, 0, 0, 0, 0, 0, 0, 0.189594653, 0.0748122803, -0.281015356, 0.0712978265, 0.855873881, -0.512081133, -0.427368164, 0.490112305, 0.759643555, 0.901186785, 0.164647703, 0.400838018, 0, 0, 0, 0, 0, 0, 0, 0.241962695, 0.0858242676, -0.26459165, 0.00645616846, 0.312036631, -0.950005125, 0.549072266, -0.795043945, -0.257446289, -0.835690255, -0.519914051, -0.176563756, 4, 1, 
279.979959, 0.1, 0.1, 0.223980456, 0.0800530055, -0.0199649006, 0.908310555, -8.03318917e-006, -0.418296469, 0.418296469, -1.76065867e-005, 0.908310555, -1.46614036e-005, -1, -1.26319938e-005, 0.908310555, -4.84837024e-006, -0.418296468, 0.418296468, -1.02900195e-005, 0.908310555, -8.70810466e-006, -1, -7.31847713e-006, 0, 0, 0, 0, 0, 0, 0, 0.189594653, 0.0748122803, -0.281015356, 0.0712978265, 0.855873881, -0.512081133, -0.427368164, 0.490112305, 0.759643555, 0.901186785, 0.164647703, 0.400838018, 0, 0, 0, 0, 0, 0, 0, 0.241730908, 0.0856212891, -0.264356689, 0.00651996757, 0.312068714, -0.949909243, 0.548217773, -0.795654297, -0.257568359, -0.836297263, -0.51905148, -0.176308193, 4, 1, 
279.98074, 0.1, 0.1, 0.223980461, 0.0800530242, -0.019965989, 0.908310554, -3.22311825e-006, -0.41829647, 0.41829647, -8.95798186e-006, 0.908310554, -6.67468451e-006, -1, -6.78841049e-006, 0.908310554, 4.85027481e-006, -0.418296471, 0.418296471, 1.51953001e-005, 0.908310554, 1.07616962e-005, -1, 1.17731986e-005, 0, 0, 0, 0, 0, 0, 0, 0.189594653, 0.0748122803, -0.281015356, 0.0712978265, 0.855873881, -0.512081133, -0.427368164, 0.490112305, 0.759643555, 0.901186785, 0.164647703, 0.400838018, 0, 0, 0, 0, 0, 0, 0, 0.241730908, 0.0856212891, -0.264356689, 0.00651996757, 0.312068714, -0.949909243, 0.548217773, -0.795654297, -0.257568359, -0.836297263, -0.51905148, -0.176308193, 4, 1, 
279.981524, 0.1, 0.1, 0.223980465, 0.0800530422, -0.0199669119, 0.908310554, 5.99807423e-006, -0.418296471, 0.418296471, 1.39104106e-005, 0.908310554, 1.12667898e-005, -1, 1.01259995e-005, 0.908310554, 9.47309711e-006, -0.41829647, 0.41829647, 2.21800351e-005, 0.908310554, 1.78823445e-005, -1, 1.61837969e-005, 0, 0, 0, 0, 0, 0, 0, 0.189594653, 0.0748122803, -0.281015356, 0.0712978265, 0.855873881, -0.512081133, -0.427368164, 0.490112305, 0.759643555, 0.901186785, 0.164647703, 0.400838018, 0, 0, 0, 0, 0, 0, 0, 0.241730908, 0.0856212891, -0.264356689, 0.00651996757, 0.312068714, -0.949909243, 0.548217773, -0.795654297, -0.257568359, -0.836297263, -0.51905148, -0.176308193, 4, 1, 
279.982325, 0.1, 0.1, 0.223980469, 0.0800530591, -0.0199672183, 0.908310553, 6.37248918e-006, -0.418296473, 0.418296472, 2.0765615e-005, 0.908310553, 1.44743827e-005, -1, 1.61960375e-005, 0.908310553, 3.83181615e-006, -0.418296473, 0.418296473, 1.387174e-005, 0.908310553, 9.28297896e-006, -1, 1.09970127e-005, 0, 0, 0, 0, 0, 0, 0, 0.189659717, 0.0745708496, -0.280587183, 0.0725607887, 0.85558145, -0.512442835, -0.426757813, 0.490966797, 0.759399414, 0.901357527, 0.163581692, 0.400895306, 0, 0, 0, 0, 0, 0, 0, 0.241730908, 0.0856212891, -0.264356689, 0.00651996757, 0.312068714, -0.949909243, 0.548217773, -0.795654297, -0.257568359, -0.836297263, -0.51905148, -0.176308193, 4, 1, 
279.983108, 0.1, 0.1, 0.223980473, 0.0800530748, -0.019966973, 0.908310554, 5.14196591e-006, -0.41829647, 0.41829647, 1.21591604e-005, 0.908310554, 9.75663578e-006, -1, 8.89342753e-006, 0.908310555, -3.6481539e-006, -0.41829647, 0.41829647, -1.12721025e-005, 0.908310554, -8.02873739e-006, -1, -8.71255981e-006, 0, 0, 0, 0, 0, 0, 0, 0.189659717, 0.0745708496, -0.280587183, 0.0725607887, 0.85558145, -0.512442835, -0.426757813, 0.490966797, 0.759399414, 0.901357527, 0.163581692, 0.400895306, 0, 0, 0, 0, 0, 0, 0, 0.241730908, 0.0856212891, -0.264356689, 0.00651996757, 0.312068714, -0.949909243, 0.548217773, -0.795654297, -0.257568359, -0.836297263, -0.51905148, -0.176308193, 4, 1, 
279.983892, 0.1, 0.1, 0.223980477, 0.0800530905, -0.0199663428, 0.908310552, -4.8507235e-006, -0.418296474, 0.418296474, -1.15429417e-005, 0.908310552, -9.23433515e-006, -1, -8.4555352e-006, 0.908310553, -8.03684527e-006, -0.418296473, 0.418296473, -2.00641051e-005, 0.908310553, -1.56926958e-005, -1, -1.48626543e-005, 0, 0, 0, 0, 0, 0, 0, 0.189659717, 0.0745708496, -0.280587183, 0.0725607887, 0.85558145, -0.512442835, -0.426757813, 0.490966797, 0.759399414, 0.901357527, 0.163581692, 0.400895306, 0, 0, 0, 0, 0, 0, 0, 0.241730908, 0.0856212891, -0.264356689, 0.00651996757, 0.312068714, -0.949909243, 0.548217773, -0.795654297, -0.257568359, -0.836297263, -0.51905148, -0.176308193, 4, 1, 
279.984703, 0.1, 0.1, 0.223980481, 0.0800531079, -0.0199652311, 0.908310551, -8.05975988e-006, -0.418296478, 0.418296477, -2.12128599e-005, 0.908310551, -1.61940295e-005, -1, -1.58964952e-005, 0.908310551, -4.96869297e-006, -0.418296477, 0.418296477, -1.3671653e-005, 0.908310551, -1.02319205e-005, -1, -1.03397199e-005, 0, 0, 0, 0, 0, 0, 0, 0.18970647, 0.0743212402, -0.280398486, 0.0734620487, 0.855105171, -0.51310296, -0.426147461, 0.49206543, 0.759155273, 0.901585557, 0.162915575, 0.400629083, 0, 0, 0, 0, 0, 0, 0, 0.241943896, 0.0853719238, -0.264139795, 0.00659652651, 0.311346868, -0.950228606, 0.54699707, -0.796508789, -0.257202148, -0.837025672, -0.518022665, -0.175605303, 4, 1, 
279.985492, 0.1, 0.1, 0.223980485, 0.0800531247, -0.0199642638, 0.908310549, -5.64684752e-006, -0.418296481, 0.418296481, -1.43242167e-005, 0.908310549, -1.11208606e-005, -1, -1.06487807e-005, 0.90831055, 3.89930337e-006, -0.41829648, 0.41829648, 1.12137968e-005, 0.90831055, 8.23247012e-006, -1, 8.55454508e-006, 0, 0, 0, 0, 0, 0, 0, 0.18970647, 0.0743212402, -0.280398486, 0.0734620487, 0.855105171, -0.51310296, -0.426147461, 0.49206543, 0.759155273, 0.901585557, 0.162915575, 0.400629083, 0, 0, 0, 0, 0, 0, 0, 0.241943896, 0.0853719238, -0.264139795, 0.00659652651, 0.311346868, -0.950228606, 0.54699707, -0.796508789, -0.257202148, -0.837025672, -0.518022665, -0.175605303, 4, 1, 
279.986275, 0.1, 0.1, 0.223980489, 0.0800531408, -0.0199638378, 0.908310545, 4.11148456e-006, -0.41829649, 0.41829649, 1.05889367e-005, 0.908310545, 8.16381984e-006, -1, 7.89822331e-006, 0.908310546, 7.78968695e-006, -0.418296488, 0.418296488, 1.9762689e-005, 0.908310546, 1.53421182e-005, -1, 1.46922602e-005, 0, 0, 0, 0, 0, 0, 0, 0.18970647, 0.0743212402, -0.280398486, 0.0734620487, 0.855105171, -0.51310296, -0.426147461, 0.49206543, 0.759155273, 0.901585557, 0.162915575, 0.400629083, 0, 0, 0, 0, 0, 0, 0, 0.241943896, 0.0853719238, -0.264139795, 0.00659652651, 0.311346868, -0.950228606, 0.54699707, -0.796508789, -0.257202148, -0.837025672, -0.518022665, -0.175605303, 4, 1, 
279.987056, 0.1, 0.1, 0.223980493, 0.0800531553, -0.0199640922, 0.908310539, 7.45886576e-006, -0.418296504, 0.418296504, 1.91138879e-005, 0.908310538, 1.47702389e-005, -1, 1.42413283e-005, 0.90831054, 4.27215528e-006, -0.418296501, 0.418296501, 1.10765996e-005, 0.90831054, 8.51374651e-006, -1, 8.27396451e-006, 0, 0, 0, 0, 0, 0, 0, 0.18970647, 0.0743212402, -0.280398486, 0.0734620487, 0.855105171, -0.51310296, -0.426147461, 0.49206543, 0.759155273, 0.901585557, 0.162915575, 0.400629083, 0, 0, 0, 0, 0, 0, 0, 0.241943896, 0.0853719238, -0.264139795, 0.00659652651, 0.311346868, -0.950228606, 0.54699707, -0.796508789, -0.257202148, -0.837025672, -0.518022665, -0.175605303, 4, 1, 
279.987836, 0.1, 0.1, 0.223980496, 0.0800531694, -0.0199648866, 0.908310533, 3.87871174e-006, -0.418296517, 0.418296517, 1.15568157e-005, 0.908310533, 8.35725047e-006, -1, 8.87472579e-006, 0.908310534, -5.35862589e-006, -0.418296515, 0.418296515, -1.31189141e-005, 0.908310534, -1.03548924e-005, -1, -9.67455336e-006, 0, 0, 0, 0, 0, 0, 0, 0.18970647, 0.0743212402, -0.280398486, 0.0734620487, 0.855105171, -0.51310296, -0.426147461, 0.49206543, 0.759155273, 0.901585557, 0.162915575, 0.400629083, 0, 0, 0, 0, 0, 0, 0, 0.241943896, 0.0853719238, -0.264139795, 0.00659652651, 0.311346868, -0.950228606, 0.54699707, -0.796508789, -0.257202148, -0.837025672, -0.518022665, -0.175605303, 4, 1, 
279.989112, 0.1, 0.1, 0.2239805, 0.0800531875, -0.0199605449, 0.908310535, -8.23688875e-006, -0.418296512, 0.418296512, -2.21315395e-005, 0.908310535, -1.67391986e-005, -1, -1.66568487e-005, 0.908310532, -1.55840895e-005, -0.418296518, 0.418296517, -4.62275742e-005, 0.908310532, -3.34920259e-005, -0.999999999, -3.54702221e-005, 0, 0, 0, 0, 0, 0, 0, 0.18970647, 0.0743212402, -0.280398486, 0.0734811447, 0.854864037, -0.513502855, -0.42590332, 0.492553711, 0.758911133, 0.901706124, 0.162953767, 0.400445237, 0, 0, 0, 0, 0, 0, 0, 0.241943896, 0.0853719238, -0.264139795, 0.00659652651, 0.311346868, -0.950228606, 0.54699707, -0.796508789, -0.257202148, -0.837025672, -0.518022665, -0.175605303, 4, 1, 
279.990454, 0.1, 0.1, 0.223980508, 0.0800532165, -0.0199463026, 0.908310557, -1.60568311e-005, -0.418296463, 0.418296462, -4.8053838e-005, 0.908310557, -3.46853397e-005, -0.999999999, -3.69312927e-005, 0.908310552, -9.82443585e-006, -0.418296475, 0.418296474, -3.15243312e-005, 0.908310552, -2.21101554e-005, -0.999999999, -2.45243558e-005, 0, 0, 0, 0, 0, 0, 0, 0.189931055, 0.074085791, -0.279972998, 0.0734811447, 0.854864037, -0.513502855, -0.42590332, 0.492553711, 0.758911133, 0.901706124, 0.162953767, 0.400445237, 0, 0, 0, 0, 0, 0, 0, 0.241950488, 0.0848790527, -0.263696484, 0.00673068793, 0.310592939, -0.950388287, 0.54675293, -0.796875, -0.256591797, -0.837134314, -0.517856421, -0.175253858, 4, 1, 
279.991751, 0.1, 0.1, 0.223980516, 0.0800532479, -0.0199328425, 0.908310598, -1.37460566e-005, -0.418296374, 0.418296373, -3.85276168e-005, 0.908310598, -2.86016513e-005, -0.999999999, -2.92451171e-005, 0.908310589, 1.56629693e-005, -0.418296395, 0.418296394, 4.23689887e-005, 0.908310589, 3.19496361e-005, -0.999999999, 3.19324376e-005, 0, 0, 0, 0, 0, 0, 0, 0.189931055, 0.074085791, -0.279972998, 0.0734811447, 0.854864037, -0.513502855, -0.42590332, 0.492553711, 0.758911133, 0.901706124, 0.162953767, 0.400445237, 0, 0, 0, 0, 0, 0, 0, 0.241950488, 0.0848790527, -0.263696484, 0.00673068793, 0.310592939, -0.950388287, 0.54675293, -0.796875, -0.256591797, -0.837134314, -0.517856421, -0.175253858, 4, 1, 
279.993051, 0.1, 0.1, 0.223980524, 0.0800532761, -0.0199264329, 0.908310633, 1.36349607e-005, -0.418296298, 0.418296297, 4.50650633e-005, 0.908310633, 3.12353289e-005, -0.999999999, 3.52296226e-005, 0.90831063, 2.87591323e-005, -0.418296305, 0.418296302, 7.77176679e-005, 0.908310628, 5.86312388e-005, -0.999999997, 5.85619452e-005, 0, 0, 0, 0, 0, 0, 0, 0.189931055, 0.074085791, -0.279972998, 0.0734811447, 0.854864037, -0.513502855, -0.42590332, 0.492553711, 0.758911133, 0.901706124, 0.162953767, 0.400445237, 0, 0, 0, 0, 0, 0, 0, 0.241950488, 0.0848790527, -0.263696484, 0.00673068793, 0.310592939, -0.950388287, 0.54675293, -0.796875, -0.256591797, -0.837134314, -0.517856421, -0.175253858, 4, 1, 
279.9944, 0.1, 0.1, 0.223980528, 0.0800532968, -0.0199288421, 0.908310632, 3.12505057e-005, -0.418296301, 0.418296298, 7.5183387e-005, 0.908310631, 5.98340992e-005, -0.999999997, 5.52178988e-005, 0.908310632, 1.89616423e-005, -0.418296301, 0.4182963, 5.19138079e-005, 0.908310631, 3.89384151e-005, -0.999999998, 3.92222788e-005, 0, 0, 0, 0, 0, 0, 0, 0.18991543, 0.0740844482, -0.279750366, 0.0731576345, 0.854844941, -0.513477767, -0.425292969, 0.492431641, 0.759277344, 0.902004547, 0.1628332, 0.399823303, 0, 0, 0, 0, 0, 0, 0, 0.242140527, 0.084867334, -0.263466406, 0.00624508153, 0.310497057, -0.950439326, 0.54675293, -0.796875, -0.256713867, -0.837185353, -0.518111984, -0.174768252, 4, 1, 
279.995695, 0.1, 0.1, 0.223980532, 0.0800533139, -0.0199376836, 0.908310653, 1.10840014e-005, -0.418296257, 0.418296256, 3.37353021e-005, 0.908310652, 2.41790671e-005, -0.999999999, 2.60057379e-005, 0.908310644, -1.20804755e-005, -0.418296275, 0.418296274, -3.76986903e-005, 0.908310644, -2.67420462e-005, -0.999999999, -2.91889038e-005, 0, 0, 0, 0, 0, 0, 0, 0.18991543, 0.0740844482, -0.279750366, 0.0731576345, 0.854844941, -0.513477767, -0.425292969, 0.492431641, 0.759277344, 0.902004547, 0.1628332, 0.399823303, 0, 0, 0, 0, 0, 0, 0, 0.242140527, 0.084867334, -0.263466406, 0.00624508153, 0.310497057, -0.950439326, 0.54675293, -0.796875, -0.256713867, -0.837185353, -0.518111984, -0.174768252, 4, 1, 
279.997036, 0.1, 0.1, 0.223980535, 0.0800533316, -0.0199479043, 0.908310674, -1.46184601e-005, -0.418296209, 0.418296208, -4.12163284e-005, 0.908310674, -3.05187373e-005, -0.999999999, -3.13223846e-005, 0.908310673, -2.49286385e-005, -0.418296211, 0.418296209, -6.11482405e-005, 0.908310673, -4.82210257e-005, -0.999999998, -4.51140445e-005, 0, 0, 0, 0, 0, 0, 0, 0.189907251, 0.0738659668, -0.279298389, 0.0729737876, 0.854946412, -0.513332112, -0.424682617, 0.49230957, 0.759765625, 0.902404442, 0.162693537, 0.399182274, 0, 0, 0, 0, 0, 0, 0, 0.242109033, 0.084632373, -0.263014795, 0.00574671532, 0.310401175, -0.950477605, 0.546875, -0.79675293, -0.256958008, -0.837114991, -0.518367547, -0.174404047, 4, 1, 
279.998196, 0.1, 0.1, 0.223980541, 0.0800533517, -0.019954056, 0.908310673, -1.31277295e-005, -0.418296213, 0.418296212, -4.09353056e-005, 0.908310672, -2.90471401e-005, -0.999999999, -3.16906955e-005, 0.908310673, -8.76413752e-006, -0.418296213, 0.418296212, -3.13935712e-005, 0.908310672, -2.10923716e-005, -0.999999999, -2.48491103e-005, 0, 0, 0, 0, 0, 0, 0, 0.189907251, 0.0738659668, -0.279298389, 0.0729737876, 0.854946412, -0.513332112, -0.424682617, 0.49230957, 0.759765625, 0.902404442, 0.162693537, 0.399182274, 0, 0, 0, 0, 0, 0, 0, 0.242109033, 0.084632373, -0.263014795, 0.00574671532, 0.310401175, -0.950477605, 0.546875, -0.79675293, -0.256958008, -0.837114991, -0.518367547, -0.174404047, 4, 1, 
279.998992, 0.1, 0.1, 0.223980543, 0.0800533634, -0.0199601073, 0.908310677, -1.21980581e-005, -0.418296203, 0.418296202, -1.87071108e-005, 0.908310677, -1.89047399e-005, -1, -1.18894671e-005, 0.908310678, -1.31021098e-006, -0.418296202, 0.418296202, 7.91614904e-006, 0.908310678, 2.12121645e-006, -1, 7.73837898e-006, 0, 0, 0, 0, 0, 0, 0, 0.189907251, 0.0738659668, -0.279298389, 0.0729737876, 0.854946412, -0.513332112, -0.424682617, 0.49230957, 0.759765625, 0.902404442, 0.162693537, 0.399182274, 0, 0, 0, 0, 0, 0, 0, 0.242109033, 0.084632373, -0.263014795, 0.00574671532, 0.310401175, -0.950477605, 0.546875, -0.79675293, -0.256958008, -0.837114991, -0.518367547, -0.174404047, 4, 1, 
279.999776, 0.1, 0.1, 0.223980545, 0.0800533754, -0.0199673893, 0.908310678, 4.54984351e-008, -0.418296201, 0.418296201, 1.18360001e-005, 0.908310678, 4.99228061e-006, -1, 1.07317335e-005, 0.908310678, 1.59357229e-006, -0.418296202, 0.418296202, 1.81872476e-005, 0.908310677, 9.05511533e-006, -1, 1.58530859e-005, 0, 0, 0, 0, 0, 0, 0, 0.189907251, 0.0738659668, -0.279298389, 0.0729737876, 0.854946412, -0.513332112, -0.424682617, 0.49230957, 0.759765625, 0.902404442, 0.162693537, 0.399182274, 0, 0, 0, 0, 0, 0, 0, 0.242109033, 0.084632373, -0.263014795, 0.00574671532, 0.310401175, -0.950477605, 0.546875, -0.79675293, -0.256958008, -0.837114991, -0.518367547, -0.174404047, 4, 1, 
