time, realDorsalTactorPos, realVentralTactorPos, boxPosX, boxPosY, boxPosZ, boxLocalRot_11, boxLocalRot_12, boxLocalRot_13, boxLocalRot_21, boxLocalRot_22, boxLocalRot_23, boxLocalRot_31, boxLocalRot_32, boxLocalRot_33, boxGlobalRot_11, boxGlobalRot_12, boxGlobalRot_13, boxGlobalRot_21, boxGlobalRot_22, boxGlobalRot_23, boxGlobalRot_31, boxGlobalRot_32, boxGlobalRot_33, indexForceX, indexForceY, indexForceZ, indexForceGlobalX, indexForceGlobalY, indexForceGlobalZ, indexContact, indexPosX, indexPosY, indexPosZ, indexRot_11, indexRot_12, indexRot_13, indexRot_21, indexRot_22, indexRot_23, indexRot_31, indexRot_32, indexRot_33, thumbForceX, thumbForceY, thumbForceZ, thumbForceGlobalX, thumbForceGlobalY, thumbForceGlobalZ, thumbContact, thumbPosX, thumbPosY, thumbPosZ, thumbRot_11, thumbRot_12, thumbRot_13, thumbRot_21, thumbRot_22, thumbRot_23, thumbRot_31, thumbRot_32, thumbRot_33, mapping, trialSuccess, 
375.537452, 0.1, 0.1, 0.217780776, -0.100718579, -0.0199629692, 0.991739218, -2.99155998e-005, -0.128270509, 0.128270507, -7.03834425e-005, 0.991739216, -3.86965934e-005, -0.999999997, -6.59647311e-005, 0.991739088, -1.14963939e-005, -0.128271514, 0.128271513, -7.47628283e-005, 0.991739085, -2.09913644e-005, -0.999999997, -7.26705593e-005, 0, 0, 0, 0, 0, 0, 0, 0.216222607, -0.0941379639, -0.261561279, -0.47612221, 0.791527668, -0.382800372, -0.651611328, -0.025390625, 0.758056641, 0.59041794, 0.61050071, 0.528054318, 0, 0, 0, 0, 0, 0, 0, 0.259043848, -0.0671875, -0.222507812, -0.318545753, 0.427460452, -0.845960395, 0.837036133, -0.291748047, -0.462646484, -0.444668586, -0.855512616, -0.264927066, 5, 1, 
375.587332, 0.1, 0.1, 0.217781746, -0.100725418, -0.0199636596, 0.991738793, 1.78179811e-005, -0.128273796, 0.128273795, 3.21238944e-005, 0.991738792, 2.17914369e-005, -0.999999999, 2.95729322e-005, 0.991738893, 2.07872041e-005, -0.128273021, 0.128273021, 1.80118008e-005, 0.991738893, 2.29259069e-005, -1, 1.51965659e-005, 0, 0, 0, 0, 0, 0, 0, 0.21682583, -0.0918404541, -0.260174414, -0.474328308, 0.796943845, -0.3738342, -0.644775391, -0.025390625, 0.763916016, 0.599403209, 0.603339683, 0.526139848, 0, 0, 0, 0, 0, 0, 0, 0.259491895, -0.0660162598, -0.221307617, -0.322391958, 0.425415581, -0.845487182, 0.836425781, -0.290039063, -0.46484375, -0.443108955, -0.85707771, -0.262422475, 5, 1, 
375.588358, 0.1, 0.1, 0.217781756, -0.100725515, -0.0199623703, 0.99173813, -5.25738594e-007, -0.128278921, 0.128278921, -2.63112572e-005, 0.99173813, -3.89657469e-006, -1, -2.60264358e-005, 0.991738254, -1.8544758e-005, -0.128277959, 0.128277959, -3.35369947e-005, 0.991738254, -2.26936032e-005, -0.999999999, -3.08810369e-005, 0, 0, 0, 0, 0, 0, 0, 0.21682583, -0.0918404541, -0.260174414, -0.473312472, 0.797368827, -0.374050247, -0.64453125, -0.0240478516, 0.764160156, 0.600354644, 0.602901597, 0.525556107, 0, 0, 0, 0, 0, 0, 0, 0.259491895, -0.0660162598, -0.221307617, -0.322391958, 0.425415581, -0.845487182, 0.836425781, -0.290039063, -0.46484375, -0.443108955, -0.85707771, -0.262422475, 5, 1, 
375.589167, 0.1, 0.1, 0.217781771, -0.100725582, -0.0199603703, 0.9917376, -1.05965536e-005, -0.128283016, 0.128283016, 2.30844669e-005, 0.9917376, -7.54765556e-006, -1, 2.42530916e-005, 0.991737703, 1.62059172e-005, -0.128282222, 0.128282222, 4.17409489e-005, 0.991737702, 2.14266408e-005, -0.999999999, 3.93171417e-005, 0, 0, 0, 0, 0, 0, 0, 0.21688064, -0.0915968262, -0.259740747, -0.473312472, 0.797368827, -0.374050247, -0.64453125, -0.0240478516, 0.764160156, 0.600354644, 0.602901597, 0.525556107, 0, 0, 0, 0, 0, 0, 0, 0.259499951, -0.066004541, -0.221089258, -0.322085356, 0.425511463, -0.845634103, 0.836303711, -0.290649414, -0.46484375, -0.443690443, -0.856822147, -0.262192432, 5, 1, 
375.589958, 0.1, 0.1, 0.217781781, -0.100725653, -0.0199602668, 0.991737071, 3.17318057e-005, -0.128287102, 0.128287101, 2.96600533e-005, 0.991737071, 3.52746103e-005, -0.999999999, 2.5344193e-005, 0.991737178, 2.28113192e-005, -0.128286278, 0.128286278, 3.44428951e-007, 0.991737178, 2.26670188e-005, -1, -2.58479625e-006, 0, 0, 0, 0, 0, 0, 0, 0.21688064, -0.0915968262, -0.259740747, -0.473312472, 0.797368827, -0.374050247, -0.64453125, -0.0240478516, 0.764160156, 0.600354644, 0.602901597, 0.525556107, 0, 0, 0, 0, 0, 0, 0, 0.259499951, -0.066004541, -0.221089258, -0.322085356, 0.425511463, -0.845634103, 0.836303711, -0.290649414, -0.46484375, -0.443690443, -0.856822147, -0.262192432, 5, 1, 
375.590878, 0.1, 0.1, 0.217781789, -0.100725733, -0.0199608398, 0.991736448, -3.55254868e-005, -0.128291915, 0.128291914, -4.28029721e-005, 0.991736448, -4.07231954e-005, -0.999999998, -3.78916349e-005, 0.991736559, -4.00633125e-005, -0.128291059, 0.128291057, -2.86362878e-005, 0.99173656, -4.34060314e-005, -0.999999999, -2.32598888e-005, 0, 0, 0, 0, 0, 0, 0, 0.21688064, -0.0915968262, -0.259740747, -0.473312472, 0.797368827, -0.374050247, -0.64453125, -0.0240478516, 0.764160156, 0.600354644, 0.602901597, 0.525556107, 0, 0, 0, 0, 0, 0, 0, 0.259499951, -0.066004541, -0.221089258, -0.322085356, 0.425511463, -0.845634103, 0.836303711, -0.290649414, -0.46484375, -0.443690443, -0.856822147, -0.262192432, 5, 1, 
375.591666, 0.1, 0.1, 0.2177818, -0.100725803, -0.0199620785, 0.991735906, 6.72166849e-006, -0.128296117, 0.128296116, 1.73988778e-005, 0.991735905, 8.89832844e-006, -1, 1.63927278e-005, 0.991736013, 1.94921571e-005, -0.128295283, 0.128295283, 1.95597878e-005, 0.991736013, 2.18405026e-005, -1, 1.68973941e-005, 0, 0, 0, 0, 0, 0, 0, 0.21688064, -0.0915968262, -0.259740747, -0.473312472, 0.797368827, -0.374050247, -0.64453125, -0.0240478516, 0.764160156, 0.600354644, 0.602901597, 0.525556107, 0, 0, 0, 0, 0, 0, 0, 0.259499951, -0.066004541, -0.221089258, -0.322085356, 0.425511463, -0.845634103, 0.836303711, -0.290649414, -0.46484375, -0.443690443, -0.856822147, -0.262192432, 5, 1, 
375.592539, 0.1, 0.1, 0.217781809, -0.100725884, -0.0199640119, 0.991735308, 2.54733619e-005, -0.128300735, 0.128300735, -1.55949615e-005, 0.991735308, 2.32619874e-005, -1, -1.8734325e-005, 0.991735427, -1.92278089e-006, -0.128299813, 0.128299813, -3.64365873e-005, 0.991735427, -6.58169727e-006, -0.999999999, -3.58887621e-005, 0, 0, 0, 0, 0, 0, 0, 0.21688064, -0.0915968262, -0.259740747, -0.473312472, 0.797368827, -0.374050247, -0.64453125, -0.0240478516, 0.764160156, 0.600354644, 0.602901597, 0.525556107, 0, 0, 0, 0, 0, 0, 0, 0.259499951, -0.066004541, -0.221089258, -0.322085356, 0.425511463, -0.845634103, 0.836303711, -0.290649414, -0.46484375, -0.443690443, -0.856822147, -0.262192432, 5, 1, 
375.593549, 0.1, 0.1, 0.217781824, -0.100725964, -0.0199630506, 0.991734595, -2.8528037e-005, -0.128306241, 0.128306241, -1.25577141e-005, 0.991734596, -2.99034743e-005, -1, -8.79359436e-006, 0.991734708, -1.99600801e-005, -0.128305371, 0.128305371, 1.46233397e-005, 0.991734708, -1.79188512e-005, -1, 1.7063459e-005, 0, 0, 0, 0, 0, 0, 0, 0.216677661, -0.0911170166, -0.259470752, -0.472956761, 0.798079127, -0.373148987, -0.644165039, -0.0242919922, 0.764404297, 0.601039856, 0.601923953, 0.525784137, 0, 0, 0, 0, 0, 0, 0, 0.259248389, -0.0659613281, -0.221069482, -0.322424041, 0.426105711, -0.845231619, 0.8359375, -0.290527344, -0.465332031, -0.443971526, -0.856636947, -0.262518357, 5, 1, 
375.59437, 0.1, 0.1, 0.217781835, -0.100726031, -0.0199619881, 0.991734016, 2.38016459e-005, -0.128310724, 0.128310723, 4.41612238e-005, 0.991734015, 2.92712604e-005, -0.999999999, 4.07421815e-005, 0.991734129, 2.70278281e-005, -0.128309843, 0.128309842, 3.13469886e-005, 0.991734129, 3.08265467e-005, -0.999999999, 2.76199421e-005, 0, 0, 0, 0, 0, 0, 0, 0.216677661, -0.0911170166, -0.259470752, -0.472956761, 0.798079127, -0.373148987, -0.644165039, -0.0242919922, 0.764404297, 0.601039856, 0.601923953, 0.525784137, 0, 0, 0, 0, 0, 0, 0, 0.259248389, -0.0659613281, -0.221069482, -0.322424041, 0.426105711, -0.845231619, 0.8359375, -0.290527344, -0.465332031, -0.443971526, -0.856636947, -0.262518357, 5, 1, 
375.59517, 0.1, 0.1, 0.217781842, -0.100726096, -0.0199619694, 0.99173346, -4.81365024e-006, -0.12831502, 0.128315019, -2.24444149e-005, 0.99173346, -7.65381355e-006, -1, -2.16412136e-005, 0.991733571, -2.017379e-005, -0.12831416, 0.12831416, -2.35734577e-005, 0.991733571, -2.30318332e-005, -1, -2.07900065e-005, 0, 0, 0, 0, 0, 0, 0, 0.216677661, -0.0911170166, -0.259470752, -0.472956761, 0.798079127, -0.373148987, -0.644165039, -0.0242919922, 0.764404297, 0.601039856, 0.601923953, 0.525784137, 0, 0, 0, 0, 0, 0, 0, 0.259248389, -0.0659613281, -0.221069482, -0.322424041, 0.426105711, -0.845231619, 0.8359375, -0.290527344, -0.465332031, -0.443971526, -0.856636947, -0.262518357, 5, 1, 
375.595999, 0.1, 0.1, 0.217781857, -0.10072616, -0.0199625714, 0.991732864, -9.90625807e-006, -0.128319629, 0.12831963, 1.31501421e-005, 0.991732863, -8.13694032e-006, -1, 1.43125954e-005, 0.991732975, 1.60373647e-005, -0.128318768, 0.128318768, 3.31651858e-005, 0.991732975, 2.01604992e-005, -0.999999999, 3.08331135e-005, 0, 0, 0, 0, 0, 0, 0, 0.216677661, -0.0911170166, -0.259470752, -0.472956761, 0.798079127, -0.373148987, -0.644165039, -0.0242919922, 0.764404297, 0.601039856, 0.601923953, 0.525784137, 0, 0, 0, 0, 0, 0, 0, 0.259248389, -0.0659613281, -0.221069482, -0.322424041, 0.426105711, -0.845231619, 0.8359375, -0.290527344, -0.465332031, -0.443971526, -0.856636947, -0.262518357, 5, 1, 
375.596794, 0.1, 0.1, 0.217781866, -0.100726228, -0.0199638931, 0.991732298, 2.55865741e-005, -0.128323997, 0.128323997, 1.16683422e-005, 0.991732298, 2.68723602e-005, -1, 8.28850033e-006, 0.99173241, 1.80271243e-005, -0.128323131, 0.128323131, -1.46836159e-005, 0.99173241, 1.59938358e-005, -1, -1.68755149e-005, 0, 0, 0, 0, 0, 0, 0, 0.216677661, -0.0911170166, -0.259470752, -0.472956761, 0.798079127, -0.373148987, -0.644165039, -0.0242919922, 0.764404297, 0.601039856, 0.601923953, 0.525784137, 0, 0, 0, 0, 0, 0, 0, 0.259248389, -0.0659613281, -0.221069482, -0.322424041, 0.426105711, -0.845231619, 0.8359375, -0.290527344, -0.465332031, -0.443971526, -0.856636947, -0.262518357, 5, 1, 
375.597691, 0.1, 0.1, 0.217781873, -0.100726302, -0.0199652999, 0.991731668, -2.4866949e-005, -0.128328869, 0.128328868, -4.19553667e-005, 0.991731667, -3.00454255e-005, -0.999999999, -3.84173184e-005, 0.99173185, -2.78605848e-005, -0.128327464, 0.128327463, -2.30946139e-005, 0.99173185, -3.05939025e-005, -0.999999999, -1.9328386e-005, 0, 0, 0, 0, 0, 0, 0, 0.216677661, -0.0911170166, -0.259470752, -0.472956761, 0.798079127, -0.373148987, -0.644165039, -0.0242919922, 0.764404297, 0.601039856, 0.601923953, 0.525784137, 0, 0, 0, 0, 0, 0, 0, 0.259248389, -0.0659613281, -0.221069482, -0.322424041, 0.426105711, -0.845231619, 0.8359375, -0.290527344, -0.465332031, -0.443971526, -0.856636947, -0.262518357, 5, 1, 
375.598569, 0.1, 0.1, 0.217781886, -0.100726371, -0.0199643553, 0.991731054, 4.02579866e-006, -0.128333616, 0.128333616, 2.6298e-005, 0.991731053, 7.36742699e-006, -1, 2.5563898e-005, 0.991731163, 1.899511e-005, -0.128332774, 0.128332773, 2.86645969e-005, 0.991731162, 2.25166498e-005, -0.999999999, 2.59898788e-005, 0, 0, 0, 0, 0, 0, 0, 0.216511792, -0.0917520752, -0.259233105, -0.471972004, 0.798808523, -0.372775302, -0.642700195, -0.0224609375, 0.76574707, 0.603355725, 0.601066876, 0.524241848, 0, 0, 0, 0, 0, 0, 0, 0.259184912, -0.0661711426, -0.221027734, -0.323050372, 0.426188833, -0.844809812, 0.835205078, -0.291381836, -0.466308594, -0.445019298, -0.856259982, -0.26186031, 5, 1, 
375.599359, 0.1, 0.1, 0.217781891, -0.100726436, -0.0199636793, 0.991730503, 9.78281773e-006, -0.128337868, 0.128337868, -8.47470857e-006, 0.991730503, 8.61429272e-006, -1, -9.66013297e-006, 0.991730609, -1.41390222e-005, -0.128337049, 0.128337049, -2.6139582e-005, 0.991730609, -1.73767779e-005, -1, -2.41088632e-005, 0, 0, 0, 0, 0, 0, 0, 0.216511792, -0.0917520752, -0.259233105, -0.471972004, 0.798808523, -0.372775302, -0.642700195, -0.0224609375, 0.76574707, 0.603355725, 0.601066876, 0.524241848, 0, 0, 0, 0, 0, 0, 0, 0.259184912, -0.0661711426, -0.221027734, -0.323050372, 0.426188833, -0.844809812, 0.835205078, -0.291381836, -0.466308594, -0.445019298, -0.856259982, -0.26186031, 5, 1, 
375.600336, 0.1, 0.1, 0.217781897, -0.10072651, -0.0199622099, 0.991729822, -4.96658958e-005, -0.128343122, 0.12834312, -3.8464251e-005, 0.991729823, -5.41917721e-005, -0.999999998, -3.17718688e-005, 0.991729964, -4.15849547e-005, -0.12834203, 0.12834203, -3.76783718e-006, 0.991729965, -4.17246175e-005, -0.999999999, 1.60042048e-006, 0, 0, 0, 0, 0, 0, 0, 0.216511792, -0.0917520752, -0.259233105, -0.471228381, 0.79963939, -0.372059011, -0.640991211, -0.0207519531, 0.767211914, 0.605709785, 0.600070136, 0.522521704, 0, 0, 0, 0, 0, 0, 0, 0.259184912, -0.0661711426, -0.221027734, -0.323050372, 0.426188833, -0.844809812, 0.835205078, -0.291381836, -0.466308594, -0.445019298, -0.856259982, -0.26186031, 5, 1, 
375.601158, 0.1, 0.1, 0.217781905, -0.100726577, -0.0199601276, 0.991729239, 2.03352415e-005, -0.128347638, 0.128347638, 2.09763139e-005, 0.991729239, 2.28593139e-005, -1, 1.81928436e-005, 0.991729353, 2.01028979e-005, -0.12834676, 0.128346759, 5.34183483e-006, 0.991729353, 2.06222411e-005, -1, 2.7175126e-006, 0, 0, 0, 0, 0, 0, 0, 0.216333716, -0.0921591309, -0.259424976, -0.471228381, 0.79963939, -0.372059011, -0.640991211, -0.0207519531, 0.767211914, 0.605709785, 0.600070136, 0.522521704, 0, 0, 0, 0, 0, 0, 0, 0.258899658, -0.0663360352, -0.221212646, -0.323504262, 0.426853444, -0.844362485, 0.834106445, -0.292480469, -0.467407227, -0.446539916, -0.855576415, -0.261445066, 5, 1, 
375.601952, 0.1, 0.1, 0.217781911, -0.10072664, -0.0199600146, 0.991728675, 9.55683926e-007, -0.128351997, 0.128351997, -3.03978974e-005, 0.991728675, -2.95385169e-006, -1, -3.02691305e-005, 0.991728784, -1.6522476e-005, -0.128351152, 0.128351151, -3.61543901e-005, 0.991728784, -2.10262726e-005, -0.999999999, -3.37346706e-005, 0, 0, 0, 0, 0, 0, 0, 0.216333716, -0.0921591309, -0.259424976, -0.471228381, 0.79963939, -0.372059011, -0.640991211, -0.0207519531, 0.767211914, 0.605709785, 0.600070136, 0.522521704, 0, 0, 0, 0, 0, 0, 0, 0.258899658, -0.0663360352, -0.221212646, -0.323504262, 0.426853444, -0.844362485, 0.834106445, -0.292480469, -0.467407227, -0.446539916, -0.855576415, -0.261445066, 5, 1, 
375.6028, 0.1, 0.1, 0.217781926, -0.100726697, -0.0199614857, 0.99172807, -4.41848259e-006, -0.128356675, 0.128356675, 2.33537734e-005, 0.991728069, -1.38432051e-006, -1, 2.37277344e-005, 0.991728192, 2.30317779e-005, -0.128355727, 0.128355726, 4.11858156e-005, 0.991728192, 2.81276988e-005, -0.999999999, 3.78888739e-005, 0, 0, 0, 0, 0, 0, 0, 0.216333716, -0.0921591309, -0.259424976, -0.471228381, 0.79963939, -0.372059011, -0.640991211, -0.0207519531, 0.767211914, 0.605709785, 0.600070136, 0.522521704, 0, 0, 0, 0, 0, 0, 0, 0.258899658, -0.0663360352, -0.221212646, -0.323504262, 0.426853444, -0.844362485, 0.834106445, -0.292480469, -0.467407227, -0.446539916, -0.855576415, -0.261445066, 5, 1, 
375.603659, 0.1, 0.1, 0.217781934, -0.100726762, -0.0199628909, 0.991727451, -1.34659234e-005, -0.128361454, 0.128361454, 2.48554872e-005, 0.991727451, -1.01640394e-005, -1, 2.63783745e-005, 0.991727562, 2.4405654e-006, -0.128360593, 0.128360593, -1.18479191e-006, 0.991727562, 2.26829538e-006, -1, -1.48826321e-006, 0, 0, 0, 0, 0, 0, 0, 0.216333716, -0.0921591309, -0.259424976, -0.471228381, 0.79963939, -0.372059011, -0.640991211, -0.0207519531, 0.767211914, 0.605709785, 0.600070136, 0.522521704, 0, 0, 0, 0, 0, 0, 0, 0.258899658, -0.0663360352, -0.221212646, -0.323504262, 0.426853444, -0.844362485, 0.834106445, -0.292480469, -0.467407227, -0.446539916, -0.855576415, -0.261445066, 5, 1, 
375.604451, 0.1, 0.1, 0.217781941, -0.100726815, -0.0199647786, 0.991726958, -6.41887539e-006, -0.12836526, 0.12836526, -1.53139472e-005, 0.991726958, -8.33155059e-006, -1, -1.43632937e-005, 0.991727051, -8.59312892e-006, -0.128364548, 0.128364548, -2.40060294e-006, 0.991727051, -8.83019071e-006, -1, -1.27768976e-006, 0, 0, 0, 0, 0, 0, 0, 0.216333716, -0.0921591309, -0.259424976, -0.471228381, 0.79963939, -0.372059011, -0.640991211, -0.0207519531, 0.767211914, 0.605709785, 0.600070136, 0.522521704, 0, 0, 0, 0, 0, 0, 0, 0.258899658, -0.0663360352, -0.221212646, -0.323504262, 0.426853444, -0.844362485, 0.834106445, -0.292480469, -0.467407227, -0.446539916, -0.855576415, -0.261445066, 5, 1, 
375.605366, 0.1, 0.1, 0.217781948, -0.100726875, -0.0199659799, 0.991726447, -4.364589e-006, -0.128369209, 0.128369209, 3.82732894e-005, 0.991726447, 5.84633541e-007, -0.999999999, 3.85169122e-005, 0.991726539, -1.76196577e-005, -0.128368503, 0.128368503, 4.05557835e-005, 0.991726538, -1.22677969e-005, -0.999999999, 4.24820559e-005, 0, 0, 0, 0, 0, 0, 0, 0.216351172, -0.0925770508, -0.259592554, -0.470980133, 0.800248219, -0.37092972, -0.639770508, -0.0203857422, 0.768310547, 0.607277162, 0.599232156, 0.521848474, 0, 0, 0, 0, 0, 0, 0, 0.258899658, -0.0663360352, -0.221212646, -0.323683266, 0.42731353, -0.844119682, 0.833740234, -0.29284668, -0.467895508, -0.447172444, -0.855282573, -0.261419546, 5, 1, 
375.606186, 0.1, 0.1, 0.217781957, -0.100726935, -0.0199658086, 0.991726061, 2.70414482e-005, -0.128372193, 0.128372193, -5.57485032e-006, 0.991726061, 2.61020532e-005, -1, -9.00009436e-006, 0.991726146, 2.38941272e-006, -0.128371539, 0.128371539, -2.14998205e-005, 0.991726145, -3.90321966e-007, -1, -2.16286667e-005, 0, 0, 0, 0, 0, 0, 0, 0.216351172, -0.0925770508, -0.259592554, -0.470980133, 0.800248219, -0.37092972, -0.639770508, -0.0203857422, 0.768310547, 0.607277162, 0.599232156, 0.521848474, 0, 0, 0, 0, 0, 0, 0, 0.258874512, -0.0665226563, -0.221196045, -0.323683266, 0.42731353, -0.844119682, 0.833740234, -0.29284668, -0.467895508, -0.447172444, -0.855282573, -0.261419546, 5, 1, 
375.606978, 0.1, 0.1, 0.217781967, -0.100726988, -0.019965296, 0.991725677, -2.2488279e-005, -0.128375154, 0.128375154, -2.48208276e-005, 0.991725677, -2.54885813e-005, -0.999999999, -2.17285158e-005, 0.991725756, -1.22837614e-005, -0.128374552, 0.128374552, 2.94370212e-006, 0.991725756, -1.18042261e-005, -1, 4.49626759e-006, 0, 0, 0, 0, 0, 0, 0, 0.216351172, -0.0925770508, -0.259592554, -0.470980133, 0.800248219, -0.37092972, -0.639770508, -0.0203857422, 0.768310547, 0.607277162, 0.599232156, 0.521848474, 0, 0, 0, 0, 0, 0, 0, 0.258874512, -0.0665226563, -0.221196045, -0.323683266, 0.42731353, -0.844119682, 0.833740234, -0.29284668, -0.467895508, -0.447172444, -0.855282573, -0.261419546, 5, 1, 
375.607759, 0.1, 0.1, 0.217781975, -0.100727046, -0.0199648981, 0.991725279, 1.16586525e-005, -0.128378231, 0.128378231, 1.53632944e-005, 0.991725279, 1.3534493e-005, -1, 1.37394503e-005, 0.991725359, 1.63337904e-005, -0.128377617, 0.128377616, 4.04492799e-006, 0.991725359, 1.67179124e-005, -1, 1.91456459e-006, 0, 0, 0, 0, 0, 0, 0, 0.216351172, -0.0925770508, -0.259592554, -0.470980133, 0.800248219, -0.37092972, -0.639770508, -0.0203857422, 0.768310547, 0.607277162, 0.599232156, 0.521848474, 0, 0, 0, 0, 0, 0, 0, 0.258874512, -0.0665226563, -0.221196045, -0.323683266, 0.42731353, -0.844119682, 0.833740234, -0.29284668, -0.467895508, -0.447172444, -0.855282573, -0.261419546, 5, 1, 
375.60855, 0.1, 0.1, 0.217781982, -0.100727099, -0.0199647652, 0.991724877, -1.26160789e-005, -0.128381339, 0.128381339, 5.98605128e-006, 0.991724877, -1.1743182e-005, -1, 7.55618507e-006, 0.991724955, 1.71906416e-006, -0.128380734, 0.128380734, 9.30375161e-006, 0.991724955, 2.89926129e-006, -1, 9.00606793e-006, 0, 0, 0, 0, 0, 0, 0, 0.216351172, -0.0925770508, -0.259592554, -0.470980133, 0.800248219, -0.37092972, -0.639770508, -0.0203857422, 0.768310547, 0.607277162, 0.599232156, 0.521848474, 0, 0, 0, 0, 0, 0, 0, 0.258874512, -0.0665226563, -0.221196045, -0.323683266, 0.42731353, -0.844119682, 0.833740234, -0.29284668, -0.467895508, -0.447172444, -0.855282573, -0.261419546, 5, 1, 
375.609373, 0.1, 0.1, 0.217781993, -0.100727155, -0.0199645843, 0.991724475, 2.98532558e-005, -0.128384441, 0.128384441, -2.03911142e-006, 0.991724475, 2.93444143e-005, -1, -5.85493027e-006, 0.991724546, 3.28486126e-005, -0.128383891, 0.12838389, 1.11139887e-005, 0.991724547, 3.40036325e-005, -0.999999999, 6.80478269e-006, 0, 0, 0, 0, 0, 0, 0, 0.216351172, -0.0925770508, -0.259592554, -0.470980133, 0.800248219, -0.37092972, -0.639770508, -0.0203857422, 0.768310547, 0.607277162, 0.599232156, 0.521848474, 0, 0, 0, 0, 0, 0, 0, 0.258874512, -0.0665226563, -0.221196045, -0.323683266, 0.42731353, -0.844119682, 0.833740234, -0.29284668, -0.467895508, -0.447172444, -0.855282573, -0.261419546, 5, 1, 
375.610262, 0.1, 0.1, 0.217781997, -0.100727216, -0.0199638862, 0.991724109, -1.94511661e-005, -0.128387269, 0.128387268, -1.45114167e-005, 0.991724109, -2.11532715e-005, -1, -1.18940397e-005, 0.991724179, -3.23093911e-005, -0.128386725, 0.128386725, -1.70362646e-005, 0.99172418, -3.42292346e-005, -0.999999999, -1.27471786e-005, 0, 0, 0, 0, 0, 0, 0, 0.216315894, -0.0918835205, -0.259492944, -0.471684442, 0.800755576, -0.369006633, -0.638916016, -0.0220947266, 0.768920898, 0.607512305, 0.598533839, 0.522285438, 0, 0, 0, 0, 0, 0, 0, 0.258874512, -0.0665226563, -0.221196045, -0.324366833, 0.427811896, -0.843544756, 0.833862305, -0.291503906, -0.468505859, -0.446507833, -0.855352935, -0.262218318, 5, 1, 
375.611066, 0.1, 0.1, 0.217782006, -0.100727269, -0.0199629317, 0.991723813, -6.13015442e-006, -0.128389557, 0.128389557, 5.3458091e-006, 0.991723813, -5.39307406e-006, -1, 6.088614e-006, 0.991723868, -1.86576188e-006, -0.128389136, 0.128389136, -9.14337495e-006, 0.991723868, -3.0242306e-006, -1, -8.82815962e-006, 0, 0, 0, 0, 0, 0, 0, 0.216315894, -0.0918835205, -0.259492944, -0.471684442, 0.800755576, -0.369006633, -0.638916016, -0.0220947266, 0.768920898, 0.607512305, 0.598533839, 0.522285438, 0, 0, 0, 0, 0, 0, 0, 0.259066504, -0.0660446777, -0.221174805, -0.324366833, 0.427811896, -0.843544756, 0.833862305, -0.291503906, -0.468505859, -0.446507833, -0.855352935, -0.262218318, 5, 1, 
375.611848, 0.1, 0.1, 0.217782012, -0.10072732, -0.0199628637, 0.991723604, -3.14228125e-006, -0.128391171, 0.128391171, 7.73344668e-006, 0.991723604, -2.12336821e-006, -1, 8.07288278e-006, 0.99172364, -1.47074209e-005, -0.128390894, 0.128390894, 6.10459491e-006, 0.99172364, -1.38019226e-005, -1, 7.94236999e-006, 0, 0, 0, 0, 0, 0, 0, 0.216315894, -0.0918835205, -0.259492944, -0.471684442, 0.800755576, -0.369006633, -0.638916016, -0.0220947266, 0.768920898, 0.607512305, 0.598533839, 0.522285438, 0, 0, 0, 0, 0, 0, 0, 0.259066504, -0.0660446777, -0.221174805, -0.324366833, 0.427811896, -0.843544756, 0.833862305, -0.291503906, -0.468505859, -0.446507833, -0.855352935, -0.262218318, 5, 1, 
375.612653, 0.1, 0.1, 0.217782024, -0.100727372, -0.0199634791, 0.991723426, -1.56876157e-005, -0.128392543, 0.128392543, -9.5710149e-006, 0.991723427, -1.6786623e-005, -1, -7.47762681e-006, 0.991723463, 1.19711767e-005, -0.128392258, 0.128392258, 7.29809497e-006, 0.991723463, 1.28091157e-005, -1, 5.70068561e-006, 0, 0, 0, 0, 0, 0, 0, 0.216315894, -0.0918835205, -0.259492944, -0.471684442, 0.800755576, -0.369006633, -0.638916016, -0.0220947266, 0.768920898, 0.607512305, 0.598533839, 0.522285438, 0, 0, 0, 0, 0, 0, 0, 0.259066504, -0.0660446777, -0.221174805, -0.324366833, 0.427811896, -0.843544756, 0.833862305, -0.291503906, -0.468505859, -0.446507833, -0.855352935, -0.262218318, 5, 1, 
375.613465, 0.1, 0.1, 0.217782027, -0.100727425, -0.0199644826, 0.991723276, 1.23218823e-005, -0.128393704, 0.128393704, -7.8308663e-006, 0.991723276, 1.12144636e-005, -1, -9.3481045e-006, 0.991723303, 1.61541397e-006, -0.128393501, 0.128393501, -8.9405752e-006, 0.991723303, 4.54131924e-007, -1, -9.07398542e-006, 0, 0, 0, 0, 0, 0, 0, 0.216315894, -0.0918835205, -0.259492944, -0.471684442, 0.800755576, -0.369006633, -0.638916016, -0.0220947266, 0.768920898, 0.607512305, 0.598533839, 0.522285438, 0, 0, 0, 0, 0, 0, 0, 0.259014014, -0.0656067383, -0.221156738, -0.325625325, 0.427875696, -0.843129512, 0.834228516, -0.289672852, -0.469116211, -0.445044451, -0.855959943, -0.262665645, 5, 1, 
375.61426, 0.1, 0.1, 0.217782035, -0.100727476, -0.01996574, 0.991723127, 2.66617293e-006, -0.128394859, 0.128394859, 1.96366042e-006, 0.991723127, 2.89622926e-006, -1, 1.60508455e-006, 0.991723158, 6.11849184e-006, -0.128394618, 0.128394618, -9.83600085e-006, 0.991723158, 4.80496047e-006, -1, -1.05401713e-005, 0, 0, 0, 0, 0, 0, 0, 0.216315894, -0.0918835205, -0.259492944, -0.471684442, 0.800755576, -0.369006633, -0.638916016, -0.0220947266, 0.768920898, 0.607512305, 0.598533839, 0.522285438, 0, 0, 0, 0, 0, 0, 0, 0.259014014, -0.0656067383, -0.221156738, -0.325625325, 0.427875696, -0.843129512, 0.834228516, -0.289672852, -0.469116211, -0.445044451, -0.855959943, -0.262665645, 5, 1, 
375.615088, 0.1, 0.1, 0.217782044, -0.100727528, -0.0199666354, 0.991722952, 3.10926335e-005, -0.128396206, 0.128396205, 6.80193405e-006, 0.991722952, 3.17086209e-005, -0.999999999, 2.75345795e-006, 0.991722992, 1.99552121e-005, -0.128395896, 0.128395896, 4.79737192e-006, 0.991722992, 2.04060055e-005, -1, 2.19549669e-006, 0, 0, 0, 0, 0, 0, 0, 0.216315894, -0.0918835205, -0.259492944, -0.472648981, 0.801040894, -0.366943882, -0.638183594, -0.0240478516, 0.76940918, 0.607665073, 0.597994281, 0.522823874, 0, 0, 0, 0, 0, 0, 0, 0.259014014, -0.0656067383, -0.221156738, -0.325625325, 0.427875696, -0.843129512, 0.834228516, -0.289672852, -0.469116211, -0.445044451, -0.855959943, -0.262665645, 5, 1, 
375.615874, 0.1, 0.1, 0.21778205, -0.100727577, -0.0199666741, 0.991722818, -2.81040823e-005, -0.128397243, 0.128397243, -8.00942665e-006, 0.991722818, -2.8899848e-005, -1, -4.33464448e-006, 0.991722844, -2.85350984e-005, -0.128397042, 0.128397042, 2.41319417e-006, 0.991722844, -2.7989062e-005, -1, 6.05704201e-006, 0, 0, 0, 0, 0, 0, 0, 0.216267065, -0.0912008545, -0.259162646, -0.472648981, 0.801040894, -0.366943882, -0.638183594, -0.0240478516, 0.76940918, 0.607665073, 0.597994281, 0.522823874, 0, 0, 0, 0, 0, 0, 0, 0.259014014, -0.0656067383, -0.221156738, -0.325625325, 0.427875696, -0.843129512, 0.834228516, -0.289672852, -0.469116211, -0.445044451, -0.855959943, -0.262665645, 5, 1, 
375.616675, 0.1, 0.1, 0.217782057, -0.100727624, -0.0199661954, 0.991722688, -2.31354552e-008, -0.128398245, 0.128398245, 6.14441415e-007, 0.991722688, 5.59492432e-008, -1, 6.12326044e-007, 0.99172271, 1.39785636e-005, -0.128398081, 0.128398081, 1.33914775e-006, 0.99172271, 1.40348029e-005, -1, -4.667575e-007, 0, 0, 0, 0, 0, 0, 0, 0.216267065, -0.0912008545, -0.259162646, -0.472648981, 0.801040894, -0.366943882, -0.638183594, -0.0240478516, 0.76940918, 0.607665073, 0.597994281, 0.522823874, 0, 0, 0, 0, 0, 0, 0, 0.259014014, -0.0656067383, -0.221156738, -0.325625325, 0.427875696, -0.843129512, 0.834228516, -0.289672852, -0.469116211, -0.445044451, -0.855959943, -0.262665645, 5, 1, 
375.61748, 0.1, 0.1, 0.217782059, -0.100727675, -0.0199654838, 0.991722595, 5.71401882e-006, -0.128398965, 0.128398965, -7.81174172e-006, 0.991722595, 4.66370202e-006, -1, -8.48075487e-006, 0.991722609, -2.33578659e-005, -0.128398856, 0.128398857, 9.26950042e-007, 0.991722609, -2.30455044e-005, -1, 3.91840058e-006, 0, 0, 0, 0, 0, 0, 0, 0.216267065, -0.0912008545, -0.259162646, -0.472984474, 0.801973233, -0.364869149, -0.636230469, -0.0244140625, 0.771118164, 0.609448497, 0.596857878, 0.521877309, 0, 0, 0, 0, 0, 0, 0, 0.259014014, -0.0656067383, -0.221156738, -0.325625325, 0.427875696, -0.843129512, 0.834228516, -0.289672852, -0.469116211, -0.445044451, -0.855959943, -0.262665645, 5, 1, 
375.618292, 0.1, 0.1, 0.217782066, -0.100727723, -0.0199644625, 0.991722506, -3.06496844e-005, -0.128399652, 0.128399652, -1.09521467e-005, 0.991722506, -3.18022337e-005, -0.999999999, -6.92608154e-006, 0.991722523, -1.99322655e-005, -0.12839952, 0.12839952, -9.93327259e-006, 0.991722523, -2.1042704e-005, -1, -7.29175685e-006, 0, 0, 0, 0, 0, 0, 0, 0.216032104, -0.0907101807, -0.259059497, -0.472984474, 0.801973233, -0.364869149, -0.636230469, -0.0244140625, 0.771118164, 0.609448497, 0.596857878, 0.521877309, 0, 0, 0, 0, 0, 0, 0, 0.258914648, -0.0651487793, -0.221321875, -0.327267345, 0.428156778, -0.842279701, 0.833740234, -0.288452148, -0.470703125, -0.444603321, -0.856298628, -0.262576327, 5, 1, 
375.619089, 0.1, 0.1, 0.217782074, -0.10072777, -0.0199638723, 0.991722441, 2.6319947e-005, -0.128400153, 0.128400153, 9.22704377e-006, 0.991722441, 2.72868359e-005, -1, 5.77118115e-006, 0.991722456, 2.80999245e-005, -0.12840004, 0.128400041, -3.80124769e-006, 0.991722456, 2.73792458e-005, -1, -7.37781414e-006, 0, 0, 0, 0, 0, 0, 0, 0.216032104, -0.0907101807, -0.259059497, -0.472984474, 0.801973233, -0.364869149, -0.636230469, -0.0244140625, 0.771118164, 0.609448497, 0.596857878, 0.521877309, 0, 0, 0, 0, 0, 0, 0, 0.258914648, -0.0651487793, -0.221321875, -0.327267345, 0.428156778, -0.842279701, 0.833740234, -0.288452148, -0.470703125, -0.444603321, -0.856298628, -0.262576327, 5, 1, 
375.619871, 0.1, 0.1, 0.217782078, -0.100727816, -0.0199637977, 0.991722373, -6.53558834e-006, -0.128400684, 0.128400684, 1.47428703e-006, 0.991722373, -6.29218971e-006, -1, 2.30125745e-006, 0.991722382, -2.1200274e-005, -0.128400607, 0.128400607, 5.0905757e-007, 0.991722383, -2.0959423e-005, -1, 3.22697184e-006, 0, 0, 0, 0, 0, 0, 0, 0.216032104, -0.0907101807, -0.259059497, -0.472984474, 0.801973233, -0.364869149, -0.636230469, -0.0244140625, 0.771118164, 0.609448497, 0.596857878, 0.521877309, 0, 0, 0, 0, 0, 0, 0, 0.258914648, -0.0651487793, -0.221321875, -0.327267345, 0.428156778, -0.842279701, 0.833740234, -0.288452148, -0.470703125, -0.444603321, -0.856298628, -0.262576327, 5, 1, 
375.620682, 0.1, 0.1, 0.21778209, -0.100727861, -0.0199640151, 0.991722317, -8.13827081e-006, -0.128401115, 0.128401115, 2.92572192e-005, 0.991722316, -4.31424523e-006, -1, 3.00600002e-005, 0.991722333, 1.9549224e-005, -0.128400991, 0.12840099, 2.30621793e-005, 0.991722333, 2.23486087e-005, -1, 2.03611386e-005, 0, 0, 0, 0, 0, 0, 0, 0.216032104, -0.0907101807, -0.259059497, -0.472984474, 0.801973233, -0.364869149, -0.636230469, -0.0244140625, 0.771118164, 0.609448497, 0.596857878, 0.521877309, 0, 0, 0, 0, 0, 0, 0, 0.258914648, -0.0651487793, -0.221321875, -0.327267345, 0.428156778, -0.842279701, 0.833740234, -0.288452148, -0.470703125, -0.444603321, -0.856298628, -0.262576327, 5, 1, 
375.621479, 0.1, 0.1, 0.217782097, -0.100727909, -0.0199646895, 0.9917222, 3.17779723e-005, -0.128402009, 0.12840201, -2.88662505e-005, 0.9917222, 2.7808436e-005, -0.999999999, -3.2707657e-005, 0.991722228, 2.11494236e-005, -0.128401798, 0.128401799, -2.99812538e-005, 0.991722228, 1.71247066e-005, -0.999999999, -3.24486999e-005, 0, 0, 0, 0, 0, 0, 0, 0.216032104, -0.0907101807, -0.259059497, -0.472984474, 0.801973233, -0.364869149, -0.636230469, -0.0244140625, 0.771118164, 0.609448497, 0.596857878, 0.521877309, 0, 0, 0, 0, 0, 0, 0, 0.258914648, -0.0651487793, -0.221321875, -0.327267345, 0.428156778, -0.842279701, 0.833740234, -0.288452148, -0.470703125, -0.444603321, -0.856298628, -0.262576327, 5, 1, 
375.622295, 0.1, 0.1, 0.217782102, -0.100727954, -0.019965503, 0.991722032, -2.8516392e-005, -0.128403311, 0.128403311, -5.05610988e-006, 0.991722032, -2.89295555e-005, -1, -1.35265642e-006, 0.991722071, -3.06185032e-005, -0.128403007, 0.128403007, 9.41710721e-006, 0.991722072, -2.91558605e-005, -0.999999999, 1.3270661e-005, 0, 0, 0, 0, 0, 0, 0, 0.216032104, -0.0907101807, -0.259059497, -0.473319967, 0.802664437, -0.362534184, -0.634155273, -0.0249023438, 0.772705078, 0.611231921, 0.595759666, 0.521013119, 0, 0, 0, 0, 0, 0, 0, 0.258914648, -0.0651487793, -0.221321875, -0.327267345, 0.428156778, -0.842279701, 0.833740234, -0.288452148, -0.470703125, -0.444603321, -0.856298628, -0.262576327, 5, 1, 
375.62311, 0.1, 0.1, 0.21778211, -0.100727999, -0.0199657567, 0.991721854, 4.20172866e-006, -0.128404693, 0.128404693, -5.55270482e-006, 0.991721854, 3.45395278e-006, -1, -6.04626039e-006, 0.991721886, 1.90679817e-005, -0.128404444, 0.128404444, -3.10199538e-006, 0.991721886, 1.85118248e-005, -1, -5.52473028e-006, 0, 0, 0, 0, 0, 0, 0, 0.215797144, -0.0904549561, -0.25916604, -0.473319967, 0.802664437, -0.362534184, -0.634155273, -0.0249023438, 0.772705078, 0.611231921, 0.595759666, 0.521013119, 0, 0, 0, 0, 0, 0, 0, 0.258835059, -0.0648840332, -0.22149873, -0.328506881, 0.428763786, -0.841525772, 0.833374023, -0.287719727, -0.471801758, -0.444488116, -0.856234829, -0.262742571, 5, 1, 
375.62389, 0.1, 0.1, 0.217782112, -0.100728042, -0.0199658624, 0.99172171, 5.927181e-006, -0.128405798, 0.128405798, 6.64935987e-006, 0.99172171, 6.73193044e-006, -1, 5.83323014e-006, 0.991721741, -1.75509669e-005, -0.128405563, 0.128405563, -8.40200398e-006, 0.991721741, -1.84845395e-005, -1, -6.07880823e-006, 0, 0, 0, 0, 0, 0, 0, 0.215797144, -0.0904549561, -0.25916604, -0.473319967, 0.802664437, -0.362534184, -0.634155273, -0.0249023438, 0.772705078, 0.611231921, 0.595759666, 0.521013119, 0, 0, 0, 0, 0, 0, 0, 0.258835059, -0.0648840332, -0.22149873, -0.328506881, 0.428763786, -0.841525772, 0.833374023, -0.287719727, -0.471801758, -0.444488116, -0.856234829, -0.262742571, 5, 1, 
375.624687, 0.1, 0.1, 0.217782118, -0.100728085, -0.0199657898, 0.991721587, -2.82228738e-005, -0.128406746, 0.128406746, 3.32280553e-006, 0.991721588, -2.75625626e-005, -1, 6.91930537e-006, 0.991721609, -1.75300089e-005, -0.128406578, 0.128406578, 4.46817429e-006, 0.991721609, -1.68111457e-005, -1, 6.68215346e-006, 0, 0, 0, 0, 0, 0, 0, 0.215797144, -0.0904549561, -0.25916604, -0.473319967, 0.802664437, -0.362534184, -0.634155273, -0.0249023438, 0.772705078, 0.611231921, 0.595759666, 0.521013119, 0, 0, 0, 0, 0, 0, 0, 0.258835059, -0.0648840332, -0.22149873, -0.328506881, 0.428763786, -0.841525772, 0.833374023, -0.287719727, -0.471801758, -0.444488116, -0.856234829, -0.262742571, 5, 1, 
375.625485, 0.1, 0.1, 0.217782126, -0.100728128, -0.0199655746, 0.991721469, 2.7420874e-005, -0.128407658, 0.128407658, 1.94916902e-006, 0.99172147, 2.74441576e-005, -1, -1.58801746e-006, 0.99172149, 2.66942008e-005, -0.128407498, 0.128407497, 1.31007475e-005, 0.99172149, 2.81554468e-005, -1, 9.56455737e-006, 0, 0, 0, 0, 0, 0, 0, 0.215797144, -0.0904549561, -0.25916604, -0.473319967, 0.802664437, -0.362534184, -0.634155273, -0.0249023438, 0.772705078, 0.611231921, 0.595759666, 0.521013119, 0, 0, 0, 0, 0, 0, 0, 0.258835059, -0.0648840332, -0.22149873, -0.328506881, 0.428763786, -0.841525772, 0.833374023, -0.287719727, -0.471801758, -0.444488116, -0.856234829, -0.262742571, 5, 1, 
375.626275, 0.1, 0.1, 0.21778213, -0.10072817, -0.0199654242, 0.991721377, -3.54434813e-006, -0.12840837, 0.12840837, -2.34796575e-005, 0.991721377, -6.52999036e-006, -1, -2.28301543e-005, 0.991721397, -2.00180659e-005, -0.128408219, 0.128408219, -2.55201304e-006, 0.991721397, -2.01800438e-005, -1, 3.95982613e-008, 0, 0, 0, 0, 0, 0, 0, 0.215797144, -0.0904549561, -0.25916604, -0.473319967, 0.802664437, -0.362534184, -0.634155273, -0.0249023438, 0.772705078, 0.611231921, 0.595759666, 0.521013119, 0, 0, 0, 0, 0, 0, 0, 0.258835059, -0.0648840332, -0.22149873, -0.328506881, 0.428763786, -0.841525772, 0.833374023, -0.287719727, -0.471801758, -0.444488116, -0.856234829, -0.262742571, 5, 1, 
375.627081, 0.1, 0.1, 0.217782139, -0.100728213, -0.0199652501, 0.991721235, -1.88071679e-005, -0.128409469, 0.128409469, 2.65544393e-005, 0.991721235, -1.52416263e-005, -0.999999999, 2.87496198e-005, 0.991721274, 1.26723469e-005, -0.12840917, 0.128409169, 1.51264876e-005, 0.991721274, 1.45098158e-005, -1, 1.3374014e-005, 0, 0, 0, 0, 0, 0, 0, 0.215797144, -0.0904549561, -0.25916604, -0.472316114, 0.804104133, -0.360922624, -0.63269043, -0.0241699219, 0.774047852, 0.613668357, 0.593924946, 0.520263506, 0, 0, 0, 0, 0, 0, 0, 0.258835059, -0.0648840332, -0.22149873, -0.328506881, 0.428763786, -0.841525772, 0.833374023, -0.287719727, -0.471801758, -0.444488116, -0.856234829, -0.262742571, 5, 1, 
375.62788, 0.1, 0.1, 0.217782143, -0.100728254, -0.0199647708, 0.991721045, 2.40256204e-005, -0.128410933, 0.128410933, -1.07511132e-005, 0.991721046, 2.24461529e-005, -1, -1.37472575e-005, 0.991721086, 1.25056787e-005, -0.128410624, 0.128410624, -1.49620318e-005, 0.991721086, 1.04808614e-005, -1, -1.64440245e-005, 0, 0, 0, 0, 0, 0, 0, 0.215855859, -0.0906102051, -0.259085962, -0.472316114, 0.804104133, -0.360922624, -0.63269043, -0.0241699219, 0.774047852, 0.613668357, 0.593924946, 0.520263506, 0, 0, 0, 0, 0, 0, 0, 0.258593262, -0.0648024902, -0.221475781, -0.328551723, 0.429805361, -0.840963607, 0.832885742, -0.287841797, -0.47253418, -0.445229285, -0.855634384, -0.263419941, 5, 1, 
375.628676, 0.1, 0.1, 0.217782147, -0.100728295, -0.0199645011, 0.991720834, -2.88663301e-005, -0.128412567, 0.128412567, 5.82254551e-006, 0.991720834, -2.78796529e-005, -1, 9.48113923e-006, 0.991720872, -2.87878302e-005, -0.128412274, 0.128412274, -8.09496219e-006, 0.991720872, -2.95889845e-005, -1, -4.33123223e-006, 0, 0, 0, 0, 0, 0, 0, 0.215855859, -0.0906102051, -0.259085962, -0.472316114, 0.804104133, -0.360922624, -0.63269043, -0.0241699219, 0.774047852, 0.613668357, 0.593924946, 0.520263506, 0, 0, 0, 0, 0, 0, 0, 0.258593262, -0.0648024902, -0.221475781, -0.328551723, 0.429805361, -0.840963607, 0.832885742, -0.287841797, -0.47253418, -0.445229285, -0.855634384, -0.263419941, 5, 1, 
375.629476, 0.1, 0.1, 0.217782156, -0.100728333, -0.0199645083, 0.991720664, 1.21807065e-005, -0.128413882, 0.128413882, 1.44479487e-005, 0.991720664, 1.39351755e-005, -1, 1.27641575e-005, 0.991720698, 2.56047135e-005, -0.128413617, 0.128413617, 1.58500112e-005, 0.991720698, 2.74280816e-005, -1, 1.24307903e-005, 0, 0, 0, 0, 0, 0, 0, 0.215855859, -0.0906102051, -0.259085962, -0.472316114, 0.804104133, -0.360922624, -0.63269043, -0.0241699219, 0.774047852, 0.613668357, 0.593924946, 0.520263506, 0, 0, 0, 0, 0, 0, 0, 0.258593262, -0.0648024902, -0.221475781, -0.328551723, 0.429805361, -0.840963607, 0.832885742, -0.287841797, -0.47253418, -0.445229285, -0.855634384, -0.263419941, 5, 1, 
375.630339, 0.1, 0.1, 0.217782159, -0.100728375, -0.0199640682, 0.991720497, 1.48300034e-005, -0.128415169, 0.128415169, 4.11897438e-006, 0.991720497, 1.52361572e-005, -1, 2.18047392e-006, 0.991720521, -1.26253483e-005, -0.128414981, 0.128414981, 1.39102105e-005, 0.991720521, -1.07345376e-005, -1, 1.54163251e-005, 0, 0, 0, 0, 0, 0, 0, 0.216350439, -0.0905959229, -0.258665234, -0.471395758, 0.804408547, -0.36142399, -0.63293457, -0.0231933594, 0.773803711, 0.614016955, 0.593505955, 0.520219322, 0, 0, 0, 0, 0, 0, 0, 0.258890967, -0.0650306152, -0.221070801, -0.327273908, 0.42965844, -0.841570615, 0.833251953, -0.288818359, -0.471435547, -0.445708695, -0.855404341, -0.26348374, 5, 1, 
375.631137, 0.1, 0.1, 0.217782166, -0.100728419, -0.019963887, 0.991720428, -2.71500073e-005, -0.128415698, 0.128415699, 1.01001174e-005, 0.991720428, -2.56282033e-005, -1, 1.35029799e-005, 0.991720435, -1.06543214e-005, -0.128415647, 0.128415647, -1.80737998e-005, 0.991720435, -1.28870669e-005, -1, -1.65559751e-005, 0, 0, 0, 0, 0, 0, 0, 0.216350439, -0.0905959229, -0.258665234, -0.471395758, 0.804408547, -0.36142399, -0.63293457, -0.0231933594, 0.773803711, 0.614016955, 0.593505955, 0.520219322, 0, 0, 0, 0, 0, 0, 0, 0.258890967, -0.0650306152, -0.221070801, -0.327273908, 0.42965844, -0.841570615, 0.833251953, -0.288818359, -0.471435547, -0.445708695, -0.855404341, -0.26348374, 5, 1, 
