time, realDorsalTactorPos, realVentralTactorPos, boxPosX, boxPosY, boxPosZ, boxLocalRot_11, boxLocalRot_12, boxLocalRot_13, boxLocalRot_21, boxLocalRot_22, boxLocalRot_23, boxLocalRot_31, boxLocalRot_32, boxLocalRot_33, boxGlobalRot_11, boxGlobalRot_12, boxGlobalRot_13, boxGlobalRot_21, boxGlobalRot_22, boxGlobalRot_23, boxGlobalRot_31, boxGlobalRot_32, boxGlobalRot_33, indexForceX, indexForceY, indexForceZ, indexForceGlobalX, indexForceGlobalY, indexForceGlobalZ, indexContact, indexPosX, indexPosY, indexPosZ, indexRot_11, indexRot_12, indexRot_13, indexRot_21, indexRot_22, indexRot_23, indexRot_31, indexRot_32, indexRot_33, thumbForceX, thumbForceY, thumbForceZ, thumbForceGlobalX, thumbForceGlobalY, thumbForceGlobalZ, thumbContact, thumbPosX, thumbPosY, thumbPosZ, thumbRot_11, thumbRot_12, thumbRot_13, thumbRot_21, thumbRot_22, thumbRot_23, thumbRot_31, thumbRot_32, thumbRot_33, mapping, boxInitParam, trialSuccess, 
866.986847, 0.1, 0.1, 0.0296827757, 0.264743058, -0.0199569563, 0.819495209, -0.573086034, -1.82925984e-005, 0.573086034, 0.819495209, -5.43593169e-006, 1.81059533e-005, -6.02851267e-006, 1, 0.819495204, -0.573086041, -3.19981026e-006, 0.573086041, 0.819495204, -1.32605683e-005, 1.02216758e-005, 9.03320555e-006, 1, 0, 0, 0, 0, 0, 0, 0, 0.214198486, 0.0744810791, -0.11238894, -0.381196156, 0.847418228, -0.369385747, -0.874633789, -0.201171875, 0.440917969, 0.299402341, 0.491280918, 0.817977391, 0, 0, 0, 0, 0, 0, 0, 0.257888721, 0.111731348, -0.0742631836, -0.488620982, 0.754186491, -0.438482498, -0.167236328, -0.57421875, -0.801269531, -0.856180083, -0.3181727, 0.406834232, 1, 3, 1, 
867.014669, 0.1, 0.1, 0.0296833087, 0.264741952, -0.0199631547, 0.819476469, -0.573112831, -1.32065863e-005, 0.57311283, 0.819476469, -1.82499245e-005, 2.12817526e-005, 7.38651958e-006, 1, 0.819476463, -0.57311284, 1.47080519e-005, 0.57311284, 0.819476463, 1.019065e-006, -1.26369416e-005, 7.59427363e-006, 1, 0, 0, 0, 0, 0, 0, 0, 0.219107788, 0.0643418945, -0.100632178, -0.395409268, 0.840519293, -0.370014411, -0.861816406, -0.200317383, 0.465698242, 0.317349652, 0.5031261, 0.803863889, 0, 0, 0, 0, 0, 0, 0, 0.263950195, 0.101499219, -0.0628599121, -0.509697451, 0.743706574, -0.432447031, -0.1796875, -0.583496094, -0.791870117, -0.841334073, -0.32590229, 0.431157928, 1, 3, 1, 
867.015474, 0.1, 0.1, 0.0296833252, 0.26474193, -0.0199663708, 0.819476536, -0.573112735, 9.62993141e-006, 0.573112734, 0.819476536, 1.53666792e-005, -1.66983424e-005, -7.07359672e-006, 1, 0.819476545, -0.573112722, -1.10162278e-005, 0.573112722, 0.819476545, -1.5169125e-005, 1.77211588e-005, 6.11720182e-006, 1, 0, 0, 0, 0, 0, 0, 0, 0.219107788, 0.0643418945, -0.100632178, -0.400511292, 0.838394385, -0.369520159, -0.859375, -0.203735352, 0.468994141, 0.31791055, 0.505316531, 0.802302504, 0, 0, 0, 0, 0, 0, 0, 0.263950195, 0.101499219, -0.0628599121, -0.509697451, 0.743706574, -0.432447031, -0.1796875, -0.583496094, -0.791870117, -0.841334073, -0.32590229, 0.431157928, 1, 3, 1, 
867.016297, 0.1, 0.1, 0.0296833334, 0.264741902, -0.019968725, 0.819476604, -0.573112638, -1.7851058e-005, 0.573112638, 0.819476604, -6.96589873e-007, 1.50277488e-005, -9.6598278e-006, 1, 0.8194766, -0.573112643, 6.43645246e-006, 0.573112643, 0.8194766, 1.63305496e-005, -1.46337667e-005, -9.69369101e-006, 1, 0, 0, 0, 0, 0, 0, 0, 0.219518481, 0.0635702393, -0.0997187012, -0.400511292, 0.838394385, -0.369520159, -0.859375, -0.203735352, 0.468994141, 0.31791055, 0.505316531, 0.802302504, 0, 0, 0, 0, 0, 0, 0, 0.263950195, 0.101499219, -0.0628599121, -0.509697451, 0.743706574, -0.432447031, -0.1796875, -0.583496094, -0.791870117, -0.841334073, -0.32590229, 0.431157928, 1, 3, 1, 
867.017089, 0.1, 0.1, 0.0296833483, 0.26474188, -0.0199694953, 0.819476584, -0.573112666, 1.58346305e-005, 0.573112666, 0.819476584, 9.34288437e-006, -1.83306343e-005, 1.41875236e-006, 1, 0.819476571, -0.573112685, -1.33368188e-005, 0.573112685, 0.819476571, 2.20472028e-006, 9.66565741e-006, -9.45021667e-006, 1, 0, 0, 0, 0, 0, 0, 0, 0.219518481, 0.0635702393, -0.0997187012, -0.400511292, 0.838394385, -0.369520159, -0.859375, -0.203735352, 0.468994141, 0.31791055, 0.505316531, 0.802302504, 0, 0, 0, 0, 0, 0, 0, 0.263950195, 0.101499219, -0.0628599121, -0.509697451, 0.743706574, -0.432447031, -0.1796875, -0.583496094, -0.791870117, -0.841334073, -0.32590229, 0.431157928, 1, 3, 1, 
867.017934, 0.1, 0.1, 0.0296833566, 0.264741853, -0.0199684394, 0.819476553, -0.573112711, -1.30869726e-005, 0.573112711, 0.819476553, -1.5782484e-005, 1.97696094e-005, 5.43306522e-006, 1, 0.819476549, -0.573112716, 1.11345547e-005, 0.573112716, 0.819476549, 1.16940889e-006, -9.7947096e-006, 5.42305174e-006, 1, 0, 0, 0, 0, 0, 0, 0, 0.219518481, 0.0635702393, -0.0997187012, -0.400511292, 0.838394385, -0.369520159, -0.859375, -0.203735352, 0.468994141, 0.31791055, 0.505316531, 0.802302504, 0, 0, 0, 0, 0, 0, 0, 0.263950195, 0.101499219, -0.0628599121, -0.509697451, 0.743706574, -0.432447031, -0.1796875, -0.583496094, -0.791870117, -0.841334073, -0.32590229, 0.431157928, 1, 3, 1, 
867.018757, 0.1, 0.1, 0.0296833722, 0.264741832, -0.0199657298, 0.81947661, -0.573112629, 1.47496452e-005, 0.573112629, 0.81947661, 1.82462753e-005, -2.254416e-005, -6.49918791e-006, 1, 0.81947662, -0.573112615, -4.91184742e-006, 0.573112615, 0.81947662, -1.04177522e-005, 9.99568935e-006, 5.72206269e-006, 1, 0, 0, 0, 0, 0, 0, 0, 0.219764282, 0.0625746094, -0.0986348389, -0.404445833, 0.836225293, -0.370047734, -0.857421875, -0.205932617, 0.471435547, 0.318039352, 0.508008329, 0.800532185, 0, 0, 0, 0, 0, 0, 0, 0.264006689, 0.10039165, -0.0619691406, -0.512853526, 0.740907774, -0.433347515, -0.17956543, -0.586181641, -0.789794922, -0.839333678, -0.32730114, 0.433886366, 1, 3, 1, 
867.019549, 0.1, 0.1, 0.0296833789, 0.264741806, -0.0199631975, 0.819476668, -0.573112546, -2.01815631e-005, 0.573112546, 0.819476668, -4.58531442e-006, 1.91662213e-005, -7.80874883e-006, 1, 0.819476667, -0.573112548, 7.98640993e-006, 0.573112548, 0.819476667, 1.5545356e-005, -1.54539152e-005, -8.16194476e-006, 1, 0, 0, 0, 0, 0, 0, 0, 0.219764282, 0.0625746094, -0.0986348389, -0.404445833, 0.836225293, -0.370047734, -0.857421875, -0.205932617, 0.471435547, 0.318039352, 0.508008329, 0.800532185, 0, 0, 0, 0, 0, 0, 0, 0.264006689, 0.10039165, -0.0619691406, -0.512853526, 0.740907774, -0.433347515, -0.17956543, -0.586181641, -0.789794922, -0.839333678, -0.32730114, 0.433886366, 1, 3, 1, 
867.020344, 0.1, 0.1, 0.0296833935, 0.264741786, -0.0199615881, 0.819476631, -0.573112599, 2.4411633e-005, 0.573112599, 0.819476631, 9.26187127e-006, -2.53128579e-005, 6.4007274e-006, 1, 0.819476617, -0.573112619, -1.26170629e-005, 0.573112619, 0.819476617, 2.99426816e-007, 1.01677828e-005, -7.47637126e-006, 1, 0, 0, 0, 0, 0, 0, 0, 0.219764282, 0.0625746094, -0.0986348389, -0.404445833, 0.836225293, -0.370047734, -0.857421875, -0.205932617, 0.471435547, 0.318039352, 0.508008329, 0.800532185, 0, 0, 0, 0, 0, 0, 0, 0.264006689, 0.10039165, -0.0619691406, -0.512853526, 0.740907774, -0.433347515, -0.17956543, -0.586181641, -0.789794922, -0.839333678, -0.32730114, 0.433886366, 1, 3, 1, 
867.02114, 0.1, 0.1, 0.0296833987, 0.264741761, -0.0199613915, 0.819476589, -0.573112659, -1.02608194e-005, 0.573112659, 0.819476589, -1.88220737e-005, 1.919567e-005, 9.54364326e-006, 1, 0.819476585, -0.573112664, 2.00210183e-005, 0.573112664, 0.819476585, 2.39997467e-006, -1.77822116e-005, 9.50757611e-006, 1, 0, 0, 0, 0, 0, 0, 0, 0.219764282, 0.0625746094, -0.0986348389, -0.404445833, 0.836225293, -0.370047734, -0.857421875, -0.205932617, 0.471435547, 0.318039352, 0.508008329, 0.800532185, 0, 0, 0, 0, 0, 0, 0, 0.264006689, 0.10039165, -0.0619691406, -0.512853526, 0.740907774, -0.433347515, -0.17956543, -0.586181641, -0.789794922, -0.839333678, -0.32730114, 0.433886366, 1, 3, 1, 
867.021926, 0.1, 0.1, 0.0296834133, 0.264741743, -0.0199625871, 0.819476643, -0.573112582, 1.36664395e-005, 0.573112582, 0.819476643, 1.34720991e-005, -1.89203574e-005, -3.20766208e-006, 1, 0.819476654, -0.573112567, -6.7354604e-006, 0.573112566, 0.819476654, -1.69173103e-005, 1.52150757e-005, 1.00031638e-005, 1, 0, 0, 0, 0, 0, 0, 0, 0.219764282, 0.0625746094, -0.0986348389, -0.404445833, 0.836225293, -0.370047734, -0.857421875, -0.205932617, 0.471435547, 0.318039352, 0.508008329, 0.800532185, 0, 0, 0, 0, 0, 0, 0, 0.264006689, 0.10039165, -0.0619691406, -0.512853526, 0.740907774, -0.433347515, -0.17956543, -0.586181641, -0.789794922, -0.839333678, -0.32730114, 0.433886366, 1, 3, 1, 
867.022714, 0.1, 0.1, 0.0296834193, 0.264741719, -0.0199647214, 0.819476699, -0.573112502, -1.72879202e-005, 0.573112502, 0.819476699, -5.73030905e-006, 1.74511596e-005, -5.21206847e-006, 1, 0.819476698, -0.573112504, 9.40157346e-006, 0.573112504, 0.819476698, 1.28553489e-005, -1.50719316e-005, -5.14649957e-006, 1, 0, 0, 0, 0, 0, 0, 0, 0.219764282, 0.0625746094, -0.0986348389, -0.404445833, 0.836225293, -0.370047734, -0.857421875, -0.205932617, 0.471435547, 0.318039352, 0.508008329, 0.800532185, 0, 0, 0, 0, 0, 0, 0, 0.264006689, 0.10039165, -0.0619691406, -0.512853526, 0.740907774, -0.433347515, -0.17956543, -0.586181641, -0.789794922, -0.839333678, -0.32730114, 0.433886366, 1, 3, 1, 
867.02354, 0.1, 0.1, 0.0296834345, 0.264741701, -0.0199666266, 0.819476652, -0.57311257, 1.59541869e-005, 0.57311257, 0.819476652, 1.90849741e-006, -1.41678675e-005, 7.57957597e-006, 1, 0.81947664, -0.573112585, -1.63255381e-005, 0.573112585, 0.819476641, -6.31860738e-006, 1.69996706e-005, -4.17842022e-006, 1, 0, 0, 0, 0, 0, 0, 0, 0.219803076, 0.0615898438, -0.0975570801, -0.408081952, 0.83427824, -0.370695876, -0.85559082, -0.207763672, 0.473999023, 0.318491665, 0.510541366, 0.798780961, 0, 0, 0, 0, 0, 0, 0, 0.26382334, 0.099738623, -0.061052002, -0.516252404, 0.738415577, -0.433711353, -0.179321289, -0.588378906, -0.788330078, -0.837358803, -0.329281479, 0.436180236, 1, 3, 1, 
867.024331, 0.1, 0.1, 0.0296834408, 0.264741678, -0.0199679239, 0.819476606, -0.573112634, -1.02805969e-005, 0.573112634, 0.819476606, -1.70311816e-005, 1.81854939e-005, 8.06471492e-006, 1, 0.819476606, -0.573112634, 1.40731147e-005, 0.573112634, 0.819476606, -3.80466263e-007, -1.13145383e-005, 8.37726306e-006, 1, 0, 0, 0, 0, 0, 0, 0, 0.219803076, 0.0615898438, -0.0975570801, -0.408081952, 0.83427824, -0.370695876, -0.85559082, -0.207763672, 0.473999023, 0.318491665, 0.510541366, 0.798780961, 0, 0, 0, 0, 0, 0, 0, 0.26382334, 0.099738623, -0.061052002, -0.516252404, 0.738415577, -0.433711353, -0.179321289, -0.588378906, -0.788330078, -0.837358803, -0.329281479, 0.436180236, 1, 3, 1, 
867.025122, 0.1, 0.1, 0.0296834544, 0.26474166, -0.0199683278, 0.819476642, -0.573112584, 1.2212081e-005, 0.573112584, 0.819476642, 1.39407532e-005, -1.79971362e-005, -4.42522435e-006, 1, 0.819476653, -0.573112568, -5.36737855e-006, 0.573112567, 0.819476653, -1.2437746e-005, 1.152667e-005, 7.11633036e-006, 1, 0, 0, 0, 0, 0, 0, 0, 0.219803076, 0.0615898438, -0.0975570801, -0.408081952, 0.83427824, -0.370695876, -0.85559082, -0.207763672, 0.473999023, 0.318491665, 0.510541366, 0.798780961, 0, 0, 0, 0, 0, 0, 0, 0.26382334, 0.099738623, -0.061052002, -0.516252404, 0.738415577, -0.433711353, -0.179321289, -0.588378906, -0.788330078, -0.837358803, -0.329281479, 0.436180236, 1, 3, 1, 
867.025926, 0.1, 0.1, 0.0296834609, 0.264741636, -0.0199676604, 0.819476684, -0.573112523, -1.82478765e-005, 0.573112523, 0.819476684, -3.50614802e-006, 1.69631267e-005, -7.58488001e-006, 1, 0.819476685, -0.573112522, 5.90985182e-006, 0.573112522, 0.819476685, 1.32885068e-005, -1.24587954e-005, -7.50261138e-006, 1, 0, 0, 0, 0, 0, 0, 0, 0.219803076, 0.0615898438, -0.0975570801, -0.408081952, 0.83427824, -0.370695876, -0.85559082, -0.207763672, 0.473999023, 0.318491665, 0.510541366, 0.798780961, 0, 0, 0, 0, 0, 0, 0, 0.263921094, 0.0987321289, -0.0600738281, -0.51861627, 0.737246037, -0.432880499, -0.179321289, -0.588745117, -0.787963867, -0.835888858, -0.331000058, 0.437617732, 1, 3, 1, 
867.026721, 0.1, 0.1, 0.0296834742, 0.264741618, -0.0199662492, 0.819476645, -0.573112578, 2.0970503e-005, 0.573112578, 0.819476645, 1.01354184e-005, -2.29935732e-005, 3.71272042e-006, 1, 0.819476634, -0.573112595, -1.18206025e-005, 0.573112595, 0.819476634, 1.95777522e-006, 8.56468191e-006, -8.37888722e-006, 1, 0, 0, 0, 0, 0, 0, 0, 0.219803076, 0.0615898438, -0.0975570801, -0.408081952, 0.83427824, -0.370695876, -0.85559082, -0.207763672, 0.473999023, 0.318491665, 0.510541366, 0.798780961, 0, 0, 0, 0, 0, 0, 0, 0.263921094, 0.0987321289, -0.0600738281, -0.51861627, 0.737246037, -0.432880499, -0.179321289, -0.588745117, -0.787963867, -0.835888858, -0.331000058, 0.437617732, 1, 3, 1, 
867.02751, 0.1, 0.1, 0.0296834794, 0.264741594, -0.0199647355, 0.819476604, -0.573112638, -1.15187797e-005, 0.573112638, 0.819476604, -1.49181e-005, 1.79891221e-005, 5.62347566e-006, 1, 0.819476602, -0.573112641, 1.57353423e-005, 0.573112641, 0.819476602, 3.93480927e-006, -1.51498337e-005, 5.79363943e-006, 1, 0, 0, 0, 0, 0, 0, 0, 0.219803076, 0.0615898438, -0.0975570801, -0.408081952, 0.83427824, -0.370695876, -0.85559082, -0.207763672, 0.473999023, 0.318491665, 0.510541366, 0.798780961, 0, 0, 0, 0, 0, 0, 0, 0.263921094, 0.0987321289, -0.0600738281, -0.51861627, 0.737246037, -0.432880499, -0.179321289, -0.588745117, -0.787963867, -0.835888858, -0.331000058, 0.437617732, 1, 3, 1, 
867.028327, 0.1, 0.1, 0.0296834932, 0.264741577, -0.0199633375, 0.81947665, -0.573112572, 1.63898606e-005, 0.573112572, 0.81947665, 1.82851084e-005, -2.39105336e-005, -5.59098419e-006, 1, 0.819476663, -0.573112554, -3.66158937e-006, 0.573112554, 0.819476663, -1.19477846e-005, 9.84801239e-006, 7.69242782e-006, 1, 0, 0, 0, 0, 0, 0, 0, 0.220137012, 0.0606336426, -0.0964665039, -0.410290358, 0.832940016, -0.371127971, -0.854370117, -0.208984375, 0.475585938, 0.318594258, 0.512236423, 0.797613479, 0, 0, 0, 0, 0, 0, 0, 0.263921094, 0.0987321289, -0.0600738281, -0.51861627, 0.737246037, -0.432880499, -0.179321289, -0.588745117, -0.787963867, -0.835888858, -0.331000058, 0.437617732, 1, 3, 1, 
867.029149, 0.1, 0.1, 0.0296834983, 0.264741553, -0.0199623167, 0.819476707, -0.57311249, -2.12209969e-005, 0.57311249, 0.819476707, -6.46312773e-006, 2.10942119e-005, -6.86563575e-006, 1, 0.819476706, -0.573112491, 8.0740564e-006, 0.573112491, 0.819476706, 1.3966993e-005, -1.46211593e-005, -6.81828286e-006, 1, 0, 0, 0, 0, 0, 0, 0, 0.220137012, 0.0606336426, -0.0964665039, -0.410290358, 0.832940016, -0.371127971, -0.854370117, -0.208984375, 0.475585938, 0.318594258, 0.512236423, 0.797613479, 0, 0, 0, 0, 0, 0, 0, 0.263921094, 0.0987321289, -0.0600738281, -0.51861627, 0.737246037, -0.432880499, -0.179321289, -0.588745117, -0.787963867, -0.835888858, -0.331000058, 0.437617732, 1, 3, 1, 
867.030004, 0.1, 0.1, 0.0296835129, 0.264741535, -0.0199619735, 0.81947667, -0.573112542, 2.26650106e-005, 0.573112542, 0.819476671, 9.43867787e-006, -2.39828721e-005, 5.25482555e-006, 1, 0.819476654, -0.573112566, -1.41597963e-005, 0.573112566, 0.819476654, 5.15384781e-007, 1.1308249e-005, -8.53750301e-006, 1, 0, 0, 0, 0, 0, 0, 0, 0.220137012, 0.0606336426, -0.0964665039, -0.410290358, 0.832940016, -0.371127971, -0.854370117, -0.208984375, 0.475585938, 0.318594258, 0.512236423, 0.797613479, 0, 0, 0, 0, 0, 0, 0, 0.263921094, 0.0987321289, -0.0600738281, -0.51861627, 0.737246037, -0.432880499, -0.179321289, -0.588745117, -0.787963867, -0.835888858, -0.331000058, 0.437617732, 1, 3, 1, 
867.030886, 0.1, 0.1, 0.0296835178, 0.26474151, -0.0199613795, 0.819476612, -0.573112626, -1.54323694e-005, 0.573112626, 0.819476612, -1.96788316e-005, 2.39246526e-005, 7.28185647e-006, 1, 0.819476612, -0.573112626, 1.44134295e-005, 0.573112627, 0.819476612, 1.18775099e-006, -1.24921835e-005, 7.28718431e-006, 1, 0, 0, 0, 0, 0, 0, 0, 0.22054895, 0.0592363281, -0.0950067139, -0.410950483, 0.831678175, -0.373064163, -0.854125977, -0.208374023, 0.476196289, 0.318328036, 0.51441375, 0.796313447, 0, 0, 0, 0, 0, 0, 0, 0.264349268, 0.097767627, -0.0586009766, -0.518846314, 0.736313103, -0.434043475, -0.177856445, -0.589599609, -0.787719727, -0.836035779, -0.331466341, 0.437004528, 1, 3, 1, 
867.031702, 0.1, 0.1, 0.0296835323, 0.264741493, -0.0199617454, 0.819476645, -0.573112579, 1.36751738e-005, 0.573112578, 0.819476645, 1.81408199e-005, -2.16032176e-005, -7.0285641e-006, 1, 0.819476664, -0.573112552, -9.16935394e-006, 0.573112552, 0.819476664, -1.57258602e-005, 1.65267594e-005, 7.63190358e-006, 1, 0, 0, 0, 0, 0, 0, 0, 0.22054895, 0.0592363281, -0.0950067139, -0.410950483, 0.831678175, -0.373064163, -0.854125977, -0.208374023, 0.476196289, 0.318328036, 0.51441375, 0.796313447, 0, 0, 0, 0, 0, 0, 0, 0.264349268, 0.097767627, -0.0586009766, -0.518846314, 0.736313103, -0.434043475, -0.177856445, -0.589599609, -0.787719727, -0.836035779, -0.331466341, 0.437004528, 1, 3, 1, 
867.032531, 0.1, 0.1, 0.0296835381, 0.264741471, -0.0199630509, 0.81947667, -0.573112543, -2.65061069e-005, 0.573112543, 0.81947667, -8.38848569e-006, 2.65286826e-005, -8.31681401e-006, 1, 0.819476681, -0.573112527, 8.52673832e-006, 0.573112527, 0.819476681, 1.64190497e-005, -1.63974263e-005, -8.56824778e-006, 1, 0, 0, 0, 0, 0, 0, 0, 0.22054895, 0.0592363281, -0.0950067139, -0.410950483, 0.831678175, -0.373064163, -0.854125977, -0.208374023, 0.476196289, 0.318328036, 0.51441375, 0.796313447, 0, 0, 0, 0, 0, 0, 0, 0.264349268, 0.097767627, -0.0586009766, -0.518846314, 0.736313103, -0.434043475, -0.177856445, -0.589599609, -0.787719727, -0.836035779, -0.331466341, 0.437004528, 1, 3, 1, 
867.033357, 0.1, 0.1, 0.0296835537, 0.264741456, -0.0199641475, 0.819476565, -0.573112693, 1.29516062e-005, 0.573112693, 0.819476565, 1.13002593e-006, -1.126117e-005, 6.49670013e-006, 1, 0.819476563, -0.573112696, -2.20017945e-005, 0.573112696, 0.819476563, -7.88652768e-006, 2.25498241e-005, -6.14668316e-006, 1, 0, 0, 0, 0, 0, 0, 0, 0.22054895, 0.0592363281, -0.0950067139, -0.410950483, 0.831678175, -0.373064163, -0.854125977, -0.208374023, 0.476196289, 0.318328036, 0.51441375, 0.796313447, 0, 0, 0, 0, 0, 0, 0, 0.264349268, 0.097767627, -0.0586009766, -0.518846314, 0.736313103, -0.434043475, -0.177856445, -0.589599609, -0.787719727, -0.836035779, -0.331466341, 0.437004528, 1, 3, 1, 
867.034166, 0.1, 0.1, 0.0296835583, 0.264741435, -0.0199653381, 0.819476463, -0.57311284, -9.61729589e-006, 0.57311284, 0.819476463, -1.64352105e-005, 1.73003778e-005, 7.9564724e-006, 1, 0.819476472, -0.573112826, 1.57358746e-005, 0.573112826, 0.819476472, 1.17726101e-006, -1.35698824e-005, 8.05369385e-006, 1, 0, 0, 0, 0, 0, 0, 0, 0.22054895, 0.0592363281, -0.0950067139, -0.410950483, 0.831678175, -0.373064163, -0.854125977, -0.208374023, 0.476196289, 0.318328036, 0.51441375, 0.796313447, 0, 0, 0, 0, 0, 0, 0, 0.264349268, 0.097767627, -0.0586009766, -0.518846314, 0.736313103, -0.434043475, -0.177856445, -0.589599609, -0.787719727, -0.836035779, -0.331466341, 0.437004528, 1, 3, 1, 
867.034984, 0.1, 0.1, 0.0296835707, 0.264741419, -0.0199663255, 0.81947645, -0.573112857, 1.73960325e-005, 0.573112857, 0.81947645, 1.86728653e-005, -2.49572982e-005, -5.33208346e-006, 1, 0.819476475, -0.573112823, -3.32643312e-006, 0.573112822, 0.819476475, -1.19372489e-005, 9.5673241e-006, 7.87587317e-006, 1, 0, 0, 0, 0, 0, 0, 0, 0.22054895, 0.0592363281, -0.0950067139, -0.410950483, 0.831678175, -0.373064163, -0.854125977, -0.208374023, 0.476196289, 0.318328036, 0.51441375, 0.796313447, 0, 0, 0, 0, 0, 0, 0, 0.264349268, 0.097767627, -0.0586009766, -0.518846314, 0.736313103, -0.434043475, -0.177856445, -0.589599609, -0.787719727, -0.836035779, -0.331466341, 0.437004528, 1, 3, 1, 
867.03588, 0.1, 0.1, 0.0296835736, 0.264741394, -0.0199654904, 0.819476471, -0.573112828, -1.24497895e-005, 0.573112828, 0.819476471, -8.92995938e-007, 1.0714097e-005, -6.40334491e-006, 1, 0.819476476, -0.573112821, 1.42361954e-005, 0.57311282, 0.819476476, 1.76364594e-005, -2.17739082e-005, -6.29371749e-006, 1, 0, 0, 0, 0, 0, 0, 0, 0.221175952, 0.0578369385, -0.0937877441, -0.411794455, 0.830353055, -0.375317874, -0.853759766, -0.207641602, 0.477294922, 0.318461708, 0.516971875, 0.794569337, 0, 0, 0, 0, 0, 0, 0, 0.264837012, 0.0961873535, -0.0576256348, -0.518054105, 0.735527458, -0.436292503, -0.177734375, -0.591552734, -0.786376953, -0.836566228, -0.329830518, 0.437381859, 1, 3, 1, 
867.036692, 0.1, 0.1, 0.0296835849, 0.264741377, -0.0199643751, 0.819476412, -0.573112911, 2.63371217e-005, 0.573112911, 0.819476413, 1.12999112e-005, -2.8058775e-005, 5.83413376e-006, 1, 0.819476403, -0.573112925, -7.87343171e-006, 0.573112925, 0.819476403, 3.4343588e-006, 4.48381608e-006, -7.32674148e-006, 1, 0, 0, 0, 0, 0, 0, 0, 0.221175952, 0.0578369385, -0.0937877441, -0.411794455, 0.830353055, -0.375317874, -0.853759766, -0.207641602, 0.477294922, 0.318461708, 0.516971875, 0.794569337, 0, 0, 0, 0, 0, 0, 0, 0.264837012, 0.0961873535, -0.0576256348, -0.518054105, 0.735527458, -0.436292503, -0.177734375, -0.591552734, -0.786376953, -0.836566228, -0.329830518, 0.437381859, 1, 3, 1, 
867.037524, 0.1, 0.1, 0.0296835893, 0.264741357, -0.0199634035, 0.819476363, -0.573112982, -1.86223586e-005, 0.573112982, 0.819476363, -2.39929561e-005, 2.90112573e-005, 8.98894498e-006, 1, 0.819476358, -0.57311299, 1.64954088e-005, 0.57311299, 0.819476358, 2.44160652e-007, -1.36575291e-005, 9.25364915e-006, 1, 0, 0, 0, 0, 0, 0, 0, 0.221175952, 0.0578369385, -0.0937877441, -0.411794455, 0.830353055, -0.375317874, -0.853759766, -0.207641602, 0.477294922, 0.318461708, 0.516971875, 0.794569337, 0, 0, 0, 0, 0, 0, 0, 0.264837012, 0.0961873535, -0.0576256348, -0.518054105, 0.735527458, -0.436292503, -0.177734375, -0.591552734, -0.786376953, -0.836566228, -0.329830518, 0.437381859, 1, 3, 1, 
867.038341, 0.1, 0.1, 0.0296836038, 0.264741344, -0.0199625796, 0.819476422, -0.573112898, 8.66562638e-006, 0.573112898, 0.819476422, 1.09402729e-005, -1.3371288e-005, -3.99891344e-006, 1, 0.819476433, -0.573112882, -1.19383128e-005, 0.573112881, 0.819476433, -1.99529315e-005, 2.1218448e-005, 9.50895627e-006, 1, 0, 0, 0, 0, 0, 0, 0, 0.221175952, 0.0578369385, -0.0937877441, -0.411794455, 0.830353055, -0.375317874, -0.853759766, -0.207641602, 0.477294922, 0.318461708, 0.516971875, 0.794569337, 0, 0, 0, 0, 0, 0, 0, 0.265539941, 0.0946568848, -0.0567570801, -0.517568499, 0.735470222, -0.43702711, -0.179077148, -0.592529297, -0.78527832, -0.836515189, -0.328118136, 0.438532076, 1, 3, 1, 
867.039145, 0.1, 0.1, 0.0296836086, 0.264741324, -0.019962423, 0.819476485, -0.573112807, -2.34984722e-005, 0.573112807, 0.819476486, -8.5041977e-006, 2.41303101e-005, -6.49828534e-006, 1, 0.819476484, -0.57311281, 4.51580099e-006, 0.57311281, 0.819476484, 1.10302006e-005, -1.0022142e-005, -6.4509266e-006, 1, 0, 0, 0, 0, 0, 0, 0, 0.221175952, 0.0578369385, -0.0937877441, -0.411794455, 0.830353055, -0.375317874, -0.853759766, -0.207641602, 0.477294922, 0.318461708, 0.516971875, 0.794569337, 0, 0, 0, 0, 0, 0, 0, 0.265539941, 0.0946568848, -0.0567570801, -0.517568499, 0.735470222, -0.43702711, -0.179077148, -0.592529297, -0.78527832, -0.836515189, -0.328118136, 0.438532076, 1, 3, 1, 
867.039994, 0.1, 0.1, 0.0296836225, 0.264741309, -0.0199629051, 0.819476454, -0.573112852, 1.984862e-005, 0.573112852, 0.819476454, 1.07688565e-005, -2.24372468e-005, 2.55067489e-006, 1, 0.819476437, -0.573112876, -1.65269218e-005, 0.573112876, 0.819476438, 1.73638872e-006, 1.25482763e-005, -1.08947213e-005, 1, 0, 0, 0, 0, 0, 0, 0, 0.221175952, 0.0578369385, -0.0937877441, -0.411794455, 0.830353055, -0.375317874, -0.853759766, -0.207641602, 0.477294922, 0.318461708, 0.516971875, 0.794569337, 0, 0, 0, 0, 0, 0, 0, 0.265539941, 0.0946568848, -0.0567570801, -0.517568499, 0.735470222, -0.43702711, -0.179077148, -0.592529297, -0.78527832, -0.836515189, -0.328118136, 0.438532076, 1, 3, 1, 
867.040803, 0.1, 0.1, 0.0296836259, 0.264741288, -0.0199637503, 0.819476421, -0.573112899, -1.05895568e-005, 0.573112899, 0.819476421, -1.55027687e-005, 1.75627288e-005, 6.6351418e-006, 1, 0.819476417, -0.573112905, 1.68669983e-005, 0.573112905, 0.819476417, 3.76081443e-006, -1.59774787e-005, 6.58479568e-006, 1, 0, 0, 0, 0, 0, 0, 0, 0.221583618, 0.0562367676, -0.0931686768, -0.41265041, 0.829516196, -0.376207151, -0.852783203, -0.206665039, 0.479492188, 0.320080381, 0.518711116, 0.792856305, 0, 0, 0, 0, 0, 0, 0, 0.265539941, 0.0946568848, -0.0567570801, -0.517568499, 0.735470222, -0.43702711, -0.179077148, -0.592529297, -0.78527832, -0.836515189, -0.328118136, 0.438532076, 1, 3, 1, 
867.041597, 0.1, 0.1, 0.0296836379, 0.264741275, -0.0199649739, 0.819476476, -0.573112821, 1.35252883e-005, 0.573112821, 0.819476476, 1.65642e-005, -2.05768109e-005, -5.82245613e-006, 1, 0.819476486, -0.573112806, -6.46839821e-006, 0.573112806, 0.819476486, -1.29981186e-005, 1.27500884e-005, 6.9445307e-006, 1, 0, 0, 0, 0, 0, 0, 0, 0.221583618, 0.0562367676, -0.0931686768, -0.41265041, 0.829516196, -0.376207151, -0.852783203, -0.206665039, 0.479492188, 0.320080381, 0.518711116, 0.792856305, 0, 0, 0, 0, 0, 0, 0, 0.265539941, 0.0946568848, -0.0567570801, -0.517568499, 0.735470222, -0.43702711, -0.179077148, -0.592529297, -0.78527832, -0.836515189, -0.328118136, 0.438532076, 1, 3, 1, 
867.042393, 0.1, 0.1, 0.0296836416, 0.264741255, -0.0199662137, 0.819476533, -0.573112739, -1.70323141e-005, 0.57311274, 0.819476533, -2.92771132e-006, 1.56354904e-005, -7.36224548e-006, 1, 0.819476531, -0.573112742, 8.62776379e-006, 0.573112742, 0.819476531, 1.51655309e-005, -1.57618089e-005, -7.48311526e-006, 1, 0, 0, 0, 0, 0, 0, 0, 0.221583618, 0.0562367676, -0.0931686768, -0.41265041, 0.829516196, -0.376207151, -0.852783203, -0.206665039, 0.479492188, 0.320080381, 0.518711116, 0.792856305, 0, 0, 0, 0, 0, 0, 0, 0.265539941, 0.0946568848, -0.0567570801, -0.517568499, 0.735470222, -0.43702711, -0.179077148, -0.592529297, -0.78527832, -0.836515189, -0.328118136, 0.438532076, 1, 3, 1, 
867.043205, 0.1, 0.1, 0.029683653, 0.264741241, -0.019967033, 0.819476504, -0.57311278, 2.10069344e-005, 0.57311278, 0.819476505, 7.31668179e-006, -2.1407973e-005, 6.04349375e-006, 1, 0.819476489, -0.573112802, -1.40580696e-005, 0.573112802, 0.819476489, -1.10517579e-006, 1.21536479e-005, -7.15119407e-006, 1, 0, 0, 0, 0, 0, 0, 0, 0.221583618, 0.0562367676, -0.0931686768, -0.412859344, 0.828596962, -0.377838929, -0.852294922, -0.205200195, 0.481079102, 0.321102208, 0.520710587, 0.791137283, 0, 0, 0, 0, 0, 0, 0, 0.265539941, 0.0946568848, -0.0567570801, -0.517568499, 0.735470222, -0.43702711, -0.179077148, -0.592529297, -0.78527832, -0.836515189, -0.328118136, 0.438532076, 1, 3, 1, 
867.044022, 0.1, 0.1, 0.0296836564, 0.264741222, -0.019966827, 0.819476471, -0.573112828, -1.04537209e-005, 0.573112828, 0.819476471, -1.62643819e-005, 1.78879042e-005, 7.33711678e-006, 1, 0.819476468, -0.573112832, 1.56202641e-005, 0.573112832, 0.819476468, 1.90631001e-006, -1.38929696e-005, 7.38999762e-006, 1, 0, 0, 0, 0, 0, 0, 0, 0.222245776, 0.0546331787, -0.0923643311, -0.412859344, 0.828596962, -0.377838929, -0.852294922, -0.205200195, 0.481079102, 0.321102208, 0.520710587, 0.791137283, 0, 0, 0, 0, 0, 0, 0, 0.265945166, 0.0932693359, -0.0558553223, -0.518360707, 0.734729053, -0.437276109, -0.17956543, -0.593505859, -0.784423828, -0.83598474, -0.328073293, 0.439733332, 1, 3, 1, 
867.044816, 0.1, 0.1, 0.0296836678, 0.264741209, -0.0199660885, 0.819476519, -0.573112759, 1.28129571e-005, 0.573112759, 0.819476519, 1.45665507e-005, -1.88481935e-005, -4.59367706e-006, 1, 0.81947653, -0.573112744, -6.04116868e-006, 0.573112744, 0.81947653, -1.37054265e-005, 1.28053506e-005, 7.76900462e-006, 1, 0, 0, 0, 0, 0, 0, 0, 0.222245776, 0.0546331787, -0.0923643311, -0.412859344, 0.828596962, -0.377838929, -0.852294922, -0.205200195, 0.481079102, 0.321102208, 0.520710587, 0.791137283, 0, 0, 0, 0, 0, 0, 0, 0.265945166, 0.0932693359, -0.0558553223, -0.518360707, 0.734729053, -0.437276109, -0.17956543, -0.593505859, -0.784423828, -0.83598474, -0.328073293, 0.439733332, 1, 3, 1, 
867.045623, 0.1, 0.1, 0.0296836721, 0.26474119, -0.0199651185, 0.81947657, -0.573112686, -2.33145236e-005, 0.573112686, 0.81947657, -8.18532744e-006, 2.37968208e-005, -6.65416517e-006, 1, 0.819476571, -0.573112685, 5.11100642e-006, 0.573112685, 0.819476571, 1.19131068e-005, -1.10159026e-005, -6.83332929e-006, 1, 0, 0, 0, 0, 0, 0, 0, 0.222245776, 0.0546331787, -0.0923643311, -0.412859344, 0.828596962, -0.377838929, -0.852294922, -0.205200195, 0.481079102, 0.321102208, 0.520710587, 0.791137283, 0, 0, 0, 0, 0, 0, 0, 0.265945166, 0.0932693359, -0.0558553223, -0.518360707, 0.734729053, -0.437276109, -0.17956543, -0.593505859, -0.784423828, -0.83598474, -0.328073293, 0.439733332, 1, 3, 1, 
867.046425, 0.1, 0.1, 0.0296836844, 0.264741178, -0.0199640952, 0.819476524, -0.573112751, 1.82251765e-005, 0.573112751, 0.819476524, 4.96068662e-006, -1.77781371e-005, 6.37991484e-006, 1, 0.819476512, -0.573112769, -1.68937722e-005, 0.573112769, 0.819476512, -3.85316116e-006, 1.60523454e-005, -6.52446149e-006, 1, 0, 0, 0, 0, 0, 0, 0, 0.222245776, 0.0546331787, -0.0923643311, -0.412859344, 0.828596962, -0.377838929, -0.852294922, -0.205200195, 0.481079102, 0.321102208, 0.520710587, 0.791137283, 0, 0, 0, 0, 0, 0, 0, 0.265945166, 0.0932693359, -0.0558553223, -0.518360707, 0.734729053, -0.437276109, -0.17956543, -0.593505859, -0.784423828, -0.83598474, -0.328073293, 0.439733332, 1, 3, 1, 
867.04722, 0.1, 0.1, 0.0296836874, 0.264741161, -0.0199635742, 0.819476474, -0.573112823, -1.21459987e-005, 0.573112823, 0.819476474, -1.84971895e-005, 2.05543367e-005, 8.19698401e-006, 1, 0.819476474, -0.573112824, 1.54990831e-005, 0.573112824, 0.819476474, 6.52221006e-007, -1.30749302e-005, 8.34824354e-006, 1, 0, 0, 0, 0, 0, 0, 0, 0.222245776, 0.0546331787, -0.0923643311, -0.412859344, 0.828596962, -0.377838929, -0.852294922, -0.205200195, 0.481079102, 0.321102208, 0.520710587, 0.791137283, 0, 0, 0, 0, 0, 0, 0, 0.265945166, 0.0932693359, -0.0558553223, -0.518360707, 0.734729053, -0.437276109, -0.17956543, -0.593505859, -0.784423828, -0.83598474, -0.328073293, 0.439733332, 1, 3, 1, 
867.048038, 0.1, 0.1, 0.0296836993, 0.264741148, -0.0199634485, 0.819476516, -0.573112763, 1.50692629e-005, 0.573112763, 0.819476516, 1.6850083e-005, -2.20059047e-005, -5.17186037e-006, 1, 0.81947653, -0.573112743, -5.85236708e-006, 0.573112743, 0.81947653, -1.41090069e-005, 1.28819291e-005, 8.20793385e-006, 1, 0, 0, 0, 0, 0, 0, 0, 0.222245776, 0.0546331787, -0.0923643311, -0.412859344, 0.828596962, -0.377838929, -0.852294922, -0.205200195, 0.481079102, 0.321102208, 0.520710587, 0.791137283, 0, 0, 0, 0, 0, 0, 0, 0.265945166, 0.0932693359, -0.0558553223, -0.518360707, 0.734729053, -0.437276109, -0.17956543, -0.593505859, -0.784423828, -0.83598474, -0.328073293, 0.439733332, 1, 3, 1, 
867.04886, 0.1, 0.1, 0.0296837017, 0.264741129, -0.0199636156, 0.819476568, -0.573112689, -1.73951608e-005, 0.573112689, 0.819476568, -3.90482281e-006, 1.64928302e-005, -6.7694766e-006, 1, 0.819476568, -0.573112689, 1.0200735e-005, 0.573112689, 0.819476568, 1.53147687e-005, -1.71363516e-005, -6.70392346e-006, 1, 0, 0, 0, 0, 0, 0, 0, 0.222836157, 0.0534564209, -0.0915376465, -0.41442672, 0.82729693, -0.379051716, -0.85144043, -0.205444336, 0.482421875, 0.321350456, 0.522646779, 0.789722674, 0, 0, 0, 0, 0, 0, 0, 0.266947363, 0.0920181152, -0.0551702148, -0.520443491, 0.733169788, -0.437390948, -0.178955078, -0.594604492, -0.783691406, -0.834853479, -0.329587348, 0.440825946, 1, 3, 1, 
867.049673, 0.1, 0.1, 0.0296837125, 0.264741117, -0.0199641684, 0.819476529, -0.573112745, 2.38271614e-005, 0.573112745, 0.819476529, 9.01554722e-006, -2.46927246e-005, 6.26762056e-006, 1, 0.819476514, -0.573112766, -1.24561843e-005, 0.573112766, 0.819476514, 4.01864973e-008, 1.01845191e-005, -7.17173013e-006, 1, 0, 0, 0, 0, 0, 0, 0, 0.222836157, 0.0534564209, -0.0915376465, -0.41442672, 0.82729693, -0.379051716, -0.85144043, -0.205444336, 0.482421875, 0.321350456, 0.522646779, 0.789722674, 0, 0, 0, 0, 0, 0, 0, 0.266947363, 0.0920181152, -0.0551702148, -0.520443491, 0.733169788, -0.437390948, -0.178955078, -0.594604492, -0.783691406, -0.834853479, -0.329587348, 0.440825946, 1, 3, 1, 
867.050468, 0.1, 0.1, 0.0296837142, 0.264741099, -0.0199649166, 0.81947649, -0.573112801, -7.88554852e-006, 0.573112801, 0.81947649, -1.50987383e-005, 1.51153018e-005, 7.85375224e-006, 1, 0.819476487, -0.573112804, 1.92566924e-005, 0.573112804, 0.819476487, 3.7129305e-006, -1.79083347e-005, 7.99359776e-006, 1, 0, 0, 0, 0, 0, 0, 0, 0.222836157, 0.0534564209, -0.0915376465, -0.41442672, 0.82729693, -0.379051716, -0.85144043, -0.205444336, 0.482421875, 0.321350456, 0.522646779, 0.789722674, 0, 0, 0, 0, 0, 0, 0, 0.266947363, 0.0920181152, -0.0551702148, -0.520443491, 0.733169788, -0.437390948, -0.178955078, -0.594604492, -0.783691406, -0.834853479, -0.329587348, 0.440825946, 1, 3, 1, 
867.051293, 0.1, 0.1, 0.0296837255, 0.264741088, -0.0199654877, 0.819476539, -0.57311273, 1.34015761e-005, 0.57311273, 0.819476539, 1.43020075e-005, -1.91789398e-005, -4.03954573e-006, 1, 0.81947655, -0.573112715, -5.2779555e-006, 0.573112714, 0.81947655, -1.41639455e-005, 1.2442698e-005, 8.58215783e-006, 1, 0, 0, 0, 0, 0, 0, 0, 0.223402734, 0.0522796631, -0.0908989258, -0.416501454, 0.825996897, -0.379560195, -0.849975586, -0.205810547, 0.484741211, 0.322297021, 0.524582971, 0.788072922, 0, 0, 0, 0, 0, 0, 0, 0.267460352, 0.0909652344, -0.0548595703, -0.523490924, 0.731246319, -0.436943254, -0.17956543, -0.596069336, -0.782470703, -0.832718923, -0.331139683, 0.443573341, 1, 3, 1, 
867.052092, 0.1, 0.1, 0.0296837287, 0.26474107, -0.0199657698, 0.819476588, -0.57311266, -2.06785974e-005, 0.57311266, 0.819476588, -6.68398299e-006, 2.07763017e-005, -6.37379841e-006, 1, 0.819476588, -0.57311266, 5.9575395e-006, 0.57311266, 0.819476588, 1.18673559e-005, -1.1683396e-005, -6.31067898e-006, 1, 0, 0, 0, 0, 0, 0, 0, 0.223402734, 0.0522796631, -0.0908989258, -0.416501454, 0.825996897, -0.379560195, -0.849975586, -0.205810547, 0.484741211, 0.322297021, 0.524582971, 0.788072922, 0, 0, 0, 0, 0, 0, 0, 0.267460352, 0.0909652344, -0.0548595703, -0.523490924, 0.731246319, -0.436943254, -0.17956543, -0.596069336, -0.782470703, -0.832718923, -0.331139683, 0.443573341, 1, 3, 1, 
867.052886, 0.1, 0.1, 0.02968374, 0.26474106, -0.0199659213, 0.81947655, -0.573112715, 1.58674167e-005, 0.573112715, 0.81947655, 4.76362866e-006, -1.5733072e-005, 5.19013625e-006, 1, 0.819476538, -0.573112732, -1.72277861e-005, 0.573112732, 0.819476538, -3.50513342e-006, 1.61266031e-005, -7.00108896e-006, 1, 0, 0, 0, 0, 0, 0, 0, 0.223402734, 0.0522796631, -0.0908989258, -0.416501454, 0.825996897, -0.379560195, -0.849975586, -0.205810547, 0.484741211, 0.322297021, 0.524582971, 0.788072922, 0, 0, 0, 0, 0, 0, 0, 0.267460352, 0.0909652344, -0.0548595703, -0.523490924, 0.731246319, -0.436943254, -0.17956543, -0.596069336, -0.782470703, -0.832718923, -0.331139683, 0.443573341, 1, 3, 1, 
867.053703, 0.1, 0.1, 0.0296837434, 0.264741043, -0.0199657737, 0.819476506, -0.573112778, -1.56929307e-005, 0.573112778, 0.819476506, -2.01730489e-005, 2.44214201e-005, 7.53752055e-006, 1, 0.819476504, -0.57311278, 1.15324759e-005, 0.57311278, 0.819476504, -1.51409747e-006, -8.58284443e-006, 7.85017663e-006, 1, 0, 0, 0, 0, 0, 0, 0, 0.223402734, 0.0522796631, -0.0908989258, -0.416501454, 0.825996897, -0.379560195, -0.849975586, -0.205810547, 0.484741211, 0.322297021, 0.524582971, 0.788072922, 0, 0, 0, 0, 0, 0, 0, 0.267460352, 0.0909652344, -0.0548595703, -0.523490924, 0.731246319, -0.436943254, -0.17956543, -0.596069336, -0.782470703, -0.832718923, -0.331139683, 0.443573341, 1, 3, 1, 
867.054498, 0.1, 0.1, 0.0296837547, 0.264741033, -0.019965298, 0.81947655, -0.573112714, 1.14813654e-005, 0.573112714, 0.81947655, 1.47944247e-005, -1.78875826e-005, -5.5435676e-006, 1, 0.819476562, -0.573112697, -8.34778557e-006, 0.573112697, 0.819476562, -1.45080798e-005, 1.51555794e-005, 7.10480946e-006, 1, 0, 0, 0, 0, 0, 0, 0, 0.223402734, 0.0522796631, -0.0908989258, -0.416501454, 0.825996897, -0.379560195, -0.849975586, -0.205810547, 0.484741211, 0.322297021, 0.524582971, 0.788072922, 0, 0, 0, 0, 0, 0, 0, 0.267460352, 0.0909652344, -0.0548595703, -0.523490924, 0.731246319, -0.436943254, -0.17956543, -0.596069336, -0.782470703, -0.832718923, -0.331139683, 0.443573341, 1, 3, 1, 
867.055293, 0.1, 0.1, 0.0296837574, 0.264741016, -0.0199648814, 0.8194766, -0.573112643, -1.90160452e-005, 0.573112643, 0.8194766, -3.41175588e-006, 1.75385245e-005, -8.1024818e-006, 1, 0.8194766, -0.573112643, 7.36989348e-006, 0.573112643, 0.8194766, 1.50333714e-005, -1.46552704e-005, -8.09571693e-006, 1, 0, 0, 0, 0, 0, 0, 0, 0.223402734, 0.0522796631, -0.0908989258, -0.416501454, 0.825996897, -0.379560195, -0.849975586, -0.205810547, 0.484741211, 0.322297021, 0.524582971, 0.788072922, 0, 0, 0, 0, 0, 0, 0, 0.267460352, 0.0909652344, -0.0548595703, -0.523490924, 0.731246319, -0.436943254, -0.17956543, -0.596069336, -0.782470703, -0.832718923, -0.331139683, 0.443573341, 1, 3, 1, 
867.056119, 0.1, 0.1, 0.0296837679, 0.264741004, -0.0199643739, 0.819476561, -0.573112698, 2.33412837e-005, 0.573112698, 0.819476562, 1.08334201e-005, -2.53364056e-005, 4.49945225e-006, 1, 0.819476548, -0.573112718, -1.12959101e-005, 0.573112718, 0.819476548, 2.55245529e-006, 7.7938888e-006, -8.56550697e-006, 1, 0, 0, 0, 0, 0, 0, 0, 0.223916577, 0.0510784912, -0.0902622803, -0.419528744, 0.824214595, -0.380131953, -0.848632812, -0.207641602, 0.486328125, 0.321911354, 0.526595547, 0.786803968, 0, 0, 0, 0, 0, 0, 0, 0.268112109, 0.0902584961, -0.0543342285, -0.527924814, 0.728421633, -0.436431762, -0.178588867, -0.59753418, -0.781494141, -0.830239119, -0.33462788, 0.445713727, 1, 3, 1, 
867.056916, 0.1, 0.1, 0.0296837691, 0.264740988, -0.0199640634, 0.819476525, -0.573112751, -8.74312475e-006, 0.573112751, 0.819476525, -1.5416821e-005, 1.60003622e-005, 7.6229266e-006, 1, 0.819476521, -0.573112756, 1.89987768e-005, 0.573112756, 0.819476521, 4.14839065e-006, -1.79465471e-005, 7.48893256e-006, 1, 0, 0, 0, 0, 0, 0, 0, 0.223916577, 0.0510784912, -0.0902622803, -0.419528744, 0.824214595, -0.380131953, -0.848632812, -0.207641602, 0.486328125, 0.321911354, 0.526595547, 0.786803968, 0, 0, 0, 0, 0, 0, 0, 0.268112109, 0.0902584961, -0.0543342285, -0.527924814, 0.728421633, -0.436431762, -0.178588867, -0.59753418, -0.781494141, -0.830239119, -0.33462788, 0.445713727, 1, 3, 1, 
867.057711, 0.1, 0.1, 0.0296837792, 0.264740978, -0.0199642415, 0.819476575, -0.573112678, 1.44712299e-005, 0.573112678, 0.819476576, 1.55071437e-005, -2.07461746e-005, -4.41409572e-006, 1, 0.819476587, -0.573112662, -5.13525602e-006, 0.573112662, 0.819476587, -1.37776382e-005, 1.2104361e-005, 8.34737169e-006, 1, 0, 0, 0, 0, 0, 0, 0, 0.223916577, 0.0510784912, -0.0902622803, -0.419528744, 0.824214595, -0.380131953, -0.848632812, -0.207641602, 0.486328125, 0.321911354, 0.526595547, 0.786803968, 0, 0, 0, 0, 0, 0, 0, 0.268112109, 0.0902584961, -0.0543342285, -0.527924814, 0.728421633, -0.436431762, -0.178588867, -0.59753418, -0.781494141, -0.830239119, -0.33462788, 0.445713727, 1, 3, 1, 
867.058502, 0.1, 0.1, 0.0296837815, 0.264740962, -0.0199648336, 0.819476627, -0.573112604, -1.99400871e-005, 0.573112604, 0.819476628, -6.90099814e-006, 2.02954844e-005, -5.77270859e-006, 1, 0.819476627, -0.573112605, 7.25967772e-006, 0.573112605, 0.819476627, 1.22861377e-005, -1.29904766e-005, -5.90758985e-006, 1, 0, 0, 0, 0, 0, 0, 0, 0.223916577, 0.0510784912, -0.0902622803, -0.419528744, 0.824214595, -0.380131953, -0.848632812, -0.207641602, 0.486328125, 0.321911354, 0.526595547, 0.786803968, 0, 0, 0, 0, 0, 0, 0, 0.268112109, 0.0902584961, -0.0543342285, -0.527924814, 0.728421633, -0.436431762, -0.178588867, -0.59753418, -0.781494141, -0.830239119, -0.33462788, 0.445713727, 1, 3, 1, 
