time, realDorsalTactorPos, realVentralTactorPos, boxPosX, boxPosY, boxPosZ, boxLocalRot_11, boxLocalRot_12, boxLocalRot_13, boxLocalRot_21, boxLocalRot_22, boxLocalRot_23, boxLocalRot_31, boxLocalRot_32, boxLocalRot_33, boxGlobalRot_11, boxGlobalRot_12, boxGlobalRot_13, boxGlobalRot_21, boxGlobalRot_22, boxGlobalRot_23, boxGlobalRot_31, boxGlobalRot_32, boxGlobalRot_33, indexForceX, indexForceY, indexForceZ, indexForceGlobalX, indexForceGlobalY, indexForceGlobalZ, indexContact, indexPosX, indexPosY, indexPosZ, indexRot_11, indexRot_12, indexRot_13, indexRot_21, indexRot_22, indexRot_23, indexRot_31, indexRot_32, indexRot_33, thumbForceX, thumbForceY, thumbForceZ, thumbForceGlobalX, thumbForceGlobalY, thumbForceGlobalZ, thumbContact, thumbPosX, thumbPosY, thumbPosZ, thumbRot_11, thumbRot_12, thumbRot_13, thumbRot_21, thumbRot_22, thumbRot_23, thumbRot_31, thumbRot_32, thumbRot_33, mapping, trialSuccess, 
187.672671, 0.1, 0.1, 0.194580594, 0.105901672, -0.0199314889, 0.987216572, -3.60997709e-005, -0.159384559, 0.159384558, -3.23471077e-005, 0.987216573, -4.07939216e-005, -0.999999999, -2.61798547e-005, 0.987216639, -3.8993595e-005, -0.159384146, 0.159384145, -2.01040712e-005, 0.98721664, -4.16993961e-005, -0.999999999, -1.36321128e-005, 0, 0, 0, 0, 0, 0, 0, 0.169604712, 0.0203621582, -0.172386938, -0.134144527, 0.72756865, -0.672708302, -0.486083984, 0.543212891, 0.684570313, 0.863525438, 0.418928787, 0.280934747, 0, 0, 0, 0, 0, 0, 0, 0.240016992, 0.041623291, -0.155334375, -0.0611923114, 0.205916118, -0.976661931, 0.340209961, -0.915527344, -0.214355469, -0.938294225, -0.345235304, -0.0140310688, 2, 1, 
187.676817, 0.1, 0.1, 0.194581012, 0.105901925, -0.019993611, 0.987216938, -8.72637922e-005, -0.159382278, 0.159382278, -1.48825994e-006, 0.987216941, -8.63854963e-005, -0.999999996, 1.24390666e-005, 0.987216834, -9.08480882e-005, -0.159382917, 0.159382915, -2.79230607e-005, 0.987216838, -9.41372213e-005, -0.999999995, -1.30864825e-005, 0, 0, 0, 0, 0, 0, 0, 0.169690771, 0.0194326904, -0.171772144, -0.13248167, 0.726914516, -0.673793409, -0.485839844, 0.544921875, 0.683349609, 0.863880027, 0.417920064, 0.281106611, 0, 0, 0, 0, 0, 0, 0, 0.240131494, 0.0404864258, -0.154726172, -0.0594799292, 0.20223579, -0.977486222, 0.340454102, -0.916381836, -0.210327148, -0.938236989, -0.345253894, -0.0143631907, 2, 1, 
187.67763, 0.1, 0.1, 0.194581058, 0.105901978, -0.0199968346, 0.987217514, -3.23234207e-005, -0.159378729, 0.159378731, 0.000100123252, 0.987217509, -1.59527302e-005, -0.999999994, 0.000103995094, 0.987217395, -4.5610669e-005, -0.159379464, 0.159379468, 8.64466187e-005, 0.987217391, -3.12498299e-005, -0.999999995, 9.26110098e-005, 0, 0, 0, 0, 0, 0, 0, 0.169690771, 0.0194326904, -0.171772144, -0.13248167, 0.726914516, -0.673793409, -0.485839844, 0.544921875, 0.683349609, 0.863880027, 0.417920064, 0.281106611, 0, 0, 0, 0, 0, 0, 0, 0.240131494, 0.0404864258, -0.154726172, -0.0594799292, 0.20223579, -0.977486222, 0.340454102, -0.916381836, -0.210327148, -0.938236989, -0.345253894, -0.0143631907, 2, 1, 
187.678488, 0.1, 0.1, 0.194581121, 0.105902043, -0.0199881462, 0.987218161, 2.51371916e-005, -0.159374721, 0.159374718, 9.35922853e-005, 0.987218157, 3.97321364e-005, -0.999999995, 8.8389771e-005, 0.987218042, 1.9738256e-005, -0.159375457, 0.159375454, 0.000107877638, 0.987218037, 3.66790101e-005, -0.999999994, 0.000103352957, 0, 0, 0, 0, 0, 0, 0, 0.169924878, 0.019210791, -0.171549634, -0.132259631, 0.726933612, -0.673837592, -0.486328125, 0.544677734, 0.683227539, 0.863721268, 0.418040631, 0.281607977, 0, 0, 0, 0, 0, 0, 0, 0.239918262, 0.0401982422, -0.154509521, -0.0593712874, 0.201437018, -0.977620383, 0.341064453, -0.916259766, -0.209472656, -0.938102827, -0.345828819, -0.0142545489, 2, 1, 
187.679305, 0.1, 0.1, 0.194581178, 0.105902077, -0.0199727167, 0.987218766, -1.36440529e-005, -0.159370975, 0.159370974, -7.75098128e-005, 0.987218763, -2.58224795e-005, -0.999999997, -7.43446758e-005, 0.987218652, -5.16923645e-006, -0.159371682, 0.159371682, -4.58296411e-005, 0.987218651, -1.24071136e-005, -0.999999999, -4.44200466e-005, 0, 0, 0, 0, 0, 0, 0, 0.169924878, 0.019210791, -0.171549634, -0.132259631, 0.726933612, -0.673837592, -0.486328125, 0.544677734, 0.683227539, 0.863721268, 0.418040631, 0.281607977, 0, 0, 0, 0, 0, 0, 0, 0.239918262, 0.0401982422, -0.154509521, -0.0593712874, 0.201437018, -0.977620383, 0.341064453, -0.916259766, -0.209472656, -0.938102827, -0.345828819, -0.0142545489, 2, 1, 
187.680114, 0.1, 0.1, 0.19458123, 0.105902096, -0.019956477, 0.987219255, -7.16919952e-007, -0.159367945, 0.159367945, -3.70864219e-007, 0.987219255, -7.66861049e-007, -1, -2.51870238e-007, 0.987219168, 1.64161447e-005, -0.159368487, 0.159368488, -4.63747751e-005, 0.987219167, 8.8156549e-006, -0.999999999, -4.83982831e-005, 0, 0, 0, 0, 0, 0, 0, 0.169924878, 0.019210791, -0.171549634, -0.132259631, 0.726933612, -0.673837592, -0.486328125, 0.544677734, 0.683227539, 0.863721268, 0.418040631, 0.281607977, 0, 0, 0, 0, 0, 0, 0, 0.239918262, 0.0401982422, -0.154509521, -0.0593712874, 0.201437018, -0.977620383, 0.341064453, -0.916259766, -0.209472656, -0.938102827, -0.345828819, -0.0142545489, 2, 1, 
187.680978, 0.1, 0.1, 0.194581279, 0.105902154, -0.0199436096, 0.98721968, -4.59675572e-006, -0.159365313, 0.159365313, 8.93449697e-005, 0.987219676, 9.70048141e-006, -0.999999996, 8.89356758e-005, 0.98721961, -1.90923926e-005, -0.159365749, 0.15936575, 0.000117067774, 0.987219603, -1.91790675e-007, -0.999999993, 0.000118614276, 0, 0, 0, 0, 0, 0, 0, 0.169924878, 0.019210791, -0.171549634, -0.132259631, 0.726933612, -0.673837592, -0.486328125, 0.544677734, 0.683227539, 0.863721268, 0.418040631, 0.281607977, 0, 0, 0, 0, 0, 0, 0, 0.239918262, 0.0401982422, -0.154509521, -0.0593712874, 0.201437018, -0.977620383, 0.341064453, -0.916259766, -0.209472656, -0.938102827, -0.345828819, -0.0142545489, 2, 1, 
187.681781, 0.1, 0.1, 0.194581331, 0.10590217, -0.0199395425, 0.987220042, 1.52683725e-005, -0.159363068, 0.159363069, -9.95398281e-005, 0.987220037, -7.89729108e-007, -0.999999995, -0.000100700928, 0.987219977, 2.58207241e-005, -0.159363471, 0.159363473, -0.000102309334, 0.987219972, 9.18636401e-006, -0.999999994, -0.000105116698, 0, 0, 0, 0, 0, 0, 0, 0.169924878, 0.019210791, -0.171549634, -0.132259631, 0.726933612, -0.673837592, -0.486328125, 0.544677734, 0.683227539, 0.863721268, 0.418040631, 0.281607977, 0, 0, 0, 0, 0, 0, 0, 0.239918262, 0.0401982422, -0.154509521, -0.0593712874, 0.201437018, -0.977620383, 0.341064453, -0.916259766, -0.209472656, -0.938102827, -0.345828819, -0.0142545489, 2, 1, 
187.682609, 0.1, 0.1, 0.194581373, 0.105902206, -0.0199447331, 0.987220342, -4.57651831e-005, -0.15936121, 0.159361214, 0.000102007932, 0.987220337, -2.8924212e-005, -0.999999994, 0.000107997501, 0.987220274, -5.27230273e-005, -0.159361627, 0.15936163, 7.79758957e-005, 0.987220272, -3.96228757e-005, -0.999999996, 8.53814127e-005, 0, 0, 0, 0, 0, 0, 0, 0.169924878, 0.019210791, -0.171549634, -0.132259631, 0.726933612, -0.673837592, -0.486328125, 0.544677734, 0.683227539, 0.863721268, 0.418040631, 0.281607977, 0, 0, 0, 0, 0, 0, 0, 0.239918262, 0.0401982422, -0.154509521, -0.0593712874, 0.201437018, -0.977620383, 0.341064453, -0.916259766, -0.209472656, -0.938102827, -0.345828819, -0.0142545489, 2, 1, 
187.683463, 0.1, 0.1, 0.19458142, 0.105902245, -0.0199557445, 0.987220713, -1.92039431e-005, -0.159358916, 0.159358915, -5.57956525e-005, 0.987220711, -2.7850065e-005, -0.999999998, -5.20223043e-005, 0.987220641, -1.68810637e-005, -0.159359361, 0.159359361, -1.49242488e-005, 0.987220641, -1.90436533e-005, -1, -1.20433709e-005, 0, 0, 0, 0, 0, 0, 0, 0.169935742, 0.0187595459, -0.171553052, -0.132037593, 0.726832141, -0.673919968, -0.486572266, 0.544799805, 0.682983398, 0.863562508, 0.418180295, 0.281868208, 0, 0, 0, 0, 0, 0, 0, 0.240151514, 0.0399134766, -0.154302881, -0.0592626456, 0.200612727, -0.977863187, 0.341430664, -0.916381836, -0.208618164, -0.937968666, -0.346160941, -0.0142800686, 2, 1, 
187.684252, 0.1, 0.1, 0.19458147, 0.105902261, -0.019967848, 0.987220952, 4.9791349e-005, -0.159357426, 0.159357426, 7.28970618e-007, 0.987220953, 4.92712299e-005, -0.999999999, -7.21496614e-006, 0.987220919, 5.11766691e-005, -0.159357631, 0.159357632, -3.28604483e-005, 0.987220919, 4.52861152e-005, -0.999999998, -4.05959148e-005, 0, 0, 0, 0, 0, 0, 0, 0.169935742, 0.0187595459, -0.171553052, -0.132037593, 0.726832141, -0.673919968, -0.486572266, 0.544799805, 0.682983398, 0.863562508, 0.418180295, 0.281868208, 0, 0, 0, 0, 0, 0, 0, 0.240151514, 0.0399134766, -0.154302881, -0.0592626456, 0.200612727, -0.977863187, 0.341430664, -0.916381836, -0.208618164, -0.937968666, -0.346160941, -0.0142800686, 2, 1, 
187.685086, 0.1, 0.1, 0.194581511, 0.105902305, -0.019978196, 0.987221019, -4.43746333e-005, -0.159357016, 0.159357019, 8.7467361e-005, 0.987221015, -2.98690329e-005, -0.999999995, 9.34210266e-005, 0.987221014, -3.46599958e-005, -0.159357046, 0.159357049, 9.10162302e-005, 0.98722101, -1.97129984e-005, -0.999999995, 9.53764497e-005, 0, 0, 0, 0, 0, 0, 0, 0.169935742, 0.0187595459, -0.171553052, -0.132037593, 0.726832141, -0.673919968, -0.486572266, 0.544799805, 0.682983398, 0.863562508, 0.418180295, 0.281868208, 0, 0, 0, 0, 0, 0, 0, 0.240151514, 0.0399134766, -0.154302881, -0.0592626456, 0.200612727, -0.977863187, 0.341430664, -0.916381836, -0.208618164, -0.937968666, -0.346160941, -0.0142800686, 2, 1, 
187.685921, 0.1, 0.1, 0.194581549, 0.105902338, -0.0199825451, 0.987221011, 1.62914226e-005, -0.15935707, 0.159357071, -3.35722038e-005, 0.98722101, 1.07332666e-005, -0.999999999, -3.57393383e-005, 0.987221008, -3.56247555e-007, -0.159357086, 0.159357086, 4.21386809e-006, 0.987221008, 3.19814668e-007, -1, 4.21678968e-006, 0, 0, 0, 0, 0, 0, 0, 0.169935742, 0.0187595459, -0.171553052, -0.132037593, 0.726832141, -0.673919968, -0.486572266, 0.544799805, 0.682983398, 0.863562508, 0.418180295, 0.281868208, 0, 0, 0, 0, 0, 0, 0, 0.240151514, 0.0399134766, -0.154302881, -0.0592626456, 0.200612727, -0.977863187, 0.341430664, -0.916381836, -0.208618164, -0.937968666, -0.346160941, -0.0142800686, 2, 1, 
187.686717, 0.1, 0.1, 0.194581592, 0.105902343, -0.019980495, 0.987221075, -2.39152898e-006, -0.159356672, 0.159356671, -8.76657706e-005, 0.987221071, -1.63310933e-005, -0.999999996, -8.61643902e-005, 0.987221057, 5.28377495e-006, -0.159356781, 0.159356781, -9.43913982e-005, 0.987221053, -9.82565551e-006, -0.999999996, -9.40271813e-005, 0, 0, 0, 0, 0, 0, 0, 0.169935742, 0.0187595459, -0.171553052, -0.132037593, 0.726832141, -0.673919968, -0.486572266, 0.544799805, 0.682983398, 0.863562508, 0.418180295, 0.281868208, 0, 0, 0, 0, 0, 0, 0, 0.240151514, 0.0399134766, -0.154302881, -0.0592626456, 0.200612727, -0.977863187, 0.341430664, -0.916381836, -0.208618164, -0.937968666, -0.346160941, -0.0142800686, 2, 1, 
187.687601, 0.1, 0.1, 0.194581636, 0.10590237, -0.0199722708, 0.987221178, -1.24883679e-006, -0.159356037, 0.159356036, 7.50075188e-005, 0.987221175, 1.07200228e-005, -0.999999997, 7.42480208e-005, 0.987221167, 9.08731028e-006, -0.159356102, 0.159356101, 4.15017822e-005, 0.987221166, 1.55847473e-005, -0.999999999, 3.95233195e-005, 0, 0, 0, 0, 0, 0, 0, 0.169935742, 0.0187595459, -0.171553052, -0.132196352, 0.726749765, -0.673900872, -0.486816406, 0.544555664, 0.682861328, 0.863340469, 0.418440526, 0.281988775, 0, 0, 0, 0, 0, 0, 0, 0.240151514, 0.0399134766, -0.154302881, -0.0592626456, 0.200612727, -0.977863187, 0.341430664, -0.916381836, -0.208618164, -0.937968666, -0.346160941, -0.0142800686, 2, 1, 
187.688423, 0.1, 0.1, 0.194581672, 0.105902408, -0.0199622712, 0.987221187, 7.03877076e-006, -0.159355978, 0.159355978, 1.04188978e-005, 0.987221187, 8.60913726e-006, -1, 9.16408644e-006, 0.987221188, -9.66828567e-006, -0.159355972, 0.159355972, 4.98878767e-005, 0.987221187, -1.59480538e-006, -0.999999999, 5.0791068e-005, 0, 0, 0, 0, 0, 0, 0, 0.169926953, 0.0185328857, -0.171328467, -0.132196352, 0.726749765, -0.673900872, -0.486816406, 0.544555664, 0.682861328, 0.863340469, 0.418440526, 0.281988775, 0, 0, 0, 0, 0, 0, 0, 0.240154932, 0.0396086914, -0.154082812, -0.0592881653, 0.199571152, -0.978022868, 0.342041016, -0.916381836, -0.207763672, -0.937725863, -0.346761386, -0.0139286236, 2, 1, 
187.68923, 0.1, 0.1, 0.194581712, 0.105902411, -0.0199541078, 0.987221257, 3.10420072e-005, -0.159355541, 0.159355543, -7.34015234e-005, 0.987221255, 1.89483898e-005, -0.999999997, -7.74102601e-005, 0.987221245, 8.25453496e-006, -0.15935562, 0.15935562, -9.83453089e-005, 0.98722124, -7.52282542e-006, -0.999999995, -9.84039848e-005, 0, 0, 0, 0, 0, 0, 0, 0.169926953, 0.0185328857, -0.171328467, -0.132196352, 0.726749765, -0.673900872, -0.486816406, 0.544555664, 0.682861328, 0.863340469, 0.418440526, 0.281988775, 0, 0, 0, 0, 0, 0, 0, 0.240154932, 0.0396086914, -0.154082812, -0.0592881653, 0.199571152, -0.978022868, 0.342041016, -0.916381836, -0.207763672, -0.937725863, -0.346761386, -0.0139286236, 2, 1, 
187.690069, 0.1, 0.1, 0.194581749, 0.105902442, -0.0199501792, 0.987221208, -1.55096854e-005, -0.159355845, 0.159355846, 6.47764544e-005, 0.987221206, -4.9889837e-006, -0.999999998, 6.64202486e-005, 0.987221222, -2.64631257e-005, -0.159355761, 0.159355763, 6.82389278e-005, 0.987221219, -1.52506929e-005, -0.999999997, 7.15839692e-005, 0, 0, 0, 0, 0, 0, 0, 0.169926953, 0.0185328857, -0.171328467, -0.132196352, 0.726749765, -0.673900872, -0.486816406, 0.544555664, 0.682861328, 0.863340469, 0.418440526, 0.281988775, 0, 0, 0, 0, 0, 0, 0, 0.240154932, 0.0396086914, -0.154082812, -0.0592881653, 0.199571152, -0.978022868, 0.342041016, -0.916381836, -0.207763672, -0.937725863, -0.346761386, -0.0139286236, 2, 1, 
187.690896, 0.1, 0.1, 0.194581788, 0.105902463, -0.0199511582, 0.987221218, -1.25993525e-005, -0.159355785, 0.159355785, -1.70697932e-005, 0.987221218, -1.51585184e-005, -1, -1.48438824e-005, 0.987221205, -1.88164273e-006, -0.159355865, 0.159355865, -3.02333723e-005, 0.987221205, -6.67546279e-006, -1, -2.95471754e-005, 0, 0, 0, 0, 0, 0, 0, 0.169926953, 0.0185328857, -0.171328467, -0.132196352, 0.726749765, -0.673900872, -0.486816406, 0.544555664, 0.682861328, 0.863340469, 0.418440526, 0.281988775, 0, 0, 0, 0, 0, 0, 0, 0.240140039, 0.0392990234, -0.153861035, -0.0595437283, 0.198382655, -0.978195309, 0.342285156, -0.916503906, -0.206665039, -0.937629981, -0.347131787, -0.013455777, 2, 1, 
187.691697, 0.1, 0.1, 0.194581825, 0.105902486, -0.0199565954, 0.987221335, -1.72839585e-006, -0.15935506, 0.15935506, -3.08734118e-005, 0.987221335, -6.62614363e-006, -1, -3.02034622e-005, 0.987221308, 1.67365907e-005, -0.159355226, 0.159355226, 6.88696969e-006, 0.987221308, 1.76201936e-005, -1, 4.13190003e-006, 0, 0, 0, 0, 0, 0, 0, 0.169926953, 0.0185328857, -0.171328467, -0.132196352, 0.726749765, -0.673900872, -0.486816406, 0.544555664, 0.682861328, 0.863340469, 0.418440526, 0.281988775, 0, 0, 0, 0, 0, 0, 0, 0.240140039, 0.0392990234, -0.153861035, -0.0595437283, 0.198382655, -0.978195309, 0.342285156, -0.916503906, -0.206665039, -0.937629981, -0.347131787, -0.013455777, 2, 1, 
187.692534, 0.1, 0.1, 0.194581861, 0.105902503, -0.0199646648, 0.98722143, -4.11749969e-006, -0.159354472, 0.159354472, 3.58415089e-005, 0.98722143, 1.64662079e-006, -0.999999999, 3.60396477e-005, 0.987221419, 1.38333654e-005, -0.159354538, 0.159354539, -8.61456483e-006, 0.987221419, 1.22838246e-005, -1, -1.07088925e-005, 0, 0, 0, 0, 0, 0, 0, 0.169926953, 0.0185328857, -0.171328467, -0.132196352, 0.726749765, -0.673900872, -0.486816406, 0.544555664, 0.682861328, 0.863340469, 0.418440526, 0.281988775, 0, 0, 0, 0, 0, 0, 0, 0.240140039, 0.0392990234, -0.153861035, -0.0595437283, 0.198382655, -0.978195309, 0.342285156, -0.916503906, -0.206665039, -0.937629981, -0.347131787, -0.013455777, 2, 1, 
187.693353, 0.1, 0.1, 0.19458189, 0.105902537, -0.0199712964, 0.987221425, 5.61291388e-006, -0.159354505, 0.159354505, 2.82430019e-005, 0.987221424, 1.00418384e-005, -1, 2.69876534e-005, 0.987221427, -2.06468361e-005, -0.159354492, 0.159354493, 5.03961568e-005, 0.987221426, -1.2352145e-005, -0.999999999, 5.3042332e-005, 0, 0, 0, 0, 0, 0, 0, 0.169928296, 0.0182974365, -0.171120117, -0.132177256, 0.726508631, -0.674180199, -0.486694336, 0.544921875, 0.682739258, 0.863461037, 0.418478718, 0.281785832, 0, 0, 0, 0, 0, 0, 0, 0.240140039, 0.0392990234, -0.153861035, -0.0595437283, 0.198382655, -0.978195309, 0.342285156, -0.916503906, -0.206665039, -0.937629981, -0.347131787, -0.013455777, 2, 1, 
187.694173, 0.1, 0.1, 0.194581928, 0.105902549, -0.0199750964, 0.987221499, -1.28931897e-005, -0.159354048, 0.159354047, -4.86844485e-005, 0.987221498, -2.0486498e-005, -0.999999999, -4.60077523e-005, 0.987221478, 1.10493026e-005, -0.159354173, 0.159354173, -5.25331575e-005, 0.987221477, 2.53673097e-006, -0.999999999, -5.36226138e-005, 0, 0, 0, 0, 0, 0, 0, 0.169928296, 0.0182974365, -0.171120117, -0.132177256, 0.726508631, -0.674180199, -0.486694336, 0.544921875, 0.682739258, 0.863461037, 0.418478718, 0.281785832, 0, 0, 0, 0, 0, 0, 0, 0.240140039, 0.0392990234, -0.153861035, -0.0595437283, 0.198382655, -0.978195309, 0.342285156, -0.916503906, -0.206665039, -0.937629981, -0.347131787, -0.013455777, 2, 1, 
187.694993, 0.1, 0.1, 0.194581956, 0.105902573, -0.0199751055, 0.987221678, 6.52339702e-008, -0.159352939, 0.159352939, 6.19384741e-005, 0.987221676, 9.93447829e-006, -0.999999998, 6.11366091e-005, 0.987221628, -2.28799884e-005, -0.159353243, 0.159353244, 4.65219885e-005, 0.987221627, -1.51741896e-005, -0.999999999, 4.95735136e-005, 0, 0, 0, 0, 0, 0, 0, 0.169928296, 0.0182974365, -0.171120117, -0.132177256, 0.726508631, -0.674180199, -0.486694336, 0.544921875, 0.682739258, 0.863461037, 0.418478718, 0.281785832, 0, 0, 0, 0, 0, 0, 0, 0.240140039, 0.0392990234, -0.153861035, -0.0595437283, 0.198382655, -0.978195309, 0.342285156, -0.916503906, -0.206665039, -0.937629981, -0.347131787, -0.013455777, 2, 1, 
187.695833, 0.1, 0.1, 0.194581992, 0.1059026, -0.0199709368, 0.987221942, -1.39075607e-005, -0.159351302, 0.159351301, -2.3898148e-005, 0.987221942, -1.75380501e-005, -1, -2.13765882e-005, 0.987221886, 7.61555984e-006, -0.159351647, 0.159351647, -1.65819125e-006, 0.987221886, 7.25401184e-006, -1, -2.85055469e-006, 0, 0, 0, 0, 0, 0, 0, 0.169956738, 0.0178272705, -0.170931421, -0.131637698, 0.726070544, -0.674840324, -0.486328125, 0.545776367, 0.682250977, 0.863746355, 0.418053736, 0.28151961, 0, 0, 0, 0, 0, 0, 0, 0.240140039, 0.0387895508, -0.153647559, -0.0595437283, 0.197385923, -0.978489151, 0.342163086, -0.916748047, -0.205688477, -0.937629981, -0.346991062, -0.0129956903, 2, 1, 
187.696625, 0.1, 0.1, 0.194582021, 0.105902618, -0.0199653751, 0.987222217, 6.14913638e-006, -0.159349596, 0.159349596, 3.10012878e-005, 0.987222217, 1.10106067e-005, -1, 2.96252977e-005, 0.987222165, -1.62333718e-006, -0.159349919, 0.159349919, 1.69523118e-005, 0.987222165, 1.09875505e-006, -1, 1.69943766e-005, 0, 0, 0, 0, 0, 0, 0, 0.169956738, 0.0178272705, -0.170931421, -0.131637698, 0.726070544, -0.674840324, -0.486328125, 0.545776367, 0.682250977, 0.863746355, 0.418053736, 0.28151961, 0, 0, 0, 0, 0, 0, 0, 0.240140039, 0.0387895508, -0.153647559, -0.0595437283, 0.197385923, -0.978489151, 0.342163086, -0.916748047, -0.205688477, -0.937629981, -0.346991062, -0.0129956903, 2, 1, 
187.697442, 0.1, 0.1, 0.194582053, 0.105902636, -0.0199600032, 0.987222439, 5.18874543e-006, -0.15934822, 0.15934822, -2.22994393e-005, 0.987222439, 1.56906997e-006, -1, -2.28413242e-005, 0.9872224, 8.13244943e-006, -0.159348463, 0.159348463, -2.50129237e-005, 0.9872224, 4.04276529e-006, -1, -2.59892119e-005, 0, 0, 0, 0, 0, 0, 0, 0.169956738, 0.0178272705, -0.170931421, -0.131637698, 0.726070544, -0.674840324, -0.486328125, 0.545776367, 0.682250977, 0.863746355, 0.418053736, 0.28151961, 0, 0, 0, 0, 0, 0, 0, 0.240140039, 0.0387895508, -0.153647559, -0.0595437283, 0.197385923, -0.978489151, 0.342163086, -0.916748047, -0.205688477, -0.937629981, -0.346991062, -0.0129956903, 2, 1, 
187.698246, 0.1, 0.1, 0.194582085, 0.105902661, -0.0199564859, 0.987222658, 3.33693813e-005, -0.159346865, 0.159346864, 2.7043157e-005, 0.987222658, 3.72522516e-005, -0.999999999, 2.1380311e-005, 0.987222608, 1.91029659e-005, -0.159347175, 0.159347174, 4.30662744e-005, 0.987222607, 2.57213689e-005, -0.999999999, 3.94719961e-005, 0, 0, 0, 0, 0, 0, 0, 0.169956738, 0.0178272705, -0.170931421, -0.131637698, 0.726070544, -0.674840324, -0.486328125, 0.545776367, 0.682250977, 0.863746355, 0.418053736, 0.28151961, 0, 0, 0, 0, 0, 0, 0, 0.240140039, 0.0387895508, -0.153647559, -0.0595437283, 0.197385923, -0.978489151, 0.342163086, -0.916748047, -0.205688477, -0.937629981, -0.346991062, -0.0129956903, 2, 1, 
187.699049, 0.1, 0.1, 0.194582114, 0.105902676, -0.0199562398, 0.987222982, -4.5354603e-005, -0.159344854, 0.159344854, 1.53659818e-005, 0.987222982, -4.23266163e-005, -0.999999999, 2.2396673e-005, 0.987222904, -3.90934132e-005, -0.159345336, 0.159345335, -1.70463521e-005, 0.987222905, -4.13101697e-005, -0.999999999, -1.05991962e-005, 0, 0, 0, 0, 0, 0, 0, 0.169956738, 0.0178272705, -0.170931421, -0.131637698, 0.726070544, -0.674840324, -0.486328125, 0.545776367, 0.682250977, 0.863746355, 0.418053736, 0.28151961, 0, 0, 0, 0, 0, 0, 0, 0.240140039, 0.0387895508, -0.153647559, -0.0595437283, 0.197385923, -0.978489151, 0.342163086, -0.916748047, -0.205688477, -0.937629981, -0.346991062, -0.0129956903, 2, 1, 
187.69989, 0.1, 0.1, 0.194582146, 0.105902697, -0.0199588858, 0.987223421, 7.08454714e-007, -0.159342137, 0.159342137, -3.45439286e-005, 0.987223421, -4.80490033e-006, -0.999999999, -3.42154621e-005, 0.987223317, 1.61597112e-005, -0.159342782, 0.159342783, -1.41533958e-005, 0.987223317, 1.36980023e-005, -1, -1.65474957e-005, 0, 0, 0, 0, 0, 0, 0, 0.169956738, 0.0178272705, -0.170931421, -0.131700978, 0.725772121, -0.675094563, -0.485717773, 0.546508789, 0.682250977, 0.864127153, 0.417730226, 0.280694734, 0, 0, 0, 0, 0, 0, 0, 0.240140039, 0.0387895508, -0.153647559, -0.0595437283, 0.197385923, -0.978489151, 0.342163086, -0.916748047, -0.205688477, -0.937629981, -0.346991062, -0.0129956903, 2, 1, 
187.700701, 0.1, 0.1, 0.194582176, 0.105902715, -0.0199626927, 0.987223831, -1.57805884e-005, -0.159339599, 0.159339599, 1.83401816e-005, 0.987223831, -1.26566557e-005, -1, 2.0620337e-005, 0.987223761, -1.45777386e-005, -0.159340029, 0.159340029, 1.93695449e-005, 0.987223761, -1.13051461e-005, -1, 2.14448922e-005, 0, 0, 0, 0, 0, 0, 0, 0.169731421, 0.0173645508, -0.170723682, -0.131700978, 0.725772121, -0.675094563, -0.485717773, 0.546508789, 0.682250977, 0.864127153, 0.417730226, 0.280694734, 0, 0, 0, 0, 0, 0, 0, 0.2398604, 0.038471582, -0.153630469, -0.0604062993, 0.196076025, -0.978616749, 0.342285156, -0.916870117, -0.204833984, -0.937597898, -0.347374224, -0.0117816743, 2, 1, 
187.701495, 0.1, 0.1, 0.19458221, 0.105902729, -0.0199670039, 0.987224152, 1.83650082e-005, -0.159337609, 0.15933761, -1.64480582e-005, 0.987224152, 1.55095854e-005, -1, -1.91641568e-005, 0.98722409, 3.40235171e-005, -0.159337989, 0.15933799, -2.68057781e-005, 0.98722409, 2.9317657e-005, -0.999999999, -3.18845487e-005, 0, 0, 0, 0, 0, 0, 0, 0.169731421, 0.0173645508, -0.170723682, -0.131700978, 0.725772121, -0.675094563, -0.485717773, 0.546508789, 0.682250977, 0.864127153, 0.417730226, 0.280694734, 0, 0, 0, 0, 0, 0, 0, 0.2398604, 0.038471582, -0.153630469, -0.0604062993, 0.196076025, -0.978616749, 0.342285156, -0.916870117, -0.204833984, -0.937597898, -0.347374224, -0.0117816743, 2, 1, 
187.70232, 0.1, 0.1, 0.194582238, 0.105902749, -0.0199703522, 0.987224449, 1.2891156e-005, -0.15933577, 0.15933577, -1.06456317e-005, 0.987224449, 1.10302344e-005, -1, -1.25636501e-005, 0.98722439, -1.22722549e-005, -0.159336132, 0.159336132, 6.35314938e-006, 0.98722439, -1.11031831e-005, -1, 8.22739765e-006, 0, 0, 0, 0, 0, 0, 0, 0.169731421, 0.0173645508, -0.170723682, -0.131700978, 0.725772121, -0.675094563, -0.485717773, 0.546508789, 0.682250977, 0.864127153, 0.417730226, 0.280694734, 0, 0, 0, 0, 0, 0, 0, 0.2398604, 0.038471582, -0.153630469, -0.0604062993, 0.196076025, -0.978616749, 0.342285156, -0.916870117, -0.204833984, -0.937597898, -0.347374224, -0.0117816743, 2, 1, 
187.703114, 0.1, 0.1, 0.194582268, 0.105902766, -0.0199714065, 0.987224702, -2.79583474e-005, -0.159334201, 0.159334202, 2.09681958e-005, 0.987224702, -2.42602204e-005, -0.999999999, 2.51550418e-005, 0.987224654, -1.55482257e-005, -0.159334498, 0.159334498, 1.2322471e-005, 0.987224654, -1.3386197e-005, -1, 1.46424159e-005, 0, 0, 0, 0, 0, 0, 0, 0.169731421, 0.0173645508, -0.170723682, -0.131700978, 0.725772121, -0.675094563, -0.485717773, 0.546508789, 0.682250977, 0.864127153, 0.417730226, 0.280694734, 0, 0, 0, 0, 0, 0, 0, 0.2398604, 0.038471582, -0.153630469, -0.0604062993, 0.196076025, -0.978616749, 0.342285156, -0.916870117, -0.204833984, -0.937597898, -0.347374224, -0.0117816743, 2, 1, 
187.703906, 0.1, 0.1, 0.194582296, 0.105902783, -0.0199703636, 0.987224923, 1.61587874e-005, -0.15933283, 0.15933283, -1.11820414e-005, 0.987224923, 1.41706914e-005, -1, -1.36138153e-005, 0.987224882, 1.76748205e-005, -0.159333086, 0.159333087, -1.28673366e-005, 0.987224882, 1.53988301e-005, -1, -1.55191385e-005, 0, 0, 0, 0, 0, 0, 0, 0.169731421, 0.0173645508, -0.170723682, -0.131700978, 0.725772121, -0.675094563, -0.485717773, 0.546508789, 0.682250977, 0.864127153, 0.417730226, 0.280694734, 0, 0, 0, 0, 0, 0, 0, 0.2398604, 0.038471582, -0.153630469, -0.0604062993, 0.196076025, -0.978616749, 0.342285156, -0.916870117, -0.204833984, -0.937597898, -0.347374224, -0.0117816743, 2, 1, 
187.704756, 0.1, 0.1, 0.194582321, 0.105902805, -0.0199672328, 0.98722513, -1.76226305e-005, -0.159331551, 0.159331551, 1.16117847e-005, 0.98722513, -1.554738e-005, -1, 1.42712867e-005, 0.987225088, -3.48397077e-005, -0.159331803, 0.159331804, 2.43891699e-005, 0.987225089, -3.05086631e-005, -0.999999999, 2.96286739e-005, 0, 0, 0, 0, 0, 0, 0, 0.169731421, 0.0173645508, -0.170723682, -0.131459843, 0.725308948, -0.675595929, -0.485839844, 0.546875, 0.681762695, 0.864088961, 0.417927177, 0.280650551, 0, 0, 0, 0, 0, 0, 0, 0.2398604, 0.038471582, -0.153630469, -0.0604062993, 0.196076025, -0.978616749, 0.342285156, -0.916870117, -0.204833984, -0.937597898, -0.347374224, -0.0117816743, 2, 1, 
187.705575, 0.1, 0.1, 0.194582353, 0.105902821, -0.0199630122, 0.987225301, -2.25453062e-005, -0.159330488, 0.159330488, 1.7196212e-005, 0.987225301, -1.95174159e-005, -1, 2.05686902e-005, 0.98722527, 8.60970119e-006, -0.159330684, 0.159330684, -5.47165094e-006, 0.98722527, 7.62791269e-006, -1, -6.77354166e-006, 0, 0, 0, 0, 0, 0, 0, 0.169743628, 0.0171182373, -0.170526196, -0.131459843, 0.725308948, -0.675595929, -0.485839844, 0.546875, 0.681762695, 0.864088961, 0.417927177, 0.280650551, 0, 0, 0, 0, 0, 0, 0, 0.239632275, 0.0381519043, -0.153416992, -0.0605532205, 0.194778887, -0.978910592, 0.342895508, -0.916992188, -0.203613281, -0.937367855, -0.347878786, -0.0113215875, 2, 1, 
187.706359, 0.1, 0.1, 0.194582378, 0.105902838, -0.0199599648, 0.987225442, 3.1909417e-005, -0.159329614, 0.159329615, -2.33534239e-005, 0.987225442, 2.77808962e-005, -0.999999999, -2.81392094e-005, 0.987225416, 1.57728246e-005, -0.159329777, 0.159329777, -1.21185336e-005, 0.987225416, 1.36404901e-005, -1, -1.4476805e-005, 0, 0, 0, 0, 0, 0, 0, 0.169743628, 0.0171182373, -0.170526196, -0.131459843, 0.725308948, -0.675595929, -0.485839844, 0.546875, 0.681762695, 0.864088961, 0.417927177, 0.280650551, 0, 0, 0, 0, 0, 0, 0, 0.239632275, 0.0381519043, -0.153416992, -0.0605532205, 0.194778887, -0.978910592, 0.342895508, -0.916992188, -0.203613281, -0.937367855, -0.347878786, -0.0113215875, 2, 1, 
187.707174, 0.1, 0.1, 0.194582405, 0.105902857, -0.0199587571, 0.987225568, -3.39076578e-005, -0.159328834, 0.159328835, 2.41503256e-005, 0.987225568, -2.96266635e-005, -0.999999999, 2.92442865e-005, 0.987225543, -3.53996154e-005, -0.159328986, 0.159328987, 2.64428892e-005, 0.987225543, -3.07342858e-005, -0.999999999, 3.17452805e-005, 0, 0, 0, 0, 0, 0, 0, 0.169743628, 0.0171182373, -0.170526196, -0.131498035, 0.725004533, -0.675938535, -0.486206055, 0.54699707, 0.681396484, 0.863847827, 0.418346167, 0.280828406, 0, 0, 0, 0, 0, 0, 0, 0.239632275, 0.0381519043, -0.153416992, -0.0605532205, 0.194778887, -0.978910592, 0.342895508, -0.916992188, -0.203613281, -0.937367855, -0.347878786, -0.0113215875, 2, 1, 
187.707989, 0.1, 0.1, 0.194582438, 0.10590287, -0.0199593821, 0.987225675, 2.32808091e-005, -0.159328172, 0.159328172, -1.54269592e-005, 0.987225675, 2.05254633e-005, -1, -1.8939179e-005, 0.987225655, 4.04513323e-005, -0.159328289, 0.159328291, -2.82096013e-005, 0.987225656, 3.54400055e-005, -0.999999999, -3.42942838e-005, 0, 0, 0, 0, 0, 0, 0, 0.169740942, 0.0168807129, -0.17009668, -0.131498035, 0.725004533, -0.675938535, -0.486206055, 0.54699707, 0.681396484, 0.863847827, 0.418346167, 0.280828406, 0, 0, 0, 0, 0, 0, 0, 0.239629102, 0.0378402832, -0.153196924, -0.0607129016, 0.193788351, -0.979070273, 0.34387207, -0.916748047, -0.202758789, -0.93701641, -0.348964838, -0.0109701426, 2, 1, 
187.708788, 0.1, 0.1, 0.194582462, 0.105902888, -0.0199618759, 0.987225765, 1.97045542e-005, -0.159327613, 0.159327614, -1.47762783e-005, 0.987225765, 1.70985745e-005, -1, -1.77270023e-005, 0.987225749, -1.1009959e-005, -0.159327716, 0.159327716, 7.49416741e-006, 0.987225749, -9.67528649e-006, -1, 9.15262666e-006, 0, 0, 0, 0, 0, 0, 0, 0.169740942, 0.0168807129, -0.17009668, -0.131498035, 0.725004533, -0.675938535, -0.486206055, 0.54699707, 0.681396484, 0.863847827, 0.418346167, 0.280828406, 0, 0, 0, 0, 0, 0, 0, 0.239629102, 0.0378402832, -0.153196924, -0.0607129016, 0.193788351, -0.979070273, 0.34387207, -0.916748047, -0.202758789, -0.93701641, -0.348964838, -0.0109701426, 2, 1, 
187.709582, 0.1, 0.1, 0.194582491, 0.105902902, -0.0199653034, 0.987225843, -2.68301566e-005, -0.159327128, 0.159327128, 1.99852625e-005, 0.987225843, -2.33032295e-005, -0.999999999, 2.40047394e-005, 0.987225829, -1.24203327e-005, -0.159327218, 0.159327218, 9.96754902e-006, 0.987225829, -1.06735714e-005, -1, 1.18191189e-005, 0, 0, 0, 0, 0, 0, 0, 0.169740942, 0.0168807129, -0.17009668, -0.131498035, 0.725004533, -0.675938535, -0.486206055, 0.54699707, 0.681396484, 0.863847827, 0.418346167, 0.280828406, 0, 0, 0, 0, 0, 0, 0, 0.239629102, 0.0378402832, -0.153196924, -0.0607129016, 0.193788351, -0.979070273, 0.34387207, -0.916748047, -0.202758789, -0.93701641, -0.348964838, -0.0109701426, 2, 1, 
187.710367, 0.1, 0.1, 0.194582517, 0.105902917, -0.0199684863, 0.98722591, 2.40656955e-005, -0.159326714, 0.159326714, -1.71035639e-005, 0.98722591, 2.10332235e-005, -1, -2.07193896e-005, 0.987225898, 2.46513211e-005, -0.159326792, 0.159326792, -1.82784628e-005, 0.987225898, 2.14241738e-005, -1, -2.19725878e-005, 0, 0, 0, 0, 0, 0, 0, 0.169740942, 0.0168807129, -0.17009668, -0.131498035, 0.725004533, -0.675938535, -0.486206055, 0.54699707, 0.681396484, 0.863847827, 0.418346167, 0.280828406, 0, 0, 0, 0, 0, 0, 0, 0.239629102, 0.0378402832, -0.153196924, -0.0607129016, 0.193788351, -0.979070273, 0.34387207, -0.916748047, -0.202758789, -0.93701641, -0.348964838, -0.0109701426, 2, 1, 
187.711175, 0.1, 0.1, 0.19458254, 0.105902935, -0.0199702243, 0.987225971, -1.60604604e-005, -0.159326338, 0.159326338, 1.0686969e-005, 0.987225971, -1.4152588e-005, -1, 1.31093076e-005, 0.98722596, -2.87206332e-005, -0.159326405, 0.159326406, 2.01096585e-005, 0.98722596, -2.51497551e-005, -0.999999999, 2.44287321e-005, 0, 0, 0, 0, 0, 0, 0, 0.169740942, 0.0168807129, -0.17009668, -0.131498035, 0.725004533, -0.675938535, -0.486206055, 0.54699707, 0.681396484, 0.863847827, 0.418346167, 0.280828406, 0, 0, 0, 0, 0, 0, 0, 0.239629102, 0.0378402832, -0.153196924, -0.0607129016, 0.193788351, -0.979070273, 0.34387207, -0.916748047, -0.202758789, -0.93701641, -0.348964838, -0.0109701426, 2, 1, 
187.711992, 0.1, 0.1, 0.194582569, 0.10590295, -0.0199700678, 0.987226024, -1.84810519e-005, -0.159326009, 0.15932601, 1.38686248e-005, 0.987226024, -1.60353428e-005, -1, 1.66359796e-005, 0.987226013, 8.29252141e-006, -0.159326076, 0.159326076, -5.54465201e-006, 0.987226013, 7.30318521e-006, -1, -6.7950396e-006, 0, 0, 0, 0, 0, 0, 0, 0.169740942, 0.0168807129, -0.17009668, -0.131415659, 0.724700119, -0.676401709, -0.486816406, 0.547241211, 0.680908203, 0.863587596, 0.418765158, 0.281025358, 0, 0, 0, 0, 0, 0, 0, 0.239629102, 0.0378402832, -0.153196924, -0.0607129016, 0.193788351, -0.979070273, 0.34387207, -0.916748047, -0.202758789, -0.93701641, -0.348964838, -0.0109701426, 2, 1, 
187.7128, 0.1, 0.1, 0.194582592, 0.105902966, -0.0199679479, 0.987226068, 2.4894587e-005, -0.159325735, 0.159325735, -1.87084733e-005, 0.987226068, 2.15958439e-005, -1, -2.24358409e-005, 0.98722606, 1.20198627e-005, -0.159325784, 0.159325784, -9.72499638e-006, 0.98722606, 1.0316879e-005, -1, -1.15158439e-005, 0, 0, 0, 0, 0, 0, 0, 0.16974436, 0.0166431885, -0.169896509, -0.131415659, 0.724700119, -0.676401709, -0.486816406, 0.547241211, 0.680908203, 0.863587596, 0.418765158, 0.281025358, 0, 0, 0, 0, 0, 0, 0, 0.239649121, 0.037765332, -0.152991992, -0.060495618, 0.192880937, -0.979300316, 0.344726563, -0.916625977, -0.201904297, -0.936748087, -0.349673924, -0.0111170638, 2, 1, 
187.713593, 0.1, 0.1, 0.194582616, 0.105902983, -0.0199651781, 0.987226105, -2.86153191e-005, -0.159325505, 0.159325506, 1.99381841e-005, 0.987226105, -2.50731287e-005, -0.999999999, 2.4242646e-005, 0.987226098, -3.03725641e-005, -0.159325547, 0.159325548, 2.21244163e-005, 0.987226098, -2.64596033e-005, -0.999999999, 2.66809266e-005, 0, 0, 0, 0, 0, 0, 0, 0.16974436, 0.0166431885, -0.169896509, -0.131415659, 0.724700119, -0.676401709, -0.486816406, 0.547241211, 0.680908203, 0.863587596, 0.418765158, 0.281025358, 0, 0, 0, 0, 0, 0, 0, 0.239649121, 0.037765332, -0.152991992, -0.060495618, 0.192880937, -0.979300316, 0.344726563, -0.916625977, -0.201904297, -0.936748087, -0.349673924, -0.0111170638, 2, 1, 
187.7144, 0.1, 0.1, 0.194582644, 0.105902994, -0.0199627295, 0.987226135, 1.61649119e-005, -0.159325321, 0.159325321, -1.08385515e-005, 0.987226135, 1.42315678e-005, -1, -1.32755811e-005, 0.987226129, 3.21514868e-005, -0.159325355, 0.159325355, -2.27284757e-005, 0.987226129, 2.81195654e-005, -0.999999999, -2.75606921e-005, 0, 0, 0, 0, 0, 0, 0, 0.16974436, 0.0166431885, -0.169896509, -0.131415659, 0.724700119, -0.676401709, -0.486816406, 0.547241211, 0.680908203, 0.863587596, 0.418765158, 0.281025358, 0, 0, 0, 0, 0, 0, 0, 0.239649121, 0.037765332, -0.152991992, -0.060495618, 0.192880937, -0.979300316, 0.344726563, -0.916625977, -0.201904297, -0.936748087, -0.349673924, -0.0111170638, 2, 1, 
187.715187, 0.1, 0.1, 0.194582665, 0.105903012, -0.0199609977, 0.98722616, 1.60355677e-005, -0.159325167, 0.159325167, -1.28082724e-005, 0.98722616, 1.37900517e-005, -1, -1.51995311e-005, 0.987226156, -1.66395942e-005, -0.159325193, 0.159325193, 1.08208214e-005, 0.987226156, -1.47030132e-005, -1, 1.33337045e-005, 0, 0, 0, 0, 0, 0, 0, 0.16974436, 0.0166431885, -0.169896509, -0.131415659, 0.724700119, -0.676401709, -0.486816406, 0.547241211, 0.680908203, 0.863587596, 0.418765158, 0.281025358, 0, 0, 0, 0, 0, 0, 0, 0.239649121, 0.037765332, -0.152991992, -0.060495618, 0.192880937, -0.979300316, 0.344726563, -0.916625977, -0.201904297, -0.936748087, -0.349673924, -0.0111170638, 2, 1, 
187.715989, 0.1, 0.1, 0.194582691, 0.105903025, -0.019960855, 0.987226179, -3.15091802e-005, -0.159325045, 0.159325046, 2.28358799e-005, 0.987226179, -2.746836e-005, -0.999999999, 2.756438e-005, 0.987226176, -1.63953074e-005, -0.159325068, 0.159325068, 1.23058171e-005, 0.987226176, -1.42252515e-005, -1, 1.47608082e-005, 0, 0, 0, 0, 0, 0, 0, 0.16974436, 0.0166431885, -0.169896509, -0.131415659, 0.724700119, -0.676401709, -0.486816406, 0.547241211, 0.680908203, 0.863587596, 0.418765158, 0.281025358, 0, 0, 0, 0, 0, 0, 0, 0.239649121, 0.037765332, -0.152991992, -0.060495618, 0.192880937, -0.979300316, 0.344726563, -0.916625977, -0.201904297, -0.936748087, -0.349673924, -0.0111170638, 2, 1, 
187.716797, 0.1, 0.1, 0.194582718, 0.105903038, -0.0199621706, 0.987226194, 3.58914433e-005, -0.159324954, 0.159324955, -2.55199522e-005, 0.987226194, 3.13670077e-005, -0.999999999, -3.09123678e-005, 0.987226191, 3.60706658e-005, -0.159324971, 0.159324972, -2.69198468e-005, 0.987226191, 3.13209022e-005, -0.999999999, -3.23229356e-005, 0, 0, 0, 0, 0, 0, 0, 0.16974436, 0.0166431885, -0.169896509, -0.131231813, 0.72415457, -0.67698545, -0.487426758, 0.547485352, 0.680175781, 0.863187701, 0.41922234, 0.281241405, 0, 0, 0, 0, 0, 0, 0, 0.239649121, 0.037765332, -0.152991992, -0.060495618, 0.192880937, -0.979300316, 0.344726563, -0.916625977, -0.201904297, -0.936748087, -0.349673924, -0.0111170638, 2, 1, 
187.717618, 0.1, 0.1, 0.194582739, 0.105903055, -0.0199640308, 0.987226206, -1.04540601e-005, -0.159324885, 0.159324885, 6.91233763e-006, 0.987226206, -9.21921469e-006, -1, 8.48963277e-006, 0.987226204, -2.5860086e-005, -0.159324896, 0.159324896, 1.82893633e-005, 0.987226204, -2.26158036e-005, -0.999999999, 2.21758942e-005, 0, 0, 0, 0, 0, 0, 0, 0.169752539, 0.016393457, -0.169702441, -0.131231813, 0.72415457, -0.67698545, -0.487426758, 0.547485352, 0.680175781, 0.863187701, 0.41922234, 0.281241405, 0, 0, 0, 0, 0, 0, 0, 0.239682324, 0.0374673828, -0.152785352, -0.0600100116, 0.191788323, -0.979543119, 0.344848633, -0.916870117, -0.200561523, -0.936697047, -0.349788763, -0.0111425835, 2, 1, 
187.71842, 0.1, 0.1, 0.194582767, 0.105903066, -0.0199659663, 0.987226213, -1.16235443e-005, -0.159324837, 0.159324837, 9.52505223e-006, 0.987226213, -9.95749021e-006, -1, 1.12553005e-005, 0.987226212, 1.84760755e-005, -0.159324846, 0.159324847, -1.21453301e-005, 0.987226212, 1.63050132e-005, -1, -1.49338861e-005, 0, 0, 0, 0, 0, 0, 0, 0.169752539, 0.016393457, -0.169702441, -0.131231813, 0.72415457, -0.67698545, -0.487426758, 0.547485352, 0.680175781, 0.863187701, 0.41922234, 0.281241405, 0, 0, 0, 0, 0, 0, 0, 0.239682324, 0.0374673828, -0.152785352, -0.0600100116, 0.191788323, -0.979543119, 0.344848633, -0.916870117, -0.200561523, -0.936697047, -0.349788763, -0.0111425835, 2, 1, 
187.719205, 0.1, 0.1, 0.194582789, 0.10590308, -0.0199674787, 0.987226218, 2.66615449e-005, -0.159324808, 0.159324809, -1.93542155e-005, 0.987226218, 2.32373694e-005, -0.999999999, -2.33548345e-005, 0.987226217, 1.41623543e-005, -0.159324813, 0.159324813, -1.06089245e-005, 0.987226217, 1.22911826e-005, -1, -1.27298229e-005, 0, 0, 0, 0, 0, 0, 0, 0.169752539, 0.016393457, -0.169702441, -0.131231813, 0.72415457, -0.67698545, -0.487426758, 0.547485352, 0.680175781, 0.863187701, 0.41922234, 0.281241405, 0, 0, 0, 0, 0, 0, 0, 0.239682324, 0.0374673828, -0.152785352, -0.0600100116, 0.191788323, -0.979543119, 0.344848633, -0.916870117, -0.200561523, -0.936697047, -0.349788763, -0.0111425835, 2, 1, 
187.720017, 0.1, 0.1, 0.194582811, 0.105903096, -0.0199680142, 0.98722622, -2.89304985e-005, -0.159324791, 0.159324792, 2.0632356e-005, 0.98722622, -2.52737009e-005, -0.999999999, 2.49781485e-005, 0.98722622, -2.95121085e-005, -0.159324793, 0.159324794, 2.20096532e-005, 0.98722622, -2.56284439e-005, -0.999999999, 2.64305173e-005, 0, 0, 0, 0, 0, 0, 0, 0.169752539, 0.016393457, -0.169702441, -0.131231813, 0.72415457, -0.67698545, -0.487426758, 0.547485352, 0.680175781, 0.863187701, 0.41922234, 0.281241405, 0, 0, 0, 0, 0, 0, 0, 0.239475684, 0.0369098145, -0.152571875, -0.0597672084, 0.190050421, -0.979836962, 0.344726563, -0.917236328, -0.198974609, -0.936671528, -0.349603195, -0.0106824967, 2, 1, 
