time, realDorsalTactorPos, realVentralTactorPos, boxPosX, boxPosY, boxPosZ, boxLocalRot_11, boxLocalRot_12, boxLocalRot_13, boxLocalRot_21, boxLocalRot_22, boxLocalRot_23, boxLocalRot_31, boxLocalRot_32, boxLocalRot_33, boxGlobalRot_11, boxGlobalRot_12, boxGlobalRot_13, boxGlobalRot_21, boxGlobalRot_22, boxGlobalRot_23, boxGlobalRot_31, boxGlobalRot_32, boxGlobalRot_33, indexForceX, indexForceY, indexForceZ, indexForceGlobalX, indexForceGlobalY, indexForceGlobalZ, indexContact, indexPosX, indexPosY, indexPosZ, indexRot_11, indexRot_12, indexRot_13, indexRot_21, indexRot_22, indexRot_23, indexRot_31, indexRot_32, indexRot_33, thumbForceX, thumbForceY, thumbForceZ, thumbForceGlobalX, thumbForceGlobalY, thumbForceGlobalZ, thumbContact, thumbPosX, thumbPosY, thumbPosZ, thumbRot_11, thumbRot_12, thumbRot_13, thumbRot_21, thumbRot_22, thumbRot_23, thumbRot_31, thumbRot_32, thumbRot_33, mapping, boxInitParam, trialSuccess, 
957.47554, 0.1, 0.1, -0.0313853921, 0.292676308, -0.0199569869, 0.440893367, 3.89039229e-005, -0.89755949, 0.89755949, 1.32281936e-005, 0.440893367, 2.90255723e-005, -0.999999999, -2.90863624e-005, 0.44089328, 5.85124645e-006, -0.897559533, 0.897559533, 3.12088404e-005, 0.440893279, 3.05915675e-005, -0.999999999, 8.50792598e-006, 0, 0, 0, 0, 0, 0, 0, 0.34535144, 0.0820410645, -0.135122485, -0.377911337, 0.902171263, -0.207492175, -0.821411133, -0.223388672, 0.524658203, 0.427046912, 0.368780717, 0.82570579, 0, 0, 0, 0, 0, 0, 0, 0.367035449, 0.112600195, -0.113456641, -0.572206078, 0.481253964, -0.66391921, 0.297973633, -0.632080078, -0.715087891, -0.763947981, -0.60707361, 0.218419162, 3, 3, 1, 
957.50029, 0.1, 0.1, -0.0313853624, 0.292676286, -0.019959954, 0.440907185, 5.90341258e-006, -0.897552703, 0.897552701, -7.50115711e-005, 0.440907183, -6.47239814e-005, -0.999999997, -3.83717646e-005, 0.44090686, -2.85953867e-005, -0.897552862, 0.897552861, -3.08811269e-005, 0.440906861, -4.0325346e-005, -0.999999999, 1.20501704e-005, 0, 0, 0, 0, 0, 0, 0, 0.34547085, 0.0808394287, -0.134648413, -0.37178899, 0.904975393, -0.20669463, -0.819091797, -0.21496582, 0.531738281, 0.436829726, 0.366977076, 0.821377346, 0, 0, 0, 0, 0, 0, 0, 0.367498047, 0.1107521, -0.112945117, -0.571592873, 0.475682983, -0.668422729, 0.296142578, -0.640136719, -0.708740234, -0.765110957, -0.603117663, 0.2250649, 3, 3, 1, 
957.50108, 0.1, 0.1, -0.0313853508, 0.292676271, -0.0199636165, 0.440908361, 5.42147426e-005, -0.897552124, 0.897552125, -4.17411805e-006, 0.440908361, 2.01572448e-005, -0.999999999, -5.0500961e-005, 0.440908172, 6.14957985e-005, -0.897552216, 0.897552218, -5.29808393e-005, 0.440908169, -2.04390698e-005, -0.999999997, -7.85553754e-005, 0, 0, 0, 0, 0, 0, 0, 0.34547085, 0.0808394287, -0.134648413, -0.37178899, 0.904975393, -0.20669463, -0.819091797, -0.21496582, 0.531738281, 0.436829726, 0.366977076, 0.821377346, 0, 0, 0, 0, 0, 0, 0, 0.367498047, 0.1107521, -0.112945117, -0.571592873, 0.475682983, -0.668422729, 0.296142578, -0.640136719, -0.708740234, -0.765110957, -0.603117663, 0.2250649, 3, 3, 1, 
957.501868, 0.1, 0.1, -0.0313853587, 0.292676286, -0.019967688, 0.440908481, -8.21930924e-005, -0.897552062, 0.897552066, 6.55541767e-005, 0.440908477, 2.25986552e-005, -0.999999994, 0.000102675972, 0.44090853, -6.64899998e-005, -0.89755204, 0.897552041, 8.30842106e-005, 0.440908524, 4.5256395e-005, -0.999999994, 9.63107722e-005, 0, 0, 0, 0, 0, 0, 0, 0.34547085, 0.0808394287, -0.134648413, -0.37178899, 0.904975393, -0.20669463, -0.819091797, -0.21496582, 0.531738281, 0.436829726, 0.366977076, 0.821377346, 0, 0, 0, 0, 0, 0, 0, 0.367498047, 0.1107521, -0.112945117, -0.571592873, 0.475682983, -0.668422729, 0.296142578, -0.640136719, -0.708740234, -0.765110957, -0.603117663, 0.2250649, 3, 3, 1, 
957.502653, 0.1, 0.1, -0.0313853688, 0.292676285, -0.0199708676, 0.440907765, 2.79559599e-005, -0.897552417, 0.897552418, -4.1338706e-005, 0.440907764, -2.47776557e-005, -0.999999999, -4.33184959e-005, 0.440907975, -2.12855537e-005, -0.897552315, 0.897552314, -3.14776485e-005, 0.440907975, -3.76378066e-005, -0.999999999, 5.22615178e-006, 0, 0, 0, 0, 0, 0, 0, 0.34547085, 0.0808394287, -0.134648413, -0.37178899, 0.904975393, -0.20669463, -0.819091797, -0.21496582, 0.531738281, 0.436829726, 0.366977076, 0.821377346, 0, 0, 0, 0, 0, 0, 0, 0.367498047, 0.1107521, -0.112945117, -0.571592873, 0.475682983, -0.668422729, 0.296142578, -0.640136719, -0.708740234, -0.765110957, -0.603117663, 0.2250649, 3, 3, 1, 
957.503441, 0.1, 0.1, -0.0313853455, 0.292676282, -0.0199721669, 0.440906237, 0.000107712676, -0.897553162, 0.897553167, 8.94264545e-006, 0.440906241, 5.55176905e-005, -0.999999994, -9.27349849e-005, 0.440906555, 0.000121540114, -0.897553004, 0.897553011, 2.66889889e-006, 0.440906558, 5.59833117e-005, -0.999999993, -0.000107911961, 0, 0, 0, 0, 0, 0, 0, 0.34547085, 0.0808394287, -0.134648413, -0.37178899, 0.904975393, -0.20669463, -0.819091797, -0.21496582, 0.531738281, 0.436829726, 0.366977076, 0.821377346, 0, 0, 0, 0, 0, 0, 0, 0.367498047, 0.1107521, -0.112945117, -0.571592873, 0.475682983, -0.668422729, 0.296142578, -0.640136719, -0.708740234, -0.765110957, -0.603117663, 0.2250649, 3, 3, 1, 
957.504257, 0.1, 0.1, -0.0313853481, 0.292676285, -0.0199710641, 0.440904535, -8.12428608e-005, -0.897554001, 0.897554004, 7.08366409e-006, 0.440904536, -2.94623748e-005, -0.999999997, 7.60430747e-005, 0.440904866, -5.71895469e-005, -0.89755384, 0.897553842, 4.17839269e-006, 0.440904866, -2.14648171e-005, -0.999999998, 5.31729712e-005, 0, 0, 0, 0, 0, 0, 0, 0.34547085, 0.0808394287, -0.134648413, -0.370036645, 0.905641509, -0.206809206, -0.818847656, -0.213012695, 0.532836914, 0.438529653, 0.366500797, 0.820653941, 0, 0, 0, 0, 0, 0, 0, 0.367498047, 0.1107521, -0.112945117, -0.571592873, 0.475682983, -0.668422729, 0.296142578, -0.640136719, -0.708740234, -0.765110957, -0.603117663, 0.2250649, 3, 3, 1, 
957.505063, 0.1, 0.1, -0.031385359, 0.29267629, -0.0199678401, 0.440903329, 1.26257367e-005, -0.897554597, 0.897554597, 1.49134476e-005, 0.440903329, 1.89523628e-005, -1, -4.75689929e-006, 0.440903491, -2.17138796e-005, -0.897554517, 0.897554517, 3.29597419e-005, 0.44090349, 2.000944e-005, -0.999999999, 3.4021456e-005, 0, 0, 0, 0, 0, 0, 0, 0.345565576, 0.0804255371, -0.13465647, -0.370036645, 0.905641509, -0.206809206, -0.818847656, -0.213012695, 0.532836914, 0.438529653, 0.366500797, 0.820653941, 0, 0, 0, 0, 0, 0, 0, 0.367479736, 0.110491016, -0.113164453, -0.571822916, 0.474865255, -0.66881865, 0.295410156, -0.641357422, -0.707885742, -0.765257879, -0.602344411, 0.2264962, 3, 3, 1, 
957.505858, 0.1, 0.1, -0.0313853547, 0.292676285, -0.0199641791, 0.440902965, -3.74696058e-006, -0.897554776, 0.897554776, -1.0221059e-005, 0.440902965, -1.08260063e-005, -1, -1.14339284e-006, 0.440903005, 1.46304183e-005, -0.897554756, 0.897554756, -3.60013392e-005, 0.440903005, -2.58625778e-005, -0.999999999, -2.90047002e-005, 0, 0, 0, 0, 0, 0, 0, 0.345565576, 0.0804255371, -0.13465647, -0.370036645, 0.905641509, -0.206809206, -0.818847656, -0.213012695, 0.532836914, 0.438529653, 0.366500797, 0.820653941, 0, 0, 0, 0, 0, 0, 0, 0.367479736, 0.110491016, -0.113164453, -0.571822916, 0.474865255, -0.66881865, 0.295410156, -0.641357422, -0.707885742, -0.765257879, -0.602344411, 0.2264962, 3, 3, 1, 
957.506643, 0.1, 0.1, -0.0313853639, 0.292676294, -0.0199612577, 0.440902769, -3.81846432e-005, -0.897554871, 0.897554872, 8.87371275e-006, 0.440902769, -8.87107081e-006, -0.999999999, 3.8185257e-005, 0.440902816, -4.67790826e-005, -0.897554848, 0.897554849, 4.12748081e-005, 0.440902814, 1.64213749e-005, -0.999999998, 6.01849716e-005, 0, 0, 0, 0, 0, 0, 0, 0.345565576, 0.0804255371, -0.13465647, -0.370036645, 0.905641509, -0.206809206, -0.818847656, -0.213012695, 0.532836914, 0.438529653, 0.366500797, 0.820653941, 0, 0, 0, 0, 0, 0, 0, 0.367479736, 0.110491016, -0.113164453, -0.571822916, 0.474865255, -0.66881865, 0.295410156, -0.641357422, -0.707885742, -0.765257879, -0.602344411, 0.2264962, 3, 3, 1, 
957.507428, 0.1, 0.1, -0.0313853529, 0.292676286, -0.0199600576, 0.440902045, 7.56075315e-005, -0.897555224, 0.897555227, -4.46690362e-005, 0.440902043, -6.75741173e-006, -0.999999996, -8.75566046e-005, 0.440902197, 8.23720007e-005, -0.897555149, 0.897555153, -3.6610194e-005, 0.440902195, 3.45832784e-006, -0.999999996, -9.00749287e-005, 0, 0, 0, 0, 0, 0, 0, 0.345565576, 0.0804255371, -0.13465647, -0.370036645, 0.905641509, -0.206809206, -0.818847656, -0.213012695, 0.532836914, 0.438529653, 0.366500797, 0.820653941, 0, 0, 0, 0, 0, 0, 0, 0.367479736, 0.110491016, -0.113164453, -0.571822916, 0.474865255, -0.66881865, 0.295410156, -0.641357422, -0.707885742, -0.765257879, -0.602344411, 0.2264962, 3, 3, 1, 
957.508217, 0.1, 0.1, -0.0313853527, 0.292676287, -0.0199608882, 0.440901213, -5.58801738e-005, -0.897555634, 0.897555636, 5.34651336e-006, 0.440901214, -1.98388433e-005, -0.999999998, 5.25128492e-005, 0.440901442, -3.26671593e-005, -0.897555523, 0.897555524, 2.08580107e-005, 0.440901442, 4.31822505e-006, -0.999999999, 3.85169162e-005, 0, 0, 0, 0, 0, 0, 0, 0.345565576, 0.0804255371, -0.13465647, -0.370036645, 0.905641509, -0.206809206, -0.818847656, -0.213012695, 0.532836914, 0.438529653, 0.366500797, 0.820653941, 0, 0, 0, 0, 0, 0, 0, 0.367479736, 0.110491016, -0.113164453, -0.571822916, 0.474865255, -0.66881865, 0.295410156, -0.641357422, -0.707885742, -0.765257879, -0.602344411, 0.2264962, 3, 3, 1, 
957.509021, 0.1, 0.1, -0.0313853528, 0.292676287, -0.0199632331, 0.440899986, 7.12698603e-005, -0.897556236, 0.897556238, 5.88378904e-006, 0.440899987, 3.67039121e-005, -0.999999997, -6.13745452e-005, 0.440900242, 3.88302316e-005, -0.897556113, 0.897556113, 2.81203883e-006, 0.440900242, 1.96442212e-005, -0.999999999, -3.36124832e-005, 0, 0, 0, 0, 0, 0, 0, 0.345565576, 0.0804255371, -0.13465647, -0.368614923, 0.906104683, -0.207329667, -0.819335937, -0.211425781, 0.532714844, 0.438922434, 0.366303846, 0.820489191, 0, 0, 0, 0, 0, 0, 0, 0.367479736, 0.110491016, -0.113164453, -0.571822916, 0.474865255, -0.66881865, 0.295410156, -0.641357422, -0.707885742, -0.765257879, -0.602344411, 0.2264962, 3, 3, 1, 
957.509824, 0.1, 0.1, -0.0313853448, 0.292676284, -0.0199658256, 0.440899018, -3.69435664e-005, -0.897556714, 0.897556714, -2.72744085e-005, 0.440899019, -4.07687107e-005, -0.999999999, 2.11336861e-005, 0.440899148, 7.87602555e-006, -0.897556651, 0.89755665, -2.9197632e-005, 0.440899148, -2.27339958e-005, -1, -1.99423902e-005, 0, 0, 0, 0, 0, 0, 0, 0.345639429, 0.080002124, -0.134460327, -0.368614923, 0.906104683, -0.207329667, -0.819335937, -0.211425781, 0.532714844, 0.438922434, 0.366303846, 0.820489191, 0, 0, 0, 0, 0, 0, 0, 0.367504395, 0.110239941, -0.113218896, -0.571273511, 0.474156168, -0.669879182, 0.295288086, -0.642822266, -0.706665039, -0.765813847, -0.601436997, 0.227243932, 3, 3, 1, 
957.510613, 0.1, 0.1, -0.0313853567, 0.292676286, -0.0199681169, 0.44089873, -1.33585336e-005, -0.897556856, 0.897556856, 3.07644182e-005, 0.44089873, 2.17230539e-005, -0.999999999, 2.55540363e-005, 0.440898733, -4.19312146e-005, -0.897556854, 0.897556855, 2.74895581e-005, 0.440898732, 6.18602195e-006, -0.999999999, 4.97557604e-005, 0, 0, 0, 0, 0, 0, 0, 0.345639429, 0.080002124, -0.134460327, -0.368614923, 0.906104683, -0.207329667, -0.819335937, -0.211425781, 0.532714844, 0.438922434, 0.366303846, 0.820489191, 0, 0, 0, 0, 0, 0, 0, 0.367504395, 0.110239941, -0.113218896, -0.571273511, 0.474156168, -0.669879182, 0.295288086, -0.642822266, -0.706665039, -0.765813847, -0.601436997, 0.227243932, 3, 3, 1, 
957.51142, 0.1, 0.1, -0.0313853513, 0.292676283, -0.0199693375, 0.4408992, 3.71241463e-006, -0.897556625, 0.897556624, -5.01132237e-005, 0.440899199, -4.33426553e-005, -0.999999999, -2.54269826e-005, 0.440899043, 2.4676218e-005, -0.897556702, 0.897556702, -4.16258463e-005, 0.440899042, -2.64818364e-005, -0.999999999, -4.05011006e-005, 0, 0, 0, 0, 0, 0, 0, 0.345639429, 0.080002124, -0.134460327, -0.368253221, 0.906104683, -0.207570802, -0.819580078, -0.21105957, 0.532592773, 0.438865146, 0.366303846, 0.820527383, 0, 0, 0, 0, 0, 0, 0, 0.367504395, 0.110239941, -0.113218896, -0.571273511, 0.474156168, -0.669879182, 0.295288086, -0.642822266, -0.706665039, -0.765813847, -0.601436997, 0.227243932, 3, 3, 1, 
957.512224, 0.1, 0.1, -0.0313853535, 0.292676281, -0.0199688661, 0.440900236, 2.71279975e-005, -0.897556116, 0.897556116, 1.94194659e-005, 0.440900237, 2.9390801e-005, -0.999999999, -1.5786853e-005, 0.440899992, 1.58594126e-006, -0.897556236, 0.897556236, 1.25448311e-005, 0.440899991, 1.19589329e-005, -1, 4.10754448e-006, 0, 0, 0, 0, 0, 0, 0, 0.345880981, 0.0802253662, -0.13402605, -0.368253221, 0.906104683, -0.207570802, -0.819580078, -0.21105957, 0.532592773, 0.438865146, 0.366303846, 0.820527383, 0, 0, 0, 0, 0, 0, 0, 0.367739355, 0.110388477, -0.113485107, -0.571177629, 0.473063554, -0.670658631, 0.295776367, -0.643432617, -0.705932617, -0.765558284, -0.601551836, 0.22765298, 3, 3, 1, 
957.513014, 0.1, 0.1, -0.0313853531, 0.292676282, -0.019967363, 0.440901434, -4.18995559e-005, -0.897555527, 0.897555527, -1.90511903e-005, 0.440901435, -3.55730755e-005, -0.999999999, 2.92074808e-005, 0.440901208, -2.39403975e-005, -0.897555639, 0.897555639, -1.0136403e-005, 0.440901208, -1.96533358e-005, -1, 1.70186865e-005, 0, 0, 0, 0, 0, 0, 0, 0.345880981, 0.0802253662, -0.13402605, -0.368253221, 0.906104683, -0.207570802, -0.819580078, -0.21105957, 0.532592773, 0.438865146, 0.366303846, 0.820527383, 0, 0, 0, 0, 0, 0, 0, 0.367739355, 0.110388477, -0.113485107, -0.571177629, 0.473063554, -0.670658631, 0.295776367, -0.643432617, -0.705932617, -0.765558284, -0.601551836, 0.22765298, 3, 3, 1, 
957.513798, 0.1, 0.1, -0.0313853543, 0.292676282, -0.0199654184, 0.440902363, 2.87042874e-005, -0.897555071, 0.89755507, 3.50167235e-005, 0.440902364, 4.40852259e-005, -0.999999999, -1.03247226e-005, 0.44090223, 2.2864284e-005, -0.897555137, 0.897555137, 1.69198504e-005, 0.44090223, 2.52674125e-005, -1, -1.30619558e-005, 0, 0, 0, 0, 0, 0, 0, 0.345880981, 0.0802253662, -0.13402605, -0.368253221, 0.906104683, -0.207570802, -0.819580078, -0.21105957, 0.532592773, 0.438865146, 0.366303846, 0.820527383, 0, 0, 0, 0, 0, 0, 0, 0.367739355, 0.110388477, -0.113485107, -0.571177629, 0.473063554, -0.670658631, 0.295776367, -0.643432617, -0.705932617, -0.765558284, -0.601551836, 0.22765298, 3, 3, 1, 
957.514586, 0.1, 0.1, -0.031385354, 0.292676285, -0.0199637237, 0.440902911, -2.6550427e-005, -0.897554802, 0.897554802, -2.42281108e-005, 0.440902912, -3.34522177e-005, -0.999999999, 1.31482187e-005, 0.440902768, -4.90406853e-006, -0.897554873, 0.897554873, -1.36168976e-005, 0.440902768, -1.43841302e-005, -1, -1.60205723e-006, 0, 0, 0, 0, 0, 0, 0, 0.345880981, 0.0802253662, -0.13402605, -0.368253221, 0.906104683, -0.207570802, -0.819580078, -0.21105957, 0.532592773, 0.438865146, 0.366303846, 0.820527383, 0, 0, 0, 0, 0, 0, 0, 0.367739355, 0.110388477, -0.113485107, -0.571177629, 0.473063554, -0.670658631, 0.295776367, -0.643432617, -0.705932617, -0.765558284, -0.601551836, 0.22765298, 3, 3, 1, 
957.515374, 0.1, 0.1, -0.0313853522, 0.292676284, -0.0199627785, 0.44090344, 4.12101139e-005, -0.897554541, 0.897554541, 3.11193727e-005, 0.440903442, 4.61010153e-005, -0.999999999, -2.32676864e-005, 0.440903387, 3.72400973e-005, -0.897554568, 0.897554568, 1.16060057e-005, 0.440903388, 2.68363085e-005, -0.999999999, -2.83078922e-005, 0, 0, 0, 0, 0, 0, 0, 0.345880981, 0.0802253662, -0.13402605, -0.368253221, 0.906104683, -0.207570802, -0.819580078, -0.21105957, 0.532592773, 0.438865146, 0.366303846, 0.820527383, 0, 0, 0, 0, 0, 0, 0, 0.367739355, 0.110388477, -0.113485107, -0.571177629, 0.473063554, -0.670658631, 0.295776367, -0.643432617, -0.705932617, -0.765558284, -0.601551836, 0.22765298, 3, 3, 1, 
957.516182, 0.1, 0.1, -0.0313853565, 0.292676289, -0.0199627717, 0.440903283, -4.00995407e-005, -0.897554619, 0.897554619, -2.43582978e-005, 0.440903284, -3.95429218e-005, -0.999999999, 2.52518745e-005, 0.440903391, -4.328762e-005, -0.897554565, 0.897554566, 2.21612894e-006, 0.440903391, -1.70965618e-005, -0.999999999, 3.98300998e-005, 0, 0, 0, 0, 0, 0, 0, 0.345880981, 0.0802253662, -0.13402605, -0.368253221, 0.906041403, -0.207970697, -0.819458008, -0.21081543, 0.532714844, 0.438865146, 0.366684644, 0.820343536, 0, 0, 0, 0, 0, 0, 0, 0.367739355, 0.110388477, -0.113485107, -0.571177629, 0.473063554, -0.670658631, 0.295776367, -0.643432617, -0.705932617, -0.765558284, -0.601551836, 0.22765298, 3, 3, 1, 
957.516989, 0.1, 0.1, -0.0313853568, 0.292676288, -0.0199633379, 0.440902498, 1.27788443e-005, -0.897555005, 0.897555004, 3.73581696e-005, 0.440902498, 3.91652365e-005, -0.999999999, 5.00159462e-006, 0.44090265, 5.84272657e-006, -0.89755493, 0.89755493, 1.98548779e-005, 0.44090265, 2.03969172e-005, -1, 3.50990023e-006, 0, 0, 0, 0, 0, 0, 0, 0.346104224, 0.080223291, -0.134047046, -0.368253221, 0.906041403, -0.207970697, -0.819458008, -0.21081543, 0.532714844, 0.438865146, 0.366684644, 0.820343536, 0, 0, 0, 0, 0, 0, 0, 0.368215625, 0.110580225, -0.11332168, -0.570666503, 0.472565188, -0.671495682, 0.296508789, -0.643920898, -0.705200195, -0.765750048, -0.601481473, 0.227442259, 3, 3, 1, 
957.51777, 0.1, 0.1, -0.0313853567, 0.29267629, -0.0199646146, 0.440901813, -1.69590966e-005, -0.897555342, 0.897555341, -3.40505181e-005, 0.440901813, -3.80395208e-005, -0.999999999, 2.08792581e-007, 0.440901981, -1.83786933e-005, -0.897555259, 0.897555259, -1.23901509e-005, 0.440901981, -1.92240474e-005, -1, 1.10330508e-005, 0, 0, 0, 0, 0, 0, 0, 0.346104224, 0.080223291, -0.134047046, -0.368253221, 0.906041403, -0.207970697, -0.819458008, -0.21081543, 0.532714844, 0.438865146, 0.366684644, 0.820343536, 0, 0, 0, 0, 0, 0, 0, 0.368215625, 0.110580225, -0.11332168, -0.570666503, 0.472565188, -0.671495682, 0.296508789, -0.643920898, -0.705200195, -0.765750048, -0.601481473, 0.227442259, 3, 3, 1, 
957.518549, 0.1, 0.1, -0.0313853545, 0.292676286, -0.0199662424, 0.440900715, 3.21115429e-006, -0.897555881, 0.89755588, 3.50979924e-005, 0.440900715, 3.29182097e-005, -0.999999999, 1.25925395e-005, 0.440900974, 1.87356182e-005, -0.897555754, 0.897555754, 8.27429932e-006, 0.440900974, 1.56871973e-005, -1, -1.31681153e-005, 0, 0, 0, 0, 0, 0, 0, 0.346104224, 0.080223291, -0.134047046, -0.368253221, 0.906041403, -0.207970697, -0.819458008, -0.21081543, 0.532714844, 0.438865146, 0.366684644, 0.820343536, 0, 0, 0, 0, 0, 0, 0, 0.368215625, 0.110580225, -0.11332168, -0.570666503, 0.472565188, -0.671495682, 0.296508789, -0.643920898, -0.705200195, -0.765750048, -0.601481473, 0.227442259, 3, 3, 1, 
957.519336, 0.1, 0.1, -0.0313853568, 0.292676289, -0.0199675747, 0.440899373, -6.2591478e-006, -0.89755654, 0.897556539, -3.74108055e-005, 0.440899373, -3.63379675e-005, -0.999999999, -1.08764617e-005, 0.440899627, -7.04158304e-006, -0.897556415, 0.897556415, -1.80108035e-005, 0.440899627, -1.92703435e-005, -1, -1.6207385e-006, 0, 0, 0, 0, 0, 0, 0, 0.346104224, 0.080223291, -0.134047046, -0.368253221, 0.906041403, -0.207970697, -0.819458008, -0.21081543, 0.532714844, 0.438865146, 0.366684644, 0.820343536, 0, 0, 0, 0, 0, 0, 0, 0.368215625, 0.110580225, -0.11332168, -0.570666503, 0.472565188, -0.671495682, 0.296508789, -0.643920898, -0.705200195, -0.765750048, -0.601481473, 0.227442259, 3, 3, 1, 
957.520116, 0.1, 0.1, -0.0313853575, 0.292676287, -0.019968295, 0.440898314, 1.70165854e-005, -0.89755706, 0.89755706, 2.58632296e-005, 0.440898314, 3.07163081e-005, -1, -3.87030204e-006, 0.440898506, 1.075789e-005, -0.897556966, 0.897556966, 1.04556415e-005, 0.440898507, 1.41276715e-005, -1, -5.04594236e-006, 0, 0, 0, 0, 0, 0, 0, 0.346104224, 0.080223291, -0.134047046, -0.368253221, 0.906041403, -0.207970697, -0.819458008, -0.21081543, 0.532714844, 0.438865146, 0.366684644, 0.820343536, 0, 0, 0, 0, 0, 0, 0, 0.368215625, 0.110580225, -0.11332168, -0.570666503, 0.472565188, -0.671495682, 0.296508789, -0.643920898, -0.705200195, -0.765750048, -0.601481473, 0.227442259, 3, 3, 1, 
957.520895, 0.1, 0.1, -0.0313853583, 0.292676289, -0.0199682552, 0.440897369, -2.56497583e-005, -0.897557524, 0.897557524, -2.65897985e-005, 0.440897369, -3.51747847e-005, -0.999999999, 1.12987614e-005, 0.440897516, -7.8841343e-006, -0.897557453, 0.897557452, -1.71563749e-005, 0.440897516, -1.88749274e-005, -1, -4.87739596e-007, 0, 0, 0, 0, 0, 0, 0, 0.346104224, 0.080223291, -0.134047046, -0.368253221, 0.906041403, -0.207970697, -0.819458008, -0.21081543, 0.532714844, 0.438865146, 0.366684644, 0.820343536, 0, 0, 0, 0, 0, 0, 0, 0.368215625, 0.110580225, -0.11332168, -0.570666503, 0.472565188, -0.671495682, 0.296508789, -0.643920898, -0.705200195, -0.765750048, -0.601481473, 0.227442259, 3, 3, 1, 
957.521705, 0.1, 0.1, -0.0313853567, 0.292676287, -0.0199670749, 0.440896549, 3.82646342e-005, -0.897557927, 0.897557927, 2.22006295e-005, 0.44089655, 3.67970962e-005, -0.999999999, -2.45565448e-005, 0.440896739, 3.42052145e-005, -0.897557833, 0.897557834, 4.79154609e-006, 0.44089674, 1.93816573e-005, -0.999999999, -2.85885812e-005, 0, 0, 0, 0, 0, 0, 0, 0.346085303, 0.0804370117, -0.134064014, -0.368589836, 0.905838461, -0.208313303, -0.819702148, -0.21105957, 0.532348633, 0.438300501, 0.366963971, 0.820521391, 0, 0, 0, 0, 0, 0, 0, 0.368278369, 0.110360645, -0.113398096, -0.56948457, 0.472354467, -0.672575537, 0.29675293, -0.644897461, -0.704101562, -0.766485021, -0.600644422, 0.227206019, 3, 3, 1, 
957.522481, 0.1, 0.1, -0.0313853594, 0.29267629, -0.0199656649, 0.440895336, -3.05625003e-005, -0.897558523, 0.897558523, -2.47353064e-005, 0.440895336, -3.56762489e-005, -0.999999999, 1.65259514e-005, 0.440895622, -3.39045304e-005, -0.897558382, 0.897558383, -3.51913243e-006, 0.440895622, -1.81069858e-005, -0.999999999, 2.88797254e-005, 0, 0, 0, 0, 0, 0, 0, 0.346085303, 0.0804370117, -0.134064014, -0.368589836, 0.905838461, -0.208313303, -0.819702148, -0.21105957, 0.532348633, 0.438300501, 0.366963971, 0.820521391, 0, 0, 0, 0, 0, 0, 0, 0.368278369, 0.110360645, -0.113398096, -0.56948457, 0.472354467, -0.672575537, 0.29675293, -0.644897461, -0.704101562, -0.766485021, -0.600644422, 0.227206019, 3, 3, 1, 
957.523254, 0.1, 0.1, -0.0313853592, 0.292676289, -0.019964554, 0.440893674, -3.54085453e-006, -0.89755934, 0.897559339, 4.53675983e-005, 0.440893673, 3.91589712e-005, -0.999999999, 2.31804141e-005, 0.440894046, 1.14135976e-005, -0.897559157, 0.897559157, 1.79206733e-005, 0.440894047, 2.11170517e-005, -1, -2.34326084e-006, 0, 0, 0, 0, 0, 0, 0, 0.346085303, 0.0804370117, -0.134064014, -0.368589836, 0.905838461, -0.208313303, -0.819702148, -0.21105957, 0.532348633, 0.438300501, 0.366963971, 0.820521391, 0, 0, 0, 0, 0, 0, 0, 0.368278369, 0.110360645, -0.113398096, -0.56948457, 0.472354467, -0.672575537, 0.29675293, -0.644897461, -0.704101562, -0.766485021, -0.600644422, 0.227206019, 3, 3, 1, 
957.524034, 0.1, 0.1, -0.0313853615, 0.292676292, -0.0199640044, 0.440891845, -1.46552807e-006, -0.897560238, 0.897560237, -4.12426178e-005, 0.440891845, -3.76638732e-005, -0.999999999, -1.68681341e-005, 0.440892191, -4.85444077e-006, -0.897560068, 0.897560068, -1.90951202e-005, 0.440892191, -1.92793024e-005, -1, -4.06173719e-006, 0, 0, 0, 0, 0, 0, 0, 0.346085303, 0.0804370117, -0.134064014, -0.368589836, 0.905838461, -0.208313303, -0.819702148, -0.21105957, 0.532348633, 0.438300501, 0.366963971, 0.820521391, 0, 0, 0, 0, 0, 0, 0, 0.368278369, 0.110360645, -0.113398096, -0.56948457, 0.472354467, -0.672575537, 0.29675293, -0.644897461, -0.704101562, -0.766485021, -0.600644422, 0.227206019, 3, 3, 1, 
957.524814, 0.1, 0.1, -0.0313853641, 0.292676292, -0.0199641825, 0.440890368, -4.07443607e-006, -0.897560964, 0.897560963, 4.71026969e-005, 0.440890367, 4.04811624e-005, -0.999999999, 2.44241801e-005, 0.440890603, -1.579162e-005, -0.897560848, 0.897560848, 3.14247946e-005, 0.440890602, 2.12432884e-005, -0.999999999, 2.80288364e-005, 0, 0, 0, 0, 0, 0, 0, 0.346085303, 0.0804370117, -0.134064014, -0.368589836, 0.905838461, -0.208313303, -0.819702148, -0.21105957, 0.532348633, 0.438300501, 0.366963971, 0.820521391, 0, 0, 0, 0, 0, 0, 0, 0.368278369, 0.110360645, -0.113398096, -0.56948457, 0.472354467, -0.672575537, 0.29675293, -0.644897461, -0.704101562, -0.766485021, -0.600644422, 0.227206019, 3, 3, 1, 
957.525596, 0.1, 0.1, -0.0313853596, 0.292676293, -0.0199649065, 0.440889637, 1.54985182e-006, -0.897561322, 0.897561322, -3.898786e-005, 0.440889637, -3.43106816e-005, -0.999999999, -1.85804305e-005, 0.440889714, 2.11899864e-005, -0.897561285, 0.897561285, -2.80195359e-005, 0.440889713, -1.58068036e-005, -0.999999999, -3.13728366e-005, 0, 0, 0, 0, 0, 0, 0, 0.346085303, 0.0804370117, -0.134064014, -0.368589836, 0.905838461, -0.208313303, -0.819702148, -0.21105957, 0.532348633, 0.438300501, 0.366963971, 0.820521391, 0, 0, 0, 0, 0, 0, 0, 0.368278369, 0.110360645, -0.113398096, -0.56948457, 0.472354467, -0.672575537, 0.29675293, -0.644897461, -0.704101562, -0.766485021, -0.600644422, 0.227206019, 3, 3, 1, 
957.526409, 0.1, 0.1, -0.0313853616, 0.292676293, -0.0199655606, 0.440889641, 3.48900864e-005, -0.89756132, 0.89756132, 2.63087719e-005, 0.440889642, 3.89964137e-005, -0.999999999, -1.9716727e-005, 0.440889584, 5.19802523e-006, -0.897561349, 0.897561349, 2.15229881e-005, 0.440889584, 2.16099574e-005, -1, 4.82371472e-006, 0, 0, 0, 0, 0, 0, 0, 0.346316724, 0.0804396973, -0.133863843, -0.368405989, 0.905876653, -0.208776477, -0.820068359, -0.2109375, 0.531982422, 0.437900607, 0.367205106, 0.820718343, 0, 0, 0, 0, 0, 0, 0, 0.368332812, 0.110364307, -0.113261279, -0.568424038, 0.472143747, -0.673764033, 0.297119141, -0.645751953, -0.70324707, -0.767232754, -0.599807371, 0.226835618, 3, 3, 1, 
957.527204, 0.1, 0.1, -0.0313853585, 0.292676293, -0.019966048, 0.440890023, -3.10138824e-005, -0.897561133, 0.897561132, -2.71353262e-005, 0.440890024, -3.80293255e-005, -0.999999999, 1.58731608e-005, 0.440889948, -1.26683549e-005, -0.89756117, 0.89756117, -1.56053037e-005, 0.440889948, -1.9592065e-005, -1, 4.49040186e-006, 0, 0, 0, 0, 0, 0, 0, 0.346316724, 0.0804396973, -0.133863843, -0.368405989, 0.905876653, -0.208776477, -0.820068359, -0.2109375, 0.531982422, 0.437900607, 0.367205106, 0.820718343, 0, 0, 0, 0, 0, 0, 0, 0.368332812, 0.110364307, -0.113261279, -0.568424038, 0.472143747, -0.673764033, 0.297119141, -0.645751953, -0.70324707, -0.767232754, -0.599807371, 0.226835618, 3, 3, 1, 
957.527985, 0.1, 0.1, -0.0313853575, 0.29267629, -0.019966416, 0.440890225, 3.67688517e-005, -0.897561033, 0.897561033, 1.70597658e-005, 0.440890226, 3.15232084e-005, -0.999999999, -2.54808045e-005, 0.440890229, 3.17014489e-005, -0.897561031, 0.897561032, 7.89822895e-008, 0.440890229, 1.40477505e-005, -0.999999999, -2.84191627e-005, 0, 0, 0, 0, 0, 0, 0, 0.346316724, 0.0804396973, -0.133863843, -0.368405989, 0.905876653, -0.208776477, -0.820068359, -0.2109375, 0.531982422, 0.437900607, 0.367205106, 0.820718343, 0, 0, 0, 0, 0, 0, 0, 0.368332812, 0.110364307, -0.113261279, -0.568424038, 0.472143747, -0.673764033, 0.297119141, -0.645751953, -0.70324707, -0.767232754, -0.599807371, 0.226835618, 3, 3, 1, 
957.52878, 0.1, 0.1, -0.0313853605, 0.292676292, -0.0199664553, 0.440889868, -3.0967821e-005, -0.897561209, 0.897561209, -3.02075523e-005, 0.440889868, -4.07665256e-005, -0.999999999, 1.44773111e-005, 0.440889994, -3.46917662e-005, -0.897561147, 0.897561147, -8.68224035e-006, 0.440889994, -2.30880942e-005, -0.999999999, 2.73100686e-005, 0, 0, 0, 0, 0, 0, 0, 0.346301099, 0.0804301758, -0.134091113, -0.368729499, 0.90567371, -0.208833765, -0.819702148, -0.2109375, 0.532348633, 0.438199029, 0.367484433, 0.82035664, 0, 0, 0, 0, 0, 0, 0, 0.368375781, 0.110333057, -0.113322559, -0.567644589, 0.47146018, -0.674773525, 0.297363281, -0.646850586, -0.702148437, -0.767641801, -0.59914276, 0.227097744, 3, 3, 1, 
957.529567, 0.1, 0.1, -0.0313853601, 0.29267629, -0.019966229, 0.440888943, -1.63324951e-006, -0.897561664, 0.897561663, 3.76721773e-005, 0.440888942, 3.30930205e-005, -0.999999999, 1.80751886e-005, 0.440889175, 1.23317238e-005, -0.897561549, 0.897561549, 1.08798388e-005, 0.440889175, 1.52022485e-005, -1, -6.27167801e-006, 0, 0, 0, 0, 0, 0, 0, 0.346301099, 0.0804301758, -0.134091113, -0.368729499, 0.90567371, -0.208833765, -0.819702148, -0.2109375, 0.532348633, 0.438199029, 0.367484433, 0.82035664, 0, 0, 0, 0, 0, 0, 0, 0.368375781, 0.110333057, -0.113322559, -0.567644589, 0.47146018, -0.674773525, 0.297363281, -0.646850586, -0.702148437, -0.767641801, -0.59914276, 0.227097744, 3, 3, 1, 
957.530355, 0.1, 0.1, -0.031385362, 0.292676292, -0.0199657971, 0.440887777, -7.61375656e-007, -0.897562236, 0.897562235, -4.38837802e-005, 0.440887777, -3.97241051e-005, -0.999999999, -1.86644403e-005, 0.440887999, -3.35310002e-006, -0.897562127, 0.897562127, -2.28661507e-005, 0.440887999, -2.20021324e-005, -1, -7.07179586e-006, 0, 0, 0, 0, 0, 0, 0, 0.346301099, 0.0804301758, -0.134091113, -0.368729499, 0.90567371, -0.208833765, -0.819702148, -0.2109375, 0.532348633, 0.438199029, 0.367484433, 0.82035664, 0, 0, 0, 0, 0, 0, 0, 0.368375781, 0.110333057, -0.113322559, -0.567644589, 0.47146018, -0.674773525, 0.297363281, -0.646850586, -0.702148437, -0.767641801, -0.59914276, 0.227097744, 3, 3, 1, 
957.531142, 0.1, 0.1, -0.0313853647, 0.292676291, -0.0199653689, 0.440886882, -5.56713967e-006, -0.897562676, 0.897562675, 4.34246736e-005, 0.440886881, 3.65218874e-005, -0.999999999, 2.41422257e-005, 0.440887006, -1.66155136e-005, -0.897562615, 0.897562615, 2.79979367e-005, 0.440887006, 1.78043373e-005, -0.999999999, 2.72573903e-005, 0, 0, 0, 0, 0, 0, 0, 0.346301099, 0.0804301758, -0.134091113, -0.368729499, 0.90567371, -0.208833765, -0.819702148, -0.2109375, 0.532348633, 0.438199029, 0.367484433, 0.82035664, 0, 0, 0, 0, 0, 0, 0, 0.368375781, 0.110333057, -0.113322559, -0.567644589, 0.47146018, -0.674773525, 0.297363281, -0.646850586, -0.702148437, -0.767641801, -0.59914276, 0.227097744, 3, 3, 1, 
957.531928, 0.1, 0.1, -0.0313853609, 0.292676291, -0.0199650991, 0.440886653, -2.63112124e-006, -0.897562788, 0.897562788, -4.01510477e-005, 0.440886653, -3.71981125e-005, -0.999999999, -1.53404645e-005, 0.440886636, 1.70672635e-005, -0.897562796, 0.897562796, -2.99146306e-005, 0.440886636, -1.93255311e-005, -0.999999999, -2.85079016e-005, 0, 0, 0, 0, 0, 0, 0, 0.346301099, 0.0804301758, -0.134091113, -0.368729499, 0.90567371, -0.208833765, -0.819702148, -0.2109375, 0.532348633, 0.438199029, 0.367484433, 0.82035664, 0, 0, 0, 0, 0, 0, 0, 0.368375781, 0.110333057, -0.113322559, -0.567644589, 0.47146018, -0.674773525, 0.297363281, -0.646850586, -0.702148437, -0.767641801, -0.59914276, 0.227097744, 3, 3, 1, 
957.532713, 0.1, 0.1, -0.0313853631, 0.292676291, -0.0199650746, 0.440887086, 3.36227031e-005, -0.897562575, 0.897562575, 2.67576293e-005, 0.440887087, 3.88404623e-005, -0.999999999, -1.83813868e-005, 0.440886947, 3.35333227e-006, -0.897562644, 0.897562644, 2.14038621e-005, 0.440886947, 2.06897475e-005, -1, 6.42685766e-006, 0, 0, 0, 0, 0, 0, 0, 0.346301099, 0.0804301758, -0.134091113, -0.368729499, 0.90567371, -0.208833765, -0.819702148, -0.2109375, 0.532348633, 0.438199029, 0.367484433, 0.82035664, 0, 0, 0, 0, 0, 0, 0, 0.368375781, 0.110333057, -0.113322559, -0.567644589, 0.47146018, -0.674773525, 0.297363281, -0.646850586, -0.702148437, -0.767641801, -0.59914276, 0.227097744, 3, 3, 1, 
957.53353, 0.1, 0.1, -0.0313853609, 0.292676292, -0.0199650108, 0.440887869, -3.85984038e-005, -0.89756219, 0.89756219, -2.80393947e-005, 0.44088787, -4.21846686e-005, -0.999999999, 2.22822389e-005, 0.440887723, -1.98980446e-005, -0.897562263, 0.897562263, -1.66789863e-005, 0.440887723, -2.37432323e-005, -1, 1.05061736e-005, 0, 0, 0, 0, 0, 0, 0, 0.346525806, 0.0804246826, -0.134144702, -0.368641132, 0.905528055, -0.209899775, -0.8203125, -0.210693359, 0.531616211, 0.437196298, 0.368125462, 0.820649072, 0, 0, 0, 0, 0, 0, 0, 0.368420459, 0.110511621, -0.113403857, -0.5668779, 0.470693491, -0.676000301, 0.297973633, -0.647705078, -0.701049805, -0.767929447, -0.598855114, 0.227091548, 3, 3, 1, 
957.534326, 0.1, 0.1, -0.0313853607, 0.292676289, -0.0199648742, 0.440888406, 3.70399293e-005, -0.897561927, 0.897561927, 2.22818401e-005, 0.440888407, 3.63298068e-005, -0.999999999, -2.34218254e-005, 0.440888352, 3.0691286e-005, -0.897561953, 0.897561954, 3.66830037e-006, 0.440888352, 1.68239574e-005, -1, -2.59300197e-005, 0, 0, 0, 0, 0, 0, 0, 0.346525806, 0.0804246826, -0.134144702, -0.368641132, 0.905528055, -0.209899775, -0.8203125, -0.210693359, 0.531616211, 0.437196298, 0.368125462, 0.820649072, 0, 0, 0, 0, 0, 0, 0, 0.368420459, 0.110511621, -0.113403857, -0.5668779, 0.470693491, -0.676000301, 0.297973633, -0.647705078, -0.701049805, -0.767929447, -0.598855114, 0.227091548, 3, 3, 1, 
957.535114, 0.1, 0.1, -0.0313853633, 0.292676292, -0.019964985, 0.440888311, -2.85589872e-005, -0.897561974, 0.897561973, -2.56176406e-005, 0.440888312, -3.55847437e-005, -0.999999999, 1.43389426e-005, 0.440888389, -3.30155833e-005, -0.897561935, 0.897561936, -3.64589128e-006, 0.440888389, -1.78286006e-005, -0.999999999, 2.80260997e-005, 0, 0, 0, 0, 0, 0, 0, 0.346525806, 0.0804246826, -0.134144702, -0.368641132, 0.905528055, -0.209899775, -0.8203125, -0.210693359, 0.531616211, 0.437196298, 0.368125462, 0.820649072, 0, 0, 0, 0, 0, 0, 0, 0.368420459, 0.110511621, -0.113403857, -0.5668779, 0.470693491, -0.676000301, 0.297973633, -0.647705078, -0.701049805, -0.767929447, -0.598855114, 0.227091548, 3, 3, 1, 
957.5359, 0.1, 0.1, -0.0313853617, 0.292676291, -0.0199653267, 0.44088759, 4.43846169e-006, -0.897562328, 0.897562327, 4.33970274e-005, 0.44088759, 4.09083996e-005, -0.999999999, 1.51494148e-005, 0.440887784, 1.82787647e-005, -0.897562233, 0.897562233, 1.64043803e-005, 0.440887784, 2.27828362e-005, -1, -9.17383799e-006, 0, 0, 0, 0, 0, 0, 0, 0.346525806, 0.0804246826, -0.134144702, -0.368641132, 0.905528055, -0.209899775, -0.8203125, -0.210693359, 0.531616211, 0.437196298, 0.368125462, 0.820649072, 0, 0, 0, 0, 0, 0, 0, 0.368420459, 0.110511621, -0.113403857, -0.5668779, 0.470693491, -0.676000301, 0.297973633, -0.647705078, -0.701049805, -0.767929447, -0.598855114, 0.227091548, 3, 3, 1, 
957.536692, 0.1, 0.1, -0.0313853623, 0.292676294, -0.0199657668, 0.440886592, 3.75874925e-006, -0.897562819, 0.897562818, -4.1220209e-005, 0.440886591, -3.53405448e-005, -0.999999999, -2.1547151e-005, 0.440886785, 1.89652409e-006, -0.897562723, 0.897562723, -1.89999106e-005, 0.440886785, -1.62174591e-005, -1, -1.00790588e-005, 0, 0, 0, 0, 0, 0, 0, 0.346525806, 0.0804246826, -0.134144702, -0.368641132, 0.905528055, -0.209899775, -0.8203125, -0.210693359, 0.531616211, 0.437196298, 0.368125462, 0.820649072, 0, 0, 0, 0, 0, 0, 0, 0.368420459, 0.110511621, -0.113403857, -0.5668779, 0.470693491, -0.676000301, 0.297973633, -0.647705078, -0.701049805, -0.767929447, -0.598855114, 0.227091548, 3, 3, 1, 
957.537479, 0.1, 0.1, -0.0313853645, 0.292676293, -0.0199660534, 0.440885853, -5.04708352e-006, -0.897563181, 0.897563181, 4.03089982e-005, 0.440885853, 3.39546849e-005, -0.999999999, 2.23017434e-005, 0.440885949, -1.50552786e-005, -0.897563134, 0.897563134, 2.56448688e-005, 0.440885948, 1.6380228e-005, -1, 2.48195254e-005, 0, 0, 0, 0, 0, 0, 0, 0.346525806, 0.0804246826, -0.134144702, -0.368641132, 0.905528055, -0.209899775, -0.8203125, -0.210693359, 0.531616211, 0.437196298, 0.368125462, 0.820649072, 0, 0, 0, 0, 0, 0, 0, 0.368420459, 0.110511621, -0.113403857, -0.5668779, 0.470693491, -0.676000301, 0.297973633, -0.647705078, -0.701049805, -0.767929447, -0.598855114, 0.227091548, 3, 3, 1, 
957.538287, 0.1, 0.1, -0.031385361, 0.292676292, -0.0199660439, 0.44088575, -5.67024275e-006, -0.897563232, 0.897563231, -4.53017225e-005, 0.440885749, -4.31610897e-005, -0.999999999, -1.48834825e-005, 0.440885708, 1.42881114e-005, -0.897563252, 0.897563252, -3.5136587e-005, 0.440885707, -2.52378852e-005, -0.999999999, -2.83157028e-005, 0, 0, 0, 0, 0, 0, 0, 0.346533374, 0.0804144287, -0.134205737, -0.368432198, 0.905280929, -0.21110545, -0.820922852, -0.210327148, 0.530883789, 0.436174471, 0.368906154, 0.820840032, 0, 0, 0, 0, 0, 0, 0, 0.368908203, 0.110488672, -0.113478564, -0.566085692, 0.470131326, -0.677092916, 0.298339844, -0.648803711, -0.699951172, -0.768459896, -0.598177744, 0.226976709, 3, 3, 1, 
957.539076, 0.1, 0.1, -0.0313853641, 0.292676291, -0.0199657744, 0.440886299, 2.87066531e-005, -0.897562962, 0.897562962, 2.11376411e-005, 0.440886299, 3.16287338e-005, -0.999999999, -1.64467323e-005, 0.440886135, -1.44386268e-006, -0.897563043, 0.897563043, 1.5483241e-005, 0.440886135, 1.32606059e-005, -1, 8.12230407e-006, 0, 0, 0, 0, 0, 0, 0, 0.346533374, 0.0804144287, -0.134205737, -0.368432198, 0.905280929, -0.21110545, -0.820922852, -0.210327148, 0.530883789, 0.436174471, 0.368906154, 0.820840032, 0, 0, 0, 0, 0, 0, 0, 0.368908203, 0.110488672, -0.113478564, -0.566085692, 0.470131326, -0.677092916, 0.298339844, -0.648803711, -0.699951172, -0.768459896, -0.598177744, 0.226976709, 3, 3, 1, 
957.539864, 0.1, 0.1, -0.0313853626, 0.292676291, -0.0199654542, 0.440887138, -3.87469671e-005, -0.89756255, 0.897562549, -2.76258264e-005, 0.440887139, -4.18789466e-005, -0.999999999, 2.25979551e-005, 0.440886978, -2.03906141e-005, -0.897562629, 0.897562628, -1.7050748e-005, 0.440886978, -2.42940704e-005, -1, 1.07844005e-005, 0, 0, 0, 0, 0, 0, 0, 0.346533374, 0.0804144287, -0.134205737, -0.368432198, 0.905280929, -0.21110545, -0.820922852, -0.210327148, 0.530883789, 0.436174471, 0.368906154, 0.820840032, 0, 0, 0, 0, 0, 0, 0, 0.368908203, 0.110488672, -0.113478564, -0.566085692, 0.470131326, -0.677092916, 0.298339844, -0.648803711, -0.699951172, -0.768459896, -0.598177744, 0.226976709, 3, 3, 1, 
957.54068, 0.1, 0.1, -0.0313853623, 0.292676289, -0.0199651269, 0.440887753, 3.59308683e-005, -0.897562247, 0.897562247, 2.75242424e-005, 0.440887754, 4.05462007e-005, -0.999999999, -2.01150895e-005, 0.440887676, 2.85687342e-005, -0.897562286, 0.897562286, 5.50297048e-006, 0.440887676, 1.75348616e-005, -1, -2.32160265e-005, 0, 0, 0, 0, 0, 0, 0, 0.346533374, 0.0804144287, -0.134205737, -0.36776009, 0.905217649, -0.212272932, -0.821899414, -0.209716797, 0.529541016, 0.434955692, 0.369286953, 0.821272127, 0, 0, 0, 0, 0, 0, 0, 0.368908203, 0.110488672, -0.113478564, -0.564514034, 0.470406212, -0.678230373, 0.298828125, -0.649414063, -0.69909668, -0.769399393, -0.597289653, 0.226120701, 3, 3, 1, 
957.541467, 0.1, 0.1, -0.031385365, 0.292676293, -0.0199646898, 0.44088771, -2.9334072e-005, -0.897562269, 0.897562269, -2.10925825e-005, 0.440887711, -3.18649381e-005, -0.999999999, 1.70296958e-005, 0.440887779, -3.40192926e-005, -0.897562235, 0.897562235, 1.34976629e-006, 0.440887779, -1.37871911e-005, -0.999999999, 3.11295278e-005, 0, 0, 0, 0, 0, 0, 0, 0.346787256, 0.0804123535, -0.133817603, -0.36776009, 0.905217649, -0.212272932, -0.821899414, -0.209716797, 0.529541016, 0.434955692, 0.369286953, 0.821272127, 0, 0, 0, 0, 0, 0, 0, 0.368992432, 0.110302295, -0.113125342, -0.564514034, 0.470406212, -0.678230373, 0.298828125, -0.649414063, -0.69909668, -0.769399393, -0.597289653, 0.226120701, 3, 3, 1, 
957.542252, 0.1, 0.1, -0.0313853635, 0.292676293, -0.0199646445, 0.44088703, 4.29122365e-006, -0.897562603, 0.897562602, 4.73274846e-005, 0.44088703, 4.43713252e-005, -0.999999999, 1.70144323e-005, 0.440887215, 1.83047424e-005, -0.897562512, 0.897562512, 2.04543096e-005, 0.440887215, 2.64293485e-005, -1, -7.41160697e-006, 0, 0, 0, 0, 0, 0, 0, 0.346787256, 0.0804123535, -0.133817603, -0.36776009, 0.905217649, -0.212272932, -0.821899414, -0.209716797, 0.529541016, 0.434955692, 0.369286953, 0.821272127, 0, 0, 0, 0, 0, 0, 0, 0.368992432, 0.110302295, -0.113125342, -0.564514034, 0.470406212, -0.678230373, 0.298828125, -0.649414063, -0.69909668, -0.769399393, -0.597289653, 0.226120701, 3, 3, 1, 
