time, realDorsalTactorPos, realVentralTactorPos, boxPosX, boxPosY, boxPosZ, boxLocalRot_11, boxLocalRot_12, boxLocalRot_13, boxLocalRot_21, boxLocalRot_22, boxLocalRot_23, boxLocalRot_31, boxLocalRot_32, boxLocalRot_33, boxGlobalRot_11, boxGlobalRot_12, boxGlobalRot_13, boxGlobalRot_21, boxGlobalRot_22, boxGlobalRot_23, boxGlobalRot_31, boxGlobalRot_32, boxGlobalRot_33, indexForceX, indexForceY, indexForceZ, indexForceGlobalX, indexForceGlobalY, indexForceGlobalZ, indexContact, indexPosX, indexPosY, indexPosZ, indexRot_11, indexRot_12, indexRot_13, indexRot_21, indexRot_22, indexRot_23, indexRot_31, indexRot_32, indexRot_33, thumbForceX, thumbForceY, thumbForceZ, thumbForceGlobalX, thumbForceGlobalY, thumbForceGlobalZ, thumbContact, thumbPosX, thumbPosY, thumbPosZ, thumbRot_11, thumbRot_12, thumbRot_13, thumbRot_21, thumbRot_22, thumbRot_23, thumbRot_31, thumbRot_32, thumbRot_33, mapping, trialSuccess, 
170.15896, 0.1, 0.1, -0.0281133341, 0.270766287, -0.0199630912, 0.697071189, -0.717001921, 4.25005624e-005, 0.717001923, 0.697071189, -3.10321601e-005, -7.3757991e-006, 5.21046097e-005, 0.999999999, 0.697072321, -0.717000822, 4.02512236e-005, 0.717000822, 0.697072322, 1.91808333e-005, -4.18106871e-005, 1.54897323e-005, 0.999999999, 0, 0, 0, 0, 0, 0, 0, -0.042802832, 0.238884644, -0.223175879, -0.329413197, 0.92637648, -0.182113894, -0.340454102, 0.0633544922, 0.938110352, 0.880734252, 0.371002992, 0.294566666, 0, 0, 0, 0, 0, 0, 0, 0.0154068359, 0.269057227, -0.206400293, -0.373378049, 0.681420815, -0.6293233, 0.396484375, -0.49597168, -0.772460937, -0.838544141, -0.537920084, -0.0850469215, 2, 1, 
170.206843, 0.1, 0.1, -0.0281454486, 0.270803585, -0.0199868701, 0.697150639, -0.716924673, -1.32848341e-005, 0.716924673, 0.697150637, 4.98692773e-005, -2.64909847e-005, -4.42906239e-005, 0.999999999, 0.69715056, -0.71692475, -1.09957433e-005, 0.716924747, 0.697150556, 9.32767135e-005, -5.92066959e-005, -7.29110335e-005, 0.999999996, 0, 0, 0, 0, 0, 0, 0, -0.0441538818, 0.237389453, -0.218745532, -0.330050861, 0.927910534, -0.173046989, -0.321166992, 0.0620117187, 0.944946289, 0.887632805, 0.36742304, 0.277681617, 0, 0, 0, 0, 0, 0, 0, 0.0136444824, 0.267449756, -0.202722852, -0.386508378, 0.684672772, -0.61789076, 0.383911133, -0.489624023, -0.782714844, -0.838574025, -0.539664915, -0.0735349255, 2, 1, 
170.207709, 0.1, 0.1, -0.0281457513, 0.270803953, -0.0199698173, 0.697150742, -0.716924572, 1.78253507e-005, 0.716924569, 0.697150736, -0.000114502101, 6.96624133e-005, 9.26046564e-005, 0.999999993, 0.697150744, -0.716924571, 1.27795505e-005, 0.716924567, 0.697150738, -0.000114231048, 7.29857721e-005, 8.87982338e-005, 0.999999993, 0, 0, 0, 0, 0, 0, 0, -0.0444110596, 0.237382617, -0.218501782, -0.330736073, 0.927745783, -0.172552737, -0.319580078, 0.0618896484, 0.945556641, 0.887988516, 0.367943502, 0.276120232, 0, 0, 0, 0, 0, 0, 0, 0.0135980957, 0.267446338, -0.202442969, -0.387262307, 0.684698292, -0.61721339, 0.383300781, -0.489135742, -0.783325195, -0.83840778, -0.539907719, -0.0729727602, 2, 1, 
170.208505, 0.1, 0.1, -0.0281460182, 0.27080426, -0.0199538946, 0.697150597, -0.716924713, -2.34788991e-005, 0.716924713, 0.697150594, 7.96009378e-005, -4.06995511e-005, -7.23264443e-005, 0.999999997, 0.697150683, -0.71692463, -3.01315681e-006, 0.71692463, 0.697150682, 5.17147789e-005, -3.49749744e-005, -3.82131997e-005, 0.999999999, 0, 0, 0, 0, 0, 0, 0, -0.0444110596, 0.237382617, -0.218501782, -0.330736073, 0.927745783, -0.172552737, -0.319580078, 0.0618896484, 0.945556641, 0.887988516, 0.367943502, 0.276120232, 0, 0, 0, 0, 0, 0, 0, 0.0135980957, 0.267446338, -0.202442969, -0.387262307, 0.684698292, -0.61721339, 0.383300781, -0.489135742, -0.783325195, -0.83840778, -0.539907719, -0.0729727602, 2, 1, 
170.209328, 0.1, 0.1, -0.0281462691, 0.270804561, -0.0199430853, 0.697149766, -0.716925522, -3.16727468e-007, 0.716925518, 0.697149763, -9.74720749e-005, 7.01010247e-005, 6.77255642e-005, 0.999999995, 0.697150018, -0.716925275, -4.86483107e-005, 0.716925273, 0.69715002, -4.95679864e-005, 6.94517131e-005, -3.20880879e-007, 0.999999998, 0, 0, 0, 0, 0, 0, 0, -0.0444110596, 0.237382617, -0.218501782, -0.330736073, 0.927745783, -0.172552737, -0.319580078, 0.0618896484, 0.945556641, 0.887988516, 0.367943502, 0.276120232, 0, 0, 0, 0, 0, 0, 0, 0.0135980957, 0.267446338, -0.202442969, -0.387262307, 0.684698292, -0.61721339, 0.383300781, -0.489135742, -0.783325195, -0.83840778, -0.539907719, -0.0729727602, 2, 1, 
170.210163, 0.1, 0.1, -0.0281465513, 0.270804869, -0.0199400185, 0.697147882, -0.716927348, 9.41492211e-005, 0.716927346, 0.697147888, 5.40119668e-005, -0.000104358587, 2.9843823e-005, 0.999999994, 0.697148316, -0.716926921, 0.00012431235, 0.716926926, 0.697148322, 1.16310577e-005, -9.50027648e-005, 8.10142988e-005, 0.999999992, 0, 0, 0, 0, 0, 0, 0, -0.0444110596, 0.237382617, -0.218501782, -0.330736073, 0.927745783, -0.172552737, -0.319580078, 0.0618896484, 0.945556641, 0.887988516, 0.367943502, 0.276120232, 0, 0, 0, 0, 0, 0, 0, 0.0135351074, 0.26722627, -0.202159668, -0.388259039, 0.684857973, -0.616561539, 0.38269043, -0.488769531, -0.783935547, -0.838267056, -0.540259164, -0.0721677917, 2, 1, 
170.210958, 0.1, 0.1, -0.0281467828, 0.270805134, -0.0199456619, 0.69714509, -0.716930063, -9.32477824e-005, 0.716930068, 0.697145091, 2.73030103e-005, 4.54328848e-005, -8.58862985e-005, 0.999999995, 0.697145696, -0.716929472, -0.000100176663, 0.716929478, 0.697145695, 5.19920957e-005, 3.25630637e-005, -0.000108065669, 0.999999994, 0, 0, 0, 0, 0, 0, 0, -0.0444110596, 0.237382617, -0.218501782, -0.330736073, 0.927745783, -0.172552737, -0.319580078, 0.0618896484, 0.945556641, 0.887988516, 0.367943502, 0.276120232, 0, 0, 0, 0, 0, 0, 0, 0.0135351074, 0.26722627, -0.202159668, -0.388259039, 0.684857973, -0.616561539, 0.38269043, -0.488769531, -0.783935547, -0.838267056, -0.540259164, -0.0721677917, 2, 1, 
170.211764, 0.1, 0.1, -0.0281470255, 0.270805408, -0.0199572111, 0.697141904, -0.716933161, 8.93263853e-005, 0.716933165, 0.697141905, -1.59866546e-005, -5.08118036e-005, 7.5186015e-005, 0.999999996, 0.697142539, -0.716932545, 8.30359121e-005, 0.716932548, 0.69714254, -1.86826504e-005, -4.44936666e-005, 7.25556184e-005, 0.999999996, 0, 0, 0, 0, 0, 0, 0, -0.0444110596, 0.237382617, -0.218501782, -0.330736073, 0.927745783, -0.172552737, -0.319580078, 0.0618896484, 0.945556641, 0.887988516, 0.367943502, 0.276120232, 0, 0, 0, 0, 0, 0, 0, 0.0135351074, 0.26722627, -0.202159668, -0.388259039, 0.684857973, -0.616561539, 0.38269043, -0.488769531, -0.783935547, -0.838267056, -0.540259164, -0.0721677917, 2, 1, 
170.212617, 0.1, 0.1, -0.0281472696, 0.270805691, -0.0199702983, 0.697138591, -0.716936385, -6.48745756e-005, 0.716936387, 0.697138592, 6.84347707e-006, 4.03202326e-005, -5.12817958e-005, 0.999999998, 0.697139156, -0.716935837, -5.03790728e-005, 0.716935838, 0.697139157, 3.01626365e-006, 3.29587568e-005, -3.82213183e-005, 0.999999999, 0, 0, 0, 0, 0, 0, 0, -0.0446770264, 0.237146436, -0.218044312, -0.331580045, 0.927460465, -0.172261427, -0.318237305, 0.0618896484, 0.945922852, 0.888122188, 0.368483059, 0.274838174, 0, 0, 0, 0, 0, 0, 0, 0.0135351074, 0.26722627, -0.202159668, -0.388259039, 0.684857973, -0.616561539, 0.38269043, -0.488769531, -0.783935547, -0.838267056, -0.540259164, -0.0721677917, 2, 1, 
170.21341, 0.1, 0.1, -0.0281474799, 0.270805935, -0.0199792248, 0.697136069, -0.716938839, 4.42971128e-005, 0.716938839, 0.69713607, 3.28867816e-006, -3.32388962e-005, 2.94656644e-005, 0.999999999, 0.697136517, -0.716938405, 1.01123292e-005, 0.716938405, 0.697136517, 1.31889349e-005, -1.65053279e-005, -1.94457099e-006, 1, 0, 0, 0, 0, 0, 0, 0, -0.0446770264, 0.237146436, -0.218044312, -0.331580045, 0.927460465, -0.172261427, -0.318237305, 0.0618896484, 0.945922852, 0.888122188, 0.368483059, 0.274838174, 0, 0, 0, 0, 0, 0, 0, 0.0135351074, 0.26722627, -0.202159668, -0.388259039, 0.684857973, -0.616561539, 0.38269043, -0.488769531, -0.783935547, -0.838267056, -0.540259164, -0.0721677917, 2, 1, 
170.214214, 0.1, 0.1, -0.0281477073, 0.270806184, -0.01998279, 0.697134092, -0.716940761, 5.21112444e-005, 0.716940763, 0.697134091, -3.20316996e-005, -1.33636939e-005, 5.96910651e-005, 0.999999998, 0.697134482, -0.71694038, 7.13726485e-005, 0.716940383, 0.697134482, -2.78993974e-005, -2.97541298e-005, 7.06195659e-005, 0.999999997, 0, 0, 0, 0, 0, 0, 0, -0.0446770264, 0.237146436, -0.218044312, -0.331580045, 0.927460465, -0.172261427, -0.318237305, 0.0618896484, 0.945922852, 0.888122188, 0.368483059, 0.274838174, 0, 0, 0, 0, 0, 0, 0, 0.0135351074, 0.26722627, -0.202159668, -0.388259039, 0.684857973, -0.616561539, 0.38269043, -0.488769531, -0.783935547, -0.838267056, -0.540259164, -0.0721677917, 2, 1, 
170.215072, 0.1, 0.1, -0.0281479251, 0.270806444, -0.019979314, 0.697132578, -0.716942234, -4.92730606e-005, 0.716942235, 0.697132578, 2.08541176e-005, 1.93986581e-005, -4.98640229e-005, 0.999999999, 0.697132789, -0.716942028, -4.79646703e-005, 0.716942029, 0.69713279, 6.32213002e-006, 2.89051437e-005, -3.87952522e-005, 0.999999999, 0, 0, 0, 0, 0, 0, 0, -0.0447123047, 0.236916357, -0.217805322, -0.332284354, 0.927295714, -0.171868646, -0.316894531, 0.0618896484, 0.946411133, 0.888357331, 0.369003521, 0.273416452, 0, 0, 0, 0, 0, 0, 0, 0.013248877, 0.267221143, -0.201878076, -0.389255772, 0.684896252, -0.615896929, 0.382080078, -0.48828125, -0.784545898, -0.838126331, -0.540623368, -0.0714842247, 2, 1, 
170.215865, 0.1, 0.1, -0.0281481294, 0.270806671, -0.0199715414, 0.69713186, -0.716942932, 4.45361957e-005, 0.716942932, 0.697131861, -1.95367233e-006, -2.96469294e-005, 3.3291878e-005, 0.999999999, 0.697131957, -0.716942839, 2.57100658e-005, 0.716942838, 0.697131957, 2.79092527e-005, -3.79326473e-005, -1.02378441e-006, 0.999999999, 0, 0, 0, 0, 0, 0, 0, -0.0447123047, 0.236916357, -0.217805322, -0.332284354, 0.927295714, -0.171868646, -0.316894531, 0.0618896484, 0.946411133, 0.888357331, 0.369003521, 0.273416452, 0, 0, 0, 0, 0, 0, 0, 0.013248877, 0.267221143, -0.201878076, -0.389255772, 0.684896252, -0.615896929, 0.382080078, -0.48828125, -0.784545898, -0.838126331, -0.540623368, -0.0714842247, 2, 1, 
170.216673, 0.1, 0.1, -0.0281483324, 0.270806911, -0.0199623684, 0.697131775, -0.716943016, -1.49951082e-005, 0.716943015, 0.697131775, -1.7185701e-005, 2.27747348e-005, 1.23006014e-006, 1, 0.697131748, -0.716943042, 2.01103184e-006, 0.716943042, 0.697131747, -5.06069568e-005, 3.48803514e-005, 3.67215115e-005, 0.999999999, 0, 0, 0, 0, 0, 0, 0, -0.0447123047, 0.236916357, -0.217805322, -0.332284354, 0.927295714, -0.171868646, -0.316894531, 0.0618896484, 0.946411133, 0.888357331, 0.369003521, 0.273416452, 0, 0, 0, 0, 0, 0, 0, 0.013248877, 0.267221143, -0.201878076, -0.389255772, 0.684896252, -0.615896929, 0.382080078, -0.48828125, -0.784545898, -0.838126331, -0.540623368, -0.0714842247, 2, 1, 
170.217521, 0.1, 0.1, -0.0281485214, 0.270807129, -0.0199540476, 0.697131863, -0.716942929, -4.55223858e-005, 0.716942931, 0.697131862, 3.21770843e-005, 8.66597252e-006, -5.50686234e-005, 0.999999998, 0.697131882, -0.716942909, -6.32524219e-005, 0.716942912, 0.69713188, 5.39991462e-005, 5.3809748e-006, -8.2992902e-005, 0.999999997, 0, 0, 0, 0, 0, 0, 0, -0.0447123047, 0.236916357, -0.217805322, -0.332284354, 0.927295714, -0.171868646, -0.316894531, 0.0618896484, 0.946411133, 0.888357331, 0.369003521, 0.273416452, 0, 0, 0, 0, 0, 0, 0, 0.013248877, 0.267221143, -0.201878076, -0.389255772, 0.684896252, -0.615896929, 0.382080078, -0.48828125, -0.784545898, -0.838126331, -0.540623368, -0.0714842247, 2, 1, 
170.21831, 0.1, 0.1, -0.0281487139, 0.270807352, -0.0199506299, 0.69713193, -0.716942863, 6.25706998e-005, 0.716942865, 0.697131926, -7.27427478e-005, 8.53236134e-006, 9.5570909e-005, 0.999999995, 0.697131902, -0.71694289, 5.55786959e-005, 0.716942892, 0.697131897, -8.5033939e-005, 2.22187963e-005, 9.91266226e-005, 0.999999995, 0, 0, 0, 0, 0, 0, 0, -0.0447123047, 0.236916357, -0.217805322, -0.332284354, 0.927295714, -0.171868646, -0.316894531, 0.0618896484, 0.946411133, 0.888357331, 0.369003521, 0.273416452, 0, 0, 0, 0, 0, 0, 0, 0.013248877, 0.267221143, -0.201878076, -0.389255772, 0.684896252, -0.615896929, 0.382080078, -0.48828125, -0.784545898, -0.838126331, -0.540623368, -0.0714842247, 2, 1, 
170.219126, 0.1, 0.1, -0.0281489006, 0.270807565, -0.0199524637, 0.697131584, -0.716943197, -8.48075921e-005, 0.7169432, 0.697131585, 2.36112239e-005, 4.21941448e-005, -7.72623564e-005, 0.999999996, 0.697131767, -0.716943022, -4.03697868e-005, 0.716943023, 0.697131766, 4.24578943e-005, -2.29683028e-006, -5.85415839e-005, 0.999999998, 0, 0, 0, 0, 0, 0, 0, -0.0447123047, 0.236916357, -0.217805322, -0.332284354, 0.927295714, -0.171868646, -0.316894531, 0.0618896484, 0.946411133, 0.888357331, 0.369003521, 0.273416452, 0, 0, 0, 0, 0, 0, 0, 0.013248877, 0.267221143, -0.201878076, -0.389255772, 0.684896252, -0.615896929, 0.382080078, -0.48828125, -0.784545898, -0.838126331, -0.540623368, -0.0714842247, 2, 1, 
170.219971, 0.1, 0.1, -0.028149083, 0.270807792, -0.0199576186, 0.697130504, -0.71694425, 5.23548004e-005, 0.716944252, 0.697130503, -3.20021531e-005, -1.35543687e-005, 5.98451503e-005, 0.999999998, 0.697130758, -0.716944005, 4.04070488e-007, 0.716944005, 0.697130757, -4.18697442e-005, 2.97365721e-005, 2.94783824e-005, 0.999999999, 0, 0, 0, 0, 0, 0, 0, -0.0449769287, 0.236903418, -0.217347119, -0.33310923, 0.927010396, -0.171533153, -0.315185547, 0.0620117187, 0.947021484, 0.888611571, 0.369543079, 0.271633028, 0, 0, 0, 0, 0, 0, 0, 0.0131709961, 0.266982764, -0.201584766, -0.390508067, 0.68482589, -0.615136436, 0.381347656, -0.487792969, -0.78515625, -0.837889724, -0.541121735, -0.0705450948, 2, 1, 
170.220767, 0.1, 0.1, -0.0281492754, 0.270807998, -0.0199647148, 0.697129099, -0.716945618, -2.1715018e-006, 0.716945618, 0.697129099, 2.25697429e-005, -1.46674612e-005, -1.72908732e-005, 1, 0.697129391, -0.716945332, 4.56119144e-005, 0.716945333, 0.697129392, 1.26846268e-005, -4.08915902e-005, 2.3858423e-005, 0.999999999, 0, 0, 0, 0, 0, 0, 0, -0.0449769287, 0.236903418, -0.217347119, -0.33310923, 0.927010396, -0.171533153, -0.315185547, 0.0620117187, 0.947021484, 0.888611571, 0.369543079, 0.271633028, 0, 0, 0, 0, 0, 0, 0, 0.0131709961, 0.266982764, -0.201584766, -0.390508067, 0.68482589, -0.615136436, 0.381347656, -0.487792969, -0.78515625, -0.837889724, -0.541121735, -0.0705450948, 2, 1, 
170.221607, 0.1, 0.1, -0.0281494459, 0.270808213, -0.0199715783, 0.697127315, -0.716947351, -5.08986906e-005, 0.716947351, 0.697127317, -1.81280167e-005, 4.84797011e-005, -2.38541457e-005, 0.999999999, 0.697127711, -0.716946964, -7.66038525e-005, 0.716946965, 0.697127713, -1.00768568e-005, 6.06272404e-005, -4.78960435e-005, 0.999999997, 0, 0, 0, 0, 0, 0, 0, -0.0449769287, 0.236903418, -0.217347119, -0.33310923, 0.927010396, -0.171533153, -0.315185547, 0.0620117187, 0.947021484, 0.888611571, 0.369543079, 0.271633028, 0, 0, 0, 0, 0, 0, 0, 0.0131709961, 0.266982764, -0.201584766, -0.390508067, 0.68482589, -0.615136436, 0.381347656, -0.487792969, -0.78515625, -0.837889724, -0.541121735, -0.0705450948, 2, 1, 
170.222412, 0.1, 0.1, -0.028149629, 0.270808418, -0.0199750172, 0.697125523, -0.716949094, 3.7204503e-005, 0.716949095, 0.697125523, 7.99345951e-006, -3.16671122e-005, 2.11012901e-005, 0.999999999, 0.697125882, -0.716948744, 4.51398849e-005, 0.716948745, 0.697125883, 9.58345183e-007, -3.21552665e-005, 3.16948966e-005, 0.999999999, 0, 0, 0, 0, 0, 0, 0, -0.0449769287, 0.236903418, -0.217347119, -0.33310923, 0.927010396, -0.171533153, -0.315185547, 0.0620117187, 0.947021484, 0.888611571, 0.369543079, 0.271633028, 0, 0, 0, 0, 0, 0, 0, 0.0131709961, 0.266982764, -0.201584766, -0.390508067, 0.68482589, -0.615136436, 0.381347656, -0.487792969, -0.78515625, -0.837889724, -0.541121735, -0.0705450948, 2, 1, 
170.223201, 0.1, 0.1, -0.0281497932, 0.270808614, -0.0199749703, 0.697123665, -0.7169509, -6.19167931e-005, 0.716950901, 0.697123666, -4.37509657e-006, 4.63003912e-005, -4.13413172e-005, 0.999999998, 0.697124036, -0.716950539, -6.02129837e-005, 0.71695054, 0.697124037, 3.65167302e-006, 3.93578493e-005, -4.57154002e-005, 0.999999998, 0, 0, 0, 0, 0, 0, 0, -0.0449769287, 0.236903418, -0.217347119, -0.33310923, 0.927010396, -0.171533153, -0.315185547, 0.0620117187, 0.947021484, 0.888611571, 0.369543079, 0.271633028, 0, 0, 0, 0, 0, 0, 0, 0.0131709961, 0.266982764, -0.201584766, -0.390508067, 0.68482589, -0.615136436, 0.381347656, -0.487792969, -0.78515625, -0.837889724, -0.541121735, -0.0705450948, 2, 1, 
170.224032, 0.1, 0.1, -0.0281499748, 0.270808822, -0.0199714411, 0.697121679, -0.716952829, 7.11314572e-005, 0.716952831, 0.697121681, 1.16214916e-006, -5.04204872e-005, 5.01877403e-005, 0.999999997, 0.697122132, -0.716952391, 5.00444669e-005, 0.716952392, 0.697122132, -1.00861359e-005, -2.76558263e-005, 4.29107688e-005, 0.999999999, 0, 0, 0, 0, 0, 0, 0, -0.0449769287, 0.236903418, -0.217347119, -0.33310923, 0.927010396, -0.171533153, -0.315185547, 0.0620117187, 0.947021484, 0.888611571, 0.369543079, 0.271633028, 0, 0, 0, 0, 0, 0, 0, 0.0131709961, 0.266982764, -0.201584766, -0.390508067, 0.68482589, -0.615136436, 0.381347656, -0.487792969, -0.78515625, -0.837889724, -0.541121735, -0.0705450948, 2, 1, 
170.224866, 0.1, 0.1, -0.0281501563, 0.270809021, -0.0199651697, 0.697119556, -0.716954894, -6.2282184e-005, 0.716954896, 0.697119557, 1.17580838e-005, 3.49881128e-005, -5.28503069e-005, 0.999999998, 0.697119982, -0.716954483, -1.96436551e-005, 0.716954483, 0.697119981, 2.5800593e-005, -4.80386636e-006, -3.20697156e-005, 0.999999999, 0, 0, 0, 0, 0, 0, 0, -0.045012207, 0.236668579, -0.217133887, -0.333813538, 0.926744174, -0.171641737, -0.313842773, 0.0623779297, 0.947387695, 0.888846714, 0.370203204, 0.270167123, 0, 0, 0, 0, 0, 0, 0, 0.0129013672, 0.266971045, -0.201319775, -0.391261996, 0.684730008, -0.614714629, 0.380737305, -0.487670898, -0.785522461, -0.83772348, -0.541377298, -0.0698870475, 2, 1, 
170.225654, 0.1, 0.1, -0.0281503104, 0.270809217, -0.0199597994, 0.69711742, -0.716956974, 2.30054541e-005, 0.716956974, 0.697117419, -3.80792877e-005, 1.12637081e-005, 4.30396555e-005, 0.999999999, 0.697117834, -0.716956571, -3.27148263e-005, 0.71695657, 0.697117835, -3.20545746e-005, 4.57878268e-005, -1.10929398e-006, 0.999999999, 0, 0, 0, 0, 0, 0, 0, -0.045012207, 0.236668579, -0.217133887, -0.333813538, 0.926744174, -0.171641737, -0.313842773, 0.0623779297, 0.947387695, 0.888846714, 0.370203204, 0.270167123, 0, 0, 0, 0, 0, 0, 0, 0.0129013672, 0.266971045, -0.201319775, -0.391261996, 0.684730008, -0.614714629, 0.380737305, -0.487670898, -0.785522461, -0.83772348, -0.541377298, -0.0698870475, 2, 1, 
170.226547, 0.1, 0.1, -0.0281505172, 0.270809427, -0.0199556096, 0.697114686, -0.716959632, 4.25039866e-005, 0.71695963, 0.697114687, 3.84406312e-005, -5.71905341e-005, 3.67611401e-006, 0.999999998, 0.697115305, -0.716959025, 9.41741911e-005, 0.716959026, 0.697115309, 2.59639868e-005, -8.42653851e-005, 4.94191437e-005, 0.999999995, 0, 0, 0, 0, 0, 0, 0, -0.045012207, 0.236668579, -0.217133887, -0.33465751, 0.926598519, -0.171610659, -0.31262207, 0.0626220703, 0.947875977, 0.888980386, 0.370844233, 0.26880269, 0, 0, 0, 0, 0, 0, 0, 0.0129013672, 0.266971045, -0.201319775, -0.391261996, 0.684730008, -0.614714629, 0.380737305, -0.487670898, -0.785522461, -0.83772348, -0.541377298, -0.0698870475, 2, 1, 
170.227355, 0.1, 0.1, -0.0281506623, 0.270809614, -0.0199543392, 0.69711192, -0.716962314, -0.000105032251, 0.716962316, 0.697111926, -1.76696854e-005, 8.58877331e-005, -6.29864175e-005, 0.999999994, 0.697112469, -0.716961777, -0.000123200928, 0.716961782, 0.697112475, -7.17146122e-007, 8.63990705e-005, -8.78304257e-005, 0.999999992, 0, 0, 0, 0, 0, 0, 0, -0.0452781738, 0.236439844, -0.216689966, -0.33465751, 0.926598519, -0.171610659, -0.31262207, 0.0626220703, 0.947875977, 0.888980386, 0.370844233, 0.26880269, 0, 0, 0, 0, 0, 0, 0, 0.0128532715, 0.266744385, -0.201046484, -0.392003166, 0.684755528, -0.61417142, 0.380126953, -0.487304688, -0.786010742, -0.837678638, -0.541620101, -0.0692162404, 2, 1, 
170.228156, 0.1, 0.1, -0.0281508333, 0.270809807, -0.0199567824, 0.697108972, -0.716965181, 0.000104423866, 0.716965185, 0.697108975, -9.80071271e-006, -6.57680444e-005, 8.17004412e-005, 0.999999994, 0.697109575, -0.716964596, 9.4494257e-005, 0.716964601, 0.697109576, -2.21098336e-005, -5.00208835e-005, 8.3162014e-005, 0.999999995, 0, 0, 0, 0, 0, 0, 0, -0.0452781738, 0.236439844, -0.216689966, -0.33465751, 0.926598519, -0.171610659, -0.31262207, 0.0626220703, 0.947875977, 0.888980386, 0.370844233, 0.26880269, 0, 0, 0, 0, 0, 0, 0, 0.0128532715, 0.266744385, -0.201046484, -0.392003166, 0.684755528, -0.61417142, 0.380126953, -0.487304688, -0.786010742, -0.837678638, -0.541620101, -0.0692162404, 2, 1, 
170.229004, 0.1, 0.1, -0.0281510021, 0.27081, -0.0199619207, 0.697105648, -0.716968415, -8.90451345e-005, 0.716968417, 0.697105651, -1.61652846e-006, 6.32328663e-005, -6.2715658e-005, 0.999999996, 0.697106358, -0.716967728, -5.7689704e-005, 0.716967729, 0.697106358, 1.0676671e-005, 3.25610309e-005, -4.88044313e-005, 0.999999998, 0, 0, 0, 0, 0, 0, 0, -0.0452781738, 0.236439844, -0.216689966, -0.33465751, 0.926598519, -0.171610659, -0.31262207, 0.0626220703, 0.947875977, 0.888980386, 0.370844233, 0.26880269, 0, 0, 0, 0, 0, 0, 0, 0.0128532715, 0.266744385, -0.201046484, -0.392003166, 0.684755528, -0.61417142, 0.380126953, -0.487304688, -0.786010742, -0.837678638, -0.541620101, -0.0692162404, 2, 1, 
170.229834, 0.1, 0.1, -0.0281511569, 0.270810193, -0.0199669139, 0.697102395, -0.716971582, 3.85442727e-005, 0.716971583, 0.697102395, -1.36555676e-005, -1.70786509e-005, 3.71544771e-005, 0.999999999, 0.697103022, -0.716970973, -4.56151356e-006, 0.716970973, 0.697103022, -2.70930066e-005, 2.26047442e-005, 1.5616144e-005, 1, 0, 0, 0, 0, 0, 0, 0, -0.0452781738, 0.236439844, -0.216689966, -0.33465751, 0.926598519, -0.171610659, -0.31262207, 0.0626220703, 0.947875977, 0.888980386, 0.370844233, 0.26880269, 0, 0, 0, 0, 0, 0, 0, 0.0128532715, 0.266744385, -0.201046484, -0.392003166, 0.684755528, -0.61417142, 0.380126953, -0.487304688, -0.786010742, -0.837678638, -0.541620101, -0.0692162404, 2, 1, 
170.230626, 0.1, 0.1, -0.0281513228, 0.270810367, -0.0199706231, 0.697099261, -0.71697463, 2.19602297e-006, 0.71697463, 0.69709926, 4.06335779e-005, -3.06640905e-005, -2.67511443e-005, 0.999999999, 0.697099873, -0.716974034, 3.98940095e-005, 0.716974033, 0.697099875, 3.3278812e-005, -5.16701532e-005, 5.40431325e-006, 0.999999999, 0, 0, 0, 0, 0, 0, 0, -0.0452781738, 0.236439844, -0.216689966, -0.33465751, 0.926598519, -0.171610659, -0.31262207, 0.0626220703, 0.947875977, 0.888980386, 0.370844233, 0.26880269, 0, 0, 0, 0, 0, 0, 0, 0.0128532715, 0.266744385, -0.201046484, -0.392003166, 0.684755528, -0.61417142, 0.380126953, -0.487304688, -0.786010742, -0.837678638, -0.541620101, -0.0692162404, 2, 1, 
170.231499, 0.1, 0.1, -0.0281514803, 0.270810557, -0.0199719236, 0.697095801, -0.716977994, -2.23521819e-005, 0.716977994, 0.697095801, -5.55968887e-006, 1.95677867e-005, -1.21503868e-005, 1, 0.697096479, -0.716977334, -4.89731076e-005, 0.716977335, 0.697096479, 4.22933102e-006, 3.11066464e-005, -3.80608599e-005, 0.999999999, 0, 0, 0, 0, 0, 0, 0, -0.0453060059, 0.236203662, -0.216486865, -0.335222155, 0.926313201, -0.171897099, -0.311035156, 0.0633544922, 0.948242188, 0.889317001, 0.371383791, 0.266994178, 0, 0, 0, 0, 0, 0, 0, 0.0128532715, 0.266744385, -0.201046484, -0.392744335, 0.684768287, -0.613640971, 0.379394531, -0.487182617, -0.786499023, -0.837633795, -0.541741502, -0.0684240317, 2, 1, 
170.232289, 0.1, 0.1, -0.0281516377, 0.270810737, -0.0199702985, 0.697092991, -0.716980726, 1.02840318e-005, 0.716980726, 0.69709299, -3.59210769e-005, 1.85857933e-005, 3.24137836e-005, 0.999999999, 0.697093511, -0.71698022, 3.42157151e-005, 0.71698022, 0.697093511, -3.182475e-005, -1.03383673e-006, 4.67168177e-005, 0.999999999, 0, 0, 0, 0, 0, 0, 0, -0.0453060059, 0.236203662, -0.216486865, -0.335222155, 0.926313201, -0.171897099, -0.311035156, 0.0633544922, 0.948242188, 0.889317001, 0.371383791, 0.266994178, 0, 0, 0, 0, 0, 0, 0, 0.0125819336, 0.266519434, -0.200771484, -0.392744335, 0.684768287, -0.613640971, 0.379394531, -0.487182617, -0.786499023, -0.837633795, -0.541741502, -0.0684240317, 2, 1, 
170.23308, 0.1, 0.1, -0.0281517807, 0.270810904, -0.0199672332, 0.697090956, -0.716982705, -1.80669046e-005, 0.716982704, 0.697090954, 5.47219955e-005, -2.66404486e-005, -5.10998663e-005, 0.999999998, 0.697091295, -0.716982374, -3.02382667e-005, 0.716982375, 0.697091294, 4.96577181e-005, -1.45248762e-005, -5.62962673e-005, 0.999999998, 0, 0, 0, 0, 0, 0, 0, -0.0453060059, 0.236203662, -0.216486865, -0.335222155, 0.926313201, -0.171897099, -0.311035156, 0.0633544922, 0.948242188, 0.889317001, 0.371383791, 0.266994178, 0, 0, 0, 0, 0, 0, 0, 0.0125819336, 0.266519434, -0.200771484, -0.392744335, 0.684768287, -0.613640971, 0.379394531, -0.487182617, -0.786499023, -0.837633795, -0.541741502, -0.0684240317, 2, 1, 
170.233935, 0.1, 0.1, -0.0281519454, 0.270811094, -0.0199630281, 0.697089397, -0.716984219, 4.32165144e-005, 0.71698422, 0.697089393, -7.73982694e-005, 2.5367564e-005, 8.49390718e-005, 0.999999996, 0.697089677, -0.716983948, 3.50664171e-005, 0.716983948, 0.697089673, -7.21676581e-005, 2.72986152e-005, 7.54493877e-005, 0.999999997, 0, 0, 0, 0, 0, 0, 0, -0.0453060059, 0.236203662, -0.216486865, -0.335222155, 0.926313201, -0.171897099, -0.311035156, 0.0633544922, 0.948242188, 0.889317001, 0.371383791, 0.266994178, 0, 0, 0, 0, 0, 0, 0, 0.0125819336, 0.266519434, -0.200771484, -0.392744335, 0.684768287, -0.613640971, 0.379394531, -0.487182617, -0.786499023, -0.837633795, -0.541741502, -0.0684240317, 2, 1, 
170.234727, 0.1, 0.1, -0.0281520961, 0.270811263, -0.0199599135, 0.697087851, -0.716985723, -3.41316042e-005, 0.716985723, 0.69708785, 4.35807872e-005, -7.45407561e-006, -5.48515102e-005, 0.999999998, 0.697088216, -0.716985369, 2.54843187e-007, 0.716985369, 0.697088215, 3.45409672e-005, -2.49430163e-005, -2.38953824e-005, 0.999999999, 0, 0, 0, 0, 0, 0, 0, -0.0453060059, 0.236203662, -0.216486865, -0.335222155, 0.926313201, -0.171897099, -0.311035156, 0.0633544922, 0.948242188, 0.889317001, 0.371383791, 0.266994178, 0, 0, 0, 0, 0, 0, 0, 0.0125819336, 0.266519434, -0.200771484, -0.392744335, 0.684768287, -0.613640971, 0.379394531, -0.487182617, -0.786499023, -0.837633795, -0.541741502, -0.0684240317, 2, 1, 
170.235525, 0.1, 0.1, -0.0281522323, 0.270811428, -0.0199588448, 0.697085855, -0.716987664, 2.54525869e-005, 0.716987664, 0.697085855, -1.79034259e-005, -4.90610278e-006, 3.07294157e-005, 1, 0.697086263, -0.716987267, -2.8667714e-005, 0.716987267, 0.697086263, -6.40718734e-006, 2.45777414e-005, -1.60880237e-005, 1, 0, 0, 0, 0, 0, 0, 0, -0.0453060059, 0.236203662, -0.216486865, -0.335222155, 0.926313201, -0.171897099, -0.311035156, 0.0633544922, 0.948242188, 0.889317001, 0.371383791, 0.266994178, 0, 0, 0, 0, 0, 0, 0, 0.0125819336, 0.266519434, -0.200771484, -0.392744335, 0.684768287, -0.613640971, 0.379394531, -0.487182617, -0.786499023, -0.837633795, -0.541741502, -0.0684240317, 2, 1, 
170.236399, 0.1, 0.1, -0.0281523979, 0.27081162, -0.0199593877, 0.697083984, -0.716989483, -2.32026231e-005, 0.716989482, 0.697083984, -3.87176052e-005, 4.39342927e-005, 1.03533857e-005, 0.999999999, 0.697084265, -0.71698921, 9.6347839e-006, 0.716989209, 0.697084264, -5.3927181e-005, 3.19489506e-005, 4.44998254e-005, 0.999999998, 0, 0, 0, 0, 0, 0, 0, -0.0455570801, 0.235961377, -0.216060522, -0.335786801, 0.925907315, -0.172183539, -0.309570312, 0.0642089844, 0.948730469, 0.889653616, 0.371942444, 0.265185667, 0, 0, 0, 0, 0, 0, 0, 0.0125404297, 0.266536035, -0.200499902, -0.393351343, 0.685011091, -0.613085002, 0.378662109, -0.486816406, -0.786987305, -0.837697594, -0.541715983, -0.0678746262, 2, 1, 
170.237202, 0.1, 0.1, -0.0281525301, 0.270811774, -0.0199612414, 0.697083147, -0.716990297, -2.49340831e-005, 0.716990297, 0.697083145, 5.839262e-005, -2.44858128e-005, -5.8582007e-005, 0.999999998, 0.69708326, -0.716990186, -3.94210988e-005, 0.716990187, 0.697083257, 7.03147351e-005, -2.2935187e-005, -7.72797658e-005, 0.999999997, 0, 0, 0, 0, 0, 0, 0, -0.0455570801, 0.235961377, -0.216060522, -0.335786801, 0.925907315, -0.172183539, -0.309570312, 0.0642089844, 0.948730469, 0.889653616, 0.371942444, 0.265185667, 0, 0, 0, 0, 0, 0, 0, 0.0125404297, 0.266536035, -0.200499902, -0.393351343, 0.685011091, -0.613085002, 0.378662109, -0.486816406, -0.786987305, -0.837697594, -0.541715983, -0.0678746262, 2, 1, 
170.237999, 0.1, 0.1, -0.0281526744, 0.270811943, -0.0199643039, 0.697082687, -0.716990743, 4.05564385e-005, 0.716990744, 0.697082685, -5.03813414e-005, 7.85176434e-006, 6.41985519e-005, 0.999999998, 0.69708279, -0.716990643, 3.10485834e-005, 0.716990644, 0.697082788, -6.05231187e-005, 2.17510767e-005, 6.44511683e-005, 0.999999998, 0, 0, 0, 0, 0, 0, 0, -0.0455570801, 0.235961377, -0.216060522, -0.335786801, 0.925907315, -0.172183539, -0.309570312, 0.0642089844, 0.948730469, 0.889653616, 0.371942444, 0.265185667, 0, 0, 0, 0, 0, 0, 0, 0.0125404297, 0.266536035, -0.200499902, -0.393351343, 0.685011091, -0.613085002, 0.378662109, -0.486816406, -0.786987305, -0.837697594, -0.541715983, -0.0678746262, 2, 1, 
170.238854, 0.1, 0.1, -0.0281528251, 0.270812109, -0.0199670046, 0.697081786, -0.716991619, -4.31765696e-005, 0.716991621, 0.697081785, 3.42463125e-005, 5.54328119e-006, -5.48297193e-005, 0.999999998, 0.697082008, -0.716991405, -1.96231615e-005, 0.716991405, 0.697082006, 4.50540646e-005, -1.86244243e-005, -4.54760159e-005, 0.999999999, 0, 0, 0, 0, 0, 0, 0, -0.0455570801, 0.235961377, -0.216060522, -0.335786801, 0.925907315, -0.172183539, -0.309570312, 0.0642089844, 0.948730469, 0.889653616, 0.371942444, 0.265185667, 0, 0, 0, 0, 0, 0, 0, 0.0125404297, 0.266536035, -0.200499902, -0.393351343, 0.685011091, -0.613085002, 0.378662109, -0.486816406, -0.786987305, -0.837697594, -0.541715983, -0.0678746262, 2, 1, 
170.239654, 0.1, 0.1, -0.0281529621, 0.270812267, -0.0199685743, 0.697080606, -0.716992765, 5.49169513e-005, 0.716992767, 0.697080606, -1.98395407e-005, -2.40567345e-005, 5.32048159e-005, 0.999999998, 0.697080833, -0.716992546, 3.096282e-005, 0.716992547, 0.697080833, -1.02607714e-005, -1.42266918e-005, 2.93526982e-005, 0.999999999, 0, 0, 0, 0, 0, 0, 0, -0.0455570801, 0.235961377, -0.216060522, -0.335786801, 0.925907315, -0.172183539, -0.309570312, 0.0642089844, 0.948730469, 0.889653616, 0.371942444, 0.265185667, 0, 0, 0, 0, 0, 0, 0, 0.0125404297, 0.266536035, -0.200499902, -0.393351343, 0.685011091, -0.613085002, 0.378662109, -0.486816406, -0.786987305, -0.837697594, -0.541715983, -0.0678746262, 2, 1, 
170.240448, 0.1, 0.1, -0.0281531024, 0.270812428, -0.0199689322, 0.697079715, -0.716993634, -2.24377618e-005, 0.716993634, 0.697079715, -4.12154141e-006, 1.85960275e-005, -1.32146895e-005, 1, 0.697079838, -0.716993514, 1.98704124e-006, 0.716993513, 0.697079838, -2.9997116e-005, 2.01226113e-005, 2.23350805e-005, 1, 0, 0, 0, 0, 0, 0, 0, -0.0455570801, 0.235961377, -0.216060522, -0.335786801, 0.925907315, -0.172183539, -0.309570312, 0.0642089844, 0.948730469, 0.889653616, 0.371942444, 0.265185667, 0, 0, 0, 0, 0, 0, 0, 0.0125404297, 0.266536035, -0.200499902, -0.393351343, 0.685011091, -0.613085002, 0.378662109, -0.486816406, -0.786987305, -0.837697594, -0.541715983, -0.0678746262, 2, 1, 
170.241326, 0.1, 0.1, -0.0281532471, 0.270812588, -0.0199671551, 0.697079456, -0.716993886, 9.23793228e-006, 0.716993885, 0.697079456, 1.6758989e-005, -1.84556654e-005, -5.05880595e-006, 1, 0.697079476, -0.716993866, 3.53510585e-007, 0.716993865, 0.697079476, 4.45155673e-005, -3.21638137e-005, -3.07774235e-005, 0.999999999, 0, 0, 0, 0, 0, 0, 0, -0.0458156006, 0.23594978, -0.215856079, -0.336491109, 0.925641093, -0.172450883, -0.308105469, 0.0648193359, 0.94909668, 0.889888759, 0.37260257, 0.263497723, 0, 0, 0, 0, 0, 0, 0, 0.0124989258, 0.266329395, -0.200218311, -0.393958351, 0.685253894, -0.612420392, 0.377929688, -0.486572266, -0.787597656, -0.837761393, -0.541690463, -0.0671910593, 2, 1, 
170.24212, 0.1, 0.1, -0.0281533853, 0.270812749, -0.0199646613, 0.697079357, -0.716993981, 3.55821564e-005, 0.716993981, 0.697079357, -1.66101561e-005, -1.28942047e-005, 3.70907889e-005, 0.999999999, 0.697079382, -0.716993957, 3.35814961e-005, 0.716993958, 0.69707938, -4.64974134e-005, 9.92939597e-006, 5.6490118e-005, 0.999999998, 0, 0, 0, 0, 0, 0, 0, -0.0458156006, 0.23594978, -0.215856079, -0.336491109, 0.925641093, -0.172450883, -0.308105469, 0.0648193359, 0.94909668, 0.889888759, 0.37260257, 0.263497723, 0, 0, 0, 0, 0, 0, 0, 0.0124989258, 0.266329395, -0.200218311, -0.393958351, 0.685253894, -0.612420392, 0.377929688, -0.486572266, -0.787597656, -0.837761393, -0.541690463, -0.0671910593, 2, 1, 
170.242922, 0.1, 0.1, -0.0281535062, 0.270812891, -0.0199626792, 0.697078773, -0.716994545, -8.04210491e-005, 0.716994549, 0.697078774, 2.16048742e-005, 4.05692293e-005, -7.2721753e-005, 0.999999997, 0.697078934, -0.71699439, -7.31839215e-005, 0.716994393, 0.697078933, 3.43361033e-005, 2.63961765e-005, -7.64074356e-005, 0.999999997, 0, 0, 0, 0, 0, 0, 0, -0.0458156006, 0.23594978, -0.215856079, -0.336491109, 0.925641093, -0.172450883, -0.308105469, 0.0648193359, 0.94909668, 0.889888759, 0.37260257, 0.263497723, 0, 0, 0, 0, 0, 0, 0, 0.0124989258, 0.266329395, -0.200218311, -0.393958351, 0.685253894, -0.612420392, 0.377929688, -0.486572266, -0.787597656, -0.837761393, -0.541690463, -0.0671910593, 2, 1, 
170.243786, 0.1, 0.1, -0.0281536509, 0.270813059, -0.0199606535, 0.697077778, -0.716995514, 6.70853021e-005, 0.716995517, 0.697077776, -4.26927405e-005, -1.61531697e-005, 7.78600215e-005, 0.999999997, 0.697077941, -0.716995356, 6.01791299e-005, 0.716995358, 0.697077941, -3.38887079e-005, -1.76514977e-005, 6.67712275e-005, 0.999999998, 0, 0, 0, 0, 0, 0, 0, -0.0458386719, 0.235718359, -0.215659814, -0.336954283, 0.925457246, -0.172902074, -0.307128906, 0.0655517578, 0.949462891, 0.890085711, 0.373002464, 0.262209673, 0, 0, 0, 0, 0, 0, 0, 0.0122424805, 0.266122754, -0.199725195, -0.394443958, 0.685496697, -0.611851663, 0.377197266, -0.486328125, -0.788085937, -0.837812432, -0.541664943, -0.0667630554, 2, 1, 
170.244584, 0.1, 0.1, -0.0281537769, 0.270813212, -0.0199603182, 0.697077276, -0.716996003, -5.42806194e-005, 0.716996005, 0.697077276, 2.75115729e-005, 1.81120985e-005, -5.80966795e-005, 0.999999998, 0.6970773, -0.716995981, -4.47585247e-005, 0.716995981, 0.697077301, -6.3662475e-006, 3.57647254e-005, -2.76539157e-005, 0.999999999, 0, 0, 0, 0, 0, 0, 0, -0.0458386719, 0.235718359, -0.215659814, -0.336954283, 0.925457246, -0.172902074, -0.307128906, 0.0655517578, 0.949462891, 0.890085711, 0.373002464, 0.262209673, 0, 0, 0, 0, 0, 0, 0, 0.0122424805, 0.266122754, -0.199725195, -0.394443958, 0.685496697, -0.611851663, 0.377197266, -0.486328125, -0.788085937, -0.837812432, -0.541664943, -0.0667630554, 2, 1, 
170.24539, 0.1, 0.1, -0.0281539008, 0.27081335, -0.0199617185, 0.697077482, -0.716995805, 1.13094537e-005, 0.716995805, 0.697077481, -2.51171956e-005, 1.01253583e-005, 2.56174623e-005, 1, 0.69707741, -0.716995875, -3.69392138e-006, 0.716995875, 0.69707741, 2.75190694e-005, -1.71561101e-005, -2.1831448e-005, 1, 0, 0, 0, 0, 0, 0, 0, -0.0458386719, 0.235718359, -0.215659814, -0.336954283, 0.925457246, -0.172902074, -0.307128906, 0.0655517578, 0.949462891, 0.890085711, 0.373002464, 0.262209673, 0, 0, 0, 0, 0, 0, 0, 0.0122424805, 0.266122754, -0.199725195, -0.394443958, 0.685496697, -0.611851663, 0.377197266, -0.486328125, -0.788085937, -0.837812432, -0.541664943, -0.0667630554, 2, 1, 
170.246244, 0.1, 0.1, -0.0281540442, 0.270813513, -0.0199635601, 0.697077622, -0.716995667, 3.85346734e-005, 0.716995668, 0.697077623, 1.20382174e-005, -3.54930082e-005, 1.92376219e-005, 0.999999999, 0.697077636, -0.716995653, 5.1513508e-005, 0.716995654, 0.697077636, -1.7680027e-005, -2.32324119e-005, 4.92593128e-005, 0.999999999, 0, 0, 0, 0, 0, 0, 0, -0.0458386719, 0.235718359, -0.215659814, -0.336954283, 0.925457246, -0.172902074, -0.307128906, 0.0655517578, 0.949462891, 0.890085711, 0.373002464, 0.262209673, 0, 0, 0, 0, 0, 0, 0, 0.0122424805, 0.266122754, -0.199725195, -0.394443958, 0.685496697, -0.611851663, 0.377197266, -0.486328125, -0.788085937, -0.837812432, -0.541664943, -0.0667630554, 2, 1, 
170.24704, 0.1, 0.1, -0.0281541597, 0.270813647, -0.0199655135, 0.697077135, -0.716996141, -4.73238568e-005, 0.716996142, 0.697077135, 1.60597352e-005, 2.14736104e-005, -4.5125897e-005, 0.999999999, 0.697077262, -0.716996017, -5.76148914e-005, 0.716996019, 0.697077261, 2.71615992e-005, 2.06872723e-005, -6.02433809e-005, 0.999999998, 0, 0, 0, 0, 0, 0, 0, -0.0458386719, 0.235718359, -0.215659814, -0.336954283, 0.925457246, -0.172902074, -0.307128906, 0.0655517578, 0.949462891, 0.890085711, 0.373002464, 0.262209673, 0, 0, 0, 0, 0, 0, 0, 0.0122424805, 0.266122754, -0.199725195, -0.394443958, 0.685496697, -0.611851663, 0.377197266, -0.486328125, -0.788085937, -0.837812432, -0.541664943, -0.0667630554, 2, 1, 
170.247851, 0.1, 0.1, -0.0281542907, 0.270813792, -0.0199672753, 0.697076489, -0.716996769, 4.42240144e-005, 0.716996771, 0.697076488, -3.27868228e-005, -7.31947455e-006, 5.45633988e-005, 0.999999998, 0.697076605, -0.716996655, 5.54572502e-005, 0.716996657, 0.697076605, -2.47303054e-005, -2.09264055e-005, 5.70015804e-005, 0.999999998, 0, 0, 0, 0, 0, 0, 0, -0.0458386719, 0.235718359, -0.215659814, -0.336954283, 0.925457246, -0.172902074, -0.307128906, 0.0655517578, 0.949462891, 0.890085711, 0.373002464, 0.262209673, 0, 0, 0, 0, 0, 0, 0, 0.0122424805, 0.266122754, -0.199725195, -0.394443958, 0.685496697, -0.611851663, 0.377197266, -0.486328125, -0.788085937, -0.837812432, -0.541664943, -0.0667630554, 2, 1, 
170.248703, 0.1, 0.1, -0.0281544134, 0.270813941, -0.0199673582, 0.697076292, -0.71699696, -3.81939965e-005, 0.716996961, 0.697076291, 4.88356166e-005, -8.39085925e-006, -6.14271299e-005, 0.999999998, 0.697076263, -0.716996988, -4.86289963e-005, 0.71699699, 0.697076263, 2.51315944e-005, 1.58788415e-005, -5.23854819e-005, 0.999999999, 0, 0, 0, 0, 0, 0, 0, -0.0458556396, 0.235486938, -0.21522334, -0.337296889, 0.925273399, -0.173010658, -0.305786133, 0.0661621094, 0.949829102, 0.890263566, 0.373402358, 0.260743768, 0, 0, 0, 0, 0, 0, 0, 0.0121926758, 0.266139355, -0.199658545, -0.395172367, 0.6857395, -0.611065651, 0.376464844, -0.485839844, -0.788696289, -0.837888991, -0.541639424, -0.0660667286, 2, 1, 
170.249497, 0.1, 0.1, -0.0281545315, 0.270814076, -0.0199667037, 0.697076583, -0.716996679, 2.15488743e-005, 0.716996679, 0.697076581, -5.05570714e-005, 2.12280367e-005, 5.06926219e-005, 0.999999998, 0.697076522, -0.716996738, 1.05400772e-005, 0.716996738, 0.697076522, -2.59865506e-005, 1.12850316e-005, 2.56718153e-005, 1, 0, 0, 0, 0, 0, 0, 0, -0.0458556396, 0.235486938, -0.21522334, -0.337296889, 0.925273399, -0.173010658, -0.305786133, 0.0661621094, 0.949829102, 0.890263566, 0.373402358, 0.260743768, 0, 0, 0, 0, 0, 0, 0, 0.0121926758, 0.266139355, -0.199658545, -0.395172367, 0.6857395, -0.611065651, 0.376464844, -0.485839844, -0.788696289, -0.837888991, -0.541639424, -0.0660667286, 2, 1, 
170.250315, 0.1, 0.1, -0.0281546587, 0.270814217, -0.0199655767, 0.697076675, -0.71699659, -1.04757262e-006, 0.716996589, 0.697076674, 3.85072434e-005, -2.68793238e-005, -2.75936072e-005, 0.999999999, 0.69707671, -0.716996554, 3.04515072e-005, 0.716996555, 0.697076711, 1.15817864e-005, -2.95311375e-005, 1.37602322e-005, 0.999999999, 0, 0, 0, 0, 0, 0, 0, -0.0458556396, 0.235486938, -0.21522334, -0.337296889, 0.925273399, -0.173010658, -0.305786133, 0.0661621094, 0.949829102, 0.890263566, 0.373402358, 0.260743768, 0, 0, 0, 0, 0, 0, 0, 0.0121926758, 0.266139355, -0.199658545, -0.395172367, 0.6857395, -0.611065651, 0.376464844, -0.485839844, -0.788696289, -0.837888991, -0.541639424, -0.0660667286, 2, 1, 
