time, realDorsalTactorPos, realVentralTactorPos, boxPosX, boxPosY, boxPosZ, boxLocalRot_11, boxLocalRot_12, boxLocalRot_13, boxLocalRot_21, boxLocalRot_22, boxLocalRot_23, boxLocalRot_31, boxLocalRot_32, boxLocalRot_33, boxGlobalRot_11, boxGlobalRot_12, boxGlobalRot_13, boxGlobalRot_21, boxGlobalRot_22, boxGlobalRot_23, boxGlobalRot_31, boxGlobalRot_32, boxGlobalRot_33, indexForceX, indexForceY, indexForceZ, indexForceGlobalX, indexForceGlobalY, indexForceGlobalZ, indexContact, indexPosX, indexPosY, indexPosZ, indexRot_11, indexRot_12, indexRot_13, indexRot_21, indexRot_22, indexRot_23, indexRot_31, indexRot_32, indexRot_33, thumbForceX, thumbForceY, thumbForceZ, thumbForceGlobalX, thumbForceGlobalY, thumbForceGlobalZ, thumbContact, thumbPosX, thumbPosY, thumbPosZ, thumbRot_11, thumbRot_12, thumbRot_13, thumbRot_21, thumbRot_22, thumbRot_23, thumbRot_31, thumbRot_32, thumbRot_33, mapping, trialSuccess, 
297.640308, 0.1, 0.1, 0.181253663, -0.102435082, -0.0199607589, 0.438352924, 9.80741782e-006, 0.898802934, -0.898802933, 3.90526706e-005, 0.438352923, -3.08015447e-005, -0.999999999, 2.59337883e-005, 0.438352923, 1.8513576e-005, 0.898802934, -0.898802933, 6.75858654e-005, 0.438352921, -5.2630894e-005, -0.999999998, 4.62665181e-005, -0, 0, 0, 0, 0, 0, 0, 0.161220972, -0.11062168, -0.265715186, -0.694436162, 0.715546964, 0.0756749394, -0.184936523, -0.279174805, 0.942260742, 0.695442876, 0.64033211, 0.326408983, -0, 0, 0, 0, 0, 0, 0, 0.20109668, -0.088929248, -0.246457227, -0.645141623, 0.349734941, -0.679275739, 0.755615234, 0.16027832, -0.635009766, -0.11322192, -0.922966625, -0.367695659, 4, 1, 
297.683388, 0.1, 0.1, 0.181253704, -0.102435037, -0.0199622737, 0.438300465, -1.44471759e-006, 0.898828517, -0.898828516, -2.45749621e-005, 0.438300465, 2.14554563e-005, -1, -1.20697707e-005, 0.438300497, 5.40987429e-006, 0.898828501, -0.898828501, -7.72258237e-006, 0.438300497, 9.31242772e-006, -1, 1.4777375e-006, -0, 0, 0, 0, 0, 0, 0, 0.161101001, -0.10860542, -0.266024048, -0.692663599, 0.715850257, 0.0873246743, -0.175170898, -0.284545898, 0.942504883, 0.699611439, 0.637565051, 0.322709967, -0, 0, 0, 0, 0, 0, 0, 0.200307422, -0.0876416504, -0.247042578, -0.649550726, 0.351939493, -0.673870636, 0.751464844, 0.162475586, -0.639404297, -0.115649218, -0.921752976, -0.370073385, 4, 1, 
297.684197, 0.1, 0.1, 0.181253702, -0.102435033, -0.0199622134, 0.43830043, -2.70303509e-005, 0.898828533, -0.898828533, 2.70169713e-005, 0.438300431, -3.61310392e-005, -0.999999999, -1.24541005e-005, 0.438300408, -2.7807195e-005, 0.898828544, -0.898828544, 2.82955169e-005, 0.438300408, -3.76207232e-005, -0.999999999, -1.2591964e-005, -0, 0, 0, 0, 0, 0, 0, 0.161101001, -0.10860542, -0.266024048, -0.692663599, 0.715850257, 0.0873246743, -0.175170898, -0.284545898, 0.942504883, 0.699611439, 0.637565051, 0.322709967, -0, 0, 0, 0, 0, 0, 0, 0.200307422, -0.0876416504, -0.247042578, -0.649550726, 0.351939493, -0.673870636, 0.751464844, 0.162475586, -0.639404297, -0.115649218, -0.921752976, -0.370073385, 4, 1, 
297.685029, 0.1, 0.1, 0.181253703, -0.102435034, -0.0199625621, 0.438300349, 6.13951571e-006, 0.898828573, -0.898828573, -8.59195884e-006, 0.438300349, 1.041365e-005, -1, 1.75251359e-006, 0.438300384, 8.56236906e-007, 0.898828556, -0.898828556, -2.74028588e-005, 0.438300384, 2.5005761e-005, -1, -1.12410734e-005, -0, 0, 0, 0, 0, 0, 0, 0.161101001, -0.10860542, -0.266024048, -0.692663599, 0.715850257, 0.0873246743, -0.175170898, -0.284545898, 0.942504883, 0.699611439, 0.637565051, 0.322709967, -0, 0, 0, 0, 0, 0, 0, 0.200307422, -0.0876416504, -0.247042578, -0.649550726, 0.351939493, -0.673870636, 0.751464844, 0.162475586, -0.639404297, -0.115649218, -0.921752976, -0.370073385, 4, 1, 
297.685816, 0.1, 0.1, 0.181253702, -0.102435029, -0.0199638252, 0.438300396, 5.64929896e-006, 0.89882855, -0.89882855, -1.19596077e-005, 0.438300396, 1.32257269e-005, -1, -1.64149615e-007, 0.438300401, -5.50256397e-006, 0.898828548, -0.898828548, 1.22721953e-005, 0.438300401, -1.34423755e-005, -1, 4.33046527e-007, -0, 0, 0, 0, 0, 0, 0, 0.161101001, -0.10860542, -0.266024048, -0.692663599, 0.715850257, 0.0873246743, -0.175170898, -0.284545898, 0.942504883, 0.699611439, 0.637565051, 0.322709967, -0, 0, 0, 0, 0, 0, 0, 0.200307422, -0.0876416504, -0.247042578, -0.649550726, 0.351939493, -0.673870636, 0.751464844, 0.162475586, -0.639404297, -0.115649218, -0.921752976, -0.370073385, 4, 1, 
297.686622, 0.1, 0.1, 0.181253705, -0.102435028, -0.0199655602, 0.438300417, -2.19594311e-006, 0.89882854, -0.89882854, 2.63538067e-005, 0.438300417, -2.46500363e-005, -1, 9.5771081e-006, 0.438300451, -7.66082757e-006, 0.898828524, -0.898828524, 9.5691085e-006, 0.438300451, -1.19587318e-005, -1, -2.69162577e-006, -0, 0, 0, 0, 0, 0, 0, 0.161101001, -0.10860542, -0.266024048, -0.692663599, 0.715850257, 0.0873246743, -0.175170898, -0.284545898, 0.942504883, 0.699611439, 0.637565051, 0.322709967, -0, 0, 0, 0, 0, 0, 0, 0.200307422, -0.0876416504, -0.247042578, -0.649550726, 0.351939493, -0.673870636, 0.751464844, 0.162475586, -0.639404297, -0.115649218, -0.921752976, -0.370073385, 4, 1, 
297.687488, 0.1, 0.1, 0.181253707, -0.102435028, -0.0199660871, 0.438300382, 1.75661667e-005, 0.898828557, -0.898828556, -2.44104976e-005, 0.438300383, 2.964011e-005, -1, 5.08984181e-006, 0.438300361, 1.87995639e-005, 0.898828567, -0.898828567, -2.54190459e-005, 0.438300362, 3.10872203e-005, -1, 5.75640806e-006, -0, 0, 0, 0, 0, 0, 0, 0.16085603, -0.108199585, -0.266511401, -0.693107676, 0.715069564, 0.0908975137, -0.172607422, -0.287109375, 0.942138672, 0.699928958, 0.637317924, 0.322638453, -0, 0, 0, 0, 0, 0, 0, 0.200246387, -0.0871817383, -0.247214795, -0.650745419, 0.352022615, -0.672784585, 0.750610352, 0.164306641, -0.640014648, -0.114792844, -0.921376011, -0.37106392, 4, 1, 
297.688274, 0.1, 0.1, 0.181253707, -0.102435025, -0.0199662239, 0.438300322, -1.08442765e-005, 0.898828586, -0.898828586, 3.91786532e-006, 0.438300322, -8.27453922e-006, -1, -8.02994405e-006, 0.438300349, -5.67295203e-006, 0.898828573, -0.898828573, 2.05429703e-005, 0.438300349, -2.09510655e-005, -1, 3.90497969e-006, -0, 0, 0, 0, 0, 0, 0, 0.16085603, -0.108199585, -0.266511401, -0.693107676, 0.715069564, 0.0908975137, -0.172607422, -0.287109375, 0.942138672, 0.699928958, 0.637317924, 0.322638453, -0, 0, 0, 0, 0, 0, 0, 0.200246387, -0.0871817383, -0.247214795, -0.650745419, 0.352022615, -0.672784585, 0.750610352, 0.164306641, -0.640014648, -0.114792844, -0.921376011, -0.37106392, 4, 1, 
297.68909, 0.1, 0.1, 0.181253708, -0.102435026, -0.0199660363, 0.438300381, -1.42227607e-005, 0.898828557, -0.898828557, 1.29522067e-005, 0.438300382, -1.78756547e-005, -1, -7.10686634e-006, 0.438300388, -1.99568334e-006, 0.898828554, -0.898828554, -1.37837122e-005, 0.438300387, 1.15144853e-005, -1, -7.83518357e-006, -0, 0, 0, 0, 0, 0, 0, 0.16085603, -0.108199585, -0.266511401, -0.693107676, 0.715069564, 0.0908975137, -0.172607422, -0.287109375, 0.942138672, 0.699928958, 0.637317924, 0.322638453, -0, 0, 0, 0, 0, 0, 0, 0.200246387, -0.0871817383, -0.247214795, -0.650745419, 0.352022615, -0.672784585, 0.750610352, 0.164306641, -0.640014648, -0.114792844, -0.921376011, -0.37106392, 4, 1, 
297.689932, 0.1, 0.1, 0.181253709, -0.102435021, -0.0199646823, 0.438300263, 1.73620626e-005, 0.898828615, -0.898828615, -1.5129018e-005, 0.438300263, 2.12081909e-005, -1, 8.97446613e-006, 0.438300249, 8.45494875e-007, 0.898828622, -0.898828622, -9.72190952e-006, 0.438300249, 9.10891115e-006, -1, -3.50116038e-006, -0, 0, 0, 0, 0, 0, 0, 0.160459595, -0.108390845, -0.266432056, -0.692193312, 0.715760768, 0.0924648902, -0.17175293, -0.287841797, 0.942138672, 0.701020056, 0.636219713, 0.322390205, -0, 0, 0, 0, 0, 0, 0, 0.200239551, -0.0873517578, -0.247198438, -0.65069438, 0.352725505, -0.672356581, 0.750488281, 0.164306641, -0.640014648, -0.11527845, -0.921056649, -0.371632649, 4, 1, 
297.690726, 0.1, 0.1, 0.18125371, -0.102435017, -0.0199636626, 0.438300217, -3.61680739e-006, 0.898828638, -0.898828637, 3.06154469e-005, 0.438300216, -2.91032879e-005, -1, 1.0167867e-005, 0.438300251, -4.45083812e-006, 0.898828621, -0.89882862, 3.24870562e-005, 0.438300251, -3.11510994e-005, -0.999999999, 1.02385442e-005, -0, 0, 0, 0, 0, 0, 0, 0.160459595, -0.108390845, -0.266432056, -0.692193312, 0.715760768, 0.0924648902, -0.17175293, -0.287841797, 0.942138672, 0.701020056, 0.636219713, 0.322390205, -0, 0, 0, 0, 0, 0, 0, 0.200239551, -0.0873517578, -0.247198438, -0.65069438, 0.352725505, -0.672356581, 0.750488281, 0.164306641, -0.640014648, -0.11527845, -0.921056649, -0.371632649, 4, 1, 
297.691569, 0.1, 0.1, 0.181253713, -0.102435018, -0.0199630628, 0.438300236, 1.52069851e-006, 0.898828628, -0.898828628, -1.17890637e-005, 0.438300236, 1.12628705e-005, -1, -3.80030207e-006, 0.438300211, 2.23312229e-005, 0.89882864, -0.89882864, -2.02967447e-005, 0.438300211, 2.80310751e-005, -1, 1.11758753e-005, -0, 0, 0, 0, 0, 0, 0, 0.160459595, -0.108390845, -0.266432056, -0.692193312, 0.715760768, 0.0924648902, -0.17175293, -0.287841797, 0.942138672, 0.701020056, 0.636219713, 0.322390205, -0, 0, 0, 0, 0, 0, 0, 0.200239551, -0.0873517578, -0.247198438, -0.65069438, 0.352725505, -0.672356581, 0.750488281, 0.164306641, -0.640014648, -0.11527845, -0.921056649, -0.371632649, 4, 1, 
297.692399, 0.1, 0.1, 0.181253713, -0.102435013, -0.0199624285, 0.438300105, 5.82192139e-006, 0.898828692, -0.898828692, -1.51993631e-005, 0.438300105, 1.62133725e-005, -1, -1.42897249e-006, 0.438300114, -7.38502466e-006, 0.898828688, -0.898828688, 1.00397053e-005, 0.438300114, -1.22608323e-005, -1, -2.23746805e-006, -0, 0, 0, 0, 0, 0, 0, 0.160459595, -0.108390845, -0.266432056, -0.692193312, 0.715760768, 0.0924648902, -0.17175293, -0.287841797, 0.942138672, 0.701020056, 0.636219713, 0.322390205, -0, 0, 0, 0, 0, 0, 0, 0.200239551, -0.0873517578, -0.247198438, -0.65069438, 0.352725505, -0.672356581, 0.750488281, 0.164306641, -0.640014648, -0.11527845, -0.921056649, -0.371632649, 4, 1, 
297.693188, 0.1, 0.1, 0.181253715, -0.102435013, -0.0199627295, 0.438300177, -2.09798566e-005, 0.898828657, -0.898828657, 1.71362416e-005, 0.438300178, -2.45980199e-005, -1, -1.13464786e-005, 0.43830016, -4.98615489e-006, 0.898828666, -0.898828665, 1.11812994e-005, 0.43830016, -1.22355049e-005, -1, 4.1906635e-007, -0, 0, 0, 0, 0, 0, 0, 0.160459595, -0.108390845, -0.266432056, -0.692193312, 0.715760768, 0.0924648902, -0.17175293, -0.287841797, 0.942138672, 0.701020056, 0.636219713, 0.322390205, -0, 0, 0, 0, 0, 0, 0, 0.200239551, -0.0873517578, -0.247198438, -0.65069438, 0.352725505, -0.672356581, 0.750488281, 0.164306641, -0.640014648, -0.11527845, -0.921056649, -0.371632649, 4, 1, 
297.694018, 0.1, 0.1, 0.181253717, -0.102435014, -0.0199638566, 0.438300126, 6.74388623e-006, 0.898828682, -0.898828681, -3.0185846e-005, 0.438300126, 3.00877504e-005, -1, -7.16886177e-006, 0.438300167, 6.30678245e-006, 0.898828662, -0.898828661, -3.19886645e-005, 0.438300167, 3.15165923e-005, -0.999999999, -8.35192017e-006, -0, 0, 0, 0, 0, 0, 0, 0.160459595, -0.108390845, -0.266432056, -0.692193312, 0.715760768, 0.0924648902, -0.17175293, -0.287841797, 0.942138672, 0.701020056, 0.636219713, 0.322390205, -0, 0, 0, 0, 0, 0, 0, 0.200239551, -0.0873517578, -0.247198438, -0.65069438, 0.352725505, -0.672356581, 0.750488281, 0.164306641, -0.640014648, -0.11527845, -0.921056649, -0.371632649, 4, 1, 
297.694847, 0.1, 0.1, 0.181253718, -0.10243501, -0.0199644415, 0.438300125, 5.04236198e-006, 0.898828683, -0.898828683, 1.54962303e-005, 0.438300124, -1.17183884e-005, -1, 1.13242192e-005, 0.438300106, -1.25351865e-005, 0.898828692, -0.898828691, 2.25054854e-005, 0.438300106, -2.57227495e-005, -1, -1.40282868e-006, -0, 0, 0, 0, 0, 0, 0, 0.159904858, -0.108316016, -0.266734741, -0.690085256, 0.717365215, 0.0953203164, -0.170288086, -0.28894043, 0.942016602, 0.703405195, 0.633864531, 0.321690766, -0, 0, 0, 0, 0, 0, 0, 0.199964551, -0.0872819336, -0.247375537, -0.651224829, 0.353671198, -0.671417451, 0.75, 0.164672852, -0.640625, -0.116070659, -0.920711767, -0.372393141, 4, 1, 
297.695639, 0.1, 0.1, 0.181253721, -0.10243501, -0.0199653188, 0.438300005, 3.78426366e-006, 0.898828741, -0.898828741, 1.6414881e-005, 0.438300005, -1.3095524e-005, -1, 1.05960474e-005, 0.438300014, 1.53772986e-005, 0.898828736, -0.898828736, -6.10211219e-006, 0.438300014, 1.2224624e-005, -1, 1.1147002e-005, -0, 0, 0, 0, 0, 0, 0, 0.159904858, -0.108316016, -0.266734741, -0.690085256, 0.717365215, 0.0953203164, -0.170288086, -0.28894043, 0.942016602, 0.703405195, 0.633864531, 0.321690766, -0, 0, 0, 0, 0, 0, 0, 0.199964551, -0.0872819336, -0.247375537, -0.651224829, 0.353671198, -0.671417451, 0.75, 0.164672852, -0.640625, -0.116070659, -0.920711767, -0.372393141, 4, 1, 
297.696484, 0.1, 0.1, 0.181253722, -0.102435008, -0.0199659692, 0.438300003, 8.7604187e-006, 0.898828742, -0.898828742, -3.02180325e-005, 0.438300003, 3.10005277e-005, -1, -5.37044759e-006, 0.438300044, 1.57940462e-005, 0.898828722, -0.898828722, -1.2648054e-005, 0.438300045, 1.82909653e-005, -1, 8.65249971e-006, -0, 0, 0, 0, 0, 0, 0, 0.159904858, -0.108316016, -0.266734741, -0.690085256, 0.717365215, 0.0953203164, -0.170288086, -0.28894043, 0.942016602, 0.703405195, 0.633864531, 0.321690766, -0, 0, 0, 0, 0, 0, 0, 0.199964551, -0.0872819336, -0.247375537, -0.651224829, 0.353671198, -0.671417451, 0.75, 0.164672852, -0.640625, -0.116070659, -0.920711767, -0.372393141, 4, 1, 
297.697275, 0.1, 0.1, 0.181253722, -0.102435007, -0.0199658677, 0.438299933, -1.68141465e-005, 0.898828776, -0.898828776, 1.67013998e-005, 0.438299933, -2.2381338e-005, -1, -7.79281629e-006, 0.438299921, -1.68314374e-005, 0.898828782, -0.898828782, 1.72650717e-005, 0.438299921, -2.28955611e-005, -1, -7.56130082e-006, -0, 0, 0, 0, 0, 0, 0, 0.159904858, -0.108316016, -0.266734741, -0.690085256, 0.717365215, 0.0953203164, -0.170288086, -0.28894043, 0.942016602, 0.703405195, 0.633864531, 0.321690766, -0, 0, 0, 0, 0, 0, 0, 0.199964551, -0.0872819336, -0.247375537, -0.651224829, 0.353671198, -0.671417451, 0.75, 0.164672852, -0.640625, -0.116070659, -0.920711767, -0.372393141, 4, 1, 
297.698066, 0.1, 0.1, 0.181253724, -0.102435008, -0.0199656633, 0.438299831, 6.0588289e-006, 0.898828826, -0.898828826, -7.93073601e-006, 0.438299831, 9.78395781e-006, -1, 1.96980982e-006, 0.438299867, 1.92300693e-006, 0.898828808, -0.898828808, -2.58522272e-005, 0.438299867, 2.40795802e-005, -1, -9.60257371e-006, -0, 0, 0, 0, 0, 0, 0, 0.159904858, -0.108316016, -0.266734741, -0.690085256, 0.717365215, 0.0953203164, -0.170288086, -0.28894043, 0.942016602, 0.703405195, 0.633864531, 0.321690766, -0, 0, 0, 0, 0, 0, 0, 0.199964551, -0.0872819336, -0.247375537, -0.651224829, 0.353671198, -0.671417451, 0.75, 0.164672852, -0.640625, -0.116070659, -0.920711767, -0.372393141, 4, 1, 
297.69892, 0.1, 0.1, 0.181253723, -0.102435004, -0.0199650362, 0.438299858, 8.21033522e-006, 0.898828813, -0.898828813, -1.54594949e-005, 0.438299858, 1.74940282e-005, -1, 6.0379146e-007, 0.438299872, -3.92181201e-006, 0.898828806, -0.898828806, 1.21813599e-005, 0.438299872, -1.26678869e-005, -1, 1.81405087e-006, -0, 0, 0, 0, 0, 0, 0, 0.159904858, -0.108316016, -0.266734741, -0.68891066, 0.718456313, 0.0951866443, -0.170166016, -0.288085938, 0.942382812, 0.704578669, 0.632950166, 0.320846794, -0, 0, 0, 0, 0, 0, 0, 0.199964551, -0.0872819336, -0.247375537, -0.651224829, 0.353671198, -0.671417451, 0.75, 0.164672852, -0.640625, -0.116070659, -0.920711767, -0.372393141, 4, 1, 
297.699727, 0.1, 0.1, 0.181253725, -0.102435004, -0.0199637985, 0.438299647, 1.67339383e-005, 0.898828915, -0.898828915, 3.94239634e-005, 0.438299646, -2.81009191e-005, -0.999999999, 3.23204569e-005, 0.438299686, 1.36503402e-005, 0.898828896, -0.898828896, 2.26948734e-005, 0.438299686, -1.44158681e-005, -1, 2.22164761e-005, -0, 0, 0, 0, 0, 0, 0, 0.159745215, -0.108486279, -0.266520898, -0.68891066, 0.718456313, 0.0951866443, -0.170166016, -0.288085938, 0.942382812, 0.704578669, 0.632950166, 0.320846794, -0, 0, 0, 0, 0, 0, 0, 0.199749365, -0.087498584, -0.24715376, -0.650918227, 0.353805359, -0.671589892, 0.75012207, 0.163818359, -0.640625, -0.116652147, -0.920820409, -0.371920295, 4, 1, 
297.700518, 0.1, 0.1, 0.181253725, -0.102435003, -0.0199632361, 0.4382995, -1.79687117e-005, 0.898828987, -0.898828987, -3.16468358e-005, 0.438299499, 2.05694161e-005, -0.999999999, -3.00215912e-005, 0.438299528, -1.75209472e-005, 0.898828973, -0.898828973, -3.28442255e-005, 0.438299527, 2.18419186e-005, -0.999999999, -3.01439435e-005, -0, 0, 0, 0, 0, 0, 0, 0.159745215, -0.108486279, -0.266520898, -0.68891066, 0.718456313, 0.0951866443, -0.170166016, -0.288085938, 0.942382812, 0.704578669, 0.632950166, 0.320846794, -0, 0, 0, 0, 0, 0, 0, 0.199749365, -0.087498584, -0.24715376, -0.650918227, 0.353805359, -0.671589892, 0.75012207, 0.163818359, -0.640625, -0.116652147, -0.920820409, -0.371920295, 4, 1, 
297.701578, 0.1, 0.1, 0.181253727, -0.102434996, -0.0199614466, 0.438299306, -7.58726713e-007, 0.898829082, -0.898829082, 2.93263359e-006, 0.438299306, -2.96848575e-006, -1, 6.03405633e-007, 0.438299359, 8.43874888e-006, 0.898829056, -0.898829055, 3.77040674e-005, 0.438299359, -3.01908131e-005, -0.999999999, 2.41106613e-005, -0, 0, 0, 0, 0, 0, 0, 0.159745215, -0.108486279, -0.266520898, -0.68891066, 0.718456313, 0.0951866443, -0.170166016, -0.288085938, 0.942382812, 0.704578669, 0.632950166, 0.320846794, -0, 0, 0, 0, 0, 0, 0, 0.199749365, -0.087498584, -0.24715376, -0.650918227, 0.353805359, -0.671589892, 0.75012207, 0.163818359, -0.640625, -0.116652147, -0.920820409, -0.371920295, 4, 1, 
297.702939, 0.1, 0.1, 0.181253721, -0.102435011, -0.0199496958, 0.438298996, 1.29437005e-005, 0.898829233, -0.898829232, 5.47012285e-005, 0.438298995, -4.34938523e-005, -0.999999998, 3.56096699e-005, 0.438299063, -1.48354232e-005, 0.8988292, -0.8988292, -3.32708481e-005, 0.438299062, 2.34024577e-005, -0.999999999, -2.79170931e-005, -0, 0, 0, 0, 0, 0, 0, 0.159745215, -0.108486279, -0.266520898, -0.68891066, 0.718456313, 0.0951866443, -0.170166016, -0.288085938, 0.942382812, 0.704578669, 0.632950166, 0.320846794, -0, 0, 0, 0, 0, 0, 0, 0.199535889, -0.087498584, -0.247158643, -0.650624384, 0.353805359, -0.671736813, 0.750244141, 0.163208008, -0.640625, -0.117112234, -0.920820409, -0.371690251, 4, 1, 
297.704263, 0.1, 0.1, 0.181253723, -0.102435007, -0.0199358912, 0.438298643, -3.37563548e-005, 0.898829405, -0.898829401, -0.000114953115, 0.438298637, 8.85278753e-005, -0.999999993, -8.07249983e-005, 0.438298713, -2.1263247e-005, 0.898829371, -0.898829369, -7.20211931e-005, 0.438298711, 5.54151099e-005, -0.999999997, -5.06788272e-005, -0, 0, 0, 0, 0, 0, 0, 0.159814917, -0.108639575, -0.266104199, -0.687615497, 0.719890018, 0.0946279906, -0.170776367, -0.286987305, 0.942504883, 0.705733046, 0.631857946, 0.320440908, -0, 0, 0, 0, 0, 0, 0, 0.199535889, -0.087498584, -0.247158643, -0.650624384, 0.353805359, -0.671736813, 0.750244141, 0.163208008, -0.640625, -0.117112234, -0.920820409, -0.371690251, 4, 1, 
297.705567, 0.1, 0.1, 0.18125373, -0.102434989, -0.0199273829, 0.438298256, 4.48840897e-005, 0.898829593, -0.898829588, 0.000135090639, 0.438298247, -0.000101750846, -0.99999999, 9.95531393e-005, 0.438298335, 4.49653012e-005, 0.898829554, -0.898829549, 0.000141564995, 0.438298325, -0.000107534585, -0.999999989, 0.000102463843, -0, 0, 0, 0, 0, 0, 0, 0.159814917, -0.108639575, -0.266104199, -0.687615497, 0.719890018, 0.0946279906, -0.170776367, -0.286987305, 0.942504883, 0.705733046, 0.631857946, 0.320440908, -0, 0, 0, 0, 0, 0, 0, 0.199535889, -0.087498584, -0.247158643, -0.650624384, 0.353805359, -0.671736813, 0.750244141, 0.163208008, -0.640625, -0.117112234, -0.920820409, -0.371690251, 4, 1, 
297.706914, 0.1, 0.1, 0.181253727, -0.102435007, -0.0199274443, 0.438297792, -1.16286693e-005, 0.89882982, -0.89882982, -4.30350896e-005, 0.438297791, 3.35844018e-005, -0.999999999, -2.93143794e-005, 0.438297884, -2.9208035e-005, 0.898829775, -0.898829771, -0.000105615825, 0.438297879, 8.21288282e-005, -0.999999994, -7.2544244e-005, -0, 0, 0, 0, 0, 0, 0, 0.16022356, -0.108875146, -0.265369922, -0.688288727, 0.719579612, 0.0914932376, -0.172851562, -0.28527832, 0.942749023, 0.704603756, 0.633019437, 0.320937404, -0, 0, 0, 0, 0, 0, 0, 0.199842383, -0.0875618164, -0.246566553, -0.649595569, 0.352993828, -0.67317431, 0.751220703, 0.162597656, -0.639648437, -0.116390388, -0.921273933, -0.370859397, 4, 1, 
297.708207, 0.1, 0.1, 0.181253736, -0.102434979, -0.0199350818, 0.438297313, -1.0544274e-005, 0.898830054, -0.898830053, -3.73123487e-005, 0.438297312, 2.89159334e-005, -0.999999999, -2.58314125e-005, 0.438297411, 2.35929542e-005, 0.898830006, -0.898830005, 6.74428301e-005, 0.438297409, -5.02789087e-005, -0.999999997, 5.07660729e-005, -0, 0, 0, 0, 0, 0, 0, 0.16022356, -0.108875146, -0.265369922, -0.688288727, 0.719579612, 0.0914932376, -0.172851562, -0.28527832, 0.942749023, 0.704603756, 0.633019437, 0.320937404, -0, 0, 0, 0, 0, 0, 0, 0.199842383, -0.0875618164, -0.246566553, -0.649595569, 0.352993828, -0.67317431, 0.751220703, 0.162597656, -0.639648437, -0.116390388, -0.921273933, -0.370859397, 4, 1, 
297.709502, 0.1, 0.1, 0.181253735, -0.102434985, -0.0199460675, 0.438296827, 2.33409222e-005, 0.89883029, -0.898830289, 8.25379981e-005, 0.438296824, -6.39574008e-005, -0.999999996, 5.71556705e-005, 0.438296923, 1.04317562e-005, 0.898830244, -0.898830243, 4.22836985e-005, 0.438296922, -3.34336604e-005, -0.999999999, 2.79091929e-005, -0, 0, 0, 0, 0, 0, 0, 0.16022356, -0.108875146, -0.265369922, -0.688288727, 0.719579612, 0.0914932376, -0.172851562, -0.28527832, 0.942749023, 0.704603756, 0.633019437, 0.320937404, -0, 0, 0, 0, 0, 0, 0, 0.199842383, -0.0875618164, -0.246566553, -0.649595569, 0.352993828, -0.67317431, 0.751220703, 0.162597656, -0.639648437, -0.116390388, -0.921273933, -0.370859397, 4, 1, 
297.710797, 0.1, 0.1, 0.181253734, -0.10243499, -0.0199543056, 0.438296332, -2.10865653e-005, 0.898830532, -0.89883053, -7.81636452e-005, 0.438296329, 6.10137066e-005, -0.999999997, -5.32120877e-005, 0.438296425, -2.16651296e-005, 0.898830486, -0.898830484, -7.90767972e-005, 0.438296422, 6.15808873e-005, -0.999999997, -5.41323565e-005, -0, 0, 0, 0, 0, 0, 0, 0.16022356, -0.108875146, -0.265369922, -0.688288727, 0.719579612, 0.0914932376, -0.172851562, -0.28527832, 0.942749023, 0.704603756, 0.633019437, 0.320937404, -0, 0, 0, 0, 0, 0, 0, 0.199842383, -0.0875618164, -0.246566553, -0.649595569, 0.352993828, -0.67317431, 0.751220703, 0.162597656, -0.639648437, -0.116390388, -0.921273933, -0.370859397, 4, 1, 
297.712145, 0.1, 0.1, 0.181253739, -0.102434978, -0.0199553002, 0.438295865, 3.3302195e-006, 0.89883076, -0.89883076, 1.94971574e-005, 0.438295865, -1.60650234e-005, -1, 1.15388272e-005, 0.438295946, 1.67955706e-005, 0.89883072, -0.898830719, 5.93069067e-005, 0.438295944, -4.59454392e-005, -0.999999998, 4.10903516e-005, -0, 0, 0, 0, 0, 0, 0, 0.160391382, -0.108902368, -0.264811523, -0.689279476, 0.718989879, 0.0892346571, -0.175048828, -0.284790039, 0.942504883, 0.703030388, 0.633977985, 0.322283864, -0, 0, 0, 0, 0, 0, 0, 0.199919043, -0.0876150391, -0.246199414, -0.648700915, 0.352290938, -0.674599046, 0.752197266, 0.162231445, -0.638549805, -0.1155599, -0.921593295, -0.370149944, 4, 1, 
297.713434, 0.1, 0.1, 0.181253735, -0.102434992, -0.0199495408, 0.438295542, 2.12747694e-005, 0.898830917, -0.898830917, 4.43313056e-005, 0.438295541, -3.05217115e-005, -0.999999999, 3.85526341e-005, 0.438295595, -7.45515337e-006, 0.898830892, -0.898830891, -3.72000422e-005, 0.438295594, 3.01689862e-005, -0.999999999, -2.30055368e-005, -0, 0, 0, 0, 0, 0, 0, 0.160391382, -0.108902368, -0.264811523, -0.689279476, 0.718989879, 0.0892346571, -0.175048828, -0.284790039, 0.942504883, 0.703030388, 0.633977985, 0.322283864, -0, 0, 0, 0, 0, 0, 0, 0.199919043, -0.0876150391, -0.246199414, -0.648700915, 0.352290938, -0.674599046, 0.752197266, 0.162231445, -0.638549805, -0.1155599, -0.921593295, -0.370149944, 4, 1, 
297.714749, 0.1, 0.1, 0.181253736, -0.10243499, -0.0199408353, 0.438295374, -4.42474864e-005, 0.898830998, -0.898830996, -0.000106394378, 0.438295368, 7.62370963e-005, -0.999999993, -8.64031758e-005, 0.438295396, -2.90743852e-005, 0.898830988, -0.898830987, -6.67123211e-005, 0.438295394, 4.72199323e-005, -0.999999997, -5.53726616e-005, -0, 0, 0, 0, 0, 0, 0, 0.160391382, -0.108902368, -0.264811523, -0.689279476, 0.718989879, 0.0892346571, -0.175048828, -0.284790039, 0.942504883, 0.703030388, 0.633977985, 0.322283864, -0, 0, 0, 0, 0, 0, 0, 0.200177686, -0.0877197754, -0.246015723, -0.64859847, 0.350872398, -0.675404014, 0.752563477, 0.162597656, -0.638061523, -0.114198962, -0.922110617, -0.369498093, 4, 1, 
297.716055, 0.1, 0.1, 0.181253741, -0.102434978, -0.0199341825, 0.438295334, 4.14161033e-005, 0.898831018, -0.898831015, 0.000106960748, 0.438295328, -7.79871535e-005, -0.999999993, 8.4106475e-005, 0.438295338, 4.38217835e-005, 0.898831015, -0.898831013, 0.000112563055, 0.438295332, -8.19682823e-005, -0.999999993, 8.87242405e-005, -0, 0, 0, 0, 0, 0, 0, 0.160391382, -0.108902368, -0.264811523, -0.689279476, 0.718989879, 0.0892346571, -0.175048828, -0.284790039, 0.942504883, 0.703030388, 0.633977985, 0.322283864, -0, 0, 0, 0, 0, 0, 0, 0.200177686, -0.0877197754, -0.246015723, -0.64859847, 0.350872398, -0.675404014, 0.752563477, 0.162597656, -0.638061523, -0.114198962, -0.922110617, -0.369498093, 4, 1, 
297.717379, 0.1, 0.1, 0.181253733, -0.102434998, -0.0199323873, 0.438295386, -1.76599565e-005, 0.898830993, -0.898830993, -4.95726563e-005, 0.438295385, 3.68171625e-005, -0.999999999, -3.76007828e-005, 0.438295369, -4.17791193e-005, 0.898831001, -0.898830998, -0.000108661943, 0.438295363, 7.93571283e-005, -0.999999993, -8.51783938e-005, -0, 0, 0, 0, 0, 0, 0, 0.160756689, -0.108751147, -0.264186597, -0.69077159, 0.717492896, 0.0883274057, -0.175415039, -0.284912109, 0.942382812, 0.701412837, 0.635451003, 0.322798334, -0, 0, 0, 0, 0, 0, 0, 0.200177686, -0.0877197754, -0.246015723, -0.64859847, 0.350872398, -0.675404014, 0.752563477, 0.162597656, -0.638061523, -0.114198962, -0.922110617, -0.369498093, 4, 1, 
297.718677, 0.1, 0.1, 0.181253743, -0.102434975, -0.0199362734, 0.438295521, -1.57069065e-005, 0.898830927, -0.898830927, -4.25540926e-005, 0.43829552, 3.13646678e-005, -0.999999999, -3.27691215e-005, 0.438295485, 2.28035579e-005, 0.898830945, -0.898830944, 5.62775071e-005, 0.438295483, -4.05892685e-005, -0.999999998, 4.51627208e-005, -0, 0, 0, 0, 0, 0, 0, 0.160756689, -0.108751147, -0.264186597, -0.69077159, 0.717492896, 0.0883274057, -0.175415039, -0.284912109, 0.942382812, 0.701412837, 0.635451003, 0.322798334, -0, 0, 0, 0, 0, 0, 0, 0.200177686, -0.0877197754, -0.246015723, -0.64859847, 0.350872398, -0.675404014, 0.752563477, 0.162597656, -0.638061523, -0.114198962, -0.922110617, -0.369498093, 4, 1, 
297.720028, 0.1, 0.1, 0.181253741, -0.102434981, -0.0199424862, 0.43829568, 3.41107597e-005, 0.898830849, -0.898830847, 9.42280731e-005, 0.438295675, -6.97445005e-005, -0.999999995, 7.19595604e-005, 0.438295647, 1.73283028e-005, 0.898830866, -0.898830865, 5.00189231e-005, 0.438295646, -3.73636323e-005, -0.999999999, 3.74982896e-005, -0, 0, 0, 0, 0, 0, 0, 0.160720801, -0.108337256, -0.264359668, -0.691450811, 0.716826779, 0.0893110411, -0.174438477, -0.285766602, 0.942260742, 0.701026047, 0.635927281, 0.322766134, -0, 0, 0, 0, 0, 0, 0, 0.200407764, -0.0877546875, -0.246020605, -0.648649509, 0.350399551, -0.675550936, 0.752563477, 0.162597656, -0.638061523, -0.113713356, -0.922283058, -0.36926805, 4, 1, 
297.721319, 0.1, 0.1, 0.181253739, -0.102434984, -0.0199480341, 0.438295869, -2.92307784e-005, 0.898830757, -0.898830756, -7.54914498e-005, 0.438295866, 5.50423077e-005, -0.999999997, -5.93611133e-005, 0.438295829, -3.14036053e-005, 0.898830777, -0.898830776, -7.74151038e-005, 0.438295825, 5.58190088e-005, -0.999999997, -6.2157244e-005, -0, 0, 0, 0, 0, 0, 0, 0.160720801, -0.108337256, -0.264359668, -0.691450811, 0.716826779, 0.0893110411, -0.174438477, -0.285766602, 0.942260742, 0.701026047, 0.635927281, 0.322766134, -0, 0, 0, 0, 0, 0, 0, 0.200407764, -0.0877546875, -0.246020605, -0.648649509, 0.350399551, -0.675550936, 0.752563477, 0.162597656, -0.638061523, -0.113713356, -0.922283058, -0.36926805, 4, 1, 
297.722612, 0.1, 0.1, 0.181253746, -0.102434968, -0.0199505333, 0.438296112, 1.10515532e-005, 0.898830639, -0.898830639, 3.45821193e-005, 0.438296112, -2.62396156e-005, -0.999999999, 2.50906831e-005, 0.43829606, 2.86535093e-005, 0.898830664, -0.898830663, 7.67858272e-005, 0.438296057, -5.64587359e-005, -0.999999997, 5.94095783e-005, -0, 0, 0, 0, 0, 0, 0, 0.160720801, -0.108337256, -0.264359668, -0.691450811, 0.716826779, 0.0893110411, -0.174438477, -0.285766602, 0.942260742, 0.701026047, 0.635927281, 0.322766134, -0, 0, 0, 0, 0, 0, 0, 0.200407764, -0.0877546875, -0.246020605, -0.648649509, 0.350399551, -0.675550936, 0.752563477, 0.162597656, -0.638061523, -0.113713356, -0.922283058, -0.36926805, 4, 1, 
297.723961, 0.1, 0.1, 0.181253742, -0.102434979, -0.019948488, 0.438296414, 2.42058009e-005, 0.898830492, -0.898830491, 5.7845223e-005, 0.438296412, -4.13837345e-005, -0.999999998, 4.71102657e-005, 0.438296343, -8.94611794e-006, 0.898830527, -0.898830526, -3.09227038e-005, 0.438296343, 2.38732194e-005, -0.999999999, -2.15943519e-005, -0, 0, 0, 0, 0, 0, 0, 0.1605354, -0.108315527, -0.264744263, -0.690777582, 0.717270857, 0.0906301696, -0.172485352, -0.28527832, 0.942749023, 0.702155338, 0.635609763, 0.320950509, -0, 0, 0, 0, 0, 0, 0, 0.200407764, -0.0877546875, -0.246020605, -0.649205478, 0.350642355, -0.674956688, 0.751953125, 0.162475586, -0.638793945, -0.114262762, -0.922257539, -0.369082849, 4, 1, 
297.724754, 0.1, 0.1, 0.181253745, -0.102434971, -0.0199492136, 0.438296623, -2.82850274e-005, 0.89883039, -0.898830389, -7.0033321e-005, 0.43829662, 5.05508453e-005, -0.999999997, -5.61188103e-005, 0.438296577, -4.87749054e-007, 0.898830413, -0.898830413, 2.69193508e-006, 0.438296577, -2.63337186e-006, -1, 7.41462246e-007, -0, 0, 0, 0, 0, 0, 0, 0.1605354, -0.108315527, -0.264744263, -0.690777582, 0.717270857, 0.0906301696, -0.172485352, -0.28527832, 0.942749023, 0.702155338, 0.635609763, 0.320950509, -0, 0, 0, 0, 0, 0, 0, 0.200359424, -0.0877380859, -0.246200635, -0.649205478, 0.350642355, -0.674956688, 0.751953125, 0.162475586, -0.638793945, -0.114262762, -0.922257539, -0.369082849, 4, 1, 
297.72555, 0.1, 0.1, 0.181253737, -0.102434996, -0.0199552827, 0.438296854, -1.65569254e-005, 0.898830277, -0.898830276, -6.26310189e-005, 0.438296852, 4.90378078e-005, -0.999999998, -4.23328444e-005, 0.438296804, -3.55950648e-005, 0.898830301, -0.898830298, -0.000109991929, 0.438296798, 8.32628756e-005, -0.999999993, -8.02030335e-005, -0, 0, 0, 0, 0, 0, 0, 0.1605354, -0.108315527, -0.264744263, -0.690777582, 0.717270857, 0.0906301696, -0.172485352, -0.28527832, 0.942749023, 0.702155338, 0.635609763, 0.320950509, -0, 0, 0, 0, 0, 0, 0, 0.200359424, -0.0877380859, -0.246200635, -0.649205478, 0.350642355, -0.674956688, 0.751953125, 0.162475586, -0.638793945, -0.114262762, -0.922257539, -0.369082849, 4, 1, 
297.726341, 0.1, 0.1, 0.181253743, -0.102434983, -0.0199640833, 0.438297102, 2.87733426e-005, 0.898830156, -0.898830155, 6.92545919e-005, 0.438297099, -4.9636843e-005, -0.999999997, 5.62164349e-005, 0.438297053, 3.51429432e-005, 0.89883018, -0.898830179, 8.10573772e-005, 0.438297049, -5.74537686e-005, -0.999999996, 6.71147475e-005, -0, 0, 0, 0, 0, 0, 0, 0.1605354, -0.108315527, -0.264744263, -0.690777582, 0.717270857, 0.0906301696, -0.172485352, -0.28527832, 0.942749023, 0.702155338, 0.635609763, 0.320950509, -0, 0, 0, 0, 0, 0, 0, 0.200359424, -0.0877380859, -0.246200635, -0.649205478, 0.350642355, -0.674956688, 0.751953125, 0.162475586, -0.638793945, -0.114262762, -0.922257539, -0.369082849, 4, 1, 
297.72713, 0.1, 0.1, 0.181253743, -0.10243499, -0.0199724062, 0.438297589, -6.33955063e-007, 0.898829919, -0.898829916, -8.72322311e-005, 0.438297587, 7.81290782e-005, -0.999999996, -3.88034943e-005, 0.438297451, -4.9830569e-006, 0.898829986, -0.898829984, -7.35402941e-005, 0.43829745, 6.39161604e-005, -0.999999997, -3.67114444e-005, -0, 0, 0, 0, 0, 0, 0, 0.1605354, -0.108315527, -0.264744263, -0.690777582, 0.717270857, 0.0906301696, -0.172485352, -0.28527832, 0.942749023, 0.702155338, 0.635609763, 0.320950509, -0, 0, 0, 0, 0, 0, 0, 0.200359424, -0.0877380859, -0.246200635, -0.649205478, 0.350642355, -0.674956688, 0.751953125, 0.162475586, -0.638793945, -0.114262762, -0.922257539, -0.369082849, 4, 1, 
297.727916, 0.1, 0.1, 0.181253748, -0.102434999, -0.0199778057, 0.438298406, 1.85634634e-005, 0.89882952, -0.89882952, 1.35755484e-005, 0.438298406, -4.06576721e-006, -1, 2.26355302e-005, 0.438298197, 2.85847208e-005, 0.898829622, -0.898829622, -1.78795093e-005, 0.438298197, 2.85992642e-005, -0.999999999, 1.78562371e-005, -0, 0, 0, 0, 0, 0, 0, 0.1605354, -0.108315527, -0.264744263, -0.690777582, 0.717270857, 0.0906301696, -0.172485352, -0.28527832, 0.942749023, 0.702155338, 0.635609763, 0.320950509, -0, 0, 0, 0, 0, 0, 0, 0.200359424, -0.0877380859, -0.246200635, -0.649205478, 0.350642355, -0.674956688, 0.751953125, 0.162475586, -0.638793945, -0.114262762, -0.922257539, -0.369082849, 4, 1, 
297.72874, 0.1, 0.1, 0.181253743, -0.10243499, -0.0199785868, 0.438299786, -3.36429132e-005, 0.898828847, -0.898828847, 2.48715948e-005, 0.438299787, -3.71009886e-005, -0.999999999, -1.93380062e-005, 0.438299505, -3.75349187e-005, 0.898828984, -0.898828984, 3.52863604e-005, 0.438299506, -4.81679398e-005, -0.999999999, -1.82714786e-005, -0, 0, 0, 0, 0, 0, 0, 0.160356104, -0.108510937, -0.264928687, -0.689983784, 0.717835502, 0.0914861244, -0.171020508, -0.284545898, 0.943237305, 0.703265532, 0.635273148, 0.319331836, -0, 0, 0, 0, 0, 0, 0, 0.200087598, -0.0879447266, -0.246378955, -0.649576246, 0.350885158, -0.674375199, 0.751464844, 0.161743164, -0.639526367, -0.115406415, -0.922232019, -0.368776247, 4, 1, 
297.729533, 0.1, 0.1, 0.181253745, -0.102434993, -0.0199747444, 0.438301149, 8.48300317e-006, 0.898828183, -0.898828183, -3.104723e-005, 0.438301149, 3.16242354e-005, -0.999999999, -5.98327426e-006, 0.438300911, 1.95701146e-005, 0.898828299, -0.898828298, -2.85416322e-005, 0.438300911, 3.42316258e-005, -0.999999999, 5.08034938e-006, -0, 0, 0, 0, 0, 0, 0, 0.160356104, -0.108510937, -0.264928687, -0.689983784, 0.717835502, 0.0914861244, -0.171020508, -0.284545898, 0.943237305, 0.703265532, 0.635273148, 0.319331836, -0, 0, 0, 0, 0, 0, 0, 0.200087598, -0.0879447266, -0.246378955, -0.649576246, 0.350885158, -0.674375199, 0.751464844, 0.161743164, -0.639526367, -0.115406415, -0.922232019, -0.368776247, 4, 1, 
297.730325, 0.1, 0.1, 0.181253745, -0.102434992, -0.0199681666, 0.43830216, 2.92202049e-006, 0.89882769, -0.89882769, 2.76405406e-006, 0.43830216, -1.20368044e-006, -1, 3.83788379e-006, 0.438301981, 4.71516734e-007, 0.898827777, -0.898827777, 1.47527306e-005, 0.438301981, -1.30534974e-005, -1, 6.88996341e-006, -0, 0, 0, 0, 0, 0, 0, 0.160356104, -0.108510937, -0.264928687, -0.689983784, 0.717835502, 0.0914861244, -0.171020508, -0.284545898, 0.943237305, 0.703265532, 0.635273148, 0.319331836, -0, 0, 0, 0, 0, 0, 0, 0.200087598, -0.0879447266, -0.246378955, -0.649576246, 0.350885158, -0.674375199, 0.751464844, 0.161743164, -0.639526367, -0.115406415, -0.922232019, -0.368776247, 4, 1, 
297.731146, 0.1, 0.1, 0.181253748, -0.102434993, -0.0199608144, 0.438303089, 1.56867452e-005, 0.898827237, -0.898827237, 3.59039937e-005, 0.438303088, -2.53959386e-005, -0.999999999, 2.98365052e-005, 0.438302859, 2.30076112e-005, 0.898827349, -0.898827349, 2.20266e-006, 0.438302859, 8.10449073e-006, -1, 2.16453024e-005, -0, 0, 0, 0, 0, 0, 0, 0.160220142, -0.108873926, -0.264760864, -0.688371103, 0.719529437, 0.0904953758, -0.171264648, -0.282470703, 0.943847656, 0.704863987, 0.634263303, 0.317758468, -0, 0, 0, 0, 0, 0, 0, 0.200087598, -0.0879447266, -0.246378955, -0.649800093, 0.351370764, -0.673927872, 0.750976563, 0.160766602, -0.640380859, -0.116780112, -0.92218098, -0.368361002, 4, 1, 
297.731934, 0.1, 0.1, 0.181253742, -0.102434992, -0.0199555154, 0.438304403, -3.66171085e-005, 0.898826596, -0.898826596, -4.35234928e-005, 0.438304401, 2.30706331e-005, -0.999999998, -5.19889695e-005, 0.438304106, -4.27920362e-005, 0.89882674, -0.898826741, -3.03473402e-005, 0.438304105, 8.52107573e-006, -0.999999999, -5.17639903e-005, -0, 0, 0, 0, 0, 0, 0, 0.160220142, -0.108873926, -0.264760864, -0.688371103, 0.719529437, 0.0904953758, -0.171264648, -0.282470703, 0.943847656, 0.704863987, 0.634263303, 0.317758468, -0, 0, 0, 0, 0, 0, 0, 0.199820654, -0.0881347656, -0.246340625, -0.649800093, 0.351370764, -0.673927872, 0.750976563, 0.160766602, -0.640380859, -0.116780112, -0.92218098, -0.368361002, 4, 1, 
297.732731, 0.1, 0.1, 0.181253747, -0.102434985, -0.0199537802, 0.438305959, 5.50641258e-005, 0.898825836, -0.898825837, 7.54589137e-005, 0.438305954, -4.3689487e-005, -0.999999996, 8.25671504e-005, 0.438305677, 4.67356473e-005, 0.898825974, -0.898825974, 7.20307436e-005, 0.438305674, -4.42586039e-005, -0.999999996, 7.35786975e-005, -0, 0, 0, 0, 0, 0, 0, 0.160220142, -0.108873926, -0.264760864, -0.688371103, 0.719529437, 0.0904953758, -0.171264648, -0.282470703, 0.943847656, 0.704863987, 0.634263303, 0.317758468, -0, 0, 0, 0, 0, 0, 0, 0.199820654, -0.0881347656, -0.246340625, -0.649800093, 0.351370764, -0.673927872, 0.750976563, 0.160766602, -0.640380859, -0.116780112, -0.92218098, -0.368361002, 4, 1, 
297.733522, 0.1, 0.1, 0.181253747, -0.102434985, -0.0199561228, 0.438306909, -7.86980151e-005, 0.898825371, -0.898825374, -3.67389504e-005, 0.438306908, -1.47198294e-006, -0.999999996, -8.68387086e-005, 0.438306828, -3.84312593e-005, 0.898825413, -0.898825413, -3.63186322e-005, 0.438306827, 1.57994262e-005, -0.999999999, -5.0461697e-005, -0, 0, 0, 0, 0, 0, 0, 0.160220142, -0.108873926, -0.264760864, -0.688371103, 0.719529437, 0.0904953758, -0.171264648, -0.282470703, 0.943847656, 0.704863987, 0.634263303, 0.317758468, -0, 0, 0, 0, 0, 0, 0, 0.199820654, -0.0881347656, -0.246340625, -0.649800093, 0.351370764, -0.673927872, 0.750976563, 0.160766602, -0.640380859, -0.116780112, -0.92218098, -0.368361002, 4, 1, 
297.73431, 0.1, 0.1, 0.181253732, -0.102434991, -0.0199615201, 0.438307426, -1.96035259e-005, 0.898825122, -0.898825122, 4.77318855e-006, 0.438307426, -1.28826328e-005, -1, -1.55280176e-005, 0.438307349, -5.7831206e-005, 0.898825158, -0.89882516, -1.58480052e-005, 0.438307349, -1.11032568e-005, -0.999999998, -5.89264401e-005, -0, 0, 0, 0, 0, 0, 0, 0.160220142, -0.108873926, -0.264760864, -0.688371103, 0.719529437, 0.0904953758, -0.171264648, -0.282470703, 0.943847656, 0.704863987, 0.634263303, 0.317758468, -0, 0, 0, 0, 0, 0, 0, 0.199820654, -0.0881347656, -0.246340625, -0.649800093, 0.351370764, -0.673927872, 0.750976563, 0.160766602, -0.640380859, -0.116780112, -0.92218098, -0.368361002, 4, 1, 
297.735107, 0.1, 0.1, 0.181253752, -0.102434986, -0.0199679637, 0.438307396, 0.000104791123, 0.898825131, -0.898825137, 3.00538484e-005, 0.438307396, 1.89175701e-005, -0.999999994, 0.00010736172, 0.438307398, 0.000114984401, 0.898825129, -0.898825135, 2.15777635e-005, 0.438307398, 3.10038775e-005, -0.999999993, 0.000112808563, -0, 0, 0, 0, 0, 0, 0, 0.160220142, -0.108873926, -0.264760864, -0.688371103, 0.719529437, 0.0904953758, -0.171264648, -0.282470703, 0.943847656, 0.704863987, 0.634263303, 0.317758468, -0, 0, 0, 0, 0, 0, 0, 0.199820654, -0.0881347656, -0.246340625, -0.649800093, 0.351370764, -0.673927872, 0.750976563, 0.160766602, -0.640380859, -0.116780112, -0.92218098, -0.368361002, 4, 1, 
