time, realDorsalTactorPos, realVentralTactorPos, boxPosX, boxPosY, boxPosZ, boxLocalRot_11, boxLocalRot_12, boxLocalRot_13, boxLocalRot_21, boxLocalRot_22, boxLocalRot_23, boxLocalRot_31, boxLocalRot_32, boxLocalRot_33, boxGlobalRot_11, boxGlobalRot_12, boxGlobalRot_13, boxGlobalRot_21, boxGlobalRot_22, boxGlobalRot_23, boxGlobalRot_31, boxGlobalRot_32, boxGlobalRot_33, indexForceX, indexForceY, indexForceZ, indexForceGlobalX, indexForceGlobalY, indexForceGlobalZ, indexContact, indexPosX, indexPosY, indexPosZ, indexRot_11, indexRot_12, indexRot_13, indexRot_21, indexRot_22, indexRot_23, indexRot_31, indexRot_32, indexRot_33, thumbForceX, thumbForceY, thumbForceZ, thumbForceGlobalX, thumbForceGlobalY, thumbForceGlobalZ, thumbContact, thumbPosX, thumbPosY, thumbPosZ, thumbRot_11, thumbRot_12, thumbRot_13, thumbRot_21, thumbRot_22, thumbRot_23, thumbRot_31, thumbRot_32, thumbRot_33, mapping, trialSuccess, 
249.222827, 0.1, 0.1, 0.198087668, 0.0856193304, -0.0199648897, 0.999934254, -9.67654091e-006, 0.0114668401, 0.0114668404, 2.98514872e-005, -0.999934253, 9.33360248e-006, 1, 2.99604839e-005, 0.999934255, 9.07665005e-006, 0.0114667509, 0.0114667507, 1.92587258e-005, -0.999934254, -9.29688831e-006, 1, 1.91533799e-005, 0, 0, 0, 0, 0, 0, 0, 0.235475244, -0.0532365234, -0.181161597, 0.0104663976, 0.562185302, -0.826903585, -0.616699219, 0.654541016, 0.437255859, 0.78710601, 0.5054358, 0.353804919, 0, 0, 0, 0, 0, 0, 0, 0.292768213, -0.0288853516, -0.15554126, 0.101886186, -0.042820206, -0.993857616, 0.510375977, -0.855224609, 0.0892333984, -0.853768236, -0.516337685, -0.0653037203, 3, 1, 
249.223676, 0.1, 0.1, 0.198087666, 0.0856193351, -0.0199373375, 0.999934236, -3.7121626e-006, 0.0114684147, 0.0114684148, 1.64623874e-005, -0.999934235, 3.52312099e-006, 1, 1.65038774e-005, 0.999934238, -3.69332598e-006, 0.0114682094, 0.0114682095, 2.93821627e-005, -0.999934237, 3.35612231e-006, 1, 2.94225863e-005, 0, 0, 0, 0, 0, 0, 0, 0.235407373, -0.0526990967, -0.181543628, 0.00909597253, 0.564018901, -0.825615535, -0.615722656, 0.653686523, 0.439819336, 0.787817432, 0.504527426, 0.353353728, 0, 0, 0, 0, 0, 0, 0, 0.292457324, -0.0286560059, -0.155970654, 0.100340048, -0.0423156432, -0.993985215, 0.51184082, -0.854492187, 0.0880126953, -0.853071543, -0.517634823, -0.0640897043, 3, 1, 
249.224486, 0.1, 0.1, 0.198087664, 0.0856193359, -0.019936079, 0.999934225, 1.68256597e-005, 0.0114692815, 0.011469281, 3.13874124e-005, -0.999934225, -1.71845441e-005, 0.999999999, 3.11923697e-005, 0.999934227, -5.25402014e-006, 0.0114691827, 0.0114691828, 2.04014757e-005, -0.999934227, 5.01968632e-006, 1, 2.04603932e-005, 0, 0, 0, 0, 0, 0, 0, 0.235407373, -0.0526990967, -0.181543628, 0.00909597253, 0.564018901, -0.825615535, -0.615722656, 0.653686523, 0.439819336, 0.787817432, 0.504527426, 0.353353728, 0, 0, 0, 0, 0, 0, 0, 0.292457324, -0.0286560059, -0.155970654, 0.100340048, -0.0423156432, -0.993985215, 0.51184082, -0.854492187, 0.0880126953, -0.853071543, -0.517634823, -0.0640897043, 3, 1, 
249.225343, 0.1, 0.1, 0.198087663, 0.0856193391, -0.0199440621, 0.999934221, 6.96350315e-006, 0.0114697163, 0.0114697163, 5.30109042e-006, -0.999934221, -7.0238471e-006, 1, 5.22087232e-006, 0.999934222, 8.21525143e-006, 0.0114696072, 0.0114696074, -2.44455581e-005, -0.999934222, -7.93433009e-006, 1, -2.45381759e-005, 0, 0, 0, 0, 0, 0, 0, 0.235604248, -0.0524494873, -0.18152605, 0.00861969423, 0.564495179, -0.825298016, -0.616577148, 0.652709961, 0.440063477, 0.787151315, 0.505193543, 0.353797806, 0, 0, 0, 0, 0, 0, 0, 0.292730615, -0.0282083008, -0.155979199, 0.100883257, -0.0419580016, -0.993921415, 0.512939453, -0.853881836, 0.0881347656, -0.852400736, -0.518701918, -0.0646967123, 3, 1, 
249.22617, 0.1, 0.1, 0.198087665, 0.0856193405, -0.019957871, 0.999934212, -1.54759734e-005, 0.0114704736, 0.0114704734, -1.38188291e-005, -0.999934212, 1.56334638e-005, 1, -1.36404032e-005, 0.999934214, 9.67864535e-007, 0.0114703218, 0.0114703218, -2.27870318e-005, -0.999934213, -7.06426275e-007, 1, -2.27966344e-005, 0, 0, 0, 0, 0, 0, 0, 0.235604248, -0.0524494873, -0.18152605, 0.00861969423, 0.564495179, -0.825298016, -0.616577148, 0.652709961, 0.440063477, 0.787151315, 0.505193543, 0.353797806, 0, 0, 0, 0, 0, 0, 0, 0.292730615, -0.0282083008, -0.155979199, 0.100883257, -0.0419580016, -0.993921415, 0.512939453, -0.853881836, 0.0881347656, -0.852400736, -0.518701918, -0.0646967123, 3, 1, 
249.22698, 0.1, 0.1, 0.198087661, 0.0856193396, -0.0199721391, 0.999934208, 3.52822164e-005, 0.0114707585, 0.0114707588, -8.94617764e-006, -0.999934209, -3.51772756e-005, 0.999999999, -9.35030285e-006, 0.999934208, 3.41904812e-005, 0.0114707391, 0.0114707392, -3.70623301e-006, -0.999934209, -3.41457185e-005, 0.999999999, -4.09817927e-006, 0, 0, 0, 0, 0, 0, 0, 0.235604248, -0.0524494873, -0.18152605, 0.00861969423, 0.564495179, -0.825298016, -0.616577148, 0.652709961, 0.440063477, 0.787151315, 0.505193543, 0.353797806, 0, 0, 0, 0, 0, 0, 0, 0.292730615, -0.0282083008, -0.155979199, 0.100883257, -0.0419580016, -0.993921415, 0.512939453, -0.853881836, 0.0881347656, -0.852400736, -0.518701918, -0.0646967123, 3, 1, 
249.227831, 0.1, 0.1, 0.198087664, 0.0856193387, -0.0199823137, 0.999934206, -4.05396337e-005, 0.0114709505, 0.0114709505, -6.95167932e-007, -0.999934206, 4.05449407e-005, 0.999999999, -2.30094062e-007, 0.999934207, -3.3354673e-005, 0.0114708771, 0.0114708774, 8.05890935e-006, -0.999934207, 3.32600357e-005, 0.999999999, 8.44098649e-006, 0, 0, 0, 0, 0, 0, 0, 0.235604248, -0.0524494873, -0.18152605, 0.00861969423, 0.564495179, -0.825298016, -0.616577148, 0.652709961, 0.440063477, 0.787151315, 0.505193543, 0.353797806, 0, 0, 0, 0, 0, 0, 0, 0.292730615, -0.0282083008, -0.155979199, 0.100883257, -0.0419580016, -0.993921415, 0.512939453, -0.853881836, 0.0881347656, -0.852400736, -0.518701918, -0.0646967123, 3, 1, 
249.228619, 0.1, 0.1, 0.198087667, 0.0856193381, -0.0199851711, 0.999934203, 1.38250211e-005, 0.0114712706, 0.0114712705, 5.09499089e-006, -0.999934203, -1.38825575e-005, 1, 4.9360651e-006, 0.999934203, -7.09092448e-006, 0.0114712358, 0.0114712358, 8.46649688e-006, -0.999934203, 6.99333674e-006, 1, 8.54728148e-006, 0, 0, 0, 0, 0, 0, 0, 0.235604248, -0.0524494873, -0.18152605, 0.00861969423, 0.564495179, -0.825298016, -0.616577148, 0.652709961, 0.440063477, 0.787151315, 0.505193543, 0.353797806, 0, 0, 0, 0, 0, 0, 0, 0.292730615, -0.0282083008, -0.155979199, 0.100883257, -0.0419580016, -0.993921415, 0.512939453, -0.853881836, 0.0881347656, -0.852400736, -0.518701918, -0.0646967123, 3, 1, 
249.229498, 0.1, 0.1, 0.19808766, 0.0856193382, -0.0199803324, 0.999934201, 1.13362928e-005, 0.0114713915, 0.0114713914, 6.16657048e-006, -0.999934201, -1.1406286e-005, 1, 6.03612167e-006, 0.999934202, 3.15134065e-005, 0.0114713261, 0.011471326, 4.62364136e-006, -0.999934202, -3.15643722e-005, 0.999999999, 4.26183657e-006, 0, 0, 0, 0, 0, 0, 0, 0.235604248, -0.0524494873, -0.18152605, 0.00861969423, 0.564495179, -0.825298016, -0.616577148, 0.652709961, 0.440063477, 0.787151315, 0.505193543, 0.353797806, 0, 0, 0, 0, 0, 0, 0, 0.292730615, -0.0282083008, -0.155979199, 0.100883257, -0.0419580016, -0.993921415, 0.512939453, -0.853881836, 0.0881347656, -0.852400736, -0.518701918, -0.0646967123, 3, 1, 
249.23037, 0.1, 0.1, 0.198087664, 0.0856193376, -0.0199689499, 0.999934199, 4.56806842e-006, 0.0114715702, 0.0114715702, 7.51117448e-007, -0.999934199, -4.57638433e-006, 1, 6.98665107e-007, 0.999934199, -1.72692082e-005, 0.0114715672, 0.0114715673, 1.11450394e-005, -0.999934199, 1.71402208e-005, 1, 1.1342411e-005, 0, 0, 0, 0, 0, 0, 0, 0.235575195, -0.0521897461, -0.181504443, 0.00810522393, 0.565149313, -0.824923209, -0.617919922, 0.651367187, 0.440307617, 0.786244064, 0.506202266, 0.354603586, 0, 0, 0, 0, 0, 0, 0, 0.292815576, -0.0279855469, -0.15576792, 0.101899312, -0.0415876001, -0.993832097, 0.514038086, -0.853149414, 0.0883789063, -0.851557488, -0.519890415, -0.0655465235, 3, 1, 
249.231194, 0.1, 0.1, 0.198087663, 0.0856193389, -0.0199578904, 0.999934203, 5.22556897e-006, 0.0114712369, 0.0114712367, 3.90696113e-005, -0.999934202, -5.67340191e-006, 0.999999999, 3.90070969e-005, 0.999934202, -9.78121825e-006, 0.0114713617, 0.0114713616, -2.04042639e-006, -0.999934202, 9.80398113e-006, 1, -1.92808824e-006, 0, 0, 0, 0, 0, 0, 0, 0.235575195, -0.0521897461, -0.181504443, 0.00810522393, 0.565149313, -0.824923209, -0.617919922, 0.651367187, 0.440307617, 0.786244064, 0.506202266, 0.354603586, 0, 0, 0, 0, 0, 0, 0, 0.292815576, -0.0279855469, -0.15576792, 0.101899312, -0.0415876001, -0.993832097, 0.514038086, -0.853149414, 0.0883789063, -0.851557488, -0.519890415, -0.0655465235, 3, 1, 
249.232061, 0.1, 0.1, 0.198087664, 0.0856193347, -0.0199494461, 0.999934206, 3.24099682e-006, 0.0114710166, 0.0114710167, -2.96658905e-005, -0.999934205, -2.90048566e-006, 1, -2.97011162e-005, 0.999934205, 5.15001155e-006, 0.0114710509, 0.0114710509, -1.05558624e-005, -0.999934205, -5.02858587e-006, 1, -1.06142439e-005, 0, 0, 0, 0, 0, 0, 0, 0.235575195, -0.0521897461, -0.181504443, 0.00810522393, 0.565149313, -0.824923209, -0.617919922, 0.651367187, 0.440307617, 0.786244064, 0.506202266, 0.354603586, 0, 0, 0, 0, 0, 0, 0, 0.292815576, -0.0279855469, -0.15576792, 0.101899312, -0.0415876001, -0.993832097, 0.514038086, -0.853149414, 0.0883789063, -0.851557488, -0.519890415, -0.0655465235, 3, 1, 
249.232883, 0.1, 0.1, 0.198087665, 0.0856193291, -0.0199464448, 0.99993421, -1.47262942e-005, 0.011470658, 0.0114706588, 5.59491679e-005, -0.999934208, 1.40835516e-005, 0.999999998, 5.61144073e-005, 0.999934209, 3.31191615e-006, 0.0114707114, 0.0114707112, 5.89945369e-005, -0.999934207, -3.98840756e-006, 0.999999998, 5.89526655e-005, 0, 0, 0, 0, 0, 0, 0, 0.235575195, -0.0521897461, -0.181504443, 0.00810522393, 0.565149313, -0.824923209, -0.617919922, 0.651367187, 0.440307617, 0.786244064, 0.506202266, 0.354603586, 0, 0, 0, 0, 0, 0, 0, 0.292815576, -0.0279855469, -0.15576792, 0.101899312, -0.0415876001, -0.993832097, 0.514038086, -0.853149414, 0.0883789063, -0.851557488, -0.519890415, -0.0655465235, 3, 1, 
249.233672, 0.1, 0.1, 0.198087666, 0.0856193313, -0.0199499458, 0.999934212, -1.03967805e-005, 0.0114704966, 0.0114704965, -1.18780227e-005, -0.999934212, 1.05323433e-005, 1, -1.1757985e-005, 0.999934211, -1.1203106e-005, 0.011470557, 0.0114705567, -2.83519874e-005, -0.999934211, 1.1527582e-005, 1, -2.82216163e-005, 0, 0, 0, 0, 0, 0, 0, 0.235575195, -0.0521897461, -0.181504443, 0.00810522393, 0.565149313, -0.824923209, -0.617919922, 0.651367187, 0.440307617, 0.786244064, 0.506202266, 0.354603586, 0, 0, 0, 0, 0, 0, 0, 0.292815576, -0.0279855469, -0.15576792, 0.101899312, -0.0415876001, -0.993832097, 0.514038086, -0.853149414, 0.0883789063, -0.851557488, -0.519890415, -0.0655465235, 3, 1, 
249.234481, 0.1, 0.1, 0.198087665, 0.085619328, -0.0199585186, 0.999934214, 1.41666723e-005, 0.011470287, 0.0114702873, -2.06862617e-005, -0.999934214, -1.39284629e-005, 1, -2.08473967e-005, 0.999934214, -4.43866246e-006, 0.011470291, 0.0114702911, 1.6267057e-005, -0.999934214, 4.25178258e-006, 1, 1.63168996e-005, 0, 0, 0, 0, 0, 0, 0, 0.235575195, -0.0521897461, -0.181504443, 0.00816850334, 0.565206601, -0.824885017, -0.618286133, 0.651123047, 0.440063477, 0.785863266, 0.506563968, 0.354844721, 0, 0, 0, 0, 0, 0, 0, 0.292815576, -0.0279855469, -0.15576792, 0.101899312, -0.0415876001, -0.993832097, 0.514038086, -0.853149414, 0.0883789063, -0.851557488, -0.519890415, -0.0655465235, 3, 1, 
249.235264, 0.1, 0.1, 0.198087666, 0.0856193319, -0.0199680042, 0.999934217, -2.69287508e-005, 0.011469998, 0.0114699987, 2.8200235e-005, -0.999934217, 2.66035227e-005, 0.999999999, 2.85072527e-005, 0.999934216, -2.86151189e-005, 0.0114701097, 0.0114701096, -4.68925392e-006, -0.999934216, 2.86670227e-005, 1, -4.36072689e-006, 0, 0, 0, 0, 0, 0, 0, 0.235800513, -0.0519624756, -0.181278516, 0.00816850334, 0.565206601, -0.824885017, -0.618286133, 0.651123047, 0.440063477, 0.785863266, 0.506563968, 0.354844721, 0, 0, 0, 0, 0, 0, 0, 0.29286709, -0.0279989746, -0.155776465, 0.102614962, -0.0416707223, -0.993768298, 0.514404297, -0.852905273, 0.0889892578, -0.851359527, -0.520267379, -0.0661535314, 3, 1, 
249.236057, 0.1, 0.1, 0.198087664, 0.0856193216, -0.0199757907, 0.999934228, 1.41845321e-005, 0.0114690736, 0.0114690732, 2.43580024e-005, -0.999934228, -1.44629629e-005, 1, 2.41937169e-005, 0.999934225, 2.01688696e-005, 0.0114692799, 0.011469279, 4.51376882e-005, -0.999934225, -2.06852398e-005, 0.999999999, 4.49033969e-005, 0, 0, 0, 0, 0, 0, 0, 0.235800513, -0.0519624756, -0.181278516, 0.00816850334, 0.565206601, -0.824885017, -0.618286133, 0.651123047, 0.440063477, 0.785863266, 0.506563968, 0.354844721, 0, 0, 0, 0, 0, 0, 0, 0.29286709, -0.0279989746, -0.155776465, 0.102614962, -0.0416707223, -0.993768298, 0.514404297, -0.852905273, 0.0889892578, -0.851359527, -0.520267379, -0.0661535314, 3, 1, 
249.23685, 0.1, 0.1, 0.198087664, 0.0856193283, -0.0199795994, 0.999934239, 4.82263278e-006, 0.0114681469, 0.011468147, -3.33089834e-005, -0.999934238, -4.44032332e-006, 0.999999999, -3.33620996e-005, 0.999934237, 3.91938491e-006, 0.0114682963, 0.0114682964, -3.87141927e-005, -0.999934236, -3.47514132e-006, 0.999999999, -3.87565954e-005, 0, 0, 0, 0, 0, 0, 0, 0.235800513, -0.0519624756, -0.181278516, 0.00816850334, 0.565206601, -0.824885017, -0.618286133, 0.651123047, 0.440063477, 0.785863266, 0.506563968, 0.354844721, 0, 0, 0, 0, 0, 0, 0, 0.29286709, -0.0279989746, -0.155776465, 0.102614962, -0.0416707223, -0.993768298, 0.514404297, -0.852905273, 0.0889892578, -0.851359527, -0.520267379, -0.0661535314, 3, 1, 
249.237658, 0.1, 0.1, 0.198087662, 0.0856193238, -0.0199783519, 0.999934248, 3.61833149e-006, 0.0114673726, 0.0114673724, 5.29549475e-005, -0.999934246, -4.22534768e-006, 0.999999999, 5.29099728e-005, 0.999934246, 9.75610243e-006, 0.0114675034, 0.0114675029, 4.54504682e-005, -0.999934245, -1.02766643e-005, 0.999999999, 4.53356015e-005, 0, 0, 0, 0, 0, 0, 0, 0.235800513, -0.0519624756, -0.181278516, 0.00816850334, 0.565206601, -0.824885017, -0.618286133, 0.651123047, 0.440063477, 0.785863266, 0.506563968, 0.354844721, 0, 0, 0, 0, 0, 0, 0, 0.292918604, -0.0279923828, -0.155561768, 0.103330612, -0.0415365609, -0.993704498, 0.514404297, -0.852783203, 0.0892333984, -0.851161567, -0.520376021, -0.0667605394, 3, 1, 
249.238472, 0.1, 0.1, 0.198087663, 0.0856193212, -0.0199726858, 0.999934252, 6.54290248e-006, 0.0114669459, 0.011466946, -2.80775489e-005, -0.999934252, -6.22050857e-006, 1, -2.815073e-005, 0.999934251, 2.84826101e-006, 0.0114670363, 0.0114670363, -6.8906821e-006, -0.999934251, -2.76905803e-006, 1, -6.92289016e-006, 0, 0, 0, 0, 0, 0, 0, 0.235800513, -0.0519624756, -0.181278516, 0.00816850334, 0.565206601, -0.824885017, -0.618286133, 0.651123047, 0.440063477, 0.785863266, 0.506563968, 0.354844721, 0, 0, 0, 0, 0, 0, 0, 0.292918604, -0.0279923828, -0.155561768, 0.103330612, -0.0415365609, -0.993704498, 0.514404297, -0.852783203, 0.0892333984, -0.851161567, -0.520376021, -0.0667605394, 3, 1, 
249.239257, 0.1, 0.1, 0.198087662, 0.085619323, -0.0199649941, 0.999934258, 1.47665157e-005, 0.0114664727, 0.0114664722, 3.07176842e-005, -0.999934257, -1.51177684e-005, 0.999999999, 3.05463449e-005, 0.999934256, -1.08317229e-006, 0.0114665999, 0.0114665999, 1.62727979e-005, -0.999934256, 8.96507419e-007, 1, 1.62841484e-005, 0, 0, 0, 0, 0, 0, 0, 0.235800513, -0.0519624756, -0.181278516, 0.00816850334, 0.565206601, -0.824885017, -0.618286133, 0.651123047, 0.440063477, 0.785863266, 0.506563968, 0.354844721, 0, 0, 0, 0, 0, 0, 0, 0.292918604, -0.0279923828, -0.155561768, 0.103330612, -0.0415365609, -0.993704498, 0.514404297, -0.852783203, 0.0892333984, -0.851161567, -0.520376021, -0.0667605394, 3, 1, 
249.240071, 0.1, 0.1, 0.198087663, 0.0856193237, -0.0199575429, 0.999934265, -1.77917048e-005, 0.0114658261, 0.0114658258, -2.04550617e-005, -0.999934265, 1.80250694e-005, 1, -2.02497205e-005, 0.999934264, -2.50927704e-005, 0.0114659397, 0.0114659391, -2.36501832e-005, -0.999934264, 2.53622925e-005, 0.999999999, -2.33609163e-005, 0, 0, 0, 0, 0, 0, 0, 0.235839819, -0.0521741211, -0.181264355, 0.00893009989, 0.565472823, -0.824649874, -0.618041992, 0.651367187, 0.440063477, 0.785989825, 0.505903843, 0.355549029, 0, 0, 0, 0, 0, 0, 0, 0.292918604, -0.0279923828, -0.155561768, 0.103330612, -0.0415365609, -0.993704498, 0.514404297, -0.852783203, 0.0892333984, -0.851161567, -0.520376021, -0.0667605394, 3, 1, 
249.240876, 0.1, 0.1, 0.198087662, 0.0856193171, -0.0199532763, 0.999934268, -6.32904467e-006, 0.0114655541, 0.0114655542, 2.70495289e-005, -0.999934268, 6.01849081e-006, 1, 2.71203169e-005, 0.999934268, 3.55442969e-006, 0.0114655937, 0.0114655935, 4.64306541e-005, -0.999934267, -4.08655106e-006, 0.999999999, 4.63868484e-005, 0, 0, 0, 0, 0, 0, 0, 0.235839819, -0.0521741211, -0.181264355, 0.00893009989, 0.565472823, -0.824649874, -0.618041992, 0.651367187, 0.440063477, 0.785989825, 0.505903843, 0.355549029, 0, 0, 0, 0, 0, 0, 0, 0.292918604, -0.0279923828, -0.155561768, 0.103330612, -0.0415365609, -0.993704498, 0.514404297, -0.852783203, 0.0892333984, -0.851161567, -0.520376021, -0.0667605394, 3, 1, 
249.24167, 0.1, 0.1, 0.19808766, 0.0856193197, -0.0199534008, 0.999934269, 2.55962622e-005, 0.0114654843, 0.0114654837, 2.39290217e-005, -0.999934269, -2.58689376e-005, 0.999999999, 2.36339753e-005, 0.999934269, 2.12764002e-005, 0.0114654637, 0.0114654638, -8.1980488e-006, -0.999934269, -2.11810072e-005, 1, -8.44145373e-006, 0, 0, 0, 0, 0, 0, 0, 0.235839819, -0.0521741211, -0.181264355, 0.00893009989, 0.565472823, -0.824649874, -0.618041992, 0.651367187, 0.440063477, 0.785989825, 0.505903843, 0.355549029, 0, 0, 0, 0, 0, 0, 0, 0.292918604, -0.0279923828, -0.155561768, 0.103330612, -0.0415365609, -0.993704498, 0.514404297, -0.852783203, 0.0892333984, -0.851161567, -0.520376021, -0.0667605394, 3, 1, 
249.242496, 0.1, 0.1, 0.198087661, 0.0856193188, -0.0199574968, 0.999934262, 5.22509712e-006, 0.0114660653, 0.0114660655, -3.57718669e-005, -0.999934262, -4.81459107e-006, 0.999999999, -3.58294266e-005, 0.999934265, -1.70645263e-005, 0.0114658718, 0.0114658715, -1.88203523e-005, -0.999934265, 1.72791963e-005, 1, -1.86234555e-005, 0, 0, 0, 0, 0, 0, 0, 0.236119946, -0.0524094482, -0.181267773, 0.0100092153, 0.565300959, -0.824732249, -0.617431641, 0.65222168, 0.439697266, 0.786560461, 0.504818736, 0.35580926, 0, 0, 0, 0, 0, 0, 0, 0.293155029, -0.0282187988, -0.155565186, 0.103598935, -0.0416962419, -0.993678979, 0.514038086, -0.853027344, 0.0893554688, -0.85137885, -0.520024576, -0.0670033426, 3, 1, 
249.243275, 0.1, 0.1, 0.198087664, 0.0856193198, -0.0199634254, 0.999934252, -2.22474677e-005, 0.0114669274, 0.0114669279, 2.09730942e-005, -0.999934252, 2.2005508e-005, 1, 2.12268254e-005, 0.999934254, -2.81266646e-005, 0.0114667729, 0.0114667735, 2.01228744e-005, -0.999934254, 2.7894071e-005, 0.999999999, 2.04440735e-005, 0, 0, 0, 0, 0, 0, 0, 0.236119946, -0.0524094482, -0.181267773, 0.0100092153, 0.565300959, -0.824732249, -0.617431641, 0.65222168, 0.439697266, 0.786560461, 0.504818736, 0.35580926, 0, 0, 0, 0, 0, 0, 0, 0.293155029, -0.0282187988, -0.155565186, 0.103598935, -0.0416962419, -0.993678979, 0.514038086, -0.853027344, 0.0893554688, -0.85137885, -0.520024576, -0.0670033426, 3, 1, 
249.244068, 0.1, 0.1, 0.198087656, 0.0856193233, -0.0199696455, 0.999934244, 3.91858647e-005, 0.0114676238, 0.0114676243, -1.37781242e-005, -0.999934245, -3.90252857e-005, 0.999999999, -1.42265869e-005, 0.999934245, 4.73662524e-005, 0.0114674892, 0.0114674903, -2.41062159e-005, -0.999934246, -4.70867001e-005, 0.999999999, -2.46478029e-005, 0, 0, 0, 0, 0, 0, 0, 0.236119946, -0.0524094482, -0.181267773, 0.0100092153, 0.565300959, -0.824732249, -0.617431641, 0.65222168, 0.439697266, 0.786560461, 0.504818736, 0.35580926, 0, 0, 0, 0, 0, 0, 0, 0.293155029, -0.0282187988, -0.155565186, 0.103598935, -0.0416962419, -0.993678979, 0.514038086, -0.853027344, 0.0893554688, -0.85137885, -0.520024576, -0.0670033426, 3, 1, 
249.244861, 0.1, 0.1, 0.198087659, 0.0856193225, -0.0199740782, 0.999934234, -2.98268115e-005, 0.011468537, 0.0114685367, -1.29859158e-005, -0.999934234, 2.99737793e-005, 0.999999999, -1.26429919e-005, 0.999934236, -3.32574819e-005, 0.0114683271, 0.0114683272, 4.74846118e-006, -0.999934237, 3.32008378e-005, 0.999999999, 5.12955659e-006, 0, 0, 0, 0, 0, 0, 0, 0.236119946, -0.0524094482, -0.181267773, 0.0100092153, 0.565300959, -0.824732249, -0.617431641, 0.65222168, 0.439697266, 0.786560461, 0.504818736, 0.35580926, 0, 0, 0, 0, 0, 0, 0, 0.293155029, -0.0282187988, -0.155565186, 0.103598935, -0.0416962419, -0.993678979, 0.514038086, -0.853027344, 0.0893554688, -0.85137885, -0.520024576, -0.0670033426, 3, 1, 
249.245654, 0.1, 0.1, 0.198087658, 0.0856193241, -0.0199753322, 0.999934219, 8.31470594e-006, 0.0114698531, 0.0114698529, 1.76656441e-005, -0.999934219, -8.51678133e-006, 1, 1.75691136e-005, 0.999934222, 1.55765456e-005, 0.0114695706, 0.0114695704, 9.22399868e-006, -0.999934222, -1.56813163e-005, 1, 9.04473566e-006, 0, 0, 0, 0, 0, 0, 0, 0.236119946, -0.0524094482, -0.181267773, 0.0100092153, 0.565300959, -0.824732249, -0.617431641, 0.65222168, 0.439697266, 0.786560461, 0.504818736, 0.35580926, 0, 0, 0, 0, 0, 0, 0, 0.293155029, -0.0282187988, -0.155565186, 0.103598935, -0.0416962419, -0.993678979, 0.514038086, -0.853027344, 0.0893554688, -0.85137885, -0.520024576, -0.0670033426, 3, 1, 
249.24644, 0.1, 0.1, 0.198087659, 0.0856193255, -0.0199733105, 0.999934201, 5.0013084e-006, 0.0114714233, 0.0114714234, -1.64045712e-005, -0.999934201, -4.81279554e-006, 1, -1.64608639e-005, 0.999934205, 2.418326e-006, 0.0114710887, 0.0114710887, -1.85081301e-005, -0.999934205, -2.20585849e-006, 1, -1.85346532e-005, 0, 0, 0, 0, 0, 0, 0, 0.236119946, -0.0524094482, -0.181267773, 0.0100092153, 0.565300959, -0.824732249, -0.617431641, 0.65222168, 0.439697266, 0.786560461, 0.504818736, 0.35580926, 0, 0, 0, 0, 0, 0, 0, 0.293155029, -0.0282187988, -0.155565186, 0.103598935, -0.0416962419, -0.993678979, 0.514038086, -0.853027344, 0.0893554688, -0.85137885, -0.520024576, -0.0670033426, 3, 1, 
249.247253, 0.1, 0.1, 0.198087658, 0.0856193224, -0.0199685427, 0.999934183, 1.13708421e-005, 0.0114729788, 0.0114729786, 1.21605112e-005, -0.999934183, -1.1509611e-005, 1, 1.20292534e-005, 0.999934186, -3.03601538e-006, 0.0114726964, 0.0114726965, 2.51901449e-005, -0.999934186, 2.74681668e-006, 1, 2.52233183e-005, 0, 0, 0, 0, 0, 0, 0, 0.236181592, -0.0526373291, -0.181271191, 0.0111898022, 0.565268758, -0.824814625, -0.616699219, 0.653076172, 0.439331055, 0.786991434, 0.503835101, 0.356069491, 0, 0, 0, 0, 0, 0, 0, 0.293389746, -0.0284417969, -0.155568604, 0.103880017, -0.0418814426, -0.993653459, 0.513427734, -0.853393555, 0.0897216797, -0.851717535, -0.519430328, -0.0672461458, 3, 1, 
249.248049, 0.1, 0.1, 0.19808766, 0.0856193254, -0.0199629481, 0.999934172, -1.75529161e-005, 0.0114739438, 0.0114739442, 1.79471145e-005, -0.999934172, 1.73458365e-005, 1, 1.81473343e-005, 0.999934173, -2.35375069e-005, 0.011473813, 0.0114738128, -8.89678892e-006, -0.999934174, 2.36380376e-005, 1, -8.62613832e-006, 0, 0, 0, 0, 0, 0, 0, 0.236181592, -0.0526373291, -0.181271191, 0.0111898022, 0.565268758, -0.824814625, -0.616699219, 0.653076172, 0.439331055, 0.786991434, 0.503835101, 0.356069491, 0, 0, 0, 0, 0, 0, 0, 0.293389746, -0.0284417969, -0.155568604, 0.103880017, -0.0418814426, -0.993653459, 0.513427734, -0.853393555, 0.0897216797, -0.851717535, -0.519430328, -0.0672461458, 3, 1, 
249.24886, 0.1, 0.1, 0.198087659, 0.0856193254, -0.0199584448, 0.999934167, -6.25126158e-006, 0.0114743695, 0.0114743693, -3.58112577e-005, -0.999934167, 6.66176164e-006, 0.999999999, -3.57371708e-005, 0.999934168, 2.27323803e-006, 0.0114743006, 0.0114743006, -2.15888298e-005, -0.999934168, -2.02537165e-006, 1, -2.16134924e-005, 0, 0, 0, 0, 0, 0, 0, 0.236181592, -0.0526373291, -0.181271191, 0.0111898022, 0.565268758, -0.824814625, -0.616699219, 0.653076172, 0.439331055, 0.786991434, 0.503835101, 0.356069491, 0, 0, 0, 0, 0, 0, 0, 0.293389746, -0.0284417969, -0.155568604, 0.103880017, -0.0418814426, -0.993653459, 0.513427734, -0.853393555, 0.0897216797, -0.851717535, -0.519430328, -0.0672461458, 3, 1, 
249.249651, 0.1, 0.1, 0.198087657, 0.0856193248, -0.0199566359, 0.999934161, -1.49421023e-005, 0.0114749229, 0.0114749233, 2.80738693e-005, -0.999934161, 1.4618973e-005, 0.999999999, 2.82434804e-005, 0.999934163, 1.07442418e-005, 0.011474764, 0.0114747637, 2.98482661e-005, -0.999934162, -1.10860362e-005, 0.999999999, 2.97230134e-005, 0, 0, 0, 0, 0, 0, 0, 0.236181592, -0.0526373291, -0.181271191, 0.0111898022, 0.565268758, -0.824814625, -0.616699219, 0.653076172, 0.439331055, 0.786991434, 0.503835101, 0.356069491, 0, 0, 0, 0, 0, 0, 0, 0.293389746, -0.0284417969, -0.155568604, 0.103880017, -0.0418814426, -0.993653459, 0.513427734, -0.853393555, 0.0897216797, -0.851717535, -0.519430328, -0.0672461458, 3, 1, 
249.25046, 0.1, 0.1, 0.198087658, 0.0856193295, -0.0199577122, 0.999934148, -2.70532297e-006, 0.0114760898, 0.0114760898, -1.46873145e-005, -0.999934147, 2.87369776e-006, 1, -1.46553007e-005, 0.999934151, 7.43510032e-006, 0.011475823, 0.0114758232, -3.30596849e-005, -0.99993415, -7.05522363e-006, 0.999999999, -3.31428318e-005, 0, 0, 0, 0, 0, 0, 0, 0.236181592, -0.0526373291, -0.181271191, 0.0111898022, 0.565268758, -0.824814625, -0.616699219, 0.653076172, 0.439331055, 0.786991434, 0.503835101, 0.356069491, 0, 0, 0, 0, 0, 0, 0, 0.293378027, -0.0286931152, -0.155565186, 0.103784135, -0.0424053285, -0.993678979, 0.513061523, -0.853515625, 0.0900878906, -0.851973098, -0.519117162, -0.0670033426, 3, 1, 
249.251244, 0.1, 0.1, 0.198087659, 0.0856193259, -0.0199612109, 0.999934135, -2.33410999e-006, 0.0114771902, 0.0114771902, -9.8142493e-006, -0.999934135, 2.44659626e-006, 1, -9.78681385e-006, 0.999934137, -8.27036415e-006, 0.0114769653, 0.0114769654, 1.75308412e-005, -0.999934137, 8.06861859e-006, 1, 1.76246053e-005, 0, 0, 0, 0, 0, 0, 0, 0.236181592, -0.0526373291, -0.181271191, 0.0111898022, 0.565268758, -0.824814625, -0.616699219, 0.653076172, 0.439331055, 0.786991434, 0.503835101, 0.356069491, 0, 0, 0, 0, 0, 0, 0, 0.293378027, -0.0286931152, -0.155565186, 0.103784135, -0.0424053285, -0.993678979, 0.513061523, -0.853515625, 0.0900878906, -0.851973098, -0.519117162, -0.0670033426, 3, 1, 
249.252046, 0.1, 0.1, 0.198087657, 0.0856193267, -0.0199658699, 0.99993412, -1.55915067e-005, 0.0114784885, 0.011478489, 2.98018092e-005, -0.99993412, 1.52483998e-005, 0.999999999, 2.99788128e-005, 0.999934123, -7.87877568e-006, 0.0114782468, 0.011478247, 1.79057158e-005, -0.999934123, 7.67273042e-006, 1, 1.79949707e-005, 0, 0, 0, 0, 0, 0, 0, 0.236423755, -0.0528611816, -0.181272534, 0.011526417, 0.565293846, -0.824833721, -0.616088867, 0.653686523, 0.439453125, 0.787556079, 0.503213168, 0.355948923, 0, 0, 0, 0, 0, 0, 0, 0.293378027, -0.0286931152, -0.155565186, 0.103784135, -0.0424053285, -0.993678979, 0.513061523, -0.853515625, 0.0900878906, -0.851973098, -0.519117162, -0.0670033426, 3, 1, 
249.25284, 0.1, 0.1, 0.198087657, 0.0856193271, -0.0199699343, 0.999934109, 3.05693783e-006, 0.011479469, 0.011479469, -1.87047035e-005, -0.999934109, -2.84201634e-006, 1, -1.87385631e-005, 0.999934111, -1.22645151e-007, 0.01147931, 0.01147931, -1.88302529e-005, -0.99993411, 3.38795381e-007, 1, -1.88276043e-005, 0, 0, 0, 0, 0, 0, 0, 0.236423755, -0.0528611816, -0.181272534, 0.011526417, 0.565293846, -0.824833721, -0.616088867, 0.653686523, 0.439453125, 0.787556079, 0.503213168, 0.355948923, 0, 0, 0, 0, 0, 0, 0, 0.293378027, -0.0286931152, -0.155565186, 0.103784135, -0.0424053285, -0.993678979, 0.513061523, -0.853515625, 0.0900878906, -0.851973098, -0.519117162, -0.0670033426, 3, 1, 
249.253633, 0.1, 0.1, 0.198087655, 0.0856193251, -0.0199722087, 0.999934102, 7.37485928e-006, 0.0114800821, 0.011480082, 8.64502629e-006, -0.999934102, -7.4736189e-006, 1, 8.5597926e-006, 0.999934103, 1.42454546e-005, 0.0114799877, 0.0114799874, 1.9982009e-005, -0.999934103, -1.44739091e-005, 1, 1.98171546e-005, 0, 0, 0, 0, 0, 0, 0, 0.236423755, -0.0528611816, -0.181272534, 0.011526417, 0.565293846, -0.824833721, -0.616088867, 0.653686523, 0.439453125, 0.787556079, 0.503213168, 0.355948923, 0, 0, 0, 0, 0, 0, 0, 0.293378027, -0.0286931152, -0.155565186, 0.103784135, -0.0424053285, -0.993678979, 0.513061523, -0.853515625, 0.0900878906, -0.851973098, -0.519117162, -0.0670033426, 3, 1, 
249.254431, 0.1, 0.1, 0.198087656, 0.0856193282, -0.0199720342, 0.999934096, 3.45252737e-006, 0.0114805636, 0.0114805635, 1.01599485e-005, -0.999934096, -3.56894176e-006, 1, 1.01196419e-005, 0.999934098, 9.67662741e-007, 0.0114804414, 0.0114804414, -1.12258105e-005, -0.999934097, -8.38721709e-007, 1, -1.12361799e-005, 0, 0, 0, 0, 0, 0, 0, 0.236423755, -0.0528394531, -0.181250195, 0.011526417, 0.565737923, -0.82441473, -0.615966797, 0.653442383, 0.439819336, 0.787556079, 0.502895649, 0.356253338, 0, 0, 0, 0, 0, 0, 0, 0.293378027, -0.0286931152, -0.155565186, 0.103784135, -0.0424053285, -0.993678979, 0.513061523, -0.853515625, 0.0900878906, -0.851973098, -0.519117162, -0.0670033426, 3, 1, 
249.255236, 0.1, 0.1, 0.198087655, 0.0856193282, -0.0199693542, 0.99993409, 4.28691505e-006, 0.0114811309, 0.011481131, -2.53211699e-005, -0.999934089, -3.99591683e-006, 1, -2.53687196e-005, 0.99993409, 1.29588478e-005, 0.0114810609, 0.0114810611, -1.5278298e-005, -0.99993409, -1.27825826e-005, 1, -1.54260724e-005, 0, 0, 0, 0, 0, 0, 0, 0.236423755, -0.0528394531, -0.181250195, 0.011526417, 0.565737923, -0.82441473, -0.615966797, 0.653442383, 0.439819336, 0.787556079, 0.502895649, 0.356253338, 0, 0, 0, 0, 0, 0, 0, 0.29360127, -0.028932959, -0.155553467, 0.103784135, -0.0426481317, -0.993583097, 0.513061523, -0.853515625, 0.0902099609, -0.851973098, -0.519142682, -0.0667477796, 3, 1, 
249.256043, 0.1, 0.1, 0.198087656, 0.0856193271, -0.0199654227, 0.999934089, 2.64446636e-005, 0.0114811211, 0.0114811205, 2.52704506e-005, -0.999934089, -2.67330537e-005, 0.999999999, 2.49651707e-005, 0.999934089, -1.4578275e-006, 0.0114811783, 0.0114811783, 2.69457582e-005, -0.999934089, 1.14836236e-006, 1, 2.69607197e-005, 0, 0, 0, 0, 0, 0, 0, 0.236423755, -0.0528394531, -0.181250195, 0.011526417, 0.565737923, -0.82441473, -0.615966797, 0.653442383, 0.439819336, 0.787556079, 0.502895649, 0.356253338, 0, 0, 0, 0, 0, 0, 0, 0.29360127, -0.028932959, -0.155553467, 0.103784135, -0.0426481317, -0.993583097, 0.513061523, -0.853515625, 0.0902099609, -0.851973098, -0.519142682, -0.0667477796, 3, 1, 
249.256847, 0.1, 0.1, 0.198087651, 0.0856193306, -0.0199616907, 0.999934098, -1.30031331e-005, 0.0114804059, 0.0114804058, -8.77162836e-006, -0.999934098, 1.3102978e-005, 1, -8.62176905e-006, 0.999934096, -8.6986717e-007, 0.0114805978, 0.0114805978, -2.49151514e-005, -0.999934095, 1.15585067e-006, 1, -2.49035228e-005, 0, 0, 0, 0, 0, 0, 0, 0.236423755, -0.0528394531, -0.181250195, 0.011526417, 0.565737923, -0.82441473, -0.615966797, 0.653442383, 0.439819336, 0.787556079, 0.502895649, 0.356253338, 0, 0, 0, 0, 0, 0, 0, 0.29360127, -0.028932959, -0.155553467, 0.103784135, -0.0426481317, -0.993583097, 0.513061523, -0.853515625, 0.0902099609, -0.851973098, -0.519142682, -0.0667477796, 3, 1, 
249.257637, 0.1, 0.1, 0.198087652, 0.085619327, -0.0199595056, 0.999934111, -3.4873233e-006, 0.0114792595, 0.0114792594, -1.42921953e-005, -0.999934111, 3.65115734e-006, 1, -1.42512217e-005, 0.999934109, -6.24789565e-006, 0.01147946, 0.0114794601, 1.53706602e-005, -0.999934109, 6.07103709e-006, 1, 1.54413698e-005, 0, 0, 0, 0, 0, 0, 0, 0.236423755, -0.0528394531, -0.181250195, 0.011526417, 0.565737923, -0.82441473, -0.615966797, 0.653442383, 0.439819336, 0.787556079, 0.502895649, 0.356253338, 0, 0, 0, 0, 0, 0, 0, 0.29360127, -0.028932959, -0.155553467, 0.103784135, -0.0426481317, -0.993583097, 0.513061523, -0.853515625, 0.0902099609, -0.851973098, -0.519142682, -0.0667477796, 3, 1, 
249.258447, 0.1, 0.1, 0.198087653, 0.0856193279, -0.0199594709, 0.999934119, -3.67508438e-005, 0.0114784954, 0.0114784967, 3.43287735e-005, -0.999934119, 3.63543799e-005, 0.999999999, 3.47483563e-005, 0.999934118, -2.41728459e-005, 0.0114786604, 0.0114786608, 1.74463379e-005, -0.999934118, 2.39709928e-005, 1, 1.77226604e-005, 0, 0, 0, 0, 0, 0, 0, 0.236423755, -0.0528394531, -0.181250195, 0.011526417, 0.565737923, -0.82441473, -0.615966797, 0.653442383, 0.439819336, 0.787556079, 0.502895649, 0.356253338, 0, 0, 0, 0, 0, 0, 0, 0.29360127, -0.028932959, -0.155553467, 0.103784135, -0.0426481317, -0.993583097, 0.513061523, -0.853515625, 0.0902099609, -0.851973098, -0.519142682, -0.0667477796, 3, 1, 
249.259268, 0.1, 0.1, 0.19808765, 0.0856193286, -0.0199610805, 0.999934127, 3.76076646e-005, 0.0114777723, 0.0114777732, -2.3737406e-005, -0.999934128, -3.73327347e-005, 0.999999999, -2.41674946e-005, 0.999934126, 3.64269538e-005, 0.0114779163, 0.0114779171, -2.3730344e-005, -0.999934126, -3.61521793e-005, 0.999999999, -2.41468863e-005, 0, 0, 0, 0, 0, 0, 0, 0.236642236, -0.0525944824, -0.181236646, 0.0114249456, 0.566182001, -0.824154499, -0.615844727, 0.653198242, 0.440307617, 0.787695743, 0.50257813, 0.356335713, 0, 0, 0, 0, 0, 0, 0, 0.29360127, -0.028932959, -0.155553467, 0.103867257, -0.0425843326, -0.993583097, 0.513671875, -0.853149414, 0.0902099609, -0.851596134, -0.51974969, -0.0667477796, 3, 1, 
249.260061, 0.1, 0.1, 0.19808765, 0.0856193261, -0.0199635377, 0.999934135, -2.18461086e-006, 0.0114771586, 0.0114771586, 9.54932895e-006, -0.999934135, 2.07486781e-006, 1, 9.57377311e-006, 0.999934134, -1.54525278e-005, 0.0114772679, 0.0114772683, 2.47763595e-005, -0.999934134, 1.5167145e-005, 1, 2.49520804e-005, 0, 0, 0, 0, 0, 0, 0, 0.236642236, -0.0525944824, -0.181236646, 0.0114249456, 0.566182001, -0.824154499, -0.615844727, 0.653198242, 0.440307617, 0.787695743, 0.50257813, 0.356335713, 0, 0, 0, 0, 0, 0, 0, 0.293614697, -0.0287182617, -0.155553467, 0.103867257, -0.0425843326, -0.993583097, 0.513671875, -0.853149414, 0.0902099609, -0.851596134, -0.51974969, -0.0667477796, 3, 1, 
249.260855, 0.1, 0.1, 0.198087645, 0.0856193316, -0.019966471, 0.999934141, -4.89664125e-006, 0.0114766197, 0.0114766197, -1.49650074e-006, -0.999934141, 4.91349353e-006, 1, -1.44020529e-006, 0.99993414, 1.97049817e-005, 0.0114767246, 0.0114767251, -2.37622786e-005, -0.99993414, -1.94309708e-005, 1, -2.39868623e-005, 0, 0, 0, 0, 0, 0, 0, 0.236642236, -0.0525944824, -0.181236646, 0.0114249456, 0.566182001, -0.824154499, -0.615844727, 0.653198242, 0.440307617, 0.787695743, 0.50257813, 0.356335713, 0, 0, 0, 0, 0, 0, 0, 0.293614697, -0.0287182617, -0.155553467, 0.103867257, -0.0425843326, -0.993583097, 0.513671875, -0.853149414, 0.0902099609, -0.851596134, -0.51974969, -0.0667477796, 3, 1, 
249.261653, 0.1, 0.1, 0.198087645, 0.0856193217, -0.019968845, 0.999934152, 2.32730075e-005, 0.0114756752, 0.0114756744, 3.43228051e-005, -0.999934152, -2.36653524e-005, 0.999999999, 3.40534716e-005, 0.99993415, 1.44198078e-005, 0.0114758928, 0.0114758921, 5.15539993e-005, -0.999934148, -1.50104864e-005, 0.999999999, 5.13851243e-005, 0, 0, 0, 0, 0, 0, 0, 0.236642236, -0.0525944824, -0.181236646, 0.0114249456, 0.566182001, -0.824154499, -0.615844727, 0.653198242, 0.440307617, 0.787695743, 0.50257813, 0.356335713, 0, 0, 0, 0, 0, 0, 0, 0.293614697, -0.0287182617, -0.155553467, 0.103867257, -0.0425843326, -0.993583097, 0.513671875, -0.853149414, 0.0902099609, -0.851596134, -0.51974969, -0.0667477796, 3, 1, 
249.262448, 0.1, 0.1, 0.198087647, 0.085619332, -0.0199699101, 0.999934168, -2.7423471e-005, 0.0114742435, 0.0114742417, -6.72367507e-005, -0.999934166, 2.81931564e-005, 0.999999997, -6.69176609e-005, 0.999934165, -2.60252719e-005, 0.0114745573, 0.0114745555, -6.78905744e-005, -0.999934163, 2.68025728e-005, 0.999999997, -6.75874764e-005, 0, 0, 0, 0, 0, 0, 0, 0.236642236, -0.0525944824, -0.181236646, 0.0114249456, 0.566182001, -0.824154499, -0.615844727, 0.653198242, 0.440307617, 0.787695743, 0.50257813, 0.356335713, 0, 0, 0, 0, 0, 0, 0, 0.293614697, -0.0287182617, -0.155553467, 0.103867257, -0.0425843326, -0.993583097, 0.513671875, -0.853149414, 0.0902099609, -0.851596134, -0.51974969, -0.0667477796, 3, 1, 
249.263227, 0.1, 0.1, 0.198087642, 0.0856193334, -0.0199695086, 0.999934184, 4.67731266e-005, 0.01147282, 0.0114728183, 3.58735609e-005, -0.999934184, -4.71816191e-005, 0.999999998, 3.53345803e-005, 0.999934181, 4.28814494e-005, 0.0114730831, 0.011473082, 2.49764984e-005, -0.999934182, -4.31651845e-005, 0.999999999, 2.44828721e-005, 0, 0, 0, 0, 0, 0, 0, 0.236642236, -0.0525944824, -0.181236646, 0.0114249456, 0.566182001, -0.824154499, -0.615844727, 0.653198242, 0.440307617, 0.787695743, 0.50257813, 0.356335713, 0, 0, 0, 0, 0, 0, 0, 0.293614697, -0.0287182617, -0.155553467, 0.103867257, -0.0425843326, -0.993583097, 0.513671875, -0.853149414, 0.0902099609, -0.851596134, -0.51974969, -0.0667477796, 3, 1, 
249.264037, 0.1, 0.1, 0.198087643, 0.0856193348, -0.019967639, 0.999934196, -3.34417017e-005, 0.0114717961, 0.0114717944, -5.13197157e-005, -0.999934195, 3.40282304e-005, 0.999999998, -5.09327023e-005, 0.999934195, -2.8922537e-005, 0.0114719283, 0.0114719273, -3.32737668e-005, -0.999934195, 2.9302348e-005, 0.999999999, -3.293978e-005, 0, 0, 0, 0, 0, 0, 0, 0.23639519, -0.0523182617, -0.181423267, 0.0109175885, 0.567273099, -0.823431095, -0.614990234, 0.653076172, 0.441772461, 0.78839406, 0.501663765, 0.356221137, 0, 0, 0, 0, 0, 0, 0, 0.293614697, -0.0287182617, -0.155553467, 0.103113328, -0.0421818483, -0.993755538, 0.514160156, -0.852905273, 0.0894775391, -0.85142989, -0.520075615, -0.066274933, 3, 1, 
249.264859, 0.1, 0.1, 0.19808764, 0.0856193397, -0.019964737, 0.999934201, 3.89516365e-005, 0.0114714008, 0.0114713997, 2.77299661e-005, -0.999934201, -3.92671751e-005, 0.999999999, 2.72813117e-005, 0.9999342, 3.77563233e-005, 0.0114714175, 0.0114714172, 8.50363346e-006, -0.999934201, -3.78513877e-005, 0.999999999, 8.06995539e-006, 0, 0, 0, 0, 0, 0, 0, 0.23639519, -0.0523182617, -0.181423267, 0.0109175885, 0.567273099, -0.823431095, -0.614990234, 0.653076172, 0.441772461, 0.78839406, 0.501663765, 0.356221137, 0, 0, 0, 0, 0, 0, 0, 0.293568311, -0.0284752441, -0.155778174, 0.103113328, -0.0421818483, -0.993755538, 0.514160156, -0.852905273, 0.0894775391, -0.85142989, -0.520075615, -0.066274933, 3, 1, 
249.265657, 0.1, 0.1, 0.198087645, 0.0856193409, -0.0199622763, 0.999934196, -5.78519251e-005, 0.0114716803, 0.0114716774, -4.98382246e-005, -0.999934197, 5.84198464e-005, 0.999999997, -4.91712865e-005, 0.999934198, -5.30829883e-005, 0.0114715688, 0.0114715671, -3.15214633e-005, -0.999934199, 5.3441096e-005, 0.999999998, -3.0910444e-005, 0, 0, 0, 0, 0, 0, 0, 0.23639519, -0.0523182617, -0.181423267, 0.0109175885, 0.567273099, -0.823431095, -0.614990234, 0.653076172, 0.441772461, 0.78839406, 0.501663765, 0.356221137, 0, 0, 0, 0, 0, 0, 0, 0.293568311, -0.0284752441, -0.155778174, 0.103113328, -0.0421818483, -0.993755538, 0.514160156, -0.852905273, 0.0894775391, -0.85142989, -0.520075615, -0.066274933, 3, 1, 
249.266469, 0.1, 0.1, 0.198087644, 0.0856193432, -0.0199609329, 0.999934188, 3.42560379e-005, 0.0114725318, 0.0114725303, 4.52104256e-005, -0.999934187, -3.47724615e-005, 0.999999998, 4.48144467e-005, 0.999934191, 2.87862817e-005, 0.0114722778, 0.0114722772, 1.91610819e-005, -0.999934191, -2.90042086e-005, 0.999999999, 1.88295768e-005, 0, 0, 0, 0, 0, 0, 0, 0.23639519, -0.0523182617, -0.181423267, 0.0105880868, 0.567945207, -0.822904642, -0.613769531, 0.653442383, 0.443115234, 0.789434983, 0.500444986, 0.355643387, 0, 0, 0, 0, 0, 0, 0, 0.293568311, -0.0284752441, -0.155778174, 0.103113328, -0.0421818483, -0.993755538, 0.514160156, -0.852905273, 0.0894775391, -0.85142989, -0.520075615, -0.066274933, 3, 1, 
