time, realDorsalTactorPos, realVentralTactorPos, boxPosX, boxPosY, boxPosZ, boxLocalRot_11, boxLocalRot_12, boxLocalRot_13, boxLocalRot_21, boxLocalRot_22, boxLocalRot_23, boxLocalRot_31, boxLocalRot_32, boxLocalRot_33, boxGlobalRot_11, boxGlobalRot_12, boxGlobalRot_13, boxGlobalRot_21, boxGlobalRot_22, boxGlobalRot_23, boxGlobalRot_31, boxGlobalRot_32, boxGlobalRot_33, indexForceX, indexForceY, indexForceZ, indexForceGlobalX, indexForceGlobalY, indexForceGlobalZ, indexContact, indexPosX, indexPosY, indexPosZ, indexRot_11, indexRot_12, indexRot_13, indexRot_21, indexRot_22, indexRot_23, indexRot_31, indexRot_32, indexRot_33, thumbForceX, thumbForceY, thumbForceZ, thumbForceGlobalX, thumbForceGlobalY, thumbForceGlobalZ, thumbContact, thumbPosX, thumbPosY, thumbPosZ, thumbRot_11, thumbRot_12, thumbRot_13, thumbRot_21, thumbRot_22, thumbRot_23, thumbRot_31, thumbRot_32, thumbRot_33, mapping, trialSuccess, 
224.427533, 0.1, 0.1, 0.110210157, -0.20386768, -0.0199623326, 0.974999767, 0.222205881, -7.89766061e-006, -0.222205881, 0.974999767, -2.56418586e-005, 2.00244549e-006, 2.67557128e-005, 1, 0.974999737, 0.222206015, -1.33504905e-005, -0.222206015, 0.974999737, -9.31907962e-006, 1.09459692e-005, 1.20526595e-005, 1, 0, 0, 0, 0, 0, 0, 0, 0.0946048584, -0.156282178, -0.222629443, -0.50493275, 0.838709278, 0.203602406, 0.0946044922, -0.180664063, 0.979003906, 0.857984717, 0.513547317, 0.0119984593, 0, 0, 0, 0, 0, 0, 0, 0.15001543, -0.141294824, -0.216502539, -0.774283688, 0.458452106, -0.436190149, 0.424560547, -0.134643555, -0.895263672, -0.469247458, -0.878276716, -0.090278293, 3, 1, 
224.460568, 0.1, 0.1, 0.110210196, -0.203867711, -0.0199600083, 0.97499534, 0.222225299, 6.66388064e-005, -0.222225304, 0.974995338, 7.69616283e-005, -4.78697047e-005, -8.98460579e-005, 0.999999995, 0.974995539, 0.222224431, 3.34863315e-005, -0.222224432, 0.974995537, 6.35904024e-005, -1.85176828e-005, -6.94418397e-005, 0.999999997, 0, 0, 0, 0, 0, 0, 0, 0.0949329346, -0.152705078, -0.218861353, -0.507383412, 0.833983183, 0.216663002, 0.10168457, -0.191650391, 0.976196289, 0.855777434, 0.517262063, 0.0125252948, 0, 0, 0, 0, 0, 0, 0, 0.150106348, -0.138761279, -0.213288135, -0.776596515, 0.459704402, -0.430452924, 0.421264648, -0.12890625, -0.897583008, -0.468263119, -0.878513323, -0.0934803104, 3, 1, 
224.461551, 0.1, 0.1, 0.110210194, -0.203867715, -0.0199603342, 0.974994499, 0.222228986, -6.281817e-005, -0.22222899, 0.974994499, -5.68388777e-005, 4.8616124e-005, 6.93776116e-005, 0.999999996, 0.974994639, 0.222228381, -3.56975256e-005, -0.222228382, 0.974994639, -3.13657167e-005, 2.78345437e-005, 3.85144089e-005, 0.999999999, 0, 0, 0, 0, 0, 0, 0, 0.0955891113, -0.151824316, -0.218834985, -0.507383412, 0.833983183, 0.216663002, 0.10168457, -0.191650391, 0.976196289, 0.855777434, 0.517262063, 0.0125252948, 0, 0, 0, 0, 0, 0, 0, 0.150089502, -0.138261572, -0.213243457, -0.776654118, 0.460407292, -0.429686235, 0.420654297, -0.128662109, -0.897949219, -0.468882887, -0.878193961, -0.0937679562, 3, 1, 
224.462566, 0.1, 0.1, 0.110210199, -0.203867705, -0.0199591797, 0.974993797, 0.22223207, 6.06977418e-005, -0.222232072, 0.974993797, 3.5899566e-005, -5.12018869e-005, -4.84908391e-005, 0.999999998, 0.974993905, 0.222231602, 2.65923725e-005, -0.222231602, 0.974993905, -1.46120242e-005, -2.91746547e-005, 8.336969e-006, 1, 0, 0, 0, 0, 0, 0, 0, 0.0955891113, -0.151824316, -0.218834985, -0.507383412, 0.833983183, 0.216663002, 0.10168457, -0.191650391, 0.976196289, 0.855777434, 0.517262063, 0.0125252948, 0, 0, 0, 0, 0, 0, 0, 0.150089502, -0.138261572, -0.213243457, -0.776654118, 0.460407292, -0.429686235, 0.420654297, -0.128662109, -0.897949219, -0.468882887, -0.878193961, -0.0937679562, 3, 1, 
224.463616, 0.1, 0.1, 0.110210196, -0.203867729, -0.0199561663, 0.974993418, 0.222233727, -6.66514626e-005, -0.222233725, 0.974993421, 3.64667975e-005, 7.30888899e-005, -2.07426847e-005, 0.999999997, 0.974993459, 0.222233557, -2.86790303e-005, -0.222233554, 0.974993457, 7.8828767e-005, 4.54802642e-005, -7.04840894e-005, 0.999999996, 0, 0, 0, 0, 0, 0, 0, 0.0955891113, -0.151824316, -0.218834985, -0.507383412, 0.833983183, 0.216663002, 0.10168457, -0.191650391, 0.976196289, 0.855777434, 0.517262063, 0.0125252948, 0, 0, 0, 0, 0, 0, 0, 0.150089502, -0.138261572, -0.213243457, -0.776654118, 0.460407292, -0.429686235, 0.420654297, -0.128662109, -0.897949219, -0.468882887, -0.878193961, -0.0937679562, 3, 1, 
224.464644, 0.1, 0.1, 0.110210205, -0.203867707, -0.0199532643, 0.974993525, 0.222233265, 5.10976485e-005, -0.22223326, 0.974993524, -8.04348884e-005, -6.76951842e-005, 6.70678983e-005, 0.999999995, 0.974993469, 0.222233515, 1.25786443e-005, -0.222233513, 0.974993464, -0.000103614588, -3.529073e-005, 9.82281501e-005, 0.999999995, 0, 0, 0, 0, 0, 0, 0, 0.0955891113, -0.151824316, -0.218834985, -0.507383412, 0.833983183, 0.216663002, 0.10168457, -0.191650391, 0.976196289, 0.855777434, 0.517262063, 0.0125252948, 0, 0, 0, 0, 0, 0, 0, 0.150089502, -0.138261572, -0.213243457, -0.776654118, 0.460407292, -0.429686235, 0.420654297, -0.128662109, -0.897949219, -0.468882887, -0.878193961, -0.0937679562, 3, 1, 
224.465728, 0.1, 0.1, 0.110210201, -0.203867729, -0.019950644, 0.974994111, 0.222230691, -5.77485305e-005, -0.222230683, 0.974994107, 0.000118627509, 8.26671501e-005, -0.000102827627, 0.999999991, 0.974993969, 0.222231321, -2.36719386e-005, -0.222231317, 0.974993962, 0.000124058418, 5.06496634e-005, -0.000115695564, 0.999999992, 0, 0, 0, 0, 0, 0, 0, 0.0941343506, -0.151704443, -0.219298901, -0.501086575, 0.836633422, 0.220906827, 0.105834961, -0.194213867, 0.975219727, 0.858858646, 0.512145813, 0.00888693249, 0, 0, 0, 0, 0, 0, 0, 0.149118896, -0.13798374, -0.213639502, -0.776807969, 0.464017623, -0.425494781, 0.416503906, -0.127807617, -0.900024414, -0.472090368, -0.876341587, -0.0939411303, 3, 1, 
224.466743, 0.1, 0.1, 0.110210211, -0.203867717, -0.0199499639, 0.974994997, 0.222226808, 3.31938734e-005, -0.222226801, 0.974994988, -0.000147750964, -6.51980853e-005, 0.000136679883, 0.999999989, 0.974994806, 0.222227649, 2.98648884e-006, -0.222227647, 0.974994799, -0.000121169387, -2.9838999e-005, 0.000117475842, 0.999999993, 0, 0, 0, 0, 0, 0, 0, 0.0941343506, -0.151704443, -0.219298901, -0.501086575, 0.836633422, 0.220906827, 0.105834961, -0.194213867, 0.975219727, 0.858858646, 0.512145813, 0.00888693249, 0, 0, 0, 0, 0, 0, 0, 0.149118896, -0.13798374, -0.213639502, -0.776807969, 0.464017623, -0.425494781, 0.416503906, -0.127807617, -0.900024414, -0.472090368, -0.876341587, -0.0939411303, 3, 1, 
224.467774, 0.1, 0.1, 0.110210206, -0.203867707, -0.0199518244, 0.974996014, 0.222222348, -2.04440449e-005, -0.222222345, 0.97499601, 9.52046771e-005, 4.10894692e-005, -8.82810571e-005, 0.999999995, 0.974995815, 0.222223221, -3.905821e-006, -0.222223221, 0.974995815, 3.81020914e-005, 1.22753286e-005, -3.62814155e-005, 0.999999999, 0, 0, 0, 0, 0, 0, 0, 0.0941343506, -0.151704443, -0.219298901, -0.501086575, 0.836633422, 0.220906827, 0.105834961, -0.194213867, 0.975219727, 0.858858646, 0.512145813, 0.00888693249, 0, 0, 0, 0, 0, 0, 0, 0.149118896, -0.13798374, -0.213639502, -0.776807969, 0.464017623, -0.425494781, 0.416503906, -0.127807617, -0.900024414, -0.472090368, -0.876341587, -0.0939411303, 3, 1, 
224.468852, 0.1, 0.1, 0.110210206, -0.20386773, -0.0199541326, 0.974996848, 0.22221869, -1.83211679e-006, -0.22221869, 0.974996848, -2.54122189e-005, -3.86076188e-006, 2.51839639e-005, 1, 0.97499673, 0.222219206, 2.20640699e-005, -0.222219207, 0.97499673, 3.70572998e-005, -1.32775523e-005, -4.10338062e-005, 0.999999999, 0, 0, 0, 0, 0, 0, 0, 0.0930495361, -0.151412964, -0.220173535, -0.496249652, 0.83821166, 0.225760603, 0.109130859, -0.197753906, 0.974121094, 0.861305943, 0.508064495, 0.00675865866, 0, 0, 0, 0, 0, 0, 0, 0.148363477, -0.137744238, -0.214259033, -0.777268422, 0.467180628, -0.421118127, 0.412841797, -0.126220703, -0.901977539, -0.47471636, -0.874904458, -0.0947085525, 3, 1, 
224.469871, 0.1, 0.1, 0.110210214, -0.203867714, -0.0199565785, 0.97499732, 0.222216621, 1.55216137e-005, -0.222216621, 0.97499732, -1.17019416e-005, -1.77338977e-005, 7.96020117e-006, 1, 0.974997213, 0.222217091, -4.61658679e-006, -0.222217091, 0.974997211, -5.55242392e-005, -7.83727567e-006, 5.51618629e-005, 0.999999998, 0, 0, 0, 0, 0, 0, 0, 0.0930495361, -0.151412964, -0.220173535, -0.496249652, 0.83821166, 0.225760603, 0.109130859, -0.197753906, 0.974121094, 0.861305943, 0.508064495, 0.00675865866, 0, 0, 0, 0, 0, 0, 0, 0.148363477, -0.137744238, -0.214259033, -0.777268422, 0.467180628, -0.421118127, 0.412841797, -0.126220703, -0.901977539, -0.47471636, -0.874904458, -0.0947085525, 3, 1, 
224.470902, 0.1, 0.1, 0.110210213, -0.203867741, -0.0199582261, 0.974997973, 0.222213752, 1.98464534e-005, -0.222213752, 0.97499797, 7.65450305e-005, -2.34089343e-006, -7.90414045e-005, 0.999999997, 0.974997855, 0.222214271, 1.0533778e-006, -0.22221427, 0.974997849, 0.000108672026, 2.31214341e-005, -0.000106189068, 0.999999994, 0, 0, 0, 0, 0, 0, 0, 0.0930495361, -0.151412964, -0.220173535, -0.496249652, 0.83821166, 0.225760603, 0.109130859, -0.197753906, 0.974121094, 0.861305943, 0.508064495, 0.00675865866, 0, 0, 0, 0, 0, 0, 0, 0.148363477, -0.137744238, -0.214259033, -0.777268422, 0.467180628, -0.421118127, 0.412841797, -0.126220703, -0.901977539, -0.47471636, -0.874904458, -0.0947085525, 3, 1, 
224.471918, 0.1, 0.1, 0.110210217, -0.203867726, -0.0199587444, 0.974998429, 0.222211753, -1.92989662e-005, -0.222211754, 0.974998425, -8.99110953e-005, -1.16284052e-006, 9.19516337e-005, 0.999999996, 0.974998344, 0.222212127, -2.65502994e-005, -0.222212128, 0.974998339, -9.10836386e-005, 5.6466088e-006, 9.47061953e-005, 0.999999995, 0, 0, 0, 0, 0, 0, 0, 0.0930495361, -0.151412964, -0.220173535, -0.496249652, 0.83821166, 0.225760603, 0.109130859, -0.197753906, 0.974121094, 0.861305943, 0.508064495, 0.00675865866, 0, 0, 0, 0, 0, 0, 0, 0.148363477, -0.137744238, -0.214259033, -0.777268422, 0.467180628, -0.421118127, 0.412841797, -0.126220703, -0.901977539, -0.47471636, -0.874904458, -0.0947085525, 3, 1, 
224.472978, 0.1, 0.1, 0.110210212, -0.203867732, -0.019957721, 0.97499881, 0.222210079, 3.64442881e-005, -0.222210082, 0.974998806, 8.42241849e-005, -1.68176746e-005, -9.02167683e-005, 0.999999996, 0.974998724, 0.222210454, 4.63009298e-005, -0.222210457, 0.974998722, 6.62688326e-005, -3.041772e-005, -7.4900578e-005, 0.999999997, 0, 0, 0, 0, 0, 0, 0, 0.0923136719, -0.151571509, -0.219678101, -0.493272536, 0.839638251, 0.226794413, 0.109985352, -0.198364258, 0.973876953, 0.862935477, 0.505366706, 0.0054825918, 0, 0, 0, 0, 0, 0, 0, 0.148363477, -0.137744238, -0.214259033, -0.777198426, 0.469289298, -0.418990501, 0.410888672, -0.125610352, -0.902832031, -0.476550144, -0.873946371, -0.0950986435, 3, 1, 
224.473995, 0.1, 0.1, 0.110210213, -0.203867731, -0.0199553923, 0.974999285, 0.222208, 4.4334789e-006, -0.222207998, 0.974999279, -0.000108325046, -2.83933306e-005, 0.000104631688, 0.999999994, 0.974999188, 0.222208424, 3.8195738e-006, -0.222208423, 0.974999186, -6.52190536e-005, -1.82163045e-005, 6.27397828e-005, 0.999999998, 0, 0, 0, 0, 0, 0, 0, 0.0923136719, -0.151571509, -0.219678101, -0.493272536, 0.839638251, 0.226794413, 0.109985352, -0.198364258, 0.973876953, 0.862935477, 0.505366706, 0.0054825918, 0, 0, 0, 0, 0, 0, 0, 0.147883057, -0.137361328, -0.214126465, -0.777198426, 0.469289298, -0.418990501, 0.410888672, -0.125610352, -0.902832031, -0.476550144, -0.873946371, -0.0950986435, 3, 1, 
224.475046, 0.1, 0.1, 0.110210217, -0.203867714, -0.0199532511, 0.974999591, 0.222206651, 4.12677513e-005, -0.222206653, 0.974999591, 3.83422406e-005, -3.17161398e-005, -4.65536378e-005, 0.999999998, 0.974999557, 0.222206803, -1.0361367e-005, -0.222206803, 0.974999557, -2.71245205e-005, 4.07507524e-006, 2.87487617e-005, 1, 0, 0, 0, 0, 0, 0, 0, 0.0923136719, -0.151571509, -0.219678101, -0.493272536, 0.839638251, 0.226794413, 0.109985352, -0.198364258, 0.973876953, 0.862935477, 0.505366706, 0.0054825918, 0, 0, 0, 0, 0, 0, 0, 0.147883057, -0.137361328, -0.214126465, -0.777198426, 0.469289298, -0.418990501, 0.410888672, -0.125610352, -0.902832031, -0.476550144, -0.873946371, -0.0950986435, 3, 1, 
224.476019, 0.1, 0.1, 0.110210211, -0.203867738, -0.0199523191, 0.974999867, 0.222205439, -4.60004377e-005, -0.222205437, 0.974999867, 4.58940371e-005, 5.50483254e-005, -3.45251327e-005, 0.999999998, 0.974999795, 0.222205761, -1.31751235e-005, -0.222205759, 0.974999791, 8.82003211e-005, 3.24443622e-005, -8.30677066e-005, 0.999999996, 0, 0, 0, 0, 0, 0, 0, 0.0923136719, -0.151571509, -0.219678101, -0.493272536, 0.839638251, 0.226794413, 0.109985352, -0.198364258, 0.973876953, 0.862935477, 0.505366706, 0.0054825918, 0, 0, 0, 0, 0, 0, 0, 0.147883057, -0.137361328, -0.214126465, -0.777198426, 0.469289298, -0.418990501, 0.410888672, -0.125610352, -0.902832031, -0.476550144, -0.873946371, -0.0950986435, 3, 1, 
224.477008, 0.1, 0.1, 0.110210217, -0.203867718, -0.0199539982, 0.975000488, 0.22220272, 9.6881547e-006, -0.222202719, 0.975000486, -7.05093162e-005, -2.51133174e-005, 6.65938833e-005, 0.999999997, 0.975000344, 0.222203351, 5.63279737e-006, -0.22220335, 0.97500034, -9.67722426e-005, -2.6995096e-005, 9.31013434e-005, 0.999999995, 0, 0, 0, 0, 0, 0, 0, 0.0923136719, -0.151571509, -0.219678101, -0.493272536, 0.839638251, 0.226794413, 0.109985352, -0.198364258, 0.973876953, 0.862935477, 0.505366706, 0.0054825918, 0, 0, 0, 0, 0, 0, 0, 0.147883057, -0.137361328, -0.214126465, -0.777198426, 0.469289298, -0.418990501, 0.410888672, -0.125610352, -0.902832031, -0.476550144, -0.873946371, -0.0950986435, 3, 1, 
224.478295, 0.1, 0.1, 0.110210229, -0.203867752, -0.0199536791, 0.975001327, 0.222199036, -1.60919976e-005, -0.222199032, 0.975001321, 0.000122365652, 4.2879249e-005, -0.000115731047, 0.999999992, 0.975001177, 0.222199692, -3.8900963e-005, -0.222199684, 0.975001169, 0.000143188493, 6.97449235e-005, -0.000130965168, 0.999999989, 0, 0, 0, 0, 0, 0, 0, 0.0929143066, -0.151592627, -0.219062817, -0.494592787, 0.839169086, 0.225614948, 0.108032227, -0.198242188, 0.974121094, 0.862403033, 0.506306158, 0.00739968779, 0, 0, 0, 0, 0, 0, 0, 0.148119727, -0.137129785, -0.213483594, -0.777115304, 0.4694107, -0.419156745, 0.411499023, -0.125, -0.902709961, -0.476173179, -0.873933611, -0.0958525727, 3, 1, 
224.479516, 0.1, 0.1, 0.110210227, -0.203867748, -0.0199482806, 0.975001746, 0.2221972, -2.44500817e-005, -0.2221972, 0.975001745, -2.79989802e-005, 1.76175773e-005, 3.27317943e-005, 0.999999999, 0.975001711, 0.222197351, -2.45822615e-005, -0.222197352, 0.97500171, -4.62198964e-005, 1.36978085e-005, 5.05265915e-005, 0.999999999, 0, 0, 0, 0, 0, 0, 0, 0.0929143066, -0.151592627, -0.219062817, -0.494592787, 0.839169086, 0.225614948, 0.108032227, -0.198242188, 0.974121094, 0.862403033, 0.506306158, 0.00739968779, 0, 0, 0, 0, 0, 0, 0, 0.148119727, -0.137129785, -0.213483594, -0.777115304, 0.4694107, -0.419156745, 0.411499023, -0.125, -0.902709961, -0.476173179, -0.873933611, -0.0958525727, 3, 1, 
224.480318, 0.1, 0.1, 0.110210223, -0.203867747, -0.019948635, 0.975001786, 0.222197025, 2.9479806e-006, -0.222197025, 0.975001785, -1.8277063e-005, -6.93539537e-006, 1.71651365e-005, 1, 0.975001791, 0.222197002, 3.10770004e-005, -0.222197001, 0.975001791, -2.03448268e-005, -3.48206906e-005, 1.29310263e-005, 0.999999999, 0, 0, 0, 0, 0, 0, 0, 0.0929143066, -0.151592627, -0.219062817, -0.494592787, 0.839169086, 0.225614948, 0.108032227, -0.198242188, 0.974121094, 0.862403033, 0.506306158, 0.00739968779, 0, 0, 0, 0, 0, 0, 0, 0.148119727, -0.137129785, -0.213483594, -0.775882332, 0.470330873, -0.420370761, 0.412353516, -0.126098633, -0.90222168, -0.477393759, -0.873345926, -0.095980171, 3, 1, 
224.481116, 0.1, 0.1, 0.110210232, -0.203867754, -0.0199542246, 0.975001662, 0.222197568, -1.21711373e-005, -0.222197568, 0.975001662, 2.11016803e-005, 1.65556212e-005, -1.78697763e-005, 1, 0.975001691, 0.222197435, -3.83107794e-005, -0.222197434, 0.975001691, 4.71466623e-005, 4.78289421e-005, -3.74555187e-005, 0.999999998, 0, 0, 0, 0, 0, 0, 0, 0.0929143066, -0.151592627, -0.219062817, -0.494592787, 0.839169086, 0.225614948, 0.108032227, -0.198242188, 0.974121094, 0.862403033, 0.506306158, 0.00739968779, 0, 0, 0, 0, 0, 0, 0, 0.148398877, -0.137056543, -0.212673633, -0.775882332, 0.470330873, -0.420370761, 0.412353516, -0.126098633, -0.90222168, -0.477393759, -0.873345926, -0.095980171, 3, 1, 
224.481908, 0.1, 0.1, 0.110210222, -0.203867745, -0.0199630133, 0.975001522, 0.222198179, 4.48916728e-005, -0.222198178, 0.975001523, -2.25107385e-005, -4.87712944e-005, 1.19731564e-005, 0.999999999, 0.975001545, 0.222198075, 5.78918554e-005, -0.222198073, 0.975001546, -4.69488975e-005, -6.68766032e-005, 3.29117889e-005, 0.999999997, 0, 0, 0, 0, 0, 0, 0, 0.0929143066, -0.151592627, -0.219062817, -0.494592787, 0.839169086, 0.225614948, 0.108032227, -0.198242188, 0.974121094, 0.862403033, 0.506306158, 0.00739968779, 0, 0, 0, 0, 0, 0, 0, 0.148398877, -0.137056543, -0.212673633, -0.775882332, 0.470330873, -0.420370761, 0.412353516, -0.126098633, -0.90222168, -0.477393759, -0.873345926, -0.095980171, 3, 1, 
224.482713, 0.1, 0.1, 0.11021023, -0.203867755, -0.0199717212, 0.975001498, 0.222198277, -6.30197513e-005, -0.222198275, 0.9750015, 4.18050329e-005, 7.07333583e-005, -2.67570897e-005, 0.999999997, 0.975001491, 0.222198309, -5.72064095e-005, -0.222198306, 0.975001492, 5.43514416e-005, 6.7853133e-005, -4.02815693e-005, 0.999999997, 0, 0, 0, 0, 0, 0, 0, 0.093400708, -0.151748608, -0.217886816, -0.493856278, 0.840564599, 0.222378724, 0.10559082, -0.195922852, 0.974975586, 0.863151525, 0.504972803, 0.00803584732, 0, 0, 0, 0, 0, 0, 0, 0.148398877, -0.137056543, -0.212673633, -0.775882332, 0.470330873, -0.420370761, 0.412353516, -0.126098633, -0.90222168, -0.477393759, -0.873345926, -0.095980171, 3, 1, 
224.483506, 0.1, 0.1, 0.110210235, -0.203867748, -0.0199774207, 0.975001622, 0.222197743, 2.71117757e-005, -0.222197741, 0.975001621, -6.19746632e-005, -4.02046555e-005, 5.44012218e-005, 0.999999998, 0.975001582, 0.222197918, 3.12202708e-006, -0.222197917, 0.975001581, -5.62321989e-005, -1.55386588e-005, 5.4132775e-005, 0.999999998, 0, 0, 0, 0, 0, 0, 0, 0.093400708, -0.151748608, -0.217886816, -0.493856278, 0.840564599, 0.222378724, 0.10559082, -0.195922852, 0.974975586, 0.863151525, 0.504972803, 0.00803584732, 0, 0, 0, 0, 0, 0, 0, 0.148398877, -0.137056543, -0.212673633, -0.775882332, 0.470330873, -0.420370761, 0.412353516, -0.126098633, -0.90222168, -0.477393759, -0.873345926, -0.095980171, 3, 1, 
224.484293, 0.1, 0.1, 0.110210225, -0.203867744, -0.0199787909, 0.975001883, 0.222196597, 3.50042474e-005, -0.222196598, 0.975001882, 3.13853112e-005, -2.71554978e-005, -3.83785622e-005, 0.999999999, 0.97500182, 0.222196871, 4.99092438e-005, -0.222196872, 0.975001821, 8.16824658e-006, -4.68466447e-005, -1.90537331e-005, 0.999999999, 0, 0, 0, 0, 0, 0, 0, 0.093400708, -0.151748608, -0.217886816, -0.493856278, 0.840564599, 0.222378724, 0.10559082, -0.195922852, 0.974975586, 0.863151525, 0.504972803, 0.00803584732, 0, 0, 0, 0, 0, 0, 0, 0.148398877, -0.137056543, -0.212673633, -0.775882332, 0.470330873, -0.420370761, 0.412353516, -0.126098633, -0.90222168, -0.477393759, -0.873345926, -0.095980171, 3, 1, 
224.485115, 0.1, 0.1, 0.110210228, -0.203867752, -0.0199753916, 0.975002274, 0.222194882, -1.81842678e-005, -0.222194882, 0.975002274, 6.75356938e-007, 1.78797634e-005, 3.38197669e-006, 1, 0.975002188, 0.22219526, -2.17339473e-005, -0.222195259, 0.975002188, 2.88336592e-005, 2.75973485e-005, -2.32837007e-005, 0.999999999, 0, 0, 0, 0, 0, 0, 0, 0.0934501465, -0.151297974, -0.217590332, -0.492916826, 0.840691157, 0.223825533, 0.106445313, -0.197143555, 0.974609375, 0.86362069, 0.504211207, 0.00780669527, 0, 0, 0, 0, 0, 0, 0, 0.148398877, -0.137056543, -0.212673633, -0.775684371, 0.471142405, -0.419738234, 0.411743164, -0.125976563, -0.90246582, -0.478109408, -0.872892403, -0.096159175, 3, 1, 
224.485906, 0.1, 0.1, 0.110210229, -0.20386775, -0.0199688667, 0.975002689, 0.222193059, -6.37211398e-006, -0.222193059, 0.975002689, 7.57304937e-006, 7.89550727e-006, -5.967904e-006, 1, 0.975002612, 0.222193401, -6.40172649e-006, -0.222193401, 0.975002612, 2.10938229e-006, 6.71039087e-006, -6.34231862e-007, 1, 0, 0, 0, 0, 0, 0, 0, 0.0934501465, -0.151297974, -0.217590332, -0.492916826, 0.840691157, 0.223825533, 0.106445313, -0.197143555, 0.974609375, 0.86362069, 0.504211207, 0.00780669527, 0, 0, 0, 0, 0, 0, 0, 0.148396924, -0.136770068, -0.212412305, -0.775684371, 0.471142405, -0.419738234, 0.411743164, -0.125976563, -0.90246582, -0.478109408, -0.872892403, -0.096159175, 3, 1, 
224.486701, 0.1, 0.1, 0.110210231, -0.20386775, -0.0199616924, 0.975003055, 0.222191456, -1.01213432e-006, -0.222191456, 0.975003055, -2.47210684e-006, 4.37553033e-007, 2.63519932e-006, 1, 0.975002987, 0.222191752, -1.22799859e-005, -0.222191752, 0.975002987, 7.79545411e-006, 1.37051086e-005, -4.87207946e-006, 1, 0, 0, 0, 0, 0, 0, 0, 0.0934501465, -0.151297974, -0.217590332, -0.492916826, 0.840691157, 0.223825533, 0.106445313, -0.197143555, 0.974609375, 0.86362069, 0.504211207, 0.00780669527, 0, 0, 0, 0, 0, 0, 0, 0.148396924, -0.136770068, -0.212412305, -0.775684371, 0.471142405, -0.419738234, 0.411743164, -0.125976563, -0.90246582, -0.478109408, -0.872892403, -0.096159175, 3, 1, 
224.487497, 0.1, 0.1, 0.110210228, -0.20386775, -0.0199562735, 0.975003375, 0.222190048, -2.39715658e-005, -0.222190048, 0.975003376, 9.97520699e-006, 2.55887493e-005, -4.39961712e-006, 1, 0.975003318, 0.222190301, 9.69960663e-006, -0.222190301, 0.975003318, -6.02357545e-006, -1.07955287e-005, 3.71784753e-006, 1, 0, 0, 0, 0, 0, 0, 0, 0.0934501465, -0.151297974, -0.217590332, -0.492916826, 0.840691157, 0.223825533, 0.106445313, -0.197143555, 0.974609375, 0.86362069, 0.504211207, 0.00780669527, 0, 0, 0, 0, 0, 0, 0, 0.148396924, -0.136770068, -0.212412305, -0.775684371, 0.471142405, -0.419738234, 0.411743164, -0.125976563, -0.90246582, -0.478109408, -0.872892403, -0.096159175, 3, 1, 
224.488284, 0.1, 0.1, 0.110210232, -0.203867751, -0.019954335, 0.975003655, 0.222188821, 1.82877086e-005, -0.222188821, 0.975003655, -6.91839429e-006, -1.93677726e-005, 2.68213532e-006, 1, 0.975003605, 0.222189043, 5.60260361e-006, -0.222189043, 0.975003605, 4.01914606e-006, -4.5695485e-006, -5.16351903e-006, 1, 0, 0, 0, 0, 0, 0, 0, 0.0934501465, -0.151297974, -0.217590332, -0.492916826, 0.840691157, 0.223825533, 0.106445313, -0.197143555, 0.974609375, 0.86362069, 0.504211207, 0.00780669527, 0, 0, 0, 0, 0, 0, 0, 0.148396924, -0.136770068, -0.212412305, -0.775684371, 0.471142405, -0.419738234, 0.411743164, -0.125976563, -0.90246582, -0.478109408, -0.872892403, -0.096159175, 3, 1, 
224.489079, 0.1, 0.1, 0.110210231, -0.203867751, -0.0199561196, 0.975003901, 0.222187743, 9.5285825e-006, -0.222187743, 0.975003901, 3.36181498e-006, -8.54345102e-006, -5.39491696e-006, 1, 0.975003856, 0.222187941, 1.00738307e-005, -0.222187941, 0.975003856, -4.30612921e-006, -1.07787938e-005, 1.96020887e-006, 1, 0, 0, 0, 0, 0, 0, 0, 0.0934501465, -0.151297974, -0.217590332, -0.492916826, 0.840691157, 0.223825533, 0.106445313, -0.197143555, 0.974609375, 0.86362069, 0.504211207, 0.00780669527, 0, 0, 0, 0, 0, 0, 0, 0.148396924, -0.136770068, -0.212412305, -0.775684371, 0.471142405, -0.419738234, 0.411743164, -0.125976563, -0.90246582, -0.478109408, -0.872892403, -0.096159175, 3, 1, 
224.4899, 0.1, 0.1, 0.110210233, -0.203867751, -0.0199609224, 0.975004124, 0.222186762, -1.60097688e-005, -0.222186762, 0.975004125, -4.14497235e-007, 1.55174948e-005, 3.96129519e-006, 1, 0.975004079, 0.222186962, 1.47503979e-006, -0.222186962, 0.975004079, 3.65487999e-006, -6.26103132e-007, -3.89125751e-006, 1, 0, 0, 0, 0, 0, 0, 0, 0.0931086426, -0.151042017, -0.217510864, -0.490917354, 0.841426545, 0.22546218, 0.107910156, -0.197998047, 0.974243164, 0.864539924, 0.50261163, 0.00643514839, 0, 0, 0, 0, 0, 0, 0, 0.148396924, -0.136770068, -0.212412305, -0.775435371, 0.47218398, -0.418888422, 0.410888672, -0.126220703, -0.902832031, -0.479310665, -0.872291958, -0.0960698563, 3, 1, 
224.490738, 0.1, 0.1, 0.11021023, -0.20386775, -0.0199662019, 0.975004321, 0.222185895, 3.08514583e-005, -0.222185895, 0.975004322, -7.27155114e-006, -3.16959413e-005, 2.35034893e-007, 0.999999999, 0.975004287, 0.222186048, 3.1986832e-005, -0.222186047, 0.975004287, -1.34983676e-005, -3.41864473e-005, 6.05393848e-006, 0.999999999, 0, 0, 0, 0, 0, 0, 0, 0.0931086426, -0.151042017, -0.217510864, -0.490917354, 0.841426545, 0.22546218, 0.107910156, -0.197998047, 0.974243164, 0.864539924, 0.50261163, 0.00643514839, 0, 0, 0, 0, 0, 0, 0, 0.148164893, -0.136688525, -0.212130957, -0.775435371, 0.47218398, -0.418888422, 0.410888672, -0.126220703, -0.902832031, -0.479310665, -0.872291958, -0.0960698563, 3, 1, 
224.491535, 0.1, 0.1, 0.110210233, -0.203867752, -0.0199703979, 0.975004542, 0.222184928, -1.40107933e-005, -0.222184929, 0.975004542, -6.20071322e-006, 1.22828821e-005, 9.15871065e-006, 1, 0.97500449, 0.222185158, -2.20685171e-005, -0.222185158, 0.97500449, 2.12493838e-006, 2.19890331e-005, 2.8314725e-006, 1, 0, 0, 0, 0, 0, 0, 0, 0.0931086426, -0.151042017, -0.217510864, -0.490917354, 0.841426545, 0.22546218, 0.107910156, -0.197998047, 0.974243164, 0.864539924, 0.50261163, 0.00643514839, 0, 0, 0, 0, 0, 0, 0, 0.148164893, -0.136688525, -0.212130957, -0.775435371, 0.47218398, -0.418888422, 0.410888672, -0.126220703, -0.902832031, -0.479310665, -0.872291958, -0.0960698563, 3, 1, 
224.492323, 0.1, 0.1, 0.110210232, -0.203867752, -0.0199725782, 0.975004823, 0.222183697, -2.07063193e-005, -0.222183697, 0.975004823, -4.94636023e-006, 1.90897606e-005, 9.42333166e-006, 1, 0.975004766, 0.222183945, 3.12735306e-006, -0.222183945, 0.975004766, 5.68810663e-006, -1.78537818e-006, -6.24077871e-006, 1, 0, 0, 0, 0, 0, 0, 0, 0.0931086426, -0.151042017, -0.217510864, -0.490917354, 0.841426545, 0.22546218, 0.107910156, -0.197998047, 0.974243164, 0.864539924, 0.50261163, 0.00643514839, 0, 0, 0, 0, 0, 0, 0, 0.148164893, -0.136688525, -0.212130957, -0.775435371, 0.47218398, -0.418888422, 0.410888672, -0.126220703, -0.902832031, -0.479310665, -0.872291958, -0.0960698563, 3, 1, 
224.493115, 0.1, 0.1, 0.110210236, -0.203867752, -0.0199722408, 0.975005061, 0.222182654, 9.78979832e-006, -0.222182654, 0.975005061, -4.69731471e-006, -1.05887647e-005, 2.40478224e-006, 1, 0.975005023, 0.222182817, 2.10104599e-006, -0.222182817, 0.975005023, 3.94145321e-006, -1.17280721e-006, -4.309753e-006, 1, 0, 0, 0, 0, 0, 0, 0, 0.0931086426, -0.151042017, -0.217510864, -0.490917354, 0.841426545, 0.22546218, 0.107910156, -0.197998047, 0.974243164, 0.864539924, 0.50261163, 0.00643514839, 0, 0, 0, 0, 0, 0, 0, 0.148164893, -0.136688525, -0.212130957, -0.775435371, 0.47218398, -0.418888422, 0.410888672, -0.126220703, -0.902832031, -0.479310665, -0.872291958, -0.0960698563, 3, 1, 
224.493909, 0.1, 0.1, 0.110210235, -0.203867752, -0.0199696987, 0.975005238, 0.222181874, 9.95893035e-006, -0.222181874, 0.975005238, 1.17856073e-005, -7.09146095e-006, -1.37037226e-005, 1, 0.975005205, 0.22218202, 1.0312702e-005, -0.222182021, 0.975005205, 9.1772783e-006, -8.01591189e-006, -1.12391911e-005, 1, 0, 0, 0, 0, 0, 0, 0, 0.0931086426, -0.151042017, -0.217510864, -0.490917354, 0.841426545, 0.22546218, 0.107910156, -0.197998047, 0.974243164, 0.864539924, 0.50261163, 0.00643514839, 0, 0, 0, 0, 0, 0, 0, 0.148164893, -0.136688525, -0.212130957, -0.775435371, 0.47218398, -0.418888422, 0.410888672, -0.126220703, -0.902832031, -0.479310665, -0.872291958, -0.0960698563, 3, 1, 
224.494727, 0.1, 0.1, 0.110210236, -0.20386775, -0.019965702, 0.975005438, 0.222180997, -7.40569212e-006, -0.222180997, 0.975005438, 5.15362661e-006, 8.36562798e-006, -3.37940992e-006, 1, 0.975005394, 0.22218119, 1.82521758e-006, -0.22218119, 0.975005394, -1.62585707e-005, -5.39194557e-006, 1.54466651e-005, 1, 0, 0, 0, 0, 0, 0, 0, 0.0934312256, -0.149827563, -0.217951709, -0.49325344, 0.838838463, 0.229797738, 0.108764648, -0.202758789, 0.973144531, 0.863056045, 0.504999012, 0.00883826187, 0, 0, 0, 0, 0, 0, 0, 0.148164893, -0.136688525, -0.212130957, -0.776744903, 0.471410728, -0.41744473, 0.410888672, -0.123046875, -0.903320312, -0.477361676, -0.873109686, -0.0981274868, 3, 1, 
224.495519, 0.1, 0.1, 0.110210238, -0.203867751, -0.0199617771, 0.975005622, 0.222180191, -8.38563432e-006, -0.222180191, 0.975005622, 3.03911965e-006, 8.85127279e-006, -1.10003691e-006, 1, 0.975005586, 0.222180346, -1.00598564e-005, -0.222180346, 0.975005587, -1.77206599e-006, 9.41469795e-006, 3.96287662e-006, 1, 0, 0, 0, 0, 0, 0, 0, 0.0934312256, -0.149827563, -0.217951709, -0.49325344, 0.838838463, 0.229797738, 0.108764648, -0.202758789, 0.973144531, 0.863056045, 0.504999012, 0.00883826187, 0, 0, 0, 0, 0, 0, 0, 0.148565723, -0.135640674, -0.212301953, -0.776744903, 0.471410728, -0.41744473, 0.410888672, -0.123046875, -0.903320312, -0.477361676, -0.873109686, -0.0981274868, 3, 1, 
224.496309, 0.1, 0.1, 0.110210238, -0.203867752, -0.0199593471, 0.975005781, 0.222179491, 8.26893582e-006, -0.222179491, 0.975005781, 7.87696803e-006, -6.31215949e-006, -9.51727732e-006, 1, 0.975005752, 0.222179622, -3.41581065e-006, -0.222179622, 0.975005751, 2.1838998e-005, 8.18261534e-006, -2.05342251e-005, 1, 0, 0, 0, 0, 0, 0, 0, 0.0934312256, -0.149827563, -0.217951709, -0.49325344, 0.838838463, 0.229797738, 0.108764648, -0.202758789, 0.973144531, 0.863056045, 0.504999012, 0.00883826187, 0, 0, 0, 0, 0, 0, 0, 0.148565723, -0.135640674, -0.212301953, -0.776744903, 0.471410728, -0.41744473, 0.410888672, -0.123046875, -0.903320312, -0.477361676, -0.873109686, -0.0981274868, 3, 1, 
224.497136, 0.1, 0.1, 0.110210239, -0.20386775, -0.0199588403, 0.975005862, 0.222179137, 7.83655523e-006, -0.222179137, 0.975005862, 7.0664821e-006, -6.07066239e-006, -8.63098055e-006, 1, 0.975005848, 0.222179199, 7.01807138e-006, -0.222179199, 0.975005848, 9.48387436e-007, -6.63194868e-006, -2.48395278e-006, 1, 0, 0, 0, 0, 0, 0, 0, 0.0942192139, -0.14899917, -0.217898486, -0.495252912, 0.837481142, 0.230655936, 0.106933594, -0.204711914, 0.972900391, 0.862136811, 0.506573502, 0.0119157269, 0, 0, 0, 0, 0, 0, 0, 0.148565723, -0.135640674, -0.212301953, -0.777140824, 0.471218964, -0.416985009, 0.411621094, -0.120483398, -0.903320312, -0.475930376, -0.873620812, -0.100165794, 3, 1, 
224.497933, 0.1, 0.1, 0.11021024, -0.20386775, -0.0199602519, 0.975005925, 0.222178861, -9.88899631e-006, -0.222178861, 0.975005925, -5.27550914e-006, 8.46972338e-006, 7.34077861e-006, 1, 0.975005912, 0.222178917, 5.80193645e-006, -0.222178917, 0.975005912, 1.3013409e-007, -5.62800929e-006, -1.41594947e-006, 1, 0, 0, 0, 0, 0, 0, 0, 0.0942192139, -0.14899917, -0.217898486, -0.495252912, 0.837481142, 0.230655936, 0.106933594, -0.204711914, 0.972900391, 0.862136811, 0.506573502, 0.0119157269, 0, 0, 0, 0, 0, 0, 0, 0.149239355, -0.134994385, -0.212314404, -0.777140824, 0.471218964, -0.416985009, 0.411621094, -0.120483398, -0.903320312, -0.475930376, -0.873620812, -0.100165794, 3, 1, 
224.498723, 0.1, 0.1, 0.11021024, -0.203867751, -0.0199632247, 0.975005983, 0.222178605, -7.64504143e-006, -0.222178605, 0.975005983, -9.72589543e-006, 5.29307526e-006, 1.11813709e-005, 1, 0.975005968, 0.222178674, -3.57359911e-006, -0.222178674, 0.975005968, 1.1892433e-005, 6.12652545e-006, -1.08012156e-005, 1, 0, 0, 0, 0, 0, 0, 0, 0.0942192139, -0.14899917, -0.217898486, -0.495252912, 0.837481142, 0.230655936, 0.106933594, -0.204711914, 0.972900391, 0.862136811, 0.506573502, 0.0119157269, 0, 0, 0, 0, 0, 0, 0, 0.149239355, -0.134994385, -0.212314404, -0.777140824, 0.471218964, -0.416985009, 0.411621094, -0.120483398, -0.903320312, -0.475930376, -0.873620812, -0.100165794, 3, 1, 
224.499521, 0.1, 0.1, 0.11021024, -0.20386775, -0.019966746, 0.975006088, 0.222178143, 9.61928565e-006, -0.222178143, 0.975006089, -4.09926663e-006, -1.02896295e-005, 1.8596149e-006, 1, 0.975006069, 0.22217823, -1.01194912e-006, -0.22217823, 0.975006069, 6.39925544e-006, 2.40843178e-006, -6.01447982e-006, 1, 0, 0, 0, 0, 0, 0, 0, 0.0942192139, -0.14899917, -0.217898486, -0.495252912, 0.837481142, 0.230655936, 0.106933594, -0.204711914, 0.972900391, 0.862136811, 0.506573502, 0.0119157269, 0, 0, 0, 0, 0, 0, 0, 0.149239355, -0.134994385, -0.212314404, -0.777140824, 0.471218964, -0.416985009, 0.411621094, -0.120483398, -0.903320312, -0.475930376, -0.873620812, -0.100165794, 3, 1, 
224.500311, 0.1, 0.1, 0.110210239, -0.203867751, -0.0199694858, 0.97500618, 0.222177741, 1.33544786e-005, -0.222177741, 0.97500618, 1.430193e-005, -9.84312866e-006, -1.6911538e-005, 1, 0.975006163, 0.222177816, 1.27709122e-005, -0.222177816, 0.975006163, 1.12634677e-005, -9.94922545e-006, -1.38193638e-005, 1, 0, 0, 0, 0, 0, 0, 0, 0.0942192139, -0.14899917, -0.217898486, -0.495252912, 0.837481142, 0.230655936, 0.106933594, -0.204711914, 0.972900391, 0.862136811, 0.506573502, 0.0119157269, 0, 0, 0, 0, 0, 0, 0, 0.149239355, -0.134994385, -0.212314404, -0.777140824, 0.471218964, -0.416985009, 0.411621094, -0.120483398, -0.903320312, -0.475930376, -0.873620812, -0.100165794, 3, 1, 
224.501102, 0.1, 0.1, 0.110210239, -0.203867749, -0.0199706694, 0.975006295, 0.222177237, -3.31243116e-007, -0.222177237, 0.975006295, 2.49015743e-006, 8.76220422e-007, -2.35432449e-006, 1, 0.975006269, 0.222177349, 6.52136665e-006, -0.222177349, 0.975006269, -1.37998685e-005, -9.42439158e-006, 1.20060584e-005, 1, 0, 0, 0, 0, 0, 0, 0, 0.0942192139, -0.14899917, -0.217898486, -0.495252912, 0.837481142, 0.230655936, 0.106933594, -0.204711914, 0.972900391, 0.862136811, 0.506573502, 0.0119157269, 0, 0, 0, 0, 0, 0, 0, 0.149239355, -0.134994385, -0.212314404, -0.777140824, 0.471218964, -0.416985009, 0.411621094, -0.120483398, -0.903320312, -0.475930376, -0.873620812, -0.100165794, 3, 1, 
224.501924, 0.1, 0.1, 0.110210239, -0.203867749, -0.0199698492, 0.975006413, 0.222176718, -3.00832701e-006, -0.222176718, 0.975006413, 1.22313976e-007, 2.96031345e-006, 5.49123311e-007, 1, 0.97500639, 0.222176819, -3.80803996e-006, -0.222176819, 0.97500639, -4.03096546e-006, 2.81727621e-006, 4.77627529e-006, 1, 0, 0, 0, 0, 0, 0, 0, 0.0951315674, -0.147987695, -0.217678418, -0.499131287, 0.835248771, 0.230340661, 0.104003906, -0.206054688, 0.973022461, 0.860279246, 0.509646098, 0.0161677874, 0, 0, 0, 0, 0, 0, 0, 0.149239355, -0.134994385, -0.212314404, -0.777536745, 0.470541593, -0.417049175, 0.412597656, -0.118530273, -0.903076172, -0.474499077, -0.874182978, -0.101890936, 3, 1, 
224.502712, 0.1, 0.1, 0.110210238, -0.203867749, -0.0199674642, 0.975006527, 0.222176221, 3.33251889e-006, -0.222176221, 0.975006526, -2.05162186e-005, -7.8074436e-006, 1.92630406e-005, 1, 0.975006498, 0.222176344, -6.10384549e-006, -0.222176344, 0.975006498, -1.11032465e-005, 3.48441031e-006, 1.21818675e-005, 1, 0, 0, 0, 0, 0, 0, 0, 0.0951315674, -0.147987695, -0.217678418, -0.499131287, 0.835248771, 0.230340661, 0.104003906, -0.206054688, 0.973022461, 0.860279246, 0.509646098, 0.0161677874, 0, 0, 0, 0, 0, 0, 0, 0.149689746, -0.134158057, -0.212354932, -0.777536745, 0.470541593, -0.417049175, 0.412597656, -0.118530273, -0.903076172, -0.474499077, -0.874182978, -0.101890936, 3, 1, 
224.503505, 0.1, 0.1, 0.110210238, -0.203867749, -0.0199645933, 0.975006665, 0.222175615, 7.65284156e-006, -0.222175615, 0.975006665, 1.67661684e-006, -7.08906814e-006, -3.33498738e-006, 1, 0.975006638, 0.222175732, 7.30468096e-006, -0.222175732, 0.975006638, -2.82514461e-006, -7.749791e-006, 1.13161191e-006, 1, 0, 0, 0, 0, 0, 0, 0, 0.0951315674, -0.147987695, -0.217678418, -0.499131287, 0.835248771, 0.230340661, 0.104003906, -0.206054688, 0.973022461, 0.860279246, 0.509646098, 0.0161677874, 0, 0, 0, 0, 0, 0, 0, 0.149689746, -0.134158057, -0.212354932, -0.777536745, 0.470541593, -0.417049175, 0.412597656, -0.118530273, -0.903076172, -0.474499077, -0.874182978, -0.101890936, 3, 1, 
224.504295, 0.1, 0.1, 0.110210239, -0.203867751, -0.0199622065, 0.975006786, 0.222175084, -4.55169582e-006, -0.222175084, 0.975006786, 1.04720509e-005, 6.76456309e-006, -9.19904725e-006, 1, 0.975006762, 0.222175186, 1.07118636e-005, -0.222175186, 0.975006762, 1.78283335e-005, -6.48312616e-006, -1.9762656e-005, 1, 0, 0, 0, 0, 0, 0, 0, 0.0951315674, -0.147987695, -0.217678418, -0.499131287, 0.835248771, 0.230340661, 0.104003906, -0.206054688, 0.973022461, 0.860279246, 0.509646098, 0.0161677874, 0, 0, 0, 0, 0, 0, 0, 0.149689746, -0.134158057, -0.212354932, -0.777536745, 0.470541593, -0.417049175, 0.412597656, -0.118530273, -0.903076172, -0.474499077, -0.874182978, -0.101890936, 3, 1, 
224.505086, 0.1, 0.1, 0.11021024, -0.203867748, -0.0199610488, 0.975006948, 0.222174371, -3.98508268e-006, -0.22217437, 0.975006948, 6.59919909e-006, 5.3516562e-006, -5.54888173e-006, 1, 0.975006916, 0.22217451, -5.64048324e-006, -0.22217451, 0.975006916, 1.83480113e-006, 5.90715621e-006, -5.35772188e-007, 1, 0, 0, 0, 0, 0, 0, 0, 0.0951315674, -0.147987695, -0.217678418, -0.499131287, 0.835248771, 0.230340661, 0.104003906, -0.206054688, 0.973022461, 0.860279246, 0.509646098, 0.0161677874, 0, 0, 0, 0, 0, 0, 0, 0.149689746, -0.134158057, -0.212354932, -0.777536745, 0.470541593, -0.417049175, 0.412597656, -0.118530273, -0.903076172, -0.474499077, -0.874182978, -0.101890936, 3, 1, 
224.505884, 0.1, 0.1, 0.11021024, -0.203867748, -0.0199613806, 0.975007097, 0.222173718, 1.118977e-005, -0.222173719, 0.975007097, 1.33426661e-005, -7.94571546e-006, -1.54952669e-005, 1, 0.97500707, 0.222173835, -6.00783268e-006, -0.222173835, 0.97500707, -1.35461377e-006, 5.55671961e-006, 2.65554123e-006, 1, 0, 0, 0, 0, 0, 0, 0, 0.0951315674, -0.147987695, -0.217678418, -0.499131287, 0.835248771, 0.230340661, 0.104003906, -0.206054688, 0.973022461, 0.860279246, 0.509646098, 0.0161677874, 0, 0, 0, 0, 0, 0, 0, 0.149689746, -0.134158057, -0.212354932, -0.777536745, 0.470541593, -0.417049175, 0.412597656, -0.118530273, -0.903076172, -0.474499077, -0.874182978, -0.101890936, 3, 1, 
224.506706, 0.1, 0.1, 0.110210239, -0.203867747, -0.019962948, 0.975007265, 0.222172978, 5.85803423e-006, -0.222172978, 0.975007265, -1.8446117e-005, -9.80985469e-006, 1.66836012e-005, 1, 0.975007225, 0.222173157, 4.67724941e-006, -0.222173157, 0.975007225, -2.40926803e-005, -9.9130988e-006, 2.24513781e-005, 1, 0, 0, 0, 0, 0, 0, 0, 0.0955448486, -0.147749561, -0.216894702, -0.499772316, 0.835528098, 0.22814536, 0.102050781, -0.204833984, 0.973510742, 0.860133591, 0.50984904, 0.0171334486, 0, 0, 0, 0, 0, 0, 0, 0.149689746, -0.134158057, -0.212354932, -0.776840418, 0.471231724, -0.41741338, 0.412841797, -0.119140625, -0.902832031, -0.475285089, -0.873742214, -0.101929216, 3, 1, 
224.507497, 0.1, 0.1, 0.11021024, -0.203867747, -0.0199648797, 0.97500744, 0.22217221, -4.54331884e-006, -0.22217221, 0.97500744, -3.63122222e-006, 3.62301301e-006, 4.54986787e-006, 1, 0.975007406, 0.222172362, 9.81465346e-006, -0.222172362, 0.975007406, 1.25150805e-006, -9.29130931e-006, -3.40077436e-006, 1, 0, 0, 0, 0, 0, 0, 0, 0.0955448486, -0.147749561, -0.216894702, -0.499772316, 0.835528098, 0.22814536, 0.102050781, -0.204833984, 0.973510742, 0.860133591, 0.50984904, 0.0171334486, 0, 0, 0, 0, 0, 0, 0, 0.149719287, -0.133879883, -0.21193335, -0.776840418, 0.471231724, -0.41741338, 0.412841797, -0.119140625, -0.902832031, -0.475285089, -0.873742214, -0.101929216, 3, 1, 
224.508285, 0.1, 0.1, 0.11021024, -0.203867748, -0.0199668637, 0.975007591, 0.222171549, -1.73308816e-006, -0.222171549, 0.975007591, 1.7537265e-005, 5.58605544e-006, -1.67139236e-005, 1, 0.975007563, 0.222171675, -1.99096159e-006, -0.222171675, 0.975007562, 1.39969546e-005, 5.05092946e-006, -1.32048013e-005, 1, 0, 0, 0, 0, 0, 0, 0, 0.0955448486, -0.147749561, -0.216894702, -0.499772316, 0.835528098, 0.22814536, 0.102050781, -0.204833984, 0.973510742, 0.860133591, 0.50984904, 0.0171334486, 0, 0, 0, 0, 0, 0, 0, 0.149719287, -0.133879883, -0.21193335, -0.776840418, 0.471231724, -0.41741338, 0.412841797, -0.119140625, -0.902832031, -0.475285089, -0.873742214, -0.101929216, 3, 1, 
