time, realDorsalTactorPos, realVentralTactorPos, boxPosX, boxPosY, boxPosZ, boxLocalRot_11, boxLocalRot_12, boxLocalRot_13, boxLocalRot_21, boxLocalRot_22, boxLocalRot_23, boxLocalRot_31, boxLocalRot_32, boxLocalRot_33, boxGlobalRot_11, boxGlobalRot_12, boxGlobalRot_13, boxGlobalRot_21, boxGlobalRot_22, boxGlobalRot_23, boxGlobalRot_31, boxGlobalRot_32, boxGlobalRot_33, indexForceX, indexForceY, indexForceZ, indexForceGlobalX, indexForceGlobalY, indexForceGlobalZ, indexContact, indexPosX, indexPosY, indexPosZ, indexRot_11, indexRot_12, indexRot_13, indexRot_21, indexRot_22, indexRot_23, indexRot_31, indexRot_32, indexRot_33, thumbForceX, thumbForceY, thumbForceZ, thumbForceGlobalX, thumbForceGlobalY, thumbForceGlobalZ, thumbContact, thumbPosX, thumbPosY, thumbPosZ, thumbRot_11, thumbRot_12, thumbRot_13, thumbRot_21, thumbRot_22, thumbRot_23, thumbRot_31, thumbRot_32, thumbRot_33, mapping, boxInitParam, trialSuccess, 
623.072805, 0.1, 0.1, -0.0272028698, 0.277381023, -0.0199605211, 0.596252493, -7.18362459e-006, 0.802796963, 0.802796963, -1.07017608e-005, -0.596252493, 1.28745951e-005, 1, -6.13959533e-007, 0.596251791, 1.1147544e-005, 0.802797485, 0.802797485, 2.21848923e-006, -0.596251791, -8.42774062e-006, 1, -7.62644207e-006, 0, 0, 0, 0, 0, 0, 0, 0.358372559, 0.0699610596, -0.149971777, -0.475558383, 0.859566472, -0.186975953, -0.872680664, -0.434326172, 0.22265625, 0.110173974, 0.269115998, 0.956800773, 0, 0, 0, 0, 0, 0, 0, 0.376846045, 0.0947267578, -0.127187939, -0.531219746, 0.421106602, -0.734994548, 0.338012695, -0.690063477, -0.639770508, -0.77670138, -0.588355839, 0.224327798, 1, 3, 1, 
623.080018, 0.1, 0.1, -0.0272028485, 0.277381015, -0.0199673434, 0.596277527, 9.21553776e-006, 0.802778369, 0.802778369, -1.07589372e-005, -0.596277527, 3.14202402e-006, 1, -1.38133469e-005, 0.5962774, -9.602023e-006, 0.802778464, 0.802778464, 8.92975772e-006, -0.5962774, -1.44314788e-006, 1, 1.303291e-005, 0, 0, 0, 0, 0, 0, 0, 0.358272949, 0.0714750488, -0.150581201, -0.47748147, 0.858671204, -0.185814462, -0.871704102, -0.436523438, 0.222167969, 0.109737009, 0.268145467, 0.957111178, 0, 0, 0, 0, 0, 0, 0, 0.376221338, 0.0960846191, -0.128393359, -0.534656904, 0.418601645, -0.733978126, 0.338134766, -0.690063477, -0.639770508, -0.774362301, -0.590214776, 0.227503196, 1, 3, 1, 
623.080806, 0.1, 0.1, -0.0272028506, 0.277381016, -0.0199604066, 0.596278005, -2.87720214e-005, 0.802778014, 0.802778015, -2.17508985e-006, -0.596278005, 1.89022378e-005, 1, 2.18005879e-005, 0.596277944, -8.25704836e-006, 0.80277806, 0.80277806, 6.83706539e-006, -0.596277944, -5.65150261e-007, 1, 1.07053686e-005, 0, 0, 0, 0, 0, 0, 0, 0.358272949, 0.0714750488, -0.150581201, -0.476168333, 0.858982731, -0.187699358, -0.872558594, -0.435180664, 0.221557617, 0.108663885, 0.269332045, 0.956915349, 0, 0, 0, 0, 0, 0, 0, 0.376221338, 0.0960846191, -0.128393359, -0.534656904, 0.418601645, -0.733978126, 0.338134766, -0.690063477, -0.639770508, -0.774362301, -0.590214776, 0.227503196, 1, 3, 1, 
623.081629, 0.1, 0.1, -0.0272028512, 0.277381015, -0.0199550542, 0.59627811, 7.06518213e-006, 0.802777937, 0.802777937, 1.48781354e-005, -0.59627811, -1.61566523e-005, 1, 3.19973412e-006, 0.596278118, 8.72900144e-006, 0.802777931, 0.80277793, 2.29123043e-005, -0.596278118, -2.35984048e-005, 1, 6.65465599e-006, 0, 0, 0, 0, 0, 0, 0, 0.358336792, 0.0712713379, -0.150231641, -0.476168333, 0.858982731, -0.187699358, -0.872558594, -0.435180664, 0.221557617, 0.108663885, 0.269332045, 0.956915349, 0, 0, 0, 0, 0, 0, 0, 0.376297021, 0.0959368164, -0.128239941, -0.533021447, 0.419138657, -0.734923819, 0.337158203, -0.69140625, -0.638793945, -0.775908805, -0.588317193, 0.227158315, 1, 3, 1, 
623.082418, 0.1, 0.1, -0.0272028518, 0.277381014, -0.0199537334, 0.596278085, -1.27042697e-005, 0.802777955, 0.802777955, 4.68721474e-005, -0.596278084, -3.0052649e-005, 0.999999999, 3.81475419e-005, 0.596278087, -8.14777462e-006, 0.802777953, 0.802777953, 3.24784728e-005, -0.596278087, -2.12146625e-005, 0.999999999, 2.59070555e-005, 0, 0, 0, 0, 0, 0, 0, 0.358336792, 0.0712713379, -0.150231641, -0.476168333, 0.858982731, -0.187699358, -0.872558594, -0.435180664, 0.221557617, 0.108663885, 0.269332045, 0.956915349, 0, 0, 0, 0, 0, 0, 0, 0.376297021, 0.0959368164, -0.128239941, -0.533021447, 0.419138657, -0.734923819, 0.337158203, -0.69140625, -0.638793945, -0.775908805, -0.588317193, 0.227158315, 1, 3, 1, 
623.083211, 0.1, 0.1, -0.0272028557, 0.277381015, -0.0199563691, 0.596277907, 3.52195839e-005, 0.802778086, 0.802778087, -3.06642473e-005, -0.596277906, 3.61592603e-006, 0.999999999, -4.65579234e-005, 0.596277966, 3.71449849e-005, 0.802778043, 0.802778044, -2.46617376e-005, -0.596277965, -2.35083454e-006, 0.999999999, -4.4524429e-005, 0, 0, 0, 0, 0, 0, 0, 0.358336792, 0.0712713379, -0.150231641, -0.476168333, 0.858982731, -0.187699358, -0.872558594, -0.435180664, 0.221557617, 0.108663885, 0.269332045, 0.956915349, 0, 0, 0, 0, 0, 0, 0, 0.376297021, 0.0959368164, -0.128239941, -0.533021447, 0.419138657, -0.734923819, 0.337158203, -0.69140625, -0.638793945, -0.775908805, -0.588317193, 0.227158315, 1, 3, 1, 
623.084008, 0.1, 0.1, -0.0272028517, 0.277381012, -0.0199617964, 0.59627759, -6.58159123e-005, 0.80277832, 0.802778323, 3.11433697e-005, -0.596277589, 1.42433315e-005, 0.999999997, 7.14056811e-005, 0.596277677, -4.82050123e-005, 0.802778257, 0.802778258, 3.97274427e-005, -0.596277675, -3.14875456e-006, 0.999999998, 6.23865231e-005, 0, 0, 0, 0, 0, 0, 0, 0.358336792, 0.0712713379, -0.150231641, -0.476168333, 0.858982731, -0.187699358, -0.872558594, -0.435180664, 0.221557617, 0.108663885, 0.269332045, 0.956915349, 0, 0, 0, 0, 0, 0, 0, 0.376297021, 0.0959368164, -0.128239941, -0.533021447, 0.419138657, -0.734923819, 0.337158203, -0.69140625, -0.638793945, -0.775908805, -0.588317193, 0.227158315, 1, 3, 1, 
623.084798, 0.1, 0.1, -0.0272028511, 0.277381011, -0.0199680502, 0.596277188, 5.0521021e-005, 0.80277862, 0.802778621, -2.32706839e-005, -0.596277188, -1.14433248e-005, 0.999999998, -5.44329736e-005, 0.596277221, 3.0375605e-005, 0.802778596, 0.802778597, -3.15883591e-006, -0.596277221, -1.55764355e-005, 1, -2.62684275e-005, 0, 0, 0, 0, 0, 0, 0, 0.358336792, 0.0712713379, -0.150231641, -0.476168333, 0.858982731, -0.187699358, -0.872558594, -0.435180664, 0.221557617, 0.108663885, 0.269332045, 0.956915349, 0, 0, 0, 0, 0, 0, 0, 0.376297021, 0.0959368164, -0.128239941, -0.533021447, 0.419138657, -0.734923819, 0.337158203, -0.69140625, -0.638793945, -0.775908805, -0.588317193, 0.227158315, 1, 3, 1, 
623.085589, 0.1, 0.1, -0.027202862, 0.277381017, -0.0199730693, 0.596277155, 2.29637604e-005, 0.802778646, 0.802778646, 6.89588549e-006, -0.596277155, -1.92286354e-005, 1, -1.43229575e-005, 0.596277182, 4.34313247e-005, 0.802778625, 0.802778626, -1.45491078e-005, -0.596277182, -1.42173951e-005, 0.999999999, -4.35410402e-005, 0, 0, 0, 0, 0, 0, 0, 0.358336792, 0.0712713379, -0.150231641, -0.476168333, 0.858982731, -0.187699358, -0.872558594, -0.435180664, 0.221557617, 0.108663885, 0.269332045, 0.956915349, 0, 0, 0, 0, 0, 0, 0, 0.376297021, 0.0959368164, -0.128239941, -0.533021447, 0.419138657, -0.734923819, 0.337158203, -0.69140625, -0.638793945, -0.775908805, -0.588317193, 0.227158315, 1, 3, 1, 
623.086409, 0.1, 0.1, -0.0272028527, 0.277381008, -0.0199749547, 0.596276762, -4.58088048e-005, 0.802778937, 0.802778938, 4.68082164e-005, -0.59627676, -1.02619245e-005, 0.999999998, 6.46849954e-005, 0.59627683, -5.84654608e-005, 0.802778885, 0.802778888, 4.14503788e-005, -0.596276828, 1.58611063e-006, 0.999999997, 7.16507381e-005, 0, 0, 0, 0, 0, 0, 0, 0.358655737, 0.071083252, -0.150097876, -0.474233263, 0.859617769, -0.18944459, -0.873657227, -0.433349609, 0.220703125, 0.107615849, 0.270220201, 0.956820991, 0, 0, 0, 0, 0, 0, 0, 0.376635498, 0.0956456055, -0.128100195, -0.530581022, 0.420730004, -0.735767434, 0.336181641, -0.692260742, -0.638305664, -0.77810716, -0.585940567, 0.22584222, 1, 3, 1, 
623.087194, 0.1, 0.1, -0.0272028543, 0.277381009, -0.019973585, 0.596276606, 3.29494764e-005, 0.802779053, 0.802779054, -3.46066495e-005, -0.596276605, 8.13449144e-006, 0.999999999, -4.7086285e-005, 0.596276645, 2.0966089e-005, 0.802779024, 0.802779025, -3.0579983e-005, -0.596276645, 1.20473797e-005, 0.999999999, -3.50652661e-005, 0, 0, 0, 0, 0, 0, 0, 0.358655737, 0.071083252, -0.150097876, -0.474233263, 0.859617769, -0.18944459, -0.873657227, -0.433349609, 0.220703125, 0.107615849, 0.270220201, 0.956820991, 0, 0, 0, 0, 0, 0, 0, 0.376635498, 0.0956456055, -0.128100195, -0.530581022, 0.420730004, -0.735767434, 0.336181641, -0.692260742, -0.638305664, -0.77810716, -0.585940567, 0.22584222, 1, 3, 1, 
623.087981, 0.1, 0.1, -0.027202857, 0.277381012, -0.0199697662, 0.59627627, -3.50582279e-005, 0.802779302, 0.802779303, -4.77262117e-007, -0.596276271, 2.12875255e-005, 0.999999999, 2.78594396e-005, 0.596276338, -1.75926664e-005, 0.802779253, 0.802779253, -6.70271277e-006, -0.596276338, 1.58708895e-005, 1, 1.01263586e-005, 0, 0, 0, 0, 0, 0, 0, 0.358655737, 0.071083252, -0.150097876, -0.474233263, 0.859617769, -0.18944459, -0.873657227, -0.433349609, 0.220703125, 0.107615849, 0.270220201, 0.956820991, 0, 0, 0, 0, 0, 0, 0, 0.376635498, 0.0956456055, -0.128100195, -0.530581022, 0.420730004, -0.735767434, 0.336181641, -0.692260742, -0.638305664, -0.77810716, -0.585940567, 0.22584222, 1, 3, 1, 
623.088796, 0.1, 0.1, -0.0272028572, 0.277381012, -0.0199643871, 0.596276113, 3.24720896e-005, 0.802779419, 0.80277942, -2.07757882e-005, -0.596276113, -2.68395621e-006, 0.999999999, -3.84560315e-005, 0.596276134, 1.71772228e-005, 0.802779404, 0.802779404, -1.4563579e-005, -0.596276134, 1.44897331e-006, 1, -2.24734352e-005, 0, 0, 0, 0, 0, 0, 0, 0.358525269, 0.0706875488, -0.150132422, -0.472474926, 0.860576317, -0.190104715, -0.874633789, -0.431152344, 0.221313477, 0.108573275, 0.270809933, 0.956554768, 0, 0, 0, 0, 0, 0, 0, 0.376681396, 0.0953358398, -0.128095312, -0.529456691, 0.422276509, -0.735620513, 0.334594727, -0.692871094, -0.638549805, -0.779461901, -0.584305111, 0.225612177, 1, 3, 1, 
623.089583, 0.1, 0.1, -0.0272028583, 0.27738101, -0.019960001, 0.596276007, -4.06051056e-005, 0.802779498, 0.802779499, 4.10016075e-005, -0.596276005, -8.70339972e-006, 0.999999998, 5.70452211e-005, 0.596276068, -1.70181054e-005, 0.802779453, 0.802779453, 3.69384049e-005, -0.596276067, -1.95059036e-005, 0.999999999, 3.56872722e-005, 0, 0, 0, 0, 0, 0, 0, 0.358525269, 0.0706875488, -0.150132422, -0.472474926, 0.860576317, -0.190104715, -0.874633789, -0.431152344, 0.221313477, 0.108573275, 0.270809933, 0.956554768, 0, 0, 0, 0, 0, 0, 0, 0.376681396, 0.0953358398, -0.128095312, -0.529456691, 0.422276509, -0.735620513, 0.334594727, -0.692871094, -0.638549805, -0.779461901, -0.584305111, 0.225612177, 1, 3, 1, 
623.090372, 0.1, 0.1, -0.0272028545, 0.27738101, -0.0199577913, 0.596275458, 3.41596886e-005, 0.802779906, 0.802779907, -1.74046425e-005, -0.596275457, -6.39648664e-006, 0.999999999, -3.78006728e-005, 0.59627557, 1.22050584e-005, 0.802779823, 0.802779823, -7.51603633e-006, -0.59627557, -1.24385583e-006, 1, -1.42796035e-005, 0, 0, 0, 0, 0, 0, 0, 0.358525269, 0.0706875488, -0.150132422, -0.472474926, 0.860576317, -0.190104715, -0.874633789, -0.431152344, 0.221313477, 0.108573275, 0.270809933, 0.956554768, 0, 0, 0, 0, 0, 0, 0, 0.376681396, 0.0953358398, -0.128095312, -0.529456691, 0.422276509, -0.735620513, 0.334594727, -0.692871094, -0.638549805, -0.779461901, -0.584305111, 0.225612177, 1, 3, 1, 
623.091168, 0.1, 0.1, -0.0272028564, 0.27738101, -0.0199582457, 0.596275075, -2.68551207e-005, 0.802780191, 0.802780191, 4.25574731e-005, -0.596275073, -1.81512573e-005, 0.999999999, 4.69347194e-005, 0.596275104, -2.17990765e-005, 0.802780169, 0.802780169, 1.47279477e-005, -0.596275104, 1.17494226e-006, 1, 2.62817749e-005, 0, 0, 0, 0, 0, 0, 0, 0.358525269, 0.0706875488, -0.150132422, -0.472474926, 0.860576317, -0.190104715, -0.874633789, -0.431152344, 0.221313477, 0.108573275, 0.270809933, 0.956554768, 0, 0, 0, 0, 0, 0, 0, 0.376681396, 0.0953358398, -0.128095312, -0.529456691, 0.422276509, -0.735620513, 0.334594727, -0.692871094, -0.638549805, -0.779461901, -0.584305111, 0.225612177, 1, 3, 1, 
623.091953, 0.1, 0.1, -0.0272028557, 0.277381009, -0.0199611244, 0.596274844, 2.89166733e-005, 0.802780362, 0.802780363, -3.58358788e-005, -0.596274843, 1.1526055e-005, 0.999999999, -4.45817705e-005, 0.59627493, 7.79885643e-006, 0.802780298, 0.802780298, -2.70003579e-005, -0.59627493, 1.70250928e-005, 1, -2.23604048e-005, 0, 0, 0, 0, 0, 0, 0, 0.358525269, 0.0706875488, -0.150132422, -0.472474926, 0.860576317, -0.190104715, -0.874633789, -0.431152344, 0.221313477, 0.108573275, 0.270809933, 0.956554768, 0, 0, 0, 0, 0, 0, 0, 0.376681396, 0.0953358398, -0.128095312, -0.529456691, 0.422276509, -0.735620513, 0.334594727, -0.692871094, -0.638549805, -0.779461901, -0.584305111, 0.225612177, 1, 3, 1, 
623.092738, 0.1, 0.1, -0.0272028593, 0.277381013, -0.0199653291, 0.596274247, -3.46697672e-005, 0.802780805, 0.802780806, -2.63820615e-006, -0.596274248, 2.27905906e-005, 0.999999999, 2.62591293e-005, 0.596274365, -1.53358993e-005, 0.802780718, 0.802780718, -8.48172036e-006, -0.596274365, 1.59533652e-005, 1, 7.25393185e-006, 0, 0, 0, 0, 0, 0, 0, 0.358525269, 0.0706875488, -0.150132422, -0.472474926, 0.860576317, -0.190104715, -0.874633789, -0.431152344, 0.221313477, 0.108573275, 0.270809933, 0.956554768, 0, 0, 0, 0, 0, 0, 0, 0.376681396, 0.0953358398, -0.128095312, -0.529456691, 0.422276509, -0.735620513, 0.334594727, -0.692871094, -0.638549805, -0.779461901, -0.584305111, 0.225612177, 1, 3, 1, 
623.093552, 0.1, 0.1, -0.0272028591, 0.277381013, -0.0199691165, 0.59627385, 2.94625678e-005, 0.8027811, 0.802781101, -2.07349269e-005, -0.59627385, -9.22151271e-007, 0.999999999, -3.60156873e-005, 0.596273915, 1.46950758e-005, 0.802781053, 0.802781053, -1.43117635e-005, -0.596273914, 2.72692216e-006, 1, -2.03306597e-005, 0, 0, 0, 0, 0, 0, 0, 0.358799292, 0.0707112305, -0.150370557, -0.471516378, 0.861014403, -0.190384042, -0.875, -0.430053711, 0.221923828, 0.109163007, 0.271234915, 0.956351826, 0, 0, 0, 0, 0, 0, 0, 0.377154004, 0.0954425293, -0.128315381, -0.528734845, 0.423497088, -0.735460832, 0.333496094, -0.693115234, -0.638793945, -0.780490716, -0.583072138, 0.225260732, 1, 3, 1, 
623.094346, 0.1, 0.1, -0.0272028622, 0.277381013, -0.0199712695, 0.596273546, -1.91950299e-005, 0.802781326, 0.802781326, 2.25632991e-005, -0.596273546, -6.66790662e-006, 1, 2.88633099e-005, 0.596273633, -1.97975499e-006, 0.802781262, 0.802781262, 1.88828452e-005, -0.596273633, -1.39783186e-005, 1, 1.28486529e-005, 0, 0, 0, 0, 0, 0, 0, 0.358799292, 0.0707112305, -0.150370557, -0.471516378, 0.861014403, -0.190384042, -0.875, -0.430053711, 0.221923828, 0.109163007, 0.271234915, 0.956351826, 0, 0, 0, 0, 0, 0, 0, 0.377154004, 0.0954425293, -0.128315381, -0.528734845, 0.423497088, -0.735460832, 0.333496094, -0.693115234, -0.638793945, -0.780490716, -0.583072138, 0.225260732, 1, 3, 1, 
623.09514, 0.1, 0.1, -0.0272028608, 0.277381014, -0.0199713594, 0.596272955, 2.46405401e-005, 0.802781765, 0.802781766, -1.24172099e-005, -0.596272955, -4.72417798e-006, 1, -2.71850227e-005, 0.596273072, 1.11510429e-005, 0.802781679, 0.802781679, -7.03913837e-006, -0.596273072, -9.98175315e-007, 1, -1.31491016e-005, 0, 0, 0, 0, 0, 0, 0, 0.358799292, 0.0707112305, -0.150370557, -0.471516378, 0.861014403, -0.190384042, -0.875, -0.430053711, 0.221923828, 0.109163007, 0.271234915, 0.956351826, 0, 0, 0, 0, 0, 0, 0, 0.377154004, 0.0954425293, -0.128315381, -0.528734845, 0.423497088, -0.735460832, 0.333496094, -0.693115234, -0.638793945, -0.780490716, -0.583072138, 0.225260732, 1, 3, 1, 
623.095932, 0.1, 0.1, -0.0272028609, 0.277381014, -0.0199695018, 0.59627246, -3.59667322e-005, 0.802782132, 0.802782133, 1.99786334e-005, -0.59627246, 5.40748201e-006, 0.999999999, 4.07861589e-005, 0.596272561, -1.97531141e-005, 0.802782058, 0.802782058, 1.53279158e-005, -0.59627256, -5.26735886e-007, 1, 2.49970612e-005, 0, 0, 0, 0, 0, 0, 0, 0.358799292, 0.0707112305, -0.150370557, -0.471516378, 0.861014403, -0.190384042, -0.875, -0.430053711, 0.221923828, 0.109163007, 0.271234915, 0.956351826, 0, 0, 0, 0, 0, 0, 0, 0.377154004, 0.0954425293, -0.128315381, -0.528734845, 0.423497088, -0.735460832, 0.333496094, -0.693115234, -0.638793945, -0.780490716, -0.583072138, 0.225260732, 1, 3, 1, 
623.096723, 0.1, 0.1, -0.0272028609, 0.277381012, -0.0199664768, 0.596272191, 2.04203059e-005, 0.802782333, 0.802782333, -2.79570871e-005, -0.59627219, 1.02673951e-005, 0.999999999, -3.30630943e-005, 0.596272193, 1.83292125e-005, 0.802782331, 0.802782331, -1.72196494e-006, -0.596272193, -9.54683671e-006, 1, -1.57411278e-005, 0, 0, 0, 0, 0, 0, 0, 0.358799292, 0.0707112305, -0.150370557, -0.471516378, 0.861014403, -0.190384042, -0.875, -0.430053711, 0.221923828, 0.109163007, 0.271234915, 0.956351826, 0, 0, 0, 0, 0, 0, 0, 0.377154004, 0.0954425293, -0.128315381, -0.528734845, 0.423497088, -0.735460832, 0.333496094, -0.693115234, -0.638793945, -0.780490716, -0.583072138, 0.225260732, 1, 3, 1, 
623.097514, 0.1, 0.1, -0.0272028611, 0.277381012, -0.0199633602, 0.596272131, -3.72589506e-005, 0.802782377, 0.802782378, 2.66548934e-005, -0.59627213, 8.18395203e-007, 0.999999999, 4.5804399e-005, 0.596272179, -1.71537281e-005, 0.802782342, 0.802782342, 2.27789137e-005, -0.596272179, -8.05821888e-006, 1, 2.73531425e-005, 0, 0, 0, 0, 0, 0, 0, 0.358799292, 0.0707112305, -0.150370557, -0.471516378, 0.861014403, -0.190384042, -0.875, -0.430053711, 0.221923828, 0.109163007, 0.271234915, 0.956351826, 0, 0, 0, 0, 0, 0, 0, 0.377154004, 0.0954425293, -0.128315381, -0.528734845, 0.423497088, -0.735460832, 0.333496094, -0.693115234, -0.638793945, -0.780490716, -0.583072138, 0.225260732, 1, 3, 1, 
623.09834, 0.1, 0.1, -0.0272028616, 0.27738101, -0.0199607455, 0.59627186, 4.94249436e-005, 0.802782577, 0.802782579, -1.11535205e-005, -0.59627186, -2.05168512e-005, 0.999999999, -4.63280141e-005, 0.596271915, 3.01113141e-005, 0.802782538, 0.802782538, -1.72554982e-006, -0.596271915, -1.65692897e-005, 1, -2.52017341e-005, 0, 0, 0, 0, 0, 0, 0, 0.359114575, 0.0705354736, -0.150800073, -0.469802225, 0.861959847, -0.190041435, -0.875732422, -0.428100586, 0.22265625, 0.110621799, 0.270961579, 0.95617397, 0, 0, 0, 0, 0, 0, 0, 0.377398486, 0.0952993652, -0.12831709, -0.528159919, 0.424366222, -0.735448072, 0.332519531, -0.693481445, -0.639038086, -0.781289488, -0.581998847, 0.22513933, 1, 3, 1, 
623.099129, 0.1, 0.1, -0.0272028635, 0.277381013, -0.0199598822, 0.596271891, -2.8309396e-005, 0.802782555, 0.802782556, 2.99691343e-005, -0.59627189, -7.17860113e-006, 0.999999999, 4.05960416e-005, 0.596271825, -2.36257701e-005, 0.802782604, 0.802782604, 1.17280598e-006, -0.596271826, 1.31458728e-005, 1, 1.96656684e-005, 0, 0, 0, 0, 0, 0, 0, 0.359114575, 0.0705354736, -0.150800073, -0.469802225, 0.861959847, -0.190041435, -0.875732422, -0.428100586, 0.22265625, 0.110621799, 0.270961579, 0.95617397, 0, 0, 0, 0, 0, 0, 0, 0.377398486, 0.0952993652, -0.12831709, -0.528159919, 0.424366222, -0.735448072, 0.332519531, -0.693481445, -0.639038086, -0.781289488, -0.581998847, 0.22513933, 1, 3, 1, 
623.099918, 0.1, 0.1, -0.0272028624, 0.277381013, -0.0199609831, 0.596272112, 2.71093006e-005, 0.802782391, 0.802782391, -3.83886755e-005, -0.596272111, 1.46532328e-005, 0.999999999, -4.46529657e-005, 0.596272112, 6.38455621e-006, 0.802782392, 0.802782391, -3.22677745e-005, -0.596272112, 2.20970684e-005, 0.999999999, -2.43657833e-005, 0, 0, 0, 0, 0, 0, 0, 0.359114575, 0.0705354736, -0.150800073, -0.469802225, 0.861959847, -0.190041435, -0.875732422, -0.428100586, 0.22265625, 0.110621799, 0.270961579, 0.95617397, 0, 0, 0, 0, 0, 0, 0, 0.377398486, 0.0952993652, -0.12831709, -0.528159919, 0.424366222, -0.735448072, 0.332519531, -0.693481445, -0.639038086, -0.781289488, -0.581998847, 0.22513933, 1, 3, 1, 
623.100726, 0.1, 0.1, -0.0272028643, 0.277381015, -0.0199634692, 0.59627188, -4.60721173e-005, 0.802782563, 0.802782564, 6.93484046e-006, -0.59627188, 2.1904339e-005, 0.999999999, 4.11209428e-005, 0.596271931, -2.57680098e-005, 0.802782526, 0.802782526, -3.46161103e-007, -0.596271931, 1.5642633e-005, 1, 2.04797018e-005, 0, 0, 0, 0, 0, 0, 0, 0.359114575, 0.0705354736, -0.150800073, -0.469802225, 0.861959847, -0.190041435, -0.875732422, -0.428100586, 0.22265625, 0.110621799, 0.270961579, 0.95617397, 0, 0, 0, 0, 0, 0, 0, 0.377874756, 0.0955641113, -0.128327344, -0.527648793, 0.42497323, -0.735371513, 0.332641602, -0.693115234, -0.639282227, -0.781481252, -0.581935048, 0.22441092, 1, 3, 1, 
623.101511, 0.1, 0.1, -0.0272028621, 0.277381014, -0.0199662783, 0.596271879, 1.38312414e-005, 0.802782565, 0.802782565, -3.11101756e-005, -0.596271878, 1.67275263e-005, 0.999999999, -2.96536023e-005, 0.59627183, 1.0023853e-005, 0.802782601, 0.802782601, -6.1765137e-006, -0.59627183, -1.01854342e-006, 1, -1.17298559e-005, 0, 0, 0, 0, 0, 0, 0, 0.359114575, 0.0705354736, -0.150800073, -0.469802225, 0.861959847, -0.190041435, -0.875732422, -0.428100586, 0.22265625, 0.110621799, 0.270961579, 0.95617397, 0, 0, 0, 0, 0, 0, 0, 0.377874756, 0.0955641113, -0.128327344, -0.527648793, 0.42497323, -0.735371513, 0.332641602, -0.693115234, -0.639282227, -0.781481252, -0.581935048, 0.22441092, 1, 3, 1, 
623.102308, 0.1, 0.1, -0.0272028642, 0.277381014, -0.0199686192, 0.596272128, -5.85940965e-006, 0.80278238, 0.802782379, 5.48306288e-005, -0.596272127, -4.05232601e-005, 0.999999998, 3.73978065e-005, 0.596272081, -5.79791238e-007, 0.802782414, 0.802782414, 3.32548211e-005, -0.596272081, -2.63506722e-005, 0.999999999, 2.02943676e-005, 0, 0, 0, 0, 0, 0, 0, 0.359114575, 0.0705354736, -0.150800073, -0.469802225, 0.861959847, -0.190041435, -0.875732422, -0.428100586, 0.22265625, 0.110621799, 0.270961579, 0.95617397, 0, 0, 0, 0, 0, 0, 0, 0.377874756, 0.0955641113, -0.128327344, -0.527648793, 0.42497323, -0.735371513, 0.332641602, -0.693115234, -0.639282227, -0.781481252, -0.581935048, 0.22441092, 1, 3, 1, 
623.103126, 0.1, 0.1, -0.0272028638, 0.277381011, -0.0199695136, 0.59627232, 2.10846584e-006, 0.802782237, 0.802782236, -4.3861226e-005, -0.596272319, 3.39537933e-005, 0.999999999, -2.78458739e-005, 0.596272285, -1.17570166e-006, 0.802782263, 0.802782263, -2.00783527e-005, -0.596272285, 1.68195838e-005, 1, -1.10283328e-005, 0, 0, 0, 0, 0, 0, 0, 0.359578027, 0.0707750732, -0.15098877, -0.469459619, 0.86232754, -0.18938131, -0.875976562, -0.427978516, 0.222045898, 0.110443944, 0.270161791, 0.956440192, 0, 0, 0, 0, 0, 0, 0, 0.377874756, 0.0955641113, -0.128327344, -0.527648793, 0.42497323, -0.735371513, 0.332641602, -0.693115234, -0.639282227, -0.781481252, -0.581935048, 0.22441092, 1, 3, 1, 
623.103919, 0.1, 0.1, -0.0272028646, 0.277381013, -0.0199687969, 0.596272459, -4.01028684e-006, 0.802782134, 0.802782133, 4.36408968e-005, -0.596272459, -3.26429087e-005, 0.999999999, 2.92412515e-005, 0.596272434, -2.26651026e-006, 0.802782152, 0.802782152, 2.16595297e-005, -0.596272434, -1.60364263e-005, 1, 1.47344945e-005, 0, 0, 0, 0, 0, 0, 0, 0.359578027, 0.0707750732, -0.15098877, -0.469459619, 0.86232754, -0.18938131, -0.875976562, -0.427978516, 0.222045898, 0.110443944, 0.270161791, 0.956440192, 0, 0, 0, 0, 0, 0, 0, 0.377874756, 0.0955641113, -0.128327344, -0.527648793, 0.42497323, -0.735371513, 0.332641602, -0.693115234, -0.639282227, -0.781481252, -0.581935048, 0.22441092, 1, 3, 1, 
623.10471, 0.1, 0.1, -0.0272028659, 0.277381013, -0.0199670029, 0.596272578, 9.24248598e-006, 0.802782045, 0.802782044, -5.67111136e-005, -0.596272577, 4.00156229e-005, 0.999999998, -4.12349837e-005, 0.596272555, 6.80133633e-006, 0.802782062, 0.802782062, -3.25019803e-005, -0.596272555, 2.20365566e-005, 0.999999999, -2.48400297e-005, 0, 0, 0, 0, 0, 0, 0, 0.359578027, 0.0707750732, -0.15098877, -0.469459619, 0.86232754, -0.18938131, -0.875976562, -0.427978516, 0.222045898, 0.110443944, 0.270161791, 0.956440192, 0, 0, 0, 0, 0, 0, 0, 0.377874756, 0.0955641113, -0.128327344, -0.527648793, 0.42497323, -0.735371513, 0.332641602, -0.693115234, -0.639282227, -0.781481252, -0.581935048, 0.22441092, 1, 3, 1, 
623.105519, 0.1, 0.1, -0.0272028667, 0.277381016, -0.0199646136, 0.596272703, -8.58664578e-006, 0.802781953, 0.802781952, 5.05028302e-005, -0.596272702, -3.54227782e-005, 0.999999999, 3.70066633e-005, 0.596272679, -5.47105554e-006, 0.802781971, 0.80278197, 2.5032703e-005, -0.596272679, -1.68335617e-005, 1, 1.93183816e-005, 0, 0, 0, 0, 0, 0, 0, 0.359810791, 0.0712359619, -0.151149023, -0.469256676, 0.862701225, -0.188181627, -0.876098633, -0.428222656, 0.221069336, 0.110164617, 0.268619502, 0.956991733, 0, 0, 0, 0, 0, 0, 0, 0.377874756, 0.0955641113, -0.128327344, -0.527648793, 0.42497323, -0.735371513, 0.332641602, -0.693115234, -0.639282227, -0.781481252, -0.581935048, 0.22441092, 1, 3, 1, 
623.106325, 0.1, 0.1, -0.0272028672, 0.277381015, -0.0199623542, 0.596272825, 8.23672921e-006, 0.802781862, 0.802781861, -6.0460589e-005, -0.596272823, 4.36253264e-005, 0.999999998, -4.2663303e-005, 0.596272802, 5.1020865e-006, 0.802781879, 0.802781879, -3.3403434e-005, -0.596272801, 2.37734362e-005, 0.999999999, -2.40134218e-005, 0, 0, 0, 0, 0, 0, 0, 0.359810791, 0.0712359619, -0.151149023, -0.469256676, 0.862701225, -0.188181627, -0.876098633, -0.428222656, 0.221069336, 0.110164617, 0.268619502, 0.956991733, 0, 0, 0, 0, 0, 0, 0, 0.378112891, 0.0960303711, -0.128337598, -0.52739323, 0.425375715, -0.735294954, 0.333007813, -0.692626953, -0.639648437, -0.781577134, -0.582260973, 0.223682511, 1, 3, 1, 
623.107114, 0.1, 0.1, -0.0272028684, 0.277381017, -0.0199613647, 0.596272926, -8.45998035e-006, 0.802781787, 0.802781786, 5.57979013e-005, -0.596272925, -3.97490817e-005, 0.999999998, 4.0062296e-005, 0.596272907, -3.67152141e-006, 0.802781801, 0.802781801, 2.70178505e-005, -0.596272907, -1.95002099e-005, 1, 1.90574428e-005, 0, 0, 0, 0, 0, 0, 0, 0.359810791, 0.0712359619, -0.151149023, -0.469256676, 0.862701225, -0.188181627, -0.876098633, -0.428222656, 0.221069336, 0.110164617, 0.268619502, 0.956991733, 0, 0, 0, 0, 0, 0, 0, 0.378112891, 0.0960303711, -0.128337598, -0.52739323, 0.425375715, -0.735294954, 0.333007813, -0.692626953, -0.639648437, -0.781577134, -0.582260973, 0.223682511, 1, 3, 1, 
623.107902, 0.1, 0.1, -0.0272028687, 0.277381015, -0.0199618047, 0.596273011, 8.25424597e-006, 0.802781724, 0.802781723, -5.57294638e-005, -0.59627301, 3.9816811e-005, 0.999999998, -3.9856333e-005, 0.596272995, 4.14036795e-006, 0.802781736, 0.802781736, -2.79933911e-005, -0.596272995, 2.00037935e-005, 1, -2.00155149e-005, 0, 0, 0, 0, 0, 0, 0, 0.359810791, 0.0712359619, -0.151149023, -0.469256676, 0.862701225, -0.188181627, -0.876098633, -0.428222656, 0.221069336, 0.110164617, 0.268619502, 0.956991733, 0, 0, 0, 0, 0, 0, 0, 0.378112891, 0.0960303711, -0.128337598, -0.52739323, 0.425375715, -0.735294954, 0.333007813, -0.692626953, -0.639648437, -0.781577134, -0.582260973, 0.223682511, 1, 3, 1, 
623.108696, 0.1, 0.1, -0.0272028698, 0.277381018, -0.019963413, 0.596273087, -6.83823733e-006, 0.802781668, 0.802781667, 5.32906187e-005, -0.596273086, -3.87032749e-005, 0.999999999, 3.72653732e-005, 0.596273073, -2.80586021e-006, 0.802781678, 0.802781678, 2.4840743e-005, -0.596273072, -1.82686344e-005, 1, 1.70643593e-005, 0, 0, 0, 0, 0, 0, 0, 0.359810791, 0.0712359619, -0.151149023, -0.469256676, 0.862701225, -0.188181627, -0.876098633, -0.428222656, 0.221069336, 0.110164617, 0.268619502, 0.956991733, 0, 0, 0, 0, 0, 0, 0, 0.378112891, 0.0960303711, -0.128337598, -0.52739323, 0.425375715, -0.735294954, 0.333007813, -0.692626953, -0.639648437, -0.781577134, -0.582260973, 0.223682511, 1, 3, 1, 
623.109483, 0.1, 0.1, -0.0272028697, 0.277381015, -0.0199655333, 0.596273135, 4.94584717e-006, 0.802781632, 0.802781631, -4.58672971e-005, -0.596273135, 3.38723478e-005, 0.999999999, -3.13198723e-005, 0.596273127, 1.12297818e-006, 0.802781638, 0.802781638, -2.04567528e-005, -0.596273127, 1.57527038e-005, 1, -1.30993182e-005, 0, 0, 0, 0, 0, 0, 0, 0.359810791, 0.0712359619, -0.151149023, -0.469256676, 0.862701225, -0.188181627, -0.876098633, -0.428222656, 0.221069336, 0.110164617, 0.268619502, 0.956991733, 0, 0, 0, 0, 0, 0, 0, 0.378112891, 0.0960303711, -0.128337598, -0.52739323, 0.425375715, -0.735294954, 0.333007813, -0.692626953, -0.639648437, -0.781577134, -0.582260973, 0.223682511, 1, 3, 1, 
623.11029, 0.1, 0.1, -0.0272028708, 0.277381016, -0.019967483, 0.596273159, -5.89131499e-006, 0.802781614, 0.802781613, 5.14010537e-005, -0.596273158, -3.77509878e-005, 0.999999999, 3.5378508e-005, 0.596273155, -2.12633287e-006, 0.802781617, 0.802781617, 2.53267635e-005, -0.596273155, -1.90639849e-005, 1, 1.68086501e-005, 0, 0, 0, 0, 0, 0, 0, 0.359810791, 0.0712359619, -0.151149023, -0.470437263, 0.862142572, -0.187661166, -0.875488281, -0.42956543, 0.220825195, 0.109733644, 0.268213616, 0.957156484, 0, 0, 0, 0, 0, 0, 0, 0.378112891, 0.0960303711, -0.128337598, -0.52739323, 0.425375715, -0.735294954, 0.333007813, -0.692626953, -0.639648437, -0.781577134, -0.582260973, 0.223682511, 1, 3, 1, 
623.111094, 0.1, 0.1, -0.0272028708, 0.277381013, -0.0199682179, 0.59627316, 4.66675795e-006, 0.802781614, 0.802781613, -4.23600925e-005, -0.596273159, 3.12232409e-005, 0.999999999, -2.90045737e-005, 0.59627316, 1.25174562e-006, 0.802781613, 0.802781613, -1.89608781e-005, -0.59627316, 1.4475062e-005, 1, -1.23107411e-005, 0, 0, 0, 0, 0, 0, 0, 0.359972388, 0.0716526611, -0.151121924, -0.470437263, 0.862142572, -0.187661166, -0.875488281, -0.42956543, 0.220825195, 0.109733644, 0.268213616, 0.957156484, 0, 0, 0, 0, 0, 0, 0, 0.378541309, 0.0964368164, -0.128559131, -0.527808475, 0.424941147, -0.735307714, 0.333496094, -0.692382813, -0.639526367, -0.781129807, -0.582797619, 0.223803912, 1, 3, 1, 
623.111889, 0.1, 0.1, -0.0272028718, 0.277381014, -0.0199679579, 0.596273143, -6.21562331e-006, 0.802781626, 0.802781625, 5.0265661e-005, -0.596273142, -3.66461398e-005, 0.999999999, 3.49618518e-005, 0.596273147, -2.83012314e-006, 0.802781623, 0.802781623, 2.7610965e-005, -0.596273147, -2.04780489e-005, 1, 1.87356478e-005, 0, 0, 0, 0, 0, 0, 0, 0.359972388, 0.0716526611, -0.151121924, -0.470437263, 0.862142572, -0.187661166, -0.875488281, -0.42956543, 0.220825195, 0.109733644, 0.268213616, 0.957156484, 0, 0, 0, 0, 0, 0, 0, 0.378541309, 0.0964368164, -0.128559131, -0.527808475, 0.424941147, -0.735307714, 0.333496094, -0.692382813, -0.639526367, -0.781129807, -0.582797619, 0.223803912, 1, 3, 1, 
623.112665, 0.1, 0.1, -0.0272028718, 0.277381012, -0.0199669897, 0.596273109, 4.82348108e-006, 0.802781651, 0.80278165, -4.855187e-005, -0.596273108, 3.61004383e-005, 0.999999999, -3.28223766e-005, 0.596273117, 1.30765398e-006, 0.802781646, 0.802781645, -2.4163804e-005, -0.596273116, 1.86185394e-005, 1, -1.54579873e-005, 0, 0, 0, 0, 0, 0, 0, 0.359972388, 0.0716526611, -0.151121924, -0.470437263, 0.862142572, -0.187661166, -0.875488281, -0.42956543, 0.220825195, 0.109733644, 0.268213616, 0.957156484, 0, 0, 0, 0, 0, 0, 0, 0.378541309, 0.0964368164, -0.128559131, -0.527808475, 0.424941147, -0.735307714, 0.333496094, -0.692382813, -0.639526367, -0.781129807, -0.582797619, 0.223803912, 1, 3, 1, 
623.113467, 0.1, 0.1, -0.027202873, 0.277381014, -0.0199655682, 0.596273053, -3.6216606e-006, 0.802781693, 0.802781692, 5.3945168e-005, -0.596273052, -4.11466947e-005, 0.999999999, 3.50734529e-005, 0.596273065, -1.06777577e-006, 0.802781684, 0.802781683, 2.96530667e-005, -0.596273065, -2.31682529e-005, 1, 1.85385158e-005, 0, 0, 0, 0, 0, 0, 0, 0.359972388, 0.0716526611, -0.151121924, -0.470437263, 0.862142572, -0.187661166, -0.875488281, -0.42956543, 0.220825195, 0.109733644, 0.268213616, 0.957156484, 0, 0, 0, 0, 0, 0, 0, 0.378763086, 0.0966183105, -0.128577441, -0.527980915, 0.42451934, -0.735537757, 0.334228516, -0.692260742, -0.639404297, -0.78065696, -0.583455666, 0.223656991, 1, 3, 1, 
623.114247, 0.1, 0.1, -0.0272028739, 0.277381012, -0.0199642459, 0.59627299, 7.09772413e-006, 0.80278174, 0.802781739, -5.51640329e-005, -0.596272988, 4.00524972e-005, 0.999999998, -3.85907462e-005, 0.596273002, 5.05354343e-006, 0.802781731, 0.802781731, -2.84165742e-005, -0.596273001, 1.97990151e-005, 1, -2.10009283e-005, 0, 0, 0, 0, 0, 0, 0, 0.359972388, 0.0716526611, -0.151121924, -0.470437263, 0.862142572, -0.187661166, -0.875488281, -0.42956543, 0.220825195, 0.109733644, 0.268213616, 0.957156484, 0, 0, 0, 0, 0, 0, 0, 0.378763086, 0.0966183105, -0.128577441, -0.527980915, 0.42451934, -0.735537757, 0.334228516, -0.692260742, -0.639404297, -0.78065696, -0.583455666, 0.223656991, 1, 3, 1, 
623.115031, 0.1, 0.1, -0.0272028747, 0.277381015, -0.0199634984, 0.596272936, -6.65102688e-006, 0.802781779, 0.802781779, 4.99014232e-005, -0.596272935, -3.6094126e-005, 0.999999999, 3.50941913e-005, 0.596272946, -4.01668368e-006, 0.802781772, 0.802781772, 2.36136635e-005, -0.596272946, -1.65615788e-005, 1, 1.73047091e-005, 0, 0, 0, 0, 0, 0, 0, 0.359972388, 0.0716526611, -0.151121924, -0.470437263, 0.862142572, -0.187661166, -0.875488281, -0.42956543, 0.220825195, 0.109733644, 0.268213616, 0.957156484, 0, 0, 0, 0, 0, 0, 0, 0.378763086, 0.0966183105, -0.128577441, -0.527980915, 0.42451934, -0.735537757, 0.334228516, -0.692260742, -0.639404297, -0.78065696, -0.583455666, 0.223656991, 1, 3, 1, 
623.115838, 0.1, 0.1, -0.0272028752, 0.277381014, -0.0199633639, 0.596272885, 8.03025652e-006, 0.802781817, 0.802781816, -6.23106208e-005, -0.596272884, 4.52336092e-005, 0.999999998, -4.36006776e-005, 0.596272896, 4.23489633e-006, 0.80278181, 0.802781809, -3.52018439e-005, -0.596272895, 2.57342461e-005, 0.999999999, -2.43896031e-005, 0, 0, 0, 0, 0, 0, 0, 0.360127271, 0.0722912598, -0.151107031, -0.47171333, 0.861564822, -0.187381839, -0.875, -0.431152344, 0.219970703, 0.108699834, 0.267687163, 0.957359427, 0, 0, 0, 0, 0, 0, 0, 0.378763086, 0.0966183105, -0.128577441, -0.527980915, 0.42451934, -0.735537757, 0.334228516, -0.692260742, -0.639404297, -0.78065696, -0.583455666, 0.223656991, 1, 3, 1, 
623.116628, 0.1, 0.1, -0.0272028767, 0.277381018, -0.0199638148, 0.596272822, -4.87085091e-006, 0.802781865, 0.802781864, 4.74873064e-005, -0.596272821, -3.52175924e-005, 0.999999999, 3.2225621e-005, 0.596272835, -7.63952761e-007, 0.802781855, 0.802781855, 1.9895073e-005, -0.596272835, -1.55158793e-005, 1, 1.2476179e-005, 0, 0, 0, 0, 0, 0, 0, 0.360127271, 0.0722912598, -0.151107031, -0.47171333, 0.861564822, -0.187381839, -0.875, -0.431152344, 0.219970703, 0.108699834, 0.267687163, 0.957359427, 0, 0, 0, 0, 0, 0, 0, 0.378763086, 0.0966183105, -0.128577441, -0.527980915, 0.42451934, -0.735537757, 0.334228516, -0.692260742, -0.639404297, -0.78065696, -0.583455666, 0.223656991, 1, 3, 1, 
623.117417, 0.1, 0.1, -0.0272028769, 0.277381016, -0.0199647521, 0.596272746, 6.28310401e-006, 0.802781921, 0.80278192, -5.18259538e-005, -0.596272745, 3.7858495e-005, 0.999999999, -3.59463661e-005, 0.596272761, 2.6347372e-006, 0.80278191, 0.802781909, -2.67298804e-005, -0.596272761, 1.98872424e-005, 1, -1.80534189e-005, 0, 0, 0, 0, 0, 0, 0, 0.360127271, 0.0722912598, -0.151107031, -0.47171333, 0.861564822, -0.187381839, -0.875, -0.431152344, 0.219970703, 0.108699834, 0.267687163, 0.957359427, 0, 0, 0, 0, 0, 0, 0, 0.378763086, 0.0966183105, -0.128577441, -0.527980915, 0.42451934, -0.735537757, 0.334228516, -0.692260742, -0.639404297, -0.78065696, -0.583455666, 0.223656991, 1, 3, 1, 
623.118236, 0.1, 0.1, -0.027202878, 0.277381018, -0.0199657153, 0.596272657, -6.24488413e-006, 0.802781987, 0.802781986, 5.64293509e-005, -0.596272655, -4.15768129e-005, 0.999999998, 3.86605595e-005, 0.596272675, -2.17813679e-006, 0.802781973, 0.802781973, 2.88675655e-005, -0.596272675, -2.18755977e-005, 1, 1.89615094e-005, 0, 0, 0, 0, 0, 0, 0, 0.359895972, 0.0727276123, -0.151104346, -0.471827906, 0.861386967, -0.187343647, -0.875, -0.431518555, 0.219238281, 0.107976429, 0.267344557, 0.957600561, 0, 0, 0, 0, 0, 0, 0, 0.378763086, 0.0966183105, -0.128577441, -0.527859514, 0.424653502, -0.735499478, 0.334472656, -0.692016602, -0.639648437, -0.780644201, -0.583564308, 0.223292786, 1, 3, 1, 
623.119026, 0.1, 0.1, -0.0272028779, 0.277381014, -0.0199662566, 0.596272559, 4.42919485e-006, 0.80278206, 0.802782059, -4.23149113e-005, -0.596272558, 3.13286443e-005, 0.999999999, -2.87868986e-005, 0.596272578, 9.00650913e-007, 0.802782045, 0.802782045, -1.74921853e-005, -0.596272578, 1.35053788e-005, 1, -1.11531368e-005, 0, 0, 0, 0, 0, 0, 0, 0.359895972, 0.0727276123, -0.151104346, -0.471827906, 0.861386967, -0.187343647, -0.875, -0.431518555, 0.219238281, 0.107976429, 0.267344557, 0.957600561, 0, 0, 0, 0, 0, 0, 0, 0.378548145, 0.0968481445, -0.128582568, -0.527859514, 0.424653502, -0.735499478, 0.334472656, -0.692016602, -0.639648437, -0.780644201, -0.583564308, 0.223292786, 1, 3, 1, 
623.119816, 0.1, 0.1, -0.0272028789, 0.277381015, -0.0199665209, 0.596272453, -4.31743681e-006, 0.802782139, 0.802782138, 5.42729886e-005, -0.596272451, -4.09950173e-005, 0.999999999, 3.58274492e-005, 0.596272474, -1.58389505e-006, 0.802782123, 0.802782122, 2.99390466e-005, -0.596272474, -2.30900984e-005, 1, 1.9123352e-005, 0, 0, 0, 0, 0, 0, 0, 0.359895972, 0.0727276123, -0.151104346, -0.471827906, 0.861386967, -0.187343647, -0.875, -0.431518555, 0.219238281, 0.107976429, 0.267344557, 0.957600561, 0, 0, 0, 0, 0, 0, 0, 0.378548145, 0.0968481445, -0.128582568, -0.527859514, 0.424653502, -0.735499478, 0.334472656, -0.692016602, -0.639648437, -0.780644201, -0.583564308, 0.223292786, 1, 3, 1, 
623.120604, 0.1, 0.1, -0.0272028793, 0.277381012, -0.0199664291, 0.596272341, 5.18477965e-006, 0.802782222, 0.802782221, -4.7848888e-005, -0.59627234, 3.53206959e-005, 0.999999999, -3.26932174e-005, 0.596272363, 2.83462688e-006, 0.802782206, 0.802782205, -2.27771497e-005, -0.596272362, 1.65948808e-005, 1, -1.58569729e-005, 0, 0, 0, 0, 0, 0, 0, 0.359895972, 0.0727276123, -0.151104346, -0.471827906, 0.861386967, -0.187343647, -0.875, -0.431518555, 0.219238281, 0.107976429, 0.267344557, 0.957600561, 0, 0, 0, 0, 0, 0, 0, 0.378548145, 0.0968481445, -0.128582568, -0.527859514, 0.424653502, -0.735499478, 0.334472656, -0.692016602, -0.639648437, -0.780644201, -0.583564308, 0.223292786, 1, 3, 1, 
623.121393, 0.1, 0.1, -0.0272028799, 0.277381014, -0.0199660328, 0.596272237, -6.12589434e-006, 0.802782299, 0.802782298, 4.89358089e-005, -0.596272236, -3.56321005e-005, 0.999999999, 3.40968238e-005, 0.596272256, -3.92518778e-006, 0.802782285, 0.802782284, 2.46178057e-005, -0.596272256, -1.74222578e-005, 1, 1.78299858e-005, 0, 0, 0, 0, 0, 0, 0, 0.359895972, 0.0727276123, -0.151104346, -0.471827906, 0.861386967, -0.187343647, -0.875, -0.431518555, 0.219238281, 0.107976429, 0.267344557, 0.957600561, 0, 0, 0, 0, 0, 0, 0, 0.378548145, 0.0968481445, -0.128582568, -0.527859514, 0.424653502, -0.735499478, 0.334472656, -0.692016602, -0.639648437, -0.780644201, -0.583564308, 0.223292786, 1, 3, 1, 
623.122189, 0.1, 0.1, -0.0272028804, 0.277381013, -0.0199654126, 0.596272144, 7.36848373e-006, 0.802782368, 0.802782367, -5.51517398e-005, -0.596272142, 3.98812227e-005, 0.999999998, -3.88007349e-005, 0.596272162, 4.12808673e-006, 0.802782355, 0.802782355, -2.97681001e-005, -0.596272161, 2.14358423e-005, 1, -2.10638446e-005, 0, 0, 0, 0, 0, 0, 0, 0.359895972, 0.0727276123, -0.151104346, -0.471827906, 0.861386967, -0.187343647, -0.875, -0.431518555, 0.219238281, 0.107976429, 0.267344557, 0.957600561, 0, 0, 0, 0, 0, 0, 0, 0.378548145, 0.0968481445, -0.128582568, -0.527859514, 0.424653502, -0.735499478, 0.334472656, -0.692016602, -0.639648437, -0.780644201, -0.583564308, 0.223292786, 1, 3, 1, 
