time, realDorsalTactorPos, realVentralTactorPos, boxPosX, boxPosY, boxPosZ, boxLocalRot_11, boxLocalRot_12, boxLocalRot_13, boxLocalRot_21, boxLocalRot_22, boxLocalRot_23, boxLocalRot_31, boxLocalRot_32, boxLocalRot_33, boxGlobalRot_11, boxGlobalRot_12, boxGlobalRot_13, boxGlobalRot_21, boxGlobalRot_22, boxGlobalRot_23, boxGlobalRot_31, boxGlobalRot_32, boxGlobalRot_33, indexForceX, indexForceY, indexForceZ, indexForceGlobalX, indexForceGlobalY, indexForceGlobalZ, indexContact, indexPosX, indexPosY, indexPosZ, indexRot_11, indexRot_12, indexRot_13, indexRot_21, indexRot_22, indexRot_23, indexRot_31, indexRot_32, indexRot_33, thumbForceX, thumbForceY, thumbForceZ, thumbForceGlobalX, thumbForceGlobalY, thumbForceGlobalZ, thumbContact, thumbPosX, thumbPosY, thumbPosZ, thumbRot_11, thumbRot_12, thumbRot_13, thumbRot_21, thumbRot_22, thumbRot_23, thumbRot_31, thumbRot_32, thumbRot_33, mapping, trialSuccess, 
243.214134, 0.1, 0.1, -0.0592161135, 0.164523875, -0.0199614898, 0.882864928, -0.469626999, -5.70880102e-006, 0.469626999, 0.882864927, 5.03787325e-005, -1.86191127e-005, -4.71586231e-005, 0.999999999, 0.882864806, -0.469627229, 6.61243711e-006, 0.469627228, 0.882864805, 5.33937523e-005, -3.0913048e-005, -4.40340843e-005, 0.999999999, 0, 0, 0, 0, 0, 0, 0, 0.170695264, -0.0250161377, -0.165846021, -0.0550759303, 0.809691255, -0.584184864, -0.385498047, 0.522460937, 0.760498047, 0.921078829, 0.267128102, 0.283475331, 0, 0, 0, 0, 0, 0, 0, 0.212117627, -0.00801953125, -0.147544873, -0.235637837, 0.200459328, -0.950839801, 0.630493164, -0.713012695, -0.306518555, -0.739497334, -0.67169073, 0.0415850543, 3, 1, 
243.262146, 0.1, 0.1, -0.0592159882, 0.16452378, -0.0199658708, 0.882886643, -0.469586174, 1.52473527e-005, 0.469586174, 0.882886643, 1.83900943e-005, -2.20974181e-005, -9.07642263e-006, 1, 0.882886291, -0.469586836, 8.91650394e-006, 0.469586836, 0.882886291, 2.9262827e-005, -2.16136974e-005, -2.16486759e-005, 1, 0, 0, 0, 0, 0, 0, 0, 0.168374658, -0.0279743164, -0.164811475, -0.0654147718, 0.807982711, -0.58558262, -0.388671875, 0.519775391, 0.760742188, 0.919008583, 0.277409655, 0.280112548, 0, 0, 0, 0, 0, 0, 0, 0.209653027, -0.0108146973, -0.146748682, -0.241789572, 0.194758549, -0.950500383, 0.637817383, -0.706176758, -0.306884766, -0.73118369, -0.680513668, 0.046530437, 3, 1, 
243.262988, 0.1, 0.1, -0.0592159858, 0.164523783, -0.019965574, 0.882888542, -0.469582604, -1.53380741e-005, 0.469582604, 0.882888542, 7.7728229e-006, 9.89182746e-006, -1.4065029e-005, 1, 0.882888193, -0.469583259, -1.704542e-005, 0.469583259, 0.882888194, -2.2025153e-005, 2.53918432e-005, 1.14415036e-005, 1, 0, 0, 0, 0, 0, 0, 0, 0.168341455, -0.0282200195, -0.164839917, -0.0660558009, 0.80749445, -0.586122178, -0.388916016, 0.520019531, 0.760498047, 0.918862928, 0.27822854, 0.27982723, 0, 0, 0, 0, 0, 0, 0, 0.209653027, -0.0108146973, -0.146748682, -0.241789572, 0.194758549, -0.950500383, 0.637817383, -0.706176758, -0.306884766, -0.73118369, -0.680513668, 0.046530437, 3, 1, 
243.26378, 0.1, 0.1, -0.0592159878, 0.164523778, -0.0199651147, 0.882890349, -0.469579208, 4.86207094e-006, 0.469579208, 0.882890348, -2.38988144e-005, 6.92971084e-006, 2.338316e-005, 1, 0.882889984, -0.469579893, 2.15690554e-005, 0.469579894, 0.882889984, -2.43074248e-006, -1.79016751e-005, 1.22744729e-005, 1, 0, 0, 0, 0, 0, 0, 0, 0.168341455, -0.0282200195, -0.164839917, -0.0660558009, 0.80749445, -0.586122178, -0.388916016, 0.520019531, 0.760498047, 0.918862928, 0.27822854, 0.27982723, 0, 0, 0, 0, 0, 0, 0, 0.209653027, -0.0108146973, -0.146748682, -0.241789572, 0.194758549, -0.950500383, 0.637817383, -0.706176758, -0.306884766, -0.73118369, -0.680513668, 0.046530437, 3, 1, 
243.264571, 0.1, 0.1, -0.0592159865, 0.164523775, -0.0199648068, 0.882892156, -0.469575809, 1.51409557e-005, 0.469575808, 0.882892156, 4.17850443e-005, -3.2989077e-005, -2.97818614e-005, 0.999999999, 0.88289179, -0.469576497, 3.92714902e-006, 0.469576497, 0.88289179, 3.73022465e-005, -2.09835059e-005, -3.10897503e-005, 0.999999999, 0, 0, 0, 0, 0, 0, 0, 0.168341455, -0.0282200195, -0.164839917, -0.0660558009, 0.80749445, -0.586122178, -0.388916016, 0.520019531, 0.760498047, 0.918862928, 0.27822854, 0.27982723, 0, 0, 0, 0, 0, 0, 0, 0.209653027, -0.0108146973, -0.146748682, -0.241789572, 0.194758549, -0.950500383, 0.637817383, -0.706176758, -0.306884766, -0.73118369, -0.680513668, 0.046530437, 3, 1, 
243.265433, 0.1, 0.1, -0.0592159854, 0.164523777, -0.0199640097, 0.882894136, -0.469572086, -2.24077767e-005, 0.469572086, 0.882894136, -2.15735641e-005, 2.99140382e-005, 8.52510675e-006, 1, 0.882893769, -0.469572777, -1.63011324e-005, 0.469572776, 0.882893769, -3.4836007e-005, 3.07502088e-005, 2.31019256e-005, 0.999999999, 0, 0, 0, 0, 0, 0, 0, 0.168080249, -0.0284548584, -0.164851392, -0.0667983015, 0.807228227, -0.586319129, -0.388916016, 0.520141602, 0.760375977, 0.918856937, 0.278888665, 0.279364056, 0, 0, 0, 0, 0, 0, 0, 0.209620068, -0.0110845703, -0.146730127, -0.242460379, 0.194189821, -0.95045554, 0.638183594, -0.705932617, -0.307006836, -0.730640481, -0.680941672, 0.0472716065, 3, 1, 
243.266222, 0.1, 0.1, -0.0592159847, 0.164523771, -0.019963453, 0.882895972, -0.469568634, 1.32663698e-005, 0.469568635, 0.882895972, -8.12683377e-006, -7.89671823e-006, 1.340462e-005, 1, 0.882895612, -0.469569311, 1.31129313e-005, 0.469569311, 0.882895612, 2.22934929e-005, -2.20456896e-005, -1.3525397e-005, 1, 0, 0, 0, 0, 0, 0, 0, 0.168080249, -0.0284548584, -0.164851392, -0.0667983015, 0.807228227, -0.586319129, -0.388916016, 0.520141602, 0.760375977, 0.918856937, 0.278888665, 0.279364056, 0, 0, 0, 0, 0, 0, 0, 0.209620068, -0.0110845703, -0.146730127, -0.242460379, 0.194189821, -0.95045554, 0.638183594, -0.705932617, -0.307006836, -0.730640481, -0.680941672, 0.0472716065, 3, 1, 
243.267015, 0.1, 0.1, -0.0592159812, 0.164523773, -0.0199636086, 0.88289783, -0.469565141, -6.55881226e-007, 0.469565141, 0.88289783, 2.76201225e-005, -1.23903706e-005, -2.46937252e-005, 1, 0.882897459, -0.469565837, -1.91952853e-005, 0.469565838, 0.88289746, 4.70608529e-006, 1.47376517e-005, -1.3168441e-005, 1, 0, 0, 0, 0, 0, 0, 0, 0.168080249, -0.0284548584, -0.164851392, -0.0667983015, 0.807228227, -0.586319129, -0.388916016, 0.520141602, 0.760375977, 0.918856937, 0.278888665, 0.279364056, 0, 0, 0, 0, 0, 0, 0, 0.209620068, -0.0110845703, -0.146730127, -0.242460379, 0.194189821, -0.95045554, 0.638183594, -0.705932617, -0.307006836, -0.730640481, -0.680941672, 0.0472716065, 3, 1, 
243.267834, 0.1, 0.1, -0.0592159827, 0.164523773, -0.0199640642, 0.88289977, -0.469561493, -7.48266788e-006, 0.469561492, 0.88289977, -3.84034775e-005, 2.463924e-005, 3.03928487e-005, 0.999999999, 0.882899401, -0.469562187, 3.68649621e-006, 0.469562187, 0.8828994, -3.46271451e-005, 1.30047927e-005, 3.23033249e-005, 0.999999999, 0, 0, 0, 0, 0, 0, 0, 0.168080249, -0.0284548584, -0.164851392, -0.0667983015, 0.807228227, -0.586319129, -0.388916016, 0.520141602, 0.760375977, 0.918856937, 0.278888665, 0.279364056, 0, 0, 0, 0, 0, 0, 0, 0.209620068, -0.0110845703, -0.146730127, -0.242460379, 0.194189821, -0.95045554, 0.638183594, -0.705932617, -0.307006836, -0.730640481, -0.680941672, 0.0472716065, 3, 1, 
243.268622, 0.1, 0.1, -0.0592159822, 0.164523769, -0.0199648723, 0.882901637, -0.469557983, 1.91027686e-005, 0.469557982, 0.882901637, 2.24859159e-005, -2.7424307e-005, -1.08829944e-005, 1, 0.882901266, -0.46955868, 1.41703686e-005, 0.469558679, 0.882901266, 3.41577358e-005, -2.85500977e-005, -2.35040887e-005, 0.999999999, 0, 0, 0, 0, 0, 0, 0, 0.168080249, -0.0284548584, -0.164851392, -0.0667983015, 0.807228227, -0.586319129, -0.388916016, 0.520141602, 0.760375977, 0.918856937, 0.278888665, 0.279364056, 0, 0, 0, 0, 0, 0, 0, 0.209620068, -0.0110845703, -0.146730127, -0.242460379, 0.194189821, -0.95045554, 0.638183594, -0.705932617, -0.307006836, -0.730640481, -0.680941672, 0.0472716065, 3, 1, 
243.269416, 0.1, 0.1, -0.0592159802, 0.16452377, -0.0199658361, 0.88290349, -0.469554499, -1.69187233e-005, 0.469554499, 0.88290349, 1.07567552e-005, 9.88671704e-006, -1.74414394e-005, 1, 0.882903124, -0.469555186, -1.68813365e-005, 0.469555186, 0.882903124, -1.78156901e-005, 2.32700344e-005, 7.80280935e-006, 1, 0, 0, 0, 0, 0, 0, 0, 0.168080249, -0.0284548584, -0.164851392, -0.0667983015, 0.807228227, -0.586319129, -0.388916016, 0.520141602, 0.760375977, 0.918856937, 0.278888665, 0.279364056, 0, 0, 0, 0, 0, 0, 0, 0.209620068, -0.0110845703, -0.146730127, -0.242460379, 0.194189821, -0.95045554, 0.638183594, -0.705932617, -0.307006836, -0.730640481, -0.680941672, 0.0472716065, 3, 1, 
243.270263, 0.1, 0.1, -0.0592159815, 0.164523766, -0.0199660554, 0.882905506, -0.469550708, -1.20213091e-006, 0.469550708, 0.882905506, -2.57070867e-005, 1.31321487e-005, 2.21324669e-005, 1, 0.88290513, -0.469551415, 1.61366539e-005, 0.469551415, 0.88290513, -4.23345866e-006, -1.2259308e-005, 1.13147311e-005, 1, 0, 0, 0, 0, 0, 0, 0, 0.167811597, -0.0286835937, -0.164633521, -0.0676804654, 0.807082573, -0.586395513, -0.388916016, 0.519897461, 0.760498047, 0.918749474, 0.279529694, 0.278881786, 0, 0, 0, 0, 0, 0, 0, 0.209347266, -0.0113478516, -0.146926514, -0.24337399, 0.193755254, -0.950289296, 0.638427734, -0.705566406, -0.307373047, -0.730122792, -0.681478317, 0.0480255357, 3, 1, 
243.271063, 0.1, 0.1, -0.0592159784, 0.164523763, -0.0199656352, 0.88290739, -0.469547165, 7.57095752e-006, 0.469547164, 0.88290739, 3.55151312e-005, -2.33604835e-005, -2.78016502e-005, 0.999999999, 0.882907017, -0.469547867, -3.46913771e-006, 0.469547867, 0.882907016, 3.18314441e-005, -1.18834607e-005, -2.97331316e-005, 0.999999999, 0, 0, 0, 0, 0, 0, 0, 0.167811597, -0.0286835937, -0.164633521, -0.0676804654, 0.807082573, -0.586395513, -0.388916016, 0.519897461, 0.760498047, 0.918749474, 0.279529694, 0.278881786, 0, 0, 0, 0, 0, 0, 0, 0.209347266, -0.0113478516, -0.146926514, -0.24337399, 0.193755254, -0.950289296, 0.638427734, -0.705566406, -0.307373047, -0.730122792, -0.681478317, 0.0480255357, 3, 1, 
243.27186, 0.1, 0.1, -0.0592159772, 0.164523765, -0.0199651488, 0.882909253, -0.469543662, -1.83999632e-005, 0.469543661, 0.882909253, -2.24646522e-005, 2.67936328e-005, 1.11946632e-005, 1, 0.882908883, -0.469544359, -1.36795125e-005, 0.469544358, 0.882908882, -3.47391082e-005, 2.83893154e-005, 2.42483293e-005, 0.999999999, 0, 0, 0, 0, 0, 0, 0, 0.167811597, -0.0286835937, -0.164633521, -0.0676804654, 0.807082573, -0.586395513, -0.388916016, 0.519897461, 0.760498047, 0.918749474, 0.279529694, 0.278881786, 0, 0, 0, 0, 0, 0, 0, 0.209347266, -0.0113478516, -0.146926514, -0.24337399, 0.193755254, -0.950289296, 0.638427734, -0.705566406, -0.307373047, -0.730122792, -0.681478317, 0.0480255357, 3, 1, 
243.272837, 0.1, 0.1, -0.0592159789, 0.164523761, -0.0199633762, 0.882911528, -0.469539384, 2.09290111e-005, 0.469539385, 0.882911527, -3.19398794e-005, -3.48143381e-006, 3.80270828e-005, 0.999999999, 0.882910925, -0.469540519, 2.19120517e-005, 0.469540518, 0.882910925, 1.74368407e-005, -2.75336931e-005, -5.10658107e-006, 1, 0, 0, 0, 0, 0, 0, 0, 0.167811597, -0.0286835937, -0.164633521, -0.0676804654, 0.807082573, -0.586395513, -0.388916016, 0.519897461, 0.760498047, 0.918749474, 0.279529694, 0.278881786, 0, 0, 0, 0, 0, 0, 0, 0.209347266, -0.0113478516, -0.146926514, -0.24337399, 0.193755254, -0.950289296, 0.638427734, -0.705566406, -0.307373047, -0.730122792, -0.681478317, 0.0480255357, 3, 1, 
243.274135, 0.1, 0.1, -0.0592159708, 0.164523765, -0.0199531282, 0.882914796, -0.46953324, 1.21624576e-005, 0.469533238, 0.882914794, 7.32307144e-005, -4.51226683e-005, -5.89458031e-005, 0.999999997, 0.882914107, -0.469534534, -2.99304684e-005, 0.469534535, 0.882914107, 2.57294519e-005, 1.43451665e-005, -3.67702846e-005, 0.999999999, 0, 0, 0, 0, 0, 0, 0, 0.167811597, -0.0286835937, -0.164633521, -0.0676804654, 0.807082573, -0.586395513, -0.388916016, 0.519897461, 0.760498047, 0.918749474, 0.279529694, 0.278881786, 0, 0, 0, 0, 0, 0, 0, 0.209347266, -0.0113478516, -0.146926514, -0.24337399, 0.193755254, -0.950289296, 0.638427734, -0.705566406, -0.307373047, -0.730122792, -0.681478317, 0.0480255357, 3, 1, 
243.27509, 0.1, 0.1, -0.0592159789, 0.16452376, -0.0199449031, 0.882917448, -0.469528253, -1.73843014e-006, 0.469528252, 0.882917447, -5.03990101e-005, 2.51986495e-005, 4.36819233e-005, 0.999999999, 0.88291701, -0.469529077, 1.7644895e-005, 0.469529077, 0.882917009, -4.18607734e-005, 4.07587233e-006, 4.52443801e-005, 0.999999999, 0, 0, 0, 0, 0, 0, 0, 0.16777229, -0.0289062256, -0.164637549, -0.068442062, 0.807057485, -0.586452801, -0.389038086, 0.51965332, 0.760620117, 0.918622915, 0.280151627, 0.278520084, 0, 0, 0, 0, 0, 0, 0, 0.209074463, -0.0113795898, -0.146678125, -0.2442876, 0.193442088, -0.950110292, 0.638671875, -0.705078125, -0.307739258, -0.729605103, -0.682002203, 0.0486580633, 3, 1, 
243.275873, 0.1, 0.1, -0.0592159794, 0.164523754, -0.0199454126, 0.882919713, -0.469523992, 2.94843532e-005, 0.469523991, 0.882919714, 3.14267451e-005, -4.07879275e-005, -1.39036816e-005, 0.999999999, 0.882919264, -0.469524837, 2.36712141e-005, 0.469524836, 0.882919263, 5.17166778e-005, -4.51820356e-005, -3.45474282e-005, 0.999999998, 0, 0, 0, 0, 0, 0, 0, 0.16777229, -0.0289062256, -0.164637549, -0.068442062, 0.807057485, -0.586452801, -0.389038086, 0.51965332, 0.760620117, 0.918622915, 0.280151627, 0.278520084, 0, 0, 0, 0, 0, 0, 0, 0.209074463, -0.0113795898, -0.146678125, -0.2442876, 0.193442088, -0.950110292, 0.638671875, -0.705078125, -0.307739258, -0.729605103, -0.682002203, 0.0486580633, 3, 1, 
243.276659, 0.1, 0.1, -0.0592159759, 0.164523761, -0.0199525744, 0.882922039, -0.469519619, -3.27306409e-005, 0.469519619, 0.882922039, -5.8197142e-006, 3.16310742e-005, -1.02293241e-005, 0.999999999, 0.882921574, -0.469520492, -3.06917406e-005, 0.469520491, 0.882921575, -4.28002002e-005, 4.7193971e-005, 2.33788191e-005, 0.999999999, 0, 0, 0, 0, 0, 0, 0, 0.16777229, -0.0289062256, -0.164637549, -0.068442062, 0.807057485, -0.586452801, -0.389038086, 0.51965332, 0.760620117, 0.918622915, 0.280151627, 0.278520084, 0, 0, 0, 0, 0, 0, 0, 0.209074463, -0.0113795898, -0.146678125, -0.2442876, 0.193442088, -0.950110292, 0.638671875, -0.705078125, -0.307739258, -0.729605103, -0.682002203, 0.0486580633, 3, 1, 
243.277501, 0.1, 0.1, -0.0592159753, 0.164523758, -0.0199634076, 0.882924571, -0.469514858, -7.08650845e-006, 0.469514857, 0.882924571, -3.61545142e-005, 2.3231934e-005, 2.85944879e-005, 0.999999999, 0.882924076, -0.469515789, 1.0269439e-005, 0.469515789, 0.882924076, -1.18872842e-005, -3.48586732e-006, 1.53172332e-005, 1, 0, 0, 0, 0, 0, 0, 0, 0.16724646, -0.0288920654, -0.164613013, -0.0700094385, 0.807292629, -0.585901261, -0.388305664, 0.518920898, 0.761474609, 0.918871163, 0.280855936, 0.277320401, 0, 0, 0, 0, 0, 0, 0, 0.208750391, -0.0114230469, -0.146849365, -0.246102061, 0.193033041, -0.949765044, 0.639038086, -0.704467773, -0.30871582, -0.728691126, -0.682781652, 0.0500445202, 3, 1, 
243.278284, 0.1, 0.1, -0.0592159719, 0.164523759, -0.0199729072, 0.882926869, -0.469510536, 1.57052305e-005, 0.469510535, 0.882926869, 2.48164733e-005, -2.55181657e-005, -1.45373599e-005, 1, 0.882926415, -0.469511391, -9.96228777e-006, 0.469511391, 0.882926415, 1.09757761e-005, 3.64271512e-006, -1.43682102e-005, 1, 0, 0, 0, 0, 0, 0, 0, 0.16724646, -0.0288920654, -0.164613013, -0.0700094385, 0.807292629, -0.585901261, -0.388305664, 0.518920898, 0.761474609, 0.918871163, 0.280855936, 0.277320401, 0, 0, 0, 0, 0, 0, 0, 0.208750391, -0.0114230469, -0.146849365, -0.246102061, 0.193033041, -0.949765044, 0.639038086, -0.704467773, -0.30871582, -0.728691126, -0.682781652, 0.0500445202, 3, 1, 
243.279072, 0.1, 0.1, -0.0592159811, 0.164523756, -0.0199792186, 0.882929153, -0.469506241, 2.89364614e-005, 0.469506241, 0.882929153, 3.59621127e-006, -2.7237289e-005, 1.04106495e-005, 1, 0.882928716, -0.469507061, 4.70294685e-005, 0.469507061, 0.882928717, 5.33658635e-006, -4.40292333e-005, 1.73688422e-005, 0.999999999, 0, 0, 0, 0, 0, 0, 0, 0.16724646, -0.0288920654, -0.164613013, -0.0700094385, 0.807292629, -0.585901261, -0.388305664, 0.518920898, 0.761474609, 0.918871163, 0.280855936, 0.277320401, 0, 0, 0, 0, 0, 0, 0, 0.208750391, -0.0114230469, -0.146849365, -0.246102061, 0.193033041, -0.949765044, 0.639038086, -0.704467773, -0.30871582, -0.728691126, -0.682781652, 0.0500445202, 3, 1, 
243.279853, 0.1, 0.1, -0.0592159726, 0.164523758, -0.0199806849, 0.882931079, -0.469502617, -5.0312383e-005, 0.469502615, 0.88293108, -3.85822146e-005, 6.25368174e-005, 1.0443641e-005, 0.999999998, 0.882930737, -0.469503259, -5.29890207e-005, 0.469503259, 0.882930739, -2.57533974e-005, 5.88769392e-005, -2.14005176e-006, 0.999999998, 0, 0, 0, 0, 0, 0, 0, 0.16724646, -0.0288920654, -0.164613013, -0.0700094385, 0.807292629, -0.585901261, -0.388305664, 0.518920898, 0.761474609, 0.918871163, 0.280855936, 0.277320401, 0, 0, 0, 0, 0, 0, 0, 0.208750391, -0.0114230469, -0.146849365, -0.246102061, 0.193033041, -0.949765044, 0.639038086, -0.704467773, -0.30871582, -0.728691126, -0.682781652, 0.0500445202, 3, 1, 
243.280639, 0.1, 0.1, -0.0592159681, 0.16452376, -0.0199772402, 0.882932608, -0.469499745, 1.10308398e-005, 0.469499744, 0.882932608, 2.38440242e-005, -2.09342514e-005, -1.587369e-005, 1, 0.882932323, -0.46950028, -2.02097298e-006, 0.46950028, 0.882932323, 9.06313255e-006, -2.4707609e-006, -8.95098006e-006, 1, 0, 0, 0, 0, 0, 0, 0, 0.16724646, -0.0288920654, -0.164613013, -0.0700094385, 0.807292629, -0.585901261, -0.388305664, 0.518920898, 0.761474609, 0.918871163, 0.280855936, 0.277320401, 0, 0, 0, 0, 0, 0, 0, 0.208750391, -0.0114230469, -0.146849365, -0.246102061, 0.193033041, -0.949765044, 0.639038086, -0.704467773, -0.30871582, -0.728691126, -0.682781652, 0.0500445202, 3, 1, 
243.281424, 0.1, 0.1, -0.0592159707, 0.164523759, -0.0199703113, 0.88293402, -0.469497088, -1.58488425e-006, 0.469497088, 0.88293402, -2.27539501e-005, 1.20822615e-005, 1.93461381e-005, 1, 0.882933736, -0.469497623, 8.2584842e-006, 0.469497623, 0.882933735, -2.08919995e-005, 2.51704981e-006, 2.23235899e-005, 1, 0, 0, 0, 0, 0, 0, 0, 0.16724646, -0.0288920654, -0.164613013, -0.0700094385, 0.807292629, -0.585901261, -0.388305664, 0.518920898, 0.761474609, 0.918871163, 0.280855936, 0.277320401, 0, 0, 0, 0, 0, 0, 0, 0.208750391, -0.0114230469, -0.146849365, -0.246102061, 0.193033041, -0.949765044, 0.639038086, -0.704467773, -0.30871582, -0.728691126, -0.682781652, 0.0500445202, 3, 1, 
243.282219, 0.1, 0.1, -0.0592159678, 0.164523755, -0.019962404, 0.88293537, -0.46949455, -9.1997216e-006, 0.469494551, 0.88293537, 8.44286506e-006, 4.15888045e-006, -1.17737233e-005, 1, 0.882935105, -0.469495047, -1.94942923e-005, 0.469495048, 0.882935105, 2.23408171e-005, 6.72329207e-006, -2.88779654e-005, 1, 0, 0, 0, 0, 0, 0, 0, 0.16724646, -0.0288920654, -0.164613013, -0.071615007, 0.807426301, -0.585451192, -0.387817383, 0.518188477, 0.762207031, 0.918878276, 0.281699908, 0.276260382, 0, 0, 0, 0, 0, 0, 0, 0.208750391, -0.0114230469, -0.146849365, -0.246102061, 0.193033041, -0.949765044, 0.639038086, -0.704467773, -0.30871582, -0.728691126, -0.682781652, 0.0500445202, 3, 1, 
243.283016, 0.1, 0.1, -0.0592159673, 0.164523758, -0.0199559315, 0.882936547, -0.469492334, -4.22498611e-005, 0.469492335, 0.882936548, 1.76929908e-006, 3.64732742e-005, -2.13981648e-005, 0.999999999, 0.882936306, -0.469492789, -1.8290032e-005, 0.469492789, 0.882936306, -2.21017721e-005, 2.6525556e-005, 1.09274188e-005, 1, 0, 0, 0, 0, 0, 0, 0, 0.166941187, -0.028882666, -0.164816479, -0.071615007, 0.807426301, -0.585451192, -0.387817383, 0.518188477, 0.762207031, 0.918878276, 0.281699908, 0.276260382, 0, 0, 0, 0, 0, 0, 0, 0.20821626, -0.0114748047, -0.146807373, -0.247648199, 0.192502592, -0.949528437, 0.639282227, -0.703857422, -0.309448242, -0.727994433, -0.683573861, 0.0512968157, 3, 1, 
243.283807, 0.1, 0.1, -0.0592159697, 0.164523754, -0.0199531756, 0.882937866, -0.469489853, 5.96551809e-005, 0.469489854, 0.882937867, -7.05802492e-006, -4.93581471e-005, 3.42392996e-005, 0.999999998, 0.882937592, -0.469490368, 5.18704472e-005, 0.469490368, 0.882937594, 7.09439395e-006, -4.91291174e-005, 1.80887682e-005, 0.999999999, 0, 0, 0, 0, 0, 0, 0, 0.166941187, -0.028882666, -0.164816479, -0.071615007, 0.807426301, -0.585451192, -0.387817383, 0.518188477, 0.762207031, 0.918878276, 0.281699908, 0.276260382, 0, 0, 0, 0, 0, 0, 0, 0.20821626, -0.0114748047, -0.146807373, -0.247648199, 0.192502592, -0.949528437, 0.639282227, -0.703857422, -0.309448242, -0.727994433, -0.683573861, 0.0512968157, 3, 1, 
243.284592, 0.1, 0.1, -0.0592159687, 0.164523752, -0.0199547437, 0.882939315, -0.469487131, -1.17903164e-005, 0.469487132, 0.882939314, 2.80483655e-005, -2.75821274e-006, -3.03004064e-005, 1, 0.882939017, -0.46948769, -2.73981035e-005, 0.469487691, 0.882939017, 2.17627936e-005, 1.39734909e-005, -3.2078292e-005, 0.999999999, 0, 0, 0, 0, 0, 0, 0, 0.166941187, -0.028882666, -0.164816479, -0.071615007, 0.807426301, -0.585451192, -0.387817383, 0.518188477, 0.762207031, 0.918878276, 0.281699908, 0.276260382, 0, 0, 0, 0, 0, 0, 0, 0.20821626, -0.0114748047, -0.146807373, -0.247648199, 0.192502592, -0.949528437, 0.639282227, -0.703857422, -0.309448242, -0.727994433, -0.683573861, 0.0512968157, 3, 1, 
243.285367, 0.1, 0.1, -0.0592159698, 0.164523755, -0.019959853, 0.882940703, -0.46948452, 1.34186604e-005, 0.46948452, 0.882940703, -1.47473449e-005, -4.92423132e-006, 1.93208844e-005, 1, 0.882940451, -0.469484994, 1.9970114e-005, 0.469484995, 0.88294045, -2.77221284e-005, -4.61729814e-006, 3.38526574e-005, 0.999999999, 0, 0, 0, 0, 0, 0, 0, 0.166941187, -0.028882666, -0.164816479, -0.071615007, 0.807426301, -0.585451192, -0.387817383, 0.518188477, 0.762207031, 0.918878276, 0.281699908, 0.276260382, 0, 0, 0, 0, 0, 0, 0, 0.20821626, -0.0114748047, -0.146807373, -0.247648199, 0.192502592, -0.949528437, 0.639282227, -0.703857422, -0.309448242, -0.727994433, -0.683573861, 0.0512968157, 3, 1, 
243.286157, 0.1, 0.1, -0.0592159673, 0.164523752, -0.0199665488, 0.882941907, -0.469482256, -8.68178897e-007, 0.469482256, 0.882941907, -1.53719054e-005, 7.98338837e-006, 1.31649049e-005, 1, 0.882941666, -0.469482709, -1.91600621e-006, 0.469482709, 0.882941666, 1.13079097e-005, -3.61714637e-006, -1.08837564e-005, 1, 0, 0, 0, 0, 0, 0, 0, 0.166941187, -0.028882666, -0.164816479, -0.071615007, 0.807426301, -0.585451192, -0.387817383, 0.518188477, 0.762207031, 0.918878276, 0.281699908, 0.276260382, 0, 0, 0, 0, 0, 0, 0, 0.20821626, -0.0114748047, -0.146807373, -0.247648199, 0.192502592, -0.949528437, 0.639282227, -0.703857422, -0.309448242, -0.727994433, -0.683573861, 0.0512968157, 3, 1, 
243.286939, 0.1, 0.1, -0.0592159669, 0.164523753, -0.0199724734, 0.88294294, -0.469480313, -1.47843914e-005, 0.469480313, 0.88294294, 1.08370341e-005, 7.96599986e-006, -1.65094635e-005, 1, 0.882942747, -0.469480676, -9.9445181e-006, 0.469480676, 0.882942747, 1.88664988e-006, 7.89469447e-006, -6.33456291e-006, 1, 0, 0, 0, 0, 0, 0, 0, 0.166941187, -0.028882666, -0.164816479, -0.071615007, 0.807426301, -0.585451192, -0.387817383, 0.518188477, 0.762207031, 0.918878276, 0.281699908, 0.276260382, 0, 0, 0, 0, 0, 0, 0, 0.20821626, -0.0114748047, -0.146807373, -0.247648199, 0.192502592, -0.949528437, 0.639282227, -0.703857422, -0.309448242, -0.727994433, -0.683573861, 0.0512968157, 3, 1, 
243.287752, 0.1, 0.1, -0.0592159662, 0.164523754, -0.0199756828, 0.882943912, -0.469478485, 7.84447026e-006, 0.469478485, 0.882943912, -1.67956269e-005, 9.58958188e-007, 1.85124065e-005, 1, 0.882943741, -0.469478808, 1.40775297e-006, 0.469478808, 0.88294374, -2.17642583e-005, 8.97489135e-006, 1.98775258e-005, 1, 0, 0, 0, 0, 0, 0, 0, 0.166643359, -0.0286439209, -0.164796704, -0.0730809121, 0.80768054, -0.585001122, -0.387451172, 0.517578125, 0.762939453, 0.918986861, 0.282524783, 0.275200362, 0, 0, 0, 0, 0, 0, 0, 0.207910498, -0.0115199707, -0.146985449, -0.249232616, 0.192106304, -0.94913215, 0.639770508, -0.70300293, -0.310302734, -0.726933534, -0.684474711, 0.0521976661, 3, 1, 
243.28854, 0.1, 0.1, -0.0592159668, 0.16452375, -0.019975089, 0.882944626, -0.469477142, -1.44353174e-005, 0.469477142, 0.882944626, 2.47457847e-006, 1.15838279e-005, -8.96196733e-006, 1, 0.882944504, -0.469477373, -1.47508187e-006, 0.469477373, 0.882944503, 1.99814108e-005, -8.07840483e-006, -1.83349944e-005, 1, 0, 0, 0, 0, 0, 0, 0, 0.166643359, -0.0286439209, -0.164796704, -0.0730809121, 0.80768054, -0.585001122, -0.387451172, 0.517578125, 0.762939453, 0.918986861, 0.282524783, 0.275200362, 0, 0, 0, 0, 0, 0, 0, 0.207910498, -0.0115199707, -0.146985449, -0.249232616, 0.192106304, -0.94913215, 0.639770508, -0.70300293, -0.310302734, -0.726933534, -0.684474711, 0.0521976661, 3, 1, 
243.289323, 0.1, 0.1, -0.0592159657, 0.164523751, -0.0199714633, 0.882945068, -0.469476311, 6.71864619e-006, 0.469476311, 0.882945068, 2.31906715e-005, -1.68196664e-005, -1.73218438e-005, 1, 0.882945003, -0.469476434, 9.21817112e-006, 0.469476434, 0.882945003, 1.19954225e-006, -8.70229494e-006, 3.26858427e-006, 1, 0, 0, 0, 0, 0, 0, 0, 0.166643359, -0.0286439209, -0.164796704, -0.0730809121, 0.80768054, -0.585001122, -0.387451172, 0.517578125, 0.762939453, 0.918986861, 0.282524783, 0.275200362, 0, 0, 0, 0, 0, 0, 0, 0.207910498, -0.0115199707, -0.146985449, -0.249232616, 0.192106304, -0.94913215, 0.639770508, -0.70300293, -0.310302734, -0.726933534, -0.684474711, 0.0521976661, 3, 1, 
243.290137, 0.1, 0.1, -0.059215962, 0.164523751, -0.0199658808, 0.882945274, -0.469475923, -1.2986512e-005, 0.469475923, 0.882945274, -3.76316843e-005, 2.91335491e-005, 2.71298631e-005, 0.999999999, 0.882945255, -0.469475959, -2.18144543e-005, 0.469475958, 0.882945255, -2.81551245e-005, 3.2479123e-005, 1.46180717e-005, 0.999999999, 0, 0, 0, 0, 0, 0, 0, 0.166409253, -0.0286343994, -0.164776318, -0.073302951, 0.807883483, -0.584576141, -0.38684082, 0.517333984, 0.763427734, 0.91914562, 0.282245457, 0.274762276, 0, 0, 0, 0, 0, 0, 0, 0.207910498, -0.0115199707, -0.146985449, -0.250120707, 0.19264295, -0.948793464, 0.639770508, -0.702514648, -0.311279297, -0.726658648, -0.684909279, 0.0524787488, 3, 1, 
243.290919, 0.1, 0.1, -0.0592159635, 0.164523748, -0.0199606732, 0.882945213, -0.469476039, -1.33801969e-006, 0.469476039, 0.882945212, 2.66242026e-005, -1.13180271e-005, -2.41358804e-005, 1, 0.882945243, -0.469475982, 1.04935385e-005, 0.469475981, 0.882945243, 3.59404351e-005, -2.61383909e-005, -2.6806972e-005, 0.999999999, 0, 0, 0, 0, 0, 0, 0, 0.166409253, -0.0286343994, -0.164776318, -0.073302951, 0.807883483, -0.584576141, -0.38684082, 0.517333984, 0.763427734, 0.91914562, 0.282245457, 0.274762276, 0, 0, 0, 0, 0, 0, 0, 0.207411035, -0.0114936035, -0.146957129, -0.250120707, 0.19264295, -0.948793464, 0.639770508, -0.702514648, -0.311279297, -0.726658648, -0.684909279, 0.0524787488, 3, 1, 
243.291702, 0.1, 0.1, -0.0592159631, 0.164523753, -0.0199575319, 0.88294491, -0.469476608, 2.94942115e-005, 0.469476608, 0.88294491, -6.25134853e-006, -2.3106902e-005, 1.93664387e-005, 1, 0.882944986, -0.469476465, 9.89492521e-006, 0.469476465, 0.882944985, -3.60150266e-005, 8.17153278e-006, 3.64447217e-005, 0.999999999, 0, 0, 0, 0, 0, 0, 0, 0.166409253, -0.0286343994, -0.164776318, -0.073302951, 0.807883483, -0.584576141, -0.38684082, 0.517333984, 0.763427734, 0.91914562, 0.282245457, 0.274762276, 0, 0, 0, 0, 0, 0, 0, 0.207411035, -0.0114936035, -0.146957129, -0.250120707, 0.19264295, -0.948793464, 0.639770508, -0.702514648, -0.311279297, -0.726658648, -0.684909279, 0.0524787488, 3, 1, 
243.292486, 0.1, 0.1, -0.0592159635, 0.164523749, -0.0199573064, 0.882944345, -0.469477671, -1.47046285e-005, 0.469477671, 0.882944345, -2.97434902e-005, 2.69472731e-005, 1.93583518e-005, 0.999999999, 0.88294448, -0.469477417, -1.57795847e-005, 0.469477417, 0.88294448, 3.49944651e-006, 1.22895861e-005, -1.04979757e-005, 1, 0, 0, 0, 0, 0, 0, 0, 0.166409253, -0.0286343994, -0.164776318, -0.073302951, 0.807883483, -0.584576141, -0.38684082, 0.517333984, 0.763427734, 0.91914562, 0.282245457, 0.274762276, 0, 0, 0, 0, 0, 0, 0, 0.207411035, -0.0114936035, -0.146957129, -0.250120707, 0.19264295, -0.948793464, 0.639770508, -0.702514648, -0.311279297, -0.726658648, -0.684909279, 0.0524787488, 3, 1, 
243.293267, 0.1, 0.1, -0.0592159654, 0.164523748, -0.0199598741, 0.882943588, -0.469479095, 1.17564135e-005, 0.469479094, 0.882943587, 3.96350211e-005, -2.89880637e-005, -2.94760974e-005, 0.999999999, 0.882943752, -0.469478785, 2.05257561e-005, 0.469478784, 0.882943753, 2.76025119e-005, -3.10818819e-005, -1.47350584e-005, 0.999999999, 0, 0, 0, 0, 0, 0, 0, 0.166409253, -0.0286343994, -0.164776318, -0.073302951, 0.807883483, -0.584576141, -0.38684082, 0.517333984, 0.763427734, 0.91914562, 0.282245457, 0.274762276, 0, 0, 0, 0, 0, 0, 0, 0.207411035, -0.0114936035, -0.146957129, -0.250120707, 0.19264295, -0.948793464, 0.639770508, -0.702514648, -0.311279297, -0.726658648, -0.684909279, 0.0524787488, 3, 1, 
243.294056, 0.1, 0.1, -0.0592159623, 0.16452375, -0.0199641567, 0.882942659, -0.469480842, -2.0334951e-006, 0.469480842, 0.882942658, -2.73892964e-005, 1.46542095e-005, 2.32284912e-005, 1, 0.882942849, -0.469480484, -1.36747628e-005, 0.469480483, 0.882942849, -3.39026937e-005, 2.79906871e-005, 2.35141067e-005, 0.999999999, 0, 0, 0, 0, 0, 0, 0, 0.166409253, -0.0286343994, -0.164776318, -0.073302951, 0.807883483, -0.584576141, -0.38684082, 0.517333984, 0.763427734, 0.91914562, 0.282245457, 0.274762276, 0, 0, 0, 0, 0, 0, 0, 0.207411035, -0.0114936035, -0.146957129, -0.250120707, 0.19264295, -0.948793464, 0.639770508, -0.702514648, -0.311279297, -0.726658648, -0.684909279, 0.0524787488, 3, 1, 
243.294843, 0.1, 0.1, -0.0592159625, 0.164523745, -0.019968636, 0.882941621, -0.469482793, -1.60905678e-005, 0.469482793, 0.882941621, 5.81724798e-006, 1.14759342e-005, -1.26905351e-005, 1, 0.88294183, -0.469482401, -2.57865393e-006, 0.469482401, 0.88294183, 2.67921648e-005, -1.03016484e-005, -2.48665556e-005, 1, 0, 0, 0, 0, 0, 0, 0, 0.166409253, -0.0286343994, -0.164776318, -0.073302951, 0.807883483, -0.584576141, -0.38684082, 0.517333984, 0.763427734, 0.91914562, 0.282245457, 0.274762276, 0, 0, 0, 0, 0, 0, 0, 0.207411035, -0.0114936035, -0.146957129, -0.250120707, 0.19264295, -0.948793464, 0.639770508, -0.702514648, -0.311279297, -0.726658648, -0.684909279, 0.0524787488, 3, 1, 
243.295653, 0.1, 0.1, -0.0592159623, 0.164523748, -0.0199715695, 0.882940464, -0.469484969, 1.36012103e-005, 0.469484969, 0.882940464, 1.54192931e-005, -1.92481853e-005, -7.22875397e-006, 1, 0.882940693, -0.469484539, 1.46741231e-005, 0.469484539, 0.882940693, -6.74952235e-006, -9.787584e-006, 1.28487018e-005, 1, 0, 0, 0, 0, 0, 0, 0, 0.16596814, -0.028858252, -0.164778271, -0.073226567, 0.80790857, -0.584570149, -0.385864258, 0.517578125, 0.763671875, 0.91962789, 0.281623524, 0.274019776, 0, 0, 0, 0, 0, 0, 0, 0.207131396, -0.011477002, -0.146933691, -0.250983278, 0.192885753, -0.9486017, 0.639526367, -0.702514648, -0.312011719, -0.726626566, -0.684883759, 0.0529898748, 3, 1, 
243.296438, 0.1, 0.1, -0.0592159606, 0.164523747, -0.0199722424, 0.882939299, -0.46948716, -7.673147e-006, 0.46948716, 0.882939299, -2.80350442e-005, 1.99370163e-005, 2.11507983e-005, 1, 0.882939537, -0.469486714, -1.30518514e-005, 0.469486713, 0.882939537, -2.07160439e-005, 2.1249903e-005, 1.21633435e-005, 1, 0, 0, 0, 0, 0, 0, 0, 0.16596814, -0.028858252, -0.164778271, -0.073226567, 0.80790857, -0.584570149, -0.385864258, 0.517578125, 0.763671875, 0.91962789, 0.281623524, 0.274019776, 0, 0, 0, 0, 0, 0, 0, 0.207131396, -0.011477002, -0.146933691, -0.250983278, 0.192885753, -0.9486017, 0.639526367, -0.702514648, -0.312011719, -0.726626566, -0.684883759, 0.0529898748, 3, 1, 
243.297224, 0.1, 0.1, -0.0592159613, 0.164523744, -0.0199707115, 0.882938102, -0.469489412, -4.68490483e-006, 0.469489412, 0.882938102, 2.32364015e-005, -6.77276347e-006, -2.27158174e-005, 1, 0.88293834, -0.469488965, 5.12633668e-006, 0.469488965, 0.882938339, 2.95995493e-005, -1.8422901e-005, -2.37278184e-005, 1, 0, 0, 0, 0, 0, 0, 0, 0.16596814, -0.028858252, -0.164778271, -0.073226567, 0.80790857, -0.584570149, -0.385864258, 0.517578125, 0.763671875, 0.91962789, 0.281623524, 0.274019776, 0, 0, 0, 0, 0, 0, 0, 0.207131396, -0.011477002, -0.146933691, -0.250983278, 0.192885753, -0.9486017, 0.639526367, -0.702514648, -0.312011719, -0.726626566, -0.684883759, 0.0529898748, 3, 1, 
243.298029, 0.1, 0.1, -0.0592159597, 0.164523747, -0.0199674315, 0.882936827, -0.46949181, 1.74444658e-005, 0.46949181, 0.882936827, 7.26800656e-007, -1.57435882e-005, 7.54831475e-006, 1, 0.882937073, -0.469491348, 2.49590031e-006, 0.469491348, 0.882937072, -2.2009912e-005, 8.12974035e-006, 2.06051709e-005, 1, 0, 0, 0, 0, 0, 0, 0, 0.16596814, -0.028858252, -0.164778271, -0.073226567, 0.80790857, -0.584570149, -0.385864258, 0.517578125, 0.763671875, 0.91962789, 0.281623524, 0.274019776, 0, 0, 0, 0, 0, 0, 0, 0.206633398, -0.0116885254, -0.147123486, -0.251698928, 0.192981635, -0.948301295, 0.639038086, -0.702636719, -0.31262207, -0.726824526, -0.684628196, 0.0536351623, 3, 1, 
243.298815, 0.1, 0.1, -0.0592159588, 0.164523743, -0.0199637718, 0.882935513, -0.469494282, -1.46289426e-005, 0.469494281, 0.882935513, -2.55954205e-005, 2.49333165e-005, 1.57309008e-005, 1, 0.882935778, -0.469493781, -1.73517929e-005, 0.469493782, 0.882935779, 2.70874501e-006, 1.40487798e-005, -1.05382067e-005, 1, 0, 0, 0, 0, 0, 0, 0, 0.16596814, -0.028858252, -0.164778271, -0.073226567, 0.80790857, -0.584570149, -0.385864258, 0.517578125, 0.763671875, 0.91962789, 0.281623524, 0.274019776, 0, 0, 0, 0, 0, 0, 0, 0.206633398, -0.0116885254, -0.147123486, -0.251698928, 0.192981635, -0.948301295, 0.639038086, -0.702636719, -0.31262207, -0.726824526, -0.684628196, 0.0536351623, 3, 1, 
243.2996, 0.1, 0.1, -0.059215961, 0.164523742, -0.0199610426, 0.882934126, -0.46949689, 1.37867162e-005, 0.469496889, 0.882934125, 3.99319568e-005, -3.09206918e-005, -2.8784467e-005, 0.999999999, 0.882934409, -0.469496356, 2.18094556e-005, 0.469496356, 0.882934409, 2.9388533e-005, -3.3054128e-005, -1.57086871e-005, 0.999999999, 0, 0, 0, 0, 0, 0, 0, 0.16596814, -0.028858252, -0.164778271, -0.073226567, 0.80790857, -0.584570149, -0.385864258, 0.517578125, 0.763671875, 0.91962789, 0.281623524, 0.274019776, 0, 0, 0, 0, 0, 0, 0, 0.206633398, -0.0116885254, -0.147123486, -0.251698928, 0.192981635, -0.948301295, 0.639038086, -0.702636719, -0.31262207, -0.726824526, -0.684628196, 0.0536351623, 3, 1, 
243.300426, 0.1, 0.1, -0.0592159581, 0.164523745, -0.0199596055, 0.88293257, -0.469499815, 1.37168177e-006, 0.469499815, 0.88293257, -3.52945563e-005, 1.53596852e-005, 3.18067177e-005, 0.999999999, 0.882932881, -0.46949923, -1.17219637e-005, 0.469499229, 0.882932881, -4.48564047e-005, 3.14097546e-005, 3.41017417e-005, 0.999999999, 0, 0, 0, 0, 0, 0, 0, 0.165748926, -0.0290821045, -0.164780225, -0.0731692789, 0.807933658, -0.584564158, -0.385009766, 0.517822266, 0.763916016, 0.919989592, 0.28100159, 0.273277275, 0, 0, 0, 0, 0, 0, 0, 0.206633398, -0.0116885254, -0.147123486, -0.251698928, 0.192981635, -0.948301295, 0.639038086, -0.702636719, -0.31262207, -0.726824526, -0.684628196, 0.0536351623, 3, 1, 
243.301208, 0.1, 0.1, -0.0592159584, 0.16452374, -0.0199601167, 0.882931017, -0.469502735, -2.35190914e-005, 0.469502736, 0.882931017, 4.4240533e-006, 1.86886302e-005, -1.49484116e-005, 1, 0.882931326, -0.469502155, -5.43299932e-006, 0.469502155, 0.882931326, 3.09262344e-005, -9.7229684e-006, -2.98565461e-005, 1, 0, 0, 0, 0, 0, 0, 0, 0.165748926, -0.0290821045, -0.164780225, -0.0731692789, 0.807933658, -0.584564158, -0.385009766, 0.517822266, 0.763916016, 0.919989592, 0.28100159, 0.273277275, 0, 0, 0, 0, 0, 0, 0, 0.206633398, -0.0116885254, -0.147123486, -0.251698928, 0.192981635, -0.948301295, 0.639038086, -0.702636719, -0.31262207, -0.726824526, -0.684628196, 0.0536351623, 3, 1, 
243.301994, 0.1, 0.1, -0.0592159577, 0.164523743, -0.019962463, 0.882929381, -0.469505812, 1.57573411e-005, 0.469505811, 0.882929381, 2.52764348e-005, -2.57800525e-005, -1.49191437e-005, 1, 0.882929713, -0.469505188, 1.66016868e-005, 0.469505189, 0.882929713, -4.2311203e-006, -1.26715897e-005, 1.15303599e-005, 1, 0, 0, 0, 0, 0, 0, 0, 0.165748926, -0.0290821045, -0.164780225, -0.0731692789, 0.807933658, -0.584564158, -0.385009766, 0.517822266, 0.763916016, 0.919989592, 0.28100159, 0.273277275, 0, 0, 0, 0, 0, 0, 0, 0.206633398, -0.0116885254, -0.147123486, -0.251698928, 0.192981635, -0.948301295, 0.639038086, -0.702636719, -0.31262207, -0.726824526, -0.684628196, 0.0536351623, 3, 1, 
243.302795, 0.1, 0.1, -0.0592159558, 0.164523742, -0.0199657136, 0.882927681, -0.46950901, -7.25241639e-006, 0.469509009, 0.882927681, -3.39428169e-005, 2.23398175e-005, 2.65639778e-005, 0.999999999, 0.882928042, -0.46950833, -1.50424735e-005, 0.46950833, 0.882928042, -2.2633058e-005, 2.3907831e-005, 1.2920795e-005, 1, 0, 0, 0, 0, 0, 0, 0, 0.165748926, -0.0290821045, -0.164780225, -0.0733913178, 0.807793994, -0.584780205, -0.384521484, 0.518066406, 0.764038086, 0.920148352, 0.280900119, 0.272693534, 0, 0, 0, 0, 0, 0, 0, 0.206633398, -0.0116885254, -0.147123486, -0.251698928, 0.192981635, -0.948301295, 0.639038086, -0.702636719, -0.31262207, -0.726824526, -0.684628196, 0.0536351623, 3, 1, 
243.303602, 0.1, 0.1, -0.0592159579, 0.16452374, -0.0199683284, 0.882925952, -0.469512261, 1.47311219e-006, 0.469512261, 0.882925952, 2.27931487e-005, -1.20023118e-005, -1.94330183e-005, 1, 0.882926289, -0.469511626, 1.25302041e-005, 0.469511626, 0.882926289, 2.92364633e-005, -2.4790106e-005, -1.99305656e-005, 0.999999999, 0, 0, 0, 0, 0, 0, 0, 0.165514819, -0.029312793, -0.1645698, -0.0733913178, 0.807793994, -0.584780205, -0.384521484, 0.518066406, 0.764038086, 0.920148352, 0.280900119, 0.272693534, 0, 0, 0, 0, 0, 0, 0, 0.206628516, -0.0117317383, -0.146903418, -0.251845849, 0.192387387, -0.948460976, 0.639160156, -0.702758789, -0.312255859, -0.726594483, -0.684813397, 0.0539866073, 3, 1, 
243.304386, 0.1, 0.1, -0.0592159568, 0.164523743, -0.0199697833, 0.882924284, -0.469515398, 1.4726063e-005, 0.469515398, 0.882924284, -4.59756804e-006, -1.08433696e-005, 1.09734178e-005, 1, 0.882924613, -0.46951478, 1.98212796e-006, 0.46951478, 0.882924612, -2.53159453e-005, 1.01361409e-005, 2.32827095e-005, 1, 0, 0, 0, 0, 0, 0, 0, 0.165514819, -0.029312793, -0.1645698, -0.0733913178, 0.807793994, -0.584780205, -0.384521484, 0.518066406, 0.764038086, 0.920148352, 0.280900119, 0.272693534, 0, 0, 0, 0, 0, 0, 0, 0.206628516, -0.0117317383, -0.146903418, -0.251845849, 0.192387387, -0.948460976, 0.639160156, -0.702758789, -0.312255859, -0.726594483, -0.684813397, 0.0539866073, 3, 1, 
243.305178, 0.1, 0.1, -0.0592159554, 0.164523739, -0.019969736, 0.882922595, -0.469518574, -1.71723134e-005, 0.469518573, 0.882922595, -2.12831671e-005, 2.51546658e-005, 1.0728669e-005, 1, 0.88292293, -0.469517943, -1.8559689e-005, 0.469517943, 0.882922931, 2.06137104e-006, 1.54189243e-005, -1.05341387e-005, 1, 0, 0, 0, 0, 0, 0, 0, 0.165514819, -0.029312793, -0.1645698, -0.0733913178, 0.807793994, -0.584780205, -0.384521484, 0.518066406, 0.764038086, 0.920148352, 0.280900119, 0.272693534, 0, 0, 0, 0, 0, 0, 0, 0.206628516, -0.0117317383, -0.146903418, -0.251845849, 0.192387387, -0.948460976, 0.639160156, -0.702758789, -0.312255859, -0.726594483, -0.684813397, 0.0539866073, 3, 1, 
243.305965, 0.1, 0.1, -0.059215956, 0.164523739, -0.0199683124, 0.882920932, -0.469521702, 7.01407384e-006, 0.469521701, 0.882920931, 3.29493711e-005, -2.16633174e-005, -2.57984295e-005, 0.999999999, 0.882921264, -0.469521077, 1.31102566e-005, 0.469521077, 0.882921264, 2.41797153e-005, -2.29282103e-005, -1.5193243e-005, 1, 0, 0, 0, 0, 0, 0, 0, 0.165514819, -0.029312793, -0.1645698, -0.0733913178, 0.807793994, -0.584780205, -0.384521484, 0.518066406, 0.764038086, 0.920148352, 0.280900119, 0.272693534, 0, 0, 0, 0, 0, 0, 0, 0.206628516, -0.0117317383, -0.146903418, -0.251845849, 0.192387387, -0.948460976, 0.639160156, -0.702758789, -0.312255859, -0.726594483, -0.684813397, 0.0539866073, 3, 1, 
