time, realDorsalTactorPos, realVentralTactorPos, boxPosX, boxPosY, boxPosZ, boxLocalRot_11, boxLocalRot_12, boxLocalRot_13, boxLocalRot_21, boxLocalRot_22, boxLocalRot_23, boxLocalRot_31, boxLocalRot_32, boxLocalRot_33, boxGlobalRot_11, boxGlobalRot_12, boxGlobalRot_13, boxGlobalRot_21, boxGlobalRot_22, boxGlobalRot_23, boxGlobalRot_31, boxGlobalRot_32, boxGlobalRot_33, indexForceX, indexForceY, indexForceZ, indexForceGlobalX, indexForceGlobalY, indexForceGlobalZ, indexContact, indexPosX, indexPosY, indexPosZ, indexRot_11, indexRot_12, indexRot_13, indexRot_21, indexRot_22, indexRot_23, indexRot_31, indexRot_32, indexRot_33, thumbForceX, thumbForceY, thumbForceZ, thumbForceGlobalX, thumbForceGlobalY, thumbForceGlobalZ, thumbContact, thumbPosX, thumbPosY, thumbPosZ, thumbRot_11, thumbRot_12, thumbRot_13, thumbRot_21, thumbRot_22, thumbRot_23, thumbRot_31, thumbRot_32, thumbRot_33, mapping, trialSuccess, 
369.905629, 0.1, 0.1, -0.03097297, 0.273268392, -0.0668492068, 0.766876816, -0.573053577, 0.288980185, 0.605878462, 0.49790492, -0.620485278, 0.211686652, 0.650922644, 0.729032559, 0.766877119, -0.573052704, 0.288981112, 0.605878548, 0.49790531, -0.620484881, 0.211685309, 0.650923114, 0.72903253, 0, 0, 0, 0, 0, 0, 0, -0.00983012695, 0.219520581, -0.236566479, -0.350530445, 0.884074498, -0.309008852, -0.400634766, 0.156616211, 0.902709961, 0.846506948, 0.440240487, 0.299463045, 0, 0, 0, 0, 0, 0, 0, 0.0405092773, 0.251735693, -0.218724414, -0.39452371, 0.529669445, -0.750704109, 0.55078125, -0.517578125, -0.654663086, -0.735453395, -0.67182554, -0.087494171, 5, 1, 
369.935196, 0.1, 0.1, -0.0309729641, 0.273268388, -0.0529219472, 0.766812654, -0.573238494, 0.288783625, 0.605860141, 0.497822359, -0.620569407, 0.211971327, 0.650822961, 0.729038839, 0.766812963, -0.573237606, 0.28878457, 0.605860229, 0.497822756, -0.620569002, 0.211969958, 0.650823441, 0.729038809, 0, 0, 0, 0, 0, 0, 0, -0.00270559082, 0.213024463, -0.231453589, -0.338341535, 0.884165491, -0.321745555, -0.391723633, 0.178466797, 0.902587891, 0.855576096, 0.431451048, 0.286154941, 0, 0, 0, 0, 0, 0, 0, 0.0478081543, 0.244324609, -0.213650391, -0.392914873, 0.523230063, -0.756120139, 0.540771484, -0.533569336, -0.650268555, -0.743753546, -0.664278584, -0.0733342935, 5, 1, 
369.935984, 0.1, 0.1, -0.030972964, 0.273268388, -0.0525758853, 0.76681099, -0.573243288, 0.288778529, 0.605859665, 0.497820219, -0.620571588, 0.211978707, 0.650820376, 0.729039001, 0.766811384, -0.573242154, 0.288779735, 0.605859778, 0.497820726, -0.620571072, 0.21197696, 0.650820988, 0.729038963, 0, 0, 0, 0, 0, 0, 0, -0.00270559082, 0.213024463, -0.231453589, -0.336564102, 0.884437705, -0.323040718, -0.390991211, 0.180786133, 0.90246582, 0.85665409, 0.430048422, 0.285000563, 0, 0, 0, 0, 0, 0, 0, 0.0478081543, 0.244324609, -0.213650391, -0.392914873, 0.523230063, -0.756120139, 0.540771484, -0.533569336, -0.650268555, -0.743753546, -0.664278584, -0.0733342935, 5, 1, 
369.936748, 0.1, 0.1, -0.0309729639, 0.273268388, -0.0522391747, 0.766809371, -0.573247949, 0.288773575, 0.605859203, 0.497818138, -0.620573708, 0.211985882, 0.650817863, 0.729039159, 0.766809678, -0.573247065, 0.288774514, 0.605859291, 0.497818533, -0.620573306, 0.211984521, 0.65081834, 0.729039129, 0, 0, 0, 0, 0, 0, 0, -0.00171850586, 0.212141138, -0.230853564, -0.336564102, 0.884437705, -0.323040718, -0.390991211, 0.180786133, 0.90246582, 0.85665409, 0.430048422, 0.285000563, 0, 0, 0, 0, 0, 0, 0, 0.0487040527, 0.243387207, -0.213221484, -0.392569991, 0.522278173, -0.756905784, 0.539672852, -0.535522461, -0.649414062, -0.744699239, -0.66339669, -0.0716984702, 5, 1, 
369.937515, 0.1, 0.1, -0.0309729639, 0.273268388, -0.051902027, 0.766807749, -0.57325262, 0.288768608, 0.605858739, 0.497816052, -0.620575834, 0.211993074, 0.650815343, 0.729039317, 0.766808056, -0.573251738, 0.288769546, 0.605858827, 0.497816446, -0.620575432, 0.211991716, 0.650815819, 0.729039287, 0, 0, 0, 0, 0, 0, 0, -0.00171850586, 0.212141138, -0.230853564, -0.336564102, 0.884437705, -0.323040718, -0.390991211, 0.180786133, 0.90246582, 0.85665409, 0.430048422, 0.285000563, 0, 0, 0, 0, 0, 0, 0, 0.0487040527, 0.243387207, -0.213221484, -0.392569991, 0.522278173, -0.756905784, 0.539672852, -0.535522461, -0.649414062, -0.744699239, -0.66339669, -0.0716984702, 5, 1, 
369.938244, 0.1, 0.1, -0.0309729638, 0.273268388, -0.0515824494, 0.766806208, -0.573257058, 0.288763891, 0.605858299, 0.497814071, -0.620577853, 0.211999906, 0.65081295, 0.729039466, 0.766806515, -0.573256175, 0.288764829, 0.605858387, 0.497814465, -0.620577451, 0.211998547, 0.650813426, 0.729039437, 0, 0, 0, 0, 0, 0, 0, -0.00171850586, 0.212141138, -0.230853564, -0.336564102, 0.884437705, -0.323040718, -0.390991211, 0.180786133, 0.90246582, 0.85665409, 0.430048422, 0.285000563, 0, 0, 0, 0, 0, 0, 0, 0.0487040527, 0.243387207, -0.213221484, -0.392569991, 0.522278173, -0.756905784, 0.539672852, -0.535522461, -0.649414062, -0.744699239, -0.66339669, -0.0716984702, 5, 1, 
369.938996, 0.1, 0.1, -0.0309729638, 0.273268388, -0.051253453, 0.766804619, -0.573261635, 0.288759025, 0.605857845, 0.497812027, -0.620579936, 0.212006954, 0.650810481, 0.729039621, 0.766804969, -0.573260626, 0.288760098, 0.605857945, 0.497812478, -0.620579476, 0.212005399, 0.650811026, 0.729039587, 0, 0, 0, 0, 0, 0, 0, -0.00171850586, 0.212141138, -0.230853564, -0.336564102, 0.884437705, -0.323040718, -0.390991211, 0.180786133, 0.90246582, 0.85665409, 0.430048422, 0.285000563, 0, 0, 0, 0, 0, 0, 0, 0.0487040527, 0.243387207, -0.213221484, -0.392569991, 0.522278173, -0.756905784, 0.539672852, -0.535522461, -0.649414062, -0.744699239, -0.66339669, -0.0716984702, 5, 1, 
369.939725, 0.1, 0.1, -0.0309729637, 0.273268388, -0.0509342317, 0.766803074, -0.573266084, 0.288754296, 0.605857404, 0.497810041, -0.62058196, 0.212013802, 0.650808082, 0.729039771, 0.766803382, -0.573265196, 0.288755239, 0.605857492, 0.497810438, -0.620581556, 0.212012435, 0.650808561, 0.729039741, 0, 0, 0, 0, 0, 0, 0, -0.00171850586, 0.212141138, -0.230853564, -0.336564102, 0.884437705, -0.323040718, -0.390991211, 0.180786133, 0.90246582, 0.85665409, 0.430048422, 0.285000563, 0, 0, 0, 0, 0, 0, 0, 0.0487040527, 0.243387207, -0.213221484, -0.392569991, 0.522278173, -0.756905784, 0.539672852, -0.535522461, -0.649414062, -0.744699239, -0.66339669, -0.0716984702, 5, 1, 
369.940456, 0.1, 0.1, -0.0309729637, 0.273268388, -0.0506157394, 0.766801529, -0.573270531, 0.288749568, 0.605856963, 0.497808056, -0.620583984, 0.212020649, 0.650805684, 0.729039921, 0.766801832, -0.57326966, 0.288750494, 0.605857049, 0.497808445, -0.620583587, 0.212019307, 0.650806154, 0.729039892, 0, 0, 0, 0, 0, 0, 0, -0.00171850586, 0.212141138, -0.230853564, -0.336564102, 0.884437705, -0.323040718, -0.390991211, 0.180786133, 0.90246582, 0.85665409, 0.430048422, 0.285000563, 0, 0, 0, 0, 0, 0, 0, 0.0487040527, 0.243387207, -0.213221484, -0.392569991, 0.522278173, -0.756905784, 0.539672852, -0.535522461, -0.649414062, -0.744699239, -0.66339669, -0.0716984702, 5, 1, 
369.941212, 0.1, 0.1, -0.0309729636, 0.273268388, -0.0502861473, 0.766799928, -0.573275141, 0.288744667, 0.605856505, 0.497805997, -0.620586081, 0.212027746, 0.650803197, 0.729040077, 0.766800231, -0.573274269, 0.288745594, 0.605856592, 0.497806387, -0.620585684, 0.212026404, 0.650803668, 0.729040047, 0, 0, 0, 0, 0, 0, 0, -0.000992626953, 0.211249634, -0.230450293, -0.33552917, 0.884526072, -0.323790331, -0.389526367, 0.182617187, 0.902709961, 0.857726092, 0.429045691, 0.283389003, 0, 0, 0, 0, 0, 0, 0, 0.0496133789, 0.242452979, -0.212574463, -0.392141987, 0.521485965, -0.75765315, 0.5390625, -0.537109375, -0.648681641, -0.745267968, -0.662866241, -0.0704268517, 5, 1, 
369.941947, 0.1, 0.1, -0.0309729636, 0.273268388, -0.049966697, 0.766798374, -0.573279616, 0.28873991, 0.605856061, 0.497803999, -0.620588117, 0.212034636, 0.650800784, 0.729040227, 0.766798697, -0.573278687, 0.288740898, 0.605856153, 0.497804414, -0.620587694, 0.212033205, 0.650801285, 0.729040196, 0, 0, 0, 0, 0, 0, 0, -0.000992626953, 0.211249634, -0.230450293, -0.33552917, 0.884526072, -0.323790331, -0.389526367, 0.182617187, 0.902709961, 0.857726092, 0.429045691, 0.283389003, 0, 0, 0, 0, 0, 0, 0, 0.0496133789, 0.242452979, -0.212574463, -0.392141987, 0.521485965, -0.75765315, 0.5390625, -0.537109375, -0.648681641, -0.745267968, -0.662866241, -0.0704268517, 5, 1, 
369.942675, 0.1, 0.1, -0.0309729635, 0.273268388, -0.0496508338, 0.766796834, -0.573284049, 0.288735197, 0.605855621, 0.49780202, -0.620590134, 0.212041461, 0.650798393, 0.729040377, 0.766797141, -0.573283166, 0.288736135, 0.605855709, 0.497802414, -0.620589733, 0.212040102, 0.650798869, 0.729040347, 0, 0, 0, 0, 0, 0, 0, -0.000992626953, 0.211249634, -0.230450293, -0.33552917, 0.884526072, -0.323790331, -0.389526367, 0.182617187, 0.902709961, 0.857726092, 0.429045691, 0.283389003, 0, 0, 0, 0, 0, 0, 0, 0.0496133789, 0.242452979, -0.212574463, -0.392141987, 0.521485965, -0.75765315, 0.5390625, -0.537109375, -0.648681641, -0.745267968, -0.662866241, -0.0704268517, 5, 1, 
369.9434, 0.1, 0.1, -0.0309729635, 0.273268388, -0.0493367314, 0.7667953, -0.573288467, 0.288730501, 0.605855183, 0.497800048, -0.620592144, 0.212048262, 0.65079601, 0.729040526, 0.766795606, -0.573287585, 0.288731438, 0.605855271, 0.497800441, -0.620591743, 0.212046905, 0.650796485, 0.729040496, 0, 0, 0, 0, 0, 0, 0, -0.000992626953, 0.211249634, -0.230450293, -0.33552917, 0.884526072, -0.323790331, -0.389526367, 0.182617187, 0.902709961, 0.857726092, 0.429045691, 0.283389003, 0, 0, 0, 0, 0, 0, 0, 0.0496133789, 0.242452979, -0.212574463, -0.392141987, 0.521485965, -0.75765315, 0.5390625, -0.537109375, -0.648681641, -0.745267968, -0.662866241, -0.0704268517, 5, 1, 
369.944128, 0.1, 0.1, -0.0309729634, 0.273268388, -0.0490221628, 0.76679376, -0.5732929, 0.288725788, 0.605854743, 0.497798068, -0.620594162, 0.212055087, 0.650793619, 0.729040675, 0.76679407, -0.573292007, 0.288726737, 0.605854832, 0.497798467, -0.620593755, 0.212053713, 0.6507941, 0.729040645, 0, 0, 0, 0, 0, 0, 0, -0.000992626953, 0.211249634, -0.230450293, -0.33552917, 0.884526072, -0.323790331, -0.389526367, 0.182617187, 0.902709961, 0.857726092, 0.429045691, 0.283389003, 0, 0, 0, 0, 0, 0, 0, 0.0496133789, 0.242452979, -0.212574463, -0.392141987, 0.521485965, -0.75765315, 0.5390625, -0.537109375, -0.648681641, -0.745267968, -0.662866241, -0.0704268517, 5, 1, 
369.944853, 0.1, 0.1, -0.0309729634, 0.273268388, -0.0487095961, 0.766792227, -0.573297314, 0.288721095, 0.605854305, 0.497796097, -0.62059617, 0.212061883, 0.650791238, 0.729040824, 0.766792534, -0.573296429, 0.288722036, 0.605854393, 0.497796493, -0.620595767, 0.21206052, 0.650791715, 0.729040794, 0, 0, 0, 0, 0, 0, 0, -0.000992626953, 0.211249634, -0.230450293, -0.33552917, 0.884526072, -0.323790331, -0.389526367, 0.182617187, 0.902709961, 0.857726092, 0.429045691, 0.283389003, 0, 0, 0, 0, 0, 0, 0, 0.0496133789, 0.242452979, -0.212574463, -0.392141987, 0.521485965, -0.75765315, 0.5390625, -0.537109375, -0.648681641, -0.745267968, -0.662866241, -0.0704268517, 5, 1, 
369.945617, 0.1, 0.1, -0.0309729633, 0.273268388, -0.0483805075, 0.766790611, -0.573301966, 0.28871615, 0.605853843, 0.49779402, -0.620598287, 0.212069045, 0.650788728, 0.72904098, 0.766790945, -0.573301003, 0.288717174, 0.605853939, 0.497794451, -0.620597848, 0.212067562, 0.650789248, 0.729040948, 0, 0, 0, 0, 0, 0, 0, -0.000992626953, 0.211249634, -0.230450293, -0.3342722, 0.884817381, -0.324304802, -0.388549805, 0.184082031, 0.902832031, 0.858639335, 0.427763632, 0.282481752, 0, 0, 0, 0, 0, 0, 0, 0.0496133789, 0.242452979, -0.212574463, -0.392141987, 0.521485965, -0.75765315, 0.5390625, -0.537109375, -0.648681641, -0.745267968, -0.662866241, -0.0704268517, 5, 1, 
369.946362, 0.1, 0.1, -0.0309729633, 0.273268388, -0.0480599294, 0.766789036, -0.5733065, 0.28871133, 0.605853393, 0.497791996, -0.62060035, 0.212076025, 0.650786283, 0.729041133, 0.766789352, -0.573305588, 0.288712299, 0.605853484, 0.497792403, -0.620599935, 0.212074622, 0.650786775, 0.729041102, 0, 0, 0, 0, 0, 0, 0, -3.26416011e-005, 0.210590894, -0.229809619, -0.3342722, 0.884817381, -0.324304802, -0.388549805, 0.184082031, 0.902832031, 0.858639335, 0.427763632, 0.282481752, 0, 0, 0, 0, 0, 0, 0, 0.050489502, 0.241510449, -0.212140674, -0.39219959, 0.520572354, -0.758291875, 0.538330078, -0.538574219, -0.648071289, -0.745887736, -0.662348552, -0.0690210718, 5, 1, 
369.947099, 0.1, 0.1, -0.0309729633, 0.273268388, -0.0477424993, 0.766787474, -0.573310995, 0.288706551, 0.605852947, 0.497789989, -0.620602396, 0.212082947, 0.650783858, 0.729041284, 0.766787785, -0.573310099, 0.288707504, 0.605853036, 0.497790389, -0.620601988, 0.212081566, 0.650784341, 0.729041254, 0, 0, 0, 0, 0, 0, 0, -3.26416011e-005, 0.210590894, -0.229809619, -0.3342722, 0.884817381, -0.324304802, -0.388549805, 0.184082031, 0.902832031, 0.858639335, 0.427763632, 0.282481752, 0, 0, 0, 0, 0, 0, 0, 0.050489502, 0.241510449, -0.212140674, -0.39219959, 0.520572354, -0.758291875, 0.538330078, -0.538574219, -0.648071289, -0.745887736, -0.662348552, -0.0690210718, 5, 1, 
369.947824, 0.1, 0.1, -0.0309729632, 0.273268388, -0.0474313655, 0.766785941, -0.573315409, 0.288701858, 0.605852509, 0.497788018, -0.620604404, 0.212089742, 0.650781477, 0.729041433, 0.766786246, -0.573314529, 0.288702794, 0.605852596, 0.497788411, -0.620604003, 0.212088386, 0.650781952, 0.729041403, 0, 0, 0, 0, 0, 0, 0, -3.26416011e-005, 0.210590894, -0.229809619, -0.3342722, 0.884817381, -0.324304802, -0.388549805, 0.184082031, 0.902832031, 0.858639335, 0.427763632, 0.282481752, 0, 0, 0, 0, 0, 0, 0, 0.050489502, 0.241510449, -0.212140674, -0.39219959, 0.520572354, -0.758291875, 0.538330078, -0.538574219, -0.648071289, -0.745887736, -0.662348552, -0.0690210718, 5, 1, 
369.94857, 0.1, 0.1, -0.0309729632, 0.273268388, -0.0471116094, 0.766784362, -0.573319952, 0.288697029, 0.605852058, 0.49778599, -0.620606471, 0.212096735, 0.650779026, 0.729041586, 0.766784667, -0.573319076, 0.28869796, 0.605852145, 0.497786381, -0.620606072, 0.212095387, 0.650779499, 0.729041556, 0, 0, 0, 0, 0, 0, 0, -3.26416011e-005, 0.210590894, -0.229809619, -0.3342722, 0.884817381, -0.324304802, -0.388549805, 0.184082031, 0.902832031, 0.858639335, 0.427763632, 0.282481752, 0, 0, 0, 0, 0, 0, 0, 0.0513937012, 0.240564746, -0.211505127, -0.391733306, 0.519499063, -0.759320323, 0.537353516, -0.540649414, -0.647094727, -0.746820669, -0.661479418, -0.0674107682, 5, 1, 
369.949296, 0.1, 0.1, -0.0309729632, 0.273268388, -0.0468004379, 0.766782825, -0.573324378, 0.288692324, 0.605851619, 0.497784014, -0.620608485, 0.21210355, 0.650776639, 0.729041735, 0.766783128, -0.573323506, 0.288693251, 0.605851705, 0.497784403, -0.620608088, 0.212102207, 0.650777109, 0.729041705, 0, 0, 0, 0, 0, 0, 0, -3.26416011e-005, 0.210590894, -0.229809619, -0.3342722, 0.884817381, -0.324304802, -0.388549805, 0.184082031, 0.902832031, 0.858639335, 0.427763632, 0.282481752, 0, 0, 0, 0, 0, 0, 0, 0.0513937012, 0.240564746, -0.211505127, -0.391733306, 0.519499063, -0.759320323, 0.537353516, -0.540649414, -0.647094727, -0.746820669, -0.661479418, -0.0674107682, 5, 1, 
369.950028, 0.1, 0.1, -0.0309729631, 0.273268388, -0.0464874979, 0.766781276, -0.573328836, 0.288687584, 0.605851176, 0.497782023, -0.620610514, 0.212110414, 0.650774234, 0.729041885, 0.766781584, -0.573327947, 0.288688529, 0.605851264, 0.49778242, -0.620610109, 0.212109046, 0.650774713, 0.729041855, 0, 0, 0, 0, 0, 0, 0, -3.26416011e-005, 0.210590894, -0.229809619, -0.3342722, 0.884817381, -0.324304802, -0.388549805, 0.184082031, 0.902832031, 0.858639335, 0.427763632, 0.282481752, 0, 0, 0, 0, 0, 0, 0, 0.0513937012, 0.240564746, -0.211505127, -0.391733306, 0.519499063, -0.759320323, 0.537353516, -0.540649414, -0.647094727, -0.746820669, -0.661479418, -0.0674107682, 5, 1, 
369.950783, 0.1, 0.1, -0.0309729631, 0.273268388, -0.0461657243, 0.766779681, -0.573333425, 0.288682705, 0.605850721, 0.497779974, -0.620612602, 0.212117479, 0.650771758, 0.729042039, 0.766780013, -0.573332471, 0.28868372, 0.605850815, 0.497780401, -0.620612167, 0.21211601, 0.650772273, 0.729042007, 0, 0, 0, 0, 0, 0, 0, 0.000963232422, 0.209706226, -0.22920752, -0.332336008, 0.885070499, -0.325536685, -0.387329102, 0.186645508, 0.902832031, 0.859939367, 0.426240439, 0.280946576, 0, 0, 0, 0, 0, 0, 0, 0.0513937012, 0.240564746, -0.211505127, -0.391733306, 0.519499063, -0.759320323, 0.537353516, -0.540649414, -0.647094727, -0.746820669, -0.661479418, -0.0674107682, 5, 1, 
369.95153, 0.1, 0.1, -0.0309729631, 0.273268388, -0.0458464603, 0.766778099, -0.573337978, 0.288677864, 0.605850269, 0.497777941, -0.620614674, 0.212124489, 0.650769301, 0.729042192, 0.766778403, -0.573337103, 0.288678795, 0.605850355, 0.497778332, -0.620614275, 0.212123141, 0.650769774, 0.729042162, 0, 0, 0, 0, 0, 0, 0, 0.000963232422, 0.209706226, -0.22920752, -0.332336008, 0.885070499, -0.325536685, -0.387329102, 0.186645508, 0.902832031, 0.859939367, 0.426240439, 0.280946576, 0, 0, 0, 0, 0, 0, 0, 0.0513937012, 0.240564746, -0.211505127, -0.391733306, 0.519499063, -0.759320323, 0.537353516, -0.540649414, -0.647094727, -0.746820669, -0.661479418, -0.0674107682, 5, 1, 
369.952258, 0.1, 0.1, -0.030972963, 0.273268387, -0.0455356434, 0.766776557, -0.573342417, 0.288673145, 0.605849828, 0.49777596, -0.620616693, 0.212131323, 0.650766907, 0.729042341, 0.76677686, -0.573341544, 0.288674074, 0.605849915, 0.49777635, -0.620616296, 0.212129979, 0.650767378, 0.729042312, 0, 0, 0, 0, 0, 0, 0, 0.000963232422, 0.209706226, -0.22920752, -0.332336008, 0.885070499, -0.325536685, -0.387329102, 0.186645508, 0.902832031, 0.859939367, 0.426240439, 0.280946576, 0, 0, 0, 0, 0, 0, 0, 0.0513937012, 0.240564746, -0.211505127, -0.391733306, 0.519499063, -0.759320323, 0.537353516, -0.540649414, -0.647094727, -0.746820669, -0.661479418, -0.0674107682, 5, 1, 
369.953002, 0.1, 0.1, -0.030972963, 0.273268387, -0.0452189827, 0.766774983, -0.573346945, 0.288668331, 0.605849378, 0.497773938, -0.620618754, 0.212138295, 0.650764464, 0.729042493, 0.766775323, -0.573345968, 0.28866937, 0.605849475, 0.497774374, -0.620618309, 0.21213679, 0.650764991, 0.72904246, 0, 0, 0, 0, 0, 0, 0, 0.000963232422, 0.209706226, -0.22920752, -0.331040845, 0.885361808, -0.326286299, -0.385864258, 0.188476562, 0.903076172, 0.861093745, 0.424958381, 0.279335016, 0, 0, 0, 0, 0, 0, 0, 0.0513937012, 0.240564746, -0.211505127, -0.391733306, 0.519499063, -0.759320323, 0.537353516, -0.540649414, -0.647094727, -0.746820669, -0.661479418, -0.0674107682, 5, 1, 
369.953745, 0.1, 0.1, -0.030972963, 0.273268387, -0.0449023321, 0.766773409, -0.573351474, 0.288663516, 0.605848928, 0.497771916, -0.620620815, 0.212145268, 0.65076202, 0.729042645, 0.766773717, -0.57335059, 0.288664457, 0.605849016, 0.497772311, -0.620620412, 0.212143906, 0.650762497, 0.729042615, 0, 0, 0, 0, 0, 0, 0, 0.00170266113, 0.208601001, -0.228357764, -0.331040845, 0.885361808, -0.326286299, -0.385864258, 0.188476562, 0.903076172, 0.861093745, 0.424958381, 0.279335016, 0, 0, 0, 0, 0, 0, 0, 0.0523213379, 0.239622217, -0.210879834, -0.391075259, 0.518585453, -0.760272213, 0.537109375, -0.542114258, -0.646118164, -0.747242476, -0.660961729, -0.0665288742, 5, 1, 
369.954485, 0.1, 0.1, -0.030972963, 0.273268387, -0.044587968, 0.766771845, -0.573355976, 0.288658731, 0.605848481, 0.497769906, -0.620622863, 0.212152198, 0.650759592, 0.729042796, 0.766772152, -0.573355092, 0.28865967, 0.605848569, 0.4977703, -0.620622461, 0.212150837, 0.650760068, 0.729042767, 0, 0, 0, 0, 0, 0, 0, 0.00170266113, 0.208601001, -0.228357764, -0.331040845, 0.885361808, -0.326286299, -0.385864258, 0.188476562, 0.903076172, 0.861093745, 0.424958381, 0.279335016, 0, 0, 0, 0, 0, 0, 0, 0.0523213379, 0.239622217, -0.210879834, -0.391075259, 0.518585453, -0.760272213, 0.537109375, -0.542114258, -0.646118164, -0.747242476, -0.660961729, -0.0665288742, 5, 1, 
369.955217, 0.1, 0.1, -0.0309729629, 0.273268387, -0.0442767371, 0.766770295, -0.573360437, 0.288653988, 0.605848038, 0.497767914, -0.620624893, 0.212159067, 0.650757185, 0.729042946, 0.766770601, -0.573359554, 0.288654926, 0.605848126, 0.497768308, -0.620624492, 0.212157708, 0.650757661, 0.729042916, 0, 0, 0, 0, 0, 0, 0, 0.00170266113, 0.208601001, -0.228357764, -0.331040845, 0.885361808, -0.326286299, -0.385864258, 0.188476562, 0.903076172, 0.861093745, 0.424958381, 0.279335016, 0, 0, 0, 0, 0, 0, 0, 0.0523213379, 0.239622217, -0.210879834, -0.391075259, 0.518585453, -0.760272213, 0.537109375, -0.542114258, -0.646118164, -0.747242476, -0.660961729, -0.0665288742, 5, 1, 
369.955941, 0.1, 0.1, -0.0309729629, 0.273268387, -0.043969587, 0.766768762, -0.573364846, 0.288649301, 0.605847601, 0.497765946, -0.620626899, 0.212165854, 0.650754806, 0.729043094, 0.766769068, -0.573363967, 0.288650234, 0.605847688, 0.497766338, -0.6206265, 0.212164502, 0.65075528, 0.729043065, 0, 0, 0, 0, 0, 0, 0, 0.00170266113, 0.208601001, -0.228357764, -0.331040845, 0.885361808, -0.326286299, -0.385864258, 0.188476562, 0.903076172, 0.861093745, 0.424958381, 0.279335016, 0, 0, 0, 0, 0, 0, 0, 0.0523213379, 0.239622217, -0.210879834, -0.391075259, 0.518585453, -0.760272213, 0.537109375, -0.542114258, -0.646118164, -0.747242476, -0.660961729, -0.0665288742, 5, 1, 
369.956665, 0.1, 0.1, -0.0309729629, 0.273268387, -0.043663026, 0.766767231, -0.573369253, 0.288644615, 0.605847163, 0.497763978, -0.620628905, 0.21217264, 0.650752428, 0.729043242, 0.766767534, -0.57336838, 0.288645543, 0.60584725, 0.497764368, -0.620628508, 0.212171296, 0.650752899, 0.729043213, 0, 0, 0, 0, 0, 0, 0, 0.00170266113, 0.208601001, -0.228357764, -0.331040845, 0.885361808, -0.326286299, -0.385864258, 0.188476562, 0.903076172, 0.861093745, 0.424958381, 0.279335016, 0, 0, 0, 0, 0, 0, 0, 0.0523213379, 0.239622217, -0.210879834, -0.391075259, 0.518585453, -0.760272213, 0.537109375, -0.542114258, -0.646118164, -0.747242476, -0.660961729, -0.0665288742, 5, 1, 
369.957394, 0.1, 0.1, -0.0309729629, 0.273268387, -0.0433541933, 0.766765686, -0.573373698, 0.288639889, 0.605846721, 0.497761993, -0.620630928, 0.212179484, 0.650750029, 0.729043391, 0.766765991, -0.573372821, 0.288640821, 0.605846808, 0.497762385, -0.620630529, 0.212178133, 0.650750503, 0.729043362, 0, 0, 0, 0, 0, 0, 0, 0.00170266113, 0.208601001, -0.228357764, -0.331040845, 0.885361808, -0.326286299, -0.385864258, 0.188476562, 0.903076172, 0.861093745, 0.424958381, 0.279335016, 0, 0, 0, 0, 0, 0, 0, 0.0523213379, 0.239622217, -0.210879834, -0.391075259, 0.518585453, -0.760272213, 0.537109375, -0.542114258, -0.646118164, -0.747242476, -0.660961729, -0.0665288742, 5, 1, 
369.958168, 0.1, 0.1, -0.0309729628, 0.273268387, -0.0430271888, 0.76676405, -0.573378406, 0.288634884, 0.605846254, 0.497759891, -0.62063307, 0.212186732, 0.650747489, 0.729043549, 0.76676436, -0.573377513, 0.288635833, 0.605846342, 0.49776029, -0.620632664, 0.212185357, 0.650747971, 0.729043519, 0, 0, 0, 0, 0, 0, 0, 0.00267619629, 0.207711572, -0.227738086, -0.329523643, 0.885513455, -0.327200663, -0.384887695, 0.190429687, 0.903076172, 0.862089363, 0.423574851, 0.278243918, 0, 0, 0, 0, 0, 0, 0, 0.0532240723, 0.238661377, -0.210241113, -0.390781417, 0.517441799, -0.761140981, 0.536743164, -0.543701172, -0.645141602, -0.747702563, -0.660590961, -0.0652700155, 5, 1, 
369.958893, 0.1, 0.1, -0.0309729628, 0.273268387, -0.0427202267, 0.766762513, -0.573382826, 0.288630184, 0.605845815, 0.497757917, -0.620635082, 0.212193538, 0.650745104, 0.729043697, 0.766762818, -0.573381948, 0.288631118, 0.605845902, 0.49775831, -0.620634682, 0.212192185, 0.650745578, 0.729043668, 0, 0, 0, 0, 0, 0, 0, 0.00267619629, 0.207711572, -0.227738086, -0.329523643, 0.885513455, -0.327200663, -0.384887695, 0.190429687, 0.903076172, 0.862089363, 0.423574851, 0.278243918, 0, 0, 0, 0, 0, 0, 0, 0.0532240723, 0.238661377, -0.210241113, -0.390781417, 0.517441799, -0.761140981, 0.536743164, -0.543701172, -0.645141602, -0.747702563, -0.660590961, -0.0652700155, 5, 1, 
369.959619, 0.1, 0.1, -0.0309729628, 0.273268387, -0.0424137457, 0.766760977, -0.573387245, 0.288625486, 0.605845376, 0.497755944, -0.620637093, 0.212200341, 0.650742719, 0.729043845, 0.766761284, -0.573386363, 0.288626424, 0.605845463, 0.497756338, -0.620636691, 0.212198984, 0.650743195, 0.729043816, 0, 0, 0, 0, 0, 0, 0, 0.00267619629, 0.207711572, -0.227738086, -0.329523643, 0.885513455, -0.327200663, -0.384887695, 0.190429687, 0.903076172, 0.862089363, 0.423574851, 0.278243918, 0, 0, 0, 0, 0, 0, 0, 0.0532240723, 0.238661377, -0.210241113, -0.390781417, 0.517441799, -0.761140981, 0.536743164, -0.543701172, -0.645141602, -0.747702563, -0.660590961, -0.0652700155, 5, 1, 
369.960378, 0.1, 0.1, -0.0309729628, 0.273268387, -0.0420934284, 0.766759371, -0.573391866, 0.288620573, 0.605844917, 0.497753881, -0.620639195, 0.212207455, 0.650740226, 0.729044, 0.766759676, -0.573390988, 0.288621507, 0.605845004, 0.497754273, -0.620638796, 0.212206104, 0.6507407, 0.729043971, 0, 0, 0, 0, 0, 0, 0, 0.00267619629, 0.207711572, -0.227738086, -0.329523643, 0.885513455, -0.327200663, -0.384887695, 0.190429687, 0.903076172, 0.862089363, 0.423574851, 0.278243918, 0, 0, 0, 0, 0, 0, 0, 0.0532240723, 0.238661377, -0.210241113, -0.390781417, 0.517441799, -0.761140981, 0.536743164, -0.543701172, -0.645141602, -0.747702563, -0.660590961, -0.0652700155, 5, 1, 
369.961104, 0.1, 0.1, -0.0309729628, 0.273268387, -0.0417871934, 0.766757834, -0.573396286, 0.288615874, 0.605844477, 0.497751908, -0.620641207, 0.212214261, 0.650737841, 0.729044148, 0.766758142, -0.573395402, 0.288616814, 0.605844565, 0.497752303, -0.620640804, 0.2122129, 0.650738318, 0.729044118, 0, 0, 0, 0, 0, 0, 0, 0.00267619629, 0.207711572, -0.227738086, -0.329523643, 0.885513455, -0.327200663, -0.384887695, 0.190429687, 0.903076172, 0.862089363, 0.423574851, 0.278243918, 0, 0, 0, 0, 0, 0, 0, 0.0532240723, 0.238661377, -0.210241113, -0.390781417, 0.517441799, -0.761140981, 0.536743164, -0.543701172, -0.645141602, -0.747702563, -0.660590961, -0.0652700155, 5, 1, 
369.961828, 0.1, 0.1, -0.0309729627, 0.273268387, -0.0414819849, 0.766756301, -0.573400697, 0.288611184, 0.605844039, 0.497749938, -0.620643214, 0.212221053, 0.650735461, 0.729044296, 0.766756608, -0.573399814, 0.288612123, 0.605844127, 0.497750332, -0.620642812, 0.212219693, 0.650735937, 0.729044266, 0, 0, 0, 0, 0, 0, 0, 0.00267619629, 0.207711572, -0.227738086, -0.329523643, 0.885513455, -0.327200663, -0.384887695, 0.190429687, 0.903076172, 0.862089363, 0.423574851, 0.278243918, 0, 0, 0, 0, 0, 0, 0, 0.0532240723, 0.238661377, -0.210241113, -0.390781417, 0.517441799, -0.761140981, 0.536743164, -0.543701172, -0.645141602, -0.747702563, -0.660590961, -0.0652700155, 5, 1, 
369.962555, 0.1, 0.1, -0.0309729627, 0.273268387, -0.0411758085, 0.766754761, -0.573405127, 0.288606474, 0.605843599, 0.49774796, -0.62064523, 0.212227873, 0.65073307, 0.729044444, 0.766755067, -0.573404247, 0.28860741, 0.605843687, 0.497748353, -0.62064483, 0.212226518, 0.650733545, 0.729044415, 0, 0, 0, 0, 0, 0, 0, 0.00267619629, 0.207711572, -0.227738086, -0.329523643, 0.885513455, -0.327200663, -0.384887695, 0.190429687, 0.903076172, 0.862089363, 0.423574851, 0.278243918, 0, 0, 0, 0, 0, 0, 0, 0.0532240723, 0.238661377, -0.210241113, -0.390781417, 0.517441799, -0.761140981, 0.536743164, -0.543701172, -0.645141602, -0.747702563, -0.660590961, -0.0652700155, 5, 1, 
369.963308, 0.1, 0.1, -0.0309729627, 0.273268387, -0.0408589375, 0.766753167, -0.573409712, 0.2886016, 0.605843144, 0.497745913, -0.620647316, 0.212234932, 0.650730596, 0.729044598, 0.766753476, -0.573408823, 0.288602544, 0.605843232, 0.49774631, -0.620646912, 0.212233564, 0.650731075, 0.729044568, 0, 0, 0, 0, 0, 0, 0, 0.00388041992, 0.206828247, -0.227131958, -0.327866778, 0.885785668, -0.328375259, -0.383911133, 0.192626953, 0.903076172, 0.863186453, 0.422172226, 0.277070444, 0, 0, 0, 0, 0, 0, 0, 0.0543715332, 0.237464111, -0.209632178, -0.39009785, 0.516029822, -0.762520875, 0.536254883, -0.545776367, -0.643676758, -0.748367173, -0.660002909, -0.063819393, 5, 1, 
369.964036, 0.1, 0.1, -0.0309729627, 0.273268387, -0.040552857, 0.766751626, -0.573414145, 0.288596887, 0.605842703, 0.497743934, -0.620649334, 0.212241757, 0.650728203, 0.729044746, 0.766751932, -0.573413263, 0.288597824, 0.605842791, 0.497744328, -0.620648932, 0.2122404, 0.650728679, 0.729044716, 0, 0, 0, 0, 0, 0, 0, 0.00388041992, 0.206828247, -0.227131958, -0.327866778, 0.885785668, -0.328375259, -0.383911133, 0.192626953, 0.903076172, 0.863186453, 0.422172226, 0.277070444, 0, 0, 0, 0, 0, 0, 0, 0.0543715332, 0.237464111, -0.209632178, -0.39009785, 0.516029822, -0.762520875, 0.536254883, -0.545776367, -0.643676758, -0.748367173, -0.660002909, -0.063819393, 5, 1, 
369.964761, 0.1, 0.1, -0.0309729627, 0.273268387, -0.0402481089, 0.76675009, -0.573418563, 0.288592189, 0.605842264, 0.497741961, -0.620651344, 0.21224856, 0.650725819, 0.729044894, 0.766750395, -0.573417686, 0.288593122, 0.605842351, 0.497742353, -0.620650945, 0.212247209, 0.650726293, 0.729044864, 0, 0, 0, 0, 0, 0, 0, 0.00388041992, 0.206828247, -0.227131958, -0.327866778, 0.885785668, -0.328375259, -0.383911133, 0.192626953, 0.903076172, 0.863186453, 0.422172226, 0.277070444, 0, 0, 0, 0, 0, 0, 0, 0.0543715332, 0.237464111, -0.209632178, -0.39009785, 0.516029822, -0.762520875, 0.536254883, -0.545776367, -0.643676758, -0.748367173, -0.660002909, -0.063819393, 5, 1, 
369.965527, 0.1, 0.1, -0.0309729627, 0.273268387, -0.0399263584, 0.766748468, -0.573423228, 0.28858723, 0.6058418, 0.497739879, -0.620653467, 0.212255742, 0.650723302, 0.72904505, 0.766748774, -0.573422346, 0.288588167, 0.605841888, 0.497740272, -0.620653066, 0.212254385, 0.650723777, 0.72904502, 0, 0, 0, 0, 0, 0, 0, 0.00485529785, 0.205938818, -0.226522412, -0.32633048, 0.885937315, -0.329467479, -0.38269043, 0.194824219, 0.903076172, 0.864302638, 0.420788696, 0.275636739, 0, 0, 0, 0, 0, 0, 0, 0.0553106445, 0.236498389, -0.209030078, -0.38915872, 0.514739247, -0.763849729, 0.536132813, -0.547729492, -0.642211914, -0.749127666, -0.659402098, -0.0628543768, 5, 1, 
369.966255, 0.1, 0.1, -0.0309729626, 0.273268387, -0.0396208152, 0.766746927, -0.573427659, 0.288582519, 0.60584136, 0.4977379, -0.620655484, 0.212262564, 0.65072091, 0.729045198, 0.76674723, -0.573426788, 0.288583444, 0.605841447, 0.497738289, -0.620655087, 0.212261223, 0.65072138, 0.729045169, 0, 0, 0, 0, 0, 0, 0, 0.00485529785, 0.205938818, -0.226522412, -0.32633048, 0.885937315, -0.329467479, -0.38269043, 0.194824219, 0.903076172, 0.864302638, 0.420788696, 0.275636739, 0, 0, 0, 0, 0, 0, 0, 0.0553106445, 0.236498389, -0.209030078, -0.38915872, 0.514739247, -0.763849729, 0.536132813, -0.547729492, -0.642211914, -0.749127666, -0.659402098, -0.0628543768, 5, 1, 
369.966985, 0.1, 0.1, -0.0309729626, 0.273268387, -0.0393150216, 0.766745384, -0.573432098, 0.288577799, 0.605840919, 0.497735918, -0.620657504, 0.212269399, 0.650718515, 0.729045346, 0.766745689, -0.573431218, 0.288578734, 0.605841006, 0.497736311, -0.620657103, 0.212268045, 0.650718989, 0.729045317, 0, 0, 0, 0, 0, 0, 0, 0.00485529785, 0.205938818, -0.226522412, -0.32633048, 0.885937315, -0.329467479, -0.38269043, 0.194824219, 0.903076172, 0.864302638, 0.420788696, 0.275636739, 0, 0, 0, 0, 0, 0, 0, 0.0553106445, 0.236498389, -0.209030078, -0.38915872, 0.514739247, -0.763849729, 0.536132813, -0.547729492, -0.642211914, -0.749127666, -0.659402098, -0.0628543768, 5, 1, 
369.96771, 0.1, 0.1, -0.0309729626, 0.273268387, -0.0390106125, 0.766743846, -0.573436521, 0.288573096, 0.605840479, 0.497733943, -0.620659517, 0.212276209, 0.650716127, 0.729045494, 0.766744153, -0.573435638, 0.288574034, 0.605840567, 0.497734337, -0.620659115, 0.21227485, 0.650716604, 0.729045465, 0, 0, 0, 0, 0, 0, 0, 0.00485529785, 0.205938818, -0.226522412, -0.32633048, 0.885937315, -0.329467479, -0.38269043, 0.194824219, 0.903076172, 0.864302638, 0.420788696, 0.275636739, 0, 0, 0, 0, 0, 0, 0, 0.0553106445, 0.236498389, -0.209030078, -0.38915872, 0.514739247, -0.763849729, 0.536132813, -0.547729492, -0.642211914, -0.749127666, -0.659402098, -0.0628543768, 5, 1, 
369.968444, 0.1, 0.1, -0.0309729626, 0.273268387, -0.0387030387, 0.76674229, -0.573440993, 0.288568341, 0.605840035, 0.497731946, -0.620661552, 0.212283095, 0.650713714, 0.729045644, 0.766742594, -0.573440119, 0.28856927, 0.605840122, 0.497732336, -0.620661154, 0.212281749, 0.650714185, 0.729045615, 0, 0, 0, 0, 0, 0, 0, 0.00485529785, 0.205938818, -0.226522412, -0.32633048, 0.885937315, -0.329467479, -0.38269043, 0.194824219, 0.903076172, 0.864302638, 0.420788696, 0.275636739, 0, 0, 0, 0, 0, 0, 0, 0.0553106445, 0.236498389, -0.209030078, -0.38915872, 0.514739247, -0.763849729, 0.536132813, -0.547729492, -0.642211914, -0.749127666, -0.659402098, -0.0628543768, 5, 1, 
369.969177, 0.1, 0.1, -0.0309729626, 0.273268387, -0.0383964516, 0.766740739, -0.573445455, 0.288563597, 0.605839591, 0.497729954, -0.620663582, 0.212289964, 0.650711305, 0.729045793, 0.766741047, -0.573444568, 0.28856454, 0.605839679, 0.49773035, -0.620663179, 0.212288599, 0.650711784, 0.729045763, 0, 0, 0, 0, 0, 0, 0, 0.00485529785, 0.205938818, -0.226522412, -0.32633048, 0.885937315, -0.329467479, -0.38269043, 0.194824219, 0.903076172, 0.864302638, 0.420788696, 0.275636739, 0, 0, 0, 0, 0, 0, 0, 0.0553106445, 0.236498389, -0.209030078, -0.38915872, 0.514739247, -0.763849729, 0.536132813, -0.547729492, -0.642211914, -0.749127666, -0.659402098, -0.0628543768, 5, 1, 
369.969921, 0.1, 0.1, -0.0309729626, 0.273268387, -0.0380850277, 0.766739162, -0.573449988, 0.288558777, 0.605839141, 0.49772793, -0.620665645, 0.212296944, 0.650708859, 0.729045944, 0.766739469, -0.573449107, 0.288559714, 0.605839228, 0.497728324, -0.620665244, 0.212295587, 0.650709334, 0.729045915, 0, 0, 0, 0, 0, 0, 0, 0.00581796875, 0.205045972, -0.225915552, -0.325035317, 0.886006585, -0.330597891, -0.381347656, 0.197021484, 0.903198242, 0.865457016, 0.419665397, 0.2739619, 0, 0, 0, 0, 0, 0, 0, 0.0553106445, 0.236498389, -0.209030078, -0.38915872, 0.514739247, -0.763849729, 0.536132813, -0.547729492, -0.642211914, -0.749127666, -0.659402098, -0.0628543768, 5, 1, 
369.970664, 0.1, 0.1, -0.0309729626, 0.273268387, -0.0377740863, 0.766737589, -0.573454513, 0.288553966, 0.605838691, 0.49772591, -0.620667705, 0.212303911, 0.650706416, 0.729046095, 0.766737892, -0.573453642, 0.288554892, 0.605838777, 0.497726299, -0.620667308, 0.21230257, 0.650706886, 0.729046066, 0, 0, 0, 0, 0, 0, 0, 0.00581796875, 0.205045972, -0.225915552, -0.325035317, 0.886006585, -0.330597891, -0.381347656, 0.197021484, 0.903198242, 0.865457016, 0.419665397, 0.2739619, 0, 0, 0, 0, 0, 0, 0, 0.0562001953, 0.235297705, -0.208384521, -0.3891332, 0.513352791, -0.764769536, 0.535522461, -0.549316406, -0.641235352, -0.749370469, -0.659056849, -0.0611099118, 5, 1, 
369.971389, 0.1, 0.1, -0.0309729625, 0.273268387, -0.0374709484, 0.766736053, -0.573458929, 0.288549271, 0.605838252, 0.497723938, -0.620669714, 0.21231071, 0.650704033, 0.729046243, 0.766736359, -0.57345805, 0.288550206, 0.605838339, 0.497724331, -0.620669314, 0.212309357, 0.650704507, 0.729046213, 0, 0, 0, 0, 0, 0, 0, 0.00581796875, 0.205045972, -0.225915552, -0.325035317, 0.886006585, -0.330597891, -0.381347656, 0.197021484, 0.903198242, 0.865457016, 0.419665397, 0.2739619, 0, 0, 0, 0, 0, 0, 0, 0.0562001953, 0.235297705, -0.208384521, -0.3891332, 0.513352791, -0.764769536, 0.535522461, -0.549316406, -0.641235352, -0.749370469, -0.659056849, -0.0611099118, 5, 1, 
369.972114, 0.1, 0.1, -0.0309729625, 0.273268387, -0.0371682265, 0.766734518, -0.573463343, 0.288544578, 0.605837813, 0.497721967, -0.620671723, 0.212317506, 0.65070165, 0.72904639, 0.766734824, -0.573462464, 0.288545512, 0.6058379, 0.49772236, -0.620671323, 0.212316153, 0.650702125, 0.729046361, 0, 0, 0, 0, 0, 0, 0, 0.00581796875, 0.205045972, -0.225915552, -0.325035317, 0.886006585, -0.330597891, -0.381347656, 0.197021484, 0.903198242, 0.865457016, 0.419665397, 0.2739619, 0, 0, 0, 0, 0, 0, 0, 0.0562001953, 0.235297705, -0.208384521, -0.3891332, 0.513352791, -0.764769536, 0.535522461, -0.549316406, -0.641235352, -0.749370469, -0.659056849, -0.0611099118, 5, 1, 
369.972838, 0.1, 0.1, -0.0309729625, 0.273268387, -0.0368661098, 0.766732985, -0.573467752, 0.28853989, 0.605837375, 0.497719999, -0.620673729, 0.212324294, 0.650699271, 0.729046537, 0.766733285, -0.573466889, 0.288540808, 0.60583746, 0.497720384, -0.620673337, 0.212322966, 0.650699736, 0.729046508, 0, 0, 0, 0, 0, 0, 0, 0.00581796875, 0.205045972, -0.225915552, -0.325035317, 0.886006585, -0.330597891, -0.381347656, 0.197021484, 0.903198242, 0.865457016, 0.419665397, 0.2739619, 0, 0, 0, 0, 0, 0, 0, 0.0562001953, 0.235297705, -0.208384521, -0.3891332, 0.513352791, -0.764769536, 0.535522461, -0.549316406, -0.641235352, -0.749370469, -0.659056849, -0.0611099118, 5, 1, 
369.973566, 0.1, 0.1, -0.0309729625, 0.273268387, -0.036562707, 0.766731443, -0.573472183, 0.288535178, 0.605836934, 0.49771802, -0.620675746, 0.212331118, 0.650696878, 0.729046685, 0.766731747, -0.573471309, 0.288536108, 0.605837021, 0.497718411, -0.620675348, 0.212329771, 0.65069735, 0.729046656, 0, 0, 0, 0, 0, 0, 0, 0.00581796875, 0.205045972, -0.225915552, -0.325035317, 0.886006585, -0.330597891, -0.381347656, 0.197021484, 0.903198242, 0.865457016, 0.419665397, 0.2739619, 0, 0, 0, 0, 0, 0, 0, 0.0562001953, 0.235297705, -0.208384521, -0.3891332, 0.513352791, -0.764769536, 0.535522461, -0.549316406, -0.641235352, -0.749370469, -0.659056849, -0.0611099118, 5, 1, 
369.9743, 0.1, 0.1, -0.0309729625, 0.273268387, -0.0362570389, 0.766729889, -0.573476651, 0.288530428, 0.60583649, 0.497716025, -0.62067778, 0.212337997, 0.650694467, 0.729046834, 0.766730196, -0.573475769, 0.288531366, 0.605836577, 0.497716419, -0.620677378, 0.212336638, 0.650694943, 0.729046805, 0, 0, 0, 0, 0, 0, 0, 0.00581796875, 0.205045972, -0.225915552, -0.325035317, 0.886006585, -0.330597891, -0.381347656, 0.197021484, 0.903198242, 0.865457016, 0.419665397, 0.2739619, 0, 0, 0, 0, 0, 0, 0, 0.0562001953, 0.235297705, -0.208384521, -0.3891332, 0.513352791, -0.764769536, 0.535522461, -0.549316406, -0.641235352, -0.749370469, -0.659056849, -0.0611099118, 5, 1, 
369.975063, 0.1, 0.1, -0.0309729625, 0.273268387, -0.0359391289, 0.766728273, -0.573481296, 0.288525489, 0.605836028, 0.497713951, -0.620679893, 0.212345148, 0.650691959, 0.729046989, 0.766728593, -0.573480376, 0.288526467, 0.605836119, 0.497714362, -0.620679475, 0.212343733, 0.650692456, 0.729046958, 0, 0, 0, 0, 0, 0, 0, 0.00679016113, 0.203912915, -0.225352759, -0.323537212, 0.88573325, -0.332591371, -0.380371094, 0.200073242, 0.902954102, 0.866332067, 0.418719954, 0.272300165, 0, 0, 0, 0, 0, 0, 0, 0.0573310547, 0.234298779, -0.207991992, -0.388692436, 0.511576609, -0.766200469, 0.534912109, -0.551757813, -0.639770508, -0.750060599, -0.658507077, -0.0591736828, 5, 1, 
369.975784, 0.1, 0.1, -0.0309729625, 0.273268387, -0.0356385125, 0.766726745, -0.573485689, 0.288520818, 0.605835591, 0.49771199, -0.620681893, 0.212351913, 0.650689588, 0.729047135, 0.76672705, -0.573484815, 0.288521748, 0.605835678, 0.49771238, -0.620681495, 0.212350566, 0.65069006, 0.729047106, 0, 0, 0, 0, 0, 0, 0, 0.00679016113, 0.203912915, -0.225352759, -0.323537212, 0.88573325, -0.332591371, -0.380371094, 0.200073242, 0.902954102, 0.866332067, 0.418719954, 0.272300165, 0, 0, 0, 0, 0, 0, 0, 0.0573310547, 0.234298779, -0.207991992, -0.388692436, 0.511576609, -0.766200469, 0.534912109, -0.551757813, -0.639770508, -0.750060599, -0.658507077, -0.0591736828, 5, 1, 
