time, realDorsalTactorPos, realVentralTactorPos, boxPosX, boxPosY, boxPosZ, boxLocalRot_11, boxLocalRot_12, boxLocalRot_13, boxLocalRot_21, boxLocalRot_22, boxLocalRot_23, boxLocalRot_31, boxLocalRot_32, boxLocalRot_33, boxGlobalRot_11, boxGlobalRot_12, boxGlobalRot_13, boxGlobalRot_21, boxGlobalRot_22, boxGlobalRot_23, boxGlobalRot_31, boxGlobalRot_32, boxGlobalRot_33, indexForceX, indexForceY, indexForceZ, indexForceGlobalX, indexForceGlobalY, indexForceGlobalZ, indexContact, indexPosX, indexPosY, indexPosZ, indexRot_11, indexRot_12, indexRot_13, indexRot_21, indexRot_22, indexRot_23, indexRot_31, indexRot_32, indexRot_33, thumbForceX, thumbForceY, thumbForceZ, thumbForceGlobalX, thumbForceGlobalY, thumbForceGlobalZ, thumbContact, thumbPosX, thumbPosY, thumbPosZ, thumbRot_11, thumbRot_12, thumbRot_13, thumbRot_21, thumbRot_22, thumbRot_23, thumbRot_31, thumbRot_32, thumbRot_33, mapping, trialSuccess, 
114.312655, 0.1, 0.1, 0.193642823, 0.0983140485, -0.0199613072, 0.989867368, 0.141995044, 3.55464841e-005, -0.141995045, 0.989867368, 2.92577155e-005, -3.10318541e-005, -3.40086825e-005, 0.999999999, 0.989867375, 0.141994997, 2.35785447e-005, -0.141994997, 0.989867375, 2.08781481e-005, -2.03750396e-005, -2.40146331e-005, 1, 0, 0, 0, 0, 0, 0, 0, 0.173504834, 0.0348388916, -0.28849519, -0.0858423201, 0.996215153, -0.00125500603, -0.439941406, -0.0367431641, 0.897216797, 0.893817844, 0.0776576553, 0.441545571, 0, 0, 0, 0, 0, 0, 0, 0.236054492, 0.0382102051, -0.265726611, -0.101654355, 0.810793516, -0.576264449, 0.458740234, -0.475708008, -0.750366211, -0.882648514, -0.340576628, -0.323605462, 1, 1, 
114.315886, 0.1, 0.1, 0.193642835, 0.0983140598, -0.0199613205, 0.989867201, 0.141996211, -1.64108593e-005, -0.141996211, 0.989867201, -1.18949185e-005, 1.4555538e-005, 1.41046695e-005, 1, 0.989867205, 0.14199618, -2.38946478e-005, -0.14199618, 0.989867205, -1.71435095e-005, 2.12182154e-005, 2.03627466e-005, 1, 0, 0, 0, 0, 0, 0, 0, 0.173158569, 0.0346172363, -0.28889541, -0.0839443202, 0.996372791, -0.000259387832, -0.438354492, -0.0366210938, 0.898071289, 0.894876742, 0.0755316251, 0.440028369, 0, 0, 0, 0, 0, 0, 0, 0.235914258, 0.0380121094, -0.265965234, -0.100440339, 0.81097252, -0.576149611, 0.459350586, -0.475830078, -0.75, -0.882520916, -0.339944101, -0.324698076, 1, 1, 
114.316681, 0.1, 0.1, 0.193642834, 0.0983140592, -0.0199762986, 0.989867181, 0.141996355, -9.71086534e-006, -0.141996355, 0.989867181, -8.18851558e-006, 8.44972753e-006, 9.48445031e-006, 1, 0.989867185, 0.141996327, -5.03298058e-006, -0.141996327, 0.989867185, -4.82588049e-006, 4.29672501e-006, 5.49164549e-006, 1, 0, 0, 0, 0, 0, 0, 0, 0.173158569, 0.0346172363, -0.28889541, -0.0839443202, 0.996372791, -0.000259387832, -0.438354492, -0.0366210938, 0.898071289, 0.894876742, 0.0755316251, 0.440028369, 0, 0, 0, 0, 0, 0, 0, 0.235914258, 0.0380121094, -0.265965234, -0.100440339, 0.81097252, -0.576149611, 0.459350586, -0.475830078, -0.75, -0.882520916, -0.339944101, -0.324698076, 1, 1, 
114.317483, 0.1, 0.1, 0.193642833, 0.0983140585, -0.0199861013, 0.989867162, 0.141996485, -1.03056449e-006, -0.141996485, 0.989867162, 2.3997849e-007, 1.05419805e-006, -9.12102923e-008, 1, 0.989867165, 0.141996461, 6.53074977e-006, -0.141996461, 0.989867165, 5.75015861e-006, -5.64807259e-006, -6.61923656e-006, 1, 0, 0, 0, 0, 0, 0, 0, 0.173323584, 0.0346130859, -0.288646533, -0.0850425316, 0.996246232, 0.000172707057, -0.439453125, -0.0375976563, 0.897460937, 0.894185538, 0.0762932217, 0.441195851, 0, 0, 0, 0, 0, 0, 0, 0.235914258, 0.0380121094, -0.265965234, -0.100440339, 0.81097252, -0.576149611, 0.459350586, -0.475830078, -0.75, -0.882520916, -0.339944101, -0.324698076, 1, 1, 
114.318267, 0.1, 0.1, 0.193642832, 0.0983140612, -0.0199880848, 0.989867166, 0.141996454, 3.74476639e-006, -0.141996454, 0.989867166, -6.84693924e-006, -4.67906239e-006, 6.24581679e-006, 1, 0.989867164, 0.141996473, 4.98750848e-006, -0.141996473, 0.989867164, -1.48213759e-005, -7.04155397e-006, 1.39629847e-005, 1, 0, 0, 0, 0, 0, 0, 0, 0.173323584, 0.0346130859, -0.288646533, -0.0850425316, 0.996246232, 0.000172707057, -0.439453125, -0.0375976563, 0.897460937, 0.894185538, 0.0762932217, 0.441195851, 0, 0, 0, 0, 0, 0, 0, 0.235914258, 0.0380121094, -0.265965234, -0.100440339, 0.81097252, -0.576149611, 0.459350586, -0.475830078, -0.75, -0.882520916, -0.339944101, -0.324698076, 1, 1, 
114.319064, 0.1, 0.1, 0.193642831, 0.0983140592, -0.0199824192, 0.989867175, 0.141996392, 9.23244236e-006, -0.141996392, 0.989867175, -3.43474736e-006, -9.62661337e-006, 2.08897016e-006, 1, 0.989867176, 0.141996387, 8.80183038e-006, -0.141996387, 0.989867176, 7.8839173e-006, -7.59315521e-006, -9.05385906e-006, 1, 0, 0, 0, 0, 0, 0, 0, 0.173323584, 0.0346130859, -0.288646533, -0.0850425316, 0.996246232, 0.000172707057, -0.439453125, -0.0375976563, 0.897460937, 0.894185538, 0.0762932217, 0.441195851, 0, 0, 0, 0, 0, 0, 0, 0.235914258, 0.0380121094, -0.265965234, -0.100440339, 0.81097252, -0.576149611, 0.459350586, -0.475830078, -0.75, -0.882520916, -0.339944101, -0.324698076, 1, 1, 
114.319883, 0.1, 0.1, 0.193642831, 0.0983140581, -0.0199712648, 0.989867147, 0.14199659, 1.35202381e-005, -0.14199659, 0.989867147, 1.71154682e-006, -1.31402057e-005, -3.61403167e-006, 1, 0.989867156, 0.141996527, -2.41203152e-006, -0.141996527, 0.989867156, 1.2999866e-005, 4.23352661e-006, -1.25256403e-005, 1, 0, 0, 0, 0, 0, 0, 0, 0.173703052, 0.0346116211, -0.288405835, -0.0862995024, 0.996157865, 0.00042095511, -0.441040039, -0.0385742188, 0.896606445, 0.893272295, 0.0772959531, 0.442763228, 0, 0, 0, 0, 0, 0, 0, 0.235914258, 0.0380121094, -0.265965234, -0.100823501, 0.811125638, -0.575824052, 0.461669922, -0.474487305, -0.749267578, -0.881211018, -0.34140092, -0.326627742, 1, 1, 
114.320671, 0.1, 0.1, 0.193642831, 0.0983140592, -0.0199595667, 0.989867066, 0.141997151, -7.04046863e-006, -0.141997151, 0.989867066, 1.36453823e-005, 8.90673344e-006, -1.2507388e-005, 1, 0.989867087, 0.141997006, -1.63083759e-005, -0.141997006, 0.989867087, 9.22280991e-006, 1.7452736e-005, -6.81361542e-006, 1, 0, 0, 0, 0, 0, 0, 0, 0.173703052, 0.0346116211, -0.288405835, -0.0862995024, 0.996157865, 0.00042095511, -0.441040039, -0.0385742188, 0.896606445, 0.893272295, 0.0772959531, 0.442763228, 0, 0, 0, 0, 0, 0, 0, 0.236362939, 0.0382148437, -0.265537793, -0.100823501, 0.811125638, -0.575824052, 0.461669922, -0.474487305, -0.749267578, -0.881211018, -0.34140092, -0.326627742, 1, 1, 
114.32147, 0.1, 0.1, 0.193642831, 0.0983140615, -0.0199509326, 0.989866921, 0.141998161, -2.15613774e-005, -0.14199816, 0.989866921, 1.29907239e-005, 2.31875532e-005, -9.79741192e-006, 1, 0.989866957, 0.141997911, -1.76805456e-005, -0.141997911, 0.989866957, -1.60656494e-005, 1.52200992e-005, 1.8413456e-005, 1, 0, 0, 0, 0, 0, 0, 0, 0.173703052, 0.0346116211, -0.288405835, -0.0862995024, 0.996157865, 0.00042095511, -0.441040039, -0.0385742188, 0.896606445, 0.893272295, 0.0772959531, 0.442763228, 0, 0, 0, 0, 0, 0, 0, 0.236362939, 0.0382148437, -0.265537793, -0.100823501, 0.811125638, -0.575824052, 0.461669922, -0.474487305, -0.749267578, -0.881211018, -0.34140092, -0.326627742, 1, 1, 
114.322262, 0.1, 0.1, 0.19364283, 0.0983140624, -0.0199477374, 0.989866706, 0.141999665, -1.83823467e-005, -0.141999665, 0.989866706, -1.0805858e-005, 1.66616447e-005, 1.33066462e-005, 1, 0.989866753, 0.141999336, 8.33229664e-006, -0.141999336, 0.989866753, -2.62746258e-005, -1.19788428e-005, 2.4825198e-005, 1, 0, 0, 0, 0, 0, 0, 0, 0.173703052, 0.0346116211, -0.288405835, -0.0862995024, 0.996157865, 0.00042095511, -0.441040039, -0.0385742188, 0.896606445, 0.893272295, 0.0772959531, 0.442763228, 0, 0, 0, 0, 0, 0, 0, 0.236362939, 0.0382148437, -0.265537793, -0.100823501, 0.811125638, -0.575824052, 0.461669922, -0.474487305, -0.749267578, -0.881211018, -0.34140092, -0.326627742, 1, 1, 
114.32305, 0.1, 0.1, 0.19364283, 0.0983140607, -0.0199506403, 0.989866425, 0.142001625, 8.43950464e-006, -0.142001625, 0.989866424, -1.92329761e-005, -1.10850961e-005, 1.7839654e-005, 1, 0.989866485, 0.142001206, 1.8663253e-005, -0.142001206, 0.989866485, -1.22682717e-005, -2.0216238e-005, 9.49374654e-006, 1, 0, 0, 0, 0, 0, 0, 0, 0.173703052, 0.0346116211, -0.288405835, -0.0862995024, 0.996157865, 0.00042095511, -0.441040039, -0.0385742188, 0.896606445, 0.893272295, 0.0772959531, 0.442763228, 0, 0, 0, 0, 0, 0, 0, 0.236362939, 0.0382148437, -0.265537793, -0.100823501, 0.811125638, -0.575824052, 0.461669922, -0.474487305, -0.749267578, -0.881211018, -0.34140092, -0.326627742, 1, 1, 
114.323841, 0.1, 0.1, 0.19364283, 0.0983140584, -0.019958238, 0.989866095, 0.142003923, 1.66749413e-005, -0.142003923, 0.989866095, -8.43990589e-006, -1.77044588e-005, 5.98646961e-006, 1, 0.989866164, 0.14200344, 1.21174026e-005, -0.14200344, 0.989866164, 1.47078006e-005, -9.90604854e-006, -1.6279467e-005, 1, 0, 0, 0, 0, 0, 0, 0, 0.173703052, 0.0346116211, -0.288405835, -0.0862995024, 0.996157865, 0.00042095511, -0.441040039, -0.0385742188, 0.896606445, 0.893272295, 0.0772959531, 0.442763228, 0, 0, 0, 0, 0, 0, 0, 0.236362939, 0.0382148437, -0.265537793, -0.100823501, 0.811125638, -0.575824052, 0.461669922, -0.474487305, -0.749267578, -0.881211018, -0.34140092, -0.326627742, 1, 1, 
114.324657, 0.1, 0.1, 0.19364283, 0.0983140572, -0.0199676074, 0.989865724, 0.142006505, 1.340073e-005, -0.142006505, 0.989865725, 8.40722916e-006, -1.20710421e-005, -1.02250188e-005, 1, 0.989865802, 0.142005961, -4.17520027e-006, -0.142005961, 0.989865802, 1.76606425e-005, 6.64080448e-006, -1.68887627e-005, 1, 0, 0, 0, 0, 0, 0, 0, 0.174077759, 0.0346101563, -0.288178687, -0.0876579447, 0.996069498, 0.000408972309, -0.442382812, -0.0391845703, 0.895874023, 0.892498715, 0.0782986845, 0.444248229, 0, 0, 0, 0, 0, 0, 0, 0.236362939, 0.0382148437, -0.265537793, -0.101436705, 0.811048713, -0.575913737, 0.463867188, -0.473510742, -0.748657227, -0.880048042, -0.34300466, -0.328110081, 1, 1, 
114.325447, 0.1, 0.1, 0.19364283, 0.0983140577, -0.0199748219, 0.989865355, 0.142009084, -1.33733639e-006, -0.142009084, 0.989865355, 9.09139828e-006, 2.6148441e-006, -8.80934627e-006, 1, 0.989865428, 0.142008572, -5.93000056e-006, -0.142008572, 0.989865428, 5.74944345e-006, 6.6863728e-006, -4.84906438e-006, 1, 0, 0, 0, 0, 0, 0, 0, 0.174077759, 0.0346101563, -0.288178687, -0.0876579447, 0.996069498, 0.000408972309, -0.442382812, -0.0391845703, 0.895874023, 0.892498715, 0.0782986845, 0.444248229, 0, 0, 0, 0, 0, 0, 0, 0.237016553, 0.0381760254, -0.265128418, -0.101436705, 0.811048713, -0.575913737, 0.463867188, -0.473510742, -0.748657227, -0.880048042, -0.34300466, -0.328110081, 1, 1, 
114.326234, 0.1, 0.1, 0.193642829, 0.0983140586, -0.019978443, 0.989864991, 0.142011621, -7.55244774e-006, -0.142011621, 0.989864991, 3.77580966e-006, 8.01211247e-006, -2.66500645e-006, 1, 0.989865063, 0.142011117, -5.06621073e-006, -0.142011117, 0.989865063, -8.0200015e-006, 3.87593563e-006, 8.65817754e-006, 1, 0, 0, 0, 0, 0, 0, 0, 0.174077759, 0.0346101563, -0.288178687, -0.0876579447, 0.996069498, 0.000408972309, -0.442382812, -0.0391845703, 0.895874023, 0.892498715, 0.0782986845, 0.444248229, 0, 0, 0, 0, 0, 0, 0, 0.237016553, 0.0381760254, -0.265128418, -0.101436705, 0.811048713, -0.575913737, 0.463867188, -0.473510742, -0.748657227, -0.880048042, -0.34300466, -0.328110081, 1, 1, 
114.327022, 0.1, 0.1, 0.193642829, 0.0983140593, -0.0199775874, 0.989864635, 0.142014097, -9.58506379e-006, -0.142014097, 0.989864635, -5.91982645e-006, 8.64721687e-006, 7.22104103e-006, 1, 0.989864705, 0.14201361, 2.07686273e-006, -0.14201361, 0.989864705, -1.28427271e-005, -3.87965515e-006, 1.24176195e-005, 1, 0, 0, 0, 0, 0, 0, 0, 0.174077759, 0.0346101563, -0.288178687, -0.0876579447, 0.996069498, 0.000408972309, -0.442382812, -0.0391845703, 0.895874023, 0.892498715, 0.0782986845, 0.444248229, 0, 0, 0, 0, 0, 0, 0, 0.237016553, 0.0381760254, -0.265128418, -0.101436705, 0.811048713, -0.575913737, 0.463867188, -0.473510742, -0.748657227, -0.880048042, -0.34300466, -0.328110081, 1, 1, 
114.327814, 0.1, 0.1, 0.193642828, 0.0983140591, -0.0199727982, 0.989864281, 0.142016566, 1.83223761e-006, -0.142016566, 0.989864281, -1.31920037e-005, -3.68714963e-006, 1.27980851e-005, 1, 0.989864351, 0.142016077, 8.49916423e-006, -0.142016077, 0.989864351, -1.03474708e-005, -9.88252691e-006, 9.03557454e-006, 1, 0, 0, 0, 0, 0, 0, 0, 0.174077759, 0.0346101563, -0.288178687, -0.0876579447, 0.996069498, 0.000408972309, -0.442382812, -0.0391845703, 0.895874023, 0.892498715, 0.0782986845, 0.444248229, 0, 0, 0, 0, 0, 0, 0, 0.237016553, 0.0381760254, -0.265128418, -0.101436705, 0.811048713, -0.575913737, 0.463867188, -0.473510742, -0.748657227, -0.880048042, -0.34300466, -0.328110081, 1, 1, 
114.328602, 0.1, 0.1, 0.193642829, 0.0983140579, -0.0199659895, 0.989863923, 0.142019062, 1.21017422e-005, -0.142019062, 0.989863923, -1.17047515e-005, -1.36413759e-005, 9.86743318e-006, 1, 0.989863995, 0.142018557, 9.49835936e-006, -0.142018557, 0.989863995, 7.32988109e-006, -8.36110481e-006, -8.60452867e-006, 1, 0, 0, 0, 0, 0, 0, 0, 0.174077759, 0.0346101563, -0.288178687, -0.0876579447, 0.996069498, 0.000408972309, -0.442382812, -0.0391845703, 0.895874023, 0.892498715, 0.0782986845, 0.444248229, 0, 0, 0, 0, 0, 0, 0, 0.237016553, 0.0381760254, -0.265128418, -0.101436705, 0.811048713, -0.575913737, 0.463867188, -0.473510742, -0.748657227, -0.880048042, -0.34300466, -0.328110081, 1, 1, 
114.329406, 0.1, 0.1, 0.19364283, 0.0983140566, -0.0199594211, 0.989863543, 0.142021711, 1.47793024e-005, -0.142021711, 0.989863543, 8.72468473e-006, -1.3390398e-005, -1.07352292e-005, 1, 0.989863619, 0.142021184, -6.23877373e-006, -0.142021183, 0.989863618, 2.06614706e-005, 9.10990165e-006, -1.95660001e-005, 1, 0, 0, 0, 0, 0, 0, 0, 0.174072998, 0.0346101563, -0.288384961, -0.0877594161, 0.996069498, 0.000751578578, -0.442138672, -0.0395507813, 0.895996094, 0.892638379, 0.0782986845, 0.444070374, 0, 0, 0, 0, 0, 0, 0, 0.237016553, 0.0381760254, -0.265128418, -0.101436705, 0.811048713, -0.575913737, 0.463867188, -0.473510742, -0.748657227, -0.880048042, -0.34300466, -0.328110081, 1, 1, 
114.33021, 0.1, 0.1, 0.19364283, 0.0983140573, -0.0199549209, 0.989863127, 0.14202461, -7.22823205e-006, -0.142024609, 0.989863127, 2.00423903e-005, 1.0001473e-005, -1.88126363e-005, 1, 0.98986321, 0.142024033, -1.73017012e-005, -0.142024033, 0.98986321, 1.36082328e-005, 1.90590136e-005, -1.10130317e-005, 1, 0, 0, 0, 0, 0, 0, 0, 0.174072998, 0.0346101563, -0.288384961, -0.0877594161, 0.996069498, 0.000751578578, -0.442138672, -0.0395507813, 0.895996094, 0.892638379, 0.0782986845, 0.444070374, 0, 0, 0, 0, 0, 0, 0, 0.236961865, 0.0381940918, -0.265523389, -0.102312036, 0.811463957, -0.575198088, 0.463745117, -0.47265625, -0.749267578, -0.879894557, -0.343451987, -0.32791212, 1, 1, 
114.331003, 0.1, 0.1, 0.193642829, 0.0983140585, -0.0199543397, 0.98986269, 0.142027652, -1.85616175e-005, -0.142027652, 0.98986269, 1.48102752e-005, 2.04769213e-005, -1.20238759e-005, 1, 0.989862779, 0.142027034, -1.45295367e-005, -0.142027034, 0.989862779, -1.06914272e-005, 1.28637759e-005, 1.26466329e-005, 1, 0, 0, 0, 0, 0, 0, 0, 0.174072998, 0.0346101563, -0.288384961, -0.0877594161, 0.996069498, 0.000751578578, -0.442138672, -0.0395507813, 0.895996094, 0.892638379, 0.0782986845, 0.444070374, 0, 0, 0, 0, 0, 0, 0, 0.236961865, 0.0381940918, -0.265523389, -0.102312036, 0.811463957, -0.575198088, 0.463745117, -0.47265625, -0.749267578, -0.879894557, -0.343451987, -0.32791212, 1, 1, 
114.331812, 0.1, 0.1, 0.193642829, 0.0983140587, -0.0199575264, 0.989862219, 0.142030936, -1.54197071e-005, -0.142030937, 0.989862219, -8.04206927e-006, 1.41211629e-005, 1.0150616e-005, 1, 0.98986232, 0.142030232, 7.6866214e-006, -0.142030232, 0.98986232, -2.040138e-005, -1.05063096e-005, 1.91028247e-005, 1, 0, 0, 0, 0, 0, 0, 0, 0.174072998, 0.0346101563, -0.288384961, -0.0878799836, 0.996088594, 0.000853049999, -0.442016602, -0.0396728516, 0.896118164, 0.892657475, 0.0784192519, 0.44393071, 0, 0, 0, 0, 0, 0, 0, 0.236961865, 0.0381940918, -0.265523389, -0.102312036, 0.811463957, -0.575198088, 0.463745117, -0.47265625, -0.749267578, -0.879894557, -0.343451987, -0.32791212, 1, 1, 
114.332615, 0.1, 0.1, 0.193642829, 0.0983140574, -0.0199626945, 0.989861733, 0.142034323, 6.87542932e-006, -0.142034323, 0.989861733, -1.59659491e-005, -9.07343716e-006, 1.48275351e-005, 1, 0.989861829, 0.142033659, 1.43152121e-005, -0.142033659, 0.989861829, -1.01334749e-005, -1.56093766e-005, 7.99749807e-006, 1, 0, 0, 0, 0, 0, 0, 0, 0.174290137, 0.034611499, -0.288603442, -0.0878799836, 0.996088594, 0.000853049999, -0.442016602, -0.0396728516, 0.896118164, 0.892657475, 0.0784192519, 0.44393071, 0, 0, 0, 0, 0, 0, 0, 0.237138721, 0.0384187988, -0.265723438, -0.103065965, 0.811636398, -0.574821123, 0.463989258, -0.471923828, -0.749511719, -0.879728313, -0.343924834, -0.327995242, 1, 1, 
114.33341, 0.1, 0.1, 0.193642829, 0.0983140562, -0.0199682662, 0.989861249, 0.142037699, 1.35240181e-005, -0.142037699, 0.989861249, -9.80229472e-006, -1.47791969e-005, 7.78199128e-006, 1, 0.989861345, 0.142037027, 1.01075528e-005, -0.142037027, 0.989861345, 8.17254395e-006, -8.84427199e-006, -9.5253321e-006, 1, 0, 0, 0, 0, 0, 0, 0, 0.174290137, 0.034611499, -0.288603442, -0.0878799836, 0.996088594, 0.000853049999, -0.442016602, -0.0396728516, 0.896118164, 0.892657475, 0.0784192519, 0.44393071, 0, 0, 0, 0, 0, 0, 0, 0.237138721, 0.0384187988, -0.265723438, -0.103065965, 0.811636398, -0.574821123, 0.463989258, -0.471923828, -0.749511719, -0.879728313, -0.343924834, -0.327995242, 1, 1, 
114.3342, 0.1, 0.1, 0.193642829, 0.098314056, -0.0199724688, 0.989860774, 0.142041007, 1.08846824e-005, -0.142041008, 0.989860774, 3.57879579e-006, -1.02659843e-005, -5.08858082e-006, 1, 0.989860867, 0.142040359, -3.01073004e-006, -0.142040359, 0.989860867, 1.11190756e-005, 4.55956133e-006, -1.05786926e-005, 1, 0, 0, 0, 0, 0, 0, 0, 0.174290137, 0.034611499, -0.288603442, -0.0878799836, 0.996088594, 0.000853049999, -0.442016602, -0.0396728516, 0.896118164, 0.892657475, 0.0784192519, 0.44393071, 0, 0, 0, 0, 0, 0, 0, 0.237138721, 0.0384187988, -0.265723438, -0.103065965, 0.811636398, -0.574821123, 0.463989258, -0.471923828, -0.749511719, -0.879728313, -0.343924834, -0.327995242, 1, 1, 
114.334994, 0.1, 0.1, 0.193642829, 0.0983140567, -0.0199740302, 0.989860308, 0.142044258, -2.09795381e-006, -0.142044258, 0.989860308, 9.40546269e-006, 3.41267318e-006, -9.0120919e-006, 1, 0.989860399, 0.142043618, -7.74255528e-006, -0.142043618, 0.989860399, 5.74341528e-006, 8.47986435e-006, -4.58539878e-006, 1, 0, 0, 0, 0, 0, 0, 0, 0.174290137, 0.034611499, -0.288603442, -0.0878799836, 0.996088594, 0.000853049999, -0.442016602, -0.0396728516, 0.896118164, 0.892657475, 0.0784192519, 0.44393071, 0, 0, 0, 0, 0, 0, 0, 0.237138721, 0.0384187988, -0.265723438, -0.103065965, 0.811636398, -0.574821123, 0.463989258, -0.471923828, -0.749511719, -0.879728313, -0.343924834, -0.327995242, 1, 1, 
114.335784, 0.1, 0.1, 0.193642828, 0.0983140576, -0.0199726313, 0.989859856, 0.142047405, -9.92017177e-006, -0.142047405, 0.989859856, 8.41914466e-006, 1.10154975e-005, -6.92463866e-006, 1, 0.989859945, 0.142046786, -7.48113491e-006, -0.142046786, 0.989859945, -7.20513939e-006, 6.3818089e-006, 8.19475005e-006, 1, 0, 0, 0, 0, 0, 0, 0, 0.174290137, 0.034611499, -0.288603442, -0.0878799836, 0.996088594, 0.000853049999, -0.442016602, -0.0396728516, 0.896118164, 0.892657475, 0.0784192519, 0.44393071, 0, 0, 0, 0, 0, 0, 0, 0.237138721, 0.0384187988, -0.265723438, -0.103065965, 0.811636398, -0.574821123, 0.463989258, -0.471923828, -0.749511719, -0.879728313, -0.343924834, -0.327995242, 1, 1, 
114.336578, 0.1, 0.1, 0.193642827, 0.0983140579, -0.0199689281, 0.98985941, 0.142050513, -1.17243837e-005, -0.142050513, 0.98985941, -4.83978886e-006, 1.09179971e-005, 6.45616526e-006, 1, 0.989859497, 0.142049906, 4.49776436e-006, -0.142049906, 0.989859497, -1.42716757e-005, -6.47944496e-006, 1.34880468e-005, 1, 0, 0, 0, 0, 0, 0, 0, 0.174290137, 0.034611499, -0.288603442, -0.0878799836, 0.996088594, 0.000853049999, -0.442016602, -0.0396728516, 0.896118164, 0.892657475, 0.0784192519, 0.44393071, 0, 0, 0, 0, 0, 0, 0, 0.237138721, 0.0384187988, -0.265723438, -0.103065965, 0.811636398, -0.574821123, 0.463989258, -0.471923828, -0.749511719, -0.879728313, -0.343924834, -0.327995242, 1, 1, 
114.337402, 0.1, 0.1, 0.193642827, 0.0983140571, -0.0199640551, 0.989858948, 0.142053734, 4.0004322e-006, -0.142053734, 0.989858948, -1.57912525e-005, -6.20306998e-006, 1.50628362e-005, 1, 0.989859046, 0.14205305, 1.3661894e-005, -0.14205305, 0.989859046, -1.11974345e-005, -1.51139791e-005, 9.14316816e-006, 1, 0, 0, 0, 0, 0, 0, 0, 0.17432334, 0.0341636719, -0.28888833, -0.0872389544, 0.996069498, -0.000327536841, -0.441772461, -0.0384521484, 0.896240234, 0.89280313, 0.0782986845, 0.443499737, 0, 0, 0, 0, 0, 0, 0, 0.237138721, 0.0384187988, -0.265723438, -0.102286516, 0.811425677, -0.575223607, 0.463378906, -0.47277832, -0.749389648, -0.88013736, -0.343087782, -0.327669317, 1, 1, 
114.338193, 0.1, 0.1, 0.193642828, 0.0983140552, -0.0199597742, 0.989858489, 0.142056931, 1.27298216e-005, -0.142056931, 0.989858489, -1.09331665e-005, -1.4153854e-005, 9.01392833e-006, 1, 0.98985858, 0.142056294, 9.42027683e-006, -0.142056295, 0.98985858, 1.15072652e-005, -7.69006239e-006, -1.27287748e-005, 1, 0, 0, 0, 0, 0, 0, 0, 0.17432334, 0.0341636719, -0.28888833, -0.0872389544, 0.996069498, -0.000327536841, -0.441772461, -0.0384521484, 0.896240234, 0.89280313, 0.0782986845, 0.443499737, 0, 0, 0, 0, 0, 0, 0, 0.237181689, 0.0377527344, -0.265966455, -0.102286516, 0.811425677, -0.575223607, 0.463378906, -0.47277832, -0.749389648, -0.88013736, -0.343087782, -0.327669317, 1, 1, 
114.338985, 0.1, 0.1, 0.193642829, 0.0983140537, -0.0199577438, 0.989858019, 0.142060208, 1.17558349e-005, -0.142060208, 0.989858019, 1.05159985e-005, -1.01427026e-005, -1.20793818e-005, 1, 0.989858113, 0.142059552, -1.01806e-005, -0.142059552, 0.989858113, 2.2690502e-005, 1.33007521e-005, -2.10141261e-005, 1, 0, 0, 0, 0, 0, 0, 0, 0.17432334, 0.0341636719, -0.28888833, -0.0872389544, 0.996069498, -0.000327536841, -0.441772461, -0.0384521484, 0.896240234, 0.89280313, 0.0782986845, 0.443499737, 0, 0, 0, 0, 0, 0, 0, 0.237181689, 0.0377527344, -0.265966455, -0.102286516, 0.811425677, -0.575223607, 0.463378906, -0.47277832, -0.749389648, -0.88013736, -0.343087782, -0.327669317, 1, 1, 
114.339782, 0.1, 0.1, 0.19364283, 0.0983140541, -0.0199583754, 0.989857528, 0.142063631, -6.97040329e-006, -0.14206363, 0.989857527, 1.84873245e-005, 9.5260826e-006, -1.73095765e-005, 1, 0.989857625, 0.142062952, -1.68081898e-005, -0.142062952, 0.989857625, 1.33486343e-005, 1.85340612e-005, -1.08254264e-005, 1, 0, 0, 0, 0, 0, 0, 0, 0.17432334, 0.0341636719, -0.28888833, -0.0872389544, 0.996069498, -0.000327536841, -0.441772461, -0.0384521484, 0.896240234, 0.89280313, 0.0782986845, 0.443499737, 0, 0, 0, 0, 0, 0, 0, 0.237181689, 0.0377527344, -0.265966455, -0.102286516, 0.811425677, -0.575223607, 0.463378906, -0.47277832, -0.749389648, -0.88013736, -0.343087782, -0.327669317, 1, 1, 
114.340586, 0.1, 0.1, 0.193642828, 0.0983140556, -0.0199610681, 0.98985702, 0.142067165, -1.03457652e-005, -0.142067165, 0.98985702, 8.13168213e-006, 1.13960733e-005, -6.57940912e-006, 1, 0.989857121, 0.142066465, -6.95753245e-006, -0.142066465, 0.989857121, -1.33099682e-005, 4.99606291e-006, 1.41633988e-005, 1, 0, 0, 0, 0, 0, 0, 0, 0.17432334, 0.0341636719, -0.28888833, -0.0872389544, 0.996069498, -0.000327536841, -0.441772461, -0.0384521484, 0.896240234, 0.89280313, 0.0782986845, 0.443499737, 0, 0, 0, 0, 0, 0, 0, 0.236910107, 0.0375128906, -0.265957666, -0.102842485, 0.811182874, -0.575472607, 0.462402344, -0.473144531, -0.749755859, -0.880686766, -0.343113302, -0.326468061, 1, 1, 
114.341375, 0.1, 0.1, 0.193642826, 0.0983140567, -0.019965003, 0.989856519, 0.142070661, -6.255146e-006, -0.142070661, 0.989856518, -1.10735494e-005, 4.61847057e-006, 1.18498977e-005, 1, 0.989856617, 0.142069973, 1.14507384e-005, -0.142069973, 0.989856617, -2.06017909e-005, -1.4261485e-005, 1.8766013e-005, 1, 0, 0, 0, 0, 0, 0, 0, 0.17432334, 0.0341636719, -0.28888833, -0.0872389544, 0.996069498, -0.000327536841, -0.441772461, -0.0384521484, 0.896240234, 0.89280313, 0.0782986845, 0.443499737, 0, 0, 0, 0, 0, 0, 0, 0.236910107, 0.0375128906, -0.265957666, -0.102842485, 0.811182874, -0.575472607, 0.462402344, -0.473144531, -0.749755859, -0.880686766, -0.343113302, -0.326468061, 1, 1, 
114.342177, 0.1, 0.1, 0.193642826, 0.0983140564, -0.0199688418, 0.98985601, 0.142074206, 6.14329656e-006, -0.142074205, 0.98985601, -1.45491517e-005, -8.14803818e-006, 1.35287612e-005, 1, 0.989856118, 0.142073452, 1.41781032e-005, -0.142073452, 0.989856118, -1.03619944e-005, -1.55064465e-005, 8.24255149e-006, 1, 0, 0, 0, 0, 0, 0, 0, 0.17432334, 0.0341636719, -0.28888833, -0.087847783, 0.996044411, -9.35151959e-005, -0.440063477, -0.0385742188, 0.897094727, 0.89364111, 0.0789206176, 0.441855976, 0, 0, 0, 0, 0, 0, 0, 0.236910107, 0.0375128906, -0.265957666, -0.102842485, 0.811182874, -0.575472607, 0.462402344, -0.473144531, -0.749755859, -0.880686766, -0.343113302, -0.326468061, 1, 1, 
114.342966, 0.1, 0.1, 0.193642826, 0.0983140551, -0.0199710916, 0.989855519, 0.142077625, 8.83321591e-006, -0.142077625, 0.989855519, -6.99337099e-006, -9.73720906e-006, 5.66742453e-006, 1, 0.989855615, 0.142076954, 6.67743669e-006, -0.142076954, 0.989855615, 8.58661908e-006, -5.38973752e-006, -9.44822298e-006, 1, 0, 0, 0, 0, 0, 0, 0, 0.173848291, 0.03394104, -0.288881372, -0.087847783, 0.996044411, -9.35151959e-005, -0.440063477, -0.0385742188, 0.897094727, 0.89364111, 0.0789206176, 0.441855976, 0, 0, 0, 0, 0, 0, 0, 0.236910107, 0.0375128906, -0.265957666, -0.102842485, 0.811182874, -0.575472607, 0.462402344, -0.473144531, -0.749755859, -0.880686766, -0.343113302, -0.326468061, 1, 1, 
114.34376, 0.1, 0.1, 0.193642827, 0.0983140538, -0.0199713421, 0.989855036, 0.142080989, 6.5846419e-006, -0.142080989, 0.989855036, 8.68463983e-006, -5.28391873e-006, -9.5320869e-006, 1, 0.989855131, 0.142080328, -7.99606025e-006, -0.142080328, 0.989855131, 1.68358597e-005, 1.03069857e-005, -1.55289793e-005, 1, 0, 0, 0, 0, 0, 0, 0, 0.173848291, 0.03394104, -0.288881372, -0.087847783, 0.996044411, -9.35151959e-005, -0.440063477, -0.0385742188, 0.897094727, 0.89364111, 0.0789206176, 0.441855976, 0, 0, 0, 0, 0, 0, 0, 0.236910107, 0.0375128906, -0.265957666, -0.102842485, 0.811182874, -0.575472607, 0.462402344, -0.473144531, -0.749755859, -0.880686766, -0.343113302, -0.326468061, 1, 1, 
114.344564, 0.1, 0.1, 0.193642828, 0.0983140533, -0.0199695457, 0.989854556, 0.142084335, -5.69106165e-006, -0.142084335, 0.989854556, 1.56419888e-005, 7.85580487e-006, -1.46746831e-005, 1, 0.989854659, 0.142083615, -1.38611413e-005, -0.142083614, 0.989854659, 1.18070756e-005, 1.53981073e-005, -9.71784774e-006, 1, 0, 0, 0, 0, 0, 0, 0, 0.173848291, 0.03394104, -0.288881372, -0.0884566115, 0.996000228, -0.000119724404, -0.438354492, -0.0388183594, 0.897949219, 0.894479091, 0.0794219833, 0.440129841, 0, 0, 0, 0, 0, 0, 0, 0.236910107, 0.0375128906, -0.265957666, -0.102842485, 0.811182874, -0.575472607, 0.462402344, -0.473144531, -0.749755859, -0.880686766, -0.343113302, -0.326468061, 1, 1, 
114.345366, 0.1, 0.1, 0.193642827, 0.0983140541, -0.019966176, 0.98985408, 0.142087646, -1.19624112e-005, -0.142087646, 0.989854081, 1.03128359e-005, 1.33063681e-005, -8.50849186e-006, 1, 0.989854173, 0.142087002, -9.34260621e-006, -0.142087002, 0.989854173, -8.30303201e-006, 8.06806482e-006, 9.54625379e-006, 1, 0, 0, 0, 0, 0, 0, 0, 0.173596484, 0.0339403076, -0.289111206, -0.0884566115, 0.996000228, -0.000119724404, -0.438354492, -0.0388183594, 0.897949219, 0.894479091, 0.0794219833, 0.440129841, 0, 0, 0, 0, 0, 0, 0, 0.236408691, 0.0370681152, -0.266153809, -0.103532615, 0.811170114, -0.575491563, 0.461181641, -0.473388672, -0.750366211, -0.88112753, -0.3429919, -0.325119883, 1, 1, 
114.346158, 0.1, 0.1, 0.193642826, 0.0983140549, -0.0199628509, 0.98985361, 0.142090925, -1.12385684e-005, -0.142090925, 0.98985361, -8.89796769e-006, 9.86021708e-006, 1.0404584e-005, 1, 0.989853703, 0.142090278, 7.86425917e-006, -0.142090278, 0.989853703, -1.94961069e-005, -1.05546733e-005, 1.81808588e-005, 1, 0, 0, 0, 0, 0, 0, 0, 0.173596484, 0.0339403076, -0.289111206, -0.0884566115, 0.996000228, -0.000119724404, -0.438354492, -0.0388183594, 0.897949219, 0.894479091, 0.0794219833, 0.440129841, 0, 0, 0, 0, 0, 0, 0, 0.236408691, 0.0370681152, -0.266153809, -0.103532615, 0.811170114, -0.575491563, 0.461181641, -0.473388672, -0.750366211, -0.88112753, -0.3429919, -0.325119883, 1, 1, 
114.346946, 0.1, 0.1, 0.193642826, 0.0983140544, -0.0199607025, 0.989853133, 0.142094248, 5.96819869e-006, -0.142094248, 0.989853133, -1.80957657e-005, -8.47894438e-006, 1.70641037e-005, 1, 0.989853228, 0.142093584, 1.52793122e-005, -0.142093584, 0.989853228, -1.32035468e-005, -1.70004158e-005, 1.08984812e-005, 1, 0, 0, 0, 0, 0, 0, 0, 0.173596484, 0.0339403076, -0.289111206, -0.0884566115, 0.996000228, -0.000119724404, -0.438354492, -0.0388183594, 0.897949219, 0.894479091, 0.0794219833, 0.440129841, 0, 0, 0, 0, 0, 0, 0, 0.236408691, 0.0370681152, -0.266153809, -0.103532615, 0.811170114, -0.575491563, 0.461181641, -0.473388672, -0.750366211, -0.88112753, -0.3429919, -0.325119883, 1, 1, 
114.347734, 0.1, 0.1, 0.193642827, 0.0983140529, -0.0199603209, 0.989852647, 0.142097634, 1.35100822e-005, -0.142097634, 0.989852647, -1.16369653e-005, -1.50265758e-005, 9.59913023e-006, 1, 0.989852745, 0.142096952, 1.0218706e-005, -0.142096952, 0.989852745, 1.03640741e-005, -8.64231085e-006, -1.17109542e-005, 1, 0, 0, 0, 0, 0, 0, 0, 0.173596484, 0.0339403076, -0.289111206, -0.0884566115, 0.996000228, -0.000119724404, -0.438354492, -0.0388183594, 0.897949219, 0.894479091, 0.0794219833, 0.440129841, 0, 0, 0, 0, 0, 0, 0, 0.236408691, 0.0370681152, -0.266153809, -0.103532615, 0.811170114, -0.575491563, 0.461181641, -0.473388672, -0.750366211, -0.88112753, -0.3429919, -0.325119883, 1, 1, 
114.348524, 0.1, 0.1, 0.193642828, 0.0983140519, -0.0199616959, 0.989852153, 0.142101075, 1.02500565e-005, -0.142101075, 0.989852153, 8.795827e-006, -8.89614398e-006, -1.01631123e-005, 1, 0.989852252, 0.142100386, -9.35069482e-006, -0.142100386, 0.989852252, 1.94605514e-005, 1.20211582e-005, -1.79343332e-005, 1, 0, 0, 0, 0, 0, 0, 0, 0.173596484, 0.0339403076, -0.289111206, -0.0884566115, 0.996000228, -0.000119724404, -0.438354492, -0.0388183594, 0.897949219, 0.894479091, 0.0794219833, 0.440129841, 0, 0, 0, 0, 0, 0, 0, 0.236408691, 0.0370681152, -0.266153809, -0.103532615, 0.811170114, -0.575491563, 0.461181641, -0.473388672, -0.750366211, -0.88112753, -0.3429919, -0.325119883, 1, 1, 
114.349312, 0.1, 0.1, 0.193642828, 0.0983140525, -0.0199642081, 0.989851653, 0.142104558, -6.75604047e-006, -0.142104558, 0.989851653, 1.51374379e-005, 8.83857674e-006, -1.40237538e-005, 1, 0.989851752, 0.142103869, -1.46796049e-005, -0.142103869, 0.989851752, 1.02004109e-005, 1.59801504e-005, -8.01086594e-006, 1, 0, 0, 0, 0, 0, 0, 0, 0.173596484, 0.0339403076, -0.289111206, -0.0884566115, 0.996000228, -0.000119724404, -0.438354492, -0.0388183594, 0.897949219, 0.894479091, 0.0794219833, 0.440129841, 0, 0, 0, 0, 0, 0, 0, 0.236408691, 0.0370681152, -0.266153809, -0.103532615, 0.811170114, -0.575491563, 0.461181641, -0.473388672, -0.750366211, -0.88112753, -0.3429919, -0.325119883, 1, 1, 
114.350141, 0.1, 0.1, 0.193642827, 0.0983140541, -0.0199665727, 0.989851126, 0.142108224, -1.04734648e-005, -0.142108224, 0.989851127, 6.90477157e-006, 1.13483958e-005, -5.34633043e-006, 1, 0.989851226, 0.142107528, -7.35408296e-006, -0.142107528, 0.989851226, -1.20006599e-005, 5.57406392e-006, 1.29239385e-005, 1, 0, 0, 0, 0, 0, 0, 0, 0.173538135, 0.0341628174, -0.289263159, -0.0896240937, 0.995956044, 0.00133307609, -0.437133789, -0.0404052734, 0.8984375, 0.894911186, 0.079923349, 0.439158188, 0, 0, 0, 0, 0, 0, 0, 0.236087549, 0.0375392578, -0.266288916, -0.105002194, 0.81171952, -0.574315827, 0.4609375, -0.471923828, -0.751342773, -0.881159246, -0.343547869, -0.32462808, 1, 1, 
114.350928, 0.1, 0.1, 0.193642826, 0.0983140548, -0.0199682683, 0.989850632, 0.142111666, -8.85109332e-006, -0.142111666, 0.989850632, -7.30242143e-006, 7.72350105e-006, 8.48615008e-006, 1, 0.98985073, 0.142110989, 7.43846936e-006, -0.142110989, 0.989850729, -1.65299143e-005, -9.71205679e-006, 1.53050595e-005, 1, 0, 0, 0, 0, 0, 0, 0, 0.173538135, 0.0341628174, -0.289263159, -0.0896240937, 0.995956044, 0.00133307609, -0.437133789, -0.0404052734, 0.8984375, 0.894911186, 0.079923349, 0.439158188, 0, 0, 0, 0, 0, 0, 0, 0.236087549, 0.0375392578, -0.266288916, -0.105002194, 0.81171952, -0.574315827, 0.4609375, -0.471923828, -0.751342773, -0.881159246, -0.343547869, -0.32462808, 1, 1, 
114.351719, 0.1, 0.1, 0.193642826, 0.0983140538, -0.0199689577, 0.989850141, 0.14211509, 4.17478362e-006, -0.14211509, 0.989850141, -1.18874374e-005, -5.82179439e-006, 1.11734818e-005, 1, 0.989850238, 0.142114415, 1.14202367e-005, -0.142114415, 0.989850238, -8.10680959e-006, -1.24564185e-005, 6.40154715e-006, 1, 0, 0, 0, 0, 0, 0, 0, 0.173538135, 0.0341628174, -0.289263159, -0.0896240937, 0.995956044, 0.00133307609, -0.437133789, -0.0404052734, 0.8984375, 0.894911186, 0.079923349, 0.439158188, 0, 0, 0, 0, 0, 0, 0, 0.236087549, 0.0375392578, -0.266288916, -0.105002194, 0.81171952, -0.574315827, 0.4609375, -0.471923828, -0.751342773, -0.881159246, -0.343547869, -0.32462808, 1, 1, 
114.352511, 0.1, 0.1, 0.193642826, 0.0983140521, -0.0199684311, 0.989849656, 0.142118467, 1.02981348e-005, -0.142118467, 0.989849656, -7.29195431e-006, -1.12299266e-005, 5.75438332e-006, 1, 0.989849753, 0.142117793, 7.73680787e-006, -0.142117793, 0.989849753, 1.04582949e-005, -6.17196757e-006, -1.14516786e-005, 1, 0, 0, 0, 0, 0, 0, 0, 0.173538135, 0.0341628174, -0.289263159, -0.0896240937, 0.995956044, 0.00133307609, -0.437133789, -0.0404052734, 0.8984375, 0.894911186, 0.079923349, 0.439158188, 0, 0, 0, 0, 0, 0, 0, 0.236087549, 0.0375392578, -0.266288916, -0.105002194, 0.81171952, -0.574315827, 0.4609375, -0.471923828, -0.751342773, -0.881159246, -0.343547869, -0.32462808, 1, 1, 
114.353299, 0.1, 0.1, 0.193642827, 0.0983140507, -0.0199669938, 0.989849178, 0.142121794, 9.45465715e-006, -0.142121794, 0.989849178, 8.82026299e-006, -8.10513301e-006, -1.00744429e-005, 1, 0.989849273, 0.142121137, -7.49746528e-006, -0.142121137, 0.989849272, 1.84617749e-005, 1.0045169e-005, -1.72088262e-005, 1, 0, 0, 0, 0, 0, 0, 0, 0.173538135, 0.0341628174, -0.289263159, -0.0896240937, 0.995956044, 0.00133307609, -0.437133789, -0.0404052734, 0.8984375, 0.894911186, 0.079923349, 0.439158188, 0, 0, 0, 0, 0, 0, 0, 0.236087549, 0.0375392578, -0.266288916, -0.105002194, 0.81171952, -0.574315827, 0.4609375, -0.471923828, -0.751342773, -0.881159246, -0.343547869, -0.32462808, 1, 1, 
114.354088, 0.1, 0.1, 0.193642828, 0.0983140509, -0.0199651615, 0.9898487, 0.142125125, -5.48751061e-006, -0.142125125, 0.9898487, 1.53515514e-005, 7.61364641e-006, -1.44158001e-005, 1, 0.989848794, 0.142124466, -1.37926739e-005, -0.142124466, 0.989848795, 1.13028633e-005, 1.5259075e-005, -9.22784922e-006, 1, 0, 0, 0, 0, 0, 0, 0, 0.173538135, 0.0341628174, -0.289263159, -0.0896240937, 0.995956044, 0.00133307609, -0.437133789, -0.0404052734, 0.8984375, 0.894911186, 0.079923349, 0.439158188, 0, 0, 0, 0, 0, 0, 0, 0.236087549, 0.0375392578, -0.266288916, -0.105002194, 0.81171952, -0.574315827, 0.4609375, -0.471923828, -0.751342773, -0.881159246, -0.343547869, -0.32462808, 1, 1, 
114.354911, 0.1, 0.1, 0.193642827, 0.0983140526, -0.0199632294, 0.989848198, 0.142128619, -1.4445135e-005, -0.142128619, 0.989848198, 9.05329559e-006, 1.55852233e-005, -6.90832123e-006, 1, 0.989848295, 0.142127946, -1.15741362e-005, -0.142127946, 0.989848295, -1.15182723e-005, 9.81957058e-006, 1.30463504e-005, 1, 0, 0, 0, 0, 0, 0, 0, 0.173760034, 0.0341614746, -0.289253027, -0.0896431897, 0.995936948, 0.00151093153, -0.4375, -0.0406494141, 0.89831543, 0.894790618, 0.0798027816, 0.439500794, 0, 0, 0, 0, 0, 0, 0, 0.236064355, 0.0375790527, -0.266457471, -0.105379159, 0.812339288, -0.573440496, 0.4609375, -0.470947266, -0.751953125, -0.881076124, -0.343605472, -0.324781565, 1, 1, 
114.355699, 0.1, 0.1, 0.193642826, 0.0983140536, -0.0199620918, 0.989847713, 0.142131998, -1.18225611e-005, -0.142131998, 0.989847713, -1.00168506e-005, 1.027882e-005, 1.15955209e-005, 1, 0.989847808, 0.142131334, 7.18227202e-006, -0.142131334, 0.989847808, -2.07533583e-005, -1.00590587e-005, 1.95218403e-005, 1, 0, 0, 0, 0, 0, 0, 0, 0.173760034, 0.0341614746, -0.289253027, -0.0896431897, 0.995936948, 0.00151093153, -0.4375, -0.0406494141, 0.89831543, 0.894790618, 0.0798027816, 0.439500794, 0, 0, 0, 0, 0, 0, 0, 0.236064355, 0.0375790527, -0.266457471, -0.105379159, 0.812339288, -0.573440496, 0.4609375, -0.470947266, -0.751953125, -0.881076124, -0.343605472, -0.324781565, 1, 1, 
114.356489, 0.1, 0.1, 0.193642826, 0.0983140529, -0.0199621827, 0.989847219, 0.142135439, 5.94934241e-006, -0.142135439, 0.989847219, -1.65638905e-005, -8.24325588e-006, 1.55501085e-005, 1, 0.989847318, 0.142134751, 1.46473362e-005, -0.142134751, 0.989847318, -1.19308706e-005, -1.61944178e-005, 9.72784481e-006, 1, 0, 0, 0, 0, 0, 0, 0, 0.173760034, 0.0341614746, -0.289253027, -0.0896431897, 0.995936948, 0.00151093153, -0.4375, -0.0406494141, 0.89831543, 0.894790618, 0.0798027816, 0.439500794, 0, 0, 0, 0, 0, 0, 0, 0.236064355, 0.0375790527, -0.266457471, -0.105379159, 0.812339288, -0.573440496, 0.4609375, -0.470947266, -0.751953125, -0.881076124, -0.343605472, -0.324781565, 1, 1, 
114.357307, 0.1, 0.1, 0.193642826, 0.0983140512, -0.0199631892, 0.989846703, 0.142139029, 1.50583244e-005, -0.142139029, 0.989846703, -9.65247132e-006, -1.62774257e-005, 7.4140913e-006, 1, 0.989846804, 0.142138331, 1.19703317e-005, -0.142138332, 0.989846804, 1.06972623e-005, -1.03283036e-005, -1.22900939e-005, 1, 0, 0, 0, 0, 0, 0, 0, 0.173535449, 0.0341587891, -0.289221167, -0.0896622857, 0.995898756, 0.00213286465, -0.4375, -0.0412597656, 0.898193359, 0.894670051, 0.0795616467, 0.439525882, 0, 0, 0, 0, 0, 0, 0, 0.23582793, 0.0378271973, -0.266422803, -0.105647482, 0.812703493, -0.572782449, 0.461303711, -0.470214844, -0.752319336, -0.88085884, -0.343567192, -0.325203372, 1, 1, 
114.358096, 0.1, 0.1, 0.193642827, 0.0983140501, -0.0199646274, 0.989846204, 0.142142505, 1.11063044e-005, -0.142142505, 0.989846204, 9.34151408e-006, -9.66570706e-006, -1.08253402e-005, 1, 0.989846302, 0.142141823, -6.573269e-006, -0.142141823, 0.989846302, 1.90183357e-005, 9.20982692e-006, -1.78908929e-005, 1, 0, 0, 0, 0, 0, 0, 0, 0.173535449, 0.0341587891, -0.289221167, -0.0896622857, 0.995898756, 0.00213286465, -0.4375, -0.0412597656, 0.898193359, 0.894670051, 0.0795616467, 0.439525882, 0, 0, 0, 0, 0, 0, 0, 0.23582793, 0.0378271973, -0.266422803, -0.105647482, 0.812703493, -0.572782449, 0.461303711, -0.470214844, -0.752319336, -0.88085884, -0.343567192, -0.325203372, 1, 1, 
114.358885, 0.1, 0.1, 0.193642827, 0.0983140503, -0.0199662632, 0.989845704, 0.142145987, -5.22911521e-006, -0.142145987, 0.989845704, 1.51194474e-005, 7.32518601e-006, -1.42226223e-005, 1, 0.989845802, 0.142145306, -1.27774764e-005, -0.142145306, 0.989845802, 1.09076357e-005, 1.41982006e-005, -8.98061917e-006, 1, 0, 0, 0, 0, 0, 0, 0, 0.173535449, 0.0341587891, -0.289221167, -0.0896622857, 0.995898756, 0.00213286465, -0.4375, -0.0412597656, 0.898193359, 0.894670051, 0.0795616467, 0.439525882, 0, 0, 0, 0, 0, 0, 0, 0.23582793, 0.0378271973, -0.266422803, -0.105647482, 0.812703493, -0.572782449, 0.461303711, -0.470214844, -0.752319336, -0.88085884, -0.343567192, -0.325203372, 1, 1, 
