time, realDorsalTactorPos, realVentralTactorPos, boxPosX, boxPosY, boxPosZ, boxLocalRot_11, boxLocalRot_12, boxLocalRot_13, boxLocalRot_21, boxLocalRot_22, boxLocalRot_23, boxLocalRot_31, boxLocalRot_32, boxLocalRot_33, boxGlobalRot_11, boxGlobalRot_12, boxGlobalRot_13, boxGlobalRot_21, boxGlobalRot_22, boxGlobalRot_23, boxGlobalRot_31, boxGlobalRot_32, boxGlobalRot_33, indexForceX, indexForceY, indexForceZ, indexForceGlobalX, indexForceGlobalY, indexForceGlobalZ, indexContact, indexPosX, indexPosY, indexPosZ, indexRot_11, indexRot_12, indexRot_13, indexRot_21, indexRot_22, indexRot_23, indexRot_31, indexRot_32, indexRot_33, thumbForceX, thumbForceY, thumbForceZ, thumbForceGlobalX, thumbForceGlobalY, thumbForceGlobalZ, thumbContact, thumbPosX, thumbPosY, thumbPosZ, thumbRot_11, thumbRot_12, thumbRot_13, thumbRot_21, thumbRot_22, thumbRot_23, thumbRot_31, thumbRot_32, thumbRot_33, mapping, trialSuccess, 
182.169334, 0.1, 0.1, -0.0519433813, 0.169887652, -0.0199628472, 0.831811281, -0.555058549, 5.69675538e-006, 0.555058549, 0.831811281, -2.52431046e-006, -3.33748529e-006, 5.26178269e-006, 1, 0.831811208, -0.555058658, -1.78065207e-005, 0.555058658, 0.831811208, 5.11298478e-006, 1.1973657e-005, -1.41367015e-005, 1, 0, 0, 0, 0, 0, 0, 0, 0.0973766846, 0.0297567139, -0.165953564, -0.361666399, 0.708243673, -0.606315704, -0.544555664, 0.36730957, 0.75402832, 0.756689086, 0.602804562, 0.25299273, 0, 0, 0, 0, 0, 0, 0, 0.152458252, 0.0717258789, -0.143076318, -0.269465908, 0.345816822, -0.898618193, 0.543457031, -0.715698242, -0.438476562, -0.794850232, -0.606579502, 0.00485027438, 2, 1, 
182.174531, 0.1, 0.1, -0.0519433261, 0.169887599, -0.0199844325, 0.831812388, -0.555056887, -6.40895712e-005, 0.555056889, 0.831812389, 1.82671708e-005, 4.31711803e-005, -5.0768217e-005, 0.999999998, 0.831812324, -0.555056979, -8.99716133e-005, 0.555056983, 0.831812326, 2.03370932e-005, 6.35512514e-005, -6.68560169e-005, 0.999999996, 0, 0, 0, 0, 0, 0, 0, 0.0982818604, 0.0273566895, -0.165048535, -0.361425264, 0.70488089, -0.610264472, -0.544799805, 0.371459961, 0.751831055, 0.756650894, 0.604202318, 0.249910395, 0, 0, 0, 0, 0, 0, 0, 0.153100635, 0.0693996582, -0.142484473, -0.270545396, 0.33848132, -0.901154133, 0.546020508, -0.716918945, -0.433227539, -0.792754322, -0.609191635, 0.00912521655, 2, 1, 
182.175406, 0.1, 0.1, -0.0519433301, 0.169887591, -0.0199859472, 0.831812668, -0.555056466, 6.81994247e-005, 0.555056467, 0.83181267, -6.06490481e-006, -5.33627809e-005, 4.28993964e-005, 0.999999998, 0.83181262, -0.55505654, 5.88556116e-005, 0.555056541, 0.831812621, -3.07302056e-006, -4.72511404e-005, 3.52243695e-005, 0.999999998, 0, 0, 0, 0, 0, 0, 0, 0.0982818604, 0.0273566895, -0.165048535, -0.361425264, 0.70488089, -0.610264472, -0.544799805, 0.371459961, 0.751831055, 0.756650894, 0.604202318, 0.249910395, 0, 0, 0, 0, 0, 0, 0, 0.153100635, 0.0693996582, -0.142484473, -0.270545396, 0.33848132, -0.901154133, 0.546020508, -0.716918945, -0.433227539, -0.792754322, -0.609191635, 0.00912521655, 2, 1, 
182.176281, 0.1, 0.1, -0.0519433346, 0.169887586, -0.0199786525, 0.831812967, -0.555056022, -2.88117087e-005, 0.555056022, 0.831812967, -2.90010771e-006, 2.55756752e-005, -1.35797652e-005, 1, 0.831812912, -0.555056105, 6.89826106e-006, 0.555056105, 0.831812912, -7.49035519e-006, -1.58049524e-006, 1.00594961e-005, 1, 0, 0, 0, 0, 0, 0, 0, 0.0984854492, 0.0266482666, -0.165089795, -0.361806062, 0.704094206, -0.611020078, -0.544677734, 0.372192383, 0.751464844, 0.756587615, 0.604697692, 0.249041336, 0, 0, 0, 0, 0, 0, 0, 0.153299219, 0.0688201172, -0.142492285, -0.271094801, 0.336724095, -0.901645936, 0.546508789, -0.717163086, -0.432128906, -0.792198353, -0.60999004, 0.0103009531, 2, 1, 
182.177176, 0.1, 0.1, -0.0519433229, 0.169887579, -0.0199658996, 0.83181325, -0.555055598, 1.82637842e-005, 0.555055599, 0.83181325, -1.21545994e-005, -8.44557927e-006, 2.02477725e-005, 1, 0.831813188, -0.555055691, -3.04767843e-005, 0.555055691, 0.831813188, -4.37346046e-006, 2.77785052e-005, -1.32784105e-005, 1, 0, 0, 0, 0, 0, 0, 0, 0.0984854492, 0.0266482666, -0.165089795, -0.361806062, 0.704094206, -0.611020078, -0.544677734, 0.372192383, 0.751464844, 0.756587615, 0.604697692, 0.249041336, 0, 0, 0, 0, 0, 0, 0, 0.153299219, 0.0688201172, -0.142492285, -0.271094801, 0.336724095, -0.901645936, 0.546508789, -0.717163086, -0.432128906, -0.792198353, -0.60999004, 0.0103009531, 2, 1, 
182.177975, 0.1, 0.1, -0.0519433221, 0.169887574, -0.0199546104, 0.831813453, -0.555055292, -4.31998625e-005, 0.555055293, 0.831813454, 1.29563681e-005, 2.87427261e-005, -3.47555937e-005, 0.999999999, 0.831813417, -0.555055347, -2.53001042e-005, 0.555055347, 0.831813418, 6.94419043e-006, 1.71905561e-005, -1.98192289e-005, 1, 0, 0, 0, 0, 0, 0, 0, 0.0984854492, 0.0266482666, -0.165089795, -0.361806062, 0.704094206, -0.611020078, -0.544677734, 0.372192383, 0.751464844, 0.756587615, 0.604697692, 0.249041336, 0, 0, 0, 0, 0, 0, 0, 0.153299219, 0.0688201172, -0.142492285, -0.271094801, 0.336724095, -0.901645936, 0.546508789, -0.717163086, -0.432128906, -0.792198353, -0.60999004, 0.0103009531, 2, 1, 
182.178925, 0.1, 0.1, -0.0519433217, 0.169887573, -0.0199455791, 0.831813838, -0.555054716, 2.48630531e-005, 0.555054717, 0.831813837, -4.84375053e-005, 6.20403419e-006, 5.40913421e-005, 0.999999999, 0.831813732, -0.555054875, 2.33731376e-005, 0.555054876, 0.83181373, -5.57745402e-005, 1.15158337e-005, 5.93674024e-005, 0.999999998, 0, 0, 0, 0, 0, 0, 0, 0.0984854492, 0.0266482666, -0.165089795, -0.361806062, 0.704094206, -0.611020078, -0.544677734, 0.372192383, 0.751464844, 0.756587615, 0.604697692, 0.249041336, 0, 0, 0, 0, 0, 0, 0, 0.153299219, 0.0688201172, -0.142492285, -0.271094801, 0.336724095, -0.901645936, 0.546508789, -0.717163086, -0.432128906, -0.792198353, -0.60999004, 0.0103009531, 2, 1, 
182.179727, 0.1, 0.1, -0.0519433161, 0.169887565, -0.0199440745, 0.831813999, -0.555054474, -5.09867736e-005, 0.555054474, 0.831814, -1.22934726e-005, 4.92350591e-005, -1.80745542e-005, 0.999999999, 0.831814016, -0.555054448, -4.97263063e-005, 0.555054449, 0.831814017, 1.23145034e-005, 3.45278187e-005, -3.78441841e-005, 0.999999999, 0, 0, 0, 0, 0, 0, 0, 0.0984854492, 0.0266482666, -0.165089795, -0.361806062, 0.704094206, -0.611020078, -0.544677734, 0.372192383, 0.751464844, 0.756587615, 0.604697692, 0.249041336, 0, 0, 0, 0, 0, 0, 0, 0.153299219, 0.0688201172, -0.142492285, -0.271094801, 0.336724095, -0.901645936, 0.546508789, -0.717163086, -0.432128906, -0.792198353, -0.60999004, 0.0103009531, 2, 1, 
182.180577, 0.1, 0.1, -0.0519433188, 0.169887559, -0.0199500099, 0.831813517, -0.555055197, 2.39403851e-005, 0.555055195, 0.831813517, 6.03198746e-005, -5.33947958e-005, -3.68866519e-005, 0.999999998, 0.831813705, -0.555054914, 4.81461064e-005, 0.555054914, 0.831813707, 1.62810606e-005, -4.90854739e-005, 1.31809236e-005, 0.999999999, 0, 0, 0, 0, 0, 0, 0, 0.0984854492, 0.0266482666, -0.165089795, -0.361806062, 0.704094206, -0.611020078, -0.544677734, 0.372192383, 0.751464844, 0.756587615, 0.604697692, 0.249041336, 0, 0, 0, 0, 0, 0, 0, 0.153299219, 0.0688201172, -0.142492285, -0.271094801, 0.336724095, -0.901645936, 0.546508789, -0.717163086, -0.432128906, -0.792198353, -0.60999004, 0.0103009531, 2, 1, 
182.181477, 0.1, 0.1, -0.0519433131, 0.169887546, -0.0199593186, 0.831812422, -0.555056838, 2.45391542e-005, 0.555056838, 0.831812422, -2.68780612e-005, -5.4931217e-006, 3.59781305e-005, 0.999999999, 0.831812669, -0.555056468, -1.79669645e-005, 0.555056468, 0.831812669, 3.7531748e-006, 1.28619248e-005, -1.30946182e-005, 1, 0, 0, 0, 0, 0, 0, 0, 0.0986985596, 0.0261583252, -0.16491123, -0.361983917, 0.703206051, -0.611858058, -0.544921875, 0.372802734, 0.750976563, 0.756245009, 0.60533273, 0.248432508, 0, 0, 0, 0, 0, 0, 0, 0.153512695, 0.0682439941, -0.142286865, -0.271388644, 0.334941351, -0.902246381, 0.547119141, -0.717407227, -0.430908203, -0.791738266, -0.610545642, 0.0113425282, 2, 1, 
182.182288, 0.1, 0.1, -0.0519433189, 0.169887553, -0.0199685187, 0.831811505, -0.555058213, 1.34970461e-005, 0.555058213, 0.831811505, -3.00282918e-005, 5.44045172e-006, 3.24695249e-005, 0.999999999, 0.831811667, -0.55505797, 2.65202693e-005, 0.555057971, 0.831811665, -5.4078776e-005, 7.95698624e-006, 5.97036437e-005, 0.999999998, 0, 0, 0, 0, 0, 0, 0, 0.0986985596, 0.0261583252, -0.16491123, -0.361983917, 0.703206051, -0.611858058, -0.544921875, 0.372802734, 0.750976563, 0.756245009, 0.60533273, 0.248432508, 0, 0, 0, 0, 0, 0, 0, 0.153512695, 0.0682439941, -0.142286865, -0.271388644, 0.334941351, -0.902246381, 0.547119141, -0.717407227, -0.430908203, -0.791738266, -0.610545642, 0.0113425282, 2, 1, 
182.183152, 0.1, 0.1, -0.0519433115, 0.16988754, -0.0199755635, 0.831810665, -0.555059471, -3.91086533e-005, 0.555059472, 0.831810665, 2.19848071e-005, 2.03281195e-005, -3.99948255e-005, 0.999999999, 0.831810875, -0.555059156, -3.74146326e-005, 0.555059157, 0.831810875, 3.29592247e-005, 1.28275788e-005, -4.8183176e-005, 0.999999999, 0, 0, 0, 0, 0, 0, 0, 0.0986985596, 0.0261583252, -0.16491123, -0.361983917, 0.703206051, -0.611858058, -0.544921875, 0.372802734, 0.750976563, 0.756245009, 0.60533273, 0.248432508, 0, 0, 0, 0, 0, 0, 0, 0.153512695, 0.0682439941, -0.142286865, -0.271388644, 0.334941351, -0.902246381, 0.547119141, -0.717407227, -0.430908203, -0.791738266, -0.610545642, 0.0113425282, 2, 1, 
182.183969, 0.1, 0.1, -0.0519433116, 0.169887535, -0.0199774745, 0.831809708, -0.555060905, 2.93785634e-005, 0.555060905, 0.831809709, -3.06349435e-006, -2.27369483e-005, 1.88551363e-005, 1, 0.831809892, -0.55506063, 3.03357935e-005, 0.55506063, 0.831809892, -6.19844523e-006, -2.17931002e-005, 2.19941327e-005, 1, 0, 0, 0, 0, 0, 0, 0, 0.0986985596, 0.0261583252, -0.16491123, -0.361983917, 0.703206051, -0.611858058, -0.544921875, 0.372802734, 0.750976563, 0.756245009, 0.60533273, 0.248432508, 0, 0, 0, 0, 0, 0, 0, 0.153512695, 0.0682439941, -0.142286865, -0.271388644, 0.334941351, -0.902246381, 0.547119141, -0.717407227, -0.430908203, -0.791738266, -0.610545642, 0.0113425282, 2, 1, 
182.184771, 0.1, 0.1, -0.0519433085, 0.169887527, -0.0199750104, 0.83180882, -0.555062237, -1.54799873e-006, 0.555062237, 0.83180882, 1.11249638e-005, -4.88740828e-006, -1.01130786e-005, 1, 0.831808997, -0.555061972, -1.60580244e-005, 0.555061972, 0.831808996, 1.32456069e-005, 6.00507648e-006, -1.99310137e-005, 1, 0, 0, 0, 0, 0, 0, 0, 0.0986985596, 0.0261583252, -0.16491123, -0.361983917, 0.703206051, -0.611858058, -0.544921875, 0.372802734, 0.750976563, 0.756245009, 0.60533273, 0.248432508, 0, 0, 0, 0, 0, 0, 0, 0.153512695, 0.0682439941, -0.142286865, -0.271388644, 0.334941351, -0.902246381, 0.547119141, -0.717407227, -0.430908203, -0.791738266, -0.610545642, 0.0113425282, 2, 1, 
182.185639, 0.1, 0.1, -0.0519433082, 0.169887522, -0.0199684423, 0.8318081, -0.555063316, 6.92107826e-006, 0.555063316, 0.8318081, 1.24335061e-005, -1.26583921e-005, -6.50065441e-006, 1, 0.831808239, -0.555063108, 8.30363724e-006, 0.555063107, 0.831808239, 1.0530993e-005, -1.27523996e-005, -4.15072404e-006, 1, 0, 0, 0, 0, 0, 0, 0, 0.0986985596, 0.0261583252, -0.16491123, -0.362123581, 0.702298799, -0.612835702, -0.545166016, 0.373657227, 0.750488281, 0.756143537, 0.605847201, 0.247722208, 0, 0, 0, 0, 0, 0, 0, 0.153512695, 0.0682439941, -0.142286865, -0.271388644, 0.334941351, -0.902246381, 0.547119141, -0.717407227, -0.430908203, -0.791738266, -0.610545642, 0.0113425282, 2, 1, 
182.186447, 0.1, 0.1, -0.0519433065, 0.169887515, -0.0199609871, 0.831807519, -0.555064186, -2.81356427e-006, 0.555064186, 0.831807519, 8.287601e-007, 1.88032886e-006, -2.25107764e-006, 1, 0.831807634, -0.555064015, 1.96240755e-006, 0.555064014, 0.831807634, 1.99354353e-005, -1.26977883e-005, -1.54931854e-005, 1, 0, 0, 0, 0, 0, 0, 0, 0.0989143555, 0.025667041, -0.16451687, -0.362123581, 0.702298799, -0.612835702, -0.545166016, 0.373657227, 0.750488281, 0.756143537, 0.605847201, 0.247722208, 0, 0, 0, 0, 0, 0, 0, 0.153727881, 0.0676644531, -0.142294678, -0.271695246, 0.333184126, -0.902738184, 0.547851563, -0.717651367, -0.42980957, -0.791156778, -0.611344048, 0.0125182647, 2, 1, 
182.187231, 0.1, 0.1, -0.0519433072, 0.169887511, -0.0199556975, 0.831806884, -0.555065137, -1.62635988e-005, 0.555065138, 0.831806884, 2.31934524e-005, 6.54296615e-007, -2.83198301e-005, 1, 0.831806993, -0.555064976, 2.87287254e-006, 0.555064976, 0.831806993, -6.93696863e-006, 1.46079286e-006, 7.36484994e-006, 1, 0, 0, 0, 0, 0, 0, 0, 0.0989143555, 0.025667041, -0.16451687, -0.362123581, 0.702298799, -0.612835702, -0.545166016, 0.373657227, 0.750488281, 0.756143537, 0.605847201, 0.247722208, 0, 0, 0, 0, 0, 0, 0, 0.153727881, 0.0676644531, -0.142294678, -0.271695246, 0.333184126, -0.902738184, 0.547851563, -0.717651367, -0.42980957, -0.791156778, -0.611344048, 0.0125182647, 2, 1, 
182.188171, 0.1, 0.1, -0.0519433045, 0.169887503, -0.0199527489, 0.831806325, -0.555065976, 8.85466807e-006, 0.555065976, 0.831806324, -4.11452562e-005, 1.54729629e-005, 3.91398093e-005, 0.999999999, 0.831806427, -0.555065822, 1.44908357e-005, 0.555065823, 0.831806427, -1.91694182e-005, -1.41328134e-006, 2.39886129e-005, 1, 0, 0, 0, 0, 0, 0, 0, 0.0989143555, 0.025667041, -0.16451687, -0.362123581, 0.702298799, -0.612835702, -0.545166016, 0.373657227, 0.750488281, 0.756143537, 0.605847201, 0.247722208, 0, 0, 0, 0, 0, 0, 0, 0.153727881, 0.0676644531, -0.142294678, -0.271695246, 0.333184126, -0.902738184, 0.547851563, -0.717651367, -0.42980957, -0.791156778, -0.611344048, 0.0125182647, 2, 1, 
182.189182, 0.1, 0.1, -0.0519432956, 0.169887491, -0.0199519413, 0.831805595, -0.555067068, -4.72050798e-005, 0.55506707, 0.831805594, 4.56745296e-005, 1.39130222e-005, -6.41943146e-005, 0.999999998, 0.831805787, -0.555066781, -5.02649706e-005, 0.555066783, 0.831805785, 4.59045686e-005, 1.63305922e-005, -6.60841014e-005, 0.999999998, 0, 0, 0, 0, 0, 0, 0, 0.0989143555, 0.025667041, -0.16451687, -0.362123581, 0.702298799, -0.612835702, -0.545166016, 0.373657227, 0.750488281, 0.756143537, 0.605847201, 0.247722208, 0, 0, 0, 0, 0, 0, 0, 0.153727881, 0.0676644531, -0.142294678, -0.271695246, 0.333184126, -0.902738184, 0.547851563, -0.717651367, -0.42980957, -0.791156778, -0.611344048, 0.0125182647, 2, 1, 
182.190057, 0.1, 0.1, -0.051943295, 0.169887484, -0.0199528727, 0.831805049, -0.555067888, 1.32748189e-005, 0.555067888, 0.831805049, 5.86502048e-006, -1.42975459e-005, 2.48987204e-006, 1, 0.831805128, -0.55506777, 8.59052807e-006, 0.55506777, 0.831805128, -1.74362413e-005, 2.53265026e-006, 1.92718802e-005, 1, 0, 0, 0, 0, 0, 0, 0, 0.0989143555, 0.025667041, -0.16451687, -0.362123581, 0.702298799, -0.612835702, -0.545166016, 0.373657227, 0.750488281, 0.756143537, 0.605847201, 0.247722208, 0, 0, 0, 0, 0, 0, 0, 0.153727881, 0.0676644531, -0.142294678, -0.271695246, 0.333184126, -0.902738184, 0.547851563, -0.717651367, -0.42980957, -0.791156778, -0.611344048, 0.0125182647, 2, 1, 
182.190988, 0.1, 0.1, -0.0519432895, 0.16988747, -0.0199570897, 0.831804377, -0.555068896, 1.66743052e-005, 0.555068896, 0.831804377, -1.70524259e-006, -1.29232329e-005, 1.06738164e-005, 1, 0.831804478, -0.555068744, -2.7060845e-006, 0.555068744, 0.831804478, 2.87481827e-005, -1.37062845e-005, -2.54149301e-005, 1, 0, 0, 0, 0, 0, 0, 0, 0.0991328369, 0.0249681396, -0.164552026, -0.362225052, 0.701715058, -0.61347074, -0.544799805, 0.374511719, 0.750244141, 0.756283201, 0.606063248, 0.246834052, 0, 0, 0, 0, 0, 0, 0, 0.153694922, 0.0671049316, -0.142294189, -0.272366053, 0.331644185, -0.903108586, 0.548217773, -0.717895508, -0.428955078, -0.790613569, -0.61187413, 0.013706761, 2, 1, 
182.191796, 0.1, 0.1, -0.0519432896, 0.169887467, -0.0199623491, 0.831803976, -0.555069496, -1.39746245e-005, 0.555069497, 0.831803976, 1.09957104e-005, 5.52076479e-006, -1.69031634e-005, 1, 0.83180407, -0.555069355, 3.79135292e-006, 0.555069355, 0.83180407, 9.61149778e-006, -8.48871066e-006, -5.89041915e-006, 1, 0, 0, 0, 0, 0, 0, 0, 0.0991328369, 0.0249681396, -0.164552026, -0.362225052, 0.701715058, -0.61347074, -0.544799805, 0.374511719, 0.750244141, 0.756283201, 0.606063248, 0.246834052, 0, 0, 0, 0, 0, 0, 0, 0.153694922, 0.0671049316, -0.142294189, -0.272366053, 0.331644185, -0.903108586, 0.548217773, -0.717895508, -0.428955078, -0.790613569, -0.61187413, 0.013706761, 2, 1, 
182.192573, 0.1, 0.1, -0.0519432894, 0.169887466, -0.0199681173, 0.831803592, -0.555070072, 1.23559917e-005, 0.555070072, 0.831803591, -3.69456812e-005, 1.02296837e-005, 3.75899915e-005, 0.999999999, 0.83180365, -0.555069985, 1.308058e-005, 0.555069985, 0.831803649, -3.61123861e-005, 9.16442747e-006, 3.72990519e-005, 0.999999999, 0, 0, 0, 0, 0, 0, 0, 0.0991328369, 0.0249681396, -0.164552026, -0.362225052, 0.701715058, -0.61347074, -0.544799805, 0.374511719, 0.750244141, 0.756283201, 0.606063248, 0.246834052, 0, 0, 0, 0, 0, 0, 0, 0.153694922, 0.0671049316, -0.142294189, -0.272366053, 0.331644185, -0.903108586, 0.548217773, -0.717895508, -0.428955078, -0.790613569, -0.61187413, 0.013706761, 2, 1, 
182.193379, 0.1, 0.1, -0.0519432858, 0.169887458, -0.0199726764, 0.831803279, -0.555070539, -3.16822861e-005, 0.55507054, 0.831803278, 4.40314014e-005, 1.91289578e-006, -5.42113677e-005, 0.999999999, 0.831803349, -0.555070436, -1.95495942e-005, 0.555070436, 0.831803347, 4.33447332e-005, -7.79796207e-006, -4.6905696e-005, 0.999999999, 0, 0, 0, 0, 0, 0, 0, 0.0991355225, 0.0244789307, -0.164380176, -0.36218686, 0.700871086, -0.6144042, -0.544555664, 0.375854492, 0.749755859, 0.756524336, 0.60619692, 0.245622387, 0, 0, 0, 0, 0, 0, 0, 0.153866895, 0.0665437012, -0.142067041, -0.273266904, 0.330117003, -0.903504507, 0.548461914, -0.718139648, -0.428222656, -0.790217281, -0.612525614, 0.0151380606, 2, 1, 
182.194153, 0.1, 0.1, -0.0519432827, 0.169887451, -0.0199745637, 0.831802985, -0.555070981, 1.35342504e-005, 0.555070981, 0.831802985, -3.10986821e-005, 6.00414608e-006, 3.33804463e-005, 0.999999999, 0.831803037, -0.555070903, 3.40788023e-006, 0.555070902, 0.831803037, -1.43364246e-005, 5.12304704e-006, 1.38166967e-005, 1, 0, 0, 0, 0, 0, 0, 0, 0.0991355225, 0.0244789307, -0.164380176, -0.36218686, 0.700871086, -0.6144042, -0.544555664, 0.375854492, 0.749755859, 0.756524336, 0.60619692, 0.245622387, 0, 0, 0, 0, 0, 0, 0, 0.153866895, 0.0665437012, -0.142067041, -0.273266904, 0.330117003, -0.903504507, 0.548461914, -0.718139648, -0.428222656, -0.790217281, -0.612525614, 0.0151380606, 2, 1, 
182.194929, 0.1, 0.1, -0.0519432834, 0.169887451, -0.0199736483, 0.831802722, -0.555071375, -8.60204086e-006, 0.555071375, 0.831802722, 1.1276768e-005, 8.95789897e-007, -1.41547929e-005, 1, 0.831802756, -0.555071325, -5.2631277e-007, 0.555071325, 0.831802756, -1.64620879e-005, 9.57542133e-006, 1.34010689e-005, 1, 0, 0, 0, 0, 0, 0, 0, 0.0991355225, 0.0244789307, -0.164380176, -0.36218686, 0.700871086, -0.6144042, -0.544555664, 0.375854492, 0.749755859, 0.756524336, 0.60619692, 0.245622387, 0, 0, 0, 0, 0, 0, 0, 0.153866895, 0.0665437012, -0.142067041, -0.273266904, 0.330117003, -0.903504507, 0.548461914, -0.718139648, -0.428222656, -0.790217281, -0.612525614, 0.0151380606, 2, 1, 
182.195715, 0.1, 0.1, -0.0519432812, 0.169887441, -0.0199702781, 0.831802679, -0.555071439, -6.56363956e-006, 0.555071439, 0.831802679, -1.47565081e-005, 1.36505692e-005, 8.63121415e-006, 1, 0.831802684, -0.555071432, -2.15852944e-006, 0.555071432, 0.831802684, 1.92518199e-005, -8.89066466e-006, -1.72118535e-005, 1, 0, 0, 0, 0, 0, 0, 0, 0.0991355225, 0.0244789307, -0.164380176, -0.36218686, 0.700871086, -0.6144042, -0.544555664, 0.375854492, 0.749755859, 0.756524336, 0.60619692, 0.245622387, 0, 0, 0, 0, 0, 0, 0, 0.153866895, 0.0665437012, -0.142067041, -0.273266904, 0.330117003, -0.903504507, 0.548461914, -0.718139648, -0.428222656, -0.790217281, -0.612525614, 0.0151380606, 2, 1, 
182.196517, 0.1, 0.1, -0.0519432801, 0.169887439, -0.0199655383, 0.83180263, -0.555071512, 1.2434601e-005, 0.555071512, 0.83180263, 2.59881066e-005, -2.47683914e-005, -1.47148826e-005, 1, 0.831802642, -0.555071495, 7.89157634e-006, 0.555071495, 0.831802642, 1.13342862e-005, -1.28555733e-005, -5.04750015e-006, 1, 0, 0, 0, 0, 0, 0, 0, 0.0991355225, 0.0244789307, -0.164380176, -0.36218686, 0.700871086, -0.6144042, -0.544555664, 0.375854492, 0.749755859, 0.756524336, 0.60619692, 0.245622387, 0, 0, 0, 0, 0, 0, 0, 0.153866895, 0.0665437012, -0.142067041, -0.273266904, 0.330117003, -0.903504507, 0.548461914, -0.718139648, -0.428222656, -0.790217281, -0.612525614, 0.0151380606, 2, 1, 
182.197601, 0.1, 0.1, -0.0519432725, 0.169887438, -0.0199569255, 0.83180274, -0.555071347, -3.24628509e-005, 0.555071346, 0.831802741, -2.67237892e-005, 4.18362981e-005, 4.20972276e-006, 0.999999999, 0.831802675, -0.555071444, -4.31700879e-005, 0.555071444, 0.831802676, -2.54538686e-005, 5.00377102e-005, -2.78988705e-006, 0.999999999, 0, 0, 0, 0, 0, 0, 0, 0.0991355225, 0.0244789307, -0.164380176, -0.36218686, 0.700871086, -0.6144042, -0.544555664, 0.375854492, 0.749755859, 0.756524336, 0.60619692, 0.245622387, 0, 0, 0, 0, 0, 0, 0, 0.153866895, 0.0665437012, -0.142067041, -0.273266904, 0.330117003, -0.903504507, 0.548461914, -0.718139648, -0.428222656, -0.790217281, -0.612525614, 0.0151380606, 2, 1, 
182.198425, 0.1, 0.1, -0.0519432748, 0.169887432, -0.0199506718, 0.831803024, -0.555070922, 1.699456e-005, 0.555070922, 0.831803025, 6.4162796e-006, -1.76976166e-005, 4.0961053e-006, 1, 0.831802954, -0.555071027, 4.06281555e-005, 0.555071027, 0.831802955, 5.40791585e-006, -3.67963972e-005, 1.80531916e-005, 0.999999999, 0, 0, 0, 0, 0, 0, 0, 0.0993601074, 0.0237664795, -0.16420564, -0.362167764, 0.700027114, -0.615299469, -0.544311523, 0.376953125, 0.749389648, 0.756644903, 0.606330592, 0.244651856, 0, 0, 0, 0, 0, 0, 0, 0.153823926, 0.0662074219, -0.142054834, -0.274046353, 0.328577062, -0.903779026, 0.548706055, -0.718261719, -0.427490234, -0.789808234, -0.613055697, 0.0165821199, 2, 1, 
182.199215, 0.1, 0.1, -0.0519432682, 0.169887427, -0.0199500754, 0.83180333, -0.555070463, 3.54163563e-005, 0.555070464, 0.83180333, -1.71271213e-005, -1.9952684e-005, 3.39049699e-005, 0.999999999, 0.831803279, -0.55507054, -1.79174489e-005, 0.55507054, 0.831803279, -3.22742171e-006, 1.66952395e-005, -7.2608681e-006, 1, 0, 0, 0, 0, 0, 0, 0, 0.0993601074, 0.0237664795, -0.16420564, -0.362167764, 0.700027114, -0.615299469, -0.544311523, 0.376953125, 0.749389648, 0.756644903, 0.606330592, 0.244651856, 0, 0, 0, 0, 0, 0, 0, 0.153823926, 0.0662074219, -0.142054834, -0.274046353, 0.328577062, -0.903779026, 0.548706055, -0.718261719, -0.427490234, -0.789808234, -0.613055697, 0.0165821199, 2, 1, 
182.200417, 0.1, 0.1, -0.0519432715, 0.169887422, -0.0199512968, 0.831803763, -0.555069814, -3.53622231e-005, 0.555069815, 0.831803763, 3.01121276e-005, 1.27000971e-005, -4.46758837e-005, 0.999999999, 0.831803703, -0.555069906, -1.4855789e-005, 0.555069906, 0.831803702, 2.73277622e-005, -2.81171811e-006, -3.09773352e-005, 1, 0, 0, 0, 0, 0, 0, 0, 0.0993601074, 0.0237664795, -0.16420564, -0.362167764, 0.700027114, -0.615299469, -0.544311523, 0.376953125, 0.749389648, 0.756644903, 0.606330592, 0.244651856, 0, 0, 0, 0, 0, 0, 0, 0.153823926, 0.0662074219, -0.142054834, -0.274046353, 0.328577062, -0.903779026, 0.548706055, -0.718261719, -0.427490234, -0.789808234, -0.613055697, 0.0165821199, 2, 1, 
182.201208, 0.1, 0.1, -0.0519432716, 0.169887419, -0.0199544404, 0.83180412, -0.55506928, 2.36801968e-005, 0.55506928, 0.831804119, -3.82137433e-005, 1.51398971e-006, 4.49304989e-005, 0.999999999, 0.831804033, -0.55506941, 2.07361581e-005, 0.55506941, 0.831804032, -3.71308271e-005, 3.36176633e-006, 4.23955788e-005, 0.999999999, 0, 0, 0, 0, 0, 0, 0, 0.0993601074, 0.0237664795, -0.16420564, -0.362167764, 0.700027114, -0.615299469, -0.544311523, 0.376953125, 0.749389648, 0.756644903, 0.606330592, 0.244651856, 0, 0, 0, 0, 0, 0, 0, 0.153823926, 0.0662074219, -0.142054834, -0.274046353, 0.328577062, -0.903779026, 0.548706055, -0.718261719, -0.427490234, -0.789808234, -0.613055697, 0.0165821199, 2, 1, 
182.202418, 0.1, 0.1, -0.0519432666, 0.169887408, -0.0199589956, 0.831804366, -0.555068911, 3.17941118e-006, 0.555068911, 0.831804366, 1.32988652e-005, -1.00264347e-005, -9.29726182e-006, 1, 0.83180435, -0.555068935, -2.49652028e-005, 0.555068935, 0.83180435, 2.12246e-005, 8.98504818e-006, -3.15121231e-005, 0.999999999, 0, 0, 0, 0, 0, 0, 0, 0.0993601074, 0.0237664795, -0.16420564, -0.362167764, 0.700027114, -0.615299469, -0.544311523, 0.376953125, 0.749389648, 0.756644903, 0.606330592, 0.244651856, 0, 0, 0, 0, 0, 0, 0, 0.153823926, 0.0662074219, -0.142054834, -0.274046353, 0.328577062, -0.903779026, 0.548706055, -0.718261719, -0.427490234, -0.789808234, -0.613055697, 0.0165821199, 2, 1, 
182.203265, 0.1, 0.1, -0.0519432705, 0.16988741, -0.019960639, 0.831804631, -0.555068515, 9.81224927e-006, 0.555068515, 0.831804631, 3.01301432e-006, -9.83430376e-006, 2.94023137e-006, 1, 0.831804594, -0.55506857, 2.61443555e-005, 0.55506857, 0.831804593, -2.13594424e-005, -9.89103984e-006, 3.22787923e-005, 0.999999999, 0, 0, 0, 0, 0, 0, 0, 0.0995921387, 0.023283374, -0.164031104, -0.362009005, 0.69930371, -0.616194738, -0.544067383, 0.378173828, 0.748901367, 0.756866942, 0.606445168, 0.243681325, 0, 0, 0, 0, 0, 0, 0, 0.153797559, 0.0656496094, -0.142054346, -0.274582998, 0.327024361, -0.904149428, 0.548950195, -0.71862793, -0.426635742, -0.789373667, -0.613464378, 0.0177706163, 2, 1, 
182.204439, 0.1, 0.1, -0.0519432542, 0.169887378, -0.0199592718, 0.831805074, -0.55506785, -3.72259917e-005, 0.555067851, 0.831805072, 6.18575356e-005, -3.3703606e-006, -7.21163631e-005, 0.999999997, 0.831804992, -0.555067972, -3.85619063e-005, 0.555067973, 0.831804987, 9.20705558e-005, -1.90294307e-005, -9.79892271e-005, 0.999999995, 0, 0, 0, 0, 0, 0, 0, 0.0995921387, 0.023283374, -0.164031104, -0.362009005, 0.69930371, -0.616194738, -0.544067383, 0.378173828, 0.748901367, 0.756866942, 0.606445168, 0.243681325, 0, 0, 0, 0, 0, 0, 0, 0.153797559, 0.0656496094, -0.142054346, -0.274582998, 0.327024361, -0.904149428, 0.548950195, -0.71862793, -0.426635742, -0.789373667, -0.613464378, 0.0177706163, 2, 1, 
182.205307, 0.1, 0.1, -0.0519432556, 0.169887387, -0.0199584499, 0.831805158, -0.555067721, 6.3748447e-005, 0.555067724, 0.831805156, -6.36813354e-005, -1.76788332e-005, 8.83551687e-005, 0.999999996, 0.831805201, -0.555067659, 3.34300597e-005, 0.55506766, 0.831805198, -8.20598309e-005, 1.77414608e-005, 8.68137392e-005, 0.999999996, 0, 0, 0, 0, 0, 0, 0, 0.0995921387, 0.023283374, -0.164031104, -0.361989909, 0.698719969, -0.616912151, -0.543945312, 0.37902832, 0.748535156, 0.756987509, 0.606661215, 0.2430534, 0, 0, 0, 0, 0, 0, 0, 0.153797559, 0.0656496094, -0.142054346, -0.274582998, 0.327024361, -0.904149428, 0.548950195, -0.71862793, -0.426635742, -0.789373667, -0.613464378, 0.0177706163, 2, 1, 
182.206348, 0.1, 0.1, -0.0519432519, 0.169887376, -0.0199563355, 0.831804475, -0.555068742, -8.20901318e-005, 0.555068746, 0.831804475, 4.56198865e-005, 4.2960766e-005, -8.35124923e-005, 0.999999996, 0.831804619, -0.555068528, -6.61452892e-005, 0.555068532, 0.831804618, 4.82599186e-005, 2.8232395e-005, -7.68579918e-005, 0.999999997, 0, 0, 0, 0, 0, 0, 0, 0.0995934814, 0.0228077148, -0.163846436, -0.361989909, 0.698719969, -0.616912151, -0.543945312, 0.37902832, 0.748535156, 0.756987509, 0.606661215, 0.2430534, 0, 0, 0, 0, 0, 0, 0, 0.154019336, 0.0650883789, -0.141852344, -0.274755439, 0.325497179, -0.904724353, 0.549560547, -0.71887207, -0.425537109, -0.78890082, -0.614115862, 0.0185693882, 2, 1, 
182.207138, 0.1, 0.1, -0.05194325, 0.169887374, -0.0199569013, 0.831803841, -0.555069694, 6.33080187e-005, 0.555069697, 0.831803839, -6.48127303e-005, -1.66842706e-005, 8.90518408e-005, 0.999999996, 0.83180392, -0.555069578, 4.42044711e-005, 0.55506958, 0.83180392, -3.38342455e-005, -1.79890919e-005, 5.26800152e-005, 0.999999998, 0, 0, 0, 0, 0, 0, 0, 0.0995934814, 0.0228077148, -0.163846436, -0.361989909, 0.698719969, -0.616912151, -0.543945312, 0.37902832, 0.748535156, 0.756987509, 0.606661215, 0.2430534, 0, 0, 0, 0, 0, 0, 0, 0.154019336, 0.0650883789, -0.141852344, -0.274755439, 0.325497179, -0.904724353, 0.549560547, -0.71887207, -0.425537109, -0.78890082, -0.614115862, 0.0185693882, 2, 1, 
182.208239, 0.1, 0.1, -0.0519432625, 0.169887387, -0.0199576129, 0.831803411, -0.555070343, -6.15007783e-006, 0.555070343, 0.831803411, 5.5515908e-006, 2.03413231e-006, -8.03155798e-006, 1, 0.831803503, -0.555070204, 3.37762198e-005, 0.555070205, 0.831803503, -2.37545675e-005, -1.49097253e-005, 3.85073057e-005, 0.999999999, 0, 0, 0, 0, 0, 0, 0, 0.0995934814, 0.0228077148, -0.163846436, -0.361989909, 0.698719969, -0.616912151, -0.543945312, 0.37902832, 0.748535156, 0.756987509, 0.606661215, 0.2430534, 0, 0, 0, 0, 0, 0, 0, 0.154019336, 0.0650883789, -0.141852344, -0.274755439, 0.325497179, -0.904724353, 0.549560547, -0.71887207, -0.425537109, -0.78890082, -0.614115862, 0.0185693882, 2, 1, 
182.209028, 0.1, 0.1, -0.051943257, 0.169887377, -0.0199591853, 0.83180312, -0.555070779, -5.70621458e-006, 0.555070779, 0.83180312, -9.81441531e-006, 1.01941422e-005, 4.9963083e-006, 1, 0.831803187, -0.555070678, -2.28739507e-005, 0.555070679, 0.831803187, 1.79865661e-005, 9.04280965e-006, -2.76579424e-005, 1, 0, 0, 0, 0, 0, 0, 0, 0.0995934814, 0.0228077148, -0.163846436, -0.361989909, 0.698719969, -0.616912151, -0.543945312, 0.37902832, 0.748535156, 0.756987509, 0.606661215, 0.2430534, 0, 0, 0, 0, 0, 0, 0, 0.154019336, 0.0650883789, -0.141852344, -0.274755439, 0.325497179, -0.904724353, 0.549560547, -0.71887207, -0.425537109, -0.78890082, -0.614115862, 0.0185693882, 2, 1, 
182.209952, 0.1, 0.1, -0.0519432539, 0.169887374, -0.0199623177, 0.831802735, -0.555071355, -1.95632033e-005, 0.555071355, 0.831802735, 2.37302161e-005, 3.10076282e-006, -3.05978325e-005, 1, 0.831802778, -0.55507129, -2.60028501e-005, 0.555071291, 0.831802778, 7.12574775e-006, 1.7673945e-005, -2.03606523e-005, 1, 0, 0, 0, 0, 0, 0, 0, 0.0995934814, 0.0228077148, -0.163846436, -0.361590015, 0.698218603, -0.617731035, -0.543945312, 0.380004883, 0.748046875, 0.757171356, 0.606617032, 0.242565139, 0, 0, 0, 0, 0, 0, 0, 0.154019336, 0.0650883789, -0.141852344, -0.274755439, 0.325497179, -0.904724353, 0.549560547, -0.71887207, -0.425537109, -0.78890082, -0.614115862, 0.0185693882, 2, 1, 
182.210852, 0.1, 0.1, -0.0519432607, 0.169887369, -0.0199635931, 0.831802823, -0.555071223, 1.93531505e-005, 0.555071223, 0.831802822, -4.07234364e-005, 6.50640245e-006, 4.46162463e-005, 0.999999999, 0.831802768, -0.555071305, 4.35517373e-005, 0.555071306, 0.831802768, -2.42027451e-005, -2.27922063e-005, 4.43062301e-005, 0.999999999, 0, 0, 0, 0, 0, 0, 0, 0.0998377197, 0.0223354736, -0.163666528, -0.361590015, 0.698218603, -0.617731035, -0.543945312, 0.380004883, 0.748046875, 0.757171356, 0.606617032, 0.242565139, 0, 0, 0, 0, 0, 0, 0, 0.154031055, 0.0645388672, -0.14164375, -0.274659557, 0.32406588, -0.905165116, 0.550048828, -0.719116211, -0.424438477, -0.788645257, -0.614511783, 0.0192595183, 2, 1, 
182.211875, 0.1, 0.1, -0.0519432544, 0.169887357, -0.0199641952, 0.831803511, -0.555070193, -1.48279152e-005, 0.555070192, 0.831803508, 7.73704256e-005, -3.06121052e-005, -7.25875254e-005, 0.999999997, 0.831803276, -0.555070545, -2.09389939e-005, 0.555070545, 0.831803274, 5.89457228e-005, -1.53019108e-005, -6.06538641e-005, 0.999999998, 0, 0, 0, 0, 0, 0, 0, 0.0998377197, 0.0223354736, -0.163666528, -0.361590015, 0.698218603, -0.617731035, -0.543945312, 0.380004883, 0.748046875, 0.757171356, 0.606617032, 0.242565139, 0, 0, 0, 0, 0, 0, 0, 0.154031055, 0.0645388672, -0.14164375, -0.274659557, 0.32406588, -0.905165116, 0.550048828, -0.719116211, -0.424438477, -0.788645257, -0.614511783, 0.0192595183, 2, 1, 
182.212752, 0.1, 0.1, -0.0519432483, 0.169887352, -0.0199614086, 0.831804275, -0.555069048, -1.70069659e-005, 0.555069046, 0.831804275, -4.92812328e-005, 4.15009539e-005, 3.15522998e-005, 0.999999999, 0.831804157, -0.555069225, -2.12631852e-005, 0.555069224, 0.831804157, -4.49840145e-005, 4.26560479e-005, 2.56153506e-005, 0.999999999, 0, 0, 0, 0, 0, 0, 0, 0.0998377197, 0.0223354736, -0.163666528, -0.361590015, 0.698218603, -0.617731035, -0.543945312, 0.380004883, 0.748046875, 0.757171356, 0.606617032, 0.242565139, 0, 0, 0, 0, 0, 0, 0, 0.154031055, 0.0645388672, -0.14164375, -0.274659557, 0.32406588, -0.905165116, 0.550048828, -0.719116211, -0.424438477, -0.788645257, -0.614511783, 0.0192595183, 2, 1, 
182.213669, 0.1, 0.1, -0.0519432442, 0.169887343, -0.0199599129, 0.831804682, -0.555068438, -3.01014763e-005, 0.555068439, 0.831804681, 4.31352871e-005, 1.09551247e-006, -5.25885132e-005, 0.999999999, 0.831804621, -0.555068529, -1.2441861e-005, 0.555068529, 0.83180462, 5.19108806e-005, -1.84648987e-005, -5.00857959e-005, 0.999999999, 0, 0, 0, 0, 0, 0, 0, 0.0998377197, 0.0223354736, -0.163666528, -0.361590015, 0.698218603, -0.617731035, -0.543945312, 0.380004883, 0.748046875, 0.757171356, 0.606617032, 0.242565139, 0, 0, 0, 0, 0, 0, 0, 0.154031055, 0.0645388672, -0.14164375, -0.274659557, 0.32406588, -0.905165116, 0.550048828, -0.719116211, -0.424438477, -0.788645257, -0.614511783, 0.0192595183, 2, 1, 
182.214643, 0.1, 0.1, -0.0519432421, 0.169887338, -0.0199561842, 0.831804809, -0.555068248, 2.69453838e-006, 0.555068248, 0.831804809, 1.35142395e-005, -9.7426552e-006, -9.74555666e-006, 1, 0.83180481, -0.555068247, 1.45162057e-005, 0.555068247, 0.83180481, -6.20873948e-006, -8.62837557e-006, 1.32219442e-005, 1, 0, 0, 0, 0, 0, 0, 0, 0.0998377197, 0.0223354736, -0.163666528, -0.361590015, 0.698218603, -0.617731035, -0.543945312, 0.380004883, 0.748046875, 0.757171356, 0.606617032, 0.242565139, 0, 0, 0, 0, 0, 0, 0, 0.154031055, 0.0645388672, -0.14164375, -0.274659557, 0.32406588, -0.905165116, 0.550048828, -0.719116211, -0.424438477, -0.788645257, -0.614511783, 0.0192595183, 2, 1, 
182.215587, 0.1, 0.1, -0.0519432408, 0.169887335, -0.0199551665, 0.831804704, -0.555068405, -3.85481264e-006, 0.555068405, 0.831804704, -9.5451419e-006, 8.50465797e-006, 5.80000924e-006, 1, 0.831804718, -0.555068383, 1.64942398e-005, 0.555068383, 0.831804719, -2.11955974e-006, -1.25434859e-005, 1.09184908e-005, 1, 0, 0, 0, 0, 0, 0, 0, 0.099841748, 0.0216460938, -0.163470996, -0.361532727, 0.697837805, -0.61822641, -0.543579102, 0.380859375, 0.747924805, 0.757533058, 0.606553753, 0.241778455, 0, 0, 0, 0, 0, 0, 0, 0.153996387, 0.0639993652, -0.141634961, -0.275317605, 0.322743222, -0.905414116, 0.550170898, -0.719482422, -0.423706055, -0.78822345, -0.614773542, 0.0204607745, 2, 1, 
182.21659, 0.1, 0.1, -0.0519432357, 0.169887325, -0.0199526335, 0.831804937, -0.555068057, -1.1785218e-005, 0.555068056, 0.831804936, -3.44811394e-005, 2.89423816e-005, 2.2139984e-005, 0.999999999, 0.831804862, -0.555068169, 5.87332564e-006, 0.555068169, 0.831804862, -4.96245396e-006, -2.13096059e-006, 7.38788944e-006, 1, 0, 0, 0, 0, 0, 0, 0, 0.099841748, 0.0216460938, -0.163470996, -0.361532727, 0.697837805, -0.61822641, -0.543579102, 0.380859375, 0.747924805, 0.757533058, 0.606553753, 0.241778455, 0, 0, 0, 0, 0, 0, 0, 0.153996387, 0.0639993652, -0.141634961, -0.275317605, 0.322743222, -0.905414116, 0.550170898, -0.719482422, -0.423706055, -0.78822345, -0.614773542, 0.0204607745, 2, 1, 
182.21751, 0.1, 0.1, -0.0519432363, 0.169887323, -0.019954961, 0.8318055, -0.555067209, 5.34588874e-005, 0.555067209, 0.831805502, 1.92069897e-005, -5.51285668e-005, 1.36967957e-005, 0.999999998, 0.831805372, -0.555067403, 3.36445325e-005, 0.555067403, 0.831805373, 4.29864645e-006, -3.03717414e-005, 1.50993461e-005, 0.999999999, 0, 0, 0, 0, 0, 0, 0, 0.099841748, 0.0216460938, -0.163470996, -0.361532727, 0.697837805, -0.61822641, -0.543579102, 0.380859375, 0.747924805, 0.757533058, 0.606553753, 0.241778455, 0, 0, 0, 0, 0, 0, 0, 0.153996387, 0.0639993652, -0.141634961, -0.275317605, 0.322743222, -0.905414116, 0.550170898, -0.719482422, -0.423706055, -0.78822345, -0.614773542, 0.0204607745, 2, 1, 
182.218489, 0.1, 0.1, -0.0519432349, 0.169887316, -0.0199570793, 0.831805941, -0.555066548, -6.58845635e-005, 0.555066548, 0.831805943, -2.69980973e-005, 6.97889121e-005, -1.41131395e-005, 0.999999997, 0.831805842, -0.555066699, -3.46238566e-005, 0.555066698, 0.831805843, -2.45234602e-005, 4.24124823e-005, 1.18020765e-006, 0.999999999, 0, 0, 0, 0, 0, 0, 0, 0.099841748, 0.0216460938, -0.163470996, -0.361532727, 0.697837805, -0.61822641, -0.543579102, 0.380859375, 0.747924805, 0.757533058, 0.606553753, 0.241778455, 0, 0, 0, 0, 0, 0, 0, 0.153996387, 0.0639993652, -0.141634961, -0.275317605, 0.322743222, -0.905414116, 0.550170898, -0.719482422, -0.423706055, -0.78822345, -0.614773542, 0.0204607745, 2, 1, 
182.219301, 0.1, 0.1, -0.0519432295, 0.169887321, -0.0199613367, 0.831806261, -0.555066069, 5.18300243e-005, 0.55506607, 0.831806262, -6.44433731e-006, -3.95355058e-005, 3.4129528e-005, 0.999999999, 0.831806245, -0.555066096, 9.54337735e-006, 0.555066096, 0.831806244, -3.91691198e-005, 1.38032095e-005, 3.78783237e-005, 0.999999999, 0, 0, 0, 0, 0, 0, 0, 0.099841748, 0.0216460938, -0.163470996, -0.361532727, 0.697837805, -0.61822641, -0.543579102, 0.380859375, 0.747924805, 0.757533058, 0.606553753, 0.241778455, 0, 0, 0, 0, 0, 0, 0, 0.153996387, 0.0639993652, -0.141634961, -0.275317605, 0.322743222, -0.905414116, 0.550170898, -0.719482422, -0.423706055, -0.78822345, -0.614773542, 0.0204607745, 2, 1, 
182.220373, 0.1, 0.1, -0.0519432475, 0.169887291, -0.01996349, 0.831805741, -0.555066851, 3.01028087e-005, 0.555066848, 0.83180574, 7.46346245e-005, -6.64668951e-005, -4.5372438e-005, 0.999999997, 0.831805845, -0.555066693, 4.92456627e-005, 0.555066687, 0.831805844, 0.000102851941, -9.80525169e-005, -5.8218219e-005, 0.999999993, 0, 0, 0, 0, 0, 0, 0, 0.100081226, 0.0211664063, -0.163518359, -0.361234304, 0.697196776, -0.619102582, -0.543334961, 0.382202148, 0.747436523, 0.757856569, 0.606408098, 0.240928492, 0, 0, 0, 0, 0, 0, 0, 0.154204736, 0.0634515625, -0.141644482, -0.275573168, 0.321299163, -0.905893159, 0.550292969, -0.719848633, -0.422729492, -0.788127568, -0.615048062, 0.0215151094, 2, 1, 
182.22117, 0.1, 0.1, -0.0519432387, 0.169887301, -0.0199648776, 0.831805184, -0.555067682, -6.19007411e-005, 0.555067675, 0.831805185, -0.000103549915, 0.000108966569, 5.17742558e-005, 0.999999993, 0.831805277, -0.555067544, -5.42000359e-005, 0.555067537, 0.831805277, -0.00010011802, 0.000100656139, 5.31940167e-005, 0.999999994, 0, 0, 0, 0, 0, 0, 0, 0.100081226, 0.0211664063, -0.163518359, -0.361234304, 0.697196776, -0.619102582, -0.543334961, 0.382202148, 0.747436523, 0.757856569, 0.606408098, 0.240928492, 0, 0, 0, 0, 0, 0, 0, 0.154204736, 0.0634515625, -0.141644482, -0.275573168, 0.321299163, -0.905893159, 0.550292969, -0.719848633, -0.422729492, -0.788127568, -0.615048062, 0.0215151094, 2, 1, 
182.222221, 0.1, 0.1, -0.051943231, 0.16988729, -0.0199642659, 0.831804953, -0.555068031, 3.1443327e-005, 0.555068025, 0.83180495, 0.000112713026, -8.87181122e-005, -7.63020675e-005, 0.999999993, 0.831804927, -0.555068072, 6.35967406e-006, 0.555068069, 0.831804924, 8.9690837e-005, -5.50745281e-005, -7.10752281e-005, 0.999999996, 0, 0, 0, 0, 0, 0, 0, 0.100088672, 0.0206955078, -0.163333691, -0.36109464, 0.696714506, -0.619819995, -0.543212891, 0.383056641, 0.747070313, 0.75795804, 0.606484482, 0.240300568, 0, 0, 0, 0, 0, 0, 0, 0.154204736, 0.0634515625, -0.141644482, -0.27587977, 0.320014784, -0.906346683, 0.55090332, -0.719970703, -0.421875, -0.787546079, -0.615674026, 0.0223266411, 2, 1, 
