time, realDorsalTactorPos, realVentralTactorPos, boxPosX, boxPosY, boxPosZ, boxLocalRot_11, boxLocalRot_12, boxLocalRot_13, boxLocalRot_21, boxLocalRot_22, boxLocalRot_23, boxLocalRot_31, boxLocalRot_32, boxLocalRot_33, boxGlobalRot_11, boxGlobalRot_12, boxGlobalRot_13, boxGlobalRot_21, boxGlobalRot_22, boxGlobalRot_23, boxGlobalRot_31, boxGlobalRot_32, boxGlobalRot_33, indexForceX, indexForceY, indexForceZ, indexForceGlobalX, indexForceGlobalY, indexForceGlobalZ, indexContact, indexPosX, indexPosY, indexPosZ, indexRot_11, indexRot_12, indexRot_13, indexRot_21, indexRot_22, indexRot_23, indexRot_31, indexRot_32, indexRot_33, thumbForceX, thumbForceY, thumbForceZ, thumbForceGlobalX, thumbForceGlobalY, thumbForceGlobalZ, thumbContact, thumbPosX, thumbPosY, thumbPosZ, thumbRot_11, thumbRot_12, thumbRot_13, thumbRot_21, thumbRot_22, thumbRot_23, thumbRot_31, thumbRot_32, thumbRot_33, mapping, trialSuccess, 
219.826228, 0.1, 0.1, 0.199415773, 0.0902527894, -0.0199597493, 0.829400373, -1.50627408e-005, -0.558654652, 0.558654652, -2.82066322e-005, 0.829400373, -2.82508091e-005, -0.999999999, -1.49797211e-005, 0.829400334, 8.50895416e-006, -0.558654711, 0.558654711, -4.06698529e-006, 0.829400334, 4.78528893e-006, -1, -8.12672629e-006, 0, 0, 0, 0, 0, 0, 0, 0.160020996, 0.0330486816, -0.271886719, -0.356989382, 0.862891676, -0.357613662, -0.48815918, 0.154052734, 0.859008789, 0.796362882, 0.481291056, 0.366361827, 0, 0, 0, 0, 0, 0, 0, 0.209212012, 0.059501416, -0.244834521, -0.353631357, 0.476837092, -0.804692142, 0.667602539, -0.473754883, -0.57421875, -0.655054955, -0.740222711, -0.150734873, 3, 1, 
219.875555, 0.1, 0.1, 0.199430054, 0.0902327318, -0.0199666256, 0.829406444, -4.91526185e-005, -0.558645638, 0.558645639, 1.12567576e-005, 0.829406445, -3.447896e-005, -0.999999999, 3.67953233e-005, 0.829406455, -2.35392704e-005, -0.558645623, 0.558645623, 6.20319677e-006, 0.829406455, -1.60582341e-005, -1, 1.82950818e-005, 0, 0, 0, 0, 0, 0, 0, 0.159065771, 0.032012793, -0.268937183, -0.358516323, 0.864641778, -0.351873975, -0.478515625, 0.153442383, 0.864501953, 0.801548403, 0.478294845, 0.358902377, 0, 0, 0, 0, 0, 0, 0, 0.208079395, 0.0582470215, -0.242552393, -0.360627807, 0.475118146, -0.802512377, 0.663818359, -0.473632813, -0.578613281, -0.655053855, -0.741385321, -0.14461412, 3, 1, 
219.876369, 0.1, 0.1, 0.199430205, 0.0902325174, -0.0199657058, 0.829406407, 4.82490673e-005, -0.558645692, 0.558645693, -1.12891263e-005, 0.829406408, 3.37114639e-005, -0.999999999, -3.63174073e-005, 0.829406414, 2.3864651e-005, -0.558645683, 0.558645683, -6.48871483e-006, 0.829406415, 1.61686021e-005, -1, -1.87136659e-005, 0, 0, 0, 0, 0, 0, 0, 0.159041357, 0.0322326172, -0.268699658, -0.358998592, 0.864559403, -0.35156956, -0.478149414, 0.153076172, 0.864868164, 0.801624787, 0.478555076, 0.358483387, 0, 0, 0, 0, 0, 0, 0, 0.207740186, 0.0582035645, -0.242487207, -0.362512631, 0.474709099, -0.801898806, 0.663330078, -0.472900391, -0.579833984, -0.654638245, -0.74216477, -0.143444947, 3, 1, 
219.877165, 0.1, 0.1, 0.199430355, 0.0902323098, -0.0199646439, 0.829406345, -5.37173362e-005, -0.558645784, 0.558645785, 1.18931565e-005, 0.829406346, -3.79094378e-005, -0.999999998, 3.98732229e-005, 0.829406359, -2.84015958e-005, -0.558645766, 0.558645766, 6.9643873e-006, 0.829406359, -1.96658387e-005, -1, 2.16427384e-005, 0, 0, 0, 0, 0, 0, 0, 0.159041357, 0.0322326172, -0.268699658, -0.358998592, 0.864559403, -0.35156956, -0.478149414, 0.153076172, 0.864868164, 0.801624787, 0.478555076, 0.358483387, 0, 0, 0, 0, 0, 0, 0, 0.207740186, 0.0582035645, -0.242487207, -0.362512631, 0.474709099, -0.801898806, 0.663330078, -0.472900391, -0.579833984, -0.654638245, -0.74216477, -0.143444947, 3, 1, 
219.877953, 0.1, 0.1, 0.199430497, 0.0902321069, -0.0199639569, 0.829406293, 4.97813534e-005, -0.558645862, 0.558645863, -1.22518132e-005, 0.829406293, 3.4444543e-005, -0.999999999, -3.79718781e-005, 0.829406303, 2.409389e-005, -0.558645848, 0.558645848, -7.14797104e-006, 0.829406304, 1.59904399e-005, -1, -1.93885239e-005, 0, 0, 0, 0, 0, 0, 0, 0.159041357, 0.0322326172, -0.268699658, -0.358998592, 0.864559403, -0.35156956, -0.478149414, 0.153076172, 0.864868164, 0.801624787, 0.478555076, 0.358483387, 0, 0, 0, 0, 0, 0, 0, 0.207740186, 0.0582035645, -0.242487207, -0.362512631, 0.474709099, -0.801898806, 0.663330078, -0.472900391, -0.579833984, -0.654638245, -0.74216477, -0.143444947, 3, 1, 
219.878774, 0.1, 0.1, 0.199430648, 0.0902318979, -0.0199634569, 0.829406208, -5.51391616e-005, -0.558645988, 0.558645989, 1.53647239e-005, 0.829406208, -3.71493216e-005, -0.999999998, 4.35468689e-005, 0.829406225, -2.98462414e-005, -0.558645964, 0.558645964, 9.36039607e-006, 0.829406225, -1.95255109e-005, -1, 2.4437053e-005, 0, 0, 0, 0, 0, 0, 0, 0.158787598, 0.0322400635, -0.268422827, -0.35960143, 0.864699066, -0.350503549, -0.477416992, 0.15222168, 0.865356445, 0.801720267, 0.478656547, 0.358190956, 0, 0, 0, 0, 0, 0, 0, 0.207416113, 0.0583899414, -0.242205615, -0.364327091, 0.474434213, -0.801234195, 0.663208008, -0.471801758, -0.580932617, -0.653724268, -0.743052861, -0.14276138, 3, 1, 
219.879566, 0.1, 0.1, 0.199430788, 0.0902316994, -0.0199637201, 0.829406139, 5.31553342e-005, -0.55864609, 0.558646092, -1.18863352e-005, 0.829406139, 3.74471058e-005, -0.999999999, -3.9553619e-005, 0.829406153, 2.46233983e-005, -0.558646071, 0.558646071, -4.09888313e-006, 0.829406153, 1.81329731e-005, -1, -1.71554036e-005, 0, 0, 0, 0, 0, 0, 0, 0.158787598, 0.0322400635, -0.268422827, -0.35960143, 0.864699066, -0.350503549, -0.477416992, 0.15222168, 0.865356445, 0.801720267, 0.478656547, 0.358190956, 0, 0, 0, 0, 0, 0, 0, 0.207416113, 0.0583899414, -0.242205615, -0.364327091, 0.474434213, -0.801234195, 0.663208008, -0.471801758, -0.580932617, -0.653724268, -0.743052861, -0.14276138, 3, 1, 
219.880346, 0.1, 0.1, 0.19943093, 0.0902315041, -0.0199645107, 0.829406067, -4.67197531e-005, -0.558646197, 0.558646198, 8.7106342e-006, 0.829406068, -3.3883484e-005, -0.999999999, 3.33244653e-005, 0.829406081, -2.15535905e-005, -0.558646177, 0.558646178, 2.66809054e-006, 0.829406082, -1.63861605e-005, -1, 1.42537615e-005, 0, 0, 0, 0, 0, 0, 0, 0.158787598, 0.0322400635, -0.268422827, -0.35960143, 0.864699066, -0.350503549, -0.477416992, 0.15222168, 0.865356445, 0.801720267, 0.478656547, 0.358190956, 0, 0, 0, 0, 0, 0, 0, 0.207416113, 0.0583899414, -0.242205615, -0.364327091, 0.474434213, -0.801234195, 0.663208008, -0.471801758, -0.580932617, -0.653724268, -0.743052861, -0.14276138, 3, 1, 
219.881136, 0.1, 0.1, 0.199431067, 0.0902313103, -0.0199655527, 0.829406031, 5.19256299e-005, -0.558646251, 0.558646252, -8.27300729e-006, 0.829406032, 3.84457461e-005, -0.999999999, -3.58697406e-005, 0.829406037, 2.73123349e-005, -0.558646243, 0.558646243, -2.95169717e-006, 0.829406037, 2.1004061e-005, -1, -1.77060888e-005, 0, 0, 0, 0, 0, 0, 0, 0.158787598, 0.0322400635, -0.268422827, -0.35960143, 0.864699066, -0.350503549, -0.477416992, 0.15222168, 0.865356445, 0.801720267, 0.478656547, 0.358190956, 0, 0, 0, 0, 0, 0, 0, 0.207416113, 0.0583899414, -0.242205615, -0.364327091, 0.474434213, -0.801234195, 0.663208008, -0.471801758, -0.580932617, -0.653724268, -0.743052861, -0.14276138, 3, 1, 
219.88193, 0.1, 0.1, 0.199431208, 0.090231116, -0.0199665131, 0.829406003, -4.66327018e-005, -0.558646293, 0.558646293, 5.01244451e-006, 0.829406004, -3.58772593e-005, -0.999999999, 3.02085376e-005, 0.829406008, -2.23968778e-005, -0.558646286, 0.558646286, 7.25858184e-007, 0.829406009, -1.8170607e-005, -1, 1.31139637e-005, 0, 0, 0, 0, 0, 0, 0, 0.158787598, 0.0322400635, -0.268422827, -0.35960143, 0.864699066, -0.350503549, -0.477416992, 0.15222168, 0.865356445, 0.801720267, 0.478656547, 0.358190956, 0, 0, 0, 0, 0, 0, 0, 0.207416113, 0.0583899414, -0.242205615, -0.364327091, 0.474434213, -0.801234195, 0.663208008, -0.471801758, -0.580932617, -0.653724268, -0.743052861, -0.14276138, 3, 1, 
219.882726, 0.1, 0.1, 0.199431343, 0.0902309246, -0.0199670568, 0.829406009, 5.22482665e-005, -0.558646283, 0.558646284, -8.09268255e-006, 0.82940601, 3.88140793e-005, -0.999999999, -3.59004195e-005, 0.829406007, 2.87572139e-005, -0.558646287, 0.558646287, -4.78010095e-006, 0.829406008, 2.11810204e-005, -1, -2.00297552e-005, 0, 0, 0, 0, 0, 0, 0, 0.158787598, 0.0322400635, -0.268422827, -0.35960143, 0.864699066, -0.350503549, -0.477416992, 0.15222168, 0.865356445, 0.801720267, 0.478656547, 0.358190956, 0, 0, 0, 0, 0, 0, 0, 0.207416113, 0.0583899414, -0.242205615, -0.364327091, 0.474434213, -0.801234195, 0.663208008, -0.471801758, -0.580932617, -0.653724268, -0.743052861, -0.14276138, 3, 1, 
219.883581, 0.1, 0.1, 0.19943149, 0.0902307212, -0.0199664619, 0.829406007, -5.28900616e-005, -0.558646286, 0.558646287, 8.72511637e-006, 0.829406008, -3.8993081e-005, -0.999999999, 3.67835004e-005, 0.829406008, -2.20651952e-005, -0.558646286, 0.558646286, 3.94841876e-006, 0.829406009, -1.6095236e-005, -1, 1.56014816e-005, 0, 0, 0, 0, 0, 0, 0, 0.158533838, 0.032246167, -0.2681521, -0.360204267, 0.864819633, -0.349558106, -0.47668457, 0.151367187, 0.865844727, 0.801815747, 0.478637451, 0.35791762, 0, 0, 0, 0, 0, 0, 0, 0.207101807, 0.0586063477, -0.242148975, -0.36584771, 0.474485252, -0.800556825, 0.662841797, -0.470947266, -0.58203125, -0.653270378, -0.743538467, -0.142199215, 3, 1, 
219.884362, 0.1, 0.1, 0.199431619, 0.0902305378, -0.019965212, 0.829406029, 4.85955792e-005, -0.558646254, 0.558646255, -7.6490211e-006, 0.82940603, 3.60323694e-005, -0.999999999, -3.34918825e-005, 0.829406024, 2.36582431e-005, -0.558646262, 0.558646262, -3.35979541e-006, 0.829406025, 1.77453522e-005, -1, -1.60032236e-005, 0, 0, 0, 0, 0, 0, 0, 0.158533838, 0.032246167, -0.2681521, -0.360204267, 0.864819633, -0.349558106, -0.47668457, 0.151367187, 0.865844727, 0.801815747, 0.478637451, 0.35791762, 0, 0, 0, 0, 0, 0, 0, 0.207101807, 0.0586063477, -0.242148975, -0.36584771, 0.474485252, -0.800556825, 0.662841797, -0.470947266, -0.58203125, -0.653270378, -0.743538467, -0.142199215, 3, 1, 
219.885162, 0.1, 0.1, 0.199431753, 0.0902303514, -0.0199639954, 0.829406045, -5.47785772e-005, -0.558646229, 0.55864623, 7.82535617e-006, 0.829406046, -4.10620774e-005, -0.999999998, 3.70922433e-005, 0.829406043, -2.94336053e-005, -0.558646235, 0.558646235, 3.61954273e-006, 0.829406043, -2.23903662e-005, -1, 1.94450434e-005, 0, 0, 0, 0, 0, 0, 0, 0.158533838, 0.032246167, -0.2681521, -0.360204267, 0.864819633, -0.349558106, -0.47668457, 0.151367187, 0.865844727, 0.801815747, 0.478637451, 0.35791762, 0, 0, 0, 0, 0, 0, 0, 0.207101807, 0.0586063477, -0.242148975, -0.36584771, 0.474485252, -0.800556825, 0.662841797, -0.470947266, -0.58203125, -0.653270378, -0.743538467, -0.142199215, 3, 1, 
219.885965, 0.1, 0.1, 0.199431883, 0.0902301673, -0.019963226, 0.829406089, 5.57783141e-005, -0.558646164, 0.558646165, -7.96520965e-006, 0.82940609, 4.18131396e-005, -0.999999998, -3.77667346e-005, 0.82940608, 2.90508899e-005, -0.558646179, 0.558646179, -3.98012929e-006, 0.829406081, 2.18715008e-005, -1, -1.95303121e-005, 0, 0, 0, 0, 0, 0, 0, 0.158533838, 0.032246167, -0.2681521, -0.360204267, 0.864819633, -0.349558106, -0.47668457, 0.151367187, 0.865844727, 0.801815747, 0.478637451, 0.35791762, 0, 0, 0, 0, 0, 0, 0, 0.207101807, 0.0586063477, -0.242148975, -0.36584771, 0.474485252, -0.800556825, 0.662841797, -0.470947266, -0.58203125, -0.653270378, -0.743538467, -0.142199215, 3, 1, 
219.886765, 0.1, 0.1, 0.199432015, 0.0902299853, -0.0199631911, 0.829406123, -5.436804e-005, -0.558646114, 0.558646115, 9.16092624e-006, 0.829406123, -3.99754695e-005, -0.999999998, 3.79706227e-005, 0.829406117, -2.76378809e-005, -0.558646124, 0.558646125, 5.03614831e-006, 0.829406117, -2.01096027e-005, -1, 1.96168073e-005, 0, 0, 0, 0, 0, 0, 0, 0.158533838, 0.032246167, -0.2681521, -0.360204267, 0.864819633, -0.349558106, -0.47668457, 0.151367187, 0.865844727, 0.801815747, 0.478637451, 0.35791762, 0, 0, 0, 0, 0, 0, 0, 0.207101807, 0.0586063477, -0.242148975, -0.36584771, 0.474485252, -0.800556825, 0.662841797, -0.470947266, -0.58203125, -0.653270378, -0.743538467, -0.142199215, 3, 1, 
219.887559, 0.1, 0.1, 0.19943214, 0.0902298074, -0.0199638486, 0.829406174, 5.35098674e-005, -0.558646038, 0.558646039, -8.64820584e-006, 0.829406175, 3.95501286e-005, -0.999999999, -3.70659508e-005, 0.829406164, 2.50110993e-005, -0.558646055, 0.558646056, -3.66420493e-006, 0.829406164, 1.86973663e-005, -1, -1.70114661e-005, 0, 0, 0, 0, 0, 0, 0, 0.158533838, 0.032246167, -0.2681521, -0.360204267, 0.864819633, -0.349558106, -0.47668457, 0.151367187, 0.865844727, 0.801815747, 0.478637451, 0.35791762, 0, 0, 0, 0, 0, 0, 0, 0.207101807, 0.0586063477, -0.242148975, -0.36584771, 0.474485252, -0.800556825, 0.662841797, -0.470947266, -0.58203125, -0.653270378, -0.743538467, -0.142199215, 3, 1, 
219.888371, 0.1, 0.1, 0.199432272, 0.0902296262, -0.0199646048, 0.829406219, -4.82469051e-005, -0.558645971, 0.558645972, 5.52931244e-006, 0.82940622, -3.69273551e-005, -0.999999999, 3.15389853e-005, 0.829406212, -2.27362688e-005, -0.558645984, 0.558645984, 1.50823636e-006, 0.829406212, -1.80150324e-005, -1, 1.39524659e-005, 0, 0, 0, 0, 0, 0, 0, 0.15851687, 0.0322509277, -0.267893579, -0.360546873, 0.864921105, -0.348853798, -0.476196289, 0.150878906, 0.866210938, 0.801993603, 0.478497788, 0.357682477, 0, 0, 0, 0, 0, 0, 0, 0.207098633, 0.0583879883, -0.241922559, -0.366007391, 0.474632174, -0.800397144, 0.663085938, -0.470458984, -0.58215332, -0.652918933, -0.743768511, -0.14255066, 3, 1, 
219.889162, 0.1, 0.1, 0.199432394, 0.0902294525, -0.019965521, 0.829406281, 5.14774247e-005, -0.558645879, 0.55864588, -8.99413115e-006, 0.829406282, 3.76711651e-005, -0.999999999, -3.62174401e-005, 0.82940627, 2.62629949e-005, -0.558645898, 0.558645898, -5.83885346e-006, 0.82940627, 1.85208411e-005, -1, -1.9514496e-005, 0, 0, 0, 0, 0, 0, 0, 0.15851687, 0.0322509277, -0.267893579, -0.360546873, 0.864921105, -0.348853798, -0.476196289, 0.150878906, 0.866210938, 0.801993603, 0.478497788, 0.357682477, 0, 0, 0, 0, 0, 0, 0, 0.207098633, 0.0583879883, -0.241922559, -0.366007391, 0.474632174, -0.800397144, 0.663085938, -0.470458984, -0.58215332, -0.652918933, -0.743768511, -0.14255066, 3, 1, 
219.889951, 0.1, 0.1, 0.199432519, 0.0902292809, -0.0199663905, 0.82940632, -4.56833996e-005, -0.558645821, 0.558645822, 8.12301144e-006, 0.829406321, -3.3352214e-005, -0.999999999, 3.22581174e-005, 0.829406314, -2.12553826e-005, -0.558645832, 0.558645832, 4.5657468e-006, 0.829406314, -1.50787132e-005, -1, 1.56610901e-005, 0, 0, 0, 0, 0, 0, 0, 0.15851687, 0.0322509277, -0.267893579, -0.360546873, 0.864921105, -0.348853798, -0.476196289, 0.150878906, 0.866210938, 0.801993603, 0.478497788, 0.357682477, 0, 0, 0, 0, 0, 0, 0, 0.207098633, 0.0583879883, -0.241922559, -0.366007391, 0.474632174, -0.800397144, 0.663085938, -0.470458984, -0.58215332, -0.652918933, -0.743768511, -0.14255066, 3, 1, 
219.890758, 0.1, 0.1, 0.199432641, 0.0902291079, -0.0199668125, 0.829406371, 5.43338356e-005, -0.558645745, 0.558645746, -9.08814995e-006, 0.829406372, 3.99877732e-005, -0.999999998, -3.78911356e-005, 0.829406362, 3.11183145e-005, -0.558645761, 0.558645761, -5.05913236e-006, 0.829406362, 2.29834652e-005, -1, -2.15801911e-005, 0, 0, 0, 0, 0, 0, 0, 0.15851687, 0.0322509277, -0.267893579, -0.360546873, 0.864921105, -0.348853798, -0.476196289, 0.150878906, 0.866210938, 0.801993603, 0.478497788, 0.357682477, 0, 0, 0, 0, 0, 0, 0, 0.207113525, 0.0583813965, -0.241480957, -0.365751828, 0.474498012, -0.800544065, 0.663085938, -0.470703125, -0.58190918, -0.653014815, -0.743659869, -0.142320616, 3, 1, 
219.89155, 0.1, 0.1, 0.199432764, 0.0902289389, -0.0199666724, 0.829406416, -4.72591974e-005, -0.558645678, 0.558645679, 5.0664578e-006, 0.829406417, -3.63667268e-005, -0.999999999, 3.0603299e-005, 0.829406408, -2.04204382e-005, -0.558645693, 0.558645693, 8.96122349e-007, 0.829406408, -1.64362274e-005, -1, 1.21510395e-005, 0, 0, 0, 0, 0, 0, 0, 0.15851687, 0.0322509277, -0.267893579, -0.360546873, 0.864921105, -0.348853798, -0.476196289, 0.150878906, 0.866210938, 0.801993603, 0.478497788, 0.357682477, 0, 0, 0, 0, 0, 0, 0, 0.207113525, 0.0583813965, -0.241480957, -0.365751828, 0.474498012, -0.800544065, 0.663085938, -0.470703125, -0.58190918, -0.653014815, -0.743659869, -0.142320616, 3, 1, 
219.892333, 0.1, 0.1, 0.199432879, 0.0902287744, -0.019966113, 0.829406478, 4.84583067e-005, -0.558645587, 0.558645588, -8.85564496e-006, 0.829406478, 3.52444665e-005, -0.999999999, -3.44159486e-005, 0.829406466, 2.45893406e-005, -0.558645606, 0.558645606, -5.91080395e-006, 0.829406466, 1.70925134e-005, -1, -1.86391861e-005, 0, 0, 0, 0, 0, 0, 0, 0.15851687, 0.0322509277, -0.267893579, -0.360546873, 0.864921105, -0.348853798, -0.476196289, 0.150878906, 0.866210938, 0.801993603, 0.478497788, 0.357682477, 0, 0, 0, 0, 0, 0, 0, 0.207113525, 0.0583813965, -0.241480957, -0.365751828, 0.474498012, -0.800544065, 0.663085938, -0.470703125, -0.58190918, -0.653014815, -0.743659869, -0.142320616, 3, 1, 
219.893138, 0.1, 0.1, 0.199433, 0.0902286073, -0.0199652301, 0.829406516, -5.58599338e-005, -0.55864553, 0.558645531, 1.01528301e-005, 0.829406517, -4.065876e-005, -0.999999998, 3.96267258e-005, 0.829406511, -3.05063002e-005, -0.55864554, 0.55864554, 6.33756835e-006, 0.829406511, -2.17616698e-005, -1, 2.2298629e-005, 0, 0, 0, 0, 0, 0, 0, 0.158288867, 0.032246167, -0.267681812, -0.360648344, 0.864819633, -0.349050749, -0.475830078, 0.151245117, 0.866333008, 0.802133266, 0.478637451, 0.357219303, 0, 0, 0, 0, 0, 0, 0, 0.207113525, 0.0583813965, -0.241480957, -0.365751828, 0.474498012, -0.800544065, 0.663085938, -0.470703125, -0.58190918, -0.653014815, -0.743659869, -0.142320616, 3, 1, 
219.893933, 0.1, 0.1, 0.199433113, 0.0902284451, -0.0199643765, 0.829406567, 4.86416566e-005, -0.558645454, 0.558645455, -7.13215501e-006, 0.829406568, 3.63593635e-005, -0.999999999, -3.30888966e-005, 0.829406557, 2.29229753e-005, -0.558645471, 0.558645471, -2.62672336e-006, 0.829406558, 1.75450589e-005, -1, -1.49844379e-005, 0, 0, 0, 0, 0, 0, 0, 0.158288867, 0.032246167, -0.267681812, -0.360648344, 0.864819633, -0.349050749, -0.475830078, 0.151245117, 0.866333008, 0.802133266, 0.478637451, 0.357219303, 0, 0, 0, 0, 0, 0, 0, 0.207113525, 0.0583813965, -0.241480957, -0.365751828, 0.474498012, -0.800544065, 0.663085938, -0.470703125, -0.58190918, -0.653014815, -0.743659869, -0.142320616, 3, 1, 
219.894745, 0.1, 0.1, 0.199433231, 0.0902282802, -0.0199637909, 0.829406613, -6.13101873e-005, -0.558645386, 0.558645387, 9.02805842e-006, 0.829406614, -4.58075917e-005, -0.999999998, 4.17385847e-005, 0.829406605, -3.5690528e-005, -0.5586454, 0.5586454, 4.80045272e-006, 0.829406605, -2.69202088e-005, -0.999999999, 2.39198765e-005, 0, 0, 0, 0, 0, 0, 0, 0.158288867, 0.032246167, -0.267681812, -0.360648344, 0.864819633, -0.349050749, -0.475830078, 0.151245117, 0.866333008, 0.802133266, 0.478637451, 0.357219303, 0, 0, 0, 0, 0, 0, 0, 0.207113525, 0.0583813965, -0.241480957, -0.365751828, 0.474498012, -0.800544065, 0.663085938, -0.470703125, -0.58190918, -0.653014815, -0.743659869, -0.142320616, 3, 1, 
219.895565, 0.1, 0.1, 0.199433346, 0.0902281164, -0.0199635659, 0.829406683, 5.7736134e-005, -0.558645282, 0.558645283, -8.43334872e-006, 0.829406684, 4.3175485e-005, -0.999999998, -3.92486947e-005, 0.829406668, 2.64505936e-005, -0.558645306, 0.558645307, -3.40305186e-006, 0.829406668, 2.00371998e-005, -1, -1.75990139e-005, 0, 0, 0, 0, 0, 0, 0, 0.158313892, 0.0317908936, -0.267285376, -0.360191162, 0.864660874, -0.349965114, -0.475341797, 0.152709961, 0.866455078, 0.802678815, 0.478415412, 0.356128205, 0, 0, 0, 0, 0, 0, 0, 0.207113525, 0.0583813965, -0.241480957, -0.365445225, 0.473852725, -0.80111899, 0.662719727, -0.471801758, -0.581420898, -0.653596303, -0.743359463, -0.141521844, 3, 1, 
219.896347, 0.1, 0.1, 0.19943346, 0.0902279608, -0.0199636879, 0.829406742, -4.5748788e-005, -0.558645196, 0.558645197, 5.69929722e-006, 0.829406742, -3.47604682e-005, -0.999999999, 3.02843762e-005, 0.829406731, -1.96125433e-005, -0.558645213, 0.558645213, 2.15401885e-006, 0.829406731, -1.50634431e-005, -1, 1.27430112e-005, 0, 0, 0, 0, 0, 0, 0, 0.158313892, 0.0317908936, -0.267285376, -0.360191162, 0.864660874, -0.349965114, -0.475341797, 0.152709961, 0.866455078, 0.802678815, 0.478415412, 0.356128205, 0, 0, 0, 0, 0, 0, 0, 0.207121582, 0.0578985352, -0.241278955, -0.365445225, 0.473852725, -0.80111899, 0.662719727, -0.471801758, -0.581420898, -0.653596303, -0.743359463, -0.141521844, 3, 1, 
219.897136, 0.1, 0.1, 0.199433569, 0.0902278057, -0.0199644031, 0.829406807, 5.62302222e-005, -0.558645098, 0.558645099, -1.22375084e-005, 0.829406808, 3.9801305e-005, -0.999999998, -4.15626108e-005, 0.829406795, 3.06662693e-005, -0.558645117, 0.558645118, -8.52264643e-006, 0.829406795, 2.06736773e-005, -0.999999999, -2.42003025e-005, 0, 0, 0, 0, 0, 0, 0, 0.158313892, 0.0317908936, -0.267285376, -0.360191162, 0.864660874, -0.349965114, -0.475341797, 0.152709961, 0.866455078, 0.802678815, 0.478415412, 0.356128205, 0, 0, 0, 0, 0, 0, 0, 0.207121582, 0.0578985352, -0.241278955, -0.365445225, 0.473852725, -0.80111899, 0.662719727, -0.471801758, -0.581420898, -0.653596303, -0.743359463, -0.141521844, 3, 1, 
219.89794, 0.1, 0.1, 0.199433684, 0.0902276496, -0.019965292, 0.829406839, -4.57210745e-005, -0.558645052, 0.558645053, 1.04216946e-005, 0.829406839, -3.20993437e-005, -0.999999999, 3.41856768e-005, 0.829406835, -2.05563394e-005, -0.558645059, 0.558645059, 5.99101508e-006, 0.829406835, -1.37027174e-005, -1, 1.64526863e-005, 0, 0, 0, 0, 0, 0, 0, 0.158313892, 0.0317908936, -0.267285376, -0.360191162, 0.864660874, -0.349965114, -0.475341797, 0.152709961, 0.866455078, 0.802678815, 0.478415412, 0.356128205, 0, 0, 0, 0, 0, 0, 0, 0.207121582, 0.0578985352, -0.241278955, -0.365445225, 0.473852725, -0.80111899, 0.662719727, -0.471801758, -0.581420898, -0.653596303, -0.743359463, -0.141521844, 3, 1, 
219.898734, 0.1, 0.1, 0.199433791, 0.0902274974, -0.0199661187, 0.829406861, 5.01127743e-005, -0.558645019, 0.55864502, -1.3586738e-005, 0.829406861, 3.39737153e-005, -0.999999999, -3.92641855e-005, 0.829406858, 2.62909477e-005, -0.558645025, 0.558645025, -8.60281934e-006, 0.829406858, 1.69999701e-005, -1, -2.18225445e-005, 0, 0, 0, 0, 0, 0, 0, 0.158313892, 0.0317908936, -0.267285376, -0.360191162, 0.864660874, -0.349965114, -0.475341797, 0.152709961, 0.866455078, 0.802678815, 0.478415412, 0.356128205, 0, 0, 0, 0, 0, 0, 0, 0.207121582, 0.0578985352, -0.241278955, -0.365445225, 0.473852725, -0.80111899, 0.662719727, -0.471801758, -0.581420898, -0.653596303, -0.743359463, -0.141521844, 3, 1, 
219.899527, 0.1, 0.1, 0.1994339, 0.0902273469, -0.0199666862, 0.829406851, -4.79194052e-005, -0.558645033, 0.558645035, 1.2840553e-005, 0.829406851, -3.25713718e-005, -0.999999999, 3.74199804e-005, 0.829406855, -2.2111613e-005, -0.55864503, 0.55864503, 6.10851531e-006, 0.829406855, -1.49270317e-005, -1, 1.74189872e-005, 0, 0, 0, 0, 0, 0, 0, 0.158313892, 0.0317908936, -0.267285376, -0.360191162, 0.864660874, -0.349965114, -0.475341797, 0.152709961, 0.866455078, 0.802678815, 0.478415412, 0.356128205, 0, 0, 0, 0, 0, 0, 0, 0.207121582, 0.0578985352, -0.241278955, -0.365445225, 0.473852725, -0.80111899, 0.662719727, -0.471801758, -0.581420898, -0.653596303, -0.743359463, -0.141521844, 3, 1, 
219.900321, 0.1, 0.1, 0.199434004, 0.0902271992, -0.0199667702, 0.829406851, 4.66759116e-005, -0.558645033, 0.558645034, -8.34085339e-006, 0.829406852, 3.40537446e-005, -0.999999999, -3.29932272e-005, 0.829406851, 2.14077539e-005, -0.558645035, 0.558645035, -1.91722702e-006, 0.829406851, 1.66846884e-005, -1, -1.35494967e-005, 0, 0, 0, 0, 0, 0, 0, 0.158313892, 0.0317908936, -0.267285376, -0.358851816, 0.86458449, -0.351444123, -0.475219727, 0.154785156, 0.866088867, 0.803331827, 0.477933143, 0.355373721, 0, 0, 0, 0, 0, 0, 0, 0.207121582, 0.0578985352, -0.241278955, -0.365445225, 0.473852725, -0.80111899, 0.662719727, -0.471801758, -0.581420898, -0.653596303, -0.743359463, -0.141521844, 3, 1, 
219.901138, 0.1, 0.1, 0.199434114, 0.090227047, -0.0199658753, 0.829406854, -5.1471088e-005, -0.558645029, 0.55864503, 7.1161623e-006, 0.829406855, -3.87150645e-005, -0.999999999, 3.46562613e-005, 0.829406854, -2.70717945e-005, -0.55864503, 0.558645031, 2.03358906e-006, 0.829406854, -2.13174775e-005, -1, 1.68101962e-005, 0, 0, 0, 0, 0, 0, 0, 0.158161084, 0.0313390381, -0.266916772, -0.358851816, 0.86458449, -0.351444123, -0.475219727, 0.154785156, 0.866088867, 0.803331827, 0.477933143, 0.355373721, 0, 0, 0, 0, 0, 0, 0, 0.207144531, 0.0574173828, -0.240863721, -0.36488306, 0.473194677, -0.801802557, 0.662353516, -0.473144531, -0.580688477, -0.654273673, -0.742937656, -0.140857234, 3, 1, 
219.90194, 0.1, 0.1, 0.199434216, 0.0902269009, -0.0199648408, 0.829406886, 5.20685601e-005, -0.55864498, 0.558644981, -7.80152299e-006, 0.829406887, 3.88277407e-005, -0.999999999, -3.55584767e-005, 0.82940688, 2.72852354e-005, -0.558644992, 0.558644992, -3.27930033e-006, 0.82940688, 2.07985973e-005, -1, -1.79626344e-005, 0, 0, 0, 0, 0, 0, 0, 0.158161084, 0.0313390381, -0.266916772, -0.358851816, 0.86458449, -0.351444123, -0.475219727, 0.154785156, 0.866088867, 0.803331827, 0.477933143, 0.355373721, 0, 0, 0, 0, 0, 0, 0, 0.207144531, 0.0574173828, -0.240863721, -0.36488306, 0.473194677, -0.801802557, 0.662353516, -0.473144531, -0.580688477, -0.654273673, -0.742937656, -0.140857234, 3, 1, 
219.902817, 0.1, 0.1, 0.199434328, 0.0902267434, -0.019963623, 0.829406923, -7.11041188e-005, -0.558644923, 0.558644925, 9.47174387e-006, 0.829406925, -5.36829069e-005, -0.999999997, 4.75778851e-005, 0.829406915, -3.70318816e-005, -0.558644939, 0.558644939, 4.03051758e-006, 0.829406916, -2.84628704e-005, -0.999999999, 2.40306124e-005, 0, 0, 0, 0, 0, 0, 0, 0.158161084, 0.0313390381, -0.266916772, -0.358851816, 0.86458449, -0.351444123, -0.475219727, 0.154785156, 0.866088867, 0.803331827, 0.477933143, 0.355373721, 0, 0, 0, 0, 0, 0, 0, 0.207144531, 0.0574173828, -0.240863721, -0.36488306, 0.473194677, -0.801802557, 0.662353516, -0.473144531, -0.580688477, -0.654273673, -0.742937656, -0.140857234, 3, 1, 
219.903655, 0.1, 0.1, 0.199434431, 0.0902265933, -0.0199616225, 0.82940699, 5.28654105e-005, -0.558644826, 0.558644827, -6.18742582e-006, 0.829406991, 4.03903676e-005, -0.999999999, -3.46648823e-005, 0.829406978, 2.33996764e-005, -0.558644847, 0.558644847, -2.45068606e-006, 0.829406978, 1.80387917e-005, -1, -1.51047247e-005, 0, 0, 0, 0, 0, 0, 0, 0.158217969, 0.0308919434, -0.266527173, -0.3577727, 0.864609577, -0.352523239, -0.474975586, 0.156494141, 0.865966797, 0.803902464, 0.477311209, 0.354803085, 0, 0, 0, 0, 0, 0, 0, 0.207170898, 0.056951123, -0.240658545, -0.364346414, 0.472792193, -0.802217801, 0.662231445, -0.473999023, -0.580200195, -0.65470824, -0.742611731, -0.140409907, 3, 1, 
219.904462, 0.1, 0.1, 0.199434534, 0.0902264518, -0.0199610169, 0.829407036, -5.80813377e-005, -0.558644757, 0.558644759, 1.34519162e-005, 0.829407037, -4.06582278e-005, -0.999999998, 4.36039488e-005, 0.829407028, -2.68319751e-005, -0.558644772, 0.558644772, 8.9322136e-006, 0.829407028, -1.72646943e-005, -1, 2.23979833e-005, 0, 0, 0, 0, 0, 0, 0, 0.158217969, 0.0308919434, -0.266527173, -0.3577727, 0.864609577, -0.352523239, -0.474975586, 0.156494141, 0.865966797, 0.803902464, 0.477311209, 0.354803085, 0, 0, 0, 0, 0, 0, 0, 0.207170898, 0.056951123, -0.240658545, -0.364346414, 0.472792193, -0.802217801, 0.662231445, -0.473999023, -0.580200195, -0.65470824, -0.742611731, -0.140409907, 3, 1, 
219.905246, 0.1, 0.1, 0.199434629, 0.0902263149, -0.0199617246, 0.829407071, 5.7855911e-005, -0.558644705, 0.558644706, -1.2438996e-005, 0.829407072, 4.10371225e-005, -0.999999998, -4.26378897e-005, 0.829407066, 2.9410863e-005, -0.558644715, 0.558644716, -7.31289557e-006, 0.829407066, 2.03082671e-005, -1, -2.24955905e-005, 0, 0, 0, 0, 0, 0, 0, 0.158217969, 0.0308919434, -0.266527173, -0.3577727, 0.864609577, -0.352523239, -0.474975586, 0.156494141, 0.865966797, 0.803902464, 0.477311209, 0.354803085, 0, 0, 0, 0, 0, 0, 0, 0.207170898, 0.056951123, -0.240658545, -0.364346414, 0.472792193, -0.802217801, 0.662231445, -0.473999023, -0.580200195, -0.65470824, -0.742611731, -0.140409907, 3, 1, 
219.906039, 0.1, 0.1, 0.199434731, 0.0902261771, -0.0199635908, 0.829407085, -4.29744955e-005, -0.558644686, 0.558644687, 8.0455617e-006, 0.829407085, -3.11487408e-005, -0.999999999, 3.06805195e-005, 0.829407083, -1.6957087e-005, -0.55864469, 0.55864469, 2.90332883e-006, 0.829407083, -1.24423988e-005, -1, 1.18810281e-005, 0, 0, 0, 0, 0, 0, 0, 0.158217969, 0.0308919434, -0.266527173, -0.3577727, 0.864609577, -0.352523239, -0.474975586, 0.156494141, 0.865966797, 0.803902464, 0.477311209, 0.354803085, 0, 0, 0, 0, 0, 0, 0, 0.207170898, 0.056951123, -0.240658545, -0.364346414, 0.472792193, -0.802217801, 0.662231445, -0.473999023, -0.580200195, -0.65470824, -0.742611731, -0.140409907, 3, 1, 
219.90683, 0.1, 0.1, 0.199434827, 0.0902260421, -0.0199659573, 0.829407108, 5.63719866e-005, -0.558644651, 0.558644652, -1.18849204e-005, 0.829407109, 4.01158792e-005, -0.999999998, -4.13493463e-005, 0.829407105, 3.20092745e-005, -0.558644658, 0.558644658, -7.15187149e-006, 0.829407105, 2.25533649e-005, -0.999999999, -2.38136232e-005, 0, 0, 0, 0, 0, 0, 0, 0.158217969, 0.0308919434, -0.266527173, -0.3577727, 0.864609577, -0.352523239, -0.474975586, 0.156494141, 0.865966797, 0.803902464, 0.477311209, 0.354803085, 0, 0, 0, 0, 0, 0, 0, 0.207170898, 0.056951123, -0.240658545, -0.364346414, 0.472792193, -0.802217801, 0.662231445, -0.473999023, -0.580200195, -0.65470824, -0.742611731, -0.140409907, 3, 1, 
219.907622, 0.1, 0.1, 0.199434926, 0.0902259082, -0.019967982, 0.829407105, -3.8970677e-005, -0.558644657, 0.558644658, 1.04411695e-005, 0.829407105, -2.64896529e-005, -0.999999999, 3.04307407e-005, 0.829407107, -1.53443802e-005, -0.558644655, 0.558644655, 5.77619369e-006, 0.829407107, -9.49989825e-006, -1, 1.33628721e-005, 0, 0, 0, 0, 0, 0, 0, 0.158217969, 0.0308919434, -0.266527173, -0.3577727, 0.864609577, -0.352523239, -0.474975586, 0.156494141, 0.865966797, 0.803902464, 0.477311209, 0.354803085, 0, 0, 0, 0, 0, 0, 0, 0.207170898, 0.056951123, -0.240658545, -0.364346414, 0.472792193, -0.802217801, 0.662231445, -0.473999023, -0.580200195, -0.65470824, -0.742611731, -0.140409907, 3, 1, 
219.908445, 0.1, 0.1, 0.199435024, 0.0902257711, -0.019968855, 0.829407095, 5.15706702e-005, -0.558644671, 0.558644672, -1.33594377e-005, 0.829407096, 3.53099011e-005, -0.999999999, -3.98900925e-005, 0.829407098, 2.87594957e-005, -0.558644668, 0.558644668, -7.92209632e-006, 0.829407098, 1.9427693e-005, -1, -2.26369818e-005, 0, 0, 0, 0, 0, 0, 0, 0.158263989, 0.0304353271, -0.266370947, -0.356915624, 0.864431722, -0.35378021, -0.474609375, 0.158447266, 0.865844727, 0.80463186, 0.476968603, 0.353889842, 0, 0, 0, 0, 0, 0, 0, 0.207182373, 0.0566897949, -0.240226709, -0.364065332, 0.472159665, -0.802658565, 0.661987305, -0.474853516, -0.579711914, -0.655046926, -0.742432726, -0.139719777, 3, 1, 
219.909227, 0.1, 0.1, 0.199435119, 0.0902256411, -0.0199682573, 0.829407065, -4.38594539e-005, -0.558644715, 0.558644716, 1.01697145e-005, 0.829407066, -3.06960837e-005, -0.999999999, 3.29366853e-005, 0.829407072, -2.04380092e-005, -0.558644706, 0.558644706, 4.36301308e-006, 0.829407073, -1.45140552e-005, -1, 1.50362996e-005, 0, 0, 0, 0, 0, 0, 0, 0.158263989, 0.0304353271, -0.266370947, -0.356915624, 0.864431722, -0.35378021, -0.474609375, 0.158447266, 0.865844727, 0.80463186, 0.476968603, 0.353889842, 0, 0, 0, 0, 0, 0, 0, 0.207182373, 0.0566897949, -0.240226709, -0.364065332, 0.472159665, -0.802658565, 0.661987305, -0.474853516, -0.579711914, -0.655046926, -0.742432726, -0.139719777, 3, 1, 
219.910015, 0.1, 0.1, 0.199435208, 0.0902255133, -0.0199668353, 0.829407045, 4.56669407e-005, -0.558644745, 0.558644746, -1.02039372e-005, 0.829407046, 3.21761065e-005, -0.999999999, -3.39748139e-005, 0.829407049, 2.38356838e-005, -0.558644741, 0.558644741, -4.64140152e-006, 0.829407049, 1.71765896e-005, -1, -1.71652905e-005, 0, 0, 0, 0, 0, 0, 0, 0.158263989, 0.0304353271, -0.266370947, -0.356915624, 0.864431722, -0.35378021, -0.474609375, 0.158447266, 0.865844727, 0.80463186, 0.476968603, 0.353889842, 0, 0, 0, 0, 0, 0, 0, 0.207182373, 0.0566897949, -0.240226709, -0.364065332, 0.472159665, -0.802658565, 0.661987305, -0.474853516, -0.579711914, -0.655046926, -0.742432726, -0.139719777, 3, 1, 
219.910804, 0.1, 0.1, 0.199435299, 0.0902253858, -0.0199651451, 0.829407017, -5.99687452e-005, -0.558644786, 0.558644787, 1.28633134e-005, 0.829407018, -4.25524752e-005, -0.999999998, 4.41701493e-005, 0.829407023, -3.45871924e-005, -0.558644778, 0.558644779, 6.61369923e-006, 0.829407024, -2.49921518e-005, -0.999999999, 2.4807403e-005, 0, 0, 0, 0, 0, 0, 0, 0.158263989, 0.0304353271, -0.266370947, -0.356915624, 0.864431722, -0.35378021, -0.474609375, 0.158447266, 0.865844727, 0.80463186, 0.476968603, 0.353889842, 0, 0, 0, 0, 0, 0, 0, 0.207182373, 0.0566897949, -0.240226709, -0.364065332, 0.472159665, -0.802658565, 0.661987305, -0.474853516, -0.579711914, -0.655046926, -0.742432726, -0.139719777, 3, 1, 
219.911597, 0.1, 0.1, 0.199435386, 0.0902252601, -0.0199636898, 0.829406999, 4.81950993e-005, -0.558644814, 0.558644815, -1.1501451e-005, 0.829406999, 3.35481268e-005, -0.999999999, -3.64633263e-005, 0.829407003, 2.19308974e-005, -0.558644809, 0.558644809, -5.80396471e-006, 0.829407003, 1.49472852e-005, -1, -1.7065431e-005, 0, 0, 0, 0, 0, 0, 0, 0.158263989, 0.0304353271, -0.266370947, -0.356915624, 0.864431722, -0.35378021, -0.474609375, 0.158447266, 0.865844727, 0.80463186, 0.476968603, 0.353889842, 0, 0, 0, 0, 0, 0, 0, 0.207182373, 0.0566897949, -0.240226709, -0.364065332, 0.472159665, -0.802658565, 0.661987305, -0.474853516, -0.579711914, -0.655046926, -0.742432726, -0.139719777, 3, 1, 
219.912385, 0.1, 0.1, 0.199435475, 0.0902251368, -0.0199629232, 0.82940696, -5.70703619e-005, -0.55864487, 0.558644872, 1.36749981e-005, 0.829406961, -3.96950879e-005, -0.999999998, 4.32242036e-005, 0.829406969, -3.12120464e-005, -0.558644859, 0.558644859, 7.92767948e-006, 0.829406969, -2.14587314e-005, -0.999999999, 2.40117219e-005, 0, 0, 0, 0, 0, 0, 0, 0.158263989, 0.0304353271, -0.266370947, -0.356915624, 0.864431722, -0.35378021, -0.474609375, 0.158447266, 0.865844727, 0.80463186, 0.476968603, 0.353889842, 0, 0, 0, 0, 0, 0, 0, 0.207182373, 0.0566897949, -0.240226709, -0.364065332, 0.472159665, -0.802658565, 0.661987305, -0.474853516, -0.579711914, -0.655046926, -0.742432726, -0.139719777, 3, 1, 
219.913193, 0.1, 0.1, 0.199435564, 0.09022501, -0.0199629648, 0.82940692, 5.69474582e-005, -0.55864493, 0.558644931, -1.4150351e-005, 0.829406921, 3.93275941e-005, -0.999999998, -4.35498079e-005, 0.829406929, 2.77775696e-005, -0.558644918, 0.558644918, -7.4868046e-006, 0.82940693, 1.88564433e-005, -1, -2.17274057e-005, 0, 0, 0, 0, 0, 0, 0, 0.158297803, 0.0299848145, -0.265971094, -0.356299682, 0.864374434, -0.354612199, -0.473632812, 0.16003418, 0.866088867, 0.805399448, 0.476606901, 0.352538513, 0, 0, 0, 0, 0, 0, 0, 0.207182373, 0.0566897949, -0.240226709, -0.364257096, 0.471769941, -0.802894805, 0.661499023, -0.475830078, -0.579589844, -0.655558052, -0.742228203, -0.138639922, 3, 1, 
219.913988, 0.1, 0.1, 0.199435654, 0.0902248869, -0.0199635092, 0.829406863, -4.71347146e-005, -0.558645016, 0.558645017, 1.22422618e-005, 0.829406863, -3.22547773e-005, -0.999999999, 3.64853894e-005, 0.829406875, -2.13080449e-005, -0.558644999, 0.558645, 5.72653999e-006, 0.829406875, -1.4473936e-005, -1, 1.66532644e-005, 0, 0, 0, 0, 0, 0, 0, 0.158297803, 0.0299848145, -0.265971094, -0.356299682, 0.864374434, -0.354612199, -0.473632812, 0.16003418, 0.866088867, 0.805399448, 0.476606901, 0.352538513, 0, 0, 0, 0, 0, 0, 0, 0.207158936, 0.0562218262, -0.240219629, -0.364257096, 0.471769941, -0.802894805, 0.661499023, -0.475830078, -0.579589844, -0.655558052, -0.742228203, -0.138639922, 3, 1, 
219.914802, 0.1, 0.1, 0.199435742, 0.0902247635, -0.0199644967, 0.829406816, 5.92179736e-005, -0.558645084, 0.558645085, -1.1385111e-005, 0.829406817, 4.27555548e-005, -0.999999998, -4.25247186e-005, 0.829406825, 3.46627413e-005, -0.558645073, 0.558645074, -5.1722393e-006, 0.829406825, 2.58600682e-005, -0.999999999, -2.36540602e-005, 0, 0, 0, 0, 0, 0, 0, 0.158297803, 0.0299848145, -0.265971094, -0.356299682, 0.864374434, -0.354612199, -0.473632812, 0.16003418, 0.866088867, 0.805399448, 0.476606901, 0.352538513, 0, 0, 0, 0, 0, 0, 0, 0.207158936, 0.0562218262, -0.240219629, -0.364257096, 0.471769941, -0.802894805, 0.661499023, -0.475830078, -0.579589844, -0.655558052, -0.742228203, -0.138639922, 3, 1, 
219.91562, 0.1, 0.1, 0.199435833, 0.0902246392, -0.0199654691, 0.829406781, -5.17252572e-005, -0.558645136, 0.558645138, 7.33568006e-006, 0.829406782, -3.88032372e-005, -0.999999999, 3.49803262e-005, 0.829406789, -2.38559005e-005, -0.558645127, 0.558645128, 1.33204073e-006, 0.829406789, -1.90421077e-005, -1, 1.44317862e-005, 0, 0, 0, 0, 0, 0, 0, 0.158297803, 0.0299848145, -0.265971094, -0.355924875, 0.864418617, -0.354822255, -0.47253418, 0.161132812, 0.866455078, 0.806205228, 0.476105535, 0.351212271, 0, 0, 0, 0, 0, 0, 0, 0.207158936, 0.0562218262, -0.240219629, -0.364257096, 0.471769941, -0.802894805, 0.661499023, -0.475830078, -0.579589844, -0.655558052, -0.742228203, -0.138639922, 3, 1, 
219.916427, 0.1, 0.1, 0.199435915, 0.0902245204, -0.0199659146, 0.82940678, 4.52939998e-005, -0.558645138, 0.558645139, -5.7056235e-006, 0.829406781, 3.43797317e-005, -0.999999999, -3.00355556e-005, 0.82940678, 1.95189782e-005, -0.55864514, 0.55864514, -1.15536497e-006, 0.82940678, 1.55437338e-005, -1, -1.18624498e-005, 0, 0, 0, 0, 0, 0, 0, 0.158319409, 0.0295390625, -0.265762622, -0.355924875, 0.864418617, -0.354822255, -0.47253418, 0.161132812, 0.866455078, 0.806205228, 0.476105535, 0.351212271, 0, 0, 0, 0, 0, 0, 0, 0.207118896, 0.0557555664, -0.239972705, -0.364691663, 0.471367457, -0.802888242, 0.660644531, -0.4765625, -0.579833984, -0.656094697, -0.741902277, -0.137534548, 3, 1, 
219.917207, 0.1, 0.1, 0.199435998, 0.0902244051, -0.0199661802, 0.829406784, -5.31958301e-005, -0.558645132, 0.558645133, 7.89474338e-006, 0.829406785, -3.97106225e-005, -0.999999999, 3.62655453e-005, 0.829406784, -2.85979827e-005, -0.558645135, 0.558645135, 4.26848868e-006, 0.829406784, -2.13347904e-005, -1, 1.95164374e-005, 0, 0, 0, 0, 0, 0, 0, 0.158319409, 0.0295390625, -0.265762622, -0.355924875, 0.864418617, -0.354822255, -0.47253418, 0.161132812, 0.866455078, 0.806205228, 0.476105535, 0.351212271, 0, 0, 0, 0, 0, 0, 0, 0.207118896, 0.0557555664, -0.239972705, -0.364691663, 0.471367457, -0.802888242, 0.660644531, -0.4765625, -0.579833984, -0.656094697, -0.741902277, -0.137534548, 3, 1, 
219.918004, 0.1, 0.1, 0.199436078, 0.0902242895, -0.0199661517, 0.829406806, 4.65740299e-005, -0.5586451, 0.558645101, -7.54123902e-006, 0.829406807, 3.44159412e-005, -0.999999999, -3.22731086e-005, 0.829406802, 2.1862985e-005, -0.558645108, 0.558645108, -3.79759689e-006, 0.829406802, 1.60117995e-005, -1, -1.53634023e-005, 0, 0, 0, 0, 0, 0, 0, 0.158319409, 0.0295390625, -0.265762622, -0.355924875, 0.864418617, -0.354822255, -0.47253418, 0.161132812, 0.866455078, 0.806205228, 0.476105535, 0.351212271, 0, 0, 0, 0, 0, 0, 0, 0.207118896, 0.0557555664, -0.239972705, -0.364691663, 0.471367457, -0.802888242, 0.660644531, -0.4765625, -0.579833984, -0.656094697, -0.741902277, -0.137534548, 3, 1, 
