time, realDorsalTactorPos, realVentralTactorPos, boxPosX, boxPosY, boxPosZ, boxLocalRot_11, boxLocalRot_12, boxLocalRot_13, boxLocalRot_21, boxLocalRot_22, boxLocalRot_23, boxLocalRot_31, boxLocalRot_32, boxLocalRot_33, boxGlobalRot_11, boxGlobalRot_12, boxGlobalRot_13, boxGlobalRot_21, boxGlobalRot_22, boxGlobalRot_23, boxGlobalRot_31, boxGlobalRot_32, boxGlobalRot_33, indexForceX, indexForceY, indexForceZ, indexForceGlobalX, indexForceGlobalY, indexForceGlobalZ, indexContact, indexPosX, indexPosY, indexPosZ, indexRot_11, indexRot_12, indexRot_13, indexRot_21, indexRot_22, indexRot_23, indexRot_31, indexRot_32, indexRot_33, thumbForceX, thumbForceY, thumbForceZ, thumbForceGlobalX, thumbForceGlobalY, thumbForceGlobalZ, thumbContact, thumbPosX, thumbPosY, thumbPosZ, thumbRot_11, thumbRot_12, thumbRot_13, thumbRot_21, thumbRot_22, thumbRot_23, thumbRot_31, thumbRot_32, thumbRot_33, mapping, trialSuccess, 
350.473339, 0.1, 0.1, -0.0709121199, 0.191848889, -0.0199572327, 5.64448791e-005, 0.380646515, -0.924720621, 9.82970872e-006, 0.924720622, 0.380646516, 0.999999998, -3.05752809e-005, 4.84540993e-005, 7.29957799e-005, 0.380646296, -0.92472071, -5.66274178e-006, 0.924720713, 0.380646297, 0.999999997, -2.25491187e-005, 6.96562113e-005, 0, 0, 0, 0, 0, 0, 0, 0.0817585449, 0.0842187744, -0.188916821, -0.271537035, 0.870255671, -0.410740121, -0.5546875, 0.207275391, 0.805786133, 0.786536318, 0.4466313, 0.426561252, 0, 0, 0, 0, 0, 0, 0, 0.125292578, 0.108077539, -0.155902588, -0.397508078, 0.50666111, -0.764916457, 0.544433594, -0.540771484, -0.641113281, -0.738590147, -0.671297988, -0.0608798684, 4, 1, 
350.52348, 0.1, 0.1, -0.0709120879, 0.19184891, -0.0199665319, -3.82916024e-005, 0.380657838, -0.924715961, -1.8175357e-005, 0.924715961, 0.380657839, 0.999999999, 3.13830413e-005, -2.84902639e-005, -1.46596202e-005, 0.38065744, -0.924716126, -3.70044137e-005, 0.924716125, 0.380657441, 0.999999999, 3.97988716e-005, 5.30018213e-007, 0, 0, 0, 0, 0, 0, 0, 0.0826516113, 0.0817262451, -0.189328271, -0.275959838, 0.869393725, -0.409802912, -0.551025391, 0.206176758, 0.80859375, 0.787484005, 0.448992474, 0.422334279, 0, 0, 0, 0, 0, 0, 0, 0.12589917, 0.105584619, -0.157286621, -0.404841746, 0.490097987, -0.771904878, 0.551147461, -0.542724609, -0.633666992, -0.72954153, -0.681876318, -0.0504447944, 4, 1, 
350.524264, 0.1, 0.1, -0.0709120851, 0.191848903, -0.0199665513, 2.77350682e-005, 0.380660165, -0.924715004, 2.66455969e-005, 0.924715004, 0.380660165, 0.999999999, -3.51972189e-005, 1.55041164e-005, 8.30837394e-007, 0.38065967, -0.924715208, 4.59317051e-005, 0.924715207, 0.380659669, 0.999999999, -4.27900125e-005, -1.67160597e-005, 0, 0, 0, 0, 0, 0, 0, 0.0826516113, 0.0817262451, -0.189328271, -0.275959838, 0.869393725, -0.409802912, -0.551025391, 0.206176758, 0.80859375, 0.787484005, 0.448992474, 0.422334279, 0, 0, 0, 0, 0, 0, 0, 0.12589917, 0.105584619, -0.157286621, -0.404841746, 0.490097987, -0.771904878, 0.551147461, -0.542724609, -0.633666992, -0.72954153, -0.681876318, -0.0504447944, 4, 1, 
350.52505, 0.1, 0.1, -0.0709120887, 0.191848909, -0.0199663224, -2.38612342e-005, 0.380662932, -0.924713865, -2.03550514e-005, 0.924713865, 0.380662933, 1, 2.79056856e-005, -1.43164005e-005, 5.27634333e-007, 0.380662357, -0.924714102, -3.93229934e-005, 0.924714101, 0.380662357, 0.999999999, 3.6161676e-005, 1.54566943e-005, 0, 0, 0, 0, 0, 0, 0, 0.0826516113, 0.0817262451, -0.189328271, -0.275959838, 0.869393725, -0.409802912, -0.551025391, 0.206176758, 0.80859375, 0.787484005, 0.448992474, 0.422334279, 0, 0, 0, 0, 0, 0, 0, 0.12589917, 0.105584619, -0.157286621, -0.404841746, 0.490097987, -0.771904878, 0.551147461, -0.542724609, -0.633666992, -0.72954153, -0.681876318, -0.0504447944, 4, 1, 
350.525833, 0.1, 0.1, -0.0709120887, 0.191848902, -0.0199659364, 3.68307689e-005, 0.380666031, -0.924712589, 2.26631587e-005, 0.924712589, 0.380666032, 0.999999999, -3.49771308e-005, 2.5430781e-005, 1.19869932e-005, 0.380665401, -0.924712849, 4.27517332e-005, 0.924712848, 0.380665401, 0.999999999, -4.40961106e-005, -5.18957906e-006, 0, 0, 0, 0, 0, 0, 0, 0.0826516113, 0.0817262451, -0.189328271, -0.275959838, 0.869393725, -0.409802912, -0.551025391, 0.206176758, 0.80859375, 0.787484005, 0.448992474, 0.422334279, 0, 0, 0, 0, 0, 0, 0, 0.12589917, 0.105584619, -0.157286621, -0.404841746, 0.490097987, -0.771904878, 0.551147461, -0.542724609, -0.633666992, -0.72954153, -0.681876318, -0.0504447944, 4, 1, 
350.526627, 0.1, 0.1, -0.0709120928, 0.19184891, -0.0199654379, -2.74375324e-005, 0.380669524, -0.924711151, -2.83575003e-005, 0.924711151, 0.380669524, 0.999999999, 3.66671292e-005, -1.4576956e-005, -5.41333209e-007, 0.380668818, -0.924711442, -4.76037203e-005, 0.924711441, 0.380668818, 0.999999999, 4.42257735e-005, 1.76206749e-005, 0, 0, 0, 0, 0, 0, 0, 0.0826516113, 0.0817262451, -0.189328271, -0.275959838, 0.869393725, -0.409802912, -0.551025391, 0.206176758, 0.80859375, 0.787484005, 0.448992474, 0.422334279, 0, 0, 0, 0, 0, 0, 0, 0.12589917, 0.105584619, -0.157286621, -0.404841746, 0.490097987, -0.771904878, 0.551147461, -0.542724609, -0.633666992, -0.72954153, -0.681876318, -0.0504447944, 4, 1, 
350.527409, 0.1, 0.1, -0.0709120908, 0.191848904, -0.0199650975, 2.64485093e-005, 0.380673267, -0.92470961, 1.7194341e-005, 0.92470961, 0.380673267, 1, -2.59680128e-005, 1.79117647e-005, 2.30461471e-006, 0.380672521, -0.924709917, 3.72408838e-005, 0.924709917, 0.380672521, 0.999999999, -3.5314318e-005, -1.2045481e-005, 0, 0, 0, 0, 0, 0, 0, 0.0826516113, 0.0817262451, -0.189328271, -0.275959838, 0.869393725, -0.409802912, -0.551025391, 0.206176758, 0.80859375, 0.787484005, 0.448992474, 0.422334279, 0, 0, 0, 0, 0, 0, 0, 0.12589917, 0.105584619, -0.157286621, -0.404841746, 0.490097987, -0.771904878, 0.551147461, -0.542724609, -0.633666992, -0.72954153, -0.681876318, -0.0504447944, 4, 1, 
350.528204, 0.1, 0.1, -0.0709120923, 0.191848913, -0.0199648817, -3.84567116e-005, 0.380677326, -0.924707939, -3.18191595e-005, 0.924707939, 0.380677327, 0.999999999, 4.40630276e-005, -2.3448394e-005, -1.2415635e-005, 0.380676525, -0.924708269, -5.2271226e-005, 0.924708268, 0.380676525, 0.999999999, 5.30619757e-005, 8.41758826e-006, 0, 0, 0, 0, 0, 0, 0, 0.0828910889, 0.0815111816, -0.189094165, -0.275661415, 0.869577572, -0.409580873, -0.55065918, 0.206298828, 0.80871582, 0.787807515, 0.448592579, 0.422175519, 0, 0, 0, 0, 0, 0, 0, 0.125861084, 0.105523096, -0.15727124, -0.405474274, 0.489273695, -0.772019716, 0.551025391, -0.54296875, -0.633544922, -0.729362525, -0.68220844, -0.04935218, 4, 1, 
350.528989, 0.1, 0.1, -0.0709120889, 0.191848908, -0.0199650341, 2.47200202e-005, 0.380681594, -0.924706182, 2.05122746e-005, 0.924706182, 0.380681594, 0.999999999, -2.83782839e-005, 1.50501101e-005, -2.61847489e-006, 0.380680721, -0.924706542, 3.95925434e-005, 0.924706541, 0.380680721, 0.999999999, -3.5614681e-005, -1.74934388e-005, 0, 0, 0, 0, 0, 0, 0, 0.0828910889, 0.0815111816, -0.189094165, -0.275661415, 0.869577572, -0.409580873, -0.55065918, 0.206298828, 0.80871582, 0.787807515, 0.448592579, 0.422175519, 0, 0, 0, 0, 0, 0, 0, 0.125861084, 0.105523096, -0.15727124, -0.405474274, 0.489273695, -0.772019716, 0.551025391, -0.54296875, -0.633544922, -0.729362525, -0.68220844, -0.04935218, 4, 1, 
350.529767, 0.1, 0.1, -0.0709120913, 0.191848914, -0.0199654709, -2.91914568e-005, 0.380686007, -0.924704365, -2.17227254e-005, 0.924704365, 0.380686008, 0.999999999, 3.11998782e-005, -1.87239299e-005, -5.11347595e-006, 0.380685126, -0.924704728, -4.2314115e-005, 0.924704727, 0.380685126, 0.999999999, 4.10746865e-005, 1.13798988e-005, 0, 0, 0, 0, 0, 0, 0, 0.0828910889, 0.0815111816, -0.189094165, -0.275661415, 0.869577572, -0.409580873, -0.55065918, 0.206298828, 0.80871582, 0.787807515, 0.448592579, 0.422175519, 0, 0, 0, 0, 0, 0, 0, 0.125861084, 0.105523096, -0.15727124, -0.405474274, 0.489273695, -0.772019716, 0.551025391, -0.54296875, -0.633544922, -0.729362525, -0.68220844, -0.04935218, 4, 1, 
350.530552, 0.1, 0.1, -0.0709120904, 0.191848907, -0.0199659956, 3.43735264e-005, 0.380690621, -0.924702466, 3.03458845e-005, 0.924702465, 0.380690622, 0.999999999, -4.11465933e-005, 2.0232891e-005, 8.94174928e-006, 0.380689706, -0.924702843, 4.91191625e-005, 0.924702842, 0.380689706, 0.999999999, -4.88246611e-005, -1.04306985e-005, 0, 0, 0, 0, 0, 0, 0, 0.0828910889, 0.0815111816, -0.189094165, -0.275661415, 0.869577572, -0.409580873, -0.55065918, 0.206298828, 0.80871582, 0.787807515, 0.448592579, 0.422175519, 0, 0, 0, 0, 0, 0, 0, 0.125861084, 0.105523096, -0.15727124, -0.405474274, 0.489273695, -0.772019716, 0.551025391, -0.54296875, -0.633544922, -0.729362525, -0.68220844, -0.04935218, 4, 1, 
350.531338, 0.1, 0.1, -0.0709120943, 0.191848912, -0.0199664337, -2.45152595e-005, 0.380695384, -0.924700505, -1.68918278e-005, 0.924700505, 0.380695384, 1, 2.49527278e-005, -1.6238632e-005, 7.01514297e-007, 0.380694447, -0.924700891, -3.53528587e-005, 0.92470089, 0.380694447, 0.999999999, 3.24237574e-005, 1.41073279e-005, 0, 0, 0, 0, 0, 0, 0, 0.0828910889, 0.0815111816, -0.189094165, -0.275661415, 0.869577572, -0.409580873, -0.55065918, 0.206298828, 0.80871582, 0.787807515, 0.448592579, 0.422175519, 0, 0, 0, 0, 0, 0, 0, 0.125861084, 0.105523096, -0.15727124, -0.405474274, 0.489273695, -0.772019716, 0.551025391, -0.54296875, -0.633544922, -0.729362525, -0.68220844, -0.04935218, 4, 1, 
350.532122, 0.1, 0.1, -0.0709120932, 0.191848905, -0.0199666363, 2.92153796e-005, 0.380700239, -0.924698506, 2.55241286e-005, 0.924698506, 0.38070024, 0.999999999, -3.47244256e-005, 1.7298376e-005, 5.49747385e-006, 0.38069927, -0.924698905, 4.55200522e-005, 0.924698904, 0.38069927, 0.999999999, -4.41852267e-005, -1.22459426e-005, 0, 0, 0, 0, 0, 0, 0, 0.0828910889, 0.0815111816, -0.189094165, -0.275661415, 0.869577572, -0.409580873, -0.55065918, 0.206298828, 0.80871582, 0.787807515, 0.448592579, 0.422175519, 0, 0, 0, 0, 0, 0, 0, 0.125861084, 0.105523096, -0.15727124, -0.405474274, 0.489273695, -0.772019716, 0.551025391, -0.54296875, -0.633544922, -0.729362525, -0.68220844, -0.04935218, 4, 1, 
350.532934, 0.1, 0.1, -0.0709120955, 0.191848912, -0.0199661692, -3.366089e-005, 0.380705379, -0.92469639, -2.71892806e-005, 0.924696389, 0.38070538, 0.999999999, 3.79567116e-005, -2.0774998e-005, -8.36148717e-006, 0.380704394, -0.924696796, -4.65078678e-005, 0.924696795, 0.380704394, 0.999999999, 4.61889313e-005, 9.97390927e-006, 0, 0, 0, 0, 0, 0, 0, 0.0829025635, 0.0812900146, -0.188876294, -0.275464463, 0.869640852, -0.409657257, -0.550170898, 0.206787109, 0.808959961, 0.788270689, 0.448211781, 0.42169325, 0, 0, 0, 0, 0, 0, 0, 0.125824707, 0.105236621, -0.157265869, -0.406119562, 0.488462164, -0.772243196, 0.55090332, -0.543212891, -0.633422852, -0.72906212, -0.682661963, -0.048393727, 4, 1, 
350.533719, 0.1, 0.1, -0.070912093, 0.191848906, -0.0199656223, 2.73270631e-005, 0.380710447, -0.924694303, 1.99110952e-005, 0.924694303, 0.380710448, 0.999999999, -2.88153748e-005, 1.76888176e-005, 1.13396359e-006, 0.380709438, -0.924694719, 3.92617151e-005, 0.924694719, 0.380709438, 0.999999999, -3.67368113e-005, -1.38987353e-005, 0, 0, 0, 0, 0, 0, 0, 0.0829025635, 0.0812900146, -0.188876294, -0.275464463, 0.869640852, -0.409657257, -0.550170898, 0.206787109, 0.808959961, 0.788270689, 0.448211781, 0.42169325, 0, 0, 0, 0, 0, 0, 0, 0.125824707, 0.105236621, -0.157265869, -0.406119562, 0.488462164, -0.772243196, 0.55090332, -0.543212891, -0.633422852, -0.72906212, -0.682661963, -0.048393727, 4, 1, 
350.534499, 0.1, 0.1, -0.0709120956, 0.191848913, -0.0199652222, -2.92802865e-005, 0.380715571, -0.924692194, -2.39120035e-005, 0.924692194, 0.380715571, 0.999999999, 3.3258704e-005, -1.79715803e-005, -4.73105728e-006, 0.380714558, -0.924692611, -4.44230183e-005, 0.92469261, 0.380714558, 0.999999999, 4.28788192e-005, 1.25377161e-005, 0, 0, 0, 0, 0, 0, 0, 0.0829025635, 0.0812900146, -0.188876294, -0.275464463, 0.869640852, -0.409657257, -0.550170898, 0.206787109, 0.808959961, 0.788270689, 0.448211781, 0.42169325, 0, 0, 0, 0, 0, 0, 0, 0.125824707, 0.105236621, -0.157265869, -0.406119562, 0.488462164, -0.772243196, 0.55090332, -0.543212891, -0.633422852, -0.72906212, -0.682661963, -0.048393727, 4, 1, 
350.535295, 0.1, 0.1, -0.0709120948, 0.191848906, -0.0199649839, 3.65606878e-005, 0.380720876, -0.924690009, 2.6172263e-005, 0.924690009, 0.380720877, 0.999999999, -3.81206473e-005, 2.38429758e-005, 1.04384423e-005, 0.380719834, -0.924690439, 4.59715493e-005, 0.924690438, 0.380719834, 0.999999999, -4.64835742e-005, -7.84995286e-006, 0, 0, 0, 0, 0, 0, 0, 0.0829025635, 0.0812900146, -0.188876294, -0.275464463, 0.869640852, -0.409657257, -0.550170898, 0.206787109, 0.808959961, 0.788270689, 0.448211781, 0.42169325, 0, 0, 0, 0, 0, 0, 0, 0.125824707, 0.105236621, -0.157265869, -0.406119562, 0.488462164, -0.772243196, 0.55090332, -0.543212891, -0.633422852, -0.72906212, -0.682661963, -0.048393727, 4, 1, 
350.536083, 0.1, 0.1, -0.0709120986, 0.191848913, -0.0199649599, -2.76212583e-005, 0.380726221, -0.924687809, -2.10823081e-005, 0.924687809, 0.380726222, 0.999999999, 3.00106906e-005, -1.75144534e-005, 2.09955419e-007, 0.380725129, -0.924688259, -4.1482932e-005, 0.924688258, 0.380725129, 0.999999999, 3.82788448e-005, 1.59877379e-005, 0, 0, 0, 0, 0, 0, 0, 0.0829025635, 0.0812900146, -0.188876294, -0.275464463, 0.869640852, -0.409657257, -0.550170898, 0.206787109, 0.808959961, 0.788270689, 0.448211781, 0.42169325, 0, 0, 0, 0, 0, 0, 0, 0.125824707, 0.105236621, -0.157265869, -0.406119562, 0.488462164, -0.772243196, 0.55090332, -0.543212891, -0.633422852, -0.72906212, -0.682661963, -0.048393727, 4, 1, 
350.536873, 0.1, 0.1, -0.0709120968, 0.191848905, -0.0199651119, 2.80687768e-005, 0.380731657, -0.924685571, 2.52754264e-005, 0.924685571, 0.380731657, 0.999999999, -3.4058494e-005, 1.63316379e-005, 3.33480083e-006, 0.380730584, -0.924686013, 4.58825452e-005, 0.924686012, 0.380730583, 0.999999999, -4.36966085e-005, -1.43852445e-005, 0, 0, 0, 0, 0, 0, 0, 0.0829025635, 0.0812900146, -0.188876294, -0.275464463, 0.869640852, -0.409657257, -0.550170898, 0.206787109, 0.808959961, 0.788270689, 0.448211781, 0.42169325, 0, 0, 0, 0, 0, 0, 0, 0.125824707, 0.105236621, -0.157265869, -0.406119562, 0.488462164, -0.772243196, 0.55090332, -0.543212891, -0.633422852, -0.72906212, -0.682661963, -0.048393727, 4, 1, 
350.537684, 0.1, 0.1, -0.0709120983, 0.191848913, -0.0199651749, -3.81365488e-005, 0.380737298, -0.924683248, -2.82589524e-005, 0.924683248, 0.380737299, 0.999999999, 4.06505864e-005, -2.45049906e-005, -1.23520182e-005, 0.380736221, -0.924683692, -4.80141487e-005, 0.92468369, 0.380736221, 0.999999999, 4.9100761e-005, 6.85901579e-006, 0, 0, 0, 0, 0, 0, 0, 0.0829153809, 0.0810688477, -0.188642798, -0.275248416, 0.869704131, -0.409410131, -0.549316406, 0.20715332, 0.809448242, 0.78885443, 0.447830983, 0.420912557, 0, 0, 0, 0, 0, 0, 0, 0.126051367, 0.105193408, -0.157054102, -0.406145081, 0.487867916, -0.772524279, 0.551025391, -0.543579102, -0.63293457, -0.728819317, -0.682847164, -0.0480550419, 4, 1, 
350.538469, 0.1, 0.1, -0.0709120949, 0.191848907, -0.0199653249, 2.46033509e-005, 0.380742825, -0.924680973, 2.17826788e-005, 0.924680972, 0.380742825, 0.999999999, -2.95095779e-005, 1.44566518e-005, -1.67751742e-006, 0.380741751, -0.924681415, 4.06840172e-005, 0.924681414, 0.38074175, 0.999999999, -3.69810536e-005, -1.70412731e-005, 0, 0, 0, 0, 0, 0, 0, 0.0829153809, 0.0810688477, -0.188642798, -0.275248416, 0.869704131, -0.409410131, -0.549316406, 0.20715332, 0.809448242, 0.78885443, 0.447830983, 0.420912557, 0, 0, 0, 0, 0, 0, 0, 0.126051367, 0.105193408, -0.157054102, -0.406145081, 0.487867916, -0.772524279, 0.551025391, -0.543579102, -0.63293457, -0.728819317, -0.682847164, -0.0480550419, 4, 1, 
350.539258, 0.1, 0.1, -0.0709120972, 0.191848914, -0.0199656027, -2.91318449e-005, 0.380748414, -0.924678671, -2.31084375e-005, 0.924678671, 0.380748415, 0.999999999, 3.2459783e-005, -1.81390947e-005, -4.91868162e-006, 0.38074731, -0.924679126, -4.35156588e-005, 0.924679125, 0.380747309, 0.999999999, 4.21107961e-005, 1.20202678e-005, 0, 0, 0, 0, 0, 0, 0, 0.0829153809, 0.0810688477, -0.188642798, -0.275248416, 0.869704131, -0.409410131, -0.549316406, 0.20715332, 0.809448242, 0.78885443, 0.447830983, 0.420912557, 0, 0, 0, 0, 0, 0, 0, 0.126051367, 0.105193408, -0.157054102, -0.406145081, 0.487867916, -0.772524279, 0.551025391, -0.543579102, -0.63293457, -0.728819317, -0.682847164, -0.0480550419, 4, 1, 
350.540074, 0.1, 0.1, -0.0709120966, 0.191848906, -0.0199655903, 3.78379595e-005, 0.380754222, -0.924676279, 2.93584883e-005, 0.924676279, 0.380754223, 0.999999999, -4.15540606e-005, 2.38094952e-005, 1.18648725e-005, 0.380753107, -0.924676739, 4.92469498e-005, 0.924676738, 0.380753107, 0.999999999, -5.0055096e-005, -7.77975751e-006, 0, 0, 0, 0, 0, 0, 0, 0.0831548584, 0.0810770264, -0.188420898, -0.274949993, 0.869887978, -0.409429227, -0.549072266, 0.207397461, 0.809570313, 0.78917794, 0.447431088, 0.42079199, 0, 0, 0, 0, 0, 0, 0, 0.126028174, 0.104918652, -0.156828906, -0.406522046, 0.487152266, -0.772722239, 0.551025391, -0.543945313, -0.6328125, -0.728736194, -0.683045124, -0.0473393921, 4, 1, 
350.540858, 0.1, 0.1, -0.0709121011, 0.191848912, -0.0199655128, -2.3787801e-005, 0.380759854, -0.92467396, -2.00544101e-005, 0.92467396, 0.380759854, 1, 2.76012304e-005, -1.4360046e-005, 2.48431906e-006, 0.38075875, -0.924674415, -3.89555378e-005, 0.924674415, 0.380758749, 0.999999999, 3.50752629e-005, 1.71298481e-005, 0, 0, 0, 0, 0, 0, 0, 0.0831548584, 0.0810770264, -0.188420898, -0.274949993, 0.869887978, -0.409429227, -0.549072266, 0.207397461, 0.809570313, 0.78917794, 0.447431088, 0.42079199, 0, 0, 0, 0, 0, 0, 0, 0.126028174, 0.104918652, -0.156828906, -0.406522046, 0.487152266, -0.772722239, 0.551025391, -0.543945313, -0.6328125, -0.728736194, -0.683045124, -0.0473393921, 4, 1, 
350.54164, 0.1, 0.1, -0.0709120999, 0.191848905, -0.0199655811, 3.0052456e-005, 0.380765476, -0.924671645, 2.34242422e-005, 0.924671645, 0.380765477, 0.999999999, -3.31026703e-005, 1.88695112e-005, 6.06280628e-006, 0.380764369, -0.924672101, 4.37916483e-005, 0.9246721, 0.380764369, 0.999999999, -4.28014161e-005, -1.10681915e-005, 0, 0, 0, 0, 0, 0, 0, 0.0831548584, 0.0810770264, -0.188420898, -0.274949993, 0.869887978, -0.409429227, -0.549072266, 0.207397461, 0.809570313, 0.78917794, 0.447431088, 0.42079199, 0, 0, 0, 0, 0, 0, 0, 0.126028174, 0.104918652, -0.156828906, -0.406522046, 0.487152266, -0.772722239, 0.551025391, -0.543945313, -0.6328125, -0.728736194, -0.683045124, -0.0473393921, 4, 1, 
350.542424, 0.1, 0.1, -0.0709121018, 0.191848912, -0.0199657543, -3.49044178e-005, 0.38077112, -0.924669321, -2.64396299e-005, 0.924669321, 0.380771121, 0.999999999, 3.77385089e-005, -2.22075968e-005, -8.81493602e-006, 0.380769994, -0.924669785, -4.57313193e-005, 0.924669784, 0.380769994, 0.999999999, 4.56428323e-005, 9.26220917e-006, 0, 0, 0, 0, 0, 0, 0, 0.0831548584, 0.0810770264, -0.188420898, -0.274949993, 0.869887978, -0.409429227, -0.549072266, 0.207397461, 0.809570313, 0.78917794, 0.447431088, 0.42079199, 0, 0, 0, 0, 0, 0, 0, 0.126028174, 0.104918652, -0.156828906, -0.406522046, 0.487152266, -0.772722239, 0.551025391, -0.543945313, -0.6328125, -0.728736194, -0.683045124, -0.0473393921, 4, 1, 
350.543207, 0.1, 0.1, -0.0709120988, 0.191848907, -0.0199659652, 2.48238243e-005, 0.380776768, -0.924666995, 1.96980162e-005, 0.924666995, 0.380776769, 0.999999999, -2.76664411e-005, 1.54532241e-005, -8.61420213e-007, 0.380775656, -0.924667453, 3.87129235e-005, 0.924667453, 0.380775656, 0.999999999, -3.54685725e-005, -1.55374661e-005, 0, 0, 0, 0, 0, 0, 0, 0.0831548584, 0.0810770264, -0.188420898, -0.274949993, 0.869887978, -0.409429227, -0.549072266, 0.207397461, 0.809570313, 0.78917794, 0.447431088, 0.42079199, 0, 0, 0, 0, 0, 0, 0, 0.126028174, 0.104918652, -0.156828906, -0.406522046, 0.487152266, -0.772722239, 0.551025391, -0.543945313, -0.6328125, -0.728736194, -0.683045124, -0.0473393921, 4, 1, 
350.543995, 0.1, 0.1, -0.0709121009, 0.191848914, -0.0199661033, -3.02908338e-005, 0.380782453, -0.924664654, -2.43242173e-005, 0.924664654, 0.380782454, 0.999999999, 3.4025962e-005, -1.87466282e-005, -5.6499189e-006, 0.380781305, -0.924665128, -4.48201539e-005, 0.924665127, 0.380781304, 0.999999999, 4.35950168e-005, 1.18423937e-005, 0, 0, 0, 0, 0, 0, 0, 0.0831548584, 0.0810770264, -0.188420898, -0.274949993, 0.869887978, -0.409429227, -0.549072266, 0.207397461, 0.809570313, 0.78917794, 0.447431088, 0.42079199, 0, 0, 0, 0, 0, 0, 0, 0.126028174, 0.104918652, -0.156828906, -0.406522046, 0.487152266, -0.772722239, 0.551025391, -0.543945313, -0.6328125, -0.728736194, -0.683045124, -0.0473393921, 4, 1, 
350.544812, 0.1, 0.1, -0.0709120999, 0.191848907, -0.0199657865, 3.60311089e-005, 0.38078837, -0.924662217, 2.59923864e-005, 0.924662217, 0.380788371, 0.999999999, -3.77544049e-005, 2.34190066e-005, 1.02996701e-005, 0.380787238, -0.924662684, 4.57501008e-005, 0.924662683, 0.380787238, 0.999999999, -4.62253939e-005, -7.89733391e-006, 0, 0, 0, 0, 0, 0, 0, 0.0831710938, 0.0808510986, -0.188209131, -0.27465157, 0.869849786, -0.409626179, -0.548706055, 0.208007812, 0.809692383, 0.789501451, 0.447189954, 0.420328816, 0, 0, 0, 0, 0, 0, 0, 0.126228223, 0.104643896, -0.156608594, -0.40689901, 0.486436616, -0.773067121, 0.55090332, -0.544433594, -0.632446289, -0.728653072, -0.683243085, -0.046393699, 4, 1, 
350.545595, 0.1, 0.1, -0.0709121037, 0.191848913, -0.0199653399, -2.62969381e-005, 0.380794066, -0.924659872, -2.17811664e-005, 0.924659872, 0.380794067, 0.999999999, 3.01538885e-005, -1.60215845e-005, 3.82660833e-007, 0.380792935, -0.924660338, -4.13519304e-005, 0.924660337, 0.380792935, 0.999999999, 3.80907754e-005, 1.61003543e-005, 0, 0, 0, 0, 0, 0, 0, 0.0831710938, 0.0808510986, -0.188209131, -0.27465157, 0.869849786, -0.409626179, -0.548706055, 0.208007812, 0.809692383, 0.789501451, 0.447189954, 0.420328816, 0, 0, 0, 0, 0, 0, 0, 0.126228223, 0.104643896, -0.156608594, -0.40689901, 0.486436616, -0.773067121, 0.55090332, -0.544433594, -0.632446289, -0.728653072, -0.683243085, -0.046393699, 4, 1, 
350.54638, 0.1, 0.1, -0.0709121022, 0.191848906, -0.0199651218, 2.96115517e-005, 0.380799774, -0.924657521, 2.27512637e-005, 0.924657521, 0.380799775, 0.999999999, -3.23131993e-005, 1.87168679e-005, 4.72884747e-006, 0.380798633, -0.924657991, 4.35248932e-005, 0.92465799, 0.380798633, 0.999999999, -4.2046379e-005, -1.22016532e-005, 0, 0, 0, 0, 0, 0, 0, 0.0831710938, 0.0808510986, -0.188209131, -0.27465157, 0.869849786, -0.409626179, -0.548706055, 0.208007812, 0.809692383, 0.789501451, 0.447189954, 0.420328816, 0, 0, 0, 0, 0, 0, 0, 0.126228223, 0.104643896, -0.156608594, -0.40689901, 0.486436616, -0.773067121, 0.55090332, -0.544433594, -0.632446289, -0.728653072, -0.683243085, -0.046393699, 4, 1, 
350.547201, 0.1, 0.1, -0.0709121034, 0.191848914, -0.0199649439, -4.09568502e-005, 0.38080576, -0.924655055, -2.39643171e-005, 0.924655056, 0.380805761, 0.999999999, 3.77553315e-005, -2.87452086e-005, -1.19274728e-005, 0.380804499, -0.924655576, -4.60665411e-005, 0.924655574, 0.380804499, 0.999999999, 4.71377194e-005, 6.51354185e-006, 0, 0, 0, 0, 0, 0, 0, 0.0831710938, 0.0808510986, -0.188209131, -0.27465157, 0.869849786, -0.409626179, -0.548706055, 0.208007812, 0.809692383, 0.789501451, 0.447189954, 0.420328816, 0, 0, 0, 0, 0, 0, 0, 0.126228223, 0.104643896, -0.156608594, -0.40689901, 0.486436616, -0.773067121, 0.55090332, -0.544433594, -0.632446289, -0.728653072, -0.683243085, -0.046393699, 4, 1, 
350.548001, 0.1, 0.1, -0.0709120996, 0.191848907, -0.019964607, 2.51213612e-005, 0.380811637, -0.924652636, 2.39285719e-005, 0.924652635, 0.380811638, 0.999999999, -3.16921237e-005, 1.41162542e-005, -3.18621968e-006, 0.380810459, -0.924653121, 4.47535686e-005, 0.92465312, 0.380810459, 0.999999999, -4.01681811e-005, -1.9988775e-005, 0, 0, 0, 0, 0, 0, 0, 0.0831710938, 0.0808510986, -0.188209131, -0.27465157, 0.869849786, -0.409626179, -0.548706055, 0.208007812, 0.809692383, 0.789501451, 0.447189954, 0.420328816, 0, 0, 0, 0, 0, 0, 0, 0.126228223, 0.104643896, -0.156608594, -0.40689901, 0.486436616, -0.773067121, 0.55090332, -0.544433594, -0.632446289, -0.728653072, -0.683243085, -0.046393699, 4, 1, 
350.548795, 0.1, 0.1, -0.0709121019, 0.191848914, -0.0199644961, -3.03877195e-005, 0.380817531, -0.924650208, -2.47364152e-005, 0.924650208, 0.380817532, 0.999999999, 3.44447078e-005, -1.86779506e-005, -5.86260621e-006, 0.380816393, -0.924650677, -4.52628486e-005, 0.924650676, 0.380816393, 0.999999999, 4.40849002e-005, 1.1815972e-005, 0, 0, 0, 0, 0, 0, 0, 0.0831710938, 0.0808510986, -0.188209131, -0.27465157, 0.869849786, -0.409626179, -0.548706055, 0.208007812, 0.809692383, 0.789501451, 0.447189954, 0.420328816, 0, 0, 0, 0, 0, 0, 0, 0.126228223, 0.104643896, -0.156608594, -0.40689901, 0.486436616, -0.773067121, 0.55090332, -0.544433594, -0.632446289, -0.728653072, -0.683243085, -0.046393699, 4, 1, 
350.549654, 0.1, 0.1, -0.0709121014, 0.191848905, -0.0199639482, 4.24356146e-005, 0.38082394, -0.924647568, 3.26143968e-005, 0.924647568, 0.380823941, 0.999999999, -4.63173206e-005, 2.68176448e-005, 1.51408763e-005, 0.380822764, -0.924648053, 5.43500685e-005, 0.924648051, 0.380822765, 0.999999998, -5.60206753e-005, -6.69776157e-006, 0, 0, 0, 0, 0, 0, 0, 0.0831818359, 0.0806346924, -0.187984424, -0.274498802, 0.870014537, -0.409537812, -0.547607422, 0.208618164, 0.810302734, 0.79046599, 0.446669492, 0.419326085, 0, 0, 0, 0, 0, 0, 0, 0.126444873, 0.104585791, -0.1564, -0.407033172, 0.485586805, -0.773507885, 0.55090332, -0.544921875, -0.631958008, -0.728544431, -0.683332404, -0.0457035688, 4, 1, 
350.550461, 0.1, 0.1, -0.0709121064, 0.191848911, -0.0199636044, -2.53471526e-005, 0.38083003, -0.92464506, -2.43555872e-005, 0.92464506, 0.38083003, 0.999999999, 3.21732303e-005, -1.41617804e-005, 2.69570539e-006, 0.380828858, -0.924645544, -4.40939454e-005, 0.924645543, 0.380828857, 0.999999999, 3.97446677e-005, 1.92848188e-005, 0, 0, 0, 0, 0, 0, 0, 0.0831818359, 0.0806346924, -0.187984424, -0.274498802, 0.870014537, -0.409537812, -0.547607422, 0.208618164, 0.810302734, 0.79046599, 0.446669492, 0.419326085, 0, 0, 0, 0, 0, 0, 0, 0.126444873, 0.104585791, -0.1564, -0.407033172, 0.485586805, -0.773507885, 0.55090332, -0.544921875, -0.631958008, -0.728544431, -0.683332404, -0.0457035688, 4, 1, 
350.551279, 0.1, 0.1, -0.0709121053, 0.191848905, -0.019963737, 3.48105012e-005, 0.380836229, -0.924642507, 1.98323417e-005, 0.924642507, 0.38083623, 0.999999999, -3.15949262e-005, 2.46343948e-005, 7.58399857e-006, 0.380834962, -0.924643029, 4.31559221e-005, 0.924643028, 0.380834962, 0.999999999, -4.27920744e-005, -9.42279256e-006, 0, 0, 0, 0, 0, 0, 0, 0.0831818359, 0.0806346924, -0.187984424, -0.274498802, 0.870014537, -0.409537812, -0.547607422, 0.208618164, 0.810302734, 0.79046599, 0.446669492, 0.419326085, 0, 0, 0, 0, 0, 0, 0, 0.126444873, 0.104585791, -0.1564, -0.407033172, 0.485586805, -0.773507885, 0.55090332, -0.544921875, -0.631958008, -0.728544431, -0.683332404, -0.0457035688, 4, 1, 
350.55215, 0.1, 0.1, -0.0709121066, 0.191848915, -0.0199637324, -4.57725897e-005, 0.38084288, -0.924639767, -2.98144562e-005, 0.924639767, 0.380842881, 0.999999999, 4.49997968e-005, -3.09685333e-005, -1.26751389e-005, 0.380841425, -0.924640367, -5.50978068e-005, 0.924640366, 0.380841425, 0.999999998, 5.57728742e-005, 9.26358219e-006, 0, 0, 0, 0, 0, 0, 0, 0.0831994141, 0.0804135254, -0.187761792, -0.274181283, 0.870077816, -0.409512724, -0.54699707, 0.209106445, 0.810546875, 0.790910068, 0.446288694, 0.418704152, 0, 0, 0, 0, 0, 0, 0, 0.126444873, 0.104585791, -0.1564, -0.40765294, 0.484736994, -0.773756885, 0.550415039, -0.545532227, -0.631835937, -0.728486828, -0.683421722, -0.0445023127, 4, 1, 
350.552945, 0.1, 0.1, -0.070912102, 0.191848909, -0.0199636183, 2.26700776e-005, 0.380849018, -0.92463724, 2.1180378e-005, 0.92463724, 0.380849018, 1, -2.8218043e-005, 1.28950718e-005, -6.46731609e-006, 0.380847789, -0.924637746, 4.20199429e-005, 0.924637745, 0.380847789, 0.999999999, -3.63901623e-005, -2.19831269e-005, 0, 0, 0, 0, 0, 0, 0, 0.0831994141, 0.0804135254, -0.187761792, -0.274181283, 0.870077816, -0.409512724, -0.54699707, 0.209106445, 0.810546875, 0.790910068, 0.446288694, 0.418704152, 0, 0, 0, 0, 0, 0, 0, 0.126405078, 0.104304443, -0.156167969, -0.40765294, 0.484736994, -0.773756885, 0.550415039, -0.545532227, -0.631835937, -0.728486828, -0.683421722, -0.0445023127, 4, 1, 
350.553741, 0.1, 0.1, -0.0709121041, 0.191848916, -0.0199640126, -3.15834378e-005, 0.380855176, -0.924634703, -2.7394267e-005, 0.924634703, 0.380855177, 0.999999999, 3.73584058e-005, -1.87698942e-005, -6.68050667e-006, 0.380853977, -0.924635197, -4.88095473e-005, 0.924635196, 0.380853977, 0.999999999, 4.76753229e-005, 1.24122786e-005, 0, 0, 0, 0, 0, 0, 0, 0.0831994141, 0.0804135254, -0.187761792, -0.274181283, 0.870077816, -0.409512724, -0.54699707, 0.209106445, 0.810546875, 0.790910068, 0.446288694, 0.418704152, 0, 0, 0, 0, 0, 0, 0, 0.126405078, 0.104304443, -0.156167969, -0.40765294, 0.484736994, -0.773756885, 0.550415039, -0.545532227, -0.631835937, -0.728486828, -0.683421722, -0.0445023127, 4, 1, 
350.554572, 0.1, 0.1, -0.0709121033, 0.191848908, -0.0199645258, 4.03954647e-005, 0.380861608, -0.924632053, 2.99227986e-005, 0.924632053, 0.380861609, 0.999999999, -4.30526604e-005, 2.59544963e-005, 1.30305942e-005, 0.380860386, -0.924632557, 5.01869298e-005, 0.924632556, 0.380860386, 0.999999999, -5.13673064e-005, -7.06570179e-006, 0, 0, 0, 0, 0, 0, 0, 0.0831994141, 0.0804135254, -0.187761792, -0.274181283, 0.870077816, -0.409512724, -0.54699707, 0.209106445, 0.810546875, 0.790910068, 0.446288694, 0.418704152, 0, 0, 0, 0, 0, 0, 0, 0.126405078, 0.104304443, -0.156167969, -0.40765294, 0.484736994, -0.773756885, 0.550415039, -0.545532227, -0.631835937, -0.728486828, -0.683421722, -0.0445023127, 4, 1, 
350.55537, 0.1, 0.1, -0.0709121084, 0.191848914, -0.0199650672, -2.1913323e-005, 0.3808678, -0.924629503, -2.08456811e-005, 0.924629503, 0.380867801, 1, 2.76206109e-005, -1.23222562e-005, 5.02646209e-006, 0.380866589, -0.924630002, -4.04422183e-005, 0.924630002, 0.380866589, 0.999999999, 3.5479677e-005, 2.00507074e-005, 0, 0, 0, 0, 0, 0, 0, 0.0831994141, 0.0804135254, -0.187761792, -0.274181283, 0.870077816, -0.409512724, -0.54699707, 0.209106445, 0.810546875, 0.790910068, 0.446288694, 0.418704152, 0, 0, 0, 0, 0, 0, 0, 0.126405078, 0.104304443, -0.156167969, -0.40765294, 0.484736994, -0.773756885, 0.550415039, -0.545532227, -0.631835937, -0.728486828, -0.683421722, -0.0445023127, 4, 1, 
350.556168, 0.1, 0.1, -0.0709121077, 0.191848907, -0.019965651, 3.29533393e-005, 0.380873957, -0.924626967, 2.48709795e-005, 0.924626967, 0.380873958, 0.999999999, -3.55474471e-005, 2.09968378e-005, 8.71309064e-006, 0.380872752, -0.924627464, 4.52748164e-005, 0.924627463, 0.380872752, 0.999999999, -4.51809175e-005, -9.18758104e-006, 0, 0, 0, 0, 0, 0, 0, 0.0831994141, 0.0804135254, -0.187761792, -0.274181283, 0.870077816, -0.409512724, -0.54699707, 0.209106445, 0.810546875, 0.790910068, 0.446288694, 0.418704152, 0, 0, 0, 0, 0, 0, 0, 0.126405078, 0.104304443, -0.156167969, -0.40765294, 0.484736994, -0.773756885, 0.550415039, -0.545532227, -0.631835937, -0.728486828, -0.683421722, -0.0445023127, 4, 1, 
350.55703, 0.1, 0.1, -0.0709121097, 0.191848916, -0.0199654611, -3.91133516e-005, 0.380880598, -0.924624231, -2.82266482e-005, 0.924624231, 0.380880599, 0.999999999, 4.09965596e-005, -2.541417e-005, -1.21895297e-005, 0.380879351, -0.924624745, -4.90065725e-005, 0.924624744, 0.380879352, 0.999999999, 4.99554298e-005, 7.39485074e-006, 0, 0, 0, 0, 0, 0, 0, 0.0834205811, 0.0804169434, -0.187307129, -0.274244563, 0.870160191, -0.409328878, -0.546508789, 0.209228516, 0.810791016, 0.791290866, 0.446028463, 0.418304257, 0, 0, 0, 0, 0, 0, 0, 0.126588525, 0.104046289, -0.155922754, -0.408272707, 0.484264147, -0.773737562, 0.550170898, -0.545776367, -0.631835937, -0.728429226, -0.683594163, -0.0435183401, 4, 1, 
350.557823, 0.1, 0.1, -0.0709121061, 0.19184891, -0.0199648796, 2.48839673e-005, 0.380886711, -0.924621713, 2.14760098e-005, 0.924621713, 0.380886711, 0.999999999, -2.93351574e-005, 1.48283297e-005, -2.15062363e-006, 0.380885518, -0.924622205, 4.1147764e-005, 0.924622204, 0.380885518, 0.999999999, -3.72269949e-005, -1.76611018e-005, 0, 0, 0, 0, 0, 0, 0, 0.0834205811, 0.0804169434, -0.187307129, -0.274244563, 0.870160191, -0.409328878, -0.546508789, 0.209228516, 0.810791016, 0.791290866, 0.446028463, 0.418304257, 0, 0, 0, 0, 0, 0, 0, 0.126588525, 0.104046289, -0.155922754, -0.408272707, 0.484264147, -0.773737562, 0.550170898, -0.545776367, -0.631835937, -0.728429226, -0.683594163, -0.0435183401, 4, 1, 
350.559057, 0.1, 0.1, -0.0709121056, 0.191848927, -0.0199592314, -2.95612854e-005, 0.380896299, -0.924617763, -3.43076744e-005, 0.924617763, 0.3808963, 0.999999999, 4.29812694e-005, -1.42652234e-005, -3.09536618e-005, 0.380894262, -0.924618602, -6.2643564e-005, 0.9246186, 0.380894264, 0.999999998, 6.97114768e-005, -4.7597574e-006, 0, 0, 0, 0, 0, 0, 0, 0.0834205811, 0.0804169434, -0.187307129, -0.274244563, 0.870160191, -0.409328878, -0.546508789, 0.209228516, 0.810791016, 0.791290866, 0.446028463, 0.418304257, 0, 0, 0, 0, 0, 0, 0, 0.126588525, 0.104046289, -0.155922754, -0.408272707, 0.484264147, -0.773737562, 0.550170898, -0.545776367, -0.631835937, -0.728429226, -0.683594163, -0.0435183401, 4, 1, 
350.560353, 0.1, 0.1, -0.070912108, 0.191848925, -0.0199460579, 4.94074474e-006, 0.38090575, -0.92461387, -2.16979587e-005, 0.92461387, 0.38090575, 1, 1.81802755e-005, 1.28331584e-005, -9.99953251e-006, 0.380904001, -0.924614591, -1.1311136e-005, 0.924614591, 0.380904001, 1, 1.42673034e-005, -4.93725669e-006, 0, 0, 0, 0, 0, 0, 0, 0.0834205811, 0.0804169434, -0.187307129, -0.274244563, 0.870160191, -0.409328878, -0.546508789, 0.209228516, 0.810791016, 0.791290866, 0.446028463, 0.418304257, 0, 0, 0, 0, 0, 0, 0, 0.126588525, 0.104046289, -0.155922754, -0.408272707, 0.484264147, -0.773737562, 0.550170898, -0.545776367, -0.631835937, -0.728429226, -0.683594163, -0.0435183401, 4, 1, 
350.561674, 0.1, 0.1, -0.0709121088, 0.191848929, -0.0199330845, -3.57740186e-006, 0.380913914, -0.924610507, 5.55962713e-006, 0.924610507, 0.380913914, 1, -3.77780751e-006, -5.42544268e-006, 9.38076276e-007, 0.380912297, -0.924611173, -4.14527292e-005, 0.924611173, 0.380912297, 0.999999999, 3.79703318e-005, 1.66572101e-005, 0, 0, 0, 0, 0, 0, 0, 0.0834205811, 0.0804169434, -0.187307129, -0.274313833, 0.870426414, -0.408555298, -0.544799805, 0.209350586, 0.812011719, 0.792414165, 0.445368338, 0.416945815, 0, 0, 0, 0, 0, 0, 0, 0.126588525, 0.104046289, -0.155922754, -0.408272707, 0.484264147, -0.773737562, 0.550170898, -0.545776367, -0.631835937, -0.728429226, -0.683594163, -0.0435183401, 4, 1, 
350.562996, 0.1, 0.1, -0.0709121097, 0.191848935, -0.0199259857, 1.2515818e-005, 0.380920941, -0.924607612, -7.45898239e-007, 0.924607612, 0.380920941, 1, -4.077874e-006, 1.18563489e-005, -6.09445859e-006, 0.380919651, -0.924608144, 6.55252163e-006, 0.924608144, 0.380919651, 1, -3.73701582e-006, -8.13097029e-006, 0, 0, 0, 0, 0, 0, 0, 0.083420459, 0.0802052979, -0.187048486, -0.274313833, 0.870426414, -0.408555298, -0.544799805, 0.209350586, 0.812011719, 0.792414165, 0.445368338, 0.416945815, 0, 0, 0, 0, 0, 0, 0, 0.126538721, 0.104013086, -0.155669238, -0.409001117, 0.483778541, -0.773596837, 0.549560547, -0.546142578, -0.632080078, -0.728505784, -0.683645203, -0.0425216076, 4, 1, 
350.564318, 0.1, 0.1, -0.0709121053, 0.191848938, -0.0199288525, -3.00909828e-005, 0.380926987, -0.924605121, -1.57307682e-005, 0.924605121, 0.380926988, 0.999999999, 2.60072163e-005, -2.18300026e-005, 7.96343869e-006, 0.380925741, -0.924605635, 1.31137472e-005, 0.924605635, 0.380925741, 1, -1.51585233e-005, 2.36767642e-006, 0, 0, 0, 0, 0, 0, 0, 0.083420459, 0.0802052979, -0.187048486, -0.274313833, 0.870426414, -0.408555298, -0.544799805, 0.209350586, 0.812011719, 0.792414165, 0.445368338, 0.416945815, 0, 0, 0, 0, 0, 0, 0, 0.126538721, 0.104013086, -0.155669238, -0.40997233, 0.483401576, -0.77338575, 0.548583984, -0.546630859, -0.632446289, -0.728607863, -0.68356208, -0.041026509, 4, 1, 
350.565618, 0.1, 0.1, -0.0709121156, 0.191848939, -0.0199382415, -1.87018047e-005, 0.380932154, -0.924602993, 1.0404501e-005, 0.924602993, 0.380932153, 1, -2.49591406e-006, -2.12551535e-005, 3.45403327e-005, 0.380931111, -0.924603422, -1.76909661e-005, 0.924603422, 0.380931111, 0.999999999, 3.19964053e-006, 3.86751492e-005, 0, 0, 0, 0, 0, 0, 0, 0.083420459, 0.0802052979, -0.187048486, -0.274313833, 0.870426414, -0.408555298, -0.544799805, 0.209350586, 0.812011719, 0.792414165, 0.445368338, 0.416945815, 0, 0, 0, 0, 0, 0, 0, 0.126695557, 0.10376665, -0.155400586, -0.40997233, 0.483401576, -0.77338575, 0.548583984, -0.546630859, -0.632446289, -0.728607863, -0.68356208, -0.041026509, 4, 1, 
350.566939, 0.1, 0.1, -0.0709121142, 0.191848938, -0.0199490591, 6.39370377e-006, 0.380936569, -0.924601174, -4.07574143e-006, 0.924601174, 0.380936569, 1, 1.33283974e-006, 7.46422497e-006, 3.2427035e-005, 0.380935749, -0.924601511, 1.12200383e-005, 0.924601511, 0.38093575, 0.999999999, -2.27266812e-005, 2.57079718e-005, 0, 0, 0, 0, 0, 0, 0, 0.0834250977, 0.0802168945, -0.186800708, -0.274281633, 0.870692636, -0.408003758, -0.543334961, 0.209594727, 0.812866211, 0.7933978, 0.444708212, 0.415746132, 0, 0, 0, 0, 0, 0, 0, 0.126695557, 0.10376665, -0.155400586, -0.40997233, 0.483401576, -0.77338575, 0.548583984, -0.546630859, -0.632446289, -0.728607863, -0.68356208, -0.041026509, 4, 1, 
350.568248, 0.1, 0.1, -0.0709121076, 0.191848933, -0.0199549664, 2.45105109e-005, 0.380940397, -0.924599596, 1.5316101e-005, 0.924599596, 0.380940397, 1, -2.34983046e-005, 1.68278869e-005, 1.02546229e-005, 0.380939703, -0.924599882, 1.72275887e-005, 0.924599882, 0.380939703, 1, -1.98350195e-005, 2.91875066e-006, 0, 0, 0, 0, 0, 0, 0, 0.0834250977, 0.0802168945, -0.186800708, -0.274281633, 0.870692636, -0.408003758, -0.543334961, 0.209594727, 0.812866211, 0.7933978, 0.444708212, 0.415746132, 0, 0, 0, 0, 0, 0, 0, 0.126695557, 0.10376665, -0.155400586, -0.40997233, 0.483401576, -0.77338575, 0.548583984, -0.546630859, -0.632446289, -0.728607863, -0.68356208, -0.041026509, 4, 1, 
350.569595, 0.1, 0.1, -0.0709120973, 0.191848943, -0.0199533569, 1.03261304e-005, 0.380943795, -0.924598196, -1.55918343e-005, 0.924598196, 0.380943795, 1, 1.04825066e-005, 1.54871341e-005, -4.27423698e-005, 0.380943197, -0.924598442, -3.694765e-005, 0.924598442, 0.380943198, 0.999999998, 5.04441547e-005, -2.54445726e-005, 0, 0, 0, 0, 0, 0, 0, 0.0834432861, 0.0800039063, -0.186343237, -0.273989201, 0.870939762, -0.407712448, -0.541870117, 0.210327148, 0.813720703, 0.794463811, 0.44392752, 0.414464074, 0, 0, 0, 0, 0, 0, 0, 0.12662085, 0.103741748, -0.155127051, -0.411064944, 0.483037371, -0.773027742, 0.547729492, -0.546875, -0.633056641, -0.728722701, -0.68360036, -0.0397614537, 4, 1, 
350.570885, 0.1, 0.1, -0.070912101, 0.191848923, -0.019946442, -2.87788805e-005, 0.380945226, -0.924597607, -5.0647838e-006, 0.924597607, 0.380945226, 1, 1.56460641e-005, -2.46794789e-005, -2.25091305e-005, 0.380945109, -0.924597655, 6.16318223e-005, 0.924597654, 0.380945107, 0.999999998, -4.84098953e-005, -4.42902306e-005, 0, 0, 0, 0, 0, 0, 0, 0.0834432861, 0.0800039063, -0.186343237, -0.273989201, 0.870939762, -0.407712448, -0.541870117, 0.210327148, 0.813720703, 0.794463811, 0.44392752, 0.414464074, 0, 0, 0, 0, 0, 0, 0, 0.12662085, 0.103741748, -0.155127051, -0.411064944, 0.483037371, -0.773027742, 0.547729492, -0.546875, -0.633056641, -0.728722701, -0.68360036, -0.0397614537, 4, 1, 
