time, realDorsalTactorPos, realVentralTactorPos, boxPosX, boxPosY, boxPosZ, boxLocalRot_11, boxLocalRot_12, boxLocalRot_13, boxLocalRot_21, boxLocalRot_22, boxLocalRot_23, boxLocalRot_31, boxLocalRot_32, boxLocalRot_33, boxGlobalRot_11, boxGlobalRot_12, boxGlobalRot_13, boxGlobalRot_21, boxGlobalRot_22, boxGlobalRot_23, boxGlobalRot_31, boxGlobalRot_32, boxGlobalRot_33, indexForceX, indexForceY, indexForceZ, indexForceGlobalX, indexForceGlobalY, indexForceGlobalZ, indexContact, indexPosX, indexPosY, indexPosZ, indexRot_11, indexRot_12, indexRot_13, indexRot_21, indexRot_22, indexRot_23, indexRot_31, indexRot_32, indexRot_33, thumbForceX, thumbForceY, thumbForceZ, thumbForceGlobalX, thumbForceGlobalY, thumbForceGlobalZ, thumbContact, thumbPosX, thumbPosY, thumbPosZ, thumbRot_11, thumbRot_12, thumbRot_13, thumbRot_21, thumbRot_22, thumbRot_23, thumbRot_31, thumbRot_32, thumbRot_33, mapping, trialSuccess, 
364.477793, 0.1, 0.1, 0.117090661, -0.186670454, -0.0199504389, 0.956340156, -0.29225589, 1.83608922e-005, 0.29225589, 0.956340155, -4.18424996e-005, -5.33054153e-006, 4.53817415e-005, 0.999999999, 0.956339911, -0.292256693, 3.25762629e-005, 0.292256691, 0.956339911, 4.21753702e-005, -4.34800146e-005, -3.0813359e-005, 0.999999999, 0, 0, 0, 0, 0, 0, 0, 0.0999143066, -0.177324536, -0.29981958, -0.837911627, 0.545050732, 0.0286565509, -0.236694336, -0.41015625, 0.880737305, 0.491870325, 0.73123309, 0.472773298, 0, 0, 0, 0, 0, 0, 0, 0.153729199, -0.1444104, -0.265590332, -0.697343246, 0.316864625, -0.642819476, 0.700317383, 0.110229492, -0.705200195, -0.152585519, -0.941887016, -0.298810315, 5, 1, 
364.481882, 0.1, 0.1, 0.117089118, -0.186665768, -0.0199608033, 0.956348168, -0.292229653, -0.00011038677, 0.292229623, 0.956348155, -0.000231030396, 0.000173082117, 0.000188687212, 0.999999967, 0.95634795, -0.29223036, -0.000124917914, 0.292230322, 0.956347935, -0.000256776321, 0.000194502826, 0.000209062706, 0.999999959, 0, 0, 0, 0, 0, 0, 0, 0.0998220947, -0.179487915, -0.298149805, -0.827773867, 0.559777932, 0.0359542581, -0.230712891, -0.398071289, 0.887817383, 0.511398883, 0.726675876, 0.458763894, 0, 0, 0, 0, 0, 0, 0, 0.153098438, -0.145333398, -0.265403857, -0.693432875, 0.316538699, -0.647113008, 0.704101563, 0.107788086, -0.701782227, -0.152420008, -0.9422895, -0.297665928, 5, 1, 
364.48292, 0.1, 0.1, 0.117088791, -0.186664853, -0.0199671773, 0.956349294, -0.292225977, 8.28527773e-005, 0.292225959, 0.956349286, 0.000179160903, -0.000131591664, -0.000147128671, 0.999999981, 0.956349079, -0.292226688, 4.07793467e-005, 0.292226683, 0.956349077, 9.61038476e-005, -6.70833996e-005, -7.99920129e-005, 0.999999995, 0, 0, 0, 0, 0, 0, 0, 0.0998220947, -0.179487915, -0.298149805, -0.827773867, 0.559777932, 0.0359542581, -0.230712891, -0.398071289, 0.887817383, 0.511398883, 0.726675876, 0.458763894, 0, 0, 0, 0, 0, 0, 0, 0.153098438, -0.145333398, -0.265403857, -0.693432875, 0.316538699, -0.647113008, 0.704101563, 0.107788086, -0.701782227, -0.152420008, -0.9422895, -0.297665928, 5, 1, 
364.483985, 0.1, 0.1, 0.117088421, -0.186664013, -0.0199674591, 0.956350276, -0.292222746, 0.000128895115, 0.292222716, 0.956350271, 0.000210456276, -0.000184768989, -0.000163603837, 0.99999997, 0.956350092, -0.292223336, 0.000150023798, 0.292223295, 0.956350084, 0.000249534703, -0.000216395136, -0.000194802088, 0.999999958, 0, 0, 0, 0, 0, 0, 0, 0.0998220947, -0.179487915, -0.298149805, -0.827773867, 0.559777932, 0.0359542581, -0.230712891, -0.398071289, 0.887817383, 0.511398883, 0.726675876, 0.458763894, 0, 0, 0, 0, 0, 0, 0, 0.153098438, -0.145333398, -0.265403857, -0.693432875, 0.316538699, -0.647113008, 0.704101563, 0.107788086, -0.701782227, -0.152420008, -0.9422895, -0.297665928, 5, 1, 
364.485016, 0.1, 0.1, 0.117088106, -0.186663128, -0.0199622674, 0.956351035, -0.292220276, -9.14851415e-005, 0.292220263, 0.956351034, -0.000130227915, 0.000125547147, 9.78097887e-005, 0.999999987, 0.956350893, -0.292220749, -6.28464821e-005, 0.292220743, 0.956350893, -8.71290213e-005, 8.55641971e-005, 6.49608716e-005, 0.999999994, 0, 0, 0, 0, 0, 0, 0, 0.0998220947, -0.179487915, -0.298149805, -0.827773867, 0.559777932, 0.0359542581, -0.230712891, -0.398071289, 0.887817383, 0.511398883, 0.726675876, 0.458763894, 0, 0, 0, 0, 0, 0, 0, 0.153098438, -0.145333398, -0.265403857, -0.693432875, 0.316538699, -0.647113008, 0.704101563, 0.107788086, -0.701782227, -0.152420008, -0.9422895, -0.297665928, 5, 1, 
364.486107, 0.1, 0.1, 0.117087791, -0.186662174, -0.0199533177, 0.9563518, -0.292217785, 2.4420307e-005, 0.292217784, 0.9563518, 3.8501822e-005, -3.46053217e-005, -2.96852387e-005, 0.999999999, 0.956351664, -0.292218231, -2.8455069e-005, 0.29221823, 0.956351664, -4.35664498e-005, 3.99439634e-005, 3.33497569e-005, 0.999999999, 0, 0, 0, 0, 0, 0, 0, 0.100500488, -0.178837598, -0.298537061, -0.827684378, 0.559535675, 0.0413558266, -0.228027344, -0.40246582, 0.886474609, 0.51274422, 0.724365999, 0.460874576, 0, 0, 0, 0, 0, 0, 0, 0.153627197, -0.14512334, -0.265709131, -0.692946902, 0.316270376, -0.647784182, 0.705200195, 0.110351562, -0.700317383, -0.150036819, -0.942072217, -0.299454869, 5, 1, 
364.487147, 0.1, 0.1, 0.117087467, -0.18666133, -0.0199457648, 0.956352389, -0.292215859, 1.60245969e-006, 0.292215859, 0.956352389, -2.35325161e-005, 5.34405827e-006, 2.29736421e-005, 1, 0.956352284, -0.2922162, 4.38165395e-005, 0.292216198, 0.956352284, 5.07528336e-005, -5.67348478e-005, -3.57336857e-005, 0.999999998, 0, 0, 0, 0, 0, 0, 0, 0.100500488, -0.178837598, -0.298537061, -0.827684378, 0.559535675, 0.0413558266, -0.228027344, -0.40246582, 0.886474609, 0.51274422, 0.724365999, 0.460874576, 0, 0, 0, 0, 0, 0, 0, 0.153627197, -0.14512334, -0.265709131, -0.692946902, 0.316270376, -0.647784182, 0.705200195, 0.110351562, -0.700317383, -0.150036819, -0.942072217, -0.299454869, 5, 1, 
364.488126, 0.1, 0.1, 0.117087181, -0.186660523, -0.0199434295, 0.9563529, -0.292214187, 1.76633472e-005, 0.292214186, 0.956352899, 4.94479431e-005, -3.13417838e-005, -4.21282031e-005, 0.999999999, 0.956352794, -0.292214532, 7.85852757e-006, 0.292214532, 0.956352794, 2.12404705e-005, -1.3722299e-005, -1.80170074e-005, 1, 0, 0, 0, 0, 0, 0, 0, 0.100500488, -0.178837598, -0.298537061, -0.826540862, 0.56103865, 0.0449417706, -0.2265625, -0.404541016, 0.885986328, 0.515282127, 0.72215048, 0.46166613, 0, 0, 0, 0, 0, 0, 0, 0.153627197, -0.14512334, -0.265709131, -0.692946902, 0.316270376, -0.647784182, 0.705200195, 0.110351562, -0.700317383, -0.150036819, -0.942072217, -0.299454869, 5, 1, 
364.488929, 0.1, 0.1, 0.117086946, -0.18665987, -0.0199476368, 0.956353189, -0.292213242, 1.42424078e-005, 0.292213242, 0.956353187, -4.51344443e-005, -4.31889775e-007, 4.73262899e-005, 0.999999999, 0.956353147, -0.292213378, 1.90581389e-005, 0.292213378, 0.956353146, -4.30178133e-005, -5.65593056e-006, 4.67092643e-005, 0.999999999, 0, 0, 0, 0, 0, 0, 0, 0.10056665, -0.177428076, -0.298128149, -0.826540862, 0.56103865, 0.0449417706, -0.2265625, -0.404541016, 0.885986328, 0.515282127, 0.72215048, 0.46166613, 0, 0, 0, 0, 0, 0, 0, 0.153716064, -0.144245264, -0.265799463, -0.692326768, 0.316014813, -0.648576757, 0.706298828, 0.112670898, -0.698852539, -0.147762271, -0.941976335, -0.30125657, 5, 1, 
364.489733, 0.1, 0.1, 0.11708672, -0.186659237, -0.019957321, 0.956353503, -0.292212212, 2.10614644e-005, 0.292212211, 0.956353503, 1.53824129e-005, -2.46371341e-005, -8.55660736e-006, 1, 0.956353426, -0.292212466, 5.79944197e-006, 0.292212465, 0.956353425, 2.65385774e-005, -1.33012193e-005, -2.36855902e-005, 1, 0, 0, 0, 0, 0, 0, 0, 0.10056665, -0.177428076, -0.298128149, -0.826540862, 0.56103865, 0.0449417706, -0.2265625, -0.404541016, 0.885986328, 0.515282127, 0.72215048, 0.46166613, 0, 0, 0, 0, 0, 0, 0, 0.153716064, -0.144245264, -0.265799463, -0.692326768, 0.316014813, -0.648576757, 0.706298828, 0.112670898, -0.698852539, -0.147762271, -0.941976335, -0.30125657, 5, 1, 
364.490608, 0.1, 0.1, 0.117086488, -0.186658573, -0.0199687294, 0.956354039, -0.292210455, -4.95030456e-005, 0.292210455, 0.95635404, -1.58746196e-005, 5.19811674e-005, 7.16449077e-007, 0.999999999, 0.956353925, -0.29221083, -4.06755268e-005, 0.292210829, 0.956353925, -3.65829345e-005, 4.95901294e-005, 2.31004036e-005, 0.999999999, 0, 0, 0, 0, 0, 0, 0, 0.10056665, -0.177428076, -0.298128149, -0.826540862, 0.56103865, 0.0449417706, -0.2265625, -0.404541016, 0.885986328, 0.515282127, 0.72215048, 0.46166613, 0, 0, 0, 0, 0, 0, 0, 0.153716064, -0.144245264, -0.265799463, -0.692326768, 0.316014813, -0.648576757, 0.706298828, 0.112670898, -0.698852539, -0.147762271, -0.941976335, -0.30125657, 5, 1, 
364.491432, 0.1, 0.1, 0.117086278, -0.18665799, -0.0199764928, 0.956354749, -0.292208134, 1.91078774e-005, 0.292208133, 0.956354748, 5.60029926e-005, -3.46384392e-005, -4.79752507e-005, 0.999999998, 0.956354605, -0.292208606, 7.42426315e-006, 0.292208605, 0.956354603, 6.39949132e-005, -2.58000926e-005, -5.90323964e-005, 0.999999998, 0, 0, 0, 0, 0, 0, 0, 0.10056665, -0.177428076, -0.298128149, -0.826540862, 0.56103865, 0.0449417706, -0.2265625, -0.404541016, 0.885986328, 0.515282127, 0.72215048, 0.46166613, 0, 0, 0, 0, 0, 0, 0, 0.153716064, -0.144245264, -0.265799463, -0.692326768, 0.316014813, -0.648576757, 0.706298828, 0.112670898, -0.698852539, -0.147762271, -0.941976335, -0.30125657, 5, 1, 
364.492255, 0.1, 0.1, 0.117086066, -0.186657402, -0.0199794123, 0.956355522, -0.292205604, -6.53207153e-006, 0.292205602, 0.95635552, -7.52483732e-005, 2.8234979e-005, 7.00554894e-005, 0.999999997, 0.956355369, -0.292206107, 3.08146459e-006, 0.292206107, 0.956355367, -5.83916452e-005, 1.41154201e-005, 5.67435861e-005, 0.999999998, 0, 0, 0, 0, 0, 0, 0, 0.10056665, -0.177428076, -0.298128149, -0.826540862, 0.56103865, 0.0449417706, -0.2265625, -0.404541016, 0.885986328, 0.515282127, 0.72215048, 0.46166613, 0, 0, 0, 0, 0, 0, 0, 0.153716064, -0.144245264, -0.265799463, -0.692326768, 0.316014813, -0.648576757, 0.706298828, 0.112670898, -0.698852539, -0.147762271, -0.941976335, -0.30125657, 5, 1, 
364.493143, 0.1, 0.1, 0.117085843, -0.18665677, -0.019976086, 0.95635638, -0.292202795, 1.5716068e-005, 0.292202795, 0.956356381, 1.37584845e-005, -1.90504295e-005, -8.56573546e-006, 1, 0.956356224, -0.292203306, 2.11604667e-006, 0.292203306, 0.956356224, -2.29185912e-005, 4.67319371e-006, 2.25366532e-005, 1, 0, 0, 0, 0, 0, 0, 0, 0.100620605, -0.175825098, -0.297869971, -0.82563848, 0.561982972, 0.0499303402, -0.224121094, -0.407714844, 0.885131836, 0.517858227, 0.719529076, 0.462729897, 0, 0, 0, 0, 0, 0, 0, 0.154026709, -0.143390381, -0.265886377, -0.691879074, 0.315382286, -0.649394852, 0.707275391, 0.115356445, -0.697387695, -0.145014877, -0.941797331, -0.302815468, 5, 1, 
364.49395, 0.1, 0.1, 0.117085641, -0.18665622, -0.0199689726, 0.956357043, -0.292200626, -1.65883971e-005, 0.292200626, 0.956357043, -3.92330485e-007, 1.59790696e-005, -4.47193201e-006, 1, 0.956356929, -0.292201002, 2.48758747e-006, 0.292201001, 0.956356928, 2.98134084e-005, -1.10905293e-005, -2.77853841e-005, 1, 0, 0, 0, 0, 0, 0, 0, 0.100620605, -0.175825098, -0.297869971, -0.82563848, 0.561982972, 0.0499303402, -0.224121094, -0.407714844, 0.885131836, 0.517858227, 0.719529076, 0.462729897, 0, 0, 0, 0, 0, 0, 0, 0.154026709, -0.143390381, -0.265886377, -0.691879074, 0.315382286, -0.649394852, 0.707275391, 0.115356445, -0.697387695, -0.145014877, -0.941797331, -0.302815468, 5, 1, 
364.494751, 0.1, 0.1, 0.117085446, -0.186655667, -0.0199611581, 0.956357472, -0.292199221, 1.62438283e-005, 0.292199221, 0.956357472, -1.74419076e-005, -1.04383948e-005, 2.14271327e-005, 1, 0.956357407, -0.292199436, 1.48768833e-005, 0.292199437, 0.956357406, -4.28081589e-005, -1.71909761e-006, 4.52869168e-005, 0.999999999, 0, 0, 0, 0, 0, 0, 0, 0.100620605, -0.175825098, -0.297869971, -0.82563848, 0.561982972, 0.0499303402, -0.224121094, -0.407714844, 0.885131836, 0.517858227, 0.719529076, 0.462729897, 0, 0, 0, 0, 0, 0, 0, 0.154026709, -0.143390381, -0.265886377, -0.691879074, 0.315382286, -0.649394852, 0.707275391, 0.115356445, -0.697387695, -0.145014877, -0.941797331, -0.302815468, 5, 1, 
364.495639, 0.1, 0.1, 0.117085239, -0.186655084, -0.0199535967, 0.956357665, -0.292198592, 1.02203399e-005, 0.292198592, 0.956357665, 1.12471449e-005, -1.30607003e-005, -7.7699243e-006, 1, 0.956357635, -0.292198688, -2.50618692e-005, 0.292198689, 0.956357635, 3.30964784e-005, 1.42973624e-005, -3.89751151e-005, 0.999999999, 0, 0, 0, 0, 0, 0, 0, 0.100620605, -0.175825098, -0.297869971, -0.82563848, 0.561982972, 0.0499303402, -0.224121094, -0.407714844, 0.885131836, 0.517858227, 0.719529076, 0.462729897, 0, 0, 0, 0, 0, 0, 0, 0.154026709, -0.143390381, -0.265886377, -0.691879074, 0.315382286, -0.649394852, 0.707275391, 0.115356445, -0.697387695, -0.145014877, -0.941797331, -0.302815468, 5, 1, 
364.496452, 0.1, 0.1, 0.117085043, -0.186654537, -0.0199508666, 0.956357974, -0.292197578, 2.41835533e-006, 0.292197578, 0.956357974, -3.21152453e-005, 7.07118351e-006, 3.14203086e-005, 0.999999999, 0.956357901, -0.292197817, 5.05268557e-007, 0.292197817, 0.956357899, -6.38636375e-005, 1.81775979e-005, 6.12241327e-005, 0.999999998, 0, 0, 0, 0, 0, 0, 0, 0.100620605, -0.175825098, -0.297869971, -0.82563848, 0.561982972, 0.0499303402, -0.224121094, -0.407714844, 0.885131836, 0.517858227, 0.719529076, 0.462729897, 0, 0, 0, 0, 0, 0, 0, 0.154026709, -0.143390381, -0.265886377, -0.691879074, 0.315382286, -0.649394852, 0.707275391, 0.115356445, -0.697387695, -0.145014877, -0.941797331, -0.302815468, 5, 1, 
364.497285, 0.1, 0.1, 0.117084848, -0.186654006, -0.0199530843, 0.956358293, -0.292196535, -1.1050021e-005, 0.292196535, 0.956358293, 1.03450974e-005, 7.54497764e-006, -1.31223976e-005, 1, 0.956358246, -0.292196691, -1.29212365e-005, 0.292196691, 0.956358245, 4.19647314e-005, 9.53753965e-008, -4.39088594e-005, 0.999999999, 0, 0, 0, 0, 0, 0, 0, 0.100620605, -0.175825098, -0.297869971, -0.82563848, 0.561982972, 0.0499303402, -0.224121094, -0.407714844, 0.885131836, 0.517858227, 0.719529076, 0.462729897, 0, 0, 0, 0, 0, 0, 0, 0.154026709, -0.143390381, -0.265886377, -0.691879074, 0.315382286, -0.649394852, 0.707275391, 0.115356445, -0.697387695, -0.145014877, -0.941797331, -0.302815468, 5, 1, 
364.498151, 0.1, 0.1, 0.117084644, -0.186653436, -0.0199583017, 0.956358469, -0.292195959, -7.57805039e-006, 0.292195959, 0.956358469, -3.48354125e-005, 1.74260995e-005, 3.11008661e-005, 0.999999999, 0.956358444, -0.29219604, 1.85935537e-005, 0.292196041, 0.956358443, -5.42615477e-005, -1.92709266e-006, 5.73264521e-005, 0.999999998, 0, 0, 0, 0, 0, 0, 0, 0.10047561, -0.17507334, -0.297284082, -0.824323099, 0.56358854, 0.0528921074, -0.220458984, -0.405639648, 0.887084961, 0.521481241, 0.719521963, 0.458800225, 0, 0, 0, 0, 0, 0, 0, 0.153840088, -0.143255273, -0.265700732, -0.691418987, 0.314206549, -0.650397781, 0.707763672, 0.114379883, -0.697021484, -0.144721035, -0.942289134, -0.301447967, 5, 1, 
364.49894, 0.1, 0.1, 0.117084466, -0.186652942, -0.0199648895, 0.956358753, -0.292195029, 7.94299475e-006, 0.292195029, 0.956358753, 2.41432188e-005, -1.46508811e-005, -2.07686751e-005, 1, 0.956358689, -0.292195241, 6.4222735e-006, 0.29219524, 0.956358688, 4.19525012e-005, -1.84003183e-005, -3.82450813e-005, 0.999999999, 0, 0, 0, 0, 0, 0, 0, 0.10047561, -0.17507334, -0.297284082, -0.824323099, 0.56358854, 0.0528921074, -0.220458984, -0.405639648, 0.887084961, 0.521481241, 0.719521963, 0.458800225, 0, 0, 0, 0, 0, 0, 0, 0.153840088, -0.143255273, -0.265700732, -0.691418987, 0.314206549, -0.650397781, 0.707763672, 0.114379883, -0.697021484, -0.144721035, -0.942289134, -0.301447967, 5, 1, 
364.499752, 0.1, 0.1, 0.117084281, -0.186652428, -0.0199710678, 0.956359062, -0.292194019, 5.92955023e-006, 0.292194019, 0.956359062, -7.12929153e-006, -3.58764275e-006, 8.55074167e-006, 1, 0.956359005, -0.292194207, 4.66234695e-006, 0.292194207, 0.956359004, -2.5506462e-005, 2.99396295e-006, 2.57556454e-005, 1, 0, 0, 0, 0, 0, 0, 0, 0.10047561, -0.17507334, -0.297284082, -0.824323099, 0.56358854, 0.0528921074, -0.220458984, -0.405639648, 0.887084961, 0.521481241, 0.719521963, 0.458800225, 0, 0, 0, 0, 0, 0, 0, 0.153840088, -0.143255273, -0.265700732, -0.691418987, 0.314206549, -0.650397781, 0.707763672, 0.114379883, -0.697021484, -0.144721035, -0.942289134, -0.301447967, 5, 1, 
364.500563, 0.1, 0.1, 0.117084104, -0.18665193, -0.0199746496, 0.956359254, -0.292193391, -2.74680206e-006, 0.292193391, 0.956359254, 2.06248048e-005, -3.39950208e-006, -2.05273204e-005, 1, 0.956359218, -0.292193507, -2.07072708e-005, 0.292193508, 0.956359218, 3.04529617e-005, 1.09054316e-005, -3.51745007e-005, 0.999999999, 0, 0, 0, 0, 0, 0, 0, 0.10047561, -0.17507334, -0.297284082, -0.824323099, 0.56358854, 0.0528921074, -0.220458984, -0.405639648, 0.887084961, 0.521481241, 0.719521963, 0.458800225, 0, 0, 0, 0, 0, 0, 0, 0.153840088, -0.143255273, -0.265700732, -0.691418987, 0.314206549, -0.650397781, 0.707763672, 0.114379883, -0.697021484, -0.144721035, -0.942289134, -0.301447967, 5, 1, 
364.501376, 0.1, 0.1, 0.117083925, -0.18665143, -0.0199746663, 0.956359504, -0.292192571, -4.58028828e-006, 0.292192571, 0.956359504, -1.78917514e-006, 4.90318591e-006, 3.72768437e-007, 1, 0.956359447, -0.292192757, -6.26465484e-006, 0.292192757, 0.956359447, -1.77928678e-005, 1.11902089e-005, 1.51858904e-005, 1, 0, 0, 0, 0, 0, 0, 0, 0.10047561, -0.17507334, -0.297284082, -0.824323099, 0.56358854, 0.0528921074, -0.220458984, -0.405639648, 0.887084961, 0.521481241, 0.719521963, 0.458800225, 0, 0, 0, 0, 0, 0, 0, 0.153840088, -0.143255273, -0.265700732, -0.691418987, 0.314206549, -0.650397781, 0.707763672, 0.114379883, -0.697021484, -0.144721035, -0.942289134, -0.301447967, 5, 1, 
364.502169, 0.1, 0.1, 0.117083752, -0.186650955, -0.0199714646, 0.956359743, -0.29219179, -6.88754337e-006, 0.29219179, 0.956359743, 5.05819901e-006, 5.10900499e-006, -6.84994153e-006, 1, 0.956359707, -0.292191907, -9.74704119e-006, 0.292191907, 0.956359707, 2.420169e-005, 2.2501395e-006, -2.59935278e-005, 1, 0, 0, 0, 0, 0, 0, 0, 0.10047561, -0.17507334, -0.297284082, -0.824323099, 0.56358854, 0.0528921074, -0.220458984, -0.405639648, 0.887084961, 0.521481241, 0.719521963, 0.458800225, 0, 0, 0, 0, 0, 0, 0, 0.153840088, -0.143255273, -0.265700732, -0.691418987, 0.314206549, -0.650397781, 0.707763672, 0.114379883, -0.697021484, -0.144721035, -0.942289134, -0.301447967, 5, 1, 
364.502993, 0.1, 0.1, 0.117083573, -0.186650455, -0.0199660857, 0.956359894, -0.292191295, -7.077637e-006, 0.292191294, 0.956359894, -1.71511529e-005, 1.17801857e-005, 1.43346509e-005, 1, 0.95635987, -0.292191372, 1.4678392e-005, 0.292191373, 0.95635987, -3.34783918e-005, -4.25572786e-006, 3.63062899e-005, 0.999999999, 0, 0, 0, 0, 0, 0, 0, 0.100557275, -0.174986548, -0.2969323, -0.822925343, 0.56529558, 0.0556318357, -0.217163086, -0.403564453, 0.888793945, 0.524844024, 0.719375186, 0.455029312, 0, 0, 0, 0, 0, 0, 0, 0.154114844, -0.143326807, -0.265754932, -0.690703337, 0.313273616, -0.651643513, 0.708496094, 0.11315918, -0.696533203, -0.144523074, -0.942755417, -0.300105987, 5, 1, 
364.503779, 0.1, 0.1, 0.117083404, -0.186649995, -0.0199609748, 0.956360144, -0.292190476, 1.90692448e-005, 0.292190476, 0.956360144, 9.80148545e-006, -2.11009664e-005, -3.80189834e-006, 1, 0.956360085, -0.29219067, 1.73262195e-005, 0.29219067, 0.956360085, 3.51209198e-005, -2.68321099e-005, -2.85256862e-005, 0.999999999, 0, 0, 0, 0, 0, 0, 0, 0.100557275, -0.174986548, -0.2969323, -0.822925343, 0.56529558, 0.0556318357, -0.217163086, -0.403564453, 0.888793945, 0.524844024, 0.719375186, 0.455029312, 0, 0, 0, 0, 0, 0, 0, 0.154114844, -0.143326807, -0.265754932, -0.690703337, 0.313273616, -0.651643513, 0.708496094, 0.11315918, -0.696533203, -0.144523074, -0.942755417, -0.300105987, 5, 1, 
364.50459, 0.1, 0.1, 0.117083239, -0.186649507, -0.019957389, 0.956360556, -0.292189128, -3.26799651e-005, 0.292189127, 0.956360556, -3.53700013e-005, 4.15885595e-005, 2.42777436e-005, 0.999999999, 0.956360467, -0.292189416, -3.90107547e-005, 0.292189414, 0.956360467, -6.44927487e-005, 5.61524422e-005, 5.02797858e-005, 0.999999997, 0, 0, 0, 0, 0, 0, 0, 0.100557275, -0.174986548, -0.2969323, -0.822925343, 0.56529558, 0.0556318357, -0.217163086, -0.403564453, 0.888793945, 0.524844024, 0.719375186, 0.455029312, 0, 0, 0, 0, 0, 0, 0, 0.154114844, -0.143326807, -0.265754932, -0.690703337, 0.313273616, -0.651643513, 0.708496094, 0.11315918, -0.696533203, -0.144523074, -0.942755417, -0.300105987, 5, 1, 
364.505411, 0.1, 0.1, 0.11708306, -0.186649043, -0.0199564265, 0.956361132, -0.292187238, 5.77989535e-005, 0.292187237, 0.956361133, 3.42697548e-005, -6.52898577e-005, -1.5886145e-005, 0.999999998, 0.956361016, -0.292187618, 5.91812615e-005, 0.292187614, 0.956361017, 5.94913482e-005, -7.39812868e-005, -3.96031745e-005, 0.999999996, 0, 0, 0, 0, 0, 0, 0, 0.10110105, -0.175746704, -0.296542944, -0.821204077, 0.567859697, 0.0547856201, -0.216308594, -0.398681641, 0.891113281, 0.527908385, 0.719957805, 0.450466846, 0, 0, 0, 0, 0, 0, 0, 0.154232275, -0.143590088, -0.265650342, -0.688646074, 0.312839049, -0.654058419, 0.710327148, 0.110229492, -0.695068359, -0.145411531, -0.943292063, -0.298150435, 5, 1, 
364.506207, 0.1, 0.1, 0.117082903, -0.186648578, -0.0199585309, 0.956361854, -0.292184866, -9.44499572e-005, 0.292184863, 0.956361858, -4.19151157e-005, 0.000102575299, 1.24891699e-005, 0.999999995, 0.956361688, -0.292185414, -7.25326464e-005, 0.29218541, 0.95636169, -5.9891575e-005, 8.6866889e-005, 3.60850268e-005, 0.999999996, 0, 0, 0, 0, 0, 0, 0, 0.10110105, -0.175746704, -0.296542944, -0.821204077, 0.567859697, 0.0547856201, -0.216308594, -0.398681641, 0.891113281, 0.527908385, 0.719957805, 0.450466846, 0, 0, 0, 0, 0, 0, 0, 0.154232275, -0.143590088, -0.265650342, -0.688646074, 0.312839049, -0.654058419, 0.710327148, 0.110229492, -0.695068359, -0.145411531, -0.943292063, -0.298150435, 5, 1, 
364.506997, 0.1, 0.1, 0.117082753, -0.186648137, -0.0199628195, 0.956362827, -0.292181693, 4.14583024e-005, 0.292181692, 0.956362827, 3.54500691e-005, -5.00070405e-005, -2.17897714e-005, 0.999999999, 0.956362608, -0.292182413, -2.08082498e-005, 0.292182413, 0.956362607, 3.95101482e-005, 8.35606159e-006, -4.3865833e-005, 0.999999999, 0, 0, 0, 0, 0, 0, 0, 0.10110105, -0.175746704, -0.296542944, -0.821204077, 0.567859697, 0.0547856201, -0.216308594, -0.398681641, 0.891113281, 0.527908385, 0.719957805, 0.450466846, 0, 0, 0, 0, 0, 0, 0, 0.154232275, -0.143590088, -0.265650342, -0.688646074, 0.312839049, -0.654058419, 0.710327148, 0.110229492, -0.695068359, -0.145411531, -0.943292063, -0.298150435, 5, 1, 
364.507782, 0.1, 0.1, 0.11708257, -0.186647699, -0.0199677249, 0.956363885, -0.292178217, 9.73489932e-005, 0.292178218, 0.956363889, 9.62633163e-006, -9.59136662e-005, 1.92369794e-005, 0.999999995, 0.956363684, -0.292178867, 0.000120530087, 0.292178869, 0.956363691, 1.66516383e-006, -0.000115757124, 3.36238422e-005, 0.999999993, 0, 0, 0, 0, 0, 0, 0, 0.10110105, -0.175746704, -0.296542944, -0.821204077, 0.567859697, 0.0547856201, -0.216308594, -0.398681641, 0.891113281, 0.527908385, 0.719957805, 0.450466846, 0, 0, 0, 0, 0, 0, 0, 0.154232275, -0.143590088, -0.265650342, -0.688646074, 0.312839049, -0.654058419, 0.710327148, 0.110229492, -0.695068359, -0.145411531, -0.943292063, -0.298150435, 5, 1, 
364.508577, 0.1, 0.1, 0.117082418, -0.18664726, -0.0199716163, 0.956364653, -0.292175706, -8.69036816e-005, 0.292175704, 0.956364657, -3.25510149e-005, 9.26222254e-005, 5.73949576e-006, 0.999999996, 0.956364541, -0.292176076, -6.8981114e-005, 0.292176076, 0.956364544, -9.00815301e-006, 6.86030584e-005, -1.15395531e-005, 0.999999998, 0, 0, 0, 0, 0, 0, 0, 0.10110105, -0.175746704, -0.296542944, -0.821204077, 0.567859697, 0.0547856201, -0.216308594, -0.398681641, 0.891113281, 0.527908385, 0.719957805, 0.450466846, 0, 0, 0, 0, 0, 0, 0, 0.154232275, -0.143590088, -0.265650342, -0.688646074, 0.312839049, -0.654058419, 0.710327148, 0.110229492, -0.695068359, -0.145411531, -0.943292063, -0.298150435, 5, 1, 
364.509384, 0.1, 0.1, 0.117082277, -0.186646814, -0.0199732328, 0.956365242, -0.292173786, -4.10742784e-005, 0.292173787, 0.956365243, 1.41841257e-005, 3.51377825e-005, -2.55660323e-005, 0.999999999, 0.956365118, -0.292174189, -6.99296694e-005, 0.292174189, 0.95636512, -3.49433577e-006, 6.78992514e-005, -1.70897836e-005, 0.999999998, 0, 0, 0, 0, 0, 0, 0, 0.10110105, -0.175746704, -0.296542944, -0.821204077, 0.567859697, 0.0547856201, -0.216308594, -0.398681641, 0.891113281, 0.527908385, 0.719957805, 0.450466846, 0, 0, 0, 0, 0, 0, 0, 0.154232275, -0.143590088, -0.265650342, -0.688646074, 0.312839049, -0.654058419, 0.710327148, 0.110229492, -0.695068359, -0.145411531, -0.943292063, -0.298150435, 5, 1, 
364.510209, 0.1, 0.1, 0.117082106, -0.186646371, -0.0199717315, 0.95636599, -0.292171336, 6.30894755e-005, 0.292171337, 0.956365992, 1.11658418e-008, -6.03398911e-005, 1.84222577e-005, 0.999999998, 0.956365847, -0.292171804, 6.81695866e-005, 0.292171804, 0.956365849, 1.25130692e-006, -6.55606611e-005, 1.87205239e-005, 0.999999998, 0, 0, 0, 0, 0, 0, 0, 0.101620532, -0.175651733, -0.296100366, -0.819895809, 0.569750584, 0.0547976029, -0.216308594, -0.397094727, 0.891845703, 0.52992583, 0.719411134, 0.448981845, 0, 0, 0, 0, 0, 0, 0, 0.154814746, -0.14384165, -0.265566016, -0.686543967, 0.312500364, -0.656505407, 0.712402344, 0.108398437, -0.693237305, -0.145558819, -0.943573146, -0.297057454, 5, 1, 
364.510996, 0.1, 0.1, 0.117081958, -0.186645952, -0.0199683039, 0.956366585, -0.292169391, -5.18997073e-005, 0.292169391, 0.956366586, -1.39693053e-005, 5.37165493e-005, -1.80372909e-006, 0.999999999, 0.956366485, -0.292169719, -4.51704149e-005, 0.29216972, 0.956366486, 3.02724154e-006, 4.23150026e-005, -1.60925798e-005, 0.999999999, 0, 0, 0, 0, 0, 0, 0, 0.101620532, -0.175651733, -0.296100366, -0.819895809, 0.569750584, 0.0547976029, -0.216308594, -0.397094727, 0.891845703, 0.52992583, 0.719411134, 0.448981845, 0, 0, 0, 0, 0, 0, 0, 0.154814746, -0.14384165, -0.265566016, -0.686543967, 0.312500364, -0.656505407, 0.712402344, 0.108398437, -0.693237305, -0.145558819, -0.943573146, -0.297057454, 5, 1, 
364.51178, 0.1, 0.1, 0.117081808, -0.186645533, -0.0199642501, 0.956366928, -0.292168268, 4.51539647e-005, 0.292168268, 0.956366929, 1.9372777e-005, -4.88438692e-005, -5.33492753e-006, 0.999999999, 0.956366886, -0.292168409, 3.11391479e-005, 0.292168409, 0.956366886, -1.12235396e-005, -2.65012862e-005, 1.98316969e-005, 0.999999999, 0, 0, 0, 0, 0, 0, 0, 0.101620532, -0.175651733, -0.296100366, -0.819895809, 0.569750584, 0.0547976029, -0.216308594, -0.397094727, 0.891845703, 0.52992583, 0.719411134, 0.448981845, 0, 0, 0, 0, 0, 0, 0, 0.154814746, -0.14384165, -0.265566016, -0.686543967, 0.312500364, -0.656505407, 0.712402344, 0.108398437, -0.693237305, -0.145558819, -0.943573146, -0.297057454, 5, 1, 
364.512581, 0.1, 0.1, 0.117081652, -0.186645115, -0.0199608198, 0.956367091, -0.292167738, -1.14575888e-005, 0.292167737, 0.95636709, -4.14238399e-005, 2.30603705e-005, 3.62688595e-005, 0.999999999, 0.956367063, -0.29216783, 3.0385181e-006, 0.29216783, 0.956367063, -2.48427048e-005, 4.35230052e-006, 2.46465018e-005, 1, 0, 0, 0, 0, 0, 0, 0, 0.101620532, -0.175651733, -0.296100366, -0.819895809, 0.569750584, 0.0547976029, -0.216308594, -0.397094727, 0.891845703, 0.52992583, 0.719411134, 0.448981845, 0, 0, 0, 0, 0, 0, 0, 0.154814746, -0.14384165, -0.265566016, -0.686543967, 0.312500364, -0.656505407, 0.712402344, 0.108398437, -0.693237305, -0.145558819, -0.943573146, -0.297057454, 5, 1, 
364.51338, 0.1, 0.1, 0.117081505, -0.186644704, -0.0199591277, 0.956367265, -0.29216717, 1.03758249e-006, 0.29216717, 0.956367264, 3.53101149e-005, -1.13087663e-005, -3.34662904e-005, 0.999999999, 0.956367235, -0.292167267, 6.07857342e-006, 0.292167267, 0.956367234, 3.72064578e-005, -1.66838576e-005, -3.3807077e-005, 0.999999999, 0, 0, 0, 0, 0, 0, 0, 0.101620532, -0.175651733, -0.296100366, -0.819895809, 0.569750584, 0.0547976029, -0.216308594, -0.397094727, 0.891845703, 0.52992583, 0.719411134, 0.448981845, 0, 0, 0, 0, 0, 0, 0, 0.154814746, -0.14384165, -0.265566016, -0.686543967, 0.312500364, -0.656505407, 0.712402344, 0.108398437, -0.693237305, -0.145558819, -0.943573146, -0.297057454, 5, 1, 
364.514203, 0.1, 0.1, 0.117081351, -0.186644283, -0.0199594907, 0.956367313, -0.292167008, 3.50381732e-005, 0.292167009, 0.956367314, 3.18953164e-006, -3.44412395e-005, 7.18663446e-006, 0.999999999, 0.95636732, -0.292166987, 3.20806058e-005, 0.292166987, 0.95636732, -1.39393667e-005, -2.66082203e-005, 2.27040487e-005, 0.999999999, 0, 0, 0, 0, 0, 0, 0, 0.101620532, -0.175651733, -0.296100366, -0.819895809, 0.569750584, 0.0547976029, -0.216308594, -0.397094727, 0.891845703, 0.52992583, 0.719411134, 0.448981845, 0, 0, 0, 0, 0, 0, 0, 0.154814746, -0.14384165, -0.265566016, -0.686543967, 0.312500364, -0.656505407, 0.712402344, 0.108398437, -0.693237305, -0.145558819, -0.943573146, -0.297057454, 5, 1, 
364.515054, 0.1, 0.1, 0.117081203, -0.186643857, -0.0199611247, 0.956367107, -0.292167682, -4.65717254e-005, 0.292167681, 0.956367108, -2.93247662e-005, 5.31074153e-005, 1.44384888e-005, 0.999999998, 0.956367176, -0.292167454, -5.31663023e-005, 0.292167454, 0.956367178, 4.80535692e-006, 4.94425376e-005, -2.01291488e-005, 0.999999999, 0, 0, 0, 0, 0, 0, 0, 0.10155, -0.176126147, -0.295434912, -0.817183795, 0.573608741, 0.0549732148, -0.215576172, -0.392578125, 0.894042969, 0.534563559, 0.718800062, 0.444628313, 0, 0, 0, 0, 0, 0, 0, 0.154665479, -0.144319873, -0.265413086, -0.68489575, 0.312187198, -0.658364344, 0.713623047, 0.104858398, -0.692626953, -0.147226725, -0.944097031, -0.294552496, 5, 1, 
364.515837, 0.1, 0.1, 0.11708106, -0.186643465, -0.0199636384, 0.956366727, -0.292168926, 4.05807763e-005, 0.292168925, 0.956366728, 3.31142243e-005, -4.84850516e-005, -1.98129006e-005, 0.999999999, 0.956366815, -0.29216864, 3.70217111e-005, 0.29216864, 0.956366815, 1.97941747e-005, -4.11895731e-005, -8.11390884e-006, 0.999999999, 0, 0, 0, 0, 0, 0, 0, 0.10155, -0.176126147, -0.295434912, -0.817183795, 0.573608741, 0.0549732148, -0.215576172, -0.392578125, 0.894042969, 0.534563559, 0.718800062, 0.444628313, 0, 0, 0, 0, 0, 0, 0, 0.154665479, -0.144319873, -0.265413086, -0.68489575, 0.312187198, -0.658364344, 0.713623047, 0.104858398, -0.692626953, -0.147226725, -0.944097031, -0.294552496, 5, 1, 
364.516635, 0.1, 0.1, 0.117080918, -0.186643069, -0.0199665157, 0.956366283, -0.292170382, -2.24691081e-005, 0.292170381, 0.956366283, -3.62227876e-005, 3.20719231e-005, 2.80774449e-005, 0.999999999, 0.956366362, -0.292170125, -1.67175705e-005, 0.292170125, 0.956366361, -3.59860052e-005, 2.65021577e-005, 2.95314302e-005, 0.999999999, 0, 0, 0, 0, 0, 0, 0, 0.10155, -0.176126147, -0.295434912, -0.817183795, 0.573608741, 0.0549732148, -0.215576172, -0.392578125, 0.894042969, 0.534563559, 0.718800062, 0.444628313, 0, 0, 0, 0, 0, 0, 0, 0.154665479, -0.144319873, -0.265413086, -0.68489575, 0.312187198, -0.658364344, 0.713623047, 0.104858398, -0.692626953, -0.147226725, -0.944097031, -0.294552496, 5, 1, 
364.517442, 0.1, 0.1, 0.117080773, -0.186642679, -0.0199688065, 0.956365989, -0.292171343, 3.90170557e-005, 0.292171342, 0.95636599, 2.06006437e-005, -4.33335029e-005, -8.30208942e-006, 0.999999999, 0.956366031, -0.292171204, 3.28480281e-005, 0.292171204, 0.956366032, 2.99490455e-005, -4.01649869e-005, -1.90450019e-005, 0.999999999, 0, 0, 0, 0, 0, 0, 0, 0.10155, -0.176126147, -0.295434912, -0.817183795, 0.573608741, 0.0549732148, -0.215576172, -0.392578125, 0.894042969, 0.534563559, 0.718800062, 0.444628313, 0, 0, 0, 0, 0, 0, 0, 0.154470068, -0.144376514, -0.264987354, -0.684186664, 0.311509828, -0.659309671, 0.713989258, 0.102539062, -0.692504883, -0.148134139, -0.944659197, -0.292565228, 5, 1, 
364.518237, 0.1, 0.1, 0.117080637, -0.186642294, -0.0199696797, 0.956365889, -0.29217167, -4.02584076e-005, 0.29217167, 0.95636589, 4.76992165e-006, 3.71081319e-005, -1.63241566e-005, 0.999999999, 0.956365888, -0.292171674, -2.88413647e-005, 0.292171674, 0.956365889, -1.513949e-005, 3.20062275e-005, 6.05226195e-006, 0.999999999, 0, 0, 0, 0, 0, 0, 0, 0.10155, -0.176126147, -0.295434912, -0.817183795, 0.573608741, 0.0549732148, -0.215576172, -0.392578125, 0.894042969, 0.534563559, 0.718800062, 0.444628313, 0, 0, 0, 0, 0, 0, 0, 0.154470068, -0.144376514, -0.264987354, -0.684186664, 0.311509828, -0.659309671, 0.713989258, 0.102539062, -0.692504883, -0.148134139, -0.944659197, -0.292565228, 5, 1, 
364.519036, 0.1, 0.1, 0.117080499, -0.186641916, -0.0199690762, 0.956365997, -0.292171317, 3.49493651e-005, 0.292171317, 0.956365998, -6.10561933e-006, -3.16404975e-005, 1.60504087e-005, 0.999999999, 0.956365963, -0.292171429, 2.82692196e-005, 0.292171429, 0.956365964, 3.61686954e-006, -2.80924654e-005, 4.80040738e-006, 1, 0, 0, 0, 0, 0, 0, 0, 0.10155, -0.176126147, -0.295434912, -0.817183795, 0.573608741, 0.0549732148, -0.215576172, -0.392578125, 0.894042969, 0.534563559, 0.718800062, 0.444628313, 0, 0, 0, 0, 0, 0, 0, 0.154470068, -0.144376514, -0.264987354, -0.684186664, 0.311509828, -0.659309671, 0.713989258, 0.102539062, -0.692504883, -0.148134139, -0.944659197, -0.292565228, 5, 1, 
364.519835, 0.1, 0.1, 0.117080369, -0.186641541, -0.0199670553, 0.956366155, -0.292170796, -5.44145362e-005, 0.292170797, 0.956366156, 1.43027874e-005, 4.78613641e-005, -2.95770402e-005, 0.999999998, 0.956366126, -0.292170893, -5.1399947e-005, 0.292170894, 0.956366127, 1.63597082e-005, 4.43773377e-005, -3.06634392e-005, 0.999999999, 0, 0, 0, 0, 0, 0, 0, 0.10122644, -0.176208276, -0.294430371, -0.815030433, 0.576425975, 0.0573703368, -0.213012695, -0.390136719, 0.895751953, 0.538795401, 0.717859488, 0.441035256, 0, 0, 0, 0, 0, 0, 0, 0.154470068, -0.144376514, -0.264987354, -0.684186664, 0.311509828, -0.659309671, 0.713989258, 0.102539062, -0.692504883, -0.148134139, -0.944659197, -0.292565228, 5, 1, 
364.520633, 0.1, 0.1, 0.117080233, -0.186641169, -0.0199645585, 0.956366238, -0.292170528, 4.04647325e-005, 0.292170528, 0.956366239, 1.04681945e-005, -4.1757602e-005, 1.8111745e-006, 0.999999999, 0.956366239, -0.292170525, 3.9475885e-005, 0.292170526, 0.956366239, -4.65402052e-006, -3.63936361e-005, 1.59846382e-005, 0.999999999, 0, 0, 0, 0, 0, 0, 0, 0.10122644, -0.176208276, -0.294430371, -0.815030433, 0.576425975, 0.0573703368, -0.213012695, -0.390136719, 0.895751953, 0.538795401, 0.717859488, 0.441035256, 0, 0, 0, 0, 0, 0, 0, 0.154470068, -0.144376514, -0.264987354, -0.684186664, 0.311509828, -0.659309671, 0.713989258, 0.102539062, -0.692504883, -0.148134139, -0.944659197, -0.292565228, 5, 1, 
364.521431, 0.1, 0.1, 0.117080105, -0.186640805, -0.01996253, 0.95636609, -0.292171013, -3.99163202e-005, 0.292171012, 0.956366091, -2.223386e-005, 4.46707045e-005, 9.60131811e-006, 0.999999999, 0.956366137, -0.292170857, -4.47329005e-005, 0.292170858, 0.956366138, 5.1904459e-006, 4.12645343e-005, -1.80336166e-005, 0.999999999, 0, 0, 0, 0, 0, 0, 0, 0.10122644, -0.176208276, -0.294430371, -0.815030433, 0.576425975, 0.0573703368, -0.213012695, -0.390136719, 0.895751953, 0.538795401, 0.717859488, 0.441035256, 0, 0, 0, 0, 0, 0, 0, 0.154470068, -0.144376514, -0.264987354, -0.684186664, 0.311509828, -0.659309671, 0.713989258, 0.102539062, -0.692504883, -0.148134139, -0.944659197, -0.292565228, 5, 1, 
364.522259, 0.1, 0.1, 0.117079965, -0.18664043, -0.0199613057, 0.956365732, -0.292172185, 4.41909619e-005, 0.292172183, 0.956365732, 4.83641788e-005, -5.63933894e-005, -3.33424735e-005, 0.999999998, 0.956365815, -0.292171912, 4.30076027e-005, 0.292171911, 0.956365816, 3.53045392e-005, -5.14459958e-005, -2.11984409e-005, 0.999999998, 0, 0, 0, 0, 0, 0, 0, 0.100924487, -0.17648313, -0.293864746, -0.812502265, 0.579846047, 0.0599763932, -0.210083008, -0.387084961, 0.897827148, 0.543833024, 0.716823435, 0.436420371, 0, 0, 0, 0, 0, 0, 0, 0.154239746, -0.144601465, -0.264988574, -0.683950424, 0.311522588, -0.659667312, 0.714111328, 0.101074219, -0.692626953, -0.149213993, -0.944780598, -0.291498133, 5, 1, 
364.523057, 0.1, 0.1, 0.117079837, -0.186640071, -0.019961382, 0.956365312, -0.29217356, -3.4925183e-005, 0.292173559, 0.956365312, -3.71421952e-005, 4.4253201e-005, 2.53172921e-005, 0.999999999, 0.956365394, -0.292173292, -2.79256257e-005, 0.292173291, 0.956365394, -3.50144737e-005, 3.69373961e-005, 2.5327509e-005, 0.999999999, 0, 0, 0, 0, 0, 0, 0, 0.100924487, -0.17648313, -0.293864746, -0.812502265, 0.579846047, 0.0599763932, -0.210083008, -0.387084961, 0.897827148, 0.543833024, 0.716823435, 0.436420371, 0, 0, 0, 0, 0, 0, 0, 0.154239746, -0.144601465, -0.264988574, -0.683950424, 0.311522588, -0.659667312, 0.714111328, 0.101074219, -0.692626953, -0.149213993, -0.944780598, -0.291498133, 5, 1, 
364.523851, 0.1, 0.1, 0.117079709, -0.18663972, -0.0199625788, 0.956365044, -0.292174436, 3.93348691e-005, 0.292174436, 0.956365045, 1.89169323e-005, -4.31455378e-005, -6.59884958e-006, 0.999999999, 0.956365079, -0.292174322, 3.05573291e-005, 0.292174321, 0.956365079, 3.25842645e-005, -3.87442479e-005, -2.22343858e-005, 0.999999999, 0, 0, 0, 0, 0, 0, 0, 0.100924487, -0.17648313, -0.293864746, -0.812502265, 0.579846047, 0.0599763932, -0.210083008, -0.387084961, 0.897827148, 0.543833024, 0.716823435, 0.436420371, 0, 0, 0, 0, 0, 0, 0, 0.154239746, -0.144601465, -0.264988574, -0.683950424, 0.311522588, -0.659667312, 0.714111328, 0.101074219, -0.692626953, -0.149213993, -0.944780598, -0.291498133, 5, 1, 
364.524645, 0.1, 0.1, 0.117079584, -0.186639365, -0.0199646208, 0.956365005, -0.292174564, -4.68525514e-005, 0.292174563, 0.956365006, -1.25550393e-005, 4.84764037e-005, -1.68192352e-006, 0.999999999, 0.95636499, -0.292174613, -3.43273142e-005, 0.292174612, 0.956364991, -3.44897602e-005, 4.29064738e-005, 2.29552295e-005, 0.999999999, 0, 0, 0, 0, 0, 0, 0, 0.100924487, -0.17648313, -0.293864746, -0.812502265, 0.579846047, 0.0599763932, -0.210083008, -0.387084961, 0.897827148, 0.543833024, 0.716823435, 0.436420371, 0, 0, 0, 0, 0, 0, 0, 0.154239746, -0.144601465, -0.264988574, -0.683950424, 0.311522588, -0.659667312, 0.714111328, 0.101074219, -0.692626953, -0.149213993, -0.944780598, -0.291498133, 5, 1, 
364.525457, 0.1, 0.1, 0.117079457, -0.186639014, -0.0199667356, 0.956365152, -0.292174084, 3.36553931e-005, 0.292174083, 0.956365152, 2.06372908e-005, -3.82165267e-005, -9.90355212e-006, 0.999999999, 0.95636513, -0.292174157, 3.21187576e-005, 0.292174157, 0.95636513, 8.83504023e-006, -3.32986303e-005, 9.34746536e-007, 0.999999999, 0, 0, 0, 0, 0, 0, 0, 0.100924487, -0.17648313, -0.293864746, -0.812502265, 0.579846047, 0.0599763932, -0.210083008, -0.387084961, 0.897827148, 0.543833024, 0.716823435, 0.436420371, 0, 0, 0, 0, 0, 0, 0, 0.154239746, -0.144601465, -0.264988574, -0.683950424, 0.311522588, -0.659667312, 0.714111328, 0.101074219, -0.692626953, -0.149213993, -0.944780598, -0.291498133, 5, 1, 
364.526255, 0.1, 0.1, 0.117079336, -0.186638671, -0.0199681021, 0.956365272, -0.29217369, -4.04467109e-005, 0.29217369, 0.956365273, -4.56692032e-006, 4.00161637e-005, -7.44982076e-006, 0.999999999, 0.956365241, -0.292173791, -3.66538773e-005, 0.292173791, 0.956365242, -2.70163794e-006, 3.5843842e-005, -8.12554966e-006, 0.999999999, 0, 0, 0, 0, 0, 0, 0, 0.100924487, -0.17648313, -0.293864746, -0.812502265, 0.579846047, 0.0599763932, -0.210083008, -0.387084961, 0.897827148, 0.543833024, 0.716823435, 0.436420371, 0, 0, 0, 0, 0, 0, 0, 0.154239746, -0.144601465, -0.264988574, -0.683950424, 0.311522588, -0.659667312, 0.714111328, 0.101074219, -0.692626953, -0.149213993, -0.944780598, -0.291498133, 5, 1, 
