time, realDorsalTactorPos, realVentralTactorPos, boxPosX, boxPosY, boxPosZ, boxLocalRot_11, boxLocalRot_12, boxLocalRot_13, boxLocalRot_21, boxLocalRot_22, boxLocalRot_23, boxLocalRot_31, boxLocalRot_32, boxLocalRot_33, boxGlobalRot_11, boxGlobalRot_12, boxGlobalRot_13, boxGlobalRot_21, boxGlobalRot_22, boxGlobalRot_23, boxGlobalRot_31, boxGlobalRot_32, boxGlobalRot_33, indexForceX, indexForceY, indexForceZ, indexForceGlobalX, indexForceGlobalY, indexForceGlobalZ, indexContact, indexPosX, indexPosY, indexPosZ, indexRot_11, indexRot_12, indexRot_13, indexRot_21, indexRot_22, indexRot_23, indexRot_31, indexRot_32, indexRot_33, thumbForceX, thumbForceY, thumbForceZ, thumbForceGlobalX, thumbForceGlobalY, thumbForceGlobalZ, thumbContact, thumbPosX, thumbPosY, thumbPosZ, thumbRot_11, thumbRot_12, thumbRot_13, thumbRot_21, thumbRot_22, thumbRot_23, thumbRot_31, thumbRot_32, thumbRot_33, mapping, trialSuccess, 
31.4159662, 0.1, 0.1, 0.0150838605, -0.036133345, -0.0199267908, 0.922886306, -1.61040741e-005, -0.385072547, 0.385072547, -1.80280393e-005, 0.922886306, -2.18043325e-005, -1, -1.04365938e-005, 0.922886038, -9.27947523e-005, -0.385073179, 0.385073179, -1.44169186e-005, 0.922886042, -9.11905504e-005, -0.999999996, 2.24275974e-005, 0, 0, 0, 0, 0, 0, 0, 0.174088525, -0.218065454, -0.128554907, -0.455966085, 0.864716301, -0.210924892, -0.697143555, -0.198486328, 0.688842773, 0.552249006, 0.46159813, 0.69400611, 0, 0, 0, 0, 0, 0, 0, 0.207781592, -0.178667773, -0.0932558594, -0.609269977, 0.252642762, -0.751473675, 0.34362793, -0.770019531, -0.537475586, -0.714941446, -0.585441327, 0.382284038, 5, 1, 
31.4238238, 0.1, 0.1, 0.0150840558, -0.0361332449, -0.019967156, 0.922883837, -0.000213329289, -0.385078405, 0.385078394, -9.39159009e-005, 0.922883862, -0.000233043144, -0.999999973, -4.52496682e-006, 0.92288398, -0.000234140353, -0.38507805, 0.385078036, -0.000106625073, 0.92288401, -0.000257143363, -0.999999967, -8.24026417e-006, 0, 0, 0, 0, 0, 0, 0, 0.177136377, -0.216650708, -0.130547021, -0.440452584, 0.86024855, -0.257187192, -0.701171875, -0.149291992, 0.697143555, 0.559679264, 0.488012875, 0.669570211, 0, 0, 0, 0, 0, 0, 0, 0.211555518, -0.179243018, -0.0969400879, -0.595574585, 0.240017764, -0.766555891, 0.318359375, -0.805541992, -0.499511719, -0.737805058, -0.541230723, 0.403160749, 5, 1, 
31.4249085, 0.1, 0.1, 0.0150840479, -0.0361332452, -0.0199460857, 0.9228832, 0.00013755674, -0.385079966, 0.385079958, 8.36409551e-005, 0.92288321, 0.000159157262, -0.999999987, 2.42204887e-005, 0.922883393, 7.77162926e-005, -0.385079519, 0.385079518, 2.86955768e-005, 0.922883397, 8.2773155e-005, -0.999999997, -3.44428124e-006, 0, 0, 0, 0, 0, 0, 0, 0.177136377, -0.216650708, -0.130547021, -0.440452584, 0.86024855, -0.257187192, -0.701171875, -0.149291992, 0.697143555, 0.559679264, 0.488012875, 0.669570211, 0, 0, 0, 0, 0, 0, 0, 0.211555518, -0.179243018, -0.0969400879, -0.595574585, 0.240017764, -0.766555891, 0.318359375, -0.805541992, -0.499511719, -0.737805058, -0.541230723, 0.403160749, 5, 1, 
31.4260777, 0.1, 0.1, 0.0150840812, -0.0361332248, -0.0199294874, 0.922882555, -2.74276661e-005, -0.385081535, 0.385081536, 2.89912329e-005, 0.922882555, -1.41485261e-005, -0.999999999, 3.73173909e-005, 0.922882693, 6.63441071e-005, -0.3850812, 0.385081195, 6.91765128e-005, 0.922882695, 8.78664029e-005, -0.999999995, 3.82939383e-005, 0, 0, 0, 0, 0, 0, 0, 0.177136377, -0.216650708, -0.130547021, -0.440452584, 0.86024855, -0.257187192, -0.701171875, -0.149291992, 0.697143555, 0.559679264, 0.488012875, 0.669570211, 0, 0, 0, 0, 0, 0, 0, 0.211555518, -0.179243018, -0.0969400879, -0.595574585, 0.240017764, -0.766555891, 0.318359375, -0.805541992, -0.499511719, -0.737805058, -0.541230723, 0.403160749, 5, 1, 
31.42716, 0.1, 0.1, 0.0150840625, -0.0361332299, -0.0199249028, 0.922881748, 5.92007832e-005, -0.385083466, 0.385083465, 1.43071467e-005, 0.92288175, 6.01447681e-005, -0.999999998, -9.59343817e-006, 0.922881848, -3.75358864e-005, -0.385083228, 0.385083229, 1.67352113e-005, 0.922881849, -2.8196739e-005, -0.999999999, 2.98990631e-005, 0, 0, 0, 0, 0, 0, 0, 0.177136377, -0.216650708, -0.130547021, -0.440452584, 0.86024855, -0.257187192, -0.701171875, -0.149291992, 0.697143555, 0.559679264, 0.488012875, 0.669570211, 0, 0, 0, 0, 0, 0, 0, 0.211555518, -0.179243018, -0.0969400879, -0.595574585, 0.240017764, -0.766555891, 0.318359375, -0.805541992, -0.499511719, -0.737805058, -0.541230723, 0.403160749, 5, 1, 
31.4283293, 0.1, 0.1, 0.0150840728, -0.0361332302, -0.0199332922, 0.922881001, -7.2874707e-005, -0.385085254, 0.385085249, -6.73673849e-005, 0.922881003, -9.31968692e-005, -0.999999995, -3.41091049e-005, 0.922881118, 1.75276965e-005, -0.385084981, 0.385084981, -2.82089572e-005, 0.922881117, 5.31313437e-006, -0.999999999, -3.27831666e-005, 0, 0, 0, 0, 0, 0, 0, 0.17589939, -0.217602734, -0.13001001, -0.43018077, 0.863528958, -0.263802669, -0.701049805, -0.134155273, 0.700317383, 0.567568947, 0.48687535, 0.663696852, 0, 0, 0, 0, 0, 0, 0, 0.211555518, -0.179243018, -0.0969400879, -0.592974845, 0.24005751, -0.768465867, 0.311767578, -0.811523438, -0.494018555, -0.742687009, -0.532266327, 0.406151313, 5, 1, 
31.4294156, 0.1, 0.1, 0.0150840319, -0.036133233, -0.0199476882, 0.922881054, -4.03059987e-005, -0.385085132, 0.385085134, 2.81182731e-005, 0.922881054, -2.63697136e-005, -0.999999999, 4.14710624e-005, 0.922880984, -0.000117724904, -0.385085283, 0.385085289, 2.57716345e-005, 0.922880989, -9.87217987e-005, -0.999999993, 6.911828e-005, 0, 0, 0, 0, 0, 0, 0, 0.17589939, -0.217602734, -0.13001001, -0.43018077, 0.863528958, -0.263802669, -0.701049805, -0.134155273, 0.700317383, 0.567568947, 0.48687535, 0.663696852, 0, 0, 0, 0, 0, 0, 0, 0.211178369, -0.179721582, -0.0965570801, -0.592974845, 0.24005751, -0.768465867, 0.311767578, -0.811523438, -0.494018555, -0.742687009, -0.532266327, 0.406151313, 5, 1, 
31.4305566, 0.1, 0.1, 0.0150840762, -0.036133226, -0.0199625233, 0.922881299, 0.00015827879, -0.385084513, 0.38508451, 5.34940997e-005, 0.922881313, 0.000166672287, -0.999999986, -1.15820061e-005, 0.922881272, 0.000181057292, -0.385084568, 0.385084568, 3.510733e-005, 0.922881289, 0.000180613678, -0.999999983, -3.73224717e-005, 0, 0, 0, 0, 0, 0, 0, 0.17589939, -0.217602734, -0.13001001, -0.43018077, 0.863528958, -0.263802669, -0.701049805, -0.134155273, 0.700317383, 0.567568947, 0.48687535, 0.663696852, 0, 0, 0, 0, 0, 0, 0, 0.211178369, -0.179721582, -0.0965570801, -0.592974845, 0.24005751, -0.768465867, 0.311767578, -0.811523438, -0.494018555, -0.742687009, -0.532266327, 0.406151313, 5, 1, 
31.4316597, 0.1, 0.1, 0.0150840695, -0.0361332144, -0.0199701738, 0.922880996, -0.000122925153, -0.385085253, 0.385085252, -2.50054512e-005, 0.922881004, -0.000123074519, -0.999999992, 2.42596079e-005, 0.922881145, -8.10811317e-005, -0.385084908, 0.38508491, 1.88079794e-005, 0.922881147, -6.75855788e-005, -0.999999997, 4.85806499e-005, 0, 0, 0, 0, 0, 0, 0, 0.17589939, -0.217602734, -0.13001001, -0.43018077, 0.863528958, -0.263802669, -0.701049805, -0.134155273, 0.700317383, 0.567568947, 0.48687535, 0.663696852, 0, 0, 0, 0, 0, 0, 0, 0.210114746, -0.180060352, -0.0982857422, -0.594451354, 0.245822087, -0.765609098, 0.30065918, -0.815063477, -0.494995117, -0.746156249, -0.524050398, 0.410502081, 5, 1, 
31.4327698, 0.1, 0.1, 0.0150840265, -0.0361332423, -0.0199692188, 0.922880044, -8.7714067e-005, -0.385087544, 0.38508754, -5.28642892e-005, 0.922880048, -0.000101306942, -0.999999995, -1.50098032e-005, 0.922880253, -0.000120660721, -0.385087035, 0.385087027, -8.89890019e-005, 0.92288026, -0.000145623909, -0.999999989, -3.56613141e-005, 0, 0, 0, 0, 0, 0, 0, 0.17589939, -0.217602734, -0.13001001, -0.43018077, 0.863528958, -0.263802669, -0.701049805, -0.134155273, 0.700317383, 0.567568947, 0.48687535, 0.663696852, 0, 0, 0, 0, 0, 0, 0, 0.210114746, -0.180060352, -0.0982857422, -0.594451354, 0.245822087, -0.765609098, 0.30065918, -0.815063477, -0.494995117, -0.746156249, -0.524050398, 0.410502081, 5, 1, 
31.4338993, 0.1, 0.1, 0.0150840396, -0.0361332296, -0.019959735, 0.922879348, 0.000115142673, -0.385089206, 0.385089205, 2.83879075e-005, 0.922879355, 0.000117194672, -0.999999993, -1.81415868e-005, 0.922879414, 0.000100285409, -0.385089051, 0.385089047, 6.22275938e-005, 0.922879419, 0.000116514505, -0.999999993, 1.88097527e-005, 0, 0, 0, 0, 0, 0, 0, 0.174337988, -0.218615771, -0.13232749, -0.417869048, 0.870467206, -0.260790727, -0.697265625, -0.121948242, 0.706298828, 0.581315137, 0.477619372, 0.658523313, 0, 0, 0, 0, 0, 0, 0, 0.210114746, -0.180060352, -0.0982857422, -0.594451354, 0.245822087, -0.765609098, 0.30065918, -0.815063477, -0.494995117, -0.746156249, -0.524050398, 0.410502081, 5, 1, 
31.4350036, 0.1, 0.1, 0.0150840376, -0.0361332354, -0.0199485353, 0.922879257, -6.01753207e-005, -0.385089435, 0.385089433, -3.97569222e-005, 0.922879259, -7.08445261e-005, -0.999999997, -1.35179587e-005, 0.922879289, -5.70585612e-005, -0.385089358, 0.385089358, -1.740901e-005, 0.922879291, -5.9362189e-005, -0.999999998, 5.90622993e-006, 0, 0, 0, 0, 0, 0, 0, 0.174337988, -0.218615771, -0.13232749, -0.417869048, 0.870467206, -0.260790727, -0.697265625, -0.121948242, 0.706298828, 0.581315137, 0.477619372, 0.658523313, 0, 0, 0, 0, 0, 0, 0, 0.210114746, -0.180060352, -0.0982857422, -0.594451354, 0.245822087, -0.765609098, 0.30065918, -0.815063477, -0.494995117, -0.746156249, -0.524050398, 0.410502081, 5, 1, 
31.436164, 0.1, 0.1, 0.0150840289, -0.0361332368, -0.0199384105, 0.922879077, -2.0811442e-005, -0.38508987, 0.385089868, -5.79842778e-005, 0.922879077, -4.15356023e-005, -0.999999998, -4.54982013e-005, 0.922879097, -2.08285295e-006, -0.385089823, 0.385089823, 9.27597224e-006, 0.922879097, 1.64986106e-006, -1, 9.36268636e-006, 0, 0, 0, 0, 0, 0, 0, 0.173837354, -0.218886108, -0.134503271, -0.410668708, 0.874221649, -0.259478712, -0.694824219, -0.114746094, 0.709960938, 0.589320519, 0.472451825, 0.65510212, 0, 0, 0, 0, 0, 0, 0, 0.20952959, -0.17988125, -0.100057861, -0.595799898, 0.249969798, -0.763161376, 0.292114258, -0.817749023, -0.495727539, -0.748507356, -0.517968291, 0.4140734, 5, 1, 
31.4372448, 0.1, 0.1, 0.0150840231, -0.036133238, -0.0199360282, 0.922878814, -2.76858475e-005, -0.385090501, 0.385090502, 9.22221688e-005, 0.92287881, 9.96319914e-006, -0.999999995, 9.57714426e-005, 0.92287892, 1.06625601e-006, -0.385090247, 0.385090246, 6.54538876e-005, 0.922878918, 2.6189679e-005, -0.999999998, 5.99954083e-005, 0, 0, 0, 0, 0, 0, 0, 0.173837354, -0.218886108, -0.134503271, -0.410668708, 0.874221649, -0.259478712, -0.694824219, -0.114746094, 0.709960938, 0.589320519, 0.472451825, 0.65510212, 0, 0, 0, 0, 0, 0, 0, 0.20952959, -0.17988125, -0.100057861, -0.595799898, 0.249969798, -0.763161376, 0.292114258, -0.817749023, -0.495727539, -0.748507356, -0.517968291, 0.4140734, 5, 1, 
31.438378, 0.1, 0.1, 0.0150840135, -0.0361332361, -0.0199406847, 0.922877878, 4.10387613e-005, -0.385092743, 0.385092744, -1.80315885e-005, 0.922877878, 3.09299311e-005, -0.999999999, -3.24446833e-005, 0.922878097, 2.72719973e-005, -0.385092219, 0.38509222, -2.52623803e-005, 0.922878097, 1.54403828e-005, -0.999999999, -3.38163314e-005, 0, 0, 0, 0, 0, 0, 0, 0.173837354, -0.218886108, -0.134503271, -0.410668708, 0.874221649, -0.259478712, -0.694824219, -0.114746094, 0.709960938, 0.589320519, 0.472451825, 0.65510212, 0, 0, 0, 0, 0, 0, 0, 0.20952959, -0.17988125, -0.100057861, -0.595799898, 0.249969798, -0.763161376, 0.292114258, -0.817749023, -0.495727539, -0.748507356, -0.517968291, 0.4140734, 5, 1, 
31.4394598, 0.1, 0.1, 0.0150840027, -0.0361332251, -0.01994977, 0.922876818, -3.38185558e-006, -0.385095286, 0.385095285, 4.54708727e-005, 0.922876817, 1.43895826e-005, -0.999999999, 4.32663509e-005, 0.922877009, -4.68190479e-005, -0.385094824, 0.385094827, 5.91657261e-005, 0.922877008, -2.04238079e-005, -0.999999997, 7.26324615e-005, 0, 0, 0, 0, 0, 0, 0, 0.173837354, -0.218886108, -0.134503271, -0.410668708, 0.874221649, -0.259478712, -0.694824219, -0.114746094, 0.709960938, 0.589320519, 0.472451825, 0.65510212, 0, 0, 0, 0, 0, 0, 0, 0.20952959, -0.17988125, -0.100057861, -0.595799898, 0.249969798, -0.763161376, 0.292114258, -0.817749023, -0.495727539, -0.748507356, -0.517968291, 0.4140734, 5, 1, 
31.440633, 0.1, 0.1, 0.0150839992, -0.0361332343, -0.0199589677, 0.922876287, -2.87824117e-005, -0.385096558, 0.385096558, 4.65784694e-006, 0.922876287, -2.47688845e-005, -1, 1.53826242e-005, 0.922876342, -2.54067665e-005, -0.385096425, 0.385096425, -3.2572536e-005, 0.922876342, -3.59908709e-005, -0.999999999, -2.02763679e-005, 0, 0, 0, 0, 0, 0, 0, 0.174987866, -0.219068457, -0.13683479, -0.410147124, 0.875140883, -0.257004084, -0.693115234, -0.114990234, 0.711425781, 0.591833339, 0.470452353, 0.654339402, 0, 0, 0, 0, 0, 0, 0, 0.210089697, -0.179704492, -0.101898584, -0.597365359, 0.25195087, -0.761301706, 0.288085938, -0.818481445, -0.496826172, -0.748794635, -0.515796189, 0.416232743, 5, 1, 
31.4417156, 0.1, 0.1, 0.0150839967, -0.0361332382, -0.0199630681, 0.92287623, -1.79998556e-006, -0.385096695, 0.385096694, -6.17775903e-005, 0.922876228, -2.54515097e-005, -0.999999998, -5.63199011e-005, 0.922876236, -2.19755923e-006, -0.385096681, 0.38509668, -4.1052882e-005, 0.922876235, -1.78374038e-005, -0.999999999, -3.70404564e-005, 0, 0, 0, 0, 0, 0, 0, 0.174987866, -0.219068457, -0.13683479, -0.410147124, 0.875140883, -0.257004084, -0.693115234, -0.114990234, 0.711425781, 0.591833339, 0.470452353, 0.654339402, 0, 0, 0, 0, 0, 0, 0, 0.210089697, -0.179704492, -0.101898584, -0.597365359, 0.25195087, -0.761301706, 0.288085938, -0.818481445, -0.496826172, -0.748794635, -0.515796189, 0.416232743, 5, 1, 
31.4428748, 0.1, 0.1, 0.0150839952, -0.0361332421, -0.0199611706, 0.922876012, -2.92553099e-005, -0.385097215, 0.385097215, 1.20059326e-005, 0.922876013, -2.23755725e-005, -0.999999999, 2.23461255e-005, 0.922876088, -3.46472261e-006, -0.385097036, 0.385097036, 2.5773272e-005, 0.922876087, 6.72770101e-006, -1, 2.51197908e-005, 0, 0, 0, 0, 0, 0, 0, 0.174987866, -0.219068457, -0.13683479, -0.410147124, 0.875140883, -0.257004084, -0.693115234, -0.114990234, 0.711425781, 0.591833339, 0.470452353, 0.654339402, 0, 0, 0, 0, 0, 0, 0, 0.210089697, -0.179704492, -0.101898584, -0.597365359, 0.25195087, -0.761301706, 0.288085938, -0.818481445, -0.496826172, -0.748794635, -0.515796189, 0.416232743, 5, 1, 
31.4439566, 0.1, 0.1, 0.0150839969, -0.036133252, -0.019955407, 0.922875424, 1.9679598e-005, -0.385098626, 0.385098626, -1.02186307e-005, 0.922875424, 1.42266367e-005, -1, -1.70091093e-005, 0.922875563, 4.15351653e-005, -0.38509829, 0.385098292, -3.28964706e-005, 0.922875563, 2.56634144e-005, -0.999999999, -4.635447e-005, 0, 0, 0, 0, 0, 0, 0, 0.174987866, -0.219068457, -0.13683479, -0.410147124, 0.875140883, -0.257004084, -0.693115234, -0.114990234, 0.711425781, 0.591833339, 0.470452353, 0.654339402, 0, 0, 0, 0, 0, 0, 0, 0.210089697, -0.179704492, -0.101898584, -0.597365359, 0.25195087, -0.761301706, 0.288085938, -0.818481445, -0.496826172, -0.748794635, -0.515796189, 0.416232743, 5, 1, 
31.445124, 0.1, 0.1, 0.0150839921, -0.0361332456, -0.0199480762, 0.922874807, 4.86839942e-005, -0.385100102, 0.385100103, -1.88878985e-005, 0.922874807, 3.76555001e-005, -0.999999999, -3.61793769e-005, 0.92287489, 1.62440923e-005, -0.385099905, 0.385099904, 3.29646769e-005, 0.92287489, 2.76859589e-005, -0.999999999, 2.41666742e-005, 0, 0, 0, 0, 0, 0, 0, 0.174987866, -0.219068457, -0.13683479, -0.409341344, 0.874811381, -0.259187403, -0.693847656, -0.11315918, 0.71105957, 0.591458532, 0.471493277, 0.653820062, 0, 0, 0, 0, 0, 0, 0, 0.210089697, -0.179704492, -0.101898584, -0.597365359, 0.25195087, -0.761301706, 0.288085938, -0.818481445, -0.496826172, -0.748794635, -0.515796189, 0.416232743, 5, 1, 
31.4462096, 0.1, 0.1, 0.0150839873, -0.0361332502, -0.0199424621, 0.922874864, -1.20743181e-005, -0.385099969, 0.385099969, 6.83847362e-005, 0.922874861, 1.51918751e-005, -0.999999998, 6.77603736e-005, 0.922874791, -3.83748988e-005, -0.385100142, 0.385100143, 2.81214336e-005, 0.922874791, -2.45856586e-005, -0.999999999, 4.07307411e-005, 0, 0, 0, 0, 0, 0, 0, 0.176144116, -0.219082129, -0.137617676, -0.409341344, 0.874811381, -0.259187403, -0.693847656, -0.11315918, 0.71105957, 0.591458532, 0.471493277, 0.653820062, 0, 0, 0, 0, 0, 0, 0, 0.211235205, -0.179688379, -0.102602734, -0.596483831, 0.251280429, -0.762144954, 0.286376953, -0.82043457, -0.494506836, -0.750174895, -0.51292083, 0.417248798, 5, 1, 
31.4472755, 0.1, 0.1, 0.0150839823, -0.0361332548, -0.019942367, 0.922875281, -5.96446356e-006, -0.385098969, 0.385098968, -5.90847548e-005, 0.922875279, -2.82579341e-005, -0.999999998, -5.22309509e-005, 0.922875209, -1.90025755e-005, -0.385099141, 0.385099139, -6.6255264e-005, 0.922875207, -4.30518511e-005, -0.999999998, -5.38274651e-005, 0, 0, 0, 0, 0, 0, 0, 0.176144116, -0.219082129, -0.137617676, -0.409341344, 0.874811381, -0.259187403, -0.693847656, -0.11315918, 0.71105957, 0.591458532, 0.471493277, 0.653820062, 0, 0, 0, 0, 0, 0, 0, 0.211235205, -0.179688379, -0.102602734, -0.596483831, 0.251280429, -0.762144954, 0.286376953, -0.82043457, -0.494506836, -0.750174895, -0.51292083, 0.417248798, 5, 1, 
31.4483782, 0.1, 0.1, 0.0150839761, -0.0361332462, -0.0199465571, 0.922875301, -4.44690801e-005, -0.385098918, 0.385098918, 1.3895782e-005, 0.922875302, -3.56881651e-005, -0.999999999, 2.99490687e-005, 0.922875347, -4.55017165e-005, -0.385098808, 0.38509881, 4.6181218e-005, 0.922875346, -2.42080803e-005, -0.999999998, 6.01421644e-005, 0, 0, 0, 0, 0, 0, 0, 0.176339673, -0.219441577, -0.13828252, -0.405716086, 0.876656963, -0.25901666, -0.693115234, -0.10949707, 0.712402344, 0.594839289, 0.469099902, 0.6525571, 0, 0, 0, 0, 0, 0, 0, 0.211667773, -0.179780762, -0.103456885, -0.596196552, 0.25213717, -0.762068029, 0.282836914, -0.822509766, -0.493286133, -0.751740356, -0.509393987, 0.418852538, 5, 1, 
31.4494407, 0.1, 0.1, 0.0150839786, -0.0361332538, -0.0199531581, 0.922874803, -1.95108514e-005, -0.385100114, 0.385100114, 1.43824146e-005, 0.922874803, -1.24674036e-005, -1, 2.07867992e-005, 0.922874919, 2.7320936e-005, -0.385099836, 0.385099837, -1.55891202e-005, 0.922874919, 1.92104389e-005, -1, -2.49080961e-005, 0, 0, 0, 0, 0, 0, 0, 0.176339673, -0.219441577, -0.13828252, -0.405716086, 0.876656963, -0.25901666, -0.693115234, -0.10949707, 0.712402344, 0.594839289, 0.469099902, 0.6525571, 0, 0, 0, 0, 0, 0, 0, 0.211667773, -0.179780762, -0.103456885, -0.596196552, 0.25213717, -0.762068029, 0.282836914, -0.822509766, -0.493286133, -0.751740356, -0.509393987, 0.418852538, 5, 1, 
31.4505016, 0.1, 0.1, 0.0150839773, -0.036133252, -0.0199592968, 0.922874413, 3.09341846e-005, -0.385101047, 0.385101047, -3.08027201e-005, 0.922874413, 1.66862077e-005, -0.999999999, -4.03398291e-005, 0.922874452, 3.40748352e-005, -0.385100953, 0.385100953, -8.50529176e-006, 0.922874453, 2.81713989e-005, -0.999999999, -2.0971568e-005, 0, 0, 0, 0, 0, 0, 0, 0.176339673, -0.219441577, -0.13828252, -0.405716086, 0.876656963, -0.25901666, -0.693115234, -0.10949707, 0.712402344, 0.594839289, 0.469099902, 0.6525571, 0, 0, 0, 0, 0, 0, 0, 0.211667773, -0.179780762, -0.103456885, -0.596196552, 0.25213717, -0.762068029, 0.282836914, -0.822509766, -0.493286133, -0.751740356, -0.509393987, 0.418852538, 5, 1, 
31.4515667, 0.1, 0.1, 0.0150839738, -0.0361332521, -0.0199623695, 0.922874476, 7.58135782e-006, -0.385100899, 0.385100898, 3.81731743e-005, 0.922874475, 2.16971654e-005, -0.999999999, 3.23094606e-005, 0.922874435, -7.39456738e-007, -0.385100997, 0.385100997, 3.74953107e-005, 0.922874434, 1.37570558e-005, -0.999999999, 3.48882292e-005, 0, 0, 0, 0, 0, 0, 0, 0.176339673, -0.219441577, -0.13828252, -0.405716086, 0.876656963, -0.25901666, -0.693115234, -0.10949707, 0.712402344, 0.594839289, 0.469099902, 0.6525571, 0, 0, 0, 0, 0, 0, 0, 0.211667773, -0.179780762, -0.103456885, -0.596196552, 0.25213717, -0.762068029, 0.282836914, -0.822509766, -0.493286133, -0.751740356, -0.509393987, 0.418852538, 5, 1, 
31.452667, 0.1, 0.1, 0.0150839728, -0.0361332607, -0.0199610167, 0.922874701, 1.93445493e-005, -0.385100359, 0.385100359, -9.10726116e-006, 0.922874701, 1.43453856e-005, -1, -1.58544538e-005, 0.922874662, 2.00421454e-006, -0.385100452, 0.385100452, -4.25637167e-005, 0.922874661, -1.45416677e-005, -0.999999999, -4.00527996e-005, 0, 0, 0, 0, 0, 0, 0, 0.176026147, -0.21978064, -0.138857666, -0.398962067, 0.878927526, -0.261454218, -0.693969727, -0.102294922, 0.712646484, 0.598466051, 0.466268442, 0.651212884, 0, 0, 0, 0, 0, 0, 0, 0.211667773, -0.179780762, -0.103456885, -0.595161907, 0.254099652, -0.762259426, 0.27722168, -0.825439453, -0.491455078, -0.754577436, -0.503541557, 0.420673562, 5, 1, 
31.453733, 0.1, 0.1, 0.0150839662, -0.0361332579, -0.01995615, 0.922874569, -6.37347687e-006, -0.385100675, 0.385100675, -3.43594602e-005, 0.922874568, -1.91137711e-005, -0.999999999, -2.92550418e-005, 0.922874629, -3.50104955e-005, -0.38510053, 0.385100531, 7.92896811e-007, 0.922874629, -3.20049531e-005, -0.999999999, 1.42143047e-005, 0, 0, 0, 0, 0, 0, 0, 0.176026147, -0.21978064, -0.138857666, -0.398962067, 0.878927526, -0.261454218, -0.693969727, -0.102294922, 0.712646484, 0.598466051, 0.466268442, 0.651212884, 0, 0, 0, 0, 0, 0, 0, 0.211230078, -0.179974316, -0.104324219, -0.595161907, 0.254099652, -0.762259426, 0.27722168, -0.825439453, -0.491455078, -0.754577436, -0.503541557, 0.420673562, 5, 1, 
31.4547962, 0.1, 0.1, 0.0150839642, -0.0361332603, -0.0199506426, 0.922874078, -5.2936442e-005, -0.385101847, 0.38510185, 3.93331932e-005, 0.922874078, -3.37063847e-005, -0.999999998, 5.66855061e-005, 0.922874176, -3.43866053e-005, -0.385101616, 0.385101617, 2.19389354e-005, 0.922874176, -2.32857905e-005, -0.999999999, 3.34892142e-005, 0, 0, 0, 0, 0, 0, 0, 0.176026147, -0.21978064, -0.138857666, -0.398962067, 0.878927526, -0.261454218, -0.693969727, -0.102294922, 0.712646484, 0.598466051, 0.466268442, 0.651212884, 0, 0, 0, 0, 0, 0, 0, 0.211230078, -0.179974316, -0.104324219, -0.595161907, 0.254099652, -0.762259426, 0.27722168, -0.825439453, -0.491455078, -0.754577436, -0.503541557, 0.420673562, 5, 1, 
31.4558655, 0.1, 0.1, 0.0150839636, -0.0361332641, -0.019946889, 0.922873845, -7.26999285e-006, -0.385102411, 0.38510241, -5.43578246e-005, 0.922873843, -2.76426155e-005, -0.999999998, -4.73657228e-005, 0.922873844, 2.98687764e-005, -0.385102411, 0.385102412, -4.31389767e-005, 0.922873843, 1.09521885e-005, -0.999999999, -5.1314371e-005, 0, 0, 0, 0, 0, 0, 0, 0.176026147, -0.21978064, -0.138857666, -0.398962067, 0.878927526, -0.261454218, -0.693969727, -0.102294922, 0.712646484, 0.598466051, 0.466268442, 0.651212884, 0, 0, 0, 0, 0, 0, 0, 0.211230078, -0.179974316, -0.104324219, -0.595161907, 0.254099652, -0.762259426, 0.27722168, -0.825439453, -0.491455078, -0.754577436, -0.503541557, 0.420673562, 5, 1, 
31.4569324, 0.1, 0.1, 0.015083958, -0.0361332564, -0.0199462991, 0.922874181, 6.01571695e-006, -0.385101606, 0.385101605, 2.93679562e-005, 0.92287418, 1.68613969e-005, -1, 2.47862662e-005, 0.922874084, 5.81454666e-006, -0.385101837, 0.385101836, 6.26191615e-005, 0.922874082, 2.94808486e-005, -0.999999998, 5.55504087e-005, 0, 0, 0, 0, 0, 0, 0, 0.176026147, -0.21978064, -0.138857666, -0.398962067, 0.878927526, -0.261454218, -0.693969727, -0.102294922, 0.712646484, 0.598466051, 0.466268442, 0.651212884, 0, 0, 0, 0, 0, 0, 0, 0.211230078, -0.179974316, -0.104324219, -0.595161907, 0.254099652, -0.762259426, 0.27722168, -0.825439453, -0.491455078, -0.754577436, -0.503541557, 0.420673562, 5, 1, 
31.4580308, 0.1, 0.1, 0.015083958, -0.0361332687, -0.0199483501, 0.922874589, 1.75773207e-005, -0.385100626, 0.385100626, 2.71056139e-005, 0.922874589, 2.66600515e-005, -0.999999999, 1.8246045e-005, 0.922874552, 2.72730706e-005, -0.385100715, 0.385100716, -2.45861816e-005, 0.922874552, 1.57014667e-005, -0.999999999, -3.31928403e-005, 0, 0, 0, 0, 0, 0, 0, 0.175916919, -0.220301587, -0.137339697, -0.396665295, 0.87715945, -0.270904904, -0.696166992, -0.0941162109, 0.711669922, 0.597360727, 0.471492155, 0.6485076, 0, 0, 0, 0, 0, 0, 0, 0.21134165, -0.180249805, -0.103583105, -0.592510761, 0.251372314, -0.765159938, 0.274780273, -0.829956055, -0.485229492, -0.757612842, -0.497445591, 0.422578075, 5, 1, 
31.4590954, 0.1, 0.1, 0.0150839527, -0.0361332695, -0.0199523275, 0.922874447, 3.10856829e-005, -0.385100966, 0.385100967, -4.01649252e-005, 0.922874446, 1.32206309e-005, -0.999999999, -4.90383097e-005, 0.922874522, -7.91161624e-006, -0.385100788, 0.385100787, -3.47361996e-005, 0.922874521, -2.06783669e-005, -0.999999999, -2.9010384e-005, 0, 0, 0, 0, 0, 0, 0, 0.175916919, -0.220301587, -0.137339697, -0.396665295, 0.87715945, -0.270904904, -0.696166992, -0.0941162109, 0.711669922, 0.597360727, 0.471492155, 0.6485076, 0, 0, 0, 0, 0, 0, 0, 0.21134165, -0.180249805, -0.103583105, -0.592510761, 0.251372314, -0.765159938, 0.274780273, -0.829956055, -0.485229492, -0.757612842, -0.497445591, 0.422578075, 5, 1, 
31.4601624, 0.1, 0.1, 0.0150839481, -0.0361332675, -0.0199564244, 0.922874015, -3.44226579e-005, -0.385102001, 0.385102002, 4.05115763e-005, 0.922874014, -1.61666873e-005, -0.999999999, 5.06433156e-005, 0.922874091, -4.46442117e-005, -0.385101817, 0.385101819, 3.6625547e-005, 0.922874091, -2.70964216e-005, -0.999999998, 5.09933355e-005, 0, 0, 0, 0, 0, 0, 0, 0.175916919, -0.220301587, -0.137339697, -0.396665295, 0.87715945, -0.270904904, -0.696166992, -0.0941162109, 0.711669922, 0.597360727, 0.471492155, 0.6485076, 0, 0, 0, 0, 0, 0, 0, 0.21134165, -0.180249805, -0.103583105, -0.592510761, 0.251372314, -0.765159938, 0.274780273, -0.829956055, -0.485229492, -0.757612842, -0.497445591, 0.422578075, 5, 1, 
31.4612234, 0.1, 0.1, 0.0150839478, -0.0361332715, -0.0199588525, 0.922873895, -2.23029538e-005, -0.38510229, 0.38510229, -1.85723148e-005, 0.922873895, -2.77350548e-005, -1, -8.55098597e-006, 0.922873881, -5.46686957e-006, -0.385102324, 0.385102323, -3.49096344e-005, 0.92287388, -1.84890125e-005, -0.999999999, -3.01118856e-005, 0, 0, 0, 0, 0, 0, 0, 0.175916919, -0.220301587, -0.137339697, -0.396665295, 0.87715945, -0.270904904, -0.696166992, -0.0941162109, 0.711669922, 0.597360727, 0.471492155, 0.6485076, 0, 0, 0, 0, 0, 0, 0, 0.21134165, -0.180249805, -0.103583105, -0.592510761, 0.251372314, -0.765159938, 0.274780273, -0.829956055, -0.485229492, -0.757612842, -0.497445591, 0.422578075, 5, 1, 
31.4623224, 0.1, 0.1, 0.0150839441, -0.0361332656, -0.0199584348, 0.922874199, -7.0215772e-006, -0.385101562, 0.385101562, -3.09462379e-005, 0.922874198, -1.8397477e-005, -0.999999999, -2.58554641e-005, 0.922874123, 3.61890659e-006, -0.385101743, 0.385101743, 2.03110532e-005, 0.922874123, 1.11616172e-005, -1, 1.73508982e-005, 0, 0, 0, 0, 0, 0, 0, 0.17685564, -0.219414258, -0.134808789, -0.39969595, 0.87208101, -0.282499595, -0.700561523, -0.0909423828, 0.707641602, 0.589930851, 0.481565896, 0.64787218, 0, 0, 0, 0, 0, 0, 0, 0.211961475, -0.180305371, -0.102742041, -0.589220525, 0.245935495, -0.769523832, 0.276000977, -0.833862305, -0.477783203, -0.759721878, -0.493598286, 0.423224096, 5, 1, 
31.4633838, 0.1, 0.1, 0.0150839437, -0.0361332696, -0.0199556564, 0.922874403, -7.35427215e-006, -0.385101072, 0.385101072, 4.10410422e-005, 0.922874402, 9.01787982e-006, -0.999999999, 4.07078654e-005, 0.9228744, 1.24342982e-005, -0.385101079, 0.385101078, 2.78702315e-005, 0.9228744, 2.22081517e-005, -1, 2.09322615e-005, 0, 0, 0, 0, 0, 0, 0, 0.17685564, -0.219414258, -0.134808789, -0.39969595, 0.87208101, -0.282499595, -0.700561523, -0.0909423828, 0.707641602, 0.589930851, 0.481565896, 0.64787218, 0, 0, 0, 0, 0, 0, 0, 0.211961475, -0.180305371, -0.102742041, -0.589220525, 0.245935495, -0.769523832, 0.276000977, -0.833862305, -0.477783203, -0.759721878, -0.493598286, 0.423224096, 5, 1, 
31.464459, 0.1, 0.1, 0.0150839417, -0.0361332765, -0.0199521899, 0.922874126, 4.01667487e-005, -0.385101733, 0.385101735, -3.5197288e-005, 0.922874126, 2.35143164e-005, -0.999999999, -4.7950951e-005, 0.922874222, 3.16769908e-005, -0.385101506, 0.385101507, -4.42432076e-005, 0.922874221, 1.21957524e-005, -0.999999999, -5.30297727e-005, 0, 0, 0, 0, 0, 0, 0, 0.17685564, -0.219414258, -0.134808789, -0.402452148, 0.867940899, -0.291550387, -0.702392578, -0.0874023438, 0.706298828, 0.585794489, 0.489760733, 0.645350742, 0, 0, 0, 0, 0, 0, 0, 0.211961475, -0.180305371, -0.102742041, -0.589220525, 0.245935495, -0.769523832, 0.276000977, -0.833862305, -0.477783203, -0.759721878, -0.493598286, 0.423224096, 5, 1, 
31.4655486, 0.1, 0.1, 0.0150839329, -0.0361332701, -0.0199490137, 0.922873665, 1.52926666e-006, -0.385102842, 0.385102842, 3.02030397e-005, 0.922873664, 1.30425963e-005, -1, 2.7284665e-005, 0.92287374, -4.25394754e-005, -0.385102659, 0.38510266, 4.25229978e-005, 0.92287374, -2.28828452e-005, -0.999999998, 5.56254232e-005, 0, 0, 0, 0, 0, 0, 0, 0.177371924, -0.21826145, -0.13282334, -0.402452148, 0.867940899, -0.291550387, -0.702392578, -0.0874023438, 0.706298828, 0.585794489, 0.489760733, 0.645350742, 0, 0, 0, 0, 0, 0, 0, 0.212511963, -0.180142822, -0.101794287, -0.587246383, 0.240536955, -0.772667148, 0.276733398, -0.837524414, -0.470947266, -0.7609873, -0.490115186, 0.425103089, 5, 1, 
31.4666106, 0.1, 0.1, 0.0150839308, -0.0361332783, -0.0199481431, 0.922873687, -3.40778157e-005, -0.385102788, 0.385102789, 2.09890052e-005, 0.922873687, -2.3366595e-005, -0.999999999, 3.24936625e-005, 0.922873641, -2.87784959e-005, -0.385102897, 0.385102897, -3.08010789e-005, 0.922873641, -3.84205e-005, -0.999999999, -1.73428217e-005, 0, 0, 0, 0, 0, 0, 0, 0.177371924, -0.21826145, -0.13282334, -0.402452148, 0.867940899, -0.291550387, -0.702392578, -0.0874023438, 0.706298828, 0.585794489, 0.489760733, 0.645350742, 0, 0, 0, 0, 0, 0, 0, 0.212511963, -0.180142822, -0.101794287, -0.587246383, 0.240536955, -0.772667148, 0.276733398, -0.837524414, -0.470947266, -0.7609873, -0.490115186, 0.425103089, 5, 1, 
31.4676806, 0.1, 0.1, 0.0150839291, -0.036133276, -0.0199496783, 0.922874151, -5.34933386e-006, -0.385101677, 0.385101676, -6.03633488e-005, 0.922874149, -2.81827888e-005, -0.999999998, -5.36477368e-005, 0.922874059, -5.51321673e-006, -0.385101897, 0.385101897, -3.30141471e-005, 0.922874059, -1.78018154e-005, -0.999999999, -2.83447497e-005, 0, 0, 0, 0, 0, 0, 0, 0.177371924, -0.21826145, -0.13282334, -0.402452148, 0.867940899, -0.291550387, -0.702392578, -0.0874023438, 0.706298828, 0.585794489, 0.489760733, 0.645350742, 0, 0, 0, 0, 0, 0, 0, 0.212511963, -0.180142822, -0.101794287, -0.587246383, 0.240536955, -0.772667148, 0.276733398, -0.837524414, -0.470947266, -0.7609873, -0.490115186, 0.425103089, 5, 1, 
31.4687992, 0.1, 0.1, 0.0150839283, -0.0361332742, -0.0199524922, 0.922874358, -3.69215514e-005, -0.385101179, 0.38510118, 3.08773147e-005, 0.922874358, -2.21830627e-005, -0.999999999, 4.2714415e-005, 0.922874365, -1.94020515e-006, -0.385101163, 0.385101163, 4.84572529e-005, 0.922874364, 1.68703789e-005, -0.999999999, 4.54671318e-005, 0, 0, 0, 0, 0, 0, 0, 0.177371924, -0.21826145, -0.13282334, -0.402452148, 0.867940899, -0.291550387, -0.702392578, -0.0874023438, 0.706298828, 0.585794489, 0.489760733, 0.645350742, 0, 0, 0, 0, 0, 0, 0, 0.212511963, -0.180142822, -0.101794287, -0.587246383, 0.240536955, -0.772667148, 0.276733398, -0.837524414, -0.470947266, -0.7609873, -0.490115186, 0.425103089, 5, 1, 
31.4699031, 0.1, 0.1, 0.0150839306, -0.0361332835, -0.0199542153, 0.922874016, 2.38286121e-005, -0.385102, 0.385102, -1.54361943e-005, 0.922874016, 1.60462977e-005, -1, -2.34221088e-005, 0.922874108, 4.45889854e-005, -0.385101778, 0.385101779, -3.58574657e-005, 0.922874107, 2.73412463e-005, -0.999999998, -5.02632243e-005, 0, 0, 0, 0, 0, 0, 0, 0.178239746, -0.217401196, -0.133351001, -0.402978602, 0.867205512, -0.293042501, -0.701660156, -0.0860595703, 0.70715332, 0.586372239, 0.49136031, 0.643733191, 0, 0, 0, 0, 0, 0, 0, 0.212974561, -0.18017627, -0.102273242, -0.586633178, 0.238952904, -0.773708356, 0.274902344, -0.83996582, -0.467773437, -0.762150277, -0.486722138, 0.426834794, 5, 1, 
31.4709658, 0.1, 0.1, 0.0150839255, -0.0361332779, -0.0199551936, 0.92287364, 3.09646539e-005, -0.385102901, 0.385102901, -7.92689484e-006, 0.92287364, 2.55237927e-005, -0.999999999, -1.92401003e-005, 0.92287368, 6.29494654e-006, -0.385102806, 0.385102806, 2.85196625e-005, 0.922873679, 1.67924425e-005, -1, 2.38958443e-005, 0, 0, 0, 0, 0, 0, 0, 0.178239746, -0.217401196, -0.133351001, -0.402978602, 0.867205512, -0.293042501, -0.701660156, -0.0860595703, 0.70715332, 0.586372239, 0.49136031, 0.643733191, 0, 0, 0, 0, 0, 0, 0, 0.212974561, -0.18017627, -0.102273242, -0.586633178, 0.238952904, -0.773708356, 0.274902344, -0.83996582, -0.467773437, -0.762150277, -0.486722138, 0.426834794, 5, 1, 
31.4720558, 0.1, 0.1, 0.0150839211, -0.0361332804, -0.0199549843, 0.922873745, -9.64226586e-006, -0.385102648, 0.385102648, 5.28632052e-005, 0.922873744, 1.14591663e-005, -0.999999999, 5.24993263e-005, 0.922873679, -3.19813591e-005, -0.385102807, 0.385102807, 2.26132541e-005, 0.922873679, -2.0806327e-005, -0.999999999, 3.31852882e-005, 0, 0, 0, 0, 0, 0, 0, 0.178239746, -0.217401196, -0.133351001, -0.402978602, 0.867205512, -0.293042501, -0.701660156, -0.0860595703, 0.70715332, 0.586372239, 0.49136031, 0.643733191, 0, 0, 0, 0, 0, 0, 0, 0.212974561, -0.18017627, -0.102273242, -0.586633178, 0.238952904, -0.773708356, 0.274902344, -0.83996582, -0.467773437, -0.762150277, -0.486722138, 0.426834794, 5, 1, 
31.4731251, 0.1, 0.1, 0.0150839187, -0.0361332848, -0.0199540412, 0.922874131, 1.91520998e-007, -0.385101726, 0.385101725, -4.91033981e-005, 0.922874129, -1.87330536e-005, -0.999999999, -4.53900109e-005, 0.922874062, -1.04333371e-005, -0.38510189, 0.385101889, -5.53930831e-005, 0.922874061, -3.09606372e-005, -0.999999998, -4.71029417e-005, 0, 0, 0, 0, 0, 0, 0, 0.178239746, -0.217401196, -0.133351001, -0.402978602, 0.867205512, -0.293042501, -0.701660156, -0.0860595703, 0.70715332, 0.586372239, 0.49136031, 0.643733191, 0, 0, 0, 0, 0, 0, 0, 0.212974561, -0.18017627, -0.102273242, -0.586633178, 0.238952904, -0.773708356, 0.274902344, -0.83996582, -0.467773437, -0.762150277, -0.486722138, 0.426834794, 5, 1, 
31.4742256, 0.1, 0.1, 0.0150839141, -0.0361332801, -0.0199526153, 0.922874183, -3.66682077e-005, -0.385101599, 0.385101599, -2.60478928e-006, 0.922874184, -3.48432508e-005, -0.999999999, 1.17170926e-005, 0.922874218, -3.84748923e-005, -0.385101513, 0.385101514, 2.84341338e-005, 0.922874218, -2.45574582e-005, -0.999999999, 4.10578683e-005, 0, 0, 0, 0, 0, 0, 0, 0.178158374, -0.218576709, -0.135070044, -0.396367993, 0.87071882, -0.291483359, -0.697998047, -0.0786132813, 0.711669922, 0.595336168, 0.486230955, 0.639531305, 0, 0, 0, 0, 0, 0, 0, 0.212974561, -0.18017627, -0.102273242, -0.587157431, 0.240998508, -0.772704694, 0.267944336, -0.842895508, -0.466308594, -0.764169262, -0.480492744, 0.430131594, 5, 1, 
31.4752992, 0.1, 0.1, 0.0150839177, -0.0361332889, -0.0199511825, 0.922873757, -2.5355056e-005, -0.385102621, 0.385102621, 1.58467834e-005, 0.922873757, -1.7296878e-005, -1, 2.4388879e-005, 0.92287386, 2.49195269e-005, -0.385102374, 0.385102375, -1.73587079e-005, 0.92287386, 1.63127003e-005, -1, -2.56164668e-005, 0, 0, 0, 0, 0, 0, 0, 0.178158374, -0.218576709, -0.135070044, -0.396367993, 0.87071882, -0.291483359, -0.697998047, -0.0786132813, 0.711669922, 0.595336168, 0.486230955, 0.639531305, 0, 0, 0, 0, 0, 0, 0, 0.213120654, -0.180579639, -0.103253711, -0.587157431, 0.240998508, -0.772704694, 0.267944336, -0.842895508, -0.466308594, -0.764169262, -0.480492744, 0.430131594, 5, 1, 
31.4763665, 0.1, 0.1, 0.015083917, -0.0361332865, -0.0199507964, 0.922873449, 3.5003753e-005, -0.385103358, 0.385103359, -3.81272793e-005, 0.922873448, 1.76210909e-005, -0.999999999, -4.86667166e-005, 0.922873466, 3.9122849e-005, -0.385103317, 0.385103318, -1.16976473e-005, 0.922873466, 3.16006365e-005, -0.999999999, -2.58617873e-005, 0, 0, 0, 0, 0, 0, 0, 0.178158374, -0.218576709, -0.135070044, -0.396367993, 0.87071882, -0.291483359, -0.697998047, -0.0786132813, 0.711669922, 0.595336168, 0.486230955, 0.639531305, 0, 0, 0, 0, 0, 0, 0, 0.213120654, -0.180579639, -0.103253711, -0.587157431, 0.240998508, -0.772704694, 0.267944336, -0.842895508, -0.466308594, -0.764169262, -0.480492744, 0.430131594, 5, 1, 
31.4774526, 0.1, 0.1, 0.0150839128, -0.0361332841, -0.0199512659, 0.922873684, 7.73287946e-006, -0.385102797, 0.385102796, 5.68131859e-005, 0.922873682, 2.90153877e-005, -0.999999998, 4.94534406e-005, 0.922873602, -3.90880862e-006, -0.385102992, 0.385102992, 5.59365195e-005, 0.9228736, 1.79339847e-005, -0.999999998, 5.31276311e-005, 0, 0, 0, 0, 0, 0, 0, 0.178158374, -0.218576709, -0.135070044, -0.396367993, 0.87071882, -0.291483359, -0.697998047, -0.0786132813, 0.711669922, 0.595336168, 0.486230955, 0.639531305, 0, 0, 0, 0, 0, 0, 0, 0.212611426, -0.181538965, -0.104004102, -0.587055719, 0.244028451, -0.771752071, 0.258666992, -0.846923828, -0.464355469, -0.767472624, -0.471950522, 0.433914, 5, 1, 
31.4785251, 0.1, 0.1, 0.0150839133, -0.0361332934, -0.0199525039, 0.92287411, 2.59568915e-005, -0.385101774, 0.385101775, -1.84077628e-005, 0.92287411, 1.6866081e-005, -0.999999999, -2.69840927e-005, 0.92287404, 5.15538414e-006, -0.385101943, 0.385101943, -5.41388412e-005, 0.922874038, -1.60912028e-005, -0.999999999, -5.19486795e-005, 0, 0, 0, 0, 0, 0, 0, 0.178158374, -0.218576709, -0.135070044, -0.396367993, 0.87071882, -0.291483359, -0.697998047, -0.0786132813, 0.711669922, 0.595336168, 0.486230955, 0.639531305, 0, 0, 0, 0, 0, 0, 0, 0.212611426, -0.181538965, -0.104004102, -0.587055719, 0.244028451, -0.771752071, 0.258666992, -0.846923828, -0.464355469, -0.767472624, -0.471950522, 0.433914, 5, 1, 
31.4796026, 0.1, 0.1, 0.0150839079, -0.0361332895, -0.0199538464, 0.922874088, -7.79688673e-006, -0.385101829, 0.385101828, -3.30518506e-005, 0.922874087, -1.99238728e-005, -0.999999999, -2.75001011e-005, 0.92287413, -3.65201608e-005, -0.385101726, 0.385101726, 3.05704495e-006, 0.92287413, -3.25262384e-005, -0.999999999, 1.68852447e-005, 0, 0, 0, 0, 0, 0, 0, 0.177265942, -0.219506519, -0.136805933, -0.388221088, 0.874720389, -0.290197553, -0.693969727, -0.0693359375, 0.716674805, 0.605416283, 0.480282716, 0.634383976, 0, 0, 0, 0, 0, 0, 0, 0.212611426, -0.181538965, -0.104004102, -0.587055719, 0.244028451, -0.771752071, 0.258666992, -0.846923828, -0.464355469, -0.767472624, -0.471950522, 0.433914, 5, 1, 
31.4806642, 0.1, 0.1, 0.0150839077, -0.036133292, -0.0199548958, 0.922873678, -4.56124352e-005, -0.385102808, 0.38510281, 3.47801549e-005, 0.922873678, -2.87005805e-005, -0.999999998, 4.96631664e-005, 0.922873759, -2.82298488e-005, -0.385102616, 0.385102616, 1.81981434e-005, 0.922873759, -1.90444341e-005, -0.999999999, 2.76659776e-005, 0, 0, 0, 0, 0, 0, 0, 0.177265942, -0.219506519, -0.136805933, -0.388221088, 0.874720389, -0.290197553, -0.693969727, -0.0693359375, 0.716674805, 0.605416283, 0.480282716, 0.634383976, 0, 0, 0, 0, 0, 0, 0, 0.212611426, -0.181538965, -0.104004102, -0.587055719, 0.244028451, -0.771752071, 0.258666992, -0.846923828, -0.464355469, -0.767472624, -0.471950522, 0.433914, 5, 1, 
31.4817653, 0.1, 0.1, 0.0150839079, -0.0361332951, -0.0199549376, 0.922873498, -6.30146071e-006, -0.385103242, 0.385103241, -4.82951834e-005, 0.922873497, -2.44140828e-005, -0.999999999, -4.21436319e-005, 0.922873491, 2.54163491e-005, -0.385103258, 0.385103259, -3.83834231e-005, 0.92287349, 8.67449348e-006, -0.999999999, -4.52109625e-005, 0, 0, 0, 0, 0, 0, 0, 0.175983423, -0.220224683, -0.137327856, -0.378900708, 0.878455735, -0.291405471, -0.69128418, -0.0584716797, 0.720214844, 0.614321802, 0.474994602, 0.629878798, 0, 0, 0, 0, 0, 0, 0, 0.211680615, -0.182071582, -0.104566162, -0.586589802, 0.24665591, -0.771272295, 0.249633789, -0.850952148, -0.461791992, -0.770737708, -0.463082375, 0.437523965, 5, 1, 
