time, realDorsalTactorPos, realVentralTactorPos, boxPosX, boxPosY, boxPosZ, boxLocalRot_11, boxLocalRot_12, boxLocalRot_13, boxLocalRot_21, boxLocalRot_22, boxLocalRot_23, boxLocalRot_31, boxLocalRot_32, boxLocalRot_33, boxGlobalRot_11, boxGlobalRot_12, boxGlobalRot_13, boxGlobalRot_21, boxGlobalRot_22, boxGlobalRot_23, boxGlobalRot_31, boxGlobalRot_32, boxGlobalRot_33, indexForceX, indexForceY, indexForceZ, indexForceGlobalX, indexForceGlobalY, indexForceGlobalZ, indexContact, indexPosX, indexPosY, indexPosZ, indexRot_11, indexRot_12, indexRot_13, indexRot_21, indexRot_22, indexRot_23, indexRot_31, indexRot_32, indexRot_33, thumbForceX, thumbForceY, thumbForceZ, thumbForceGlobalX, thumbForceGlobalY, thumbForceGlobalZ, thumbContact, thumbPosX, thumbPosY, thumbPosZ, thumbRot_11, thumbRot_12, thumbRot_13, thumbRot_21, thumbRot_22, thumbRot_23, thumbRot_31, thumbRot_32, thumbRot_33, mapping, trialSuccess, 
254.697884, 0.1, 0.1, 0.112533612, -0.202849284, -0.0199479843, 0.999909487, 0.0134542048, 4.75005242e-005, -0.0134542026, 0.999909487, -4.55282914e-005, -4.81087718e-005, 4.48850888e-005, 0.999999998, 0.999909488, 0.0134542003, 2.94087284e-005, -0.0134541995, 0.999909488, -2.53143928e-005, -2.97466515e-005, 2.49164306e-005, 0.999999999, 0, 0, 0, 0, 0, 0, 0, 0.0980955811, -0.188843848, -0.264324023, -0.481398901, 0.876174311, 0.0225738218, 0.021484375, -0.0140380859, 0.999633789, 0.876256686, 0.481659132, -0.0119795937, 0, 0, 0, 0, 0, 0, 0, 0.146986816, -0.174255908, -0.256234229, -0.656951931, 0.157084428, -0.737403468, 0.723754883, -0.142333984, -0.675048828, -0.211061746, -0.977214741, -0.0201833821, 3, 1, 
254.724525, 0.1, 0.1, 0.112533596, -0.202849879, -0.0199637827, 0.999909276, 0.0134699156, 4.37976876e-005, -0.0134699151, 0.999909277, -9.84042886e-006, -4.39262639e-005, 9.24958496e-006, 0.999999999, 0.999909277, 0.0134698174, 3.97117845e-005, -0.0134698181, 0.999909278, 1.64681256e-005, -3.94863591e-005, -1.70015421e-005, 0.999999999, 0, 0, 0, 0, 0, 0, 0, 0.0984054932, -0.189023511, -0.262176099, -0.479761132, 0.877131737, 0.0165765293, 0.0189208984, -0.00854492188, 0.999755859, 0.877233209, 0.479900796, -0.0123892271, 0, 0, 0, 0, 0, 0, 0, 0.145558496, -0.175033301, -0.255013281, -0.656664651, 0.155333767, -0.738041826, 0.723632813, -0.145996094, -0.674438477, -0.212627207, -0.976907772, -0.0164454522, 3, 1, 
254.725312, 0.1, 0.1, 0.112533598, -0.202849893, -0.0199657556, 0.999909265, 0.013470732, -4.30653041e-005, -0.0134707308, 0.999909265, 2.79302191e-005, 4.34376371e-005, -2.73475638e-005, 0.999999999, 0.999909268, 0.0134705316, -3.79719067e-005, -0.013470531, 0.999909268, 1.62790831e-005, 3.81877494e-005, -1.57661044e-005, 0.999999999, 0, 0, 0, 0, 0, 0, 0, 0.0984054932, -0.189023511, -0.262176099, -0.479761132, 0.877131737, 0.0165765293, 0.0189208984, -0.00854492188, 0.999755859, 0.877233209, 0.479900796, -0.0123892271, 0, 0, 0, 0, 0, 0, 0, 0.145558496, -0.175033301, -0.255013281, -0.656664651, 0.155333767, -0.738041826, 0.723632813, -0.145996094, -0.674438477, -0.212627207, -0.976907772, -0.0164454522, 3, 1, 
254.726105, 0.1, 0.1, 0.112533596, -0.202849906, -0.0199674894, 0.999909251, 0.01347175, 3.79491158e-005, -0.0134717493, 0.999909252, -1.89356331e-005, -3.82007681e-005, 1.84226738e-005, 0.999999999, 0.999909254, 0.0134715644, 3.2865946e-005, -0.0134715638, 0.999909254, -1.94641416e-005, -3.3125176e-005, 1.90196196e-005, 0.999999999, 0, 0, 0, 0, 0, 0, 0, 0.0984054932, -0.189023511, -0.262176099, -0.479761132, 0.877131737, 0.0165765293, 0.0189208984, -0.00854492188, 0.999755859, 0.877233209, 0.479900796, -0.0123892271, 0, 0, 0, 0, 0, 0, 0, 0.145558496, -0.175033301, -0.255013281, -0.656664651, 0.155333767, -0.738041826, 0.723632813, -0.145996094, -0.674438477, -0.212627207, -0.976907772, -0.0164454522, 3, 1, 
254.726908, 0.1, 0.1, 0.112533598, -0.202849923, -0.0199684283, 0.999909242, 0.013472403, -3.76041261e-005, -0.0134724026, 0.999909243, 9.37709418e-006, 3.77270453e-005, -8.86962521e-006, 0.999999999, 0.999909244, 0.0134723228, -3.3142209e-005, -0.0134723221, 0.999909244, 2.33080451e-005, 3.34532146e-005, -2.28594272e-005, 0.999999999, 0, 0, 0, 0, 0, 0, 0, 0.0984054932, -0.189023511, -0.262176099, -0.479761132, 0.877131737, 0.0165765293, 0.0189208984, -0.00854492188, 0.999755859, 0.877233209, 0.479900796, -0.0123892271, 0, 0, 0, 0, 0, 0, 0, 0.145558496, -0.175033301, -0.255013281, -0.65741858, 0.15557657, -0.737262377, 0.722900391, -0.145507813, -0.675292969, -0.212460962, -0.976882252, -0.0168544996, 3, 1, 
254.727697, 0.1, 0.1, 0.112533595, -0.202849934, -0.0199682257, 0.999909243, 0.0134723526, 3.97768588e-005, -0.013472353, 0.999909244, 9.86831803e-006, -3.96402994e-005, -1.04033103e-005, 0.999999999, 0.999909242, 0.0134724247, 3.53742696e-005, -0.0134724243, 0.999909243, -1.26044391e-005, -3.55408715e-005, 1.21267179e-005, 0.999999999, 0, 0, 0, 0, 0, 0, 0, 0.0984054932, -0.189023511, -0.262176099, -0.479761132, 0.877131737, 0.0165765293, 0.0189208984, -0.00854492188, 0.999755859, 0.877233209, 0.479900796, -0.0123892271, 0, 0, 0, 0, 0, 0, 0, 0.145288867, -0.174570215, -0.254970312, -0.65741858, 0.15557657, -0.737262377, 0.722900391, -0.145507813, -0.675292969, -0.212460962, -0.976882252, -0.0168544996, 3, 1, 
254.728493, 0.1, 0.1, 0.112533597, -0.202849947, -0.0199671295, 0.999909252, 0.0134716834, -3.79810531e-005, -0.0134716844, 0.999909252, -2.62511841e-005, 3.76239588e-005, 2.67604706e-005, 0.999999999, 0.99990925, 0.0134718608, -3.39330869e-005, -0.0134718613, 0.99990925, -1.48199284e-005, 3.37303554e-005, 1.52757253e-005, 0.999999999, 0, 0, 0, 0, 0, 0, 0, 0.0984054932, -0.189023511, -0.262176099, -0.479761132, 0.877131737, 0.0165765293, 0.0189208984, -0.00854492188, 0.999755859, 0.877233209, 0.479900796, -0.0123892271, 0, 0, 0, 0, 0, 0, 0, 0.145288867, -0.174570215, -0.254970312, -0.65741858, 0.15557657, -0.737262377, 0.722900391, -0.145507813, -0.675292969, -0.212460962, -0.976882252, -0.0168544996, 3, 1, 
254.729293, 0.1, 0.1, 0.112533593, -0.202849962, -0.0199654117, 0.999909264, 0.0134707948, 4.86674777e-005, -0.0134707959, 0.999909264, 2.30436732e-005, -4.83526453e-005, -2.36971719e-005, 0.999999999, 0.999909262, 0.013470956, 4.46586389e-005, -0.0134709571, 0.999909262, 2.38462193e-005, -4.43333553e-005, -2.44456501e-005, 0.999999999, 0, 0, 0, 0, 0, 0, 0, 0.0978989746, -0.188496704, -0.262376758, -0.47666345, 0.878881839, 0.0171340613, 0.0208740234, -0.00817871095, 0.999755859, 0.878843647, 0.476904584, -0.0143314105, 0, 0, 0, 0, 0, 0, 0, 0.145288867, -0.174570215, -0.254970312, -0.65741858, 0.15557657, -0.737262377, 0.722900391, -0.145507813, -0.675292969, -0.212460962, -0.976882252, -0.0168544996, 3, 1, 
254.730083, 0.1, 0.1, 0.112533595, -0.202849972, -0.0199638139, 0.999909271, 0.0134702848, -4.28400901e-005, -0.0134702851, 0.999909272, -6.03966111e-006, 4.27548473e-005, 6.61618136e-006, 0.999999999, 0.99990927, 0.0134703269, -3.75051327e-005, -0.0134703277, 0.999909271, -2.0994641e-005, 3.72189252e-005, 2.14979426e-005, 0.999999999, 0, 0, 0, 0, 0, 0, 0, 0.0978989746, -0.188496704, -0.262376758, -0.47666345, 0.878881839, 0.0171340613, 0.0208740234, -0.00817871095, 0.999755859, 0.878843647, 0.476904584, -0.0143314105, 0, 0, 0, 0, 0, 0, 0, 0.145288867, -0.174570215, -0.254970312, -0.65741858, 0.15557657, -0.737262377, 0.722900391, -0.145507813, -0.675292969, -0.212460962, -0.976882252, -0.0168544996, 3, 1, 
254.730876, 0.1, 0.1, 0.112533592, -0.202849989, -0.0199629167, 0.999909267, 0.0134705441, 4.3775034e-005, -0.0134705436, 0.999909268, -1.1011389e-005, -4.39193917e-005, 1.04207164e-005, 0.999999999, 0.999909269, 0.0134704231, 4.02667055e-005, -0.0134704237, 0.99990927, 1.58703912e-005, -4.00492712e-005, -1.64113608e-005, 0.999999999, 0, 0, 0, 0, 0, 0, 0, 0.0978989746, -0.188496704, -0.262376758, -0.47666345, 0.878881839, 0.0171340613, 0.0208740234, -0.00817871095, 0.999755859, 0.878843647, 0.476904584, -0.0143314105, 0, 0, 0, 0, 0, 0, 0, 0.145288867, -0.174570215, -0.254970312, -0.65741858, 0.15557657, -0.737262377, 0.722900391, -0.145507813, -0.675292969, -0.212460962, -0.976882252, -0.0168544996, 3, 1, 
254.731698, 0.1, 0.1, 0.112533596, -0.202850002, -0.0199627861, 0.999909253, 0.0134715628, -5.13040873e-005, -0.013471561, 0.999909254, 3.40397094e-005, 5.17579998e-005, -3.33454743e-005, 0.999999998, 0.999909257, 0.0134713032, -4.60416065e-005, -0.0134713022, 0.999909258, 2.06933504e-005, 4.63161949e-005, -2.00712322e-005, 0.999999999, 0, 0, 0, 0, 0, 0, 0, 0.0973504639, -0.188892773, -0.262765503, -0.474365555, 0.880004016, 0.0183266309, 0.0224609375, -0.00878906251, 0.999755859, 0.880086391, 0.474625786, -0.0153854385, 0, 0, 0, 0, 0, 0, 0, 0.145288867, -0.174570215, -0.254970312, -0.657891427, 0.155940775, -0.736642609, 0.722412109, -0.145507813, -0.67590332, -0.212633403, -0.976843973, -0.0169121021, 3, 1, 
254.732488, 0.1, 0.1, 0.112533594, -0.202850015, -0.0199632701, 0.999909237, 0.0134727522, 4.24742693e-005, -0.0134727514, 0.999909238, -2.06804834e-005, -4.27490373e-005, 2.01063611e-005, 0.999999999, 0.999909241, 0.0134725307, 3.61478652e-005, -0.0134725299, 0.999909241, -2.1009323e-005, -3.64276332e-005, 2.0520413e-005, 0.999999999, 0, 0, 0, 0, 0, 0, 0, 0.0973504639, -0.188892773, -0.262765503, -0.474365555, 0.880004016, 0.0183266309, 0.0224609375, -0.00878906251, 0.999755859, 0.880086391, 0.474625786, -0.0153854385, 0, 0, 0, 0, 0, 0, 0, 0.145253955, -0.174768555, -0.25515376, -0.657891427, 0.155940775, -0.736642609, 0.722412109, -0.145507813, -0.67590332, -0.212633403, -0.976843973, -0.0169121021, 3, 1, 
254.733271, 0.1, 0.1, 0.112533596, -0.202850031, -0.0199645071, 0.999909227, 0.0134735152, -4.02408581e-005, -0.0134735148, 0.999909228, 1.10129536e-005, 4.03855885e-005, -1.04697681e-005, 0.999999999, 0.999909229, 0.0134734226, -3.57211551e-005, -0.0134734217, 0.999909229, 2.56062353e-005, 3.60629163e-005, -2.51226248e-005, 0.999999999, 0, 0, 0, 0, 0, 0, 0, 0.0973504639, -0.188892773, -0.262765503, -0.474365555, 0.880004016, 0.0183266309, 0.0224609375, -0.00878906251, 0.999755859, 0.880086391, 0.474625786, -0.0153854385, 0, 0, 0, 0, 0, 0, 0, 0.145253955, -0.174768555, -0.25515376, -0.657891427, 0.155940775, -0.736642609, 0.722412109, -0.145507813, -0.67590332, -0.212633403, -0.976843973, -0.0169121021, 3, 1, 
254.734067, 0.1, 0.1, 0.112533593, -0.202850039, -0.0199659245, 0.999909227, 0.01347351, 4.62225848e-005, -0.0134735103, 0.999909228, 5.75834184e-006, -4.6140804e-005, -6.38059961e-006, 0.999999999, 0.999909226, 0.0134735798, 4.09213296e-005, -0.013473579, 0.999909227, -1.7893751e-005, -4.11587079e-005, 1.734077e-005, 0.999999999, 0, 0, 0, 0, 0, 0, 0, 0.0973504639, -0.188892773, -0.262765503, -0.474365555, 0.880004016, 0.0183266309, 0.0224609375, -0.00878906251, 0.999755859, 0.880086391, 0.474625786, -0.0153854385, 0, 0, 0, 0, 0, 0, 0, 0.145253955, -0.174768555, -0.25515376, -0.657891427, 0.155940775, -0.736642609, 0.722412109, -0.145507813, -0.67590332, -0.212633403, -0.976843973, -0.0169121021, 3, 1, 
254.734859, 0.1, 0.1, 0.112533593, -0.202850051, -0.019967145, 0.999909237, 0.0134728376, -3.61744722e-005, -0.0134728386, 0.999909237, -2.77602423e-005, 3.57971796e-005, 2.82450955e-005, 0.999999999, 0.999909234, 0.0134730065, -3.12607e-005, -0.0134730071, 0.999909235, -1.7402796e-005, 3.10233947e-005, 1.7822392e-005, 0.999999999, 0, 0, 0, 0, 0, 0, 0, 0.0973504639, -0.188892773, -0.262765503, -0.474365555, 0.880004016, 0.0183266309, 0.0224609375, -0.00878906251, 0.999755859, 0.880086391, 0.474625786, -0.0153854385, 0, 0, 0, 0, 0, 0, 0, 0.145253955, -0.174768555, -0.25515376, -0.657891427, 0.155940775, -0.736642609, 0.722412109, -0.145507813, -0.67590332, -0.212633403, -0.976843973, -0.0169121021, 3, 1, 
254.735655, 0.1, 0.1, 0.11253359, -0.202850063, -0.0199676871, 0.999909248, 0.0134719641, 4.25144639e-005, -0.013471965, 0.999909249, 2.0444465e-005, -4.22351786e-005, -2.1015363e-005, 0.999999999, 0.999909246, 0.0134721242, 3.85748022e-005, -0.013472125, 0.999909247, 2.04105594e-005, -3.82963278e-005, -2.09283917e-005, 0.999999999, 0, 0, 0, 0, 0, 0, 0, 0.0973504639, -0.188892773, -0.262765503, -0.474365555, 0.880004016, 0.0183266309, 0.0224609375, -0.00878906251, 0.999755859, 0.880086391, 0.474625786, -0.0153854385, 0, 0, 0, 0, 0, 0, 0, 0.145253955, -0.174768555, -0.25515376, -0.657891427, 0.155940775, -0.736642609, 0.722412109, -0.145507813, -0.67590332, -0.212633403, -0.976843973, -0.0169121021, 3, 1, 
254.736474, 0.1, 0.1, 0.112533593, -0.202850073, -0.019967313, 0.999909255, 0.0134714336, -4.19988538e-005, -0.0134714337, 0.999909256, -1.89758631e-006, 4.19694795e-005, 2.46319889e-006, 0.999999999, 0.999909255, 0.0134714854, -3.67189145e-005, -0.0134714861, 0.999909255, -1.72152713e-005, 3.64836672e-005, 1.77083674e-005, 0.999999999, 0, 0, 0, 0, 0, 0, 0, 0.0975168213, -0.189588379, -0.262806152, -0.475444671, 0.879433379, 0.0175459383, 0.0222167969, -0.00793457032, 0.999755859, 0.879515755, 0.475704902, -0.0156325648, 0, 0, 0, 0, 0, 0, 0, 0.145253955, -0.174768555, -0.25515376, -0.657821065, 0.155103723, -0.736936452, 0.72265625, -0.145385742, -0.67565918, -0.212135037, -0.977054693, -0.0164520154, 3, 1, 
254.73726, 0.1, 0.1, 0.112533591, -0.20285009, -0.0199661242, 0.999909253, 0.0134716247, 3.57122004e-005, -0.0134716245, 0.999909254, -5.72360542e-006, -3.57860659e-005, 5.24198467e-006, 0.999999999, 0.999909254, 0.0134715234, 3.23989473e-005, -0.013471524, 0.999909255, 1.87513864e-005, -3.21433975e-005, -1.9186148e-005, 0.999999999, 0, 0, 0, 0, 0, 0, 0, 0.0975168213, -0.189588379, -0.262806152, -0.475444671, 0.879433379, 0.0175459383, 0.0222167969, -0.00793457032, 0.999755859, 0.879515755, 0.475704902, -0.0156325648, 0, 0, 0, 0, 0, 0, 0, 0.145715576, -0.175051611, -0.255163525, -0.657821065, 0.155103723, -0.736936452, 0.72265625, -0.145385742, -0.67565918, -0.212135037, -0.977054693, -0.0164520154, 3, 1, 
254.738052, 0.1, 0.1, 0.112533595, -0.202850102, -0.0199648145, 0.999909241, 0.0134724646, -4.79492983e-005, -0.013472463, 0.999909242, 3.23462401e-005, 4.83807301e-005, -3.16973092e-005, 0.999999998, 0.999909244, 0.0134722609, -4.42378836e-005, -0.0134722599, 0.999909245, 2.10427727e-005, 4.45173625e-005, -2.04448787e-005, 0.999999999, 0, 0, 0, 0, 0, 0, 0, 0.0975168213, -0.189588379, -0.262806152, -0.475444671, 0.879433379, 0.0175459383, 0.0222167969, -0.00793457032, 0.999755859, 0.879515755, 0.475704902, -0.0156325648, 0, 0, 0, 0, 0, 0, 0, 0.145715576, -0.175051611, -0.255163525, -0.657821065, 0.155103723, -0.736936452, 0.72265625, -0.145385742, -0.67565918, -0.212135037, -0.977054693, -0.0164520154, 3, 1, 
254.738843, 0.1, 0.1, 0.112533592, -0.202850113, -0.0199638623, 0.999909227, 0.0134735079, 4.39721204e-005, -0.0134735069, 0.999909228, -2.30688885e-005, -4.42789478e-005, 2.24743358e-005, 0.999999999, 0.99990923, 0.0134733176, 3.85391294e-005, -0.0134733167, 0.99990923, -2.31747323e-005, -3.88478718e-005, 2.26533788e-005, 0.999999999, 0, 0, 0, 0, 0, 0, 0, 0.0975168213, -0.189588379, -0.262806152, -0.475444671, 0.879433379, 0.0175459383, 0.0222167969, -0.00793457032, 0.999755859, 0.879515755, 0.475704902, -0.0156325648, 0, 0, 0, 0, 0, 0, 0, 0.145715576, -0.175051611, -0.255163525, -0.657821065, 0.155103723, -0.736936452, 0.72265625, -0.145385742, -0.67565918, -0.212135037, -0.977054693, -0.0164520154, 3, 1, 
254.739634, 0.1, 0.1, 0.112533594, -0.202850127, -0.0199635382, 0.999909219, 0.013474155, -4.2386896e-005, -0.0134741547, 0.999909219, 6.59485297e-006, 4.24719081e-005, -6.02312669e-006, 0.999999999, 0.99990922, 0.0134740863, -3.7691421e-005, -0.0134740855, 0.99990922, 2.20866245e-005, 3.79855965e-005, -2.15767621e-005, 0.999999999, 0, 0, 0, 0, 0, 0, 0, 0.0975168213, -0.189588379, -0.262806152, -0.475444671, 0.879433379, 0.0175459383, 0.0222167969, -0.00793457032, 0.999755859, 0.879515755, 0.475704902, -0.0156325648, 0, 0, 0, 0, 0, 0, 0, 0.145715576, -0.175051611, -0.255163525, -0.657821065, 0.155103723, -0.736936452, 0.72265625, -0.145385742, -0.67565918, -0.212135037, -0.977054693, -0.0164520154, 3, 1, 
254.740424, 0.1, 0.1, 0.112533591, -0.202850133, -0.0199639036, 0.99990922, 0.013474014, 4.68935764e-005, -0.0134740143, 0.999909221, 4.56489932e-006, -4.68278119e-005, -5.19632964e-006, 0.999999999, 0.999909219, 0.0134741147, 4.14449643e-005, -0.0134741138, 0.99990922, -2.13419105e-005, -4.17287652e-005, 2.07815389e-005, 0.999999999, 0, 0, 0, 0, 0, 0, 0, 0.0975168213, -0.189588379, -0.262806152, -0.475444671, 0.879433379, 0.0175459383, 0.0222167969, -0.00793457032, 0.999755859, 0.879515755, 0.475704902, -0.0156325648, 0, 0, 0, 0, 0, 0, 0, 0.145715576, -0.175051611, -0.255163525, -0.657821065, 0.155103723, -0.736936452, 0.72265625, -0.145385742, -0.67565918, -0.212135037, -0.977054693, -0.0164520154, 3, 1, 
254.741238, 0.1, 0.1, 0.112533593, -0.202850143, -0.0199647153, 0.999909232, 0.0134731457, -4.09979225e-005, -0.0134731471, 0.999909232, -3.55009608e-005, 4.05158916e-005, 3.60501095e-005, 0.999999999, 0.999909229, 0.0134733718, -3.58042574e-005, -0.0134733726, 0.99990923, -2.29071594e-005, 3.54923708e-005, 2.33874842e-005, 0.999999999, 0, 0, 0, 0, 0, 0, 0, 0.0986781738, -0.189224292, -0.262744263, -0.47882168, 0.877619998, 0.0184936253, 0.0187988281, -0.0107421875, 0.999755859, 0.877702374, 0.479081911, -0.0112097621, 0, 0, 0, 0, 0, 0, 0, 0.145715576, -0.175051611, -0.255163525, -0.657514096, 0.15488644, -0.73729446, 0.723510742, -0.143432617, -0.675170898, -0.210384375, -0.977323016, -0.0177170706, 3, 1, 
254.742027, 0.1, 0.1, 0.11253359, -0.202850154, -0.0199654482, 0.999909246, 0.0134721041, 4.30289612e-005, -0.0134721049, 0.999909247, 1.87845463e-005, -4.27719888e-005, -1.93625322e-005, 0.999999999, 0.999909244, 0.0134722996, 3.86917667e-005, -0.0134723003, 0.999909244, 1.78845905e-005, -3.84473086e-005, -1.84042344e-005, 0.999999999, 0, 0, 0, 0, 0, 0, 0, 0.0986781738, -0.189224292, -0.262744263, -0.47882168, 0.877619998, 0.0184936253, 0.0187988281, -0.0107421875, 0.999755859, 0.877702374, 0.479081911, -0.0112097621, 0, 0, 0, 0, 0, 0, 0, 0.145995947, -0.174848389, -0.255437061, -0.657514096, 0.15488644, -0.73729446, 0.723510742, -0.143432617, -0.675170898, -0.210384375, -0.977323016, -0.0177170706, 3, 1, 
254.742817, 0.1, 0.1, 0.112533592, -0.202850162, -0.0199661757, 0.999909255, 0.0134714232, -4.36437954e-005, -0.0134714234, 0.999909256, -3.3475078e-006, 4.35947393e-005, 3.93514807e-006, 0.999999999, 0.999909254, 0.0134714986, -3.88040732e-005, -0.0134714993, 0.999909255, -1.82789771e-005, 3.85543067e-005, 1.88000674e-005, 0.999999999, 0, 0, 0, 0, 0, 0, 0, 0.0986781738, -0.189224292, -0.262744263, -0.47882168, 0.877619998, 0.0184936253, 0.0187988281, -0.0107421875, 0.999755859, 0.877702374, 0.479081911, -0.0112097621, 0, 0, 0, 0, 0, 0, 0, 0.145995947, -0.174848389, -0.255437061, -0.657514096, 0.15488644, -0.73729446, 0.723510742, -0.143432617, -0.675170898, -0.210384375, -0.977323016, -0.0177170706, 3, 1, 
254.743645, 0.1, 0.1, 0.11253359, -0.202850178, -0.0199664755, 0.999909254, 0.0134715237, 3.87314036e-005, -0.0134715236, 0.999909255, -4.72437926e-006, -3.87915335e-005, 4.20217953e-006, 0.999999999, 0.999909256, 0.0134714292, 3.47237734e-005, -0.0134714299, 0.999909256, 2.06382564e-005, -3.44425956e-005, -2.11041625e-005, 0.999999999, 0, 0, 0, 0, 0, 0, 0, 0.0988804199, -0.189009229, -0.262299854, -0.479221575, 0.877436151, 0.0184303459, 0.0184326172, -0.0109863281, 0.999755859, 0.877518527, 0.479481805, -0.0108289638, 0, 0, 0, 0, 0, 0, 0, 0.145995947, -0.174848389, -0.255437061, -0.657545812, 0.154560515, -0.737313783, 0.723754883, -0.141723633, -0.675170898, -0.208914796, -0.9777255, -0.0187010433, 3, 1, 
254.744437, 0.1, 0.1, 0.112533593, -0.20285019, -0.0199660926, 0.999909244, 0.0134722711, -4.25554649e-005, -0.0134722695, 0.999909244, 3.63950214e-005, 4.30419264e-005, -3.58183996e-005, 0.999999998, 0.999909247, 0.0134720798, -3.84623069e-005, -0.0134720789, 0.999909247, 2.43898159e-005, 3.87873979e-005, -2.38694352e-005, 0.999999999, 0, 0, 0, 0, 0, 0, 0, 0.0988804199, -0.189009229, -0.262299854, -0.479221575, 0.877436151, 0.0184303459, 0.0184326172, -0.0109863281, 0.999755859, 0.877518527, 0.479481805, -0.0108289638, 0, 0, 0, 0, 0, 0, 0, 0.146247998, -0.174431934, -0.255459033, -0.657545812, 0.154560515, -0.737313783, 0.723754883, -0.141723633, -0.675170898, -0.208914796, -0.9777255, -0.0187010433, 3, 1, 
254.745223, 0.1, 0.1, 0.112533591, -0.202850202, -0.0199655525, 0.999909231, 0.0134732114, 3.91387249e-005, -0.0134732107, 0.999909232, -1.67998594e-005, -3.93615205e-005, 1.62710102e-005, 0.999999999, 0.999909234, 0.0134730371, 3.48878811e-005, -0.0134730366, 0.999909234, -1.63790557e-005, -3.51053901e-005, 1.59075234e-005, 0.999999999, 0, 0, 0, 0, 0, 0, 0, 0.0988804199, -0.189009229, -0.262299854, -0.479221575, 0.877436151, 0.0184303459, 0.0184326172, -0.0109863281, 0.999755859, 0.877518527, 0.479481805, -0.0108289638, 0, 0, 0, 0, 0, 0, 0, 0.146247998, -0.174431934, -0.255459033, -0.657545812, 0.154560515, -0.737313783, 0.723754883, -0.141723633, -0.675170898, -0.208914796, -0.9777255, -0.0187010433, 3, 1, 
254.746017, 0.1, 0.1, 0.112533594, -0.202850216, -0.0199649934, 0.999909223, 0.013473809, -4.64800174e-005, -0.0134738085, 0.999909224, 9.93204092e-006, 4.66096205e-005, -9.30487647e-006, 0.999999999, 0.999909224, 0.0134737501, -4.18137089e-005, -0.013473749, 0.999909225, 2.53236787e-005, 4.21511182e-005, -2.47579925e-005, 0.999999999, 0, 0, 0, 0, 0, 0, 0, 0.0988804199, -0.189009229, -0.262299854, -0.479221575, 0.877436151, 0.0184303459, 0.0184326172, -0.0109863281, 0.999755859, 0.877518527, 0.479481805, -0.0108289638, 0, 0, 0, 0, 0, 0, 0, 0.146247998, -0.174431934, -0.255459033, -0.657545812, 0.154560515, -0.737313783, 0.723754883, -0.141723633, -0.675170898, -0.208914796, -0.9777255, -0.0187010433, 3, 1, 
254.746805, 0.1, 0.1, 0.112533592, -0.202850221, -0.0199647038, 0.999909226, 0.0134736345, 4.06023296e-005, -0.0134736348, 0.999909226, 5.27682103e-006, -4.0527546e-005, -5.82340299e-006, 0.999999999, 0.999909224, 0.0134737368, 3.54712672e-005, -0.0134737361, 0.999909225, -1.89608142e-005, -3.57235203e-005, 1.84811625e-005, 0.999999999, 0, 0, 0, 0, 0, 0, 0, 0.0988804199, -0.189009229, -0.262299854, -0.479221575, 0.877436151, 0.0184303459, 0.0184326172, -0.0109863281, 0.999755859, 0.877518527, 0.479481805, -0.0108289638, 0, 0, 0, 0, 0, 0, 0, 0.146247998, -0.174431934, -0.255459033, -0.657545812, 0.154560515, -0.737313783, 0.723754883, -0.141723633, -0.675170898, -0.208914796, -0.9777255, -0.0187010433, 3, 1, 
254.747594, 0.1, 0.1, 0.112533594, -0.20285023, -0.019964758, 0.999909237, 0.0134728045, -4.34249437e-005, -0.013472806, 0.999909237, -3.53095127e-005, 4.29452841e-005, 3.58913638e-005, 0.999999998, 0.999909234, 0.0134730099, -3.91622701e-005, -0.0134730108, 0.999909235, -2.31594066e-005, 3.88466886e-005, 2.36849382e-005, 0.999999999, 0, 0, 0, 0, 0, 0, 0, 0.0988804199, -0.189009229, -0.262299854, -0.479221575, 0.877436151, 0.0184303459, 0.0184326172, -0.0109863281, 0.999755859, 0.877518527, 0.479481805, -0.0108289638, 0, 0, 0, 0, 0, 0, 0, 0.146247998, -0.174431934, -0.255459033, -0.657545812, 0.154560515, -0.737313783, 0.723754883, -0.141723633, -0.675170898, -0.208914796, -0.9777255, -0.0187010433, 3, 1, 
254.748415, 0.1, 0.1, 0.112533591, -0.20285024, -0.019964923, 0.999909251, 0.013471732, 4.5251031e-005, -0.0134717328, 0.999909252, 1.79645024e-005, -4.50049116e-005, -1.8572482e-005, 0.999999999, 0.999909248, 0.013471943, 4.02143593e-005, -0.0134719437, 0.999909249, 1.75533108e-005, -3.99742326e-005, -1.80934834e-005, 0.999999999, 0, 0, 0, 0, 0, 0, 0, 0.098375708, -0.187929761, -0.262887036, -0.480319786, 0.876643476, 0.0244336297, 0.0216064453, -0.0159912109, 0.999633789, 0.876827323, 0.48071968, -0.0111618309, 0, 0, 0, 0, 0, 0, 0, 0.146247998, -0.174431934, -0.255459033, -0.658695662, 0.155071641, -0.736151173, 0.723266602, -0.139160156, -0.676391602, -0.207317253, -0.977917264, -0.0204199887, 3, 1, 
254.749202, 0.1, 0.1, 0.112533593, -0.202850247, -0.0199649993, 0.99990926, 0.0134710736, -4.16987493e-005, -0.0134710738, 0.999909261, -5.67896013e-006, 4.16184639e-005, 6.24017175e-006, 0.999999999, 0.999909259, 0.0134711458, -3.68249208e-005, -0.0134711465, 0.99990926, -2.1264353e-005, 3.65351241e-005, 2.17584973e-005, 0.999999999, 0, 0, 0, 0, 0, 0, 0, 0.098375708, -0.187929761, -0.262887036, -0.480319786, 0.876643476, 0.0244336297, 0.0216064453, -0.0159912109, 0.999633789, 0.876827323, 0.48071968, -0.0111618309, 0, 0, 0, 0, 0, 0, 0, 0.146205518, -0.173955664, -0.255864746, -0.658695662, 0.155071641, -0.736151173, 0.723266602, -0.139160156, -0.676391602, -0.207317253, -0.977917264, -0.0204199887, 3, 1, 
254.74999, 0.1, 0.1, 0.11253359, -0.202850262, -0.0199652827, 0.999909259, 0.0134711816, 4.13606465e-005, -0.0134711815, 0.99990926, -3.3295747e-006, -4.14017468e-005, 2.77209579e-006, 0.999999999, 0.99990926, 0.0134710941, 3.74539388e-005, -0.0134710949, 0.99990926, 2.06541836e-005, -3.71723058e-005, -2.1156855e-005, 0.999999999, 0, 0, 0, 0, 0, 0, 0, 0.098375708, -0.187929761, -0.262887036, -0.480319786, 0.876643476, 0.0244336297, 0.0216064453, -0.0159912109, 0.999633789, 0.876827323, 0.48071968, -0.0111618309, 0, 0, 0, 0, 0, 0, 0, 0.146205518, -0.173955664, -0.255864746, -0.658695662, 0.155071641, -0.736151173, 0.723266602, -0.139160156, -0.676391602, -0.207317253, -0.977917264, -0.0204199887, 3, 1, 
254.750778, 0.1, 0.1, 0.112533593, -0.20285027, -0.0199656645, 0.99990925, 0.0134717972, -4.38196481e-005, -0.0134717975, 0.999909251, -7.53449522e-006, 4.37141684e-005, 8.12414089e-006, 0.999999999, 0.999909252, 0.0134716952, -3.92009298e-005, -0.0134716952, 0.999909253, 2.4352173e-006, 3.9230179e-005, -1.90689333e-006, 0.999999999, 0, 0, 0, 0, 0, 0, 0, 0.098375708, -0.187929761, -0.262887036, -0.480319786, 0.876643476, 0.0244336297, 0.0216064453, -0.0159912109, 0.999633789, 0.876827323, 0.48071968, -0.0111618309, 0, 0, 0, 0, 0, 0, 0, 0.146205518, -0.173955664, -0.255864746, -0.658695662, 0.155071641, -0.736151173, 0.723266602, -0.139160156, -0.676391602, -0.207317253, -0.977917264, -0.0204199887, 3, 1, 
254.751568, 0.1, 0.1, 0.112533591, -0.20285028, -0.0199660562, 0.999909243, 0.0134723772, 3.99044591e-005, -0.0134723771, 0.999909243, -2.15411776e-006, -3.99298586e-005, 1.61631434e-006, 0.999999999, 0.999909245, 0.0134722406, 3.50165926e-005, -0.0134722405, 0.999909245, -3.35380042e-006, -3.50585979e-005, 2.88174408e-006, 0.999999999, 0, 0, 0, 0, 0, 0, 0, 0.098375708, -0.187929761, -0.262887036, -0.480319786, 0.876643476, 0.0244336297, 0.0216064453, -0.0159912109, 0.999633789, 0.876827323, 0.48071968, -0.0111618309, 0, 0, 0, 0, 0, 0, 0, 0.146205518, -0.173955664, -0.255864746, -0.658695662, 0.155071641, -0.736151173, 0.723266602, -0.139160156, -0.676391602, -0.207317253, -0.977917264, -0.0204199887, 3, 1, 
254.752353, 0.1, 0.1, 0.112533593, -0.202850288, -0.0199662889, 0.999909238, 0.0134727402, -4.10451558e-005, -0.0134727414, 0.999909238, -3.07975145e-005, 4.06265036e-005, 3.134771e-005, 0.999999999, 0.999909238, 0.0134727161, -3.66300134e-005, -0.0134727169, 0.999909239, -2.10596633e-005, 3.63429579e-005, 2.15512577e-005, 0.999999999, 0, 0, 0, 0, 0, 0, 0, 0.098375708, -0.187929761, -0.262887036, -0.480319786, 0.876643476, 0.0244336297, 0.0216064453, -0.0159912109, 0.999633789, 0.876827323, 0.48071968, -0.0111618309, 0, 0, 0, 0, 0, 0, 0, 0.146205518, -0.173955664, -0.255864746, -0.658695662, 0.155071641, -0.736151173, 0.723266602, -0.139160156, -0.676391602, -0.207317253, -0.977917264, -0.0204199887, 3, 1, 
254.753175, 0.1, 0.1, 0.11253359, -0.202850298, -0.0199660664, 0.999909237, 0.013472786, 4.55983644e-005, -0.0134727871, 0.999909238, 2.4496749e-005, -4.52641864e-005, -2.51088626e-005, 0.999999999, 0.999909237, 0.0134727738, 4.07197906e-005, -0.0134727748, 0.999909238, 2.37684392e-005, -4.0395868e-005, -2.43148905e-005, 0.999999999, 0, 0, 0, 0, 0, 0, 0, 0.0979204346, -0.187269556, -0.263553931, -0.480478545, 0.876440533, 0.0290331661, 0.0263671875, -0.0185546875, 0.999511719, 0.876605284, 0.480999007, -0.0141149807, 0, 0, 0, 0, 0, 0, 0, 0.146205518, -0.173955664, -0.255864746, -0.659903115, 0.15509716, -0.735077881, 0.722412109, -0.137573242, -0.677490234, -0.206339477, -0.978160067, -0.0212891229, 3, 1, 
254.753966, 0.1, 0.1, 0.112533591, -0.202850306, -0.019965427, 0.999909233, 0.0134730619, -4.09343951e-005, -0.0134730619, 0.999909234, 9.17907151e-007, 4.09430466e-005, -3.66312197e-007, 0.999999999, 0.999909235, 0.0134729599, -3.61349331e-005, -0.0134729604, 0.999909235, -1.39655445e-005, 3.59434961e-005, 1.44511215e-005, 0.999999999, 0, 0, 0, 0, 0, 0, 0, 0.0979204346, -0.187269556, -0.263553931, -0.480478545, 0.876440533, 0.0290331661, 0.0263671875, -0.0185546875, 0.999511719, 0.876605284, 0.480999007, -0.0141149807, 0, 0, 0, 0, 0, 0, 0, 0.146146191, -0.173512598, -0.256035254, -0.659903115, 0.15509716, -0.735077881, 0.722412109, -0.137573242, -0.677490234, -0.206339477, -0.978160067, -0.0212891229, 3, 1, 
254.75476, 0.1, 0.1, 0.112533589, -0.202850316, -0.0199648795, 0.999909228, 0.0134734802, 4.21281783e-005, -0.0134734808, 0.999909228, 1.37454955e-005, -4.19391546e-005, -1.4311861e-005, 0.999999999, 0.999909228, 0.0134734329, 3.81819543e-005, -0.0134734333, 0.999909229, 1.14866327e-005, -3.80237241e-005, -1.2000032e-005, 0.999999999, 0, 0, 0, 0, 0, 0, 0, 0.0979204346, -0.187269556, -0.263553931, -0.480478545, 0.876440533, 0.0290331661, 0.0263671875, -0.0185546875, 0.999511719, 0.876605284, 0.480999007, -0.0141149807, 0, 0, 0, 0, 0, 0, 0, 0.146146191, -0.173512598, -0.256035254, -0.659903115, 0.15509716, -0.735077881, 0.722412109, -0.137573242, -0.677490234, -0.206339477, -0.978160067, -0.0212891229, 3, 1, 
254.755545, 0.1, 0.1, 0.112533591, -0.202850323, -0.0199646012, 0.999909222, 0.0134739048, -4.64027119e-005, -0.0134739049, 0.999909223, -1.34024436e-006, 4.63804413e-005, 1.96534842e-006, 0.999999999, 0.999909224, 0.0134737697, -4.14161328e-005, -0.0134737705, 0.999909224, -1.85793107e-005, 4.11620399e-005, 1.91356556e-005, 0.999999999, 0, 0, 0, 0, 0, 0, 0, 0.0979204346, -0.187269556, -0.263553931, -0.480478545, 0.876440533, 0.0290331661, 0.0263671875, -0.0185546875, 0.999511719, 0.876605284, 0.480999007, -0.0141149807, 0, 0, 0, 0, 0, 0, 0, 0.146146191, -0.173512598, -0.256035254, -0.659903115, 0.15509716, -0.735077881, 0.722412109, -0.137573242, -0.677490234, -0.206339477, -0.978160067, -0.0212891229, 3, 1, 
254.756328, 0.1, 0.1, 0.11253359, -0.202850338, -0.0199647524, 0.999909208, 0.0134749804, 3.80222172e-005, -0.0134749806, 0.999909208, 5.65773412e-006, -3.79425273e-005, -6.16956908e-006, 0.999999999, 0.999909211, 0.0134747104, 3.38608915e-005, -0.0134747114, 0.999909212, 2.93270487e-005, -3.34626439e-005, -2.97806518e-005, 0.999999999, 0, 0, 0, 0, 0, 0, 0, 0.0979204346, -0.187269556, -0.263553931, -0.480478545, 0.876440533, 0.0290331661, 0.0263671875, -0.0185546875, 0.999511719, 0.876605284, 0.480999007, -0.0141149807, 0, 0, 0, 0, 0, 0, 0, 0.146146191, -0.173512598, -0.256035254, -0.659903115, 0.15509716, -0.735077881, 0.722412109, -0.137573242, -0.677490234, -0.206339477, -0.978160067, -0.0212891229, 3, 1, 
254.757114, 0.1, 0.1, 0.112533593, -0.202850337, -0.0199652267, 0.999909183, 0.0134767482, -4.53058613e-005, -0.0134767494, 0.999909184, -2.69361284e-005, 4.49387354e-005, 2.75442578e-005, 0.999999999, 0.999909189, 0.0134763487, -4.05316932e-005, -0.0134763507, 0.999909189, -4.74430444e-005, 3.98886535e-005, 4.79849553e-005, 0.999999998, 0, 0, 0, 0, 0, 0, 0, 0.0979204346, -0.187269556, -0.263553931, -0.480478545, 0.876440533, 0.0290331661, 0.0263671875, -0.0185546875, 0.999511719, 0.876605284, 0.480999007, -0.0141149807, 0, 0, 0, 0, 0, 0, 0, 0.146146191, -0.173512598, -0.256035254, -0.659903115, 0.15509716, -0.735077881, 0.722412109, -0.137573242, -0.677490234, -0.206339477, -0.978160067, -0.0212891229, 3, 1, 
254.757914, 0.1, 0.1, 0.112533591, -0.202850349, -0.0199658291, 0.999909152, 0.0134791297, 3.82935727e-005, -0.0134791297, 0.999909152, -1.70811415e-006, -3.83131177e-005, 1.19179494e-006, 0.999999999, 0.999909159, 0.013478577, 3.35261675e-005, -0.0134785777, 0.99990916, 1.91578537e-005, -3.32649013e-005, -1.96079984e-005, 0.999999999, 0, 0, 0, 0, 0, 0, 0, 0.0979204346, -0.187269556, -0.263553931, -0.480078651, 0.87662438, 0.0304859666, 0.0279541016, -0.0192871094, 0.999389648, 0.876789131, 0.480599113, -0.0150866333, 0, 0, 0, 0, 0, 0, 0, 0.146146191, -0.173512598, -0.256035254, -0.659903115, 0.15509716, -0.735077881, 0.722412109, -0.137573242, -0.677490234, -0.206339477, -0.978160067, -0.0212891229, 3, 1, 
254.758713, 0.1, 0.1, 0.112533593, -0.20285036, -0.0199660178, 0.999909117, 0.0134816694, -4.31090313e-005, -0.0134816689, 0.999909118, 1.21258213e-005, 4.32685898e-005, -1.15435376e-005, 0.999999999, 0.999909124, 0.0134812117, -3.89168003e-005, -0.013481211, 0.999909124, 1.89415503e-005, 3.91686188e-005, -1.84151833e-005, 0.999999999, 0, 0, 0, 0, 0, 0, 0, 0.0974949463, -0.186814893, -0.263929126, -0.480078651, 0.87662438, 0.0304859666, 0.0279541016, -0.0192871094, 0.999389648, 0.876789131, 0.480599113, -0.0150866333, 0, 0, 0, 0, 0, 0, 0, 0.145639648, -0.173485986, -0.255988623, -0.660554966, 0.155448605, -0.734509153, 0.721679688, -0.138305664, -0.678222656, -0.207144445, -0.978000386, -0.020861119, 3, 1, 
254.759496, 0.1, 0.1, 0.112533591, -0.202850368, -0.0199661431, 0.999909093, 0.0134834812, 4.15843577e-005, -0.0134834819, 0.999909094, 1.61619731e-005, -4.13626577e-005, -1.67212058e-005, 0.999999999, 0.999909097, 0.013483178, 3.64901723e-005, -0.0134831784, 0.999909098, 1.08546172e-005, -3.63405006e-005, -1.1345634e-005, 0.999999999, 0, 0, 0, 0, 0, 0, 0, 0.0974949463, -0.186814893, -0.263929126, -0.480078651, 0.87662438, 0.0304859666, 0.0279541016, -0.0192871094, 0.999389648, 0.876789131, 0.480599113, -0.0150866333, 0, 0, 0, 0, 0, 0, 0, 0.145639648, -0.173485986, -0.255988623, -0.660554966, 0.155448605, -0.734509153, 0.721679688, -0.138305664, -0.678222656, -0.207144445, -0.978000386, -0.020861119, 3, 1, 
254.760296, 0.1, 0.1, 0.112533593, -0.202850377, -0.0199660794, 0.999909071, 0.0134850879, -3.92867181e-005, -0.0134850873, 0.999909072, 1.35889594e-005, 3.94663941e-005, -1.30579389e-005, 0.999999999, 0.999909077, 0.0134847093, -3.51007602e-005, -0.0134847095, 0.999909077, -5.59604128e-006, 3.50221078e-005, 6.06885603e-006, 0.999999999, 0, 0, 0, 0, 0, 0, 0, 0.0974949463, -0.186814893, -0.263929126, -0.476282651, 0.878843647, 0.0235050387, 0.0249023438, -0.0133056641, 0.999633789, 0.878906926, 0.47666345, -0.0154640662, 0, 0, 0, 0, 0, 0, 0, 0.145639648, -0.173485986, -0.255988623, -0.660554966, 0.155448605, -0.734509153, 0.721679688, -0.138305664, -0.678222656, -0.207144445, -0.978000386, -0.020861119, 3, 1, 
254.761097, 0.1, 0.1, 0.11253359, -0.202850385, -0.0199655095, 0.999909047, 0.0134868912, 4.45349511e-005, -0.0134868909, 0.999909048, -7.83552287e-006, -4.46365774e-005, 7.23417218e-006, 0.999999999, 0.999909051, 0.0134865714, 4.01823822e-005, -0.0134865709, 0.999909052, -1.31819095e-005, -4.03565065e-005, 1.26387881e-005, 0.999999999, 0, 0, 0, 0, 0, 0, 0, 0.0976953857, -0.187829663, -0.262724341, -0.476282651, 0.878843647, 0.0235050387, 0.0249023438, -0.0133056641, 0.999633789, 0.878906926, 0.47666345, -0.0154640662, 0, 0, 0, 0, 0, 0, 0, 0.14545376, -0.173695801, -0.255346484, -0.659366836, 0.155531727, -0.73540344, 0.722045898, -0.140991211, -0.677246094, -0.209106194, -0.977623422, -0.0193594571, 3, 1, 
254.76188, 0.1, 0.1, 0.112533592, -0.202850394, -0.0199651486, 0.999909031, 0.0134880828, -4.1196997e-005, -0.0134880836, 0.999909031, -1.924165e-005, 4.09337164e-005, 1.97955681e-005, 0.999999999, 0.999909033, 0.0134879012, -3.61931144e-005, -0.0134879017, 0.999909034, -1.25461661e-005, 3.60206006e-005, 1.3033194e-005, 0.999999999, 0, 0, 0, 0, 0, 0, 0, 0.0976953857, -0.187829663, -0.262724341, -0.476282651, 0.878843647, 0.0235050387, 0.0249023438, -0.0133056641, 0.999633789, 0.878906926, 0.47666345, -0.0154640662, 0, 0, 0, 0, 0, 0, 0, 0.14545376, -0.173695801, -0.255346484, -0.659366836, 0.155531727, -0.73540344, 0.722045898, -0.140991211, -0.677246094, -0.209106194, -0.977623422, -0.0193594571, 3, 1, 
254.76266, 0.1, 0.1, 0.112533589, -0.202850401, -0.019965087, 0.999909018, 0.0134890565, 4.24135945e-005, -0.0134890567, 0.999909019, 2.54986285e-006, -4.23753404e-005, -3.12175023e-006, 0.999999999, 0.999909021, 0.0134888502, 3.79474798e-005, -0.0134888501, 0.999909021, -1.65611488e-006, -3.79663665e-005, 1.14409634e-006, 0.999999999, 0, 0, 0, 0, 0, 0, 0, 0.0976953857, -0.187829663, -0.262724341, -0.476282651, 0.878843647, 0.0235050387, 0.0249023438, -0.0133056641, 0.999633789, 0.878906926, 0.47666345, -0.0154640662, 0, 0, 0, 0, 0, 0, 0, 0.14545376, -0.173695801, -0.255346484, -0.659366836, 0.155531727, -0.73540344, 0.722045898, -0.140991211, -0.677246094, -0.209106194, -0.977623422, -0.0193594571, 3, 1, 
254.763444, 0.1, 0.1, 0.112533591, -0.202850409, -0.019965304, 0.999909004, 0.0134900828, -4.24097463e-005, -0.0134900823, 0.999909005, 1.31315578e-005, 4.2583033e-005, -1.25582519e-005, 0.999999999, 0.999909007, 0.0134898616, -3.78726469e-005, -0.0134898617, 0.999909008, -2.81794851e-006, 3.7831187e-005, 3.32858886e-006, 0.999999999, 0, 0, 0, 0, 0, 0, 0, 0.0976953857, -0.187829663, -0.262724341, -0.476282651, 0.878843647, 0.0235050387, 0.0249023438, -0.0133056641, 0.999633789, 0.878906926, 0.47666345, -0.0154640662, 0, 0, 0, 0, 0, 0, 0, 0.14545376, -0.173695801, -0.255346484, -0.659366836, 0.155531727, -0.73540344, 0.722045898, -0.140991211, -0.677246094, -0.209106194, -0.977623422, -0.0193594571, 3, 1, 
254.764229, 0.1, 0.1, 0.112533589, -0.202850416, -0.0199656713, 0.999908989, 0.0134912182, 4.10980491e-005, -0.0134912175, 0.999908989, -1.6905352e-005, -4.13223825e-005, 1.63493507e-005, 0.999999999, 0.999908992, 0.0134910109, 3.62095136e-005, -0.0134910102, 0.999908992, -2.10309494e-005, -3.6489947e-005, 2.05405324e-005, 0.999999999, 0, 0, 0, 0, 0, 0, 0, 0.0976953857, -0.187829663, -0.262724341, -0.476282651, 0.878843647, 0.0235050387, 0.0249023438, -0.0133056641, 0.999633789, 0.878906926, 0.47666345, -0.0154640662, 0, 0, 0, 0, 0, 0, 0, 0.14545376, -0.173695801, -0.255346484, -0.659366836, 0.155531727, -0.73540344, 0.722045898, -0.140991211, -0.677246094, -0.209106194, -0.977623422, -0.0193594571, 3, 1, 
254.76503, 0.1, 0.1, 0.112533591, -0.20285043, -0.0199659699, 0.999908979, 0.0134919246, -4.23121901e-005, -0.0134919235, 0.99990898, 2.61592858e-005, 4.26612779e-005, -2.55860319e-005, 0.999999999, 0.99990898, 0.0134918377, -3.62172181e-005, -0.0134918363, 0.99990898, 4.00768329e-005, 3.67546318e-005, -3.95845483e-005, 0.999999999, 0, 0, 0, 0, 0, 0, 0, 0.0976953857, -0.187829663, -0.262724341, -0.471947094, 0.881348232, 0.0164286309, 0.0223388672, -0.00659179688, 0.999755859, 0.88131004, 0.472188228, -0.0164443362, 0, 0, 0, 0, 0, 0, 0, 0.14545376, -0.173695801, -0.255346484, -0.659366836, 0.155531727, -0.73540344, 0.722045898, -0.140991211, -0.677246094, -0.209106194, -0.977623422, -0.0193594571, 3, 1, 
254.76583, 0.1, 0.1, 0.11253359, -0.202850437, -0.0199658317, 0.999908979, 0.0134919166, 3.77939731e-005, -0.0134919167, 0.99990898, 1.82559984e-006, -3.77659022e-005, -2.33534681e-006, 0.999999999, 0.999908979, 0.0134919558, 3.37986819e-005, -0.0134919558, 0.999908979, 1.23326735e-006, -3.37789663e-005, -1.68916542e-006, 0.999999999, 0, 0, 0, 0, 0, 0, 0, 0.097254541, -0.188831494, -0.261303027, -0.471947094, 0.881348232, 0.0164286309, 0.0223388672, -0.00659179688, 0.999755859, 0.88131004, 0.472188228, -0.0164443362, 0, 0, 0, 0, 0, 0, 0, 0.14477793, -0.174118848, -0.2546875, -0.658587754, 0.155723491, -0.736240125, 0.722045898, -0.14465332, -0.676391602, -0.211847391, -0.977112296, -0.0172380274, 3, 1, 
