time, realDorsalTactorPos, realVentralTactorPos, boxPosX, boxPosY, boxPosZ, boxLocalRot_11, boxLocalRot_12, boxLocalRot_13, boxLocalRot_21, boxLocalRot_22, boxLocalRot_23, boxLocalRot_31, boxLocalRot_32, boxLocalRot_33, boxGlobalRot_11, boxGlobalRot_12, boxGlobalRot_13, boxGlobalRot_21, boxGlobalRot_22, boxGlobalRot_23, boxGlobalRot_31, boxGlobalRot_32, boxGlobalRot_33, indexForceX, indexForceY, indexForceZ, indexForceGlobalX, indexForceGlobalY, indexForceGlobalZ, indexContact, indexPosX, indexPosY, indexPosZ, indexRot_11, indexRot_12, indexRot_13, indexRot_21, indexRot_22, indexRot_23, indexRot_31, indexRot_32, indexRot_33, thumbForceX, thumbForceY, thumbForceZ, thumbForceGlobalX, thumbForceGlobalY, thumbForceGlobalZ, thumbContact, thumbPosX, thumbPosY, thumbPosZ, thumbRot_11, thumbRot_12, thumbRot_13, thumbRot_21, thumbRot_22, thumbRot_23, thumbRot_31, thumbRot_32, thumbRot_33, mapping, boxInitParam, trialSuccess, 
86.4236579, 0.1, 0.1, 0.178045917, 0.100375206, -0.0199584389, 0.921046798, 2.9489267e-005, -0.389451916, 0.389451913, 6.26364298e-005, 0.921046798, 5.15548725e-005, -0.999999998, 4.62064317e-005, 0.921046782, 3.05790959e-005, -0.389451954, 0.38945195, 7.57537193e-005, 0.921046781, 5.76672118e-005, -0.999999997, 5.78636309e-005, 0, 0, 0, 0, 0, 0, 0, 0.195809839, 0.0089576416, -0.155411206, -0.24731517, 0.712235835, -0.656869199, -0.818725586, 0.208862305, 0.534790039, 0.51808962, 0.67014783, 0.531542361, 0, 0, 0, 0, 0, 0, 0, 0.263155322, 0.0421758789, -0.140998682, -0.155651518, 0.300807029, -0.940841092, 0.218261719, -0.918334961, -0.329711914, -0.963319641, -0.25658379, 0.0772494052, 1, 1, 1, 
86.4656648, 0.1, 0.1, 0.178045725, 0.100375194, -0.0199602748, 0.921035965, -1.35774656e-005, -0.389477537, 0.389477537, -1.5478296e-005, 0.921035965, -1.85337827e-005, -1, -8.96794946e-006, 0.921035989, 6.40590972e-007, -0.38947748, 0.38947748, 1.21590456e-005, 0.921035989, 5.32568178e-006, -1, 1.09494228e-005, 0, 0, 0, 0, 0, 0, 0, 0.201531274, 0.00910292969, -0.157240063, -0.243799237, 0.719671701, -0.64998189, -0.827758789, 0.194702148, 0.526000977, 0.505173558, 0.666374674, 0.548495941, 0, 0, 0, 0, 0, 0, 0, 0.267858008, 0.0426513672, -0.140943652, -0.145907307, 0.315028139, -0.937751382, 0.232788086, -0.91027832, -0.342041016, -0.961436284, -0.268099818, 0.0595309685, 1, 1, 1, 
86.4664555, 0.1, 0.1, 0.178045723, 0.100375196, -0.0199595861, 0.921035909, 4.02971626e-005, -0.389477665, 0.389477664, 3.46099923e-005, 0.92103591, 5.05949528e-005, -0.999999999, 1.6182201e-005, 0.921035901, 2.16919294e-005, -0.389477687, 0.389477687, 3.45455463e-005, 0.921035901, 3.34337652e-005, -0.999999999, 2.33691658e-005, 0, 0, 0, 0, 0, 0, 0, 0.201531274, 0.00910292969, -0.157240063, -0.243799237, 0.719671701, -0.64998189, -0.827758789, 0.194702148, 0.526000977, 0.505173558, 0.666374674, 0.548495941, 0, 0, 0, 0, 0, 0, 0, 0.267858008, 0.0426513672, -0.140943652, -0.145907307, 0.315028139, -0.937751382, 0.232788086, -0.91027832, -0.342041016, -0.961436284, -0.268099818, 0.0595309685, 1, 1, 1, 
86.4672418, 0.1, 0.1, 0.178045721, 0.100375198, -0.0199609653, 0.921036064, -5.9284333e-005, -0.389477299, 0.389477299, 2.82212984e-006, 0.921036065, -5.35038533e-005, -0.999999998, 2.56891853e-005, 0.921036031, -3.38443864e-005, -0.389477378, 0.389477378, 5.59682444e-006, 0.921036032, -2.89920628e-005, -0.999999999, 1.83364998e-005, 0, 0, 0, 0, 0, 0, 0, 0.201531274, 0.00910292969, -0.157240063, -0.243799237, 0.719671701, -0.64998189, -0.827758789, 0.194702148, 0.526000977, 0.505173558, 0.666374674, 0.548495941, 0, 0, 0, 0, 0, 0, 0, 0.267858008, 0.0426513672, -0.140943652, -0.145907307, 0.315028139, -0.937751382, 0.232788086, -0.91027832, -0.342041016, -0.961436284, -0.268099818, 0.0595309685, 1, 1, 1, 
86.4680253, 0.1, 0.1, 0.178045716, 0.100375192, -0.0199638198, 0.921036096, 5.42382981e-005, -0.389477223, 0.389477225, -2.77731022e-005, 0.921036096, 3.91384396e-005, -0.999999998, -4.67046114e-005, 0.921036121, 1.42466633e-005, -0.389477166, 0.389477166, -4.29284233e-005, 0.92103612, -3.59794911e-006, -0.999999999, -4.50873785e-005, 0, 0, 0, 0, 0, 0, 0, 0.201531274, 0.00910292969, -0.157240063, -0.243799237, 0.719671701, -0.64998189, -0.827758789, 0.194702148, 0.526000977, 0.505173558, 0.666374674, 0.548495941, 0, 0, 0, 0, 0, 0, 0, 0.267858008, 0.0426513672, -0.140943652, -0.145907307, 0.315028139, -0.937751382, 0.232788086, -0.91027832, -0.342041016, -0.961436284, -0.268099818, 0.0595309685, 1, 1, 1, 
86.468842, 0.1, 0.1, 0.178045726, 0.100375202, -0.0199671268, 0.92103573, 1.6954831e-005, -0.389478091, 0.38947809, 6.31034168e-005, 0.921035729, 4.01934035e-005, -0.999999998, 5.15169663e-005, 0.921035834, 4.59729289e-005, -0.389477843, 0.38947784, 6.60655676e-005, 0.921035834, 6.80737897e-005, -0.999999997, 4.29433182e-005, 0, 0, 0, 0, 0, 0, 0, 0.202006323, 0.00891704102, -0.157428882, -0.243190408, 0.720439289, -0.649391035, -0.828491211, 0.193847656, 0.525268555, 0.504335577, 0.665758732, 0.549885462, 0, 0, 0, 0, 0, 0, 0, 0.267858008, 0.0426513672, -0.140943652, -0.145313059, 0.315992789, -0.937502383, 0.233886719, -0.909667969, -0.342895508, -0.961251083, -0.269103114, 0.0583297123, 1, 1, 1, 
86.4696326, 0.1, 0.1, 0.178045712, 0.100375196, -0.0199693263, 0.921035039, -6.2661246e-005, -0.389479721, 0.389479715, -8.91886956e-005, 0.921035039, -9.24503914e-005, -0.999999994, -5.77406296e-005, 0.921035201, -6.8640333e-005, -0.389479336, 0.389479332, -6.5777389e-005, 0.921035203, -8.88390968e-005, -0.999999995, -3.38492997e-005, 0, 0, 0, 0, 0, 0, 0, 0.202006323, 0.00891704102, -0.157428882, -0.243190408, 0.720439289, -0.649391035, -0.828491211, 0.193847656, 0.525268555, 0.504335577, 0.665758732, 0.549885462, 0, 0, 0, 0, 0, 0, 0, 0.268124463, 0.042917334, -0.140952441, -0.145313059, 0.315992789, -0.937502383, 0.233886719, -0.909667969, -0.342895508, -0.961251083, -0.269103114, 0.0583297123, 1, 1, 1, 
86.4704293, 0.1, 0.1, 0.178045709, 0.100375184, -0.0199701265, 0.921034128, 3.66247562e-005, -0.389481878, 0.389481878, 9.90105097e-006, 0.921034129, 3.75889303e-005, -0.999999999, -5.14547298e-006, 0.921034331, 2.4048472e-005, -0.389481401, 0.389481401, -3.06799186e-005, 0.92103433, 1.02002107e-005, -0.999999999, -3.76236909e-005, 0, 0, 0, 0, 0, 0, 0, 0.202006323, 0.00891704102, -0.157428882, -0.243190408, 0.720439289, -0.649391035, -0.828491211, 0.193847656, 0.525268555, 0.504335577, 0.665758732, 0.549885462, 0, 0, 0, 0, 0, 0, 0, 0.268124463, 0.042917334, -0.140952441, -0.145313059, 0.315992789, -0.937502383, 0.233886719, -0.909667969, -0.342895508, -0.961251083, -0.269103114, 0.0583297123, 1, 1, 1, 
86.4712223, 0.1, 0.1, 0.178045708, 0.100375202, -0.019969295, 0.921032974, -2.61772386e-005, -0.389484608, 0.389484609, 6.70642423e-005, 0.921032972, 2.01039023e-006, -0.999999997, 7.19640101e-005, 0.921033212, -5.02224922e-006, -0.389484047, 0.389484046, 8.79619103e-005, 0.921033208, 2.96341025e-005, -0.999999996, 8.29719267e-005, 0, 0, 0, 0, 0, 0, 0, 0.202006323, 0.00891704102, -0.157428882, -0.243190408, 0.720439289, -0.649391035, -0.828491211, 0.193847656, 0.525268555, 0.504335577, 0.665758732, 0.549885462, 0, 0, 0, 0, 0, 0, 0, 0.268124463, 0.042917334, -0.140952441, -0.145313059, 0.315992789, -0.937502383, 0.233886719, -0.909667969, -0.342895508, -0.961251083, -0.269103114, 0.0583297123, 1, 1, 1, 
86.4720261, 0.1, 0.1, 0.178045696, 0.100375193, -0.0199670615, 0.921031636, -1.84946282e-005, -0.389487773, 0.38948777, -9.11449818e-005, 0.921031633, -5.25339936e-005, -0.999999996, -7.67439802e-005, 0.921031918, -4.02211909e-005, -0.389487104, 0.3894871, -8.17046222e-005, 0.921031917, -6.88678972e-005, -0.999999996, -5.95869299e-005, 0, 0, 0, 0, 0, 0, 0, 0.202006323, 0.00891704102, -0.157428882, -0.243190408, 0.720439289, -0.649391035, -0.828491211, 0.193847656, 0.525268555, 0.504335577, 0.665758732, 0.549885462, 0, 0, 0, 0, 0, 0, 0, 0.268662256, 0.042943457, -0.140774854, -0.143977641, 0.316714635, -0.937528269, 0.235473633, -0.909057617, -0.343261719, -0.961110725, -0.270131929, 0.0562403655, 1, 1, 1, 
86.4728101, 0.1, 0.1, 0.178045701, 0.100375188, -0.0199646401, 0.921030115, 2.45288271e-005, -0.38949137, 0.389491369, 5.04240955e-005, 0.921030114, 4.22315385e-005, -0.999999998, 3.6888344e-005, 0.921030437, 4.57247032e-005, -0.389490606, 0.389490606, 9.55363817e-006, 0.921030438, 4.58348957e-005, -0.999999999, -9.01015081e-006, 0, 0, 0, 0, 0, 0, 0, 0.202006323, 0.00891704102, -0.157428882, -0.243190408, 0.720439289, -0.649391035, -0.828491211, 0.193847656, 0.525268555, 0.504335577, 0.665758732, 0.549885462, 0, 0, 0, 0, 0, 0, 0, 0.268662256, 0.042943457, -0.140774854, -0.143977641, 0.316714635, -0.937528269, 0.235473633, -0.909057617, -0.343261719, -0.961110725, -0.270131929, 0.0562403655, 1, 1, 1, 
86.4736254, 0.1, 0.1, 0.178045691, 0.100375203, -0.0199626109, 0.921028332, -2.33297644e-005, -0.389495585, 0.389495585, 3.58981895e-005, 0.921028332, -7.50518772e-006, -0.999999999, 4.21500898e-005, 0.921028707, -4.64504709e-005, -0.389494697, 0.389494699, 5.89956425e-005, 0.921028705, -1.98037271e-005, -0.999999997, 7.24288925e-005, 0, 0, 0, 0, 0, 0, 0, 0.202006323, 0.00891704102, -0.157428882, -0.242416829, 0.720902463, -0.649142787, -0.829589844, 0.192871094, 0.523925781, 0.502977135, 0.66556178, 0.551452839, 0, 0, 0, 0, 0, 0, 0, 0.268662256, 0.042943457, -0.140774854, -0.143977641, 0.316714635, -0.937528269, 0.235473633, -0.909057617, -0.343261719, -0.961110725, -0.270131929, 0.0562403655, 1, 1, 1, 
86.474417, 0.1, 0.1, 0.178045697, 0.10037519, -0.0199615459, 0.921026897, 1.90638551e-005, -0.389498978, 0.389498978, -0.000106136026, 0.921026892, -2.37815503e-005, -0.999999994, -0.000105179487, 0.921027136, 4.47553028e-005, -0.389498413, 0.389498415, -9.37220158e-005, 0.921027131, 4.71627181e-006, -0.999999995, -0.000103752639, 0, 0, 0, 0, 0, 0, 0, 0.202488208, 0.00894011231, -0.157634668, -0.242416829, 0.720902463, -0.649142787, -0.829589844, 0.192871094, 0.523925781, 0.502977135, 0.66556178, 0.551452839, 0, 0, 0, 0, 0, 0, 0, 0.268662256, 0.042943457, -0.140774854, -0.143977641, 0.316714635, -0.937528269, 0.235473633, -0.909057617, -0.343261719, -0.961110725, -0.270131929, 0.0562403655, 1, 1, 1, 
86.4752057, 0.1, 0.1, 0.178045694, 0.100375186, -0.019961945, 0.921025996, 6.66199722e-006, -0.38950111, 0.389501108, 7.94279331e-005, 0.921025993, 3.70731407e-005, -0.999999997, 7.05603359e-005, 0.921026124, -1.34172705e-005, -0.389500808, 0.389500808, 3.1071053e-005, 0.921026123, -2.55456419e-007, -0.999999999, 3.38432892e-005, 0, 0, 0, 0, 0, 0, 0, 0.202488208, 0.00894011231, -0.157634668, -0.242416829, 0.720902463, -0.649142787, -0.829589844, 0.192871094, 0.523925781, 0.502977135, 0.66556178, 0.551452839, 0, 0, 0, 0, 0, 0, 0, 0.268662256, 0.042943457, -0.140774854, -0.143977641, 0.316714635, -0.937528269, 0.235473633, -0.909057617, -0.343261719, -0.961110725, -0.270131929, 0.0562403655, 1, 1, 1, 
86.4760086, 0.1, 0.1, 0.178045697, 0.100375206, -0.0199635022, 0.921025423, 1.26728323e-005, -0.389502464, 0.389502464, 2.81724402e-005, 0.921025423, 2.26452356e-005, -1, 2.10114342e-005, 0.92102552, 2.34066125e-005, -0.389502236, 0.389502233, 7.3928159e-005, 0.921025518, 5.03532706e-005, -0.999999997, 5.89727933e-005, 0, 0, 0, 0, 0, 0, 0, 0.203196143, 0.00918300781, -0.157402148, -0.241535787, 0.721283261, -0.649078386, -0.831176758, 0.19140625, 0.521972656, 0.500736529, 0.66562506, 0.553420109, 0, 0, 0, 0, 0, 0, 0, 0.268662256, 0.042943457, -0.140774854, -0.143977641, 0.316714635, -0.937528269, 0.235473633, -0.909057617, -0.343261719, -0.961110725, -0.270131929, 0.0562403655, 1, 1, 1, 
86.4768216, 0.1, 0.1, 0.178045691, 0.100375187, -0.0199652207, 0.921024954, -1.66280596e-005, -0.389503574, 0.389503571, -9.40585979e-005, 0.92102495, -5.19510178e-005, -0.999999995, -8.01536272e-005, 0.921025042, -2.26920449e-005, -0.389503364, 0.38950336, -0.000108837252, 0.921025038, -6.32924172e-005, -0.999999994, -9.14032065e-005, 0, 0, 0, 0, 0, 0, 0, 0.203196143, 0.00918300781, -0.157402148, -0.241535787, 0.721283261, -0.649078386, -0.831176758, 0.19140625, 0.521972656, 0.500736529, 0.66562506, 0.553420109, 0, 0, 0, 0, 0, 0, 0, 0.269249854, 0.0429595703, -0.140612402, -0.141913814, 0.31732784, -0.937624517, 0.237426758, -0.908569336, -0.343383789, -0.960893808, -0.271294906, 0.0536526524, 1, 1, 1, 
86.4776116, 0.1, 0.1, 0.178045689, 0.100375193, -0.0199668474, 0.921024439, -4.79834381e-006, -0.389504793, 0.389504791, 8.51751001e-005, 0.921024435, 2.87567178e-005, -0.999999996, 8.03173267e-005, 0.921024561, 5.5900892e-006, -0.389504504, 0.389504503, 6.98566119e-005, 0.921024559, 3.23580744e-005, -0.999999998, 6.21622904e-005, 0, 0, 0, 0, 0, 0, 0, 0.203196143, 0.00918300781, -0.157402148, -0.241535787, 0.721283261, -0.649078386, -0.831176758, 0.19140625, 0.521972656, 0.500736529, 0.66562506, 0.553420109, 0, 0, 0, 0, 0, 0, 0, 0.269249854, 0.0429595703, -0.140612402, -0.141913814, 0.31732784, -0.937624517, 0.237426758, -0.908569336, -0.343383789, -0.960893808, -0.271294906, 0.0536526524, 1, 1, 1, 
86.4783945, 0.1, 0.1, 0.178045681, 0.100375201, -0.0199680239, 0.921023729, -3.61338394e-006, -0.389506471, 0.389506471, -2.39132429e-005, 0.921023728, -1.26423752e-005, -1, -2.06172278e-005, 0.921023888, -3.00568487e-005, -0.389506094, 0.389506094, 1.04220385e-005, 0.921023888, -2.36236281e-005, -0.999999999, 2.13062722e-005, 0, 0, 0, 0, 0, 0, 0, 0.203196143, 0.00918300781, -0.157402148, -0.241535787, 0.721283261, -0.649078386, -0.831176758, 0.19140625, 0.521972656, 0.500736529, 0.66562506, 0.553420109, 0, 0, 0, 0, 0, 0, 0, 0.269249854, 0.0429595703, -0.140612402, -0.141913814, 0.31732784, -0.937624517, 0.237426758, -0.908569336, -0.343383789, -0.960893808, -0.271294906, 0.0536526524, 1, 1, 1, 
86.4791868, 0.1, 0.1, 0.178045686, 0.10037519, -0.0199683806, 0.921022884, -4.25842974e-008, -0.389508468, 0.389508467, -3.99386067e-005, 0.921022884, -1.55956466e-005, -0.999999999, -3.67677838e-005, 0.92102304, 2.84590975e-005, -0.389508098, 0.389508099, -5.15230013e-005, 0.921023039, 6.1428582e-006, -0.999999998, -5.85389203e-005, 0, 0, 0, 0, 0, 0, 0, 0.203196143, 0.00918300781, -0.157402148, -0.241535787, 0.721283261, -0.649078386, -0.831176758, 0.19140625, 0.521972656, 0.500736529, 0.66562506, 0.553420109, 0, 0, 0, 0, 0, 0, 0, 0.269249854, 0.0429595703, -0.140612402, -0.141913814, 0.31732784, -0.937624517, 0.237426758, -0.908569336, -0.343383789, -0.960893808, -0.271294906, 0.0536526524, 1, 1, 1, 
86.4799746, 0.1, 0.1, 0.178045678, 0.100375201, -0.0199678301, 0.921022398, -1.01227509e-005, -0.389509618, 0.389509617, 8.37874083e-005, 0.921022394, 2.33127211e-005, -0.999999996, 8.11129885e-005, 0.921022466, -2.02188999e-005, -0.389509456, 0.389509456, 7.87667066e-005, 0.921022463, 1.2058316e-005, -0.999999997, 8.04213591e-005, 0, 0, 0, 0, 0, 0, 0, 0.203196143, 0.00918300781, -0.157402148, -0.241535787, 0.721283261, -0.649078386, -0.831176758, 0.19140625, 0.521972656, 0.500736529, 0.66562506, 0.553420109, 0, 0, 0, 0, 0, 0, 0, 0.269249854, 0.0429595703, -0.140612402, -0.141913814, 0.31732784, -0.937624517, 0.237426758, -0.908569336, -0.343383789, -0.960893808, -0.271294906, 0.0536526524, 1, 1, 1, 
86.4807786, 0.1, 0.1, 0.178045676, 0.100375201, -0.0199665266, 0.921022078, 1.23988315e-005, -0.389510375, 0.389510375, -7.38090325e-005, 0.921022075, -1.73297864e-005, -0.999999997, -7.28092219e-005, 0.92102216, -1.99683136e-006, -0.38951018, 0.389510179, -4.63448821e-005, 0.921022159, -1.98909293e-005, -0.999999999, -4.19068773e-005, 0, 0, 0, 0, 0, 0, 0, 0.203688892, 0.0089611084, -0.157413135, -0.240540168, 0.721302357, -0.649369696, -0.832275391, 0.190795898, 0.520263672, 0.499219327, 0.665745627, 0.554702168, 0, 0, 0, 0, 0, 0, 0, 0.269249854, 0.0429595703, -0.140612402, -0.141913814, 0.31732784, -0.937624517, 0.237426758, -0.908569336, -0.343383789, -0.960893808, -0.271294906, 0.0536526524, 1, 1, 1, 
86.481961, 0.1, 0.1, 0.178045685, 0.100375192, -0.0199601617, 0.92102117, -8.63323259e-006, -0.389512521, 0.389512521, 4.10818272e-005, 0.921021169, 8.05049609e-006, -0.999999999, 4.11999848e-005, 0.921021409, 4.34556771e-005, -0.389511954, 0.389511955, -6.25916822e-006, 0.92102141, 3.75855881e-005, -0.999999999, -2.26913337e-005, 0, 0, 0, 0, 0, 0, 0, 0.203688892, 0.0089611084, -0.157413135, -0.240540168, 0.721302357, -0.649369696, -0.832275391, 0.190795898, 0.520263672, 0.499219327, 0.665745627, 0.554702168, 0, 0, 0, 0, 0, 0, 0, 0.269819141, 0.0427243652, -0.140454834, -0.14008003, 0.317417159, -0.937867687, 0.239013672, -0.908203125, -0.343139648, -0.960823812, -0.272144717, 0.0512949828, 1, 1, 1, 
86.4832654, 0.1, 0.1, 0.178045668, 0.1003752, -0.0199455622, 0.92101961, 5.16762906e-005, -0.389516206, 0.389516206, -5.53431844e-006, 0.921019612, 4.54391704e-005, -0.999999999, -2.52259685e-005, 0.921019969, -1.80378085e-005, -0.38951536, 0.38951536, -1.26157849e-005, 0.921019969, -2.15272238e-005, -1, -4.59338636e-006, 0, 0, 0, 0, 0, 0, 0, 0.203688892, 0.0089611084, -0.157413135, -0.240540168, 0.721302357, -0.649369696, -0.832275391, 0.190795898, 0.520263672, 0.499219327, 0.665745627, 0.554702168, 0, 0, 0, 0, 0, 0, 0, 0.269819141, 0.0427243652, -0.140454834, -0.14008003, 0.317417159, -0.937867687, 0.239013672, -0.908203125, -0.343139648, -0.960823812, -0.272144717, 0.0512949828, 1, 1, 1, 
86.4845618, 0.1, 0.1, 0.178045664, 0.1003752, -0.0199320961, 0.921017502, -6.83324829e-005, -0.389521188, 0.389521181, -9.66645387e-005, 0.921017503, -0.000100588299, -0.999999993, -6.24127825e-005, 0.921017996, -6.22163453e-005, -0.38952002, 0.38952002, -2.05353157e-005, 0.921017999, -6.53012904e-005, -0.999999998, 5.32111673e-006, 0, 0, 0, 0, 0, 0, 0, 0.203688892, 0.0089611084, -0.157413135, -0.240540168, 0.721302357, -0.649369696, -0.832275391, 0.190795898, 0.520263672, 0.499219327, 0.665745627, 0.554702168, 0, 0, 0, 0, 0, 0, 0, 0.269819141, 0.0427243652, -0.140454834, -0.14008003, 0.317417159, -0.937867687, 0.239013672, -0.908203125, -0.343139648, -0.960823812, -0.272144717, 0.0512949828, 1, 1, 1, 
86.4859077, 0.1, 0.1, 0.178045667, 0.10037521, -0.0199254497, 0.921014601, 2.6993414e-005, -0.389528053, 0.389528043, 0.000171997031, 0.921014589, 9.18589969e-005, -0.999999985, 0.000147897085, 0.921015281, 5.46753328e-005, -0.389526443, 0.389526434, 0.000126281123, 0.921015277, 9.95466535e-005, -0.999999991, 9.50093565e-005, 0, 0, 0, 0, 0, 0, 0, 0.204170776, 0.00896855469, -0.15741936, -0.239766589, 0.721442021, -0.649559534, -0.833374023, 0.190185547, 0.518920898, 0.497860885, 0.665847099, 0.555844562, 0, 0, 0, 0, 0, 0, 0, 0.269819141, 0.0427243652, -0.140454834, -0.138623211, 0.317749281, -0.937931853, 0.240356445, -0.907958984, -0.343139648, -0.960670695, -0.272969009, 0.0495698407, 1, 1, 1, 
86.4871794, 0.1, 0.1, 0.178045655, 0.100375201, -0.0199285444, 0.92101104, 4.90165313e-005, -0.38953647, 0.389536472, -0.000181662337, 0.921011023, -2.56193401e-005, -0.999999982, -0.000186406745, 0.921011857, -2.03436383e-005, -0.389534542, 0.389534536, -0.000133278675, 0.92101185, -7.06533794e-005, -0.999999991, -0.00011482669, 0, 0, 0, 0, 0, 0, 0, 0.204170776, 0.00896855469, -0.15741936, -0.239766589, 0.721442021, -0.649559534, -0.833374023, 0.190185547, 0.518920898, 0.497860885, 0.665847099, 0.555844562, 0, 0, 0, 0, 0, 0, 0, 0.270365234, 0.0427290039, -0.140272119, -0.138623211, 0.317749281, -0.937931853, 0.240356445, -0.907958984, -0.343139648, -0.960670695, -0.272969009, 0.0495698407, 1, 1, 1, 
86.4885023, 0.1, 0.1, 0.178045681, 0.100375183, -0.0199396627, 0.92100633, -7.02110348e-005, -0.389547603, 0.389547609, 0.000109604219, 0.921006324, -2.19687464e-005, -0.999999992, 0.00012829672, 0.921007376, 5.54245639e-005, -0.389545132, 0.389545132, 9.46013972e-006, 0.921007378, 5.47315837e-005, -0.999999998, -1.28775106e-005, 0, 0, 0, 0, 0, 0, 0, 0.204656689, 0.00875141602, -0.157651514, -0.238935722, 0.721562588, -0.649787564, -0.834228516, 0.189941406, 0.517700195, 0.496864145, 0.665828003, 0.556745822, 0, 0, 0, 0, 0, 0, 0, 0.270365234, 0.0427290039, -0.140272119, -0.1377734, 0.318030363, -0.937938416, 0.241088867, -0.907714844, -0.343261719, -0.960581376, -0.273307694, 0.0484644665, 1, 1, 1, 
86.4898119, 0.1, 0.1, 0.178045634, 0.100375256, -0.0199503625, 0.921002287, -4.24074792e-005, -0.389557165, 0.389557167, 0.000149803015, 0.921002275, 1.92994531e-005, -0.999999988, 0.000154489057, 0.921002941, -8.67861901e-005, -0.389555611, 0.389555621, 0.000207115175, 0.921002918, 7.52544387e-007, -0.999999975, 0.000224561734, 0, 0, 0, 0, 0, 0, 0, 0.204656689, 0.00875141602, -0.157651514, -0.238935722, 0.721562588, -0.649787564, -0.834228516, 0.189941406, 0.517700195, 0.496864145, 0.665828003, 0.556745822, 0, 0, 0, 0, 0, 0, 0, 0.270646582, 0.0425172363, -0.140295801, -0.1377734, 0.318030363, -0.937938416, 0.241088867, -0.907714844, -0.343261719, -0.960581376, -0.273307694, 0.0484644665, 1, 1, 1, 
86.4911007, 0.1, 0.1, 0.178045646, 0.100375214, -0.0199568203, 0.920999455, 0.000102490849, -0.389563849, 0.389563863, -0.000199553263, 0.920999434, 1.66552771e-005, -0.999999975, -0.000223715177, 0.921000048, 6.41893439e-005, -0.389562457, 0.389562462, -0.000197281566, 0.921000027, -1.77351043e-005, -0.999999978, -0.000206702091, 0, 0, 0, 0, 0, 0, 0, 0.204656689, 0.00875141602, -0.157651514, -0.238935722, 0.721562588, -0.649787564, -0.834228516, 0.189941406, 0.517700195, 0.496864145, 0.665828003, 0.556745822, 0, 0, 0, 0, 0, 0, 0, 0.270646582, 0.0425172363, -0.140295801, -0.1377734, 0.318030363, -0.937938416, 0.241088867, -0.907714844, -0.343261719, -0.960581376, -0.273307694, 0.0484644665, 1, 1, 1, 
86.4919614, 0.1, 0.1, 0.178045659, 0.100375185, -0.0199598337, 0.920997534, 3.76048151e-006, -0.389568406, 0.389568406, -2.88708031e-006, 0.920997534, 2.33867893e-006, -1, -4.12395863e-006, 0.920997825, 2.40500027e-005, -0.389567717, 0.389567718, -7.25804739e-005, 0.920997822, -6.12500943e-006, -0.999999997, -7.62155632e-005, 0, 0, 0, 0, 0, 0, 0, 0.204656689, 0.00875141602, -0.157651514, -0.238935722, 0.721562588, -0.649787564, -0.834228516, 0.189941406, 0.517700195, 0.496864145, 0.665828003, 0.556745822, 0, 0, 0, 0, 0, 0, 0, 0.270646582, 0.0425172363, -0.140295801, -0.1377734, 0.318030363, -0.937938416, 0.241088867, -0.907714844, -0.343261719, -0.960581376, -0.273307694, 0.0484644665, 1, 1, 1, 
86.4927632, 0.1, 0.1, 0.178045641, 0.100375221, -0.0199645007, 0.920996071, -9.00791355e-005, -0.389571853, 0.389571864, 0.000206529396, 0.920996048, -2.50448822e-006, -0.999999975, 0.000225305059, 0.920996365, -8.14410701e-005, -0.38957116, 0.389571168, 0.000200130134, 0.920996344, 2.95800054e-006, -0.999999977, 0.000216046219, 0, 0, 0, 0, 0, 0, 0, 0.204656689, 0.00875141602, -0.157651514, -0.238384181, 0.721683155, -0.649736268, -0.835083008, 0.189086914, 0.516479492, 0.495664462, 0.665808907, 0.557850025, 0, 0, 0, 0, 0, 0, 0, 0.270646582, 0.0425172363, -0.140295801, -0.1377734, 0.318030363, -0.937938416, 0.241088867, -0.907714844, -0.343261719, -0.960581376, -0.273307694, 0.0484644665, 1, 1, 1, 
86.493562, 0.1, 0.1, 0.178045627, 0.10037525, -0.01996928, 0.920994801, -1.30359009e-005, -0.389574865, 0.389574866, 4.09223295e-005, 0.9209948, 3.93631405e-006, -0.999999999, 4.27677121e-005, 0.920995044, -4.12943358e-005, -0.389574289, 0.389574291, 9.37026256e-005, 0.920995039, -1.52774465e-006, -0.999999995, 0.000102386865, 0, 0, 0, 0, 0, 0, 0, 0.205350952, 0.00875751953, -0.157645532, -0.238384181, 0.721683155, -0.649736268, -0.835083008, 0.189086914, 0.516479492, 0.495664462, 0.665808907, 0.557850025, 0, 0, 0, 0, 0, 0, 0, 0.27114458, 0.0425284668, -0.140321191, -0.13705775, 0.318496647, -0.937932219, 0.2421875, -0.907226563, -0.34362793, -0.960383415, -0.274240627, 0.0472376907, 1, 1, 1, 
86.4943468, 0.1, 0.1, 0.178045636, 0.100375227, -0.0199726145, 0.920993734, 6.19599125e-005, -0.389577384, 0.389577389, -0.000151574224, 0.920993722, -1.98519912e-006, -0.999999987, -0.000163737091, 0.920993937, 6.07585347e-005, -0.389576905, 0.38957691, -0.000137356536, 0.920993926, 2.44730732e-006, -0.999999989, -0.000150174659, 0, 0, 0, 0, 0, 0, 0, 0.205350952, 0.00875751953, -0.157645532, -0.238384181, 0.721683155, -0.649736268, -0.835083008, 0.189086914, 0.516479492, 0.495664462, 0.665808907, 0.557850025, 0, 0, 0, 0, 0, 0, 0, 0.27114458, 0.0425284668, -0.140321191, -0.13705775, 0.318496647, -0.937932219, 0.2421875, -0.907226563, -0.34362793, -0.960383415, -0.274240627, 0.0472376907, 1, 1, 1, 
86.4951282, 0.1, 0.1, 0.178045644, 0.100375203, -0.0199737605, 0.920992804, 2.07459919e-005, -0.389579587, 0.389579588, -4.51508093e-005, 0.920992803, 1.51707558e-006, -0.999999999, -4.96657854e-005, 0.92099297, 3.37634406e-005, -0.389579193, 0.389579194, -8.70882983e-005, 0.920992966, -2.83189767e-006, -0.999999996, -9.33612445e-005, 0, 0, 0, 0, 0, 0, 0, 0.205350952, 0.00875751953, -0.157645532, -0.238384181, 0.721683155, -0.649736268, -0.835083008, 0.189086914, 0.516479492, 0.495664462, 0.665808907, 0.557850025, 0, 0, 0, 0, 0, 0, 0, 0.27114458, 0.0425284668, -0.140321191, -0.13705775, 0.318496647, -0.937932219, 0.2421875, -0.907226563, -0.34362793, -0.960383415, -0.274240627, 0.0472376907, 1, 1, 1, 
86.4959083, 0.1, 0.1, 0.178045638, 0.100375215, -0.0199723681, 0.920991988, -2.44491389e-005, -0.389581516, 0.389581516, 9.00591375e-005, 0.920991984, 1.25679144e-005, -0.999999996, 9.24686767e-005, 0.920992133, -3.46186135e-005, -0.389581172, 0.389581174, 8.13537307e-005, 0.920992129, -1.89588764e-007, -0.999999996, 8.8412906e-005, 0, 0, 0, 0, 0, 0, 0, 0.205350952, 0.00875751953, -0.157645532, -0.238384181, 0.721683155, -0.649736268, -0.835083008, 0.189086914, 0.516479492, 0.495664462, 0.665808907, 0.557850025, 0, 0, 0, 0, 0, 0, 0, 0.27114458, 0.0425284668, -0.140321191, -0.13705775, 0.318496647, -0.937932219, 0.2421875, -0.907226563, -0.34362793, -0.960383415, -0.274240627, 0.0472376907, 1, 1, 1, 
86.496694, 0.1, 0.1, 0.178045633, 0.100375221, -0.0199690619, 0.920991323, 6.16983218e-006, -0.389583089, 0.389583089, -3.15156784e-005, 0.920991322, -6.59561345e-006, -0.999999999, -3.14293286e-005, 0.920991466, -9.70523339e-006, -0.389582749, 0.389582749, -8.89638534e-006, 0.920991467, -1.24043154e-005, -1, -4.41250347e-006, 0, 0, 0, 0, 0, 0, 0, 0.205350952, 0.00875751953, -0.157645532, -0.238384181, 0.721683155, -0.649736268, -0.835083008, 0.189086914, 0.516479492, 0.495664462, 0.665808907, 0.557850025, 0, 0, 0, 0, 0, 0, 0, 0.27114458, 0.0425284668, -0.140321191, -0.13705775, 0.318496647, -0.937932219, 0.2421875, -0.907226563, -0.34362793, -0.960383415, -0.274240627, 0.0472376907, 1, 1, 1, 
86.4974791, 0.1, 0.1, 0.178045634, 0.100375216, -0.0199649753, 0.920990589, -2.3514973e-005, -0.389584824, 0.389584824, 1.38102566e-005, 0.920990589, -1.62768024e-005, -1, 2.1880193e-005, 0.920990716, -5.11366001e-006, -0.389584524, 0.389584524, -1.60938597e-005, 0.920990716, -1.09795521e-005, -1, -1.28300926e-005, 0, 0, 0, 0, 0, 0, 0, 0.205350952, 0.00875751953, -0.157645532, -0.238384181, 0.721683155, -0.649736268, -0.835083008, 0.189086914, 0.516479492, 0.495664462, 0.665808907, 0.557850025, 0, 0, 0, 0, 0, 0, 0, 0.27114458, 0.0425284668, -0.140321191, -0.13705775, 0.318496647, -0.937932219, 0.2421875, -0.907226563, -0.34362793, -0.960383415, -0.274240627, 0.0472376907, 1, 1, 1, 
86.4982926, 0.1, 0.1, 0.178045631, 0.100375222, -0.0199609801, 0.920990126, -3.66894002e-006, -0.389585919, 0.389585919, -2.05851233e-005, 0.920990126, -1.13987317e-005, -1, -1.75293279e-005, 0.920990196, 1.98288362e-006, -0.389585752, 0.389585752, 2.07508551e-005, 0.920990196, 9.91045388e-006, -1, 1.83388309e-005, 0, 0, 0, 0, 0, 0, 0, 0.205595923, 0.00879963379, -0.158054175, -0.237940104, 0.722552215, -0.649063038, -0.835449219, 0.188598633, 0.516235352, 0.495346943, 0.665053301, 0.558979315, 0, 0, 0, 0, 0, 0, 0, 0.271323145, 0.0425663086, -0.140732764, -0.137824439, 0.319314375, -0.937459373, 0.242797852, -0.906738281, -0.344604492, -0.960095769, -0.27501388, 0.0474101316, 1, 1, 1, 
86.4990729, 0.1, 0.1, 0.178045631, 0.100375218, -0.0199589881, 0.920989708, -7.06016621e-006, -0.389586907, 0.389586907, 3.00436966e-005, 0.920989707, 5.20229044e-006, -1, 3.04204837e-005, 0.920989806, 1.59975958e-005, -0.389586675, 0.389586675, -7.57419618e-007, 0.920989806, 1.4438542e-005, -1, -6.9300259e-006, 0, 0, 0, 0, 0, 0, 0, 0.205595923, 0.00879963379, -0.158054175, -0.237940104, 0.722552215, -0.649063038, -0.835449219, 0.188598633, 0.516235352, 0.495346943, 0.665053301, 0.558979315, 0, 0, 0, 0, 0, 0, 0, 0.271323145, 0.0425663086, -0.140732764, -0.137824439, 0.319314375, -0.937459373, 0.242797852, -0.906738281, -0.344604492, -0.960095769, -0.27501388, 0.0474101316, 1, 1, 1, 
86.4998577, 0.1, 0.1, 0.178045624, 0.100375223, -0.0199593889, 0.920989155, 1.14866695e-005, -0.389588213, 0.389588214, -1.33125397e-005, 0.920989155, 5.39268948e-006, -1, -1.67357758e-005, 0.920989246, -8.25338553e-006, -0.389587999, 0.389587999, 2.00396617e-005, 0.920989246, 2.05932393e-007, -1, 2.16717329e-005, 0, 0, 0, 0, 0, 0, 0, 0.205595923, 0.00879963379, -0.158054175, -0.237940104, 0.722552215, -0.649063038, -0.835449219, 0.188598633, 0.516235352, 0.495346943, 0.665053301, 0.558979315, 0, 0, 0, 0, 0, 0, 0, 0.271323145, 0.0425663086, -0.140732764, -0.137824439, 0.319314375, -0.937459373, 0.242797852, -0.906738281, -0.344604492, -0.960095769, -0.27501388, 0.0474101316, 1, 1, 1, 
86.5006579, 0.1, 0.1, 0.178045625, 0.100375217, -0.0199618039, 0.920988791, 8.29183985e-006, -0.389589075, 0.389589074, 2.16308557e-005, 0.920988791, 1.60638366e-005, -1, 1.66913654e-005, 0.920988848, 4.75354365e-006, -0.389588939, 0.389588939, -1.62216667e-005, 0.920988848, -1.94182121e-006, -1, -1.67919021e-005, 0, 0, 0, 0, 0, 0, 0, 0.205595923, 0.00879963379, -0.158054175, -0.237940104, 0.722552215, -0.649063038, -0.835449219, 0.188598633, 0.516235352, 0.495346943, 0.665053301, 0.558979315, 0, 0, 0, 0, 0, 0, 0, 0.271531494, 0.0426009766, -0.140941113, -0.138080002, 0.319972422, -0.93720381, 0.243164063, -0.90637207, -0.345214844, -0.959999887, -0.275435687, 0.0473142497, 1, 1, 1, 
86.5014498, 0.1, 0.1, 0.178045622, 0.100375221, -0.0199652082, 0.920988415, 1.59758943e-006, -0.389589963, 0.389589963, -2.28866881e-005, 0.920988415, -7.4450626e-006, -1, -2.17007794e-005, 0.920988505, -1.64999063e-005, -0.389589751, 0.389589751, 4.40185439e-006, 0.920988505, -1.34813067e-005, -1, 1.04822517e-005, 0, 0, 0, 0, 0, 0, 0, 0.205595923, 0.00879963379, -0.158054175, -0.237940104, 0.722552215, -0.649063038, -0.835449219, 0.188598633, 0.516235352, 0.495346943, 0.665053301, 0.558979315, 0, 0, 0, 0, 0, 0, 0, 0.271531494, 0.0426009766, -0.140941113, -0.138080002, 0.319972422, -0.93720381, 0.243164063, -0.90637207, -0.345214844, -0.959999887, -0.275435687, 0.0473142497, 1, 1, 1, 
86.5022342, 0.1, 0.1, 0.178045624, 0.100375216, -0.0199684741, 0.920987934, -1.4925082e-005, -0.3895911, 0.3895911, 3.68663373e-006, 0.920987934, -1.23095407e-005, -1, 9.21002428e-006, 0.920988014, 1.09509957e-006, -0.389590912, 0.389590912, -2.12347186e-005, 0.920988014, -7.26427979e-006, -1, -1.99835621e-005, 0, 0, 0, 0, 0, 0, 0, 0.205595923, 0.00879963379, -0.158054175, -0.237940104, 0.722552215, -0.649063038, -0.835449219, 0.188598633, 0.516235352, 0.495346943, 0.665053301, 0.558979315, 0, 0, 0, 0, 0, 0, 0, 0.271531494, 0.0426009766, -0.140941113, -0.138080002, 0.319972422, -0.93720381, 0.243164063, -0.90637207, -0.345214844, -0.959999887, -0.275435687, 0.0473142497, 1, 1, 1, 
86.5030412, 0.1, 0.1, 0.178045622, 0.100375219, -0.0199705102, 0.920987672, 8.41822208e-007, -0.389591719, 0.389591719, -1.816766e-005, 0.920987672, -6.30266202e-006, -1, -1.70601579e-005, 0.92098771, 5.31302082e-006, -0.389591629, 0.389591629, 1.21731249e-005, 0.92098771, 9.63577444e-006, -1, 9.14139e-006, 0, 0, 0, 0, 0, 0, 0, 0.205846265, 0.00884040527, -0.158459399, -0.237419642, 0.723402178, -0.648307433, -0.835449219, 0.188354492, 0.516113281, 0.495511694, 0.664177129, 0.559848375, 0, 0, 0, 0, 0, 0, 0, 0.271531494, 0.0426009766, -0.140941113, -0.138080002, 0.319972422, -0.93720381, 0.243164063, -0.90637207, -0.345214844, -0.959999887, -0.275435687, 0.0473142497, 1, 1, 1, 
86.5038399, 0.1, 0.1, 0.178045622, 0.100375215, -0.0199705375, 0.920987424, -3.2741001e-006, -0.389592306, 0.389592305, 2.05677843e-005, 0.920987424, 4.99764548e-006, -1, 2.02182349e-005, 0.920987486, 1.42920442e-005, -0.389592158, 0.389592158, -2.72675182e-006, 0.920987486, 1.21004727e-005, -1, -8.07937265e-006, 0, 0, 0, 0, 0, 0, 0, 0.205846265, 0.00884040527, -0.158459399, -0.237419642, 0.723402178, -0.648307433, -0.835449219, 0.188354492, 0.516113281, 0.495511694, 0.664177129, 0.559848375, 0, 0, 0, 0, 0, 0, 0, 0.271531494, 0.0426009766, -0.140941113, -0.138080002, 0.319972422, -0.93720381, 0.243164063, -0.90637207, -0.345214844, -0.959999887, -0.275435687, 0.0473142497, 1, 1, 1, 
86.5046487, 0.1, 0.1, 0.178045617, 0.100375219, -0.0199686881, 0.920987067, 1.22173274e-005, -0.38959315, 0.38959315, -1.3125674e-005, 0.920987067, 6.13832784e-006, -1, -1.6848363e-005, 0.920987124, -2.99058227e-006, -0.389593015, 0.389593015, 1.3129055e-005, 0.920987124, 2.36070036e-006, -1, 1.32568006e-005, 0, 0, 0, 0, 0, 0, 0, 0.205846265, 0.00884040527, -0.158459399, -0.237419642, 0.723402178, -0.648307433, -0.835449219, 0.188354492, 0.516113281, 0.495511694, 0.664177129, 0.559848375, 0, 0, 0, 0, 0, 0, 0, 0.271531494, 0.0426009766, -0.140941113, -0.138080002, 0.319972422, -0.93720381, 0.243164063, -0.90637207, -0.345214844, -0.959999887, -0.275435687, 0.0473142497, 1, 1, 1, 
86.5054648, 0.1, 0.1, 0.178045618, 0.100375215, -0.0199655171, 0.920986856, 4.99537658e-006, -0.389593648, 0.389593647, 2.90246459e-005, 0.920986856, 1.59084939e-005, -1, 2.47851504e-005, 0.920986886, 2.30294391e-006, -0.389593578, 0.389593578, -6.87566616e-006, 0.920986886, -5.57734239e-007, -1, -7.22961053e-006, 0, 0, 0, 0, 0, 0, 0, 0.206288721, 0.00887775879, -0.158851074, -0.23747693, 0.724169766, -0.647291597, -0.835571289, 0.18737793, 0.516235352, 0.495149991, 0.663561187, 0.56079981, 0, 0, 0, 0, 0, 0, 0, 0.27172666, 0.0428286133, -0.141370996, -0.138603888, 0.320489745, -0.936961007, 0.244384766, -0.905761719, -0.345947266, -0.959686722, -0.276854227, 0.0473397693, 1, 1, 1, 
86.5062784, 0.1, 0.1, 0.178045614, 0.100375219, -0.0199624274, 0.92098661, 2.61943244e-006, -0.38959423, 0.38959423, -2.81647013e-005, 0.92098661, -8.56034293e-006, -1, -2.69598286e-005, 0.920986686, -2.05625875e-005, -0.389594051, 0.389594051, 5.75654058e-006, 0.920986686, -1.66951554e-005, -1, 1.3312759e-005, 0, 0, 0, 0, 0, 0, 0, 0.206288721, 0.00887775879, -0.158851074, -0.23747693, 0.724169766, -0.647291597, -0.835571289, 0.18737793, 0.516235352, 0.495149991, 0.663561187, 0.56079981, 0, 0, 0, 0, 0, 0, 0, 0.27172666, 0.0428286133, -0.141370996, -0.138603888, 0.320489745, -0.936961007, 0.244384766, -0.905761719, -0.345947266, -0.959686722, -0.276854227, 0.0473397693, 1, 1, 1, 
86.5070648, 0.1, 0.1, 0.178045616, 0.100375214, -0.0199604348, 0.920986226, -2.3563428e-005, -0.389595136, 0.389595137, 1.19202516e-005, 0.920986226, -1.70575206e-005, -1, 2.01585845e-005, 0.920986285, -3.4049154e-006, -0.389594999, 0.389594999, -1.99977378e-005, 0.920986285, -1.0926899e-005, -1, -1.70911042e-005, 0, 0, 0, 0, 0, 0, 0, 0.206288721, 0.00887775879, -0.158851074, -0.23747693, 0.724169766, -0.647291597, -0.835571289, 0.18737793, 0.516235352, 0.495149991, 0.663561187, 0.56079981, 0, 0, 0, 0, 0, 0, 0, 0.27172666, 0.0428286133, -0.141370996, -0.138603888, 0.320489745, -0.936961007, 0.244384766, -0.905761719, -0.345947266, -0.959686722, -0.276854227, 0.0473397693, 1, 1, 1, 
86.5078487, 0.1, 0.1, 0.178045613, 0.100375219, -0.0199603521, 0.9209861, -2.17526257e-006, -0.389595435, 0.389595435, -2.29662004e-005, 0.9209861, -1.09509135e-005, -1, -2.0304079e-005, 0.92098611, 3.08160176e-006, -0.389595413, 0.389595413, 1.83508202e-005, 0.920986109, 9.98750778e-006, -1, 1.57002725e-005, 0, 0, 0, 0, 0, 0, 0, 0.206288721, 0.00887775879, -0.158851074, -0.23747693, 0.724169766, -0.647291597, -0.835571289, 0.18737793, 0.516235352, 0.495149991, 0.663561187, 0.56079981, 0, 0, 0, 0, 0, 0, 0, 0.27172666, 0.0428286133, -0.141370996, -0.138603888, 0.320489745, -0.936961007, 0.244384766, -0.905761719, -0.345947266, -0.959686722, -0.276854227, 0.0473397693, 1, 1, 1, 
86.5086361, 0.1, 0.1, 0.178045614, 0.100375213, -0.0199620674, 0.920985959, -2.7420007e-006, -0.38959577, 0.38959577, 1.99945201e-005, 0.920985959, 5.26443632e-006, -1, 1.94829442e-005, 0.920986004, 1.82329714e-005, -0.389595662, 0.389595662, -8.9167253e-006, 0.920986004, 1.3318394e-005, -1, -1.53156658e-005, 0, 0, 0, 0, 0, 0, 0, 0.206288721, 0.00887775879, -0.158851074, -0.23747693, 0.724169766, -0.647291597, -0.835571289, 0.18737793, 0.516235352, 0.495149991, 0.663561187, 0.56079981, 0, 0, 0, 0, 0, 0, 0, 0.27172666, 0.0428286133, -0.141370996, -0.138603888, 0.320489745, -0.936961007, 0.244384766, -0.905761719, -0.345947266, -0.959686722, -0.276854227, 0.0473397693, 1, 1, 1, 
86.5094201, 0.1, 0.1, 0.178045609, 0.100375217, -0.0199648952, 0.920985669, 1.14363656e-005, -0.389596454, 0.389596454, -1.22926896e-005, 0.920985669, 5.74354052e-006, -1, -1.57769584e-005, 0.920985713, -5.47677513e-006, -0.389596351, 0.389596352, 1.56672024e-005, 0.920985713, 1.05985326e-006, -1, 1.65630012e-005, 0, 0, 0, 0, 0, 0, 0, 0.206288721, 0.00887775879, -0.158851074, -0.23747693, 0.724169766, -0.647291597, -0.835571289, 0.18737793, 0.516235352, 0.495149991, 0.663561187, 0.56079981, 0, 0, 0, 0, 0, 0, 0, 0.27172666, 0.0428286133, -0.141370996, -0.138603888, 0.320489745, -0.936961007, 0.244384766, -0.905761719, -0.345947266, -0.959686722, -0.276854227, 0.0473397693, 1, 1, 1, 
86.5102373, 0.1, 0.1, 0.178045609, 0.100375212, -0.0199676452, 0.920985503, -1.13400172e-005, -0.389596848, 0.389596848, 1.33201555e-005, 0.920985502, -5.25450087e-006, -1, 1.6685705e-005, 0.920985538, 6.47114826e-006, -0.389596765, 0.389596765, -1.11202679e-005, 0.920985538, 1.62741358e-006, -1, -1.27627443e-005, 0, 0, 0, 0, 0, 0, 0, 0.20694978, 0.00910979004, -0.158838989, -0.237566418, 0.724328526, -0.647119733, -0.836425781, 0.186035156, 0.515380859, 0.493804654, 0.663783226, 0.561884916, 0, 0, 0, 0, 0, 0, 0, 0.272244678, 0.0430030273, -0.141418115, -0.137670955, 0.320304178, -0.937159334, 0.246582031, -0.905273438, -0.345703125, -0.959220439, -0.278592128, 0.0457232691, 1, 1, 1, 
86.511023, 0.1, 0.1, 0.178045607, 0.100375217, -0.019969279, 0.920985442, -1.21509311e-006, -0.389596991, 0.389596991, -1.82857683e-005, 0.920985442, -8.24316337e-006, -1, -1.63675298e-005, 0.920985443, 4.01813807e-006, -0.389596988, 0.389596988, 1.46886561e-005, 0.920985443, 9.42330283e-006, -1, 1.19625839e-005, 0, 0, 0, 0, 0, 0, 0, 0.20694978, 0.00910979004, -0.158838989, -0.237566418, 0.724328526, -0.647119733, -0.836425781, 0.186035156, 0.515380859, 0.493804654, 0.663783226, 0.561884916, 0, 0, 0, 0, 0, 0, 0, 0.272244678, 0.0430030273, -0.141418115, -0.137670955, 0.320304178, -0.937159334, 0.246582031, -0.905273438, -0.345703125, -0.959220439, -0.278592128, 0.0457232691, 1, 1, 1, 
86.5118094, 0.1, 0.1, 0.178045607, 0.100375212, -0.0199696304, 0.920985368, -7.68116398e-006, -0.389597167, 0.389597167, 1.21031278e-005, 0.920985367, -2.35889533e-006, -1, 1.41393633e-005, 0.920985396, 1.01640598e-005, -0.389597101, 0.389597101, -1.0218041e-005, 0.920985396, 5.3800315e-006, -1, -1.33705548e-005, 0, 0, 0, 0, 0, 0, 0, 0.20694978, 0.00910979004, -0.158838989, -0.237566418, 0.724328526, -0.647119733, -0.836425781, 0.186035156, 0.515380859, 0.493804654, 0.663783226, 0.561884916, 0, 0, 0, 0, 0, 0, 0, 0.272244678, 0.0430030273, -0.141418115, -0.137670955, 0.320304178, -0.937159334, 0.246582031, -0.905273438, -0.345703125, -0.959220439, -0.278592128, 0.0457232691, 1, 1, 1, 
