time, realDorsalTactorPos, realVentralTactorPos, boxPosX, boxPosY, boxPosZ, boxLocalRot_11, boxLocalRot_12, boxLocalRot_13, boxLocalRot_21, boxLocalRot_22, boxLocalRot_23, boxLocalRot_31, boxLocalRot_32, boxLocalRot_33, boxGlobalRot_11, boxGlobalRot_12, boxGlobalRot_13, boxGlobalRot_21, boxGlobalRot_22, boxGlobalRot_23, boxGlobalRot_31, boxGlobalRot_32, boxGlobalRot_33, indexForceX, indexForceY, indexForceZ, indexForceGlobalX, indexForceGlobalY, indexForceGlobalZ, indexContact, indexPosX, indexPosY, indexPosZ, indexRot_11, indexRot_12, indexRot_13, indexRot_21, indexRot_22, indexRot_23, indexRot_31, indexRot_32, indexRot_33, thumbForceX, thumbForceY, thumbForceZ, thumbForceGlobalX, thumbForceGlobalY, thumbForceGlobalZ, thumbContact, thumbPosX, thumbPosY, thumbPosZ, thumbRot_11, thumbRot_12, thumbRot_13, thumbRot_21, thumbRot_22, thumbRot_23, thumbRot_31, thumbRot_32, thumbRot_33, mapping, trialSuccess, 
285.614077, 0.1, 0.1, 0.111065704, -0.177035841, -0.0268109977, 0.878016157, -0.427395057, -0.215455549, 0.478630994, 0.784027274, 0.395238669, -2.64342062e-008, -0.450149641, 0.892953135, 0.87801616, -0.427250904, -0.215741253, 0.478630989, 0.783762846, 0.39576278, -2.71163999e-008, -0.450746566, 0.892651966, 0, 0, 0, 0, 0, 0, 0, 0.0863246826, -0.186188062, -0.259952002, -0.664661285, 0.746971236, 0.00774548206, -0.0394287109, -0.0454101563, 0.998168945, 0.746096185, 0.663163179, 0.0598276517, 0, 0, 0, 0, 0, 0, 0, 0.141071143, -0.155881836, -0.241568262, -0.726022249, 0.389548102, -0.566584665, 0.600463867, -0.0423583984, -0.798461914, -0.335172388, -0.919886778, -0.203159419, 4, 1, 
285.656375, 0.1, 0.1, 0.110647212, -0.176268572, -0.0244872314, 0.878015771, -0.46203655, -0.124942116, 0.478631702, 0.847573146, 0.229197417, -1.75096344e-009, -0.261040205, 0.96532793, 0.878015771, -0.46193333, -0.125323196, 0.478631701, 0.847383799, 0.229896482, -1.75979449e-009, -0.261836392, 0.965112275, 0, 0, 0, 0, 0, 0, 0, 0.0871162354, -0.187426929, -0.258077344, -0.662388478, 0.749077048, 0.0049544571, -0.0434570312, -0.044921875, 0.998046875, 0.747960863, 0.660852181, 0.0624943614, 0, 0, 0, 0, 0, 0, 0, 0.141174902, -0.155875586, -0.240322803, -0.723862907, 0.392602465, -0.56716652, 0.601928711, -0.0421142578, -0.797363281, -0.337032059, -0.91858381, -0.205798171, 4, 1, 
285.657219, 0.1, 0.1, 0.110638381, -0.176252375, -0.0244230687, 0.878015769, -0.462593847, -0.122862698, 0.478631706, 0.848595458, 0.225382871, -1.71980319e-009, -0.256695698, 0.966492276, 0.878015769, -0.462491428, -0.123247671, 0.478631705, 0.848407579, 0.226089078, -1.72520141e-009, -0.257500018, 0.966278293, 0, 0, 0, 0, 0, 0, 0, 0.0868929932, -0.186986548, -0.258426172, -0.662388478, 0.748956481, 0.00688353589, -0.0419921875, -0.0461425781, 0.998046875, 0.747960863, 0.660871277, 0.0621888254, 0, 0, 0, 0, 0, 0, 0, 0.140927979, -0.156037305, -0.24027959, -0.72386947, 0.393426757, -0.566572272, 0.601318359, -0.0427246094, -0.797851562, -0.338137433, -0.918251688, -0.20561297, 4, 1, 
285.657997, 0.1, 0.1, 0.110630236, -0.176237435, -0.0243634304, 0.878015767, -0.463101933, -0.120933508, 0.47863171, 0.849527497, 0.221843907, -1.66788938e-009, -0.252665059, 0.967553806, 0.878015767, -0.4630013, -0.121318215, 0.478631709, 0.849342894, 0.222549625, -1.68183183e-009, -0.253468824, 0.967343556, 0, 0, 0, 0, 0, 0, 0, 0.0868929932, -0.186986548, -0.258426172, -0.662388478, 0.748956481, 0.00688353589, -0.0419921875, -0.0461425781, 0.998046875, 0.747960863, 0.660871277, 0.0621888254, 0, 0, 0, 0, 0, 0, 0, 0.140927979, -0.156037305, -0.24027959, -0.72386947, 0.393426757, -0.566572272, 0.601318359, -0.0427246094, -0.797851562, -0.338137433, -0.918251688, -0.20561297, 4, 1, 
285.658774, 0.1, 0.1, 0.110622066, -0.17622245, -0.024303492, 0.878015765, -0.463606548, -0.118984392, 0.478631714, 0.850453169, 0.218268389, -1.5768977e-009, -0.24859279, 0.968608086, 0.878015765, -0.463506099, -0.119375093, 0.478631713, 0.850268903, 0.218985104, -1.59804922e-009, -0.249409079, 0.968398219, 0, 0, 0, 0, 0, 0, 0, 0.0868929932, -0.186986548, -0.258426172, -0.662388478, 0.748956481, 0.00688353589, -0.0419921875, -0.0461425781, 0.998046875, 0.747960863, 0.660871277, 0.0621888254, 0, 0, 0, 0, 0, 0, 0, 0.140927979, -0.156037305, -0.24027959, -0.72386947, 0.393426757, -0.566572272, 0.601318359, -0.0427246094, -0.797851562, -0.338137433, -0.918251688, -0.20561297, 4, 1, 
285.659594, 0.1, 0.1, 0.11061341, -0.176206573, -0.0242393467, 0.878015762, -0.464133623, -0.116911508, 0.478631717, 0.851420042, 0.214465829, -1.47510336e-009, -0.244261935, 0.96970929, 0.878015763, -0.464035244, -0.117301376, 0.478631717, 0.851239573, 0.215181014, -1.49499037e-009, -0.245076481, 0.969503748, 0, 0, 0, 0, 0, 0, 0, 0.0868929932, -0.186986548, -0.258426172, -0.662388478, 0.748956481, 0.00688353589, -0.0419921875, -0.0461425781, 0.998046875, 0.747960863, 0.660871277, 0.0621888254, 0, 0, 0, 0, 0, 0, 0, 0.140927979, -0.156037305, -0.24027959, -0.72386947, 0.393426757, -0.566572272, 0.601318359, -0.0427246094, -0.797851562, -0.338137433, -0.918251688, -0.20561297, 4, 1, 
285.660382, 0.1, 0.1, 0.110605074, -0.176191282, -0.0241770942, 0.878015761, -0.464633885, -0.114907254, 0.478631721, 0.852337729, 0.210789165, -1.37170807e-009, -0.240074466, 0.970754475, 0.878015761, -0.464535875, -0.115302839, 0.47863172, 0.852157937, 0.211514839, -1.39223261e-009, -0.240900959, 0.970549704, 0, 0, 0, 0, 0, 0, 0, 0.0868929932, -0.186986548, -0.258426172, -0.662388478, 0.748956481, 0.00688353589, -0.0419921875, -0.0461425781, 0.998046875, 0.747960863, 0.660871277, 0.0621888254, 0, 0, 0, 0, 0, 0, 0, 0.140927979, -0.156037305, -0.24027959, -0.72386947, 0.393426757, -0.566572272, 0.601318359, -0.0427246094, -0.797851562, -0.338137433, -0.918251688, -0.20561297, 4, 1, 
285.66116, 0.1, 0.1, 0.110596833, -0.176176166, -0.0241151027, 0.878015759, -0.465120795, -0.112920209, 0.478631724, 0.853230922, 0.207144072, -1.27222275e-009, -0.235922954, 0.971771763, 0.878015759, -0.465024869, -0.1133146, 0.478631724, 0.853054953, 0.207867553, -1.29161273e-009, -0.23674695, 0.971571347, 0, 0, 0, 0, 0, 0, 0, 0.0868929932, -0.186986548, -0.258426172, -0.662388478, 0.748956481, 0.00688353589, -0.0419921875, -0.0461425781, 0.998046875, 0.747960863, 0.660871277, 0.0621888254, 0, 0, 0, 0, 0, 0, 0, 0.140927979, -0.156037305, -0.24027959, -0.72386947, 0.393426757, -0.566572272, 0.601318359, -0.0427246094, -0.797851562, -0.338137433, -0.918251688, -0.20561297, 4, 1, 
285.662003, 0.1, 0.1, 0.110587867, -0.176159721, -0.0240465519, 0.878015757, -0.46564005, -0.110759536, 0.478631728, 0.85418345, 0.203180469, -1.20091351e-009, -0.231408681, 0.97285663, 0.878015757, -0.465546133, -0.111153623, 0.478631727, 0.854011168, 0.203903394, -1.21088779e-009, -0.232232044, 0.972660412, 0, 0, 0, 0, 0, 0, 0, 0.0865947021, -0.187088818, -0.257958569, -0.659639393, 0.751487275, 0.00735270098, -0.0411376953, -0.0458984375, 0.998046875, 0.750491657, 0.658122191, 0.0612493734, 0, 0, 0, 0, 0, 0, 0, 0.140431201, -0.155965771, -0.239989941, -0.724227478, 0.39435969, -0.565601059, 0.600219727, -0.0430908203, -0.798583984, -0.339402488, -0.917785404, -0.205510892, 4, 1, 
285.662783, 0.1, 0.1, 0.110579526, -0.176144422, -0.0239820102, 0.878015755, -0.466114381, -0.108746116, 0.478631731, 0.855053569, 0.199486991, -1.15640809e-009, -0.227202063, 0.973847638, 0.878015755, -0.466020917, -0.109145947, 0.47863173, 0.854882119, 0.200220454, -1.16486661e-009, -0.228037427, 0.973652367, 0, 0, 0, 0, 0, 0, 0, 0.0865947021, -0.187088818, -0.257958569, -0.659639393, 0.751487275, 0.00735270098, -0.0411376953, -0.0458984375, 0.998046875, 0.750491657, 0.658122191, 0.0612493734, 0, 0, 0, 0, 0, 0, 0, 0.140431201, -0.155965771, -0.239989941, -0.724227478, 0.39435969, -0.565601059, 0.600219727, -0.0430908203, -0.798583984, -0.339402488, -0.917785404, -0.205510892, 4, 1, 
285.663573, 0.1, 0.1, 0.11057107, -0.17612891, -0.0239160496, 0.878015753, -0.466587552, -0.106697669, 0.478631734, 0.855921562, 0.195729261, -1.11983164e-009, -0.222922265, 0.974836224, 0.878015754, -0.466494722, -0.107102805, 0.478631733, 0.855751272, 0.196472453, -1.12699827e-009, -0.22376871, 0.974642275, 0, 0, 0, 0, 0, 0, 0, 0.0865947021, -0.187088818, -0.257958569, -0.659639393, 0.751487275, 0.00735270098, -0.0411376953, -0.0458984375, 0.998046875, 0.750491657, 0.658122191, 0.0612493734, 0, 0, 0, 0, 0, 0, 0, 0.140431201, -0.155965771, -0.239989941, -0.724227478, 0.39435969, -0.565601059, 0.600219727, -0.0430908203, -0.798583984, -0.339402488, -0.917785404, -0.205510892, 4, 1, 
285.664394, 0.1, 0.1, 0.110562262, -0.176112754, -0.023846556, 0.878015752, -0.467071651, -0.104558178, 0.478631737, 0.856809599, 0.191804516, -1.0953962e-009, -0.218452248, 0.975847639, 0.878015752, -0.466980989, -0.104962352, 0.478631736, 0.856643286, 0.192545944, -1.10015084e-009, -0.219296685, 0.975658221, 0, 0, 0, 0, 0, 0, 0, 0.0865947021, -0.187088818, -0.257958569, -0.659639393, 0.751487275, 0.00735270098, -0.0411376953, -0.0458984375, 0.998046875, 0.750491657, 0.658122191, 0.0612493734, 0, 0, 0, 0, 0, 0, 0, 0.140431201, -0.155965771, -0.239989941, -0.724227478, 0.39435969, -0.565601059, 0.600219727, -0.0430908203, -0.798583984, -0.339402488, -0.917785404, -0.205510892, 4, 1, 
285.665173, 0.1, 0.1, 0.110553877, -0.176097374, -0.0237800404, 0.87801575, -0.467525336, -0.102510498, 0.47863174, 0.857641846, 0.188048192, -1.06315173e-009, -0.214174052, 0.976795514, 0.878015751, -0.467435664, -0.102918619, 0.478631739, 0.857477349, 0.18879686, -1.07095179e-009, -0.215026734, 0.976608163, 0, 0, 0, 0, 0, 0, 0, 0.0865947021, -0.187088818, -0.257958569, -0.659639393, 0.751487275, 0.00735270098, -0.0411376953, -0.0458984375, 0.998046875, 0.750491657, 0.658122191, 0.0612493734, 0, 0, 0, 0, 0, 0, 0, 0.140431201, -0.155965771, -0.239989941, -0.724227478, 0.39435969, -0.565601059, 0.600219727, -0.0430908203, -0.798583984, -0.339402488, -0.917785404, -0.205510892, 4, 1, 
285.665949, 0.1, 0.1, 0.110545518, -0.176082041, -0.0237134765, 0.878015749, -0.467970647, -0.100458044, 0.478631742, 0.85845873, 0.18428311, -1.01470535e-009, -0.209885881, 0.97772589, 0.878015749, -0.467882833, -0.100866245, 0.478631742, 0.858297642, 0.185031925, -1.02570959e-009, -0.21073873, 0.977542422, 0, 0, 0, 0, 0, 0, 0, 0.0865947021, -0.187088818, -0.257958569, -0.659639393, 0.751487275, 0.00735270098, -0.0411376953, -0.0458984375, 0.998046875, 0.750491657, 0.658122191, 0.0612493734, 0, 0, 0, 0, 0, 0, 0, 0.140431201, -0.155965771, -0.239989941, -0.724227478, 0.39435969, -0.565601059, 0.600219727, -0.0430908203, -0.798583984, -0.339402488, -0.917785404, -0.205510892, 4, 1, 
285.666793, 0.1, 0.1, 0.110536376, -0.176065273, -0.0236397147, 0.878015747, -0.468447443, -0.0982106979, 0.478631745, 0.859333371, 0.180160512, -9.67192736e-010, -0.205190524, 0.978722049, 0.878015748, -0.468361624, -0.098619149, 0.478631745, 0.859175944, 0.180909787, -9.75245711e-010, -0.206043897, 0.978542749, 0, 0, 0, 0, 0, 0, 0, 0.0856490234, -0.186959668, -0.257494263, -0.656471318, 0.754201916, 0.00780876147, -0.0396728516, -0.0447998047, 0.998168945, 0.753326865, 0.654973212, 0.0594468534, 0, 0, 0, 0, 0, 0, 0, 0.139954443, -0.155912549, -0.239711768, -0.724368203, 0.39506258, -0.564910929, 0.599365234, -0.0437011719, -0.799194336, -0.34039922, -0.917466042, -0.205070128, 4, 1, 
285.667575, 0.1, 0.1, 0.110527885, -0.176049696, -0.0235705366, 0.878015746, -0.46888134, -0.0961178399, 0.478631748, 0.860129319, 0.176321312, -9.19322299e-010, -0.200817938, 0.979628581, 0.878015746, -0.468794516, -0.0965404106, 0.478631747, 0.859970049, 0.177096488, -9.2978885e-010, -0.201700811, 0.979447182, 0, 0, 0, 0, 0, 0, 0, 0.0856490234, -0.186959668, -0.257494263, -0.656471318, 0.754201916, 0.00780876147, -0.0396728516, -0.0447998047, 0.998168945, 0.753326865, 0.654973212, 0.0594468534, 0, 0, 0, 0, 0, 0, 0, 0.139954443, -0.155912549, -0.239711768, -0.724368203, 0.39506258, -0.564910929, 0.599365234, -0.0437011719, -0.799194336, -0.34039922, -0.917466042, -0.205070128, 4, 1, 
285.668352, 0.1, 0.1, 0.110519432, -0.176034191, -0.0235012439, 0.878015745, -0.46930508, -0.0940270915, 0.47863175, 0.860906635, 0.172485982, -8.63479677e-010, -0.19644976, 0.980513892, 0.878015745, -0.46922189, -0.0944413553, 0.47863175, 0.86075403, 0.17324592, -8.7512507e-010, -0.197315276, 0.980340085, 0, 0, 0, 0, 0, 0, 0, 0.0856490234, -0.186959668, -0.257494263, -0.656471318, 0.754201916, 0.00780876147, -0.0396728516, -0.0447998047, 0.998168945, 0.753326865, 0.654973212, 0.0594468534, 0, 0, 0, 0, 0, 0, 0, 0.139954443, -0.155912549, -0.239711768, -0.724368203, 0.39506258, -0.564910929, 0.599365234, -0.0437011719, -0.799194336, -0.34039922, -0.917466042, -0.205070128, 4, 1, 
285.669202, 0.1, 0.1, 0.110510155, -0.176017175, -0.0234241752, 0.878015743, -0.469759289, -0.0917309396, 0.478631753, 0.861739842, 0.168273854, -8.14835213e-010, -0.191652434, 0.98146286, 0.878015743, -0.469676874, -0.092151987, 0.478631752, 0.861588658, 0.169046236, -8.2187946e-010, -0.192532124, 0.981290671, 0, 0, 0, 0, 0, 0, 0, 0.0850875732, -0.187544434, -0.25723916, -0.654458742, 0.755984218, 0.0084306946, -0.0393066406, -0.0451660156, 0.998168945, 0.755109167, 0.652960636, 0.0594719408, 0, 0, 0, 0, 0, 0, 0, 0.139966162, -0.155895947, -0.239502197, -0.724272321, 0.395305383, -0.56480885, 0.599731445, -0.0427246094, -0.799072266, -0.340143657, -0.917440523, -0.206041341, 4, 1, 
285.669976, 0.1, 0.1, 0.110501686, -0.176001639, -0.0233531096, 0.878015742, -0.470164893, -0.0896288493, 0.478631755, 0.862483888, 0.164417719, -7.77346576e-010, -0.187260559, 0.982310278, 0.878015742, -0.470084641, -0.0900487999, 0.478631755, 0.862336674, 0.165188089, -7.85266942e-010, -0.188137957, 0.982142611, 0, 0, 0, 0, 0, 0, 0, 0.0850875732, -0.187544434, -0.25723916, -0.654458742, 0.755984218, 0.0084306946, -0.0393066406, -0.0451660156, 0.998168945, 0.755109167, 0.652960636, 0.0594719408, 0, 0, 0, 0, 0, 0, 0, 0.139966162, -0.155895947, -0.239502197, -0.724272321, 0.395305383, -0.56480885, 0.599731445, -0.0427246094, -0.799072266, -0.340143657, -0.917440523, -0.206041341, 4, 1, 
285.670752, 0.1, 0.1, 0.110493179, -0.175986036, -0.0232814246, 0.878015741, -0.470564382, -0.0875072645, 0.478631757, 0.863216717, 0.160525822, -7.3707361e-010, -0.182827955, 0.983144923, 0.878015741, -0.470485908, -0.087928203, 0.478631757, 0.863072764, 0.161298004, -7.45366741e-010, -0.183707417, 0.982980969, 0, 0, 0, 0, 0, 0, 0, 0.0850875732, -0.187544434, -0.25723916, -0.654458742, 0.755984218, 0.0084306946, -0.0393066406, -0.0451660156, 0.998168945, 0.755109167, 0.652960636, 0.0594719408, 0, 0, 0, 0, 0, 0, 0, 0.139966162, -0.155895947, -0.239502197, -0.724272321, 0.395305383, -0.56480885, 0.599731445, -0.0427246094, -0.799072266, -0.340143657, -0.917440523, -0.206041341, 4, 1, 
285.671571, 0.1, 0.1, 0.110484181, -0.175969531, -0.0232048751, 0.87801574, -0.470977239, -0.085257267, 0.478631759, 0.863974069, 0.156398362, -7.02795745e-010, -0.178127059, 0.984007495, 0.87801574, -0.470900616, -0.0856794645, 0.478631759, 0.86383351, 0.157172853, -7.08657945e-010, -0.179009152, 0.983847409, 0, 0, 0, 0, 0, 0, 0, 0.0850875732, -0.187544434, -0.25723916, -0.654458742, 0.755984218, 0.0084306946, -0.0393066406, -0.0451660156, 0.998168945, 0.755109167, 0.652960636, 0.0594719408, 0, 0, 0, 0, 0, 0, 0, 0.139966162, -0.155895947, -0.239502197, -0.724272321, 0.395305383, -0.56480885, 0.599731445, -0.0427246094, -0.799072266, -0.340143657, -0.917440523, -0.206041341, 4, 1, 
285.672352, 0.1, 0.1, 0.110475584, -0.17595376, -0.0231311707, 0.878015738, -0.471362588, -0.0831003833, 0.478631761, 0.864680959, 0.152441712, -6.72511706e-010, -0.173620705, 0.984812597, 0.878015739, -0.471285365, -0.0835372244, 0.478631761, 0.864539299, 0.153243066, -6.78762713e-010, -0.174533393, 0.984651255, 0, 0, 0, 0, 0, 0, 0, 0.0850875732, -0.187544434, -0.25723916, -0.654458742, 0.755984218, 0.0084306946, -0.0393066406, -0.0451660156, 0.998168945, 0.755109167, 0.652960636, 0.0594719408, 0, 0, 0, 0, 0, 0, 0, 0.139966162, -0.155895947, -0.239502197, -0.724272321, 0.395305383, -0.56480885, 0.599731445, -0.0427246094, -0.799072266, -0.340143657, -0.917440523, -0.206041341, 4, 1, 
285.673132, 0.1, 0.1, 0.110466981, -0.17593798, -0.0230569314, 0.878015737, -0.471739087, -0.080935772, 0.478631763, 0.865371614, 0.148470886, -6.41238021e-010, -0.169098206, 0.985599207, 0.878015738, -0.471664331, -0.0813702834, 0.478631763, 0.865234482, 0.149267967, -6.47659745e-010, -0.170006026, 0.985443023, 0, 0, 0, 0, 0, 0, 0, 0.0850875732, -0.187544434, -0.25723916, -0.654458742, 0.755984218, 0.0084306946, -0.0393066406, -0.0451660156, 0.998168945, 0.755109167, 0.652960636, 0.0594719408, 0, 0, 0, 0, 0, 0, 0, 0.139966162, -0.155895947, -0.239502197, -0.724272321, 0.395305383, -0.56480885, 0.599731445, -0.0427246094, -0.799072266, -0.340143657, -0.917440523, -0.206041341, 4, 1, 
285.673974, 0.1, 0.1, 0.110457671, -0.175920902, -0.022975578, 0.878015736, -0.472135249, -0.0785918151, 0.478631765, 0.866098342, 0.144171064, -6.15314799e-010, -0.164201002, 0.986426901, 0.878015736, -0.472056252, -0.079064919, 0.478631765, 0.865953428, 0.14503894, -6.1897866e-010, -0.165189453, 0.986261854, 0, 0, 0, 0, 0, 0, 0, 0.0852411133, -0.188047314, -0.257443481, -0.655753905, 0.754810744, 0.00876730947, -0.0394287109, -0.0458984375, 0.998168945, 0.75395479, 0.654135231, 0.0600365859, 0, 0, 0, 0, 0, 0, 0, 0.139966162, -0.155895947, -0.239502197, -0.724252998, 0.394953938, -0.565109256, 0.600341797, -0.0418701172, -0.798583984, -0.339159685, -0.917600204, -0.206686628, 4, 1, 
285.674752, 0.1, 0.1, 0.110449029, -0.175905051, -0.0228991885, 0.878015735, -0.472492735, -0.0764132453, 0.478631767, 0.866754119, 0.140174633, -5.95747646e-010, -0.15964934, 0.987173788, 0.878015735, -0.47242278, -0.0768445505, 0.478631767, 0.866625794, 0.140965832, -6.00240989e-010, -0.160550461, 0.987027634, 0, 0, 0, 0, 0, 0, 0, 0.0852411133, -0.188047314, -0.257443481, -0.655753905, 0.754810744, 0.00876730947, -0.0394287109, -0.0458984375, 0.998168945, 0.75395479, 0.654135231, 0.0600365859, 0, 0, 0, 0, 0, 0, 0, 0.140211377, -0.155922559, -0.239535645, -0.724252998, 0.394953938, -0.565109256, 0.600341797, -0.0418701172, -0.798583984, -0.339159685, -0.917600204, -0.206686628, 4, 1, 
285.675536, 0.1, 0.1, 0.110440327, -0.175889086, -0.0228217852, 0.878015734, -0.472843818, -0.0742097968, 0.478631769, 0.867398152, 0.136132564, -5.70632534e-010, -0.155045699, 0.987907299, 0.878015734, -0.472775176, -0.0746458512, 0.478631769, 0.867272234, 0.136932474, -5.76205188e-010, -0.155956743, 0.987763886, 0, 0, 0, 0, 0, 0, 0, 0.0852411133, -0.188047314, -0.257443481, -0.655753905, 0.754810744, 0.00876730947, -0.0394287109, -0.0458984375, 0.998168945, 0.75395479, 0.654135231, 0.0600365859, 0, 0, 0, 0, 0, 0, 0, 0.140211377, -0.155922559, -0.239535645, -0.724252998, 0.394953938, -0.565109256, 0.600341797, -0.0418701172, -0.798583984, -0.339159685, -0.917600204, -0.206686628, 4, 1, 
285.67635, 0.1, 0.1, 0.110431264, -0.175872463, -0.0227405002, 0.878015733, -0.473199388, -0.0719076603, 0.478631771, 0.868050415, 0.131909458, -5.43591283e-010, -0.150235871, 0.988650182, 0.878015734, -0.473132217, -0.0723483034, 0.47863177, 0.867927196, 0.132717787, -5.48668409e-010, -0.151156501, 0.988509844, 0, 0, 0, 0, 0, 0, 0, 0.0852411133, -0.188047314, -0.257443481, -0.655753905, 0.754810744, 0.00876730947, -0.0394287109, -0.0458984375, 0.998168945, 0.75395479, 0.654135231, 0.0600365859, 0, 0, 0, 0, 0, 0, 0, 0.140211377, -0.155922559, -0.239535645, -0.724252998, 0.394953938, -0.565109256, 0.600341797, -0.0418701172, -0.798583984, -0.339159685, -0.917600204, -0.206686628, 4, 1, 
285.677137, 0.1, 0.1, 0.110422493, -0.175856373, -0.0226612478, 0.878015732, -0.473533917, -0.0696706787, 0.478631772, 0.86866408, 0.127805875, -5.1536931e-010, -0.145562169, 0.989349107, 0.878015733, -0.473466528, -0.0701271744, 0.478631772, 0.868540461, 0.128643284, -5.21223863e-010, -0.146515921, 0.989208312, 0, 0, 0, 0, 0, 0, 0, 0.0852411133, -0.188047314, -0.257443481, -0.655753905, 0.754810744, 0.00876730947, -0.0394287109, -0.0458984375, 0.998168945, 0.75395479, 0.654135231, 0.0600365859, 0, 0, 0, 0, 0, 0, 0, 0.140211377, -0.155922559, -0.239535645, -0.724252998, 0.394953938, -0.565109256, 0.600341797, -0.0418701172, -0.798583984, -0.339159685, -0.917600204, -0.206686628, 4, 1, 
285.677912, 0.1, 0.1, 0.110413832, -0.175840486, -0.0225825018, 0.878015732, -0.473854793, -0.067453767, 0.478631774, 0.869252701, 0.123739109, -4.85296157e-010, -0.1409304, 0.990019506, 0.878015732, -0.473791692, -0.0678955613, 0.478631774, 0.869136948, 0.124549549, -4.91549308e-010, -0.141853436, 0.989887672, 0, 0, 0, 0, 0, 0, 0, 0.0852411133, -0.188047314, -0.257443481, -0.655753905, 0.754810744, 0.00876730947, -0.0394287109, -0.0458984375, 0.998168945, 0.75395479, 0.654135231, 0.0600365859, 0, 0, 0, 0, 0, 0, 0, 0.140211377, -0.155922559, -0.239535645, -0.724252998, 0.394953938, -0.565109256, 0.600341797, -0.0418701172, -0.798583984, -0.339159685, -0.917600204, -0.206686628, 4, 1, 
285.678771, 0.1, 0.1, 0.110404225, -0.175822863, -0.0224940211, 0.878015731, -0.474198577, -0.0649929685, 0.478631776, 0.869883345, 0.119224949, -4.60741188e-010, -0.135789081, 0.990737768, 0.878015731, -0.474131874, -0.0654777998, 0.478631775, 0.869760984, 0.120114338, -4.64257577e-010, -0.136802033, 0.990598407, 0, 0, 0, 0, 0, 0, 0, 0.0867530029, -0.187810181, -0.257285913, -0.660833085, 0.750415273, 0.00715799315, -0.0443115234, -0.0485839844, 0.997802734, 0.749197616, 0.659157123, 0.0654823379, 0, 0, 0, 0, 0, 0, 0, 0.140211377, -0.155922559, -0.239535645, -0.723792544, 0.393318115, -0.56673232, 0.602294922, -0.0402832031, -0.797241211, -0.336533692, -0.918385849, -0.207593675, 4, 1, 
285.679552, 0.1, 0.1, 0.110395449, -0.175806766, -0.0224123415, 0.87801573, -0.474501866, -0.0627403972, 0.478631777, 0.870439703, 0.115092768, -4.43156789e-010, -0.131082809, 0.991371422, 0.87801573, -0.474441533, -0.0631950087, 0.478631777, 0.870329028, 0.11592672, -4.46929833e-010, -0.132032623, 0.991245371, 0, 0, 0, 0, 0, 0, 0, 0.0867530029, -0.187810181, -0.257285913, -0.660833085, 0.750415273, 0.00715799315, -0.0443115234, -0.0485839844, 0.997802734, 0.749197616, 0.659157123, 0.0654823379, 0, 0, 0, 0, 0, 0, 0, 0.140743555, -0.155824072, -0.239438867, -0.723792544, 0.393318115, -0.56673232, 0.602294922, -0.0402832031, -0.797241211, -0.336533692, -0.918385849, -0.207593675, 4, 1, 
285.680344, 0.1, 0.1, 0.11038655, -0.175790442, -0.0223289935, 0.878015729, -0.474799601, -0.0604459989, 0.478631779, 0.870985873, 0.110883858, -4.24038034e-010, -0.126289148, 0.991993473, 0.878015729, -0.47474158, -0.0609000116, 0.478631778, 0.870879439, 0.111716712, -4.27966166e-010, -0.127237711, 0.991872252, 0, 0, 0, 0, 0, 0, 0, 0.0867530029, -0.187810181, -0.257285913, -0.660833085, 0.750415273, 0.00715799315, -0.0443115234, -0.0485839844, 0.997802734, 0.749197616, 0.659157123, 0.0654823379, 0, 0, 0, 0, 0, 0, 0, 0.140743555, -0.155824072, -0.239438867, -0.723792544, 0.393318115, -0.56673232, 0.602294922, -0.0402832031, -0.797241211, -0.336533692, -0.918385849, -0.207593675, 4, 1, 
285.681157, 0.1, 0.1, 0.110377407, -0.17577367, -0.022242664, 0.878015728, -0.475094777, -0.0580804089, 0.47863178, 0.871527349, 0.106544352, -4.05295391e-010, -0.121346747, 0.992610179, 0.878015728, -0.475036214, -0.0585574602, 0.47863178, 0.87141992, 0.107419469, -4.08885426e-010, -0.122343444, 0.992487824, 0, 0, 0, 0, 0, 0, 0, 0.0867530029, -0.187810181, -0.257285913, -0.660833085, 0.750415273, 0.00715799315, -0.0443115234, -0.0485839844, 0.997802734, 0.749197616, 0.659157123, 0.0654823379, 0, 0, 0, 0, 0, 0, 0, 0.140743555, -0.155824072, -0.239438867, -0.723792544, 0.393318115, -0.56673232, 0.602294922, -0.0402832031, -0.797241211, -0.336533692, -0.918385849, -0.207593675, 4, 1, 
285.681949, 0.1, 0.1, 0.110368453, -0.175757244, -0.022157353, 0.878015728, -0.475373052, -0.0557570036, 0.478631781, 0.872037822, 0.102282231, -3.88452156e-010, -0.116492482, 0.993191574, 0.878015728, -0.475319332, -0.0562131177, 0.478631781, 0.871939277, 0.10311894, -3.92227202e-010, -0.117445436, 0.993079337, 0, 0, 0, 0, 0, 0, 0, 0.0867530029, -0.187810181, -0.257285913, -0.660833085, 0.750415273, 0.00715799315, -0.0443115234, -0.0485839844, 0.997802734, 0.749197616, 0.659157123, 0.0654823379, 0, 0, 0, 0, 0, 0, 0, 0.140770166, -0.156108838, -0.239041699, -0.723441099, 0.392493823, -0.567831131, 0.602905273, -0.0416259766, -0.796630859, -0.336374011, -0.918717971, -0.206481738, 4, 1, 
285.682726, 0.1, 0.1, 0.110359679, -0.17574115, -0.0220733352, 0.878015727, -0.475635671, -0.053470477, 0.478631783, 0.872519574, 0.0980877614, -3.67846295e-010, -0.111715267, 0.993740257, 0.878015727, -0.475584578, -0.0539230246, 0.478631782, 0.872425848, 0.0989179277, -3.72283235e-010, -0.11266077, 0.993633509, 0, 0, 0, 0, 0, 0, 0, 0.0867530029, -0.187810181, -0.257285913, -0.660833085, 0.750415273, 0.00715799315, -0.0443115234, -0.0485839844, 0.997802734, 0.749197616, 0.659157123, 0.0654823379, 0, 0, 0, 0, 0, 0, 0, 0.140770166, -0.156108838, -0.239041699, -0.723441099, 0.392493823, -0.567831131, 0.602905273, -0.0416259766, -0.796630859, -0.336374011, -0.918717971, -0.206481738, 4, 1, 
285.683555, 0.1, 0.1, 0.110350311, -0.175723966, -0.0219828399, 0.878015726, -0.475904295, -0.0510243757, 0.478631784, 0.873012342, 0.0936005635, -3.4608039e-010, -0.106604655, 0.994301487, 0.878015726, -0.475846493, -0.0515606408, 0.478631784, 0.87290631, 0.0945843033, -3.49842558e-010, -0.107725067, 0.994180723, 0, 0, 0, 0, 0, 0, 0, 0.0867530029, -0.187810181, -0.257285913, -0.661848921, 0.749482934, 0.00413070294, -0.0460205078, -0.0460205078, 0.997924805, 0.748246181, 0.660293527, 0.06509667, 0, 0, 0, 0, 0, 0, 0, 0.140770166, -0.156108838, -0.239041699, -0.723441099, 0.392493823, -0.567831131, 0.602905273, -0.0416259766, -0.796630859, -0.336374011, -0.918717971, -0.206481738, 4, 1, 
285.684336, 0.1, 0.1, 0.110341459, -0.175707727, -0.0218963286, 0.878015726, -0.476146534, -0.0487120481, 0.478631785, 0.873456711, 0.0893587637, -3.29535985e-010, -0.101773534, 0.994807593, 0.878015726, -0.476099372, -0.0491708598, 0.478631785, 0.873370196, 0.090200421, -3.32955163e-010, -0.102732124, 0.994709058, 0, 0, 0, 0, 0, 0, 0, 0.0871446777, -0.187631128, -0.256102344, -0.661848921, 0.749482934, 0.00413070294, -0.0460205078, -0.0460205078, 0.997924805, 0.748246181, 0.660293527, 0.06509667, 0, 0, 0, 0, 0, 0, 0, 0.140770166, -0.156108838, -0.239041699, -0.723441099, 0.392493823, -0.567831131, 0.602905273, -0.0416259766, -0.796630859, -0.336374011, -0.918717971, -0.206481738, 4, 1, 
285.685108, 0.1, 0.1, 0.110332703, -0.175691666, -0.0218102095, 0.878015725, -0.476375664, -0.0464178102, 0.478631786, 0.873877031, 0.0851501483, -3.11809693e-010, -0.0969802086, 0.99528631, 0.878015725, -0.476330582, -0.0468781708, 0.478631786, 0.873794332, 0.0859946469, -3.15490311e-010, -0.0979420348, 0.995192121, 0, 0, 0, 0, 0, 0, 0, 0.0871446777, -0.187631128, -0.256102344, -0.661848921, 0.749482934, 0.00413070294, -0.0460205078, -0.0460205078, 0.997924805, 0.748246181, 0.660293527, 0.06509667, 0, 0, 0, 0, 0, 0, 0, 0.140770166, -0.156108838, -0.239041699, -0.723441099, 0.392493823, -0.567831131, 0.602905273, -0.0416259766, -0.796630859, -0.336374011, -0.918717971, -0.206481738, 4, 1, 
285.685928, 0.1, 0.1, 0.110323424, -0.175674644, -0.0217181701, 0.878015724, -0.476606862, -0.0439805342, 0.478631787, 0.874301143, 0.0806791399, -2.94450186e-010, -0.0918880351, 0.995769345, 0.878015724, -0.476555926, -0.0445290621, 0.478631787, 0.874207705, 0.0816853749, -2.9739676e-010, -0.0930340682, 0.995662926, 0, 0, 0, 0, 0, 0, 0, 0.0871446777, -0.187631128, -0.256102344, -0.659976008, 0.751163765, 0.00425726176, -0.0454101562, -0.0455322266, 0.997924805, 0.749927012, 0.658420614, 0.0643350734, 0, 0, 0, 0, 0, 0, 0, 0.140770166, -0.156108838, -0.239041699, -0.723441099, 0.392493823, -0.567831131, 0.602905273, -0.0416259766, -0.796630859, -0.336374011, -0.918717971, -0.206481738, 4, 1, 
285.686719, 0.1, 0.1, 0.110314409, -0.175658107, -0.0216276389, 0.878015724, -0.476819598, -0.0416108196, 0.478631788, 0.874691389, 0.0763320679, -2.83832825e-010, -0.0869370169, 0.99621381, 0.878015724, -0.476779533, -0.0420673883, 0.478631788, 0.874617895, 0.0771696106, -2.86040296e-010, -0.0878909208, 0.996130105, 0, 0, 0, 0, 0, 0, 0, 0.0870222656, -0.187327686, -0.255651709, -0.659976008, 0.751163765, 0.00425726176, -0.0454101562, -0.0455322266, 0.997924805, 0.749927012, 0.658420614, 0.0643350734, 0, 0, 0, 0, 0, 0, 0, 0.140304883, -0.156055615, -0.238786719, -0.723300741, 0.393196713, -0.567517965, 0.602294922, -0.0426025391, -0.797119141, -0.337709429, -0.918398609, -0.205957852, 4, 1, 
285.687496, 0.1, 0.1, 0.110305579, -0.17564191, -0.021538504, 0.878015723, -0.477017417, -0.0392781527, 0.478631789, 0.875054273, 0.0720529574, -2.71990815e-010, -0.0820634021, 0.996627111, 0.878015723, -0.47697911, -0.0397406369, 0.478631789, 0.874984002, 0.0729013516, -2.74480844e-010, -0.0830296651, 0.996547076, 0, 0, 0, 0, 0, 0, 0, 0.0870222656, -0.187327686, -0.255651709, -0.659976008, 0.751163765, 0.00425726176, -0.0454101562, -0.0455322266, 0.997924805, 0.749927012, 0.658420614, 0.0643350734, 0, 0, 0, 0, 0, 0, 0, 0.140304883, -0.156055615, -0.238786719, -0.723300741, 0.393196713, -0.567517965, 0.602294922, -0.0426025391, -0.797119141, -0.337709429, -0.918398609, -0.205957852, 4, 1, 
285.688306, 0.1, 0.1, 0.110296391, -0.175625055, -0.0214450941, 0.878015723, -0.477211856, -0.0368406789, 0.47863179, 0.875410954, 0.067581586, -2.59544362e-010, -0.0769708152, 0.997033346, 0.878015723, -0.477172357, -0.0373487922, 0.47863179, 0.875338497, 0.0685136835, -2.61774529e-010, -0.0780324106, 0.996950823, 0, 0, 0, 0, 0, 0, 0, 0.0870222656, -0.187327686, -0.255651709, -0.659976008, 0.751163765, 0.00425726176, -0.0454101562, -0.0455322266, 0.997924805, 0.749927012, 0.658420614, 0.0643350734, 0, 0, 0, 0, 0, 0, 0, 0.140304883, -0.156055615, -0.238786719, -0.723300741, 0.393196713, -0.567517965, 0.602294922, -0.0426025391, -0.797119141, -0.337709429, -0.918398609, -0.205957852, 4, 1, 
285.689084, 0.1, 0.1, 0.110287516, -0.175608776, -0.0213540757, 0.878015722, -0.477388228, -0.0344800175, 0.478631791, 0.875734494, 0.0632511217, -2.48562195e-010, -0.0720387118, 0.997401837, 0.878015722, -0.477354065, -0.0349497981, 0.478631791, 0.875671825, 0.0641129007, -2.50931127e-010, -0.0730202193, 0.997330461, 0, 0, 0, 0, 0, 0, 0, 0.0870222656, -0.187327686, -0.255651709, -0.659976008, 0.751163765, 0.00425726176, -0.0454101562, -0.0455322266, 0.997924805, 0.749927012, 0.658420614, 0.0643350734, 0, 0, 0, 0, 0, 0, 0, 0.140304883, -0.156055615, -0.238786719, -0.723300741, 0.393196713, -0.567517965, 0.602294922, -0.0426025391, -0.797119141, -0.337709429, -0.918398609, -0.205957852, 4, 1, 
285.689863, 0.1, 0.1, 0.110278652, -0.175592515, -0.0212625467, 0.878015722, -0.477553228, -0.0321139703, 0.478631792, 0.876037173, 0.0589107775, -2.36116657e-010, -0.0670953559, 0.997746568, 0.878015722, -0.477521452, -0.032583049, 0.478631792, 0.875978883, 0.0597712688, -2.38734608e-010, -0.0680753969, 0.997680179, 0, 0, 0, 0, 0, 0, 0, 0.0870222656, -0.187327686, -0.255651709, -0.659976008, 0.751163765, 0.00425726176, -0.0454101562, -0.0455322266, 0.997924805, 0.749927012, 0.658420614, 0.0643350734, 0, 0, 0, 0, 0, 0, 0, 0.140304883, -0.156055615, -0.238786719, -0.723300741, 0.393196713, -0.567517965, 0.602294922, -0.0426025391, -0.797119141, -0.337709429, -0.918398609, -0.205957852, 4, 1, 
285.690703, 0.1, 0.1, 0.110269091, -0.175574977, -0.0211627635, 0.878015721, -0.477718186, -0.0295588918, 0.478631793, 0.876339774, 0.0542236689, -2.24436152e-010, -0.0617570591, 0.998091211, 0.878015721, -0.477683028, -0.0301217127, 0.478631793, 0.876275281, 0.0552561235, -2.26349484e-010, -0.0629329545, 0.998017757, 0, 0, 0, 0, 0, 0, 0, 0.0870222656, -0.187327686, -0.255651709, -0.654757165, 0.755819467, 0.00431717576, -0.0400390625, -0.0404052734, 0.998413086, 0.754785657, 0.653481098, 0.0569100679, 0, 0, 0, 0, 0, 0, 0, 0.140304883, -0.156055615, -0.238786719, -0.723300741, 0.393196713, -0.567517965, 0.602294922, -0.0426025391, -0.797119141, -0.337709429, -0.918398609, -0.205957852, 4, 1, 
285.691508, 0.1, 0.1, 0.110259876, -0.175558072, -0.0210652843, 0.878015721, -0.477864277, -0.0270947782, 0.478631794, 0.876607766, 0.049703429, -2.17287884e-010, -0.0566088144, 0.998396435, 0.878015721, -0.477837325, -0.0275660116, 0.478631794, 0.876558324, 0.050567873, -2.18814843e-010, -0.057593357, 0.998340125, 0, 0, 0, 0, 0, 0, 0, 0.0857410645, -0.187997754, -0.255447998, -0.654757165, 0.755819467, 0.00431717576, -0.0400390625, -0.0404052734, 0.998413086, 0.754785657, 0.653481098, 0.0569100679, 0, 0, 0, 0, 0, 0, 0, 0.139548975, -0.156367334, -0.23887959, -0.723390793, 0.394941178, -0.566290823, 0.600097656, -0.0460205078, -0.798583984, -0.341523918, -0.917478802, -0.203619505, 4, 1, 
285.692287, 0.1, 0.1, 0.11025099, -0.175541772, -0.0209707682, 0.87801572, -0.477993765, -0.0247053806, 0.478631795, 0.8768453, 0.0453202502, -2.08011289e-010, -0.0516166728, 0.998666971, 0.87801572, -0.477968904, -0.0251817814, 0.478631795, 0.876799694, 0.0461941734, -2.10084804e-010, -0.0526120117, 0.998615029, 0, 0, 0, 0, 0, 0, 0, 0.0857410645, -0.187997754, -0.255447998, -0.654757165, 0.755819467, 0.00431717576, -0.0400390625, -0.0404052734, 0.998413086, 0.754785657, 0.653481098, 0.0569100679, 0, 0, 0, 0, 0, 0, 0, 0.139548975, -0.156367334, -0.23887959, -0.723390793, 0.394941178, -0.566290823, 0.600097656, -0.0460205078, -0.798583984, -0.341523918, -0.917478802, -0.203619505, 4, 1, 
285.693094, 0.1, 0.1, 0.110241783, -0.175524883, -0.0208722278, 0.87801572, -0.478115911, -0.0222164669, 0.478631796, 0.877069366, 0.0407545163, -1.96797013e-010, -0.0464166134, 0.998922168, 0.87801572, -0.47809155, -0.0227346831, 0.478631796, 0.877024678, 0.041705147, -1.98968769e-010, -0.0474993169, 0.99887127, 0, 0, 0, 0, 0, 0, 0, 0.0857410645, -0.187997754, -0.255447998, -0.654757165, 0.755819467, 0.00431717576, -0.0400390625, -0.0404052734, 0.998413086, 0.754785657, 0.653481098, 0.0569100679, 0, 0, 0, 0, 0, 0, 0, 0.139548975, -0.156367334, -0.23887959, -0.723390793, 0.394941178, -0.566290823, 0.600097656, -0.0460205078, -0.798583984, -0.341523918, -0.917478802, -0.203619505, 4, 1, 
285.693876, 0.1, 0.1, 0.110232842, -0.175508481, -0.0207757574, 0.878015719, -0.478222451, -0.0197910103, 0.478631796, 0.877264804, 0.0363051901, -1.86071556e-010, -0.0413491344, 0.999144759, 0.878015719, -0.478202439, -0.0202687825, 0.478631796, 0.877228095, 0.037181629, -1.88312307e-010, -0.0423473385, 0.999102949, 0, 0, 0, 0, 0, 0, 0, 0.0857410645, -0.187997754, -0.255447998, -0.654757165, 0.755819467, 0.00431717576, -0.0400390625, -0.0404052734, 0.998413086, 0.754785657, 0.653481098, 0.0569100679, 0, 0, 0, 0, 0, 0, 0, 0.139548975, -0.156367334, -0.23887959, -0.723390793, 0.394941178, -0.566290823, 0.600097656, -0.0460205078, -0.798583984, -0.341523918, -0.917478802, -0.203619505, 4, 1, 
285.694654, 0.1, 0.1, 0.110223953, -0.175492176, -0.020679217, 0.878015719, -0.47831646, -0.0173712778, 0.478631797, 0.877437256, 0.0318663641, -1.74534588e-010, -0.0362936145, 0.99934117, 0.878015719, -0.478298767, -0.017851795, 0.478631797, 0.877404799, 0.0327478385, -1.7688619e-010, -0.0372975537, 0.999304204, 0, 0, 0, 0, 0, 0, 0, 0.0857410645, -0.187997754, -0.255447998, -0.654757165, 0.755819467, 0.00431717576, -0.0400390625, -0.0404052734, 0.998413086, 0.754785657, 0.653481098, 0.0569100679, 0, 0, 0, 0, 0, 0, 0, 0.139548975, -0.156367334, -0.23887959, -0.723390793, 0.394941178, -0.566290823, 0.600097656, -0.0460205078, -0.798583984, -0.341523918, -0.917478802, -0.203619505, 4, 1, 
285.695473, 0.1, 0.1, 0.110214658, -0.175475126, -0.0205773517, 0.878015719, -0.478401778, -0.0148369929, 0.478631798, 0.877593764, 0.0272174001, -1.63377236e-010, -0.0309987616, 0.999519423, 0.878015719, -0.478383977, -0.0154002824, 0.478631798, 0.877561109, 0.0282507143, -1.65371823e-010, -0.0321756361, 0.99948223, 0, 0, 0, 0, 0, 0, 0, 0.0857410645, -0.187997754, -0.255447998, -0.655874472, 0.754626898, 0.00965434304, -0.0366210937, -0.0445556641, 0.998291016, 0.753973886, 0.654535126, 0.0570534791, 0, 0, 0, 0, 0, 0, 0, 0.139548975, -0.156367334, -0.23887959, -0.723390793, 0.394941178, -0.566290823, 0.600097656, -0.0460205078, -0.798583984, -0.341523918, -0.917478802, -0.203619505, 4, 1, 
285.696271, 0.1, 0.1, 0.11020547, -0.17545827, -0.0204752919, 0.878015718, -0.47847287, -0.0123333308, 0.478631799, 0.877724176, 0.0226246114, -1.56617992e-010, -0.0257678887, 0.999667953, 0.878015718, -0.47846037, -0.012809078, 0.478631798, 0.877701246, 0.0234973356, -1.5792113e-010, -0.0267618621, 0.999641837, 0, 0, 0, 0, 0, 0, 0, 0.0856814941, -0.187162524, -0.256960742, -0.655874472, 0.754626898, 0.00965434304, -0.0366210937, -0.0445556641, 0.998291016, 0.753973886, 0.654535126, 0.0570534791, 0, 0, 0, 0, 0, 0, 0, 0.139671387, -0.155912549, -0.239633643, -0.725205254, 0.39506258, -0.563843834, 0.598266602, -0.0435791016, -0.800048828, -0.340609941, -0.917466042, -0.204712486, 4, 1, 
285.697049, 0.1, 0.1, 0.110196586, -0.175441973, -0.0203759406, 0.878015718, -0.478529343, -0.0099028982, 0.478631799, 0.877827769, 0.018166157, -1.49904197e-010, -0.0206900134, 0.999785939, 0.878015718, -0.478518838, -0.010398136, 0.478631799, 0.877808498, 0.0190746352, -1.51292693e-010, -0.0217247081, 0.999763991, 0, 0, 0, 0, 0, 0, 0, 0.0856814941, -0.187162524, -0.256960742, -0.655874472, 0.754626898, 0.00965434304, -0.0366210937, -0.0445556641, 0.998291016, 0.753973886, 0.654535126, 0.0570534791, 0, 0, 0, 0, 0, 0, 0, 0.139671387, -0.155912549, -0.239633643, -0.725205254, 0.39506258, -0.563843834, 0.598266602, -0.0435791016, -0.800048828, -0.340609941, -0.917466042, -0.204712486, 4, 1, 
285.697869, 0.1, 0.1, 0.110187226, -0.175424804, -0.0202703946, 0.878015717, -0.478575628, -0.00733270148, 0.4786318, 0.877912673, 0.0134513154, -1.43692532e-010, -0.0153201304, 0.99988264, 0.878015718, -0.478567091, -0.00787014383, 0.4786318, 0.877897014, 0.0144372148, -1.44700673e-010, -0.0164430027, 0.999864805, 0, 0, 0, 0, 0, 0, 0, 0.0856814941, -0.187162524, -0.256960742, -0.655874472, 0.754626898, 0.00965434304, -0.0366210937, -0.0445556641, 0.998291016, 0.753973886, 0.654535126, 0.0570534791, 0, 0, 0, 0, 0, 0, 0, 0.139671387, -0.155912549, -0.239633643, -0.725205254, 0.39506258, -0.563843834, 0.598266602, -0.0435791016, -0.800048828, -0.340609941, -0.917466042, -0.204712486, 4, 1, 
285.698689, 0.1, 0.1, 0.110177822, -0.175407552, -0.020163021, 0.878015717, -0.478608284, -0.00474454756, 0.478631801, 0.877972578, 0.00870353258, -1.40609849e-010, -0.00991272974, 0.999950868, 0.878015717, -0.478603223, -0.00523024131, 0.4786318, 0.877963294, 0.00959450293, -1.4135179e-010, -0.0109274842, 0.999940293, 0, 0, 0, 0, 0, 0, 0, 0.0865135498, -0.186978711, -0.256791699, -0.657010875, 0.75379603, 0.00861341963, -0.037109375, -0.0437011719, 0.998413086, 0.753041547, 0.655531866, 0.0567239775, 0, 0, 0, 0, 0, 0, 0, 0.140096875, -0.155537598, -0.239622168, -0.72596538, 0.394129647, -0.563562752, 0.598266602, -0.0422363281, -0.800170898, -0.339216921, -0.917932326, -0.205051171, 4, 1, 
285.699469, 0.1, 0.1, 0.110168906, -0.175391197, -0.0200607485, 0.878015717, -0.478626403, -0.00227309802, 0.478631801, 0.878005815, 0.0041698356, -1.35511295e-010, -0.0047491582, 0.999988723, 0.878015717, -0.4786238, -0.00276747611, 0.478631801, 0.87800104, 0.00507673676, -1.36736329e-010, -0.00578205674, 0.999983284, 0, 0, 0, 0, 0, 0, 0, 0.0865135498, -0.186978711, -0.256791699, -0.657010875, 0.75379603, 0.00861341963, -0.037109375, -0.0437011719, 0.998413086, 0.753041547, 0.655531866, 0.0567239775, 0, 0, 0, 0, 0, 0, 0, 0.140096875, -0.155537598, -0.239622168, -0.72596538, 0.394129647, -0.563562752, 0.598266602, -0.0422363281, -0.800170898, -0.339216921, -0.917932326, -0.205051171, 4, 1, 
