time, realDorsalTactorPos, realVentralTactorPos, boxPosX, boxPosY, boxPosZ, boxLocalRot_11, boxLocalRot_12, boxLocalRot_13, boxLocalRot_21, boxLocalRot_22, boxLocalRot_23, boxLocalRot_31, boxLocalRot_32, boxLocalRot_33, boxGlobalRot_11, boxGlobalRot_12, boxGlobalRot_13, boxGlobalRot_21, boxGlobalRot_22, boxGlobalRot_23, boxGlobalRot_31, boxGlobalRot_32, boxGlobalRot_33, indexForceX, indexForceY, indexForceZ, indexForceGlobalX, indexForceGlobalY, indexForceGlobalZ, indexContact, indexPosX, indexPosY, indexPosZ, indexRot_11, indexRot_12, indexRot_13, indexRot_21, indexRot_22, indexRot_23, indexRot_31, indexRot_32, indexRot_33, thumbForceX, thumbForceY, thumbForceZ, thumbForceGlobalX, thumbForceGlobalY, thumbForceGlobalZ, thumbContact, thumbPosX, thumbPosY, thumbPosZ, thumbRot_11, thumbRot_12, thumbRot_13, thumbRot_21, thumbRot_22, thumbRot_23, thumbRot_31, thumbRot_32, thumbRot_33, mapping, trialSuccess, 
80.7143905, 0.1, 0.1, 0.188964622, 0.102049097, -0.0199570025, 0.986196373, 0.165579934, 1.06589108e-005, 0.165579934, -0.986196373, -1.16339529e-005, 8.58542999e-006, 1.32382639e-005, -1, 0.986196373, 0.165579932, 1.14639207e-005, 0.165579932, -0.986196373, -1.1534304e-005, 9.39582775e-006, 1.3273284e-005, -1, 0, 0, 0, 0, 0, 0, 0, 0.150287915, 0.0597004639, -0.223447266, -0.160334556, 0.804898388, -0.571229206, -0.615722656, 0.370849609, 0.69519043, 0.771519006, 0.463162473, 0.43628405, 0, 0, 0, 0, 0, 0, 0, 0.209474072, 0.0849151855, -0.205460693, -0.0568965095, 0.263807747, -0.962879821, 0.533691406, -0.807006836, -0.252563477, -0.843699059, -0.528174422, -0.094942869, 1, 1, 
80.7397071, 0.1, 0.1, 0.188965849, 0.102041646, -0.0199611458, 0.986195441, 0.165585473, -5.30497722e-005, 0.165585474, -0.986195442, 2.03798432e-005, -4.89428376e-005, -2.88827802e-005, -0.999999998, 0.986195457, 0.165585379, -4.67076307e-005, 0.165585379, -0.986195458, 1.36340885e-005, -4.38052476e-005, -2.11799769e-005, -0.999999999, 0, 0, 0, 0, 0, 0, 0, 0.151110986, 0.0568604492, -0.221645093, -0.154682496, 0.806233247, -0.570882852, -0.606567383, 0.378662109, 0.69909668, 0.779893203, 0.454423209, 0.430667556, 0, 0, 0, 0, 0, 0, 0, 0.209621484, 0.0814514648, -0.204335205, -0.0623654115, 0.250612519, -0.966066513, 0.537719727, -0.807006836, -0.244018555, -0.840714325, -0.534593747, -0.0844764453, 1, 1, 
80.740501, 0.1, 0.1, 0.188965883, 0.102041461, -0.0199590437, 0.986195376, 0.165585857, 5.99951052e-005, 0.16558586, -0.986195377, -3.84873076e-005, 5.27939416e-005, 4.78903459e-005, -0.999999997, 0.98619539, 0.165585777, 5.28580521e-005, 0.165585779, -0.986195391, -3.89218777e-005, 4.5683458e-005, 4.71371181e-005, -0.999999998, 0, 0, 0, 0, 0, 0, 0, 0.151110986, 0.0568604492, -0.221645093, -0.154682496, 0.806233247, -0.570882852, -0.606567383, 0.378662109, 0.69909668, 0.779893203, 0.454423209, 0.430667556, 0, 0, 0, 0, 0, 0, 0, 0.209621484, 0.0814514648, -0.204335205, -0.0623654115, 0.250612519, -0.966066513, 0.537719727, -0.807006836, -0.244018555, -0.840714325, -0.534593747, -0.0844764453, 1, 1, 
80.7414038, 0.1, 0.1, 0.188965909, 0.102041268, -0.0199580897, 0.98619529, 0.165586359, -8.25872403e-005, 0.165586365, -0.98619529, 7.25879392e-005, -6.94275749e-005, -8.52612047e-005, -0.999999994, 0.986195305, 0.165586274, -7.52558317e-005, 0.165586279, -0.986195305, 6.86661317e-005, -6.28467789e-005, -8.01795499e-005, -0.999999995, 0, 0, 0, 0, 0, 0, 0, 0.151424316, 0.0564005371, -0.221239258, -0.152962351, 0.806042287, -0.571663545, -0.605957031, 0.380493164, 0.698608398, 0.780609494, 0.453217535, 0.43042043, 0, 0, 0, 0, 0, 0, 0, 0.209874512, 0.0809354004, -0.20434668, -0.0618542855, 0.249481626, -0.966347595, 0.537475586, -0.807495117, -0.242797852, -0.840906089, -0.534344381, -0.0841377602, 1, 1, 
80.7421932, 0.1, 0.1, 0.188965939, 0.102041092, -0.0199590698, 0.986195216, 0.165586798, 9.24570422e-005, 0.165586805, -0.986195216, -7.48706858e-005, 7.87830956e-005, 8.91467784e-005, -0.999999993, 0.986195233, 0.165586715, 5.39645559e-005, 0.165586717, -0.986195233, -4.37123402e-005, 4.5981405e-005, 5.20447152e-005, -0.999999998, 0, 0, 0, 0, 0, 0, 0, 0.151424316, 0.0564005371, -0.221239258, -0.152962351, 0.806042287, -0.571663545, -0.605957031, 0.380493164, 0.698608398, 0.780609494, 0.453217535, 0.43042043, 0, 0, 0, 0, 0, 0, 0, 0.209874512, 0.0809354004, -0.20434668, -0.0618542855, 0.249481626, -0.966347595, 0.537475586, -0.807495117, -0.242797852, -0.840906089, -0.534344381, -0.0841377602, 1, 1, 
80.7430176, 0.1, 0.1, 0.18896599, 0.102040896, -0.0199620176, 0.986195138, 0.165587286, 2.81976152e-005, 0.165587286, -0.986195138, -1.45277048e-005, 2.54027479e-005, 1.89963184e-005, -0.999999999, 0.986195153, 0.165587182, 7.15894221e-005, 0.165587185, -0.986195154, -4.94556243e-005, 6.24119237e-005, 6.06271879e-005, -0.999999996, 0, 0, 0, 0, 0, 0, 0, 0.151424316, 0.0564005371, -0.221239258, -0.152962351, 0.806042287, -0.571663545, -0.605957031, 0.380493164, 0.698608398, 0.780609494, 0.453217535, 0.43042043, 0, 0, 0, 0, 0, 0, 0, 0.209874512, 0.0809354004, -0.20434668, -0.0618542855, 0.249481626, -0.966347595, 0.537475586, -0.807495117, -0.242797852, -0.840906089, -0.534344381, -0.0841377602, 1, 1, 
80.7438614, 0.1, 0.1, 0.188965999, 0.102040731, -0.0199650282, 0.986195045, 0.165587803, -0.000111648766, 0.165587813, -0.986195046, 8.34142322e-005, -9.62950802e-005, -0.000100750377, -0.99999999, 0.98619506, 0.165587708, -0.000117809257, 0.165587719, -0.986195061, 9.2873324e-005, -0.000100804226, -0.00011109898, -0.999999989, 0, 0, 0, 0, 0, 0, 0, 0.151424316, 0.0564005371, -0.221239258, -0.152962351, 0.806042287, -0.571663545, -0.605957031, 0.380493164, 0.698608398, 0.780609494, 0.453217535, 0.43042043, 0, 0, 0, 0, 0, 0, 0, 0.209874512, 0.0809354004, -0.20434668, -0.0618542855, 0.249481626, -0.966347595, 0.537475586, -0.807495117, -0.242797852, -0.840906089, -0.534344381, -0.0841377602, 1, 1, 
80.7446554, 0.1, 0.1, 0.188966026, 0.102040561, -0.0199675922, 0.98619493, 0.165588505, 8.7440851e-005, 0.165588509, -0.986194932, -4.29000819e-005, 7.91299637e-005, 5.67870434e-005, -0.999999995, 0.986194966, 0.165588303, 4.84343826e-005, 0.165588305, -0.986194967, -2.97975419e-005, 4.28316199e-005, 3.74063531e-005, -0.999999998, 0, 0, 0, 0, 0, 0, 0, 0.151424316, 0.0564005371, -0.221239258, -0.152962351, 0.806042287, -0.571663545, -0.605957031, 0.380493164, 0.698608398, 0.780609494, 0.453217535, 0.43042043, 0, 0, 0, 0, 0, 0, 0, 0.209874512, 0.0809354004, -0.20434668, -0.0618542855, 0.249481626, -0.966347595, 0.537475586, -0.807495117, -0.242797852, -0.840906089, -0.534344381, -0.0841377602, 1, 1, 
80.7454654, 0.1, 0.1, 0.188966076, 0.102040387, -0.0199693086, 0.986194743, 0.165589634, 4.69386556e-005, 0.165589634, -0.986194744, 1.73771975e-005, 4.91681393e-005, -9.36474606e-006, -0.999999999, 0.98619478, 0.165589398, 8.52866382e-005, 0.1655894, -0.986194783, -1.10665853e-005, 8.22767284e-005, 2.50363719e-005, -0.999999996, 0, 0, 0, 0, 0, 0, 0, 0.151424316, 0.0564005371, -0.221239258, -0.152962351, 0.806042287, -0.571663545, -0.605957031, 0.380493164, 0.698608398, 0.780609494, 0.453217535, 0.43042043, 0, 0, 0, 0, 0, 0, 0, 0.209874512, 0.0809354004, -0.20434668, -0.0618542855, 0.249481626, -0.966347595, 0.537475586, -0.807495117, -0.242797852, -0.840906089, -0.534344381, -0.0841377602, 1, 1, 
80.7463296, 0.1, 0.1, 0.188966086, 0.102040208, -0.0199685715, 0.986194376, 0.16559178, -0.000124573957, 0.16559178, -0.986194384, -1.75604429e-005, -0.000125762002, -3.31041328e-006, -0.999999992, 0.986194451, 0.165591334, -0.000123162395, 0.165591336, -0.986194458, 5.6069051e-006, -0.000120533617, -2.59241243e-005, -0.999999992, 0, 0, 0, 0, 0, 0, 0, 0.151521851, 0.0559358643, -0.221056665, -0.151102543, 0.805749856, -0.572444238, -0.60534668, 0.382446289, 0.698120117, 0.781427257, 0.452151524, 0.430173304, 0, 0, 0, 0, 0, 0, 0, 0.20990918, 0.0803995605, -0.204141504, -0.0611962382, 0.247948247, -0.966762839, 0.536865234, -0.808227539, -0.241333008, -0.841327897, -0.533769089, -0.0836904333, 1, 1, 
80.7471495, 0.1, 0.1, 0.188966106, 0.102040027, -0.0199664929, 0.986193927, 0.165594492, 5.34054352e-005, 0.165594494, -0.986193928, -2.5580903e-005, 4.84320593e-005, 3.40713772e-005, -0.999999998, 0.986194025, 0.165593914, 2.17149298e-006, 0.165593914, -0.986194024, -5.17962521e-005, -6.43563072e-006, 5.14407404e-005, -0.999999999, 0, 0, 0, 0, 0, 0, 0, 0.151521851, 0.0559358643, -0.221056665, -0.151102543, 0.805749856, -0.572444238, -0.60534668, 0.382446289, 0.698120117, 0.781427257, 0.452151524, 0.430173304, 0, 0, 0, 0, 0, 0, 0, 0.20990918, 0.0803995605, -0.204141504, -0.0611962382, 0.247948247, -0.966762839, 0.536865234, -0.808227539, -0.241333008, -0.841327897, -0.533769089, -0.0836904333, 1, 1, 
80.7479564, 0.1, 0.1, 0.188966155, 0.102039876, -0.0199640501, 0.986193332, 0.165598026, 7.61168247e-005, 0.16559802, -0.986193333, 8.147302e-005, 8.85576763e-005, -6.77433537e-005, -0.999999994, 0.986193459, 0.165597255, 9.98320507e-005, 0.165597247, -0.986193462, 8.67929113e-005, 0.000112826384, -6.90626886e-005, -0.999999991, 0, 0, 0, 0, 0, 0, 0, 0.151521851, 0.0559358643, -0.221056665, -0.151102543, 0.805749856, -0.572444238, -0.60534668, 0.382446289, 0.698120117, 0.781427257, 0.452151524, 0.430173304, 0, 0, 0, 0, 0, 0, 0, 0.20990918, 0.0803995605, -0.204141504, -0.0611962382, 0.247948247, -0.966762839, 0.536865234, -0.808227539, -0.241333008, -0.841327897, -0.533769089, -0.0836904333, 1, 1, 
80.7487926, 0.1, 0.1, 0.188966179, 0.102039704, -0.0199614729, 0.986192662, 0.165602027, -4.74545393e-005, 0.165602024, -0.986192661, -6.48095733e-005, -5.75319151e-005, 5.60561579e-005, -0.999999997, 0.986192791, 0.165601258, -4.80904751e-005, 0.165601255, -0.986192791, -5.39692839e-005, -5.63638612e-005, 4.52602756e-005, -0.999999997, 0, 0, 0, 0, 0, 0, 0, 0.151521851, 0.0559358643, -0.221056665, -0.151102543, 0.805749856, -0.572444238, -0.60534668, 0.382446289, 0.698120117, 0.781427257, 0.452151524, 0.430173304, 0, 0, 0, 0, 0, 0, 0, 0.20990918, 0.0803995605, -0.204141504, -0.0611962382, 0.247948247, -0.966762839, 0.536865234, -0.808227539, -0.241333008, -0.841327897, -0.533769089, -0.0836904333, 1, 1, 
80.7495878, 0.1, 0.1, 0.188966208, 0.102039547, -0.0199604613, 0.986192019, 0.165605855, 4.10057177e-005, 0.165605851, -0.986192018, 7.89760966e-005, 5.35184155e-005, -7.10948094e-005, -0.999999996, 0.986192154, 0.165605056, 3.84175663e-005, 0.165605054, -0.986192154, 4.94379136e-005, 4.60742709e-005, -4.23931393e-005, -0.999999998, 0, 0, 0, 0, 0, 0, 0, 0.151521851, 0.0559358643, -0.221056665, -0.151102543, 0.805749856, -0.572444238, -0.60534668, 0.382446289, 0.698120117, 0.781427257, 0.452151524, 0.430173304, 0, 0, 0, 0, 0, 0, 0, 0.20990918, 0.0803995605, -0.204141504, -0.0611962382, 0.247948247, -0.966762839, 0.536865234, -0.808227539, -0.241333008, -0.841327897, -0.533769089, -0.0836904333, 1, 1, 
80.7504085, 0.1, 0.1, 0.188966234, 0.102039397, -0.0199611039, 0.986191326, 0.165609986, -1.9585634e-005, 0.165609986, -0.986191326, -3.07011043e-005, -2.43995918e-005, 2.70335862e-005, -0.999999999, 0.986191484, 0.165609045, -2.52520495e-005, 0.165609046, -0.986191484, 2.0352057e-005, -2.15328714e-005, -2.42529932e-005, -0.999999999, 0, 0, 0, 0, 0, 0, 0, 0.151521851, 0.0559358643, -0.221056665, -0.151102543, 0.805749856, -0.572444238, -0.60534668, 0.382446289, 0.698120117, 0.781427257, 0.452151524, 0.430173304, 0, 0, 0, 0, 0, 0, 0, 0.20990918, 0.0803995605, -0.204141504, -0.0611962382, 0.247948247, -0.966762839, 0.536865234, -0.808227539, -0.241333008, -0.841327897, -0.533769089, -0.0836904333, 1, 1, 
80.7512564, 0.1, 0.1, 0.188966267, 0.102039215, -0.0199621872, 0.986190517, 0.165614807, 7.01943255e-006, 0.165614807, -0.986190516, -2.98158897e-005, 1.984545e-006, 3.05666697e-005, -1, 0.986190663, 0.165613933, 2.90190543e-005, 0.165613934, -0.986190662, -5.72300744e-005, 1.91402226e-005, 6.12457248e-005, -0.999999998, 0, 0, 0, 0, 0, 0, 0, 0.151818213, 0.0554664307, -0.220890308, -0.149725005, 0.805355953, -0.573523353, -0.604614258, 0.384277344, 0.697631836, 0.782321404, 0.451225176, 0.429602667, 0, 0, 0, 0, 0, 0, 0, 0.210160498, 0.0798537109, -0.203934619, -0.0606723523, 0.246306228, -0.967190843, 0.536376953, -0.809082031, -0.239746094, -0.841641062, -0.533327959, -0.0831217047, 1, 1, 
80.7520595, 0.1, 0.1, 0.188966284, 0.102039068, -0.0199640779, 0.986189839, 0.165618844, -1.41233714e-005, 0.165618844, -0.986189838, 4.08598153e-005, -7.16117001e-006, -4.26346311e-005, -0.999999999, 0.986189961, 0.165618113, -4.03202317e-005, 0.165618115, -0.98618996, 5.10787036e-005, -3.13038491e-005, -5.70510655e-005, -0.999999998, 0, 0, 0, 0, 0, 0, 0, 0.151818213, 0.0554664307, -0.220890308, -0.149725005, 0.805355953, -0.573523353, -0.604614258, 0.384277344, 0.697631836, 0.782321404, 0.451225176, 0.429602667, 0, 0, 0, 0, 0, 0, 0, 0.210160498, 0.0798537109, -0.203934619, -0.0606723523, 0.246306228, -0.967190843, 0.536376953, -0.809082031, -0.239746094, -0.841641062, -0.533327959, -0.0831217047, 1, 1, 
80.752883, 0.1, 0.1, 0.188966321, 0.102038905, -0.0199661418, 0.986189327, 0.165621889, 3.55157159e-005, 0.165621891, -0.986189326, -5.03254296e-005, 2.66902272e-005, 5.55125816e-005, -0.999999998, 0.986189427, 0.165621288, 5.7354831e-005, 0.165621291, -0.986189427, -4.97783344e-005, 4.83183761e-005, 5.85900482e-005, -0.999999997, 0, 0, 0, 0, 0, 0, 0, 0.151818213, 0.0554664307, -0.220890308, -0.149725005, 0.805355953, -0.573523353, -0.604614258, 0.384277344, 0.697631836, 0.782321404, 0.451225176, 0.429602667, 0, 0, 0, 0, 0, 0, 0, 0.210160498, 0.0798537109, -0.203934619, -0.0606723523, 0.246306228, -0.967190843, 0.536376953, -0.809082031, -0.239746094, -0.841641062, -0.533327959, -0.0831217047, 1, 1, 
80.7537468, 0.1, 0.1, 0.188966343, 0.102038747, -0.0199666676, 0.986188994, 0.165623872, -1.18345205e-005, 0.165623873, -0.986188992, 6.72648679e-005, -5.3040592e-007, -6.82959516e-005, -0.999999998, 0.986189037, 0.165623616, -2.93627476e-005, 0.165623617, -0.986189036, 5.5702897e-005, -1.97315045e-005, -5.97967509e-005, -0.999999998, 0, 0, 0, 0, 0, 0, 0, 0.152094312, 0.0549915039, -0.220721265, -0.148703177, 0.804816395, -0.574564276, -0.604492187, 0.385864258, 0.697021484, 0.782530338, 0.450939858, 0.429273166, 0, 0, 0, 0, 0, 0, 0, 0.210455029, 0.0792878418, -0.203741162, -0.0595542183, 0.244446924, -0.967701969, 0.536376953, -0.809692383, -0.237548828, -0.841769027, -0.533155151, -0.0829299408, 1, 1, 
80.7545346, 0.1, 0.1, 0.188966375, 0.102038605, -0.0199665519, 0.986188874, 0.165624587, 2.4882648e-005, 0.165624588, -0.986188873, -4.2025488e-005, 1.75785365e-005, 4.55662471e-005, -0.999999999, 0.986188883, 0.16562453, 4.23583158e-005, 0.165624531, -0.986188884, -1.36333531e-005, 3.95152825e-005, 2.04606374e-005, -0.999999999, 0, 0, 0, 0, 0, 0, 0, 0.152094312, 0.0549915039, -0.220721265, -0.148703177, 0.804816395, -0.574564276, -0.604492187, 0.385864258, 0.697021484, 0.782530338, 0.450939858, 0.429273166, 0, 0, 0, 0, 0, 0, 0, 0.210455029, 0.0792878418, -0.203741162, -0.0595542183, 0.244446924, -0.967701969, 0.536376953, -0.809692383, -0.237548828, -0.841769027, -0.533155151, -0.0829299408, 1, 1, 
80.7553497, 0.1, 0.1, 0.188966395, 0.102038448, -0.0199660574, 0.98618891, 0.165624372, -1.78642098e-005, 0.165624372, -0.98618891, 2.55150252e-005, -1.33915755e-005, -2.81213834e-005, -1, 0.986188893, 0.165624473, -3.25180383e-005, 0.165624473, -0.986188893, -1.98919165e-005, -3.53635164e-005, 1.42314042e-005, -0.999999999, 0, 0, 0, 0, 0, 0, 0, 0.152094312, 0.0549915039, -0.220721265, -0.148703177, 0.804816395, -0.574564276, -0.604492187, 0.385864258, 0.697021484, 0.782530338, 0.450939858, 0.429273166, 0, 0, 0, 0, 0, 0, 0, 0.210455029, 0.0792878418, -0.203741162, -0.0595542183, 0.244446924, -0.967701969, 0.536376953, -0.809692383, -0.237548828, -0.841769027, -0.533155151, -0.0829299408, 1, 1, 
80.7562146, 0.1, 0.1, 0.188966427, 0.102038303, -0.0199641533, 0.986189063, 0.165623463, 1.41632099e-005, 0.165623463, -0.986189063, 6.43577614e-006, 1.50335182e-005, -4.00113218e-006, -1, 0.986189033, 0.165623641, 2.97116329e-005, 0.16562364, -0.986189033, 4.20860831e-005, 3.62717368e-005, -3.65838848e-005, -0.999999999, 0, 0, 0, 0, 0, 0, 0, 0.152094312, 0.0549915039, -0.220721265, -0.148703177, 0.804816395, -0.574564276, -0.604492187, 0.385864258, 0.697021484, 0.782530338, 0.450939858, 0.429273166, 0, 0, 0, 0, 0, 0, 0, 0.210455029, 0.0792878418, -0.203741162, -0.0595542183, 0.244446924, -0.967701969, 0.536376953, -0.809692383, -0.237548828, -0.841769027, -0.533155151, -0.0829299408, 1, 1, 
80.7570021, 0.1, 0.1, 0.188966446, 0.102038146, -0.0199628269, 0.986189201, 0.165622643, -9.26926878e-006, 0.165622643, -0.986189199, -6.38124257e-005, -1.97100354e-005, 6.13959243e-005, -0.999999998, 0.986189175, 0.165622793, -2.48265648e-005, 0.16562279, -0.986189173, -8.39249615e-005, -3.83835759e-005, 7.86540436e-005, -0.999999996, 0, 0, 0, 0, 0, 0, 0, 0.152094312, 0.0549915039, -0.220721265, -0.148703177, 0.804816395, -0.574564276, -0.604492187, 0.385864258, 0.697021484, 0.782530338, 0.450939858, 0.429273166, 0, 0, 0, 0, 0, 0, 0, 0.210455029, 0.0792878418, -0.203741162, -0.0595542183, 0.244446924, -0.967701969, 0.536376953, -0.809692383, -0.237548828, -0.841769027, -0.533155151, -0.0829299408, 1, 1, 
80.7578101, 0.1, 0.1, 0.188966473, 0.102038009, -0.0199624471, 0.986189248, 0.165622363, -1.37028384e-005, 0.165622364, -0.986189246, 5.19247711e-005, -4.91368859e-006, -5.34771475e-005, -0.999999999, 0.98618925, 0.165622352, 1.04593189e-005, 0.165622351, -0.986189248, 5.82722879e-005, 1.99660613e-005, -5.57352069e-005, -0.999999998, 0, 0, 0, 0, 0, 0, 0, 0.152094312, 0.0549915039, -0.220721265, -0.148703177, 0.804816395, -0.574564276, -0.604492187, 0.385864258, 0.697021484, 0.782530338, 0.450939858, 0.429273166, 0, 0, 0, 0, 0, 0, 0, 0.210455029, 0.0792878418, -0.203741162, -0.0595542183, 0.244446924, -0.967701969, 0.536376953, -0.809692383, -0.237548828, -0.841769027, -0.533155151, -0.0829299408, 1, 1, 
80.7586677, 0.1, 0.1, 0.188966497, 0.102037859, -0.0199620471, 0.98618917, 0.165622828, 1.55672349e-006, 0.165622828, -0.98618917, -2.85084168e-006, 1.06305939e-006, 3.06929814e-006, -1, 0.986189188, 0.165622719, 1.30598894e-005, 0.165622719, -0.986189188, -1.41685889e-005, 1.05328815e-005, 1.61359236e-005, -1, 0, 0, 0, 0, 0, 0, 0, 0.152350024, 0.0545274414, -0.22052439, -0.148106332, 0.804498876, -0.575040555, -0.603881836, 0.386962891, 0.696899414, 0.783177359, 0.450495781, 0.428607049, 0, 0, 0, 0, 0, 0, 0, 0.210686572, 0.0787500488, -0.203532568, -0.0594328167, 0.243111507, -0.968142733, 0.536376953, -0.810058594, -0.236328125, -0.841756267, -0.533295509, -0.0822398107, 1, 1, 
80.7594626, 0.1, 0.1, 0.188966516, 0.102037724, -0.0199628002, 0.986189085, 0.165623334, 2.60278917e-005, 0.165623335, -0.986189085, -1.27011859e-005, 2.35648099e-005, 1.68365971e-005, -1, 0.986189101, 0.16562324, -9.85599205e-006, 0.16562324, -0.986189101, 1.26513474e-005, -7.62451478e-006, -1.41090023e-005, -1, 0, 0, 0, 0, 0, 0, 0, 0.152350024, 0.0545274414, -0.22052439, -0.148106332, 0.804498876, -0.575040555, -0.603881836, 0.386962891, 0.696899414, 0.783177359, 0.450495781, 0.428607049, 0, 0, 0, 0, 0, 0, 0, 0.210686572, 0.0787500488, -0.203532568, -0.0594328167, 0.243111507, -0.968142733, 0.536376953, -0.810058594, -0.236328125, -0.841756267, -0.533295509, -0.0822398107, 1, 1, 
80.76028, 0.1, 0.1, 0.188966543, 0.102037582, -0.019964196, 0.986189012, 0.165623759, -4.487412e-005, 0.165623761, -0.986189013, 2.82672465e-005, -3.95726365e-005, -3.53090685e-005, -0.999999999, 0.986189027, 0.16562368, 3.76001835e-007, 0.16562368, -0.986189027, -1.22326262e-006, 1.68207627e-007, 1.26864298e-006, -1, 0, 0, 0, 0, 0, 0, 0, 0.152350024, 0.0545274414, -0.22052439, -0.148106332, 0.804498876, -0.575040555, -0.603881836, 0.386962891, 0.696899414, 0.783177359, 0.450495781, 0.428607049, 0, 0, 0, 0, 0, 0, 0, 0.210686572, 0.0787500488, -0.203532568, -0.0594328167, 0.243111507, -0.968142733, 0.536376953, -0.810058594, -0.236328125, -0.841756267, -0.533295509, -0.0822398107, 1, 1, 
80.7611237, 0.1, 0.1, 0.188966553, 0.102037449, -0.0199651016, 0.986188957, 0.165624094, -1.1528793e-005, 0.165624094, -0.986188957, 1.07944479e-005, -9.58174765e-006, -1.25548112e-005, -1, 0.986188965, 0.165624043, -4.86679387e-005, 0.165624045, -0.986188965, 3.5072303e-005, -4.21869675e-005, -4.26484991e-005, -0.999999998, 0, 0, 0, 0, 0, 0, 0, 0.152350024, 0.0545274414, -0.22052439, -0.148106332, 0.804498876, -0.575040555, -0.603881836, 0.386962891, 0.696899414, 0.783177359, 0.450495781, 0.428607049, 0, 0, 0, 0, 0, 0, 0, 0.210686572, 0.0787500488, -0.203532568, -0.0594328167, 0.243111507, -0.968142733, 0.536376953, -0.810058594, -0.236328125, -0.841756267, -0.533295509, -0.0822398107, 1, 1, 
80.7619148, 0.1, 0.1, 0.188966591, 0.102037305, -0.0199657628, 0.986188919, 0.165624307, 7.14578909e-005, 0.165624311, -0.986188919, -5.31566175e-005, 6.16669523e-005, 6.42576311e-005, -0.999999996, 0.986188924, 0.165624269, 8.75293962e-005, 0.165624275, -0.986188925, -6.04306951e-005, 7.63117314e-005, 7.40930749e-005, -0.999999994, 0, 0, 0, 0, 0, 0, 0, 0.152350024, 0.0545274414, -0.22052439, -0.148106332, 0.804498876, -0.575040555, -0.603881836, 0.386962891, 0.696899414, 0.783177359, 0.450495781, 0.428607049, 0, 0, 0, 0, 0, 0, 0, 0.210686572, 0.0787500488, -0.203532568, -0.0594328167, 0.243111507, -0.968142733, 0.536376953, -0.810058594, -0.236328125, -0.841756267, -0.533295509, -0.0822398107, 1, 1, 
80.7627542, 0.1, 0.1, 0.188966609, 0.102037174, -0.0199660405, 0.986188947, 0.165624147, -5.12157424e-005, 0.165624151, -0.986188944, 8.56231131e-005, -3.63271438e-005, -9.29231316e-005, -0.999999995, 0.98618893, 0.16562425, -4.95907733e-005, 0.165624253, -0.986188928, 6.81027875e-005, -3.76263984e-005, -7.53756499e-005, -0.999999996, 0, 0, 0, 0, 0, 0, 0, 0.152350024, 0.0545274414, -0.22052439, -0.148106332, 0.804498876, -0.575040555, -0.603881836, 0.386962891, 0.696899414, 0.783177359, 0.450495781, 0.428607049, 0, 0, 0, 0, 0, 0, 0, 0.210686572, 0.0787500488, -0.203532568, -0.0594328167, 0.243111507, -0.968142733, 0.536376953, -0.810058594, -0.236328125, -0.841756267, -0.533295509, -0.0822398107, 1, 1, 
80.7635826, 0.1, 0.1, 0.18896663, 0.102037049, -0.0199651518, 0.986189084, 0.165623341, 4.3781145e-006, 0.165623341, -0.986189083, -3.31983639e-005, -1.18077522e-006, 3.34649821e-005, -0.999999999, 0.986189048, 0.165623556, 1.0136583e-005, 0.165623556, -0.986189048, 1.67976543e-005, 1.27786744e-005, -1.48868058e-005, -1, 0, 0, 0, 0, 0, 0, 0, 0.152381152, 0.0540694824, -0.220324829, -0.147528582, 0.804301925, -0.575478641, -0.603393555, 0.387817383, 0.696777344, 0.783703812, 0.450032607, 0.428182067, 0, 0, 0, 0, 0, 0, 0, 0.211143066, 0.0784237793, -0.203540625, -0.0593241749, 0.241680207, -0.968449335, 0.536743164, -0.810180664, -0.235107422, -0.841622106, -0.53369143, -0.0816583224, 1, 1, 
80.7643692, 0.1, 0.1, 0.188966654, 0.102036904, -0.0199646287, 0.986189215, 0.165622559, -1.60554713e-006, 0.165622558, -0.986189213, -5.83128045e-005, -1.12412892e-005, 5.72415441e-005, -0.999999998, 0.986189187, 0.165622727, 3.64208628e-006, 0.165622727, -0.986189184, -8.13391587e-005, -9.87982716e-006, 8.0819011e-005, -0.999999997, 0, 0, 0, 0, 0, 0, 0, 0.152381152, 0.0540694824, -0.220324829, -0.147528582, 0.804301925, -0.575478641, -0.603393555, 0.387817383, 0.696777344, 0.783703812, 0.450032607, 0.428182067, 0, 0, 0, 0, 0, 0, 0, 0.211143066, 0.0784237793, -0.203540625, -0.0593241749, 0.241680207, -0.968449335, 0.536743164, -0.810180664, -0.235107422, -0.841622106, -0.53369143, -0.0816583224, 1, 1, 
80.7652053, 0.1, 0.1, 0.188966674, 0.102036782, -0.0199642874, 0.986189357, 0.165621714, -2.44053805e-005, 0.165621716, -0.986189354, 7.78454499e-005, -1.11754296e-005, -8.08124152e-005, -0.999999997, 0.986189332, 0.165621866, -7.72794496e-006, 0.165621866, -0.986189328, 7.81431322e-005, 5.32099448e-006, -7.834384e-005, -0.999999997, 0, 0, 0, 0, 0, 0, 0, 0.152381152, 0.0540694824, -0.220324829, -0.147528582, 0.804301925, -0.575478641, -0.603393555, 0.387817383, 0.696777344, 0.783703812, 0.450032607, 0.428182067, 0, 0, 0, 0, 0, 0, 0, 0.211143066, 0.0784237793, -0.203540625, -0.0593241749, 0.241680207, -0.968449335, 0.536743164, -0.810180664, -0.235107422, -0.841622106, -0.53369143, -0.0816583224, 1, 1, 
80.7660285, 0.1, 0.1, 0.188966698, 0.102036654, -0.0199636917, 0.986189436, 0.165621242, 3.39694601e-005, 0.165621243, -0.986189436, -2.97947186e-005, 2.85656844e-005, 3.50093009e-005, -0.999999999, 0.986189419, 0.165621339, 3.69967203e-005, 0.16562134, -0.98618942, -1.90224211e-005, 3.33352553e-005, 2.48871568e-005, -0.999999999, 0, 0, 0, 0, 0, 0, 0, 0.152381152, 0.0540694824, -0.220324829, -0.147528582, 0.804301925, -0.575478641, -0.603393555, 0.387817383, 0.696777344, 0.783703812, 0.450032607, 0.428182067, 0, 0, 0, 0, 0, 0, 0, 0.21108667, 0.0778925781, -0.203530127, -0.0601867459, 0.240478951, -0.968711095, 0.536743164, -0.810424805, -0.23449707, -0.841590023, -0.53394043, -0.0803356646, 1, 1, 
80.7668387, 0.1, 0.1, 0.188966715, 0.102036529, -0.0199634598, 0.986189568, 0.165620454, -2.61139619e-005, 0.165620455, -0.986189568, 3.13096449e-005, -2.05677992e-005, -3.52022515e-005, -0.999999999, 0.986189536, 0.165620645, -3.88175026e-005, 0.165620646, -0.986189536, 2.75741504e-005, -3.37145663e-005, -3.36223185e-005, -0.999999999, 0, 0, 0, 0, 0, 0, 0, 0.152381152, 0.0540694824, -0.220324829, -0.147528582, 0.804301925, -0.575478641, -0.603393555, 0.387817383, 0.696777344, 0.783703812, 0.450032607, 0.428182067, 0, 0, 0, 0, 0, 0, 0, 0.21108667, 0.0778925781, -0.203530127, -0.0601867459, 0.240478951, -0.968711095, 0.536743164, -0.810424805, -0.23449707, -0.841590023, -0.53394043, -0.0803356646, 1, 1, 
80.7676407, 0.1, 0.1, 0.188966737, 0.102036405, -0.0199637417, 0.986189773, 0.165619235, -3.42268051e-006, 0.165619235, -0.986189773, 3.84637791e-006, -2.73837835e-006, -4.36012029e-006, -1, 0.98618973, 0.165619495, 4.56014819e-007, 0.165619495, -0.98618973, -1.02881425e-005, -1.25419983e-006, 1.02215854e-005, -1, 0, 0, 0, 0, 0, 0, 0, 0.152381152, 0.0540694824, -0.220324829, -0.147528582, 0.804301925, -0.575478641, -0.603393555, 0.387817383, 0.696777344, 0.783703812, 0.450032607, 0.428182067, 0, 0, 0, 0, 0, 0, 0, 0.21108667, 0.0778925781, -0.203530127, -0.0601867459, 0.240478951, -0.968711095, 0.536743164, -0.810424805, -0.23449707, -0.841590023, -0.53394043, -0.0803356646, 1, 1, 
80.768451, 0.1, 0.1, 0.188966757, 0.102036282, -0.0199643225, 0.986190016, 0.165617787, 1.93082136e-007, 0.165617787, -0.986190016, 1.16482428e-005, 2.11957188e-006, -1.1455403e-005, -1, 0.986189965, 0.165618095, -1.09999477e-005, 0.165618095, -0.986189965, 8.75167625e-006, -9.39860212e-006, -1.04526057e-005, -1, 0, 0, 0, 0, 0, 0, 0, 0.152624658, 0.0538408691, -0.220338989, -0.147172871, 0.804225541, -0.575713784, -0.602539062, 0.388671875, 0.697021484, 0.784389024, 0.449550337, 0.427477759, 0, 0, 0, 0, 0, 0, 0, 0.21108667, 0.0778925781, -0.203530127, -0.0601867459, 0.240478951, -0.968711095, 0.536743164, -0.810424805, -0.23449707, -0.841590023, -0.53394043, -0.0803356646, 1, 1, 
80.7692334, 0.1, 0.1, 0.188966777, 0.102036163, -0.019965159, 0.98619025, 0.165616393, 1.95156135e-005, 0.165616393, -0.986190251, 8.9301185e-006, 2.07250818e-005, -5.5746903e-006, -1, 0.986190209, 0.165616639, -7.7778532e-007, 0.165616639, -0.986190209, -8.46074755e-006, -2.16828484e-006, 8.21509221e-006, -1, 0, 0, 0, 0, 0, 0, 0, 0.152624658, 0.0538408691, -0.220338989, -0.147172871, 0.804225541, -0.575713784, -0.602539062, 0.388671875, 0.697021484, 0.784389024, 0.449550337, 0.427477759, 0, 0, 0, 0, 0, 0, 0, 0.21108667, 0.0778925781, -0.203530127, -0.0601867459, 0.240478951, -0.968711095, 0.536743164, -0.810424805, -0.23449707, -0.841590023, -0.53394043, -0.0803356646, 1, 1, 
80.7700471, 0.1, 0.1, 0.188966798, 0.102036043, -0.0199658387, 0.986190471, 0.165615077, -3.06455365e-005, 0.165615077, -0.986190472, 8.03297953e-006, -2.88919535e-005, -1.29974108e-005, -0.999999999, 0.986190431, 0.165615321, -1.70266771e-005, 0.165615321, -0.986190431, 8.60677123e-006, -1.53661328e-005, -1.1307794e-005, -1, 0, 0, 0, 0, 0, 0, 0, 0.152624658, 0.0538408691, -0.220338989, -0.147172871, 0.804225541, -0.575713784, -0.602539062, 0.388671875, 0.697021484, 0.784389024, 0.449550337, 0.427477759, 0, 0, 0, 0, 0, 0, 0, 0.21108667, 0.0778925781, -0.203530127, -0.0601867459, 0.240478951, -0.968711095, 0.536743164, -0.810424805, -0.23449707, -0.841590023, -0.53394043, -0.0803356646, 1, 1, 
80.7709016, 0.1, 0.1, 0.18896682, 0.102035913, -0.0199658341, 0.98619063, 0.165614133, 2.01016524e-005, 0.165614133, -0.98619063, -5.73821776e-007, 1.97290282e-005, 3.89501538e-006, -1, 0.986190608, 0.165614263, 2.54939721e-005, 0.165614264, -0.986190608, -1.83972563e-005, 2.20950678e-005, 2.23653668e-005, -1, 0, 0, 0, 0, 0, 0, 0, 0.152640161, 0.0536170166, -0.220123804, -0.146918632, 0.804250628, -0.57582836, -0.6015625, 0.389404297, 0.697387695, 0.7852139, 0.448928404, 0.426754354, 0, 0, 0, 0, 0, 0, 0, 0.21108667, 0.0778925781, -0.203530127, -0.0606851122, 0.239156293, -0.968960095, 0.536743164, -0.810668945, -0.233764648, -0.841519661, -0.53420219, -0.0791344084, 1, 1, 
80.7716944, 0.1, 0.1, 0.188966834, 0.102035803, -0.0199652637, 0.986190671, 0.165613889, -2.00048955e-005, 0.165613889, -0.986190671, -2.52265032e-007, -1.97704199e-005, -3.06430712e-006, -1, 0.986190668, 0.165613905, -3.67105554e-005, 0.165613906, -0.986190668, 2.08918038e-005, -3.27436339e-005, -2.66830805e-005, -0.999999999, 0, 0, 0, 0, 0, 0, 0, 0.152640161, 0.0536170166, -0.220123804, -0.146918632, 0.804250628, -0.57582836, -0.6015625, 0.389404297, 0.697387695, 0.7852139, 0.448928404, 0.426754354, 0, 0, 0, 0, 0, 0, 0, 0.211278418, 0.0775763184, -0.203521338, -0.0606851122, 0.239156293, -0.968960095, 0.536743164, -0.810668945, -0.233764648, -0.841519661, -0.53420219, -0.0791344084, 1, 1, 
80.7724867, 0.1, 0.1, 0.188966856, 0.102035679, -0.0199648, 0.986190685, 0.165613806, -1.28346279e-005, 0.165613806, -0.986190685, -3.24891078e-005, -1.80380353e-005, 2.99148639e-005, -0.999999999, 0.986190681, 0.165613829, 1.46365015e-005, 0.165613829, -0.98619068, -4.96203299e-005, 6.21656858e-006, 5.1359114e-005, -0.999999999, 0, 0, 0, 0, 0, 0, 0, 0.152640161, 0.0536170166, -0.220123804, -0.146918632, 0.804250628, -0.57582836, -0.6015625, 0.389404297, 0.697387695, 0.7852139, 0.448928404, 0.426754354, 0, 0, 0, 0, 0, 0, 0, 0.211278418, 0.0775763184, -0.203521338, -0.0606851122, 0.239156293, -0.968960095, 0.536743164, -0.810668945, -0.233764648, -0.841519661, -0.53420219, -0.0791344084, 1, 1, 
80.7732687, 0.1, 0.1, 0.188966873, 0.102035571, -0.0199646535, 0.986190782, 0.165613225, 2.9942976e-005, 0.165613225, -0.986190783, 6.41329442e-006, 3.05916133e-005, -1.36577901e-006, -1, 0.986190755, 0.16561339, 1.35184449e-005, 0.16561339, -0.986190755, 2.33339321e-005, 1.71961769e-005, -2.07728727e-005, -1, 0, 0, 0, 0, 0, 0, 0, 0.152640161, 0.0536170166, -0.220123804, -0.146918632, 0.804250628, -0.57582836, -0.6015625, 0.389404297, 0.697387695, 0.7852139, 0.448928404, 0.426754354, 0, 0, 0, 0, 0, 0, 0, 0.211278418, 0.0775763184, -0.203521338, -0.0606851122, 0.239156293, -0.968960095, 0.536743164, -0.810668945, -0.233764648, -0.841519661, -0.53420219, -0.0791344084, 1, 1, 
80.7740988, 0.1, 0.1, 0.188966894, 0.102035444, -0.0199643565, 0.986190999, 0.165611938, -1.22535943e-005, 0.165611938, -0.986190999, -1.95439523e-005, -1.53210963e-005, 1.72447283e-005, -1, 0.986190951, 0.165612224, -1.05149147e-005, 0.165612223, -0.98619095, -4.40363072e-005, -1.76626645e-005, 4.16868093e-005, -0.999999999, 0, 0, 0, 0, 0, 0, 0, 0.152640161, 0.0536170166, -0.220123804, -0.146918632, 0.804250628, -0.57582836, -0.6015625, 0.389404297, 0.697387695, 0.7852139, 0.448928404, 0.426754354, 0, 0, 0, 0, 0, 0, 0, 0.211278418, 0.0775763184, -0.203521338, -0.0606851122, 0.239156293, -0.968960095, 0.536743164, -0.810668945, -0.233764648, -0.841519661, -0.53420219, -0.0791344084, 1, 1, 
80.7748889, 0.1, 0.1, 0.188966917, 0.102035343, -0.0199643862, 0.986191283, 0.165610246, 2.30297046e-005, 0.165610246, -0.986191283, 2.80240391e-005, 2.7352762e-005, -2.3823108e-005, -0.999999999, 0.986191226, 0.16561058, 3.18651561e-005, 0.165610578, -0.986191226, 4.91654477e-005, 3.95674557e-005, -4.32093262e-005, -0.999999998, 0, 0, 0, 0, 0, 0, 0, 0.152640161, 0.0536170166, -0.220123804, -0.146918632, 0.804250628, -0.57582836, -0.6015625, 0.389404297, 0.697387695, 0.7852139, 0.448928404, 0.426754354, 0, 0, 0, 0, 0, 0, 0, 0.211278418, 0.0775763184, -0.203521338, -0.0606851122, 0.239156293, -0.968960095, 0.536743164, -0.810668945, -0.233764648, -0.841519661, -0.53420219, -0.0791344084, 1, 1, 
80.7757177, 0.1, 0.1, 0.188966927, 0.102035224, -0.0199645925, 0.986191623, 0.165608208, -5.57709421e-005, 0.165608208, -0.986191625, -1.06616121e-005, -5.67664865e-005, 1.27826678e-006, -0.999999998, 0.986191555, 0.165608613, -5.98687911e-005, 0.165608611, -0.986191557, -3.06746698e-005, -6.41220858e-005, 2.0336313e-005, -0.999999998, 0, 0, 0, 0, 0, 0, 0, 0.152891113, 0.0531672363, -0.220130518, -0.146423257, 0.804237524, -0.57592384, -0.600708008, 0.390258789, 0.697753906, 0.786000584, 0.448065336, 0.426151517, 0, 0, 0, 0, 0, 0, 0, 0.211278418, 0.0775763184, -0.203521338, -0.0606851122, 0.239156293, -0.968960095, 0.536743164, -0.810668945, -0.233764648, -0.841519661, -0.53420219, -0.0791344084, 1, 1, 
80.7765263, 0.1, 0.1, 0.188966951, 0.102035123, -0.0199646332, 0.986192038, 0.165605728, 8.04525359e-005, 0.165605726, -0.986192041, 2.91273109e-005, 8.41653001e-005, -1.54017215e-005, -0.999999996, 0.986191942, 0.165606312, 6.22393545e-005, 0.165606309, -0.986191943, 5.04535519e-005, 6.97353765e-005, -3.94496565e-005, -0.999999997, 0, 0, 0, 0, 0, 0, 0, 0.152891113, 0.0531672363, -0.220130518, -0.146423257, 0.804237524, -0.57592384, -0.600708008, 0.390258789, 0.697753906, 0.786000584, 0.448065336, 0.426151517, 0, 0, 0, 0, 0, 0, 0, 0.211245215, 0.0772800781, -0.203524268, -0.0611707186, 0.238050919, -0.969304977, 0.536499023, -0.810913086, -0.233032227, -0.8415707, -0.534195627, -0.0781887153, 1, 1, 
80.7773038, 0.1, 0.1, 0.188966976, 0.102035013, -0.0199650113, 0.986192545, 0.165602725, -4.28684643e-005, 0.165602724, -0.986192546, -2.58140483e-005, -4.65514367e-005, 1.83584875e-005, -0.999999999, 0.98619244, 0.165603355, 8.09892781e-006, 0.165603355, -0.986192439, -3.71224256e-005, 1.83950317e-006, 3.79510651e-005, -0.999999999, 0, 0, 0, 0, 0, 0, 0, 0.152891113, 0.0531672363, -0.220130518, -0.146423257, 0.804237524, -0.57592384, -0.600708008, 0.390258789, 0.697753906, 0.786000584, 0.448065336, 0.426151517, 0, 0, 0, 0, 0, 0, 0, 0.211245215, 0.0772800781, -0.203524268, -0.0611707186, 0.238050919, -0.969304977, 0.536499023, -0.810913086, -0.233032227, -0.8415707, -0.534195627, -0.0781887153, 1, 1, 
80.7780908, 0.1, 0.1, 0.188966973, 0.10203491, -0.0199656663, 0.986193108, 0.165599364, -6.96968838e-005, 0.165599364, -0.98619311, 2.01464562e-006, -6.84009626e-005, -1.35285893e-005, -0.999999998, 0.986192998, 0.165600003, -9.65859429e-005, 0.165600005, -0.986193002, 1.5061924e-005, -9.27581264e-005, -3.08485966e-005, -0.999999995, 0, 0, 0, 0, 0, 0, 0, 0.152891113, 0.0531672363, -0.220130518, -0.146423257, 0.804237524, -0.57592384, -0.600708008, 0.390258789, 0.697753906, 0.786000584, 0.448065336, 0.426151517, 0, 0, 0, 0, 0, 0, 0, 0.211245215, 0.0772800781, -0.203524268, -0.0611707186, 0.238050919, -0.969304977, 0.536499023, -0.810913086, -0.233032227, -0.8415707, -0.534195627, -0.0781887153, 1, 1, 
80.7789128, 0.1, 0.1, 0.188967001, 0.102034798, -0.0199659113, 0.986193559, 0.165596669, 8.33194104e-005, 0.16559667, -0.986193563, 6.73513809e-006, 8.32843826e-005, 7.15526706e-006, -0.999999997, 0.986193491, 0.165597076, 8.26975756e-005, 0.165597078, -0.986193494, -1.40593348e-005, 7.92276263e-005, 2.75597013e-005, -0.999999996, 0, 0, 0, 0, 0, 0, 0, 0.152920898, 0.052938623, -0.219917407, -0.145864604, 0.80416114, -0.576101696, -0.600219727, 0.390991211, 0.697753906, 0.78640647, 0.447583066, 0.425808911, 0, 0, 0, 0, 0, 0, 0, 0.211238623, 0.076747168, -0.203299072, -0.06130488, 0.236862423, -0.969502937, 0.536743164, -0.811157227, -0.232055664, -0.841462058, -0.534566028, -0.0774730655, 1, 1, 
80.779706, 0.1, 0.1, 0.188967019, 0.102034703, -0.0199660313, 0.986193789, 0.16559531, -6.28711246e-005, 0.165595311, -0.986193791, 8.90940058e-006, -6.05277577e-005, -1.91975589e-005, -0.999999998, 0.986193764, 0.165595467, -3.62834464e-005, 0.165595468, -0.986193764, 3.36336252e-005, -3.02129327e-005, -3.91776457e-005, -0.999999999, 0, 0, 0, 0, 0, 0, 0, 0.152920898, 0.052938623, -0.219917407, -0.145864604, 0.80416114, -0.576101696, -0.600219727, 0.390991211, 0.697753906, 0.78640647, 0.447583066, 0.425808911, 0, 0, 0, 0, 0, 0, 0, 0.211238623, 0.076747168, -0.203299072, -0.06130488, 0.236862423, -0.969502937, 0.536743164, -0.811157227, -0.232055664, -0.841462058, -0.534566028, -0.0774730655, 1, 1, 
80.7805214, 0.1, 0.1, 0.188967026, 0.102034591, -0.0199659367, 0.986193844, 0.165594992, 7.57006068e-007, 0.165594992, -0.986193844, -8.46282701e-006, -6.54847044e-007, 8.47134432e-006, -1, 0.98619384, 0.165595015, -3.76046779e-005, 0.165595014, -0.98619384, -3.61128798e-005, -4.30656145e-005, 2.93871524e-005, -0.999999999, 0, 0, 0, 0, 0, 0, 0, 0.152920898, 0.052938623, -0.219917407, -0.145864604, 0.80416114, -0.576101696, -0.600219727, 0.390991211, 0.697753906, 0.78640647, 0.447583066, 0.425808911, 0, 0, 0, 0, 0, 0, 0, 0.211238623, 0.076747168, -0.203299072, -0.06130488, 0.236862423, -0.969502937, 0.536743164, -0.811157227, -0.232055664, -0.841462058, -0.534566028, -0.0774730655, 1, 1, 
80.7813023, 0.1, 0.1, 0.188967059, 0.102034501, -0.0199654969, 0.98619386, 0.16559488, 7.95150184e-005, 0.165594878, -0.986193863, 3.08693667e-005, 8.35290322e-005, -1.72759002e-005, -0.999999996, 0.986193853, 0.165594918, 8.90817656e-005, 0.165594914, -0.986193856, 5.11104943e-005, 9.6315528e-005, -3.5653368e-005, -0.999999995, 0, 0, 0, 0, 0, 0, 0, 0.152920898, 0.052938623, -0.219917407, -0.145864604, 0.80416114, -0.576101696, -0.600219727, 0.390991211, 0.697753906, 0.78640647, 0.447583066, 0.425808911, 0, 0, 0, 0, 0, 0, 0, 0.211238623, 0.076747168, -0.203299072, -0.06130488, 0.236862423, -0.969502937, 0.536743164, -0.811157227, -0.232055664, -0.841462058, -0.534566028, -0.0774730655, 1, 1, 
80.7820977, 0.1, 0.1, 0.188967072, 0.102034396, -0.0199651095, 0.986193978, 0.165594175, -8.19363866e-005, 0.165594174, -0.986193982, -1.50432758e-005, -8.32962502e-005, 1.26739971e-006, -0.999999997, 0.986193941, 0.165594404, -6.01685018e-005, 0.165594403, -0.986193943, -3.29793597e-005, -6.47990095e-005, 2.25604776e-005, -0.999999998, 0, 0, 0, 0, 0, 0, 0, 0.152920898, 0.052938623, -0.219917407, -0.145864604, 0.80416114, -0.576101696, -0.600219727, 0.390991211, 0.697753906, 0.78640647, 0.447583066, 0.425808911, 0, 0, 0, 0, 0, 0, 0, 0.211238623, 0.076747168, -0.203299072, -0.06130488, 0.236862423, -0.969502937, 0.536743164, -0.811157227, -0.232055664, -0.841462058, -0.534566028, -0.0774730655, 1, 1, 
80.7828875, 0.1, 0.1, 0.188967077, 0.102034306, -0.0199649821, 0.986194248, 0.165592588, 2.09265646e-005, 0.165592587, -0.986194248, 3.12650431e-005, 2.58149171e-005, -2.73681217e-005, -0.999999999, 0.986194188, 0.165592945, -2.69237052e-005, 0.165592946, -0.986194187, 4.48295369e-005, -1.91285465e-005, -4.86690044e-005, -0.999999999, 0, 0, 0, 0, 0, 0, 0, 0.152920898, 0.052938623, -0.219917407, -0.145864604, 0.80416114, -0.576101696, -0.600219727, 0.390991211, 0.697753906, 0.78640647, 0.447583066, 0.425808911, 0, 0, 0, 0, 0, 0, 0, 0.211238623, 0.076747168, -0.203299072, -0.06130488, 0.236862423, -0.969502937, 0.536743164, -0.811157227, -0.232055664, -0.841462058, -0.534566028, -0.0774730655, 1, 1, 
