time, realDorsalTactorPos, realVentralTactorPos, boxPosX, boxPosY, boxPosZ, boxLocalRot_11, boxLocalRot_12, boxLocalRot_13, boxLocalRot_21, boxLocalRot_22, boxLocalRot_23, boxLocalRot_31, boxLocalRot_32, boxLocalRot_33, boxGlobalRot_11, boxGlobalRot_12, boxGlobalRot_13, boxGlobalRot_21, boxGlobalRot_22, boxGlobalRot_23, boxGlobalRot_31, boxGlobalRot_32, boxGlobalRot_33, indexForceX, indexForceY, indexForceZ, indexForceGlobalX, indexForceGlobalY, indexForceGlobalZ, indexContact, indexPosX, indexPosY, indexPosZ, indexRot_11, indexRot_12, indexRot_13, indexRot_21, indexRot_22, indexRot_23, indexRot_31, indexRot_32, indexRot_33, thumbForceX, thumbForceY, thumbForceZ, thumbForceGlobalX, thumbForceGlobalY, thumbForceGlobalZ, thumbContact, thumbPosX, thumbPosY, thumbPosZ, thumbRot_11, thumbRot_12, thumbRot_13, thumbRot_21, thumbRot_22, thumbRot_23, thumbRot_31, thumbRot_32, thumbRot_33, mapping, trialSuccess, 
401.864722, 0.1, 0.1, -0.0322904145, 0.27682338, -0.0199630992, 0.885839367, -0.463992042, -2.14856248e-005, 0.463992042, 0.885839367, -1.16949438e-005, 2.44591732e-005, 3.90682641e-007, 1, 0.885839373, -0.463992031, -2.8480391e-005, 0.463992031, 0.885839373, -2.00495821e-006, 2.61593364e-005, -1.14386036e-005, 1, 0, 0, 0, 0, 0, 0, 0, 0.198515918, -0.0306221924, -0.117266284, -0.31349223, 0.707075452, -0.633818947, -0.571777344, 0.392333984, 0.720581055, 0.758081259, 0.588405742, 0.281449243, 0, 0, 0, 0, 0, 0, 0, 0.239507227, -0.00694023438, -0.0994336914, -0.250155215, 0.085427376, -0.96432847, 0.774902344, -0.579467773, -0.252319336, -0.580352965, -0.810451552, 0.0788312918, 5, 1, 
401.876195, 0.1, 0.1, -0.0322904457, 0.276823313, -0.019958418, 0.885817068, -0.464034614, 5.47801296e-006, 0.464034611, 0.885817062, -0.000109870346, 4.6131126e-005, 9.98670149e-005, 0.999999994, 0.88581761, -0.464033577, -1.67200065e-005, 0.464033575, 0.885817609, -6.8468193e-005, 4.65824167e-005, 5.28916867e-005, 0.999999998, 0, 0, 0, 0, 0, 0, 0, 0.199803589, -0.0319814453, -0.116542383, -0.318382693, 0.701761868, -0.637270097, -0.580078125, 0.387451172, 0.716552734, 0.749833621, 0.597775174, 0.28384973, 0, 0, 0, 0, 0, 0, 0, 0.240087354, -0.00851201172, -0.0984257324, -0.252787038, 0.0792931304, -0.964270134, 0.777099609, -0.576904297, -0.251098633, -0.576333586, -0.812814685, 0.0841153596, 5, 1, 
401.876984, 0.1, 0.1, -0.032290462, 0.276823335, -0.0199676891, 0.885814244, -0.464039994, 9.40993861e-005, 0.464039999, 0.885814245, -4.81118279e-005, -6.10287644e-005, 8.62840216e-005, 0.999999994, 0.885814819, -0.464038896, 9.93094138e-005, 0.464038904, 0.885814817, -8.13448706e-005, -5.02225662e-005, 0.000118139923, 0.999999992, 0, 0, 0, 0, 0, 0, 0, 0.199803589, -0.0319814453, -0.116542383, -0.318382693, 0.701761868, -0.637270097, -0.580078125, 0.387451172, 0.716552734, 0.749833621, 0.597775174, 0.28384973, 0, 0, 0, 0, 0, 0, 0, 0.240087354, -0.00851201172, -0.0984257324, -0.252787038, 0.0792931304, -0.964270134, 0.777099609, -0.576904297, -0.251098633, -0.576333586, -0.812814685, 0.0841153596, 5, 1, 
401.877803, 0.1, 0.1, -0.0322904608, 0.276823323, -0.0199754467, 0.885811136, -0.464045933, -6.70876007e-005, 0.464045937, 0.885811133, 7.28894022e-005, 2.56029129e-005, -9.56979727e-005, 0.999999995, 0.885811794, -0.464044678, -3.9703791e-005, 0.46404468, 0.885811792, 6.75967981e-005, 3.80215182e-006, -7.8302374e-005, 0.999999997, 0, 0, 0, 0, 0, 0, 0, 0.199927344, -0.0322347168, -0.116753418, -0.32023651, 0.701064672, -0.637028962, -0.580932617, 0.385742187, 0.716674805, 0.748273358, 0.599615886, 0.283811538, 0, 0, 0, 0, 0, 0, 0, 0.240087354, -0.00851201172, -0.0984257324, -0.254371455, 0.0789799649, -0.963765205, 0.77734375, -0.576171875, -0.252319336, -0.575272688, -0.813338571, 0.0851503715, 5, 1, 
401.878592, 0.1, 0.1, -0.0322904464, 0.27682331, -0.0199789787, 0.885808277, -0.464051394, -2.02258486e-005, 0.464051395, 0.885808277, 1.93730706e-005, 8.9261237e-006, -2.65466596e-005, 1, 0.885808825, -0.464050346, -5.00636573e-005, 0.464050348, 0.885808824, 3.86549295e-005, 2.6408996e-005, -5.74729352e-005, 0.999999998, 0, 0, 0, 0, 0, 0, 0, 0.199927344, -0.0322347168, -0.116753418, -0.32023651, 0.701064672, -0.637028962, -0.580932617, 0.385742187, 0.716674805, 0.748273358, 0.599615886, 0.283811538, 0, 0, 0, 0, 0, 0, 0, 0.240228076, -0.00854375, -0.0985937988, -0.254371455, 0.0789799649, -0.963765205, 0.77734375, -0.576171875, -0.252319336, -0.575272688, -0.813338571, 0.0851503715, 5, 1, 
401.87938, 0.1, 0.1, -0.0322904571, 0.276823315, -0.0199778772, 0.885805743, -0.464056227, 6.0562234e-005, 0.46405623, 0.885805742, -4.61423465e-005, -3.22337314e-005, 6.89774375e-005, 0.999999997, 0.885806213, -0.46405533, 6.71173582e-005, 0.464055333, 0.885806212, -4.31463281e-005, -3.94306893e-005, 6.93654535e-005, 0.999999997, 0, 0, 0, 0, 0, 0, 0, 0.199927344, -0.0322347168, -0.116753418, -0.32023651, 0.701064672, -0.637028962, -0.580932617, 0.385742187, 0.716674805, 0.748273358, 0.599615886, 0.283811538, 0, 0, 0, 0, 0, 0, 0, 0.240228076, -0.00854375, -0.0985937988, -0.254371455, 0.0789799649, -0.963765205, 0.77734375, -0.576171875, -0.252319336, -0.575272688, -0.813338571, 0.0851503715, 5, 1, 
401.880189, 0.1, 0.1, -0.0322904552, 0.276823316, -0.0199725699, 0.885803655, -0.464060215, -3.47172153e-005, 0.464060216, 0.885803654, 3.96429741e-005, 1.2355909e-005, -5.12267698e-005, 0.999999999, 0.885804007, -0.464059543, -3.02334973e-005, 0.464059544, 0.885804007, 1.52882659e-005, 1.96862874e-005, -2.75725501e-005, 0.999999999, 0, 0, 0, 0, 0, 0, 0, 0.199927344, -0.0322347168, -0.116753418, -0.32023651, 0.701064672, -0.637028962, -0.580932617, 0.385742187, 0.716674805, 0.748273358, 0.599615886, 0.283811538, 0, 0, 0, 0, 0, 0, 0, 0.240228076, -0.00854375, -0.0985937988, -0.254371455, 0.0789799649, -0.963765205, 0.77734375, -0.576171875, -0.252319336, -0.575272688, -0.813338571, 0.0851503715, 5, 1, 
401.880981, 0.1, 0.1, -0.0322904502, 0.276823307, -0.0199653471, 0.885802114, -0.464063159, -6.58295796e-006, 0.464063159, 0.885802113, -1.95840663e-005, 1.49194418e-005, 1.42926991e-005, 1, 0.885802416, -0.464062582, -2.0613296e-005, 0.464062582, 0.885802416, 1.46754746e-005, 1.14489688e-005, -2.25654302e-005, 1, 0, 0, 0, 0, 0, 0, 0, 0.199927344, -0.0322347168, -0.116753418, -0.32023651, 0.701064672, -0.637028962, -0.580932617, 0.385742187, 0.716674805, 0.748273358, 0.599615886, 0.283811538, 0, 0, 0, 0, 0, 0, 0, 0.240228076, -0.00854375, -0.0985937988, -0.254371455, 0.0789799649, -0.963765205, 0.77734375, -0.576171875, -0.252319336, -0.575272688, -0.813338571, 0.0851503715, 5, 1, 
401.881778, 0.1, 0.1, -0.0322904537, 0.27682331, -0.0199586071, 0.885800516, -0.464066209, -1.27341193e-005, 0.464066209, 0.885800516, 1.50553619e-005, 4.2932047e-006, -1.92455218e-005, 1, 0.885800831, -0.464065607, 2.29104316e-005, 0.464065607, 0.885800831, -6.31323662e-006, -1.73643234e-005, 1.62242136e-005, 1, 0, 0, 0, 0, 0, 0, 0, 0.199927344, -0.0322347168, -0.116753418, -0.32023651, 0.701064672, -0.637028962, -0.580932617, 0.385742187, 0.716674805, 0.748273358, 0.599615886, 0.283811538, 0, 0, 0, 0, 0, 0, 0, 0.240228076, -0.00854375, -0.0985937988, -0.254371455, 0.0789799649, -0.963765205, 0.77734375, -0.576171875, -0.252319336, -0.575272688, -0.813338571, 0.0851503715, 5, 1, 
401.882608, 0.1, 0.1, -0.0322904536, 0.276823304, -0.0199543064, 0.885799113, -0.464068886, 2.62791877e-005, 0.464068886, 0.885799113, -9.77725399e-006, -1.87407618e-005, 2.08560363e-005, 1, 0.88579936, -0.464068414, 2.93436543e-005, 0.464068414, 0.885799361, 7.67025136e-006, -2.95521116e-005, 6.82315935e-006, 1, 0, 0, 0, 0, 0, 0, 0, 0.200068066, -0.0325097168, -0.116775146, -0.32174772, 0.699923399, -0.637473039, -0.582397461, 0.384521484, 0.716186523, 0.746535239, 0.601774117, 0.284129057, 0, 0, 0, 0, 0, 0, 0, 0.240228076, -0.00854375, -0.0985937988, -0.256224195, 0.078692319, -0.963381677, 0.777709961, -0.575073242, -0.253662109, -0.573994506, -0.81410526, 0.0861726236, 5, 1, 
401.883397, 0.1, 0.1, -0.0322904535, 0.276823303, -0.0199538677, 0.8857982, -0.464070628, 2.2433937e-005, 0.464070628, 0.885798201, 9.89768338e-006, -2.44651651e-005, 1.64358109e-006, 1, 0.885798367, -0.46407031, 1.79643211e-005, 0.46407031, 0.885798367, 3.76070695e-006, -1.76579987e-005, 5.00547998e-006, 1, 0, 0, 0, 0, 0, 0, 0, 0.200068066, -0.0325097168, -0.116775146, -0.32174772, 0.699923399, -0.637473039, -0.582397461, 0.384521484, 0.716186523, 0.746535239, 0.601774117, 0.284129057, 0, 0, 0, 0, 0, 0, 0, 0.240355615, -0.00880214844, -0.0985469238, -0.256224195, 0.078692319, -0.963381677, 0.777709961, -0.575073242, -0.253662109, -0.573994506, -0.81410526, 0.0861726236, 5, 1, 
401.884222, 0.1, 0.1, -0.0322904521, 0.276823303, -0.0199571646, 0.885797228, -0.464072484, 2.63791305e-005, 0.464072485, 0.885797227, -2.87249392e-005, -1.00361067e-005, 3.76863002e-005, 0.999999999, 0.885797436, -0.464072088, 1.23392021e-006, 0.464072088, 0.885797435, -2.87585692e-005, 1.22530459e-005, 2.60468948e-005, 1, 0, 0, 0, 0, 0, 0, 0, 0.200068066, -0.0325097168, -0.116775146, -0.32174772, 0.699923399, -0.637473039, -0.582397461, 0.384521484, 0.716186523, 0.746535239, 0.601774117, 0.284129057, 0, 0, 0, 0, 0, 0, 0, 0.240355615, -0.00880214844, -0.0985469238, -0.256224195, 0.078692319, -0.963381677, 0.777709961, -0.575073242, -0.253662109, -0.573994506, -0.81410526, 0.0861726236, 5, 1, 
401.885017, 0.1, 0.1, -0.0322904495, 0.2768233, -0.0199626092, 0.885796224, -0.464074401, -2.92977863e-005, 0.464074401, 0.885796223, 2.7353254e-005, 1.32579234e-005, -3.78257618e-005, 0.999999999, 0.885796412, -0.464074041, -3.33470076e-005, 0.464074042, 0.885796412, 2.22196162e-005, 1.92271126e-005, -3.51575369e-005, 0.999999999, 0, 0, 0, 0, 0, 0, 0, 0.200068066, -0.0325097168, -0.116775146, -0.32174772, 0.699923399, -0.637473039, -0.582397461, 0.384521484, 0.716186523, 0.746535239, 0.601774117, 0.284129057, 0, 0, 0, 0, 0, 0, 0, 0.240355615, -0.00880214844, -0.0985469238, -0.256224195, 0.078692319, -0.963381677, 0.777709961, -0.575073242, -0.253662109, -0.573994506, -0.81410526, 0.0861726236, 5, 1, 
401.885811, 0.1, 0.1, -0.0322904502, 0.276823304, -0.0199685267, 0.885795512, -0.464075759, 8.00617911e-006, 0.464075759, 0.885795511, -6.05221421e-005, 2.09950216e-005, 5.73257155e-005, 0.999999998, 0.885795626, -0.464075542, 1.04048722e-005, 0.464075542, 0.885795625, -5.11202389e-005, 1.45070623e-005, 5.01107307e-005, 0.999999999, 0, 0, 0, 0, 0, 0, 0, 0.200068066, -0.0325097168, -0.116775146, -0.32174772, 0.699923399, -0.637473039, -0.582397461, 0.384521484, 0.716186523, 0.746535239, 0.601774117, 0.284129057, 0, 0, 0, 0, 0, 0, 0, 0.240355615, -0.00880214844, -0.0985469238, -0.256224195, 0.078692319, -0.963381677, 0.777709961, -0.575073242, -0.253662109, -0.573994506, -0.81410526, 0.0861726236, 5, 1, 
401.886603, 0.1, 0.1, -0.0322904524, 0.276823302, -0.0199729786, 0.885794939, -0.464076853, 7.00308156e-006, 0.464076852, 0.885794938, 5.73779151e-005, -3.28310565e-005, -4.75750988e-005, 0.999999998, 0.885795069, -0.464076606, 1.67733454e-005, 0.464076605, 0.885795069, 3.61817016e-005, -3.16488279e-005, -2.42654556e-005, 0.999999999, 0, 0, 0, 0, 0, 0, 0, 0.200068066, -0.0325097168, -0.116775146, -0.32174772, 0.699923399, -0.637473039, -0.582397461, 0.384521484, 0.716186523, 0.746535239, 0.601774117, 0.284129057, 0, 0, 0, 0, 0, 0, 0, 0.240355615, -0.00880214844, -0.0985469238, -0.256224195, 0.078692319, -0.963381677, 0.777709961, -0.575073242, -0.253662109, -0.573994506, -0.81410526, 0.0861726236, 5, 1, 
401.887422, 0.1, 0.1, -0.0322904449, 0.276823294, -0.0199745165, 0.885794147, -0.464078365, -3.29738145e-005, 0.464078365, 0.885794147, -1.5055079e-005, 3.61947484e-005, -1.96673311e-006, 0.999999999, 0.885794336, -0.464078003, -4.26344363e-005, 0.464078004, 0.885794336, 1.37107409e-005, 3.1402489e-005, -3.19306007e-005, 0.999999999, 0, 0, 0, 0, 0, 0, 0, 0.200446924, -0.0327826416, -0.117030249, -0.322979604, 0.698845406, -0.638094973, -0.583618164, 0.383666992, 0.715576172, 0.745000063, 0.60355155, 0.28410397, 0, 0, 0, 0, 0, 0, 0, 0.240355615, -0.00880214844, -0.0985469238, -0.258025896, 0.0782577519, -0.962889508, 0.777709961, -0.574462891, -0.255004883, -0.573201931, -0.814641906, 0.0873290371, 5, 1, 
401.888214, 0.1, 0.1, -0.03229045, 0.276823304, -0.0199727195, 0.885793124, -0.464080315, 4.59396461e-005, 0.464080317, 0.885793123, -4.2493048e-005, -2.09728355e-005, 5.89597353e-005, 0.999999998, 0.885793337, -0.464079908, 4.84130366e-005, 0.46407991, 0.885793336, -5.29913089e-005, -1.82917434e-005, 6.94068661e-005, 0.999999997, 0, 0, 0, 0, 0, 0, 0, 0.200446924, -0.0327826416, -0.117030249, -0.322979604, 0.698845406, -0.638094973, -0.583618164, 0.383666992, 0.715576172, 0.745000063, 0.60355155, 0.28410397, 0, 0, 0, 0, 0, 0, 0, 0.240476318, -0.00906542969, -0.0987132812, -0.258025896, 0.0782577519, -0.962889508, 0.777709961, -0.574462891, -0.255004883, -0.573201931, -0.814641906, 0.0873290371, 5, 1, 
401.889007, 0.1, 0.1, -0.032290447, 0.276823298, -0.0199687162, 0.885792188, -0.464082104, -2.35563764e-005, 0.464082104, 0.885792185, 7.08334824e-005, -1.20064974e-005, -7.3675838e-005, 0.999999997, 0.885792336, -0.46408182, -3.07621751e-005, 0.464081821, 0.885792335, 5.18133938e-005, 3.2032448e-006, -6.01720734e-005, 0.999999998, 0, 0, 0, 0, 0, 0, 0, 0.200446924, -0.0327826416, -0.117030249, -0.322979604, 0.698845406, -0.638094973, -0.583618164, 0.383666992, 0.715576172, 0.745000063, 0.60355155, 0.28410397, 0, 0, 0, 0, 0, 0, 0, 0.240476318, -0.00906542969, -0.0987132812, -0.258025896, 0.0782577519, -0.962889508, 0.777709961, -0.574462891, -0.255004883, -0.573201931, -0.814641906, 0.0873290371, 5, 1, 
401.889795, 0.1, 0.1, -0.0322904427, 0.276823291, -0.0199640372, 0.885791483, -0.464083451, 3.21603762e-006, 0.464083451, 0.885791482, -2.74375021e-005, 9.88455194e-006, 2.57964155e-005, 1, 0.885791639, -0.464083151, -1.3771376e-005, 0.464083151, 0.885791639, -9.9938752e-006, 1.68365588e-005, 2.46142754e-006, 1, 0, 0, 0, 0, 0, 0, 0, 0.200446924, -0.0327826416, -0.117030249, -0.322979604, 0.698845406, -0.638094973, -0.583618164, 0.383666992, 0.715576172, 0.745000063, 0.60355155, 0.28410397, 0, 0, 0, 0, 0, 0, 0, 0.240476318, -0.00906542969, -0.0987132812, -0.258025896, 0.0782577519, -0.962889508, 0.777709961, -0.574462891, -0.255004883, -0.573201931, -0.814641906, 0.0873290371, 5, 1, 
401.890593, 0.1, 0.1, -0.032290442, 0.276823291, -0.0199601446, 0.885790628, -0.46408508, -3.69855263e-005, 0.464085081, 0.885790628, 2.4492433e-005, 2.13948599e-005, -3.88595986e-005, 0.999999999, 0.885790797, -0.464084759, -2.25746459e-005, 0.46408476, 0.885790797, 1.26388476e-005, 1.4130917e-005, -2.1671924e-005, 1, 0, 0, 0, 0, 0, 0, 0, 0.200446924, -0.0327826416, -0.117030249, -0.322979604, 0.698845406, -0.638094973, -0.583618164, 0.383666992, 0.715576172, 0.745000063, 0.60355155, 0.28410397, 0, 0, 0, 0, 0, 0, 0, 0.240476318, -0.00906542969, -0.0987132812, -0.258025896, 0.0782577519, -0.962889508, 0.777709961, -0.574462891, -0.255004883, -0.573201931, -0.814641906, 0.0873290371, 5, 1, 
401.891401, 0.1, 0.1, -0.0322904403, 0.276823289, -0.019958097, 0.885789987, -0.464086306, -9.98767609e-006, 0.464086306, 0.885789986, -2.34698203e-005, 1.97390057e-005, 1.61541881e-005, 1, 0.885790081, -0.464086126, 1.18515955e-005, 0.464086126, 0.885790081, -1.52406948e-005, -3.4250307e-006, 1.90002173e-005, 1, 0, 0, 0, 0, 0, 0, 0, 0.200446924, -0.0327826416, -0.117030249, -0.322979604, 0.698845406, -0.638094973, -0.583618164, 0.383666992, 0.715576172, 0.745000063, 0.60355155, 0.28410397, 0, 0, 0, 0, 0, 0, 0, 0.240476318, -0.00906542969, -0.0987132812, -0.258025896, 0.0782577519, -0.962889508, 0.777709961, -0.574462891, -0.255004883, -0.573201931, -0.814641906, 0.0873290371, 5, 1, 
401.892222, 0.1, 0.1, -0.0322904389, 0.276823288, -0.0199583881, 0.885789618, -0.464087009, 1.71176036e-006, 0.464087009, 0.885789618, 1.11677799e-005, -6.69908113e-006, -9.09789776e-006, 1, 0.885789689, -0.464086874, 1.64095864e-005, 0.464086874, 0.885789689, -1.06832545e-007, -1.44858629e-005, 7.71010482e-006, 1, 0, 0, 0, 0, 0, 0, 0, 0.200588379, -0.0331010986, -0.116884277, -0.32444663, 0.696815977, -0.63959907, -0.585693359, 0.38293457, 0.714355469, 0.742760578, 0.606344818, 0.28397142, 0, 0, 0, 0, 0, 0, 0, 0.240675146, -0.00940341797, -0.0986761719, -0.258760502, 0.0767305704, -0.962799822, 0.778320313, -0.573730469, -0.254760742, -0.572051714, -0.81529339, 0.0888113759, 5, 1, 
401.893018, 0.1, 0.1, -0.0322904364, 0.276823286, -0.0199607584, 0.885789179, -0.464087849, 8.06494014e-006, 0.464087848, 0.885789178, 2.2261064e-005, -1.7474926e-005, -1.59757688e-005, 1, 0.885789266, -0.464087681, 1.32883465e-006, 0.464087681, 0.885789266, 1.76243704e-005, -9.35632064e-006, -1.49947823e-005, 1, 0, 0, 0, 0, 0, 0, 0, 0.200588379, -0.0331010986, -0.116884277, -0.32444663, 0.696815977, -0.63959907, -0.585693359, 0.38293457, 0.714355469, 0.742760578, 0.606344818, 0.28397142, 0, 0, 0, 0, 0, 0, 0, 0.240675146, -0.00940341797, -0.0986761719, -0.258760502, 0.0767305704, -0.962799822, 0.778320313, -0.573730469, -0.254760742, -0.572051714, -0.81529339, 0.0888113759, 5, 1, 
401.893808, 0.1, 0.1, -0.0322904372, 0.276823289, -0.0199644268, 0.885788799, -0.464088572, 1.54773112e-005, 0.464088572, 0.885788799, -6.55901778e-006, -1.06656637e-005, 1.29927477e-005, 1, 0.885788873, -0.464088432, 6.55405224e-006, 0.464088432, 0.885788872, -2.93091768e-005, 7.79654336e-006, 2.90034025e-005, 1, 0, 0, 0, 0, 0, 0, 0, 0.200588379, -0.0331010986, -0.116884277, -0.32444663, 0.696815977, -0.63959907, -0.585693359, 0.38293457, 0.714355469, 0.742760578, 0.606344818, 0.28397142, 0, 0, 0, 0, 0, 0, 0, 0.240675146, -0.00940341797, -0.0986761719, -0.258760502, 0.0767305704, -0.962799822, 0.778320313, -0.573730469, -0.254760742, -0.572051714, -0.81529339, 0.0888113759, 5, 1, 
401.894627, 0.1, 0.1, -0.0322904338, 0.276823284, -0.01996808, 0.885788254, -0.464089614, -8.82837291e-006, 0.464089614, 0.885788254, -5.11826103e-006, 1.01954008e-005, 4.36539323e-007, 1, 0.88578837, -0.464089391, -2.36383646e-005, 0.464089391, 0.88578837, 1.10161841e-005, 1.58260942e-005, -2.0728322e-005, 1, 0, 0, 0, 0, 0, 0, 0, 0.200714941, -0.0334168701, -0.116724756, -0.326192984, 0.694824741, -0.640842936, -0.587768555, 0.381835937, 0.713256836, 0.740318151, 0.609379222, 0.283921245, 0, 0, 0, 0, 0, 0, 0, 0.240892529, -0.00975654297, -0.098429248, -0.259450266, 0.0751330266, -0.962793259, 0.779418945, -0.572265625, -0.254638672, -0.570160328, -0.81644324, 0.0899167501, 5, 1, 
401.895434, 0.1, 0.1, -0.0322904331, 0.276823283, -0.0199701917, 0.885787582, -0.464090896, -1.28478198e-005, 0.464090896, 0.885787582, -1.04083658e-005, 1.62108671e-005, 3.25704494e-006, 1, 0.885787719, -0.464090635, -1.2885394e-005, 0.464090635, 0.885787719, -7.28838232e-009, 1.14171062e-005, -5.9735347e-006, 1, 0, 0, 0, 0, 0, 0, 0, 0.200714941, -0.0334168701, -0.116724756, -0.326192984, 0.694824741, -0.640842936, -0.587768555, 0.381835937, 0.713256836, 0.740318151, 0.609379222, 0.283921245, 0, 0, 0, 0, 0, 0, 0, 0.240892529, -0.00975654297, -0.098429248, -0.259450266, 0.0751330266, -0.962793259, 0.779418945, -0.572265625, -0.254638672, -0.570160328, -0.81644324, 0.0899167501, 5, 1, 
401.896225, 0.1, 0.1, -0.0322904325, 0.276823282, -0.0199704552, 0.885786937, -0.464092128, 9.87614496e-008, 0.464092128, 0.885786936, -2.12916283e-005, 9.79379546e-006, 1.89056806e-005, 1, 0.885787054, -0.464091903, 4.94617376e-006, 0.464091903, 0.885787054, 3.10487516e-006, -5.82220411e-006, -4.54779026e-007, 1, 0, 0, 0, 0, 0, 0, 0, 0.200714941, -0.0334168701, -0.116724756, -0.326192984, 0.694824741, -0.640842936, -0.587768555, 0.381835937, 0.713256836, 0.740318151, 0.609379222, 0.283921245, 0, 0, 0, 0, 0, 0, 0, 0.240892529, -0.00975654297, -0.098429248, -0.259450266, 0.0751330266, -0.962793259, 0.779418945, -0.572265625, -0.254638672, -0.570160328, -0.81644324, 0.0899167501, 5, 1, 
401.897013, 0.1, 0.1, -0.0322904321, 0.276823282, -0.0199690932, 0.885786338, -0.46409327, -8.65140578e-006, 0.46409327, 0.885786338, 2.68231521e-005, -4.78514733e-006, -2.77746409e-005, 1, 0.885786468, -0.464093022, 2.6594186e-006, 0.464093021, 0.885786468, 1.8893833e-005, -1.11241731e-005, -1.5501684e-005, 1, 0, 0, 0, 0, 0, 0, 0, 0.200714941, -0.0334168701, -0.116724756, -0.326192984, 0.694824741, -0.640842936, -0.587768555, 0.381835937, 0.713256836, 0.740318151, 0.609379222, 0.283921245, 0, 0, 0, 0, 0, 0, 0, 0.240892529, -0.00975654297, -0.098429248, -0.259450266, 0.0751330266, -0.962793259, 0.779418945, -0.572265625, -0.254638672, -0.570160328, -0.81644324, 0.0899167501, 5, 1, 
401.897803, 0.1, 0.1, -0.0322904304, 0.276823281, -0.0199666568, 0.885785604, -0.464094672, 1.79572769e-005, 0.464094672, 0.885785604, -4.89383562e-006, -1.36350943e-005, 1.26687656e-005, 1, 0.885785758, -0.464094377, 1.39408887e-005, 0.464094378, 0.885785758, -9.89302702e-006, -7.75734241e-006, 1.52329905e-005, 1, 0, 0, 0, 0, 0, 0, 0, 0.200714941, -0.0334168701, -0.116724756, -0.326192984, 0.694824741, -0.640842936, -0.587768555, 0.381835937, 0.713256836, 0.740318151, 0.609379222, 0.283921245, 0, 0, 0, 0, 0, 0, 0, 0.240892529, -0.00975654297, -0.098429248, -0.259450266, 0.0751330266, -0.962793259, 0.779418945, -0.572265625, -0.254638672, -0.570160328, -0.81644324, 0.0899167501, 5, 1, 
401.898589, 0.1, 0.1, -0.0322904289, 0.27682328, -0.019964055, 0.885784794, -0.464096217, 5.54034988e-006, 0.464096217, 0.885784794, 1.37942177e-005, -1.13094019e-005, -9.64745286e-006, 1, 0.885784954, -0.464095912, -5.38340195e-006, 0.464095912, 0.885784954, -8.18201026e-006, 8.56577396e-006, 4.74908674e-006, 1, 0, 0, 0, 0, 0, 0, 0, 0.200714941, -0.0334168701, -0.116724756, -0.326192984, 0.694824741, -0.640842936, -0.587768555, 0.381835937, 0.713256836, 0.740318151, 0.609379222, 0.283921245, 0, 0, 0, 0, 0, 0, 0, 0.240892529, -0.00975654297, -0.098429248, -0.259450266, 0.0751330266, -0.962793259, 0.779418945, -0.572265625, -0.254638672, -0.570160328, -0.81644324, 0.0899167501, 5, 1, 
401.899409, 0.1, 0.1, -0.0322904279, 0.276823279, -0.0199618645, 0.885784045, -0.464097647, -4.47047111e-006, 0.464097647, 0.885784045, -1.00095448e-005, 8.60527818e-006, 6.79155997e-006, 1, 0.885784184, -0.464097382, -1.04872607e-005, 0.464097381, 0.885784184, -1.63645357e-005, 1.68841879e-005, 9.62833668e-006, 1, 0, 0, 0, 0, 0, 0, 0, 0.201054614, -0.0335006104, -0.116552417, -0.328117193, 0.692992264, -0.641870755, -0.590209961, 0.380004883, 0.712158203, 0.737533118, 0.612635664, 0.284454811, 0, 0, 0, 0, 0, 0, 0, 0.240890088, -0.00988154297, -0.0981840332, -0.260165549, 0.0736824041, -0.962773936, 0.780761719, -0.570556641, -0.254516602, -0.568026138, -0.817823134, 0.0909007227, 5, 1, 
401.900201, 0.1, 0.1, -0.032290429, 0.276823279, -0.0199608589, 0.885783398, -0.464098882, 2.3098504e-006, 0.464098881, 0.885783397, -3.60516611e-005, 1.46855085e-005, 3.30059618e-005, 0.999999999, 0.885783518, -0.464098652, 4.01171236e-006, 0.464098652, 0.885783518, -2.4618415e-005, 7.87186455e-006, 2.36684166e-005, 1, 0, 0, 0, 0, 0, 0, 0, 0.201054614, -0.0335006104, -0.116552417, -0.328117193, 0.692992264, -0.641870755, -0.590209961, 0.380004883, 0.712158203, 0.737533118, 0.612635664, 0.284454811, 0, 0, 0, 0, 0, 0, 0, 0.240890088, -0.00988154297, -0.0981840332, -0.260165549, 0.0736824041, -0.962773936, 0.780761719, -0.570556641, -0.254516602, -0.568026138, -0.817823134, 0.0909007227, 5, 1, 
401.900994, 0.1, 0.1, -0.0322904276, 0.276823275, -0.0199614625, 0.88578274, -0.464100136, -2.97836255e-005, 0.464100137, 0.885782739, 3.17244658e-005, 1.16584925e-005, -4.19235689e-005, 0.999999999, 0.885782889, -0.464099853, -1.05456963e-005, 0.464099853, 0.885782888, 4.03654133e-005, -9.39238509e-006, -4.06492485e-005, 0.999999999, 0, 0, 0, 0, 0, 0, 0, 0.201054614, -0.0335006104, -0.116552417, -0.328117193, 0.692992264, -0.641870755, -0.590209961, 0.380004883, 0.712158203, 0.737533118, 0.612635664, 0.284454811, 0, 0, 0, 0, 0, 0, 0, 0.240890088, -0.00988154297, -0.0981840332, -0.260165549, 0.0736824041, -0.962773936, 0.780761719, -0.570556641, -0.254516602, -0.568026138, -0.817823134, 0.0909007227, 5, 1, 
401.901783, 0.1, 0.1, -0.0322904295, 0.276823279, -0.0199633396, 0.88578196, -0.464101624, 3.73173657e-005, 0.464101625, 0.885781959, -5.42477845e-005, -7.87856443e-006, 6.5370759e-005, 0.999999998, 0.885782101, -0.464101355, 3.91326331e-005, 0.464101356, 0.8857821, -4.4683865e-005, -1.39251436e-005, 5.77416759e-005, 0.999999998, 0, 0, 0, 0, 0, 0, 0, 0.201054614, -0.0335006104, -0.116552417, -0.328117193, 0.692992264, -0.641870755, -0.590209961, 0.380004883, 0.712158203, 0.737533118, 0.612635664, 0.284454811, 0, 0, 0, 0, 0, 0, 0, 0.240890088, -0.00988154297, -0.0981840332, -0.260165549, 0.0736824041, -0.962773936, 0.780761719, -0.570556641, -0.254516602, -0.568026138, -0.817823134, 0.0909007227, 5, 1, 
401.902742, 0.1, 0.1, -0.0322904288, 0.276823277, -0.0199644709, 0.885781399, -0.464102696, 3.18141568e-006, 0.464102695, 0.885781399, 4.72591828e-005, -2.4751153e-005, -4.03848015e-005, 0.999999999, 0.885781461, -0.464102579, -9.0069377e-007, 0.464102579, 0.88578146, 4.13999377e-005, -1.8416e-005, -3.70893116e-005, 0.999999999, 0, 0, 0, 0, 0, 0, 0, 0.201054614, -0.0335006104, -0.116552417, -0.328117193, 0.692992264, -0.641870755, -0.590209961, 0.380004883, 0.712158203, 0.737533118, 0.612635664, 0.284454811, 0, 0, 0, 0, 0, 0, 0, 0.240890088, -0.00988154297, -0.0981840332, -0.260165549, 0.0736824041, -0.962773936, 0.780761719, -0.570556641, -0.254516602, -0.568026138, -0.817823134, 0.0909007227, 5, 1, 
401.903543, 0.1, 0.1, -0.0322904304, 0.27682328, -0.0199646695, 0.88578105, -0.464103362, 2.19128097e-005, 0.464103362, 0.885781049, -4.88877116e-005, 3.27899973e-006, 5.34736172e-005, 0.999999999, 0.885781126, -0.464103217, 2.37265614e-005, 0.464103217, 0.885781125, -4.18368499e-005, -1.59992363e-006, 4.80698655e-005, 0.999999999, 0, 0, 0, 0, 0, 0, 0, 0.201054614, -0.0335006104, -0.116552417, -0.328117193, 0.692992264, -0.641870755, -0.590209961, 0.380004883, 0.712158203, 0.737533118, 0.612635664, 0.284454811, 0, 0, 0, 0, 0, 0, 0, 0.240890088, -0.00988154297, -0.0981840332, -0.260165549, 0.0736824041, -0.962773936, 0.780761719, -0.570556641, -0.254516602, -0.568026138, -0.817823134, 0.0909007227, 5, 1, 
401.904363, 0.1, 0.1, -0.0322904293, 0.276823278, -0.019964865, 0.885780657, -0.464104112, -3.03857057e-005, 0.464104113, 0.885780657, 2.51326834e-005, 1.52508886e-005, -3.63641758e-005, 0.999999999, 0.885780741, -0.464103952, -1.34248257e-005, 0.464103953, 0.885780741, 2.86378659e-005, -1.3994947e-006, -3.15973847e-005, 0.999999999, 0, 0, 0, 0, 0, 0, 0, 0.201172388, -0.033787207, -0.116577563, -0.330022307, 0.691584769, -0.642397208, -0.592407227, 0.378051758, 0.711425781, 0.734868651, 0.61545402, 0.285032561, 0, 0, 0, 0, 0, 0, 0, 0.241085986, -0.0102297852, -0.098142041, -0.261245037, 0.0722317815, -0.96253733, 0.781982422, -0.568725586, -0.254882812, -0.565930228, -0.819203028, 0.0921530182, 5, 1, 
401.905155, 0.1, 0.1, -0.0322904307, 0.27682328, -0.0199651061, 0.885780208, -0.464104968, 3.41116098e-005, 0.464104969, 0.885780208, -3.55890031e-005, -1.36983556e-005, 4.73554022e-005, 0.999999999, 0.885780289, -0.464104813, 3.59059951e-005, 0.464104814, 0.885780289, -2.99588804e-005, -1.79007621e-005, 4.32011309e-005, 0.999999999, 0, 0, 0, 0, 0, 0, 0, 0.201172388, -0.033787207, -0.116577563, -0.330022307, 0.691584769, -0.642397208, -0.592407227, 0.378051758, 0.711425781, 0.734868651, 0.61545402, 0.285032561, 0, 0, 0, 0, 0, 0, 0, 0.241085986, -0.0102297852, -0.098142041, -0.261245037, 0.0722317815, -0.96253733, 0.781982422, -0.568725586, -0.254882812, -0.565930228, -0.819203028, 0.0921530182, 5, 1, 
401.905944, 0.1, 0.1, -0.0322904284, 0.276823278, -0.0199654933, 0.885779901, -0.464105555, -3.16476515e-005, 0.464105556, 0.8857799, 3.00746573e-005, 1.4075038e-005, -4.13273779e-005, 0.999999999, 0.885779966, -0.464105432, -1.64054548e-005, 0.464105432, 0.885779965, 3.18960978e-005, -2.71529047e-007, -3.58667851e-005, 0.999999999, 0, 0, 0, 0, 0, 0, 0, 0.201172388, -0.033787207, -0.116577563, -0.330022307, 0.691584769, -0.642397208, -0.592407227, 0.378051758, 0.711425781, 0.734868651, 0.61545402, 0.285032561, 0, 0, 0, 0, 0, 0, 0, 0.241085986, -0.0102297852, -0.098142041, -0.261245037, 0.0722317815, -0.96253733, 0.781982422, -0.568725586, -0.254882812, -0.565930228, -0.819203028, 0.0921530182, 5, 1, 
401.90678, 0.1, 0.1, -0.0322904302, 0.276823278, -0.0199653478, 0.885779525, -0.464106271, 3.84211861e-005, 0.464106272, 0.885779525, -2.73866506e-005, -2.13223837e-005, 4.20900479e-005, 0.999999999, 0.885779589, -0.46410615, 3.9606726e-005, 0.464106151, 0.885779589, -2.24684014e-005, -2.46551062e-005, 3.82837765e-005, 0.999999999, 0, 0, 0, 0, 0, 0, 0, 0.201172388, -0.033787207, -0.116577563, -0.330022307, 0.691584769, -0.642397208, -0.592407227, 0.378051758, 0.711425781, 0.734868651, 0.61545402, 0.285032561, 0, 0, 0, 0, 0, 0, 0, 0.24104668, -0.010352832, -0.0978716797, -0.262235206, 0.0705831984, -0.962339002, 0.782470703, -0.568115234, -0.254760742, -0.564684129, -0.819867272, 0.0937695184, 5, 1, 
401.907571, 0.1, 0.1, -0.0322904242, 0.276823277, -0.0199651403, 0.885779347, -0.464106611, -3.91837648e-005, 0.464106612, 0.885779347, 3.22975929e-005, 1.97186432e-005, -4.67939851e-005, 0.999999999, 0.885779357, -0.464106592, -4.80321099e-005, 0.464106593, 0.885779357, 2.17819971e-005, 3.2436683e-005, -4.15860623e-005, 0.999999999, 0, 0, 0, 0, 0, 0, 0, 0.201172388, -0.033787207, -0.116577563, -0.330022307, 0.691584769, -0.642397208, -0.592407227, 0.378051758, 0.711425781, 0.734868651, 0.61545402, 0.285032561, 0, 0, 0, 0, 0, 0, 0, 0.24104668, -0.010352832, -0.0978716797, -0.262235206, 0.0705831984, -0.962339002, 0.782470703, -0.568115234, -0.254760742, -0.564684129, -0.819867272, 0.0937695184, 5, 1, 
401.908363, 0.1, 0.1, -0.0322904246, 0.276823277, -0.0199650941, 0.885779498, -0.464106324, -4.00393206e-006, 0.464106324, 0.885779497, -4.48136444e-005, 2.43448967e-005, 3.78367573e-005, 0.999999999, 0.885779438, -0.464106438, 1.57433826e-005, 0.464106439, 0.885779438, -2.93869841e-005, -3.06476094e-007, 3.33369915e-005, 0.999999999, 0, 0, 0, 0, 0, 0, 0, 0.201172388, -0.033787207, -0.116577563, -0.330022307, 0.691584769, -0.642397208, -0.592407227, 0.378051758, 0.711425781, 0.734868651, 0.61545402, 0.285032561, 0, 0, 0, 0, 0, 0, 0, 0.24104668, -0.010352832, -0.0978716797, -0.262235206, 0.0705831984, -0.962339002, 0.782470703, -0.568115234, -0.254760742, -0.564684129, -0.819867272, 0.0937695184, 5, 1, 
401.909165, 0.1, 0.1, -0.03229042, 0.276823274, -0.0199650641, 0.885779945, -0.464105472, -1.90630157e-006, 0.464105471, 0.885779944, 4.97129987e-005, -2.1383511e-005, -4.49195022e-005, 0.999999999, 0.88577984, -0.464105672, -1.20024519e-005, 0.464105672, 0.885779839, 4.0804744e-005, -8.30618319e-006, -4.17144256e-005, 0.999999999, 0, 0, 0, 0, 0, 0, 0, 0.201321289, -0.0338681396, -0.116415356, -0.33134967, 0.689859755, -0.643602882, -0.594360352, 0.377075195, 0.710327148, 0.732730638, 0.617828298, 0.285223521, 0, 0, 0, 0, 0, 0, 0, 0.24104668, -0.010352832, -0.0978716797, -0.262235206, 0.0705831984, -0.962339002, 0.782470703, -0.568115234, -0.254760742, -0.564684129, -0.819867272, 0.0937695184, 5, 1, 
401.909954, 0.1, 0.1, -0.0322904198, 0.276823276, -0.0199651434, 0.885780487, -0.464104436, 3.49649085e-006, 0.464104436, 0.885780486, -5.21960397e-005, 2.11272902e-005, 4.78569704e-005, 0.999999999, 0.88578039, -0.464104624, -9.41120606e-007, 0.464104623, 0.885780389, -4.78103724e-005, 2.30226411e-005, 4.19127119e-005, 0.999999999, 0, 0, 0, 0, 0, 0, 0, 0.201321289, -0.0338681396, -0.116415356, -0.33134967, 0.689859755, -0.643602882, -0.594360352, 0.377075195, 0.710327148, 0.732730638, 0.617828298, 0.285223521, 0, 0, 0, 0, 0, 0, 0, 0.24104668, -0.010352832, -0.0978716797, -0.262235206, 0.0705831984, -0.962339002, 0.782470703, -0.568115234, -0.254760742, -0.564684129, -0.819867272, 0.0937695184, 5, 1, 
401.910758, 0.1, 0.1, -0.0322904224, 0.276823273, -0.0199651663, 0.885780838, -0.464103768, -2.33516835e-006, 0.464103768, 0.885780837, 3.86143658e-005, -1.58526253e-005, -3.52876258e-005, 0.999999999, 0.885780796, -0.464103847, 1.1691646e-005, 0.464103846, 0.885780796, 4.0755047e-005, -2.92708096e-005, -3.06739001e-005, 0.999999999, 0, 0, 0, 0, 0, 0, 0, 0.201321289, -0.0338681396, -0.116415356, -0.33134967, 0.689859755, -0.643602882, -0.594360352, 0.377075195, 0.710327148, 0.732730638, 0.617828298, 0.285223521, 0, 0, 0, 0, 0, 0, 0, 0.24104668, -0.010352832, -0.0978716797, -0.262235206, 0.0705831984, -0.962339002, 0.782470703, -0.568115234, -0.254760742, -0.564684129, -0.819867272, 0.0937695184, 5, 1, 
401.911576, 0.1, 0.1, -0.0322904224, 0.276823276, -0.0199651341, 0.885780825, -0.46410379, 4.12260179e-005, 0.464103791, 0.885780825, -3.43693723e-005, -2.05662602e-005, 4.95768822e-005, 0.999999999, 0.885780862, -0.464103721, 1.60553555e-005, 0.464103721, 0.885780861, -4.34581425e-005, 5.94755901e-006, 4.59457411e-005, 0.999999999, 0, 0, 0, 0, 0, 0, 0, 0.201499976, -0.034162793, -0.116477734, -0.33211838, 0.688337683, -0.644827652, -0.596069336, 0.376708984, 0.709106445, 0.730998511, 0.61992325, 0.285293913, 0, 0, 0, 0, 0, 0, 0, 0.24104668, -0.010352832, -0.0978716797, -0.263321258, 0.0686662925, -0.962166195, 0.782836914, -0.567626953, -0.254760742, -0.563693594, -0.820314232, 0.0956288219, 5, 1, 
401.912368, 0.1, 0.1, -0.032290423, 0.276823273, -0.0199650123, 0.885780493, -0.464104425, -3.82668188e-005, 0.464104426, 0.885780492, 2.72837126e-005, 2.12335099e-005, -4.19271804e-005, 0.999999999, 0.885780578, -0.464104263, -2.46322626e-005, 0.464104263, 0.885780578, 2.80785011e-005, 8.78742773e-006, -3.6303329e-005, 0.999999999, 0, 0, 0, 0, 0, 0, 0, 0.201499976, -0.034162793, -0.116477734, -0.33211838, 0.688337683, -0.644827652, -0.596069336, 0.376708984, 0.709106445, 0.730998511, 0.61992325, 0.285293913, 0, 0, 0, 0, 0, 0, 0, 0.241218896, -0.0109355469, -0.0978211426, -0.263321258, 0.0686662925, -0.962166195, 0.782836914, -0.567626953, -0.254760742, -0.563693594, -0.820314232, 0.0956288219, 5, 1, 
401.913157, 0.1, 0.1, -0.0322904247, 0.276823273, -0.0199650688, 0.885780058, -0.464105255, 4.00792517e-005, 0.464105256, 0.885780058, -2.45848755e-005, -2.40914319e-005, 4.03777838e-005, 0.999999999, 0.885780137, -0.464105103, 3.94306812e-005, 0.464105104, 0.885780137, -2.01061139e-005, -2.55955642e-005, 3.61095767e-005, 0.999999999, 0, 0, 0, 0, 0, 0, 0, 0.201499976, -0.034162793, -0.116477734, -0.33211838, 0.688337683, -0.644827652, -0.596069336, 0.376708984, 0.709106445, 0.730998511, 0.61992325, 0.285293913, 0, 0, 0, 0, 0, 0, 0, 0.241218896, -0.0109355469, -0.0978211426, -0.263321258, 0.0686662925, -0.962166195, 0.782836914, -0.567626953, -0.254760742, -0.563693594, -0.820314232, 0.0956288219, 5, 1, 
401.913946, 0.1, 0.1, -0.0322904201, 0.276823271, -0.0199652746, 0.885779801, -0.464105746, -3.08120958e-005, 0.464105747, 0.8857798, 3.66749265e-005, 1.02716879e-005, -4.67859798e-005, 0.999999999, 0.885779825, -0.464105699, -4.04234872e-005, 0.4641057, 0.885779825, 2.60842936e-005, 2.37004401e-005, -4.18657118e-005, 0.999999999, 0, 0, 0, 0, 0, 0, 0, 0.201499976, -0.034162793, -0.116477734, -0.33211838, 0.688337683, -0.644827652, -0.596069336, 0.376708984, 0.709106445, 0.730998511, 0.61992325, 0.285293913, 0, 0, 0, 0, 0, 0, 0, 0.241218896, -0.0109355469, -0.0978211426, -0.263321258, 0.0686662925, -0.962166195, 0.782836914, -0.567626953, -0.254760742, -0.563693594, -0.820314232, 0.0956288219, 5, 1, 
401.914745, 0.1, 0.1, -0.0322904229, 0.27682327, -0.0199654543, 0.885779886, -0.464105585, 6.37935503e-006, 0.464105585, 0.885779885, -3.93884829e-005, 1.26297106e-005, 3.78502202e-005, 0.999999999, 0.885779838, -0.464105676, 2.63610596e-005, 0.464105676, 0.885779838, -2.38080338e-005, -1.23006515e-005, 3.33229937e-005, 0.999999999, 0, 0, 0, 0, 0, 0, 0, 0.201499976, -0.034162793, -0.116477734, -0.33211838, 0.688337683, -0.644827652, -0.596069336, 0.376708984, 0.709106445, 0.730998511, 0.61992325, 0.285293913, 0, 0, 0, 0, 0, 0, 0, 0.241218896, -0.0109355469, -0.0978211426, -0.263321258, 0.0686662925, -0.962166195, 0.782836914, -0.567626953, -0.254760742, -0.563693594, -0.820314232, 0.0956288219, 5, 1, 
401.915534, 0.1, 0.1, -0.0322904198, 0.276823267, -0.0199656554, 0.885780274, -0.464104844, 1.92934338e-007, 0.464104843, 0.885780273, 4.97396545e-005, -2.3255312e-005, -4.39688631e-005, 0.999999999, 0.885780179, -0.464105025, -7.99089825e-006, 0.464105025, 0.885780178, 4.09166948e-005, -1.19114644e-005, -3.99518133e-005, 0.999999999, 0, 0, 0, 0, 0, 0, 0, 0.201499976, -0.034162793, -0.116477734, -0.33211838, 0.688337683, -0.644827652, -0.596069336, 0.376708984, 0.709106445, 0.730998511, 0.61992325, 0.285293913, 0, 0, 0, 0, 0, 0, 0, 0.241218896, -0.0109355469, -0.0978211426, -0.263321258, 0.0686662925, -0.962166195, 0.782836914, -0.567626953, -0.254760742, -0.563693594, -0.820314232, 0.0956288219, 5, 1, 
401.916353, 0.1, 0.1, -0.032290419, 0.276823269, -0.0199656722, 0.885780771, -0.464103895, -1.90020334e-006, 0.464103894, 0.88578077, -5.26955403e-005, 2.61393691e-005, 4.57948046e-005, 0.999999999, 0.885780675, -0.464104078, -5.29870565e-006, 0.464104077, 0.885780675, -4.79754342e-005, 2.69590857e-005, 4.00365616e-005, 0.999999999, 0, 0, 0, 0, 0, 0, 0, 0.201684766, -0.0344648926, -0.116322974, -0.332766522, 0.686675949, -0.64617299, -0.59777832, 0.376342773, 0.707763672, 0.729247288, 0.62191673, 0.285383402, 0, 0, 0, 0, 0, 0, 0, 0.241218896, -0.0109355469, -0.0978211426, -0.26452871, 0.0668707882, -0.962018907, 0.783203125, -0.567138672, -0.254760742, -0.562715818, -0.820748433, 0.0977309285, 5, 1, 
401.917145, 0.1, 0.1, -0.0322904194, 0.276823266, -0.0199653592, 0.885781067, -0.46410333, -1.33596257e-005, 0.46410333, 0.885781066, 3.62814158e-005, -5.0046224e-006, -3.8337638e-005, 0.999999999, 0.885781035, -0.464103392, 1.12380813e-006, 0.464103391, 0.885781034, 3.84531669e-005, -1.88416931e-005, -3.35395228e-005, 0.999999999, 0, 0, 0, 0, 0, 0, 0, 0.201684766, -0.0344648926, -0.116322974, -0.332766522, 0.686675949, -0.64617299, -0.59777832, 0.376342773, 0.707763672, 0.729247288, 0.62191673, 0.285383402, 0, 0, 0, 0, 0, 0, 0, 0.24115957, -0.0112867188, -0.0975439453, -0.26452871, 0.0668707882, -0.962018907, 0.783203125, -0.567138672, -0.254760742, -0.562715818, -0.820748433, 0.0977309285, 5, 1, 
401.917936, 0.1, 0.1, -0.0322904167, 0.27682327, -0.0199651308, 0.885781018, -0.464103424, 2.87431701e-005, 0.464103424, 0.885781017, -3.53044082e-005, -9.07525771e-006, 4.46117783e-005, 0.999999999, 0.885781059, -0.464103346, 4.31063867e-006, 0.464103345, 0.885781058, -4.35265036e-005, 1.63825139e-005, 4.05555343e-005, 0.999999999, 0, 0, 0, 0, 0, 0, 0, 0.201684766, -0.0344648926, -0.116322974, -0.332766522, 0.686675949, -0.64617299, -0.59777832, 0.376342773, 0.707763672, 0.729247288, 0.62191673, 0.285383402, 0, 0, 0, 0, 0, 0, 0, 0.24115957, -0.0112867188, -0.0975439453, -0.26452871, 0.0668707882, -0.962018907, 0.783203125, -0.567138672, -0.254760742, -0.562715818, -0.820748433, 0.0977309285, 5, 1, 
401.918722, 0.1, 0.1, -0.0322904156, 0.276823267, -0.0199650747, 0.885780655, -0.464104114, -4.30921877e-005, 0.464104115, 0.885780655, 2.4377131e-005, 2.68566995e-005, -4.15920527e-005, 0.999999999, 0.885780746, -0.464103942, -3.08277674e-005, 0.464103943, 0.885780746, 2.53570484e-005, 1.55383367e-005, -3.67680737e-005, 0.999999999, 0, 0, 0, 0, 0, 0, 0, 0.201684766, -0.0344648926, -0.116322974, -0.332766522, 0.686675949, -0.64617299, -0.59777832, 0.376342773, 0.707763672, 0.729247288, 0.62191673, 0.285383402, 0, 0, 0, 0, 0, 0, 0, 0.24115957, -0.0112867188, -0.0975439453, -0.26452871, 0.0668707882, -0.962018907, 0.783203125, -0.567138672, -0.254760742, -0.562715818, -0.820748433, 0.0977309285, 5, 1, 
