time, trialNum, realDorsalTactorPos, realVentralTactorPos, boxPosX, boxPosY, boxPosZ, boxLocalRot_11, boxLocalRot_12, boxLocalRot_13, boxLocalRot_21, boxLocalRot_22, boxLocalRot_23, boxLocalRot_31, boxLocalRot_32, boxLocalRot_33, boxGlobalRot_11, boxGlobalRot_12, boxGlobalRot_13, boxGlobalRot_21, boxGlobalRot_22, boxGlobalRot_23, boxGlobalRot_31, boxGlobalRot_32, boxGlobalRot_33, indexForceX, indexForceY, indexForceZ, indexForceGlobalX, indexForceGlobalY, indexForceGlobalZ, indexContact, indexPosX, indexPosY, indexPosZ, indexRot_11, indexRot_12, indexRot_13, indexRot_21, indexRot_22, indexRot_23, indexRot_31, indexRot_32, indexRot_33, thumbForceX, thumbForceY, thumbForceZ, thumbForceGlobalX, thumbForceGlobalY, thumbForceGlobalZ, thumbContact, thumbPosX, thumbPosY, thumbPosZ, thumbRot_11, thumbRot_12, thumbRot_13, thumbRot_21, thumbRot_22, thumbRot_23, thumbRot_31, thumbRot_32, thumbRot_33, manipForceTooHigh, cceExpType, mapping, trialSuccess, 
678.011504, 45, 0.1, 0.1, 0.0191340652, 0.375670148, -0.0199609941, 0.991128207, -1.5391029e-005, -0.13290928, 0.132909281, 8.98186714e-006, 0.991128207, -1.40607094e-005, -1, 1.09477925e-005, 0.991128228, 4.89200625e-006, -0.132909126, 0.132909126, 5.69678215e-006, 0.991128228, 5.60575982e-006, -1, 4.99604932e-006, 0, 0, 0, 0, 0, 0, 0, 0.263386792, -0.14511001, -0.183559131, 0.19420725, 0.484344281, -0.853059704, -0.887451172, 0.45715332, 0.0574951172, 0.417755723, 0.745915317, 0.518740748, 0, 0, -0, 0, 0, 0, 0, 0.312822363, -0.108360449, -0.168543359, 0.20961634, -0.175867018, -0.961746065, 0.229614258, -0.947265625, 0.223266602, -0.950336183, -0.26765207, -0.158281687, 0, 1, 5, 1, 
678.029361, 45, 0.1, 0.1, 0.019134051, 0.375670148, -0.01995562, 0.991127676, -7.42387122e-006, -0.132913243, 0.132913243, 1.64713435e-005, 0.991127676, -5.16874455e-006, -1, 1.73119352e-005, 0.991127648, 4.37539958e-008, -0.132913451, 0.132913451, 2.74221714e-005, 0.991127648, 3.68814123e-006, -1, 2.71730567e-005, 0, 0, 0, 0, 0, 0, 0, 0.266518481, -0.154341846, -0.182219189, 0.163091116, 0.496089496, -0.852782621, -0.888427734, 0.449584961, 0.0916748047, 0.428863631, 0.742819138, 0.514247553, 0, 0, -0, 0, 0, 0, 0, 0.316129687, -0.115194531, -0.166066455, 0.20097204, -0.168260296, -0.965022075, 0.252685547, -0.942749023, 0.217041016, -0.946335027, -0.287473346, -0.146965453, 0, 1, 5, 1, 
678.030166, 45, 0.1, 0.1, 0.0191340505, 0.375670148, -0.0199558799, 0.991127801, -3.319472e-006, -0.132912313, 0.132912313, 2.01014853e-005, 0.9911278, -6.18286072e-007, -1, 2.03643396e-005, 0.991127776, -9.51789869e-006, -0.132912494, 0.132912495, 1.2535838e-005, 0.991127776, -7.76728427e-006, -1, 1.36896649e-005, 0, 0, 0, 0, 0, 0, 0, 0.266518481, -0.154341846, -0.182219189, 0.163091116, 0.496089496, -0.852782621, -0.888427734, 0.449584961, 0.0916748047, 0.428863631, 0.742819138, 0.514247553, 0, 0, -0, 0, 0, 0, 0, 0.316129687, -0.115194531, -0.166066455, 0.20097204, -0.168260296, -0.965022075, 0.252685547, -0.942749023, 0.217041016, -0.946335027, -0.287473346, -0.146965453, 0, 1, 5, 1, 
678.030981, 45, 0.1, 0.1, 0.0191340525, 0.375670147, -0.0199591935, 0.99112796, -1.86590026e-005, -0.132911125, 0.132911125, 7.07820684e-006, 0.99112796, -1.75526868e-005, -1, 9.49539773e-006, 0.99112792, -5.85249771e-006, -0.132911424, 0.132911424, -1.48995485e-005, 0.99112792, -7.78089409e-006, -1, -1.39894947e-005, 0, 0, 0, 0, 0, 0, 0, 0.266518481, -0.154341846, -0.182219189, 0.156953038, 0.50241629, -0.850198286, -0.890869141, 0.443359375, 0.0975341797, 0.426004457, 0.742187848, 0.517298808, 0, 0, -0, 0, 0, 0, 0, 0.316129687, -0.115194531, -0.166066455, 0.20097204, -0.168260296, -0.965022075, 0.252685547, -0.942749023, 0.217041016, -0.946335027, -0.287473346, -0.146965453, 0, 1, 5, 1, 
678.031881, 45, 0.1, 0.1, 0.0191340528, 0.375670145, -0.0199635462, 0.991128195, -1.45138825e-005, -0.132909368, 0.132909368, -1.97926034e-005, 0.991128195, -1.70157406e-005, -1, -1.76879764e-005, 0.991128151, 6.9918464e-006, -0.132909703, 0.132909703, -2.45610401e-005, 0.99112815, 3.66541525e-006, -1, -2.52724225e-005, 0, 0, 0, 0, 0, 0, 0, 0.267982031, -0.154243677, -0.182524316, 0.156953038, 0.50241629, -0.850198286, -0.890869141, 0.443359375, 0.0975341797, 0.426004457, 0.742187848, 0.517298808, 0, 0, -0, 0, 0, 0, 0, 0.316880566, -0.114979688, -0.166328516, 0.198365371, -0.163079406, -0.966382646, 0.260131836, -0.941894531, 0.212402344, -0.944890601, -0.293556919, -0.144530857, 0, 1, 5, 1, 
678.032676, 45, 0.1, 0.1, 0.0191340543, 0.375670144, -0.0199670723, 0.991128435, 4.6426487e-005, -0.132907571, 0.132907572, -1.17403615e-005, 0.991128436, 4.44542285e-005, -0.999999999, -1.78066378e-005, 0.99112839, 3.05676433e-005, -0.132907913, 0.132907913, -8.86919967e-006, 0.991128391, 2.91176723e-005, -0.999999999, -1.28531973e-005, 0, 0, 0, 0, 0, 0, 0, 0.267982031, -0.154243677, -0.182524316, 0.156953038, 0.50241629, -0.850198286, -0.890869141, 0.443359375, 0.0975341797, 0.426004457, 0.742187848, 0.517298808, 0, 0, -0, 0, 0, 0, 0, 0.316880566, -0.114979688, -0.166328516, 0.198365371, -0.163079406, -0.966382646, 0.260131836, -0.941894531, 0.212402344, -0.944890601, -0.293556919, -0.144530857, 0, 1, 5, 1, 
678.033483, 45, 0.1, 0.1, 0.0191340566, 0.375670144, -0.0199697466, 0.991128618, -3.23926006e-005, -0.13290621, 0.13290621, -1.65420611e-005, 0.991128619, -3.43037761e-005, -0.999999999, -1.20901324e-005, 0.991128592, -1.51795442e-005, -0.132906412, 0.132906412, 2.61634053e-006, 0.991128592, -1.46971518e-005, -1, 4.61058867e-006, 0, 0, 0, 0, 0, 0, 0, 0.267982031, -0.154243677, -0.182524316, 0.156953038, 0.50241629, -0.850198286, -0.890869141, 0.443359375, 0.0975341797, 0.426004457, 0.742187848, 0.517298808, 0, 0, -0, 0, 0, 0, 0, 0.316880566, -0.114979688, -0.166328516, 0.198365371, -0.163079406, -0.966382646, 0.260131836, -0.941894531, 0.212402344, -0.944890601, -0.293556919, -0.144530857, 0, 1, 5, 1, 
678.034299, 45, 0.1, 0.1, 0.0191340534, 0.375670143, -0.0199704248, 0.991128754, 2.05718348e-005, -0.132905202, 0.132905202, 5.24069446e-006, 0.991128754, 2.10858526e-005, -1, 2.46009911e-006, 0.991128724, 5.33446343e-006, -0.132905428, 0.132905428, 9.50559177e-006, 0.991128724, 6.55048468e-006, -1, 8.71228589e-006, 0, 0, 0, 0, 0, 0, 0, 0.267982031, -0.154243677, -0.182524316, 0.156953038, 0.50241629, -0.850198286, -0.890869141, 0.443359375, 0.0975341797, 0.426004457, 0.742187848, 0.517298808, 0, 0, -0, 0, 0, 0, 0, 0.317999463, -0.114748389, -0.165662939, 0.197611808, -0.160205514, -0.967085169, 0.26940918, -0.939575195, 0.21081543, -0.942392207, -0.302215079, -0.14251807, 0, 1, 5, 1, 
678.035103, 45, 0.1, 0.1, 0.0191340547, 0.375670142, -0.0199691812, 0.991128931, -6.19037592e-006, -0.132903884, 0.132903884, 9.25766671e-006, 0.991128931, -4.9050808e-006, -1, 9.99826631e-006, 0.991128893, -9.85279845e-006, -0.132904167, 0.132904167, 3.23812181e-006, 0.991128893, -9.33503334e-006, -1, 4.51887406e-006, 0, 0, 0, 0, 0, 0, 0, 0.267982031, -0.154243677, -0.182524316, 0.156953038, 0.50241629, -0.850198286, -0.890869141, 0.443359375, 0.0975341797, 0.426004457, 0.742187848, 0.517298808, 0, 0, -0, 0, 0, 0, 0, 0.317999463, -0.114748389, -0.165662939, 0.197611808, -0.160205514, -0.967085169, 0.26940918, -0.939575195, 0.21081543, -0.942392207, -0.302215079, -0.14251807, 0, 1, 5, 1, 
678.035906, 45, 0.1, 0.1, 0.0191340546, 0.375670141, -0.0199665793, 0.991129137, -2.26637786e-005, -0.132902343, 0.132902344, 5.24395004e-006, 0.991129137, -2.17657981e-005, -1, 8.20950097e-006, 0.991129093, -1.35255728e-005, -0.132902673, 0.132902673, -1.2395629e-005, 0.991129093, -1.50530009e-005, -1, -1.04880837e-005, 0, 0, 0, 0, 0, 0, 0, 0.267982031, -0.154243677, -0.182524316, 0.156953038, 0.50241629, -0.850198286, -0.890869141, 0.443359375, 0.0975341797, 0.426004457, 0.742187848, 0.517298808, 0, 0, -0, 0, 0, 0, 0, 0.317999463, -0.114748389, -0.165662939, 0.197611808, -0.160205514, -0.967085169, 0.26940918, -0.939575195, 0.21081543, -0.942392207, -0.302215079, -0.14251807, 0, 1, 5, 1, 
678.036731, 45, 0.1, 0.1, 0.0191340536, 0.37567014, -0.0199632891, 0.991129383, -1.85811797e-005, -0.132900511, 0.13290051, -1.02617387e-005, 0.991129383, -1.97801435e-005, -1, -7.70126246e-006, 0.991129334, 2.65158746e-006, -0.132900878, 0.132900878, -1.60976471e-005, 0.991129334, 4.88674682e-007, -1, -1.63072485e-005, 0, 0, 0, 0, 0, 0, 0, 0.269448242, -0.153548779, -0.182250293, 0.14673252, 0.507063376, -0.849239738, -0.895874023, 0.432006836, 0.103149414, 0.419218977, 0.74577754, 0.517888541, 0, 0, -0, 0, 0, 0, 0, 0.317999463, -0.114748389, -0.165662939, 0.197611808, -0.160205514, -0.967085169, 0.26940918, -0.939575195, 0.21081543, -0.942392207, -0.302215079, -0.14251807, 0, 1, 5, 1, 
678.037538, 45, 0.1, 0.1, 0.0191340524, 0.375670141, -0.0199608276, 0.991129659, 5.65183786e-006, -0.132898452, 0.132898452, -1.40341296e-005, 0.991129659, 3.73659003e-006, -1, -1.46607626e-005, 0.991129601, 1.22879111e-005, -0.132898883, 0.132898883, -6.76978937e-006, 0.991129601, 1.1279215e-005, -1, -8.34278829e-006, 0, 0, 0, 0, 0, 0, 0, 0.269448242, -0.153548779, -0.182250293, 0.14673252, 0.507063376, -0.849239738, -0.895874023, 0.432006836, 0.103149414, 0.419218977, 0.74577754, 0.517888541, 0, 0, -0, 0, 0, 0, 0, 0.317999463, -0.114748389, -0.165662939, 0.197611808, -0.160205514, -0.967085169, 0.26940918, -0.939575195, 0.21081543, -0.942392207, -0.302215079, -0.14251807, 0, 1, 5, 1, 
678.038338, 45, 0.1, 0.1, 0.019134051, 0.375670142, -0.0199599317, 0.991129964, 1.77279273e-005, -0.132896177, 0.132896177, -6.01847678e-006, 0.991129964, 1.67708474e-005, -1, -8.32106644e-006, 0.9911299, 7.14319736e-006, -0.13289666, 0.132896659, 1.50813281e-005, 0.9911299, 9.08409461e-006, -1, 1.39982482e-005, 0, 0, 0, 0, 0, 0, 0, 0.269448242, -0.153548779, -0.182250293, 0.14673252, 0.507063376, -0.849239738, -0.895874023, 0.432006836, 0.103149414, 0.419218977, 0.74577754, 0.517888541, 0, 0, -0, 0, 0, 0, 0, 0.317999463, -0.114748389, -0.165662939, 0.197611808, -0.160205514, -0.967085169, 0.26940918, -0.939575195, 0.21081543, -0.942392207, -0.302215079, -0.14251807, 0, 1, 5, 1, 
678.039166, 45, 0.1, 0.1, 0.0191340502, 0.375670143, -0.0199604522, 0.991130311, 1.20854727e-005, -0.132893589, 0.132893589, 1.4008177e-005, 0.991130311, 1.38398752e-005, -1, 1.2277847e-005, 0.991130244, -1.11093492e-005, -0.132894092, 0.132894092, 1.93110913e-005, 0.991130244, -8.44448203e-006, -1, 2.06161735e-005, 0, 0, 0, 0, 0, 0, 0, 0.271183105, -0.15318772, -0.181592651, 0.137394167, 0.509496064, -0.849411602, -0.900390625, 0.421386719, 0.107055664, 0.412540959, 0.750212325, 0.516803434, 0, 0, -0, 0, 0, 0, 0, 0.319349902, -0.114543701, -0.16499248, 0.196979647, -0.157683066, -0.967640771, 0.278808594, -0.937133789, 0.209472656, -0.939881053, -0.311032919, -0.140735325, 0, 1, 5, 1, 
678.039969, 45, 0.1, 0.1, 0.019134051, 0.375670143, -0.019962387, 0.991130675, -6.10796196e-006, -0.132890878, 0.132890878, 1.60452542e-005, 0.991130675, -3.92152054e-006, -1, 1.6714636e-005, 0.9911306, -1.30704278e-005, -0.132891432, 0.132891432, 8.69569822e-006, 0.9911306, -1.17989172e-005, -1, 1.03555205e-005, 0, 0, 0, 0, 0, 0, 0, 0.271183105, -0.15318772, -0.181592651, 0.137394167, 0.509496064, -0.849411602, -0.900390625, 0.421386719, 0.107055664, 0.412540959, 0.750212325, 0.516803434, 0, 0, -0, 0, 0, 0, 0, 0.319349902, -0.114543701, -0.16499248, 0.196979647, -0.157683066, -0.967640771, 0.278808594, -0.937133789, 0.209472656, -0.939881053, -0.311032919, -0.140735325, 0, 1, 5, 1, 
678.040771, 45, 0.1, 0.1, 0.019134053, 0.375670142, -0.0199650272, 0.991131053, -1.10558018e-005, -0.132888053, 0.132888054, 7.47884726e-006, 0.991131053, -9.96389906e-006, -1, 8.88170174e-006, 0.991130977, -2.48108499e-006, -0.132888623, 0.132888623, -1.03865567e-005, 0.991130977, -3.83933541e-006, -1, -9.96473017e-006, 0, 0, 0, 0, 0, 0, 0, 0.271183105, -0.15318772, -0.181592651, 0.137394167, 0.509496064, -0.849411602, -0.900390625, 0.421386719, 0.107055664, 0.412540959, 0.750212325, 0.516803434, 0, 0, -0, 0, 0, 0, 0, 0.319349902, -0.114543701, -0.16499248, 0.196979647, -0.157683066, -0.967640771, 0.278808594, -0.937133789, 0.209472656, -0.939881053, -0.311032919, -0.140735325, 0, 1, 5, 1, 
678.041579, 45, 0.1, 0.1, 0.0191340547, 0.375670142, -0.0199674438, 0.991131446, -5.55924872e-006, -0.132885129, 0.132885129, -9.12070401e-006, 0.991131446, -6.72195215e-006, -1, -8.30107507e-006, 0.991131367, 1.36677029e-005, -0.132885712, 0.132885712, -1.33538812e-005, 0.991131367, 1.1771949e-005, -1, -1.5051693e-005, 0, 0, 0, 0, 0, 0, 0, 0.271183105, -0.15318772, -0.181592651, 0.137394167, 0.509496064, -0.849411602, -0.900390625, 0.421386719, 0.107055664, 0.412540959, 0.750212325, 0.516803434, 0, 0, -0, 0, 0, 0, 0, 0.319349902, -0.114543701, -0.16499248, 0.196979647, -0.157683066, -0.967640771, 0.278808594, -0.937133789, 0.209472656, -0.939881053, -0.311032919, -0.140735325, 0, 1, 5, 1, 
678.042378, 45, 0.1, 0.1, 0.019134055, 0.375670143, -0.0199688189, 0.99113184, 7.99414313e-006, -0.132882184, 0.132882184, -1.14433784e-005, 0.99113184, 6.40262868e-006, -1, -1.24041759e-005, 0.991131761, 1.41641721e-005, -0.132882778, 0.132882778, -5.32476439e-006, 0.991131761, 1.33309913e-005, -1, -7.15971764e-006, 0, 0, 0, 0, 0, 0, 0, 0.271183105, -0.15318772, -0.181592651, 0.137394167, 0.509496064, -0.849411602, -0.900390625, 0.421386719, 0.107055664, 0.412540959, 0.750212325, 0.516803434, 0, 0, -0, 0, 0, 0, 0, 0.319349902, -0.114543701, -0.16499248, 0.196979647, -0.157683066, -0.967640771, 0.278808594, -0.937133789, 0.209472656, -0.939881053, -0.311032919, -0.140735325, 0, 1, 5, 1, 
678.043175, 45, 0.1, 0.1, 0.0191340538, 0.375670144, -0.019968845, 0.991132237, 1.15904312e-005, -0.132879226, 0.132879226, -6.10174798e-006, 0.991132237, 1.06768545e-005, -1, -7.58776666e-006, 0.991132157, 4.42385448e-006, -0.132879821, 0.132879821, 1.02835881e-005, 0.991132157, 5.75110579e-006, -1, 9.60455387e-006, 0, 0, 0, 0, 0, 0, 0, 0.271183105, -0.15318772, -0.181592651, 0.137394167, 0.509496064, -0.849411602, -0.900390625, 0.421386719, 0.107055664, 0.412540959, 0.750212325, 0.516803434, 0, 0, -0, 0, 0, 0, 0, 0.319349902, -0.114543701, -0.16499248, 0.196979647, -0.157683066, -0.967640771, 0.278808594, -0.937133789, 0.209472656, -0.939881053, -0.311032919, -0.140735325, 0, 1, 5, 1, 
678.044012, 45, 0.1, 0.1, 0.0191340522, 0.375670145, -0.0199672923, 0.991132656, 6.4064402e-006, -0.132876101, 0.132876101, 1.06440216e-005, 0.991132656, 7.76396818e-006, -1, 9.69837461e-006, 0.991132576, -1.27898004e-005, -0.132876699, 0.132876699, 1.5553292e-005, 0.991132576, -1.06097177e-005, -1, 1.71148409e-005, 0, 0, 0, 0, 0, 0, 0, 0.271979004, -0.153417432, -0.18054126, 0.131319368, 0.509167684, -0.850536023, -0.902832031, 0.415649414, 0.10949707, 0.409300987, 0.753601318, 0.514386094, 0, 0, -0, 0, 0, 0, 0, 0.319997168, -0.114799414, -0.164080469, 0.19604708, -0.156156984, -0.96796633, 0.285644531, -0.935180664, 0.208740234, -0.938015186, -0.317377885, -0.138805659, 0, 1, 5, 1, 
678.044814, 45, 0.1, 0.1, 0.0191340517, 0.375670144, -0.0199648893, 0.991133066, -1.01022377e-005, -0.132873039, 0.132873039, 1.30352941e-005, 0.991133066, -8.28062273e-006, -1, 1.4262026e-005, 0.991132984, -1.73894705e-005, -0.132873653, 0.132873654, 6.80235252e-006, 0.991132984, -1.63314244e-005, -1, 9.05263843e-006, 0, 0, 0, 0, 0, 0, 0, 0.271979004, -0.153417432, -0.18054126, 0.131319368, 0.509167684, -0.850536023, -0.902832031, 0.415649414, 0.10949707, 0.409300987, 0.753601318, 0.514386094, 0, 0, -0, 0, 0, 0, 0, 0.319997168, -0.114799414, -0.164080469, 0.19604708, -0.156156984, -0.96796633, 0.285644531, -0.935180664, 0.208740234, -0.938015186, -0.317377885, -0.138805659, 0, 1, 5, 1, 
678.04562, 45, 0.1, 0.1, 0.0191340528, 0.375670142, -0.0199626392, 0.991133487, -1.56797736e-005, -0.132869904, 0.132869904, 4.80174687e-006, 0.991133487, -1.4902741e-005, -1, 6.84254213e-006, 0.991133402, -7.16488394e-006, -0.132870534, 0.132870533, -1.46606945e-005, 0.991133402, -9.04933009e-006, -1, -1.3578702e-005, 0, 0, 0, 0, 0, 0, 0, 0.271979004, -0.153417432, -0.18054126, 0.131319368, 0.509167684, -0.850536023, -0.902832031, 0.415649414, 0.10949707, 0.409300987, 0.753601318, 0.514386094, 0, 0, -0, 0, 0, 0, 0, 0.319997168, -0.114799414, -0.164080469, 0.19604708, -0.156156984, -0.96796633, 0.285644531, -0.935180664, 0.208740234, -0.938015186, -0.317377885, -0.138805659, 0, 1, 5, 1, 
678.046446, 45, 0.1, 0.1, 0.0191340541, 0.375670141, -0.0199612377, 0.991133929, -1.08217072e-005, -0.132866605, 0.132866605, -1.39343355e-005, 0.991133929, -1.2577169e-005, -1, -1.23729492e-005, 0.991133835, 1.35183855e-005, -0.132867306, 0.132867307, -1.99117301e-005, 0.991133835, 1.07529113e-005, -1, -2.15313409e-005, 0, 0, 0, 0, 0, 0, 0, 0.272637354, -0.154210059, -0.180518188, 0.126699614, 0.511134955, -0.850072849, -0.903198242, 0.413574219, 0.114013672, 0.4097855, 0.753536917, 0.514189143, 0, 0, -0, 0, 0, 0, 0, 0.319997168, -0.114799414, -0.164080469, 0.19347869, -0.152771232, -0.969084098, 0.290893555, -0.934326172, 0.205322266, -0.936934965, -0.321563509, -0.136345544, 0, 1, 5, 1, 
678.047244, 45, 0.1, 0.1, 0.0191340544, 0.375670141, -0.0199609565, 0.99113437, 1.14389029e-005, -0.132863317, 0.132863317, -1.67206463e-005, 0.99113437, 9.11592932e-006, -1, -1.80922178e-005, 0.991134281, 1.84072164e-005, -0.132863977, 0.132863977, -9.43029469e-006, 0.991134281, 1.69910767e-005, -1, -1.17923443e-005, 0, 0, 0, 0, 0, 0, 0, 0.272637354, -0.154210059, -0.180518188, 0.126699614, 0.511134955, -0.850072849, -0.903198242, 0.413574219, 0.114013672, 0.4097855, 0.753536917, 0.514189143, 0, 0, -0, 0, 0, 0, 0, 0.320296436, -0.115109912, -0.164102686, 0.19347869, -0.152771232, -0.969084098, 0.290893555, -0.934326172, 0.205322266, -0.936934965, -0.321563509, -0.136345544, 0, 1, 5, 1, 
678.048276, 45, 0.1, 0.1, 0.0191340538, 0.375670145, -0.0199596518, 0.991134964, 2.8184146e-005, -0.132858883, 0.132858883, -8.5976711e-007, 0.991134964, 2.78200649e-005, -1, -4.59665941e-006, 0.991134868, 1.9020597e-005, -0.132859596, 0.132859596, 2.10720651e-005, 0.991134868, 2.1651603e-005, -1, 1.83581897e-005, 0, 0, 0, 0, 0, 0, 0, 0.272637354, -0.154210059, -0.180518188, 0.126699614, 0.511134955, -0.850072849, -0.903198242, 0.413574219, 0.114013672, 0.4097855, 0.753536917, 0.514189143, 0, 0, -0, 0, 0, 0, 0, 0.320296436, -0.115109912, -0.164102686, 0.19347869, -0.152771232, -0.969084098, 0.290893555, -0.934326172, 0.205322266, -0.936934965, -0.321563509, -0.136345544, 0, 1, 5, 1, 
678.049075, 45, 0.1, 0.1, 0.0191340541, 0.375670147, -0.0199592265, 0.99113544, 1.26886334e-005, -0.132855335, 0.132855334, 1.38605445e-005, 0.99113544, 1.44176015e-005, -1, 1.20519242e-005, 0.991135347, -8.76008496e-006, -0.132856028, 0.132856028, 2.0504508e-005, 0.991135347, -5.95828235e-006, -1, 2.14865728e-005, 0, 0, 0, 0, 0, 0, 0, 0.272637354, -0.154210059, -0.180518188, 0.126699614, 0.511134955, -0.850072849, -0.903198242, 0.413574219, 0.114013672, 0.4097855, 0.753536917, 0.514189143, 0, 0, -0, 0, 0, 0, 0, 0.320296436, -0.115109912, -0.164102686, 0.19347869, -0.152771232, -0.969084098, 0.290893555, -0.934326172, 0.205322266, -0.936934965, -0.321563509, -0.136345544, 0, 1, 5, 1, 
678.049881, 45, 0.1, 0.1, 0.0191340533, 0.375670146, -0.0199607809, 0.991135928, -1.71426932e-005, -0.132851693, 0.132851693, 1.14763538e-005, 0.991135928, -1.54660861e-005, -1, 1.36520624e-005, 0.991135831, -2.29940916e-005, -0.132852412, 0.132852412, 4.87068046e-006, 0.991135832, -2.21431864e-005, -1, 7.88232646e-006, 0, 0, 0, 0, 0, 0, 0, 0.272637354, -0.154210059, -0.180518188, 0.126699614, 0.511134955, -0.850072849, -0.903198242, 0.413574219, 0.114013672, 0.4097855, 0.753536917, 0.514189143, 0, 0, -0, 0, 0, 0, 0, 0.320296436, -0.115109912, -0.164102686, 0.19347869, -0.152771232, -0.969084098, 0.290893555, -0.934326172, 0.205322266, -0.936934965, -0.321563509, -0.136345544, 0, 1, 5, 1, 
678.050676, 45, 0.1, 0.1, 0.0191340528, 0.375670143, -0.0199636248, 0.991136412, -2.17623509e-005, -0.132848078, 0.132848078, 1.42081478e-006, 0.991136412, -2.13807059e-005, -1, 4.29930777e-006, 0.991136316, -1.36783223e-005, -0.132848797, 0.132848797, -1.69300331e-005, 0.991136316, -1.58062165e-005, -1, -1.4962822e-005, 0, 0, 0, 0, 0, 0, 0, 0.272637354, -0.154210059, -0.180518188, 0.126699614, 0.511134955, -0.850072849, -0.903198242, 0.413574219, 0.114013672, 0.4097855, 0.753536917, 0.514189143, 0, 0, -0, 0, 0, 0, 0, 0.320296436, -0.115109912, -0.164102686, 0.19347869, -0.152771232, -0.969084098, 0.290893555, -0.934326172, 0.205322266, -0.936934965, -0.321563509, -0.136345544, 0, 1, 5, 1, 
678.05151, 45, 0.1, 0.1, 0.0191340529, 0.375670142, -0.0199667859, 0.991136919, -1.11196232e-005, -0.1328443, 0.1328443, -1.23206619e-005, 0.991136919, -1.26577988e-005, -1, -1.07342843e-005, 0.99113681, 8.85313075e-006, -0.132845115, 0.132845115, -1.81302058e-005, 0.991136809, 6.36615449e-006, -1, -1.91456095e-005, 0, 0, 0, 0, 0, 0, 0, 0.273533472, -0.154574634, -0.180052051, 0.122522816, 0.512671252, -0.849692051, -0.904785156, 0.409423828, 0.116455078, 0.407604425, 0.754653102, 0.514252422, 0, 0, -0, 0, 0, 0, 0, 0.320296436, -0.115109912, -0.164102686, 0.19162595, -0.149736926, -0.969882503, 0.296020508, -0.933349609, 0.202636719, -0.935656783, -0.325908813, -0.13458832, 0, 1, 5, 1, 
678.052308, 45, 0.1, 0.1, 0.0191340533, 0.375670142, -0.0199686501, 0.991137399, 1.21844831e-005, -0.13284072, 0.13284072, -1.07434891e-005, 0.991137399, 1.06493241e-005, -1, -1.22668694e-005, 0.991137304, 1.66879278e-005, -0.132841423, 0.132841423, -5.4204785e-006, 0.991137304, 1.58199637e-005, -1, -7.58928653e-006, 0, 0, 0, 0, 0, 0, 0, 0.273533472, -0.154574634, -0.180052051, 0.122522816, 0.512671252, -0.849692051, -0.904785156, 0.409423828, 0.116455078, 0.407604425, 0.754653102, 0.514252422, 0, 0, -0, 0, 0, 0, 0, 0.320870459, -0.115447021, -0.16367207, 0.19162595, -0.149736926, -0.969882503, 0.296020508, -0.933349609, 0.202636719, -0.935656783, -0.325908813, -0.13458832, 0, 1, 5, 1, 
678.053103, 45, 0.1, 0.1, 0.0191340538, 0.375670144, -0.0199692316, 0.991137868, 1.96721998e-005, -0.13283722, 0.13283722, -2.81485342e-006, 0.991137868, 1.91239449e-005, -1, -5.40310815e-006, 0.991137774, 1.23185388e-005, -0.132837921, 0.132837921, 1.29158009e-005, 0.991137774, 1.39250773e-005, -1, 1.11649691e-005, 0, 0, 0, 0, 0, 0, 0, 0.273533472, -0.154574634, -0.180052051, 0.122522816, 0.512671252, -0.849692051, -0.904785156, 0.409423828, 0.116455078, 0.407604425, 0.754653102, 0.514252422, 0, 0, -0, 0, 0, 0, 0, 0.320870459, -0.115447021, -0.16367207, 0.19162595, -0.149736926, -0.969882503, 0.296020508, -0.933349609, 0.202636719, -0.935656783, -0.325908813, -0.13458832, 0, 1, 5, 1, 
678.05391, 45, 0.1, 0.1, 0.019134054, 0.375670145, -0.0199683623, 0.991138336, 1.12279931e-005, -0.13283373, 0.13283373, 1.16203958e-005, 0.991138336, 1.26720749e-005, -1, 1.00259635e-005, 0.991138244, -6.14365883e-006, -0.13283441, 0.13283441, 1.64956814e-005, 0.991138244, -3.89802112e-006, -1, 1.716559e-005, 0, 0, 0, 0, 0, 0, 0, 0.273533472, -0.154574634, -0.180052051, 0.122522816, 0.512671252, -0.849692051, -0.904785156, 0.409423828, 0.116455078, 0.407604425, 0.754653102, 0.514252422, 0, 0, -0, 0, 0, 0, 0, 0.320870459, -0.115447021, -0.16367207, 0.19162595, -0.149736926, -0.969882503, 0.296020508, -0.933349609, 0.202636719, -0.935656783, -0.325908813, -0.13458832, 0, 1, 5, 1, 
678.054721, 45, 0.1, 0.1, 0.0191340536, 0.375670145, -0.0199663151, 0.991138803, -1.20850106e-005, -0.132830241, 0.132830241, 1.46832484e-005, 0.991138803, -1.00275436e-005, -1, 1.61583921e-005, 0.991138712, -1.78987626e-005, -0.132830923, 0.132830923, 8.83160503e-006, 0.991138712, -1.65670462e-005, -1, 1.11308548e-005, 0, 0, 0, 0, 0, 0, 0, 0.273533472, -0.154574634, -0.180052051, 0.122522816, 0.512671252, -0.849692051, -0.904785156, 0.409423828, 0.116455078, 0.407604425, 0.754653102, 0.514252422, 0, 0, -0, 0, 0, 0, 0, 0.320870459, -0.115447021, -0.16367207, 0.19162595, -0.149736926, -0.969882503, 0.296020508, -0.933349609, 0.202636719, -0.935656783, -0.325908813, -0.13458832, 0, 1, 5, 1, 
678.055521, 45, 0.1, 0.1, 0.0191340534, 0.375670144, -0.0199639497, 0.991139262, -2.15777216e-005, -0.132826812, 0.132826812, 6.48620498e-006, 0.991139263, -2.05249851e-005, -1, 9.29483239e-006, 0.99113917, -1.30970155e-005, -0.132827504, 0.132827504, -1.18634345e-005, 0.99113917, -1.45567555e-005, -1, -1.00186707e-005, 0, 0, 0, 0, 0, 0, 0, 0.273533472, -0.154574634, -0.180052051, 0.122522816, 0.512671252, -0.849692051, -0.904785156, 0.409423828, 0.116455078, 0.407604425, 0.754653102, 0.514252422, 0, 0, -0, 0, 0, 0, 0, 0.320870459, -0.115447021, -0.16367207, 0.19162595, -0.149736926, -0.969882503, 0.296020508, -0.933349609, 0.202636719, -0.935656783, -0.325908813, -0.13458832, 0, 1, 5, 1, 
678.056347, 45, 0.1, 0.1, 0.0191340535, 0.375670142, -0.0199618866, 0.991139741, -1.35651856e-005, -0.13282324, 0.13282324, -1.55657383e-005, 0.991139741, -1.55124863e-005, -1, -1.362605e-005, 0.991139649, 7.87132134e-006, -0.132823928, 0.132823928, -2.10137979e-005, 0.991139649, 5.01044348e-006, -1, -2.18731081e-005, 0, 0, 0, 0, 0, 0, 0, 0.274610107, -0.15560625, -0.17982063, 0.117502046, 0.514245742, -0.849508204, -0.90637207, 0.404907227, 0.119750977, 0.405557023, 0.756010423, 0.513852528, 0, 0, -0, 0, 0, 0, 0, 0.321368066, -0.116057178, -0.16367085, 0.188693355, -0.147431028, -0.970808506, 0.301391602, -0.932250977, 0.200195313, -0.934614841, -0.330330676, -0.131617079, 0, 1, 5, 1, 
678.057145, 45, 0.1, 0.1, 0.0191340536, 0.375670142, -0.0199609023, 0.991140212, 1.11650978e-005, -0.132819729, 0.132819729, -1.8510271e-005, 0.991140212, 8.60764821e-006, -1, -1.98292192e-005, 0.991140118, 1.771699e-005, -0.132820428, 0.132820428, -1.13709608e-005, 0.991140118, 1.60497236e-005, -1, -1.36233936e-005, 0, 0, 0, 0, 0, 0, 0, 0.274610107, -0.15560625, -0.17982063, 0.117502046, 0.514245742, -0.849508204, -0.90637207, 0.404907227, 0.119750977, 0.405557023, 0.756010423, 0.513852528, 0, 0, -0, 0, 0, 0, 0, 0.321368066, -0.116057178, -0.16367085, 0.188693355, -0.147431028, -0.970808506, 0.301391602, -0.932250977, 0.200195313, -0.934614841, -0.330330676, -0.131617079, 0, 1, 5, 1, 
678.057952, 45, 0.1, 0.1, 0.0191340532, 0.375670143, -0.0199613827, 0.991140693, 2.0472313e-005, -0.132816134, 0.132816134, -9.05749332e-006, 0.991140694, 1.90879613e-005, -1, -1.16963037e-005, 0.991140593, 1.0666474e-005, -0.132816882, 0.132816882, 1.1199769e-005, 0.991140593, 1.20594938e-005, -1, 9.6838579e-006, 0, 0, 0, 0, 0, 0, 0, 0.274610107, -0.15560625, -0.17982063, 0.117502046, 0.514245742, -0.849508204, -0.90637207, 0.404907227, 0.119750977, 0.405557023, 0.756010423, 0.513852528, 0, 0, -0, 0, 0, 0, 0, 0.321368066, -0.116057178, -0.16367085, 0.188693355, -0.147431028, -0.970808506, 0.301391602, -0.932250977, 0.200195313, -0.934614841, -0.330330676, -0.131617079, 0, 1, 5, 1, 
678.058786, 45, 0.1, 0.1, 0.019134053, 0.375670143, -0.0199628407, 0.991141197, 1.36919487e-005, -0.132812376, 0.132812376, 1.315795e-005, 0.991141197, 1.5318193e-005, -1, 1.12229261e-005, 0.991141092, -9.18104645e-006, -0.132813161, 0.132813161, 1.77876843e-005, 0.991141092, -6.73727382e-006, -1, 1.88494687e-005, 0, 0, 0, 0, 0, 0, 0, 0.276117236, -0.156503003, -0.178755078, 0.112321394, 0.513955554, -0.850397481, -0.909057617, 0.39855957, 0.120727539, 0.400939512, 0.75964055, 0.512139496, 0, 0, -0, 0, 0, 0, 0, 0.321368066, -0.116057178, -0.16367085, 0.188029111, -0.14639675, -0.971095786, 0.306762695, -0.930541992, 0.199707031, -0.932966258, -0.335499906, -0.130051618, 0, 1, 5, 1, 
678.059585, 45, 0.1, 0.1, 0.0191340535, 0.375670143, -0.0199645554, 0.991141683, -9.1973768e-006, -0.132808748, 0.132808748, 1.84346597e-005, 0.991141683, -6.66761944e-006, -1, 1.94928518e-005, 0.991141588, -1.44602583e-005, -0.132809462, 0.132809462, 1.15455723e-005, 0.991141588, -1.27988021e-005, -1, 1.3363756e-005, 0, 0, 0, 0, 0, 0, 0, 0.276117236, -0.156503003, -0.178755078, 0.112321394, 0.513955554, -0.850397481, -0.909057617, 0.39855957, 0.120727539, 0.400939512, 0.75964055, 0.512139496, 0, 0, -0, 0, 0, 0, 0, 0.322251758, -0.116767188, -0.162540723, 0.188029111, -0.14639675, -0.971095786, 0.306762695, -0.930541992, 0.199707031, -0.932966258, -0.335499906, -0.130051618, 0, 1, 5, 1, 
678.06039, 45, 0.1, 0.1, 0.0191340541, 0.375670143, -0.0199662884, 0.99114217, -1.74103533e-005, -0.132805117, 0.132805117, 9.71289549e-006, 0.99114217, -1.59662132e-005, -1, 1.19390443e-005, 0.991142071, -8.87609892e-006, -0.132805852, 0.132805852, -7.45275645e-006, 0.991142071, -9.78724474e-006, -1, -6.20794259e-006, 0, 0, 0, 0, 0, 0, 0, 0.276117236, -0.156503003, -0.178755078, 0.112321394, 0.513955554, -0.850397481, -0.909057617, 0.39855957, 0.120727539, 0.400939512, 0.75964055, 0.512139496, 0, 0, -0, 0, 0, 0, 0, 0.322251758, -0.116767188, -0.162540723, 0.188029111, -0.14639675, -0.971095786, 0.306762695, -0.930541992, 0.199707031, -0.932966258, -0.335499906, -0.130051618, 0, 1, 5, 1, 
678.061189, 45, 0.1, 0.1, 0.0191340544, 0.375670143, -0.0199674367, 0.991142648, -1.03338165e-005, -0.13280155, 0.13280155, -9.70646879e-006, 0.991142648, -1.15313203e-005, -1, -8.24814833e-006, 0.991142554, 8.08230101e-006, -0.132802252, 0.132802252, -1.32298814e-005, 0.991142554, 6.25375442e-006, -1, -1.41860462e-005, 0, 0, 0, 0, 0, 0, 0, 0.276117236, -0.156503003, -0.178755078, 0.112321394, 0.513955554, -0.850397481, -0.909057617, 0.39855957, 0.120727539, 0.400939512, 0.75964055, 0.512139496, 0, 0, -0, 0, 0, 0, 0, 0.322251758, -0.116767188, -0.162540723, 0.188029111, -0.14639675, -0.971095786, 0.306762695, -0.930541992, 0.199707031, -0.932966258, -0.335499906, -0.130051618, 0, 1, 5, 1, 
678.061987, 45, 0.1, 0.1, 0.0191340543, 0.375670143, -0.0199677316, 0.991143121, 8.05631139e-006, -0.132798018, 0.132798018, -1.61448769e-005, 0.991143121, 5.84094996e-006, -1, -1.70717458e-005, 0.991143028, 1.37757001e-005, -0.132798713, 0.132798713, -9.52273163e-006, 0.991143028, 1.23890826e-005, -1, -1.12677843e-005, 0, 0, 0, 0, 0, 0, 0, 0.276117236, -0.156503003, -0.178755078, 0.112321394, 0.513955554, -0.850397481, -0.909057617, 0.39855957, 0.120727539, 0.400939512, 0.75964055, 0.512139496, 0, 0, -0, 0, 0, 0, 0, 0.322251758, -0.116767188, -0.162540723, 0.188029111, -0.14639675, -0.971095786, 0.306762695, -0.930541992, 0.199707031, -0.932966258, -0.335499906, -0.130051618, 0, 1, 5, 1, 
678.062795, 45, 0.1, 0.1, 0.0191340535, 0.375670143, -0.0199670389, 0.991143594, 1.51318198e-005, -0.132794485, 0.132794485, -1.1238862e-005, 0.991143594, 1.35053474e-005, -1, -1.31487483e-005, 0.9911435, 7.25440514e-006, -0.132795186, 0.132795186, 6.12222459e-006, 0.9911435, 8.00315846e-006, -1, 5.10465303e-006, 0, 0, 0, 0, 0, 0, 0, 0.276117236, -0.156503003, -0.178755078, 0.112321394, 0.513955554, -0.850397481, -0.909057617, 0.39855957, 0.120727539, 0.400939512, 0.75964055, 0.512139496, 0, 0, -0, 0, 0, 0, 0, 0.322251758, -0.116767188, -0.162540723, 0.188029111, -0.14639675, -0.971095786, 0.306762695, -0.930541992, 0.199707031, -0.932966258, -0.335499906, -0.130051618, 0, 1, 5, 1, 
678.063632, 45, 0.1, 0.1, 0.0191340529, 0.375670143, -0.0199654877, 0.991144082, 1.20771904e-005, -0.132790847, 0.132790847, 6.81790358e-006, 0.991144082, 1.28755909e-005, -1, 5.15378445e-006, 0.99114398, -9.56396155e-006, -0.132791607, 0.132791607, 1.17517914e-005, 0.99114398, -7.91872364e-006, -1, 1.29177311e-005, 0, 0, 0, 0, 0, 0, 0, 0.27732312, -0.157057739, -0.178068384, 0.105592462, 0.51606361, -0.850054875, -0.911743164, 0.391235352, 0.124267578, 0.396690817, 0.762025689, 0.511961641, 0, 0, -0, 0, 0, 0, 0, 0.322251758, -0.116767188, -0.162540723, 0.185869769, -0.143694931, -0.97195799, 0.313476562, -0.928833008, 0.197387695, -0.931106588, -0.341353069, -0.127687385, 0, 1, 5, 1, 
678.064432, 45, 0.1, 0.1, 0.0191340529, 0.375670142, -0.0199635807, 0.991144551, -9.88522855e-006, -0.132787348, 0.132787348, 1.37126552e-005, 0.99114455, -7.97682328e-006, -1, 1.49038567e-005, 0.991144456, -1.61393132e-005, -0.132788052, 0.132788052, 6.11065062e-006, 0.991144456, -1.51849694e-005, -1, 8.19964544e-006, 0, 0, 0, 0, 0, 0, 0, 0.27732312, -0.157057739, -0.178068384, 0.105592462, 0.51606361, -0.850054875, -0.911743164, 0.391235352, 0.124267578, 0.396690817, 0.762025689, 0.511961641, 0, 0, -0, 0, 0, 0, 0, 0.323040967, -0.117158008, -0.16187832, 0.185869769, -0.143694931, -0.97195799, 0.313476562, -0.928833008, 0.197387695, -0.931106588, -0.341353069, -0.127687385, 0, 1, 5, 1, 
678.065229, 45, 0.1, 0.1, 0.0191340534, 0.375670141, -0.0199623428, 0.991145019, -1.96979652e-005, -0.13278385, 0.13278385, 9.26207674e-006, 0.991145019, -1.82936859e-005, -1, 1.17956329e-005, 0.991144925, -1.0572344e-005, -0.132784554, 0.132784554, -1.06402081e-005, 0.991144925, -1.18915804e-005, -1, -9.14214424e-006, 0, 0, 0, 0, 0, 0, 0, 0.27732312, -0.157057739, -0.178068384, 0.105592462, 0.51606361, -0.850054875, -0.911743164, 0.391235352, 0.124267578, 0.396690817, 0.762025689, 0.511961641, 0, 0, -0, 0, 0, 0, 0, 0.323040967, -0.117158008, -0.16187832, 0.185869769, -0.143694931, -0.97195799, 0.313476562, -0.928833008, 0.197387695, -0.931106588, -0.341353069, -0.127687385, 0, 1, 5, 1, 
678.066033, 45, 0.1, 0.1, 0.0191340539, 0.375670141, -0.0199620837, 0.991145496, -1.17315656e-005, -0.13278029, 0.13278029, -9.30423857e-006, 0.991145496, -1.28631079e-005, -1, -7.66413348e-006, 0.991145402, 9.84821565e-006, -0.132780994, 0.132780994, -1.42687472e-005, 0.991145402, 7.86639523e-006, -1, -1.5450059e-005, 0, 0, 0, 0, 0, 0, 0, 0.27732312, -0.157057739, -0.178068384, 0.105592462, 0.51606361, -0.850054875, -0.911743164, 0.391235352, 0.124267578, 0.396690817, 0.762025689, 0.511961641, 0, 0, -0, 0, 0, 0, 0, 0.323040967, -0.117158008, -0.16187832, 0.185869769, -0.143694931, -0.97195799, 0.313476562, -0.928833008, 0.197387695, -0.931106588, -0.341353069, -0.127687385, 0, 1, 5, 1, 
678.066841, 45, 0.1, 0.1, 0.019134054, 0.375670142, -0.0199627303, 0.991145982, 1.12545505e-005, -0.132776666, 0.132776666, -1.397914e-005, 0.991145982, 9.29879892e-006, -1, -1.53497102e-005, 0.991145886, 1.75316497e-005, -0.132777379, 0.132777379, -6.38848734e-006, 0.991145886, 1.65281758e-005, -1, -8.65972944e-006, 0, 0, 0, 0, 0, 0, 0, 0.27732312, -0.157057739, -0.178068384, 0.105592462, 0.51606361, -0.850054875, -0.911743164, 0.391235352, 0.124267578, 0.396690817, 0.762025689, 0.511961641, 0, 0, -0, 0, 0, 0, 0, 0.323040967, -0.117158008, -0.16187832, 0.185869769, -0.143694931, -0.97195799, 0.313476562, -0.928833008, 0.197387695, -0.931106588, -0.341353069, -0.127687385, 0, 1, 5, 1, 
678.067647, 45, 0.1, 0.1, 0.0191340537, 0.375670143, -0.0199640361, 0.991146467, 1.91720291e-005, -0.132773044, 0.132773045, -7.90897907e-006, 0.991146467, 1.79521896e-005, -1, -1.03844853e-005, 0.991146371, 1.05948295e-005, -0.132773761, 0.132773761, 1.07555576e-005, 0.991146371, 1.19290827e-005, -1, 9.25361654e-006, 0, 0, 0, 0, 0, 0, 0, 0.27732312, -0.157057739, -0.178068384, 0.105592462, 0.51606361, -0.850054875, -0.911743164, 0.391235352, 0.124267578, 0.396690817, 0.762025689, 0.511961641, 0, 0, -0, 0, 0, 0, 0, 0.323040967, -0.117158008, -0.16187832, 0.185869769, -0.143694931, -0.97195799, 0.313476562, -0.928833008, 0.197387695, -0.931106588, -0.341353069, -0.127687385, 0, 1, 5, 1, 
678.068473, 45, 0.1, 0.1, 0.0191340536, 0.375670143, -0.0199654626, 0.991146964, 1.27397259e-005, -0.132769334, 0.132769334, 9.06289507e-006, 0.991146964, 1.38302152e-005, -1, 7.29121601e-006, 0.991146859, -8.49559106e-006, -0.132770117, 0.132770118, 1.38924596e-005, 0.991146859, -6.5758749e-006, -1, 1.48974283e-005, 0, 0, 0, 0, 0, 0, 0, 0.278068848, -0.157422437, -0.17739585, 0.0985340287, 0.517530637, -0.849947412, -0.91394043, 0.384765625, 0.128295898, 0.393483046, 0.764265174, 0.511079477, 0, 0, -0, 0, 0, 0, 0, 0.323040967, -0.117158008, -0.16187832, 0.183480383, -0.141274196, -0.972737072, 0.319824219, -0.927124023, 0.195068359, -0.92939384, -0.346867547, -0.124946187, 0, 1, 5, 1, 
678.069266, 45, 0.1, 0.1, 0.0191340539, 0.375670142, -0.0199663775, 0.99114744, -8.49102637e-006, -0.132765779, 0.132765779, 1.3073844e-005, 0.99114744, -6.68009997e-006, -1, 1.40854248e-005, 0.991147345, -1.37655256e-005, -0.132766489, 0.132766489, 6.24515553e-006, 0.991147345, -1.28145168e-005, -1, 8.01746982e-006, 0, 0, 0, 0, 0, 0, 0, 0.278068848, -0.157422437, -0.17739585, 0.0985340287, 0.517530637, -0.849947412, -0.91394043, 0.384765625, 0.128295898, 0.393483046, 0.764265174, 0.511079477, 0, 0, -0, 0, 0, 0, 0, 0.323588623, -0.117783545, -0.16120249, 0.183480383, -0.141274196, -0.972737072, 0.319824219, -0.927124023, 0.195068359, -0.92939384, -0.346867547, -0.124946187, 0, 1, 5, 1, 
678.070064, 45, 0.1, 0.1, 0.0191340544, 0.375670141, -0.0199668351, 0.991147914, -1.72709021e-005, -0.13276224, 0.13276224, 7.88748647e-006, 0.991147914, -1.60708582e-005, -1, 1.01105894e-005, 0.99114782, -9.01306438e-006, -0.132762943, 0.132762943, -9.3326937e-006, 0.99114782, -1.0172315e-005, -1, -8.05347806e-006, 0, 0, 0, 0, 0, 0, 0, 0.278068848, -0.157422437, -0.17739585, 0.0985340287, 0.517530637, -0.849947412, -0.91394043, 0.384765625, 0.128295898, 0.393483046, 0.764265174, 0.511079477, 0, 0, -0, 0, 0, 0, 0, 0.323588623, -0.117783545, -0.16120249, 0.183480383, -0.141274196, -0.972737072, 0.319824219, -0.927124023, 0.195068359, -0.92939384, -0.346867547, -0.124946187, 0, 1, 5, 1, 
678.070862, 45, 0.1, 0.1, 0.0191340546, 0.375670141, -0.0199667026, 0.991148383, -1.13932185e-005, -0.132758736, 0.132758736, -8.47952013e-006, 0.991148383, -1.24181005e-005, -1, -6.89191338e-006, 0.991148291, 7.59284786e-006, -0.132759425, 0.132759425, -1.27495744e-005, 0.991148291, 5.83301201e-006, -1, -1.3644741e-005, 0, 0, 0, 0, 0, 0, 0, 0.278068848, -0.157422437, -0.17739585, 0.0985340287, 0.517530637, -0.849947412, -0.91394043, 0.384765625, 0.128295898, 0.393483046, 0.764265174, 0.511079477, 0, 0, -0, 0, 0, 0, 0, 0.323588623, -0.117783545, -0.16120249, 0.183480383, -0.141274196, -0.972737072, 0.319824219, -0.927124023, 0.195068359, -0.92939384, -0.346867547, -0.124946187, 0, 1, 5, 1, 
678.071659, 45, 0.1, 0.1, 0.0191340544, 0.375670142, -0.0199660944, 0.99114885, 8.14652384e-006, -0.13275525, 0.13275525, -1.38021767e-005, 0.99114885, 6.24210632e-006, -1, -1.47615054e-005, 0.991148758, 1.40190109e-005, -0.132755937, 0.132755938, -7.03856422e-006, 0.991148758, 1.2960514e-005, -1, -8.83737112e-006, 0, 0, 0, 0, 0, 0, 0, 0.278068848, -0.157422437, -0.17739585, 0.0985340287, 0.517530637, -0.849947412, -0.91394043, 0.384765625, 0.128295898, 0.393483046, 0.764265174, 0.511079477, 0, 0, -0, 0, 0, 0, 0, 0.323588623, -0.117783545, -0.16120249, 0.183480383, -0.141274196, -0.972737072, 0.319824219, -0.927124023, 0.195068359, -0.92939384, -0.346867547, -0.124946187, 0, 1, 5, 1, 
678.072455, 45, 0.1, 0.1, 0.0191340536, 0.375670142, -0.0199652424, 0.991149315, 1.60841392e-005, -0.132751783, 0.132751783, -9.10503615e-006, 0.991149315, 1.47330738e-005, -1, -1.11596485e-005, 0.99114922, 7.61644581e-006, -0.132752488, 0.132752488, 9.32299334e-006, 0.99114922, 8.78668489e-006, -1, 8.22937545e-006, 0, 0, 0, 0, 0, 0, 0, 0.278068848, -0.157422437, -0.17739585, 0.0985340287, 0.517530637, -0.849947412, -0.91394043, 0.384765625, 0.128295898, 0.393483046, 0.764265174, 0.511079477, 0, 0, -0, 0, 0, 0, 0, 0.323588623, -0.117783545, -0.16120249, 0.183480383, -0.141274196, -0.972737072, 0.319824219, -0.927124023, 0.195068359, -0.92939384, -0.346867547, -0.124946187, 0, 1, 5, 1, 
678.073283, 45, 0.1, 0.1, 0.019134053, 0.375670142, -0.0199642567, 0.991149797, 1.28119628e-005, -0.132748181, 0.132748181, 8.26908801e-006, 0.991149797, 1.37962807e-005, -1, 6.49514015e-006, 0.991149696, -9.80955086e-006, -0.132748936, 0.132748936, 1.36187145e-005, 0.991149696, -7.91486349e-006, -1, 1.48003922e-005, 0, 0, 0, 0, 0, 0, 0, 0.278120801, -0.157670923, -0.177535107, 0.0908296963, 0.521426987, -0.848347835, -0.914794922, 0.380126953, 0.135742188, 0.393220189, 0.763895237, 0.511814864, 0, 0, -0, 0, 0, 0, 0, 0.323588623, -0.117783545, -0.16120249, 0.179889741, -0.138271972, -0.973835517, 0.326171875, -0.92565918, 0.191650391, -0.927930091, -0.352075422, -0.1215021, 0, 1, 5, 1, 
