time, trialNum, realDorsalTactorPos, realVentralTactorPos, boxPosX, boxPosY, boxPosZ, boxLocalRot_11, boxLocalRot_12, boxLocalRot_13, boxLocalRot_21, boxLocalRot_22, boxLocalRot_23, boxLocalRot_31, boxLocalRot_32, boxLocalRot_33, boxGlobalRot_11, boxGlobalRot_12, boxGlobalRot_13, boxGlobalRot_21, boxGlobalRot_22, boxGlobalRot_23, boxGlobalRot_31, boxGlobalRot_32, boxGlobalRot_33, indexForceX, indexForceY, indexForceZ, indexForceGlobalX, indexForceGlobalY, indexForceGlobalZ, indexContact, indexPosX, indexPosY, indexPosZ, indexRot_11, indexRot_12, indexRot_13, indexRot_21, indexRot_22, indexRot_23, indexRot_31, indexRot_32, indexRot_33, thumbForceX, thumbForceY, thumbForceZ, thumbForceGlobalX, thumbForceGlobalY, thumbForceGlobalZ, thumbContact, thumbPosX, thumbPosY, thumbPosZ, thumbRot_11, thumbRot_12, thumbRot_13, thumbRot_21, thumbRot_22, thumbRot_23, thumbRot_31, thumbRot_32, thumbRot_33, manipForceTooHigh, cceExpType, mapping, trialSuccess, 
249.895227, 11, 0.1, 0.1, 0.00949722152, 0.341117178, -0.0199672366, 0.995518223, -0.0945699008, 4.28871902e-005, -0.0945699018, -0.995518223, 2.43043771e-005, 4.03965169e-005, -2.82512877e-005, -0.999999999, 0.995518227, -0.0945698592, 3.45408739e-005, -0.0945698605, -0.995518227, 3.70530276e-005, 3.088197e-005, -4.01534899e-005, -0.999999999, 0, 0, 0, 0, 0, 0, 0, 0.313518335, -0.155604736, -0.210600415, 0.14357347, 0.409505565, -0.900956739, -0.923461914, 0.382568359, 0.0267333984, 0.355575107, 0.828216008, 0.433262166, 0, 0, -0, 0, 0, 0, 0, 0.354075537, -0.120468311, -0.181945459, 0.364383759, -0.175927694, -0.914460047, 0.3671875, -0.87512207, 0.314697266, -0.85563688, -0.450422342, -0.254328977, 0, 1, 1, 1, 
249.914693, 11, 0.1, 0.1, 0.00949720331, 0.341117092, -0.0199564415, 0.995511318, -0.0946425626, -1.36226624e-005, -0.0946425634, -0.995511316, -7.39522406e-005, -6.56248505e-006, 7.49095763e-005, -0.999999997, 0.995511333, -0.0946424102, -2.96189968e-005, -0.0946424114, -0.995511332, -4.04227069e-005, -2.56603446e-005, 4.30444761e-005, -0.999999999, 0, 0, 0, 0, 0, 0, 0, 0.315499609, -0.15378125, -0.211462598, 0.130275487, 0.423447203, -0.89646617, -0.927734375, 0.37097168, 0.0404052734, 0.349647825, 0.826502237, 0.441325957, 0, 0, -0, 0, 0, 0, 0, 0.355671973, -0.121330811, -0.180877979, 0.355195517, -0.165385077, -0.919947905, 0.372924805, -0.877319336, 0.301879883, -0.856970831, -0.45029621, -0.249996066, 0, 1, 1, 1, 
249.915594, 11, 0.1, 0.1, 0.00949721048, 0.341117081, -0.0199574127, 0.9955113, -0.0946427578, 7.69990751e-008, -0.0946427578, -0.995511299, 4.068142e-005, -3.77354833e-006, -4.05061007e-005, -0.999999999, 0.995511297, -0.0946427815, 2.74741436e-005, -0.094642781, -0.995511298, -1.71567721e-005, 2.89745849e-005, 1.44795311e-005, -0.999999999, 0, 0, 0, 0, 0, 0, 0, 0.315095728, -0.15391416, -0.210516284, 0.131050188, 0.425305889, -0.8955387, -0.927246094, 0.372070312, 0.041015625, 0.350637452, 0.82497193, 0.443280124, 0, 0, -0, 0, 0, 0, 0, 0.355671973, -0.121330811, -0.180877979, 0.354345706, -0.163538534, -0.920580433, 0.373901367, -0.877563477, 0.299926758, -0.85706015, -0.450347616, -0.249817062, 0, 1, 1, 1, 
249.916393, 11, 0.1, 0.1, 0.00949721359, 0.341117096, -0.0199601097, 0.995511283, -0.094642924, 4.00710555e-005, -0.0946429252, -0.995511284, 2.82760634e-005, 3.72150586e-005, -3.1941582e-005, -0.999999999, 0.995511292, -0.0946428354, 3.06903928e-005, -0.0946428372, -0.99551129, 6.29891295e-005, 2.45911627e-005, -6.56110155e-005, -0.999999998, 0, 0, 0, 0, 0, 0, 0, 0.315095728, -0.15391416, -0.210516284, 0.131050188, 0.425305889, -0.8955387, -0.927246094, 0.372070312, 0.041015625, 0.350637452, 0.82497193, 0.443280124, 0, 0, -0, 0, 0, 0, 0, 0.355613867, -0.121209717, -0.18046958, 0.354345706, -0.163538534, -0.920580433, 0.373901367, -0.877563477, 0.299926758, -0.85706015, -0.450347616, -0.249817062, 0, 1, 1, 1, 
249.917189, 11, 0.1, 0.1, 0.00949721258, 0.341117086, -0.0199643207, 0.995511186, -0.0946439486, -3.23947383e-005, -0.0946439499, -0.995511186, -4.1367642e-005, -2.83341273e-005, 4.42479164e-005, -0.999999999, 0.99551121, -0.0946437017, -3.16598404e-005, -0.0946437033, -0.995511209, -5.54307398e-005, -2.62715556e-005, 5.81783274e-005, -0.999999998, 0, 0, 0, 0, 0, 0, 0, 0.315095728, -0.15391416, -0.210516284, 0.131050188, 0.425305889, -0.8955387, -0.927246094, 0.372070312, 0.041015625, 0.350637452, 0.82497193, 0.443280124, 0, 0, -0, 0, 0, 0, 0, 0.355613867, -0.121209717, -0.18046958, 0.354345706, -0.163538534, -0.920580433, 0.373901367, -0.877563477, 0.299926758, -0.85706015, -0.450347616, -0.249817062, 0, 1, 1, 1, 
249.91808, 11, 0.1, 0.1, 0.00949721612, 0.341117095, -0.0199680749, 0.995511057, -0.0946453089, 1.22128402e-005, -0.0946453095, -0.995511055, 6.21859954e-005, 6.27240474e-006, -6.30627341e-005, -0.999999998, 0.995511077, -0.0946450993, 2.46084348e-005, -0.0946451007, -0.995511075, 6.44663992e-005, 1.83965406e-005, -6.65060823e-005, -0.999999998, 0, 0, 0, 0, 0, 0, 0, 0.315422119, -0.154114331, -0.20914375, 0.133124922, 0.425769063, -0.894966942, -0.927246094, 0.372192383, 0.0391845703, 0.349690887, 0.824774979, 0.444549077, 0, 0, -0, 0, 0, 0, 0, 0.355858838, -0.121150146, -0.179600049, 0.35455023, -0.162516282, -0.920772197, 0.374389648, -0.877563477, 0.299194336, -0.856670425, -0.450731144, -0.250328188, 0, 1, 1, 1, 
249.918883, 11, 0.1, 0.1, 0.00949721318, 0.341117093, -0.0199696976, 0.995511006, -0.0946458525, 4.92477874e-006, -0.0946458521, -0.995511004, -5.2695797e-005, 9.89011006e-006, 5.1993136e-005, -0.999999999, 0.995511008, -0.0946458296, -1.63917128e-005, -0.0946458302, -0.995511007, -3.94298403e-005, -1.25862606e-005, 4.08042473e-005, -0.999999999, 0, 0, 0, 0, 0, 0, 0, 0.315422119, -0.154114331, -0.20914375, 0.133124922, 0.425769063, -0.894966942, -0.927246094, 0.372192383, 0.0391845703, 0.349690887, 0.824774979, 0.444549077, 0, 0, -0, 0, 0, 0, 0, 0.355858838, -0.121150146, -0.179600049, 0.35455023, -0.162516282, -0.920772197, 0.374389648, -0.877563477, 0.299194336, -0.856670425, -0.450731144, -0.250328188, 0, 1, 1, 1, 
249.919693, 11, 0.1, 0.1, 0.00949721475, 0.341117091, -0.019969563, 0.995511014, -0.0946457685, -1.49978695e-005, -0.0946457678, -0.995511013, 4.2300705e-005, -1.8934127e-005, -4.06913328e-005, -0.999999999, 0.995511012, -0.0946457911, -7.82681942e-006, -0.094645791, -0.995511011, 2.08716401e-005, -9.76709781e-006, -2.00371721e-005, -1, 0, 0, 0, 0, 0, 0, 0, 0.315422119, -0.154114331, -0.20914375, 0.133124922, 0.425769063, -0.894966942, -0.927246094, 0.372192383, 0.0391845703, 0.349690887, 0.824774979, 0.444549077, 0, 0, -0, 0, 0, 0, 0, 0.355858838, -0.121150146, -0.179600049, 0.35455023, -0.162516282, -0.920772197, 0.374389648, -0.877563477, 0.299194336, -0.856670425, -0.450731144, -0.250328188, 0, 1, 1, 1, 
249.92056, 11, 0.1, 0.1, 0.00949721878, 0.341117096, -0.0199670119, 0.995511002, -0.0946458862, 2.83542365e-005, -0.0946458857, -0.995511002, -1.88379045e-005, 3.00098846e-005, 1.60697294e-005, -0.999999999, 0.995511009, -0.0946458175, 3.2260288e-005, -0.0946458174, -0.995511009, -4.27314883e-006, 3.25199076e-005, 1.20066538e-006, -0.999999999, 0, 0, 0, 0, 0, 0, 0, 0.315422119, -0.154114331, -0.20914375, 0.133124922, 0.425769063, -0.894966942, -0.927246094, 0.372192383, 0.0391845703, 0.349690887, 0.824774979, 0.444549077, 0, 0, -0, 0, 0, 0, 0, 0.355858838, -0.121150146, -0.179600049, 0.35455023, -0.162516282, -0.920772197, 0.374389648, -0.877563477, 0.299194336, -0.856670425, -0.450731144, -0.250328188, 0, 1, 1, 1, 
249.921368, 11, 0.1, 0.1, 0.0094972172, 0.341117096, -0.019963982, 0.995510942, -0.0946465209, -5.36203847e-006, -0.0946465208, -0.995510942, 1.73051061e-005, -6.97583605e-006, -1.67199242e-005, -1, 0.995510958, -0.0946463579, -2.00309177e-005, -0.0946463574, -0.995510957, 2.36104549e-005, -2.21756416e-005, -2.16086132e-005, -1, 0, 0, 0, 0, 0, 0, 0, 0.315422119, -0.154114331, -0.20914375, 0.133124922, 0.425769063, -0.894966942, -0.927246094, 0.372192383, 0.0391845703, 0.349690887, 0.824774979, 0.444549077, 0, 0, -0, 0, 0, 0, 0, 0.355858838, -0.121150146, -0.179600049, 0.35455023, -0.162516282, -0.920772197, 0.374389648, -0.877563477, 0.299194336, -0.856670425, -0.450731144, -0.250328188, 0, 1, 1, 1, 
249.92218, 11, 0.1, 0.1, 0.00949722127, 0.341117096, -0.0199614479, 0.995510876, -0.0946472207, -1.56429822e-005, -0.0946472206, -0.995510876, 9.19138343e-006, -1.64426978e-005, -7.66955738e-006, -1, 0.995510889, -0.0946470833, 1.28577809e-005, -0.0946470833, -0.995510889, -2.68851595e-006, 1.30545211e-005, 1.45949544e-006, -1, 0, 0, 0, 0, 0, 0, 0, 0.315422119, -0.154114331, -0.20914375, 0.133124922, 0.425769063, -0.894966942, -0.927246094, 0.372192383, 0.0391845703, 0.349690887, 0.824774979, 0.444549077, 0, 0, -0, 0, 0, 0, 0, 0.355858838, -0.121150146, -0.179600049, 0.35455023, -0.162516282, -0.920772197, 0.374389648, -0.877563477, 0.299194336, -0.856670425, -0.450731144, -0.250328188, 0, 1, 1, 1, 
249.923504, 11, 0.1, 0.1, 0.00949721514, 0.341117092, -0.0199525336, 0.995510848, -0.0946475121, -2.31989448e-005, -0.0946475111, -0.995510847, 4.12850903e-005, -2.70023323e-005, -3.89040328e-005, -0.999999999, 0.995510844, -0.0946475512, -1.04839435e-006, -0.0946475512, -0.995510844, -1.13988985e-005, 3.51898837e-008, 1.1446955e-005, -1, 0, 0, 0, 0, 0, 0, 0, 0.315311914, -0.154836182, -0.207813086, 0.135238969, 0.424791419, -0.895125701, -0.926269531, 0.374633789, 0.0377197266, 0.351333525, 0.824064679, 0.444327038, 0, 0, -0, 0, 0, 0, 0, 0.355820508, -0.121366553, -0.178711963, 0.354102903, -0.162567321, -0.920919118, 0.374023437, -0.877929687, 0.298828125, -0.85708567, -0.450245537, -0.250098144, 0, 1, 1, 1, 
249.924788, 11, 0.1, 0.1, 0.0094972116, 0.341117098, -0.0199399863, 0.995510798, -0.0946480323, -2.48699283e-005, -0.094648032, -0.995510798, 1.01061944e-005, -2.57148136e-005, -7.70693587e-006, -1, 0.995510818, -0.0946478228, -3.00470088e-005, -0.0946478232, -0.995510818, -1.20261365e-005, -2.87738747e-005, 1.48160329e-005, -0.999999999, 0, 0, 0, 0, 0, 0, 0, 0.315311914, -0.154836182, -0.207813086, 0.135238969, 0.424791419, -0.895125701, -0.926269531, 0.374633789, 0.0377197266, 0.351333525, 0.824064679, 0.444327038, 0, 0, -0, 0, 0, 0, 0, 0.355820508, -0.121366553, -0.178711963, 0.354102903, -0.162567321, -0.920919118, 0.374023437, -0.877929687, 0.298828125, -0.85708567, -0.450245537, -0.250098144, 0, 1, 1, 1, 
249.926065, 11, 0.1, 0.1, 0.00949721205, 0.34111709, -0.0199311706, 0.995510735, -0.0946486939, 1.58339919e-005, -0.0946486927, -0.995510734, -6.20794323e-005, 2.16386461e-005, 6.03020746e-005, -0.999999998, 0.995510733, -0.0946487146, -2.46352688e-005, -0.0946487158, -0.995510732, -4.94857345e-005, -1.98409133e-005, 5.15952764e-005, -0.999999998, 0, 0, 0, 0, 0, 0, 0, 0.315311914, -0.154836182, -0.207813086, 0.135238969, 0.424791419, -0.895125701, -0.926269531, 0.374633789, 0.0377197266, 0.351333525, 0.824064679, 0.444327038, 0, 0, -0, 0, 0, 0, 0, 0.355820508, -0.121366553, -0.178711963, 0.354102903, -0.162567321, -0.920919118, 0.374023437, -0.877929687, 0.298828125, -0.85708567, -0.450245537, -0.250098144, 0, 1, 1, 1, 
249.927361, 11, 0.1, 0.1, 0.00949721651, 0.341117098, -0.0199298942, 0.995510761, -0.0946484203, 2.1093978e-005, -0.09464842, -0.995510762, -1.21383208e-005, 2.2148155e-005, 1.00873173e-005, -1, 0.995510768, -0.094648346, 2.88127196e-005, -0.0946483474, -0.995510767, 4.95896342e-005, 2.39897957e-005, -5.20940912e-005, -0.999999998, 0, 0, 0, 0, 0, 0, 0, 0.315311914, -0.154836182, -0.207813086, 0.135315353, 0.423744504, -0.895519604, -0.926147461, 0.37512207, 0.0374755859, 0.351815795, 0.824477678, 0.443400691, 0, 0, -0, 0, 0, 0, 0, 0.355820508, -0.121366553, -0.178711963, 0.354102903, -0.162567321, -0.920919118, 0.374023437, -0.877929687, 0.298828125, -0.85708567, -0.450245537, -0.250098144, 0, 1, 1, 1, 
249.928175, 11, 0.1, 0.1, 0.00949721757, 0.341117101, -0.0199375323, 0.995510714, -0.0946489201, -3.56507386e-006, -0.0946489199, -0.995510714, 3.54136725e-005, -6.90093509e-006, -3.491726e-005, -0.999999999, 0.995510722, -0.0946488358, 1.90113658e-005, -0.0946488365, -0.995510721, 4.37643095e-005, 1.47837776e-005, -4.53672431e-005, -0.999999999, 0, 0, 0, 0, 0, 0, 0, 0.315094043, -0.155558154, -0.207166309, 0.135315353, 0.423744504, -0.895519604, -0.926147461, 0.37512207, 0.0374755859, 0.351815795, 0.824477678, 0.443400691, 0, 0, -0, 0, 0, 0, 0, 0.355724072, -0.12177959, -0.178286719, 0.352805765, -0.162266915, -0.921494043, 0.374023437, -0.878173828, 0.297851563, -0.857590232, -0.44960025, -0.249299372, 0, 1, 1, 1, 
249.928985, 11, 0.1, 0.1, 0.00949721767, 0.341117088, -0.0199534907, 0.995510692, -0.0946491519, -7.43893679e-006, -0.0946491522, -0.995510689, -7.26619501e-005, -5.28149145e-007, 7.30398373e-005, -0.999999997, 0.995510699, -0.0946490785, -9.13261665e-006, -0.094649079, -0.995510696, -8.33119222e-005, -1.20622089e-006, 8.38023037e-005, -0.999999996, 0, 0, 0, 0, 0, 0, 0, 0.315094043, -0.155558154, -0.207166309, 0.135315353, 0.423744504, -0.895519604, -0.926147461, 0.37512207, 0.0374755859, 0.351815795, 0.824477678, 0.443400691, 0, 0, -0, 0, 0, 0, 0, 0.355724072, -0.12177959, -0.178286719, 0.352805765, -0.162266915, -0.921494043, 0.374023437, -0.878173828, 0.297851563, -0.857590232, -0.44960025, -0.249299372, 0, 1, 1, 1, 
249.929785, 11, 0.1, 0.1, 0.00949721811, 0.341117096, -0.0199714266, 0.995510693, -0.0946491397, -2.0837946e-005, -0.0946491369, -0.995510688, 0.000106612842, -3.08352118e-005, -0.000104161931, -0.999999994, 0.995510688, -0.0946491972, -1.11331813e-005, -0.094649196, -0.995510684, 8.26974617e-005, -1.89104493e-005, -8.12724603e-005, -0.999999997, 0, 0, 0, 0, 0, 0, 0, 0.315094043, -0.155558154, -0.207166309, 0.135315353, 0.423744504, -0.895519604, -0.926147461, 0.37512207, 0.0374755859, 0.351815795, 0.824477678, 0.443400691, 0, 0, -0, 0, 0, 0, 0, 0.355724072, -0.12177959, -0.178286719, 0.352805765, -0.162266915, -0.921494043, 0.374023437, -0.878173828, 0.297851563, -0.857590232, -0.44960025, -0.249299372, 0, 1, 1, 1, 
249.93058, 11, 0.1, 0.1, 0.00949721724, 0.341117118, -0.0199854692, 0.995510715, -0.0946489114, 1.9240422e-005, -0.0946489125, -0.995510713, 6.330117e-005, 1.31626594e-005, -6.4838078e-005, -0.999999998, 0.99551071, -0.0946489604, 2.93139898e-006, -0.0946489603, -0.995510706, 8.82904419e-005, -5.43835947e-006, -8.81715344e-005, -0.999999996, 0, 0, 0, 0, 0, 0, 0, 0.315094043, -0.155558154, -0.207166309, 0.135315353, 0.423744504, -0.895519604, -0.926147461, 0.37512207, 0.0374755859, 0.351815795, 0.824477678, 0.443400691, 0, 0, -0, 0, 0, 0, 0, 0.355724072, -0.12177959, -0.178286719, 0.352805765, -0.162266915, -0.921494043, 0.374023437, -0.878173828, 0.297851563, -0.857590232, -0.44960025, -0.249299372, 0, 1, 1, 1, 
249.931379, 11, 0.1, 0.1, 0.00949722529, 0.34111711, -0.0199915243, 0.995510678, -0.0946492997, 2.97844561e-005, -0.094649297, -0.995510675, -8.21180008e-005, 3.74231553e-005, 7.89302688e-005, -0.999999996, 0.995510691, -0.0946491538, 3.46456056e-005, -0.0946491516, -0.99551069, -5.88099394e-005, 4.00563817e-005, 5.52667463e-005, -0.999999998, 0, 0, 0, 0, 0, 0, 0, 0.315094043, -0.155558154, -0.207166309, 0.135315353, 0.423744504, -0.895519604, -0.926147461, 0.37512207, 0.0374755859, 0.351815795, 0.824477678, 0.443400691, 0, 0, -0, 0, 0, 0, 0, 0.355724072, -0.12177959, -0.178286719, 0.352805765, -0.162266915, -0.921494043, 0.374023437, -0.878173828, 0.297851563, -0.857590232, -0.44960025, -0.249299372, 0, 1, 1, 1, 
249.932187, 11, 0.1, 0.1, 0.0094972263, 0.341117084, -0.0199883344, 0.995510589, -0.0946502291, -2.17727178e-005, -0.0946502308, -0.995510585, -9.89600415e-005, -1.23083804e-005, 0.000100576562, -0.999999995, 0.99551061, -0.0946500159, -6.44696408e-006, -0.094650016, -0.995510604, -0.000109448338, 3.94126579e-006, 0.000109567187, -0.999999994, 0, 0, 0, 0, 0, 0, 0, 0.315094043, -0.155558154, -0.207166309, 0.135088445, 0.422062551, -0.896427978, -0.924926758, 0.377929687, 0.0385742188, 0.355065124, 0.824002521, 0.441567092, 0, 0, -0, 0, 0, 0, 0, 0.355724072, -0.12177959, -0.178286719, 0.352805765, -0.162266915, -0.921494043, 0.374023437, -0.878173828, 0.297851563, -0.857590232, -0.44960025, -0.249299372, 0, 1, 1, 1, 
249.933008, 11, 0.1, 0.1, 0.00949722191, 0.341117077, -0.0199773534, 0.995510457, -0.0946516245, 3.96661399e-006, -0.0946516246, -0.995510457, 2.65052966e-005, 1.44003632e-006, -2.67617464e-005, -1, 0.995510488, -0.0946512941, -1.55577404e-005, -0.0946512941, -0.995510488, 2.90254714e-006, -1.57626236e-005, -1.41695585e-006, -1, 0, 0, 0, 0, 0, 0, 0, 0.314869092, -0.156761768, -0.206771826, 0.135088445, 0.422062551, -0.896427978, -0.924926758, 0.377929687, 0.0385742188, 0.355065124, 0.824002521, 0.441567092, 0, 0, -0, 0, 0, 0, 0, 0.355326025, -0.122448584, -0.178072754, 0.350626733, -0.162822518, -0.922158287, 0.372680664, -0.87902832, 0.296875, -0.859046685, -0.447817505, -0.247650789, 0, 1, 1, 1, 
249.933808, 11, 0.1, 0.1, 0.00949722353, 0.341117081, -0.0199637687, 0.995510325, -0.0946530132, 4.62398711e-006, -0.0946530131, -0.995510325, -1.8539593e-005, 6.35805525e-006, 1.80186819e-005, -1, 0.995510346, -0.0946527889, -4.60885157e-006, -0.0946527888, -0.995510346, 1.5701293e-005, -6.07433059e-006, -1.51945589e-005, -1, 0, 0, 0, 0, 0, 0, 0, 0.314869092, -0.156761768, -0.206771826, 0.135088445, 0.422062551, -0.896427978, -0.924926758, 0.377929687, 0.0385742188, 0.355065124, 0.824002521, 0.441567092, 0, 0, -0, 0, 0, 0, 0, 0.355326025, -0.122448584, -0.178072754, 0.350626733, -0.162822518, -0.922158287, 0.372680664, -0.87902832, 0.296875, -0.859046685, -0.447817505, -0.247650789, 0, 1, 1, 1, 
249.93463, 11, 0.1, 0.1, 0.00949722365, 0.341117078, -0.0199516272, 0.995510198, -0.0946543462, 8.27952717e-006, -0.0946543464, -0.995510198, 2.30181736e-005, 6.06358356e-006, -2.36985198e-005, -1, 0.995510222, -0.0946540944, 8.08798418e-006, -0.0946540945, -0.995510222, 1.04521548e-005, 7.06233168e-006, -1.11707878e-005, -1, 0, 0, 0, 0, 0, 0, 0, 0.315061816, -0.157206909, -0.206549927, 0.134485608, 0.422081647, -0.896447074, -0.925048828, 0.377807617, 0.0390625, 0.355160604, 0.824123089, 0.441446525, 0, 0, -0, 0, 0, 0, 0, 0.355326025, -0.122448584, -0.178072754, 0.350626733, -0.162822518, -0.922158287, 0.372680664, -0.87902832, 0.296875, -0.859046685, -0.447817505, -0.247650789, 0, 1, 1, 1, 
249.935447, 11, 0.1, 0.1, 0.00949722272, 0.341117077, -0.0199449656, 0.995510113, -0.0946552391, -1.44031363e-005, -0.0946552391, -0.995510113, -1.94189839e-006, -1.4154657e-005, 3.2965118e-006, -1, 0.995510125, -0.0946551146, 5.69535129e-006, -0.0946551146, -0.995510125, 1.47437816e-006, 5.53022244e-006, -2.00685252e-006, -1, 0, 0, 0, 0, 0, 0, 0, 0.315061816, -0.157206909, -0.206549927, 0.134485608, 0.422081647, -0.896447074, -0.925048828, 0.377807617, 0.0390625, 0.355160604, 0.824123089, 0.441446525, 0, 0, -0, 0, 0, 0, 0, 0.355192969, -0.123071436, -0.177873926, 0.348869508, -0.16243899, -0.922892893, 0.372436523, -0.879638672, 0.295654297, -0.85984509, -0.446795253, -0.246500572, 0, 1, 1, 1, 
249.936245, 11, 0.1, 0.1, 0.00949722219, 0.341117074, -0.0199456712, 0.995510031, -0.0946561021, -1.15619751e-005, -0.0946561022, -0.995510031, -7.62483052e-006, -1.07883255e-005, 8.68500677e-006, -1, 0.995510051, -0.0946558987, -1.38505512e-005, -0.094655899, -0.99551005, -2.2878414e-005, -1.16227861e-005, 2.40867275e-005, -1, 0, 0, 0, 0, 0, 0, 0, 0.315061816, -0.157206909, -0.206549927, 0.134485608, 0.422081647, -0.896447074, -0.925048828, 0.377807617, 0.0390625, 0.355160604, 0.824123089, 0.441446525, 0, 0, -0, 0, 0, 0, 0, 0.355192969, -0.123071436, -0.177873926, 0.348869508, -0.16243899, -0.922892893, 0.372436523, -0.879638672, 0.295654297, -0.85984509, -0.446795253, -0.246500572, 0, 1, 1, 1, 
249.937056, 11, 0.1, 0.1, 0.00949722437, 0.341117078, -0.0199526961, 0.995509947, -0.094656991, 1.11540156e-005, -0.0946569906, -0.995509946, -2.95471485e-005, 1.39007776e-005, 2.83586747e-005, -1, 0.995509958, -0.0946568688, -2.9155918e-006, -0.0946568687, -0.995509958, 1.10000186e-005, -3.94372799e-006, -1.06746472e-005, -1, 0, 0, 0, 0, 0, 0, 0, 0.315061816, -0.157206909, -0.206549927, 0.134485608, 0.422081647, -0.896447074, -0.925048828, 0.377807617, 0.0390625, 0.355160604, 0.824123089, 0.441446525, 0, 0, -0, 0, 0, 0, 0, 0.355192969, -0.123071436, -0.177873926, 0.348869508, -0.16243899, -0.922892893, 0.372436523, -0.879638672, 0.295654297, -0.85984509, -0.446795253, -0.246500572, 0, 1, 1, 1, 
249.937854, 11, 0.1, 0.1, 0.00949722099, 0.341117071, -0.0199630027, 0.995509859, -0.0946579046, -3.08857631e-005, -0.0946579039, -0.99550986, 2.39205041e-005, -3.30113465e-005, -2.08895161e-005, -0.999999999, 0.995509882, -0.0946576679, -3.71086016e-005, -0.0946576685, -0.995509882, -1.26546487e-005, -3.57441201e-005, 1.61104415e-005, -0.999999999, 0, 0, 0, 0, 0, 0, 0, 0.315061816, -0.157206909, -0.206549927, 0.134485608, 0.422081647, -0.896447074, -0.925048828, 0.377807617, 0.0390625, 0.355160604, 0.824123089, 0.441446525, 0, 0, -0, 0, 0, 0, 0, 0.355192969, -0.123071436, -0.177873926, 0.348869508, -0.16243899, -0.922892893, 0.372436523, -0.879638672, 0.295654297, -0.85984509, -0.446795253, -0.246500572, 0, 1, 1, 1, 
249.938694, 11, 0.1, 0.1, 0.00949722557, 0.34111708, -0.0199731835, 0.9955097, -0.0946595816, 2.1998128e-005, -0.0946595818, -0.9955097, 1.09646336e-005, 2.08614422e-005, -1.29977327e-005, -1, 0.995509734, -0.0946592288, 3.01026856e-005, -0.0946592298, -0.995509733, 3.35355442e-005, 2.67930678e-005, -3.62344577e-005, -0.999999999, 0, 0, 0, 0, 0, 0, 0, 0.315061816, -0.157206909, -0.206549927, 0.134485608, 0.422081647, -0.896447074, -0.925048828, 0.377807617, 0.0390625, 0.355160604, 0.824123089, 0.441446525, 0, 0, -0, 0, 0, 0, 0, 0.355192969, -0.123071436, -0.177873926, 0.348869508, -0.16243899, -0.922892893, 0.372436523, -0.879638672, 0.295654297, -0.85984509, -0.446795253, -0.246500572, 0, 1, 1, 1, 
249.939526, 11, 0.1, 0.1, 0.00949721967, 0.34111707, -0.0199789909, 0.995509512, -0.0946615554, -3.87352139e-005, -0.0946615569, -0.995509512, -3.88945369e-005, -3.48794565e-005, 4.23866171e-005, -0.999999998, 0.995509551, -0.094661141, -4.15188539e-005, -0.0946611429, -0.995509551, -4.67087232e-005, -3.69109146e-005, 5.04292022e-005, -0.999999998, 0, 0, 0, 0, 0, 0, 0, 0.314619604, -0.15775835, -0.207160205, 0.134309996, 0.424574249, -0.895399037, -0.923339844, 0.381469727, 0.0423583984, 0.359514136, 0.821132869, 0.443381595, 0, 0, -0, 0, 0, 0, 0, 0.355192969, -0.123071436, -0.177873926, 0.347188842, -0.161250127, -0.923780984, 0.370605469, -0.881225586, 0.293212891, -0.861371905, -0.444092702, -0.246225686, 0, 1, 1, 1, 
249.94033, 11, 0.1, 0.1, 0.00949722245, 0.341117073, -0.0199792294, 0.995509339, -0.094663375, 3.93682759e-005, -0.094663377, -0.995509338, 5.1485966e-005, 3.4317651e-005, -5.49814939e-005, -0.999999998, 0.995509372, -0.0946630295, 3.13478099e-005, -0.0946630308, -0.995509372, 4.14805095e-005, 2.72803678e-005, -4.42617147e-005, -0.999999999, 0, 0, 0, 0, 0, 0, 0, 0.314619604, -0.15775835, -0.207160205, 0.134309996, 0.424574249, -0.895399037, -0.923339844, 0.381469727, 0.0423583984, 0.359514136, 0.821132869, 0.443381595, 0, 0, -0, 0, 0, 0, 0, 0.355049658, -0.123382422, -0.177703662, 0.347188842, -0.161250127, -0.923780984, 0.370605469, -0.881225586, 0.293212891, -0.861371905, -0.444092702, -0.246225686, 0, 1, 1, 1, 
249.941125, 11, 0.1, 0.1, 0.00949722468, 0.341117078, -0.0199747701, 0.995509193, -0.094664916, -2.97056491e-005, -0.0946649167, -0.995509193, -2.42221785e-005, -2.72792563e-005, 2.69254842e-005, -0.999999999, 0.995509217, -0.0946646675, -1.36659944e-005, -0.0946646674, -0.995509217, 7.02277722e-006, -1.42694322e-005, -5.69755264e-006, -1, 0, 0, 0, 0, 0, 0, 0, 0.314619604, -0.15775835, -0.207160205, 0.134309996, 0.424574249, -0.895399037, -0.923339844, 0.381469727, 0.0423583984, 0.359514136, 0.821132869, 0.443381595, 0, 0, -0, 0, 0, 0, 0, 0.355049658, -0.123382422, -0.177703662, 0.347188842, -0.161250127, -0.923780984, 0.370605469, -0.881225586, 0.293212891, -0.861371905, -0.444092702, -0.246225686, 0, 1, 1, 1, 
249.941926, 11, 0.1, 0.1, 0.00949722391, 0.341117066, -0.0199674305, 0.995509109, -0.0946657911, 3.2416402e-005, -0.0946657904, -0.99550911, -2.0800413e-005, 3.4239911e-005, 1.76382763e-005, -0.999999999, 0.99550912, -0.0946656824, 1.61557299e-005, -0.0946656816, -0.995509119, -4.531086e-005, 2.037256e-005, 4.35779811e-005, -0.999999999, 0, 0, 0, 0, 0, 0, 0, 0.314619604, -0.15775835, -0.207160205, 0.134309996, 0.424574249, -0.895399037, -0.923339844, 0.381469727, 0.0423583984, 0.359514136, 0.821132869, 0.443381595, 0, 0, -0, 0, 0, 0, 0, 0.355049658, -0.123382422, -0.177703662, 0.347188842, -0.161250127, -0.923780984, 0.370605469, -0.881225586, 0.293212891, -0.861371905, -0.444092702, -0.246225686, 0, 1, 1, 1, 
249.942727, 11, 0.1, 0.1, 0.00949722631, 0.341117074, -0.0199599222, 0.995509111, -0.0946657745, -9.32748032e-006, -0.0946657743, -0.995509111, 2.08805514e-005, -1.12622652e-005, -1.9903786e-005, -1, 0.995509106, -0.0946658294, -1.09616334e-005, -0.0946658288, -0.995509105, 4.32484098e-005, -1.50065525e-005, -4.20164937e-005, -0.999999999, 0, 0, 0, 0, 0, 0, 0, 0.314619604, -0.15775835, -0.207160205, 0.134309996, 0.424574249, -0.895399037, -0.923339844, 0.381469727, 0.0423583984, 0.359514136, 0.821132869, 0.443381595, 0, 0, -0, 0, 0, 0, 0, 0.355049658, -0.123382422, -0.177703662, 0.347188842, -0.161250127, -0.923780984, 0.370605469, -0.881225586, 0.293212891, -0.861371905, -0.444092702, -0.246225686, 0, 1, 1, 1, 
249.94353, 11, 0.1, 0.1, 0.00949722662, 0.341117068, -0.0199547129, 0.995509134, -0.094665542, -1.023255e-005, -0.094665542, -0.995509134, 7.02610645e-006, -1.08517272e-005, -6.02588325e-006, -1, 0.99550913, -0.0946655847, -5.86838723e-007, -0.0946655847, -0.995509129, -2.42126911e-005, 1.70790526e-006, 2.41595085e-005, -1, 0, 0, 0, 0, 0, 0, 0, 0.314619604, -0.15775835, -0.207160205, 0.134309996, 0.424574249, -0.895399037, -0.923339844, 0.381469727, 0.0423583984, 0.359514136, 0.821132869, 0.443381595, 0, 0, -0, 0, 0, 0, 0, 0.355049658, -0.123382422, -0.177703662, 0.347188842, -0.161250127, -0.923780984, 0.370605469, -0.881225586, 0.293212891, -0.861371905, -0.444092702, -0.246225686, 0, 1, 1, 1, 
249.944372, 11, 0.1, 0.1, 0.00949722671, 0.341117068, -0.0199530413, 0.995509122, -0.0946656596, -3.20817536e-005, -0.0946656594, -0.995509122, 7.64390031e-006, -3.26612932e-005, -4.57253213e-006, -0.999999999, 0.995509129, -0.0946655874, 1.6606508e-007, -0.0946655874, -0.995509129, -1.06155261e-005, 1.17024432e-006, 1.05521325e-005, -1, 0, 0, 0, 0, 0, 0, 0, 0.314416626, -0.157597461, -0.207508057, 0.134665707, 0.427841553, -0.893658675, -0.922973633, 0.382080078, 0.0438232422, 0.360199349, 0.819132276, 0.446566523, 0, 0, -0, 0, 0, 0, 0, 0.355049658, -0.123382422, -0.177703662, 0.346703235, -0.158362008, -0.924432835, 0.37097168, -0.881958008, 0.290283203, -0.861422945, -0.443543663, -0.247030655, 0, 1, 1, 1, 
249.945171, 11, 0.1, 0.1, 0.00949722557, 0.341117067, -0.0199551926, 0.995509124, -0.094665634, 4.43456603e-005, -0.094665635, -0.995509125, 2.00595827e-005, 4.22475564e-005, -2.41675077e-005, -0.999999999, 0.995509117, -0.0946657135, 2.18495249e-005, -0.0946657134, -0.995509117, -7.22820332e-006, 2.24356643e-005, 5.12734144e-006, -1, 0, 0, 0, 0, 0, 0, 0, 0.314416626, -0.157597461, -0.207508057, 0.134665707, 0.427841553, -0.893658675, -0.922973633, 0.382080078, 0.0438232422, 0.360199349, 0.819132276, 0.446566523, 0, 0, -0, 0, 0, 0, 0, 0.355016455, -0.123403027, -0.177540479, 0.346703235, -0.158362008, -0.924432835, 0.37097168, -0.881958008, 0.290283203, -0.861422945, -0.443543663, -0.247030655, 0, 1, 1, 1, 
249.94597, 11, 0.1, 0.1, 0.00949722558, 0.341117068, -0.019960462, 0.995509171, -0.094665123, -6.34655887e-005, -0.0946651249, -0.995509173, -2.70101308e-005, -6.06236583e-005, 3.28968108e-005, -0.999999998, 0.995509163, -0.0946652258, -3.75941676e-005, -0.0946652263, -0.995509164, -1.19527633e-005, -3.62938273e-005, 1.54579457e-005, -0.999999999, 0, 0, 0, 0, 0, 0, 0, 0.314416626, -0.157597461, -0.207508057, 0.134665707, 0.427841553, -0.893658675, -0.922973633, 0.382080078, 0.0438232422, 0.360199349, 0.819132276, 0.446566523, 0, 0, -0, 0, 0, 0, 0, 0.355016455, -0.123403027, -0.177540479, 0.346703235, -0.158362008, -0.924432835, 0.37097168, -0.881958008, 0.290283203, -0.861422945, -0.443543663, -0.247030655, 0, 1, 1, 1, 
249.946772, 11, 0.1, 0.1, 0.00949721914, 0.341117068, -0.0199669361, 0.995509208, -0.0946647546, 3.61096372e-005, -0.094664756, -0.995509208, 4.03263242e-005, 3.21299948e-005, -4.35635371e-005, -0.999999999, 0.995509207, -0.0946647694, -8.09771609e-006, -0.0946647692, -0.995509207, 2.61190302e-005, -1.05339029e-005, -2.52351666e-005, -1, 0, 0, 0, 0, 0, 0, 0, 0.314416626, -0.157597461, -0.207508057, 0.134665707, 0.427841553, -0.893658675, -0.922973633, 0.382080078, 0.0438232422, 0.360199349, 0.819132276, 0.446566523, 0, 0, -0, 0, 0, 0, 0, 0.355016455, -0.123403027, -0.177540479, 0.346703235, -0.158362008, -0.924432835, 0.37097168, -0.881958008, 0.290283203, -0.861422945, -0.443543663, -0.247030655, 0, 1, 1, 1, 
249.947589, 11, 0.1, 0.1, 0.00949723641, 0.341117071, -0.0199722035, 0.995509181, -0.0946650278, 4.9027598e-005, -0.0946650263, -0.995509182, -3.23734647e-005, 5.18720589e-005, 2.75868825e-005, -0.999999998, 0.995509188, -0.0946649443, 7.28235731e-005, -0.0946649444, -0.99550919, -2.18468659e-006, 7.27033495e-005, -4.71896392e-006, -0.999999997, 0, 0, 0, 0, 0, 0, 0, 0.314416626, -0.157597461, -0.207508057, 0.134665707, 0.427841553, -0.893658675, -0.922973633, 0.382080078, 0.0438232422, 0.360199349, 0.819132276, 0.446566523, 0, 0, -0, 0, 0, 0, 0, 0.354946387, -0.124140723, -0.177145752, 0.345942743, -0.156770661, -0.924963284, 0.369384766, -0.883422852, 0.287841797, -0.862362075, -0.441167037, -0.247822864, 0, 1, 1, 1, 
249.948394, 11, 0.1, 0.1, 0.00949722803, 0.34111706, -0.0199746034, 0.995509079, -0.0946660902, -6.97817858e-005, -0.0946660918, -0.995509081, -2.02060613e-005, -6.75555727e-005, 2.67212865e-005, -0.999999997, 0.995509105, -0.0946658161, -6.57129021e-005, -0.0946658188, -0.995509106, -4.06971825e-005, -6.15651605e-005, 4.67351814e-005, -0.999999997, 0, 0, 0, 0, 0, 0, 0, 0.314416626, -0.157597461, -0.207508057, 0.134665707, 0.427841553, -0.893658675, -0.922973633, 0.382080078, 0.0438232422, 0.360199349, 0.819132276, 0.446566523, 0, 0, -0, 0, 0, 0, 0, 0.354946387, -0.124140723, -0.177145752, 0.345942743, -0.156770661, -0.924963284, 0.369384766, -0.883422852, 0.287841797, -0.862362075, -0.441167037, -0.247822864, 0, 1, 1, 1, 
249.949208, 11, 0.1, 0.1, 0.00949722483, 0.341117063, -0.0199735395, 0.995508916, -0.094667828, 3.31955627e-005, -0.0946678282, -0.995508916, 6.60493697e-006, 3.24212037e-005, -9.71782547e-006, -0.999999999, 0.995508957, -0.0946673978, 1.12729213e-005, -0.094667398, -0.995508957, 2.20954922e-005, 9.13057139e-006, -2.30634385e-005, -1, 0, 0, 0, 0, 0, 0, 0, 0.314416626, -0.157597461, -0.207508057, 0.135929791, 0.430048836, -0.892432782, -0.921875, 0.384765625, 0.0450439453, 0.36271816, 0.816681613, 0.448844199, 0, 0, -0, 0, 0, 0, 0, 0.354946387, -0.124140723, -0.177145752, 0.345942743, -0.156770661, -0.924963284, 0.369384766, -0.883422852, 0.287841797, -0.862362075, -0.441167037, -0.247822864, 0, 1, 1, 1, 
249.950014, 11, 0.1, 0.1, 0.00949722942, 0.341117059, -0.0199695574, 0.995508712, -0.0946699763, -2.48818911e-005, -0.094669976, -0.995508712, 1.17287126e-005, -2.58804963e-005, -9.32046755e-006, -1, 0.995508753, -0.0946695473, 5.43802818e-006, -0.0946695472, -0.995508753, -1.24430655e-005, 6.59158403e-006, 1.18723649e-005, -1, 0, 0, 0, 0, 0, 0, 0, 0.314042407, -0.158385083, -0.207661719, 0.135929791, 0.430048836, -0.892432782, -0.921875, 0.384765625, 0.0450439453, 0.36271816, 0.816681613, 0.448844199, 0, 0, -0, 0, 0, 0, 0, 0.354946387, -0.124140723, -0.177145752, 0.345942743, -0.156770661, -0.924963284, 0.369384766, -0.883422852, 0.287841797, -0.862362075, -0.441167037, -0.247822864, 0, 1, 1, 1, 
249.950814, 11, 0.1, 0.1, 0.00949722258, 0.341117059, -0.0199644095, 0.995508539, -0.0946717968, 4.48270726e-006, -0.0946717966, -0.995508538, -3.28751956e-005, 7.57492719e-006, 3.2303152e-005, -0.999999999, 0.995508567, -0.0946715004, -2.65984688e-005, -0.0946715009, -0.995508567, -1.87867749e-005, -2.47004314e-005, 2.12205123e-005, -0.999999999, 0, 0, 0, 0, 0, 0, 0, 0.314042407, -0.158385083, -0.207661719, 0.135929791, 0.430048836, -0.892432782, -0.921875, 0.384765625, 0.0450439453, 0.36271816, 0.816681613, 0.448844199, 0, 0, -0, 0, 0, 0, 0, 0.354946387, -0.124140723, -0.177145752, 0.345942743, -0.156770661, -0.924963284, 0.369384766, -0.883422852, 0.287841797, -0.862362075, -0.441167037, -0.247822864, 0, 1, 1, 1, 
249.951647, 11, 0.1, 0.1, 0.00949722558, 0.34111706, -0.0199594756, 0.995508441, -0.0946728269, -1.46216691e-005, -0.0946728264, -0.99550844, 3.35255775e-005, -1.77299562e-005, -3.19907207e-005, -0.999999999, 0.995508454, -0.0946726922, -5.3048573e-006, -0.0946726919, -0.995508453, 3.43738789e-005, -8.53529794e-006, -3.37172619e-005, -0.999999999, 0, 0, 0, 0, 0, 0, 0, 0.314238062, -0.159051514, -0.207221338, 0.135503688, 0.430061941, -0.89255335, -0.922607422, 0.3828125, 0.0444335938, 0.360808177, 0.817544681, 0.448863295, 0, 0, -0, 0, 0, 0, 0, 0.354946387, -0.124140723, -0.177145752, 0.345942743, -0.156770661, -0.924963284, 0.369384766, -0.883422852, 0.287841797, -0.862362075, -0.441167037, -0.247822864, 0, 1, 1, 1, 
249.952459, 11, 0.1, 0.1, 0.00949722529, 0.341117056, -0.0199565179, 0.995508386, -0.0946734019, -2.33451017e-005, -0.0946734022, -0.995508386, -9.81967019e-006, -2.23105829e-005, 1.19857242e-005, -1, 0.995508398, -0.0946732787, 4.17146119e-007, -0.0946732786, -0.995508397, -3.04586645e-005, 3.2988941e-006, 3.02823637e-005, -1, 0, 0, 0, 0, 0, 0, 0, 0.314238062, -0.159051514, -0.207221338, 0.135503688, 0.430061941, -0.89255335, -0.922607422, 0.3828125, 0.0444335938, 0.360808177, 0.817544681, 0.448863295, 0, 0, -0, 0, 0, 0, 0, 0.355058301, -0.124947266, -0.177181885, 0.344390042, -0.155582165, -0.925793772, 0.369750977, -0.883911133, 0.286132813, -0.862770755, -0.440796635, -0.24692821, 0, 1, 1, 1, 
249.953258, 11, 0.1, 0.1, 0.0094972243, 0.34111706, -0.0199567188, 0.995508288, -0.0946744312, -1.30795765e-006, -0.0946744312, -0.995508288, -1.54922669e-005, 1.64638873e-007, 1.55465103e-005, -1, 0.995508312, -0.0946741854, 1.0158449e-005, -0.0946741856, -0.995508312, 1.54950659e-005, 8.64583767e-006, -1.63872098e-005, -1, 0, 0, 0, 0, 0, 0, 0, 0.314238062, -0.159051514, -0.207221338, 0.135503688, 0.430061941, -0.89255335, -0.922607422, 0.3828125, 0.0444335938, 0.360808177, 0.817544681, 0.448863295, 0, 0, -0, 0, 0, 0, 0, 0.355058301, -0.124947266, -0.177181885, 0.344390042, -0.155582165, -0.925793772, 0.369750977, -0.883911133, 0.286132813, -0.862770755, -0.440796635, -0.24692821, 0, 1, 1, 1, 
249.954058, 11, 0.1, 0.1, 0.00949722169, 0.341117058, -0.0199596357, 0.995508153, -0.0946758554, 1.24536428e-005, -0.0946758557, -0.995508152, 2.68448795e-005, 9.85614104e-006, -2.79033557e-005, -1, 0.995508178, -0.0946755859, 2.72327631e-006, -0.0946755859, -0.995508178, 1.41428881e-005, 1.37205761e-006, -1.43371886e-005, -1, 0, 0, 0, 0, 0, 0, 0, 0.314238062, -0.159051514, -0.207221338, 0.135503688, 0.430061941, -0.89255335, -0.922607422, 0.3828125, 0.0444335938, 0.360808177, 0.817544681, 0.448863295, 0, 0, -0, 0, 0, 0, 0, 0.355058301, -0.124947266, -0.177181885, 0.344390042, -0.155582165, -0.925793772, 0.369750977, -0.883911133, 0.286132813, -0.862770755, -0.440796635, -0.24692821, 0, 1, 1, 1, 
249.954869, 11, 0.1, 0.1, 0.00949722053, 0.341117056, -0.0199640754, 0.995508051, -0.0946769238, 7.4589181e-006, -0.0946769235, -0.995508051, -3.22138004e-005, 1.04753166e-005, 3.13629103e-005, -0.999999999, 0.995508065, -0.0946767773, -1.35373983e-005, -0.0946767776, -0.995508065, -3.06065375e-005, -1.05788609e-005, 3.17507322e-005, -0.999999999, 0, 0, 0, 0, 0, 0, 0, 0.314238062, -0.159051514, -0.207221338, 0.135503688, 0.430061941, -0.89255335, -0.922607422, 0.3828125, 0.0444335938, 0.360808177, 0.817544681, 0.448863295, 0, 0, -0, 0, 0, 0, 0, 0.355058301, -0.124947266, -0.177181885, 0.344390042, -0.155582165, -0.925793772, 0.369750977, -0.883911133, 0.286132813, -0.862770755, -0.440796635, -0.24692821, 0, 1, 1, 1, 
249.955671, 11, 0.1, 0.1, 0.00949722232, 0.341117057, -0.0199684508, 0.995508016, -0.0946772995, 7.39272367e-007, -0.0946772995, -0.995508016, 6.30896088e-006, 1.38636189e-007, -6.35061344e-006, -1, 0.99550802, -0.0946772544, -4.88199349e-006, -0.0946772543, -0.99550802, 1.86178393e-005, -6.62274958e-006, -1.80719946e-005, -1, 0, 0, 0, 0, 0, 0, 0, 0.314238062, -0.159051514, -0.207221338, 0.135503688, 0.430061941, -0.89255335, -0.922607422, 0.3828125, 0.0444335938, 0.360808177, 0.817544681, 0.448863295, 0, 0, -0, 0, 0, 0, 0, 0.355058301, -0.124947266, -0.177181885, 0.344390042, -0.155582165, -0.925793772, 0.369750977, -0.883911133, 0.286132813, -0.862770755, -0.440796635, -0.24692821, 0, 1, 1, 1, 
249.956489, 11, 0.1, 0.1, 0.0094972225, 0.341117053, -0.01997138, 0.995507992, -0.0946775419, 1.69022457e-007, -0.0946775419, -0.995507992, 1.07526291e-005, -8.49769281e-007, -1.07203308e-005, -1, 0.995507996, -0.0946775091, 2.70816856e-006, -0.0946775091, -0.995507995, -1.34340992e-005, 3.9679105e-006, 1.31173505e-005, -1, 0, 0, 0, 0, 0, 0, 0, 0.314238062, -0.159051514, -0.207221338, 0.135458382, 0.429370737, -0.892889965, -0.923339844, 0.381225586, 0.0432128906, 0.358961474, 0.818642893, 0.44829865, 0, 0, -0, 0, 0, 0, 0, 0.355058301, -0.124947266, -0.177181885, 0.344390042, -0.155582165, -0.925793772, 0.369750977, -0.883911133, 0.286132813, -0.862770755, -0.440796635, -0.24692821, 0, 1, 1, 1, 
249.957296, 11, 0.1, 0.1, 0.00949722181, 0.341117054, -0.0199716178, 0.995507979, -0.0946776791, -1.01205455e-005, -0.0946776793, -0.995507979, -1.81666656e-005, -8.35510604e-006, 1.90432503e-005, -1, 0.995507979, -0.0946776868, -1.65550398e-005, -0.0946776869, -0.995507979, -8.0600018e-006, -1.57175719e-005, 9.59118898e-006, -1, 0, 0, 0, 0, 0, 0, 0, 0.314676611, -0.159753223, -0.206793774, 0.135458382, 0.429370737, -0.892889965, -0.923339844, 0.381225586, 0.0432128906, 0.358961474, 0.818642893, 0.44829865, 0, 0, -0, 0, 0, 0, 0, 0.355458154, -0.125825098, -0.176738574, 0.343821313, -0.155511802, -0.925953453, 0.369506836, -0.884155273, 0.285766602, -0.863198759, -0.440298269, -0.246576765, 0, 1, 1, 1, 
249.958092, 11, 0.1, 0.1, 0.00949722352, 0.341117055, -0.0199696893, 0.995508009, -0.0946773694, -6.04704812e-006, -0.0946773693, -0.995508009, 2.44788684e-005, -8.3374797e-006, -2.37963909e-005, -1, 0.995508, -0.0946774599, -1.99650049e-006, -0.0946774598, -0.995508, 2.59163173e-005, -4.4412233e-006, -2.56108777e-005, -1, 0, 0, 0, 0, 0, 0, 0, 0.314676611, -0.159753223, -0.206793774, 0.135458382, 0.429370737, -0.892889965, -0.923339844, 0.381225586, 0.0432128906, 0.358961474, 0.818642893, 0.44829865, 0, 0, -0, 0, 0, 0, 0, 0.355458154, -0.125825098, -0.176738574, 0.343821313, -0.155511802, -0.925953453, 0.369506836, -0.884155273, 0.285766602, -0.863198759, -0.440298269, -0.246576765, 0, 1, 1, 1, 
249.958892, 11, 0.1, 0.1, 0.00949722613, 0.341117052, -0.0199664189, 0.995508052, -0.0946769174, -2.71019557e-006, -0.0946769174, -0.995508052, -1.08254316e-005, -1.67310302e-006, 1.10333973e-005, -1, 0.995508045, -0.0946769932, 1.35933524e-005, -0.0946769928, -0.995508044, -2.58750542e-005, 1.5982064e-005, 2.44718469e-005, -1, 0, 0, 0, 0, 0, 0, 0, 0.314676611, -0.159753223, -0.206793774, 0.135458382, 0.429370737, -0.892889965, -0.923339844, 0.381225586, 0.0432128906, 0.358961474, 0.818642893, 0.44829865, 0, 0, -0, 0, 0, 0, 0, 0.355458154, -0.125825098, -0.176738574, 0.343821313, -0.155511802, -0.925953453, 0.369506836, -0.884155273, 0.285766602, -0.863198759, -0.440298269, -0.246576765, 0, 1, 1, 1, 
