time, trialNum, realDorsalTactorPos, realVentralTactorPos, boxPosX, boxPosY, boxPosZ, boxLocalRot_11, boxLocalRot_12, boxLocalRot_13, boxLocalRot_21, boxLocalRot_22, boxLocalRot_23, boxLocalRot_31, boxLocalRot_32, boxLocalRot_33, boxGlobalRot_11, boxGlobalRot_12, boxGlobalRot_13, boxGlobalRot_21, boxGlobalRot_22, boxGlobalRot_23, boxGlobalRot_31, boxGlobalRot_32, boxGlobalRot_33, indexForceX, indexForceY, indexForceZ, indexForceGlobalX, indexForceGlobalY, indexForceGlobalZ, indexContact, indexPosX, indexPosY, indexPosZ, indexRot_11, indexRot_12, indexRot_13, indexRot_21, indexRot_22, indexRot_23, indexRot_31, indexRot_32, indexRot_33, thumbForceX, thumbForceY, thumbForceZ, thumbForceGlobalX, thumbForceGlobalY, thumbForceGlobalZ, thumbContact, thumbPosX, thumbPosY, thumbPosZ, thumbRot_11, thumbRot_12, thumbRot_13, thumbRot_21, thumbRot_22, thumbRot_23, thumbRot_31, thumbRot_32, thumbRot_33, manipForceTooHigh, cceExpType, mapping, trialSuccess, 
586.043322, 45, 0.1, 0.1, 0.0140540822, 0.352024087, -0.0349820174, 0.882199996, -0.470874896, 5.27203249e-007, 0.470874896, 0.882199996, -8.39036433e-006, 3.48571323e-006, 7.65022616e-006, 1, 0.882199996, -0.470874896, -6.99450296e-007, 0.470874896, 0.882199996, -1.18216661e-005, 6.18358082e-006, 1.00997202e-005, 1, 0, 0, 0, 0, 0, 0, 0, 0.270746436, -0.0465684326, -0.207980859, -0.207823335, 0.568020674, -0.796329302, -0.845825195, 0.304321289, 0.437988281, 0.491194875, 0.764672589, 0.417308768, 0, 0, 0, 0, 0, 0, 0, 0.361267285, -0.0492144531, -0.185751514, 0.155107093, -0.210778675, -0.96514428, -0.459716797, -0.880004883, 0.118286133, -0.874318691, 0.425366189, -0.233389165, 0, 2, 5, 1, 
586.068419, 45, 0.1, 0.1, 0.014054071, 0.352024085, -0.0349651915, 0.88220255, -0.470870109, -1.47528391e-006, 0.470870109, 0.88220255, 4.47189169e-006, -8.041809e-007, -4.63978136e-006, 1, 0.882202517, -0.470870172, -9.3914356e-007, 0.470870172, 0.882202517, -2.48434335e-006, 1.99831799e-006, 1.74947926e-006, 1, 0, 0, 0, 0, 0, 0, 0, 0.271574487, -0.0494903809, -0.207539404, -0.204524953, 0.563078532, -0.800689947, -0.848632812, 0.305664062, 0.431762695, 0.487829848, 0.767803594, 0.415527588, 0, 0, 0, 0, 0, 0, 0, 0.361647412, -0.0511267578, -0.185096191, 0.160704326, -0.215136739, -0.963202954, -0.458618164, -0.880371094, 0.120117188, -0.87385314, 0.422453284, -0.240181458, 0, 2, 5, 1, 
586.069125, 45, 0.1, 0.1, 0.014054072, 0.352024085, -0.0349643935, 0.882202701, -0.470869828, -5.01063323e-006, 0.470869828, 0.882202701, 3.01232321e-006, 3.00198206e-006, -5.01683568e-006, 1, 0.882202673, -0.47086988, -2.31503571e-006, 0.47086988, 0.882202673, 4.75839828e-006, -1.98255735e-007, -5.28795226e-006, 1, 0, 0, 0, 0, 0, 0, 0, 0.271574487, -0.0494903809, -0.207539404, -0.204524953, 0.563078532, -0.800689947, -0.848632812, 0.305664062, 0.431762695, 0.487829848, 0.767803594, 0.415527588, 0, 0, 0, 0, 0, 0, 0, 0.361647412, -0.0511267578, -0.185096191, 0.160704326, -0.215136739, -0.963202954, -0.458618164, -0.880371094, 0.120117188, -0.87385314, 0.422453284, -0.240181458, 0, 2, 5, 1, 
586.069847, 45, 0.1, 0.1, 0.0140540724, 0.352024086, -0.0349650313, 0.882202833, -0.47086958, 2.16222381e-006, 0.47086958, 0.882202833, -2.6008658e-006, -6.8285139e-007, 3.31261659e-006, 1, 0.882202808, -0.470869627, -4.37258012e-006, 0.470869627, 0.882202808, 2.06614695e-006, 2.88461662e-006, -3.88167581e-006, 1, 0, 0, 0, 0, 0, 0, 0, 0.272270825, -0.0497374268, -0.207342651, -0.203910133, 0.562571175, -0.801235496, -0.849609375, 0.30480957, 0.430175781, 0.486249367, 0.768501911, 0.41598477, 0, 0, 0, 0, 0, 0, 0, 0.361647412, -0.0511267578, -0.185096191, 0.162672272, -0.215290223, -0.962902915, -0.457885742, -0.880859375, 0.119628906, -0.873891787, 0.421577953, -0.24186832, 0, 2, 5, 1, 
586.07054, 45, 0.1, 0.1, 0.0140540724, 0.352024087, -0.034966732, 0.882202946, -0.470869369, 6.56143861e-007, 0.470869369, 0.882202946, -4.18059226e-006, 1.38966079e-006, 3.99708885e-006, 1, 0.882202924, -0.470869409, 3.04836823e-006, 0.470869409, 0.882202924, -2.81863324e-006, -1.36207121e-006, 3.92198983e-006, 1, 0, 0, 0, 0, 0, 0, 0, 0.272270825, -0.0497374268, -0.207342651, -0.203910133, 0.562571175, -0.801235496, -0.849609375, 0.30480957, 0.430175781, 0.486249367, 0.768501911, 0.41598477, 0, 0, 0, 0, 0, 0, 0, 0.362223291, -0.0513785645, -0.184665332, 0.162672272, -0.215290223, -0.962902915, -0.457885742, -0.880859375, 0.119628906, -0.873891787, 0.421577953, -0.24186832, 0, 2, 5, 1, 
586.071234, 45, 0.1, 0.1, 0.014054072, 0.352024088, -0.0349691455, 0.882203046, -0.470869181, 1.81793761e-006, 0.470869181, 0.882203046, 2.43351013e-006, -2.74965502e-006, -1.29083926e-006, 1, 0.882203027, -0.470869217, 1.78190135e-006, 0.470869217, 0.882203027, -3.67231127e-006, 1.57179568e-007, 4.07876661e-006, 1, 0, 0, 0, 0, 0, 0, 0, 0.272270825, -0.0497374268, -0.207342651, -0.203910133, 0.562571175, -0.801235496, -0.849609375, 0.30480957, 0.430175781, 0.486249367, 0.768501911, 0.41598477, 0, 0, 0, 0, 0, 0, 0, 0.362223291, -0.0513785645, -0.184665332, 0.162672272, -0.215290223, -0.962902915, -0.457885742, -0.880859375, 0.119628906, -0.873891787, 0.421577953, -0.24186832, 0, 2, 5, 1, 
586.071926, 45, 0.1, 0.1, 0.0140540732, 0.352024089, -0.0349716047, 0.882203136, -0.470869012, 1.55124546e-006, 0.470869012, 0.882203136, 1.68822155e-006, -2.16344482e-006, -7.58920925e-007, 1, 0.882203116, -0.470869051, -5.78120742e-006, 0.470869051, 0.882203116, -2.03013463e-006, 6.05612677e-006, -9.31200553e-007, 1, 0, 0, 0, 0, 0, 0, 0, 0.272270825, -0.0497374268, -0.207342651, -0.203910133, 0.562571175, -0.801235496, -0.849609375, 0.30480957, 0.430175781, 0.486249367, 0.768501911, 0.41598477, 0, 0, 0, 0, 0, 0, 0, 0.362223291, -0.0513785645, -0.184665332, 0.162672272, -0.215290223, -0.962902915, -0.457885742, -0.880859375, 0.119628906, -0.873891787, 0.421577953, -0.24186832, 0, 2, 5, 1, 
586.072614, 45, 0.1, 0.1, 0.014054073, 0.352024091, -0.0349733938, 0.882203253, -0.470868793, -1.67384896e-007, 0.470868793, 0.882203253, -4.55612654e-006, 2.2930053e-006, 3.94061333e-006, 1, 0.882203232, -0.470868833, -4.99868134e-006, 0.470868833, 0.882203232, -1.99841591e-006, 5.3508446e-006, -5.90714275e-007, 1, 0, 0, 0, 0, 0, 0, 0, 0.272270825, -0.0497374268, -0.207342651, -0.203910133, 0.562571175, -0.801235496, -0.849609375, 0.30480957, 0.430175781, 0.486249367, 0.768501911, 0.41598477, 0, 0, 0, 0, 0, 0, 0, 0.362223291, -0.0513785645, -0.184665332, 0.162672272, -0.215290223, -0.962902915, -0.457885742, -0.880859375, 0.119628906, -0.873891787, 0.421577953, -0.24186832, 0, 2, 5, 1, 
586.073308, 45, 0.1, 0.1, 0.014054072, 0.352024091, -0.0349740304, 0.882203321, -0.470868666, -1.65146154e-006, 0.470868666, 0.882203321, -3.83470594e-006, 3.26256772e-006, 2.60536882e-006, 1, 0.882203309, -0.470868688, 2.96259535e-007, 0.470868688, 0.882203309, -3.17422264e-006, 1.23328091e-006, 2.93980905e-006, 1, 0, 0, 0, 0, 0, 0, 0, 0.272270825, -0.0497374268, -0.207342651, -0.203910133, 0.562571175, -0.801235496, -0.849609375, 0.30480957, 0.430175781, 0.486249367, 0.768501911, 0.41598477, 0, 0, 0, 0, 0, 0, 0, 0.362223291, -0.0513785645, -0.184665332, 0.162672272, -0.215290223, -0.962902915, -0.457885742, -0.880859375, 0.119628906, -0.873891787, 0.421577953, -0.24186832, 0, 2, 5, 1, 
586.074001, 45, 0.1, 0.1, 0.0140540711, 0.352024091, -0.0349733842, 0.882203406, -0.470868507, -3.07232823e-006, 0.470868507, 0.882203406, 1.94248745e-006, 1.79576226e-006, -3.16033165e-006, 1, 0.882203386, -0.470868544, 5.87721371e-006, 0.470868544, 0.882203386, 1.11751848e-006, -5.71110214e-006, 1.78151647e-006, 1, 0, 0, 0, 0, 0, 0, 0, 0.272270825, -0.0497374268, -0.207342651, -0.203910133, 0.562571175, -0.801235496, -0.849609375, 0.30480957, 0.430175781, 0.486249367, 0.768501911, 0.41598477, 0, 0, 0, 0, 0, 0, 0, 0.362223291, -0.0513785645, -0.184665332, 0.162672272, -0.215290223, -0.962902915, -0.457885742, -0.880859375, 0.119628906, -0.873891787, 0.421577953, -0.24186832, 0, 2, 5, 1, 
586.074724, 45, 0.1, 0.1, 0.0140540707, 0.352024091, -0.0349714532, 0.88220347, -0.470868386, 2.11036239e-006, 0.470868386, 0.88220347, 5.34832562e-006, -4.38012647e-006, -3.72460849e-006, 1, 0.882203463, -0.4708684, 5.27786465e-006, 0.4708684, 0.882203463, 7.13821829e-006, -8.0173119e-006, -3.8121812e-006, 1, 0, 0, 0, 0, 0, 0, 0, 0.272374927, -0.0497558594, -0.207773511, -0.206144748, 0.562140202, -0.800911986, -0.849975586, 0.302368164, 0.431152344, 0.484625824, 0.769682498, 0.415686347, 0, 0, 0, 0, 0, 0, 0, 0.362223291, -0.0513785645, -0.184665332, 0.1620587, -0.215424751, -0.962979474, -0.455810547, -0.881835937, 0.120605469, -0.87506096, 0.419354445, -0.241139911, 0, 2, 5, 1, 
586.075423, 45, 0.1, 0.1, 0.0140540712, 0.352024092, -0.0349689237, 0.882203514, -0.470868303, 6.10827253e-006, 0.470868303, 0.882203514, 9.21272651e-007, -5.82253759e-006, 2.06344195e-006, 1, 0.8822035, -0.47086833, 1.53354695e-006, 0.47086833, 0.8822035, 4.82450162e-006, -3.62460551e-006, -3.53409352e-006, 1, 0, 0, 0, 0, 0, 0, 0, 0.272374927, -0.0497558594, -0.207773511, -0.206144748, 0.562140202, -0.800911986, -0.849975586, 0.302368164, 0.431152344, 0.484625824, 0.769682498, 0.415686347, 0, 0, 0, 0, 0, 0, 0, 0.362381348, -0.0514342285, -0.185324805, 0.1620587, -0.215424751, -0.962979474, -0.455810547, -0.881835937, 0.120605469, -0.87506096, 0.419354445, -0.241139911, 0, 2, 5, 1, 
586.076117, 45, 0.1, 0.1, 0.0140540724, 0.352024093, -0.0349668184, 0.882203583, -0.470868174, 3.30302193e-006, 0.470868174, 0.882203583, -4.17061835e-007, -2.71755664e-006, 1.92322135e-006, 1, 0.882203574, -0.470868191, -4.5330929e-006, 0.470868191, 0.882203574, -4.88332369e-006, 6.29851256e-006, 2.17359636e-006, 1, 0, 0, 0, 0, 0, 0, 0, 0.272374927, -0.0497558594, -0.207773511, -0.206144748, 0.562140202, -0.800911986, -0.849975586, 0.302368164, 0.431152344, 0.484625824, 0.769682498, 0.415686347, 0, 0, 0, 0, 0, 0, 0, 0.362381348, -0.0514342285, -0.185324805, 0.1620587, -0.215424751, -0.962979474, -0.455810547, -0.881835937, 0.120605469, -0.87506096, 0.419354445, -0.241139911, 0, 2, 5, 1, 
586.07681, 45, 0.1, 0.1, 0.0140540737, 0.352024094, -0.0349656943, 0.882203598, -0.470868147, -7.46728053e-006, 0.470868147, 0.882203598, 4.35026557e-007, 6.3828216e-006, -3.89988654e-006, 1, 0.882203594, -0.470868153, -7.81324251e-006, 0.470868153, 0.882203594, -6.43874123e-006, 9.92466882e-006, 2.00127359e-006, 1, 0, 0, 0, 0, 0, 0, 0, 0.272374927, -0.0497558594, -0.207773511, -0.206144748, 0.562140202, -0.800911986, -0.849975586, 0.302368164, 0.431152344, 0.484625824, 0.769682498, 0.415686347, 0, 0, 0, 0, 0, 0, 0, 0.362381348, -0.0514342285, -0.185324805, 0.1620587, -0.215424751, -0.962979474, -0.455810547, -0.881835937, 0.120605469, -0.87506096, 0.419354445, -0.241139911, 0, 2, 5, 1, 
586.077506, 45, 0.1, 0.1, 0.0140540739, 0.352024094, -0.0349657652, 0.882203658, -0.470868034, -8.71612528e-006, 0.470868034, 0.882203658, -1.36762583e-006, 8.3333689e-006, -2.89762027e-006, 1, 0.882203646, -0.470868057, -6.41321336e-006, 0.470868057, 0.882203646, 7.97674715e-008, 5.62020025e-006, -3.09014847e-006, 1, 0, 0, 0, 0, 0, 0, 0, 0.272374927, -0.0497558594, -0.207773511, -0.206144748, 0.562140202, -0.800911986, -0.849975586, 0.302368164, 0.431152344, 0.484625824, 0.769682498, 0.415686347, 0, 0, 0, 0, 0, 0, 0, 0.362381348, -0.0514342285, -0.185324805, 0.1620587, -0.215424751, -0.962979474, -0.455810547, -0.881835937, 0.120605469, -0.87506096, 0.419354445, -0.241139911, 0, 2, 5, 1, 
586.078234, 45, 0.1, 0.1, 0.0140540731, 0.352024094, -0.0349667332, 0.882203677, -0.470867998, -1.77712702e-006, 0.470867998, 0.882203677, -4.33681893e-006, 3.60985724e-006, 2.98916536e-006, 1, 0.882203679, -0.470867996, 3.38009222e-006, 0.470867996, 0.882203679, 5.17134151e-006, -5.41694901e-006, -2.97059925e-006, 1, 0, 0, 0, 0, 0, 0, 0, 0.272374927, -0.0497558594, -0.207773511, -0.206144748, 0.562140202, -0.800911986, -0.849975586, 0.302368164, 0.431152344, 0.484625824, 0.769682498, 0.415686347, 0, 0, 0, 0, 0, 0, 0, 0.362381348, -0.0514342285, -0.185324805, 0.1620587, -0.215424751, -0.962979474, -0.455810547, -0.881835937, 0.120605469, -0.87506096, 0.419354445, -0.241139911, 0, 2, 5, 1, 
586.078927, 45, 0.1, 0.1, 0.0140540725, 0.352024095, -0.0349683719, 0.882203702, -0.470867952, 5.83335797e-006, 0.470867952, 0.882203702, -7.23710328e-007, -4.805438e-006, 3.38520125e-006, 1, 0.882203692, -0.47086797, 8.6029283e-006, 0.47086797, 0.882203692, 7.69376008e-007, -7.95180963e-006, 3.37209703e-006, 1, 0, 0, 0, 0, 0, 0, 0, 0.272374927, -0.0497558594, -0.207773511, -0.206144748, 0.562140202, -0.800911986, -0.849975586, 0.302368164, 0.431152344, 0.484625824, 0.769682498, 0.415686347, 0, 0, 0, 0, 0, 0, 0, 0.362381348, -0.0514342285, -0.185324805, 0.1620587, -0.215424751, -0.962979474, -0.455810547, -0.881835937, 0.120605469, -0.87506096, 0.419354445, -0.241139911, 0, 2, 5, 1, 
586.07965, 45, 0.1, 0.1, 0.0140540726, 0.352024096, -0.0349701486, 0.882203737, -0.470867886, 5.59929135e-006, 0.470867886, 0.882203737, 5.10687693e-006, -7.3443801e-006, -1.86877943e-006, 1, 0.882203737, -0.470867887, 6.14927967e-006, 0.470867887, 0.882203737, -6.82166987e-007, -5.10370697e-006, 3.49730859e-006, 1, 0, 0, 0, 0, 0, 0, 0, 0.272219897, -0.0495191895, -0.208174585, -0.209058584, 0.562331162, -0.800029822, -0.850463867, 0.299194336, 0.432617188, 0.482615492, 0.770888173, 0.41579381, 0, 0, 0, 0, 0, 0, 0, 0.362314209, -0.0512305176, -0.185754199, 0.16164309, -0.214728791, -0.963107073, -0.452392578, -0.883422852, 0.12097168, -0.876945783, 0.416236283, -0.239925895, 0, 2, 5, 1, 
586.080344, 45, 0.1, 0.1, 0.0140540731, 0.352024097, -0.0349714253, 0.882203735, -0.470867889, 1.98578485e-006, 0.470867889, 0.882203735, 3.26825438e-006, -3.29078285e-006, -1.9482239e-006, 1, 0.882203732, -0.470867896, -4.68086695e-006, 0.470867896, 0.882203732, -1.94591797e-007, 4.22110533e-006, -2.03240036e-006, 1, 0, 0, 0, 0, 0, 0, 0, 0.272219897, -0.0495191895, -0.208174585, -0.209058584, 0.562331162, -0.800029822, -0.850463867, 0.299194336, 0.432617188, 0.482615492, 0.770888173, 0.41579381, 0, 0, 0, 0, 0, 0, 0, 0.362314209, -0.0512305176, -0.185754199, 0.16164309, -0.214728791, -0.963107073, -0.452392578, -0.883422852, 0.12097168, -0.876945783, 0.416236283, -0.239925895, 0, 2, 5, 1, 
586.08104, 45, 0.1, 0.1, 0.0140540737, 0.352024098, -0.0349721109, 0.882203773, -0.470867819, -3.18111994e-006, 0.470867819, 0.882203773, -4.54604164e-006, 4.94698073e-006, 2.51264808e-006, 1, 0.882203766, -0.470867831, -7.78263384e-006, 0.470867831, 0.882203767, -1.64230811e-006, 7.63917894e-006, -2.21574152e-006, 1, 0, 0, 0, 0, 0, 0, 0, 0.272219897, -0.0495191895, -0.208174585, -0.209058584, 0.562331162, -0.800029822, -0.850463867, 0.299194336, 0.432617188, 0.482615492, 0.770888173, 0.41579381, 0, 0, 0, 0, 0, 0, 0, 0.362314209, -0.0512305176, -0.185754199, 0.16164309, -0.214728791, -0.963107073, -0.452392578, -0.883422852, 0.12097168, -0.876945783, 0.416236283, -0.239925895, 0, 2, 5, 1, 
586.081732, 45, 0.1, 0.1, 0.0140540739, 0.352024099, -0.034972035, 0.882203768, -0.470867828, -5.72483988e-006, 0.470867828, 0.882203768, -4.98912458e-006, 7.39969357e-006, 1.70578158e-006, 1, 0.88220377, -0.470867825, -3.70107575e-006, 0.470867825, 0.88220377, -4.05670006e-006, 5.17527251e-006, 1.8361186e-006, 1, 0, 0, 0, 0, 0, 0, 0, 0.272219897, -0.0495191895, -0.208174585, -0.209058584, 0.562331162, -0.800029822, -0.850463867, 0.299194336, 0.432617188, 0.482615492, 0.770888173, 0.41579381, 0, 0, 0, 0, 0, 0, 0, 0.362314209, -0.0512305176, -0.185754199, 0.16164309, -0.214728791, -0.963107073, -0.452392578, -0.883422852, 0.12097168, -0.876945783, 0.416236283, -0.239925895, 0, 2, 5, 1, 
586.082457, 45, 0.1, 0.1, 0.0140540738, 0.352024098, -0.0349709155, 0.882203793, -0.470867781, -5.27274736e-006, 0.470867781, 0.882203793, 1.51320451e-006, 3.93911847e-006, -3.81772161e-006, 1, 0.882203784, -0.470867797, 4.1310935e-006, 0.470867797, 0.882203784, 7.04003405e-007, -3.97595885e-006, 1.32412443e-006, 1, 0, 0, 0, 0, 0, 0, 0, 0.27210686, -0.0492743408, -0.208576392, -0.211172631, 0.562705969, -0.799191841, -0.850830078, 0.296386719, 0.43371582, 0.480972853, 0.771693952, 0.416402638, 0, 0, 0, 0, 0, 0, 0, 0.362283691, -0.0507603516, -0.186203613, 0.161687566, -0.213438583, -0.963451954, -0.44921875, -0.885131836, 0.120605469, -0.878536764, 0.413303321, -0.238980201, 0, 2, 5, 1, 
586.083145, 45, 0.1, 0.1, 0.0140540738, 0.352024098, -0.0349695797, 0.882203804, -0.47086776, 1.87321466e-006, 0.47086776, 0.882203804, 5.27043498e-006, -4.13423501e-006, -3.7675614e-006, 1, 0.882203807, -0.470867755, 4.51231369e-006, 0.470867755, 0.882203807, 6.84590581e-006, -7.20429661e-006, -3.91478115e-006, 1, 0, 0, 0, 0, 0, 0, 0, 0.27210686, -0.0492743408, -0.208576392, -0.211172631, 0.562705969, -0.799191841, -0.850830078, 0.296386719, 0.43371582, 0.480972853, 0.771693952, 0.416402638, 0, 0, 0, 0, 0, 0, 0, 0.362283691, -0.0507603516, -0.186203613, 0.161687566, -0.213438583, -0.963451954, -0.44921875, -0.885131836, 0.120605469, -0.878536764, 0.413303321, -0.238980201, 0, 2, 5, 1, 
586.083838, 45, 0.1, 0.1, 0.0140540741, 0.352024099, -0.0349683949, 0.882203804, -0.470867761, 7.24550908e-006, 0.470867761, 0.882203804, 1.12528638e-006, -6.92187675e-006, 2.41894471e-006, 1, 0.882203798, -0.470867772, 2.35168759e-006, 0.470867772, 0.882203798, 4.95941306e-006, -4.4098955e-006, -3.26787915e-006, 1, 0, 0, 0, 0, 0, 0, 0, 0.27210686, -0.0492743408, -0.208576392, -0.211172631, 0.562705969, -0.799191841, -0.850830078, 0.296386719, 0.43371582, 0.480972853, 0.771693952, 0.416402638, 0, 0, 0, 0, 0, 0, 0, 0.362283691, -0.0507603516, -0.186203613, 0.161687566, -0.213438583, -0.963451954, -0.44921875, -0.885131836, 0.120605469, -0.878536764, 0.413303321, -0.238980201, 0, 2, 5, 1, 
586.084535, 45, 0.1, 0.1, 0.0140540748, 0.3520241, -0.0349676257, 0.882203835, -0.470867703, 4.67383057e-006, 0.470867703, 0.882203835, -4.19271388e-007, -3.9258499e-006, 2.57063869e-006, 1, 0.882203833, -0.470867706, -2.877122e-006, 0.470867706, 0.882203833, -4.62975052e-006, 4.71820806e-006, 2.72963982e-006, 1, 0, 0, 0, 0, 0, 0, 0, 0.27210686, -0.0492743408, -0.208576392, -0.211172631, 0.562705969, -0.799191841, -0.850830078, 0.296386719, 0.43371582, 0.480972853, 0.771693952, 0.416402638, 0, 0, 0, 0, 0, 0, 0, 0.362283691, -0.0507603516, -0.186203613, 0.161687566, -0.213438583, -0.963451954, -0.44921875, -0.885131836, 0.120605469, -0.878536764, 0.413303321, -0.238980201, 0, 2, 5, 1, 
586.085244, 45, 0.1, 0.1, 0.0140540756, 0.352024101, -0.0349673991, 0.882203816, -0.470867738, -6.20132046e-006, 0.470867738, 0.882203816, -5.40864062e-007, 5.72550402e-006, -2.4428494e-006, 1, 0.882203819, -0.470867733, -6.45698278e-006, 0.470867733, 0.882203819, -7.11816466e-006, 9.04808893e-006, 3.23928721e-006, 1, 0, 0, 0, 0, 0, 0, 0, 0.27210686, -0.0492743408, -0.208576392, -0.211172631, 0.562705969, -0.799191841, -0.850830078, 0.296386719, 0.43371582, 0.480972853, 0.771693952, 0.416402638, 0, 0, 0, 0, 0, 0, 0, 0.362283691, -0.0507603516, -0.186203613, 0.161687566, -0.213438583, -0.963451954, -0.44921875, -0.885131836, 0.120605469, -0.878536764, 0.413303321, -0.238980201, 0, 2, 5, 1, 
586.085937, 45, 0.1, 0.1, 0.0140540756, 0.352024101, -0.0349677849, 0.882203845, -0.470867685, -7.85513541e-006, 0.470867685, 0.882203845, -1.8885747e-006, 7.81909945e-006, -2.03262157e-006, 1, 0.882203838, -0.470867697, -5.62454225e-006, 0.470867697, 0.882203838, -6.80752394e-007, 5.28253707e-006, -2.04785288e-006, 1, 0, 0, 0, 0, 0, 0, 0, 0.27210686, -0.0492743408, -0.208576392, -0.211172631, 0.562705969, -0.799191841, -0.850830078, 0.296386719, 0.43371582, 0.480972853, 0.771693952, 0.416402638, 0, 0, 0, 0, 0, 0, 0, 0.362283691, -0.0507603516, -0.186203613, 0.161687566, -0.213438583, -0.963451954, -0.44921875, -0.885131836, 0.120605469, -0.878536764, 0.413303321, -0.238980201, 0, 2, 5, 1, 
586.086628, 45, 0.1, 0.1, 0.014054075, 0.352024102, -0.0349687413, 0.882203839, -0.470867695, -2.16769895e-006, 0.470867695, 0.882203839, -4.47709637e-006, 4.02047238e-006, 2.9290122e-006, 1, 0.882203844, -0.470867685, 2.58547733e-006, 0.470867685, 0.882203844, 4.17354003e-006, -4.24610317e-006, -2.46449533e-006, 1, 0, 0, 0, 0, 0, 0, 0, 0.27210686, -0.0492743408, -0.208576392, -0.212779321, 0.562636698, -0.798855226, -0.851806641, 0.293701172, 0.43371582, 0.478631897, 0.772817251, 0.416967284, 0, 0, 0, 0, 0, 0, 0, 0.362283691, -0.0507603516, -0.186203613, 0.161687566, -0.213438583, -0.963451954, -0.44921875, -0.885131836, 0.120605469, -0.878536764, 0.413303321, -0.238980201, 0, 2, 5, 1, 
586.087336, 45, 0.1, 0.1, 0.0140540747, 0.352024102, -0.034969762, 0.882203845, -0.470867685, 5.11113525e-006, 0.470867685, 0.882203845, -1.0748514e-007, -4.45845189e-006, 2.50149222e-006, 1, 0.882203838, -0.470867696, 7.6939969e-006, 0.470867696, 0.882203839, 1.15844411e-006, -7.33314751e-006, 2.60087076e-006, 1, 0, 0, 0, 0, 0, 0, 0, 0.272017627, -0.0492744629, -0.208557471, -0.212779321, 0.562636698, -0.798855226, -0.851806641, 0.293701172, 0.43371582, 0.478631897, 0.772817251, 0.416967284, 0, 0, 0, 0, 0, 0, 0, 0.362326172, -0.0503402344, -0.186207031, 0.162837416, -0.212691583, -0.963426435, -0.445556641, -0.886962891, 0.120483398, -0.880134307, 0.409699553, -0.239223005, 0, 2, 5, 1, 
586.088027, 45, 0.1, 0.1, 0.014054075, 0.352024103, -0.0349707126, 0.882203861, -0.470867654, 4.76318964e-006, 0.470867654, 0.882203861, 6.13237895e-006, -7.08964318e-006, -3.16717645e-006, 1, 0.882203863, -0.47086765, 5.08890839e-006, 0.47086765, 0.882203863, 4.18888532e-007, -4.6866957e-006, 2.02665725e-006, 1, 0, 0, 0, 0, 0, 0, 0, 0.272017627, -0.0492744629, -0.208557471, -0.212779321, 0.562636698, -0.798855226, -0.851806641, 0.293701172, 0.43371582, 0.478631897, 0.772817251, 0.416967284, 0, 0, 0, 0, 0, 0, 0, 0.362326172, -0.0503402344, -0.186207031, 0.162837416, -0.212691583, -0.963426435, -0.445556641, -0.886962891, 0.120483398, -0.880134307, 0.409699553, -0.239223005, 0, 2, 5, 1, 
586.088718, 45, 0.1, 0.1, 0.0140540755, 0.352024103, -0.0349713406, 0.882203847, -0.470867681, 2.29787996e-006, 0.470867681, 0.882203847, 4.55942371e-006, -4.17408381e-006, -2.94034372e-006, 1, 0.882203846, -0.470867683, -4.56995495e-006, 0.470867683, 0.882203846, 1.08221912e-006, 3.52204982e-006, -3.10658196e-006, 1, 0, 0, 0, 0, 0, 0, 0, 0.272017627, -0.0492744629, -0.208557471, -0.212779321, 0.562636698, -0.798855226, -0.851806641, 0.293701172, 0.43371582, 0.478631897, 0.772817251, 0.416967284, 0, 0, 0, 0, 0, 0, 0, 0.362326172, -0.0503402344, -0.186207031, 0.162837416, -0.212691583, -0.963426435, -0.445556641, -0.886962891, 0.120483398, -0.880134307, 0.409699553, -0.239223005, 0, 2, 5, 1, 
586.08941, 45, 0.1, 0.1, 0.0140540758, 0.352024104, -0.0349714954, 0.882203873, -0.470867632, -2.16462055e-006, 0.470867632, 0.882203873, -3.86601973e-006, 3.73002019e-006, 2.39136783e-006, 1, 0.882203868, -0.47086764, -7.0198294e-006, 0.47086764, 0.882203868, -6.9748826e-007, 6.5213453e-006, -2.69008366e-006, 1, 0, 0, 0, 0, 0, 0, 0, 0.272017627, -0.0492744629, -0.208557471, -0.212779321, 0.562636698, -0.798855226, -0.851806641, 0.293701172, 0.43371582, 0.478631897, 0.772817251, 0.416967284, 0, 0, 0, 0, 0, 0, 0, 0.362326172, -0.0503402344, -0.186207031, 0.162837416, -0.212691583, -0.963426435, -0.445556641, -0.886962891, 0.120483398, -0.880134307, 0.409699553, -0.239223005, 0, 2, 5, 1, 
586.090104, 45, 0.1, 0.1, 0.0140540756, 0.352024104, -0.0349711172, 0.882203857, -0.470867662, -5.23221201e-006, 0.470867662, 0.882203857, -5.43886571e-006, 7.1768636e-006, 2.33450887e-006, 1, 0.882203861, -0.470867654, -3.0335833e-006, 0.470867654, 0.882203861, -4.37179689e-006, 4.73477665e-006, 2.42839984e-006, 1, 0, 0, 0, 0, 0, 0, 0, 0.272017627, -0.0492744629, -0.208557471, -0.212779321, 0.562636698, -0.798855226, -0.851806641, 0.293701172, 0.43371582, 0.478631897, 0.772817251, 0.416967284, 0, 0, 0, 0, 0, 0, 0, 0.362326172, -0.0503402344, -0.186207031, 0.162837416, -0.212691583, -0.963426435, -0.445556641, -0.886962891, 0.120483398, -0.880134307, 0.409699553, -0.239223005, 0, 2, 5, 1, 
586.090795, 45, 0.1, 0.1, 0.0140540756, 0.352024105, -0.0349703559, 0.882203871, -0.470867636, -5.6921941e-006, 0.470867636, 0.882203871, 5.74133732e-008, 4.99464157e-006, -2.73092028e-006, 1, 0.882203864, -0.470867648, 3.85352651e-006, 0.470867648, 0.882203864, -7.49307937e-007, -3.04677111e-006, 2.47554332e-006, 1, 0, 0, 0, 0, 0, 0, 0, 0.272017627, -0.0492744629, -0.208557471, -0.212779321, 0.562636698, -0.798855226, -0.851806641, 0.293701172, 0.43371582, 0.478631897, 0.772817251, 0.416967284, 0, 0, 0, 0, 0, 0, 0, 0.362326172, -0.0503402344, -0.186207031, 0.162837416, -0.212691583, -0.963426435, -0.445556641, -0.886962891, 0.120483398, -0.880134307, 0.409699553, -0.239223005, 0, 2, 5, 1, 
586.091504, 45, 0.1, 0.1, 0.0140540757, 0.352024105, -0.034969364, 0.882203871, -0.470867635, 1.20609957e-006, 0.470867635, 0.882203871, 4.48671406e-006, -3.17667415e-006, -3.39028326e-006, 1, 0.882203876, -0.470867625, 3.87887434e-006, 0.470867625, 0.882203876, 6.03858832e-006, -6.26533372e-006, -3.50082967e-006, 1, 0, 0, 0, 0, 0, 0, 0, 0.272219385, -0.0493356201, -0.208593359, -0.213084857, 0.561361753, -0.799534448, -0.852783203, 0.292358398, 0.432617188, 0.476702818, 0.77413151, 0.416580494, 0, 0, 0, 0, 0, 0, 0, 0.362326172, -0.0503402344, -0.186207031, 0.162837416, -0.212691583, -0.963426435, -0.445556641, -0.886962891, 0.120483398, -0.880134307, 0.409699553, -0.239223005, 0, 2, 5, 1, 
586.092214, 45, 0.1, 0.1, 0.0140540763, 0.352024106, -0.0349682346, 0.882203859, -0.470867657, 7.06222539e-006, 0.470867657, 0.882203859, 1.05434552e-007, -6.27996821e-006, 3.23235876e-006, 1, 0.882203855, -0.470867665, 1.96050347e-006, 0.470867665, 0.882203855, 3.87481708e-006, -3.55408978e-006, -2.49524087e-006, 1, 0, 0, 0, 0, 0, 0, 0, 0.272219385, -0.0493356201, -0.208593359, -0.213084857, 0.561361753, -0.799534448, -0.852783203, 0.292358398, 0.432617188, 0.476702818, 0.77413151, 0.416580494, 0, 0, 0, 0, 0, 0, 0, 0.362610449, -0.0502075684, -0.186205811, 0.164032109, -0.213298958, -0.963068793, -0.443481445, -0.887939453, 0.12121582, -0.880990682, 0.407303604, -0.240290099, 0, 2, 5, 1, 
586.092909, 45, 0.1, 0.1, 0.0140540768, 0.352024107, -0.0349676144, 0.88220388, -0.470867618, 5.53556872e-006, 0.470867618, 0.88220388, -4.97114775e-007, -4.64942495e-006, 3.04507664e-006, 1, 0.882203881, -0.470867617, -2.34301978e-006, 0.470867617, 0.882203881, -4.95457505e-006, 4.39997009e-006, 3.2676932e-006, 1, 0, 0, 0, 0, 0, 0, 0, 0.272219385, -0.0493356201, -0.208593359, -0.213084857, 0.561361753, -0.799534448, -0.852783203, 0.292358398, 0.432617188, 0.476702818, 0.77413151, 0.416580494, 0, 0, 0, 0, 0, 0, 0, 0.362610449, -0.0502075684, -0.186205811, 0.164032109, -0.213298958, -0.963068793, -0.443481445, -0.887939453, 0.12121582, -0.880990682, 0.407303604, -0.240290099, 0, 2, 5, 1, 
586.0936, 45, 0.1, 0.1, 0.014054077, 0.352024107, -0.0349676693, 0.882203855, -0.470867666, -4.30034622e-006, 0.470867666, 0.882203855, 1.05038151e-006, 3.29919132e-006, -2.9515446e-006, 1, 0.882203859, -0.470867658, -4.52529293e-006, 0.470867658, 0.882203859, -5.4949633e-006, 6.57963138e-006, 2.71686374e-006, 1, 0, 0, 0, 0, 0, 0, 0, 0.272219385, -0.0493356201, -0.208593359, -0.213084857, 0.561361753, -0.799534448, -0.852783203, 0.292358398, 0.432617188, 0.476702818, 0.77413151, 0.416580494, 0, 0, 0, 0, 0, 0, 0, 0.362610449, -0.0502075684, -0.186205811, 0.164032109, -0.213298958, -0.963068793, -0.443481445, -0.887939453, 0.12121582, -0.880990682, 0.407303604, -0.240290099, 0, 2, 5, 1, 
586.094293, 45, 0.1, 0.1, 0.0140540765, 0.352024107, -0.0349683174, 0.882203876, -0.470867626, -6.38283862e-006, 0.470867626, 0.882203876, -5.95160548e-007, 5.9112068e-006, -2.48041912e-006, 1, 0.882203871, -0.470867636, -4.04193403e-006, 0.470867636, 0.882203871, 7.38227304e-007, 3.2182025e-006, -2.5544829e-006, 1, 0, 0, 0, 0, 0, 0, 0, 0.272219385, -0.0493356201, -0.208593359, -0.213084857, 0.561361753, -0.799534448, -0.852783203, 0.292358398, 0.432617188, 0.476702818, 0.77413151, 0.416580494, 0, 0, 0, 0, 0, 0, 0, 0.362610449, -0.0502075684, -0.186205811, 0.164032109, -0.213298958, -0.963068793, -0.443481445, -0.887939453, 0.12121582, -0.880990682, 0.407303604, -0.240290099, 0, 2, 5, 1, 
586.094983, 45, 0.1, 0.1, 0.0140540757, 0.352024108, -0.0349693708, 0.882203865, -0.470867646, -2.10813821e-006, 0.470867646, 0.882203865, -4.074759e-006, 3.77847985e-006, 2.60211406e-006, 1, 0.882203871, -0.470867634, 2.85428026e-006, 0.470867634, 0.882203871, 4.55619329e-006, -4.66342105e-006, -2.67550317e-006, 1, 0, 0, 0, 0, 0, 0, 0, 0.272219385, -0.0493356201, -0.208593359, -0.213084857, 0.561361753, -0.799534448, -0.852783203, 0.292358398, 0.432617188, 0.476702818, 0.77413151, 0.416580494, 0, 0, 0, 0, 0, 0, 0, 0.362610449, -0.0502075684, -0.186205811, 0.164032109, -0.213298958, -0.963068793, -0.443481445, -0.887939453, 0.12121582, -0.880990682, 0.407303604, -0.240290099, 0, 2, 5, 1, 
586.095674, 45, 0.1, 0.1, 0.0140540756, 0.352024108, -0.0349704943, 0.882203866, -0.470867645, 3.87142253e-006, 0.470867645, 0.882203866, -5.53117813e-007, -3.15493864e-006, 2.31089028e-006, 1, 0.882203861, -0.470867654, 6.59819999e-006, 0.470867654, 0.882203861, 7.85077121e-007, -6.19062493e-006, 2.41428089e-006, 1, 0, 0, 0, 0, 0, 0, 0, 0.272219385, -0.0493356201, -0.208593359, -0.213084857, 0.561361753, -0.799534448, -0.852783203, 0.292358398, 0.432617188, 0.476702818, 0.77413151, 0.416580494, 0, 0, 0, 0, 0, 0, 0, 0.362610449, -0.0502075684, -0.186205811, 0.164032109, -0.213298958, -0.963068793, -0.443481445, -0.887939453, 0.12121582, -0.880990682, 0.407303604, -0.240290099, 0, 2, 5, 1, 
586.096394, 45, 0.1, 0.1, 0.0140540763, 0.352024109, -0.0349712492, 0.882203876, -0.470867627, 3.3262036e-006, 0.470867627, 0.882203876, 6.20618244e-006, -5.8566801e-006, -3.90891661e-006, 1, 0.88220388, -0.470867618, 3.81362495e-006, 0.470867618, 0.88220388, 6.68225008e-008, -3.39585928e-006, 1.73676143e-006, 1, 0, 0, 0, 0, 0, 0, 0, 0.272215479, -0.0498446045, -0.208419556, -0.213072875, 0.560067712, -0.8004739, -0.853637695, 0.291748047, 0.431396484, 0.475217817, 0.775325202, 0.416111329, 0, 0, 0, 0, 0, 0, 0, 0.362610449, -0.0502075684, -0.186205811, 0.164837078, -0.214442978, -0.962723911, -0.441894531, -0.888549805, 0.122314453, -0.881642532, 0.405342222, -0.241235792, 0, 2, 5, 1, 
586.097088, 45, 0.1, 0.1, 0.0140540773, 0.352024109, -0.0349712594, 0.882203854, -0.470867666, 1.26493932e-006, 0.470867666, 0.882203854, 4.50422841e-006, -3.23682987e-006, -3.37802864e-006, 1, 0.882203855, -0.470867666, -5.76814176e-006, 0.470867666, 0.882203855, 1.07089642e-006, 4.58442639e-006, -3.6607804e-006, 1, 0, 0, 0, 0, 0, 0, 0, 0.272215479, -0.0498446045, -0.208419556, -0.213072875, 0.560067712, -0.8004739, -0.853637695, 0.291748047, 0.431396484, 0.475217817, 0.775325202, 0.416111329, 0, 0, 0, 0, 0, 0, 0, 0.362426758, -0.0503245117, -0.185979639, 0.164837078, -0.214442978, -0.962723911, -0.441894531, -0.888549805, 0.122314453, -0.881642532, 0.405342222, -0.241235792, 0, 2, 5, 1, 
586.097782, 45, 0.1, 0.1, 0.0140540777, 0.35202411, -0.0349708144, 0.882203876, -0.470867627, -2.36654113e-006, 0.470867627, 0.882203876, -4.35253222e-006, 4.13723827e-006, 2.72549319e-006, 1, 0.882203872, -0.470867633, -7.50906439e-006, 0.470867633, 0.882203872, -1.12474799e-006, 7.15413311e-006, -2.54351834e-006, 1, 0, 0, 0, 0, 0, 0, 0, 0.272215479, -0.0498446045, -0.208419556, -0.213072875, 0.560067712, -0.8004739, -0.853637695, 0.291748047, 0.431396484, 0.475217817, 0.775325202, 0.416111329, 0, 0, 0, 0, 0, 0, 0, 0.362426758, -0.0503245117, -0.185979639, 0.164837078, -0.214442978, -0.962723911, -0.441894531, -0.888549805, 0.122314453, -0.881642532, 0.405342222, -0.241235792, 0, 2, 5, 1, 
586.098473, 45, 0.1, 0.1, 0.0140540773, 0.35202411, -0.0349700866, 0.882203854, -0.470867667, -4.35860046e-006, 0.470867667, 0.882203854, -5.68052816e-006, 6.51995117e-006, 2.95905981e-006, 1, 0.882203859, -0.470867657, -2.21072631e-006, 0.470867657, 0.882203859, -4.52922552e-006, 4.08297709e-006, 2.95474072e-006, 1, 0, 0, 0, 0, 0, 0, 0, 0.272215479, -0.0498446045, -0.208419556, -0.213072875, 0.560067712, -0.8004739, -0.853637695, 0.291748047, 0.431396484, 0.475217817, 0.775325202, 0.416111329, 0, 0, 0, 0, 0, 0, 0, 0.362426758, -0.0503245117, -0.185979639, 0.164837078, -0.214442978, -0.962723911, -0.441894531, -0.888549805, 0.122314453, -0.881642532, 0.405342222, -0.241235792, 0, 2, 5, 1, 
586.099197, 45, 0.1, 0.1, 0.0140540766, 0.35202411, -0.0349689522, 0.882203866, -0.470867645, -4.13030242e-006, 0.470867645, 0.882203866, 5.22615493e-007, 3.39768604e-006, -2.40587918e-006, 1, 0.882203859, -0.470867657, 6.07339384e-006, 0.470867657, 0.882203859, -2.07778122e-007, -5.26013549e-006, 3.04306739e-006, 1, 0, 0, 0, 0, 0, 0, 0, 0.272739478, -0.0503827637, -0.207840649, -0.211430236, 0.55818993, -0.802238227, -0.855224609, 0.291625977, 0.428344727, 0.47310377, 0.776734941, 0.415896403, 0, 0, 0, 0, 0, 0, 0, 0.362605957, -0.0504629395, -0.185096191, 0.167533432, -0.215976723, -0.961919309, -0.440917969, -0.889038086, 0.122802734, -0.881604619, 0.403585363, -0.244219793, 0, 2, 5, 1, 
586.099889, 45, 0.1, 0.1, 0.0140540762, 0.35202411, -0.0349681321, 0.882203866, -0.470867645, 2.53842714e-006, 0.470867645, 0.882203866, 3.92440217e-006, -4.08728424e-006, -2.26685955e-006, 1, 0.882203871, -0.470867635, 5.54429163e-006, 0.470867635, 0.882203871, 5.63481836e-006, -7.54444914e-006, -2.36043108e-006, 1, 0, 0, 0, 0, 0, 0, 0, 0.272739478, -0.0503827637, -0.207840649, -0.211430236, 0.55818993, -0.802238227, -0.855224609, 0.291625977, 0.428344727, 0.47310377, 0.776734941, 0.415896403, 0, 0, 0, 0, 0, 0, 0, 0.362605957, -0.0504629395, -0.185096191, 0.167533432, -0.215976723, -0.961919309, -0.440917969, -0.889038086, 0.122802734, -0.881604619, 0.403585363, -0.244219793, 0, 2, 5, 1, 
586.100581, 45, 0.1, 0.1, 0.0140540765, 0.352024112, -0.0349678401, 0.882203855, -0.470867666, 7.14115288e-006, 0.470867666, 0.882203855, -5.42755572e-007, -6.04438654e-006, 3.84135904e-006, 1, 0.882203851, -0.470867673, 2.1743948e-006, 0.470867673, 0.882203851, 3.39085259e-006, -3.51490234e-006, -1.96757099e-006, 1, 0, 0, 0, 0, 0, 0, 0, 0.272739478, -0.0503827637, -0.207840649, -0.211430236, 0.55818993, -0.802238227, -0.855224609, 0.291625977, 0.428344727, 0.47310377, 0.776734941, 0.415896403, 0, 0, 0, 0, 0, 0, 0, 0.362605957, -0.0504629395, -0.185096191, 0.167533432, -0.215976723, -0.961919309, -0.440917969, -0.889038086, 0.122802734, -0.881604619, 0.403585363, -0.244219793, 0, 2, 5, 1, 
586.101285, 45, 0.1, 0.1, 0.0140540774, 0.352024113, -0.0349680314, 0.882203877, -0.470867624, 3.83863124e-006, 0.470867624, 0.882203877, -1.2889807e-006, -2.77951608e-006, 2.94463095e-006, 1, 0.882203877, -0.470867624, -3.76092166e-006, 0.470867624, 0.882203877, -5.69747429e-006, 6.00065586e-006, 3.25543766e-006, 1, 0, 0, 0, 0, 0, 0, 0, 0.272739478, -0.0503827637, -0.207840649, -0.211430236, 0.55818993, -0.802238227, -0.855224609, 0.291625977, 0.428344727, 0.47310377, 0.776734941, 0.415896403, 0, 0, 0, 0, 0, 0, 0, 0.362605957, -0.0504629395, -0.185096191, 0.167533432, -0.215976723, -0.961919309, -0.440917969, -0.889038086, 0.122802734, -0.881604619, 0.403585363, -0.244219793, 0, 2, 5, 1, 
586.101981, 45, 0.1, 0.1, 0.0140540782, 0.352024113, -0.0349686437, 0.882203852, -0.470867671, -5.81455375e-006, 0.470867671, 0.882203852, 7.6591369e-007, 4.76897772e-006, -3.41357739e-006, 1, 0.882203856, -0.470867664, -6.12477683e-006, 0.470867664, 0.882203856, -5.72571617e-006, 8.09935633e-006, 2.16728952e-006, 1, 0, 0, 0, 0, 0, 0, 0, 0.272739478, -0.0503827637, -0.207840649, -0.211430236, 0.55818993, -0.802238227, -0.855224609, 0.291625977, 0.428344727, 0.47310377, 0.776734941, 0.415896403, 0, 0, 0, 0, 0, 0, 0, 0.362605957, -0.0504629395, -0.185096191, 0.167533432, -0.215976723, -0.961919309, -0.440917969, -0.889038086, 0.122802734, -0.881604619, 0.403585363, -0.244219793, 0, 2, 5, 1, 
586.102671, 45, 0.1, 0.1, 0.0140540781, 0.352024113, -0.0349695278, 0.882203872, -0.470867634, -6.95376527e-006, 0.470867634, 0.882203872, -9.8277147e-008, 6.18091417e-006, -3.18760252e-006, 1, 0.882203867, -0.470867643, -4.85638241e-006, 0.470867643, 0.882203867, 1.08133239e-006, 3.77515491e-006, -3.24066896e-006, 1, 0, 0, 0, 0, 0, 0, 0, 0.272739478, -0.0503827637, -0.207840649, -0.211430236, 0.55818993, -0.802238227, -0.855224609, 0.291625977, 0.428344727, 0.47310377, 0.776734941, 0.415896403, 0, 0, 0, 0, 0, 0, 0, 0.362605957, -0.0504629395, -0.185096191, 0.167533432, -0.215976723, -0.961919309, -0.440917969, -0.889038086, 0.122802734, -0.881604619, 0.403585363, -0.244219793, 0, 2, 5, 1, 
586.103382, 45, 0.1, 0.1, 0.0140540774, 0.352024113, -0.0349703989, 0.88220386, -0.470867656, -2.18883362e-006, 0.470867656, 0.88220386, -3.91100128e-006, 3.77256148e-006, 2.41964947e-006, 1, 0.882203867, -0.470867643, 2.88817609e-006, 0.470867643, 0.882203867, 5.31097601e-006, -5.04872687e-006, -3.3254149e-006, 1, 0, 0, 0, 0, 0, 0, 0, 0.272739478, -0.0503827637, -0.207840649, -0.209806693, 0.556432715, -0.803862892, -0.856811523, 0.291259766, 0.425292969, 0.470869155, 0.778125583, 0.415782949, 0, 0, 0, 0, 0, 0, 0, 0.362605957, -0.0504629395, -0.185096191, 0.167533432, -0.215976723, -0.961919309, -0.440917969, -0.889038086, 0.122802734, -0.881604619, 0.403585363, -0.244219793, 0, 2, 5, 1, 
586.104091, 45, 0.1, 0.1, 0.0140540771, 0.352024114, -0.0349706706, 0.88220386, -0.470867657, 4.67363015e-006, 0.470867657, 0.88220386, -3.16237353e-007, -3.97418862e-006, 2.47964709e-006, 1, 0.882203855, -0.470867666, 7.2820548e-006, 0.470867666, 0.882203855, 9.8728153e-007, -6.88913577e-006, 2.55790057e-006, 1, 0, 0, 0, 0, 0, 0, 0, 0.273262134, -0.0509148193, -0.207254297, -0.209806693, 0.556432715, -0.803862892, -0.856811523, 0.291259766, 0.425292969, 0.470869155, 0.778125583, 0.415782949, 0, 0, 0, 0, 0, 0, 0, 0.363069922, -0.0508543945, -0.184208105, 0.171054079, -0.218021594, -0.960782585, -0.440307617, -0.889160156, 0.123413086, -0.881234585, 0.402020269, -0.248028085, 0, 2, 5, 1, 
586.10478, 45, 0.1, 0.1, 0.0140540775, 0.352024114, -0.034970648, 0.882203871, -0.470867636, 4.31792779e-006, 0.470867636, 0.882203871, 5.7424026e-006, -6.51320415e-006, -3.03279735e-006, 1, 0.882203874, -0.47086763, 4.68244228e-006, 0.47086763, 0.882203874, 2.70445416e-008, -4.14360312e-006, 2.1809517e-006, 1, 0, 0, 0, 0, 0, 0, 0, 0.273262134, -0.0509148193, -0.207254297, -0.209806693, 0.556432715, -0.803862892, -0.856811523, 0.291259766, 0.425292969, 0.470869155, 0.778125583, 0.415782949, 0, 0, 0, 0, 0, 0, 0, 0.363069922, -0.0508543945, -0.184208105, 0.171054079, -0.218021594, -0.960782585, -0.440307617, -0.889160156, 0.123413086, -0.881234585, 0.402020269, -0.248028085, 0, 2, 5, 1, 
586.105471, 45, 0.1, 0.1, 0.0140540782, 0.352024114, -0.0349703863, 0.882203852, -0.470867672, 2.00296216e-006, 0.470867672, 0.882203852, 4.23588248e-006, -3.76156105e-006, -2.79378171e-006, 1, 0.882203851, -0.470867672, -5.05443869e-006, 0.470867672, 0.882203852, 7.01058211e-007, 4.12893963e-006, -2.99844803e-006, 1, 0, 0, 0, 0, 0, 0, 0, 0.273262134, -0.0509148193, -0.207254297, -0.209806693, 0.556432715, -0.803862892, -0.856811523, 0.291259766, 0.425292969, 0.470869155, 0.778125583, 0.415782949, 0, 0, 0, 0, 0, 0, 0, 0.363069922, -0.0508543945, -0.184208105, 0.171054079, -0.218021594, -0.960782585, -0.440307617, -0.889160156, 0.123413086, -0.881234585, 0.402020269, -0.248028085, 0, 2, 5, 1, 
