time, trialNum, realDorsalTactorPos, realVentralTactorPos, boxPosX, boxPosY, boxPosZ, boxLocalRot_11, boxLocalRot_12, boxLocalRot_13, boxLocalRot_21, boxLocalRot_22, boxLocalRot_23, boxLocalRot_31, boxLocalRot_32, boxLocalRot_33, boxGlobalRot_11, boxGlobalRot_12, boxGlobalRot_13, boxGlobalRot_21, boxGlobalRot_22, boxGlobalRot_23, boxGlobalRot_31, boxGlobalRot_32, boxGlobalRot_33, indexForceX, indexForceY, indexForceZ, indexForceGlobalX, indexForceGlobalY, indexForceGlobalZ, indexContact, indexPosX, indexPosY, indexPosZ, indexRot_11, indexRot_12, indexRot_13, indexRot_21, indexRot_22, indexRot_23, indexRot_31, indexRot_32, indexRot_33, thumbForceX, thumbForceY, thumbForceZ, thumbForceGlobalX, thumbForceGlobalY, thumbForceGlobalZ, thumbContact, thumbPosX, thumbPosY, thumbPosZ, thumbRot_11, thumbRot_12, thumbRot_13, thumbRot_21, thumbRot_22, thumbRot_23, thumbRot_31, thumbRot_32, thumbRot_33, manipForceTooHigh, cceExpType, mapping, trialSuccess, 
634.508336, 42, 0.1, 0.1, 0.0141814484, 0.348714134, -0.0349809116, 0.949229517, -0.314584368, -6.69655855e-006, 0.314584368, 0.949229517, -1.20052464e-005, 1.01332339e-005, 9.28910158e-006, 1, 0.949229555, -0.314584253, -1.18576125e-005, 0.314584253, 0.949229555, -1.85895738e-005, 1.71035835e-005, 1.39155547e-005, 1, 0, 0, 0, 0, 0, 0, 0, 0.327982861, -0.199510327, -0.222986157, -0.134798128, 0.450836558, -0.882321971, -0.990478516, -0.0372314453, 0.132202148, 0.0267879712, 0.891746448, 0.451815706, 0, 0, -0, 0, 0, 0, 0, 0.389041943, -0.163255957, -0.19000752, 0.342307921, -0.217439392, -0.913956288, -0.0374755859, -0.975097656, 0.217895508, -0.938721847, -0.0402832658, -0.342037067, 0, 2, 1, 1, 
634.548065, 42, 0.1, 0.1, 0.0141814137, 0.348714056, -0.0349705087, 0.949227219, -0.314591301, 1.64752979e-005, 0.314591301, 0.949227219, 8.25026641e-006, -1.82342633e-005, -2.64839204e-006, 1, 0.94922726, -0.314591178, 9.22914308e-006, 0.314591178, 0.94922726, 5.09265803e-006, -1.03626595e-005, -1.93068283e-006, 1, 0, 0, 0, 0, 0, 0, 0, 0.322302124, -0.198282715, -0.22194165, -0.151683202, 0.466571359, -0.871318517, -0.986694336, -0.0201416016, 0.161010742, 0.0575176733, 0.884187031, 0.463544451, 0, 0, -0, 0, 0, 0, 0, 0.384761963, -0.16110376, -0.190687061, 0.3207039, -0.18654725, -0.928520447, -0.0167236328, -0.981323242, 0.19128418, -0.946884171, -0.0457511033, -0.317914596, 0, 2, 1, 1, 
634.548757, 42, 0.1, 0.1, 0.0141814121, 0.348714054, -0.0349687726, 0.949227032, -0.314591864, -1.43667983e-005, 0.314591864, 0.949227032, -3.86782054e-006, 1.48541382e-005, -8.48238052e-007, 1, 0.949227073, -0.314591742, -8.24725434e-006, 0.314591742, 0.949227073, 3.27809555e-006, 6.7972553e-006, -5.70617515e-006, 1, 0, 0, 0, 0, 0, 0, 0, 0.322302124, -0.198282715, -0.22194165, -0.151683202, 0.466571359, -0.871318517, -0.986694336, -0.0201416016, 0.161010742, 0.0575176733, 0.884187031, 0.463544451, 0, 0, -0, 0, 0, 0, 0, 0.384761963, -0.16110376, -0.190687061, 0.3207039, -0.18654725, -0.928520447, -0.0167236328, -0.981323242, 0.19128418, -0.946884171, -0.0457511033, -0.317914596, 0, 2, 1, 1, 
634.549448, 42, 0.1, 0.1, 0.0141814114, 0.348714056, -0.0349674927, 0.949226799, -0.314592568, 1.51054813e-005, 0.314592568, 0.949226799, 1.49608797e-005, -1.90451092e-005, -9.44919575e-006, 1, 0.949226851, -0.31459241, 1.15620873e-005, 0.31459241, 0.949226851, -6.41580657e-008, -1.09548601e-005, 3.69824546e-006, 1, 0, 0, 0, 0, 0, 0, 0, 0.322302124, -0.198282715, -0.22194165, -0.151683202, 0.466571359, -0.871318517, -0.986694336, -0.0201416016, 0.161010742, 0.0575176733, 0.884187031, 0.463544451, 0, 0, -0, 0, 0, 0, 0, 0.384761963, -0.16110376, -0.190687061, 0.3207039, -0.18654725, -0.928520447, -0.0167236328, -0.981323242, 0.19128418, -0.946884171, -0.0457511033, -0.317914596, 0, 2, 1, 1, 
634.550168, 42, 0.1, 0.1, 0.0141814113, 0.348714052, -0.0349668226, 0.949226526, -0.314593391, -1.76300439e-005, 0.314593391, 0.949226526, -1.17570792e-005, 2.04336048e-005, 5.61383616e-006, 1, 0.949226582, -0.314593224, -1.01604771e-005, 0.314593224, 0.949226582, -3.40462088e-006, 1.07156656e-005, 3.53393894e-008, 1, 0, 0, 0, 0, 0, 0, 0, 0.321651807, -0.198757031, -0.220848389, -0.151440945, 0.466006713, -0.87171242, -0.986572266, -0.0179443359, 0.161743164, 0.0598275503, 0.884523646, 0.462618103, 0, 0, -0, 0, 0, 0, 0, 0.384761963, -0.16110376, -0.190687061, 0.321540951, -0.184279266, -0.928712211, -0.0145263672, -0.981567383, 0.189819336, -0.946673451, -0.0474766119, -0.318425722, 0, 2, 1, 1, 
634.550862, 42, 0.1, 0.1, 0.0141814126, 0.348714053, -0.0349668604, 0.949226313, -0.314594036, 1.60282847e-005, 0.314594036, 0.949226313, 2.26029186e-006, -1.59255439e-005, 2.89687426e-006, 1, 0.949226352, -0.314593917, 7.67513334e-006, 0.314593917, 0.949226352, -1.02870869e-006, -6.96181332e-006, 3.39102766e-006, 1, 0, 0, 0, 0, 0, 0, 0, 0.321651807, -0.198757031, -0.220848389, -0.151440945, 0.466006713, -0.87171242, -0.986572266, -0.0179443359, 0.161743164, 0.0598275503, 0.884523646, 0.462618103, 0, 0, -0, 0, 0, 0, 0, 0.384821777, -0.161213232, -0.189594287, 0.321540951, -0.184279266, -0.928712211, -0.0145263672, -0.981567383, 0.189819336, -0.946673451, -0.0474766119, -0.318425722, 0, 2, 1, 1, 
634.551555, 42, 0.1, 0.1, 0.0141814117, 0.348714052, -0.03496774, 0.949226121, -0.314594612, -1.81446645e-005, 0.314594612, 0.949226122, -1.34200044e-006, 1.76455756e-005, -4.43435183e-006, 1, 0.949226152, -0.314594521, -8.41295807e-006, 0.314594521, 0.949226152, -4.32368835e-006, 9.34600848e-006, 1.45748755e-006, 1, 0, 0, 0, 0, 0, 0, 0, 0.321651807, -0.198757031, -0.220848389, -0.151440945, 0.466006713, -0.87171242, -0.986572266, -0.0179443359, 0.161743164, 0.0598275503, 0.884523646, 0.462618103, 0, 0, -0, 0, 0, 0, 0, 0.384821777, -0.161213232, -0.189594287, 0.321540951, -0.184279266, -0.928712211, -0.0145263672, -0.981567383, 0.189819336, -0.946673451, -0.0474766119, -0.318425722, 0, 2, 1, 1, 
634.552252, 42, 0.1, 0.1, 0.0141814129, 0.348714051, -0.0349691582, 0.949225963, -0.314595091, 1.3875169e-005, 0.314595091, 0.949225963, 1.10890133e-005, -1.66592198e-005, -6.16091927e-006, 1, 0.949225994, -0.314594998, 5.862133e-006, 0.314594998, 0.949225994, 8.05455886e-006, -8.09841295e-006, -5.80139892e-006, 1, 0, 0, 0, 0, 0, 0, 0, 0.321651807, -0.198757031, -0.220848389, -0.151440945, 0.466006713, -0.87171242, -0.986572266, -0.0179443359, 0.161743164, 0.0598275503, 0.884523646, 0.462618103, 0, 0, -0, 0, 0, 0, 0, 0.384821777, -0.161213232, -0.189594287, 0.321540951, -0.184279266, -0.928712211, -0.0145263672, -0.981567383, 0.189819336, -0.946673451, -0.0474766119, -0.318425722, 0, 2, 1, 1, 
634.552943, 42, 0.1, 0.1, 0.0141814103, 0.348714052, -0.034970651, 0.949225863, -0.314595393, -1.16471143e-005, 0.314595393, 0.949225863, -8.71944815e-006, 1.37988403e-005, 4.6125972e-006, 1, 0.949225874, -0.314595359, -2.1993591e-006, 0.314595359, 0.949225874, -1.26309626e-005, 6.06133078e-006, 1.12977283e-005, 1, 0, 0, 0, 0, 0, 0, 0, 0.321651807, -0.198757031, -0.220848389, -0.151440945, 0.466006713, -0.87171242, -0.986572266, -0.0179443359, 0.161743164, 0.0598275503, 0.884523646, 0.462618103, 0, 0, -0, 0, 0, 0, 0, 0.384821777, -0.161213232, -0.189594287, 0.321540951, -0.184279266, -0.928712211, -0.0145263672, -0.981567383, 0.189819336, -0.946673451, -0.0474766119, -0.318425722, 0, 2, 1, 1, 
634.553636, 42, 0.1, 0.1, 0.0141814115, 0.348714049, -0.0349718184, 0.94922586, -0.314595403, 1.50481429e-005, 0.314595403, 0.94922586, 3.47556353e-006, -1.53774827e-005, 1.43498179e-006, 1, 0.949225853, -0.314595423, 5.00817244e-006, 0.314595423, 0.949225853, 1.05558246e-005, -8.07470088e-006, -8.44431353e-006, 1, 0, 0, 0, 0, 0, 0, 0, 0.321651807, -0.198757031, -0.220848389, -0.151440945, 0.466006713, -0.87171242, -0.986572266, -0.0179443359, 0.161743164, 0.0598275503, 0.884523646, 0.462618103, 0, 0, -0, 0, 0, 0, 0, 0.384821777, -0.161213232, -0.189594287, 0.321540951, -0.184279266, -0.928712211, -0.0145263672, -0.981567383, 0.189819336, -0.946673451, -0.0474766119, -0.318425722, 0, 2, 1, 1, 
634.554329, 42, 0.1, 0.1, 0.0141814106, 0.348714048, -0.0349723354, 0.949225902, -0.314595273, -1.9174522e-005, 0.314595273, 0.949225902, 8.27293002e-006, 1.55983282e-005, -1.38850934e-005, 1, 0.949225894, -0.314595299, -1.03598533e-005, 0.314595299, 0.949225894, 6.46069944e-006, 7.80133535e-006, -9.39182435e-006, 1, 0, 0, 0, 0, 0, 0, 0, 0.321651807, -0.198757031, -0.220848389, -0.151440945, 0.466006713, -0.87171242, -0.986572266, -0.0179443359, 0.161743164, 0.0598275503, 0.884523646, 0.462618103, 0, 0, -0, 0, 0, 0, 0, 0.384821777, -0.161213232, -0.189594287, 0.321540951, -0.184279266, -0.928712211, -0.0145263672, -0.981567383, 0.189819336, -0.946673451, -0.0474766119, -0.318425722, 0, 2, 1, 1, 
634.555033, 42, 0.1, 0.1, 0.0141814115, 0.348714047, -0.0349719884, 0.94922592, -0.314595221, 1.55326854e-005, 0.314595221, 0.94922592, -1.46498729e-006, -1.42831496e-005, 6.2771125e-006, 1, 0.949225922, -0.314595214, 8.97432627e-006, 0.314595214, 0.949225922, -4.12324171e-006, -7.22151102e-006, 6.73716801e-006, 1, 0, 0, 0, 0, 0, 0, 0, 0.321699048, -0.19949939, -0.219560937, -0.150634044, 0.464534817, -0.872620793, -0.986572266, -0.0153808594, 0.162109375, 0.0618008125, 0.885374731, 0.460784505, 0, 0, -0, 0, 0, 0, 0, 0.384821777, -0.161213232, -0.189594287, 0.321540951, -0.184279266, -0.928712211, -0.0145263672, -0.981567383, 0.189819336, -0.946673451, -0.0474766119, -0.318425722, 0, 2, 1, 1, 
634.555744, 42, 0.1, 0.1, 0.0141814118, 0.348714044, -0.0349707231, 0.949225865, -0.314595385, -1.89972835e-005, 0.314595385, 0.949225865, 4.91803072e-007, 1.78779939e-005, -6.44328994e-006, 1, 0.949225884, -0.31459533, -1.34933767e-005, 0.31459533, 0.949225884, 9.22398078e-006, 9.90644113e-006, -1.30005946e-005, 1, 0, 0, 0, 0, 0, 0, 0, 0.321699048, -0.19949939, -0.219560937, -0.150634044, 0.464534817, -0.872620793, -0.986572266, -0.0153808594, 0.162109375, 0.0618008125, 0.885374731, 0.460784505, 0, 0, -0, 0, 0, 0, 0, 0.38486499, -0.161349072, -0.188714746, 0.322135199, -0.182547927, -0.928795333, -0.0126953125, -0.981933594, 0.188476563, -0.94648825, -0.0487675534, -0.318802686, 0, 2, 1, 1, 
634.556432, 42, 0.1, 0.1, 0.0141814123, 0.348714046, -0.0349693062, 0.949225733, -0.314595785, 1.23636635e-005, 0.314595785, 0.949225733, 9.69814752e-006, -1.47869038e-005, -5.31617478e-006, 1, 0.949225766, -0.314595686, 8.20182445e-006, 0.314595686, 0.949225766, -2.69910532e-006, -6.93625621e-006, 5.1423189e-006, 1, 0, 0, 0, 0, 0, 0, 0, 0.321699048, -0.19949939, -0.219560937, -0.150634044, 0.464534817, -0.872620793, -0.986572266, -0.0153808594, 0.162109375, 0.0618008125, 0.885374731, 0.460784505, 0, 0, -0, 0, 0, 0, 0, 0.38486499, -0.161349072, -0.188714746, 0.322135199, -0.182547927, -0.928795333, -0.0126953125, -0.981933594, 0.188476563, -0.94648825, -0.0487675534, -0.318802686, 0, 2, 1, 1, 
634.557125, 42, 0.1, 0.1, 0.0141814119, 0.348714045, -0.0349681448, 0.949225568, -0.314596284, -1.44002186e-005, 0.314596283, 0.949225568, -1.95282839e-005, 1.98125812e-005, 1.40064911e-005, 1, 0.949225599, -0.314596188, -8.23657968e-006, 0.314596188, 0.949225599, -1.15825536e-005, 1.14621995e-005, 8.40325983e-006, 1, 0, 0, 0, 0, 0, 0, 0, 0.321699048, -0.19949939, -0.219560937, -0.150634044, 0.464534817, -0.872620793, -0.986572266, -0.0153808594, 0.162109375, 0.0618008125, 0.885374731, 0.460784505, 0, 0, -0, 0, 0, 0, 0, 0.38486499, -0.161349072, -0.188714746, 0.322135199, -0.182547927, -0.928795333, -0.0126953125, -0.981933594, 0.188476563, -0.94648825, -0.0487675534, -0.318802686, 0, 2, 1, 1, 
634.557845, 42, 0.1, 0.1, 0.0141814126, 0.348714046, -0.0349674141, 0.949225439, -0.31459667, 1.55177776e-005, 0.31459667, 0.94922544, 1.26069476e-005, -1.8695973e-005, -7.08499418e-006, 1, 0.949225457, -0.314596617, 6.31158846e-006, 0.314596617, 0.949225457, 1.06244776e-005, -9.33354514e-006, -8.0994202e-006, 1, 0, 0, 0, 0, 0, 0, 0, 0.321699048, -0.19949939, -0.219560937, -0.150634044, 0.464534817, -0.872620793, -0.986572266, -0.0153808594, 0.162109375, 0.0618008125, 0.885374731, 0.460784505, 0, 0, -0, 0, 0, 0, 0, 0.38486499, -0.161349072, -0.188714746, 0.322135199, -0.182547927, -0.928795333, -0.0126953125, -0.981933594, 0.188476563, -0.94648825, -0.0487675534, -0.318802686, 0, 2, 1, 1, 
634.558543, 42, 0.1, 0.1, 0.0141814096, 0.348714048, -0.0349671208, 0.949225412, -0.314596753, -1.25450424e-005, 0.314596753, 0.949225412, -1.45498528e-005, 1.64854095e-005, 9.86446041e-006, 1, 0.949225408, -0.314596765, -2.30107857e-006, 0.314596764, 0.949225408, -1.81848986e-005, 7.90515252e-006, 1.6537656e-005, 1, 0, 0, 0, 0, 0, 0, 0, 0.321699048, -0.19949939, -0.219560937, -0.150634044, 0.464534817, -0.872620793, -0.986572266, -0.0153808594, 0.162109375, 0.0618008125, 0.885374731, 0.460784505, 0, 0, -0, 0, 0, 0, 0, 0.38486499, -0.161349072, -0.188714746, 0.322135199, -0.182547927, -0.928795333, -0.0126953125, -0.981933594, 0.188476563, -0.94648825, -0.0487675534, -0.318802686, 0, 2, 1, 1, 
634.559237, 42, 0.1, 0.1, 0.0141814104, 0.348714047, -0.0349676316, 0.949225483, -0.314596538, 1.96089677e-005, 0.314596538, 0.949225483, -2.07088684e-006, -1.7961838e-005, 8.1346519e-006, 1, 0.949225462, -0.314596604, 8.15040354e-006, 0.314596604, 0.949225462, 5.82473021e-006, -9.5690109e-006, -2.96489296e-006, 1, 0, 0, 0, 0, 0, 0, 0, 0.321699048, -0.19949939, -0.219560937, -0.150634044, 0.464534817, -0.872620793, -0.986572266, -0.0153808594, 0.162109375, 0.0618008125, 0.885374731, 0.460784505, 0, 0, -0, 0, 0, 0, 0, 0.38486499, -0.161349072, -0.188714746, 0.322135199, -0.182547927, -0.928795333, -0.0126953125, -0.981933594, 0.188476563, -0.94648825, -0.0487675534, -0.318802686, 0, 2, 1, 1, 
634.559942, 42, 0.1, 0.1, 0.0141814087, 0.348714048, -0.0349687252, 0.949225599, -0.314596188, -2.0133762e-005, 0.314596188, 0.949225599, 4.93963994e-006, 1.75574904e-005, -1.10228375e-005, 1, 0.949225575, -0.31459626, -9.32016615e-006, 0.31459626, 0.949225576, 1.97516914e-006, 8.22555925e-006, -4.80697048e-006, 1, 0, 0, 0, 0, 0, 0, 0, 0.321699048, -0.19949939, -0.219560937, -0.150664001, 0.462720314, -0.873504079, -0.986328125, -0.0118408203, 0.163818359, 0.0655133153, 0.886403672, 0.458328973, 0, 0, -0, 0, 0, 0, 0, 0.38486499, -0.161349072, -0.188714746, 0.322135199, -0.182547927, -0.928795333, -0.0126953125, -0.981933594, 0.188476563, -0.94648825, -0.0487675534, -0.318802686, 0, 2, 1, 1, 
634.560648, 42, 0.1, 0.1, 0.0141814101, 0.348714048, -0.0349697847, 0.949225682, -0.314595937, 1.61152886e-005, 0.314595937, 0.949225682, -2.44752307e-006, -1.4527065e-005, 7.39305607e-006, 1, 0.949225673, -0.314595965, 8.5957737e-006, 0.314595965, 0.949225673, -6.11549975e-006, -6.23541753e-006, 8.50918509e-006, 1, 0, 0, 0, 0, 0, 0, 0, 0.321485571, -0.200258716, -0.218274097, -0.150664001, 0.462720314, -0.873504079, -0.986328125, -0.0118408203, 0.163818359, 0.0655133153, 0.886403672, 0.458328973, 0, 0, -0, 0, 0, 0, 0, 0.384633447, -0.162427197, -0.187833252, 0.322013798, -0.181915399, -0.929076416, -0.0124511719, -0.982055664, 0.187988281, -0.94650101, -0.0489465574, -0.318464001, 0, 2, 1, 1, 
634.561335, 42, 0.1, 0.1, 0.0141814101, 0.348714044, -0.0349707818, 0.94922568, -0.314595945, -1.78235797e-005, 0.314595945, 0.94922568, 3.79712415e-006, 1.57240397e-005, -9.21155367e-006, 1, 0.949225688, -0.31459592, -1.2435563e-005, 0.314595921, 0.949225688, 1.14318783e-005, 8.20773357e-006, -1.47636099e-005, 1, 0, 0, 0, 0, 0, 0, 0, 0.321485571, -0.200258716, -0.218274097, -0.150664001, 0.462720314, -0.873504079, -0.986328125, -0.0118408203, 0.163818359, 0.0655133153, 0.886403672, 0.458328973, 0, 0, -0, 0, 0, 0, 0, 0.384633447, -0.162427197, -0.187833252, 0.322013798, -0.181915399, -0.929076416, -0.0124511719, -0.982055664, 0.187988281, -0.94650101, -0.0489465574, -0.318464001, 0, 2, 1, 1, 
634.562029, 42, 0.1, 0.1, 0.0141814106, 0.348714045, -0.034971434, 0.949225594, -0.314596203, 1.15657417e-005, 0.314596202, 0.949225595, 1.32189661e-005, -1.51371346e-005, -8.90924253e-006, 1, 0.949225618, -0.314596132, 7.57917979e-006, 0.314596132, 0.949225618, 1.37959326e-006, -7.62836633e-006, 1.07483538e-006, 1, 0, 0, 0, 0, 0, 0, 0, 0.321485571, -0.200258716, -0.218274097, -0.150664001, 0.462720314, -0.873504079, -0.986328125, -0.0118408203, 0.163818359, 0.0655133153, 0.886403672, 0.458328973, 0, 0, -0, 0, 0, 0, 0, 0.384633447, -0.162427197, -0.187833252, 0.322013798, -0.181915399, -0.929076416, -0.0124511719, -0.982055664, 0.187988281, -0.94650101, -0.0489465574, -0.318464001, 0, 2, 1, 1, 
634.562753, 42, 0.1, 0.1, 0.0141814103, 0.348714043, -0.034971365, 0.949225468, -0.314596584, -1.40209218e-005, 0.314596584, 0.949225468, -1.41789954e-005, 1.77696795e-005, 9.04812949e-006, 1, 0.949225492, -0.314596512, -8.42939865e-006, 0.314596512, 0.949225492, -6.97061247e-006, 1.01943304e-005, 3.96482364e-006, 1, 0, 0, 0, 0, 0, 0, 0, 0.320724414, -0.200905371, -0.218469507, -0.152774683, 0.463183488, -0.872939434, -0.985595703, -0.00805664063, 0.168334961, 0.0709148838, 0.88620672, 0.457992358, 0, 0, -0, 0, 0, 0, 0, 0.384047314, -0.16320542, -0.187632471, 0.320122412, -0.180388218, -0.930008983, -0.0120849609, -0.982299805, 0.186279297, -0.947190774, -0.0482950734, -0.316598135, 0, 2, 1, 1, 
634.563442, 42, 0.1, 0.1, 0.0141814117, 0.348714042, -0.0349706677, 0.949225378, -0.314596854, 1.11960432e-005, 0.314596854, 0.949225378, 1.34743598e-005, -1.48665596e-005, -9.26796434e-006, 1, 0.94922539, -0.314596821, 3.24240699e-006, 0.314596821, 0.949225389, 1.20000297e-005, -6.85294623e-006, -1.03706819e-005, 1, 0, 0, 0, 0, 0, 0, 0, 0.320724414, -0.200905371, -0.218469507, -0.152774683, 0.463183488, -0.872939434, -0.985595703, -0.00805664063, 0.168334961, 0.0709148838, 0.88620672, 0.457992358, 0, 0, -0, 0, 0, 0, 0, 0.384047314, -0.16320542, -0.187632471, 0.320122412, -0.180388218, -0.930008983, -0.0120849609, -0.982299805, 0.186279297, -0.947190774, -0.0482950734, -0.316598135, 0, 2, 1, 1, 
634.564137, 42, 0.1, 0.1, 0.0141814096, 0.348714044, -0.034969764, 0.949225372, -0.314596873, -1.2646947e-005, 0.314596872, 0.949225372, -1.15100049e-005, 1.56258145e-005, 6.94689871e-006, 1, 0.949225366, -0.314596893, -3.52236912e-006, 0.314596893, 0.949225366, -1.47861122e-005, 7.99518706e-006, 1.29272263e-005, 1, 0, 0, 0, 0, 0, 0, 0, 0.320724414, -0.200905371, -0.218469507, -0.152774683, 0.463183488, -0.872939434, -0.985595703, -0.00805664063, 0.168334961, 0.0709148838, 0.88620672, 0.457992358, 0, 0, -0, 0, 0, 0, 0, 0.384047314, -0.16320542, -0.187632471, 0.320122412, -0.180388218, -0.930008983, -0.0120849609, -0.982299805, 0.186279297, -0.947190774, -0.0482950734, -0.316598135, 0, 2, 1, 1, 
634.564828, 42, 0.1, 0.1, 0.01418141, 0.348714042, -0.0349689466, 0.949225453, -0.31459663, 2.04645707e-005, 0.31459663, 0.949225453, -1.54996347e-006, -1.89378781e-005, 7.90934974e-006, 1, 0.94922543, -0.314596699, 9.39400182e-006, 0.314596699, 0.94922543, 6.22872156e-006, -1.08765607e-005, -2.95713894e-006, 1, 0, 0, 0, 0, 0, 0, 0, 0.320724414, -0.200905371, -0.218469507, -0.152774683, 0.463183488, -0.872939434, -0.985595703, -0.00805664063, 0.168334961, 0.0709148838, 0.88620672, 0.457992358, 0, 0, -0, 0, 0, 0, 0, 0.384047314, -0.16320542, -0.187632471, 0.320122412, -0.180388218, -0.930008983, -0.0120849609, -0.982299805, 0.186279297, -0.947190774, -0.0482950734, -0.316598135, 0, 2, 1, 1, 
634.565522, 42, 0.1, 0.1, 0.0141814078, 0.348714043, -0.0349684284, 0.949225575, -0.314596262, -1.82288532e-005, 0.314596262, 0.949225575, 3.86942155e-006, 1.60859881e-005, -9.40768298e-006, 1, 0.949225551, -0.314596333, -8.29819804e-006, 0.314596333, 0.949225551, 1.57547716e-006, 7.38122227e-006, -4.10606586e-006, 1, 0, 0, 0, 0, 0, 0, 0, 0.320724414, -0.200905371, -0.218469507, -0.152774683, 0.463183488, -0.872939434, -0.985595703, -0.00805664063, 0.168334961, 0.0709148838, 0.88620672, 0.457992358, 0, 0, -0, 0, 0, 0, 0, 0.384047314, -0.16320542, -0.187632471, 0.320122412, -0.180388218, -0.930008983, -0.0120849609, -0.982299805, 0.186279297, -0.947190774, -0.0482950734, -0.316598135, 0, 2, 1, 1, 
634.566213, 42, 0.1, 0.1, 0.0141814082, 0.348714044, -0.0349683357, 0.949225661, -0.314596002, 1.91828843e-005, 0.314596002, 0.949225661, -5.62015871e-006, -1.64408065e-005, 1.13696576e-005, 1, 0.949225651, -0.314596032, 1.18130901e-005, 0.314596033, 0.949225651, -9.21335723e-006, -8.31480246e-006, 1.24619063e-005, 1, 0, 0, 0, 0, 0, 0, 0, 0.320724414, -0.200905371, -0.218469507, -0.152774683, 0.463183488, -0.872939434, -0.985595703, -0.00805664063, 0.168334961, 0.0709148838, 0.88620672, 0.457992358, 0, 0, -0, 0, 0, 0, 0, 0.384047314, -0.16320542, -0.187632471, 0.320122412, -0.180388218, -0.930008983, -0.0120849609, -0.982299805, 0.186279297, -0.947190774, -0.0482950734, -0.316598135, 0, 2, 1, 1, 
634.566909, 42, 0.1, 0.1, 0.014181408, 0.348714041, -0.0349686846, 0.949225659, -0.314596007, -1.93183626e-005, 0.314596007, 0.949225659, 1.9677652e-007, 1.82755804e-005, -6.26426506e-006, 1, 0.949225668, -0.31459598, -1.31174035e-005, 0.31459598, 0.949225668, 8.65782876e-006, 9.72765794e-006, -1.23449157e-005, 1, 0, 0, 0, 0, 0, 0, 0, 0.320724414, -0.200905371, -0.218469507, -0.152774683, 0.463183488, -0.872939434, -0.985595703, -0.00805664063, 0.168334961, 0.0709148838, 0.88620672, 0.457992358, 0, 0, -0, 0, 0, 0, 0, 0.384047314, -0.16320542, -0.187632471, 0.320122412, -0.180388218, -0.930008983, -0.0120849609, -0.982299805, 0.186279297, -0.947190774, -0.0482950734, -0.316598135, 0, 2, 1, 1, 
634.567627, 42, 0.1, 0.1, 0.0141814086, 0.348714043, -0.034969112, 0.949225564, -0.314596294, 1.25657286e-005, 0.314596294, 0.949225564, 1.13144622e-005, -1.54871987e-005, -6.7868451e-006, 1, 0.94922559, -0.314596217, 8.45217899e-006, 0.314596217, 0.94922559, -1.76354414e-006, -7.46822028e-006, 4.33302476e-006, 1, 0, 0, 0, 0, 0, 0, 0, 0.319704004, -0.20127312, -0.218846899, -0.155633857, 0.464775952, -0.871619184, -0.984741211, -0.00415039063, 0.173583984, 0.0770529614, 0.885336539, 0.458524802, 0, 0, -0, 0, 0, 0, 0, 0.383649512, -0.163416553, -0.18767959, 0.317758179, -0.176644091, -0.931490955, -0.00988769532, -0.983032227, 0.182983398, -0.948052978, -0.0488834915, -0.314176299, 0, 2, 1, 1, 
634.568317, 42, 0.1, 0.1, 0.0141814082, 0.348714042, -0.0349695968, 0.949225433, -0.314596691, -1.39352889e-005, 0.31459669, 0.949225433, -1.47005491e-005, 1.78524747e-005, 9.57013932e-006, 1, 0.949225458, -0.314596615, -7.86313587e-006, 0.314596615, 0.949225458, -7.25574411e-006, 9.74652128e-006, 4.4136211e-006, 1, 0, 0, 0, 0, 0, 0, 0, 0.319704004, -0.20127312, -0.218846899, -0.155633857, 0.464775952, -0.871619184, -0.984741211, -0.00415039063, 0.173583984, 0.0770529614, 0.885336539, 0.458524802, 0, 0, -0, 0, 0, 0, 0, 0.383649512, -0.163416553, -0.18767959, 0.317758179, -0.176644091, -0.931490955, -0.00988769532, -0.983032227, 0.182983398, -0.948052978, -0.0488834915, -0.314176299, 0, 2, 1, 1, 
634.569013, 42, 0.1, 0.1, 0.0141814098, 0.348714041, -0.034970099, 0.949225335, -0.314596986, 1.06892309e-005, 0.314596986, 0.949225335, 1.40646657e-005, -1.45711902e-005, -9.98773722e-006, 1, 0.949225347, -0.314596948, 2.49393816e-006, 0.314596948, 0.949225347, 1.23539242e-005, -6.25381616e-006, -1.09420726e-005, 1, 0, 0, 0, 0, 0, 0, 0, 0.319704004, -0.20127312, -0.218846899, -0.155633857, 0.464775952, -0.871619184, -0.984741211, -0.00415039063, 0.173583984, 0.0770529614, 0.885336539, 0.458524802, 0, 0, -0, 0, 0, 0, 0, 0.383649512, -0.163416553, -0.18767959, 0.317758179, -0.176644091, -0.931490955, -0.00988769532, -0.983032227, 0.182983398, -0.948052978, -0.0488834915, -0.314176299, 0, 2, 1, 1, 
634.569705, 42, 0.1, 0.1, 0.014181408, 0.348714042, -0.0349704765, 0.949225322, -0.314597023, -1.30230357e-005, 0.314597023, 0.949225323, -1.0688317e-005, 1.5724308e-005, 6.04861289e-006, 1, 0.949225317, -0.31459704, -3.99096497e-006, 0.31459704, 0.949225317, -1.37743605e-005, 8.12169801e-006, 1.18194259e-005, 1, 0, 0, 0, 0, 0, 0, 0, 0.319704004, -0.20127312, -0.218846899, -0.155633857, 0.464775952, -0.871619184, -0.984741211, -0.00415039063, 0.173583984, 0.0770529614, 0.885336539, 0.458524802, 0, 0, -0, 0, 0, 0, 0, 0.383649512, -0.163416553, -0.18767959, 0.317758179, -0.176644091, -0.931490955, -0.00988769532, -0.983032227, 0.182983398, -0.948052978, -0.0488834915, -0.314176299, 0, 2, 1, 1, 
634.570396, 42, 0.1, 0.1, 0.0141814089, 0.348714041, -0.0349706362, 0.949225395, -0.314596804, 1.768397e-005, 0.314596804, 0.949225395, -9.60840135e-007, -1.64837961e-005, 6.47537429e-006, 1, 0.949225374, -0.314596868, 7.10775342e-006, 0.314596868, 0.949225374, 6.44384285e-006, -8.77407268e-006, -3.88058218e-006, 1, 0, 0, 0, 0, 0, 0, 0, 0.319704004, -0.20127312, -0.218846899, -0.155633857, 0.464775952, -0.871619184, -0.984741211, -0.00415039063, 0.173583984, 0.0770529614, 0.885336539, 0.458524802, 0, 0, -0, 0, 0, 0, 0, 0.383649512, -0.163416553, -0.18767959, 0.317758179, -0.176644091, -0.931490955, -0.00988769532, -0.983032227, 0.182983398, -0.948052978, -0.0488834915, -0.314176299, 0, 2, 1, 1, 
634.57109, 42, 0.1, 0.1, 0.0141814072, 0.348714041, -0.0349705443, 0.949225507, -0.314596467, -1.78704648e-005, 0.314596467, 0.949225507, 4.09579803e-006, 1.56745774e-005, -9.50982104e-006, 1, 0.949225485, -0.314596531, -8.83187414e-006, 0.314596532, 0.949225486, 1.96290876e-006, 7.76591573e-006, -4.64171999e-006, 1, 0, 0, 0, 0, 0, 0, 0, 0.319704004, -0.20127312, -0.218846899, -0.155633857, 0.464775952, -0.871619184, -0.984741211, -0.00415039063, 0.173583984, 0.0770529614, 0.885336539, 0.458524802, 0, 0, -0, 0, 0, 0, 0, 0.383649512, -0.163416553, -0.18767959, 0.317758179, -0.176644091, -0.931490955, -0.00988769532, -0.983032227, 0.182983398, -0.948052978, -0.0488834915, -0.314176299, 0, 2, 1, 1, 
634.571781, 42, 0.1, 0.1, 0.0141814076, 0.348714042, -0.0349702451, 0.949225586, -0.314596228, 1.80044906e-005, 0.314596228, 0.949225586, -4.62837436e-006, -1.5634254e-005, 1.00575162e-005, 1, 0.949225577, -0.314596255, 1.102936e-005, 0.314596256, 0.949225577, -8.01700746e-006, -7.94723009e-006, 1.10797439e-005, 1, 0, 0, 0, 0, 0, 0, 0, 0.319704004, -0.20127312, -0.218846899, -0.155633857, 0.464775952, -0.871619184, -0.984741211, -0.00415039063, 0.173583984, 0.0770529614, 0.885336539, 0.458524802, 0, 0, -0, 0, 0, 0, 0, 0.383649512, -0.163416553, -0.18767959, 0.317758179, -0.176644091, -0.931490955, -0.00988769532, -0.983032227, 0.182983398, -0.948052978, -0.0488834915, -0.314176299, 0, 2, 1, 1, 
634.572499, 42, 0.1, 0.1, 0.0141814076, 0.348714039, -0.034969588, 0.949225581, -0.314596243, -1.94375026e-005, 0.314596244, 0.949225581, 1.22131823e-006, 1.80663526e-005, -7.2742718e-006, 1, 0.94922559, -0.314596215, -1.37714517e-005, 0.314596215, 0.94922559, 9.53304795e-006, 1.00731535e-005, -1.33814596e-005, 1, 0, 0, 0, 0, 0, 0, 0, 0.319549097, -0.200931104, -0.219189868, -0.158849863, 0.467174196, -0.869708079, -0.984008789, -0.00341796875, 0.177978516, 0.0801577575, 0.884091551, 0.460446768, 0, 0, -0, 0, 0, 0, 0, 0.383511572, -0.163146777, -0.187728418, 0.315854033, -0.172056717, -0.932960167, -0.00646972657, -0.983642578, 0.179199219, -0.94862134, -0.0504879651, -0.311875866, 0, 2, 1, 1, 
634.573199, 42, 0.1, 0.1, 0.0141814083, 0.348714041, -0.034968867, 0.949225486, -0.314596529, 1.26777663e-005, 0.314596529, 0.949225486, 1.18053256e-005, -1.57479733e-005, -7.2175347e-006, 1, 0.949225512, -0.314596452, 8.43174548e-006, 0.314596452, 0.949225512, -1.12055153e-006, -7.65110638e-006, 3.71625331e-006, 1, 0, 0, 0, 0, 0, 0, 0, 0.319549097, -0.200931104, -0.219189868, -0.158849863, 0.467174196, -0.869708079, -0.984008789, -0.00341796875, 0.177978516, 0.0801577575, 0.884091551, 0.460446768, 0, 0, -0, 0, 0, 0, 0, 0.383511572, -0.163146777, -0.187728418, 0.315854033, -0.172056717, -0.932960167, -0.00646972657, -0.983642578, 0.179199219, -0.94862134, -0.0504879651, -0.311875866, 0, 2, 1, 1, 
634.57391, 42, 0.1, 0.1, 0.014181408, 0.348714039, -0.0349683634, 0.94922535, -0.31459694, -1.51100006e-005, 0.31459694, 0.94922535, -1.75394243e-005, 1.98606448e-005, 1.18953062e-005, 1, 0.949225376, -0.314596862, -8.97666103e-006, 0.314596862, 0.949225376, -9.71979263e-006, 1.15786907e-005, 6.40224442e-006, 1, 0, 0, 0, 0, 0, 0, 0, 0.319549097, -0.200931104, -0.219189868, -0.158849863, 0.467174196, -0.869708079, -0.984008789, -0.00341796875, 0.177978516, 0.0801577575, 0.884091551, 0.460446768, 0, 0, -0, 0, 0, 0, 0, 0.383511572, -0.163146777, -0.187728418, 0.315854033, -0.172056717, -0.932960167, -0.00646972657, -0.983642578, 0.179199219, -0.94862134, -0.0504879651, -0.311875866, 0, 2, 1, 1, 
634.574607, 42, 0.1, 0.1, 0.0141814094, 0.348714039, -0.0349681449, 0.949225251, -0.314597239, 1.28727807e-005, 0.314597238, 0.949225251, 1.35910102e-005, -1.64948627e-005, -8.8511888e-006, 1, 0.949225263, -0.314597202, 4.06816246e-006, 0.314597202, 0.949225263, 1.17619265e-005, -7.56187177e-006, -9.88488528e-006, 1, 0, 0, 0, 0, 0, 0, 0, 0.319549097, -0.200931104, -0.219189868, -0.158849863, 0.467174196, -0.869708079, -0.984008789, -0.00341796875, 0.177978516, 0.0801577575, 0.884091551, 0.460446768, 0, 0, -0, 0, 0, 0, 0, 0.383511572, -0.163146777, -0.187728418, 0.315854033, -0.172056717, -0.932960167, -0.00646972657, -0.983642578, 0.179199219, -0.94862134, -0.0504879651, -0.311875866, 0, 2, 1, 1, 
634.57531, 42, 0.1, 0.1, 0.0141814067, 0.348714042, -0.0349682918, 0.949225244, -0.31459726, -1.18750679e-005, 0.314597259, 0.949225244, -1.34176276e-005, 1.54932631e-005, 9.00048705e-006, 1, 0.949225237, -0.314597281, -2.30300121e-006, 0.314597281, 0.949225237, -1.68893911e-005, 7.49942338e-006, 1.53073183e-005, 1, 0, 0, 0, 0, 0, 0, 0, 0.319549097, -0.200931104, -0.219189868, -0.158849863, 0.467174196, -0.869708079, -0.984008789, -0.00341796875, 0.177978516, 0.0801577575, 0.884091551, 0.460446768, 0, 0, -0, 0, 0, 0, 0, 0.383010742, -0.162848926, -0.188461133, 0.3120585, -0.166945456, -0.935240545, -0.00231933594, -0.98449707, 0.174926758, -0.949879465, -0.0524056041, -0.307696805, 0, 2, 1, 1, 
634.576004, 42, 0.1, 0.1, 0.014181407, 0.34871404, -0.0349688587, 0.949225329, -0.314597004, 2.0893374e-005, 0.314597004, 0.949225329, -1.85206095e-006, -1.9249867e-005, 8.33101603e-006, 1, 0.949225305, -0.314597076, 9.6977937e-006, 0.314597076, 0.949225305, 5.75840202e-006, -1.10169676e-005, -2.41512337e-006, 1, 0, 0, 0, 0, 0, 0, 0, 0.319549097, -0.200931104, -0.219189868, -0.158849863, 0.467174196, -0.869708079, -0.984008789, -0.00341796875, 0.177978516, 0.0801577575, 0.884091551, 0.460446768, 0, 0, -0, 0, 0, 0, 0, 0.383010742, -0.162848926, -0.188461133, 0.3120585, -0.166945456, -0.935240545, -0.00231933594, -0.98449707, 0.174926758, -0.949879465, -0.0524056041, -0.307696805, 0, 2, 1, 1, 
634.576696, 42, 0.1, 0.1, 0.0141814045, 0.348714041, -0.0349696534, 0.949225453, -0.314596628, -1.64820888e-005, 0.314596629, 0.949225453, 3.88761455e-006, 1.44221878e-005, -8.87543225e-006, 1, 0.949225429, -0.314596701, -6.79838796e-006, 0.314596701, 0.949225429, 1.57079689e-006, 5.95903521e-006, -3.62979078e-006, 1, 0, 0, 0, 0, 0, 0, 0, 0.319549097, -0.200931104, -0.219189868, -0.158849863, 0.467174196, -0.869708079, -0.984008789, -0.00341796875, 0.177978516, 0.0801577575, 0.884091551, 0.460446768, 0, 0, -0, 0, 0, 0, 0, 0.383010742, -0.162848926, -0.188461133, 0.3120585, -0.166945456, -0.935240545, -0.00231933594, -0.98449707, 0.174926758, -0.949879465, -0.0524056041, -0.307696805, 0, 2, 1, 1, 
634.577404, 42, 0.1, 0.1, 0.0141814046, 0.348714042, -0.0349703329, 0.949225545, -0.314596351, 1.88091589e-005, 0.314596351, 0.949225545, -5.37478049e-006, -1.61632478e-005, 1.10191717e-005, 1, 0.949225534, -0.314596384, 1.20116128e-005, 0.314596384, 0.949225534, -8.870152e-006, -8.6112118e-006, 1.21985847e-005, 1, 0, 0, 0, 0, 0, 0, 0, 0.318901685, -0.200165674, -0.219321069, -0.162922946, 0.469109266, -0.867993926, -0.983154297, -0.00354003907, 0.182617188, 0.0825331575, 0.883043515, 0.46190556, 0, 0, -0, 0, 0, 0, 0, 0.383010742, -0.162848926, -0.188461133, 0.3120585, -0.166945456, -0.935240545, -0.00231933594, -0.98449707, 0.174926758, -0.949879465, -0.0524056041, -0.307696805, 0, 2, 1, 1, 
634.578096, 42, 0.1, 0.1, 0.0141814042, 0.34871404, -0.0349707301, 0.949225552, -0.314596331, -1.78682879e-005, 0.314596331, 0.949225552, 3.63682283e-007, 1.68466223e-005, -5.96651434e-006, 1, 0.949225559, -0.31459631, -1.1896144e-005, 0.31459631, 0.949225559, 8.17861753e-006, 8.71916101e-006, -1.15058358e-005, 1, 0, 0, 0, 0, 0, 0, 0, 0.318901685, -0.200165674, -0.219321069, -0.162922946, 0.469109266, -0.867993926, -0.983154297, -0.00354003907, 0.182617188, 0.0825331575, 0.883043515, 0.46190556, 0, 0, -0, 0, 0, 0, 0, 0.383010742, -0.162848926, -0.188461133, 0.3120585, -0.166945456, -0.935240545, -0.00231933594, -0.98449707, 0.174926758, -0.949879465, -0.0524056041, -0.307696805, 0, 2, 1, 1, 
634.578787, 42, 0.1, 0.1, 0.0141814051, 0.348714041, -0.0349708496, 0.949225475, -0.314596564, 1.02387424e-005, 0.314596564, 0.949225475, 1.13545886e-005, -1.32909897e-005, -7.55699156e-006, 1, 0.949225497, -0.314596498, 6.51155492e-006, 0.314596498, 0.949225497, -9.50167328e-007, -5.88201464e-006, 2.95043543e-006, 1, 0, 0, 0, 0, 0, 0, 0, 0.318901685, -0.200165674, -0.219321069, -0.162922946, 0.469109266, -0.867993926, -0.983154297, -0.00354003907, 0.182617188, 0.0825331575, 0.883043515, 0.46190556, 0, 0, -0, 0, 0, 0, 0, 0.383010742, -0.162848926, -0.188461133, 0.3120585, -0.166945456, -0.935240545, -0.00231933594, -0.98449707, 0.174926758, -0.949879465, -0.0524056041, -0.307696805, 0, 2, 1, 1, 
634.579494, 42, 0.1, 0.1, 0.0141814054, 0.348714039, -0.0349705893, 0.949225358, -0.314596916, -1.48758053e-005, 0.314596916, 0.949225358, -1.49745233e-005, 1.88314305e-005, 9.53431481e-006, 1, 0.949225382, -0.314596843, -8.8304745e-006, 0.314596843, 0.949225382, -6.9029206e-006, 1.05537476e-005, 3.77438804e-006, 1, 0, 0, 0, 0, 0, 0, 0, 0.318901685, -0.200165674, -0.219321069, -0.167072414, 0.471164903, -0.86598135, -0.982299805, -0.00439453125, 0.187133789, 0.0844262879, 0.881976382, 0.463687862, 0, 0, -0, 0, 0, 0, 0, 0.383010742, -0.162848926, -0.188461133, 0.3120585, -0.166945456, -0.935240545, -0.00231933594, -0.98449707, 0.174926758, -0.949879465, -0.0524056041, -0.307696805, 0, 2, 1, 1, 
634.580203, 42, 0.1, 0.1, 0.0141814068, 0.348714039, -0.0349698116, 0.949225272, -0.314597175, 1.22822873e-005, 0.314597175, 0.949225272, 1.3904089e-005, -1.60328447e-005, -9.33413972e-006, 1, 0.949225282, -0.314597146, 3.84461015e-006, 0.314597146, 0.949225282, 1.24279057e-005, -7.55918482e-006, -1.05873789e-005, 1, 0, 0, 0, 0, 0, 0, 0, 0.318248901, -0.199170898, -0.219436035, -0.167072414, 0.471164903, -0.86598135, -0.982299805, -0.00439453125, 0.187133789, 0.0844262879, 0.881976382, 0.463687862, 0, 0, -0, 0, 0, 0, 0, 0.382080029, -0.162084814, -0.189188965, 0.308505771, -0.161431712, -0.937374001, 0.00231933593, -0.985229492, 0.170410156, -0.951112071, -0.0546491686, -0.303747789, 0, 2, 1, 1, 
634.580896, 42, 0.1, 0.1, 0.0141814045, 0.348714041, -0.0349690664, 0.949225275, -0.314597167, -1.20098653e-005, 0.314597167, 0.949225275, -1.20160174e-005, 1.51802727e-005, 7.6276378e-006, 1, 0.949225266, -0.314597193, -2.74502995e-006, 0.314597193, 0.949225266, -1.52696137e-005, 7.4094294e-006, 1.36307244e-005, 1, 0, 0, 0, 0, 0, 0, 0, 0.318248901, -0.199170898, -0.219436035, -0.167072414, 0.471164903, -0.86598135, -0.982299805, -0.00439453125, 0.187133789, 0.0844262879, 0.881976382, 0.463687862, 0, 0, -0, 0, 0, 0, 0, 0.382080029, -0.162084814, -0.189188965, 0.308505771, -0.161431712, -0.937374001, 0.00231933593, -0.985229492, 0.170410156, -0.951112071, -0.0546491686, -0.303747789, 0, 2, 1, 1, 
634.581588, 42, 0.1, 0.1, 0.0141814048, 0.34871404, -0.0349685831, 0.949225364, -0.314596897, 2.12344326e-005, 0.314596897, 0.949225365, -1.97370154e-006, -1.95353416e-005, 8.55377416e-006, 1, 0.949225339, -0.314596972, 9.85033309e-006, 0.314596972, 0.949225339, 6.0227941e-006, -1.12449386e-005, -2.61810381e-006, 1, 0, 0, 0, 0, 0, 0, 0, 0.318248901, -0.199170898, -0.219436035, -0.167072414, 0.471164903, -0.86598135, -0.982299805, -0.00439453125, 0.187133789, 0.0844262879, 0.881976382, 0.463687862, 0, 0, -0, 0, 0, 0, 0, 0.382080029, -0.162084814, -0.189188965, 0.308505771, -0.161431712, -0.937374001, 0.00231933593, -0.985229492, 0.170410156, -0.951112071, -0.0546491686, -0.303747789, 0, 2, 1, 1, 
634.582281, 42, 0.1, 0.1, 0.0141814024, 0.34871404, -0.0349685041, 0.949225495, -0.314596502, -1.75589477e-005, 0.314596502, 0.949225495, 3.20593939e-006, 1.56588235e-005, -8.56714293e-006, 1, 0.94922547, -0.314596579, -7.5202125e-006, 0.314596579, 0.94922547, 9.46721925e-007, 6.84054176e-006, -3.26448569e-006, 1, 0, 0, 0, 0, 0, 0, 0, 0.318248901, -0.199170898, -0.219436035, -0.167072414, 0.471164903, -0.86598135, -0.982299805, -0.00439453125, 0.187133789, 0.0844262879, 0.881976382, 0.463687862, 0, 0, -0, 0, 0, 0, 0, 0.382080029, -0.162084814, -0.189188965, 0.308505771, -0.161431712, -0.937374001, 0.00231933593, -0.985229492, 0.170410156, -0.951112071, -0.0546491686, -0.303747789, 0, 2, 1, 1, 
634.582978, 42, 0.1, 0.1, 0.0141814026, 0.348714042, -0.0349687653, 0.949225589, -0.314596218, 1.963541e-005, 0.314596218, 0.949225589, -6.40209834e-006, -1.66243577e-005, 1.22542613e-005, 1, 0.949225578, -0.314596252, 1.23695584e-005, 0.314596252, 0.949225578, -9.98406548e-006, -8.60055161e-006, 1.3368547e-005, 1, 0, 0, 0, 0, 0, 0, 0, 0.318248901, -0.199170898, -0.219436035, -0.167072414, 0.471164903, -0.86598135, -0.982299805, -0.00439453125, 0.187133789, 0.0844262879, 0.881976382, 0.463687862, 0, 0, -0, 0, 0, 0, 0, 0.382080029, -0.162084814, -0.189188965, 0.308505771, -0.161431712, -0.937374001, 0.00231933593, -0.985229492, 0.170410156, -0.951112071, -0.0546491686, -0.303747789, 0, 2, 1, 1, 
634.583672, 42, 0.1, 0.1, 0.0141814022, 0.348714039, -0.0349692791, 0.949225595, -0.314596201, -1.86089483e-005, 0.314596201, 0.949225595, -6.68744792e-007, 1.78744746e-005, -5.21951477e-006, 1, 0.949225602, -0.314596179, -1.23794923e-005, 0.314596179, 0.949225602, 7.57765783e-006, 9.3670288e-006, -1.10874478e-005, 1, 0, 0, 0, 0, 0, 0, 0, 0.318248901, -0.199170898, -0.219436035, -0.167072414, 0.471164903, -0.86598135, -0.982299805, -0.00439453125, 0.187133789, 0.0844262879, 0.881976382, 0.463687862, 0, 0, -0, 0, 0, 0, 0, 0.382080029, -0.162084814, -0.189188965, 0.308505771, -0.161431712, -0.937374001, 0.00231933593, -0.985229492, 0.170410156, -0.951112071, -0.0546491686, -0.303747789, 0, 2, 1, 1, 
634.584379, 42, 0.1, 0.1, 0.0141814031, 0.348714041, -0.034969858, 0.949225509, -0.314596459, 1.12686048e-005, 0.314596459, 0.94922551, 1.14341146e-005, -1.42935791e-005, -7.30849005e-006, 1, 0.949225536, -0.31459638, 6.92665988e-006, 0.31459638, 0.949225536, -2.56771232e-006, -5.76716943e-006, 4.61644023e-006, 1, 0, 0, 0, 0, 0, 0, 0, 0.318248901, -0.199170898, -0.219436035, -0.171082218, 0.473220541, -0.864108438, -0.981323242, -0.00500488282, 0.191650391, 0.0864208897, 0.880909249, 0.465368693, 0, 0, -0, 0, 0, 0, 0, 0.382080029, -0.162084814, -0.189188965, 0.308505771, -0.161431712, -0.937374001, 0.00231933593, -0.985229492, 0.170410156, -0.951112071, -0.0546491686, -0.303747789, 0, 2, 1, 1, 
634.585084, 42, 0.1, 0.1, 0.0141814028, 0.348714039, -0.0349700736, 0.949225384, -0.314596839, -1.36800631e-005, 0.314596838, 0.949225384, -1.42737002e-005, 1.74759241e-005, 9.24525391e-006, 1, 0.949225407, -0.314596767, -8.09093787e-006, 0.314596767, 0.949225407, -6.78594878e-006, 9.81496134e-006, 3.8960121e-006, 1, 0, 0, 0, 0, 0, 0, 0, 0.31715708, -0.198176123, -0.219558447, -0.171082218, 0.473220541, -0.864108438, -0.981323242, -0.00500488282, 0.191650391, 0.0864208897, 0.880909249, 0.465368693, 0, 0, -0, 0, 0, 0, 0, 0.381667334, -0.160818311, -0.18991875, 0.305885975, -0.154684995, -0.939309497, 0.00817871093, -0.986206055, 0.165039063, -0.951878394, -0.0581133122, -0.300514421, 0, 2, 1, 1, 
