time, trialNum, realDorsalTactorPos, realVentralTactorPos, boxPosX, boxPosY, boxPosZ, boxLocalRot_11, boxLocalRot_12, boxLocalRot_13, boxLocalRot_21, boxLocalRot_22, boxLocalRot_23, boxLocalRot_31, boxLocalRot_32, boxLocalRot_33, boxGlobalRot_11, boxGlobalRot_12, boxGlobalRot_13, boxGlobalRot_21, boxGlobalRot_22, boxGlobalRot_23, boxGlobalRot_31, boxGlobalRot_32, boxGlobalRot_33, indexForceX, indexForceY, indexForceZ, indexForceGlobalX, indexForceGlobalY, indexForceGlobalZ, indexContact, indexPosX, indexPosY, indexPosZ, indexRot_11, indexRot_12, indexRot_13, indexRot_21, indexRot_22, indexRot_23, indexRot_31, indexRot_32, indexRot_33, thumbForceX, thumbForceY, thumbForceZ, thumbForceGlobalX, thumbForceGlobalY, thumbForceGlobalZ, thumbContact, thumbPosX, thumbPosY, thumbPosZ, thumbRot_11, thumbRot_12, thumbRot_13, thumbRot_21, thumbRot_22, thumbRot_23, thumbRot_31, thumbRot_32, thumbRot_33, manipForceTooHigh, cceExpType, mapping, trialSuccess, 
520.764757, 40, 0.1, 0.1, 0.0128741116, 0.360179717, -0.034969121, 0.865031375, -0.50171777, 1.13780028e-006, 0.50171777, 0.865031375, 3.84091438e-006, -2.91128794e-006, -2.75165683e-006, 1, 0.865031418, -0.501717695, -1.00162841e-005, 0.501717695, 0.865031418, 2.22999635e-006, 7.5455718e-006, -6.95436386e-006, 1, 0, 0, 0, 0, 0, 0, 0, 0.265758569, -0.19111001, -0.211972998, -0.375144738, 0.337904934, -0.86313036, -0.926513672, -0.162109375, 0.339233398, -0.0252433856, 0.927059523, 0.374002933, 0, 0, -0, 0, 0, 0, 0, 0.326636719, -0.127834277, -0.185256445, 0.191959137, 0.131239386, -0.972475383, 0.145751953, -0.983764648, -0.104003906, -0.970357951, -0.121714136, -0.208015497, 0, 2, 1, 1, 
520.80319, 40, 0.1, 0.1, 0.0128741, 0.360179699, -0.034969287, 0.865032102, -0.501716516, -1.65100222e-005, 0.501716516, 0.865032102, 4.62192579e-006, 1.19628027e-005, -1.2281465e-005, 1, 0.865032102, -0.501716515, -1.74794847e-005, 0.501716515, 0.865032102, 4.44189399e-006, 1.28917438e-005, -1.2612127e-005, 1, 0, 0, 0, 0, 0, 0, 0, 0.264547632, -0.191509741, -0.211242236, -0.377268525, 0.338806194, -0.861924686, -0.92578125, -0.158813477, 0.342773438, -0.0207048851, 0.927287553, 0.373811973, 0, 0, -0, 0, 0, 0, 0, 0.326325586, -0.127841211, -0.184786523, 0.190598199, 0.135309072, -0.972283619, 0.148925781, -0.982910156, -0.107666016, -0.970255506, -0.12423222, -0.207504371, 0, 2, 1, 1, 
520.803886, 40, 0.1, 0.1, 0.0128740977, 0.360179699, -0.034967607, 0.865032101, -0.501716519, 6.18581878e-006, 0.501716519, 0.865032101, -1.7632345e-006, -4.46628794e-006, 4.62878191e-006, 1, 0.8650321, -0.501716519, 1.48347098e-005, 0.501716519, 0.8650321, -3.64894902e-006, -1.10017622e-005, 1.0599277e-005, 1, 0, 0, 0, 0, 0, 0, 0, 0.264547632, -0.191509741, -0.211242236, -0.377268525, 0.338806194, -0.861924686, -0.92578125, -0.158813477, 0.342773438, -0.0207048851, 0.927287553, 0.373811973, 0, 0, -0, 0, 0, 0, 0, 0.326325586, -0.127841211, -0.184786523, 0.190598199, 0.135309072, -0.972283619, 0.148925781, -0.982910156, -0.107666016, -0.970255506, -0.12423222, -0.207504371, 0, 2, 1, 1, 
520.804581, 40, 0.1, 0.1, 0.012874101, 0.360179697, -0.034966611, 0.865032102, -0.501716515, 8.80871549e-006, 0.501716515, 0.865032102, -2.13088794e-006, -6.55072e-006, 6.26276452e-006, 1, 0.865032102, -0.501716517, -8.05747389e-006, 0.501716517, 0.865032102, 1.94918207e-006, 5.99203673e-006, -5.72867279e-006, 1, 0, 0, 0, 0, 0, 0, 0, 0.264547632, -0.191509741, -0.211242236, -0.377268525, 0.338806194, -0.861924686, -0.92578125, -0.158813477, 0.342773438, -0.0207048851, 0.927287553, 0.373811973, 0, 0, -0, 0, 0, 0, 0, 0.326325586, -0.127841211, -0.184786523, 0.190598199, 0.135309072, -0.972283619, 0.148925781, -0.982910156, -0.107666016, -0.970255506, -0.12423222, -0.207504371, 0, 2, 1, 1, 
520.805304, 40, 0.1, 0.1, 0.0128741004, 0.360179697, -0.034966457, 0.865032106, -0.50171651, -1.87367247e-005, 0.50171651, 0.865032106, 4.82391585e-006, 1.37876302e-005, -1.35733662e-005, 1, 0.865032105, -0.501716511, -1.03104647e-005, 0.501716511, 0.865032105, 2.73932814e-006, 7.54451684e-006, -7.54253717e-006, 1, 0, 0, 0, 0, 0, 0, 0, 0.264251636, -0.191907397, -0.211409937, -0.378809692, 0.339770733, -0.860864667, -0.925170898, -0.157836914, 0.344848633, -0.0187305011, 0.927134785, 0.374262042, 0, 0, -0, 0, 0, 0, 0, 0.326325586, -0.127841211, -0.184786523, 0.189991191, 0.135481512, -0.972334659, 0.149291992, -0.982788086, -0.107788086, -0.970319305, -0.124705067, -0.207018765, 0, 2, 1, 1, 
520.806, 40, 0.1, 0.1, 0.0128740997, 0.360179696, -0.0349669897, 0.86503211, -0.501716501, 1.60703289e-005, 0.501716501, 0.86503211, -3.83767188e-006, -1.19759272e-005, 1.13824586e-005, 1, 0.865032109, -0.501716503, 1.63479718e-005, 0.501716503, 0.865032109, -3.77128912e-006, -1.22494026e-005, 1.14643334e-005, 1, 0, 0, 0, 0, 0, 0, 0, 0.264251636, -0.191907397, -0.211409937, -0.378809692, 0.339770733, -0.860864667, -0.925170898, -0.157836914, 0.344848633, -0.0187305011, 0.927134785, 0.374262042, 0, 0, -0, 0, 0, 0, 0, 0.32606084, -0.127839746, -0.184779687, 0.189991191, 0.135481512, -0.972334659, 0.149291992, -0.982788086, -0.107788086, -0.970319305, -0.124705067, -0.207018765, 0, 2, 1, 1, 
520.806694, 40, 0.1, 0.1, 0.0128741025, 0.360179695, -0.0349682504, 0.865032117, -0.50171649, -6.8456836e-006, 0.50171649, 0.865032117, 1.24278579e-006, 5.29821006e-006, -4.50964197e-006, 1, 0.865032116, -0.501716492, -1.52344768e-005, 0.501716492, 0.865032116, 3.33801331e-006, 1.15035753e-005, -1.0530877e-005, 1, 0, 0, 0, 0, 0, 0, 0, 0.264251636, -0.191907397, -0.211409937, -0.378809692, 0.339770733, -0.860864667, -0.925170898, -0.157836914, 0.344848633, -0.0187305011, 0.927134785, 0.374262042, 0, 0, -0, 0, 0, 0, 0, 0.32606084, -0.127839746, -0.184779687, 0.189991191, 0.135481512, -0.972334659, 0.149291992, -0.982788086, -0.107788086, -0.970319305, -0.124705067, -0.207018765, 0, 2, 1, 1, 
520.807385, 40, 0.1, 0.1, 0.0128740994, 0.360179695, -0.0349698471, 0.865032122, -0.501716482, -5.24716905e-006, 0.501716482, 0.865032122, 2.37509126e-006, 3.34734734e-006, -4.68712143e-006, 1, 0.865032121, -0.501716483, 9.31443773e-006, 0.501716483, 0.865032121, -1.65266917e-006, -7.22811646e-006, 6.10281886e-006, 1, 0, 0, 0, 0, 0, 0, 0, 0.264251636, -0.191907397, -0.211409937, -0.378809692, 0.339770733, -0.860864667, -0.925170898, -0.157836914, 0.344848633, -0.0187305011, 0.927134785, 0.374262042, 0, 0, -0, 0, 0, 0, 0, 0.32606084, -0.127839746, -0.184779687, 0.189991191, 0.135481512, -0.972334659, 0.149291992, -0.982788086, -0.107788086, -0.970319305, -0.124705067, -0.207018765, 0, 2, 1, 1, 
520.808081, 40, 0.1, 0.1, 0.0128740998, 0.360179695, -0.0349713214, 0.865032123, -0.50171648, 1.64352153e-005, 0.50171648, 0.865032123, -4.49099759e-006, -1.19637817e-005, 1.21306755e-005, 1, 0.865032123, -0.50171648, 9.85008021e-006, 0.50171648, 0.865032123, -2.2969012e-006, -7.36824261e-006, 6.9288409e-006, 1, 0, 0, 0, 0, 0, 0, 0, 0.264251636, -0.191907397, -0.211409937, -0.378809692, 0.339770733, -0.860864667, -0.925170898, -0.157836914, 0.344848633, -0.0187305011, 0.927134785, 0.374262042, 0, 0, -0, 0, 0, 0, 0, 0.32606084, -0.127839746, -0.184779687, 0.189991191, 0.135481512, -0.972334659, 0.149291992, -0.982788086, -0.107788086, -0.970319305, -0.124705067, -0.207018765, 0, 2, 1, 1, 
520.808772, 40, 0.1, 0.1, 0.0128741003, 0.360179694, -0.0349722177, 0.865032125, -0.501716476, -1.16556134e-005, 0.501716476, 0.865032125, 3.40632397e-006, 8.37347119e-006, -8.79439296e-006, 1, 0.865032124, -0.501716477, -1.20387152e-005, 0.501716477, 0.865032124, 3.17488913e-006, 8.82098123e-006, -8.78640289e-006, 1, 0, 0, 0, 0, 0, 0, 0, 0.264251636, -0.191907397, -0.211409937, -0.378809692, 0.339770733, -0.860864667, -0.925170898, -0.157836914, 0.344848633, -0.0187305011, 0.927134785, 0.374262042, 0, 0, -0, 0, 0, 0, 0, 0.32606084, -0.127839746, -0.184779687, 0.189991191, 0.135481512, -0.972334659, 0.149291992, -0.982788086, -0.107788086, -0.970319305, -0.124705067, -0.207018765, 0, 2, 1, 1, 
520.809467, 40, 0.1, 0.1, 0.0128740976, 0.360179694, -0.034972289, 0.86503213, -0.501716468, 7.09104491e-006, 0.501716468, 0.86503213, -1.97905975e-006, -5.14105481e-006, 5.26964428e-006, 1, 0.865032128, -0.50171647, 1.46371936e-005, 0.50171647, 0.865032128, -3.57161621e-006, -1.08697041e-005, 1.04332839e-005, 1, 0, 0, 0, 0, 0, 0, 0, 0.264251636, -0.191907397, -0.211409937, -0.378809692, 0.339770733, -0.860864667, -0.925170898, -0.157836914, 0.344848633, -0.0187305011, 0.927134785, 0.374262042, 0, 0, -0, 0, 0, 0, 0, 0.32606084, -0.127839746, -0.184779687, 0.189991191, 0.135481512, -0.972334659, 0.149291992, -0.982788086, -0.107788086, -0.970319305, -0.124705067, -0.207018765, 0, 2, 1, 1, 
520.810192, 40, 0.1, 0.1, 0.0128741002, 0.360179693, -0.0349713684, 0.865032137, -0.501716456, 8.35699364e-006, 0.501716457, 0.865032137, -2.36030494e-006, -6.04486423e-006, 6.23458086e-006, 1, 0.865032135, -0.501716459, -5.60335617e-006, 0.501716459, 0.865032135, 1.0990029e-006, 4.29569531e-006, -3.76196884e-006, 1, 0, 0, 0, 0, 0, 0, 0, 0.263785986, -0.191858569, -0.211602051, -0.379284849, 0.340735273, -0.860286917, -0.925048828, -0.156738281, 0.345703125, -0.0170485485, 0.926982017, 0.374788495, 0, 0, -0, 0, 0, 0, 0, 0.325622656, -0.128290869, -0.184556445, 0.190112593, 0.13514939, -0.972334659, 0.14855957, -0.982910156, -0.107543945, -0.970306545, -0.123880775, -0.207018765, 0, 2, 1, 1, 
520.810889, 40, 0.1, 0.1, 0.0128740996, 0.360179693, -0.0349698327, 0.865032142, -0.501716447, -1.63754602e-005, 0.501716447, 0.865032142, 4.28238883e-006, 1.20167545e-005, -1.19202417e-005, 1, 0.865032141, -0.501716449, -9.05074431e-006, 0.501716449, 0.865032141, 2.58143705e-006, 6.5340353e-006, -6.77393331e-006, 1, 0, 0, 0, 0, 0, 0, 0, 0.263785986, -0.191858569, -0.211602051, -0.379284849, 0.340735273, -0.860286917, -0.925048828, -0.156738281, 0.345703125, -0.0170485485, 0.926982017, 0.374788495, 0, 0, -0, 0, 0, 0, 0, 0.325622656, -0.128290869, -0.184556445, 0.190112593, 0.13514939, -0.972334659, 0.14855957, -0.982910156, -0.107543945, -0.970306545, -0.123880775, -0.207018765, 0, 2, 1, 1, 
520.811581, 40, 0.1, 0.1, 0.012874099, 0.360179692, -0.0349683659, 0.865032147, -0.501716438, 1.38485088e-005, 0.501716438, 0.865032147, -3.75674515e-006, -1.00945845e-005, 1.01977298e-005, 1, 0.865032146, -0.50171644, 1.47407532e-005, 0.50171644, 0.865032146, -3.7763778e-006, -1.08565546e-005, 1.06623664e-005, 1, 0, 0, 0, 0, 0, 0, 0, 0.263785986, -0.191858569, -0.211602051, -0.379284849, 0.340735273, -0.860286917, -0.925048828, -0.156738281, 0.345703125, -0.0170485485, 0.926982017, 0.374788495, 0, 0, -0, 0, 0, 0, 0, 0.325622656, -0.128290869, -0.184556445, 0.190112593, 0.13514939, -0.972334659, 0.14855957, -0.982910156, -0.107543945, -0.970306545, -0.123880775, -0.207018765, 0, 2, 1, 1, 
520.812278, 40, 0.1, 0.1, 0.0128741028, 0.360179691, -0.0349673592, 0.865032153, -0.501716428, -9.43463112e-006, 0.501716428, 0.865032153, 2.23507933e-006, 7.03988326e-006, -6.66692491e-006, 1, 0.865032152, -0.50171643, -1.80793424e-005, 0.50171643, 0.865032152, 4.84025189e-006, 1.32107785e-005, -1.32576766e-005, 1, 0, 0, 0, 0, 0, 0, 0, 0.263785986, -0.191858569, -0.211602051, -0.379284849, 0.340735273, -0.860286917, -0.925048828, -0.156738281, 0.345703125, -0.0170485485, 0.926982017, 0.374788495, 0, 0, -0, 0, 0, 0, 0, 0.325622656, -0.128290869, -0.184556445, 0.190112593, 0.13514939, -0.972334659, 0.14855957, -0.982910156, -0.107543945, -0.970306545, -0.123880775, -0.207018765, 0, 2, 1, 1, 
520.812973, 40, 0.1, 0.1, 0.0128741007, 0.360179691, -0.0349670667, 0.865032156, -0.501716423, -1.02229023e-005, 0.501716423, 0.865032156, 3.09012987e-006, 7.29277029e-006, -7.80205967e-006, 1, 0.865032156, -0.501716423, 5.89846928e-006, 0.501716424, 0.865032156, -1.58857807e-006, -4.30534989e-006, 4.33353002e-006, 1, 0, 0, 0, 0, 0, 0, 0, 0.263785986, -0.191858569, -0.211602051, -0.379284849, 0.340735273, -0.860286917, -0.925048828, -0.156738281, 0.345703125, -0.0170485485, 0.926982017, 0.374788495, 0, 0, -0, 0, 0, 0, 0, 0.325622656, -0.128290869, -0.184556445, 0.190112593, 0.13514939, -0.972334659, 0.14855957, -0.982910156, -0.107543945, -0.970306545, -0.123880775, -0.207018765, 0, 2, 1, 1, 
520.813669, 40, 0.1, 0.1, 0.0128741024, 0.36017969, -0.0349675312, 0.865032157, -0.501716422, 1.51411397e-005, 0.501716422, 0.865032157, -4.28261454e-006, -1.09489147e-005, 1.13011577e-005, 1, 0.865032157, -0.501716422, 7.23726173e-006, 0.501716422, 0.865032157, -1.93080075e-006, -5.29174968e-006, 5.3012578e-006, 1, 0, 0, 0, 0, 0, 0, 0, 0.263785986, -0.191858569, -0.211602051, -0.379284849, 0.340735273, -0.860286917, -0.925048828, -0.156738281, 0.345703125, -0.0170485485, 0.926982017, 0.374788495, 0, 0, -0, 0, 0, 0, 0, 0.325622656, -0.128290869, -0.184556445, 0.190112593, 0.13514939, -0.972334659, 0.14855957, -0.982910156, -0.107543945, -0.970306545, -0.123880775, -0.207018765, 0, 2, 1, 1, 
520.814361, 40, 0.1, 0.1, 0.0128741038, 0.360179689, -0.034968582, 0.865032156, -0.501716422, -1.54482774e-005, 0.501716422, 0.865032156, 4.22535318e-006, 1.12433276e-005, -1.14057208e-005, 1, 0.865032156, -0.501716422, -1.60581133e-005, 0.501716422, 0.865032156, 4.48935818e-006, 1.16383997e-005, -1.19400584e-005, 1, 0, 0, 0, 0, 0, 0, 0, 0.263785986, -0.191858569, -0.211602051, -0.379284849, 0.340735273, -0.860286917, -0.925048828, -0.156738281, 0.345703125, -0.0170485485, 0.926982017, 0.374788495, 0, 0, -0, 0, 0, 0, 0, 0.325622656, -0.128290869, -0.184556445, 0.190112593, 0.13514939, -0.972334659, 0.14855957, -0.982910156, -0.107543945, -0.970306545, -0.123880775, -0.207018765, 0, 2, 1, 1, 
520.815087, 40, 0.1, 0.1, 0.0128741006, 0.360179689, -0.0349696964, 0.865032153, -0.501716427, 9.25865237e-006, 0.501716427, 0.865032153, -2.31510524e-006, -6.84750567e-006, 6.64785846e-006, 1, 0.865032154, -0.501716426, 1.69877794e-005, 0.501716426, 0.865032154, -4.77213307e-006, -1.23007179e-005, 1.26510965e-005, 1, 0, 0, 0, 0, 0, 0, 0, 0.263088184, -0.191757495, -0.211759009, -0.379988035, 0.342746727, -0.85907413, -0.924804687, -0.155273438, 0.347045898, -0.014465336, 0.92641625, 0.376203104, 0, 0, -0, 0, 0, 0, 0, 0.325106348, -0.128252295, -0.184772607, 0.1891669, 0.135411517, -0.972570899, 0.147460937, -0.983032227, -0.108154297, -0.970651427, -0.122871283, -0.20593891, 0, 2, 1, 1, 
520.815782, 40, 0.1, 0.1, 0.0128741026, 0.360179688, -0.0349705099, 0.865032149, -0.501716436, 9.31059663e-006, 0.501716436, 0.865032149, -2.37197358e-006, -6.86390727e-006, 6.72311275e-006, 1, 0.86503215, -0.501716434, -5.05681804e-006, 0.501716434, 0.86503215, 1.70329428e-006, 3.51973944e-006, -4.01049303e-006, 1, 0, 0, 0, 0, 0, 0, 0, 0.263088184, -0.191757495, -0.211759009, -0.379988035, 0.342746727, -0.85907413, -0.924804687, -0.155273438, 0.347045898, -0.014465336, 0.92641625, 0.376203104, 0, 0, -0, 0, 0, 0, 0, 0.325106348, -0.128252295, -0.184772607, 0.1891669, 0.135411517, -0.972570899, 0.147460937, -0.983032227, -0.108154297, -0.970651427, -0.122871283, -0.20593891, 0, 2, 1, 1, 
520.816476, 40, 0.1, 0.1, 0.0128741014, 0.360179688, -0.0349710289, 0.865032144, -0.501716443, -1.31636869e-005, 0.501716443, 0.865032145, 3.61408206e-006, 9.5737679e-006, -9.73073531e-006, 1, 0.865032145, -0.501716442, -6.34895098e-006, 0.501716442, 0.865032145, 1.54538097e-006, 4.71670364e-006, -4.52217731e-006, 1, 0, 0, 0, 0, 0, 0, 0, 0.263088184, -0.191757495, -0.211759009, -0.379988035, 0.342746727, -0.85907413, -0.924804687, -0.155273438, 0.347045898, -0.014465336, 0.92641625, 0.376203104, 0, 0, -0, 0, 0, 0, 0, 0.325106348, -0.128252295, -0.184772607, 0.1891669, 0.135411517, -0.972570899, 0.147460937, -0.983032227, -0.108154297, -0.970651427, -0.122871283, -0.20593891, 0, 2, 1, 1, 
520.817183, 40, 0.1, 0.1, 0.0128740999, 0.360179688, -0.0349710527, 0.865032141, -0.501716449, 1.53015591e-005, 0.501716449, 0.865032141, -3.99904157e-006, -1.12299555e-005, 1.11363434e-005, 1, 0.865032141, -0.501716448, 1.60249514e-005, 0.501716448, 0.865032142, -4.36631177e-006, -1.16714476e-005, 1.18169817e-005, 1, 0, 0, 0, 0, 0, 0, 0, 0.263088184, -0.191757495, -0.211759009, -0.379988035, 0.342746727, -0.85907413, -0.924804687, -0.155273438, 0.347045898, -0.014465336, 0.92641625, 0.376203104, 0, 0, -0, 0, 0, 0, 0, 0.325106348, -0.128252295, -0.184772607, 0.1891669, 0.135411517, -0.972570899, 0.147460937, -0.983032227, -0.108154297, -0.970651427, -0.122871283, -0.20593891, 0, 2, 1, 1, 
520.817879, 40, 0.1, 0.1, 0.0128741025, 0.360179687, -0.0349705627, 0.865032137, -0.501716455, -6.28063233e-006, 0.501716455, 0.865032137, 1.72042468e-006, 4.56978344e-006, -4.63931923e-006, 1, 0.865032138, -0.501716454, -1.39191068e-005, 0.501716454, 0.865032138, 3.76894794e-006, 1.01495315e-005, -1.0243706e-005, 1, 0, 0, 0, 0, 0, 0, 0, 0.263088184, -0.191757495, -0.211759009, -0.379988035, 0.342746727, -0.85907413, -0.924804687, -0.155273438, 0.347045898, -0.014465336, 0.92641625, 0.376203104, 0, 0, -0, 0, 0, 0, 0, 0.325106348, -0.128252295, -0.184772607, 0.1891669, 0.135411517, -0.972570899, 0.147460937, -0.983032227, -0.108154297, -0.970651427, -0.122871283, -0.20593891, 0, 2, 1, 1, 
520.818575, 40, 0.1, 0.1, 0.0128741001, 0.360179687, -0.0349698099, 0.865032134, -0.501716461, -8.82942705e-006, 0.501716461, 0.865032134, 2.48073447e-006, 6.39311281e-006, -6.57578392e-006, 1, 0.865032134, -0.50171646, 6.42374733e-006, 0.50171646, 0.865032134, -1.50749644e-006, -4.80041209e-006, 4.52693263e-006, 1, 0, 0, 0, 0, 0, 0, 0, 0.263088184, -0.191757495, -0.211759009, -0.379988035, 0.342746727, -0.85907413, -0.924804687, -0.155273438, 0.347045898, -0.014465336, 0.92641625, 0.376203104, 0, 0, -0, 0, 0, 0, 0, 0.325106348, -0.128252295, -0.184772607, 0.1891669, 0.135411517, -0.972570899, 0.147460937, -0.983032227, -0.108154297, -0.970651427, -0.122871283, -0.20593891, 0, 2, 1, 1, 
520.81927, 40, 0.1, 0.1, 0.0128741015, 0.360179686, -0.0349690542, 0.865032131, -0.501716467, 1.47579192e-005, 0.501716467, 0.865032131, -3.53362904e-006, -1.09931944e-005, 1.04609937e-005, 1, 0.865032131, -0.501716466, 7.68122997e-006, 0.501716466, 0.865032131, -1.67279528e-006, -5.8052418e-006, 5.30082123e-006, 1, 0, 0, 0, 0, 0, 0, 0, 0.263088184, -0.191757495, -0.211759009, -0.379988035, 0.342746727, -0.85907413, -0.924804687, -0.155273438, 0.347045898, -0.014465336, 0.92641625, 0.376203104, 0, 0, -0, 0, 0, 0, 0, 0.325106348, -0.128252295, -0.184772607, 0.1891669, 0.135411517, -0.972570899, 0.147460937, -0.983032227, -0.108154297, -0.970651427, -0.122871283, -0.20593891, 0, 2, 1, 1, 
520.819991, 40, 0.1, 0.1, 0.012874104, 0.360179685, -0.0349682508, 0.86503213, -0.501716467, -1.90618806e-005, 0.501716467, 0.86503213, 4.6846165e-006, 1.413879e-005, -1.36160032e-005, 1, 0.86503213, -0.501716467, -1.986741e-005, 0.501716467, 0.86503213, 4.72225165e-006, 1.48167166e-005, -1.40527062e-005, 1, 0, 0, 0, 0, 0, 0, 0, 0.26309563, -0.191498975, -0.211750952, -0.379848372, 0.343451036, -0.858959554, -0.924926758, -0.155517578, 0.346801758, -0.0143638646, 0.926181107, 0.376926508, 0, 0, -0, 0, 0, 0, 0, 0.324676465, -0.128262305, -0.184544482, 0.189409703, 0.135302875, -0.972423977, 0.147583008, -0.983032227, -0.108032227, -0.970625907, -0.123005444, -0.206168954, 0, 2, 1, 1, 
520.820685, 40, 0.1, 0.1, 0.0128741022, 0.360179685, -0.0349678366, 0.865032133, -0.501716462, 5.05343851e-006, 0.501716462, 0.865032133, -1.05405078e-006, -3.84255206e-006, 3.44718109e-006, 1, 0.865032132, -0.501716463, 1.33032253e-005, 0.501716463, 0.865032133, -3.05735482e-006, -9.97379208e-006, 9.31915729e-006, 1, 0, 0, 0, 0, 0, 0, 0, 0.26309563, -0.191498975, -0.211750952, -0.379848372, 0.343451036, -0.858959554, -0.924926758, -0.155517578, 0.346801758, -0.0143638646, 0.926181107, 0.376926508, 0, 0, -0, 0, 0, 0, 0, 0.324676465, -0.128262305, -0.184544482, 0.189409703, 0.135302875, -0.972423977, 0.147583008, -0.983032227, -0.108032227, -0.970625907, -0.123005444, -0.206168954, 0, 2, 1, 1, 
520.821377, 40, 0.1, 0.1, 0.0128741057, 0.360179684, -0.0349679958, 0.865032136, -0.501716458, 7.3841314e-006, 0.501716458, 0.865032136, -2.08750759e-006, -5.34017404e-006, 5.5105014e-006, 1, 0.865032135, -0.501716459, -8.76273899e-006, 0.501716459, 0.865032135, 1.98075449e-006, 6.58627369e-006, -6.10982666e-006, 1, 0, 0, 0, 0, 0, 0, 0, 0.26309563, -0.191498975, -0.211750952, -0.379848372, 0.343451036, -0.858959554, -0.924926758, -0.155517578, 0.346801758, -0.0143638646, 0.926181107, 0.376926508, 0, 0, -0, 0, 0, 0, 0, 0.324676465, -0.128262305, -0.184544482, 0.189409703, 0.135302875, -0.972423977, 0.147583008, -0.983032227, -0.108032227, -0.970625907, -0.123005444, -0.206168954, 0, 2, 1, 1, 
520.822088, 40, 0.1, 0.1, 0.012874105, 0.360179683, -0.0349685573, 0.865032138, -0.501716454, -1.65792331e-005, 0.501716454, 0.865032138, 4.2839914e-006, 1.21922205e-005, -1.20238643e-005, 1, 0.865032138, -0.501716455, -9.48259197e-006, 0.501716455, 0.865032138, 2.46968629e-006, 6.96366456e-006, -6.89393043e-006, 1, 0, 0, 0, 0, 0, 0, 0, 0.262881177, -0.191240454, -0.211738135, -0.379689613, 0.344155344, -0.858743506, -0.924926758, -0.155517578, 0.346679688, -0.0141418257, 0.925945963, 0.377510249, 0, 0, -0, 0, 0, 0, 0, 0.324676465, -0.128262305, -0.184544482, 0.189409703, 0.135302875, -0.972423977, 0.147583008, -0.983032227, -0.108032227, -0.970625907, -0.123005444, -0.206168954, 0, 2, 1, 1, 
520.822796, 40, 0.1, 0.1, 0.012874104, 0.360179683, -0.0349691278, 0.865032141, -0.501716449, 1.61442645e-005, 0.501716449, 0.865032141, -4.22230228e-006, -1.18469092e-005, 1.17522702e-005, 1, 0.86503214, -0.50171645, 1.63306472e-005, 0.50171645, 0.86503214, -4.40863435e-006, -1.19146503e-005, 1.20069647e-005, 1, 0, 0, 0, 0, 0, 0, 0, 0.262881177, -0.191240454, -0.211738135, -0.379689613, 0.344155344, -0.858743506, -0.924926758, -0.155517578, 0.346679688, -0.0141418257, 0.925945963, 0.377510249, 0, 0, -0, 0, 0, 0, 0, 0.324703076, -0.128262549, -0.184328076, 0.189761148, 0.135488076, -0.972372938, 0.148193359, -0.982910156, -0.108032227, -0.970466226, -0.123599693, -0.20665456, 0, 2, 1, 1, 
520.823493, 40, 0.1, 0.1, 0.0128741062, 0.360179682, -0.0349697773, 0.865032143, -0.501716445, -4.95217679e-006, 0.501716445, 0.865032143, 1.35339404e-006, 3.60477205e-006, -3.65531788e-006, 1, 0.865032143, -0.501716446, -1.31102495e-005, 0.501716446, 0.865032143, 3.57373046e-006, 9.54778786e-006, -9.6690195e-006, 1, 0, 0, 0, 0, 0, 0, 0, 0.262881177, -0.191240454, -0.211738135, -0.379689613, 0.344155344, -0.858743506, -0.924926758, -0.155517578, 0.346679688, -0.0141418257, 0.925945963, 0.377510249, 0, 0, -0, 0, 0, 0, 0, 0.324703076, -0.128262549, -0.184328076, 0.189761148, 0.135488076, -0.972372938, 0.148193359, -0.982910156, -0.108032227, -0.970466226, -0.123599693, -0.20665456, 0, 2, 1, 1, 
520.824199, 40, 0.1, 0.1, 0.0128741029, 0.360179683, -0.0349702521, 0.865032144, -0.501716443, -5.52496422e-006, 0.501716443, 0.865032144, 1.61004796e-006, 3.97148411e-006, -4.16470864e-006, 1, 0.865032144, -0.501716443, 9.17486756e-006, 0.501716443, 0.865032144, -2.19836922e-006, -6.83359737e-006, 6.50484196e-006, 1, 0, 0, 0, 0, 0, 0, 0, 0.262881177, -0.191240454, -0.211738135, -0.379689613, 0.344155344, -0.858743506, -0.924926758, -0.155517578, 0.346679688, -0.0141418257, 0.925945963, 0.377510249, 0, 0, -0, 0, 0, 0, 0, 0.324703076, -0.128262549, -0.184328076, 0.189761148, 0.135488076, -0.972372938, 0.148193359, -0.982910156, -0.108032227, -0.970466226, -0.123599693, -0.20665456, 0, 2, 1, 1, 
520.824894, 40, 0.1, 0.1, 0.0128741032, 0.360179682, -0.0349704397, 0.865032145, -0.501716441, 1.68852488e-005, 0.501716442, 0.865032145, -4.29866657e-006, -1.24495713e-005, 1.21900917e-005, 1, 0.865032145, -0.501716442, 1.00001694e-005, 0.501716442, 0.865032145, -2.42691198e-006, -7.43284638e-006, 7.1166063e-006, 1, 0, 0, 0, 0, 0, 0, 0, 0.262881177, -0.191240454, -0.211738135, -0.379689613, 0.344155344, -0.858743506, -0.924926758, -0.155517578, 0.346679688, -0.0141418257, 0.925945963, 0.377510249, 0, 0, -0, 0, 0, 0, 0, 0.324703076, -0.128262549, -0.184328076, 0.189761148, 0.135488076, -0.972372938, 0.148193359, -0.982910156, -0.108032227, -0.970466226, -0.123599693, -0.20665456, 0, 2, 1, 1, 
520.825594, 40, 0.1, 0.1, 0.012874104, 0.360179682, -0.0349703393, 0.865032147, -0.501716438, -1.35078786e-005, 0.501716438, 0.865032148, 3.65736451e-006, 9.84978934e-006, -9.9408626e-006, 1, 0.865032147, -0.501716438, -1.39072765e-005, 0.501716438, 0.865032147, 3.80040271e-006, 1.01235167e-005, -1.02649797e-005, 1, 0, 0, 0, 0, 0, 0, 0, 0.262881177, -0.191240454, -0.211738135, -0.379689613, 0.344155344, -0.858743506, -0.924926758, -0.155517578, 0.346679688, -0.0141418257, 0.925945963, 0.377510249, 0, 0, -0, 0, 0, 0, 0, 0.324703076, -0.128262549, -0.184328076, 0.189761148, 0.135488076, -0.972372938, 0.148193359, -0.982910156, -0.108032227, -0.970466226, -0.123599693, -0.20665456, 0, 2, 1, 1, 
520.826291, 40, 0.1, 0.1, 0.0128741013, 0.360179682, -0.0349699877, 0.865032148, -0.501716436, 7.08587016e-006, 0.501716437, 0.865032148, -1.5527545e-006, -5.35046303e-006, 4.89828008e-006, 1, 0.865032148, -0.501716436, 1.51375431e-005, 0.501716436, 0.865032148, -4.09397278e-006, -1.1040448e-005, 1.11361722e-005, 1, 0, 0, 0, 0, 0, 0, 0, 0.262881177, -0.191240454, -0.211738135, -0.379689613, 0.344155344, -0.858743506, -0.924926758, -0.155517578, 0.346679688, -0.0141418257, 0.925945963, 0.377510249, 0, 0, -0, 0, 0, 0, 0, 0.324703076, -0.128262549, -0.184328076, 0.189761148, 0.135488076, -0.972372938, 0.148193359, -0.982910156, -0.108032227, -0.970466226, -0.123599693, -0.20665456, 0, 2, 1, 1, 
520.827017, 40, 0.1, 0.1, 0.012874104, 0.360179681, -0.0349693764, 0.865032146, -0.501716441, 9.71162385e-006, 0.501716441, 0.865032146, -2.56879866e-006, -7.1120583e-006, 7.09457477e-006, 1, 0.865032147, -0.501716439, -6.6834631e-006, 0.501716439, 0.865032147, 2.17984865e-006, 4.68774453e-006, -5.23884246e-006, 1, 0, 0, 0, 0, 0, 0, 0, 0.263177661, -0.191474561, -0.211327539, -0.378242803, 0.343933305, -0.859422727, -0.925537109, -0.155029297, 0.345336914, -0.0143709778, 0.926104723, 0.37712346, 0, 0, -0, 0, 0, 0, 0, 0.324703076, -0.128262549, -0.184328076, 0.190841003, 0.135730879, -0.972136698, 0.14831543, -0.982910156, -0.108154297, -0.970229986, -0.123574173, -0.207734415, 0, 2, 1, 1, 
520.827712, 40, 0.1, 0.1, 0.0128741031, 0.360179681, -0.0349686507, 0.865032144, -0.501716443, -1.60170281e-005, 0.501716443, 0.865032144, 3.91136423e-006, 1.18928484e-005, -1.14194622e-005, 1, 0.865032144, -0.501716443, -8.47954712e-006, 0.501716443, 0.865032144, 1.68911654e-006, 6.48762328e-006, -5.71546833e-006, 1, 0, 0, 0, 0, 0, 0, 0, 0.263177661, -0.191474561, -0.211327539, -0.378242803, 0.343933305, -0.859422727, -0.925537109, -0.155029297, 0.345336914, -0.0143709778, 0.926104723, 0.37712346, 0, 0, -0, 0, 0, 0, 0, 0.325225977, -0.128469189, -0.184335156, 0.190841003, 0.135730879, -0.972136698, 0.14831543, -0.982910156, -0.108154297, -0.970229986, -0.123574173, -0.207734415, 0, 2, 1, 1, 
520.82841, 40, 0.1, 0.1, 0.0128741022, 0.36017968, -0.0349682329, 0.865032145, -0.501716441, 1.45225622e-005, 0.501716441, 0.865032145, -3.71257127e-006, -1.06998251e-005, 1.04977017e-005, 1, 0.865032145, -0.501716442, 1.53694031e-005, 0.501716442, 0.865032145, -3.71729311e-006, -1.14300006e-005, 1.09266602e-005, 1, 0, 0, 0, 0, 0, 0, 0, 0.263177661, -0.191474561, -0.211327539, -0.378242803, 0.343933305, -0.859422727, -0.925537109, -0.155029297, 0.345336914, -0.0143709778, 0.926104723, 0.37712346, 0, 0, -0, 0, 0, 0, 0, 0.325225977, -0.128469189, -0.184335156, 0.190841003, 0.135730879, -0.972136698, 0.14831543, -0.982910156, -0.108154297, -0.970229986, -0.123574173, -0.207734415, 0, 2, 1, 1, 
520.829106, 40, 0.1, 0.1, 0.0128741057, 0.360179679, -0.0349682391, 0.86503215, -0.501716434, -9.06848931e-006, 0.501716434, 0.86503215, 2.10964108e-006, 6.78609321e-006, -6.37471747e-006, 1, 0.865032149, -0.501716435, -1.7384741e-005, 0.501716436, 0.865032149, 4.00035898e-006, 1.3031314e-005, -1.21826494e-005, 1, 0, 0, 0, 0, 0, 0, 0, 0.263177661, -0.191474561, -0.211327539, -0.378242803, 0.343933305, -0.859422727, -0.925537109, -0.155029297, 0.345336914, -0.0143709778, 0.926104723, 0.37712346, 0, 0, -0, 0, 0, 0, 0, 0.325225977, -0.128469189, -0.184335156, 0.190841003, 0.135730879, -0.972136698, 0.14831543, -0.982910156, -0.108154297, -0.970229986, -0.123574173, -0.207734415, 0, 2, 1, 1, 
520.829797, 40, 0.1, 0.1, 0.0128741036, 0.360179679, -0.0349686655, 0.865032155, -0.501716424, -9.5417531e-006, 0.501716424, 0.865032155, 2.84304888e-006, 6.82751893e-006, -7.24658295e-006, 1, 0.865032154, -0.501716426, 5.81035088e-006, 0.501716426, 0.865032154, -1.07998824e-006, -4.4842925e-006, 3.84937304e-006, 1, 0, 0, 0, 0, 0, 0, 0, 0.263177661, -0.191474561, -0.211327539, -0.378242803, 0.343933305, -0.859422727, -0.925537109, -0.155029297, 0.345336914, -0.0143709778, 0.926104723, 0.37712346, 0, 0, -0, 0, 0, 0, 0, 0.325225977, -0.128469189, -0.184335156, 0.190841003, 0.135730879, -0.972136698, 0.14831543, -0.982910156, -0.108154297, -0.970229986, -0.123574173, -0.207734415, 0, 2, 1, 1, 
520.830491, 40, 0.1, 0.1, 0.0128741053, 0.360179679, -0.0349693709, 0.865032157, -0.50171642, 1.38795051e-005, 0.50171642, 0.865032157, -4.55016552e-006, -9.72332553e-006, 1.08996151e-005, 1, 0.865032157, -0.501716421, 6.59580663e-006, 0.501716421, 0.865032157, -2.59646234e-006, -4.40289704e-006, 5.55524791e-006, 1, 0, 0, 0, 0, 0, 0, 0, 0.263177661, -0.191474561, -0.211327539, -0.378242803, 0.343933305, -0.859422727, -0.925537109, -0.155029297, 0.345336914, -0.0143709778, 0.926104723, 0.37712346, 0, 0, -0, 0, 0, 0, 0, 0.325225977, -0.128469189, -0.184335156, 0.190841003, 0.135730879, -0.972136698, 0.14831543, -0.982910156, -0.108154297, -0.970229986, -0.123574173, -0.207734415, 0, 2, 1, 1, 
520.831185, 40, 0.1, 0.1, 0.0128741069, 0.360179678, -0.0349701236, 0.865032157, -0.501716422, -1.51513334e-005, 0.501716422, 0.865032157, 4.46720572e-006, 1.08651202e-005, -1.14659494e-005, 1, 0.865032157, -0.501716421, -1.57918618e-005, 0.501716421, 0.865032157, 4.57874685e-006, 1.13632358e-005, -1.18837997e-005, 1, 0, 0, 0, 0, 0, 0, 0, 0.263177661, -0.191474561, -0.211327539, -0.378242803, 0.343933305, -0.859422727, -0.925537109, -0.155029297, 0.345336914, -0.0143709778, 0.926104723, 0.37712346, 0, 0, -0, 0, 0, 0, 0, 0.325225977, -0.128469189, -0.184335156, 0.190841003, 0.135730879, -0.972136698, 0.14831543, -0.982910156, -0.108154297, -0.970229986, -0.123574173, -0.207734415, 0, 2, 1, 1, 
520.831908, 40, 0.1, 0.1, 0.0128741042, 0.360179678, -0.0349705274, 0.865032156, -0.501716423, 7.08093423e-006, 0.501716423, 0.865032156, -2.18780748e-006, -5.02757686e-006, 5.44514481e-006, 1, 0.865032156, -0.501716423, 1.47940013e-005, 0.501716423, 0.865032156, -4.33735994e-006, -1.06211621e-005, 1.11743492e-005, 1, 0, 0, 0, 0, 0, 0, 0, 0.263252734, -0.192152466, -0.211365381, -0.376871257, 0.343749458, -0.860095957, -0.926147461, -0.152587891, 0.344848633, -0.0127343305, 0.926504617, 0.375994169, 0, 0, -0, 0, 0, 0, 0, 0.325049121, -0.129141602, -0.184565234, 0.191594932, 0.135200796, -0.972085659, 0.146850586, -0.983154297, -0.107788086, -0.97039623, -0.122034232, -0.208220021, 0, 2, 1, 1, 
520.832602, 40, 0.1, 0.1, 0.0128741066, 0.360179677, -0.0349704504, 0.865032155, -0.501716425, 8.79716065e-006, 0.501716425, 0.865032155, -2.37884123e-006, -6.41632312e-006, 6.47145414e-006, 1, 0.865032155, -0.501716424, -5.95795646e-006, 0.501716424, 0.865032155, 1.72429892e-006, 4.28871483e-006, -4.48077863e-006, 1, 0, 0, 0, 0, 0, 0, 0, 0.263252734, -0.192152466, -0.211365381, -0.376871257, 0.343749458, -0.860095957, -0.926147461, -0.152587891, 0.344848633, -0.0127343305, 0.926504617, 0.375994169, 0, 0, -0, 0, 0, 0, 0, 0.325049121, -0.129141602, -0.184565234, 0.191594932, 0.135200796, -0.972085659, 0.146850586, -0.983154297, -0.107788086, -0.97039623, -0.122034232, -0.208220021, 0, 2, 1, 1, 
520.833323, 40, 0.1, 0.1, 0.0128741054, 0.360179677, -0.0349698797, 0.865032154, -0.501716426, -1.4821562e-005, 0.501716426, 0.865032154, 3.78843764e-006, 1.09204063e-005, -1.07133415e-005, 1, 0.865032154, -0.501716426, -7.87527933e-006, 0.501716426, 0.865032154, 1.97080673e-006, 5.82358373e-006, -5.65596819e-006, 1, 0, 0, 0, 0, 0, 0, 0, 0.263252734, -0.192152466, -0.211365381, -0.376871257, 0.343749458, -0.860095957, -0.926147461, -0.152587891, 0.344848633, -0.0127343305, 0.926504617, 0.375994169, 0, 0, -0, 0, 0, 0, 0, 0.325049121, -0.129141602, -0.184565234, 0.191594932, 0.135200796, -0.972085659, 0.146850586, -0.983154297, -0.107788086, -0.97039623, -0.122034232, -0.208220021, 0, 2, 1, 1, 
520.83402, 40, 0.1, 0.1, 0.0128741041, 0.360179677, -0.0349691958, 0.865032154, -0.501716427, 1.57895537e-005, 0.501716427, 0.865032154, -4.05344868e-006, -1.16247898e-005, 1.14282419e-005, 1, 0.865032154, -0.501716426, 1.63723367e-005, 0.501716427, 0.865032154, -4.36112554e-006, -1.19745494e-005, 1.19867841e-005, 1, 0, 0, 0, 0, 0, 0, 0, 0.263252734, -0.192152466, -0.211365381, -0.376871257, 0.343749458, -0.860095957, -0.926147461, -0.152587891, 0.344848633, -0.0127343305, 0.926504617, 0.375994169, 0, 0, -0, 0, 0, 0, 0, 0.325049121, -0.129141602, -0.184565234, 0.191594932, 0.135200796, -0.972085659, 0.146850586, -0.983154297, -0.107788086, -0.97039623, -0.122034232, -0.208220021, 0, 2, 1, 1, 
520.834741, 40, 0.1, 0.1, 0.0128741075, 0.360179676, -0.0349683391, 0.865032154, -0.501716426, -8.24491744e-006, 0.501716426, 0.865032154, 2.34803841e-006, 5.95406926e-006, -6.16773923e-006, 1, 0.865032154, -0.501716426, -1.68156242e-005, 0.501716426, 0.865032154, 4.62315269e-006, 1.2226544e-005, -1.24358506e-005, 1, 0, 0, 0, 0, 0, 0, 0, 0.263238452, -0.192380469, -0.21136062, -0.377175671, 0.343647987, -0.859994486, -0.926025391, -0.15234375, 0.345214844, -0.0123153402, 0.92664428, 0.375854506, 0, 0, -0, 0, 0, 0, 0, 0.32524917, -0.129138428, -0.18478335, 0.191217967, 0.135360477, -0.972123938, 0.147216797, -0.983154297, -0.107910156, -0.970313108, -0.122385677, -0.207855816, 0, 2, 1, 1, 
520.83544, 40, 0.1, 0.1, 0.0128741049, 0.360179676, -0.0349678626, 0.865032155, -0.501716424, -8.63522877e-006, 0.501716424, 0.865032155, 2.46284197e-006, 6.23410229e-006, -6.4628736e-006, 1, 0.865032155, -0.501716424, 7.24039259e-006, 0.501716424, 0.865032155, -1.86663719e-006, -5.32664988e-006, 5.24732507e-006, 1, 0, 0, 0, 0, 0, 0, 0, 0.263238452, -0.192380469, -0.21136062, -0.377175671, 0.343647987, -0.859994486, -0.926025391, -0.15234375, 0.345214844, -0.0123153402, 0.92664428, 0.375854506, 0, 0, -0, 0, 0, 0, 0, 0.32524917, -0.129138428, -0.18478335, 0.191217967, 0.135360477, -0.972123938, 0.147216797, -0.983154297, -0.107910156, -0.970313108, -0.122385677, -0.207855816, 0, 2, 1, 1, 
520.836139, 40, 0.1, 0.1, 0.0128741059, 0.360179675, -0.0349678973, 0.865032155, -0.501716425, 1.69915022e-005, 0.501716425, 0.865032155, -4.33002542e-006, -1.25257509e-005, 1.2270527e-005, 1, 0.865032155, -0.501716424, 9.30415909e-006, 0.501716424, 0.865032155, -2.47809666e-006, -6.80509499e-006, 6.81168273e-006, 1, 0, 0, 0, 0, 0, 0, 0, 0.263238452, -0.192380469, -0.21136062, -0.377175671, 0.343647987, -0.859994486, -0.926025391, -0.15234375, 0.345214844, -0.0123153402, 0.92664428, 0.375854506, 0, 0, -0, 0, 0, 0, 0, 0.32524917, -0.129138428, -0.18478335, 0.191217967, 0.135360477, -0.972123938, 0.147216797, -0.983154297, -0.107910156, -0.970313108, -0.122385677, -0.207855816, 0, 2, 1, 1, 
520.836835, 40, 0.1, 0.1, 0.0128741069, 0.360179675, -0.0349684067, 0.865032155, -0.501716424, -1.44752273e-005, 0.501716424, 0.865032155, 3.75487323e-006, 1.06376555e-005, -1.05105454e-005, 1, 0.865032155, -0.501716425, -1.50458047e-005, 0.501716425, 0.865032155, 3.73508982e-006, 1.11411489e-005, -1.07797001e-005, 1, 0, 0, 0, 0, 0, 0, 0, 0.263238452, -0.192380469, -0.21136062, -0.377175671, 0.343647987, -0.859994486, -0.926025391, -0.15234375, 0.345214844, -0.0123153402, 0.92664428, 0.375854506, 0, 0, -0, 0, 0, 0, 0, 0.32524917, -0.129138428, -0.18478335, 0.191217967, 0.135360477, -0.972123938, 0.147216797, -0.983154297, -0.107910156, -0.970313108, -0.122385677, -0.207855816, 0, 2, 1, 1, 
520.83753, 40, 0.1, 0.1, 0.0128741039, 0.360179675, -0.0349692447, 0.865032158, -0.501716419, 8.1932875e-006, 0.501716419, 0.865032158, -1.97337936e-006, -6.09738035e-006, 5.81774347e-006, 1, 0.865032157, -0.501716421, 1.63183963e-005, 0.501716421, 0.865032157, -3.80796245e-006, -1.22054203e-005, 1.14812174e-005, 1, 0, 0, 0, 0, 0, 0, 0, 0.263238452, -0.192380469, -0.21136062, -0.377175671, 0.343647987, -0.859994486, -0.926025391, -0.15234375, 0.345214844, -0.0123153402, 0.92664428, 0.375854506, 0, 0, -0, 0, 0, 0, 0, 0.32524917, -0.129138428, -0.18478335, 0.191217967, 0.135360477, -0.972123938, 0.147216797, -0.983154297, -0.107910156, -0.970313108, -0.122385677, -0.207855816, 0, 2, 1, 1, 
520.838229, 40, 0.1, 0.1, 0.0128741065, 0.360179674, -0.0349701064, 0.865032162, -0.501716412, 8.22651115e-006, 0.501716412, 0.865032162, -2.51033884e-006, -5.85671854e-006, 6.29889949e-006, 1, 0.865032162, -0.501716413, -6.53938146e-006, 0.501716413, 0.865032162, 1.22749009e-006, 5.04092335e-006, -4.34273342e-006, 1, 0, 0, 0, 0, 0, 0, 0, 0.263238452, -0.192380469, -0.21136062, -0.377175671, 0.343647987, -0.859994486, -0.926025391, -0.15234375, 0.345214844, -0.0123153402, 0.92664428, 0.375854506, 0, 0, -0, 0, 0, 0, 0, 0.32524917, -0.129138428, -0.18478335, 0.191217967, 0.135360477, -0.972123938, 0.147216797, -0.983154297, -0.107910156, -0.970313108, -0.122385677, -0.207855816, 0, 2, 1, 1, 
520.838946, 40, 0.1, 0.1, 0.0128741057, 0.360179674, -0.0349706966, 0.865032164, -0.501716409, -1.5439781e-005, 0.501716409, 0.865032164, 5.0004412e-006, 1.08471037e-005, -1.20719339e-005, 1, 0.865032164, -0.50171641, -7.44860862e-006, 0.50171641, 0.865032164, 2.83832337e-006, 5.01925262e-006, -6.19233018e-006, 1, 0, 0, 0, 0, 0, 0, 0, 0.263238452, -0.192380469, -0.21136062, -0.377150583, 0.34223937, -0.860566244, -0.926025391, -0.15234375, 0.345214844, -0.0129372733, 0.927114567, 0.374585552, 0, 0, -0, 0, 0, 0, 0, 0.32524917, -0.129138428, -0.18478335, 0.191217967, 0.135360477, -0.972123938, 0.147216797, -0.983154297, -0.107910156, -0.970313108, -0.122385677, -0.207855816, 0, 2, 1, 1, 
520.839655, 40, 0.1, 0.1, 0.0128741049, 0.360179674, -0.0349705729, 0.865032162, -0.501716412, 1.37397024e-005, 0.501716412, 0.865032162, -4.25929599e-006, -9.74832574e-006, 1.05778622e-005, 1, 0.865032162, -0.501716412, 1.44058424e-005, 0.501716412, 0.865032163, -4.31642778e-006, -1.02958944e-005, 1.09614964e-005, 1, 0, 0, 0, 0, 0, 0, 0, 0.263461084, -0.192451025, -0.211170459, -0.377150583, 0.34223937, -0.860566244, -0.926025391, -0.15234375, 0.345214844, -0.0129372733, 0.927114567, 0.374585552, 0, 0, -0, 0, 0, 0, 0, 0.325499023, -0.129210205, -0.184575244, 0.191569412, 0.134612745, -0.972194301, 0.148071289, -0.983032227, -0.106933594, -0.970153427, -0.123446208, -0.208354183, 0, 2, 1, 1, 
520.840352, 40, 0.1, 0.1, 0.012874108, 0.360179673, -0.0349701054, 0.865032161, -0.501716413, -7.333295e-006, 0.501716413, 0.865032161, 2.52851661e-006, 5.07493774e-006, -5.86648265e-006, 1, 0.865032161, -0.501716414, -1.53089559e-005, 0.501716414, 0.865032161, 4.40805144e-006, 1.10311475e-005, -1.14938607e-005, 1, 0, 0, 0, 0, 0, 0, 0, 0.263461084, -0.192451025, -0.211170459, -0.377150583, 0.34223937, -0.860566244, -0.926025391, -0.15234375, 0.345214844, -0.0129372733, 0.927114567, 0.374585552, 0, 0, -0, 0, 0, 0, 0, 0.325499023, -0.129210205, -0.184575244, 0.191569412, 0.134612745, -0.972194301, 0.148071289, -0.983032227, -0.106933594, -0.970153427, -0.123446208, -0.208354183, 0, 2, 1, 1, 
