time, trialNum, realDorsalTactorPos, realVentralTactorPos, boxPosX, boxPosY, boxPosZ, boxLocalRot_11, boxLocalRot_12, boxLocalRot_13, boxLocalRot_21, boxLocalRot_22, boxLocalRot_23, boxLocalRot_31, boxLocalRot_32, boxLocalRot_33, boxGlobalRot_11, boxGlobalRot_12, boxGlobalRot_13, boxGlobalRot_21, boxGlobalRot_22, boxGlobalRot_23, boxGlobalRot_31, boxGlobalRot_32, boxGlobalRot_33, indexForceX, indexForceY, indexForceZ, indexForceGlobalX, indexForceGlobalY, indexForceGlobalZ, indexContact, indexPosX, indexPosY, indexPosZ, indexRot_11, indexRot_12, indexRot_13, indexRot_21, indexRot_22, indexRot_23, indexRot_31, indexRot_32, indexRot_33, thumbForceX, thumbForceY, thumbForceZ, thumbForceGlobalX, thumbForceGlobalY, thumbForceGlobalZ, thumbContact, thumbPosX, thumbPosY, thumbPosZ, thumbRot_11, thumbRot_12, thumbRot_13, thumbRot_21, thumbRot_22, thumbRot_23, thumbRot_31, thumbRot_32, thumbRot_33, manipForceTooHigh, cceExpType, mapping, trialSuccess, 
549.45383, 45, 0.1, 0.1, 0.0223320588, 0.365011604, -0.0349678351, 0.965171985, -0.261616205, 8.28640291e-006, 0.261616205, 0.965171985, -8.99339711e-006, -5.64498552e-006, 1.08480322e-005, 1, 0.965172066, -0.261615909, -4.10990359e-006, 0.261615909, 0.965172066, -7.01400938e-006, 5.80174057e-006, 5.69450976e-006, 1, 0, 0, 0, 0, 0, 0, 0, 0.209201563, -0.163589355, -0.209346289, -0.428884664, 0.559014398, -0.709598695, -0.863525391, -0.0230712891, 0.503662109, 0.265181385, 0.828760154, 0.492805366, 0, 0, 0, 0, 0, 0, 0, 0.269503809, -0.11601377, -0.196853516, -0.121287238, 0.121139804, -0.985107065, 0.0120849609, -0.9921875, -0.123535156, -0.992480113, -0.0267908462, 0.118870866, 0, 2, 1, 1, 
549.497425, 45, 0.1, 0.1, 0.022332053, 0.365011613, -0.0349713581, 0.965185401, -0.261566706, 4.57266958e-006, 0.261566706, 0.965185401, 4.27070848e-006, -5.53054907e-006, -2.92596736e-006, 1, 0.96518533, -0.261566968, 1.43365868e-006, 0.261566968, 0.96518533, 6.19905799e-006, -3.00521512e-006, -5.60824208e-006, 1, 0, 0, 0, 0, 0, 0, 0, 0.211611133, -0.173216748, -0.20466355, -0.443217962, 0.553888408, -0.704811564, -0.854492187, -0.0236816406, 0.518676758, 0.270664946, 0.832291053, 0.484013683, 0, 0, 0, 0, 0, 0, 0, 0.271769482, -0.124581348, -0.192801074, -0.131388723, 0.120869281, -0.983910905, 0.0246582031, -0.991699219, -0.12512207, -0.990964225, -0.0405664627, 0.127343091, 0, 2, 1, 1, 
549.498116, 45, 0.1, 0.1, 0.0223320535, 0.365011614, -0.0349719864, 0.965185754, -0.261565402, 1.98744397e-006, 0.261565402, 0.965185754, 7.04498337e-006, -3.76097651e-006, -6.27987101e-006, 1, 0.965185684, -0.261565662, -4.74683112e-006, 0.261565662, 0.965185684, 2.73971012e-006, 3.86495935e-006, -3.88593701e-006, 1, 0, 0, 0, 0, 0, 0, 0, 0.211611133, -0.173216748, -0.20466355, -0.443217962, 0.553888408, -0.704811564, -0.854492187, -0.0236816406, 0.518676758, 0.270664946, 0.832291053, 0.484013683, 0, 0, 0, 0, 0, 0, 0, 0.271769482, -0.124581348, -0.192801074, -0.131388723, 0.120869281, -0.983910905, 0.0246582031, -0.991699219, -0.12512207, -0.990964225, -0.0405664627, 0.127343091, 0, 2, 1, 1, 
549.498805, 45, 0.1, 0.1, 0.0223320536, 0.365011615, -0.0349719459, 0.965186103, -0.261564116, -4.09198168e-006, 0.261564116, 0.965186103, 3.64597214e-006, 2.99586837e-006, -4.58935722e-006, 1, 0.965186034, -0.261564369, -4.8798176e-006, 0.261564369, 0.965186034, -4.47866784e-006, 5.88139173e-006, 3.04636124e-006, 1, 0, 0, 0, 0, 0, 0, 0, 0.211611133, -0.173216748, -0.20466355, -0.443217962, 0.553888408, -0.704811564, -0.854492187, -0.0236816406, 0.518676758, 0.270664946, 0.832291053, 0.484013683, 0, 0, 0, 0, 0, 0, 0, 0.271769482, -0.124581348, -0.192801074, -0.131388723, 0.120869281, -0.983910905, 0.0246582031, -0.991699219, -0.12512207, -0.990964225, -0.0405664627, 0.127343091, 0, 2, 1, 1, 
549.499491, 45, 0.1, 0.1, 0.0223320532, 0.365011615, -0.0349713557, 0.965186449, -0.261562839, -4.81145326e-006, 0.261562839, 0.965186449, -4.13992511e-006, 5.72680005e-006, 2.73730224e-006, 1, 0.96518638, -0.261563092, -1.75839683e-006, 0.261563092, 0.96518638, -6.26658331e-006, 3.33628758e-006, 5.58848915e-006, 1, 0, 0, 0, 0, 0, 0, 0, 0.211611133, -0.173216748, -0.20466355, -0.443217962, 0.553888408, -0.704811564, -0.854492187, -0.0236816406, 0.518676758, 0.270664946, 0.832291053, 0.484013683, 0, 0, 0, 0, 0, 0, 0, 0.271769482, -0.124581348, -0.192801074, -0.131388723, 0.120869281, -0.983910905, 0.0246582031, -0.991699219, -0.12512207, -0.990964225, -0.0405664627, 0.127343091, 0, 2, 1, 1, 
549.500206, 45, 0.1, 0.1, 0.0223320527, 0.365011614, -0.0349700984, 0.965186807, -0.261561517, -1.87249539e-006, 0.261561517, 0.965186807, -6.75591518e-006, 3.57439527e-006, 6.03094746e-006, 1, 0.965186739, -0.26156177, 5.32212714e-006, 0.26156177, 0.965186739, -2.19277358e-006, -4.5633008e-006, 3.50850097e-006, 1, 0, 0, 0, 0, 0, 0, 0, 0.212119263, -0.173925171, -0.204064868, -0.442037375, 0.553101724, -0.706125823, -0.854980469, -0.0219726563, 0.518066406, 0.271095919, 0.832786428, 0.482738738, 0, 0, 0, 0, 0, 0, 0, 0.272272363, -0.125282568, -0.192381445, -0.130526152, 0.120370915, -0.98407715, 0.0246582031, -0.991821289, -0.124633789, -0.990996308, -0.0404961004, 0.126589162, 0, 2, 1, 1, 
549.500906, 45, 0.1, 0.1, 0.0223320525, 0.365011614, -0.0349688103, 0.965187158, -0.261560223, 4.58794484e-006, 0.261560223, 0.965187158, -4.376305e-006, -3.28355813e-006, 5.42397726e-006, 1, 0.965187085, -0.261560493, 5.63549875e-006, 0.261560493, 0.965187085, 5.4050082e-006, -6.85304722e-006, -3.74282028e-006, 1, 0, 0, 0, 0, 0, 0, 0, 0.212119263, -0.173925171, -0.204064868, -0.442037375, 0.553101724, -0.706125823, -0.854980469, -0.0219726563, 0.518066406, 0.271095919, 0.832786428, 0.482738738, 0, 0, 0, 0, 0, 0, 0, 0.272272363, -0.125282568, -0.192381445, -0.130526152, 0.120370915, -0.98407715, 0.0246582031, -0.991821289, -0.124633789, -0.990996308, -0.0404961004, 0.126589162, 0, 2, 1, 1, 
549.501597, 45, 0.1, 0.1, 0.0223320532, 0.365011614, -0.034967813, 0.965187509, -0.261558925, 5.02668329e-006, 0.261558925, 0.96518751, 4.27931625e-006, -5.97098528e-006, -2.81556871e-006, 1, 0.965187439, -0.261559184, 1.59578621e-006, 0.261559184, 0.965187439, 6.70927161e-006, -3.29510442e-006, -6.05831215e-006, 1, 0, 0, 0, 0, 0, 0, 0, 0.212119263, -0.173925171, -0.204064868, -0.442037375, 0.553101724, -0.706125823, -0.854980469, -0.0219726563, 0.518066406, 0.271095919, 0.832786428, 0.482738738, 0, 0, 0, 0, 0, 0, 0, 0.272272363, -0.125282568, -0.192381445, -0.130526152, 0.120370915, -0.98407715, 0.0246582031, -0.991821289, -0.124633789, -0.990996308, -0.0404961004, 0.126589162, 0, 2, 1, 1, 
549.5023, 45, 0.1, 0.1, 0.0223320539, 0.365011615, -0.0349674291, 0.96518787, -0.261557596, 2.47058915e-006, 0.261557596, 0.96518787, 7.46546112e-006, -4.33723075e-006, -6.55937116e-006, 1, 0.965187792, -0.261557883, -6.10179698e-006, 0.261557883, 0.965187792, 1.99441455e-006, 5.3677251e-006, -3.52095768e-006, 1, 0, 0, 0, 0, 0, 0, 0, 0.212119263, -0.173925171, -0.204064868, -0.441516913, 0.552093002, -0.707198947, -0.855224609, -0.0207519531, 0.517700195, 0.27126067, 0.833440561, 0.481425601, 0, 0, 0, 0, 0, 0, 0, 0.272272363, -0.125282568, -0.192381445, -0.130526152, 0.120370915, -0.98407715, 0.0246582031, -0.991821289, -0.124633789, -0.990996308, -0.0404961004, 0.126589162, 0, 2, 1, 1, 
549.503, 45, 0.1, 0.1, 0.0223320539, 0.365011616, -0.0349675213, 0.965188232, -0.261556258, -4.56402316e-006, 0.261556258, 0.965188232, 3.45387122e-006, 3.50175981e-006, -4.52738468e-006, 1, 0.965188162, -0.261556516, -5.42914948e-006, 0.261556516, 0.965188162, -5.87725325e-006, 6.7773847e-006, 4.25262584e-006, 1, 0, 0, 0, 0, 0, 0, 0, 0.212369604, -0.174644458, -0.203677222, -0.441516913, 0.552093002, -0.707198947, -0.855224609, -0.0207519531, 0.517700195, 0.27126067, 0.833440561, 0.481425601, 0, 0, 0, 0, 0, 0, 0, 0.272479004, -0.125767383, -0.192156494, -0.130768955, 0.119923588, -0.98408991, 0.0250244141, -0.991821289, -0.124267578, -0.991021827, -0.0409113445, 0.126710564, 0, 2, 1, 1, 
549.503684, 45, 0.1, 0.1, 0.0223320533, 0.365011616, -0.034968334, 0.96518859, -0.261554939, -4.83050645e-006, 0.261554939, 0.96518859, -4.68523413e-006, 5.88779584e-006, 3.2586917e-006, 1, 0.965188519, -0.261555201, -1.40601685e-006, 0.261555201, 0.965188519, -6.99603553e-006, 3.1869208e-006, 6.38474215e-006, 1, 0, 0, 0, 0, 0, 0, 0, 0.212369604, -0.174644458, -0.203677222, -0.441516913, 0.552093002, -0.707198947, -0.855224609, -0.0207519531, 0.517700195, 0.27126067, 0.833440561, 0.481425601, 0, 0, 0, 0, 0, 0, 0, 0.272479004, -0.125767383, -0.192156494, -0.130768955, 0.119923588, -0.98408991, 0.0250244141, -0.991821289, -0.124267578, -0.991021827, -0.0409113445, 0.126710564, 0, 2, 1, 1, 
549.50438, 45, 0.1, 0.1, 0.0223320527, 0.365011616, -0.0349695446, 0.965188954, -0.261553595, -1.60221895e-006, 0.261553595, 0.965188954, -6.6282542e-006, 3.28008775e-006, 5.97845162e-006, 1, 0.965188882, -0.261553862, 5.76316919e-006, 0.261553862, 0.965188882, -1.95066435e-006, -5.05234303e-006, 3.3901387e-006, 1, 0, 0, 0, 0, 0, 0, 0, 0.212369604, -0.174644458, -0.203677222, -0.441516913, 0.552093002, -0.707198947, -0.855224609, -0.0207519531, 0.517700195, 0.27126067, 0.833440561, 0.481425601, 0, 0, 0, 0, 0, 0, 0, 0.272479004, -0.125767383, -0.192156494, -0.130768955, 0.119923588, -0.98408991, 0.0250244141, -0.991821289, -0.124267578, -0.991021827, -0.0409113445, 0.126710564, 0, 2, 1, 1, 
549.505069, 45, 0.1, 0.1, 0.0223320526, 0.365011615, -0.034970746, 0.965189313, -0.261552271, 4.28049396e-006, 0.261552271, 0.965189313, -2.99210563e-006, -3.348895e-006, 4.0075213e-006, 1, 0.965189242, -0.261552533, 5.15222161e-006, 0.261552533, 0.965189242, 5.51787967e-006, -6.41608428e-006, -3.97822148e-006, 1, 0, 0, 0, 0, 0, 0, 0, 0.212369604, -0.174644458, -0.203677222, -0.441516913, 0.552093002, -0.707198947, -0.855224609, -0.0207519531, 0.517700195, 0.27126067, 0.833440561, 0.481425601, 0, 0, 0, 0, 0, 0, 0, 0.272479004, -0.125767383, -0.192156494, -0.130768955, 0.119923588, -0.98408991, 0.0250244141, -0.991821289, -0.124267578, -0.991021827, -0.0409113445, 0.126710564, 0, 2, 1, 1, 
549.505758, 45, 0.1, 0.1, 0.0223320533, 0.365011616, -0.0349716191, 0.96518967, -0.261550951, 4.14049908e-006, 0.261550951, 0.96518967, 4.39288327e-006, -5.14532974e-006, -3.15701409e-006, 1, 0.9651896, -0.261551211, 1.15473603e-006, 0.261551211, 0.9651896, 6.4874481e-006, -2.81133911e-006, -5.95959483e-006, 1, 0, 0, 0, 0, 0, 0, 0, 0.212369604, -0.174644458, -0.203677222, -0.441516913, 0.552093002, -0.707198947, -0.855224609, -0.0207519531, 0.517700195, 0.27126067, 0.833440561, 0.481425601, 0, 0, 0, 0, 0, 0, 0, 0.272479004, -0.125767383, -0.192156494, -0.130768955, 0.119923588, -0.98408991, 0.0250244141, -0.991821289, -0.124267578, -0.991021827, -0.0409113445, 0.126710564, 0, 2, 1, 1, 
549.506448, 45, 0.1, 0.1, 0.0223320541, 0.365011616, -0.0349719224, 0.965190025, -0.261549644, 1.2039601e-006, 0.261549644, 0.965190025, 6.25968821e-006, -2.7992695e-006, -5.72689328e-006, 1, 0.965189955, -0.261549902, -5.50084151e-006, 0.261549902, 0.965189955, 2.02021693e-006, 4.78096943e-006, -3.38863765e-006, 1, 0, 0, 0, 0, 0, 0, 0, 0.212369604, -0.174644458, -0.203677222, -0.441516913, 0.552093002, -0.707198947, -0.855224609, -0.0207519531, 0.517700195, 0.27126067, 0.833440561, 0.481425601, 0, 0, 0, 0, 0, 0, 0, 0.272479004, -0.125767383, -0.192156494, -0.130768955, 0.119923588, -0.98408991, 0.0250244141, -0.991821289, -0.124267578, -0.991021827, -0.0409113445, 0.126710564, 0, 2, 1, 1, 
549.507154, 45, 0.1, 0.1, 0.0223320545, 0.365011617, -0.0349715282, 0.965190383, -0.261548321, -4.96707656e-006, 0.261548321, 0.965190383, 3.4179771e-006, 3.90020836e-006, -4.59812916e-006, 1, 0.965190313, -0.261548579, -5.88075675e-006, 0.261548579, 0.965190313, -4.97889887e-006, 6.97827338e-006, 3.26748139e-006, 1, 0, 0, 0, 0, 0, 0, 0, 0.21217334, -0.17532981, -0.203262476, -0.441065722, 0.551769491, -0.707751609, -0.854980469, -0.0189208984, 0.518066406, 0.27254872, 0.833738984, 0.480277215, 0, 0, 0, 0, 0, 0, 0, 0.272479004, -0.125767383, -0.192156494, -0.130768955, 0.119923588, -0.98408991, 0.0250244141, -0.991821289, -0.124267578, -0.991021827, -0.0409113445, 0.126710564, 0, 2, 1, 1, 
549.507856, 45, 0.1, 0.1, 0.022332054, 0.365011617, -0.0349704062, 0.96519074, -0.261547004, -4.78886545e-006, 0.261547004, 0.96519074, -4.28910319e-006, 5.74397068e-006, 2.88728927e-006, 1, 0.965190671, -0.261547261, -1.66930694e-006, 0.261547261, 0.96519067, -6.49548249e-006, 3.31007514e-006, 5.83277644e-006, 1, 0, 0, 0, 0, 0, 0, 0, 0.21217334, -0.17532981, -0.203262476, -0.441065722, 0.551769491, -0.707751609, -0.854980469, -0.0189208984, 0.518066406, 0.27254872, 0.833738984, 0.480277215, 0, 0, 0, 0, 0, 0, 0, 0.272472412, -0.12647373, -0.192154785, -0.130903117, 0.119463502, -0.984102669, 0.0255126953, -0.991943359, -0.123779297, -0.990913186, -0.041205187, 0.126831965, 0, 2, 1, 1, 
549.508546, 45, 0.1, 0.1, 0.0223320535, 0.365011617, -0.0349692269, 0.96519109, -0.261545713, -1.90329204e-006, 0.261545713, 0.96519109, -7.35688653e-006, 3.76120265e-006, 6.60300346e-006, 1, 0.96519102, -0.261545972, 5.54829761e-006, 0.261545972, 0.96519102, -2.61404806e-006, -4.67147329e-006, 3.9741906e-006, 1, 0, 0, 0, 0, 0, 0, 0, 0.21217334, -0.17532981, -0.203262476, -0.441065722, 0.551769491, -0.707751609, -0.854980469, -0.0189208984, 0.518066406, 0.27254872, 0.833738984, 0.480277215, 0, 0, 0, 0, 0, 0, 0, 0.272472412, -0.12647373, -0.192154785, -0.130903117, 0.119463502, -0.984102669, 0.0255126953, -0.991943359, -0.123779297, -0.990913186, -0.041205187, 0.126831965, 0, 2, 1, 1, 
549.509235, 45, 0.1, 0.1, 0.0223320533, 0.365011617, -0.0349683084, 0.965191441, -0.261544418, 5.0037887e-006, 0.261544418, 0.965191441, -3.93732986e-006, -3.79982737e-006, 5.10899009e-006, 1, 0.965191371, -0.261544675, 5.94461248e-006, 0.261544675, 0.965191371, 5.36224125e-006, -7.14015432e-006, -3.62080724e-006, 1, 0, 0, 0, 0, 0, 0, 0, 0.21217334, -0.17532981, -0.203262476, -0.441065722, 0.551769491, -0.707751609, -0.854980469, -0.0189208984, 0.518066406, 0.27254872, 0.833738984, 0.480277215, 0, 0, 0, 0, 0, 0, 0, 0.272472412, -0.12647373, -0.192154785, -0.130903117, 0.119463502, -0.984102669, 0.0255126953, -0.991943359, -0.123779297, -0.990913186, -0.041205187, 0.126831965, 0, 2, 1, 1, 
549.509923, 45, 0.1, 0.1, 0.0223320538, 0.365011617, -0.0349679398, 0.965191794, -0.261543116, 5.49766689e-006, 0.261543116, 0.965191794, 4.63305799e-006, -6.51804739e-006, -3.03391262e-006, 1, 0.965191723, -0.261543377, 2.07179498e-006, 0.261543377, 0.965191723, 7.03748544e-006, -3.84028708e-006, -6.25065844e-006, 1, 0, 0, 0, 0, 0, 0, 0, 0.21217334, -0.17532981, -0.203262476, -0.441065722, 0.551769491, -0.707751609, -0.854980469, -0.0189208984, 0.518066406, 0.27254872, 0.833738984, 0.480277215, 0, 0, 0, 0, 0, 0, 0, 0.272472412, -0.12647373, -0.192154785, -0.130903117, 0.119463502, -0.984102669, 0.0255126953, -0.991943359, -0.123779297, -0.990913186, -0.041205187, 0.126831965, 0, 2, 1, 1, 
549.51061, 45, 0.1, 0.1, 0.0223320544, 0.365011618, -0.0349681822, 0.965192148, -0.261541808, 2.23604463e-006, 0.261541808, 0.965192148, 7.14510641e-006, -4.02695677e-006, -6.31158145e-006, 1, 0.965192077, -0.261542071, -5.37534109e-006, 0.261542071, 0.965192077, 2.26279435e-006, 4.59642071e-006, -3.58990902e-006, 1, 0, 0, 0, 0, 0, 0, 0, 0.21217334, -0.17532981, -0.203262476, -0.441065722, 0.551769491, -0.707751609, -0.854980469, -0.0189208984, 0.518066406, 0.27254872, 0.833738984, 0.480277215, 0, 0, 0, 0, 0, 0, 0, 0.272472412, -0.12647373, -0.192154785, -0.130903117, 0.119463502, -0.984102669, 0.0255126953, -0.991943359, -0.123779297, -0.990913186, -0.041205187, 0.126831965, 0, 2, 1, 1, 
549.511299, 45, 0.1, 0.1, 0.0223320545, 0.365011619, -0.034968898, 0.965192505, -0.261540492, -4.71875788e-006, 0.261540492, 0.965192505, 3.00598319e-006, 3.76832341e-006, -4.1354987e-006, 1, 0.965192435, -0.261540748, -5.54749727e-006, 0.261540748, 0.965192435, -5.89562569e-006, 6.89634875e-006, 4.23951673e-006, 1, 0, 0, 0, 0, 0, 0, 0, 0.21217334, -0.17532981, -0.203262476, -0.441065722, 0.551769491, -0.707751609, -0.854980469, -0.0189208984, 0.518066406, 0.27254872, 0.833738984, 0.480277215, 0, 0, 0, 0, 0, 0, 0, 0.272472412, -0.12647373, -0.192154785, -0.130903117, 0.119463502, -0.984102669, 0.0255126953, -0.991943359, -0.123779297, -0.990913186, -0.041205187, 0.126831965, 0, 2, 1, 1, 
549.512018, 45, 0.1, 0.1, 0.0223320542, 0.365011619, -0.0349697956, 0.965192879, -0.261539112, -6.03839004e-006, 0.261539112, 0.965192879, -5.0152376e-006, 7.13989186e-006, 3.26139645e-006, 1, 0.965192799, -0.261539405, -2.47111531e-006, 0.261539405, 0.965192799, -7.56229564e-006, 4.362941e-006, 6.65277927e-006, 1, 0, 0, 0, 0, 0, 0, 0, 0.212337012, -0.17557002, -0.203466064, -0.44218303, 0.551426885, -0.707370811, -0.854736328, -0.0201416016, 0.518676758, 0.271736948, 0.83391684, 0.480340494, 0, 0, 0, 0, 0, 0, 0, 0.272472412, -0.12647373, -0.192154785, -0.131267322, 0.119118253, -0.984128189, 0.0268554688, -0.991821289, -0.123657227, -0.990951465, -0.0425916438, 0.127074769, 0, 2, 1, 1, 
549.512705, 45, 0.1, 0.1, 0.0223320541, 0.365011619, -0.034970377, 0.965193235, -0.261537795, -2.67591268e-006, 0.261537795, 0.965193235, -6.72316361e-006, 4.3411342e-006, 5.78929973e-006, 1, 0.965193164, -0.261538058, 4.32156812e-006, 0.261538058, 0.965193164, -2.26743448e-006, -3.57812759e-006, 3.3187668e-006, 1, 0, 0, 0, 0, 0, 0, 0, 0.212337012, -0.17557002, -0.203466064, -0.44218303, 0.551426885, -0.707370811, -0.854736328, -0.0201416016, 0.518676758, 0.271736948, 0.83391684, 0.480340494, 0, 0, 0, 0, 0, 0, 0, 0.272670752, -0.126972217, -0.192151367, -0.131267322, 0.119118253, -0.984128189, 0.0268554688, -0.991821289, -0.123657227, -0.990951465, -0.0425916438, 0.127074769, 0, 2, 1, 1, 
549.513395, 45, 0.1, 0.1, 0.0223320541, 0.365011618, -0.0349707893, 0.965193591, -0.261536482, 4.09868705e-006, 0.261536482, 0.965193591, -2.74596016e-006, -3.23785772e-006, 3.72233934e-006, 1, 0.965193522, -0.261536738, 4.83186014e-006, 0.261536738, 0.965193522, 5.62780874e-006, -6.13555884e-006, -4.1682156e-006, 1, 0, 0, 0, 0, 0, 0, 0, 0.212337012, -0.17557002, -0.203466064, -0.44218303, 0.551426885, -0.707370811, -0.854736328, -0.0201416016, 0.518676758, 0.271736948, 0.83391684, 0.480340494, 0, 0, 0, 0, 0, 0, 0, 0.272670752, -0.126972217, -0.192151367, -0.131267322, 0.119118253, -0.984128189, 0.0268554688, -0.991821289, -0.123657227, -0.990951465, -0.0425916438, 0.127074769, 0, 2, 1, 1, 
549.51408, 45, 0.1, 0.1, 0.0223320547, 0.365011618, -0.0349709487, 0.965193944, -0.26153518, 4.84841282e-006, 0.26153518, 0.965193944, 4.92925281e-006, -5.96883172e-006, -3.48965444e-006, 1, 0.965193875, -0.261535436, 1.7087117e-006, 0.261535436, 0.965193875, 7.07866945e-006, -3.50056097e-006, -6.38539974e-006, 1, 0, 0, 0, 0, 0, 0, 0, 0.212337012, -0.17557002, -0.203466064, -0.44218303, 0.551426885, -0.707370811, -0.854736328, -0.0201416016, 0.518676758, 0.271736948, 0.83391684, 0.480340494, 0, 0, 0, 0, 0, 0, 0, 0.272670752, -0.126972217, -0.192151367, -0.131267322, 0.119118253, -0.984128189, 0.0268554688, -0.991821289, -0.123657227, -0.990951465, -0.0425916438, 0.127074769, 0, 2, 1, 1, 
549.514785, 45, 0.1, 0.1, 0.0223320552, 0.365011619, -0.0349707206, 0.965194304, -0.261533852, 2.37834211e-006, 0.261533852, 0.965194304, 7.75900848e-006, -4.32480563e-006, -6.86693381e-006, 1, 0.965194234, -0.261534111, -4.64099137e-006, 0.261534111, 0.965194234, 3.49367191e-006, 3.56574373e-006, -4.58584954e-006, 1, 0, 0, 0, 0, 0, 0, 0, 0.212337012, -0.17557002, -0.203466064, -0.44218303, 0.551426885, -0.707370811, -0.854736328, -0.0201416016, 0.518676758, 0.271736948, 0.83391684, 0.480340494, 0, 0, 0, 0, 0, 0, 0, 0.272870801, -0.127402344, -0.192362891, -0.131644286, 0.119546257, -0.984032307, 0.02734375, -0.991821289, -0.124145508, -0.990868343, -0.0431603724, 0.127330332, 0, 2, 1, 1, 
549.515476, 45, 0.1, 0.1, 0.0223320553, 0.365011619, -0.0349701564, 0.965194655, -0.261532555, -4.21456614e-006, 0.261532555, 0.965194655, 3.35204244e-006, 3.19120849e-006, -4.3376197e-006, 1, 0.965194586, -0.26153281, -5.05805415e-006, 0.26153281, 0.965194586, -5.15490293e-006, 6.23018274e-006, 3.65263729e-006, 1, 0, 0, 0, 0, 0, 0, 0, 0.212337012, -0.17557002, -0.203466064, -0.44218303, 0.551426885, -0.707370811, -0.854736328, -0.0201416016, 0.518676758, 0.271736948, 0.83391684, 0.480340494, 0, 0, 0, 0, 0, 0, 0, 0.272870801, -0.127402344, -0.192362891, -0.131644286, 0.119546257, -0.984032307, 0.02734375, -0.991821289, -0.124145508, -0.990868343, -0.0431603724, 0.127330332, 0, 2, 1, 1, 
549.516164, 45, 0.1, 0.1, 0.0223320547, 0.36501162, -0.0349695678, 0.965195006, -0.261531259, -4.910065e-006, 0.261531259, 0.965195006, -5.3451303e-006, 6.13708888e-006, 3.87495759e-006, 1, 0.965194937, -0.261531516, -1.70451827e-006, 0.261531516, 0.965194937, -7.65019301e-006, 3.64595898e-006, 6.93814231e-006, 1, 0, 0, 0, 0, 0, 0, 0, 0.212337012, -0.17557002, -0.203466064, -0.44218303, 0.551426885, -0.707370811, -0.854736328, -0.0201416016, 0.518676758, 0.271736948, 0.83391684, 0.480340494, 0, 0, 0, 0, 0, 0, 0, 0.272870801, -0.127402344, -0.192362891, -0.131644286, 0.119546257, -0.984032307, 0.02734375, -0.991821289, -0.124145508, -0.990868343, -0.0431603724, 0.127330332, 0, 2, 1, 1, 
549.516867, 45, 0.1, 0.1, 0.0223320542, 0.36501162, -0.0349690928, 0.965195363, -0.261529943, -2.55230348e-006, 0.261529942, 0.965195363, -8.22477428e-006, 4.61449623e-006, 7.27101021e-006, 1, 0.965195286, -0.261530228, 5.5527207e-006, 0.261530228, 0.965195286, -3.15440825e-006, -4.53448674e-006, 4.49682429e-006, 1, 0, 0, 0, 0, 0, 0, 0, 0.212337012, -0.17557002, -0.203466064, -0.442944626, 0.551648924, -0.70669159, -0.854370117, -0.0209960938, 0.519042969, 0.27161039, 0.83375808, 0.480727284, 0, 0, 0, 0, 0, 0, 0, 0.272870801, -0.127402344, -0.192362891, -0.131644286, 0.119546257, -0.984032307, 0.02734375, -0.991821289, -0.124145508, -0.990868343, -0.0431603724, 0.127330332, 0, 2, 1, 1, 
549.517567, 45, 0.1, 0.1, 0.0223320543, 0.36501162, -0.0349686054, 0.965195724, -0.261528613, 4.36276249e-006, 0.261528613, 0.965195724, -3.95397222e-006, -3.17684283e-006, 4.95734429e-006, 1, 0.965195653, -0.261528874, 5.21235274e-006, 0.261528874, 0.965195653, 5.22135049e-006, -6.39647412e-006, -3.67644405e-006, 1, 0, 0, 0, 0, 0, 0, 0, 0.212744189, -0.17600564, -0.203653418, -0.442944626, 0.551648924, -0.70669159, -0.854370117, -0.0209960938, 0.519042969, 0.27161039, 0.83375808, 0.480727284, 0, 0, 0, 0, 0, 0, 0, 0.272870801, -0.127402344, -0.192362891, -0.131644286, 0.119546257, -0.984032307, 0.02734375, -0.991821289, -0.124145508, -0.990868343, -0.0431603724, 0.127330332, 0, 2, 1, 1, 
549.518258, 45, 0.1, 0.1, 0.022332055, 0.36501162, -0.0349684979, 0.96519608, -0.261527295, 5.1133067e-006, 0.261527295, 0.96519608, 4.97749625e-006, -6.23709472e-006, -3.4669906e-006, 1, 0.965196009, -0.261527557, 1.65738932e-006, 0.261527557, 0.965196009, 7.23337219e-006, -3.49143171e-006, -6.54816899e-006, 1, 0, 0, 0, 0, 0, 0, 0, 0.212744189, -0.17600564, -0.203653418, -0.442944626, 0.551648924, -0.70669159, -0.854370117, -0.0209960938, 0.519042969, 0.27161039, 0.83375808, 0.480727284, 0, 0, 0, 0, 0, 0, 0, 0.272870801, -0.127402344, -0.192362891, -0.131644286, 0.119546257, -0.984032307, 0.02734375, -0.991821289, -0.124145508, -0.990868343, -0.0431603724, 0.127330332, 0, 2, 1, 1, 
549.518953, 45, 0.1, 0.1, 0.0223320555, 0.36501162, -0.0349687957, 0.96519644, -0.261525968, 2.62868135e-006, 0.261525968, 0.96519644, 7.94371117e-006, -4.61468063e-006, -6.97977331e-006, 1, 0.965196365, -0.261526244, -5.24604914e-006, 0.261526244, 0.965196365, 2.9098238e-006, 4.30247227e-006, -4.18053089e-006, 1, 0, 0, 0, 0, 0, 0, 0, 0.212744189, -0.17600564, -0.203653418, -0.442944626, 0.551648924, -0.70669159, -0.854370117, -0.0209960938, 0.519042969, 0.27161039, 0.83375808, 0.480727284, 0, 0, 0, 0, 0, 0, 0, 0.272870801, -0.127402344, -0.192362891, -0.131644286, 0.119546257, -0.984032307, 0.02734375, -0.991821289, -0.124145508, -0.990868343, -0.0431603724, 0.127330332, 0, 2, 1, 1, 
549.519671, 45, 0.1, 0.1, 0.0223320556, 0.365011621, -0.0349691558, 0.965196813, -0.26152459, -4.98607291e-006, 0.26152459, 0.965196813, 3.85886073e-006, 3.80335471e-006, -5.02854075e-006, 1, 0.965196742, -0.261524855, -5.86021855e-006, 0.261524855, 0.965196742, -5.09826926e-006, 6.98958798e-006, 3.38824006e-006, 1, 0, 0, 0, 0, 0, 0, 0, 0.213394263, -0.17668623, -0.203873242, -0.443325424, 0.551426885, -0.706609215, -0.854125977, -0.0211181641, 0.51940918, 0.27154711, 0.83391684, 0.480467053, 0, 0, 0, 0, 0, 0, 0, 0.273325586, -0.127859082, -0.192366309, -0.131522885, 0.119622816, -0.984006787, 0.0280761719, -0.991699219, -0.124267578, -0.990855583, -0.043888782, 0.127087528, 0, 2, 1, 1, 
549.52036, 45, 0.1, 0.1, 0.0223320552, 0.365011621, -0.0349695079, 0.965197174, -0.261523261, -5.22459378e-006, 0.261523261, 0.965197174, -4.81117771e-006, 6.30099804e-006, 3.27738232e-006, 1, 0.965197103, -0.261523523, -1.97914912e-006, 0.261523523, 0.965197103, -6.95206107e-006, 3.7283965e-006, 6.19251515e-006, 1, 0, 0, 0, 0, 0, 0, 0, 0.213394263, -0.17668623, -0.203873242, -0.443325424, 0.551426885, -0.706609215, -0.854125977, -0.0211181641, 0.51940918, 0.27154711, 0.83391684, 0.480467053, 0, 0, 0, 0, 0, 0, 0, 0.273325586, -0.127859082, -0.192366309, -0.131522885, 0.119622816, -0.984006787, 0.0280761719, -0.991699219, -0.124267578, -0.990855583, -0.043888782, 0.127087528, 0, 2, 1, 1, 
549.521048, 45, 0.1, 0.1, 0.0223320547, 0.365011621, -0.0349699731, 0.965197532, -0.26152194, -2.07507074e-006, 0.26152194, 0.965197532, -7.51063063e-006, 3.96704785e-006, 6.70656561e-006, 1, 0.96519746, -0.261522202, 5.05779789e-006, 0.261522202, 0.96519746, -2.89982533e-006, -4.12340497e-006, 4.12163048e-006, 1, 0, 0, 0, 0, 0, 0, 0, 0.213394263, -0.17668623, -0.203873242, -0.443325424, 0.551426885, -0.706609215, -0.854125977, -0.0211181641, 0.51940918, 0.27154711, 0.83391684, 0.480467053, 0, 0, 0, 0, 0, 0, 0, 0.273325586, -0.127859082, -0.192366309, -0.131522885, 0.119622816, -0.984006787, 0.0280761719, -0.991699219, -0.124267578, -0.990855583, -0.043888782, 0.127087528, 0, 2, 1, 1, 
549.521737, 45, 0.1, 0.1, 0.0223320547, 0.365011621, -0.0349703879, 0.965197888, -0.261520624, 4.26577105e-006, 0.261520624, 0.965197888, -4.03341844e-006, -3.0624911e-006, 5.00863407e-006, 1, 0.965197818, -0.261520884, 5.08464051e-006, 0.261520884, 0.965197818, 4.5793985e-006, -6.10529227e-006, -3.09028576e-006, 1, 0, 0, 0, 0, 0, 0, 0, 0.213394263, -0.17668623, -0.203873242, -0.443325424, 0.551426885, -0.706609215, -0.854125977, -0.0211181641, 0.51940918, 0.27154711, 0.83391684, 0.480467053, 0, 0, 0, 0, 0, 0, 0, 0.273325586, -0.127859082, -0.192366309, -0.131522885, 0.119622816, -0.984006787, 0.0280761719, -0.991699219, -0.124267578, -0.990855583, -0.043888782, 0.127087528, 0, 2, 1, 1, 
549.522425, 45, 0.1, 0.1, 0.0223320553, 0.365011621, -0.0349706511, 0.965198244, -0.26151931, 4.67540707e-006, 0.26151931, 0.965198244, 3.84130298e-006, -5.51726961e-006, -2.48490966e-006, 1, 0.965198174, -0.26151957, 1.52799559e-006, 0.26151957, 0.965198174, 5.97843491e-006, -3.03829628e-006, -5.3707737e-006, 1, 0, 0, 0, 0, 0, 0, 0, 0.213394263, -0.17668623, -0.203873242, -0.443325424, 0.551426885, -0.706609215, -0.854125977, -0.0211181641, 0.51940918, 0.27154711, 0.83391684, 0.480467053, 0, 0, 0, 0, 0, 0, 0, 0.273325586, -0.127859082, -0.192366309, -0.131522885, 0.119622816, -0.984006787, 0.0280761719, -0.991699219, -0.124267578, -0.990855583, -0.043888782, 0.127087528, 0, 2, 1, 1, 
549.523117, 45, 0.1, 0.1, 0.0223320559, 0.365011622, -0.034970653, 0.965198599, -0.261517999, 1.81839444e-006, 0.261517999, 0.965198599, 6.30040201e-006, -3.4027803e-006, -5.60559632e-006, 1, 0.965198529, -0.261518258, -5.22146969e-006, 0.261518258, 0.965198529, 1.79211702e-006, 4.57108354e-006, -3.09525837e-006, 1, 0, 0, 0, 0, 0, 0, 0, 0.213394263, -0.17668623, -0.203873242, -0.443325424, 0.551426885, -0.706609215, -0.854125977, -0.0211181641, 0.51940918, 0.27154711, 0.83391684, 0.480467053, 0, 0, 0, 0, 0, 0, 0, 0.273325586, -0.127859082, -0.192366309, -0.131522885, 0.119622816, -0.984006787, 0.0280761719, -0.991699219, -0.124267578, -0.990855583, -0.043888782, 0.127087528, 0, 2, 1, 1, 
549.523804, 45, 0.1, 0.1, 0.022332056, 0.365011623, -0.034970456, 0.96519895, -0.261516704, -4.39544351e-006, 0.261516704, 0.96519895, 3.2353311e-006, 3.39638434e-006, -4.27222008e-006, 1, 0.965198881, -0.261516958, -5.28025322e-006, 0.261516958, 0.965198881, -5.37566571e-006, 6.50232224e-006, 3.80771077e-006, 1, 0, 0, 0, 0, 0, 0, 0, 0.213394263, -0.17668623, -0.203873242, -0.443325424, 0.551426885, -0.706609215, -0.854125977, -0.0211181641, 0.51940918, 0.27154711, 0.83391684, 0.480467053, 0, 0, 0, 0, 0, 0, 0, 0.273325586, -0.127859082, -0.192366309, -0.131522885, 0.119622816, -0.984006787, 0.0280761719, -0.991699219, -0.124267578, -0.990855583, -0.043888782, 0.127087528, 0, 2, 1, 1, 
549.52452, 45, 0.1, 0.1, 0.0223320556, 0.365011623, -0.0349699265, 0.965199317, -0.261515352, -5.47515806e-006, 0.261515351, 0.965199317, -5.36768155e-006, 6.68834994e-006, 3.74904468e-006, 1, 0.965199247, -0.26151561, -2.30407434e-006, 0.26151561, 0.965199247, -7.76419639e-006, 4.25434937e-006, 6.8914451e-006, 1, 0, 0, 0, 0, 0, 0, 0, 0.214077661, -0.177149683, -0.204118213, -0.442995923, 0.551084279, -0.707053292, -0.854736328, -0.0216064453, 0.518554688, 0.270506187, 0.834094695, 0.480784572, 0, 0, 0, 0, 0, 0, 0, 0.273835059, -0.128302637, -0.192398291, -0.130526152, 0.119967698, -0.984134752, 0.0290527344, -0.991699219, -0.124755859, -0.990996308, -0.0448344751, 0.125969394, 0, 2, 1, 1, 
549.525209, 45, 0.1, 0.1, 0.0223320552, 0.365011623, -0.0349692852, 0.96519967, -0.261514048, -2.36841479e-006, 0.261514048, 0.96519967, -7.32055115e-006, 4.20042014e-006, 6.44641982e-006, 1, 0.965199598, -0.261514311, 5.06190584e-006, 0.261514311, 0.965199598, -2.71887618e-006, -4.17472445e-006, 3.94801901e-006, 1, 0, 0, 0, 0, 0, 0, 0, 0.214077661, -0.177149683, -0.204118213, -0.442995923, 0.551084279, -0.707053292, -0.854736328, -0.0216064453, 0.518554688, 0.270506187, 0.834094695, 0.480784572, 0, 0, 0, 0, 0, 0, 0, 0.273835059, -0.128302637, -0.192398291, -0.130526152, 0.119967698, -0.984134752, 0.0290527344, -0.991699219, -0.124755859, -0.990996308, -0.0448344751, 0.125969394, 0, 2, 1, 1, 
549.525897, 45, 0.1, 0.1, 0.0223320551, 0.365011622, -0.0349688812, 0.965200022, -0.261512748, 4.60815465e-006, 0.261512748, 0.965200022, -3.24785618e-006, -3.59843517e-006, 4.33992204e-006, 1, 0.965199952, -0.261513007, 5.45999289e-006, 0.261513007, 0.965199952, 5.73157826e-006, -6.76886714e-006, -4.1042599e-006, 1, 0, 0, 0, 0, 0, 0, 0, 0.214077661, -0.177149683, -0.204118213, -0.442995923, 0.551084279, -0.707053292, -0.854736328, -0.0216064453, 0.518554688, 0.270506187, 0.834094695, 0.480784572, 0, 0, 0, 0, 0, 0, 0, 0.273835059, -0.128302637, -0.192398291, -0.130526152, 0.119967698, -0.984134752, 0.0290527344, -0.991699219, -0.124755859, -0.990996308, -0.0448344751, 0.125969394, 0, 2, 1, 1, 
549.526582, 45, 0.1, 0.1, 0.0223320556, 0.365011622, -0.0349688363, 0.965200375, -0.261511445, 5.2154315e-006, 0.261511445, 0.965200375, 5.4314445e-006, -6.45432133e-006, -3.87853725e-006, 1, 0.965200304, -0.261511706, 1.81821647e-006, 0.261511706, 0.965200304, 7.69438279e-006, -3.76711427e-006, -6.95113572e-006, 1, 0, 0, 0, 0, 0, 0, 0, 0.214077661, -0.177149683, -0.204118213, -0.442995923, 0.551084279, -0.707053292, -0.854736328, -0.0216064453, 0.518554688, 0.270506187, 0.834094695, 0.480784572, 0, 0, 0, 0, 0, 0, 0, 0.273835059, -0.128302637, -0.192398291, -0.130526152, 0.119967698, -0.984134752, 0.0290527344, -0.991699219, -0.124755859, -0.990996308, -0.0448344751, 0.125969394, 0, 2, 1, 1, 
549.527267, 45, 0.1, 0.1, 0.0223320561, 0.365011623, -0.0349691533, 0.965200728, -0.261510142, 2.28234542e-006, 0.261510142, 0.965200728, 7.87403047e-006, -4.26206029e-006, -7.00316347e-006, 1, 0.965200657, -0.261510403, -5.04578288e-006, 0.261510403, 0.965200657, 3.2900579e-006, 4.00980858e-006, -4.49509077e-006, 1, 0, 0, 0, 0, 0, 0, 0, 0.214077661, -0.177149683, -0.204118213, -0.442995923, 0.551084279, -0.707053292, -0.854736328, -0.0216064453, 0.518554688, 0.270506187, 0.834094695, 0.480784572, 0, 0, 0, 0, 0, 0, 0, 0.273835059, -0.128302637, -0.192398291, -0.130526152, 0.119967698, -0.984134752, 0.0290527344, -0.991699219, -0.124755859, -0.990996308, -0.0448344751, 0.125969394, 0, 2, 1, 1, 
549.527959, 45, 0.1, 0.1, 0.0223320562, 0.365011624, -0.0349696675, 0.965201084, -0.261508827, -4.58546548e-006, 0.261508827, 0.965201084, 3.4892811e-006, 3.51341844e-006, -4.5669976e-006, 1, 0.965201014, -0.261509088, -5.39768782e-006, 0.261509088, 0.965201014, -5.26678995e-006, 6.5871672e-006, 3.67196657e-006, 1, 0, 0, 0, 0, 0, 0, 0, 0.214077661, -0.177149683, -0.204118213, -0.442995923, 0.551084279, -0.707053292, -0.854736328, -0.0216064453, 0.518554688, 0.270506187, 0.834094695, 0.480784572, 0, 0, 0, 0, 0, 0, 0, 0.273835059, -0.128302637, -0.192398291, -0.130526152, 0.119967698, -0.984134752, 0.0290527344, -0.991699219, -0.124755859, -0.990996308, -0.0448344751, 0.125969394, 0, 2, 1, 1, 
549.528649, 45, 0.1, 0.1, 0.0223320558, 0.365011624, -0.0349702003, 0.96520144, -0.261507514, -5.16462543e-006, 0.261507514, 0.96520144, -4.97867546e-006, 6.28686495e-006, 3.45483637e-006, 1, 0.965201369, -0.261507776, -1.92214233e-006, 0.261507776, 0.965201369, -7.09740066e-006, 3.71127987e-006, 6.34776567e-006, 1, 0, 0, 0, 0, 0, 0, 0, 0.214077661, -0.177149683, -0.204118213, -0.442995923, 0.551084279, -0.707053292, -0.854736328, -0.0216064453, 0.518554688, 0.270506187, 0.834094695, 0.480784572, 0, 0, 0, 0, 0, 0, 0, 0.273835059, -0.128302637, -0.192398291, -0.130526152, 0.119967698, -0.984134752, 0.0290527344, -0.991699219, -0.124755859, -0.990996308, -0.0448344751, 0.125969394, 0, 2, 1, 1, 
549.529367, 45, 0.1, 0.1, 0.0223320551, 0.365011623, -0.034970378, 0.96520181, -0.26150615, -1.72055658e-006, 0.26150615, 0.96520181, -7.97259453e-006, 3.74556683e-006, 7.24522654e-006, 1, 0.965201739, -0.261506411, 5.36123977e-006, 0.261506411, 0.965201739, -3.55037612e-006, -4.24623183e-006, 4.82882778e-006, 1, 0, 0, 0, 0, 0, 0, 0, 0.214743481, -0.177405518, -0.203925488, -0.44298394, 0.550418162, -0.707656129, -0.855224609, -0.0225830078, 0.517700195, 0.269021186, 0.834570973, 0.480880052, 0, 0, 0, 0, 0, 0, 0, 0.274108105, -0.128572998, -0.192205322, -0.129797743, 0.119769371, -0.984275477, 0.0307617188, -0.991577148, -0.124755859, -0.990919749, -0.0464509753, 0.124972662, 0, 2, 1, 1, 
549.530055, 45, 0.1, 0.1, 0.0223320549, 0.365011623, -0.0349702665, 0.965202163, -0.261504848, 4.72032456e-006, 0.261504848, 0.965202163, -3.98121507e-006, -3.51496043e-006, 5.07706515e-006, 1, 0.965202093, -0.261505104, 5.56787529e-006, 0.261505104, 0.965202093, 4.50654933e-006, -6.55261053e-006, -2.89370303e-006, 1, 0, 0, 0, 0, 0, 0, 0, 0.214743481, -0.177405518, -0.203925488, -0.44298394, 0.550418162, -0.707656129, -0.855224609, -0.0225830078, 0.517700195, 0.269021186, 0.834570973, 0.480880052, 0, 0, 0, 0, 0, 0, 0, 0.274108105, -0.128572998, -0.192205322, -0.129797743, 0.119769371, -0.984275477, 0.0307617188, -0.991577148, -0.124755859, -0.990919749, -0.0464509753, 0.124972662, 0, 2, 1, 1, 
549.530746, 45, 0.1, 0.1, 0.0223320554, 0.365011623, -0.0349700541, 0.965202517, -0.26150354, 5.21906346e-006, 0.26150354, 0.965202517, 4.67831846e-006, -6.26085002e-006, -3.15072119e-006, 1, 0.965202446, -0.2615038, 2.01278144e-006, 0.2615038, 0.965202446, 6.80460782e-006, -3.72217237e-006, -6.04147412e-006, 1, 0, 0, 0, 0, 0, 0, 0, 0.214743481, -0.177405518, -0.203925488, -0.44298394, 0.550418162, -0.707656129, -0.855224609, -0.0225830078, 0.517700195, 0.269021186, 0.834570973, 0.480880052, 0, 0, 0, 0, 0, 0, 0, 0.274108105, -0.128572998, -0.192205322, -0.129797743, 0.119769371, -0.984275477, 0.0307617188, -0.991577148, -0.124755859, -0.990919749, -0.0464509753, 0.124972662, 0, 2, 1, 1, 
549.531448, 45, 0.1, 0.1, 0.0223320559, 0.365011624, -0.0349697316, 0.965202876, -0.261502215, 2.27671657e-006, 0.261502215, 0.965202876, 8.32241217e-006, -4.37382259e-006, -7.43744974e-006, 1, 0.965202805, -0.261502476, -4.9398543e-006, 0.261502476, 0.965202805, 3.77470347e-006, 3.78086692e-006, -4.93513851e-006, 1, 0, 0, 0, 0, 0, 0, 0, 0.214945239, -0.177634863, -0.20392085, -0.443289476, 0.550297595, -0.707623929, -0.85559082, -0.0245361328, 0.516967773, 0.267092107, 0.834590069, 0.481863687, 0, 0, 0, 0, 0, 0, 0, 0.274108105, -0.128572998, -0.192205322, -0.129797743, 0.119769371, -0.984275477, 0.0307617188, -0.991577148, -0.124755859, -0.990919749, -0.0464509753, 0.124972662, 0, 2, 1, 1, 
549.532149, 45, 0.1, 0.1, 0.022332056, 0.365011624, -0.0349692171, 0.965203235, -0.261500889, -4.86869085e-006, 0.261500889, 0.965203235, 3.50670364e-006, 3.78227004e-006, -4.65784868e-006, 1, 0.965203166, -0.261501143, -5.59717343e-006, 0.261501143, 0.965203166, -5.11256832e-006, 6.73935197e-006, 3.47099988e-006, 1, 0, 0, 0, 0, 0, 0, 0, 0.214945239, -0.177634863, -0.20392085, -0.443289476, 0.550297595, -0.707623929, -0.85559082, -0.0245361328, 0.516967773, 0.267092107, 0.834590069, 0.481863687, 0, 0, 0, 0, 0, 0, 0, 0.274625879, -0.12863208, -0.19201748, -0.128679609, 0.119660362, -0.984377922, 0.0334472656, -0.991455078, -0.12487793, -0.991047714, -0.0489172868, 0.123611725, 0, 2, 1, 1, 
549.532841, 45, 0.1, 0.1, 0.0223320557, 0.365011625, -0.034968958, 0.965203591, -0.261499575, -5.96948249e-006, 0.261499575, 0.965203591, -5.44187916e-006, 7.18481502e-006, 3.69150417e-006, 1, 0.96520352, -0.261499839, -2.57806637e-006, 0.261499839, 0.96520352, -7.76311647e-006, 4.51841244e-006, 6.8188234e-006, 1, 0, 0, 0, 0, 0, 0, 0, 0.214945239, -0.177634863, -0.20392085, -0.443289476, 0.550297595, -0.707623929, -0.85559082, -0.0245361328, 0.516967773, 0.267092107, 0.834590069, 0.481863687, 0, 0, 0, 0, 0, 0, 0, 0.274625879, -0.12863208, -0.19201748, -0.128679609, 0.119660362, -0.984377922, 0.0334472656, -0.991455078, -0.12487793, -0.991047714, -0.0489172868, 0.123611725, 0, 2, 1, 1, 
549.533539, 45, 0.1, 0.1, 0.0223320554, 0.365011624, -0.034968835, 0.965203951, -0.261498246, -2.75532773e-006, 0.261498246, 0.965203951, -7.38570325e-006, 4.59080166e-006, 6.40819659e-006, 1, 0.96520388, -0.261498508, 4.68044853e-006, 0.261498508, 0.96520388, -2.61473888e-006, -3.83383676e-006, 3.74768642e-006, 1, 0, 0, 0, 0, 0, 0, 0, 0.214945239, -0.177634863, -0.20392085, -0.443289476, 0.550297595, -0.707623929, -0.85559082, -0.0245361328, 0.516967773, 0.267092107, 0.834590069, 0.481863687, 0, 0, 0, 0, 0, 0, 0, 0.274625879, -0.12863208, -0.19201748, -0.128679609, 0.119660362, -0.984377922, 0.0334472656, -0.991455078, -0.12487793, -0.991047714, -0.0489172868, 0.123611725, 0, 2, 1, 1, 
549.534242, 45, 0.1, 0.1, 0.0223320554, 0.365011624, -0.0349689372, 0.965204315, -0.261496904, 4.70886328e-006, 0.261496904, 0.965204315, -3.49258905e-006, -3.63171393e-006, 4.60241518e-006, 1, 0.965204244, -0.261497164, 5.57676817e-006, 0.261497164, 0.965204244, 5.56636244e-006, -6.8383083e-006, -3.91436759e-006, 1, 0, 0, 0, 0, 0, 0, 0, 0.214945239, -0.177634863, -0.20392085, -0.443289476, 0.550297595, -0.707623929, -0.85559082, -0.0245361328, 0.516967773, 0.267092107, 0.834590069, 0.481863687, 0, 0, 0, 0, 0, 0, 0, 0.274625879, -0.12863208, -0.19201748, -0.128679609, 0.119660362, -0.984377922, 0.0334472656, -0.991455078, -0.12487793, -0.991047714, -0.0489172868, 0.123611725, 0, 2, 1, 1, 
