time, trialNum, realDorsalTactorPos, realVentralTactorPos, boxPosX, boxPosY, boxPosZ, boxLocalRot_11, boxLocalRot_12, boxLocalRot_13, boxLocalRot_21, boxLocalRot_22, boxLocalRot_23, boxLocalRot_31, boxLocalRot_32, boxLocalRot_33, boxGlobalRot_11, boxGlobalRot_12, boxGlobalRot_13, boxGlobalRot_21, boxGlobalRot_22, boxGlobalRot_23, boxGlobalRot_31, boxGlobalRot_32, boxGlobalRot_33, indexForceX, indexForceY, indexForceZ, indexForceGlobalX, indexForceGlobalY, indexForceGlobalZ, indexContact, indexPosX, indexPosY, indexPosZ, indexRot_11, indexRot_12, indexRot_13, indexRot_21, indexRot_22, indexRot_23, indexRot_31, indexRot_32, indexRot_33, thumbForceX, thumbForceY, thumbForceZ, thumbForceGlobalX, thumbForceGlobalY, thumbForceGlobalZ, thumbContact, thumbPosX, thumbPosY, thumbPosZ, thumbRot_11, thumbRot_12, thumbRot_13, thumbRot_21, thumbRot_22, thumbRot_23, thumbRot_31, thumbRot_32, thumbRot_33, manipForceTooHigh, cceExpType, mapping, trialSuccess, 
694.698288, 48, 0.1, 0.1, 0.0233545999, 0.355542807, -0.0199612878, 0.994755421, -0.102282214, -2.64323161e-005, 0.102282216, 0.994755419, 6.64878737e-005, 1.94931627e-005, -6.88427286e-005, 0.999999997, 0.994755434, -0.102282091, -4.51717625e-006, 0.102282091, 0.994755433, 5.6007936e-005, -1.23512321e-006, -5.6176225e-005, 0.999999998, 0, 0, 0, 0, 0, 0, 0, 0.30831731, -0.177353223, -0.16477854, 0.252320136, 0.473113486, -0.844045982, -0.947753906, 0.296508789, -0.1171875, 0.1947375, 0.829511961, 0.523369119, 0, 0, -0, 0, 0, 0, 0, 0.352428516, -0.1469271, -0.145124463, 0.354341639, -0.382089321, -0.853402706, 0.145385742, -0.87902832, 0.453979492, -0.923587126, -0.285030912, -0.256012611, 0, 1, 5, 1, 
694.707289, 48, 0.1, 0.1, 0.0233546041, 0.355542812, -0.0199508234, 0.994754899, -0.10228729, 1.38277226e-005, 0.10228729, 0.9947549, 1.3715089e-006, -1.38954828e-005, 5.00850766e-008, 1, 0.994754911, -0.102287183, 1.50910834e-005, 0.102287183, 0.994754911, -4.7024425e-006, -1.45309297e-005, 6.22140218e-006, 1, 0, 0, 0, 0, 0, 0, 0, 0.315889038, -0.172930005, -0.160491968, 0.241013033, 0.494169724, -0.835199637, -0.957397461, 0.26171875, -0.121459961, 0.158462053, 0.829019595, 0.53630466, 0, 0, -0, 0, 0, 0, 0, 0.357510986, -0.143278711, -0.14171167, 0.370035994, -0.357603413, -0.857333133, 0.177368164, -0.878662109, 0.443115234, -0.911749938, -0.315966099, -0.261826394, 0, 1, 5, 1, 
694.708083, 48, 0.1, 0.1, 0.0233546041, 0.355542811, -0.0199499017, 0.994754859, -0.102287684, -4.52423726e-006, 0.102287684, 0.994754859, -3.07728832e-005, 7.64819396e-006, 3.01487013e-005, 1, 0.994754862, -0.10228766, 1.25593656e-005, 0.10228766, 0.994754861, -1.69297102e-005, -1.07617896e-005, 1.81255797e-005, 1, 0, 0, 0, 0, 0, 0, 0, 0.315889038, -0.172930005, -0.160491968, 0.241013033, 0.494169724, -0.835199637, -0.957397461, 0.26171875, -0.121459961, 0.158462053, 0.829019595, 0.53630466, 0, 0, -0, 0, 0, 0, 0, 0.357510986, -0.143278711, -0.14171167, 0.370035994, -0.357603413, -0.857333133, 0.177368164, -0.878662109, 0.443115234, -0.911749938, -0.315966099, -0.261826394, 0, 1, 5, 1, 
694.70888, 48, 0.1, 0.1, 0.0233546046, 0.355542812, -0.0199541507, 0.994754851, -0.102287759, -1.06289182e-005, 0.102287759, 0.994754851, 2.32003642e-007, 1.05494368e-005, -1.31799497e-006, 1, 0.994754853, -0.102287745, -9.47245961e-006, 0.102287745, 0.994754853, -5.31343698e-006, 9.96627465e-006, 4.31665069e-006, 1, 0, 0, 0, 0, 0, 0, 0, 0.315889038, -0.172930005, -0.160491968, 0.241013033, 0.494169724, -0.835199637, -0.957397461, 0.26171875, -0.121459961, 0.158462053, 0.829019595, 0.53630466, 0, 0, -0, 0, 0, 0, 0, 0.357510986, -0.143278711, -0.14171167, 0.370035994, -0.357603413, -0.857333133, 0.177368164, -0.878662109, 0.443115234, -0.911749938, -0.315966099, -0.261826394, 0, 1, 5, 1, 
694.709678, 48, 0.1, 0.1, 0.0233546054, 0.35554281, -0.0199617367, 0.994754845, -0.102287825, 6.84143803e-008, 0.102287825, 0.994754845, 1.1670711e-005, -1.26182718e-006, -1.16024984e-005, 1, 0.994754846, -0.102287814, -1.34079582e-005, 0.102287815, 0.994754845, 1.97477407e-005, 1.13176781e-005, -2.10156315e-005, 1, 0, 0, 0, 0, 0, 0, 0, 0.315889038, -0.172930005, -0.160491968, 0.241013033, 0.494169724, -0.835199637, -0.957397461, 0.26171875, -0.121459961, 0.158462053, 0.829019595, 0.53630466, 0, 0, -0, 0, 0, 0, 0, 0.357510986, -0.143278711, -0.14171167, 0.370035994, -0.357603413, -0.857333133, 0.177368164, -0.878662109, 0.443115234, -0.911749938, -0.315966099, -0.261826394, 0, 1, 5, 1, 
694.71048, 48, 0.1, 0.1, 0.0233546055, 0.355542812, -0.0199696999, 0.994754866, -0.10228761, 1.8396855e-005, 0.10228761, 0.994754867, 6.03717745e-006, -1.89178895e-005, -4.12374132e-006, 1, 0.994754859, -0.102287683, -1.83930694e-006, 0.102287683, 0.994754859, 1.29482919e-008, 1.82833506e-006, -2.01018822e-007, 1, 0, 0, 0, 0, 0, 0, 0, 0.315889038, -0.172930005, -0.160491968, 0.241013033, 0.494169724, -0.835199637, -0.957397461, 0.26171875, -0.121459961, 0.158462053, 0.829019595, 0.53630466, 0, 0, -0, 0, 0, 0, 0, 0.357510986, -0.143278711, -0.14171167, 0.370035994, -0.357603413, -0.857333133, 0.177368164, -0.878662109, 0.443115234, -0.911749938, -0.315966099, -0.261826394, 0, 1, 5, 1, 
694.711289, 48, 0.1, 0.1, 0.0233546034, 0.355542811, -0.0199754369, 0.994754914, -0.102287149, -1.70625602e-005, 0.102287149, 0.994754914, 9.56722957e-006, 1.5994461e-005, -1.12623293e-005, 1, 0.994754902, -0.102287264, -5.73758214e-006, 0.102287264, 0.994754902, -1.04552601e-006, 5.81443195e-006, 4.53160544e-007, 1, 0, 0, 0, 0, 0, 0, 0, 0.316451831, -0.173858374, -0.159214038, 0.239019553, 0.493396144, -0.836310953, -0.958129883, 0.259033203, -0.12109375, 0.156800318, 0.830378037, 0.534750388, 0, 0, -0, 0, 0, 0, 0, 0.357510986, -0.143278711, -0.14171167, 0.370035994, -0.357603413, -0.857333133, 0.177368164, -0.878662109, 0.443115234, -0.911749938, -0.315966099, -0.261826394, 0, 1, 5, 1, 
694.7121, 48, 0.1, 0.1, 0.0233546034, 0.355542811, -0.0199770212, 0.994754972, -0.102286587, 1.15764703e-005, 0.102286587, 0.994754972, -4.16074279e-006, -1.10901632e-005, 5.32303721e-006, 1, 0.994754961, -0.10228669, 1.37191603e-005, 0.10228669, 0.994754961, -7.39682352e-006, -1.28906062e-005, 8.76131439e-006, 1, 0, 0, 0, 0, 0, 0, 0, 0.316451831, -0.173858374, -0.159214038, 0.239019553, 0.493396144, -0.836310953, -0.958129883, 0.259033203, -0.12109375, 0.156800318, 0.830378037, 0.534750388, 0, 0, -0, 0, 0, 0, 0, 0.357834326, -0.143632422, -0.140853369, 0.371122412, -0.35481191, -0.85799118, 0.182128906, -0.878295898, 0.442016602, -0.910408324, -0.320336923, -0.261404587, 0, 1, 5, 1, 
694.712897, 48, 0.1, 0.1, 0.0233546069, 0.355542811, -0.0199745095, 0.994755002, -0.102286296, -1.13310217e-005, 0.102286296, 0.994755002, -1.72302365e-005, 1.30340076e-005, 1.59808557e-005, 1, 0.994754999, -0.102286317, -2.25975096e-005, 0.102286317, 0.994755, -1.37237974e-005, 2.38827424e-005, 1.13404001e-005, 1, 0, 0, 0, 0, 0, 0, 0, 0.316451831, -0.173858374, -0.159214038, 0.239019553, 0.493396144, -0.836310953, -0.958129883, 0.259033203, -0.12109375, 0.156800318, 0.830378037, 0.534750388, 0, 0, -0, 0, 0, 0, 0, 0.357834326, -0.143632422, -0.140853369, 0.371122412, -0.35481191, -0.85799118, 0.182128906, -0.878295898, 0.442016602, -0.910408324, -0.320336923, -0.261404587, 0, 1, 5, 1, 
694.713691, 48, 0.1, 0.1, 0.023354606, 0.355542811, -0.0199691335, 0.99475499, -0.102286414, -1.88968949e-005, 0.102286414, 0.99475499, -1.65124689e-005, 2.04867818e-005, 1.44929652e-005, 1, 0.994754994, -0.102286375, 1.76428607e-006, 0.102286375, 0.994754994, 2.59329056e-006, -2.02029067e-006, -2.39922631e-006, 1, 0, 0, 0, 0, 0, 0, 0, 0.316451831, -0.173858374, -0.159214038, 0.239019553, 0.493396144, -0.836310953, -0.958129883, 0.259033203, -0.12109375, 0.156800318, 0.830378037, 0.534750388, 0, 0, -0, 0, 0, 0, 0, 0.357834326, -0.143632422, -0.140853369, 0.371122412, -0.35481191, -0.85799118, 0.182128906, -0.878295898, 0.442016602, -0.910408324, -0.320336923, -0.261404587, 0, 1, 5, 1, 
694.714486, 48, 0.1, 0.1, 0.0233546071, 0.355542812, -0.0199629243, 0.994754986, -0.10228645, 2.87764179e-005, 0.102286449, 0.994754986, 5.16388187e-006, -2.91536803e-005, -2.19335962e-006, 1, 0.994754982, -0.102286486, 1.49794592e-005, 0.102286486, 0.994754982, 1.18205946e-005, -1.61099788e-005, -1.02263992e-005, 1, 0, 0, 0, 0, 0, 0, 0, 0.316451831, -0.173858374, -0.159214038, 0.239019553, 0.493396144, -0.836310953, -0.958129883, 0.259033203, -0.12109375, 0.156800318, 0.830378037, 0.534750388, 0, 0, -0, 0, 0, 0, 0, 0.357834326, -0.143632422, -0.140853369, 0.371122412, -0.35481191, -0.85799118, 0.182128906, -0.878295898, 0.442016602, -0.910408324, -0.320336923, -0.261404587, 0, 1, 5, 1, 
694.71528, 48, 0.1, 0.1, 0.0233546084, 0.355542814, -0.01995798, 0.994755039, -0.10228593, -2.83484696e-005, 0.102285931, 0.994755039, 1.08150179e-005, 2.70935588e-005, -1.36579432e-005, 1, 0.994755024, -0.102286075, -3.05247111e-005, 0.102286075, 0.994755025, 3.22421493e-006, 3.00348174e-005, -6.3295569e-006, 1, 0, 0, 0, 0, 0, 0, 0, 0.316451831, -0.173858374, -0.159214038, 0.239019553, 0.493396144, -0.836310953, -0.958129883, 0.259033203, -0.12109375, 0.156800318, 0.830378037, 0.534750388, 0, 0, -0, 0, 0, 0, 0, 0.357834326, -0.143632422, -0.140853369, 0.371122412, -0.35481191, -0.85799118, 0.182128906, -0.878295898, 0.442016602, -0.910408324, -0.320336923, -0.261404587, 0, 1, 5, 1, 
694.716089, 48, 0.1, 0.1, 0.023354603, 0.355542815, -0.0199557815, 0.994755115, -0.102285197, 1.81093482e-005, 0.102285197, 0.994755115, 1.27983623e-005, -1.93234498e-005, -1.08789181e-005, 1, 0.9947551, -0.102285333, 4.01991367e-005, 0.102285333, 0.994755101, -1.1082889e-005, -3.88546793e-005, 1.51365424e-005, 0.999999999, 0, 0, 0, 0, 0, 0, 0, 0.316451831, -0.173858374, -0.159214038, 0.234534593, 0.496726727, -0.835529139, -0.958740234, 0.260131836, -0.114379883, 0.160476873, 0.827996645, 0.537345584, 0, 0, -0, 0, 0, 0, 0, 0.357834326, -0.143632422, -0.140853369, 0.371122412, -0.35481191, -0.85799118, 0.182128906, -0.878295898, 0.442016602, -0.910408324, -0.320336923, -0.261404587, 0, 1, 5, 1, 
694.716904, 48, 0.1, 0.1, 0.0233546067, 0.355542816, -0.0199564473, 0.994755123, -0.102285113, 1.77168222e-005, 0.102285114, 0.994755123, -1.216388e-005, -1.63797158e-005, 1.39122492e-005, 1, 0.994755127, -0.102285075, -1.2518655e-005, 0.102285075, 0.994755127, -2.39031619e-005, 1.48979329e-005, 2.24973213e-005, 1, 0, 0, 0, 0, 0, 0, 0, 0.316010571, -0.174365137, -0.16050564, 0.234534593, 0.496726727, -0.835529139, -0.958740234, 0.260131836, -0.114379883, 0.160476873, 0.827996645, 0.537345584, 0, 0, -0, 0, 0, 0, 0, 0.357501709, -0.144036035, -0.14143999, 0.36937175, -0.350013815, -0.86079581, 0.187133789, -0.879272461, 0.437866211, -0.910101355, -0.322778448, -0.259244511, 0, 1, 5, 1, 
694.717698, 48, 0.1, 0.1, 0.0233546056, 0.355542815, -0.0199600173, 0.994755075, -0.102285576, -2.99454465e-005, 0.102285576, 0.994755076, -2.15912378e-005, 3.19968571e-005, 1.84150061e-005, 0.999999999, 0.994755085, -0.102285484, -1.58098197e-005, 0.102285484, 0.994755085, -1.33469317e-005, 1.70920959e-005, 1.16598131e-005, 1, 0, 0, 0, 0, 0, 0, 0, 0.316010571, -0.174365137, -0.16050564, 0.234534593, 0.496726727, -0.835529139, -0.958740234, 0.260131836, -0.114379883, 0.160476873, 0.827996645, 0.537345584, 0, 0, -0, 0, 0, 0, 0, 0.357501709, -0.144036035, -0.14143999, 0.36937175, -0.350013815, -0.86079581, 0.187133789, -0.879272461, 0.437866211, -0.910101355, -0.322778448, -0.259244511, 0, 1, 5, 1, 
694.718489, 48, 0.1, 0.1, 0.0233546055, 0.355542815, -0.0199651072, 0.994755056, -0.102285771, 2.27294083e-005, 0.102285771, 0.994755056, -9.38400888e-006, -2.16503433e-005, 1.16596853e-005, 1, 0.994755055, -0.102285779, 2.1093813e-005, 0.102285779, 0.994755055, 9.0335073e-006, -2.19071765e-005, -6.82852995e-006, 1, 0, 0, 0, 0, 0, 0, 0, 0.316010571, -0.174365137, -0.16050564, 0.234534593, 0.496726727, -0.835529139, -0.958740234, 0.260131836, -0.114379883, 0.160476873, 0.827996645, 0.537345584, 0, 0, -0, 0, 0, 0, 0, 0.357501709, -0.144036035, -0.14143999, 0.36937175, -0.350013815, -0.86079581, 0.187133789, -0.879272461, 0.437866211, -0.910101355, -0.322778448, -0.259244511, 0, 1, 5, 1, 
694.719303, 48, 0.1, 0.1, 0.0233546088, 0.355542815, -0.0199698309, 0.99475509, -0.102285435, -1.35580592e-005, 0.102285435, 0.99475509, 4.35930175e-006, 1.30410553e-005, -5.72322959e-006, 1, 0.994755081, -0.102285525, -2.63649251e-005, 0.102285525, 0.994755081, 8.34595603e-006, 2.53729727e-005, -1.09989324e-005, 1, 0, 0, 0, 0, 0, 0, 0, 0.316010571, -0.174365137, -0.16050564, 0.234534593, 0.496726727, -0.835529139, -0.958740234, 0.260131836, -0.114379883, 0.160476873, 0.827996645, 0.537345584, 0, 0, -0, 0, 0, 0, 0, 0.357394043, -0.144191748, -0.142261572, 0.367608329, -0.344666314, -0.863696322, 0.192749023, -0.880249023, 0.433349609, -0.909672985, -0.325775942, -0.257339999, 0, 1, 5, 1, 
694.720171, 48, 0.1, 0.1, 0.0233546037, 0.355542816, -0.0199716361, 0.994755138, -0.102284973, -4.41951627e-006, 0.102284973, 0.994755138, 2.243743e-005, 2.1013246e-006, -2.27717988e-005, 1, 0.994755131, -0.102285041, 1.88073704e-005, 0.102285041, 0.994755131, 8.55973947e-007, -1.87962815e-005, 1.07222817e-006, 1, 0, 0, 0, 0, 0, 0, 0, 0.316010571, -0.174365137, -0.16050564, 0.234534593, 0.496726727, -0.835529139, -0.958740234, 0.260131836, -0.114379883, 0.160476873, 0.827996645, 0.537345584, 0, 0, -0, 0, 0, 0, 0, 0.357394043, -0.144191748, -0.142261572, 0.367608329, -0.344666314, -0.863696322, 0.192749023, -0.880249023, 0.433349609, -0.909672985, -0.325775942, -0.257339999, 0, 1, 5, 1, 
694.721065, 48, 0.1, 0.1, 0.0233546028, 0.355542813, -0.0199702629, 0.994755182, -0.102284539, 3.12912306e-005, 0.10228454, 0.994755182, -2.88384996e-005, -2.81773812e-005, 3.18878561e-005, 0.999999999, 0.994755168, -0.102284677, 1.93108957e-005, 0.102284677, 0.994755168, 5.4014089e-006, -1.97620946e-005, -3.3978707e-006, 1, 0, 0, 0, 0, 0, 0, 0, 0.316010571, -0.174365137, -0.16050564, 0.229548267, 0.50086309, -0.834531277, -0.959228516, 0.260986328, -0.107177734, 0.164109244, 0.825240447, 0.54052452, 0, 0, -0, 0, 0, 0, 0, 0.357394043, -0.144191748, -0.142261572, 0.367608329, -0.344666314, -0.863696322, 0.192749023, -0.880249023, 0.433349609, -0.909672985, -0.325775942, -0.257339999, 0, 1, 5, 1, 
694.721888, 48, 0.1, 0.1, 0.0233546039, 0.355542819, -0.0199663366, 0.994755274, -0.102283645, -2.85319176e-005, 0.102283645, 0.994755274, 1.10219472e-005, 2.72549106e-005, -1.38824886e-005, 1, 0.99475525, -0.102283878, -2.63774291e-005, 0.102283878, 0.99475525, -2.20475375e-005, 2.84941937e-005, 1.92339179e-005, 0.999999999, 0, 0, 0, 0, 0, 0, 0, 0.315543555, -0.175055103, -0.161784424, 0.229548267, 0.50086309, -0.834531277, -0.959228516, 0.260986328, -0.107177734, 0.164109244, 0.825240447, 0.54052452, 0, 0, -0, 0, 0, 0, 0, 0.357394043, -0.144191748, -0.142261572, 0.367608329, -0.344666314, -0.863696322, 0.192749023, -0.880249023, 0.433349609, -0.909672985, -0.325775942, -0.257339999, 0, 1, 5, 1, 
694.722752, 48, 0.1, 0.1, 0.0233546014, 0.355542816, -0.0199614948, 0.994755442, -0.102282011, 9.6706113e-006, 0.102282011, 0.994755442, -3.46449468e-005, -6.0763384e-006, 3.5452379e-005, 0.999999999, 0.994755404, -0.102282385, 2.39962756e-005, 0.102282385, 0.994755404, 6.12093857e-006, -2.4496489e-005, -3.63444044e-006, 1, 0, 0, 0, 0, 0, 0, 0, 0.315543555, -0.175055103, -0.161784424, 0.229548267, 0.50086309, -0.834531277, -0.959228516, 0.260986328, -0.107177734, 0.164109244, 0.825240447, 0.54052452, 0, 0, -0, 0, 0, 0, 0, 0.357394043, -0.144191748, -0.142261572, 0.367608329, -0.344666314, -0.863696322, 0.192749023, -0.880249023, 0.433349609, -0.909672985, -0.325775942, -0.257339999, 0, 1, 5, 1, 
694.723633, 48, 0.1, 0.1, 0.0233546067, 0.355542823, -0.0199569646, 0.994755669, -0.102279807, 8.45450929e-006, 0.102279807, 0.994755668, 3.7766708e-005, -1.22729427e-005, -3.67039213e-005, 0.999999999, 0.994755623, -0.102280249, -2.06907933e-005, 0.102280249, 0.994755624, -1.2306014e-005, 2.18409452e-005, 1.01252172e-005, 1, 0, 0, 0, 0, 0, 0, 0, 0.31568877, -0.175925586, -0.163486011, 0.223507912, 0.505843424, -0.833095329, -0.960205078, 0.260375977, -0.0994873047, 0.166549045, 0.822350577, 0.544128438, 0, 0, -0, 0, 0, 0, 0, 0.357394043, -0.144191748, -0.142261572, 0.365602104, -0.339414696, -0.866673393, 0.198730469, -0.881103516, 0.428955078, -0.909270134, -0.329028999, -0.254707076, 0, 1, 5, 1, 
694.724427, 48, 0.1, 0.1, 0.0233546072, 0.355542813, -0.0199554585, 0.994755842, -0.102278117, -3.21585822e-005, 0.102278116, 0.994755843, -1.45946488e-005, 3.34826508e-005, 1.12289929e-005, 0.999999999, 0.994755815, -0.102278382, -2.28964014e-005, 0.102278383, 0.994755815, 2.90927778e-005, 1.98007662e-005, -3.12820168e-005, 0.999999999, 0, 0, 0, 0, 0, 0, 0, 0.31568877, -0.175925586, -0.163486011, 0.223507912, 0.505843424, -0.833095329, -0.960205078, 0.260375977, -0.0994873047, 0.166549045, 0.822350577, 0.544128438, 0, 0, -0, 0, 0, 0, 0, 0.35771626, -0.144582422, -0.1430729, 0.365602104, -0.339414696, -0.866673393, 0.198730469, -0.881103516, 0.428955078, -0.909270134, -0.329028999, -0.254707076, 0, 1, 5, 1, 
694.725218, 48, 0.1, 0.1, 0.0233546046, 0.355542817, -0.0199573576, 0.994755919, -0.102277367, 3.16491989e-005, 0.102277366, 0.994755919, 3.18261336e-005, -3.47383211e-005, -2.84222381e-005, 0.999999999, 0.994755913, -0.102277432, 3.63118417e-005, 0.102277432, 0.994755913, -5.83377866e-006, -3.55247553e-005, 9.51706773e-006, 0.999999999, 0, 0, 0, 0, 0, 0, 0, 0.31568877, -0.175925586, -0.163486011, 0.223507912, 0.505843424, -0.833095329, -0.960205078, 0.260375977, -0.0994873047, 0.166549045, 0.822350577, 0.544128438, 0, 0, -0, 0, 0, 0, 0, 0.35771626, -0.144582422, -0.1430729, 0.365602104, -0.339414696, -0.866673393, 0.198730469, -0.881103516, 0.428955078, -0.909270134, -0.329028999, -0.254707076, 0, 1, 5, 1, 
694.726011, 48, 0.1, 0.1, 0.0233546077, 0.355542809, -0.0199617984, 0.994755899, -0.102277572, -9.03301145e-006, 0.102277572, 0.994755899, -1.51552785e-005, 1.05356865e-005, 1.41519282e-005, 1, 0.994755908, -0.102277479, -2.68588165e-005, 0.102277479, 0.994755908, 1.96046811e-005, 2.47128491e-005, -2.22489244e-005, 0.999999999, 0, 0, 0, 0, 0, 0, 0, 0.31568877, -0.175925586, -0.163486011, 0.223507912, 0.505843424, -0.833095329, -0.960205078, 0.260375977, -0.0994873047, 0.166549045, 0.822350577, 0.544128438, 0, 0, -0, 0, 0, 0, 0, 0.35771626, -0.144582422, -0.1430729, 0.365602104, -0.339414696, -0.866673393, 0.198730469, -0.881103516, 0.428955078, -0.909270134, -0.329028999, -0.254707076, 0, 1, 5, 1, 
694.726806, 48, 0.1, 0.1, 0.0233546031, 0.355542814, -0.0199670836, 0.99475582, -0.102278336, -6.1354845e-006, 0.102278336, 0.99475582, 1.09917418e-005, 4.97909185e-006, -1.15616263e-005, 1, 0.994755836, -0.102278177, 1.95181489e-005, 0.102278177, 0.994755836, -1.64601456e-005, -1.77322789e-005, 1.83701066e-005, 1, 0, 0, 0, 0, 0, 0, 0, 0.31568877, -0.175925586, -0.163486011, 0.223507912, 0.505843424, -0.833095329, -0.960205078, 0.260375977, -0.0994873047, 0.166549045, 0.822350577, 0.544128438, 0, 0, -0, 0, 0, 0, 0, 0.35771626, -0.144582422, -0.1430729, 0.365602104, -0.339414696, -0.866673393, 0.198730469, -0.881103516, 0.428955078, -0.909270134, -0.329028999, -0.254707076, 0, 1, 5, 1, 
694.727603, 48, 0.1, 0.1, 0.0233546036, 0.35554281, -0.0199714055, 0.994755756, -0.102278958, 2.45536255e-005, 0.102278958, 0.994755756, -1.21542076e-005, -2.31817406e-005, 1.46017872e-005, 1, 0.994755765, -0.102278877, 1.31789409e-005, 0.102278877, 0.994755765, 1.29460916e-005, -1.44339391e-005, -1.1530272e-005, 1, 0, 0, 0, 0, 0, 0, 0, 0.31568877, -0.175925586, -0.163486011, 0.223507912, 0.505843424, -0.833095329, -0.960205078, 0.260375977, -0.0994873047, 0.166549045, 0.822350577, 0.544128438, 0, 0, -0, 0, 0, 0, 0, 0.35771626, -0.144582422, -0.1430729, 0.365602104, -0.339414696, -0.866673393, 0.198730469, -0.881103516, 0.428955078, -0.909270134, -0.329028999, -0.254707076, 0, 1, 5, 1, 
694.728427, 48, 0.1, 0.1, 0.0233546044, 0.355542814, -0.0199732466, 0.994755748, -0.102279041, -2.19931079e-005, 0.102279041, 0.994755748, 1.37177649e-005, 2.04747306e-005, -1.58952594e-005, 1, 0.994755744, -0.102279079, -2.01058813e-005, 0.102279079, 0.994755744, -1.30389087e-005, 2.13340484e-005, 1.09141183e-005, 1, 0, 0, 0, 0, 0, 0, 0, 0.316308789, -0.176971362, -0.163069312, 0.218309287, 0.50718277, -0.833653983, -0.961914063, 0.255615234, -0.0964355469, 0.164159036, 0.823003589, 0.543722553, 0, 0, -0, 0, 0, 0, 0, 0.35771626, -0.144582422, -0.1430729, 0.365921833, -0.336048267, -0.867784964, 0.204833984, -0.880493164, 0.427368164, -0.907640874, -0.334198595, -0.253473737, 0, 1, 5, 1, 
694.729222, 48, 0.1, 0.1, 0.023354603, 0.35554281, -0.0199720358, 0.994755798, -0.102278549, 7.31136315e-006, 0.102278549, 0.994755798, -1.6649535e-005, -5.57013061e-006, 1.73100171e-005, 1, 0.994755785, -0.102278679, 1.60697689e-005, 0.102278679, 0.994755785, 1.07624088e-005, -1.70862605e-005, -9.06237368e-006, 1, 0, 0, 0, 0, 0, 0, 0, 0.316308789, -0.176971362, -0.163069312, 0.218309287, 0.50718277, -0.833653983, -0.961914063, 0.255615234, -0.0964355469, 0.164159036, 0.823003589, 0.543722553, 0, 0, -0, 0, 0, 0, 0, 0.357994922, -0.144914893, -0.142450781, 0.365921833, -0.336048267, -0.867784964, 0.204833984, -0.880493164, 0.427368164, -0.907640874, -0.334198595, -0.253473737, 0, 1, 5, 1, 
694.730015, 48, 0.1, 0.1, 0.0233546056, 0.355542813, -0.0199686928, 0.994755887, -0.102277685, 8.19857678e-006, 0.102277685, 0.994755887, 2.37014187e-005, -1.05797088e-005, -2.27385943e-005, 1, 0.994755869, -0.102277865, -1.13964095e-005, 0.102277865, 0.994755869, -8.18196026e-006, 1.21734786e-005, 6.97345257e-006, 1, 0, 0, 0, 0, 0, 0, 0, 0.316308789, -0.176971362, -0.163069312, 0.218309287, 0.50718277, -0.833653983, -0.961914063, 0.255615234, -0.0964355469, 0.164159036, 0.823003589, 0.543722553, 0, 0, -0, 0, 0, 0, 0, 0.357994922, -0.144914893, -0.142450781, 0.365921833, -0.336048267, -0.867784964, 0.204833984, -0.880493164, 0.427368164, -0.907640874, -0.334198595, -0.253473737, 0, 1, 5, 1, 
694.730809, 48, 0.1, 0.1, 0.0233546057, 0.355542808, -0.0199645023, 0.994755961, -0.102276967, -2.38789903e-005, 0.102276967, 0.994755961, -2.38080801e-005, 2.61887862e-005, 2.12409589e-005, 0.999999999, 0.994755951, -0.102277059, -1.73797576e-005, 0.102277059, 0.994755952, 9.96767253e-006, 1.62691531e-005, -1.16929521e-005, 1, 0, 0, 0, 0, 0, 0, 0, 0.316308789, -0.176971362, -0.163069312, 0.218309287, 0.50718277, -0.833653983, -0.961914063, 0.255615234, -0.0964355469, 0.164159036, 0.823003589, 0.543722553, 0, 0, -0, 0, 0, 0, 0, 0.357994922, -0.144914893, -0.142450781, 0.365921833, -0.336048267, -0.867784964, 0.204833984, -0.880493164, 0.427368164, -0.907640874, -0.334198595, -0.253473737, 0, 1, 5, 1, 
694.731615, 48, 0.1, 0.1, 0.0233546022, 0.355542813, -0.0199607766, 0.994755964, -0.102276928, 3.26022586e-005, 0.102276927, 0.994755965, 2.95989888e-005, -3.54585848e-005, -2.61093118e-005, 0.999999999, 0.994755971, -0.102276866, 3.81325707e-005, 0.102276866, 0.994755971, -6.13139431e-006, -3.73055026e-005, 9.99932093e-006, 0.999999999, 0, 0, 0, 0, 0, 0, 0, 0.316308789, -0.176971362, -0.163069312, 0.218309287, 0.50718277, -0.833653983, -0.961914063, 0.255615234, -0.0964355469, 0.164159036, 0.823003589, 0.543722553, 0, 0, -0, 0, 0, 0, 0, 0.357994922, -0.144914893, -0.142450781, 0.365921833, -0.336048267, -0.867784964, 0.204833984, -0.880493164, 0.427368164, -0.907640874, -0.334198595, -0.253473737, 0, 1, 5, 1, 
694.732408, 48, 0.1, 0.1, 0.023354605, 0.355542807, -0.0199588499, 0.994755884, -0.102277721, -5.59148929e-006, 0.10227772, 0.994755883, -2.37070695e-005, 7.9868719e-006, 2.30108621e-005, 1, 0.994755904, -0.102277516, -2.53130985e-005, 0.102277517, 0.994755904, 1.29562329e-005, 2.38552228e-005, -1.54772501e-005, 1, 0, 0, 0, 0, 0, 0, 0, 0.316308789, -0.176971362, -0.163069312, 0.218309287, 0.50718277, -0.833653983, -0.961914063, 0.255615234, -0.0964355469, 0.164159036, 0.823003589, 0.543722553, 0, 0, -0, 0, 0, 0, 0, 0.357994922, -0.144914893, -0.142450781, 0.365921833, -0.336048267, -0.867784964, 0.204833984, -0.880493164, 0.427368164, -0.907640874, -0.334198595, -0.253473737, 0, 1, 5, 1, 
694.733233, 48, 0.1, 0.1, 0.0233545999, 0.355542812, -0.0199590744, 0.994755741, -0.102279103, -1.61629511e-005, 0.102279104, 0.994755741, 2.59552898e-005, 1.34235047e-005, -2.74723057e-005, 1, 0.994755772, -0.102278805, 2.04326204e-005, 0.102278805, 0.994755772, -1.24880233e-005, -1.90482069e-005, 1.45123572e-005, 1, 0, 0, 0, 0, 0, 0, 0, 0.317351733, -0.177315552, -0.162410449, 0.212741846, 0.50914405, -0.833876022, -0.963745117, 0.249389648, -0.0936279297, 0.160220747, 0.823681688, 0.543881312, 0, 0, -0, 0, 0, 0, 0, 0.357994922, -0.144914893, -0.142450781, 0.366350203, -0.33188963, -0.869152098, 0.211791992, -0.879882812, 0.425292969, -0.905877452, -0.33989864, -0.252144517, 0, 1, 5, 1, 
694.734024, 48, 0.1, 0.1, 0.0233546024, 0.355542805, -0.0199610739, 0.994755626, -0.102280225, 2.48145578e-005, 0.102280225, 0.994755626, -1.24845984e-005, -2.34074934e-005, 1.49571631e-005, 1, 0.994755643, -0.102280063, 9.40561271e-006, 0.102280062, 0.994755643, 2.29291879e-005, -1.17014851e-005, -2.18469324e-005, 1, 0, 0, 0, 0, 0, 0, 0, 0.317351733, -0.177315552, -0.162410449, 0.212741846, 0.50914405, -0.833876022, -0.963745117, 0.249389648, -0.0936279297, 0.160220747, 0.823681688, 0.543881312, 0, 0, -0, 0, 0, 0, 0, 0.358730078, -0.145206104, -0.142066797, 0.366350203, -0.33188963, -0.869152098, 0.211791992, -0.879882812, 0.425292969, -0.905877452, -0.33989864, -0.252144517, 0, 1, 5, 1, 
694.734951, 48, 0.1, 0.1, 0.023354607, 0.355542811, -0.0199635822, 0.994755589, -0.102280575, -4.55514282e-005, 0.102280575, 0.99475559, 1.67510363e-005, 4.35992322e-005, -2.13222133e-005, 0.999999999, 0.994755587, -0.102280593, -4.39661403e-005, 0.102280592, 0.994755588, -1.88555656e-005, 4.56641221e-005, 1.42597964e-005, 0.999999999, 0, 0, 0, 0, 0, 0, 0, 0.317351733, -0.177315552, -0.162410449, 0.212741846, 0.50914405, -0.833876022, -0.963745117, 0.249389648, -0.0936279297, 0.160220747, 0.823681688, 0.543881312, 0, 0, -0, 0, 0, 0, 0, 0.358730078, -0.145206104, -0.142066797, 0.366350203, -0.33188963, -0.869152098, 0.211791992, -0.879882812, 0.425292969, -0.905877452, -0.33989864, -0.252144517, 0, 1, 5, 1, 
694.73578, 48, 0.1, 0.1, 0.0233546005, 0.355542805, -0.0199651807, 0.994755656, -0.10227991, 7.40493169e-005, 0.102279912, 0.994755658, -1.55978585e-005, -7.20656294e-005, 2.30898156e-005, 0.999999997, 0.994755635, -0.10228012, 6.3197509e-005, 0.102280119, 0.994755637, 1.57731263e-005, -6.44793555e-005, -9.22655748e-006, 0.999999998, 0, 0, 0, 0, 0, 0, 0, 0.317925854, -0.176977808, -0.161748901, 0.206755414, 0.511346464, -0.834059869, -0.965820313, 0.242553711, -0.0906982422, 0.155978043, 0.824321595, 0.544281206, 0, 0, -0, 0, 0, 0, 0, 0.359316943, -0.144561865, -0.141474707, 0.367685987, -0.326581142, -0.870589594, 0.220214844, -0.87890625, 0.422851563, -0.903404944, -0.347196229, -0.251313662, 0, 1, 5, 1, 
694.736574, 48, 0.1, 0.1, 0.0233545975, 0.355542811, -0.01996644, 0.9947558, -0.10227852, -5.17668765e-005, 0.10227852, 0.994755801, 3.99150491e-006, 5.10871555e-005, -9.26521217e-006, 0.999999999, 0.994755766, -0.102278863, -2.25001695e-005, 0.102278862, 0.994755766, -2.36909206e-005, 2.48052538e-005, 2.12653881e-005, 0.999999999, 0, 0, 0, 0, 0, 0, 0, 0.317925854, -0.176977808, -0.161748901, 0.206755414, 0.511346464, -0.834059869, -0.965820313, 0.242553711, -0.0906982422, 0.155978043, 0.824321595, 0.544281206, 0, 0, -0, 0, 0, 0, 0, 0.359316943, -0.144561865, -0.141474707, 0.367685987, -0.326581142, -0.870589594, 0.220214844, -0.87890625, 0.422851563, -0.903404944, -0.347196229, -0.251313662, 0, 1, 5, 1, 
694.737372, 48, 0.1, 0.1, 0.0233546063, 0.355542808, -0.0199672471, 0.994755978, -0.102276802, 1.58793809e-005, 0.102276802, 0.994755978, -1.51846007e-005, -1.42430767e-005, 1.67290646e-005, 1, 0.994755943, -0.102277144, -2.36661528e-005, 0.102277144, 0.994755943, 8.51258195e-006, 2.26714036e-005, -1.0888448e-005, 1, 0, 0, 0, 0, 0, 0, 0, 0.317925854, -0.176977808, -0.161748901, 0.206755414, 0.511346464, -0.834059869, -0.965820313, 0.242553711, -0.0906982422, 0.155978043, 0.824321595, 0.544281206, 0, 0, -0, 0, 0, 0, 0, 0.359316943, -0.144561865, -0.141474707, 0.367685987, -0.326581142, -0.870589594, 0.220214844, -0.87890625, 0.422851563, -0.903404944, -0.347196229, -0.251313662, 0, 1, 5, 1, 
694.738162, 48, 0.1, 0.1, 0.0233545983, 0.355542811, -0.0199673854, 0.994756129, -0.102275335, 3.13233063e-006, 0.102275335, 0.994756129, 2.30104398e-005, -5.46930554e-006, -2.25694159e-005, 1, 0.994756101, -0.102275602, 3.23779872e-005, 0.102275602, 0.994756101, -3.71599896e-006, -3.18281443e-005, 7.00799076e-006, 0.999999999, 0, 0, 0, 0, 0, 0, 0, 0.317925854, -0.176977808, -0.161748901, 0.206755414, 0.511346464, -0.834059869, -0.965820313, 0.242553711, -0.0906982422, 0.155978043, 0.824321595, 0.544281206, 0, 0, -0, 0, 0, 0, 0, 0.359316943, -0.144561865, -0.141474707, 0.367685987, -0.326581142, -0.870589594, 0.220214844, -0.87890625, 0.422851563, -0.903404944, -0.347196229, -0.251313662, 0, 1, 5, 1, 
694.738956, 48, 0.1, 0.1, 0.0233546104, 0.355542807, -0.0199668653, 0.994756207, -0.102274568, -4.19094545e-005, 0.102274567, 0.994756208, -1.80850253e-005, 4.35393281e-005, 1.37039199e-005, 0.999999999, 0.994756194, -0.102274678, -6.17166294e-005, 0.102274679, 0.994756196, 9.21177689e-006, 6.0450868e-005, -1.54755206e-005, 0.999999998, 0, 0, 0, 0, 0, 0, 0, 0.317925854, -0.176977808, -0.161748901, 0.206755414, 0.511346464, -0.834059869, -0.965820313, 0.242553711, -0.0906982422, 0.155978043, 0.824321595, 0.544281206, 0, 0, -0, 0, 0, 0, 0, 0.359316943, -0.144561865, -0.141474707, 0.367685987, -0.326581142, -0.870589594, 0.220214844, -0.87890625, 0.422851563, -0.903404944, -0.347196229, -0.251313662, 0, 1, 5, 1, 
694.739752, 48, 0.1, 0.1, 0.023354602, 0.355542809, -0.0199658909, 0.994756194, -0.102274688, 5.5588847e-005, 0.102274687, 0.994756195, 3.28743585e-005, -5.86595647e-005, -2.70166398e-005, 0.999999998, 0.994756203, -0.102274595, 6.15215428e-005, 0.102274595, 0.994756205, 2.56216482e-006, -6.14609808e-005, 3.74336151e-006, 0.999999998, 0, 0, 0, 0, 0, 0, 0, 0.317925854, -0.176977808, -0.161748901, 0.206755414, 0.511346464, -0.834059869, -0.965820313, 0.242553711, -0.0906982422, 0.155978043, 0.824321595, 0.544281206, 0, 0, -0, 0, 0, 0, 0, 0.359316943, -0.144561865, -0.141474707, 0.367685987, -0.326581142, -0.870589594, 0.220214844, -0.87890625, 0.422851563, -0.903404944, -0.347196229, -0.251313662, 0, 1, 5, 1, 
694.740578, 48, 0.1, 0.1, 0.0233546064, 0.355542803, -0.0199645761, 0.994756086, -0.102275734, -5.69995443e-005, 0.102275733, 0.994756088, -2.74677145e-005, 5.95099243e-005, 2.1494006e-005, 0.999999998, 0.994756118, -0.102275427, -5.11455059e-005, 0.102275428, 0.994756119, 9.81760113e-006, 4.98732057e-005, -1.49970473e-005, 0.999999999, 0, 0, 0, 0, 0, 0, 0, 0.317773486, -0.176238843, -0.162758423, 0.199387697, 0.517228059, -0.83220493, -0.967285156, 0.239379883, -0.0830078125, 0.156279831, 0.821659755, 0.548189539, 0, 0, -0, 0, 0, 0, 0, 0.359316943, -0.144561865, -0.141474707, 0.36605053, -0.319496106, -0.874039511, 0.228759766, -0.879394531, 0.417358398, -0.90185844, -0.35271144, -0.24885318, 0, 1, 5, 1, 
694.741374, 48, 0.1, 0.1, 0.0233546056, 0.355542809, -0.0199634214, 0.994755908, -0.102277467, 6.07721916e-005, 0.102277466, 0.99475591, 2.06628212e-005, -6.25668377e-005, -1.43388377e-005, 0.999999998, 0.994755951, -0.102277054, 3.81935978e-005, 0.102277054, 0.994755952, -1.49346154e-005, -3.64658402e-005, 1.87626263e-005, 0.999999999, 0, 0, 0, 0, 0, 0, 0, 0.317773486, -0.176238843, -0.162758423, 0.199387697, 0.517228059, -0.83220493, -0.967285156, 0.239379883, -0.0830078125, 0.156279831, 0.821659755, 0.548189539, 0, 0, -0, 0, 0, 0, 0, 0.35924126, -0.143539355, -0.142097705, 0.36605053, -0.319496106, -0.874039511, 0.228759766, -0.879394531, 0.417358398, -0.90185844, -0.35271144, -0.24885318, 0, 1, 5, 1, 
694.742166, 48, 0.1, 0.1, 0.0233545977, 0.355542804, -0.0199630235, 0.994755698, -0.10227952, -2.30282803e-005, 0.102279519, 0.994755698, -2.26219353e-005, 2.52212737e-005, 2.01479776e-005, 0.999999999, 0.994755741, -0.102279108, 1.73429094e-005, 0.102279108, 0.994755741, 1.37381139e-005, -1.86570808e-005, -1.18922504e-005, 1, 0, 0, 0, 0, 0, 0, 0, 0.317773486, -0.176238843, -0.162758423, 0.199387697, 0.517228059, -0.83220493, -0.967285156, 0.239379883, -0.0830078125, 0.156279831, 0.821659755, 0.548189539, 0, 0, -0, 0, 0, 0, 0, 0.35924126, -0.143539355, -0.142097705, 0.36605053, -0.319496106, -0.874039511, 0.228759766, -0.879394531, 0.417358398, -0.90185844, -0.35271144, -0.24885318, 0, 1, 5, 1, 
694.742966, 48, 0.1, 0.1, 0.023354609, 0.35554281, -0.0199633858, 0.994755512, -0.102281329, -2.21593657e-005, 0.102281329, 0.994755512, 1.43985173e-005, 2.05704517e-005, -1.65894938e-005, 1, 0.994755545, -0.102281, -4.84324447e-005, 0.102280999, 0.994755546, -2.05629059e-005, 5.02816375e-005, 1.55013458e-005, 0.999999999, 0, 0, 0, 0, 0, 0, 0, 0.317773486, -0.176238843, -0.162758423, 0.199387697, 0.517228059, -0.83220493, -0.967285156, 0.239379883, -0.0830078125, 0.156279831, 0.821659755, 0.548189539, 0, 0, -0, 0, 0, 0, 0, 0.35924126, -0.143539355, -0.142097705, 0.36605053, -0.319496106, -0.874039511, 0.228759766, -0.879394531, 0.417358398, -0.90185844, -0.35271144, -0.24885318, 0, 1, 5, 1, 
694.74376, 48, 0.1, 0.1, 0.0233545991, 0.355542805, -0.0199643597, 0.994755411, -0.102282311, 4.39707865e-005, 0.102282312, 0.994755411, -1.83532569e-005, -4.18629642e-005, 2.27544353e-005, 0.999999999, 0.994755425, -0.102282168, 5.69124077e-005, 0.102282167, 0.994755426, 1.46906708e-005, -5.811652e-005, -8.79250011e-006, 0.999999998, 0, 0, 0, 0, 0, 0, 0, 0.317773486, -0.176238843, -0.162758423, 0.199387697, 0.517228059, -0.83220493, -0.967285156, 0.239379883, -0.0830078125, 0.156279831, 0.821659755, 0.548189539, 0, 0, -0, 0, 0, 0, 0, 0.35924126, -0.143539355, -0.142097705, 0.36605053, -0.319496106, -0.874039511, 0.228759766, -0.879394531, 0.417358398, -0.90185844, -0.35271144, -0.24885318, 0, 1, 5, 1, 
694.744556, 48, 0.1, 0.1, 0.0233546072, 0.355542811, -0.0199656142, 0.994755408, -0.10228233, -6.19651342e-005, 0.102282331, 0.99475541, 1.00255851e-005, 6.06147122e-005, -1.63109433e-005, 0.999999998, 0.994755401, -0.102282398, -6.19133812e-005, 0.102282397, 0.994755402, -2.13556921e-005, 6.37729818e-005, 1.4911041e-005, 0.999999998, 0, 0, 0, 0, 0, 0, 0, 0.317773486, -0.176238843, -0.162758423, 0.199387697, 0.517228059, -0.83220493, -0.967285156, 0.239379883, -0.0830078125, 0.156279831, 0.821659755, 0.548189539, 0, 0, -0, 0, 0, 0, 0, 0.35924126, -0.143539355, -0.142097705, 0.36605053, -0.319496106, -0.874039511, 0.228759766, -0.879394531, 0.417358398, -0.90185844, -0.35271144, -0.24885318, 0, 1, 5, 1, 
694.745383, 48, 0.1, 0.1, 0.0233546039, 0.355542806, -0.0199665854, 0.994755506, -0.102281376, 6.36855444e-005, 0.102281377, 0.994755507, -1.46671183e-005, -6.1851373e-005, 2.11040419e-005, 0.999999998, 0.994755477, -0.102281667, 4.85462594e-005, 0.102281666, 0.994755478, 1.65692926e-005, -4.99863923e-005, -1.15170023e-005, 0.999999999, 0, 0, 0, 0, 0, 0, 0, 0.317194897, -0.175753638, -0.164007422, 0.19237569, 0.522506816, -0.830648415, -0.968505859, 0.236816406, -0.0753173828, 0.157266832, 0.819093395, 0.551774361, 0, 0, -0, 0, 0, 0, 0, 0.35924126, -0.143539355, -0.142097705, 0.364440593, -0.313081878, -0.876978303, 0.236572266, -0.879638672, 0.412353516, -0.900554738, -0.357683442, -0.246584463, 0, 1, 5, 1, 
694.746177, 48, 0.1, 0.1, 0.0233546009, 0.355542811, -0.0199667443, 0.994755669, -0.102279792, -4.62076987e-005, 0.102279793, 0.99475567, 8.64571412e-006, 4.50810884e-005, -1.3326487e-005, 0.999999999, 0.994755632, -0.102280164, -1.96070498e-005, 0.102280164, 0.994755632, -1.86662218e-005, 2.14134074e-005, 1.6562917e-005, 1, 0, 0, 0, 0, 0, 0, 0, 0.317194897, -0.175753638, -0.164007422, 0.19237569, 0.522506816, -0.830648415, -0.968505859, 0.236816406, -0.0753173828, 0.157266832, 0.819093395, 0.551774361, 0, 0, -0, 0, 0, 0, 0, 0.359162158, -0.142773047, -0.14291416, 0.364440593, -0.313081878, -0.876978303, 0.236572266, -0.879638672, 0.412353516, -0.900554738, -0.357683442, -0.246584463, 0, 1, 5, 1, 
694.746978, 48, 0.1, 0.1, 0.0233546072, 0.355542807, -0.0199663436, 0.994755863, -0.102277911, 3.14427638e-005, 0.102277911, 0.994755864, -1.44696798e-005, -2.97979451e-005, 1.7609699e-005, 0.999999999, 0.994755826, -0.10227828, -9.64940652e-006, 0.10227828, 0.994755826, 1.08558725e-005, 8.48848338e-006, -1.17858672e-005, 1, 0, 0, 0, 0, 0, 0, 0, 0.317194897, -0.175753638, -0.164007422, 0.19237569, 0.522506816, -0.830648415, -0.968505859, 0.236816406, -0.0753173828, 0.157266832, 0.819093395, 0.551774361, 0, 0, -0, 0, 0, 0, 0, 0.359162158, -0.142773047, -0.14291416, 0.364440593, -0.313081878, -0.876978303, 0.236572266, -0.879638672, 0.412353516, -0.900554738, -0.357683442, -0.246584463, 0, 1, 5, 1, 
694.74777, 48, 0.1, 0.1, 0.0233545959, 0.35554281, -0.0199656756, 0.994756033, -0.102276269, 1.36275592e-005, 0.102276269, 0.994756033, 1.77553258e-005, -1.53720452e-005, -1.62684415e-005, 1, 0.994756, -0.102276574, 4.57172758e-005, 0.102276574, 0.994756001, -8.76591682e-006, -4.45809865e-005, 1.33957547e-005, 0.999999999, 0, 0, 0, 0, 0, 0, 0, 0.317194897, -0.175753638, -0.164007422, 0.19237569, 0.522506816, -0.830648415, -0.968505859, 0.236816406, -0.0753173828, 0.157266832, 0.819093395, 0.551774361, 0, 0, -0, 0, 0, 0, 0, 0.359162158, -0.142773047, -0.14291416, 0.364440593, -0.313081878, -0.876978303, 0.236572266, -0.879638672, 0.412353516, -0.900554738, -0.357683442, -0.246584463, 0, 1, 5, 1, 
694.748563, 48, 0.1, 0.1, 0.0233546072, 0.355542808, -0.0199649815, 0.994756124, -0.102275377, -4.04943108e-005, 0.102275376, 0.994756124, -3.20700857e-005, 4.35619438e-005, 2.77603433e-005, 0.999999999, 0.99475611, -0.102275505, -5.99937471e-005, 0.102275505, 0.994756111, -2.05066979e-006, 5.98888799e-005, -4.09597446e-006, 0.999999998, 0, 0, 0, 0, 0, 0, 0, 0.317194897, -0.175753638, -0.164007422, 0.19237569, 0.522506816, -0.830648415, -0.968505859, 0.236816406, -0.0753173828, 0.157266832, 0.819093395, 0.551774361, 0, 0, -0, 0, 0, 0, 0, 0.359162158, -0.142773047, -0.14291416, 0.364440593, -0.313081878, -0.876978303, 0.236572266, -0.879638672, 0.412353516, -0.900554738, -0.357683442, -0.246584463, 0, 1, 5, 1, 
694.749456, 48, 0.1, 0.1, 0.0233545976, 0.355542812, -0.0199641004, 0.99475611, -0.102275503, 5.09260377e-005, 0.102275501, 0.994756111, 3.5617171e-005, -5.43017513e-005, -3.02219124e-005, 0.999999998, 0.994756125, -0.102275351, 6.22660109e-005, 0.102275352, 0.994756127, -1.27514891e-005, -6.06353328e-005, 1.90529e-005, 0.999999998, 0, 0, 0, 0, 0, 0, 0, 0.317194897, -0.175753638, -0.164007422, 0.19237569, 0.522506816, -0.830648415, -0.968505859, 0.236816406, -0.0753173828, 0.157266832, 0.819093395, 0.551774361, 0, 0, -0, 0, 0, 0, 0, 0.359162158, -0.142773047, -0.14291416, 0.364440593, -0.313081878, -0.876978303, 0.236572266, -0.879638672, 0.412353516, -0.900554738, -0.357683442, -0.246584463, 0, 1, 5, 1, 
694.750387, 48, 0.1, 0.1, 0.0233546004, 0.355542803, -0.0199606717, 0.994755981, -0.102276775, -9.74272373e-006, 0.102276775, 0.994755981, -2.39072342e-005, 1.21367875e-005, 2.27854098e-005, 1, 0.994756009, -0.102276501, -2.76854718e-005, 0.102276501, 0.994756009, 1.34529859e-005, 2.61643651e-005, -1.62140117e-005, 1, 0, 0, 0, 0, 0, 0, 0, 0.317271387, -0.175219604, -0.164985815, 0.185222898, 0.528750113, -0.828215727, -0.970092773, 0.232177734, -0.0688476562, 0.155804292, 0.816374267, 0.556209146, 0, 0, -0, 0, 0, 0, 0, 0.359083057, -0.142228271, -0.143510791, 0.362830656, -0.306680409, -0.879891574, 0.244018555, -0.880004883, 0.407348633, -0.899251037, -0.362534042, -0.244558549, 0, 1, 5, 1, 
