time, trialNum, realDorsalTactorPos, realVentralTactorPos, boxPosX, boxPosY, boxPosZ, boxLocalRot_11, boxLocalRot_12, boxLocalRot_13, boxLocalRot_21, boxLocalRot_22, boxLocalRot_23, boxLocalRot_31, boxLocalRot_32, boxLocalRot_33, boxGlobalRot_11, boxGlobalRot_12, boxGlobalRot_13, boxGlobalRot_21, boxGlobalRot_22, boxGlobalRot_23, boxGlobalRot_31, boxGlobalRot_32, boxGlobalRot_33, indexForceX, indexForceY, indexForceZ, indexForceGlobalX, indexForceGlobalY, indexForceGlobalZ, indexContact, indexPosX, indexPosY, indexPosZ, indexRot_11, indexRot_12, indexRot_13, indexRot_21, indexRot_22, indexRot_23, indexRot_31, indexRot_32, indexRot_33, thumbForceX, thumbForceY, thumbForceZ, thumbForceGlobalX, thumbForceGlobalY, thumbForceGlobalZ, thumbContact, thumbPosX, thumbPosY, thumbPosZ, thumbRot_11, thumbRot_12, thumbRot_13, thumbRot_21, thumbRot_22, thumbRot_23, thumbRot_31, thumbRot_32, thumbRot_33, manipForceTooHigh, cceExpType, mapping, trialSuccess, 
263.148837, 13, 0.1, 0.1, 0.0183116314, 0.352335051, -0.0199726311, 0.997446831, 1.11649359e-006, -0.071413021, -0.071413021, 3.19722791e-006, -0.997446831, -8.85319289e-007, 1, 3.26879702e-006, 0.997446846, 2.18850843e-005, -0.0714128022, -0.0714128021, -7.49650943e-006, -0.997446847, -2.2364555e-005, 1, -5.91449449e-006, 0, 0, 0, 0, 0, 0, 0, 0.27905415, -0.182585376, -0.131486792, -0.311974111, 0.711171685, -0.629892053, -0.810668945, 0.146362305, 0.566772461, 0.495331544, 0.687619245, 0.530977359, 0, 0, -0, 0, 0, 0, 0, 0.328378125, -0.163526904, -0.116435596, 0.025690458, -0.0167301558, -0.999510584, 0.50378418, -0.86328125, 0.0274658203, -0.863372385, -0.504144322, -0.0138549621, 0, 1, 1, 1, 
263.169078, 13, 0.1, 0.1, 0.0183116754, 0.352335041, -0.0199547926, 0.997447832, 1.21643569e-005, -0.0713990374, -0.0713990367, -5.02891839e-005, -0.997447831, -1.57239107e-005, 0.999999999, -4.92923141e-005, 0.997447847, 1.85075812e-005, -0.0713988205, -0.0713988201, -2.152511e-005, -0.997447847, -1.99972145e-005, 1, -2.01487552e-005, 0, 0, 0, 0, 0, 0, 0, 0.277882227, -0.18433186, -0.132333496, -0.300810776, 0.716866068, -0.628896434, -0.806030273, 0.161254883, 0.569458008, 0.509630397, 0.678313092, 0.529460157, 0, 0, -0, 0, 0, 0, 0, 0.327767578, -0.164567285, -0.116440723, 0.0256317558, -0.0163958344, -0.999472305, 0.490478516, -0.87097168, 0.0268554688, -0.870988603, -0.490975713, -0.0142191669, 0, 1, 1, 1, 
263.169878, 13, 0.1, 0.1, 0.0183116746, 0.352335046, -0.0199642744, 0.997447745, 1.0858393e-005, -0.071400248, -0.0714002484, 3.95090887e-005, -0.997447744, -8.00972091e-006, 0.999999999, 4.01835434e-005, 0.997447763, -1.50888918e-006, -0.0714000005, -0.0714000005, -3.63997995e-006, -0.997447763, 1.24514356e-006, 1, -3.73842454e-006, 0, 0, 0, 0, 0, 0, 0, 0.277882227, -0.18433186, -0.132333496, -0.300810776, 0.716866068, -0.628896434, -0.806030273, 0.161254883, 0.569458008, 0.509630397, 0.678313092, 0.529460157, 0, 0, -0, 0, 0, 0, 0, 0.327767578, -0.164567285, -0.116440723, 0.0256317558, -0.0163958344, -0.999472305, 0.490478516, -0.87097168, 0.0268554688, -0.870988603, -0.490975713, -0.0142191669, 0, 1, 1, 1, 
263.170678, 13, 0.1, 0.1, 0.0183116722, 0.352335029, -0.0199730573, 0.997447685, 1.72393595e-005, -0.071401083, -0.0714010839, 5.66160315e-005, -0.997447684, -1.31529132e-005, 0.999999998, 5.77024385e-005, 0.997447696, 2.95036297e-006, -0.0714009399, -0.0714009399, 7.81314815e-005, -0.997447693, 2.63582848e-006, 0.999999997, 7.81427249e-005, 0, 0, 0, 0, 0, 0, 0, 0.277882227, -0.18433186, -0.132333496, -0.300810776, 0.716866068, -0.628896434, -0.806030273, 0.161254883, 0.569458008, 0.509630397, 0.678313092, 0.529460157, 0, 0, -0, 0, 0, 0, 0, 0.327767578, -0.164567285, -0.116440723, 0.0256317558, -0.0163958344, -0.999472305, 0.490478516, -0.87097168, 0.0268554688, -0.870988603, -0.490975713, -0.0142191669, 0, 1, 1, 1, 
263.171648, 13, 0.1, 0.1, 0.0183116717, 0.352335042, -0.0199775413, 0.997447569, -3.20323688e-005, -0.0714026974, -0.0714026999, -8.47694668e-005, -0.997447566, 2.58978397e-005, 0.999999996, -8.68402963e-005, 0.997447592, -2.29573567e-005, -0.0714023845, -0.0714023861, -8.03860871e-005, -0.997447589, 1.71590017e-005, 0.999999997, -8.18201191e-005, 0, 0, 0, 0, 0, 0, 0, 0.277882227, -0.18433186, -0.132333496, -0.300810776, 0.716866068, -0.628896434, -0.806030273, 0.161254883, 0.569458008, 0.509630397, 0.678313092, 0.529460157, 0, 0, -0, 0, 0, 0, 0, 0.327767578, -0.164567285, -0.116440723, 0.0256317558, -0.0163958344, -0.999472305, 0.490478516, -0.87097168, 0.0268554688, -0.870988603, -0.490975713, -0.0142191669, 0, 1, 1, 1, 
263.172454, 13, 0.1, 0.1, 0.0183116714, 0.352335051, -0.0199759723, 0.99744746, 2.98721294e-005, -0.0714042317, -0.0714042325, 2.52543311e-005, -0.99744746, -2.79926135e-005, 0.999999999, 2.73228648e-005, 0.997447478, 1.55582452e-005, -0.0714039797, -0.0714039796, -1.21794188e-005, -0.997447478, -1.63881914e-005, 1, -1.103741e-005, 0, 0, 0, 0, 0, 0, 0, 0.277882227, -0.18433186, -0.132333496, -0.300810776, 0.716866068, -0.628896434, -0.806030273, 0.161254883, 0.569458008, 0.509630397, 0.678313092, 0.529460157, 0, 0, -0, 0, 0, 0, 0, 0.327767578, -0.164567285, -0.116440723, 0.0256317558, -0.0163958344, -0.999472305, 0.490478516, -0.87097168, 0.0268554688, -0.870988603, -0.490975713, -0.0142191669, 0, 1, 1, 1, 
263.173288, 13, 0.1, 0.1, 0.0183116685, 0.352335035, -0.0199703774, 0.997447401, -2.83481584e-005, -0.0714050473, -0.0714050457, 5.37930052e-005, -0.9974474, 3.21168889e-005, 0.999999998, 5.16314917e-005, 0.997447408, -1.36879038e-005, -0.0714049562, -0.071404955, 7.24600548e-005, -0.997447406, 1.88269711e-005, 0.999999997, 7.12977097e-005, 0, 0, 0, 0, 0, 0, 0, 0.278423291, -0.183683252, -0.13207229, -0.303248334, 0.716396902, -0.628153934, -0.806030273, 0.158691406, 0.57019043, 0.508286181, 0.679252544, 0.529466149, 0, 0, -0, 0, 0, 0, 0, 0.327996191, -0.164176221, -0.116212354, 0.0254082756, -0.0167155631, -0.999510584, 0.4921875, -0.869995117, 0.0270996094, -0.87003015, -0.492604973, -0.0138549621, 0, 1, 1, 1, 
263.17409, 13, 0.1, 0.1, 0.0183116664, 0.352335043, -0.0199635372, 0.997447413, 4.88899571e-005, -0.0714048703, -0.0714048673, -6.04472424e-005, -0.997447413, -5.30813887e-005, 0.999999997, -5.68019647e-005, 0.997447406, 2.925174e-005, -0.0714049837, -0.0714049818, -6.16861198e-005, -0.997447405, -3.35817685e-005, 0.999999998, -5.94399402e-005, 0, 0, 0, 0, 0, 0, 0, 0.278423291, -0.183683252, -0.13207229, -0.303248334, 0.716396902, -0.628153934, -0.806030273, 0.158691406, 0.57019043, 0.508286181, 0.679252544, 0.529466149, 0, 0, -0, 0, 0, 0, 0, 0.327996191, -0.164176221, -0.116212354, 0.0254082756, -0.0167155631, -0.999510584, 0.4921875, -0.869995117, 0.0270996094, -0.87003015, -0.492604973, -0.0138549621, 0, 1, 1, 1, 
263.17489, 13, 0.1, 0.1, 0.0183116616, 0.352335039, -0.0199577337, 0.997447481, -3.35489332e-005, -0.0714039271, -0.0714039246, 6.92942514e-005, -0.99744748, 3.84111805e-005, 0.999999997, 6.6721851e-005, 0.997447464, -1.18733596e-005, -0.0714041719, -0.0714041711, 5.97107201e-005, -0.997447463, 1.61066469e-005, 0.999999998, 5.8710499e-005, 0, 0, 0, 0, 0, 0, 0, 0.278423291, -0.183683252, -0.13207229, -0.303248334, 0.716396902, -0.628153934, -0.806030273, 0.158691406, 0.57019043, 0.508286181, 0.679252544, 0.529466149, 0, 0, -0, 0, 0, 0, 0, 0.327996191, -0.164176221, -0.116212354, 0.0254082756, -0.0167155631, -0.999510584, 0.4921875, -0.869995117, 0.0270996094, -0.87003015, -0.492604973, -0.0138549621, 0, 1, 1, 1, 
263.175719, 13, 0.1, 0.1, 0.018311661, 0.352335039, -0.0199543205, 0.997447592, 5.09656401e-005, -0.0714023661, -0.0714023641, -4.13176456e-005, -0.997447593, -5.37857327e-005, 0.999999998, -3.75731189e-005, 0.997447568, 2.86056689e-005, -0.0714027194, -0.0714027184, -3.54610627e-005, -0.997447568, -3.10646712e-005, 0.999999999, -3.33280282e-005, 0, 0, 0, 0, 0, 0, 0, 0.279499072, -0.181992651, -0.131184204, -0.308011117, 0.714298203, -0.628324676, -0.808349609, 0.151733398, 0.568847656, 0.501625016, 0.683169112, 0.530729111, 0, 0, -0, 0, 0, 0, 0, 0.329018066, -0.162936621, -0.11555459, 0.0264629771, -0.0167035365, -0.999421265, 0.497070312, -0.8671875, 0.0277099609, -0.867218957, -0.497390675, -0.0147047733, 0, 1, 1, 1, 
263.176517, 13, 0.1, 0.1, 0.0183116585, 0.35233504, -0.0199548993, 0.997447739, -5.6984238e-005, -0.0714003175, -0.0714003183, -1.24374335e-005, -0.99744774, 5.59507627e-005, 0.999999998, -1.64743827e-005, 0.997447706, -2.95228667e-005, -0.0714007917, -0.0714007915, 7.19564897e-006, -0.997447706, 2.99612907e-005, 1, 5.06932751e-006, 0, 0, 0, 0, 0, 0, 0, 0.279499072, -0.181992651, -0.131184204, -0.308011117, 0.714298203, -0.628324676, -0.808349609, 0.151733398, 0.568847656, 0.501625016, 0.683169112, 0.530729111, 0, 0, -0, 0, 0, 0, 0, 0.329018066, -0.162936621, -0.11555459, 0.0264629771, -0.0167035365, -0.999421265, 0.497070312, -0.8671875, 0.0277099609, -0.867218957, -0.497390675, -0.0147047733, 0, 1, 1, 1, 
263.177318, 13, 0.1, 0.1, 0.0183116624, 0.35233504, -0.0199588733, 0.997447888, 3.28286415e-005, -0.0713982517, -0.0713982521, 1.12207591e-005, -0.997447888, -3.19437165e-005, 0.999999999, 1.35360301e-005, 0.997447865, 1.03868944e-005, -0.0713985799, -0.0713985801, 1.95699654e-005, -0.997447864, -8.96311785e-006, 1, 2.02616298e-005, 0, 0, 0, 0, 0, 0, 0, 0.279499072, -0.181992651, -0.131184204, -0.308011117, 0.714298203, -0.628324676, -0.808349609, 0.151733398, 0.568847656, 0.501625016, 0.683169112, 0.530729111, 0, 0, -0, 0, 0, 0, 0, 0.329018066, -0.162936621, -0.11555459, 0.0264629771, -0.0167035365, -0.999421265, 0.497070312, -0.8671875, 0.0277099609, -0.867218957, -0.497390675, -0.0147047733, 0, 1, 1, 1, 
263.178117, 13, 0.1, 0.1, 0.0183116606, 0.35233504, -0.019964645, 0.997447977, -4.00703653e-005, -0.0713969963, -0.0713969953, 2.50967144e-005, -0.997447978, 4.17599348e-005, 0.999999999, 2.21717633e-005, 0.997447962, -2.19262917e-005, -0.0713972233, -0.071397223, 1.6755769e-005, -0.997447962, 2.30666503e-005, 1, 1.51475313e-005, 0, 0, 0, 0, 0, 0, 0, 0.279499072, -0.181992651, -0.131184204, -0.308011117, 0.714298203, -0.628324676, -0.808349609, 0.151733398, 0.568847656, 0.501625016, 0.683169112, 0.530729111, 0, 0, -0, 0, 0, 0, 0, 0.329018066, -0.162936621, -0.11555459, 0.0264629771, -0.0167035365, -0.999421265, 0.497070312, -0.8671875, 0.0277099609, -0.867218957, -0.497390675, -0.0147047733, 0, 1, 1, 1, 
263.178913, 13, 0.1, 0.1, 0.0183116629, 0.352335043, -0.0199701649, 0.997448069, 2.4197637e-005, -0.0713957157, -0.0713957147, -4.17546039e-005, -0.997448069, -2.71169861e-005, 0.999999999, -3.99204415e-005, 0.997448049, 6.69039801e-006, -0.0713960045, -0.0713960042, -3.87801056e-005, -0.997448048, -9.44206904e-006, 0.999999999, -3.8203473e-005, 0, 0, 0, 0, 0, 0, 0, 0.279499072, -0.181992651, -0.131184204, -0.308011117, 0.714298203, -0.628324676, -0.808349609, 0.151733398, 0.568847656, 0.501625016, 0.683169112, 0.530729111, 0, 0, -0, 0, 0, 0, 0, 0.329018066, -0.162936621, -0.11555459, 0.0264629771, -0.0167035365, -0.999421265, 0.497070312, -0.8671875, 0.0277099609, -0.867218957, -0.497390675, -0.0147047733, 0, 1, 1, 1, 
263.179715, 13, 0.1, 0.1, 0.0183116594, 0.352335042, -0.0199736309, 0.997448187, -1.81528032e-005, -0.0713940735, -0.0713940727, 3.90000385e-005, -0.997448187, 2.08908523e-005, 0.999999999, 3.76045151e-005, 0.997448162, -5.43661821e-006, -0.0713944278, -0.0713944276, 3.24028383e-005, -0.997448161, 7.73612694e-006, 0.999999999, 3.19320072e-005, 0, 0, 0, 0, 0, 0, 0, 0.279499072, -0.181992651, -0.131184204, -0.308011117, 0.714298203, -0.628324676, -0.808349609, 0.151733398, 0.568847656, 0.501625016, 0.683169112, 0.530729111, 0, 0, -0, 0, 0, 0, 0, 0.329018066, -0.162936621, -0.11555459, 0.0264629771, -0.0167035365, -0.999421265, 0.497070312, -0.8671875, 0.0277099609, -0.867218957, -0.497390675, -0.0147047733, 0, 1, 1, 1, 
263.180545, 13, 0.1, 0.1, 0.018311658, 0.352335042, -0.019973603, 0.997448322, 3.17734975e-005, -0.0713921776, -0.0713921769, -2.3241136e-005, -0.997448323, -3.33516571e-005, 0.999999999, -2.09134529e-005, 0.997448295, 1.92585443e-005, -0.0713925602, -0.0713925598, -1.96918982e-005, -0.997448295, -2.06152572e-005, 1, -1.82667335e-005, 0, 0, 0, 0, 0, 0, 0, 0.279901245, -0.180952612, -0.129923486, -0.308641285, 0.71267466, -0.62991714, -0.810546875, 0.149414062, 0.56628418, 0.497646291, 0.685403726, 0.531599292, 0, 0, -0, 0, 0, 0, 0, 0.32938291, -0.162344287, -0.114910254, 0.0281564029, -0.0170425882, -0.999415069, 0.499511719, -0.865722656, 0.0289306641, -0.865813544, -0.500003908, -0.0159315491, 0, 1, 1, 1, 
263.181367, 13, 0.1, 0.1, 0.0183116566, 0.352335043, -0.019970385, 0.997448472, -3.86577778e-005, -0.071390091, -0.0713900914, -1.00957543e-005, -0.997448472, 3.78384045e-005, 0.999999999, -1.2829777e-005, 0.997448441, -2.21063192e-005, -0.0713905294, -0.0713905293, 3.98958843e-006, -0.997448441, 2.23347325e-005, 1, 2.40122693e-006, 0, 0, 0, 0, 0, 0, 0, 0.279901245, -0.180952612, -0.129923486, -0.308641285, 0.71267466, -0.62991714, -0.810546875, 0.149414062, 0.56628418, 0.497646291, 0.685403726, 0.531599292, 0, 0, -0, 0, 0, 0, 0, 0.32938291, -0.162344287, -0.114910254, 0.0281564029, -0.0170425882, -0.999415069, 0.499511719, -0.865722656, 0.0289306641, -0.865813544, -0.500003908, -0.0159315491, 0, 1, 1, 1, 
263.182202, 13, 0.1, 0.1, 0.0183116561, 0.352335043, -0.0199652351, 0.997448615, 4.31066429e-005, -0.0713880831, -0.0713880833, 2.99411925e-006, -0.997448616, -4.27829169e-005, 0.999999999, 6.06378071e-006, 0.997448591, 2.47336603e-005, -0.0713884261, -0.0713884265, 1.19587573e-005, -0.997448591, -2.38168378e-005, 1, 1.36939427e-005, 0, 0, 0, 0, 0, 0, 0, 0.279901245, -0.180952612, -0.129923486, -0.308641285, 0.71267466, -0.62991714, -0.810546875, 0.149414062, 0.56628418, 0.497646291, 0.685403726, 0.531599292, 0, 0, -0, 0, 0, 0, 0, 0.32938291, -0.162344287, -0.114910254, 0.0281564029, -0.0170425882, -0.999415069, 0.499511719, -0.865722656, 0.0289306641, -0.865813544, -0.500003908, -0.0159315491, 0, 1, 1, 1, 
263.18312, 13, 0.1, 0.1, 0.0183116545, 0.352335046, -0.0199580359, 0.997448708, -5.68322204e-005, -0.0713867738, -0.0713867727, 2.07234647e-005, -0.99744871, 5.81666062e-005, 0.999999998, 1.66135243e-005, 0.997448694, -3.50150353e-005, -0.0713869788, -0.0713869785, 1.02804958e-005, -0.997448695, 3.56595948e-005, 0.999999999, 7.75464957e-006, 0, 0, 0, 0, 0, 0, 0, 0.279901245, -0.180952612, -0.129923486, -0.308641285, 0.71267466, -0.62991714, -0.810546875, 0.149414062, 0.56628418, 0.497646291, 0.685403726, 0.531599292, 0, 0, -0, 0, 0, 0, 0, 0.32938291, -0.162344287, -0.114910254, 0.0281564029, -0.0170425882, -0.999415069, 0.499511719, -0.865722656, 0.0289306641, -0.865813544, -0.500003908, -0.0159315491, 0, 1, 1, 1, 
263.183917, 13, 0.1, 0.1, 0.0183116566, 0.352335046, -0.0199544284, 0.997448799, 4.81866496e-005, -0.0713855116, -0.0713855126, 1.85436389e-005, -0.9974488, -4.67399687e-005, 0.999999999, 2.1936159e-005, 0.997448777, 2.15774977e-005, -0.0713858316, -0.0713858315, -5.96221027e-006, -0.997448777, -2.1948066e-005, 1, -4.40667172e-006, 0, 0, 0, 0, 0, 0, 0, 0.279901245, -0.180952612, -0.129923486, -0.308641285, 0.71267466, -0.62991714, -0.810546875, 0.149414062, 0.56628418, 0.497646291, 0.685403726, 0.531599292, 0, 0, -0, 0, 0, 0, 0, 0.32938291, -0.162344287, -0.114910254, 0.0281564029, -0.0170425882, -0.999415069, 0.499511719, -0.865722656, 0.0289306641, -0.865813544, -0.500003908, -0.0159315491, 0, 1, 1, 1, 
263.184918, 13, 0.1, 0.1, 0.0183116601, 0.352335053, -0.019953825, 0.997448932, -8.96043772e-005, -0.0713836153, -0.0713836219, -7.28240128e-005, -0.997448933, 8.41773491e-005, 0.999999993, -7.90345188e-005, 0.997448894, -3.91308706e-005, -0.0713841842, -0.0713841857, -3.99809659e-005, -0.997448894, 3.61770349e-005, 0.999999998, -4.26722955e-005, 0, 0, 0, 0, 0, 0, 0, 0.279901245, -0.180952612, -0.129923486, -0.309511466, 0.713702479, -0.628208978, -0.811157227, 0.146484375, 0.566040039, 0.496053827, 0.68487016, 0.533800585, 0, 0, -0, 0, 0, 0, 0, 0.32938291, -0.162344287, -0.114910254, 0.0279201629, -0.0148960054, -0.999459911, 0.501220703, -0.864746094, 0.0269775391, -0.864733689, -0.501742176, -0.0166727185, 0, 1, 1, 1, 
263.186198, 13, 0.1, 0.1, 0.0183116591, 0.352335051, -0.0199492881, 0.997449077, 0.000113756678, -0.0713815454, -0.0713815567, 9.92446049e-005, -0.997449078, -0.000106382261, 0.999999989, 0.000107111568, 0.997449054, 6.47759434e-005, -0.0713819354, -0.0713819394, 6.19357319e-005, -0.997449054, -6.01896111e-005, 0.999999996, 6.64015697e-005, 0, 0, 0, 0, 0, 0, 0, 0.279851929, -0.179785498, -0.130052734, -0.309511466, 0.713702479, -0.628208978, -0.811157227, 0.146484375, 0.566040039, 0.496053827, 0.68487016, 0.533800585, 0, 0, -0, 0, 0, 0, 0, 0.32938999, -0.16134585, -0.115152051, 0.0279201629, -0.0148960054, -0.999459911, 0.501220703, -0.864746094, 0.0269775391, -0.864733689, -0.501742176, -0.0166727185, 0, 1, 1, 1, 
263.187518, 13, 0.1, 0.1, 0.0183116486, 0.352335047, -0.019941928, 0.9974492, -0.000105027548, -0.0713798478, -0.0713798579, -9.5127646e-005, -0.9974492, 9.79694465e-005, 0.99999999, -0.000102381846, 0.997449181, -5.07816691e-005, -0.0713801671, -0.0713801698, -5.28566286e-005, -0.997449181, 4.68792193e-005, 0.999999997, -5.6346605e-005, 0, 0, 0, 0, 0, 0, 0, 0.279851929, -0.179785498, -0.130052734, -0.309511466, 0.713702479, -0.628208978, -0.811157227, 0.146484375, 0.566040039, 0.496053827, 0.68487016, 0.533800585, 0, 0, -0, 0, 0, 0, 0, 0.32938999, -0.16134585, -0.115152051, 0.0279201629, -0.0148960054, -0.999459911, 0.501220703, -0.864746094, 0.0269775391, -0.864733689, -0.501742176, -0.0166727185, 0, 1, 1, 1, 
263.18881, 13, 0.1, 0.1, 0.0183116479, 0.352335046, -0.0199359848, 0.997449288, 0.000141030774, -0.0713785491, -0.0713785666, 0.000123507927, -0.997449289, -0.000131855228, 0.999999982, 0.000133259469, 0.997449278, 8.18908067e-005, -0.0713787884, -0.0713787947, 7.68430596e-005, -0.997449278, -7.61969615e-005, 0.999999994, 8.24923214e-005, 0, 0, 0, 0, 0, 0, 0, 0.279851929, -0.179785498, -0.130052734, -0.309511466, 0.713702479, -0.628208978, -0.811157227, 0.146484375, 0.566040039, 0.496053827, 0.68487016, 0.533800585, 0, 0, -0, 0, 0, 0, 0, 0.32938999, -0.16134585, -0.115152051, 0.0279201629, -0.0148960054, -0.999459911, 0.501220703, -0.864746094, 0.0269775391, -0.864733689, -0.501742176, -0.0166727185, 0, 1, 1, 1, 
263.190157, 13, 0.1, 0.1, 0.0183116374, 0.352335041, -0.0199338438, 0.997449362, -0.000137513406, -0.0713775226, -0.0713775388, -0.00011686843, -0.997449364, 0.00012882088, 0.999999984, -0.00012638571, 0.997449356, -7.32148273e-005, -0.0713777076, -0.0713777125, -6.78902666e-005, -0.997449356, 6.81822308e-005, 0.999999995, -7.29430096e-005, 0, 0, 0, 0, 0, 0, 0, 0.279259229, -0.179686255, -0.13063103, -0.308145911, 0.715789196, -0.626469738, -0.810180664, 0.147583008, 0.567138672, 0.498432975, 0.682438594, 0.534637443, 0, 0, -0, 0, 0, 0, 0, 0.328865381, -0.160999561, -0.115596826, 0.0268530682, -0.0132474224, -0.999472671, 0.500732422, -0.865234375, 0.0249023438, -0.865091331, -0.501077932, -0.0165513169, 0, 1, 1, 1, 
263.191449, 13, 0.1, 0.1, 0.0183116488, 0.352335053, -0.0199362197, 0.997449426, 0.000109695226, -0.0713766867, -0.0713766973, 9.59267759e-005, -0.997449426, -0.000102568505, 0.999999989, 0.00010351179, 0.997449419, 4.90857206e-005, -0.0713768473, -0.0713768495, 4.32009952e-005, -0.997449419, -4.58769727e-005, 0.999999998, 4.65943917e-005, 0, 0, 0, 0, 0, 0, 0, 0.279259229, -0.179686255, -0.13063103, -0.308145911, 0.715789196, -0.626469738, -0.810180664, 0.147583008, 0.567138672, 0.498432975, 0.682438594, 0.534637443, 0, 0, -0, 0, 0, 0, 0, 0.328865381, -0.160999561, -0.115596826, 0.0268530682, -0.0132474224, -0.999472671, 0.500732422, -0.865234375, 0.0249023438, -0.865091331, -0.501077932, -0.0165513169, 0, 1, 1, 1, 
263.192789, 13, 0.1, 0.1, 0.0183116404, 0.352335046, -0.0199415192, 0.997449479, -0.000115865387, -0.0713759297, -0.0713759406, -9.27620988e-005, -0.997449481, 0.000108948889, 0.999999989, -0.000100795508, 0.997449473, -6.2499928e-005, -0.0713760792, -0.0713760822, -4.70968995e-005, -0.997449474, 5.89789283e-005, 0.999999997, -5.14377776e-005, 0, 0, 0, 0, 0, 0, 0, 0.278412036, -0.179810254, -0.13120249, -0.307427376, 0.717875912, -0.624565746, -0.80871582, 0.148803711, 0.568969727, 0.501408968, 0.680007028, 0.53495384, 0, 0, -0, 0, 0, 0, 0, 0.328282666, -0.160884814, -0.11625459, 0.0249361622, -0.0117202409, -0.99956199, 0.50012207, -0.865600586, 0.0227050781, -0.865538291, -0.500426448, -0.0157015057, 0, 1, 1, 1, 
263.19409, 13, 0.1, 0.1, 0.0183116475, 0.352335056, -0.0199463483, 0.997449537, 0.000102582286, -0.0713751371, -0.0713751453, 7.82812974e-005, -0.997449539, -9.67333159e-005, 0.999999992, 8.54034694e-005, 0.99744953, 5.16672641e-005, -0.0713752956, -0.0713752974, 3.38508802e-005, -0.99744953, -4.91193718e-005, 0.999999998, 3.74523109e-005, 0, 0, 0, 0, 0, 0, 0, 0.278412036, -0.179810254, -0.13120249, -0.307427376, 0.717875912, -0.624565746, -0.80871582, 0.148803711, 0.568969727, 0.501408968, 0.680007028, 0.53495384, 0, 0, -0, 0, 0, 0, 0, 0.328282666, -0.160884814, -0.11625459, 0.0249361622, -0.0117202409, -0.99956199, 0.50012207, -0.865600586, 0.0227050781, -0.865538291, -0.500426448, -0.0157015057, 0, 1, 1, 1, 
263.19538, 13, 0.1, 0.1, 0.0183116379, 0.352335048, -0.0199491104, 0.997449599, -8.91047655e-005, -0.0713742901, -0.0713742963, -6.84406079e-005, -0.9974496, 8.39926129e-005, 0.999999994, -7.46258469e-005, 0.99744959, -4.45923825e-005, -0.0713744573, -0.0713744587, -3.0128201e-005, -0.997449591, 4.23282697e-005, 0.999999999, -3.32341189e-005, 0, 0, 0, 0, 0, 0, 0, 0.278412036, -0.179810254, -0.13120249, -0.307427376, 0.717875912, -0.624565746, -0.80871582, 0.148803711, 0.568969727, 0.501408968, 0.680007028, 0.53495384, 0, 0, -0, 0, 0, 0, 0, 0.328282666, -0.160884814, -0.11625459, 0.0249361622, -0.0117202409, -0.99956199, 0.50012207, -0.865600586, 0.0227050781, -0.865538291, -0.500426448, -0.0157015057, 0, 1, 1, 1, 
263.196705, 13, 0.1, 0.1, 0.0183116364, 0.352335049, -0.0199483472, 0.997449661, 0.000115431776, -0.0713733917, -0.0713734026, 9.34421453e-005, -0.997449662, -0.000108468103, 0.999999989, 0.000101442595, 0.997449651, 6.4432058e-005, -0.0713735889, -0.0713735921, 4.88533323e-005, -0.997449652, -6.07808962e-005, 0.999999997, 5.33274867e-005, 0, 0, 0, 0, 0, 0, 0, 0.278412036, -0.179810254, -0.13120249, -0.308068405, 0.715934851, -0.626375379, -0.80859375, 0.149902344, 0.568847656, 0.501263313, 0.681797565, 0.532892211, 0, 0, -0, 0, 0, 0, 0, 0.328282666, -0.160884814, -0.11625459, 0.0249361622, -0.0117202409, -0.99956199, 0.50012207, -0.865600586, 0.0227050781, -0.865538291, -0.500426448, -0.0157015057, 0, 1, 1, 1, 
263.197918, 13, 0.1, 0.1, 0.0183116252, 0.352335038, -0.0199447292, 0.997449726, -9.39843996e-005, -0.0713725085, -0.0713725149, -6.64268988e-005, -0.997449728, 8.90036594e-005, 0.999999993, -7.2965395e-005, 0.99744972, -6.06420459e-005, -0.0713726295, -0.0713726318, -3.75360886e-005, -0.997449721, 5.78083424e-005, 0.999999997, -4.17685435e-005, 0, 0, 0, 0, 0, 0, 0, 0.278378833, -0.179904004, -0.130631519, -0.308068405, 0.715934851, -0.626375379, -0.80859375, 0.149902344, 0.568847656, 0.501263313, 0.681797565, 0.532892211, 0, 0, -0, 0, 0, 0, 0, 0.328327588, -0.160791211, -0.115579736, 0.0255176506, -0.0135029854, -0.999600269, 0.500610352, -0.865234375, 0.0245361328, -0.865231689, -0.50098205, -0.0153373009, 0, 1, 1, 1, 
263.198717, 13, 0.1, 0.1, 0.018311633, 0.352335045, -0.0199475443, 0.997449772, 4.37066841e-005, -0.0713719112, -0.0713719123, 2.52272699e-005, -0.997449773, -4.17947037e-005, 0.999999999, 2.82823643e-005, 0.997449765, 8.45161409e-006, -0.0713720277, -0.0713720277, 1.4144968e-006, -0.997449765, -8.32910498e-006, 1, 2.01409834e-006, 0, 0, 0, 0, 0, 0, 0, 0.278378833, -0.179904004, -0.130631519, -0.308068405, 0.715934851, -0.626375379, -0.80859375, 0.149902344, 0.568847656, 0.501263313, 0.681797565, 0.532892211, 0, 0, -0, 0, 0, 0, 0, 0.328327588, -0.160791211, -0.115579736, 0.0255176506, -0.0135029854, -0.999600269, 0.500610352, -0.865234375, 0.0245361328, -0.865231689, -0.50098205, -0.0153373009, 0, 1, 1, 1, 
263.199522, 13, 0.1, 0.1, 0.0183116289, 0.352335048, -0.0199560241, 0.997449807, -4.26142623e-005, -0.0713714244, -0.071371427, -6.22587048e-005, -0.997449806, 3.80620953e-005, 0.999999997, -6.51413738e-005, 0.997449801, -1.73922305e-005, -0.0713715166, -0.0713715172, -4.01960225e-005, -0.997449801, 1.44790258e-005, 0.999999999, -4.13348245e-005, 0, 0, 0, 0, 0, 0, 0, 0.278378833, -0.179904004, -0.130631519, -0.308068405, 0.715934851, -0.626375379, -0.80859375, 0.149902344, 0.568847656, 0.501263313, 0.681797565, 0.532892211, 0, 0, -0, 0, 0, 0, 0, 0.328327588, -0.160791211, -0.115579736, 0.0255176506, -0.0135029854, -0.999600269, 0.500610352, -0.865234375, 0.0245361328, -0.865231689, -0.50098205, -0.0153373009, 0, 1, 1, 1, 
263.200327, 13, 0.1, 0.1, 0.0183116314, 0.352335054, -0.019966511, 0.997449833, 3.07416088e-005, -0.0713710635, -0.0713710642, 2.1552599e-005, -0.997449834, -2.91249806e-005, 0.999999999, 2.36916977e-005, 0.997449829, 1.13146827e-005, -0.0713711299, -0.0713711299, -6.39191178e-007, -0.997449829, -1.13314481e-005, 1, 1.69980557e-007, 0, 0, 0, 0, 0, 0, 0, 0.278378833, -0.179904004, -0.130631519, -0.308068405, 0.715934851, -0.626375379, -0.80859375, 0.149902344, 0.568847656, 0.501263313, 0.681797565, 0.532892211, 0, 0, -0, 0, 0, 0, 0, 0.328327588, -0.160791211, -0.115579736, 0.0255176506, -0.0135029854, -0.999600269, 0.500610352, -0.865234375, 0.0245361328, -0.865231689, -0.50098205, -0.0153373009, 0, 1, 1, 1, 
263.201127, 13, 0.1, 0.1, 0.018311628, 0.352335051, -0.0199753357, 0.997449864, -2.20795271e-005, -0.0713706367, -0.0713706372, -2.14551804e-005, -0.997449864, 2.04919514e-005, 1, -2.29762967e-005, 0.997449856, -7.1120007e-006, -0.0713707597, -0.0713707597, 5.35956616e-006, -0.997449856, 7.47638038e-006, 1, 4.8383096e-006, 0, 0, 0, 0, 0, 0, 0, 0.278378833, -0.179904004, -0.130631519, -0.308068405, 0.715934851, -0.626375379, -0.80859375, 0.149902344, 0.568847656, 0.501263313, 0.681797565, 0.532892211, 0, 0, -0, 0, 0, 0, 0, 0.328327588, -0.160791211, -0.115579736, 0.0255176506, -0.0135029854, -0.999600269, 0.500610352, -0.865234375, 0.0245361328, -0.865231689, -0.50098205, -0.0153373009, 0, 1, 1, 1, 
263.201966, 13, 0.1, 0.1, 0.0183116298, 0.35233506, -0.0199797688, 0.997449922, 1.41297535e-005, -0.0713698282, -0.0713698278, -2.44808426e-005, -0.997449922, -1.58409151e-005, 1, -2.34099765e-005, 0.997449909, 3.93228911e-006, -0.0713700094, -0.0713700092, -4.04731603e-005, -0.997449909, -6.81083124e-006, 0.999999999, -4.00893026e-005, 0, 0, 0, 0, 0, 0, 0, 0.27834563, -0.180216235, -0.130060547, -0.308709434, 0.71409526, -0.628185013, -0.808349609, 0.151000977, 0.568847656, 0.501117659, 0.683448438, 0.530830582, 0, 0, -0, 0, 0, 0, 0, 0.328325879, -0.161108936, -0.114891455, 0.0255304104, -0.014998084, -0.999555427, 0.500366211, -0.865356445, 0.0257568359, -0.86535309, -0.500770963, -0.0145961315, 0, 1, 1, 1, 
263.202771, 13, 0.1, 0.1, 0.018311628, 0.352335057, -0.0199785688, 0.997450006, -2.29379039e-006, -0.0713686635, -0.0713686635, 1.38379542e-005, -0.997450006, 3.27553753e-006, 1, 1.36389628e-005, 0.997449988, -4.46688963e-006, -0.0713689061, -0.071368906, 2.2984977e-005, -0.997449988, 6.09591167e-006, 1, 2.2607568e-005, 0, 0, 0, 0, 0, 0, 0, 0.27834563, -0.180216235, -0.130060547, -0.308709434, 0.71409526, -0.628185013, -0.808349609, 0.151000977, 0.568847656, 0.501117659, 0.683448438, 0.530830582, 0, 0, -0, 0, 0, 0, 0, 0.328325879, -0.161108936, -0.114891455, 0.0255304104, -0.014998084, -0.999555427, 0.500366211, -0.865356445, 0.0257568359, -0.86535309, -0.500770963, -0.0145961315, 0, 1, 1, 1, 
263.203575, 13, 0.1, 0.1, 0.018311628, 0.352335058, -0.0199728983, 0.997450085, -1.84114649e-005, -0.0713675549, -0.0713675549, 3.32790799e-006, -0.997450085, 1.86020219e-005, 1, 2.00544087e-006, 0.99745007, -1.34398848e-005, -0.0713677576, -0.0713677576, 2.09703688e-006, -0.997450071, 1.35552749e-005, 1, 1.13251515e-006, 0, 0, 0, 0, 0, 0, 0, 0.27834563, -0.180216235, -0.130060547, -0.308709434, 0.71409526, -0.628185013, -0.808349609, 0.151000977, 0.568847656, 0.501117659, 0.683448438, 0.530830582, 0, 0, -0, 0, 0, 0, 0, 0.328325879, -0.161108936, -0.114891455, 0.0255304104, -0.014998084, -0.999555427, 0.500366211, -0.865356445, 0.0257568359, -0.86535309, -0.500770963, -0.0145961315, 0, 1, 1, 1, 
263.204405, 13, 0.1, 0.1, 0.0183116272, 0.352335057, -0.0199646427, 0.997450168, 4.08376377e-006, -0.0713663976, -0.0713663976, -4.67171034e-006, -0.997450168, -4.40675399e-006, 1, -4.36835475e-006, 0.99745015, -3.07097505e-007, -0.0713666486, -0.0713666486, 8.51810881e-006, -0.99745015, 9.1422333e-007, 1, 8.47447239e-006, 0, 0, 0, 0, 0, 0, 0, 0.27834563, -0.180216235, -0.130060547, -0.308709434, 0.71409526, -0.628185013, -0.808349609, 0.151000977, 0.568847656, 0.501117659, 0.683448438, 0.530830582, 0, 0, -0, 0, 0, 0, 0, 0.328261182, -0.161223438, -0.114404443, 0.0245464378, -0.0167104662, -0.999491261, 0.500366211, -0.865234375, 0.0267333984, -0.865333767, -0.500828199, -0.0128709895, 0, 1, 1, 1, 
263.20523, 13, 0.1, 0.1, 0.018311626, 0.352335057, -0.0199567928, 0.997450247, 2.0363916e-005, -0.0713652823, -0.0713652823, -3.75808317e-006, -0.997450248, -2.05801897e-005, 1, -2.29522438e-006, 0.997450231, -1.10078361e-006, -0.0713655126, -0.0713655126, -3.22969534e-006, -0.997450231, 8.67488001e-007, 1, -3.30001835e-006, 0, 0, 0, 0, 0, 0, 0, 0.27834563, -0.180216235, -0.130060547, -0.308709434, 0.71409526, -0.628185013, -0.808349609, 0.151000977, 0.568847656, 0.501117659, 0.683448438, 0.530830582, 0, 0, -0, 0, 0, 0, 0, 0.328261182, -0.161223438, -0.114404443, 0.0245464378, -0.0167104662, -0.999491261, 0.500366211, -0.865234375, 0.0267333984, -0.865333767, -0.500828199, -0.0128709895, 0, 1, 1, 1, 
263.206037, 13, 0.1, 0.1, 0.0183116263, 0.352335055, -0.019952271, 0.997450337, -1.72534312e-005, -0.071364034, -0.0713640337, 1.49019918e-005, -0.997450337, 1.8272907e-005, 1, 1.36327223e-005, 0.99745032, -2.6164647e-005, -0.0713642611, -0.0713642612, -1.06214972e-006, -0.997450321, 2.6022136e-005, 1, -2.92666228e-006, 0, 0, 0, 0, 0, 0, 0, 0.27834563, -0.180216235, -0.130060547, -0.308709434, 0.71409526, -0.628185013, -0.808349609, 0.151000977, 0.568847656, 0.501117659, 0.683448438, 0.530830582, 0, 0, -0, 0, 0, 0, 0, 0.328261182, -0.161223438, -0.114404443, 0.0245464378, -0.0167104662, -0.999491261, 0.500366211, -0.865234375, 0.0267333984, -0.865333767, -0.500828199, -0.0128709895, 0, 1, 1, 1, 
263.206858, 13, 0.1, 0.1, 0.0183116272, 0.352335054, -0.019952153, 0.997450392, -3.37254287e-005, -0.0713632606, -0.0713632603, 1.17517914e-005, -0.997450392, 3.44780883e-005, 0.999999999, 9.31507244e-006, 0.997450383, -2.49697205e-005, -0.0713633916, -0.0713633913, 1.17254807e-005, -0.997450383, 2.57428273e-005, 1, 9.9136613e-006, 0, 0, 0, 0, 0, 0, 0, 0.278452905, -0.1800854, -0.129900049, -0.311000215, 0.712173295, -0.629246154, -0.807250977, 0.151367187, 0.5703125, 0.501480483, 0.685359543, 0.528032444, 0, 0, -0, 0, 0, 0, 0, 0.328261182, -0.161223438, -0.114404443, 0.0245464378, -0.0167104662, -0.999491261, 0.500366211, -0.865234375, 0.0267333984, -0.865333767, -0.500828199, -0.0128709895, 0, 1, 1, 1, 
263.207665, 13, 0.1, 0.1, 0.0183116283, 0.352335054, -0.019956244, 0.997450455, -2.2817019e-005, -0.0713623811, -0.0713623812, -5.90023486e-006, -0.997450455, 2.23377911e-005, 1, -7.51346875e-006, 0.997450441, 1.45063755e-006, -0.0713625763, -0.0713625763, 8.37850251e-006, -0.997450441, -8.49027536e-007, 1, 8.46066226e-006, 0, 0, 0, 0, 0, 0, 0, 0.278452905, -0.1800854, -0.129900049, -0.311000215, 0.712173295, -0.629246154, -0.807250977, 0.151367187, 0.5703125, 0.501480483, 0.685359543, 0.528032444, 0, 0, -0, 0, 0, 0, 0, 0.328261182, -0.161223438, -0.114404443, 0.0245464378, -0.0167104662, -0.999491261, 0.500366211, -0.865234375, 0.0267333984, -0.865333767, -0.500828199, -0.0128709895, 0, 1, 1, 1, 
263.20848, 13, 0.1, 0.1, 0.0183116289, 0.352335054, -0.0199628979, 0.997450507, 5.55874601e-006, -0.0713616614, -0.0713616613, -1.00634605e-005, -0.997450507, -6.26271929e-006, 1, -9.64112242e-006, 0.997450499, 1.10115466e-005, -0.0713617644, -0.0713617643, -9.85461849e-006, -0.997450499, -1.16867157e-005, 1, -9.04369074e-006, 0, 0, 0, 0, 0, 0, 0, 0.278452905, -0.1800854, -0.129900049, -0.311000215, 0.712173295, -0.629246154, -0.807250977, 0.151367187, 0.5703125, 0.501480483, 0.685359543, 0.528032444, 0, 0, -0, 0, 0, 0, 0, 0.328261182, -0.161223438, -0.114404443, 0.0245464378, -0.0167104662, -0.999491261, 0.500366211, -0.865234375, 0.0267333984, -0.865333767, -0.500828199, -0.0128709895, 0, 1, 1, 1, 
263.209311, 13, 0.1, 0.1, 0.0183116286, 0.352335055, -0.0199695175, 0.997450546, 1.77692693e-005, -0.0713611027, -0.0713611027, 6.64673347e-007, -0.997450547, -1.76765356e-005, 1, 1.93101345e-006, 0.997450537, 1.04306585e-005, -0.0713612368, -0.0713612367, -9.53677137e-006, -0.997450537, -1.10846217e-005, 1, -8.76811304e-006, 0, 0, 0, 0, 0, 0, 0, 0.278055615, -0.180218921, -0.130038574, -0.310199305, 0.714057068, -0.627602393, -0.805908203, 0.152587891, 0.571899414, 0.504196245, 0.683207304, 0.528266466, 0, 0, -0, 0, 0, 0, 0, 0.327954687, -0.161354883, -0.114622559, 0.0235176225, -0.0157454501, -0.999529541, 0.499267578, -0.865966797, 0.025390625, -0.866055614, -0.499499345, -0.0125067847, 0, 1, 1, 1, 
263.210118, 13, 0.1, 0.1, 0.018311627, 0.352335055, -0.0199737104, 0.997450591, 1.45588708e-005, -0.0713604746, -0.0713604746, 1.27273021e-006, -0.997450592, -1.44309317e-005, 1, 2.30841343e-006, 0.997450584, 9.03780607e-008, -0.0713605758, -0.0713605758, 2.18838479e-006, -0.997450584, 6.60167494e-008, 1, 2.18925512e-006, 0, 0, 0, 0, 0, 0, 0, 0.278055615, -0.180218921, -0.130038574, -0.310199305, 0.714057068, -0.627602393, -0.805908203, 0.152587891, 0.571899414, 0.504196245, 0.683207304, 0.528266466, 0, 0, -0, 0, 0, 0, 0, 0.327954687, -0.161354883, -0.114622559, 0.0235176225, -0.0157454501, -0.999529541, 0.499267578, -0.865966797, 0.025390625, -0.866055614, -0.499499345, -0.0125067847, 0, 1, 1, 1, 
263.210922, 13, 0.1, 0.1, 0.0183116253, 0.352335056, -0.0199745978, 0.997450618, -1.56037499e-006, -0.0713601031, -0.0713601031, -5.3428763e-006, -0.997450618, 1.17512879e-006, 1, -5.44060378e-006, 0.997450613, -5.44954521e-006, -0.0713601767, -0.0713601767, 3.79498769e-006, -0.997450613, 5.7064632e-006, 1, 3.39643229e-006, 0, 0, 0, 0, 0, 0, 0, 0.278055615, -0.180218921, -0.130038574, -0.310199305, 0.714057068, -0.627602393, -0.805908203, 0.152587891, 0.571899414, 0.504196245, 0.683207304, 0.528266466, 0, 0, -0, 0, 0, 0, 0, 0.327954687, -0.161354883, -0.114622559, 0.0235176225, -0.0157454501, -0.999529541, 0.499267578, -0.865966797, 0.025390625, -0.866055614, -0.499499345, -0.0125067847, 0, 1, 1, 1, 
263.211743, 13, 0.1, 0.1, 0.0183116239, 0.352335056, -0.01997198, 0.997450655, -1.37653999e-005, -0.0713595929, -0.0713595929, -3.11090341e-006, -0.997450655, 1.35083144e-005, 1, -4.08526598e-006, 0.997450647, -8.36445343e-006, -0.071359693, -0.071359693, -4.06261324e-006, -0.997450647, 8.05322266e-006, 1, -4.64914104e-006, 0, 0, 0, 0, 0, 0, 0, 0.278055615, -0.180218921, -0.130038574, -0.310199305, 0.714057068, -0.627602393, -0.805908203, 0.152587891, 0.571899414, 0.504196245, 0.683207304, 0.528266466, 0, 0, -0, 0, 0, 0, 0, 0.327954687, -0.161354883, -0.114622559, 0.0235176225, -0.0157454501, -0.999529541, 0.499267578, -0.865966797, 0.025390625, -0.866055614, -0.499499345, -0.0125067847, 0, 1, 1, 1, 
263.212668, 13, 0.1, 0.1, 0.018311623, 0.352335055, -0.0199654381, 0.997450676, -1.92394043e-005, -0.0713592956, -0.0713592953, 1.25166926e-005, -0.997450676, 2.00835392e-005, 1, 1.11118731e-005, 0.997450674, 4.37859141e-006, -0.0713593249, -0.0713593249, -5.05026483e-006, -0.997450674, -4.72781245e-006, 1, -4.72493673e-006, 0, 0, 0, 0, 0, 0, 0, 0.278055615, -0.180218921, -0.130038574, -0.310199305, 0.714057068, -0.627602393, -0.805908203, 0.152587891, 0.571899414, 0.504196245, 0.683207304, 0.528266466, 0, 0, -0, 0, 0, 0, 0, 0.327954687, -0.161354883, -0.114622559, 0.0235176225, -0.0157454501, -0.999529541, 0.499267578, -0.865966797, 0.025390625, -0.866055614, -0.499499345, -0.0125067847, 0, 1, 1, 1, 
263.213487, 13, 0.1, 0.1, 0.0183116236, 0.352335054, -0.0199588573, 0.997450697, 2.92908887e-006, -0.0713589963, -0.0713589963, 1.17445669e-005, -0.997450697, -2.08354122e-006, 1, 1.19236433e-005, 0.997450691, 1.1359655e-005, -0.0713590852, -0.0713590854, 1.17845619e-005, -0.997450691, -1.04897601e-005, 1, 1.2565134e-005, 0, 0, 0, 0, 0, 0, 0, 0.278055615, -0.180218921, -0.130038574, -0.310199305, 0.714057068, -0.627602393, -0.805908203, 0.152587891, 0.571899414, 0.504196245, 0.683207304, 0.528266466, 0, 0, -0, 0, 0, 0, 0, 0.327954687, -0.161354883, -0.114622559, 0.0235176225, -0.0157454501, -0.999529541, 0.499267578, -0.865966797, 0.025390625, -0.866055614, -0.499499345, -0.0125067847, 0, 1, 1, 1, 
263.214329, 13, 0.1, 0.1, 0.0183116256, 0.352335054, -0.0199541343, 0.997450722, 1.57748249e-005, -0.0713586551, -0.071358655, -1.02527828e-005, -0.997450722, -1.64662352e-005, 1, -9.10097529e-006, 0.997450721, 7.82501802e-006, -0.07135867, -0.0713586701, 7.78978938e-006, -0.997450721, -7.24920085e-006, 1, 8.32831391e-006, 0, 0, 0, 0, 0, 0, 0, 0.278037183, -0.179678687, -0.130351636, -0.310630278, 0.71599813, -0.625063364, -0.804931641, 0.151367187, 0.573608398, 0.505376832, 0.681416766, 0.529471018, 0, 0, -0, 0, 0, 0, 0, 0.32788999, -0.161028857, -0.11462915, 0.0225336499, -0.0141289498, -0.999663702, 0.499389648, -0.865966797, 0.0235595703, -0.866036291, -0.499697672, -0.0123981429, 0, 1, 1, 1, 
263.215136, 13, 0.1, 0.1, 0.0183116259, 0.352335054, -0.0199535384, 0.997450726, 1.70751553e-005, -0.071358597, -0.0713585968, -1.1310892e-005, -0.997450726, -1.78387554e-005, 1, -1.00635983e-005, 0.997450723, -1.1242727e-005, -0.07135864, -0.0713586401, -9.66473835e-006, -0.997450723, 1.05244036e-005, 1, -1.0442366e-005, 0, 0, 0, 0, 0, 0, 0, 0.278037183, -0.179678687, -0.130351636, -0.310630278, 0.71599813, -0.625063364, -0.804931641, 0.151367187, 0.573608398, 0.505376832, 0.681416766, 0.529471018, 0, 0, -0, 0, 0, 0, 0, 0.32788999, -0.161028857, -0.11462915, 0.0225336499, -0.0141289498, -0.999663702, 0.499389648, -0.865966797, 0.0235595703, -0.866036291, -0.499697672, -0.0123981429, 0, 1, 1, 1, 
263.215958, 13, 0.1, 0.1, 0.018311624, 0.352335054, -0.0199567151, 0.997450753, -2.0890079e-006, -0.0713582224, -0.0713582223, 7.14571081e-006, -0.997450753, 2.59358773e-006, 1, 6.97842673e-006, 0.997450748, -1.25356998e-005, -0.0713582893, -0.0713582894, -8.67220743e-006, -0.997450748, 1.18849092e-005, 1, -9.54462588e-006, 0, 0, 0, 0, 0, 0, 0, 0.278037183, -0.179678687, -0.130351636, -0.310630278, 0.71599813, -0.625063364, -0.804931641, 0.151367187, 0.573608398, 0.505376832, 0.681416766, 0.529471018, 0, 0, -0, 0, 0, 0, 0, 0.32788999, -0.161028857, -0.11462915, 0.0225336499, -0.0141289498, -0.999663702, 0.499389648, -0.865966797, 0.0235595703, -0.866036291, -0.499697672, -0.0123981429, 0, 1, 1, 1, 
263.216765, 13, 0.1, 0.1, 0.0183116208, 0.352335054, -0.0199621559, 0.997450755, -9.81246121e-006, -0.0713581871, -0.071358187, 6.28339636e-006, -0.997450755, 1.02358186e-005, 1, 5.567179e-006, 0.997450755, -2.17534563e-006, -0.0713581867, -0.0713581867, 5.9861669e-006, -0.997450755, 2.59696216e-006, 1, 5.81567798e-006, 0, 0, 0, 0, 0, 0, 0, 0.278037183, -0.179678687, -0.130351636, -0.310630278, 0.71599813, -0.625063364, -0.804931641, 0.151367187, 0.573608398, 0.505376832, 0.681416766, 0.529471018, 0, 0, -0, 0, 0, 0, 0, 0.32788999, -0.161028857, -0.11462915, 0.0225336499, -0.0141289498, -0.999663702, 0.499389648, -0.865966797, 0.0235595703, -0.866036291, -0.499697672, -0.0123981429, 0, 1, 1, 1, 
