time, trialNum, realDorsalTactorPos, realVentralTactorPos, boxPosX, boxPosY, boxPosZ, boxLocalRot_11, boxLocalRot_12, boxLocalRot_13, boxLocalRot_21, boxLocalRot_22, boxLocalRot_23, boxLocalRot_31, boxLocalRot_32, boxLocalRot_33, boxGlobalRot_11, boxGlobalRot_12, boxGlobalRot_13, boxGlobalRot_21, boxGlobalRot_22, boxGlobalRot_23, boxGlobalRot_31, boxGlobalRot_32, boxGlobalRot_33, indexForceX, indexForceY, indexForceZ, indexForceGlobalX, indexForceGlobalY, indexForceGlobalZ, indexContact, indexPosX, indexPosY, indexPosZ, indexRot_11, indexRot_12, indexRot_13, indexRot_21, indexRot_22, indexRot_23, indexRot_31, indexRot_32, indexRot_33, thumbForceX, thumbForceY, thumbForceZ, thumbForceGlobalX, thumbForceGlobalY, thumbForceGlobalZ, thumbContact, thumbPosX, thumbPosY, thumbPosZ, thumbRot_11, thumbRot_12, thumbRot_13, thumbRot_21, thumbRot_22, thumbRot_23, thumbRot_31, thumbRot_32, thumbRot_33, manipForceTooHigh, cceExpType, mapping, trialSuccess, 
683.948581, 46, 0.1, 0.1, -0.00731241035, 0.382867481, -0.0199619515, 0.738964713, -3.06770535e-005, -0.67374413, 0.67374413, -5.33674061e-006, 0.738964713, -2.62648577e-005, -1, 1.67248217e-005, 0.738964635, 1.24172025e-005, -0.673744216, 0.673744216, -2.24170732e-006, 0.738964635, 7.6655362e-006, -1, -1.00225608e-005, 0, 0, 0, 0, 0, 0, 0, 0.273635571, -0.138367383, -0.178508447, 0.00121176923, 0.700896148, -0.713116209, -0.905395508, 0.303344727, 0.296630859, 0.424346369, 0.645371594, 0.635246026, -0, 0, 0, 0, 0, 0, 0, 0.308400098, -0.105252881, -0.166198145, -0.00121805363, -0.11100156, -0.993743039, 0.475708008, -0.874145508, 0.0971679688, -0.879456796, -0.47256561, 0.0538914936, 0, 1, 5, 1, 
683.982107, 46, 0.1, 0.1, -0.0073124029, 0.382867491, -0.0199640764, 0.73894085, -2.65248949e-005, -0.673770302, 0.673770302, 1.53771907e-006, 0.73894085, -1.85642589e-005, -1, 1.90079699e-005, 0.738941147, -2.62128219e-005, -0.673769976, 0.673769977, 1.0331651e-005, 0.738941147, -1.24085764e-005, -1, 2.52958945e-005, 0, 0, 0, 0, 0, 0, 0, 0.285968018, -0.140442383, -0.176048877, -0.00973776202, 0.740622006, -0.671688972, -0.913818359, 0.266113281, 0.306640625, 0.405935119, 0.616833088, 0.674413612, -0, 0, 0, 0, 0, 0, 0, 0.316442432, -0.108963672, -0.162589648, -0.00685026727, -0.101621223, -0.994771121, 0.512573242, -0.854492187, 0.0837402344, -0.858568792, -0.509261709, 0.0578339473, 0, 1, 5, 1, 
683.982901, 46, 0.1, 0.1, -0.00731240194, 0.382867492, -0.0199620362, 0.738939449, -1.39376854e-005, -0.673771838, 0.673771838, -4.8597849e-006, 0.738939449, -1.35734918e-005, -1, 5.79973312e-006, 0.738939715, 7.02578291e-006, -0.673771547, 0.673771547, 3.08595628e-006, 0.738939715, 7.27085956e-006, -1, -2.45343696e-006, 0, 0, 0, 0, 0, 0, 0, 0.285968018, -0.140442383, -0.176048877, -0.00973776202, 0.740622006, -0.671688972, -0.913818359, 0.266113281, 0.306640625, 0.405935119, 0.616833088, 0.674413612, -0, 0, 0, 0, 0, 0, 0, 0.317396436, -0.108752637, -0.16194165, -0.00685026727, -0.101621223, -0.994771121, 0.512573242, -0.854492187, 0.0837402344, -0.858568792, -0.509261709, 0.0578339473, 0, 1, 5, 1, 
683.983694, 46, 0.1, 0.1, -0.00731240008, 0.382867491, -0.0199612757, 0.738938057, -2.9699437e-006, -0.673773366, 0.673773365, 1.45234421e-005, 0.738938057, 7.59090403e-006, -1, 1.2732993e-005, 0.738938345, 1.8614471e-005, -0.673773049, 0.673773049, 2.40135193e-006, 0.738938346, 1.53729126e-005, -1, -1.07674778e-005, 0, 0, 0, 0, 0, 0, 0, 0.285968018, -0.140442383, -0.176048877, -0.00973776202, 0.740622006, -0.671688972, -0.913818359, 0.266113281, 0.306640625, 0.405935119, 0.616833088, 0.674413612, -0, 0, 0, 0, 0, 0, 0, 0.317396436, -0.108752637, -0.16194165, -0.00685026727, -0.101621223, -0.994771121, 0.512573242, -0.854492187, 0.0837402344, -0.858568792, -0.509261709, 0.0578339473, 0, 1, 5, 1, 
683.984493, 46, 0.1, 0.1, -0.007312401, 0.382867492, -0.0199618249, 0.73893649, 1.0471663e-005, -0.673775084, 0.673775084, 1.07349584e-005, 0.73893649, 1.49708414e-005, -1, 8.76906841e-007, 0.738936807, 1.14787864e-005, -0.673774737, 0.673774737, -1.32848068e-007, 0.738936807, 8.39258812e-006, -1, -7.83228263e-006, 0, 0, 0, 0, 0, 0, 0, 0.285968018, -0.140442383, -0.176048877, -0.00973776202, 0.740622006, -0.671688972, -0.913818359, 0.266113281, 0.306640625, 0.405935119, 0.616833088, 0.674413612, -0, 0, 0, 0, 0, 0, 0, 0.317396436, -0.108752637, -0.16194165, -0.00685026727, -0.101621223, -0.994771121, 0.512573242, -0.854492187, 0.0837402344, -0.858568792, -0.509261709, 0.0578339473, 0, 1, 5, 1, 
683.985289, 46, 0.1, 0.1, -0.00731239997, 0.38286749, -0.0199634933, 0.738934976, 2.00731402e-005, -0.673776744, 0.673776744, -8.49836597e-006, 0.738934976, 9.10674404e-006, -1, -1.98045549e-005, 0.738935281, 3.31743409e-006, -0.673776409, 0.673776409, -1.9661185e-005, 0.738935281, -1.07958735e-005, -1, -1.67635521e-005, 0, 0, 0, 0, 0, 0, 0, 0.285968018, -0.140442383, -0.176048877, -0.00973776202, 0.740622006, -0.671688972, -0.913818359, 0.266113281, 0.306640625, 0.405935119, 0.616833088, 0.674413612, -0, 0, 0, 0, 0, 0, 0, 0.317396436, -0.108752637, -0.16194165, -0.00685026727, -0.101621223, -0.994771121, 0.512573242, -0.854492187, 0.0837402344, -0.858568792, -0.509261709, 0.0578339473, 0, 1, 5, 1, 
683.986081, 46, 0.1, 0.1, -0.00731240066, 0.382867492, -0.0199656618, 0.738933383, -5.70508985e-006, -0.673778491, 0.673778491, -6.60665641e-006, 0.738933383, -8.66710433e-006, -1, -1.03791214e-006, 0.738933709, -2.20031542e-005, -0.673778134, 0.673778134, 1.42646031e-006, 0.738933709, -1.52977546e-005, -1, 1.58793038e-005, 0, 0, 0, 0, 0, 0, 0, 0.285968018, -0.140442383, -0.176048877, -0.00973776202, 0.740622006, -0.671688972, -0.913818359, 0.266113281, 0.306640625, 0.405935119, 0.616833088, 0.674413612, -0, 0, 0, 0, 0, 0, 0, 0.317396436, -0.108752637, -0.16194165, -0.00685026727, -0.101621223, -0.994771121, 0.512573242, -0.854492187, 0.0837402344, -0.858568792, -0.509261709, 0.0578339473, 0, 1, 5, 1, 
683.986904, 46, 0.1, 0.1, -0.00731239986, 0.382867492, -0.0199675004, 0.738931718, -1.34202508e-005, -0.673780318, 0.673780318, -1.02425597e-005, 0.738931718, -1.68178841e-005, -1, 1.47374863e-006, 0.738932061, -1.19365352e-005, -0.673779941, 0.673779941, -2.70301291e-006, 0.738932061, -1.06415245e-005, -1, 6.04525511e-006, 0, 0, 0, 0, 0, 0, 0, 0.287117041, -0.139845386, -0.174976709, -0.0130537359, 0.743572912, -0.668431408, -0.916748047, 0.25793457, 0.30480957, 0.399044802, 0.616736486, 0.678594158, -0, 0, 0, 0, 0, 0, 0, 0.317396436, -0.108752637, -0.16194165, -0.00561656169, -0.100644547, -0.994924606, 0.518310547, -0.851074219, 0.0831298828, -0.855125071, -0.515050706, 0.0569586164, 0, 1, 5, 1, 
683.987698, 46, 0.1, 0.1, -0.00731239881, 0.382867493, -0.0199681299, 0.738930136, -2.1182704e-005, -0.673782052, 0.673782052, 6.36983233e-006, 0.738930136, -1.13606596e-005, -1, 1.89793868e-005, 0.73893046, -3.84539149e-006, -0.673781697, 0.673781697, 1.25529151e-005, 0.73893046, 5.61644752e-006, -1, 1.18666857e-005, 0, 0, 0, 0, 0, 0, 0, 0.287117041, -0.139845386, -0.174976709, -0.0130537359, 0.743572912, -0.668431408, -0.916748047, 0.25793457, 0.30480957, 0.399044802, 0.616736486, 0.678594158, -0, 0, 0, 0, 0, 0, 0, 0.318443457, -0.108809766, -0.161300488, -0.00561656169, -0.100644547, -0.994924606, 0.518310547, -0.851074219, 0.0831298828, -0.855125071, -0.515050706, 0.0569586164, 0, 1, 5, 1, 
683.988491, 46, 0.1, 0.1, -0.00731239837, 0.382867494, -0.019967792, 0.738928495, 5.64272478e-006, -0.673783852, 0.673783852, 3.44517227e-006, 0.738928495, 6.49087157e-006, -1, -1.25624087e-006, 0.738928818, 7.69701133e-006, -0.673783498, 0.673783498, 1.05671105e-005, 0.738928818, 1.28074882e-005, -1, 2.62222326e-006, 0, 0, 0, 0, 0, 0, 0, 0.287117041, -0.139845386, -0.174976709, -0.0130537359, 0.743572912, -0.668431408, -0.916748047, 0.25793457, 0.30480957, 0.399044802, 0.616736486, 0.678594158, -0, 0, 0, 0, 0, 0, 0, 0.318443457, -0.108809766, -0.161300488, -0.00561656169, -0.100644547, -0.994924606, 0.518310547, -0.851074219, 0.0831298828, -0.855125071, -0.515050706, 0.0569586164, 0, 1, 5, 1, 
683.989292, 46, 0.1, 0.1, -0.00731239739, 0.382867493, -0.0199666376, 0.738926933, 1.43020865e-005, -0.673785565, 0.673785565, 5.64101468e-006, 0.738926933, 1.43690312e-005, -1, -5.46824178e-006, 0.738927255, 1.65472772e-005, -0.673785211, 0.673785211, -5.47404198e-006, 0.738927255, 8.5389056e-006, -1, -1.51942295e-005, 0, 0, 0, 0, 0, 0, 0, 0.287117041, -0.139845386, -0.174976709, -0.0130537359, 0.743572912, -0.668431408, -0.916748047, 0.25793457, 0.30480957, 0.399044802, 0.616736486, 0.678594158, -0, 0, 0, 0, 0, 0, 0, 0.318443457, -0.108809766, -0.161300488, -0.00561656169, -0.100644547, -0.994924606, 0.518310547, -0.851074219, 0.0831298828, -0.855125071, -0.515050706, 0.0569586164, 0, 1, 5, 1, 
683.990086, 46, 0.1, 0.1, -0.00731239817, 0.382867494, -0.0199650754, 0.738925295, 2.63988753e-005, -0.673787361, 0.673787362, -1.43368165e-005, 0.738925295, 9.84683093e-006, -1, -2.83810649e-005, 0.738925618, -6.96073304e-006, -0.673787008, 0.673787008, -5.92093607e-006, 0.738925618, -9.13291376e-006, -1, 3.14920138e-007, 0, 0, 0, 0, 0, 0, 0, 0.287117041, -0.139845386, -0.174976709, -0.0130537359, 0.743572912, -0.668431408, -0.916748047, 0.25793457, 0.30480957, 0.399044802, 0.616736486, 0.678594158, -0, 0, 0, 0, 0, 0, 0, 0.318443457, -0.108809766, -0.161300488, -0.00561656169, -0.100644547, -0.994924606, 0.518310547, -0.851074219, 0.0831298828, -0.855125071, -0.515050706, 0.0569586164, 0, 1, 5, 1, 
683.990885, 46, 0.1, 0.1, -0.0073123945, 0.382867491, -0.0199637336, 0.738923909, -2.37179181e-005, -0.673788881, 0.673788881, 2.02890419e-005, 0.738923909, -3.85520593e-006, -1, 3.09729277e-005, 0.738924139, -5.09800316e-006, -0.673788629, 0.673788629, -1.30858085e-005, 0.738924139, -1.25841066e-005, -1, -6.23444323e-006, 0, 0, 0, 0, 0, 0, 0, 0.287117041, -0.139845386, -0.174976709, -0.0130537359, 0.743572912, -0.668431408, -0.916748047, 0.25793457, 0.30480957, 0.399044802, 0.616736486, 0.678594158, -0, 0, 0, 0, 0, 0, 0, 0.318443457, -0.108809766, -0.161300488, -0.00561656169, -0.100644547, -0.994924606, 0.518310547, -0.851074219, 0.0831298828, -0.855125071, -0.515050706, 0.0569586164, 0, 1, 5, 1, 
683.991707, 46, 0.1, 0.1, -0.00731239775, 0.382867499, -0.019962834, 0.738922958, 1.37083836e-006, -0.673789924, 0.673789924, -9.76861219e-006, 0.738922958, -5.56904853e-006, -1, -8.14190889e-006, 0.738923172, -2.01560824e-005, -0.673789689, 0.67378969, 2.09840439e-005, 0.738923172, -7.54963902e-007, -1, 2.90865568e-005, 0, 0, 0, 0, 0, 0, 0, 0.288050757, -0.13972063, -0.173930176, -0.0163244046, 0.746022452, -0.665605938, -0.918823242, 0.251098633, 0.304077148, 0.394001188, 0.616595701, 0.681607222, -0, 0, 0, 0, 0, 0, 0, 0.318443457, -0.108809766, -0.161300488, -0.00508574605, -0.100095874, -0.994886326, 0.52331543, -0.848022461, 0.0826416016, -0.852000712, -0.520270975, 0.0565944116, 0, 1, 5, 1, 
683.992504, 46, 0.1, 0.1, -0.00731239575, 0.382867498, -0.0199625937, 0.738921937, -3.50083886e-005, -0.673791043, 0.673791043, 1.41606888e-005, 0.738921937, -1.6327121e-005, -0.999999999, 3.40519823e-005, 0.738922148, 1.83997898e-006, -0.673790813, 0.673790813, 7.48047312e-007, 0.738922148, 1.86362863e-006, -1, -6.87012206e-007, 0, 0, 0, 0, 0, 0, 0, 0.288050757, -0.13972063, -0.173930176, -0.0163244046, 0.746022452, -0.665605938, -0.918823242, 0.251098633, 0.304077148, 0.394001188, 0.616595701, 0.681607222, -0, 0, 0, 0, 0, 0, 0, 0.319214014, -0.108883252, -0.160412646, -0.00508574605, -0.100095874, -0.994886326, 0.52331543, -0.848022461, 0.0826416016, -0.852000712, -0.520270975, 0.0565944116, 0, 1, 5, 1, 
683.993299, 46, 0.1, 0.1, -0.00731240031, 0.382867504, -0.0199632556, 0.73892115, 1.48774852e-005, -0.673791907, 0.673791907, -3.5021845e-006, 0.73892115, 8.63354493e-006, -1, -1.26121673e-005, 0.738921261, -4.76779747e-006, -0.673791785, 0.673791785, 2.74151014e-005, 0.738921261, 1.49490432e-005, -1, 2.3470104e-005, 0, 0, 0, 0, 0, 0, 0, 0.288050757, -0.13972063, -0.173930176, -0.0163244046, 0.746022452, -0.665605938, -0.918823242, 0.251098633, 0.304077148, 0.394001188, 0.616595701, 0.681607222, -0, 0, 0, 0, 0, 0, 0, 0.319214014, -0.108883252, -0.160412646, -0.00508574605, -0.100095874, -0.994886326, 0.52331543, -0.848022461, 0.0826416016, -0.852000712, -0.520270975, 0.0565944116, 0, 1, 5, 1, 
683.994122, 46, 0.1, 0.1, -0.00731239644, 0.382867501, -0.0199644998, 0.738920729, -1.45778681e-007, -0.673792368, 0.673792368, 2.85279028e-005, 0.738920729, 1.91141643e-005, -1, 2.11780833e-005, 0.73892084, 1.83002104e-005, -0.673792247, 0.673792247, -1.16193482e-006, 0.73892084, 1.27395042e-005, -1, -1.31891178e-005, 0, 0, 0, 0, 0, 0, 0, 0.288734009, -0.139348828, -0.173520166, -0.0201848058, 0.74897935, -0.66213944, -0.920532227, 0.244384766, 0.304443359, 0.389916122, 0.615756598, 0.68476594, -0, 0, 0, 0, 0, 0, 0, 0.319214014, -0.108883252, -0.160412646, -0.00516193841, -0.0992085168, -0.995020487, 0.528320313, -0.845092773, 0.0815429688, -0.848940152, -0.525210161, 0.0567030534, 0, 1, 5, 1, 
683.994917, 46, 0.1, 0.1, -0.00731239853, 0.382867505, -0.0199655999, 0.738920044, 2.65387206e-005, -0.67379312, 0.67379312, -8.00627241e-006, 0.738920044, 1.42154213e-005, -1, -2.37976025e-005, 0.738920197, -9.7017275e-006, -0.673792953, 0.673792953, 4.16826791e-006, 0.738920197, -4.36025285e-006, -1, 9.61697296e-006, 0, 0, 0, 0, 0, 0, 0, 0.288734009, -0.139348828, -0.173520166, -0.0201848058, 0.74897935, -0.66213944, -0.920532227, 0.244384766, 0.304443359, 0.389916122, 0.615756598, 0.68476594, -0, 0, 0, 0, 0, 0, 0, 0.319943066, -0.108928418, -0.159749512, -0.00516193841, -0.0992085168, -0.995020487, 0.528320313, -0.845092773, 0.0815429688, -0.848940152, -0.525210161, 0.0567030534, 0, 1, 5, 1, 
683.995709, 46, 0.1, 0.1, -0.00731239227, 0.382867501, -0.0199665675, 0.738919491, -4.63405893e-006, -0.673793727, 0.673793727, 6.06578191e-006, 0.738919491, 6.62889332e-007, -1, 7.60452432e-006, 0.738919565, 1.06490283e-005, -0.673793645, 0.673793645, -2.14257036e-005, 0.738919565, -6.56772757e-006, -1, -2.30071192e-005, 0, 0, 0, 0, 0, 0, 0, 0.288734009, -0.139348828, -0.173520166, -0.0201848058, 0.74897935, -0.66213944, -0.920532227, 0.244384766, 0.304443359, 0.389916122, 0.615756598, 0.68476594, -0, 0, 0, 0, 0, 0, 0, 0.319943066, -0.108928418, -0.159749512, -0.00516193841, -0.0992085168, -0.995020487, 0.528320313, -0.845092773, 0.0815429688, -0.848940152, -0.525210161, 0.0567030534, 0, 1, 5, 1, 
683.996501, 46, 0.1, 0.1, -0.00731239318, 0.382867503, -0.0199671273, 0.738919108, 1.80057773e-005, -0.673794147, 0.673794147, -1.87958617e-005, 0.738919107, 6.4027129e-007, -1, -2.60208087e-005, 0.738919168, 1.61541015e-006, -0.673794081, 0.673794081, 6.63043185e-006, 0.738919168, 5.66120326e-006, -1, 3.81089938e-006, 0, 0, 0, 0, 0, 0, 0, 0.288734009, -0.139348828, -0.173520166, -0.0201848058, 0.74897935, -0.66213944, -0.920532227, 0.244384766, 0.304443359, 0.389916122, 0.615756598, 0.68476594, -0, 0, 0, 0, 0, 0, 0, 0.319943066, -0.108928418, -0.159749512, -0.00516193841, -0.0992085168, -0.995020487, 0.528320313, -0.845092773, 0.0815429688, -0.848940152, -0.525210161, 0.0567030534, 0, 1, 5, 1, 
683.997296, 46, 0.1, 0.1, -0.00731238968, 0.382867499, -0.0199670676, 0.73891893, -2.05245331e-006, -0.673794342, 0.673794342, 2.09382228e-005, 0.73891893, 1.25914594e-005, -1, 1.68545806e-005, 0.738918984, 1.49841716e-005, -0.673794282, 0.673794282, -6.7240699e-006, 0.738918984, 6.54144897e-006, -1, -1.5064792e-005, 0, 0, 0, 0, 0, 0, 0, 0.288734009, -0.139348828, -0.173520166, -0.0201848058, 0.74897935, -0.66213944, -0.920532227, 0.244384766, 0.304443359, 0.389916122, 0.615756598, 0.68476594, -0, 0, 0, 0, 0, 0, 0, 0.319943066, -0.108928418, -0.159749512, -0.00516193841, -0.0992085168, -0.995020487, 0.528320313, -0.845092773, 0.0815429688, -0.848940152, -0.525210161, 0.0567030534, 0, 1, 5, 1, 
683.998088, 46, 0.1, 0.1, -0.00731239267, 0.382867502, -0.0199664959, 0.738918475, 1.98754732e-005, -0.67379484, 0.673794841, -3.01221122e-006, 0.738918475, 1.2656742e-005, -1, -1.56177698e-005, 0.73891858, -1.46097814e-005, -0.673794725, 0.673794725, 6.80019932e-006, 0.73891858, -6.21350053e-006, -1, 1.48687873e-005, 0, 0, 0, 0, 0, 0, 0, 0.288734009, -0.139348828, -0.173520166, -0.0201848058, 0.74897935, -0.66213944, -0.920532227, 0.244384766, 0.304443359, 0.389916122, 0.615756598, 0.68476594, -0, 0, 0, 0, 0, 0, 0, 0.319943066, -0.108928418, -0.159749512, -0.00516193841, -0.0992085168, -0.995020487, 0.528320313, -0.845092773, 0.0815429688, -0.848940152, -0.525210161, 0.0567030534, 0, 1, 5, 1, 
683.998927, 46, 0.1, 0.1, -0.00731238919, 0.382867501, -0.0199654307, 0.738918122, -2.01464278e-005, -0.673795227, 0.673795228, 2.50856569e-005, 0.738918122, 2.01603531e-006, -0.999999999, 3.21108134e-005, 0.738918159, -2.69267485e-006, -0.673795188, 0.673795188, -8.17148183e-006, 0.738918159, -7.49557148e-006, -1, -4.22374496e-006, 0, 0, 0, 0, 0, 0, 0, 0.289900854, -0.139428882, -0.173122974, -0.0234161606, 0.751859864, -0.658888989, -0.921508789, 0.239135742, 0.305664063, 0.387461711, 0.614435226, 0.687340918, -0, 0, 0, 0, 0, 0, 0, 0.319943066, -0.108928418, -0.159749512, -0.00512948899, -0.098174238, -0.995141889, 0.533447266, -0.841918945, 0.0804443359, -0.845745431, -0.53037939, 0.0566902936, 0, 1, 5, 1, 
684.000247, 46, 0.1, 0.1, -0.00731239859, 0.382867507, -0.0199562084, 0.738917817, -1.14059871e-005, -0.673795562, 0.673795561, -3.70152151e-005, 0.738917817, -3.33687748e-005, -0.999999999, -1.96658984e-005, 0.738917867, -2.07721368e-005, -0.673795507, 0.673795506, -2.13323356e-005, 0.738917868, -2.97225349e-005, -1, -1.76667152e-006, 0, 0, 0, 0, 0, 0, 0, 0.289900854, -0.139428882, -0.173122974, -0.0234161606, 0.751859864, -0.658888989, -0.921508789, 0.239135742, 0.305664063, 0.387461711, 0.614435226, 0.687340918, -0, 0, 0, 0, 0, 0, 0, 0.320682129, -0.108968701, -0.159311328, -0.00512948899, -0.098174238, -0.995141889, 0.533447266, -0.841918945, 0.0804443359, -0.845745431, -0.53037939, 0.0566902936, 0, 1, 5, 1, 
684.001568, 46, 0.1, 0.1, -0.00731239141, 0.382867515, -0.0199409754, 0.738917494, 2.32912119e-005, -0.673795917, 0.673795917, -4.24738697e-005, 0.738917492, -1.14084361e-005, -0.999999999, -4.70782088e-005, 0.738917543, 2.38586473e-005, -0.673795863, 0.673795862, 3.63819052e-005, 0.738917543, 4.21435503e-005, -0.999999999, 1.08073702e-005, 0, 0, 0, 0, 0, 0, 0, 0.289900854, -0.139428882, -0.173122974, -0.0234161606, 0.751859864, -0.658888989, -0.921508789, 0.239135742, 0.305664063, 0.387461711, 0.614435226, 0.687340918, -0, 0, 0, 0, 0, 0, 0, 0.320682129, -0.108968701, -0.159311328, -0.00512948899, -0.098174238, -0.995141889, 0.533447266, -0.841918945, 0.0804443359, -0.845745431, -0.53037939, 0.0566902936, 0, 1, 5, 1, 
684.002893, 46, 0.1, 0.1, -0.0073123821, 0.38286752, -0.0199286575, 0.738917252, 1.64556951e-005, -0.673796182, 0.673796181, 3.95914594e-005, 0.738917252, 3.88359712e-005, -0.999999999, 1.81670279e-005, 0.738917307, 2.36683568e-005, -0.673796121, 0.673796118, 7.62965969e-005, 0.738917306, 6.88973095e-005, -0.999999997, 4.0429229e-005, 0, 0, 0, 0, 0, 0, 0, 0.289900854, -0.139428882, -0.173122974, -0.0234161606, 0.751859864, -0.658888989, -0.921508789, 0.239135742, 0.305664063, 0.387461711, 0.614435226, 0.687340918, -0, 0, 0, 0, 0, 0, 0, 0.320682129, -0.108968701, -0.159311328, -0.00512948899, -0.098174238, -0.995141889, 0.533447266, -0.841918945, 0.0804443359, -0.845745431, -0.53037939, 0.0566902936, 0, 1, 5, 1, 
684.004263, 46, 0.1, 0.1, -0.00731238448, 0.382867518, -0.0199246162, 0.73891705, -1.64752379e-005, -0.673796403, 0.673796401, 8.54386725e-005, 0.738917047, 4.53944361e-005, -0.999999996, 7.42330479e-005, 0.738917081, -1.2744804e-005, -0.67379637, 0.673796369, 5.44298662e-005, 0.738917079, 2.72572929e-005, -0.999999998, 4.88065605e-005, 0, 0, 0, 0, 0, 0, 0, 0.290905371, -0.140207104, -0.17274812, -0.025511112, 0.754200819, -0.656057529, -0.922119141, 0.235717773, 0.306762695, 0.38593964, 0.612828536, 0.689611481, -0, 0, 0, 0, 0, 0, 0, 0.320682129, -0.108968701, -0.159311328, -0.00526328384, -0.0977786836, -0.995167409, 0.537231445, -0.839599609, 0.0797119141, -0.84330464, -0.53414284, 0.0569330968, 0, 1, 5, 1, 
684.00558, 46, 0.1, 0.1, -0.00731239143, 0.382867512, -0.0199294911, 0.73891688, -1.14007649e-005, -0.67379659, 0.67379659, 3.92460417e-005, 0.738916879, 1.80196314e-005, -0.999999999, 3.66813592e-005, 0.738916923, -2.0066683e-005, -0.673796542, 0.673796541, -4.73675637e-005, 0.738916923, -4.67437123e-005, -0.999999999, -2.14798328e-005, 0, 0, 0, 0, 0, 0, 0, 0.290905371, -0.140207104, -0.17274812, -0.025511112, 0.754200819, -0.656057529, -0.922119141, 0.235717773, 0.306762695, 0.38593964, 0.612828536, 0.689611481, -0, 0, 0, 0, 0, 0, 0, 0.321617578, -0.109691406, -0.158638184, -0.00526328384, -0.0977786836, -0.995167409, 0.537231445, -0.839599609, 0.0797119141, -0.84330464, -0.53414284, 0.0569330968, 0, 1, 5, 1, 
684.006957, 46, 0.1, 0.1, -0.00731238878, 0.382867506, -0.0199404139, 0.73891678, 1.33702811e-005, -0.673796699, 0.673796699, -5.07830586e-005, 0.738916779, -2.43379322e-005, -0.999999999, -4.65333055e-005, 0.738916801, 9.24159888e-006, -0.673796676, 0.673796675, -7.63030295e-005, 0.738916799, -4.4583955e-005, -0.999999997, -6.2608549e-005, 0, 0, 0, 0, 0, 0, 0, 0.291759155, -0.140978491, -0.171922754, -0.0262034378, 0.756706526, -0.65316878, -0.922607422, 0.233032227, 0.307128906, 0.384689783, 0.610701384, 0.692243747, -0, 0, 0, 0, 0, 0, 0, 0.322118018, -0.110385791, -0.157980176, -0.00511599602, -0.0970444439, -0.995263291, 0.540649414, -0.837402344, 0.0789794922, -0.841202533, -0.537625207, 0.0566775338, 0, 1, 5, 1, 
684.008274, 46, 0.1, 0.1, -0.00731238251, 0.382867505, -0.0199498935, 0.738916665, 8.35601939e-006, -0.673796826, 0.673796825, -6.00149285e-005, 0.738916663, -3.42634663e-005, -0.999999998, -4.99762901e-005, 0.738916685, 1.22485312e-005, -0.673796804, 0.673796803, -4.11846706e-005, 0.738916684, -1.86994553e-005, -0.999999999, -3.86850614e-005, 0, 0, 0, 0, 0, 0, 0, 0.291759155, -0.140978491, -0.171922754, -0.0262034378, 0.756706526, -0.65316878, -0.922607422, 0.233032227, 0.307128906, 0.384689783, 0.610701384, 0.692243747, -0, 0, 0, 0, 0, 0, 0, 0.322118018, -0.110385791, -0.157980176, -0.00511599602, -0.0970444439, -0.995263291, 0.540649414, -0.837402344, 0.0789794922, -0.841202533, -0.537625207, 0.0566775338, 0, 1, 5, 1, 
684.009588, 46, 0.1, 0.1, -0.00731238279, 0.382867508, -0.0199543219, 0.7389166, -1.15539118e-005, -0.673796896, 0.673796896, -3.14172057e-005, 0.7389166, -2.97061929e-005, -0.999999999, -1.54297049e-005, 0.738916622, -6.20048818e-006, -0.673796872, 0.673796872, 2.42197062e-005, 0.738916622, 1.17375185e-005, -1, 2.20742131e-005, 0, 0, 0, 0, 0, 0, 0, 0.291759155, -0.140978491, -0.171922754, -0.0262034378, 0.756706526, -0.65316878, -0.922607422, 0.233032227, 0.307128906, 0.384689783, 0.610701384, 0.692243747, -0, 0, 0, 0, 0, 0, 0, 0.322118018, -0.110385791, -0.157980176, -0.00511599602, -0.0970444439, -0.995263291, 0.540649414, -0.837402344, 0.0789794922, -0.841202533, -0.537625207, 0.0566775338, 0, 1, 5, 1, 
684.010904, 46, 0.1, 0.1, -0.0073123859, 0.382867512, -0.0199521297, 0.738916523, -5.45271459e-006, -0.673796982, 0.673796982, 3.05227293e-005, 0.738916522, 1.6537022e-005, -1, 2.62277716e-005, 0.738916532, -7.30314514e-006, -0.673796972, 0.673796971, 5.34557534e-005, 0.73891653, 3.06219101e-005, -0.999999999, 4.4420177e-005, 0, 0, 0, 0, 0, 0, 0, 0.291759155, -0.140978491, -0.171922754, -0.0262034378, 0.756706526, -0.65316878, -0.922607422, 0.233032227, 0.307128906, 0.384689783, 0.610701384, 0.692243747, -0, 0, 0, 0, 0, 0, 0, 0.322118018, -0.110385791, -0.157980176, -0.00511599602, -0.0970444439, -0.995263291, 0.540649414, -0.837402344, 0.0789794922, -0.841202533, -0.537625207, 0.0566775338, 0, 1, 5, 1, 
684.01227, 46, 0.1, 0.1, -0.00731238428, 0.38286751, -0.0199438593, 0.738916465, 9.02856369e-006, -0.673797045, 0.673797043, 6.29187682e-005, 0.738916464, 4.90658344e-005, -0.999999998, 4.04082943e-005, 0.73891648, 7.63748404e-006, -0.673797028, 0.673797027, 4.13881082e-005, 0.73891648, 3.35306471e-005, -0.999999999, 2.54362412e-005, 0, 0, 0, 0, 0, 0, 0, 0.292762451, -0.14147915, -0.171253613, -0.0282482144, 0.760157676, -0.649023061, -0.923706055, 0.228271484, 0.307495117, 0.381923845, 0.608300897, 0.695789255, -0, 0, 0, 0, 0, 0, 0, 0.323141846, -0.11062124, -0.15711748, -0.00425925505, -0.0954862793, -0.995404015, 0.546020508, -0.834106445, 0.0777587891, -0.83767569, -0.543107601, 0.0556808013, 0, 1, 5, 1, 
684.013589, 46, 0.1, 0.1, -0.00731238403, 0.382867507, -0.0199359432, 0.738916406, -4.36111621e-006, -0.673797109, 0.673797108, 5.33269523e-005, 0.738916405, 3.2709046e-005, -0.999999999, 4.23426674e-005, 0.738916408, -5.25329386e-006, -0.673797108, 0.673797107, -2.98190275e-005, 0.738916407, -2.39737195e-005, -1, -1.84941145e-005, 0, 0, 0, 0, 0, 0, 0, 0.292762451, -0.14147915, -0.171253613, -0.0282482144, 0.760157676, -0.649023061, -0.923706055, 0.228271484, 0.307495117, 0.381923845, 0.608300897, 0.695789255, -0, 0, 0, 0, 0, 0, 0, 0.323141846, -0.11062124, -0.15711748, -0.00425925505, -0.0954862793, -0.995404015, 0.546020508, -0.834106445, 0.0777587891, -0.83767569, -0.543107601, 0.0556808013, 0, 1, 5, 1, 
684.014908, 46, 0.1, 0.1, -0.00731238523, 0.382867507, -0.0199323006, 0.738916387, -5.91807767e-007, -0.673797131, 0.67379713, -3.24934191e-005, 0.738916386, -2.2331269e-005, -0.999999999, -2.36111615e-005, 0.738916397, -6.06380431e-006, -0.673797119, 0.673797117, -6.42879558e-005, 0.738916396, -4.77976838e-005, -0.999999998, -4.34176508e-005, 0, 0, 0, 0, 0, 0, 0, 0.292762451, -0.14147915, -0.171253613, -0.0282482144, 0.760157676, -0.649023061, -0.923706055, 0.228271484, 0.307495117, 0.381923845, 0.608300897, 0.695789255, -0, 0, 0, 0, 0, 0, 0, 0.323141846, -0.11062124, -0.15711748, -0.00425925505, -0.0954862793, -0.995404015, 0.546020508, -0.834106445, 0.0777587891, -0.83767569, -0.543107601, 0.0556808013, 0, 1, 5, 1, 
684.016254, 46, 0.1, 0.1, -0.00731238309, 0.382867512, -0.0199342476, 0.738916316, -2.88411495e-006, -0.673797208, 0.673797206, -6.66006024e-005, 0.738916315, -4.70064195e-005, -0.999999998, -4.72689632e-005, 0.738916328, 1.24172879e-006, -0.673797195, 0.673797194, -3.71207429e-005, 0.738916328, -2.40943187e-005, -0.999999999, -2.82657964e-005, 0, 0, 0, 0, 0, 0, 0, 0.292762451, -0.14147915, -0.171253613, -0.0318101927, 0.763888153, -0.644420159, -0.925170898, 0.221435547, 0.308105469, 0.378162289, 0.606103352, 0.699880312, -0, 0, 0, 0, 0, 0, 0, 0.323141846, -0.11062124, -0.15711748, -0.00425925505, -0.0954862793, -0.995404015, 0.546020508, -0.834106445, 0.0777587891, -0.83767569, -0.543107601, 0.0556808013, 0, 1, 5, 1, 
684.017599, 46, 0.1, 0.1, -0.00731238466, 0.382867518, -0.0199390605, 0.738916318, -7.73274985e-006, -0.673797207, 0.673797206, -3.84531638e-005, 0.738916317, -3.16234894e-005, -0.999999999, -2.3203365e-005, 0.738916314, -5.65441054e-006, -0.67379721, 0.67379721, 3.95872267e-005, 0.738916314, 2.24956267e-005, -0.999999999, 3.30615737e-005, 0, 0, 0, 0, 0, 0, 0, 0.294131665, -0.14129519, -0.17078269, -0.0318101927, 0.763888153, -0.644420159, -0.925170898, 0.221435547, 0.308105469, 0.378162289, 0.606103352, 0.699880312, -0, 0, 0, 0, 0, 0, 0, 0.324159082, -0.110635156, -0.156254785, -0.00353667551, -0.0939153549, -0.99554474, 0.551513672, -0.830566406, 0.0765380859, -0.834040205, -0.548711398, 0.0546840689, 0, 1, 5, 1, 
684.018967, 46, 0.1, 0.1, -0.00731238329, 0.382867519, -0.0199448167, 0.738916277, 5.69856246e-006, -0.673797251, 0.673797251, 2.26154415e-005, 0.738916277, 1.94489829e-005, -1, 1.28712421e-005, 0.738916287, 6.87073588e-006, -0.67379724, 0.673797239, 5.32476123e-005, 0.738916286, 4.09549928e-005, -0.999999999, 3.47160451e-005, 0, 0, 0, 0, 0, 0, 0, 0.294131665, -0.14129519, -0.17078269, -0.0380999166, 0.768995047, -0.638008746, -0.925537109, 0.213623047, 0.31262207, 0.376686645, 0.602451885, 0.70368493, -0, 0, 0, 0, 0, 0, 0, 0.324159082, -0.110635156, -0.156254785, -0.00353667551, -0.0939153549, -0.99554474, 0.551513672, -0.830566406, 0.0765380859, -0.834040205, -0.548711398, 0.0546840689, 0, 1, 5, 1, 
684.019783, 46, 0.1, 0.1, -0.00731238256, 0.382867517, -0.0199507631, 0.73891626, 1.6325029e-007, -0.67379727, 0.67379727, 2.33294347e-005, 0.73891626, 1.58399377e-005, -1, 1.7128501e-005, 0.738916263, 1.26275446e-006, -0.673797267, 0.673797267, 1.07227521e-005, 0.738916263, 8.15803088e-006, -1, 7.07237542e-006, 0, 0, 0, 0, 0, 0, 0, 0.294921948, -0.14082207, -0.171336426, -0.0380999166, 0.768995047, -0.638008746, -0.925537109, 0.213623047, 0.31262207, 0.376686645, 0.602451885, 0.70368493, -0, 0, 0, 0, 0, 0, 0, 0.324315918, -0.110604395, -0.156247705, -0.00579153344, -0.0915777414, -0.99578098, 0.557495117, -0.826904297, 0.0727539063, -0.830103948, -0.55460284, 0.0557639235, 0, 1, 5, 1, 
684.020575, 46, 0.1, 0.1, -0.00731238308, 0.382867514, -0.0199607758, 0.738916238, -3.24209867e-006, -0.673797294, 0.673797294, 8.18619376e-006, 0.738916238, 3.12019585e-006, -1, 8.23342881e-006, 0.738916242, -4.90038812e-006, -0.673797289, 0.673797289, -2.17080312e-005, 0.738916242, -1.82477889e-005, -1, -1.27385486e-005, 0, 0, 0, 0, 0, 0, 0, 0.294921948, -0.14082207, -0.171336426, -0.0380999166, 0.768995047, -0.638008746, -0.925537109, 0.213623047, 0.31262207, 0.376686645, 0.602451885, 0.70368493, -0, 0, 0, 0, 0, 0, 0, 0.324315918, -0.110604395, -0.156247705, -0.00579153344, -0.0915777414, -0.99578098, 0.557495117, -0.826904297, 0.0727539063, -0.830103948, -0.55460284, 0.0557639235, 0, 1, 5, 1, 
684.02137, 46, 0.1, 0.1, -0.00731238308, 0.382867514, -0.0199712425, 0.738916222, 4.01451666e-009, -0.673797311, 0.673797311, -1.29792968e-005, 0.738916222, -8.74244892e-006, -1, -9.59331796e-006, 0.738916226, -1.56244075e-006, -0.673797307, 0.673797307, -2.02898686e-005, 0.738916226, -1.48257717e-005, -1, -1.39397448e-005, 0, 0, 0, 0, 0, 0, 0, 0.294921948, -0.14082207, -0.171336426, -0.0380999166, 0.768995047, -0.638008746, -0.925537109, 0.213623047, 0.31262207, 0.376686645, 0.602451885, 0.70368493, -0, 0, 0, 0, 0, 0, 0, 0.324315918, -0.110604395, -0.156247705, -0.00579153344, -0.0915777414, -0.99578098, 0.557495117, -0.826904297, 0.0727539063, -0.830103948, -0.55460284, 0.0557639235, 0, 1, 5, 1, 
684.022165, 46, 0.1, 0.1, -0.00731238207, 0.382867515, -0.0199786571, 0.738916203, 2.90497625e-006, -0.673797332, 0.673797332, -1.05766156e-005, 0.738916203, -4.97996134e-006, -1, -9.77259788e-006, 0.738916206, 2.95883684e-006, -0.673797329, 0.673797329, -5.85260485e-006, 0.738916206, -1.75713702e-006, -1, -6.31824093e-006, 0, 0, 0, 0, 0, 0, 0, 0.294921948, -0.14082207, -0.171336426, -0.0380999166, 0.768995047, -0.638008746, -0.925537109, 0.213623047, 0.31262207, 0.376686645, 0.602451885, 0.70368493, -0, 0, 0, 0, 0, 0, 0, 0.324315918, -0.110604395, -0.156247705, -0.00579153344, -0.0915777414, -0.99578098, 0.557495117, -0.826904297, 0.0727539063, -0.830103948, -0.55460284, 0.0557639235, 0, 1, 5, 1, 
684.022959, 46, 0.1, 0.1, -0.00731238107, 0.382867516, -0.0199810684, 0.738916187, 1.46180973e-006, -0.67379735, 0.67379735, -3.63314314e-006, 0.738916187, -1.36784735e-006, -1, -3.6695518e-006, 0.738916191, 2.8253674e-006, -0.673797346, 0.673797345, 1.05233547e-005, 0.738916191, 9.17831815e-006, -1, 5.87215209e-006, 0, 0, 0, 0, 0, 0, 0, 0.294921948, -0.14082207, -0.171336426, -0.0380999166, 0.768995047, -0.638008746, -0.925537109, 0.213623047, 0.31262207, 0.376686645, 0.602451885, 0.70368493, -0, 0, 0, 0, 0, 0, 0, 0.324315918, -0.110604395, -0.156247705, -0.00579153344, -0.0915777414, -0.99578098, 0.557495117, -0.826904297, 0.0727539063, -0.830103948, -0.55460284, 0.0557639235, 0, 1, 5, 1, 
684.023766, 46, 0.1, 0.1, -0.00731238079, 0.382867518, -0.019977949, 0.738916175, -1.06159161e-006, -0.673797363, 0.673797363, 1.17046484e-005, 0.738916175, 7.102134e-006, -1, 9.36405163e-006, 0.738916177, -4.9159267e-007, -0.673797361, 0.67379736, 1.86111468e-005, 0.738916177, 1.21768958e-005, -1, 1.40833113e-005, 0, 0, 0, 0, 0, 0, 0, 0.295750195, -0.140391064, -0.171716357, -0.0436471399, 0.773232881, -0.632536785, -0.92590332, 0.206542969, 0.31628418, 0.375216992, 0.599556023, 0.707020382, -0, 0, 0, 0, 0, 0, 0, 0.324315918, -0.110604395, -0.156247705, -0.00579153344, -0.0915777414, -0.99578098, 0.557495117, -0.826904297, 0.0727539063, -0.830103948, -0.55460284, 0.0557639235, 0, 1, 5, 1, 
684.024578, 46, 0.1, 0.1, -0.0073123807, 0.382867519, -0.0199704625, 0.738916162, 7.1861687e-007, -0.673797377, 0.673797377, 2.14007641e-005, 0.738916162, 1.49507763e-005, -1, 1.53291683e-005, 0.738916165, -1.66392855e-007, -0.673797374, 0.673797374, 1.52966625e-005, 0.738916165, 1.01839006e-005, -1, 1.14150662e-005, 0, 0, 0, 0, 0, 0, 0, 0.295750195, -0.140391064, -0.171716357, -0.0436471399, 0.773232881, -0.632536785, -0.92590332, 0.206542969, 0.31628418, 0.375216992, 0.599556023, 0.707020382, -0, 0, 0, 0, 0, 0, 0, 0.324712842, -0.110114209, -0.156467285, -0.00798878889, -0.0887866043, -0.9959917, 0.564208984, -0.822753906, 0.0688476563, -0.825547923, -0.561305815, 0.0566009748, 0, 1, 5, 1, 
684.025372, 46, 0.1, 0.1, -0.00731238012, 0.382867518, -0.0199620981, 0.738916158, 2.36058138e-006, -0.673797381, 0.673797381, 1.73519903e-005, 0.738916158, 1.34359973e-005, -1, 1.12311124e-005, 0.738916159, 1.16005505e-006, -0.673797381, 0.673797381, -1.19560844e-005, 0.738916159, -7.19879491e-006, -1, -9.61618599e-006, 0, 0, 0, 0, 0, 0, 0, 0.295750195, -0.140391064, -0.171716357, -0.0436471399, 0.773232881, -0.632536785, -0.92590332, 0.206542969, 0.31628418, 0.375216992, 0.599556023, 0.707020382, -0, 0, 0, 0, 0, 0, 0, 0.324712842, -0.110114209, -0.156467285, -0.00798878889, -0.0887866043, -0.9959917, 0.564208984, -0.822753906, 0.0688476563, -0.825547923, -0.561305815, 0.0566009748, 0, 1, 5, 1, 
684.026163, 46, 0.1, 0.1, -0.00731237993, 0.382867517, -0.0199556553, 0.738916148, -2.00896816e-006, -0.673797392, 0.673797392, -1.61047207e-005, 0.738916148, -1.23357778e-005, -1, -1.05464007e-005, 0.73891615, -2.43199324e-006, -0.67379739, 0.67379739, -2.86707337e-005, 0.73891615, -2.11153046e-005, -1, -1.95465974e-005, 0, 0, 0, 0, 0, 0, 0, 0.295750195, -0.140391064, -0.171716357, -0.0436471399, 0.773232881, -0.632536785, -0.92590332, 0.206542969, 0.31628418, 0.375216992, 0.599556023, 0.707020382, -0, 0, 0, 0, 0, 0, 0, 0.324712842, -0.110114209, -0.156467285, -0.00798878889, -0.0887866043, -0.9959917, 0.564208984, -0.822753906, 0.0688476563, -0.825547923, -0.561305815, 0.0566009748, 0, 1, 5, 1, 
684.026953, 46, 0.1, 0.1, -0.00731237959, 0.382867518, -0.0199529152, 0.738916144, 1.34511674e-007, -0.673797396, 0.673797396, -3.03518053e-005, 0.738916144, -2.03515745e-005, -1, -2.25180726e-005, 0.738916145, 2.46801429e-008, -0.673797396, 0.673797396, -1.90418443e-005, 0.738916145, -1.28121086e-005, -1, -1.40869556e-005, 0, 0, 0, 0, 0, 0, 0, 0.295750195, -0.140391064, -0.171716357, -0.0436471399, 0.773232881, -0.632536785, -0.92590332, 0.206542969, 0.31628418, 0.375216992, 0.599556023, 0.707020382, -0, 0, 0, 0, 0, 0, 0, 0.324712842, -0.110114209, -0.156467285, -0.00798878889, -0.0887866043, -0.9959917, 0.564208984, -0.822753906, 0.0688476563, -0.825547923, -0.561305815, 0.0566009748, 0, 1, 5, 1, 
684.02774, 46, 0.1, 0.1, -0.00731237904, 0.382867519, -0.0199545364, 0.738916139, -1.3110547e-006, -0.673797402, 0.673797402, -1.77049212e-005, 0.738916139, -1.28982894e-005, -1, -1.21990668e-005, 0.738916142, 1.23879955e-006, -0.6737974, 0.6737974, 1.67244754e-005, 0.738916141, 1.2184277e-005, -1, 1.15232849e-005, 0, 0, 0, 0, 0, 0, 0, 0.295750195, -0.140391064, -0.171716357, -0.0436471399, 0.773232881, -0.632536785, -0.92590332, 0.206542969, 0.31628418, 0.375216992, 0.599556023, 0.707020382, -0, 0, 0, 0, 0, 0, 0, 0.324712842, -0.110114209, -0.156467285, -0.00798878889, -0.0887866043, -0.9959917, 0.564208984, -0.822753906, 0.0688476563, -0.825547923, -0.561305815, 0.0566009748, 0, 1, 5, 1, 
684.028547, 46, 0.1, 0.1, -0.00731237898, 0.38286752, -0.0199596937, 0.738916133, 2.25189602e-007, -0.673797409, 0.673797409, 1.3492782e-005, 0.738916133, 9.2577978e-006, -1, 9.81830214e-006, 0.738916133, 7.95669352e-008, -0.673797409, 0.673797409, 2.46204087e-005, 0.738916133, 1.66479609e-005, -1, 1.81388052e-005, 0, 0, 0, 0, 0, 0, 0, 0.295750195, -0.140391064, -0.171716357, -0.0474491313, 0.777172292, -0.62740743, -0.926147461, 0.200805664, 0.318847656, 0.373841697, 0.596336651, 0.71053369, -0, 0, 0, 0, 0, 0, 0, 0.324712842, -0.110114209, -0.156467285, -0.00798878889, -0.0887866043, -0.9959917, 0.564208984, -0.822753906, 0.0688476563, -0.825547923, -0.561305815, 0.0566009748, 0, 1, 5, 1, 
684.02935, 46, 0.1, 0.1, -0.00731237863, 0.382867518, -0.0199659923, 0.738916134, 1.13746239e-006, -0.673797408, 0.673797408, 1.63603781e-005, 0.738916133, 1.18640697e-005, -1, 1.13225281e-005, 0.738916134, 1.06803254e-006, -0.673797408, 0.673797408, 7.59032579e-006, 0.738916134, 5.90352832e-006, -1, 4.88897663e-006, 0, 0, 0, 0, 0, 0, 0, 0.296221436, -0.140422778, -0.171890015, -0.0474491313, 0.777172292, -0.62740743, -0.926147461, 0.200805664, 0.318847656, 0.373841697, 0.596336651, 0.71053369, -0, 0, 0, 0, 0, 0, 0, 0.325106104, -0.110284961, -0.156467041, -0.00997532398, -0.0862444671, -0.996176901, 0.569580078, -0.819213867, 0.0651855469, -0.82182895, -0.566807533, 0.057195223, 0, 1, 5, 1, 
684.030136, 46, 0.1, 0.1, -0.00731237853, 0.382867517, -0.0199715797, 0.738916128, 7.88138451e-008, -0.673797414, 0.673797414, 7.7610534e-006, 0.738916128, 5.28761453e-006, -1, 5.68166297e-006, 0.73891613, -1.22808748e-006, -0.673797413, 0.673797412, -1.35793844e-005, 0.73891613, -1.00572077e-005, -1, -9.20654401e-006, 0, 0, 0, 0, 0, 0, 0, 0.296221436, -0.140422778, -0.171890015, -0.0474491313, 0.777172292, -0.62740743, -0.926147461, 0.200805664, 0.318847656, 0.373841697, 0.596336651, 0.71053369, -0, 0, 0, 0, 0, 0, 0, 0.325106104, -0.110284961, -0.156467041, -0.00997532398, -0.0862444671, -0.996176901, 0.569580078, -0.819213867, 0.0651855469, -0.82182895, -0.566807533, 0.057195223, 0, 1, 5, 1, 
684.03094, 46, 0.1, 0.1, -0.00731237822, 0.382867516, -0.0199747549, 0.738916126, -4.19537443e-007, -0.673797417, 0.673797417, -8.34276841e-006, 0.738916126, -5.93133879e-006, -1, -5.88192287e-006, 0.738916126, -4.39340225e-007, -0.673797417, 0.673797417, -1.59871335e-005, 0.738916126, -1.10967248e-005, -1, -1.15171244e-005, 0, 0, 0, 0, 0, 0, 0, 0.296221436, -0.140422778, -0.171890015, -0.0474491313, 0.777172292, -0.62740743, -0.926147461, 0.200805664, 0.318847656, 0.373841697, 0.596336651, 0.71053369, -0, 0, 0, 0, 0, 0, 0, 0.325106104, -0.110284961, -0.156467041, -0.00997532398, -0.0862444671, -0.996176901, 0.569580078, -0.819213867, 0.0651855469, -0.82182895, -0.566807533, 0.057195223, 0, 1, 5, 1, 
684.031753, 46, 0.1, 0.1, -0.0073123779, 0.382867518, -0.0199742211, 0.738916128, -5.37868092e-007, -0.673797415, 0.673797415, -1.32498382e-005, 0.738916127, -9.32514616e-006, -1, -9.42810503e-006, 0.738916127, -2.4346949e-007, -0.673797416, 0.673797416, -7.54219186e-006, 0.738916127, -5.26181292e-006, -1, -5.40899809e-006, 0, 0, 0, 0, 0, 0, 0, 0.296221436, -0.140422778, -0.171890015, -0.0474491313, 0.777172292, -0.62740743, -0.926147461, 0.200805664, 0.318847656, 0.373841697, 0.596336651, 0.71053369, -0, 0, 0, 0, 0, 0, 0, 0.325608984, -0.110523828, -0.155805615, -0.0103963981, -0.0846607829, -0.996298303, 0.575317383, -0.815429687, 0.0632324219, -0.817822697, -0.572532731, 0.0571824632, 0, 1, 5, 1, 
