time, trialNum, realDorsalTactorPos, realVentralTactorPos, boxPosX, boxPosY, boxPosZ, boxLocalRot_11, boxLocalRot_12, boxLocalRot_13, boxLocalRot_21, boxLocalRot_22, boxLocalRot_23, boxLocalRot_31, boxLocalRot_32, boxLocalRot_33, boxGlobalRot_11, boxGlobalRot_12, boxGlobalRot_13, boxGlobalRot_21, boxGlobalRot_22, boxGlobalRot_23, boxGlobalRot_31, boxGlobalRot_32, boxGlobalRot_33, indexForceX, indexForceY, indexForceZ, indexForceGlobalX, indexForceGlobalY, indexForceGlobalZ, indexContact, indexPosX, indexPosY, indexPosZ, indexRot_11, indexRot_12, indexRot_13, indexRot_21, indexRot_22, indexRot_23, indexRot_31, indexRot_32, indexRot_33, thumbForceX, thumbForceY, thumbForceZ, thumbForceGlobalX, thumbForceGlobalY, thumbForceGlobalZ, thumbContact, thumbPosX, thumbPosY, thumbPosZ, thumbRot_11, thumbRot_12, thumbRot_13, thumbRot_21, thumbRot_22, thumbRot_23, thumbRot_31, thumbRot_32, thumbRot_33, manipForceTooHigh, cceExpType, mapping, trialSuccess, 
278.282156, 15, 0.1, 0.1, 0.0128583198, 0.366761903, -0.0199723438, 0.912350896, 8.87001438e-006, 0.409409137, -0.409409137, -4.3259391e-005, 0.912350896, 2.58033555e-005, -0.999999999, -3.58362793e-005, 0.91235091, -1.99277495e-005, 0.409409107, -0.409409108, -2.99885309e-005, 0.912350909, -5.90352272e-006, -0.999999999, -3.55186656e-005, 0, 0, 0, 0, 0, 0, 0, 0.288708032, -0.142994238, -0.194086279, -0.164155721, 0.394743131, -0.903910577, -0.937988281, 0.220825195, 0.266723633, 0.304946708, 0.891855747, 0.334238501, 0, 0, -0, 0, 0, 0, 0, 0.331650586, -0.104308887, -0.175158691, 0.224341788, -0.157183846, -0.961722674, 0.553466797, -0.791625977, 0.258544922, -0.801988195, -0.590220114, -0.0907707386, 0, 1, 1, 1, 
278.331223, 15, 0.1, 0.1, 0.0128583304, 0.366761924, -0.0199671287, 0.912298167, -1.50059763e-006, 0.409526623, -0.409526623, -2.77972832e-005, 0.912298167, 1.0014735e-005, -1, -2.59739452e-005, 0.912298604, 1.56412834e-005, 0.409525648, -0.409525647, -2.25446175e-005, 0.912298604, 2.35021201e-005, -1, -1.41619164e-005, 0, 0, 0, 0, 0, 0, 0, 0.300402026, -0.145136914, -0.191042334, -0.1703376, 0.423138633, -0.889870859, -0.941650391, 0.195922852, 0.2734375, 0.290106054, 0.884639319, 0.365137467, 0, 0, -0, 0, 0, 0, 0, 0.342533545, -0.106394531, -0.171034082, 0.220541525, -0.12795378, -0.966867851, 0.568115234, -0.788818359, 0.234008789, -0.792690944, -0.600895094, -0.101376421, 0, 1, 1, 1, 
278.332035, 15, 0.1, 0.1, 0.0128583282, 0.366761927, -0.0199661647, 0.91229598, 2.3418929e-005, 0.409531494, -0.409531495, 1.59845206e-005, 0.91229598, 1.48188301e-005, -1, 2.41734029e-005, 0.912296412, 1.2282116e-006, 0.409530531, -0.409530531, 2.79725987e-005, 0.912296412, -1.03351401e-005, -1, 2.60222915e-005, 0, 0, 0, 0, 0, 0, 0, 0.300402026, -0.145136914, -0.191042334, -0.1703376, 0.423138633, -0.889870859, -0.941650391, 0.195922852, 0.2734375, 0.290106054, 0.884639319, 0.365137467, 0, 0, -0, 0, 0, 0, 0, 0.342837451, -0.106652051, -0.171087061, 0.218305257, -0.124963583, -0.967755941, 0.569335937, -0.7890625, 0.23046875, -0.792435015, -0.601317268, -0.101101535, 0, 1, 1, 1, 
278.332828, 15, 0.1, 0.1, 0.0128583275, 0.366761924, -0.0199649033, 0.912293843, -2.85498272e-005, 0.409536254, -0.409536254, -4.63980771e-007, 0.912293843, -2.58558147e-005, -1, -1.21154761e-005, 0.912294265, -2.34046154e-005, 0.409535314, -0.409535314, -1.80888181e-005, 0.912294265, -1.39438866e-005, -1, -2.60873415e-005, 0, 0, 0, 0, 0, 0, 0, 0.300402026, -0.145136914, -0.191042334, -0.1703376, 0.423138633, -0.889870859, -0.941650391, 0.195922852, 0.2734375, 0.290106054, 0.884639319, 0.365137467, 0, 0, -0, 0, 0, 0, 0, 0.342837451, -0.106652051, -0.171087061, 0.218305257, -0.124963583, -0.967755941, 0.569335937, -0.7890625, 0.23046875, -0.792435015, -0.601317268, -0.101101535, 0, 1, 1, 1, 
278.33363, 15, 0.1, 0.1, 0.0128583299, 0.366761926, -0.019963842, 0.912291678, 1.79445371e-005, 0.409541076, -0.409541076, -2.64295605e-005, 0.912291678, 2.71946425e-005, -0.999999999, -1.67624431e-005, 0.912292109, 3.03825176e-005, 0.409540115, -0.409540116, -2.88615091e-006, 0.91229211, 2.88997257e-005, -1, 9.80984708e-006, 0, 0, 0, 0, 0, 0, 0, 0.300402026, -0.145136914, -0.191042334, -0.1703376, 0.423138633, -0.889870859, -0.941650391, 0.195922852, 0.2734375, 0.290106054, 0.884639319, 0.365137467, 0, 0, -0, 0, 0, 0, 0, 0.342837451, -0.106652051, -0.171087061, 0.218305257, -0.124963583, -0.967755941, 0.569335937, -0.7890625, 0.23046875, -0.792435015, -0.601317268, -0.101101535, 0, 1, 1, 1, 
278.334445, 15, 0.1, 0.1, 0.0128583259, 0.366761926, -0.0199630529, 0.912289456, -3.83333569e-007, 0.409546026, -0.409546026, 2.92527654e-005, 0.912289456, -1.2330065e-005, -1, 2.65299967e-005, 0.912289891, -1.9310046e-005, 0.409545059, -0.409545058, 2.35731429e-005, 0.912289891, -2.72706239e-005, -1, 1.3597206e-005, 0, 0, 0, 0, 0, 0, 0, 0.30030083, -0.145594238, -0.191132397, -0.172418325, 0.427408668, -0.887470371, -0.940795898, 0.19543457, 0.276855469, 0.291795119, 0.882727092, 0.368588617, 0, 0, -0, 0, 0, 0, 0, 0.342837451, -0.106652051, -0.171087061, 0.218305257, -0.124963583, -0.967755941, 0.569335937, -0.7890625, 0.23046875, -0.792435015, -0.601317268, -0.101101535, 0, 1, 1, 1, 
278.335241, 15, 0.1, 0.1, 0.0128583277, 0.366761924, -0.0199630556, 0.912287268, -2.5018595e-005, 0.409550901, -0.409550901, -1.8703388e-005, 0.912287268, -1.51641562e-005, -1, -2.73092508e-005, 0.912287706, -1.13121837e-006, 0.409549927, -0.409549926, -3.12175895e-005, 0.912287705, 1.17531649e-005, -1, -2.89427135e-005, 0, 0, 0, 0, 0, 0, 0, 0.30030083, -0.145594238, -0.191132397, -0.172418325, 0.427408668, -0.887470371, -0.940795898, 0.19543457, 0.276855469, 0.291795119, 0.882727092, 0.368588617, 0, 0, -0, 0, 0, 0, 0, 0.342837451, -0.106652051, -0.171087061, 0.218305257, -0.124963583, -0.967755941, 0.569335937, -0.7890625, 0.23046875, -0.792435015, -0.601317268, -0.101101535, 0, 1, 1, 1, 
278.336033, 15, 0.1, 0.1, 0.0128583276, 0.366761927, -0.0199638327, 0.912285075, 2.94326149e-005, 0.409555785, -0.409555785, -1.11111073e-007, 0.912285075, 2.68964415e-005, -1, 1.19529327e-005, 0.912285516, 2.36616685e-005, 0.409554802, -0.409554803, 1.80805619e-005, 0.912285516, 1.41812165e-005, -1, 2.61853848e-005, 0, 0, 0, 0, 0, 0, 0, 0.30030083, -0.145594238, -0.191132397, -0.172418325, 0.427408668, -0.887470371, -0.940795898, 0.19543457, 0.276855469, 0.291795119, 0.882727092, 0.368588617, 0, 0, -0, 0, 0, 0, 0, 0.342837451, -0.106652051, -0.171087061, 0.218305257, -0.124963583, -0.967755941, 0.569335937, -0.7890625, 0.23046875, -0.792435015, -0.601317268, -0.101101535, 0, 1, 1, 1, 
278.33686, 15, 0.1, 0.1, 0.0128583244, 0.366761925, -0.0199647077, 0.912282778, -1.98034573e-005, 0.409560902, -0.409560901, 2.31296637e-005, 0.912282778, -2.7539359e-005, -1, 1.2990072e-005, 0.912283218, -3.17915145e-005, 0.409559922, -0.409559922, 1.05686127e-007, 0.912283218, -2.904615e-005, -0.999999999, -1.29241145e-005, 0, 0, 0, 0, 0, 0, 0, 0.300443384, -0.145580664, -0.1914302, -0.174004798, 0.432160972, -0.884815644, -0.940429687, 0.193359375, 0.279418945, 0.2919228, 0.880738482, 0.372864643, 0, 0, -0, 0, 0, 0, 0, 0.343191162, -0.106661426, -0.171153711, 0.216797399, -0.121609181, -0.968541953, 0.57043457, -0.789306641, 0.226806641, -0.792102526, -0.601701162, -0.101797861, 0, 1, 1, 1, 
278.337654, 15, 0.1, 0.1, 0.0128583269, 0.366761926, -0.0199656049, 0.912280573, -6.69068937e-007, 0.409565814, -0.409565814, -2.68735452e-005, 0.912280573, 1.03961068e-005, -1, -2.47902409e-005, 0.912281012, 1.63143008e-005, 0.409564837, -0.409564836, -2.17015314e-005, 0.912281012, 2.3771411e-005, -1, -1.31161311e-005, 0, 0, 0, 0, 0, 0, 0, 0.300443384, -0.145580664, -0.1914302, -0.174004798, 0.432160972, -0.884815644, -0.940429687, 0.193359375, 0.279418945, 0.2919228, 0.880738482, 0.372864643, 0, 0, -0, 0, 0, 0, 0, 0.343191162, -0.106661426, -0.171153711, 0.216797399, -0.121609181, -0.968541953, 0.57043457, -0.789306641, 0.226806641, -0.792102526, -0.601701162, -0.101797861, 0, 1, 1, 1, 
278.338448, 15, 0.1, 0.1, 0.0128583247, 0.366761929, -0.0199663533, 0.912278377, 2.28058151e-005, 0.409570706, -0.409570706, 1.80505177e-005, 0.912278376, 1.34122887e-005, -1, 2.58076908e-005, 0.912278814, 7.79743789e-007, 0.409569733, -0.409569733, 2.9219408e-005, 0.912278813, -1.12560414e-005, -1, 2.69756063e-005, 0, 0, 0, 0, 0, 0, 0, 0.300443384, -0.145580664, -0.1914302, -0.174004798, 0.432160972, -0.884815644, -0.940429687, 0.193359375, 0.279418945, 0.2919228, 0.880738482, 0.372864643, 0, 0, -0, 0, 0, 0, 0, 0.343191162, -0.106661426, -0.171153711, 0.216797399, -0.121609181, -0.968541953, 0.57043457, -0.789306641, 0.226806641, -0.792102526, -0.601701162, -0.101797861, 0, 1, 1, 1, 
278.339242, 15, 0.1, 0.1, 0.0128583245, 0.366761927, -0.0199667384, 0.912276197, -2.54922842e-005, 0.409575561, -0.409575561, 1.98801902e-006, 0.912276197, -2.40702481e-005, -1, -8.62739415e-006, 0.912276629, -2.06397044e-005, 0.409574598, -0.409574599, -1.46670752e-005, 0.912276629, -1.28218585e-005, -1, -2.18339286e-005, 0, 0, 0, 0, 0, 0, 0, 0.300443384, -0.145580664, -0.1914302, -0.174004798, 0.432160972, -0.884815644, -0.940429687, 0.193359375, 0.279418945, 0.2919228, 0.880738482, 0.372864643, 0, 0, -0, 0, 0, 0, 0, 0.343191162, -0.106661426, -0.171153711, 0.216797399, -0.121609181, -0.968541953, 0.57043457, -0.789306641, 0.226806641, -0.792102526, -0.601701162, -0.101797861, 0, 1, 1, 1, 
278.340039, 15, 0.1, 0.1, 0.0128583269, 0.366761929, -0.0199666308, 0.912274023, 1.78327023e-005, 0.409580403, -0.409580402, -2.19433011e-005, 0.912274023, 2.52558572e-005, -1, -1.27143782e-005, 0.912274464, 2.93211233e-005, 0.409579421, -0.409579421, 2.40681698e-007, 0.912274464, 2.66503338e-005, -1, 1.22288965e-005, 0, 0, 0, 0, 0, 0, 0, 0.300443384, -0.145580664, -0.1914302, -0.174004798, 0.432160972, -0.884815644, -0.940429687, 0.193359375, 0.279418945, 0.2919228, 0.880738482, 0.372864643, 0, 0, -0, 0, 0, 0, 0, 0.343191162, -0.106661426, -0.171153711, 0.216797399, -0.121609181, -0.968541953, 0.57043457, -0.789306641, 0.226806641, -0.792102526, -0.601701162, -0.101797861, 0, 1, 1, 1, 
278.340833, 15, 0.1, 0.1, 0.0128583241, 0.36676193, -0.0199660763, 0.912271865, 2.49295287e-006, 0.409585209, -0.409585209, 2.76308193e-005, 0.912271865, -9.04292415e-006, -1, 2.62278957e-005, 0.912272297, -1.47912744e-005, 0.409584247, -0.409584246, 2.26995288e-005, 0.912272297, -2.27910393e-005, -1, 1.46498783e-005, 0, 0, 0, 0, 0, 0, 0, 0.300443384, -0.145580664, -0.1914302, -0.174004798, 0.432160972, -0.884815644, -0.940429687, 0.193359375, 0.279418945, 0.2919228, 0.880738482, 0.372864643, 0, 0, -0, 0, 0, 0, 0, 0.343191162, -0.106661426, -0.171153711, 0.216797399, -0.121609181, -0.968541953, 0.57043457, -0.789306641, 0.226806641, -0.792102526, -0.601701162, -0.101797861, 0, 1, 1, 1, 
278.341667, 15, 0.1, 0.1, 0.0128583272, 0.366761927, -0.0199647136, 0.912269599, -1.99460715e-005, 0.409590257, -0.409590257, -2.02653345e-005, 0.912269599, -9.89571111e-006, -1, -2.66571652e-005, 0.912270028, 3.32647099e-006, 0.409589302, -0.409589302, -3.2444038e-005, 0.912270027, 1.63233707e-005, -0.999999999, -2.82352365e-005, 0, 0, 0, 0, 0, 0, 0, 0.300277979, -0.145335059, -0.191932935, -0.177235031, 0.437072036, -0.881799215, -0.939819336, 0.190429687, 0.283325195, 0.291816459, 0.87897191, 0.377083381, 0, 0, -0, 0, 0, 0, 0, 0.343228857, -0.106662744, -0.171219873, 0.213781682, -0.117948176, -0.969698367, 0.572509766, -0.7890625, 0.222290039, -0.791437549, -0.602666545, -0.101305692, 0, 1, 1, 1, 
278.342482, 15, 0.1, 0.1, 0.012858328, 0.36676193, -0.0199635411, 0.912267371, 3.27285027e-005, 0.409595217, -0.409595217, -3.6399568e-006, 0.912267372, 3.1348054e-005, -0.999999999, 1.00848243e-005, 0.912267815, 2.79610516e-005, 0.40959423, -0.409594231, 1.50813518e-005, 0.912267815, 1.93307327e-005, -0.999999999, 2.52109172e-005, 0, 0, 0, 0, 0, 0, 0, 0.300277979, -0.145335059, -0.191932935, -0.177235031, 0.437072036, -0.881799215, -0.939819336, 0.190429687, 0.283325195, 0.291816459, 0.87897191, 0.377083381, 0, 0, -0, 0, 0, 0, 0, 0.343228857, -0.106662744, -0.171219873, 0.213781682, -0.117948176, -0.969698367, 0.572509766, -0.7890625, 0.222290039, -0.791437549, -0.602666545, -0.101305692, 0, 1, 1, 1, 
278.343276, 15, 0.1, 0.1, 0.0128583252, 0.366761928, -0.0199629164, 0.912265185, -1.94351949e-005, 0.409600087, -0.409600087, 2.3607472e-005, 0.912265185, -2.73996743e-005, -1, 1.35756173e-005, 0.912265619, -3.11766295e-005, 0.40959912, -0.409599121, -5.97085333e-007, 0.912265619, -2.81968016e-005, -1, -1.33146204e-005, 0, 0, 0, 0, 0, 0, 0, 0.300277979, -0.145335059, -0.191932935, -0.177235031, 0.437072036, -0.881799215, -0.939819336, 0.190429687, 0.283325195, 0.291816459, 0.87897191, 0.377083381, 0, 0, -0, 0, 0, 0, 0, 0.343228857, -0.106662744, -0.171219873, 0.213781682, -0.117948176, -0.969698367, 0.572509766, -0.7890625, 0.222290039, -0.791437549, -0.602666545, -0.101305692, 0, 1, 1, 1, 
278.344076, 15, 0.1, 0.1, 0.0128583276, 0.366761928, -0.0199631354, 0.912262972, -4.1489668e-006, 0.409605018, -0.409605018, -3.00505327e-005, 0.912262971, 8.52390022e-006, -1, -2.91134259e-005, 0.912263414, 1.49558358e-005, 0.409604033, -0.409604033, -2.47219201e-005, 0.912263414, 2.376986e-005, -1, -1.64269326e-005, 0, 0, 0, 0, 0, 0, 0, 0.300277979, -0.145335059, -0.191932935, -0.177235031, 0.437072036, -0.881799215, -0.939819336, 0.190429687, 0.283325195, 0.291816459, 0.87897191, 0.377083381, 0, 0, -0, 0, 0, 0, 0, 0.343228857, -0.106662744, -0.171219873, 0.213781682, -0.117948176, -0.969698367, 0.572509766, -0.7890625, 0.222290039, -0.791437549, -0.602666545, -0.101305692, 0, 1, 1, 1, 
278.344875, 15, 0.1, 0.1, 0.0128583241, 0.366761931, -0.0199639742, 0.912260741, 1.89907602e-005, 0.409609986, -0.409609986, 1.99676217e-005, 0.912260741, 9.14558777e-006, -1, 2.59944824e-005, 0.912261186, -4.50707915e-006, 0.409608994, -0.409608994, 3.17590789e-005, 0.912261186, -1.71204377e-005, -0.999999999, 2.71264348e-005, 0, 0, 0, 0, 0, 0, 0, 0.300277979, -0.145335059, -0.191932935, -0.177235031, 0.437072036, -0.881799215, -0.939819336, 0.190429687, 0.283325195, 0.291816459, 0.87897191, 0.377083381, 0, 0, -0, 0, 0, 0, 0, 0.343228857, -0.106662744, -0.171219873, 0.213781682, -0.117948176, -0.969698367, 0.572509766, -0.7890625, 0.222290039, -0.791437549, -0.602666545, -0.101305692, 0, 1, 1, 1, 
278.345672, 15, 0.1, 0.1, 0.0128583227, 0.366761929, -0.0199651565, 0.912258519, -3.18778164e-005, 0.409614934, -0.409614934, 2.6942228e-006, 0.912258519, -3.01844034e-005, -0.999999999, -1.0599802e-005, 0.912258963, -2.66572542e-005, 0.409613944, -0.409613944, -1.50314502e-005, 0.912258964, -1.81612275e-005, -1, -2.46317582e-005, 0, 0, 0, 0, 0, 0, 0, 0.300277979, -0.145335059, -0.191932935, -0.177235031, 0.437072036, -0.881799215, -0.939819336, 0.190429687, 0.283325195, 0.291816459, 0.87897191, 0.377083381, 0, 0, -0, 0, 0, 0, 0, 0.343228857, -0.106662744, -0.171219873, 0.213781682, -0.117948176, -0.969698367, 0.572509766, -0.7890625, 0.222290039, -0.791437549, -0.602666545, -0.101305692, 0, 1, 1, 1, 
278.346507, 15, 0.1, 0.1, 0.0128583247, 0.366761933, -0.0199658213, 0.912256188, 1.78550689e-005, 0.409620125, -0.409620124, -1.81713051e-005, 0.912256189, 2.37317294e-005, -1, -9.26309001e-006, 0.912256632, 2.9212076e-005, 0.409619137, -0.409619137, 4.38414473e-006, 0.912256632, 2.48530805e-005, -1, 1.59652905e-005, 0, 0, 0, 0, 0, 0, 0, 0.301328638, -0.144997192, -0.191628638, -0.178403635, 0.439343721, -0.880376372, -0.940185547, 0.1875, 0.284057617, 0.289900485, 0.878488519, 0.379824231, 0, 0, -0, 0, 0, 0, 0, 0.343862451, -0.10654873, -0.171031543, 0.212951194, -0.115865393, -0.970171213, 0.57409668, -0.788574219, 0.220214844, -0.790542895, -0.603797805, -0.101478133, 0, 1, 1, 1, 
278.347307, 15, 0.1, 0.1, 0.0128583216, 0.366761934, -0.0199661236, 0.912253965, 1.6884725e-006, 0.409625076, -0.409625076, 2.9958194e-005, 0.912253965, -1.07313118e-005, -1, 2.8021122e-005, 0.912254405, -1.55755248e-005, 0.409624095, -0.409624095, 2.53316248e-005, 0.912254405, -2.4585285e-005, -1, 1.67287761e-005, 0, 0, 0, 0, 0, 0, 0, 0.301328638, -0.144997192, -0.191628638, -0.178403635, 0.439343721, -0.880376372, -0.940185547, 0.1875, 0.284057617, 0.289900485, 0.878488519, 0.379824231, 0, 0, -0, 0, 0, 0, 0, 0.343862451, -0.10654873, -0.171031543, 0.212951194, -0.115865393, -0.970171213, 0.57409668, -0.788574219, 0.220214844, -0.790542895, -0.603797805, -0.101478133, 0, 1, 1, 1, 
278.348101, 15, 0.1, 0.1, 0.0128583235, 0.366761932, -0.0199661381, 0.912251772, -2.19156004e-005, 0.409629959, -0.409629959, -1.68084837e-005, 0.912251772, -1.31072869e-005, -1, -2.43108556e-005, 0.912252209, -3.34463338e-009, 0.409628987, -0.409628987, -2.76806993e-005, 0.912252209, 1.13357656e-005, -1, -2.52531491e-005, 0, 0, 0, 0, 0, 0, 0, 0.301328638, -0.144997192, -0.191628638, -0.178403635, 0.439343721, -0.880376372, -0.940185547, 0.1875, 0.284057617, 0.289900485, 0.878488519, 0.379824231, 0, 0, -0, 0, 0, 0, 0, 0.343862451, -0.10654873, -0.171031543, 0.212951194, -0.115865393, -0.970171213, 0.57409668, -0.788574219, 0.220214844, -0.790542895, -0.603797805, -0.101478133, 0, 1, 1, 1, 
278.348928, 15, 0.1, 0.1, 0.0128583236, 0.366761936, -0.0199654591, 0.912249496, 2.9505897e-005, 0.409635028, -0.409635028, -8.85079585e-007, 0.912249497, 2.72792993e-005, -1, 1.12792355e-005, 0.912249933, 2.44714168e-005, 0.409634054, -0.409634055, 1.73738098e-005, 0.912249933, 1.52071442e-005, -1, 2.58735826e-005, 0, 0, 0, 0, 0, 0, 0, 0.302179004, -0.144891357, -0.191335815, -0.179178336, 0.441456646, -0.87915048, -0.940307617, 0.185546875, 0.284790039, 0.288910858, 0.877783088, 0.382101908, 0, 0, -0, 0, 0, 0, 0, 0.344265967, -0.106880957, -0.170613379, 0.212171745, -0.11396781, -0.970509898, 0.574951172, -0.788452148, 0.218261719, -0.790133848, -0.604334817, -0.101759215, 0, 1, 1, 1, 
278.349721, 15, 0.1, 0.1, 0.0128583211, 0.366761934, -0.0199647691, 0.91224731, -1.64983457e-005, 0.409639898, -0.409639897, 2.10497633e-005, 0.91224731, -2.36733943e-005, -1, 1.24442093e-005, 0.912247747, -2.83407784e-005, 0.409638922, -0.409638923, -1.46512265e-006, 0.912247748, -2.525364e-005, -1, -1.29460408e-005, 0, 0, 0, 0, 0, 0, 0, 0.302179004, -0.144891357, -0.191335815, -0.179178336, 0.441456646, -0.87915048, -0.940307617, 0.185546875, 0.284790039, 0.288910858, 0.877783088, 0.382101908, 0, 0, -0, 0, 0, 0, 0, 0.344265967, -0.106880957, -0.170613379, 0.212171745, -0.11396781, -0.970509898, 0.574951172, -0.788452148, 0.218261719, -0.790133848, -0.604334817, -0.101759215, 0, 1, 1, 1, 
278.35052, 15, 0.1, 0.1, 0.0128583242, 0.366761933, -0.0199642634, 0.912245108, -4.23120632e-007, 0.4096448, -0.4096448, -3.33055397e-005, 0.912245108, 1.32574514e-005, -0.999999999, -3.05561449e-005, 0.912245545, 1.79812909e-005, 0.409643827, -0.409643826, -2.78266708e-005, 0.912245545, 2.78023765e-005, -0.999999999, -1.80188317e-005, 0, 0, 0, 0, 0, 0, 0, 0.302179004, -0.144891357, -0.191335815, -0.179178336, 0.441456646, -0.87915048, -0.940307617, 0.185546875, 0.284790039, 0.288910858, 0.877783088, 0.382101908, 0, 0, -0, 0, 0, 0, 0, 0.344265967, -0.106880957, -0.170613379, 0.212171745, -0.11396781, -0.970509898, 0.574951172, -0.788452148, 0.218261719, -0.790133848, -0.604334817, -0.101759215, 0, 1, 1, 1, 
278.351319, 15, 0.1, 0.1, 0.0128583218, 0.366761935, -0.0199640999, 0.912242901, 2.33693313e-005, 0.409649714, -0.409649715, 1.46552796e-005, 0.912242901, 1.53149755e-005, -1, 2.29424147e-005, 0.912243337, 4.0194516e-007, 0.409648746, -0.409648746, 2.64886384e-005, 0.912243336, -1.04843657e-005, -1, 2.43287402e-005, 0, 0, 0, 0, 0, 0, 0, 0.302179004, -0.144891357, -0.191335815, -0.179178336, 0.441456646, -0.87915048, -0.940307617, 0.185546875, 0.284790039, 0.288910858, 0.877783088, 0.382101908, 0, 0, -0, 0, 0, 0, 0, 0.344265967, -0.106880957, -0.170613379, 0.212171745, -0.11396781, -0.970509898, 0.574951172, -0.788452148, 0.218261719, -0.790133848, -0.604334817, -0.101759215, 0, 1, 1, 1, 
278.352112, 15, 0.1, 0.1, 0.012858321, 0.366761931, -0.0199643543, 0.912240704, -3.0293151e-005, 0.409654606, -0.409654606, -1.46259113e-006, 0.912240705, -2.70354883e-005, -1, -1.3743964e-005, 0.912241139, -2.48497224e-005, 0.409653639, -0.409653639, -1.96123307e-005, 0.912241139, -1.46346764e-005, -0.999999999, -2.80709541e-005, 0, 0, 0, 0, 0, 0, 0, 0.302179004, -0.144891357, -0.191335815, -0.179178336, 0.441456646, -0.87915048, -0.940307617, 0.185546875, 0.284790039, 0.288910858, 0.877783088, 0.382101908, 0, 0, -0, 0, 0, 0, 0, 0.344265967, -0.106880957, -0.170613379, 0.212171745, -0.11396781, -0.970509898, 0.574951172, -0.788452148, 0.218261719, -0.790133848, -0.604334817, -0.101759215, 0, 1, 1, 1, 
278.352907, 15, 0.1, 0.1, 0.0128583229, 0.366761933, -0.0199649217, 0.912238504, 1.62048707e-005, 0.409659508, -0.409659507, -2.34080812e-005, 0.912238504, 2.437205e-005, -1, -1.47152736e-005, 0.912238943, 2.78308241e-005, 0.40965853, -0.40965853, -9.44449636e-007, 0.912238943, 2.57752634e-005, -1, 1.05395708e-005, 0, 0, 0, 0, 0, 0, 0, 0.302179004, -0.144891357, -0.191335815, -0.179178336, 0.441456646, -0.87915048, -0.940307617, 0.185546875, 0.284790039, 0.288910858, 0.877783088, 0.382101908, 0, 0, -0, 0, 0, 0, 0, 0.344265967, -0.106880957, -0.170613379, 0.212171745, -0.11396781, -0.970509898, 0.574951172, -0.788452148, 0.218261719, -0.790133848, -0.604334817, -0.101759215, 0, 1, 1, 1, 
278.353736, 15, 0.1, 0.1, 0.0128583185, 0.366761934, -0.0199651504, 0.912236205, -3.26159389e-006, 0.409664628, -0.409664627, 2.99600698e-005, 0.912236204, -1.52489249e-005, -1, 2.59945007e-005, 0.912236643, -2.1363709e-005, 0.40966365, -0.40966365, 2.45161161e-005, 0.912236643, -2.95321198e-005, -0.999999999, 1.36125645e-005, 0, 0, 0, 0, 0, 0, 0, 0.303281909, -0.144850708, -0.190867114, -0.179300025, 0.442237339, -0.87880076, -0.941040039, 0.183105469, 0.284179688, 0.286581885, 0.878030215, 0.383529621, 0, 0, -0, 0, 0, 0, 0, 0.344969141, -0.107033154, -0.169963916, 0.21247215, -0.112664475, -0.970541981, 0.575805664, -0.788085937, 0.217529297, -0.78948856, -0.60505703, -0.102621786, 0, 1, 1, 1, 
278.354534, 15, 0.1, 0.1, 0.0128583199, 0.366761932, -0.0199653267, 0.912233991, -2.39845082e-005, 0.409669557, -0.409669557, -1.54884976e-005, 0.912233991, -1.55343176e-005, -1, -2.39548568e-005, 0.912234429, -2.0280205e-006, 0.409668581, -0.409668581, -2.7134074e-005, 0.912234429, 9.26594746e-006, -1, -2.55834528e-005, 0, 0, 0, 0, 0, 0, 0, 0.303281909, -0.144850708, -0.190867114, -0.179300025, 0.442237339, -0.87880076, -0.941040039, 0.183105469, 0.284179688, 0.286581885, 0.878030215, 0.383529621, 0, 0, -0, 0, 0, 0, 0, 0.344969141, -0.107033154, -0.169963916, 0.21247215, -0.112664475, -0.970541981, 0.575805664, -0.788085937, 0.217529297, -0.78948856, -0.60505703, -0.102621786, 0, 1, 1, 1, 
278.35533, 15, 0.1, 0.1, 0.0128583201, 0.366761936, -0.0199654776, 0.91223179, 2.97000004e-005, 0.409674456, -0.409674457, 8.31255091e-007, 0.912231791, 2.67527406e-005, -1, 1.29256289e-005, 0.912232228, 2.41135511e-005, 0.409673483, -0.409673483, 1.83905346e-005, 0.912232227, 1.4463044e-005, -1, 2.66551208e-005, 0, 0, 0, 0, 0, 0, 0, 0.303281909, -0.144850708, -0.190867114, -0.179300025, 0.442237339, -0.87880076, -0.941040039, 0.183105469, 0.284179688, 0.286581885, 0.878030215, 0.383529621, 0, 0, -0, 0, 0, 0, 0, 0.344969141, -0.107033154, -0.169963916, 0.21247215, -0.112664475, -0.970541981, 0.575805664, -0.788085937, 0.217529297, -0.78948856, -0.60505703, -0.102621786, 0, 1, 1, 1, 
278.356131, 15, 0.1, 0.1, 0.012858318, 0.366761934, -0.0199654974, 0.912229584, -1.45327798e-005, 0.409679371, -0.40967937, 2.37788619e-005, 0.912229584, -2.29989408e-005, -1, 1.57380012e-005, 0.91223002, -2.6311122e-005, 0.409678399, -0.409678399, 1.53579372e-006, 0.91223002, -2.46309768e-005, -1, -9.37810118e-006, 0, 0, 0, 0, 0, 0, 0, 0.303281909, -0.144850708, -0.190867114, -0.179300025, 0.442237339, -0.87880076, -0.941040039, 0.183105469, 0.284179688, 0.286581885, 0.878030215, 0.383529621, 0, 0, -0, 0, 0, 0, 0, 0.344969141, -0.107033154, -0.169963916, 0.21247215, -0.112664475, -0.970541981, 0.575805664, -0.788085937, 0.217529297, -0.78948856, -0.60505703, -0.102621786, 0, 1, 1, 1, 
278.356925, 15, 0.1, 0.1, 0.0128583214, 0.366761934, -0.019965452, 0.912227404, 2.15439998e-006, 0.409684223, -0.409684223, -2.81004011e-005, 0.912227404, 1.34775937e-005, -1, -2.47513322e-005, 0.912227832, 1.94215015e-005, 0.40968327, -0.40968327, -2.28714537e-005, 0.912227832, 2.70868862e-005, -1, -1.29073124e-005, 0, 0, 0, 0, 0, 0, 0, 0.303281909, -0.144850708, -0.190867114, -0.179300025, 0.442237339, -0.87880076, -0.941040039, 0.183105469, 0.284179688, 0.286581885, 0.878030215, 0.383529621, 0, 0, -0, 0, 0, 0, 0, 0.344969141, -0.107033154, -0.169963916, 0.21247215, -0.112664475, -0.970541981, 0.575805664, -0.788085937, 0.217529297, -0.78948856, -0.60505703, -0.102621786, 0, 1, 1, 1, 
278.358338, 15, 0.1, 0.1, 0.0128583148, 0.366761932, -0.019956613, 0.91222363, 4.37178708e-005, 0.409692625, -0.409692624, -3.91479668e-005, 0.912223631, 5.59191081e-005, -0.999999998, -1.78008112e-005, 0.912224339, -1.30218637e-005, 0.409691048, -0.409691048, -1.97133878e-005, 0.912224339, -3.80246253e-006, -1, -2.33179732e-005, 0, 0, 0, 0, 0, 0, 0, 0.303728394, -0.145274121, -0.190403052, -0.179300025, 0.442700513, -0.878483241, -0.941040039, 0.182983398, 0.284301758, 0.286581885, 0.877833263, 0.383973698, 0, 0, -0, 0, 0, 0, 0, 0.344969141, -0.107033154, -0.169963916, 0.212638395, -0.11136114, -0.970708226, 0.576538086, -0.787719727, 0.216796875, -0.788734631, -0.605779243, -0.103375716, 0, 1, 1, 1, 
278.359732, 15, 0.1, 0.1, 0.0128583151, 0.366761933, -0.0199393147, 0.91222065, -7.34484902e-005, 0.409699255, -0.409699252, 5.82581841e-005, 0.912220653, -9.08695643e-005, -0.999999996, 2.30525272e-005, 0.912221248, -6.154745e-005, 0.409697927, -0.409697927, 8.89841469e-006, 0.91222125, -5.97905538e-005, -0.999999998, -1.70985397e-005, 0, 0, 0, 0, 0, 0, 0, 0.303728394, -0.145274121, -0.190403052, -0.179300025, 0.442700513, -0.878483241, -0.941040039, 0.182983398, 0.284301758, 0.286581885, 0.877833263, 0.383973698, 0, 0, -0, 0, 0, 0, 0, 0.345665723, -0.107408594, -0.169321045, 0.212638395, -0.11136114, -0.970708226, 0.576538086, -0.787719727, 0.216796875, -0.788734631, -0.605779243, -0.103375716, 0, 1, 1, 1, 
278.361065, 15, 0.1, 0.1, 0.0128583277, 0.366761935, -0.0199261662, 0.912218133, 0.000101702449, 0.409704854, -0.409704856, 3.5262663e-007, 0.912218138, 9.26303458e-005, -0.999999995, 4.19896597e-005, 0.912218542, 0.000108926296, 0.409703942, -0.409703944, -4.52257704e-006, 0.912218547, 0.000101217505, -0.999999994, 4.05019543e-005, 0, 0, 0, 0, 0, 0, 0, 0.303728394, -0.145274121, -0.190403052, -0.179300025, 0.442700513, -0.878483241, -0.941040039, 0.182983398, 0.284301758, 0.286581885, 0.877833263, 0.383973698, 0, 0, -0, 0, 0, 0, 0, 0.345665723, -0.107408594, -0.169321045, 0.212638395, -0.11136114, -0.970708226, 0.576538086, -0.787719727, 0.216796875, -0.788734631, -0.605779243, -0.103375716, 0, 1, 1, 1, 
278.362388, 15, 0.1, 0.1, 0.0128583083, 0.366761941, -0.0199231233, 0.91221628, -2.81375547e-005, 0.409708991, -0.409708989, 4.08622917e-005, 0.91221628, -4.24091838e-005, -0.999999999, 2.57470387e-005, 0.91221661, -9.82025156e-005, 0.409708246, -0.409708247, 1.66971481e-005, 0.912216615, -9.64229256e-005, -0.999999995, -2.50029646e-005, 0, 0, 0, 0, 0, 0, 0, 0.303728394, -0.145274121, -0.190403052, -0.179300025, 0.442700513, -0.878483241, -0.941040039, 0.182983398, 0.284301758, 0.286581885, 0.877833263, 0.383973698, 0, 0, -0, 0, 0, 0, 0, 0.345665723, -0.107408594, -0.169321045, 0.212638395, -0.11136114, -0.970708226, 0.576538086, -0.787719727, 0.216796875, -0.788734631, -0.605779243, -0.103375716, 0, 1, 1, 1, 
278.363766, 15, 0.1, 0.1, 0.0128583311, 0.366761936, -0.0199296237, 0.912214073, -1.69214882e-005, 0.409713906, -0.409713905, 4.62115625e-005, 0.912214072, -3.43695394e-005, -0.999999999, 3.52218687e-005, 0.912214426, 6.2569976e-005, 0.409713116, -0.409713118, 8.52479874e-006, 0.912214427, 5.35845129e-005, -0.999999998, 3.34121843e-005, 0, 0, 0, 0, 0, 0, 0, 0.304125317, -0.145932983, -0.190168945, -0.180308748, 0.442922552, -0.878261203, -0.940673828, 0.183105469, 0.285400391, 0.287236019, 0.877674504, 0.383814939, 0, 0, -0, 0, 0, 0, 0, 0.346352539, -0.107564453, -0.16889458, 0.212510796, -0.109847085, -0.970925509, 0.578369141, -0.786621094, 0.215576172, -0.787520615, -0.607338508, -0.103644038, 0, 1, 1, 1, 
278.364637, 15, 0.1, 0.1, 0.012858319, 0.366761932, -0.0199412537, 0.912213344, 3.58387173e-005, 0.409715527, -0.409715525, -5.46887107e-005, 0.912213344, 5.50993701e-005, -0.999999998, -3.52040928e-005, 0.912213428, -3.09963551e-005, 0.409715341, -0.409715342, -5.3141985e-005, 0.912213426, -6.50220474e-006, -0.999999998, -6.11765145e-005, 0, 0, 0, 0, 0, 0, 0, 0.304125317, -0.145932983, -0.190168945, -0.180308748, 0.442922552, -0.878261203, -0.940673828, 0.183105469, 0.285400391, 0.287236019, 0.877674504, 0.383814939, 0, 0, -0, 0, 0, 0, 0, 0.346352539, -0.107564453, -0.16889458, 0.212510796, -0.109847085, -0.970925509, 0.578369141, -0.786621094, 0.215576172, -0.787520615, -0.607338508, -0.103644038, 0, 1, 1, 1, 
278.36547, 15, 0.1, 0.1, 0.0128583404, 0.366761929, -0.0199592747, 0.912213188, 4.8201761e-005, 0.409715874, -0.409715874, -9.51092018e-006, 0.912213189, 4.78670571e-005, -0.999999999, 1.10730398e-005, 0.912213201, 9.02812127e-005, 0.409715838, -0.409715839, -4.44936378e-006, 0.912213205, 8.41786891e-005, -0.999999996, 3.29308745e-005, 0, 0, 0, 0, 0, 0, 0, 0.304355273, -0.146821191, -0.189494458, -0.180213268, 0.443024023, -0.878159731, -0.940551758, 0.18359375, 0.285766602, 0.287838856, 0.87753484, 0.383675276, 0, 0, -0, 0, 0, 0, 0, 0.346791211, -0.107710303, -0.168468115, 0.212018993, -0.108224388, -0.971142793, 0.580078125, -0.785766602, 0.214233398, -0.786344879, -0.608763611, -0.103912361, 0, 1, 1, 1, 
278.366277, 15, 0.1, 0.1, 0.012858325, 0.366761926, -0.0199765161, 0.912213084, -8.58830043e-005, 0.409716099, -0.409716102, -8.27821479e-006, 0.912213087, -7.49518826e-005, -0.999999996, -4.27391455e-005, 0.912213114, -8.88192031e-005, 0.409716031, -0.409716034, -1.69844478e-005, 0.912213117, -7.40632416e-005, -0.999999996, -5.18840876e-005, 0, 0, 0, 0, 0, 0, 0, 0.304355273, -0.146821191, -0.189494458, -0.180213268, 0.443024023, -0.878159731, -0.940551758, 0.18359375, 0.285766602, 0.287838856, 0.87753484, 0.383675276, 0, 0, -0, 0, 0, 0, 0, 0.346791211, -0.107710303, -0.168468115, 0.212018993, -0.108224388, -0.971142793, 0.580078125, -0.785766602, 0.214233398, -0.786344879, -0.608763611, -0.103912361, 0, 1, 1, 1, 
278.367079, 15, 0.1, 0.1, 0.0128583212, 0.366761932, -0.01998801, 0.912212855, 4.44853916e-005, 0.409716616, -0.409716618, 3.66882658e-005, 0.912212854, 2.55483539e-005, -0.999999998, 5.16939119e-005, 0.912212929, 1.26438902e-005, 0.409716453, -0.409716453, 3.64035709e-005, 0.912212928, -3.38122186e-006, -0.999999999, 3.83882179e-005, 0, 0, 0, 0, 0, 0, 0, 0.304355273, -0.146821191, -0.189494458, -0.180213268, 0.443024023, -0.878159731, -0.940551758, 0.18359375, 0.285766602, 0.287838856, 0.87753484, 0.383675276, 0, 0, -0, 0, 0, 0, 0, 0.346791211, -0.107710303, -0.168468115, 0.212018993, -0.108224388, -0.971142793, 0.580078125, -0.785766602, 0.214233398, -0.786344879, -0.608763611, -0.103912361, 0, 1, 1, 1, 
278.367879, 15, 0.1, 0.1, 0.0128583425, 0.366761937, -0.0199908136, 0.912212414, 0.000105157386, 0.409717587, -0.40971759, 9.80140991e-006, 0.912212418, 9.19100635e-005, -0.999999994, 5.20257986e-005, 0.912212505, 0.000106294388, 0.409717383, -0.409717387, 1.61017518e-005, 0.91221251, 9.03659033e-005, -0.999999994, 5.82388785e-005, 0, 0, 0, 0, 0, 0, 0, 0.304355273, -0.146821191, -0.189494458, -0.180213268, 0.443024023, -0.878159731, -0.940551758, 0.18359375, 0.285766602, 0.287838856, 0.87753484, 0.383675276, 0, 0, -0, 0, 0, 0, 0, 0.346791211, -0.107710303, -0.168468115, 0.212018993, -0.108224388, -0.971142793, 0.580078125, -0.785766602, 0.214233398, -0.786344879, -0.608763611, -0.103912361, 0, 1, 1, 1, 
278.368683, 15, 0.1, 0.1, 0.012858355, 0.366761935, -0.0199848194, 0.912211958, 5.39413172e-006, 0.409718615, -0.409718615, -2.24608264e-005, 0.912211958, 1.41232101e-005, -1, -1.82789582e-005, 0.912212057, 3.46661966e-005, 0.409718393, -0.409718392, -2.11665308e-005, 0.912212058, 4.02952395e-005, -0.999999999, -5.10498623e-006, 0, 0, 0, 0, 0, 0, 0, 0.304355273, -0.146821191, -0.189494458, -0.180213268, 0.443024023, -0.878159731, -0.940551758, 0.18359375, 0.285766602, 0.287838856, 0.87753484, 0.383675276, 0, 0, -0, 0, 0, 0, 0, 0.346791211, -0.107710303, -0.168468115, 0.212018993, -0.108224388, -0.971142793, 0.580078125, -0.785766602, 0.214233398, -0.786344879, -0.608763611, -0.103912361, 0, 1, 1, 1, 
278.369488, 15, 0.1, 0.1, 0.0128583447, 0.366761938, -0.0199728527, 0.912211302, -3.972561e-005, 0.409720073, -0.409720072, 2.97990467e-005, 0.912211303, -4.84474181e-005, -0.999999999, 1.09066474e-005, 0.912211442, -5.03867805e-005, 0.40971976, -0.409719759, 2.67870466e-005, 0.912211444, -5.69385801e-005, -0.999999998, 3.79099081e-006, 0, 0, 0, 0, 0, 0, 0, 0.304355273, -0.146821191, -0.189494458, -0.180213268, 0.443024023, -0.878159731, -0.940551758, 0.18359375, 0.285766602, 0.287838856, 0.87753484, 0.383675276, 0, 0, -0, 0, 0, 0, 0, 0.346791211, -0.107710303, -0.168468115, 0.212018993, -0.108224388, -0.971142793, 0.580078125, -0.785766602, 0.214233398, -0.786344879, -0.608763611, -0.103912361, 0, 1, 1, 1, 
278.370326, 15, 0.1, 0.1, 0.0128583463, 0.366761937, -0.0199587176, 0.912210589, 1.19119244e-005, 0.409721663, -0.409721663, -8.5228708e-006, 0.912210589, 1.43581883e-005, -1, -2.89407954e-006, 0.912210707, 2.52391034e-005, 0.4097214, -0.4097214, -1.11570997e-005, 0.912210707, 2.75946829e-005, -1, 1.63374978e-007, 0, 0, 0, 0, 0, 0, 0, 0.305014868, -0.147250708, -0.189036499, -0.180391123, 0.443366629, -0.87796278, -0.940551758, 0.183227539, 0.285766602, 0.287496249, 0.877356985, 0.384138449, 0, 0, -0, 0, 0, 0, 0, 0.347381592, -0.107826123, -0.16828125, 0.210594257, -0.106275766, -0.97178808, 0.581665039, -0.78527832, 0.212036133, -0.785635426, -0.609786229, -0.103611956, 0, 1, 1, 1, 
278.371131, 15, 0.1, 0.1, 0.0128583445, 0.366761937, -0.0199485982, 0.91221008, 1.24737886e-005, 0.409722796, -0.409722796, -5.72086249e-006, 0.91221008, 1.37226835e-005, -1, -1.07832898e-007, 0.912210156, 4.21365942e-007, 0.409722627, -0.409722627, -1.84347542e-005, 0.912210156, 7.93751023e-006, -1, -1.66437269e-005, 0, 0, 0, 0, 0, 0, 0, 0.305014868, -0.147250708, -0.189036499, -0.180391123, 0.443366629, -0.87796278, -0.940551758, 0.183227539, 0.285766602, 0.287496249, 0.877356985, 0.384138449, 0, 0, -0, 0, 0, 0, 0, 0.347381592, -0.107826123, -0.16828125, 0.210594257, -0.106275766, -0.97178808, 0.581665039, -0.78527832, 0.212036133, -0.785635426, -0.609786229, -0.103611956, 0, 1, 1, 1, 
278.371939, 15, 0.1, 0.1, 0.012858342, 0.366761944, -0.0199448647, 0.912209901, -1.48189203e-005, 0.409723195, -0.409723195, -3.0823534e-005, 0.9122099, -8.88848993e-007, -0.999999999, -3.41891883e-005, 0.912209917, -2.4157869e-005, 0.409723159, -0.409723158, 2.45242977e-005, 0.912209917, -3.20852204e-005, -0.999999999, 1.24732692e-005, 0, 0, 0, 0, 0, 0, 0, 0.305014868, -0.147250708, -0.189036499, -0.180391123, 0.443366629, -0.87796278, -0.940551758, 0.183227539, 0.285766602, 0.287496249, 0.877356985, 0.384138449, 0, 0, -0, 0, 0, 0, 0, 0.347381592, -0.107826123, -0.16828125, 0.210594257, -0.106275766, -0.97178808, 0.581665039, -0.78527832, 0.212036133, -0.785635426, -0.609786229, -0.103611956, 0, 1, 1, 1, 
278.372738, 15, 0.1, 0.1, 0.0128583518, 0.366761934, -0.0199480163, 0.912210084, 4.26943738e-005, 0.409722784, -0.409722786, 3.05603299e-005, 0.912210084, 2.64249749e-005, -0.999999999, 4.53702988e-005, 0.912210032, 5.42925276e-005, 0.4097229, -0.409722899, -3.10845253e-005, 0.912210033, 6.22622303e-005, -0.999999998, -6.11072403e-006, 0, 0, 0, 0, 0, 0, 0, 0.305014868, -0.147250708, -0.189036499, -0.180391123, 0.443366629, -0.87796278, -0.940551758, 0.183227539, 0.285766602, 0.287496249, 0.877356985, 0.384138449, 0, 0, -0, 0, 0, 0, 0, 0.347381592, -0.107826123, -0.16828125, 0.210594257, -0.106275766, -0.97178808, 0.581665039, -0.78527832, 0.212036133, -0.785635426, -0.609786229, -0.103611956, 0, 1, 1, 1, 
278.373551, 15, 0.1, 0.1, 0.0128583453, 0.366761952, -0.0199565817, 0.912210622, -4.53267774e-005, 0.409721587, -0.409721586, 3.34098002e-005, 0.912210623, -5.50362842e-005, -0.999999998, 1.19054155e-005, 0.912210501, -4.63178227e-005, 0.409721857, -0.409721853, 7.78637433e-005, 0.9122105, -7.41540818e-005, -0.999999996, 5.20507001e-005, 0, 0, 0, 0, 0, 0, 0, 0.305014868, -0.147250708, -0.189036499, -0.180391123, 0.443366629, -0.87796278, -0.940551758, 0.183227539, 0.285766602, 0.287496249, 0.877356985, 0.384138449, 0, 0, -0, 0, 0, 0, 0, 0.347381592, -0.107826123, -0.16828125, 0.210594257, -0.106275766, -0.97178808, 0.581665039, -0.78527832, 0.212036133, -0.785635426, -0.609786229, -0.103611956, 0, 1, 1, 1, 
278.374357, 15, 0.1, 0.1, 0.0128583473, 0.366761931, -0.0199669629, 0.912211414, 3.81567761e-005, 0.409719825, -0.409719818, -0.000116506286, 0.91221141, 8.25419816e-005, -0.999999992, -9.06447765e-005, 0.912211246, 2.85004274e-005, 0.4097202, -0.409720194, -0.000123577655, 0.912211241, 7.66306719e-005, -0.999999992, -0.000101051726, 0, 0, 0, 0, 0, 0, 0, 0.305014868, -0.147250708, -0.189036499, -0.180391123, 0.443366629, -0.87796278, -0.940551758, 0.183227539, 0.285766602, 0.287496249, 0.877356985, 0.384138449, 0, 0, -0, 0, 0, 0, 0, 0.347381592, -0.107826123, -0.16828125, 0.210594257, -0.106275766, -0.97178808, 0.581665039, -0.78527832, 0.212036133, -0.785635426, -0.609786229, -0.103611956, 0, 1, 1, 1, 
278.3752, 15, 0.1, 0.1, 0.0128583526, 0.366761931, -0.019975543, 0.912212391, -7.99543371e-006, 0.40971765, -0.409717649, 7.07854922e-005, 0.912212389, -3.62955992e-005, -0.999999997, 6.12955328e-005, 0.912212183, 8.83155613e-006, 0.409718114, -0.409718114, 4.2123986e-005, 0.912212182, -9.202707e-006, -0.999999999, 4.20444617e-005, 0, 0, 0, 0, 0, 0, 0, 0.305825195, -0.1476823, -0.188569019, -0.181971604, 0.443645956, -0.877562885, -0.940429687, 0.181762695, 0.286987305, 0.28688143, 0.877559928, 0.384322296, 0, 0, -0, 0, 0, 0, 0, 0.347920459, -0.10820498, -0.168064111, 0.208453871, -0.104946912, -0.972292643, 0.583129883, -0.784790039, 0.209716797, -0.785123933, -0.610751246, -0.102314817, 0, 1, 1, 1, 
278.376016, 15, 0.1, 0.1, 0.0128583458, 0.366761947, -0.0199793016, 0.912213406, -2.76959056e-005, 0.40971539, -0.40971539, 2.6769198e-005, 0.912213406, -3.62323288e-005, -0.999999999, 1.30717825e-005, 0.912213194, -3.36908508e-005, 0.409715861, -0.409715859, 5.80570296e-005, 0.912213194, -5.45201245e-005, -0.999999998, 3.91567126e-005, 0, 0, 0, 0, 0, 0, 0, 0.305825195, -0.1476823, -0.188569019, -0.181971604, 0.443645956, -0.877562885, -0.940429687, 0.181762695, 0.286987305, 0.28688143, 0.877559928, 0.384322296, 0, 0, -0, 0, 0, 0, 0, 0.347920459, -0.10820498, -0.168064111, 0.208453871, -0.104946912, -0.972292643, 0.583129883, -0.784790039, 0.209716797, -0.785123933, -0.610751246, -0.102314817, 0, 1, 1, 1, 
278.376821, 15, 0.1, 0.1, 0.0128583487, 0.366761937, -0.0199777665, 0.912214454, 3.34216076e-005, 0.409713056, -0.409713053, -6.8260992e-005, 0.912214454, 5.84550931e-005, -0.999999997, -4.85753947e-005, 0.912214245, 2.81023405e-005, 0.409713523, -0.409713521, -7.17735293e-005, 0.912214243, 5.50419408e-005, -0.999999997, -5.3958927e-005, 0, 0, 0, 0, 0, 0, 0, 0.305825195, -0.1476823, -0.188569019, -0.181971604, 0.443645956, -0.877562885, -0.940429687, 0.181762695, 0.286987305, 0.28688143, 0.877559928, 0.384322296, 0, 0, -0, 0, 0, 0, 0, 0.347920459, -0.10820498, -0.168064111, 0.208453871, -0.104946912, -0.972292643, 0.583129883, -0.784790039, 0.209716797, -0.785123933, -0.610751246, -0.102314817, 0, 1, 1, 1, 
