time, trialNum, realDorsalTactorPos, realVentralTactorPos, boxPosX, boxPosY, boxPosZ, boxLocalRot_11, boxLocalRot_12, boxLocalRot_13, boxLocalRot_21, boxLocalRot_22, boxLocalRot_23, boxLocalRot_31, boxLocalRot_32, boxLocalRot_33, boxGlobalRot_11, boxGlobalRot_12, boxGlobalRot_13, boxGlobalRot_21, boxGlobalRot_22, boxGlobalRot_23, boxGlobalRot_31, boxGlobalRot_32, boxGlobalRot_33, indexForceX, indexForceY, indexForceZ, indexForceGlobalX, indexForceGlobalY, indexForceGlobalZ, indexContact, indexPosX, indexPosY, indexPosZ, indexRot_11, indexRot_12, indexRot_13, indexRot_21, indexRot_22, indexRot_23, indexRot_31, indexRot_32, indexRot_33, thumbForceX, thumbForceY, thumbForceZ, thumbForceGlobalX, thumbForceGlobalY, thumbForceGlobalZ, thumbContact, thumbPosX, thumbPosY, thumbPosZ, thumbRot_11, thumbRot_12, thumbRot_13, thumbRot_21, thumbRot_22, thumbRot_23, thumbRot_31, thumbRot_32, thumbRot_33, manipForceTooHigh, cceExpType, mapping, trialSuccess, 
126.234756, 5, 0.1, 0.1, -0.00723730465, 0.36782776, -0.0199736673, 0.843314757, -1.6969322e-005, 0.537419966, 0.537419966, -2.4837704e-006, -0.843314757, 1.56453075e-005, 1, 7.02505224e-006, 0.84331474, -4.40013347e-006, 0.537419993, 0.537419993, -9.16244973e-006, -0.84331474, 8.63478108e-006, 1, -5.36210922e-006, 0, 0, 0, 0, 0, 0, 0, 0.302268848, -0.0697881592, -0.183678418, -0.00886832026, 0.87514277, -0.483559708, -0.919555664, 0.182739258, 0.34765625, 0.392696668, 0.44783473, 0.803308907, 0, -0, 0, 0, 0, 0, 0, 0.349440283, -0.0334041992, -0.151688525, -0.0358270754, 0.574149407, -0.81792577, -0.170654297, -0.809814453, -0.561035156, -0.984602572, 0.119507521, 0.126991139, 0, 1, 5, 1, 
126.281257, 5, 0.1, 0.1, -0.00723736721, 0.367827853, -0.0199705671, 0.843322419, 1.41254335e-006, 0.537407943, 0.537407943, -1.31880861e-005, -0.843322419, 5.89615277e-006, 1, -1.18809207e-005, 0.843322443, -2.31306484e-005, 0.537407905, 0.537407905, -4.92353313e-006, -0.843322443, 2.21525405e-005, 1, 8.2784673e-006, 0, 0, 0, 0, 0, 0, 0, 0.324342334, -0.0968828369, -0.177012207, -0.0984528743, 0.876335696, -0.47140412, -0.932373047, 0.0841064453, 0.351196289, 0.347561339, 0.474094463, 0.809046351, 0, -0, 0, 0, 0, 0, 0, 0.365966504, -0.0589330566, -0.146859863, -0.108131022, 0.553181474, -0.825910923, -0.0858154297, -0.832885742, -0.546630859, -0.990360883, 0.0118677141, 0.137566938, 0, 1, 5, 1, 
126.281967, 5, 0.1, 0.1, -0.00723737291, 0.367827852, -0.0199689222, 0.843322142, 1.08134507e-006, 0.537408378, 0.537408378, 2.1251715e-005, -0.843322142, -1.23327719e-005, 1, 1.73409179e-005, 0.843322212, 1.99654499e-005, 0.537408268, 0.537408267, 2.31530288e-005, -0.843322212, -2.92799364e-005, 1, 8.79586561e-006, 0, 0, 0, 0, 0, 0, 0, 0.324342334, -0.0968828369, -0.177012207, -0.0984528743, 0.876335696, -0.47140412, -0.932373047, 0.0841064453, 0.351196289, 0.347561339, 0.474094463, 0.809046351, 0, -0, 0, 0, 0, 0, 0, 0.365966504, -0.0589330566, -0.146859863, -0.108131022, 0.553181474, -0.825910923, -0.0858154297, -0.832885742, -0.546630859, -0.990360883, 0.0118677141, 0.137566938, 0, 1, 5, 1, 
126.282667, 5, 0.1, 0.1, -0.00723737081, 0.367827857, -0.0199675409, 0.843321631, 5.8995325e-006, 0.53740918, 0.53740918, -2.79927815e-005, -0.843321631, 1.00683744e-005, 1, -2.67773811e-005, 0.843321747, -7.41238853e-006, 0.537408998, 0.537408998, -3.75551167e-005, -0.843321746, 2.64334861e-005, 0.999999999, -2.76875623e-005, 0, 0, 0, 0, 0, 0, 0, 0.324342334, -0.0968828369, -0.177012207, -0.0984528743, 0.876335696, -0.47140412, -0.932373047, 0.0841064453, 0.351196289, 0.347561339, 0.474094463, 0.809046351, 0, -0, 0, 0, 0, 0, 0, 0.365966504, -0.0589330566, -0.146859863, -0.108131022, 0.553181474, -0.825910923, -0.0858154297, -0.832885742, -0.546630859, -0.990360883, 0.0118677141, 0.137566938, 0, 1, 5, 1, 
126.283368, 5, 0.1, 0.1, -0.00723737452, 0.367827854, -0.0199668026, 0.843320955, 2.55042117e-006, 0.537410241, 0.537410241, 8.86324201e-006, -0.843320954, -6.91402064e-006, 1, 6.10393526e-006, 0.843321091, 1.24913184e-005, 0.537410026, 0.537410026, 2.75360167e-005, -0.843321091, -2.53323237e-005, 1, 1.6508744e-005, 0, 0, 0, 0, 0, 0, 0, 0.324342334, -0.0968828369, -0.177012207, -0.0984528743, 0.876335696, -0.47140412, -0.932373047, 0.0841064453, 0.351196289, 0.347561339, 0.474094463, 0.809046351, 0, -0, 0, 0, 0, 0, 0, 0.365966504, -0.0589330566, -0.146859863, -0.108131022, 0.553181474, -0.825910923, -0.0858154297, -0.832885742, -0.546630859, -0.990360883, 0.0118677141, 0.137566938, 0, 1, 5, 1, 
126.284085, 5, 0.1, 0.1, -0.00723737109, 0.367827861, -0.019966879, 0.843320306, -2.04365886e-005, 0.537411258, 0.537411258, -1.54562498e-006, -0.843320306, 1.80652264e-005, 1, 9.67939587e-006, 0.84332043, -2.42784852e-005, 0.537411064, 0.537411063, -3.0176041e-005, -0.84332043, 3.66914809e-005, 0.999999999, -1.24005453e-005, 0, 0, 0, 0, 0, 0, 0, 0.324342334, -0.0968828369, -0.177012207, -0.0984528743, 0.876335696, -0.47140412, -0.932373047, 0.0841064453, 0.351196289, 0.347561339, 0.474094463, 0.809046351, 0, -0, 0, 0, 0, 0, 0, 0.365966504, -0.0589330566, -0.146859863, -0.108131022, 0.553181474, -0.825910923, -0.0858154297, -0.832885742, -0.546630859, -0.990360883, 0.0118677141, 0.137566938, 0, 1, 5, 1, 
126.284841, 5, 0.1, 0.1, -0.00723737599, 0.367827858, -0.0199669313, 0.843319945, 2.31308194e-005, 0.537411826, 0.537411826, -1.32417188e-005, -0.843319945, -1.23904251e-005, 1, -2.35977815e-005, 0.843319985, 3.28626102e-005, 0.537411762, 0.537411762, 5.15410239e-006, -0.843319986, -3.04835712e-005, 0.999999999, -1.33141957e-005, 0, 0, 0, 0, 0, 0, 0, 0.32529314, -0.0991098877, -0.176530444, -0.101683107, 0.87641208, -0.470699811, -0.932128906, 0.0812988281, 0.352661133, 0.347454998, 0.474576733, 0.808811208, 0, -0, 0, 0, 0, 0, 0, 0.366673682, -0.061327832, -0.145986426, -0.110961538, 0.551826366, -0.826498608, -0.0832519531, -0.833740234, -0.545532227, -0.990290154, 0.00841123344, 0.138487111, 0, 1, 5, 1, 
126.285541, 5, 0.1, 0.1, -0.00723737207, 0.367827861, -0.0199676239, 0.843319948, -2.0923455e-005, 0.537411821, 0.537411821, 1.08401232e-005, -0.843319948, 1.18195567e-005, 1, 2.03862042e-005, 0.843319926, -3.50902751e-005, 0.537411854, 0.537411854, 2.04270678e-006, -0.843319927, 2.84945534e-005, 0.999999999, 2.05805851e-005, 0, 0, 0, 0, 0, 0, 0, 0.32529314, -0.0991098877, -0.176530444, -0.101683107, 0.87641208, -0.470699811, -0.932128906, 0.0812988281, 0.352661133, 0.347454998, 0.474576733, 0.808811208, 0, -0, 0, 0, 0, 0, 0, 0.366673682, -0.061327832, -0.145986426, -0.110961538, 0.551826366, -0.826498608, -0.0832519531, -0.833740234, -0.545532227, -0.990290154, 0.00841123344, 0.138487111, 0, 1, 5, 1, 
126.286248, 5, 0.1, 0.1, -0.00723737768, 0.367827861, -0.019968768, 0.843320181, 1.39135389e-005, 0.537411455, 0.537411456, -2.76349808e-006, -0.843320181, -1.02484326e-005, 1, -9.80780891e-006, 0.843320128, 3.33547006e-005, 0.537411538, 0.537411538, -2.37068706e-006, -0.843320128, -2.68546558e-005, 0.999999999, -1.99244491e-005, 0, 0, 0, 0, 0, 0, 0, 0.32529314, -0.0991098877, -0.176530444, -0.101683107, 0.87641208, -0.470699811, -0.932128906, 0.0812988281, 0.352661133, 0.347454998, 0.474576733, 0.808811208, 0, -0, 0, 0, 0, 0, 0, 0.366673682, -0.061327832, -0.145986426, -0.110961538, 0.551826366, -0.826498608, -0.0832519531, -0.833740234, -0.545532227, -0.990290154, 0.00841123344, 0.138487111, 0, 1, 5, 1, 
126.28696, 5, 0.1, 0.1, -0.007237373, 0.367827863, -0.01997, 0.843320425, -5.01177558e-006, 0.537411073, 0.537411073, -1.56487559e-005, -0.843320425, 1.26363474e-005, 1, -1.05035318e-005, 0.843320379, -3.02472881e-005, 0.537411144, 0.537411144, -7.90033184e-006, -0.843320379, 2.97538808e-005, 1, 9.59271887e-006, 0, 0, 0, 0, 0, 0, 0, 0.32529314, -0.0991098877, -0.176530444, -0.101683107, 0.87641208, -0.470699811, -0.932128906, 0.0812988281, 0.352661133, 0.347454998, 0.474576733, 0.808811208, 0, -0, 0, 0, 0, 0, 0, 0.366673682, -0.061327832, -0.145986426, -0.113670653, 0.550247413, -0.827118376, -0.0791015625, -0.834838867, -0.544555664, -0.990206665, 0.00358105572, 0.138544714, 0, 1, 5, 1, 
126.28766, 5, 0.1, 0.1, -0.00723737718, 0.367827862, -0.0199708474, 0.843320453, -3.82661141e-006, 0.537411029, 0.537411029, 2.2578404e-005, -0.843320453, -8.90682368e-006, 1, 2.10972931e-005, 0.843320467, 1.39739664e-005, 0.537411007, 0.537411006, 2.30253332e-005, -0.843320467, -2.41585994e-005, 1, 1.19079714e-005, 0, 0, 0, 0, 0, 0, 0, 0.32529314, -0.0991098877, -0.176530444, -0.101683107, 0.87641208, -0.470699811, -0.932128906, 0.0812988281, 0.352661133, 0.347454998, 0.474576733, 0.808811208, 0, -0, 0, 0, 0, 0, 0, 0.367835645, -0.0635430664, -0.14491001, -0.113670653, 0.550247413, -0.827118376, -0.0791015625, -0.834838867, -0.544555664, -0.990206665, 0.00358105572, 0.138544714, 0, 1, 5, 1, 
126.288365, 5, 0.1, 0.1, -0.00723737418, 0.367827866, -0.0199712066, 0.843320223, 2.75252377e-007, 0.53741139, 0.53741139, -1.90176954e-005, -0.843320223, 9.98820022e-006, 1, -1.61859309e-005, 0.843320285, -1.2681907e-005, 0.537411292, 0.537411291, -2.78709603e-005, -0.843320285, 2.56730782e-005, 1, -1.66887461e-005, 0, 0, 0, 0, 0, 0, 0, 0.32529314, -0.0991098877, -0.176530444, -0.101683107, 0.87641208, -0.470699811, -0.932128906, 0.0812988281, 0.352661133, 0.347454998, 0.474576733, 0.808811208, 0, -0, 0, 0, 0, 0, 0, 0.367835645, -0.0635430664, -0.14491001, -0.113670653, 0.550247413, -0.827118376, -0.0791015625, -0.834838867, -0.544555664, -0.990206665, 0.00358105572, 0.138544714, 0, 1, 5, 1, 
126.289068, 5, 0.1, 0.1, -0.00723737709, 0.367827863, -0.0199709849, 0.843319817, 1.98803893e-006, 0.537412026, 0.537412026, 1.36174048e-005, -0.843319817, -8.99470971e-006, 1, 1.04154313e-005, 0.843319902, 9.95597026e-006, 0.537411893, 0.537411892, 3.0015832e-005, -0.843319902, -2.45269329e-005, 0.999999999, 1.99624917e-005, 0, 0, 0, 0, 0, 0, 0, 0.32529314, -0.0991098877, -0.176530444, -0.101683107, 0.87641208, -0.470699811, -0.932128906, 0.0812988281, 0.352661133, 0.347454998, 0.474576733, 0.808811208, 0, -0, 0, 0, 0, 0, 0, 0.367835645, -0.0635430664, -0.14491001, -0.113670653, 0.550247413, -0.827118376, -0.0791015625, -0.834838867, -0.544555664, -0.990206665, 0.00358105572, 0.138544714, 0, 1, 5, 1, 
126.289784, 5, 0.1, 0.1, -0.00723737448, 0.367827868, -0.019970102, 0.843319416, -1.45908757e-005, 0.537412655, 0.537412656, 1.37535099e-006, -0.843319416, 1.15656377e-005, 1, 9.00118146e-006, 0.843319487, -1.86340359e-005, 0.537412543, 0.537412543, -2.30213389e-005, -0.843319488, 2.80864019e-005, 1, -9.40017909e-006, 0, 0, 0, 0, 0, 0, 0, 0.327132886, -0.101343042, -0.176041235, -0.104970628, 0.876367897, -0.469855839, -0.931884766, 0.078125, 0.354003906, 0.346986955, 0.475078099, 0.808677536, 0, -0, 0, 0, 0, 0, 0, 0.367835645, -0.0635430664, -0.14491001, -0.113670653, 0.550247413, -0.827118376, -0.0791015625, -0.834838867, -0.544555664, -0.990206665, 0.00358105572, 0.138544714, 0, 1, 5, 1, 
126.290487, 5, 0.1, 0.1, -0.007237379, 0.367827866, -0.0199690408, 0.843319257, 2.30370401e-005, 0.537412905, 0.537412905, -1.4673855e-005, -0.843319257, -1.15416605e-005, 1, -2.47551471e-005, 0.843319266, 3.13568613e-005, 0.53741289, 0.53741289, 1.64923239e-006, -0.843319267, -2.7330164e-005, 1, -1.5460752e-005, 0, 0, 0, 0, 0, 0, 0, 0.327132886, -0.101343042, -0.176041235, -0.104970628, 0.876367897, -0.469855839, -0.931884766, 0.078125, 0.354003906, 0.346986955, 0.475078099, 0.808677536, 0, -0, 0, 0, 0, 0, 0, 0.367835645, -0.0635430664, -0.14491001, -0.113670653, 0.550247413, -0.827118376, -0.0791015625, -0.834838867, -0.544555664, -0.990206665, 0.00358105572, 0.138544714, 0, 1, 5, 1, 
126.291192, 5, 0.1, 0.1, -0.00723737581, 0.367827869, -0.0199681601, 0.843319391, -1.51960805e-005, 0.537412695, 0.537412696, 1.07228625e-005, -0.843319391, 7.05254695e-006, 1, 1.72093645e-005, 0.843319344, -3.01342975e-005, 0.537412767, 0.537412768, 1.81545061e-006, -0.843319345, 2.44371897e-005, 1, 1.77255609e-005, 0, 0, 0, 0, 0, 0, 0, 0.327132886, -0.101343042, -0.176041235, -0.104970628, 0.876367897, -0.469855839, -0.931884766, 0.078125, 0.354003906, 0.346986955, 0.475078099, 0.808677536, 0, -0, 0, 0, 0, 0, 0, 0.367835645, -0.0635430664, -0.14491001, -0.113670653, 0.550247413, -0.827118376, -0.0791015625, -0.834838867, -0.544555664, -0.990206665, 0.00358105572, 0.138544714, 0, 1, 5, 1, 
126.291939, 5, 0.1, 0.1, -0.00723738312, 0.367827869, -0.0199673404, 0.84331976, 1.75690852e-005, 0.537412115, 0.537412115, -3.57926422e-006, -0.843319761, -1.28928168e-005, 1, -1.24603035e-005, 0.843319679, 4.00815897e-005, 0.537412242, 0.537412243, -3.14261255e-006, -0.843319679, -3.21127149e-005, 0.999999999, -2.4190564e-005, 0, 0, 0, 0, 0, 0, 0, 0.328469141, -0.103355029, -0.175556055, -0.109406536, 0.876260434, -0.469069155, -0.931396484, 0.0743408203, 0.356201172, 0.347071574, 0.475960263, 0.808182162, 0, -0, 0, 0, 0, 0, 0, 0.369058887, -0.0661710938, -0.143627197, -0.115370275, 0.548783664, -0.827795746, -0.0755615234, -0.83581543, -0.543579102, -0.990385303, -9.58637668e-006, 0.137982548, 0, 1, 5, 1, 
126.292644, 5, 0.1, 0.1, -0.00723737836, 0.367827872, -0.0199669231, 0.843320109, -4.13077282e-006, 0.537411568, 0.537411568, -1.74069781e-005, -0.843320109, 1.28382752e-005, 1, -1.24597296e-005, 0.843320046, -2.99750684e-005, 0.537411666, 0.537411666, -9.43154592e-006, -0.843320047, 3.03471989e-005, 1, 8.15513971e-006, 0, 0, 0, 0, 0, 0, 0, 0.328469141, -0.103355029, -0.175556055, -0.109406536, 0.876260434, -0.469069155, -0.931396484, 0.0743408203, 0.356201172, 0.347071574, 0.475960263, 0.808182162, 0, -0, 0, 0, 0, 0, 0, 0.369058887, -0.0661710938, -0.143627197, -0.115370275, 0.548783664, -0.827795746, -0.0755615234, -0.83581543, -0.543579102, -0.990385303, -9.58637668e-006, 0.137982548, 0, 1, 5, 1, 
126.293343, 5, 0.1, 0.1, -0.00723738304, 0.36782787, -0.0199672759, 0.84332021, -4.06444287e-006, 0.537411409, 0.537411409, 2.49273133e-005, -0.84332021, -9.96859575e-006, 1, 2.32059851e-005, 0.843320212, 1.60558349e-005, 0.537411406, 0.537411405, 2.55347333e-005, -0.843320213, -2.7262867e-005, 1, 1.29053679e-005, 0, 0, 0, 0, 0, 0, 0, 0.328469141, -0.103355029, -0.175556055, -0.109406536, 0.876260434, -0.469069155, -0.931396484, 0.0743408203, 0.356201172, 0.347071574, 0.475960263, 0.808182162, 0, -0, 0, 0, 0, 0, 0, 0.369058887, -0.0661710938, -0.143627197, -0.115370275, 0.548783664, -0.827795746, -0.0755615234, -0.83581543, -0.543579102, -0.990385303, -9.58637668e-006, 0.137982548, 0, 1, 5, 1, 
126.294041, 5, 0.1, 0.1, -0.00723737948, 0.367827874, -0.0199682772, 0.843320017, -1.09380867e-006, 0.537411713, 0.537411713, -2.23469283e-005, -0.843320017, 1.29319317e-005, 1, -1.82577863e-005, 0.843320073, -1.48993428e-005, 0.537411624, 0.537411624, -3.15764874e-005, -0.843320073, 2.95344862e-005, 0.999999999, -1.86220057e-005, 0, 0, 0, 0, 0, 0, 0, 0.328469141, -0.103355029, -0.175556055, -0.109406536, 0.876260434, -0.469069155, -0.931396484, 0.0743408203, 0.356201172, 0.347071574, 0.475960263, 0.808182162, 0, -0, 0, 0, 0, 0, 0, 0.369058887, -0.0661710938, -0.143627197, -0.115370275, 0.548783664, -0.827795746, -0.0755615234, -0.83581543, -0.543579102, -0.990385303, -9.58637668e-006, 0.137982548, 0, 1, 5, 1, 
126.294738, 5, 0.1, 0.1, -0.00723738233, 0.367827871, -0.0199695929, 0.843319627, 1.94441398e-006, 0.537412324, 0.537412324, 1.45685817e-005, -0.843319627, -9.46909783e-006, 1, 1.12410189e-005, 0.84331971, 1.01494676e-005, 0.537412194, 0.537412194, 3.13544781e-005, -0.84331971, -2.5409525e-005, 0.999999999, 2.09874018e-005, 0, 0, 0, 0, 0, 0, 0, 0.328469141, -0.103355029, -0.175556055, -0.109406536, 0.876260434, -0.469069155, -0.931396484, 0.0743408203, 0.356201172, 0.347071574, 0.475960263, 0.808182162, 0, -0, 0, 0, 0, 0, 0, 0.369058887, -0.0661710938, -0.143627197, -0.115370275, 0.548783664, -0.827795746, -0.0755615234, -0.83581543, -0.543579102, -0.990385303, -9.58637668e-006, 0.137982548, 0, 1, 5, 1, 
126.295435, 5, 0.1, 0.1, -0.00723737972, 0.367827876, -0.0199708056, 0.843319248, -1.53981215e-005, 0.537412919, 0.537412919, 1.05057841e-006, -0.843319248, 1.24209379e-005, 1, 9.16112244e-006, 0.843319316, -1.89201972e-005, 0.537412813, 0.537412813, -2.18100741e-005, -0.843319316, 2.7676781e-005, 1, -8.22490039e-006, 0, 0, 0, 0, 0, 0, 0, 0.328469141, -0.103355029, -0.175556055, -0.109406536, 0.876260434, -0.469069155, -0.931396484, 0.0743408203, 0.356201172, 0.347071574, 0.475960263, 0.808182162, 0, -0, 0, 0, 0, 0, 0, 0.369058887, -0.0661710938, -0.143627197, -0.115370275, 0.548783664, -0.827795746, -0.0755615234, -0.83581543, -0.543579102, -0.990385303, -9.58637668e-006, 0.137982548, 0, 1, 5, 1, 
126.296136, 5, 0.1, 0.1, -0.00723738359, 0.367827874, -0.0199715812, 0.84331909, 2.02432397e-005, 0.537413166, 0.537413166, -1.31775374e-005, -0.84331909, -9.9897284e-006, 1, -2.19918524e-005, 0.843319101, 2.77375871e-005, 0.537413149, 0.537413149, 2.17408742e-006, -0.843319102, -2.45600202e-005, 1, -1.30730946e-005, 0, 0, 0, 0, 0, 0, 0, 0.328469141, -0.103355029, -0.175556055, -0.109406536, 0.876260434, -0.469069155, -0.931396484, 0.0743408203, 0.356201172, 0.347071574, 0.475960263, 0.808182162, 0, -0, 0, 0, 0, 0, 0, 0.369058887, -0.0661710938, -0.143627197, -0.115370275, 0.548783664, -0.827795746, -0.0755615234, -0.83581543, -0.543579102, -0.990385303, -9.58637668e-006, 0.137982548, 0, 1, 5, 1, 
126.296863, 5, 0.1, 0.1, -0.00723738027, 0.367827877, -0.019971447, 0.843319209, -1.56356019e-005, 0.53741298, 0.53741298, 1.03603527e-005, -0.843319209, 7.61801542e-006, 1, 1.71398599e-005, 0.843319168, -2.92006808e-005, 0.537413044, 0.537413044, 2.52566487e-006, -0.843319169, 2.32681686e-005, 1, 1.78227684e-005, 0, 0, 0, 0, 0, 0, 0, 0.32930166, -0.104883057, -0.175866187, -0.115129371, 0.87698983, -0.466353393, -0.92956543, 0.0703125, 0.361572266, 0.349955453, 0.475103186, 0.807381251, 0, -0, 0, 0, 0, 0, 0, 0.369833545, -0.0685346191, -0.143759375, -0.120705383, 0.548112123, -0.827558773, -0.0740966797, -0.836181641, -0.543212891, -0.989841361, -0.00413067753, 0.141566994, 0, 1, 5, 1, 
126.29756, 5, 0.1, 0.1, -0.00723738582, 0.367827877, -0.0199706447, 0.843319513, 1.45864617e-005, 0.537412503, 0.537412503, -2.31661767e-006, -0.843319513, -1.10560684e-005, 1, -9.79259576e-006, 0.843319447, 3.30417432e-005, 0.537412607, 0.537412607, -1.88789369e-006, -0.843319447, -2.68501667e-005, 0.999999999, -1.93491468e-005, 0, 0, 0, 0, 0, 0, 0, 0.32930166, -0.104883057, -0.175866187, -0.115129371, 0.87698983, -0.466353393, -0.92956543, 0.0703125, 0.361572266, 0.349955453, 0.475103186, 0.807381251, 0, -0, 0, 0, 0, 0, 0, 0.369833545, -0.0685346191, -0.143759375, -0.120705383, 0.548112123, -0.827558773, -0.0740966797, -0.836181641, -0.543212891, -0.989841361, -0.00413067753, 0.141566994, 0, 1, 5, 1, 
126.298265, 5, 0.1, 0.1, -0.0072373816, 0.367827878, -0.0199694947, 0.843319818, -2.26162583e-006, 0.537412025, 0.537412025, -1.53054815e-005, -0.843319818, 1.01326237e-005, 1, -1.16919909e-005, 0.843319765, -2.58656508e-005, 0.537412107, 0.537412107, -8.1033532e-006, -0.843319765, 2.61678547e-005, 1, 7.06679601e-006, 0, 0, 0, 0, 0, 0, 0, 0.32930166, -0.104883057, -0.175866187, -0.115129371, 0.87698983, -0.466353393, -0.92956543, 0.0703125, 0.361572266, 0.349955453, 0.475103186, 0.807381251, 0, -0, 0, 0, 0, 0, 0, 0.369833545, -0.0685346191, -0.143759375, -0.120705383, 0.548112123, -0.827558773, -0.0740966797, -0.836181641, -0.543212891, -0.989841361, -0.00413067753, 0.141566994, 0, 1, 5, 1, 
126.298967, 5, 0.1, 0.1, -0.00723738606, 0.367827877, -0.0199684049, 0.843319895, -5.15365739e-006, 0.537411904, 0.537411904, 2.43738289e-005, -0.843319895, -8.752604e-006, 1, 2.33245717e-005, 0.843319901, 1.46428498e-005, 0.537411894, 0.537411894, 2.52977426e-005, -0.843319901, -2.59439144e-005, 1, 1.34648481e-005, 0, 0, 0, 0, 0, 0, 0, 0.32930166, -0.104883057, -0.175866187, -0.115129371, 0.87698983, -0.466353393, -0.92956543, 0.0703125, 0.361572266, 0.349955453, 0.475103186, 0.807381251, 0, -0, 0, 0, 0, 0, 0, 0.369833545, -0.0685346191, -0.143759375, -0.120705383, 0.548112123, -0.827558773, -0.0740966797, -0.836181641, -0.543212891, -0.989841361, -0.00413067753, 0.141566994, 0, 1, 5, 1, 
126.299668, 5, 0.1, 0.1, -0.00723738245, 0.367827881, -0.0199676834, 0.843319685, -4.51135266e-007, 0.537412234, 0.537412234, -2.24963412e-005, -0.843319685, 1.24702602e-005, 1, -1.87291618e-005, 0.843319744, -1.46216096e-005, 0.53741214, 0.53741214, -3.22094675e-005, -0.843319744, 2.9640451e-005, 0.999999999, -1.93050494e-005, 0, 0, 0, 0, 0, 0, 0, 0.32930166, -0.104883057, -0.175866187, -0.115129371, 0.87698983, -0.466353393, -0.92956543, 0.0703125, 0.361572266, 0.349955453, 0.475103186, 0.807381251, 0, -0, 0, 0, 0, 0, 0, 0.369833545, -0.0685346191, -0.143759375, -0.120705383, 0.548112123, -0.827558773, -0.0740966797, -0.836181641, -0.543212891, -0.989841361, -0.00413067753, 0.141566994, 0, 1, 5, 1, 
126.300379, 5, 0.1, 0.1, -0.00723738538, 0.367827877, -0.0199674793, 0.843319265, 1.00627005e-006, 0.537412893, 0.537412892, 1.45172917e-005, -0.843319265, -8.65038666e-006, 1, 1.17019293e-005, 0.843319354, 1.00922422e-005, 0.537412752, 0.537412752, 3.31809427e-005, -0.843319354, -2.63428449e-005, 0.999999999, 2.25584315e-005, 0, 0, 0, 0, 0, 0, 0, 0.32930166, -0.104883057, -0.175866187, -0.115129371, 0.87698983, -0.466353393, -0.92956543, 0.0703125, 0.361572266, 0.349955453, 0.475103186, 0.807381251, 0, -0, 0, 0, 0, 0, 0, 0.369833545, -0.0685346191, -0.143759375, -0.120705383, 0.548112123, -0.827558773, -0.0740966797, -0.836181641, -0.543212891, -0.989841361, -0.00413067753, 0.141566994, 0, 1, 5, 1, 
126.301092, 5, 0.1, 0.1, -0.00723738211, 0.367827883, -0.0199676522, 0.843318851, -1.76354361e-005, 0.537413542, 0.537413542, -1.24487578e-007, -0.843318851, 1.49391971e-005, 1, 9.37253948e-006, 0.843318925, -2.19632252e-005, 0.537413426, 0.537413425, -2.64016723e-005, -0.843318925, 3.27106166e-005, 0.999999999, -1.04616979e-005, 0, 0, 0, 0, 0, 0, 0, 0.32930166, -0.104883057, -0.175866187, -0.115129371, 0.87698983, -0.466353393, -0.92956543, 0.0703125, 0.361572266, 0.349955453, 0.475103186, 0.807381251, 0, -0, 0, 0, 0, 0, 0, 0.369833545, -0.0685346191, -0.143759375, -0.120705383, 0.548112123, -0.827558773, -0.0740966797, -0.836181641, -0.543212891, -0.989841361, -0.00413067753, 0.141566994, 0, 1, 5, 1, 
126.301818, 5, 0.1, 0.1, -0.00723738684, 0.367827881, -0.0199681154, 0.843318691, 2.50651533e-005, 0.537413792, 0.537413793, -1.56333539e-005, -0.843318691, -1.27363322e-005, 1, -2.66542586e-005, 0.843318698, 3.33638717e-005, 0.537413781, 0.537413781, 1.26461267e-006, -0.843318699, -2.88159972e-005, 0.999999999, -1.68637329e-005, 0, 0, 0, 0, 0, 0, 0, 0.329927051, -0.106835107, -0.176350732, -0.120623054, 0.878207487, -0.46267309, -0.927246094, 0.0666503906, 0.368286133, 0.354286141, 0.473427225, 0.806427573, 0, -0, 0, 0, 0, 0, 0, 0.37086123, -0.0709450195, -0.143485352, -0.125529364, 0.547057055, -0.827571166, -0.0710449219, -0.836914063, -0.542480469, -0.989489182, -0.00927402076, 0.144020546, 0, 1, 5, 1, 
126.302509, 5, 0.1, 0.1, -0.00723738407, 0.367827884, -0.019968897, 0.84331883, -1.40412924e-005, 0.537413575, 0.537413575, 8.62626902e-006, -0.84331883, 7.20541222e-006, 1, 1.48206763e-005, 0.843318784, -2.78519501e-005, 0.537413647, 0.537413647, -5.22010929e-009, -0.843318784, 2.34908781e-005, 1, 1.49636159e-005, 0, 0, 0, 0, 0, 0, 0, 0.329927051, -0.106835107, -0.176350732, -0.120623054, 0.878207487, -0.46267309, -0.927246094, 0.0666503906, 0.368286133, 0.354286141, 0.473427225, 0.806427573, 0, -0, 0, 0, 0, 0, 0, 0.37086123, -0.0709450195, -0.143485352, -0.125529364, 0.547057055, -0.827571166, -0.0710449219, -0.836914063, -0.542480469, -0.989489182, -0.00927402076, 0.144020546, 0, 1, 5, 1, 
126.303218, 5, 0.1, 0.1, -0.0072373906, 0.367827884, -0.0199697991, 0.843319175, 1.89223076e-005, 0.537413034, 0.537413034, -3.08956877e-006, -0.843319175, -1.42971703e-005, 1, -1.27745873e-005, 0.843319101, 3.80482608e-005, 0.537413149, 0.537413149, -2.82749381e-006, -0.843319102, -3.05672928e-005, 0.999999999, -2.28321152e-005, 0, 0, 0, 0, 0, 0, 0, 0.329927051, -0.106835107, -0.176350732, -0.120623054, 0.878207487, -0.46267309, -0.927246094, 0.0666503906, 0.368286133, 0.354286141, 0.473427225, 0.806427573, 0, -0, 0, 0, 0, 0, 0, 0.37086123, -0.0709450195, -0.143485352, -0.125529364, 0.547057055, -0.827571166, -0.0710449219, -0.836914063, -0.542480469, -0.989489182, -0.00927402076, 0.144020546, 0, 1, 5, 1, 
126.303933, 5, 0.1, 0.1, -0.00723738666, 0.367827886, -0.0199703806, 0.843319516, -2.2697509e-006, 0.537412499, 0.537412499, -1.56665622e-005, -0.843319516, 1.03335316e-005, 1, -1.19921251e-005, 0.843319458, -2.42538965e-005, 0.53741259, 0.53741259, -8.71602063e-006, -0.843319458, 2.51378821e-005, 1, 5.68395953e-006, 0, 0, 0, 0, 0, 0, 0, 0.331174316, -0.107875146, -0.176773755, -0.126898551, 0.87983103, -0.457881472, -0.92578125, 0.0606689453, 0.373046875, 0.356021633, 0.47119261, 0.807028166, 0, -0, 0, 0, 0, 0, 0, 0.37086123, -0.0709450195, -0.143485352, -0.125529364, 0.547057055, -0.827571166, -0.0710449219, -0.836914063, -0.542480469, -0.989489182, -0.00927402076, 0.144020546, 0, 1, 5, 1, 
126.304651, 5, 0.1, 0.1, -0.00723739118, 0.367827885, -0.0199703662, 0.843319626, -4.52515603e-006, 0.537412326, 0.537412326, 2.30995599e-005, -0.843319626, -8.59783535e-006, 1, 2.19121869e-005, 0.843319626, 1.45090542e-005, 0.537412327, 0.537412326, 2.37890685e-005, -0.843319626, -2.50203088e-005, 1, 1.22644438e-005, 0, 0, 0, 0, 0, 0, 0, 0.331174316, -0.107875146, -0.176773755, -0.126898551, 0.87983103, -0.457881472, -0.92578125, 0.0606689453, 0.373046875, 0.356021633, 0.47119261, 0.807028166, 0, -0, 0, 0, 0, 0, 0, 0.372015967, -0.0716058594, -0.143405029, -0.131835684, 0.546640345, -0.826887233, -0.0645751953, -0.837036133, -0.54309082, -0.989047319, -0.0181552939, 0.145688085, 0, 1, 5, 1, 
126.305347, 5, 0.1, 0.1, -0.00723738751, 0.367827888, -0.0199700951, 0.843319458, -3.21841826e-006, 0.53741259, 0.53741259, -1.98700947e-005, -0.843319458, 1.33925938e-005, 1, -1.5027219e-005, 0.843319508, -1.58647965e-005, 0.537412512, 0.537412511, -2.88442336e-005, -0.843319508, 2.88803444e-005, 0.999999999, -1.57989648e-005, 0, 0, 0, 0, 0, 0, 0, 0.331174316, -0.107875146, -0.176773755, -0.126898551, 0.87983103, -0.457881472, -0.92578125, 0.0606689453, 0.373046875, 0.356021633, 0.47119261, 0.807028166, 0, -0, 0, 0, 0, 0, 0, 0.372015967, -0.0716058594, -0.143405029, -0.131835684, 0.546640345, -0.826887233, -0.0645751953, -0.837036133, -0.54309082, -0.989047319, -0.0181552939, 0.145688085, 0, 1, 5, 1, 
126.306042, 5, 0.1, 0.1, -0.00723738947, 0.367827885, -0.0199697189, 0.843319107, -2.20670767e-006, 0.537413141, 0.537413141, 1.37997567e-005, -0.843319107, -5.55521187e-006, 1, 1.28235122e-005, 0.843319181, 5.42134602e-006, 0.537413024, 0.537413023, 3.0898403e-005, -0.843319181, -2.11771293e-005, 1, 2.3143714e-005, 0, 0, 0, 0, 0, 0, 0, 0.331174316, -0.107875146, -0.176773755, -0.126898551, 0.87983103, -0.457881472, -0.92578125, 0.0606689453, 0.373046875, 0.356021633, 0.47119261, 0.807028166, 0, -0, 0, 0, 0, 0, 0, 0.372015967, -0.0716058594, -0.143405029, -0.131835684, 0.546640345, -0.826887233, -0.0645751953, -0.837036133, -0.54309082, -0.989047319, -0.0181552939, 0.145688085, 0, 1, 5, 1, 
126.306743, 5, 0.1, 0.1, -0.00723738633, 0.367827889, -0.0199693318, 0.843318758, -1.57811256e-005, 0.537413689, 0.537413689, 2.51113678e-006, -0.843318758, 1.19589999e-005, 1, 1.05986817e-005, 0.843318823, -2.04490651e-005, 0.537413586, 0.537413586, -2.26488773e-005, -0.843318823, 2.94168959e-005, 1, -8.11061913e-006, 0, 0, 0, 0, 0, 0, 0, 0.331174316, -0.107875146, -0.176773755, -0.126898551, 0.87983103, -0.457881472, -0.92578125, 0.0606689453, 0.373046875, 0.356021633, 0.47119261, 0.807028166, 0, -0, 0, 0, 0, 0, 0, 0.372015967, -0.0716058594, -0.143405029, -0.131835684, 0.546640345, -0.826887233, -0.0645751953, -0.837036133, -0.54309082, -0.989047319, -0.0181552939, 0.145688085, 0, 1, 5, 1, 
126.307438, 5, 0.1, 0.1, -0.00723739076, 0.367827887, -0.0199690177, 0.843318638, 2.43727315e-005, 0.537413876, 0.537413876, -1.44231568e-005, -0.843318638, -1.28027742e-005, 1, -2.5261561e-005, 0.84331864, 3.21905166e-005, 0.537413873, 0.537413873, 2.29194103e-006, -0.84331864, -2.83785836e-005, 0.999999999, -1.53667936e-005, 0, 0, 0, 0, 0, 0, 0, 0.331174316, -0.107875146, -0.176773755, -0.126898551, 0.87983103, -0.457881472, -0.92578125, 0.0606689453, 0.373046875, 0.356021633, 0.47119261, 0.807028166, 0, -0, 0, 0, 0, 0, 0, 0.372015967, -0.0716058594, -0.143405029, -0.131835684, 0.546640345, -0.826887233, -0.0645751953, -0.837036133, -0.54309082, -0.989047319, -0.0181552939, 0.145688085, 0, 1, 5, 1, 
126.308147, 5, 0.1, 0.1, -0.00723738787, 0.36782789, -0.0199688075, 0.843318807, -1.30147762e-005, 0.537413612, 0.537413612, 8.94269053e-006, -0.843318807, 6.16968192e-006, 1, 1.4535857e-005, 0.843318755, -2.77351916e-005, 0.537413692, 0.537413692, 4.93252826e-007, -0.843318755, 2.31245264e-005, 1, 1.53212411e-005, 0, 0, 0, 0, 0, 0, 0, 0.331174316, -0.107875146, -0.176773755, -0.126898551, 0.87983103, -0.457881472, -0.92578125, 0.0606689453, 0.373046875, 0.356021633, 0.47119261, 0.807028166, 0, -0, 0, 0, 0, 0, 0, 0.372015967, -0.0716058594, -0.143405029, -0.131835684, 0.546640345, -0.826887233, -0.0645751953, -0.837036133, -0.54309082, -0.989047319, -0.0181552939, 0.145688085, 0, 1, 5, 1, 
126.308848, 5, 0.1, 0.1, -0.00723739466, 0.36782789, -0.0199687859, 0.843319173, 2.04476076e-005, 0.537413037, 0.537413038, -4.640099e-006, -0.843319173, -1.47502099e-005, 1, -1.49018954e-005, 0.843319093, 4.01719217e-005, 0.537413161, 0.537413161, -4.05237613e-006, -0.843319094, -3.16999483e-005, 0.999999999, -2.50063656e-005, 0, 0, 0, 0, 0, 0, 0, 0.331174316, -0.107875146, -0.176773755, -0.126898551, 0.87983103, -0.457881472, -0.92578125, 0.0606689453, 0.373046875, 0.356021633, 0.47119261, 0.807028166, 0, -0, 0, 0, 0, 0, 0, 0.372015967, -0.0716058594, -0.143405029, -0.131835684, 0.546640345, -0.826887233, -0.0645751953, -0.837036133, -0.54309082, -0.989047319, -0.0181552939, 0.145688085, 0, 1, 5, 1, 
126.309572, 5, 0.1, 0.1, -0.0072373901, 0.367827892, -0.0199686785, 0.843319546, -3.4244746e-006, 0.537412452, 0.537412452, -1.61486105e-005, -0.843319546, 1.15663907e-005, 1, -1.17780836e-005, 0.843319482, -2.73325273e-005, 0.537412552, 0.537412552, -9.01756621e-006, -0.843319482, 2.78962061e-005, 1, 7.08415399e-006, 0, 0, 0, 0, 0, 0, 0, 0.331994141, -0.108923364, -0.176546704, -0.132768163, 0.881270726, -0.453470652, -0.924438477, 0.0548095703, 0.377075195, 0.357198473, 0.46935789, 0.80756548, 0, -0, 0, 0, 0, 0, 0, 0.373053027, -0.0723084473, -0.143720654, -0.140014067, 0.545801827, -0.826030492, -0.0584716797, -0.837280273, -0.543457031, -0.988311246, -0.0276946143, 0.149214928, 0, 1, 5, 1, 
126.310278, 5, 0.1, 0.1, -0.00723739443, 0.367827891, -0.0199687637, 0.843319671, -5.21450961e-006, 0.537412255, 0.537412255, 2.5631155e-005, -0.843319671, -9.37699826e-006, 1, 2.44175986e-005, 0.843319669, 1.42267561e-005, 0.537412259, 0.537412259, 2.61267285e-005, -0.843319669, -2.60385275e-005, 1, 1.43875509e-005, 0, 0, 0, 0, 0, 0, 0, 0.331994141, -0.108923364, -0.176546704, -0.132768163, 0.881270726, -0.453470652, -0.924438477, 0.0548095703, 0.377075195, 0.357198473, 0.46935789, 0.80756548, 0, -0, 0, 0, 0, 0, 0, 0.373053027, -0.0723084473, -0.143720654, -0.140014067, 0.545801827, -0.826030492, -0.0584716797, -0.837280273, -0.543457031, -0.988311246, -0.0276946143, 0.149214928, 0, 1, 5, 1, 
126.31098, 5, 0.1, 0.1, -0.00723739062, 0.367827894, -0.0199689788, 0.843319505, -2.02692454e-006, 0.537412516, 0.537412516, -1.98912326e-005, -0.843319505, 1.23991424e-005, 1, -1.56853698e-005, 0.843319555, -1.54349153e-005, 0.537412437, 0.537412436, -2.91035545e-005, -0.843319555, 2.8657178e-005, 0.999999999, -1.62486812e-005, 0, 0, 0, 0, 0, 0, 0, 0.331994141, -0.108923364, -0.176546704, -0.132768163, 0.881270726, -0.453470652, -0.924438477, 0.0548095703, 0.377075195, 0.357198473, 0.46935789, 0.80756548, 0, -0, 0, 0, 0, 0, 0, 0.373053027, -0.0723084473, -0.143720654, -0.140014067, 0.545801827, -0.826030492, -0.0584716797, -0.837280273, -0.543457031, -0.988311246, -0.0276946143, 0.149214928, 0, 1, 5, 1, 
126.311681, 5, 0.1, 0.1, -0.00723739309, 0.36782789, -0.0199693267, 0.843319142, 2.06865373e-007, 0.537413085, 0.537413085, 1.58192123e-005, -0.843319142, -8.67590524e-006, 1, 1.32294724e-005, 0.843319221, 8.66190519e-006, 0.537412962, 0.537412962, 3.31685791e-005, -0.84331922, -2.51299755e-005, 0.999999999, 2.33166801e-005, 0, 0, 0, 0, 0, 0, 0, 0.331994141, -0.108923364, -0.176546704, -0.132768163, 0.881270726, -0.453470652, -0.924438477, 0.0548095703, 0.377075195, 0.357198473, 0.46935789, 0.80756548, 0, -0, 0, 0, 0, 0, 0, 0.373053027, -0.0723084473, -0.143720654, -0.140014067, 0.545801827, -0.826030492, -0.0584716797, -0.837280273, -0.543457031, -0.988311246, -0.0276946143, 0.149214928, 0, 1, 5, 1, 
126.312382, 5, 0.1, 0.1, -0.00723739, 0.367827894, -0.0199696824, 0.843318786, -1.68809619e-005, 0.537413644, 0.537413645, 3.34807376e-006, -0.843318786, 1.24367318e-005, 1, 1.18955528e-005, 0.84331885, -2.07617744e-005, 0.537413543, 0.537413542, -2.10254766e-005, -0.843318851, 2.88081716e-005, 1, -6.57352201e-006, 0, 0, 0, 0, 0, 0, 0, 0.331994141, -0.108923364, -0.176546704, -0.132768163, 0.881270726, -0.453470652, -0.924438477, 0.0548095703, 0.377075195, 0.357198473, 0.46935789, 0.80756548, 0, -0, 0, 0, 0, 0, 0, 0.373053027, -0.0723084473, -0.143720654, -0.140014067, 0.545801827, -0.826030492, -0.0584716797, -0.837280273, -0.543457031, -0.988311246, -0.0276946143, 0.149214928, 0, 1, 5, 1, 
126.313081, 5, 0.1, 0.1, -0.00723739382, 0.367827892, -0.0199699476, 0.843318658, 2.07427318e-005, 0.537413845, 0.537413845, -1.24097056e-005, -0.843318658, -1.08235851e-005, 1, -2.16127676e-005, 0.843318662, 2.86157668e-005, 0.537413839, 0.537413839, 3.85240892e-006, -0.843318662, -2.6202548e-005, 1, -1.21297007e-005, 0, 0, 0, 0, 0, 0, 0, 0.331994141, -0.108923364, -0.176546704, -0.132768163, 0.881270726, -0.453470652, -0.924438477, 0.0548095703, 0.377075195, 0.357198473, 0.46935789, 0.80756548, 0, -0, 0, 0, 0, 0, 0, 0.373053027, -0.0723084473, -0.143720654, -0.140014067, 0.545801827, -0.826030492, -0.0584716797, -0.837280273, -0.543457031, -0.988311246, -0.0276946143, 0.149214928, 0, 1, 5, 1, 
126.313793, 5, 0.1, 0.1, -0.00723739057, 0.367827895, -0.0199700558, 0.84331881, -1.38589584e-005, 0.537413606, 0.537413606, 1.03901702e-005, -0.84331881, 6.10370145e-006, 1, 1.62102188e-005, 0.843318758, -2.9072684e-005, 0.537413687, 0.537413688, 1.57038522e-006, -0.843318758, 2.36735932e-005, 1, 1.69483936e-005, 0, 0, 0, 0, 0, 0, 0, 0.331994141, -0.108923364, -0.176546704, -0.139375406, 0.881936842, -0.450208219, -0.924194336, 0.0472412109, 0.378662109, 0.355278751, 0.468881611, 0.808655457, 0, -0, 0, 0, 0, 0, 0, 0.373053027, -0.0723084473, -0.143720654, -0.140014067, 0.545801827, -0.826030492, -0.0584716797, -0.837280273, -0.543457031, -0.988311246, -0.0276946143, 0.149214928, 0, 1, 5, 1, 
126.314537, 5, 0.1, 0.1, -0.00723739811, 0.367827895, -0.0199693406, 0.843319189, 2.16184985e-005, 0.537413012, 0.537413012, -4.72702922e-006, -0.843319189, -1.56909276e-005, 1, -1.56044568e-005, 0.84331911, 4.19291422e-005, 0.537413135, 0.537413135, -4.00396009e-006, -0.84331911, -3.32078662e-005, 0.999999999, -2.59098878e-005, 0, 0, 0, 0, 0, 0, 0, 0.333436572, -0.109560498, -0.175706934, -0.139375406, 0.881936842, -0.450208219, -0.924194336, 0.0472412109, 0.378662109, 0.355278751, 0.468881611, 0.808655457, 0, -0, 0, 0, 0, 0, 0, 0.373946436, -0.0732586914, -0.143874805, -0.146952914, 0.544228703, -0.825812842, -0.052734375, -0.838012695, -0.54296875, -0.987690379, -0.0360837179, 0.151815401, 0, 1, 5, 1, 
126.315241, 5, 0.1, 0.1, -0.0072373943, 0.367827897, -0.0199686217, 0.843319544, -1.06810958e-006, 0.537412454, 0.537412454, -1.97426265e-005, -0.843319544, 1.15106911e-005, 1, -1.60753274e-005, 0.843319482, -2.44244605e-005, 0.537412551, 0.537412551, -1.19735611e-005, -0.843319483, 2.70323654e-005, 1, 3.02847426e-006, 0, 0, 0, 0, 0, 0, 0, 0.333436572, -0.109560498, -0.175706934, -0.139375406, 0.881936842, -0.450208219, -0.924194336, 0.0472412109, 0.378662109, 0.355278751, 0.468881611, 0.808655457, 0, -0, 0, 0, 0, 0, 0, 0.373946436, -0.0732586914, -0.143874805, -0.146952914, 0.544228703, -0.825812842, -0.052734375, -0.838012695, -0.54296875, -0.987690379, -0.0360837179, 0.151815401, 0, 1, 5, 1, 
126.315952, 5, 0.1, 0.1, -0.00723739858, 0.367827896, -0.0199680911, 0.843319663, -7.6435487e-006, 0.537412267, 0.537412267, 2.10794555e-005, -0.843319663, -4.88240305e-006, 1, 2.18844561e-005, 0.843319662, 1.27791866e-005, 0.537412269, 0.537412268, 2.19280546e-005, -0.843319663, -2.25613449e-005, 1, 1.16246679e-005, 0, 0, 0, 0, 0, 0, 0, 0.333436572, -0.109560498, -0.175706934, -0.139375406, 0.881936842, -0.450208219, -0.924194336, 0.0472412109, 0.378662109, 0.355278751, 0.468881611, 0.808655457, 0, -0, 0, 0, 0, 0, 0, 0.373946436, -0.0732586914, -0.143874805, -0.146952914, 0.544228703, -0.825812842, -0.052734375, -0.838012695, -0.54296875, -0.987690379, -0.0360837179, 0.151815401, 0, 1, 5, 1, 
126.316677, 5, 0.1, 0.1, -0.00723739371, 0.367827901, -0.0199677315, 0.843319474, -5.55552087e-006, 0.537412565, 0.537412565, -2.49296122e-005, -0.843319474, 1.80825658e-005, 1, -1.80380207e-005, 0.843319529, -1.97163892e-005, 0.537412478, 0.537412477, -3.56762061e-005, -0.843319529, 3.58000544e-005, 0.999999999, -1.94906078e-005, 0, 0, 0, 0, 0, 0, 0, 0.333917822, -0.110656323, -0.17426311, -0.143068813, 0.882361824, -0.44818366, -0.923583984, 0.0435791016, 0.380615234, 0.355369361, 0.468443525, 0.808952758, 0, -0, 0, 0, 0, 0, 0, 0.374365283, -0.0740105957, -0.144015283, -0.154415648, 0.542291375, -0.82569727, -0.0473632812, -0.838867188, -0.542114258, -0.986756346, -0.0445111009, 0.155387087, 0, 1, 5, 1, 
126.317375, 5, 0.1, 0.1, -0.00723739584, 0.367827897, -0.0199678399, 0.843319087, -7.12671148e-007, 0.537413172, 0.537413172, 1.60843858e-005, -0.843319087, -8.04295163e-006, 1, 1.39472684e-005, 0.843319169, 7.5183834e-006, 0.537413043, 0.537413043, 3.33732859e-005, -0.843319169, -2.4275636e-005, 0.999999999, 2.41038544e-005, 0, 0, 0, 0, 0, 0, 0, 0.333917822, -0.110656323, -0.17426311, -0.143068813, 0.882361824, -0.44818366, -0.923583984, 0.0435791016, 0.380615234, 0.355369361, 0.468443525, 0.808952758, 0, -0, 0, 0, 0, 0, 0, 0.374365283, -0.0740105957, -0.144015283, -0.154415648, 0.542291375, -0.82569727, -0.0473632812, -0.838867188, -0.542114258, -0.986756346, -0.0445111009, 0.155387087, 0, 1, 5, 1, 
126.318071, 5, 0.1, 0.1, -0.00723739266, 0.367827901, -0.019968442, 0.843318709, -1.65046769e-005, 0.537413765, 0.537413765, 5.29116748e-006, -0.843318709, 1.10751566e-005, 1, 1.33319811e-005, 0.843318777, -2.0797887e-005, 0.537413658, 0.537413658, -2.00632686e-005, -0.843318777, 2.83215232e-005, 1, -5.74266263e-006, 0, 0, 0, 0, 0, 0, 0, 0.333917822, -0.110656323, -0.17426311, -0.143068813, 0.882361824, -0.44818366, -0.923583984, 0.0435791016, 0.380615234, 0.355369361, 0.468443525, 0.808952758, 0, -0, 0, 0, 0, 0, 0, 0.374365283, -0.0740105957, -0.144015283, -0.154415648, 0.542291375, -0.82569727, -0.0473632812, -0.838867188, -0.542114258, -0.986756346, -0.0445111009, 0.155387087, 0, 1, 5, 1, 
126.318772, 5, 0.1, 0.1, -0.00723739693, 0.367827898, -0.0199693416, 0.843318567, 2.37613571e-005, 0.537413987, 0.537413987, -1.00206326e-005, -0.843318567, -1.46531654e-005, 1, -2.12202712e-005, 0.843318573, 3.15807891e-005, 0.537413978, 0.537413978, 6.6418862e-006, -0.843318574, -3.02021085e-005, 0.999999999, -1.13707315e-005, 0, 0, 0, 0, 0, 0, 0, 0.333917822, -0.110656323, -0.17426311, -0.143068813, 0.882361824, -0.44818366, -0.923583984, 0.0435791016, 0.380615234, 0.355369361, 0.468443525, 0.808952758, 0, -0, 0, 0, 0, 0, 0, 0.374365283, -0.0740105957, -0.144015283, -0.154415648, 0.542291375, -0.82569727, -0.0473632812, -0.838867188, -0.542114258, -0.986756346, -0.0445111009, 0.155387087, 0, 1, 5, 1, 
