time, trialNum, realDorsalTactorPos, realVentralTactorPos, boxPosX, boxPosY, boxPosZ, boxLocalRot_11, boxLocalRot_12, boxLocalRot_13, boxLocalRot_21, boxLocalRot_22, boxLocalRot_23, boxLocalRot_31, boxLocalRot_32, boxLocalRot_33, boxGlobalRot_11, boxGlobalRot_12, boxGlobalRot_13, boxGlobalRot_21, boxGlobalRot_22, boxGlobalRot_23, boxGlobalRot_31, boxGlobalRot_32, boxGlobalRot_33, indexForceX, indexForceY, indexForceZ, indexForceGlobalX, indexForceGlobalY, indexForceGlobalZ, indexContact, indexPosX, indexPosY, indexPosZ, indexRot_11, indexRot_12, indexRot_13, indexRot_21, indexRot_22, indexRot_23, indexRot_31, indexRot_32, indexRot_33, thumbForceX, thumbForceY, thumbForceZ, thumbForceGlobalX, thumbForceGlobalY, thumbForceGlobalZ, thumbContact, thumbPosX, thumbPosY, thumbPosZ, thumbRot_11, thumbRot_12, thumbRot_13, thumbRot_21, thumbRot_22, thumbRot_23, thumbRot_31, thumbRot_32, thumbRot_33, manipForceTooHigh, cceExpType, mapping, trialSuccess, 
204.677073, 24, 0.1, 0.1, 0.0356977911, 0.380701349, -0.0349668879, 0.902928872, -0.429790009, -2.29930213e-005, 0.429790009, 0.902928872, 3.66231293e-006, 1.91870373e-005, -1.31889789e-005, 1, 0.902928929, -0.429789889, -3.60882408e-005, 0.42978989, 0.902928929, 1.21630644e-005, 2.73575545e-005, -2.64927437e-005, 0.999999999, 0, 0, 0, 0, 0, 0, 0, 0.307352246, -0.102591309, -0.213183887, 0.00935010839, 0.714916414, -0.699056273, -0.931518555, 0.260253906, 0.25378418, 0.363362478, 0.648836231, 0.668613628, 0, 0, -0, 0, 0, 0, 0, 0.3516146, -0.077270752, -0.178147119, -0.00878403569, 0.235009195, -0.971914177, 0.257080078, -0.938720703, -0.229248047, -0.966294653, -0.251838864, -0.0521960134, 0, 1, 3, 1, 
204.679263, 24, 0.1, 0.1, 0.0356977633, 0.380701366, -0.0349540452, 0.902927425, -0.429793035, -0.000114368016, 0.429793041, 0.902927428, 4.26141411e-005, 8.49507571e-005, -8.7632054e-005, 0.999999993, 0.902927491, -0.429792886, -0.000145933449, 0.429792898, 0.902927495, 6.21727277e-005, 0.000105045927, -0.000118858625, 0.999999987, 0, 0, 0, 0, 0, 0, 0, 0.308505347, -0.105044043, -0.211827588, 0.0143326866, 0.715093148, -0.698782937, -0.930786133, 0.264770508, 0.251831055, 0.365168746, 0.646830768, 0.669559071, 0, 0, -0, 0, 0, 0, 0, 0.352996191, -0.0789514648, -0.176200928, -0.00471398383, 0.236057334, -0.971627264, 0.256347656, -0.938842773, -0.229370117, -0.966480587, -0.250133045, -0.0560936243, 0, 1, 3, 1, 
204.679971, 24, 0.1, 0.1, 0.0356977523, 0.380701377, -0.0349638312, 0.902927057, -0.429793804, 0.000124382241, 0.429793815, 0.902927057, -7.70643532e-005, -7.91863092e-005, 0.000123042207, 0.999999989, 0.902927132, -0.429793656, 8.46353607e-005, 0.429793661, 0.902927132, -5.86454462e-005, -5.12141227e-005, 8.93283061e-005, 0.999999995, 0, 0, 0, 0, 0, 0, 0, 0.308505347, -0.105044043, -0.211827588, 0.0143326866, 0.715093148, -0.698782937, -0.930786133, 0.264770508, 0.251831055, 0.365168746, 0.646830768, 0.669559071, 0, 0, -0, 0, 0, 0, 0, 0.352996191, -0.0789514648, -0.176200928, -0.00471398383, 0.236057334, -0.971627264, 0.256347656, -0.938842773, -0.229370117, -0.966480587, -0.250133045, -0.0560936243, 0, 1, 3, 1, 
204.680681, 24, 0.1, 0.1, 0.0356976936, 0.380701406, -0.0349743585, 0.902926715, -0.429794507, 0.000171738791, 0.429794523, 0.90292672, -7.42680533e-005, -0.000123147542, 0.000140871001, 0.999999982, 0.902926785, -0.429794357, 0.000179026949, 0.429794376, 0.902926789, -8.61592287e-005, -0.000124617478, 0.000154740251, 0.99999998, 0, 0, 0, 0, 0, 0, 0, 0.308505347, -0.105044043, -0.211827588, 0.0143326866, 0.715093148, -0.698782937, -0.930786133, 0.264770508, 0.251831055, 0.365168746, 0.646830768, 0.669559071, 0, 0, -0, 0, 0, 0, 0, 0.352996191, -0.0789514648, -0.176200928, -0.00471398383, 0.236057334, -0.971627264, 0.256347656, -0.938842773, -0.229370117, -0.966480587, -0.250133045, -0.0560936243, 0, 1, 3, 1, 
204.681377, 24, 0.1, 0.1, 0.0356976607, 0.38070141, -0.0349822258, 0.902926313, -0.429795383, 4.47208087e-005, 0.429795382, 0.902926314, 1.99761199e-005, -4.89652391e-005, 1.18383279e-006, 0.999999999, 0.902926399, -0.429795198, 8.05431086e-005, 0.429795199, 0.902926402, 8.63555805e-007, -7.30956514e-005, 3.38373141e-005, 0.999999997, 0, 0, 0, 0, 0, 0, 0, 0.308505347, -0.105044043, -0.211827588, 0.0143326866, 0.715093148, -0.698782937, -0.930786133, 0.264770508, 0.251831055, 0.365168746, 0.646830768, 0.669559071, 0, 0, -0, 0, 0, 0, 0, 0.352996191, -0.0789514648, -0.176200928, -0.00471398383, 0.236057334, -0.971627264, 0.256347656, -0.938842773, -0.229370117, -0.966480587, -0.250133045, -0.0560936243, 0, 1, 3, 1, 
204.682073, 24, 0.1, 0.1, 0.0356976865, 0.380701387, -0.0349858155, 0.902925792, -0.429796463, -0.000116541235, 0.429796473, 0.902925792, 7.56344764e-005, 7.27206565e-005, -0.000118381331, 0.99999999, 0.902925899, -0.429796245, -9.38527523e-005, 0.429796252, 0.902925898, 7.16806168e-005, 5.39340207e-005, -0.000105059846, 0.999999993, 0, 0, 0, 0, 0, 0, 0, 0.308505347, -0.105044043, -0.211827588, 0.0143326866, 0.715093148, -0.698782937, -0.930786133, 0.264770508, 0.251831055, 0.365168746, 0.646830768, 0.669559071, 0, 0, -0, 0, 0, 0, 0, 0.352996191, -0.0789514648, -0.176200928, -0.00471398383, 0.236057334, -0.971627264, 0.256347656, -0.938842773, -0.229370117, -0.966480587, -0.250133045, -0.0560936243, 0, 1, 3, 1, 
204.682766, 24, 0.1, 0.1, 0.0356977426, 0.380701363, -0.0349846716, 0.902925231, -0.429797631, -0.000154526754, 0.429797642, 0.902925238, 4.42169146e-005, 0.000120521781, -0.000106339803, 0.999999987, 0.902925348, -0.429797384, -0.000158079528, 0.429797397, 0.902925354, 5.45670995e-005, 0.000119281217, -0.000117212187, 0.999999986, 0, 0, 0, 0, 0, 0, 0, 0.308505347, -0.105044043, -0.211827588, 0.0143326866, 0.715093148, -0.698782937, -0.930786133, 0.264770508, 0.251831055, 0.365168746, 0.646830768, 0.669559071, 0, 0, -0, 0, 0, 0, 0, 0.352996191, -0.0789514648, -0.176200928, -0.00471398383, 0.236057334, -0.971627264, 0.256347656, -0.938842773, -0.229370117, -0.966480587, -0.250133045, -0.0560936243, 0, 1, 3, 1, 
204.683492, 24, 0.1, 0.1, 0.0356977824, 0.380701355, -0.0349787421, 0.902924642, -0.429798894, -4.33280075e-005, 0.429798894, 0.902924643, -7.48408159e-006, 4.23385757e-005, -1.1864768e-005, 0.999999999, 0.902924749, -0.429798665, -7.56674278e-005, 0.429798667, 0.902924751, 2.97809924e-006, 6.70420104e-005, -3.52107591e-005, 0.999999997, 0, 0, 0, 0, 0, 0, 0, 0.308764087, -0.105022437, -0.212261133, 0.0106834633, 0.715467954, -0.698497619, -0.930908203, 0.261962891, 0.254150391, 0.364757991, 0.647636548, 0.669019514, 0, 0, -0, 0, 0, 0, 0, 0.353310107, -0.0792235352, -0.176391943, -0.00684161012, 0.235871766, -0.9716845, 0.25769043, -0.938476563, -0.229614258, -0.966090496, -0.251870947, -0.0543812421, 0, 1, 3, 1, 
204.684189, 24, 0.1, 0.1, 0.0356977674, 0.380701361, -0.0349707943, 0.902924027, -0.429800178, 9.57667134e-005, 0.429800181, 0.90292403, -2.14932553e-005, -7.72322618e-005, 6.05673274e-005, 0.999999995, 0.902924157, -0.429799906, 8.31600692e-005, 0.42979991, 0.902924159, -2.45525655e-005, -6.45345452e-005, 5.79112947e-005, 0.999999996, 0, 0, 0, 0, 0, 0, 0, 0.308764087, -0.105022437, -0.212261133, 0.0106834633, 0.715467954, -0.698497619, -0.930908203, 0.261962891, 0.254150391, 0.364757991, 0.647636548, 0.669019514, 0, 0, -0, 0, 0, 0, 0, 0.353310107, -0.0792235352, -0.176391943, -0.00684161012, 0.235871766, -0.9716845, 0.25769043, -0.938476563, -0.229614258, -0.966090496, -0.251870947, -0.0543812421, 0, 1, 3, 1, 
204.684886, 24, 0.1, 0.1, 0.0356977481, 0.380701358, -0.034963321, 0.902923403, -0.429801499, 1.97031163e-005, 0.429801499, 0.902923403, 1.85150634e-005, -2.57482068e-005, -8.24925511e-006, 1, 0.902923523, -0.429801244, 5.31633307e-005, 0.429801245, 0.902923524, 6.66463122e-006, -5.08668887e-005, 1.68320134e-005, 0.999999999, 0, 0, 0, 0, 0, 0, 0, 0.308764087, -0.105022437, -0.212261133, 0.0106834633, 0.715467954, -0.698497619, -0.930908203, 0.261962891, 0.254150391, 0.364757991, 0.647636548, 0.669019514, 0, 0, -0, 0, 0, 0, 0, 0.353310107, -0.0792235352, -0.176391943, -0.00684161012, 0.235871766, -0.9716845, 0.25769043, -0.938476563, -0.229614258, -0.966090496, -0.251870947, -0.0543812421, 0, 1, 3, 1, 
204.685584, 24, 0.1, 0.1, 0.035697768, 0.380701352, -0.0349582967, 0.902922693, -0.429802988, -4.89893378e-005, 0.429802988, 0.902922694, -5.49334251e-006, 4.65946398e-005, -1.60957002e-005, 0.999999999, 0.902922836, -0.429802687, -5.70463292e-005, 0.429802688, 0.902922837, 5.12297556e-006, 4.93065647e-005, -2.91443172e-005, 0.999999998, 0, 0, 0, 0, 0, 0, 0, 0.308764087, -0.105022437, -0.212261133, 0.0106834633, 0.715467954, -0.698497619, -0.930908203, 0.261962891, 0.254150391, 0.364757991, 0.647636548, 0.669019514, 0, 0, -0, 0, 0, 0, 0, 0.353310107, -0.0792235352, -0.176391943, -0.00684161012, 0.235871766, -0.9716845, 0.25769043, -0.938476563, -0.229614258, -0.966090496, -0.251870947, -0.0543812421, 0, 1, 3, 1, 
204.686298, 24, 0.1, 0.1, 0.0356977698, 0.380701353, -0.0349567175, 0.902921879, -0.4298047, 3.24525766e-005, 0.429804699, 0.902921879, 1.22067822e-005, -3.45486738e-005, 2.92649919e-006, 0.999999999, 0.902922053, -0.429804335, 3.06362937e-005, 0.429804335, 0.902922053, -2.53685566e-006, -2.65718337e-005, 1.54581948e-005, 1, 0, 0, 0, 0, 0, 0, 0, 0.308764087, -0.105022437, -0.212261133, 0.0106834633, 0.715467954, -0.698497619, -0.930908203, 0.261962891, 0.254150391, 0.364757991, 0.647636548, 0.669019514, 0, 0, -0, 0, 0, 0, 0, 0.353614258, -0.0792533203, -0.176796436, -0.00926307889, 0.236644285, -0.971447894, 0.261108398, -0.937255859, -0.230834961, -0.965240318, -0.255717518, -0.0531289467, 0, 1, 3, 1, 
204.686991, 24, 0.1, 0.1, 0.0356977759, 0.380701343, -0.0349590798, 0.902920974, -0.4298066, -2.91517063e-005, 0.4298066, 0.902920975, -1.54468604e-006, 2.69856033e-005, -1.11348664e-005, 1, 0.902921161, -0.429806208, -2.20700288e-005, 0.429806208, 0.902921161, 1.61200126e-005, 1.29990146e-005, -2.40409359e-005, 1, 0, 0, 0, 0, 0, 0, 0, 0.308764087, -0.105022437, -0.212261133, 0.0106834633, 0.715467954, -0.698497619, -0.930908203, 0.261962891, 0.254150391, 0.364757991, 0.647636548, 0.669019514, 0, 0, -0, 0, 0, 0, 0, 0.353614258, -0.0792533203, -0.176796436, -0.00926307889, 0.236644285, -0.971447894, 0.261108398, -0.937255859, -0.230834961, -0.965240318, -0.255717518, -0.0531289467, 0, 1, 3, 1, 
204.687693, 24, 0.1, 0.1, 0.0356977829, 0.380701349, -0.0349644259, 0.902919979, -0.429808691, 1.75630597e-005, 0.429808691, 0.902919979, -7.12530592e-006, -1.27955191e-005, 1.39823368e-005, 1, 0.902920177, -0.429808277, 3.10427729e-006, 0.429808277, 0.902920176, -2.4200031e-005, 7.59845901e-006, 2.31849403e-005, 1, 0, 0, 0, 0, 0, 0, 0, 0.308764087, -0.105022437, -0.212261133, 0.0106834633, 0.715467954, -0.698497619, -0.930908203, 0.261962891, 0.254150391, 0.364757991, 0.647636548, 0.669019514, 0, 0, -0, 0, 0, 0, 0, 0.353614258, -0.0792533203, -0.176796436, -0.00926307889, 0.236644285, -0.971447894, 0.261108398, -0.937255859, -0.230834961, -0.965240318, -0.255717518, -0.0531289467, 0, 1, 3, 1, 
204.688409, 24, 0.1, 0.1, 0.0356977799, 0.380701339, -0.0349708817, 0.902918965, -0.429810821, 1.35036705e-005, 0.429810821, 0.902918965, 1.18152361e-005, -1.72710365e-005, -4.86417701e-006, 1, 0.902919154, -0.429810425, 2.0512552e-005, 0.429810425, 0.902919154, 2.30574923e-005, -2.84315267e-005, -1.20025427e-005, 1, 0, 0, 0, 0, 0, 0, 0, 0.308765771, -0.104972998, -0.212654761, 0.0064182982, 0.716407406, -0.697475792, -0.931396484, 0.25793457, 0.256347656, 0.363579648, 0.648105713, 0.669228448, 0, 0, -0, 0, 0, 0, 0, 0.353614258, -0.0792533203, -0.176796436, -0.00926307889, 0.236644285, -0.971447894, 0.261108398, -0.937255859, -0.230834961, -0.965240318, -0.255717518, -0.0531289467, 0, 1, 3, 1, 
204.689103, 24, 0.1, 0.1, 0.0356977912, 0.380701344, -0.0349763271, 0.90291815, -0.429812533, -3.75732787e-005, 0.429812532, 0.902918151, -2.51444519e-005, 4.47329958e-005, 6.55391593e-006, 0.999999999, 0.902918292, -0.429812234, -3.20713763e-005, 0.429812233, 0.902918293, -2.93617001e-005, 4.15778503e-005, 1.27265463e-005, 0.999999999, 0, 0, 0, 0, 0, 0, 0, 0.308765771, -0.104972998, -0.212654761, 0.0064182982, 0.716407406, -0.697475792, -0.931396484, 0.25793457, 0.256347656, 0.363579648, 0.648105713, 0.669228448, 0, 0, -0, 0, 0, 0, 0, 0.353614258, -0.0792533203, -0.176796436, -0.00926307889, 0.236644285, -0.971447894, 0.261108398, -0.937255859, -0.230834961, -0.965240318, -0.255717518, -0.0531289467, 0, 1, 3, 1, 
204.689802, 24, 0.1, 0.1, 0.0356978039, 0.380701343, -0.0349795295, 0.902917545, -0.429813804, 3.38804552e-006, 0.429813804, 0.902917545, 5.72760255e-006, -5.52092838e-006, -3.7153241e-006, 1, 0.902917649, -0.429813587, -1.46996675e-005, 0.429813587, 0.902917649, 3.17166132e-006, 1.19093661e-005, -9.18186579e-006, 1, 0, 0, 0, 0, 0, 0, 0, 0.308765771, -0.104972998, -0.212654761, 0.0064182982, 0.716407406, -0.697475792, -0.931396484, 0.25793457, 0.256347656, 0.363579648, 0.648105713, 0.669228448, 0, 0, -0, 0, 0, 0, 0, 0.353614258, -0.0792533203, -0.176796436, -0.00926307889, 0.236644285, -0.971447894, 0.261108398, -0.937255859, -0.230834961, -0.965240318, -0.255717518, -0.0531289467, 0, 1, 3, 1, 
204.690527, 24, 0.1, 0.1, 0.0356977983, 0.380701339, -0.0349794913, 0.902917079, -0.429814783, 2.55082127e-005, 0.429814783, 0.902917079, 8.66941282e-006, -2.67580427e-005, 3.13604601e-006, 1, 0.902917173, -0.429814584, 3.23996414e-005, 0.429814584, 0.902917174, 5.32810757e-006, -3.1544291e-005, 9.11499855e-006, 0.999999999, 0, 0, 0, 0, 0, 0, 0, 0.308601099, -0.104484521, -0.2126229, 0.00323224855, 0.717207195, -0.696853859, -0.931762695, 0.255126953, 0.258178711, 0.362971941, 0.648473407, 0.669253535, 0, 0, -0, 0, 0, 0, 0, 0.353614258, -0.0792533203, -0.176796436, -0.0113203429, 0.237474407, -0.971307169, 0.263916016, -0.936157227, -0.232055664, -0.964351861, -0.258944322, -0.0521322143, 0, 1, 3, 1, 
204.691229, 24, 0.1, 0.1, 0.0356978057, 0.380701335, -0.0349763119, 0.902916609, -0.429815771, -2.3261684e-005, 0.429815771, 0.902916609, -1.21324222e-005, 2.62180672e-005, 9.56326905e-007, 1, 0.90291671, -0.429815558, -2.14642336e-005, 0.429815558, 0.902916711, -2.56771336e-006, 2.04840583e-005, -6.90723023e-006, 1, 0, 0, 0, 0, 0, 0, 0, 0.308601099, -0.104484521, -0.2126229, 0.00323224855, 0.717207195, -0.696853859, -0.931762695, 0.255126953, 0.258178711, 0.362971941, 0.648473407, 0.669253535, 0, 0, -0, 0, 0, 0, 0, 0.353273584, -0.0788197754, -0.176766162, -0.0113203429, 0.237474407, -0.971307169, 0.263916016, -0.936157227, -0.232055664, -0.964351861, -0.258944322, -0.0521322143, 0, 1, 3, 1, 
204.691924, 24, 0.1, 0.1, 0.0356978133, 0.380701335, -0.0349714355, 0.902916145, -0.429816746, 8.6057364e-006, 0.429816746, 0.902916145, 2.74776651e-006, -8.95129439e-006, 1.21788687e-006, 1, 0.902916224, -0.429816579, -6.99993355e-007, 0.429816579, 0.902916224, 3.14561717e-006, -7.20003053e-007, -3.14109753e-006, 1, 0, 0, 0, 0, 0, 0, 0, 0.308601099, -0.104484521, -0.2126229, 0.00323224855, 0.717207195, -0.696853859, -0.931762695, 0.255126953, 0.258178711, 0.362971941, 0.648473407, 0.669253535, 0, 0, -0, 0, 0, 0, 0, 0.353273584, -0.0788197754, -0.176766162, -0.0113203429, 0.237474407, -0.971307169, 0.263916016, -0.936157227, -0.232055664, -0.964351861, -0.258944322, -0.0521322143, 0, 1, 3, 1, 
204.692621, 24, 0.1, 0.1, 0.0356978165, 0.380701332, -0.0349663553, 0.902915736, -0.429817604, 5.01352608e-006, 0.429817604, 0.902915736, -9.17279141e-006, -5.84164357e-007, 1.04371595e-005, 1, 0.90291582, -0.429817429, -2.93512147e-006, 0.429817429, 0.90291582, -6.12815289e-007, 2.9135663e-006, -7.08245748e-007, 1, 0, 0, 0, 0, 0, 0, 0, 0.308601099, -0.104484521, -0.2126229, 0.00323224855, 0.717207195, -0.696853859, -0.931762695, 0.255126953, 0.258178711, 0.362971941, 0.648473407, 0.669253535, 0, 0, -0, 0, 0, 0, 0, 0.353273584, -0.0788197754, -0.176766162, -0.0113203429, 0.237474407, -0.971307169, 0.263916016, -0.936157227, -0.232055664, -0.964351861, -0.258944322, -0.0521322143, 0, 1, 3, 1, 
204.693325, 24, 0.1, 0.1, 0.0356978206, 0.38070133, -0.0349625039, 0.902915354, -0.429818407, -8.32459097e-006, 0.429818407, 0.902915354, 1.66014249e-005, 3.8080299e-007, -1.85677439e-005, 1, 0.902915431, -0.429818246, -2.32832155e-006, 0.429818246, 0.902915431, 1.07800639e-005, -2.5311907e-006, -1.07342411e-005, 1, 0, 0, 0, 0, 0, 0, 0, 0.308601099, -0.104484521, -0.2126229, 0.00323224855, 0.717207195, -0.696853859, -0.931762695, 0.255126953, 0.258178711, 0.362971941, 0.648473407, 0.669253535, 0, 0, -0, 0, 0, 0, 0, 0.353273584, -0.0788197754, -0.176766162, -0.0113203429, 0.237474407, -0.971307169, 0.263916016, -0.936157227, -0.232055664, -0.964351861, -0.258944322, -0.0521322143, 0, 1, 3, 1, 
204.694022, 24, 0.1, 0.1, 0.0356978266, 0.380701327, -0.0349609929, 0.902915027, -0.429819094, -2.60106813e-006, 0.429819094, 0.902915027, -9.41898046e-006, 6.39700115e-006, 7.38655026e-006, 1, 0.90291509, -0.429818961, -6.67323044e-006, 0.429818961, 0.90291509, -1.21642001e-005, 1.12537643e-005, 8.1149589e-006, 1, 0, 0, 0, 0, 0, 0, 0, 0.308601099, -0.104484521, -0.2126229, 0.00323224855, 0.717207195, -0.696853859, -0.931762695, 0.255126953, 0.258178711, 0.362971941, 0.648473407, 0.669253535, 0, 0, -0, 0, 0, 0, 0, 0.353273584, -0.0788197754, -0.176766162, -0.0113203429, 0.237474407, -0.971307169, 0.263916016, -0.936157227, -0.232055664, -0.964351861, -0.258944322, -0.0521322143, 0, 1, 3, 1, 
204.694721, 24, 0.1, 0.1, 0.0356978298, 0.380701325, -0.0349620777, 0.902914746, -0.429819684, -6.85792217e-006, 0.429819684, 0.902914746, 8.94355373e-007, 5.80770751e-006, -3.7551966e-006, 1, 0.902914792, -0.429819587, -1.23552252e-006, 0.429819587, 0.902914792, -4.79416278e-006, 3.17619663e-006, 3.79766871e-006, 1, 0, 0, 0, 0, 0, 0, 0, 0.308601099, -0.104484521, -0.2126229, 0.00323224855, 0.717207195, -0.696853859, -0.931762695, 0.255126953, 0.258178711, 0.362971941, 0.648473407, 0.669253535, 0, 0, -0, 0, 0, 0, 0, 0.353273584, -0.0788197754, -0.176766162, -0.0113203429, 0.237474407, -0.971307169, 0.263916016, -0.936157227, -0.232055664, -0.964351861, -0.258944322, -0.0521322143, 0, 1, 3, 1, 
204.695445, 24, 0.1, 0.1, 0.0356978327, 0.380701321, -0.0349652282, 0.902914527, -0.429820145, -3.27116689e-006, 0.429820145, 0.902914527, 6.18457297e-006, 2.95330057e-007, -6.99015421e-006, 1, 0.902914572, -0.429820051, 5.24735768e-006, 0.429820051, 0.902914572, 9.91040508e-006, -8.99760653e-006, -6.69282961e-006, 1, 0, 0, 0, 0, 0, 0, 0, 0.308276294, -0.104243701, -0.21215542, 0.00131515256, 0.717524714, -0.696453964, -0.932250977, 0.252807617, 0.258666992, 0.361792476, 0.648917484, 0.669437382, 0, 0, -0, 0, 0, 0, 0, 0.352949512, -0.0784345703, -0.176514355, -0.0131348036, 0.23774856, -0.971153684, 0.267333984, -0.935058594, -0.232543945, -0.963437884, -0.262720531, -0.0512568834, 0, 1, 3, 1, 
204.69614, 24, 0.1, 0.1, 0.0356978339, 0.380701321, -0.0349691708, 0.902914269, -0.429820687, 1.0447376e-005, 0.429820687, 0.902914269, -2.89842757e-006, -8.18728076e-006, 7.10752994e-006, 1, 0.902914323, -0.429820573, 1.58855865e-005, 0.429820573, 0.902914323, -7.78408317e-006, -1.09975645e-005, 1.38563121e-005, 1, 0, 0, 0, 0, 0, 0, 0, 0.308276294, -0.104243701, -0.21215542, 0.00131515256, 0.717524714, -0.696453964, -0.932250977, 0.252807617, 0.258666992, 0.361792476, 0.648917484, 0.669437382, 0, 0, -0, 0, 0, 0, 0, 0.352949512, -0.0784345703, -0.176514355, -0.0131348036, 0.23774856, -0.971153684, 0.267333984, -0.935058594, -0.232543945, -0.963437884, -0.262720531, -0.0512568834, 0, 1, 3, 1, 
204.696853, 24, 0.1, 0.1, 0.0356978388, 0.380701316, -0.034972856, 0.902914018, -0.429821213, 6.88168005e-006, 0.429821213, 0.902914018, 2.09530237e-006, -7.11417079e-006, 1.06601419e-006, 1, 0.902914059, -0.429821128, 1.27318806e-006, 0.429821128, 0.902914059, 9.60812224e-006, -5.27935334e-006, -8.12806553e-006, 1, 0, 0, 0, 0, 0, 0, 0, 0.308276294, -0.104243701, -0.21215542, 0.00131515256, 0.717524714, -0.696453964, -0.932250977, 0.252807617, 0.258666992, 0.361792476, 0.648917484, 0.669437382, 0, 0, -0, 0, 0, 0, 0, 0.352949512, -0.0784345703, -0.176514355, -0.0131348036, 0.23774856, -0.971153684, 0.267333984, -0.935058594, -0.232543945, -0.963437884, -0.262720531, -0.0512568834, 0, 1, 3, 1, 
204.697555, 24, 0.1, 0.1, 0.0356978429, 0.380701315, -0.0349752348, 0.902913866, -0.429821534, 3.64437884e-006, 0.429821534, 0.902913866, -1.74774035e-006, -2.53934375e-006, 3.1444915e-006, 1, 0.902913891, -0.429821481, -3.77167927e-006, 0.429821481, 0.902913891, -1.01404524e-006, 3.84136004e-006, -7.05553236e-007, 1, 0, 0, 0, 0, 0, 0, 0, 0.308276294, -0.104243701, -0.21215542, 0.00131515256, 0.717524714, -0.696453964, -0.932250977, 0.252807617, 0.258666992, 0.361792476, 0.648917484, 0.669437382, 0, 0, -0, 0, 0, 0, 0, 0.352949512, -0.0784345703, -0.176514355, -0.0131348036, 0.23774856, -0.971153684, 0.267333984, -0.935058594, -0.232543945, -0.963437884, -0.262720531, -0.0512568834, 0, 1, 3, 1, 
204.698251, 24, 0.1, 0.1, 0.0356978475, 0.380701313, -0.0349757791, 0.902913726, -0.429821828, -3.90333622e-006, 0.429821828, 0.902913726, -2.56077014e-006, 4.62505075e-006, 6.34415398e-007, 1, 0.902913756, -0.429821765, -5.81483809e-006, 0.429821765, 0.902913756, -4.04007271e-006, 6.98680849e-006, 1.14849325e-006, 1, 0, 0, 0, 0, 0, 0, 0, 0.308276294, -0.104243701, -0.21215542, 0.00131515256, 0.717524714, -0.696453964, -0.932250977, 0.252807617, 0.258666992, 0.361792476, 0.648917484, 0.669437382, 0, 0, -0, 0, 0, 0, 0, 0.352949512, -0.0784345703, -0.176514355, -0.0131348036, 0.23774856, -0.971153684, 0.267333984, -0.935058594, -0.232543945, -0.963437884, -0.262720531, -0.0512568834, 0, 1, 3, 1, 
204.698948, 24, 0.1, 0.1, 0.0356978513, 0.380701312, -0.0349744594, 0.902913588, -0.429822117, -1.20294216e-006, 0.429822117, 0.902913588, -1.37295135e-005, 6.98740135e-006, 1.18795131e-005, 1, 0.902913614, -0.429822063, -8.5819854e-007, 0.429822063, 0.902913614, -9.67971275e-006, 4.93543325e-006, 8.37107176e-006, 1, 0, 0, 0, 0, 0, 0, 0, 0.308276294, -0.104243701, -0.21215542, 0.00131515256, 0.717524714, -0.696453964, -0.932250977, 0.252807617, 0.258666992, 0.361792476, 0.648917484, 0.669437382, 0, 0, -0, 0, 0, 0, 0, 0.352949512, -0.0784345703, -0.176514355, -0.0131348036, 0.23774856, -0.971153684, 0.267333984, -0.935058594, -0.232543945, -0.963437884, -0.262720531, -0.0512568834, 0, 1, 3, 1, 
204.699648, 24, 0.1, 0.1, 0.0356978557, 0.380701309, -0.0349717573, 0.90291344, -0.429822428, -1.03493743e-005, 0.429822428, 0.90291344, 8.49683206e-006, 5.69246013e-006, -1.2120297e-005, 1, 0.902913475, -0.429822356, -3.54168359e-006, 0.429822356, 0.902913475, 1.1845478e-005, -1.89361741e-006, -1.22177364e-005, 1, 0, 0, 0, 0, 0, 0, 0, 0.308276294, -0.104243701, -0.21215542, 0.00131515256, 0.717524714, -0.696453964, -0.932250977, 0.252807617, 0.258666992, 0.361792476, 0.648917484, 0.669437382, 0, 0, -0, 0, 0, 0, 0, 0.352949512, -0.0784345703, -0.176514355, -0.0131348036, 0.23774856, -0.971153684, 0.267333984, -0.935058594, -0.232543945, -0.963437884, -0.262720531, -0.0512568834, 0, 1, 3, 1, 
204.70037, 24, 0.1, 0.1, 0.0356978589, 0.380701307, -0.0349682718, 0.90291322, -0.42982289, 4.15329851e-006, 0.42982289, 0.90291322, 1.09436944e-006, -4.22045317e-006, 7.97062134e-007, 1, 0.902913266, -0.429822794, 1.00183016e-005, 0.429822794, 0.902913266, -4.01414033e-006, -7.32028844e-006, 7.93051496e-006, 1, 0, 0, 0, 0, 0, 0, 0, 0.308220874, -0.104272998, -0.211299683, 0.000324403957, 0.716871702, -0.697152281, -0.932861328, 0.251342773, 0.25793457, 0.360219108, 0.650256831, 0.668930025, 0, 0, -0, 0, 0, 0, 0, 0.35298125, -0.0785961914, -0.175879541, -0.0128216381, 0.235837851, -0.971626531, 0.269165039, -0.935058594, -0.23046875, -0.962913998, -0.264394268, -0.0514293243, 0, 1, 3, 1, 
204.701065, 24, 0.1, 0.1, 0.0356978646, 0.380701302, -0.0349654388, 0.902913019, -0.429823313, 7.46730237e-006, 0.429823313, 0.902913019, 1.02144983e-006, -7.18136747e-006, 2.28734029e-006, 1, 0.902913051, -0.429823246, -2.87108253e-007, 0.429823246, 0.902913051, 1.14840155e-005, -4.67686302e-006, -1.04924732e-005, 1, 0, 0, 0, 0, 0, 0, 0, 0.308220874, -0.104272998, -0.211299683, 0.000324403957, 0.716871702, -0.697152281, -0.932861328, 0.251342773, 0.25793457, 0.360219108, 0.650256831, 0.668930025, 0, 0, -0, 0, 0, 0, 0, 0.35298125, -0.0785961914, -0.175879541, -0.0128216381, 0.235837851, -0.971626531, 0.269165039, -0.935058594, -0.23046875, -0.962913998, -0.264394268, -0.0514293243, 0, 1, 3, 1, 
204.701765, 24, 0.1, 0.1, 0.0356978696, 0.3807013, -0.0349639662, 0.902912934, -0.429823492, -4.25063252e-006, 0.429823492, 0.902912934, 1.69686714e-005, -3.45558253e-006, -1.71482546e-005, 1, 0.90291294, -0.429823479, -1.04982667e-005, 0.429823479, 0.90291294, 7.70572954e-006, 6.16691736e-006, -1.14700044e-005, 1, 0, 0, 0, 0, 0, 0, 0, 0.308220874, -0.104272998, -0.211299683, 0.000324403957, 0.716871702, -0.697152281, -0.932861328, 0.251342773, 0.25793457, 0.360219108, 0.650256831, 0.668930025, 0, 0, -0, 0, 0, 0, 0, 0.35298125, -0.0785961914, -0.175879541, -0.0128216381, 0.235837851, -0.971626531, 0.269165039, -0.935058594, -0.23046875, -0.962913998, -0.264394268, -0.0514293243, 0, 1, 3, 1, 
204.702477, 24, 0.1, 0.1, 0.0356978739, 0.380701299, -0.0349642354, 0.902912922, -0.429823517, 6.03700067e-007, 0.429823517, 0.902912922, -1.44387363e-005, 5.66101984e-006, 1.32964061e-005, 1, 0.902912926, -0.429823509, -2.93972004e-006, 0.429823509, 0.902912926, -1.5797567e-005, 9.44447691e-006, 1.30002667e-005, 1, 0, 0, 0, 0, 0, 0, 0, 0.308220874, -0.104272998, -0.211299683, -0.000190066349, 0.715856988, -0.698149021, -0.933105469, 0.250732422, 0.257324219, 0.359311857, 0.651653465, 0.668099158, 0, 0, -0, 0, 0, 0, 0, 0.35298125, -0.0785961914, -0.175879541, -0.0128216381, 0.235837851, -0.971626531, 0.269165039, -0.935058594, -0.23046875, -0.962913998, -0.264394268, -0.0514293243, 0, 1, 3, 1, 
204.703189, 24, 0.1, 0.1, 0.0356978781, 0.380701295, -0.0349657365, 0.90291285, -0.429823668, -8.75221666e-006, 0.429823668, 0.90291285, -2.35001866e-007, 8.00349825e-006, -3.54972366e-006, 1, 0.902912872, -0.429823621, -9.09881683e-006, 0.429823622, 0.902912872, 7.46416828e-006, 5.007163e-006, -1.065038e-005, 1, 0, 0, 0, 0, 0, 0, 0, 0.307968579, -0.104320605, -0.210460181, -0.000190066349, 0.715856988, -0.698149021, -0.933105469, 0.250732422, 0.257324219, 0.359311857, 0.651653465, 0.668099158, 0, 0, -0, 0, 0, 0, 0, 0.352781445, -0.0785428711, -0.175019775, -0.0126298742, 0.23380574, -0.972112137, 0.270874023, -0.935058594, -0.228393555, -0.962402872, -0.266080764, -0.0514803636, 0, 1, 3, 1, 
204.703883, 24, 0.1, 0.1, 0.0356978799, 0.380701296, -0.0349682521, 0.902912698, -0.429823988, -4.87806276e-006, 0.429823988, 0.902912698, 5.799951e-007, 4.155169e-006, -2.62039333e-006, 1, 0.90291273, -0.429823919, 7.67573974e-006, 0.429823919, 0.90291273, -6.39631381e-006, -4.18123446e-006, 9.07452971e-006, 1, 0, 0, 0, 0, 0, 0, 0, 0.307968579, -0.104320605, -0.210460181, -0.000190066349, 0.715856988, -0.698149021, -0.933105469, 0.250732422, 0.257324219, 0.359311857, 0.651653465, 0.668099158, 0, 0, -0, 0, 0, 0, 0, 0.352781445, -0.0785428711, -0.175019775, -0.0126298742, 0.23380574, -0.972112137, 0.270874023, -0.935058594, -0.228393555, -0.962402872, -0.266080764, -0.0514803636, 0, 1, 3, 1, 
204.704582, 24, 0.1, 0.1, 0.0356978832, 0.380701294, -0.0349710123, 0.902912574, -0.429824247, 8.69279723e-006, 0.429824247, 0.902912574, -9.15792155e-006, -3.91253919e-006, 1.20051776e-005, 1, 0.902912591, -0.429824211, 9.14659237e-006, 0.429824211, 0.902912591, -3.71925017e-006, -6.65994965e-006, 7.28958466e-006, 1, 0, 0, 0, 0, 0, 0, 0, 0.307968579, -0.104320605, -0.210460181, -0.000190066349, 0.715856988, -0.698149021, -0.933105469, 0.250732422, 0.257324219, 0.359311857, 0.651653465, 0.668099158, 0, 0, -0, 0, 0, 0, 0, 0.352781445, -0.0785428711, -0.175019775, -0.0126298742, 0.23380574, -0.972112137, 0.270874023, -0.935058594, -0.228393555, -0.962402872, -0.266080764, -0.0514803636, 0, 1, 3, 1, 
204.705278, 24, 0.1, 0.1, 0.0356978872, 0.380701292, -0.0349731461, 0.902912544, -0.42982431, 1.52390392e-006, 0.42982431, 0.902912544, 1.18782866e-005, -6.48152833e-006, -1.00700431e-005, 1, 0.902912544, -0.429824311, -6.52166589e-007, 0.429824311, 0.902912544, 1.08636891e-005, -4.08062828e-006, -1.00892782e-005, 1, 0, 0, 0, 0, 0, 0, 0, 0.307968579, -0.104320605, -0.210460181, -0.000190066349, 0.715856988, -0.698149021, -0.933105469, 0.250732422, 0.257324219, 0.359311857, 0.651653465, 0.668099158, 0, 0, -0, 0, 0, 0, 0, 0.352781445, -0.0785428711, -0.175019775, -0.0126298742, 0.23380574, -0.972112137, 0.270874023, -0.935058594, -0.228393555, -0.962402872, -0.266080764, -0.0514803636, 0, 1, 3, 1, 
204.705978, 24, 0.1, 0.1, 0.0356978902, 0.380701291, -0.0349740713, 0.90291255, -0.429824298, 5.43809915e-006, 0.429824298, 0.90291255, -7.79142111e-007, -4.57523376e-006, 3.04092434e-006, 1, 0.90291255, -0.429824298, 1.44216452e-006, 0.429824298, 0.90291255, -8.48142025e-006, 2.34337206e-006, 8.27785814e-006, 1, 0, 0, 0, 0, 0, 0, 0, 0.307968579, -0.104320605, -0.210460181, -0.000190066349, 0.715856988, -0.698149021, -0.933105469, 0.250732422, 0.257324219, 0.359311857, 0.651653465, 0.668099158, 0, 0, -0, 0, 0, 0, 0, 0.352781445, -0.0785428711, -0.175019775, -0.0126298742, 0.23380574, -0.972112137, 0.270874023, -0.935058594, -0.228393555, -0.962402872, -0.266080764, -0.0514803636, 0, 1, 3, 1, 
204.706677, 24, 0.1, 0.1, 0.0356978946, 0.380701287, -0.0349735727, 0.902912496, -0.429824411, -5.31528514e-007, 0.429824411, 0.902912496, -5.16908306e-006, 2.70172182e-006, 4.43876576e-006, 1, 0.902912512, -0.429824377, -7.07600412e-006, 0.429824377, 0.902912512, 2.54569761e-006, 5.29480976e-006, -5.33998129e-006, 1, 0, 0, 0, 0, 0, 0, 0, 0.307968579, -0.104320605, -0.210460181, -0.000190066349, 0.715856988, -0.698149021, -0.933105469, 0.250732422, 0.257324219, 0.359311857, 0.651653465, 0.668099158, 0, 0, -0, 0, 0, 0, 0, 0.352781445, -0.0785428711, -0.175019775, -0.0126298742, 0.23380574, -0.972112137, 0.270874023, -0.935058594, -0.228393555, -0.962402872, -0.266080764, -0.0514803636, 0, 1, 3, 1, 
204.707399, 24, 0.1, 0.1, 0.035697898, 0.380701285, -0.0349717758, 0.902912384, -0.429824646, -1.17965265e-005, 0.429824646, 0.902912384, 8.31565651e-006, 7.07695574e-006, -1.25787471e-005, 1, 0.902912407, -0.429824598, -7.32085028e-006, 0.429824598, 0.902912407, 5.01096324e-006, 4.45625129e-006, -7.67114241e-006, 1, 0, 0, 0, 0, 0, 0, 0, 0.307938062, -0.104564233, -0.210038721, -0.000792903471, 0.715432006, -0.698606204, -0.933105469, 0.250610352, 0.25769043, 0.359407337, 0.652091551, 0.667553609, 0, 0, -0, 0, 0, 0, 0, 0.352781445, -0.0785428711, -0.175019775, -0.0131154806, 0.233358413, -0.972284578, 0.270996094, -0.935058594, -0.228149414, -0.962453911, -0.266496008, -0.051007517, 0, 1, 3, 1, 
204.708094, 24, 0.1, 0.1, 0.0356979011, 0.380701284, -0.0349693192, 0.90291232, -0.429824782, -9.0192365e-007, 0.429824782, 0.90291232, -1.26400156e-005, 6.24734993e-006, 1.10251567e-005, 1, 0.902912325, -0.429824771, 6.84579701e-006, 0.429824771, 0.902912325, -9.43838673e-006, -2.12430208e-006, 1.14645288e-005, 1, 0, 0, 0, 0, 0, 0, 0, 0.307938062, -0.104564233, -0.210038721, -0.000792903471, 0.715432006, -0.698606204, -0.933105469, 0.250610352, 0.25769043, 0.359407337, 0.652091551, 0.667553609, 0, 0, -0, 0, 0, 0, 0, 0.352525, -0.0785812012, -0.17502124, -0.0131154806, 0.233358413, -0.972284578, 0.270996094, -0.935058594, -0.228149414, -0.962453911, -0.266496008, -0.051007517, 0, 1, 3, 1, 
204.708795, 24, 0.1, 0.1, 0.0356979055, 0.380701281, -0.034967026, 0.90291235, -0.429824718, 8.91257768e-007, 0.429824718, 0.90291235, 4.8959027e-006, -2.90910764e-006, -4.0374864e-006, 1, 0.902912339, -0.429824741, 6.93923357e-007, 0.429824741, 0.902912339, 1.25259518e-005, -6.01051594e-006, -1.1011571e-005, 1, 0, 0, 0, 0, 0, 0, 0, 0.307938062, -0.104564233, -0.210038721, -0.000792903471, 0.715432006, -0.698606204, -0.933105469, 0.250610352, 0.25769043, 0.359407337, 0.652091551, 0.667553609, 0, 0, -0, 0, 0, 0, 0, 0.352525, -0.0785812012, -0.17502124, -0.0131154806, 0.233358413, -0.972284578, 0.270996094, -0.935058594, -0.228149414, -0.962453911, -0.266496008, -0.051007517, 0, 1, 3, 1, 
204.709493, 24, 0.1, 0.1, 0.0356979083, 0.380701282, -0.0349656715, 0.902912392, -0.42982463, 3.62784563e-006, 0.42982463, 0.902912392, 6.92349383e-006, -6.25151495e-006, -4.69197097e-006, 1, 0.902912391, -0.429824633, 6.63012732e-006, 0.429824633, 0.902912391, -5.59294788e-006, -3.58243734e-006, 7.89973398e-006, 1, 0, 0, 0, 0, 0, 0, 0, 0.307938062, -0.104564233, -0.210038721, -0.000792903471, 0.715432006, -0.698606204, -0.933105469, 0.250610352, 0.25769043, 0.359407337, 0.652091551, 0.667553609, 0, 0, -0, 0, 0, 0, 0, 0.352525, -0.0785812012, -0.17502124, -0.0131154806, 0.233358413, -0.972284578, 0.270996094, -0.935058594, -0.228149414, -0.962453911, -0.266496008, -0.051007517, 0, 1, 3, 1, 
204.710191, 24, 0.1, 0.1, 0.0356979127, 0.38070128, -0.0349655317, 0.902912338, -0.429824743, 9.04970817e-006, 0.429824743, 0.902912338, -1.18916143e-005, -3.0597831e-006, 1.46268738e-005, 1, 0.902912358, -0.429824701, -1.86629527e-006, 0.429824701, 0.902912358, -1.07328422e-005, 6.29834176e-006, 8.88863607e-006, 1, 0, 0, 0, 0, 0, 0, 0, 0.307938062, -0.104564233, -0.210038721, -0.000792903471, 0.715432006, -0.698606204, -0.933105469, 0.250610352, 0.25769043, 0.359407337, 0.652091551, 0.667553609, 0, 0, -0, 0, 0, 0, 0, 0.352525, -0.0785812012, -0.17502124, -0.0131154806, 0.233358413, -0.972284578, 0.270996094, -0.935058594, -0.228149414, -0.962453911, -0.266496008, -0.051007517, 0, 1, 3, 1, 
204.710887, 24, 0.1, 0.1, 0.0356979169, 0.380701278, -0.0349665947, 0.90291223, -0.42982497, -1.02183526e-005, 0.42982497, 0.90291223, 8.67400275e-006, 5.49797259e-006, -1.22239663e-005, 1, 0.902912249, -0.429824929, -1.30930678e-005, 0.429824929, 0.902912249, 7.40167655e-006, 8.64046623e-006, -1.23107914e-005, 1, 0, 0, 0, 0, 0, 0, 0, 0.307938062, -0.104564233, -0.210038721, -0.000792903471, 0.715432006, -0.698606204, -0.933105469, 0.250610352, 0.25769043, 0.359407337, 0.652091551, 0.667553609, 0, 0, -0, 0, 0, 0, 0, 0.352525, -0.0785812012, -0.17502124, -0.0131154806, 0.233358413, -0.972284578, 0.270996094, -0.935058594, -0.228149414, -0.962453911, -0.266496008, -0.051007517, 0, 1, 3, 1, 
204.711584, 24, 0.1, 0.1, 0.0356979194, 0.380701278, -0.0349684718, 0.90291219, -0.429825054, -5.4675895e-006, 0.429825054, 0.90291219, -7.73882335e-006, 8.26309337e-006, 4.63737099e-006, 1, 0.90291219, -0.429825054, -3.27183004e-007, 0.429825054, 0.90291219, -1.21998043e-005, 5.53919906e-006, 1.08747205e-005, 1, 0, 0, 0, 0, 0, 0, 0, 0.307938062, -0.104564233, -0.210038721, -0.000792903471, 0.715432006, -0.698606204, -0.933105469, 0.250610352, 0.25769043, 0.359407337, 0.652091551, 0.667553609, 0, 0, -0, 0, 0, 0, 0, 0.352525, -0.0785812012, -0.17502124, -0.0131154806, 0.233358413, -0.972284578, 0.270996094, -0.935058594, -0.228149414, -0.962453911, -0.266496008, -0.051007517, 0, 1, 3, 1, 
204.712328, 24, 0.1, 0.1, 0.0356979238, 0.380701275, -0.0349704962, 0.902912243, -0.429824943, -2.6379034e-006, 0.429824943, 0.902912243, -1.00036002e-005, 6.68159216e-006, 7.8985364e-006, 1, 0.902912227, -0.429824977, 1.9083029e-007, 0.429824977, 0.902912227, 6.28638164e-006, -2.87434685e-006, -5.59402722e-006, 1, 0, 0, 0, 0, 0, 0, 0, 0.307275659, -0.105060278, -0.209872974, -0.000722510855, 0.714423283, -0.699660232, -0.932617187, 0.251831055, 0.258178711, 0.360632107, 0.652745685, 0.666361039, 0, 0, -0, 0, 0, 0, 0, 0.352525, -0.0785812012, -0.17502124, -0.0140866934, 0.23305181, -0.972290775, 0.270263672, -0.935302734, -0.228149414, -0.96255599, -0.265914519, -0.0497807412, 0, 1, 3, 1, 
204.71302, 24, 0.1, 0.1, 0.0356979269, 0.380701275, -0.0349716138, 0.902912277, -0.429824871, -2.92344725e-006, 0.429824871, 0.902912277, 8.22539427e-006, -8.95862617e-007, -8.68337981e-006, 1, 0.902912277, -0.429824871, 1.77208147e-006, 0.429824871, 0.902912277, 4.70664827e-006, -3.6230686e-006, -3.48800582e-006, 1, 0, 0, 0, 0, 0, 0, 0, 0.307275659, -0.105060278, -0.209872974, -0.000722510855, 0.714423283, -0.699660232, -0.932617187, 0.251831055, 0.258178711, 0.360632107, 0.652745685, 0.666361039, 0, 0, -0, 0, 0, 0, 0, 0.351788867, -0.0788125, -0.175219092, -0.0140866934, 0.23305181, -0.972290775, 0.270263672, -0.935302734, -0.228149414, -0.96255599, -0.265914519, -0.0497807412, 0, 1, 3, 1, 
204.713722, 24, 0.1, 0.1, 0.0356979306, 0.380701275, -0.0349720303, 0.902912229, -0.429824971, 8.02411442e-006, 0.429824971, 0.902912229, -7.44384474e-006, -4.04552068e-006, 1.01701032e-005, 1, 0.902912244, -0.42982494, 6.11092417e-006, 0.42982494, 0.902912244, -9.33623585e-006, -1.50468124e-006, 1.10564293e-005, 1, 0, 0, 0, 0, 0, 0, 0, 0.307275659, -0.105060278, -0.209872974, -0.000722510855, 0.714423283, -0.699660232, -0.932617187, 0.251831055, 0.258178711, 0.360632107, 0.652745685, 0.666361039, 0, 0, -0, 0, 0, 0, 0, 0.351788867, -0.0788125, -0.175219092, -0.0140866934, 0.23305181, -0.972290775, 0.270263672, -0.935302734, -0.228149414, -0.96255599, -0.265914519, -0.0497807412, 0, 1, 3, 1, 
204.714417, 24, 0.1, 0.1, 0.0356979355, 0.380701271, -0.0349717207, 0.902912154, -0.429825131, -1.12735209e-007, 0.429825131, 0.902912154, 6.83141885e-006, -2.83452551e-006, -6.21662753e-006, 1, 0.902912166, -0.429825104, -9.33661392e-006, 0.429825104, 0.902912166, 8.40048779e-006, 4.81940176e-006, -1.15980137e-005, 1, 0, 0, 0, 0, 0, 0, 0, 0.307275659, -0.105060278, -0.209872974, -0.000722510855, 0.714423283, -0.699660232, -0.932617187, 0.251831055, 0.258178711, 0.360632107, 0.652745685, 0.666361039, 0, 0, -0, 0, 0, 0, 0, 0.351788867, -0.0788125, -0.175219092, -0.0140866934, 0.23305181, -0.972290775, 0.270263672, -0.935302734, -0.228149414, -0.96255599, -0.265914519, -0.0497807412, 0, 1, 3, 1, 
204.715137, 24, 0.1, 0.1, 0.035697939, 0.380701271, -0.0349706348, 0.902912153, -0.429825132, -8.48480117e-006, 0.429825132, 0.902912153, 5.7484589e-006, 5.19019799e-006, -8.83733418e-006, 1, 0.902912147, -0.429825145, -6.78288236e-006, 0.429825145, 0.902912147, -5.30853337e-006, 8.406088e-006, 1.87768586e-006, 1, 0, 0, 0, 0, 0, 0, 0, 0.307380981, -0.105064429, -0.21010293, -0.00300730052, 0.714296724, -0.699755712, -0.932739258, 0.25012207, 0.259277344, 0.36025243, 0.653507282, 0.665758202, 0, 0, -0, 0, 0, 0, 0, 0.351684375, -0.0792924316, -0.175413525, -0.0156904338, 0.232751405, -0.972322491, 0.270507813, -0.935180664, -0.228271484, -0.962479064, -0.266559807, -0.0483111622, 0, 1, 3, 1, 
204.715831, 24, 0.1, 0.1, 0.0356979425, 0.380701268, -0.03496921, 0.902912223, -0.429824986, -1.71890093e-006, 0.429824986, 0.902912222, -1.23858868e-005, 6.87578028e-006, 1.0444542e-005, 1, 0.902912209, -0.429825015, -2.0676277e-006, 0.429825015, 0.902912209, -6.31109392e-006, 4.57955233e-006, 4.80964565e-006, 1, 0, 0, 0, 0, 0, 0, 0, 0.307380981, -0.105064429, -0.21010293, -0.00300730052, 0.714296724, -0.699755712, -0.932739258, 0.25012207, 0.259277344, 0.36025243, 0.653507282, 0.665758202, 0, 0, -0, 0, 0, 0, 0, 0.351684375, -0.0792924316, -0.175413525, -0.0156904338, 0.232751405, -0.972322491, 0.270507813, -0.935180664, -0.228271484, -0.962479064, -0.266559807, -0.0483111622, 0, 1, 3, 1, 
204.716528, 24, 0.1, 0.1, 0.0356979455, 0.380701265, -0.0349680171, 0.902912249, -0.429824929, -9.10497999e-006, 0.429824929, 0.902912249, 8.08334326e-006, 4.74657552e-006, -1.1212097e-005, 1, 0.902912252, -0.429824925, -1.62626793e-006, 0.429824925, 0.902912252, 1.27058852e-005, -3.99292892e-006, -1.21713099e-005, 1, 0, 0, 0, 0, 0, 0, 0, 0.307380981, -0.105064429, -0.21010293, -0.00300730052, 0.714296724, -0.699755712, -0.932739258, 0.25012207, 0.259277344, 0.36025243, 0.653507282, 0.665758202, 0, 0, -0, 0, 0, 0, 0, 0.351684375, -0.0792924316, -0.175413525, -0.0156904338, 0.232751405, -0.972322491, 0.270507813, -0.935180664, -0.228271484, -0.962479064, -0.266559807, -0.0483111622, 0, 1, 3, 1, 
