time, trialNum, realDorsalTactorPos, realVentralTactorPos, boxPosX, boxPosY, boxPosZ, boxLocalRot_11, boxLocalRot_12, boxLocalRot_13, boxLocalRot_21, boxLocalRot_22, boxLocalRot_23, boxLocalRot_31, boxLocalRot_32, boxLocalRot_33, boxGlobalRot_11, boxGlobalRot_12, boxGlobalRot_13, boxGlobalRot_21, boxGlobalRot_22, boxGlobalRot_23, boxGlobalRot_31, boxGlobalRot_32, boxGlobalRot_33, indexForceX, indexForceY, indexForceZ, indexForceGlobalX, indexForceGlobalY, indexForceGlobalZ, indexContact, indexPosX, indexPosY, indexPosZ, indexRot_11, indexRot_12, indexRot_13, indexRot_21, indexRot_22, indexRot_23, indexRot_31, indexRot_32, indexRot_33, thumbForceX, thumbForceY, thumbForceZ, thumbForceGlobalX, thumbForceGlobalY, thumbForceGlobalZ, thumbContact, thumbPosX, thumbPosY, thumbPosZ, thumbRot_11, thumbRot_12, thumbRot_13, thumbRot_21, thumbRot_22, thumbRot_23, thumbRot_31, thumbRot_32, thumbRot_33, manipForceTooHigh, cceExpType, mapping, trialSuccess, 
325.539257, 33, 0.1, 0.1, 0.0210441443, 0.355974726, -0.0349660286, 0.921873691, -2.74873752e-006, 0.387490514, 0.387490514, -3.60774304e-006, -0.921873691, 3.93195501e-006, 1, -2.26077367e-006, 0.921873777, -5.40175053e-006, 0.38749031, 0.38749031, 1.82020901e-006, -0.921873777, 4.27441881e-006, 1, 3.77112894e-006, 0, 0, 0, 0, 0, 0, 0, 0.304739331, -0.0537515137, -0.197159937, -0.142935293, 0.656788689, -0.740390172, -0.790893555, 0.373901367, 0.484375, 0.594992974, 0.654829368, 0.466166314, 0, 0, 0, 0, 0, 0, 0, 0.387230762, -0.0414756348, -0.16634292, 0.221739708, 0.179111101, -0.958491246, 0.0279541016, -0.983642578, -0.177368164, -0.974592449, 0.0125654571, -0.223115971, 0, 1, 5, 1, 
325.583913, 33, 0.1, 0.1, 0.021044143, 0.355974721, -0.0349744638, 0.921861441, -1.14549676e-005, 0.387519656, 0.387519656, 1.00645943e-005, -0.921861441, 6.6596648e-006, 1, 1.37171865e-005, 0.921861477, -1.8485403e-005, 0.387519569, 0.387519569, 2.48684906e-007, -0.921861477, 1.69446107e-005, 1, 7.39270844e-006, 0, 0, 0, 0, 0, 0, 0, 0.320814063, -0.0700434326, -0.189293457, -0.171319909, 0.655404394, -0.735549884, -0.811523437, 0.329345703, 0.482543945, 0.558579725, 0.679643413, 0.475657818, 0, 0, -0, 0, 0, 0, 0, 0.402157373, -0.0536365723, -0.156610205, 0.22323554, 0.209726489, -0.951784641, 0.0941162109, -0.9765625, -0.193115234, -0.970139236, -0.0463245472, -0.23787666, 0, 1, 5, 1, 
325.584611, 33, 0.1, 0.1, 0.0210441385, 0.355974718, -0.0349736876, 0.921861344, 1.84841494e-005, 0.387519886, 0.387519886, -8.81223971e-006, -0.921861344, -1.36249047e-005, 1, -1.52866386e-005, 0.921861353, 2.15441141e-005, 0.387519864, 0.387519864, -6.08742484e-008, -0.921861353, -1.98370962e-005, 1, -8.40488978e-006, 0, 0, 0, 0, 0, 0, 0, 0.320814063, -0.0700434326, -0.189293457, -0.171319909, 0.655404394, -0.735549884, -0.811523437, 0.329345703, 0.482543945, 0.558579725, 0.679643413, 0.475657818, 0, 0, -0, 0, 0, 0, 0, 0.402157373, -0.0536365723, -0.156610205, 0.22323554, 0.209726489, -0.951784641, 0.0941162109, -0.9765625, -0.193115234, -0.970139236, -0.0463245472, -0.23787666, 0, 1, 5, 1, 
325.585383, 33, 0.1, 0.1, 0.0210441449, 0.355974721, -0.034971065, 0.921861386, -2.82967061e-005, 0.387519786, 0.387519786, 7.31535616e-006, -0.921861386, 2.32507954e-005, 1, 1.77092779e-005, 0.921861362, -2.77737033e-005, 0.387519842, 0.387519842, -2.69017422e-006, -0.921861363, 2.66459999e-005, 1, 8.28289346e-006, 0, 0, 0, 0, 0, 0, 0, 0.321735327, -0.0713627441, -0.189007227, -0.174970254, 0.655690835, -0.734350201, -0.81262207, 0.324951172, 0.483642578, 0.555820901, 0.681451925, 0.476209358, 0, 0, -0, 0, 0, 0, 0, 0.403215723, -0.0544257813, -0.155922412, 0.222200528, 0.213169477, -0.951369397, 0.100585937, -0.975463867, -0.195068359, -0.969634307, -0.0522225528, -0.238323987, 0, 1, 5, 1, 
325.586076, 33, 0.1, 0.1, 0.0210441421, 0.355974719, -0.0349679544, 0.92186153, 3.62002682e-005, 0.387519442, 0.387519443, -3.88168978e-006, -0.921861531, -3.18674044e-005, 0.999999999, -1.76066882e-005, 0.921861494, 2.86198674e-005, 0.387519528, 0.387519528, 2.25367749e-006, -0.921861495, -2.72568978e-005, 1, -9.01317902e-006, 0, 0, 0, 0, 0, 0, 0, 0.321735327, -0.0713627441, -0.189007227, -0.174970254, 0.655690835, -0.734350201, -0.81262207, 0.324951172, 0.483642578, 0.555820901, 0.681451925, 0.476209358, 0, 0, -0, 0, 0, 0, 0, 0.403215723, -0.0544257813, -0.155922412, 0.222200528, 0.213169477, -0.951369397, 0.100585937, -0.975463867, -0.195068359, -0.969634307, -0.0522225528, -0.238323987, 0, 1, 5, 1, 
325.586773, 33, 0.1, 0.1, 0.0210441405, 0.355974721, -0.0349655643, 0.921861724, -2.89412355e-005, 0.387518982, 0.387518983, 4.05967211e-006, -0.921861724, 2.51066173e-005, 1, 1.49577345e-005, 0.921861687, -1.41255297e-005, 0.387519071, 0.387519071, 1.30429195e-006, -0.921861687, 1.25163466e-005, 1, 6.67628892e-006, 0, 0, 0, 0, 0, 0, 0, 0.321735327, -0.0713627441, -0.189007227, -0.174970254, 0.655690835, -0.734350201, -0.81262207, 0.324951172, 0.483642578, 0.555820901, 0.681451925, 0.476209358, 0, 0, -0, 0, 0, 0, 0, 0.403215723, -0.0544257813, -0.155922412, 0.222200528, 0.213169477, -0.951369397, 0.100585937, -0.975463867, -0.195068359, -0.969634307, -0.0522225528, -0.238323987, 0, 1, 5, 1, 
325.587501, 33, 0.1, 0.1, 0.0210441454, 0.355974723, -0.0349642801, 0.921861881, 2.37461991e-005, 0.387518609, 0.387518609, -1.57208423e-005, -0.921861881, -1.57985968e-005, 1, -2.36945393e-005, 0.921861862, 1.80556595e-006, 0.387518654, 0.387518654, -1.57507876e-005, -0.921861862, 4.43924162e-006, 1, -1.52197409e-005, 0, 0, 0, 0, 0, 0, 0, 0.322440796, -0.0726711914, -0.188496411, -0.178480936, 0.656199313, -0.733131422, -0.813598633, 0.32043457, 0.484985352, 0.553163548, 0.683101677, 0.476881466, 0, 0, -0, 0, 0, 0, 0, 0.403757764, -0.055230127, -0.155444189, 0.220219823, 0.216542102, -0.951056231, 0.107299805, -0.974365234, -0.197021484, -0.969474259, -0.0586189246, -0.237800101, 0, 1, 5, 1, 
325.588197, 33, 0.1, 0.1, 0.0210441367, 0.355974722, -0.0349645286, 0.921861906, 2.0052466e-006, 0.38751855, 0.38751855, 1.88720747e-005, -0.921861906, -9.16183948e-006, 1, 1.66203765e-005, 0.921861912, 1.95015696e-005, 0.387518534, 0.387518534, 1.57923113e-005, -0.921861913, -2.40975675e-005, 1, 7.00111065e-006, 0, 0, 0, 0, 0, 0, 0, 0.322440796, -0.0726711914, -0.188496411, -0.178480936, 0.656199313, -0.733131422, -0.813598633, 0.32043457, 0.484985352, 0.553163548, 0.683101677, 0.476881466, 0, 0, -0, 0, 0, 0, 0, 0.403757764, -0.055230127, -0.155444189, 0.220219823, 0.216542102, -0.951056231, 0.107299805, -0.974365234, -0.197021484, -0.969474259, -0.0586189246, -0.237800101, 0, 1, 5, 1, 
325.588896, 33, 0.1, 0.1, 0.0210441454, 0.355974725, -0.0349662626, 0.921861771, -1.47006339e-005, 0.387518871, 0.387518871, -2.59820602e-005, -0.921861771, 2.36204911e-005, 1, -1.8255095e-005, 0.921861808, -2.46273415e-005, 0.387518782, 0.387518782, -2.07632277e-005, -0.921861808, 3.07491462e-005, 0.999999999, -9.59726921e-006, 0, 0, 0, 0, 0, 0, 0, 0.322440796, -0.0726711914, -0.188496411, -0.178480936, 0.656199313, -0.733131422, -0.813598633, 0.32043457, 0.484985352, 0.553163548, 0.683101677, 0.476881466, 0, 0, -0, 0, 0, 0, 0, 0.403757764, -0.055230127, -0.155444189, 0.220219823, 0.216542102, -0.951056231, 0.107299805, -0.974365234, -0.197021484, -0.969474259, -0.0586189246, -0.237800101, 0, 1, 5, 1, 
325.589596, 33, 0.1, 0.1, 0.021044141, 0.355974725, -0.0349688523, 0.921861504, 1.62140452e-005, 0.387519507, 0.387519506, 2.44874611e-005, -0.921861504, -2.44364729e-005, 1, 1.62907889e-005, 0.921861566, 2.03186482e-005, 0.387519359, 0.387519358, 1.67893908e-005, -0.921861566, -2.52371948e-005, 1, 7.60362453e-006, 0, 0, 0, 0, 0, 0, 0, 0.322440796, -0.0726711914, -0.188496411, -0.178480936, 0.656199313, -0.733131422, -0.813598633, 0.32043457, 0.484985352, 0.553163548, 0.683101677, 0.476881466, 0, 0, -0, 0, 0, 0, 0, 0.403757764, -0.055230127, -0.155444189, 0.220219823, 0.216542102, -0.951056231, 0.107299805, -0.974365234, -0.197021484, -0.969474259, -0.0586189246, -0.237800101, 0, 1, 5, 1, 
325.590299, 33, 0.1, 0.1, 0.0210441441, 0.355974724, -0.0349714718, 0.921861153, -1.80078005e-005, 0.38752034, 0.38752034, -2.12700375e-005, -0.921861153, 2.48432639e-005, 1, -1.26296324e-005, 0.921861229, -1.68711058e-005, 0.38752016, 0.38752016, -1.23904253e-005, -0.921861229, 2.0354358e-005, 1, -4.88435908e-006, 0, 0, 0, 0, 0, 0, 0, 0.322440796, -0.0726711914, -0.188496411, -0.178480936, 0.656199313, -0.733131422, -0.813598633, 0.32043457, 0.484985352, 0.553163548, 0.683101677, 0.476881466, 0, 0, -0, 0, 0, 0, 0, 0.403757764, -0.055230127, -0.155444189, 0.220219823, 0.216542102, -0.951056231, 0.107299805, -0.974365234, -0.197021484, -0.969474259, -0.0586189246, -0.237800101, 0, 1, 5, 1, 
325.591002, 33, 0.1, 0.1, 0.0210441452, 0.355974725, -0.0349732839, 0.921860788, 1.42287897e-005, 0.387521209, 0.387521208, 2.03460295e-005, -0.921860788, -2.10014813e-005, 1, 1.3242249e-005, 0.921860857, 7.27035927e-006, 0.387521044, 0.387521044, 1.02174552e-005, -0.921860858, -1.06617385e-005, 1, 6.60165477e-006, 0, 0, 0, 0, 0, 0, 0, 0.322440796, -0.0726711914, -0.188496411, -0.178480936, 0.656199313, -0.733131422, -0.813598633, 0.32043457, 0.484985352, 0.553163548, 0.683101677, 0.476881466, 0, 0, -0, 0, 0, 0, 0, 0.403757764, -0.055230127, -0.155444189, 0.220219823, 0.216542102, -0.951056231, 0.107299805, -0.974365234, -0.197021484, -0.969474259, -0.0586189246, -0.237800101, 0, 1, 5, 1, 
325.591705, 33, 0.1, 0.1, 0.0210441411, 0.355974723, -0.0349737937, 0.921860484, -2.97920035e-007, 0.387521933, 0.387521933, -1.38939779e-005, -0.921860484, 5.65886187e-006, 1, -1.26928586e-005, 0.921860534, 1.09581586e-005, 0.387521814, 0.387521814, -2.27719011e-006, -0.921860534, -9.21943309e-006, 1, -6.34577719e-006, 0, 0, 0, 0, 0, 0, 0, 0.322440796, -0.0726711914, -0.188496411, -0.178480936, 0.656199313, -0.733131422, -0.813598633, 0.32043457, 0.484985352, 0.553163548, 0.683101677, 0.476881466, 0, 0, -0, 0, 0, 0, 0, 0.403757764, -0.055230127, -0.155444189, 0.220219823, 0.216542102, -0.951056231, 0.107299805, -0.974365234, -0.197021484, -0.969474259, -0.0586189246, -0.237800101, 0, 1, 5, 1, 
325.592428, 33, 0.1, 0.1, 0.0210441461, 0.355974725, -0.0349728141, 0.921860292, -7.81547612e-006, 0.38752239, 0.38752239, 1.6071179e-005, -0.921860291, 9.76835409e-007, 1, 1.78440537e-005, 0.921860318, -1.51906826e-005, 0.387522327, 0.387522328, 5.70543268e-006, -0.921860318, 1.17927049e-005, 1, 1.11463406e-005, 0, 0, 0, 0, 0, 0, 0, 0.323437988, -0.0742659912, -0.187614307, -0.18064628, 0.655438839, -0.733353461, -0.815063477, 0.317382812, 0.484619141, 0.550416707, 0.685323187, 0.477040226, 0, 0, -0, 0, 0, 0, 0, 0.40436792, -0.0565566406, -0.15476958, 0.219197571, 0.218279271, -0.95090931, 0.112304687, -0.973754883, -0.197631836, -0.969090731, -0.063468792, -0.238030144, 0, 1, 5, 1, 
325.593126, 33, 0.1, 0.1, 0.02104414, 0.355974721, -0.0349708115, 0.921860247, 2.241692e-005, 0.387522495, 0.387522495, -6.62303156e-006, -0.921860247, -1.80986937e-005, 1, -1.47925703e-005, 0.921860245, 2.64585314e-005, 0.3875225, 0.3875225, 3.38392911e-006, -0.921860245, -2.57024169e-005, 1, -7.13376651e-006, 0, 0, 0, 0, 0, 0, 0, 0.323437988, -0.0742659912, -0.187614307, -0.18064628, 0.655438839, -0.733353461, -0.815063477, 0.317382812, 0.484619141, 0.550416707, 0.685323187, 0.477040226, 0, 0, -0, 0, 0, 0, 0, 0.40436792, -0.0565566406, -0.15476958, 0.219197571, 0.218279271, -0.95090931, 0.112304687, -0.973754883, -0.197631836, -0.969090731, -0.063468792, -0.238030144, 0, 1, 5, 1, 
325.59383, 33, 0.1, 0.1, 0.0210441461, 0.355974724, -0.0349685231, 0.921860346, -3.30157711e-005, 0.387522259, 0.387522259, 5.49310134e-006, -0.921860347, 2.83072312e-005, 0.999999999, 1.78582185e-005, 0.921860316, -3.11431456e-005, 0.38752233, 0.387522331, -2.38783736e-006, -0.921860317, 2.96349703e-005, 1, 9.86741185e-006, 0, 0, 0, 0, 0, 0, 0, 0.323437988, -0.0742659912, -0.187614307, -0.18064628, 0.655438839, -0.733353461, -0.815063477, 0.317382812, 0.484619141, 0.550416707, 0.685323187, 0.477040226, 0, 0, -0, 0, 0, 0, 0, 0.40436792, -0.0565566406, -0.15476958, 0.219197571, 0.218279271, -0.95090931, 0.112304687, -0.973754883, -0.197631836, -0.969090731, -0.063468792, -0.238030144, 0, 1, 5, 1, 
325.594526, 33, 0.1, 0.1, 0.0210441449, 0.355974722, -0.0349667234, 0.921860548, 3.18458197e-005, 0.387521778, 0.387521778, -4.96614301e-006, -0.921860549, -2.74329163e-005, 0.999999999, -1.691904e-005, 0.921860501, 2.40341968e-005, 0.387521891, 0.387521891, 1.11911586e-006, -0.921860501, -2.25898586e-005, 1, -8.2821087e-006, 0, 0, 0, 0, 0, 0, 0, 0.323437988, -0.0742659912, -0.187614307, -0.18064628, 0.655438839, -0.733353461, -0.815063477, 0.317382812, 0.484619141, 0.550416707, 0.685323187, 0.477040226, 0, 0, -0, 0, 0, 0, 0, 0.40436792, -0.0565566406, -0.15476958, 0.219197571, 0.218279271, -0.95090931, 0.112304687, -0.973754883, -0.197631836, -0.969090731, -0.063468792, -0.238030144, 0, 1, 5, 1, 
325.595223, 33, 0.1, 0.1, 0.0210441448, 0.355974723, -0.0349658813, 0.921860791, -3.34893139e-005, 0.3875212, 0.3875212, 4.716668e-006, -0.921860792, 2.90446765e-005, 0.999999999, 1.73259304e-005, 0.921860745, -1.86706405e-005, 0.38752131, 0.38752131, 1.57682023e-006, -0.921860745, 1.66006791e-005, 1, 8.68887975e-006, 0, 0, 0, 0, 0, 0, 0, 0.323437988, -0.0742659912, -0.187614307, -0.18064628, 0.655438839, -0.733353461, -0.815063477, 0.317382812, 0.484619141, 0.550416707, 0.685323187, 0.477040226, 0, 0, -0, 0, 0, 0, 0, 0.40436792, -0.0565566406, -0.15476958, 0.219197571, 0.218279271, -0.95090931, 0.112304687, -0.973754883, -0.197631836, -0.969090731, -0.063468792, -0.238030144, 0, 1, 5, 1, 
325.595927, 33, 0.1, 0.1, 0.0210441521, 0.355974725, -0.0349661184, 0.921860991, 1.41354156e-005, 0.387520726, 0.387520726, -1.07869683e-005, -0.921860991, -8.85071448e-006, 1, -1.54218519e-005, 0.921860963, -7.26783488e-006, 0.387520793, 0.387520793, -1.10094989e-005, -0.921860963, 1.0966343e-005, 1, -7.3327901e-006, 0, 0, 0, 0, 0, 0, 0, 0.323437988, -0.0742659912, -0.187614307, -0.18064628, 0.655438839, -0.733353461, -0.815063477, 0.317382812, 0.484619141, 0.550416707, 0.685323187, 0.477040226, 0, 0, -0, 0, 0, 0, 0, 0.40436792, -0.0565566406, -0.15476958, 0.219197571, 0.218279271, -0.95090931, 0.112304687, -0.973754883, -0.197631836, -0.969090731, -0.063468792, -0.238030144, 0, 1, 5, 1, 
325.596627, 33, 0.1, 0.1, 0.0210441454, 0.355974722, -0.0349673723, 0.921861061, -5.28470641e-008, 0.387520559, 0.387520559, 2.21569405e-005, -0.921861061, -8.53755231e-006, 1, 2.04461e-005, 0.921861059, 1.49172998e-005, 0.387520565, 0.387520565, 1.91493255e-005, -0.921861059, -2.11724352e-005, 1, 1.1872257e-005, 0, 0, 0, 0, 0, 0, 0, 0.323437988, -0.0742659912, -0.187614307, -0.18064628, 0.655438839, -0.733353461, -0.815063477, 0.317382812, 0.484619141, 0.550416707, 0.685323187, 0.477040226, 0, 0, -0, 0, 0, 0, 0, 0.40436792, -0.0565566406, -0.15476958, 0.219197571, 0.218279271, -0.95090931, 0.112304687, -0.973754883, -0.197631836, -0.969090731, -0.063468792, -0.238030144, 0, 1, 5, 1, 
325.597361, 33, 0.1, 0.1, 0.0210441534, 0.355974724, -0.0349690388, 0.921860975, -1.01189078e-005, 0.387520763, 0.387520763, -2.07888293e-005, -0.921860975, 1.73843293e-005, 1, -1.52431236e-005, 0.921861004, -2.06363641e-005, 0.387520695, 0.387520695, -1.57217633e-005, -0.921861004, 2.5116368e-005, 1, -6.49626234e-006, 0, 0, 0, 0, 0, 0, 0, 0.324162622, -0.0749502441, -0.186920288, -0.183681805, 0.654995883, -0.732940462, -0.817260742, 0.31237793, 0.484008789, 0.546077401, 0.687988775, 0.47808714, 0, 0, -0, 0, 0, 0, 0, 0.405213037, -0.0567046875, -0.154078613, 0.218271201, 0.221568774, -0.950334385, 0.119750977, -0.97253418, -0.19921875, -0.96845164, -0.0702421284, -0.238828916, 0, 1, 5, 1, 
325.598063, 33, 0.1, 0.1, 0.0210441474, 0.355974722, -0.0349704109, 0.921860758, 2.08739122e-005, 0.387521279, 0.387521279, 2.57432275e-005, -0.921860758, -2.9218889e-005, 0.999999999, 1.56425861e-005, 0.921860809, 2.46652135e-005, 0.387521157, 0.387521157, 1.89010335e-005, -0.92186081, -3.00624441e-005, 1, 7.86582995e-006, 0, 0, 0, 0, 0, 0, 0, 0.324162622, -0.0749502441, -0.186920288, -0.183681805, 0.654995883, -0.732940462, -0.817260742, 0.31237793, 0.484008789, 0.546077401, 0.687988775, 0.47808714, 0, 0, -0, 0, 0, 0, 0, 0.405213037, -0.0567046875, -0.154078613, 0.218271201, 0.221568774, -0.950334385, 0.119750977, -0.97253418, -0.19921875, -0.96845164, -0.0702421284, -0.238828916, 0, 1, 5, 1, 
325.598765, 33, 0.1, 0.1, 0.021044149, 0.355974721, -0.034971412, 0.921860458, -1.47694817e-005, 0.387521994, 0.387521994, -2.06531013e-005, -0.921860458, 2.16189321e-005, 1, -1.33157785e-005, 0.921860523, -1.31491858e-005, 0.38752184, 0.38752184, -1.18209547e-005, -0.921860523, 1.67025934e-005, 1, -5.80167482e-006, 0, 0, 0, 0, 0, 0, 0, 0.324162622, -0.0749502441, -0.186920288, -0.183681805, 0.654995883, -0.732940462, -0.817260742, 0.31237793, 0.484008789, 0.546077401, 0.687988775, 0.47808714, 0, 0, -0, 0, 0, 0, 0, 0.405213037, -0.0567046875, -0.154078613, 0.218271201, 0.221568774, -0.950334385, 0.119750977, -0.97253418, -0.19921875, -0.96845164, -0.0702421284, -0.238828916, 0, 1, 5, 1, 
325.599469, 33, 0.1, 0.1, 0.0210441494, 0.355974722, -0.0349717523, 0.921860139, 1.51558058e-005, 0.387522753, 0.387522753, 2.26016565e-005, -0.921860139, -2.27301894e-005, 1, 1.49623466e-005, 0.9218602, 8.76134091e-006, 0.387522609, 0.387522608, 1.21332158e-005, -0.9218602, -1.27786269e-005, 1, 7.78991104e-006, 0, 0, 0, 0, 0, 0, 0, 0.324162622, -0.0749502441, -0.186920288, -0.183681805, 0.654995883, -0.732940462, -0.817260742, 0.31237793, 0.484008789, 0.546077401, 0.687988775, 0.47808714, 0, 0, -0, 0, 0, 0, 0, 0.405213037, -0.0567046875, -0.154078613, 0.218271201, 0.221568774, -0.950334385, 0.119750977, -0.97253418, -0.19921875, -0.96845164, -0.0702421284, -0.238828916, 0, 1, 5, 1, 
325.600178, 33, 0.1, 0.1, 0.021044146, 0.35597472, -0.0349712475, 0.921859869, -5.13822698e-006, 0.387523394, 0.387523394, -1.6506941e-005, -0.921859869, 1.1133551e-005, 1, -1.32259033e-005, 0.921859912, 7.6988315e-006, 0.387523293, 0.387523294, -3.87580303e-006, -0.921859912, -5.59528018e-006, 1, -6.55642398e-006, 0, 0, 0, 0, 0, 0, 0, 0.324162622, -0.0749502441, -0.186920288, -0.183681805, 0.654995883, -0.732940462, -0.817260742, 0.31237793, 0.484008789, 0.546077401, 0.687988775, 0.47808714, 0, 0, -0, 0, 0, 0, 0, 0.406299707, -0.0570659668, -0.153391064, 0.217574874, 0.224966919, -0.94973394, 0.127075195, -0.971191406, -0.201049805, -0.967665628, -0.0768813034, -0.239870491, 0, 1, 5, 1, 
325.600913, 33, 0.1, 0.1, 0.0210441541, 0.355974723, -0.034969788, 0.921859719, -1.5785153e-005, 0.387523752, 0.387523752, 1.48272047e-005, -0.921859719, 8.80580277e-006, 1, 1.97857245e-005, 0.921859736, -2.43102636e-005, 0.387523711, 0.387523712, 2.84074277e-006, -0.921859736, 2.1309798e-005, 1, 1.203957e-005, 0, 0, 0, 0, 0, 0, 0, 0.324162622, -0.0749502441, -0.186920288, -0.183681805, 0.654995883, -0.732940462, -0.817260742, 0.31237793, 0.484008789, 0.546077401, 0.687988775, 0.47808714, 0, 0, -0, 0, 0, 0, 0, 0.406299707, -0.0570659668, -0.153391064, 0.217574874, 0.224966919, -0.94973394, 0.127075195, -0.971191406, -0.201049805, -0.967665628, -0.0768813034, -0.239870491, 0, 1, 5, 1, 
325.601623, 33, 0.1, 0.1, 0.021044149, 0.355974719, -0.0349683212, 0.92185973, 2.05253859e-005, 0.387523725, 0.387523726, -8.55397984e-006, -0.92185973, -1.56066565e-005, 1, -1.58396435e-005, 0.921859716, 2.42863852e-005, 0.387523758, 0.387523758, 2.27104726e-006, -0.921859716, -2.3268725e-005, 1, -7.31796429e-006, 0, 0, 0, 0, 0, 0, 0, 0.324162622, -0.0749502441, -0.186920288, -0.183681805, 0.654995883, -0.732940462, -0.817260742, 0.31237793, 0.484008789, 0.546077401, 0.687988775, 0.47808714, 0, 0, -0, 0, 0, 0, 0, 0.406299707, -0.0570659668, -0.153391064, 0.217574874, 0.224966919, -0.94973394, 0.127075195, -0.971191406, -0.201049805, -0.967665628, -0.0768813034, -0.239870491, 0, 1, 5, 1, 
325.602341, 33, 0.1, 0.1, 0.021044156, 0.355974723, -0.0349670927, 0.921859888, -3.47350993e-005, 0.387523348, 0.387523349, 7.57314994e-006, -0.921859889, 2.90861223e-005, 0.999999999, 2.04420451e-005, 0.921859846, -3.36909474e-005, 0.387523449, 0.387523449, -1.37039766e-006, -0.921859846, 3.15893929e-005, 0.999999999, 1.17927176e-005, 0, 0, 0, 0, 0, 0, 0, 0.325336426, -0.0758421143, -0.186211377, -0.186679138, 0.654876437, -0.732248136, -0.819335937, 0.307495117, 0.483764648, 0.54197923, 0.69035594, 0.479336998, 0, 0, -0, 0, 0, 0, 0, 0.406299707, -0.0570659668, -0.153391064, 0.217574874, 0.224966919, -0.94973394, 0.127075195, -0.971191406, -0.201049805, -0.967665628, -0.0768813034, -0.239870491, 0, 1, 5, 1, 
325.603042, 33, 0.1, 0.1, 0.0210441541, 0.35597472, -0.034966577, 0.921860149, 3.56609872e-005, 0.387522727, 0.387522728, -3.50314157e-006, -0.92186015, -3.1516896e-005, 0.999999999, -1.70488496e-005, 0.921860091, 2.70318775e-005, 0.387522867, 0.387522867, 2.89778187e-006, -0.921860091, -2.60425658e-005, 1, -7.8041212e-006, 0, 0, 0, 0, 0, 0, 0, 0.325336426, -0.0758421143, -0.186211377, -0.186679138, 0.654876437, -0.732248136, -0.819335937, 0.307495117, 0.483764648, 0.54197923, 0.69035594, 0.479336998, 0, 0, -0, 0, 0, 0, 0, 0.406299707, -0.0570659668, -0.153391064, 0.217574874, 0.224966919, -0.94973394, 0.127075195, -0.971191406, -0.201049805, -0.967665628, -0.0768813034, -0.239870491, 0, 1, 5, 1, 
325.603745, 33, 0.1, 0.1, 0.0210441518, 0.355974721, -0.0349669195, 0.921860449, -2.60967183e-005, 0.387522016, 0.387522016, 3.6548707e-006, -0.921860449, 2.26411896e-005, 1, 1.34823336e-005, 0.921860391, -1.14079264e-005, 0.387522153, 0.387522153, 9.41353026e-007, -0.921860391, 1.01517203e-005, 1, 5.28862027e-006, 0, 0, 0, 0, 0, 0, 0, 0.325336426, -0.0758421143, -0.186211377, -0.186679138, 0.654876437, -0.732248136, -0.819335937, 0.307495117, 0.483764648, 0.54197923, 0.69035594, 0.479336998, 0, 0, -0, 0, 0, 0, 0, 0.406299707, -0.0570659668, -0.153391064, 0.217574874, 0.224966919, -0.94973394, 0.127075195, -0.971191406, -0.201049805, -0.967665628, -0.0768813034, -0.239870491, 0, 1, 5, 1, 
325.60446, 33, 0.1, 0.1, 0.0210441566, 0.355974724, -0.0349679598, 0.921860695, 1.94852859e-005, 0.387521431, 0.387521431, -1.34925103e-005, -0.921860695, -1.27340822e-005, 1, -1.99891808e-005, 0.921860655, -1.88027463e-006, 0.387521525, 0.387521525, -1.33263477e-005, -0.921860655, 6.89759777e-006, 1, -1.15563887e-005, 0, 0, 0, 0, 0, 0, 0, 0.325336426, -0.0758421143, -0.186211377, -0.188692836, 0.653932116, -0.732596734, -0.821533203, 0.303466797, 0.482543945, 0.537848859, 0.692977344, 0.480257354, 0, 0, -0, 0, 0, 0, 0, 0.406299707, -0.0570659668, -0.153391064, 0.217574874, 0.224966919, -0.94973394, 0.127075195, -0.971191406, -0.201049805, -0.967665628, -0.0768813034, -0.239870491, 0, 1, 5, 1, 
325.60518, 33, 0.1, 0.1, 0.0210441483, 0.355974723, -0.034969039, 0.92186081, 2.87355962e-006, 0.387521157, 0.387521157, 1.68184211e-005, -0.92186081, -9.16651599e-006, 1, 1.43906781e-005, 0.921860799, 1.81437014e-005, 0.387521183, 0.387521183, 1.42265384e-005, -0.921860799, -2.22390521e-005, 1, 6.08381939e-006, 0, 0, 0, 0, 0, 0, 0, 0.326337158, -0.0767753662, -0.185333423, -0.188692836, 0.653932116, -0.732596734, -0.821533203, 0.303466797, 0.482543945, 0.537848859, 0.692977344, 0.480257354, 0, 0, -0, 0, 0, 0, 0, 0.406946484, -0.0576683105, -0.152703516, 0.217012709, 0.227764619, -0.949133495, 0.133300781, -0.970092773, -0.202392578, -0.966988258, -0.0824789034, -0.240912067, 0, 1, 5, 1, 
325.605878, 33, 0.1, 0.1, 0.0210441552, 0.355974725, -0.0349701364, 0.921860771, -1.0784159e-005, 0.38752125, 0.38752125, -2.29240582e-005, -0.921860771, 1.88250528e-005, 1, -1.69536992e-005, 0.921860788, -1.95882093e-005, 0.387521208, 0.387521208, -1.83395304e-005, -0.921860788, 2.5164559e-005, 1, -9.31564745e-006, 0, 0, 0, 0, 0, 0, 0, 0.326337158, -0.0767753662, -0.185333423, -0.188692836, 0.653932116, -0.732596734, -0.821533203, 0.303466797, 0.482543945, 0.537848859, 0.692977344, 0.480257354, 0, 0, -0, 0, 0, 0, 0, 0.406946484, -0.0576683105, -0.152703516, 0.217012709, 0.227764619, -0.949133495, 0.133300781, -0.970092773, -0.202392578, -0.966988258, -0.0824789034, -0.240912067, 0, 1, 5, 1, 
325.606579, 33, 0.1, 0.1, 0.0210441505, 0.355974725, -0.0349709841, 0.921860603, 1.58626292e-005, 0.387521648, 0.387521648, 2.26808953e-005, -0.921860603, -2.34124709e-005, 1, 1.47615116e-005, 0.921860645, 2.00570655e-005, 0.387521548, 0.387521548, 1.5941376e-005, -0.921860645, -2.46674461e-005, 1, 6.92318206e-006, 0, 0, 0, 0, 0, 0, 0, 0.326337158, -0.0767753662, -0.185333423, -0.188692836, 0.653932116, -0.732596734, -0.821533203, 0.303466797, 0.482543945, 0.537848859, 0.692977344, 0.480257354, 0, 0, -0, 0, 0, 0, 0, 0.406946484, -0.0576683105, -0.152703516, 0.217012709, 0.227764619, -0.949133495, 0.133300781, -0.970092773, -0.202392578, -0.966988258, -0.0824789034, -0.240912067, 0, 1, 5, 1, 
325.607275, 33, 0.1, 0.1, 0.0210441534, 0.355974725, -0.0349713882, 0.921860351, -1.73748041e-005, 0.387522249, 0.387522249, -2.30832575e-005, -0.921860351, 2.49624189e-005, 1, -1.45464167e-005, 0.921860407, -1.63680099e-005, 0.387522115, 0.387522114, -1.44213354e-005, -0.921860407, 2.06776066e-005, 1, -6.95149231e-006, 0, 0, 0, 0, 0, 0, 0, 0.326337158, -0.0767753662, -0.185333423, -0.188692836, 0.653932116, -0.732596734, -0.821533203, 0.303466797, 0.482543945, 0.537848859, 0.692977344, 0.480257354, 0, 0, -0, 0, 0, 0, 0, 0.406946484, -0.0576683105, -0.152703516, 0.217012709, 0.227764619, -0.949133495, 0.133300781, -0.970092773, -0.202392578, -0.966988258, -0.0824789034, -0.240912067, 0, 1, 5, 1, 
325.607971, 33, 0.1, 0.1, 0.021044154, 0.355974726, -0.0349712351, 0.921860072, 1.57335263e-005, 0.387522912, 0.387522911, 2.15167736e-005, -0.921860072, -2.28423525e-005, 1, 1.37383526e-005, 0.921860125, 8.73251251e-006, 0.387522786, 0.387522785, 1.07515405e-005, -0.921860125, -1.2216622e-005, 1, 6.52736887e-006, 0, 0, 0, 0, 0, 0, 0, 0.326337158, -0.0767753662, -0.185333423, -0.188692836, 0.653932116, -0.732596734, -0.821533203, 0.303466797, 0.482543945, 0.537848859, 0.692977344, 0.480257354, 0, 0, -0, 0, 0, 0, 0, 0.406946484, -0.0576683105, -0.152703516, 0.217012709, 0.227764619, -0.949133495, 0.133300781, -0.970092773, -0.202392578, -0.966988258, -0.0824789034, -0.240912067, 0, 1, 5, 1, 
325.608674, 33, 0.1, 0.1, 0.0210441499, 0.355974724, -0.0349705799, 0.921859841, -2.74172409e-006, 0.387523463, 0.387523463, -1.73304832e-005, -0.92185984, 9.24345418e-006, 1, -1.4913794e-005, 0.921859876, 1.00846188e-005, 0.387523378, 0.387523378, -4.57810653e-006, -0.921859876, -7.52248212e-006, 1, -8.12839825e-006, 0, 0, 0, 0, 0, 0, 0, 0.326337158, -0.0767753662, -0.185333423, -0.188692836, 0.653932116, -0.732596734, -0.821533203, 0.303466797, 0.482543945, 0.537848859, 0.692977344, 0.480257354, 0, 0, -0, 0, 0, 0, 0, 0.406946484, -0.0576683105, -0.152703516, 0.217012709, 0.227764619, -0.949133495, 0.133300781, -0.970092773, -0.202392578, -0.966988258, -0.0824789034, -0.240912067, 0, 1, 5, 1, 
325.609383, 33, 0.1, 0.1, 0.021044156, 0.355974726, -0.0349696195, 0.921859727, -1.04185513e-005, 0.387523733, 0.387523733, 1.70859447e-005, -0.921859727, 2.98323382e-006, 1, 1.97882803e-005, 0.921859739, -1.95560169e-005, 0.387523704, 0.387523704, 3.79830102e-006, -0.921859739, 1.65559729e-005, 1, 1.10799209e-005, 0, 0, 0, 0, 0, 0, 0, 0.326337158, -0.0767753662, -0.185333423, -0.190115679, 0.652670275, -0.733377426, -0.822998047, 0.301147461, 0.481445313, 0.535108009, 0.695154671, 0.480010228, 0, 0, -0, 0, 0, 0, 0, 0.406946484, -0.0576683105, -0.152703516, 0.217012709, 0.227764619, -0.949133495, 0.133300781, -0.970092773, -0.202392578, -0.966988258, -0.0824789034, -0.240912067, 0, 1, 5, 1, 
325.610092, 33, 0.1, 0.1, 0.0210441491, 0.355974721, -0.034968447, 0.921859766, 2.52475023e-005, 0.38752364, 0.38752364, -4.67841758e-006, -0.921859766, -2.14616591e-005, 1, -1.40968489e-005, 0.921859747, 2.93668525e-005, 0.387523684, 0.387523684, 5.95276323e-006, -0.921859748, -2.9378956e-005, 1, -5.89273804e-006, 0, 0, 0, 0, 0, 0, 0, 0.327372314, -0.0783959229, -0.184481104, -0.190115679, 0.652670275, -0.733377426, -0.822998047, 0.301147461, 0.481445313, 0.535108009, 0.695154671, 0.480010228, 0, 0, -0, 0, 0, 0, 0, 0.407550049, -0.0587815918, -0.152027197, 0.215856295, 0.229393146, -0.948999334, 0.138427734, -0.969238281, -0.202880859, -0.966496088, -0.0874629321, -0.241020708, 0, 1, 5, 1, 
325.6108, 33, 0.1, 0.1, 0.0210441551, 0.355974724, -0.0349676318, 0.921859949, -3.43649194e-005, 0.387523203, 0.387523203, 7.57032922e-006, -0.92185995, 2.87459646e-005, 0.999999999, 2.02959869e-005, 0.921859903, -3.20906157e-005, 0.387523313, 0.387523313, -5.87934694e-007, -0.921859903, 2.98108903e-005, 0.999999999, 1.18938683e-005, 0, 0, 0, 0, 0, 0, 0, 0.327372314, -0.0783959229, -0.184481104, -0.190115679, 0.652670275, -0.733377426, -0.822998047, 0.301147461, 0.481445313, 0.535108009, 0.695154671, 0.480010228, 0, 0, -0, 0, 0, 0, 0, 0.407550049, -0.0587815918, -0.152027197, 0.215856295, 0.229393146, -0.948999334, 0.138427734, -0.969238281, -0.202880859, -0.966496088, -0.0874629321, -0.241020708, 0, 1, 5, 1, 
325.611501, 33, 0.1, 0.1, 0.0210441546, 0.355974722, -0.0349673993, 0.921860227, 2.92567506e-005, 0.387522543, 0.387522543, -4.98589068e-006, -0.921860227, -2.50384897e-005, 1, -1.59339447e-005, 0.921860165, 2.1545849e-005, 0.38752269, 0.38752269, 1.59488411e-006, -0.921860166, -2.04803137e-005, 1, -6.87924525e-006, 0, 0, 0, 0, 0, 0, 0, 0.327372314, -0.0783959229, -0.184481104, -0.190115679, 0.652670275, -0.733377426, -0.822998047, 0.301147461, 0.481445313, 0.535108009, 0.695154671, 0.480010228, 0, 0, -0, 0, 0, 0, 0, 0.407550049, -0.0587815918, -0.152027197, 0.215856295, 0.229393146, -0.948999334, 0.138427734, -0.969238281, -0.202880859, -0.966496088, -0.0874629321, -0.241020708, 0, 1, 5, 1, 
325.612196, 33, 0.1, 0.1, 0.0210441547, 0.355974723, -0.0349678234, 0.921860535, -3.21230229e-005, 0.38752181, 0.38752181, 3.03287792e-006, -0.921860535, 2.84376407e-005, 0.999999999, 1.52442624e-005, 0.921860476, -1.80897584e-005, 0.387521951, 0.387521951, -6.69723216e-009, -0.921860476, 1.66788286e-005, 1, 7.00400457e-006, 0, 0, 0, 0, 0, 0, 0, 0.327372314, -0.0783959229, -0.184481104, -0.190115679, 0.652670275, -0.733377426, -0.822998047, 0.301147461, 0.481445313, 0.535108009, 0.695154671, 0.480010228, 0, 0, -0, 0, 0, 0, 0, 0.407550049, -0.0587815918, -0.152027197, 0.215856295, 0.229393146, -0.948999334, 0.138427734, -0.969238281, -0.202880859, -0.966496088, -0.0874629321, -0.241020708, 0, 1, 5, 1, 
325.612891, 33, 0.1, 0.1, 0.0210441615, 0.355974725, -0.034968776, 0.921860792, 1.21570058e-005, 0.387521199, 0.387521199, -1.08587749e-005, -0.921860792, -6.99906148e-006, 1, -1.47213763e-005, 0.921860752, -7.63918683e-006, 0.387521295, 0.387521295, -1.11524293e-005, -0.921860752, 1.13640704e-005, 1, -7.32063926e-006, 0, 0, 0, 0, 0, 0, 0, 0.327372314, -0.0783959229, -0.184481104, -0.190115679, 0.652670275, -0.733377426, -0.822998047, 0.301147461, 0.481445313, 0.535108009, 0.695154671, 0.480010228, 0, 0, -0, 0, 0, 0, 0, 0.407550049, -0.0587815918, -0.152027197, 0.215856295, 0.229393146, -0.948999334, 0.138427734, -0.969238281, -0.202880859, -0.966496088, -0.0874629321, -0.241020708, 0, 1, 5, 1, 
325.613591, 33, 0.1, 0.1, 0.0210441554, 0.355974723, -0.0349698924, 0.921860923, 4.22882801e-008, 0.387520888, 0.387520888, 1.99498065e-005, -0.921860923, -7.76995063e-006, 1, 1.83745594e-005, 0.921860908, 1.35754599e-005, 0.387520923, 0.387520922, 1.71271118e-005, -0.921860908, -1.91518e-005, 1, 1.05280401e-005, 0, 0, 0, 0, 0, 0, 0, 0.327372314, -0.0783959229, -0.184481104, -0.190115679, 0.652670275, -0.733377426, -0.822998047, 0.301147461, 0.481445313, 0.535108009, 0.695154671, 0.480010228, 0, 0, -0, 0, 0, 0, 0, 0.407550049, -0.0587815918, -0.152027197, 0.215856295, 0.229393146, -0.948999334, 0.138427734, -0.969238281, -0.202880859, -0.966496088, -0.0874629321, -0.241020708, 0, 1, 5, 1, 
325.614316, 33, 0.1, 0.1, 0.0210441621, 0.355974724, -0.0349707631, 0.921860906, -7.04731463e-006, 0.387520929, 0.387520929, -1.89745672e-005, -0.921860906, 1.38496858e-005, 1, -1.47609298e-005, 0.921860921, -1.76232906e-005, 0.387520892, 0.387520892, -1.41254387e-005, -0.921860921, 2.17201255e-005, 1, -6.1922967e-006, 0, 0, 0, 0, 0, 0, 0, 0.327372314, -0.0783959229, -0.184481104, -0.190656359, 0.651471714, -0.734183206, -0.824584961, 0.299438477, 0.479858398, 0.532474622, 0.6969512, 0.480385035, 0, 0, -0, 0, 0, 0, 0, 0.407550049, -0.0587815918, -0.152027197, 0.215856295, 0.229393146, -0.948999334, 0.138427734, -0.969238281, -0.202880859, -0.966496088, -0.0874629321, -0.241020708, 0, 1, 5, 1, 
325.615026, 33, 0.1, 0.1, 0.0210441558, 0.355974723, -0.0349708343, 0.921860756, 1.92279139e-005, 0.387521284, 0.387521284, 2.60242985e-005, -0.921860756, -2.78104289e-005, 0.999999999, 1.65395536e-005, 0.921860794, 2.38445949e-005, 0.387521193, 0.387521193, 1.97112205e-005, -0.921860795, -2.96199129e-005, 1, 8.93071557e-006, 0, 0, 0, 0, 0, 0, 0, 0.328676123, -0.0802376465, -0.183628174, -0.190656359, 0.651471714, -0.734183206, -0.824584961, 0.299438477, 0.479858398, 0.532474622, 0.6969512, 0.480385035, 0, 0, -0, 0, 0, 0, 0, 0.40875293, -0.06008125, -0.150685303, 0.216859591, 0.231296559, -0.948284051, 0.143188477, -0.968505859, -0.203491211, -0.965531439, -0.0915588702, -0.243154898, 0, 1, 5, 1, 
325.615725, 33, 0.1, 0.1, 0.0210441586, 0.355974722, -0.0349705063, 0.921860516, -1.90562651e-005, 0.387521856, 0.387521856, -2.22967263e-005, -0.921860516, 2.62076871e-005, 1, -1.31697525e-005, 0.92186057, -1.7273918e-005, 0.387521728, 0.387521728, -1.3301015e-005, -0.92186057, 2.10785762e-005, 1, -5.56766277e-006, 0, 0, 0, 0, 0, 0, 0, 0.328676123, -0.0802376465, -0.183628174, -0.190656359, 0.651471714, -0.734183206, -0.824584961, 0.299438477, 0.479858398, 0.532474622, 0.6969512, 0.480385035, 0, 0, -0, 0, 0, 0, 0, 0.40875293, -0.06008125, -0.150685303, 0.216859591, 0.231296559, -0.948284051, 0.143188477, -0.968505859, -0.203491211, -0.965531439, -0.0915588702, -0.243154898, 0, 1, 5, 1, 
325.616529, 33, 0.1, 0.1, 0.0210441589, 0.355974721, -0.0349694129, 0.921860215, 1.77032599e-005, 0.387522571, 0.387522571, 3.14649006e-005, -0.921860215, -2.85132901e-005, 0.999999999, 2.21458272e-005, 0.921860295, 6.8465456e-006, 0.387522381, 0.387522381, 1.43366278e-005, -0.921860295, -1.18673227e-005, 1, 1.05631783e-005, 0, 0, 0, 0, 0, 0, 0, 0.328676123, -0.0802376465, -0.183628174, -0.190656359, 0.651471714, -0.734183206, -0.824584961, 0.299438477, 0.479858398, 0.532474622, 0.6969512, 0.480385035, 0, 0, -0, 0, 0, 0, 0, 0.40875293, -0.06008125, -0.150685303, 0.216859591, 0.231296559, -0.948284051, 0.143188477, -0.968505859, -0.203491211, -0.965531439, -0.0915588702, -0.243154898, 0, 1, 5, 1, 
325.617457, 33, 0.1, 0.1, 0.0210441534, 0.355974716, -0.0349640362, 0.921859928, -1.07074309e-005, 0.387523255, 0.387523255, -2.73284339e-005, -0.921859928, 2.04611551e-005, 1, -2.10436097e-005, 0.921859958, 5.30446438e-006, 0.387523184, 0.387523184, -1.16048811e-005, -0.921859958, -3.92812832e-007, 1, -1.27536781e-005, 0, 0, 0, 0, 0, 0, 0, 0.329699194, -0.0815969971, -0.182741431, -0.192251066, 0.650952374, -0.734373045, -0.826782227, 0.295654297, 0.478515625, 0.528648665, 0.699134518, 0.48152743, 0, 0, -0, 0, 0, 0, 0, 0.409702783, -0.0608821777, -0.149561768, 0.21735176, 0.234643665, -0.947421846, 0.150268555, -0.967041016, -0.205078125, -0.964375025, -0.0977124388, -0.245519131, 0, 1, 5, 1, 
325.618157, 33, 0.1, 0.1, 0.0210441634, 0.355974721, -0.0349613231, 0.921859854, -2.05393666e-005, 0.38752343, 0.38752343, 1.55458868e-005, -0.921859854, 1.29100221e-005, 1, 2.22906147e-005, 0.921859855, -3.1636172e-005, 0.387523426, 0.387523427, -3.69905727e-008, -0.921859856, 2.91784517e-005, 0.999999999, 1.22256577e-005, 0, 0, 0, 0, 0, 0, 0, 0.329699194, -0.0815969971, -0.182741431, -0.192251066, 0.650952374, -0.734373045, -0.826782227, 0.295654297, 0.478515625, 0.528648665, 0.699134518, 0.48152743, 0, 0, -0, 0, 0, 0, 0, 0.409702783, -0.0608821777, -0.149561768, 0.21735176, 0.234643665, -0.947421846, 0.150268555, -0.967041016, -0.205078125, -0.964375025, -0.0977124388, -0.245519131, 0, 1, 5, 1, 
325.618853, 33, 0.1, 0.1, 0.0210441568, 0.355974717, -0.0349612261, 0.921859961, 2.74836171e-005, 0.387523176, 0.387523176, -1.02285865e-005, -0.921859961, -2.13722319e-005, 1, -2.00798629e-005, 0.921859927, 3.13330371e-005, 0.387523256, 0.387523256, 2.51541728e-006, -0.921859927, -2.9859454e-005, 1, -9.82341819e-006, 0, 0, 0, 0, 0, 0, 0, 0.329699194, -0.0815969971, -0.182741431, -0.192251066, 0.650952374, -0.734373045, -0.826782227, 0.295654297, 0.478515625, 0.528648665, 0.699134518, 0.48152743, 0, 0, -0, 0, 0, 0, 0, 0.409702783, -0.0608821777, -0.149561768, 0.21735176, 0.234643665, -0.947421846, 0.150268555, -0.967041016, -0.205078125, -0.964375025, -0.0977124388, -0.245519131, 0, 1, 5, 1, 
325.619554, 33, 0.1, 0.1, 0.0210441635, 0.355974722, -0.0349636217, 0.921860228, -3.90869188e-005, 0.387522538, 0.387522539, 3.95836059e-006, -0.921860229, 3.4498722e-005, 0.999999999, 1.87961172e-005, 0.921860164, -3.63419576e-005, 0.387522693, 0.387522693, -5.71614507e-006, -0.921860164, 3.57173389e-005, 0.999999999, 8.81384683e-006, 0, 0, 0, 0, 0, 0, 0, 0.329699194, -0.0815969971, -0.182741431, -0.192251066, 0.650952374, -0.734373045, -0.826782227, 0.295654297, 0.478515625, 0.528648665, 0.699134518, 0.48152743, 0, 0, -0, 0, 0, 0, 0, 0.409702783, -0.0608821777, -0.149561768, 0.21735176, 0.234643665, -0.947421846, 0.150268555, -0.967041016, -0.205078125, -0.964375025, -0.0977124388, -0.245519131, 0, 1, 5, 1, 
325.620251, 33, 0.1, 0.1, 0.0210441634, 0.35597472, -0.034967593, 0.921860598, 3.05715272e-005, 0.387521661, 0.387521661, -1.91761186e-006, -0.921860598, -2.74395702e-005, 1, -1.36148998e-005, 0.921860518, 2.11506401e-005, 0.38752185, 0.38752185, 3.64883306e-006, -0.921860519, -2.09119426e-005, 1, -4.83262004e-006, 0, 0, 0, 0, 0, 0, 0, 0.329699194, -0.0815969971, -0.182741431, -0.192251066, 0.650952374, -0.734373045, -0.826782227, 0.295654297, 0.478515625, 0.528648665, 0.699134518, 0.48152743, 0, 0, -0, 0, 0, 0, 0, 0.409702783, -0.0608821777, -0.149561768, 0.21735176, 0.234643665, -0.947421846, 0.150268555, -0.967041016, -0.205078125, -0.964375025, -0.0977124388, -0.245519131, 0, 1, 5, 1, 
325.620951, 33, 0.1, 0.1, 0.0210441606, 0.35597472, -0.0349719066, 0.921860984, -1.98305144e-005, 0.387520743, 0.387520743, 5.31215363e-006, -0.921860984, 1.62224078e-005, 1, 1.25818029e-005, 0.92186091, -7.33332027e-006, 0.387520918, 0.387520918, 3.0792942e-006, -0.92186091, 5.56701038e-006, 1, 5.68049596e-006, 0, 0, 0, 0, 0, 0, 0, 0.329699194, -0.0815969971, -0.182741431, -0.192251066, 0.650952374, -0.734373045, -0.826782227, 0.295654297, 0.478515625, 0.528648665, 0.699134518, 0.48152743, 0, 0, -0, 0, 0, 0, 0, 0.409702783, -0.0608821777, -0.149561768, 0.21735176, 0.234643665, -0.947421846, 0.150268555, -0.967041016, -0.205078125, -0.964375025, -0.0977124388, -0.245519131, 0, 1, 5, 1, 
325.621648, 33, 0.1, 0.1, 0.0210441647, 0.355974721, -0.0349752175, 0.921861303, 1.23408592e-005, 0.387519983, 0.387519983, -8.9183112e-006, -0.921861303, -7.92053674e-006, 1, -1.30037755e-005, 0.92186125, -2.6240744e-006, 0.38752011, 0.38752011, -8.51177621e-006, -0.92186125, 5.71751695e-006, 1, -6.82979506e-006, 0, 0, 0, 0, 0, 0, 0, 0.329699194, -0.0815969971, -0.182741431, -0.192251066, 0.650952374, -0.734373045, -0.826782227, 0.295654297, 0.478515625, 0.528648665, 0.699134518, 0.48152743, 0, 0, -0, 0, 0, 0, 0, 0.409702783, -0.0608821777, -0.149561768, 0.21735176, 0.234643665, -0.947421846, 0.150268555, -0.967041016, -0.205078125, -0.964375025, -0.0977124388, -0.245519131, 0, 1, 5, 1, 
