time, trialNum, realDorsalTactorPos, realVentralTactorPos, boxPosX, boxPosY, boxPosZ, boxLocalRot_11, boxLocalRot_12, boxLocalRot_13, boxLocalRot_21, boxLocalRot_22, boxLocalRot_23, boxLocalRot_31, boxLocalRot_32, boxLocalRot_33, boxGlobalRot_11, boxGlobalRot_12, boxGlobalRot_13, boxGlobalRot_21, boxGlobalRot_22, boxGlobalRot_23, boxGlobalRot_31, boxGlobalRot_32, boxGlobalRot_33, indexForceX, indexForceY, indexForceZ, indexForceGlobalX, indexForceGlobalY, indexForceGlobalZ, indexContact, indexPosX, indexPosY, indexPosZ, indexRot_11, indexRot_12, indexRot_13, indexRot_21, indexRot_22, indexRot_23, indexRot_31, indexRot_32, indexRot_33, thumbForceX, thumbForceY, thumbForceZ, thumbForceGlobalX, thumbForceGlobalY, thumbForceGlobalZ, thumbContact, thumbPosX, thumbPosY, thumbPosZ, thumbRot_11, thumbRot_12, thumbRot_13, thumbRot_21, thumbRot_22, thumbRot_23, thumbRot_31, thumbRot_32, thumbRot_33, manipForceTooHigh, cceExpType, mapping, trialSuccess, 
242.838715, 23, 0.1, 0.1, -0.00373590799, 0.330095949, -0.0349693831, 0.944498723, 2.17331155e-005, -0.328515088, 0.328515088, -1.56506868e-005, 0.944498722, 1.53854131e-005, -1, -2.19217101e-005, 0.944498713, 1.76937025e-005, -0.328515115, 0.328515116, -1.41167022e-005, 0.944498713, 1.20741292e-005, -1, -1.91458557e-005, 0, 0, 0, 0, 0, 0, 0, 0.393067212, -0.190351929, -0.150987183, -0.318964041, 0.40282227, -0.857822818, -0.94519043, -0.200683594, 0.257202148, -0.0685000916, 0.892924384, 0.444969215, 0, 0, 0, 0, 0, 0, 0, 0.401741113, -0.13538833, -0.116250684, -0.106685843, 0.0475901545, -0.993071534, 0.837524414, -0.533935547, -0.115478516, -0.535815476, -0.844009398, 0.0171392587, 0, 1, 3, 1, 
242.84087, 23, 0.1, 0.1, -0.00373591761, 0.330095955, -0.0349561644, 0.944498864, 4.53881922e-006, -0.328514683, 0.328514683, 1.8036948e-006, 0.944498864, 4.87944982e-006, -1, 2.12518936e-007, 0.944498857, -1.17906722e-005, -0.328514702, 0.328514702, 8.36597905e-006, 0.944498857, -8.38792928e-006, -1, 1.17750668e-005, 0, 0, 0, 0, 0, 0, 0, 0.39129895, -0.190565649, -0.151349683, -0.325450716, 0.402206328, -0.855746963, -0.942871094, -0.205444336, 0.261962891, -0.0704389096, 0.892156796, 0.446370719, 0, 0, 0, 0, 0, 0, 0, 0.400263086, -0.136325977, -0.117482471, -0.112053033, 0.0468234654, -0.992591758, 0.836547852, -0.534545898, -0.119628906, -0.536134105, -0.843721752, 0.0207492238, 0, 1, 3, 1, 
242.841585, 23, 0.1, 0.1, -0.00373591395, 0.330095947, -0.0349638429, 0.944498965, 1.03830341e-006, -0.32851439, 0.32851439, -1.13867633e-005, 0.944498965, -2.76003911e-006, -1, -1.10958838e-005, 0.94449894, 1.80672394e-006, -0.328514463, 0.328514463, -2.43715756e-005, 0.94449894, -6.29996623e-006, -1, -2.36124623e-005, 0, 0, 0, 0, 0, 0, 0, 0.391390356, -0.189716016, -0.1517698, -0.325450716, 0.402206328, -0.855746963, -0.942871094, -0.205444336, 0.261962891, -0.0704389096, 0.892156796, 0.446370719, 0, 0, 0, 0, 0, 0, 0, 0.399954395, -0.135946387, -0.117886963, -0.113982332, 0.046222654, -0.992355151, 0.837646484, -0.532592773, -0.12097168, -0.534127514, -0.845012327, 0.0220015193, 0, 1, 3, 1, 
242.842285, 23, 0.1, 0.1, -0.00373591426, 0.330095954, -0.0349722656, 0.944499074, -1.52445286e-005, -0.328514077, 0.328514077, 1.37713683e-005, 0.944499074, -9.87435474e-006, -1, 1.80150869e-005, 0.944499058, -6.49922815e-006, -0.328514124, 0.328514124, 2.30712783e-005, 0.944499058, 1.44072594e-006, -1, 2.39258889e-005, 0, 0, 0, 0, 0, 0, 0, 0.391390356, -0.189716016, -0.1517698, -0.325450716, 0.402206328, -0.855746963, -0.942871094, -0.205444336, 0.261962891, -0.0704389096, 0.892156796, 0.446370719, 0, 0, 0, 0, 0, 0, 0, 0.399954395, -0.135946387, -0.117886963, -0.113982332, 0.046222654, -0.992355151, 0.837646484, -0.532592773, -0.12097168, -0.534127514, -0.845012327, 0.0220015193, 0, 1, 3, 1, 
242.842989, 23, 0.1, 0.1, -0.00373591575, 0.330095949, -0.0349790661, 0.944499081, 9.3433391e-006, -0.328514059, 0.328514059, -2.11012267e-005, 0.94449908, 1.89272556e-006, -1, -2.29995075e-005, 0.944499087, -2.24116778e-007, -0.32851404, 0.32851404, -2.37906691e-005, 0.944499087, -8.02724691e-006, -1, -2.23966397e-005, 0, 0, 0, 0, 0, 0, 0, 0.391390356, -0.189716016, -0.1517698, -0.325450716, 0.402206328, -0.855746963, -0.942871094, -0.205444336, 0.261962891, -0.0704389096, 0.892156796, 0.446370719, 0, 0, 0, 0, 0, 0, 0, 0.399954395, -0.135946387, -0.117886963, -0.113982332, 0.046222654, -0.992355151, 0.837646484, -0.532592773, -0.12097168, -0.534127514, -0.845012327, 0.0220015193, 0, 1, 3, 1, 
242.843688, 23, 0.1, 0.1, -0.00373591258, 0.33009595, -0.034982551, 0.944499004, -6.96983169e-006, -0.32851428, 0.32851428, 1.76006291e-005, 0.944499004, -8.00941099e-007, -1, 1.89134659e-005, 0.944499026, 2.32508161e-006, -0.328514217, 0.328514217, 1.15578502e-005, 0.944499026, 5.99295542e-006, -1, 1.01525559e-005, 0, 0, 0, 0, 0, 0, 0, 0.391390356, -0.189716016, -0.1517698, -0.325450716, 0.402206328, -0.855746963, -0.942871094, -0.205444336, 0.261962891, -0.0704389096, 0.892156796, 0.446370719, 0, 0, 0, 0, 0, 0, 0, 0.399954395, -0.135946387, -0.117886963, -0.113982332, 0.046222654, -0.992355151, 0.837646484, -0.532592773, -0.12097168, -0.534127514, -0.845012327, 0.0220015193, 0, 1, 3, 1, 
242.844384, 23, 0.1, 0.1, -0.00373591455, 0.330095957, -0.0349820303, 0.944498908, 7.81373752e-007, -0.328514556, 0.328514556, 9.84225747e-006, 0.944498908, 3.9713315e-006, -1, 9.03930878e-006, 0.944498923, -3.81573958e-006, -0.328514512, 0.328514512, 1.75449136e-005, 0.944498923, 2.15979682e-006, -1, 1.78246779e-005, 0, 0, 0, 0, 0, 0, 0, 0.391390356, -0.189716016, -0.1517698, -0.325450716, 0.402206328, -0.855746963, -0.942871094, -0.205444336, 0.261962891, -0.0704389096, 0.892156796, 0.446370719, 0, 0, 0, 0, 0, 0, 0, 0.399954395, -0.135946387, -0.117886963, -0.113982332, 0.046222654, -0.992355151, 0.837646484, -0.532592773, -0.12097168, -0.534127514, -0.845012327, 0.0220015193, 0, 1, 3, 1, 
242.84511, 23, 0.1, 0.1, -0.00373591235, 0.330095953, -0.0349774563, 0.944498865, 8.31072224e-006, -0.328514679, 0.328514679, -9.27288713e-006, 0.944498865, 4.80318819e-006, -1, -1.14884256e-005, 0.944498873, 3.95891314e-006, -0.328514656, 0.328514656, -1.59433012e-005, 0.944498873, -1.49841912e-006, -1, -1.6358991e-005, 0, 0, 0, 0, 0, 0, 0, 0.391390356, -0.189716016, -0.1517698, -0.325450716, 0.402206328, -0.855746963, -0.942871094, -0.205444336, 0.261962891, -0.0704389096, 0.892156796, 0.446370719, 0, 0, 0, 0, 0, 0, 0, 0.399954395, -0.135946387, -0.117886963, -0.113982332, 0.046222654, -0.992355151, 0.837646484, -0.532592773, -0.12097168, -0.534127514, -0.845012327, 0.0220015193, 0, 1, 3, 1, 
242.84584, 23, 0.1, 0.1, -0.00373591328, 0.330095957, -0.0349705502, 0.944498779, -7.9869631e-006, -0.328514925, 0.328514925, 1.52922216e-005, 0.944498779, -2.51995386e-006, -1, 1.70673212e-005, 0.944498799, -1.24365423e-005, -0.328514868, 0.328514868, 1.79476824e-005, 0.944498799, -5.85021874e-006, -1, 2.10371535e-005, 0, 0, 0, 0, 0, 0, 0, 0.392240234, -0.189031274, -0.151966064, -0.326131059, 0.402554926, -0.855295772, -0.942382812, -0.208618164, 0.261108398, -0.0731737684, 0.89123644, 0.447658768, 0, 0, 0, 0, 0, 0, 0, 0.399954395, -0.135946387, -0.117886963, -0.113637084, 0.0463119728, -0.992412753, 0.838623047, -0.53112793, -0.120727539, -0.532741057, -0.845862138, 0.0213817514, 0, 1, 3, 1, 
242.846555, 23, 0.1, 0.1, -0.00373591138, 0.330095955, -0.034963704, 0.944498736, -5.30048477e-006, -0.32851505, 0.32851505, -1.36838258e-005, 0.944498736, -9.50164387e-006, -1, -1.11830671e-005, 0.944498737, -5.12642652e-007, -0.328515047, 0.328515047, -1.79743171e-005, 0.944498737, -6.38902396e-006, -1, -1.68083089e-005, 0, 0, 0, 0, 0, 0, 0, 0.392240234, -0.189031274, -0.151966064, -0.326131059, 0.402554926, -0.855295772, -0.942382812, -0.208618164, 0.261108398, -0.0731737684, 0.89123644, 0.447658768, 0, 0, 0, 0, 0, 0, 0, 0.400452881, -0.135735107, -0.117903809, -0.113637084, 0.0463119728, -0.992412753, 0.838623047, -0.53112793, -0.120727539, -0.532741057, -0.845862138, 0.0213817514, 0, 1, 3, 1, 
242.847252, 23, 0.1, 0.1, -0.00373591041, 0.330095955, -0.0349590493, 0.944498776, -4.92788903e-006, -0.328514933, 0.328514933, -9.78958956e-006, 0.944498776, -7.87041152e-006, -1, -7.62737023e-006, 0.944498763, 5.22147522e-006, -0.328514973, 0.328514973, -4.51394171e-006, 0.944498763, 3.44877945e-006, -1, -5.97874515e-006, 0, 0, 0, 0, 0, 0, 0, 0.392240234, -0.189031274, -0.151966064, -0.326131059, 0.402554926, -0.855295772, -0.942382812, -0.208618164, 0.261108398, -0.0731737684, 0.89123644, 0.447658768, 0, 0, 0, 0, 0, 0, 0, 0.400452881, -0.135735107, -0.117903809, -0.113637084, 0.0463119728, -0.992412753, 0.838623047, -0.53112793, -0.120727539, -0.532741057, -0.845862138, 0.0213817514, 0, 1, 3, 1, 
242.847954, 23, 0.1, 0.1, -0.00373591049, 0.330095957, -0.0349577335, 0.944498888, 4.24930933e-006, -0.328514613, 0.328514613, 2.89529449e-006, 0.944498888, 4.96461448e-006, -1, 1.33864221e-006, 0.944498861, 4.3098548e-006, -0.328514689, 0.328514689, 1.44058356e-005, 0.944498861, 8.80318156e-006, -1, 1.21904447e-005, 0, 0, 0, 0, 0, 0, 0, 0.392240234, -0.189031274, -0.151966064, -0.326131059, 0.402554926, -0.855295772, -0.942382812, -0.208618164, 0.261108398, -0.0731737684, 0.89123644, 0.447658768, 0, 0, 0, 0, 0, 0, 0, 0.400452881, -0.135735107, -0.117903809, -0.113637084, 0.0463119728, -0.992412753, 0.838623047, -0.53112793, -0.120727539, -0.532741057, -0.845862138, 0.0213817514, 0, 1, 3, 1, 
242.84865, 23, 0.1, 0.1, -0.00373590826, 0.330095951, -0.0349599883, 0.944499002, 9.26922583e-006, -0.328514283, 0.328514283, -4.8210344e-006, 0.944499002, 7.17099589e-006, -1, -7.59853526e-006, 0.944498987, 1.08021651e-005, -0.328514328, 0.328514328, -1.84988308e-005, 0.944498987, 4.12550298e-006, -1, -2.1020793e-005, 0, 0, 0, 0, 0, 0, 0, 0.392240234, -0.189031274, -0.151966064, -0.326131059, 0.402554926, -0.855295772, -0.942382812, -0.208618164, 0.261108398, -0.0731737684, 0.89123644, 0.447658768, 0, 0, 0, 0, 0, 0, 0, 0.400452881, -0.135735107, -0.117903809, -0.113637084, 0.0463119728, -0.992412753, 0.838623047, -0.53112793, -0.120727539, -0.532741057, -0.845862138, 0.0213817514, 0, 1, 3, 1, 
242.849346, 23, 0.1, 0.1, -0.00373591158, 0.330095958, -0.0349649143, 0.944499023, -5.50647394e-006, -0.328514225, 0.328514225, 1.74326282e-005, 0.944499022, 5.26007081e-007, -1, 1.82740553e-005, 0.94449902, -1.66070694e-005, -0.328514232, 0.328514232, 2.30989992e-005, 0.94449902, -8.09701079e-006, -1, 2.72726408e-005, 0, 0, 0, 0, 0, 0, 0, 0.392240234, -0.189031274, -0.151966064, -0.326131059, 0.402554926, -0.855295772, -0.942382812, -0.208618164, 0.261108398, -0.0731737684, 0.89123644, 0.447658768, 0, 0, 0, 0, 0, 0, 0, 0.400452881, -0.135735107, -0.117903809, -0.113637084, 0.0463119728, -0.992412753, 0.838623047, -0.53112793, -0.120727539, -0.532741057, -0.845862138, 0.0213817514, 0, 1, 3, 1, 
242.850046, 23, 0.1, 0.1, -0.00373590792, 0.33009595, -0.0349709015, 0.944499074, 1.25343414e-005, -0.328514077, 0.328514078, -3.61746313e-005, 0.944499073, -4.52018167e-008, -0.999999999, -3.82846134e-005, 0.944499064, 1.06489625e-005, -0.328514106, 0.328514106, -3.59830764e-005, 0.944499063, -1.7630131e-006, -0.999999999, -3.74843163e-005, 0, 0, 0, 0, 0, 0, 0, 0.392240234, -0.189031274, -0.151966064, -0.326131059, 0.402554926, -0.855295772, -0.942382812, -0.208618164, 0.261108398, -0.0731737684, 0.89123644, 0.447658768, 0, 0, 0, 0, 0, 0, 0, 0.400452881, -0.135735107, -0.117903809, -0.113637084, 0.0463119728, -0.992412753, 0.838623047, -0.53112793, -0.120727539, -0.532741057, -0.845862138, 0.0213817514, 0, 1, 3, 1, 
242.850777, 23, 0.1, 0.1, -0.00373590607, 0.330095949, -0.0349761773, 0.944499088, -1.49140125e-005, -0.328514038, 0.328514038, 2.24845852e-005, 0.944499088, -6.69976931e-006, -1, 2.61361327e-005, 0.944499087, -7.73770713e-006, -0.328514039, 0.32851404, 1.10180394e-005, 0.944499087, -3.6886767e-006, -1, 1.29484736e-005, 0, 0, 0, 0, 0, 0, 0, 0.392484473, -0.189465552, -0.152187964, -0.325731165, 0.402796061, -0.855276676, -0.942504883, -0.208251953, 0.260864258, -0.0729899215, 0.891198248, 0.447779336, 0, 0, 0, 0, 0, 0, 0, 0.400181299, -0.135921729, -0.118117041, -0.114193052, 0.0467720595, -0.992304112, 0.838134766, -0.531616211, -0.121459961, -0.533290462, -0.845568295, 0.0215159129, 0, 1, 3, 1, 
242.851478, 23, 0.1, 0.1, -0.0037359074, 0.33009596, -0.0349788007, 0.94449913, 4.46074543e-006, -0.328513917, 0.328513917, 2.18381495e-005, 0.94449913, 1.13873062e-005, -1, 1.91606963e-005, 0.944499116, 7.75783149e-007, -0.328513958, 0.328513958, 3.15455197e-005, 0.944499115, 1.10958701e-005, -1, 2.95398599e-005, 0, 0, 0, 0, 0, 0, 0, 0.392484473, -0.189465552, -0.152187964, -0.325731165, 0.402796061, -0.855276676, -0.942504883, -0.208251953, 0.260864258, -0.0729899215, 0.891198248, 0.447779336, 0, 0, 0, 0, 0, 0, 0, 0.400181299, -0.135921729, -0.118117041, -0.114193052, 0.0467720595, -0.992304112, 0.838134766, -0.531616211, -0.121459961, -0.533290462, -0.845568295, 0.0215159129, 0, 1, 3, 1, 
242.852176, 23, 0.1, 0.1, -0.00373590688, 0.330095953, -0.0349784948, 0.944499244, -6.54590754e-006, -0.328513589, 0.328513588, -3.8442445e-005, 0.944499243, -1.88114703e-005, -0.999999999, -3.41584406e-005, 0.944499219, -5.0728942e-006, -0.32851366, 0.328513659, -3.50829827e-005, 0.944499219, -1.63165836e-005, -0.999999999, -3.14693347e-005, 0, 0, 0, 0, 0, 0, 0, 0.392484473, -0.189465552, -0.152187964, -0.325731165, 0.402796061, -0.855276676, -0.942504883, -0.208251953, 0.260864258, -0.0729899215, 0.891198248, 0.447779336, 0, 0, 0, 0, 0, 0, 0, 0.400181299, -0.135921729, -0.118117041, -0.114193052, 0.0467720595, -0.992304112, 0.838134766, -0.531616211, -0.121459961, -0.533290462, -0.845568295, 0.0215159129, 0, 1, 3, 1, 
242.85289, 23, 0.1, 0.1, -0.00373590502, 0.330095949, -0.0349754754, 0.944499367, 1.32524437e-005, -0.328513234, 0.328513234, 1.66374936e-005, 0.944499367, 1.79825615e-005, -1, 1.13604991e-005, 0.944499342, 8.81629672e-006, -0.328513306, 0.328513306, 3.3545525e-006, 0.944499342, 9.42900159e-006, -1, 2.72101844e-007, 0, 0, 0, 0, 0, 0, 0, 0.392484473, -0.189465552, -0.152187964, -0.32575513, 0.403012108, -0.855131021, -0.942749023, -0.205444336, 0.262329102, -0.0700199193, 0.891781989, 0.447138307, 0, 0, 0, 0, 0, 0, 0, 0.400181299, -0.135921729, -0.118117041, -0.114193052, 0.0467720595, -0.992304112, 0.838134766, -0.531616211, -0.121459961, -0.533290462, -0.845568295, 0.0215159129, 0, 1, 3, 1, 
242.853605, 23, 0.1, 0.1, -0.00373590266, 0.330095953, -0.0349706094, 0.944499456, -4.88564577e-006, -0.328512979, 0.328512979, -1.37047737e-005, 0.944499456, -9.1166858e-006, -1, -1.13391532e-005, 0.944499446, -3.34590528e-006, -0.328513007, 0.328513007, 2.01338174e-006, 0.944499446, -2.4987836e-006, -1, 3.00081134e-006, 0, 0, 0, 0, 0, 0, 0, 0.392269043, -0.190568945, -0.152628955, -0.32575513, 0.403012108, -0.855131021, -0.942749023, -0.205444336, 0.262329102, -0.0700199193, 0.891781989, 0.447138307, 0, 0, 0, 0, 0, 0, 0, 0.40031958, -0.136799561, -0.118548389, -0.115209108, 0.0468424219, -0.992233749, 0.837524414, -0.532470703, -0.122314453, -0.53413371, -0.845069929, 0.0220142791, 0, 1, 3, 1, 
242.854301, 23, 0.1, 0.1, -0.00373590072, 0.33009595, -0.0349658326, 0.944499464, 1.44478993e-006, -0.328512957, 0.328512957, 1.00734509e-005, 0.944499464, 4.67386246e-006, -1, 9.03973677e-006, 0.944499469, 9.33060294e-006, -0.328512941, 0.328512941, -3.95637607e-006, 0.944499469, 7.51302879e-006, -1, -6.80201891e-006, 0, 0, 0, 0, 0, 0, 0, 0.392269043, -0.190568945, -0.152628955, -0.32575513, 0.403012108, -0.855131021, -0.942749023, -0.205444336, 0.262329102, -0.0700199193, 0.891781989, 0.447138307, 0, 0, 0, 0, 0, 0, 0, 0.40031958, -0.136799561, -0.118548389, -0.115209108, 0.0468424219, -0.992233749, 0.837524414, -0.532470703, -0.122314453, -0.53413371, -0.845069929, 0.0220142791, 0, 1, 3, 1, 
242.855008, 23, 0.1, 0.1, -0.00373590068, 0.330095953, -0.034962337, 0.944499412, 1.5442142e-005, -0.328513105, 0.328513105, -1.00656493e-005, 0.944499412, 1.12783963e-005, -1, -1.45799459e-005, 0.944499417, 6.52160245e-006, -0.328513092, 0.328513092, 5.73614431e-006, 0.944499417, 8.04404822e-006, -1, 3.27535317e-006, 0, 0, 0, 0, 0, 0, 0, 0.392269043, -0.190568945, -0.152628955, -0.32575513, 0.403012108, -0.855131021, -0.942749023, -0.205444336, 0.262329102, -0.0700199193, 0.891781989, 0.447138307, 0, 0, 0, 0, 0, 0, 0, 0.40031958, -0.136799561, -0.118548389, -0.115209108, 0.0468424219, -0.992233749, 0.837524414, -0.532470703, -0.122314453, -0.53413371, -0.845069929, 0.0220142791, 0, 1, 3, 1, 
242.855714, 23, 0.1, 0.1, -0.00373589764, 0.330095948, -0.0349612045, 0.944499444, 6.38194086e-006, -0.328513014, 0.328513014, 1.2411166e-005, 0.944499444, 1.01049691e-005, -1, 9.62578872e-006, 0.944499433, 2.38645422e-006, -0.328513047, 0.328513047, -8.73847475e-006, 0.944499432, -6.16698307e-007, -1, -9.03746579e-006, 0, 0, 0, 0, 0, 0, 0, 0.392269043, -0.190568945, -0.152628955, -0.32575513, 0.403012108, -0.855131021, -0.942749023, -0.205444336, 0.262329102, -0.0700199193, 0.891781989, 0.447138307, 0, 0, 0, 0, 0, 0, 0, 0.40031958, -0.136799561, -0.118548389, -0.115209108, 0.0468424219, -0.992233749, 0.837524414, -0.532470703, -0.122314453, -0.53413371, -0.845069929, 0.0220142791, 0, 1, 3, 1, 
242.85641, 23, 0.1, 0.1, -0.00373589715, 0.330095953, -0.0349625692, 0.944499458, 3.11682695e-006, -0.328512974, 0.328512974, -7.08785111e-006, 0.944499458, 6.1539032e-007, -1, -7.71838962e-006, 0.944499463, -5.92809445e-006, -0.32851296, 0.32851296, 7.67360944e-006, 0.944499463, -3.07820187e-006, -1, 9.19517585e-006, 0, 0, 0, 0, 0, 0, 0, 0.392269043, -0.190568945, -0.152628955, -0.32575513, 0.403012108, -0.855131021, -0.942749023, -0.205444336, 0.262329102, -0.0700199193, 0.891781989, 0.447138307, 0, 0, 0, 0, 0, 0, 0, 0.40031958, -0.136799561, -0.118548389, -0.115209108, 0.0468424219, -0.992233749, 0.837524414, -0.532470703, -0.122314453, -0.53413371, -0.845069929, 0.0220142791, 0, 1, 3, 1, 
242.857105, 23, 0.1, 0.1, -0.00373589536, 0.33009595, -0.0349658891, 0.944499448, -3.56491683e-006, -0.328513004, 0.328513004, 8.51757427e-006, 0.944499447, -5.68928072e-007, -1, 9.21596573e-006, 0.944499452, 4.06769636e-006, -0.32851299, 0.32851299, -5.41852018e-006, 0.944499452, 2.06188272e-006, -1, -6.45408044e-006, 0, 0, 0, 0, 0, 0, 0, 0.392269043, -0.190568945, -0.152628955, -0.32575513, 0.403012108, -0.855131021, -0.942749023, -0.205444336, 0.262329102, -0.0700199193, 0.891781989, 0.447138307, 0, 0, 0, 0, 0, 0, 0, 0.40031958, -0.136799561, -0.118548389, -0.115209108, 0.0468424219, -0.992233749, 0.837524414, -0.532470703, -0.122314453, -0.53413371, -0.845069929, 0.0220142791, 0, 1, 3, 1, 
242.85782, 23, 0.1, 0.1, -0.00373589771, 0.330095954, -0.0349701344, 0.944499423, -4.83551411e-006, -0.328513076, 0.328513076, -6.85753209e-006, 0.944499423, -6.81992924e-006, -1, -4.88840549e-006, 0.944499433, -1.25539564e-005, -0.328513045, 0.328513046, 4.78926074e-006, 0.944499433, -1.02838701e-005, -1, 8.64759251e-006, 0, 0, 0, 0, 0, 0, 0, 0.392874097, -0.192257251, -0.151200781, -0.322689648, 0.400449113, -0.857550605, -0.943847656, -0.202636719, 0.260620117, -0.0693931166, 0.893547439, 0.443566589, 0, 0, 0, 0, 0, 0, 0, 0.40031958, -0.136799561, -0.118548389, -0.115209108, 0.0468424219, -0.992233749, 0.837524414, -0.532470703, -0.122314453, -0.53413371, -0.845069929, 0.0220142791, 0, 1, 3, 1, 
242.858531, 23, 0.1, 0.1, -0.00373589563, 0.330095952, -0.0349736371, 0.944499346, -5.49149819e-006, -0.328513296, 0.328513296, 5.32609174e-006, 0.944499346, -3.43702449e-006, -1, 6.83452034e-006, 0.944499357, -1.5686493e-007, -0.328513264, 0.328513264, -5.82771214e-006, 0.944499357, -2.06263956e-006, -1, -5.45273816e-006, 0, 0, 0, 0, 0, 0, 0, 0.392874097, -0.192257251, -0.151200781, -0.322689648, 0.400449113, -0.857550605, -0.943847656, -0.202636719, 0.260620117, -0.0693931166, 0.893547439, 0.443566589, 0, 0, 0, 0, 0, 0, 0, 0.400905225, -0.137791895, -0.117443652, -0.11294732, 0.045200402, -0.992514832, 0.837402344, -0.533203125, -0.119506836, -0.534632443, -0.844628799, 0.0223529642, 0, 1, 3, 1, 
242.859229, 23, 0.1, 0.1, -0.00373589429, 0.330095955, -0.034975637, 0.944499332, 3.52079605e-006, -0.328513337, 0.328513337, -4.6361601e-006, 0.944499332, 1.80234909e-006, -1, -5.53547857e-006, 0.944499331, 5.65919638e-006, -0.32851334, 0.32851334, 8.10435466e-006, 0.944499331, 8.00749581e-006, -1, 5.79543605e-006, 0, 0, 0, 0, 0, 0, 0, 0.392874097, -0.192257251, -0.151200781, -0.322689648, 0.400449113, -0.857550605, -0.943847656, -0.202636719, 0.260620117, -0.0693931166, 0.893547439, 0.443566589, 0, 0, 0, 0, 0, 0, 0, 0.400905225, -0.137791895, -0.117443652, -0.11294732, 0.045200402, -0.992514832, 0.837402344, -0.533203125, -0.119506836, -0.534632443, -0.844628799, 0.0223529642, 0, 1, 3, 1, 
242.859928, 23, 0.1, 0.1, -0.00373589618, 0.330095952, -0.0349756937, 0.944499373, -4.32110728e-006, -0.328513218, 0.328513218, 4.94273058e-006, 0.944499373, -2.45753079e-006, -1, 6.08794679e-006, 0.944499363, -8.6609972e-006, -0.328513245, 0.328513245, -7.79327172e-006, 0.944499363, -1.07404993e-005, -1, -4.51548788e-006, 0, 0, 0, 0, 0, 0, 0, 0.392874097, -0.192257251, -0.151200781, -0.322689648, 0.400449113, -0.857550605, -0.943847656, -0.202636719, 0.260620117, -0.0693931166, 0.893547439, 0.443566589, 0, 0, 0, 0, 0, 0, 0, 0.400905225, -0.137791895, -0.117443652, -0.11294732, 0.045200402, -0.992514832, 0.837402344, -0.533203125, -0.119506836, -0.534632443, -0.844628799, 0.0223529642, 0, 1, 3, 1, 
242.860661, 23, 0.1, 0.1, -0.00373589118, 0.330095955, -0.0349736982, 0.944499469, 1.15254606e-005, -0.328512942, 0.328512942, -9.57215354e-006, 0.944499469, 7.74121508e-006, -1, -1.28271569e-005, 0.944499446, 1.52363249e-005, -0.328513008, 0.328513008, 5.87772181e-006, 0.944499446, 1.63216085e-005, -1, 5.46174056e-007, 0, 0, 0, 0, 0, 0, 0, 0.392874097, -0.192257251, -0.151200781, -0.322689648, 0.400449113, -0.857550605, -0.943847656, -0.202636719, 0.260620117, -0.0693931166, 0.893547439, 0.443566589, 0, 0, 0, 0, 0, 0, 0, 0.400905225, -0.137791895, -0.117443652, -0.11294732, 0.045200402, -0.992514832, 0.837402344, -0.533203125, -0.119506836, -0.534632443, -0.844628799, 0.0223529642, 0, 1, 3, 1, 
242.861356, 23, 0.1, 0.1, -0.00373589187, 0.330095951, -0.0349704433, 0.944499612, -2.96035029e-006, -0.328512529, 0.328512529, 7.85381763e-006, 0.944499612, -2.15972205e-007, -1, 8.39043987e-006, 0.944499581, -6.64548703e-006, -0.328512619, 0.328512618, -8.83528544e-006, 0.944499581, -9.17916247e-006, -1, -6.16179706e-006, 0, 0, 0, 0, 0, 0, 0, 0.392874097, -0.192257251, -0.151200781, -0.322689648, 0.400449113, -0.857550605, -0.943847656, -0.202636719, 0.260620117, -0.0693931166, 0.893547439, 0.443566589, 0, 0, 0, 0, 0, 0, 0, 0.400905225, -0.137791895, -0.117443652, -0.11294732, 0.045200402, -0.992514832, 0.837402344, -0.533203125, -0.119506836, -0.534632443, -0.844628799, 0.0223529642, 0, 1, 3, 1, 
242.862057, 23, 0.1, 0.1, -0.00373588683, 0.330095957, -0.0349670615, 0.944499808, 9.60123056e-006, -0.328511966, 0.328511966, -3.91722076e-006, 0.944499808, 7.78150653e-006, -1, -6.85393339e-006, 0.944499769, 1.52161026e-005, -0.328512078, 0.328512078, 1.29603731e-005, 0.94449977, 1.86292445e-005, -1, 7.24239595e-006, 0, 0, 0, 0, 0, 0, 0, 0.392874097, -0.192257251, -0.151200781, -0.322689648, 0.400449113, -0.857550605, -0.943847656, -0.202636719, 0.260620117, -0.0693931166, 0.893547439, 0.443566589, 0, 0, 0, 0, 0, 0, 0, 0.400905225, -0.137791895, -0.117443652, -0.11294732, 0.045200402, -0.992514832, 0.837402344, -0.533203125, -0.119506836, -0.534632443, -0.844628799, 0.0223529642, 0, 1, 3, 1, 
242.862789, 23, 0.1, 0.1, -0.00373589081, 0.330095953, -0.0349643334, 0.944500071, -9.20624209e-006, -0.328511212, 0.328511212, 2.58554472e-006, 0.944500071, -7.84591587e-006, -1, 5.46640091e-006, 0.944500016, -1.76476155e-005, -0.328511369, 0.328511369, -4.75025824e-006, 0.944500016, -1.8228687e-005, -1, 1.31082334e-006, 0, 0, 0, 0, 0, 0, 0, 0.393343896, -0.192764771, -0.149907349, -0.322087933, 0.399243439, -0.858407681, -0.943847656, -0.204345703, 0.259155273, -0.0718366657, 0.893738399, 0.442837193, 0, 0, 0, 0, 0, 0, 0, 0.401748535, -0.137888818, -0.11635918, -0.11112593, 0.0442736653, -0.992827998, 0.839355469, -0.530639648, -0.117553711, -0.532108896, -0.846321858, 0.0218290784, 0, 1, 3, 1, 
242.863503, 23, 0.1, 0.1, -0.00373588555, 0.330095954, -0.034963086, 0.944500375, 7.67314443e-007, -0.328510337, 0.328510337, 8.5671599e-006, 0.944500375, 3.53912937e-006, -1, 7.83961501e-006, 0.944500316, 1.57355504e-005, -0.328510508, 0.328510508, 2.06794592e-006, 0.944500316, 1.55415743e-005, -1, -3.21611809e-006, 0, 0, 0, 0, 0, 0, 0, 0.393343896, -0.192764771, -0.149907349, -0.322087933, 0.399243439, -0.858407681, -0.943847656, -0.204345703, 0.259155273, -0.0718366657, 0.893738399, 0.442837193, 0, 0, 0, 0, 0, 0, 0, 0.401748535, -0.137888818, -0.11635918, -0.11112593, 0.0442736653, -0.992827998, 0.839355469, -0.530639648, -0.117553711, -0.532108896, -0.846321858, 0.0218290784, 0, 1, 3, 1, 
242.864197, 23, 0.1, 0.1, -0.00373589207, 0.330095953, -0.0349638076, 0.944500575, -1.18324971e-005, -0.328509761, 0.328509761, -3.03749717e-006, 0.944500575, -1.21736478e-005, -1, 1.01817297e-006, 0.944500543, -2.07300814e-005, -0.328509853, 0.328509853, -1.02034469e-005, 0.944500543, -2.2931506e-005, -1, -2.82712518e-006, 0, 0, 0, 0, 0, 0, 0, 0.393343896, -0.192764771, -0.149907349, -0.322087933, 0.399243439, -0.858407681, -0.943847656, -0.204345703, 0.259155273, -0.0718366657, 0.893738399, 0.442837193, 0, 0, 0, 0, 0, 0, 0, 0.401748535, -0.137888818, -0.11635918, -0.11112593, 0.0442736653, -0.992827998, 0.839355469, -0.530639648, -0.117553711, -0.532108896, -0.846321858, 0.0218290784, 0, 1, 3, 1, 
242.864895, 23, 0.1, 0.1, -0.00373588775, 0.330095955, -0.0349662281, 0.944500734, 4.95148034e-006, -0.328509304, 0.328509304, 2.34240478e-006, 0.944500734, 5.44617858e-006, -1, 5.85795676e-007, 0.944500706, 1.30203428e-005, -0.328509384, 0.328509384, 7.82228753e-006, 0.944500706, 1.48674178e-005, -1, 3.11085131e-006, 0, 0, 0, 0, 0, 0, 0, 0.393343896, -0.192764771, -0.149907349, -0.322087933, 0.399243439, -0.858407681, -0.943847656, -0.204345703, 0.259155273, -0.0718366657, 0.893738399, 0.442837193, 0, 0, 0, 0, 0, 0, 0, 0.401748535, -0.137888818, -0.11635918, -0.11112593, 0.0442736653, -0.992827998, 0.839355469, -0.530639648, -0.117553711, -0.532108896, -0.846321858, 0.0218290784, 0, 1, 3, 1, 
242.865595, 23, 0.1, 0.1, -0.00373589148, 0.330095952, -0.0349694957, 0.944500874, -8.01239135e-006, -0.328508902, 0.328508902, 1.9088606e-006, 0.944500874, -6.94063293e-006, -1, 4.4350624e-006, 0.944500842, -1.60845862e-005, -0.328508995, 0.328508995, -4.00209914e-006, 0.944500842, -1.65066308e-005, -1, 1.50394524e-006, 0, 0, 0, 0, 0, 0, 0, 0.393343896, -0.192764771, -0.149907349, -0.322087933, 0.399243439, -0.858407681, -0.943847656, -0.204345703, 0.259155273, -0.0718366657, 0.893738399, 0.442837193, 0, 0, 0, 0, 0, 0, 0, 0.401748535, -0.137888818, -0.11635918, -0.11112593, 0.0442736653, -0.992827998, 0.839355469, -0.530639648, -0.117553711, -0.532108896, -0.846321858, 0.0218290784, 0, 1, 3, 1, 
242.86629, 23, 0.1, 0.1, -0.00373588623, 0.330095953, -0.0349725476, 0.944501058, 7.21046605e-006, -0.328508374, 0.328508374, 4.89261502e-006, 0.944501058, 8.41755781e-006, -1, 2.25238158e-006, 0.944501022, 1.69437878e-005, -0.328508478, 0.328508478, 4.69752284e-007, 0.944501022, 1.61577425e-005, -1, -5.12249644e-006, 0, 0, 0, 0, 0, 0, 0, 0.393343896, -0.192764771, -0.149907349, -0.322087933, 0.399243439, -0.858407681, -0.943847656, -0.204345703, 0.259155273, -0.0718366657, 0.893738399, 0.442837193, 0, 0, 0, 0, 0, 0, 0, 0.401748535, -0.137888818, -0.11635918, -0.11112593, 0.0442736653, -0.992827998, 0.839355469, -0.530639648, -0.117553711, -0.532108896, -0.846321858, 0.0218290784, 0, 1, 3, 1, 
242.86699, 23, 0.1, 0.1, -0.00373588828, 0.330095952, -0.0349745408, 0.944501177, -1.40286003e-006, -0.328508032, 0.328508032, -5.07614165e-006, 0.944501177, -2.99255625e-006, -1, -4.33357097e-006, 0.944501158, -7.6025672e-006, -0.328508085, 0.328508085, -9.83869009e-006, 0.944501158, -1.04127228e-005, -1, -6.7951494e-006, 0, 0, 0, 0, 0, 0, 0, 0.393343896, -0.192764771, -0.149907349, -0.322087933, 0.399243439, -0.858407681, -0.943847656, -0.204345703, 0.259155273, -0.0718366657, 0.893738399, 0.442837193, 0, 0, 0, 0, 0, 0, 0, 0.401748535, -0.137888818, -0.11635918, -0.11112593, 0.0442736653, -0.992827998, 0.839355469, -0.530639648, -0.117553711, -0.532108896, -0.846321858, 0.0218290784, 0, 1, 3, 1, 
242.867717, 23, 0.1, 0.1, -0.00373588358, 0.330095954, -0.0349747347, 0.944501273, 7.1411347e-006, -0.328507756, 0.328507756, -3.41934139e-006, 0.944501273, 5.62153064e-006, -1, -5.57549043e-006, 0.944501251, 1.40407632e-005, -0.328507817, 0.328507817, 6.86780164e-007, 0.944501251, 1.34871311e-005, -1, -3.96383575e-006, 0, 0, 0, 0, 0, 0, 0, 0.393846045, -0.19416123, -0.148843872, -0.320958643, 0.398095053, -0.859360238, -0.944213867, -0.203979492, 0.258178711, -0.0725098954, 0.894291061, 0.44150496, 0, 0, 0, 0, 0, 0, 0, 0.402058203, -0.138649854, -0.115246143, -0.109937433, 0.0429382477, -0.992987679, 0.83972168, -0.530395508, -0.115844727, -0.531738494, -0.846462216, 0.0221805233, 0, 1, 3, 1, 
242.86841, 23, 0.1, 0.1, -0.00373588672, 0.330095954, -0.0349732758, 0.944501404, -3.22087178e-006, -0.328507378, 0.328507378, -3.05699276e-006, 0.944501404, -4.04636259e-006, -1, -1.82925381e-006, 0.944501378, -1.30634937e-005, -0.328507454, 0.328507454, 7.13045288e-007, 0.944501378, -1.21042471e-005, -1, 4.9649273e-006, 0, 0, 0, 0, 0, 0, 0, 0.393846045, -0.19416123, -0.148843872, -0.320958643, 0.398095053, -0.859360238, -0.944213867, -0.203979492, 0.258178711, -0.0725098954, 0.894291061, 0.44150496, 0, 0, 0, 0, 0, 0, 0, 0.402058203, -0.138649854, -0.115246143, -0.109937433, 0.0429382477, -0.992987679, 0.83972168, -0.530395508, -0.115844727, -0.531738494, -0.846462216, 0.0221805233, 0, 1, 3, 1, 
242.869112, 23, 0.1, 0.1, -0.00373588274, 0.330095956, -0.0349707945, 0.944501477, 1.43176928e-006, -0.328507168, 0.328507168, 8.18624414e-006, 0.944501477, 4.04154807e-006, -1, 7.26157321e-006, 0.944501469, 9.30620183e-006, -0.328507193, 0.328507193, 1.37822668e-005, 0.944501469, 1.33172951e-005, -1, 9.96021695e-006, 0, 0, 0, 0, 0, 0, 0, 0.393846045, -0.19416123, -0.148843872, -0.320958643, 0.398095053, -0.859360238, -0.944213867, -0.203979492, 0.258178711, -0.0725098954, 0.894291061, 0.44150496, 0, 0, 0, 0, 0, 0, 0, 0.402058203, -0.138649854, -0.115246143, -0.109937433, 0.0429382477, -0.992987679, 0.83972168, -0.530395508, -0.115844727, -0.531738494, -0.846462216, 0.0221805233, 0, 1, 3, 1, 
242.869897, 23, 0.1, 0.1, -0.00373588807, 0.330095956, -0.0349671878, 0.944501536, -8.39611965e-006, -0.328507, 0.328507, 9.67505553e-006, 0.944501536, -4.75182444e-006, -1, 1.18962889e-005, 0.944501518, -1.8676681e-005, -0.328507051, 0.328507051, 3.49771896e-006, 0.944501518, -1.64911282e-005, -1, 9.43902227e-006, 0, 0, 0, 0, 0, 0, 0, 0.393750464, -0.195106445, -0.148385791, -0.322824442, 0.397048138, -0.859094016, -0.943603516, -0.204711914, 0.260009766, -0.0725851577, 0.89470406, 0.440844835, 0, 0, 0, 0, 0, 0, 0, 0.402058203, -0.138649854, -0.115246143, -0.110160913, 0.0407912984, -0.993070434, 0.840332031, -0.529785156, -0.114868164, -0.530780041, -0.847056098, 0.0241357087, 0, 1, 3, 1, 
242.870632, 23, 0.1, 0.1, -0.00373588185, 0.330095958, -0.0349638371, 0.944501662, 4.0725209e-006, -0.328506636, 0.328506636, 6.63536776e-006, 0.944501662, 6.0262651e-006, -1, 4.92926574e-006, 0.944501636, 1.81592362e-005, -0.32850671, 0.32850671, 1.88251069e-006, 0.944501637, 1.77698457e-005, -1, -4.18739653e-006, 0, 0, 0, 0, 0, 0, 0, 0.393750464, -0.195106445, -0.148385791, -0.322824442, 0.397048138, -0.859094016, -0.943603516, -0.204711914, 0.260009766, -0.0725851577, 0.89470406, 0.440844835, 0, 0, 0, 0, 0, 0, 0, 0.402063574, -0.139474121, -0.114540771, -0.110160913, 0.0407912984, -0.993070434, 0.840332031, -0.529785156, -0.114868164, -0.530780041, -0.847056098, 0.0241357087, 0, 1, 3, 1, 
242.871328, 23, 0.1, 0.1, -0.00373588681, 0.330095955, -0.0349624312, 0.944501711, -6.10305495e-006, -0.328506496, 0.328506496, -1.07955322e-005, 0.944501711, -9.3107483e-006, -1, -8.19150543e-006, 0.944501708, -1.57102366e-005, -0.328506505, 0.328506505, -1.74504394e-005, 0.944501708, -2.05709282e-005, -1, -1.13210549e-005, 0, 0, 0, 0, 0, 0, 0, 0.393750464, -0.195106445, -0.148385791, -0.322824442, 0.397048138, -0.859094016, -0.943603516, -0.204711914, 0.260009766, -0.0725851577, 0.89470406, 0.440844835, 0, 0, 0, 0, 0, 0, 0, 0.402063574, -0.139474121, -0.114540771, -0.110160913, 0.0407912984, -0.993070434, 0.840332031, -0.529785156, -0.114868164, -0.530780041, -0.847056098, 0.0241357087, 0, 1, 3, 1, 
242.872028, 23, 0.1, 0.1, -0.00373588106, 0.330095956, -0.0349631997, 0.944501734, 1.05478435e-005, -0.328506429, 0.328506429, -8.83745816e-006, 0.944501734, 7.0592947e-006, -1, -1.1812029e-005, 0.944501724, 1.97889106e-005, -0.328506459, 0.328506459, -2.37540767e-006, 0.944501724, 1.79103234e-005, -1, -8.7443616e-006, 0, 0, 0, 0, 0, 0, 0, 0.393750464, -0.195106445, -0.148385791, -0.322824442, 0.397048138, -0.859094016, -0.943603516, -0.204711914, 0.260009766, -0.0725851577, 0.89470406, 0.440844835, 0, 0, 0, 0, 0, 0, 0, 0.402063574, -0.139474121, -0.114540771, -0.110160913, 0.0407912984, -0.993070434, 0.840332031, -0.529785156, -0.114868164, -0.530780041, -0.847056098, 0.0241357087, 0, 1, 3, 1, 
242.872729, 23, 0.1, 0.1, -0.00373588552, 0.330095954, -0.0349658257, 0.94450183, -5.0304194e-006, -0.328506154, 0.328506154, -8.44748997e-006, 0.94450183, -7.52629276e-006, -1, -6.326146e-006, 0.94450181, -1.75351419e-005, -0.328506211, 0.328506211, -3.69176811e-006, 0.94450181, -1.7774742e-005, -1, 2.27352136e-006, 0, 0, 0, 0, 0, 0, 0, 0.393750464, -0.195106445, -0.148385791, -0.322824442, 0.397048138, -0.859094016, -0.943603516, -0.204711914, 0.260009766, -0.0725851577, 0.89470406, 0.440844835, 0, 0, 0, 0, 0, 0, 0, 0.402063574, -0.139474121, -0.114540771, -0.110160913, 0.0407912984, -0.993070434, 0.840332031, -0.529785156, -0.114868164, -0.530780041, -0.847056098, 0.0241357087, 0, 1, 3, 1, 
242.873424, 23, 0.1, 0.1, -0.00373588018, 0.330095956, -0.0349693489, 0.944501861, 7.26958223e-006, -0.328506064, 0.328506064, 7.72125439e-006, 0.944501861, 9.40261284e-006, -1, 4.9046373e-006, 0.94450186, 1.46378175e-005, -0.328506066, 0.328506066, 1.26348886e-005, 0.944501861, 1.79760834e-005, -1, 7.1250639e-006, 0, 0, 0, 0, 0, 0, 0, 0.393750464, -0.195106445, -0.148385791, -0.322824442, 0.397048138, -0.859094016, -0.943603516, -0.204711914, 0.260009766, -0.0725851577, 0.89470406, 0.440844835, 0, 0, 0, 0, 0, 0, 0, 0.402063574, -0.139474121, -0.114540771, -0.110160913, 0.0407912984, -0.993070434, 0.840332031, -0.529785156, -0.114868164, -0.530780041, -0.847056098, 0.0241357087, 0, 1, 3, 1, 
242.874124, 23, 0.1, 0.1, -0.00373588304, 0.330095956, -0.0349727164, 0.944501872, -6.74599495e-006, -0.328506033, 0.328506033, 6.21825758e-006, 0.944501872, -4.32886973e-006, -1, 8.08925597e-006, 0.944501865, -1.33289609e-005, -0.328506052, 0.328506052, 1.26662057e-006, 0.944501865, -1.21731359e-005, -1, 5.5749698e-006, 0, 0, 0, 0, 0, 0, 0, 0.393750464, -0.195106445, -0.148385791, -0.322824442, 0.397048138, -0.859094016, -0.943603516, -0.204711914, 0.260009766, -0.0725851577, 0.89470406, 0.440844835, 0, 0, 0, 0, 0, 0, 0, 0.402063574, -0.139474121, -0.114540771, -0.110160913, 0.0407912984, -0.993070434, 0.840332031, -0.529785156, -0.114868164, -0.530780041, -0.847056098, 0.0241357087, 0, 1, 3, 1, 
242.874886, 23, 0.1, 0.1, -0.00373587813, 0.330095957, -0.0349746025, 0.944501943, 4.16860732e-006, -0.328505828, 0.328505828, 6.52305958e-006, 0.944501943, 6.08012081e-006, -1, 4.79163065e-006, 0.944501929, 1.36689377e-005, -0.328505868, 0.328505868, 2.80025412e-006, 0.944501929, 1.38302379e-005, -1, -1.84548082e-006, 0, 0, 0, 0, 0, 0, 0, 0.393903882, -0.196293213, -0.147951392, -0.324188876, 0.395639521, -0.85926588, -0.943115234, -0.204956055, 0.261474609, -0.0726162365, 0.895174347, 0.439759728, 0, 0, 0, 0, 0, 0, 0, 0.40220918, -0.140263477, -0.114042041, -0.11159841, 0.0391171956, -0.992910387, 0.840576172, -0.529174805, -0.115356445, -0.529949187, -0.847477538, 0.0261164138, 0, 1, 3, 1, 
242.875587, 23, 0.1, 0.1, -0.00373588099, 0.330095956, -0.0349743948, 0.944501959, -3.18277602e-006, -0.328505782, 0.328505782, -4.34590626e-006, 0.944501959, -4.43379352e-006, -1, -3.05915665e-006, 0.94450196, -9.71511514e-006, -0.328505779, 0.328505779, -9.08991242e-006, 0.94450196, -1.21620341e-005, -1, -5.39396864e-006, 0, 0, 0, 0, 0, 0, 0, 0.393903882, -0.196293213, -0.147951392, -0.324188876, 0.395639521, -0.85926588, -0.943115234, -0.204956055, 0.261474609, -0.0726162365, 0.895174347, 0.439759728, 0, 0, 0, 0, 0, 0, 0, 0.40220918, -0.140263477, -0.114042041, -0.11159841, 0.0391171956, -0.992910387, 0.840576172, -0.529174805, -0.115356445, -0.529949187, -0.847477538, 0.0261164138, 0, 1, 3, 1, 
242.876283, 23, 0.1, 0.1, -0.00373587715, 0.330095958, -0.0349727628, 0.944501961, 5.17619379e-006, -0.328505777, 0.328505777, -4.77597753e-006, 0.944501961, 3.31998897e-006, -1, -6.2113297e-006, 0.944501956, 1.25215439e-005, -0.328505791, 0.328505791, 2.25949659e-008, 0.944501956, 1.18340453e-005, -1, -4.09205869e-006, 0, 0, 0, 0, 0, 0, 0, 0.393903882, -0.196293213, -0.147951392, -0.324188876, 0.395639521, -0.85926588, -0.943115234, -0.204956055, 0.261474609, -0.0726162365, 0.895174347, 0.439759728, 0, 0, 0, 0, 0, 0, 0, 0.40220918, -0.140263477, -0.114042041, -0.11159841, 0.0391171956, -0.992910387, 0.840576172, -0.529174805, -0.115356445, -0.529949187, -0.847477538, 0.0261164138, 0, 1, 3, 1, 
242.877009, 23, 0.1, 0.1, -0.00373588196, 0.330095957, -0.0349699329, 0.944502025, -5.23762706e-006, -0.328505592, 0.328505592, -4.164885e-006, 0.944502025, -6.31513738e-006, -1, -2.21315254e-006, 0.944502012, -1.69300685e-005, -0.328505631, 0.328505632, 1.74769226e-007, 0.944502012, -1.59330711e-005, -1, 5.72669274e-006, 0, 0, 0, 0, 0, 0, 0, 0.393903882, -0.196293213, -0.147951392, -0.324188876, 0.395639521, -0.85926588, -0.943115234, -0.204956055, 0.261474609, -0.0726162365, 0.895174347, 0.439759728, 0, 0, 0, 0, 0, 0, 0, 0.40220918, -0.140263477, -0.114042041, -0.11159841, 0.0391171956, -0.992910387, 0.840576172, -0.529174805, -0.115356445, -0.529949187, -0.847477538, 0.0261164138, 0, 1, 3, 1, 
242.877709, 23, 0.1, 0.1, -0.00373587769, 0.33009596, -0.0349672135, 0.944502031, 2.48672497e-006, -0.328505576, 0.328505576, 8.19732591e-006, 0.944502031, 5.04158405e-006, -1, 6.92548796e-006, 0.944502035, 1.07530889e-005, -0.328505564, 0.328505564, 1.44993036e-005, 0.944502035, 1.49194163e-005, -1, 1.01621722e-005, 0, 0, 0, 0, 0, 0, 0, 0.393903882, -0.196293213, -0.147951392, -0.324188876, 0.395639521, -0.85926588, -0.943115234, -0.204956055, 0.261474609, -0.0726162365, 0.895174347, 0.439759728, 0, 0, 0, 0, 0, 0, 0, 0.40220918, -0.140263477, -0.114042041, -0.11159841, 0.0391171956, -0.992910387, 0.840576172, -0.529174805, -0.115356445, -0.529949187, -0.847477538, 0.0261164138, 0, 1, 3, 1, 
242.878402, 23, 0.1, 0.1, -0.0037358821, 0.330095959, -0.0349654007, 0.94450202, -8.14967613e-006, -0.328505606, 0.328505606, 6.23818349e-006, 0.94450202, -5.64810733e-006, -1, 8.56919121e-006, 0.944502017, -1.75542801e-005, -0.328505615, 0.328505615, 5.15536788e-007, 0.944502017, -1.64106962e-005, -1, 6.25360511e-006, 0, 0, 0, 0, 0, 0, 0, 0.393903882, -0.196293213, -0.147951392, -0.324188876, 0.395639521, -0.85926588, -0.943115234, -0.204956055, 0.261474609, -0.0726162365, 0.895174347, 0.439759728, 0, 0, 0, 0, 0, 0, 0, 0.40220918, -0.140263477, -0.114042041, -0.11159841, 0.0391171956, -0.992910387, 0.840576172, -0.529174805, -0.115356445, -0.529949187, -0.847477538, 0.0261164138, 0, 1, 3, 1, 
