time, trialNum, realDorsalTactorPos, realVentralTactorPos, boxPosX, boxPosY, boxPosZ, boxLocalRot_11, boxLocalRot_12, boxLocalRot_13, boxLocalRot_21, boxLocalRot_22, boxLocalRot_23, boxLocalRot_31, boxLocalRot_32, boxLocalRot_33, boxGlobalRot_11, boxGlobalRot_12, boxGlobalRot_13, boxGlobalRot_21, boxGlobalRot_22, boxGlobalRot_23, boxGlobalRot_31, boxGlobalRot_32, boxGlobalRot_33, indexForceX, indexForceY, indexForceZ, indexForceGlobalX, indexForceGlobalY, indexForceGlobalZ, indexContact, indexPosX, indexPosY, indexPosZ, indexRot_11, indexRot_12, indexRot_13, indexRot_21, indexRot_22, indexRot_23, indexRot_31, indexRot_32, indexRot_33, thumbForceX, thumbForceY, thumbForceZ, thumbForceGlobalX, thumbForceGlobalY, thumbForceGlobalZ, thumbContact, thumbPosX, thumbPosY, thumbPosZ, thumbRot_11, thumbRot_12, thumbRot_13, thumbRot_21, thumbRot_22, thumbRot_23, thumbRot_31, thumbRot_32, thumbRot_33, manipForceTooHigh, cceExpType, mapping, trialSuccess, 
302.414201, 29, 0.1, 0.1, 0.0186181421, 0.352547328, -0.0349811635, 0.894020992, -0.448025072, 3.59320735e-005, 0.448025072, 0.894020992, 4.74970573e-006, -3.42520153e-005, 1.18521332e-005, 0.999999999, 0.894020971, -0.448025113, 4.00200403e-005, 0.448025113, 0.894020972, 2.64695962e-006, -3.69646597e-005, 1.55635457e-005, 0.999999999, 0, 0, 0, 0, 0, 0, 0, 0.374388574, -0.152861377, -0.156818701, -0.386943696, 0.563816877, -0.729637593, -0.87512207, 0.0246582031, 0.483154297, 0.290425307, 0.825527677, 0.48411439, 0, 0, -0, 0, 0, 0, 0, 0.435361816, -0.104938574, -0.120117676, 0.00180385993, 0.368774991, -0.929469299, 0.472412109, -0.819458008, -0.32421875, -0.881348549, -0.438463843, -0.175755523, 0, 1, 5, 1, 
302.42483, 29, 0.1, 0.1, 0.0186181572, 0.352547316, -0.0349606773, 0.894021068, -0.448024921, 1.90044e-005, 0.448024921, 0.894021068, 3.75744739e-008, -1.70071683e-005, 8.48085243e-006, 1, 0.894021035, -0.448024987, 1.18563881e-005, 0.448024987, 0.894021035, 1.28721003e-005, -1.63668829e-005, -6.19597032e-006, 1, 0, 0, 0, 0, 0, 0, 0, 0.375542212, -0.157366553, -0.155015942, -0.394719543, 0.553888408, -0.733113448, -0.872924805, 0.0227050781, 0.487182617, 0.286589611, 0.832291053, 0.474653965, 0, 0, -0, 0, 0, 0, 0, 0.43559209, -0.108421045, -0.119896875, -0.00628447135, 0.363572213, -0.931468227, 0.480712891, -0.815673828, -0.321655273, -0.876797988, -0.449689293, -0.169582998, 0, 1, 5, 1, 
302.425549, 29, 0.1, 0.1, 0.0186181563, 0.352547318, -0.0349656165, 0.894021313, -0.448024432, -5.64382597e-006, 0.448024432, 0.894021313, 1.02816802e-005, 4.39256754e-007, -1.17206132e-005, 1, 0.894021257, -0.448024545, -8.93972549e-006, 0.448024545, 0.894021257, 1.65539263e-006, 7.25064809e-006, -5.48517264e-006, 1, 0, 0, 0, 0, 0, 0, 0, 0.375270728, -0.157067407, -0.155213916, -0.399829802, 0.550881336, -0.732517724, -0.871704102, 0.0183105469, 0.489624023, 0.283196871, 0.834374022, 0.472952916, 0, 0, -0, 0, 0, 0, 0, 0.43559209, -0.108421045, -0.119896875, -0.0100985936, 0.362069818, -0.932062109, 0.484985352, -0.813232422, -0.321166992, -0.874375786, -0.45524788, -0.167436049, 0, 1, 5, 1, 
302.426258, 29, 0.1, 0.1, 0.0186181517, 0.352547317, -0.0349711382, 0.894021651, -0.448023757, 4.66886797e-006, 0.448023757, 0.894021651, -8.54650951e-006, -3.45029748e-007, 9.73252831e-006, 1, 0.894021574, -0.448023911, 1.49832924e-005, 0.448023911, 0.894021574, -3.58258989e-006, -1.17903007e-005, 9.91578591e-006, 1, 0, 0, 0, 0, 0, 0, 0, 0.375270728, -0.157067407, -0.155213916, -0.399829802, 0.550881336, -0.732517724, -0.871704102, 0.0183105469, 0.489624023, 0.283196871, 0.834374022, 0.472952916, 0, 0, -0, 0, 0, 0, 0, 0.435613916, -0.108414111, -0.119891016, -0.0100985936, 0.362069818, -0.932062109, 0.484985352, -0.813232422, -0.321166992, -0.874375786, -0.45524788, -0.167436049, 0, 1, 5, 1, 
302.426958, 29, 0.1, 0.1, 0.0186181596, 0.352547319, -0.0349756867, 0.894022053, -0.448022955, -2.33046466e-005, 0.448022955, 0.894022053, -3.98507656e-006, 2.26202738e-005, -6.87827031e-006, 1, 0.894021974, -0.448023112, -3.01797962e-005, 0.448023112, 0.894021975, -3.207315e-006, 2.84183522e-005, -1.06538361e-005, 1, 0, 0, 0, 0, 0, 0, 0, 0.375270728, -0.157067407, -0.155213916, -0.399829802, 0.550881336, -0.732517724, -0.871704102, 0.0183105469, 0.489624023, 0.283196871, 0.834374022, 0.472952916, 0, 0, -0, 0, 0, 0, 0, 0.435613916, -0.108414111, -0.119891016, -0.0100985936, 0.362069818, -0.932062109, 0.484985352, -0.813232422, -0.321166992, -0.874375786, -0.45524788, -0.167436049, 0, 1, 5, 1, 
302.427686, 29, 0.1, 0.1, 0.018618156, 0.352547318, -0.034977969, 0.894022387, -0.448022288, 1.58780307e-005, 0.448022288, 0.894022387, 9.61181275e-006, -1.85016212e-005, -1.47946415e-006, 1, 0.894022333, -0.448022397, 1.56952002e-005, 0.448022397, 0.894022333, 8.89920445e-006, -1.80189024e-005, -9.24286301e-007, 1, 0, 0, 0, 0, 0, 0, 0, 0.375270728, -0.157067407, -0.155213916, -0.399829802, 0.550881336, -0.732517724, -0.871704102, 0.0183105469, 0.489624023, 0.283196871, 0.834374022, 0.472952916, 0, 0, -0, 0, 0, 0, 0, 0.435613916, -0.108414111, -0.119891016, -0.0100985936, 0.362069818, -0.932062109, 0.484985352, -0.813232422, -0.321166992, -0.874375786, -0.45524788, -0.167436049, 0, 1, 5, 1, 
302.428406, 29, 0.1, 0.1, 0.0186181561, 0.352547318, -0.0349773285, 0.894022662, -0.44802174, -1.25718546e-005, 0.44802174, 0.894022662, -5.94311334e-006, 1.39021669e-005, -3.19186176e-007, 1, 0.894022608, -0.448021847, -1.18901656e-005, 0.448021847, 0.894022608, -1.44675066e-006, 1.12782528e-005, -4.03362616e-006, 1, 0, 0, 0, 0, 0, 0, 0, 0.375270728, -0.157067407, -0.155213916, -0.399829802, 0.550881336, -0.732517724, -0.871704102, 0.0183105469, 0.489624023, 0.283196871, 0.834374022, 0.472952916, 0, 0, -0, 0, 0, 0, 0, 0.435613916, -0.108414111, -0.119891016, -0.0100985936, 0.362069818, -0.932062109, 0.484985352, -0.813232422, -0.321166992, -0.874375786, -0.45524788, -0.167436049, 0, 1, 5, 1, 
302.429133, 29, 0.1, 0.1, 0.018618154, 0.35254732, -0.0349738055, 0.894022843, -0.448021379, 6.80181518e-006, 0.448021379, 0.894022843, 1.28537216e-005, -1.18397202e-005, -8.44416209e-006, 1, 0.89402282, -0.448021424, 1.13216749e-005, 0.448021424, 0.89402282, 2.88745689e-006, -1.14154783e-005, 2.49090056e-006, 1, 0, 0, 0, 0, 0, 0, 0, 0.375270728, -0.157067407, -0.155213916, -0.399829802, 0.550881336, -0.732517724, -0.871704102, 0.0183105469, 0.489624023, 0.283196871, 0.834374022, 0.472952916, 0, 0, -0, 0, 0, 0, 0, 0.435613916, -0.108414111, -0.119891016, -0.0100985936, 0.362069818, -0.932062109, 0.484985352, -0.813232422, -0.321166992, -0.874375786, -0.45524788, -0.167436049, 0, 1, 5, 1, 
302.429841, 29, 0.1, 0.1, 0.0186181546, 0.352547318, -0.0349692087, 0.894022885, -0.448021295, 4.80153421e-006, 0.448021295, 0.894022885, -4.22682865e-006, -2.39897222e-006, 5.93007112e-006, 1, 0.894022886, -0.448021293, -3.53010355e-006, 0.448021293, 0.894022886, -3.2678885e-006, 4.62007699e-006, 1.34000556e-006, 1, 0, 0, 0, 0, 0, 0, 0, 0.375270728, -0.157067407, -0.155213916, -0.399829802, 0.550881336, -0.732517724, -0.871704102, 0.0183105469, 0.489624023, 0.283196871, 0.834374022, 0.472952916, 0, 0, -0, 0, 0, 0, 0, 0.435613916, -0.108414111, -0.119891016, -0.0100985936, 0.362069818, -0.932062109, 0.484985352, -0.813232422, -0.321166992, -0.874375786, -0.45524788, -0.167436049, 0, 1, 5, 1, 
302.430578, 29, 0.1, 0.1, 0.0186181541, 0.352547319, -0.0349645717, 0.894022873, -0.448021319, -1.8266162e-006, 0.448021319, 0.894022873, -2.66509167e-006, 2.82705455e-006, 1.56428991e-006, 1, 0.894022875, -0.448021315, -2.99554318e-006, 0.448021315, 0.894022875, -4.44748352e-006, 4.67065154e-006, 2.63408481e-006, 1, 0, 0, 0, 0, 0, 0, 0, 0.375691309, -0.158102954, -0.155199512, -0.40452107, 0.547975735, -0.732144039, -0.870483398, 0.0144042969, 0.491699219, 0.280108544, 0.836317327, 0.471410627, 0, 0, -0, 0, 0, 0, 0, 0.436118604, -0.109271582, -0.119880273, -0.0132674284, 0.360720907, -0.932509069, 0.488647461, -0.811279297, -0.320678711, -0.87225399, -0.459931136, -0.165519143, 0, 1, 5, 1, 
302.431284, 29, 0.1, 0.1, 0.0186181536, 0.35254732, -0.0349615879, 0.894022865, -0.448021336, -5.87444548e-006, 0.448021336, 0.894022865, -2.23500674e-005, 1.52651956e-005, 1.73495944e-005, 1, 0.894022866, -0.448021333, -3.83131341e-006, 0.448021333, 0.894022866, -1.55379489e-005, 1.03866144e-005, 1.21747715e-005, 1, 0, 0, 0, 0, 0, 0, 0, 0.375691309, -0.158102954, -0.155199512, -0.40452107, 0.547975735, -0.732144039, -0.870483398, 0.0144042969, 0.491699219, 0.280108544, 0.836317327, 0.471410627, 0, 0, -0, 0, 0, 0, 0, 0.436118604, -0.109271582, -0.119880273, -0.0132674284, 0.360720907, -0.932509069, 0.488647461, -0.811279297, -0.320678711, -0.87225399, -0.459931136, -0.165519143, 0, 1, 5, 1, 
302.431985, 29, 0.1, 0.1, 0.0186181519, 0.352547318, -0.0349610691, 0.89402286, -0.448021346, 8.73647079e-006, 0.448021345, 0.89402286, 2.71323371e-005, -1.99664708e-005, -2.03428042e-005, 1, 0.894022861, -0.448021343, 8.59046622e-006, 0.448021343, 0.894022861, 2.59125937e-005, -1.92894682e-005, -1.93177389e-005, 1, 0, 0, 0, 0, 0, 0, 0, 0.375691309, -0.158102954, -0.155199512, -0.40452107, 0.547975735, -0.732144039, -0.870483398, 0.0144042969, 0.491699219, 0.280108544, 0.836317327, 0.471410627, 0, 0, -0, 0, 0, 0, 0, 0.436118604, -0.109271582, -0.119880273, -0.0132674284, 0.360720907, -0.932509069, 0.488647461, -0.811279297, -0.320678711, -0.87225399, -0.459931136, -0.165519143, 0, 1, 5, 1, 
302.432688, 29, 0.1, 0.1, 0.0186181533, 0.352547324, -0.0349629871, 0.894022856, -0.448021353, -1.55074865e-005, 0.448021351, 0.894022856, -4.64748757e-005, 3.4685784e-005, 3.46019161e-005, 0.999999999, 0.894022856, -0.448021352, -1.3062808e-005, 0.448021351, 0.894022856, -4.08747301e-005, 2.99912007e-005, 3.06905261e-005, 0.999999999, 0, 0, 0, 0, 0, 0, 0, 0.375691309, -0.158102954, -0.155199512, -0.40452107, 0.547975735, -0.732144039, -0.870483398, 0.0144042969, 0.491699219, 0.280108544, 0.836317327, 0.471410627, 0, 0, -0, 0, 0, 0, 0, 0.436118604, -0.109271582, -0.119880273, -0.0132674284, 0.360720907, -0.932509069, 0.488647461, -0.811279297, -0.320678711, -0.87225399, -0.459931136, -0.165519143, 0, 1, 5, 1, 
302.433393, 29, 0.1, 0.1, 0.0186181534, 0.352547326, -0.0349666696, 0.894022857, -0.448021352, 1.23498096e-005, 0.448021351, 0.894022856, 3.76229793e-005, -2.78969101e-005, -2.8102825e-005, 0.999999999, 0.894022856, -0.448021352, 5.57276795e-006, 0.448021352, 0.894022856, 1.82353741e-005, -1.31520189e-005, -1.38061222e-005, 1, 0, 0, 0, 0, 0, 0, 0, 0.375691309, -0.158102954, -0.155199512, -0.40452107, 0.547975735, -0.732144039, -0.870483398, 0.0144042969, 0.491699219, 0.280108544, 0.836317327, 0.471410627, 0, 0, -0, 0, 0, 0, 0, 0.436118604, -0.109271582, -0.119880273, -0.0132674284, 0.360720907, -0.932509069, 0.488647461, -0.811279297, -0.320678711, -0.87225399, -0.459931136, -0.165519143, 0, 1, 5, 1, 
302.434105, 29, 0.1, 0.1, 0.0186181487, 0.352547314, -0.0349708505, 0.894022858, -0.44802135, 1.27160177e-006, 0.44802135, 0.894022858, 8.71408639e-006, -5.04093779e-006, -7.22088768e-006, 1, 0.894022858, -0.448021348, 8.81936941e-006, 0.448021348, 0.894022858, 2.93684981e-005, -2.1042432e-005, -2.23048428e-005, 1, 0, 0, 0, 0, 0, 0, 0, 0.375691309, -0.158102954, -0.155199512, -0.40452107, 0.547975735, -0.732144039, -0.870483398, 0.0144042969, 0.491699219, 0.280108544, 0.836317327, 0.471410627, 0, 0, -0, 0, 0, 0, 0, 0.436118604, -0.109271582, -0.119880273, -0.0132674284, 0.360720907, -0.932509069, 0.488647461, -0.811279297, -0.320678711, -0.87225399, -0.459931136, -0.165519143, 0, 1, 5, 1, 
302.434809, 29, 0.1, 0.1, 0.0186181534, 0.352547329, -0.0349741284, 0.894022851, -0.448021364, -1.60541146e-005, 0.448021362, 0.89402285, -5.05476222e-005, 3.69991599e-005, 3.7998143e-005, 0.999999999, 0.894022853, -0.448021359, -1.85654426e-005, 0.448021357, 0.894022852, -5.30024736e-005, 4.03441702e-005, 3.90677079e-005, 0.999999998, 0, 0, 0, 0, 0, 0, 0, 0.375691309, -0.158102954, -0.155199512, -0.40452107, 0.547975735, -0.732144039, -0.870483398, 0.0144042969, 0.491699219, 0.280108544, 0.836317327, 0.471410627, 0, 0, -0, 0, 0, 0, 0, 0.436118604, -0.109271582, -0.119880273, -0.0132674284, 0.360720907, -0.932509069, 0.488647461, -0.811279297, -0.320678711, -0.87225399, -0.459931136, -0.165519143, 0, 1, 5, 1, 
302.435542, 29, 0.1, 0.1, 0.0186181537, 0.35254733, -0.0349755465, 0.894022802, -0.448021461, 1.38731481e-006, 0.448021461, 0.894022801, 3.65648225e-005, -1.76221163e-005, -3.20682382e-005, 0.999999999, 0.894022822, -0.44802142, 2.23705752e-006, 0.44802142, 0.894022822, 2.15598484e-005, -1.16592544e-005, -1.82727469e-005, 1, 0, 0, 0, 0, 0, 0, 0, 0.376484424, -0.15916499, -0.153947339, -0.406211258, 0.544524585, -0.733756721, -0.87109375, 0.0114746094, 0.490844727, 0.27567975, 0.838717815, 0.469812172, 0, 0, -0, 0, 0, 0, 0, 0.436551172, -0.11042041, -0.118817041, -0.0142637943, 0.358413544, -0.93339716, 0.493164063, -0.809448242, -0.318359375, -0.869781115, -0.464837873, -0.165244257, 0, 1, 5, 1, 
302.436245, 29, 0.1, 0.1, 0.0186181561, 0.352547317, -0.0349749063, 0.894022669, -0.448021726, -1.49893237e-005, 0.448021726, 0.894022669, 1.56351215e-005, 6.39592103e-006, -2.06936957e-005, 1, 0.894022702, -0.44802166, -1.52884043e-005, 0.44802166, 0.894022702, 2.92540249e-005, 5.61743727e-007, -3.30032987e-005, 0.999999999, 0, 0, 0, 0, 0, 0, 0, 0.376484424, -0.15916499, -0.153947339, -0.406211258, 0.544524585, -0.733756721, -0.87109375, 0.0114746094, 0.490844727, 0.27567975, 0.838717815, 0.469812172, 0, 0, -0, 0, 0, 0, 0, 0.436551172, -0.11042041, -0.118817041, -0.0142637943, 0.358413544, -0.93339716, 0.493164063, -0.809448242, -0.318359375, -0.869781115, -0.464837873, -0.165244257, 0, 1, 5, 1, 
302.436948, 29, 0.1, 0.1, 0.018618151, 0.352547326, -0.0349726764, 0.894022419, -0.448022224, 2.49989239e-005, 0.448022225, 0.894022419, -3.65315692e-005, -5.98264356e-006, 4.38601153e-005, 0.999999999, 0.894022468, -0.448022126, 2.51186041e-005, 0.448022127, 0.894022468, -3.34344468e-005, -7.47722449e-006, 4.11448371e-005, 0.999999999, 0, 0, 0, 0, 0, 0, 0, 0.376484424, -0.15916499, -0.153947339, -0.406211258, 0.544524585, -0.733756721, -0.87109375, 0.0114746094, 0.490844727, 0.27567975, 0.838717815, 0.469812172, 0, 0, -0, 0, 0, 0, 0, 0.436551172, -0.11042041, -0.118817041, -0.0142637943, 0.358413544, -0.93339716, 0.493164063, -0.809448242, -0.318359375, -0.869781115, -0.464837873, -0.165244257, 0, 1, 5, 1, 
302.437652, 29, 0.1, 0.1, 0.0186181482, 0.352547331, -0.0349696938, 0.894022202, -0.448022659, -1.11144951e-005, 0.448022659, 0.894022202, 1.06289599e-005, 5.17459046e-006, -1.44820718e-005, 1, 0.894022252, -0.448022559, 5.18292818e-007, 0.448022559, 0.894022252, 2.09844917e-006, -1.40351788e-006, -1.64385337e-006, 1, 0, 0, 0, 0, 0, 0, 0, 0.376484424, -0.15916499, -0.153947339, -0.406211258, 0.544524585, -0.733756721, -0.87109375, 0.0114746094, 0.490844727, 0.27567975, 0.838717815, 0.469812172, 0, 0, -0, 0, 0, 0, 0, 0.436551172, -0.11042041, -0.118817041, -0.0142637943, 0.358413544, -0.93339716, 0.493164063, -0.809448242, -0.318359375, -0.869781115, -0.464837873, -0.165244257, 0, 1, 5, 1, 
302.438355, 29, 0.1, 0.1, 0.0186181478, 0.352547327, -0.0349668645, 0.894022015, -0.448023032, 1.39813276e-005, 0.448023032, 0.894022015, -7.73344946e-006, -9.03485121e-006, 1.31778309e-005, 1, 0.89402204, -0.448022981, 8.64249527e-006, 0.448022981, 0.89402204, 8.98564134e-006, -1.17523551e-005, -4.16132491e-006, 1, 0, 0, 0, 0, 0, 0, 0, 0.376484424, -0.15916499, -0.153947339, -0.406211258, 0.544524585, -0.733756721, -0.87109375, 0.0114746094, 0.490844727, 0.27567975, 0.838717815, 0.469812172, 0, 0, -0, 0, 0, 0, 0, 0.436551172, -0.11042041, -0.118817041, -0.0142637943, 0.358413544, -0.93339716, 0.493164063, -0.809448242, -0.318359375, -0.869781115, -0.464837873, -0.165244257, 0, 1, 5, 1, 
302.439054, 29, 0.1, 0.1, 0.018618149, 0.352547334, -0.0349649848, 0.894021995, -0.448023071, -1.51599213e-005, 0.448023071, 0.894021995, -3.82247528e-006, 1.52658602e-005, -3.37461753e-006, 1, 0.894021989, -0.448023083, -1.34142021e-005, 0.448023083, 0.894021989, -2.06086036e-005, 2.12257218e-005, 1.24146726e-005, 1, 0, 0, 0, 0, 0, 0, 0, 0.376484424, -0.15916499, -0.153947339, -0.406211258, 0.544524585, -0.733756721, -0.87109375, 0.0114746094, 0.490844727, 0.27567975, 0.838717815, 0.469812172, 0, 0, -0, 0, 0, 0, 0, 0.436551172, -0.11042041, -0.118817041, -0.0142637943, 0.358413544, -0.93339716, 0.493164063, -0.809448242, -0.318359375, -0.869781115, -0.464837873, -0.165244257, 0, 1, 5, 1, 
302.439771, 29, 0.1, 0.1, 0.0186181432, 0.35254733, -0.0349644865, 0.894022144, -0.448022774, 2.95207743e-005, 0.448022774, 0.894022144, -4.08704438e-006, -2.4561137e-005, 1.68798874e-005, 1, 0.8940221, -0.44802286, 2.56360175e-005, 0.44802286, 0.894022101, 1.31961401e-005, -2.88313387e-005, -3.12119015e-007, 1, 0, 0, 0, 0, 0, 0, 0, 0.376484424, -0.15916499, -0.153947339, -0.407385853, 0.541821927, -0.735122276, -0.87097168, 0.0113525391, 0.491088867, 0.274506277, 0.840381793, 0.467433024, 0, 0, -0, 0, 0, 0, 0, 0.436551172, -0.11042041, -0.118817041, -0.0142637943, 0.358413544, -0.93339716, 0.493164063, -0.809448242, -0.318359375, -0.869781115, -0.464837873, -0.165244257, 0, 1, 5, 1, 
302.440491, 29, 0.1, 0.1, 0.018618142, 0.352547336, -0.0349652101, 0.894022448, -0.448022166, -1.36268035e-005, 0.448022166, 0.894022448, 5.66978517e-007, 1.19286493e-005, -6.61200153e-006, 1, 0.89402238, -0.448022304, -9.4745875e-006, 0.448022304, 0.89402238, -1.644532e-005, 1.58383634e-005, 1.04576576e-005, 1, 0, 0, 0, 0, 0, 0, 0, 0.37686731, -0.161083984, -0.153131396, -0.407385853, 0.541821927, -0.735122276, -0.87097168, 0.0113525391, 0.491088867, 0.274506277, 0.840381793, 0.467433024, 0, 0, -0, 0, 0, 0, 0, 0.437175244, -0.111528955, -0.117951904, -0.0155733256, 0.356355546, -0.934106246, 0.496459961, -0.808105469, -0.31652832, -0.867832126, -0.468613716, -0.164336843, 0, 1, 5, 1, 
302.44119, 29, 0.1, 0.1, 0.0186181384, 0.35254733, -0.0349670693, 0.894022872, -0.448021321, 2.02499554e-005, 0.448021321, 0.894022872, 4.31930614e-006, -2.00390646e-005, 5.21085329e-006, 1, 0.894022781, -0.448021502, 1.78817806e-005, 0.448021502, 0.894022781, 1.88940424e-005, -2.44516565e-005, -8.88028219e-006, 1, 0, 0, 0, 0, 0, 0, 0, 0.37686731, -0.161083984, -0.153131396, -0.407385853, 0.541821927, -0.735122276, -0.87097168, 0.0113525391, 0.491088867, 0.274506277, 0.840381793, 0.467433024, 0, 0, -0, 0, 0, 0, 0, 0.437175244, -0.111528955, -0.117951904, -0.0155733256, 0.356355546, -0.934106246, 0.496459961, -0.808105469, -0.31652832, -0.867832126, -0.468613716, -0.164336843, 0, 1, 5, 1, 
302.441894, 29, 0.1, 0.1, 0.0186181399, 0.352547334, -0.0349694716, 0.894023396, -0.448020275, -1.97455238e-005, 0.448020275, 0.894023396, 5.33336617e-006, 1.5263504e-005, -1.36145491e-005, 1, 0.894023287, -0.448020494, -1.59148545e-005, 0.448020494, 0.894023287, -8.88102772e-006, 1.8207133e-005, 8.09664608e-007, 1, 0, 0, 0, 0, 0, 0, 0, 0.37686731, -0.161083984, -0.153131396, -0.407385853, 0.541821927, -0.735122276, -0.87097168, 0.0113525391, 0.491088867, 0.274506277, 0.840381793, 0.467433024, 0, 0, -0, 0, 0, 0, 0, 0.437175244, -0.111528955, -0.117951904, -0.0155733256, 0.356355546, -0.934106246, 0.496459961, -0.808105469, -0.31652832, -0.867832126, -0.468613716, -0.164336843, 0, 1, 5, 1, 
302.442628, 29, 0.1, 0.1, 0.0186181388, 0.352547327, -0.0349715336, 0.894024028, -0.448019014, 1.30725503e-005, 0.448019014, 0.894024028, 5.62376497e-006, -1.42067277e-005, 8.28970074e-007, 1, 0.894023906, -0.448019259, 1.03060092e-005, 0.448019258, 0.894023906, 1.88374394e-005, -1.76533543e-005, -1.22238305e-005, 1, 0, 0, 0, 0, 0, 0, 0, 0.376629907, -0.16254563, -0.151881177, -0.407620997, 0.539341307, -0.736728966, -0.87109375, 0.0120849609, 0.490966797, 0.273801968, 0.841887012, 0.465092068, 0, 0, -0, 0, 0, 0, 0, 0.436993994, -0.112807031, -0.116662256, -0.0153367191, 0.354630038, -0.934834656, 0.498657227, -0.807617188, -0.314575195, -0.866579831, -0.4708817, -0.164413402, 0, 1, 5, 1, 
302.443371, 29, 0.1, 0.1, 0.0186181411, 0.352547329, -0.0349725326, 0.894024726, -0.448017622, -1.80184039e-005, 0.448017622, 0.894024726, 7.37056366e-006, 1.28067562e-005, -1.46620286e-005, 1, 0.894024555, -0.448017962, -1.49439144e-005, 0.448017962, 0.894024555, -7.94248214e-006, 1.69186011e-005, 4.05632009e-007, 1, 0, 0, 0, 0, 0, 0, 0, 0.376629907, -0.16254563, -0.151881177, -0.407620997, 0.539341307, -0.736728966, -0.87109375, 0.0120849609, 0.490966797, 0.273801968, 0.841887012, 0.465092068, 0, 0, -0, 0, 0, 0, 0, 0.436993994, -0.112807031, -0.116662256, -0.0153367191, 0.354630038, -0.934834656, 0.498657227, -0.807617188, -0.314575195, -0.866579831, -0.4708817, -0.164413402, 0, 1, 5, 1, 
302.444081, 29, 0.1, 0.1, 0.0186181395, 0.352547324, -0.0349719781, 0.894025452, -0.448016172, 1.49130475e-005, 0.448016172, 0.894025452, -1.46335993e-008, -1.33260879e-005, 6.69436926e-006, 1, 0.894025309, -0.448016458, 1.19037939e-005, 0.448016458, 0.894025309, 1.43602041e-005, -1.70759008e-005, -7.50529035e-006, 1, 0, 0, 0, 0, 0, 0, 0, 0.376629907, -0.16254563, -0.151881177, -0.407620997, 0.539341307, -0.736728966, -0.87109375, 0.0120849609, 0.490966797, 0.273801968, 0.841887012, 0.465092068, 0, 0, -0, 0, 0, 0, 0, 0.436993994, -0.112807031, -0.116662256, -0.0153367191, 0.354630038, -0.934834656, 0.498657227, -0.807617188, -0.314575195, -0.866579831, -0.4708817, -0.164413402, 0, 1, 5, 1, 
302.444781, 29, 0.1, 0.1, 0.0186181406, 0.352547329, -0.0349707106, 0.894026213, -0.448014653, -1.49647105e-005, 0.448014653, 0.894026213, -3.21994121e-006, 1.48214243e-005, -3.82569773e-006, 1, 0.894026061, -0.448014957, -1.28710362e-005, 0.448014957, 0.894026061, -1.59345146e-005, 1.86459427e-005, 8.47945456e-006, 1, 0, 0, 0, 0, 0, 0, 0, 0.376629907, -0.16254563, -0.151881177, -0.407620997, 0.539341307, -0.736728966, -0.87109375, 0.0120849609, 0.490966797, 0.273801968, 0.841887012, 0.465092068, 0, 0, -0, 0, 0, 0, 0, 0.436993994, -0.112807031, -0.116662256, -0.0153367191, 0.354630038, -0.934834656, 0.498657227, -0.807617188, -0.314575195, -0.866579831, -0.4708817, -0.164413402, 0, 1, 5, 1, 
302.44548, 29, 0.1, 0.1, 0.0186181375, 0.352547326, -0.0349691992, 0.894027008, -0.448013068, 1.61003541e-005, 0.448013068, 0.894027008, -2.21367847e-007, -1.42949757e-005, 7.41107788e-006, 1, 0.894026848, -0.448013387, 1.77438468e-005, 0.448013387, 0.894026848, 5.15852285e-006, -1.81745627e-005, 3.33762297e-006, 1, 0, 0, 0, 0, 0, 0, 0, 0.376629907, -0.16254563, -0.151881177, -0.407620997, 0.539341307, -0.736728966, -0.87109375, 0.0120849609, 0.490966797, 0.273801968, 0.841887012, 0.465092068, 0, 0, -0, 0, 0, 0, 0, 0.436993994, -0.112807031, -0.116662256, -0.0153367191, 0.354630038, -0.934834656, 0.498657227, -0.807617188, -0.314575195, -0.866579831, -0.4708817, -0.164413402, 0, 1, 5, 1, 
302.44618, 29, 0.1, 0.1, 0.0186181407, 0.352547328, -0.0349678626, 0.894027766, -0.448011555, -1.47585609e-005, 0.448011555, 0.894027766, -6.78785344e-006, 1.62356e-005, -5.43476368e-007, 1, 0.894027627, -0.448011832, -1.77218595e-005, 0.448011832, 0.894027627, -1.01006791e-005, 2.03690557e-005, 1.09068341e-006, 1, 0, 0, 0, 0, 0, 0, 0, 0.376629907, -0.16254563, -0.151881177, -0.407620997, 0.539341307, -0.736728966, -0.87109375, 0.0120849609, 0.490966797, 0.273801968, 0.841887012, 0.465092068, 0, 0, -0, 0, 0, 0, 0, 0.436993994, -0.112807031, -0.116662256, -0.0153367191, 0.354630038, -0.934834656, 0.498657227, -0.807617188, -0.314575195, -0.866579831, -0.4708817, -0.164413402, 0, 1, 5, 1, 
302.446881, 29, 0.1, 0.1, 0.0186181368, 0.352547326, -0.034967096, 0.894028389, -0.448010313, 1.35704042e-005, 0.448010313, 0.894028389, 9.96031883e-006, -1.65946522e-005, -2.82512675e-006, 1, 0.894028276, -0.448010538, 1.5223589e-005, 0.448010538, 0.894028276, 1.55607855e-005, -2.05817149e-005, -7.09145389e-006, 1, 0, 0, 0, 0, 0, 0, 0, 0.376629907, -0.16254563, -0.151881177, -0.407620997, 0.539341307, -0.736728966, -0.87109375, 0.0120849609, 0.490966797, 0.273801968, 0.841887012, 0.465092068, 0, 0, -0, 0, 0, 0, 0, 0.436993994, -0.112807031, -0.116662256, -0.0153367191, 0.354630038, -0.934834656, 0.498657227, -0.807617188, -0.314575195, -0.866579831, -0.4708817, -0.164413402, 0, 1, 5, 1, 
302.447608, 29, 0.1, 0.1, 0.0186181398, 0.352547329, -0.0349667808, 0.894029, -0.448009092, -2.20360836e-005, 0.448009092, 0.894029, 3.85294337e-006, 1.79747441e-005, -1.33170089e-005, 1, 0.894028879, -0.448009334, -1.96751522e-005, 0.448009334, 0.894028879, -1.04153072e-005, 2.22563091e-005, 4.96933574e-007, 1, 0, 0, 0, 0, 0, 0, 0, 0.375789282, -0.163743994, -0.151856519, -0.410996885, 0.537666468, -0.736108155, -0.869262695, 0.01171875, 0.494018555, 0.274336656, 0.843017424, 0.462769086, 0, 0, -0, 0, 0, 0, 0, 0.435900586, -0.113805469, -0.117072852, -0.018607999, 0.3537671, -0.935102612, 0.499755859, -0.806640625, -0.315185547, -0.865818972, -0.473181767, -0.161863969, 0, 1, 5, 1, 
302.448309, 29, 0.1, 0.1, 0.0186181377, 0.352547325, -0.0349672516, 0.894029667, -0.448007761, 1.91089027e-005, 0.448007761, 0.894029667, -2.7795252e-006, -1.58386771e-005, 1.10459147e-005, 1, 0.894029528, -0.448008038, 1.52644557e-005, 0.448008038, 0.894029528, 1.35693311e-005, -1.97260435e-005, -5.29278381e-006, 1, 0, 0, 0, 0, 0, 0, 0, 0.375789282, -0.163743994, -0.151856519, -0.410996885, 0.537666468, -0.736108155, -0.869262695, 0.01171875, 0.494018555, 0.274336656, 0.843017424, 0.462769086, 0, 0, -0, 0, 0, 0, 0, 0.435900586, -0.113805469, -0.117072852, -0.018607999, 0.3537671, -0.935102612, 0.499755859, -0.806640625, -0.315185547, -0.865818972, -0.473181767, -0.161863969, 0, 1, 5, 1, 
302.449011, 29, 0.1, 0.1, 0.0186181384, 0.352547331, -0.0349683345, 0.894030412, -0.448006275, -1.57956588e-005, 0.448006275, 0.894030412, -5.81447112e-006, 1.67267189e-005, -1.87824023e-006, 1, 0.894030263, -0.448006573, -1.269154e-005, 0.448006573, 0.894030263, -1.99051719e-005, 2.02642686e-005, 1.21099327e-005, 1, 0, 0, 0, 0, 0, 0, 0, 0.375789282, -0.163743994, -0.151856519, -0.410996885, 0.537666468, -0.736108155, -0.869262695, 0.01171875, 0.494018555, 0.274336656, 0.843017424, 0.462769086, 0, 0, -0, 0, 0, 0, 0, 0.435900586, -0.113805469, -0.117072852, -0.018607999, 0.3537671, -0.935102612, 0.499755859, -0.806640625, -0.315185547, -0.865818972, -0.473181767, -0.161863969, 0, 1, 5, 1, 
302.44971, 29, 0.1, 0.1, 0.0186181359, 0.352547329, -0.0349696771, 0.894031205, -0.448004693, 1.38903317e-005, 0.448004693, 0.894031205, 2.6804971e-006, -1.36192653e-005, 3.82648576e-006, 1, 0.894031047, -0.448005008, 1.56128631e-005, 0.448005008, 0.894031047, 7.21672474e-006, -1.71915132e-005, 5.42664899e-007, 1, 0, 0, 0, 0, 0, 0, 0, 0.375789282, -0.163743994, -0.151856519, -0.410996885, 0.537666468, -0.736108155, -0.869262695, 0.01171875, 0.494018555, 0.274336656, 0.843017424, 0.462769086, 0, 0, -0, 0, 0, 0, 0, 0.435900586, -0.113805469, -0.117072852, -0.018607999, 0.3537671, -0.935102612, 0.499755859, -0.806640625, -0.315185547, -0.865818972, -0.473181767, -0.161863969, 0, 1, 5, 1, 
302.45043, 29, 0.1, 0.1, 0.0186181393, 0.35254733, -0.0349708836, 0.894031972, -0.448003162, -1.14532616e-005, 0.448003162, 0.894031972, -1.15541101e-005, 1.54158599e-005, 5.19864645e-006, 1, 0.894031814, -0.448003476, -1.91508715e-005, 0.448003476, 0.894031815, -5.05493186e-006, 1.93861154e-005, -4.06038708e-006, 1, 0, 0, 0, 0, 0, 0, 0, 0.375789282, -0.163743994, -0.151856519, -0.410996885, 0.537666468, -0.736108155, -0.869262695, 0.01171875, 0.494018555, 0.274336656, 0.843017424, 0.462769086, 0, 0, -0, 0, 0, 0, 0, 0.435900586, -0.113805469, -0.117072852, -0.018607999, 0.3537671, -0.935102612, 0.499755859, -0.806640625, -0.315185547, -0.865818972, -0.473181767, -0.161863969, 0, 1, 5, 1, 
302.451131, 29, 0.1, 0.1, 0.0186181359, 0.352547329, -0.0349713605, 0.894032549, -0.448002011, 1.05642008e-005, 0.448002011, 0.894032549, 7.6310094e-006, -1.28634469e-005, -2.0895876e-006, 1, 0.894032444, -0.448002221, 1.24845115e-005, 0.448002221, 0.894032444, 1.16423055e-005, -1.6377337e-005, -4.81550993e-006, 1, 0, 0, 0, 0, 0, 0, 0, 0.375789282, -0.163743994, -0.151856519, -0.410996885, 0.537666468, -0.736108155, -0.869262695, 0.01171875, 0.494018555, 0.274336656, 0.843017424, 0.462769086, 0, 0, -0, 0, 0, 0, 0, 0.435900586, -0.113805469, -0.117072852, -0.018607999, 0.3537671, -0.935102612, 0.499755859, -0.806640625, -0.315185547, -0.865818972, -0.473181767, -0.161863969, 0, 1, 5, 1, 
302.451842, 29, 0.1, 0.1, 0.0186181386, 0.352547331, -0.0349712253, 0.894033091, -0.448000928, -1.52926258e-005, 0.448000928, 0.894033091, -1.16131859e-006, 1.41923853e-005, -5.81285331e-006, 1, 0.894032972, -0.448001167, -1.77066128e-005, 0.448001167, 0.894032972, -5.43087321e-006, 1.82633332e-005, -3.07720345e-006, 1, 0, 0, 0, 0, 0, 0, 0, 0.375789282, -0.163743994, -0.151856519, -0.414336824, 0.533974183, -0.736953249, -0.868896484, 0.00854492187, 0.494750977, 0.270416341, 0.845456103, 0.460554689, 0, 0, -0, 0, 0, 0, 0, 0.435900586, -0.113805469, -0.117072852, -0.018607999, 0.3537671, -0.935102612, 0.499755859, -0.806640625, -0.315185547, -0.865818972, -0.473181767, -0.161863969, 0, 1, 5, 1, 
302.452555, 29, 0.1, 0.1, 0.0186181342, 0.35254733, -0.0349702787, 0.89403362, -0.447999872, 1.25575686e-005, 0.447999872, 0.89403362, 9.958042e-006, -1.568809e-005, -3.27703522e-006, 1, 0.894033526, -0.448000061, 1.94043353e-005, 0.448000061, 0.894033526, 4.65379436e-006, -1.94330265e-005, 4.53249523e-006, 1, 0, 0, 0, 0, 0, 0, 0, 0.376053149, -0.163925269, -0.151459961, -0.414336824, 0.533974183, -0.736953249, -0.868896484, 0.00854492187, 0.494750977, 0.270416341, 0.845456103, 0.460554689, 0, 0, -0, 0, 0, 0, 0, 0.435663184, -0.114707373, -0.116442676, -0.0194191642, 0.3514663, -0.935907581, 0.503173828, -0.805419922, -0.312866211, -0.863940345, -0.47698313, -0.161212118, 0, 1, 5, 1, 
302.453256, 29, 0.1, 0.1, 0.0186181365, 0.352547333, -0.0349691918, 0.894033994, -0.447999127, -1.00149481e-005, 0.447999126, 0.894033994, -1.14335856e-005, 1.40759404e-005, 5.73532624e-006, 1, 0.894033928, -0.447999259, -1.21926037e-005, 0.447999258, 0.894033928, -1.5666573e-005, 1.79192145e-005, 8.54417037e-006, 1, 0, 0, 0, 0, 0, 0, 0, 0.376053149, -0.163925269, -0.151459961, -0.414336824, 0.533974183, -0.736953249, -0.868896484, 0.00854492187, 0.494750977, 0.270416341, 0.845456103, 0.460554689, 0, 0, -0, 0, 0, 0, 0, 0.435663184, -0.114707373, -0.116442676, -0.0194191642, 0.3514663, -0.935907581, 0.503173828, -0.805419922, -0.312866211, -0.863940345, -0.47698313, -0.161212118, 0, 1, 5, 1, 
302.453953, 29, 0.1, 0.1, 0.018618132, 0.352547331, -0.0349682732, 0.894034353, -0.44799841, 1.88410295e-005, 0.44799841, 0.894034353, -1.14486534e-006, -1.63316298e-005, 9.46430022e-006, 1, 0.894034277, -0.447998562, 2.1271092e-005, 0.447998562, 0.894034277, 3.06260788e-006, -2.03891293e-005, 6.79134221e-006, 1, 0, 0, 0, 0, 0, 0, 0, 0.376053149, -0.163925269, -0.151459961, -0.414336824, 0.533974183, -0.736953249, -0.868896484, 0.00854492187, 0.494750977, 0.270416341, 0.845456103, 0.460554689, 0, 0, -0, 0, 0, 0, 0, 0.435663184, -0.114707373, -0.116442676, -0.0194191642, 0.3514663, -0.935907581, 0.503173828, -0.805419922, -0.312866211, -0.863940345, -0.47698313, -0.161212118, 0, 1, 5, 1, 
302.454668, 29, 0.1, 0.1, 0.018618135, 0.352547333, -0.0349677485, 0.894034728, -0.447997661, -1.10006088e-005, 0.447997661, 0.894034728, -1.28943175e-005, 1.56115504e-005, 6.59972067e-006, 1, 0.894034655, -0.447997807, -1.89022226e-005, 0.447997807, 0.894034655, -6.68644654e-006, 1.98947555e-005, -2.49023934e-006, 1, 0, 0, 0, 0, 0, 0, 0, 0.376053149, -0.163925269, -0.151459961, -0.414336824, 0.533974183, -0.736953249, -0.868896484, 0.00854492187, 0.494750977, 0.270416341, 0.845456103, 0.460554689, 0, 0, -0, 0, 0, 0, 0, 0.435663184, -0.114707373, -0.116442676, -0.0206200538, 0.349056858, -0.93685947, 0.506591797, -0.804077148, -0.310791016, -0.861857195, -0.480918654, -0.160330224, 0, 1, 5, 1, 
302.45537, 29, 0.1, 0.1, 0.0186181312, 0.352547332, -0.034967634, 0.894034966, -0.447997187, 1.13919362e-005, 0.447997187, 0.894034966, 1.13799657e-005, -1.52829819e-005, -5.07053191e-006, 1, 0.894034926, -0.447997267, 1.40374165e-005, 0.447997267, 0.894034926, 1.54762971e-005, -1.94832794e-005, -7.54762594e-006, 1, 0, 0, 0, 0, 0, 0, 0, 0.376053149, -0.163925269, -0.151459961, -0.414336824, 0.533974183, -0.736953249, -0.868896484, 0.00854492187, 0.494750977, 0.270416341, 0.845456103, 0.460554689, 0, 0, -0, 0, 0, 0, 0, 0.435404297, -0.115396045, -0.116040625, -0.0206200538, 0.349056858, -0.93685947, 0.506591797, -0.804077148, -0.310791016, -0.861857195, -0.480918654, -0.160330224, 0, 1, 5, 1, 
302.456066, 29, 0.1, 0.1, 0.0186181349, 0.352547333, -0.0349680726, 0.894035203, -0.447996714, -2.05515298e-005, 0.447996714, 0.894035203, 1.6549851e-006, 1.76323632e-005, -1.06866327e-005, 1, 0.894035149, -0.447996821, -2.24654587e-005, 0.447996821, 0.894035149, -2.75058569e-006, 2.13171633e-005, -7.60533377e-006, 1, 0, 0, 0, 0, 0, 0, 0, 0.376053149, -0.163925269, -0.151459961, -0.414336824, 0.533974183, -0.736953249, -0.868896484, 0.00854492187, 0.494750977, 0.270416341, 0.845456103, 0.460554689, 0, 0, -0, 0, 0, 0, 0, 0.435404297, -0.115396045, -0.116040625, -0.0206200538, 0.349056858, -0.93685947, 0.506591797, -0.804077148, -0.310791016, -0.861857195, -0.480918654, -0.160330224, 0, 1, 5, 1, 
302.456779, 29, 0.1, 0.1, 0.0186181319, 0.352547331, -0.0349688956, 0.894035471, -0.447996179, 8.43984494e-006, 0.447996179, 0.894035471, 1.40560953e-005, -1.38425977e-005, -8.78562951e-006, 1, 0.894035421, -0.447996279, 1.59027615e-005, 0.447996279, 0.894035421, 7.91846238e-006, -1.77650737e-005, 4.49921248e-008, 1, 0, 0, 0, 0, 0, 0, 0, 0.376053149, -0.163925269, -0.151459961, -0.416165553, 0.53070688, -0.738318804, -0.868774414, 0.00744628906, 0.494995117, 0.268234145, 0.847456697, 0.458175541, 0, 0, -0, 0, 0, 0, 0, 0.435404297, -0.115396045, -0.116040625, -0.0206200538, 0.349056858, -0.93685947, 0.506591797, -0.804077148, -0.310791016, -0.861857195, -0.480918654, -0.160330224, 0, 1, 5, 1, 
302.457478, 29, 0.1, 0.1, 0.0186181355, 0.352547332, -0.0349697238, 0.894035619, -0.447995883, -1.32475172e-005, 0.447995883, 0.894035619, -8.42983988e-006, 1.56202858e-005, 1.60174395e-006, 1, 0.894035596, -0.44799593, -1.56331985e-005, 0.447995929, 0.894035596, -1.2229003e-005, 1.94551795e-005, 3.92955473e-006, 1, 0, 0, 0, 0, 0, 0, 0, 0.375953052, -0.164979126, -0.150644019, -0.416165553, 0.53070688, -0.738318804, -0.868774414, 0.00744628906, 0.494995117, 0.268234145, 0.847456697, 0.458175541, 0, 0, -0, 0, 0, 0, 0, 0.435404297, -0.115396045, -0.116040625, -0.0206200538, 0.349056858, -0.93685947, 0.506591797, -0.804077148, -0.310791016, -0.861857195, -0.480918654, -0.160330224, 0, 1, 5, 1, 
302.458179, 29, 0.1, 0.1, 0.018618132, 0.35254733, -0.0349704227, 0.894035778, -0.447995567, 1.6556118e-005, 0.447995567, 0.894035778, 1.17001391e-007, -1.4854178e-005, 7.31246406e-006, 1, 0.894035739, -0.447995644, 1.82778767e-005, 0.447995644, 0.894035739, 4.39079834e-006, -1.83081335e-005, 4.26287851e-006, 1, 0, 0, 0, 0, 0, 0, 0, 0.375953052, -0.164979126, -0.150644019, -0.416165553, 0.53070688, -0.738318804, -0.868774414, 0.00744628906, 0.494995117, 0.268234145, 0.847456697, 0.458175541, 0, 0, -0, 0, 0, 0, 0, 0.435404297, -0.115396045, -0.116040625, -0.0206200538, 0.349056858, -0.93685947, 0.506591797, -0.804077148, -0.310791016, -0.861857195, -0.480918654, -0.160330224, 0, 1, 5, 1, 
302.458878, 29, 0.1, 0.1, 0.0186181346, 0.352547332, -0.0349707913, 0.894035967, -0.447995188, -9.92238021e-006, 0.447995188, 0.894035967, -1.2295324e-005, 1.43792108e-005, 6.54728331e-006, 1, 0.894035935, -0.447995252, -1.65554931e-005, 0.447995252, 0.894035935, -6.79886041e-006, 1.78470629e-005, -1.33835676e-006, 1, 0, 0, 0, 0, 0, 0, 0, 0.375953052, -0.164979126, -0.150644019, -0.416165553, 0.53070688, -0.738318804, -0.868774414, 0.00744628906, 0.494995117, 0.268234145, 0.847456697, 0.458175541, 0, 0, -0, 0, 0, 0, 0, 0.435404297, -0.115396045, -0.116040625, -0.0206200538, 0.349056858, -0.93685947, 0.506591797, -0.804077148, -0.310791016, -0.861857195, -0.480918654, -0.160330224, 0, 1, 5, 1, 
302.459615, 29, 0.1, 0.1, 0.0186181303, 0.352547331, -0.0349704729, 0.894036056, -0.447995012, 1.24783121e-005, 0.447995011, 0.894036056, 9.14047897e-006, -1.52509499e-005, -2.58169622e-006, 1, 0.894036045, -0.447995034, 1.47904541e-005, 0.447995034, 0.894036045, 1.33219107e-005, -1.91913489e-005, -5.28421839e-006, 1, 0, 0, 0, 0, 0, 0, 0, 0.376316284, -0.166183594, -0.150442993, -0.417720947, 0.528911473, -0.738668524, -0.868408203, 0.00646972656, 0.495727539, 0.266997392, 0.848606205, 0.456747828, 0, 0, -0, 0, 0, 0, 0, 0.435605078, -0.116013184, -0.115842041, -0.0215526205, 0.347580349, -0.937408876, 0.509643555, -0.802734375, -0.309326172, -0.859991329, -0.484387894, -0.159774255, 0, 1, 5, 1, 
302.460316, 29, 0.1, 0.1, 0.0186181329, 0.352547333, -0.0349697015, 0.894036159, -0.447994806, -1.6525836e-005, 0.447994806, 0.894036159, -1.19465163e-006, 1.53098927e-005, -6.33542695e-006, 1, 0.894036131, -0.447994862, -1.85662956e-005, 0.447994862, 0.894036131, -5.16820253e-006, 1.89142673e-005, -3.69704524e-006, 1, 0, 0, 0, 0, 0, 0, 0, 0.376316284, -0.166183594, -0.150442993, -0.417720947, 0.528911473, -0.738668524, -0.868408203, 0.00646972656, 0.495727539, 0.266997392, 0.848606205, 0.456747828, 0, 0, -0, 0, 0, 0, 0, 0.435605078, -0.116013184, -0.115842041, -0.0215526205, 0.347580349, -0.937408876, 0.509643555, -0.802734375, -0.309326172, -0.859991329, -0.484387894, -0.159774255, 0, 1, 5, 1, 
302.461014, 29, 0.1, 0.1, 0.0186181291, 0.352547332, -0.0349689465, 0.894036299, -0.447994527, 1.1071415e-005, 0.447994527, 0.894036299, 9.93457633e-006, -1.43488827e-005, -3.92193853e-006, 1, 0.894036276, -0.447994573, 1.82627871e-005, 0.447994573, 0.894036276, 4.39337827e-006, -1.82958038e-005, 4.25378996e-006, 1, 0, 0, 0, 0, 0, 0, 0, 0.376316284, -0.166183594, -0.150442993, -0.417720947, 0.528911473, -0.738668524, -0.868408203, 0.00646972656, 0.495727539, 0.266997392, 0.848606205, 0.456747828, 0, 0, -0, 0, 0, 0, 0, 0.435605078, -0.116013184, -0.115842041, -0.0215526205, 0.347580349, -0.937408876, 0.509643555, -0.802734375, -0.309326172, -0.859991329, -0.484387894, -0.159774255, 0, 1, 5, 1, 
302.46172, 29, 0.1, 0.1, 0.0186181321, 0.352547335, -0.0349683986, 0.894036339, -0.447994447, -1.1761089e-005, 0.447994447, 0.894036339, -1.23395033e-005, 1.604287e-005, 5.76306182e-006, 1, 0.894036336, -0.447994453, -1.42675116e-005, 0.447994453, 0.894036336, -1.67625924e-005, 2.02652222e-005, 8.59460064e-006, 1, 0, 0, 0, 0, 0, 0, 0, 0.376316284, -0.166183594, -0.150442993, -0.417720947, 0.528911473, -0.738668524, -0.868408203, 0.00646972656, 0.495727539, 0.266997392, 0.848606205, 0.456747828, 0, 0, -0, 0, 0, 0, 0, 0.435605078, -0.116013184, -0.115842041, -0.0215526205, 0.347580349, -0.937408876, 0.509643555, -0.802734375, -0.309326172, -0.859991329, -0.484387894, -0.159774255, 0, 1, 5, 1, 
302.462422, 29, 0.1, 0.1, 0.0186181278, 0.352547333, -0.0349681195, 0.894036406, -0.447994314, 1.91622661e-005, 0.447994314, 0.894036406, -1.69383035e-006, -1.63729371e-005, 1.00989322e-005, 1, 0.894036384, -0.447994356, 2.12769956e-005, 0.447994356, 0.894036384, 2.52463113e-006, -2.01534287e-005, 7.27486186e-006, 1, 0, 0, 0, 0, 0, 0, 0, 0.376316284, -0.166183594, -0.150442993, -0.417720947, 0.528911473, -0.738668524, -0.868408203, 0.00646972656, 0.495727539, 0.266997392, 0.848606205, 0.456747828, 0, 0, -0, 0, 0, 0, 0, 0.435605078, -0.116013184, -0.115842041, -0.0215526205, 0.347580349, -0.937408876, 0.509643555, -0.802734375, -0.309326172, -0.859991329, -0.484387894, -0.159774255, 0, 1, 5, 1, 
