time, trialNum, realDorsalTactorPos, realVentralTactorPos, boxPosX, boxPosY, boxPosZ, boxLocalRot_11, boxLocalRot_12, boxLocalRot_13, boxLocalRot_21, boxLocalRot_22, boxLocalRot_23, boxLocalRot_31, boxLocalRot_32, boxLocalRot_33, boxGlobalRot_11, boxGlobalRot_12, boxGlobalRot_13, boxGlobalRot_21, boxGlobalRot_22, boxGlobalRot_23, boxGlobalRot_31, boxGlobalRot_32, boxGlobalRot_33, indexForceX, indexForceY, indexForceZ, indexForceGlobalX, indexForceGlobalY, indexForceGlobalZ, indexContact, indexPosX, indexPosY, indexPosZ, indexRot_11, indexRot_12, indexRot_13, indexRot_21, indexRot_22, indexRot_23, indexRot_31, indexRot_32, indexRot_33, thumbForceX, thumbForceY, thumbForceZ, thumbForceGlobalX, thumbForceGlobalY, thumbForceGlobalZ, thumbContact, thumbPosX, thumbPosY, thumbPosZ, thumbRot_11, thumbRot_12, thumbRot_13, thumbRot_21, thumbRot_22, thumbRot_23, thumbRot_31, thumbRot_32, thumbRot_33, manipForceTooHigh, cceExpType, mapping, trialSuccess, 
271.861877, 33, 0.1, 0.1, 0.00856507285, 0.365061035, -0.034965182, 0.827906184, -0.560866606, 3.01248084e-006, 0.560866606, 0.827906184, -6.65844821e-006, 1.24044973e-006, 7.20217036e-006, 1, 0.827906198, -0.560866585, 1.49696681e-005, 0.560866585, 0.827906198, -8.08403297e-006, -7.85941703e-006, 1.50888076e-005, 1, 0, 0, 0, 0, 0, 0, 0, 0.269688403, -0.124989478, -0.195378906, -0.213852063, 0.716431729, -0.664031755, -0.859130859, 0.185424805, 0.476806641, 0.464835914, 0.672449472, 0.576057568, 0, 0, -0, 0, 0, 0, 0, 0.343547998, -0.089916748, -0.158588037, 0.104543091, 0.445556014, -0.889064857, 0.318481445, -0.861816406, -0.39453125, -0.942109221, -0.241738287, -0.232021001, 0, 1, 5, 1, 
271.88514, 33, 0.1, 0.1, 0.00856508798, 0.365061011, -0.0349667925, 0.8279087, -0.560862892, -1.10201933e-005, 0.560862892, 0.8279087, -1.20176276e-006, 9.79773803e-006, -5.18586763e-006, 1, 0.827908748, -0.560862822, 5.86933059e-006, 0.560862822, 0.827908748, 3.06316879e-006, -6.57728763e-006, 7.55865076e-007, 1, 0, 0, 0, 0, 0, 0, 0, 0.278273389, -0.137419653, -0.190030835, -0.236450947, 0.712718844, -0.660252607, -0.867431641, 0.151123047, 0.473876953, 0.437640834, 0.684902361, 0.582750934, 0, 0, -0, 0, 0, 0, 0, 0.35046084, -0.100150977, -0.151908936, 0.0868782597, 0.458865312, -0.88417781, 0.358520508, -0.842407227, -0.401977539, -0.929359487, -0.281949202, -0.237644488, 0, 1, 5, 1, 
271.88584, 33, 0.1, 0.1, 0.00856508984, 0.365061012, -0.0349622369, 0.827908453, -0.560863257, 1.33312211e-005, 0.560863257, 0.827908453, 1.19820944e-005, -1.77573471e-005, -2.44308515e-006, 1, 0.827908496, -0.560863193, -2.52167488e-006, 0.560863193, 0.827908496, 2.28843212e-006, 8.04218712e-007, -3.30892702e-006, 1, 0, 0, 0, 0, 0, 0, 0, 0.278273389, -0.137419653, -0.190030835, -0.236450947, 0.712718844, -0.660252607, -0.867431641, 0.151123047, 0.473876953, 0.437640834, 0.684902361, 0.582750934, 0, 0, -0, 0, 0, 0, 0, 0.35046084, -0.100150977, -0.151908936, 0.0868782597, 0.458865312, -0.88417781, 0.358520508, -0.842407227, -0.401977539, -0.929359487, -0.281949202, -0.237644488, 0, 1, 5, 1, 
271.886546, 33, 0.1, 0.1, 0.00856508374, 0.365061009, -0.0349600785, 0.82790829, -0.560863498, -7.25802895e-006, 0.560863498, 0.82790829, 2.5407077e-006, 4.58399213e-006, -6.17423647e-006, 1, 0.827908319, -0.560863455, 1.19121328e-005, 0.560863455, 0.827908319, 7.95044905e-006, -1.43212702e-005, 9.88370707e-008, 1, 0, 0, 0, 0, 0, 0, 0, 0.278273389, -0.137419653, -0.190030835, -0.236450947, 0.712718844, -0.660252607, -0.867431641, 0.151123047, 0.473876953, 0.437640834, 0.684902361, 0.582750934, 0, 0, -0, 0, 0, 0, 0, 0.35046084, -0.100150977, -0.151908936, 0.0868782597, 0.458865312, -0.88417781, 0.358520508, -0.842407227, -0.401977539, -0.929359487, -0.281949202, -0.237644488, 0, 1, 5, 1, 
271.88726, 33, 0.1, 0.1, 0.00856508639, 0.365061011, -0.0349607054, 0.827908087, -0.560863798, 9.85860827e-006, 0.560863798, 0.827908087, 8.90314619e-006, -1.31554739e-005, -1.84165025e-006, 1, 0.827908121, -0.560863747, -5.57600362e-006, 0.560863747, 0.827908121, -4.06567045e-007, 4.8444474e-006, -2.79077813e-006, 1, 0, 0, 0, 0, 0, 0, 0, 0.279302173, -0.13900835, -0.189289331, -0.242253531, 0.712078937, -0.658894165, -0.868164062, 0.143920898, 0.474731445, 0.432998236, 0.687104775, 0.583524513, 0, 0, -0, 0, 0, 0, 0, 0.35046084, -0.100150977, -0.151908936, 0.0868782597, 0.458865312, -0.88417781, 0.358520508, -0.842407227, -0.401977539, -0.929359487, -0.281949202, -0.237644488, 0, 1, 5, 1, 
271.887961, 33, 0.1, 0.1, 0.00856508257, 0.365061008, -0.0349638836, 0.827907958, -0.560863987, -1.54739979e-005, 0.560863987, 0.827907958, 9.00292715e-006, 7.76162838e-006, -1.61324032e-005, 1, 0.827907993, -0.560863937, 1.39098921e-006, 0.560863937, 0.827907993, 1.467751e-005, -9.38369715e-006, -1.13714722e-005, 1, 0, 0, 0, 0, 0, 0, 0, 0.279302173, -0.13900835, -0.189289331, -0.242253531, 0.712078937, -0.658894165, -0.868164062, 0.143920898, 0.474731445, 0.432998236, 0.687104775, 0.583524513, 0, 0, -0, 0, 0, 0, 0, 0.35046084, -0.100150977, -0.151908936, 0.0868782597, 0.458865312, -0.88417781, 0.358520508, -0.842407227, -0.401977539, -0.929359487, -0.281949202, -0.237644488, 0, 1, 5, 1, 
271.888661, 33, 0.1, 0.1, 0.00856508569, 0.365061012, -0.0349685054, 0.827907698, -0.560864372, 1.10992616e-005, 0.560864372, 0.827907698, -9.64653412e-006, -3.77876684e-006, 1.42116203e-005, 1, 0.827907762, -0.560864277, -8.3179431e-007, 0.560864277, 0.827907762, -1.68730607e-005, 1.01521459e-005, 1.35028142e-005, 1, 0, 0, 0, 0, 0, 0, 0, 0.279302173, -0.13900835, -0.189289331, -0.242253531, 0.712078937, -0.658894165, -0.868164062, 0.143920898, 0.474731445, 0.432998236, 0.687104775, 0.583524513, 0, 0, -0, 0, 0, 0, 0, 0.35046084, -0.100150977, -0.151908936, 0.0868782597, 0.458865312, -0.88417781, 0.358520508, -0.842407227, -0.401977539, -0.929359487, -0.281949202, -0.237644488, 0, 1, 5, 1, 
271.889389, 33, 0.1, 0.1, 0.00856508376, 0.365061011, -0.0349730751, 0.827907296, -0.560864965, -8.08150878e-006, 0.560864965, 0.827907296, -6.43593692e-006, 1.03004316e-005, 7.95723995e-007, 1, 0.827907379, -0.560864843, -8.67949779e-007, 0.560864843, 0.827907379, 5.08727903e-006, -2.13469393e-006, -4.69859837e-006, 1, 0, 0, 0, 0, 0, 0, 0, 0.280367578, -0.140151904, -0.188334106, -0.247332711, 0.711419933, -0.657738666, -0.869018555, 0.137084961, 0.475219727, 0.428241062, 0.689186622, 0.584577419, 0, 0, -0, 0, 0, 0, 0, 0.351230518, -0.100908594, -0.150573389, 0.0841312322, 0.460071665, -0.883781889, 0.366333008, -0.838989258, -0.401977539, -0.926579643, -0.289923428, -0.239075787, 0, 1, 5, 1, 
271.890094, 33, 0.1, 0.1, 0.00856508682, 0.365061015, -0.0349759498, 0.827906942, -0.560865488, 4.36155205e-006, 0.560865488, 0.827906942, -2.3336604e-006, -2.30208964e-006, 4.37829766e-006, 1, 0.827907013, -0.560865383, -5.54426726e-006, 0.560865383, 0.827907013, -8.373284e-006, 9.28642288e-006, 3.82271297e-006, 1, 0, 0, 0, 0, 0, 0, 0, 0.280367578, -0.140151904, -0.188334106, -0.247332711, 0.711419933, -0.657738666, -0.869018555, 0.137084961, 0.475219727, 0.428241062, 0.689186622, 0.584577419, 0, 0, -0, 0, 0, 0, 0, 0.351230518, -0.100908594, -0.150573389, 0.0841312322, 0.460071665, -0.883781889, 0.366333008, -0.838989258, -0.401977539, -0.926579643, -0.289923428, -0.239075787, 0, 1, 5, 1, 
271.890796, 33, 0.1, 0.1, 0.00856508621, 0.365061013, -0.0349766717, 0.82790655, -0.560866066, -7.71908509e-006, 0.560866066, 0.82790655, -1.49103864e-006, 7.22695408e-006, -3.09493223e-006, 1, 0.827906631, -0.560865947, -2.49220733e-006, 0.560865947, 0.827906631, 8.8945215e-006, -2.92531926e-006, -8.76162755e-006, 1, 0, 0, 0, 0, 0, 0, 0, 0.280367578, -0.140151904, -0.188334106, -0.247332711, 0.711419933, -0.657738666, -0.869018555, 0.137084961, 0.475219727, 0.428241062, 0.689186622, 0.584577419, 0, 0, -0, 0, 0, 0, 0, 0.351230518, -0.100908594, -0.150573389, 0.0841312322, 0.460071665, -0.883781889, 0.366333008, -0.838989258, -0.401977539, -0.926579643, -0.289923428, -0.239075787, 0, 1, 5, 1, 
271.891501, 33, 0.1, 0.1, 0.00856508606, 0.365061016, -0.0349751511, 0.827906115, -0.560866709, 8.36319893e-006, 0.560866709, 0.827906115, 6.49241551e-006, -1.05653233e-005, -6.84470645e-007, 1, 0.8279062, -0.560866583, 3.24290771e-006, 0.560866583, 0.8279062, -7.2804135e-006, 1.39851724e-006, 7.84633804e-006, 1, 0, 0, 0, 0, 0, 0, 0, 0.280367578, -0.140151904, -0.188334106, -0.247332711, 0.711419933, -0.657738666, -0.869018555, 0.137084961, 0.475219727, 0.428241062, 0.689186622, 0.584577419, 0, 0, -0, 0, 0, 0, 0, 0.351230518, -0.100908594, -0.150573389, 0.0841312322, 0.460071665, -0.883781889, 0.366333008, -0.838989258, -0.401977539, -0.926579643, -0.289923428, -0.239075787, 0, 1, 5, 1, 
271.892202, 33, 0.1, 0.1, 0.00856508302, 0.365061014, -0.0349720548, 0.827905745, -0.560867254, -6.35036479e-006, 0.560867254, 0.827905745, -9.31373587e-007, 5.77988044e-006, -2.79062212e-006, 1, 0.827905807, -0.560867163, 7.08168452e-006, 0.560867163, 0.827905807, 2.58421585e-006, -7.31236956e-006, 1.832397e-006, 1, 0, 0, 0, 0, 0, 0, 0, 0.280367578, -0.140151904, -0.188334106, -0.247332711, 0.711419933, -0.657738666, -0.869018555, 0.137084961, 0.475219727, 0.428241062, 0.689186622, 0.584577419, 0, 0, -0, 0, 0, 0, 0, 0.351230518, -0.100908594, -0.150573389, 0.0841312322, 0.460071665, -0.883781889, 0.366333008, -0.838989258, -0.401977539, -0.926579643, -0.289923428, -0.239075787, 0, 1, 5, 1, 
271.892899, 33, 0.1, 0.1, 0.00856508439, 0.365061016, -0.0349684372, 0.827905417, -0.560867738, 1.00141152e-005, 0.560867738, 0.827905417, 8.46204223e-006, -1.30368267e-005, -1.38917646e-006, 1, 0.827905475, -0.560867653, -2.23841856e-006, 0.560867653, 0.827905475, 8.4655756e-007, 1.37839223e-006, -1.9563262e-006, 1, 0, 0, 0, 0, 0, 0, 0, 0.280367578, -0.140151904, -0.188334106, -0.247332711, 0.711419933, -0.657738666, -0.869018555, 0.137084961, 0.475219727, 0.428241062, 0.689186622, 0.584577419, 0, 0, -0, 0, 0, 0, 0, 0.351230518, -0.100908594, -0.150573389, 0.0841312322, 0.460071665, -0.883781889, 0.366333008, -0.838989258, -0.401977539, -0.926579643, -0.289923428, -0.239075787, 0, 1, 5, 1, 
271.893738, 33, 0.1, 0.1, 0.00856507956, 0.365061014, -0.0349635174, 0.827905134, -0.560868157, -1.56399493e-005, 0.560868157, 0.827905134, -3.14446803e-006, 1.47120263e-005, -6.16862831e-006, 1, 0.827905183, -0.560868084, 4.64568675e-006, 0.560868084, 0.827905183, 2.46234124e-006, -5.22723675e-006, 5.67032357e-007, 1, 0, 0, 0, 0, 0, 0, 0, 0.280367578, -0.140151904, -0.188334106, -0.247332711, 0.711419933, -0.657738666, -0.869018555, 0.137084961, 0.475219727, 0.428241062, 0.689186622, 0.584577419, 0, 0, -0, 0, 0, 0, 0, 0.351230518, -0.100908594, -0.150573389, 0.0841312322, 0.460071665, -0.883781889, 0.366333008, -0.838989258, -0.401977539, -0.926579643, -0.289923428, -0.239075787, 0, 1, 5, 1, 
271.894563, 33, 0.1, 0.1, 0.00856508522, 0.365061018, -0.0349591825, 0.827904815, -0.560868627, 8.4640727e-006, 0.560868627, 0.827904815, 9.74902687e-006, -1.24753699e-005, -3.32403346e-006, 1, 0.827904868, -0.560868549, -1.04549506e-005, 0.560868549, 0.827904868, -2.04607026e-006, 9.80328098e-006, -4.16990147e-006, 1, 0, 0, 0, 0, 0, 0, 0, 0.280941577, -0.14101582, -0.187957788, -0.253388414, 0.711934404, -0.654818838, -0.868896484, 0.130004883, 0.477539063, 0.425121657, 0.690093873, 0.585845251, 0, 0, -0, 0, 0, 0, 0, 0.351572607, -0.101346533, -0.150278369, 0.0785088457, 0.462575156, -0.883034156, 0.372802734, -0.835083008, -0.404296875, -0.92447024, -0.297393091, -0.238015256, 0, 1, 5, 1, 
271.89536, 33, 0.1, 0.1, 0.00856507969, 0.365061017, -0.0349572403, 0.827904602, -0.560868942, -7.99214304e-006, 0.560868942, 0.827904602, -1.43741849e-005, 1.46787659e-005, 7.417909e-006, 1, 0.827904652, -0.560868868, 4.88791205e-006, 0.560868868, 0.827904652, 4.98958057e-006, -6.84522553e-006, -1.38941926e-006, 1, 0, 0, 0, 0, 0, 0, 0, 0.280941577, -0.14101582, -0.187957788, -0.253388414, 0.711934404, -0.654818838, -0.868896484, 0.130004883, 0.477539063, 0.425121657, 0.690093873, 0.585845251, 0, 0, -0, 0, 0, 0, 0, 0.351572607, -0.101346533, -0.150278369, 0.0785088457, 0.462575156, -0.883034156, 0.372802734, -0.835083008, -0.404296875, -0.92447024, -0.297393091, -0.238015256, 0, 1, 5, 1, 
271.896164, 33, 0.1, 0.1, 0.00856508716, 0.365061018, -0.0349581597, 0.827904477, -0.560869127, -9.32864384e-007, 0.560869127, 0.827904476, 2.29332837e-005, -1.20902482e-005, -1.95097831e-005, 1, 0.827904478, -0.560869124, -2.08438813e-005, 0.560869125, 0.827904478, 1.28231462e-005, 1.00646359e-005, -2.23070296e-005, 1, 0, 0, 0, 0, 0, 0, 0, 0.280941577, -0.14101582, -0.187957788, -0.253388414, 0.711934404, -0.654818838, -0.868896484, 0.130004883, 0.477539063, 0.425121657, 0.690093873, 0.585845251, 0, 0, -0, 0, 0, 0, 0, 0.351572607, -0.101346533, -0.150278369, 0.0785088457, 0.462575156, -0.883034156, 0.372802734, -0.835083008, -0.404296875, -0.92447024, -0.297393091, -0.238015256, 0, 1, 5, 1, 
271.896949, 33, 0.1, 0.1, 0.00856507875, 0.365061018, -0.0349613003, 0.827904649, -0.560868872, 2.19107911e-006, 0.560868872, 0.827904649, -1.76751703e-005, 8.09944824e-006, 1.58622637e-005, 1, 0.827904597, -0.560868949, 2.29629565e-005, 0.560868949, 0.827904597, -1.19091644e-005, -1.23316568e-005, 2.27388612e-005, 1, 0, 0, 0, 0, 0, 0, 0, 0.280941577, -0.14101582, -0.187957788, -0.253388414, 0.711934404, -0.654818838, -0.868896484, 0.130004883, 0.477539063, 0.425121657, 0.690093873, 0.585845251, 0, 0, -0, 0, 0, 0, 0, 0.351572607, -0.101346533, -0.150278369, 0.0785088457, 0.462575156, -0.883034156, 0.372802734, -0.835083008, -0.404296875, -0.92447024, -0.297393091, -0.238015256, 0, 1, 5, 1, 
271.897753, 33, 0.1, 0.1, 0.00856508815, 0.365061014, -0.0349656846, 0.827905093, -0.560868217, -1.12767592e-005, 0.560868218, 0.827905092, 3.26681303e-005, -8.98642963e-006, -3.33708873e-005, 0.999999999, 0.82790499, -0.560868369, -2.7535e-005, 0.56086837, 0.827904989, 2.61039459e-005, 8.15548632e-006, -3.70550976e-005, 0.999999999, 0, 0, 0, 0, 0, 0, 0, 0.280941577, -0.14101582, -0.187957788, -0.253388414, 0.711934404, -0.654818838, -0.868896484, 0.130004883, 0.477539063, 0.425121657, 0.690093873, 0.585845251, 0, 0, -0, 0, 0, 0, 0, 0.351572607, -0.101346533, -0.150278369, 0.0785088457, 0.462575156, -0.883034156, 0.372802734, -0.835083008, -0.404296875, -0.92447024, -0.297393091, -0.238015256, 0, 1, 5, 1, 
271.898538, 33, 0.1, 0.1, 0.00856508177, 0.365061016, -0.0349696104, 0.827905748, -0.560867251, 1.50123949e-005, 0.560867251, 0.827905747, -3.7994839e-005, 8.8812129e-006, 3.98761062e-005, 0.999999999, 0.827905596, -0.560867474, 2.35347347e-005, 0.560867474, 0.827905596, -2.27984208e-005, -6.69764585e-006, 3.20748074e-005, 0.999999999, 0, 0, 0, 0, 0, 0, 0, 0.280941577, -0.14101582, -0.187957788, -0.253388414, 0.711934404, -0.654818838, -0.868896484, 0.130004883, 0.477539063, 0.425121657, 0.690093873, 0.585845251, 0, 0, -0, 0, 0, 0, 0, 0.351572607, -0.101346533, -0.150278369, 0.0785088457, 0.462575156, -0.883034156, 0.372802734, -0.835083008, -0.404296875, -0.92447024, -0.297393091, -0.238015256, 0, 1, 5, 1, 
271.899378, 33, 0.1, 0.1, 0.00856508276, 0.365061026, -0.0349715346, 0.827906601, -0.560865991, -9.6984649e-006, 0.560865991, 0.827906601, 1.68931601e-005, -1.44537587e-006, -1.94254979e-005, 1, 0.827906438, -0.560866232, -8.44780016e-006, 0.560866232, 0.827906438, -9.75562323e-006, 1.24655878e-005, 3.33865743e-006, 1, 0, 0, 0, 0, 0, 0, 0, 0.281598218, -0.142622095, -0.187477368, -0.257863635, 0.710976977, -0.654133626, -0.868774414, 0.125488281, 0.478881836, 0.422617073, 0.69185221, 0.58548954, 0, 0, -0, 0, 0, 0, 0, 0.351815479, -0.102989063, -0.150038037, 0.0750778847, 0.462804466, -0.883161755, 0.376342773, -0.833251953, -0.404663086, -0.923357936, -0.30191047, -0.23680124, 0, 1, 5, 1, 
271.900188, 33, 0.1, 0.1, 0.00856508958, 0.365061013, -0.0349710608, 0.827907307, -0.560864949, -1.88153041e-005, 0.560864949, 0.827907307, 2.01425156e-005, 4.28009674e-006, -2.72289804e-005, 1, 0.82790718, -0.560865136, -2.32583407e-005, 0.560865136, 0.82790718, 3.16465458e-005, 1.506303e-006, -3.92451949e-005, 0.999999999, 0, 0, 0, 0, 0, 0, 0, 0.281598218, -0.142622095, -0.187477368, -0.257863635, 0.710976977, -0.654133626, -0.868774414, 0.125488281, 0.478881836, 0.422617073, 0.69185221, 0.58548954, 0, 0, -0, 0, 0, 0, 0, 0.351815479, -0.102989063, -0.150038037, 0.0750778847, 0.462804466, -0.883161755, 0.376342773, -0.833251953, -0.404663086, -0.923357936, -0.30191047, -0.23680124, 0, 1, 5, 1, 
271.90098, 33, 0.1, 0.1, 0.00856508283, 0.365061019, -0.0349685496, 0.827907826, -0.560864183, 2.06792471e-005, 0.560864183, 0.827907825, -3.10329966e-005, 2.84785854e-007, 3.72907098e-005, 0.999999999, 0.827907719, -0.56086434, 2.79525829e-005, 0.56086434, 0.827907719, -2.58221486e-005, -8.6594368e-006, 3.70559631e-005, 0.999999999, 0, 0, 0, 0, 0, 0, 0, 0.281598218, -0.142622095, -0.187477368, -0.257863635, 0.710976977, -0.654133626, -0.868774414, 0.125488281, 0.478881836, 0.422617073, 0.69185221, 0.58548954, 0, 0, -0, 0, 0, 0, 0, 0.351815479, -0.102989063, -0.150038037, 0.0750778847, 0.462804466, -0.883161755, 0.376342773, -0.833251953, -0.404663086, -0.923357936, -0.30191047, -0.23680124, 0, 1, 5, 1, 
271.901815, 33, 0.1, 0.1, 0.00856508261, 0.36506102, -0.0349646434, 0.8279084, -0.560863336, -1.32915155e-005, 0.560863336, 0.827908399, 1.8900996e-005, 4.03281657e-007, -2.31030171e-005, 1, 0.827908298, -0.560863487, -8.42326041e-006, 0.560863487, 0.827908297, 1.71443631e-005, -2.64196006e-006, -1.89182596e-005, 1, 0, 0, 0, 0, 0, 0, 0, 0.281998535, -0.143109473, -0.186753442, -0.262910614, 0.710057743, -0.653092702, -0.869140625, 0.119506836, 0.479858398, 0.418843534, 0.693851681, 0.585819042, 0, 0, -0, 0, 0, 0, 0, 0.351782373, -0.103059863, -0.149562988, 0.0705736323, 0.463883221, -0.88300827, 0.382080078, -0.830200195, -0.405639648, -0.921376498, -0.30867068, -0.235925909, 0, 1, 5, 1, 
271.902609, 33, 0.1, 0.1, 0.00856508292, 0.365061023, -0.0349614489, 0.827908888, -0.560862615, 6.28888914e-006, 0.560862615, 0.827908888, -2.11252352e-005, 6.64172742e-006, 2.10169728e-005, 1, 0.827908796, -0.56086275, 9.86169747e-007, 0.56086275, 0.827908796, -2.28862475e-005, 1.20195851e-005, 1.95008315e-005, 1, 0, 0, 0, 0, 0, 0, 0, 0.281998535, -0.143109473, -0.186753442, -0.262910614, 0.710057743, -0.653092702, -0.869140625, 0.119506836, 0.479858398, 0.418843534, 0.693851681, 0.585819042, 0, 0, -0, 0, 0, 0, 0, 0.351782373, -0.103059863, -0.149562988, 0.0705736323, 0.463883221, -0.88300827, 0.382080078, -0.830200195, -0.405639648, -0.921376498, -0.30867068, -0.235925909, 0, 1, 5, 1, 
271.903404, 33, 0.1, 0.1, 0.0085650817, 0.365061023, -0.0349596794, 0.8279092, -0.560862154, -4.07709172e-006, 0.560862154, 0.8279092, -9.12269905e-006, 8.49203839e-006, 5.26608003e-006, 1, 0.827909158, -0.560862217, -7.1767124e-006, 0.560862217, 0.827909158, 9.15098939e-007, 5.4284215e-006, -4.78276562e-006, 1, 0, 0, 0, 0, 0, 0, 0, 0.281998535, -0.143109473, -0.186753442, -0.262910614, 0.710057743, -0.653092702, -0.869140625, 0.119506836, 0.479858398, 0.418843534, 0.693851681, 0.585819042, 0, 0, -0, 0, 0, 0, 0, 0.351782373, -0.103059863, -0.149562988, 0.0705736323, 0.463883221, -0.88300827, 0.382080078, -0.830200195, -0.405639648, -0.921376498, -0.30867068, -0.235925909, 0, 1, 5, 1, 
271.904196, 33, 0.1, 0.1, 0.00856508157, 0.36506102, -0.0349600824, 0.827909312, -0.560861989, -1.06877517e-005, 0.560861989, 0.827909312, 1.1960546e-005, 2.1402735e-006, -1.58966011e-005, 1, 0.827909304, -0.560862002, -2.87727828e-006, 0.560862002, 0.827909303, 2.15816861e-005, -9.72222221e-006, -1.94814348e-005, 1, 0, 0, 0, 0, 0, 0, 0, 0.281998535, -0.143109473, -0.186753442, -0.262910614, 0.710057743, -0.653092702, -0.869140625, 0.119506836, 0.479858398, 0.418843534, 0.693851681, 0.585819042, 0, 0, -0, 0, 0, 0, 0, 0.351782373, -0.103059863, -0.149562988, 0.0705736323, 0.463883221, -0.88300827, 0.382080078, -0.830200195, -0.405639648, -0.921376498, -0.30867068, -0.235925909, 0, 1, 5, 1, 
271.904988, 33, 0.1, 0.1, 0.00856507564, 0.365061024, -0.034962009, 0.827909225, -0.560862117, 2.10683631e-005, 0.560862117, 0.827909225, -9.21785809e-006, -1.22727448e-005, 1.94479965e-005, 1, 0.827909252, -0.560862077, 2.78803534e-005, 0.560862078, 0.827909252, -1.31251805e-005, -1.57209865e-005, 2.65034913e-005, 1, 0, 0, 0, 0, 0, 0, 0, 0.281998535, -0.143109473, -0.186753442, -0.262910614, 0.710057743, -0.653092702, -0.869140625, 0.119506836, 0.479858398, 0.418843534, 0.693851681, 0.585819042, 0, 0, -0, 0, 0, 0, 0, 0.351782373, -0.103059863, -0.149562988, 0.0705736323, 0.463883221, -0.88300827, 0.382080078, -0.830200195, -0.405639648, -0.921376498, -0.30867068, -0.235925909, 0, 1, 5, 1, 
271.905793, 33, 0.1, 0.1, 0.00856508674, 0.365061021, -0.0349649604, 0.827909086, -0.560862321, -3.80663098e-005, 0.560862322, 0.827909087, 1.26489783e-005, 2.44211085e-005, -3.1822163e-005, 0.999999999, 0.82790911, -0.560862285, -4.38962491e-005, 0.560862286, 0.827909111, 1.29808631e-005, 2.9061628e-005, -3.53667255e-005, 0.999999999, 0, 0, 0, 0, 0, 0, 0, 0.281998535, -0.143109473, -0.186753442, -0.262910614, 0.710057743, -0.653092702, -0.869140625, 0.119506836, 0.479858398, 0.418843534, 0.693851681, 0.585819042, 0, 0, -0, 0, 0, 0, 0, 0.351782373, -0.103059863, -0.149562988, 0.0705736323, 0.463883221, -0.88300827, 0.382080078, -0.830200195, -0.405639648, -0.921376498, -0.30867068, -0.235925909, 0, 1, 5, 1, 
271.906609, 33, 0.1, 0.1, 0.00856508306, 0.365061021, -0.0349674585, 0.827908974, -0.560862488, 1.79387704e-005, 0.560862488, 0.827908974, -4.36745354e-007, -1.46067149e-005, 1.04227688e-005, 1, 0.827908993, -0.560862459, 2.33429509e-005, 0.56086246, 0.827908993, -4.19702544e-007, -1.90904436e-005, 1.34396603e-005, 1, 0, 0, 0, 0, 0, 0, 0, 0.282912354, -0.143994385, -0.186446948, -0.266700623, 0.710172319, -0.651537309, -0.869384766, 0.114501953, 0.48059082, 0.415983238, 0.694575086, 0.587055795, 0, 0, -0, 0, 0, 0, 0, 0.352273633, -0.103447021, -0.149276758, 0.0673216754, 0.466374319, -0.882011538, 0.386962891, -0.826904297, -0.407714844, -0.919631667, -0.313686792, -0.236066633, 0, 1, 5, 1, 
271.907413, 33, 0.1, 0.1, 0.0085650919, 0.36506102, -0.0349689135, 0.827908887, -0.560862616, -2.9394223e-005, 0.560862617, 0.827908887, 3.24244196e-006, 2.2517174e-005, -1.91705673e-005, 1, 0.827908904, -0.56086259, -3.56947235e-005, 0.560862591, 0.827908904, 4.81007122e-006, 2.68541904e-005, -2.40021359e-005, 0.999999999, 0, 0, 0, 0, 0, 0, 0, 0.282912354, -0.143994385, -0.186446948, -0.266700623, 0.710172319, -0.651537309, -0.869384766, 0.114501953, 0.48059082, 0.415983238, 0.694575086, 0.587055795, 0, 0, -0, 0, 0, 0, 0, 0.352273633, -0.103447021, -0.149276758, 0.0673216754, 0.466374319, -0.882011538, 0.386962891, -0.826904297, -0.407714844, -0.919631667, -0.313686792, -0.236066633, 0, 1, 5, 1, 
271.908211, 33, 0.1, 0.1, 0.00856508609, 0.365061022, -0.0349690238, 0.827908805, -0.560862738, 2.25155252e-005, 0.560862738, 0.827908805, -3.7371474e-006, -1.65447749e-005, 1.57221364e-005, 1, 0.827908822, -0.560862713, 2.72487219e-005, 0.560862713, 0.827908822, -5.82115884e-006, -1.92945863e-005, 2.01021808e-005, 1, 0, 0, 0, 0, 0, 0, 0, 0.282912354, -0.143994385, -0.186446948, -0.266700623, 0.710172319, -0.651537309, -0.869384766, 0.114501953, 0.48059082, 0.415983238, 0.694575086, 0.587055795, 0, 0, -0, 0, 0, 0, 0, 0.352273633, -0.103447021, -0.149276758, 0.0673216754, 0.466374319, -0.882011538, 0.386962891, -0.826904297, -0.407714844, -0.919631667, -0.313686792, -0.236066633, 0, 1, 5, 1, 
271.908998, 33, 0.1, 0.1, 0.00856509197, 0.36506102, -0.0349678165, 0.827908723, -0.560862859, -2.15109492e-005, 0.560862859, 0.827908723, 5.8740662e-006, 1.45145569e-005, -1.69278831e-005, 1, 0.827908738, -0.560862836, -2.81028031e-005, 0.560862836, 0.827908738, 7.64198496e-006, 1.89804509e-005, -2.2088684e-005, 1, 0, 0, 0, 0, 0, 0, 0, 0.282912354, -0.143994385, -0.186446948, -0.266700623, 0.710172319, -0.651537309, -0.869384766, 0.114501953, 0.48059082, 0.415983238, 0.694575086, 0.587055795, 0, 0, -0, 0, 0, 0, 0, 0.352273633, -0.103447021, -0.149276758, 0.0673216754, 0.466374319, -0.882011538, 0.386962891, -0.826904297, -0.407714844, -0.919631667, -0.313686792, -0.236066633, 0, 1, 5, 1, 
271.909812, 33, 0.1, 0.1, 0.00856508208, 0.365061023, -0.0349657711, 0.827908641, -0.56086298, 3.13063892e-005, 0.56086298, 0.827908641, -6.04296798e-006, -2.25295531e-005, 2.25616201e-005, 0.999999999, 0.827908656, -0.560862956, 3.78490447e-005, 0.560862957, 0.827908657, -7.85005325e-006, -2.69327477e-005, 2.77272541e-005, 0.999999999, 0, 0, 0, 0, 0, 0, 0, 0.282912354, -0.143994385, -0.186446948, -0.266700623, 0.710172319, -0.651537309, -0.869384766, 0.114501953, 0.48059082, 0.415983238, 0.694575086, 0.587055795, 0, 0, -0, 0, 0, 0, 0, 0.352273633, -0.103447021, -0.149276758, 0.0673216754, 0.466374319, -0.882011538, 0.386962891, -0.826904297, -0.407714844, -0.919631667, -0.313686792, -0.236066633, 0, 1, 5, 1, 
271.910595, 33, 0.1, 0.1, 0.00856508711, 0.365061022, -0.0349637235, 0.827908565, -0.560863092, -2.09305078e-005, 0.560863092, 0.827908565, 5.76346512e-006, 1.40960318e-005, -1.65107715e-005, 1, 0.82790858, -0.56086307, -2.78035796e-005, 0.56086307, 0.82790858, 7.46234313e-006, 1.88334694e-005, -2.17721389e-005, 1, 0, 0, 0, 0, 0, 0, 0, 0.282912354, -0.143994385, -0.186446948, -0.266700623, 0.710172319, -0.651537309, -0.869384766, 0.114501953, 0.48059082, 0.415983238, 0.694575086, 0.587055795, 0, 0, -0, 0, 0, 0, 0, 0.352273633, -0.103447021, -0.149276758, 0.0673216754, 0.466374319, -0.882011538, 0.386962891, -0.826904297, -0.407714844, -0.919631667, -0.313686792, -0.236066633, 0, 1, 5, 1, 
271.911442, 33, 0.1, 0.1, 0.00856507421, 0.365061025, -0.0349617404, 0.827908489, -0.560863203, 3.76878744e-005, 0.560863203, 0.82790849, -8.14852471e-006, -2.66319035e-005, 2.78839747e-005, 0.999999999, 0.827908503, -0.560863182, 4.61981961e-005, 0.560863183, 0.827908503, -1.012996e-005, -3.25663578e-005, 3.42975473e-005, 0.999999999, 0, 0, 0, 0, 0, 0, 0, 0.283678735, -0.145370581, -0.185990942, -0.269074901, 0.709379644, -0.651334366, -0.869384766, 0.111938477, 0.481201172, 0.414258224, 0.695812961, 0.586776468, 0, 0, -0, 0, 0, 0, 0, 0.352869141, -0.104585938, -0.14881709, 0.0658586596, 0.466910598, -0.881743215, 0.389526367, -0.825561523, -0.408081055, -0.918558009, -0.316453509, -0.236283917, 0, 1, 5, 1, 
271.912231, 33, 0.1, 0.1, 0.00856508032, 0.365061023, -0.0349611118, 0.827908425, -0.560863299, -2.68109099e-005, 0.560863299, 0.827908425, 7.42039943e-006, 1.80351485e-005, -2.11806666e-005, 1, 0.827908437, -0.560863281, -3.27980126e-005, 0.560863281, 0.827908437, 8.67937531e-006, 2.22858084e-005, -2.5580929e-005, 0.999999999, 0, 0, 0, 0, 0, 0, 0, 0.283678735, -0.145370581, -0.185990942, -0.269074901, 0.709379644, -0.651334366, -0.869384766, 0.111938477, 0.481201172, 0.414258224, 0.695812961, 0.586776468, 0, 0, -0, 0, 0, 0, 0, 0.352869141, -0.104585938, -0.14881709, 0.0658586596, 0.466910598, -0.881743215, 0.389526367, -0.825561523, -0.408081055, -0.918558009, -0.316453509, -0.236283917, 0, 1, 5, 1, 
271.913013, 33, 0.1, 0.1, 0.00856507211, 0.365061025, -0.0349618281, 0.82790837, -0.560863379, 2.83073839e-005, 0.560863379, 0.82790837, -7.18231507e-006, -1.94076226e-005, 2.18228737e-005, 1, 0.827908378, -0.560863366, 3.57514687e-005, 0.560863367, 0.827908379, -7.94559043e-006, -2.51425499e-005, 2.662991e-005, 0.999999999, 0, 0, 0, 0, 0, 0, 0, 0.283678735, -0.145370581, -0.185990942, -0.269074901, 0.709379644, -0.651334366, -0.869384766, 0.111938477, 0.481201172, 0.414258224, 0.695812961, 0.586776468, 0, 0, -0, 0, 0, 0, 0, 0.352869141, -0.104585938, -0.14881709, 0.0658586596, 0.466910598, -0.881743215, 0.389526367, -0.825561523, -0.408081055, -0.918558009, -0.316453509, -0.236283917, 0, 1, 5, 1, 
271.913816, 33, 0.1, 0.1, 0.00856508172, 0.365061024, -0.0349637718, 0.827908332, -0.560863435, -3.53366949e-005, 0.560863436, 0.827908332, 7.06681049e-006, 2.52920285e-005, -2.56697314e-005, 0.999999999, 0.827908337, -0.560863427, -4.11224746e-005, 0.560863427, 0.827908338, 6.86005147e-006, 3.01980877e-005, -2.87435859e-005, 0.999999999, 0, 0, 0, 0, 0, 0, 0, 0.283678735, -0.145370581, -0.185990942, -0.269074901, 0.709379644, -0.651334366, -0.869384766, 0.111938477, 0.481201172, 0.414258224, 0.695812961, 0.586776468, 0, 0, -0, 0, 0, 0, 0, 0.352869141, -0.104585938, -0.14881709, 0.0658586596, 0.466910598, -0.881743215, 0.389526367, -0.825561523, -0.408081055, -0.918558009, -0.316453509, -0.236283917, 0, 1, 5, 1, 
271.914604, 33, 0.1, 0.1, 0.00856507769, 0.365061025, -0.0349659967, 0.82790831, -0.560863467, 1.82569878e-005, 0.560863468, 0.827908311, -2.28332314e-006, -1.38344794e-005, 1.21300597e-005, 1, 0.827908314, -0.560863462, 2.41812107e-005, 0.560863462, 0.827908314, -3.00899178e-006, -1.83321919e-005, 1.60535269e-005, 1, 0, 0, 0, 0, 0, 0, 0, 0.283678735, -0.145370581, -0.185990942, -0.269074901, 0.709379644, -0.651334366, -0.869384766, 0.111938477, 0.481201172, 0.414258224, 0.695812961, 0.586776468, 0, 0, -0, 0, 0, 0, 0, 0.352869141, -0.104585938, -0.14881709, 0.0658586596, 0.466910598, -0.881743215, 0.389526367, -0.825561523, -0.408081055, -0.918558009, -0.316453509, -0.236283917, 0, 1, 5, 1, 
271.915411, 33, 0.1, 0.1, 0.00856508783, 0.365061023, -0.0349677925, 0.827908298, -0.560863485, -3.32568365e-005, 0.560863486, 0.827908298, 6.97086697e-006, 2.36239062e-005, -2.44237839e-005, 0.999999999, 0.827908299, -0.560863483, -3.97593278e-005, 0.560863483, 0.8279083, 7.40300042e-006, 2.87650049e-005, -2.84285606e-005, 0.999999999, 0, 0, 0, 0, 0, 0, 0, 0.283678735, -0.145370581, -0.185990942, -0.269074901, 0.709379644, -0.651334366, -0.869384766, 0.111938477, 0.481201172, 0.414258224, 0.695812961, 0.586776468, 0, 0, -0, 0, 0, 0, 0, 0.352869141, -0.104585938, -0.14881709, 0.0658586596, 0.466910598, -0.881743215, 0.389526367, -0.825561523, -0.408081055, -0.918558009, -0.316453509, -0.236283917, 0, 1, 5, 1, 
271.916239, 33, 0.1, 0.1, 0.00856508246, 0.365061025, -0.0349682131, 0.827908294, -0.560863492, 2.15768908e-005, 0.560863492, 0.827908294, -4.70968305e-006, -1.52221976e-005, 1.6000876e-005, 1, 0.827908294, -0.560863492, 2.6907175e-005, 0.560863492, 0.827908294, -4.91718866e-006, -1.95188017e-005, 1.91622334e-005, 1, 0, 0, 0, 0, 0, 0, 0, 0.284829956, -0.146745435, -0.185737183, -0.272629766, 0.708606064, -0.650731529, -0.869262695, 0.108276367, 0.482177734, 0.412102237, 0.697171403, 0.586680988, 0, 0, -0, 0, 0, 0, 0, 0.353654687, -0.105961523, -0.148803662, 0.0639100374, 0.467363755, -0.881660093, 0.392211914, -0.82409668, -0.408569336, -0.91753539, -0.31959719, -0.235906952, 0, 1, 5, 1, 
271.917022, 33, 0.1, 0.1, 0.00856508936, 0.365061024, -0.0349675027, 0.827908298, -0.560863486, -2.45700627e-005, 0.560863486, 0.827908298, 4.45194056e-006, 1.78448279e-005, -1.74662495e-005, 1, 0.827908296, -0.560863488, -3.10575542e-005, 0.560863488, 0.827908297, 4.95293023e-006, 2.29348891e-005, -2.15196202e-005, 1, 0, 0, 0, 0, 0, 0, 0, 0.284829956, -0.146745435, -0.185737183, -0.272629766, 0.708606064, -0.650731529, -0.869262695, 0.108276367, 0.482177734, 0.412102237, 0.697171403, 0.586680988, 0, 0, -0, 0, 0, 0, 0, 0.353654687, -0.105961523, -0.148803662, 0.0639100374, 0.467363755, -0.881660093, 0.392211914, -0.82409668, -0.408569336, -0.91753539, -0.31959719, -0.235906952, 0, 1, 5, 1, 
271.917825, 33, 0.1, 0.1, 0.00856508058, 0.365061026, -0.0349661515, 0.827908312, -0.560863465, 2.97091819e-005, 0.560863465, 0.827908312, -3.56313948e-006, -2.25980439e-005, 1.96127475e-005, 1, 0.827908309, -0.560863469, 3.580478e-005, 0.560863469, 0.82790831, -4.30505628e-006, -2.72285261e-005, 2.3645785e-005, 0.999999999, 0, 0, 0, 0, 0, 0, 0, 0.284829956, -0.146745435, -0.185737183, -0.272629766, 0.708606064, -0.650731529, -0.869262695, 0.108276367, 0.482177734, 0.412102237, 0.697171403, 0.586680988, 0, 0, -0, 0, 0, 0, 0, 0.353654687, -0.105961523, -0.148803662, 0.0639100374, 0.467363755, -0.881660093, 0.392211914, -0.82409668, -0.408569336, -0.91753539, -0.31959719, -0.235906952, 0, 1, 5, 1, 
271.918641, 33, 0.1, 0.1, 0.0085650873, 0.365061025, -0.0349642359, 0.827908329, -0.560863439, -2.48477341e-005, 0.560863439, 0.82790833, 2.94770299e-006, 1.89183872e-005, -1.63766134e-005, 1, 0.827908327, -0.560863443, -3.22430689e-005, 0.560863443, 0.827908327, 4.54023677e-006, 2.41478524e-005, -2.18428585e-005, 0.999999999, 0, 0, 0, 0, 0, 0, 0, 0.286098486, -0.148781836, -0.184852393, -0.273874754, 0.708016332, -0.650915376, -0.869995117, 0.105957031, 0.481323242, 0.409703993, 0.698129951, 0.587080882, 0, 0, -0, 0, 0, 0, 0, 0.354849512, -0.107590137, -0.147513281, 0.0646067307, 0.467305786, -0.881660459, 0.395751953, -0.822998047, -0.407226562, -0.915989252, -0.322549108, -0.238239102, 0, 1, 5, 1, 
271.919447, 33, 0.1, 0.1, 0.00856507716, 0.365061027, -0.0349627494, 0.827908339, -0.560863424, 3.34518381e-005, 0.560863425, 0.827908339, -5.49076992e-006, -2.46154837e-005, 2.33077667e-005, 0.999999999, 0.827908338, -0.560863425, 4.03758951e-005, 0.560863426, 0.827908339, -7.28287487e-006, -2.93428421e-005, 2.86749157e-005, 0.999999999, 0, 0, 0, 0, 0, 0, 0, 0.286098486, -0.148781836, -0.184852393, -0.273874754, 0.708016332, -0.650915376, -0.869995117, 0.105957031, 0.481323242, 0.409703993, 0.698129951, 0.587080882, 0, 0, -0, 0, 0, 0, 0, 0.354849512, -0.107590137, -0.147513281, 0.0646067307, 0.467305786, -0.881660459, 0.395751953, -0.822998047, -0.407226562, -0.915989252, -0.322549108, -0.238239102, 0, 1, 5, 1, 
271.92023, 33, 0.1, 0.1, 0.0085650831, 0.365061027, -0.0349622888, 0.827908341, -0.560863422, -2.5022559e-005, 0.560863422, 0.827908341, 3.90717679e-006, 1.85249927e-005, -1.72690223e-005, 1, 0.827908341, -0.560863421, -3.14253237e-005, 0.560863422, 0.827908342, 5.42855921e-006, 2.29726073e-005, -2.2119664e-005, 0.999999999, 0, 0, 0, 0, 0, 0, 0, 0.286098486, -0.148781836, -0.184852393, -0.273874754, 0.708016332, -0.650915376, -0.869995117, 0.105957031, 0.481323242, 0.409703993, 0.698129951, 0.587080882, 0, 0, -0, 0, 0, 0, 0, 0.354849512, -0.107590137, -0.147513281, 0.0646067307, 0.467305786, -0.881660459, 0.395751953, -0.822998047, -0.407226562, -0.915989252, -0.322549108, -0.238239102, 0, 1, 5, 1, 
271.921023, 33, 0.1, 0.1, 0.00856507333, 0.365061029, -0.0349628115, 0.827908337, -0.560863428, 3.3032584e-005, 0.560863428, 0.827908337, -5.14534486e-006, -2.44621159e-005, 2.27866422e-005, 0.999999999, 0.827908338, -0.560863425, 3.97406275e-005, 0.560863426, 0.827908339, -6.75823829e-006, -2.91111483e-005, 2.78842663e-005, 0.999999999, 0, 0, 0, 0, 0, 0, 0, 0.286098486, -0.148781836, -0.184852393, -0.273874754, 0.708016332, -0.650915376, -0.869995117, 0.105957031, 0.481323242, 0.409703993, 0.698129951, 0.587080882, 0, 0, -0, 0, 0, 0, 0, 0.354849512, -0.107590137, -0.147513281, 0.0646067307, 0.467305786, -0.881660459, 0.395751953, -0.822998047, -0.407226562, -0.915989252, -0.322549108, -0.238239102, 0, 1, 5, 1, 
271.921825, 33, 0.1, 0.1, 0.00856508009, 0.365061028, -0.034964172, 0.827908328, -0.560863441, -2.78024897e-005, 0.560863442, 0.827908328, 4.1629043e-006, 2.06830919e-005, -1.90399032e-005, 1, 0.82790833, -0.560863437, -3.34000274e-005, 0.560863438, 0.827908331, 5.61753265e-006, 2.45014923e-005, -2.33836563e-005, 0.999999999, 0, 0, 0, 0, 0, 0, 0, 0.286098486, -0.148781836, -0.184852393, -0.273874754, 0.708016332, -0.650915376, -0.869995117, 0.105957031, 0.481323242, 0.409703993, 0.698129951, 0.587080882, 0, 0, -0, 0, 0, 0, 0, 0.354849512, -0.107590137, -0.147513281, 0.0646067307, 0.467305786, -0.881660459, 0.395751953, -0.822998047, -0.407226562, -0.915989252, -0.322549108, -0.238239102, 0, 1, 5, 1, 
271.922616, 33, 0.1, 0.1, 0.00856507335, 0.36506103, -0.0349656744, 0.827908315, -0.560863461, 2.47190138e-005, 0.560863461, 0.827908315, -4.13445113e-006, -1.81462145e-005, 1.72869381e-005, 1, 0.827908318, -0.560863456, 3.10853931e-005, 0.560863457, 0.827908318, -5.67085887e-006, -2.2555278e-005, 2.21296122e-005, 1, 0, 0, 0, 0, 0, 0, 0, 0.286098486, -0.148781836, -0.184852393, -0.273874754, 0.708016332, -0.650915376, -0.869995117, 0.105957031, 0.481323242, 0.409703993, 0.698129951, 0.587080882, 0, 0, -0, 0, 0, 0, 0, 0.354849512, -0.107590137, -0.147513281, 0.0646067307, 0.467305786, -0.881660459, 0.395751953, -0.822998047, -0.407226562, -0.915989252, -0.322549108, -0.238239102, 0, 1, 5, 1, 
271.923459, 33, 0.1, 0.1, 0.00856508349, 0.365061028, -0.0349665083, 0.827908299, -0.560863484, -3.4201667e-005, 0.560863485, 0.827908299, 7.2306462e-006, 2.42604385e-005, -2.51687781e-005, 0.999999999, 0.827908301, -0.560863481, -4.044619e-005, 0.560863481, 0.827908301, 7.76979082e-006, 2.91279446e-005, -2.91174652e-005, 0.999999999, 0, 0, 0, 0, 0, 0, 0, 0.287535449, -0.1501302, -0.184142139, -0.276135578, 0.707788302, -0.650203954, -0.87097168, 0.101806641, 0.48059082, 0.406354314, 0.699031211, 0.588451307, 0, 0, -0, 0, 0, 0, 0, 0.355993311, -0.108744922, -0.146193115, 0.0642173728, 0.468327305, -0.8811497, 0.401489258, -0.82043457, -0.406860352, -0.913452578, -0.327596936, -0.240763016, 0, 1, 5, 1, 
271.924254, 33, 0.1, 0.1, 0.00856507944, 0.365061029, -0.0349667126, 0.827908289, -0.560863499, 1.79864122e-005, 0.560863499, 0.827908289, -3.6418326e-006, -1.28485287e-005, 1.31030255e-005, 1, 0.827908291, -0.560863497, 2.35423908e-005, 0.560863497, 0.827908291, -4.5897178e-006, -1.69167354e-005, 1.70039331e-005, 1, 0, 0, 0, 0, 0, 0, 0, 0.287535449, -0.1501302, -0.184142139, -0.276135578, 0.707788302, -0.650203954, -0.87097168, 0.101806641, 0.48059082, 0.406354314, 0.699031211, 0.588451307, 0, 0, -0, 0, 0, 0, 0, 0.355993311, -0.108744922, -0.146193115, 0.0642173728, 0.468327305, -0.8811497, 0.401489258, -0.82043457, -0.406860352, -0.913452578, -0.327596936, -0.240763016, 0, 1, 5, 1, 
271.925053, 33, 0.1, 0.1, 0.00856508856, 0.365061028, -0.0349662933, 0.82790828, -0.560863512, -2.9525765e-005, 0.560863513, 0.82790828, 5.04263421e-006, 2.16163958e-005, -2.07347629e-005, 1, 0.827908282, -0.560863509, -3.66701409e-005, 0.56086351, 0.827908282, 6.45597761e-006, 2.67385911e-005, -2.59119012e-005, 0.999999999, 0, 0, 0, 0, 0, 0, 0, 0.287535449, -0.1501302, -0.184142139, -0.276135578, 0.707788302, -0.650203954, -0.87097168, 0.101806641, 0.48059082, 0.406354314, 0.699031211, 0.588451307, 0, 0, -0, 0, 0, 0, 0, 0.355993311, -0.108744922, -0.146193115, 0.0642173728, 0.468327305, -0.8811497, 0.401489258, -0.82043457, -0.406860352, -0.913452578, -0.327596936, -0.240763016, 0, 1, 5, 1, 
271.925849, 33, 0.1, 0.1, 0.00856508113, 0.365061029, -0.034965633, 0.827908273, -0.560863522, 2.72604189e-005, 0.560863523, 0.827908273, -5.21492808e-006, -1.96442634e-005, 1.96068567e-005, 1, 0.827908274, -0.560863521, 3.29725618e-005, 0.560863521, 0.827908274, -5.75179373e-006, -2.40722854e-005, 2.32550647e-005, 0.999999999, 0, 0, 0, 0, 0, 0, 0, 0.287535449, -0.1501302, -0.184142139, -0.276135578, 0.707788302, -0.650203954, -0.87097168, 0.101806641, 0.48059082, 0.406354314, 0.699031211, 0.588451307, 0, 0, -0, 0, 0, 0, 0, 0.355993311, -0.108744922, -0.146193115, 0.0642173728, 0.468327305, -0.8811497, 0.401489258, -0.82043457, -0.406860352, -0.913452578, -0.327596936, -0.240763016, 0, 1, 5, 1, 
271.926637, 33, 0.1, 0.1, 0.00856508717, 0.365061029, -0.0349648416, 0.827908275, -0.56086352, -2.27478767e-005, 0.56086352, 0.827908275, 2.75978208e-006, 1.72852943e-005, -1.50433007e-005, 1, 0.827908274, -0.560863521, -3.00592857e-005, 0.560863521, 0.827908274, 3.72150877e-006, 2.27990728e-005, -1.99402247e-005, 1, 0, 0, 0, 0, 0, 0, 0, 0.287535449, -0.1501302, -0.184142139, -0.276135578, 0.707788302, -0.650203954, -0.87097168, 0.101806641, 0.48059082, 0.406354314, 0.699031211, 0.588451307, 0, 0, -0, 0, 0, 0, 0, 0.355993311, -0.108744922, -0.146193115, 0.0642173728, 0.468327305, -0.8811497, 0.401489258, -0.82043457, -0.406860352, -0.913452578, -0.327596936, -0.240763016, 0, 1, 5, 1, 
