time, trialNum, realDorsalTactorPos, realVentralTactorPos, boxPosX, boxPosY, boxPosZ, boxLocalRot_11, boxLocalRot_12, boxLocalRot_13, boxLocalRot_21, boxLocalRot_22, boxLocalRot_23, boxLocalRot_31, boxLocalRot_32, boxLocalRot_33, boxGlobalRot_11, boxGlobalRot_12, boxGlobalRot_13, boxGlobalRot_21, boxGlobalRot_22, boxGlobalRot_23, boxGlobalRot_31, boxGlobalRot_32, boxGlobalRot_33, indexForceX, indexForceY, indexForceZ, indexForceGlobalX, indexForceGlobalY, indexForceGlobalZ, indexContact, indexPosX, indexPosY, indexPosZ, indexRot_11, indexRot_12, indexRot_13, indexRot_21, indexRot_22, indexRot_23, indexRot_31, indexRot_32, indexRot_33, thumbForceX, thumbForceY, thumbForceZ, thumbForceGlobalX, thumbForceGlobalY, thumbForceGlobalZ, thumbContact, thumbPosX, thumbPosY, thumbPosZ, thumbRot_11, thumbRot_12, thumbRot_13, thumbRot_21, thumbRot_22, thumbRot_23, thumbRot_31, thumbRot_32, thumbRot_33, manipForceTooHigh, cceExpType, mapping, trialSuccess, 
184.182565, 20, 0.1, 0.1, -0.000221875282, 0.36789616, -0.0349723196, 0.844049901, -0.536264641, 6.09859235e-006, 0.536264641, 0.844049901, -2.22021379e-006, -3.95689411e-006, 5.14443067e-006, 1, 0.844049724, -0.536264919, 4.53101789e-006, 0.536264919, 0.844049724, 6.27209455e-006, -7.18790868e-006, -2.86413373e-006, 1, 0, 0, 0, 0, 0, 0, 0, 0.307325488, -0.152446802, -0.222226367, -0.170497532, 0.715777213, -0.677154916, -0.914306641, 0.141113281, 0.379272461, 0.367129159, 0.683923595, 0.630539052, 0, 0, -0, 0, 0, 0, 0, 0.374015186, -0.116511084, -0.182731641, 0.111418873, 0.406922586, -0.906520801, 0.329711914, -0.875732422, -0.352539062, -0.93745878, -0.259546007, -0.231769069, 0, 1, 3, 1, 
184.206493, 20, 0.1, 0.1, -0.000221861729, 0.367896162, -0.0349661635, 0.844054809, -0.536256915, -7.74845831e-006, 0.536256915, 0.844054809, 2.82977667e-006, 5.0226362e-006, -6.54365096e-006, 1, 0.844054761, -0.53625699, -9.4109315e-006, 0.53625699, 0.844054761, -9.54606549e-007, 8.45525598e-006, -4.2409376e-006, 1, 0, 0, 0, 0, 0, 0, 0, 0.311053296, -0.158152905, -0.219349268, -0.200668198, 0.703462101, -0.68173273, -0.919311523, 0.104980469, 0.37902832, 0.338167125, 0.702929804, 0.625826062, 0, 0, -0, 0, 0, 0, 0, 0.375894287, -0.119934912, -0.181177148, 0.0955685021, 0.401881287, -0.910660849, 0.365844727, -0.864868164, -0.343261719, -0.925623023, -0.300335478, -0.229749351, 0, 1, 3, 1, 
184.207185, 20, 0.1, 0.1, -0.000221862803, 0.367896163, -0.0349645833, 0.844055084, -0.536256482, -8.77738338e-006, 0.536256482, 0.844055084, -3.00373879e-006, 9.01936946e-006, -2.17160773e-006, 1, 0.844055023, -0.536256579, -1.25182184e-006, 0.536256579, 0.844055023, -9.41572101e-006, 6.10584885e-006, 7.27608891e-006, 1, 0, 0, 0, 0, 0, 0, 0, 0.311053296, -0.158152905, -0.219349268, -0.200668198, 0.703462101, -0.68173273, -0.919311523, 0.104980469, 0.37902832, 0.338167125, 0.702929804, 0.625826062, 0, 0, -0, 0, 0, 0, 0, 0.375894287, -0.119934912, -0.181177148, 0.0955685021, 0.401881287, -0.910660849, 0.365844727, -0.864868164, -0.343261719, -0.925623023, -0.300335478, -0.229749351, 0, 1, 3, 1, 
184.207897, 20, 0.1, 0.1, -0.000221864007, 0.367896164, -0.0349645619, 0.844055439, -0.536255923, -1.87388823e-006, 0.536255923, 0.844055439, -8.51502824e-006, 6.14789988e-006, 6.18227225e-006, 1, 0.844055359, -0.536256049, 9.06935797e-006, 0.53625605, 0.844055359, -6.66096458e-006, -4.08305764e-006, 1.04857209e-005, 1, 0, 0, 0, 0, 0, 0, 0, 0.311053296, -0.158152905, -0.219349268, -0.20169826, 0.700182815, -0.684728942, -0.920654297, 0.102783203, 0.376342773, 0.334004554, 0.706415398, 0.62407596, 0, 0, -0, 0, 0, 0, 0, 0.375894287, -0.119934912, -0.181177148, 0.0955685021, 0.401881287, -0.910660849, 0.365844727, -0.864868164, -0.343261719, -0.925623023, -0.300335478, -0.229749351, 0, 1, 3, 1, 
184.208612, 20, 0.1, 0.1, -0.000221864353, 0.367896163, -0.0349657435, 0.844055865, -0.536255254, 7.77678426e-006, 0.536255254, 0.844055865, -3.26925688e-006, -4.81088419e-006, 6.92977686e-006, 1, 0.844055777, -0.536255392, 9.23760666e-006, 0.536255392, 0.844055777, 6.42288344e-007, -8.14148585e-006, 4.41158919e-006, 1, 0, 0, 0, 0, 0, 0, 0, 0.311434473, -0.160095825, -0.218168262, -0.20169826, 0.700182815, -0.684728942, -0.920654297, 0.102783203, 0.376342773, 0.334004554, 0.706415398, 0.62407596, 0, 0, -0, 0, 0, 0, 0, 0.376016113, -0.12129502, -0.18015957, 0.0968594436, 0.399484604, -0.911574826, 0.369995117, -0.864624023, -0.339599609, -0.923891685, -0.304392404, -0.231563812, 0, 1, 3, 1, 
184.209307, 20, 0.1, 0.1, -0.000221863835, 0.367896161, -0.0349678383, 0.844056327, -0.536254526, 7.53423425e-006, 0.536254526, 0.844056327, 2.7120827e-006, -7.81368471e-006, 1.75111665e-006, 1, 0.844056231, -0.536254677, 6.57700351e-007, 0.536254676, 0.844056231, 8.27769857e-006, -4.99409065e-006, -6.63414817e-006, 1, 0, 0, 0, 0, 0, 0, 0, 0.311434473, -0.160095825, -0.218168262, -0.20169826, 0.700182815, -0.684728942, -0.920654297, 0.102783203, 0.376342773, 0.334004554, 0.706415398, 0.62407596, 0, 0, -0, 0, 0, 0, 0, 0.376016113, -0.12129502, -0.18015957, 0.0968594436, 0.399484604, -0.911574826, 0.369995117, -0.864624023, -0.339599609, -0.923891685, -0.304392404, -0.231563812, 0, 1, 3, 1, 
184.210005, 20, 0.1, 0.1, -0.000221863309, 0.36789616, -0.0349703141, 0.844056828, -0.536253738, 4.67015228e-007, 0.536253738, 0.844056828, 7.43822726e-006, -4.38296456e-006, -6.02784785e-006, 1, 0.844056728, -0.536253895, -7.76569314e-006, 0.536253895, 0.844056728, 5.89628872e-006, 3.39277775e-006, -9.14118536e-006, 1, 0, 0, 0, 0, 0, 0, 0, 0.311434473, -0.160095825, -0.218168262, -0.20169826, 0.700182815, -0.684728942, -0.920654297, 0.102783203, 0.376342773, 0.334004554, 0.706415398, 0.62407596, 0, 0, -0, 0, 0, 0, 0, 0.376016113, -0.12129502, -0.18015957, 0.0968594436, 0.399484604, -0.911574826, 0.369995117, -0.864624023, -0.339599609, -0.923891685, -0.304392404, -0.231563812, 0, 1, 3, 1, 
184.210721, 20, 0.1, 0.1, -0.000221863339, 0.36789616, -0.0349723457, 0.844057372, -0.536252882, -6.82361433e-006, 0.536252882, 0.844057372, 4.04994339e-006, 3.58772816e-006, -7.07756742e-006, 1, 0.844057265, -0.53625305, -8.06792647e-006, 0.53625305, 0.844057265, 9.37007225e-007, 6.30731897e-006, -5.11733793e-006, 1, 0, 0, 0, 0, 0, 0, 0, 0.311772925, -0.161808057, -0.217199634, -0.203572295, 0.697043192, -0.687503114, -0.92175293, 0.100219727, 0.374511719, 0.329975654, 0.710002464, 0.622167099, 0, 0, -0, 0, 0, 0, 0, 0.376016113, -0.12129502, -0.18015957, 0.0968594436, 0.399484604, -0.911574826, 0.369995117, -0.864624023, -0.339599609, -0.923891685, -0.304392404, -0.231563812, 0, 1, 3, 1, 
184.211429, 20, 0.1, 0.1, -0.000221864366, 0.367896159, -0.0349731059, 0.844057927, -0.536252008, -6.17160521e-006, 0.536252008, 0.844057927, -7.4214439e-007, 5.60716871e-006, -2.68312283e-006, 1, 0.844057817, -0.536252181, -4.7779139e-007, 0.536252181, 0.844057817, -5.39585318e-006, 3.2968216e-006, 4.29819538e-006, 1, 0, 0, 0, 0, 0, 0, 0, 0.311772925, -0.161808057, -0.217199634, -0.203572295, 0.697043192, -0.687503114, -0.92175293, 0.100219727, 0.374511719, 0.329975654, 0.710002464, 0.622167099, 0, 0, -0, 0, 0, 0, 0, 0.376336279, -0.122894971, -0.179360107, 0.0977861803, 0.396845119, -0.912527082, 0.374023437, -0.864379883, -0.33581543, -0.922198625, -0.308474849, -0.233014068, 0, 1, 3, 1, 
184.212128, 20, 0.1, 0.1, -0.000221865448, 0.367896159, -0.0349727467, 0.844058488, -0.536251126, -8.49185707e-007, 0.536251125, 0.844058488, -6.59162552e-006, 4.25152901e-006, 5.10834068e-006, 1, 0.844058376, -0.536251302, 6.98944836e-006, 0.536251302, 0.844058376, -4.79965505e-006, -3.32568117e-006, 7.79928982e-006, 1, 0, 0, 0, 0, 0, 0, 0, 0.311772925, -0.161808057, -0.217199634, -0.203572295, 0.697043192, -0.687503114, -0.92175293, 0.100219727, 0.374511719, 0.329975654, 0.710002464, 0.622167099, 0, 0, -0, 0, 0, 0, 0, 0.376336279, -0.122894971, -0.179360107, 0.0977861803, 0.396845119, -0.912527082, 0.374023437, -0.864379883, -0.33581543, -0.922198625, -0.308474849, -0.233014068, 0, 1, 3, 1, 
184.212829, 20, 0.1, 0.1, -0.000221865934, 0.367896159, -0.0349714497, 0.844059065, -0.536250216, 6.34393926e-006, 0.536250216, 0.844059065, -5.16272215e-006, -2.58614858e-006, 7.75958123e-006, 1, 0.84405895, -0.536250397, 7.73122317e-006, 0.536250397, 0.84405895, -1.74927743e-006, -5.5875574e-006, 5.62236477e-006, 1, 0, 0, 0, 0, 0, 0, 0, 0.311772925, -0.161808057, -0.217199634, -0.203572295, 0.697043192, -0.687503114, -0.92175293, 0.100219727, 0.374511719, 0.329975654, 0.710002464, 0.622167099, 0, 0, -0, 0, 0, 0, 0, 0.376336279, -0.122894971, -0.179360107, 0.0977861803, 0.396845119, -0.912527082, 0.374023437, -0.864379883, -0.33581543, -0.922198625, -0.308474849, -0.233014068, 0, 1, 3, 1, 
184.213529, 20, 0.1, 0.1, -0.0002218656, 0.367896159, -0.0349696675, 0.844059656, -0.536249286, 7.69463434e-006, 0.536249286, 0.844059656, -8.11076557e-007, -6.05979119e-006, 4.81083917e-006, 1, 0.844059534, -0.536249478, 1.18629747e-006, 0.536249478, 0.844059534, 4.78339366e-006, -3.56639804e-006, -3.40131762e-006, 1, 0, 0, 0, 0, 0, 0, 0, 0.311772925, -0.161808057, -0.217199634, -0.203572295, 0.697043192, -0.687503114, -0.92175293, 0.100219727, 0.374511719, 0.329975654, 0.710002464, 0.622167099, 0, 0, -0, 0, 0, 0, 0, 0.376336279, -0.122894971, -0.179360107, 0.0977861803, 0.396845119, -0.912527082, 0.374023437, -0.864379883, -0.33581543, -0.922198625, -0.308474849, -0.233014068, 0, 1, 3, 1, 
184.214222, 20, 0.1, 0.1, -0.000221865017, 0.367896158, -0.0349679732, 0.844060261, -0.536248333, 1.06977911e-006, 0.536248333, 0.844060261, 6.09976969e-006, -4.17394937e-006, -4.57490593e-006, 1, 0.84406014, -0.536248524, -8.01456269e-006, 0.536248524, 0.84406014, 4.02617462e-006, 4.60574271e-006, -7.69613092e-006, 1, 0, 0, 0, 0, 0, 0, 0, 0.311772925, -0.161808057, -0.217199634, -0.203572295, 0.697043192, -0.687503114, -0.92175293, 0.100219727, 0.374511719, 0.329975654, 0.710002464, 0.622167099, 0, 0, -0, 0, 0, 0, 0, 0.376336279, -0.122894971, -0.179360107, 0.0977861803, 0.396845119, -0.912527082, 0.374023437, -0.864379883, -0.33581543, -0.922198625, -0.308474849, -0.233014068, 0, 1, 3, 1, 
184.214961, 20, 0.1, 0.1, -0.000221865042, 0.367896159, -0.0349663535, 0.844060932, -0.536247277, -8.19571169e-006, 0.536247277, 0.844060932, 4.02284374e-006, 4.76044104e-006, -7.79045332e-006, 1, 0.844060805, -0.536247478, -9.78294003e-006, 0.536247478, 0.844060805, -3.93591163e-007, 8.4684585e-006, -4.91386204e-006, 1, 0, 0, 0, 0, 0, 0, 0, 0.311772925, -0.161808057, -0.217199634, -0.203572295, 0.697043192, -0.687503114, -0.92175293, 0.100219727, 0.374511719, 0.329975654, 0.710002464, 0.622167099, 0, 0, -0, 0, 0, 0, 0, 0.376336279, -0.122894971, -0.179360107, 0.0977861803, 0.396845119, -0.912527082, 0.374023437, -0.864379883, -0.33581543, -0.922198625, -0.308474849, -0.233014068, 0, 1, 3, 1, 
184.215677, 20, 0.1, 0.1, -0.000221865691, 0.367896158, -0.0349657273, 0.844061607, -0.536246215, -1.00381206e-005, 0.536246215, 0.844061607, 1.28581771e-006, 7.78327737e-006, -6.46821356e-006, 1, 0.844061459, -0.536246449, -2.13765775e-006, 0.536246449, 0.844061459, -5.9078807e-006, 4.97239456e-006, 3.84030303e-006, 1, 0, 0, 0, 0, 0, 0, 0, 0.311772925, -0.161808057, -0.217199634, -0.207102072, 0.694632965, -0.688893757, -0.921875, 0.0969238281, 0.37487793, 0.327197733, 0.712732453, 0.620409884, 0, 0, -0, 0, 0, 0, 0, 0.376336279, -0.122894971, -0.179360107, 0.0977861803, 0.396845119, -0.912527082, 0.374023437, -0.864379883, -0.33581543, -0.922198625, -0.308474849, -0.233014068, 0, 1, 3, 1, 
184.216383, 20, 0.1, 0.1, -0.00022186675, 0.367896157, -0.0349659671, 0.844062297, -0.53624513, -9.55910719e-007, 0.53624513, 0.844062297, -4.32081998e-006, 3.12386687e-006, 3.13443876e-006, 1, 0.844062161, -0.536245344, 8.52794333e-006, 0.536245344, 0.844062161, -2.23699975e-006, -5.99853357e-006, 6.46123675e-006, 1, 0, 0, 0, 0, 0, 0, 0, 0.312030566, -0.163262378, -0.217052808, -0.207102072, 0.694632965, -0.688893757, -0.921875, 0.0969238281, 0.37487793, 0.327197733, 0.712732453, 0.620409884, 0, 0, -0, 0, 0, 0, 0, 0.376365088, -0.124431689, -0.178755322, 0.097754464, 0.395017165, -0.913325854, 0.377441406, -0.863891602, -0.333251953, -0.920729046, -0.31210377, -0.233588993, 0, 1, 3, 1, 
184.217085, 20, 0.1, 0.1, -0.000221867126, 0.367896156, -0.0349671616, 0.844063002, -0.536244019, 7.43553676e-006, 0.536244019, 0.844063002, -2.52711747e-006, -4.92090985e-006, 6.12030847e-006, 1, 0.844062862, -0.536244241, 8.77196473e-006, 0.536244241, 0.844062862, 1.88093782e-006, -8.41273173e-006, 3.1162858e-006, 1, 0, 0, 0, 0, 0, 0, 0, 0.312030566, -0.163262378, -0.217052808, -0.207102072, 0.694632965, -0.688893757, -0.921875, 0.0969238281, 0.37487793, 0.327197733, 0.712732453, 0.620409884, 0, 0, -0, 0, 0, 0, 0, 0.376365088, -0.124431689, -0.178755322, 0.097754464, 0.395017165, -0.913325854, 0.377441406, -0.863891602, -0.333251953, -0.920729046, -0.31210377, -0.233588993, 0, 1, 3, 1, 
184.217783, 20, 0.1, 0.1, -0.000221866744, 0.367896155, -0.034968983, 0.844063713, -0.5362429, 7.76211537e-006, 0.5362429, 0.844063713, 2.46573609e-007, -6.68394327e-006, 3.95425542e-006, 1, 0.844063572, -0.536243123, 1.10755247e-006, 0.536243123, 0.844063572, 6.1659202e-006, -4.241277e-006, -4.61051123e-006, 1, 0, 0, 0, 0, 0, 0, 0, 0.312030566, -0.163262378, -0.217052808, -0.207102072, 0.694632965, -0.688893757, -0.921875, 0.0969238281, 0.37487793, 0.327197733, 0.712732453, 0.620409884, 0, 0, -0, 0, 0, 0, 0, 0.376365088, -0.124431689, -0.178755322, 0.097754464, 0.395017165, -0.913325854, 0.377441406, -0.863891602, -0.333251953, -0.920729046, -0.31210377, -0.233588993, 0, 1, 3, 1, 
184.218484, 20, 0.1, 0.1, -0.000221866429, 0.367896155, -0.0349708323, 0.844064428, -0.536241776, 1.3549263e-006, 0.536241776, 0.844064428, 4.10412538e-006, -3.34444858e-006, -2.73757816e-006, 1, 0.844064287, -0.536241997, -6.90701844e-006, 0.536241997, 0.844064287, 2.50369194e-006, 4.48738283e-006, -5.81711032e-006, 1, 0, 0, 0, 0, 0, 0, 0, 0.312030566, -0.163262378, -0.217052808, -0.207102072, 0.694632965, -0.688893757, -0.921875, 0.0969238281, 0.37487793, 0.327197733, 0.712732453, 0.620409884, 0, 0, -0, 0, 0, 0, 0, 0.376365088, -0.124431689, -0.178755322, 0.097754464, 0.395017165, -0.913325854, 0.377441406, -0.863891602, -0.333251953, -0.920729046, -0.31210377, -0.233588993, 0, 1, 3, 1, 
184.219198, 20, 0.1, 0.1, -0.000221866909, 0.367896156, -0.0349719852, 0.844065164, -0.536240617, -5.8914017e-006, 0.536240617, 0.844065164, 9.07365142e-007, 4.4861609e-006, -3.92508419e-006, 1, 0.844065022, -0.53624084, -6.89840587e-006, 0.53624084, 0.844065022, -2.57939805e-006, 7.20588168e-006, -1.52202729e-006, 1, 0, 0, 0, 0, 0, 0, 0, 0.312030566, -0.163262378, -0.217052808, -0.207102072, 0.694632965, -0.688893757, -0.921875, 0.0969238281, 0.37487793, 0.327197733, 0.712732453, 0.620409884, 0, 0, -0, 0, 0, 0, 0, 0.37681084, -0.125033203, -0.17836084, 0.097026421, 0.394524262, -0.913671102, 0.383300781, -0.861938477, -0.331542969, -0.918473455, -0.317924484, -0.23497545, 0, 1, 3, 1, 
184.219894, 20, 0.1, 0.1, -0.000221867841, 0.367896156, -0.034972288, 0.844065873, -0.5362395, -6.85278451e-006, 0.5362395, 0.844065873, -9.5426097e-007, 6.29591397e-006, -2.86927462e-006, 1, 0.844065733, -0.536239722, -8.25569834e-007, 0.536239722, 0.844065732, -6.49263358e-006, 4.17844323e-006, 5.03750618e-006, 1, 0, 0, 0, 0, 0, 0, 0, 0.312030566, -0.163262378, -0.217052808, -0.207102072, 0.694632965, -0.688893757, -0.921875, 0.0969238281, 0.37487793, 0.327197733, 0.712732453, 0.620409884, 0, 0, -0, 0, 0, 0, 0, 0.37681084, -0.125033203, -0.17836084, 0.097026421, 0.394524262, -0.913671102, 0.383300781, -0.861938477, -0.331542969, -0.918473455, -0.317924484, -0.23497545, 0, 1, 3, 1, 
184.220596, 20, 0.1, 0.1, -0.000221868621, 0.367896155, -0.0349717669, 0.844066583, -0.536238383, -2.18019643e-006, 0.536238383, 0.844066583, -4.11754637e-006, 4.04821735e-006, 2.30637829e-006, 1, 0.844066439, -0.536238609, 6.28267356e-006, 0.536238609, 0.844066439, -2.72531456e-006, -3.84157501e-006, 5.66935869e-006, 1, 0, 0, 0, 0, 0, 0, 0, 0.312030566, -0.163262378, -0.217052808, -0.207102072, 0.694632965, -0.688893757, -0.921875, 0.0969238281, 0.37487793, 0.327197733, 0.712732453, 0.620409884, 0, 0, -0, 0, 0, 0, 0, 0.37681084, -0.125033203, -0.17836084, 0.097026421, 0.394524262, -0.913671102, 0.383300781, -0.861938477, -0.331542969, -0.918473455, -0.317924484, -0.23497545, 0, 1, 3, 1, 
184.221304, 20, 0.1, 0.1, -0.000221868913, 0.367896154, -0.0349705061, 0.8440673, -0.536237254, 6.53132838e-006, 0.536237254, 0.8440673, -1.27032909e-006, -4.83168293e-006, 4.57458484e-006, 1, 0.844067159, -0.536237476, 7.79076471e-006, 0.536237476, 0.844067159, 2.30275621e-006, -7.81075282e-006, 2.23401911e-006, 1, 0, 0, 0, 0, 0, 0, 0, 0.31225647, -0.164714014, -0.216887061, -0.211184513, 0.692260931, -0.689947785, -0.922363281, 0.0922851562, 0.37487793, 0.323271427, 0.715703577, 0.619217315, 0, 0, -0, 0, 0, 0, 0, 0.37681084, -0.125033203, -0.17836084, 0.097026421, 0.394524262, -0.913671102, 0.383300781, -0.861938477, -0.331542969, -0.918473455, -0.317924484, -0.23497545, 0, 1, 3, 1, 
184.222013, 20, 0.1, 0.1, -0.000221868396, 0.367896152, -0.0349688465, 0.844068021, -0.536236119, 7.70280805e-006, 0.536236119, 0.844068021, 1.68554454e-006, -7.40554382e-006, 2.70780965e-006, 1, 0.84406788, -0.536236342, 9.50845182e-007, 0.536236342, 0.844067879, 7.89346045e-006, -5.03533824e-006, -6.15273868e-006, 1, 0, 0, 0, 0, 0, 0, 0, 0.31225647, -0.164714014, -0.216887061, -0.211184513, 0.692260931, -0.689947785, -0.922363281, 0.0922851562, 0.37487793, 0.323271427, 0.715703577, 0.619217315, 0, 0, -0, 0, 0, 0, 0, 0.37681084, -0.125033203, -0.17836084, 0.097026421, 0.394524262, -0.913671102, 0.383300781, -0.861938477, -0.331542969, -0.918473455, -0.317924484, -0.23497545, 0, 1, 3, 1, 
184.222713, 20, 0.1, 0.1, -0.000221867954, 0.367896152, -0.0349674947, 0.844068739, -0.536234989, 1.97743974e-006, 0.536234989, 0.844068739, 5.91380468e-006, -4.84028405e-006, -3.93128528e-006, 1, 0.844068598, -0.536235211, -7.41002929e-006, 0.536235211, 0.844068598, 4.34436205e-006, 3.92497314e-006, -7.64045821e-006, 1, 0, 0, 0, 0, 0, 0, 0, 0.31225647, -0.164714014, -0.216887061, -0.211184513, 0.692260931, -0.689947785, -0.922363281, 0.0922851562, 0.37487793, 0.323271427, 0.715703577, 0.619217315, 0, 0, -0, 0, 0, 0, 0, 0.37681084, -0.125033203, -0.17836084, 0.097026421, 0.394524262, -0.913671102, 0.383300781, -0.861938477, -0.331542969, -0.918473455, -0.317924484, -0.23497545, 0, 1, 3, 1, 
184.223408, 20, 0.1, 0.1, -0.000221868312, 0.367896152, -0.03496682, 0.844069465, -0.536233847, -6.9107392e-006, 0.536233847, 0.844069465, 2.26457048e-006, 4.61880459e-006, -5.61722706e-006, 1, 0.844069319, -0.536234076, -8.19211699e-006, 0.536234076, 0.844069319, -1.69046474e-006, 7.82119941e-006, -2.96602286e-006, 1, 0, 0, 0, 0, 0, 0, 0, 0.31225647, -0.164714014, -0.216887061, -0.211184513, 0.692260931, -0.689947785, -0.922363281, 0.0922851562, 0.37487793, 0.323271427, 0.715703577, 0.619217315, 0, 0, -0, 0, 0, 0, 0, 0.37681084, -0.125033203, -0.17836084, 0.097026421, 0.394524262, -0.913671102, 0.383300781, -0.861938477, -0.331542969, -0.918473455, -0.317924484, -0.23497545, 0, 1, 3, 1, 
184.22414, 20, 0.1, 0.1, -0.000221869721, 0.367896153, -0.0349666759, 0.844070239, -0.536232628, -7.90546685e-006, 0.536232628, 0.844070239, -2.45829158e-006, 7.99098545e-006, -2.1641985e-006, 1, 0.84407009, -0.536232863, -4.89766381e-007, 0.536232863, 0.84407009, -8.91568622e-006, 5.1942811e-006, 7.26283524e-006, 1, 0, 0, 0, 0, 0, 0, 0, 0.312707813, -0.165931543, -0.216713257, -0.215134402, 0.690110935, -0.690887237, -0.923339844, 0.0865478516, 0.373901367, 0.317841023, 0.718515942, 0.61874815, 0, 0, -0, 0, 0, 0, 0, 0.377478369, -0.125628369, -0.177958057, 0.0961259371, 0.394350722, -0.913894949, 0.389892578, -0.859619141, -0.329956055, -0.915745018, -0.324448087, -0.236349147, 0, 1, 3, 1, 
184.224841, 20, 0.1, 0.1, -0.000221870685, 0.367896153, -0.0349672662, 0.84407099, -0.536231446, -1.9042061e-006, 0.536231446, 0.84407099, -7.05339014e-006, 5.38953472e-006, 4.93246681e-006, 1, 0.844070841, -0.53623168, 7.634639e-006, 0.53623168, 0.844070841, -5.34391825e-006, -3.57859791e-006, 8.60458087e-006, 1, 0, 0, 0, 0, 0, 0, 0, 0.312707813, -0.165931543, -0.216713257, -0.215134402, 0.690110935, -0.690887237, -0.923339844, 0.0865478516, 0.373901367, 0.317841023, 0.718515942, 0.61874815, 0, 0, -0, 0, 0, 0, 0, 0.377478369, -0.125628369, -0.177958057, 0.0961259371, 0.394350722, -0.913894949, 0.389892578, -0.859619141, -0.329956055, -0.915745018, -0.324448087, -0.236349147, 0, 1, 3, 1, 
184.225542, 20, 0.1, 0.1, -0.0002218707, 0.367896153, -0.034968455, 0.844071749, -0.536230251, 6.09430618e-006, 0.536230251, 0.844071749, -3.33969113e-006, -3.35318827e-006, 6.08689027e-006, 1, 0.844071593, -0.536230496, 7.350313e-006, 0.536230496, 0.844071593, 5.175971e-007, -6.48174175e-006, 3.50457298e-006, 1, 0, 0, 0, 0, 0, 0, 0, 0.312707813, -0.165931543, -0.216713257, -0.215134402, 0.690110935, -0.690887237, -0.923339844, 0.0865478516, 0.373901367, 0.317841023, 0.718515942, 0.61874815, 0, 0, -0, 0, 0, 0, 0, 0.377478369, -0.125628369, -0.177958057, 0.0961259371, 0.394350722, -0.913894949, 0.389892578, -0.859619141, -0.329956055, -0.915745018, -0.324448087, -0.236349147, 0, 1, 3, 1, 
184.226238, 20, 0.1, 0.1, -0.000221870034, 0.367896152, -0.0349698446, 0.844072503, -0.536229065, 7.00564352e-006, 0.536229065, 0.844072503, 1.42126272e-006, -6.67539344e-006, 2.55698089e-006, 1, 0.844072353, -0.536229301, 4.08790975e-007, 0.536229301, 0.844072353, 6.80169369e-006, -3.99231662e-006, -5.5219159e-006, 1, 0, 0, 0, 0, 0, 0, 0, 0.312707813, -0.165931543, -0.216713257, -0.215134402, 0.690110935, -0.690887237, -0.923339844, 0.0865478516, 0.373901367, 0.317841023, 0.718515942, 0.61874815, 0, 0, -0, 0, 0, 0, 0, 0.377478369, -0.125628369, -0.177958057, 0.0961259371, 0.394350722, -0.913894949, 0.389892578, -0.859619141, -0.329956055, -0.915745018, -0.324448087, -0.236349147, 0, 1, 3, 1, 
184.226941, 20, 0.1, 0.1, -0.000221869581, 0.367896151, -0.0349710275, 0.844073259, -0.536227875, 1.39484007e-006, 0.536227875, 0.844073259, 6.79500222e-006, -4.82101681e-006, -4.98752754e-006, 1, 0.84407311, -0.53622811, -7.03250149e-006, 0.53622811, 0.84407311, 4.99112335e-006, 3.25956476e-006, -7.98389798e-006, 1, 0, 0, 0, 0, 0, 0, 0, 0.312707813, -0.165931543, -0.216713257, -0.215134402, 0.690110935, -0.690887237, -0.923339844, 0.0865478516, 0.373901367, 0.317841023, 0.718515942, 0.61874815, 0, 0, -0, 0, 0, 0, 0, 0.377478369, -0.125628369, -0.177958057, 0.0961259371, 0.394350722, -0.913894949, 0.389892578, -0.859619141, -0.329956055, -0.915745018, -0.324448087, -0.236349147, 0, 1, 3, 1, 
184.227635, 20, 0.1, 0.1, -0.000221870051, 0.36789615, -0.0349716841, 0.844074003, -0.536226704, -5.16157928e-006, 0.536226704, 0.844074003, 4.61300909e-006, 1.88313622e-006, -6.66149769e-006, 1, 0.844073858, -0.536226932, -6.4205939e-006, 0.536226932, 0.844073858, 1.20337339e-006, 4.77417424e-006, -4.45863139e-006, 1, 0, 0, 0, 0, 0, 0, 0, 0.312707813, -0.165931543, -0.216713257, -0.215134402, 0.690110935, -0.690887237, -0.923339844, 0.0865478516, 0.373901367, 0.317841023, 0.718515942, 0.61874815, 0, 0, -0, 0, 0, 0, 0, 0.377478369, -0.125628369, -0.177958057, 0.0961259371, 0.394350722, -0.913894949, 0.389892578, -0.859619141, -0.329956055, -0.915745018, -0.324448087, -0.236349147, 0, 1, 3, 1, 
184.228327, 20, 0.1, 0.1, -0.00022187129, 0.36789615, -0.034971734, 0.844074736, -0.53622555, -5.89243151e-006, 0.53622555, 0.844074736, 7.85872814e-007, 4.55224749e-006, -3.82300772e-006, 1, 0.844074589, -0.536225782, 2.05816816e-007, 0.536225782, 0.844074588, -4.35960373e-006, 2.16400717e-006, 3.790195e-006, 1, 0, 0, 0, 0, 0, 0, 0, 0.312707813, -0.165931543, -0.216713257, -0.215134402, 0.690110935, -0.690887237, -0.923339844, 0.0865478516, 0.373901367, 0.317841023, 0.718515942, 0.61874815, 0, 0, -0, 0, 0, 0, 0, 0.377478369, -0.125628369, -0.177958057, 0.0961259371, 0.394350722, -0.913894949, 0.389892578, -0.859619141, -0.329956055, -0.915745018, -0.324448087, -0.236349147, 0, 1, 3, 1, 
184.229053, 20, 0.1, 0.1, -0.000221872678, 0.36789615, -0.0349709306, 0.844075499, -0.536224349, -5.45750833e-007, 0.536224349, 0.844075499, -5.68656156e-006, 3.50992768e-006, 4.5072424e-006, 1, 0.844075353, -0.536224578, 7.97060506e-006, 0.536224578, 0.844075353, -3.88721537e-006, -4.64337086e-006, 7.55513702e-006, 1, 0, 0, 0, 0, 0, 0, 0, 0.313069556, -0.16689458, -0.217151562, -0.220898795, 0.68860796, -0.69070339, -0.923461914, 0.0799560547, 0.375, 0.31343956, 0.720731461, 0.618348255, 0, 0, -0, 0, 0, 0, 0, 0.377271826, -0.125953906, -0.178390869, 0.0923500943, 0.39493111, -0.913997028, 0.395629883, -0.856811523, -0.330322266, -0.913687021, -0.331137935, -0.235377934, 0, 1, 3, 1, 
184.229755, 20, 0.1, 0.1, -0.000221873149, 0.367896149, -0.0349696111, 0.844076238, -0.536223185, 6.62732815e-006, 0.536223185, 0.844076238, -4.27820905e-006, -3.29989533e-006, 7.16486161e-006, 1, 0.844076092, -0.536223415, 8.26293649e-006, 0.536223415, 0.844076092, -4.49511075e-007, -6.73350878e-006, 4.81020158e-006, 1, 0, 0, 0, 0, 0, 0, 0, 0.313069556, -0.16689458, -0.217151562, -0.220898795, 0.68860796, -0.69070339, -0.923461914, 0.0799560547, 0.375, 0.31343956, 0.720731461, 0.618348255, 0, 0, -0, 0, 0, 0, 0, 0.377271826, -0.125953906, -0.178390869, 0.0923500943, 0.39493111, -0.913997028, 0.395629883, -0.856811523, -0.330322266, -0.913687021, -0.331137935, -0.235377934, 0, 1, 3, 1, 
184.230454, 20, 0.1, 0.1, -0.000221872423, 0.367896149, -0.0349683332, 0.844076972, -0.53622203, 6.88869062e-006, 0.53622203, 0.844076972, -4.27579439e-007, -5.5853076e-006, 4.05477763e-006, 1, 0.844076825, -0.536222261, 2.43078529e-007, 0.536222261, 0.844076825, 5.44752071e-006, -3.12625882e-006, -4.46778187e-006, 1, 0, 0, 0, 0, 0, 0, 0, 0.313069556, -0.16689458, -0.217151562, -0.220898795, 0.68860796, -0.69070339, -0.923461914, 0.0799560547, 0.375, 0.31343956, 0.720731461, 0.618348255, 0, 0, -0, 0, 0, 0, 0, 0.377271826, -0.125953906, -0.178390869, 0.0923500943, 0.39493111, -0.913997028, 0.395629883, -0.856811523, -0.330322266, -0.913687021, -0.331137935, -0.235377934, 0, 1, 3, 1, 
184.231152, 20, 0.1, 0.1, -0.000221871446, 0.367896148, -0.0349674611, 0.844077715, -0.536220861, 1.67953296e-007, 0.536220861, 0.844077715, 5.54613249e-006, -3.11571757e-006, -4.59130677e-006, 1, 0.844077569, -0.536221091, -9.11113555e-006, 0.536221091, 0.844077569, 3.56961512e-006, 5.77640223e-006, -7.89861509e-006, 1, 0, 0, 0, 0, 0, 0, 0, 0.313069556, -0.16689458, -0.217151562, -0.220898795, 0.68860796, -0.69070339, -0.923461914, 0.0799560547, 0.375, 0.31343956, 0.720731461, 0.618348255, 0, 0, -0, 0, 0, 0, 0, 0.377271826, -0.125953906, -0.178390869, 0.0923500943, 0.39493111, -0.913997028, 0.395629883, -0.856811523, -0.330322266, -0.913687021, -0.331137935, -0.235377934, 0, 1, 3, 1, 
184.231887, 20, 0.1, 0.1, -0.000221871179, 0.367896149, -0.0349668656, 0.844078507, -0.536219613, -8.84034152e-006, 0.536219613, 0.844078507, 2.8266064e-006, 5.94626048e-006, -7.12624222e-006, 1, 0.844078359, -0.536219846, -1.04599258e-005, 0.536219846, 0.844078359, -1.38567764e-006, 9.57202489e-006, -4.43919932e-006, 1, 0, 0, 0, 0, 0, 0, 0, 0.312992993, -0.167656104, -0.217603418, -0.226479341, 0.686660907, -0.690779774, -0.923706055, 0.0732421875, 0.375732422, 0.308638203, 0.723264498, 0.617865986, 0, 0, -0, 0, 0, 0, 0, 0.377308545, -0.126289453, -0.1788354, 0.088791535, 0.395402857, -0.914194988, 0.401855469, -0.853881836, -0.330322266, -0.911360701, -0.337961944, -0.234662285, 0, 1, 3, 1, 
184.232587, 20, 0.1, 0.1, -0.000221871924, 0.367896149, -0.0349670146, 0.844079269, -0.536218415, -8.26039609e-006, 0.536218415, 0.844079269, -7.44418381e-007, 7.37159994e-006, -3.80102837e-006, 1, 0.844079113, -0.53621866, -1.28035809e-006, 0.53621866, 0.844079113, -7.09571797e-006, 4.8855799e-006, 5.30279543e-006, 1, 0, 0, 0, 0, 0, 0, 0, 0.312992993, -0.167656104, -0.217603418, -0.226479341, 0.686660907, -0.690779774, -0.923706055, 0.0732421875, 0.375732422, 0.308638203, 0.723264498, 0.617865986, 0, 0, -0, 0, 0, 0, 0, 0.377308545, -0.126289453, -0.1788354, 0.088791535, 0.395402857, -0.914194988, 0.401855469, -0.853881836, -0.330322266, -0.911360701, -0.337961944, -0.234662285, 0, 1, 3, 1, 
184.233285, 20, 0.1, 0.1, -0.000221873087, 0.367896149, -0.0349678599, 0.844080033, -0.536217211, -3.28936568e-007, 0.536217211, 0.844080033, -5.82939513e-006, 3.40347079e-006, 4.74409458e-006, 1, 0.844079882, -0.536217449, 8.60085188e-006, 0.536217449, 0.844079882, -3.9761048e-006, -5.12774927e-006, 7.96807692e-006, 1, 0, 0, 0, 0, 0, 0, 0, 0.312992993, -0.167656104, -0.217603418, -0.226479341, 0.686660907, -0.690779774, -0.923706055, 0.0732421875, 0.375732422, 0.308638203, 0.723264498, 0.617865986, 0, 0, -0, 0, 0, 0, 0, 0.377308545, -0.126289453, -0.1788354, 0.088791535, 0.395402857, -0.914194988, 0.401855469, -0.853881836, -0.330322266, -0.911360701, -0.337961944, -0.234662285, 0, 1, 3, 1, 
184.233991, 20, 0.1, 0.1, -0.000221873687, 0.367896148, -0.0349690465, 0.84408081, -0.536215988, 7.88633247e-006, 0.536215988, 0.84408081, -2.51868411e-006, -5.30614321e-006, 6.35475048e-006, 1, 0.84408066, -0.536216225, 9.17392184e-006, 0.536216225, 0.84408066, 1.25426398e-006, -8.4160867e-006, 3.86050577e-006, 1, 0, 0, 0, 0, 0, 0, 0, 0.312992993, -0.167656104, -0.217603418, -0.226479341, 0.686660907, -0.690779774, -0.923706055, 0.0732421875, 0.375732422, 0.308638203, 0.723264498, 0.617865986, 0, 0, -0, 0, 0, 0, 0, 0.377308545, -0.126289453, -0.1788354, 0.088791535, 0.395402857, -0.914194988, 0.401855469, -0.853881836, -0.330322266, -0.911360701, -0.337961944, -0.234662285, 0, 1, 3, 1, 
184.234692, 20, 0.1, 0.1, -0.000221873535, 0.367896147, -0.0349702797, 0.844081578, -0.536214779, 8.07916668e-006, 0.536214779, 0.844081578, 1.40640403e-006, -7.57361039e-006, 3.14504884e-006, 1, 0.844081424, -0.536215021, 1.84427872e-006, 0.536215021, 0.844081424, 6.91099712e-006, -5.26250188e-006, -4.84451434e-006, 1, 0, 0, 0, 0, 0, 0, 0, 0.312992993, -0.167656104, -0.217603418, -0.226479341, 0.686660907, -0.690779774, -0.923706055, 0.0732421875, 0.375732422, 0.308638203, 0.723264498, 0.617865986, 0, 0, -0, 0, 0, 0, 0, 0.377308545, -0.126289453, -0.1788354, 0.088791535, 0.395402857, -0.914194988, 0.401855469, -0.853881836, -0.330322266, -0.911360701, -0.337961944, -0.234662285, 0, 1, 3, 1, 
184.235388, 20, 0.1, 0.1, -0.000221873148, 0.367896146, -0.0349711856, 0.844082334, -0.536213589, 9.96549814e-007, 0.536213589, 0.844082334, 6.29832887e-006, -4.21841962e-006, -4.78194458e-006, 1, 0.844082186, -0.536213822, -6.93880266e-006, 0.536213822, 0.844082186, 4.61775766e-006, 3.38081423e-006, -7.61844888e-006, 1, 0, 0, 0, 0, 0, 0, 0, 0.312992993, -0.167656104, -0.217603418, -0.226479341, 0.686660907, -0.690779774, -0.923706055, 0.0732421875, 0.375732422, 0.308638203, 0.723264498, 0.617865986, 0, 0, -0, 0, 0, 0, 0, 0.377308545, -0.126289453, -0.1788354, 0.088791535, 0.395402857, -0.914194988, 0.401855469, -0.853881836, -0.330322266, -0.911360701, -0.337961944, -0.234662285, 0, 1, 3, 1, 
184.236085, 20, 0.1, 0.1, -0.000221873253, 0.367896146, -0.0349715285, 0.844083087, -0.536212404, -6.48512606e-006, 0.536212404, 0.844083087, 3.62632349e-006, 3.52950558e-006, -6.53832336e-006, 1, 0.84408294, -0.536212635, -7.63538216e-006, 0.536212635, 0.84408294, 2.07787863e-007, 6.33347734e-006, -4.26957858e-006, 1, 0, 0, 0, 0, 0, 0, 0, 0.312992993, -0.167656104, -0.217603418, -0.226479341, 0.686660907, -0.690779774, -0.923706055, 0.0732421875, 0.375732422, 0.308638203, 0.723264498, 0.617865986, 0, 0, -0, 0, 0, 0, 0, 0.377308545, -0.126289453, -0.1788354, 0.088791535, 0.395402857, -0.914194988, 0.401855469, -0.853881836, -0.330322266, -0.911360701, -0.337961944, -0.234662285, 0, 1, 3, 1, 
184.236813, 20, 0.1, 0.1, -0.000221874015, 0.367896146, -0.034971041, 0.844083866, -0.536211178, -8.07156453e-006, 0.536211178, 0.844083866, -9.9195954e-007, 7.34497719e-006, -3.49076608e-006, 1, 0.844083718, -0.536211411, -1.96438867e-006, 0.536211411, 0.844083718, -6.30778844e-006, 5.04041663e-006, 4.27097389e-006, 1, 0, 0, 0, 0, 0, 0, 0, 0.313341431, -0.167960278, -0.218030981, -0.232365422, 0.684935893, -0.69044316, -0.924560547, 0.0648193359, 0.375366211, 0.301907766, 0.725638777, 0.618430631, 0, 0, -0, 0, 0, 0, 0, 0.377411914, -0.125915723, -0.179275537, 0.0860189879, 0.396679572, -0.913875626, 0.409057617, -0.850341797, -0.330688477, -0.908338054, -0.345437804, -0.235365175, 0, 1, 3, 1, 
184.237523, 20, 0.1, 0.1, -0.000221874617, 0.367896146, -0.0349699628, 0.84408462, -0.536209991, -2.69764767e-006, 0.536209991, 0.84408462, -6.64141411e-006, 5.83823551e-006, 4.15940987e-006, 1, 0.844084461, -0.536210242, 6.55619918e-006, 0.536210242, 0.844084461, -4.73045572e-006, -2.99746705e-006, 7.50840531e-006, 1, 0, 0, 0, 0, 0, 0, 0, 0.313341431, -0.167960278, -0.218030981, -0.232365422, 0.684935893, -0.69044316, -0.924560547, 0.0648193359, 0.375366211, 0.301907766, 0.725638777, 0.618430631, 0, 0, -0, 0, 0, 0, 0, 0.377411914, -0.125915723, -0.179275537, 0.0860189879, 0.396679572, -0.913875626, 0.409057617, -0.850341797, -0.330688477, -0.908338054, -0.345437804, -0.235365175, 0, 1, 3, 1, 
184.23822, 20, 0.1, 0.1, -0.000221874662, 0.367896146, -0.0349687123, 0.844085365, -0.536208819, 6.7077977e-006, 0.536208819, 0.844085365, -4.50659983e-006, -3.2454753e-006, 7.40073524e-006, 1, 0.844085218, -0.53620905, 7.79109078e-006, 0.53620905, 0.844085218, -6.52557783e-007, -6.22643717e-006, 4.72846776e-006, 1, 0, 0, 0, 0, 0, 0, 0, 0.313341431, -0.167960278, -0.218030981, -0.232365422, 0.684935893, -0.69044316, -0.924560547, 0.0648193359, 0.375366211, 0.301907766, 0.725638777, 0.618430631, 0, 0, -0, 0, 0, 0, 0, 0.377411914, -0.125915723, -0.179275537, 0.0860189879, 0.396679572, -0.913875626, 0.409057617, -0.850341797, -0.330688477, -0.908338054, -0.345437804, -0.235365175, 0, 1, 3, 1, 
184.238919, 20, 0.1, 0.1, -0.000221874336, 0.367896145, -0.0349677751, 0.844086113, -0.53620764, 9.07650576e-006, 0.53620764, 0.844086113, -1.24510775e-007, -7.59458884e-006, 4.97198955e-006, 1, 0.844085965, -0.536207874, 2.05125883e-006, 0.536207874, 0.844085965, 5.76407357e-006, -4.82218043e-006, -3.76547246e-006, 1, 0, 0, 0, 0, 0, 0, 0, 0.313341431, -0.167960278, -0.218030981, -0.232365422, 0.684935893, -0.69044316, -0.924560547, 0.0648193359, 0.375366211, 0.301907766, 0.725638777, 0.618430631, 0, 0, -0, 0, 0, 0, 0, 0.377411914, -0.125915723, -0.179275537, 0.0860189879, 0.396679572, -0.913875626, 0.409057617, -0.850341797, -0.330688477, -0.908338054, -0.345437804, -0.235365175, 0, 1, 3, 1, 
184.239619, 20, 0.1, 0.1, -0.000221874221, 0.367896145, -0.0349674218, 0.844086865, -0.536206456, 2.76867363e-006, 0.536206456, 0.844086865, 6.18895053e-006, -5.65555628e-006, -3.73943118e-006, 1, 0.844086716, -0.536206691, -6.49281237e-006, 0.536206691, 0.844086716, 4.13359554e-006, 3.26403508e-006, -6.97060252e-006, 1, 0, 0, 0, 0, 0, 0, 0, 0.313341431, -0.167960278, -0.218030981, -0.232365422, 0.684935893, -0.69044316, -0.924560547, 0.0648193359, 0.375366211, 0.301907766, 0.725638777, 0.618430631, 0, 0, -0, 0, 0, 0, 0, 0.377411914, -0.125915723, -0.179275537, 0.0860189879, 0.396679572, -0.913875626, 0.409057617, -0.850341797, -0.330688477, -0.908338054, -0.345437804, -0.235365175, 0, 1, 3, 1, 
184.240313, 20, 0.1, 0.1, -0.000221874638, 0.367896145, -0.0349677155, 0.84408762, -0.536205269, -6.71154152e-006, 0.536205269, 0.84408762, 4.30173267e-006, 3.35851738e-006, -7.22980321e-006, 1, 0.84408747, -0.536205505, -7.78189188e-006, 0.536205505, 0.84408747, 2.05504015e-007, 6.45840504e-006, -4.34615663e-006, 1, 0, 0, 0, 0, 0, 0, 0, 0.313341431, -0.167960278, -0.218030981, -0.232365422, 0.684935893, -0.69044316, -0.924560547, 0.0648193359, 0.375366211, 0.301907766, 0.725638777, 0.618430631, 0, 0, -0, 0, 0, 0, 0, 0.377411914, -0.125915723, -0.179275537, 0.0860189879, 0.396679572, -0.913875626, 0.409057617, -0.850341797, -0.330688477, -0.908338054, -0.345437804, -0.235365175, 0, 1, 3, 1, 
184.241014, 20, 0.1, 0.1, -0.000221875492, 0.367896145, -0.0349685105, 0.844088383, -0.536204067, -8.37053489e-006, 0.536204067, 0.844088383, 4.21581819e-007, 6.83941738e-006, -4.84416717e-006, 1, 0.844088231, -0.536204307, -1.44463966e-006, 0.536204307, 0.844088231, -5.40265764e-006, 4.11633163e-006, 3.78569772e-006, 1, 0, 0, 0, 0, 0, 0, 0, 0.313341431, -0.167960278, -0.218030981, -0.232365422, 0.684935893, -0.69044316, -0.924560547, 0.0648193359, 0.375366211, 0.301907766, 0.725638777, 0.618430631, 0, 0, -0, 0, 0, 0, 0, 0.377411914, -0.125915723, -0.179275537, 0.0860189879, 0.396679572, -0.913875626, 0.409057617, -0.850341797, -0.330688477, -0.908338054, -0.345437804, -0.235365175, 0, 1, 3, 1, 
184.241739, 20, 0.1, 0.1, -0.000221876279, 0.367896145, -0.0349694045, 0.844089175, -0.536202821, -1.76650435e-006, 0.536202821, 0.844089175, -6.00394046e-006, 4.71041701e-006, 4.12065653e-006, 1, 0.844089024, -0.536203057, 6.88709979e-006, 0.536203058, 0.844089024, -4.1549413e-006, -3.58543311e-006, 7.20002431e-006, 1, 0, 0, 0, 0, 0, 0, 0, 0.313896387, -0.168342578, -0.217646143, -0.238455569, 0.681593327, -0.691623746, -0.92578125, 0.0552978516, 0.373779297, 0.293108588, 0.729505169, 0.617999658, 0, 0, -0, 0, 0, 0, 0, 0.377753662, -0.125638672, -0.179080859, 0.083316803, 0.39684435, -0.91402911, 0.417480469, -0.846679688, -0.329589844, -0.904817041, -0.354012475, -0.236240505, 0, 1, 3, 1, 
184.242438, 20, 0.1, 0.1, -0.000221876409, 0.367896144, -0.0349700345, 0.844089939, -0.536201618, 6.62447564e-006, 0.536201618, 0.844089939, -3.7606652e-006, -3.57517847e-006, 6.72639422e-006, 1, 0.844089788, -0.536201855, 7.68438109e-006, 0.536201855, 0.844089788, -1.32221531e-008, -6.47921786e-006, 4.13154008e-006, 1, 0, 0, 0, 0, 0, 0, 0, 0.313896387, -0.168342578, -0.217646143, -0.238455569, 0.681593327, -0.691623746, -0.92578125, 0.0552978516, 0.373779297, 0.293108588, 0.729505169, 0.617999658, 0, 0, -0, 0, 0, 0, 0, 0.377753662, -0.125638672, -0.179080859, 0.083316803, 0.39684435, -0.91402911, 0.417480469, -0.846679688, -0.329589844, -0.904817041, -0.354012475, -0.236240505, 0, 1, 3, 1, 
184.243139, 20, 0.1, 0.1, -0.000221876024, 0.367896143, -0.0349704376, 0.8440907, -0.53620042, 7.91450963e-006, 0.53620042, 0.8440907, -2.47419428e-007, -6.54789757e-006, 4.45260783e-006, 1, 0.844090547, -0.53620066, 1.43804253e-006, 0.53620066, 0.844090547, 5.23658408e-006, -4.02169794e-006, -3.64907177e-006, 1, 0, 0, 0, 0, 0, 0, 0, 0.313896387, -0.168342578, -0.217646143, -0.238455569, 0.681593327, -0.691623746, -0.92578125, 0.0552978516, 0.373779297, 0.293108588, 0.729505169, 0.617999658, 0, 0, -0, 0, 0, 0, 0, 0.377753662, -0.125638672, -0.179080859, 0.083316803, 0.39684435, -0.91402911, 0.417480469, -0.846679688, -0.329589844, -0.904817041, -0.354012475, -0.236240505, 0, 1, 3, 1, 
184.243851, 20, 0.1, 0.1, -0.000221875829, 0.367896143, -0.0349705057, 0.844091467, -0.536199213, 2.86277235e-006, 0.536199212, 0.844091467, 5.51225725e-006, -5.37210971e-006, -3.11783303e-006, 1, 0.844091305, -0.536199467, -6.32772562e-006, 0.536199467, 0.844091305, 3.55997568e-006, 3.43232111e-006, -6.39786762e-006, 1, 0, 0, 0, 0, 0, 0, 0, 0.313896387, -0.168342578, -0.217646143, -0.244019262, 0.677280231, -0.694023112, -0.927246094, 0.0463867187, 0.37121582, 0.28373166, 0.73426683, 0.616896577, 0, 0, -0, 0, 0, 0, 0, 0.377753662, -0.125638672, -0.179080859, 0.083316803, 0.39684435, -0.91402911, 0.417480469, -0.846679688, -0.329589844, -0.904817041, -0.354012475, -0.236240505, 0, 1, 3, 1, 
