time, trialNum, realDorsalTactorPos, realVentralTactorPos, boxPosX, boxPosY, boxPosZ, boxLocalRot_11, boxLocalRot_12, boxLocalRot_13, boxLocalRot_21, boxLocalRot_22, boxLocalRot_23, boxLocalRot_31, boxLocalRot_32, boxLocalRot_33, boxGlobalRot_11, boxGlobalRot_12, boxGlobalRot_13, boxGlobalRot_21, boxGlobalRot_22, boxGlobalRot_23, boxGlobalRot_31, boxGlobalRot_32, boxGlobalRot_33, indexForceX, indexForceY, indexForceZ, indexForceGlobalX, indexForceGlobalY, indexForceGlobalZ, indexContact, indexPosX, indexPosY, indexPosZ, indexRot_11, indexRot_12, indexRot_13, indexRot_21, indexRot_22, indexRot_23, indexRot_31, indexRot_32, indexRot_33, thumbForceX, thumbForceY, thumbForceZ, thumbForceGlobalX, thumbForceGlobalY, thumbForceGlobalZ, thumbContact, thumbPosX, thumbPosY, thumbPosZ, thumbRot_11, thumbRot_12, thumbRot_13, thumbRot_21, thumbRot_22, thumbRot_23, thumbRot_31, thumbRot_32, thumbRot_33, manipForceTooHigh, cceExpType, mapping, trialSuccess, 
200.671263, 19, 0.1, 0.1, 0.0352997665, 0.36326447, -0.0349769526, 0.944785524, -0.327689354, 1.27460685e-005, 0.327689354, 0.944785524, -7.28193893e-006, -9.65608711e-006, 1.10566214e-005, 1, 0.944785538, -0.327689315, 5.79911331e-006, 0.327689315, 0.944785538, 2.41424981e-006, -6.27004226e-006, -3.80640839e-007, 1, 0, 0, 0, 0, 0, 0, 0, 0.371884692, -0.167816406, -0.186104272, 0.161675666, 0.42244493, -0.891805597, -0.802368164, 0.582275391, 0.130371094, 0.574431931, 0.694541203, 0.433295871, 0, 0, -0, 0, 0, 0, 0, 0.422641162, -0.121236475, -0.139705518, 0.186898218, 0.29093049, -0.938153415, 0.307983398, -0.924194336, -0.225341797, -0.932716892, -0.246697755, -0.262465415, 0, 1, 3, 1, 
200.711116, 19, 0.1, 0.1, 0.0352997743, 0.363264494, -0.0349685521, 0.944788331, -0.327681263, -4.96612024e-006, 0.327681264, 0.944788331, 1.54341429e-006, 4.1861845e-006, -3.08550437e-006, 1, 0.944788335, -0.327681251, 6.34151071e-006, 0.327681251, 0.944788335, -3.55671025e-006, -4.82591808e-006, 5.43833251e-006, 1, 0, 0, 0, 0, 0, 0, 0, 0.370906274, -0.172887988, -0.182579199, 0.162089048, 0.441945774, -0.8822527, -0.810302734, 0.569824219, 0.13659668, 0.562996, 0.692812084, 0.450692407, 0, 0, -0, 0, 0, 0, 0, 0.418888379, -0.125943799, -0.137686816, 0.164491794, 0.293690608, -0.941525307, 0.345336914, -0.911254883, -0.223999023, -0.923902315, -0.288140176, -0.251404743, 0, 1, 3, 1, 
200.711836, 19, 0.1, 0.1, 0.0352997737, 0.363264495, -0.0349671164, 0.944788309, -0.327681326, 5.74540775e-006, 0.327681326, 0.944788309, -3.78936209e-006, -4.18649087e-006, 5.46280783e-006, 1, 0.944788313, -0.327681314, 9.98855807e-006, 0.327681314, 0.944788313, -6.09254365e-006, -7.44066021e-006, 9.02922788e-006, 1, 0, 0, 0, 0, 0, 0, 0, 0.371287207, -0.172928857, -0.182042139, 0.160920444, 0.445518613, -0.880626914, -0.811767578, 0.567138672, 0.138427734, 0.561080026, 0.69274057, 0.45315393, 0, 0, -0, 0, 0, 0, 0, 0.418888379, -0.125943799, -0.137686816, 0.164491794, 0.293690608, -0.941525307, 0.345336914, -0.911254883, -0.223999023, -0.923902315, -0.288140176, -0.251404743, 0, 1, 3, 1, 
200.712554, 19, 0.1, 0.1, 0.0352997746, 0.363264494, -0.0349661248, 0.94478829, -0.32768138, 8.74015931e-006, 0.32768138, 0.94478829, -3.03489155e-006, -7.26312272e-006, 5.73131746e-006, 1, 0.944788293, -0.327681371, 5.04002349e-006, 0.327681371, 0.944788293, -1.58712504e-006, -4.24168389e-006, 3.15101897e-006, 1, 0, 0, 0, 0, 0, 0, 0, 0.371287207, -0.172928857, -0.182042139, 0.160920444, 0.445518613, -0.880626914, -0.811767578, 0.567138672, 0.138427734, 0.561080026, 0.69274057, 0.45315393, 0, 0, -0, 0, 0, 0, 0, 0.418969531, -0.126035596, -0.137239844, 0.161885125, 0.294009237, -0.941895708, 0.350097656, -0.909545898, -0.223754883, -0.922457889, -0.293507366, -0.250216247, 0, 1, 3, 1, 
200.713256, 19, 0.1, 0.1, 0.0352997758, 0.363264493, -0.0349661588, 0.944788274, -0.327681427, 4.49576286e-006, 0.327681427, 0.944788274, -1.29379156e-006, -3.82359256e-006, 2.69553709e-006, 1, 0.944788277, -0.327681418, -7.06811535e-006, 0.327681418, 0.944788277, 4.66148614e-006, 5.15039013e-006, -6.72020752e-006, 1, 0, 0, 0, 0, 0, 0, 0, 0.371287207, -0.172928857, -0.182042139, 0.160920444, 0.445518613, -0.880626914, -0.811767578, 0.567138672, 0.138427734, 0.561080026, 0.69274057, 0.45315393, 0, 0, -0, 0, 0, 0, 0, 0.418969531, -0.126035596, -0.137239844, 0.161885125, 0.294009237, -0.941895708, 0.350097656, -0.909545898, -0.223754883, -0.922457889, -0.293507366, -0.250216247, 0, 1, 3, 1, 
200.713959, 19, 0.1, 0.1, 0.0352997768, 0.363264493, -0.0349671602, 0.94478826, -0.327681466, -7.11358744e-006, 0.327681466, 0.94478826, 2.60538013e-006, 5.86709912e-006, -4.79252332e-006, 1, 0.944788263, -0.327681459, -1.12807171e-005, 0.327681459, 0.944788263, 4.72587801e-006, 9.10930653e-006, -8.16143591e-006, 1, 0, 0, 0, 0, 0, 0, 0, 0.371287207, -0.172928857, -0.182042139, 0.160920444, 0.445518613, -0.880626914, -0.811767578, 0.567138672, 0.138427734, 0.561080026, 0.69274057, 0.45315393, 0, 0, -0, 0, 0, 0, 0, 0.418969531, -0.126035596, -0.137239844, 0.161885125, 0.294009237, -0.941895708, 0.350097656, -0.909545898, -0.223754883, -0.922457889, -0.293507366, -0.250216247, 0, 1, 3, 1, 
200.714675, 19, 0.1, 0.1, 0.0352997767, 0.363264493, -0.0349686868, 0.944788248, -0.327681502, -9.42812735e-006, 0.327681502, 0.944788248, 4.80135904e-006, 7.33426738e-006, -7.62569052e-006, 1, 0.94478825, -0.327681495, -5.99168388e-006, 0.327681495, 0.94478825, 2.72105649e-006, 4.76923267e-006, -4.53418613e-006, 1, 0, 0, 0, 0, 0, 0, 0, 0.371287207, -0.172928857, -0.182042139, 0.160920444, 0.445518613, -0.880626914, -0.811767578, 0.567138672, 0.138427734, 0.561080026, 0.69274057, 0.45315393, 0, 0, -0, 0, 0, 0, 0, 0.418969531, -0.126035596, -0.137239844, 0.159713022, 0.295158354, -0.941908468, 0.356323242, -0.907104492, -0.223754883, -0.920476818, -0.29976921, -0.250094845, 0, 1, 3, 1, 
200.715381, 19, 0.1, 0.1, 0.0352997761, 0.363264493, -0.0349700955, 0.944788238, -0.32768153, -4.84754639e-006, 0.32768153, 0.944788238, 2.61488061e-006, 3.72305673e-006, -4.05895987e-006, 1, 0.94478824, -0.327681525, 5.48290059e-006, 0.327681525, 0.94478824, -2.19376364e-006, -4.46132418e-006, 3.86928731e-006, 1, 0, 0, 0, 0, 0, 0, 0, 0.371287207, -0.172928857, -0.182042139, 0.160920444, 0.445518613, -0.880626914, -0.811767578, 0.567138672, 0.138427734, 0.561080026, 0.69274057, 0.45315393, 0, 0, -0, 0, 0, 0, 0, 0.41886748, -0.125421533, -0.13679165, 0.159713022, 0.295158354, -0.941908468, 0.356323242, -0.907104492, -0.223754883, -0.920476818, -0.29976921, -0.250094845, 0, 1, 3, 1, 
200.716088, 19, 0.1, 0.1, 0.0352997755, 0.363264493, -0.034971145, 0.944788229, -0.327681557, 5.56909343e-006, 0.327681557, 0.944788229, -2.69332277e-006, -4.37906172e-006, 4.36950886e-006, 1, 0.944788231, -0.327681551, 9.00033935e-006, 0.327681551, 0.944788231, -4.52973033e-006, -7.01910563e-006, 7.22888106e-006, 1, 0, 0, 0, 0, 0, 0, 0, 0.371287207, -0.172928857, -0.182042139, 0.160920444, 0.445518613, -0.880626914, -0.811767578, 0.567138672, 0.138427734, 0.561080026, 0.69274057, 0.45315393, 0, 0, -0, 0, 0, 0, 0, 0.41886748, -0.125421533, -0.13679165, 0.159713022, 0.295158354, -0.941908468, 0.356323242, -0.907104492, -0.223754883, -0.920476818, -0.29976921, -0.250094845, 0, 1, 3, 1, 
200.716804, 19, 0.1, 0.1, 0.0352997756, 0.363264493, -0.0349715253, 0.94478822, -0.327681582, 9.20058923e-006, 0.327681582, 0.94478822, -4.46360781e-006, -7.22996626e-006, 7.23202771e-006, 1, 0.944788222, -0.327681577, 5.812135e-006, 0.327681577, 0.944788222, -2.87319043e-006, -4.54974512e-006, 4.61908604e-006, 1, 0, 0, 0, 0, 0, 0, 0, 0.371287207, -0.172928857, -0.182042139, 0.160957514, 0.44905326, -0.878905648, -0.813354492, 0.564697266, 0.139526367, 0.558973092, 0.692427921, 0.456218291, 0, 0, -0, 0, 0, 0, 0, 0.41886748, -0.125421533, -0.13679165, 0.159713022, 0.295158354, -0.941908468, 0.356323242, -0.907104492, -0.223754883, -0.920476818, -0.29976921, -0.250094845, 0, 1, 3, 1, 
200.717509, 19, 0.1, 0.1, 0.0352997759, 0.363264493, -0.0349710344, 0.944788212, -0.327681607, 5.92890586e-006, 0.327681607, 0.944788212, -2.85177722e-006, -4.66708543e-006, 4.6371189e-006, 1, 0.944788213, -0.327681602, -4.05316497e-006, 0.327681602, 0.944788213, 2.15593999e-006, 3.12292062e-006, -3.36505428e-006, 1, 0, 0, 0, 0, 0, 0, 0, 0.37128269, -0.172525928, -0.18105188, 0.160957514, 0.44905326, -0.878905648, -0.813354492, 0.564697266, 0.139526367, 0.558973092, 0.692427921, 0.456218291, 0, 0, -0, 0, 0, 0, 0, 0.41886748, -0.125421533, -0.13679165, 0.159713022, 0.295158354, -0.941908468, 0.356323242, -0.907104492, -0.223754883, -0.920476818, -0.29976921, -0.250094845, 0, 1, 3, 1, 
200.718211, 19, 0.1, 0.1, 0.0352997762, 0.363264493, -0.03497008, 0.944788204, -0.327681627, -4.62369525e-006, 0.327681627, 0.944788204, 2.17791225e-006, 3.6547509e-006, -3.57276578e-006, 1, 0.944788206, -0.327681623, -8.42274396e-006, 0.327681624, 0.944788206, 3.82364001e-006, 6.70477258e-006, -6.3725084e-006, 1, 0, 0, 0, 0, 0, 0, 0, 0.37128269, -0.172525928, -0.18105188, 0.160957514, 0.44905326, -0.878905648, -0.813354492, 0.564697266, 0.139526367, 0.558973092, 0.692427921, 0.456218291, 0, 0, -0, 0, 0, 0, 0, 0.41886748, -0.125421533, -0.13679165, 0.159713022, 0.295158354, -0.941908468, 0.356323242, -0.907104492, -0.223754883, -0.920476818, -0.29976921, -0.250094845, 0, 1, 3, 1, 
200.718915, 19, 0.1, 0.1, 0.0352997757, 0.363264493, -0.0349689337, 0.944788199, -0.327681643, -8.75016638e-006, 0.327681643, 0.944788199, 4.34153071e-006, 6.84441402e-006, -6.96909587e-006, 1, 0.9447882, -0.32768164, -5.31383604e-006, 0.32768164, 0.9447882, 2.84273919e-006, 4.08893615e-006, -4.42703295e-006, 1, 0, 0, 0, 0, 0, 0, 0, 0.37128269, -0.172525928, -0.18105188, 0.160957514, 0.44905326, -0.878905648, -0.813354492, 0.564697266, 0.139526367, 0.558973092, 0.692427921, 0.456218291, 0, 0, -0, 0, 0, 0, 0, 0.41886748, -0.125421533, -0.13679165, 0.159713022, 0.295158354, -0.941908468, 0.356323242, -0.907104492, -0.223754883, -0.920476818, -0.29976921, -0.250094845, 0, 1, 3, 1, 
200.719647, 19, 0.1, 0.1, 0.0352997748, 0.363264494, -0.0349676924, 0.944788193, -0.327681661, -5.6462845e-006, 0.327681661, 0.944788193, 2.50385869e-006, 4.51407435e-006, -4.21580001e-006, 1, 0.944788194, -0.327681657, 5.65690128e-006, 0.327681657, 0.944788194, -3.1538656e-006, -4.31110963e-006, 4.83339777e-006, 1, 0, 0, 0, 0, 0, 0, 0, 0.370954468, -0.172068677, -0.181160864, 0.158958042, 0.453698102, -0.876841775, -0.814331055, 0.562255859, 0.143310547, 0.558053857, 0.691321474, 0.459104796, 0, 0, -0, 0, 0, 0, 0, 0.418585986, -0.124526123, -0.137205664, 0.155029766, 0.297157283, -0.942150905, 0.361938477, -0.904418945, -0.225585937, -0.919127907, -0.305941735, -0.247788215, 0, 1, 3, 1, 
200.72037, 19, 0.1, 0.1, 0.0352997742, 0.363264494, -0.0349666817, 0.944788188, -0.327681675, 5.81593059e-006, 0.327681675, 0.944788188, -2.96797557e-006, -4.52227132e-006, 4.70988214e-006, 1, 0.944788188, -0.327681673, 1.02671055e-005, 0.327681673, 0.944788189, -4.89420181e-006, -8.09649981e-006, 7.98832639e-006, 1, 0, 0, 0, 0, 0, 0, 0, 0.370954468, -0.172068677, -0.181160864, 0.158958042, 0.453698102, -0.876841775, -0.814331055, 0.562255859, 0.143310547, 0.558053857, 0.691321474, 0.459104796, 0, 0, -0, 0, 0, 0, 0, 0.418585986, -0.124526123, -0.137205664, 0.155029766, 0.297157283, -0.942150905, 0.361938477, -0.904418945, -0.225585937, -0.919127907, -0.305941735, -0.247788215, 0, 1, 3, 1, 
200.721075, 19, 0.1, 0.1, 0.0352997747, 0.363264494, -0.0349664621, 0.944788184, -0.327681684, 9.47881787e-006, 0.327681685, 0.944788185, -4.45440768e-006, -7.49584731e-006, 7.31450676e-006, 1, 0.944788185, -0.327681683, 5.93082219e-006, 0.327681683, 0.944788185, -2.8436584e-006, -4.67155596e-006, 4.63007666e-006, 1, 0, 0, 0, 0, 0, 0, 0, 0.370954468, -0.172068677, -0.181160864, 0.158958042, 0.453698102, -0.876841775, -0.814331055, 0.562255859, 0.143310547, 0.558053857, 0.691321474, 0.459104796, 0, 0, -0, 0, 0, 0, 0, 0.418585986, -0.124526123, -0.137205664, 0.155029766, 0.297157283, -0.942150905, 0.361938477, -0.904418945, -0.225585937, -0.919127907, -0.305941735, -0.247788215, 0, 1, 3, 1, 
200.721781, 19, 0.1, 0.1, 0.0352997757, 0.363264493, -0.0349670319, 0.944788182, -0.327681691, 5.02810846e-006, 0.327681691, 0.944788182, -2.25629857e-006, -4.01114973e-006, 3.77934331e-006, 1, 0.944788183, -0.32768169, -6.36830575e-006, 0.32768169, 0.944788183, 3.22378578e-006, 4.96032445e-006, -5.1325719e-006, 1, 0, 0, 0, 0, 0, 0, 0, 0.370954468, -0.172068677, -0.181160864, 0.158958042, 0.453698102, -0.876841775, -0.814331055, 0.562255859, 0.143310547, 0.558053857, 0.691321474, 0.459104796, 0, 0, -0, 0, 0, 0, 0, 0.418585986, -0.124526123, -0.137205664, 0.155029766, 0.297157283, -0.942150905, 0.361938477, -0.904418945, -0.225585937, -0.919127907, -0.305941735, -0.247788215, 0, 1, 3, 1, 
200.722487, 19, 0.1, 0.1, 0.0352997763, 0.363264493, -0.0349682048, 0.944788181, -0.327681694, -6.15835185e-006, 0.327681694, 0.944788181, 3.07765246e-006, 4.80984767e-006, -4.92570883e-006, 1, 0.944788181, -0.327681694, -1.01052459e-005, 0.327681694, 0.944788181, 4.82153182e-006, 7.96738921e-006, -7.86663039e-006, 1, 0, 0, 0, 0, 0, 0, 0, 0.370954468, -0.172068677, -0.181160864, 0.158958042, 0.453698102, -0.876841775, -0.814331055, 0.562255859, 0.143310547, 0.558053857, 0.691321474, 0.459104796, 0, 0, -0, 0, 0, 0, 0, 0.418585986, -0.124526123, -0.137205664, 0.155029766, 0.297157283, -0.942150905, 0.361938477, -0.904418945, -0.225585937, -0.919127907, -0.305941735, -0.247788215, 0, 1, 3, 1, 
200.723196, 19, 0.1, 0.1, 0.0352997762, 0.363264493, -0.0349695726, 0.944788181, -0.327681695, -9.51367591e-006, 0.327681695, 0.944788181, 4.31226594e-006, 7.57535795e-006, -7.19163534e-006, 1, 0.944788181, -0.327681695, -6.15369106e-006, 0.327681695, 0.944788181, 2.78221618e-006, 4.90225327e-006, -4.64505688e-006, 1, 0, 0, 0, 0, 0, 0, 0, 0.370954468, -0.172068677, -0.181160864, 0.158958042, 0.453698102, -0.876841775, -0.814331055, 0.562255859, 0.143310547, 0.558053857, 0.691321474, 0.459104796, 0, 0, -0, 0, 0, 0, 0, 0.418585986, -0.124526123, -0.137205664, 0.155029766, 0.297157283, -0.942150905, 0.361938477, -0.904418945, -0.225585937, -0.919127907, -0.305941735, -0.247788215, 0, 1, 3, 1, 
200.723904, 19, 0.1, 0.1, 0.0352997758, 0.363264493, -0.0349706948, 0.944788181, -0.327681695, -5.64149611e-006, 0.327681695, 0.944788181, 2.89640533e-006, 4.38091984e-006, -4.58510453e-006, 1, 0.944788181, -0.327681694, 4.62982655e-006, 0.327681694, 0.944788181, -2.08060476e-006, -3.69242931e-006, 3.4828402e-006, 1, 0, 0, 0, 0, 0, 0, 0, 0.370954468, -0.172068677, -0.181160864, 0.158958042, 0.453698102, -0.876841775, -0.814331055, 0.562255859, 0.143310547, 0.558053857, 0.691321474, 0.459104796, 0, 0, -0, 0, 0, 0, 0, 0.418585986, -0.124526123, -0.137205664, 0.155029766, 0.297157283, -0.942150905, 0.361938477, -0.904418945, -0.225585937, -0.919127907, -0.305941735, -0.247788215, 0, 1, 3, 1, 
200.724633, 19, 0.1, 0.1, 0.0352997753, 0.363264493, -0.0349710605, 0.94478818, -0.327681697, 5.62270173e-006, 0.327681697, 0.94478818, -2.96278039e-006, -4.34141323e-006, 4.64165634e-006, 1, 0.94478818, -0.327681696, 9.19726154e-006, 0.327681696, 0.94478818, -4.81273831e-006, -7.11241774e-006, 7.56079253e-006, 1, 0, 0, 0, 0, 0, 0, 0, 0.370510059, -0.172192187, -0.181099341, 0.159021322, 0.45569046, -0.875730459, -0.814575195, 0.561645508, 0.14440918, 0.557673059, 0.69063514, 0.460659068, 0, 0, -0, 0, 0, 0, 0, 0.417975439, -0.124848486, -0.137424756, 0.152403773, 0.296613707, -0.942732027, 0.364257812, -0.903564453, -0.225341797, -0.918667454, -0.308944692, -0.245762667, 0, 1, 3, 1, 
200.725337, 19, 0.1, 0.1, 0.0352997754, 0.363264493, -0.0349707347, 0.944788179, -0.3276817, 9.08489506e-006, 0.3276817, 0.944788179, -4.03542982e-006, -7.26096496e-006, 6.78958025e-006, 1, 0.944788179, -0.327681699, 6.00636404e-006, 0.327681699, 0.944788179, -2.50036279e-006, -4.85541862e-006, 4.33048878e-006, 1, 0, 0, 0, 0, 0, 0, 0, 0.370510059, -0.172192187, -0.181099341, 0.159021322, 0.45569046, -0.875730459, -0.814575195, 0.561645508, 0.14440918, 0.557673059, 0.69063514, 0.460659068, 0, 0, -0, 0, 0, 0, 0, 0.417975439, -0.124848486, -0.137424756, 0.152403773, 0.296613707, -0.942732027, 0.364257812, -0.903564453, -0.225341797, -0.918667454, -0.308944692, -0.245762667, 0, 1, 3, 1, 
200.726042, 19, 0.1, 0.1, 0.035299776, 0.363264493, -0.0349699924, 0.944788179, -0.327681699, 5.78236172e-006, 0.327681699, 0.944788179, -2.98978638e-006, -4.48340872e-006, 4.71948895e-006, 1, 0.944788179, -0.327681699, -4.74166082e-006, 0.327681699, 0.944788179, 2.05919922e-006, 3.8051032e-006, -3.49926256e-006, 1, 0, 0, 0, 0, 0, 0, 0, 0.370510059, -0.172192187, -0.181099341, 0.159021322, 0.45569046, -0.875730459, -0.814575195, 0.561645508, 0.14440918, 0.557673059, 0.69063514, 0.460659068, 0, 0, -0, 0, 0, 0, 0, 0.417975439, -0.124848486, -0.137424756, 0.152403773, 0.296613707, -0.942732027, 0.364257812, -0.903564453, -0.225341797, -0.918667454, -0.308944692, -0.245762667, 0, 1, 3, 1, 
200.726744, 19, 0.1, 0.1, 0.0352997763, 0.363264493, -0.0349690953, 0.944788179, -0.327681701, -4.73764525e-006, 0.327681701, 0.944788179, 2.72669565e-006, 3.58258296e-006, -4.12858947e-006, 1, 0.944788179, -0.327681701, -8.58075181e-006, 0.327681701, 0.944788179, 4.65045116e-006, 6.58312513e-006, -7.20544663e-006, 1, 0, 0, 0, 0, 0, 0, 0, 0.370510059, -0.172192187, -0.181099341, 0.159021322, 0.45569046, -0.875730459, -0.814575195, 0.561645508, 0.14440918, 0.557673059, 0.69063514, 0.460659068, 0, 0, -0, 0, 0, 0, 0, 0.417975439, -0.124848486, -0.137424756, 0.152403773, 0.296613707, -0.942732027, 0.364257812, -0.903564453, -0.225341797, -0.918667454, -0.308944692, -0.245762667, 0, 1, 3, 1, 
200.727449, 19, 0.1, 0.1, 0.0352997758, 0.363264493, -0.0349682699, 0.944788178, -0.327681702, -9.25936088e-006, 0.327681702, 0.944788178, 3.77696301e-006, 7.51049303e-006, -6.60255314e-006, 1, 0.944788178, -0.327681702, -5.73992608e-006, 0.327681702, 0.944788178, 2.22401858e-006, 4.69424411e-006, -3.98209521e-006, 1, 0, 0, 0, 0, 0, 0, 0, 0.370510059, -0.172192187, -0.181099341, 0.159021322, 0.45569046, -0.875730459, -0.814575195, 0.561645508, 0.14440918, 0.557673059, 0.69063514, 0.460659068, 0, 0, -0, 0, 0, 0, 0, 0.417975439, -0.124848486, -0.137424756, 0.152403773, 0.296613707, -0.942732027, 0.364257812, -0.903564453, -0.225341797, -0.918667454, -0.308944692, -0.245762667, 0, 1, 3, 1, 
200.728157, 19, 0.1, 0.1, 0.0352997752, 0.363264493, -0.0349677529, 0.944788178, -0.327681703, -5.75391632e-006, 0.327681703, 0.944788178, 3.04157389e-006, 4.43956401e-006, -4.75909615e-006, 1, 0.944788178, -0.327681702, 5.36781964e-006, 0.327681702, 0.944788178, -2.73746392e-006, -4.1744357e-006, 4.34525982e-006, 1, 0, 0, 0, 0, 0, 0, 0, 0.370510059, -0.172192187, -0.181099341, 0.159021322, 0.45569046, -0.875730459, -0.814575195, 0.561645508, 0.14440918, 0.557673059, 0.69063514, 0.460659068, 0, 0, -0, 0, 0, 0, 0, 0.417975439, -0.124848486, -0.137424756, 0.152403773, 0.296613707, -0.942732027, 0.364257812, -0.903564453, -0.225341797, -0.918667454, -0.308944692, -0.245762667, 0, 1, 3, 1, 
200.728861, 19, 0.1, 0.1, 0.0352997748, 0.363264493, -0.0349677235, 0.944788178, -0.327681704, 5.06280569e-006, 0.327681704, 0.944788178, -2.08965034e-006, -4.09853878e-006, 3.63326573e-006, 1, 0.944788178, -0.327681704, 9.26935613e-006, 0.327681704, 0.944788178, -3.91074657e-006, -7.47609798e-006, 6.73222554e-006, 1, 0, 0, 0, 0, 0, 0, 0, 0.370510059, -0.172192187, -0.181099341, 0.159021322, 0.45569046, -0.875730459, -0.814575195, 0.561645508, 0.14440918, 0.557673059, 0.69063514, 0.460659068, 0, 0, -0, 0, 0, 0, 0, 0.417975439, -0.124848486, -0.137424756, 0.152403773, 0.296613707, -0.942732027, 0.364257812, -0.903564453, -0.225341797, -0.918667454, -0.308944692, -0.245762667, 0, 1, 3, 1, 
200.729595, 19, 0.1, 0.1, 0.0352997759, 0.363264493, -0.0349678276, 0.944788178, -0.327681705, 7.76285608e-006, 0.327681705, 0.944788178, -4.3922881e-006, -5.89498219e-006, 6.69352778e-006, 1, 0.944788178, -0.327681704, 4.20743477e-006, 0.327681704, 0.944788178, -2.67237476e-006, -3.09944631e-006, 3.90352748e-006, 1, 0, 0, 0, 0, 0, 0, 0, 0.370008643, -0.171881421, -0.180842285, 0.157936215, 0.457441683, -0.875114517, -0.814697266, 0.561035156, 0.146240234, 0.557844923, 0.689986998, 0.461426655, 0, 0, -0, 0, 0, 0, 0, 0.417156543, -0.12494248, -0.137645557, 0.150033344, 0.296031852, -0.943300389, 0.366210937, -0.902832031, -0.225097656, -0.918302883, -0.311583445, -0.243858521, 0, 1, 3, 1, 
200.730297, 19, 0.1, 0.1, 0.035299777, 0.363264492, -0.0349682672, 0.944788177, -0.327681706, 4.97929458e-006, 0.327681706, 0.944788177, -1.66975808e-006, -4.15722948e-006, 3.20919143e-006, 1, 0.944788177, -0.327681706, -6.23655535e-006, 0.327681706, 0.944788177, 3.45622019e-006, 4.75968363e-006, -5.30900107e-006, 1, 0, 0, 0, 0, 0, 0, 0, 0.370008643, -0.171881421, -0.180842285, 0.157936215, 0.457441683, -0.875114517, -0.814697266, 0.561035156, 0.146240234, 0.557844923, 0.689986998, 0.461426655, 0, 0, -0, 0, 0, 0, 0, 0.417156543, -0.12494248, -0.137645557, 0.150033344, 0.296031852, -0.943300389, 0.366210937, -0.902832031, -0.225097656, -0.918302883, -0.311583445, -0.243858521, 0, 1, 3, 1, 
200.730998, 19, 0.1, 0.1, 0.0352997774, 0.363264492, -0.0349690005, 0.944788177, -0.327681705, -4.98850162e-006, 0.327681705, 0.944788177, 3.06628237e-006, 3.70831272e-006, -4.53162805e-006, 1, 0.944788177, -0.327681705, -8.85253648e-006, 0.327681705, 0.944788177, 5.20213865e-006, 6.65912614e-006, -7.81573333e-006, 1, 0, 0, 0, 0, 0, 0, 0, 0.370008643, -0.171881421, -0.180842285, 0.157936215, 0.457441683, -0.875114517, -0.814697266, 0.561035156, 0.146240234, 0.557844923, 0.689986998, 0.461426655, 0, 0, -0, 0, 0, 0, 0, 0.417156543, -0.12494248, -0.137645557, 0.150033344, 0.296031852, -0.943300389, 0.366210937, -0.902832031, -0.225097656, -0.918302883, -0.311583445, -0.243858521, 0, 1, 3, 1, 
200.731731, 19, 0.1, 0.1, 0.035299777, 0.363264492, -0.0349696306, 0.944788177, -0.327681705, -8.8660578e-006, 0.327681705, 0.944788177, 3.70125058e-006, 7.16371449e-006, -6.40214273e-006, 1, 0.944788177, -0.327681706, -5.35044236e-006, 0.327681706, 0.944788177, 2.06073686e-006, 4.37976891e-006, -3.7002019e-006, 1, 0, 0, 0, 0, 0, 0, 0, 0.36979895, -0.172027271, -0.180564966, 0.158196446, 0.459015051, -0.874142865, -0.814575195, 0.560913086, 0.147094727, 0.557927299, 0.688996249, 0.462879456, 0, 0, -0, 0, 0, 0, 0, 0.417156543, -0.12494248, -0.137645557, 0.149848143, 0.29617221, -0.943274869, 0.367553711, -0.90222168, -0.224975586, -0.917708634, -0.312918862, -0.244101324, 0, 1, 3, 1, 
200.732429, 19, 0.1, 0.1, 0.0352997763, 0.363264493, -0.0349699149, 0.944788177, -0.327681705, -4.71094426e-006, 0.327681705, 0.944788177, 2.78068544e-006, 3.53966469e-006, -4.17084897e-006, 1, 0.944788178, -0.327681704, 5.50676441e-006, 0.327681704, 0.944788178, -2.43525393e-006, -4.40473775e-006, 4.10526507e-006, 1, 0, 0, 0, 0, 0, 0, 0, 0.36979895, -0.172027271, -0.180564966, 0.158196446, 0.459015051, -0.874142865, -0.814575195, 0.560913086, 0.147094727, 0.557927299, 0.688996249, 0.462879456, 0, 0, -0, 0, 0, 0, 0, 0.416487061, -0.125184521, -0.13720249, 0.149848143, 0.29617221, -0.943274869, 0.367553711, -0.90222168, -0.224975586, -0.917708634, -0.312918862, -0.244101324, 0, 1, 3, 1, 
200.733132, 19, 0.1, 0.1, 0.0352997756, 0.363264493, -0.0349700195, 0.944788177, -0.327681706, 5.77298129e-006, 0.327681706, 0.944788177, -2.57884797e-006, -4.60920317e-006, 4.32816543e-006, 1, 0.944788177, -0.327681706, 9.60794413e-006, 0.327681706, 0.944788177, -4.15222061e-006, -7.71686529e-006, 7.07131646e-006, 1, 0, 0, 0, 0, 0, 0, 0, 0.36979895, -0.172027271, -0.180564966, 0.158196446, 0.459015051, -0.874142865, -0.814575195, 0.560913086, 0.147094727, 0.557927299, 0.688996249, 0.462879456, 0, 0, -0, 0, 0, 0, 0, 0.416487061, -0.125184521, -0.13720249, 0.149848143, 0.29617221, -0.943274869, 0.367553711, -0.90222168, -0.224975586, -0.917708634, -0.312918862, -0.244101324, 0, 1, 3, 1, 
200.733835, 19, 0.1, 0.1, 0.0352997758, 0.363264493, -0.0349699178, 0.944788178, -0.327681704, 9.1149634e-006, 0.327681704, 0.944788178, -4.95507345e-006, -6.98802274e-006, 7.66830156e-006, 1, 0.944788178, -0.327681704, 5.8782002e-006, 0.327681705, 0.944788178, -3.43851303e-006, -4.42691624e-006, 5.17484511e-006, 1, 0, 0, 0, 0, 0, 0, 0, 0.36979895, -0.172027271, -0.180564966, 0.158196446, 0.459015051, -0.874142865, -0.814575195, 0.560913086, 0.147094727, 0.557927299, 0.688996249, 0.462879456, 0, 0, -0, 0, 0, 0, 0, 0.416487061, -0.125184521, -0.13720249, 0.149848143, 0.29617221, -0.943274869, 0.367553711, -0.90222168, -0.224975586, -0.917708634, -0.312918862, -0.244101324, 0, 1, 3, 1, 
200.734538, 19, 0.1, 0.1, 0.0352997763, 0.363264492, -0.0349696295, 0.944788177, -0.327681705, 6.27662378e-006, 0.327681705, 0.944788177, -2.46589682e-006, -5.12205067e-006, 4.38648495e-006, 1, 0.944788177, -0.327681705, -4.42657153e-006, 0.327681705, 0.944788177, 2.61662287e-006, 3.324753e-006, -3.92266086e-006, 1, 0, 0, 0, 0, 0, 0, 0, 0.36979895, -0.172027271, -0.180564966, 0.158196446, 0.459015051, -0.874142865, -0.814575195, 0.560913086, 0.147094727, 0.557927299, 0.688996249, 0.462879456, 0, 0, -0, 0, 0, 0, 0, 0.416487061, -0.125184521, -0.13720249, 0.149848143, 0.29617221, -0.943274869, 0.367553711, -0.90222168, -0.224975586, -0.917708634, -0.312918862, -0.244101324, 0, 1, 3, 1, 
200.735266, 19, 0.1, 0.1, 0.035299777, 0.363264492, -0.0349690417, 0.944788178, -0.327681703, -6.49612827e-006, 0.327681703, 0.944788178, 2.84864731e-006, 5.20401559e-006, -4.82003068e-006, 1, 0.944788178, -0.327681703, -1.03857069e-005, 0.327681703, 0.944788178, 4.88384922e-006, 8.21194511e-006, -8.01740915e-006, 1, 0, 0, 0, 0, 0, 0, 0, 0.36979895, -0.172027271, -0.180564966, 0.158196446, 0.459015051, -0.874142865, -0.814575195, 0.560913086, 0.147094727, 0.557927299, 0.688996249, 0.462879456, 0, 0, -0, 0, 0, 0, 0, 0.416487061, -0.125184521, -0.13720249, 0.149848143, 0.29617221, -0.943274869, 0.367553711, -0.90222168, -0.224975586, -0.917708634, -0.312918862, -0.244101324, 0, 1, 3, 1, 
200.735968, 19, 0.1, 0.1, 0.0352997769, 0.363264492, -0.0349684482, 0.944788178, -0.327681704, -9.66583287e-006, 0.327681704, 0.944788178, 4.88268384e-006, 7.53219847e-006, -7.78041855e-006, 1, 0.944788178, -0.327681704, -6.36214499e-006, 0.327681704, 0.944788178, 3.16424947e-006, 4.97401271e-006, -5.074304e-006, 1, 0, 0, 0, 0, 0, 0, 0, 0.36979895, -0.172027271, -0.180564966, 0.158196446, 0.459015051, -0.874142865, -0.814575195, 0.560913086, 0.147094727, 0.557927299, 0.688996249, 0.462879456, 0, 0, -0, 0, 0, 0, 0, 0.416487061, -0.125184521, -0.13720249, 0.149848143, 0.29617221, -0.943274869, 0.367553711, -0.90222168, -0.224975586, -0.917708634, -0.312918862, -0.244101324, 0, 1, 3, 1, 
200.736699, 19, 0.1, 0.1, 0.0352997764, 0.363264492, -0.0349679622, 0.944788177, -0.327681706, -6.84738417e-006, 0.327681706, 0.944788177, 3.12886948e-006, 5.44405432e-006, -5.19988141e-006, 1, 0.944788177, -0.327681705, 5.31430958e-006, 0.327681705, 0.944788177, -2.81185629e-006, -4.099503e-006, 4.3980106e-006, 1, 0, 0, 0, 0, 0, 0, 0, 0.369358447, -0.172398315, -0.180521021, 0.158247742, 0.460594411, -0.873349068, -0.813842773, 0.561645508, 0.148803711, 0.559031501, 0.687263, 0.46398965, 0, 0, -0, 0, 0, 0, 0, 0.416487061, -0.125184521, -0.13720249, 0.150416872, 0.295654521, -0.943332472, 0.368530273, -0.902099609, -0.223876953, -0.91728063, -0.313832472, -0.244721092, 0, 1, 3, 1, 
200.737404, 19, 0.1, 0.1, 0.0352997762, 0.363264492, -0.0349676898, 0.944788178, -0.327681704, 5.07376964e-006, 0.327681704, 0.944788178, -1.9990973e-006, -4.13856996e-006, 3.55130497e-006, 1, 0.944788178, -0.327681704, 8.99172121e-006, 0.327681704, 0.944788178, -3.84515215e-006, -7.23528589e-006, 6.57927683e-006, 1, 0, 0, 0, 0, 0, 0, 0, 0.369358447, -0.172398315, -0.180521021, 0.158247742, 0.460594411, -0.873349068, -0.813842773, 0.561645508, 0.148803711, 0.559031501, 0.687263, 0.46398965, 0, 0, -0, 0, 0, 0, 0, 0.416087207, -0.125684473, -0.136772852, 0.150416872, 0.295654521, -0.943332472, 0.368530273, -0.902099609, -0.223876953, -0.91728063, -0.313832472, -0.244721092, 0, 1, 3, 1, 
200.73811, 19, 0.1, 0.1, 0.0352997767, 0.363264492, -0.034967887, 0.944788178, -0.327681704, 8.95185607e-006, 0.327681704, 0.944788178, -5.02656154e-006, -6.81049553e-006, 7.68239537e-006, 1, 0.944788178, -0.327681703, 5.37939534e-006, 0.327681703, 0.944788178, -3.1373814e-006, -4.05432664e-006, 4.72689028e-006, 1, 0, 0, 0, 0, 0, 0, 0, 0.369358447, -0.172398315, -0.180521021, 0.158247742, 0.460594411, -0.873349068, -0.813842773, 0.561645508, 0.148803711, 0.559031501, 0.687263, 0.46398965, 0, 0, -0, 0, 0, 0, 0, 0.416087207, -0.125684473, -0.136772852, 0.150416872, 0.295654521, -0.943332472, 0.368530273, -0.902099609, -0.223876953, -0.91728063, -0.313832472, -0.244721092, 0, 1, 3, 1, 
200.738813, 19, 0.1, 0.1, 0.0352997774, 0.363264492, -0.0349684554, 0.944788178, -0.327681703, 6.13874446e-006, 0.327681703, 0.944788178, -2.71628524e-006, -4.90973622e-006, 4.57786842e-006, 1, 0.944788178, -0.327681704, -5.11467635e-006, 0.327681704, 0.944788178, 2.36619027e-006, 4.05692849e-006, -3.91153445e-006, 1, 0, 0, 0, 0, 0, 0, 0, 0.369358447, -0.172398315, -0.180521021, 0.158247742, 0.460594411, -0.873349068, -0.813842773, 0.561645508, 0.148803711, 0.559031501, 0.687263, 0.46398965, 0, 0, -0, 0, 0, 0, 0, 0.416087207, -0.125684473, -0.136772852, 0.150416872, 0.295654521, -0.943332472, 0.368530273, -0.902099609, -0.223876953, -0.91728063, -0.313832472, -0.244721092, 0, 1, 3, 1, 
200.739513, 19, 0.1, 0.1, 0.0352997774, 0.363264492, -0.0349692643, 0.944788178, -0.327681702, -3.98224849e-006, 0.327681702, 0.944788178, 2.25943683e-006, 3.02200519e-006, -3.43959917e-006, 1, 0.944788178, -0.327681702, -7.72652757e-006, 0.327681702, 0.944788178, 4.28038426e-006, 5.89732831e-006, -6.57589815e-006, 1, 0, 0, 0, 0, 0, 0, 0, 0.369358447, -0.172398315, -0.180521021, 0.158247742, 0.460594411, -0.873349068, -0.813842773, 0.561645508, 0.148803711, 0.559031501, 0.687263, 0.46398965, 0, 0, -0, 0, 0, 0, 0, 0.416087207, -0.125684473, -0.136772852, 0.150416872, 0.295654521, -0.943332472, 0.368530273, -0.902099609, -0.223876953, -0.91728063, -0.313832472, -0.244721092, 0, 1, 3, 1, 
200.740216, 19, 0.1, 0.1, 0.0352997766, 0.363264492, -0.0349700419, 0.944788178, -0.327681702, -7.65222493e-006, 0.327681702, 0.944788178, 3.17628278e-006, 6.18892191e-006, -5.50840852e-006, 1, 0.944788178, -0.327681702, -4.3727312e-006, 0.327681702, 0.944788178, 1.58275329e-006, 3.61266545e-006, -2.9282306e-006, 1, 0, 0, 0, 0, 0, 0, 0, 0.369358447, -0.172398315, -0.180521021, 0.158247742, 0.460594411, -0.873349068, -0.813842773, 0.561645508, 0.148803711, 0.559031501, 0.687263, 0.46398965, 0, 0, -0, 0, 0, 0, 0, 0.416087207, -0.125684473, -0.136772852, 0.150416872, 0.295654521, -0.943332472, 0.368530273, -0.902099609, -0.223876953, -0.91728063, -0.313832472, -0.244721092, 0, 1, 3, 1, 
200.740917, 19, 0.1, 0.1, 0.0352997757, 0.363264493, -0.0349705731, 0.944788179, -0.3276817, -4.62364098e-006, 0.3276817, 0.944788179, 2.39860252e-006, 3.58238319e-006, -3.78125384e-006, 1, 0.944788179, -0.3276817, 5.87564461e-006, 0.3276817, 0.944788179, -2.70929456e-006, -4.66345333e-006, 4.48505069e-006, 1, 0, 0, 0, 0, 0, 0, 0, 0.369358447, -0.172398315, -0.180521021, 0.158247742, 0.460594411, -0.873349068, -0.813842773, 0.561645508, 0.148803711, 0.559031501, 0.687263, 0.46398965, 0, 0, -0, 0, 0, 0, 0, 0.416087207, -0.125684473, -0.136772852, 0.150416872, 0.295654521, -0.943332472, 0.368530273, -0.902099609, -0.223876953, -0.91728063, -0.313832472, -0.244721092, 0, 1, 3, 1, 
200.741636, 19, 0.1, 0.1, 0.0352997752, 0.363264493, -0.0349705909, 0.944788179, -0.327681701, 5.17678622e-006, 0.327681701, 0.944788179, -2.56921214e-006, -4.04908262e-006, 4.12369938e-006, 1, 0.944788179, -0.327681701, 8.92272437e-006, 0.327681701, 0.944788179, -4.51638781e-006, -6.95014687e-006, 7.19084331e-006, 1, 0, 0, 0, 0, 0, 0, 0, 0.368894751, -0.173467529, -0.180496606, 0.157766595, 0.461634212, -0.872866798, -0.812255859, 0.563354492, 0.151123047, 0.561455954, 0.685244433, 0.463913266, 0, 0, -0, 0, 0, 0, 0, 0.416087207, -0.125684473, -0.136772852, 0.150416872, 0.295654521, -0.943332472, 0.368530273, -0.902099609, -0.223876953, -0.91728063, -0.313832472, -0.244721092, 0, 1, 3, 1, 
200.742357, 19, 0.1, 0.1, 0.035299776, 0.363264492, -0.0349698806, 0.944788178, -0.327681704, 7.71363982e-006, 0.327681704, 0.944788178, -3.89507961e-006, -6.01140939e-006, 6.20764381e-006, 1, 0.944788178, -0.327681704, 4.62618994e-006, 0.327681704, 0.944788178, -2.18792471e-006, -3.65382667e-006, 3.5830432e-006, 1, 0, 0, 0, 0, 0, 0, 0, 0.368894751, -0.173467529, -0.180496606, 0.157766595, 0.461634212, -0.872866798, -0.812255859, 0.563354492, 0.151123047, 0.561455954, 0.685244433, 0.463913266, 0, 0, -0, 0, 0, 0, 0, 0.415915479, -0.126868799, -0.136348096, 0.151132521, 0.294696068, -0.943536995, 0.368652344, -0.90234375, -0.22277832, -0.91708267, -0.314055953, -0.245110816, 0, 1, 3, 1, 
200.74306, 19, 0.1, 0.1, 0.0352997769, 0.363264492, -0.0349690464, 0.944788177, -0.327681705, 5.09166535e-006, 0.327681705, 0.944788177, -2.26920387e-006, -4.06696863e-006, 3.81236257e-006, 1, 0.944788177, -0.327681705, -5.94044122e-006, 0.327681705, 0.944788177, 2.94728828e-006, 4.64668619e-006, -4.73113703e-006, 1, 0, 0, 0, 0, 0, 0, 0, 0.368894751, -0.173467529, -0.180496606, 0.157766595, 0.461634212, -0.872866798, -0.812255859, 0.563354492, 0.151123047, 0.561455954, 0.685244433, 0.463913266, 0, 0, -0, 0, 0, 0, 0, 0.415915479, -0.126868799, -0.136348096, 0.151132521, 0.294696068, -0.943536995, 0.368652344, -0.90234375, -0.22277832, -0.91708267, -0.314055953, -0.245110816, 0, 1, 3, 1, 
200.743761, 19, 0.1, 0.1, 0.0352997775, 0.363264492, -0.0349683443, 0.944788178, -0.327681704, -5.66033658e-006, 0.327681704, 0.944788178, 2.43663989e-006, 4.54937677e-006, -4.1568973e-006, 1, 0.944788178, -0.327681704, -9.6800686e-006, 0.327681704, 0.944788178, 4.46691998e-006, 7.68188643e-006, -7.39227456e-006, 1, 0, 0, 0, 0, 0, 0, 0, 0.368894751, -0.173467529, -0.180496606, 0.157766595, 0.461634212, -0.872866798, -0.812255859, 0.563354492, 0.151123047, 0.561455954, 0.685244433, 0.463913266, 0, 0, -0, 0, 0, 0, 0, 0.415915479, -0.126868799, -0.136348096, 0.151132521, 0.294696068, -0.943536995, 0.368652344, -0.90234375, -0.22277832, -0.91708267, -0.314055953, -0.245110816, 0, 1, 3, 1, 
200.744493, 19, 0.1, 0.1, 0.0352997767, 0.363264492, -0.0349676307, 0.944788177, -0.327681706, -8.42583972e-006, 0.327681706, 0.944788177, 4.46045511e-006, 6.49902421e-006, -6.97517878e-006, 1, 0.944788177, -0.327681705, -4.94808746e-006, 0.327681705, 0.944788177, 2.69358852e-006, 3.79225485e-006, -4.16626832e-006, 1, 0, 0, 0, 0, 0, 0, 0, 0.368682129, -0.174564575, -0.180259814, 0.157850092, 0.462109369, -0.872606567, -0.810791016, 0.564941406, 0.152587891, 0.563543793, 0.68356248, 0.463995642, 0, 0, -0, 0, 0, 0, 0, 0.415768652, -0.128043115, -0.135918457, 0.152212376, 0.293846257, -0.943594598, 0.368774414, -0.902587891, -0.221557617, -0.91684643, -0.314145271, -0.245730584, 0, 1, 3, 1, 
200.745203, 19, 0.1, 0.1, 0.0352997757, 0.363264493, -0.0349673597, 0.944788176, -0.327681708, -5.29958617e-006, 0.327681708, 0.944788176, 2.51627376e-006, 4.18244947e-006, -4.11392315e-006, 1, 0.944788176, -0.327681708, 6.20490801e-006, 0.327681708, 0.944788176, -3.10528124e-006, -4.84477986e-006, 4.96706785e-006, 1, 0, 0, 0, 0, 0, 0, 0, 0.368682129, -0.174564575, -0.180259814, 0.157850092, 0.462109369, -0.872606567, -0.810791016, 0.564941406, 0.152587891, 0.563543793, 0.68356248, 0.463995642, 0, 0, -0, 0, 0, 0, 0, 0.415768652, -0.128043115, -0.135918457, 0.152212376, 0.293846257, -0.943594598, 0.368774414, -0.902587891, -0.221557617, -0.91684643, -0.314145271, -0.245730584, 0, 1, 3, 1, 
200.745904, 19, 0.1, 0.1, 0.0352997753, 0.363264493, -0.0349676718, 0.944788176, -0.32768171, 5.40940104e-006, 0.32768171, 0.944788176, -2.52802579e-006, -4.28235032e-006, 4.16101066e-006, 1, 0.944788176, -0.327681709, 9.46980175e-006, 0.327681709, 0.944788176, -4.64183646e-006, -7.42591181e-006, 7.48863303e-006, 1, 0, 0, 0, 0, 0, 0, 0, 0.368682129, -0.174564575, -0.180259814, 0.157850092, 0.462109369, -0.872606567, -0.810791016, 0.564941406, 0.152587891, 0.563543793, 0.68356248, 0.463995642, 0, 0, -0, 0, 0, 0, 0, 0.415768652, -0.128043115, -0.135918457, 0.152212376, 0.293846257, -0.943594598, 0.368774414, -0.902587891, -0.221557617, -0.91684643, -0.314145271, -0.245730584, 0, 1, 3, 1, 
200.746605, 19, 0.1, 0.1, 0.0352997758, 0.363264492, -0.0349684564, 0.944788174, -0.327681714, 8.41899399e-006, 0.327681714, 0.944788174, -4.25175775e-006, -6.56094269e-006, 6.77576082e-006, 1, 0.944788175, -0.327681713, 5.01636983e-006, 0.327681713, 0.944788175, -2.5960309e-006, -3.88873504e-006, 4.09647195e-006, 1, 0, 0, 0, 0, 0, 0, 0, 0.368682129, -0.174564575, -0.180259814, 0.157850092, 0.462109369, -0.872606567, -0.810791016, 0.564941406, 0.152587891, 0.563543793, 0.68356248, 0.463995642, 0, 0, -0, 0, 0, 0, 0, 0.415768652, -0.128043115, -0.135918457, 0.152212376, 0.293846257, -0.943594598, 0.368774414, -0.902587891, -0.221557617, -0.91684643, -0.314145271, -0.245730584, 0, 1, 3, 1, 
200.747308, 19, 0.1, 0.1, 0.0352997767, 0.363264492, -0.0349694408, 0.944788172, -0.327681719, 4.65039667e-006, 0.327681719, 0.944788172, -2.26374193e-006, -3.65185293e-006, 3.66260658e-006, 1, 0.944788173, -0.327681718, -5.90393667e-006, 0.327681718, 0.944788173, 3.01685141e-006, 4.58940249e-006, -4.78489765e-006, 1, 0, 0, 0, 0, 0, 0, 0, 0.368682129, -0.174564575, -0.180259814, 0.157850092, 0.462109369, -0.872606567, -0.810791016, 0.564941406, 0.152587891, 0.563543793, 0.68356248, 0.463995642, 0, 0, -0, 0, 0, 0, 0, 0.415768652, -0.128043115, -0.135918457, 0.152212376, 0.293846257, -0.943594598, 0.368774414, -0.902587891, -0.221557617, -0.91684643, -0.314145271, -0.245730584, 0, 1, 3, 1, 
200.748014, 19, 0.1, 0.1, 0.0352997773, 0.363264492, -0.03497029, 0.94478817, -0.327681726, -5.63150599e-006, 0.327681726, 0.94478817, 2.66571933e-006, 4.44707273e-006, -4.36388169e-006, 1, 0.944788171, -0.327681724, -9.31394518e-006, 0.327681724, 0.944788171, 4.58491193e-006, 7.29731338e-006, -7.38378017e-006, 1, 0, 0, 0, 0, 0, 0, 0, 0.368682129, -0.174564575, -0.180259814, 0.157850092, 0.462109369, -0.872606567, -0.810791016, 0.564941406, 0.152587891, 0.563543793, 0.68356248, 0.463995642, 0, 0, -0, 0, 0, 0, 0, 0.415768652, -0.128043115, -0.135918457, 0.152212376, 0.293846257, -0.943594598, 0.368774414, -0.902587891, -0.221557617, -0.91684643, -0.314145271, -0.245730584, 0, 1, 3, 1, 
200.748718, 19, 0.1, 0.1, 0.0352997771, 0.363264492, -0.0349707607, 0.944788168, -0.327681733, -8.52426992e-006, 0.327681733, 0.944788168, 4.29522837e-006, 6.64616148e-006, -6.85132849e-006, 1, 0.944788168, -0.327681732, -5.39080057e-006, 0.327681732, 0.944788168, 2.78333286e-006, 4.18111726e-006, -4.39612682e-006, 1, 0, 0, 0, 0, 0, 0, 0, 0.368682129, -0.174564575, -0.180259814, 0.157850092, 0.462109369, -0.872606567, -0.810791016, 0.564941406, 0.152587891, 0.563543793, 0.68356248, 0.463995642, 0, 0, -0, 0, 0, 0, 0, 0.415768652, -0.128043115, -0.135918457, 0.152212376, 0.293846257, -0.943594598, 0.368774414, -0.902587891, -0.221557617, -0.91684643, -0.314145271, -0.245730584, 0, 1, 3, 1, 
200.749447, 19, 0.1, 0.1, 0.0352997763, 0.363264492, -0.0349704734, 0.944788164, -0.327681742, -4.69617725e-006, 0.327681742, 0.944788164, 2.15639033e-006, 3.73028295e-006, -3.57618361e-006, 1, 0.944788165, -0.327681741, 5.42433865e-006, 0.327681741, 0.944788165, -2.88291798e-006, -4.18017138e-006, 4.50120352e-006, 1, 0, 0, 0, 0, 0, 0, 0, 0.368444482, -0.175400415, -0.180228687, 0.157476407, 0.463327026, -0.872028817, -0.809692383, 0.566040039, 0.154418945, 0.565086082, 0.681886519, 0.464522095, 0, 0, -0, 0, 0, 0, 0, 0.415720557, -0.128913135, -0.135683496, 0.151471206, 0.294408422, -0.943498716, 0.369384766, -0.90222168, -0.222290039, -0.916801587, -0.314822642, -0.245475021, 0, 1, 3, 1, 
