time, trialNum, realDorsalTactorPos, realVentralTactorPos, boxPosX, boxPosY, boxPosZ, boxLocalRot_11, boxLocalRot_12, boxLocalRot_13, boxLocalRot_21, boxLocalRot_22, boxLocalRot_23, boxLocalRot_31, boxLocalRot_32, boxLocalRot_33, boxGlobalRot_11, boxGlobalRot_12, boxGlobalRot_13, boxGlobalRot_21, boxGlobalRot_22, boxGlobalRot_23, boxGlobalRot_31, boxGlobalRot_32, boxGlobalRot_33, indexForceX, indexForceY, indexForceZ, indexForceGlobalX, indexForceGlobalY, indexForceGlobalZ, indexContact, indexPosX, indexPosY, indexPosZ, indexRot_11, indexRot_12, indexRot_13, indexRot_21, indexRot_22, indexRot_23, indexRot_31, indexRot_32, indexRot_33, thumbForceX, thumbForceY, thumbForceZ, thumbForceGlobalX, thumbForceGlobalY, thumbForceGlobalZ, thumbContact, thumbPosX, thumbPosY, thumbPosZ, thumbRot_11, thumbRot_12, thumbRot_13, thumbRot_21, thumbRot_22, thumbRot_23, thumbRot_31, thumbRot_32, thumbRot_33, manipForceTooHigh, cceExpType, mapping, trialSuccess, 
272.385063, 29, 0.1, 0.1, 0.0473651804, 0.350455695, -0.0349724925, 0.930527642, -0.366221665, -5.06877722e-006, 0.366221665, 0.930527642, 1.06143047e-006, 4.32791848e-006, -2.84398642e-006, 1, 0.93052764, -0.366221669, -1.26163066e-006, 0.366221669, 0.93052764, -2.5896396e-006, 2.12236434e-006, 1.94769474e-006, 1, 0, 0, 0, 0, 0, 0, 0, 0.329107983, -0.14045498, -0.244304346, -0.250611438, 0.457701788, -0.852953312, -0.957763672, 0.0107421875, 0.287109375, 0.140667563, 0.889052407, 0.435917301, 0, 0, -0, 0, 0, 0, 0, 0.400241113, -0.0832974609, -0.192082568, 0.360807378, 0.348303767, -0.865085521, 0.472290039, -0.868041992, -0.152587891, -0.804092606, -0.353468131, -0.477686431, 0, 1, 5, 1, 
272.413417, 29, 0.1, 0.1, 0.0473651814, 0.350455694, -0.0349693707, 0.93052731, -0.366222508, -1.37136431e-005, 0.366222508, 0.93052731, -1.51988818e-005, 1.8327092e-005, 9.12072979e-006, 1, 0.93052732, -0.366222483, 2.19362573e-006, 0.366222483, 0.93052732, -5.38079134e-006, -7.06619094e-008, 5.81032841e-006, 1, 0, 0, 0, 0, 0, 0, 0, 0.332643701, -0.146878101, -0.244643896, -0.255549833, 0.458729606, -0.850959832, -0.956787109, 0.00598144531, 0.290527344, 0.138359929, 0.888518841, 0.437579036, 0, 0, -0, 0, 0, 0, 0, 0.402593408, -0.0888425781, -0.192213428, 0.361012635, 0.342583299, -0.867225907, 0.480712891, -0.865234375, -0.141723633, -0.799038582, -0.365607191, -0.477174938, 0, 1, 5, 1, 
272.414132, 29, 0.1, 0.1, 0.0473651905, 0.350455697, -0.0349658608, 0.930527311, -0.366222505, -1.02277605e-005, 0.366222505, 0.930527311, -3.25797714e-006, 1.0710355e-005, -7.1399935e-007, 1, 0.930527312, -0.366222503, -2.31269178e-005, 0.366222502, 0.930527312, -1.05075778e-005, 2.53683401e-005, 1.30799046e-006, 1, 0, 0, 0, 0, 0, 0, 0, 0.332643701, -0.146878101, -0.244643896, -0.255549833, 0.458729606, -0.850959832, -0.956787109, 0.00598144531, 0.290527344, 0.138359929, 0.888518841, 0.437579036, 0, 0, -0, 0, 0, 0, 0, 0.40276416, -0.0883658203, -0.192659912, 0.359754143, 0.344007669, -0.867225907, 0.484008789, -0.86340332, -0.141723633, -0.7975752, -0.368648794, -0.477174938, 0, 1, 5, 1, 
272.414835, 29, 0.1, 0.1, 0.0473651838, 0.350455694, -0.0349637286, 0.930527296, -0.366222542, 1.67726115e-005, 0.366222542, 0.930527297, 9.54589808e-006, -1.91032959e-005, -2.74021033e-006, 1, 0.930527304, -0.366222523, 2.27566912e-005, 0.366222523, 0.930527304, 1.72145069e-005, -2.74800627e-005, -7.68455578e-006, 1, 0, 0, 0, 0, 0, 0, 0, 0.332643701, -0.146878101, -0.244643896, -0.255549833, 0.458729606, -0.850959832, -0.956787109, 0.00598144531, 0.290527344, 0.138359929, 0.888518841, 0.437579036, 0, 0, -0, 0, 0, 0, 0, 0.40276416, -0.0883658203, -0.192659912, 0.359754143, 0.344007669, -0.867225907, 0.484008789, -0.86340332, -0.141723633, -0.7975752, -0.368648794, -0.477174938, 0, 1, 5, 1, 
272.415536, 29, 0.1, 0.1, 0.0473651904, 0.350455697, -0.0349634308, 0.930527319, -0.366222483, -3.5012942e-005, 0.366222484, 0.93052732, 6.99917358e-007, 3.23241736e-005, -1.34738188e-005, 0.999999999, 0.930527304, -0.366222522, -3.17006274e-005, 0.366222521, 0.930527305, -1.37212522e-005, 3.4523331e-005, 1.15851616e-006, 0.999999999, 0, 0, 0, 0, 0, 0, 0, 0.332643701, -0.146878101, -0.244643896, -0.255549833, 0.458729606, -0.850959832, -0.956787109, 0.00598144531, 0.290527344, 0.138359929, 0.888518841, 0.437579036, 0, 0, -0, 0, 0, 0, 0, 0.40276416, -0.0883658203, -0.192659912, 0.359754143, 0.344007669, -0.867225907, 0.484008789, -0.86340332, -0.141723633, -0.7975752, -0.368648794, -0.477174938, 0, 1, 5, 1, 
272.416265, 29, 0.1, 0.1, 0.0473651884, 0.350455692, -0.0349647096, 0.930527493, -0.366222041, 3.84566179e-005, 0.366222041, 0.930527494, 7.76858839e-007, -3.60694431e-005, 1.33607726e-005, 0.999999999, 0.930527445, -0.366222163, 2.64568559e-005, 0.366222163, 0.930527446, 1.48194487e-005, -3.00460411e-005, -4.10081673e-006, 1, 0, 0, 0, 0, 0, 0, 0, 0.333011816, -0.146408545, -0.244604712, -0.256934484, 0.45919278, -0.850267506, -0.956787109, 0.00280761718, 0.290649414, 0.135860214, 0.88832189, 0.438828893, 0, 0, -0, 0, 0, 0, 0, 0.403011328, -0.0879005371, -0.192432031, 0.359575506, 0.345150956, -0.866893785, 0.487060547, -0.861816406, -0.141113281, -0.795875577, -0.371351712, -0.47799923, 0, 1, 5, 1, 
272.416967, 29, 0.1, 0.1, 0.0473651825, 0.350455697, -0.0349671977, 0.930527782, -0.366221309, -1.51070144e-005, 0.366221309, 0.930527782, -8.0587337e-006, 1.70087766e-005, 1.96636501e-006, 1, 0.930527715, -0.366221479, 1.51162707e-006, 0.366221479, 0.930527715, -1.7314966e-005, 4.93450155e-006, 1.6665646e-005, 1, 0, 0, 0, 0, 0, 0, 0, 0.333011816, -0.146408545, -0.244604712, -0.256934484, 0.45919278, -0.850267506, -0.956787109, 0.00280761718, 0.290649414, 0.135860214, 0.88832189, 0.438828893, 0, 0, -0, 0, 0, 0, 0, 0.403011328, -0.0879005371, -0.192432031, 0.359575506, 0.345150956, -0.866893785, 0.487060547, -0.861816406, -0.141113281, -0.795875577, -0.371351712, -0.47799923, 0, 1, 5, 1, 
272.417668, 29, 0.1, 0.1, 0.0473651901, 0.350455688, -0.0349701717, 0.930528179, -0.366220299, -1.59505274e-006, 0.366220299, 0.930528179, 3.33706393e-005, -1.0736764e-005, -3.1636461e-005, 0.999999999, 0.930528097, -0.366220508, -1.81793102e-005, 0.366220509, 0.930528096, 3.32970092e-005, 4.72231134e-006, -3.76414388e-005, 0.999999999, 0, 0, 0, 0, 0, 0, 0, 0.333011816, -0.146408545, -0.244604712, -0.256934484, 0.45919278, -0.850267506, -0.956787109, 0.00280761718, 0.290649414, 0.135860214, 0.88832189, 0.438828893, 0, 0, -0, 0, 0, 0, 0, 0.403011328, -0.0879005371, -0.192432031, 0.359575506, 0.345150956, -0.866893785, 0.487060547, -0.861816406, -0.141113281, -0.795875577, -0.371351712, -0.47799923, 0, 1, 5, 1, 
272.418366, 29, 0.1, 0.1, 0.0473651831, 0.350455689, -0.03497278, 0.93052867, -0.366219052, 1.78027001e-005, 0.366219053, 0.930528669, -3.44869595e-005, -3.93614117e-006, 3.86107925e-005, 0.999999999, 0.930528562, -0.366219327, 2.54364469e-005, 0.366219327, 0.930528561, -2.25196389e-005, -1.54222134e-005, 3.02704857e-005, 0.999999999, 0, 0, 0, 0, 0, 0, 0, 0.333011816, -0.146408545, -0.244604712, -0.256934484, 0.45919278, -0.850267506, -0.956787109, 0.00280761718, 0.290649414, 0.135860214, 0.88832189, 0.438828893, 0, 0, -0, 0, 0, 0, 0, 0.403011328, -0.0879005371, -0.192432031, 0.359575506, 0.345150956, -0.866893785, 0.487060547, -0.861816406, -0.141113281, -0.795875577, -0.371351712, -0.47799923, 0, 1, 5, 1, 
272.419064, 29, 0.1, 0.1, 0.0473651871, 0.3504557, -0.034974293, 0.930529244, -0.366217593, -2.14515328e-005, 0.366217593, 0.930529244, -7.95092687e-006, 2.28730479e-005, -4.57358722e-007, 1, 0.930529125, -0.366217895, -1.96463584e-005, 0.366217895, 0.930529125, -2.57453011e-005, 2.77098987e-005, 1.67619045e-005, 0.999999999, 0, 0, 0, 0, 0, 0, 0, 0.333011816, -0.146408545, -0.244604712, -0.256934484, 0.45919278, -0.850267506, -0.956787109, 0.00280761718, 0.290649414, 0.135860214, 0.88832189, 0.438828893, 0, 0, -0, 0, 0, 0, 0, 0.403011328, -0.0879005371, -0.192432031, 0.359575506, 0.345150956, -0.866893785, 0.487060547, -0.861816406, -0.141113281, -0.795875577, -0.371351712, -0.47799923, 0, 1, 5, 1, 
272.419768, 29, 0.1, 0.1, 0.0473651878, 0.350455694, -0.0349742963, 0.93052988, -0.366215979, 8.14842737e-006, 0.366215979, 0.93052988, 1.44886583e-005, -1.28883333e-005, -1.04980451e-005, 1, 0.930529754, -0.366216298, 5.87284912e-006, 0.366216298, 0.930529754, 2.21580858e-005, -1.3579513e-005, -1.84680251e-005, 1, 0, 0, 0, 0, 0, 0, 0, 0.333011816, -0.146408545, -0.244604712, -0.256934484, 0.45919278, -0.850267506, -0.956787109, 0.00280761718, 0.290649414, 0.135860214, 0.88832189, 0.438828893, 0, 0, -0, 0, 0, 0, 0, 0.403011328, -0.0879005371, -0.192432031, 0.359575506, 0.345150956, -0.866893785, 0.487060547, -0.861816406, -0.141113281, -0.795875577, -0.371351712, -0.47799923, 0, 1, 5, 1, 
272.420486, 29, 0.1, 0.1, 0.0473651881, 0.350455695, -0.0349727653, 0.930530521, -0.366214349, -2.62433785e-006, 0.366214349, 0.930530521, -2.87534212e-007, 2.54732563e-006, -6.93510818e-007, 1, 0.930530388, -0.366214687, -4.54329207e-006, 0.366214687, 0.930530388, -1.01453325e-005, 7.9430411e-006, 7.77671992e-006, 1, 0, 0, 0, 0, 0, 0, 0, 0.333011816, -0.146408545, -0.244604712, -0.25743098, 0.458507567, -0.850610113, -0.95703125, -0.000122070317, 0.289550781, 0.132725461, 0.888677601, 0.439006749, 0, 0, -0, 0, 0, 0, 0, 0.403011328, -0.0879005371, -0.192432031, 0.359575506, 0.345150956, -0.866893785, 0.487060547, -0.861816406, -0.141113281, -0.795875577, -0.371351712, -0.47799923, 0, 1, 5, 1, 
272.421202, 29, 0.1, 0.1, 0.0473651861, 0.350455696, -0.0349700213, 0.930531145, -0.366212762, -5.7678855e-006, 0.366212762, 0.930531145, -7.8509918e-006, 8.24233049e-006, 5.19331911e-006, 1, 0.930531024, -0.36621307, 6.52927131e-006, 0.36621307, 0.930531024, -6.97793033e-006, -3.52028023e-006, 8.88428514e-006, 1, 0, 0, 0, 0, 0, 0, 0, 0.333200146, -0.145995996, -0.244398437, -0.25743098, 0.458507567, -0.850610113, -0.95703125, -0.000122070317, 0.289550781, 0.132725461, 0.888677601, 0.439006749, 0, 0, -0, 0, 0, 0, 0, 0.403286572, -0.0879461914, -0.192433984, 0.359920754, 0.34512507, -0.866695824, 0.489013672, -0.860961914, -0.139770508, -0.79448912, -0.373441059, -0.47871488, 0, 1, 5, 1, 
272.421903, 29, 0.1, 0.1, 0.0473651877, 0.350455696, -0.0349672855, 0.930531744, -0.366211242, 1.12445457e-005, 0.366211242, 0.930531744, -2.07005905e-006, -9.70532778e-006, 6.04413469e-006, 1, 0.93053163, -0.36621153, 5.34499864e-006, 0.36621153, 0.93053163, -2.03484324e-006, -4.22850725e-006, 3.85088613e-006, 1, 0, 0, 0, 0, 0, 0, 0, 0.333200146, -0.145995996, -0.244398437, -0.25743098, 0.458507567, -0.850610113, -0.95703125, -0.000122070317, 0.289550781, 0.132725461, 0.888677601, 0.439006749, 0, 0, -0, 0, 0, 0, 0, 0.403286572, -0.0879461914, -0.192433984, 0.359920754, 0.34512507, -0.866695824, 0.489013672, -0.860961914, -0.139770508, -0.79448912, -0.373441059, -0.47871488, 0, 1, 5, 1, 
272.422607, 29, 0.1, 0.1, 0.0473651904, 0.350455695, -0.0349653341, 0.930532239, -0.366209984, -1.35142687e-005, 0.366209984, 0.930532239, -7.77033174e-006, 1.54210357e-005, 2.28148408e-006, 1, 0.930532153, -0.366210203, -1.7831195e-005, 0.366210203, 0.930532153, 3.63315768e-007, 1.64594504e-005, -6.86804256e-006, 1, 0, 0, 0, 0, 0, 0, 0, 0.333200146, -0.145995996, -0.244398437, -0.25743098, 0.458507567, -0.850610113, -0.95703125, -0.000122070317, 0.289550781, 0.132725461, 0.888677601, 0.439006749, 0, 0, -0, 0, 0, 0, 0, 0.403286572, -0.0879461914, -0.192433984, 0.359920754, 0.34512507, -0.866695824, 0.489013672, -0.860961914, -0.139770508, -0.79448912, -0.373441059, -0.47871488, 0, 1, 5, 1, 
272.423325, 29, 0.1, 0.1, 0.0473651889, 0.350455692, -0.0349645293, 0.930532595, -0.36620908, 2.80870801e-006, 0.36620908, 0.930532595, 1.03582541e-005, -6.40688104e-006, -8.61011866e-006, 1, 0.930532534, -0.366209234, 7.99529676e-006, 0.366209234, 0.930532534, 1.60019919e-005, -1.3299961e-005, -1.19624226e-005, 1, 0, 0, 0, 0, 0, 0, 0, 0.333200146, -0.145995996, -0.244398437, -0.25743098, 0.458507567, -0.850610113, -0.95703125, -0.000122070317, 0.289550781, 0.132725461, 0.888677601, 0.439006749, 0, 0, -0, 0, 0, 0, 0, 0.403286572, -0.0879461914, -0.192433984, 0.359920754, 0.34512507, -0.866695824, 0.489013672, -0.860961914, -0.139770508, -0.79448912, -0.373441059, -0.47871488, 0, 1, 5, 1, 
272.424026, 29, 0.1, 0.1, 0.047365191, 0.350455692, -0.0349651911, 0.930532884, -0.366208344, 3.8070315e-006, 0.366208344, 0.930532884, 1.23433924e-005, -8.0628213e-006, -1.00917658e-005, 1, 0.930532824, -0.366208497, -7.35136348e-006, 0.366208497, 0.930532824, 5.41911875e-006, 4.85615769e-006, -7.73479965e-006, 1, 0, 0, 0, 0, 0, 0, 0, 0.333200146, -0.145995996, -0.244398437, -0.25743098, 0.458507567, -0.850610113, -0.95703125, -0.000122070317, 0.289550781, 0.132725461, 0.888677601, 0.439006749, 0, 0, -0, 0, 0, 0, 0, 0.403286572, -0.0879461914, -0.192433984, 0.359920754, 0.34512507, -0.866695824, 0.489013672, -0.860961914, -0.139770508, -0.79448912, -0.373441059, -0.47871488, 0, 1, 5, 1, 
272.424724, 29, 0.1, 0.1, 0.0473651896, 0.350455691, -0.0349670671, 0.930533215, -0.366207503, -1.09938581e-005, 0.366207503, 0.930533215, -3.75822558e-007, 1.03677792e-005, -3.67631797e-006, 1, 0.930533144, -0.366207683, -2.58085197e-006, 0.366207683, 0.930533144, -5.91332317e-006, 4.56707268e-006, 4.55741538e-006, 1, 0, 0, 0, 0, 0, 0, 0, 0.333200146, -0.145995996, -0.244398437, -0.25743098, 0.458507567, -0.850610113, -0.95703125, -0.000122070317, 0.289550781, 0.132725461, 0.888677601, 0.439006749, 0, 0, -0, 0, 0, 0, 0, 0.403286572, -0.0879461914, -0.192433984, 0.359920754, 0.34512507, -0.866695824, 0.489013672, -0.860961914, -0.139770508, -0.79448912, -0.373441059, -0.47871488, 0, 1, 5, 1, 
272.425482, 29, 0.1, 0.1, 0.0473651874, 0.350455692, -0.0349694188, 0.93053358, -0.366206577, 1.56458902e-005, 0.366206577, 0.93053358, -1.95157687e-006, -1.38443459e-005, 7.54563569e-006, 1, 0.930533508, -0.366206758, 1.71313425e-005, 0.366206758, 0.930533508, -4.20990985e-006, -1.43995908e-005, 1.01910756e-005, 1, 0, 0, 0, 0, 0, 0, 0, 0.333200146, -0.145995996, -0.244398437, -0.257101478, 0.457359181, -0.85124515, -0.957275391, -0.000488281255, 0.288818359, 0.131684537, 0.889230263, 0.438118594, 0, 0, -0, 0, 0, 0, 0, 0.403286572, -0.0879461914, -0.192433984, 0.359920754, 0.34512507, -0.866695824, 0.489013672, -0.860961914, -0.139770508, -0.79448912, -0.373441059, -0.47871488, 0, 1, 5, 1, 
272.426196, 29, 0.1, 0.1, 0.0473651888, 0.350455692, -0.034970853, 0.930533851, -0.366205888, -3.12762897e-006, 0.366205888, 0.930533851, -3.13196405e-006, 4.05730831e-006, 1.76904242e-006, 1, 0.930533802, -0.366206011, -9.34232234e-006, 0.366206011, 0.930533802, -2.10738049e-006, 9.46508213e-006, -1.46022582e-006, 1, 0, 0, 0, 0, 0, 0, 0, 0.333213818, -0.146276245, -0.243987109, -0.257101478, 0.457359181, -0.85124515, -0.957275391, -0.000488281255, 0.288818359, 0.131684537, 0.889230263, 0.438118594, 0, 0, -0, 0, 0, 0, 0, 0.403326855, -0.0882365723, -0.19222417, 0.360170121, 0.344709459, -0.866778947, 0.490600586, -0.860229492, -0.138305664, -0.793358226, -0.375325882, -0.479091844, 0, 1, 5, 1, 
272.426899, 29, 0.1, 0.1, 0.0473651872, 0.35045569, -0.034971716, 0.930534068, -0.366205336, -7.85096835e-006, 0.366205336, 0.930534068, 4.9658489e-006, 5.48707316e-006, -7.49595808e-006, 1, 0.930534031, -0.366205431, 2.45310023e-006, 0.366205431, 0.930534031, 7.48001537e-006, -5.0219155e-006, -6.06207022e-006, 1, 0, 0, 0, 0, 0, 0, 0, 0.333213818, -0.146276245, -0.243987109, -0.257101478, 0.457359181, -0.85124515, -0.957275391, -0.000488281255, 0.288818359, 0.131684537, 0.889230263, 0.438118594, 0, 0, -0, 0, 0, 0, 0, 0.403326855, -0.0882365723, -0.19222417, 0.360170121, 0.344709459, -0.866778947, 0.490600586, -0.860229492, -0.138305664, -0.793358226, -0.375325882, -0.479091844, 0, 1, 5, 1, 
272.427604, 29, 0.1, 0.1, 0.0473651877, 0.350455691, -0.0349718304, 0.930534197, -0.366205008, 8.61031003e-006, 0.366205008, 0.930534197, 4.94895388e-006, -9.82451962e-006, -1.45203217e-006, 1, 0.93053418, -0.366205052, 6.88751067e-006, 0.366205052, 0.93053418, -3.38799382e-006, -5.16836364e-006, 5.67488525e-006, 1, 0, 0, 0, 0, 0, 0, 0, 0.333213818, -0.146276245, -0.243987109, -0.257101478, 0.457359181, -0.85124515, -0.957275391, -0.000488281255, 0.288818359, 0.131684537, 0.889230263, 0.438118594, 0, 0, -0, 0, 0, 0, 0, 0.403326855, -0.0882365723, -0.19222417, 0.360170121, 0.344709459, -0.866778947, 0.490600586, -0.860229492, -0.138305664, -0.793358226, -0.375325882, -0.479091844, 0, 1, 5, 1, 
272.428333, 29, 0.1, 0.1, 0.0473651887, 0.350455693, -0.0349710625, 0.930534272, -0.366204819, -8.91731855e-006, 0.366204819, 0.930534272, -1.16978846e-005, 1.25816922e-005, 7.61971753e-006, 1, 0.930534256, -0.366204859, -8.27334253e-006, 0.366204859, 0.930534256, -1.46045081e-005, 1.30468705e-005, 1.05602569e-005, 1, 0, 0, 0, 0, 0, 0, 0, 0.333213818, -0.146276245, -0.243987109, -0.257101478, 0.457359181, -0.85124515, -0.957275391, -0.000488281255, 0.288818359, 0.131684537, 0.889230263, 0.438118594, 0, 0, -0, 0, 0, 0, 0, 0.403396924, -0.0882668457, -0.19199458, 0.360930613, 0.344568735, -0.866459584, 0.491455078, -0.859863281, -0.137207031, -0.792419096, -0.376322615, -0.479794734, 0, 1, 5, 1, 
272.429034, 29, 0.1, 0.1, 0.0473651876, 0.350455692, -0.0349696206, 0.930534366, -0.366204579, 3.15227356e-006, 0.366204579, 0.930534366, -5.7203047e-007, -2.7238187e-006, 1.68667102e-006, 1, 0.930534347, -0.366204626, 7.62354195e-006, 0.366204626, 0.930534347, 4.60654769e-006, -8.78090671e-006, -1.49477452e-006, 1, 0, 0, 0, 0, 0, 0, 0, 0.333213818, -0.146276245, -0.243987109, -0.257101478, 0.457359181, -0.85124515, -0.957275391, -0.000488281255, 0.288818359, 0.131684537, 0.889230263, 0.438118594, 0, 0, -0, 0, 0, 0, 0, 0.403396924, -0.0882668457, -0.19199458, 0.360930613, 0.344568735, -0.866459584, 0.491455078, -0.859863281, -0.137207031, -0.792419096, -0.376322615, -0.479794734, 0, 1, 5, 1, 
272.429742, 29, 0.1, 0.1, 0.0473651899, 0.350455693, -0.0349682261, 0.930534458, -0.366204345, 5.32768945e-006, 0.366204345, 0.930534458, 1.83015291e-006, -5.62780856e-006, 2.48002682e-007, 1, 0.930534443, -0.366204385, -5.25921421e-006, 0.366204385, 0.930534443, -5.29115979e-006, 6.83152588e-006, 2.99765912e-006, 1, 0, 0, 0, 0, 0, 0, 0, 0.333213818, -0.146276245, -0.243987109, -0.257101478, 0.457359181, -0.85124515, -0.957275391, -0.000488281255, 0.288818359, 0.131684537, 0.889230263, 0.438118594, 0, 0, -0, 0, 0, 0, 0, 0.403396924, -0.0882668457, -0.19199458, 0.360930613, 0.344568735, -0.866459584, 0.491455078, -0.859863281, -0.137207031, -0.792419096, -0.376322615, -0.479794734, 0, 1, 5, 1, 
272.430476, 29, 0.1, 0.1, 0.0473651899, 0.350455691, -0.0349668868, 0.930534495, -0.366204251, -1.00960348e-005, 0.366204251, 0.930534495, -1.0976233e-005, 1.34142518e-005, 6.51655258e-006, 1, 0.930534488, -0.366204268, -5.82526229e-006, 0.366204268, 0.930534488, -5.20681455e-006, 7.32736517e-006, 2.7118846e-006, 1, 0, 0, 0, 0, 0, 0, 0, 0.333213818, -0.146276245, -0.243987109, -0.256156035, 0.456794536, -0.8518229, -0.957519531, -0.000122070317, 0.287963867, 0.131411202, 0.889566878, 0.43759214, 0, 0, -0, 0, 0, 0, 0, 0.403396924, -0.0882668457, -0.19199458, 0.360930613, 0.344568735, -0.866459584, 0.491455078, -0.859863281, -0.137207031, -0.792419096, -0.376322615, -0.479794734, 0, 1, 5, 1, 
272.431172, 29, 0.1, 0.1, 0.0473651891, 0.350455691, -0.0349662996, 0.930534554, -0.366204101, 1.44234136e-005, 0.366204101, 0.930534554, -2.34814539e-006, -1.25615843e-005, 7.46694365e-006, 1, 0.930534536, -0.366204147, 1.1314226e-005, 0.366204147, 0.930534536, 6.76229333e-006, -1.30046579e-005, -2.149231e-006, 1, 0, 0, 0, 0, 0, 0, 0, 0.333261304, -0.146973804, -0.243794995, -0.256156035, 0.456794536, -0.8518229, -0.957519531, -0.000122070317, 0.287963867, 0.131411202, 0.889566878, 0.43759214, 0, 0, -0, 0, 0, 0, 0, 0.403396924, -0.0882668457, -0.19199458, 0.360930613, 0.344568735, -0.866459584, 0.491455078, -0.859863281, -0.137207031, -0.792419096, -0.376322615, -0.479794734, 0, 1, 5, 1, 
272.431871, 29, 0.1, 0.1, 0.0473651906, 0.350455692, -0.0349667096, 0.930534687, -0.366203762, -4.524104e-006, 0.366203762, 0.930534687, -1.48951372e-006, 4.75530123e-006, -2.70699719e-007, 1, 0.930534657, -0.366203838, -1.19206327e-005, 0.366203838, 0.930534658, -9.2908552e-007, 1.14327966e-005, -3.50083518e-006, 1, 0, 0, 0, 0, 0, 0, 0, 0.333261304, -0.146973804, -0.243794995, -0.256156035, 0.456794536, -0.8518229, -0.957519531, -0.000122070317, 0.287963867, 0.131411202, 0.889566878, 0.43759214, 0, 0, -0, 0, 0, 0, 0, 0.403396924, -0.0882668457, -0.19199458, 0.360930613, 0.344568735, -0.866459584, 0.491455078, -0.859863281, -0.137207031, -0.792419096, -0.376322615, -0.479794734, 0, 1, 5, 1, 
272.432573, 29, 0.1, 0.1, 0.0473651875, 0.350455692, -0.0349678886, 0.930534818, -0.366203432, -5.22954273e-006, 0.366203432, 0.930534818, 1.38039097e-006, 4.36076768e-006, -3.19957835e-006, 1, 0.930534799, -0.36620348, 6.5900835e-006, 0.366203479, 0.930534799, 3.14946326e-006, -7.28564643e-006, -5.17373648e-007, 1, 0, 0, 0, 0, 0, 0, 0, 0.333261304, -0.146973804, -0.243794995, -0.256156035, 0.456794536, -0.8518229, -0.957519531, -0.000122070317, 0.287963867, 0.131411202, 0.889566878, 0.43759214, 0, 0, -0, 0, 0, 0, 0, 0.403396924, -0.0882668457, -0.19199458, 0.360930613, 0.344568735, -0.866459584, 0.491455078, -0.859863281, -0.137207031, -0.792419096, -0.376322615, -0.479794734, 0, 1, 5, 1, 
272.433302, 29, 0.1, 0.1, 0.047365187, 0.350455694, -0.0349692408, 0.930534861, -0.366203322, 1.21550444e-005, 0.366203322, 0.930534861, 5.59759753e-006, -1.33605514e-005, -7.5754199e-007, 1, 0.930534861, -0.366203322, 1.05924842e-005, 0.366203322, 0.930534861, -4.358943e-006, -8.26041641e-006, 7.93515133e-006, 1, 0, 0, 0, 0, 0, 0, 0, 0.333539478, -0.147465088, -0.243620459, -0.255070928, 0.455887285, -0.852718169, -0.957885742, 0.000488281245, 0.286865234, 0.131239338, 0.890081348, 0.43662161, 0, 0, -0, 0, 0, 0, 0, 0.403696826, -0.0885418457, -0.191781592, 0.361825267, 0.344038286, -0.866383025, 0.4921875, -0.859741211, -0.135864258, -0.791588608, -0.377114823, -0.480523144, 0, 1, 5, 1, 
272.433999, 29, 0.1, 0.1, 0.0473651871, 0.350455695, -0.0349704321, 0.930534849, -0.366203351, -8.1523985e-006, 0.366203351, 0.930534849, -8.2613139e-006, 1.06114117e-005, 4.70200483e-006, 1, 0.93053485, -0.366203348, -6.8938602e-006, 0.366203348, 0.93053485, -1.1338506e-005, 1.0567176e-005, 8.02632034e-006, 1, 0, 0, 0, 0, 0, 0, 0, 0.333539478, -0.147465088, -0.243620459, -0.255070928, 0.455887285, -0.852718169, -0.957885742, 0.000488281245, 0.286865234, 0.131239338, 0.890081348, 0.43662161, 0, 0, -0, 0, 0, 0, 0, 0.403696826, -0.0885418457, -0.191781592, 0.361825267, 0.344038286, -0.866383025, 0.4921875, -0.859741211, -0.135864258, -0.791588608, -0.377114823, -0.480523144, 0, 1, 5, 1, 
272.4347, 29, 0.1, 0.1, 0.0473651858, 0.350455694, -0.0349712635, 0.930534882, -0.366203267, 5.29723762e-006, 0.366203267, 0.930534882, -4.07015561e-006, -3.43876011e-006, 5.7272875e-006, 1, 0.93053487, -0.366203297, 9.98704646e-006, 0.366203297, 0.93053487, 2.83979058e-008, -9.30369439e-006, 3.6308641e-006, 1, 0, 0, 0, 0, 0, 0, 0, 0.333539478, -0.147465088, -0.243620459, -0.255070928, 0.455887285, -0.852718169, -0.957885742, 0.000488281245, 0.286865234, 0.131239338, 0.890081348, 0.43662161, 0, 0, -0, 0, 0, 0, 0, 0.403696826, -0.0885418457, -0.191781592, 0.361825267, 0.344038286, -0.866383025, 0.4921875, -0.859741211, -0.135864258, -0.791588608, -0.377114823, -0.480523144, 0, 1, 5, 1, 
272.435406, 29, 0.1, 0.1, 0.0473651884, 0.350455693, -0.0349714802, 0.930534977, -0.366203025, 5.38676157e-006, 0.366203025, 0.930534977, 4.1946847e-008, -5.02793112e-006, 1.93361537e-006, 1, 0.930534956, -0.366203081, -7.78026053e-006, 0.366203081, 0.930534956, 3.12701865e-006, 6.09468052e-006, -5.75895553e-006, 1, 0, 0, 0, 0, 0, 0, 0, 0.333539478, -0.147465088, -0.243620459, -0.255070928, 0.455887285, -0.852718169, -0.957885742, 0.000488281245, 0.286865234, 0.131239338, 0.890081348, 0.43662161, 0, 0, -0, 0, 0, 0, 0, 0.403696826, -0.0885418457, -0.191781592, 0.361825267, 0.344038286, -0.866383025, 0.4921875, -0.859741211, -0.135864258, -0.791588608, -0.377114823, -0.480523144, 0, 1, 5, 1, 
272.436106, 29, 0.1, 0.1, 0.0473651884, 0.350455692, -0.0349710204, 0.930535051, -0.366202838, -1.22674808e-005, 0.366202838, 0.930535051, 1.37926924e-006, 1.09102286e-005, -5.77584465e-006, 1, 0.930535043, -0.366202859, -8.84460636e-006, 0.366202859, 0.930535043, 6.05106018e-006, 6.01430062e-006, -8.86964368e-006, 1, 0, 0, 0, 0, 0, 0, 0, 0.333539478, -0.147465088, -0.243620459, -0.255070928, 0.455887285, -0.852718169, -0.957885742, 0.000488281245, 0.286865234, 0.131239338, 0.890081348, 0.43662161, 0, 0, -0, 0, 0, 0, 0, 0.403696826, -0.0885418457, -0.191781592, 0.361825267, 0.344038286, -0.866383025, 0.4921875, -0.859741211, -0.135864258, -0.791588608, -0.377114823, -0.480523144, 0, 1, 5, 1, 
272.436807, 29, 0.1, 0.1, 0.0473651875, 0.350455691, -0.0349701201, 0.930535046, -0.36620285, 7.50550186e-006, 0.36620285, 0.930535046, 1.18423997e-005, -1.13208531e-005, -8.2712318e-006, 1, 0.930535053, -0.366202834, 8.95171743e-006, 0.366202834, 0.930535053, 9.87071823e-006, -1.19445718e-005, -5.90690502e-006, 1, 0, 0, 0, 0, 0, 0, 0, 0.333539478, -0.147465088, -0.243620459, -0.255070928, 0.455887285, -0.852718169, -0.957885742, 0.000488281245, 0.286865234, 0.131239338, 0.890081348, 0.43662161, 0, 0, -0, 0, 0, 0, 0, 0.403696826, -0.0885418457, -0.191781592, 0.361825267, 0.344038286, -0.866383025, 0.4921875, -0.859741211, -0.135864258, -0.791588608, -0.377114823, -0.480523144, 0, 1, 5, 1, 
272.437508, 29, 0.1, 0.1, 0.0473651894, 0.350455691, -0.0349690888, 0.930535012, -0.366202938, -6.10980314e-006, 0.366202938, 0.930535012, 2.78310343e-006, 4.66620509e-006, -4.82720305e-006, 1, 0.930535017, -0.366202924, -8.97798153e-006, 0.366202924, 0.930535017, -6.97406708e-006, 1.090825e-005, 3.20185055e-006, 1, 0, 0, 0, 0, 0, 0, 0, 0.333539478, -0.147465088, -0.243620459, -0.255070928, 0.455887285, -0.852718169, -0.957885742, 0.000488281245, 0.286865234, 0.131239338, 0.890081348, 0.43662161, 0, 0, -0, 0, 0, 0, 0, 0.403696826, -0.0885418457, -0.191781592, 0.361825267, 0.344038286, -0.866383025, 0.4921875, -0.859741211, -0.135864258, -0.791588608, -0.377114823, -0.480523144, 0, 1, 5, 1, 
272.43824, 29, 0.1, 0.1, 0.0473651869, 0.350455691, -0.0349678711, 0.930535045, -0.366202854, -3.87701126e-006, 0.366202854, 0.930535045, -8.22596379e-006, 6.62006626e-006, 6.23477499e-006, 1, 0.930535032, -0.366202886, 8.48785234e-006, 0.366202886, 0.930535032, -6.75803664e-006, -5.42343143e-006, 9.39686587e-006, 1, 0, 0, 0, 0, 0, 0, 0, 0.334029297, -0.148638306, -0.243665747, -0.254252044, 0.454738899, -0.853531062, -0.958007812, 0.00170898437, 0.286376953, 0.131727599, 0.89063401, 0.435390848, 0, 0, -0, 0, 0, 0, 0, 0.403754932, -0.0895444336, -0.191798193, 0.362675078, 0.342472825, -0.866625829, 0.491699219, -0.860229492, -0.134155273, -0.79149929, -0.377402103, -0.480548664, 0, 1, 5, 1, 
272.438939, 29, 0.1, 0.1, 0.0473651875, 0.350455691, -0.0349671345, 0.930535138, -0.366202616, 1.50800277e-005, 0.366202616, 0.930535138, -4.09528364e-006, -1.2532792e-005, 9.33315091e-006, 1, 0.93053512, -0.366202662, 8.72203643e-006, 0.366202662, 0.93053512, -3.82209068e-006, -6.71650144e-006, 6.75062257e-006, 1, 0, 0, 0, 0, 0, 0, 0, 0.334029297, -0.148638306, -0.243665747, -0.254252044, 0.454738899, -0.853531062, -0.958007812, 0.00170898437, 0.286376953, 0.131727599, 0.89063401, 0.435390848, 0, 0, -0, 0, 0, 0, 0, 0.403754932, -0.0895444336, -0.191798193, 0.362675078, 0.342472825, -0.866625829, 0.491699219, -0.860229492, -0.134155273, -0.79149929, -0.377402103, -0.480548664, 0, 1, 5, 1, 
272.439644, 29, 0.1, 0.1, 0.0473651885, 0.350455692, -0.034967097, 0.93053519, -0.366202486, -8.72842504e-006, 0.366202486, 0.93053519, -1.00785732e-005, 1.18129052e-005, 6.18209607e-006, 1, 0.930535187, -0.366202493, -1.25484552e-005, 0.366202493, 0.930535187, -2.17707879e-006, 1.24740308e-005, -2.56942718e-006, 1, 0, 0, 0, 0, 0, 0, 0, 0.334029297, -0.148638306, -0.243665747, -0.254252044, 0.454738899, -0.853531062, -0.958007812, 0.00170898437, 0.286376953, 0.131727599, 0.89063401, 0.435390848, 0, 0, -0, 0, 0, 0, 0, 0.403754932, -0.0895444336, -0.191798193, 0.362675078, 0.342472825, -0.866625829, 0.491699219, -0.860229492, -0.134155273, -0.79149929, -0.377402103, -0.480548664, 0, 1, 5, 1, 
272.440342, 29, 0.1, 0.1, 0.0473651865, 0.350455691, -0.0349677597, 0.930535157, -0.36620257, 3.7260816e-006, 0.36620257, 0.930535157, 5.54751235e-006, -5.49876321e-006, -3.79765461e-006, 1, 0.930535167, -0.366202543, 8.68083149e-006, 0.366202543, 0.930535167, 1.04780884e-005, -1.19149216e-005, -6.57128716e-006, 1, 0, 0, 0, 0, 0, 0, 0, 0.334029297, -0.148638306, -0.243665747, -0.254252044, 0.454738899, -0.853531062, -0.958007812, 0.00170898437, 0.286376953, 0.131727599, 0.89063401, 0.435390848, 0, 0, -0, 0, 0, 0, 0, 0.403754932, -0.0895444336, -0.191798193, 0.362675078, 0.342472825, -0.866625829, 0.491699219, -0.860229492, -0.134155273, -0.79149929, -0.377402103, -0.480548664, 0, 1, 5, 1, 
272.44104, 29, 0.1, 0.1, 0.0473651885, 0.350455691, -0.0349688998, 0.930535114, -0.366202678, 2.50108445e-006, 0.366202678, 0.930535114, 8.61497213e-006, -5.48217277e-006, -7.10063025e-006, 1, 0.930535117, -0.366202671, -7.11159287e-006, 0.366202671, 0.930535117, 2.03752428e-006, 5.87144007e-006, -4.5002722e-006, 1, 0, 0, 0, 0, 0, 0, 0, 0.334029297, -0.148638306, -0.243665747, -0.254252044, 0.454738899, -0.853531062, -0.958007812, 0.00170898437, 0.286376953, 0.131727599, 0.89063401, 0.435390848, 0, 0, -0, 0, 0, 0, 0, 0.403754932, -0.0895444336, -0.191798193, 0.362675078, 0.342472825, -0.866625829, 0.491699219, -0.860229492, -0.134155273, -0.79149929, -0.377402103, -0.480548664, 0, 1, 5, 1, 
272.441739, 29, 0.1, 0.1, 0.0473651877, 0.350455691, -0.0349701378, 0.930535146, -0.366202596, -1.17257093e-005, 0.366202596, 0.930535146, 5.9716529e-008, 1.08893162e-005, -4.3495535e-006, 1, 0.930535133, -0.36620263, -4.08912153e-006, 0.36620263, 0.930535133, -5.6616322e-006, 5.87837585e-006, 3.77090061e-006, 1, 0, 0, 0, 0, 0, 0, 0, 0.334029297, -0.148638306, -0.243665747, -0.254252044, 0.454738899, -0.853531062, -0.958007812, 0.00170898437, 0.286376953, 0.131727599, 0.89063401, 0.435390848, 0, 0, -0, 0, 0, 0, 0, 0.403754932, -0.0895444336, -0.191798193, 0.362675078, 0.342472825, -0.866625829, 0.491699219, -0.860229492, -0.134155273, -0.79149929, -0.377402103, -0.480548664, 0, 1, 5, 1, 
272.442438, 29, 0.1, 0.1, 0.0473651867, 0.350455691, -0.0349711051, 0.930535219, -0.366202411, 1.20273717e-005, 0.366202411, 0.930535219, 1.01207407e-006, -1.1562517e-005, 3.46268196e-006, 1, 0.930535206, -0.366202444, 1.33097708e-005, 0.366202444, 0.930535206, -1.30279599e-006, -1.19081232e-005, 6.08636813e-006, 1, 0, 0, 0, 0, 0, 0, 0, 0.334029297, -0.148638306, -0.243665747, -0.254252044, 0.454738899, -0.853531062, -0.958007812, 0.00170898437, 0.286376953, 0.131727599, 0.89063401, 0.435390848, 0, 0, -0, 0, 0, 0, 0, 0.403754932, -0.0895444336, -0.191798193, 0.362675078, 0.342472825, -0.866625829, 0.491699219, -0.860229492, -0.134155273, -0.79149929, -0.377402103, -0.480548664, 0, 1, 5, 1, 
272.443162, 29, 0.1, 0.1, 0.0473651888, 0.350455691, -0.0349712531, 0.930535242, -0.366202352, -2.35037589e-006, 0.366202352, 0.930535242, -7.8207274e-006, 5.05107636e-006, 6.41674929e-006, 1, 0.930535245, -0.366202346, -8.62607281e-006, 0.366202346, 0.930535245, -7.46591913e-006, 1.07609019e-005, 3.78841278e-006, 1, 0, 0, 0, 0, 0, 0, 0, 0.334555005, -0.149800659, -0.243271997, -0.252753938, 0.453812551, -0.854483618, -0.958374023, 0.00354003906, 0.285400391, 0.13260265, 0.891027913, 0.434058615, 0, 0, -0, 0, 0, 0, 0, 0.404122705, -0.0907717285, -0.191355371, 0.364713386, 0.340734923, -0.866415108, 0.490966797, -0.860961914, -0.131958008, -0.791039569, -0.377216535, -0.481385715, 0, 1, 5, 1, 
272.443894, 29, 0.1, 0.1, 0.0473651873, 0.350455689, -0.0349704841, 0.93053519, -0.366202486, -4.85881007e-006, 0.366202486, 0.93053519, -5.94793176e-006, 6.69944115e-006, 3.75545148e-006, 1, 0.930535202, -0.366202454, 2.62390969e-006, 0.366202454, 0.930535202, 5.79349128e-006, -4.56323106e-006, -4.43016541e-006, 1, 0, 0, 0, 0, 0, 0, 0, 0.334555005, -0.149800659, -0.243271997, -0.252753938, 0.453812551, -0.854483618, -0.958374023, 0.00354003906, 0.285400391, 0.13260265, 0.891027913, 0.434058615, 0, 0, -0, 0, 0, 0, 0, 0.404122705, -0.0907717285, -0.191355371, 0.364713386, 0.340734923, -0.866415108, 0.490966797, -0.860961914, -0.131958008, -0.791039569, -0.377216535, -0.481385715, 0, 1, 5, 1, 
272.444592, 29, 0.1, 0.1, 0.0473651883, 0.350455689, -0.0349694158, 0.930535154, -0.366202577, 8.70738433e-006, 0.366202577, 0.930535154, 6.41958085e-006, -1.04533943e-005, -2.78497907e-006, 1, 0.930535155, -0.366202575, 2.52708258e-006, 0.366202575, 0.930535155, 7.68533005e-006, -5.16592683e-006, -6.22604564e-006, 1, 0, 0, 0, 0, 0, 0, 0, 0.334555005, -0.149800659, -0.243271997, -0.252753938, 0.453812551, -0.854483618, -0.958374023, 0.00354003906, 0.285400391, 0.13260265, 0.891027913, 0.434058615, 0, 0, -0, 0, 0, 0, 0, 0.404122705, -0.0907717285, -0.191355371, 0.364713386, 0.340734923, -0.866415108, 0.490966797, -0.860961914, -0.131958008, -0.791039569, -0.377216535, -0.481385715, 0, 1, 5, 1, 
272.445323, 29, 0.1, 0.1, 0.0473651896, 0.35045569, -0.0349681731, 0.9305352, -0.36620246, -1.41823232e-005, 0.36620246, 0.9305352, 6.20319901e-007, 1.29699883e-005, -5.77083115e-006, 1, 0.930535185, -0.366202498, -1.41061164e-005, 0.366202498, 0.930535185, -2.14779812e-006, 1.39127667e-005, -3.16709334e-006, 1, 0, 0, 0, 0, 0, 0, 0, 0.335048242, -0.150921631, -0.24329165, -0.251852678, 0.45371108, -0.854864417, -0.958496094, 0.00427246093, 0.284667969, 0.13283068, 0.891167577, 0.433995335, 0, 0, -0, 0, 0, 0, 0, 0.404677344, -0.0914946777, -0.190907666, 0.366106406, 0.340032033, -0.866057467, 0.491088867, -0.861206055, -0.130493164, -0.790279444, -0.377535897, -0.48245281, 0, 1, 5, 1, 
272.446019, 29, 0.1, 0.1, 0.0473651873, 0.35045569, -0.0349672902, 0.930535272, -0.366202277, 4.27042464e-006, 0.366202277, 0.930535272, 4.53776315e-006, -5.63551995e-006, -2.65870944e-006, 1, 0.93053526, -0.366202307, 1.32211553e-005, 0.366202307, 0.93053526, -1.15197452e-006, -1.18808955e-005, 5.9135705e-006, 1, 0, 0, 0, 0, 0, 0, 0, 0.335048242, -0.150921631, -0.24329165, -0.251852678, 0.45371108, -0.854864417, -0.958496094, 0.00427246093, 0.284667969, 0.13283068, 0.891167577, 0.433995335, 0, 0, -0, 0, 0, 0, 0, 0.404677344, -0.0914946777, -0.190907666, 0.366106406, 0.340032033, -0.866057467, 0.491088867, -0.861206055, -0.130493164, -0.790279444, -0.377535897, -0.48245281, 0, 1, 5, 1, 
272.446716, 29, 0.1, 0.1, 0.0473651887, 0.350455692, -0.0349671455, 0.930535273, -0.366202274, 9.67113772e-006, 0.366202274, 0.930535273, -3.0514996e-006, -7.88186869e-006, 6.38112064e-006, 1, 0.930535279, -0.366202259, -4.10501787e-007, 0.366202258, 0.930535279, -1.06675791e-005, 4.28847796e-006, 9.77623203e-006, 1, 0, 0, 0, 0, 0, 0, 0, 0.335048242, -0.150921631, -0.24329165, -0.251852678, 0.45371108, -0.854864417, -0.958496094, 0.00427246093, 0.284667969, 0.13283068, 0.891167577, 0.433995335, 0, 0, -0, 0, 0, 0, 0, 0.404677344, -0.0914946777, -0.190907666, 0.366106406, 0.340032033, -0.866057467, 0.491088867, -0.861206055, -0.130493164, -0.790279444, -0.377535897, -0.48245281, 0, 1, 5, 1, 
272.447416, 29, 0.1, 0.1, 0.0473651875, 0.350455691, -0.0349677174, 0.930535208, -0.366202438, -7.51230134e-006, 0.366202438, 0.930535208, -1.18407778e-005, 1.13265826e-005, 8.26723756e-006, 1, 0.930535221, -0.366202406, -2.85184715e-006, 0.366202406, 0.930535221, -7.39976317e-006, 5.36355529e-006, 5.84138697e-006, 1, 0, 0, 0, 0, 0, 0, 0, 0.335048242, -0.150921631, -0.24329165, -0.251852678, 0.45371108, -0.854864417, -0.958496094, 0.00427246093, 0.284667969, 0.13283068, 0.891167577, 0.433995335, 0, 0, -0, 0, 0, 0, 0, 0.404677344, -0.0914946777, -0.190907666, 0.366106406, 0.340032033, -0.866057467, 0.491088867, -0.861206055, -0.130493164, -0.790279444, -0.377535897, -0.48245281, 0, 1, 5, 1, 
272.448113, 29, 0.1, 0.1, 0.0473651868, 0.35045569, -0.034968756, 0.930535182, -0.366202504, 1.23120246e-005, 0.366202504, 0.930535182, -1.46345922e-007, -1.14031798e-005, 4.64487428e-006, 1, 0.930535181, -0.366202508, 9.79605898e-006, 0.366202508, 0.930535181, 7.68893899e-006, -1.19312863e-005, -3.56748687e-006, 1, 0, 0, 0, 0, 0, 0, 0, 0.335048242, -0.150921631, -0.24329165, -0.251852678, 0.45371108, -0.854864417, -0.958496094, 0.00427246093, 0.284667969, 0.13283068, 0.891167577, 0.433995335, 0, 0, -0, 0, 0, 0, 0, 0.404677344, -0.0914946777, -0.190907666, 0.366106406, 0.340032033, -0.866057467, 0.491088867, -0.861206055, -0.130493164, -0.790279444, -0.377535897, -0.48245281, 0, 1, 5, 1, 
272.448813, 29, 0.1, 0.1, 0.0473651889, 0.35045569, -0.0349699478, 0.930535233, -0.366202375, -6.33773961e-006, 0.366202375, 0.930535233, 2.29759797e-006, 5.05610417e-006, -4.45889116e-006, 1, 0.930535219, -0.36620241, -1.28946615e-005, 0.36620241, 0.930535219, 2.55591618e-006, 1.1062954e-005, -7.10042614e-006, 1, 0, 0, 0, 0, 0, 0, 0, 0.335048242, -0.150921631, -0.24329165, -0.251852678, 0.45371108, -0.854864417, -0.958496094, 0.00427246093, 0.284667969, 0.13283068, 0.891167577, 0.433995335, 0, 0, -0, 0, 0, 0, 0, 0.404677344, -0.0914946777, -0.190907666, 0.366106406, 0.340032033, -0.866057467, 0.491088867, -0.861206055, -0.130493164, -0.790279444, -0.377535897, -0.48245281, 0, 1, 5, 1, 
272.44951, 29, 0.1, 0.1, 0.047365187, 0.350455689, -0.0349709493, 0.93053529, -0.36620223, -7.28862753e-006, 0.36620223, 0.93053529, 4.88685425e-006, 4.99274821e-006, -7.21650199e-006, 1, 0.930535284, -0.366202245, 3.43314715e-006, 0.366202245, 0.930535284, 6.58180167e-006, -5.60493511e-006, -4.86737249e-006, 1, 0, 0, 0, 0, 0, 0, 0, 0.335048242, -0.150921631, -0.24329165, -0.251852678, 0.45371108, -0.854864417, -0.958496094, 0.00427246093, 0.284667969, 0.13283068, 0.891167577, 0.433995335, 0, 0, -0, 0, 0, 0, 0, 0.404677344, -0.0914946777, -0.190907666, 0.366106406, 0.340032033, -0.866057467, 0.491088867, -0.861206055, -0.130493164, -0.790279444, -0.377535897, -0.48245281, 0, 1, 5, 1, 
272.450233, 29, 0.1, 0.1, 0.0473651875, 0.35045569, -0.0349712295, 0.930535273, -0.366202274, 8.78744395e-006, 0.366202274, 0.930535273, 7.98713379e-006, -1.11019331e-005, -4.21432777e-006, 1, 0.930535284, -0.366202247, 7.20454572e-006, 0.366202248, 0.930535284, -9.91119517e-007, -6.3411338e-006, 3.56059252e-006, 1, 0, 0, 0, 0, 0, 0, 0, 0.335324341, -0.151597461, -0.242860059, -0.250830851, 0.453590512, -0.855143744, -0.958740234, 0.00500488281, 0.283813477, 0.133039614, 0.891186673, 0.433792393, 0, 0, -0, 0, 0, 0, 0, 0.405027051, -0.0922093262, -0.19046167, 0.367729469, 0.339450545, -0.865687065, 0.491333008, -0.861328125, -0.12890625, -0.789372396, -0.3778425, -0.483641306, 0, 1, 5, 1, 
272.450936, 29, 0.1, 0.1, 0.0473651884, 0.35045569, -0.0349708407, 0.930535214, -0.366202423, -9.40112484e-006, 0.366202423, 0.930535214, -7.23510428e-006, 1.13975904e-005, 3.28980461e-006, 1, 0.930535225, -0.366202397, -8.70984959e-006, 0.366202397, 0.930535225, -9.92203143e-006, 1.17382935e-005, 6.04323195e-006, 1, 0, 0, 0, 0, 0, 0, 0, 0.335324341, -0.151597461, -0.242860059, -0.250830851, 0.453590512, -0.855143744, -0.958740234, 0.00500488281, 0.283813477, 0.133039614, 0.891186673, 0.433792393, 0, 0, -0, 0, 0, 0, 0, 0.405027051, -0.0922093262, -0.19046167, 0.367729469, 0.339450545, -0.865687065, 0.491333008, -0.861328125, -0.12890625, -0.789372396, -0.3778425, -0.483641306, 0, 1, 5, 1, 
