time, trialNum, realDorsalTactorPos, realVentralTactorPos, boxPosX, boxPosY, boxPosZ, boxLocalRot_11, boxLocalRot_12, boxLocalRot_13, boxLocalRot_21, boxLocalRot_22, boxLocalRot_23, boxLocalRot_31, boxLocalRot_32, boxLocalRot_33, boxGlobalRot_11, boxGlobalRot_12, boxGlobalRot_13, boxGlobalRot_21, boxGlobalRot_22, boxGlobalRot_23, boxGlobalRot_31, boxGlobalRot_32, boxGlobalRot_33, indexForceX, indexForceY, indexForceZ, indexForceGlobalX, indexForceGlobalY, indexForceGlobalZ, indexContact, indexPosX, indexPosY, indexPosZ, indexRot_11, indexRot_12, indexRot_13, indexRot_21, indexRot_22, indexRot_23, indexRot_31, indexRot_32, indexRot_33, thumbForceX, thumbForceY, thumbForceZ, thumbForceGlobalX, thumbForceGlobalY, thumbForceGlobalZ, thumbContact, thumbPosX, thumbPosY, thumbPosZ, thumbRot_11, thumbRot_12, thumbRot_13, thumbRot_21, thumbRot_22, thumbRot_23, thumbRot_31, thumbRot_32, thumbRot_33, manipForceTooHigh, cceExpType, mapping, trialSuccess, 
204.914325, 20, 0.1, 0.1, 0.00546045634, 0.378423976, -0.0349669101, 0.955618276, 8.85948761e-006, 0.294607723, 0.294607723, -2.35396655e-005, -0.955618276, -1.53132102e-006, 1, -2.51050081e-005, 0.955618256, 9.56349963e-006, 0.294607787, 0.294607788, -8.19202813e-006, -0.955618256, -6.72561955e-006, 1, -1.06459331e-005, 0, 0, 0, 0, 0, 0, 0, 0.297040967, -0.09279646, -0.237156348, -0.143091223, 0.264707403, -0.953604498, -0.952514648, 0.224609375, 0.205322266, 0.268611373, 0.937787729, 0.220247598, 0, 0, -0, 0, 0, 0, 0, 0.37718501, -0.0406370117, -0.189886719, 0.443113228, 0.18289663, -0.877416345, 0.237304687, -0.967895508, -0.08203125, -0.864300573, -0.171764446, -0.472477089, 0, 1, 3, 1, 
204.936923, 20, 0.1, 0.1, 0.00546043934, 0.378424069, -0.0349688578, 0.955618743, -1.26458263e-005, 0.294606207, 0.294606207, -6.58798484e-006, -0.955618743, 1.40254499e-005, 1, -2.57006286e-006, 0.95561876, -1.73790727e-005, 0.294606152, 0.294606152, -5.06475516e-006, -0.95561876, 1.8099876e-005, 1, 2.80006692e-007, 0, 0, 0, 0, 0, 0, 0, 0.311076758, -0.109739893, -0.230491211, -0.145151323, 0.246830841, -0.958114163, -0.964477539, 0.180541992, 0.192749023, 0.220489622, 0.952113148, 0.212063239, 0, 0, -0, 0, 0, 0, 0, 0.388655225, -0.0534939453, -0.182988428, 0.443013349, 0.190517543, -0.875966822, 0.286743164, -0.955810547, -0.0629882812, -0.84933646, -0.22325185, -0.478093646, 0, 1, 3, 1, 
204.937626, 20, 0.1, 0.1, 0.00546043423, 0.37842407, -0.0349675375, 0.955618662, 1.63093e-005, 0.29460647, 0.29460647, 5.01300689e-006, -0.955618662, -1.70623357e-005, 1, -1.43023638e-008, 0.955618677, 2.11839646e-005, 0.294606423, 0.294606423, 3.57235325e-006, -0.955618677, -2.12962304e-005, 1, -2.82712455e-006, 0, 0, 0, 0, 0, 0, 0, 0.311076758, -0.109739893, -0.230491211, -0.145151323, 0.246830841, -0.958114163, -0.964477539, 0.180541992, 0.192749023, 0.220489622, 0.952113148, 0.212063239, 0, 0, -0, 0, 0, 0, 0, 0.388655225, -0.0534939453, -0.182988428, 0.443013349, 0.190517543, -0.875966822, 0.286743164, -0.955810547, -0.0629882812, -0.84933646, -0.22325185, -0.478093646, 0, 1, 3, 1, 
204.938331, 20, 0.1, 0.1, 0.00546043765, 0.378424071, -0.0349668371, 0.955618557, -1.35847851e-005, 0.294606812, 0.294606812, -1.11120855e-005, -0.955618557, 1.62555688e-005, 1, -6.61674489e-006, 0.955618583, -1.84388174e-005, 0.294606726, 0.294606726, -8.89762227e-006, -0.955618583, 2.0241776e-005, 1, -3.07053355e-006, 0, 0, 0, 0, 0, 0, 0, 0.311076758, -0.109739893, -0.230491211, -0.145151323, 0.246830841, -0.958114163, -0.964477539, 0.180541992, 0.192749023, 0.220489622, 0.952113148, 0.212063239, 0, 0, -0, 0, 0, 0, 0, 0.388655225, -0.0534939453, -0.182988428, 0.443013349, 0.190517543, -0.875966822, 0.286743164, -0.955810547, -0.0629882812, -0.84933646, -0.22325185, -0.478093646, 0, 1, 3, 1, 
204.939035, 20, 0.1, 0.1, 0.00546043306, 0.378424071, -0.0349669322, 0.955618426, 1.77846143e-005, 0.294607236, 0.294607236, -1.18978923e-006, -0.955618426, -1.66447846e-005, 1, -6.37646057e-006, 0.955618448, 1.8984096e-005, 0.294607165, 0.294607165, 8.7766585e-006, -0.955618448, -2.07272188e-005, 1, 2.79428608e-006, 0, 0, 0, 0, 0, 0, 0, 0.311076758, -0.109739893, -0.230491211, -0.145151323, 0.246830841, -0.958114163, -0.964477539, 0.180541992, 0.192749023, 0.220489622, 0.952113148, 0.212063239, 0, 0, -0, 0, 0, 0, 0, 0.388655225, -0.0534939453, -0.182988428, 0.443013349, 0.190517543, -0.875966822, 0.286743164, -0.955810547, -0.0629882812, -0.84933646, -0.22325185, -0.478093646, 0, 1, 3, 1, 
204.939763, 20, 0.1, 0.1, 0.00546043643, 0.378424074, -0.034967603, 0.955618371, -1.69894595e-005, 0.294607414, 0.294607414, -1.87159114e-006, -0.955618371, 1.67868242e-005, 1, 3.21669384e-006, 0.955618378, -2.16824581e-005, 0.294607391, 0.294607391, -1.57681471e-007, -0.955618378, 2.07666095e-005, 1, 6.2371291e-006, 0, 0, 0, 0, 0, 0, 0, 0.312764429, -0.111572095, -0.230044727, -0.146683873, 0.245835223, -0.958114163, -0.965698242, 0.173828125, 0.192504883, 0.213934798, 0.95363035, 0.212063239, 0, 0, -0, 0, 0, 0, 0, 0.389714062, -0.0550827637, -0.182555127, 0.441607936, 0.192362987, -0.876235145, 0.293823242, -0.953857422, -0.0612792969, -0.847643035, -0.230299706, -0.477876362, 0, 1, 3, 1, 
204.940467, 20, 0.1, 0.1, 0.00546043192, 0.378424075, -0.0349685661, 0.955618303, 1.34046908e-005, 0.294607635, 0.294607635, 1.09657682e-005, -0.955618303, -1.60403669e-005, 1, 6.52996453e-006, 0.955618322, 1.76718776e-005, 0.294607574, 0.294607574, 9.42886848e-006, -0.955618322, -1.9665386e-005, 1, 3.80413049e-006, 0, 0, 0, 0, 0, 0, 0, 0.312764429, -0.111572095, -0.230044727, -0.146683873, 0.245835223, -0.958114163, -0.965698242, 0.173828125, 0.192504883, 0.213934798, 0.95363035, 0.212063239, 0, 0, -0, 0, 0, 0, 0, 0.389714062, -0.0550827637, -0.182555127, 0.441607936, 0.192362987, -0.876235145, 0.293823242, -0.953857422, -0.0612792969, -0.847643035, -0.230299706, -0.477876362, 0, 1, 3, 1, 
204.941174, 20, 0.1, 0.1, 0.00546043454, 0.378424078, -0.0349696598, 0.955618208, -1.54774525e-005, 0.294607942, 0.294607942, -1.2190216e-006, -0.955618208, 1.51496688e-005, 1, 3.39486119e-006, 0.955618224, -1.65909266e-005, 0.294607892, 0.294607892, -9.90067497e-006, -0.955618224, 1.87714088e-005, 1, -4.57344754e-006, 0, 0, 0, 0, 0, 0, 0, 0.312764429, -0.111572095, -0.230044727, -0.146683873, 0.245835223, -0.958114163, -0.965698242, 0.173828125, 0.192504883, 0.213934798, 0.95363035, 0.212063239, 0, 0, -0, 0, 0, 0, 0, 0.389714062, -0.0550827637, -0.182555127, 0.441607936, 0.192362987, -0.876235145, 0.293823242, -0.953857422, -0.0612792969, -0.847643035, -0.230299706, -0.477876362, 0, 1, 3, 1, 
204.941877, 20, 0.1, 0.1, 0.00546043025, 0.378424079, -0.0349705685, 0.955618179, 1.5645533e-005, 0.294608038, 0.294608038, -8.77980815e-007, -0.955618179, -1.46924955e-005, 1, -5.4483142e-006, 0.955618182, 1.98097715e-005, 0.294608029, 0.294608029, -2.31609922e-006, -0.955618182, -1.82482364e-005, 1, -8.04942425e-006, 0, 0, 0, 0, 0, 0, 0, 0.312764429, -0.111572095, -0.230044727, -0.146683873, 0.245835223, -0.958114163, -0.965698242, 0.173828125, 0.192504883, 0.213934798, 0.95363035, 0.212063239, 0, 0, -0, 0, 0, 0, 0, 0.389714062, -0.0550827637, -0.182555127, 0.441607936, 0.192362987, -0.876235145, 0.293823242, -0.953857422, -0.0612792969, -0.847643035, -0.230299706, -0.477876362, 0, 1, 3, 1, 
204.942595, 20, 0.1, 0.1, 0.00546043322, 0.378424082, -0.0349709154, 0.955618131, -1.20963001e-005, 0.294608193, 0.294608193, -1.31187385e-005, -0.955618131, 1.54243315e-005, 1, -8.9728353e-006, 0.955618145, -1.63495495e-005, 0.294608147, 0.294608146, -1.17553472e-005, -0.955618145, 1.90871472e-005, 1, -6.41691264e-006, 0, 0, 0, 0, 0, 0, 0, 0.312764429, -0.111572095, -0.230044727, -0.146683873, 0.245835223, -0.958114163, -0.965698242, 0.173828125, 0.192504883, 0.213934798, 0.95363035, 0.212063239, 0, 0, -0, 0, 0, 0, 0, 0.390254883, -0.0564065918, -0.182347998, 0.439269589, 0.194630238, -0.876848349, 0.300415039, -0.951782227, -0.0607910156, -0.846415892, -0.236689515, -0.476713385, 0, 1, 3, 1, 
204.943303, 20, 0.1, 0.1, 0.00546042896, 0.378424082, -0.0349706516, 0.955618056, 1.63159494e-005, 0.294608436, 0.294608436, -9.81311944e-007, -0.955618056, -1.5302713e-005, 1, -5.74457574e-006, 0.955618068, 1.7372993e-005, 0.294608398, 0.294608398, 7.28326109e-006, -0.955618068, -1.87476559e-005, 1, 1.84178625e-006, 0, 0, 0, 0, 0, 0, 0, 0.312764429, -0.111572095, -0.230044727, -0.146683873, 0.245835223, -0.958114163, -0.965698242, 0.173828125, 0.192504883, 0.213934798, 0.95363035, 0.212063239, 0, 0, -0, 0, 0, 0, 0, 0.390254883, -0.0564065918, -0.182347998, 0.439269589, 0.194630238, -0.876848349, 0.300415039, -0.951782227, -0.0607910156, -0.846415892, -0.236689515, -0.476713385, 0, 1, 3, 1, 
204.944001, 20, 0.1, 0.1, 0.00546043132, 0.378424084, -0.0349700887, 0.955618042, -1.32678118e-005, 0.29460848, 0.29460848, 1.04475402e-007, -0.955618043, 1.2648181e-005, 1, 4.00864845e-006, 0.955618042, -1.76875716e-005, 0.294608482, 0.294608482, 1.3243126e-006, -0.955618042, 1.65124088e-005, 1, 6.47644562e-006, 0, 0, 0, 0, 0, 0, 0, 0.312764429, -0.111572095, -0.230044727, -0.146683873, 0.245835223, -0.958114163, -0.965698242, 0.173828125, 0.192504883, 0.213934798, 0.95363035, 0.212063239, 0, 0, -0, 0, 0, 0, 0, 0.390254883, -0.0564065918, -0.182347998, 0.439269589, 0.194630238, -0.876848349, 0.300415039, -0.951782227, -0.0607910156, -0.846415892, -0.236689515, -0.476713385, 0, 1, 3, 1, 
204.944717, 20, 0.1, 0.1, 0.00546042601, 0.378424084, -0.0349692109, 0.955618009, 1.44580798e-005, 0.29460859, 0.29460859, 1.40069266e-005, -0.955618009, -1.79429623e-005, 1, 9.12579679e-006, 0.955618021, 1.93013831e-005, 0.29460855, 0.29460855, 1.24402143e-005, -0.955618021, -2.2109743e-005, 1, 6.20174043e-006, 0, 0, 0, 0, 0, 0, 0, 0.313976318, -0.113570532, -0.229799878, -0.148869435, 0.245987991, -0.957739356, -0.966552734, 0.168212891, 0.193481445, 0.20871932, 0.95459489, 0.212869019, 0, 0, -0, 0, 0, 0, 0, 0.390254883, -0.0564065918, -0.182347998, 0.439269589, 0.194630238, -0.876848349, 0.300415039, -0.951782227, -0.0607910156, -0.846415892, -0.236689515, -0.476713385, 0, 1, 3, 1, 
204.945422, 20, 0.1, 0.1, 0.00546042884, 0.378424086, -0.0349684031, 0.955617944, -1.67591449e-005, 0.294608799, 0.294608799, 2.7368326e-006, -0.955617944, 1.52090447e-005, 1, 7.5527579e-006, 0.955617954, -1.75942888e-005, 0.294608768, 0.294608768, -6.37373323e-006, -0.955617954, 1.86911759e-005, 1, -9.07422175e-007, 0, 0, 0, 0, 0, 0, 0, 0.313976318, -0.113570532, -0.229799878, -0.148869435, 0.245987991, -0.957739356, -0.966552734, 0.168212891, 0.193481445, 0.20871932, 0.95459489, 0.212869019, 0, 0, -0, 0, 0, 0, 0, 0.390254883, -0.0564065918, -0.182347998, 0.439269589, 0.194630238, -0.876848349, 0.300415039, -0.951782227, -0.0607910156, -0.846415892, -0.236689515, -0.476713385, 0, 1, 3, 1, 
204.946123, 20, 0.1, 0.1, 0.00546042494, 0.378424086, -0.0349679543, 0.955617944, 1.39582579e-005, 0.294608799, 0.294608799, 1.70579982e-006, -0.955617944, -1.38413053e-005, 1, -2.48213267e-006, 0.955617941, 1.89719924e-005, 0.294608809, 0.294608809, 3.94832996e-007, -0.955617941, -1.82462976e-005, 1, -5.2120066e-006, 0, 0, 0, 0, 0, 0, 0, 0.313976318, -0.113570532, -0.229799878, -0.148869435, 0.245987991, -0.957739356, -0.966552734, 0.168212891, 0.193481445, 0.20871932, 0.95459489, 0.212869019, 0, 0, -0, 0, 0, 0, 0, 0.390254883, -0.0564065918, -0.182347998, 0.439269589, 0.194630238, -0.876848349, 0.300415039, -0.951782227, -0.0607910156, -0.846415892, -0.236689515, -0.476713385, 0, 1, 3, 1, 
204.946856, 20, 0.1, 0.1, 0.00546042943, 0.378424088, -0.0349678318, 0.955617921, -1.54119753e-005, 0.294608875, 0.294608874, -1.39616725e-005, -0.955617921, 1.88411925e-005, 1, -8.80151975e-006, 0.955617932, -2.0569483e-005, 0.294608837, 0.294608837, -1.20429889e-005, -0.955617933, 2.32045378e-005, 1, -5.44854475e-006, 0, 0, 0, 0, 0, 0, 0, 0.315230322, -0.115610352, -0.229349365, -0.150185937, 0.245315883, -0.957682068, -0.967529297, 0.162231445, 0.193237305, 0.202748236, 0.955813668, 0.213230722, 0, 0, -0, 0, 0, 0, 0, 0.390254883, -0.0564065918, -0.182347998, 0.438713987, 0.195050946, -0.877091153, 0.306274414, -0.950073242, -0.0581054687, -0.844633148, -0.243027918, -0.476738905, 0, 1, 3, 1, 
204.947561, 20, 0.1, 0.1, 0.00546042571, 0.378424089, -0.0349679023, 0.955617865, 1.56947042e-005, 0.294609058, 0.294609058, -2.3779098e-006, -0.955617865, -1.42975859e-005, 1, -6.89617508e-006, 0.955617873, 1.66332889e-005, 0.294609031, 0.294609031, 6.96084042e-006, -0.955617873, -1.79457946e-005, 1, 1.75158638e-006, 0, 0, 0, 0, 0, 0, 0, 0.315230322, -0.115610352, -0.229349365, -0.150185937, 0.245315883, -0.957682068, -0.967529297, 0.162231445, 0.193237305, 0.202748236, 0.955813668, 0.213230722, 0, 0, -0, 0, 0, 0, 0, 0.391148584, -0.058297998, -0.181471631, 0.438713987, 0.195050946, -0.877091153, 0.306274414, -0.950073242, -0.0581054687, -0.844633148, -0.243027918, -0.476738905, 0, 1, 3, 1, 
204.948262, 20, 0.1, 0.1, 0.00546042893, 0.378424092, -0.0349683931, 0.955617872, -1.58811309e-005, 0.294609033, 0.294609033, -1.82553232e-006, -0.955617872, 1.57141108e-005, 1, 2.93421332e-006, 0.955617867, -2.06805974e-005, 0.294609048, 0.294609048, -5.2549252e-007, -0.955617867, 1.99175632e-005, 1, 5.59052106e-006, 0, 0, 0, 0, 0, 0, 0, 0.315230322, -0.115610352, -0.229349365, -0.150185937, 0.245315883, -0.957682068, -0.967529297, 0.162231445, 0.193237305, 0.202748236, 0.955813668, 0.213230722, 0, 0, -0, 0, 0, 0, 0, 0.391148584, -0.058297998, -0.181471631, 0.438713987, 0.195050946, -0.877091153, 0.306274414, -0.950073242, -0.0581054687, -0.844633148, -0.243027918, -0.476738905, 0, 1, 3, 1, 
204.948968, 20, 0.1, 0.1, 0.00546042412, 0.378424092, -0.0349691301, 0.955617858, 1.46123301e-005, 0.294609078, 0.294609078, 1.22317711e-005, -0.955617858, -1.75673944e-005, 1, 7.38397378e-006, 0.955617866, 1.87248351e-005, 0.294609051, 0.294609051, 1.05087694e-005, -0.955617867, -2.09897656e-005, 1, 4.52586185e-006, 0, 0, 0, 0, 0, 0, 0, 0.315230322, -0.115610352, -0.229349365, -0.150185937, 0.245315883, -0.957682068, -0.967529297, 0.162231445, 0.193237305, 0.202748236, 0.955813668, 0.213230722, 0, 0, -0, 0, 0, 0, 0, 0.391148584, -0.058297998, -0.181471631, 0.438713987, 0.195050946, -0.877091153, 0.306274414, -0.950073242, -0.0581054687, -0.844633148, -0.243027918, -0.476738905, 0, 1, 3, 1, 
204.949672, 20, 0.1, 0.1, 0.00546042626, 0.378424094, -0.0349698744, 0.955617812, -1.39847211e-005, 0.294609229, 0.29460923, 1.23937971e-006, -0.955617812, 1.29989159e-005, 1, 5.30440123e-006, 0.955617818, -1.49783217e-005, 0.294609209, 0.294609209, -7.44901982e-006, -0.955617818, 1.6508101e-005, 1, -2.70566455e-006, 0, 0, 0, 0, 0, 0, 0, 0.315230322, -0.115610352, -0.229349365, -0.150185937, 0.245315883, -0.957682068, -0.967529297, 0.162231445, 0.193237305, 0.202748236, 0.955813668, 0.213230722, 0, 0, -0, 0, 0, 0, 0, 0.391148584, -0.058297998, -0.181471631, 0.438713987, 0.195050946, -0.877091153, 0.306274414, -0.950073242, -0.0581054687, -0.844633148, -0.243027918, -0.476738905, 0, 1, 3, 1, 
204.95038, 20, 0.1, 0.1, 0.00546042163, 0.378424094, -0.0349703469, 0.955617824, 1.63487357e-005, 0.294609187, 0.294609187, 1.17989774e-006, -0.955617825, -1.5970752e-005, 1, -3.68895643e-006, 0.955617819, 2.08129719e-005, 0.294609205, 0.294609205, -8.8830263e-008, -0.955617819, -1.98630766e-005, 1, -6.2165809e-006, 0, 0, 0, 0, 0, 0, 0, 0.315230322, -0.115610352, -0.229349365, -0.150185937, 0.245315883, -0.957682068, -0.967529297, 0.162231445, 0.193237305, 0.202748236, 0.955813668, 0.213230722, 0, 0, -0, 0, 0, 0, 0, 0.391148584, -0.058297998, -0.181471631, 0.438713987, 0.195050946, -0.877091153, 0.306274414, -0.950073242, -0.0581054687, -0.844633148, -0.243027918, -0.476738905, 0, 1, 3, 1, 
204.951083, 20, 0.1, 0.1, 0.00546042447, 0.378424096, -0.0349705148, 0.955617816, -1.21125729e-005, 0.294609214, 0.294609213, -1.19490205e-005, -0.955617817, 1.5095282e-005, 1, -7.8502213e-006, 0.955617823, -1.60561315e-005, 0.294609191, 0.29460919, -1.03738929e-005, -0.955617824, 1.83997696e-005, 1, -5.18319305e-006, 0, 0, 0, 0, 0, 0, 0, 0.315230322, -0.115610352, -0.229349365, -0.150185937, 0.245315883, -0.957682068, -0.967529297, 0.162231445, 0.193237305, 0.202748236, 0.955813668, 0.213230722, 0, 0, -0, 0, 0, 0, 0, 0.391148584, -0.058297998, -0.181471631, 0.438713987, 0.195050946, -0.877091153, 0.306274414, -0.950073242, -0.0581054687, -0.844633148, -0.243027918, -0.476738905, 0, 1, 3, 1, 
204.951815, 20, 0.1, 0.1, 0.00546042038, 0.378424097, -0.0349701219, 0.955617776, 1.51253135e-005, 0.294609343, 0.294609343, -1.48785353e-006, -0.955617776, -1.40156829e-005, 1, -5.87787795e-006, 0.955617781, 1.65260006e-005, 0.294609327, 0.294609327, 7.30810047e-006, -0.955617782, -1.79455746e-005, 1, 2.11503684e-006, 0, 0, 0, 0, 0, 0, 0, 0.316525708, -0.1176271, -0.228676343, -0.150677564, 0.245106949, -0.957668964, -0.96875, 0.156005859, 0.192382813, 0.196522914, 0.956835496, 0.21409379, 0, 0, -0, 0, 0, 0, 0, 0.392280664, -0.0596818848, -0.180807031, 0.438228747, 0.196666346, -0.877052873, 0.313354492, -0.947875977, -0.0560302734, -0.842352037, -0.250222695, -0.47710311, 0, 1, 3, 1, 
204.952517, 20, 0.1, 0.1, 0.0054604237, 0.378424099, -0.0349693699, 0.955617796, -1.60460036e-005, 0.294609279, 0.294609279, -9.89306789e-007, -0.955617796, 1.56253055e-005, 1, 3.78190237e-006, 0.955617789, -2.06106645e-005, 0.294609301, 0.294609301, 3.41786672e-007, -0.95561779, 1.95952241e-005, 1, 6.39871089e-006, 0, 0, 0, 0, 0, 0, 0, 0.316525708, -0.1176271, -0.228676343, -0.150677564, 0.245106949, -0.957668964, -0.96875, 0.156005859, 0.192382813, 0.196522914, 0.956835496, 0.21409379, 0, 0, -0, 0, 0, 0, 0, 0.392280664, -0.0596818848, -0.180807031, 0.438228747, 0.196666346, -0.877052873, 0.313354492, -0.947875977, -0.0560302734, -0.842352037, -0.250222695, -0.47710311, 0, 1, 3, 1, 
204.95322, 20, 0.1, 0.1, 0.0054604195, 0.378424099, -0.0349686657, 0.955617793, 1.22675854e-005, 0.294609289, 0.294609289, 1.29523119e-005, -0.955617793, -1.55389943e-005, 1, 8.76331506e-006, 0.9556178, 1.67474854e-005, 0.294609268, 0.294609268, 1.1355859e-005, -0.9556178, -1.93497364e-005, 1, 5.91789654e-006, 0, 0, 0, 0, 0, 0, 0, 0.316525708, -0.1176271, -0.228676343, -0.150677564, 0.245106949, -0.957668964, -0.96875, 0.156005859, 0.192382813, 0.196522914, 0.956835496, 0.21409379, 0, 0, -0, 0, 0, 0, 0, 0.392280664, -0.0596818848, -0.180807031, 0.438228747, 0.196666346, -0.877052873, 0.313354492, -0.947875977, -0.0560302734, -0.842352037, -0.250222695, -0.47710311, 0, 1, 3, 1, 
204.953933, 20, 0.1, 0.1, 0.00546042291, 0.378424101, -0.0349681215, 0.955617755, -1.71093625e-005, 0.294609414, 0.294609414, 7.46775104e-007, -0.955617755, 1.61300036e-005, 1, 5.75421081e-006, 0.95561776, -1.85674353e-005, 0.294609398, 0.294609398, -8.45931579e-006, -0.95561776, 2.02355649e-005, 1, -2.61373147e-006, 0, 0, 0, 0, 0, 0, 0, 0.316525708, -0.1176271, -0.228676343, -0.150677564, 0.245106949, -0.957668964, -0.96875, 0.156005859, 0.192382813, 0.196522914, 0.956835496, 0.21409379, 0, 0, -0, 0, 0, 0, 0, 0.392280664, -0.0596818848, -0.180807031, 0.438228747, 0.196666346, -0.877052873, 0.313354492, -0.947875977, -0.0560302734, -0.842352037, -0.250222695, -0.47710311, 0, 1, 3, 1, 
204.954644, 20, 0.1, 0.1, 0.00546041839, 0.378424101, -0.0349678786, 0.955617779, 1.68875047e-005, 0.294609336, 0.294609336, -8.20125122e-009, -0.955617779, -1.61355835e-005, 1, -4.9830538e-006, 0.955617771, 2.15346725e-005, 0.294609362, 0.294609362, -1.35396633e-006, -0.955617771, -2.01800246e-005, 1, -7.63819042e-006, 0, 0, 0, 0, 0, 0, 0, 0.316525708, -0.1176271, -0.228676343, -0.150677564, 0.245106949, -0.957668964, -0.96875, 0.156005859, 0.192382813, 0.196522914, 0.956835496, 0.21409379, 0, 0, -0, 0, 0, 0, 0, 0.392280664, -0.0596818848, -0.180807031, 0.438228747, 0.196666346, -0.877052873, 0.313354492, -0.947875977, -0.0560302734, -0.842352037, -0.250222695, -0.47710311, 0, 1, 3, 1, 
204.955348, 20, 0.1, 0.1, 0.0054604216, 0.378424104, -0.0349680334, 0.955617779, -1.28212823e-005, 0.294609335, 0.294609335, -1.42318842e-005, -0.955617779, 1.64450913e-005, 1, -9.82297214e-006, 0.955617785, -1.73162131e-005, 0.294609316, 0.294609316, -1.25253559e-005, -0.955617785, 2.02377677e-005, 1, -6.86793522e-006, 0, 0, 0, 0, 0, 0, 0, 0.316525708, -0.1176271, -0.228676343, -0.150677564, 0.245106949, -0.957668964, -0.96875, 0.156005859, 0.192382813, 0.196522914, 0.956835496, 0.21409379, 0, 0, -0, 0, 0, 0, 0, 0.392280664, -0.0596818848, -0.180807031, 0.438228747, 0.196666346, -0.877052873, 0.313354492, -0.947875977, -0.0560302734, -0.842352037, -0.250222695, -0.47710311, 0, 1, 3, 1, 
204.956051, 20, 0.1, 0.1, 0.00546041738, 0.378424104, -0.0349685987, 0.955617744, 1.67342364e-005, 0.29460945, 0.29460945, -2.11952762e-006, -0.955617744, -1.53671003e-005, 1, -6.95552236e-006, 0.955617748, 1.79025646e-005, 0.294609435, 0.294609435, 6.80068516e-006, -0.955617748, -1.91115544e-005, 1, 1.224591e-006, 0, 0, 0, 0, 0, 0, 0, 0.316525708, -0.1176271, -0.228676343, -0.150677564, 0.245106949, -0.957668964, -0.96875, 0.156005859, 0.192382813, 0.196522914, 0.956835496, 0.21409379, 0, 0, -0, 0, 0, 0, 0, 0.392280664, -0.0596818848, -0.180807031, 0.438228747, 0.196666346, -0.877052873, 0.313354492, -0.947875977, -0.0560302734, -0.842352037, -0.250222695, -0.47710311, 0, 1, 3, 1, 
204.956782, 20, 0.1, 0.1, 0.00546042108, 0.378424107, -0.0349691228, 0.955617771, -1.72413687e-005, 0.294609361, 0.294609361, -5.8706111e-007, -0.955617771, 1.66491121e-005, 1, 4.5184626e-006, 0.955617762, -2.19144412e-005, 0.294609388, 0.294609388, 6.09897805e-007, -0.955617763, 2.07621477e-005, 1, 7.03902931e-006, 0, 0, 0, 0, 0, 0, 0, 0.318296021, -0.119643848, -0.228009424, -0.150629632, 0.244898015, -0.957776427, -0.969970703, 0.150146484, 0.190917969, 0.190582909, 0.957857323, 0.214975954, 0, 0, -0, 0, 0, 0, 0, 0.393670898, -0.061038916, -0.180126074, 0.438216354, 0.198447991, -0.87658659, 0.319946289, -0.945800781, -0.0541992187, -0.839898485, -0.256663543, -0.478036043, 0, 1, 3, 1, 
204.957483, 20, 0.1, 0.1, 0.00546041719, 0.378424106, -0.0349695591, 0.955617776, 1.2089657e-005, 0.294609346, 0.294609346, 1.36470039e-005, -0.955617776, -1.55736261e-005, 1, 9.47959351e-006, 0.95561778, 1.61384275e-005, 0.29460933, 0.29460933, 1.18990228e-005, -0.955617781, -1.89277314e-005, 1, 6.61638643e-006, 0, 0, 0, 0, 0, 0, 0, 0.318296021, -0.119643848, -0.228009424, -0.150629632, 0.244898015, -0.957776427, -0.969970703, 0.150146484, 0.190917969, 0.190582909, 0.957857323, 0.214975954, 0, 0, -0, 0, 0, 0, 0, 0.393670898, -0.061038916, -0.180126074, 0.438216354, 0.198447991, -0.87658659, 0.319946289, -0.945800781, -0.0541992187, -0.839898485, -0.256663543, -0.478036043, 0, 1, 3, 1, 
204.958191, 20, 0.1, 0.1, 0.00546042004, 0.378424108, -0.0349698908, 0.955617745, -1.50325559e-005, 0.294609444, 0.294609444, 2.62493973e-006, -0.955617746, 1.35920451e-005, 1, 6.93717191e-006, 0.955617749, -1.63913141e-005, 0.294609432, 0.294609432, -6.13331928e-006, -0.955617749, 1.74707644e-005, 1, -1.03207301e-006, 0, 0, 0, 0, 0, 0, 0, 0.318296021, -0.119643848, -0.228009424, -0.150629632, 0.244898015, -0.957776427, -0.969970703, 0.150146484, 0.190917969, 0.190582909, 0.957857323, 0.214975954, 0, 0, -0, 0, 0, 0, 0, 0.393670898, -0.061038916, -0.180126074, 0.438216354, 0.198447991, -0.87658659, 0.319946289, -0.945800781, -0.0541992187, -0.839898485, -0.256663543, -0.478036043, 0, 1, 3, 1, 
204.958921, 20, 0.1, 0.1, 0.00546041525, 0.378424108, -0.0349698696, 0.955617774, 1.66594259e-005, 0.294609351, 0.294609351, 1.64328935e-006, -0.955617774, -1.6404172e-005, 1, -3.33766615e-006, 0.955617765, 2.12667355e-005, 0.294609379, 0.294609379, 3.74360846e-007, -0.955617766, -2.04331605e-005, 1, -5.90763387e-006, 0, 0, 0, 0, 0, 0, 0, 0.319890576, -0.12193877, -0.226916284, -0.149636258, 0.243603973, -0.9582396, -0.971313477, 0.14440918, 0.188476563, 0.18436957, 0.959051015, 0.215172905, 0, 0, -0, 0, 0, 0, 0, 0.393670898, -0.061038916, -0.180126074, 0.438216354, 0.198447991, -0.87658659, 0.319946289, -0.945800781, -0.0541992187, -0.839898485, -0.256663543, -0.478036043, 0, 1, 3, 1, 
204.959655, 20, 0.1, 0.1, 0.0054604187, 0.378424109, -0.0349690529, 0.955617781, -1.27017702e-005, 0.294609328, 0.294609328, -1.17832729e-005, -0.955617781, 1.56094995e-005, 1, -7.5182451e-006, 0.955617786, -1.74649296e-005, 0.294609312, 0.294609312, -1.00113165e-005, -0.955617786, 1.96392244e-005, 1, -4.4216612e-006, 0, 0, 0, 0, 0, 0, 0, 0.319890576, -0.12193877, -0.226916284, -0.149636258, 0.243603973, -0.9582396, -0.971313477, 0.14440918, 0.188476563, 0.18436957, 0.959051015, 0.215172905, 0, 0, -0, 0, 0, 0, 0, 0.394869385, -0.0631450195, -0.179230176, 0.438702327, 0.1988049, -0.876241708, 0.325317383, -0.944091797, -0.0513916016, -0.837515296, -0.262394938, -0.478981736, 0, 1, 3, 1, 
204.960353, 20, 0.1, 0.1, 0.00546041436, 0.378424109, -0.0349684776, 0.955617751, 1.76198963e-005, 0.294609427, 0.294609427, -1.50670157e-006, -0.955617751, -1.63939972e-005, 1, -6.63081832e-006, 0.955617754, 1.86186011e-005, 0.294609416, 0.294609416, 7.67728601e-006, -0.955617754, -2.00540665e-005, 1, 1.85133561e-006, 0, 0, 0, 0, 0, 0, 0, 0.319890576, -0.12193877, -0.226916284, -0.149636258, 0.243603973, -0.9582396, -0.971313477, 0.14440918, 0.188476563, 0.18436957, 0.959051015, 0.215172905, 0, 0, -0, 0, 0, 0, 0, 0.394869385, -0.0631450195, -0.179230176, 0.438702327, 0.1988049, -0.876241708, 0.325317383, -0.944091797, -0.0513916016, -0.837515296, -0.262394938, -0.478981736, 0, 1, 3, 1, 
204.96105, 20, 0.1, 0.1, 0.00546041691, 0.378424112, -0.0349682894, 0.95561778, -1.37358494e-005, 0.294609333, 0.294609333, -1.62623362e-006, -0.95561778, 1.36053255e-005, 1, 2.49265168e-006, 0.955617771, -1.84254392e-005, 0.294609361, 0.294609361, -1.35407011e-007, -0.955617771, 1.76475693e-005, 1, 5.29890951e-006, 0, 0, 0, 0, 0, 0, 0, 0.319890576, -0.12193877, -0.226916284, -0.149636258, 0.243603973, -0.9582396, -0.971313477, 0.14440918, 0.188476563, 0.18436957, 0.959051015, 0.215172905, 0, 0, -0, 0, 0, 0, 0, 0.394869385, -0.0631450195, -0.179230176, 0.438702327, 0.1988049, -0.876241708, 0.325317383, -0.944091797, -0.0513916016, -0.837515296, -0.262394938, -0.478981736, 0, 1, 3, 1, 
204.961747, 20, 0.1, 0.1, 0.00546041192, 0.378424112, -0.0349685136, 0.955617784, 1.48098079e-005, 0.294609317, 0.294609317, 1.19248435e-005, -0.955617784, -1.76656858e-005, 1, 7.03248514e-006, 0.955617789, 1.93503716e-005, 0.294609302, 0.294609302, 1.03293967e-005, -0.955617789, -2.15346956e-005, 1, 4.17015574e-006, 0, 0, 0, 0, 0, 0, 0, 0.319890576, -0.12193877, -0.226916284, -0.149636258, 0.243603973, -0.9582396, -0.971313477, 0.14440918, 0.188476563, 0.18436957, 0.959051015, 0.215172905, 0, 0, -0, 0, 0, 0, 0, 0.394869385, -0.0631450195, -0.179230176, 0.438702327, 0.1988049, -0.876241708, 0.325317383, -0.944091797, -0.0513916016, -0.837515296, -0.262394938, -0.478981736, 0, 1, 3, 1, 
204.962443, 20, 0.1, 0.1, 0.00546041452, 0.378424114, -0.0349690573, 0.955617754, -1.56084728e-005, 0.294609416, 0.294609416, 3.99389179e-007, -0.955617754, 1.47980699e-005, 1, 4.98006644e-006, 0.955617757, -1.64098072e-005, 0.294609405, 0.294609405, -8.40004471e-006, -0.955617758, 1.81562353e-005, 1, -3.19274837e-006, 0, 0, 0, 0, 0, 0, 0, 0.319890576, -0.12193877, -0.226916284, -0.149636258, 0.243603973, -0.9582396, -0.971313477, 0.14440918, 0.188476563, 0.18436957, 0.959051015, 0.215172905, 0, 0, -0, 0, 0, 0, 0, 0.394869385, -0.0631450195, -0.179230176, 0.438702327, 0.1988049, -0.876241708, 0.325317383, -0.944091797, -0.0513916016, -0.837515296, -0.262394938, -0.478981736, 0, 1, 3, 1, 
204.963146, 20, 0.1, 0.1, 0.00546041058, 0.378424114, -0.0349696866, 0.955617782, 1.46564859e-005, 0.294609325, 0.294609325, 2.84430411e-008, -0.955617782, -1.40143781e-005, 1, -4.29075674e-006, 0.955617774, 1.92342956e-005, 0.294609352, 0.294609352, -1.28130243e-006, -0.955617774, -1.80031511e-005, 1, -6.89103874e-006, 0, 0, 0, 0, 0, 0, 0, 0.319890576, -0.12193877, -0.226916284, -0.149636258, 0.243603973, -0.9582396, -0.971313477, 0.14440918, 0.188476563, 0.18436957, 0.959051015, 0.215172905, 0, 0, -0, 0, 0, 0, 0, 0.394869385, -0.0631450195, -0.179230176, 0.438702327, 0.1988049, -0.876241708, 0.325317383, -0.944091797, -0.0513916016, -0.837515296, -0.262394938, -0.478981736, 0, 1, 3, 1, 
204.963873, 20, 0.1, 0.1, 0.00546041451, 0.378424117, -0.0349700784, 0.955617785, -1.41579693e-005, 0.294609315, 0.294609314, -1.33834794e-005, -0.955617785, 1.74725049e-005, 1, -8.61842134e-006, 0.955617791, -1.87227916e-005, 0.294609296, 0.294609296, -1.17347079e-005, -0.955617791, 2.13489868e-005, 1, -5.69798719e-006, 0, 0, 0, 0, 0, 0, 0, 0.321446436, -0.124258105, -0.226049683, -0.149429567, 0.241827663, -0.958715879, -0.972412109, 0.139282227, 0.186645508, 0.178651604, 0.96032109, 0.214506789, 0, 0, -0, 0, 0, 0, 0, 0.394869385, -0.0631450195, -0.179230176, 0.438958257, 0.199187328, -0.876043747, 0.330810547, -0.942382813, -0.0485839844, -0.835279028, -0.268369136, -0.479697386, 0, 1, 3, 1, 
204.964573, 20, 0.1, 0.1, 0.0054604113, 0.378424117, -0.0349700388, 0.955617755, 1.39307126e-005, 0.294609413, 0.294609413, -2.03085807e-006, -0.955617755, -1.27141264e-005, 1, -6.04484311e-006, 0.955617758, 1.49323232e-005, 0.294609402, 0.294609402, 6.46349953e-006, -0.955617758, -1.6173801e-005, 1, 1.77743212e-006, 0, 0, 0, 0, 0, 0, 0, 0.321446436, -0.124258105, -0.226049683, -0.149429567, 0.241827663, -0.958715879, -0.972412109, 0.139282227, 0.186645508, 0.178651604, 0.96032109, 0.214506789, 0, 0, -0, 0, 0, 0, 0, 0.395826318, -0.0648080566, -0.178562402, 0.438958257, 0.199187328, -0.876043747, 0.330810547, -0.942382813, -0.0485839844, -0.835279028, -0.268369136, -0.479697386, 0, 1, 3, 1, 
204.965278, 20, 0.1, 0.1, 0.00546041491, 0.378424119, -0.034969803, 0.955617781, -1.62083445e-005, 0.294609329, 0.294609329, -8.95707032e-007, -0.955617781, 1.57528659e-005, 1, 3.91917593e-006, 0.955617773, -2.08493155e-005, 0.294609354, 0.294609354, 2.71720666e-007, -0.955617773, 1.9843925e-005, 1, 6.40206448e-006, 0, 0, 0, 0, 0, 0, 0, 0.321446436, -0.124258105, -0.226049683, -0.149429567, 0.241827663, -0.958715879, -0.972412109, 0.139282227, 0.186645508, 0.178651604, 0.96032109, 0.214506789, 0, 0, -0, 0, 0, 0, 0, 0.395826318, -0.0648080566, -0.178562402, 0.438958257, 0.199187328, -0.876043747, 0.330810547, -0.942382813, -0.0485839844, -0.835279028, -0.268369136, -0.479697386, 0, 1, 3, 1, 
204.965978, 20, 0.1, 0.1, 0.00546041081, 0.378424119, -0.0349694982, 0.955617785, 1.28076798e-005, 0.294609317, 0.294609317, 1.30413549e-005, -0.955617785, -1.60813513e-005, 1, 8.68928891e-006, 0.95561779, 1.68985006e-005, 0.294609301, 0.2946093, 1.13736757e-005, -0.95561779, -1.94992984e-005, 1, 5.89043143e-006, 0, 0, 0, 0, 0, 0, 0, 0.321446436, -0.124258105, -0.226049683, -0.149429567, 0.241827663, -0.958715879, -0.972412109, 0.139282227, 0.186645508, 0.178651604, 0.96032109, 0.214506789, 0, 0, -0, 0, 0, 0, 0, 0.395826318, -0.0648080566, -0.178562402, 0.438958257, 0.199187328, -0.876043747, 0.330810547, -0.942382813, -0.0485839844, -0.835279028, -0.268369136, -0.479697386, 0, 1, 3, 1, 
204.966674, 20, 0.1, 0.1, 0.00546041348, 0.37842412, -0.0349692426, 0.955617755, -1.4713767e-005, 0.294609414, 0.294609414, 2.61255972e-006, -0.955617755, 1.32910523e-005, 1, 6.83142274e-006, 0.955617758, -1.5954765e-005, 0.294609403, 0.294609403, -6.34723991e-006, -0.955617758, 1.71166133e-005, 1, -1.36511138e-006, 0, 0, 0, 0, 0, 0, 0, 0.321446436, -0.124258105, -0.226049683, -0.149429567, 0.241827663, -0.958715879, -0.972412109, 0.139282227, 0.186645508, 0.178651604, 0.96032109, 0.214506789, 0, 0, -0, 0, 0, 0, 0, 0.395826318, -0.0648080566, -0.178562402, 0.438958257, 0.199187328, -0.876043747, 0.330810547, -0.942382813, -0.0485839844, -0.835279028, -0.268369136, -0.479697386, 0, 1, 3, 1, 
204.967369, 20, 0.1, 0.1, 0.00546040908, 0.37842412, -0.0349691237, 0.955617782, 1.64442395e-005, 0.294609326, 0.294609326, 2.11495216e-006, -0.955617782, -1.63374923e-005, 1, -2.82354041e-006, 0.955617774, 2.09559711e-005, 0.294609352, 0.294609352, 8.51800448e-007, -0.955617774, -2.02768468e-005, 1, -5.35982941e-006, 0, 0, 0, 0, 0, 0, 0, 0.321446436, -0.124258105, -0.226049683, -0.149429567, 0.241827663, -0.958715879, -0.972412109, 0.139282227, 0.186645508, 0.178651604, 0.96032109, 0.214506789, 0, 0, -0, 0, 0, 0, 0, 0.395826318, -0.0648080566, -0.178562402, 0.438958257, 0.199187328, -0.876043747, 0.330810547, -0.942382813, -0.0485839844, -0.835279028, -0.268369136, -0.479697386, 0, 1, 3, 1, 
204.968066, 20, 0.1, 0.1, 0.00546041219, 0.378424121, -0.0349691786, 0.955617786, -1.25229592e-005, 0.294609313, 0.294609313, -1.17184367e-005, -0.955617786, 1.54195231e-005, 1, -7.50896609e-006, 0.955617791, -1.66973091e-005, 0.294609297, 0.294609297, -1.00233763e-005, -0.955617791, 1.89092255e-005, 1, -4.65933417e-006, 0, 0, 0, 0, 0, 0, 0, 0.321446436, -0.124258105, -0.226049683, -0.149429567, 0.241827663, -0.958715879, -0.972412109, 0.139282227, 0.186645508, 0.178651604, 0.96032109, 0.214506789, 0, 0, -0, 0, 0, 0, 0, 0.395826318, -0.0648080566, -0.178562402, 0.438958257, 0.199187328, -0.876043747, 0.330810547, -0.942382813, -0.0485839844, -0.835279028, -0.268369136, -0.479697386, 0, 1, 3, 1, 
204.968791, 20, 0.1, 0.1, 0.00546040791, 0.378424121, -0.034969152, 0.955617754, 1.65774609e-005, 0.294609416, 0.294609416, -4.86909982e-007, -0.955617754, -1.56982677e-005, 1, -5.3491759e-006, 0.955617757, 1.79198601e-005, 0.294609405, 0.294609405, 8.52561279e-006, -0.955617758, -1.96362623e-005, 1, 2.86786764e-006, 0, 0, 0, 0, 0, 0, 0, 0.322778931, -0.126985229, -0.225393506, -0.149292147, 0.240838036, -0.958976109, -0.973266602, 0.134887695, 0.185424805, 0.174056937, 0.961095791, 0.214424413, 0, 0, -0, 0, 0, 0, 0, 0.397016504, -0.0669192871, -0.177663086, 0.439322828, 0.199582516, -0.875724385, 0.336303711, -0.940551758, -0.0456542969, -0.832908599, -0.274464735, -0.480400276, 0, 1, 3, 1, 
204.969485, 20, 0.1, 0.1, 0.00546041097, 0.378424123, -0.034969136, 0.955617781, -1.55277165e-005, 0.294609328, 0.294609328, -5.76250168e-007, -0.955617781, 1.50083307e-005, 1, 4.02393522e-006, 0.955617773, -1.98090447e-005, 0.294609354, 0.294609354, 8.33987202e-007, -0.955617773, 1.86841747e-005, 1, 6.63290285e-006, 0, 0, 0, 0, 0, 0, 0, 0.322778931, -0.126985229, -0.225393506, -0.149292147, 0.240838036, -0.958976109, -0.973266602, 0.134887695, 0.185424805, 0.174056937, 0.961095791, 0.214424413, 0, 0, -0, 0, 0, 0, 0, 0.397016504, -0.0669192871, -0.177663086, 0.439322828, 0.199582516, -0.875724385, 0.336303711, -0.940551758, -0.0456542969, -0.832908599, -0.274464735, -0.480400276, 0, 1, 3, 1, 
204.970184, 20, 0.1, 0.1, 0.00546040694, 0.378424122, -0.0349692921, 0.955617785, 1.21576277e-005, 0.294609316, 0.294609316, 1.25719571e-005, -0.955617785, -1.53218609e-005, 1, 8.43223542e-006, 0.95561779, 1.65381698e-005, 0.2946093, 0.2946093, 1.10431635e-005, -0.95561779, -1.90575879e-005, 1, 5.68074493e-006, 0, 0, 0, 0, 0, 0, 0, 0.322778931, -0.126985229, -0.225393506, -0.149292147, 0.240838036, -0.958976109, -0.973266602, 0.134887695, 0.185424805, 0.174056937, 0.961095791, 0.214424413, 0, 0, -0, 0, 0, 0, 0, 0.397016504, -0.0669192871, -0.177663086, 0.439322828, 0.199582516, -0.875724385, 0.336303711, -0.940551758, -0.0456542969, -0.832908599, -0.274464735, -0.480400276, 0, 1, 3, 1, 
204.970882, 20, 0.1, 0.1, 0.00546041018, 0.378424124, -0.0349695082, 0.955617755, -1.66547819e-005, 0.294609414, 0.294609414, 1.07206555e-006, -0.955617755, 1.55997647e-005, 1, 5.9311404e-006, 0.955617758, -1.77242989e-005, 0.294609402, 0.294609402, -7.65394755e-006, -0.955617758, 1.91925797e-005, 1, -2.09250311e-006, 0, 0, 0, 0, 0, 0, 0, 0.322778931, -0.126985229, -0.225393506, -0.149292147, 0.240838036, -0.958976109, -0.973266602, 0.134887695, 0.185424805, 0.174056937, 0.961095791, 0.214424413, 0, 0, -0, 0, 0, 0, 0, 0.397016504, -0.0669192871, -0.177663086, 0.439322828, 0.199582516, -0.875724385, 0.336303711, -0.940551758, -0.0456542969, -0.832908599, -0.274464735, -0.480400276, 0, 1, 3, 1, 
204.971594, 20, 0.1, 0.1, 0.0054604063, 0.378424124, -0.0349696187, 0.955617783, 1.48694681e-005, 0.294609321, 0.294609321, -2.25448833e-007, -0.955617784, -1.41431088e-005, 1, -4.59612681e-006, 0.955617775, 1.93672221e-005, 0.294609348, 0.294609348, -1.50040618e-006, -0.955617775, -1.8065628e-005, 1, -7.13957948e-006, 0, 0, 0, 0, 0, 0, 0, 0.322778931, -0.126985229, -0.225393506, -0.149292147, 0.240838036, -0.958976109, -0.973266602, 0.134887695, 0.185424805, 0.174056937, 0.961095791, 0.214424413, 0, 0, -0, 0, 0, 0, 0, 0.398345215, -0.0685127441, -0.17700166, 0.438486143, 0.201095837, -0.875845787, 0.342529297, -0.938354492, -0.0439453125, -0.830787169, -0.280688299, -0.480413036, 0, 1, 3, 1, 
204.97229, 20, 0.1, 0.1, 0.00546040976, 0.378424127, -0.0349696487, 0.955617789, -1.31691061e-005, 0.294609302, 0.294609301, -1.34724835e-005, -0.955617789, 1.6553751e-005, 1, -8.99480374e-006, 0.955617794, -1.74181456e-005, 0.294609287, 0.294609287, -1.19106947e-005, -0.955617794, 2.01540911e-005, 1, -6.25052431e-006, 0, 0, 0, 0, 0, 0, 0, 0.322778931, -0.126985229, -0.225393506, -0.149292147, 0.240838036, -0.958976109, -0.973266602, 0.134887695, 0.185424805, 0.174056937, 0.961095791, 0.214424413, 0, 0, -0, 0, 0, 0, 0, 0.398345215, -0.0685127441, -0.17700166, 0.438486143, 0.201095837, -0.875845787, 0.342529297, -0.938354492, -0.0439453125, -0.830787169, -0.280688299, -0.480413036, 0, 1, 3, 1, 
204.972989, 20, 0.1, 0.1, 0.00546040612, 0.378424127, -0.0349696683, 0.955617761, 1.54159138e-005, 0.294609392, 0.294609392, -2.37070396e-006, -0.955617761, -1.40332894e-005, 1, -6.80715982e-006, 0.955617764, 1.64225769e-005, 0.294609382, 0.294609382, 6.32384525e-006, -0.955617765, -1.75567704e-005, 1, 1.20493362e-006, 0, 0, 0, 0, 0, 0, 0, 0.322778931, -0.126985229, -0.225393506, -0.149292147, 0.240838036, -0.958976109, -0.973266602, 0.134887695, 0.185424805, 0.174056937, 0.961095791, 0.214424413, 0, 0, -0, 0, 0, 0, 0, 0.398345215, -0.0685127441, -0.17700166, 0.438486143, 0.201095837, -0.875845787, 0.342529297, -0.938354492, -0.0439453125, -0.830787169, -0.280688299, -0.480413036, 0, 1, 3, 1, 
204.973699, 20, 0.1, 0.1, 0.00546040932, 0.378424129, -0.0349695917, 0.95561779, -1.49050635e-005, 0.294609298, 0.294609298, -1.26684301e-006, -0.955617791, 1.46167676e-005, 1, 3.18055258e-006, 0.955617782, -1.94190277e-005, 0.294609325, 0.294609325, -4.54501162e-008, -0.955617782, 1.85705582e-005, 1, 5.67759369e-006, 0, 0, 0, 0, 0, 0, 0, 0.324569507, -0.129486426, -0.224518848, -0.148888505, 0.239886601, -0.959337812, -0.974243164, 0.130004883, 0.18371582, 0.168802145, 0.962111627, 0.214481701, 0, 0, -0, 0, 0, 0, 0, 0.398345215, -0.0685127441, -0.17700166, 0.438486143, 0.201095837, -0.875845787, 0.342529297, -0.938354492, -0.0439453125, -0.830787169, -0.280688299, -0.480413036, 0, 1, 3, 1, 
204.974396, 20, 0.1, 0.1, 0.00546040506, 0.378424129, -0.0349694335, 0.955617796, 1.29479061e-005, 0.294609279, 0.294609278, 1.25249717e-005, -0.955617796, -1.60632223e-005, 1, 8.15451261e-006, 0.955617801, 1.73356163e-005, 0.294609264, 0.294609264, 1.08094758e-005, -0.955617801, -1.97507952e-005, 1, 5.22249436e-006, 0, 0, 0, 0, 0, 0, 0, 0.324569507, -0.129486426, -0.224518848, -0.148888505, 0.239886601, -0.959337812, -0.974243164, 0.130004883, 0.18371582, 0.168802145, 0.962111627, 0.214481701, 0, 0, -0, 0, 0, 0, 0, 0.398345215, -0.0685127441, -0.17700166, 0.438486143, 0.201095837, -0.875845787, 0.342529297, -0.938354492, -0.0439453125, -0.830787169, -0.280688299, -0.480413036, 0, 1, 3, 1, 
