time, trialNum, realDorsalTactorPos, realVentralTactorPos, boxPosX, boxPosY, boxPosZ, boxLocalRot_11, boxLocalRot_12, boxLocalRot_13, boxLocalRot_21, boxLocalRot_22, boxLocalRot_23, boxLocalRot_31, boxLocalRot_32, boxLocalRot_33, boxGlobalRot_11, boxGlobalRot_12, boxGlobalRot_13, boxGlobalRot_21, boxGlobalRot_22, boxGlobalRot_23, boxGlobalRot_31, boxGlobalRot_32, boxGlobalRot_33, indexForceX, indexForceY, indexForceZ, indexForceGlobalX, indexForceGlobalY, indexForceGlobalZ, indexContact, indexPosX, indexPosY, indexPosZ, indexRot_11, indexRot_12, indexRot_13, indexRot_21, indexRot_22, indexRot_23, indexRot_31, indexRot_32, indexRot_33, thumbForceX, thumbForceY, thumbForceZ, thumbForceGlobalX, thumbForceGlobalY, thumbForceGlobalZ, thumbContact, thumbPosX, thumbPosY, thumbPosZ, thumbRot_11, thumbRot_12, thumbRot_13, thumbRot_21, thumbRot_22, thumbRot_23, thumbRot_31, thumbRot_32, thumbRot_33, manipForceTooHigh, cceExpType, mapping, trialSuccess, 
281.152189, 31, 0.1, 0.1, 0.0349116556, 0.348310686, -0.0349825253, 0.844853124, -0.534998317, 9.89573131e-008, 0.534998317, 0.844853124, 1.55789317e-006, -9.17074619e-007, -1.26324892e-006, 1, 0.844852939, -0.534998609, -5.4496153e-007, 0.534998609, 0.844852939, -1.46154092e-005, 8.27963596e-006, 1.20563178e-005, 1, 0, 0, 0, 0, 0, 0, 0, 0.344360986, -0.162348535, -0.228183472, -0.209963465, 0.467338207, -0.858763367, -0.933959961, 0.163574219, 0.317382813, 0.288843066, 0.868740174, 0.402355374, 0, 0, -0, 0, 0, 0, 0, 0.413363379, -0.106602588, -0.181355322, 0.307738821, 0.312481533, -0.898664853, 0.464111328, -0.873779297, -0.144897461, -0.830536597, -0.372330553, -0.413952756, 0, 1, 5, 1, 
281.16286, 31, 0.1, 0.1, 0.034911658, 0.348310663, -0.0349610637, 0.844860243, -0.534987074, 2.58382805e-007, 0.534987074, 0.844860243, 3.0488812e-005, -1.65294177e-005, -2.56205537e-005, 1, 0.844860189, -0.53498716, 1.48767274e-005, 0.53498716, 0.844860189, 7.18355175e-006, -1.64118627e-005, 1.88976126e-006, 1, 0, 0, 0, 0, 0, 0, 0, 0.345701782, -0.167409302, -0.225060669, -0.209572927, 0.459775782, -0.86285292, -0.935913086, 0.160766602, 0.312988281, 0.282725206, 0.873274927, 0.396823499, 0, 0, -0, 0, 0, 0, 0, 0.414820752, -0.110204785, -0.178980957, 0.308142038, 0.308339652, -0.899891629, 0.471435547, -0.87109375, -0.137084961, -0.826198223, -0.381971585, -0.413958953, 0, 1, 5, 1, 
281.163593, 31, 0.1, 0.1, 0.0349116674, 0.348310651, -0.0349663009, 0.844860343, -0.534986917, -1.80512721e-005, 0.534986917, 0.844860342, 2.35525856e-005, 2.65047881e-006, -2.95558399e-005, 1, 0.844860333, -0.534986931, -3.07458903e-005, 0.534986932, 0.844860333, 3.18202088e-005, 8.95258724e-006, -4.33322817e-005, 0.999999999, 0, 0, 0, 0, 0, 0, 0, 0.345580566, -0.168595459, -0.22485354, -0.211870822, 0.458342077, -0.863082072, -0.935791016, 0.159301758, 0.314208984, 0.281482462, 0.874367147, 0.395376689, 0, 0, -0, 0, 0, 0, 0, 0.414829297, -0.111676074, -0.178335889, 0.308078239, 0.306940069, -0.900441035, 0.47265625, -0.870727539, -0.135131836, -0.825591215, -0.383837085, -0.413402984, 0, 1, 5, 1, 
281.164293, 31, 0.1, 0.1, 0.03491166, 0.348310657, -0.0349717824, 0.844860476, -0.534986707, 2.44902134e-005, 0.534986707, 0.844860475, -4.0632532e-005, 1.04705121e-006, 4.74307589e-005, 0.999999999, 0.844860432, -0.534986775, 3.01945402e-005, 0.534986776, 0.844860431, -3.13161621e-005, -8.75643966e-006, 4.2611466e-005, 0.999999999, 0, 0, 0, 0, 0, 0, 0, 0.345580566, -0.168595459, -0.22485354, -0.211870822, 0.458342077, -0.863082072, -0.935791016, 0.159301758, 0.314208984, 0.281482462, 0.874367147, 0.395376689, 0, 0, -0, 0, 0, 0, 0, 0.414829297, -0.111676074, -0.178335889, 0.308078239, 0.306940069, -0.900441035, 0.47265625, -0.870727539, -0.135131836, -0.825591215, -0.383837085, -0.413402984, 0, 1, 5, 1, 
281.165003, 31, 0.1, 0.1, 0.0349116554, 0.348310664, -0.0349762496, 0.844860718, -0.534986324, 4.11225849e-006, 0.534986324, 0.844860718, 1.05998904e-005, -9.14508205e-006, -6.75542894e-006, 1, 0.844860678, -0.534986387, 1.15229788e-005, 0.534986387, 0.844860678, -7.51860849e-006, -5.71295849e-006, 1.25168135e-005, 1, 0, 0, 0, 0, 0, 0, 0, 0.345580566, -0.168595459, -0.22485354, -0.211870822, 0.458342077, -0.863082072, -0.935791016, 0.159301758, 0.314208984, 0.281482462, 0.874367147, 0.395376689, 0, 0, -0, 0, 0, 0, 0, 0.414829297, -0.111676074, -0.178335889, 0.308078239, 0.306940069, -0.900441035, 0.47265625, -0.870727539, -0.135131836, -0.825591215, -0.383837085, -0.413402984, 0, 1, 5, 1, 
281.165704, 31, 0.1, 0.1, 0.0349116618, 0.348310655, -0.0349783828, 0.84486081, -0.534986178, -2.40154773e-005, 0.534986178, 0.84486081, 2.15122206e-005, 8.78099498e-006, -3.10227805e-005, 0.999999999, 0.844860801, -0.534986193, -2.62225148e-005, 0.534986194, 0.8448608, 2.55141599e-005, 8.50465152e-006, -3.5584597e-005, 0.999999999, 0, 0, 0, 0, 0, 0, 0, 0.345580566, -0.168595459, -0.22485354, -0.211870822, 0.458342077, -0.863082072, -0.935791016, 0.159301758, 0.314208984, 0.281482462, 0.874367147, 0.395376689, 0, 0, -0, 0, 0, 0, 0, 0.414829297, -0.111676074, -0.178335889, 0.308078239, 0.306940069, -0.900441035, 0.47265625, -0.870727539, -0.135131836, -0.825591215, -0.383837085, -0.413402984, 0, 1, 5, 1, 
281.166449, 31, 0.1, 0.1, 0.0349116603, 0.348310657, -0.0349772417, 0.844860877, -0.534986073, 1.4402649e-005, 0.534986073, 0.844860877, -2.30825335e-005, 1.80599264e-007, 2.72067462e-005, 1, 0.844860852, -0.534986112, 1.51721065e-005, 0.534986112, 0.844860852, -1.50184039e-005, -4.78368133e-006, 2.08053278e-005, 1, 0, 0, 0, 0, 0, 0, 0, 0.345580566, -0.168595459, -0.22485354, -0.211870822, 0.458342077, -0.863082072, -0.935791016, 0.159301758, 0.314208984, 0.281482462, 0.874367147, 0.395376689, 0, 0, -0, 0, 0, 0, 0, 0.414829297, -0.111676074, -0.178335889, 0.308078239, 0.306940069, -0.900441035, 0.47265625, -0.870727539, -0.135131836, -0.825591215, -0.383837085, -0.413402984, 0, 1, 5, 1, 
281.167156, 31, 0.1, 0.1, 0.0349116582, 0.348310661, -0.034973814, 0.844860981, -0.534985909, -1.05056554e-005, 0.53498591, 0.844860981, 7.74494654e-006, 4.73238102e-006, -1.21637807e-005, 1, 0.844860957, -0.534985946, -1.06802638e-006, 0.534985946, 0.844860957, -6.19083023e-006, 4.21434096e-006, 4.65901166e-006, 1, 0, 0, 0, 0, 0, 0, 0, 0.345580566, -0.168595459, -0.22485354, -0.211870822, 0.458342077, -0.863082072, -0.935791016, 0.159301758, 0.314208984, 0.281482462, 0.874367147, 0.395376689, 0, 0, -0, 0, 0, 0, 0, 0.414829297, -0.111676074, -0.178335889, 0.308078239, 0.306940069, -0.900441035, 0.47265625, -0.870727539, -0.135131836, -0.825591215, -0.383837085, -0.413402984, 0, 1, 5, 1, 
281.167889, 31, 0.1, 0.1, 0.0349116603, 0.348310653, -0.0349689118, 0.844861179, -0.534985597, -2.17678266e-006, 0.534985597, 0.844861179, 8.30234647e-006, -2.60255662e-006, -8.17887759e-006, 1, 0.844861137, -0.534985663, -2.4624033e-006, 0.534985663, 0.844861137, 2.26779789e-005, -1.00520047e-005, -2.04770935e-005, 1, 0, 0, 0, 0, 0, 0, 0, 0.345580566, -0.168595459, -0.22485354, -0.211870822, 0.458342077, -0.863082072, -0.935791016, 0.159301758, 0.314208984, 0.281482462, 0.874367147, 0.395376689, 0, 0, -0, 0, 0, 0, 0, 0.414829297, -0.111676074, -0.178335889, 0.308078239, 0.306940069, -0.900441035, 0.47265625, -0.870727539, -0.135131836, -0.825591215, -0.383837085, -0.413402984, 0, 1, 5, 1, 
281.168619, 31, 0.1, 0.1, 0.03491166, 0.348310661, -0.0349641239, 0.844861371, -0.534985293, 8.25245055e-006, 0.534985293, 0.844861371, -1.08220092e-005, -1.18256094e-006, 1.35580372e-005, 1, 0.844861339, -0.534985343, 3.15454526e-006, 0.534985343, 0.844861339, -2.54594388e-005, 1.09552733e-005, 2.31973311e-005, 1, 0, 0, 0, 0, 0, 0, 0, 0.345483521, -0.170478442, -0.224665942, -0.213824988, 0.456387911, -0.863622752, -0.935058594, 0.16003418, 0.316040039, 0.282409931, 0.875294616, 0.392743302, 0, 0, -0, 0, 0, 0, 0, 0.415002734, -0.113143701, -0.177912109, 0.30734983, 0.305329766, -0.901188401, 0.47277832, -0.870849609, -0.133789062, -0.825667773, -0.384865534, -0.412131366, 0, 1, 5, 1, 
281.169319, 31, 0.1, 0.1, 0.0349116608, 0.34831066, -0.0349612455, 0.844861415, -0.534985223, 3.5955613e-006, 0.534985223, 0.844861415, -4.48384764e-006, -6.38958777e-007, 5.71180203e-006, 1, 0.844861415, -0.534985224, -7.8276096e-006, 0.534985224, 0.844861415, 3.02195155e-006, 4.9965459e-006, -6.74078574e-006, 1, 0, 0, 0, 0, 0, 0, 0, 0.345483521, -0.170478442, -0.224665942, -0.213824988, 0.456387911, -0.863622752, -0.935058594, 0.16003418, 0.316040039, 0.282409931, 0.875294616, 0.392743302, 0, 0, -0, 0, 0, 0, 0, 0.415002734, -0.113143701, -0.177912109, 0.30734983, 0.305329766, -0.901188401, 0.47277832, -0.870849609, -0.133789062, -0.825667773, -0.384865534, -0.412131366, 0, 1, 5, 1, 
281.170019, 31, 0.1, 0.1, 0.0349116604, 0.348310661, -0.034960985, 0.8448614, -0.534985248, -4.26408888e-006, 0.534985248, 0.8448614, -5.27167153e-006, 6.4228306e-006, 2.17260714e-006, 1, 0.84486141, -0.534985231, -5.92582204e-006, 0.534985231, 0.84486141, -5.56451013e-007, 5.30419144e-006, -2.70010329e-006, 1, 0, 0, 0, 0, 0, 0, 0, 0.345483521, -0.170478442, -0.224665942, -0.213824988, 0.456387911, -0.863622752, -0.935058594, 0.16003418, 0.316040039, 0.282409931, 0.875294616, 0.392743302, 0, 0, -0, 0, 0, 0, 0, 0.415002734, -0.113143701, -0.177912109, 0.30734983, 0.305329766, -0.901188401, 0.47277832, -0.870849609, -0.133789062, -0.825667773, -0.384865534, -0.412131366, 0, 1, 5, 1, 
281.170734, 31, 0.1, 0.1, 0.0349116582, 0.348310658, -0.034963236, 0.84486134, -0.534985342, 7.48398838e-006, 0.534985342, 0.84486134, -2.45329523e-006, -5.01045546e-006, 6.07651838e-006, 1, 0.84486135, -0.534985326, 9.30705319e-006, 0.534985326, 0.84486135, 1.2888211e-005, -1.47581733e-005, -5.90961443e-006, 1, 0, 0, 0, 0, 0, 0, 0, 0.345483521, -0.170478442, -0.224665942, -0.216269659, 0.455455572, -0.863559472, -0.935424805, 0.156494141, 0.316772461, 0.279460146, 0.87643102, 0.392362504, 0, 0, -0, 0, 0, 0, 0, 0.415002734, -0.113143701, -0.177912109, 0.30734983, 0.305329766, -0.901188401, 0.47277832, -0.870849609, -0.133789062, -0.825667773, -0.384865534, -0.412131366, 0, 1, 5, 1, 
281.171453, 31, 0.1, 0.1, 0.0349116615, 0.348310662, -0.034966867, 0.844861398, -0.534985251, -1.6430758e-006, 0.534985251, 0.844861398, -2.6817571e-006, 2.82287181e-006, 1.38669173e-006, 1, 0.844861378, -0.534985282, -1.34521929e-005, 0.534985282, 0.844861378, -5.57106564e-006, 1.43456764e-005, -2.48994703e-006, 1, 0, 0, 0, 0, 0, 0, 0, 0.346019336, -0.17029939, -0.224440625, -0.216269659, 0.455455572, -0.863559472, -0.935424805, 0.156494141, 0.316772461, 0.279460146, 0.87643102, 0.392362504, 0, 0, -0, 0, 0, 0, 0, 0.415365234, -0.112737012, -0.177480273, 0.305592971, 0.305993643, -0.901629164, 0.4765625, -0.868896484, -0.133300781, -0.824134029, -0.388846267, -0.411441235, 0, 1, 5, 1, 
281.172157, 31, 0.1, 0.1, 0.0349116553, 0.348310657, -0.0349708925, 0.844861459, -0.534985155, 1.13095543e-005, 0.534985154, 0.844861459, 1.67548889e-005, -1.85186234e-005, -8.10511617e-006, 1, 0.844861452, -0.534985164, 1.86860359e-005, 0.534985164, 0.844861453, 1.94546814e-005, -2.61950773e-005, -6.43975845e-006, 1, 0, 0, 0, 0, 0, 0, 0, 0.346019336, -0.17029939, -0.224440625, -0.216269659, 0.455455572, -0.863559472, -0.935424805, 0.156494141, 0.316772461, 0.279460146, 0.87643102, 0.392362504, 0, 0, -0, 0, 0, 0, 0, 0.415365234, -0.112737012, -0.177480273, 0.305592971, 0.305993643, -0.901629164, 0.4765625, -0.868896484, -0.133300781, -0.824134029, -0.388846267, -0.411441235, 0, 1, 5, 1, 
281.172859, 31, 0.1, 0.1, 0.0349116601, 0.348310661, -0.0349742103, 0.844861468, -0.53498514, -2.52778366e-005, 0.53498514, 0.844861468, -1.59313993e-005, 2.9879332e-005, -6.34414982e-008, 1, 0.84486146, -0.534985152, -2.18236497e-005, 0.534985151, 0.844861461, -2.03861726e-005, 2.93442602e-005, 5.54816302e-006, 1, 0, 0, 0, 0, 0, 0, 0, 0.346019336, -0.17029939, -0.224440625, -0.216269659, 0.455455572, -0.863559472, -0.935424805, 0.156494141, 0.316772461, 0.279460146, 0.87643102, 0.392362504, 0, 0, -0, 0, 0, 0, 0, 0.415365234, -0.112737012, -0.177480273, 0.305592971, 0.305993643, -0.901629164, 0.4765625, -0.868896484, -0.133300781, -0.824134029, -0.388846267, -0.411441235, 0, 1, 5, 1, 
281.173562, 31, 0.1, 0.1, 0.0349116607, 0.348310661, -0.034975931, 0.844861504, -0.534985083, 1.87849525e-005, 0.534985083, 0.844861504, 1.93453154e-005, -2.62201384e-005, -6.29444289e-006, 1, 0.844861498, -0.534985092, 9.40030562e-006, 0.534985092, 0.844861498, 1.19289469e-005, -1.4323765e-005, -5.04928458e-006, 1, 0, 0, 0, 0, 0, 0, 0, 0.346019336, -0.17029939, -0.224440625, -0.216269659, 0.455455572, -0.863559472, -0.935424805, 0.156494141, 0.316772461, 0.279460146, 0.87643102, 0.392362504, 0, 0, -0, 0, 0, 0, 0, 0.415365234, -0.112737012, -0.177480273, 0.305592971, 0.305993643, -0.901629164, 0.4765625, -0.868896484, -0.133300781, -0.824134029, -0.388846267, -0.411441235, 0, 1, 5, 1, 
281.174262, 31, 0.1, 0.1, 0.0349116526, 0.348310656, -0.0349756573, 0.84486159, -0.534984946, 7.54126926e-006, 0.534984946, 0.844861591, 7.3243281e-006, -1.0289734e-005, -2.15357795e-006, 1, 0.844861567, -0.534984983, 2.14341978e-005, 0.534984983, 0.844861567, 8.9906135e-006, -2.29187731e-005, 3.87115012e-006, 1, 0, 0, 0, 0, 0, 0, 0, 0.346019336, -0.17029939, -0.224440625, -0.216269659, 0.455455572, -0.863559472, -0.935424805, 0.156494141, 0.316772461, 0.279460146, 0.87643102, 0.392362504, 0, 0, -0, 0, 0, 0, 0, 0.415365234, -0.112737012, -0.177480273, 0.305592971, 0.305993643, -0.901629164, 0.4765625, -0.868896484, -0.133300781, -0.824134029, -0.388846267, -0.411441235, 0, 1, 5, 1, 
281.174962, 31, 0.1, 0.1, 0.0349116575, 0.348310661, -0.034973609, 0.8448616, -0.534984931, -1.33141799e-005, 0.534984931, 0.8448616, -1.65373494e-005, 2.0095872e-005, 6.84888588e-006, 1, 0.844861604, -0.534984925, -1.5917599e-005, 0.534984924, 0.844861604, -2.08217363e-005, 2.45874833e-005, 9.07581005e-006, 1, 0, 0, 0, 0, 0, 0, 0, 0.346019336, -0.17029939, -0.224440625, -0.216269659, 0.455455572, -0.863559472, -0.935424805, 0.156494141, 0.316772461, 0.279460146, 0.87643102, 0.392362504, 0, 0, -0, 0, 0, 0, 0, 0.415365234, -0.112737012, -0.177480273, 0.305592971, 0.305993643, -0.901629164, 0.4765625, -0.868896484, -0.133300781, -0.824134029, -0.388846267, -0.411441235, 0, 1, 5, 1, 
281.17569, 31, 0.1, 0.1, 0.0349116553, 0.34831066, -0.0349702567, 0.844861621, -0.534984899, 1.16744944e-005, 0.534984899, 0.844861621, 3.84714728e-006, -1.19214979e-005, 2.99537111e-006, 1, 0.844861614, -0.53498491, 1.23752173e-005, 0.53498491, 0.844861614, 8.70208976e-006, -1.51108327e-005, -7.31507095e-007, 1, 0, 0, 0, 0, 0, 0, 0, 0.345819507, -0.16959646, -0.22504126, -0.220090746, 0.456096601, -0.862239222, -0.934936523, 0.153320312, 0.319824219, 0.277964284, 0.876576675, 0.392894948, 0, 0, -0, 0, 0, 0, 0, 0.415365234, -0.112737012, -0.177480273, 0.301171474, 0.307903619, -0.902395487, 0.479614258, -0.866821289, -0.135742187, -0.824107776, -0.391836831, -0.408821439, 0, 1, 5, 1, 
281.176393, 31, 0.1, 0.1, 0.0349116592, 0.348310661, -0.0349667377, 0.844861663, -0.534984831, -8.19628098e-006, 0.534984831, 0.844861663, -1.10776045e-005, 1.2851074e-005, 4.9741574e-006, 1, 0.844861659, -0.534984838, -1.79193305e-005, 0.534984838, 0.844861659, -5.97367357e-006, 1.83351801e-005, -4.53964235e-006, 1, 0, 0, 0, 0, 0, 0, 0, 0.345819507, -0.16959646, -0.22504126, -0.220090746, 0.456096601, -0.862239222, -0.934936523, 0.153320312, 0.319824219, 0.277964284, 0.876576675, 0.392894948, 0, 0, -0, 0, 0, 0, 0, 0.41485, -0.112003809, -0.178145605, 0.301171474, 0.307903619, -0.902395487, 0.479614258, -0.866821289, -0.135742187, -0.824107776, -0.391836831, -0.408821439, 0, 1, 5, 1, 
281.177101, 31, 0.1, 0.1, 0.0349116536, 0.348310658, -0.0349641852, 0.844861585, -0.534984954, 1.89429144e-005, 0.534984954, 0.844861586, 1.56255407e-005, -2.43635699e-005, -3.06724493e-006, 1, 0.844861606, -0.534984922, 2.06932666e-005, 0.534984921, 0.844861606, 2.11006239e-005, -2.87714621e-005, -6.75652145e-006, 1, 0, 0, 0, 0, 0, 0, 0, 0.345819507, -0.16959646, -0.22504126, -0.220090746, 0.456096601, -0.862239222, -0.934936523, 0.153320312, 0.319824219, 0.277964284, 0.876576675, 0.392894948, 0, 0, -0, 0, 0, 0, 0, 0.41485, -0.112003809, -0.178145605, 0.301171474, 0.307903619, -0.902395487, 0.479614258, -0.866821289, -0.135742187, -0.824107776, -0.391836831, -0.408821439, 0, 1, 5, 1, 
281.177805, 31, 0.1, 0.1, 0.0349116552, 0.34831066, -0.034963332, 0.844861567, -0.534984983, -1.50138579e-005, 0.534984984, 0.844861567, -1.09149852e-006, 1.32685668e-005, -7.11002338e-006, 1, 0.844861558, -0.534984997, -1.67090021e-005, 0.534984997, 0.844861558, -5.89445614e-006, 1.72702392e-005, -3.95906605e-006, 1, 0, 0, 0, 0, 0, 0, 0, 0.345819507, -0.16959646, -0.22504126, -0.220090746, 0.456096601, -0.862239222, -0.934936523, 0.153320312, 0.319824219, 0.277964284, 0.876576675, 0.392894948, 0, 0, -0, 0, 0, 0, 0, 0.41485, -0.112003809, -0.178145605, 0.301171474, 0.307903619, -0.902395487, 0.479614258, -0.866821289, -0.135742187, -0.824107776, -0.391836831, -0.408821439, 0, 1, 5, 1, 
281.178507, 31, 0.1, 0.1, 0.0349116499, 0.348310658, -0.0349643453, 0.844861623, -0.534984895, 1.57331931e-005, 0.534984895, 0.844861623, 1.35129241e-005, -2.05215813e-005, -2.99953034e-006, 1, 0.844861616, -0.534984905, 2.48749093e-005, 0.534984905, 0.844861617, 8.29419156e-006, -2.54531234e-005, 6.3002569e-006, 1, 0, 0, 0, 0, 0, 0, 0, 0.345819507, -0.16959646, -0.22504126, -0.220090746, 0.456096601, -0.862239222, -0.934936523, 0.153320312, 0.319824219, 0.277964284, 0.876576675, 0.392894948, 0, 0, -0, 0, 0, 0, 0, 0.41485, -0.112003809, -0.178145605, 0.301171474, 0.307903619, -0.902395487, 0.479614258, -0.866821289, -0.135742187, -0.824107776, -0.391836831, -0.408821439, 0, 1, 5, 1, 
281.179211, 31, 0.1, 0.1, 0.0349116526, 0.348310661, -0.0349667788, 0.84486156, -0.534984994, -1.13667354e-005, 0.534984994, 0.84486156, -1.63469658e-005, 1.83486992e-005, 7.72989013e-006, 1, 0.844861578, -0.534984966, -1.25004613e-005, 0.534984966, 0.844861578, -2.03110937e-005, 2.14272892e-005, 1.04725038e-005, 1, 0, 0, 0, 0, 0, 0, 0, 0.345819507, -0.16959646, -0.22504126, -0.220090746, 0.456096601, -0.862239222, -0.934936523, 0.153320312, 0.319824219, 0.277964284, 0.876576675, 0.392894948, 0, 0, -0, 0, 0, 0, 0, 0.41485, -0.112003809, -0.178145605, 0.301171474, 0.307903619, -0.902395487, 0.479614258, -0.866821289, -0.135742187, -0.824107776, -0.391836831, -0.408821439, 0, 1, 5, 1, 
281.179926, 31, 0.1, 0.1, 0.0349116504, 0.34831066, -0.0349697265, 0.844861527, -0.534985047, 1.16986433e-005, 0.534985047, 0.844861527, 6.24560749e-006, -1.32250403e-005, 9.8192577e-007, 1, 0.84486153, -0.534985042, 1.30946128e-005, 0.534985042, 0.84486153, 1.08131791e-005, -1.68480236e-005, -2.13021709e-006, 1, 0, 0, 0, 0, 0, 0, 0, 0.345819507, -0.16959646, -0.22504126, -0.220090746, 0.456096601, -0.862239222, -0.934936523, 0.153320312, 0.319824219, 0.277964284, 0.876576675, 0.392894948, 0, 0, -0, 0, 0, 0, 0, 0.41485, -0.112003809, -0.178145605, 0.301171474, 0.307903619, -0.902395487, 0.479614258, -0.866821289, -0.135742187, -0.824107776, -0.391836831, -0.408821439, 0, 1, 5, 1, 
281.180658, 31, 0.1, 0.1, 0.0349116551, 0.348310661, -0.0349721644, 0.844861531, -0.53498504, -2.01483521e-005, 0.53498504, 0.844861531, -2.41954281e-006, 1.83169868e-005, -8.73488831e-006, 1, 0.844861524, -0.534985051, -2.20165023e-005, 0.534985051, 0.844861524, -5.47244813e-006, 2.15285736e-005, -7.15503871e-006, 1, 0, 0, 0, 0, 0, 0, 0, 0.3454073, -0.169132397, -0.225427441, -0.223689795, 0.45641412, -0.861077731, -0.934570312, 0.150024414, 0.322387695, 0.276309663, 0.877020752, 0.393205354, 0, 0, -0, 0, 0, 0, 0, 0.414181104, -0.111793018, -0.178827539, 0.297880872, 0.308363339, -0.903404613, 0.481201172, -0.865844727, -0.13684082, -0.82433089, -0.393875139, -0.406227163, 0, 1, 5, 1, 
281.181357, 31, 0.1, 0.1, 0.0349116534, 0.348310661, -0.0349733978, 0.844861573, -0.534984974, 7.3656136e-006, 0.534984974, 0.844861573, 7.67736806e-006, -1.03302004e-005, -2.54582066e-006, 1, 0.844861568, -0.534984981, 1.29484824e-005, 0.534984981, 0.844861568, 3.81485194e-006, -1.29805636e-005, 3.70422179e-006, 1, 0, 0, 0, 0, 0, 0, 0, 0.3454073, -0.169132397, -0.225427441, -0.223689795, 0.45641412, -0.861077731, -0.934570312, 0.150024414, 0.322387695, 0.276309663, 0.877020752, 0.393205354, 0, 0, -0, 0, 0, 0, 0, 0.414181104, -0.111793018, -0.178827539, 0.297880872, 0.308363339, -0.903404613, 0.481201172, -0.865844727, -0.13684082, -0.82433089, -0.393875139, -0.406227163, 0, 1, 5, 1, 
281.182063, 31, 0.1, 0.1, 0.0349116557, 0.348310664, -0.03497334, 0.844861528, -0.534985044, -6.30299757e-006, 0.534985044, 0.844861528, -1.39953893e-005, 1.28124841e-005, 8.45215654e-006, 1, 0.844861542, -0.534985023, -8.6690807e-006, 0.534985022, 0.844861542, -1.76938797e-005, 1.67901335e-005, 1.03110502e-005, 1, 0, 0, 0, 0, 0, 0, 0, 0.3454073, -0.169132397, -0.225427441, -0.223689795, 0.45641412, -0.861077731, -0.934570312, 0.150024414, 0.322387695, 0.276309663, 0.877020752, 0.393205354, 0, 0, -0, 0, 0, 0, 0, 0.414181104, -0.111793018, -0.178827539, 0.297880872, 0.308363339, -0.903404613, 0.481201172, -0.865844727, -0.13684082, -0.82433089, -0.393875139, -0.406227163, 0, 1, 5, 1, 
281.182805, 31, 0.1, 0.1, 0.0349116538, 0.348310658, -0.0349717319, 0.844861455, -0.53498516, 8.15673538e-006, 0.534985159, 0.844861455, 2.02465658e-005, -1.77229236e-005, -1.27418107e-005, 1, 0.844861467, -0.534985141, 8.81448134e-006, 0.53498514, 0.844861467, 2.57663231e-005, -2.12316156e-005, -1.7053357e-005, 1, 0, 0, 0, 0, 0, 0, 0, 0.3454073, -0.169132397, -0.225427441, -0.223689795, 0.45641412, -0.861077731, -0.934570312, 0.150024414, 0.322387695, 0.276309663, 0.877020752, 0.393205354, 0, 0, -0, 0, 0, 0, 0, 0.414181104, -0.111793018, -0.178827539, 0.297880872, 0.308363339, -0.903404613, 0.481201172, -0.865844727, -0.13684082, -0.82433089, -0.393875139, -0.406227163, 0, 1, 5, 1, 
281.183556, 31, 0.1, 0.1, 0.0349116539, 0.348310664, -0.0349689416, 0.844861399, -0.534985248, -2.55699778e-006, 0.534985248, 0.844861399, -2.1344395e-005, 1.35792452e-005, 1.66650994e-005, 1, 0.844861411, -0.53498523, -2.95595412e-006, 0.53498523, 0.84486141, -2.78266695e-005, 1.73842288e-005, 2.19282875e-005, 1, 0, 0, 0, 0, 0, 0, 0, 0.3454073, -0.169132397, -0.225427441, -0.223689795, 0.45641412, -0.861077731, -0.934570312, 0.150024414, 0.322387695, 0.276309663, 0.877020752, 0.393205354, 0, 0, -0, 0, 0, 0, 0, 0.414245166, -0.111755664, -0.179273535, 0.2954018, 0.309551469, -0.903775014, 0.483154297, -0.864501953, -0.138183594, -0.82410048, -0.395836887, -0.405038667, 0, 1, 5, 1, 
281.184261, 31, 0.1, 0.1, 0.034911653, 0.348310659, -0.0349662217, 0.844861362, -0.534985308, 2.97925729e-006, 0.534985307, 0.844861362, 2.10069599e-005, -1.37554743e-005, -1.61541099e-005, 1, 0.844861369, -0.534985296, 4.53742254e-006, 0.534985295, 0.844861369, 2.71489227e-005, -1.83577674e-005, -2.05096216e-005, 1, 0, 0, 0, 0, 0, 0, 0, 0.3454073, -0.169132397, -0.225427441, -0.223689795, 0.45641412, -0.861077731, -0.934570312, 0.150024414, 0.322387695, 0.276309663, 0.877020752, 0.393205354, 0, 0, -0, 0, 0, 0, 0, 0.414245166, -0.111755664, -0.179273535, 0.2954018, 0.309551469, -0.903775014, 0.483154297, -0.864501953, -0.138183594, -0.82410048, -0.395836887, -0.405038667, 0, 1, 5, 1, 
281.184968, 31, 0.1, 0.1, 0.0349116548, 0.348310666, -0.0349645465, 0.844861325, -0.534985366, -5.21620822e-006, 0.534985366, 0.844861324, -2.79274715e-005, 1.93477611e-005, 2.08042455e-005, 1, 0.844861333, -0.534985353, -7.66789908e-006, 0.534985353, 0.844861332, -3.34559087e-005, 2.43767326e-005, 2.41633899e-005, 0.999999999, 0, 0, 0, 0, 0, 0, 0, 0.3454073, -0.169132397, -0.225427441, -0.223689795, 0.45641412, -0.861077731, -0.934570312, 0.150024414, 0.322387695, 0.276309663, 0.877020752, 0.393205354, 0, 0, -0, 0, 0, 0, 0, 0.414245166, -0.111755664, -0.179273535, 0.2954018, 0.309551469, -0.903775014, 0.483154297, -0.864501953, -0.138183594, -0.82410048, -0.395836887, -0.405038667, 0, 1, 5, 1, 
281.18569, 31, 0.1, 0.1, 0.0349116528, 0.348310661, -0.0349642218, 0.844861282, -0.534985434, 7.42622063e-006, 0.534985434, 0.844861282, 2.25023467e-005, -1.8312554e-005, -1.50384416e-005, 1, 0.84486129, -0.534985421, 9.06443501e-006, 0.534985421, 0.84486129, 2.79702651e-005, -2.26218743e-005, -1.87816537e-005, 1, 0, 0, 0, 0, 0, 0, 0, 0.345487109, -0.168868506, -0.225816431, -0.226337408, 0.457194813, -0.860023703, -0.934692383, 0.146118164, 0.323730469, 0.273639205, 0.877267879, 0.394397924, 0, 0, -0, 0, 0, 0, 0, 0.414245166, -0.111755664, -0.179273535, 0.2954018, 0.309551469, -0.903775014, 0.483154297, -0.864501953, -0.138183594, -0.82410048, -0.395836887, -0.405038667, 0, 1, 5, 1, 
281.186395, 31, 0.1, 0.1, 0.0349116542, 0.348310667, -0.0349653064, 0.844861242, -0.534985496, -6.470391e-006, 0.534985496, 0.844861242, -2.523009e-005, 1.89643148e-005, 1.78543599e-005, 1, 0.844861249, -0.534985485, -7.55440429e-006, 0.534985485, 0.844861249, -3.06311658e-005, 2.27696525e-005, 2.18375883e-005, 1, 0, 0, 0, 0, 0, 0, 0, 0.345487109, -0.168868506, -0.225816431, -0.226337408, 0.457194813, -0.860023703, -0.934692383, 0.146118164, 0.323730469, 0.273639205, 0.877267879, 0.394397924, 0, 0, -0, 0, 0, 0, 0, 0.414245166, -0.111755664, -0.179273535, 0.2954018, 0.309551469, -0.903775014, 0.483154297, -0.864501953, -0.138183594, -0.82410048, -0.395836887, -0.405038667, 0, 1, 5, 1, 
281.187104, 31, 0.1, 0.1, 0.034911653, 0.348310662, -0.0349673969, 0.844861209, -0.534985549, 5.39972424e-006, 0.534985549, 0.844861209, 2.3258108e-005, -1.70047693e-005, -1.67610988e-005, 1, 0.844861215, -0.53498554, 6.64201127e-006, 0.534985539, 0.844861215, 2.77913391e-005, -2.04795423e-005, -1.99264445e-005, 1, 0, 0, 0, 0, 0, 0, 0, 0.345487109, -0.168868506, -0.225816431, -0.226337408, 0.457194813, -0.860023703, -0.934692383, 0.146118164, 0.323730469, 0.273639205, 0.877267879, 0.394397924, 0, 0, -0, 0, 0, 0, 0, 0.414245166, -0.111755664, -0.179273535, 0.2954018, 0.309551469, -0.903775014, 0.483154297, -0.864501953, -0.138183594, -0.82410048, -0.395836887, -0.405038667, 0, 1, 5, 1, 
281.187811, 31, 0.1, 0.1, 0.0349116543, 0.348310667, -0.0349698803, 0.844861177, -0.5349856, -4.96857477e-006, 0.534985599, 0.844861177, -2.02883363e-005, 1.50517237e-005, 1.44827117e-005, 1, 0.844861183, -0.53498559, -6.34470653e-006, 0.53498559, 0.844861183, -2.45778791e-005, 1.85092074e-005, 1.73705694e-005, 1, 0, 0, 0, 0, 0, 0, 0, 0.345487109, -0.168868506, -0.225816431, -0.226337408, 0.457194813, -0.860023703, -0.934692383, 0.146118164, 0.323730469, 0.273639205, 0.877267879, 0.394397924, 0, 0, -0, 0, 0, 0, 0, 0.414245166, -0.111755664, -0.179273535, 0.2954018, 0.309551469, -0.903775014, 0.483154297, -0.864501953, -0.138183594, -0.82410048, -0.395836887, -0.405038667, 0, 1, 5, 1, 
281.188545, 31, 0.1, 0.1, 0.0349116528, 0.348310662, -0.0349717708, 0.844861143, -0.534985653, 5.66154109e-006, 0.534985653, 0.844861143, 2.10746782e-005, -1.60578666e-005, -1.47763335e-005, 1, 0.844861149, -0.534985643, 6.97065474e-006, 0.534985643, 0.844861149, 2.54341031e-005, -1.94961154e-005, -1.77590854e-005, 1, 0, 0, 0, 0, 0, 0, 0, 0.34590332, -0.168824438, -0.225785425, -0.226801704, 0.458057881, -0.859515224, -0.935302734, 0.143554687, 0.323364258, 0.271488088, 0.877254774, 0.396047676, 0, 0, -0, 0, 0, 0, 0, 0.414405664, -0.111713184, -0.179716602, 0.294219867, 0.310701319, -0.903800534, 0.485107422, -0.86328125, -0.138916016, -0.823365507, -0.397434431, -0.404795864, 0, 1, 5, 1, 
281.189246, 31, 0.1, 0.1, 0.0349116539, 0.348310665, -0.0349726358, 0.844861111, -0.534985703, -4.9101364e-006, 0.534985703, 0.844861111, -1.66631027e-005, 1.3062905e-005, 1.14511547e-005, 1, 0.844861117, -0.534985694, -5.85088821e-006, 0.534985694, 0.844861117, -2.07702517e-005, 1.60549755e-005, 1.44178365e-005, 1, 0, 0, 0, 0, 0, 0, 0, 0.34590332, -0.168824438, -0.225785425, -0.226801704, 0.458057881, -0.859515224, -0.935302734, 0.143554687, 0.323364258, 0.271488088, 0.877254774, 0.396047676, 0, 0, -0, 0, 0, 0, 0, 0.414405664, -0.111713184, -0.179716602, 0.294219867, 0.310701319, -0.903800534, 0.485107422, -0.86328125, -0.138916016, -0.823365507, -0.397434431, -0.404795864, 0, 1, 5, 1, 
281.189955, 31, 0.1, 0.1, 0.0349116529, 0.34831066, -0.0349723968, 0.844861084, -0.534985746, 5.27912025e-006, 0.534985746, 0.844861084, 1.91394467e-005, -1.46994545e-005, -1.33459196e-005, 1, 0.844861089, -0.534985739, 5.99333618e-006, 0.534985739, 0.844861088, 2.39599881e-005, -1.78817885e-005, -1.70365122e-005, 1, 0, 0, 0, 0, 0, 0, 0, 0.34590332, -0.168824438, -0.225785425, -0.226801704, 0.458057881, -0.859515224, -0.935302734, 0.143554687, 0.323364258, 0.271488088, 0.877254774, 0.396047676, 0, 0, -0, 0, 0, 0, 0, 0.414405664, -0.111713184, -0.179716602, 0.294219867, 0.310701319, -0.903800534, 0.485107422, -0.86328125, -0.138916016, -0.823365507, -0.397434431, -0.404795864, 0, 1, 5, 1, 
281.190662, 31, 0.1, 0.1, 0.0349116538, 0.348310665, -0.0349712187, 0.844861065, -0.534985776, -4.64652942e-006, 0.534985775, 0.844861065, -1.93131793e-005, 1.4257948e-005, 1.38311261e-005, 1, 0.844861068, -0.534985771, -4.98134538e-006, 0.534985771, 0.844861068, -2.40684506e-005, 1.70848234e-005, 1.7669548e-005, 1, 0, 0, 0, 0, 0, 0, 0, 0.34590332, -0.168824438, -0.225785425, -0.226801704, 0.458057881, -0.859515224, -0.935302734, 0.143554687, 0.323364258, 0.271488088, 0.877254774, 0.396047676, 0, 0, -0, 0, 0, 0, 0, 0.414405664, -0.111713184, -0.179716602, 0.294219867, 0.310701319, -0.903800534, 0.485107422, -0.86328125, -0.138916016, -0.823365507, -0.397434431, -0.404795864, 0, 1, 5, 1, 
281.191366, 31, 0.1, 0.1, 0.034911653, 0.348310661, -0.0349695113, 0.844861055, -0.534985792, 3.71282548e-006, 0.534985792, 0.844861055, 1.91567556e-005, -1.33854137e-005, -1.41984879e-005, 1, 0.844861057, -0.534985789, 4.46228046e-006, 0.534985789, 0.844861056, 2.46431212e-005, -1.69537266e-005, -1.84327568e-005, 1, 0, 0, 0, 0, 0, 0, 0, 0.34590332, -0.168824438, -0.225785425, -0.226801704, 0.458057881, -0.859515224, -0.935302734, 0.143554687, 0.323364258, 0.271488088, 0.877254774, 0.396047676, 0, 0, -0, 0, 0, 0, 0, 0.414405664, -0.111713184, -0.179716602, 0.294219867, 0.310701319, -0.903800534, 0.485107422, -0.86328125, -0.138916016, -0.823365507, -0.397434431, -0.404795864, 0, 1, 5, 1, 
281.192074, 31, 0.1, 0.1, 0.0349116542, 0.348310667, -0.0349677645, 0.844861051, -0.534985798, -4.66168608e-006, 0.534985798, 0.844861051, -2.40819277e-005, 1.68219663e-005, 1.78519469e-005, 1, 0.844861052, -0.534985797, -5.49491178e-006, 0.534985797, 0.844861052, -2.95011872e-005, 2.04251531e-005, 2.19847043e-005, 1, 0, 0, 0, 0, 0, 0, 0, 0.34590332, -0.168824438, -0.225785425, -0.226801704, 0.458057881, -0.859515224, -0.935302734, 0.143554687, 0.323364258, 0.271488088, 0.877254774, 0.396047676, 0, 0, -0, 0, 0, 0, 0, 0.414405664, -0.111713184, -0.179716602, 0.294219867, 0.310701319, -0.903800534, 0.485107422, -0.86328125, -0.138916016, -0.823365507, -0.397434431, -0.404795864, 0, 1, 5, 1, 
281.192776, 31, 0.1, 0.1, 0.0349116534, 0.348310662, -0.0349666074, 0.844861052, -0.534985797, 3.31881914e-006, 0.534985796, 0.844861052, 2.13611276e-005, -1.42318409e-005, -1.62716636e-005, 1, 0.844861052, -0.534985797, 4.40585848e-006, 0.534985796, 0.844861052, 2.67152051e-005, -1.80145935e-005, -2.02135646e-005, 1, 0, 0, 0, 0, 0, 0, 0, 0.34590332, -0.168824438, -0.225785425, -0.226801704, 0.458057881, -0.859515224, -0.935302734, 0.143554687, 0.323364258, 0.271488088, 0.877254774, 0.396047676, 0, 0, -0, 0, 0, 0, 0, 0.414405664, -0.111713184, -0.179716602, 0.294219867, 0.310701319, -0.903800534, 0.485107422, -0.86328125, -0.138916016, -0.823365507, -0.397434431, -0.404795864, 0, 1, 5, 1, 
281.193514, 31, 0.1, 0.1, 0.0349116551, 0.348310669, -0.0349660021, 0.844861054, -0.534985794, -5.59405725e-006, 0.534985794, 0.844861053, -2.57427299e-005, 1.84981959e-005, 1.87562888e-005, 1, 0.844861053, -0.534985795, -6.77161968e-006, 0.534985794, 0.844861053, -3.18335911e-005, 2.27515968e-005, 2.3272241e-005, 0.999999999, 0, 0, 0, 0, 0, 0, 0, 0.346321484, -0.169234302, -0.225976929, -0.227271991, 0.458781285, -0.858962562, -0.935546875, 0.141723633, 0.323242188, 0.270079471, 0.877140198, 0.397196062, 0, 0, -0, 0, 0, 0, 0, 0.414552734, -0.111907129, -0.179933008, 0.292954812, 0.311582847, -0.903851573, 0.486572266, -0.862304688, -0.139526367, -0.823007499, -0.398814691, -0.404310257, 0, 1, 5, 1, 
281.194216, 31, 0.1, 0.1, 0.0349116541, 0.348310664, -0.0349662801, 0.844861057, -0.534985789, 4.96871901e-006, 0.534985788, 0.844861057, 2.28277132e-005, -1.64103793e-005, -1.66280518e-005, 1, 0.844861056, -0.53498579, 5.5735095e-006, 0.53498579, 0.844861056, 2.78046889e-005, -1.95839546e-005, -2.05093504e-005, 1, 0, 0, 0, 0, 0, 0, 0, 0.346321484, -0.169234302, -0.225976929, -0.227271991, 0.458781285, -0.858962562, -0.935546875, 0.141723633, 0.323242188, 0.270079471, 0.877140198, 0.397196062, 0, 0, -0, 0, 0, 0, 0, 0.414552734, -0.111907129, -0.179933008, 0.292954812, 0.311582847, -0.903851573, 0.486572266, -0.862304688, -0.139526367, -0.823007499, -0.398814691, -0.404310257, 0, 1, 5, 1, 
281.194931, 31, 0.1, 0.1, 0.034911655, 0.34831067, -0.034967324, 0.844861066, -0.534985774, -3.86353191e-006, 0.534985774, 0.844861066, -2.33663713e-005, 1.57648239e-005, 1.76744028e-005, 1, 0.844861064, -0.534985777, -4.71985403e-006, 0.534985777, 0.844861064, -2.87563606e-005, 1.93718648e-005, 2.17700746e-005, 1, 0, 0, 0, 0, 0, 0, 0, 0.346321484, -0.169234302, -0.225976929, -0.227271991, 0.458781285, -0.858962562, -0.935546875, 0.141723633, 0.323242188, 0.270079471, 0.877140198, 0.397196062, 0, 0, -0, 0, 0, 0, 0, 0.414552734, -0.111907129, -0.179933008, 0.292954812, 0.311582847, -0.903851573, 0.486572266, -0.862304688, -0.139526367, -0.823007499, -0.398814691, -0.404310257, 0, 1, 5, 1, 
281.195638, 31, 0.1, 0.1, 0.0349116539, 0.348310664, -0.0349688206, 0.844861078, -0.534985756, 4.46099119e-006, 0.534985756, 0.844861078, 2.29421661e-005, -1.60426499e-005, -1.69963764e-005, 1, 0.844861076, -0.534985759, 5.31177253e-006, 0.534985759, 0.844861076, 2.73497565e-005, -1.91194401e-005, -2.02650221e-005, 1, 0, 0, 0, 0, 0, 0, 0, 0.346321484, -0.169234302, -0.225976929, -0.227271991, 0.458781285, -0.858962562, -0.935546875, 0.141723633, 0.323242188, 0.270079471, 0.877140198, 0.397196062, 0, 0, -0, 0, 0, 0, 0, 0.414552734, -0.111907129, -0.179933008, 0.292954812, 0.311582847, -0.903851573, 0.486572266, -0.862304688, -0.139526367, -0.823007499, -0.398814691, -0.404310257, 0, 1, 5, 1, 
281.196367, 31, 0.1, 0.1, 0.0349116548, 0.348310669, -0.0349700828, 0.844861091, -0.534985736, -3.90889702e-006, 0.534985736, 0.84486109, -1.98872236e-005, 1.3941856e-005, 1.47107373e-005, 1, 0.844861088, -0.53498574, -4.74405291e-006, 0.534985739, 0.844861088, -2.47415234e-005, 1.72444279e-005, 1.83651498e-005, 1, 0, 0, 0, 0, 0, 0, 0, 0.346046606, -0.170116406, -0.2259552, -0.228343993, 0.459003324, -0.858518484, -0.934936523, 0.142089844, 0.324707031, 0.271114403, 0.876981439, 0.396878543, 0, 0, -0, 0, 0, 0, 0, 0.414208154, -0.112838428, -0.180387061, 0.291293469, 0.31113552, -0.904528577, 0.486450195, -0.862304688, -0.139892578, -0.823550341, -0.399229935, -0.402540273, 0, 1, 5, 1, 
281.197077, 31, 0.1, 0.1, 0.0349116539, 0.348310664, -0.0349708303, 0.844861105, -0.534985714, 4.32244767e-006, 0.534985713, 0.844861105, 2.21502319e-005, -1.55019255e-005, -1.64014216e-005, 1, 0.844861102, -0.534985718, 5.02405549e-006, 0.534985718, 0.844861102, 2.66658545e-005, -1.85104804e-005, -1.98411453e-005, 1, 0, 0, 0, 0, 0, 0, 0, 0.346046606, -0.170116406, -0.2259552, -0.228343993, 0.459003324, -0.858518484, -0.934936523, 0.142089844, 0.324707031, 0.271114403, 0.876981439, 0.396878543, 0, 0, -0, 0, 0, 0, 0, 0.414208154, -0.112838428, -0.180387061, 0.291293469, 0.31113552, -0.904528577, 0.486450195, -0.862304688, -0.139892578, -0.823550341, -0.399229935, -0.402540273, 0, 1, 5, 1, 
281.197784, 31, 0.1, 0.1, 0.0349116545, 0.348310668, -0.0349710235, 0.84486112, -0.534985689, -2.62732974e-006, 0.534985689, 0.84486112, -1.78214952e-005, 1.17539736e-005, 1.36511046e-005, 1, 0.844861117, -0.534985693, -3.58651242e-006, 0.534985693, 0.844861117, -2.23709967e-005, 1.4998268e-005, 1.69816524e-005, 1, 0, 0, 0, 0, 0, 0, 0, 0.346046606, -0.170116406, -0.2259552, -0.228343993, 0.459003324, -0.858518484, -0.934936523, 0.142089844, 0.324707031, 0.271114403, 0.876981439, 0.396878543, 0, 0, -0, 0, 0, 0, 0, 0.414208154, -0.112838428, -0.180387061, 0.291293469, 0.31113552, -0.904528577, 0.486450195, -0.862304688, -0.139892578, -0.823550341, -0.399229935, -0.402540273, 0, 1, 5, 1, 
281.198503, 31, 0.1, 0.1, 0.0349116533, 0.348310662, -0.0349706506, 0.844861133, -0.534985669, 3.67066635e-006, 0.534985669, 0.844861133, 2.11249793e-005, -1.44027645e-005, -1.58839201e-005, 1, 0.844861131, -0.534985672, 5.26928611e-006, 0.534985672, 0.844861131, 2.62475476e-005, -1.84938769e-005, -1.93565402e-005, 1, 0, 0, 0, 0, 0, 0, 0, 0.346046606, -0.170116406, -0.2259552, -0.228343993, 0.459003324, -0.858518484, -0.934936523, 0.142089844, 0.324707031, 0.271114403, 0.876981439, 0.396878543, 0, 0, -0, 0, 0, 0, 0, 0.414208154, -0.112838428, -0.180387061, 0.291293469, 0.31113552, -0.904528577, 0.486450195, -0.862304688, -0.139892578, -0.823550341, -0.399229935, -0.402540273, 0, 1, 5, 1, 
281.199229, 31, 0.1, 0.1, 0.0349116547, 0.348310667, -0.034969576, 0.844861139, -0.53498566, -4.24356954e-006, 0.53498566, 0.844861138, -2.00641124e-005, 1.43192394e-005, 1.468114e-005, 1, 0.844861138, -0.534985661, -6.25603472e-006, 0.53498566, 0.844861138, -2.53134023e-005, 1.88277879e-005, 1.80394211e-005, 1, 0, 0, 0, 0, 0, 0, 0, 0.346046606, -0.170116406, -0.2259552, -0.228343993, 0.459003324, -0.858518484, -0.934936523, 0.142089844, 0.324707031, 0.271114403, 0.876981439, 0.396878543, 0, 0, -0, 0, 0, 0, 0, 0.414208154, -0.112838428, -0.180387061, 0.291293469, 0.31113552, -0.904528577, 0.486450195, -0.862304688, -0.139892578, -0.823550341, -0.399229935, -0.402540273, 0, 1, 5, 1, 
281.199938, 31, 0.1, 0.1, 0.0349116532, 0.348310662, -0.0349682641, 0.844861137, -0.534985663, 5.36061434e-006, 0.534985663, 0.844861137, 2.16815636e-005, -1.61283004e-005, -1.54500587e-005, 1, 0.844861138, -0.534985662, 7.10342582e-006, 0.534985661, 0.844861137, 2.69955767e-005, -2.04436549e-005, -1.90072827e-005, 1, 0, 0, 0, 0, 0, 0, 0, 0.346046606, -0.170116406, -0.2259552, -0.228343993, 0.459003324, -0.858518484, -0.934936523, 0.142089844, 0.324707031, 0.271114403, 0.876981439, 0.396878543, 0, 0, -0, 0, 0, 0, 0, 0.414208154, -0.112838428, -0.180387061, 0.291293469, 0.31113552, -0.904528577, 0.486450195, -0.862304688, -0.139892578, -0.823550341, -0.399229935, -0.402540273, 0, 1, 5, 1, 
281.200643, 31, 0.1, 0.1, 0.0349116548, 0.348310668, -0.0349673341, 0.84486113, -0.534985674, -6.22335025e-006, 0.534985674, 0.844861129, -2.21598815e-005, 1.71130859e-005, 1.53926193e-005, 1, 0.844861131, -0.534985672, -7.66470937e-006, 0.534985672, 0.844861131, -2.73213795e-005, 2.10921616e-005, 1.89822619e-005, 1, 0, 0, 0, 0, 0, 0, 0, 0.346046606, -0.170116406, -0.2259552, -0.228343993, 0.459003324, -0.858518484, -0.934936523, 0.142089844, 0.324707031, 0.271114403, 0.876981439, 0.396878543, 0, 0, -0, 0, 0, 0, 0, 0.414208154, -0.112838428, -0.180387061, 0.291293469, 0.31113552, -0.904528577, 0.486450195, -0.862304688, -0.139892578, -0.823550341, -0.399229935, -0.402540273, 0, 1, 5, 1, 
281.201372, 31, 0.1, 0.1, 0.0349116534, 0.348310661, -0.034966691, 0.844861119, -0.534985691, 5.69029986e-006, 0.534985691, 0.844861119, 2.44420268e-005, -1.78836477e-005, -1.76058891e-005, 1, 0.844861121, -0.534985688, 7.2824966e-006, 0.534985687, 0.844861121, 2.99740258e-005, -2.21883731e-005, -2.14278576e-005, 1, 0, 0, 0, 0, 0, 0, 0, 0.346504077, -0.171340527, -0.225131201, -0.228052683, 0.456827119, -0.859769464, -0.935424805, 0.141967773, 0.323486328, 0.269832344, 0.878067667, 0.3952228, 0, 0, -0, 0, 0, 0, 0, 0.414253076, -0.113839551, -0.179742236, 0.291874957, 0.3097425, -0.904892782, 0.486694336, -0.862426758, -0.138183594, -0.823243739, -0.399990061, -0.402578552, 0, 1, 5, 1, 
