time, trialNum, realDorsalTactorPos, realVentralTactorPos, boxPosX, boxPosY, boxPosZ, boxLocalRot_11, boxLocalRot_12, boxLocalRot_13, boxLocalRot_21, boxLocalRot_22, boxLocalRot_23, boxLocalRot_31, boxLocalRot_32, boxLocalRot_33, boxGlobalRot_11, boxGlobalRot_12, boxGlobalRot_13, boxGlobalRot_21, boxGlobalRot_22, boxGlobalRot_23, boxGlobalRot_31, boxGlobalRot_32, boxGlobalRot_33, indexForceX, indexForceY, indexForceZ, indexForceGlobalX, indexForceGlobalY, indexForceGlobalZ, indexContact, indexPosX, indexPosY, indexPosZ, indexRot_11, indexRot_12, indexRot_13, indexRot_21, indexRot_22, indexRot_23, indexRot_31, indexRot_32, indexRot_33, thumbForceX, thumbForceY, thumbForceZ, thumbForceGlobalX, thumbForceGlobalY, thumbForceGlobalZ, thumbContact, thumbPosX, thumbPosY, thumbPosZ, thumbRot_11, thumbRot_12, thumbRot_13, thumbRot_21, thumbRot_22, thumbRot_23, thumbRot_31, thumbRot_32, thumbRot_33, manipForceTooHigh, cceExpType, mapping, trialSuccess, 
123.796125, 8, 0.1, 0.1, 0.0183095178, 0.368437205, -0.0349648137, 0.95822644, -0.286010646, 2.35028826e-005, 0.286010646, 0.95822644, 1.06520842e-006, -2.28257445e-005, 5.70136377e-006, 1, 0.958226454, -0.2860106, 1.28256534e-005, 0.2860106, 0.958226454, 7.60451821e-006, -1.44648532e-005, -3.61857769e-006, 1, 0, 0, 0, 0, 0, 0, 0, 0.369535693, -0.177018115, -0.195225, -0.270071821, 0.481290323, -0.833847518, -0.956787109, -0.0374755859, 0.288330078, 0.107537348, 0.875676179, 0.470710372, 0, 0, -0, 0, 0, 0, 0, 0.418240674, -0.117888574, -0.147083838, 0.137590719, 0.39987705, -0.906085973, 0.621948242, -0.746826172, -0.235107422, -0.770723748, -0.531179684, -0.351520252, 0, 1, 1, 1, 
123.837795, 8, 0.1, 0.1, 0.0183095048, 0.368437185, -0.0349666279, 0.958227083, -0.286008491, 8.55948923e-006, 0.286008491, 0.958227083, 6.92756486e-006, -1.01832768e-005, -4.19009367e-006, 1, 0.95822711, -0.2860084, -2.94088576e-006, 0.2860084, 0.95822711, -8.93786242e-006, 5.3743402e-006, 7.72338405e-006, 1, 0, 0, 0, 0, 0, 0, 0, 0.367536548, -0.175475513, -0.192626099, -0.286747935, 0.48998803, -0.823097182, -0.95300293, -0.0584716797, 0.297119141, 0.0974486155, 0.869725696, 0.483962311, 0, 0, -0, 0, 0, 0, 0, 0.415028613, -0.116187744, -0.14364082, 0.118730462, 0.414653763, -0.90213076, 0.63671875, -0.728881836, -0.251220703, -0.76178194, -0.544478457, -0.350613571, 0, 1, 1, 1, 
123.8385, 8, 0.1, 0.1, 0.0183095008, 0.368437183, -0.0349671245, 0.958226971, -0.286008866, -4.03882589e-006, 0.286008865, 0.958226971, -1.45554121e-005, 8.0330888e-006, 1.27922484e-005, 1, 0.958226987, -0.286008812, 9.4567848e-006, 0.286008812, 0.958226987, -5.27196551e-006, -7.55391781e-006, 7.75646342e-006, 1, 0, 0, 0, 0, 0, 0, 0, 0.367536548, -0.175475513, -0.192626099, -0.286747935, 0.48998803, -0.823097182, -0.95300293, -0.0584716797, 0.297119141, 0.0974486155, 0.869725696, 0.483962311, 0, 0, -0, 0, 0, 0, 0, 0.415028613, -0.116187744, -0.14364082, 0.118730462, 0.414653763, -0.90213076, 0.63671875, -0.728881836, -0.251220703, -0.76178194, -0.544478457, -0.350613571, 0, 1, 1, 1, 
123.839197, 8, 0.1, 0.1, 0.0183095044, 0.368437183, -0.0349682656, 0.958226942, -0.286008963, 3.87137435e-006, 0.286008963, 0.958226942, 1.45078714e-005, -7.85903645e-006, -1.27945854e-005, 1, 0.95822694, -0.286008969, -1.00783015e-005, 0.286008969, 0.95822694, 1.06060994e-005, 6.62386045e-006, -1.30455348e-005, 1, 0, 0, 0, 0, 0, 0, 0, 0.367536548, -0.175475513, -0.192626099, -0.286747935, 0.48998803, -0.823097182, -0.95300293, -0.0584716797, 0.297119141, 0.0974486155, 0.869725696, 0.483962311, 0, 0, -0, 0, 0, 0, 0, 0.415028613, -0.116187744, -0.14364082, 0.118730462, 0.414653763, -0.90213076, 0.63671875, -0.728881836, -0.251220703, -0.76178194, -0.544478457, -0.350613571, 0, 1, 1, 1, 
123.839897, 8, 0.1, 0.1, 0.0183095005, 0.368437184, -0.0349696991, 0.958226999, -0.286008772, -6.74133564e-006, 0.286008771, 0.958227, -5.66862586e-006, 8.08100654e-006, 3.50374922e-006, 1, 0.958226984, -0.286008825, 8.41481472e-006, 0.286008825, 0.958226984, -7.30687767e-006, -5.97347103e-006, 9.40835862e-006, 1, 0, 0, 0, 0, 0, 0, 0, 0.367536548, -0.175475513, -0.192626099, -0.286747935, 0.48998803, -0.823097182, -0.95300293, -0.0584716797, 0.297119141, 0.0974486155, 0.869725696, 0.483962311, 0, 0, -0, 0, 0, 0, 0, 0.415028613, -0.116187744, -0.14364082, 0.118730462, 0.414653763, -0.90213076, 0.63671875, -0.728881836, -0.251220703, -0.76178194, -0.544478457, -0.350613571, 0, 1, 1, 1, 
123.8406, 8, 0.1, 0.1, 0.0183095044, 0.368437182, -0.0349709554, 0.958227109, -0.286008404, 8.15258448e-006, 0.286008404, 0.958227109, -6.76554036e-007, -7.61852732e-006, 2.9800001e-006, 1, 0.958227087, -0.286008479, -7.79736024e-006, 0.286008479, 0.958227087, 5.36896665e-006, 5.9360718e-006, -7.37480041e-006, 1, 0, 0, 0, 0, 0, 0, 0, 0.367536548, -0.175475513, -0.192626099, -0.286747935, 0.48998803, -0.823097182, -0.95300293, -0.0584716797, 0.297119141, 0.0974486155, 0.869725696, 0.483962311, 0, 0, -0, 0, 0, 0, 0, 0.415028613, -0.116187744, -0.14364082, 0.118730462, 0.414653763, -0.90213076, 0.63671875, -0.728881836, -0.251220703, -0.76178194, -0.544478457, -0.350613571, 0, 1, 1, 1, 
123.841326, 8, 0.1, 0.1, 0.0183095014, 0.368437181, -0.0349715957, 0.958227202, -0.286008092, -1.23512915e-005, 0.286008092, 0.958227202, 9.45612777e-006, 9.13081442e-006, -1.25936882e-005, 1, 0.958227189, -0.286008137, 2.64318978e-006, 0.286008137, 0.958227189, 9.16697469e-006, -5.15460566e-006, -8.02807061e-006, 1, 0, 0, 0, 0, 0, 0, 0, 0.367528369, -0.175921997, -0.1921823, -0.286931782, 0.48998803, -0.823135374, -0.952880859, -0.0582275391, 0.297485352, 0.0978485098, 0.869725696, 0.483721176, 0, 0, -0, 0, 0, 0, 0, 0.415028613, -0.116187744, -0.14364082, 0.117855131, 0.414947606, -0.902047637, 0.637084961, -0.728393555, -0.251831055, -0.761628455, -0.544938543, -0.350236606, 0, 1, 1, 1, 
123.842057, 8, 0.1, 0.1, 0.0183095043, 0.368437183, -0.0349710147, 0.958227221, -0.28600803, 1.12308165e-005, 0.28600803, 0.958227221, -9.47640358e-006, -8.05134657e-006, 1.22926516e-005, 1, 0.958227224, -0.286008018, -1.61804807e-006, 0.286008018, 0.958227224, -1.37420825e-005, 5.48080348e-006, 1.27052628e-005, 1, 0, 0, 0, 0, 0, 0, 0, 0.367528369, -0.175921997, -0.1921823, -0.286931782, 0.48998803, -0.823135374, -0.952880859, -0.0582275391, 0.297485352, 0.0978485098, 0.869725696, 0.483721176, 0, 0, -0, 0, 0, 0, 0, 0.414973926, -0.116401221, -0.143180908, 0.117855131, 0.414947606, -0.902047637, 0.637084961, -0.728393555, -0.251831055, -0.761628455, -0.544938543, -0.350236606, 0, 1, 1, 1, 
123.842759, 8, 0.1, 0.1, 0.0183095013, 0.368437181, -0.0349698892, 0.958227157, -0.286008242, -8.74289035e-006, 0.286008242, 0.958227157, 3.1628771e-007, 8.28721408e-006, -2.80361418e-006, 1, 0.958227174, -0.286008186, 2.81135746e-006, 0.286008186, 0.958227174, 1.00375089e-005, -5.56472882e-006, -8.81414251e-006, 1, 0, 0, 0, 0, 0, 0, 0, 0.367528369, -0.175921997, -0.1921823, -0.286931782, 0.48998803, -0.823135374, -0.952880859, -0.0582275391, 0.297485352, 0.0978485098, 0.869725696, 0.483721176, 0, 0, -0, 0, 0, 0, 0, 0.414973926, -0.116401221, -0.143180908, 0.117855131, 0.414947606, -0.902047637, 0.637084961, -0.728393555, -0.251831055, -0.761628455, -0.544938543, -0.350236606, 0, 1, 1, 1, 
123.843461, 8, 0.1, 0.1, 0.0183095032, 0.368437184, -0.0349687087, 0.958227043, -0.286008627, 9.29056262e-006, 0.286008627, 0.958227043, 6.91493319e-006, -1.08801989e-005, -3.96889492e-006, 1, 0.958227066, -0.286008548, -1.68674619e-006, 0.286008548, 0.958227066, -8.17847441e-006, 3.95539944e-006, 7.35441172e-006, 1, 0, 0, 0, 0, 0, 0, 0, 0.367528369, -0.175921997, -0.1921823, -0.286931782, 0.48998803, -0.823135374, -0.952880859, -0.0582275391, 0.297485352, 0.0978485098, 0.869725696, 0.483721176, 0, 0, -0, 0, 0, 0, 0, 0.414973926, -0.116401221, -0.143180908, 0.117855131, 0.414947606, -0.902047637, 0.637084961, -0.728393555, -0.251831055, -0.761628455, -0.544938543, -0.350236606, 0, 1, 1, 1, 
123.844162, 8, 0.1, 0.1, 0.018309499, 0.368437183, -0.0349678138, 0.958226947, -0.286008947, -3.38404992e-006, 0.286008947, 0.958226947, -1.4061756e-005, 7.26447586e-006, 1.2506485e-005, 1, 0.95822696, -0.286008904, 9.87122576e-006, 0.286008904, 0.95822696, -4.95246605e-006, -8.04242527e-006, 7.56884495e-006, 1, 0, 0, 0, 0, 0, 0, 0, 0.367528369, -0.175921997, -0.1921823, -0.286931782, 0.48998803, -0.823135374, -0.952880859, -0.0582275391, 0.297485352, 0.0978485098, 0.869725696, 0.483721176, 0, 0, -0, 0, 0, 0, 0, 0.414973926, -0.116401221, -0.143180908, 0.117855131, 0.414947606, -0.902047637, 0.637084961, -0.728393555, -0.251831055, -0.761628455, -0.544938543, -0.350236606, 0, 1, 1, 1, 
123.844866, 8, 0.1, 0.1, 0.0183095024, 0.368437183, -0.0349674294, 0.958226931, -0.286009001, 5.39253979e-006, 0.286009001, 0.958226931, 1.50640862e-005, -9.47574111e-006, -1.28924982e-005, 1, 0.958226927, -0.286009016, -9.17803726e-006, 0.286009016, 0.958226927, 1.12251875e-005, 5.58413761e-006, -1.33812783e-005, 1, 0, 0, 0, 0, 0, 0, 0, 0.367528369, -0.175921997, -0.1921823, -0.286931782, 0.48998803, -0.823135374, -0.952880859, -0.0582275391, 0.297485352, 0.0978485098, 0.869725696, 0.483721176, 0, 0, -0, 0, 0, 0, 0, 0.414973926, -0.116401221, -0.143180908, 0.117855131, 0.414947606, -0.902047637, 0.637084961, -0.728393555, -0.251831055, -0.761628455, -0.544938543, -0.350236606, 0, 1, 1, 1, 
123.845584, 8, 0.1, 0.1, 0.0183094982, 0.368437184, -0.0349675258, 0.958227006, -0.286008751, -8.09140522e-006, 0.286008751, 0.958227006, -7.45836048e-006, 9.88655936e-006, 4.83258973e-006, 1, 0.958226986, -0.286008815, 8.26304397e-006, 0.286008815, 0.958226986, -9.21495277e-006, -5.282314e-006, 1.11933198e-005, 1, 0, 0, 0, 0, 0, 0, 0, 0.367528369, -0.175921997, -0.1921823, -0.286931782, 0.48998803, -0.823135374, -0.952880859, -0.0582275391, 0.297485352, 0.0978485098, 0.869725696, 0.483721176, 0, 0, -0, 0, 0, 0, 0, 0.414973926, -0.116401221, -0.143180908, 0.117855131, 0.414947606, -0.902047637, 0.637084961, -0.728393555, -0.251831055, -0.761628455, -0.544938543, -0.350236606, 0, 1, 1, 1, 
123.846316, 8, 0.1, 0.1, 0.0183095027, 0.368437182, -0.0349678536, 0.95822714, -0.2860083, 9.6934089e-006, 0.2860083, 0.95822714, -2.21859797e-006, -8.65395006e-006, 4.89831619e-006, 1, 0.958227114, -0.286008389, -8.23485055e-006, 0.286008389, 0.958227114, 4.57575764e-006, 6.582152e-006, -6.73985138e-006, 1, 0, 0, 0, 0, 0, 0, 0, 0.367837061, -0.176356274, -0.19131106, -0.285243838, 0.490229165, -0.823579452, -0.953369141, -0.0577392578, 0.295898438, 0.0975811658, 0.869687504, 0.484038695, 0, 0, -0, 0, 0, 0, 0, 0.414535742, -0.116802783, -0.142501416, 0.117976533, 0.415529094, -0.901753795, 0.637084961, -0.728271484, -0.252197266, -0.761615695, -0.544631941, -0.350696693, 0, 1, 1, 1, 
123.847016, 8, 0.1, 0.1, 0.018309499, 0.368437182, -0.0349684761, 0.958227248, -0.286007938, -1.12483137e-005, 0.286007938, 0.958227248, 8.62124918e-006, 8.31269497e-006, -1.14782229e-005, 1, 0.958227233, -0.286007989, 4.47889895e-006, 0.286007989, 0.958227233, 8.09182089e-006, -6.60612837e-006, -6.47280226e-006, 1, 0, 0, 0, 0, 0, 0, 0, 0.367837061, -0.176356274, -0.19131106, -0.285243838, 0.490229165, -0.823579452, -0.953369141, -0.0577392578, 0.295898438, 0.0975811658, 0.869687504, 0.484038695, 0, 0, -0, 0, 0, 0, 0, 0.414535742, -0.116802783, -0.142501416, 0.117976533, 0.415529094, -0.901753795, 0.637084961, -0.728271484, -0.252197266, -0.761615695, -0.544631941, -0.350696693, 0, 1, 1, 1, 
123.847731, 8, 0.1, 0.1, 0.0183095019, 0.368437184, -0.0349692784, 0.958227278, -0.28600784, 1.14169243e-005, 0.28600784, 0.958227278, -9.78747149e-006, -8.14071473e-006, 1.2643952e-005, 1, 0.958227279, -0.286007834, -2.21170056e-006, 0.286007834, 0.958227279, -1.44020043e-005, 6.23839786e-006, 1.31678297e-005, 1, 0, 0, 0, 0, 0, 0, 0, 0.367837061, -0.176356274, -0.19131106, -0.285243838, 0.490229165, -0.823579452, -0.953369141, -0.0577392578, 0.295898438, 0.0975811658, 0.869687504, 0.484038695, 0, 0, -0, 0, 0, 0, 0, 0.414535742, -0.116802783, -0.142501416, 0.117976533, 0.415529094, -0.901753795, 0.637084961, -0.728271484, -0.252197266, -0.761615695, -0.544631941, -0.350696693, 0, 1, 1, 1, 
123.848429, 8, 0.1, 0.1, 0.018309499, 0.368437182, -0.0349699695, 0.958227221, -0.286008028, -9.23302307e-006, 0.286008028, 0.958227221, 1.37738526e-006, 8.4533908e-006, -3.96056678e-006, 1, 0.958227237, -0.286007976, 2.5108375e-006, 0.286007976, 0.958227237, 1.08457691e-005, -5.50792936e-006, -9.67459183e-006, 1, 0, 0, 0, 0, 0, 0, 0, 0.367837061, -0.176356274, -0.19131106, -0.285243838, 0.490229165, -0.823579452, -0.953369141, -0.0577392578, 0.295898438, 0.0975811658, 0.869687504, 0.484038695, 0, 0, -0, 0, 0, 0, 0, 0.414535742, -0.116802783, -0.142501416, 0.117976533, 0.415529094, -0.901753795, 0.637084961, -0.728271484, -0.252197266, -0.761615695, -0.544631941, -0.350696693, 0, 1, 1, 1, 
123.849153, 8, 0.1, 0.1, 0.0183095016, 0.368437185, -0.0349703009, 0.95822711, -0.286008403, 6.75839356e-006, 0.286008403, 0.95822711, 7.04124718e-006, -8.48993179e-006, -4.81415659e-006, 1, 0.958227133, -0.286008325, -4.00258966e-006, 0.286008325, 0.958227133, -7.98791867e-006, 6.12000125e-006, 6.50946644e-006, 1, 0, 0, 0, 0, 0, 0, 0, 0.367837061, -0.176356274, -0.19131106, -0.285243838, 0.490229165, -0.823579452, -0.953369141, -0.0577392578, 0.295898438, 0.0975811658, 0.869687504, 0.484038695, 0, 0, -0, 0, 0, 0, 0, 0.413762988, -0.116976221, -0.14248457, 0.116545233, 0.416257503, -0.901696192, 0.63684082, -0.727905273, -0.253662109, -0.762011617, -0.544555382, -0.350076925, 0, 1, 1, 1, 
123.849873, 8, 0.1, 0.1, 0.0183094981, 0.368437183, -0.0349700157, 0.958227017, -0.286008713, -4.6622821e-006, 0.286008713, 0.958227017, -1.19704927e-005, 7.89118988e-006, 1.01369962e-005, 1, 0.958227029, -0.286008672, 7.59578225e-006, 0.286008672, 0.958227029, -3.54248847e-006, -6.26530143e-006, 5.5669678e-006, 1, 0, 0, 0, 0, 0, 0, 0, 0.367837061, -0.176356274, -0.19131106, -0.285243838, 0.490229165, -0.823579452, -0.953369141, -0.0577392578, 0.295898438, 0.0975811658, 0.869687504, 0.484038695, 0, 0, -0, 0, 0, 0, 0, 0.413762988, -0.116976221, -0.14248457, 0.116545233, 0.416257503, -0.901696192, 0.63684082, -0.727905273, -0.253662109, -0.762011617, -0.544555382, -0.350076925, 0, 1, 1, 1, 
123.850574, 8, 0.1, 0.1, 0.0183095017, 0.368437182, -0.0349695422, 0.958227001, -0.286008768, 3.65512453e-006, 0.286008768, 0.958227001, 1.50075131e-005, -7.79471934e-006, -1.33352066e-005, 1, 0.958226997, -0.28600878, -9.73546746e-006, 0.28600878, 0.958226997, 1.16003023e-005, 6.01099944e-006, -1.3900152e-005, 1, 0, 0, 0, 0, 0, 0, 0, 0.367837061, -0.176356274, -0.19131106, -0.285243838, 0.490229165, -0.823579452, -0.953369141, -0.0577392578, 0.295898438, 0.0975811658, 0.869687504, 0.484038695, 0, 0, -0, 0, 0, 0, 0, 0.413762988, -0.116976221, -0.14248457, 0.116545233, 0.416257503, -0.901696192, 0.63684082, -0.727905273, -0.253662109, -0.762011617, -0.544555382, -0.350076925, 0, 1, 1, 1, 
123.851305, 8, 0.1, 0.1, 0.0183094981, 0.368437183, -0.0349689315, 0.95822707, -0.286008537, -8.66721562e-006, 0.286008537, 0.95822707, -6.72978923e-006, 1.02299378e-005, 3.96976856e-006, 1, 0.958227051, -0.286008598, 7.23563883e-006, 0.286008598, 0.958227051, -8.42514976e-006, -4.52371959e-006, 1.01426613e-005, 1, 0, 0, 0, 0, 0, 0, 0, 0.367340405, -0.176334546, -0.191273828, -0.286227473, 0.490673243, -0.822881135, -0.953125, -0.0583496094, 0.29675293, 0.0976133664, 0.869369986, 0.484546052, 0, 0, -0, 0, 0, 0, 0, 0.413762988, -0.116976221, -0.14248457, 0.116545233, 0.416257503, -0.901696192, 0.63684082, -0.727905273, -0.253662109, -0.762011617, -0.544555382, -0.350076925, 0, 1, 1, 1, 
123.852005, 8, 0.1, 0.1, 0.0183095028, 0.368437181, -0.0349682732, 0.958227196, -0.286008113, 8.65886482e-006, 0.286008113, 0.958227196, -1.65259713e-006, -7.82450357e-006, 4.0600691e-006, 1, 0.958227171, -0.286008198, -9.20278229e-006, 0.286008198, 0.958227171, 5.13340937e-006, 7.35015887e-006, -7.55104352e-006, 1, 0, 0, 0, 0, 0, 0, 0, 0.367340405, -0.176334546, -0.191273828, -0.286227473, 0.490673243, -0.822881135, -0.953125, -0.0583496094, 0.29675293, 0.0976133664, 0.869369986, 0.484546052, 0, 0, -0, 0, 0, 0, 0, 0.413762988, -0.116976221, -0.14248457, 0.116545233, 0.416257503, -0.901696192, 0.63684082, -0.727905273, -0.253662109, -0.762011617, -0.544555382, -0.350076925, 0, 1, 1, 1, 
123.852706, 8, 0.1, 0.1, 0.0183094992, 0.368437181, -0.0349680022, 0.958227299, -0.286007766, -1.13405782e-005, 0.286007767, 0.958227299, 8.84809152e-006, 8.33622877e-006, -1.17219763e-005, 1, 0.958227285, -0.286007815, 3.92898002e-006, 0.286007815, 0.958227285, 8.52822442e-006, -6.20399469e-006, -7.04825834e-006, 1, 0, 0, 0, 0, 0, 0, 0, 0.367340405, -0.176334546, -0.191273828, -0.286227473, 0.490673243, -0.822881135, -0.953125, -0.0583496094, 0.29675293, 0.0976133664, 0.869369986, 0.484546052, 0, 0, -0, 0, 0, 0, 0, 0.413762988, -0.116976221, -0.14248457, 0.116545233, 0.416257503, -0.901696192, 0.63684082, -0.727905273, -0.253662109, -0.762011617, -0.544555382, -0.350076925, 0, 1, 1, 1, 
123.85342, 8, 0.1, 0.1, 0.0183095015, 0.368437183, -0.0349681384, 0.958227323, -0.286007686, 1.44430978e-005, 0.286007686, 0.958227323, -1.07683657e-005, -1.07599356e-005, 1.44493792e-005, 1, 0.958227327, -0.286007676, 2.32441113e-007, 0.286007676, 0.958227326, -1.53914633e-005, 4.1793452e-006, 1.48150006e-005, 1, 0, 0, 0, 0, 0, 0, 0, 0.366812012, -0.176080054, -0.191222437, -0.287763771, 0.491320264, -0.821947674, -0.952758789, -0.0604248047, 0.297485352, 0.0964971807, 0.86877314, 0.485757717, 0, 0, -0, 0, 0, 0, 0, 0.413762988, -0.116976221, -0.14248457, 0.116545233, 0.416257503, -0.901696192, 0.63684082, -0.727905273, -0.253662109, -0.762011617, -0.544555382, -0.350076925, 0, 1, 1, 1, 
123.854131, 8, 0.1, 0.1, 0.0183094973, 0.368437181, -0.0349683908, 0.958227256, -0.286007911, -6.45894585e-006, 0.286007911, 0.958227256, 8.96704673e-007, 5.93267333e-006, -2.70655647e-006, 1, 0.958227274, -0.286007851, 5.85158321e-006, 0.286007851, 0.958227274, 1.09589123e-005, -8.74148159e-006, -8.82752991e-006, 1, 0, 0, 0, 0, 0, 0, 0, 0.366812012, -0.176080054, -0.191222437, -0.287763771, 0.491320264, -0.821947674, -0.952758789, -0.0604248047, 0.297485352, 0.0964971807, 0.86877314, 0.485757717, 0, 0, -0, 0, 0, 0, 0, 0.413285254, -0.116741748, -0.142029785, 0.115861666, 0.416723787, -0.901574791, 0.637817383, -0.727050781, -0.25402832, -0.761347006, -0.545488315, -0.350064166, 0, 1, 1, 1, 
123.854836, 8, 0.1, 0.1, 0.018309499, 0.368437185, -0.0349689039, 0.958227136, -0.286008314, 8.26774925e-006, 0.286008314, 0.958227136, 6.12654634e-006, -9.67462488e-006, -3.50597793e-006, 1, 0.95822716, -0.286008233, -1.95262582e-006, 0.286008233, 0.95822716, -9.0628383e-006, 4.46310546e-006, 8.12579074e-006, 1, 0, 0, 0, 0, 0, 0, 0, 0.366812012, -0.176080054, -0.191222437, -0.287763771, 0.491320264, -0.821947674, -0.952758789, -0.0604248047, 0.297485352, 0.0964971807, 0.86877314, 0.485757717, 0, 0, -0, 0, 0, 0, 0, 0.413285254, -0.116741748, -0.142029785, 0.115861666, 0.416723787, -0.901574791, 0.637817383, -0.727050781, -0.25402832, -0.761347006, -0.545488315, -0.350064166, 0, 1, 1, 1, 
123.855536, 8, 0.1, 0.1, 0.0183094957, 0.368437183, -0.0349695233, 0.958227035, -0.286008654, -5.46012569e-006, 0.286008654, 0.958227035, -1.21974557e-005, 8.72061794e-006, 1.01262886e-005, 1, 0.958227049, -0.286008606, 7.28869308e-006, 0.286008606, 0.958227049, -3.81091261e-006, -5.89426906e-006, 5.73634849e-006, 1, 0, 0, 0, 0, 0, 0, 0, 0.366812012, -0.176080054, -0.191222437, -0.287763771, 0.491320264, -0.821947674, -0.952758789, -0.0604248047, 0.297485352, 0.0964971807, 0.86877314, 0.485757717, 0, 0, -0, 0, 0, 0, 0, 0.413285254, -0.116741748, -0.142029785, 0.115861666, 0.416723787, -0.901574791, 0.637817383, -0.727050781, -0.25402832, -0.761347006, -0.545488315, -0.350064166, 0, 1, 1, 1, 
123.856237, 8, 0.1, 0.1, 0.0183095, 0.368437183, -0.0349700952, 0.958227009, -0.286008739, 4.82978145e-007, 0.286008739, 0.958227009, 1.4967411e-005, -4.74361305e-006, -1.42040415e-005, 1, 0.958227007, -0.286008746, -1.2422162e-005, 0.286008746, 0.958227007, 1.14242881e-005, 8.63580479e-006, -1.44999084e-005, 1, 0, 0, 0, 0, 0, 0, 0, 0.366812012, -0.176080054, -0.191222437, -0.287763771, 0.491320264, -0.821947674, -0.952758789, -0.0604248047, 0.297485352, 0.0964971807, 0.86877314, 0.485757717, 0, 0, -0, 0, 0, 0, 0, 0.413285254, -0.116741748, -0.142029785, 0.115861666, 0.416723787, -0.901574791, 0.637817383, -0.727050781, -0.25402832, -0.761347006, -0.545488315, -0.350064166, 0, 1, 1, 1, 
123.856935, 8, 0.1, 0.1, 0.0183094978, 0.368437183, -0.0349704641, 0.958227065, -0.286008552, -1.11007208e-005, 0.286008552, 0.958227065, -4.57080766e-006, 1.19443012e-005, 1.20497053e-006, 1, 0.95822705, -0.286008604, 3.75733576e-006, 0.286008604, 0.95822705, -6.15200229e-006, -1.84085517e-006, 6.96964536e-006, 1, 0, 0, 0, 0, 0, 0, 0, 0.366812012, -0.176080054, -0.191222437, -0.287763771, 0.491320264, -0.821947674, -0.952758789, -0.0604248047, 0.297485352, 0.0964971807, 0.86877314, 0.485757717, 0, 0, -0, 0, 0, 0, 0, 0.413285254, -0.116741748, -0.142029785, 0.115861666, 0.416723787, -0.901574791, 0.637817383, -0.727050781, -0.25402832, -0.761347006, -0.545488315, -0.350064166, 0, 1, 1, 1, 
123.857636, 8, 0.1, 0.1, 0.0183095028, 0.368437181, -0.0349705246, 0.958227172, -0.286008193, 6.03716804e-006, 0.286008193, 0.958227172, -2.91526982e-007, -5.70159936e-006, 2.0060286e-006, 1, 0.95822715, -0.286008267, -1.05851716e-005, 0.286008267, 0.95822715, 5.95706412e-006, 8.43922927e-006, -8.73566717e-006, 1, 0, 0, 0, 0, 0, 0, 0, 0.366812012, -0.176080054, -0.191222437, -0.287763771, 0.491320264, -0.821947674, -0.952758789, -0.0604248047, 0.297485352, 0.0964971807, 0.86877314, 0.485757717, 0, 0, -0, 0, 0, 0, 0, 0.413285254, -0.116741748, -0.142029785, 0.115861666, 0.416723787, -0.901574791, 0.637817383, -0.727050781, -0.25402832, -0.761347006, -0.545488315, -0.350064166, 0, 1, 1, 1, 
123.858363, 8, 0.1, 0.1, 0.0183095001, 0.36843718, -0.0349700939, 0.958227263, -0.286007889, -1.3553923e-005, 0.286007889, 0.958227263, 9.98338292e-006, 1.01324123e-005, -1.34428786e-005, 1, 0.95822725, -0.286007931, 1.90804563e-006, 0.286007931, 0.95822725, 9.69227296e-006, -4.60040826e-006, -8.74168389e-006, 1, 0, 0, 0, 0, 0, 0, 0, 0.366063672, -0.176046118, -0.191175073, -0.289286964, 0.492005476, -0.821071501, -0.952270508, -0.0616455078, 0.298461914, 0.0962440631, 0.868417429, 0.486607681, 0, 0, -0, 0, 0, 0, 0, 0.413285254, -0.116741748, -0.142029785, 0.115178099, 0.41719007, -0.901440629, 0.638671875, -0.726074219, -0.254394531, -0.760682396, -0.546421249, -0.350172807, 0, 1, 1, 1, 
123.859063, 8, 0.1, 0.1, 0.018309503, 0.368437181, -0.034969327, 0.958227276, -0.286007844, 1.23212791e-005, 0.286007844, 0.958227276, -8.38594304e-006, -9.40814021e-006, 1.15596218e-005, 1, 0.958227281, -0.286007828, -1.83853398e-006, 0.286007828, 0.958227281, -1.28474998e-005, 5.43621893e-006, 1.17849897e-005, 1, 0, 0, 0, 0, 0, 0, 0, 0.366063672, -0.176046118, -0.191175073, -0.289286964, 0.492005476, -0.821071501, -0.952270508, -0.0616455078, 0.298461914, 0.0962440631, 0.868417429, 0.486607681, 0, 0, -0, 0, 0, 0, 0, 0.41280752, -0.11695376, -0.141799951, 0.115178099, 0.41719007, -0.901440629, 0.638671875, -0.726074219, -0.254394531, -0.760682396, -0.546421249, -0.350172807, 0, 1, 1, 1, 
123.859763, 8, 0.1, 0.1, 0.0183094994, 0.368437179, -0.0349686614, 0.958227206, -0.286008079, -7.03411676e-006, 0.286008079, 0.958227206, 1.41156655e-006, 6.33656261e-006, -3.3644157e-006, 1, 0.958227224, -0.286008018, 4.79804689e-006, 0.286008018, 0.958227224, 1.16183185e-005, -7.92055141e-006, -9.76070923e-006, 1, 0, 0, 0, 0, 0, 0, 0, 0.366063672, -0.176046118, -0.191175073, -0.289286964, 0.492005476, -0.821071501, -0.952270508, -0.0616455078, 0.298461914, 0.0962440631, 0.868417429, 0.486607681, 0, 0, -0, 0, 0, 0, 0, 0.41280752, -0.11695376, -0.141799951, 0.115178099, 0.41719007, -0.901440629, 0.638671875, -0.726074219, -0.254394531, -0.760682396, -0.546421249, -0.350172807, 0, 1, 1, 1, 
123.860472, 8, 0.1, 0.1, 0.0183095006, 0.368437182, -0.034968245, 0.958227083, -0.286008493, 1.10100954e-005, 0.286008492, 0.958227083, 7.88264771e-006, -1.28046758e-005, -4.40438573e-006, 1, 0.958227108, -0.286008408, 1.8801385e-007, 0.286008408, 0.958227108, -7.54112237e-006, 1.97666444e-006, 7.27988142e-006, 1, 0, 0, 0, 0, 0, 0, 0, 0.366063672, -0.176046118, -0.191175073, -0.289286964, 0.492005476, -0.821071501, -0.952270508, -0.0616455078, 0.298461914, 0.0962440631, 0.868417429, 0.486607681, 0, 0, -0, 0, 0, 0, 0, 0.41280752, -0.11695376, -0.141799951, 0.115178099, 0.41719007, -0.901440629, 0.638671875, -0.726074219, -0.254394531, -0.760682396, -0.546421249, -0.350172807, 0, 1, 1, 1, 
123.861169, 8, 0.1, 0.1, 0.0183094962, 0.36843718, -0.0349681554, 0.95822698, -0.286008838, -2.98771456e-006, 0.286008838, 0.95822698, -1.23110009e-005, 6.38396375e-006, 1.09422204e-005, 1, 0.958226994, -0.286008789, 1.03371662e-005, 0.286008789, 0.958226994, -3.37764513e-006, -8.93931549e-006, 6.19307112e-006, 1, 0, 0, 0, 0, 0, 0, 0, 0.366063672, -0.176046118, -0.191175073, -0.289286964, 0.492005476, -0.821071501, -0.952270508, -0.0616455078, 0.298461914, 0.0962440631, 0.868417429, 0.486607681, 0, 0, -0, 0, 0, 0, 0, 0.41280752, -0.11695376, -0.141799951, 0.115178099, 0.41719007, -0.901440629, 0.638671875, -0.726074219, -0.254394531, -0.760682396, -0.546421249, -0.350172807, 0, 1, 1, 1, 
123.861869, 8, 0.1, 0.1, 0.0183094999, 0.368437179, -0.034968465, 0.958226956, -0.286008918, 2.87352679e-006, 0.286008918, 0.958226956, 1.54630015e-005, -7.17604715e-006, -1.39952105e-005, 1, 0.958226953, -0.286008926, -1.05034262e-005, 0.286008926, 0.958226953, 1.19012202e-005, 6.66081087e-006, -1.44081437e-005, 1, 0, 0, 0, 0, 0, 0, 0, 0.366063672, -0.176046118, -0.191175073, -0.289286964, 0.492005476, -0.821071501, -0.952270508, -0.0616455078, 0.298461914, 0.0962440631, 0.868417429, 0.486607681, 0, 0, -0, 0, 0, 0, 0, 0.41280752, -0.11695376, -0.141799951, 0.115178099, 0.41719007, -0.901440629, 0.638671875, -0.726074219, -0.254394531, -0.760682396, -0.546421249, -0.350172807, 0, 1, 1, 1, 
123.862572, 8, 0.1, 0.1, 0.018309497, 0.36843718, -0.0349690585, 0.958227017, -0.286008712, -1.02413907e-005, 0.286008712, 0.958227017, -6.05822905e-006, 1.15462835e-005, 2.8760318e-006, 1, 0.958227, -0.286008768, 5.52263734e-006, 0.286008768, 0.958227, -7.59535484e-006, -3.11960213e-006, 8.85759679e-006, 1, 0, 0, 0, 0, 0, 0, 0, 0.366063672, -0.176046118, -0.191175073, -0.289286964, 0.492005476, -0.821071501, -0.952270508, -0.0616455078, 0.298461914, 0.0962440631, 0.868417429, 0.486607681, 0, 0, -0, 0, 0, 0, 0, 0.41280752, -0.11695376, -0.141799951, 0.115178099, 0.41719007, -0.901440629, 0.638671875, -0.726074219, -0.254394531, -0.760682396, -0.546421249, -0.350172807, 0, 1, 1, 1, 
123.863303, 8, 0.1, 0.1, 0.0183095022, 0.368437178, -0.0349695072, 0.958227138, -0.286008308, 6.96732613e-006, 0.286008308, 0.958227138, -1.47139329e-006, -6.25545028e-006, 3.40264214e-006, 1, 0.958227113, -0.28600839, -1.04811171e-005, 0.28600839, 0.958227113, 4.90293971e-006, 8.64100873e-006, -7.6958172e-006, 1, 0, 0, 0, 0, 0, 0, 0, 0.365843848, -0.17646001, -0.190930225, -0.289204589, 0.492671593, -0.820696695, -0.952392578, -0.0621337891, 0.298217773, 0.0959838322, 0.867941151, 0.487413461, 0, 0, -0, 0, 0, 0, 0, 0.412782861, -0.117144043, -0.141563525, 0.114628694, 0.417860877, -0.901172307, 0.639526367, -0.725219727, -0.254882812, -0.760126427, -0.546964458, -0.350390091, 0, 1, 1, 1, 
123.864002, 8, 0.1, 0.1, 0.0183094991, 0.368437177, -0.0349697311, 0.958227233, -0.286007988, -1.15306793e-005, 0.286007988, 0.958227233, 9.64291759e-006, 8.29105943e-006, -1.25379726e-005, 1, 0.95822722, -0.286008032, 2.85026002e-006, 0.286008032, 0.95822722, 9.1263607e-006, -5.3414092e-006, -7.92992999e-006, 1, 0, 0, 0, 0, 0, 0, 0, 0.365843848, -0.17646001, -0.190930225, -0.289204589, 0.492671593, -0.820696695, -0.952392578, -0.0621337891, 0.298217773, 0.0959838322, 0.867941151, 0.487413461, 0, 0, -0, 0, 0, 0, 0, 0.412782861, -0.117144043, -0.141563525, 0.114628694, 0.417860877, -0.901172307, 0.639526367, -0.725219727, -0.254882812, -0.760126427, -0.546964458, -0.350390091, 0, 1, 1, 1, 
123.864705, 8, 0.1, 0.1, 0.0183095017, 0.368437179, -0.0349698493, 0.958227255, -0.286007915, 1.22402478e-005, 0.286007915, 0.958227255, -8.13815223e-006, -9.40136313e-006, 1.1299007e-005, 1, 0.958227258, -0.286007905, -1.24494238e-006, 0.286007905, 0.958227258, -1.25709617e-005, 4.78833214e-006, 1.16897748e-005, 1, 0, 0, 0, 0, 0, 0, 0, 0.365843848, -0.17646001, -0.190930225, -0.289204589, 0.492671593, -0.820696695, -0.952392578, -0.0621337891, 0.298217773, 0.0959838322, 0.867941151, 0.487413461, 0, 0, -0, 0, 0, 0, 0, 0.412782861, -0.117144043, -0.141563525, 0.114628694, 0.417860877, -0.901172307, 0.639526367, -0.725219727, -0.254882812, -0.760126427, -0.546964458, -0.350390091, 0, 1, 1, 1, 
123.865434, 8, 0.1, 0.1, 0.0183094986, 0.368437177, -0.0349697454, 0.95822719, -0.286008132, -9.56151306e-006, 0.286008132, 0.95822719, 3.66141351e-007, 9.05738239e-006, -3.08551709e-006, 1, 0.95822721, -0.286008066, 4.04850807e-006, 0.286008066, 0.95822721, 1.17777292e-005, -7.24791614e-006, -1.01278346e-005, 1, 0, 0, 0, 0, 0, 0, 0, 0.365843848, -0.17646001, -0.190930225, -0.287744675, 0.492227515, -0.821433204, -0.952758789, -0.060546875, 0.297485352, 0.0966177482, 0.86825867, 0.486664969, 0, 0, -0, 0, 0, 0, 0, 0.412782861, -0.117144043, -0.141563525, 0.114628694, 0.417860877, -0.901172307, 0.639526367, -0.725219727, -0.254882812, -0.760126427, -0.546964458, -0.350390091, 0, 1, 1, 1, 
123.866148, 8, 0.1, 0.1, 0.0183095009, 0.368437181, -0.0349690986, 0.95822707, -0.286008534, 8.27707714e-006, 0.286008534, 0.95822707, 5.63756693e-006, -9.54371163e-006, -3.03475455e-006, 1, 0.958227095, -0.286008452, -2.78348984e-006, 0.286008452, 0.958227095, -9.453383e-006, 5.37096283e-006, 8.26238611e-006, 1, 0, 0, 0, 0, 0, 0, 0, 0.365473901, -0.177374707, -0.190523657, -0.287744675, 0.492227515, -0.821433204, -0.952758789, -0.060546875, 0.297485352, 0.0966177482, 0.86825867, 0.486664969, 0, 0, -0, 0, 0, 0, 0, 0.412639209, -0.118081689, -0.141137061, 0.115868229, 0.417094188, -0.90138959, 0.639160156, -0.725952148, -0.25378418, -0.760241632, -0.546676812, -0.350658414, 0, 1, 1, 1, 
123.866847, 8, 0.1, 0.1, 0.0183094968, 0.368437179, -0.0349685946, 0.958226972, -0.286008862, -2.44224266e-006, 0.286008862, 0.958226972, -1.35510774e-005, 6.21595103e-006, 1.22865049e-005, 1, 0.958226986, -0.286008818, 1.00154766e-005, 0.286008818, 0.958226986, -4.96878595e-006, -8.17598334e-006, 7.6257394e-006, 1, 0, 0, 0, 0, 0, 0, 0, 0.365473901, -0.177374707, -0.190523657, -0.287744675, 0.492227515, -0.821433204, -0.952758789, -0.060546875, 0.297485352, 0.0966177482, 0.86825867, 0.486664969, 0, 0, -0, 0, 0, 0, 0, 0.412639209, -0.118081689, -0.141137061, 0.115868229, 0.417094188, -0.90138959, 0.639160156, -0.725952148, -0.25378418, -0.760241632, -0.546676812, -0.350658414, 0, 1, 1, 1, 
123.867549, 8, 0.1, 0.1, 0.0183094996, 0.368437179, -0.0349684089, 0.958226951, -0.286008933, 6.45949219e-006, 0.286008933, 0.958226951, 1.52550261e-005, -1.05527332e-005, -1.27703047e-005, 1, 0.958226948, -0.286008943, -7.47517843e-006, 0.286008943, 0.958226948, 1.15211541e-005, 3.8677643e-006, -1.31778482e-005, 1, 0, 0, 0, 0, 0, 0, 0, 0.365473901, -0.177374707, -0.190523657, -0.287744675, 0.492227515, -0.821433204, -0.952758789, -0.060546875, 0.297485352, 0.0966177482, 0.86825867, 0.486664969, 0, 0, -0, 0, 0, 0, 0, 0.412639209, -0.118081689, -0.141137061, 0.115868229, 0.417094188, -0.90138959, 0.639160156, -0.725952148, -0.25378418, -0.760241632, -0.546676812, -0.350658414, 0, 1, 1, 1, 
123.86825, 8, 0.1, 0.1, 0.0183094952, 0.368437179, -0.0349685344, 0.958227016, -0.286008715, -6.13925714e-006, 0.286008715, 0.958227016, -5.74866737e-006, 7.52697102e-006, 3.75264734e-006, 1, 0.958226999, -0.286008774, 9.87250841e-006, 0.286008774, 0.958226999, -7.42773812e-006, -7.33570583e-006, 9.94108324e-006, 1, 0, 0, 0, 0, 0, 0, 0, 0.365473901, -0.177374707, -0.190523657, -0.287744675, 0.492227515, -0.821433204, -0.952758789, -0.060546875, 0.297485352, 0.0966177482, 0.86825867, 0.486664969, 0, 0, -0, 0, 0, 0, 0, 0.412639209, -0.118081689, -0.141137061, 0.115868229, 0.417094188, -0.90138959, 0.639160156, -0.725952148, -0.25378418, -0.760241632, -0.546676812, -0.350658414, 0, 1, 1, 1, 
123.868953, 8, 0.1, 0.1, 0.018309499, 0.368437178, -0.034968905, 0.958227136, -0.286008315, 9.57791136e-006, 0.286008315, 0.958227136, -1.16102947e-006, -8.84575049e-006, 3.85189223e-006, 1, 0.958227112, -0.286008396, -7.44591485e-006, 0.286008396, 0.958227112, 5.4440082e-006, 5.57784542e-006, -7.34619041e-006, 1, 0, 0, 0, 0, 0, 0, 0, 0.365473901, -0.177374707, -0.190523657, -0.287744675, 0.492227515, -0.821433204, -0.952758789, -0.060546875, 0.297485352, 0.0966177482, 0.86825867, 0.486664969, 0, 0, -0, 0, 0, 0, 0, 0.412639209, -0.118081689, -0.141137061, 0.115868229, 0.417094188, -0.90138959, 0.639160156, -0.725952148, -0.25378418, -0.760241632, -0.546676812, -0.350658414, 0, 1, 1, 1, 
123.869653, 8, 0.1, 0.1, 0.0183094954, 0.368437177, -0.0349693928, 0.958227235, -0.286007981, -1.09736503e-005, 0.286007981, 0.958227235, 8.77703375e-006, 8.00494892e-006, -1.15489444e-005, 1, 0.958227222, -0.286008027, 3.89097263e-006, 0.286008027, 0.958227222, 8.49367341e-006, -6.15769467e-006, -7.02601967e-006, 1, 0, 0, 0, 0, 0, 0, 0, 0.365473901, -0.177374707, -0.190523657, -0.287744675, 0.492227515, -0.821433204, -0.952758789, -0.060546875, 0.297485352, 0.0966177482, 0.86825867, 0.486664969, 0, 0, -0, 0, 0, 0, 0, 0.412639209, -0.118081689, -0.141137061, 0.115868229, 0.417094188, -0.90138959, 0.639160156, -0.725952148, -0.25378418, -0.760241632, -0.546676812, -0.350658414, 0, 1, 1, 1, 
123.870367, 8, 0.1, 0.1, 0.018309498, 0.368437179, -0.0349698402, 0.958227259, -0.286007903, 1.20625381e-005, 0.286007903, 0.958227259, -1.00890563e-005, -8.67310301e-006, 1.311759e-005, 1, 0.958227262, -0.286007893, -1.22425616e-006, 0.286007893, 0.958227262, -1.44371448e-005, 5.302253e-006, 1.34839188e-005, 1, 0, 0, 0, 0, 0, 0, 0, 0.36551394, -0.177836816, -0.190106958, -0.286938895, 0.491904005, -0.821991857, -0.95300293, -0.0603027344, 0.296508789, 0.0962429413, 0.868557092, 0.486259083, 0, 0, -0, 0, 0, 0, 0, 0.412639209, -0.118081689, -0.141137061, 0.115868229, 0.417094188, -0.90138959, 0.639160156, -0.725952148, -0.25378418, -0.760241632, -0.546676812, -0.350658414, 0, 1, 1, 1, 
123.871083, 8, 0.1, 0.1, 0.0183094947, 0.368437177, -0.0349698101, 0.958227196, -0.286008114, -8.54439012e-006, 0.286008114, 0.958227196, 6.87711399e-007, 7.99077594e-006, -3.10274867e-006, 1, 0.958227213, -0.286008058, 3.34729697e-006, 0.286008058, 0.958227213, 1.04491843e-005, -6.19602197e-006, -9.05533887e-006, 1, 0, 0, 0, 0, 0, 0, 0, 0.36551394, -0.177836816, -0.190106958, -0.286938895, 0.491904005, -0.821991857, -0.95300293, -0.0603027344, 0.296508789, 0.0962429413, 0.868557092, 0.486259083, 0, 0, -0, 0, 0, 0, 0, 0.412469189, -0.118358154, -0.140710596, 0.116571119, 0.416391298, -0.901606874, 0.639404297, -0.726074219, -0.252685547, -0.75992227, -0.546996174, -0.350926737, 0, 1, 1, 1, 
123.871782, 8, 0.1, 0.1, 0.0183094969, 0.368437181, -0.03496969, 0.958227082, -0.286008495, 7.09142156e-006, 0.286008495, 0.958227082, 5.77579103e-006, -8.44711749e-006, -3.50631258e-006, 1, 0.958227105, -0.286008416, -3.36757338e-006, 0.286008416, 0.958227105, -8.80682448e-006, 5.74572601e-006, 7.4757836e-006, 1, 0, 0, 0, 0, 0, 0, 0, 0.36551394, -0.177836816, -0.190106958, -0.286938895, 0.491904005, -0.821991857, -0.95300293, -0.0603027344, 0.296508789, 0.0962429413, 0.868557092, 0.486259083, 0, 0, -0, 0, 0, 0, 0, 0.412469189, -0.118358154, -0.140710596, 0.116571119, 0.416391298, -0.901606874, 0.639404297, -0.726074219, -0.252685547, -0.75992227, -0.546996174, -0.350926737, 0, 1, 1, 1, 
123.872484, 8, 0.1, 0.1, 0.0183094937, 0.36843718, -0.0349695145, 0.958226987, -0.286008814, -4.77605428e-006, 0.286008814, 0.958226987, -1.3998988e-005, 8.58037805e-006, 1.20482145e-005, 1, 0.958227, -0.28600877, 7.53233605e-006, 0.28600877, 0.958227, -5.60977834e-006, -5.61324198e-006, 7.52975524e-006, 1, 0, 0, 0, 0, 0, 0, 0, 0.36551394, -0.177836816, -0.190106958, -0.286938895, 0.491904005, -0.821991857, -0.95300293, -0.0603027344, 0.296508789, 0.0962429413, 0.868557092, 0.486259083, 0, 0, -0, 0, 0, 0, 0, 0.412469189, -0.118358154, -0.140710596, 0.116571119, 0.416391298, -0.901606874, 0.639404297, -0.726074219, -0.252685547, -0.75992227, -0.546996174, -0.350926737, 0, 1, 1, 1, 
123.873179, 8, 0.1, 0.1, 0.0183094972, 0.36843718, -0.0349693552, 0.958226967, -0.286008881, 4.00898637e-006, 0.286008881, 0.958226967, 1.39571416e-005, -7.8333853e-006, -1.22275038e-005, 1, 0.958226964, -0.286008892, -9.60711811e-006, 0.286008892, 0.958226964, 1.02427414e-005, 6.2762845e-006, -1.25625922e-005, 1, 0, 0, 0, 0, 0, 0, 0, 0.36551394, -0.177836816, -0.190106958, -0.286938895, 0.491904005, -0.821991857, -0.95300293, -0.0603027344, 0.296508789, 0.0962429413, 0.868557092, 0.486259083, 0, 0, -0, 0, 0, 0, 0, 0.412469189, -0.118358154, -0.140710596, 0.116571119, 0.416391298, -0.901606874, 0.639404297, -0.726074219, -0.252685547, -0.75992227, -0.546996174, -0.350926737, 0, 1, 1, 1, 
123.873881, 8, 0.1, 0.1, 0.0183094937, 0.36843718, -0.034969272, 0.95822703, -0.28600867, -7.75233571e-006, 0.28600867, 0.95822703, -5.7112372e-006, 9.06196097e-006, 3.25542664e-006, 1, 0.958227013, -0.286008727, 7.80616889e-006, 0.286008727, 0.958227013, -7.52213513e-006, -5.3286856e-006, 9.4405455e-006, 1, 0, 0, 0, 0, 0, 0, 0, 0.36551394, -0.177836816, -0.190106958, -0.286938895, 0.491904005, -0.821991857, -0.95300293, -0.0603027344, 0.296508789, 0.0962429413, 0.868557092, 0.486259083, 0, 0, -0, 0, 0, 0, 0, 0.412469189, -0.118358154, -0.140710596, 0.116571119, 0.416391298, -0.901606874, 0.639404297, -0.726074219, -0.252685547, -0.75992227, -0.546996174, -0.350926737, 0, 1, 1, 1, 
123.874577, 8, 0.1, 0.1, 0.0183094976, 0.368437178, -0.0349692629, 0.958227145, -0.286008286, 9.28156699e-006, 0.286008286, 0.958227145, -7.18028104e-007, -8.68848744e-006, 3.34263908e-006, 1, 0.958227121, -0.286008365, -7.77264788e-006, 0.286008365, 0.958227121, 5.68144431e-006, 5.8230214e-006, -7.66715634e-006, 1, 0, 0, 0, 0, 0, 0, 0, 0.36551394, -0.177836816, -0.190106958, -0.286938895, 0.491904005, -0.821991857, -0.95300293, -0.0603027344, 0.296508789, 0.0962429413, 0.868557092, 0.486259083, 0, 0, -0, 0, 0, 0, 0, 0.412469189, -0.118358154, -0.140710596, 0.116571119, 0.416391298, -0.901606874, 0.639404297, -0.726074219, -0.252685547, -0.75992227, -0.546996174, -0.350926737, 0, 1, 1, 1, 
123.875307, 8, 0.1, 0.1, 0.0183094943, 0.368437177, -0.0349692409, 0.958227243, -0.286007956, -1.34389374e-005, 0.286007956, 0.958227243, 1.01892773e-005, 9.96334155e-006, -1.36072861e-005, 1, 0.958227229, -0.286008004, 3.45516315e-006, 0.286008004, 0.958227229, 9.88224183e-006, -6.13723167e-006, -8.48122889e-006, 1, 0, 0, 0, 0, 0, 0, 0, 0.36528606, -0.178334204, -0.189917529, -0.286971096, 0.490876186, -0.822607799, -0.953125, -0.0609130859, 0.296142578, 0.0952593059, 0.869090659, 0.485491495, 0, 0, -0, 0, 0, 0, 0, 0.412469189, -0.118358154, -0.140710596, 0.116558359, 0.41580981, -0.901887956, 0.639526367, -0.726074219, -0.252197266, -0.759800868, -0.547302776, -0.350588051, 0, 1, 1, 1, 
123.876006, 8, 0.1, 0.1, 0.0183094976, 0.368437179, -0.0349690059, 0.95822726, -0.286007899, 1.11203134e-005, 0.286007899, 0.95822726, -8.85287883e-006, -8.12379413e-006, 1.16635673e-005, 1, 0.958227264, -0.286007886, -2.79259657e-006, 0.286007886, 0.958227264, -1.32457894e-005, 6.46434239e-006, 1.18937719e-005, 1, 0, 0, 0, 0, 0, 0, 0, 0.36528606, -0.178334204, -0.189917529, -0.286971096, 0.490876186, -0.822607799, -0.953125, -0.0609130859, 0.296142578, 0.0952593059, 0.869090659, 0.485491495, 0, 0, -0, 0, 0, 0, 0, 0.412247656, -0.118849561, -0.14072207, 0.116558359, 0.41580981, -0.901887956, 0.639526367, -0.726074219, -0.252197266, -0.759800868, -0.547302776, -0.350588051, 0, 1, 1, 1, 
