time, trialNum, realDorsalTactorPos, realVentralTactorPos, boxPosX, boxPosY, boxPosZ, boxLocalRot_11, boxLocalRot_12, boxLocalRot_13, boxLocalRot_21, boxLocalRot_22, boxLocalRot_23, boxLocalRot_31, boxLocalRot_32, boxLocalRot_33, boxGlobalRot_11, boxGlobalRot_12, boxGlobalRot_13, boxGlobalRot_21, boxGlobalRot_22, boxGlobalRot_23, boxGlobalRot_31, boxGlobalRot_32, boxGlobalRot_33, indexForceX, indexForceY, indexForceZ, indexForceGlobalX, indexForceGlobalY, indexForceGlobalZ, indexContact, indexPosX, indexPosY, indexPosZ, indexRot_11, indexRot_12, indexRot_13, indexRot_21, indexRot_22, indexRot_23, indexRot_31, indexRot_32, indexRot_33, thumbForceX, thumbForceY, thumbForceZ, thumbForceGlobalX, thumbForceGlobalY, thumbForceGlobalZ, thumbContact, thumbPosX, thumbPosY, thumbPosZ, thumbRot_11, thumbRot_12, thumbRot_13, thumbRot_21, thumbRot_22, thumbRot_23, thumbRot_31, thumbRot_32, thumbRot_33, manipForceTooHigh, cceExpType, mapping, trialSuccess, 
221.074317, 24, 0.1, 0.1, 0.0189857768, 0.355426749, -0.0349770742, 0.961430921, -4.97070288e-006, 0.275046514, 0.275046514, -1.28617536e-005, -0.961430921, 8.31656794e-006, 1, -1.09985131e-005, 0.961430994, -1.83454367e-005, 0.275046257, 0.275046257, -3.3815742e-008, -0.961430994, 1.76471724e-005, 1, 5.0133322e-006, 0, 0, 0, 0, 0, 0, 0, 0.259591138, -0.0445598389, -0.214899976, -0.171082879, 0.641939774, -0.747372604, -0.826171875, 0.319702148, 0.463745117, 0.536666411, 0.696854216, 0.475923658, 0, 0, -0, 0, 0, 0, 0, 0.33923291, -0.0106845215, -0.171016943, 0.278398943, 0.399982709, -0.873139133, 0.310668945, -0.897705078, -0.312133789, -0.908738881, -0.184174938, -0.374201596, 0, 1, 3, 1, 
221.122348, 24, 0.1, 0.1, 0.018985751, 0.355426715, -0.0349683472, 0.961424337, 1.74820379e-005, 0.275069526, 0.275069526, 1.37708941e-005, -0.961424337, -2.059561e-005, 1, 8.43089688e-006, 0.961424362, 1.25400075e-005, 0.27506944, 0.27506944, 5.03015702e-007, -0.961424362, -1.2194633e-005, 1, -2.96576129e-006, 0, 0, 0, 0, 0, 0, 0, 0.275616138, -0.0681949219, -0.200971118, -0.21064396, 0.623535255, -0.75291195, -0.824584961, 0.300170898, 0.479370117, 0.524887848, 0.721892161, 0.451093881, 0, 0, -0, 0, 0, 0, 0, 0.354615723, -0.0319065918, -0.157675391, 0.255180988, 0.41055664, -0.875310869, 0.352172852, -0.882568359, -0.311401367, -0.900377828, -0.228723861, -0.369888375, 0, 1, 3, 1, 
221.123054, 24, 0.1, 0.1, 0.0189857498, 0.355426712, -0.034968163, 0.961424208, -1.27991766e-005, 0.275069976, 0.275069976, -1.32133124e-005, -0.961424208, 1.59400237e-005, 1, -9.18292922e-006, 0.961424233, -5.57726466e-006, 0.27506989, 0.27506989, -5.52672877e-006, -0.961424233, 6.88235407e-006, 1, -3.7793934e-006, 0, 0, 0, 0, 0, 0, 0, 0.275616138, -0.0681949219, -0.200971118, -0.21064396, 0.623535255, -0.75291195, -0.824584961, 0.300170898, 0.479370117, 0.524887848, 0.721892161, 0.451093881, 0, 0, -0, 0, 0, 0, 0, 0.354615723, -0.0319065918, -0.157675391, 0.255180988, 0.41055664, -0.875310869, 0.352172852, -0.882568359, -0.311401367, -0.900377828, -0.228723861, -0.369888375, 0, 1, 3, 1, 
221.123754, 24, 0.1, 0.1, 0.0189857515, 0.355426711, -0.034968357, 0.961424115, 1.24811408e-005, 0.275070302, 0.275070302, 1.59931367e-005, -0.961424115, -1.63989067e-005, 1, 1.19429961e-005, 0.961424127, 4.29207842e-006, 0.27507026, 0.27507026, 1.48256818e-005, -0.961424127, -8.20461189e-006, 1, 1.3073145e-005, 0, 0, 0, 0, 0, 0, 0, 0.275616138, -0.0681949219, -0.200971118, -0.21064396, 0.623535255, -0.75291195, -0.824584961, 0.300170898, 0.479370117, 0.524887848, 0.721892161, 0.451093881, 0, 0, -0, 0, 0, 0, 0, 0.354615723, -0.0319065918, -0.157675391, 0.255180988, 0.41055664, -0.875310869, 0.352172852, -0.882568359, -0.311401367, -0.900377828, -0.228723861, -0.369888375, 0, 1, 3, 1, 
221.124486, 24, 0.1, 0.1, 0.0189857504, 0.355426713, -0.0349685148, 0.961424102, -1.68390103e-005, 0.275070347, 0.275070347, -1.24311783e-005, -0.961424102, 1.96088789e-005, 1, -7.31972202e-006, 0.961424096, -6.71139293e-006, 0.275070367, 0.275070367, -1.60737299e-005, -0.961424096, 1.08739017e-005, 1, -1.3607566e-005, 0, 0, 0, 0, 0, 0, 0, 0.276820215, -0.0700522705, -0.200103784, -0.213176997, 0.622013184, -0.753344045, -0.825195312, 0.298095703, 0.479614258, 0.522940795, 0.723987113, 0.449926399, 0, 0, -0, 0, 0, 0, 0, 0.355649414, -0.0332260254, -0.156545996, 0.25359657, 0.412057569, -0.875042546, 0.356079102, -0.880859375, -0.311645508, -0.89931693, -0.232493874, -0.370105658, 0, 1, 3, 1, 
221.125196, 24, 0.1, 0.1, 0.0189857531, 0.355426711, -0.0349688096, 0.961424175, 1.55995244e-005, 0.275070093, 0.275070093, -3.36789483e-006, -0.961424175, -1.40713527e-005, 1, -7.52893815e-006, 0.961424154, 4.49920846e-006, 0.275070167, 0.275070167, 5.22206708e-006, -0.961424154, -5.76208254e-006, 1, 3.78302341e-006, 0, 0, 0, 0, 0, 0, 0, 0.276820215, -0.0700522705, -0.200103784, -0.213176997, 0.622013184, -0.753344045, -0.825195312, 0.298095703, 0.479614258, 0.522940795, 0.723987113, 0.449926399, 0, 0, -0, 0, 0, 0, 0, 0.355649414, -0.0332260254, -0.156545996, 0.25359657, 0.412057569, -0.875042546, 0.356079102, -0.880859375, -0.311645508, -0.89931693, -0.232493874, -0.370105658, 0, 1, 3, 1, 
221.125936, 24, 0.1, 0.1, 0.0189857538, 0.355426711, -0.0349690111, 0.961424289, -2.54743164e-005, 0.275069694, 0.275069694, 7.26718582e-006, -0.961424289, 2.2492644e-005, 1, 1.39940614e-005, 0.961424268, -1.64879067e-005, 0.275069767, 0.275069767, 3.98510078e-006, -0.961424268, 1.47556929e-005, 1, 8.36669725e-006, 0, 0, 0, 0, 0, 0, 0, 0.276820215, -0.0700522705, -0.200103784, -0.213176997, 0.622013184, -0.753344045, -0.825195312, 0.298095703, 0.479614258, 0.522940795, 0.723987113, 0.449926399, 0, 0, -0, 0, 0, 0, 0, 0.355649414, -0.0332260254, -0.156545996, 0.25359657, 0.412057569, -0.875042546, 0.356079102, -0.880859375, -0.311645508, -0.89931693, -0.232493874, -0.370105658, 0, 1, 3, 1, 
221.126642, 24, 0.1, 0.1, 0.0189857562, 0.355426711, -0.0349689836, 0.96142437, 1.67193034e-005, 0.27506941, 0.27506941, -9.49644797e-007, -0.96142437, -1.58131275e-005, 1, -5.51198057e-006, 0.961424361, 7.96178647e-006, 0.275069444, 0.275069444, -4.61864631e-006, -0.961424361, -6.38420699e-006, 1, -6.63052325e-006, 0, 0, 0, 0, 0, 0, 0, 0.276820215, -0.0700522705, -0.200103784, -0.213176997, 0.622013184, -0.753344045, -0.825195312, 0.298095703, 0.479614258, 0.522940795, 0.723987113, 0.449926399, 0, 0, -0, 0, 0, 0, 0, 0.355649414, -0.0332260254, -0.156545996, 0.25359657, 0.412057569, -0.875042546, 0.356079102, -0.880859375, -0.311645508, -0.89931693, -0.232493874, -0.370105658, 0, 1, 3, 1, 
221.127346, 24, 0.1, 0.1, 0.0189857549, 0.355426709, -0.0349690401, 0.961424406, -1.42467096e-005, 0.275069286, 0.275069286, 8.06730759e-007, -0.961424406, 1.34752274e-005, 1, 4.69444288e-006, 0.961424394, -5.20498921e-006, 0.275069326, 0.275069326, -3.25080628e-006, -0.961424394, 5.89840069e-006, 1, -1.69367159e-006, 0, 0, 0, 0, 0, 0, 0, 0.276820215, -0.0700522705, -0.200103784, -0.213176997, 0.622013184, -0.753344045, -0.825195312, 0.298095703, 0.479614258, 0.522940795, 0.723987113, 0.449926399, 0, 0, -0, 0, 0, 0, 0, 0.355649414, -0.0332260254, -0.156545996, 0.25359657, 0.412057569, -0.875042546, 0.356079102, -0.880859375, -0.311645508, -0.89931693, -0.232493874, -0.370105658, 0, 1, 3, 1, 
221.128051, 24, 0.1, 0.1, 0.0189857539, 0.355426711, -0.034969174, 0.961424443, 2.46940172e-005, 0.275069154, 0.275069154, -4.84903012e-006, -0.961424444, -2.24076131e-005, 1, -1.14545385e-005, 0.961424442, 1.71405758e-005, 0.27506916, 0.27506916, -8.77234257e-006, -0.961424442, -1.40663676e-005, 1, -1.31487883e-005, 0, 0, 0, 0, 0, 0, 0, 0.276820215, -0.0700522705, -0.200103784, -0.213176997, 0.622013184, -0.753344045, -0.825195312, 0.298095703, 0.479614258, 0.522940795, 0.723987113, 0.449926399, 0, 0, -0, 0, 0, 0, 0, 0.355649414, -0.0332260254, -0.156545996, 0.25359657, 0.412057569, -0.875042546, 0.356079102, -0.880859375, -0.311645508, -0.89931693, -0.232493874, -0.370105658, 0, 1, 3, 1, 
221.128764, 24, 0.1, 0.1, 0.0189857523, 0.355426707, -0.0349693418, 0.961424406, -1.43843789e-005, 0.275069284, 0.275069284, 3.61329543e-006, -0.961424406, 1.28355863e-005, 1, 7.43061121e-006, 0.961424422, -7.02519912e-006, 0.275069228, 0.275069228, 1.209791e-005, -0.961424422, 3.42643525e-006, 1, 1.35636422e-005, 0, 0, 0, 0, 0, 0, 0, 0.276820215, -0.0700522705, -0.200103784, -0.214866063, 0.6198059, -0.754696496, -0.826049805, 0.296875, 0.478881836, 0.52086007, 0.726437775, 0.448410319, 0, 0, -0, 0, 0, 0, 0, 0.355649414, -0.0332260254, -0.156545996, 0.25359657, 0.412057569, -0.875042546, 0.356079102, -0.880859375, -0.311645508, -0.89931693, -0.232493874, -0.370105658, 0, 1, 3, 1, 
221.129479, 24, 0.1, 0.1, 0.0189857525, 0.355426707, -0.0349692229, 0.961424293, 1.48786213e-005, 0.275069679, 0.275069679, 1.3993464e-005, -0.961424293, -1.81538456e-005, 1, 9.36099861e-006, 0.961424321, 1.06995719e-005, 0.275069582, 0.275069582, 8.92644852e-007, -0.961424321, -1.05323681e-005, 1, -2.0849163e-006, 0, 0, 0, 0, 0, 0, 0, 0.277843774, -0.0721667969, -0.199061304, -0.214866063, 0.6198059, -0.754696496, -0.826049805, 0.296875, 0.478881836, 0.52086007, 0.726437775, 0.448410319, 0, 0, -0, 0, 0, 0, 0, 0.356507959, -0.0348148438, -0.155213379, 0.252753322, 0.412619367, -0.874991507, 0.359130859, -0.879760742, -0.311157227, -0.898300875, -0.235503394, -0.370591265, 0, 1, 3, 1, 
221.13018, 24, 0.1, 0.1, 0.0189857525, 0.355426704, -0.0349691668, 0.961424149, -1.59343957e-005, 0.275070182, 0.275070182, -1.13056101e-005, -0.961424149, 1.84295491e-005, 1, -6.48640943e-006, 0.961424177, -8.89912451e-006, 0.275070085, 0.275070085, -3.89592861e-006, -0.961424177, 9.62748687e-006, 1, -1.29775702e-006, 0, 0, 0, 0, 0, 0, 0, 0.277843774, -0.0721667969, -0.199061304, -0.214866063, 0.6198059, -0.754696496, -0.826049805, 0.296875, 0.478881836, 0.52086007, 0.726437775, 0.448410319, 0, 0, -0, 0, 0, 0, 0, 0.356507959, -0.0348148438, -0.155213379, 0.252753322, 0.412619367, -0.874991507, 0.359130859, -0.879760742, -0.311157227, -0.898300875, -0.235503394, -0.370591265, 0, 1, 3, 1, 
221.130887, 24, 0.1, 0.1, 0.0189857553, 0.355426702, -0.0349691736, 0.96142404, 9.17754523e-006, 0.275070564, 0.275070564, 1.67957843e-005, -0.96142404, -1.34435385e-005, 1, 1.36233983e-005, 0.961424055, 1.03840829e-006, 0.275070511, 0.275070511, 1.58219447e-005, -0.961424055, -5.35050114e-006, 1, 1.49259628e-005, 0, 0, 0, 0, 0, 0, 0, 0.277843774, -0.0721667969, -0.199061304, -0.214866063, 0.6198059, -0.754696496, -0.826049805, 0.296875, 0.478881836, 0.52086007, 0.726437775, 0.448410319, 0, 0, -0, 0, 0, 0, 0, 0.356507959, -0.0348148438, -0.155213379, 0.252753322, 0.412619367, -0.874991507, 0.359130859, -0.879760742, -0.311157227, -0.898300875, -0.235503394, -0.370591265, 0, 1, 3, 1, 
221.1316, 24, 0.1, 0.1, 0.0189857552, 0.355426704, -0.034969151, 0.961424015, -1.78587654e-005, 0.275070652, 0.275070651, -1.17765565e-005, -0.961424015, 2.0409231e-005, 1, -6.40984201e-006, 0.961424012, -9.07168689e-006, 0.275070661, 0.275070661, -1.46918377e-005, -0.961424012, 1.27630311e-005, 1, -1.16297307e-005, 0, 0, 0, 0, 0, 0, 0, 0.277843774, -0.0721667969, -0.199061304, -0.214866063, 0.6198059, -0.754696496, -0.826049805, 0.296875, 0.478881836, 0.52086007, 0.726437775, 0.448410319, 0, 0, -0, 0, 0, 0, 0, 0.357812988, -0.0368767578, -0.154118896, 0.251910074, 0.412829721, -0.87519603, 0.362182617, -0.87878418, -0.310424805, -0.897284819, -0.238672595, -0.370980989, 0, 1, 3, 1, 
221.132302, 24, 0.1, 0.1, 0.0189857572, 0.355426703, -0.034969102, 0.96142407, 1.83386196e-005, 0.275070458, 0.275070458, -5.75005567e-006, -0.96142407, -1.60495198e-005, 1, -1.05726544e-005, 0.961424053, 6.70572802e-006, 0.27507052, 0.27507052, 3.12875375e-006, -0.961424053, -7.30767614e-006, 1, 1.16351102e-006, 0, 0, 0, 0, 0, 0, 0, 0.277843774, -0.0721667969, -0.199061304, -0.214866063, 0.6198059, -0.754696496, -0.826049805, 0.296875, 0.478881836, 0.52086007, 0.726437775, 0.448410319, 0, 0, -0, 0, 0, 0, 0, 0.357812988, -0.0368767578, -0.154118896, 0.251910074, 0.412829721, -0.87519603, 0.362182617, -0.87878418, -0.310424805, -0.897284819, -0.238672595, -0.370980989, 0, 1, 3, 1, 
221.133005, 24, 0.1, 0.1, 0.0189857554, 0.355426705, -0.0349691545, 0.961424164, -1.57295094e-005, 0.27507013, 0.27507013, 1.33883777e-006, -0.961424164, 1.47544561e-005, 1, 5.61390917e-006, 0.961424146, -6.83041687e-006, 0.275070194, 0.275070194, -1.77176562e-006, -0.961424146, 7.05428762e-006, 1, 1.75425844e-007, 0, 0, 0, 0, 0, 0, 0, 0.277843774, -0.0721667969, -0.199061304, -0.214866063, 0.6198059, -0.754696496, -0.826049805, 0.296875, 0.478881836, 0.52086007, 0.726437775, 0.448410319, 0, 0, -0, 0, 0, 0, 0, 0.357812988, -0.0368767578, -0.154118896, 0.251910074, 0.412829721, -0.87519603, 0.362182617, -0.87878418, -0.310424805, -0.897284819, -0.238672595, -0.370980989, 0, 1, 3, 1, 
221.133733, 24, 0.1, 0.1, 0.0189857555, 0.355426703, -0.0349691081, 0.961424237, 1.98426041e-005, 0.275069875, 0.275069875, 1.12399438e-005, -0.961424237, -2.21689305e-005, 1, 5.34825171e-006, 0.961424223, 1.09627793e-005, 0.275069924, 0.275069924, 8.63822836e-006, -0.961424223, -1.29159984e-005, 1, 5.28947113e-006, 0, 0, 0, 0, 0, 0, 0, 0.277843774, -0.0721667969, -0.199061304, -0.217215254, 0.617395673, -0.755966571, -0.826904297, 0.295043945, 0.478515625, 0.518513123, 0.729167764, 0.446634008, 0, 0, -0, 0, 0, 0, 0, 0.357812988, -0.0368767578, -0.154118896, 0.251910074, 0.412829721, -0.87519603, 0.362182617, -0.87878418, -0.310424805, -0.897284819, -0.238672595, -0.370980989, 0, 1, 3, 1, 
221.134435, 24, 0.1, 0.1, 0.0189857528, 0.355426703, -0.0349689697, 0.961424318, -1.22181705e-005, 0.275069594, 0.275069594, -1.67980958e-006, -0.961424318, 1.22089108e-005, 1, 1.74583741e-006, 0.961424297, -2.31022779e-006, 0.275069665, 0.275069665, -5.10595349e-006, -0.961424297, 3.62560204e-006, 1, -4.27351416e-006, 0, 0, 0, 0, 0, 0, 0, 0.27905603, -0.0740676025, -0.198238647, -0.217215254, 0.617395673, -0.755966571, -0.826904297, 0.295043945, 0.478515625, 0.518513123, 0.729167764, 0.446634008, 0, 0, -0, 0, 0, 0, 0, 0.357812988, -0.0368767578, -0.154118896, 0.251910074, 0.412829721, -0.87519603, 0.362182617, -0.87878418, -0.310424805, -0.897284819, -0.238672595, -0.370980989, 0, 1, 3, 1, 
221.135162, 24, 0.1, 0.1, 0.018985753, 0.355426702, -0.0349687407, 0.961424402, 1.7692935e-005, 0.275069299, 0.275069299, 9.54131084e-006, -0.961424402, -1.96349411e-005, 1, 4.30646586e-006, 0.961424387, 1.05166366e-005, 0.27506935, 0.27506935, 6.7664173e-006, -0.961424387, -1.19721849e-005, 1, 3.61259422e-006, 0, 0, 0, 0, 0, 0, 0, 0.27905603, -0.0740676025, -0.198238647, -0.217215254, 0.617395673, -0.755966571, -0.826904297, 0.295043945, 0.478515625, 0.518513123, 0.729167764, 0.446634008, 0, 0, -0, 0, 0, 0, 0, 0.357812988, -0.0368767578, -0.154118896, 0.251910074, 0.412829721, -0.87519603, 0.362182617, -0.87878418, -0.310424805, -0.897284819, -0.238672595, -0.370980989, 0, 1, 3, 1, 
221.135893, 24, 0.1, 0.1, 0.0189857526, 0.355426701, -0.0349684956, 0.961424495, -2.14595898e-005, 0.275068974, 0.275068974, -2.19988296e-006, -0.961424495, 2.12368948e-005, 1, 3.78784599e-006, 0.961424472, -1.11186563e-005, 0.275069053, 0.275069053, -6.06366333e-006, -0.961424472, 1.23576744e-005, 1, -2.77135605e-006, 0, 0, 0, 0, 0, 0, 0, 0.27905603, -0.0740676025, -0.198238647, -0.217215254, 0.617395673, -0.755966571, -0.826904297, 0.295043945, 0.478515625, 0.518513123, 0.729167764, 0.446634008, 0, 0, -0, 0, 0, 0, 0, 0.357812988, -0.0368767578, -0.154118896, 0.251910074, 0.412829721, -0.87519603, 0.362182617, -0.87878418, -0.310424805, -0.897284819, -0.238672595, -0.370980989, 0, 1, 3, 1, 
221.136623, 24, 0.1, 0.1, 0.0189857553, 0.355426702, -0.0349680777, 0.961424596, 1.41330639e-005, 0.27506862, 0.27506862, 1.1836999e-006, -0.961424596, -1.39134739e-005, 1, -2.74952418e-006, 0.961424579, 6.40036702e-006, 0.275068679, 0.275068679, -2.20587741e-006, -0.961424579, -5.54670239e-006, 1, -3.88132527e-006, 0, 0, 0, 0, 0, 0, 0, 0.280298071, -0.0761760254, -0.197190063, -0.219005791, 0.615308957, -0.757198455, -0.827636719, 0.293701172, 0.478149414, 0.516572062, 0.73159933, 0.445098833, 0, 0, -0, 0, 0, 0, 0, 0.358864746, -0.0386753906, -0.153002686, 0.250740901, 0.413474642, -0.87519603, 0.364746094, -0.877807617, -0.310302734, -0.896671248, -0.241305151, -0.370980989, 0, 1, 3, 1, 
221.137333, 24, 0.1, 0.1, 0.0189857553, 0.355426703, -0.0349678919, 0.961424653, -1.61980266e-005, 0.27506842, 0.27506842, -2.01362394e-005, -0.961424653, 2.11120256e-005, 1, -1.49039114e-005, 0.961424643, -9.2394965e-006, 0.275068455, 0.275068455, -1.35088987e-005, -0.961424643, 1.25989515e-005, 1, -1.04462941e-005, 0, 0, 0, 0, 0, 0, 0, 0.280298071, -0.0761760254, -0.197190063, -0.219005791, 0.615308957, -0.757198455, -0.827636719, 0.293701172, 0.478149414, 0.516572062, 0.73159933, 0.445098833, 0, 0, -0, 0, 0, 0, 0, 0.358864746, -0.0386753906, -0.153002686, 0.250740901, 0.413474642, -0.87519603, 0.364746094, -0.877807617, -0.310302734, -0.896671248, -0.241305151, -0.370980989, 0, 1, 3, 1, 
221.13804, 24, 0.1, 0.1, 0.0189857575, 0.355426702, -0.034968117, 0.961424723, 1.26538719e-005, 0.275068175, 0.275068175, 1.57779623e-005, -0.961424723, -1.65057606e-005, 1, 1.16886456e-005, 0.961424704, 3.62635284e-006, 0.275068243, 0.275068242, 1.32799538e-005, -0.961424704, -7.13935877e-006, 1, 1.17701812e-005, 0, 0, 0, 0, 0, 0, 0, 0.280298071, -0.0761760254, -0.197190063, -0.219005791, 0.615308957, -0.757198455, -0.827636719, 0.293701172, 0.478149414, 0.516572062, 0.73159933, 0.445098833, 0, 0, -0, 0, 0, 0, 0, 0.358864746, -0.0386753906, -0.153002686, 0.250740901, 0.413474642, -0.87519603, 0.364746094, -0.877807617, -0.310302734, -0.896671248, -0.241305151, -0.370980989, 0, 1, 3, 1, 
221.138748, 24, 0.1, 0.1, 0.018985756, 0.355426702, -0.0349686485, 0.961424855, -1.4093126e-005, 0.275067716, 0.275067716, -5.75387593e-006, -0.961424855, 1.51321871e-005, 1, -1.65535536e-006, 0.961424822, -4.28889628e-006, 0.275067831, 0.275067831, -1.02182941e-005, -0.961424822, 6.93417534e-006, 1, -8.64438421e-006, 0, 0, 0, 0, 0, 0, 0, 0.280298071, -0.0761760254, -0.197190063, -0.219005791, 0.615308957, -0.757198455, -0.827636719, 0.293701172, 0.478149414, 0.516572062, 0.73159933, 0.445098833, 0, 0, -0, 0, 0, 0, 0, 0.358864746, -0.0386753906, -0.153002686, 0.250740901, 0.413474642, -0.87519603, 0.364746094, -0.877807617, -0.310302734, -0.896671248, -0.241305151, -0.370980989, 0, 1, 3, 1, 
221.139453, 24, 0.1, 0.1, 0.0189857574, 0.355426699, -0.0349692913, 0.96142505, 1.85335751e-005, 0.275067034, 0.275067034, 4.20628092e-006, -0.96142505, -1.89756525e-005, 1, -1.05395168e-006, 0.961425006, 7.69889912e-006, 0.275067189, 0.275067189, 1.27833185e-005, -0.961425006, -1.09181856e-005, 1, 1.01724875e-005, 0, 0, 0, 0, 0, 0, 0, 0.280298071, -0.0761760254, -0.197190063, -0.219005791, 0.615308957, -0.757198455, -0.827636719, 0.293701172, 0.478149414, 0.516572062, 0.73159933, 0.445098833, 0, 0, -0, 0, 0, 0, 0, 0.358864746, -0.0386753906, -0.153002686, 0.250740901, 0.413474642, -0.87519603, 0.364746094, -0.877807617, -0.310302734, -0.896671248, -0.241305151, -0.370980989, 0, 1, 3, 1, 
221.140161, 24, 0.1, 0.1, 0.0189857562, 0.355426697, -0.0349698462, 0.961425268, -1.92212357e-005, 0.27506627, 0.27506627, 9.41102033e-006, -0.961425268, 1.58911275e-005, 1, 1.43351064e-005, 0.961425228, -9.6569851e-006, 0.275066413, 0.275066413, 7.33059325e-006, -0.961425228, 7.2680691e-006, 1, 9.70412954e-006, 0, 0, 0, 0, 0, 0, 0, 0.280298071, -0.0761760254, -0.197190063, -0.219005791, 0.615308957, -0.757198455, -0.827636719, 0.293701172, 0.478149414, 0.516572062, 0.73159933, 0.445098833, 0, 0, -0, 0, 0, 0, 0, 0.358864746, -0.0386753906, -0.153002686, 0.250740901, 0.413474642, -0.87519603, 0.364746094, -0.877807617, -0.310302734, -0.896671248, -0.241305151, -0.370980989, 0, 1, 3, 1, 
221.140882, 24, 0.1, 0.1, 0.0189857574, 0.355426697, -0.0349701478, 0.961425442, 1.76528137e-005, 0.275065664, 0.275065664, -3.7031704e-006, -0.961425442, -1.59532492e-005, 1, -8.41600516e-006, 0.961425413, 9.51732772e-006, 0.275065766, 0.275065766, -6.50226213e-006, -0.961425413, -7.36165102e-006, 1, -8.86933109e-006, 0, 0, 0, 0, 0, 0, 0, 0.280298071, -0.0761760254, -0.197190063, -0.221031472, 0.613000202, -0.758392146, -0.828735352, 0.291748047, 0.477416992, 0.513926691, 0.734189656, 0.443804792, 0, 0, -0, 0, 0, 0, 0, 0.358864746, -0.0386753906, -0.153002686, 0.250740901, 0.413474642, -0.87519603, 0.364746094, -0.877807617, -0.310302734, -0.896671248, -0.241305151, -0.370980989, 0, 1, 3, 1, 
221.141597, 24, 0.1, 0.1, 0.0189857577, 0.355426694, -0.034969877, 0.961425527, -1.88353299e-005, 0.275065365, 0.275065365, 7.64723028e-007, -0.961425527, 1.78984182e-005, 1, 5.91617114e-006, 0.961425519, -1.2805523e-005, 0.275065395, 0.275065395, 9.31223635e-006, -0.961425519, 9.75008261e-006, 1, 1.24753779e-005, 0, 0, 0, 0, 0, 0, 0, 0.281749194, -0.0782953125, -0.196138794, -0.221031472, 0.613000202, -0.758392146, -0.828735352, 0.291748047, 0.477416992, 0.513926691, 0.734189656, 0.443804792, 0, 0, -0, 0, 0, 0, 0, 0.359896729, -0.040457666, -0.151886475, 0.249169243, 0.414547567, -0.87519603, 0.367919922, -0.876464844, -0.310302734, -0.895731751, -0.244506435, -0.370980989, 0, 1, 3, 1, 
221.142306, 24, 0.1, 0.1, 0.0189857587, 0.355426696, -0.0349693859, 0.961425521, 1.36447402e-005, 0.275065388, 0.275065387, 8.49231164e-006, -0.961425521, -1.54543425e-005, 1, 4.41152939e-006, 0.961425529, 8.87289769e-006, 0.275065358, 0.275065358, -4.03224336e-006, -0.961425529, -7.42149989e-006, 1, -6.31732849e-006, 0, 0, 0, 0, 0, 0, 0, 0.281749194, -0.0782953125, -0.196138794, -0.221031472, 0.613000202, -0.758392146, -0.828735352, 0.291748047, 0.477416992, 0.513926691, 0.734189656, 0.443804792, 0, 0, -0, 0, 0, 0, 0, 0.359896729, -0.040457666, -0.151886475, 0.249169243, 0.414547567, -0.87519603, 0.367919922, -0.876464844, -0.310302734, -0.895731751, -0.244506435, -0.370980989, 0, 1, 3, 1, 
221.143012, 24, 0.1, 0.1, 0.0189857585, 0.355426696, -0.0349688696, 0.961425471, -1.45855282e-005, 0.275065563, 0.275065562, -1.92885147e-005, -0.961425471, 1.93285044e-005, 1, -1.45324928e-005, 0.961425481, -8.05133681e-006, 0.275065528, 0.275065528, -1.16891063e-005, -0.961425481, 1.09560306e-005, 1, -9.02355946e-006, 0, 0, 0, 0, 0, 0, 0, 0.281749194, -0.0782953125, -0.196138794, -0.221031472, 0.613000202, -0.758392146, -0.828735352, 0.291748047, 0.477416992, 0.513926691, 0.734189656, 0.443804792, 0, 0, -0, 0, 0, 0, 0, 0.359896729, -0.040457666, -0.151886475, 0.249169243, 0.414547567, -0.87519603, 0.367919922, -0.876464844, -0.310302734, -0.895731751, -0.244506435, -0.370980989, 0, 1, 3, 1, 
221.143721, 24, 0.1, 0.1, 0.01898576, 0.355426696, -0.0349684986, 0.961425444, 1.39819329e-005, 0.275065657, 0.275065657, 1.03660579e-005, -0.961425444, -1.62939326e-005, 1, 6.1202423e-006, 0.961425443, 5.10038381e-006, 0.275065659, 0.275065659, 8.71757392e-006, -0.961425443, -7.30154398e-006, 1, 6.97835694e-006, 0, 0, 0, 0, 0, 0, 0, 0.281749194, -0.0782953125, -0.196138794, -0.221031472, 0.613000202, -0.758392146, -0.828735352, 0.291748047, 0.477416992, 0.513926691, 0.734189656, 0.443804792, 0, 0, -0, 0, 0, 0, 0, 0.359896729, -0.040457666, -0.151886475, 0.249169243, 0.414547567, -0.87519603, 0.367919922, -0.876464844, -0.310302734, -0.895731751, -0.244506435, -0.370980989, 0, 1, 3, 1, 
221.144422, 24, 0.1, 0.1, 0.0189857593, 0.355426695, -0.0349683499, 0.961425455, -1.55728571e-005, 0.275065619, 0.275065619, -7.49791195e-006, -0.961425455, 1.7034559e-005, 1, -2.92512582e-006, 0.961425457, -9.41958356e-006, 0.27506561, 0.27506561, 7.1470731e-007, -0.961425457, 8.85963603e-006, 1, 3.2781413e-006, 0, 0, 0, 0, 0, 0, 0, 0.281749194, -0.0782953125, -0.196138794, -0.221031472, 0.613000202, -0.758392146, -0.828735352, 0.291748047, 0.477416992, 0.513926691, 0.734189656, 0.443804792, 0, 0, -0, 0, 0, 0, 0, 0.359896729, -0.040457666, -0.151886475, 0.249169243, 0.414547567, -0.87519603, 0.367919922, -0.876464844, -0.310302734, -0.895731751, -0.244506435, -0.370980989, 0, 1, 3, 1, 
221.145127, 24, 0.1, 0.1, 0.01898576, 0.355426696, -0.034968519, 0.961425454, 1.93120722e-005, 0.27506562, 0.27506562, -9.10897484e-007, -0.961425454, -1.83165612e-005, 1, -6.18784715e-006, 0.961425454, 1.09303934e-005, 0.275065623, 0.275065623, -2.64877774e-006, -0.961425454, -9.7801707e-006, 1, -5.5531778e-006, 0, 0, 0, 0, 0, 0, 0, 0.281749194, -0.0782953125, -0.196138794, -0.221031472, 0.613000202, -0.758392146, -0.828735352, 0.291748047, 0.477416992, 0.513926691, 0.734189656, 0.443804792, 0, 0, -0, 0, 0, 0, 0, 0.359896729, -0.040457666, -0.151886475, 0.249169243, 0.414547567, -0.87519603, 0.367919922, -0.876464844, -0.310302734, -0.895731751, -0.244506435, -0.370980989, 0, 1, 3, 1, 
221.145848, 24, 0.1, 0.1, 0.0189857596, 0.355426693, -0.0349688416, 0.961425418, -1.72910013e-005, 0.275065749, 0.275065749, -1.80046857e-006, -0.961425418, 1.71192554e-005, 1, 3.02514597e-006, 0.961425432, -1.1325348e-005, 0.275065698, 0.275065699, 7.80342892e-006, -0.961425432, 8.74202201e-006, 1, 1.06176298e-005, 0, 0, 0, 0, 0, 0, 0, 0.283195679, -0.0799410156, -0.194848779, -0.223089353, 0.611211908, -0.759331598, -0.830444336, 0.288696289, 0.476318359, 0.510297686, 0.736944733, 0.443335626, 0, 0, -0, 0, 0, 0, 0, 0.359896729, -0.040457666, -0.151886475, 0.249169243, 0.414547567, -0.87519603, 0.367919922, -0.876464844, -0.310302734, -0.895731751, -0.244506435, -0.370980989, 0, 1, 3, 1, 
221.146567, 24, 0.1, 0.1, 0.0189857599, 0.355426697, -0.0349689588, 0.961425299, 1.57224966e-005, 0.275066164, 0.275066164, 3.22158507e-006, -0.961425299, -1.6002155e-005, 1, -1.22741343e-006, 0.961425329, 1.09063216e-005, 0.27506606, 0.27506606, -9.82358828e-006, -0.961425329, -7.78347814e-006, 1, -1.24446055e-005, 0, 0, 0, 0, 0, 0, 0, 0.283195679, -0.0799410156, -0.194848779, -0.223089353, 0.611211908, -0.759331598, -0.830444336, 0.288696289, 0.476318359, 0.510297686, 0.736944733, 0.443335626, 0, 0, -0, 0, 0, 0, 0, 0.361117285, -0.0415526367, -0.15075708, 0.246939538, 0.416406137, -0.874927707, 0.372802734, -0.874145508, -0.310791016, -0.894370448, -0.249343543, -0.371198273, 0, 1, 3, 1, 
221.147275, 24, 0.1, 0.1, 0.0189857615, 0.355426689, -0.0349691185, 0.961425103, -2.14855082e-005, 0.275066849, 0.27506685, 1.13473011e-005, -0.961425103, 1.75354406e-005, 1, 1.68195312e-005, 0.961425147, -1.60922114e-005, 0.275066694, 0.275066694, 2.1945763e-005, -0.961425147, 9.4349082e-006, 1, 2.55256398e-005, 0, 0, 0, 0, 0, 0, 0, 0.283195679, -0.0799410156, -0.194848779, -0.223089353, 0.611211908, -0.759331598, -0.830444336, 0.288696289, 0.476318359, 0.510297686, 0.736944733, 0.443335626, 0, 0, -0, 0, 0, 0, 0, 0.361117285, -0.0415526367, -0.15075708, 0.246939538, 0.416406137, -0.874927707, 0.372802734, -0.874145508, -0.310791016, -0.894370448, -0.249343543, -0.371198273, 0, 1, 3, 1, 
221.147981, 24, 0.1, 0.1, 0.0189857607, 0.355426696, -0.0349693167, 0.961424829, 2.48742231e-005, 0.275067806, 0.275067806, -2.62533413e-005, -0.961424829, -1.66932467e-005, 0.999999999, -3.20827121e-005, 0.961424889, 1.71413544e-005, 0.275067596, 0.275067597, -2.94469022e-005, -0.961424889, -8.38023618e-006, 0.999999999, -3.30260159e-005, 0, 0, 0, 0, 0, 0, 0, 0.283195679, -0.0799410156, -0.194848779, -0.223089353, 0.611211908, -0.759331598, -0.830444336, 0.288696289, 0.476318359, 0.510297686, 0.736944733, 0.443335626, 0, 0, -0, 0, 0, 0, 0, 0.361117285, -0.0415526367, -0.15075708, 0.246939538, 0.416406137, -0.874927707, 0.372802734, -0.874145508, -0.310791016, -0.894370448, -0.249343543, -0.371198273, 0, 1, 3, 1, 
221.148713, 24, 0.1, 0.1, 0.0189857597, 0.355426694, -0.0349692833, 0.961424493, -2.10394149e-005, 0.275068981, 0.275068981, 1.87238197e-005, -0.961424493, 1.50774668e-005, 1, 2.37888293e-005, 0.961424562, -1.20272758e-005, 0.275068739, 0.275068739, 1.61427504e-005, -0.961424562, 7.12295234e-006, 1, 1.88283643e-005, 0, 0, 0, 0, 0, 0, 0, 0.28411145, -0.0813213623, -0.194379834, -0.226885353, 0.610292674, -0.758843337, -0.830810547, 0.28527832, 0.477783203, 0.508179891, 0.738944204, 0.442516742, 0, 0, -0, 0, 0, 0, 0, 0.361933447, -0.042626123, -0.150506494, 0.242211439, 0.418654432, -0.875131865, 0.377319336, -0.871582031, -0.3125, -0.893762706, -0.254385174, -0.369255847, 0, 1, 3, 1, 
221.149413, 24, 0.1, 0.1, 0.0189857606, 0.355426694, -0.0349691193, 0.961424168, 2.35223745e-005, 0.275070115, 0.275070116, -2.03163622e-005, -0.961424168, -1.70265553e-005, 1, -2.60029439e-005, 0.96142423, 1.26502442e-005, 0.2750699, 0.2750699, -1.18205644e-005, -0.96142423, -8.91076985e-006, 1, -1.48442785e-005, 0, 0, 0, 0, 0, 0, 0, 0.28411145, -0.0813213623, -0.194379834, -0.226885353, 0.610292674, -0.758843337, -0.830810547, 0.28527832, 0.477783203, 0.508179891, 0.738944204, 0.442516742, 0, 0, -0, 0, 0, 0, 0, 0.361933447, -0.042626123, -0.150506494, 0.242211439, 0.418654432, -0.875131865, 0.377319336, -0.871582031, -0.3125, -0.893762706, -0.254385174, -0.369255847, 0, 1, 3, 1, 
221.150132, 24, 0.1, 0.1, 0.0189857575, 0.355426699, -0.0349689552, 0.961423886, -1.57744324e-005, 0.275071102, 0.275071102, 6.90882508e-006, -0.961423886, 1.32654979e-005, 1, 1.09813999e-005, 0.961423933, -3.68179134e-006, 0.275070938, 0.275070938, -8.85371072e-006, -0.961423933, 5.97516082e-006, 1, -7.49941558e-006, 0, 0, 0, 0, 0, 0, 0, 0.28411145, -0.0813213623, -0.194379834, -0.226885353, 0.610292674, -0.758843337, -0.830810547, 0.28527832, 0.477783203, 0.508179891, 0.738944204, 0.442516742, 0, 0, -0, 0, 0, 0, 0, 0.361933447, -0.042626123, -0.150506494, 0.242211439, 0.418654432, -0.875131865, 0.377319336, -0.871582031, -0.3125, -0.893762706, -0.254385174, -0.369255847, 0, 1, 3, 1, 
221.150855, 24, 0.1, 0.1, 0.0189857588, 0.355426691, -0.0349687714, 0.961423709, 2.02405887e-005, 0.27507172, 0.27507172, 1.30873778e-005, -0.961423709, -2.30597494e-005, 1, 7.01490175e-006, 0.961423737, 7.80014041e-006, 0.275071624, 0.275071624, 2.38359e-005, -0.961423737, -1.40558199e-005, 1, 2.07708028e-005, 0, 0, 0, 0, 0, 0, 0, 0.28411145, -0.0813213623, -0.194379834, -0.226885353, 0.610292674, -0.758843337, -0.830810547, 0.28527832, 0.477783203, 0.508179891, 0.738944204, 0.442516742, 0, 0, -0, 0, 0, 0, 0, 0.361933447, -0.042626123, -0.150506494, 0.242211439, 0.418654432, -0.875131865, 0.377319336, -0.871582031, -0.3125, -0.893762706, -0.254385174, -0.369255847, 0, 1, 3, 1, 
221.151558, 24, 0.1, 0.1, 0.0189857543, 0.355426696, -0.0349685813, 0.961423657, -7.14414683e-006, 0.275071901, 0.275071901, -1.96416691e-005, -0.961423657, 1.2271423e-005, 1, -1.69188113e-005, 0.961423659, 3.20486757e-006, 0.275071895, 0.275071895, -2.47039685e-005, -0.961423659, 3.71413193e-006, 1, -2.46325488e-005, 0, 0, 0, 0, 0, 0, 0, 0.28411145, -0.0813213623, -0.194379834, -0.226885353, 0.610292674, -0.758843337, -0.830810547, 0.28527832, 0.477783203, 0.508179891, 0.738944204, 0.442516742, 0, 0, -0, 0, 0, 0, 0, 0.361933447, -0.042626123, -0.150506494, 0.242211439, 0.418654432, -0.875131865, 0.377319336, -0.871582031, -0.3125, -0.893762706, -0.254385174, -0.369255847, 0, 1, 3, 1, 
221.152266, 24, 0.1, 0.1, 0.0189857565, 0.355426689, -0.0349685767, 0.961423715, 9.54690662e-006, 0.275071699, 0.275071698, 3.4265411e-005, -0.961423715, -1.86040672e-005, 0.999999999, 3.03174949e-005, 0.961423697, 1.75669485e-006, 0.275071764, 0.275071764, 3.36112676e-005, -0.961423696, -1.09344387e-005, 0.999999999, 3.1831452e-005, 0, 0, 0, 0, 0, 0, 0, 0.28411145, -0.0813213623, -0.194379834, -0.226885353, 0.610292674, -0.758843337, -0.830810547, 0.28527832, 0.477783203, 0.508179891, 0.738944204, 0.442516742, 0, 0, -0, 0, 0, 0, 0, 0.361933447, -0.042626123, -0.150506494, 0.242211439, 0.418654432, -0.875131865, 0.377319336, -0.871582031, -0.3125, -0.893762706, -0.254385174, -0.369255847, 0, 1, 3, 1, 
221.152991, 24, 0.1, 0.1, 0.018985755, 0.35542669, -0.0349687288, 0.961423854, -9.24192655e-006, 0.275071214, 0.275071214, -3.1175263e-005, -0.961423854, 1.74608261e-005, 0.999999999, -2.74304536e-005, 0.961423819, -1.85410928e-006, 0.275071336, 0.275071336, -2.30369838e-005, -0.961423819, 8.11939873e-006, 1, -2.16382926e-005, 0, 0, 0, 0, 0, 0, 0, 0.28411145, -0.0813213623, -0.194379834, -0.230421122, 0.609252872, -0.758634403, -0.831054687, 0.282226562, 0.479125977, 0.506144471, 0.740962772, 0.441494914, 0, 0, -0, 0, 0, 0, 0, 0.361933447, -0.042626123, -0.150506494, 0.242211439, 0.418654432, -0.875131865, 0.377319336, -0.871582031, -0.3125, -0.893762706, -0.254385174, -0.369255847, 0, 1, 3, 1, 
221.153711, 24, 0.1, 0.1, 0.0189857569, 0.355426692, -0.0349687133, 0.961424021, 5.92483297e-006, 0.275070629, 0.275070629, 2.60896249e-005, -0.961424021, -1.28727663e-005, 1, 2.34534446e-005, 0.961423989, 1.42798579e-006, 0.275070742, 0.275070742, 1.27175012e-005, -0.961423989, -4.87111227e-006, 1, 1.18341136e-005, 0, 0, 0, 0, 0, 0, 0, 0.285264014, -0.0829310547, -0.193925781, -0.230421122, 0.609252872, -0.758634403, -0.831054687, 0.282226562, 0.479125977, 0.506144471, 0.740962772, 0.441494914, 0, 0, -0, 0, 0, 0, 0, 0.363082471, -0.0437740723, -0.150057813, 0.239048801, 0.419624912, -0.875515026, 0.381225586, -0.869750977, -0.312866211, -0.892867686, -0.258947395, -0.367945949, 0, 1, 3, 1, 
221.154409, 24, 0.1, 0.1, 0.0189857583, 0.355426687, -0.0349688535, 0.961424153, -1.41966197e-005, 0.275070169, 0.275070169, -1.59619582e-005, -0.961424153, 1.80396316e-005, 1, -1.14411456e-005, 0.961424134, -1.202547e-005, 0.275070236, 0.275070236, 3.40577931e-006, -0.961424134, 1.06247486e-005, 1, 6.5822473e-006, 0, 0, 0, 0, 0, 0, 0, 0.285264014, -0.0829310547, -0.193925781, -0.230421122, 0.609252872, -0.758634403, -0.831054687, 0.282226562, 0.479125977, 0.506144471, 0.740962772, 0.441494914, 0, 0, -0, 0, 0, 0, 0, 0.363082471, -0.0437740723, -0.150057813, 0.239048801, 0.419624912, -0.875515026, 0.381225586, -0.869750977, -0.312866211, -0.892867686, -0.258947395, -0.367945949, 0, 1, 3, 1, 
221.155117, 24, 0.1, 0.1, 0.0189857574, 0.355426694, -0.0349691388, 0.961424202, 1.835867e-005, 0.275069999, 0.275069999, -3.04352658e-006, -0.961424202, -1.68132868e-005, 1, -7.97603946e-006, 0.9614242, 1.39199189e-005, 0.275070006, 0.275070006, -1.74396195e-005, -0.9614242, -8.58583061e-006, 1, -2.05958244e-005, 0, 0, 0, 0, 0, 0, 0, 0.285264014, -0.0829310547, -0.193925781, -0.230421122, 0.609252872, -0.758634403, -0.831054687, 0.282226562, 0.479125977, 0.506144471, 0.740962772, 0.441494914, 0, 0, -0, 0, 0, 0, 0, 0.363082471, -0.0437740723, -0.150057813, 0.239048801, 0.419624912, -0.875515026, 0.381225586, -0.869750977, -0.312866211, -0.892867686, -0.258947395, -0.367945949, 0, 1, 3, 1, 
221.155824, 24, 0.1, 0.1, 0.0189857585, 0.355426687, -0.0349694527, 0.961424146, -2.01665566e-005, 0.275070192, 0.275070192, 1.23510172e-005, -0.961424146, 1.59912178e-005, 1, 1.74217848e-005, 0.961424165, -1.43183481e-005, 0.275070127, 0.275070127, 2.15784178e-005, -0.961424165, 7.83042778e-006, 1, 2.46845621e-005, 0, 0, 0, 0, 0, 0, 0, 0.285264014, -0.0829310547, -0.193925781, -0.230421122, 0.609252872, -0.758634403, -0.831054687, 0.282226562, 0.479125977, 0.506144471, 0.740962772, 0.441494914, 0, 0, -0, 0, 0, 0, 0, 0.363082471, -0.0437740723, -0.150057813, 0.239048801, 0.419624912, -0.875515026, 0.381225586, -0.869750977, -0.312866211, -0.892867686, -0.258947395, -0.367945949, 0, 1, 3, 1, 
221.156523, 24, 0.1, 0.1, 0.0189857578, 0.355426693, -0.0349697168, 0.961424, 2.36117923e-005, 0.275070702, 0.275070702, -2.14172041e-005, -0.961424, -1.68096984e-005, 0.999999999, -2.70859263e-005, 0.961424036, 1.60985319e-005, 0.275070577, 0.275070577, -2.48772507e-005, -0.961424036, -8.63451586e-006, 1, -2.83458192e-005, 0, 0, 0, 0, 0, 0, 0, 0.285264014, -0.0829310547, -0.193925781, -0.230421122, 0.609252872, -0.758634403, -0.831054687, 0.282226562, 0.479125977, 0.506144471, 0.740962772, 0.441494914, 0, 0, -0, 0, 0, 0, 0, 0.363082471, -0.0437740723, -0.150057813, 0.239048801, 0.419624912, -0.875515026, 0.381225586, -0.869750977, -0.312866211, -0.892867686, -0.258947395, -0.367945949, 0, 1, 3, 1, 
221.157225, 24, 0.1, 0.1, 0.0189857569, 0.35542669, -0.0349698591, 0.961423791, -1.98589881e-005, 0.275071435, 0.275071435, 2.14409983e-005, -0.961423791, 1.31950974e-005, 1, 2.60765262e-005, 0.961423836, -1.12580977e-005, 0.275071278, 0.275071278, 1.89417132e-005, -0.961423836, 5.61348224e-006, 1, 2.13077938e-005, 0, 0, 0, 0, 0, 0, 0, 0.285264014, -0.0829310547, -0.193925781, -0.230421122, 0.609252872, -0.758634403, -0.831054687, 0.282226562, 0.479125977, 0.506144471, 0.740962772, 0.441494914, 0, 0, -0, 0, 0, 0, 0, 0.363082471, -0.0437740723, -0.150057813, 0.239048801, 0.419624912, -0.875515026, 0.381225586, -0.869750977, -0.312866211, -0.892867686, -0.258947395, -0.367945949, 0, 1, 3, 1, 
221.157946, 24, 0.1, 0.1, 0.0189857572, 0.355426689, -0.0349697619, 0.961423559, 2.51336344e-005, 0.275072244, 0.275072244, -1.90102565e-005, -0.961423559, -1.89348743e-005, 1, -2.51904737e-005, 0.961423602, 1.47484212e-005, 0.275072093, 0.275072093, -1.04861522e-005, -0.961423602, -1.12950324e-005, 1, -1.41385133e-005, 0, 0, 0, 0, 0, 0, 0, 0.286403149, -0.0838500244, -0.193225537, -0.234147851, 0.608612965, -0.758031565, -0.83190918, 0.277832031, 0.480102539, 0.502903377, 0.743165186, 0.441399434, 0, 0, -0, 0, 0, 0, 0, 0.363082471, -0.0437740723, -0.150057813, 0.239048801, 0.419624912, -0.875515026, 0.381225586, -0.869750977, -0.312866211, -0.892867686, -0.258947395, -0.367945949, 0, 1, 3, 1, 
221.158661, 24, 0.1, 0.1, 0.0189857534, 0.355426693, -0.0349692509, 0.961423368, -1.3871009e-005, 0.275072911, 0.275072911, 6.37456763e-006, -0.961423368, 1.15824413e-005, 1, 9.94419711e-006, 0.961423398, -1.66667283e-006, 0.275072809, 0.275072809, -9.01817837e-006, -0.961423398, 4.08303391e-006, 1, -8.21183131e-006, 0, 0, 0, 0, 0, 0, 0, 0.286403149, -0.0838500244, -0.193225537, -0.234147851, 0.608612965, -0.758031565, -0.83190918, 0.277832031, 0.480102539, 0.502903377, 0.743165186, 0.441399434, 0, 0, -0, 0, 0, 0, 0, 0.363763525, -0.0446692383, -0.149382715, 0.235496439, 0.421291718, -0.875738506, 0.386230469, -0.867431641, -0.313476562, -0.891768142, -0.264295629, -0.366987496, 0, 1, 3, 1, 
221.159369, 24, 0.1, 0.1, 0.0189857549, 0.355426686, -0.0349687751, 0.961423271, 1.86095292e-005, 0.275073253, 0.275073253, 1.34338993e-005, -0.961423271, -2.15869408e-005, 1, 7.79667971e-006, 0.961423282, 7.62792576e-006, 0.275073214, 0.275073214, 2.32551883e-005, -0.961423282, -1.37305448e-005, 1, 2.02598414e-005, 0, 0, 0, 0, 0, 0, 0, 0.286403149, -0.0838500244, -0.193225537, -0.234147851, 0.608612965, -0.758031565, -0.83190918, 0.277832031, 0.480102539, 0.502903377, 0.743165186, 0.441399434, 0, 0, -0, 0, 0, 0, 0, 0.363763525, -0.0446692383, -0.149382715, 0.235496439, 0.421291718, -0.875738506, 0.386230469, -0.867431641, -0.313476562, -0.891768142, -0.264295629, -0.366987496, 0, 1, 3, 1, 
221.160067, 24, 0.1, 0.1, 0.0189857513, 0.355426691, -0.0349685636, 0.961423282, -9.80678176e-006, 0.275073213, 0.275073212, -1.94409646e-005, -0.961423282, 1.47761569e-005, 1, -1.5993413e-005, 0.961423272, 5.08943333e-007, 0.275073248, 0.275073248, -2.42947783e-005, -0.961423272, 6.19353362e-006, 1, -2.3497562e-005, 0, 0, 0, 0, 0, 0, 0, 0.286403149, -0.0838500244, -0.193225537, -0.234147851, 0.608612965, -0.758031565, -0.83190918, 0.277832031, 0.480102539, 0.502903377, 0.743165186, 0.441399434, 0, 0, -0, 0, 0, 0, 0, 0.363763525, -0.0446692383, -0.149382715, 0.235496439, 0.421291718, -0.875738506, 0.386230469, -0.867431641, -0.313476562, -0.891768142, -0.264295629, -0.366987496, 0, 1, 3, 1, 
