time, trialNum, realDorsalTactorPos, realVentralTactorPos, boxPosX, boxPosY, boxPosZ, boxLocalRot_11, boxLocalRot_12, boxLocalRot_13, boxLocalRot_21, boxLocalRot_22, boxLocalRot_23, boxLocalRot_31, boxLocalRot_32, boxLocalRot_33, boxGlobalRot_11, boxGlobalRot_12, boxGlobalRot_13, boxGlobalRot_21, boxGlobalRot_22, boxGlobalRot_23, boxGlobalRot_31, boxGlobalRot_32, boxGlobalRot_33, indexForceX, indexForceY, indexForceZ, indexForceGlobalX, indexForceGlobalY, indexForceGlobalZ, indexContact, indexPosX, indexPosY, indexPosZ, indexRot_11, indexRot_12, indexRot_13, indexRot_21, indexRot_22, indexRot_23, indexRot_31, indexRot_32, indexRot_33, thumbForceX, thumbForceY, thumbForceZ, thumbForceGlobalX, thumbForceGlobalY, thumbForceGlobalZ, thumbContact, thumbPosX, thumbPosY, thumbPosZ, thumbRot_11, thumbRot_12, thumbRot_13, thumbRot_21, thumbRot_22, thumbRot_23, thumbRot_31, thumbRot_32, thumbRot_33, manipForceTooHigh, cceExpType, mapping, trialSuccess, 
248.028887, 27, 0.1, 0.1, -0.00406269109, 0.357703456, -0.0349684667, 0.939035143, -3.72482917e-006, 0.343821174, 0.343821174, 1.11054669e-005, -0.939035143, -3.2054919e-007, 1, 1.17090989e-005, 0.939035158, 1.29915295e-006, 0.343821134, 0.343821134, 6.54740491e-006, -0.939035158, -3.47108648e-006, 1, 5.70156716e-006, 0, 0, 0, 0, 0, 0, 0, 0.265744531, -0.102658447, -0.228278271, -0.120627617, 0.599034598, -0.791484934, -0.877319336, 0.30847168, 0.36730957, 0.464283685, 0.738873429, 0.488472001, 0, 0, -0, 0, 0, 0, 0, 0.344087695, -0.0656105957, -0.189255762, 0.237640053, 0.375807471, -0.895661424, 0.187133789, -0.922485352, -0.337402344, -0.953036936, -0.0872942625, -0.289544203, 0, 1, 5, 1, 
248.061244, 27, 0.1, 0.1, -0.00406276911, 0.357703462, -0.0349645772, 0.939028295, 1.5896558e-005, 0.343839876, 0.343839876, -4.14632958e-007, -0.939028295, -1.47847504e-005, 1, -5.85522261e-006, 0.939028396, 1.86930328e-005, 0.343839601, 0.343839601, -7.01546102e-006, -0.939028396, -1.51410953e-005, 1, -1.30151221e-005, 0, 0, 0, 0, 0, 0, 0, 0.2745896, -0.116045874, -0.223415845, -0.146485187, 0.60271564, -0.78427748, -0.89050293, 0.264648437, 0.369873047, 0.43055999, 0.752750666, 0.498082951, 0, 0, -0, 0, 0, 0, 0, 0.350806299, -0.0761449707, -0.184642041, 0.215757149, 0.376386358, -0.900957885, 0.238037109, -0.915039063, -0.325317383, -0.946867675, -0.144186036, -0.287032316, 0, 1, 5, 1, 
248.062006, 27, 0.1, 0.1, -0.00406276788, 0.357703461, -0.0349646146, 0.939027731, -2.05972002e-006, 0.343841418, 0.343841418, -8.91610791e-006, -0.939027731, 4.99986141e-006, 1, -7.66425552e-006, 0.939027844, -1.42140189e-005, 0.343841107, 0.343841107, 1.4082409e-006, -0.939027845, 1.28631484e-005, 1, 6.2097414e-006, 0, 0, 0, 0, 0, 0, 0, 0.27580271, -0.118150269, -0.222143408, -0.148720924, 0.600686211, -0.785534451, -0.892089844, 0.261230469, 0.368652344, 0.426588378, 0.755543934, 0.497169708, 0, 0, -0, 0, 0, 0, 0, 0.350806299, -0.0761449707, -0.184642041, 0.214671098, 0.374883963, -0.901769417, 0.242919922, -0.914794922, -0.322509766, -0.94587714, -0.149744624, -0.28748584, 0, 1, 5, 1, 
248.062712, 27, 0.1, 0.1, -0.00406277222, 0.357703461, -0.0349656866, 0.939027188, -1.06638454e-005, 0.343842899, 0.343842899, 1.08095789e-005, -0.939027188, 6.29684382e-006, 1, 1.3817176e-005, 0.939027305, 4.10044508e-006, 0.343842581, 0.343842581, 9.40153364e-006, -0.939027305, -7.08307748e-006, 1, 7.41838918e-006, 0, 0, 0, 0, 0, 0, 0, 0.27580271, -0.118150269, -0.222143408, -0.148720924, 0.600686211, -0.785534451, -0.892089844, 0.261230469, 0.368652344, 0.426588378, 0.755543934, 0.497169708, 0, 0, -0, 0, 0, 0, 0, 0.351648242, -0.0777007324, -0.183589063, 0.214671098, 0.374883963, -0.901769417, 0.242919922, -0.914794922, -0.322509766, -0.94587714, -0.149744624, -0.28748584, 0, 1, 5, 1, 
248.063411, 27, 0.1, 0.1, -0.00406277311, 0.357703462, -0.0349677042, 0.939026642, 1.41424775e-005, 0.343844391, 0.343844391, -6.3588499e-006, -0.939026642, -1.10937083e-005, 1, -1.0833941e-005, 0.939026752, 8.90418397e-006, 0.343844091, 0.343844091, -8.55071386e-006, -0.939026752, -5.42115451e-006, 1, -1.10910001e-005, 0, 0, 0, 0, 0, 0, 0, 0.27580271, -0.118150269, -0.222143408, -0.148720924, 0.600686211, -0.785534451, -0.892089844, 0.261230469, 0.368652344, 0.426588378, 0.755543934, 0.497169708, 0, 0, -0, 0, 0, 0, 0, 0.351648242, -0.0777007324, -0.183589063, 0.214671098, 0.374883963, -0.901769417, 0.242919922, -0.914794922, -0.322509766, -0.94587714, -0.149744624, -0.28748584, 0, 1, 5, 1, 
248.064152, 27, 0.1, 0.1, -0.00406277276, 0.357703461, -0.0349700478, 0.939026061, -1.34311727e-005, 0.343845977, 0.343845977, -1.04505486e-006, -0.939026062, 1.29715591e-005, 1, 3.63692095e-006, 0.939026187, -1.61615595e-005, 0.343845633, 0.343845634, 5.23953937e-006, -0.939026187, 1.33745349e-005, 1, 1.04771463e-005, 0, 0, 0, 0, 0, 0, 0, 0.27580271, -0.118150269, -0.222143408, -0.148720924, 0.600686211, -0.785534451, -0.892089844, 0.261230469, 0.368652344, 0.426588378, 0.755543934, 0.497169708, 0, 0, -0, 0, 0, 0, 0, 0.351648242, -0.0777007324, -0.183589063, 0.214671098, 0.374883963, -0.901769417, 0.242919922, -0.914794922, -0.322509766, -0.94587714, -0.149744624, -0.28748584, 0, 1, 5, 1, 
248.064905, 27, 0.1, 0.1, -0.00406277727, 0.357703463, -0.0349712801, 0.939025468, 2.89841995e-006, 0.343847597, 0.343847596, 6.20224597e-006, -0.939025468, -4.85431752e-006, 1, 4.8274522e-006, 0.939025586, 1.2478901e-005, 0.343847274, 0.343847274, -2.60516084e-006, -0.939025587, -1.08222298e-005, 1, -6.73714877e-006, 0, 0, 0, 0, 0, 0, 0, 0.27580271, -0.118150269, -0.222143408, -0.148720924, 0.600686211, -0.785534451, -0.892089844, 0.261230469, 0.368652344, 0.426588378, 0.755543934, 0.497169708, 0, 0, -0, 0, 0, 0, 0, 0.351962158, -0.0793813477, -0.18317041, 0.212543472, 0.374480746, -0.902478504, 0.246459961, -0.91418457, -0.321289062, -0.945487049, -0.154082998, -0.286578426, 0, 1, 5, 1, 
248.065603, 27, 0.1, 0.1, -0.00406277708, 0.357703463, -0.0349715335, 0.939024919, 9.05118839e-006, 0.343849096, 0.343849097, -7.18790978e-006, -0.939024919, -6.02773517e-006, 1, -9.86186935e-006, 0.939025028, -2.18968394e-006, 0.3438488, 0.3438488, -6.65535858e-006, -0.939025028, 4.34460508e-006, 1, -5.49662808e-006, 0, 0, 0, 0, 0, 0, 0, 0.27580271, -0.118150269, -0.222143408, -0.148720924, 0.600686211, -0.785534451, -0.892089844, 0.261230469, 0.368652344, 0.426588378, 0.755543934, 0.497169708, 0, 0, -0, 0, 0, 0, 0, 0.351962158, -0.0793813477, -0.18317041, 0.212543472, 0.374480746, -0.902478504, 0.246459961, -0.91418457, -0.321289062, -0.945487049, -0.154082998, -0.286578426, 0, 1, 5, 1, 
248.066313, 27, 0.1, 0.1, -0.00406277897, 0.357703462, -0.0349710654, 0.939024366, -1.41173948e-005, 0.343850606, 0.343850606, 7.99630535e-006, -0.939024366, 1.05070432e-005, 1, 1.23630003e-005, 0.939024475, -9.63668084e-006, 0.34385031, 0.34385031, 1.03009997e-005, -0.939024475, 5.50707723e-006, 1, 1.29864665e-005, 0, 0, 0, 0, 0, 0, 0, 0.27580271, -0.118150269, -0.222143408, -0.148720924, 0.600686211, -0.785534451, -0.892089844, 0.261230469, 0.368652344, 0.426588378, 0.755543934, 0.497169708, 0, 0, -0, 0, 0, 0, 0, 0.351962158, -0.0793813477, -0.18317041, 0.212543472, 0.374480746, -0.902478504, 0.246459961, -0.91418457, -0.321289062, -0.945487049, -0.154082998, -0.286578426, 0, 1, 5, 1, 
248.067059, 27, 0.1, 0.1, -0.00406278284, 0.357703463, -0.0349696357, 0.939023785, 1.36515319e-005, 0.343852192, 0.343852192, -1.31697595e-007, -0.939023786, -1.27738287e-005, 1, -4.81777636e-006, 0.939023892, 1.65982132e-005, 0.343851901, 0.343851901, -5.38816996e-006, -0.939023892, -1.37333863e-005, 1, -1.07669475e-005, 0, 0, 0, 0, 0, 0, 0, 0.276341089, -0.119959399, -0.221690088, -0.151196673, 0.600153767, -0.7853697, -0.892456055, 0.258666992, 0.369506836, 0.425003027, 0.756864185, 0.496649246, 0, 0, -0, 0, 0, 0, 0, 0.351962158, -0.0793813477, -0.18317041, 0.212543472, 0.374480746, -0.902478504, 0.246459961, -0.91418457, -0.321289062, -0.945487049, -0.154082998, -0.286578426, 0, 1, 5, 1, 
248.067761, 27, 0.1, 0.1, -0.00406278197, 0.357703462, -0.0349681184, 0.93902324, -2.36432594e-006, 0.343853681, 0.343853681, -8.64347734e-006, -0.93902324, 5.19224851e-006, 1, -7.30344392e-006, 0.939023348, -1.2212938e-005, 0.343853387, 0.343853388, 2.34456833e-007, -0.939023348, 1.13876152e-005, 1, 4.41962055e-006, 0, 0, 0, 0, 0, 0, 0, 0.276341089, -0.119959399, -0.221690088, -0.151196673, 0.600153767, -0.7853697, -0.892456055, 0.258666992, 0.369506836, 0.425003027, 0.756864185, 0.496649246, 0, 0, -0, 0, 0, 0, 0, 0.351962158, -0.0793813477, -0.18317041, 0.212543472, 0.374480746, -0.902478504, 0.246459961, -0.91418457, -0.321289062, -0.945487049, -0.154082998, -0.286578426, 0, 1, 5, 1, 
248.068458, 27, 0.1, 0.1, -0.00406278558, 0.357703463, -0.0349671168, 0.93902269, -1.1053872e-005, 0.343855184, 0.343855184, 9.28345881e-006, -0.93902269, 7.18767121e-006, 1, 1.25183097e-005, 0.939022801, 2.13485992e-006, 0.343854882, 0.343854882, 8.09111573e-006, -0.939022801, -4.78685178e-006, 1, 6.86366015e-006, 0, 0, 0, 0, 0, 0, 0, 0.276341089, -0.119959399, -0.221690088, -0.151196673, 0.600153767, -0.7853697, -0.892456055, 0.258666992, 0.369506836, 0.425003027, 0.756864185, 0.496649246, 0, 0, -0, 0, 0, 0, 0, 0.351962158, -0.0793813477, -0.18317041, 0.212543472, 0.374480746, -0.902478504, 0.246459961, -0.91418457, -0.321289062, -0.945487049, -0.154082998, -0.286578426, 0, 1, 5, 1, 
248.069205, 27, 0.1, 0.1, -0.0040627873, 0.357703464, -0.0349666558, 0.939022097, 1.78632749e-005, 0.343856803, 0.343856803, -5.73316572e-006, -0.939022097, -1.48026219e-005, 1, -1.15259779e-005, 0.939022227, 1.19351831e-005, 0.343856447, 0.343856447, -9.19114637e-006, -0.939022227, -8.04696726e-006, 1, -1.27346804e-005, 0, 0, 0, 0, 0, 0, 0, 0.276341089, -0.119959399, -0.221690088, -0.153748807, 0.599519851, -0.785325516, -0.892944336, 0.255981445, 0.370239258, 0.422935407, 0.758324098, 0.496147881, 0, 0, -0, 0, 0, 0, 0, 0.351962158, -0.0793813477, -0.18317041, 0.212543472, 0.374480746, -0.902478504, 0.246459961, -0.91418457, -0.321289062, -0.945487049, -0.154082998, -0.286578426, 0, 1, 5, 1, 
248.069918, 27, 0.1, 0.1, -0.00406278757, 0.357703462, -0.0349664766, 0.939021521, -1.30149964e-005, 0.343858376, 0.343858377, 2.59111067e-006, -0.939021521, 1.13303866e-005, 1, 6.9084242e-006, 0.939021632, -1.54206634e-005, 0.343858073, 0.343858073, 8.91509198e-006, -0.939021632, 1.14148101e-005, 1, 1.36739838e-005, 0, 0, 0, 0, 0, 0, 0, 0.277097339, -0.121773291, -0.221019629, -0.153748807, 0.599519851, -0.785325516, -0.892944336, 0.255981445, 0.370239258, 0.422935407, 0.758324098, 0.496147881, 0, 0, -0, 0, 0, 0, 0, 0.352484424, -0.0808321289, -0.182751758, 0.210160282, 0.37421169, -0.90318759, 0.250244141, -0.913574219, -0.3203125, -0.945001076, -0.158530015, -0.285671012, 0, 1, 5, 1, 
248.070615, 27, 0.1, 0.1, -0.00406279169, 0.357703463, -0.0349672143, 0.939020956, 2.17790908e-006, 0.34385992, 0.34385992, 7.72667895e-006, -0.939020956, -4.70199747e-006, 1, 6.50661781e-006, 0.939021066, 1.25070888e-005, 0.343859619, 0.343859619, -7.68748475e-007, -0.939021066, -1.14800783e-005, 1, -5.02255379e-006, 0, 0, 0, 0, 0, 0, 0, 0.277097339, -0.121773291, -0.221019629, -0.153748807, 0.599519851, -0.785325516, -0.892944336, 0.255981445, 0.370239258, 0.422935407, 0.758324098, 0.496147881, 0, 0, -0, 0, 0, 0, 0, 0.352484424, -0.0808321289, -0.182751758, 0.210160282, 0.37421169, -0.90318759, 0.250244141, -0.913574219, -0.3203125, -0.945001076, -0.158530015, -0.285671012, 0, 1, 5, 1, 
248.071328, 27, 0.1, 0.1, -0.00406279048, 0.357703464, -0.0349685437, 0.939020374, 8.54336798e-006, 0.343861509, 0.343861509, -1.06765308e-005, -0.939020374, -4.35114861e-006, 1, -1.29632153e-005, 0.939020496, -4.84012517e-006, 0.343861176, 0.343861176, -9.30369017e-006, -0.939020496, 7.74415459e-006, 1, -7.07202462e-006, 0, 0, 0, 0, 0, 0, 0, 0.277097339, -0.121773291, -0.221019629, -0.153748807, 0.599519851, -0.785325516, -0.892944336, 0.255981445, 0.370239258, 0.422935407, 0.758324098, 0.496147881, 0, 0, -0, 0, 0, 0, 0, 0.352484424, -0.0808321289, -0.182751758, 0.210160282, 0.37421169, -0.90318759, 0.250244141, -0.913574219, -0.3203125, -0.945001076, -0.158530015, -0.285671012, 0, 1, 5, 1, 
248.072054, 27, 0.1, 0.1, -0.00406279253, 0.357703464, -0.0349696807, 0.939019779, -1.40575383e-005, 0.343863133, 0.343863133, 5.13373604e-006, -0.939019779, 1.1435004e-005, 1, 9.65454885e-006, 0.939019893, -9.44653166e-006, 0.343862821, 0.343862821, 7.43343513e-006, -0.939019893, 6.31439918e-006, 1, 1.02284545e-005, 0, 0, 0, 0, 0, 0, 0, 0.277097339, -0.121773291, -0.221019629, -0.153748807, 0.599519851, -0.785325516, -0.892944336, 0.255981445, 0.370239258, 0.422935407, 0.758324098, 0.496147881, 0, 0, -0, 0, 0, 0, 0, 0.352484424, -0.0808321289, -0.182751758, 0.210160282, 0.37421169, -0.90318759, 0.250244141, -0.913574219, -0.3203125, -0.945001076, -0.158530015, -0.285671012, 0, 1, 5, 1, 
248.072751, 27, 0.1, 0.1, -0.00406279565, 0.357703466, -0.0349706105, 0.939019216, 1.26802667e-005, 0.343864672, 0.343864672, -1.12108647e-006, -0.939019216, -1.1521512e-005, 1, -5.41301747e-006, 0.939019327, 1.48926756e-005, 0.343864368, 0.343864368, -6.45231046e-006, -0.939019327, -1.17657905e-005, 1, -1.11799047e-005, 0, 0, 0, 0, 0, 0, 0, 0.277097339, -0.121773291, -0.221019629, -0.153748807, 0.599519851, -0.785325516, -0.892944336, 0.255981445, 0.370239258, 0.422935407, 0.758324098, 0.496147881, 0, 0, -0, 0, 0, 0, 0, 0.352484424, -0.0808321289, -0.182751758, 0.210160282, 0.37421169, -0.90318759, 0.250244141, -0.913574219, -0.3203125, -0.945001076, -0.158530015, -0.285671012, 0, 1, 5, 1, 
248.073458, 27, 0.1, 0.1, -0.00406279497, 0.357703465, -0.0349710683, 0.939018648, -1.64562508e-006, 0.343866222, 0.343866222, -7.27190065e-006, -0.939018648, 4.04583364e-006, 1, -6.26257544e-006, 0.939018759, -1.07318268e-005, 0.343865918, 0.343865918, 9.15870506e-007, -0.939018759, 9.76245004e-006, 1, 4.55032906e-006, 0, 0, 0, 0, 0, 0, 0, 0.277097339, -0.121773291, -0.221019629, -0.153748807, 0.599519851, -0.785325516, -0.892944336, 0.255981445, 0.370239258, 0.422935407, 0.758324098, 0.496147881, 0, 0, -0, 0, 0, 0, 0, 0.352484424, -0.0808321289, -0.182751758, 0.210160282, 0.37421169, -0.90318759, 0.250244141, -0.913574219, -0.3203125, -0.945001076, -0.158530015, -0.285671012, 0, 1, 5, 1, 
248.07422, 27, 0.1, 0.1, -0.00406279839, 0.357703465, -0.0349705947, 0.939018041, -1.18371504e-005, 0.343867881, 0.343867881, 8.93350816e-006, -0.939018041, 8.04335122e-006, 1, 1.24591411e-005, 0.939018165, 1.22713886e-006, 0.34386754, 0.34386754, 8.34898789e-006, -0.939018165, -4.02325161e-006, 1, 7.41787807e-006, 0, 0, 0, 0, 0, 0, 0, 0.278231104, -0.12288291, -0.220535913, -0.15755192, 0.59954606, -0.784627199, -0.894042969, 0.250732422, 0.37109375, 0.419212043, 0.760050234, 0.496655238, 0, 0, -0, 0, 0, 0, 0, 0.352484424, -0.0808321289, -0.182751758, 0.207253207, 0.374836921, -0.903506952, 0.255615234, -0.912231445, -0.319946289, -0.944201937, -0.164478693, -0.284968122, 0, 1, 5, 1, 
248.07492, 27, 0.1, 0.1, -0.00406279896, 0.357703466, -0.0349694246, 0.939017482, 1.3613975e-005, 0.343869406, 0.343869406, -7.02178065e-006, -0.939017482, -1.0369185e-005, 1, -1.12750043e-005, 0.939017594, 8.5198104e-006, 0.343869101, 0.343869101, -9.31249257e-006, -0.939017594, -4.79797342e-006, 1, -1.16742939e-005, 0, 0, 0, 0, 0, 0, 0, 0.278231104, -0.12288291, -0.220535913, -0.15755192, 0.59954606, -0.784627199, -0.894042969, 0.250732422, 0.37109375, 0.419212043, 0.760050234, 0.496655238, 0, 0, -0, 0, 0, 0, 0, 0.353201855, -0.0815855957, -0.182088379, 0.207253207, 0.374836921, -0.903506952, 0.255615234, -0.912231445, -0.319946289, -0.944201937, -0.164478693, -0.284968122, 0, 1, 5, 1, 
248.07562, 27, 0.1, 0.1, -0.00406279879, 0.357703465, -0.0349683261, 0.939016926, -1.14245165e-005, 0.343870924, 0.343870924, 1.4629064e-007, -0.939016926, 1.06775092e-005, 1, 4.06592843e-006, 0.939017035, -1.45537478e-005, 0.343870626, 0.343870626, 5.74851915e-006, -0.939017035, 1.16894702e-005, 1, 1.04025638e-005, 0, 0, 0, 0, 0, 0, 0, 0.278231104, -0.12288291, -0.220535913, -0.15755192, 0.59954606, -0.784627199, -0.894042969, 0.250732422, 0.37109375, 0.419212043, 0.760050234, 0.496655238, 0, 0, -0, 0, 0, 0, 0, 0.353201855, -0.0815855957, -0.182088379, 0.207253207, 0.374836921, -0.903506952, 0.255615234, -0.912231445, -0.319946289, -0.944201937, -0.164478693, -0.284968122, 0, 1, 5, 1, 
248.076346, 27, 0.1, 0.1, -0.00406280383, 0.357703466, -0.0349674959, 0.939016351, 4.73061135e-006, 0.343872496, 0.343872496, 9.03940139e-006, -0.939016351, -7.55052292e-006, 1, 6.86141857e-006, 0.939016467, 1.53682989e-005, 0.343872178, 0.343872178, -3.42123994e-007, -0.939016467, -1.43134388e-005, 1, -5.60599048e-006, 0, 0, 0, 0, 0, 0, 0, 0.278231104, -0.12288291, -0.220535913, -0.15755192, 0.59954606, -0.784627199, -0.894042969, 0.250732422, 0.37109375, 0.419212043, 0.760050234, 0.496655238, 0, 0, -0, 0, 0, 0, 0, 0.353201855, -0.0815855957, -0.182088379, 0.207253207, 0.374836921, -0.903506952, 0.255615234, -0.912231445, -0.319946289, -0.944201937, -0.164478693, -0.284968122, 0, 1, 5, 1, 
248.077054, 27, 0.1, 0.1, -0.0040628033, 0.357703467, -0.0349669927, 0.939015776, 1.12485998e-005, 0.343874065, 0.343874066, -9.49897971e-006, -0.939015776, -7.29615989e-006, 1, -1.27877935e-005, 0.939015889, -1.75364068e-006, 0.343873755, 0.343873755, -8.20825444e-006, -0.939015889, 4.46929974e-006, 1, -7.10465034e-006, 0, 0, 0, 0, 0, 0, 0, 0.278231104, -0.12288291, -0.220535913, -0.15755192, 0.59954606, -0.784627199, -0.894042969, 0.250732422, 0.37109375, 0.419212043, 0.760050234, 0.496655238, 0, 0, -0, 0, 0, 0, 0, 0.353201855, -0.0815855957, -0.182088379, 0.207253207, 0.374836921, -0.903506952, 0.255615234, -0.912231445, -0.319946289, -0.944201937, -0.164478693, -0.284968122, 0, 1, 5, 1, 
248.077755, 27, 0.1, 0.1, -0.00406280514, 0.357703466, -0.0349672447, 0.939015208, -1.56976386e-005, 0.343875615, 0.343875615, 5.21222745e-006, -0.939015208, 1.29479634e-005, 1, 1.0292396e-005, 0.939015322, -1.03089665e-005, 0.343875305, 0.343875305, 8.07616105e-006, -0.939015322, 6.90308513e-006, 1, 1.1128638e-005, 0, 0, 0, 0, 0, 0, 0, 0.278231104, -0.12288291, -0.220535913, -0.15755192, 0.59954606, -0.784627199, -0.894042969, 0.250732422, 0.37109375, 0.419212043, 0.760050234, 0.496655238, 0, 0, -0, 0, 0, 0, 0, 0.353201855, -0.0815855957, -0.182088379, 0.207253207, 0.374836921, -0.903506952, 0.255615234, -0.912231445, -0.319946289, -0.944201937, -0.164478693, -0.284968122, 0, 1, 5, 1, 
248.07846, 27, 0.1, 0.1, -0.00406280785, 0.357703469, -0.0349681166, 0.939014636, 1.19276153e-005, 0.343877178, 0.343877178, -2.46544641e-006, -0.939014636, -1.03523945e-005, 1, -6.41672494e-006, 0.939014752, 1.45156085e-005, 0.343876861, 0.343876861, -8.61456349e-006, -0.939014752, -1.06680215e-005, 1, -1.30807841e-005, 0, 0, 0, 0, 0, 0, 0, 0.278231104, -0.12288291, -0.220535913, -0.15755192, 0.59954606, -0.784627199, -0.894042969, 0.250732422, 0.37109375, 0.419212043, 0.760050234, 0.496655238, 0, 0, -0, 0, 0, 0, 0, 0.353201855, -0.0815855957, -0.182088379, 0.207253207, 0.374836921, -0.903506952, 0.255615234, -0.912231445, -0.319946289, -0.944201937, -0.164478693, -0.284968122, 0, 1, 5, 1, 
248.079214, 27, 0.1, 0.1, -0.00406280522, 0.357703467, -0.0349687932, 0.939014019, -6.0649592e-006, 0.343878863, 0.343878863, -7.32818081e-006, -0.939014019, 8.2150882e-006, 1, -4.79565324e-006, 0.939014132, -1.6151578e-005, 0.343878555, 0.343878555, 8.90747939e-007, -0.939014132, 1.48602509e-005, 1, 6.39060619e-006, 0, 0, 0, 0, 0, 0, 0, 0.278868945, -0.123783569, -0.220048779, -0.162294485, 0.599267855, -0.783846507, -0.895141602, 0.244750977, 0.372436523, 0.415019514, 0.762195361, 0.496902364, 0, 0, -0, 0, 0, 0, 0, 0.353920996, -0.0823541992, -0.181431592, 0.204333372, 0.37539179, -0.903960476, 0.261230469, -0.910888672, -0.319213867, -0.943281397, -0.170925738, -0.28415659, 0, 1, 5, 1, 
248.079912, 27, 0.1, 0.1, -0.00406280805, 0.357703467, -0.0349694151, 0.939013446, -1.01431968e-005, 0.343880427, 0.343880427, 9.7688173e-006, -0.939013446, 6.16529311e-006, 1, 1.26610976e-005, 0.939013562, 1.65112889e-006, 0.343880111, 0.343880111, 8.66582586e-006, -0.939013562, -4.53043757e-006, 1, 7.56953762e-006, 0, 0, 0, 0, 0, 0, 0, 0.278868945, -0.123783569, -0.220048779, -0.162294485, 0.599267855, -0.783846507, -0.895141602, 0.244750977, 0.372436523, 0.415019514, 0.762195361, 0.496902364, 0, 0, -0, 0, 0, 0, 0, 0.353920996, -0.0823541992, -0.181431592, 0.204333372, 0.37539179, -0.903960476, 0.261230469, -0.910888672, -0.319213867, -0.943281397, -0.170925738, -0.28415659, 0, 1, 5, 1, 
248.080607, 27, 0.1, 0.1, -0.00406280915, 0.357703468, -0.0349700471, 0.93901288, 1.51920485e-005, 0.343881972, 0.343881972, -5.74206423e-006, -0.93901288, -1.22909368e-005, 1, -1.06161439e-005, 0.939012992, 1.02069331e-005, 0.343881665, 0.343881666, -7.89559793e-006, -0.939012992, -6.86929146e-006, 1, -1.09240462e-005, 0, 0, 0, 0, 0, 0, 0, 0.278868945, -0.123783569, -0.220048779, -0.162294485, 0.599267855, -0.783846507, -0.895141602, 0.244750977, 0.372436523, 0.415019514, 0.762195361, 0.496902364, 0, 0, -0, 0, 0, 0, 0, 0.353920996, -0.0823541992, -0.181431592, 0.204333372, 0.37539179, -0.903960476, 0.261230469, -0.910888672, -0.319213867, -0.943281397, -0.170925738, -0.28415659, 0, 1, 5, 1, 
248.081362, 27, 0.1, 0.1, -0.00406280914, 0.357703467, -0.0349701493, 0.939012272, -1.06716273e-005, 0.343883632, 0.343883632, -4.23310752e-007, -0.939012272, 1.01663586e-005, 1, 3.27230395e-006, 0.9390124, -1.38249518e-005, 0.343883283, 0.343883283, 5.95694365e-006, -0.9390124, 1.09333078e-005, 1, 1.03478138e-005, 0, 0, 0, 0, 0, 0, 0, 0.278868945, -0.123783569, -0.220048779, -0.166396021, 0.597942735, -0.783941987, -0.896240234, 0.239624023, 0.373046875, 0.41097264, 0.764753486, 0.496299527, 0, 0, -0, 0, 0, 0, 0, 0.353920996, -0.0823541992, -0.181431592, 0.204333372, 0.37539179, -0.903960476, 0.261230469, -0.910888672, -0.319213867, -0.943281397, -0.170925738, -0.28415659, 0, 1, 5, 1, 
248.082066, 27, 0.1, 0.1, -0.00406281381, 0.357703469, -0.0349695573, 0.939011707, 5.42261619e-006, 0.343885176, 0.343885176, 5.78459508e-006, -0.939011707, -7.08113658e-006, 1, 3.56704517e-006, 0.939011815, 1.46333523e-005, 0.343884881, 0.343884881, -2.63619554e-006, -0.939011815, -1.28343429e-005, 1, -7.50760736e-006, 0, 0, 0, 0, 0, 0, 0, 0.27953999, -0.124736475, -0.219385767, -0.166396021, 0.597942735, -0.783941987, -0.896240234, 0.239624023, 0.373046875, 0.41097264, 0.764753486, 0.496299527, 0, 0, -0, 0, 0, 0, 0, 0.354450098, -0.0831674805, -0.180796533, 0.201899144, 0.37517997, -0.904618523, 0.266845703, -0.909667969, -0.317871094, -0.942309818, -0.177085136, -0.283734783, 0, 1, 5, 1, 
248.08276, 27, 0.1, 0.1, -0.00406281399, 0.35770347, -0.0349690932, 0.93901115, 1.22525615e-005, 0.343886696, 0.343886696, -8.64139358e-006, -0.93901115, -8.53363158e-006, 1, -1.23278578e-005, 0.939011262, 1.38022714e-007, 0.343886392, 0.343886392, -8.07230896e-006, -0.939011262, 2.64635232e-006, 1, -7.62745315e-006, 0, 0, 0, 0, 0, 0, 0, 0.27953999, -0.124736475, -0.219385767, -0.166396021, 0.597942735, -0.783941987, -0.896240234, 0.239624023, 0.373046875, 0.41097264, 0.764753486, 0.496299527, 0, 0, -0, 0, 0, 0, 0, 0.354450098, -0.0831674805, -0.180796533, 0.201899144, 0.37517997, -0.904618523, 0.266845703, -0.909667969, -0.317871094, -0.942309818, -0.177085136, -0.283734783, 0, 1, 5, 1, 
248.083474, 27, 0.1, 0.1, -0.00406281607, 0.357703468, -0.0349687613, 0.939010582, -1.44127118e-005, 0.343888248, 0.343888249, 7.7311026e-006, -0.939010582, 1.08750536e-005, 1, 1.22159494e-005, 0.939010701, -8.74166326e-006, 0.343887922, 0.343887922, 1.01612229e-005, -0.939010701, 4.7141935e-006, 1, 1.25476495e-005, 0, 0, 0, 0, 0, 0, 0, 0.27953999, -0.124736475, -0.219385767, -0.166396021, 0.597942735, -0.783941987, -0.896240234, 0.239624023, 0.373046875, 0.41097264, 0.764753486, 0.496299527, 0, 0, -0, 0, 0, 0, 0, 0.354450098, -0.0831674805, -0.180796533, 0.201899144, 0.37517997, -0.904618523, 0.266845703, -0.909667969, -0.317871094, -0.942309818, -0.177085136, -0.283734783, 0, 1, 5, 1, 
248.084193, 27, 0.1, 0.1, -0.00406281879, 0.35770347, -0.0349682685, 0.939010001, 1.14305636e-005, 0.343889834, 0.343889834, -5.87366014e-007, -0.939010001, -1.05314243e-005, 1, -4.48239717e-006, 0.939010111, 1.4602383e-005, 0.343889532, 0.343889532, -6.22297495e-006, -0.939010111, -1.15717693e-005, 1, -1.08650431e-005, 0, 0, 0, 0, 0, 0, 0, 0.27953999, -0.124736475, -0.219385767, -0.166396021, 0.597942735, -0.783941987, -0.896240234, 0.239624023, 0.373046875, 0.41097264, 0.764753486, 0.496299527, 0, 0, -0, 0, 0, 0, 0, 0.354450098, -0.0831674805, -0.180796533, 0.201899144, 0.37517997, -0.904618523, 0.266845703, -0.909667969, -0.317871094, -0.942309818, -0.177085136, -0.283734783, 0, 1, 5, 1, 
248.08489, 27, 0.1, 0.1, -0.0040628165, 0.357703469, -0.0349681692, 0.939009443, -5.85938872e-006, 0.343891358, 0.343891358, -7.79226374e-006, -0.939009443, 8.1817135e-006, 1, -5.30201609e-006, 0.939009553, -1.55550536e-005, 0.343891056, 0.343891056, 8.56770107e-007, -0.939009553, 1.43117084e-005, 1, 6.15375915e-006, 0, 0, 0, 0, 0, 0, 0, 0.27953999, -0.124736475, -0.219385767, -0.166396021, 0.597942735, -0.783941987, -0.896240234, 0.239624023, 0.373046875, 0.41097264, 0.764753486, 0.496299527, 0, 0, -0, 0, 0, 0, 0, 0.354450098, -0.0831674805, -0.180796533, 0.201899144, 0.37517997, -0.904618523, 0.266845703, -0.909667969, -0.317871094, -0.942309818, -0.177085136, -0.283734783, 0, 1, 5, 1, 
248.085589, 27, 0.1, 0.1, -0.00406281885, 0.357703469, -0.0349684852, 0.939008878, -1.24035808e-005, 0.343892899, 0.343892899, 9.53999702e-006, -0.939008878, 8.36633527e-006, 1, 1.32236453e-005, 0.939008993, 8.53962365e-008, 0.343892586, 0.343892586, 8.32065011e-006, -0.939008993, -2.94159772e-006, 1, 7.78379815e-006, 0, 0, 0, 0, 0, 0, 0, 0.27953999, -0.124736475, -0.219385767, -0.166396021, 0.597942735, -0.783941987, -0.896240234, 0.239624023, 0.373046875, 0.41097264, 0.764753486, 0.496299527, 0, 0, -0, 0, 0, 0, 0, 0.354450098, -0.0831674805, -0.180796533, 0.201899144, 0.37517997, -0.904618523, 0.266845703, -0.909667969, -0.317871094, -0.942309818, -0.177085136, -0.283734783, 0, 1, 5, 1, 
248.086349, 27, 0.1, 0.1, -0.00406281979, 0.357703471, -0.034968604, 0.939008264, 1.70645717e-005, 0.343894576, 0.343894576, -6.19429263e-006, -0.939008264, -1.38935903e-005, 1, -1.16849056e-005, 0.939008379, 1.19468857e-005, 0.343894263, 0.343894263, -9.10639589e-006, -0.939008379, -8.08658852e-006, 1, -1.26594475e-005, 0, 0, 0, 0, 0, 0, 0, 0.280080566, -0.126369238, -0.218310815, -0.168739221, 0.59643976, -0.784697592, -0.897216797, 0.236450195, 0.372680664, 0.407883192, 0.766969004, 0.495430468, 0, 0, -0, 0, 0, 0, 0, 0.355022412, -0.0839524414, -0.179931885, 0.200059163, 0.375306835, -0.904957208, 0.272216797, -0.908569336, -0.316650391, -0.941153038, -0.182963452, -0.284015866, 0, 1, 5, 1, 
248.087048, 27, 0.1, 0.1, -0.00406282005, 0.357703469, -0.0349686481, 0.939007697, -1.1121326e-005, 0.343896125, 0.343896125, 1.82224007e-006, -0.939007697, 9.81634945e-006, 1, 5.53567839e-006, 0.939007809, -1.33377316e-005, 0.34389582, 0.34389582, 7.47819405e-006, -0.939007809, 9.95251441e-006, 1, 1.16088727e-005, 0, 0, 0, 0, 0, 0, 0, 0.280080566, -0.126369238, -0.218310815, -0.168739221, 0.59643976, -0.784697592, -0.897216797, 0.236450195, 0.372680664, 0.407883192, 0.766969004, 0.495430468, 0, 0, -0, 0, 0, 0, 0, 0.355022412, -0.0839524414, -0.179931885, 0.200059163, 0.375306835, -0.904957208, 0.272216797, -0.908569336, -0.316650391, -0.941153038, -0.182963452, -0.284015866, 0, 1, 5, 1, 
248.087744, 27, 0.1, 0.1, -0.00406282394, 0.35770347, -0.0349689472, 0.939007135, 2.43243949e-006, 0.343897659, 0.343897659, 8.08404073e-006, -0.939007135, -5.06416072e-006, 1, 6.75446168e-006, 0.939007245, 1.23621516e-005, 0.343897359, 0.343897359, -1.73221221e-007, -0.939007245, -1.15485796e-005, 1, -4.41396728e-006, 0, 0, 0, 0, 0, 0, 0, 0.280080566, -0.126369238, -0.218310815, -0.168739221, 0.59643976, -0.784697592, -0.897216797, 0.236450195, 0.372680664, 0.407883192, 0.766969004, 0.495430468, 0, 0, -0, 0, 0, 0, 0, 0.355022412, -0.0839524414, -0.179931885, 0.200059163, 0.375306835, -0.904957208, 0.272216797, -0.908569336, -0.316650391, -0.941153038, -0.182963452, -0.284015866, 0, 1, 5, 1, 
248.088488, 27, 0.1, 0.1, -0.00406282266, 0.35770347, -0.0349691233, 0.939006532, 9.6294501e-006, 0.343899306, 0.343899307, -1.01095911e-005, -0.939006532, -5.56543519e-006, 1, -1.28045332e-005, 0.939006654, -3.30540815e-006, 0.343898973, 0.343898973, -9.12458755e-006, -0.939006654, 6.24173654e-006, 1, -7.43132195e-006, 0, 0, 0, 0, 0, 0, 0, 0.280080566, -0.126369238, -0.218310815, -0.168739221, 0.59643976, -0.784697592, -0.897216797, 0.236450195, 0.372680664, 0.407883192, 0.766969004, 0.495430468, 0, 0, -0, 0, 0, 0, 0, 0.355022412, -0.0839524414, -0.179931885, 0.200059163, 0.375306835, -0.904957208, 0.272216797, -0.908569336, -0.316650391, -0.941153038, -0.182963452, -0.284015866, 0, 1, 5, 1, 
248.089188, 27, 0.1, 0.1, -0.00406282402, 0.35770347, -0.0349690893, 0.939005963, -1.53166434e-005, 0.34390086, 0.34390086, 6.40671406e-006, -0.939005963, 1.2179145e-005, 1, 1.12833496e-005, 0.939006076, -1.04178137e-005, 0.343900552, 0.343900552, 8.58753156e-006, -0.939006076, 6.82913347e-006, 1, 1.16464362e-005, 0, 0, 0, 0, 0, 0, 0, 0.280080566, -0.126369238, -0.218310815, -0.168739221, 0.59643976, -0.784697592, -0.897216797, 0.236450195, 0.372680664, 0.407883192, 0.766969004, 0.495430468, 0, 0, -0, 0, 0, 0, 0, 0.355022412, -0.0839524414, -0.179931885, 0.200059163, 0.375306835, -0.904957208, 0.272216797, -0.908569336, -0.316650391, -0.941153038, -0.182963452, -0.284015866, 0, 1, 5, 1, 
248.089887, 27, 0.1, 0.1, -0.00406282649, 0.357703471, -0.0349691804, 0.9390054, 1.14756334e-005, 0.343902397, 0.343902397, 9.16800643e-007, -0.9390054, -1.10909717e-005, 1, -3.08561709e-006, 0.939005512, 1.40394516e-005, 0.34390209, 0.34390209, -4.88060328e-006, -0.939005512, -1.15046728e-005, 1, -9.41111013e-006, 0, 0, 0, 0, 0, 0, 0, 0.280080566, -0.126369238, -0.218310815, -0.168739221, 0.59643976, -0.784697592, -0.897216797, 0.236450195, 0.372680664, 0.407883192, 0.766969004, 0.495430468, 0, 0, -0, 0, 0, 0, 0, 0.355022412, -0.0839524414, -0.179931885, 0.200059163, 0.375306835, -0.904957208, 0.272216797, -0.908569336, -0.316650391, -0.941153038, -0.182963452, -0.284015866, 0, 1, 5, 1, 
248.090595, 27, 0.1, 0.1, -0.00406282489, 0.357703469, -0.0349693472, 0.939004832, -2.74719441e-006, 0.343903948, 0.343903948, -6.45212717e-006, -0.939004832, 4.79854083e-006, 1, -5.11380759e-006, 0.939004951, -1.29199481e-005, 0.343903624, 0.343903624, 2.75806199e-006, -0.939004951, 1.11833878e-005, 1, 7.03305085e-006, 0, 0, 0, 0, 0, 0, 0, 0.280080566, -0.126369238, -0.218310815, -0.168739221, 0.59643976, -0.784697592, -0.897216797, 0.236450195, 0.372680664, 0.407883192, 0.766969004, 0.495430468, 0, 0, -0, 0, 0, 0, 0, 0.355022412, -0.0839524414, -0.179931885, 0.200059163, 0.375306835, -0.904957208, 0.272216797, -0.908569336, -0.316650391, -0.941153038, -0.182963452, -0.284015866, 0, 1, 5, 1, 
248.091345, 27, 0.1, 0.1, -0.00406282886, 0.357703469, -0.0349688815, 0.939004224, -9.35998515e-006, 0.343905607, 0.343905608, 9.49063504e-006, -0.939004224, 5.52518299e-006, 1, 1.21306978e-005, 0.939004337, 3.20650198e-006, 0.3439053, 0.3439053, 8.90251727e-006, -0.939004337, -6.07254214e-006, 1, 7.2567693e-006, 0, 0, 0, 0, 0, 0, 0, 0.280655688, -0.128215723, -0.217450317, -0.170422295, 0.595139728, -0.785294438, -0.898193359, 0.233764648, 0.372070313, 0.405059967, 0.768905196, 0.494783447, 0, 0, -0, 0, 0, 0, 0, 0.355619629, -0.0847039551, -0.179058936, 0.198583388, 0.375734106, -0.905174492, 0.27722168, -0.907348633, -0.315795898, -0.939957978, -0.188196481, -0.284284189, 0, 1, 5, 1, 
248.092041, 27, 0.1, 0.1, -0.00406282969, 0.357703471, -0.0349685584, 0.939003662, 1.47563944e-005, 0.343907141, 0.343907141, -6.9366347e-006, -0.939003662, -1.14707502e-005, 1, -1.15883548e-005, 0.939003774, 1.00086651e-005, 0.343906835, 0.343906836, -9.26620343e-006, -0.939003774, -6.21146357e-006, 1, -1.21430483e-005, 0, 0, 0, 0, 0, 0, 0, 0.280655688, -0.128215723, -0.217450317, -0.170422295, 0.595139728, -0.785294438, -0.898193359, 0.233764648, 0.372070313, 0.405059967, 0.768905196, 0.494783447, 0, 0, -0, 0, 0, 0, 0, 0.355619629, -0.0847039551, -0.179058936, 0.198583388, 0.375734106, -0.905174492, 0.27722168, -0.907348633, -0.315795898, -0.939957978, -0.188196481, -0.284284189, 0, 1, 5, 1, 
248.092741, 27, 0.1, 0.1, -0.00406282911, 0.357703469, -0.034968532, 0.939003099, -1.266167e-005, 0.343908681, 0.343908681, 7.49522841e-007, -0.939003099, 1.16315799e-005, 1, 5.05826248e-006, 0.939003211, -1.53187618e-005, 0.343908373, 0.343908373, 6.32774964e-006, -0.939003211, 1.22082004e-005, 1, 1.12100277e-005, 0, 0, 0, 0, 0, 0, 0, 0.280655688, -0.128215723, -0.217450317, -0.170422295, 0.595139728, -0.785294438, -0.898193359, 0.233764648, 0.372070313, 0.405059967, 0.768905196, 0.494783447, 0, 0, -0, 0, 0, 0, 0, 0.355619629, -0.0847039551, -0.179058936, 0.198583388, 0.375734106, -0.905174492, 0.27722168, -0.907348633, -0.315795898, -0.939957978, -0.188196481, -0.284284189, 0, 1, 5, 1, 
248.093479, 27, 0.1, 0.1, -0.00406283336, 0.35770347, -0.034968491, 0.939002505, 3.25313119e-006, 0.343910302, 0.343910302, 9.11617328e-006, -0.939002505, -6.18984424e-006, 1, 7.44132422e-006, 0.939002618, 1.34444697e-005, 0.343909992, 0.343909992, 2.93366798e-007, -0.939002619, -1.2725284e-005, 1, -4.34821527e-006, 0, 0, 0, 0, 0, 0, 0, 0.280655688, -0.128215723, -0.217450317, -0.170422295, 0.595139728, -0.785294438, -0.898193359, 0.233764648, 0.372070313, 0.405059967, 0.768905196, 0.494783447, 0, 0, -0, 0, 0, 0, 0, 0.355619629, -0.0847039551, -0.179058936, 0.198583388, 0.375734106, -0.905174492, 0.27722168, -0.907348633, -0.315795898, -0.939957978, -0.188196481, -0.284284189, 0, 1, 5, 1, 
248.094181, 27, 0.1, 0.1, -0.00406283239, 0.35770347, -0.0349685104, 0.939001935, 9.88332221e-006, 0.343911859, 0.343911859, -8.98078925e-006, -0.939001934, -6.19185875e-006, 1, -1.18319702e-005, 0.939002049, -2.50625368e-006, 0.343911548, 0.343911548, -7.67286636e-006, -0.939002049, 4.99216469e-006, 1, -6.34290764e-006, 0, 0, 0, 0, 0, 0, 0, 0.280655688, -0.128215723, -0.217450317, -0.170422295, 0.595139728, -0.785294438, -0.898193359, 0.233764648, 0.372070313, 0.405059967, 0.768905196, 0.494783447, 0, 0, -0, 0, 0, 0, 0, 0.355619629, -0.0847039551, -0.179058936, 0.198583388, 0.375734106, -0.905174492, 0.27722168, -0.907348633, -0.315795898, -0.939957978, -0.188196481, -0.284284189, 0, 1, 5, 1, 
248.094883, 27, 0.1, 0.1, -0.00406283359, 0.35770347, -0.0349687909, 0.939001367, -1.58252469e-005, 0.343913407, 0.343913407, 4.72019695e-006, -0.939001368, 1.32365895e-005, 1, 9.87478599e-006, 0.939001482, -1.06544967e-005, 0.343913094, 0.343913094, 7.55215224e-006, -0.939001482, 7.40730412e-006, 1, 1.07557031e-005, 0, 0, 0, 0, 0, 0, 0, 0.280655688, -0.128215723, -0.217450317, -0.170422295, 0.595139728, -0.785294438, -0.898193359, 0.233764648, 0.372070313, 0.405059967, 0.768905196, 0.494783447, 0, 0, -0, 0, 0, 0, 0, 0.355619629, -0.0847039551, -0.179058936, 0.198583388, 0.375734106, -0.905174492, 0.27722168, -0.907348633, -0.315795898, -0.939957978, -0.188196481, -0.284284189, 0, 1, 5, 1, 
248.095622, 27, 0.1, 0.1, -0.004062836, 0.357703472, -0.0349690944, 0.939000772, 1.07164342e-005, 0.343915033, 0.343915033, -1.37373665e-006, -0.939000772, -9.5902913e-006, 1, -4.9754826e-006, 0.939000907, 1.36872811e-005, 0.343914665, 0.343914665, -8.30499967e-006, -0.939000907, -9.99615817e-006, 1, -1.25056589e-005, 0, 0, 0, 0, 0, 0, 0, 0.280655688, -0.128215723, -0.217450317, -0.171762763, 0.593014819, -0.786570504, -0.899291992, 0.231445312, 0.370849609, 0.402058886, 0.771095628, 0.493749637, 0, 0, -0, 0, 0, 0, 0, 0.355619629, -0.0847039551, -0.179058936, 0.198583388, 0.375734106, -0.905174492, 0.27722168, -0.907348633, -0.315795898, -0.939957978, -0.188196481, -0.284284189, 0, 1, 5, 1, 
248.096372, 27, 0.1, 0.1, -0.00406283267, 0.357703471, -0.0349685214, 0.93900016, -6.7612502e-006, 0.343916704, 0.343916704, -6.9761379e-006, -0.93900016, 8.74802537e-006, 1, -4.22528772e-006, 0.939000271, -1.7094758e-005, 0.343916401, 0.343916401, 1.36908499e-006, -0.939000271, 1.55811316e-005, 1, 7.16473882e-006, 0, 0, 0, 0, 0, 0, 0, 0.281471021, -0.130103589, -0.216402466, -0.171762763, 0.593014819, -0.786570504, -0.899291992, 0.231445312, 0.370849609, 0.402058886, 0.771095628, 0.493749637, 0, 0, -0, 0, 0, 0, 0, 0.355999951, -0.0861857422, -0.178425586, 0.197426974, 0.374596282, -0.905819779, 0.279785156, -0.907104492, -0.314208984, -0.939465808, -0.191384639, -0.283983783, 0, 1, 5, 1, 
248.097074, 27, 0.1, 0.1, -0.00406283525, 0.357703471, -0.0349681698, 0.938999585, -1.04100552e-005, 0.343918274, 0.343918274, 1.01376891e-005, -0.938999585, 6.28850092e-006, 1, 1.30994941e-005, 0.938999699, 1.57651057e-006, 0.343917962, 0.343917962, 9.18895156e-006, -0.938999699, -4.64058845e-006, 1, 8.08623245e-006, 0, 0, 0, 0, 0, 0, 0, 0.281471021, -0.130103589, -0.216402466, -0.171762763, 0.593014819, -0.786570504, -0.899291992, 0.231445312, 0.370849609, 0.402058886, 0.771095628, 0.493749637, 0, 0, -0, 0, 0, 0, 0, 0.355999951, -0.0861857422, -0.178425586, 0.197426974, 0.374596282, -0.905819779, 0.279785156, -0.907104492, -0.314208984, -0.939465808, -0.191384639, -0.283983783, 0, 1, 5, 1, 
248.097782, 27, 0.1, 0.1, -0.00406283648, 0.357703472, -0.0349682317, 0.938999007, 1.74712203e-005, 0.343919853, 0.343919853, -6.50906382e-006, -0.938999007, -1.41668622e-005, 1, -1.2120704e-005, 0.93899913, 1.16514047e-005, 0.343919517, 0.343919517, -8.90795581e-006, -0.93899913, -7.87703906e-006, 1, -1.23717082e-005, 0, 0, 0, 0, 0, 0, 0, 0.281471021, -0.130103589, -0.216402466, -0.171762763, 0.593014819, -0.786570504, -0.899291992, 0.231445312, 0.370849609, 0.402058886, 0.771095628, 0.493749637, 0, 0, -0, 0, 0, 0, 0, 0.355999951, -0.0861857422, -0.178425586, 0.197426974, 0.374596282, -0.905819779, 0.279785156, -0.907104492, -0.314208984, -0.939465808, -0.191384639, -0.283983783, 0, 1, 5, 1, 
248.098535, 27, 0.1, 0.1, -0.00406283639, 0.35770347, -0.0349679741, 0.938998389, -1.18062846e-005, 0.343921539, 0.343921539, 3.83204918e-007, -0.938998389, 1.09542898e-005, 1, 4.42026438e-006, 0.938998503, -1.48450833e-005, 0.343921229, 0.343921229, 6.55969283e-006, -0.938998503, 1.16834934e-005, 1, 1.12650811e-005, 0, 0, 0, 0, 0, 0, 0, 0.282192969, -0.130844116, -0.215540625, -0.17483648, 0.59146766, -0.787148254, -0.900756836, 0.22668457, 0.370483398, 0.397478446, 0.773812512, 0.493223184, 0, 0, -0, 0, 0, 0, 0, 0.356327295, -0.0872083496, -0.1777854, 0.19538247, 0.374097183, -0.906516106, 0.283691406, -0.90625, -0.312988281, -0.938698753, -0.195978577, -0.283197771, 0, 1, 5, 1, 
248.099238, 27, 0.1, 0.1, -0.00406284086, 0.357703472, -0.0349680104, 0.938997813, 5.42449416e-006, 0.343923112, 0.343923112, 5.61781284e-006, -0.938997813, -7.02568383e-006, 1, 3.40950506e-006, 0.938997924, 1.51689728e-005, 0.343922808, 0.343922808, -2.66189976e-006, -0.938997924, -1.33281459e-005, 1, -7.71647406e-006, 0, 0, 0, 0, 0, 0, 0, 0.282192969, -0.130844116, -0.215540625, -0.17483648, 0.59146766, -0.787148254, -0.900756836, 0.22668457, 0.370483398, 0.397478446, 0.773812512, 0.493223184, 0, 0, -0, 0, 0, 0, 0, 0.356327295, -0.0872083496, -0.1777854, 0.19538247, 0.374097183, -0.906516106, 0.283691406, -0.90625, -0.312988281, -0.938698753, -0.195978577, -0.283197771, 0, 1, 5, 1, 
