time, trialNum, realDorsalTactorPos, realVentralTactorPos, boxPosX, boxPosY, boxPosZ, boxLocalRot_11, boxLocalRot_12, boxLocalRot_13, boxLocalRot_21, boxLocalRot_22, boxLocalRot_23, boxLocalRot_31, boxLocalRot_32, boxLocalRot_33, boxGlobalRot_11, boxGlobalRot_12, boxGlobalRot_13, boxGlobalRot_21, boxGlobalRot_22, boxGlobalRot_23, boxGlobalRot_31, boxGlobalRot_32, boxGlobalRot_33, indexForceX, indexForceY, indexForceZ, indexForceGlobalX, indexForceGlobalY, indexForceGlobalZ, indexContact, indexPosX, indexPosY, indexPosZ, indexRot_11, indexRot_12, indexRot_13, indexRot_21, indexRot_22, indexRot_23, indexRot_31, indexRot_32, indexRot_33, thumbForceX, thumbForceY, thumbForceZ, thumbForceGlobalX, thumbForceGlobalY, thumbForceGlobalZ, thumbContact, thumbPosX, thumbPosY, thumbPosZ, thumbRot_11, thumbRot_12, thumbRot_13, thumbRot_21, thumbRot_22, thumbRot_23, thumbRot_31, thumbRot_32, thumbRot_33, manipForceTooHigh, cceExpType, mapping, trialSuccess, 
86.2099211, 5, 0.1, 0.1, 0.0298253655, 0.357793776, -0.0349768344, 0.9964416, 4.47906697e-006, 0.0842860517, 0.0842860517, 8.85792594e-006, -0.9964416, -5.20972826e-006, 1, 8.44888302e-006, 0.9964416, -1.46584365e-006, 0.084286042, 0.084286042, 1.69301241e-005, -0.9964416, 3.36544419e-008, 1, 1.69934301e-005, 0, 0, 0, 0, 0, 0, 0, 0.295957007, -0.100642651, -0.25771604, -0.156446086, 0.622972446, -0.766400612, -0.96496582, 0.0686035156, 0.252807617, 0.210042935, 0.779204367, 0.590664506, 0, 0, -0, 0, 0, 0, 0, 0.343111328, -0.0593077637, -0.209134863, 0.0204931077, 0.430563378, -0.902315453, 0.388061523, -0.835083008, -0.389648437, -0.921362237, -0.341999215, -0.184193868, 0, 1, 1, 1, 
86.2396729, 5, 0.1, 0.1, 0.0298253636, 0.357793815, -0.0349745986, 0.996442177, 3.12824279e-005, 0.0842792171, 0.084279217, 2.54908214e-006, -0.996442178, -3.13859653e-005, 1, -9.64455766e-008, 0.99644218, 3.40086011e-005, 0.084279185, 0.0842791848, 5.51739568e-006, -0.99644218, -3.43526063e-005, 0.999999999, 2.63154859e-006, 0, 0, 0, 0, 0, 0, 0, 0.30090752, -0.110456494, -0.249237427, -0.176659092, 0.627623279, -0.758191548, -0.964599609, 0.0427246094, 0.260131836, 0.195570714, 0.77735542, 0.598015754, 0, 0, -0, 0, 0, 0, 0, 0.34919707, -0.068176709, -0.200218359, 0.0319125209, 0.445097654, -0.894881905, 0.408691406, -0.822875977, -0.39465332, -0.912060989, -0.352991358, -0.208206598, 0, 1, 1, 1, 
86.2404245, 5, 0.1, 0.1, 0.0298253645, 0.357793815, -0.0349814476, 0.996442166, -2.29083863e-005, 0.0842793569, 0.0842793569, -2.52743733e-006, -0.996442166, 2.30398928e-005, 1, -5.87741064e-007, 0.996442168, -1.50865859e-005, 0.0842793311, 0.0842793311, -3.23992983e-006, -0.996442168, 1.53059694e-005, 1, -1.95691534e-006, 0, 0, 0, 0, 0, 0, 0, 0.30090752, -0.110456494, -0.249237427, -0.179458351, 0.628067357, -0.757093337, -0.964355469, 0.0396728516, 0.261474609, 0.194283786, 0.777037901, 0.598706958, 0, 0, -0, 0, 0, 0, 0, 0.34919707, -0.068176709, -0.200218359, 0.0319125209, 0.445097654, -0.894881905, 0.408691406, -0.822875977, -0.39465332, -0.912060989, -0.352991358, -0.208206598, 0, 1, 1, 1, 
86.2411405, 5, 0.1, 0.1, 0.0298253712, 0.357793814, -0.0349834181, 0.996442161, -3.44365765e-006, 0.0842794172, 0.0842794172, -3.19886333e-006, -0.996442161, 3.701004e-006, 1, -2.89725283e-006, 0.996442162, -1.36494725e-005, 0.0842793999, 0.0842793999, -2.53899582e-006, -0.996442162, 1.3814895e-005, 1, -1.37959313e-006, 0, 0, 0, 0, 0, 0, 0, 0.301207031, -0.111104492, -0.248509473, -0.179458351, 0.628067357, -0.757093337, -0.964355469, 0.0396728516, 0.261474609, 0.194283786, 0.777037901, 0.598706958, 0, 0, -0, 0, 0, 0, 0, 0.349566553, -0.0689285645, -0.19931001, 0.0339380686, 0.447161482, -0.893713098, 0.409790039, -0.821777344, -0.395629883, -0.911479868, -0.352774441, -0.21115232, 0, 1, 1, 1, 
86.241846, 5, 0.1, 0.1, 0.0298253644, 0.357793813, -0.0349810583, 0.996442146, 2.27416398e-005, 0.0842795839, 0.0842795839, -9.00912243e-007, -0.996442147, -2.25847999e-005, 1, -2.81436287e-006, 0.996442149, 2.48486127e-005, 0.0842795552, 0.0842795551, 4.3606158e-006, -0.996442149, -2.51277158e-005, 1, 2.25087135e-006, 0, 0, 0, 0, 0, 0, 0, 0.301207031, -0.111104492, -0.248509473, -0.179458351, 0.628067357, -0.757093337, -0.964355469, 0.0396728516, 0.261474609, 0.194283786, 0.777037901, 0.598706958, 0, 0, -0, 0, 0, 0, 0, 0.349566553, -0.0689285645, -0.19931001, 0.0339380686, 0.447161482, -0.893713098, 0.409790039, -0.821777344, -0.395629883, -0.911479868, -0.352774441, -0.21115232, 0, 1, 1, 1, 
86.2425672, 5, 0.1, 0.1, 0.0298253663, 0.357793812, -0.034975243, 0.996442141, -2.08861172e-005, 0.0842796498, 0.0842796498, 1.79151716e-006, -0.996442141, 2.06608189e-005, 1, 3.54541783e-006, 0.996442143, -1.6954978e-005, 0.0842796306, 0.0842796307, 4.83862433e-006, -0.996442143, 1.64868571e-005, 1, 6.25036848e-006, 0, 0, 0, 0, 0, 0, 0, 0.301207031, -0.111104492, -0.248509473, -0.179458351, 0.628067357, -0.757093337, -0.964355469, 0.0396728516, 0.261474609, 0.194283786, 0.777037901, 0.598706958, 0, 0, -0, 0, 0, 0, 0, 0.349566553, -0.0689285645, -0.19931001, 0.0339380686, 0.447161482, -0.893713098, 0.409790039, -0.821777344, -0.395629883, -0.911479868, -0.352774441, -0.21115232, 0, 1, 1, 1, 
86.243285, 5, 0.1, 0.1, 0.0298253678, 0.357793812, -0.0349677563, 0.996442124, 5.19503139e-006, 0.0842798504, 0.0842798504, 9.75157467e-006, -0.996442124, -5.99840937e-006, 1, 9.27904331e-006, 0.996442129, 5.4259819e-006, 0.0842797976, 0.0842797976, 7.10200686e-006, -0.996442129, -6.00523265e-006, 1, 6.61943817e-006, 0, 0, 0, 0, 0, 0, 0, 0.301207031, -0.111104492, -0.248509473, -0.179458351, 0.628067357, -0.757093337, -0.964355469, 0.0396728516, 0.261474609, 0.194283786, 0.777037901, 0.598706958, 0, 0, -0, 0, 0, 0, 0, 0.349566553, -0.0689285645, -0.19931001, 0.0339380686, 0.447161482, -0.893713098, 0.409790039, -0.821777344, -0.395629883, -0.911479868, -0.352774441, -0.21115232, 0, 1, 1, 1, 
86.2439906, 5, 0.1, 0.1, 0.0298253683, 0.357793812, -0.0349614936, 0.996442102, 2.55297238e-006, 0.0842801108, 0.0842801108, 7.82882427e-006, -0.996442102, -3.20370334e-006, 1, 7.58580532e-006, 0.996442106, -4.33384691e-006, 0.0842800683, 0.0842800683, -3.37123653e-006, -0.996442106, 4.60255559e-006, 1, -2.99398511e-006, 0, 0, 0, 0, 0, 0, 0, 0.301207031, -0.111104492, -0.248509473, -0.179458351, 0.628067357, -0.757093337, -0.964355469, 0.0396728516, 0.261474609, 0.194283786, 0.777037901, 0.598706958, 0, 0, -0, 0, 0, 0, 0, 0.349566553, -0.0689285645, -0.19931001, 0.0339380686, 0.447161482, -0.893713098, 0.409790039, -0.821777344, -0.395629883, -0.911479868, -0.352774441, -0.21115232, 0, 1, 1, 1, 
86.2446941, 5, 0.1, 0.1, 0.0298253674, 0.357793812, -0.0349580098, 0.996442079, 7.70685981e-006, 0.0842803888, 0.0842803888, -3.40547099e-006, -0.996442079, -7.39242499e-006, 1, -4.04289174e-006, 0.996442085, 7.48135478e-006, 0.084280319, 0.084280319, -7.74549098e-006, -0.996442085, -6.8019443e-006, 1, -8.34846415e-006, 0, 0, 0, 0, 0, 0, 0, 0.301207031, -0.111104492, -0.248509473, -0.179458351, 0.628067357, -0.757093337, -0.964355469, 0.0396728516, 0.261474609, 0.194283786, 0.777037901, 0.598706958, 0, 0, -0, 0, 0, 0, 0, 0.349566553, -0.0689285645, -0.19931001, 0.0339380686, 0.447161482, -0.893713098, 0.409790039, -0.821777344, -0.395629883, -0.911479868, -0.352774441, -0.21115232, 0, 1, 1, 1, 
86.2454581, 5, 0.1, 0.1, 0.0298253685, 0.357793811, -0.0349575351, 0.996442045, 2.78607575e-006, 0.0842807822, 0.0842807822, -1.03808766e-005, -0.996442045, -1.90125462e-006, 1, -1.05787546e-005, 0.996442053, -6.03096912e-006, 0.0842806968, 0.0842806968, -7.49818127e-006, -0.996442053, 6.64146319e-006, 1, -6.96320886e-006, 0, 0, 0, 0, 0, 0, 0, 0.301269629, -0.111735522, -0.247767969, -0.182587113, 0.628854041, -0.755734894, -0.963745117, 0.0372314453, 0.263793945, 0.194037782, 0.776542527, 0.599480537, 0, 0, -0, 0, 0, 0, 0, 0.349972412, -0.0701564453, -0.198648096, 0.0366089038, 0.448528982, -0.892921256, 0.41027832, -0.821533203, -0.395751953, -0.911199152, -0.351771512, -0.214014919, 0, 1, 1, 1, 
86.2462057, 5, 0.1, 0.1, 0.0298253681, 0.35779381, -0.0349597714, 0.996442008, 5.93111533e-006, 0.0842812263, 0.0842812263, -4.45917432e-006, -0.996442008, -5.53418779e-006, 1, -4.94319028e-006, 0.996442013, 4.50040996e-006, 0.0842811609, 0.0842811609, 6.42340681e-006, -0.996442013, -5.02576974e-006, 1, 6.02125264e-006, 0, 0, 0, 0, 0, 0, 0, 0.301269629, -0.111735522, -0.247767969, -0.182587113, 0.628854041, -0.755734894, -0.963745117, 0.0372314453, 0.263793945, 0.194037782, 0.776542527, 0.599480537, 0, 0, -0, 0, 0, 0, 0, 0.349972412, -0.0701564453, -0.198648096, 0.0366089038, 0.448528982, -0.892921256, 0.41027832, -0.821533203, -0.395751953, -0.911199152, -0.351771512, -0.214014919, 0, 1, 1, 1, 
86.2469108, 5, 0.1, 0.1, 0.0298253673, 0.357793809, -0.0349646625, 0.996441987, 5.18446445e-007, 0.0842814737, 0.0842814737, 4.88564412e-006, -0.996441987, -9.28371091e-007, 1, 4.8245655e-006, 0.996441991, 6.21277936e-006, 0.0842814248, 0.0842814247, 8.77144087e-006, -0.996441991, -6.92994377e-006, 1, 8.21661011e-006, 0, 0, 0, 0, 0, 0, 0, 0.301269629, -0.111735522, -0.247767969, -0.182587113, 0.628854041, -0.755734894, -0.963745117, 0.0372314453, 0.263793945, 0.194037782, 0.776542527, 0.599480537, 0, 0, -0, 0, 0, 0, 0, 0.349972412, -0.0701564453, -0.198648096, 0.0366089038, 0.448528982, -0.892921256, 0.41027832, -0.821533203, -0.395751953, -0.911199152, -0.351771512, -0.214014919, 0, 1, 1, 1, 
86.2476483, 5, 0.1, 0.1, 0.0298253706, 0.35779381, -0.0349706487, 0.996441968, 3.90018867e-006, 0.0842816918, 0.0842816918, 5.38881043e-006, -0.996441968, -4.34048974e-006, 1, 5.04092238e-006, 0.996441971, -8.30435975e-006, 0.0842816638, 0.0842816638, 2.12737246e-006, -0.996441971, 8.0955141e-006, 1, 2.81970846e-006, 0, 0, 0, 0, 0, 0, 0, 0.301269629, -0.111735522, -0.247767969, -0.182587113, 0.628854041, -0.755734894, -0.963745117, 0.0372314453, 0.263793945, 0.194037782, 0.776542527, 0.599480537, 0, 0, -0, 0, 0, 0, 0, 0.349972412, -0.0701564453, -0.198648096, 0.0366089038, 0.448528982, -0.892921256, 0.41027832, -0.821533203, -0.395751953, -0.911199152, -0.351771512, -0.214014919, 0, 1, 1, 1, 
86.2483465, 5, 0.1, 0.1, 0.0298253689, 0.357793811, -0.0349753389, 0.996441968, -4.65676221e-006, 0.0842816957, 0.0842816957, -2.61094156e-007, -0.996441968, 4.66219876e-006, 1, 1.32314641e-007, 0.996441967, -5.0219678e-007, 0.0842817108, 0.0842817108, -6.29271253e-006, -0.996441967, 1.03077053e-006, 1, -6.22799684e-006, 0, 0, 0, 0, 0, 0, 0, 0.301269629, -0.111735522, -0.247767969, -0.182587113, 0.628854041, -0.755734894, -0.963745117, 0.0372314453, 0.263793945, 0.194037782, 0.776542527, 0.599480537, 0, 0, -0, 0, 0, 0, 0, 0.349972412, -0.0701564453, -0.198648096, 0.0366089038, 0.448528982, -0.892921256, 0.41027832, -0.821533203, -0.395751953, -0.911199152, -0.351771512, -0.214014919, 0, 1, 1, 1, 
86.2490507, 5, 0.1, 0.1, 0.0298253692, 0.35779381, -0.0349779667, 0.996441975, -8.61878698e-007, 0.0842816089, 0.0842816089, 1.34595967e-006, -0.996441975, 7.45372466e-007, 1, 1.41381124e-006, 0.996441974, -1.43461522e-006, 0.0842816247, 0.0842816247, -4.62836527e-007, -0.996441974, 1.46851943e-006, 1, -3.40278041e-007, 0, 0, 0, 0, 0, 0, 0, 0.301269629, -0.111735522, -0.247767969, -0.182587113, 0.628854041, -0.755734894, -0.963745117, 0.0372314453, 0.263793945, 0.194037782, 0.776542527, 0.599480537, 0, 0, -0, 0, 0, 0, 0, 0.349972412, -0.0701564453, -0.198648096, 0.0366089038, 0.448528982, -0.892921256, 0.41027832, -0.821533203, -0.395751953, -0.911199152, -0.351771512, -0.214014919, 0, 1, 1, 1, 
86.2497975, 5, 0.1, 0.1, 0.02982537, 0.35779381, -0.0349776663, 0.996441982, -1.00096532e-005, 0.0842815253, 0.0842815253, -2.7586526e-006, -0.996441982, 1.02065422e-005, 1, -1.90520842e-006, 0.996441981, -6.83306732e-006, 0.0842815408, 0.0842815408, 7.27455857e-008, -0.996441981, 6.80262403e-006, 1, 6.48388198e-007, 0, 0, 0, 0, 0, 0, 0, 0.301269629, -0.111735522, -0.247767969, -0.182587113, 0.628854041, -0.755734894, -0.963745117, 0.0372314453, 0.263793945, 0.194037782, 0.776542527, 0.599480537, 0, 0, -0, 0, 0, 0, 0, 0.349972412, -0.0701564453, -0.198648096, 0.0366089038, 0.448528982, -0.892921256, 0.41027832, -0.821533203, -0.395751953, -0.911199152, -0.351771512, -0.214014919, 0, 1, 1, 1, 
86.2505346, 5, 0.1, 0.1, 0.0298253685, 0.35779381, -0.034974005, 0.996441988, 1.25439948e-005, 0.0842814549, 0.0842814549, 1.51328855e-006, -0.996441988, -1.26269052e-005, 1, 4.50678119e-007, 0.996441987, 1.29272328e-005, 0.0842814676, 0.0842814676, -8.71630012e-007, -0.996441987, -1.28077752e-005, 1, -1.95805489e-006, 0, 0, 0, 0, 0, 0, 0, 0.301367505, -0.112583691, -0.247025122, -0.185011566, 0.629761292, -0.754357356, -0.963378906, 0.0349121094, 0.26550293, 0.193556634, 0.776028057, 0.600374684, 0, 0, -0, 0, 0, 0, 0, 0.350414893, -0.0709163574, -0.197766602, 0.0397398257, 0.450286207, -0.891918694, 0.411254883, -0.820800781, -0.396118164, -0.910624593, -0.350973106, -0.217714569, 0, 1, 1, 1, 
86.2512396, 5, 0.1, 0.1, 0.0298253691, 0.35779381, -0.034969296, 0.996441994, 6.27906461e-007, 0.0842813949, 0.0842813949, -1.78571745e-006, -0.996441994, -4.75169609e-007, 1, -1.83228468e-006, 0.996441992, -6.13666354e-006, 0.0842814088, 0.0842814088, 3.3075809e-007, -0.996441992, 6.08695248e-006, 1, 8.46787898e-007, 0, 0, 0, 0, 0, 0, 0, 0.301367505, -0.112583691, -0.247025122, -0.185011566, 0.629761292, -0.754357356, -0.963378906, 0.0349121094, 0.26550293, 0.193556634, 0.776028057, 0.600374684, 0, 0, -0, 0, 0, 0, 0, 0.350414893, -0.0709163574, -0.197766602, 0.0397398257, 0.450286207, -0.891918694, 0.411254883, -0.820800781, -0.396118164, -0.910624593, -0.350973106, -0.217714569, 0, 1, 1, 1, 
86.2519445, 5, 0.1, 0.1, 0.0298253688, 0.35779381, -0.0349649056, 0.996441998, 5.13788519e-006, 0.0842813455, 0.0842813455, 2.11517416e-006, -0.996441998, -5.2978743e-006, 1, 1.67462049e-006, 0.996441997, 4.77325626e-006, 0.0842813545, 0.0842813545, -1.09485668e-006, -0.996441997, -4.663997e-006, 1, -1.49325768e-006, 0, 0, 0, 0, 0, 0, 0, 0.301367505, -0.112583691, -0.247025122, -0.185011566, 0.629761292, -0.754357356, -0.963378906, 0.0349121094, 0.26550293, 0.193556634, 0.776028057, 0.600374684, 0, 0, -0, 0, 0, 0, 0, 0.350414893, -0.0709163574, -0.197766602, 0.0397398257, 0.450286207, -0.891918694, 0.411254883, -0.820800781, -0.396118164, -0.910624593, -0.350973106, -0.217714569, 0, 1, 1, 1, 
86.252687, 5, 0.1, 0.1, 0.0298253677, 0.35779381, -0.0349616127, 0.996442001, 1.40118677e-006, 0.0842813021, 0.0842813021, -2.07889904e-006, -0.996442001, -1.22098903e-006, 1, -2.18959616e-006, 0.996442001, 7.95493648e-006, 0.0842813074, 0.0842813074, 2.16575574e-006, -0.996442001, -8.10916554e-006, 1, 1.48759754e-006, 0, 0, 0, 0, 0, 0, 0, 0.301367505, -0.112583691, -0.247025122, -0.185011566, 0.629761292, -0.754357356, -0.963378906, 0.0349121094, 0.26550293, 0.193556634, 0.776028057, 0.600374684, 0, 0, -0, 0, 0, 0, 0, 0.350414893, -0.0709163574, -0.197766602, 0.0397398257, 0.450286207, -0.891918694, 0.411254883, -0.820800781, -0.396118164, -0.910624593, -0.350973106, -0.217714569, 0, 1, 1, 1, 
86.2533857, 5, 0.1, 0.1, 0.0298253707, 0.357793809, -0.0349608814, 0.996442005, 8.79661474e-006, 0.0842812616, 0.0842812615, 2.61728554e-006, -0.996442005, -8.98590456e-006, 1, 1.86658346e-006, 0.996442005, -6.55505996e-006, 0.0842812618, 0.0842812618, -2.35348483e-006, -0.996442005, 6.73009176e-006, 1, -1.79264242e-006, 0, 0, 0, 0, 0, 0, 0, 0.301367505, -0.112583691, -0.247025122, -0.185011566, 0.629761292, -0.754357356, -0.963378906, 0.0349121094, 0.26550293, 0.193556634, 0.776028057, 0.600374684, 0, 0, -0, 0, 0, 0, 0, 0.350414893, -0.0709163574, -0.197766602, 0.0397398257, 0.450286207, -0.891918694, 0.411254883, -0.820800781, -0.396118164, -0.910624593, -0.350973106, -0.217714569, 0, 1, 1, 1, 
86.254102, 5, 0.1, 0.1, 0.0298253682, 0.357793809, -0.034962602, 0.996442008, -8.16062567e-006, 0.0842812223, 0.0842812223, -1.08831745e-006, -0.996442008, 8.22331496e-006, 1, -3.96657718e-007, 0.996442008, -2.41354896e-006, 0.0842812257, 0.0842812257, 2.55986471e-006, -0.996442008, 2.18921304e-006, 1, 2.7541736e-006, 0, 0, 0, 0, 0, 0, 0, 0.301367505, -0.112583691, -0.247025122, -0.185011566, 0.629761292, -0.754357356, -0.963378906, 0.0349121094, 0.26550293, 0.193556634, 0.776028057, 0.600374684, 0, 0, -0, 0, 0, 0, 0, 0.350414893, -0.0709163574, -0.197766602, 0.0397398257, 0.450286207, -0.891918694, 0.411254883, -0.820800781, -0.396118164, -0.910624593, -0.350973106, -0.217714569, 0, 1, 1, 1, 
86.254859, 5, 0.1, 0.1, 0.0298253644, 0.357793809, -0.0349661623, 0.996442012, 2.11507194e-005, 0.0842811746, 0.0842811748, -8.02842737e-006, -0.996442012, -2.03988201e-005, 1, -9.7824698e-006, 0.99644201, 2.07748001e-005, 0.0842811968, 0.0842811967, 2.09713649e-006, -0.99644201, -2.08776328e-005, 1, 3.38749883e-007, 0, 0, 0, 0, 0, 0, 0, 0.301367505, -0.112583691, -0.247025122, -0.187683146, 0.630953862, -0.752681395, -0.962890625, 0.0329589844, 0.267700195, 0.193856179, 0.774974029, 0.601592341, 0, 0, -0, 0, 0, 0, 0, 0.350414893, -0.0709163574, -0.197766602, 0.0397398257, 0.450286207, -0.891918694, 0.411254883, -0.820800781, -0.396118164, -0.910624593, -0.350973106, -0.217714569, 0, 1, 1, 1, 
86.2555776, 5, 0.1, 0.1, 0.0298253687, 0.35779381, -0.034969626, 0.996442026, -3.22045637e-005, 0.0842810028, 0.0842810028, -3.98120576e-007, -0.996442027, 3.21235348e-005, 0.999999999, 2.31752885e-006, 0.996442024, -2.77314381e-005, 0.0842810305, 0.0842810306, 1.69640835e-006, -0.996442024, 2.74897952e-005, 1, 4.02760675e-006, 0, 0, 0, 0, 0, 0, 0, 0.301231885, -0.113418921, -0.246489282, -0.187683146, 0.630953862, -0.752681395, -0.962890625, 0.0329589844, 0.267700195, 0.193856179, 0.774974029, 0.601592341, 0, 0, -0, 0, 0, 0, 0, 0.350567725, -0.0716530762, -0.197083203, 0.0418995349, 0.452420396, -0.890737127, 0.411865234, -0.820068359, -0.397094727, -0.910152113, -0.350257823, -0.220781692, 0, 1, 1, 1, 
86.2562782, 5, 0.1, 0.1, 0.0298253718, 0.35779381, -0.0349727139, 0.99644203, 1.58684947e-005, 0.0842809656, 0.0842809654, 1.05237306e-005, -0.99644203, -1.66989853e-005, 1, 9.14887545e-006, 0.99644203, 4.88227359e-006, 0.0842809689, 0.0842809688, 6.40144866e-006, -0.99644203, -5.4044229e-006, 1, 5.96718975e-006, 0, 0, 0, 0, 0, 0, 0, 0.301231885, -0.113418921, -0.246489282, -0.187683146, 0.630953862, -0.752681395, -0.962890625, 0.0329589844, 0.267700195, 0.193856179, 0.774974029, 0.601592341, 0, 0, -0, 0, 0, 0, 0, 0.350567725, -0.0716530762, -0.197083203, 0.0418995349, 0.452420396, -0.890737127, 0.411865234, -0.820068359, -0.397094727, -0.910152113, -0.350257823, -0.220781692, 0, 1, 1, 1, 
86.2569925, 5, 0.1, 0.1, 0.0298253669, 0.357793811, -0.0349746319, 0.996442041, -3.53431361e-006, 0.0842808287, 0.0842808286, -1.45893029e-005, -0.996442041, 4.75133721e-006, 1, -1.42395199e-005, 0.996442037, 1.03366552e-005, 0.0842808797, 0.0842808798, -1.3264109e-005, -0.996442037, -9.18196703e-006, 1, -1.40880982e-005, 0, 0, 0, 0, 0, 0, 0, 0.301231885, -0.113418921, -0.246489282, -0.187683146, 0.630953862, -0.752681395, -0.962890625, 0.0329589844, 0.267700195, 0.193856179, 0.774974029, 0.601592341, 0, 0, -0, 0, 0, 0, 0, 0.350567725, -0.0716530762, -0.197083203, 0.0418995349, 0.452420396, -0.890737127, 0.411865234, -0.820068359, -0.397094727, -0.910152113, -0.350257823, -0.220781692, 0, 1, 1, 1, 
86.2577515, 5, 0.1, 0.1, 0.0298253712, 0.357793811, -0.0349741847, 0.996442076, 2.17299043e-006, 0.0842804175, 0.0842804175, -5.87595845e-007, -0.996442076, -2.11573628e-006, 1, -7.68645765e-007, 0.996442069, -9.39291407e-006, 0.0842805036, 0.0842805036, 3.79175325e-006, -0.996442069, 9.03992385e-006, 1, 4.56990198e-006, 0, 0, 0, 0, 0, 0, 0, 0.301553735, -0.114032983, -0.24574375, -0.190063415, 0.632083152, -0.751265665, -0.962524414, 0.0303955078, 0.269042969, 0.192873665, 0.774300799, 0.602727623, 0, 0, -0, 0, 0, 0, 0, 0.351237109, -0.0719704102, -0.196203662, 0.0448197364, 0.454573542, -0.889536604, 0.414672852, -0.818481445, -0.397338867, -0.908740503, -0.350890717, -0.225196992, 0, 1, 1, 1, 
86.2584504, 5, 0.1, 0.1, 0.0298253704, 0.357793811, -0.0349722205, 0.996442105, -6.98527954e-006, 0.08428008, 0.08428008, -4.65482514e-006, -0.996442105, 7.35273569e-006, 1, -4.04954384e-006, 0.9964421, -3.54085298e-006, 0.0842801417, 0.0842801417, -3.87326262e-006, -0.9964421, 3.8546941e-006, 1, -3.56105835e-006, 0, 0, 0, 0, 0, 0, 0, 0.301553735, -0.114032983, -0.24574375, -0.190063415, 0.632083152, -0.751265665, -0.962524414, 0.0303955078, 0.269042969, 0.192873665, 0.774300799, 0.602727623, 0, 0, -0, 0, 0, 0, 0, 0.351237109, -0.0719704102, -0.196203662, 0.0448197364, 0.454573542, -0.889536604, 0.414672852, -0.818481445, -0.397338867, -0.908740503, -0.350890717, -0.225196992, 0, 1, 1, 1, 
86.2591569, 5, 0.1, 0.1, 0.0298253706, 0.357793811, -0.0349694762, 0.99644213, 8.77834959e-007, 0.0842797788, 0.0842797788, -3.35538606e-006, -0.99644213, -5.91920542e-007, 1, -3.41743176e-006, 0.996442126, -1.27380482e-006, 0.0842798283, 0.0842798283, 3.02306695e-006, -0.996442126, 1.01448922e-006, 1, 3.11966731e-006, 0, 0, 0, 0, 0, 0, 0, 0.301553735, -0.114032983, -0.24574375, -0.190063415, 0.632083152, -0.751265665, -0.962524414, 0.0303955078, 0.269042969, 0.192873665, 0.774300799, 0.602727623, 0, 0, -0, 0, 0, 0, 0, 0.351237109, -0.0719704102, -0.196203662, 0.0448197364, 0.454573542, -0.889536604, 0.414672852, -0.818481445, -0.397338867, -0.908740503, -0.350890717, -0.225196992, 0, 1, 1, 1, 
86.2598931, 5, 0.1, 0.1, 0.0298253696, 0.357793811, -0.0349664755, 0.996442158, 3.60263939e-006, 0.0842794553, 0.0842794554, -7.16895612e-006, -0.996442158, -2.98562605e-006, 1, -7.44707859e-006, 0.996442152, 8.42656937e-006, 0.0842795259, 0.084279526, -6.30303315e-006, -0.996442152, -7.86537227e-006, 1, -6.99079518e-006, 0, 0, 0, 0, 0, 0, 0, 0.301553735, -0.114032983, -0.24574375, -0.190063415, 0.632083152, -0.751265665, -0.962524414, 0.0303955078, 0.269042969, 0.192873665, 0.774300799, 0.602727623, 0, 0, -0, 0, 0, 0, 0, 0.351237109, -0.0719704102, -0.196203662, 0.0448197364, 0.454573542, -0.889536604, 0.414672852, -0.818481445, -0.397338867, -0.908740503, -0.350890717, -0.225196992, 0, 1, 1, 1, 
86.2605994, 5, 0.1, 0.1, 0.0298253709, 0.357793809, -0.0349644963, 0.996442196, 1.38310733e-005, 0.0842790001, 0.0842790001, 5.51815079e-006, -0.996442196, -1.42469292e-005, 1, 4.33284927e-006, 0.996442187, -1.90549716e-006, 0.0842791042, 0.0842791043, 1.2924262e-005, -0.996442187, 8.09472531e-007, 1, 1.30388735e-005, 0, 0, 0, 0, 0, 0, 0, 0.301553735, -0.114032983, -0.24574375, -0.190063415, 0.632083152, -0.751265665, -0.962524414, 0.0303955078, 0.269042969, 0.192873665, 0.774300799, 0.602727623, 0, 0, -0, 0, 0, 0, 0, 0.351237109, -0.0719704102, -0.196203662, 0.0448197364, 0.454573542, -0.889536604, 0.414672852, -0.818481445, -0.397338867, -0.908740503, -0.350890717, -0.225196992, 0, 1, 1, 1, 
86.2613002, 5, 0.1, 0.1, 0.0298253674, 0.357793812, -0.0349640629, 0.99644225, -1.58065693e-005, 0.0842783638, 0.0842783638, -9.4046896e-007, -0.99644225, 1.58295946e-005, 1, 3.9502879e-007, 0.996442239, 3.63928747e-006, 0.0842784967, 0.0842784967, -1.18953292e-005, -0.996442239, -2.62381929e-006, 1, -1.21597221e-005, 0, 0, 0, 0, 0, 0, 0, 0.301553735, -0.114032983, -0.24574375, -0.190063415, 0.632083152, -0.751265665, -0.962524414, 0.0303955078, 0.269042969, 0.192873665, 0.774300799, 0.602727623, 0, 0, -0, 0, 0, 0, 0, 0.351237109, -0.0719704102, -0.196203662, 0.0448197364, 0.454573542, -0.889536604, 0.414672852, -0.818481445, -0.397338867, -0.908740503, -0.350890717, -0.225196992, 0, 1, 1, 1, 
86.2620543, 5, 0.1, 0.1, 0.029825375, 0.357793811, -0.0349650948, 0.996442298, 5.24377442e-007, 0.0842777958, 0.0842777958, 5.89866499e-006, -0.996442298, -1.01963835e-006, 1, 5.83348592e-006, 0.99644229, -1.71242332e-005, 0.0842778926, 0.0842778925, -2.60445087e-006, -0.99644229, 1.72828078e-005, 1, -1.1519907e-006, 0, 0, 0, 0, 0, 0, 0, 0.301553735, -0.114032983, -0.24574375, -0.192551148, 0.632730172, -0.749907222, -0.962158203, 0.0283203125, 0.270874023, 0.192773316, 0.773703953, 0.603501202, 0, 0, -0, 0, 0, 0, 0, 0.351237109, -0.0719704102, -0.196203662, 0.0448197364, 0.454573542, -0.889536604, 0.414672852, -0.818481445, -0.397338867, -0.908740503, -0.350890717, -0.225196992, 0, 1, 1, 1, 
86.2627715, 5, 0.1, 0.1, 0.029825373, 0.35779381, -0.0349666988, 0.99644234, -4.85334233e-006, 0.0842772987, 0.0842772987, 4.09549078e-006, -0.99644234, 4.49091889e-006, 1, 4.489947e-006, 0.996442332, -1.15846294e-006, 0.0842773923, 0.0842773923, 4.78006764e-006, -0.996442332, 7.5148988e-007, 1, 4.86069399e-006, 0, 0, 0, 0, 0, 0, 0, 0.301872778, -0.115117944, -0.245002246, -0.192551148, 0.632730172, -0.749907222, -0.962158203, 0.0283203125, 0.270874023, 0.192773316, 0.773703953, 0.603501202, 0, 0, -0, 0, 0, 0, 0, 0.351939453, -0.0732002441, -0.195330713, 0.0484107451, 0.456139003, -0.888470242, 0.416259766, -0.817749023, -0.397216797, -0.907872102, -0.350603438, -0.229503651, 0, 1, 1, 1, 
86.2634707, 5, 0.1, 0.1, 0.0298253723, 0.35779381, -0.0349689506, 0.99644237, -5.28202873e-006, 0.0842769425, 0.0842769425, -3.04375357e-006, -0.99644237, 5.51975547e-006, 1, -2.58777179e-006, 0.996442365, 3.45698947e-006, 0.0842770002, 0.0842770002, 3.47590596e-006, -0.996442365, -3.73762969e-006, 1, 3.17219526e-006, 0, 0, 0, 0, 0, 0, 0, 0.301872778, -0.115117944, -0.245002246, -0.192551148, 0.632730172, -0.749907222, -0.962158203, 0.0283203125, 0.270874023, 0.192773316, 0.773703953, 0.603501202, 0, 0, -0, 0, 0, 0, 0, 0.351939453, -0.0732002441, -0.195330713, 0.0484107451, 0.456139003, -0.888470242, 0.416259766, -0.817749023, -0.397216797, -0.907872102, -0.350603438, -0.229503651, 0, 1, 1, 1, 
86.264185, 5, 0.1, 0.1, 0.0298253733, 0.35779381, -0.0349711518, 0.996442399, -5.63294018e-007, 0.0842766025, 0.0842766025, -3.90895517e-006, -0.996442399, 8.90723504e-007, 1, -3.84757616e-006, 0.996442392, 2.72808693e-006, 0.08427668, 0.08427668, -3.47562701e-006, -0.996442392, -2.42546716e-006, 1, -3.6931762e-006, 0, 0, 0, 0, 0, 0, 0, 0.301872778, -0.115117944, -0.245002246, -0.192551148, 0.632730172, -0.749907222, -0.962158203, 0.0283203125, 0.270874023, 0.192773316, 0.773703953, 0.603501202, 0, 0, -0, 0, 0, 0, 0, 0.351939453, -0.0732002441, -0.195330713, 0.0484107451, 0.456139003, -0.888470242, 0.416259766, -0.817749023, -0.397216797, -0.907872102, -0.350603438, -0.229503651, 0, 1, 1, 1, 
86.265012, 5, 0.1, 0.1, 0.0298253731, 0.357793811, -0.0349715685, 0.996442433, 7.64129979e-007, 0.0842762033, 0.0842762033, -1.29899838e-006, -0.996442433, -6.51936884e-007, 1, -1.35877508e-006, 0.996442427, -1.02741706e-006, 0.0842762704, 0.0842762704, -6.86784464e-006, -0.996442427, 1.60255828e-006, 1, -6.75682491e-006, 0, 0, 0, 0, 0, 0, 0, 0.301872778, -0.115117944, -0.245002246, -0.192551148, 0.632730172, -0.749907222, -0.962158203, 0.0283203125, 0.270874023, 0.192773316, 0.773703953, 0.603501202, 0, 0, -0, 0, 0, 0, 0, 0.351939453, -0.0732002441, -0.195330713, 0.0484107451, 0.456139003, -0.888470242, 0.416259766, -0.817749023, -0.397216797, -0.907872102, -0.350603438, -0.229503651, 0, 1, 1, 1, 
86.2657553, 5, 0.1, 0.1, 0.0298253721, 0.357793808, -0.0349704692, 0.996442463, 4.24677573e-006, 0.0842758407, 0.0842758407, -8.18434489e-006, -0.996442463, -3.54192513e-006, 1, -8.51312937e-006, 0.996442455, 7.98605484e-006, 0.0842759424, 0.0842759424, 6.55567622e-006, -0.996442455, -8.51012988e-006, 1, 5.85932181e-006, 0, 0, 0, 0, 0, 0, 0, 0.301872778, -0.115117944, -0.245002246, -0.192551148, 0.632730172, -0.749907222, -0.962158203, 0.0283203125, 0.270874023, 0.192773316, 0.773703953, 0.603501202, 0, 0, -0, 0, 0, 0, 0, 0.351939453, -0.0732002441, -0.195330713, 0.0484107451, 0.456139003, -0.888470242, 0.416259766, -0.817749023, -0.397216797, -0.907872102, -0.350603438, -0.229503651, 0, 1, 1, 1, 
86.2664619, 5, 0.1, 0.1, 0.0298253732, 0.35779381, -0.0349687343, 0.996442503, 2.12332649e-006, 0.0842753666, 0.0842753666, 1.01160484e-005, -0.996442503, -2.96830645e-006, 1, 9.90111647e-006, 0.996442496, 6.71083554e-007, 0.084275458, 0.084275458, 4.42039028e-006, -0.996442496, -1.04122659e-006, 1, 4.34810885e-006, 0, 0, 0, 0, 0, 0, 0, 0.301872778, -0.115117944, -0.245002246, -0.192551148, 0.632730172, -0.749907222, -0.962158203, 0.0283203125, 0.270874023, 0.192773316, 0.773703953, 0.603501202, 0, 0, -0, 0, 0, 0, 0, 0.351939453, -0.0732002441, -0.195330713, 0.0484107451, 0.456139003, -0.888470242, 0.416259766, -0.817749023, -0.397216797, -0.907872102, -0.350603438, -0.229503651, 0, 1, 1, 1, 
86.2672026, 5, 0.1, 0.1, 0.0298253726, 0.357793811, -0.0349668808, 0.996442538, 8.82470389e-006, 0.0842749577, 0.0842749578, -1.37448075e-005, -0.996442538, -7.63496727e-006, 1, -1.44396124e-005, 0.996442532, 1.21755384e-006, 0.0842750231, 0.0842750231, -1.547065e-005, -0.996442532, 9.05669578e-008, 1, -1.55182231e-005, 0, 0, 0, 0, 0, 0, 0, 0.302187793, -0.116201562, -0.244266846, -0.195096168, 0.633396289, -0.748669348, -0.961669922, 0.0261230469, 0.272705078, 0.192311264, 0.773227675, 0.604293877, 0, 0, -0, 0, 0, 0, 0, 0.352651807, -0.0744300781, -0.194244531, 0.0521103955, 0.457704464, -0.887512523, 0.41809082, -0.817016602, -0.396728516, -0.906869539, -0.350316159, -0.233944471, 0, 1, 1, 1, 
86.2679127, 5, 0.1, 0.1, 0.0298253736, 0.357793809, -0.0349657418, 0.996442552, -8.7493141e-006, 0.0842747882, 0.0842747882, 4.18048565e-006, -0.996442552, 8.36587933e-006, 1, 4.90296039e-006, 0.996442551, -1.14842873e-005, 0.0842748054, 0.0842748055, 1.0676588e-005, -0.996442551, 1.05436651e-005, 1, 1.16064427e-005, 0, 0, 0, 0, 0, 0, 0, 0.302187793, -0.116201562, -0.244266846, -0.195096168, 0.633396289, -0.748669348, -0.961669922, 0.0261230469, 0.272705078, 0.192311264, 0.773227675, 0.604293877, 0, 0, -0, 0, 0, 0, 0, 0.352651807, -0.0744300781, -0.194244531, 0.0521103955, 0.457704464, -0.887512523, 0.41809082, -0.817016602, -0.396728516, -0.906869539, -0.350316159, -0.233944471, 0, 1, 1, 1, 
86.2686253, 5, 0.1, 0.1, 0.0298253737, 0.357793811, -0.034965697, 0.996442559, -4.62766613e-006, 0.0842747044, 0.0842747044, 7.98776002e-006, -0.996442559, 3.93803737e-006, 1, 8.34933923e-006, 0.996442558, 8.53451647e-007, 0.0842747182, 0.0842747182, -5.57498924e-006, -0.996442558, -3.80584896e-007, 1, -5.62708094e-006, 0, 0, 0, 0, 0, 0, 0, 0.302187793, -0.116201562, -0.244266846, -0.195096168, 0.633396289, -0.748669348, -0.961669922, 0.0261230469, 0.272705078, 0.192311264, 0.773227675, 0.604293877, 0, 0, -0, 0, 0, 0, 0, 0.352651807, -0.0744300781, -0.194244531, 0.0521103955, 0.457704464, -0.887512523, 0.41809082, -0.817016602, -0.396728516, -0.906869539, -0.350316159, -0.233944471, 0, 1, 1, 1, 
86.269347, 5, 0.1, 0.1, 0.0298253733, 0.357793809, -0.0349665466, 0.996442576, -6.9514703e-006, 0.0842745125, 0.0842745124, -1.152904e-005, -0.996442576, 7.89834519e-006, 1, -1.09021945e-005, 0.99644257, 3.61782146e-006, 0.0842745758, 0.0842745758, -4.40739078e-006, -0.99644257, -3.23352032e-006, 1, -4.69660217e-006, 0, 0, 0, 0, 0, 0, 0, 0.302187793, -0.116201562, -0.244266846, -0.197654293, 0.634202069, -0.747412377, -0.961425781, 0.0231933594, 0.273925781, 0.190986144, 0.772852868, 0.60520712, 0, 0, -0, 0, 0, 0, 0, 0.352651807, -0.0744300781, -0.194244531, 0.0521103955, 0.457704464, -0.887512523, 0.41809082, -0.817016602, -0.396728516, -0.906869539, -0.350316159, -0.233944471, 0, 1, 1, 1, 
86.2700758, 5, 0.1, 0.1, 0.0298253728, 0.357793808, -0.0349677793, 0.996442607, 1.87812593e-005, 0.0842741346, 0.0842741343, 1.51421091e-005, -0.996442608, -1.99905351e-005, 1, 1.35054683e-005, 0.9964426, 1.13953564e-005, 0.0842742247, 0.0842742245, 1.53474676e-005, -0.9964426, -1.26482145e-005, 1, 1.43325357e-005, 0, 0, 0, 0, 0, 0, 0, 0.302499512, -0.117054492, -0.24330686, -0.197654293, 0.634202069, -0.747412377, -0.961425781, 0.0231933594, 0.273925781, 0.190986144, 0.772852868, 0.60520712, 0, 0, -0, 0, 0, 0, 0, 0.353099414, -0.0754100586, -0.193358154, 0.055203038, 0.45962137, -0.886363039, 0.419555664, -0.816162109, -0.397094727, -0.905930776, -0.349869198, -0.237874164, 0, 1, 1, 1, 
86.2707873, 5, 0.1, 0.1, 0.0298253721, 0.357793809, -0.034969222, 0.996442656, -2.05497201e-005, 0.0842735607, 0.0842735606, -5.76686199e-006, -0.996442656, 2.09626117e-005, 1, -4.0145492e-006, 0.996442644, -1.06665485e-005, 0.084273698, 0.0842736978, -1.07613374e-005, -0.996442644, 1.15355015e-005, 1, -9.82414599e-006, 0, 0, 0, 0, 0, 0, 0, 0.302499512, -0.117054492, -0.24330686, -0.197654293, 0.634202069, -0.747412377, -0.961425781, 0.0231933594, 0.273925781, 0.190986144, 0.772852868, 0.60520712, 0, 0, -0, 0, 0, 0, 0, 0.353099414, -0.0754100586, -0.193358154, 0.055203038, 0.45962137, -0.886363039, 0.419555664, -0.816162109, -0.397094727, -0.905930776, -0.349869198, -0.237874164, 0, 1, 1, 1, 
86.2714945, 5, 0.1, 0.1, 0.0298253757, 0.357793807, -0.0349705212, 0.996442723, 8.98291128e-006, 0.0842727682, 0.0842727682, -4.0624346e-006, -0.996442723, -8.60860397e-006, 1, -4.8049982e-006, 0.996442708, 2.5849696e-007, 0.0842729424, 0.0842729424, 6.00267661e-006, -0.996442708, -7.6344063e-007, 1, 5.95953904e-006, 0, 0, 0, 0, 0, 0, 0, 0.302499512, -0.117054492, -0.24330686, -0.197654293, 0.634202069, -0.747412377, -0.961425781, 0.0231933594, 0.273925781, 0.190986144, 0.772852868, 0.60520712, 0, 0, -0, 0, 0, 0, 0, 0.353099414, -0.0754100586, -0.193358154, 0.055203038, 0.45962137, -0.886363039, 0.419555664, -0.816162109, -0.397094727, -0.905930776, -0.349869198, -0.237874164, 0, 1, 1, 1, 
86.2722055, 5, 0.1, 0.1, 0.0298253747, 0.357793807, -0.0349712648, 0.996442798, -2.25126069e-006, 0.0842718874, 0.0842718874, 1.07758718e-005, -0.996442798, 1.33514945e-006, 1, 1.09272578e-005, 0.996442783, -4.14561301e-006, 0.084272066, 0.084272066, 5.79869873e-006, -0.996442783, 3.64219784e-006, 1, 6.12743087e-006, 0, 0, 0, 0, 0, 0, 0, 0.302499512, -0.117054492, -0.24330686, -0.197654293, 0.634202069, -0.747412377, -0.961425781, 0.0231933594, 0.273925781, 0.190986144, 0.772852868, 0.60520712, 0, 0, -0, 0, 0, 0, 0, 0.353099414, -0.0754100586, -0.193358154, 0.055203038, 0.45962137, -0.886363039, 0.419555664, -0.816162109, -0.397094727, -0.905930776, -0.349869198, -0.237874164, 0, 1, 1, 1, 
86.2729149, 5, 0.1, 0.1, 0.0298253741, 0.357793808, -0.0349713064, 0.996442878, -6.0045805e-006, 0.084270932, 0.0842709319, -1.16437149e-005, -0.996442878, 6.96444819e-006, 1, -1.10962852e-005, 0.996442862, -2.98748325e-006, 0.0842711254, 0.0842711253, -1.18993846e-005, -0.996442862, 3.9796309e-006, 1, -1.16052983e-005, 0, 0, 0, 0, 0, 0, 0, 0.302499512, -0.117054492, -0.24330686, -0.197654293, 0.634202069, -0.747412377, -0.961425781, 0.0231933594, 0.273925781, 0.190986144, 0.772852868, 0.60520712, 0, 0, -0, 0, 0, 0, 0, 0.353099414, -0.0754100586, -0.193358154, 0.055203038, 0.45962137, -0.886363039, 0.419555664, -0.816162109, -0.397094727, -0.905930776, -0.349869198, -0.237874164, 0, 1, 1, 1, 
86.2736262, 5, 0.1, 0.1, 0.0298253745, 0.357793806, -0.0349706797, 0.996442957, -7.61334171e-006, 0.0842700075, 0.0842700075, 3.78330101e-006, -0.996442957, 7.26744192e-006, 1, 4.41142001e-006, 0.996442942, 3.35494822e-007, 0.0842701806, 0.0842701806, 1.04919842e-005, -0.996442942, -1.21846285e-006, 1, 1.04263914e-005, 0, 0, 0, 0, 0, 0, 0, 0.302499512, -0.117054492, -0.24330686, -0.197654293, 0.634202069, -0.747412377, -0.961425781, 0.0231933594, 0.273925781, 0.190986144, 0.772852868, 0.60520712, 0, 0, -0, 0, 0, 0, 0, 0.353099414, -0.0754100586, -0.193358154, 0.055203038, 0.45962137, -0.886363039, 0.419555664, -0.816162109, -0.397094727, -0.905930776, -0.349869198, -0.237874164, 0, 1, 1, 1, 
86.2743432, 5, 0.1, 0.1, 0.029825375, 0.357793807, -0.0349695422, 0.996443012, 5.02919947e-007, 0.0842693556, 0.0842693556, 7.2407539e-006, -0.996443012, -1.11130473e-006, 1, 7.17261789e-006, 0.996443003, 4.48834002e-006, 0.084269459, 0.084269459, -3.83596704e-006, -0.996443003, -4.14912014e-006, 1, -4.2005525e-006, 0, 0, 0, 0, 0, 0, 0, 0.302566992, -0.117691626, -0.242567432, -0.200612313, 0.634868185, -0.746117214, -0.96105957, 0.0197753906, 0.275268555, 0.189477177, 0.77237659, 0.606361498, 0, 0, -0, 0, 0, 0, 0, 0.353099414, -0.0754100586, -0.193358154, 0.055203038, 0.45962137, -0.886363039, 0.419555664, -0.816162109, -0.397094727, -0.905930776, -0.349869198, -0.237874164, 0, 1, 1, 1, 
86.2750679, 5, 0.1, 0.1, 0.0298253765, 0.357793806, -0.0349680437, 0.996443045, 5.46094488e-006, 0.0842689574, 0.0842689575, -1.12028391e-005, -0.996443045, -4.49746897e-006, 1, -1.16231792e-005, 0.996443039, 2.02914071e-006, 0.0842690282, 0.0842690282, -5.88439535e-006, -0.996443039, -1.52605086e-006, 1, -6.03445851e-006, 0, 0, 0, 0, 0, 0, 0, 0.302566992, -0.117691626, -0.242567432, -0.200612313, 0.634868185, -0.746117214, -0.96105957, 0.0197753906, 0.275268555, 0.189477177, 0.77237659, 0.606361498, 0, 0, -0, 0, 0, 0, 0, 0.353485742, -0.0759506348, -0.19245835, 0.0572861882, 0.461774516, -0.885130433, 0.42175293, -0.814697266, -0.397705078, -0.904729887, -0.350502093, -0.241426894, 0, 1, 1, 1, 
86.2757775, 5, 0.1, 0.1, 0.0298253775, 0.357793805, -0.0349669984, 0.996443081, 4.01485526e-006, 0.0842685367, 0.0842685366, 1.29029504e-005, -0.996443081, -5.08788749e-006, 1, 1.25187296e-005, 0.996443073, -5.62858345e-006, 0.0842686343, 0.0842686344, 1.28467879e-005, -0.996443073, 4.52598171e-006, 1, 1.32754058e-005, 0, 0, 0, 0, 0, 0, 0, 0.302566992, -0.117691626, -0.242567432, -0.200612313, 0.634868185, -0.746117214, -0.96105957, 0.0197753906, 0.275268555, 0.189477177, 0.77237659, 0.606361498, 0, 0, -0, 0, 0, 0, 0, 0.353485742, -0.0759506348, -0.19245835, 0.0572861882, 0.461774516, -0.885130433, 0.42175293, -0.814697266, -0.397705078, -0.904729887, -0.350502093, -0.241426894, 0, 1, 1, 1, 
86.2764853, 5, 0.1, 0.1, 0.029825377, 0.357793807, -0.0349666395, 0.996443131, -1.57673305e-006, 0.0842679431, 0.0842679431, -5.4589616e-006, -0.996443131, 2.03114028e-006, 1, -5.30667674e-006, 0.996443121, -4.55411996e-006, 0.0842680661, 0.084268066, -1.24555979e-005, -0.996443121, 5.58753065e-006, 1, -1.2027528e-005, 0, 0, 0, 0, 0, 0, 0, 0.302566992, -0.117691626, -0.242567432, -0.200612313, 0.634868185, -0.746117214, -0.96105957, 0.0197753906, 0.275268555, 0.189477177, 0.77237659, 0.606361498, 0, 0, -0, 0, 0, 0, 0, 0.353485742, -0.0759506348, -0.19245835, 0.0572861882, 0.461774516, -0.885130433, 0.42175293, -0.814697266, -0.397705078, -0.904729887, -0.350502093, -0.241426894, 0, 1, 1, 1, 
86.2771948, 5, 0.1, 0.1, 0.0298253755, 0.357793804, -0.0349669931, 0.996443178, -2.28227168e-006, 0.0842673845, 0.0842673845, -5.91246536e-006, -0.996443178, 2.77238204e-006, 1, -5.69911471e-006, 0.996443171, -9.7819807e-007, 0.0842674746, 0.0842674746, 6.56790168e-006, -0.996443171, 4.21258299e-007, 1, 6.62697106e-006, 0, 0, 0, 0, 0, 0, 0, 0.302566992, -0.117691626, -0.242567432, -0.200612313, 0.634868185, -0.746117214, -0.96105957, 0.0197753906, 0.275268555, 0.189477177, 0.77237659, 0.606361498, 0, 0, -0, 0, 0, 0, 0, 0.353485742, -0.0759506348, -0.19245835, 0.0572861882, 0.461774516, -0.885130433, 0.42175293, -0.814697266, -0.397705078, -0.904729887, -0.350502093, -0.241426894, 0, 1, 1, 1, 
86.2779025, 5, 0.1, 0.1, 0.0298253752, 0.357793804, -0.0349679966, 0.996443211, 1.65960629e-006, 0.0842670021, 0.0842670021, 1.26946527e-005, -0.996443211, -2.72344375e-006, 1, 1.25096505e-005, 0.996443204, -1.10589099e-006, 0.084267078, 0.084267078, 6.83779298e-006, -0.996443204, 5.25756732e-007, 1, 6.90666255e-006, 0, 0, 0, 0, 0, 0, 0, 0.302566992, -0.117691626, -0.242567432, -0.200612313, 0.634868185, -0.746117214, -0.96105957, 0.0197753906, 0.275268555, 0.189477177, 0.77237659, 0.606361498, 0, 0, -0, 0, 0, 0, 0, 0.353485742, -0.0759506348, -0.19245835, 0.0572861882, 0.461774516, -0.885130433, 0.42175293, -0.814697266, -0.397705078, -0.904729887, -0.350502093, -0.241426894, 0, 1, 1, 1, 
