time, trialNum, realDorsalTactorPos, realVentralTactorPos, boxPosX, boxPosY, boxPosZ, boxLocalRot_11, boxLocalRot_12, boxLocalRot_13, boxLocalRot_21, boxLocalRot_22, boxLocalRot_23, boxLocalRot_31, boxLocalRot_32, boxLocalRot_33, boxGlobalRot_11, boxGlobalRot_12, boxGlobalRot_13, boxGlobalRot_21, boxGlobalRot_22, boxGlobalRot_23, boxGlobalRot_31, boxGlobalRot_32, boxGlobalRot_33, indexForceX, indexForceY, indexForceZ, indexForceGlobalX, indexForceGlobalY, indexForceGlobalZ, indexContact, indexPosX, indexPosY, indexPosZ, indexRot_11, indexRot_12, indexRot_13, indexRot_21, indexRot_22, indexRot_23, indexRot_31, indexRot_32, indexRot_33, thumbForceX, thumbForceY, thumbForceZ, thumbForceGlobalX, thumbForceGlobalY, thumbForceGlobalZ, thumbContact, thumbPosX, thumbPosY, thumbPosZ, thumbRot_11, thumbRot_12, thumbRot_13, thumbRot_21, thumbRot_22, thumbRot_23, thumbRot_31, thumbRot_32, thumbRot_33, manipForceTooHigh, cceExpType, mapping, trialSuccess, 
187.233475, 16, 0.1, 0.1, 0.0147413464, 0.357574246, -0.0349734998, 0.981893875, -3.18335809e-006, 0.189431832, 0.189431832, -5.77121147e-006, -0.981893875, 4.21897097e-006, 1, -5.06368784e-006, 0.981893869, 4.85817072e-006, 0.189431863, 0.189431863, 7.30687581e-006, -0.981893869, -6.15436314e-006, 1, 6.25428423e-006, 0, 0, 0, 0, 0, 0, 0, 0.273715332, -0.056167749, -0.239890381, -0.0772218402, 0.60949439, -0.789001714, -0.890991211, 0.312866211, 0.328857422, 0.447274347, 0.728441734, 0.518976681, 0, 0, -0, 0, 0, 0, 0, 0.350082471, -0.0231908203, -0.190385742, 0.320312378, 0.392584579, -0.862016861, 0.235351562, -0.914428711, -0.328979492, -0.917467072, -0.0974369603, -0.385429612, 0, 1, 3, 1, 
187.275915, 16, 0.1, 0.1, 0.0147413582, 0.357574265, -0.0349675069, 0.981891462, -1.84722768e-005, 0.189444336, 0.189444336, 2.04990013e-006, -0.981891462, 1.77494289e-005, 1, 5.51224765e-006, 0.981891445, -2.35778316e-005, 0.189444421, 0.189444422, 6.96311654e-006, -0.981891446, 2.18317475e-005, 1, 1.13037132e-005, 0, 0, 0, 0, 0, 0, 0, 0.290562622, -0.0787858154, -0.233651343, -0.0731071742, 0.575596204, -0.81436317, -0.907958984, 0.299316406, 0.29296875, 0.412387682, 0.761000904, 0.500870585, 0, 0, -0, 0, 0, 0, 0, 0.364317041, -0.0402995117, -0.183456885, 0.322141798, 0.379107866, -0.867347971, 0.279052734, -0.913574219, -0.295654297, -0.90450955, -0.146723077, -0.400105346, 0, 1, 3, 1, 
187.276616, 16, 0.1, 0.1, 0.0147413543, 0.357574266, -0.0349684343, 0.981891512, 1.42537522e-005, 0.18944408, 0.18944408, 1.12644447e-005, -0.981891512, -1.61296206e-005, 1, 8.36017363e-006, 0.981891506, 1.97915992e-005, 0.189444108, 0.189444108, 4.78281114e-007, -0.981891506, -1.95238107e-005, 1, -3.27978169e-006, 0, 0, 0, 0, 0, 0, 0, 0.290562622, -0.0787858154, -0.233651343, -0.0731071742, 0.575596204, -0.81436317, -0.907958984, 0.299316406, 0.29296875, 0.412387682, 0.761000904, 0.500870585, 0, 0, -0, 0, 0, 0, 0, 0.364317041, -0.0402995117, -0.183456885, 0.322141798, 0.379107866, -0.867347971, 0.279052734, -0.913574219, -0.295654297, -0.90450955, -0.146723077, -0.400105346, 0, 1, 3, 1, 
187.277316, 16, 0.1, 0.1, 0.0147413578, 0.357574264, -0.0349696132, 0.9818915, -1.16900693e-005, 0.189444141, 0.189444141, -1.09129797e-005, -0.9818915, 1.35457798e-005, 1, -8.50074688e-006, 0.981891506, -1.63522986e-005, 0.189444107, 0.189444107, -6.42654405e-006, -0.981891506, 1.7273654e-005, 1, -3.21232242e-006, 0, 0, 0, 0, 0, 0, 0, 0.290562622, -0.0787858154, -0.233651343, -0.0731071742, 0.575596204, -0.81436317, -0.907958984, 0.299316406, 0.29296875, 0.412387682, 0.761000904, 0.500870585, 0, 0, -0, 0, 0, 0, 0, 0.364317041, -0.0402995117, -0.183456885, 0.322141798, 0.379107866, -0.867347971, 0.279052734, -0.913574219, -0.295654297, -0.90450955, -0.146723077, -0.400105346, 0, 1, 3, 1, 
187.278035, 16, 0.1, 0.1, 0.0147413539, 0.357574262, -0.0349706349, 0.981891441, 1.33696893e-005, 0.189444445, 0.189444444, 1.55532056e-005, -0.981891441, -1.60740519e-005, 1, 1.27387461e-005, 0.981891456, 1.71830978e-005, 0.189444368, 0.189444368, 1.66370015e-005, -0.981891456, -2.00237231e-005, 1, 1.30804885e-005, 0, 0, 0, 0, 0, 0, 0, 0.290562622, -0.0787858154, -0.233651343, -0.0731071742, 0.575596204, -0.81436317, -0.907958984, 0.299316406, 0.29296875, 0.412387682, 0.761000904, 0.500870585, 0, 0, -0, 0, 0, 0, 0, 0.364317041, -0.0402995117, -0.183456885, 0.323106814, 0.377292672, -0.867789102, 0.282348633, -0.913696289, -0.292114258, -0.903180696, -0.1504734, -0.401747366, 0, 1, 3, 1, 
187.278736, 16, 0.1, 0.1, 0.0147413568, 0.357574263, -0.0349710273, 0.981891376, -1.28540039e-005, 0.18944478, 0.18944478, -5.92772447e-006, -0.981891377, 1.37442121e-005, 1, -3.38525759e-006, 0.981891388, -1.51598001e-005, 0.189444721, 0.189444721, -1.15679568e-005, -0.981891388, 1.70767655e-005, 1, -8.48653306e-006, 0, 0, 0, 0, 0, 0, 0, 0.290562622, -0.0787858154, -0.233651343, -0.0731071742, 0.575596204, -0.81436317, -0.907958984, 0.299316406, 0.29296875, 0.412387682, 0.761000904, 0.500870585, 0, 0, -0, 0, 0, 0, 0, 0.365525049, -0.0420611816, -0.182850879, 0.323106814, 0.377292672, -0.867789102, 0.282348633, -0.913696289, -0.292114258, -0.903180696, -0.1504734, -0.401747366, 0, 1, 3, 1, 
187.279439, 16, 0.1, 0.1, 0.0147413536, 0.357574261, -0.0349709239, 0.981891345, 1.53471102e-005, 0.189444941, 0.189444941, -4.3311523e-006, -0.981891346, -1.42486798e-005, 1, -7.16015334e-006, 0.981891348, 1.69432096e-005, 0.189444928, 0.189444928, 7.0529493e-006, -0.981891348, -1.79725364e-005, 1, 3.71542477e-006, 0, 0, 0, 0, 0, 0, 0, 0.290562622, -0.0787858154, -0.233651343, -0.0731071742, 0.575596204, -0.81436317, -0.907958984, 0.299316406, 0.29296875, 0.412387682, 0.761000904, 0.500870585, 0, 0, -0, 0, 0, 0, 0, 0.365525049, -0.0420611816, -0.182850879, 0.323106814, 0.377292672, -0.867789102, 0.282348633, -0.913696289, -0.292114258, -0.903180696, -0.1504734, -0.401747366, 0, 1, 3, 1, 
187.280144, 16, 0.1, 0.1, 0.0147413571, 0.357574262, -0.0349703555, 0.98189137, -1.65624509e-005, 0.189444811, 0.189444811, 6.25267601e-006, -0.981891371, 1.50779906e-005, 1, 9.27711899e-006, 0.981891362, -1.91823593e-005, 0.189444857, 0.189444857, 7.17860494e-007, -0.981891362, 1.86989979e-005, 1, 4.33886033e-006, 0, 0, 0, 0, 0, 0, 0, 0.290562622, -0.0787858154, -0.233651343, -0.0731071742, 0.575596204, -0.81436317, -0.907958984, 0.299316406, 0.29296875, 0.412387682, 0.761000904, 0.500870585, 0, 0, -0, 0, 0, 0, 0, 0.365525049, -0.0420611816, -0.182850879, 0.323106814, 0.377292672, -0.867789102, 0.282348633, -0.913696289, -0.292114258, -0.903180696, -0.1504734, -0.401747366, 0, 1, 3, 1, 
187.280861, 16, 0.1, 0.1, 0.0147413531, 0.357574263, -0.0349693304, 0.98189144, 1.6663595e-005, 0.189444451, 0.189444451, -1.02449629e-005, -0.98189144, -1.442099e-005, 1, -1.3216267e-005, 0.981891424, 2.07915271e-005, 0.189444532, 0.189444533, -9.80145121e-006, -0.981891424, -1.85581908e-005, 1, -1.3562802e-005, 0, 0, 0, 0, 0, 0, 0, 0.291734009, -0.0812015869, -0.233357812, -0.0718835258, 0.57184064, -0.817213726, -0.909179687, 0.299194336, 0.289428711, 0.40996922, 0.763820382, 0.498479454, 0, 0, -0, 0, 0, 0, 0, 0.365525049, -0.0420611816, -0.182850879, 0.323106814, 0.377292672, -0.867789102, 0.282348633, -0.913696289, -0.292114258, -0.903180696, -0.1504734, -0.401747366, 0, 1, 3, 1, 
187.28156, 16, 0.1, 0.1, 0.0147413576, 0.357574263, -0.0349684258, 0.981891515, -1.74701537e-005, 0.189444062, 0.189444062, -1.26610251e-008, -0.981891515, 1.71561943e-005, 1, 3.29718513e-006, 0.981891501, -2.23237541e-005, 0.189444131, 0.189444132, 4.86831641e-006, -0.981891502, 2.09972305e-005, 1, 9.00926272e-006, 0, 0, 0, 0, 0, 0, 0, 0.291734009, -0.0812015869, -0.233357812, -0.0718835258, 0.57184064, -0.817213726, -0.909179687, 0.299194336, 0.289428711, 0.40996922, 0.763820382, 0.498479454, 0, 0, -0, 0, 0, 0, 0, 0.365525049, -0.0420611816, -0.182850879, 0.323106814, 0.377292672, -0.867789102, 0.282348633, -0.913696289, -0.292114258, -0.903180696, -0.1504734, -0.401747366, 0, 1, 3, 1, 
187.28231, 16, 0.1, 0.1, 0.0147413522, 0.357574264, -0.0349673001, 0.981891551, 1.65876552e-005, 0.189443878, 0.189443877, 1.04394982e-005, -0.981891551, -1.82649775e-005, 1, 7.10802536e-006, 0.981891548, 2.34142344e-005, 0.189443889, 0.189443889, -1.02897635e-006, -0.981891548, -2.27953055e-005, 1, -5.44602681e-006, 0, 0, 0, 0, 0, 0, 0, 0.291734009, -0.0812015869, -0.233357812, -0.0718835258, 0.57184064, -0.817213726, -0.909179687, 0.299194336, 0.289428711, 0.40996922, 0.763820382, 0.498479454, 0, 0, -0, 0, 0, 0, 0, 0.365525049, -0.0420611816, -0.182850879, 0.323106814, 0.377292672, -0.867789102, 0.282348633, -0.913696289, -0.292114258, -0.903180696, -0.1504734, -0.401747366, 0, 1, 3, 1, 
187.28304, 16, 0.1, 0.1, 0.0147413565, 0.357574264, -0.0349666292, 0.981891516, -1.44107772e-005, 0.189444055, 0.189444055, -1.52138009e-005, -0.981891516, 1.7031984e-005, 1, -1.2208266e-005, 0.981891527, -1.9199369e-005, 0.189443998, 0.189443997, -1.06371135e-005, -0.981891527, 2.08668351e-005, 1, -6.80728642e-006, 0, 0, 0, 0, 0, 0, 0, 0.293506152, -0.0831410889, -0.233023022, -0.0719108568, 0.568643729, -0.819308678, -0.911010742, 0.296875, 0.286010742, 0.405895015, 0.767045746, 0.496957383, 0, 0, -0, 0, 0, 0, 0, 0.366934814, -0.0435866699, -0.182468115, 0.323682106, 0.375931002, -0.868230232, 0.286376953, -0.913452148, -0.288818359, -0.901647317, -0.155035255, -0.403389386, 0, 1, 3, 1, 
187.283741, 16, 0.1, 0.1, 0.0147413532, 0.357574261, -0.0349666624, 0.981891436, 1.20213608e-005, 0.189444471, 0.189444471, 1.64466099e-005, -0.981891436, -1.49193905e-005, 1, 1.3871405e-005, 0.981891454, 1.6244012e-005, 0.189444377, 0.189444377, 1.72810351e-005, -0.981891454, -1.92236515e-005, 1, 1.3890764e-005, 0, 0, 0, 0, 0, 0, 0, 0.293506152, -0.0831410889, -0.233023022, -0.0719108568, 0.568643729, -0.819308678, -0.911010742, 0.296875, 0.286010742, 0.405895015, 0.767045746, 0.496957383, 0, 0, -0, 0, 0, 0, 0, 0.366934814, -0.0435866699, -0.182468115, 0.323682106, 0.375931002, -0.868230232, 0.286376953, -0.913452148, -0.288818359, -0.901647317, -0.155035255, -0.403389386, 0, 1, 3, 1, 
187.284443, 16, 0.1, 0.1, 0.0147413578, 0.357574263, -0.0349674835, 0.981891348, -1.85644596e-005, 0.189444928, 0.189444928, -7.04516568e-006, -0.981891348, 1.95629532e-005, 1, -3.40064452e-006, 0.981891364, -2.11526356e-005, 0.189444846, 0.189444845, -1.35862912e-005, -0.981891364, 2.3343443e-005, 1, -9.33300421e-006, 0, 0, 0, 0, 0, 0, 0, 0.293506152, -0.0831410889, -0.233023022, -0.0719108568, 0.568643729, -0.819308678, -0.911010742, 0.296875, 0.286010742, 0.405895015, 0.767045746, 0.496957383, 0, 0, -0, 0, 0, 0, 0, 0.366934814, -0.0435866699, -0.182468115, 0.323682106, 0.375931002, -0.868230232, 0.286376953, -0.913452148, -0.288818359, -0.901647317, -0.155035255, -0.403389386, 0, 1, 3, 1, 
187.285142, 16, 0.1, 0.1, 0.0147413554, 0.35757426, -0.0349688457, 0.9818913, 1.44913289e-005, 0.189445174, 0.189445174, -2.54729677e-006, -0.9818913, -1.37463367e-005, 1, -5.24648086e-006, 0.981891306, 1.55696847e-005, 0.189445147, 0.189445147, 9.21557342e-006, -0.981891306, -1.70335837e-005, 1, 6.09909022e-006, 0, 0, 0, 0, 0, 0, 0, 0.293506152, -0.0831410889, -0.233023022, -0.0719108568, 0.568643729, -0.819308678, -0.911010742, 0.296875, 0.286010742, 0.405895015, 0.767045746, 0.496957383, 0, 0, -0, 0, 0, 0, 0, 0.366934814, -0.0435866699, -0.182468115, 0.323682106, 0.375931002, -0.868230232, 0.286376953, -0.913452148, -0.288818359, -0.901647317, -0.155035255, -0.403389386, 0, 1, 3, 1, 
187.285847, 16, 0.1, 0.1, 0.0147413591, 0.357574262, -0.0349702941, 0.981891313, -1.69448467e-005, 0.18944511, 0.189445111, 8.22815497e-006, -0.981891313, 1.50792141e-005, 1, 1.12892722e-005, 0.981891306, -1.9716733e-005, 0.189445145, 0.189445145, 2.43056405e-006, -0.981891306, 1.88992301e-005, 1, 6.12178905e-006, 0, 0, 0, 0, 0, 0, 0, 0.293506152, -0.0831410889, -0.233023022, -0.0719108568, 0.568643729, -0.819308678, -0.911010742, 0.296875, 0.286010742, 0.405895015, 0.767045746, 0.496957383, 0, 0, -0, 0, 0, 0, 0, 0.366934814, -0.0435866699, -0.182468115, 0.323682106, 0.375931002, -0.868230232, 0.286376953, -0.913452148, -0.288818359, -0.901647317, -0.155035255, -0.403389386, 0, 1, 3, 1, 
187.286547, 16, 0.1, 0.1, 0.0147413555, 0.357574261, -0.0349713736, 0.981891369, 1.66416712e-005, 0.189444819, 0.189444819, -6.94977506e-006, -0.981891369, -1.50237144e-005, 1, -9.97660253e-006, 0.981891356, 1.986706e-005, 0.189444887, 0.189444887, -6.46557174e-006, -0.981891356, -1.82824249e-005, 1, -1.01122019e-005, 0, 0, 0, 0, 0, 0, 0, 0.293506152, -0.0831410889, -0.233023022, -0.0719108568, 0.568643729, -0.819308678, -0.911010742, 0.296875, 0.286010742, 0.405895015, 0.767045746, 0.496957383, 0, 0, -0, 0, 0, 0, 0, 0.366934814, -0.0435866699, -0.182468115, 0.323682106, 0.375931002, -0.868230232, 0.286376953, -0.913452148, -0.288818359, -0.901647317, -0.155035255, -0.403389386, 0, 1, 3, 1, 
187.28725, 16, 0.1, 0.1, 0.0147413589, 0.35757426, -0.0349718011, 0.981891433, -1.3879774e-005, 0.189444489, 0.189444489, 1.62518108e-006, -0.981891433, 1.33205496e-005, 1, 4.22519807e-006, 0.981891421, -1.82372889e-005, 0.189444548, 0.189444548, 6.22714216e-006, -0.981891421, 1.67273394e-005, 1, 9.56933242e-006, 0, 0, 0, 0, 0, 0, 0, 0.293506152, -0.0831410889, -0.233023022, -0.0719108568, 0.568643729, -0.819308678, -0.911010742, 0.296875, 0.286010742, 0.405895015, 0.767045746, 0.496957383, 0, 0, -0, 0, 0, 0, 0, 0.366934814, -0.0435866699, -0.182468115, 0.323682106, 0.375931002, -0.868230232, 0.286376953, -0.913452148, -0.288818359, -0.901647317, -0.155035255, -0.403389386, 0, 1, 3, 1, 
187.287979, 16, 0.1, 0.1, 0.0147413544, 0.357574261, -0.0349711811, 0.981891463, 1.41560461e-005, 0.18944433, 0.18944433, 8.98595119e-006, -0.981891463, -1.56020383e-005, 1, 6.1414461e-006, 0.981891461, 1.99055292e-005, 0.189444342, 0.189444342, -6.74458202e-007, -0.981891461, -1.94172969e-005, 1, -4.43323462e-006, 0, 0, 0, 0, 0, 0, 0, 0.294709131, -0.0846165283, -0.232899878, -0.0743244489, 0.565764338, -0.821137407, -0.912719727, 0.29296875, 0.284545898, 0.401580797, 0.770715187, 0.494775187, 0, 0, -0, 0, 0, 0, 0, 0.367930176, -0.0451375488, -0.182315918, 0.321650361, 0.374575528, -0.869533567, 0.290771484, -0.912963867, -0.285766602, -0.901001663, -0.160823885, -0.402667173, 0, 1, 3, 1, 
187.288681, 16, 0.1, 0.1, 0.0147413578, 0.357574261, -0.0349700193, 0.981891437, -1.14889764e-005, 0.189444465, 0.189444465, -1.36025047e-005, -0.981891437, 1.38578468e-005, 1, -1.11796599e-005, 0.981891446, -1.6033189e-005, 0.189444417, 0.189444417, -9.23233882e-006, -0.981891447, 1.74918662e-005, 1, -6.02775637e-006, 0, 0, 0, 0, 0, 0, 0, 0.294709131, -0.0846165283, -0.232899878, -0.0743244489, 0.565764338, -0.821137407, -0.912719727, 0.29296875, 0.284545898, 0.401580797, 0.770715187, 0.494775187, 0, 0, -0, 0, 0, 0, 0, 0.367930176, -0.0451375488, -0.182315918, 0.321650361, 0.374575528, -0.869533567, 0.290771484, -0.912963867, -0.285766602, -0.901001663, -0.160823885, -0.402667173, 0, 1, 3, 1, 
187.289388, 16, 0.1, 0.1, 0.014741354, 0.357574259, -0.0349686915, 0.981891367, 1.26807449e-005, 0.189444827, 0.189444827, 1.42662816e-005, -0.981891367, -1.51537872e-005, 1, 1.16056373e-005, 0.981891383, 1.68423828e-005, 0.189444745, 0.189444745, 1.54922157e-005, -0.981891383, -1.94723094e-005, 1, 1.20209722e-005, 0, 0, 0, 0, 0, 0, 0, 0.294709131, -0.0846165283, -0.232899878, -0.0743244489, 0.565764338, -0.821137407, -0.912719727, 0.29296875, 0.284545898, 0.401580797, 0.770715187, 0.494775187, 0, 0, -0, 0, 0, 0, 0, 0.367930176, -0.0451375488, -0.182315918, 0.321650361, 0.374575528, -0.869533567, 0.290771484, -0.912963867, -0.285766602, -0.901001663, -0.160823885, -0.402667173, 0, 1, 3, 1, 
187.290086, 16, 0.1, 0.1, 0.0147413579, 0.357574262, -0.0349676855, 0.981891291, -1.63747104e-005, 0.189445224, 0.189445224, -8.54235208e-006, -0.981891291, 1.76964933e-005, 1, -5.28555044e-006, 0.981891304, -1.90498497e-005, 0.189445153, 0.189445152, -1.50551446e-005, -0.981891305, 2.1557006e-005, 1, -1.11736138e-005, 0, 0, 0, 0, 0, 0, 0, 0.294709131, -0.0846165283, -0.232899878, -0.0743244489, 0.565764338, -0.821137407, -0.912719727, 0.29296875, 0.284545898, 0.401580797, 0.770715187, 0.494775187, 0, 0, -0, 0, 0, 0, 0, 0.367930176, -0.0451375488, -0.182315918, 0.321650361, 0.374575528, -0.869533567, 0.290771484, -0.912963867, -0.285766602, -0.901001663, -0.160823885, -0.402667173, 0, 1, 3, 1, 
187.290789, 16, 0.1, 0.1, 0.0147413548, 0.357574259, -0.0349672803, 0.981891253, 1.63107336e-005, 0.189445419, 0.189445419, -5.56246624e-006, -0.981891253, -1.49615829e-005, 1, -8.55173072e-006, 0.981891256, 1.78646768e-005, 0.189445402, 0.189445402, 7.10896797e-006, -0.981891257, -1.88879312e-005, 1, 3.59585263e-006, 0, 0, 0, 0, 0, 0, 0, 0.294709131, -0.0846165283, -0.232899878, -0.0743244489, 0.565764338, -0.821137407, -0.912719727, 0.29296875, 0.284545898, 0.401580797, 0.770715187, 0.494775187, 0, 0, -0, 0, 0, 0, 0, 0.367930176, -0.0451375488, -0.182315918, 0.321650361, 0.374575528, -0.869533567, 0.290771484, -0.912963867, -0.285766602, -0.901001663, -0.160823885, -0.402667173, 0, 1, 3, 1, 
187.29149, 16, 0.1, 0.1, 0.0147413587, 0.357574261, -0.0349674995, 0.981891278, -1.83416303e-005, 0.189445292, 0.189445292, 6.55449816e-006, -0.981891278, 1.6767768e-005, 1, 9.91054007e-006, 0.981891268, -2.1279536e-005, 0.189445341, 0.189445341, 6.06964869e-008, -0.981891268, 2.0882692e-005, 1, 4.09090631e-006, 0, 0, 0, 0, 0, 0, 0, 0.294709131, -0.0846165283, -0.232899878, -0.0743244489, 0.565764338, -0.821137407, -0.912719727, 0.29296875, 0.284545898, 0.401580797, 0.770715187, 0.494775187, 0, 0, -0, 0, 0, 0, 0, 0.367930176, -0.0451375488, -0.182315918, 0.321650361, 0.374575528, -0.869533567, 0.290771484, -0.912963867, -0.285766602, -0.901001663, -0.160823885, -0.402667173, 0, 1, 3, 1, 
187.292193, 16, 0.1, 0.1, 0.0147413546, 0.357574262, -0.0349682628, 0.98189135, 1.83504742e-005, 0.189444918, 0.189444919, -9.69601681e-006, -0.98189135, -1.61813108e-005, 1, -1.29968391e-005, 0.981891334, 2.20501983e-005, 0.189445001, 0.189445002, -9.36042989e-006, -0.981891334, -1.9877612e-005, 1, -1.33682248e-005, 0, 0, 0, 0, 0, 0, 0, 0.294709131, -0.0846165283, -0.232899878, -0.0743244489, 0.565764338, -0.821137407, -0.912719727, 0.29296875, 0.284545898, 0.401580797, 0.770715187, 0.494775187, 0, 0, -0, 0, 0, 0, 0, 0.367930176, -0.0451375488, -0.182315918, 0.321650361, 0.374575528, -0.869533567, 0.290771484, -0.912963867, -0.285766602, -0.901001663, -0.160823885, -0.402667173, 0, 1, 3, 1, 
187.292921, 16, 0.1, 0.1, 0.0147413592, 0.357574261, -0.0349690457, 0.981891432, -1.79733006e-005, 0.189444492, 0.189444492, 2.69530381e-006, -0.981891432, 1.71372194e-005, 1, 6.05143852e-006, 0.981891417, -2.28446956e-005, 0.189444567, 0.189444567, 7.37636231e-006, -0.981891418, 2.10335987e-005, 1, 1.15705903e-005, 0, 0, 0, 0, 0, 0, 0, 0.295860718, -0.0858137939, -0.232954687, -0.0776715016, 0.563970053, -0.822153243, -0.914916992, 0.287231445, 0.283447266, 0.396054913, 0.774212764, 0.493823752, 0, 0, -0, 0, 0, 0, 0, 0.369160742, -0.0459713379, -0.182144189, 0.319529298, 0.374516826, -0.870249216, 0.297607422, -0.911621094, -0.283081055, -0.899506198, -0.168440103, -0.402865133, 0, 1, 3, 1, 
187.29362, 16, 0.1, 0.1, 0.0147413557, 0.357574261, -0.0349698459, 0.981891474, 1.31085091e-005, 0.189444276, 0.189444276, 1.15751846e-005, -0.981891474, -1.50639858e-005, 1, 8.88224306e-006, 0.981891469, 1.84531479e-005, 0.189444298, 0.189444298, 1.13265647e-006, -0.981891469, -1.83335638e-005, 1, -2.38369794e-006, 0, 0, 0, 0, 0, 0, 0, 0.295860718, -0.0858137939, -0.232954687, -0.0776715016, 0.563970053, -0.822153243, -0.914916992, 0.287231445, 0.283447266, 0.396054913, 0.774212764, 0.493823752, 0, 0, -0, 0, 0, 0, 0, 0.369160742, -0.0459713379, -0.182144189, 0.319529298, 0.374516826, -0.870249216, 0.297607422, -0.911621094, -0.283081055, -0.899506198, -0.168440103, -0.402865133, 0, 1, 3, 1, 
187.294321, 16, 0.1, 0.1, 0.0147413591, 0.35757426, -0.034970459, 0.981891458, -1.12220274e-005, 0.189444359, 0.189444358, -1.02765936e-005, -0.981891458, 1.29656556e-005, 1, -7.96454968e-006, 0.981891465, -1.59165301e-005, 0.189444321, 0.189444321, -5.86999305e-006, -0.981891465, 1.6740342e-005, 1, -2.74839983e-006, 0, 0, 0, 0, 0, 0, 0, 0.295860718, -0.0858137939, -0.232954687, -0.0776715016, 0.563970053, -0.822153243, -0.914916992, 0.287231445, 0.283447266, 0.396054913, 0.774212764, 0.493823752, 0, 0, -0, 0, 0, 0, 0, 0.369160742, -0.0459713379, -0.182144189, 0.319529298, 0.374516826, -0.870249216, 0.297607422, -0.911621094, -0.283081055, -0.899506198, -0.168440103, -0.402865133, 0, 1, 3, 1, 
187.295057, 16, 0.1, 0.1, 0.0147413548, 0.357574256, -0.0349705582, 0.981891394, 1.39649297e-005, 0.189444691, 0.189444691, 1.65499136e-005, -0.981891394, -1.68473376e-005, 1, 1.36046359e-005, 0.981891409, 1.79056247e-005, 0.189444611, 0.189444611, 1.7911527e-005, -0.981891409, -2.09746213e-005, 1, 1.41950504e-005, 0, 0, 0, 0, 0, 0, 0, 0.296645654, -0.0874995361, -0.232590723, -0.079545536, 0.561375979, -0.823664453, -0.916381836, 0.283813477, 0.281860352, 0.392026013, 0.777342647, 0.492085633, 0, 0, -0, 0, 0, 0, 0, 0.369160742, -0.0459713379, -0.182144189, 0.318028003, 0.374113242, -0.871073508, 0.303466797, -0.910522461, -0.280273437, -0.898068335, -0.175110628, -0.403197255, 0, 1, 3, 1, 
187.295757, 16, 0.1, 0.1, 0.0147413576, 0.357574258, -0.0349700512, 0.981891325, -1.26677508e-005, 0.189445046, 0.189445046, -5.78782772e-006, -0.981891325, 1.353483e-005, 1, -3.28317519e-006, 0.981891337, -1.50991609e-005, 0.189444982, 0.189444982, -1.15991017e-005, -0.981891337, 1.70231269e-005, 1, -8.52859722e-006, 0, 0, 0, 0, 0, 0, 0, 0.296645654, -0.0874995361, -0.232590723, -0.079545536, 0.561375979, -0.823664453, -0.916381836, 0.283813477, 0.281860352, 0.392026013, 0.777342647, 0.492085633, 0, 0, -0, 0, 0, 0, 0, 0.369761377, -0.0468080566, -0.181982471, 0.318028003, 0.374113242, -0.871073508, 0.303466797, -0.910522461, -0.280273437, -0.898068335, -0.175110628, -0.403197255, 0, 1, 3, 1, 
187.29646, 16, 0.1, 0.1, 0.014741354, 0.357574255, -0.034969385, 0.981891292, 1.64867158e-005, 0.189445219, 0.189445219, -5.00175863e-006, -0.981891292, -1.52406035e-005, 1, -8.03451273e-006, 0.981891295, 1.8307451e-005, 0.189445204, 0.189445204, 7.22006444e-006, -0.981891295, -1.93437334e-005, 1, 3.62105962e-006, 0, 0, 0, 0, 0, 0, 0, 0.296645654, -0.0874995361, -0.232590723, -0.079545536, 0.561375979, -0.823664453, -0.916381836, 0.283813477, 0.281860352, 0.392026013, 0.777342647, 0.492085633, 0, 0, -0, 0, 0, 0, 0, 0.369761377, -0.0468080566, -0.181982471, 0.318028003, 0.374113242, -0.871073508, 0.303466797, -0.910522461, -0.280273437, -0.898068335, -0.175110628, -0.403197255, 0, 1, 3, 1, 
187.297164, 16, 0.1, 0.1, 0.0147413577, 0.357574258, -0.0349687443, 0.981891318, -1.77350239e-005, 0.189445083, 0.189445084, 5.47591768e-006, -0.981891318, 1.63764803e-005, 1, 8.73656912e-006, 0.981891308, -2.04131284e-005, 0.189445132, 0.189445132, -3.86501563e-007, -0.981891309, 2.01166942e-005, 1, 3.48766528e-006, 0, 0, 0, 0, 0, 0, 0, 0.296645654, -0.0874995361, -0.232590723, -0.079545536, 0.561375979, -0.823664453, -0.916381836, 0.283813477, 0.281860352, 0.392026013, 0.777342647, 0.492085633, 0, 0, -0, 0, 0, 0, 0, 0.369761377, -0.0468080566, -0.181982471, 0.318028003, 0.374113242, -0.871073508, 0.303466797, -0.910522461, -0.280273437, -0.898068335, -0.175110628, -0.403197255, 0, 1, 3, 1, 
187.297867, 16, 0.1, 0.1, 0.014741354, 0.357574259, -0.0349683358, 0.981891389, 1.64204236e-005, 0.189444717, 0.189444717, -1.17372586e-005, -0.981891389, -1.38995109e-005, 1, -1.46354757e-005, 0.981891372, 2.05359527e-005, 0.189444801, 0.189444801, -1.12667664e-005, -0.981891372, -1.80296445e-005, 1, -1.49531702e-005, 0, 0, 0, 0, 0, 0, 0, 0.296645654, -0.0874995361, -0.232590723, -0.079545536, 0.561375979, -0.823664453, -0.916381836, 0.283813477, 0.281860352, 0.392026013, 0.777342647, 0.492085633, 0, 0, -0, 0, 0, 0, 0, 0.369761377, -0.0468080566, -0.181982471, 0.318028003, 0.374113242, -0.871073508, 0.303466797, -0.910522461, -0.280273437, -0.898068335, -0.175110628, -0.403197255, 0, 1, 3, 1, 
187.298565, 16, 0.1, 0.1, 0.0147413585, 0.357574258, -0.0349682824, 0.981891466, -1.72654938e-005, 0.189444317, 0.189444317, 9.83391389e-007, -0.981891466, 1.67665431e-005, 1, 4.23643329e-006, 0.981891452, -2.22475373e-005, 0.189444389, 0.189444389, 5.44417745e-006, -0.981891452, 2.08132978e-005, 1, 9.56026242e-006, 0, 0, 0, 0, 0, 0, 0, 0.296645654, -0.0874995361, -0.232590723, -0.079545536, 0.561375979, -0.823664453, -0.916381836, 0.283813477, 0.281860352, 0.392026013, 0.777342647, 0.492085633, 0, 0, -0, 0, 0, 0, 0, 0.369761377, -0.0468080566, -0.181982471, 0.318028003, 0.374113242, -0.871073508, 0.303466797, -0.910522461, -0.280273437, -0.898068335, -0.175110628, -0.403197255, 0, 1, 3, 1, 
187.299266, 16, 0.1, 0.1, 0.0147413543, 0.357574259, -0.0349685927, 0.981891506, 1.47089894e-005, 0.18944411, 0.189444109, 1.16055272e-005, -0.981891506, -1.66412305e-005, 1, 8.60883722e-006, 0.981891502, 2.04101026e-005, 0.189444129, 0.189444129, 5.08178893e-007, -0.981891502, -2.01367778e-005, 1, -3.36759757e-006, 0, 0, 0, 0, 0, 0, 0, 0.296645654, -0.0874995361, -0.232590723, -0.079545536, 0.561375979, -0.823664453, -0.916381836, 0.283813477, 0.281860352, 0.392026013, 0.777342647, 0.492085633, 0, 0, -0, 0, 0, 0, 0, 0.369761377, -0.0468080566, -0.181982471, 0.318028003, 0.374113242, -0.871073508, 0.303466797, -0.910522461, -0.280273437, -0.898068335, -0.175110628, -0.403197255, 0, 1, 3, 1, 
187.299998, 16, 0.1, 0.1, 0.0147413582, 0.357574258, -0.0349689161, 0.981891483, -1.22155173e-005, 0.18944423, 0.18944423, -1.18350718e-005, -0.981891483, 1.42363984e-005, 1, -9.30659693e-006, 0.981891491, -1.72331668e-005, 0.189444183, 0.189444183, -7.40424468e-006, -0.981891492, 1.83237909e-005, 1, -4.00544165e-006, 0, 0, 0, 0, 0, 0, 0, 0.29741167, -0.0891995605, -0.23224165, -0.0817561852, 0.558477491, -0.82545499, -0.918212891, 0.279785156, 0.280151367, 0.387432469, 0.780891521, 0.490144572, 0, 0, -0, 0, 0, 0, 0, 0.370287305, -0.0476833496, -0.181602148, 0.315434093, 0.373447532, -0.872229921, 0.309936523, -0.909301758, -0.27734375, -0.896745311, -0.182790645, -0.402705086, 0, 1, 3, 1, 
187.300699, 16, 0.1, 0.1, 0.0147413543, 0.357574255, -0.0349691888, 0.981891415, 1.41845096e-005, 0.189444582, 0.189444582, 1.68079561e-005, -0.981891415, -1.71118244e-005, 1, 1.38164093e-005, 0.98189143, 1.78113397e-005, 0.189444503, 0.189444502, 1.77228787e-005, -0.98189143, -2.08463038e-005, 1, 1.40276824e-005, 0, 0, 0, 0, 0, 0, 0, 0.29741167, -0.0891995605, -0.23224165, -0.0817561852, 0.558477491, -0.82545499, -0.918212891, 0.279785156, 0.280151367, 0.387432469, 0.780891521, 0.490144572, 0, 0, -0, 0, 0, 0, 0, 0.370287305, -0.0476833496, -0.181602148, 0.315434093, 0.373447532, -0.872229921, 0.309936523, -0.909301758, -0.27734375, -0.896745311, -0.182790645, -0.402705086, 0, 1, 3, 1, 
187.301404, 16, 0.1, 0.1, 0.0147413573, 0.357574257, -0.0349694985, 0.981891339, -1.34475766e-005, 0.189444974, 0.189444974, -5.14432848e-006, -0.981891339, 1.41786262e-005, 1, -2.50359578e-006, 0.981891353, -1.59237204e-005, 0.189444903, 0.189444903, -1.13599027e-005, -0.981891353, 1.7787439e-005, 1, -8.13752257e-006, 0, 0, 0, 0, 0, 0, 0, 0.29741167, -0.0891995605, -0.23224165, -0.0817561852, 0.558477491, -0.82545499, -0.918212891, 0.279785156, 0.280151367, 0.387432469, 0.780891521, 0.490144572, 0, 0, -0, 0, 0, 0, 0, 0.370287305, -0.0476833496, -0.181602148, 0.315434093, 0.373447532, -0.872229921, 0.309936523, -0.909301758, -0.27734375, -0.896745311, -0.182790645, -0.402705086, 0, 1, 3, 1, 
187.302107, 16, 0.1, 0.1, 0.0147413539, 0.357574253, -0.0349697102, 0.9818913, 1.61603136e-005, 0.189445175, 0.189445175, -2.97429611e-006, -0.9818913, -1.53042052e-005, 1, -5.98192891e-006, 0.981891304, 1.78192381e-005, 0.189445155, 0.189445155, 8.88217626e-006, -0.981891304, -1.91792402e-005, 1, 5.34556331e-006, 0, 0, 0, 0, 0, 0, 0, 0.29741167, -0.0891995605, -0.23224165, -0.0817561852, 0.558477491, -0.82545499, -0.918212891, 0.279785156, 0.280151367, 0.387432469, 0.780891521, 0.490144572, 0, 0, -0, 0, 0, 0, 0, 0.370287305, -0.0476833496, -0.181602148, 0.315434093, 0.373447532, -0.872229921, 0.309936523, -0.909301758, -0.27734375, -0.896745311, -0.182790645, -0.402705086, 0, 1, 3, 1, 
187.302809, 16, 0.1, 0.1, 0.0147413574, 0.357574255, -0.0349698278, 0.98189132, -1.69500183e-005, 0.189445071, 0.189445071, 7.0258768e-006, -0.98189132, 1.53120581e-005, 1, 1.01097449e-005, 0.981891312, -1.94805145e-005, 0.189445113, 0.189445113, 1.36488543e-006, -0.981891312, 1.88691771e-005, 1, 5.03065743e-006, 0, 0, 0, 0, 0, 0, 0, 0.29741167, -0.0891995605, -0.23224165, -0.0817561852, 0.558477491, -0.82545499, -0.918212891, 0.279785156, 0.280151367, 0.387432469, 0.780891521, 0.490144572, 0, 0, -0, 0, 0, 0, 0, 0.370287305, -0.0476833496, -0.181602148, 0.315434093, 0.373447532, -0.872229921, 0.309936523, -0.909301758, -0.27734375, -0.896745311, -0.182790645, -0.402705086, 0, 1, 3, 1, 
187.303511, 16, 0.1, 0.1, 0.0147413538, 0.357574256, -0.0349698066, 0.981891384, 1.57412801e-005, 0.189444742, 0.189444742, -9.72319188e-006, -0.981891384, -1.36142197e-005, 1, -1.25292211e-005, 0.981891369, 1.962415e-005, 0.189444818, 0.189444819, -9.1755474e-006, -0.981891369, -1.75305236e-005, 1, -1.27270843e-005, 0, 0, 0, 0, 0, 0, 0, 0.29741167, -0.0891995605, -0.23224165, -0.0817561852, 0.558477491, -0.82545499, -0.918212891, 0.279785156, 0.280151367, 0.387432469, 0.780891521, 0.490144572, 0, 0, -0, 0, 0, 0, 0, 0.370287305, -0.0476833496, -0.181602148, 0.315434093, 0.373447532, -0.872229921, 0.309936523, -0.909301758, -0.27734375, -0.896745311, -0.182790645, -0.402705086, 0, 1, 3, 1, 
187.304218, 16, 0.1, 0.1, 0.0147413585, 0.357574255, -0.0349696169, 0.981891455, -1.77065161e-005, 0.189444371, 0.189444371, 2.08135359e-007, -0.981891455, 1.73464468e-005, 1, 3.55876614e-006, 0.981891443, -2.24093208e-005, 0.189444437, 0.189444437, 4.92656711e-006, -0.981891443, 2.10702096e-005, 1, 9.08267525e-006, 0, 0, 0, 0, 0, 0, 0, 0.29741167, -0.0891995605, -0.23224165, -0.0817561852, 0.558477491, -0.82545499, -0.918212891, 0.279785156, 0.280151367, 0.387432469, 0.780891521, 0.490144572, 0, 0, -0, 0, 0, 0, 0, 0.370287305, -0.0476833496, -0.181602148, 0.315434093, 0.373447532, -0.872229921, 0.309936523, -0.909301758, -0.27734375, -0.896745311, -0.182790645, -0.402705086, 0, 1, 3, 1, 
187.304948, 16, 0.1, 0.1, 0.0147413546, 0.357574256, -0.0349690707, 0.981891491, 1.28137764e-005, 0.189444185, 0.189444185, 9.68669847e-006, -0.981891491, -1.44168267e-005, 1, 7.08379137e-006, 0.981891488, 1.89837705e-005, 0.1894442, 0.1894442, -1.31966208e-006, -0.981891488, -1.83900003e-005, 1, -4.89213018e-006, 0, 0, 0, 0, 0, 0, 0, 0.298464648, -0.0912090088, -0.231512378, -0.0827229682, 0.553846876, -0.828458315, -0.920043945, 0.276977539, 0.276977539, 0.382889098, 0.785209104, 0.486788902, 0, 0, -0, 0, 0, 0, 0, 0.37066958, -0.049104248, -0.181256738, 0.314079719, 0.370954601, -0.873859182, 0.314819336, -0.909057617, -0.272705078, -0.895537492, -0.189435283, -0.402385357, 0, 1, 3, 1, 
187.305651, 16, 0.1, 0.1, 0.0147413588, 0.357574256, -0.0349685687, 0.981891465, -1.38816601e-005, 0.189444319, 0.189444318, -1.29471446e-005, -0.981891466, 1.60830466e-005, 1, -1.00828892e-005, 0.981891475, -1.87671417e-005, 0.18944427, 0.18944427, -8.49280136e-006, -0.981891475, 2.0036209e-005, 1, -4.78368178e-006, 0, 0, 0, 0, 0, 0, 0, 0.298464648, -0.0912090088, -0.231512378, -0.0827229682, 0.553846876, -0.828458315, -0.920043945, 0.276977539, 0.276977539, 0.382889098, 0.785209104, 0.486788902, 0, 0, -0, 0, 0, 0, 0, 0.37066958, -0.049104248, -0.181256738, 0.314079719, 0.370954601, -0.873859182, 0.314819336, -0.909057617, -0.272705078, -0.895537492, -0.189435283, -0.402385357, 0, 1, 3, 1, 
187.306354, 16, 0.1, 0.1, 0.0147413554, 0.357574254, -0.0349683388, 0.981891394, 1.24629965e-005, 0.189444687, 0.189444687, 1.61720657e-005, -0.981891394, -1.5301021e-005, 1, 1.35181637e-005, 0.98189141, 1.62631098e-005, 0.189444604, 0.189444604, 1.71831585e-005, -0.98189141, -1.92238645e-005, 1, 1.37910374e-005, 0, 0, 0, 0, 0, 0, 0, 0.298464648, -0.0912090088, -0.231512378, -0.0827229682, 0.553846876, -0.828458315, -0.920043945, 0.276977539, 0.276977539, 0.382889098, 0.785209104, 0.486788902, 0, 0, -0, 0, 0, 0, 0, 0.37066958, -0.049104248, -0.181256738, 0.314079719, 0.370954601, -0.873859182, 0.314819336, -0.909057617, -0.272705078, -0.895537492, -0.189435283, -0.402385357, 0, 1, 3, 1, 
187.307214, 16, 0.1, 0.1, 0.0147413604, 0.357574256, -0.0349676116, 0.981891302, -1.46765786e-005, 0.189445166, 0.189445166, -2.64047561e-006, -0.981891302, 1.49110302e-005, 1, 1.87746825e-007, 0.981891324, -1.92910257e-005, 0.189445052, 0.189445052, -1.30501745e-005, -0.981891324, 2.14139818e-005, 1, -9.15926375e-006, 0, 0, 0, 0, 0, 0, 0, 0.298464648, -0.0912090088, -0.231512378, -0.0827229682, 0.553846876, -0.828458315, -0.920043945, 0.276977539, 0.276977539, 0.382889098, 0.785209104, 0.486788902, 0, 0, -0, 0, 0, 0, 0, 0.37066958, -0.049104248, -0.181256738, 0.314079719, 0.370954601, -0.873859182, 0.314819336, -0.909057617, -0.272705078, -0.895537492, -0.189435283, -0.402385357, 0, 1, 3, 1, 
187.308347, 16, 0.1, 0.1, 0.0147413626, 0.357574256, -0.0349604841, 0.981891203, -1.51904399e-005, 0.189445679, 0.189445679, -9.51043038e-006, -0.981891203, 1.67170693e-005, 1, -6.46044473e-006, 0.981891223, -1.22634922e-005, 0.189445575, 0.189445575, -7.91118525e-006, -0.981891223, 1.35401544e-005, 1, -5.44465903e-006, 0, 0, 0, 0, 0, 0, 0, 0.298464648, -0.0912090088, -0.231512378, -0.0827229682, 0.553846876, -0.828458315, -0.920043945, 0.276977539, 0.276977539, 0.382889098, 0.785209104, 0.486788902, 0, 0, -0, 0, 0, 0, 0, 0.37066958, -0.049104248, -0.181256738, 0.314079719, 0.370954601, -0.873859182, 0.314819336, -0.909057617, -0.272705078, -0.895537492, -0.189435283, -0.402385357, 0, 1, 3, 1, 
187.309531, 16, 0.1, 0.1, 0.014741359, 0.357574257, -0.0349486867, 0.981891163, -1.25900167e-005, 0.189445886, 0.189445886, 4.28392012e-007, -0.981891163, 1.2280869e-005, 1, 2.8057612e-006, 0.981891163, 1.45959799e-005, 0.189445886, 0.189445887, -1.09627824e-005, -0.981891163, -1.22548097e-005, 1, -1.35294075e-005, 0, 0, 0, 0, 0, 0, 0, 0.299290356, -0.0927658691, -0.23078042, -0.0837470392, 0.549336829, -0.831423447, -0.921875, 0.273803711, 0.273803711, 0.377984026, 0.789507592, 0.483674366, 0, 0, -0, 0, 0, 0, 0, 0.37066958, -0.049104248, -0.181256738, 0.312591184, 0.368595832, -0.87536704, 0.319946289, -0.908569336, -0.268310547, -0.894221031, -0.196188564, -0.402052869, 0, 1, 3, 1, 
187.31068, 16, 0.1, 0.1, 0.0147413537, 0.357574258, -0.0349385927, 0.981891106, 1.67915512e-005, 0.18944618, 0.18944618, 6.97723329e-006, -0.981891106, -1.7809285e-005, 1, 3.66978808e-006, 0.981891127, 2.74320683e-005, 0.18944607, 0.189446069, 9.18908926e-006, -0.981891128, -2.86761413e-005, 1, 3.8257877e-006, 0, 0, 0, 0, 0, 0, 0, 0.299290356, -0.0927658691, -0.23078042, -0.0837470392, 0.549336829, -0.831423447, -0.921875, 0.273803711, 0.273803711, 0.377984026, 0.789507592, 0.483674366, 0, 0, -0, 0, 0, 0, 0, 0.371045264, -0.0500720703, -0.180679785, 0.312591184, 0.368595832, -0.87536704, 0.319946289, -0.908569336, -0.268310547, -0.894221031, -0.196188564, -0.402052869, 0, 1, 3, 1, 
187.31187, 16, 0.1, 0.1, 0.0147413516, 0.357574261, -0.0349345384, 0.981891039, 3.15085228e-005, 0.189446529, 0.189446529, -8.72262187e-006, -0.981891039, -2.92854657e-005, 0.999999999, -1.45338445e-005, 0.981891037, 1.94627006e-005, 0.18944654, 0.18944654, 9.56250661e-006, -0.981891037, -2.0921835e-005, 1, 5.70219825e-006, 0, 0, 0, 0, 0, 0, 0, 0.300357495, -0.0947515137, -0.230250708, -0.0844786788, 0.545213571, -0.833988686, -0.923461914, 0.271484375, 0.270996094, 0.374144964, 0.793126858, 0.480743678, 0, 0, -0, 0, 0, 0, 0, 0.371045264, -0.0500720703, -0.180679785, 0.311613775, 0.366703712, -0.876485174, 0.32409668, -0.908081055, -0.264648437, -0.893096333, -0.201542627, -0.401924904, 0, 1, 3, 1, 
187.313005, 16, 0.1, 0.1, 0.0147413541, 0.357574263, -0.0349375581, 0.981891056, 1.22995846e-005, 0.189446439, 0.189446439, -6.1852126e-006, -0.981891056, -1.09050856e-005, 1, -8.40331744e-006, 0.981891061, -1.32414658e-005, 0.189446415, 0.189446414, -1.26971753e-005, -0.981891061, 1.54071112e-005, 1, -9.95869471e-006, 0, 0, 0, 0, 0, 0, 0, 0.300357495, -0.0947515137, -0.230250708, -0.0844786788, 0.545213571, -0.833988686, -0.923461914, 0.271484375, 0.270996094, 0.374144964, 0.793126858, 0.480743678, 0, 0, -0, 0, 0, 0, 0, 0.371450732, -0.051202832, -0.180527832, 0.311613775, 0.366703712, -0.876485174, 0.32409668, -0.908081055, -0.264648437, -0.893096333, -0.201542627, -0.401924904, 0, 1, 3, 1, 
187.314143, 16, 0.1, 0.1, 0.0147413585, 0.357574261, -0.0349461275, 0.981890982, -1.98143575e-005, 0.189446824, 0.189446824, 6.66166804e-006, -0.981890982, 1.81935071e-005, 1, 1.02947989e-005, 0.981890994, -2.49200085e-005, 0.189446759, 0.189446759, -9.61187282e-006, -0.981890995, 2.62896701e-005, 1, -4.71679652e-006, 0, 0, 0, 0, 0, 0, 0, 0.300357495, -0.0947515137, -0.230250708, -0.0844786788, 0.545213571, -0.833988686, -0.923461914, 0.271484375, 0.270996094, 0.374144964, 0.793126858, 0.480743678, 0, 0, -0, 0, 0, 0, 0, 0.371450732, -0.051202832, -0.180527832, 0.311613775, 0.366703712, -0.876485174, 0.32409668, -0.908081055, -0.264648437, -0.893096333, -0.201542627, -0.401924904, 0, 1, 3, 1, 
187.315107, 16, 0.1, 0.1, 0.0147413573, 0.35757426, -0.0349551198, 0.981890988, -1.18411247e-005, 0.189446795, 0.189446795, 1.06964961e-006, -0.981890988, 1.14240519e-005, 1, 3.29354243e-006, 0.981890985, -8.19084877e-006, 0.189446807, 0.189446807, 1.94793045e-006, -0.981890985, 7.67349136e-006, 1, 3.46438549e-006, 0, 0, 0, 0, 0, 0, 0, 0.300357495, -0.0947515137, -0.230250708, -0.0844786788, 0.545213571, -0.833988686, -0.923461914, 0.271484375, 0.270996094, 0.374144964, 0.793126858, 0.480743678, 0, 0, -0, 0, 0, 0, 0, 0.371450732, -0.051202832, -0.180527832, 0.311613775, 0.366703712, -0.876485174, 0.32409668, -0.908081055, -0.264648437, -0.893096333, -0.201542627, -0.401924904, 0, 1, 3, 1, 
187.315812, 16, 0.1, 0.1, 0.0147413566, 0.357574261, -0.0349645431, 0.981890979, -2.80149499e-006, 0.18944684, 0.18944684, -4.59120256e-006, -0.981890979, 3.62055147e-006, 1, -3.977326e-006, 0.981890983, 5.1180537e-006, 0.18944682, 0.18944682, 3.30918201e-006, -0.981890983, -5.65228478e-006, 1, 2.27965698e-006, 0, 0, 0, 0, 0, 0, 0, 0.300357495, -0.0947515137, -0.230250708, -0.0844786788, 0.545213571, -0.833988686, -0.923461914, 0.271484375, 0.270996094, 0.374144964, 0.793126858, 0.480743678, 0, 0, -0, 0, 0, 0, 0, 0.371450732, -0.051202832, -0.180527832, 0.311613775, 0.366703712, -0.876485174, 0.32409668, -0.908081055, -0.264648437, -0.893096333, -0.201542627, -0.401924904, 0, 1, 3, 1, 
187.316535, 16, 0.1, 0.1, 0.0147413559, 0.357574261, -0.0349745856, 0.981890975, 5.78360812e-006, 0.189446863, 0.189446863, -2.32458373e-006, -0.981890975, -5.23848752e-006, 1, -3.3781742e-006, 0.981890974, 7.86218802e-006, 0.189446869, 0.189446869, -1.92179486e-006, -0.981890974, -7.35573343e-006, 1, -3.37645992e-006, 0, 0, 0, 0, 0, 0, 0, 0.301248145, -0.0970126465, -0.229763599, -0.0843090584, 0.540043398, -0.837328625, -0.924926758, 0.270019531, 0.267333984, 0.370533933, 0.797159123, 0.476823363, 0, 0, -0, 0, 0, 0, 0, 0.371450732, -0.051202832, -0.180527832, 0.311256133, 0.364019384, -0.87771195, 0.327514648, -0.908081055, -0.260375977, -0.892029239, -0.206366242, -0.4019311, 0, 1, 3, 1, 
