time, trialNum, realDorsalTactorPos, realVentralTactorPos, boxPosX, boxPosY, boxPosZ, boxLocalRot_11, boxLocalRot_12, boxLocalRot_13, boxLocalRot_21, boxLocalRot_22, boxLocalRot_23, boxLocalRot_31, boxLocalRot_32, boxLocalRot_33, boxGlobalRot_11, boxGlobalRot_12, boxGlobalRot_13, boxGlobalRot_21, boxGlobalRot_22, boxGlobalRot_23, boxGlobalRot_31, boxGlobalRot_32, boxGlobalRot_33, indexForceX, indexForceY, indexForceZ, indexForceGlobalX, indexForceGlobalY, indexForceGlobalZ, indexContact, indexPosX, indexPosY, indexPosZ, indexRot_11, indexRot_12, indexRot_13, indexRot_21, indexRot_22, indexRot_23, indexRot_31, indexRot_32, indexRot_33, thumbForceX, thumbForceY, thumbForceZ, thumbForceGlobalX, thumbForceGlobalY, thumbForceGlobalZ, thumbContact, thumbPosX, thumbPosY, thumbPosZ, thumbRot_11, thumbRot_12, thumbRot_13, thumbRot_21, thumbRot_22, thumbRot_23, thumbRot_31, thumbRot_32, thumbRot_33, manipForceTooHigh, cceExpType, mapping, trialSuccess, 
335.716247, 35, 0.1, 0.1, 0.00604570995, 0.362885044, -0.0349724417, 0.889981771, -0.455996102, 4.94033579e-005, 0.455996103, 0.889981772, -1.80711455e-005, -3.57277161e-005, 3.86107288e-005, 0.999999999, 0.889981027, -0.455997556, 2.65705141e-005, 0.455997555, 0.889981027, 1.79404599e-005, -3.18280593e-005, -3.85057946e-006, 0.999999999, 0, 0, 0, 0, 0, 0, 0, 0.328486792, -0.102958472, -0.151668945, -0.365420281, 0.640361129, -0.675453384, -0.802978516, 0.150146484, 0.576782227, 0.470797539, 0.753214987, 0.459465503, 0, 0, -0, 0, 0, 0, 0, 0.404365723, -0.069109082, -0.124024463, 0.013859361, 0.356063015, -0.934325659, 0.236328125, -0.909057617, -0.342895508, -0.971524784, -0.215917222, -0.0968514141, 0, 1, 5, 1, 
335.765139, 35, 0.1, 0.1, 0.00604573153, 0.362884956, -0.0349664814, 0.889993485, -0.45597324, -4.35484825e-006, 0.45597324, 0.889993485, 1.51207765e-006, 3.18631963e-006, -3.33143352e-006, 1, 0.889993485, -0.455973241, -8.67791145e-006, 0.455973241, 0.889993485, 2.68100058e-006, 6.50082013e-006, -6.34296845e-006, 1, 0, 0, 0, 0, 0, 0, 0, 0.335820166, -0.119445312, -0.139802515, -0.417806815, 0.640561446, -0.644160898, -0.783813477, 0.104125977, 0.612060547, 0.45919645, 0.760722368, 0.458834978, 0, 0, -0, 0, 0, 0, 0, 0.412306641, -0.0827473145, -0.112156006, -0.0184308982, 0.393580071, -0.919003538, 0.284057617, -0.879272461, -0.382202148, -0.958593846, -0.268067439, -0.0954864797, 0, 1, 5, 1, 
335.765851, 35, 0.1, 0.1, 0.00604573091, 0.362884956, -0.0349664199, 0.889993487, -0.455973236, -9.71220164e-006, 0.455973236, 0.889993487, 2.92698753e-006, 7.30916823e-006, -7.03350385e-006, 1, 0.889993487, -0.455973237, -5.60412983e-006, 0.455973237, 0.889993487, 1.74084384e-006, 4.19386085e-006, -4.1046729e-006, 1, 0, 0, 0, 0, 0, 0, 0, 0.335820166, -0.119445312, -0.139802515, -0.417806815, 0.640561446, -0.644160898, -0.783813477, 0.104125977, 0.612060547, 0.45919645, 0.760722368, 0.458834978, 0, 0, -0, 0, 0, 0, 0, 0.412306641, -0.0827473145, -0.112156006, -0.0184308982, 0.393580071, -0.919003538, 0.284057617, -0.879272461, -0.382202148, -0.958593846, -0.268067439, -0.0954864797, 0, 1, 5, 1, 
335.76655, 35, 0.1, 0.1, 0.00604573053, 0.362884955, -0.0349672088, 0.889993489, -0.455973233, -6.74804011e-006, 0.455973233, 0.889993489, 2.16518183e-006, 5.0184468e-006, -5.0039234e-006, 1, 0.889993489, -0.455973233, 5.61437332e-006, 0.455973233, 0.889993489, -1.76165226e-006, -4.19348942e-006, 4.12786299e-006, 1, 0, 0, 0, 0, 0, 0, 0, 0.335820166, -0.119445312, -0.139802515, -0.417806815, 0.640561446, -0.644160898, -0.783813477, 0.104125977, 0.612060547, 0.45919645, 0.760722368, 0.458834978, 0, 0, -0, 0, 0, 0, 0, 0.412306641, -0.0827473145, -0.112156006, -0.0184308982, 0.393580071, -0.919003538, 0.284057617, -0.879272461, -0.382202148, -0.958593846, -0.268067439, -0.0954864797, 0, 1, 5, 1, 
335.767277, 35, 0.1, 0.1, 0.00604573075, 0.362884954, -0.0349683452, 0.889993491, -0.45597323, 4.99393551e-006, 0.45597323, 0.889993491, -1.46606397e-006, -3.77608417e-006, 3.5818883e-006, 1, 0.889993491, -0.45597323, 9.18685771e-006, 0.45597323, 0.889993491, -3.0042549e-006, -6.80638375e-006, 6.86272849e-006, 1, 0, 0, 0, 0, 0, 0, 0, 0.336497192, -0.120613892, -0.13882959, -0.421857054, 0.63944526, -0.642618609, -0.783447266, 0.0994873047, 0.61340332, 0.456253778, 0.762258665, 0.459208663, 0, 0, -0, 0, 0, 0, 0, 0.413036035, -0.0836742188, -0.111223242, -0.0214272921, 0.394933711, -0.91838377, 0.289306641, -0.876831055, -0.383789062, -0.956944897, -0.273939559, -0.0955440821, 0, 1, 5, 1, 
335.767991, 35, 0.1, 0.1, 0.00604573195, 0.362884953, -0.0349695, 0.88999349, -0.455973231, 7.76497515e-006, 0.455973231, 0.88999349, -2.77739988e-006, -5.64435734e-006, 6.01248862e-006, 1, 0.889993491, -0.45597323, 4.36037204e-006, 0.45597323, 0.889993491, -1.52180859e-006, -3.18679875e-006, 3.34261266e-006, 1, 0, 0, 0, 0, 0, 0, 0, 0.336497192, -0.120613892, -0.13882959, -0.421857054, 0.63944526, -0.642618609, -0.783447266, 0.0994873047, 0.61340332, 0.456253778, 0.762258665, 0.459208663, 0, 0, -0, 0, 0, 0, 0, 0.413036035, -0.0836742188, -0.111223242, -0.0214272921, 0.394933711, -0.91838377, 0.289306641, -0.876831055, -0.383789062, -0.956944897, -0.273939559, -0.0955440821, 0, 1, 5, 1, 
335.768691, 35, 0.1, 0.1, 0.00604573333, 0.362884951, -0.0349704959, 0.889993491, -0.45597323, 4.32727914e-006, 0.45597323, 0.889993491, -1.17984212e-006, -3.31327385e-006, 3.02317525e-006, 1, 0.88999349, -0.455973231, -6.53115544e-006, 0.455973231, 0.88999349, 2.17218833e-006, 4.8222261e-006, -4.91126552e-006, 1, 0, 0, 0, 0, 0, 0, 0, 0.336497192, -0.120613892, -0.13882959, -0.421857054, 0.63944526, -0.642618609, -0.783447266, 0.0994873047, 0.61340332, 0.456253778, 0.762258665, 0.459208663, 0, 0, -0, 0, 0, 0, 0, 0.413036035, -0.0836742188, -0.111223242, -0.0214272921, 0.394933711, -0.91838377, 0.289306641, -0.876831055, -0.383789062, -0.956944897, -0.273939559, -0.0955440821, 0, 1, 5, 1, 
335.769418, 35, 0.1, 0.1, 0.00604573443, 0.36288495, -0.0349709497, 0.889993492, -0.455973228, -6.17197493e-006, 0.455973228, 0.889993492, 1.9499801e-006, 4.6038788e-006, -4.54972494e-006, 1, 0.889993491, -0.455973229, -1.01642826e-005, 0.455973229, 0.889993491, 3.26326187e-006, 7.55818529e-006, -7.53892257e-006, 1, 0, 0, 0, 0, 0, 0, 0, 0.336497192, -0.120613892, -0.13882959, -0.421857054, 0.63944526, -0.642618609, -0.783447266, 0.0994873047, 0.61340332, 0.456253778, 0.762258665, 0.459208663, 0, 0, -0, 0, 0, 0, 0, 0.413036035, -0.0836742188, -0.111223242, -0.0214272921, 0.394933711, -0.91838377, 0.289306641, -0.876831055, -0.383789062, -0.956944897, -0.273939559, -0.0955440821, 0, 1, 5, 1, 
335.77012, 35, 0.1, 0.1, 0.00604573444, 0.362884949, -0.0349706848, 0.889993492, -0.455973227, -9.05528981e-006, 0.455973227, 0.889993492, 2.78014058e-006, 6.79147934e-006, -6.60327673e-006, 1, 0.889993492, -0.455973227, -5.90383813e-006, 0.455973227, 0.889993492, 1.73480958e-006, 4.46335079e-006, -4.23596136e-006, 1, 0, 0, 0, 0, 0, 0, 0, 0.336497192, -0.120613892, -0.13882959, -0.421857054, 0.63944526, -0.642618609, -0.783447266, 0.0994873047, 0.61340332, 0.456253778, 0.762258665, 0.459208663, 0, 0, -0, 0, 0, 0, 0, 0.413036035, -0.0836742188, -0.111223242, -0.0214272921, 0.394933711, -0.91838377, 0.289306641, -0.876831055, -0.383789062, -0.956944897, -0.273939559, -0.0955440821, 0, 1, 5, 1, 
335.770822, 35, 0.1, 0.1, 0.0060457339, 0.362884949, -0.0349700536, 0.889993494, -0.455973223, -5.23463283e-006, 0.455973223, 0.889993494, 1.57883031e-006, 3.93888482e-006, -3.7920011e-006, 1, 0.889993494, -0.455973224, 5.64470895e-006, 0.455973224, 0.889993494, -1.87521193e-006, -4.16870781e-006, 4.24276255e-006, 1, 0, 0, 0, 0, 0, 0, 0, 0.336497192, -0.120613892, -0.13882959, -0.421857054, 0.63944526, -0.642618609, -0.783447266, 0.0994873047, 0.61340332, 0.456253778, 0.762258665, 0.459208663, 0, 0, -0, 0, 0, 0, 0, 0.413036035, -0.0836742188, -0.111223242, -0.0214272921, 0.394933711, -0.91838377, 0.289306641, -0.876831055, -0.383789062, -0.956944897, -0.273939559, -0.0955440821, 0, 1, 5, 1, 
335.771543, 35, 0.1, 0.1, 0.00604573347, 0.362884948, -0.0349691863, 0.889993497, -0.455973217, 5.37840611e-006, 0.455973217, 0.889993497, -1.83624468e-006, -3.94946807e-006, 4.08665496e-006, 1, 0.889993497, -0.455973218, 1.01673673e-005, 0.455973219, 0.889993497, -3.19232947e-006, -7.59327408e-006, 7.47719968e-006, 1, 0, 0, 0, 0, 0, 0, 0, 0.336497192, -0.120613892, -0.13882959, -0.424923658, 0.638773152, -0.641361638, -0.783447266, 0.0952148437, 0.614013672, 0.453278907, 0.763477444, 0.460121905, 0, 0, -0, 0, 0, 0, 0, 0.413036035, -0.0836742188, -0.111223242, -0.0214272921, 0.394933711, -0.91838377, 0.289306641, -0.876831055, -0.383789062, -0.956944897, -0.273939559, -0.0955440821, 0, 1, 5, 1, 
335.77226, 35, 0.1, 0.1, 0.00604573452, 0.362884947, -0.0349680377, 0.889993501, -0.455973209, 8.99005803e-006, 0.455973209, 0.889993501, -2.81697651e-006, -6.71662741e-006, 6.60631641e-006, 1, 0.8899935, -0.455973211, 5.25412285e-006, 0.455973211, 0.8899935, -1.61331182e-006, -3.94050821e-006, 3.8315763e-006, 1, 0, 0, 0, 0, 0, 0, 0, 0.337447632, -0.121983984, -0.137869604, -0.424923658, 0.638773152, -0.641361638, -0.783447266, 0.0952148437, 0.614013672, 0.453278907, 0.763477444, 0.460121905, 0, 0, -0, 0, 0, 0, 0, 0.414086572, -0.0847477051, -0.110069434, -0.022954107, 0.397182006, -0.917380841, 0.294555664, -0.874145508, -0.385864258, -0.955264231, -0.27898119, -0.0969115826, 0, 1, 5, 1, 
335.772969, 35, 0.1, 0.1, 0.00604573574, 0.362884945, -0.034967254, 0.889993506, -0.4559732, 5.89752181e-006, 0.4559732, 0.889993506, -1.65987069e-006, -4.49189956e-006, 4.16638603e-006, 1, 0.889993505, -0.455973202, -6.325416e-006, 0.455973202, 0.889993505, 2.18363445e-006, 4.63390036e-006, -4.82764066e-006, 1, 0, 0, 0, 0, 0, 0, 0, 0.337447632, -0.121983984, -0.137869604, -0.424923658, 0.638773152, -0.641361638, -0.783447266, 0.0952148437, 0.614013672, 0.453278907, 0.763477444, 0.460121905, 0, 0, -0, 0, 0, 0, 0, 0.414086572, -0.0847477051, -0.110069434, -0.022954107, 0.397182006, -0.917380841, 0.294555664, -0.874145508, -0.385864258, -0.955264231, -0.27898119, -0.0969115826, 0, 1, 5, 1, 
335.773668, 35, 0.1, 0.1, 0.00604573641, 0.362884944, -0.0349671628, 0.889993511, -0.45597319, -5.58703585e-006, 0.45597319, 0.889993511, 1.68016168e-006, 4.20631697e-006, -4.04287155e-006, 1, 0.88999351, -0.455973192, -9.99520262e-006, 0.455973192, 0.88999351, 3.06004846e-006, 7.50036539e-006, -7.28096772e-006, 1, 0, 0, 0, 0, 0, 0, 0, 0.337447632, -0.121983984, -0.137869604, -0.424923658, 0.638773152, -0.641361638, -0.783447266, 0.0952148437, 0.614013672, 0.453278907, 0.763477444, 0.460121905, 0, 0, -0, 0, 0, 0, 0, 0.414086572, -0.0847477051, -0.110069434, -0.022954107, 0.397182006, -0.917380841, 0.294555664, -0.874145508, -0.385864258, -0.955264231, -0.27898119, -0.0969115826, 0, 1, 5, 1, 
335.774367, 35, 0.1, 0.1, 0.00604573591, 0.362884944, -0.0349677564, 0.889993515, -0.455973182, -8.79664186e-006, 0.455973182, 0.889993515, 2.91581086e-006, 6.49942266e-006, -6.60608554e-006, 1, 0.889993515, -0.455973183, -5.14668963e-006, 0.455973183, 0.889993515, 1.85666526e-006, 3.73393083e-006, -3.99917249e-006, 1, 0, 0, 0, 0, 0, 0, 0, 0.337447632, -0.121983984, -0.137869604, -0.424923658, 0.638773152, -0.641361638, -0.783447266, 0.0952148437, 0.614013672, 0.453278907, 0.763477444, 0.460121905, 0, 0, -0, 0, 0, 0, 0, 0.414086572, -0.0847477051, -0.110069434, -0.022954107, 0.397182006, -0.917380841, 0.294555664, -0.874145508, -0.385864258, -0.955264231, -0.27898119, -0.0969115826, 0, 1, 5, 1, 
335.775066, 35, 0.1, 0.1, 0.00604573506, 0.362884943, -0.0349687907, 0.889993518, -0.455973177, -4.50267501e-006, 0.455973177, 0.889993518, 1.38079904e-006, 3.37774425e-006, -3.28200122e-006, 1, 0.889993518, -0.455973178, 6.79102545e-006, 0.455973178, 0.889993518, -2.45445039e-006, -4.92480508e-006, 5.28097039e-006, 1, 0, 0, 0, 0, 0, 0, 0, 0.337447632, -0.121983984, -0.137869604, -0.424923658, 0.638773152, -0.641361638, -0.783447266, 0.0952148437, 0.614013672, 0.453278907, 0.763477444, 0.460121905, 0, 0, -0, 0, 0, 0, 0, 0.414086572, -0.0847477051, -0.110069434, -0.022954107, 0.397182006, -0.917380841, 0.294555664, -0.874145508, -0.385864258, -0.955264231, -0.27898119, -0.0969115826, 0, 1, 5, 1, 
335.775772, 35, 0.1, 0.1, 0.00604573451, 0.362884943, -0.0349699144, 0.889993521, -0.455973172, 6.34064053e-006, 0.455973172, 0.889993521, -1.91674722e-006, -4.76914368e-006, 4.59705458e-006, 1, 0.88999352, -0.455973173, 1.04084591e-005, 0.455973173, 0.88999352, -3.04126326e-006, -7.87672668e-006, 7.45268271e-006, 1, 0, 0, 0, 0, 0, 0, 0, 0.337447632, -0.121983984, -0.137869604, -0.424923658, 0.638773152, -0.641361638, -0.783447266, 0.0952148437, 0.614013672, 0.453278907, 0.763477444, 0.460121905, 0, 0, -0, 0, 0, 0, 0, 0.414086572, -0.0847477051, -0.110069434, -0.022954107, 0.397182006, -0.917380841, 0.294555664, -0.874145508, -0.385864258, -0.955264231, -0.27898119, -0.0969115826, 0, 1, 5, 1, 
335.776531, 35, 0.1, 0.1, 0.0060457345, 0.362884942, -0.0349704687, 0.889993524, -0.455973165, 1.15543067e-005, 0.455973165, 0.889993524, -3.98056777e-006, -8.46822608e-006, 8.81113335e-006, 1, 0.889993523, -0.455973166, 8.0726052e-006, 0.455973166, 0.889993523, -2.98687134e-006, -5.82263317e-006, 6.3391875e-006, 1, 0, 0, 0, 0, 0, 0, 0, 0.338421143, -0.123606494, -0.136725684, -0.427527088, 0.637517303, -0.640866264, -0.783935547, 0.0914306641, 0.614013672, 0.450107083, 0.76491227, 0.460908589, 0, 0, -0, 0, 0, 0, 0, 0.414086572, -0.0847477051, -0.110069434, -0.0239187566, 0.399213384, -0.916416191, 0.297607422, -0.872314453, -0.387817383, -0.954260935, -0.281958994, -0.0979148782, 0, 1, 5, 1, 
335.777231, 35, 0.1, 0.1, 0.00604573473, 0.362884941, -0.0349702175, 0.889993525, -0.455973162, 7.03801522e-006, 0.455973162, 0.889993525, -2.06016709e-006, -5.32440708e-006, 5.04268143e-006, 1, 0.889993525, -0.455973163, -3.62999608e-006, 0.455973163, 0.889993525, 1.44188432e-006, 2.57321245e-006, -2.9384485e-006, 1, 0, 0, 0, 0, 0, 0, 0, 0.338421143, -0.123606494, -0.136725684, -0.427527088, 0.637517303, -0.640866264, -0.783935547, 0.0914306641, 0.614013672, 0.450107083, 0.76491227, 0.460908589, 0, 0, -0, 0, 0, 0, 0, 0.414713574, -0.086238623, -0.108910498, -0.0239187566, 0.399213384, -0.916416191, 0.297607422, -0.872314453, -0.387817383, -0.954260935, -0.281958994, -0.0979148782, 0, 1, 5, 1, 
335.777934, 35, 0.1, 0.1, 0.00604573528, 0.36288494, -0.0349697105, 0.889993528, -0.455973158, -5.67044189e-006, 0.455973158, 0.889993528, 1.33643181e-006, 4.43727955e-006, -3.77498495e-006, 1, 0.889993527, -0.455973159, -9.38563808e-006, 0.455973159, 0.889993527, 2.4996188e-006, 7.21339806e-006, -6.50424359e-006, 1, 0, 0, 0, 0, 0, 0, 0, 0.338421143, -0.123606494, -0.136725684, -0.427527088, 0.637517303, -0.640866264, -0.783935547, 0.0914306641, 0.614013672, 0.450107083, 0.76491227, 0.460908589, 0, 0, -0, 0, 0, 0, 0, 0.414713574, -0.086238623, -0.108910498, -0.0239187566, 0.399213384, -0.916416191, 0.297607422, -0.872314453, -0.387817383, -0.954260935, -0.281958994, -0.0979148782, 0, 1, 5, 1, 
335.778638, 35, 0.1, 0.1, 0.00604573543, 0.362884939, -0.0349691245, 0.889993529, -0.455973155, -1.06375153e-005, 0.455973155, 0.889993529, 3.88298776e-006, 7.69678163e-006, -8.30625541e-006, 1, 0.889993529, -0.455973155, -6.93369226e-006, 0.455973155, 0.889993529, 2.57333394e-006, 4.99757005e-006, -5.45182809e-006, 1, 0, 0, 0, 0, 0, 0, 0, 0.338421143, -0.123606494, -0.136725684, -0.427527088, 0.637517303, -0.640866264, -0.783935547, 0.0914306641, 0.614013672, 0.450107083, 0.76491227, 0.460908589, 0, 0, -0, 0, 0, 0, 0, 0.414713574, -0.086238623, -0.108910498, -0.0239187566, 0.399213384, -0.916416191, 0.297607422, -0.872314453, -0.387817383, -0.954260935, -0.281958994, -0.0979148782, 0, 1, 5, 1, 
335.77935, 35, 0.1, 0.1, 0.00604573569, 0.362884938, -0.0349685821, 0.88999353, -0.455973153, -8.80756436e-006, 0.455973153, 0.88999353, 2.38264165e-006, 6.75225467e-006, -6.13654854e-006, 1, 0.88999353, -0.455973154, 2.96084264e-006, 0.455973154, 0.88999353, -1.18199165e-006, -2.09617433e-006, 2.40202968e-006, 1, 0, 0, 0, 0, 0, 0, 0, 0.338421143, -0.123606494, -0.136725684, -0.427527088, 0.637517303, -0.640866264, -0.783935547, 0.0914306641, 0.614013672, 0.450107083, 0.76491227, 0.460908589, 0, 0, -0, 0, 0, 0, 0, 0.415519141, -0.0873101563, -0.107973096, -0.0256500952, 0.401263718, -0.915464302, 0.301757813, -0.869995117, -0.389770508, -0.952969994, -0.286284975, -0.0987967722, 0, 1, 5, 1, 
335.780052, 35, 0.1, 0.1, 0.00604573639, 0.362884938, -0.0349681867, 0.889993532, -0.455973149, 3.41787637e-006, 0.455973149, 0.889993532, -8.1897578e-007, -2.6684569e-006, 2.287343e-006, 1, 0.889993532, -0.455973149, 7.36793078e-006, 0.455973149, 0.889993532, -2.41420842e-006, -5.45659652e-006, 5.50820848e-006, 1, 0, 0, 0, 0, 0, 0, 0, 0.338421143, -0.123606494, -0.136725684, -0.427527088, 0.637517303, -0.640866264, -0.783935547, 0.0914306641, 0.614013672, 0.450107083, 0.76491227, 0.460908589, 0, 0, -0, 0, 0, 0, 0, 0.415519141, -0.0873101563, -0.107973096, -0.0256500952, 0.401263718, -0.915464302, 0.301757813, -0.869995117, -0.389770508, -0.952969994, -0.286284975, -0.0987967722, 0, 1, 5, 1, 
335.78076, 35, 0.1, 0.1, 0.00604573759, 0.362884936, -0.0349681244, 0.889993533, -0.455973148, 8.59662557e-006, 0.455973148, 0.889993533, -2.50679517e-006, -6.50790987e-006, 6.15086192e-006, 1, 0.889993533, -0.455973148, 4.84236122e-006, 0.455973148, 0.889993533, -1.08423575e-006, -3.81528778e-006, 3.1729495e-006, 1, 0, 0, 0, 0, 0, 0, 0, 0.338421143, -0.123606494, -0.136725684, -0.427527088, 0.637517303, -0.640866264, -0.783935547, 0.0914306641, 0.614013672, 0.450107083, 0.76491227, 0.460908589, 0, 0, -0, 0, 0, 0, 0, 0.415519141, -0.0873101563, -0.107973096, -0.0256500952, 0.401263718, -0.915464302, 0.301757813, -0.869995117, -0.389770508, -0.952969994, -0.286284975, -0.0987967722, 0, 1, 5, 1, 
335.781474, 35, 0.1, 0.1, 0.00604573871, 0.362884935, -0.0349683275, 0.889993535, -0.455973144, 6.07884723e-006, 0.455973144, 0.889993535, -2.28512117e-006, -4.36818085e-006, 4.80553416e-006, 1, 0.889993534, -0.455973145, -5.6893087e-006, 0.455973145, 0.889993534, 1.41398295e-006, 4.4187097e-006, -3.85260767e-006, 1, 0, 0, 0, 0, 0, 0, 0, 0.339339111, -0.124802905, -0.13556748, -0.431190538, 0.635836473, -0.640066475, -0.784057617, 0.0869140625, 0.614501953, 0.446485191, 0.766785183, 0.461276283, 0, 0, -0, 0, 0, 0, 0, 0.415519141, -0.0873101563, -0.107973096, -0.0256500952, 0.401263718, -0.915464302, 0.301757813, -0.869995117, -0.389770508, -0.952969994, -0.286284975, -0.0987967722, 0, 1, 5, 1, 
335.782172, 35, 0.1, 0.1, 0.00604573898, 0.362884934, -0.0349687364, 0.889993535, -0.455973144, -4.23609414e-006, 0.455973144, 0.889993535, 1.85592384e-006, 2.92384497e-006, -3.58330538e-006, 1, 0.889993535, -0.455973144, -8.39663417e-006, 0.455973144, 0.889993535, 3.20078645e-006, 6.01347747e-006, -6.67731892e-006, 1, 0, 0, 0, 0, 0, 0, 0, 0.339339111, -0.124802905, -0.13556748, -0.431190538, 0.635836473, -0.640066475, -0.784057617, 0.0869140625, 0.614501953, 0.446485191, 0.766785183, 0.461276283, 0, 0, -0, 0, 0, 0, 0, 0.415519141, -0.0873101563, -0.107973096, -0.0256500952, 0.401263718, -0.915464302, 0.301757813, -0.869995117, -0.389770508, -0.952969994, -0.286284975, -0.0987967722, 0, 1, 5, 1, 
335.782874, 35, 0.1, 0.1, 0.00604573825, 0.362884934, -0.0349693258, 0.889993536, -0.455973142, -7.95192764e-006, 0.455973142, 0.889993536, 2.17141307e-006, 6.08705815e-006, -5.55840902e-006, 1, 0.889993536, -0.455973142, -4.45838559e-006, 0.455973142, 0.889993536, 1.1727044e-006, 3.43321265e-006, -3.07660342e-006, 1, 0, 0, 0, 0, 0, 0, 0, 0.339339111, -0.124802905, -0.13556748, -0.431190538, 0.635836473, -0.640066475, -0.784057617, 0.0869140625, 0.614501953, 0.446485191, 0.766785183, 0.461276283, 0, 0, -0, 0, 0, 0, 0, 0.415519141, -0.0873101563, -0.107973096, -0.0256500952, 0.401263718, -0.915464302, 0.301757813, -0.869995117, -0.389770508, -0.952969994, -0.286284975, -0.0987967722, 0, 1, 5, 1, 
335.783582, 35, 0.1, 0.1, 0.00604573739, 0.362884934, -0.0349698723, 0.889993537, -0.45597314, -4.88678746e-006, 0.45597314, 0.889993537, 1.82545578e-006, 3.51685046e-006, -3.85288767e-006, 1, 0.889993537, -0.45597314, 6.73840269e-006, 0.45597314, 0.889993537, -2.11058413e-006, -5.03476517e-006, 4.95093687e-006, 1, 0, 0, 0, 0, 0, 0, 0, 0.339339111, -0.124802905, -0.13556748, -0.431190538, 0.635836473, -0.640066475, -0.784057617, 0.0869140625, 0.614501953, 0.446485191, 0.766785183, 0.461276283, 0, 0, -0, 0, 0, 0, 0, 0.415519141, -0.0873101563, -0.107973096, -0.0256500952, 0.401263718, -0.915464302, 0.301757813, -0.869995117, -0.389770508, -0.952969994, -0.286284975, -0.0987967722, 0, 1, 5, 1, 
335.784308, 35, 0.1, 0.1, 0.00604573695, 0.362884933, -0.0349698874, 0.889993537, -0.45597314, 6.18053285e-006, 0.45597314, 0.889993537, -2.276971e-006, -4.46239667e-006, 4.84464644e-006, 1, 0.889993537, -0.45597314, 1.03145406e-005, 0.45597314, 0.889993537, -3.29314523e-006, -7.6782887e-006, 7.63403144e-006, 1, 0, 0, 0, 0, 0, 0, 0, 0.339997827, -0.12596062, -0.135015283, -0.43560248, 0.634942326, -0.63802282, -0.783203125, 0.0819091797, 0.616333008, 0.443599808, 0.768162721, 0.461694152, 0, 0, -0, 0, 0, 0, 0, 0.416086572, -0.0883367676, -0.107015674, -0.0276369969, 0.403895541, -0.914295128, 0.305664063, -0.867431641, -0.392456055, -0.95158317, -0.290304355, -0.0994103434, 0, 1, 5, 1, 
335.78501, 35, 0.1, 0.1, 0.00604573754, 0.362884932, -0.034969659, 0.889993538, -0.455973137, 9.0807163e-006, 0.455973137, 0.889993538, -3.31988201e-006, -6.56800181e-006, 7.09523624e-006, 1, 0.889993538, -0.455973138, 5.73653243e-006, 0.455973138, 0.889993538, -2.40208835e-006, -4.01018903e-006, 4.7535478e-006, 1, 0, 0, 0, 0, 0, 0, 0, 0.339997827, -0.12596062, -0.135015283, -0.43560248, 0.634942326, -0.63802282, -0.783203125, 0.0819091797, 0.616333008, 0.443599808, 0.768162721, 0.461694152, 0, 0, -0, 0, 0, 0, 0, 0.416086572, -0.0883367676, -0.107015674, -0.0276369969, 0.403895541, -0.914295128, 0.305664063, -0.867431641, -0.392456055, -0.95158317, -0.290304355, -0.0994103434, 0, 1, 5, 1, 
335.785711, 35, 0.1, 0.1, 0.00604573852, 0.362884931, -0.0349693762, 0.889993538, -0.455973138, 5.50577891e-006, 0.455973138, 0.889993538, -1.23393503e-006, -4.33746642e-006, 3.60868149e-006, 1, 0.889993538, -0.455973138, -5.72241596e-006, 0.455973138, 0.889993538, 2.39472508e-006, 4.00098292e-006, -4.7405578e-006, 1, 0, 0, 0, 0, 0, 0, 0, 0.339997827, -0.12596062, -0.135015283, -0.43560248, 0.634942326, -0.63802282, -0.783203125, 0.0819091797, 0.616333008, 0.443599808, 0.768162721, 0.461694152, 0, 0, -0, 0, 0, 0, 0, 0.416086572, -0.0883367676, -0.107015674, -0.0276369969, 0.403895541, -0.914295128, 0.305664063, -0.867431641, -0.392456055, -0.95158317, -0.290304355, -0.0994103434, 0, 1, 5, 1, 
335.786414, 35, 0.1, 0.1, 0.00604573935, 0.36288493, -0.0349690911, 0.889993539, -0.455973136, -6.17528761e-006, 0.455973136, 0.889993539, 1.80392908e-006, 4.67342287e-006, -4.42125048e-006, 1, 0.889993539, -0.455973136, -1.02526208e-005, 0.455973136, 0.889993539, 3.1299071e-006, 7.69761267e-006, -7.46051673e-006, 1, 0, 0, 0, 0, 0, 0, 0, 0.339997827, -0.12596062, -0.135015283, -0.43560248, 0.634942326, -0.63802282, -0.783203125, 0.0819091797, 0.616333008, 0.443599808, 0.768162721, 0.461694152, 0, 0, -0, 0, 0, 0, 0, 0.416086572, -0.0883367676, -0.107015674, -0.0276369969, 0.403895541, -0.914295128, 0.305664063, -0.867431641, -0.392456055, -0.95158317, -0.290304355, -0.0994103434, 0, 1, 5, 1, 
335.78712, 35, 0.1, 0.1, 0.00604573926, 0.36288493, -0.0349688554, 0.88999354, -0.455973134, -9.89485394e-006, 0.455973134, 0.88999354, 3.05341783e-006, 7.41407959e-006, -7.2293097e-006, 1, 0.88999354, -0.455973134, -6.30013457e-006, 0.455973134, 0.88999354, 2.03216991e-006, 4.68046419e-006, -4.6813102e-006, 1, 0, 0, 0, 0, 0, 0, 0, 0.339997827, -0.12596062, -0.135015283, -0.43560248, 0.634942326, -0.63802282, -0.783203125, 0.0819091797, 0.616333008, 0.443599808, 0.768162721, 0.461694152, 0, 0, -0, 0, 0, 0, 0, 0.416086572, -0.0883367676, -0.107015674, -0.0276369969, 0.403895541, -0.914295128, 0.305664063, -0.867431641, -0.392456055, -0.95158317, -0.290304355, -0.0994103434, 0, 1, 5, 1, 
335.787822, 35, 0.1, 0.1, 0.00604573886, 0.362884929, -0.0349687621, 0.88999354, -0.455973133, -6.20362822e-006, 0.455973133, 0.88999354, 2.07351542e-006, 4.57572172e-006, -4.67410313e-006, 1, 0.88999354, -0.455973133, 5.25061381e-006, 0.455973133, 0.88999354, -1.56802602e-006, -3.95803464e-006, 3.78967186e-006, 1, 0, 0, 0, 0, 0, 0, 0, 0.339997827, -0.12596062, -0.135015283, -0.43560248, 0.634942326, -0.63802282, -0.783203125, 0.0819091797, 0.616333008, 0.443599808, 0.768162721, 0.461694152, 0, 0, -0, 0, 0, 0, 0, 0.416086572, -0.0883367676, -0.107015674, -0.0276369969, 0.403895541, -0.914295128, 0.305664063, -0.867431641, -0.392456055, -0.95158317, -0.290304355, -0.0994103434, 0, 1, 5, 1, 
335.788535, 35, 0.1, 0.1, 0.00604573878, 0.362884928, -0.0349688337, 0.88999354, -0.455973133, 4.61459667e-006, 0.455973133, 0.88999354, -1.59668594e-006, -3.37891534e-006, 3.52517227e-006, 1, 0.88999354, -0.455973133, 9.15371681e-006, 0.455973133, 0.88999354, -2.92638575e-006, -6.81239554e-006, 6.77831335e-006, 1, 0, 0, 0, 0, 0, 0, 0, 0.339997827, -0.12596062, -0.135015283, -0.440192277, 0.63382614, -0.635940973, -0.782470703, 0.0766601562, 0.617919922, 0.440371818, 0.769699019, 0.462353155, 0, 0, -0, 0, 0, 0, 0, 0.416086572, -0.0883367676, -0.107015674, -0.0276369969, 0.403895541, -0.914295128, 0.305664063, -0.867431641, -0.392456055, -0.95158317, -0.290304355, -0.0994103434, 0, 1, 5, 1, 
335.789267, 35, 0.1, 0.1, 0.0060457396, 0.362884927, -0.0349686817, 0.889993542, -0.455973131, 9.82871915e-006, 0.455973131, 0.889993542, -2.97389048e-006, -7.39148241e-006, 7.12837516e-006, 1, 0.889993541, -0.455973131, 6.15048851e-006, 0.455973131, 0.889993541, -1.79320842e-006, -4.65624019e-006, 4.40040141e-006, 1, 0, 0, 0, 0, 0, 0, 0, 0.340869653, -0.127129199, -0.1344604, -0.440192277, 0.63382614, -0.635940973, -0.782470703, 0.0766601562, 0.617919922, 0.440371818, 0.769699019, 0.462353155, 0, 0, -0, 0, 0, 0, 0, 0.416726367, -0.0888744141, -0.10644126, -0.0319815682, 0.407677214, -0.912499624, 0.310424805, -0.863647461, -0.396850586, -0.949953177, -0.295921278, -0.0989761429, 0, 1, 5, 1, 
335.789972, 35, 0.1, 0.1, 0.00604574047, 0.362884927, -0.0349685266, 0.889993544, -0.455973126, 6.11401298e-006, 0.455973126, 0.889993544, -2.06943212e-006, -4.49782665e-006, 4.62960684e-006, 1, 0.889993543, -0.455973127, -5.61239825e-006, 0.455973127, 0.889993543, 1.6002913e-006, 4.26530838e-006, -3.9833517e-006, 1, 0, 0, 0, 0, 0, 0, 0, 0.340869653, -0.127129199, -0.1344604, -0.440192277, 0.63382614, -0.635940973, -0.782470703, 0.0766601562, 0.617919922, 0.440371818, 0.769699019, 0.462353155, 0, 0, -0, 0, 0, 0, 0, 0.416726367, -0.0888744141, -0.10644126, -0.0319815682, 0.407677214, -0.912499624, 0.310424805, -0.863647461, -0.396850586, -0.949953177, -0.295921278, -0.0989761429, 0, 1, 5, 1, 
335.790679, 35, 0.1, 0.1, 0.00604574094, 0.362884926, -0.0349685679, 0.889993545, -0.455973123, -5.14790898e-006, 0.455973123, 0.889993545, 1.67097535e-006, 3.81968591e-006, -3.83446541e-006, 1, 0.889993545, -0.455973124, -9.31460441e-006, 0.455973124, 0.889993545, 2.99612126e-006, 6.92378703e-006, -6.91373785e-006, 1, 0, 0, 0, 0, 0, 0, 0, 0.340869653, -0.127129199, -0.1344604, -0.440192277, 0.63382614, -0.635940973, -0.782470703, 0.0766601562, 0.617919922, 0.440371818, 0.769699019, 0.462353155, 0, 0, -0, 0, 0, 0, 0, 0.416726367, -0.0888744141, -0.10644126, -0.0319815682, 0.407677214, -0.912499624, 0.310424805, -0.863647461, -0.396850586, -0.949953177, -0.295921278, -0.0989761429, 0, 1, 5, 1, 
335.791376, 35, 0.1, 0.1, 0.0060457404, 0.362884925, -0.0349688335, 0.889993546, -0.455973122, -8.36810173e-006, 0.455973122, 0.889993546, 2.97187028e-006, 6.09246356e-006, -6.46057484e-006, 1, 0.889993546, -0.455973122, -4.79229516e-006, 0.455973122, 0.889993546, 1.80680681e-006, 3.44125642e-006, -3.79320419e-006, 1, 0, 0, 0, 0, 0, 0, 0, 0.340869653, -0.127129199, -0.1344604, -0.440192277, 0.63382614, -0.635940973, -0.782470703, 0.0766601562, 0.617919922, 0.440371818, 0.769699019, 0.462353155, 0, 0, -0, 0, 0, 0, 0, 0.416726367, -0.0888744141, -0.10644126, -0.0319815682, 0.407677214, -0.912499624, 0.310424805, -0.863647461, -0.396850586, -0.949953177, -0.295921278, -0.0989761429, 0, 1, 5, 1, 
335.792082, 35, 0.1, 0.1, 0.00604573955, 0.362884925, -0.0349692216, 0.889993546, -0.455973122, -4.92791923e-006, 0.455973122, 0.889993546, 1.26258508e-006, 3.81011145e-006, -3.37069129e-006, 1, 0.889993546, -0.455973122, 6.37081213e-006, 0.455973122, 0.889993546, -2.38699441e-006, -4.58157638e-006, 5.02932871e-006, 1, 0, 0, 0, 0, 0, 0, 0, 0.340869653, -0.127129199, -0.1344604, -0.440192277, 0.63382614, -0.635940973, -0.782470703, 0.0766601562, 0.617919922, 0.440371818, 0.769699019, 0.462353155, 0, 0, -0, 0, 0, 0, 0, 0.416726367, -0.0888744141, -0.10644126, -0.0319815682, 0.407677214, -0.912499624, 0.310424805, -0.863647461, -0.396850586, -0.949953177, -0.295921278, -0.0989761429, 0, 1, 5, 1, 
335.792782, 35, 0.1, 0.1, 0.00604573909, 0.362884924, -0.0349696286, 0.889993547, -0.45597312, 5.9718355e-006, 0.45597312, 0.889993547, -1.6084683e-006, -4.58147675e-006, 4.15452287e-006, 1, 0.889993547, -0.45597312, 1.00331021e-005, 0.45597312, 0.889993547, -2.91286224e-006, -7.6012092e-006, 7.16725344e-006, 1, 0, 0, 0, 0, 0, 0, 0, 0.340869653, -0.127129199, -0.1344604, -0.440192277, 0.63382614, -0.635940973, -0.782470703, 0.0766601562, 0.617919922, 0.440371818, 0.769699019, 0.462353155, 0, 0, -0, 0, 0, 0, 0, 0.416726367, -0.0888744141, -0.10644126, -0.0319815682, 0.407677214, -0.912499624, 0.310424805, -0.863647461, -0.396850586, -0.949953177, -0.295921278, -0.0989761429, 0, 1, 5, 1, 
335.793514, 35, 0.1, 0.1, 0.00604573951, 0.362884924, -0.0349697886, 0.889993548, -0.455973119, 9.85322536e-006, 0.455973119, 0.889993548, -3.7014111e-006, -7.08156304e-006, 7.78703789e-006, 1, 0.889993548, -0.455973119, 6.22398113e-006, 0.455973119, 0.889993548, -2.43136161e-006, -4.43066751e-006, 5.00186423e-006, 1, 0, 0, 0, 0, 0, 0, 0, 0.34151958, -0.128305225, -0.133914307, -0.444762978, 0.632570291, -0.634017886, -0.781616211, 0.0714111328, 0.619628906, 0.437264396, 0.771133845, 0.462790119, 0, 0, -0, 0, 0, 0, 0, 0.416726367, -0.0888744141, -0.10644126, -0.037067309, 0.4109988, -0.910793438, 0.315063477, -0.860107422, -0.401000977, -0.948278341, -0.301832043, -0.0976921312, 0, 1, 5, 1, 
335.794213, 35, 0.1, 0.1, 0.00604574027, 0.362884923, -0.0349695792, 0.889993548, -0.455973118, 5.88128599e-006, 0.455973118, 0.889993548, -1.46574144e-006, -4.56596789e-006, 3.98620874e-006, 1, 0.889993548, -0.455973119, -5.13936168e-006, 0.455973119, 0.889993548, 1.85653885e-006, 3.72746693e-006, -3.99571837e-006, 1, 0, 0, 0, 0, 0, 0, 0, 0.34151958, -0.128305225, -0.133914307, -0.444762978, 0.632570291, -0.634017886, -0.781616211, 0.0714111328, 0.619628906, 0.437264396, 0.771133845, 0.462790119, 0, 0, -0, 0, 0, 0, 0, 0.417318066, -0.0894486816, -0.106078125, -0.037067309, 0.4109988, -0.910793438, 0.315063477, -0.860107422, -0.401000977, -0.948278341, -0.301832043, -0.0976921312, 0, 1, 5, 1, 
335.794916, 35, 0.1, 0.1, 0.00604574097, 0.362884922, -0.0349693136, 0.889993549, -0.455973117, -5.9510331e-006, 0.455973117, 0.889993549, 1.96925304e-006, 4.39845462e-006, -4.46613361e-006, 1, 0.889993549, -0.455973116, -9.86498962e-006, 0.455973116, 0.889993549, 3.52443473e-006, 7.17272963e-006, -7.63489424e-006, 1, 0, 0, 0, 0, 0, 0, 0, 0.34151958, -0.128305225, -0.133914307, -0.444762978, 0.632570291, -0.634017886, -0.781616211, 0.0714111328, 0.619628906, 0.437264396, 0.771133845, 0.462790119, 0, 0, -0, 0, 0, 0, 0, 0.417318066, -0.0894486816, -0.106078125, -0.037067309, 0.4109988, -0.910793438, 0.315063477, -0.860107422, -0.401000977, -0.948278341, -0.301832043, -0.0976921312, 0, 1, 5, 1, 
335.795622, 35, 0.1, 0.1, 0.00604574115, 0.362884922, -0.0349690541, 0.889993549, -0.455973117, -1.08831771e-005, 0.455973117, 0.889993549, 2.82756646e-006, 8.39666308e-006, -7.47895208e-006, 1, 0.889993549, -0.455973117, -7.35618139e-006, 0.455973117, 0.889993549, 1.62790087e-006, 5.80467494e-006, -4.80304223e-006, 1, 0, 0, 0, 0, 0, 0, 0, 0.34151958, -0.128305225, -0.133914307, -0.444762978, 0.632570291, -0.634017886, -0.781616211, 0.0714111328, 0.619628906, 0.437264396, 0.771133845, 0.462790119, 0, 0, -0, 0, 0, 0, 0, 0.417318066, -0.0894486816, -0.106078125, -0.037067309, 0.4109988, -0.910793438, 0.315063477, -0.860107422, -0.401000977, -0.948278341, -0.301832043, -0.0976921312, 0, 1, 5, 1, 
335.796349, 35, 0.1, 0.1, 0.00604574062, 0.362884921, -0.0349685375, 0.889993549, -0.455973116, -5.69855948e-006, 0.455973116, 0.889993549, 2.3893282e-006, 3.98221175e-006, -4.72487661e-006, 1, 0.889993549, -0.455973115, 5.88065203e-006, 0.455973115, 0.889993549, -1.45851381e-006, -4.56869928e-006, 3.97948711e-006, 1, 0, 0, 0, 0, 0, 0, 0, 0.342163403, -0.129475146, -0.133354663, -0.449454247, 0.63143501, -0.631834568, -0.780639648, 0.0660400391, 0.621459961, 0.43417607, 0.772549576, 0.463309459, 0, 0, -0, 0, 0, 0, 0, 0.417938086, -0.0902911133, -0.105288525, -0.0418143646, 0.413738897, -0.909304536, 0.32019043, -0.856567383, -0.404418945, -0.946322423, -0.308049411, -0.0966764423, 0, 1, 5, 1, 
335.797051, 35, 0.1, 0.1, 0.00604574039, 0.362884921, -0.0349682663, 0.889993549, -0.455973116, 5.23814039e-006, 0.455973116, 0.889993549, -2.05530816e-006, -3.7247459e-006, 4.2176622e-006, 1, 0.889993549, -0.455973116, 9.58134912e-006, 0.455973116, 0.889993549, -3.0771599e-006, -7.12423671e-006, 7.10749008e-006, 1, 0, 0, 0, 0, 0, 0, 0, 0.342163403, -0.129475146, -0.133354663, -0.449454247, 0.63143501, -0.631834568, -0.780639648, 0.0660400391, 0.621459961, 0.43417607, 0.772549576, 0.463309459, 0, 0, -0, 0, 0, 0, 0, 0.417938086, -0.0902911133, -0.105288525, -0.0418143646, 0.413738897, -0.909304536, 0.32019043, -0.856567383, -0.404418945, -0.946322423, -0.308049411, -0.0966764423, 0, 1, 5, 1, 
335.797751, 35, 0.1, 0.1, 0.00604574117, 0.36288492, -0.034968362, 0.88999355, -0.455973113, 9.11048888e-006, 0.455973113, 0.88999355, -3.55885883e-006, -6.48553241e-006, 7.32149939e-006, 1, 0.88999355, -0.455973114, 5.51740908e-006, 0.455973114, 0.88999355, -2.55308447e-006, -3.74632062e-006, 4.78801891e-006, 1, 0, 0, 0, 0, 0, 0, 0, 0.342163403, -0.129475146, -0.133354663, -0.449454247, 0.63143501, -0.631834568, -0.780639648, 0.0660400391, 0.621459961, 0.43417607, 0.772549576, 0.463309459, 0, 0, -0, 0, 0, 0, 0, 0.417938086, -0.0902911133, -0.105288525, -0.0418143646, 0.413738897, -0.909304536, 0.32019043, -0.856567383, -0.404418945, -0.946322423, -0.308049411, -0.0966764423, 0, 1, 5, 1, 
335.798452, 35, 0.1, 0.1, 0.00604574208, 0.362884919, -0.0349687692, 0.889993551, -0.455973113, 5.98002474e-006, 0.455973113, 0.889993551, -1.12632112e-006, -4.80861131e-006, 3.72914903e-006, 1, 0.88999355, -0.455973113, -5.68505194e-006, 0.455973113, 0.88999355, 2.48389529e-006, 3.92707009e-006, -4.80288162e-006, 1, 0, 0, 0, 0, 0, 0, 0, 0.342163403, -0.129475146, -0.133354663, -0.449454247, 0.63143501, -0.631834568, -0.780639648, 0.0660400391, 0.621459961, 0.43417607, 0.772549576, 0.463309459, 0, 0, -0, 0, 0, 0, 0, 0.417938086, -0.0902911133, -0.105288525, -0.0418143646, 0.413738897, -0.909304536, 0.32019043, -0.856567383, -0.404418945, -0.946322423, -0.308049411, -0.0966764423, 0, 1, 5, 1, 
335.799149, 35, 0.1, 0.1, 0.00604574263, 0.362884918, -0.0349693287, 0.889993552, -0.455973111, -5.5648326e-006, 0.455973111, 0.889993552, 1.80581736e-006, 4.12926098e-006, -4.14457984e-006, 1, 0.889993552, -0.455973111, -9.42090855e-006, 0.455973111, 0.889993552, 3.40731464e-006, 6.830904e-006, -7.32816903e-006, 1, 0, 0, 0, 0, 0, 0, 0, 0.342163403, -0.129475146, -0.133354663, -0.449454247, 0.63143501, -0.631834568, -0.780639648, 0.0660400391, 0.621459961, 0.43417607, 0.772549576, 0.463309459, 0, 0, -0, 0, 0, 0, 0, 0.417938086, -0.0902911133, -0.105288525, -0.0418143646, 0.413738897, -0.909304536, 0.32019043, -0.856567383, -0.404418945, -0.946322423, -0.308049411, -0.0966764423, 0, 1, 5, 1, 
335.79987, 35, 0.1, 0.1, 0.00604574255, 0.362884918, -0.0349697459, 0.889993552, -0.455973111, -9.99241274e-006, 0.455973111, 0.889993552, 2.24358692e-006, 7.8701676e-006, -6.55304942e-006, 1, 0.889993552, -0.455973111, -6.59123562e-006, 0.455973111, 0.889993552, 1.12558565e-006, 5.3529204e-006, -4.00719018e-006, 1, 0, 0, 0, 0, 0, 0, 0, 0.342163403, -0.129475146, -0.133354663, -0.449454247, 0.63143501, -0.631834568, -0.780639648, 0.0660400391, 0.621459961, 0.43417607, 0.772549576, 0.463309459, 0, 0, -0, 0, 0, 0, 0, 0.417938086, -0.0902911133, -0.105288525, -0.0418143646, 0.413738897, -0.909304536, 0.32019043, -0.856567383, -0.404418945, -0.946322423, -0.308049411, -0.0966764423, 0, 1, 5, 1, 
335.800605, 35, 0.1, 0.1, 0.00604574231, 0.362884917, -0.0349697401, 0.889993552, -0.455973111, -7.24841406e-006, 0.455973111, 0.889993552, 2.91230298e-006, 5.12310992e-006, -5.89701278e-006, 1, 0.889993552, -0.45597311, 4.78345899e-006, 0.45597311, 0.889993552, -1.33261914e-006, -3.64960916e-006, 3.36715111e-006, 1, 0, 0, 0, 0, 0, 0, 0, 0.342163403, -0.129475146, -0.133354663, -0.453688333, 0.630280632, -0.629949672, -0.779541016, 0.0616455078, 0.623168945, 0.431633293, 0.773844738, 0.463505289, 0, 0, -0, 0, 0, 0, 0, 0.417938086, -0.0902911133, -0.105288525, -0.0418143646, 0.413738897, -0.909304536, 0.32019043, -0.856567383, -0.404418945, -0.946322423, -0.308049411, -0.0966764423, 0, 1, 5, 1, 
335.80132, 35, 0.1, 0.1, 0.00604574258, 0.362884916, -0.034969179, 0.889993551, -0.455973112, 4.26857868e-006, 0.455973112, 0.889993551, -9.80229345e-007, -3.35204927e-006, 2.8187549e-006, 1, 0.889993551, -0.455973112, 8.28930775e-006, 0.455973112, 0.889993551, -2.02961113e-006, -6.45198233e-006, 5.58604227e-006, 1, 0, 0, 0, 0, 0, 0, 0, 0.343055493, -0.130869653, -0.132811255, -0.453688333, 0.630280632, -0.629949672, -0.779541016, 0.0616455078, 0.623168945, 0.431633293, 0.773844738, 0.463505289, 0, 0, -0, 0, 0, 0, 0, 0.418574463, -0.0913445801, -0.1045021, -0.0461334162, 0.416204476, -0.907975315, 0.323852539, -0.853637695, -0.407836914, -0.944935233, -0.312822719, -0.0953093084, 0, 1, 5, 1, 
335.802026, 35, 0.1, 0.1, 0.00604574354, 0.362884916, -0.0349686521, 0.889993551, -0.455973113, 8.85648507e-006, 0.455973113, 0.889993551, -3.49755747e-006, -6.28742242e-006, 7.15112266e-006, 1, 0.889993551, -0.455973113, 5.09388815e-006, 0.455973113, 0.889993551, -2.25965216e-006, -3.50318697e-006, 4.33375189e-006, 1, 0, 0, 0, 0, 0, 0, 0, 0.343055493, -0.130869653, -0.132811255, -0.453688333, 0.630280632, -0.629949672, -0.779541016, 0.0616455078, 0.623168945, 0.431633293, 0.773844738, 0.463505289, 0, 0, -0, 0, 0, 0, 0, 0.418574463, -0.0913445801, -0.1045021, -0.0461334162, 0.416204476, -0.907975315, 0.323852539, -0.853637695, -0.407836914, -0.944935233, -0.312822719, -0.0953093084, 0, 1, 5, 1, 
335.802726, 35, 0.1, 0.1, 0.00604574434, 0.362884915, -0.0349683745, 0.88999355, -0.455973114, 6.66116006e-006, 0.455973114, 0.88999355, -1.60057569e-006, -5.19857001e-006, 4.46181194e-006, 1, 0.88999355, -0.455973115, -5.04503167e-006, 0.455973115, 0.88999355, 1.89766865e-006, 3.62475976e-006, -3.98931166e-006, 1, 0, 0, 0, 0, 0, 0, 0, 0.343055493, -0.130869653, -0.132811255, -0.453688333, 0.630280632, -0.629949672, -0.779541016, 0.0616455078, 0.623168945, 0.431633293, 0.773844738, 0.463505289, 0, 0, -0, 0, 0, 0, 0, 0.418574463, -0.0913445801, -0.1045021, -0.0461334162, 0.416204476, -0.907975315, 0.323852539, -0.853637695, -0.407836914, -0.944935233, -0.312822719, -0.0953093084, 0, 1, 5, 1, 
