time, trialNum, realDorsalTactorPos, realVentralTactorPos, boxPosX, boxPosY, boxPosZ, boxLocalRot_11, boxLocalRot_12, boxLocalRot_13, boxLocalRot_21, boxLocalRot_22, boxLocalRot_23, boxLocalRot_31, boxLocalRot_32, boxLocalRot_33, boxGlobalRot_11, boxGlobalRot_12, boxGlobalRot_13, boxGlobalRot_21, boxGlobalRot_22, boxGlobalRot_23, boxGlobalRot_31, boxGlobalRot_32, boxGlobalRot_33, indexForceX, indexForceY, indexForceZ, indexForceGlobalX, indexForceGlobalY, indexForceGlobalZ, indexContact, indexPosX, indexPosY, indexPosZ, indexRot_11, indexRot_12, indexRot_13, indexRot_21, indexRot_22, indexRot_23, indexRot_31, indexRot_32, indexRot_33, thumbForceX, thumbForceY, thumbForceZ, thumbForceGlobalX, thumbForceGlobalY, thumbForceGlobalZ, thumbContact, thumbPosX, thumbPosY, thumbPosZ, thumbRot_11, thumbRot_12, thumbRot_13, thumbRot_21, thumbRot_22, thumbRot_23, thumbRot_31, thumbRot_32, thumbRot_33, manipForceTooHigh, cceExpType, mapping, trialSuccess, 
138.118452, 11, 0.1, 0.1, 0.00643370065, 0.367881718, -0.0349833328, 0.909888703, -1.31010733e-005, 0.414852442, 0.414852442, -1.56326973e-005, -0.909888703, 1.84057813e-005, 1, -8.78900242e-006, 0.909888813, -2.20274908e-005, 0.4148522, 0.4148522, -8.91219342e-006, -0.909888813, 2.37398105e-005, 1, 1.02904792e-006, 0, 0, 0, 0, 0, 0, 0, 0.323701147, -0.168518652, -0.199785962, -0.287512565, 0.418536088, -0.861422581, -0.944702148, 0.0238037109, 0.326904297, 0.157388217, 0.907862022, 0.388687071, 0, 0, -0, 0, 0, 0, 0, 0.37658335, -0.104717676, -0.155391455, 0.13734172, 0.365672049, -0.920459102, 0.623535156, -0.75390625, -0.206420898, -0.769522492, -0.545576133, -0.331550954, 0, 1, 1, 1, 
138.129332, 11, 0.1, 0.1, 0.00643351938, 0.367882086, -0.0349653189, 0.909874568, -1.88516822e-005, 0.414883442, 0.414883442, -1.53416775e-005, -0.909874568, 2.35176742e-005, 1, -6.1377514e-006, 0.909874693, -1.6381774e-005, 0.414883167, 0.414883167, -2.26852192e-005, -0.909874693, 2.43170772e-005, 1, -1.38441845e-005, 0, 0, 0, 0, 0, 0, 0, 0.326237866, -0.172369458, -0.197069971, -0.285346839, 0.412914724, -0.864914167, -0.946899414, 0.0174560547, 0.320800781, 0.147652213, 0.910606238, 0.386150286, 0, 0, -0, 0, 0, 0, 0, 0.3784771, -0.107884717, -0.152796777, 0.140371296, 0.363798886, -0.920747114, 0.630371094, -0.74987793, -0.200195312, -0.76331242, -0.552278374, -0.334649793, 0, 1, 1, 1, 
138.130036, 11, 0.1, 0.1, 0.00643350909, 0.367882102, -0.0349668664, 0.909874072, 3.0270663e-005, 0.414884528, 0.414884528, 1.10510221e-005, -0.909874073, -3.21273896e-005, 0.999999999, -2.50379129e-006, 0.909874153, 2.13561832e-005, 0.414884352, 0.414884352, 1.93697468e-005, -0.909874153, -2.74676439e-005, 1, 8.76368574e-006, 0, 0, 0, 0, 0, 0, 0, 0.326237866, -0.172369458, -0.197069971, -0.285346839, 0.412914724, -0.864914167, -0.946899414, 0.0174560547, 0.320800781, 0.147652213, 0.910606238, 0.386150286, 0, 0, -0, 0, 0, 0, 0, 0.3784771, -0.107884717, -0.152796777, 0.140371296, 0.363798886, -0.920747114, 0.630371094, -0.74987793, -0.200195312, -0.76331242, -0.552278374, -0.334649793, 0, 1, 1, 1, 
138.130747, 11, 0.1, 0.1, 0.00643350009, 0.367882121, -0.034969101, 0.909873738, -2.90957002e-005, 0.414885261, 0.414885262, 5.21415458e-006, -0.909873738, 2.43101377e-005, 1, 1.68155995e-005, 0.909873805, -1.39360621e-005, 0.414885114, 0.414885115, 5.53148286e-006, -0.909873805, 1.0385128e-005, 1, 1.08148161e-005, 0, 0, 0, 0, 0, 0, 0, 0.326237866, -0.172369458, -0.197069971, -0.286368666, 0.413599937, -0.864177658, -0.946655273, 0.0167236328, 0.321655273, 0.147443279, 0.910250527, 0.386898778, 0, 0, -0, 0, 0, 0, 0, 0.3784771, -0.107884717, -0.152796777, 0.140371296, 0.363798886, -0.920747114, 0.630371094, -0.74987793, -0.200195312, -0.76331242, -0.552278374, -0.334649793, 0, 1, 1, 1, 
138.131465, 11, 0.1, 0.1, 0.00643349871, 0.367882144, -0.034970991, 0.909873407, 1.10347012e-005, 0.414885989, 0.414885989, -1.91663581e-005, -0.909873406, -2.0883277e-006, 1, -2.20171025e-005, 0.909873479, -7.58889845e-006, 0.414885831, 0.414885831, -1.78026258e-005, -0.909873479, 1.42909946e-005, 1, -1.30496107e-005, 0, 0, 0, 0, 0, 0, 0, 0.32618501, -0.173228491, -0.197476538, -0.286368666, 0.413599937, -0.864177658, -0.946655273, 0.0167236328, 0.321655273, 0.147443279, 0.910250527, 0.386898778, 0, 0, -0, 0, 0, 0, 0, 0.378645898, -0.108521729, -0.153228369, 0.139310765, 0.364654894, -0.920491551, 0.631591797, -0.748657227, -0.200927734, -0.762564688, -0.553415831, -0.334745675, 0, 1, 1, 1, 
138.132191, 11, 0.1, 0.1, 0.00643348523, 0.367882165, -0.0349721497, 0.909873014, -5.19143507e-006, 0.414886849, 0.414886849, 1.56126524e-005, -0.909873014, -1.75393747e-006, 1, 1.63593892e-005, 0.909873094, 1.15268558e-005, 0.414886675, 0.414886675, 4.4223508e-006, -0.909873094, -1.23227504e-005, 1, -7.58560875e-007, 0, 0, 0, 0, 0, 0, 0, 0.32618501, -0.173228491, -0.197476538, -0.286368666, 0.413599937, -0.864177658, -0.946655273, 0.0167236328, 0.321655273, 0.147443279, 0.910250527, 0.386898778, 0, 0, -0, 0, 0, 0, 0, 0.378645898, -0.108521729, -0.153228369, 0.139310765, 0.364654894, -0.920491551, 0.631591797, -0.748657227, -0.200927734, -0.762564688, -0.553415831, -0.334745675, 0, 1, 1, 1, 
138.132897, 11, 0.1, 0.1, 0.00643348812, 0.36788218, -0.0349722036, 0.909872581, -2.26114047e-005, 0.414887798, 0.414887798, 4.55004907e-006, -0.909872582, 1.86857373e-005, 1, 1.35211608e-005, 0.909872668, -3.3386418e-005, 0.414887607, 0.414887608, 1.20686892e-005, -0.909872668, 2.53702396e-005, 0.999999999, 2.48325815e-005, 0, 0, 0, 0, 0, 0, 0, 0.32618501, -0.173228491, -0.197476538, -0.286368666, 0.413599937, -0.864177658, -0.946655273, 0.0167236328, 0.321655273, 0.147443279, 0.910250527, 0.386898778, 0, 0, -0, 0, 0, 0, 0, 0.378645898, -0.108521729, -0.153228369, 0.139310765, 0.364654894, -0.920491551, 0.631591797, -0.748657227, -0.200927734, -0.762564688, -0.553415831, -0.334745675, 0, 1, 1, 1, 
138.133596, 11, 0.1, 0.1, 0.00643347444, 0.3678822, -0.0349713989, 0.909872124, 2.55513289e-005, 0.414888801, 0.414888801, 6.85117687e-007, -0.909872124, -2.35326895e-005, 1, -9.97759072e-006, 0.909872217, 2.89826638e-005, 0.414888597, 0.414888597, -4.10339121e-006, -0.909872217, -2.46680703e-005, 1, -1.57581384e-005, 0, 0, 0, 0, 0, 0, 0, 0.32618501, -0.173228491, -0.197476538, -0.286368666, 0.413599937, -0.864177658, -0.946655273, 0.0167236328, 0.321655273, 0.147443279, 0.910250527, 0.386898778, 0, 0, -0, 0, 0, 0, 0, 0.378645898, -0.108521729, -0.153228369, 0.139310765, 0.364654894, -0.920491551, 0.631591797, -0.748657227, -0.200927734, -0.762564688, -0.553415831, -0.334745675, 0, 1, 1, 1, 
138.134303, 11, 0.1, 0.1, 0.00643346972, 0.36788222, -0.0349700222, 0.909871624, -2.36601057e-005, 0.414889898, 0.414889897, -1.1744043e-005, -0.909871624, 2.64001436e-005, 1, -8.69232674e-007, 0.909871724, -2.00913361e-005, 0.414889679, 0.414889679, -9.70910131e-006, -0.909871724, 2.23087445e-005, 1, -4.98348768e-007, 0, 0, 0, 0, 0, 0, 0, 0.32618501, -0.173228491, -0.197476538, -0.286368666, 0.413599937, -0.864177658, -0.946655273, 0.0167236328, 0.321655273, 0.147443279, 0.910250527, 0.386898778, 0, 0, -0, 0, 0, 0, 0, 0.378645898, -0.108521729, -0.153228369, 0.139310765, 0.364654894, -0.920491551, 0.631591797, -0.748657227, -0.200927734, -0.762564688, -0.553415831, -0.334745675, 0, 1, 1, 1, 
138.135007, 11, 0.1, 0.1, 0.00643346271, 0.367882238, -0.0349685624, 0.909871159, 2.27669226e-005, 0.414890918, 0.414890918, 1.29948962e-005, -0.909871159, -2.61064307e-005, 1, 2.37789187e-006, 0.909871257, 1.42447361e-005, 0.414890703, 0.414890703, 3.33831427e-006, -0.909871257, -1.43459115e-005, 1, -2.87257238e-006, 0, 0, 0, 0, 0, 0, 0, 0.32618501, -0.173228491, -0.197476538, -0.286368666, 0.413599937, -0.864177658, -0.946655273, 0.0167236328, 0.321655273, 0.147443279, 0.910250527, 0.386898778, 0, 0, -0, 0, 0, 0, 0, 0.378645898, -0.108521729, -0.153228369, 0.139310765, 0.364654894, -0.920491551, 0.631591797, -0.748657227, -0.200927734, -0.762564688, -0.553415831, -0.334745675, 0, 1, 1, 1, 
138.135735, 11, 0.1, 0.1, 0.00643345008, 0.367882255, -0.0349673023, 0.909870724, -1.21424372e-005, 0.414891872, 0.414891872, -4.38764686e-006, -0.909870724, 1.28684471e-005, 1, 1.04560706e-006, 0.909870815, 6.39041496e-006, 0.414891673, 0.414891673, 4.64984851e-006, -0.909870815, -7.74363549e-006, 1, 1.5794315e-006, 0, 0, 0, 0, 0, 0, 0, 0.326553003, -0.173622729, -0.19764436, -0.287822588, 0.414646852, -0.863186909, -0.946411133, 0.0142822266, 0.322387695, 0.146066862, 0.909837528, 0.388472146, 0, 0, -0, 0, 0, 0, 0, 0.378645898, -0.108521729, -0.153228369, 0.137336623, 0.366667316, -0.920101827, 0.633544922, -0.746459961, -0.202880859, -0.761299266, -0.555045457, -0.334950199, 0, 1, 1, 1, 
138.136431, 11, 0.1, 0.1, 0.00643344974, 0.367882277, -0.0349666581, 0.909870324, -8.3441163e-006, 0.414892748, 0.414892749, 1.74115213e-006, -0.909870324, 6.86967241e-006, 1, 5.046136e-006, 0.909870399, -1.85832159e-005, 0.414892584, 0.414892584, -8.80275001e-006, -0.9098704, 2.05605137e-005, 1, -2.99323221e-007, 0, 0, 0, 0, 0, 0, 0, 0.326553003, -0.173622729, -0.19764436, -0.287822588, 0.414646852, -0.863186909, -0.946411133, 0.0142822266, 0.322387695, 0.146066862, 0.909837528, 0.388472146, 0, 0, -0, 0, 0, 0, 0, 0.378988379, -0.108646094, -0.153653369, 0.137336623, 0.366667316, -0.920101827, 0.633544922, -0.746459961, -0.202880859, -0.761299266, -0.555045457, -0.334950199, 0, 1, 1, 1, 
138.137291, 11, 0.1, 0.1, 0.00643343274, 0.367882294, -0.03496615, 0.909869959, 1.35106498e-005, 0.414893549, 0.414893548, 9.88555007e-006, -0.90986996, -1.63943853e-005, 1, 3.3890836e-006, 0.909870055, 2.38522055e-005, 0.414893338, 0.414893337, 1.6280148e-005, -0.909870056, -2.84569325e-005, 1, 4.91669797e-006, 0, 0, 0, 0, 0, 0, 0, 0.326553003, -0.173622729, -0.19764436, -0.287822588, 0.414646852, -0.863186909, -0.946411133, 0.0142822266, 0.322387695, 0.146066862, 0.909837528, 0.388472146, 0, 0, -0, 0, 0, 0, 0, 0.378988379, -0.108646094, -0.153653369, 0.137336623, 0.366667316, -0.920101827, 0.633544922, -0.746459961, -0.202880859, -0.761299266, -0.555045457, -0.334950199, 0, 1, 1, 1, 
138.13814, 11, 0.1, 0.1, 0.00643342731, 0.367882318, -0.0349631875, 0.909869623, -1.65085126e-006, 0.414894286, 0.414894286, 1.52181527e-005, -0.909869623, -4.8118652e-006, 1, 1.45314637e-005, 0.909869665, -1.16473561e-005, 0.414894195, 0.414894195, 5.41407631e-006, -0.909869665, 8.35130713e-006, 1, 9.75852421e-006, 0, 0, 0, 0, 0, 0, 0, 0.326553003, -0.173622729, -0.19764436, -0.287822588, 0.414646852, -0.863186909, -0.946411133, 0.0142822266, 0.322387695, 0.146066862, 0.909837528, 0.388472146, 0, 0, -0, 0, 0, 0, 0, 0.378988379, -0.108646094, -0.153653369, 0.137336623, 0.366667316, -0.920101827, 0.633544922, -0.746459961, -0.202880859, -0.761299266, -0.555045457, -0.334950199, 0, 1, 1, 1, 
138.138839, 11, 0.1, 0.1, 0.00643341959, 0.367882338, -0.0349626238, 0.909869488, -7.75950595e-006, 0.414894582, 0.414894581, -2.50195082e-005, -0.909869488, 1.74405961e-005, 1, -1.95451102e-005, 0.909869505, -1.87687062e-006, 0.414894546, 0.414894546, -2.19589044e-005, -0.909869505, 1.0818337e-005, 1, -1.92010341e-005, 0, 0, 0, 0, 0, 0, 0, 0.326553003, -0.173622729, -0.19764436, -0.287822588, 0.414646852, -0.863186909, -0.946411133, 0.0142822266, 0.322387695, 0.146066862, 0.909837528, 0.388472146, 0, 0, -0, 0, 0, 0, 0, 0.378988379, -0.108646094, -0.153653369, 0.137336623, 0.366667316, -0.920101827, 0.633544922, -0.746459961, -0.202880859, -0.761299266, -0.555045457, -0.334950199, 0, 1, 1, 1, 
138.139535, 11, 0.1, 0.1, 0.00643341296, 0.367882356, -0.0349641195, 0.909869467, 9.37056623e-006, 0.41489463, 0.41489463, 2.16756666e-006, -0.909869467, -9.42530386e-006, 1, -1.91559488e-006, 0.909869463, 6.74630155e-006, 0.414894637, 0.414894637, 8.62456334e-006, -0.909869463, -9.71653885e-006, 1, 5.04822248e-006, 0, 0, 0, 0, 0, 0, 0, 0.326553003, -0.173622729, -0.19764436, -0.287822588, 0.414646852, -0.863186909, -0.946411133, 0.0142822266, 0.322387695, 0.146066862, 0.909837528, 0.388472146, 0, 0, -0, 0, 0, 0, 0, 0.378988379, -0.108646094, -0.153653369, 0.137336623, 0.366667316, -0.920101827, 0.633544922, -0.746459961, -0.202880859, -0.761299266, -0.555045457, -0.334950199, 0, 1, 1, 1, 
138.140255, 11, 0.1, 0.1, 0.00643340886, 0.367882375, -0.0349671337, 0.909869493, -5.7594189e-006, 0.414894573, 0.414894573, -6.92401385e-006, -0.909869493, 8.11305532e-006, 1, -3.91039733e-006, 0.909869492, -1.24900475e-005, 0.414894574, 0.414894574, -9.66250834e-006, -0.909869492, 1.53732354e-005, 1, -3.60956863e-006, 0, 0, 0, 0, 0, 0, 0, 0.326553003, -0.173622729, -0.19764436, -0.290330539, 0.415814334, -0.861878642, -0.946044922, 0.0103759766, 0.323608398, 0.143497876, 0.909405433, 0.390489591, 0, 0, -0, 0, 0, 0, 0, 0.378988379, -0.108646094, -0.153653369, 0.137336623, 0.366667316, -0.920101827, 0.633544922, -0.746459961, -0.202880859, -0.761299266, -0.555045457, -0.334950199, 0, 1, 1, 1, 
138.140971, 11, 0.1, 0.1, 0.00643339998, 0.367882392, -0.0349703055, 0.909869506, -4.73513355e-006, 0.414894544, 0.414894544, -1.15407311e-006, -0.909869506, 4.78717226e-006, 1, 9.14525141e-007, 0.909869499, 7.02491172e-006, 0.414894559, 0.414894559, -1.51794461e-006, -0.909869499, -5.76196595e-006, 1, -4.29572915e-006, 0, 0, 0, 0, 0, 0, 0, 0.327086743, -0.17356438, -0.198241089, -0.290330539, 0.415814334, -0.861878642, -0.946044922, 0.0103759766, 0.323608398, 0.143497876, 0.909405433, 0.390489591, 0, 0, -0, 0, 0, 0, 0, 0.379497705, -0.108792188, -0.154291357, 0.13449991, 0.368475213, -0.919788661, 0.635742187, -0.744018555, -0.205078125, -0.760001761, -0.557064808, -0.334426313, 0, 1, 1, 1, 
138.141668, 11, 0.1, 0.1, 0.00643339345, 0.36788241, -0.034972922, 0.909869513, 9.90486634e-006, 0.414894527, 0.414894527, 5.90486827e-006, -0.909869513, -1.14620334e-005, 1, 1.26318478e-006, 0.909869513, 5.52428202e-006, 0.414894529, 0.414894529, 3.67914261e-006, -0.909869513, -6.55283193e-006, 1, 1.05554531e-006, 0, 0, 0, 0, 0, 0, 0, 0.327086743, -0.17356438, -0.198241089, -0.290330539, 0.415814334, -0.861878642, -0.946044922, 0.0103759766, 0.323608398, 0.143497876, 0.909405433, 0.390489591, 0, 0, -0, 0, 0, 0, 0, 0.379497705, -0.108792188, -0.154291357, 0.13449991, 0.368475213, -0.919788661, 0.635742187, -0.744018555, -0.205078125, -0.760001761, -0.557064808, -0.334426313, 0, 1, 1, 1, 
138.14237, 11, 0.1, 0.1, 0.00643338676, 0.367882427, -0.0349743466, 0.909869531, -6.09326436e-006, 0.414894488, 0.414894488, -4.82463242e-006, -0.909869531, 7.54578899e-006, 1, -1.86172425e-006, 0.909869529, -8.13718367e-006, 0.414894493, 0.414894493, -1.14685496e-006, -0.909869529, 7.87959928e-006, 1, 2.33258431e-006, 0, 0, 0, 0, 0, 0, 0, 0.327086743, -0.17356438, -0.198241089, -0.290330539, 0.415814334, -0.861878642, -0.946044922, 0.0103759766, 0.323608398, 0.143497876, 0.909405433, 0.390489591, 0, 0, -0, 0, 0, 0, 0, 0.379497705, -0.108792188, -0.154291357, 0.13449991, 0.368475213, -0.919788661, 0.635742187, -0.744018555, -0.205078125, -0.760001761, -0.557064808, -0.334426313, 0, 1, 1, 1, 
138.143081, 11, 0.1, 0.1, 0.00643337834, 0.367882442, -0.0349741922, 0.909869536, 4.05190249e-006, 0.414894477, 0.414894477, 2.17527353e-006, -0.909869536, -4.58921161e-006, 1, 2.98103152e-007, 0.909869532, 9.54961346e-006, 0.414894486, 0.414894486, 4.04607319e-006, -0.909869532, -1.03675958e-005, 1, -2.80683248e-007, 0, 0, 0, 0, 0, 0, 0, 0.327086743, -0.17356438, -0.198241089, -0.290330539, 0.415814334, -0.861878642, -0.946044922, 0.0103759766, 0.323608398, 0.143497876, 0.909405433, 0.390489591, 0, 0, -0, 0, 0, 0, 0, 0.379497705, -0.108792188, -0.154291357, 0.134161591, 0.369797504, -0.919296858, 0.638183594, -0.741943359, -0.205200195, -0.757950694, -0.559135199, -0.335602049, 0, 1, 1, 1, 
138.143782, 11, 0.1, 0.1, 0.0064333732, 0.36788246, -0.0349725354, 0.909869563, 6.28300472e-006, 0.414894419, 0.414894419, 3.45507194e-007, -0.909869563, -5.86006376e-006, 1, -2.29241711e-006, 0.909869553, -4.82695581e-006, 0.41489444, 0.41489444, 3.0851963e-007, -0.909869553, 4.26389705e-006, 1, 2.28338975e-006, 0, 0, 0, 0, 0, 0, 0, 0.327086743, -0.17356438, -0.198241089, -0.290330539, 0.415814334, -0.861878642, -0.946044922, 0.0103759766, 0.323608398, 0.143497876, 0.909405433, 0.390489591, 0, 0, -0, 0, 0, 0, 0, 0.379964941, -0.108971484, -0.153613818, 0.134161591, 0.369797504, -0.919296858, 0.638183594, -0.741943359, -0.205200195, -0.757950694, -0.559135199, -0.335602049, 0, 1, 1, 1, 
138.144483, 11, 0.1, 0.1, 0.00643336647, 0.367882476, -0.0349700687, 0.909869579, -1.06039899e-005, 0.414894383, 0.414894383, -6.20655437e-006, -0.909869579, 1.22233124e-005, 1, -1.24761917e-006, 0.909869577, -5.78872442e-006, 0.414894387, 0.414894387, -4.27450222e-006, -0.909869577, 7.04045122e-006, 1, -1.48753026e-006, 0, 0, 0, 0, 0, 0, 0, 0.327086743, -0.17356438, -0.198241089, -0.290330539, 0.415814334, -0.861878642, -0.946044922, 0.0103759766, 0.323608398, 0.143497876, 0.909405433, 0.390489591, 0, 0, -0, 0, 0, 0, 0, 0.379964941, -0.108971484, -0.153613818, 0.134161591, 0.369797504, -0.919296858, 0.638183594, -0.741943359, -0.205200195, -0.757950694, -0.559135199, -0.335602049, 0, 1, 1, 1, 
138.14518, 11, 0.1, 0.1, 0.00643335966, 0.367882491, -0.0349676336, 0.909869609, 8.35333969e-006, 0.414894317, 0.414894317, 8.41850524e-006, -0.909869609, -1.10932399e-005, 1, 4.1939889e-006, 0.909869605, 1.13039098e-005, 0.414894326, 0.414894326, 3.59528168e-006, -0.909869605, -1.17767459e-005, 1, -1.41869052e-006, 0, 0, 0, 0, 0, 0, 0, 0.327086743, -0.17356438, -0.198241089, -0.290330539, 0.415814334, -0.861878642, -0.946044922, 0.0103759766, 0.323608398, 0.143497876, 0.909405433, 0.390489591, 0, 0, -0, 0, 0, 0, 0, 0.379964941, -0.108971484, -0.153613818, 0.134161591, 0.369797504, -0.919296858, 0.638183594, -0.741943359, -0.205200195, -0.757950694, -0.559135199, -0.335602049, 0, 1, 1, 1, 
138.145892, 11, 0.1, 0.1, 0.00643335578, 0.367882508, -0.0349657323, 0.909869618, -6.60138723e-006, 0.414894298, 0.414894298, -6.18535871e-007, -0.909869618, 6.26302868e-006, 1, 2.17609093e-006, 0.909869612, -1.32389277e-005, 0.41489431, 0.41489431, -3.00786785e-006, -0.909869612, 1.32936453e-005, 1, 2.75598823e-006, 0, 0, 0, 0, 0, 0, 0, 0.327676147, -0.173558276, -0.197984766, -0.291709199, 0.415934901, -0.861306883, -0.946044922, 0.00646972656, 0.323608398, 0.14025566, 0.909386337, 0.391758545, 0, 0, -0, 0, 0, 0, 0, 0.379964941, -0.108971484, -0.153613818, 0.134161591, 0.369797504, -0.919296858, 0.638183594, -0.741943359, -0.205200195, -0.757950694, -0.559135199, -0.335602049, 0, 1, 1, 1, 
138.14659, 11, 0.1, 0.1, 0.00643334731, 0.367882523, -0.0349651089, 0.909869638, -8.22185356e-006, 0.414894254, 0.414894254, 2.31566865e-006, -0.909869638, 6.5200573e-006, 1, 5.5181564e-006, 0.909869635, 5.60086854e-006, 0.414894261, 0.414894261, 2.54645286e-006, -0.909869635, -6.15256889e-006, 1, -6.82808012e-009, 0, 0, 0, 0, 0, 0, 0, 0.327676147, -0.173558276, -0.197984766, -0.291709199, 0.415934901, -0.861306883, -0.946044922, 0.00646972656, 0.323608398, 0.14025566, 0.909386337, 0.391758545, 0, 0, -0, 0, 0, 0, 0, 0.379964941, -0.108971484, -0.153613818, 0.134161591, 0.369797504, -0.919296858, 0.638183594, -0.741943359, -0.205200195, -0.757950694, -0.559135199, -0.335602049, 0, 1, 1, 1, 
138.147291, 11, 0.1, 0.1, 0.00643334182, 0.367882539, -0.0349658134, 0.909869619, 1.15266963e-005, 0.414894296, 0.414894296, 8.3793362e-006, -0.909869619, -1.39643296e-005, 1, 2.84174289e-006, 0.909869624, 5.80526046e-006, 0.414894286, 0.414894286, 6.25987868e-006, -0.909869624, -7.87921804e-006, 1, 3.28710407e-006, 0, 0, 0, 0, 0, 0, 0, 0.327676147, -0.173558276, -0.197984766, -0.291709199, 0.415934901, -0.861306883, -0.946044922, 0.00646972656, 0.323608398, 0.14025566, 0.909386337, 0.391758545, 0, 0, -0, 0, 0, 0, 0, 0.379964941, -0.108971484, -0.153613818, 0.134161591, 0.369797504, -0.919296858, 0.638183594, -0.741943359, -0.205200195, -0.757950694, -0.559135199, -0.335602049, 0, 1, 1, 1, 
138.148018, 11, 0.1, 0.1, 0.00643333609, 0.367882555, -0.0349674451, 0.909869619, -9.66353385e-006, 0.414894295, 0.414894295, -8.32942855e-006, -0.909869619, 1.22483883e-005, 1, -3.56934891e-006, 0.909869621, -1.24891986e-005, 0.414894292, 0.414894292, -3.18874474e-006, -0.909869621, 1.26865344e-005, 1, 2.28035526e-006, 0, 0, 0, 0, 0, 0, 0, 0.328467798, -0.173535205, -0.197941553, -0.293487753, 0.416398075, -0.86055727, -0.946044922, 0.00231933593, 0.323852539, 0.136829598, 0.909189386, 0.393370105, 0, 0, -0, 0, 0, 0, 0, 0.380353809, -0.109115625, -0.15358916, 0.132941379, 0.371407441, -0.918747453, 0.639892578, -0.740112305, -0.206542969, -0.756851516, -0.5604389, -0.336158018, 0, 1, 1, 1, 
138.14872, 11, 0.1, 0.1, 0.00643332809, 0.36788257, -0.03496933, 0.909869602, 6.17258825e-006, 0.414894332, 0.414894332, -6.40907042e-007, -0.909869602, -5.35034172e-006, 1, -3.14411371e-006, 0.909869602, 1.15963722e-005, 0.414894333, 0.414894333, 1.62358523e-006, -0.909869602, -1.12248028e-005, 1, -3.33401824e-006, 0, 0, 0, 0, 0, 0, 0, 0.328467798, -0.173535205, -0.197941553, -0.293487753, 0.416398075, -0.86055727, -0.946044922, 0.00231933593, 0.323852539, 0.136829598, 0.909189386, 0.393370105, 0, 0, -0, 0, 0, 0, 0, 0.380353809, -0.109115625, -0.15358916, 0.132941379, 0.371407441, -0.918747453, 0.639892578, -0.740112305, -0.206542969, -0.756851516, -0.5604389, -0.336158018, 0, 1, 1, 1, 
138.149428, 11, 0.1, 0.1, 0.00643332421, 0.367882586, -0.0349710102, 0.909869596, 2.94558294e-006, 0.414894345, 0.414894345, 5.42930247e-006, -0.909869596, -4.93268325e-006, 1, 3.71785154e-006, 0.909869602, -4.54069713e-006, 0.414894333, 0.414894333, -3.87379295e-006, -0.909869602, 5.73865703e-006, 1, -1.64073694e-006, 0, 0, 0, 0, 0, 0, 0, 0.328467798, -0.173535205, -0.197941553, -0.293487753, 0.416398075, -0.86055727, -0.946044922, 0.00231933593, 0.323852539, 0.136829598, 0.909189386, 0.393370105, 0, 0, -0, 0, 0, 0, 0, 0.380353809, -0.109115625, -0.15358916, 0.132941379, 0.371407441, -0.918747453, 0.639892578, -0.740112305, -0.206542969, -0.756851516, -0.5604389, -0.336158018, 0, 1, 1, 1, 
138.150131, 11, 0.1, 0.1, 0.00643331812, 0.3678826, -0.0349721133, 0.909869596, -1.18457105e-005, 0.414894346, 0.414894346, 3.4321286e-007, -0.909869596, 1.06356547e-005, 1, 5.22699724e-006, 0.909869595, -7.45221176e-006, 0.414894348, 0.414894348, 2.0869891e-006, -0.909869595, 5.91466091e-006, 1, 4.99076847e-006, 0, 0, 0, 0, 0, 0, 0, 0.328467798, -0.173535205, -0.197941553, -0.293487753, 0.416398075, -0.86055727, -0.946044922, 0.00231933593, 0.323852539, 0.136829598, 0.909189386, 0.393370105, 0, 0, -0, 0, 0, 0, 0, 0.380353809, -0.109115625, -0.15358916, 0.132941379, 0.371407441, -0.918747453, 0.639892578, -0.740112305, -0.206542969, -0.756851516, -0.5604389, -0.336158018, 0, 1, 1, 1, 
138.15083, 11, 0.1, 0.1, 0.00643331041, 0.367882617, -0.034972322, 0.909869562, 1.16052092e-005, 0.41489442, 0.41489442, 3.50458108e-007, -0.909869562, -1.07046298e-005, 1, -4.4960654e-006, 0.909869575, 1.44112033e-005, 0.414894393, 0.414894393, -5.49523411e-006, -0.909869575, -1.08323736e-005, 1, -1.09790738e-005, 0, 0, 0, 0, 0, 0, 0, 0.328467798, -0.173535205, -0.197941553, -0.293487753, 0.416398075, -0.86055727, -0.946044922, 0.00231933593, 0.323852539, 0.136829598, 0.909189386, 0.393370105, 0, 0, -0, 0, 0, 0, 0, 0.380353809, -0.109115625, -0.15358916, 0.132941379, 0.371407441, -0.918747453, 0.639892578, -0.740112305, -0.206542969, -0.756851516, -0.5604389, -0.336158018, 0, 1, 1, 1, 
138.15153, 11, 0.1, 0.1, 0.00643330699, 0.36788263, -0.0349716579, 0.909869456, -1.97042448e-006, 0.414894653, 0.414894653, -3.09480697e-006, -0.909869456, 3.07684792e-006, 1, -1.99835175e-006, 0.90986948, -1.12040391e-005, 0.4148946, 0.4148946, 3.42796327e-006, -0.90986948, 8.77196976e-006, 1, 7.76749447e-006, 0, 0, 0, 0, 0, 0, 0, 0.328467798, -0.173535205, -0.197941553, -0.293487753, 0.416398075, -0.86055727, -0.946044922, 0.00231933593, 0.323852539, 0.136829598, 0.909189386, 0.393370105, 0, 0, -0, 0, 0, 0, 0, 0.380353809, -0.109115625, -0.15358916, 0.132941379, 0.371407441, -0.918747453, 0.639892578, -0.740112305, -0.206542969, -0.756851516, -0.5604389, -0.336158018, 0, 1, 1, 1, 
138.152263, 11, 0.1, 0.1, 0.00643329847, 0.367882645, -0.0349700966, 0.909869281, -4.08160867e-006, 0.414895038, 0.414895038, -5.23341311e-006, -0.909869281, 5.88504747e-006, 1, -3.06828264e-006, 0.909869317, 4.02895189e-006, 0.414894958, 0.414894958, 3.76358601e-006, -0.909869317, -5.22731256e-006, 1, 1.75277961e-006, 0, 0, 0, 0, 0, 0, 0, 0.328467798, -0.173535205, -0.197941553, -0.293487753, 0.416398075, -0.86055727, -0.946044922, 0.00231933593, 0.323852539, 0.136829598, 0.909189386, 0.393370105, 0, 0, -0, 0, 0, 0, 0, 0.380353809, -0.109115625, -0.15358916, 0.132941379, 0.371407441, -0.918747453, 0.639892578, -0.740112305, -0.206542969, -0.756851516, -0.5604389, -0.336158018, 0, 1, 1, 1, 
138.152996, 11, 0.1, 0.1, 0.00643329313, 0.36788266, -0.034967955, 0.909869135, 1.22830824e-005, 0.414895357, 0.414895357, 4.0347753e-006, -0.909869135, -1.28500071e-005, 1, -1.42507635e-006, 0.90986916, 7.41910062e-006, 0.414895301, 0.414895301, 1.45880528e-006, -0.90986916, -7.35566231e-006, 1, -1.75082806e-006, 0, 0, 0, 0, 0, 0, 0, 0.328915137, -0.17418186, -0.19747688, -0.293374299, 0.416861249, -0.860264838, -0.946289062, 0.000610351558, 0.322998047, 0.135204933, 0.908992434, 0.394436116, 0, 0, -0, 0, 0, 0, 0, 0.380589014, -0.109684277, -0.153126563, 0.13285206, 0.373036701, -0.918134248, 0.640869141, -0.739013672, -0.207519531, -0.756001705, -0.560758629, -0.337320995, 0, 1, 1, 1, 
138.153699, 11, 0.1, 0.1, 0.0064332888, 0.367882674, -0.0349663664, 0.909868996, -1.34237973e-005, 0.414895661, 0.414895661, -1.08904493e-006, -0.909868996, 1.2665737e-005, 1, 4.57858704e-006, 0.909869021, -1.14223816e-005, 0.414895606, 0.414895606, -6.77210019e-006, -0.909869021, 1.32025858e-005, 1, -1.42262823e-006, 0, 0, 0, 0, 0, 0, 0, 0.328915137, -0.17418186, -0.19747688, -0.293374299, 0.416861249, -0.860264838, -0.946289062, 0.000610351558, 0.322998047, 0.135204933, 0.908992434, 0.394436116, 0, 0, -0, 0, 0, 0, 0, 0.380589014, -0.109684277, -0.153126563, 0.13285206, 0.373036701, -0.918134248, 0.640869141, -0.739013672, -0.207519531, -0.756001705, -0.560758629, -0.337320995, 0, 1, 1, 1, 
138.154401, 11, 0.1, 0.1, 0.00643328146, 0.367882687, -0.0349657621, 0.909868892, 3.340798e-006, 0.41489589, 0.41489589, 5.05324937e-006, -0.909868892, -5.13626057e-006, 1, 3.21171105e-006, 0.909868916, 9.42173832e-006, 0.414895838, 0.414895838, 8.30442607e-006, -0.909868916, -1.20180186e-005, 1, 3.64689913e-006, 0, 0, 0, 0, 0, 0, 0, 0.328915137, -0.17418186, -0.19747688, -0.293374299, 0.416861249, -0.860264838, -0.946289062, 0.000610351558, 0.322998047, 0.135204933, 0.908992434, 0.394436116, 0, 0, -0, 0, 0, 0, 0, 0.380589014, -0.109684277, -0.153126563, 0.13285206, 0.373036701, -0.918134248, 0.640869141, -0.739013672, -0.207519531, -0.756001705, -0.560758629, -0.337320995, 0, 1, 1, 1, 
138.155112, 11, 0.1, 0.1, 0.00643327787, 0.367882703, -0.0349662212, 0.909868792, 7.79335094e-006, 0.41489611, 0.41489611, -2.13002776e-006, -0.909868792, -6.20718658e-006, 1, -5.17147677e-006, 0.909868806, -6.3337606e-006, 0.414896079, 0.414896079, -1.41707102e-006, -0.909868806, 6.35082841e-006, 1, 1.33850373e-006, 0, 0, 0, 0, 0, 0, 0, 0.328915137, -0.17418186, -0.19747688, -0.293374299, 0.416861249, -0.860264838, -0.946289062, 0.000610351558, 0.322998047, 0.135204933, 0.908992434, 0.394436116, 0, 0, -0, 0, 0, 0, 0, 0.380589014, -0.109684277, -0.153126563, 0.13285206, 0.373036701, -0.918134248, 0.640869141, -0.739013672, -0.207519531, -0.756001705, -0.560758629, -0.337320995, 0, 1, 1, 1, 
138.155812, 11, 0.1, 0.1, 0.0064332727, 0.367882715, -0.0349675335, 0.909868687, -1.68700736e-005, 0.414896338, 0.414896338, 7.21775924e-006, -0.909868687, 1.23549299e-005, 1, 1.35665449e-005, 0.909868715, -1.22972604e-005, 0.414896278, 0.414896278, 1.11846105e-005, -0.909868715, 6.54843928e-006, 1, 1.52786148e-005, 0, 0, 0, 0, 0, 0, 0, 0.328915137, -0.17418186, -0.19747688, -0.293374299, 0.416861249, -0.860264838, -0.946289062, 0.000610351558, 0.322998047, 0.135204933, 0.908992434, 0.394436116, 0, 0, -0, 0, 0, 0, 0, 0.380589014, -0.109684277, -0.153126563, 0.13285206, 0.373036701, -0.918134248, 0.640869141, -0.739013672, -0.207519531, -0.756001705, -0.560758629, -0.337320995, 0, 1, 1, 1, 
138.156512, 11, 0.1, 0.1, 0.00643326574, 0.36788273, -0.0349693001, 0.909868508, 1.30067146e-005, 0.414896732, 0.414896732, -3.98700304e-006, -0.909868508, -1.01802055e-005, 1, -9.02409189e-006, 0.909868548, 1.53549083e-005, 0.414896644, 0.414896644, -8.58486379e-006, -0.909868548, -1.0409117e-005, 1, -1.41817975e-005, 0, 0, 0, 0, 0, 0, 0, 0.328915137, -0.17418186, -0.19747688, -0.293374299, 0.416861249, -0.860264838, -0.946289062, 0.000610351558, 0.322998047, 0.135204933, 0.908992434, 0.394436116, 0, 0, -0, 0, 0, 0, 0, 0.380589014, -0.109684277, -0.153126563, 0.13285206, 0.373036701, -0.918134248, 0.640869141, -0.739013672, -0.207519531, -0.756001705, -0.560758629, -0.337320995, 0, 1, 1, 1, 
138.157216, 11, 0.1, 0.1, 0.00643326262, 0.367882744, -0.0349709939, 0.909868273, -4.34714725e-006, 0.414897247, 0.414897247, -3.31679665e-006, -0.909868273, 5.33146116e-006, 1, -1.21422862e-006, 0.909868323, -9.91741278e-006, 0.414897137, 0.414897137, -5.23700278e-006, -0.909868323, 1.11963572e-005, 1, -6.50276764e-007, 0, 0, 0, 0, 0, 0, 0, 0.328915137, -0.17418186, -0.19747688, -0.293374299, 0.416861249, -0.860264838, -0.946289062, 0.000610351558, 0.322998047, 0.135204933, 0.908992434, 0.394436116, 0, 0, -0, 0, 0, 0, 0, 0.380589014, -0.109684277, -0.153126563, 0.13285206, 0.373036701, -0.918134248, 0.640869141, -0.739013672, -0.207519531, -0.756001705, -0.560758629, -0.337320995, 0, 1, 1, 1, 
138.157943, 11, 0.1, 0.1, 0.00643325509, 0.367882757, -0.0349718398, 0.909868042, -4.81267929e-006, 0.414897754, 0.414897754, 1.45064434e-007, -0.909868042, 4.31871618e-006, 1, 2.12875932e-006, 0.90986808, 6.74993749e-006, 0.414897671, 0.414897671, 2.09843485e-007, -0.90986808, -6.22861623e-006, 1, -2.60960345e-006, 0, 0, 0, 0, 0, 0, 0, 0.328806128, -0.174348096, -0.19762981, -0.295431058, 0.418009635, -0.858994763, -0.945800781, -0.001953125, 0.32434082, 0.133923997, 0.908439772, 0.396212426, 0, 0, -0, 0, 0, 0, 0, 0.380258105, -0.110018213, -0.153095068, 0.131088638, 0.374947044, -0.917635882, 0.641723633, -0.737548828, -0.209594727, -0.755573335, -0.561417043, -0.337391357, 0, 1, 1, 1, 
138.158643, 11, 0.1, 0.1, 0.00643324996, 0.367882771, -0.034971837, 0.909867842, 1.0002261e-005, 0.414898192, 0.414898192, 5.83900319e-006, -0.909867842, -1.15233275e-005, 1, 1.16280121e-006, 0.909867881, 5.66204493e-006, 0.414898107, 0.414898107, 3.98279923e-006, -0.909867881, -6.80416868e-006, 1, 1.27464937e-006, 0, 0, 0, 0, 0, 0, 0, 0.328806128, -0.174348096, -0.19762981, -0.295431058, 0.418009635, -0.858994763, -0.945800781, -0.001953125, 0.32434082, 0.133923997, 0.908439772, 0.396212426, 0, 0, -0, 0, 0, 0, 0, 0.380258105, -0.110018213, -0.153095068, 0.131088638, 0.374947044, -0.917635882, 0.641723633, -0.737548828, -0.209594727, -0.755573335, -0.561417043, -0.337391357, 0, 1, 1, 1, 
138.159346, 11, 0.1, 0.1, 0.0064332452, 0.367882785, -0.0349710973, 0.90986768, -8.19912966e-006, 0.414898548, 0.414898548, -7.54139755e-006, -0.90986768, 1.0589038e-005, 1, -3.45986689e-006, 0.909867711, -1.05984085e-005, 0.414898479, 0.414898479, -3.20279815e-006, -0.909867711, 1.09719857e-005, 1, 1.48314092e-006, 0, 0, 0, 0, 0, 0, 0, 0.328806128, -0.174348096, -0.19762981, -0.295431058, 0.418009635, -0.858994763, -0.945800781, -0.001953125, 0.32434082, 0.133923997, 0.908439772, 0.396212426, 0, 0, -0, 0, 0, 0, 0, 0.380258105, -0.110018213, -0.153095068, 0.131088638, 0.374947044, -0.917635882, 0.641723633, -0.737548828, -0.209594727, -0.755573335, -0.561417043, -0.337391357, 0, 1, 1, 1, 
138.160076, 11, 0.1, 0.1, 0.00643323796, 0.367882798, -0.0349697108, 0.909867519, 4.23555795e-006, 0.414898901, 0.414898901, -1.98446258e-007, -0.909867519, -3.77146147e-006, 1, -1.93788815e-006, 0.909867547, 1.06773431e-005, 0.41489884, 0.41489884, 2.15473869e-006, -0.909867547, -1.06089666e-005, 1, -2.46949047e-006, 0, 0, 0, 0, 0, 0, 0, 0.329144458, -0.17407395, -0.1977875, -0.297374364, 0.419037454, -0.857826159, -0.945678711, -0.00598144532, 0.324951172, 0.131018396, 0.907906205, 0.398128401, 0, 0, -0, 0, 0, 0, 0, 0.380258105, -0.110018213, -0.153095068, 0.129600103, 0.376799784, -0.917086476, 0.643554687, -0.735595703, -0.211303711, -0.754256873, -0.562695224, -0.337947326, 0, 1, 1, 1, 
138.160778, 11, 0.1, 0.1, 0.00643323547, 0.367882811, -0.034968151, 0.90986739, 2.52398634e-006, 0.414899184, 0.414899184, 7.64285243e-006, -0.90986739, -5.4675061e-006, 1, 5.90678232e-006, 0.909867418, -5.67898282e-006, 0.414899121, 0.414899121, -2.85770802e-006, -0.909867418, 6.35278198e-006, 1, -2.43930434e-007, 0, 0, 0, 0, 0, 0, 0, 0.329144458, -0.17407395, -0.1977875, -0.297374364, 0.419037454, -0.857826159, -0.945678711, -0.00598144532, 0.324951172, 0.131018396, 0.907906205, 0.398128401, 0, 0, -0, 0, 0, 0, 0, 0.380410547, -0.10992251, -0.152847168, 0.129600103, 0.376799784, -0.917086476, 0.643554687, -0.735595703, -0.211303711, -0.754256873, -0.562695224, -0.337947326, 0, 1, 1, 1, 
138.16148, 11, 0.1, 0.1, 0.0064332291, 0.367882825, -0.0349670632, 0.909867296, -6.53988162e-006, 0.414899389, 0.414899389, -1.72098312e-005, -0.909867296, 1.30907729e-005, 1, -1.29452697e-005, 0.909867306, -6.35884117e-007, 0.414899367, 0.414899367, -1.65198655e-005, -0.909867306, 7.43265192e-006, 1, -1.47670576e-005, 0, 0, 0, 0, 0, 0, 0, 0.329144458, -0.17407395, -0.1977875, -0.297374364, 0.419037454, -0.857826159, -0.945678711, -0.00598144532, 0.324951172, 0.131018396, 0.907906205, 0.398128401, 0, 0, -0, 0, 0, 0, 0, 0.380410547, -0.10992251, -0.152847168, 0.129600103, 0.376799784, -0.917086476, 0.643554687, -0.735595703, -0.211303711, -0.754256873, -0.562695224, -0.337947326, 0, 1, 1, 1, 
138.162182, 11, 0.1, 0.1, 0.00643322421, 0.367882835, -0.0349667322, 0.909867303, 8.6599862e-006, 0.414899374, 0.414899374, 1.28286771e-005, -0.909867303, -1.32020484e-005, 1, 8.07937097e-006, 0.909867295, 6.16814505e-006, 0.414899392, 0.414899392, 1.84270815e-005, -0.909867295, -1.32575784e-005, 1, 1.42070392e-005, 0, 0, 0, 0, 0, 0, 0, 0.329144458, -0.17407395, -0.1977875, -0.297374364, 0.419037454, -0.857826159, -0.945678711, -0.00598144532, 0.324951172, 0.131018396, 0.907906205, 0.398128401, 0, 0, -0, 0, 0, 0, 0, 0.380410547, -0.10992251, -0.152847168, 0.129600103, 0.376799784, -0.917086476, 0.643554687, -0.735595703, -0.211303711, -0.754256873, -0.562695224, -0.337947326, 0, 1, 1, 1, 
138.162878, 11, 0.1, 0.1, 0.00643322028, 0.367882849, -0.0349672264, 0.909867394, -7.22338598e-006, 0.414899174, 0.414899174, 7.59340277e-006, -0.909867394, 3.42182684e-006, 1, 9.90596647e-006, 0.909867372, -8.29866673e-006, 0.414899224, 0.414899224, -5.98725126e-006, -0.909867372, 1.0034792e-005, 1, -2.00449418e-006, 0, 0, 0, 0, 0, 0, 0, 0.329144458, -0.17407395, -0.1977875, -0.297374364, 0.419037454, -0.857826159, -0.945678711, -0.00598144532, 0.324951172, 0.131018396, 0.907906205, 0.398128401, 0, 0, -0, 0, 0, 0, 0, 0.380410547, -0.10992251, -0.152847168, 0.129600103, 0.376799784, -0.917086476, 0.643554687, -0.735595703, -0.211303711, -0.754256873, -0.562695224, -0.337947326, 0, 1, 1, 1, 
138.16358, 11, 0.1, 0.1, 0.00643321327, 0.367882859, -0.0349683499, 0.909867567, 1.57140462e-006, 0.414898796, 0.414898796, -9.77370186e-006, -0.909867567, 2.62532703e-006, 1, -9.54474822e-006, 0.909867526, 9.51943814e-006, 0.414898885, 0.414898885, 2.51298033e-007, -0.909867526, -8.7656909e-006, 1, -3.72095635e-006, 0, 0, 0, 0, 0, 0, 0, 0.329144458, -0.17407395, -0.1977875, -0.297374364, 0.419037454, -0.857826159, -0.945678711, -0.00598144532, 0.324951172, 0.131018396, 0.907906205, 0.398128401, 0, 0, -0, 0, 0, 0, 0, 0.380410547, -0.10992251, -0.152847168, 0.129600103, 0.376799784, -0.917086476, 0.643554687, -0.735595703, -0.211303711, -0.754256873, -0.562695224, -0.337947326, 0, 1, 1, 1, 
138.16428, 11, 0.1, 0.1, 0.00643320866, 0.36788287, -0.0349697403, 0.9098678, 7.86687536e-006, 0.414898285, 0.414898285, 1.570964e-005, -0.9098678, -1.36757193e-005, 1, 1.10297425e-005, 0.909867748, 2.83812629e-006, 0.414898398, 0.414898397, 1.44240156e-005, -0.909867748, -8.56682052e-006, 1, 1.19464125e-005, 0, 0, 0, 0, 0, 0, 0, 0.329144458, -0.17407395, -0.1977875, -0.297374364, 0.419037454, -0.857826159, -0.945678711, -0.00598144532, 0.324951172, 0.131018396, 0.907906205, 0.398128401, 0, 0, -0, 0, 0, 0, 0, 0.380410547, -0.10992251, -0.152847168, 0.129600103, 0.376799784, -0.917086476, 0.643554687, -0.735595703, -0.211303711, -0.754256873, -0.562695224, -0.337947326, 0, 1, 1, 1, 
138.165008, 11, 0.1, 0.1, 0.00643320325, 0.367882885, -0.034970773, 0.909868094, -7.66298197e-006, 0.41489764, 0.41489764, -1.00362154e-005, -0.909868094, 1.11363049e-005, 1, -5.95227907e-006, 0.909868033, -5.0887266e-006, 0.414897774, 0.414897773, -1.53527265e-005, -0.909868033, 1.09998817e-005, 1, -1.18576537e-005, 0, 0, 0, 0, 0, 0, 0, 0.329488159, -0.174027808, -0.197729395, -0.299241285, 0.419963801, -0.856797218, -0.94543457, -0.00939941407, 0.325561523, 0.128595064, 0.907512303, 0.399942903, 0, 0, -0, 0, 0, 0, 0, 0.380331445, -0.109821924, -0.152597559, 0.127990166, 0.378799446, -0.916549831, 0.645507812, -0.733398438, -0.213012695, -0.752953172, -0.564203449, -0.338381893, 0, 1, 1, 1, 
138.165728, 11, 0.1, 0.1, 0.00643319768, 0.367882895, -0.0349709986, 0.90986843, 5.20598952e-006, 0.414896902, 0.414896902, -4.55084748e-006, -0.90986843, -2.84863299e-006, 1, -6.30062138e-006, 0.909868364, 6.48626429e-006, 0.414897048, 0.414897048, 7.36133082e-006, -0.909868364, -8.9558411e-006, 1, 4.00671013e-006, 0, 0, 0, 0, 0, 0, 0, 0.329488159, -0.174027808, -0.197729395, -0.299241285, 0.419963801, -0.856797218, -0.94543457, -0.00939941407, 0.325561523, 0.128595064, 0.907512303, 0.399942903, 0, 0, -0, 0, 0, 0, 0, 0.380331445, -0.109821924, -0.152597559, 0.127990166, 0.378799446, -0.916549831, 0.645507812, -0.733398438, -0.213012695, -0.752953172, -0.564203449, -0.338381893, 0, 1, 1, 1, 
138.166428, 11, 0.1, 0.1, 0.00643319528, 0.367882909, -0.0349706431, 0.909868796, -1.87736689e-006, 0.414896101, 0.414896101, 1.21659299e-005, -0.909868796, -3.33943933e-006, 1, 1.18483122e-005, 0.909868719, -9.55141735e-006, 0.414896269, 0.414896269, 3.04663932e-006, -0.909868719, 7.42649658e-006, 1, 6.73488923e-006, 0, 0, 0, 0, 0, 0, 0, 0.329488159, -0.174027808, -0.197729395, -0.299241285, 0.419963801, -0.856797218, -0.94543457, -0.00939941407, 0.325561523, 0.128595064, 0.907512303, 0.399942903, 0, 0, -0, 0, 0, 0, 0, 0.380331445, -0.109821924, -0.152597559, 0.127990166, 0.378799446, -0.916549831, 0.645507812, -0.733398438, -0.213012695, -0.752953172, -0.564203449, -0.338381893, 0, 1, 1, 1, 
138.167137, 11, 0.1, 0.1, 0.00643319042, 0.367882921, -0.034969908, 0.909869202, -7.92040191e-006, 0.414895211, 0.414895211, -1.43741262e-005, -0.909869202, 1.31702859e-005, 1, -9.79243791e-006, 0.909869119, -3.20434874e-006, 0.414895392, 0.414895392, -1.30515493e-005, -0.909869119, 8.33056562e-006, 1, -1.05457321e-005, 0, 0, 0, 0, 0, 0, 0, 0.329488159, -0.174027808, -0.197729395, -0.299241285, 0.419963801, -0.856797218, -0.94543457, -0.00939941407, 0.325561523, 0.128595064, 0.907512303, 0.399942903, 0, 0, -0, 0, 0, 0, 0, 0.380331445, -0.109821924, -0.152597559, 0.127990166, 0.378799446, -0.916549831, 0.645507812, -0.733398438, -0.213012695, -0.752953172, -0.564203449, -0.338381893, 0, 1, 1, 1, 
